years
 1991 1992 1993 1994 1995 1996 1997 1998 1999 2000 2001 2002 2003 2004 2005 2006 2007 2008 2009 2010 2011 2012 2013 2014 2015 2016 2017 2018 2019 2020 2021 2022 2023
reclasobs
 0 0 0 0 0 0 0 0 0 252601 567819 844713 477998 351125 339783 2.1784e+06 2.13404e+06 4.81314e+06 1.55562e+06 2.62356e+06 3.21686e+06 3.843e+06 1.13348e+06 3.07943e+06 1.97215e+06 2.03268e+06 2.025e+06 2.42433e+06 2.27542e+06 1.05018e+06 2.36338e+06 3.18982e+06 1.53035e+06
reclaspred
 2.99761e+06 1.65653e+06 878886 957784 1.01368e+06 1.51965e+06 965186 914344 675732 513448 621526 773018 593192 259610 608039 1.29804e+06 1.27232e+06 2.22356e+06 1.89816e+06 1.8045e+06 3.34522e+06 2.68405e+06 2.15916e+06 3.10395e+06 2.42494e+06 2.19021e+06 2.53693e+06 2.79331e+06 2.45981e+06 1.89247e+06 1.72597e+06 1.69522e+06 1.64816e+06
pelacesobs
 0 0 0 0 0 0 0 0 0 0 0 0 0 0 0 552880 188675 0 991730 2.46772e+06 1.41603e+06 1.21717e+06 2.29649e+06 1.80582e+06 0 1.4828e+06 1.56532e+06 1.57751e+06 1.42118e+06 867257 1.10002e+06 1.06204e+06 0
pelacespred
 1.6164e+06 990631 515959 465968 518422 808691 478688 558531 402052 291283 359684 380793 310042 126382 351443 622840 606977 1.19304e+06 1.05322e+06 892855 1.70844e+06 1.48646e+06 1.19595e+06 1.87431e+06 1.40143e+06 1.25961e+06 1.68003e+06 1.66254e+06 1.31633e+06 1.16227e+06 948957 930662 911470
mphobs
 0 0 0 0 0 0 0 0 0 0 0 0 498337 0 5186 125008 0 168611 109162 213762 579715 649985 157893 87575 83554 210694 70296 0 107559 103333 445601 22526 28222
mphpred
 554447 371693 182528 107827 129433 152550 188773 121427 112597 80614 55958.1 91803 100869 55141.2 19068.3 71623.4 183942 175154 246437 321226 451955 554808 107955 92101.2 126412 105082 91566.9 98658.8 139551 111033 73249 75970.3 51665.7
desembarqueobs
 494567 514787 250237 358949 120608 361735 552515 73892 212993 205616 52469 317467 293654 387597 252695 516296 358380 742168 942051 627588 828172 859565 418607 520667 417249 300574 415391 372974 316634 284311 391294 218835 356480
desembarquepred
 494571 513411 250956 358997 120615 361770 552610 73897.2 213053 205671 52471.3 317508 293868 388162 252668 516256 358422 742111 941809 627411 828280 859641 418645 520730 417246 300591 415415 372967 316620 284286 391319 218857 356506
Reclutas
 196691 98718.3 129917 198648 169626 252369 109834 57736.2 51117.7 68419.5 140711 160955 77667.1 41373.2 135366 449655 105315 521751 413412 430925 510893 644477 140409 381725 377567 153602 345017 418327 168504 156760 195834 108674 260654
log_desv_Rt
 0.0729182 -0.616447 -0.341822 0.0828156 -0.0751215 0.322174 -0.509747 -1.15283 -1.27459 -0.983059 -0.262009 -0.127594 -0.856286 -1.48608 -0.300738 0.899763 -0.551765 1.04847 0.815727 0.857218 1.02744 1.25972 -0.264158 0.735984 0.725032 -0.174349 0.634876 0.827546 -0.0817604 -0.154001 0.0685527 -0.520361 0.354476
SSB
 2.96908e+06 1.99043e+06 977442 577417 693117 816913 1.01088e+06 650244 602962 431690 299657 491608 516672 288250 98831.9 371880 985015 937957 1.36101e+06 1.10883e+06 1.59643e+06 2.04645e+06 1.92043e+06 1.58333e+06 2.04523e+06 1.79713e+06 1.48215e+06 1.54078e+06 2.25375e+06 1.69463e+06 1.26404e+06 1.34289e+06 848546
BT
 4.04191e+06 2.72662e+06 1.40489e+06 1.34004e+06 1.25372e+06 2.11147e+06 1.57652e+06 1.31023e+06 1.11326e+06 848656 850204 1.11826e+06 957801 684576 1.03527e+06 1.82509e+06 1.63938e+06 3.31517e+06 3.27146e+06 2.55131e+06 4.46171e+06 4.15033e+06 3.03698e+06 4.66699e+06 3.52664e+06 3.07673e+06 4.17464e+06 4.07354e+06 3.20078e+06 2.86752e+06 2.48337e+06 2.26002e+06 2.35418e+06
Ftot
 0.152945 0.277568 0.269879 0.425067 0.128387 0.278292 0.547354 0.0850529 0.330837 0.419514 0.109951 0.462168 0.498536 1.44565 0.653604 0.57451 0.287592 0.423561 0.566294 0.4172 0.287491 0.361291 0.190263 0.203716 0.184851 0.139495 0.197634 0.170916 0.123059 0.15169 0.25316 0.130343 0.265099
BD_Bspro_t
 0.97602 0.83805 0.676281 0.607766 0.623479 0.701299 0.677693 0.532643 0.602908 0.567023 0.545807 0.732797 0.618489 0.42039 0.213664 0.489576 0.612632 0.580065 0.609509 0.531355 0.569769 0.623197 0.640091 0.635697 0.721011 0.741576 0.745495 0.771114 0.820309 0.779356 0.745057 0.740219 0.736665
BD_Bspro
 2.25378 1.5109 0.741959 0.438307 0.526133 0.620104 0.767344 0.493589 0.457698 0.327689 0.227465 0.373171 0.392197 0.218805 0.0750216 0.282288 0.747707 0.711986 1.03312 0.841696 1.21182 1.55342 1.45777 1.20188 1.5525 1.36417 1.12508 1.16958 1.71078 1.28636 0.95951 1.01936 0.644116
BD_Bo
 2.41169 1.61676 0.793944 0.469017 0.562996 0.663551 0.821108 0.528172 0.489766 0.350648 0.243402 0.399317 0.419676 0.234136 0.0802779 0.302066 0.800095 0.761871 1.1055 0.900669 1.29673 1.66226 1.5599 1.28609 1.66127 1.45975 1.20391 1.25152 1.83065 1.37649 1.02674 1.09078 0.689246
BD_Brms
 2.58237 1.73118 0.850135 0.502212 0.602842 0.710514 0.879222 0.565553 0.524429 0.375465 0.260628 0.427579 0.449378 0.250707 0.0859596 0.323445 0.856722 0.815793 1.18374 0.964413 1.38851 1.77991 1.67031 1.37711 1.77885 1.56306 1.28911 1.3401 1.96021 1.47391 1.0994 1.16798 0.738027
Sel_flota
 0.463869 0.942658 0.996809 0.999832 0.999991
 0.463869 0.942658 0.996809 0.999832 0.999991
 0.463869 0.942658 0.996809 0.999832 0.999991
 0.463869 0.942658 0.996809 0.999832 0.999991
 0.463869 0.942658 0.996809 0.999832 0.999991
 0.463869 0.942658 0.996809 0.999832 0.999991
 0.463869 0.942658 0.996809 0.999832 0.999991
 0.463869 0.942658 0.996809 0.999832 0.999991
 0.463869 0.942658 0.996809 0.999832 0.999991
 0.463869 0.942658 0.996809 0.999832 0.999991
 0.463869 0.942658 0.996809 0.999832 0.999991
 0.463869 0.942658 0.996809 0.999832 0.999991
 0.463869 0.942658 0.996809 0.999832 0.999991
 0.463869 0.942658 0.996809 0.999832 0.999991
 0.463869 0.942658 0.996809 0.999832 0.999991
 0.463869 0.942658 0.996809 0.999832 0.999991
 0.463869 0.942658 0.996809 0.999832 0.999991
 0.463869 0.942658 0.996809 0.999832 0.999991
 0.463869 0.942658 0.996809 0.999832 0.999991
 0.463869 0.942658 0.996809 0.999832 0.999991
 0.463869 0.942658 0.996809 0.999832 0.999991
 0.463869 0.942658 0.996809 0.999832 0.999991
 0.463869 0.942658 0.996809 0.999832 0.999991
 0.463869 0.942658 0.996809 0.999832 0.999991
 0.463869 0.942658 0.996809 0.999832 0.999991
 0.463869 0.942658 0.996809 0.999832 0.999991
 0.463869 0.942658 0.996809 0.999832 0.999991
 0.463869 0.942658 0.996809 0.999832 0.999991
 0.463869 0.942658 0.996809 0.999832 0.999991
 0.463869 0.942658 0.996809 0.999832 0.999991
 0.463869 0.942658 0.996809 0.999832 0.999991
 0.463869 0.942658 0.996809 0.999832 0.999991
 0.463869 0.942658 0.996809 0.999832 0.999991
Sel_reclas
 1 1 1 1 1
 1 1 1 1 1
 1 1 1 1 1
 1 1 1 1 1
 1 1 1 1 1
 1 1 1 1 1
 1 1 1 1 1
 1 1 1 1 1
 1 1 1 1 1
 1 1 1 1 1
 1 1 1 1 1
 1 1 1 1 1
 1 1 1 1 1
 1 1 1 1 1
 1 1 1 1 1
 1 1 1 1 1
 1 1 1 1 1
 1 1 1 1 1
 1 1 1 1 1
 1 1 1 1 1
 1 1 1 1 1
 1 1 1 1 1
 1 1 1 1 1
 1 1 1 1 1
 1 1 1 1 1
 1 1 1 1 1
 1 1 1 1 1
 1 1 1 1 1
 1 1 1 1 1
 1 1 1 1 1
 1 1 1 1 1
 1 1 1 1 1
 1 1 1 1 1
Sel_pelaces
 1 1 1 1 1
 1 1 1 1 1
 1 1 1 1 1
 1 1 1 1 1
 1 1 1 1 1
 1 1 1 1 1
 1 1 1 1 1
 1 1 1 1 1
 1 1 1 1 1
 1 1 1 1 1
 1 1 1 1 1
 1 1 1 1 1
 1 1 1 1 1
 1 1 1 1 1
 1 1 1 1 1
 1 1 1 1 1
 1 1 1 1 1
 1 1 1 1 1
 1 1 1 1 1
 1 1 1 1 1
 1 1 1 1 1
 1 1 1 1 1
 1 1 1 1 1
 1 1 1 1 1
 1 1 1 1 1
 1 1 1 1 1
 1 1 1 1 1
 1 1 1 1 1
 1 1 1 1 1
 1 1 1 1 1
 1 1 1 1 1
 1 1 1 1 1
 1 1 1 1 1
pf_obs 
 0.8446 0.082 0.0669 0.0065 0
 0.8095 0.147 0.0364 0.0071 0
 0.9664 0.0169 0.016 0.0007 0
 0.9276 0.0648 0.0075 0.0001 0
 0.7033 0.2144 0.0806 0.0017 0
 0.9318 0.0425 0.0243 0.0014 0
 0.5671 0.3108 0.0964 0.0239 0.0018
 0.0768 0.2599 0.5324 0.112 0.0189
 0.490249 0.384438 0.106611 0.0170017 0.00170017
 0.7925 0.1577 0.0466 0.003 0.0002
 0.840416 0.127587 0.0312969 0.00059994 9.999e-05
 0.8084 0.0986 0.0794 0.0134 0.0002
 0.7335 0.1905 0.0724 0.0035 0.0001
 0.4001 0.4547 0.1325 0.0127 0
 0.49795 0.308269 0.164784 0.0264974 0.00249975
 0.9179 0.0499 0.0305 0.0017 0
 0.2467 0.6533 0.0926 0.0074 0
 0.9418 0.0223 0.034 0.0019 0
 0.707729 0.231977 0.0356964 0.0245975 0
 0.517169 0.277429 0.184464 0.0207286 0.00020938
 0.811772 0.124168 0.05621 0.00726502 0.000585176
 0.764997 0.148141 0.077277 0.00933861 0.000247198
 0.163321 0.427699 0.378323 0.0303852 0.000271297
 0.753843 0.0900009 0.118128 0.0371064 0.000921714
 0.721811 0.176058 0.0630433 0.0369309 0.00215725
 0.143369 0.312575 0.442814 0.0836902 0.0175525
 0.692698 0.0596174 0.167031 0.0765114 0.00414204
 0.394062 0.376323 0.152708 0.0712218 0.00568511
 0.125707 0.32114 0.495352 0.0537591 0.00404204
 0.23352 0.215282 0.420074 0.123614 0.00750983
 0.796117 0.104755 0.0508955 0.0450114 0.00322123
 0.162477 0.292055 0.404252 0.121198 0.0200186
 0 0 0 0 0
pf_pred 
 0.342136 0.125721 0.504119 0.0280227 1.07204e-06
 0.284849 0.374638 0.0681948 0.25802 0.014298
 0.493624 0.23402 0.147079 0.0251577 0.10012
 0.630274 0.250911 0.0567965 0.0335459 0.0284725
 0.530374 0.371737 0.067888 0.0143696 0.0156319
 0.608065 0.272839 0.0953968 0.0164519 0.00724729
 0.360538 0.491669 0.104835 0.034433 0.00852453
 0.342186 0.371225 0.223975 0.0444658 0.0181486
 0.402717 0.306834 0.167936 0.095811 0.0267024
 0.574428 0.254206 0.0908418 0.0466282 0.033896
 0.719494 0.210674 0.0428574 0.0143242 0.01265
 0.595687 0.339169 0.0496237 0.00953679 0.00598338
 0.402691 0.458658 0.117588 0.0160598 0.00500357
 0.409608 0.359863 0.179899 0.0429637 0.00766589
 0.869258 0.0901162 0.025797 0.0115871 0.00324164
 0.863011 0.128956 0.00566768 0.00150403 0.000860926
 0.287915 0.666087 0.0434821 0.00177722 0.000738581
 0.790806 0.0963946 0.10593 0.00649471 0.000374469
 0.562116 0.392333 0.0217585 0.0223491 0.0014439
 0.594597 0.303045 0.0924007 0.00476631 0.0051913
 0.60874 0.299282 0.0699054 0.0199329 0.00214
 0.613506 0.297014 0.069449 0.0152366 0.0047945
 0.217077 0.606994 0.137222 0.0300671 0.00864109
 0.600709 0.145349 0.199487 0.0425043 0.0119508
 0.534499 0.35453 0.0419581 0.0542517 0.0147608
 0.29988 0.492116 0.160684 0.0179278 0.029392
 0.608493 0.182661 0.14931 0.0460259 0.0135103
 0.5847 0.318117 0.046804 0.0360509 0.014328
 0.307397 0.514419 0.138378 0.0192028 0.0206028
 0.391185 0.28821 0.241607 0.0613939 0.0176042
 0.518511 0.275385 0.100594 0.0795752 0.0259357
 0.373513 0.436112 0.111804 0.0384145 0.0401563
 0.663172 0.184867 0.107647 0.0260594 0.0182547
pobs_RECLAS
 0 0 0 0 0
 0 0 0 0 0
 0 0 0 0 0
 0 0 0 0 0
 0 0 0 0 0
 0 0 0 0 0
 0 0 0 0 0
 0 0 0 0 0
 0 0 0 0 0
 0 0 0 0 0
 0.991045 0.00858322 0.000360255 1.14367e-05 0
 0.934742 0.0480273 0.0164251 0.00080598 0
 0.827803 0.169806 0.00239088 0 0
 0.941827 0.0461693 0.0120037 0 0
 0.791401 0.0380133 0.147996 0.0225897 0
 0.846168 0.0940531 0.0597789 0 0
 0.134021 0.677848 0.182769 0.00536245 0
 0.80878 0.0450904 0.141981 0.00414843 0
 0.846168 0.0940531 0.0597789 0 0
 0.905697 0.0802665 0.012482 0.00150086 5.37128e-05
 0.989698 0.0102097 9.19794e-05 0 0
 0.975433 0.0193895 0.00387452 0.00125025 5.28907e-05
 0.303575 0.632131 0.0575291 0.00676475 0
 0.966965 0.00978017 0.0227588 0.000495775 0
 0.843318 0.132988 0.00938335 0.0141283 0.000182051
 0.564624 0.303363 0.111486 0.0197234 0.00080311
 0.826376 0.0876187 0.0782897 0.00655872 0.00115652
 0.89761 0.0855135 0.0140674 0.00269457 0.000114338
 0.34875 0.467042 0.161289 0.0227151 0.000203297
 0.318654 0.224769 0.449479 0.00709798 0
 0.937255 0.0296025 0.0250945 0.00804832 0
 0.456809 0.399803 0.12412 0.0192676 0
 0.883104 0.0372192 0.0704036 0.00927362 0
ppred_RECLAS
 0.52688 0.0946424 0.358604 0.0198728 7.60131e-07
 0.457496 0.292287 0.0502365 0.189482 0.0104983
 0.674219 0.155333 0.0921837 0.0157189 0.0625458
 0.782938 0.150125 0.0320521 0.0188711 0.0160143
 0.700133 0.240158 0.0414495 0.00874664 0.00951344
 0.764685 0.166666 0.0550228 0.00945961 0.00416639
 0.544639 0.35493 0.0713078 0.0233454 0.00577859
 0.520856 0.277077 0.158026 0.0312774 0.0127638
 0.588828 0.21729 0.112251 0.0638411 0.0177895
 0.741513 0.158107 0.0532933 0.0272683 0.0198192
 0.841539 0.120694 0.0232065 0.00773262 0.0068277
 0.755788 0.20679 0.0285283 0.00546515 0.00342826
 0.58769 0.32091 0.0775531 0.0105581 0.00328889
 0.617658 0.239463 0.111594 0.0265489 0.0047361
 0.934566 0.0459556 0.0123835 0.00554394 0.00155072
 0.929841 0.0662736 0.00274385 0.000725775 0.000415372
 0.455286 0.511378 0.0315182 0.00128421 0.000533609
 0.890067 0.0522613 0.0541698 0.00331068 0.000190854
 0.730205 0.243235 0.0127083 0.013011 0.000840455
 0.755388 0.185523 0.0533576 0.00274363 0.00298777
 0.764583 0.182501 0.0402473 0.0114404 0.00122804
 0.768895 0.179976 0.0397116 0.00868504 0.00273247
 0.365258 0.498371 0.106439 0.0232504 0.00668095
 0.761852 0.0898899 0.116543 0.0247551 0.00695916
 0.704574 0.228102 0.0255045 0.0328758 0.00894339
 0.471007 0.378083 0.116663 0.0129764 0.0212708
 0.766613 0.112251 0.0866807 0.0266377 0.00781788
 0.744984 0.197967 0.02752 0.0211322 0.00839741
 0.479116 0.392488 0.0997828 0.0138045 0.0148086
 0.57521 0.207178 0.164117 0.0415753 0.0119194
 0.694147 0.179318 0.0618577 0.0487812 0.0158965
 0.553472 0.316236 0.0766179 0.0262445 0.02743
 0.806072 0.109225 0.0600578 0.0144938 0.0101513
pobs_PELACES
 0 0 0 0 0
 0 0 0 0 0
 0 0 0 0 0
 0 0 0 0 0
 0 0 0 0 0
 0 0 0 0 0
 0 0 0 0 0
 0 0 0 0 0
 0 0 0 0 0
 0 0 0 0 0
 0 0 0 0 0
 0 0 0 0 0
 0 0 0 0 0
 0 0 0 0 0
 0 0 0 0 0
 0 0 0 0 0
 0.505614 0.472636 0.0217494 0 0
 0 0 0 0 0
 0.443492 0.261883 0.143347 0.151278 0
 0.227955 0.32914 0.350689 0.0885471 0.00366901
 0.970185 0.0296113 0.000203453 0 0
 0.997202 0.00247181 0.000326279 0 0
 0.445219 0.490057 0.0546422 0.010081 0
 0.90214 0.0892962 0.00764917 0.000914606 0
 0 0 0 0 0
 0.581667 0.319106 0.0959925 0.00289975 0.000334073
 0.762889 0.0836404 0.116647 0.0363945 0.000428098
 0.88444 0.0763242 0.0277011 0.0115352 0
 0.521256 0.241999 0.230069 0.00667565 0
 0.616807 0.101726 0.260614 0.0208532 0
 0.833518 0.0704572 0.0857862 0.0102388 0
 0.697417 0.212968 0.0787535 0.0105354 0.000325836
 0 0 0 0 0
ppred_PELACES
 0.533445 0.0935339 0.353437 0.0195834 7.49057e-07
 0.468993 0.286776 0.0490454 0.184938 0.0102464
 0.684074 0.151024 0.0891955 0.0152053 0.0605012
 0.794527 0.142451 0.0301837 0.0177635 0.0150741
 0.704471 0.236793 0.0407752 0.00860324 0.0093574
 0.772762 0.161181 0.0529481 0.00910039 0.00400812
 0.566527 0.338607 0.0673664 0.022043 0.00545605
 0.52437 0.275224 0.15673 0.0310183 0.012658
 0.602105 0.210874 0.108294 0.0615704 0.0171564
 0.754565 0.150571 0.0503743 0.0257639 0.0187254
 0.843905 0.118949 0.0228261 0.00760502 0.00671499
 0.76924 0.195649 0.0267693 0.00512583 0.00321532
 0.60711 0.306403 0.0733905 0.0099864 0.00311074
 0.672106 0.207362 0.0941703 0.0223714 0.00399056
 0.940802 0.0417232 0.0111124 0.00497167 0.0013906
 0.935572 0.0608957 0.00249544 0.000659691 0.000377539
 0.466655 0.500863 0.0307119 0.001251 0.000519801
 0.896815 0.0492489 0.0506624 0.00309501 0.000178417
 0.747658 0.227733 0.0117786 0.0120523 0.000778504
 0.767684 0.176515 0.0503899 0.00258995 0.00282035
 0.772866 0.176286 0.0386775 0.010991 0.00117979
 0.779131 0.172253 0.037763 0.00825588 0.0025974
 0.372428 0.493106 0.104957 0.0229223 0.0065866
 0.768052 0.087751 0.113357 0.0240734 0.00676743
 0.710777 0.223487 0.024906 0.0320984 0.00873183
 0.476682 0.374297 0.115207 0.0128127 0.0210023
 0.77248 0.109633 0.0843604 0.0259196 0.00760703
 0.750212 0.194045 0.0268925 0.0206469 0.00820447
 0.484107 0.388941 0.0986637 0.013648 0.0146406
 0.581398 0.204448 0.161515 0.0409101 0.0117286
 0.702974 0.174478 0.0599164 0.0472383 0.0153935
 0.558727 0.312731 0.0755926 0.0258899 0.0270592
 0.812856 0.105626 0.0578044 0.0139463 0.00976771
pobs_pel_tallas
 0 0 0 0 0 0 0 0 0 0 0 0 0 0 0 0 0 0 0 0 0 0 0 0 0 0
 0 0 0 0 0 0 0 0 0 0 0 0 0 0 0 0 0 0 0 0 0 0 0 0 0 0
 0 0 0 0 0 0 0 0 0 0 0 0 0 0 0 0 0 0 0 0 0 0 0 0 0 0
 0 0 0 0 0 0 0 0 0 0 0 0 0 0 0 0 0 0 0 0 0 0 0 0 0 0
 0 0 0 0 0 0 0 0 0 0 0 0 0 0 0 0 0 0 0 0 0 0 0 0 0 0
 0 0 0 0 0 0 0 0 0 0 0 0 0 0 0 0 0 0 0 0 0 0 0 0 0 0
 0 0 0 0 0 0 0 0 0 0 0 0 0 0 0 0 0 0 0 0 0 0 0 0 0 0
 0 0 0 0 0 0 0 0 0 0 0 0 0 0 0 0 0 0 0 0 0 0 0 0 0 0
 0 0 0 0 0 0 0 0 0 0 0 0 0 0 0 0 0 0 0 0 0 0 0 0 0 0
 0 0 0 0 0 0 0 0 0 0 0 0 0 0 0 0 0 0 0 0 0 0 0 0 0 0
 0 0 0 0 0 0 0 0 0 0 0 0 0 0 0 0 0 0 0 0 0 0 0 0 0 0
 0 0 0 0 0 0 0 0 0 0 0 0 0 0 0 0 0 0 0 0 0 0 0 0 0 0
 0.00862536 0 0 0.000197151 0.00414017 0.0128641 0.00837892 0.0270097 0.101434 0.158115 0.152841 0.127902 0.109271 0.109419 0.0830992 0.0579132 0.0238553 0.00714673 0.00463305 0.00128148 0.00103504 0.000492878 0.000147863 0.000147863 4.92878e-05 0
 0 0 0 0 0 0 0 0 0 0 0 0 0 0 0 0 0 0 0 0 0 0 0 0 0 0
 0 0 0 0 0 0 0 0.0054083 0.00873648 0.0413646 0.0450493 0.0745869 0.0622846 0.0627006 0.0613931 0.0827291 0.12552 0.122667 0.0946155 0.0697135 0.0546179 0.0294188 0.0215738 0.0213955 0.0102223 0.00600262
 0 0 0 0 0.00359764 0.0251062 0.0480494 0.140153 0.205849 0.193036 0.1447 0.116669 0.0760912 0.0342217 0.00950174 0.001854 0.000860785 0 0 0 0.000165536 0 0.000143464 0 0 0
 0 0 0 0 0 0 0 0.000145254 0.000435761 0.0275982 0.070085 0.0708112 0.156366 0.174668 0.174014 0.160142 0.0824315 0.0480064 0.0283245 0.00493863 0.00203355 0 0 0 0 0
 0 0 0 0 0 0 0 0 0 0 0 0 0 0 0 0 0 0 0 0 0 0 0 0 0 0
 0 0 1.00437e-05 0.000401748 0.00122533 0.00171747 0.00176769 0.0269171 0.070346 0.194647 0.189555 0.159765 0.064822 0.0314167 0.0384472 0.0292271 0.0345202 0.0313363 0.0194345 0.0106764 0.0143323 0.0359363 0.0279516 0.0138201 0.00172751 0
 0 0.0021121 0.0136068 0.0755702 0.200478 0.177729 0.0527432 0.0373336 0.0318909 0.0142505 0.0149659 0.0166563 0.0217959 0.0798694 0.0677717 0.0528807 0.04013 0.0224614 0.0357745 0.0225083 0.00881397 0.00855152 0.00135912 0.000746735 0 0
 0 0 0 0 5.4009e-05 0.00500934 0.000945158 0.0243581 0.138947 0.33067 0.221406 0.137944 0.0707744 0.0437923 0.0131692 0.00525238 0.0047753 0.00276346 9.45158e-05 9.00151e-06 2.25038e-05 9.00151e-06 4.50075e-06 0 0 0
 0.000866109 0.00284123 0.00948549 0.0512746 0.133035 0.25785 0.225252 0.132002 0.0553304 0.0519788 0.0540692 0.017754 0.00435017 0.00159236 0.00146478 0.000404838 0.000125132 0.000115318 0.000107957 0.000100596 0 0 0 0 0 0
 0 0 0 0 0.00144013 0.00171154 0.00461396 0.0210425 0.0478622 0.0707936 0.0888783 0.103762 0.0637923 0.0337046 0.0602308 0.124433 0.169614 0.0934646 0.0462172 0.0250306 0.0313229 0.00938855 0.002487 0.000210481 0 0
 0 0.00764035 0.051015 0.0998891 0.058973 0.0496711 0.0374665 0.0718981 0.12319 0.153886 0.159021 0.0857701 0.0377988 0.023471 0.0147837 0.00900784 0.00315554 0.000888139 0.00291439 0.00214683 0.00393193 0.00274676 0.000635225 9.99891e-05 0 0
 0 0 0 0 0 0 0 0 0 0 0 0 0 0 0 0 0 0 0 0 0 0 0 0 0 0
 0 0 0 0 0 0 0 0 0 0 0 0 0 0 0 0 0 0 0 0 0 0 0 0 0 0
 0 0 0 0 0 0 0 0 0 0 0 0 0 0 0 0 0 0 0 0 0 0 0 0 0 0
 0 0 0 0 0 0 0 0 0 0 0 0 0 0 0 0 0 0 0 0 0 0 0 0 0 0
 0 0 0 0 0 0 0 0 0 0 0 0 0 0 0 0 0 0 0 0 0 0 0 0 0 0
 0 0 0 0 0 0 0 0 0 0 0 0 0 0 0 0 0 0 0 0 0 0 0 0 0 0
 0 0 0 0 0 0 0 0 0 0 0 0 0 0 0 0 0 0 0 0 0 0 0 0 0 0
 0 0 0 0 0 0 0 0 0 0 0 0 0 0 0 0 0 0 0 0 0 0 0 0 0 0
 0 0 0 0 0 0 0 0 0 0 0 0 0 0 0 0 0 0 0 0 0 0 0 0 0 0
ppred_pel_tallas
 1.12188e-16 4.39392e-05 0.000427105 0.00283826 0.0129023 0.040144 0.0855313 0.124837 0.124847 0.0855782 0.040303 0.0133683 0.00403329 0.0031199 0.00540376 0.00950317 0.0151697 0.0221581 0.0301302 0.0387434 0.0475227 0.0555478 0.0613383 0.0632658 0.0603514 0.0528914
 1.2177e-16 3.86304e-05 0.000375501 0.00249534 0.0113435 0.0352939 0.0751984 0.10976 0.109788 0.0753339 0.0357491 0.0126593 0.00580294 0.00761267 0.0138356 0.0229596 0.033447 0.0429296 0.0491077 0.0511426 0.0502399 0.0488104 0.0488239 0.0506153 0.052899 0.0537384
 1.14377e-16 5.63463e-05 0.000547706 0.0036397 0.0165456 0.0514795 0.109683 0.160089 0.160103 0.109755 0.0517208 0.0172442 0.00539949 0.00440968 0.00745154 0.0123912 0.0182309 0.0237591 0.0277948 0.0298524 0.0304202 0.0305449 0.0310531 0.0320344 0.0329084 0.0328865
 1.0524e-16 6.54442e-05 0.000636141 0.00422738 0.0192171 0.0597915 0.127393 0.185936 0.18595 0.12746 0.0600172 0.0198694 0.0058661 0.00421767 0.00688016 0.0113054 0.0163647 0.020768 0.0232576 0.0232829 0.0213325 0.0185881 0.0161785 0.014614 0.0137346 0.0130471
 1.03684e-16 5.80264e-05 0.000564037 0.00374823 0.0170389 0.0530145 0.112954 0.164864 0.164887 0.113065 0.0533892 0.0181214 0.00646607 0.00649931 0.0113367 0.0186674 0.0269268 0.0339501 0.0375703 0.036792 0.032376 0.0263035 0.020567 0.0162334 0.0133209 0.0112861
 1.03161e-16 6.36514e-05 0.000618715 0.00411158 0.0186906 0.0581536 0.123903 0.180843 0.180859 0.123979 0.0584095 0.0194304 0.00597072 0.00468499 0.00780903 0.0128686 0.0186705 0.0237689 0.0267265 0.0268689 0.0246544 0.0213004 0.0179891 0.0152884 0.0131355 0.0112018
 1.05165e-16 4.66642e-05 0.000453593 0.00301428 0.0137025 0.0426338 0.090837 0.132586 0.132619 0.0909967 0.04317 0.0152516 0.00690442 0.00895152 0.0162027 0.0267573 0.0386462 0.0488237 0.0542114 0.0533892 0.0474201 0.0390776 0.0311266 0.0250103 0.0207088 0.0174593
 1.09847e-16 4.31917e-05 0.000419839 0.00278998 0.0126829 0.0394612 0.0840773 0.122719 0.122746 0.0842079 0.0399004 0.013954 0.00598992 0.00743627 0.0134596 0.0224212 0.032852 0.0424821 0.0489971 0.0512966 0.0500467 0.0470049 0.0437117 0.0406465 0.0373727 0.0332816
 1.12258e-16 4.95946e-05 0.000482078 0.00320358 0.014563 0.045311 0.0965407 0.140908 0.140929 0.0966408 0.0456475 0.0155368 0.00565506 0.00585797 0.0103316 0.0171938 0.0252215 0.0326987 0.0379167 0.0401285 0.0399528 0.0388115 0.0378661 0.0373214 0.0365407 0.0346917
 1.07245e-16 6.21526e-05 0.000604145 0.00401476 0.0182505 0.0567842 0.120985 0.176585 0.176599 0.121056 0.0570235 0.0189424 0.00575426 0.00441114 0.00732116 0.0120822 0.0175847 0.0225163 0.0255926 0.0262544 0.024993 0.0229701 0.0212391 0.0201842 0.019517 0.0186726
 1.02589e-16 6.95113e-05 0.000675675 0.0044901 0.0204113 0.0635073 0.135309 0.197491 0.197502 0.135366 0.0636957 0.0209555 0.00585661 0.00366083 0.00574497 0.009404 0.0135797 0.0171629 0.0190757 0.0188296 0.0168117 0.0140093 0.0113994 0.00947982 0.00821589 0.00729669
 1.01881e-16 6.33614e-05 0.000615895 0.00409284 0.0186055 0.0578886 0.123339 0.18002 0.180039 0.123431 0.058198 0.019499 0.00633555 0.00551148 0.00936018 0.0153719 0.0221325 0.0278212 0.0306251 0.0297068 0.0256966 0.0202579 0.0150879 0.0111334 0.00847178 0.00669632
 1.03725e-16 5.00069e-05 0.000486085 0.0032302 0.0146841 0.0456877 0.0973436 0.142082 0.142112 0.0974882 0.0461732 0.0160869 0.00675376 0.00818534 0.0146936 0.0242676 0.0350813 0.0443797 0.0493734 0.0487532 0.0434306 0.0358489 0.0284535 0.0225383 0.0181393 0.014678
 1.0569e-16 5.53605e-05 0.000538124 0.00357602 0.0162561 0.0505788 0.107764 0.157289 0.157309 0.107863 0.050909 0.017211 0.00597804 0.00579888 0.0100968 0.0167363 0.0244126 0.031347 0.0357478 0.0367697 0.0349552 0.0317385 0.0284408 0.0255858 0.0229509 0.0200914
 1.01066e-16 7.74926e-05 0.000753256 0.00500565 0.022755 0.0707992 0.150845 0.220164 0.220168 0.150865 0.0708653 0.0229462 0.00548624 0.001804 0.00207784 0.00332513 0.00481266 0.0061166 0.00686283 0.00688276 0.00630623 0.00546233 0.0046674 0.0040682 0.00363322 0.00325045
 1.00218e-16 7.70618e-05 0.000749068 0.00497782 0.0226285 0.0704056 0.150007 0.21894 0.218946 0.150035 0.0705017 0.0229059 0.00567366 0.00226649 0.00295418 0.00474947 0.00680514 0.00849618 0.00924353 0.00878252 0.00732 0.00540181 0.00359719 0.00224197 0.00138672 0.000906915
 1.01228e-16 3.84378e-05 0.000373629 0.0024829 0.0112869 0.0351181 0.0748246 0.109219 0.109267 0.0750601 0.0359087 0.0135696 0.00820925 0.0128631 0.0237249 0.0390737 0.0560763 0.0700778 0.0763547 0.0727177 0.0608311 0.045128 0.0302339 0.0188825 0.0115111 0.00716707
 1.01816e-16 7.38695e-05 0.000718038 0.00477161 0.0216911 0.067489 0.143793 0.209871 0.209875 0.143816 0.0675683 0.021921 0.00535193 0.00199561 0.00253156 0.00414977 0.00615978 0.00813797 0.00969132 0.0106144 0.0109641 0.0109371 0.0106661 0.0101246 0.00920711 0.00788118
 1.01739e-16 6.15836e-05 0.000598615 0.00397801 0.0180835 0.0562645 0.119878 0.17497 0.174992 0.119985 0.056624 0.0191214 0.00658199 0.00627845 0.010835 0.0177798 0.0255253 0.0319316 0.0348673 0.0333624 0.0281987 0.0214047 0.0150687 0.0103814 0.00745724 0.00576975
 1.02237e-16 6.32332e-05 0.000614649 0.00408456 0.0185678 0.0577715 0.123089 0.179655 0.179672 0.123172 0.0580514 0.0193768 0.00611709 0.00505766 0.00851871 0.014028 0.0203054 0.0257478 0.0287538 0.0285654 0.0256861 0.0214842 0.017323 0.0139148 0.0112762 0.00910253
 1.02464e-16 6.366e-05 0.000618798 0.00411213 0.0186931 0.0581614 0.12392 0.180868 0.180885 0.124003 0.0584407 0.0195 0.00613856 0.00504626 0.00848319 0.0139524 0.0201603 0.0254936 0.0283489 0.0279824 0.0249339 0.0206261 0.0164762 0.0132221 0.0108584 0.00901258
 1.02402e-16 6.4176e-05 0.000623813 0.00414546 0.0188447 0.0586329 0.124924 0.182334 0.18235 0.125005 0.0589057 0.019633 0.00612538 0.0049495 0.00828975 0.01363 0.0196913 0.024894 0.027669 0.0272874 0.0242765 0.020029 0.0159359 0.012728 0.0104093 0.00862139
 1.06569e-16 3.06765e-05 0.000298187 0.00198156 0.00900791 0.0280272 0.0597167 0.0871682 0.0872158 0.0599492 0.0288081 0.0112643 0.00764819 0.0126777 0.0235685 0.0389854 0.0563215 0.0711696 0.0790399 0.0778425 0.0690907 0.0567859 0.044933 0.0356484 0.028963 0.0238577
 1.06854e-16 6.32634e-05 0.000614943 0.00408651 0.0185767 0.057799 0.123147 0.179739 0.179747 0.123189 0.0579412 0.0189895 0.00513081 0.00292123 0.00452144 0.0075793 0.0113912 0.01533 0.0187788 0.0214274 0.0233694 0.0248521 0.025912 0.0262449 0.0254201 0.023227
 1.05473e-16 5.85458e-05 0.000569086 0.00378178 0.0171914 0.053489 0.113965 0.166339 0.166361 0.11407 0.0538424 0.0182122 0.00634429 0.00616377 0.0106865 0.0175831 0.0253496 0.0319466 0.0353534 0.0346798 0.0307151 0.0253987 0.0206397 0.0173923 0.0155294 0.014338
 1.0826e-16 3.92637e-05 0.000381657 0.00253625 0.0115294 0.0358726 0.0764316 0.111562 0.111598 0.0766084 0.0364665 0.0132463 0.00685067 0.00981612 0.0180042 0.029826 0.0432508 0.0549956 0.0617219 0.0618725 0.0565449 0.0486269 0.0409347 0.0348433 0.0302135 0.0262273
 1.0635e-16 6.36282e-05 0.000618489 0.00411008 0.0186838 0.0581323 0.123857 0.180776 0.180787 0.12391 0.0583081 0.019193 0.00539395 0.00344009 0.00547807 0.00910215 0.0134506 0.0176424 0.0208144 0.0225645 0.0231349 0.0231212 0.0229573 0.0226236 0.0217694 0.0200684
 1.04285e-16 6.1794e-05 0.000600659 0.00399159 0.0181452 0.0564566 0.120287 0.175567 0.175586 0.120379 0.0567636 0.0190319 0.00621775 0.00546172 0.00929812 0.0152863 0.0220468 0.027801 0.030789 0.0302244 0.0267697 0.0220832 0.0178058 0.0147734 0.0129122 0.01166
 1.06793e-16 3.98753e-05 0.000387602 0.00257576 0.011709 0.0364314 0.0776222 0.1133 0.113337 0.0778058 0.0370479 0.0134906 0.00705111 0.0101686 0.0186487 0.0308532 0.0446429 0.0565621 0.0630992 0.0626191 0.0562943 0.0472181 0.0384556 0.0315786 0.026542 0.0225194
 1.10801e-16 4.7889e-05 0.000465498 0.0030934 0.0140622 0.0437527 0.0932206 0.136062 0.136082 0.093318 0.0440806 0.015012 0.00548831 0.00572911 0.010149 0.0169768 0.0250948 0.0329118 0.0388106 0.0420205 0.0429652 0.0427289 0.0421127 0.0411035 0.0391084 0.0356029
 1.09117e-16 5.79031e-05 0.000562839 0.00374026 0.0170027 0.0529018 0.112713 0.164512 0.164529 0.112796 0.0531792 0.017805 0.00575778 0.00497972 0.0084843 0.0140366 0.0204612 0.0262675 0.0299924 0.0310103 0.0298998 0.0279889 0.0264438 0.0256241 0.0251016 0.0241517
 1.09438e-16 4.60217e-05 0.000447347 0.00297278 0.0135138 0.0420467 0.0895862 0.13076 0.13079 0.0897338 0.0425425 0.0149466 0.00657212 0.00831484 0.015018 0.0248359 0.0359669 0.0456503 0.0511097 0.0510964 0.0466244 0.040229 0.0343604 0.0301752 0.0274356 0.0252254
 1.04747e-16 6.69539e-05 0.000650815 0.0043249 0.0196604 0.0611707 0.130331 0.190224 0.190234 0.130381 0.0613393 0.0201481 0.0055526 0.00334262 0.00521375 0.00860437 0.0126026 0.0163008 0.0188162 0.0197416 0.0193539 0.0183483 0.0173263 0.0164591 0.0155383 0.0142675
pSPR Fmed_Fpbrs
1   0.983903 0.6 0.325 0.983903 0.983903 0.983903
Fs Fmed_Fpbrs
0   0.01 0.360131 0.933043 0.01 0.01 0.01
SSBpbr Bo_Bmed_Bpbrs
1.23112e+06  1.16957e+06  1.14975e+06 677117 338559 1.14975e+06 1.14975e+06 1.14975e+06
Ro
182859
SPR SPRFo_SPRFmed_SPRFpbrs
1.31738e+06 1.31738e+06 1.29617e+06
Fref
0
Nvult_r0
 175860 26850.2 14955.1 3611.72 2529.71
CTP_r0
 19257.6 5368.28 3125.91 756.728 530.092
YTP_r0
356506
Np
 260654 95889.1 35275.6 12977.2 6530.31
Nvult_p0
 164765 60613.5 22298.5 8203.14 4127.94
CTP_p0
 0 0 0 0 0
 0 0 0 0 0
 0 0 0 0 0
 0 0 0 0 0
 0 0 0 0 0
 0 0 0 0 0
YTP_p0
 0 0 0 0 0 0
CBA_c0
0
log_Ro
11.9365
likeval ReclasPelacesDesembMPH_pf_preclas_ppelaces_ptallas_desvR_qrecl_qpela
 21.2714 17.1341 0.0927998 64.0207 239.021 138.53 112.265 0 23.4144 9.28681e-07 4.9069e-08 0.400046 2065.42 0 0
q_reclas_q_pelaces
0.872594 1.03182
M
1
N
 196691 36648.9 139440 7729.17 0.295643
 98718.3 67402.9 11672.2 44043.6 2440.3
 129917 31929 19087.6 3256.08 12956.3
 198648 42169.9 9107.62 5365.66 4553.55
 169626 60000.7 10391.8 2193.29 2385.59
 252369 58794 19557 3363.68 1481.53
 109834 81597.6 16638.3 5451.7 1349.5
 57736.2 31345.4 17918.5 3546.99 1447.47
 51117.7 20418.3 10642.9 6056.01 1687.57
 68419.5 16129.7 5498.99 2815.42 2046.38
 140711 20719.1 3995.65 1331.61 1175.79
 160955 49190.7 6871.7 1317.33 826.384
 77667.1 47786.2 11705.3 1594.75 496.794
 41373.2 22673 10987.8 2619.79 467.402
 135366 7783.78 2134.91 956.721 267.623
 449655 36774 1546.38 409.388 234.31
 105315 126720 7871.32 320.857 133.324
 521751 33904.5 35547.9 2173.96 125.329
 413412 157703 8366.82 8573.46 553.832
 430925 116951 34018 1750.3 1906.11
 510893 130635 29034.4 8256.67 886.315
 644477 164482 36649.6 8019.74 2523.23
 140409 200507 43044.2 9405.22 2702.61
 381725 47290.1 61651.3 13099.5 3682.58
 377567 127766 14357.4 18512.2 5036.05
 153602 127485 39486.2 4392.98 7201.03
 345017 52966.5 41120.5 12640.5 3709.89
 418327 115806 16173.3 12422.4 4936.42
 168504 142164 36263.1 5017.79 5382.79
 156760 58549.6 46571 11800.4 3383.17
 195834 53750.4 18669.3 14728.3 4799.66
 108674 64061 15575.6 5336.29 5577.4
 260654 37633.5 20841.9 5031.82 3524.31
pred_Ctot
 8564.92 3147.26 12619.9 701.511 0.026837
 7618.54 10020 1823.93 6900.97 382.412
 9762.74 4628.37 2908.89 497.562 1980.13
 22835.3 9090.69 2057.78 1215.39 1031.58
 6229.59 4366.29 797.389 168.781 183.607
 19524.6 8760.68 3063.13 528.262 232.706
 15893 21673.5 4621.29 1517.86 375.774
 1416.44 1536.64 927.115 184.061 75.124
 4655.04 3546.72 1941.19 1107.49 308.655
 7770.37 3438.67 1228.83 630.746 458.516
 4441.3 1300.45 264.551 88.4208 78.0857
 19978.6 11375.3 1664.32 319.852 200.675
 10329 11764.6 3016.13 411.935 128.342
 13483.1 11845.6 5921.74 1414.24 252.339
 22937.4 2377.92 680.713 305.751 85.538
 67952.2 10153.8 446.264 118.425 67.788
 8405.2 19445.3 1269.39 51.8829 21.5616
 59781.4 7287 8007.87 490.971 28.3082
 61675 43046.5 2387.32 2452.13 158.424
 48691.1 24816.1 7566.62 390.309 425.112
 40760.9 20039.7 4680.83 1334.69 143.293
 63725.9 30851.3 7213.78 1582.65 498.012
 7551.9 21116.8 4773.81 1046.01 300.616
 21926.5 5305.4 7281.47 1551.45 436.215
 19750.2 13100.2 1550.38 2004.64 545.423
 6116.14 10036.9 3277.21 365.643 599.458
 19248.6 5778.16 4723.14 1455.95 427.374
 20286.5 11037.3 1623.9 1250.81 497.121
 5937.58 9936.34 2672.87 370.914 397.956
 6771.71 4989.14 4182.4 1062.78 304.742
 13848.3 7354.94 2686.64 2125.29 692.687
 4050.39 4729.21 1212.4 416.568 435.456
 19257.6 5368.28 3125.91 756.728 530.092
F
 0.0709467 0.144175 0.152457 0.15292 0.152944
 0.128755 0.261651 0.276682 0.277521 0.277565
 0.125189 0.254404 0.269018 0.269834 0.269877
 0.197176 0.400693 0.423711 0.424996 0.425064
 0.059555 0.121025 0.127978 0.128366 0.128386
 0.129091 0.262335 0.277404 0.278246 0.27829
 0.253901 0.515967 0.545607 0.547261 0.547349
 0.0394534 0.0801757 0.0847814 0.0850385 0.0850521
 0.153465 0.311866 0.329781 0.330781 0.330834
 0.1946 0.395458 0.418175 0.419443 0.41951
 0.0510031 0.103647 0.109601 0.109933 0.10995
 0.214386 0.435666 0.460693 0.46209 0.462164
 0.231256 0.469949 0.496945 0.498452 0.498531
 0.670591 1.36275 1.44103 1.4454 1.44563
 0.303187 0.616125 0.651518 0.653494 0.653598
 0.266498 0.541566 0.572677 0.574413 0.574505
 0.133405 0.271101 0.286675 0.287544 0.28759
 0.196477 0.399273 0.42221 0.42349 0.423558
 0.262687 0.533821 0.564487 0.566199 0.566289
 0.193526 0.393277 0.415869 0.41713 0.417197
 0.133358 0.271006 0.286573 0.287443 0.287488
 0.167592 0.340574 0.360138 0.36123 0.361288
 0.0882572 0.179353 0.189656 0.190231 0.190261
 0.0944976 0.192034 0.203066 0.203682 0.203714
 0.0857466 0.174251 0.184261 0.18482 0.184849
 0.0647075 0.131496 0.13905 0.139472 0.139494
 0.0916765 0.186301 0.197003 0.197601 0.197632
 0.0792826 0.161115 0.17037 0.170887 0.170914
 0.0570831 0.116002 0.122666 0.123038 0.123057
 0.0703643 0.142992 0.151206 0.151664 0.151689
 0.117433 0.238643 0.252352 0.253117 0.253158
 0.0604622 0.122869 0.129927 0.130321 0.130342
 0.122971 0.249898 0.264253 0.265054 0.265097
YTP_r0W_actual
 145202 93676.5 75240.6 23700.7 18685.7
YTP_p0W_proyectada
 0 0 0 0 0
 0 0 0 0 0
 0 0 0 0 0
 0 0 0 0 0
 0 0 0 0 0
 0 0 0 0 0
CTP_r0_actual
 19257.6 5368.28 3125.91 756.728 530.092
CTP_p0_proyectada
 0 0 0 0 0
 0 0 0 0 0
 0 0 0 0 0
 0 0 0 0 0
 0 0 0 0 0
 0 0 0 0 0
Wmedp
 7.54 17.45 24.07 31.32 35.25
Frms_r0
 0.122971 0.249898 0.264253 0.265054 0.265097
Zrms_r0
 1.12297 1.2499 1.26425 1.26505 1.2651
nmprior
 7.29 8.9 8.7 0
nm_flota  nm_reclas  nm_pelaces    nm_pelaL
inf 10.4873 17.1977 53.6608
cv_recla  cv_pelaces  cv_mph
0.399419 0.453442 0.641531
 ------------------------------------------------
Talla a la edad & desviaci?n 
 8 13.2811 15.8009 17.003 17.5766
 0.8 1.32811 1.58009 1.7003 1.75766
