years
 1991 1992 1993 1994 1995 1996 1997 1998 1999 2000 2001 2002 2003 2004 2005 2006 2007 2008 2009 2010 2011 2012 2013 2014 2015 2016 2017 2018 2019 2020 2021 2022 2023
reclasobs
 0 0 0 0 0 0 0 0 0 252601 567819 844713 477998 351125 339783 2.1784e+06 2.13404e+06 4.81314e+06 1.55562e+06 2.62356e+06 3.21686e+06 3.843e+06 1.13348e+06 3.07943e+06 1.97215e+06 2.03268e+06 2.025e+06 2.42433e+06 2.27542e+06 1.05018e+06 2.36338e+06 3.18982e+06 1.53035e+06
reclaspred
 1.09029e+07 2.91825e+06 1.44697e+06 1.17611e+06 132148 1.10419e+07 1.12601e+07 7.28044e+06 3.28687e+06 229718 314873 1.40322e+06 952767 272605 609523 2.23034e+06 1.18708e+06 3.13296e+06 2.22491e+06 2.35771e+06 3.3345e+06 3.73861e+06 2.05044e+06 2.75712e+06 2.6623e+06 1.89211e+06 2.14644e+06 3.09374e+06 2.3176e+06 1.89874e+06 1.9623e+06 1.2978e+06 799701
pelacesobs
 0 0 0 0 0 0 0 0 0 0 0 0 0 0 0 552880 188675 0 991730 2.46772e+06 1.41603e+06 1.21717e+06 2.29649e+06 1.80582e+06 0 1.4828e+06 1.56532e+06 1.57751e+06 1.42118e+06 867257 1.10002e+06 1.06204e+06 0
pelacespred
 9.49764e+06 2.33146e+06 790032 459348 38603 6.95283e+06 8.40726e+06 6.88647e+06 3.10278e+06 96192.7 159550 663765 454382 80374.3 286512 1.01136e+06 528339 1.63602e+06 1.005e+06 998826 1.60893e+06 1.84005e+06 1.08895e+06 1.6416e+06 1.48241e+06 1.07256e+06 1.39626e+06 1.86046e+06 1.39136e+06 1.23045e+06 1.00441e+06 707352 333365
mphobs
 0 0 0 0 0 0 0 0 0 0 0 0 498337 0 5186 125008 0 168611 109162 213762 579715 649985 157893 87575 83554 210694 70296 0 107559 103333 445601 22526 28222
mphpred
 2.62405e+06 1.02227e+06 156538 261889 76392.9 4846.53 2.8595e+06 1.62418e+06 882090 177978 4862.76 58967.6 236028 50225.8 10752.6 70577 369975 88310.8 375921 292677 570265 482596 180280 60851.3 140940 147708 64736.4 109066 218170 87753.6 86819 100190 21882.2
desembarqueobs
 494567 514787 250237 358949 120608 361735 552515 73892 212993 205616 52469 317467 293654 387597 252695 516296 358380 742168 942051 627588 828172 859565 418607 520667 417249 300574 415391 372974 316634 284311 391294 218835 356480
desembarquepred
 494487 514226 250275 358089 120421 361620 552142 73878.7 212787 205136 52436.9 317041 293176 386575 252258 515503 357804 740906 939213 626180 827187 858047 417921 520036 416577 300147 414779 372503 316046 283731 390602 218582 356007
Reclutas
 2752.66 1745.04 198231 35730.2 2170.65 785655 2527.53 808.236 1479.85 2572.63 30942.2 156010 43953.8 54119.3 54211.1 260279 8323.34 315654 217159 247231 179297 426927 7816.47 134562 176682 17960.3 117792 146906 17677.9 93972.7 86896.4 7848.49 74255.7
log_desv_Rt
 -2.58671 -3.0425 1.69015 -0.0232814 -2.82425 3.06724 -2.67204 -3.81218 -3.20734 -2.65435 -0.167158 1.45064 0.183861 0.391911 0.393606 1.96247 -1.48022 2.15537 1.78135 1.91104 1.58976 2.45733 -1.54305 1.30275 1.57507 -0.711118 1.16964 1.39051 -0.726963 0.943725 0.865438 -1.53896 0.708235
SSB
 1.78473e+06 695294 106469 178122 51958.1 3296.34 1.94487e+06 1.10468e+06 599948 121050 3307.38 40106.4 148685 32224.1 6864.04 45837.8 251636 60064.1 271848 134571 274079 247840 397610 126637 261907 301323 121193 191498 403795 148334 180567 217300 43870.9
BT
 2.20191e+06 972259 465003 377291 107173 3.46088e+06 2.39427e+06 1.31797e+06 764539 252662 112856 541321 395218 422943 374613 847142 408039 1.38208e+06 1.24747e+06 867120 1.27705e+06 1.42447e+06 593865 1.14675e+06 849156 514523 983387 1.03029e+06 587904 699072 670463 342575 449572
Ftot
 0.295428 1.06357 1.05223 1.57545 3.26 0.210089 0.293378 0.0677929 0.427608 3.30952 1.01512 1.32267 1.61463 4.95303 2.25395 1.3589 1.53264 1.39276 2.14624 1.51261 1.38756 1.32499 1.11163 1.13067 0.923226 0.903609 1.15135 0.733545 0.783307 0.907512 1.15369 0.950825 2.34155
BD_Bspro_t
 0.954035 0.629437 0.220112 0.324527 0.0951677 0.00951553 0.788956 0.636776 0.571713 0.239857 0.016774 0.251893 0.313891 0.0754865 0.0180093 0.10796 0.273437 0.0846922 0.231426 0.120291 0.17576 0.163188 0.245193 0.10763 0.226497 0.292556 0.177648 0.283666 0.426302 0.23452 0.294457 0.290052 0.120804
BD_Bspro
 6.77378 2.63892 0.404092 0.676048 0.197202 0.012511 7.38159 4.1927 2.27705 0.459436 0.0125529 0.15222 0.56432 0.122304 0.0260518 0.173973 0.955063 0.227968 1.03177 0.510751 1.04024 0.940654 1.50909 0.48064 0.994045 1.14365 0.459977 0.726814 1.53257 0.562988 0.685326 0.824744 0.166508
BD_Bo
 5.32792 2.07565 0.317839 0.531746 0.15511 0.00984051 5.806 3.29777 1.79101 0.36137 0.00987346 0.119729 0.443866 0.0961982 0.0204911 0.136839 0.751206 0.179308 0.811543 0.401732 0.818203 0.739872 1.18698 0.378048 0.781867 0.899535 0.361795 0.571677 1.20544 0.442819 0.539044 0.648703 0.130967
BD_Brms
 5.71201 2.22528 0.340752 0.570079 0.166291 0.0105499 6.22455 3.5355 1.92013 0.38742 0.0105852 0.12836 0.475864 0.103133 0.0219683 0.146704 0.80536 0.192234 0.870046 0.430692 0.877187 0.793209 1.27255 0.405301 0.838231 0.964382 0.387877 0.612888 1.29234 0.474741 0.577903 0.695468 0.140408
Sel_flota
 0.567833 0.961486 0.997896 0.999889 0.999994
 0.567833 0.961486 0.997896 0.999889 0.999994
 0.567833 0.961486 0.997896 0.999889 0.999994
 0.567833 0.961486 0.997896 0.999889 0.999994
 0.567833 0.961486 0.997896 0.999889 0.999994
 0.567833 0.961486 0.997896 0.999889 0.999994
 0.567833 0.961486 0.997896 0.999889 0.999994
 0.567833 0.961486 0.997896 0.999889 0.999994
 0.567833 0.961486 0.997896 0.999889 0.999994
 0.567833 0.961486 0.997896 0.999889 0.999994
 0.567833 0.961486 0.997896 0.999889 0.999994
 0.567833 0.961486 0.997896 0.999889 0.999994
 0.567833 0.961486 0.997896 0.999889 0.999994
 0.567833 0.961486 0.997896 0.999889 0.999994
 0.567833 0.961486 0.997896 0.999889 0.999994
 0.567833 0.961486 0.997896 0.999889 0.999994
 0.567833 0.961486 0.997896 0.999889 0.999994
 0.567833 0.961486 0.997896 0.999889 0.999994
 0.567833 0.961486 0.997896 0.999889 0.999994
 0.567833 0.961486 0.997896 0.999889 0.999994
 0.567833 0.961486 0.997896 0.999889 0.999994
 0.567833 0.961486 0.997896 0.999889 0.999994
 0.567833 0.961486 0.997896 0.999889 0.999994
 0.567833 0.961486 0.997896 0.999889 0.999994
 0.567833 0.961486 0.997896 0.999889 0.999994
 0.567833 0.961486 0.997896 0.999889 0.999994
 0.567833 0.961486 0.997896 0.999889 0.999994
 0.567833 0.961486 0.997896 0.999889 0.999994
 0.567833 0.961486 0.997896 0.999889 0.999994
 0.567833 0.961486 0.997896 0.999889 0.999994
 0.567833 0.961486 0.997896 0.999889 0.999994
 0.567833 0.961486 0.997896 0.999889 0.999994
 0.567833 0.961486 0.997896 0.999889 0.999994
Sel_reclas
 0.529962 0.85017 0.966166 0.99309 0.998619
 0.529962 0.85017 0.966166 0.99309 0.998619
 0.529962 0.85017 0.966166 0.99309 0.998619
 0.529962 0.85017 0.966166 0.99309 0.998619
 0.529962 0.85017 0.966166 0.99309 0.998619
 0.529962 0.85017 0.966166 0.99309 0.998619
 0.529962 0.85017 0.966166 0.99309 0.998619
 0.529962 0.85017 0.966166 0.99309 0.998619
 0.529962 0.85017 0.966166 0.99309 0.998619
 0.529962 0.85017 0.966166 0.99309 0.998619
 0.529962 0.85017 0.966166 0.99309 0.998619
 0.529962 0.85017 0.966166 0.99309 0.998619
 0.529962 0.85017 0.966166 0.99309 0.998619
 0.529962 0.85017 0.966166 0.99309 0.998619
 0.529962 0.85017 0.966166 0.99309 0.998619
 0.529962 0.85017 0.966166 0.99309 0.998619
 0.529962 0.85017 0.966166 0.99309 0.998619
 0.529962 0.85017 0.966166 0.99309 0.998619
 0.529962 0.85017 0.966166 0.99309 0.998619
 0.529962 0.85017 0.966166 0.99309 0.998619
 0.529962 0.85017 0.966166 0.99309 0.998619
 0.529962 0.85017 0.966166 0.99309 0.998619
 0.529962 0.85017 0.966166 0.99309 0.998619
 0.529962 0.85017 0.966166 0.99309 0.998619
 0.529962 0.85017 0.966166 0.99309 0.998619
 0.529962 0.85017 0.966166 0.99309 0.998619
 0.529962 0.85017 0.966166 0.99309 0.998619
 0.529962 0.85017 0.966166 0.99309 0.998619
 0.529962 0.85017 0.966166 0.99309 0.998619
 0.529962 0.85017 0.966166 0.99309 0.998619
 0.529962 0.85017 0.966166 0.99309 0.998619
 0.529962 0.85017 0.966166 0.99309 0.998619
 0.529962 0.85017 0.966166 0.99309 0.998619
Sel_pelaces
 0.374268 0.750633 0.938077 0.987053 0.9974
 0.374268 0.750633 0.938077 0.987053 0.9974
 0.374268 0.750633 0.938077 0.987053 0.9974
 0.374268 0.750633 0.938077 0.987053 0.9974
 0.374268 0.750633 0.938077 0.987053 0.9974
 0.374268 0.750633 0.938077 0.987053 0.9974
 0.374268 0.750633 0.938077 0.987053 0.9974
 0.374268 0.750633 0.938077 0.987053 0.9974
 0.374268 0.750633 0.938077 0.987053 0.9974
 0.374268 0.750633 0.938077 0.987053 0.9974
 0.374268 0.750633 0.938077 0.987053 0.9974
 0.374268 0.750633 0.938077 0.987053 0.9974
 0.374268 0.750633 0.938077 0.987053 0.9974
 0.374268 0.750633 0.938077 0.987053 0.9974
 0.374268 0.750633 0.938077 0.987053 0.9974
 0.374268 0.750633 0.938077 0.987053 0.9974
 0.374268 0.750633 0.938077 0.987053 0.9974
 0.374268 0.750633 0.938077 0.987053 0.9974
 0.374268 0.750633 0.938077 0.987053 0.9974
 0.374268 0.750633 0.938077 0.987053 0.9974
 0.374268 0.750633 0.938077 0.987053 0.9974
 0.374268 0.750633 0.938077 0.987053 0.9974
 0.374268 0.750633 0.938077 0.987053 0.9974
 0.374268 0.750633 0.938077 0.987053 0.9974
 0.374268 0.750633 0.938077 0.987053 0.9974
 0.374268 0.750633 0.938077 0.987053 0.9974
 0.374268 0.750633 0.938077 0.987053 0.9974
 0.374268 0.750633 0.938077 0.987053 0.9974
 0.374268 0.750633 0.938077 0.987053 0.9974
 0.374268 0.750633 0.938077 0.987053 0.9974
 0.374268 0.750633 0.938077 0.987053 0.9974
 0.374268 0.750633 0.938077 0.987053 0.9974
 0.374268 0.750633 0.938077 0.987053 0.9974
pf_obs 
 0.8446 0.082 0.0669 0.0065 0
 0.8095 0.147 0.0364 0.0071 0
 0.9664 0.0169 0.016 0.0007 0
 0.9276 0.0648 0.0075 0.0001 0
 0.7033 0.2144 0.0806 0.0017 0
 0.9318 0.0425 0.0243 0.0014 0
 0.5671 0.3108 0.0964 0.0239 0.0018
 0.0768 0.2599 0.5324 0.112 0.0189
 0.490249 0.384438 0.106611 0.0170017 0.00170017
 0.7925 0.1577 0.0466 0.003 0.0002
 0.840416 0.127587 0.0312969 0.00059994 9.999e-05
 0.8084 0.0986 0.0794 0.0134 0.0002
 0.7335 0.1905 0.0724 0.0035 0.0001
 0.4001 0.4547 0.1325 0.0127 0
 0.49795 0.308269 0.164784 0.0264974 0.00249975
 0.9179 0.0499 0.0305 0.0017 0
 0.2467 0.6533 0.0926 0.0074 0
 0.9418 0.0223 0.034 0.0019 0
 0.707729 0.231977 0.0356964 0.0245975 0
 0.517169 0.277429 0.184464 0.0207286 0.00020938
 0.811772 0.124168 0.05621 0.00726502 0.000585176
 0.764997 0.148141 0.077277 0.00933861 0.000247198
 0.163321 0.427699 0.378323 0.0303852 0.000271297
 0.753843 0.0900009 0.118128 0.0371064 0.000921714
 0.721811 0.176058 0.0630433 0.0369309 0.00215725
 0.143369 0.312575 0.442814 0.0836902 0.0175525
 0.692698 0.0596174 0.167031 0.0765114 0.00414204
 0.394062 0.376323 0.152708 0.0712218 0.00568511
 0.125707 0.32114 0.495352 0.0537591 0.00404204
 0.23352 0.215282 0.420074 0.123614 0.00750983
 0.796117 0.104755 0.0508955 0.0450114 0.00322123
 0.162477 0.292055 0.404252 0.121198 0.0200186
 0 0 0 0 0
pf_pred 
 0.0152635 0.159604 0.724359 0.100772 6.55813e-07
 0.0372444 0.026652 0.157226 0.683944 0.0949331
 0.969367 0.00250608 0.000828756 0.00459775 0.0227005
 0.388959 0.602757 0.000719084 0.000223645 0.00734106
 0.169936 0.512957 0.313136 0.000346122 0.00362535
 0.999452 0.000261245 0.00018542 9.96352e-05 1.25447e-06
 0.0060556 0.993635 0.000150918 0.000102917 5.5878e-05
 0.0064276 0.010483 0.982796 0.000143177 0.000150305
 0.0348446 0.0106775 0.0104455 0.943751 0.000281248
 0.24548 0.0495621 0.00818319 0.00764409 0.689131
 0.989026 0.00677574 0.000313238 4.54267e-05 0.00383923
 0.944853 0.0548697 0.000175607 7.64334e-06 9.44644e-05
 0.535284 0.453405 0.0112583 3.36386e-05 1.94829e-05
 0.845835 0.11538 0.0379102 0.000871016 4.09219e-06
 0.971517 0.0278682 0.000480883 0.000131131 2.99629e-06
 0.970547 0.0291773 0.000270684 4.24334e-06 1.17737e-06
 0.118139 0.87068 0.0110834 9.59004e-05 1.91316e-06
 0.97763 0.00558427 0.0165878 0.00019599 1.72267e-06
 0.757044 0.240774 0.000574293 0.00158921 1.88692e-05
 0.871943 0.115663 0.0122923 2.67227e-05 7.44491e-05
 0.757485 0.228975 0.0123147 0.00121547 9.9622e-06
 0.898592 0.0894118 0.0113699 0.000569926 5.64964e-05
 0.0649699 0.892163 0.0380958 0.00452341 0.000248286
 0.889666 0.0146341 0.0915694 0.00367226 0.000458402
 0.812778 0.177743 0.00132795 0.00780085 0.000350684
 0.220392 0.702064 0.0738358 0.000520738 0.00318653
 0.884397 0.0428711 0.065863 0.0065412 0.000327368
 0.802339 0.187029 0.00410267 0.00591462 0.000614681
 0.226162 0.688209 0.0812549 0.00169084 0.00268323
 0.848991 0.0559665 0.0850219 0.00950999 0.000510393
 0.72923 0.250096 0.00794257 0.0113932 0.00133858
 0.215121 0.67273 0.104092 0.00310151 0.0049544
 0.926531 0.0271271 0.0400491 0.00584201 0.000450636
pobs_RECLAS
 0 0 0 0 0
 0 0 0 0 0
 0 0 0 0 0
 0 0 0 0 0
 0 0 0 0 0
 0 0 0 0 0
 0 0 0 0 0
 0 0 0 0 0
 0 0 0 0 0
 0 0 0 0 0
 0.991045 0.00858322 0.000360255 1.14367e-05 0
 0.934742 0.0480273 0.0164251 0.00080598 0
 0.827803 0.169806 0.00239088 0 0
 0.941827 0.0461693 0.0120037 0 0
 0.791401 0.0380133 0.147996 0.0225897 0
 0.846168 0.0940531 0.0597789 0 0
 0.134021 0.677848 0.182769 0.00536245 0
 0.80878 0.0450904 0.141981 0.00414843 0
 0.846168 0.0940531 0.0597789 0 0
 0.905697 0.0802665 0.012482 0.00150086 5.37128e-05
 0.989698 0.0102097 9.19794e-05 0 0
 0.975433 0.0193895 0.00387452 0.00125025 5.28907e-05
 0.303575 0.632131 0.0575291 0.00676475 0
 0.966965 0.00978017 0.0227588 0.000495775 0
 0.843318 0.132988 0.00938335 0.0141283 0.000182051
 0.564624 0.303363 0.111486 0.0197234 0.00080311
 0.826376 0.0876187 0.0782897 0.00655872 0.00115652
 0.89761 0.0855135 0.0140674 0.00269457 0.000114338
 0.34875 0.467042 0.161289 0.0227151 0.000203297
 0.318654 0.224769 0.449479 0.00709798 0
 0.937255 0.0296025 0.0250945 0.00804832 0
 0.456809 0.399803 0.12412 0.0192676 0
 0.883104 0.0372192 0.0704036 0.00927362 0
ppred_RECLAS
 0.0150743 0.147615 0.732746 0.104564 6.84207e-07
 0.0376316 0.0240269 0.154246 0.68807 0.0960257
 0.969618 0.00223857 0.000805689 0.00458364 0.022754
 0.427107 0.56426 0.000729011 0.000232445 0.00767133
 0.224207 0.468683 0.303154 0.000343116 0.00361314
 0.999457 0.000245578 0.000190712 0.00010512 1.33075e-06
 0.00646278 0.993194 0.000164994 0.000115413 6.3005e-05
 0.00621845 0.00958654 0.983893 0.000147036 0.000155199
 0.0334994 0.00955112 0.0102128 0.946453 0.000283592
 0.303942 0.0421935 0.00737614 0.00705499 0.639433
 0.989714 0.00607267 0.000305629 4.5453e-05 0.00386237
 0.951495 0.0482365 0.00016761 7.48009e-06 9.29495e-05
 0.575126 0.413699 0.0111201 3.4062e-05 1.98352e-05
 0.91128 0.0658713 0.0223215 0.00052436 2.47656e-06
 0.977282 0.0221886 0.000411387 0.000114956 2.64091e-06
 0.974253 0.0254852 0.000256608 4.12451e-06 1.15062e-06
 0.135188 0.852942 0.0117637 0.000104354 2.09311e-06
 0.979317 0.00485246 0.0156389 0.000189453 1.67426e-06
 0.795233 0.202754 0.000520318 0.00147559 1.76149e-05
 0.887316 0.100959 0.0116274 2.59149e-05 7.25907e-05
 0.781731 0.20508 0.0119676 0.00121108 9.98024e-06
 0.909494 0.0789847 0.0109046 0.000560451 5.58592e-05
 0.0722299 0.881561 0.0409479 0.00498576 0.000275154
 0.894026 0.0130502 0.0888132 0.00365232 0.000458395
 0.827176 0.163135 0.00132786 0.00799948 0.000361572
 0.23676 0.681145 0.0780569 0.000564568 0.00347356
 0.890978 0.0382627 0.0639217 0.00650981 0.00032757
 0.81537 0.173685 0.00415661 0.00614585 0.000642195
 0.24107 0.668132 0.0860318 0.00183606 0.00292956
 0.854738 0.0508727 0.0842086 0.00965957 0.000521245
 0.751023 0.228141 0.00787851 0.0115886 0.00136896
 0.231128 0.650506 0.109635 0.00335004 0.00538054
 0.938869 0.0215274 0.0341102 0.00509851 0.00039541
pobs_PELACES
 0 0 0 0 0
 0 0 0 0 0
 0 0 0 0 0
 0 0 0 0 0
 0 0 0 0 0
 0 0 0 0 0
 0 0 0 0 0
 0 0 0 0 0
 0 0 0 0 0
 0 0 0 0 0
 0 0 0 0 0
 0 0 0 0 0
 0 0 0 0 0
 0 0 0 0 0
 0 0 0 0 0
 0 0 0 0 0
 0.505614 0.472636 0.0217494 0 0
 0 0 0 0 0
 0.443492 0.261883 0.143347 0.151278 0
 0.227955 0.32914 0.350689 0.0885471 0.00366901
 0.970185 0.0296113 0.000203453 0 0
 0.997202 0.00247181 0.000326279 0 0
 0.445219 0.490057 0.0546422 0.010081 0
 0.90214 0.0892962 0.00764917 0.000914606 0
 0 0 0 0 0
 0.581667 0.319106 0.0959925 0.00289975 0.000334073
 0.762889 0.0836404 0.116647 0.0363945 0.000428098
 0.88444 0.0763242 0.0277011 0.0115352 0
 0.521256 0.241999 0.230069 0.00667565 0
 0.616807 0.101726 0.260614 0.0208532 0
 0.833518 0.0704572 0.0857862 0.0102388 0
 0.697417 0.212968 0.0787535 0.0105354 0.000325836
 0 0 0 0 0
ppred_PELACES
 0.0115973 0.136637 0.743216 0.108549 7.13745e-07
 0.0314918 0.0218939 0.1526 0.696361 0.0976541
 0.963584 0.00242594 0.000948091 0.0055177 0.0275238
 0.422158 0.568225 0.00079217 0.000258297 0.00856574
 0.256593 0.439074 0.300313 0.000347205 0.00367366
 0.999301 0.000298713 0.000254454 0.000143556 1.8262e-06
 0.00537583 0.994243 0.000180992 0.000129578 7.10824e-05
 0.00457827 0.00874663 0.986364 0.000150889 0.000160045
 0.0255403 0.00861197 0.0100745 0.955485 0.000287694
 0.332219 0.0375102 0.00692992 0.00677042 0.61657
 0.988218 0.00664411 0.000363261 5.52666e-05 0.00471907
 0.949038 0.0506542 0.000190503 8.69555e-06 0.000108576
 0.571302 0.416561 0.0120766 3.78274e-05 2.21344e-05
 0.939351 0.0446088 0.0156627 0.000375425 1.7815e-06
 0.978738 0.02073 0.00041136 0.000117497 2.71225e-06
 0.973031 0.0266724 0.000290547 4.77636e-06 1.33891e-06
 0.132256 0.854897 0.0127293 0.000115478 2.32742e-06
 0.977124 0.00505122 0.0176051 0.000218122 1.93695e-06
 0.803983 0.193919 0.000533318 0.00154609 1.85454e-05
 0.883756 0.103287 0.0128456 2.9279e-05 8.24103e-05
 0.773411 0.211826 0.0133685 0.00138364 1.14574e-05
 0.904278 0.0826566 0.0123508 0.000649246 6.50226e-05
 0.0668441 0.882812 0.0444949 0.0055419 0.00030733
 0.879047 0.0138508 0.102258 0.00430163 0.000542506
 0.810958 0.177356 0.00156999 0.0096763 0.000439487
 0.216529 0.692551 0.0863321 0.000638829 0.00394955
 0.877836 0.0405836 0.0735325 0.00766013 0.000387322
 0.794293 0.192304 0.00501651 0.00758928 0.000796877
 0.217688 0.68131 0.0955693 0.00208684 0.00334588
 0.833369 0.0551156 0.0992372 0.0116462 0.000631496
 0.735415 0.240424 0.00900459 0.0135484 0.00160822
 0.211585 0.657997 0.120566 0.00376894 0.00608274
 0.940845 0.0198969 0.0337073 0.00514967 0.000401297
pobs_pel_tallas
 0 0 0 0 0 0 0 0 0 0 0 0 0 0 0 0 0 0 0 0 0 0 0 0 0 0
 0 0 0 0 0 0 0 0 0 0 0 0 0 0 0 0 0 0 0 0 0 0 0 0 0 0
 0 0 0 0 0 0 0 0 0 0 0 0 0 0 0 0 0 0 0 0 0 0 0 0 0 0
 0 0 0 0 0 0 0 0 0 0 0 0 0 0 0 0 0 0 0 0 0 0 0 0 0 0
 0 0 0 0 0 0 0 0 0 0 0 0 0 0 0 0 0 0 0 0 0 0 0 0 0 0
 0 0 0 0 0 0 0 0 0 0 0 0 0 0 0 0 0 0 0 0 0 0 0 0 0 0
 0 0 0 0 0 0 0 0 0 0 0 0 0 0 0 0 0 0 0 0 0 0 0 0 0 0
 0 0 0 0 0 0 0 0 0 0 0 0 0 0 0 0 0 0 0 0 0 0 0 0 0 0
 0 0 0 0 0 0 0 0 0 0 0 0 0 0 0 0 0 0 0 0 0 0 0 0 0 0
 0 0 0 0 0 0 0 0 0 0 0 0 0 0 0 0 0 0 0 0 0 0 0 0 0 0
 0 0 0 0 0 0 0 0 0 0 0 0 0 0 0 0 0 0 0 0 0 0 0 0 0 0
 0 0 0 0 0 0 0 0 0 0 0 0 0 0 0 0 0 0 0 0 0 0 0 0 0 0
 0.00862536 0 0 0.000197151 0.00414017 0.0128641 0.00837892 0.0270097 0.101434 0.158115 0.152841 0.127902 0.109271 0.109419 0.0830992 0.0579132 0.0238553 0.00714673 0.00463305 0.00128148 0.00103504 0.000492878 0.000147863 0.000147863 4.92878e-05 0
 0 0 0 0 0 0 0 0 0 0 0 0 0 0 0 0 0 0 0 0 0 0 0 0 0 0
 0 0 0 0 0 0 0 0.0054083 0.00873648 0.0413646 0.0450493 0.0745869 0.0622846 0.0627006 0.0613931 0.0827291 0.12552 0.122667 0.0946155 0.0697135 0.0546179 0.0294188 0.0215738 0.0213955 0.0102223 0.00600262
 0 0 0 0 0.00359764 0.0251062 0.0480494 0.140153 0.205849 0.193036 0.1447 0.116669 0.0760912 0.0342217 0.00950174 0.001854 0.000860785 0 0 0 0.000165536 0 0.000143464 0 0 0
 0 0 0 0 0 0 0 0.000145254 0.000435761 0.0275982 0.070085 0.0708112 0.156366 0.174668 0.174014 0.160142 0.0824315 0.0480064 0.0283245 0.00493863 0.00203355 0 0 0 0 0
 0 0 0 0 0 0 0 0 0 0 0 0 0 0 0 0 0 0 0 0 0 0 0 0 0 0
 0 0 1.00437e-05 0.000401748 0.00122533 0.00171747 0.00176769 0.0269171 0.070346 0.194647 0.189555 0.159765 0.064822 0.0314167 0.0384472 0.0292271 0.0345202 0.0313363 0.0194345 0.0106764 0.0143323 0.0359363 0.0279516 0.0138201 0.00172751 0
 0 0.0021121 0.0136068 0.0755702 0.200478 0.177729 0.0527432 0.0373336 0.0318909 0.0142505 0.0149659 0.0166563 0.0217959 0.0798694 0.0677717 0.0528807 0.04013 0.0224614 0.0357745 0.0225083 0.00881397 0.00855152 0.00135912 0.000746735 0 0
 0 0 0 0 5.4009e-05 0.00500934 0.000945158 0.0243581 0.138947 0.33067 0.221406 0.137944 0.0707744 0.0437923 0.0131692 0.00525238 0.0047753 0.00276346 9.45158e-05 9.00151e-06 2.25038e-05 9.00151e-06 4.50075e-06 0 0 0
 0.000866109 0.00284123 0.00948549 0.0512746 0.133035 0.25785 0.225252 0.132002 0.0553304 0.0519788 0.0540692 0.017754 0.00435017 0.00159236 0.00146478 0.000404838 0.000125132 0.000115318 0.000107957 0.000100596 0 0 0 0 0 0
 0 0 0 0 0.00144013 0.00171154 0.00461396 0.0210425 0.0478622 0.0707936 0.0888783 0.103762 0.0637923 0.0337046 0.0602308 0.124433 0.169614 0.0934646 0.0462172 0.0250306 0.0313229 0.00938855 0.002487 0.000210481 0 0
 0 0.00764035 0.051015 0.0998891 0.058973 0.0496711 0.0374665 0.0718981 0.12319 0.153886 0.159021 0.0857701 0.0377988 0.023471 0.0147837 0.00900784 0.00315554 0.000888139 0.00291439 0.00214683 0.00393193 0.00274676 0.000635225 9.99891e-05 0 0
 0 0 0 0 0 0 0 0 0 0 0 0 0 0 0 0 0 0 0 0 0 0 0 0 0 0
 0 0 0 0 0 0 0 0 0 0 0 0 0 0 0 0 0 0 0 0 0 0 0 0 0 0
 0 0 0 0 0 0 0 0 0 0 0 0 0 0 0 0 0 0 0 0 0 0 0 0 0 0
 0 0 0 0 0 0 0 0 0 0 0 0 0 0 0 0 0 0 0 0 0 0 0 0 0 0
 0 0 0 0 0 0 0 0 0 0 0 0 0 0 0 0 0 0 0 0 0 0 0 0 0 0
 0 0 0 0 0 0 0 0 0 0 0 0 0 0 0 0 0 0 0 0 0 0 0 0 0 0
 0 0 0 0 0 0 0 0 0 0 0 0 0 0 0 0 0 0 0 0 0 0 0 0 0 0
 0 0 0 0 0 0 0 0 0 0 0 0 0 0 0 0 0 0 0 0 0 0 0 0 0 0
 0 0 0 0 0 0 0 0 0 0 0 0 0 0 0 0 0 0 0 0 0 0 0 0 0 0
ppred_pel_tallas
 1.32369e-16 9.55288e-07 9.28575e-06 6.17077e-05 0.000280523 0.000872887 0.0018603 0.00271815 0.00273247 0.00193083 0.00111305 0.000988962 0.00189571 0.00419736 0.00849551 0.0154542 0.0255516 0.0389952 0.0557768 0.0755818 0.0973139 0.118493 0.135254 0.143452 0.140457 0.126512
 1.90771e-16 2.59394e-06 2.52141e-05 0.000167556 0.000761688 0.00236991 0.00504944 0.00737034 0.00737295 0.00506243 0.00241513 0.000899524 0.000541837 0.00094 0.00204103 0.00420319 0.00813384 0.0149242 0.0260498 0.0431211 0.0672402 0.0980666 0.133021 0.1672 0.194343 0.208677
 1.0524e-16 7.93692e-05 0.000771497 0.00512687 0.023306 0.0725136 0.154498 0.225494 0.225494 0.154499 0.0725176 0.0233177 0.0051569 0.000839044 0.000214053 0.000246814 0.000396688 0.000615651 0.00093363 0.0014141 0.00214077 0.00318211 0.00453994 0.0061078 0.00766622 0.00892801
 1.01644e-16 3.47728e-05 0.000338004 0.00224616 0.0102107 0.0317697 0.0676906 0.0988079 0.0988626 0.0679576 0.0326655 0.0127966 0.00873086 0.0144735 0.0268197 0.0441242 0.063187 0.0786795 0.0852045 0.0802918 0.0659273 0.0473263 0.0299638 0.0171219 0.00934358 0.00542594
 1.09436e-16 2.11353e-05 0.000205442 0.00136524 0.00620621 0.01931 0.0411437 0.0600593 0.060102 0.0413524 0.0200119 0.00823804 0.00648266 0.0114336 0.0215108 0.0359568 0.0527852 0.0684216 0.0791311 0.0830205 0.0809127 0.0753248 0.0685088 0.0612574 0.0532189 0.0440199
 1.00023e-16 8.23111e-05 0.000800094 0.0053169 0.0241699 0.0752014 0.160225 0.233852 0.233853 0.160225 0.0752019 0.0241713 0.00532042 0.000807824 9.71777e-05 3.08515e-05 3.7544e-05 4.93348e-05 5.90437e-05 6.54372e-05 6.91821e-05 7.17468e-05 7.39663e-05 7.52988e-05 7.42969e-05 6.9744e-05
 1.00285e-16 4.43006e-07 4.30628e-06 2.86214e-05 0.000130167 0.000405512 0.000867519 0.00128621 0.00138181 0.00133453 0.00197292 0.00465441 0.0113739 0.0247337 0.0468562 0.0771738 0.110495 0.137527 0.148801 0.139961 0.114447 0.0813627 0.0502976 0.0270494 0.0126698 0.00518628
 1.28509e-16 3.77112e-07 3.66566e-06 2.43597e-05 0.000110737 0.000344555 0.000734192 0.00107205 0.00107441 0.00074645 0.000390094 0.000261561 0.000475564 0.00122826 0.00302579 0.00681894 0.0140347 0.0263727 0.0451982 0.0705458 0.100128 0.129063 0.150925 0.159997 0.153691 0.133734
 1.96164e-16 2.10372e-06 2.04489e-05 0.00013589 0.000617739 0.00192202 0.00409511 0.00597718 0.00597836 0.00410109 0.00194328 0.000684769 0.000326646 0.000516477 0.00119587 0.00268973 0.00571446 0.0114675 0.0216609 0.0382796 0.062897 0.0956068 0.133985 0.172753 0.204688 0.222741
 2.0523e-16 2.73645e-05 0.000265992 0.00176761 0.00803532 0.0250009 0.0532671 0.0777457 0.0777495 0.0532855 0.025063 0.0082169 0.00223229 0.00131264 0.00212015 0.00377079 0.00625488 0.00987292 0.015323 0.023858 0.0371373 0.0566042 0.0825302 0.11316 0.144478 0.170921
 1.00817e-16 8.13982e-05 0.00079122 0.00525793 0.0239018 0.0743674 0.158448 0.231259 0.23126 0.158451 0.0743779 0.0239322 0.00533414 0.000957662 0.000397824 0.000529932 0.000758738 0.000962804 0.00108248 0.00109929 0.00104719 0.000993879 0.0010007 0.00108948 0.00123536 0.00138369
 1.00038e-16 7.8171e-05 0.00075985 0.00504947 0.0229542 0.071419 0.152166 0.222091 0.222096 0.15219 0.0714988 0.0231847 0.00562755 0.00201995 0.00246589 0.00393857 0.00563246 0.00701205 0.00759071 0.00714651 0.00585452 0.00417786 0.00260386 0.00142652 0.000698235 0.000317904
 1.00463e-16 4.70575e-05 0.000457416 0.00303969 0.013818 0.0429932 0.091603 0.133706 0.133746 0.0917988 0.0436503 0.0157149 0.00779731 0.0108306 0.0197102 0.0324117 0.0464535 0.0579259 0.062877 0.0594822 0.0491545 0.0356478 0.0229005 0.0132717 0.00717076 0.0037926
 1.00502e-16 7.73731e-05 0.000752094 0.00499793 0.0227199 0.07069 0.150613 0.219824 0.219829 0.150634 0.0707608 0.0229246 0.00551257 0.00187772 0.00222142 0.0035662 0.00516694 0.00657361 0.00738042 0.00739358 0.00673124 0.00572313 0.00469523 0.00381412 0.00308301 0.00243842
 1.0003e-16 8.06174e-05 0.00078363 0.0052075 0.0236725 0.073654 0.156928 0.229041 0.229043 0.156937 0.0736867 0.0237669 0.0054442 0.00129969 0.00105873 0.00161751 0.00231005 0.00287905 0.00312304 0.00295123 0.00243455 0.00176078 0.00112689 0.000650717 0.000352264 0.000190262
 1.00017e-16 8.01473e-05 0.00077906 0.00517713 0.0235345 0.0732245 0.156013 0.227706 0.227708 0.156025 0.0732666 0.0236559 0.00548159 0.00144276 0.0013379 0.00207774 0.00296829 0.00369671 0.00400458 0.00377481 0.003099 0.00221995 0.00139301 0.000772036 0.000384498 0.000177977
 1.00598e-16 1.08939e-05 0.000105893 0.000703699 0.00319896 0.0099536 0.0212102 0.0309742 0.0310564 0.0216119 0.0113017 0.00709054 0.0104633 0.0213822 0.040333 0.0664367 0.0951754 0.118572 0.128505 0.121227 0.0996674 0.0715907 0.0451591 0.0252844 0.0128383 0.00614751
 1.00532e-16 8.04844e-05 0.000782337 0.0051989 0.0236335 0.0735325 0.156669 0.228663 0.228663 0.156671 0.073541 0.0236584 0.00526283 0.000926008 0.000365344 0.000507759 0.00079581 0.00115005 0.00154375 0.0019563 0.00236413 0.00272497 0.00297078 0.00302692 0.00285072 0.00246174
 1.00224e-16 6.62231e-05 0.000643712 0.00427769 0.0194458 0.0605031 0.128909 0.18815 0.188169 0.129 0.0608089 0.0203283 0.00649081 0.00546792 0.00920759 0.015063 0.0215654 0.0268521 0.0290763 0.0273912 0.0224691 0.0160833 0.0100968 0.00562914 0.00287274 0.00143244
 1.00415e-16 7.27938e-05 0.000707582 0.00470213 0.0213752 0.0665063 0.141699 0.206816 0.206826 0.141748 0.0666695 0.0218467 0.0058853 0.0032897 0.00497443 0.00810227 0.0116492 0.0146148 0.0160303 0.0154438 0.0131829 0.0101289 0.00719327 0.00490302 0.00333305 0.00230039
 1.00581e-16 6.37049e-05 0.000619234 0.00411503 0.0187063 0.0582024 0.124007 0.180996 0.181017 0.124107 0.0585368 0.0196718 0.00653703 0.00590189 0.0100828 0.0165323 0.0237245 0.0296546 0.0323236 0.0308071 0.0258087 0.0192011 0.012936 0.00816301 0.00506109 0.00322359
 1.00454e-16 7.44842e-05 0.000724013 0.00481132 0.0218716 0.0680506 0.144989 0.211618 0.211626 0.145028 0.0681814 0.0222491 0.00575897 0.00279268 0.00400306 0.00649926 0.00935291 0.0117551 0.0129336 0.0125284 0.0107977 0.00843641 0.00615869 0.00437074 0.00312233 0.0022661
 1.02118e-16 5.50605e-06 5.35208e-05 0.000355669 0.00161687 0.00503114 0.0107225 0.0156676 0.0157526 0.0111376 0.00642435 0.0056392 0.0104457 0.0220582 0.0417317 0.0688122 0.0987254 0.123303 0.134213 0.127603 0.106433 0.0785635 0.0522031 0.0322098 0.0193584 0.0119337
 1.03478e-16 7.24059e-05 0.000703811 0.00467707 0.0212613 0.0661518 0.140943 0.205711 0.205713 0.140951 0.066177 0.021336 0.00487198 0.00115402 0.000999734 0.00172619 0.00291615 0.00457322 0.00672013 0.00931379 0.0121702 0.014903 0.0169599 0.0177985 0.0171285 0.015067
 1.01136e-16 6.67976e-05 0.000649297 0.0043148 0.0196145 0.061028 0.130027 0.189782 0.189799 0.130111 0.0613078 0.020422 0.00634007 0.00506498 0.00843703 0.0138011 0.0197791 0.0246759 0.0268196 0.0254543 0.0212068 0.015695 0.0105946 0.00687607 0.00464767 0.00348519
 1.03401e-16 1.78353e-05 0.000173366 0.00115208 0.00523723 0.0162953 0.0347214 0.0506908 0.0507576 0.0350474 0.0173899 0.00839842 0.0090857 0.0174877 0.0328865 0.0543003 0.0781233 0.0980285 0.107554 0.103682 0.088616 0.0682714 0.0487568 0.033592 0.0232533 0.0164809
 1.02967e-16 7.23062e-05 0.000702842 0.00467063 0.021232 0.0660607 0.14075 0.205429 0.205433 0.140769 0.0661271 0.0214252 0.00516066 0.00178956 0.00218596 0.00362904 0.00552238 0.00757216 0.00951036 0.0111814 0.0125664 0.0136683 0.0143736 0.0144458 0.0136742 0.0120487
 1.0109e-16 6.54249e-05 0.000635953 0.00422613 0.0192114 0.0597739 0.127355 0.185883 0.185901 0.127446 0.0600773 0.0200873 0.00642303 0.00542643 0.00914777 0.0149789 0.021477 0.0268121 0.0291718 0.0277314 0.0231588 0.0171918 0.0116329 0.00753031 0.0050122 0.00364315
 1.03708e-16 1.79308e-05 0.000174294 0.00115825 0.00526526 0.0163825 0.0349071 0.0509618 0.0510274 0.035228 0.0174597 0.00837637 0.00896699 0.0172188 0.0323821 0.0534875 0.0770015 0.0967202 0.106304 0.102787 0.0883118 0.0686446 0.0497207 0.0349339 0.0247175 0.0178449
 1.04153e-16 6.86436e-05 0.00066724 0.00443404 0.0201565 0.0627144 0.13362 0.195023 0.195029 0.133647 0.0628046 0.0204188 0.00509943 0.00214282 0.00293853 0.00492523 0.00749778 0.0102814 0.0129155 0.0151916 0.0170879 0.0186118 0.0196102 0.0197583 0.0187616 0.0165949
 1.01953e-16 6.05752e-05 0.000588812 0.00391287 0.0177873 0.0553431 0.117915 0.172106 0.172129 0.118028 0.0557225 0.0188828 0.00666087 0.00658205 0.0114264 0.0187517 0.0269089 0.033638 0.0366868 0.0350347 0.0295185 0.0222984 0.0155995 0.010692 0.00769448 0.00603206
 1.05055e-16 1.74281e-05 0.000169407 0.00112577 0.00511765 0.0159232 0.0339285 0.0495329 0.0495964 0.0342386 0.0169645 0.00812558 0.00867771 0.0166605 0.0313519 0.0518405 0.0747585 0.0941706 0.104004 0.101405 0.0883883 0.0703852 0.0529366 0.0391367 0.0292978 0.0222473
 1.01563e-16 7.74962e-05 0.00075329 0.00500588 0.022756 0.0708024 0.150852 0.220173 0.220175 0.150862 0.0708349 0.0228505 0.00524543 0.00128412 0.00110876 0.00177071 0.00268398 0.00366876 0.00459061 0.00537639 0.00602515 0.0065506 0.00690902 0.00698984 0.00668397 0.00597015
pSPR Fmed_Fpbrs
1   0.982758 0.6 0.325 0.982758 0.982758 0.982758
Fs Fmed_Fpbrs
0   0.01 0.330123 0.83527 0.01 0.01 0.01
SSBpbr Bo_Bmed_Bpbrs
334976  318228  312452 184237 92118.5 312452 312452 312452
Ro
36571.9
SPR SPRFo_SPRFmed_SPRFpbrs
263476 263476 258933
Fref
0
Nvult_r0
 67028.1 1617.56 2361.29 344.238 26.5527
CTP_r0
 38255.8 1120.06 1653.6 241.213 18.6065
YTP_r0
356007
Np
 74255.7 27317.1 10049.4 3696.97 1860.37
Nvult_p0
 46938.5 17267.7 6352.44 2336.93 1175.98
CTP_p0
 0 0 0 0 0
 0 0 0 0 0
 0 0 0 0 0
 0 0 0 0 0
 0 0 0 0 0
 0 0 0 0 0
YTP_p0
 0 0 0 0 0 0
CBA_c0
0
log_Ro
10.327
likeval ReclasPelacesDesembMPH_pf_preclas_ppelaces_ptallas_desvR_qrecl_qpela
 23.907 19.098 0.420585 53.347 382.908 150.495 146.836 0 165.49 0.000195882 0.000340077 0.0641187 2070.16 0 0
q_reclas_q_pelaces
7.23771 13.5716
M
1
N
 2752.66 17808.9 78208.2 10861.1 0.0706761
 1745.04 856.254 4931.54 21425.2 2973.67
 198231 350.935 113.291 627.707 3098.97
 35730.2 40122.6 46.9411 14.5842 478.696
 2170.65 5373.11 3245.17 3.58501 37.5489
 785655 125.417 86.0315 46.1445 0.580932
 2527.53 256524 37.6994 25.6634 13.9325
 808.236 787.141 71175.2 10.3489 10.8631
 1479.85 286.105 271.3 24471.1 7.29201
 2572.63 427.043 69.7711 65.1386 5872.21
 30942.2 144.522 6.5197 0.944276 79.7998
 156010 6396.19 20.0336 0.870964 10.7636
 43953.8 27081.8 659.664 1.96899 1.14035
 54119.3 6464.33 2109.43 48.4483 0.227614
 54211.1 1195.65 20.3236 5.53759 0.126527
 260279 5545.67 50.3655 0.788656 0.218809
 8323.34 44261.9 552.365 4.77439 0.0952412
 315654 1282.46 3730.38 44.0265 0.386951
 217159 52656.7 123.645 341.873 4.059
 247231 23616 2460.13 5.34249 14.8833
 179297 38529.1 2029.06 200.045 1.63951
 426927 29998.3 3733.3 186.921 18.5282
 7816.47 74013.1 3086.95 366.079 20.0925
 134562 1529.61 9350.46 374.522 46.7479
 176682 26049.4 189.739 1113.09 50.0348
 17960.3 38479 3944.52 27.7813 169.989
 117792 3955.32 5937.6 588.969 29.4743
 146906 22536.7 480.972 692.378 71.9504
 17677.9 35632.5 4095.34 85.0983 135.034
 93972.7 4168.38 6172.6 689.486 37.0015
 86896.4 20649.4 640.804 918.069 107.857
 7848.49 16603.5 2505.37 74.5496 119.078
 74255.7 1682.72 2448.34 356.868 27.5267
pred_Ctot
 272.428 2848.67 12928.6 1798.61 0.0117051
 524.923 375.634 2215.94 9639.51 1337.99
 59135.4 152.881 50.5576 280.482 1384.82
 14334.1 22213.1 26.5 8.24187 270.536
 1327.89 4008.29 2446.87 2.70463 28.3288
 56395.4 14.7411 10.4626 5.62204 0.0707849
 248.528 40779.9 6.19384 4.22382 2.29329
 19.3544 31.566 2959.34 0.431127 0.452591
 205.688 63.0295 61.66 5570.98 1.66021
 1584.8 319.969 52.8301 49.3497 4448.98
 8975.25 61.4888 2.84258 0.41224 34.8403
 55299.2 3211.35 10.2777 0.44734 5.5287
 17931.5 15188.7 377.144 1.12686 0.65266
 39042 5325.69 1749.86 40.2043 0.188887
 27319.7 783.673 13.5227 3.68748 0.0842577
 94085.7 2828.48 26.2404 0.411354 0.114135
 3276.28 24146 307.368 2.65954 0.0530565
 116142 663.406 1970.62 23.2834 0.204651
 106311 33811.6 80.6474 223.17 2.64978
 96430.9 12791.6 1359.45 2.95535 8.23356
 65793.8 19888.3 1069.64 105.573 0.8653
 151522 15076.7 1917.21 96.1016 9.5265
 2432.78 33406.7 1426.49 169.378 9.29701
 42428.2 697.901 4366.95 175.13 21.8613
 47532.8 10394.7 77.6609 456.209 20.5087
 4749.14 15128.5 1591.06 11.2211 68.6652
 37656.6 1825.4 2804.37 278.517 13.9389
 32719.9 7627.16 167.309 241.202 25.0671
 4159 12655.8 1494.24 31.0938 49.3433
 24935.1 1643.75 2497.12 279.311 14.9904
 27822.4 9541.94 303.034 434.686 51.0712
 2161.79 6760.38 1046.04 31.1676 49.7875
 38255.8 1120.06 1653.6 241.213 18.6065
F
 0.167754 0.28405 0.294807 0.295396 0.295427
 0.60393 1.02261 1.06133 1.06345 1.06356
 0.597493 1.01171 1.05002 1.05212 1.05223
 0.894591 1.51477 1.57213 1.57527 1.57544
 1.85114 3.13445 3.25315 3.25964 3.25998
 0.119296 0.201998 0.209647 0.210066 0.210088
 0.16659 0.282079 0.292761 0.293345 0.293376
 0.0384951 0.0651819 0.0676503 0.0677854 0.0677925
 0.24281 0.411139 0.426708 0.42756 0.427605
 1.87926 3.18206 3.30256 3.30915 3.3095
 0.576418 0.976021 1.01298 1.015 1.01511
 0.751056 1.27173 1.31989 1.32252 1.32266
 0.916841 1.55244 1.61123 1.61445 1.61462
 2.8125 4.76227 4.94261 4.95248 4.953
 1.27987 2.16714 2.24921 2.2537 2.25394
 0.771629 1.30656 1.35604 1.35875 1.35889
 0.870285 1.47361 1.52942 1.53247 1.53263
 0.790854 1.33912 1.38983 1.3926 1.39275
 1.21871 2.06358 2.14172 2.146 2.14623
 0.85891 1.45435 1.50943 1.51244 1.5126
 0.787904 1.33412 1.38464 1.38741 1.38755
 0.752371 1.27395 1.3222 1.32484 1.32498
 0.63122 1.06882 1.10929 1.11151 1.11162
 0.642031 1.08712 1.12829 1.13054 1.13066
 0.524239 0.887669 0.921284 0.923124 0.923221
 0.513099 0.868807 0.901708 0.903508 0.903603
 0.653776 1.10701 1.14893 1.15122 1.15134
 0.416531 0.705293 0.732002 0.733464 0.733541
 0.444788 0.753139 0.781659 0.78322 0.783303
 0.515316 0.87256 0.905603 0.907411 0.907507
 0.655101 1.10925 1.15126 1.15356 1.15368
 0.53991 0.914205 0.948825 0.95072 0.950819
 1.32961 2.25137 2.33662 2.34129 2.34153
YTP_r0W_actual
 288449 19545 39802.1 7554.78 655.878
YTP_p0W_proyectada
 0 0 0 0 0
 0 0 0 0 0
 0 0 0 0 0
 0 0 0 0 0
 0 0 0 0 0
 0 0 0 0 0
CTP_r0_actual
 38255.8 1120.06 1653.6 241.213 18.6065
CTP_p0_proyectada
 0 0 0 0 0
 0 0 0 0 0
 0 0 0 0 0
 0 0 0 0 0
 0 0 0 0 0
 0 0 0 0 0
Wmedp
 7.54 17.45 24.07 31.32 35.25
Frms_r0
 1.32961 2.25137 2.33662 2.34129 2.34153
Zrms_r0
 2.32961 3.25137 3.33662 3.34129 3.34153
nmprior
 7.29 8.9 8.7 0
nm_flota  nm_reclas  nm_pelaces    nm_pelaL
inf 11.8231 3.06914 4.80644
cv_recla  cv_pelaces  cv_mph
0.423441 0.478723 0.585615
 ------------------------------------------------
Talla a la edad & desviaci?n 
 8 13.2811 15.8009 17.003 17.5766
 0.8 1.32811 1.58009 1.7003 1.75766
