years
 1991 1992 1993 1994 1995 1996 1997 1998 1999 2000 2001 2002 2003 2004 2005 2006 2007 2008 2009 2010 2011 2012 2013 2014 2015 2016 2017 2018 2019 2020 2021 2022 2023
reclasobs
 0 0 0 0 0 0 0 0 0 252601 567819 844713 477998 351125 339783 2.1784e+06 2.13404e+06 4.81314e+06 1.55562e+06 2.62356e+06 3.21686e+06 3.843e+06 1.13348e+06 3.07943e+06 1.97215e+06 2.03268e+06 2.025e+06 2.42433e+06 2.27542e+06 1.05018e+06 2.36338e+06 3.18982e+06 1.53035e+06
reclaspred
 3.10952e+06 1.74368e+06 918583 985608 1.03617e+06 1.53741e+06 1.02961e+06 970941 720180 552320 624785 745430 578106 286627 602304 1.27176e+06 1.28287e+06 2.17808e+06 1.87314e+06 1.76425e+06 3.29906e+06 2.66385e+06 2.16989e+06 3.10442e+06 2.42668e+06 2.18631e+06 2.52408e+06 2.76699e+06 2.45209e+06 1.88037e+06 1.72772e+06 1.70047e+06 1.64893e+06
pelacesobs
 0 0 0 0 0 0 0 0 0 0 0 0 0 0 0 552880 188675 0 991730 2.46772e+06 1.41603e+06 1.21717e+06 2.29649e+06 1.80582e+06 0 1.4828e+06 1.56532e+06 1.57751e+06 1.42118e+06 867257 1.10002e+06 1.06204e+06 0
pelacespred
 1.69223e+06 1.06274e+06 557625 490995 532545 821670 528336 590790 435089 320380 364911 372027 307107 149294 352465 617611 617737 1.17284e+06 1.05816e+06 891776 1.68218e+06 1.49781e+06 1.20792e+06 1.87079e+06 1.41065e+06 1.25959e+06 1.66804e+06 1.64855e+06 1.31108e+06 1.15612e+06 957435 933672 915002
mphobs
 0 0 0 0 0 0 0 0 0 0 0 0 498337 0 5186 125008 0 168611 109162 213762 579715 649985 157893 87575 83554 210694 70296 0 107559 103333 445601 22526 28222
mphpred
 548871 370333 185165 107141 128185 148493 186353 127152 115036 83843.2 58534.9 87651 93862.5 54853.4 22448.1 70005.2 174817 171614 234906 325370 447122 553662 108247 93179 126678 104834 91448.1 98250.6 137747 110201 73185.9 76176.5 51972.1
desembarqueobs
 494567 514787 250237 358949 120608 361735 552515 73892 212993 205616 52469 317467 293654 387597 252695 516296 358380 742168 942051 627588 828172 859565 418607 520667 417249 300574 415391 372974 316634 284311 391294 218835 356480
desembarquepred
 494571 513245 251047 358983 120613 361761 552591 73896 213040 205659 52470.8 317505 293852 388126 252678 516272 358416 742131 941876 627449 828258 859634 418639 520717 417247 300588 415410 372969 316623 284291 391317 218852 356500
Reclutas
 226370 112236 147242 239610 203311 302593 132908 70071.5 61634.5 81791 164454 174916 85665.9 47763.8 155204 518624 125793 593094 470558 485068 598950 752579 166098 456784 445929 183016 412105 499760 198601 183266 234125 129607 311842
log_desv_Rt
 0.0552308 -0.646335 -0.374863 0.112073 -0.0522031 0.345447 -0.477283 -1.11742 -1.24572 -0.962773 -0.264307 -0.202635 -0.916486 -1.50067 -0.322202 0.884238 -0.532299 1.01841 0.786979 0.817347 1.02824 1.25656 -0.254364 0.75727 0.733218 -0.157365 0.654337 0.847188 -0.0756444 -0.156 0.0889162 -0.502436 0.375557
SSB
 3.84787e+06 2.59623e+06 1.29811e+06 751116 898643 1.04102e+06 1.30643e+06 891405 806462 587784 410360 614479 631153 376841 152822 477001 1.22556e+06 1.20311e+06 1.69452e+06 1.40464e+06 1.97405e+06 2.5452e+06 2.40057e+06 1.99796e+06 2.56293e+06 2.23951e+06 1.85072e+06 1.92098e+06 2.78313e+06 2.10698e+06 1.5742e+06 1.68085e+06 1.06606e+06
BT
 5.14347e+06 3.47518e+06 1.8088e+06 1.6695e+06 1.57897e+06 2.59416e+06 1.97914e+06 1.70798e+06 1.42683e+06 1.09131e+06 1.06335e+06 1.30555e+06 1.12243e+06 821978 1.23313e+06 2.15484e+06 2.00452e+06 3.9175e+06 3.87052e+06 3.04351e+06 5.33398e+06 5.00192e+06 3.73043e+06 5.69182e+06 4.32426e+06 3.77157e+06 5.06802e+06 4.94966e+06 3.91173e+06 3.49099e+06 3.02905e+06 2.78175e+06 2.86625e+06
Ftot
 0.116095 0.207791 0.20134 0.312986 0.0948315 0.206838 0.396713 0.0608733 0.237586 0.296252 0.0798777 0.355595 0.389821 1.02534 0.467359 0.423107 0.215959 0.319084 0.427902 0.315931 0.218855 0.2736 0.14526 0.153632 0.139798 0.107028 0.149725 0.127994 0.0947448 0.117981 0.192907 0.0993914 0.198724
BD_Bspro_t
 0.981596 0.871159 0.735241 0.671096 0.683532 0.750619 0.732117 0.608136 0.669232 0.64024 0.621309 0.774687 0.665575 0.490857 0.29415 0.551627 0.663161 0.639818 0.660841 0.589183 0.621395 0.673336 0.689347 0.687465 0.763614 0.780807 0.785025 0.807414 0.848823 0.813999 0.784363 0.779971 0.778121
BD_Bspro
 2.49341 1.68235 0.841169 0.486721 0.582318 0.674575 0.846565 0.577627 0.522585 0.380883 0.265912 0.398181 0.408985 0.244192 0.099028 0.309095 0.794157 0.77961 1.09804 0.910205 1.27918 1.64928 1.55556 1.29467 1.66077 1.45119 1.19926 1.24479 1.80346 1.36532 1.02008 1.08919 0.690803
BD_Bo
 2.46595 1.66382 0.831903 0.48136 0.575904 0.667145 0.83724 0.571265 0.516829 0.376687 0.262983 0.393795 0.40448 0.241502 0.0979372 0.305691 0.785409 0.771022 1.08595 0.900179 1.26509 1.63111 1.53843 1.28041 1.64248 1.43521 1.18605 1.23108 1.7836 1.35028 1.00884 1.07719 0.683194
BD_Brms
 2.64337 1.78353 0.89176 0.515994 0.617341 0.715147 0.897481 0.612368 0.554016 0.40379 0.281905 0.422129 0.433583 0.258878 0.104984 0.327686 0.841921 0.826499 1.16409 0.964949 1.35612 1.74848 1.64912 1.37254 1.76066 1.53847 1.27139 1.31965 1.91193 1.44743 1.08143 1.15469 0.732351
Sel_flota
 0.53029 1 1 1 1
 0.53029 1 1 1 1
 0.53029 1 1 1 1
 0.53029 1 1 1 1
 0.53029 1 1 1 1
 0.53029 1 1 1 1
 0.53029 1 1 1 1
 0.53029 1 1 1 1
 0.53029 1 1 1 1
 0.53029 1 1 1 1
 0.53029 1 1 1 1
 0.53029 1 1 1 1
 0.53029 1 1 1 1
 0.53029 1 1 1 1
 0.53029 1 1 1 1
 0.53029 1 1 1 1
 0.53029 1 1 1 1
 0.53029 1 1 1 1
 0.53029 1 1 1 1
 0.53029 1 1 1 1
 0.53029 1 1 1 1
 0.53029 1 1 1 1
 0.53029 1 1 1 1
 0.53029 1 1 1 1
 0.53029 1 1 1 1
 0.53029 1 1 1 1
 0.53029 1 1 1 1
 0.53029 1 1 1 1
 0.53029 1 1 1 1
 0.53029 1 1 1 1
 0.53029 1 1 1 1
 0.53029 1 1 1 1
 0.53029 1 1 1 1
Sel_reclas
 1 1 1 1 1
 1 1 1 1 1
 1 1 1 1 1
 1 1 1 1 1
 1 1 1 1 1
 1 1 1 1 1
 1 1 1 1 1
 1 1 1 1 1
 1 1 1 1 1
 1 1 1 1 1
 1 1 1 1 1
 1 1 1 1 1
 1 1 1 1 1
 1 1 1 1 1
 1 1 1 1 1
 1 1 1 1 1
 1 1 1 1 1
 1 1 1 1 1
 1 1 1 1 1
 1 1 1 1 1
 1 1 1 1 1
 1 1 1 1 1
 1 1 1 1 1
 1 1 1 1 1
 1 1 1 1 1
 1 1 1 1 1
 1 1 1 1 1
 1 1 1 1 1
 1 1 1 1 1
 1 1 1 1 1
 1 1 1 1 1
 1 1 1 1 1
 1 1 1 1 1
Sel_pelaces
 1 1 1 1 1
 1 1 1 1 1
 1 1 1 1 1
 1 1 1 1 1
 1 1 1 1 1
 1 1 1 1 1
 1 1 1 1 1
 1 1 1 1 1
 1 1 1 1 1
 1 1 1 1 1
 1 1 1 1 1
 1 1 1 1 1
 1 1 1 1 1
 1 1 1 1 1
 1 1 1 1 1
 1 1 1 1 1
 1 1 1 1 1
 1 1 1 1 1
 1 1 1 1 1
 1 1 1 1 1
 1 1 1 1 1
 1 1 1 1 1
 1 1 1 1 1
 1 1 1 1 1
 1 1 1 1 1
 1 1 1 1 1
 1 1 1 1 1
 1 1 1 1 1
 1 1 1 1 1
 1 1 1 1 1
 1 1 1 1 1
 1 1 1 1 1
 1 1 1 1 1
pf_obs 
 0.8446 0.082 0.0669 0.0065 0
 0.8095 0.147 0.0364 0.0071 0
 0.9664 0.0169 0.016 0.0007 0
 0.9276 0.0648 0.0075 0.0001 0
 0.7033 0.2144 0.0806 0.0017 0
 0.9318 0.0425 0.0243 0.0014 0
 0.5671 0.3108 0.0964 0.0239 0.0018
 0.0768 0.2599 0.5324 0.112 0.0189
 0.490249 0.384438 0.106611 0.0170017 0.00170017
 0.7925 0.1577 0.0466 0.003 0.0002
 0.840416 0.127587 0.0312969 0.00059994 9.999e-05
 0.8084 0.0986 0.0794 0.0134 0.0002
 0.7335 0.1905 0.0724 0.0035 0.0001
 0.4001 0.4547 0.1325 0.0127 0
 0.49795 0.308269 0.164784 0.0264974 0.00249975
 0.9179 0.0499 0.0305 0.0017 0
 0.2467 0.6533 0.0926 0.0074 0
 0.9418 0.0223 0.034 0.0019 0
 0.707729 0.231977 0.0356964 0.0245975 0
 0.517169 0.277429 0.184464 0.0207286 0.00020938
 0.811772 0.124168 0.05621 0.00726502 0.000585176
 0.764997 0.148141 0.077277 0.00933861 0.000247198
 0.163321 0.427699 0.378323 0.0303852 0.000271297
 0.753843 0.0900009 0.118128 0.0371064 0.000921714
 0.721811 0.176058 0.0630433 0.0369309 0.00215725
 0.143369 0.312575 0.442814 0.0836902 0.0175525
 0.692698 0.0596174 0.167031 0.0765114 0.00414204
 0.394062 0.376323 0.152708 0.0712218 0.00568511
 0.125707 0.32114 0.495352 0.0537591 0.00404204
 0.23352 0.215282 0.420074 0.123614 0.00750983
 0.796117 0.104755 0.0508955 0.0450114 0.00322123
 0.162477 0.292055 0.404252 0.121198 0.0200186
 0 0 0 0 0
pf_pred 
 0.344114 0.117195 0.51159 0.0271004 9.72861e-07
 0.28552 0.361068 0.0631482 0.27566 0.0146031
 0.493455 0.224913 0.142325 0.0248916 0.114415
 0.646321 0.23351 0.0533564 0.033764 0.0330479
 0.537465 0.365451 0.0640981 0.0146462 0.0183397
 0.618975 0.263764 0.0926486 0.0162501 0.00836255
 0.36761 0.483436 0.103113 0.0362191 0.00962179
 0.343378 0.361798 0.225381 0.048072 0.0213713
 0.406842 0.296994 0.163186 0.101656 0.0313218
 0.571021 0.248918 0.0901561 0.049537 0.040367
 0.715958 0.207864 0.0442031 0.01601 0.0159652
 0.586332 0.343065 0.0516677 0.0109874 0.00794792
 0.406437 0.44353 0.124426 0.0187393 0.00686761
 0.409594 0.348693 0.180616 0.0506691 0.0104277
 0.849159 0.0966136 0.0320269 0.0165893 0.00561165
 0.860426 0.128949 0.00680528 0.00225592 0.00156379
 0.297571 0.652668 0.045973 0.00242622 0.0013618
 0.78786 0.097381 0.10663 0.00751084 0.000618868
 0.564559 0.38518 0.0230716 0.0252628 0.0019261
 0.592237 0.299386 0.0958678 0.00574231 0.00676706
 0.621885 0.283452 0.0695028 0.0222558 0.00290406
 0.621701 0.290265 0.0659945 0.0161819 0.00585783
 0.225537 0.596294 0.136707 0.0310815 0.0103801
 0.615997 0.139688 0.188109 0.043126 0.0130797
 0.543589 0.346614 0.0399403 0.0537852 0.0160706
 0.312903 0.481055 0.156476 0.0180307 0.0315357
 0.623992 0.176487 0.13969 0.0454377 0.0143932
 0.597535 0.30804 0.0443204 0.0350796 0.015025
 0.317099 0.507835 0.133993 0.0192787 0.0217948
 0.403821 0.282209 0.233482 0.0616045 0.0188839
 0.536421 0.263735 0.0945986 0.0782649 0.0269803
 0.385844 0.428197 0.105794 0.037947 0.0422178
 0.67585 0.177985 0.101908 0.0251783 0.0190787
pobs_RECLAS
 0 0 0 0 0
 0 0 0 0 0
 0 0 0 0 0
 0 0 0 0 0
 0 0 0 0 0
 0 0 0 0 0
 0 0 0 0 0
 0 0 0 0 0
 0 0 0 0 0
 0 0 0 0 0
 0.991045 0.00858322 0.000360255 1.14367e-05 0
 0.934742 0.0480273 0.0164251 0.00080598 0
 0.827803 0.169806 0.00239088 0 0
 0.941827 0.0461693 0.0120037 0 0
 0.791401 0.0380133 0.147996 0.0225897 0
 0.846168 0.0940531 0.0597789 0 0
 0.134021 0.677848 0.182769 0.00536245 0
 0.80878 0.0450904 0.141981 0.00414843 0
 0.846168 0.0940531 0.0597789 0 0
 0.905697 0.0802665 0.012482 0.00150086 5.37128e-05
 0.989698 0.0102097 9.19794e-05 0 0
 0.975433 0.0193895 0.00387452 0.00125025 5.28907e-05
 0.303575 0.632131 0.0575291 0.00676475 0
 0.966965 0.00978017 0.0227588 0.000495775 0
 0.843318 0.132988 0.00938335 0.0141283 0.000182051
 0.564624 0.303363 0.111486 0.0197234 0.00080311
 0.826376 0.0876187 0.0782897 0.00655872 0.00115652
 0.89761 0.0855135 0.0140674 0.00269457 0.000114338
 0.34875 0.467042 0.161289 0.0227151 0.000203297
 0.318654 0.224769 0.449479 0.00709798 0
 0.937255 0.0296025 0.0250945 0.00804832 0
 0.456809 0.399803 0.12412 0.0192676 0
 0.883104 0.0372192 0.0704036 0.00927362 0
ppred_RECLAS
 0.498542 0.0896014 0.391136 0.0207196 7.438e-07
 0.432002 0.287043 0.0502016 0.219145 0.0116092
 0.649547 0.155606 0.0984676 0.0172213 0.0791582
 0.777654 0.1468 0.0335433 0.0212262 0.0207761
 0.687483 0.246921 0.0433086 0.00989587 0.0123914
 0.7556 0.169186 0.0594274 0.0104232 0.00536397
 0.527855 0.360935 0.0769846 0.0270413 0.00718367
 0.497126 0.277083 0.172608 0.0368159 0.0163672
 0.566611 0.216998 0.119231 0.0742747 0.0228852
 0.717933 0.163672 0.0592805 0.0325721 0.0265426
 0.826652 0.126857 0.0269766 0.0097707 0.00974337
 0.731137 0.222974 0.0335814 0.00714122 0.00516574
 0.568293 0.322586 0.0904966 0.0136294 0.00499491
 0.583393 0.246048 0.127448 0.0357535 0.0073581
 0.915788 0.0539375 0.01788 0.00926149 0.00313288
 0.922332 0.0717552 0.00378687 0.00125533 0.00087019
 0.446475 0.514313 0.0362275 0.0019119 0.00107312
 0.876701 0.0565992 0.0619746 0.0043654 0.000359695
 0.714149 0.252857 0.0151457 0.0165841 0.00126441
 0.735464 0.194226 0.0621941 0.00372531 0.00439012
 0.757986 0.181425 0.0444856 0.0142449 0.00185876
 0.758367 0.185402 0.0421529 0.0103359 0.00374159
 0.35591 0.495915 0.113694 0.0258493 0.00863272
 0.752782 0.0899299 0.121103 0.0277641 0.00842056
 0.693189 0.233003 0.0268489 0.0361558 0.0108031
 0.463116 0.375887 0.122267 0.0140888 0.0246414
 0.75901 0.113114 0.0895297 0.0291218 0.00922484
 0.737871 0.200629 0.0288663 0.0228477 0.00978596
 0.467819 0.395753 0.10442 0.0150238 0.0169846
 0.562103 0.207284 0.171494 0.0452489 0.0138704
 0.687564 0.177748 0.0637562 0.0527478 0.0181838
 0.543297 0.318419 0.0786713 0.0282184 0.0313943
 0.798648 0.110559 0.0633022 0.01564 0.0118511
pobs_PELACES
 0 0 0 0 0
 0 0 0 0 0
 0 0 0 0 0
 0 0 0 0 0
 0 0 0 0 0
 0 0 0 0 0
 0 0 0 0 0
 0 0 0 0 0
 0 0 0 0 0
 0 0 0 0 0
 0 0 0 0 0
 0 0 0 0 0
 0 0 0 0 0
 0 0 0 0 0
 0 0 0 0 0
 0 0 0 0 0
 0.505614 0.472636 0.0217494 0 0
 0 0 0 0 0
 0.443492 0.261883 0.143347 0.151278 0
 0.227955 0.32914 0.350689 0.0885471 0.00366901
 0.970185 0.0296113 0.000203453 0 0
 0.997202 0.00247181 0.000326279 0 0
 0.445219 0.490057 0.0546422 0.010081 0
 0.90214 0.0892962 0.00764917 0.000914606 0
 0 0 0 0 0
 0.581667 0.319106 0.0959925 0.00289975 0.000334073
 0.762889 0.0836404 0.116647 0.0363945 0.000428098
 0.88444 0.0763242 0.0277011 0.0115352 0
 0.521256 0.241999 0.230069 0.00667565 0
 0.616807 0.101726 0.260614 0.0208532 0
 0.833518 0.0704572 0.0857862 0.0102388 0
 0.697417 0.212968 0.0787535 0.0105354 0.000325836
 0 0 0 0 0
ppred_PELACES
 0.503041 0.0887975 0.387627 0.0205338 7.37127e-07
 0.439922 0.28304 0.0495016 0.216089 0.0114473
 0.656617 0.152467 0.096481 0.0168738 0.0775612
 0.78593 0.141336 0.0322949 0.0204362 0.0200029
 0.690633 0.244433 0.0428721 0.00979615 0.0122666
 0.761472 0.165121 0.0579996 0.0101728 0.0052351
 0.54315 0.349243 0.0744909 0.0261653 0.00695096
 0.499485 0.275783 0.171798 0.0366432 0.0162904
 0.575631 0.212482 0.11675 0.0727289 0.0224089
 0.727138 0.15833 0.0573459 0.0315091 0.0256764
 0.82842 0.125564 0.0267016 0.0096711 0.00964405
 0.741833 0.214104 0.0322454 0.00685712 0.00496024
 0.583052 0.311558 0.0874028 0.0131634 0.00482415
 0.621437 0.223579 0.115809 0.0324886 0.00668618
 0.921209 0.0504653 0.016729 0.00866528 0.0029312
 0.926902 0.0675332 0.00356406 0.00118147 0.000818989
 0.454762 0.506613 0.0356851 0.00188328 0.00105706
 0.881949 0.0541904 0.059337 0.00417962 0.000344386
 0.727494 0.241052 0.0144386 0.0158098 0.00120538
 0.744881 0.187312 0.0599801 0.0035927 0.00423384
 0.764154 0.176801 0.0433517 0.0138819 0.00181138
 0.766053 0.179505 0.0408121 0.0100072 0.00362258
 0.361088 0.491928 0.112779 0.0256415 0.00856332
 0.757187 0.0883275 0.118945 0.0272694 0.00827052
 0.697778 0.229518 0.0264473 0.035615 0.0106415
 0.467243 0.372998 0.121327 0.0139805 0.0244519
 0.763229 0.111133 0.0879621 0.0286119 0.00906332
 0.74169 0.197706 0.0284457 0.0225148 0.00964338
 0.471477 0.393032 0.103702 0.0149205 0.0168678
 0.566599 0.205156 0.169733 0.0447843 0.013728
 0.693951 0.174115 0.0624528 0.0516695 0.0178121
 0.547117 0.315756 0.0780132 0.0279824 0.0311317
 0.803556 0.107864 0.0617592 0.0152587 0.0115622
pobs_pel_tallas
 0 0 0 0 0 0 0 0 0 0 0 0 0 0 0 0 0 0 0 0 0 0 0 0 0 0
 0 0 0 0 0 0 0 0 0 0 0 0 0 0 0 0 0 0 0 0 0 0 0 0 0 0
 0 0 0 0 0 0 0 0 0 0 0 0 0 0 0 0 0 0 0 0 0 0 0 0 0 0
 0 0 0 0 0 0 0 0 0 0 0 0 0 0 0 0 0 0 0 0 0 0 0 0 0 0
 0 0 0 0 0 0 0 0 0 0 0 0 0 0 0 0 0 0 0 0 0 0 0 0 0 0
 0 0 0 0 0 0 0 0 0 0 0 0 0 0 0 0 0 0 0 0 0 0 0 0 0 0
 0 0 0 0 0 0 0 0 0 0 0 0 0 0 0 0 0 0 0 0 0 0 0 0 0 0
 0 0 0 0 0 0 0 0 0 0 0 0 0 0 0 0 0 0 0 0 0 0 0 0 0 0
 0 0 0 0 0 0 0 0 0 0 0 0 0 0 0 0 0 0 0 0 0 0 0 0 0 0
 0 0 0 0 0 0 0 0 0 0 0 0 0 0 0 0 0 0 0 0 0 0 0 0 0 0
 0 0 0 0 0 0 0 0 0 0 0 0 0 0 0 0 0 0 0 0 0 0 0 0 0 0
 0 0 0 0 0 0 0 0 0 0 0 0 0 0 0 0 0 0 0 0 0 0 0 0 0 0
 0.00862536 0 0 0.000197151 0.00414017 0.0128641 0.00837892 0.0270097 0.101434 0.158115 0.152841 0.127902 0.109271 0.109419 0.0830992 0.0579132 0.0238553 0.00714673 0.00463305 0.00128148 0.00103504 0.000492878 0.000147863 0.000147863 4.92878e-05 0
 0 0 0 0 0 0 0 0 0 0 0 0 0 0 0 0 0 0 0 0 0 0 0 0 0 0
 0 0 0 0 0 0 0 0.0054083 0.00873648 0.0413646 0.0450493 0.0745869 0.0622846 0.0627006 0.0613931 0.0827291 0.12552 0.122667 0.0946155 0.0697135 0.0546179 0.0294188 0.0215738 0.0213955 0.0102223 0.00600262
 0 0 0 0 0.00359764 0.0251062 0.0480494 0.140153 0.205849 0.193036 0.1447 0.116669 0.0760912 0.0342217 0.00950174 0.001854 0.000860785 0 0 0 0.000165536 0 0.000143464 0 0 0
 0 0 0 0 0 0 0 0.000145254 0.000435761 0.0275982 0.070085 0.0708112 0.156366 0.174668 0.174014 0.160142 0.0824315 0.0480064 0.0283245 0.00493863 0.00203355 0 0 0 0 0
 0 0 0 0 0 0 0 0 0 0 0 0 0 0 0 0 0 0 0 0 0 0 0 0 0 0
 0 0 1.00437e-05 0.000401748 0.00122533 0.00171747 0.00176769 0.0269171 0.070346 0.194647 0.189555 0.159765 0.064822 0.0314167 0.0384472 0.0292271 0.0345202 0.0313363 0.0194345 0.0106764 0.0143323 0.0359363 0.0279516 0.0138201 0.00172751 0
 0 0.0021121 0.0136068 0.0755702 0.200478 0.177729 0.0527432 0.0373336 0.0318909 0.0142505 0.0149659 0.0166563 0.0217959 0.0798694 0.0677717 0.0528807 0.04013 0.0224614 0.0357745 0.0225083 0.00881397 0.00855152 0.00135912 0.000746735 0 0
 0 0 0 0 5.4009e-05 0.00500934 0.000945158 0.0243581 0.138947 0.33067 0.221406 0.137944 0.0707744 0.0437923 0.0131692 0.00525238 0.0047753 0.00276346 9.45158e-05 9.00151e-06 2.25038e-05 9.00151e-06 4.50075e-06 0 0 0
 0.000866109 0.00284123 0.00948549 0.0512746 0.133035 0.25785 0.225252 0.132002 0.0553304 0.0519788 0.0540692 0.017754 0.00435017 0.00159236 0.00146478 0.000404838 0.000125132 0.000115318 0.000107957 0.000100596 0 0 0 0 0 0
 0 0 0 0 0.00144013 0.00171154 0.00461396 0.0210425 0.0478622 0.0707936 0.0888783 0.103762 0.0637923 0.0337046 0.0602308 0.124433 0.169614 0.0934646 0.0462172 0.0250306 0.0313229 0.00938855 0.002487 0.000210481 0 0
 0 0.00764035 0.051015 0.0998891 0.058973 0.0496711 0.0374665 0.0718981 0.12319 0.153886 0.159021 0.0857701 0.0377988 0.023471 0.0147837 0.00900784 0.00315554 0.000888139 0.00291439 0.00214683 0.00393193 0.00274676 0.000635225 9.99891e-05 0 0
 0 0 0 0 0 0 0 0 0 0 0 0 0 0 0 0 0 0 0 0 0 0 0 0 0 0
 0 0 0 0 0 0 0 0 0 0 0 0 0 0 0 0 0 0 0 0 0 0 0 0 0 0
 0 0 0 0 0 0 0 0 0 0 0 0 0 0 0 0 0 0 0 0 0 0 0 0 0 0
 0 0 0 0 0 0 0 0 0 0 0 0 0 0 0 0 0 0 0 0 0 0 0 0 0 0
 0 0 0 0 0 0 0 0 0 0 0 0 0 0 0 0 0 0 0 0 0 0 0 0 0 0
 0 0 0 0 0 0 0 0 0 0 0 0 0 0 0 0 0 0 0 0 0 0 0 0 0 0
 0 0 0 0 0 0 0 0 0 0 0 0 0 0 0 0 0 0 0 0 0 0 0 0 0 0
 0 0 0 0 0 0 0 0 0 0 0 0 0 0 0 0 0 0 0 0 0 0 0 0 0 0
 0 0 0 0 0 0 0 0 0 0 0 0 0 0 0 0 0 0 0 0 0 0 0 0 0 0
ppred_pel_tallas
 1.13269e-16 4.14348e-05 0.000402761 0.00267649 0.0121669 0.0378559 0.0806564 0.117722 0.117731 0.0807014 0.0380086 0.0126152 0.00382974 0.00301293 0.00526938 0.00935012 0.0151007 0.022385 0.0309624 0.0405152 0.0504734 0.0597014 0.0664449 0.068843 0.0658144 0.0577185
 1.25109e-16 3.62358e-05 0.000352225 0.00234066 0.0106403 0.0331061 0.0705371 0.102957 0.102984 0.0706709 0.0335557 0.0119401 0.00560875 0.00750599 0.0136838 0.0227377 0.0331923 0.0427597 0.0492364 0.0518686 0.0519023 0.0517159 0.0531605 0.0563712 0.0598147 0.0613219
 1.17642e-16 5.40847e-05 0.000525723 0.00349361 0.0158815 0.0494132 0.105281 0.153663 0.153678 0.105353 0.0496572 0.0165878 0.00527355 0.00443439 0.00754623 0.0125739 0.0185501 0.0242847 0.0286259 0.0311243 0.0323015 0.0332121 0.0346436 0.0365899 0.0383297 0.0389217
 1.06403e-16 6.4736e-05 0.000629257 0.00418164 0.0190091 0.0591445 0.126014 0.183924 0.183938 0.126081 0.0593686 0.0196568 0.0058089 0.0041868 0.00683702 0.0112438 0.0162973 0.0207311 0.0233143 0.0235185 0.0218399 0.0194488 0.017442 0.0162812 0.0157478 0.015291
 1.04359e-16 5.68865e-05 0.000552957 0.0036746 0.0167042 0.0519731 0.110735 0.161626 0.16165 0.11085 0.05236 0.0178218 0.00648063 0.00668121 0.0117035 0.0192795 0.0278185 0.0350936 0.0388753 0.0381441 0.0336913 0.0275631 0.0218087 0.0175117 0.014665 0.0126793
 1.03623e-16 6.27215e-05 0.000609675 0.0040515 0.0184176 0.057304 0.122093 0.178201 0.178217 0.122171 0.0575662 0.0191758 0.00595756 0.00477961 0.00800859 0.0132096 0.0191843 0.0244627 0.0275815 0.0278546 0.0257467 0.0224883 0.0192632 0.0166235 0.0144809 0.0124895
 1.0604e-16 4.47386e-05 0.000434875 0.0028899 0.0131371 0.0408745 0.0870887 0.127116 0.127149 0.0872534 0.0414277 0.0147355 0.00690441 0.00920605 0.0167249 0.0276374 0.0399473 0.0505306 0.0562285 0.0555869 0.0496994 0.041404 0.0335108 0.0274558 0.023171 0.0198415
 1.1146e-16 4.1142e-05 0.000399915 0.00265757 0.012081 0.0375885 0.0800873 0.116895 0.116922 0.0802183 0.0380292 0.0133565 0.00586999 0.00744786 0.0135301 0.0225745 0.0331525 0.043029 0.0499231 0.0527531 0.0521702 0.049868 0.0472785 0.044754 0.0417532 0.0376191
 1.1451e-16 4.7414e-05 0.000460881 0.00306272 0.0139227 0.0433187 0.0922959 0.134713 0.134734 0.0923969 0.0436581 0.0149051 0.00553689 0.00588946 0.0104391 0.0174008 0.0255828 0.0332915 0.038845 0.0415254 0.0419683 0.0415785 0.0414482 0.0416646 0.0414523 0.0398623
 1.09201e-16 5.98934e-05 0.000582186 0.00386883 0.0175871 0.0547202 0.116588 0.170166 0.170182 0.116663 0.054972 0.0183154 0.00570027 0.00459209 0.00771101 0.0127485 0.0185893 0.0238776 0.0272881 0.0282559 0.0273097 0.0256603 0.0243747 0.0237887 0.0235157 0.0228837
 1.03405e-16 6.82358e-05 0.000663277 0.00440771 0.0200368 0.062342 0.132827 0.193867 0.193879 0.132886 0.0625409 0.0206116 0.00585143 0.00381799 0.00606876 0.00994949 0.0143854 0.0182194 0.0203251 0.0201963 0.0182445 0.0155037 0.0129837 0.0111779 0.0100138 0.00913325
 1.02513e-16 6.11039e-05 0.000593951 0.00394702 0.0179426 0.0558261 0.118944 0.173607 0.173628 0.119045 0.0561648 0.0189207 0.00640252 0.00595493 0.0102444 0.0168441 0.0242699 0.0305442 0.0336928 0.0328055 0.0285706 0.0227964 0.0173175 0.0131412 0.010326 0.00840996
 1.04739e-16 4.80253e-05 0.000466823 0.0031022 0.0141022 0.0438773 0.0934863 0.136452 0.136482 0.0936334 0.0443714 0.0155302 0.00668996 0.00830979 0.014975 0.0247635 0.0358605 0.0454958 0.0508602 0.0506337 0.0457222 0.0385489 0.0315085 0.0258201 0.0214534 0.0178057
 1.07789e-16 5.1187e-05 0.000497555 0.00330643 0.0150306 0.0467658 0.0996403 0.145432 0.145454 0.0997463 0.0471223 0.016062 0.0059023 0.0061871 0.0109236 0.0181537 0.0265589 0.0342675 0.0393889 0.0410356 0.0397788 0.037098 0.034302 0.0318186 0.0292916 0.0261842
 1.01861e-16 7.58788e-05 0.000737569 0.0049014 0.0222811 0.0693247 0.147704 0.215579 0.215584 0.147728 0.0694049 0.0225129 0.00548418 0.0020128 0.00250678 0.0040481 0.00588133 0.00751886 0.00852112 0.00869294 0.00819111 0.0073996 0.0066725 0.00614963 0.00575616 0.00533183
 1.00378e-16 7.63477e-05 0.000742127 0.0049317 0.0224188 0.0697532 0.148617 0.216912 0.216918 0.148648 0.0698598 0.0227265 0.00570373 0.00242595 0.00326973 0.00527291 0.00756086 0.00945016 0.0103019 0.00982446 0.00824714 0.00617203 0.00422397 0.00276705 0.00184926 0.00132706
 1.01528e-16 3.74582e-05 0.000364107 0.00241962 0.0109993 0.0342231 0.0729178 0.106436 0.106485 0.073156 0.035023 0.0133087 0.00821345 0.0130019 0.0240089 0.0395529 0.0567859 0.0710105 0.0774577 0.0739161 0.0620604 0.0463525 0.0314389 0.0200526 0.0126155 0.00816329
 1.02204e-16 7.2645e-05 0.000706135 0.00469251 0.0213315 0.0663702 0.141409 0.206392 0.206397 0.141435 0.0664576 0.0215849 0.00533242 0.0021158 0.00278714 0.00458967 0.00682957 0.0090553 0.0108419 0.0119655 0.012482 0.01259 0.0124098 0.0118868 0.0108882 0.00937806
 1.02268e-16 5.99228e-05 0.000582471 0.00387073 0.0175958 0.0547471 0.116645 0.170252 0.170275 0.116759 0.0551277 0.0186947 0.00662801 0.00659744 0.0114713 0.0188383 0.0270602 0.0338842 0.0370636 0.0355792 0.03026 0.0232441 0.016721 0.0119214 0.00893604 0.00718511
 1.02856e-16 6.13549e-05 0.000596392 0.00396323 0.0180163 0.0560555 0.119433 0.174319 0.174338 0.119521 0.0563528 0.0188756 0.00612255 0.00531826 0.00905253 0.0149295 0.0216416 0.0275065 0.0308384 0.0308379 0.0280287 0.0238322 0.0196501 0.0161916 0.0134429 0.0110749
 1.02995e-16 6.29424e-05 0.000611823 0.00406578 0.0184824 0.0575058 0.122523 0.178829 0.178846 0.122606 0.0577861 0.0192923 0.00610006 0.00505778 0.00852172 0.0140282 0.0202954 0.0257188 0.0287037 0.0285115 0.0256794 0.0216126 0.017695 0.0146222 0.0123513 0.0104901
 1.02841e-16 6.30988e-05 0.000613343 0.00407588 0.0185284 0.0576488 0.122827 0.179274 0.179291 0.122912 0.0579331 0.0193501 0.00613985 0.00512318 0.00864038 0.0142167 0.0205493 0.0260005 0.0289418 0.0286186 0.0255816 0.0212766 0.0171401 0.0139142 0.011583 0.00975694
 1.07401e-16 2.97424e-05 0.000289107 0.00192122 0.00873362 0.0271738 0.0578984 0.0845143 0.0845618 0.0581304 0.0279532 0.0109856 0.00757756 0.0126484 0.0235359 0.0389508 0.0563136 0.071249 0.079298 0.078387 0.070016 0.0581401 0.0466943 0.0377212 0.0311967 0.0260802
 1.0759e-16 6.23685e-05 0.000606244 0.00402871 0.0183139 0.0569815 0.121405 0.177196 0.177205 0.121448 0.0571248 0.0187301 0.00508196 0.00293374 0.0045658 0.00766727 0.0115495 0.0155966 0.0192029 0.0220663 0.0242781 0.0260659 0.0274267 0.0280045 0.0273209 0.0251372
 1.06195e-16 5.74751e-05 0.000558678 0.00371262 0.016877 0.0525108 0.111881 0.163298 0.16332 0.111989 0.0528738 0.0179256 0.00634493 0.00630627 0.0109775 0.0180705 0.0260633 0.0328707 0.0364265 0.035826 0.0318862 0.0265979 0.0219089 0.0187744 0.0170308 0.0159131
 1.09137e-16 3.84863e-05 0.0003741 0.00248603 0.0113011 0.0351623 0.0749182 0.109353 0.109389 0.0750945 0.0357544 0.0130129 0.0067881 0.00978342 0.017961 0.0297701 0.0432041 0.0550091 0.0618759 0.0622639 0.0572621 0.049722 0.0424039 0.0366221 0.0321892 0.0282612
 1.06971e-16 6.28662e-05 0.000611082 0.00406086 0.0184601 0.0574362 0.122374 0.178611 0.178622 0.122427 0.0576145 0.0189766 0.00536347 0.0034747 0.00556043 0.00924839 0.0136827 0.0179805 0.0212772 0.0231733 0.0239159 0.0240989 0.0241401 0.0239882 0.023255 0.0215848
 1.04762e-16 6.1092e-05 0.000593836 0.00394625 0.0179391 0.0558153 0.118921 0.173573 0.173592 0.119014 0.0561281 0.0188427 0.006215 0.00554834 0.0094763 0.0155858 0.0224879 0.0283771 0.0314666 0.0309616 0.0275402 0.0228889 0.0186693 0.0157146 0.0139272 0.0127144
 1.07444e-16 3.8835e-05 0.00037749 0.00250856 0.0114036 0.0354809 0.0755972 0.110344 0.110382 0.0757828 0.036104 0.0132044 0.00703264 0.0102661 0.0188559 0.0312075 0.0451776 0.0572859 0.0639957 0.0636618 0.0574669 0.0485206 0.0398906 0.0331296 0.0281594 0.0241253
 1.11766e-16 4.66701e-05 0.00045365 0.00301466 0.0137042 0.042639 0.0908477 0.132599 0.132619 0.0909456 0.0429683 0.0146583 0.00542104 0.0057447 0.010207 0.0170934 0.0253074 0.0332743 0.039393 0.0429027 0.0442219 0.0444038 0.044192 0.043502 0.041678 0.0381622
 1.10043e-16 5.71599e-05 0.000555614 0.00369225 0.0167845 0.0522228 0.111267 0.162401 0.162417 0.111349 0.0524997 0.0175855 0.00570707 0.00496772 0.00847788 0.0140364 0.0204835 0.0263459 0.0301796 0.031376 0.0305196 0.028927 0.0277328 0.027248 0.0269879 0.0261794
 1.10407e-16 4.50654e-05 0.000438051 0.00291101 0.013233 0.041173 0.0877246 0.128043 0.128074 0.0878737 0.0416737 0.0146799 0.00654614 0.00838453 0.0151697 0.0250952 0.0363581 0.0461816 0.0517748 0.0518896 0.0475583 0.0413395 0.0356909 0.0317486 0.0292297 0.0271645
 1.05297e-16 6.61878e-05 0.000643369 0.00427542 0.0194354 0.0604709 0.12884 0.188048 0.188058 0.128891 0.0606431 0.0199338 0.00553029 0.00339556 0.00533086 0.00880768 0.0129158 0.0167379 0.0193814 0.0204364 0.0201846 0.0193257 0.0184528 0.0177145 0.0168727 0.0156083
pSPR Fmed_Fpbrs
1   0.982878 0.6 0.325 0.982878 0.982878 0.982878
Fs Fmed_Fpbrs
0   0.01 0.33415 0.852732 0.01 0.01 0.01
SSBpbr Bo_Bmed_Bpbrs
1.5604e+06  1.48238e+06  1.45567e+06 858223 429111 1.45567e+06 1.45567e+06 1.45567e+06
Ro
214207
SPR SPRFo_SPRFmed_SPRFpbrs
1.54322e+06 1.54322e+06 1.51679e+06
Fref
0
Nvult_r0
 208596 31590.8 18087.8 4468.91 3386.29
CTP_r0
 19886.5 5237.11 2998.58 740.855 561.378
YTP_r0
356500
Np
 311842 114720 42203.3 15525.7 7812.77
Nvult_p0
 197122 72517.1 26677.6 9814.12 4938.61
CTP_p0
 0 0 0 0 0
 0 0 0 0 0
 0 0 0 0 0
 0 0 0 0 0
 0 0 0 0 0
 0 0 0 0 0
YTP_p0
 0 0 0 0 0 0
CBA_c0
0
log_Ro
12.0947
likeval ReclasPelacesDesembMPH_pf_preclas_ppelaces_ptallas_desvR_qrecl_qpela
 21.8141 17.2416 0.110386 67.7178 238.663 139.261 111.44 0 23.2801 6.01592e-06 1.80882e-06 0.500443 2069.66 0 0
q_reclas_q_pelaces
0.706898 0.826793
M
1
N
 226370 41809.3 182510 9668.09 0.347068
 112236 78304.7 13694.9 59782.3 3166.96
 147242 36981.4 23401.9 4092.81 18812.8
 239610 48682 11123.7 7039.07 6889.8
 203311 74667.1 13096.2 2992.44 3747.08
 302593 71125.8 24983.3 4381.94 2255.02
 132908 99753.7 21276.7 7473.56 1985.39
 70071.5 39618.1 24680 5264.04 2340.23
 61634.5 24959 13713.9 8543.05 2632.24
 81791 19990 7240.2 3978.19 3241.77
 164454 25714.8 5468.36 1980.59 1975.06
 174916 57990.3 8733.71 1857.26 1343.49
 85665.9 53289.4 14949.5 2251.5 825.132
 47763.8 25629.3 13275.5 3724.23 766.45
 155204 10201.6 3381.77 1751.69 592.542
 518624 44563 2351.8 779.612 540.424
 125793 152446 10738.1 566.7 318.081
 593094 41269.4 45188.8 3183.04 262.272
 470558 184223 11034.6 12082.6 921.208
 485068 137966 44178.8 2646.23 3118.46
 598950 150920 37005.9 11849.8 1546.23
 752579 196197 44607.3 10937.8 3959.45
 166098 239468 54900.4 12482.1 4168.58
 456784 56573.9 76184.5 17466.1 5297.27
 445929 154894 17848.4 24035.4 7181.58
 183016 152326 49548.1 5709.41 9985.78
 412105 63613.2 50349.9 16377.6 5187.89
 499760 140033 20147.8 15947 6830.31
 198601 171787 45326.3 6521.48 7372.61
 183266 69481.1 57484.2 15167.3 4649.31
 234125 63331.1 22716.1 18793.9 6478.83
 129607 77754.8 19210.7 6890.66 7666.17
 311842 45231.7 25898.1 6398.59 4848.5
pred_Ctot
 8586.89 2924.44 12766 676.255 0.0242764
 7469.26 9445.61 1651.97 7211.32 382.019
 9507.95 4333.66 2742.34 479.615 2204.57
 23479.2 8482.85 1938.3 1226.56 1200.55
 6329.09 4303.49 754.808 172.471 215.965
 20049.1 8543.54 3000.97 526.353 270.87
 16214.6 21323.4 4548.12 1597.55 424.399
 1410.71 1486.39 925.941 197.496 87.8006
 4659.7 3401.58 1869.02 1164.3 358.739
 7613.48 3318.85 1202.06 660.48 538.217
 4326.39 1256.08 267.111 96.7451 96.4746
 19296.3 11290.3 1700.39 361.595 261.567
 10284.6 11223.2 3148.51 474.186 173.78
 13230 11262.9 5833.96 1636.63 336.82
 21974.7 2500.18 828.798 429.3 145.219
 67103.3 10056.6 530.733 175.936 121.958
 8685.16 19049.3 1341.81 70.8136 39.7467
 59171.6 7313.73 8008.33 564.096 46.4796
 61511.5 41967.3 2513.76 2752.5 209.858
 47948.3 24238.7 7761.59 464.905 547.87
 41881.5 19089.4 4680.74 1498.84 195.577
 65013.2 30353.9 6901.26 1692.2 612.572
 7833.26 20710.2 4748.03 1079.51 360.517
 22742.1 5157.18 6944.85 1592.18 482.89
 20263.6 12920.9 1488.87 2004.97 599.07
 6412.86 9859.11 3206.93 369.534 646.316
 20012.9 5660.36 4480.19 1457.3 461.624
 20845.9 10746.4 1546.18 1223.81 524.171
 6176.92 9892.34 2610.11 375.539 424.551
 7061.81 4935.11 4083 1077.31 330.232
 14511.7 7134.78 2559.16 2117.29 729.895
 4224.44 4688.15 1158.29 415.466 462.224
 19886.5 5237.11 2998.58 740.855 561.378
F
 0.0615642 0.116095 0.116095 0.116095 0.116095
 0.11019 0.207791 0.207791 0.207791 0.207791
 0.106768 0.20134 0.20134 0.20134 0.20134
 0.165973 0.312986 0.312986 0.312986 0.312986
 0.0502882 0.0948315 0.0948315 0.0948315 0.0948315
 0.109684 0.206838 0.206838 0.206838 0.206838
 0.210373 0.396713 0.396713 0.396713 0.396713
 0.0322805 0.0608733 0.0608733 0.0608733 0.0608733
 0.12599 0.237586 0.237586 0.237586 0.237586
 0.1571 0.296252 0.296252 0.296252 0.296252
 0.0423583 0.0798777 0.0798777 0.0798777 0.0798777
 0.188568 0.355595 0.355595 0.355595 0.355595
 0.206718 0.389821 0.389821 0.389821 0.389821
 0.543726 1.02534 1.02534 1.02534 1.02534
 0.247836 0.467359 0.467359 0.467359 0.467359
 0.22437 0.423107 0.423107 0.423107 0.423107
 0.114521 0.215959 0.215959 0.215959 0.215959
 0.169207 0.319084 0.319084 0.319084 0.319084
 0.226912 0.427902 0.427902 0.427902 0.427902
 0.167535 0.315931 0.315931 0.315931 0.315931
 0.116057 0.218855 0.218855 0.218855 0.218855
 0.145087 0.2736 0.2736 0.2736 0.2736
 0.0770301 0.14526 0.14526 0.14526 0.14526
 0.0814697 0.153632 0.153632 0.153632 0.153632
 0.0741337 0.139798 0.139798 0.139798 0.139798
 0.0567558 0.107028 0.107028 0.107028 0.107028
 0.0793978 0.149725 0.149725 0.149725 0.149725
 0.0678738 0.127994 0.127994 0.127994 0.127994
 0.0502422 0.0947448 0.0947448 0.0947448 0.0947448
 0.0625639 0.117981 0.117981 0.117981 0.117981
 0.102297 0.192907 0.192907 0.192907 0.192907
 0.0527063 0.0993914 0.0993914 0.0993914 0.0993914
 0.105381 0.198724 0.198724 0.198724 0.198724
YTP_r0W_actual
 149944 91387.6 72175.9 23203.6 19788.6
YTP_p0W_proyectada
 0 0 0 0 0
 0 0 0 0 0
 0 0 0 0 0
 0 0 0 0 0
 0 0 0 0 0
 0 0 0 0 0
CTP_r0_actual
 19886.5 5237.11 2998.58 740.855 561.378
CTP_p0_proyectada
 0 0 0 0 0
 0 0 0 0 0
 0 0 0 0 0
 0 0 0 0 0
 0 0 0 0 0
 0 0 0 0 0
Wmedp
 7.54 17.45 24.07 31.32 35.25
Frms_r0
 0.105381 0.198724 0.198724 0.198724 0.198724
Zrms_r0
 1.10538 1.19872 1.19872 1.19872 1.19872
nmprior
 7.29 8.9 8.7 0
nm_flota  nm_reclas  nm_pelaces    nm_pelaL
inf 10.5139 16.214 49.4136
cv_recla  cv_pelaces  cv_mph
0.404482 0.454862 0.659794
 ------------------------------------------------
Talla a la edad & desviaci?n 
 8 13.2811 15.8009 17.003 17.5766
 0.8 1.32811 1.58009 1.7003 1.75766
