years
 1991 1992 1993 1994 1995 1996 1997 1998 1999 2000 2001 2002 2003 2004 2005 2006 2007 2008 2009 2010 2011 2012 2013 2014 2015 2016 2017 2018 2019 2020 2021 2022 2023
reclasobs
 0 0 0 0 0 0 0 0 0 252601 567819 844713 477998 351125 339783 2.1784e+06 2.13404e+06 4.81314e+06 1.55562e+06 2.62356e+06 3.21686e+06 3.843e+06 1.13348e+06 3.07943e+06 1.97215e+06 2.03268e+06 2.025e+06 2.42433e+06 2.27542e+06 1.05018e+06 2.36338e+06 3.18982e+06 1.53035e+06
reclaspred
 3.00926e+06 1.67692e+06 889501 967649 1.02235e+06 1.51629e+06 999583 949484 705536 541699 623285 750839 580183 277613 604236 1.27749e+06 1.28115e+06 2.19005e+06 1.87986e+06 1.77555e+06 3.31172e+06 2.66633e+06 2.16762e+06 3.10402e+06 2.42644e+06 2.19046e+06 2.52892e+06 2.77174e+06 2.45362e+06 1.88543e+06 1.72954e+06 1.70644e+06 1.65599e+06
pelacesobs
 0 0 0 0 0 0 0 0 0 0 0 0 0 0 0 552880 188675 0 991730 2.46772e+06 1.41603e+06 1.21717e+06 2.29649e+06 1.80582e+06 0 1.4828e+06 1.56532e+06 1.57751e+06 1.42118e+06 867257 1.10002e+06 1.06204e+06 0
pelacespred
 1.6329e+06 1.01462e+06 532131 476821 524017 808659 506963 578062 424211 312035 363047 373076 306482 141840 352270 618093 615015 1.17773e+06 1.0559e+06 891209 1.68921e+06 1.49165e+06 1.20448e+06 1.87153e+06 1.40775e+06 1.26093e+06 1.67211e+06 1.65069e+06 1.31194e+06 1.15838e+06 955835 936560 917923
mphobs
 0 0 0 0 0 0 0 0 0 0 0 0 498337 0 5186 125008 0 168611 109162 213762 579715 649985 157893 87575 83554 210694 70296 0 107559 103333 445601 22526 28222
mphpred
 540468 362111 179798 105739 127574 148714 185037 124310 113853 82947.1 58008.2 88788.4 95584.4 54699.4 21405.8 70534.5 177407 172967 238215 324164 448734 553725 107982 92823.2 126512 104860 91531 98319.9 138033 110342 73201.1 76237.1 52080.4
desembarqueobs
 494567 514787 250237 358949 120608 361735 552515 73892 212993 205616 52469 317467 293654 387597 252695 516296 358380 742168 942051 627588 828172 859565 418607 520667 417249 300574 415391 372974 316634 284311 391294 218835 356480
desembarquepred
 494571 513289 251023 358990 120614 361766 552601 73896.5 213044 205664 52471.1 317507 293860 388148 252676 516267 358419 742126 941857 627437 828268 859642 418642 520723 417248 300590 415413 372970 316623 284290 391319 218854 356502
Reclutas
 209864 106976 142793 224554 191303 282770 124682 66304.9 58380.3 77576.7 156481 169550 82693.6 45471.8 149058 495826 119688 569211 451809 467411 569821 715751 158272 432349 423889 174054 390385 472912 189267 175136 222025 123802 296370
log_desv_Rt
 0.0295288 -0.64433 -0.355537 0.097184 -0.0630707 0.327704 -0.491166 -1.12267 -1.24995 -0.965664 -0.263999 -0.18378 -0.901789 -1.49984 -0.312595 0.889294 -0.532042 1.02732 0.79633 0.830279 1.02839 1.2564 -0.252613 0.752302 0.732541 -0.157568 0.650203 0.841979 -0.0737705 -0.15137 0.0858577 -0.498243 0.374677
SSB
 3.49688e+06 2.34289e+06 1.16331e+06 684143 825417 962196 1.1972e+06 804297 736640 536676 375319 574470 592627 346385 134319 443167 1.14784e+06 1.11911e+06 1.58714e+06 1.30994e+06 1.85481e+06 2.38549e+06 2.24558e+06 1.86643e+06 2.39793e+06 2.09933e+06 1.73559e+06 1.80028e+06 2.61238e+06 1.97533e+06 1.47673e+06 1.57675e+06 1.00127e+06
BT
 4.69297e+06 3.16377e+06 1.64382e+06 1.54542e+06 1.46325e+06 2.41578e+06 1.83164e+06 1.57083e+06 1.32216e+06 1.01298e+06 994457 1.24271e+06 1.06644e+06 775027 1.17031e+06 2.04791e+06 1.88894e+06 3.72355e+06 3.67851e+06 2.88674e+06 5.05345e+06 4.72595e+06 3.50949e+06 5.36367e+06 4.07014e+06 3.55406e+06 4.78494e+06 4.66732e+06 3.68379e+06 3.29428e+06 2.85826e+06 2.6252e+06 2.7136e+06
Ftot
 0.130099 0.235264 0.228174 0.358598 0.108274 0.236837 0.454978 0.0695545 0.269665 0.337911 0.091573 0.401369 0.434593 1.17514 0.547571 0.491447 0.244742 0.361884 0.485787 0.357581 0.246859 0.309496 0.162318 0.172939 0.157412 0.11934 0.16849 0.146093 0.105782 0.130102 0.215521 0.110818 0.224136
BD_Bspro_t
 0.979551 0.85916 0.714246 0.650722 0.665902 0.736286 0.715111 0.585265 0.650763 0.620498 0.601487 0.763096 0.651861 0.469047 0.26919 0.53363 0.648862 0.623 0.646251 0.572917 0.60736 0.659605 0.676183 0.673995 0.752596 0.770773 0.774857 0.797699 0.841258 0.804767 0.773805 0.770141 0.767877
BD_Bspro
 2.38217 1.59604 0.792478 0.466057 0.562297 0.655475 0.815569 0.547909 0.501819 0.365598 0.255677 0.391345 0.403714 0.235967 0.091502 0.301898 0.781939 0.762369 1.08121 0.892365 1.26355 1.62506 1.52975 1.27147 1.63354 1.43012 1.18233 1.2264 1.77963 1.34565 1.00599 1.07413 0.682094
BD_Bo
 2.41428 1.61755 0.803159 0.472338 0.569875 0.664309 0.826561 0.555294 0.508583 0.370526 0.259123 0.396619 0.409155 0.239147 0.0927352 0.305966 0.792478 0.772644 1.09578 0.904392 1.28057 1.64696 1.55036 1.2886 1.65555 1.4494 1.19827 1.24293 1.80361 1.36379 1.01955 1.0886 0.691287
BD_Brms
 2.5855 1.73227 0.860118 0.505836 0.61029 0.711421 0.88518 0.594675 0.544651 0.396803 0.2775 0.424747 0.438172 0.256108 0.0993119 0.327665 0.84868 0.82744 1.17349 0.968531 1.37139 1.76377 1.66032 1.37999 1.77296 1.55219 1.28325 1.33108 1.93152 1.46051 1.09185 1.16581 0.740312
Sel_flota
 0.47508 0.945043 0.996949 0.999839 0.999992
 0.47508 0.945043 0.996949 0.999839 0.999992
 0.47508 0.945043 0.996949 0.999839 0.999992
 0.47508 0.945043 0.996949 0.999839 0.999992
 0.47508 0.945043 0.996949 0.999839 0.999992
 0.47508 0.945043 0.996949 0.999839 0.999992
 0.47508 0.945043 0.996949 0.999839 0.999992
 0.47508 0.945043 0.996949 0.999839 0.999992
 0.47508 0.945043 0.996949 0.999839 0.999992
 0.47508 0.945043 0.996949 0.999839 0.999992
 0.47508 0.945043 0.996949 0.999839 0.999992
 0.47508 0.945043 0.996949 0.999839 0.999992
 0.47508 0.945043 0.996949 0.999839 0.999992
 0.47508 0.945043 0.996949 0.999839 0.999992
 0.47508 0.945043 0.996949 0.999839 0.999992
 0.47508 0.945043 0.996949 0.999839 0.999992
 0.47508 0.945043 0.996949 0.999839 0.999992
 0.47508 0.945043 0.996949 0.999839 0.999992
 0.47508 0.945043 0.996949 0.999839 0.999992
 0.47508 0.945043 0.996949 0.999839 0.999992
 0.47508 0.945043 0.996949 0.999839 0.999992
 0.47508 0.945043 0.996949 0.999839 0.999992
 0.47508 0.945043 0.996949 0.999839 0.999992
 0.47508 0.945043 0.996949 0.999839 0.999992
 0.47508 0.945043 0.996949 0.999839 0.999992
 0.47508 0.945043 0.996949 0.999839 0.999992
 0.47508 0.945043 0.996949 0.999839 0.999992
 0.47508 0.945043 0.996949 0.999839 0.999992
 0.47508 0.945043 0.996949 0.999839 0.999992
 0.47508 0.945043 0.996949 0.999839 0.999992
 0.47508 0.945043 0.996949 0.999839 0.999992
 0.47508 0.945043 0.996949 0.999839 0.999992
 0.47508 0.945043 0.996949 0.999839 0.999992
Sel_reclas
 1 1 1 1 1
 1 1 1 1 1
 1 1 1 1 1
 1 1 1 1 1
 1 1 1 1 1
 1 1 1 1 1
 1 1 1 1 1
 1 1 1 1 1
 1 1 1 1 1
 1 1 1 1 1
 1 1 1 1 1
 1 1 1 1 1
 1 1 1 1 1
 1 1 1 1 1
 1 1 1 1 1
 1 1 1 1 1
 1 1 1 1 1
 1 1 1 1 1
 1 1 1 1 1
 1 1 1 1 1
 1 1 1 1 1
 1 1 1 1 1
 1 1 1 1 1
 1 1 1 1 1
 1 1 1 1 1
 1 1 1 1 1
 1 1 1 1 1
 1 1 1 1 1
 1 1 1 1 1
 1 1 1 1 1
 1 1 1 1 1
 1 1 1 1 1
 1 1 1 1 1
Sel_pelaces
 1 1 1 1 1
 1 1 1 1 1
 1 1 1 1 1
 1 1 1 1 1
 1 1 1 1 1
 1 1 1 1 1
 1 1 1 1 1
 1 1 1 1 1
 1 1 1 1 1
 1 1 1 1 1
 1 1 1 1 1
 1 1 1 1 1
 1 1 1 1 1
 1 1 1 1 1
 1 1 1 1 1
 1 1 1 1 1
 1 1 1 1 1
 1 1 1 1 1
 1 1 1 1 1
 1 1 1 1 1
 1 1 1 1 1
 1 1 1 1 1
 1 1 1 1 1
 1 1 1 1 1
 1 1 1 1 1
 1 1 1 1 1
 1 1 1 1 1
 1 1 1 1 1
 1 1 1 1 1
 1 1 1 1 1
 1 1 1 1 1
 1 1 1 1 1
 1 1 1 1 1
pf_obs 
 0.8446 0.082 0.0669 0.0065 0
 0.8095 0.147 0.0364 0.0071 0
 0.9664 0.0169 0.016 0.0007 0
 0.9276 0.0648 0.0075 0.0001 0
 0.7033 0.2144 0.0806 0.0017 0
 0.9318 0.0425 0.0243 0.0014 0
 0.5671 0.3108 0.0964 0.0239 0.0018
 0.0768 0.2599 0.5324 0.112 0.0189
 0.490249 0.384438 0.106611 0.0170017 0.00170017
 0.7925 0.1577 0.0466 0.003 0.0002
 0.840416 0.127587 0.0312969 0.00059994 9.999e-05
 0.8084 0.0986 0.0794 0.0134 0.0002
 0.7335 0.1905 0.0724 0.0035 0.0001
 0.4001 0.4547 0.1325 0.0127 0
 0.49795 0.308269 0.164784 0.0264974 0.00249975
 0.9179 0.0499 0.0305 0.0017 0
 0.2467 0.6533 0.0926 0.0074 0
 0.9418 0.0223 0.034 0.0019 0
 0.707729 0.231977 0.0356964 0.0245975 0
 0.517169 0.277429 0.184464 0.0207286 0.00020938
 0.811772 0.124168 0.05621 0.00726502 0.000585176
 0.764997 0.148141 0.077277 0.00933861 0.000247198
 0.163321 0.427699 0.378323 0.0303852 0.000271297
 0.753843 0.0900009 0.118128 0.0371064 0.000921714
 0.721811 0.176058 0.0630433 0.0369309 0.00215725
 0.143369 0.312575 0.442814 0.0836902 0.0175525
 0.692698 0.0596174 0.167031 0.0765114 0.00414204
 0.394062 0.376323 0.152708 0.0712218 0.00568511
 0.125707 0.32114 0.495352 0.0537591 0.00404204
 0.23352 0.215282 0.420074 0.123614 0.00750983
 0.796117 0.104755 0.0508955 0.0450114 0.00322123
 0.162477 0.292055 0.404252 0.121198 0.0200186
 0 0 0 0 0
pf_pred 
 0.326492 0.120098 0.525483 0.0279263 1.05193e-06
 0.278854 0.359862 0.0673856 0.279108 0.0147894
 0.487418 0.2288 0.14592 0.0257801 0.112082
 0.630216 0.246065 0.0570538 0.0343337 0.0323309
 0.525133 0.372534 0.069536 0.0151531 0.0176443
 0.604107 0.271572 0.0986706 0.0174465 0.00820392
 0.357763 0.487832 0.107863 0.0369647 0.00957829
 0.334148 0.365456 0.231749 0.0480063 0.0206405
 0.394751 0.301621 0.170671 0.102642 0.0303149
 0.560193 0.254736 0.0950422 0.0506783 0.0393505
 0.706585 0.214481 0.0469241 0.0164658 0.015544
 0.579341 0.347673 0.0541315 0.0112223 0.00763248
 0.395328 0.452292 0.127326 0.0185988 0.00645522
 0.399289 0.355255 0.186611 0.0491995 0.00964596
 0.849476 0.0982023 0.0321077 0.0153864 0.00482729
 0.856903 0.13279 0.00688707 0.00210201 0.00131831
 0.288533 0.6611 0.0469606 0.00227857 0.00112741
 0.779683 0.0998156 0.112426 0.00753144 0.000544472
 0.554954 0.394016 0.0239156 0.0253036 0.00181143
 0.582492 0.305948 0.0995234 0.00565174 0.0063845
 0.607609 0.293649 0.0735491 0.0224832 0.00270963
 0.609102 0.297719 0.0707585 0.0167135 0.00570654
 0.216556 0.599669 0.141981 0.0317637 0.0100308
 0.597847 0.143432 0.200616 0.0449218 0.013183
 0.530497 0.353856 0.0427658 0.0565524 0.0163288
 0.30027 0.48526 0.163898 0.0187374 0.0318348
 0.606707 0.181086 0.149626 0.0478593 0.0147223
 0.583375 0.316276 0.0476245 0.0372096 0.0155152
 0.305837 0.511147 0.140807 0.020064 0.0221451
 0.388129 0.284666 0.244364 0.0637794 0.0190613
 0.518994 0.270287 0.100954 0.082038 0.0277275
 0.372933 0.432426 0.112191 0.0395663 0.042884
 0.660904 0.183658 0.109018 0.0267911 0.0196295
pobs_RECLAS
 0 0 0 0 0
 0 0 0 0 0
 0 0 0 0 0
 0 0 0 0 0
 0 0 0 0 0
 0 0 0 0 0
 0 0 0 0 0
 0 0 0 0 0
 0 0 0 0 0
 0 0 0 0 0
 0.991045 0.00858322 0.000360255 1.14367e-05 0
 0.934742 0.0480273 0.0164251 0.00080598 0
 0.827803 0.169806 0.00239088 0 0
 0.941827 0.0461693 0.0120037 0 0
 0.791401 0.0380133 0.147996 0.0225897 0
 0.846168 0.0940531 0.0597789 0 0
 0.134021 0.677848 0.182769 0.00536245 0
 0.80878 0.0450904 0.141981 0.00414843 0
 0.846168 0.0940531 0.0597789 0 0
 0.905697 0.0802665 0.012482 0.00150086 5.37128e-05
 0.989698 0.0102097 9.19794e-05 0 0
 0.975433 0.0193895 0.00387452 0.00125025 5.28907e-05
 0.303575 0.632131 0.0575291 0.00676475 0
 0.966965 0.00978017 0.0227588 0.000495775 0
 0.843318 0.132988 0.00938335 0.0141283 0.000182051
 0.564624 0.303363 0.111486 0.0197234 0.00080311
 0.826376 0.0876187 0.0782897 0.00655872 0.00115652
 0.89761 0.0855135 0.0140674 0.00269457 0.000114338
 0.34875 0.467042 0.161289 0.0227151 0.000203297
 0.318654 0.224769 0.449479 0.00709798 0
 0.937255 0.0296025 0.0250945 0.00804832 0
 0.456809 0.399803 0.12412 0.0192676 0
 0.883104 0.0372192 0.0704036 0.00927362 0
ppred_RECLAS
 0.503364 0.0925743 0.383728 0.0203332 7.65794e-07
 0.44431 0.285229 0.0505677 0.208829 0.0110637
 0.66335 0.154953 0.093568 0.0164821 0.0716465
 0.778479 0.150198 0.0329455 0.0197663 0.0186103
 0.690921 0.245298 0.0433807 0.0094258 0.0109737
 0.757311 0.16934 0.0582514 0.0102693 0.0048282
 0.534697 0.358219 0.0748748 0.0255816 0.00662765
 0.506319 0.277597 0.166817 0.0344553 0.0148119
 0.574557 0.217995 0.116762 0.070012 0.0206746
 0.724965 0.163093 0.0575732 0.0306071 0.023762
 0.829894 0.126164 0.0261539 0.00915073 0.0086371
 0.738284 0.218392 0.0321573 0.00664656 0.00451972
 0.574049 0.323087 0.085995 0.0125233 0.00434587
 0.595104 0.245718 0.121119 0.0318221 0.00623785
 0.921792 0.0520457 0.0160744 0.00767924 0.00240888
 0.924616 0.0702366 0.00344267 0.00104752 0.000656866
 0.450171 0.512846 0.0344888 0.00166847 0.000825407
 0.880694 0.0557033 0.0593521 0.00396406 0.000286529
 0.719057 0.250349 0.0143614 0.0151484 0.00108427
 0.741252 0.192401 0.0592084 0.00335223 0.00378626
 0.759476 0.182478 0.043269 0.0131877 0.0015891
 0.761107 0.184336 0.0414597 0.00976373 0.00333314
 0.359269 0.496661 0.111381 0.0248448 0.00784467
 0.755234 0.0904106 0.119769 0.0267398 0.00784598
 0.696383 0.231948 0.0265525 0.0350093 0.010107
 0.465846 0.376583 0.120502 0.013736 0.0233337
 0.760945 0.113353 0.0887097 0.0282913 0.00870153
 0.739568 0.20032 0.0285733 0.0222592 0.00927992
 0.471677 0.394564 0.102982 0.0146314 0.0161465
 0.56635 0.207677 0.168888 0.0439511 0.0131333
 0.689436 0.178787 0.0632315 0.0512322 0.017313
 0.547237 0.317524 0.0780504 0.0274457 0.0297424
 0.800607 0.110735 0.062237 0.0152496 0.0111714
pobs_PELACES
 0 0 0 0 0
 0 0 0 0 0
 0 0 0 0 0
 0 0 0 0 0
 0 0 0 0 0
 0 0 0 0 0
 0 0 0 0 0
 0 0 0 0 0
 0 0 0 0 0
 0 0 0 0 0
 0 0 0 0 0
 0 0 0 0 0
 0 0 0 0 0
 0 0 0 0 0
 0 0 0 0 0
 0 0 0 0 0
 0.505614 0.472636 0.0217494 0 0
 0 0 0 0 0
 0.443492 0.261883 0.143347 0.151278 0
 0.227955 0.32914 0.350689 0.0885471 0.00366901
 0.970185 0.0296113 0.000203453 0 0
 0.997202 0.00247181 0.000326279 0 0
 0.445219 0.490057 0.0546422 0.010081 0
 0.90214 0.0892962 0.00764917 0.000914606 0
 0 0 0 0 0
 0.581667 0.319106 0.0959925 0.00289975 0.000334073
 0.762889 0.0836404 0.116647 0.0363945 0.000428098
 0.88444 0.0763242 0.0277011 0.0115352 0
 0.521256 0.241999 0.230069 0.00667565 0
 0.616807 0.101726 0.260614 0.0208532 0
 0.833518 0.0704572 0.0857862 0.0102388 0
 0.697417 0.212968 0.0787535 0.0105354 0.000325836
 0 0 0 0 0
ppred_PELACES
 0.508862 0.0917161 0.379324 0.0200974 7.56907e-07
 0.453844 0.28091 0.0496018 0.204794 0.0108498
 0.671684 0.151445 0.0910928 0.0160426 0.0697352
 0.788261 0.143858 0.0313616 0.0188096 0.0177092
 0.694578 0.24249 0.0428047 0.00929967 0.0108268
 0.764221 0.164722 0.0564336 0.00994656 0.00467642
 0.552652 0.345023 0.0715567 0.0244374 0.00633105
 0.509147 0.276153 0.165751 0.0342329 0.0147162
 0.585306 0.212978 0.113549 0.0680678 0.0201002
 0.73576 0.157071 0.0551273 0.0292974 0.0227448
 0.831948 0.124692 0.0258084 0.00902905 0.00852221
 0.750348 0.208565 0.0305 0.0063016 0.00428505
 0.590879 0.310883 0.0821331 0.011956 0.0041489
 0.639991 0.220226 0.10639 0.0279211 0.00547283
 0.927913 0.0481258 0.0147249 0.00703091 0.00220544
 0.929798 0.0654469 0.00318102 0.000967455 0.000606642
 0.459653 0.504145 0.0337618 0.00163291 0.000807809
 0.886799 0.0530282 0.0561526 0.00374908 0.000270985
 0.734204 0.237072 0.013487 0.0142196 0.00101776
 0.75204 0.18467 0.0564825 0.0031968 0.00361064
 0.766585 0.177268 0.0418562 0.0127541 0.00153684
 0.769942 0.177737 0.039764 0.00936163 0.00319582
 0.36523 0.492351 0.110108 0.024557 0.00775374
 0.760503 0.0886319 0.117066 0.0261319 0.00766754
 0.701658 0.228068 0.0260381 0.0343259 0.0099096
 0.470606 0.373455 0.119257 0.0135925 0.0230898
 0.765942 0.111154 0.0867386 0.0276582 0.00850674
 0.744021 0.197011 0.0280311 0.0218338 0.00910251
 0.475882 0.391604 0.102025 0.0144939 0.0159947
 0.571587 0.205411 0.166674 0.0433694 0.0129594
 0.696888 0.174779 0.0615861 0.0498888 0.0168588
 0.551636 0.314622 0.0771904 0.0271404 0.0294114
 0.806369 0.107721 0.0603114 0.0147746 0.0108234
pobs_pel_tallas
 0 0 0 0 0 0 0 0 0 0 0 0 0 0 0 0 0 0 0 0 0 0 0 0 0 0
 0 0 0 0 0 0 0 0 0 0 0 0 0 0 0 0 0 0 0 0 0 0 0 0 0 0
 0 0 0 0 0 0 0 0 0 0 0 0 0 0 0 0 0 0 0 0 0 0 0 0 0 0
 0 0 0 0 0 0 0 0 0 0 0 0 0 0 0 0 0 0 0 0 0 0 0 0 0 0
 0 0 0 0 0 0 0 0 0 0 0 0 0 0 0 0 0 0 0 0 0 0 0 0 0 0
 0 0 0 0 0 0 0 0 0 0 0 0 0 0 0 0 0 0 0 0 0 0 0 0 0 0
 0 0 0 0 0 0 0 0 0 0 0 0 0 0 0 0 0 0 0 0 0 0 0 0 0 0
 0 0 0 0 0 0 0 0 0 0 0 0 0 0 0 0 0 0 0 0 0 0 0 0 0 0
 0 0 0 0 0 0 0 0 0 0 0 0 0 0 0 0 0 0 0 0 0 0 0 0 0 0
 0 0 0 0 0 0 0 0 0 0 0 0 0 0 0 0 0 0 0 0 0 0 0 0 0 0
 0 0 0 0 0 0 0 0 0 0 0 0 0 0 0 0 0 0 0 0 0 0 0 0 0 0
 0 0 0 0 0 0 0 0 0 0 0 0 0 0 0 0 0 0 0 0 0 0 0 0 0 0
 0.00862536 0 0 0.000197151 0.00414017 0.0128641 0.00837892 0.0270097 0.101434 0.158115 0.152841 0.127902 0.109271 0.109419 0.0830992 0.0579132 0.0238553 0.00714673 0.00463305 0.00128148 0.00103504 0.000492878 0.000147863 0.000147863 4.92878e-05 0
 0 0 0 0 0 0 0 0 0 0 0 0 0 0 0 0 0 0 0 0 0 0 0 0 0 0
 0 0 0 0 0 0 0 0.0054083 0.00873648 0.0413646 0.0450493 0.0745869 0.0622846 0.0627006 0.0613931 0.0827291 0.12552 0.122667 0.0946155 0.0697135 0.0546179 0.0294188 0.0215738 0.0213955 0.0102223 0.00600262
 0 0 0 0 0.00359764 0.0251062 0.0480494 0.140153 0.205849 0.193036 0.1447 0.116669 0.0760912 0.0342217 0.00950174 0.001854 0.000860785 0 0 0 0.000165536 0 0.000143464 0 0 0
 0 0 0 0 0 0 0 0.000145254 0.000435761 0.0275982 0.070085 0.0708112 0.156366 0.174668 0.174014 0.160142 0.0824315 0.0480064 0.0283245 0.00493863 0.00203355 0 0 0 0 0
 0 0 0 0 0 0 0 0 0 0 0 0 0 0 0 0 0 0 0 0 0 0 0 0 0 0
 0 0 1.00437e-05 0.000401748 0.00122533 0.00171747 0.00176769 0.0269171 0.070346 0.194647 0.189555 0.159765 0.064822 0.0314167 0.0384472 0.0292271 0.0345202 0.0313363 0.0194345 0.0106764 0.0143323 0.0359363 0.0279516 0.0138201 0.00172751 0
 0 0.0021121 0.0136068 0.0755702 0.200478 0.177729 0.0527432 0.0373336 0.0318909 0.0142505 0.0149659 0.0166563 0.0217959 0.0798694 0.0677717 0.0528807 0.04013 0.0224614 0.0357745 0.0225083 0.00881397 0.00855152 0.00135912 0.000746735 0 0
 0 0 0 0 5.4009e-05 0.00500934 0.000945158 0.0243581 0.138947 0.33067 0.221406 0.137944 0.0707744 0.0437923 0.0131692 0.00525238 0.0047753 0.00276346 9.45158e-05 9.00151e-06 2.25038e-05 9.00151e-06 4.50075e-06 0 0 0
 0.000866109 0.00284123 0.00948549 0.0512746 0.133035 0.25785 0.225252 0.132002 0.0553304 0.0519788 0.0540692 0.017754 0.00435017 0.00159236 0.00146478 0.000404838 0.000125132 0.000115318 0.000107957 0.000100596 0 0 0 0 0 0
 0 0 0 0 0.00144013 0.00171154 0.00461396 0.0210425 0.0478622 0.0707936 0.0888783 0.103762 0.0637923 0.0337046 0.0602308 0.124433 0.169614 0.0934646 0.0462172 0.0250306 0.0313229 0.00938855 0.002487 0.000210481 0 0
 0 0.00764035 0.051015 0.0998891 0.058973 0.0496711 0.0374665 0.0718981 0.12319 0.153886 0.159021 0.0857701 0.0377988 0.023471 0.0147837 0.00900784 0.00315554 0.000888139 0.00291439 0.00214683 0.00393193 0.00274676 0.000635225 9.99891e-05 0 0
 0 0 0 0 0 0 0 0 0 0 0 0 0 0 0 0 0 0 0 0 0 0 0 0 0 0
 0 0 0 0 0 0 0 0 0 0 0 0 0 0 0 0 0 0 0 0 0 0 0 0 0 0
 0 0 0 0 0 0 0 0 0 0 0 0 0 0 0 0 0 0 0 0 0 0 0 0 0 0
 0 0 0 0 0 0 0 0 0 0 0 0 0 0 0 0 0 0 0 0 0 0 0 0 0 0
 0 0 0 0 0 0 0 0 0 0 0 0 0 0 0 0 0 0 0 0 0 0 0 0 0 0
 0 0 0 0 0 0 0 0 0 0 0 0 0 0 0 0 0 0 0 0 0 0 0 0 0 0
 0 0 0 0 0 0 0 0 0 0 0 0 0 0 0 0 0 0 0 0 0 0 0 0 0 0
 0 0 0 0 0 0 0 0 0 0 0 0 0 0 0 0 0 0 0 0 0 0 0 0 0 0
 0 0 0 0 0 0 0 0 0 0 0 0 0 0 0 0 0 0 0 0 0 0 0 0 0 0
ppred_pel_tallas
 1.12986e-16 4.19143e-05 0.000407422 0.00270746 0.0123077 0.038294 0.0815897 0.119085 0.119094 0.081636 0.0384509 0.0127683 0.00389102 0.00308158 0.00538506 0.00952411 0.015313 0.0225724 0.0310206 0.040326 0.0499472 0.0588172 0.0652657 0.0674999 0.0644665 0.0565077
 1.23878e-16 3.73826e-05 0.000363372 0.00241473 0.0109771 0.0341538 0.0727693 0.106215 0.106242 0.0729021 0.0345999 0.0122668 0.00565747 0.00746095 0.0135755 0.0225492 0.0329004 0.0423449 0.0486776 0.0511289 0.0509168 0.0503983 0.0514319 0.0542038 0.0572672 0.0585461
 1.16078e-16 5.53258e-05 0.000537786 0.00357378 0.0162459 0.0505471 0.107696 0.157189 0.157204 0.107768 0.0507892 0.0169469 0.00533963 0.00441398 0.00748057 0.0124493 0.0183363 0.023941 0.0280984 0.0303439 0.0311873 0.0316865 0.0326572 0.0341473 0.0355058 0.0358589
 1.05826e-16 6.49281e-05 0.000631124 0.00419404 0.0190655 0.0593199 0.126388 0.18447 0.184484 0.126456 0.059548 0.0197245 0.00584947 0.00424959 0.00695118 0.0114275 0.0165501 0.0210226 0.0235819 0.0236797 0.0218149 0.019181 0.0169099 0.0154993 0.0147627 0.0141751
 1.04063e-16 5.72115e-05 0.000556117 0.00369559 0.0167996 0.05227 0.111368 0.162549 0.162573 0.111482 0.0526538 0.0179083 0.00647932 0.00663561 0.011611 0.0191255 0.0275948 0.0348077 0.0385497 0.0378054 0.0333554 0.0272255 0.0214481 0.0171029 0.0141941 0.0121525
 1.0346e-16 6.29479e-05 0.000611876 0.00406613 0.0184841 0.0575109 0.122534 0.178845 0.178861 0.122611 0.0577724 0.0192403 0.00596704 0.00477014 0.00798544 0.0131678 0.0191164 0.0243613 0.0274391 0.0276638 0.0255003 0.0221827 0.0189017 0.0162192 0.0140559 0.0120705
 1.05676e-16 4.55213e-05 0.000442483 0.00294046 0.0133669 0.0415896 0.0886123 0.129339 0.129373 0.088775 0.0421361 0.0149458 0.00690557 0.00910508 0.0165173 0.0272873 0.039429 0.0498493 0.055421 0.054703 0.048777 0.0404556 0.0325322 0.0264468 0.0221516 0.0188531
 1.10778e-16 4.19378e-05 0.00040765 0.00270898 0.0123147 0.0383156 0.0816364 0.119156 0.119183 0.0817676 0.0387566 0.0135911 0.00592315 0.00745767 0.0135296 0.0225587 0.0330968 0.0428893 0.0496355 0.0522431 0.0513707 0.0487428 0.0458411 0.0430737 0.0399436 0.0358143
 1.1356e-16 4.82109e-05 0.000468627 0.00311419 0.0141567 0.0440468 0.0938472 0.136977 0.136998 0.0939483 0.0443868 0.0151408 0.00559232 0.00590456 0.0104499 0.0174069 0.0255656 0.033213 0.038645 0.0411261 0.0412881 0.0405516 0.0400468 0.0399152 0.0394406 0.037722
 1.08419e-16 6.06036e-05 0.000589089 0.0039147 0.0177957 0.055369 0.11797 0.172184 0.172199 0.118044 0.0556188 0.0185178 0.00573061 0.00456427 0.00764327 0.0126286 0.0183998 0.0236025 0.0269107 0.0277538 0.0266502 0.0248049 0.0232932 0.0224778 0.0220119 0.0212647
 1.03125e-16 6.85265e-05 0.000666102 0.00442648 0.0201221 0.0626075 0.133392 0.194693 0.194705 0.133451 0.062805 0.0206928 0.00585982 0.00379786 0.00602457 0.00987355 0.0142701 0.0180613 0.0201248 0.019954 0.0179559 0.0151588 0.0125717 0.010695 0.00946998 0.00855302
 1.02291e-16 6.18052e-05 0.000600769 0.00399232 0.0181485 0.0564669 0.120309 0.175599 0.175619 0.120408 0.0567967 0.0191013 0.00638391 0.00582194 0.00997866 0.0164013 0.0236264 0.0297229 0.0327646 0.0318626 0.0276877 0.022005 0.0166085 0.0124887 0.00971125 0.00783219
 1.04351e-16 4.867e-05 0.00047309 0.00314385 0.0142915 0.0444663 0.0947413 0.138284 0.138314 0.094888 0.0449592 0.0157158 0.00672188 0.00829344 0.0149286 0.024675 0.0357078 0.0452505 0.0504895 0.050103 0.0450034 0.037633 0.0304178 0.0246125 0.0202133 0.0166246
 1.06853e-16 5.27152e-05 0.000512411 0.00340515 0.0154793 0.0481621 0.102615 0.149774 0.149796 0.10272 0.0485129 0.0164943 0.00595891 0.00610742 0.0107379 0.017824 0.0260356 0.0335068 0.0383545 0.0396929 0.0380931 0.0350487 0.0319102 0.0291697 0.0265346 0.0235023
 1.01516e-16 7.6431e-05 0.000742936 0.00493707 0.0224432 0.0698292 0.148779 0.217148 0.217152 0.148801 0.0699056 0.0226641 0.00549225 0.00195734 0.00239012 0.00384978 0.00558459 0.00712179 0.00803688 0.00813968 0.00757909 0.00672631 0.0059303 0.00534018 0.00490094 0.00447187
 1.00309e-16 7.65862e-05 0.000744446 0.0049471 0.0224888 0.0699711 0.149081 0.217589 0.217596 0.149112 0.0700744 0.022787 0.00569516 0.00237589 0.00317036 0.00510789 0.00732222 0.00914805 0.00996498 0.00948962 0.00794402 0.0059127 0.00400348 0.00257233 0.00166903 0.00115696
 1.01404e-16 3.78611e-05 0.000368023 0.00244565 0.0111176 0.0345912 0.073702 0.10758 0.107629 0.0739391 0.0353871 0.0134155 0.00821059 0.0129424 0.0238876 0.0393485 0.0564842 0.0706157 0.0769938 0.0734168 0.0615543 0.0458549 0.0309544 0.019585 0.0121745 0.00776409
 1.02056e-16 7.30445e-05 0.000710018 0.00471832 0.0214488 0.0667352 0.142187 0.207527 0.207532 0.142212 0.0668207 0.0216965 0.00534379 0.00208739 0.00272395 0.00447869 0.00665594 0.00880829 0.0105162 0.0115597 0.0119971 0.0120323 0.0117966 0.0112496 0.0102696 0.00882102
 1.02049e-16 6.04755e-05 0.000587843 0.00390642 0.0177581 0.055252 0.117721 0.171822 0.171845 0.117833 0.0556263 0.0188388 0.0066178 0.00650236 0.0112804 0.01852 0.026597 0.0332914 0.0363897 0.0348863 0.0295954 0.0226233 0.0161311 0.0113416 0.00835669 0.00661632
 1.02609e-16 6.19446e-05 0.000602123 0.00400132 0.0181894 0.0565942 0.120581 0.175995 0.176012 0.120668 0.0568872 0.0190363 0.00612918 0.00525449 0.00891874 0.0147011 0.0212978 0.0270432 0.0302698 0.0301873 0.027316 0.0230698 0.018849 0.0153719 0.012638 0.0103259
 1.02793e-16 6.31426e-05 0.000613769 0.00407871 0.0185412 0.0576888 0.122913 0.179398 0.179415 0.122996 0.0579697 0.019353 0.00611767 0.00506945 0.00853893 0.0140525 0.0203211 0.0257315 0.0286794 0.0284213 0.0254969 0.0213227 0.0172997 0.0141422 0.011822 0.00995388
 1.02673e-16 6.34191e-05 0.000616457 0.00409657 0.0186224 0.0579414 0.123451 0.180184 0.180201 0.123535 0.0582229 0.019436 0.00613991 0.00508099 0.00855388 0.0140711 0.0203344 0.0257194 0.0286107 0.0282592 0.0252098 0.0208965 0.0167473 0.0135051 0.0111624 0.00933996
 1.07079e-16 3.00836e-05 0.000292424 0.00194326 0.00883381 0.0274855 0.0585626 0.0854838 0.0855313 0.0587948 0.0282655 0.0110874 0.00760333 0.0126591 0.0235479 0.0389637 0.0563174 0.0712222 0.0792078 0.0781941 0.0696855 0.0576527 0.0460552 0.036962 0.0303701 0.0252485
 1.0732e-16 6.26416e-05 0.000608899 0.00404635 0.0183941 0.057231 0.121937 0.177972 0.177981 0.12198 0.0573747 0.0188115 0.00510226 0.00294162 0.00457424 0.00767611 0.0115511 0.0155745 0.0191321 0.0219164 0.0240209 0.0256841 0.0269214 0.0273977 0.0266523 0.0244563
 1.0593e-16 5.77947e-05 0.000561785 0.00373326 0.0169709 0.0528028 0.112503 0.164206 0.164228 0.11261 0.0531635 0.0180127 0.00634872 0.00627241 0.010907 0.0179518 0.0258882 0.032641 0.0361535 0.035523 0.0315585 0.0262381 0.0215018 0.018308 0.016507 0.015352
 1.08808e-16 3.87633e-05 0.000376793 0.00250392 0.0113825 0.0354154 0.0754575 0.11014 0.110176 0.075634 0.0360082 0.013096 0.00681036 0.00979503 0.0179764 0.0297901 0.0432212 0.0550056 0.0618236 0.0621286 0.0570119 0.0493372 0.0418839 0.0359874 0.0314778 0.0275217
 1.06745e-16 6.30897e-05 0.000613254 0.00407529 0.0185257 0.0576403 0.122809 0.179246 0.179257 0.122862 0.0578186 0.0190422 0.00537759 0.00347578 0.00555736 0.00923974 0.0136624 0.0179382 0.0211977 0.0230379 0.023706 0.0238011 0.0237518 0.023521 0.0227345 0.0210464
 1.0459e-16 6.12841e-05 0.000595703 0.00395866 0.0179955 0.0559908 0.119295 0.174118 0.174137 0.119388 0.0563025 0.0188959 0.00621923 0.0055322 0.00944182 0.0155272 0.0224002 0.0282593 0.0313218 0.0307931 0.0273473 0.0226659 0.0184079 0.0154105 0.0135851 0.0123494
 1.07205e-16 3.91979e-05 0.000381017 0.002532 0.0115101 0.0358124 0.0763036 0.111375 0.111413 0.0764884 0.0364333 0.0133042 0.0070391 0.0102321 0.0187838 0.0310843 0.0449918 0.0570349 0.0636853 0.0633015 0.057062 0.0480701 0.0393923 0.0325874 0.0275892 0.0235537
 1.11405e-16 4.70809e-05 0.000457643 0.0030412 0.0138249 0.0430144 0.0916475 0.133766 0.133786 0.0917454 0.043344 0.0147798 0.00544923 0.00575138 0.0102098 0.0170903 0.025286 0.0332112 0.039254 0.0426476 0.0438143 0.0438233 0.0434448 0.0426237 0.0407282 0.0372118
 1.09679e-16 5.74018e-05 0.000557966 0.00370788 0.0168555 0.0524438 0.111738 0.163088 0.163105 0.11182 0.0527217 0.0176594 0.00572975 0.00498503 0.00850522 0.0140777 0.0205342 0.0263901 0.030189 0.0313132 0.0303464 0.0286138 0.0272666 0.0266375 0.0262645 0.025393
 1.10008e-16 4.54376e-05 0.000441669 0.00293505 0.0133423 0.0415131 0.0884492 0.129101 0.129131 0.0885977 0.0420119 0.0147839 0.00655678 0.00835858 0.0151129 0.0249982 0.0362117 0.0459826 0.0515251 0.0515904 0.0472031 0.0409122 0.0351724 0.0311277 0.0285137 0.0263829
 1.05082e-16 6.64196e-05 0.000645622 0.00429039 0.0195035 0.0606826 0.129291 0.188706 0.188717 0.129342 0.0608546 0.020001 0.00554303 0.00339251 0.00531977 0.00878563 0.012876 0.0166708 0.0192744 0.0202747 0.0199539 0.0190159 0.0180636 0.017258 0.0163732 0.0150977
pSPR Fmed_Fpbrs
1   0.983777 0.6 0.325 0.983777 0.983777 0.983777
Fs Fmed_Fpbrs
0   0.01 0.356556 0.921115 0.01 0.01 0.01
SSBpbr Bo_Bmed_Bpbrs
1.44842e+06  1.376e+06  1.3525e+06 796629 398315 1.3525e+06 1.3525e+06 1.3525e+06
Ro
203757
SPR SPRFo_SPRFmed_SPRFpbrs
1.46794e+06 1.46794e+06 1.44412e+06
Fref
0
Nvult_r0
 198354 30347.3 17239.9 4226.71 3096.48
CTP_r0
 19088.6 5304.52 3148.71 773.797 566.952
YTP_r0
356502
Np
 296370 109028 40109.3 14755.4 7425.12
Nvult_p0
 187341 68919 25353.9 9327.17 4693.57
CTP_p0
 0 0 0 0 0
 0 0 0 0 0
 0 0 0 0 0
 0 0 0 0 0
 0 0 0 0 0
 0 0 0 0 0
YTP_p0
 0 0 0 0 0 0
CBA_c0
0
log_Ro
12.0447
likeval ReclasPelacesDesembMPH_pf_preclas_ppelaces_ptallas_desvR_qrecl_qpela
 21.6451 17.2138 0.106004 66.6969 239.322 139.038 111.72 0 23.2776 4.04576e-06 7.7722e-07 0.472183 2065.94 0 0
q_reclas_q_pelaces
0.752424 0.882782
M
1
N
 209864 39794.5 165509 8771.75 0.330367
 106976 72577.3 12945.9 53480.9 2833.45
 142793 35192.4 21377 3766.83 16374.4
 224554 47133.9 10435.3 6264.13 5897.95
 191303 69668.7 12355.5 2685.03 3126
 282770 66848 23136.9 4080.25 1918.4
 124682 92955.2 19660.3 6721.52 1741.46
 66304.9 36951.8 22245.6 4595.19 1975.42
 58380.3 23599.4 12729 7635.45 2254.8
 77576.7 18894.4 6728.65 3578.84 2778.52
 156481 24306.2 5050.69 1767.37 1668.18
 169550 55115.3 8200.47 1695.93 1153.28
 82693.6 51545.7 13875.4 2021.92 701.675
 45471.8 24746.3 12575.6 3309.67 648.828
 149058 9571.67 2998.53 1433.63 449.729
 495826 42275 2098.72 639.046 400.738
 119688 144423 9774.31 473.02 234.012
 569211 39197.6 42159.3 2817.25 203.641
 451809 176325 10243.3 10812.2 773.927
 467411 131957 40986.3 2321.74 2622.42
 569821 145086 34623.9 10556.6 1272.08
 715751 186428 42268.3 9958.61 3399.74
 158272 227306 51190.7 11421.4 3606.3
 432349 53903.9 71729.3 16018.3 4700.15
 423889 146507 16840.2 22208.8 6411.6
 174054 144704 46447 5295.39 8995.52
 390385 60501.4 47555.9 15170.2 4665.95
 472912 132567 18981 14789.7 6165.93
 189267 162309 42479.5 6036.29 6661.41
 175136 66214.9 54029.8 14063.2 4202.36
 222025 60567.1 21540.9 17458.6 5899.89
 123802 73729.2 18175.5 6392.27 6927.26
 296370 43208.6 24426.6 5987.03 4386.02
pred_Ctot
 7991.39 2939.58 12862 683.54 0.0257476
 7216.56 9312.99 1743.89 7223.13 382.739
 9355.36 4391.52 2800.74 494.816 2151.27
 22545.7 8802.87 2041.07 1228.27 1156.62
 6088.65 4319.35 806.235 175.692 204.577
 19197.3 8630.01 3135.55 554.414 260.704
 15592.6 21261.4 4701.03 1611.05 417.456
 1366.02 1494.01 947.406 196.253 84.3796
 4484.17 3426.26 1938.73 1165.96 344.361
 7368.82 3350.81 1250.19 666.626 517.619
 4225.99 1282.78 280.647 98.4799 92.9664
 18897.9 11341 1765.75 366.068 248.969
 9916.71 11345.6 3193.95 466.545 161.928
 12861.9 11443.5 6011.09 1584.81 310.715
 22044 2548.36 833.198 399.278 125.269
 66514.7 10307.4 534.59 163.162 102.33
 8383.98 19209.8 1364.55 66.2089 32.7593
 57637.3 7378.77 8310.97 556.755 40.2496
 59976.3 42583 2584.67 2734.67 195.77
 46805.2 24584 7997.04 454.136 513.016
 40243.9 19449.3 4871.39 1489.13 179.467
 62612.5 30603.9 7273.6 1718.06 586.602
 7472.07 20691.1 4898.92 1095.98 346.106
 21701.8 5206.58 7282.35 1630.66 478.54
 19425.6 12957.4 1565.99 2070.82 597.925
 6092.55 9846.04 3325.53 380.187 645.935
 19107.9 5703.2 4712.38 1507.3 463.67
 20158.5 10928.9 1645.67 1285.78 536.127
 5888.1 9840.81 2710.88 386.281 426.347
 6669.13 4891.34 4198.85 1095.9 327.525
 13773.7 7173.18 2679.22 2177.22 735.865
 4030.83 4673.85 1212.61 427.651 463.51
 19088.6 5304.52 3148.71 773.797 566.952
F
 0.0618073 0.122949 0.129702 0.130078 0.130098
 0.111769 0.222335 0.234546 0.235226 0.235262
 0.108401 0.215634 0.227478 0.228137 0.228172
 0.170363 0.338891 0.357504 0.358541 0.358595
 0.0514389 0.102324 0.107944 0.108257 0.108273
 0.112516 0.223821 0.236114 0.236799 0.236835
 0.216151 0.429974 0.45359 0.454905 0.454975
 0.033044 0.065732 0.0693423 0.0695433 0.0695539
 0.128113 0.254845 0.268843 0.269622 0.269663
 0.160535 0.319341 0.33688 0.337857 0.337909
 0.0435045 0.0865404 0.0912936 0.0915582 0.0915722
 0.190682 0.37931 0.400144 0.401304 0.401365
 0.206467 0.410709 0.433267 0.434523 0.43459
 0.558284 1.11055 1.17155 1.17495 1.17513
 0.26014 0.517478 0.5459 0.547483 0.547566
 0.233477 0.464439 0.489948 0.491368 0.491443
 0.116272 0.231292 0.243996 0.244703 0.24474
 0.171924 0.341996 0.36078 0.361826 0.361881
 0.230788 0.459089 0.484304 0.485708 0.485782
 0.16988 0.33793 0.35649 0.357524 0.357578
 0.117278 0.233293 0.246106 0.24682 0.246857
 0.147036 0.292487 0.308552 0.309447 0.309494
 0.077114 0.153397 0.161823 0.162292 0.162317
 0.0821601 0.163435 0.172412 0.172912 0.172938
 0.0747831 0.148761 0.156931 0.157386 0.15741
 0.0566962 0.112782 0.118976 0.119321 0.119339
 0.0800463 0.15923 0.167976 0.168463 0.168489
 0.0694058 0.138064 0.145647 0.146069 0.146092
 0.0502551 0.0999688 0.10546 0.105765 0.105781
 0.0618088 0.122952 0.129705 0.130081 0.130101
 0.10239 0.203677 0.214864 0.215487 0.21552
 0.0526472 0.104727 0.110479 0.1108 0.110817
 0.106482 0.211818 0.223452 0.2241 0.224134
YTP_r0W_actual
 143928 92563.8 75789.5 24235.3 19985.1
YTP_p0W_proyectada
 0 0 0 0 0
 0 0 0 0 0
 0 0 0 0 0
 0 0 0 0 0
 0 0 0 0 0
 0 0 0 0 0
CTP_r0_actual
 19088.6 5304.52 3148.71 773.797 566.952
CTP_p0_proyectada
 0 0 0 0 0
 0 0 0 0 0
 0 0 0 0 0
 0 0 0 0 0
 0 0 0 0 0
 0 0 0 0 0
Wmedp
 7.54 17.45 24.07 31.32 35.25
Frms_r0
 0.106482 0.211818 0.223452 0.2241 0.224134
Zrms_r0
 1.10648 1.21182 1.22345 1.2241 1.22413
nmprior
 7.29 8.9 8.7 0
nm_flota  nm_reclas  nm_pelaces    nm_pelaL
inf 10.4571 16.5516 50.8599
cv_recla  cv_pelaces  cv_mph
0.402912 0.454495 0.654802
 ------------------------------------------------
Talla a la edad & desviaci?n 
 8 13.2811 15.8009 17.003 17.5766
 0.8 1.32811 1.58009 1.7003 1.75766
