years
 1991 1992 1993 1994 1995 1996 1997 1998 1999 2000 2001 2002 2003 2004 2005 2006 2007 2008 2009 2010 2011 2012 2013 2014 2015 2016 2017 2018 2019 2020 2021 2022 2023
reclasobs
 0 0 0 0 0 0 0 0 0 252601 567819 844713 477998 351125 339783 2.1784e+06 2.13404e+06 4.81314e+06 1.55562e+06 2.62356e+06 3.21686e+06 3.843e+06 1.13348e+06 3.07943e+06 1.97215e+06 2.03268e+06 2.025e+06 2.42433e+06 2.27542e+06 1.05018e+06 2.36338e+06 3.18982e+06 1.53035e+06
reclaspred
 1.0277e+07 2.57271e+06 1.19598e+06 1.05022e+06 166579 5.3406e+06 4.33611e+06 2.19822e+06 239137 258154 338119 1.32745e+06 1.02135e+06 261461 605965 2.10051e+06 1.18831e+06 2.9637e+06 2.26098e+06 2.30985e+06 3.41283e+06 3.61455e+06 2.05167e+06 2.77514e+06 2.58298e+06 1.91222e+06 2.15932e+06 2.99106e+06 2.3384e+06 1.92264e+06 1.89618e+06 1.31231e+06 813525
pelacesobs
 0 0 0 0 0 0 0 0 0 0 0 0 0 0 0 552880 188675 0 991730 2.46772e+06 1.41603e+06 1.21717e+06 2.29649e+06 1.80582e+06 0 1.4828e+06 1.56532e+06 1.57751e+06 1.42118e+06 867257 1.10002e+06 1.06204e+06 0
pelacespred
 9.28855e+06 2.05899e+06 621631 399363 54558.1 3.16216e+06 2.86351e+06 2.04194e+06 90098.1 89968 177558 613926 501850 74589.7 280466 927955 532532 1.50735e+06 1.02417e+06 978065 1.6529e+06 1.77505e+06 1.1128e+06 1.65102e+06 1.45334e+06 1.11217e+06 1.40336e+06 1.79736e+06 1.42796e+06 1.25794e+06 975891 733146 340460
mphobs
 0 0 0 0 0 0 0 0 0 0 0 0 498337 0 5186 125008 0 168611 109162 213762 579715 649985 157893 87575 83554 210694 70296 0 107559 103333 445601 22526 28222
mphpred
 2.45637e+06 925091 126553 209082 79658.6 8005.25 1.25954e+06 501564 155644 4081.79 21823.4 61934.4 228324 59524.8 10355.5 73012.5 354119 94952.5 362764 300332 547180 490136 171255 61956 142740 140127 67544.1 109820 209860 90991.2 86743.4 94953.8 23896.5
desembarqueobs
 494567 514787 250237 358949 120608 361735 552515 73892 212993 205616 52469 317467 293654 387597 252695 516296 358380 742168 942051 627588 828172 859565 418607 520667 417249 300574 415391 372974 316634 284311 391294 218835 356480
desembarquepred
 494493 514323 250070 358321 120467 361563 551931 73870 212650 205346 52443.9 317083 293252 386698 252300 515573 357888 741006 939494 626276 827366 858189 417994 520124 416636 300206 414858 372551 316111 283787 390671 218626 356079
Reclutas
 5404.39 3438.24 180707 51782.4 3982.94 412948 5077 1554.54 2497.55 51202.3 28005.5 151163 52921.5 51287.3 54885.9 253500 13361.5 306243 229271 242543 187181 412312 13200.2 136666 168951 23293.4 118185 143462 23845.9 92852.4 83956.1 11427.9 73993.8
log_desv_Rt
 -2.16338 -2.61563 1.34628 0.0964574 -2.46857 2.17273 -2.22587 -3.40942 -2.93528 0.0851917 -0.518193 1.16777 0.118217 0.0868496 0.154663 1.68477 -1.25822 1.87379 1.58431 1.64058 1.38148 2.17119 -1.27036 1.06695 1.27902 -0.702425 0.921657 1.11548 -0.678983 0.680418 0.5797 -1.41454 0.453388
SSB
 1.66032e+06 625293 85540.2 141324 53843.3 5410.95 851353 339020 105203 2758.99 14751 41863 143301 37971.8 6573.86 47084.5 239358 64180.8 260501 143803 273467 262349 383870 130407 269480 290177 128237 195818 394431 156316 183479 209061 48421.4
BT
 2.06263e+06 899275 410696 377466 108911 1.82374e+06 1.13088e+06 426797 228281 236066 117951 529216 419204 418970 378595 829083 411003 1.34956e+06 1.27106e+06 867943 1.3123e+06 1.40947e+06 602774 1.16571e+06 838514 531141 994692 1.0181e+06 593859 702663 661179 352681 454422
Ftot
 0.316639 1.20137 1.19664 1.67857 2.80357 0.402717 0.701138 0.223685 3.32895 3.48601 0.881437 1.31281 1.4716 4.78782 2.13728 1.35074 1.48494 1.3827 2.02617 1.45757 1.29996 1.29407 1.08005 1.07361 0.90399 0.869934 1.0919 0.717531 0.755244 0.861363 1.13499 0.917186 2.19662
BD_Bspro_t
 0.9506 0.602356 0.185439 0.276641 0.0972799 0.0147759 0.610685 0.351896 0.180947 0.00959011 0.0607726 0.195131 0.284155 0.0824005 0.0169349 0.109366 0.264115 0.0895812 0.225082 0.126897 0.175225 0.170092 0.239139 0.111038 0.231684 0.286163 0.186498 0.288148 0.42148 0.243214 0.295465 0.282489 0.130858
BD_Bspro
 4.90124 1.84585 0.252514 0.417185 0.158945 0.0159731 2.51318 1.00078 0.310559 0.00814449 0.0435448 0.123579 0.423021 0.112092 0.0194059 0.138993 0.706581 0.189461 0.768994 0.424505 0.807272 0.77445 1.13318 0.384959 0.7955 0.856599 0.378555 0.578051 1.16436 0.461443 0.541626 0.617145 0.142939
BD_Bo
 6.67752 2.51482 0.344028 0.568379 0.216548 0.0217619 3.42399 1.36348 0.42311 0.0110962 0.059326 0.168366 0.57633 0.152716 0.0264389 0.189366 0.962656 0.258124 1.04769 0.578351 1.09984 1.05512 1.54386 0.524473 1.0838 1.16704 0.515749 0.787545 1.58633 0.628677 0.737919 0.840807 0.194743
BD_Brms
 7.16237 2.69742 0.369008 0.609648 0.232272 0.023342 3.67261 1.46248 0.453832 0.0119018 0.0636336 0.180591 0.618177 0.163804 0.0283586 0.203115 1.03255 0.276866 1.12376 0.620345 1.1797 1.13173 1.65596 0.562555 1.16249 1.25178 0.553197 0.844728 1.70152 0.674324 0.791499 0.901857 0.208883
Sel_flota
 0.588497 1 1 1 1
 0.588497 1 1 1 1
 0.588497 1 1 1 1
 0.588497 1 1 1 1
 0.588497 1 1 1 1
 0.588497 1 1 1 1
 0.588497 1 1 1 1
 0.588497 1 1 1 1
 0.588497 1 1 1 1
 0.588497 1 1 1 1
 0.588497 1 1 1 1
 0.588497 1 1 1 1
 0.588497 1 1 1 1
 0.588497 1 1 1 1
 0.588497 1 1 1 1
 0.588497 1 1 1 1
 0.588497 1 1 1 1
 0.588497 1 1 1 1
 0.588497 1 1 1 1
 0.588497 1 1 1 1
 0.588497 1 1 1 1
 0.588497 1 1 1 1
 0.588497 1 1 1 1
 0.588497 1 1 1 1
 0.588497 1 1 1 1
 0.588497 1 1 1 1
 0.588497 1 1 1 1
 0.588497 1 1 1 1
 0.588497 1 1 1 1
 0.588497 1 1 1 1
 0.588497 1 1 1 1
 0.588497 1 1 1 1
 0.588497 1 1 1 1
Sel_reclas
 0.503317 0.836061 0.962499 0.992317 0.998464
 0.503317 0.836061 0.962499 0.992317 0.998464
 0.503317 0.836061 0.962499 0.992317 0.998464
 0.503317 0.836061 0.962499 0.992317 0.998464
 0.503317 0.836061 0.962499 0.992317 0.998464
 0.503317 0.836061 0.962499 0.992317 0.998464
 0.503317 0.836061 0.962499 0.992317 0.998464
 0.503317 0.836061 0.962499 0.992317 0.998464
 0.503317 0.836061 0.962499 0.992317 0.998464
 0.503317 0.836061 0.962499 0.992317 0.998464
 0.503317 0.836061 0.962499 0.992317 0.998464
 0.503317 0.836061 0.962499 0.992317 0.998464
 0.503317 0.836061 0.962499 0.992317 0.998464
 0.503317 0.836061 0.962499 0.992317 0.998464
 0.503317 0.836061 0.962499 0.992317 0.998464
 0.503317 0.836061 0.962499 0.992317 0.998464
 0.503317 0.836061 0.962499 0.992317 0.998464
 0.503317 0.836061 0.962499 0.992317 0.998464
 0.503317 0.836061 0.962499 0.992317 0.998464
 0.503317 0.836061 0.962499 0.992317 0.998464
 0.503317 0.836061 0.962499 0.992317 0.998464
 0.503317 0.836061 0.962499 0.992317 0.998464
 0.503317 0.836061 0.962499 0.992317 0.998464
 0.503317 0.836061 0.962499 0.992317 0.998464
 0.503317 0.836061 0.962499 0.992317 0.998464
 0.503317 0.836061 0.962499 0.992317 0.998464
 0.503317 0.836061 0.962499 0.992317 0.998464
 0.503317 0.836061 0.962499 0.992317 0.998464
 0.503317 0.836061 0.962499 0.992317 0.998464
 0.503317 0.836061 0.962499 0.992317 0.998464
 0.503317 0.836061 0.962499 0.992317 0.998464
 0.503317 0.836061 0.962499 0.992317 0.998464
 0.503317 0.836061 0.962499 0.992317 0.998464
Sel_pelaces
 0.328326 0.710985 0.925264 0.984204 0.996821
 0.328326 0.710985 0.925264 0.984204 0.996821
 0.328326 0.710985 0.925264 0.984204 0.996821
 0.328326 0.710985 0.925264 0.984204 0.996821
 0.328326 0.710985 0.925264 0.984204 0.996821
 0.328326 0.710985 0.925264 0.984204 0.996821
 0.328326 0.710985 0.925264 0.984204 0.996821
 0.328326 0.710985 0.925264 0.984204 0.996821
 0.328326 0.710985 0.925264 0.984204 0.996821
 0.328326 0.710985 0.925264 0.984204 0.996821
 0.328326 0.710985 0.925264 0.984204 0.996821
 0.328326 0.710985 0.925264 0.984204 0.996821
 0.328326 0.710985 0.925264 0.984204 0.996821
 0.328326 0.710985 0.925264 0.984204 0.996821
 0.328326 0.710985 0.925264 0.984204 0.996821
 0.328326 0.710985 0.925264 0.984204 0.996821
 0.328326 0.710985 0.925264 0.984204 0.996821
 0.328326 0.710985 0.925264 0.984204 0.996821
 0.328326 0.710985 0.925264 0.984204 0.996821
 0.328326 0.710985 0.925264 0.984204 0.996821
 0.328326 0.710985 0.925264 0.984204 0.996821
 0.328326 0.710985 0.925264 0.984204 0.996821
 0.328326 0.710985 0.925264 0.984204 0.996821
 0.328326 0.710985 0.925264 0.984204 0.996821
 0.328326 0.710985 0.925264 0.984204 0.996821
 0.328326 0.710985 0.925264 0.984204 0.996821
 0.328326 0.710985 0.925264 0.984204 0.996821
 0.328326 0.710985 0.925264 0.984204 0.996821
 0.328326 0.710985 0.925264 0.984204 0.996821
 0.328326 0.710985 0.925264 0.984204 0.996821
 0.328326 0.710985 0.925264 0.984204 0.996821
 0.328326 0.710985 0.925264 0.984204 0.996821
 0.328326 0.710985 0.925264 0.984204 0.996821
pf_obs 
 0.8446 0.082 0.0669 0.0065 0
 0.8095 0.147 0.0364 0.0071 0
 0.9664 0.0169 0.016 0.0007 0
 0.9276 0.0648 0.0075 0.0001 0
 0.7033 0.2144 0.0806 0.0017 0
 0.9318 0.0425 0.0243 0.0014 0
 0.5671 0.3108 0.0964 0.0239 0.0018
 0.0768 0.2599 0.5324 0.112 0.0189
 0.490249 0.384438 0.106611 0.0170017 0.00170017
 0.7925 0.1577 0.0466 0.003 0.0002
 0.840416 0.127587 0.0312969 0.00059994 9.999e-05
 0.8084 0.0986 0.0794 0.0134 0.0002
 0.7335 0.1905 0.0724 0.0035 0.0001
 0.4001 0.4547 0.1325 0.0127 0
 0.49795 0.308269 0.164784 0.0264974 0.00249975
 0.9179 0.0499 0.0305 0.0017 0
 0.2467 0.6533 0.0926 0.0074 0
 0.9418 0.0223 0.034 0.0019 0
 0.707729 0.231977 0.0356964 0.0245975 0
 0.517169 0.277429 0.184464 0.0207286 0.00020938
 0.811772 0.124168 0.05621 0.00726502 0.000585176
 0.764997 0.148141 0.077277 0.00933861 0.000247198
 0.163321 0.427699 0.378323 0.0303852 0.000271297
 0.753843 0.0900009 0.118128 0.0371064 0.000921714
 0.721811 0.176058 0.0630433 0.0369309 0.00215725
 0.143369 0.312575 0.442814 0.0836902 0.0175525
 0.692698 0.0596174 0.167031 0.0765114 0.00414204
 0.394062 0.376323 0.152708 0.0712218 0.00568511
 0.125707 0.32114 0.495352 0.0537591 0.00404204
 0.23352 0.215282 0.420074 0.123614 0.00750983
 0.796117 0.104755 0.0508955 0.0450114 0.00322123
 0.162477 0.292055 0.404252 0.121198 0.0200186
 0 0 0 0 0
pf_pred 
 0.0324834 0.163732 0.702815 0.100969 8.38802e-07
 0.0779913 0.0535842 0.146963 0.630834 0.0906284
 0.971019 0.0048005 0.00140532 0.00385429 0.0189213
 0.53335 0.460782 0.000971984 0.000284542 0.0046115
 0.25426 0.564001 0.179454 0.000378545 0.00190679
 0.998112 0.00108297 0.000608494 0.000193612 2.46563e-06
 0.0270006 0.972021 0.000561279 0.000315367 0.000101622
 0.0394324 0.0513418 0.908312 0.000524491 0.000389659
 0.220465 0.0535009 0.0388061 0.686537 0.000690949
 0.994737 0.00301891 0.000154008 0.000111708 0.00197826
 0.885866 0.114014 6.87187e-05 3.50565e-06 4.75735e-05
 0.94268 0.0540643 0.00325223 1.96019e-06 1.45702e-06
 0.591283 0.398724 0.00942495 0.000566957 5.95717e-07
 0.811726 0.148074 0.0392169 0.000927002 5.58222e-05
 0.973148 0.0261125 0.000581321 0.000153961 3.85845e-06
 0.968848 0.0308818 0.000263221 5.85988e-06 1.59087e-06
 0.184115 0.805334 0.0104597 8.91537e-05 2.52359e-06
 0.974959 0.00916122 0.015674 0.000203575 1.78429e-06
 0.775107 0.222586 0.000844034 0.00144406 1.892e-05
 0.861391 0.126515 0.0119693 4.5387e-05 7.86702e-05
 0.766665 0.219408 0.0127111 0.00120256 1.24641e-05
 0.889722 0.0979442 0.0115974 0.000671878 6.42236e-05
 0.10879 0.847663 0.0386769 0.00457968 0.000290677
 0.887886 0.0242829 0.0835396 0.00381172 0.000479987
 0.80132 0.188169 0.00227648 0.0078317 0.00040234
 0.277319 0.648058 0.0706753 0.000855031 0.00309266
 0.877182 0.0552749 0.0605691 0.00660549 0.000368961
 0.795264 0.192855 0.00534724 0.00585939 0.000674701
 0.287949 0.632402 0.0750274 0.00208027 0.00254199
 0.834266 0.0754275 0.0802049 0.00951541 0.000586222
 0.721198 0.254991 0.0108365 0.0115228 0.00145127
 0.294247 0.604257 0.0928286 0.00394497 0.00472317
 0.916719 0.039474 0.0375066 0.00576193 0.000538037
pobs_RECLAS
 0 0 0 0 0
 0 0 0 0 0
 0 0 0 0 0
 0 0 0 0 0
 0 0 0 0 0
 0 0 0 0 0
 0 0 0 0 0
 0 0 0 0 0
 0 0 0 0 0
 0 0 0 0 0
 0.991045 0.00858322 0.000360255 1.14367e-05 0
 0.934742 0.0480273 0.0164251 0.00080598 0
 0.827803 0.169806 0.00239088 0 0
 0.941827 0.0461693 0.0120037 0 0
 0.791401 0.0380133 0.147996 0.0225897 0
 0.846168 0.0940531 0.0597789 0 0
 0.134021 0.677848 0.182769 0.00536245 0
 0.80878 0.0450904 0.141981 0.00414843 0
 0.846168 0.0940531 0.0597789 0 0
 0.905697 0.0802665 0.012482 0.00150086 5.37128e-05
 0.989698 0.0102097 9.19794e-05 0 0
 0.975433 0.0193895 0.00387452 0.00125025 5.28907e-05
 0.303575 0.632131 0.0575291 0.00676475 0
 0.966965 0.00978017 0.0227588 0.000495775 0
 0.843318 0.132988 0.00938335 0.0141283 0.000182051
 0.564624 0.303363 0.111486 0.0197234 0.00080311
 0.826376 0.0876187 0.0782897 0.00655872 0.00115652
 0.89761 0.0855135 0.0140674 0.00269457 0.000114338
 0.34875 0.467042 0.161289 0.0227151 0.000203297
 0.318654 0.224769 0.449479 0.00709798 0
 0.937255 0.0296025 0.0250945 0.00804832 0
 0.456809 0.399803 0.12412 0.0192676 0
 0.883104 0.0372192 0.0704036 0.00927362 0
ppred_RECLAS
 0.0298952 0.145365 0.718342 0.106397 8.89369e-07
 0.0738208 0.0459636 0.145126 0.64225 0.09284
 0.969591 0.00434587 0.00146463 0.0041414 0.0204567
 0.56888 0.424701 0.00103136 0.000311277 0.00507603
 0.305025 0.506861 0.185663 0.000403775 0.00204648
 0.998064 0.00104002 0.000672734 0.000220683 2.82779e-06
 0.0285815 0.970279 0.000645002 0.000373637 0.000121144
 0.0357355 0.0450841 0.918225 0.000546641 0.000408631
 0.258316 0.0434216 0.0362582 0.661335 0.000669708
 0.996148 0.00204332 0.000120003 8.97389e-05 0.00159906
 0.892905 0.106963 7.42187e-05 3.90354e-06 5.33011e-05
 0.94786 0.0487592 0.00337667 2.09824e-06 1.5693e-06
 0.62007 0.369258 0.0100484 0.000623189 6.58858e-07
 0.884947 0.0876407 0.0267216 0.000651209 3.94574e-05
 0.977804 0.0214906 0.000550779 0.000150392 3.79234e-06
 0.972031 0.0276898 0.000271706 6.23617e-06 1.70351e-06
 0.203427 0.784733 0.0117335 0.000103109 2.93669e-06
 0.97553 0.00816684 0.0160858 0.000215396 1.89959e-06
 0.805582 0.192081 0.000838511 0.00147906 1.94986e-05
 0.873983 0.11352 0.012364 4.83362e-05 8.43012e-05
 0.783801 0.20144 0.013435 0.00131043 1.36662e-05
 0.898246 0.0888493 0.0121115 0.0007234 6.95767e-05
 0.116818 0.833702 0.0437926 0.00534607 0.000341423
 0.885276 0.0221883 0.0878778 0.00413388 0.00052378
 0.811319 0.177019 0.00246545 0.00874459 0.000452021
 0.288508 0.628075 0.0788546 0.00098354 0.00357951
 0.877938 0.0506207 0.0638577 0.00717989 0.000403529
 0.803274 0.183486 0.00585685 0.00661664 0.000766617
 0.297352 0.613514 0.0837941 0.00239531 0.0029451
 0.832741 0.0701839 0.0859152 0.0105087 0.000651424
 0.736617 0.23742 0.0116156 0.012734 0.00161375
 0.30527 0.58188 0.10291 0.00450888 0.00543175
 0.925979 0.0324173 0.0354596 0.00561623 0.00052768
pobs_PELACES
 0 0 0 0 0
 0 0 0 0 0
 0 0 0 0 0
 0 0 0 0 0
 0 0 0 0 0
 0 0 0 0 0
 0 0 0 0 0
 0 0 0 0 0
 0 0 0 0 0
 0 0 0 0 0
 0 0 0 0 0
 0 0 0 0 0
 0 0 0 0 0
 0 0 0 0 0
 0 0 0 0 0
 0 0 0 0 0
 0.505614 0.472636 0.0217494 0 0
 0 0 0 0 0
 0.443492 0.261883 0.143347 0.151278 0
 0.227955 0.32914 0.350689 0.0885471 0.00366901
 0.970185 0.0296113 0.000203453 0 0
 0.997202 0.00247181 0.000326279 0 0
 0.445219 0.490057 0.0546422 0.010081 0
 0.90214 0.0892962 0.00764917 0.000914606 0
 0 0 0 0 0
 0.581667 0.319106 0.0959925 0.00289975 0.000334073
 0.762889 0.0836404 0.116647 0.0363945 0.000428098
 0.88444 0.0763242 0.0277011 0.0115352 0
 0.521256 0.241999 0.230069 0.00667565 0
 0.616807 0.101726 0.260614 0.0208532 0
 0.833518 0.0704572 0.0857862 0.0102388 0
 0.697417 0.212968 0.0787535 0.0105354 0.000325836
 0 0 0 0 0
ppred_PELACES
 0.0216563 0.131501 0.734586 0.112256 9.44523e-07
 0.058746 0.0405062 0.144576 0.66012 0.0960517
 0.961699 0.00477655 0.00181973 0.00530879 0.0263958
 0.559118 0.433243 0.00118932 0.000370345 0.00607903
 0.322399 0.47727 0.197626 0.000443431 0.00226227
 0.997457 0.00128289 0.000938062 0.000317487 4.095e-06
 0.0242185 0.974469 0.000732277 0.000437656 0.000142835
 0.0254012 0.040527 0.933068 0.000573106 0.000431235
 0.266629 0.0371789 0.0350945 0.660424 0.000673189
 0.99662 0.00166001 0.000110207 8.50293e-05 0.00152511
 0.878159 0.121669 9.54334e-05 5.17862e-06 7.11774e-05
 0.942944 0.0529095 0.00414199 2.65549e-06 1.99915e-06
 0.603675 0.383763 0.0118052 0.000755379 8.03874e-07
 0.916393 0.0617541 0.0212846 0.000535171 3.26401e-05
 0.978249 0.020968 0.000607477 0.000171137 4.34389e-06
 0.969682 0.0299756 0.000332499 7.87368e-06 2.16499e-06
 0.193026 0.793438 0.0134111 0.000121591 3.48587e-06
 0.971377 0.00878648 0.0195635 0.000270278 2.39929e-06
 0.806854 0.190473 0.000939943 0.00171059 2.26994e-05
 0.864891 0.120151 0.0147931 5.96679e-05 0.00010475
 0.766783 0.215331 0.0162345 0.00163375 1.71503e-05
 0.888129 0.0960673 0.0148035 0.000912245 8.83176e-05
 0.104432 0.839066 0.0498229 0.00627527 0.000403404
 0.860881 0.0243126 0.10885 0.00528295 0.000673779
 0.786913 0.197971 0.00311688 0.011406 0.000593474
 0.256333 0.646418 0.0917429 0.00118061 0.00432502
 0.855759 0.05546 0.0790875 0.00917447 0.000519025
 0.773653 0.208991 0.00754106 0.00878971 0.0010251
 0.261294 0.634309 0.0979339 0.00288836 0.0035747
 0.799274 0.0781237 0.108108 0.0136429 0.000851279
 0.711498 0.256255 0.0141723 0.0160299 0.00204481
 0.272006 0.596755 0.119306 0.00539316 0.0065398
 0.923159 0.0312654 0.0386603 0.0063175 0.000597477
pobs_pel_tallas
 0 0 0 0 0 0 0 0 0 0 0 0 0 0 0 0 0 0 0 0 0 0 0 0 0 0
 0 0 0 0 0 0 0 0 0 0 0 0 0 0 0 0 0 0 0 0 0 0 0 0 0 0
 0 0 0 0 0 0 0 0 0 0 0 0 0 0 0 0 0 0 0 0 0 0 0 0 0 0
 0 0 0 0 0 0 0 0 0 0 0 0 0 0 0 0 0 0 0 0 0 0 0 0 0 0
 0 0 0 0 0 0 0 0 0 0 0 0 0 0 0 0 0 0 0 0 0 0 0 0 0 0
 0 0 0 0 0 0 0 0 0 0 0 0 0 0 0 0 0 0 0 0 0 0 0 0 0 0
 0 0 0 0 0 0 0 0 0 0 0 0 0 0 0 0 0 0 0 0 0 0 0 0 0 0
 0 0 0 0 0 0 0 0 0 0 0 0 0 0 0 0 0 0 0 0 0 0 0 0 0 0
 0 0 0 0 0 0 0 0 0 0 0 0 0 0 0 0 0 0 0 0 0 0 0 0 0 0
 0 0 0 0 0 0 0 0 0 0 0 0 0 0 0 0 0 0 0 0 0 0 0 0 0 0
 0 0 0 0 0 0 0 0 0 0 0 0 0 0 0 0 0 0 0 0 0 0 0 0 0 0
 0 0 0 0 0 0 0 0 0 0 0 0 0 0 0 0 0 0 0 0 0 0 0 0 0 0
 0.00862536 0 0 0.000197151 0.00414017 0.0128641 0.00837892 0.0270097 0.101434 0.158115 0.152841 0.127902 0.109271 0.109419 0.0830992 0.0579132 0.0238553 0.00714673 0.00463305 0.00128148 0.00103504 0.000492878 0.000147863 0.000147863 4.92878e-05 0
 0 0 0 0 0 0 0 0 0 0 0 0 0 0 0 0 0 0 0 0 0 0 0 0 0 0
 0 0 0 0 0 0 0 0.0054083 0.00873648 0.0413646 0.0450493 0.0745869 0.0622846 0.0627006 0.0613931 0.0827291 0.12552 0.122667 0.0946155 0.0697135 0.0546179 0.0294188 0.0215738 0.0213955 0.0102223 0.00600262
 0 0 0 0 0.00359764 0.0251062 0.0480494 0.140153 0.205849 0.193036 0.1447 0.116669 0.0760912 0.0342217 0.00950174 0.001854 0.000860785 0 0 0 0.000165536 0 0.000143464 0 0 0
 0 0 0 0 0 0 0 0.000145254 0.000435761 0.0275982 0.070085 0.0708112 0.156366 0.174668 0.174014 0.160142 0.0824315 0.0480064 0.0283245 0.00493863 0.00203355 0 0 0 0 0
 0 0 0 0 0 0 0 0 0 0 0 0 0 0 0 0 0 0 0 0 0 0 0 0 0 0
 0 0 1.00437e-05 0.000401748 0.00122533 0.00171747 0.00176769 0.0269171 0.070346 0.194647 0.189555 0.159765 0.064822 0.0314167 0.0384472 0.0292271 0.0345202 0.0313363 0.0194345 0.0106764 0.0143323 0.0359363 0.0279516 0.0138201 0.00172751 0
 0 0.0021121 0.0136068 0.0755702 0.200478 0.177729 0.0527432 0.0373336 0.0318909 0.0142505 0.0149659 0.0166563 0.0217959 0.0798694 0.0677717 0.0528807 0.04013 0.0224614 0.0357745 0.0225083 0.00881397 0.00855152 0.00135912 0.000746735 0 0
 0 0 0 0 5.4009e-05 0.00500934 0.000945158 0.0243581 0.138947 0.33067 0.221406 0.137944 0.0707744 0.0437923 0.0131692 0.00525238 0.0047753 0.00276346 9.45158e-05 9.00151e-06 2.25038e-05 9.00151e-06 4.50075e-06 0 0 0
 0.000866109 0.00284123 0.00948549 0.0512746 0.133035 0.25785 0.225252 0.132002 0.0553304 0.0519788 0.0540692 0.017754 0.00435017 0.00159236 0.00146478 0.000404838 0.000125132 0.000115318 0.000107957 0.000100596 0 0 0 0 0 0
 0 0 0 0 0.00144013 0.00171154 0.00461396 0.0210425 0.0478622 0.0707936 0.0888783 0.103762 0.0637923 0.0337046 0.0602308 0.124433 0.169614 0.0934646 0.0462172 0.0250306 0.0313229 0.00938855 0.002487 0.000210481 0 0
 0 0.00764035 0.051015 0.0998891 0.058973 0.0496711 0.0374665 0.0718981 0.12319 0.153886 0.159021 0.0857701 0.0377988 0.023471 0.0147837 0.00900784 0.00315554 0.000888139 0.00291439 0.00214683 0.00393193 0.00274676 0.000635225 9.99891e-05 0 0
 0 0 0 0 0 0 0 0 0 0 0 0 0 0 0 0 0 0 0 0 0 0 0 0 0 0
 0 0 0 0 0 0 0 0 0 0 0 0 0 0 0 0 0 0 0 0 0 0 0 0 0 0
 0 0 0 0 0 0 0 0 0 0 0 0 0 0 0 0 0 0 0 0 0 0 0 0 0 0
 0 0 0 0 0 0 0 0 0 0 0 0 0 0 0 0 0 0 0 0 0 0 0 0 0 0
 0 0 0 0 0 0 0 0 0 0 0 0 0 0 0 0 0 0 0 0 0 0 0 0 0 0
 0 0 0 0 0 0 0 0 0 0 0 0 0 0 0 0 0 0 0 0 0 0 0 0 0 0
 0 0 0 0 0 0 0 0 0 0 0 0 0 0 0 0 0 0 0 0 0 0 0 0 0 0
 0 0 0 0 0 0 0 0 0 0 0 0 0 0 0 0 0 0 0 0 0 0 0 0 0 0
 0 0 0 0 0 0 0 0 0 0 0 0 0 0 0 0 0 0 0 0 0 0 0 0 0 0
ppred_pel_tallas
 1.3249e-16 1.78383e-06 1.73395e-05 0.000115228 0.000523816 0.00162986 0.0034731 0.00507196 0.00508578 0.00354115 0.00186168 0.00120802 0.00188789 0.00406992 0.0082344 0.0150095 0.0248845 0.0381035 0.0547015 0.0743936 0.096092 0.117313 0.134191 0.142578 0.139836 0.126175
 1.86638e-16 4.83884e-06 4.70352e-05 0.000312566 0.00142088 0.00442091 0.00941938 0.0137488 0.0137531 0.00944098 0.00449493 0.00164147 0.000892911 0.00140599 0.0028695 0.00552173 0.00991556 0.0169024 0.0276985 0.043752 0.0661844 0.0948611 0.127528 0.159641 0.185265 0.198857
 1.05054e-16 7.92139e-05 0.000769987 0.00511684 0.0232604 0.0723717 0.154196 0.225053 0.225054 0.154198 0.0723795 0.0232829 0.00517392 0.000896639 0.000326264 0.000432788 0.000664857 0.000952705 0.00130288 0.00176562 0.00242757 0.00337223 0.00461894 0.00607448 0.00752845 0.00870204
 1.01212e-16 4.60539e-05 0.000447661 0.00297486 0.0135233 0.0420763 0.0896496 0.130855 0.130897 0.0898531 0.0427594 0.015495 0.00791932 0.0112258 0.0204697 0.0336473 0.0481841 0.0600026 0.064987 0.0612531 0.0503128 0.0361389 0.0229014 0.0130999 0.00714823 0.00413315
 1.06253e-16 2.65557e-05 0.000258131 0.00171537 0.00779785 0.0242623 0.051695 0.0754601 0.0755063 0.0519208 0.025021 0.00999192 0.00723199 0.0123312 0.0230436 0.0382811 0.0556662 0.0710763 0.0802594 0.0811444 0.0749246 0.0649805 0.0546103 0.0454336 0.0374179 0.0299438
 1.00061e-16 8.21593e-05 0.000798617 0.00530709 0.0241253 0.0750627 0.159929 0.233421 0.233421 0.15993 0.0750647 0.0241312 0.00532209 0.000831574 0.000145357 0.000111846 0.000156817 0.000204739 0.0002404 0.000258676 0.000262323 0.0002584 0.000252279 0.000244196 0.000230623 0.000208299
 1.00339e-16 1.99504e-06 1.93926e-05 0.000128875 0.000585907 0.00182348 0.00388857 0.00569513 0.00578883 0.0043463 0.00335974 0.00502024 0.0112487 0.0242576 0.0459276 0.0756433 0.108307 0.134809 0.145874 0.13723 0.11225 0.0798533 0.0494342 0.0266698 0.0125869 0.0052502
 1.27068e-16 2.09227e-06 2.03376e-05 0.000135151 0.00061438 0.00191159 0.00407304 0.00594582 0.00595115 0.00409979 0.00200552 0.000903836 0.000930064 0.00198114 0.00438447 0.00895531 0.0168637 0.0294154 0.0475958 0.0712981 0.0984712 0.124793 0.144495 0.152354 0.145951 0.126849
 1.67368e-16 2.19619e-05 0.000213478 0.00141863 0.00644891 0.020065 0.0427507 0.0623966 0.0624005 0.0427697 0.0201298 0.0066405 0.00191685 0.0013618 0.00239342 0.00446004 0.00779411 0.0129664 0.0209036 0.032844 0.0499183 0.0723363 0.0985382 0.124892 0.146362 0.158058
 1.00271e-16 8.20902e-05 0.000797946 0.00530263 0.024105 0.0749996 0.159795 0.233225 0.233225 0.159795 0.0750022 0.0241126 0.00532171 0.00083963 0.000161426 0.000137458 0.00019148 0.000244294 0.000278003 0.000288741 0.000285917 0.000286992 0.000306966 0.000349719 0.000406218 0.000459256
 1.00047e-16 7.23329e-05 0.000703101 0.00467235 0.0212399 0.0660851 0.140802 0.205507 0.205518 0.140859 0.0662769 0.0217935 0.00606074 0.0037294 0.00580644 0.00944961 0.013523 0.0168318 0.0182132 0.017134 0.0140151 0.00997038 0.00617276 0.0033312 0.00157392 0.000659163
 1.00134e-16 7.76691e-05 0.000754971 0.00501705 0.0228068 0.0709603 0.151189 0.220665 0.220671 0.151214 0.0710439 0.023048 0.00562226 0.00207518 0.00258208 0.00413804 0.00593505 0.00742396 0.0081023 0.00773827 0.00650521 0.00486681 0.00330609 0.00210746 0.00131606 0.000834281
 1.00515e-16 4.9724e-05 0.000483335 0.00321193 0.014601 0.0454293 0.0967934 0.141281 0.141317 0.0969737 0.0460347 0.0163486 0.00759527 0.0100407 0.018167 0.0298659 0.0428084 0.0533899 0.0579714 0.0548735 0.0453975 0.0329984 0.0212981 0.0124621 0.00686048 0.00374754
 1.0069e-16 7.54821e-05 0.000733713 0.00487578 0.0221646 0.0689623 0.146932 0.214452 0.214458 0.146961 0.0690604 0.022448 0.00558808 0.00229157 0.00304256 0.00493223 0.00714764 0.0090904 0.0102002 0.0102088 0.00928094 0.0078751 0.00644513 0.00522378 0.00421623 0.00333352
 1.00041e-16 8.05771e-05 0.000783238 0.00520489 0.0236607 0.0736172 0.156849 0.228926 0.228928 0.156859 0.0736502 0.0237562 0.00544439 0.00130543 0.00107047 0.00163732 0.00233937 0.00291755 0.00316853 0.0030006 0.00248514 0.00181116 0.00117644 0.000698812 0.00039757 0.000230918
 1.00019e-16 7.98714e-05 0.000776379 0.00515931 0.0234535 0.0729725 0.155476 0.226922 0.226925 0.15549 0.0730197 0.0235899 0.00550147 0.00152228 0.0014934 0.00233438 0.00333595 0.0041547 0.00450085 0.00424283 0.00348359 0.00249595 0.00156686 0.00086918 0.000433729 0.000201587
 1.00603e-16 1.58995e-05 0.000154549 0.00102703 0.00466879 0.0145268 0.0309536 0.0451937 0.04527 0.0313264 0.015778 0.00828078 0.0100856 0.019903 0.0374434 0.0616708 0.0883543 0.110089 0.119338 0.112625 0.0926636 0.0666533 0.0421583 0.0237281 0.0121673 0.00592556
 1.00595e-16 8.00111e-05 0.000777736 0.00516833 0.0234945 0.0731 0.155747 0.227318 0.227319 0.155752 0.0731145 0.0235367 0.00527559 0.00101633 0.00054613 0.00080995 0.0012371 0.0017172 0.00219096 0.00262164 0.0029941 0.0032904 0.0034655 0.00345479 0.00321402 0.00275843
 1.00252e-16 6.64595e-05 0.00064601 0.00429296 0.0195152 0.0607191 0.129369 0.188822 0.18884 0.129459 0.0610195 0.0203821 0.00646692 0.00538498 0.00904665 0.0147984 0.0211886 0.0263877 0.0285822 0.0269412 0.0221241 0.0158708 0.0100079 0.00563161 0.00292826 0.00150903
 1.00482e-16 7.124e-05 0.000692478 0.00460176 0.0209189 0.0650866 0.138674 0.202402 0.202413 0.138731 0.0652765 0.0214673 0.00597807 0.00369606 0.00577284 0.00942339 0.0135494 0.0169976 0.0186417 0.0179562 0.0153224 0.0117665 0.00834959 0.00568547 0.00386142 0.00266404
 1.00691e-16 6.3159e-05 0.000613928 0.00407977 0.018546 0.0577037 0.122945 0.179446 0.179466 0.123046 0.0580437 0.0195278 0.00654281 0.00598676 0.0102553 0.0168227 0.0241533 0.0302152 0.032981 0.0315115 0.0265163 0.0198857 0.0135855 0.00876792 0.00560598 0.0036893
 1.00559e-16 7.3154e-05 0.000711083 0.0047254 0.021481 0.0668353 0.1424 0.207839 0.207848 0.142445 0.0669873 0.0219198 0.00582697 0.00311589 0.00464045 0.00755593 0.0108771 0.0136755 0.0150555 0.014599 0.0126054 0.00988009 0.00724978 0.00518301 0.00373519 0.00273455
 1.0235e-16 8.60211e-06 8.36157e-05 0.00055566 0.002526 0.00785975 0.016749 0.0244626 0.0245434 0.0171436 0.00918417 0.00634989 0.0101485 0.0210059 0.039688 0.0654517 0.0939383 0.117396 0.12792 0.121851 0.101986 0.0757586 0.0509187 0.0320334 0.0198111 0.0126265
 1.03792e-16 7.09096e-05 0.000689267 0.00458042 0.0208219 0.0647847 0.138031 0.201461 0.201463 0.138043 0.0648266 0.020945 0.00489715 0.00140672 0.00150957 0.00258133 0.00417123 0.00619963 0.00860143 0.0112906 0.0141057 0.0167234 0.0186462 0.0193486 0.0185255 0.0162767
 1.01385e-16 6.4817e-05 0.000630045 0.00418687 0.0190329 0.0592185 0.126172 0.184156 0.184175 0.126265 0.0595308 0.0199344 0.00644808 0.00556057 0.00941211 0.0154144 0.0220994 0.027586 0.0300118 0.0285348 0.0238527 0.0177648 0.0121308 0.00802271 0.00555234 0.00424327
 1.03664e-16 2.1114e-05 0.000205235 0.00136386 0.00619997 0.0192907 0.0411032 0.0600044 0.0600667 0.0414076 0.0203128 0.00915187 0.00877307 0.0163779 0.0307306 0.050755 0.073072 0.091794 0.100908 0.0976005 0.0839046 0.0652868 0.0473736 0.0333798 0.0237121 0.0172045
 1.03305e-16 7.04878e-05 0.000685166 0.00455317 0.0206981 0.0643993 0.13721 0.200263 0.200268 0.137237 0.0644894 0.0209596 0.00521507 0.00214802 0.0029012 0.00482146 0.00725692 0.00978832 0.0120173 0.013727 0.0149397 0.0157671 0.0161985 0.0160432 0.0150791 0.0132642
 1.01327e-16 6.37248e-05 0.000619428 0.00411632 0.0187122 0.0582207 0.124046 0.181053 0.181073 0.124144 0.0585504 0.0196643 0.00650464 0.00582791 0.00994023 0.0162925 0.0233714 0.0291989 0.0318098 0.0303098 0.025421 0.0190219 0.0130562 0.00864724 0.00592388 0.00441116
 1.03883e-16 2.15225e-05 0.000209207 0.00139026 0.00631994 0.019664 0.0418985 0.0611649 0.0612261 0.0421973 0.0206672 0.00921747 0.00866361 0.0160874 0.0301778 0.0498562 0.0718142 0.0902896 0.0993958 0.0963744 0.0832034 0.0652058 0.0478461 0.0342252 0.0247127 0.0181716
 1.04653e-16 6.58351e-05 0.000639941 0.00425263 0.0193319 0.0601486 0.128153 0.187045 0.187053 0.128191 0.0602754 0.0196999 0.00518392 0.00269745 0.00404521 0.0067705 0.0101825 0.0137126 0.0167982 0.0191356 0.0207655 0.0218618 0.0224297 0.0222153 0.0209082 0.0184372
 1.02429e-16 5.86052e-05 0.000569663 0.00378562 0.0172089 0.0535433 0.114081 0.166509 0.166534 0.114201 0.0539479 0.018377 0.00671635 0.0069627 0.0121863 0.0200181 0.02875 0.0359886 0.0393441 0.0377331 0.03204 0.0245453 0.0175861 0.0124798 0.00932659 0.00750719
 1.05244e-16 2.24049e-05 0.000217784 0.00144725 0.00657904 0.0204701 0.0436159 0.0636708 0.0637283 0.0438972 0.0214148 0.0093082 0.00830009 0.0151849 0.0284689 0.0470834 0.0679452 0.0856879 0.0948234 0.0927712 0.081341 0.0654097 0.0499322 0.0376423 0.0287755 0.0222624
 1.01859e-16 7.60394e-05 0.00073913 0.00491178 0.0223282 0.0694715 0.148016 0.216035 0.216038 0.148031 0.069522 0.022475 0.00528294 0.00155814 0.00165721 0.0026865 0.00401924 0.00538121 0.00653958 0.00737465 0.00791557 0.0082557 0.00842529 0.00834408 0.00789194 0.00702348
pSPR Fmed_Fpbrs
1   0.982306 0.6 0.325 0.982306 0.982306 0.982306
Fs Fmed_Fpbrs
0   0.01 0.320466 0.808114 0.01 0.01 0.01
SSBpbr Bo_Bmed_Bpbrs
248643  236211  231812 136754 68376.9 231812 231812 231812
Ro
47021
SPR SPRFo_SPRFmed_SPRFpbrs
338755 338755 332761
Fref
0
Nvult_r0
 66521 2350.28 2233.14 343.065 32.0347
CTP_r0
 37506.7 1615.04 1534.55 235.744 22.0133
YTP_r0
356079
Np
 73993.8 27220.8 10014 3683.94 1853.81
Nvult_p0
 46773 17206.8 6330.04 2328.69 1171.83
CTP_p0
 0 0 0 0 0
 0 0 0 0 0
 0 0 0 0 0
 0 0 0 0 0
 0 0 0 0 0
 0 0 0 0 0
YTP_p0
 0 0 0 0 0 0
CBA_c0
0
log_Ro
10.5783
likeval ReclasPelacesDesembMPH_pf_preclas_ppelaces_ptallas_desvR_qrecl_qpela
 23.9166 18.3514 0.325866 50.927 333.943 145.926 138.186 0 112.828 0.000200426 0.000360731 0.00779425 2072.03 0 0
q_reclas_q_pelaces
7.40482 14.6729
M
1
N
 5404.39 16885.1 72479 10412.6 0.0865028
 3438.24 1650.16 4525.79 19426.9 2790.95
 180707 623.726 182.592 500.785 2458.43
 51782.4 32873 69.3431 20.2998 328.993
 3982.94 7093.79 2257.11 4.7612 23.9829
 412948 281.429 158.128 50.3132 0.640735
 5077 119860 69.2113 38.888 12.531
 1554.54 1236.27 21871.5 12.6294 9.38271
 2497.55 501.345 363.643 6433.39 6.47473
 51202.3 129.54 6.60842 4.79332 84.8862
 28005.5 2421.24 1.45933 0.0744474 1.01029
 151163 6132.96 368.927 0.22236 0.165282
 52921.5 25681.6 607.056 36.5174 0.0383698
 51287.3 8188.91 2168.81 51.2658 3.08713
 54885.9 1127.3 25.0962 6.64667 0.166573
 253500 5740.08 48.9256 1.08919 0.295699
 13361.5 42117.3 547.023 4.66255 0.131978
 306243 2051.34 3509.65 45.5836 0.39953
 229271 49932 189.34 323.943 4.24427
 242543 25597.9 2421.75 9.18316 15.9174
 187181 37841.4 2192.28 207.406 2.14968
 412312 32042.2 3794.07 219.803 21.0106
 13200.2 70825.9 3231.62 382.652 24.2873
 136666 2571.84 8847.83 403.706 50.8363
 168951 26728.2 323.359 1112.44 57.1498
 23293.4 36511 3981.79 48.1718 174.238
 118185 5135.69 5627.59 613.728 34.2808
 143462 22866.4 634.011 694.736 79.9979
 23845.9 34598.4 4104.72 113.811 139.072
 92852.4 5624.61 5980.86 709.563 43.7145
 83956.1 20575.5 874.405 929.788 117.105
 11427.9 15837.1 2432.97 103.395 123.791
 73993.8 2450.51 2328.37 357.695 33.4008
pred_Ctot
 589.686 2972.3 12758.5 1832.93 0.0152272
 1165.71 800.905 2196.6 9428.85 1354.59
 61088.1 302.006 88.4104 242.478 1190.36
 22207.5 19186 40.4713 11.8477 192.013
 2304.66 5112.2 1626.61 3.4312 17.2835
 56153.1 60.9273 34.2334 10.8924 0.138714
 1121.85 40386.7 23.3207 13.1033 4.22231
 122.512 159.513 2822.03 1.62954 1.21063
 1567.76 380.451 275.955 4882.04 4.91342
 32795.2 99.5294 5.07745 3.68285 65.2207
 7470.6 961.492 0.579512 0.0295635 0.401192
 54691.5 3136.65 188.684 0.113724 0.0845321
 20760.5 13999.6 330.919 19.9064 0.0209162
 37020.9 6753.3 1788.59 42.2783 2.54592
 27378.5 734.647 16.3549 4.33154 0.108554
 93614.4 2983.94 25.4336 0.566208 0.153717
 5274.47 23071 299.648 2.55405 0.0722951
 114993 1080.53 1848.69 24.011 0.210451
 110773 31810.5 120.624 206.376 2.70392
 94515 13881.7 1313.31 4.98002 8.63198
 67242.8 19243.9 1114.86 105.474 1.0932
 147631 16251.8 1924.36 111.485 10.6566
 4130.23 32181.7 1468.37 173.868 11.0356
 42566.4 1164.15 4005 182.739 23.0112
 45990.7 10799.7 130.655 449.49 23.0918
 6148.26 14367.6 1566.89 18.9563 68.5652
 37288.8 2349.73 2574.78 280.798 15.6845
 32321.3 7838.05 217.324 238.139 27.4214
 5606.67 12313.5 1460.86 40.505 49.4954
 24313.2 2198.2 2337.43 277.31 17.0844
 27278.7 9644.82 409.88 435.84 54.8932
 3147.01 6462.61 992.816 42.1921 50.515
 37506.7 1615.04 1534.55 235.744 22.0133
F
 0.186341 0.316639 0.316639 0.316639 0.316639
 0.707003 1.20137 1.20137 1.20137 1.20137
 0.704222 1.19664 1.19664 1.19664 1.19664
 0.987831 1.67857 1.67857 1.67857 1.67857
 1.64989 2.80357 2.80357 2.80357 2.80357
 0.236998 0.402717 0.402717 0.402717 0.402717
 0.412617 0.701138 0.701138 0.701138 0.701138
 0.131638 0.223685 0.223685 0.223685 0.223685
 1.95908 3.32895 3.32895 3.32895 3.32895
 2.0515 3.48601 3.48601 3.48601 3.48601
 0.518723 0.881437 0.881437 0.881437 0.881437
 0.772585 1.31281 1.31281 1.31281 1.31281
 0.86603 1.4716 1.4716 1.4716 1.4716
 2.81762 4.78782 4.78782 4.78782 4.78782
 1.25778 2.13728 2.13728 2.13728 2.13728
 0.794905 1.35074 1.35074 1.35074 1.35074
 0.873884 1.48494 1.48494 1.48494 1.48494
 0.813717 1.3827 1.3827 1.3827 1.3827
 1.1924 2.02617 2.02617 2.02617 2.02617
 0.857774 1.45757 1.45757 1.45757 1.45757
 0.765025 1.29996 1.29996 1.29996 1.29996
 0.761556 1.29407 1.29407 1.29407 1.29407
 0.635607 1.08005 1.08005 1.08005 1.08005
 0.631818 1.07361 1.07361 1.07361 1.07361
 0.531995 0.90399 0.90399 0.90399 0.90399
 0.511953 0.869934 0.869934 0.869934 0.869934
 0.642582 1.0919 1.0919 1.0919 1.0919
 0.422265 0.717531 0.717531 0.717531 0.717531
 0.444459 0.755244 0.755244 0.755244 0.755244
 0.50691 0.861363 0.861363 0.861363 0.861363
 0.667938 1.13499 1.13499 1.13499 1.13499
 0.539761 0.917186 0.917186 0.917186 0.917186
 1.2927 2.19662 2.19662 2.19662 2.19662
YTP_r0W_actual
 282801 28182.5 36936.6 7383.5 775.968
YTP_p0W_proyectada
 0 0 0 0 0
 0 0 0 0 0
 0 0 0 0 0
 0 0 0 0 0
 0 0 0 0 0
 0 0 0 0 0
CTP_r0_actual
 37506.7 1615.04 1534.55 235.744 22.0133
CTP_p0_proyectada
 0 0 0 0 0
 0 0 0 0 0
 0 0 0 0 0
 0 0 0 0 0
 0 0 0 0 0
 0 0 0 0 0
Wmedp
 7.54 17.45 24.07 31.32 35.25
Frms_r0
 1.2927 2.19662 2.19662 2.19662 2.19662
Zrms_r0
 2.2927 3.19662 3.19662 3.19662 3.19662
nmprior
 7.29 8.9 8.7 0
nm_flota  nm_reclas  nm_pelaces    nm_pelaL
inf 10.9147 3.75097 6.36504
cv_recla  cv_pelaces  cv_mph
0.423526 0.469272 0.572178
 ------------------------------------------------
Talla a la edad & desviaci?n 
 8 13.2811 15.8009 17.003 17.5766
 0.8 1.32811 1.58009 1.7003 1.75766
