years
 1991 1992 1993 1994 1995 1996 1997 1998 1999 2000 2001 2002 2003 2004 2005 2006 2007 2008 2009 2010 2011 2012 2013 2014 2015 2016 2017 2018 2019 2020 2021 2022 2023
reclasobs
 0 0 0 0 0 0 0 0 0 252601 567819 844713 477998 351125 339783 2.1784e+06 2.13404e+06 4.81314e+06 1.55562e+06 2.62356e+06 3.21686e+06 3.843e+06 1.13348e+06 3.07943e+06 1.97215e+06 2.03268e+06 2.025e+06 2.42433e+06 2.27542e+06 1.05018e+06 2.36338e+06 3.18982e+06 1.53035e+06
reclaspred
 8.96291e+06 2.21299e+06 1.13408e+06 968918 181958 3.17161e+06 1.71457e+06 530298 935087 248797 362180 1.278e+06 1.18066e+06 259152 623838 1.91554e+06 1.20447e+06 2.97797e+06 2.29728e+06 2.25696e+06 3.51906e+06 3.38832e+06 2.05667e+06 2.78558e+06 2.47759e+06 1.94075e+06 2.17686e+06 2.85381e+06 2.37094e+06 1.95476e+06 1.79344e+06 1.34557e+06 826571
pelacesobs
 0 0 0 0 0 0 0 0 0 0 0 0 0 0 0 552880 188675 0 991730 2.46772e+06 1.41603e+06 1.21717e+06 2.29649e+06 1.80582e+06 0 1.4828e+06 1.56532e+06 1.57751e+06 1.42118e+06 867257 1.10002e+06 1.06204e+06 0
pelacespred
 8.08214e+06 1.72486e+06 559259 362139 63570.4 1.76472e+06 874213 394560 488831 83773.1 187990 587283 614433 76565.6 293622 830571 548704 1.51322e+06 1.06335e+06 963361 1.72989e+06 1.66389e+06 1.13859e+06 1.66108e+06 1.41162e+06 1.15327e+06 1.41943e+06 1.7172e+06 1.46574e+06 1.28695e+06 928741 768632 351456
mphobs
 0 0 0 0 0 0 0 0 0 0 0 0 498337 0 5186 125008 0 168611 109162 213762 579715 649985 157893 87575 83554 210694 70296 0 107559 103333 445601 22526 28222
mphpred
 1.97265e+06 741425 101099 194171 67858.9 10682.8 583672 122083 40485 107831 10760.8 67686.9 213019 73435.7 10478.5 73857.6 305568 101318 356003 304815 528078 500396 157798 64772.1 143956 131283 71413.1 110599 198162 96640.9 86126.6 88668.6 26705.6
desembarqueobs
 494567 514787 250237 358949 120608 361735 552515 73892 212993 205616 52469 317467 293654 387597 252695 516296 358380 742168 942051 627588 828172 859565 418607 520667 417249 300574 415391 372974 316634 284311 391294 218835 356480
desembarquepred
 494499 514355 250036 358488 120497 361527 551838 73864 212817 205381 52449.5 317142 293346 386767 252353 515647 358017 741118 939761 626362 827601 858349 418117 520231 416714 300284 414947 372606 316208 283855 390740 218688 356161
Reclutas
 11813.2 7673.02 188246 43261.2 7767.54 282181 9526.61 2975.76 52425.5 10436.2 35467.7 149838 66412.1 44642 57952.2 248235 19945.7 317906 229668 243462 199417 392370 21022.8 141945 162015 29653.5 121935 143106 32094.6 93145.6 80486.6 16420.3 73882.1
log_desv_Rt
 -1.58205 -2.01355 1.18649 -0.284007 -2.00131 1.59128 -1.79717 -2.96076 -0.0918719 -1.70598 -0.48264 0.958293 0.144614 -0.25259 0.00835374 1.46311 -1.05825 1.71049 1.38537 1.4437 1.24413 1.92094 -1.00566 0.904178 1.03642 -0.661683 0.752223 0.912325 -0.582577 0.4829 0.336827 -1.25274 0.251206
SSB
 1.54185e+06 579506 79019.8 151766 53039.3 8349.79 456205 95421.6 31643.6 84282.1 8410.72 52904.9 155535 54174.9 7694.8 54948.2 238836 79191 295264 165270 298017 304424 388248 150662 300138 299024 149687 217731 410612 183366 201698 214111 59751.3
BT
 1.93857e+06 857864 415041 368385 114047 1.25253e+06 701890 155025 423333 204957 135446 541530 482666 417846 400954 826253 432966 1.41988e+06 1.32438e+06 903070 1.40364e+06 1.42453e+06 644209 1.23234e+06 861240 578203 1.0505e+06 1.04608e+06 635868 739946 671763 386698 472800
Ftot
 0.341092 1.29027 1.28818 1.79425 2.69361 0.702451 1.54101 0.810297 1.33372 3.06758 0.8754 1.41295 1.32938 4.94246 2.21897 1.53992 1.47775 1.43956 2.06104 1.54084 1.29524 1.40806 1.072 1.09919 0.953454 0.854777 1.11269 0.772349 0.737375 0.857096 1.2156 0.890737 2.2466
BD_Bspro_t
 0.947209 0.583476 0.172058 0.284152 0.0961121 0.0226733 0.449565 0.13594 0.0734209 0.182486 0.0333429 0.251249 0.316062 0.112056 0.019806 0.124392 0.265584 0.107766 0.245837 0.142713 0.188674 0.191549 0.244296 0.128031 0.253448 0.296597 0.213133 0.31152 0.434435 0.272948 0.31302 0.290414 0.155669
BD_Bspro
 3.72396 1.39966 0.190853 0.366555 0.128104 0.0201669 1.10185 0.230468 0.0764275 0.203563 0.0203141 0.127779 0.375659 0.130846 0.0185849 0.132714 0.57685 0.191267 0.713139 0.399169 0.71979 0.735263 0.937721 0.363888 0.724911 0.722221 0.361534 0.525877 0.991734 0.442876 0.487153 0.517133 0.144315
BD_Bo
 6.55791 2.4648 0.336093 0.645505 0.225591 0.035514 1.94037 0.405855 0.134589 0.358475 0.0357732 0.225019 0.661536 0.230421 0.0327281 0.23371 1.01584 0.336822 1.25584 0.702938 1.26755 1.2948 1.65133 0.640808 1.27657 1.27183 0.636662 0.926071 1.74645 0.779905 0.857879 0.910673 0.254139
BD_Brms
 7.02618 2.64081 0.360093 0.691598 0.2417 0.0380499 2.07892 0.434836 0.1442 0.384073 0.0383276 0.241087 0.708774 0.246874 0.0350651 0.250398 1.08837 0.360873 1.34551 0.753132 1.35806 1.38726 1.76924 0.686566 1.36773 1.36265 0.682124 0.992198 1.87115 0.835595 0.919136 0.9757 0.272286
Sel_flota
 0.513302 0.952468 0.99738 0.999862 0.999993
 0.513302 0.952468 0.99738 0.999862 0.999993
 0.513302 0.952468 0.99738 0.999862 0.999993
 0.513302 0.952468 0.99738 0.999862 0.999993
 0.513302 0.952468 0.99738 0.999862 0.999993
 0.513302 0.952468 0.99738 0.999862 0.999993
 0.513302 0.952468 0.99738 0.999862 0.999993
 0.513302 0.952468 0.99738 0.999862 0.999993
 0.513302 0.952468 0.99738 0.999862 0.999993
 0.513302 0.952468 0.99738 0.999862 0.999993
 0.513302 0.952468 0.99738 0.999862 0.999993
 0.513302 0.952468 0.99738 0.999862 0.999993
 0.513302 0.952468 0.99738 0.999862 0.999993
 0.513302 0.952468 0.99738 0.999862 0.999993
 0.513302 0.952468 0.99738 0.999862 0.999993
 0.513302 0.952468 0.99738 0.999862 0.999993
 0.513302 0.952468 0.99738 0.999862 0.999993
 0.513302 0.952468 0.99738 0.999862 0.999993
 0.513302 0.952468 0.99738 0.999862 0.999993
 0.513302 0.952468 0.99738 0.999862 0.999993
 0.513302 0.952468 0.99738 0.999862 0.999993
 0.513302 0.952468 0.99738 0.999862 0.999993
 0.513302 0.952468 0.99738 0.999862 0.999993
 0.513302 0.952468 0.99738 0.999862 0.999993
 0.513302 0.952468 0.99738 0.999862 0.999993
 0.513302 0.952468 0.99738 0.999862 0.999993
 0.513302 0.952468 0.99738 0.999862 0.999993
 0.513302 0.952468 0.99738 0.999862 0.999993
 0.513302 0.952468 0.99738 0.999862 0.999993
 0.513302 0.952468 0.99738 0.999862 0.999993
 0.513302 0.952468 0.99738 0.999862 0.999993
 0.513302 0.952468 0.99738 0.999862 0.999993
 0.513302 0.952468 0.99738 0.999862 0.999993
Sel_reclas
 0.49186 0.829683 0.960809 0.99196 0.998392
 0.49186 0.829683 0.960809 0.99196 0.998392
 0.49186 0.829683 0.960809 0.99196 0.998392
 0.49186 0.829683 0.960809 0.99196 0.998392
 0.49186 0.829683 0.960809 0.99196 0.998392
 0.49186 0.829683 0.960809 0.99196 0.998392
 0.49186 0.829683 0.960809 0.99196 0.998392
 0.49186 0.829683 0.960809 0.99196 0.998392
 0.49186 0.829683 0.960809 0.99196 0.998392
 0.49186 0.829683 0.960809 0.99196 0.998392
 0.49186 0.829683 0.960809 0.99196 0.998392
 0.49186 0.829683 0.960809 0.99196 0.998392
 0.49186 0.829683 0.960809 0.99196 0.998392
 0.49186 0.829683 0.960809 0.99196 0.998392
 0.49186 0.829683 0.960809 0.99196 0.998392
 0.49186 0.829683 0.960809 0.99196 0.998392
 0.49186 0.829683 0.960809 0.99196 0.998392
 0.49186 0.829683 0.960809 0.99196 0.998392
 0.49186 0.829683 0.960809 0.99196 0.998392
 0.49186 0.829683 0.960809 0.99196 0.998392
 0.49186 0.829683 0.960809 0.99196 0.998392
 0.49186 0.829683 0.960809 0.99196 0.998392
 0.49186 0.829683 0.960809 0.99196 0.998392
 0.49186 0.829683 0.960809 0.99196 0.998392
 0.49186 0.829683 0.960809 0.99196 0.998392
 0.49186 0.829683 0.960809 0.99196 0.998392
 0.49186 0.829683 0.960809 0.99196 0.998392
 0.49186 0.829683 0.960809 0.99196 0.998392
 0.49186 0.829683 0.960809 0.99196 0.998392
 0.49186 0.829683 0.960809 0.99196 0.998392
 0.49186 0.829683 0.960809 0.99196 0.998392
 0.49186 0.829683 0.960809 0.99196 0.998392
 0.49186 0.829683 0.960809 0.99196 0.998392
Sel_pelaces
 0.306839 0.690189 0.91811 0.982586 0.996491
 0.306839 0.690189 0.91811 0.982586 0.996491
 0.306839 0.690189 0.91811 0.982586 0.996491
 0.306839 0.690189 0.91811 0.982586 0.996491
 0.306839 0.690189 0.91811 0.982586 0.996491
 0.306839 0.690189 0.91811 0.982586 0.996491
 0.306839 0.690189 0.91811 0.982586 0.996491
 0.306839 0.690189 0.91811 0.982586 0.996491
 0.306839 0.690189 0.91811 0.982586 0.996491
 0.306839 0.690189 0.91811 0.982586 0.996491
 0.306839 0.690189 0.91811 0.982586 0.996491
 0.306839 0.690189 0.91811 0.982586 0.996491
 0.306839 0.690189 0.91811 0.982586 0.996491
 0.306839 0.690189 0.91811 0.982586 0.996491
 0.306839 0.690189 0.91811 0.982586 0.996491
 0.306839 0.690189 0.91811 0.982586 0.996491
 0.306839 0.690189 0.91811 0.982586 0.996491
 0.306839 0.690189 0.91811 0.982586 0.996491
 0.306839 0.690189 0.91811 0.982586 0.996491
 0.306839 0.690189 0.91811 0.982586 0.996491
 0.306839 0.690189 0.91811 0.982586 0.996491
 0.306839 0.690189 0.91811 0.982586 0.996491
 0.306839 0.690189 0.91811 0.982586 0.996491
 0.306839 0.690189 0.91811 0.982586 0.996491
 0.306839 0.690189 0.91811 0.982586 0.996491
 0.306839 0.690189 0.91811 0.982586 0.996491
 0.306839 0.690189 0.91811 0.982586 0.996491
 0.306839 0.690189 0.91811 0.982586 0.996491
 0.306839 0.690189 0.91811 0.982586 0.996491
 0.306839 0.690189 0.91811 0.982586 0.996491
 0.306839 0.690189 0.91811 0.982586 0.996491
 0.306839 0.690189 0.91811 0.982586 0.996491
 0.306839 0.690189 0.91811 0.982586 0.996491
pf_obs 
 0.8446 0.082 0.0669 0.0065 0
 0.8095 0.147 0.0364 0.0071 0
 0.9664 0.0169 0.016 0.0007 0
 0.9276 0.0648 0.0075 0.0001 0
 0.7033 0.2144 0.0806 0.0017 0
 0.9318 0.0425 0.0243 0.0014 0
 0.5671 0.3108 0.0964 0.0239 0.0018
 0.0768 0.2599 0.5324 0.112 0.0189
 0.490249 0.384438 0.106611 0.0170017 0.00170017
 0.7925 0.1577 0.0466 0.003 0.0002
 0.840416 0.127587 0.0312969 0.00059994 9.999e-05
 0.8084 0.0986 0.0794 0.0134 0.0002
 0.7335 0.1905 0.0724 0.0035 0.0001
 0.4001 0.4547 0.1325 0.0127 0
 0.49795 0.308269 0.164784 0.0264974 0.00249975
 0.9179 0.0499 0.0305 0.0017 0
 0.2467 0.6533 0.0926 0.0074 0
 0.9418 0.0223 0.034 0.0019 0
 0.707729 0.231977 0.0356964 0.0245975 0
 0.517169 0.277429 0.184464 0.0207286 0.00020938
 0.811772 0.124168 0.05621 0.00726502 0.000585176
 0.764997 0.148141 0.077277 0.00933861 0.000247198
 0.163321 0.427699 0.378323 0.0303852 0.000271297
 0.753843 0.0900009 0.118128 0.0371064 0.000921714
 0.721811 0.176058 0.0630433 0.0369309 0.00215725
 0.143369 0.312575 0.442814 0.0836902 0.0175525
 0.692698 0.0596174 0.167031 0.0765114 0.00414204
 0.394062 0.376323 0.152708 0.0712218 0.00568511
 0.125707 0.32114 0.495352 0.0537591 0.00404204
 0.23352 0.215282 0.420074 0.123614 0.00750983
 0.796117 0.104755 0.0508955 0.0450114 0.00322123
 0.162477 0.292055 0.404252 0.121198 0.0200186
 0 0 0 0 0
pf_pred 
 0.0645495 0.173693 0.672297 0.0894591 1.00651e-06
 0.146858 0.106402 0.144888 0.531353 0.0704988
 0.965189 0.0113768 0.00315363 0.00394959 0.016331
 0.453621 0.539388 0.00242212 0.000617391 0.00395142
 0.399824 0.432928 0.165321 0.000670375 0.00125715
 0.994385 0.00417185 0.00107925 0.00036003 4.16555e-06
 0.0815132 0.916166 0.00175254 0.000424941 0.000142893
 0.187279 0.162521 0.648703 0.0011318 0.000364843
 0.944381 0.0197214 0.00757717 0.0282558 6.49457e-05
 0.448532 0.540272 0.00420248 0.00148179 0.00551246
 0.956677 0.0345304 0.00863948 5.78298e-05 9.54214e-05
 0.921625 0.0768849 0.00120418 0.000280885 4.96285e-06
 0.614038 0.374274 0.0114839 0.000164726 3.89149e-05
 0.713038 0.232816 0.0526374 0.00148198 2.6155e-05
 0.968868 0.0299891 0.000964711 0.000173373 4.90482e-06
 0.960576 0.0390736 0.000338792 9.69202e-06 1.77957e-06
 0.241569 0.747624 0.0107196 8.47407e-05 2.85475e-06
 0.966711 0.0156414 0.0174172 0.000228188 1.85544e-06
 0.743587 0.253395 0.00148525 0.00151275 1.98829e-05
 0.835849 0.148971 0.0150203 7.87606e-05 8.0778e-05
 0.751033 0.232947 0.0146581 0.00134755 1.4239e-05
 0.8601 0.124266 0.0147047 0.000850803 7.86811e-05
 0.153033 0.79938 0.0426699 0.00462584 0.000290997
 0.862014 0.0423058 0.0906802 0.00448496 0.000514648
 0.763327 0.222879 0.00445919 0.00884914 0.000485834
 0.307529 0.611863 0.0762307 0.00141887 0.00295858
 0.848936 0.076347 0.0665397 0.00773519 0.000442449
 0.763633 0.220959 0.00808666 0.00652309 0.00079829
 0.326319 0.591467 0.0771856 0.0026433 0.00238446
 0.786942 0.110288 0.0909334 0.0111151 0.000721385
 0.680215 0.286926 0.0175816 0.0135241 0.00175372
 0.352464 0.547137 0.0908255 0.00513291 0.00444055
 0.887421 0.063263 0.0421191 0.00651275 0.000683761
pobs_RECLAS
 0 0 0 0 0
 0 0 0 0 0
 0 0 0 0 0
 0 0 0 0 0
 0 0 0 0 0
 0 0 0 0 0
 0 0 0 0 0
 0 0 0 0 0
 0 0 0 0 0
 0 0 0 0 0
 0.991045 0.00858322 0.000360255 1.14367e-05 0
 0.934742 0.0480273 0.0164251 0.00080598 0
 0.827803 0.169806 0.00239088 0 0
 0.941827 0.0461693 0.0120037 0 0
 0.791401 0.0380133 0.147996 0.0225897 0
 0.846168 0.0940531 0.0597789 0 0
 0.134021 0.677848 0.182769 0.00536245 0
 0.80878 0.0450904 0.141981 0.00414843 0
 0.846168 0.0940531 0.0597789 0 0
 0.905697 0.0802665 0.012482 0.00150086 5.37128e-05
 0.989698 0.0102097 9.19794e-05 0 0
 0.975433 0.0193895 0.00387452 0.00125025 5.28907e-05
 0.303575 0.632131 0.0575291 0.00676475 0
 0.966965 0.00978017 0.0227588 0.000495775 0
 0.843318 0.132988 0.00938335 0.0141283 0.000182051
 0.564624 0.303363 0.111486 0.0197234 0.00080311
 0.826376 0.0876187 0.0782897 0.00655872 0.00115652
 0.89761 0.0855135 0.0140674 0.00269457 0.000114338
 0.34875 0.467042 0.161289 0.0227151 0.000203297
 0.318654 0.224769 0.449479 0.00709798 0
 0.937255 0.0296025 0.0250945 0.00804832 0
 0.456809 0.399803 0.12412 0.0192676 0
 0.883104 0.0372192 0.0704036 0.00927362 0
ppred_RECLAS
 0.0661568 0.159386 0.681124 0.0933314 1.05674e-06
 0.157285 0.0950124 0.141645 0.534671 0.0713874
 0.968373 0.00951875 0.00288882 0.00372388 0.0154951
 0.511886 0.481176 0.00235045 0.000616445 0.00397024
 0.481378 0.366627 0.150187 0.000626128 0.00118153
 0.994942 0.00365486 0.00104121 0.000357629 4.164e-06
 0.0983992 0.899097 0.00187723 0.000468421 0.000158508
 0.197141 0.148625 0.652682 0.00117241 0.000380328
 0.949965 0.0164709 0.00692477 0.0265783 6.14762e-05
 0.549571 0.4405 0.00365178 0.00132332 0.00495368
 0.961592 0.0300024 0.00825389 5.68802e-05 9.44492e-05
 0.934417 0.0642149 0.0010995 0.000263955 4.69318e-06
 0.656341 0.332298 0.0111575 0.000164726 3.9161e-05
 0.836605 0.131861 0.0306333 0.000884583 1.57075e-05
 0.97638 0.0226811 0.000788758 0.000145799 4.15065e-06
 0.967683 0.0320039 0.000302883 8.91695e-06 1.64759e-06
 0.279902 0.708901 0.0111031 9.03308e-05 3.06229e-06
 0.971167 0.0129095 0.0157102 0.000211829 1.7333e-06
 0.790926 0.206372 0.00131081 0.00137339 1.81647e-05
 0.861316 0.124799 0.0137343 7.41134e-05 7.64917e-05
 0.782476 0.202258 0.0139328 0.00131838 1.40188e-05
 0.880682 0.104868 0.0135669 0.000807895 7.5185e-05
 0.174399 0.774826 0.045389 0.00506537 0.000320663
 0.873259 0.0363657 0.0855182 0.00435401 0.000502783
 0.788499 0.19778 0.00434776 0.0088824 0.000490748
 0.336397 0.579489 0.0793999 0.00152151 0.00319271
 0.863326 0.065802 0.06291 0.0075282 0.000433334
 0.786343 0.198225 0.00798426 0.00663101 0.000816641
 0.353877 0.560224 0.0804853 0.00283789 0.00257622
 0.802521 0.0973614 0.0882822 0.0111098 0.000725609
 0.714671 0.253122 0.0169951 0.0134564 0.00175598
 0.382925 0.513218 0.0936631 0.00544953 0.00474433
 0.91041 0.0485339 0.0349167 0.00555309 0.000586671
pobs_PELACES
 0 0 0 0 0
 0 0 0 0 0
 0 0 0 0 0
 0 0 0 0 0
 0 0 0 0 0
 0 0 0 0 0
 0 0 0 0 0
 0 0 0 0 0
 0 0 0 0 0
 0 0 0 0 0
 0 0 0 0 0
 0 0 0 0 0
 0 0 0 0 0
 0 0 0 0 0
 0 0 0 0 0
 0 0 0 0 0
 0.505614 0.472636 0.0217494 0 0
 0 0 0 0 0
 0.443492 0.261883 0.143347 0.151278 0
 0.227955 0.32914 0.350689 0.0885471 0.00366901
 0.970185 0.0296113 0.000203453 0 0
 0.997202 0.00247181 0.000326279 0 0
 0.445219 0.490057 0.0546422 0.010081 0
 0.90214 0.0892962 0.00764917 0.000914606 0
 0 0 0 0 0
 0.581667 0.319106 0.0959925 0.00289975 0.000334073
 0.762889 0.0836404 0.116647 0.0363945 0.000428098
 0.88444 0.0763242 0.0277011 0.0115352 0
 0.521256 0.241999 0.230069 0.00667565 0
 0.616807 0.101726 0.260614 0.0208532 0
 0.833518 0.0704572 0.0857862 0.0102388 0
 0.697417 0.212968 0.0787535 0.0105354 0.000325836
 0 0 0 0 0
ppred_PELACES
 0.0473655 0.144829 0.707357 0.100447 1.14596e-06
 0.128724 0.0860063 0.144493 0.564797 0.07598
 0.961191 0.0104533 0.00357525 0.00477244 0.0200083
 0.504418 0.487503 0.00266365 0.000723104 0.00469229
 0.499491 0.343333 0.155235 0.000669389 0.00127264
 0.993667 0.00439632 0.00142376 0.00050664 5.94374e-06
 0.0927954 0.90435 0.00211997 0.000547671 0.000186725
 0.157222 0.140545 0.700504 0.00130352 0.000426067
 0.939828 0.0179102 0.0084802 0.0337032 7.85456e-05
 0.587333 0.402457 0.00366214 0.00137222 0.00517516
 0.953927 0.0349598 0.0109053 7.78482e-05 0.000130246
 0.92896 0.0693662 0.00133602 0.000332097 5.94938e-06
 0.633604 0.352802 0.0133419 0.000203965 4.88561e-05
 0.885799 0.0909579 0.0225582 0.000672528 1.20305e-05
 0.977043 0.0219424 0.000848168 0.000162227 4.65305e-06
 0.96556 0.0340653 0.000361972 1.10328e-05 2.05394e-06
 0.264929 0.722248 0.0127126 0.000107083 3.65761e-06
 0.966788 0.0139101 0.0190342 0.000265733 2.1908e-06
 0.792438 0.204524 0.00144734 0.00156931 2.09122e-05
 0.851891 0.131656 0.0162674 9.08822e-05 9.45069e-05
 0.763321 0.218075 0.0169279 0.00165868 1.77707e-05
 0.869875 0.112627 0.0163916 0.00101068 9.47673e-05
 0.155058 0.786452 0.0520858 0.00602028 0.000384
 0.84702 0.0401094 0.106596 0.0056208 0.000653979
 0.760591 0.221569 0.00551641 0.0116735 0.000649841
 0.297235 0.603224 0.0937462 0.0018609 0.00393448
 0.83879 0.0725557 0.0783776 0.00971372 0.000563369
 0.753241 0.226389 0.0103553 0.00890944 0.00110556
 0.30975 0.587621 0.0959198 0.00350383 0.00320489
 0.763221 0.109049 0.112148 0.0146198 0.00096209
 0.687838 0.272387 0.0206328 0.016918 0.0022244
 0.341005 0.53564 0.110817 0.00667883 0.00585861
 0.909227 0.046673 0.0373074 0.00613926 0.000653477
pobs_pel_tallas
 0 0 0 0 0 0 0 0 0 0 0 0 0 0 0 0 0 0 0 0 0 0 0 0 0 0
 0 0 0 0 0 0 0 0 0 0 0 0 0 0 0 0 0 0 0 0 0 0 0 0 0 0
 0 0 0 0 0 0 0 0 0 0 0 0 0 0 0 0 0 0 0 0 0 0 0 0 0 0
 0 0 0 0 0 0 0 0 0 0 0 0 0 0 0 0 0 0 0 0 0 0 0 0 0 0
 0 0 0 0 0 0 0 0 0 0 0 0 0 0 0 0 0 0 0 0 0 0 0 0 0 0
 0 0 0 0 0 0 0 0 0 0 0 0 0 0 0 0 0 0 0 0 0 0 0 0 0 0
 0 0 0 0 0 0 0 0 0 0 0 0 0 0 0 0 0 0 0 0 0 0 0 0 0 0
 0 0 0 0 0 0 0 0 0 0 0 0 0 0 0 0 0 0 0 0 0 0 0 0 0 0
 0 0 0 0 0 0 0 0 0 0 0 0 0 0 0 0 0 0 0 0 0 0 0 0 0 0
 0 0 0 0 0 0 0 0 0 0 0 0 0 0 0 0 0 0 0 0 0 0 0 0 0 0
 0 0 0 0 0 0 0 0 0 0 0 0 0 0 0 0 0 0 0 0 0 0 0 0 0 0
 0 0 0 0 0 0 0 0 0 0 0 0 0 0 0 0 0 0 0 0 0 0 0 0 0 0
 0.00862536 0 0 0.000197151 0.00414017 0.0128641 0.00837892 0.0270097 0.101434 0.158115 0.152841 0.127902 0.109271 0.109419 0.0830992 0.0579132 0.0238553 0.00714673 0.00463305 0.00128148 0.00103504 0.000492878 0.000147863 0.000147863 4.92878e-05 0
 0 0 0 0 0 0 0 0 0 0 0 0 0 0 0 0 0 0 0 0 0 0 0 0 0 0
 0 0 0 0 0 0 0 0.0054083 0.00873648 0.0413646 0.0450493 0.0745869 0.0622846 0.0627006 0.0613931 0.0827291 0.12552 0.122667 0.0946155 0.0697135 0.0546179 0.0294188 0.0215738 0.0213955 0.0102223 0.00600262
 0 0 0 0 0.00359764 0.0251062 0.0480494 0.140153 0.205849 0.193036 0.1447 0.116669 0.0760912 0.0342217 0.00950174 0.001854 0.000860785 0 0 0 0.000165536 0 0.000143464 0 0 0
 0 0 0 0 0 0 0 0.000145254 0.000435761 0.0275982 0.070085 0.0708112 0.156366 0.174668 0.174014 0.160142 0.0824315 0.0480064 0.0283245 0.00493863 0.00203355 0 0 0 0 0
 0 0 0 0 0 0 0 0 0 0 0 0 0 0 0 0 0 0 0 0 0 0 0 0 0 0
 0 0 1.00437e-05 0.000401748 0.00122533 0.00171747 0.00176769 0.0269171 0.070346 0.194647 0.189555 0.159765 0.064822 0.0314167 0.0384472 0.0292271 0.0345202 0.0313363 0.0194345 0.0106764 0.0143323 0.0359363 0.0279516 0.0138201 0.00172751 0
 0 0.0021121 0.0136068 0.0755702 0.200478 0.177729 0.0527432 0.0373336 0.0318909 0.0142505 0.0149659 0.0166563 0.0217959 0.0798694 0.0677717 0.0528807 0.04013 0.0224614 0.0357745 0.0225083 0.00881397 0.00855152 0.00135912 0.000746735 0 0
 0 0 0 0 5.4009e-05 0.00500934 0.000945158 0.0243581 0.138947 0.33067 0.221406 0.137944 0.0707744 0.0437923 0.0131692 0.00525238 0.0047753 0.00276346 9.45158e-05 9.00151e-06 2.25038e-05 9.00151e-06 4.50075e-06 0 0 0
 0.000866109 0.00284123 0.00948549 0.0512746 0.133035 0.25785 0.225252 0.132002 0.0553304 0.0519788 0.0540692 0.017754 0.00435017 0.00159236 0.00146478 0.000404838 0.000125132 0.000115318 0.000107957 0.000100596 0 0 0 0 0 0
 0 0 0 0 0.00144013 0.00171154 0.00461396 0.0210425 0.0478622 0.0707936 0.0888783 0.103762 0.0637923 0.0337046 0.0602308 0.124433 0.169614 0.0934646 0.0462172 0.0250306 0.0313229 0.00938855 0.002487 0.000210481 0 0
 0 0.00764035 0.051015 0.0998891 0.058973 0.0496711 0.0374665 0.0718981 0.12319 0.153886 0.159021 0.0857701 0.0377988 0.023471 0.0147837 0.00900784 0.00315554 0.000888139 0.00291439 0.00214683 0.00393193 0.00274676 0.000635225 9.99891e-05 0 0
 0 0 0 0 0 0 0 0 0 0 0 0 0 0 0 0 0 0 0 0 0 0 0 0 0 0
 0 0 0 0 0 0 0 0 0 0 0 0 0 0 0 0 0 0 0 0 0 0 0 0 0 0
 0 0 0 0 0 0 0 0 0 0 0 0 0 0 0 0 0 0 0 0 0 0 0 0 0 0
 0 0 0 0 0 0 0 0 0 0 0 0 0 0 0 0 0 0 0 0 0 0 0 0 0 0
 0 0 0 0 0 0 0 0 0 0 0 0 0 0 0 0 0 0 0 0 0 0 0 0 0 0
 0 0 0 0 0 0 0 0 0 0 0 0 0 0 0 0 0 0 0 0 0 0 0 0 0 0
 0 0 0 0 0 0 0 0 0 0 0 0 0 0 0 0 0 0 0 0 0 0 0 0 0 0
 0 0 0 0 0 0 0 0 0 0 0 0 0 0 0 0 0 0 0 0 0 0 0 0 0 0
 0 0 0 0 0 0 0 0 0 0 0 0 0 0 0 0 0 0 0 0 0 0 0 0 0 0
ppred_pel_tallas
 1.30524e-16 3.90146e-06 3.79236e-05 0.000252017 0.00114564 0.00356459 0.00759529 0.0110887 0.0111037 0.00766935 0.00381645 0.0018871 0.00216597 0.00439086 0.0087831 0.0158505 0.025948 0.0391287 0.0552385 0.0739071 0.0941376 0.113705 0.12908 0.13642 0.133259 0.119821
 1.73691e-16 1.06028e-05 0.000103063 0.000684892 0.00311343 0.00968707 0.0206397 0.030126 0.0301347 0.0206824 0.009832 0.00353806 0.00177444 0.00256314 0.00493357 0.00883191 0.0144459 0.0220499 0.0322152 0.0459432 0.064307 0.0875453 0.114088 0.140244 0.160976 0.17153
 1.03971e-16 7.9172e-05 0.00076958 0.00511413 0.0232481 0.0723335 0.154114 0.224934 0.224935 0.154119 0.0723502 0.0232965 0.00523622 0.00103798 0.000594852 0.00087495 0.00129606 0.00173109 0.00212341 0.00248282 0.00289473 0.00347399 0.00428477 0.0052793 0.00629391 0.0071021
 1.01069e-16 4.15483e-05 0.000403864 0.00268382 0.0122003 0.0379599 0.0808793 0.118056 0.118102 0.0811083 0.0387286 0.014419 0.00824792 0.012533 0.0230258 0.0378667 0.0542309 0.0675391 0.0731592 0.0689672 0.0566564 0.0406864 0.0257401 0.0146273 0.00782191 0.0043152
 1.04851e-16 4.11425e-05 0.000399919 0.00265761 0.0120811 0.037589 0.0800886 0.116899 0.116932 0.0802511 0.0381353 0.0136609 0.00663075 0.0090983 0.0166336 0.0276214 0.0402182 0.0514645 0.0583195 0.0592941 0.0552155 0.0484495 0.0412813 0.0347989 0.0289442 0.0232953
 1.00095e-16 8.18471e-05 0.000795583 0.00528693 0.0240336 0.0747774 0.159321 0.232534 0.232535 0.159323 0.0747844 0.0240538 0.00533765 0.000906528 0.000293208 0.000356899 0.00051017 0.000649764 0.000731907 0.000738272 0.000681561 0.000594917 0.000510055 0.000441486 0.000386264 0.000334405
 1.00379e-16 7.64362e-06 7.42988e-05 0.000493746 0.00224455 0.0069841 0.0148836 0.0217412 0.0218282 0.0153084 0.00840986 0.00635998 0.010814 0.02257 0.0426326 0.07021 0.100533 0.125148 0.135445 0.127464 0.104329 0.0743132 0.0461233 0.0250189 0.0119479 0.00511507
 1.20454e-16 1.29502e-05 0.00012588 0.000836521 0.00380271 0.0118317 0.0252093 0.0367967 0.0368113 0.0252811 0.0120758 0.00452113 0.00268994 0.00433715 0.0084933 0.0152733 0.0249027 0.0373249 0.0522318 0.0690629 0.0866609 0.10279 0.114178 0.117544 0.111177 0.096029
 1.03643e-16 7.74124e-05 0.000752476 0.00500047 0.0227314 0.0707258 0.150689 0.219935 0.219937 0.150697 0.0707546 0.0228148 0.005211 0.00121619 0.000970806 0.00151757 0.00226627 0.0030475 0.00376137 0.00440123 0.00506457 0.00587518 0.00686374 0.0078991 0.00872333 0.0090666
 1.01223e-16 4.83779e-05 0.000470251 0.00312498 0.0142057 0.0441996 0.0941733 0.137457 0.137495 0.0943624 0.0448342 0.0160376 0.00771908 0.0104853 0.0190281 0.0312741 0.0447975 0.0558115 0.0604972 0.0571057 0.0470359 0.0339646 0.021746 0.0126829 0.00714839 0.0042952
 1.00354e-16 7.85737e-05 0.000763764 0.00507548 0.0230724 0.0717868 0.15295 0.223235 0.223238 0.152966 0.0718423 0.0232327 0.0054783 0.00164447 0.00175512 0.00278728 0.00403061 0.00511545 0.00572051 0.00569361 0.0051305 0.00429672 0.00345732 0.00275165 0.00218662 0.00171053
 1.00091e-16 7.65172e-05 0.000743774 0.00494264 0.0224685 0.069908 0.148947 0.217393 0.2174 0.148979 0.0700174 0.0227843 0.00573468 0.00247054 0.00334931 0.00539853 0.00772836 0.0096321 0.0104471 0.00987007 0.00813831 0.00588039 0.00375575 0.00215939 0.00115875 0.000616177
 1.00504e-16 5.21892e-05 0.000507297 0.00337117 0.0153249 0.0476815 0.101592 0.148283 0.148317 0.101758 0.0482382 0.0169318 0.00740171 0.009296 0.016714 0.0274714 0.0393855 0.0491411 0.0533956 0.050604 0.0419562 0.0306159 0.0198978 0.0117806 0.00660123 0.00368191
 1.00744e-16 7.29621e-05 0.000709218 0.004713 0.0214246 0.06666 0.142027 0.207294 0.207303 0.142069 0.0668042 0.0218411 0.00575901 0.00299478 0.00441979 0.00720701 0.0104106 0.0131635 0.0146297 0.0144134 0.0127773 0.0104411 0.0081315 0.00624348 0.00480892 0.00368239
 1.00048e-16 8.04777e-05 0.000782272 0.00519847 0.0236315 0.0735264 0.156656 0.228644 0.228646 0.156666 0.073561 0.0237314 0.00544917 0.00132894 0.00111692 0.00171442 0.0024508 0.00305837 0.00332488 0.00315433 0.00262091 0.00192132 0.0012612 0.00076269 0.000445554 0.000266553
 1.00021e-16 7.95319e-05 0.000773078 0.00513738 0.0233538 0.0726623 0.154815 0.225957 0.225961 0.154831 0.072716 0.0235088 0.00552622 0.00162074 0.00168588 0.00265199 0.00379086 0.00472117 0.00511426 0.00482066 0.00395739 0.00283459 0.00177845 0.000985496 0.000490782 0.00022731
 1.00563e-16 2.1822e-05 0.000212118 0.0014096 0.00640788 0.0199377 0.0424819 0.0620181 0.0620876 0.0428212 0.0210767 0.00969584 0.0096556 0.0181891 0.0340926 0.0561412 0.0804336 0.100224 0.108653 0.102555 0.0844 0.0607383 0.0384523 0.0216803 0.0111535 0.00546159
 1.0058e-16 7.9633e-05 0.000774061 0.00514391 0.0233835 0.0727547 0.155012 0.226244 0.226246 0.155018 0.0727772 0.0234489 0.00530944 0.00113955 0.000785802 0.00120431 0.00179946 0.00241233 0.00293406 0.00330543 0.00353024 0.00364015 0.00364304 0.0035073 0.00319556 0.00271198
 1.00256e-16 6.52721e-05 0.000634468 0.00421627 0.0191665 0.0596343 0.127058 0.185449 0.185469 0.127154 0.0599568 0.0200974 0.00655072 0.0057234 0.00970887 0.0158918 0.0227562 0.0283426 0.0307046 0.0289491 0.023783 0.0170721 0.0107756 0.00606954 0.00315484 0.00161681
 1.00529e-16 7.01692e-05 0.000682069 0.00453259 0.0206045 0.0641084 0.13659 0.19936 0.199373 0.136652 0.0643164 0.0212054 0.00604071 0.00397331 0.00631786 0.0103255 0.0148475 0.0186268 0.0204294 0.01968 0.016796 0.0129015 0.00915883 0.00624018 0.00424092 0.00292733
 1.00714e-16 6.28737e-05 0.000611155 0.00406134 0.0184623 0.0574431 0.122389 0.178635 0.178656 0.122492 0.0577875 0.0194566 0.00655595 0.00605296 0.0103862 0.01704 0.0244675 0.0306127 0.033423 0.0319474 0.0269033 0.0202028 0.0138334 0.00895923 0.0057541 0.00380328
 1.0062e-16 7.16505e-05 0.000696469 0.00462828 0.0210395 0.0654617 0.139474 0.203568 0.203579 0.139527 0.0656398 0.0215539 0.00591939 0.00351482 0.00542366 0.00885131 0.012739 0.0160076 0.0176065 0.0170454 0.0146773 0.0114514 0.00834327 0.00590834 0.00421457 0.00305937
 1.02373e-16 1.27721e-05 0.00012415 0.000825021 0.00375047 0.0116695 0.024866 0.0363084 0.0363842 0.0252358 0.0129111 0.00733519 0.00981823 0.01974 0.0372184 0.0613817 0.0881198 0.110174 0.120142 0.114594 0.0961408 0.0717229 0.0485673 0.0309228 0.019438 0.0125981
 1.03761e-16 6.97679e-05 0.000678169 0.00450667 0.0204867 0.0637417 0.135809 0.198217 0.198221 0.135828 0.0638084 0.0206814 0.00500289 0.00178632 0.00224717 0.00379402 0.00589848 0.00833049 0.0108719 0.0133679 0.0157176 0.0177535 0.0191448 0.0194692 0.018442 0.0161254
 1.01497e-16 6.26489e-05 0.00060897 0.00404682 0.0183963 0.0572377 0.121952 0.177997 0.178018 0.122056 0.0575873 0.0194055 0.0065782 0.00612898 0.0105287 0.0172615 0.0247552 0.0309145 0.0336565 0.0320367 0.0268295 0.020038 0.0137334 0.00910957 0.00629455 0.00476697
 1.03712e-16 2.44829e-05 0.000237983 0.00158148 0.00718923 0.0223687 0.047661 0.0695748 0.0696329 0.0479451 0.0233227 0.00994481 0.00849856 0.0153385 0.028704 0.0474159 0.0683003 0.0858749 0.0945415 0.0916761 0.0791584 0.0620481 0.0455405 0.0325839 0.0235314 0.0173047
 1.0335e-16 6.909e-05 0.000671579 0.00446288 0.0202876 0.0631223 0.134489 0.196292 0.196299 0.134524 0.0632393 0.0206269 0.00531966 0.00255908 0.00370403 0.00614506 0.00915014 0.0121408 0.014556 0.0161052 0.0168724 0.0171295 0.0170343 0.0164966 0.01531 0.0133929
 1.01438e-16 6.20435e-05 0.000603085 0.00400771 0.0182185 0.0566846 0.120773 0.176277 0.176299 0.12088 0.0570419 0.0192501 0.00659558 0.0062472 0.010766 0.0176606 0.0253429 0.0316788 0.0345423 0.0329631 0.0277176 0.0208295 0.0143914 0.00961081 0.0066262 0.0049315
 1.03813e-16 2.55138e-05 0.000248004 0.00164807 0.00749194 0.0233105 0.0496676 0.0725032 0.0725598 0.0499444 0.02424 0.0101768 0.008388 0.014963 0.0279765 0.0462209 0.0666008 0.0837843 0.0923266 0.0896742 0.0776484 0.0611541 0.0452174 0.0326762 0.0238536 0.0177003
 1.04894e-16 6.28655e-05 0.000611075 0.00406081 0.0184599 0.0574355 0.122373 0.178609 0.17862 0.122425 0.0576112 0.0189691 0.00534651 0.00344219 0.00551117 0.00919797 0.0136779 0.0181042 0.021628 0.0238127 0.0247982 0.0250218 0.0247577 0.0239031 0.0221618 0.0193999
 1.02739e-16 5.66564e-05 0.00055072 0.00365973 0.0166366 0.0517628 0.110287 0.160973 0.160999 0.110415 0.052193 0.0178789 0.00677694 0.00735188 0.0129625 0.0213124 0.0306332 0.0383953 0.0420669 0.0404966 0.0346114 0.0268073 0.0195322 0.0141544 0.0107663 0.00871991
 1.04997e-16 2.80883e-05 0.000273028 0.00181437 0.0082479 0.0256625 0.0546787 0.0798159 0.0798676 0.0549312 0.0265106 0.010698 0.00796689 0.0137117 0.0255727 0.042289 0.0610451 0.0770267 0.0853163 0.083602 0.0735019 0.0593752 0.0456398 0.0347178 0.0267968 0.0209102
 1.01815e-16 7.48918e-05 0.000727975 0.00483765 0.0219913 0.068423 0.145783 0.212775 0.212779 0.145805 0.0684978 0.022208 0.00538413 0.00192879 0.00237847 0.00387363 0.00571292 0.00747637 0.00878227 0.00944308 0.00954427 0.00932718 0.00898008 0.00852131 0.00785161 0.00689346
pSPR Fmed_Fpbrs
1   0.983353 0.6 0.325 0.983353 0.983353 0.983353
Fs Fmed_Fpbrs
0   0.01 0.345029 0.883174 0.01 0.01 0.01
SSBpbr Bo_Bmed_Bpbrs
235112  223357  219443 129312 64655.9 219443 219443 219443
Ro
57470.1
SPR SPRFo_SPRFmed_SPRFpbrs
414034 414034 407141
Fref
0
Nvult_r0
 65303.3 3658.48 2400.8 370.944 38.9432
CTP_r0
 34974.6 2493.29 1659.97 256.677 26.948
YTP_r0
356161
Np
 73882.1 27179.7 9998.85 3678.37 1851.01
Nvult_p0
 46702.4 17180.8 6320.48 2325.17 1170.06
CTP_p0
 0 0 0 0 0
 0 0 0 0 0
 0 0 0 0 0
 0 0 0 0 0
 0 0 0 0 0
 0 0 0 0 0
YTP_p0
 0 0 0 0 0 0
CBA_c0
0
log_Ro
10.779
likeval ReclasPelacesDesembMPH_pf_preclas_ppelaces_ptallas_desvR_qrecl_qpela
 24.8057 17.7876 0.239049 49.5813 304.49 142.866 131.984 0 73.9157 0.000187881 0.000349735 0.0024033 2067.7 0 0
q_reclas_q_pelaces
6.94803 14.0799
M
1
N
 11813.2 18184.5 67620.4 8978.54 0.101007
 7673.02 3647.83 4834.07 17702.6 2348.56
 188246 1455.59 392.661 491.054 2030.28
 43261.2 35749.1 156.995 39.9704 255.802
 7767.54 6336.12 2381.1 9.6472 18.0905
 282181 716.999 179.189 59.6661 0.690269
 9526.61 72383.5 135.1 32.715 11.0002
 2975.76 1588.97 6136.25 10.6871 3.44473
 52425.5 722.219 270.172 1006.06 2.31224
 10436.2 9725.91 74.59 26.2807 97.7642
 35467.7 795.077 192.63 1.28719 2.12372
 149838 8325.14 127.059 29.5968 0.522896
 66412.1 26690 797.313 11.4204 2.69777
 44642 12348.2 2767.93 77.8943 1.3747
 57952.2 1299.13 41.0061 7.36203 0.208265
 248235 6825.18 57.7404 1.64966 0.302875
 19945.7 41426.9 579.2 4.57255 0.154029
 317906 3436.59 3730.03 48.8017 0.396787
 229668 55858.9 320.891 326.485 4.29092
 243462 29332.6 2885.67 15.1116 15.4976
 199417 40611.2 2487.06 228.311 2.41228
 392370 37733.4 4350.83 251.39 23.2465
 21022.8 70066.6 3630.67 392.977 24.7189
 141945 4460.89 9285.03 458.511 52.6095
 162015 29702.4 576.033 1141.22 62.6495
 29653.5 36535.3 4406.56 81.8763 170.71
 121935 7034.47 5954.4 691.118 39.5284
 143106 25339 896.753 722.066 88.3574
 32094.6 35415.2 4466.95 152.697 137.731
 93145.6 8086.46 6454.74 787.621 51.1129
 80486.6 22069.9 1315 1010.01 130.962
 16420.3 15865.1 2550.77 143.908 124.486
 73882.1 3824.02 2498.58 385.966 40.5197
pred_Ctot
 1216.61 3273.71 12671.2 1686.09 0.0189704
 2477.17 1794.76 2443.93 8962.74 1189.16
 60699.2 715.468 198.327 248.383 1027.03
 17703.2 21050.4 94.5265 24.0945 154.21
 4091.41 4430.16 1691.73 6.85996 12.8644
 55599.1 233.261 60.344 20.1304 0.232909
 3505.69 39402.2 75.3728 18.2757 6.1455
 661.976 574.463 2292.97 4.00058 1.28961
 17352.5 362.37 139.227 519.186 1.19335
 5896.41 7102.42 55.2459 19.4796 72.4669
 8415.1 303.736 75.9944 0.508681 0.839343
 51769.1 4318.74 67.6405 15.7778 0.278771
 21928.4 13366 410.111 5.88265 1.38972
 31088.6 10150.9 2295 64.6145 1.14036
 27224.7 842.679 27.1079 4.8717 0.137823
 91301.3 3713.88 32.2017 0.921212 0.169145
 7121.11 22038.9 315.999 2.49803 0.0841538
 111353 1801.68 2006.24 26.2843 0.213722
 102987 35095.4 205.709 209.518 2.7538
 89584.1 15966.3 1609.83 8.44135 8.65757
 64567.7 20026.9 1260.18 115.852 1.22415
 135218 19536 2311.74 133.756 12.3696
 5878.58 30707.2 1639.11 177.696 11.1783
 40486.2 1986.97 4258.97 210.645 24.1714
 41231.7 12039 240.867 477.994 26.2427
 6897.83 13724 1709.84 31.825 66.3605
 35114.6 3157.95 2752.29 319.951 18.3011
 30573.3 8846.46 323.763 261.162 31.9608
 6591.95 11948.2 1559.22 53.3971 48.1683
 21715.8 3043.42 2509.33 306.725 19.9068
 24829.2 10473.4 641.762 493.656 64.0144
 3952.22 6135.12 1018.44 57.556 49.7924
 34974.6 2493.29 1659.97 256.677 26.948
F
 0.175083 0.324879 0.340198 0.341045 0.341089
 0.662299 1.22894 1.28689 1.29009 1.29026
 0.661226 1.22695 1.28481 1.288 1.28817
 0.920991 1.70896 1.78955 1.794 1.79423
 1.38263 2.56558 2.68655 2.69324 2.69359
 0.36057 0.669063 0.700611 0.702354 0.702446
 0.791004 1.46776 1.53697 1.5408 1.541
 0.415927 0.771782 0.808174 0.810185 0.810291
 0.684599 1.27032 1.33022 1.33353 1.33371
 1.5746 2.92178 3.05955 3.06716 3.06756
 0.449344 0.83379 0.873106 0.875279 0.875393
 0.725268 1.34579 1.40925 1.41275 1.41294
 0.682372 1.26619 1.3259 1.32919 1.32937
 2.53698 4.70754 4.92952 4.94178 4.94243
 1.139 2.1135 2.21315 2.21866 2.21895
 0.790444 1.46673 1.53589 1.53971 1.53991
 0.758534 1.40751 1.47388 1.47755 1.47774
 0.738928 1.37113 1.43579 1.43936 1.43955
 1.05793 1.96307 2.05564 2.06075 2.06102
 0.790915 1.4676 1.5368 1.54062 1.54083
 0.664852 1.23368 1.29185 1.29507 1.29524
 0.722758 1.34113 1.40437 1.40786 1.40805
 0.550258 1.02104 1.06919 1.07185 1.07199
 0.564214 1.04694 1.09631 1.09903 1.09918
 0.489409 0.908134 0.950956 0.953322 0.953447
 0.438759 0.814148 0.852538 0.854659 0.854771
 0.571143 1.0598 1.10977 1.11253 1.11268
 0.396448 0.735638 0.770326 0.772242 0.772343
 0.378496 0.702327 0.735444 0.737273 0.73737
 0.439949 0.816357 0.854851 0.856978 0.85709
 0.623969 1.15782 1.21241 1.21543 1.21559
 0.457217 0.848399 0.888403 0.890614 0.89073
 1.15318 2.13981 2.24071 2.24629 2.24658
YTP_r0W_actual
 263708 43507.9 39955.6 8039.13 949.918
YTP_p0W_proyectada
 0 0 0 0 0
 0 0 0 0 0
 0 0 0 0 0
 0 0 0 0 0
 0 0 0 0 0
 0 0 0 0 0
CTP_r0_actual
 34974.6 2493.29 1659.97 256.677 26.948
CTP_p0_proyectada
 0 0 0 0 0
 0 0 0 0 0
 0 0 0 0 0
 0 0 0 0 0
 0 0 0 0 0
 0 0 0 0 0
Wmedp
 7.54 17.45 24.07 31.32 35.25
Frms_r0
 1.15318 2.13981 2.24071 2.24629 2.24658
Zrms_r0
 2.15318 3.13981 3.24071 3.24629 3.24658
nmprior
 7.29 8.9 8.7 0
nm_flota  nm_reclas  nm_pelaces    nm_pelaL
inf 12.969 4.65704 8.61696
cv_recla  cv_pelaces  cv_mph
0.431327 0.462008 0.564568
 ------------------------------------------------
Talla a la edad & desviaci?n 
 8 13.2811 15.8009 17.003 17.5766
 0.8 1.32811 1.58009 1.7003 1.75766
