years
 1991 1992 1993 1994 1995 1996 1997 1998 1999 2000 2001 2002 2003 2004 2005 2006 2007 2008 2009 2010 2011 2012 2013 2014 2015 2016 2017 2018 2019 2020 2021 2022 2023
reclasobs
 0 0 0 0 0 0 0 0 0 252601 567819 844713 477998 351125 339783 2.1784e+06 2.13404e+06 4.81314e+06 1.55562e+06 2.62356e+06 3.21686e+06 3.843e+06 1.13348e+06 3.07943e+06 1.97215e+06 2.03268e+06 2.025e+06 2.42433e+06 2.27542e+06 1.05018e+06 2.36338e+06 3.18982e+06 1.53035e+06
reclaspred
 2.93817e+06 1.57689e+06 830670 868728 921692 1.55817e+06 812259 745164 528394 367473 600580 920213 723602 236275 651139 1.42171e+06 1.24127e+06 2.44168e+06 1.99093e+06 1.92814e+06 3.4539e+06 2.74716e+06 2.07719e+06 3.04917e+06 2.37325e+06 2.12521e+06 2.5086e+06 2.85102e+06 2.43908e+06 1.88703e+06 1.67411e+06 1.58689e+06 1.49017e+06
pelacesobs
 0 0 0 0 0 0 0 0 0 0 0 0 0 0 0 552880 188675 0 991730 2.46772e+06 1.41603e+06 1.21717e+06 2.29649e+06 1.80582e+06 0 1.4828e+06 1.56532e+06 1.57751e+06 1.42118e+06 867257 1.10002e+06 1.06204e+06 0
pelacespred
 1.56265e+06 910150 456756 399911 471420 829517 363671 466453 295697 189771 337825 447625 376262 100159 364431 662834 588454 1.30759e+06 1.06429e+06 911492 1.78903e+06 1.47274e+06 1.15458e+06 1.86198e+06 1.36625e+06 1.23677e+06 1.68147e+06 1.70145e+06 1.34105e+06 1.17724e+06 907469 885474 814155
mphobs
 0 0 0 0 0 0 0 0 0 0 0 0 498337 0 5186 125008 0 168611 109162 213762 579715 649985 157893 87575 83554 210694 70296 0 107559 103333 445601 22526 28222
mphpred
 555489 379775 178404 104929 116689 146287 189644 95690.1 91551.3 57470.5 37663.8 94952.9 125787 60862.9 14056 73720.4 201742 168920 270076 312376 465406 554037 109773 88499.2 126507 106548 90816.1 100057 148308 114625 73486.2 74736.9 48523.9
desembarqueobs
 494567 514787 250237 358949 120608 361735 552515 73892 212993 205616 52469 317467 293654 387597 252695 516296 358380 742168 942051 627588 828172 859565 418607 520667 417249 300574 415391 372974 316634 284311 391294 218835 356480
desembarquepred
 494566 513933 250622 359016 120617 361759 552563 73899.2 213071 205686 52471.4 317473 293817 387970 252626 516178 358416 741988 941521 627259 828295 859557 418634 520736 417215 300587 415405 372940 316592 284247 391290 218864 356518
Reclutas
 170076 82199.6 96847.3 128083 112730 189534 72766.3 34911.2 33230.8 45829.2 100062 153610 72347.4 34988.9 100354 337859 69016.3 416024 314349 337543 362203 472376 91819.3 254264 260015 98999.3 229349 281213 113912 110658 129744 67659.5 159047
log_desv_Rt
 0.264004 -0.463094 -0.299109 -0.0195692 -0.147247 0.372325 -0.584992 -1.31944 -1.36877 -1.04732 -0.26645 0.16217 -0.590765 -1.31722 -0.263537 0.950383 -0.637901 1.1585 0.878258 0.949447 1.01996 1.28553 -0.352423 0.66613 0.688496 -0.277132 0.563 0.766867 -0.136817 -0.1658 -0.00668375 -0.657757 0.196952
SSB
 1.63871e+06 1.12035e+06 526298 309543 344236 431550 559454 282288 270079 169539 111109 280113 352833 173481 39797 209456 595145 498320 827326 619556 946539 1.18775e+06 1.10872e+06 861811 1.14954e+06 1.02742e+06 825925 874077 1.34304e+06 976493 720210 747166 449990
BT
 2.41574e+06 1.65893e+06 821653 808409 701483 1.38002e+06 961639 665554 595083 439715 485049 842685 743819 521121 727652 1.29649e+06 1.03542e+06 2.35822e+06 2.2815e+06 1.72082e+06 2.97102e+06 2.71247e+06 1.83759e+06 2.90163e+06 2.14635e+06 1.84586e+06 2.60616e+06 2.56355e+06 1.96889e+06 1.78035e+06 1.52927e+06 1.31509e+06 1.37465e+06
Ftot
 0.272062 0.494948 0.487061 0.800678 0.249213 0.488969 1.06425 0.18453 0.744699 1.04117 0.218904 0.718361 0.713506 2.52088 1.10643 0.937387 0.495139 0.705536 0.934846 0.702327 0.486171 0.616245 0.33386 0.365428 0.328078 0.244148 0.350432 0.295409 0.209392 0.261651 0.450104 0.236012 0.508386
BD_Bspro_t
 0.957903 0.742957 0.521915 0.435347 0.439195 0.544312 0.527264 0.328735 0.397656 0.334093 0.305403 0.604248 0.516259 0.291657 0.0979477 0.348894 0.486031 0.422804 0.482948 0.386489 0.435294 0.485251 0.502242 0.4813 0.587514 0.617283 0.616054 0.654592 0.729273 0.668858 0.622435 0.610816 0.59386
BD_Bspro
 1.74148 1.19061 0.559304 0.328955 0.365825 0.458615 0.594541 0.299992 0.287017 0.180172 0.118077 0.297681 0.374961 0.184361 0.0422928 0.222592 0.63247 0.529572 0.879212 0.658411 1.0059 1.26224 1.17826 0.91586 1.22163 1.09186 0.877723 0.928895 1.42727 1.03773 0.765377 0.794024 0.478211
BD_Bo
 2.38084 1.62773 0.764646 0.449727 0.500133 0.626989 0.812818 0.41013 0.392391 0.24632 0.161428 0.40697 0.512623 0.252046 0.0578201 0.304314 0.864673 0.723997 1.202 0.900139 1.3752 1.72566 1.61084 1.25211 1.67014 1.49272 1.19997 1.26993 1.95128 1.41872 1.04638 1.08554 0.65378
BD_Brms
 2.54832 1.74222 0.818433 0.481362 0.535313 0.671094 0.869994 0.43898 0.419993 0.263647 0.172783 0.435598 0.548682 0.269776 0.0618873 0.32572 0.925497 0.774925 1.28656 0.963457 1.47194 1.84705 1.72415 1.34018 1.78762 1.59772 1.28438 1.35926 2.08854 1.51852 1.11998 1.1619 0.699768
Sel_flota
 0.43065 0.934944 0.996351 0.999807 0.99999
 0.43065 0.934944 0.996351 0.999807 0.99999
 0.43065 0.934944 0.996351 0.999807 0.99999
 0.43065 0.934944 0.996351 0.999807 0.99999
 0.43065 0.934944 0.996351 0.999807 0.99999
 0.43065 0.934944 0.996351 0.999807 0.99999
 0.43065 0.934944 0.996351 0.999807 0.99999
 0.43065 0.934944 0.996351 0.999807 0.99999
 0.43065 0.934944 0.996351 0.999807 0.99999
 0.43065 0.934944 0.996351 0.999807 0.99999
 0.43065 0.934944 0.996351 0.999807 0.99999
 0.43065 0.934944 0.996351 0.999807 0.99999
 0.43065 0.934944 0.996351 0.999807 0.99999
 0.43065 0.934944 0.996351 0.999807 0.99999
 0.43065 0.934944 0.996351 0.999807 0.99999
 0.43065 0.934944 0.996351 0.999807 0.99999
 0.43065 0.934944 0.996351 0.999807 0.99999
 0.43065 0.934944 0.996351 0.999807 0.99999
 0.43065 0.934944 0.996351 0.999807 0.99999
 0.43065 0.934944 0.996351 0.999807 0.99999
 0.43065 0.934944 0.996351 0.999807 0.99999
 0.43065 0.934944 0.996351 0.999807 0.99999
 0.43065 0.934944 0.996351 0.999807 0.99999
 0.43065 0.934944 0.996351 0.999807 0.99999
 0.43065 0.934944 0.996351 0.999807 0.99999
 0.43065 0.934944 0.996351 0.999807 0.99999
 0.43065 0.934944 0.996351 0.999807 0.99999
 0.43065 0.934944 0.996351 0.999807 0.99999
 0.43065 0.934944 0.996351 0.999807 0.99999
 0.43065 0.934944 0.996351 0.999807 0.99999
 0.43065 0.934944 0.996351 0.999807 0.99999
 0.43065 0.934944 0.996351 0.999807 0.99999
 0.43065 0.934944 0.996351 0.999807 0.99999
Sel_reclas
 1 1 1 1 1
 1 1 1 1 1
 1 1 1 1 1
 1 1 1 1 1
 1 1 1 1 1
 1 1 1 1 1
 1 1 1 1 1
 1 1 1 1 1
 1 1 1 1 1
 1 1 1 1 1
 1 1 1 1 1
 1 1 1 1 1
 1 1 1 1 1
 1 1 1 1 1
 1 1 1 1 1
 1 1 1 1 1
 1 1 1 1 1
 1 1 1 1 1
 1 1 1 1 1
 1 1 1 1 1
 1 1 1 1 1
 1 1 1 1 1
 1 1 1 1 1
 1 1 1 1 1
 1 1 1 1 1
 1 1 1 1 1
 1 1 1 1 1
 1 1 1 1 1
 1 1 1 1 1
 1 1 1 1 1
 1 1 1 1 1
 1 1 1 1 1
 1 1 1 1 1
Sel_pelaces
 0.959412 1 1 1 1
 0.959412 1 1 1 1
 0.959412 1 1 1 1
 0.959412 1 1 1 1
 0.959412 1 1 1 1
 0.959412 1 1 1 1
 0.959412 1 1 1 1
 0.959412 1 1 1 1
 0.959412 1 1 1 1
 0.959412 1 1 1 1
 0.959412 1 1 1 1
 0.959412 1 1 1 1
 0.959412 1 1 1 1
 0.959412 1 1 1 1
 0.959412 1 1 1 1
 0.959412 1 1 1 1
 0.959412 1 1 1 1
 0.959412 1 1 1 1
 0.959412 1 1 1 1
 0.959412 1 1 1 1
 0.959412 1 1 1 1
 0.959412 1 1 1 1
 0.959412 1 1 1 1
 0.959412 1 1 1 1
 0.959412 1 1 1 1
 0.959412 1 1 1 1
 0.959412 1 1 1 1
 0.959412 1 1 1 1
 0.959412 1 1 1 1
 0.959412 1 1 1 1
 0.959412 1 1 1 1
 0.959412 1 1 1 1
 0.959412 1 1 1 1
pf_obs 
 0.8446 0.082 0.0669 0.0065 0
 0.8095 0.147 0.0364 0.0071 0
 0.9664 0.0169 0.016 0.0007 0
 0.9276 0.0648 0.0075 0.0001 0
 0.7033 0.2144 0.0806 0.0017 0
 0.9318 0.0425 0.0243 0.0014 0
 0.5671 0.3108 0.0964 0.0239 0.0018
 0.0768 0.2599 0.5324 0.112 0.0189
 0.490249 0.384438 0.106611 0.0170017 0.00170017
 0.7925 0.1577 0.0466 0.003 0.0002
 0.840416 0.127587 0.0312969 0.00059994 9.999e-05
 0.8084 0.0986 0.0794 0.0134 0.0002
 0.7335 0.1905 0.0724 0.0035 0.0001
 0.4001 0.4547 0.1325 0.0127 0
 0.49795 0.308269 0.164784 0.0264974 0.00249975
 0.9179 0.0499 0.0305 0.0017 0
 0.2467 0.6533 0.0926 0.0074 0
 0.9418 0.0223 0.034 0.0019 0
 0.707729 0.231977 0.0356964 0.0245975 0
 0.517169 0.277429 0.184464 0.0207286 0.00020938
 0.811772 0.124168 0.05621 0.00726502 0.000585176
 0.764997 0.148141 0.077277 0.00933861 0.000247198
 0.163321 0.427699 0.378323 0.0303852 0.000271297
 0.753843 0.0900009 0.118128 0.0371064 0.000921714
 0.721811 0.176058 0.0630433 0.0369309 0.00215725
 0.143369 0.312575 0.442814 0.0836902 0.0175525
 0.692698 0.0596174 0.167031 0.0765114 0.00414204
 0.394062 0.376323 0.152708 0.0712218 0.00568511
 0.125707 0.32114 0.495352 0.0537591 0.00404204
 0.23352 0.215282 0.420074 0.123614 0.00750983
 0.796117 0.104755 0.0508955 0.0450114 0.00322123
 0.162477 0.292055 0.404252 0.121198 0.0200186
 0 0 0 0 0
pf_pred 
 0.422912 0.154571 0.394925 0.0275919 1.14538e-06
 0.322042 0.429248 0.0701414 0.166949 0.0116194
 0.520466 0.258906 0.143883 0.0217122 0.0550337
 0.63457 0.266936 0.0551575 0.0283065 0.01503
 0.574352 0.35088 0.0559735 0.0105495 0.00824581
 0.660029 0.255676 0.0703341 0.0104615 0.0034991
 0.373616 0.518211 0.0829463 0.0210641 0.00416244
 0.385641 0.390821 0.188167 0.0271589 0.00821231
 0.465187 0.312688 0.144788 0.0651388 0.0121987
 0.669646 0.232442 0.0594201 0.0251337 0.0133576
 0.793169 0.177173 0.0215019 0.00496135 0.00319537
 0.684592 0.282416 0.0285381 0.00323218 0.0012214
 0.439261 0.476735 0.0758988 0.00701611 0.00108947
 0.449021 0.373411 0.152953 0.0222515 0.00236449
 0.913701 0.0702493 0.0114795 0.00394202 0.000628173
 0.886855 0.109722 0.00284098 0.00041747 0.000165221
 0.28766 0.681136 0.0303461 0.00071224 0.000145279
 0.840867 0.0786085 0.0772569 0.00317779 8.9401e-05
 0.587818 0.385253 0.0139012 0.012502 0.000526128
 0.648017 0.281567 0.0662311 0.00216602 0.00201897
 0.623601 0.311556 0.0527644 0.0113645 0.000714527
 0.645132 0.28427 0.0592225 0.00926422 0.00211154
 0.218004 0.642198 0.113835 0.021797 0.00416728
 0.627492 0.145643 0.188709 0.0310926 0.00706322
 0.562116 0.351042 0.0355159 0.042724 0.00860304
 0.301155 0.52181 0.14399 0.0135462 0.0194982
 0.629901 0.182166 0.142782 0.0367498 0.00840065
 0.602976 0.318102 0.0403185 0.0293581 0.00924579
 0.317919 0.528742 0.12461 0.0147055 0.0140245
 0.416345 0.296548 0.225945 0.0497387 0.0114239
 0.527725 0.29369 0.0939135 0.0666893 0.0179824
 0.377842 0.454255 0.107521 0.0318185 0.028564
 0.675473 0.187543 0.101898 0.0224995 0.0125862
pobs_RECLAS
 0 0 0 0 0
 0 0 0 0 0
 0 0 0 0 0
 0 0 0 0 0
 0 0 0 0 0
 0 0 0 0 0
 0 0 0 0 0
 0 0 0 0 0
 0 0 0 0 0
 0 0 0 0 0
 0.991045 0.00858322 0.000360255 1.14367e-05 0
 0.934742 0.0480273 0.0164251 0.00080598 0
 0.827803 0.169806 0.00239088 0 0
 0.941827 0.0461693 0.0120037 0 0
 0.791401 0.0380133 0.147996 0.0225897 0
 0.846168 0.0940531 0.0597789 0 0
 0.134021 0.677848 0.182769 0.00536245 0
 0.80878 0.0450904 0.141981 0.00414843 0
 0.846168 0.0940531 0.0597789 0 0
 0.905697 0.0802665 0.012482 0.00150086 5.37128e-05
 0.989698 0.0102097 9.19794e-05 0 0
 0.975433 0.0193895 0.00387452 0.00125025 5.28907e-05
 0.303575 0.632131 0.0575291 0.00676475 0
 0.966965 0.00978017 0.0227588 0.000495775 0
 0.843318 0.132988 0.00938335 0.0141283 0.000182051
 0.564624 0.303363 0.111486 0.0197234 0.00080311
 0.826376 0.0876187 0.0782897 0.00655872 0.00115652
 0.89761 0.0855135 0.0140674 0.00269457 0.000114338
 0.34875 0.467042 0.161289 0.0227151 0.000203297
 0.318654 0.224769 0.449479 0.00709798 0
 0.937255 0.0296025 0.0250945 0.00804832 0
 0.456809 0.399803 0.12412 0.0192676 0
 0.883104 0.0372192 0.0704036 0.00927362 0
ppred_RECLAS
 0.628358 0.104393 0.249854 0.0173943 7.21926e-07
 0.520709 0.311166 0.0475403 0.11274 0.00784503
 0.713924 0.159307 0.082782 0.0124463 0.0315414
 0.801561 0.147729 0.0284469 0.0145426 0.00772017
 0.749903 0.208507 0.0311636 0.00585266 0.00457378
 0.814817 0.141568 0.036414 0.00539641 0.00180461
 0.5853 0.347415 0.0516435 0.0130617 0.00258055
 0.584513 0.270529 0.12209 0.0175597 0.00530873
 0.670436 0.198347 0.0856459 0.0383844 0.0071869
 0.828477 0.123336 0.0292904 0.0123395 0.00655656
 0.894623 0.0910996 0.0103608 0.00238222 0.00153398
 0.832108 0.151402 0.0142711 0.00161019 0.000608348
 0.642034 0.307448 0.0456608 0.0042049 0.000652814
 0.702482 0.208131 0.0770553 0.0111473 0.00118418
 0.961807 0.0315173 0.00478019 0.00163481 0.000260455
 0.947756 0.0507715 0.00122299 0.000179003 7.0829e-05
 0.4746 0.503822 0.0209869 0.000490772 0.000100086
 0.925316 0.0381912 0.0350174 0.00143491 4.03603e-05
 0.767889 0.217964 0.00731696 0.00655454 0.000275779
 0.808641 0.155164 0.0340518 0.00110942 0.00103389
 0.788823 0.176794 0.027997 0.00600801 0.000377672
 0.80563 0.157796 0.0306992 0.00478439 0.00109026
 0.383723 0.511991 0.0849743 0.0162126 0.00309903
 0.795019 0.0834205 0.101178 0.0166105 0.00377265
 0.741641 0.209852 0.0198801 0.0238292 0.00479742
 0.490341 0.38679 0.100003 0.00937474 0.0134913
 0.795459 0.104093 0.0763818 0.0195889 0.00447697
 0.772179 0.184925 0.0219526 0.0159279 0.00501526
 0.509011 0.386116 0.0852813 0.0100288 0.00956252
 0.618218 0.200272 0.142952 0.0313573 0.00720073
 0.718215 0.179734 0.0537595 0.0380365 0.0102543
 0.575717 0.315243 0.0699174 0.0206172 0.018505
 0.82699 0.102848 0.0522408 0.0114927 0.00642774
pobs_PELACES
 0 0 0 0 0
 0 0 0 0 0
 0 0 0 0 0
 0 0 0 0 0
 0 0 0 0 0
 0 0 0 0 0
 0 0 0 0 0
 0 0 0 0 0
 0 0 0 0 0
 0 0 0 0 0
 0 0 0 0 0
 0 0 0 0 0
 0 0 0 0 0
 0 0 0 0 0
 0 0 0 0 0
 0 0 0 0 0
 0.505614 0.472636 0.0217494 0 0
 0 0 0 0 0
 0.443492 0.261883 0.143347 0.151278 0
 0.227955 0.32914 0.350689 0.0885471 0.00366901
 0.970185 0.0296113 0.000203453 0 0
 0.997202 0.00247181 0.000326279 0 0
 0.445219 0.490057 0.0546422 0.010081 0
 0.90214 0.0892962 0.00764917 0.000914606 0
 0 0 0 0 0
 0.581667 0.319106 0.0959925 0.00289975 0.000334073
 0.762889 0.0836404 0.116647 0.0363945 0.000428098
 0.88444 0.0763242 0.0277011 0.0115352 0
 0.521256 0.241999 0.230069 0.00667565 0
 0.616807 0.101726 0.260614 0.0208532 0
 0.833518 0.0704572 0.0857862 0.0102388 0
 0.697417 0.212968 0.0787535 0.0105354 0.000325836
 0 0 0 0 0
ppred_PELACES
 0.630182 0.104294 0.248246 0.017277 7.17046e-07
 0.531823 0.305061 0.0461425 0.109364 0.00760985
 0.722839 0.15503 0.0797687 0.0119866 0.0303755
 0.816396 0.137264 0.0260064 0.0132828 0.00705104
 0.75007 0.208545 0.0310123 0.00582259 0.00455021
 0.821113 0.137076 0.0349111 0.0051708 0.00172911
 0.618634 0.320613 0.0466426 0.0117826 0.00232769
 0.582225 0.272376 0.122465 0.01761 0.00532385
 0.689708 0.187891 0.0799158 0.0357859 0.00670007
 0.847189 0.110544 0.0257044 0.0108159 0.00574665
 0.894208 0.0915143 0.0103619 0.00238187 0.00153374
 0.842929 0.141847 0.0131772 0.00148555 0.000561232
 0.660056 0.292564 0.0428267 0.0039407 0.00061177
 0.777718 0.157879 0.0555399 0.00801167 0.000850953
 0.966844 0.0274692 0.00407386 0.00139149 0.000221675
 0.95317 0.0455345 0.0010762 0.00015735 6.22577e-05
 0.484927 0.494123 0.0203774 0.000476249 9.71213e-05
 0.93085 0.0356087 0.0321861 0.00131783 3.70656e-05
 0.787805 0.199496 0.00657134 0.00588034 0.000247399
 0.82044 0.145988 0.0315854 0.00102823 0.000958193
 0.795586 0.171409 0.0268781 0.00576469 0.000362366
 0.815378 0.150236 0.0288658 0.00449549 0.00102439
 0.387343 0.509571 0.0840025 0.016021 0.00306236
 0.798871 0.082216 0.0989809 0.0162431 0.00368913
 0.7444 0.207879 0.0195626 0.0234399 0.00471895
 0.490441 0.38718 0.0996098 0.00933528 0.0134343
 0.79876 0.102775 0.0748811 0.0191963 0.00438717
 0.773738 0.183872 0.0216973 0.0157374 0.00495518
 0.507593 0.387586 0.0852434 0.0100219 0.00955586
 0.619316 0.200205 0.142149 0.0311718 0.00715802
 0.725613 0.175609 0.0520486 0.036807 0.00992262
 0.575496 0.315803 0.0697074 0.0205498 0.0184442
 0.833667 0.0992983 0.0499206 0.0109759 0.00613851
pobs_pel_tallas
 0 0 0 0 0 0 0 0 0 0 0 0 0 0 0 0 0 0 0 0 0 0 0 0 0 0
 0 0 0 0 0 0 0 0 0 0 0 0 0 0 0 0 0 0 0 0 0 0 0 0 0 0
 0 0 0 0 0 0 0 0 0 0 0 0 0 0 0 0 0 0 0 0 0 0 0 0 0 0
 0 0 0 0 0 0 0 0 0 0 0 0 0 0 0 0 0 0 0 0 0 0 0 0 0 0
 0 0 0 0 0 0 0 0 0 0 0 0 0 0 0 0 0 0 0 0 0 0 0 0 0 0
 0 0 0 0 0 0 0 0 0 0 0 0 0 0 0 0 0 0 0 0 0 0 0 0 0 0
 0 0 0 0 0 0 0 0 0 0 0 0 0 0 0 0 0 0 0 0 0 0 0 0 0 0
 0 0 0 0 0 0 0 0 0 0 0 0 0 0 0 0 0 0 0 0 0 0 0 0 0 0
 0 0 0 0 0 0 0 0 0 0 0 0 0 0 0 0 0 0 0 0 0 0 0 0 0 0
 0 0 0 0 0 0 0 0 0 0 0 0 0 0 0 0 0 0 0 0 0 0 0 0 0 0
 0 0 0 0 0 0 0 0 0 0 0 0 0 0 0 0 0 0 0 0 0 0 0 0 0 0
 0 0 0 0 0 0 0 0 0 0 0 0 0 0 0 0 0 0 0 0 0 0 0 0 0 0
 0.00862536 0 0 0.000197151 0.00414017 0.0128641 0.00837892 0.0270097 0.101434 0.158115 0.152841 0.127902 0.109271 0.109419 0.0830992 0.0579132 0.0238553 0.00714673 0.00463305 0.00128148 0.00103504 0.000492878 0.000147863 0.000147863 4.92878e-05 0
 0 0 0 0 0 0 0 0 0 0 0 0 0 0 0 0 0 0 0 0 0 0 0 0 0 0
 0 0 0 0 0 0 0 0.0054083 0.00873648 0.0413646 0.0450493 0.0745869 0.0622846 0.0627006 0.0613931 0.0827291 0.12552 0.122667 0.0946155 0.0697135 0.0546179 0.0294188 0.0215738 0.0213955 0.0102223 0.00600262
 0 0 0 0 0.00359764 0.0251062 0.0480494 0.140153 0.205849 0.193036 0.1447 0.116669 0.0760912 0.0342217 0.00950174 0.001854 0.000860785 0 0 0 0.000165536 0 0.000143464 0 0 0
 0 0 0 0 0 0 0 0.000145254 0.000435761 0.0275982 0.070085 0.0708112 0.156366 0.174668 0.174014 0.160142 0.0824315 0.0480064 0.0283245 0.00493863 0.00203355 0 0 0 0 0
 0 0 0 0 0 0 0 0 0 0 0 0 0 0 0 0 0 0 0 0 0 0 0 0 0 0
 0 0 1.00437e-05 0.000401748 0.00122533 0.00171747 0.00176769 0.0269171 0.070346 0.194647 0.189555 0.159765 0.064822 0.0314167 0.0384472 0.0292271 0.0345202 0.0313363 0.0194345 0.0106764 0.0143323 0.0359363 0.0279516 0.0138201 0.00172751 0
 0 0.0021121 0.0136068 0.0755702 0.200478 0.177729 0.0527432 0.0373336 0.0318909 0.0142505 0.0149659 0.0166563 0.0217959 0.0798694 0.0677717 0.0528807 0.04013 0.0224614 0.0357745 0.0225083 0.00881397 0.00855152 0.00135912 0.000746735 0 0
 0 0 0 0 5.4009e-05 0.00500934 0.000945158 0.0243581 0.138947 0.33067 0.221406 0.137944 0.0707744 0.0437923 0.0131692 0.00525238 0.0047753 0.00276346 9.45158e-05 9.00151e-06 2.25038e-05 9.00151e-06 4.50075e-06 0 0 0
 0.000866109 0.00284123 0.00948549 0.0512746 0.133035 0.25785 0.225252 0.132002 0.0553304 0.0519788 0.0540692 0.017754 0.00435017 0.00159236 0.00146478 0.000404838 0.000125132 0.000115318 0.000107957 0.000100596 0 0 0 0 0 0
 0 0 0 0 0.00144013 0.00171154 0.00461396 0.0210425 0.0478622 0.0707936 0.0888783 0.103762 0.0637923 0.0337046 0.0602308 0.124433 0.169614 0.0934646 0.0462172 0.0250306 0.0313229 0.00938855 0.002487 0.000210481 0 0
 0 0.00764035 0.051015 0.0998891 0.058973 0.0496711 0.0374665 0.0718981 0.12319 0.153886 0.159021 0.0857701 0.0377988 0.023471 0.0147837 0.00900784 0.00315554 0.000888139 0.00291439 0.00214683 0.00393193 0.00274676 0.000635225 9.99891e-05 0 0
 0 0 0 0 0 0 0 0 0 0 0 0 0 0 0 0 0 0 0 0 0 0 0 0 0 0
 0 0 0 0 0 0 0 0 0 0 0 0 0 0 0 0 0 0 0 0 0 0 0 0 0 0
 0 0 0 0 0 0 0 0 0 0 0 0 0 0 0 0 0 0 0 0 0 0 0 0 0 0
 0 0 0 0 0 0 0 0 0 0 0 0 0 0 0 0 0 0 0 0 0 0 0 0 0 0
 0 0 0 0 0 0 0 0 0 0 0 0 0 0 0 0 0 0 0 0 0 0 0 0 0 0
 0 0 0 0 0 0 0 0 0 0 0 0 0 0 0 0 0 0 0 0 0 0 0 0 0 0
 0 0 0 0 0 0 0 0 0 0 0 0 0 0 0 0 0 0 0 0 0 0 0 0 0 0
 0 0 0 0 0 0 0 0 0 0 0 0 0 0 0 0 0 0 0 0 0 0 0 0 0 0
 0 0 0 0 0 0 0 0 0 0 0 0 0 0 0 0 0 0 0 0 0 0 0 0 0 0
ppred_pel_tallas
 1.08924e-16 5.19073e-05 0.000504557 0.00335296 0.0152421 0.0474238 0.101042 0.147476 0.147486 0.101093 0.0475963 0.0157451 0.00463309 0.00335695 0.00563833 0.00967947 0.0149615 0.020939 0.0270125 0.0327793 0.0380451 0.0425175 0.0455197 0.0461139 0.0436267 0.0381639
 1.13666e-16 4.38056e-05 0.000425806 0.00282963 0.0128631 0.0400221 0.0852724 0.124464 0.124493 0.0854163 0.0405054 0.0142596 0.00633766 0.00809287 0.0146333 0.0242029 0.0350665 0.0445733 0.0500997 0.0505607 0.0471016 0.0423053 0.0385301 0.0366596 0.0360218 0.0352196
 1.08685e-16 5.95393e-05 0.000578743 0.00384595 0.0174832 0.0543967 0.115898 0.16916 0.169175 0.115972 0.0546439 0.0181984 0.00564617 0.00452472 0.00760128 0.012598 0.0184399 0.0238223 0.0274554 0.0287601 0.0281805 0.0267917 0.0255307 0.0246761 0.0238954 0.0226655
 1.03311e-16 6.72455e-05 0.00065365 0.00434373 0.019746 0.0614372 0.130899 0.191054 0.191067 0.130964 0.0616545 0.020374 0.00592092 0.00409925 0.00661894 0.0108573 0.0156857 0.0198393 0.0220815 0.0218567 0.019618 0.0165054 0.0136371 0.0115668 0.010226 0.00922811
 1.02303e-16 6.17823e-05 0.000600546 0.00399084 0.0181418 0.056446 0.120265 0.175534 0.175554 0.120363 0.0567758 0.0190945 0.00638235 0.00582165 0.0099788 0.0164023 0.0236295 0.0297301 0.0327784 0.0318852 0.02772 0.0220454 0.0166533 0.0125327 0.00974984 0.00786291
 1.01854e-16 6.7634e-05 0.000657427 0.00436883 0.0198601 0.0617922 0.131655 0.192157 0.192171 0.13172 0.0620094 0.0204879 0.005946 0.00410424 0.00662499 0.0108746 0.0157265 0.0199171 0.0222005 0.0219933 0.0197006 0.0164054 0.0131864 0.0106053 0.00866525 0.00710291
 1.03004e-16 5.09561e-05 0.000495312 0.00329152 0.0149628 0.046555 0.0991915 0.144779 0.14481 0.0993425 0.047062 0.0164273 0.00696783 0.00852108 0.0152944 0.0252068 0.0363125 0.0456761 0.0503357 0.0489196 0.0424526 0.0336413 0.0252402 0.0187748 0.0143583 0.0113301
 1.06271e-16 4.79572e-05 0.000466161 0.00309781 0.0140822 0.0438151 0.0933536 0.136258 0.136284 0.0934826 0.0442486 0.015336 0.0062514 0.00737172 0.0132251 0.0219502 0.0319936 0.0410208 0.0466568 0.047766 0.045045 0.0403831 0.0355542 0.0313177 0.0274729 0.0235196
 1.07077e-16 5.68103e-05 0.000552217 0.00366968 0.0166818 0.0519034 0.110586 0.161408 0.161426 0.110675 0.0522025 0.0175469 0.00584583 0.00531839 0.00915492 0.0151674 0.0221335 0.0284503 0.0325201 0.0336162 0.0322762 0.0298335 0.0274812 0.0256304 0.0239567 0.021906
 1.02828e-16 6.97818e-05 0.000678304 0.00450757 0.0204908 0.0637545 0.135836 0.198259 0.19827 0.135888 0.0639297 0.0209971 0.00577945 0.00345809 0.00535886 0.00877488 0.0126962 0.0161005 0.0179984 0.017943 0.0162885 0.0139291 0.0117336 0.0101194 0.00901715 0.0081227
 1.00821e-16 7.36548e-05 0.000715951 0.00475774 0.021628 0.0672928 0.143375 0.209262 0.20927 0.143418 0.0674375 0.0220457 0.005806 0.00300364 0.0044165 0.00717981 0.010324 0.0129583 0.0142289 0.0137438 0.0118031 0.00919563 0.00672962 0.00486049 0.00363008 0.00284417
 1.00661e-16 6.9431e-05 0.000674894 0.00448491 0.0203878 0.0634339 0.135153 0.197263 0.197277 0.13522 0.063658 0.0210347 0.00610836 0.00421693 0.00679053 0.0111007 0.0159474 0.0199755 0.0218531 0.0209637 0.0177711 0.0135089 0.00945466 0.0063489 0.00429243 0.00301144
 1.0181e-16 5.4368e-05 0.000528477 0.00351191 0.0159647 0.0496722 0.105833 0.154472 0.1545 0.105971 0.0501348 0.0173009 0.00686598 0.00785019 0.0139588 0.0229879 0.0331015 0.0416046 0.0457792 0.0443556 0.0382536 0.0299382 0.0219388 0.015688 0.0113497 0.00838497
 1.02591e-16 6.40597e-05 0.000622683 0.00413795 0.0188105 0.0585266 0.124698 0.182003 0.182018 0.124772 0.0587773 0.0195354 0.00596006 0.00460863 0.00765827 0.0126222 0.0183225 0.0233441 0.0262775 0.0264535 0.0243031 0.0209948 0.0176644 0.0148615 0.0125413 0.0104225
 1.00302e-16 7.96376e-05 0.000774106 0.00514421 0.0233848 0.0727589 0.155021 0.226258 0.22626 0.155034 0.0728023 0.0235103 0.00545925 0.00146192 0.00138618 0.00216623 0.00311436 0.00391956 0.00432437 0.00421193 0.00367051 0.00293168 0.00222995 0.00169341 0.0013285 0.00107577
 1.0007e-16 7.85113e-05 0.000763158 0.00507145 0.0230541 0.0717299 0.152828 0.223058 0.223063 0.15285 0.0718017 0.0232614 0.00559144 0.00189686 0.0022274 0.00354697 0.0050758 0.00632773 0.00686636 0.00649245 0.00536143 0.00388499 0.00249486 0.0014493 0.000792154 0.000433338
 1.00779e-16 3.99429e-05 0.000388259 0.00258012 0.0117289 0.0364931 0.0777542 0.113495 0.113542 0.0779865 0.0372728 0.0139796 0.00822579 0.0126992 0.0233806 0.0384841 0.0551853 0.0688708 0.0748637 0.0710012 0.058946 0.0431208 0.0281562 0.0168125 0.00955574 0.00543781
 1.01077e-16 7.66729e-05 0.000745288 0.0049527 0.0225143 0.0700502 0.14925 0.217835 0.217838 0.149267 0.0701074 0.02268 0.00537062 0.0016642 0.00184112 0.00297239 0.00439022 0.00576037 0.00678886 0.00732466 0.00741754 0.00723185 0.00689526 0.00641998 0.00574883 0.0048582
 1.00873e-16 6.48905e-05 0.000630759 0.00419161 0.0190545 0.0592857 0.126315 0.184365 0.184384 0.126409 0.0596004 0.0199632 0.00647093 0.00560112 0.00948864 0.0155425 0.0222868 0.0278246 0.0302733 0.0287719 0.0240055 0.0177686 0.0119274 0.00757383 0.00485623 0.0033451
 1.01215e-16 6.75786e-05 0.000656888 0.00436525 0.0198438 0.0617415 0.131547 0.192 0.192014 0.131616 0.0619727 0.0205117 0.0060425 0.00432066 0.00703245 0.0115362 0.0166504 0.021016 0.0232883 0.0228342 0.0200885 0.0162311 0.0124591 0.00943074 0.00720379 0.00552866
 1.01459e-16 6.55314e-05 0.000636989 0.00423301 0.0192427 0.0598712 0.127563 0.186185 0.186201 0.127643 0.0601423 0.0200259 0.00619906 0.00492947 0.00821939 0.0134888 0.0194341 0.0244573 0.0269728 0.0262443 0.022812 0.0181115 0.0136039 0.0100992 0.00766258 0.00595596
 1.01496e-16 6.71616e-05 0.000652835 0.00433832 0.0197214 0.0613606 0.130736 0.190816 0.19083 0.130807 0.0615984 0.0204084 0.0060634 0.00442049 0.00722782 0.0118562 0.0171035 0.021571 0.0238763 0.0233748 0.0205284 0.0165699 0.0127463 0.00973743 0.00758601 0.00600306
 1.0468e-16 3.1905e-05 0.000310128 0.00206091 0.00936864 0.0291496 0.0621081 0.0906589 0.090708 0.0623482 0.0299558 0.0116974 0.00790713 0.0130752 0.024283 0.0401144 0.0578293 0.0728149 0.0803749 0.0783233 0.0682593 0.0544337 0.0411663 0.0308409 0.0236358 0.0185443
 1.05131e-16 6.5802e-05 0.000639618 0.00425049 0.0193221 0.0601183 0.128089 0.186951 0.186959 0.128128 0.0602512 0.0197079 0.00522562 0.00279082 0.0042173 0.00704033 0.0105381 0.0140935 0.0171014 0.0192513 0.0206309 0.0215029 0.0219655 0.0218188 0.0207431 0.0185982
 1.03768e-16 6.13153e-05 0.000596006 0.00396067 0.0180047 0.0560193 0.119356 0.174207 0.174227 0.119454 0.0563478 0.0189535 0.00634215 0.00579388 0.00993071 0.0163156 0.0234896 0.0295318 0.0325391 0.031662 0.0276241 0.0222408 0.0173282 0.0138407 0.0117401 0.0104341
 1.06184e-16 4.0397e-05 0.000392674 0.00260946 0.0118622 0.036908 0.0786378 0.114782 0.114819 0.0788205 0.0375217 0.0136357 0.00706459 0.0101294 0.0185647 0.030712 0.044435 0.0562888 0.0627698 0.0622387 0.0558499 0.0466731 0.0377613 0.030698 0.0254741 0.0213108
 1.04855e-16 6.57928e-05 0.00063953 0.0042499 0.0193194 0.06011 0.128071 0.186926 0.186936 0.12812 0.0602746 0.0197961 0.00545135 0.00327844 0.00512503 0.00849307 0.0125202 0.0163584 0.0191779 0.0205843 0.0207995 0.0203973 0.0198257 0.0191271 0.0180403 0.0163138
 1.03091e-16 6.37318e-05 0.000619496 0.00411677 0.0187142 0.0582271 0.12406 0.181072 0.18109 0.124146 0.0585178 0.0195539 0.00622437 0.00522029 0.00880141 0.0144502 0.0208135 0.0261866 0.0288844 0.0281468 0.0245973 0.0198206 0.0154068 0.0121997 0.0101863 0.00888065
 1.05182e-16 4.18098e-05 0.000406407 0.00270072 0.0122771 0.0381988 0.0813879 0.118796 0.118833 0.0815707 0.0388127 0.0140508 0.00715522 0.0101381 0.0185458 0.0306506 0.0442809 0.0559577 0.0621474 0.0612004 0.0542975 0.0445777 0.0351908 0.027815 0.0224992 0.0184676
 1.08491e-16 5.10123e-05 0.000495858 0.00329515 0.0149793 0.0466062 0.0993002 0.144936 0.144955 0.0993954 0.0469267 0.0159073 0.00563358 0.00563062 0.00989087 0.0165013 0.0243052 0.0316959 0.0370424 0.0395599 0.0396757 0.0385236 0.0370165 0.0352975 0.0329234 0.0294557
 1.06918e-16 5.97678e-05 0.000580965 0.00386071 0.0175503 0.0546055 0.116343 0.16981 0.169827 0.116426 0.0548843 0.0183564 0.00588706 0.00501405 0.00850764 0.0140471 0.0204148 0.0260745 0.029512 0.0300616 0.0282936 0.0255752 0.0231623 0.0215415 0.0204204 0.0191837
 1.07275e-16 4.74029e-05 0.000460773 0.003062 0.0139194 0.0433087 0.0922749 0.134684 0.134715 0.0924238 0.043809 0.0153652 0.00669332 0.00839567 0.0151401 0.0250156 0.036177 0.045807 0.0510668 0.0506628 0.0456035 0.0384655 0.0317816 0.0268166 0.0234475 0.020857
 1.03606e-16 6.8668e-05 0.000667478 0.00443563 0.0201637 0.0627368 0.133668 0.195094 0.195104 0.133715 0.0628951 0.0206216 0.00558784 0.00319239 0.00489224 0.00805347 0.0117691 0.0151672 0.0174021 0.0180791 0.0174577 0.0162083 0.0149309 0.0138335 0.0127674 0.0114891
pSPR Fmed_Fpbrs
1   0.98428 0.6 0.325 0.98428 0.98428 0.98428
Fs Fmed_Fpbrs
0   0.01 0.371308 0.970842 0.01 0.01 0.01
SSBpbr Bo_Bmed_Bpbrs
688289  653875  643055 378559 189280 643055 643055 643055
Ro
130614
SPR SPRFo_SPRFmed_SPRFpbrs
940986 940986 926194
Fref
0
Nvult_r0
 112041 17342.5 9029.08 1989.09 1112.56
CTP_r0
 20124 5587.37 3035.79 670.316 374.973
YTP_r0
356518
Np
 159047 58510 21524.6 7918.46 3984.69
Nvult_p0
 100537 36985.3 13606.1 5005.42 2518.8
CTP_p0
 0 0 0 0 0
 0 0 0 0 0
 0 0 0 0 0
 0 0 0 0 0
 0 0 0 0 0
 0 0 0 0 0
YTP_p0
 0 0 0 0 0 0
CBA_c0
0
log_Ro
11.6
likeval ReclasPelacesDesembMPH_pf_preclas_ppelaces_ptallas_desvR_qrecl_qpela
 19.6856 17.2171 0.0380312 56.3097 238.247 137.255 115.265 0 24.1641 6.73555e-06 1.81627e-05 0.141635 2063.87 0 0
q_reclas_q_pelaces
1.44344 1.82706
M
1
N
 170076 30262.1 73037.1 5087.09 0.211137
 82199.6 55650.2 8632.5 20489.2 1425.81
 96847.3 24434.6 12888.5 1939.43 4915.11
 128083 28886.7 5700.91 2918.45 1549.42
 112730 33376.9 5026.85 944.472 738.109
 189534 37250.8 9726.59 1442.66 482.461
 72766.3 56486.1 8675.61 2198.29 434.349
 34911.2 16927.4 7682.78 1105.34 334.175
 33230.8 11862 5240.46 2351.67 440.345
 45829.2 8870.87 2175.13 917.986 487.817
 100062 10767.6 1232.86 283.574 182.606
 153610 33499.3 3228.05 364.669 137.785
 72347.4 41473.4 6295.88 580.502 90.1292
 34988.9 19574.1 7830.02 1137.68 120.884
 100354 4346.68 682.037 233.7 37.2366
 337859 22924.9 568.341 83.3205 32.9716
 69016.3 83008.4 3510.72 82.1672 16.7576
 416024 20514.1 19221.2 788.588 22.1824
 314349 112945 3901.94 3501.01 147.316
 337543 77316.8 17337.5 565.548 527.08
 362203 91765.4 14750.5 3168.03 199.156
 472376 108076 21427.9 3343.03 761.851
 91819.3 133272 22346.8 4266.08 815.486
 254264 29254.8 35882.4 5894.61 1338.85
 260015 79918.2 7647.58 9171.98 1846.6
 98999.3 83050.9 21634.1 2028.93 2919.93
 229349 32785 24317.3 6240.2 1426.22
 281213 72554 8691.42 6309.37 1986.7
 113912 91094.2 20249.7 2382.15 2271.45
 110658 38292.5 27553.3 6046.69 1388.56
 129744 36370.7 11030.1 7810.18 2105.65
 67659.5 39319.6 8784.09 2591.31 2325.88
 159047 22485 11600.7 2554.33 1428.68
pred_Ctot
 12000.6 4386.11 11206.4 782.949 0.0325012
 10149.3 13527.9 2210.53 5261.46 366.19
 11783.3 5861.63 3257.5 491.565 1245.96
 24282.7 10214.7 2110.68 1083.19 575.144
 7315.59 4469.2 712.941 134.37 105.028
 23143.2 8964.98 2466.18 366.821 122.692
 17549 24340.7 3896.04 989.395 195.512
 1696.82 1719.61 827.938 119.499 36.1342
 5915.29 3976.12 1841.12 828.302 155.118
 10854.1 3767.59 963.123 407.385 216.51
 5734.4 1280.91 155.453 35.8693 23.1017
 26494.4 10929.8 1104.45 125.089 47.2694
 12404.3 13462.5 2143.3 198.127 30.7656
 15950 13264.2 5433.16 790.414 83.9908
 24987.6 1921.16 313.937 107.805 17.1791
 73292.3 9067.72 234.787 34.501 13.6544
 8524.52 20184.8 899.275 21.1065 4.3052
 70627.7 6602.63 6489.1 266.914 7.50913
 68036.2 44590.5 1608.98 1447.03 60.896
 57074.5 24799.2 5833.35 190.774 177.822
 43995.2 21980.4 3722.54 801.769 50.4101
 71119.4 31337.9 6528.69 1021.29 232.776
 7864.58 23167.6 4106.64 786.336 150.337
 23706.5 5502.33 7129.37 1174.67 266.846
 21907.5 13681.2 1384.17 1665.1 335.289
 6299.56 10915.2 3011.98 283.36 407.863
 20559.7 5945.82 4660.36 1199.5 274.194
 21456.8 11319.6 1434.73 1044.7 329.01
 6254.96 10402.8 2451.66 289.327 275.927
 7522.99 5358.36 4082.64 898.736 206.42
 14681.7 8170.68 2612.74 1855.35 500.283
 4167.86 5010.74 1186.04 350.98 315.081
 20124 5587.37 3035.79 670.316 374.973
F
 0.117163 0.254363 0.271069 0.272009 0.272059
 0.213149 0.462748 0.493142 0.494852 0.494943
 0.209753 0.455375 0.485284 0.486967 0.487056
 0.344812 0.748589 0.797756 0.800524 0.80067
 0.107324 0.233 0.248304 0.249165 0.249211
 0.210574 0.457158 0.487184 0.488874 0.488964
 0.458319 0.995013 1.06037 1.06404 1.06424
 0.0794678 0.172525 0.183856 0.184494 0.184528
 0.320705 0.696252 0.741982 0.744556 0.744692
 0.448379 0.973433 1.03737 1.04097 1.04116
 0.0942711 0.204663 0.218106 0.218862 0.218902
 0.309362 0.671628 0.71574 0.718223 0.718354
 0.307271 0.667088 0.710903 0.713369 0.713499
 1.08562 2.35688 2.51168 2.52039 2.52085
 0.476482 1.03445 1.10239 1.10621 1.10641
 0.403686 0.876404 0.933966 0.937206 0.937377
 0.213232 0.462928 0.493333 0.495044 0.495134
 0.303839 0.659637 0.702962 0.7054 0.705529
 0.402592 0.874029 0.931435 0.934666 0.934837
 0.302457 0.656636 0.699764 0.702191 0.70232
 0.20937 0.454543 0.484397 0.486077 0.486166
 0.265386 0.576155 0.613997 0.616127 0.616239
 0.143777 0.312141 0.332642 0.333796 0.333857
 0.157372 0.341655 0.364095 0.365358 0.365425
 0.141287 0.306735 0.326881 0.328015 0.328075
 0.105142 0.228264 0.243257 0.244101 0.244145
 0.150914 0.327634 0.349153 0.350365 0.350429
 0.127218 0.276191 0.294331 0.295352 0.295406
 0.0901748 0.19577 0.208628 0.209352 0.20939
 0.11268 0.244629 0.260696 0.2616 0.261648
 0.193837 0.420822 0.448462 0.450018 0.4501
 0.101639 0.220658 0.235151 0.235967 0.23601
 0.218936 0.475312 0.506531 0.508288 0.50838
YTP_r0W_actual
 151735 97499.6 73071.4 20994.3 13217.8
YTP_p0W_proyectada
 0 0 0 0 0
 0 0 0 0 0
 0 0 0 0 0
 0 0 0 0 0
 0 0 0 0 0
 0 0 0 0 0
CTP_r0_actual
 20124 5587.37 3035.79 670.316 374.973
CTP_p0_proyectada
 0 0 0 0 0
 0 0 0 0 0
 0 0 0 0 0
 0 0 0 0 0
 0 0 0 0 0
 0 0 0 0 0
Wmedp
 7.54 17.45 24.07 31.32 35.25
Frms_r0
 0.218936 0.475312 0.506531 0.508288 0.50838
Zrms_r0
 1.21894 1.47531 1.50653 1.50829 1.50838
nmprior
 7.29 8.9 8.7 0
nm_flota  nm_reclas  nm_pelaces    nm_pelaL
inf 11.5566 18.37 58.8509
cv_recla  cv_pelaces  cv_mph
0.384242 0.454538 0.601657
 ------------------------------------------------
Talla a la edad & desviaci?n 
 8 13.2811 15.8009 17.003 17.5766
 0.8 1.32811 1.58009 1.7003 1.75766
