years
 1991 1992 1993 1994 1995 1996 1997 1998 1999 2000 2001 2002 2003 2004 2005 2006 2007 2008 2009 2010 2011 2012 2013 2014 2015 2016 2017 2018 2019 2020 2021 2022 2023
reclasobs
 0 0 0 0 0 0 0 0 0 252601 567819 844713 477998 351125 339783 2.1784e+06 2.13404e+06 4.81314e+06 1.55562e+06 2.62356e+06 3.21686e+06 3.843e+06 1.13348e+06 3.07943e+06 1.97215e+06 2.03268e+06 2.025e+06 2.42433e+06 2.27542e+06 1.05018e+06 2.36338e+06 3.18982e+06 1.53035e+06
reclaspred
 3.28378e+06 1.70786e+06 864148 698791 684493 2.02674e+06 990312 778238 509432 270238 539508 1.13535e+06 1.00006e+06 246944 689065 1.55675e+06 1.24268e+06 2.76939e+06 2.19194e+06 2.066e+06 3.59302e+06 2.86053e+06 2.00065e+06 2.90859e+06 2.29495e+06 2.01081e+06 2.35745e+06 2.76428e+06 2.40484e+06 1.92024e+06 1.60651e+06 1.4428e+06 1.12278e+06
pelacesobs
 0 0 0 0 0 0 0 0 0 0 0 0 0 0 0 552880 188675 0 991730 2.46772e+06 1.41603e+06 1.21717e+06 2.29649e+06 1.80582e+06 0 1.4828e+06 1.56532e+06 1.57751e+06 1.42118e+06 867257 1.10002e+06 1.06204e+06 0
pelacespred
 1.95756e+06 1.01793e+06 470830 283044 342650 1.0692e+06 447634 515377 267984 114679 288734 535721 534580 89869.4 350608 673624 598694 1.42154e+06 1.10848e+06 927369 1.8394e+06 1.47519e+06 1.154e+06 1.7566e+06 1.34492e+06 1.2237e+06 1.56855e+06 1.64698e+06 1.44735e+06 1.2637e+06 865043 843461 567739
mphobs
 0 0 0 0 0 0 0 0 0 0 0 0 498337 0 5186 125008 0 168611 109162 213762 579715 649985 157893 87575 83554 210694 70296 0 107559 103333 445601 22526 28222
mphpred
 586985 379046 170423 94115.6 77202.8 103442 254331 101077 84687 42123 22443.4 87485.2 158903 71177.2 11774.7 74367.3 214902 144472 295802 313668 475869 539623 118782 81357.3 131255 110314 86555.3 103116 162813 116104 75843.8 74946.7 41400
desembarqueobs
 494567 514787 250237 358949 120608 361735 552515 73892 212993 205616 52469 317467 293654 387597 252695 516296 358380 742168 942051 627588 828172 859565 418607 520667 417249 300574 415391 372974 316634 284311 391294 218835 356480
desembarquepred
 494535 514451 250168 358955 120603 361660 552287 73893.6 213002 205617 52468.1 317379 293664 387497 252548 516007 358358 741691 940959 626935 828199 859230 418540 520649 417093 300538 415316 372854 316512 284141 391141 218850 356487
Reclutas
 136489 87480 81798.2 80275.8 67956.3 214505 54360.8 22384.5 27193.8 35738.7 66282.5 154975 75433.4 33976.1 78162.2 270793 47098.7 361635 261774 273132 274061 378304 57057.2 181066 185063 61794.1 158933 190634 74600.3 90798.8 91106.2 40109.8 93088.7
log_desv_Rt
 0.318433 -0.126398 -0.193552 -0.212339 -0.378943 0.770525 -0.602165 -1.48944 -1.29482 -1.02157 -0.403882 0.445459 -0.274558 -1.07215 -0.239022 1.00355 -0.745562 1.29283 0.969674 1.01215 1.01554 1.33789 -0.553754 0.601055 0.622886 -0.474 0.470676 0.652546 -0.285664 -0.0891623 -0.0857818 -0.906186 -0.0642549
SSB
 989351 638874 287244 158630 130124 174349 428669 170363 142738 70997.5 37827.9 147454 253137 114614 18853.1 119686 362213 243505 522563 349796 546473 663300 622922 409668 606532 545538 400772 454557 747647 497010 385864 386980 198506
BT
 1.57368e+06 1.1099e+06 515716 487531 337367 1.1726e+06 769096 417857 402653 279978 279348 683494 636191 452038 552113 985579 676139 1.82104e+06 1.72968e+06 1.22469e+06 2.06814e+06 1.85665e+06 1.09294e+06 1.83822e+06 1.29814e+06 1.05734e+06 1.61751e+06 1.58795e+06 1.15351e+06 1.10975e+06 951290 727718 747960
Ftot
 0.449338 0.855093 0.854166 1.61568 0.609051 0.732917 1.47146 0.308414 1.36215 2.3571 0.429685 1.06571 0.934322 3.72163 1.66448 1.40381 0.854241 1.09325 1.44001 1.1309 0.814102 1.03638 0.61085 0.679605 0.60473 0.458216 0.658029 0.524932 0.382995 0.47928 0.822903 0.460032 1.14049
BD_Bspro_t
 0.931716 0.621823 0.367701 0.265642 0.218538 0.321031 0.446353 0.221119 0.248169 0.168137 0.129492 0.444795 0.425837 0.205054 0.0479947 0.233055 0.362325 0.265638 0.366842 0.260628 0.304066 0.340863 0.355951 0.299521 0.421424 0.453647 0.431403 0.492617 0.59494 0.503965 0.464938 0.441413 0.383892
BD_Bspro
 1.38342 0.893343 0.401655 0.221814 0.181953 0.243794 0.599412 0.23822 0.199592 0.0992765 0.052895 0.206187 0.353963 0.160265 0.0263625 0.167358 0.506486 0.340495 0.730705 0.489122 0.764139 0.927498 0.871037 0.572842 0.84812 0.76283 0.560403 0.635611 1.04544 0.694974 0.539557 0.541117 0.277572
BD_Bo
 2.62254 1.69351 0.761417 0.420491 0.344928 0.462159 1.1363 0.451593 0.378366 0.188198 0.100273 0.390868 0.671007 0.303814 0.0499753 0.317259 0.960143 0.645475 1.38519 0.927227 1.44857 1.75825 1.65122 1.08594 1.60778 1.44609 1.06235 1.20493 1.98184 1.31746 1.02284 1.02579 0.526193
BD_Brms
 2.80657 1.81234 0.814847 0.449998 0.369132 0.49459 1.21604 0.483283 0.404917 0.201404 0.107309 0.418296 0.718093 0.325134 0.0534822 0.339522 1.02752 0.69077 1.4824 0.992293 1.55022 1.88163 1.76709 1.16214 1.7206 1.54757 1.1369 1.28948 2.12091 1.40991 1.09461 1.09778 0.563117
Sel_flota
 0.417698 0.931643 0.996153 0.999797 0.999989
 0.417698 0.931643 0.996153 0.999797 0.999989
 0.417698 0.931643 0.996153 0.999797 0.999989
 0.417698 0.931643 0.996153 0.999797 0.999989
 0.417698 0.931643 0.996153 0.999797 0.999989
 0.417698 0.931643 0.996153 0.999797 0.999989
 0.417698 0.931643 0.996153 0.999797 0.999989
 0.417698 0.931643 0.996153 0.999797 0.999989
 0.417698 0.931643 0.996153 0.999797 0.999989
 0.417698 0.931643 0.996153 0.999797 0.999989
 0.417698 0.931643 0.996153 0.999797 0.999989
 0.417698 0.931643 0.996153 0.999797 0.999989
 0.417698 0.931643 0.996153 0.999797 0.999989
 0.417698 0.931643 0.996153 0.999797 0.999989
 0.417698 0.931643 0.996153 0.999797 0.999989
 0.417698 0.931643 0.996153 0.999797 0.999989
 0.417698 0.931643 0.996153 0.999797 0.999989
 0.417698 0.931643 0.996153 0.999797 0.999989
 0.417698 0.931643 0.996153 0.999797 0.999989
 0.417698 0.931643 0.996153 0.999797 0.999989
 0.417698 0.931643 0.996153 0.999797 0.999989
 0.417698 0.931643 0.996153 0.999797 0.999989
 0.417698 0.931643 0.996153 0.999797 0.999989
 0.417698 0.931643 0.996153 0.999797 0.999989
 0.417698 0.931643 0.996153 0.999797 0.999989
 0.417698 0.931643 0.996153 0.999797 0.999989
 0.417698 0.931643 0.996153 0.999797 0.999989
 0.417698 0.931643 0.996153 0.999797 0.999989
 0.417698 0.931643 0.996153 0.999797 0.999989
 0.417698 0.931643 0.996153 0.999797 0.999989
 0.417698 0.931643 0.996153 0.999797 0.999989
 0.417698 0.931643 0.996153 0.999797 0.999989
 0.417698 0.931643 0.996153 0.999797 0.999989
Sel_reclas
 0.796982 0.951822 0.990043 0.998006 0.999603
 0.796982 0.951822 0.990043 0.998006 0.999603
 0.796982 0.951822 0.990043 0.998006 0.999603
 0.796982 0.951822 0.990043 0.998006 0.999603
 0.796982 0.951822 0.990043 0.998006 0.999603
 0.796982 0.951822 0.990043 0.998006 0.999603
 0.796982 0.951822 0.990043 0.998006 0.999603
 0.796982 0.951822 0.990043 0.998006 0.999603
 0.796982 0.951822 0.990043 0.998006 0.999603
 0.796982 0.951822 0.990043 0.998006 0.999603
 0.796982 0.951822 0.990043 0.998006 0.999603
 0.796982 0.951822 0.990043 0.998006 0.999603
 0.796982 0.951822 0.990043 0.998006 0.999603
 0.796982 0.951822 0.990043 0.998006 0.999603
 0.796982 0.951822 0.990043 0.998006 0.999603
 0.796982 0.951822 0.990043 0.998006 0.999603
 0.796982 0.951822 0.990043 0.998006 0.999603
 0.796982 0.951822 0.990043 0.998006 0.999603
 0.796982 0.951822 0.990043 0.998006 0.999603
 0.796982 0.951822 0.990043 0.998006 0.999603
 0.796982 0.951822 0.990043 0.998006 0.999603
 0.796982 0.951822 0.990043 0.998006 0.999603
 0.796982 0.951822 0.990043 0.998006 0.999603
 0.796982 0.951822 0.990043 0.998006 0.999603
 0.796982 0.951822 0.990043 0.998006 0.999603
 0.796982 0.951822 0.990043 0.998006 0.999603
 0.796982 0.951822 0.990043 0.998006 0.999603
 0.796982 0.951822 0.990043 0.998006 0.999603
 0.796982 0.951822 0.990043 0.998006 0.999603
 0.796982 0.951822 0.990043 0.998006 0.999603
 0.796982 0.951822 0.990043 0.998006 0.999603
 0.796982 0.951822 0.990043 0.998006 0.999603
 0.796982 0.951822 0.990043 0.998006 0.999603
Sel_pelaces
 0.576986 0.872845 0.971868 0.994281 0.998858
 0.576986 0.872845 0.971868 0.994281 0.998858
 0.576986 0.872845 0.971868 0.994281 0.998858
 0.576986 0.872845 0.971868 0.994281 0.998858
 0.576986 0.872845 0.971868 0.994281 0.998858
 0.576986 0.872845 0.971868 0.994281 0.998858
 0.576986 0.872845 0.971868 0.994281 0.998858
 0.576986 0.872845 0.971868 0.994281 0.998858
 0.576986 0.872845 0.971868 0.994281 0.998858
 0.576986 0.872845 0.971868 0.994281 0.998858
 0.576986 0.872845 0.971868 0.994281 0.998858
 0.576986 0.872845 0.971868 0.994281 0.998858
 0.576986 0.872845 0.971868 0.994281 0.998858
 0.576986 0.872845 0.971868 0.994281 0.998858
 0.576986 0.872845 0.971868 0.994281 0.998858
 0.576986 0.872845 0.971868 0.994281 0.998858
 0.576986 0.872845 0.971868 0.994281 0.998858
 0.576986 0.872845 0.971868 0.994281 0.998858
 0.576986 0.872845 0.971868 0.994281 0.998858
 0.576986 0.872845 0.971868 0.994281 0.998858
 0.576986 0.872845 0.971868 0.994281 0.998858
 0.576986 0.872845 0.971868 0.994281 0.998858
 0.576986 0.872845 0.971868 0.994281 0.998858
 0.576986 0.872845 0.971868 0.994281 0.998858
 0.576986 0.872845 0.971868 0.994281 0.998858
 0.576986 0.872845 0.971868 0.994281 0.998858
 0.576986 0.872845 0.971868 0.994281 0.998858
 0.576986 0.872845 0.971868 0.994281 0.998858
 0.576986 0.872845 0.971868 0.994281 0.998858
 0.576986 0.872845 0.971868 0.994281 0.998858
 0.576986 0.872845 0.971868 0.994281 0.998858
 0.576986 0.872845 0.971868 0.994281 0.998858
 0.576986 0.872845 0.971868 0.994281 0.998858
pf_obs 
 0.8446 0.082 0.0669 0.0065 0
 0.8095 0.147 0.0364 0.0071 0
 0.9664 0.0169 0.016 0.0007 0
 0.9276 0.0648 0.0075 0.0001 0
 0.7033 0.2144 0.0806 0.0017 0
 0.9318 0.0425 0.0243 0.0014 0
 0.5671 0.3108 0.0964 0.0239 0.0018
 0.0768 0.2599 0.5324 0.112 0.0189
 0.490249 0.384438 0.106611 0.0170017 0.00170017
 0.7925 0.1577 0.0466 0.003 0.0002
 0.840416 0.127587 0.0312969 0.00059994 9.999e-05
 0.8084 0.0986 0.0794 0.0134 0.0002
 0.7335 0.1905 0.0724 0.0035 0.0001
 0.4001 0.4547 0.1325 0.0127 0
 0.49795 0.308269 0.164784 0.0264974 0.00249975
 0.9179 0.0499 0.0305 0.0017 0
 0.2467 0.6533 0.0926 0.0074 0
 0.9418 0.0223 0.034 0.0019 0
 0.707729 0.231977 0.0356964 0.0245975 0
 0.517169 0.277429 0.184464 0.0207286 0.00020938
 0.811772 0.124168 0.05621 0.00726502 0.000585176
 0.764997 0.148141 0.077277 0.00933861 0.000247198
 0.163321 0.427699 0.378323 0.0303852 0.000271297
 0.753843 0.0900009 0.118128 0.0371064 0.000921714
 0.721811 0.176058 0.0630433 0.0369309 0.00215725
 0.143369 0.312575 0.442814 0.0836902 0.0175525
 0.692698 0.0596174 0.167031 0.0765114 0.00414204
 0.394062 0.376323 0.152708 0.0712218 0.00568511
 0.125707 0.32114 0.495352 0.0537591 0.00404204
 0.23352 0.215282 0.420074 0.123614 0.00750983
 0.796117 0.104755 0.0508955 0.0450114 0.00322123
 0.162477 0.292055 0.404252 0.121198 0.0200186
 0 0 0 0 0
pf_pred 
 0.476369 0.188372 0.304615 0.0306432 1.2121e-06
 0.437764 0.39415 0.063703 0.0948806 0.00950191
 0.570481 0.297237 0.09554 0.0139727 0.0227686
 0.642674 0.28413 0.0522152 0.0151774 0.00580323
 0.66582 0.291216 0.0350928 0.00562705 0.00224363
 0.827543 0.144557 0.0245847 0.00271055 0.000604907
 0.335974 0.617339 0.0397199 0.00614272 0.000824019
 0.386813 0.391157 0.208202 0.0117781 0.002051
 0.565312 0.262842 0.112652 0.0555218 0.0036722
 0.771474 0.188264 0.0255543 0.00966464 0.00504306
 0.861785 0.130534 0.00651595 0.000742102 0.000422861
 0.79614 0.191341 0.0118751 0.000546306 9.72258e-05
 0.504914 0.456608 0.0363473 0.00202133 0.000108869
 0.49911 0.377214 0.114959 0.00823719 0.000479945
 0.94113 0.0532311 0.00449764 0.00106181 7.93643e-05
 0.91452 0.0841099 0.00125484 9.22066e-05 2.32133e-05
 0.304108 0.677342 0.0182876 0.000240536 2.19683e-05
 0.900458 0.0549491 0.0435148 0.00106291 1.51725e-05
 0.634945 0.352964 0.00700576 0.00496253 0.000122188
 0.710632 0.248378 0.039794 0.000694903 0.000500767
 0.67008 0.291943 0.0330986 0.0047377 0.000141444
 0.709443 0.247129 0.0388504 0.00399235 0.000585327
 0.219756 0.686941 0.0805976 0.0113732 0.00133203
 0.70677 0.123878 0.150645 0.0161711 0.00253664
 0.618667 0.331611 0.0221339 0.0245548 0.00303379
 0.316962 0.551421 0.11577 0.00707357 0.00877365
 0.698187 0.161554 0.114996 0.0222337 0.00302929
 0.648405 0.303273 0.0269635 0.0175273 0.00383111
 0.345623 0.538174 0.101393 0.00828116 0.00652878
 0.517777 0.270019 0.176926 0.0307995 0.00447874
 0.562147 0.321052 0.0678127 0.0408752 0.00811268
 0.394202 0.474671 0.0986604 0.0188933 0.013574
 0.724212 0.1711 0.0834859 0.0159708 0.0052312
pobs_RECLAS
 0 0 0 0 0
 0 0 0 0 0
 0 0 0 0 0
 0 0 0 0 0
 0 0 0 0 0
 0 0 0 0 0
 0 0 0 0 0
 0 0 0 0 0
 0 0 0 0 0
 0 0 0 0 0
 0.991045 0.00858322 0.000360255 1.14367e-05 0
 0.934742 0.0480273 0.0164251 0.00080598 0
 0.827803 0.169806 0.00239088 0 0
 0.941827 0.0461693 0.0120037 0 0
 0.791401 0.0380133 0.147996 0.0225897 0
 0.846168 0.0940531 0.0597789 0 0
 0.134021 0.677848 0.182769 0.00536245 0
 0.80878 0.0450904 0.141981 0.00414843 0
 0.846168 0.0940531 0.0597789 0 0
 0.905697 0.0802665 0.012482 0.00150086 5.37128e-05
 0.989698 0.0102097 9.19794e-05 0 0
 0.975433 0.0193895 0.00387452 0.00125025 5.28907e-05
 0.303575 0.632131 0.0575291 0.00676475 0
 0.966965 0.00978017 0.0227588 0.000495775 0
 0.843318 0.132988 0.00938335 0.0141283 0.000182051
 0.564624 0.303363 0.111486 0.0197234 0.00080311
 0.826376 0.0876187 0.0782897 0.00655872 0.00115652
 0.89761 0.0855135 0.0140674 0.00269457 0.000114338
 0.34875 0.467042 0.161289 0.0227151 0.000203297
 0.318654 0.224769 0.449479 0.00709798 0
 0.937255 0.0296025 0.0250945 0.00804832 0
 0.456809 0.399803 0.12412 0.0192676 0
 0.883104 0.0372192 0.0704036 0.00927362 0
ppred_RECLAS
 0.639661 0.132175 0.20723 0.0209336 8.29191e-07
 0.608168 0.277385 0.0432661 0.0646935 0.00648776
 0.725964 0.191624 0.0594433 0.00872761 0.0142413
 0.795077 0.164482 0.0288194 0.00840381 0.00321761
 0.794724 0.179607 0.0209498 0.00337296 0.00134675
 0.904091 0.0808236 0.0132861 0.0014707 0.000328668
 0.516043 0.451314 0.027758 0.00430722 0.000578578
 0.547368 0.291798 0.150775 0.00856569 0.00149369
 0.73287 0.164192 0.0673976 0.0333329 0.00220763
 0.889657 0.0918777 0.0117081 0.00443829 0.00231893
 0.922698 0.073126 0.00353976 0.000404832 0.000231002
 0.887361 0.105966 0.00632831 0.000292219 5.20775e-05
 0.670303 0.30492 0.0234002 0.00130633 7.04565e-05
 0.752346 0.190893 0.0527584 0.00378159 0.0002206
 0.971849 0.0255688 0.00205787 0.00048736 3.64762e-05
 0.95712 0.0422211 0.000602849 4.44498e-05 1.12056e-05
 0.463351 0.522829 0.0136232 0.000179887 1.64519e-05
 0.948905 0.0286947 0.0218571 0.000535875 7.65989e-06
 0.784774 0.208389 0.00395607 0.00281179 6.93261e-05
 0.833378 0.143805 0.0221486 0.000388196 0.000280129
 0.800439 0.177281 0.0194076 0.00278893 8.33786e-05
 0.831293 0.144288 0.0218364 0.00225241 0.000330685
 0.353679 0.571185 0.0648673 0.00919087 0.00107793
 0.826964 0.0744932 0.0876161 0.00944319 0.00148334
 0.759095 0.210308 0.0135881 0.015136 0.00187268
 0.471942 0.42878 0.0872725 0.00535462 0.00665085
 0.820179 0.0976999 0.0672784 0.0130605 0.00178194
 0.780788 0.189849 0.0163529 0.0106739 0.00233636
 0.502909 0.410954 0.0751124 0.00616058 0.00486373
 0.676008 0.183848 0.116761 0.0204104 0.00297216
 0.718293 0.208384 0.042496 0.025716 0.00511103
 0.556372 0.34983 0.0704904 0.0135551 0.00975237
 0.8438 0.0983271 0.0461147 0.00885415 0.00290414
pobs_PELACES
 0 0 0 0 0
 0 0 0 0 0
 0 0 0 0 0
 0 0 0 0 0
 0 0 0 0 0
 0 0 0 0 0
 0 0 0 0 0
 0 0 0 0 0
 0 0 0 0 0
 0 0 0 0 0
 0 0 0 0 0
 0 0 0 0 0
 0 0 0 0 0
 0 0 0 0 0
 0 0 0 0 0
 0 0 0 0 0
 0.505614 0.472636 0.0217494 0 0
 0 0 0 0 0
 0.443492 0.261883 0.143347 0.151278 0
 0.227955 0.32914 0.350689 0.0885471 0.00366901
 0.970185 0.0296113 0.000203453 0 0
 0.997202 0.00247181 0.000326279 0 0
 0.445219 0.490057 0.0546422 0.010081 0
 0.90214 0.0892962 0.00764917 0.000914606 0
 0 0 0 0 0
 0.581667 0.319106 0.0959925 0.00289975 0.000334073
 0.762889 0.0836404 0.116647 0.0363945 0.000428098
 0.88444 0.0763242 0.0277011 0.0115352 0
 0.521256 0.241999 0.230069 0.00667565 0
 0.616807 0.101726 0.260614 0.0208532 0
 0.833518 0.0704572 0.0857862 0.0102388 0
 0.697417 0.212968 0.0787535 0.0105354 0.000325836
 0 0 0 0 0
ppred_PELACES
 0.592763 0.143764 0.238984 0.0244878 9.72855e-07
 0.581945 0.290818 0.0476819 0.0722841 0.00727032
 0.703929 0.203616 0.0663959 0.00988349 0.0161749
 0.799935 0.159376 0.0288818 0.00853089 0.00327572
 0.77085 0.199012 0.0245289 0.00400512 0.00160389
 0.893091 0.0893105 0.0154724 0.0017367 0.000389258
 0.518665 0.447674 0.0285653 0.00449059 0.00060496
 0.495828 0.317747 0.174602 0.0100634 0.00176008
 0.728453 0.164081 0.0700374 0.0350971 0.00233123
 0.904373 0.07932 0.0102906 0.00394784 0.00206856
 0.90992 0.0849241 0.00436046 0.000505862 0.000289508
 0.881386 0.111276 0.00695409 0.000325483 5.81755e-05
 0.652003 0.320635 0.0258213 0.00146133 7.90476e-05
 0.818815 0.139991 0.0382617 0.00277093 0.000162089
 0.972992 0.0244504 0.00203318 0.00048771 3.6608e-05
 0.957165 0.0421516 0.000625297 4.6713e-05 1.18104e-05
 0.440361 0.544506 0.0149141 0.000199661 1.83141e-05
 0.945349 0.0300823 0.0239644 0.00059551 8.53725e-06
 0.785859 0.207049 0.00408058 0.0029384 7.26583e-05
 0.826204 0.149069 0.0239924 0.000426198 0.000308452
 0.783251 0.191397 0.0220439 0.00321184 9.63049e-05
 0.821592 0.151517 0.0240106 0.00251044 0.000369649
 0.322456 0.594718 0.0713648 0.0102546 0.00120625
 0.803972 0.0817481 0.101446 0.0110876 0.00174679
 0.732165 0.231895 0.0158335 0.0178868 0.00221957
 0.429806 0.457649 0.098744 0.00614534 0.00765564
 0.796811 0.107532 0.078164 0.0153876 0.00210564
 0.752904 0.212136 0.0193428 0.0128055 0.00281125
 0.457399 0.443664 0.0861 0.00716369 0.0056725
 0.635024 0.201679 0.135719 0.0240639 0.00351458
 0.695113 0.222163 0.0476561 0.0292392 0.0058284
 0.513649 0.378389 0.0808221 0.0157647 0.0113758
 0.835656 0.101653 0.0498097 0.0096928 0.00318851
pobs_pel_tallas
 0 0 0 0 0 0 0 0 0 0 0 0 0 0 0 0 0 0 0 0 0 0 0 0 0 0
 0 0 0 0 0 0 0 0 0 0 0 0 0 0 0 0 0 0 0 0 0 0 0 0 0 0
 0 0 0 0 0 0 0 0 0 0 0 0 0 0 0 0 0 0 0 0 0 0 0 0 0 0
 0 0 0 0 0 0 0 0 0 0 0 0 0 0 0 0 0 0 0 0 0 0 0 0 0 0
 0 0 0 0 0 0 0 0 0 0 0 0 0 0 0 0 0 0 0 0 0 0 0 0 0 0
 0 0 0 0 0 0 0 0 0 0 0 0 0 0 0 0 0 0 0 0 0 0 0 0 0 0
 0 0 0 0 0 0 0 0 0 0 0 0 0 0 0 0 0 0 0 0 0 0 0 0 0 0
 0 0 0 0 0 0 0 0 0 0 0 0 0 0 0 0 0 0 0 0 0 0 0 0 0 0
 0 0 0 0 0 0 0 0 0 0 0 0 0 0 0 0 0 0 0 0 0 0 0 0 0 0
 0 0 0 0 0 0 0 0 0 0 0 0 0 0 0 0 0 0 0 0 0 0 0 0 0 0
 0 0 0 0 0 0 0 0 0 0 0 0 0 0 0 0 0 0 0 0 0 0 0 0 0 0
 0 0 0 0 0 0 0 0 0 0 0 0 0 0 0 0 0 0 0 0 0 0 0 0 0 0
 0.00862536 0 0 0.000197151 0.00414017 0.0128641 0.00837892 0.0270097 0.101434 0.158115 0.152841 0.127902 0.109271 0.109419 0.0830992 0.0579132 0.0238553 0.00714673 0.00463305 0.00128148 0.00103504 0.000492878 0.000147863 0.000147863 4.92878e-05 0
 0 0 0 0 0 0 0 0 0 0 0 0 0 0 0 0 0 0 0 0 0 0 0 0 0 0
 0 0 0 0 0 0 0 0.0054083 0.00873648 0.0413646 0.0450493 0.0745869 0.0622846 0.0627006 0.0613931 0.0827291 0.12552 0.122667 0.0946155 0.0697135 0.0546179 0.0294188 0.0215738 0.0213955 0.0102223 0.00600262
 0 0 0 0 0.00359764 0.0251062 0.0480494 0.140153 0.205849 0.193036 0.1447 0.116669 0.0760912 0.0342217 0.00950174 0.001854 0.000860785 0 0 0 0.000165536 0 0.000143464 0 0 0
 0 0 0 0 0 0 0 0.000145254 0.000435761 0.0275982 0.070085 0.0708112 0.156366 0.174668 0.174014 0.160142 0.0824315 0.0480064 0.0283245 0.00493863 0.00203355 0 0 0 0 0
 0 0 0 0 0 0 0 0 0 0 0 0 0 0 0 0 0 0 0 0 0 0 0 0 0 0
 0 0 1.00437e-05 0.000401748 0.00122533 0.00171747 0.00176769 0.0269171 0.070346 0.194647 0.189555 0.159765 0.064822 0.0314167 0.0384472 0.0292271 0.0345202 0.0313363 0.0194345 0.0106764 0.0143323 0.0359363 0.0279516 0.0138201 0.00172751 0
 0 0.0021121 0.0136068 0.0755702 0.200478 0.177729 0.0527432 0.0373336 0.0318909 0.0142505 0.0149659 0.0166563 0.0217959 0.0798694 0.0677717 0.0528807 0.04013 0.0224614 0.0357745 0.0225083 0.00881397 0.00855152 0.00135912 0.000746735 0 0
 0 0 0 0 5.4009e-05 0.00500934 0.000945158 0.0243581 0.138947 0.33067 0.221406 0.137944 0.0707744 0.0437923 0.0131692 0.00525238 0.0047753 0.00276346 9.45158e-05 9.00151e-06 2.25038e-05 9.00151e-06 4.50075e-06 0 0 0
 0.000866109 0.00284123 0.00948549 0.0512746 0.133035 0.25785 0.225252 0.132002 0.0553304 0.0519788 0.0540692 0.017754 0.00435017 0.00159236 0.00146478 0.000404838 0.000125132 0.000115318 0.000107957 0.000100596 0 0 0 0 0 0
 0 0 0 0 0.00144013 0.00171154 0.00461396 0.0210425 0.0478622 0.0707936 0.0888783 0.103762 0.0637923 0.0337046 0.0602308 0.124433 0.169614 0.0934646 0.0462172 0.0250306 0.0313229 0.00938855 0.002487 0.000210481 0 0
 0 0.00764035 0.051015 0.0998891 0.058973 0.0496711 0.0374665 0.0718981 0.12319 0.153886 0.159021 0.0857701 0.0377988 0.023471 0.0147837 0.00900784 0.00315554 0.000888139 0.00291439 0.00214683 0.00393193 0.00274676 0.000635225 9.99891e-05 0 0
 0 0 0 0 0 0 0 0 0 0 0 0 0 0 0 0 0 0 0 0 0 0 0 0 0 0
 0 0 0 0 0 0 0 0 0 0 0 0 0 0 0 0 0 0 0 0 0 0 0 0 0 0
 0 0 0 0 0 0 0 0 0 0 0 0 0 0 0 0 0 0 0 0 0 0 0 0 0 0
 0 0 0 0 0 0 0 0 0 0 0 0 0 0 0 0 0 0 0 0 0 0 0 0 0 0
 0 0 0 0 0 0 0 0 0 0 0 0 0 0 0 0 0 0 0 0 0 0 0 0 0 0
 0 0 0 0 0 0 0 0 0 0 0 0 0 0 0 0 0 0 0 0 0 0 0 0 0 0
 0 0 0 0 0 0 0 0 0 0 0 0 0 0 0 0 0 0 0 0 0 0 0 0 0 0
 0 0 0 0 0 0 0 0 0 0 0 0 0 0 0 0 0 0 0 0 0 0 0 0 0 0
 0 0 0 0 0 0 0 0 0 0 0 0 0 0 0 0 0 0 0 0 0 0 0 0 0 0
ppred_pel_tallas
 1.0939e-16 4.88252e-05 0.000474598 0.00315387 0.014337 0.044608 0.0950425 0.13872 0.138734 0.095112 0.0448425 0.0150188 0.00488175 0.00430128 0.0074765 0.0127 0.01926 0.0262376 0.0326573 0.0379582 0.0421161 0.045247 0.0470976 0.0469748 0.044217 0.0387821
 1.0993e-16 4.79341e-05 0.000465937 0.00309631 0.0140754 0.043794 0.0933088 0.136193 0.136221 0.0934459 0.0442546 0.0154063 0.00643891 0.00776973 0.0139406 0.0230308 0.0333236 0.0422514 0.0472587 0.0472437 0.0432372 0.0376809 0.0328803 0.0298321 0.0281273 0.0266761
 1.05697e-16 5.79818e-05 0.000563604 0.00374534 0.0170258 0.0529737 0.112867 0.164737 0.164756 0.112963 0.053297 0.0179604 0.00609423 0.00570136 0.00984537 0.0162631 0.0236069 0.0300771 0.0338742 0.0341683 0.0315642 0.027623 0.0238446 0.0209244 0.0187244 0.0167425
 1.02285e-16 6.58896e-05 0.000640471 0.00425615 0.0193479 0.0601985 0.12826 0.187202 0.187218 0.128335 0.0604507 0.0200766 0.00608603 0.004637 0.00766164 0.0125768 0.0181461 0.0228941 0.0253628 0.0248811 0.0219547 0.0179045 0.0140551 0.0111105 0.00907804 0.00760091
 1.01432e-16 6.34939e-05 0.000617183 0.0041014 0.0186444 0.0580097 0.123597 0.180397 0.180416 0.12369 0.0583243 0.0195529 0.0063815 0.00559355 0.0095112 0.0156146 0.0224661 0.0282059 0.0309812 0.0299335 0.0257043 0.019996 0.0145559 0.0103746 0.00755789 0.00571096
 1.0071e-16 7.35628e-05 0.000715056 0.0047518 0.021601 0.0672088 0.143196 0.209 0.209009 0.143238 0.0673501 0.0220092 0.0057766 0.00295277 0.00432501 0.00703775 0.01014 0.0127688 0.0140958 0.013735 0.011963 0.00952056 0.00716261 0.00530894 0.00399785 0.00306343
 1.01492e-16 4.27219e-05 0.000415272 0.00275963 0.0125449 0.0390321 0.0831636 0.121389 0.121432 0.0833741 0.0397388 0.0145854 0.00787859 0.0115805 0.0212196 0.0349389 0.0501528 0.0627008 0.0683682 0.0652062 0.0547052 0.0408228 0.027677 0.0176858 0.0112107 0.0073762
 1.06427e-16 4.08407e-05 0.000396986 0.00263812 0.0119925 0.0373133 0.0795011 0.116041 0.116071 0.0796518 0.0378199 0.0134584 0.00632711 0.00848152 0.0154866 0.0257759 0.0376783 0.0485216 0.0555554 0.0574251 0.0548406 0.0498373 0.044302 0.0390067 0.0337413 0.0280954
 1.05978e-16 6.00018e-05 0.000583238 0.00387583 0.0176189 0.0548192 0.116799 0.170474 0.17049 0.116876 0.0550804 0.0183745 0.00577647 0.0047462 0.0080072 0.013251 0.0193395 0.0248664 0.0284375 0.0294184 0.0282753 0.0261653 0.024119 0.0224835 0.0209688 0.0190939
 1.01064e-16 7.4492e-05 0.000724089 0.00481183 0.0218739 0.0680578 0.145005 0.21164 0.211648 0.145042 0.0681832 0.0222361 0.00572108 0.00270894 0.00384398 0.00623682 0.00897717 0.01129 0.0124415 0.0120975 0.0105199 0.00838739 0.00638702 0.00489321 0.0039198 0.00328034
 1.00248e-16 7.49489e-05 0.00072853 0.00484134 0.022008 0.0684752 0.145894 0.212938 0.212946 0.145934 0.0686092 0.022395 0.00581201 0.00284544 0.00408922 0.00662556 0.00949913 0.011865 0.0129178 0.0122872 0.0102582 0.00758727 0.00506342 0.0031529 0.00192856 0.00122346
 1.00272e-16 7.25987e-05 0.000705685 0.00468952 0.0213179 0.066328 0.141319 0.206262 0.206272 0.141371 0.0665036 0.021825 0.00596179 0.00348058 0.00533534 0.00868627 0.0124604 0.0155725 0.0169695 0.0161649 0.013528 0.0100429 0.00673624 0.00421459 0.00257472 0.0016054
 1.00988e-16 5.37047e-05 0.000522029 0.00346907 0.0157699 0.0490662 0.104542 0.152588 0.152619 0.104693 0.0495725 0.0172319 0.00713712 0.00852377 0.0152337 0.025055 0.0359822 0.0450237 0.0491637 0.047002 0.03959 0.0297341 0.0203532 0.0131583 0.00840986 0.00550633
 1.01446e-16 6.74447e-05 0.000655587 0.0043566 0.0198045 0.0616192 0.131287 0.19162 0.191633 0.131353 0.0618412 0.0204459 0.00596791 0.00417736 0.00676835 0.0111147 0.0160782 0.0203692 0.0227121 0.0225024 0.0201392 0.0167126 0.0133134 0.0105187 0.00835432 0.00658851
 1.00121e-16 8.01441e-05 0.000779029 0.00517692 0.0235335 0.0732216 0.156006 0.227696 0.227699 0.156018 0.0732602 0.023645 0.00545669 0.00138939 0.0012382 0.00191715 0.00274688 0.00343914 0.00376019 0.0036039 0.00305097 0.00231518 0.00161771 0.00108651 0.000738225 0.000524054
 1.00036e-16 7.88404e-05 0.000766357 0.00509271 0.0231507 0.0720305 0.153469 0.223993 0.223997 0.153489 0.072097 0.0233426 0.00557392 0.00181542 0.002067 0.00328132 0.00469319 0.0058468 0.00633698 0.00597896 0.00491718 0.00353456 0.00223342 0.00125571 0.00064404 0.000315483
 1.00593e-16 3.62721e-05 0.000352578 0.00234301 0.010651 0.0331395 0.0706091 0.103067 0.103119 0.070865 0.0339984 0.0131304 0.00856162 0.013911 0.0257366 0.04236 0.0607106 0.0756969 0.0821537 0.0776962 0.0641735 0.0464973 0.0298207 0.0172319 0.00926703 0.00487129
 1.00761e-16 7.78672e-05 0.000756897 0.00502984 0.0228649 0.0711413 0.151574 0.221228 0.221231 0.151589 0.0711895 0.0230045 0.0053817 0.00152975 0.0015595 0.00249083 0.00366361 0.00477848 0.00558057 0.00594083 0.00590802 0.00563712 0.0052586 0.00480458 0.00423928 0.00354106
 1.00478e-16 6.47302e-05 0.000629201 0.00418126 0.0190074 0.0591393 0.126003 0.18391 0.183929 0.1261 0.0594658 0.0199501 0.0065456 0.00578401 0.0098354 0.016107 0.0230784 0.0287737 0.0312289 0.0295431 0.024428 0.0177596 0.0115005 0.00681842 0.00389932 0.00231763
 1.00826e-16 6.80534e-05 0.000661503 0.00439592 0.0199832 0.0621753 0.132472 0.193349 0.193364 0.132542 0.0624111 0.0206643 0.00610553 0.00439386 0.00715719 0.011726 0.0168873 0.0212374 0.0233892 0.0226926 0.0196083 0.0153815 0.0112906 0.00806161 0.00578414 0.0041993
 1.01024e-16 6.45154e-05 0.000627113 0.00416738 0.0189443 0.058943 0.125585 0.183299 0.183317 0.125675 0.0592454 0.0198178 0.00635954 0.00541104 0.00914538 0.0150045 0.0215782 0.02707 0.0296918 0.0286132 0.0244502 0.018845 0.0134901 0.0093552 0.00656021 0.00474018
 1.01047e-16 6.76735e-05 0.000657811 0.00437138 0.0198717 0.0618283 0.131732 0.19227 0.192285 0.131804 0.0620679 0.0205639 0.00610913 0.00445168 0.00727392 0.0119204 0.0171698 0.0215987 0.0238007 0.0231195 0.0200278 0.0157934 0.0117128 0.00851453 0.00627472 0.00471367
 1.03444e-16 2.65604e-05 0.000258177 0.00171568 0.00779926 0.0242667 0.0517049 0.0754768 0.0755341 0.0519849 0.0252067 0.0105138 0.00852836 0.0151262 0.0282513 0.0466302 0.0670906 0.0841959 0.0924068 0.0891468 0.0763253 0.0590328 0.0425084 0.0297441 0.0210971 0.0154286
 1.04357e-16 6.62221e-05 0.000643702 0.00427763 0.0194455 0.0605022 0.128907 0.188145 0.188153 0.128946 0.0606344 0.0198292 0.00524771 0.00278399 0.00419715 0.0070063 0.0104876 0.0140236 0.0170044 0.0191063 0.0203964 0.0211167 0.0213579 0.0209375 0.01958 0.0172059
 1.02686e-16 6.03075e-05 0.000586211 0.00389558 0.0177087 0.0550986 0.117394 0.171345 0.171367 0.117503 0.0554648 0.0187663 0.00654912 0.00637561 0.011046 0.0181418 0.0260743 0.0326823 0.0358139 0.0344967 0.0295309 0.0229655 0.0168872 0.0124507 0.00971099 0.00808463
 1.04879e-16 3.54026e-05 0.000344126 0.00228684 0.0103957 0.032345 0.0689162 0.100594 0.100639 0.069132 0.0330698 0.0124896 0.00754517 0.0118308 0.021873 0.036162 0.0522211 0.0659387 0.0731237 0.0718081 0.0633722 0.0515248 0.0400127 0.0308709 0.0242287 0.0192405
 1.04183e-16 6.56323e-05 0.000637969 0.00423953 0.0192723 0.0599633 0.127759 0.18647 0.18648 0.12781 0.0601355 0.0197709 0.00549595 0.00339707 0.00535358 0.00887194 0.0130666 0.0170437 0.0199222 0.0212736 0.0213168 0.0206481 0.0197497 0.0187004 0.017279 0.0152785
 1.02373e-16 6.20158e-05 0.000602815 0.00400592 0.0182103 0.0566592 0.120719 0.176198 0.176218 0.120819 0.0569944 0.0191782 0.00643481 0.00590301 0.0101221 0.0166205 0.0239023 0.0299898 0.0329161 0.0317861 0.0273163 0.0213583 0.0157976 0.0116796 0.00906331 0.0074432
 1.04277e-16 3.76755e-05 0.000366219 0.00243366 0.0110631 0.0344216 0.0733404 0.107051 0.107094 0.0735495 0.0351238 0.0130919 0.00752789 0.0114921 0.0211826 0.0349975 0.0504982 0.0636783 0.0704598 0.0689327 0.0604554 0.0486686 0.0372652 0.028273 0.0218448 0.0171507
 1.06977e-16 5.23061e-05 0.000508434 0.00337872 0.0153592 0.0477883 0.101819 0.148611 0.148631 0.101915 0.0481108 0.0162929 0.00573083 0.00567066 0.00993715 0.0165565 0.0243379 0.031635 0.036774 0.0389397 0.0385591 0.0368044 0.0346637 0.0323766 0.0295955 0.0259523
 1.05351e-16 5.72556e-05 0.000556545 0.00369844 0.0168126 0.0523103 0.111453 0.162674 0.162695 0.111558 0.0526623 0.0178298 0.00625352 0.00614022 0.0106794 0.0176123 0.0254806 0.0322929 0.0360642 0.0358992 0.0325171 0.0277253 0.0232774 0.0200116 0.0177797 0.0159586
 1.05936e-16 4.23086e-05 0.000411255 0.00273294 0.0124236 0.0386545 0.0823588 0.120213 0.120249 0.0825373 0.0392538 0.0141551 0.00708155 0.0099116 0.0181067 0.0299233 0.0432339 0.0546462 0.0607214 0.0598664 0.0532544 0.043966 0.035077 0.0282004 0.0233319 0.0196478
 1.02976e-16 6.88319e-05 0.00066907 0.00444621 0.0202118 0.0628865 0.133987 0.19556 0.19557 0.134035 0.0630485 0.0206803 0.00562498 0.00325157 0.00500062 0.00822911 0.0120137 0.0154554 0.0176785 0.0182686 0.0174842 0.0160122 0.0144795 0.0131246 0.0118305 0.0103842
pSPR Fmed_Fpbrs
1   0.984429 0.6 0.325 0.984429 0.984429 0.984429
Fs Fmed_Fpbrs
0   0.01 0.375925 0.98668 0.01 0.01 0.01
SSBpbr Bo_Bmed_Bpbrs
377249  358387  352512 207487 103743 352512 352512 352512
Ro
99266.5
SPR SPRFo_SPRFmed_SPRFpbrs
715149 715149 704014
Fref
0
Nvult_r0
 71821.4 10628 5022.98 959.253 314.173
CTP_r0
 23174.5 5475.13 2671.51 511.059 167.396
YTP_r0
356487
Np
 93088.7 34245.4 12598.2 4634.61 2332.21
Nvult_p0
 58843.3 21647.2 7963.57 2929.64 1474.24
CTP_p0
 0 0 0 0 0
 0 0 0 0 0
 0 0 0 0 0
 0 0 0 0 0
 0 0 0 0 0
 0 0 0 0 0
YTP_p0
 0 0 0 0 0 0
CBA_c0
0
log_Ro
11.3256
likeval ReclasPelacesDesembMPH_pf_preclas_ppelaces_ptallas_desvR_qrecl_qpela
 21.552 17.8555 0.0275313 50.8448 242.35 138.674 119.553 0 26.0451 5.27247e-05 0.000114922 0.0117923 2063.25 0 0
q_reclas_q_pelaces
2.79236 4.55424
M
1
N
 136489 26505.5 40535.4 4065.4 0.160782
 87480 41618.9 6415.57 9531.17 954.38
 81798.2 22516.3 6902.69 1006.95 1640.6
 80275.8 21062 3737.67 1084.4 414.592
 67956.3 15038.4 1719.85 274.996 109.631
 214505 19384.3 3136.75 344.911 76.962
 54360.8 58101.7 3602.57 556.042 74.5828
 22384.5 10815.9 5426.64 306.006 53.2777
 27193.8 7239.46 2985.26 1468.28 97.1012
 35738.7 5663.38 748.643 282.741 147.525
 66282.5 4911.99 231.783 26.3173 14.9936
 154975 20377.8 1210.9 55.5769 9.88976
 75433.4 36529.5 2777.59 154.086 8.298
 33976.1 18783.6 5627.51 402.869 23.4723
 78162.2 2640.95 215.618 50.8107 3.79744
 270793 14347 206.066 15.1112 3.80388
 47098.7 55422.6 1427.17 18.7237 1.70981
 361635 12127 9199.41 224.19 3.19982
 261774 84266.9 1611.09 1138.94 28.04
 273132 52772.7 8104.47 141.203 101.743
 274061 62651 6769.29 966.44 28.8491
 378304 71758.1 10795.5 1106.75 162.243
 57057.2 90270 10052 1414.45 165.635
 181066 16263.2 18797.3 2012.28 315.605
 185063 50148.7 3176.41 3513.88 434.08
 61794.1 52883.9 10502.4 639.767 793.405
 158933 18772.8 12695 2447.7 333.444
 190634 44417.2 3741.04 2424.7 529.909
 74600.3 56322.3 10019.9 815.83 643.086
 90798.8 23386.7 14501.8 2516.97 365.951
 91106.2 27342.8 5504.96 3309.64 656.79
 40109.8 23767.1 4672.99 892.18 640.891
 93088.7 12176 5695.72 1087.13 356.044
pred_Ctot
 14992 5928.34 9586.7 964.386 0.0381465
 17096.7 15393.4 2487.89 3705.52 371.093
 15971.4 8321.53 2674.76 391.185 637.435
 26286.6 11621.5 2135.7 620.785 237.363
 9850.67 4308.48 519.191 83.251 33.194
 36658.4 6403.59 1089.05 120.072 26.7961
 16575.8 30457.5 1959.65 303.062 40.6544
 1728.39 1747.8 930.302 52.628 9.16442
 7807.76 3630.21 1555.88 766.835 50.7182
 15293.4 3732.09 506.579 191.588 99.9718
 6985.2 1058.04 52.8151 6.01511 3.4275
 36484.7 8768.6 544.2 25.0356 4.45556
 15902.3 14380.9 1144.76 63.6618 3.42884
 19068.6 14411.5 4392.01 314.703 18.3363
 26171.7 1480.29 125.074 29.5277 2.20702
 79606.9 7321.58 109.231 8.02638 2.02067
 9196.86 20484.2 553.055 7.27432 0.664366
 86952.9 5306.17 4202.02 102.64 1.46514
 78496.9 43636.2 866.107 613.507 15.1058
 67527.6 23602 3781.41 66.0329 47.5853
 51335.9 22366.2 2535.74 362.964 10.8362
 87018.1 30312 4765.27 489.689 71.7944
 8292.73 25922.4 3041.44 429.181 50.2656
 28946.5 5073.55 6169.81 662.303 103.891
 26654.7 14287.2 953.621 1057.93 130.708
 6911.29 12023.6 2524.34 154.238 191.308
 24689.5 5712.93 4066.54 786.236 107.123
 24153.5 11297.1 1004.41 652.903 142.711
 7063.04 10997.9 2072.03 169.231 133.42
 10584.5 5519.82 3616.78 629.612 91.5559
 17225.4 9837.72 2077.92 1252.5 248.589
 4502.44 5421.53 1126.87 215.793 155.038
 23174.5 5475.13 2671.51 511.059 167.396
F
 0.187687 0.418622 0.447609 0.449246 0.449333
 0.357171 0.796642 0.851804 0.854919 0.855084
 0.356783 0.795778 0.85088 0.853993 0.854157
 0.674865 1.50523 1.60946 1.61535 1.61566
 0.254399 0.567418 0.606708 0.608927 0.609044
 0.306138 0.682817 0.730098 0.732768 0.732909
 0.614625 1.37087 1.4658 1.47116 1.47144
 0.128824 0.287331 0.307227 0.308351 0.30841
 0.568968 1.26904 1.35691 1.36188 1.36214
 0.984556 2.19598 2.34803 2.35662 2.35708
 0.179478 0.400313 0.428032 0.429597 0.42968
 0.445146 0.992863 1.06161 1.0655 1.0657
 0.390264 0.870454 0.930727 0.934132 0.934312
 1.55452 3.46723 3.70731 3.72087 3.72159
 0.695249 1.5507 1.65807 1.66414 1.66446
 0.586367 1.30785 1.39841 1.40352 1.40379
 0.356815 0.795848 0.850955 0.854067 0.854232
 0.456648 1.01852 1.08904 1.09303 1.09324
 0.601488 1.34157 1.43447 1.43971 1.43999
 0.472376 1.0536 1.12655 1.13067 1.13089
 0.340048 0.758452 0.81097 0.813936 0.814093
 0.432892 0.965533 1.03239 1.03617 1.03637
 0.255151 0.569094 0.6085 0.610726 0.610844
 0.28387 0.63315 0.676991 0.679467 0.679598
 0.252594 0.563393 0.602404 0.604607 0.604724
 0.191396 0.426894 0.456453 0.458123 0.458211
 0.274857 0.613048 0.655498 0.657896 0.658022
 0.219263 0.489049 0.522913 0.524825 0.524926
 0.159976 0.356815 0.381522 0.382918 0.382991
 0.200194 0.446517 0.477436 0.479182 0.479274
 0.343725 0.766652 0.819738 0.822736 0.822895
 0.192154 0.428585 0.458262 0.459938 0.460027
 0.476381 1.06253 1.13611 1.14026 1.14048
YTP_r0W_actual
 174736 95541.1 64303.3 16006.4 5900.72
YTP_p0W_proyectada
 0 0 0 0 0
 0 0 0 0 0
 0 0 0 0 0
 0 0 0 0 0
 0 0 0 0 0
 0 0 0 0 0
CTP_r0_actual
 23174.5 5475.13 2671.51 511.059 167.396
CTP_p0_proyectada
 0 0 0 0 0
 0 0 0 0 0
 0 0 0 0 0
 0 0 0 0 0
 0 0 0 0 0
 0 0 0 0 0
Wmedp
 7.54 17.45 24.07 31.32 35.25
Frms_r0
 0.476381 1.06253 1.13611 1.14026 1.14048
Zrms_r0
 1.47638 2.06253 2.13611 2.14026 2.14048
nmprior
 7.29 8.9 8.7 0
nm_flota  nm_reclas  nm_pelaces    nm_pelaL
inf 13.5104 10.5463 27.0607
cv_recla  cv_pelaces  cv_mph
0.402045 0.462889 0.571716
 ------------------------------------------------
Talla a la edad & desviaci?n 
 8 13.2811 15.8009 17.003 17.5766
 0.8 1.32811 1.58009 1.7003 1.75766
