years
 1991 1992 1993 1994 1995 1996 1997 1998 1999 2000 2001 2002 2003 2004 2005 2006 2007 2008 2009 2010 2011 2012 2013 2014 2015 2016 2017 2018 2019 2020 2021 2022 2023
reclasobs
 0 0 0 0 0 0 0 0 0 252601 567819 844713 477998 351125 339783 2.1784e+06 2.13404e+06 4.81314e+06 1.55562e+06 2.62356e+06 3.21686e+06 3.843e+06 1.13348e+06 3.07943e+06 1.97215e+06 2.03268e+06 2.025e+06 2.42433e+06 2.27542e+06 1.05018e+06 2.36338e+06 3.18982e+06 1.53035e+06
reclaspred
 3.01583e+06 1.69707e+06 899152 968963 1.01861e+06 1.49604e+06 1.02271e+06 974028 728201 565621 623874 734335 577233 306236 604527 1.25839e+06 1.29141e+06 2.15702e+06 1.85913e+06 1.74205e+06 3.2677e+06 2.64172e+06 2.17019e+06 3.09464e+06 2.4207e+06 2.1823e+06 2.51126e+06 2.74165e+06 2.44011e+06 1.8719e+06 1.72756e+06 1.71067e+06 1.65086e+06
pelacesobs
 0 0 0 0 0 0 0 0 0 0 0 0 0 0 0 552880 188675 0 991730 2.46772e+06 1.41603e+06 1.21717e+06 2.29649e+06 1.80582e+06 0 1.4828e+06 1.56532e+06 1.57751e+06 1.42118e+06 867257 1.10002e+06 1.06204e+06 0
pelacespred
 1.64942e+06 1.04114e+06 549972 485093 524433 801230 530718 591835 442596 330959 366153 369680 309962 165910 357177 616439 625730 1.16607e+06 1.06154e+06 891085 1.66837e+06 1.49759e+06 1.21234e+06 1.86646e+06 1.41285e+06 1.25988e+06 1.66087e+06 1.63683e+06 1.30602e+06 1.15288e+06 961798 940249 918995
mphobs
 0 0 0 0 0 0 0 0 0 0 0 0 498337 0 5186 125008 0 168611 109162 213762 579715 649985 157893 87575 83554 210694 70296 0 107559 103333 445601 22526 28222
mphpred
 518135 347482 174691 101982 122707 141061 176764 123828 111983 83013.9 58617.9 84630.9 90422.4 54881.7 24752 69208.2 169139 168705 227551 327804 445178 551952 108158 93595 126644 104650 91423.8 97940.7 136549 109654 73144.6 76510.7 52417.7
desembarqueobs
 494567 514787 250237 358949 120608 361735 552515 73892 212993 205616 52469 317467 293654 387597 252695 516296 358380 742168 942051 627588 828172 859565 418607 520667 417249 300574 415391 372974 316634 284311 391294 218835 356480
desembarquepred
 494570 513158 251089 358982 120613 361761 552588 73895.7 213035 205655 52470.7 317503 293840 388093 252684 516278 358413 742138 941904 627464 828253 859637 418638 520715 417250 300587 415410 372971 316626 284295 391316 218851 356498
Reclutas
 231091 119924 161557 260412 221440 326910 145771 78361 68934.1 91215.8 181202 186977 92605.8 52919.8 169589 566204 141203 643210 509099 522187 658037 823656 184379 508026 493144 204071 458076 554954 219958 202510 261113 145766 347358
log_desv_Rt
 -0.0172201 -0.673176 -0.375172 0.102232 -0.0598813 0.329653 -0.477993 -1.09871 -1.22688 -0.946803 -0.260419 -0.229044 -0.93168 -1.49125 -0.326651 0.878923 -0.509835 1.00644 0.772611 0.797994 1.02923 1.25372 -0.243037 0.770501 0.74077 -0.141565 0.667004 0.858854 -0.0665956 -0.149241 0.104923 -0.478029 0.390325
SSB
 4.28409e+06 2.87308e+06 1.44439e+06 843218 1.01458e+06 1.16633e+06 1.46153e+06 1.02385e+06 925909 686382 484669 699752 718021 445375 198921 556628 1.39849e+06 1.3949e+06 1.93427e+06 1.6156e+06 2.24331e+06 2.89302e+06 2.73379e+06 2.28869e+06 2.92418e+06 2.55019e+06 2.11164e+06 2.1864e+06 3.14908e+06 2.39436e+06 1.79351e+06 1.92514e+06 1.22666e+06
BT
 5.6677e+06 3.82299e+06 2.00394e+06 1.84321e+06 1.76067e+06 2.84947e+06 2.19456e+06 1.94071e+06 1.61992e+06 1.24987e+06 1.20953e+06 1.44402e+06 1.25192e+06 934007 1.38596e+06 2.39304e+06 2.27086e+06 4.35171e+06 4.29751e+06 3.39433e+06 5.94134e+06 5.59067e+06 4.2154e+06 6.40392e+06 4.88145e+06 4.26323e+06 5.69305e+06 5.55509e+06 4.40553e+06 3.93103e+06 3.41713e+06 3.16577e+06 3.23543e+06
Ftot
 0.10631 0.191265 0.185025 0.291581 0.0884815 0.195239 0.366601 0.0551842 0.213199 0.263812 0.0732742 0.332224 0.357202 0.886271 0.43198 0.400394 0.199138 0.295611 0.39889 0.293755 0.203452 0.254435 0.132974 0.140878 0.128725 0.0981378 0.13796 0.119801 0.0873779 0.107251 0.176195 0.0905808 0.182538
BD_Bspro_t
 0.983246 0.882245 0.757245 0.69977 0.71257 0.773928 0.75555 0.642628 0.701666 0.677346 0.66144 0.79775 0.695368 0.535133 0.351733 0.58976 0.693126 0.67416 0.690991 0.623715 0.653121 0.70276 0.718626 0.718246 0.78835 0.803807 0.807759 0.827507 0.864803 0.833371 0.806325 0.803764 0.8024
BD_Bspro
 2.52931 1.69626 0.852765 0.497834 0.599003 0.688598 0.862883 0.604476 0.546654 0.405238 0.286147 0.413131 0.423918 0.262948 0.117442 0.328632 0.825665 0.823546 1.14199 0.953845 1.32444 1.70803 1.61402 1.35124 1.72643 1.50563 1.24671 1.29085 1.85921 1.41362 1.05888 1.13659 0.724214
BD_Bo
 2.41601 1.62027 0.814566 0.475534 0.572172 0.657753 0.824231 0.577399 0.522167 0.387086 0.27333 0.394626 0.404929 0.25117 0.112182 0.313911 0.78868 0.786657 1.09083 0.911118 1.26512 1.63152 1.54172 1.29071 1.6491 1.43818 1.19086 1.23302 1.77593 1.3503 1.01145 1.08568 0.691773
BD_Brms
 2.58781 1.73548 0.872487 0.509347 0.612856 0.704523 0.882839 0.618456 0.559296 0.41461 0.292765 0.422686 0.433721 0.269029 0.120158 0.336232 0.84476 0.842592 1.1684 0.975904 1.35507 1.74753 1.65135 1.38249 1.76636 1.54045 1.27554 1.3207 1.9022 1.44631 1.08337 1.16288 0.740963
Sel_flota
 0.48966 0.947998 0.997121 0.999848 0.999992
 0.48966 0.947998 0.997121 0.999848 0.999992
 0.48966 0.947998 0.997121 0.999848 0.999992
 0.48966 0.947998 0.997121 0.999848 0.999992
 0.48966 0.947998 0.997121 0.999848 0.999992
 0.48966 0.947998 0.997121 0.999848 0.999992
 0.48966 0.947998 0.997121 0.999848 0.999992
 0.48966 0.947998 0.997121 0.999848 0.999992
 0.48966 0.947998 0.997121 0.999848 0.999992
 0.48966 0.947998 0.997121 0.999848 0.999992
 0.48966 0.947998 0.997121 0.999848 0.999992
 0.48966 0.947998 0.997121 0.999848 0.999992
 0.48966 0.947998 0.997121 0.999848 0.999992
 0.48966 0.947998 0.997121 0.999848 0.999992
 0.48966 0.947998 0.997121 0.999848 0.999992
 0.48966 0.947998 0.997121 0.999848 0.999992
 0.48966 0.947998 0.997121 0.999848 0.999992
 0.48966 0.947998 0.997121 0.999848 0.999992
 0.48966 0.947998 0.997121 0.999848 0.999992
 0.48966 0.947998 0.997121 0.999848 0.999992
 0.48966 0.947998 0.997121 0.999848 0.999992
 0.48966 0.947998 0.997121 0.999848 0.999992
 0.48966 0.947998 0.997121 0.999848 0.999992
 0.48966 0.947998 0.997121 0.999848 0.999992
 0.48966 0.947998 0.997121 0.999848 0.999992
 0.48966 0.947998 0.997121 0.999848 0.999992
 0.48966 0.947998 0.997121 0.999848 0.999992
 0.48966 0.947998 0.997121 0.999848 0.999992
 0.48966 0.947998 0.997121 0.999848 0.999992
 0.48966 0.947998 0.997121 0.999848 0.999992
 0.48966 0.947998 0.997121 0.999848 0.999992
 0.48966 0.947998 0.997121 0.999848 0.999992
 0.48966 0.947998 0.997121 0.999848 0.999992
Sel_reclas
 1 1 1 1 1
 1 1 1 1 1
 1 1 1 1 1
 1 1 1 1 1
 1 1 1 1 1
 1 1 1 1 1
 1 1 1 1 1
 1 1 1 1 1
 1 1 1 1 1
 1 1 1 1 1
 1 1 1 1 1
 1 1 1 1 1
 1 1 1 1 1
 1 1 1 1 1
 1 1 1 1 1
 1 1 1 1 1
 1 1 1 1 1
 1 1 1 1 1
 1 1 1 1 1
 1 1 1 1 1
 1 1 1 1 1
 1 1 1 1 1
 1 1 1 1 1
 1 1 1 1 1
 1 1 1 1 1
 1 1 1 1 1
 1 1 1 1 1
 1 1 1 1 1
 1 1 1 1 1
 1 1 1 1 1
 1 1 1 1 1
 1 1 1 1 1
 1 1 1 1 1
Sel_pelaces
 1 1 1 1 1
 1 1 1 1 1
 1 1 1 1 1
 1 1 1 1 1
 1 1 1 1 1
 1 1 1 1 1
 1 1 1 1 1
 1 1 1 1 1
 1 1 1 1 1
 1 1 1 1 1
 1 1 1 1 1
 1 1 1 1 1
 1 1 1 1 1
 1 1 1 1 1
 1 1 1 1 1
 1 1 1 1 1
 1 1 1 1 1
 1 1 1 1 1
 1 1 1 1 1
 1 1 1 1 1
 1 1 1 1 1
 1 1 1 1 1
 1 1 1 1 1
 1 1 1 1 1
 1 1 1 1 1
 1 1 1 1 1
 1 1 1 1 1
 1 1 1 1 1
 1 1 1 1 1
 1 1 1 1 1
 1 1 1 1 1
 1 1 1 1 1
 1 1 1 1 1
pf_obs 
 0.8446 0.082 0.0669 0.0065 0
 0.8095 0.147 0.0364 0.0071 0
 0.9664 0.0169 0.016 0.0007 0
 0.9276 0.0648 0.0075 0.0001 0
 0.7033 0.2144 0.0806 0.0017 0
 0.9318 0.0425 0.0243 0.0014 0
 0.5671 0.3108 0.0964 0.0239 0.0018
 0.0768 0.2599 0.5324 0.112 0.0189
 0.490249 0.384438 0.106611 0.0170017 0.00170017
 0.7925 0.1577 0.0466 0.003 0.0002
 0.840416 0.127587 0.0312969 0.00059994 9.999e-05
 0.8084 0.0986 0.0794 0.0134 0.0002
 0.7335 0.1905 0.0724 0.0035 0.0001
 0.4001 0.4547 0.1325 0.0127 0
 0.49795 0.308269 0.164784 0.0264974 0.00249975
 0.9179 0.0499 0.0305 0.0017 0
 0.2467 0.6533 0.0926 0.0074 0
 0.9418 0.0223 0.034 0.0019 0
 0.707729 0.231977 0.0356964 0.0245975 0
 0.517169 0.277429 0.184464 0.0207286 0.00020938
 0.811772 0.124168 0.05621 0.00726502 0.000585176
 0.764997 0.148141 0.077277 0.00933861 0.000247198
 0.163321 0.427699 0.378323 0.0303852 0.000271297
 0.753843 0.0900009 0.118128 0.0371064 0.000921714
 0.721811 0.176058 0.0630433 0.0369309 0.00215725
 0.143369 0.312575 0.442814 0.0836902 0.0175525
 0.692698 0.0596174 0.167031 0.0765114 0.00414204
 0.394062 0.376323 0.152708 0.0712218 0.00568511
 0.125707 0.32114 0.495352 0.0537591 0.00404204
 0.23352 0.215282 0.420074 0.123614 0.00750983
 0.796117 0.104755 0.0508955 0.0450114 0.00322123
 0.162477 0.292055 0.404252 0.121198 0.0200186
 0 0 0 0 0
pf_pred 
 0.310795 0.114451 0.547007 0.0277467 1.02317e-06
 0.273051 0.343265 0.0664836 0.301928 0.0152734
 0.480068 0.223263 0.144234 0.0264773 0.125959
 0.629401 0.240745 0.0575195 0.0352226 0.0371128
 0.520728 0.371837 0.0712036 0.016077 0.0201543
 0.602521 0.268402 0.101283 0.0184386 0.00935584
 0.356096 0.483528 0.110195 0.0394009 0.0107803
 0.327524 0.358852 0.238967 0.0513488 0.0233078
 0.389501 0.295004 0.172296 0.109182 0.0340168
 0.549252 0.253656 0.0979816 0.0541989 0.0449116
 0.69623 0.216342 0.050426 0.0184236 0.0185782
 0.565216 0.354174 0.0582504 0.0129118 0.00944798
 0.388475 0.444824 0.137251 0.0212998 0.00814968
 0.388063 0.349473 0.193991 0.0564087 0.0120638
 0.821016 0.109359 0.0410763 0.0211241 0.00742471
 0.849683 0.136431 0.00868973 0.00307002 0.00212652
 0.289463 0.654744 0.0509177 0.00305411 0.00182029
 0.767851 0.103138 0.119376 0.00879596 0.000839532
 0.546521 0.395821 0.0264328 0.0288995 0.00232539
 0.56927 0.308043 0.107911 0.00678591 0.00798986
 0.607367 0.286228 0.0773194 0.0255919 0.00349309
 0.605511 0.297533 0.0717176 0.0183541 0.00688386
 0.216004 0.591755 0.146968 0.0335144 0.011758
 0.59606 0.140591 0.201298 0.0474699 0.0145811
 0.527205 0.352393 0.0433569 0.0589306 0.0181138
 0.30108 0.477597 0.167178 0.0195336 0.0346124
 0.606112 0.178599 0.149489 0.0497362 0.0160628
 0.583299 0.313361 0.0482123 0.0383118 0.0168152
 0.304507 0.507543 0.143168 0.0209244 0.0238577
 0.385662 0.280118 0.247228 0.0663085 0.0206825
 0.520741 0.264083 0.100885 0.0846048 0.029686
 0.372466 0.428513 0.112345 0.040701 0.0459749
 0.658618 0.181993 0.110612 0.0275683 0.0212094
pobs_RECLAS
 0 0 0 0 0
 0 0 0 0 0
 0 0 0 0 0
 0 0 0 0 0
 0 0 0 0 0
 0 0 0 0 0
 0 0 0 0 0
 0 0 0 0 0
 0 0 0 0 0
 0 0 0 0 0
 0.991045 0.00858322 0.000360255 1.14367e-05 0
 0.934742 0.0480273 0.0164251 0.00080598 0
 0.827803 0.169806 0.00239088 0 0
 0.941827 0.0461693 0.0120037 0 0
 0.791401 0.0380133 0.147996 0.0225897 0
 0.846168 0.0940531 0.0597789 0 0
 0.134021 0.677848 0.182769 0.00536245 0
 0.80878 0.0450904 0.141981 0.00414843 0
 0.846168 0.0940531 0.0597789 0 0
 0.905697 0.0802665 0.012482 0.00150086 5.37128e-05
 0.989698 0.0102097 9.19794e-05 0 0
 0.975433 0.0193895 0.00387452 0.00125025 5.28907e-05
 0.303575 0.632131 0.0575291 0.00676475 0
 0.966965 0.00978017 0.0227588 0.000495775 0
 0.843318 0.132988 0.00938335 0.0141283 0.000182051
 0.564624 0.303363 0.111486 0.0197234 0.00080311
 0.826376 0.0876187 0.0782897 0.00655872 0.00115652
 0.89761 0.0855135 0.0140674 0.00269457 0.000114338
 0.34875 0.467042 0.161289 0.0227151 0.000203297
 0.318654 0.224769 0.449479 0.00709798 0
 0.937255 0.0296025 0.0250945 0.00804832 0
 0.456809 0.399803 0.12412 0.0192676 0
 0.883104 0.0372192 0.0704036 0.00927362 0
ppred_RECLAS
 0.477758 0.0904855 0.410967 0.0207887 7.66482e-07
 0.42986 0.276864 0.0509351 0.230674 0.0116672
 0.649887 0.154893 0.0950525 0.0174006 0.0827665
 0.772398 0.150607 0.0341598 0.0208593 0.0219755
 0.681032 0.250303 0.0455518 0.0102568 0.0128562
 0.750551 0.171264 0.0613867 0.0111444 0.00565389
 0.52462 0.361661 0.0782068 0.0278839 0.00762806
 0.49176 0.277702 0.175776 0.0376669 0.017095
 0.561529 0.217665 0.120739 0.0762982 0.023768
 0.709499 0.167273 0.0613494 0.0338406 0.0280377
 0.818712 0.131024 0.029026 0.0105758 0.010663
 0.720704 0.229715 0.0358568 0.00792556 0.00579853
 0.559166 0.325235 0.0952256 0.014736 0.00563742
 0.570181 0.251518 0.131892 0.0382333 0.00817542
 0.902527 0.0608023 0.0216601 0.0111071 0.00390335
 0.918098 0.0746977 0.00451338 0.00159 0.00110118
 0.444017 0.514362 0.0379938 0.00227258 0.00135429
 0.869769 0.0595429 0.0654224 0.00480697 0.000458734
 0.705387 0.258893 0.016401 0.0178804 0.00143853
 0.724605 0.199857 0.0664628 0.00416774 0.00490644
 0.753898 0.181918 0.0466753 0.0154061 0.0021025
 0.752691 0.188903 0.0432352 0.0110339 0.00413774
 0.351932 0.495287 0.116879 0.0265793 0.00932354
 0.748194 0.0906248 0.123284 0.0289925 0.00890418
 0.687411 0.236083 0.0275996 0.0374097 0.0114971
 0.459709 0.37518 0.124804 0.0145424 0.0257646
 0.75499 0.114259 0.0908672 0.0301486 0.00973542
 0.733924 0.202663 0.0296289 0.0234796 0.0103038
 0.463036 0.397251 0.106496 0.0155219 0.0176952
 0.556555 0.207898 0.174365 0.0466373 0.0145447
 0.684485 0.177969 0.064585 0.0540124 0.018949
 0.539629 0.319514 0.07961 0.0287622 0.0324844
 0.794058 0.112462 0.0649289 0.0161377 0.0124135
pobs_PELACES
 0 0 0 0 0
 0 0 0 0 0
 0 0 0 0 0
 0 0 0 0 0
 0 0 0 0 0
 0 0 0 0 0
 0 0 0 0 0
 0 0 0 0 0
 0 0 0 0 0
 0 0 0 0 0
 0 0 0 0 0
 0 0 0 0 0
 0 0 0 0 0
 0 0 0 0 0
 0 0 0 0 0
 0 0 0 0 0
 0.505614 0.472636 0.0217494 0 0
 0 0 0 0 0
 0.443492 0.261883 0.143347 0.151278 0
 0.227955 0.32914 0.350689 0.0885471 0.00366901
 0.970185 0.0296113 0.000203453 0 0
 0.997202 0.00247181 0.000326279 0 0
 0.445219 0.490057 0.0546422 0.010081 0
 0.90214 0.0892962 0.00764917 0.000914606 0
 0 0 0 0 0
 0.581667 0.319106 0.0959925 0.00289975 0.000334073
 0.762889 0.0836404 0.116647 0.0363945 0.000428098
 0.88444 0.0763242 0.0277011 0.0115352 0
 0.521256 0.241999 0.230069 0.00667565 0
 0.616807 0.101726 0.260614 0.0208532 0
 0.833518 0.0704572 0.0857862 0.0102388 0
 0.697417 0.212968 0.0787535 0.0105354 0.000325836
 0 0 0 0 0
ppred_PELACES
 0.482128 0.0898566 0.407408 0.0206067 7.59768e-07
 0.437374 0.273671 0.0501918 0.227268 0.0114948
 0.656616 0.152178 0.0931066 0.0170415 0.0810579
 0.78034 0.145591 0.0328664 0.0200643 0.0211376
 0.684001 0.248051 0.0450775 0.0101492 0.0127213
 0.756224 0.167537 0.0598611 0.0108655 0.00551236
 0.538785 0.351391 0.0755358 0.0269227 0.00736499
 0.493949 0.276619 0.174934 0.0374847 0.0170122
 0.56989 0.213896 0.118239 0.074704 0.0232711
 0.718031 0.162663 0.059404 0.0327598 0.0271418
 0.8204 0.129847 0.0287311 0.0104677 0.0105539
 0.730896 0.221547 0.034396 0.00760041 0.00556056
 0.572813 0.315649 0.0918854 0.0142146 0.00543784
 0.60412 0.233057 0.120468 0.0348938 0.00746103
 0.90835 0.0573241 0.0202785 0.0103946 0.00365289
 0.922579 0.0706514 0.00424128 0.00149361 0.0010344
 0.451525 0.50754 0.037369 0.00223481 0.00133177
 0.875036 0.0572841 0.0626397 0.00460128 0.000439099
 0.717931 0.248069 0.015614 0.0170163 0.00136899
 0.733639 0.193555 0.0640613 0.00401608 0.00472784
 0.759722 0.177768 0.0454604 0.0150023 0.00204737
 0.759964 0.183528 0.0418321 0.0106734 0.00400249
 0.35665 0.491933 0.115838 0.0263393 0.00923932
 0.752463 0.0892204 0.121097 0.0284745 0.00874503
 0.691692 0.232972 0.0271792 0.0368356 0.0113206
 0.46352 0.372717 0.123788 0.0144227 0.0255524
 0.759051 0.112501 0.0892696 0.0296149 0.009563
 0.73754 0.200005 0.0291834 0.0231241 0.0101477
 0.466416 0.394898 0.105715 0.0154068 0.0175641
 0.560785 0.206107 0.172563 0.0461509 0.0143929
 0.690486 0.174808 0.063257 0.0528934 0.0185563
 0.543145 0.31722 0.0789224 0.0285115 0.0322011
 0.798756 0.110047 0.0633467 0.0157419 0.012109
pobs_pel_tallas
 0 0 0 0 0 0 0 0 0 0 0 0 0 0 0 0 0 0 0 0 0 0 0 0 0 0
 0 0 0 0 0 0 0 0 0 0 0 0 0 0 0 0 0 0 0 0 0 0 0 0 0 0
 0 0 0 0 0 0 0 0 0 0 0 0 0 0 0 0 0 0 0 0 0 0 0 0 0 0
 0 0 0 0 0 0 0 0 0 0 0 0 0 0 0 0 0 0 0 0 0 0 0 0 0 0
 0 0 0 0 0 0 0 0 0 0 0 0 0 0 0 0 0 0 0 0 0 0 0 0 0 0
 0 0 0 0 0 0 0 0 0 0 0 0 0 0 0 0 0 0 0 0 0 0 0 0 0 0
 0 0 0 0 0 0 0 0 0 0 0 0 0 0 0 0 0 0 0 0 0 0 0 0 0 0
 0 0 0 0 0 0 0 0 0 0 0 0 0 0 0 0 0 0 0 0 0 0 0 0 0 0
 0 0 0 0 0 0 0 0 0 0 0 0 0 0 0 0 0 0 0 0 0 0 0 0 0 0
 0 0 0 0 0 0 0 0 0 0 0 0 0 0 0 0 0 0 0 0 0 0 0 0 0 0
 0 0 0 0 0 0 0 0 0 0 0 0 0 0 0 0 0 0 0 0 0 0 0 0 0 0
 0 0 0 0 0 0 0 0 0 0 0 0 0 0 0 0 0 0 0 0 0 0 0 0 0 0
 0.00862536 0 0 0.000197151 0.00414017 0.0128641 0.00837892 0.0270097 0.101434 0.158115 0.152841 0.127902 0.109271 0.109419 0.0830992 0.0579132 0.0238553 0.00714673 0.00463305 0.00128148 0.00103504 0.000492878 0.000147863 0.000147863 4.92878e-05 0
 0 0 0 0 0 0 0 0 0 0 0 0 0 0 0 0 0 0 0 0 0 0 0 0 0 0
 0 0 0 0 0 0 0 0.0054083 0.00873648 0.0413646 0.0450493 0.0745869 0.0622846 0.0627006 0.0613931 0.0827291 0.12552 0.122667 0.0946155 0.0697135 0.0546179 0.0294188 0.0215738 0.0213955 0.0102223 0.00600262
 0 0 0 0 0.00359764 0.0251062 0.0480494 0.140153 0.205849 0.193036 0.1447 0.116669 0.0760912 0.0342217 0.00950174 0.001854 0.000860785 0 0 0 0.000165536 0 0.000143464 0 0 0
 0 0 0 0 0 0 0 0.000145254 0.000435761 0.0275982 0.070085 0.0708112 0.156366 0.174668 0.174014 0.160142 0.0824315 0.0480064 0.0283245 0.00493863 0.00203355 0 0 0 0 0
 0 0 0 0 0 0 0 0 0 0 0 0 0 0 0 0 0 0 0 0 0 0 0 0 0 0
 0 0 1.00437e-05 0.000401748 0.00122533 0.00171747 0.00176769 0.0269171 0.070346 0.194647 0.189555 0.159765 0.064822 0.0314167 0.0384472 0.0292271 0.0345202 0.0313363 0.0194345 0.0106764 0.0143323 0.0359363 0.0279516 0.0138201 0.00172751 0
 0 0.0021121 0.0136068 0.0755702 0.200478 0.177729 0.0527432 0.0373336 0.0318909 0.0142505 0.0149659 0.0166563 0.0217959 0.0798694 0.0677717 0.0528807 0.04013 0.0224614 0.0357745 0.0225083 0.00881397 0.00855152 0.00135912 0.000746735 0 0
 0 0 0 0 5.4009e-05 0.00500934 0.000945158 0.0243581 0.138947 0.33067 0.221406 0.137944 0.0707744 0.0437923 0.0131692 0.00525238 0.0047753 0.00276346 9.45158e-05 9.00151e-06 2.25038e-05 9.00151e-06 4.50075e-06 0 0 0
 0.000866109 0.00284123 0.00948549 0.0512746 0.133035 0.25785 0.225252 0.132002 0.0553304 0.0519788 0.0540692 0.017754 0.00435017 0.00159236 0.00146478 0.000404838 0.000125132 0.000115318 0.000107957 0.000100596 0 0 0 0 0 0
 0 0 0 0 0.00144013 0.00171154 0.00461396 0.0210425 0.0478622 0.0707936 0.0888783 0.103762 0.0637923 0.0337046 0.0602308 0.124433 0.169614 0.0934646 0.0462172 0.0250306 0.0313229 0.00938855 0.002487 0.000210481 0 0
 0 0.00764035 0.051015 0.0998891 0.058973 0.0496711 0.0374665 0.0718981 0.12319 0.153886 0.159021 0.0857701 0.0377988 0.023471 0.0147837 0.00900784 0.00315554 0.000888139 0.00291439 0.00214683 0.00393193 0.00274676 0.000635225 9.99891e-05 0 0
 0 0 0 0 0 0 0 0 0 0 0 0 0 0 0 0 0 0 0 0 0 0 0 0 0 0
 0 0 0 0 0 0 0 0 0 0 0 0 0 0 0 0 0 0 0 0 0 0 0 0 0 0
 0 0 0 0 0 0 0 0 0 0 0 0 0 0 0 0 0 0 0 0 0 0 0 0 0 0
 0 0 0 0 0 0 0 0 0 0 0 0 0 0 0 0 0 0 0 0 0 0 0 0 0 0
 0 0 0 0 0 0 0 0 0 0 0 0 0 0 0 0 0 0 0 0 0 0 0 0 0 0
 0 0 0 0 0 0 0 0 0 0 0 0 0 0 0 0 0 0 0 0 0 0 0 0 0 0
 0 0 0 0 0 0 0 0 0 0 0 0 0 0 0 0 0 0 0 0 0 0 0 0 0 0
 0 0 0 0 0 0 0 0 0 0 0 0 0 0 0 0 0 0 0 0 0 0 0 0 0 0
 0 0 0 0 0 0 0 0 0 0 0 0 0 0 0 0 0 0 0 0 0 0 0 0 0 0
ppred_pel_tallas
 1.13847e-16 3.97122e-05 0.000386017 0.00256522 0.0116611 0.0362821 0.0773033 0.112828 0.112838 0.0773489 0.0364371 0.0121164 0.00373761 0.00304274 0.00537003 0.00955548 0.0154807 0.0230369 0.0320025 0.042057 0.0525874 0.0623686 0.0695256 0.0720876 0.068922 0.0604203
 1.26256e-16 3.6026e-05 0.000350185 0.0023271 0.0105787 0.0329144 0.0701286 0.10236 0.102387 0.070258 0.0333492 0.0118362 0.00548957 0.00727481 0.0132528 0.0220377 0.0322145 0.0415989 0.0480988 0.0510251 0.0516081 0.0521381 0.0543425 0.058236 0.0621888 0.0639689
 1.18153e-16 5.40846e-05 0.000525722 0.0034936 0.0158814 0.0494131 0.10528 0.153663 0.153678 0.105353 0.0496565 0.0165862 0.00526925 0.00442441 0.00752555 0.0125354 0.0184853 0.0241857 0.0284886 0.0309541 0.0321197 0.0330607 0.0345836 0.0366884 0.038639 0.039456
 1.06575e-16 6.42756e-05 0.000624782 0.0041519 0.0188739 0.0587239 0.125118 0.182616 0.18263 0.125187 0.0589547 0.019541 0.00582794 0.00428883 0.00703886 0.0115783 0.0167796 0.0213385 0.0239858 0.0241762 0.0224217 0.0199304 0.0178376 0.0166248 0.016072 0.0156138
 1.04535e-16 5.63403e-05 0.000547648 0.00363931 0.0165438 0.051474 0.109672 0.160074 0.160098 0.109789 0.0518666 0.0176781 0.00648748 0.00676834 0.0118798 0.0195754 0.0282531 0.0356574 0.0395292 0.038835 0.0343752 0.0282189 0.0224347 0.0181111 0.0152334 0.0132025
 1.03793e-16 6.22892e-05 0.000605473 0.00402358 0.0182906 0.056909 0.121251 0.176973 0.176989 0.121331 0.0571752 0.0190601 0.00595796 0.00483765 0.00812765 0.0134105 0.0194817 0.0248537 0.0280446 0.0283599 0.0262701 0.0230193 0.0198003 0.0171637 0.015012 0.0129901
 1.06217e-16 4.43791e-05 0.000431381 0.00286668 0.0130315 0.0405461 0.086389 0.126094 0.126128 0.0865547 0.0411027 0.0146399 0.00690616 0.00925733 0.0168294 0.0278127 0.0402048 0.0508652 0.0566184 0.0560035 0.0501212 0.0418247 0.0339361 0.0278924 0.0236167 0.0202824
 1.11758e-16 4.0686e-05 0.000395483 0.00262812 0.0119471 0.0371719 0.0791997 0.1156 0.115627 0.0793312 0.037614 0.0132268 0.00585131 0.00746779 0.0135784 0.0226616 0.0332933 0.0432387 0.0502161 0.0531441 0.0526722 0.0504876 0.0480073 0.0455635 0.0425962 0.03844
 1.14897e-16 4.69411e-05 0.000456284 0.00303217 0.0137838 0.0428867 0.0913754 0.133369 0.13339 0.091477 0.0432284 0.0147729 0.00552324 0.00592228 0.0105112 0.017525 0.025772 0.0335521 0.0391771 0.0419292 0.0424509 0.042154 0.0421296 0.0424508 0.0423194 0.0407639
 1.09635e-16 5.91433e-05 0.000574894 0.00382037 0.0173669 0.0540349 0.115128 0.168035 0.168051 0.115205 0.0542936 0.0181151 0.00570218 0.00469527 0.00792161 0.0131021 0.0191087 0.024553 0.0280761 0.0291004 0.0281701 0.0265284 0.0252672 0.0247242 0.0244928 0.0238742
 1.03699e-16 6.75753e-05 0.000656856 0.00436504 0.0198429 0.0617385 0.131541 0.19199 0.192003 0.131602 0.0619443 0.0204374 0.00585849 0.00392055 0.00627641 0.0102973 0.014895 0.0188785 0.0210866 0.0209984 0.0190388 0.0162727 0.0137358 0.0119272 0.010762 0.00986289
 1.02753e-16 6.0203e-05 0.000585195 0.00388883 0.0176781 0.0550031 0.117191 0.171048 0.171069 0.117295 0.0553535 0.0186904 0.00643012 0.0061338 0.0106008 0.0174374 0.025131 0.0316406 0.0349268 0.0340498 0.0297214 0.0238083 0.0182008 0.0139313 0.0110507 0.00907545
 1.05079e-16 4.71819e-05 0.000458625 0.00304773 0.0138545 0.0431068 0.0918447 0.134056 0.134087 0.0919937 0.0436075 0.0153017 0.0066839 0.00840834 0.01518 0.0251119 0.0363816 0.0461915 0.0517031 0.0515823 0.0467419 0.0396214 0.0326225 0.0269542 0.022567 0.0188448
 1.08299e-16 4.97606e-05 0.000483691 0.0032143 0.0146117 0.0454627 0.0968638 0.14138 0.141403 0.0969744 0.0458342 0.0156869 0.00592024 0.00641454 0.0113835 0.0189242 0.027688 0.0357281 0.0410763 0.0428109 0.0415307 0.0387801 0.0359226 0.0333982 0.0308255 0.0276324
 1.02261e-16 7.48196e-05 0.000727273 0.00483299 0.0219701 0.068357 0.145642 0.21257 0.212576 0.145669 0.0684481 0.0222335 0.00549549 0.00217733 0.00284009 0.00460697 0.00670122 0.0085814 0.00975234 0.00999439 0.00948433 0.00865253 0.00789139 0.00734822 0.00692841 0.00644526
 1.00466e-16 7.59916e-05 0.000738666 0.00490869 0.0223142 0.0694278 0.147924 0.2159 0.215907 0.147957 0.0695394 0.0226362 0.00571659 0.00250086 0.00341847 0.00552005 0.00791855 0.00990356 0.0108084 0.010329 0.00870498 0.0065639 0.00455543 0.0030555 0.0021099 0.00156588
 1.01658e-16 3.71916e-05 0.000361516 0.0024024 0.010921 0.0339795 0.0723988 0.105678 0.105727 0.0726375 0.0347809 0.0132348 0.00820745 0.0130242 0.0240572 0.0396363 0.0569138 0.0711873 0.0776828 0.0741862 0.0623727 0.0467049 0.0318261 0.0204621 0.013027 0.00855251
 1.02359e-16 7.20756e-05 0.0007006 0.00465573 0.0211643 0.06585 0.140301 0.204774 0.20478 0.140328 0.0659424 0.0214321 0.00533216 0.00219072 0.00294149 0.0048513 0.00721946 0.00957256 0.011462 0.0126518 0.0132016 0.0133219 0.0131402 0.0125977 0.0115527 0.00996482
 1.02453e-16 5.91351e-05 0.000574814 0.00381984 0.0173645 0.0540274 0.115112 0.168014 0.168038 0.115229 0.0544192 0.0184955 0.00665774 0.00676589 0.0118054 0.0193929 0.027862 0.0348986 0.0381937 0.0367002 0.031271 0.024103 0.0174424 0.0125471 0.0095017 0.00770444
 1.03102e-16 6.04289e-05 0.000587391 0.00390342 0.0177444 0.0552095 0.11763 0.171689 0.171708 0.117722 0.0555167 0.0186325 0.0061355 0.00546892 0.00935723 0.015441 0.0223931 0.0284821 0.0319705 0.0320339 0.0292096 0.0249569 0.0207096 0.0171856 0.0143605 0.0118927
 1.03209e-16 6.25773e-05 0.000608274 0.0040422 0.0183752 0.0571723 0.121812 0.177792 0.177809 0.121896 0.0574541 0.0191897 0.00608838 0.0050808 0.00857353 0.014119 0.0204369 0.0259199 0.0289691 0.0288452 0.0260861 0.0220957 0.0182503 0.0152323 0.0129839 0.0111046
 1.03002e-16 6.25973e-05 0.000608468 0.00404348 0.0183811 0.0571905 0.121851 0.177849 0.177867 0.121938 0.0574813 0.0192213 0.0061538 0.00521965 0.00883288 0.0145371 0.0210143 0.0265927 0.0296088 0.0292929 0.026209 0.0218356 0.0176394 0.0143753 0.0120214 0.0101737
 1.07674e-16 2.93769e-05 0.000285554 0.00189761 0.00862629 0.0268398 0.0571869 0.0834759 0.0835234 0.057419 0.0276193 0.0108787 0.0075552 0.0126484 0.0235448 0.0389725 0.0563602 0.0713399 0.0794596 0.0786487 0.0704031 0.0586637 0.0473436 0.0384617 0.031976 0.0268405
 1.07853e-16 6.19794e-05 0.000602462 0.00400357 0.0181997 0.056626 0.120648 0.176091 0.1761 0.120691 0.0567708 0.0186202 0.00506792 0.00295479 0.00461438 0.00775302 0.0116846 0.0157911 0.0194645 0.0224027 0.0246982 0.0265769 0.028027 0.0286771 0.028032 0.0258418
 1.06454e-16 5.69738e-05 0.000553806 0.00368023 0.0167298 0.0520528 0.110905 0.161874 0.161896 0.111015 0.0524213 0.0177942 0.00635237 0.00638852 0.011143 0.0183465 0.026465 0.0333849 0.0370116 0.0364298 0.03247 0.0271524 0.0224503 0.0193258 0.0176036 0.0164979
 1.09439e-16 3.81796e-05 0.00037112 0.00246622 0.0112111 0.0348821 0.0743214 0.108482 0.108518 0.0744975 0.0354739 0.0129219 0.00676607 0.00977629 0.0179549 0.0297659 0.0432111 0.0550456 0.0619691 0.0624459 0.0575618 0.0501552 0.0429664 0.037288 0.0329151 0.0289957
 1.07194e-16 6.25221e-05 0.000607737 0.00403863 0.018359 0.0571218 0.121704 0.177633 0.177644 0.121758 0.0573023 0.018882 0.00535743 0.00350708 0.00562905 0.00936539 0.0138585 0.0182172 0.0215685 0.0235103 0.0242943 0.0245212 0.0246109 0.0245053 0.0238035 0.0221375
 1.0493e-16 6.07502e-05 0.000590514 0.00392417 0.0178387 0.055503 0.118256 0.172602 0.172621 0.11835 0.0558195 0.0187529 0.0062195 0.00560319 0.00958696 0.0157707 0.0227577 0.0287238 0.0318637 0.0313748 0.0279435 0.0232751 0.0190465 0.0160951 0.0143163 0.0131048
 1.0767e-16 3.84182e-05 0.000373438 0.00248163 0.0112812 0.0351001 0.0747858 0.10916 0.109198 0.0749722 0.0357262 0.0130907 0.00702779 0.0103108 0.0189495 0.0313667 0.0454161 0.0576054 0.0643849 0.0641044 0.0579506 0.0490413 0.0404479 0.0337171 0.0287594 0.0247102
 1.12097e-16 4.61912e-05 0.000448995 0.00298373 0.0135636 0.0422015 0.0899156 0.131239 0.131259 0.0900139 0.0425324 0.0145224 0.00540214 0.0057671 0.0102602 0.0171885 0.0254594 0.0334972 0.0396998 0.0433068 0.0447371 0.0450397 0.0449454 0.0443489 0.0425734 0.0390484
 1.10315e-16 5.68744e-05 0.00055284 0.00367381 0.0167006 0.051962 0.110711 0.16159 0.161607 0.110794 0.0522401 0.017505 0.00569698 0.00498348 0.00851372 0.0140986 0.0205795 0.0264804 0.0303558 0.0315981 0.0307963 0.0292709 0.0281545 0.0277484 0.0275526 0.0267783
 1.10668e-16 4.47382e-05 0.000434872 0.00288988 0.013137 0.0408742 0.0870879 0.127114 0.127144 0.0872376 0.0413772 0.0145907 0.00654214 0.00841902 0.0152417 0.025217 0.0365388 0.0464205 0.0520614 0.0522106 0.0479068 0.0417194 0.0361131 0.0322206 0.0297475 0.0277095
 1.05485e-16 6.57925e-05 0.000639526 0.00424988 0.0193193 0.0601097 0.12807 0.186925 0.186935 0.128123 0.0602854 0.0198279 0.00553029 0.00344785 0.00543818 0.00898864 0.0131834 0.0170893 0.0197969 0.0208893 0.0206542 0.0198041 0.0189416 0.0182145 0.0173755 0.0160956
pSPR Fmed_Fpbrs
1   0.983615 0.6 0.325 0.983615 0.983615 0.983615
Fs Fmed_Fpbrs
0   0.01 0.352042 0.906164 0.01 0.01 0.01
SSBpbr Bo_Bmed_Bpbrs
1.7732e+06  1.68454e+06  1.65549e+06 975262 487631 1.65549e+06 1.65549e+06 1.65549e+06
Ro
235105
SPR SPRFo_SPRFmed_SPRFpbrs
1.69377e+06 1.69377e+06 1.66602e+06
Fref
0
Nvult_r0
 230498 35425.1 20626.4 5128.97 3945.44
CTP_r0
 18911.9 5225.84 3176.16 791.611 609.018
YTP_r0
356498
Np
 347358 127786 47009.8 17293.9 8702.57
Nvult_p0
 219572 80776.1 29715.9 10931.9 5501.07
CTP_p0
 0 0 0 0 0
 0 0 0 0 0
 0 0 0 0 0
 0 0 0 0 0
 0 0 0 0 0
 0 0 0 0 0
YTP_p0
 0 0 0 0 0 0
CBA_c0
0
log_Ro
12.1878
likeval ReclasPelacesDesembMPH_pf_preclas_ppelaces_ptallas_desvR_qrecl_qpela
 22.0214 17.3495 0.119376 70.0429 239.642 139.684 111.19 0 23.0638 1.12499e-05 5.15702e-06 0.552727 2066.62 0 0
q_reclas_q_pelaces
0.622296 0.725311
M
1
N
 231091 44847.2 204219 10331.9 0.380941
 119924 80701.4 14916.7 67571.8 3417.74
 161557 40173.2 24765.1 4534.73 21569.8
 260412 54285.7 12401.3 7575.69 7981.22
 221440 83053.7 15147.6 3411.17 4275.69
 326910 78009 28095.4 5101.91 2588.39
 145771 109299 23848.9 8507.35 2327.38
 78361 44814.4 28404.5 6087.23 2762.68
 68934.1 28058.9 15646 9889.98 3080.92
 91215.8 22845.5 8433.33 4653.54 3855.63
 181202 29490 6544.75 2384.86 2404.53
 186977 64311.2 10120.7 2238.04 1637.44
 92605.8 58458.1 17266.8 2673.31 1022.73
 52919.8 28601.1 15328 4448.7 951.326
 169589 12614 4541.51 2330.22 818.931
 566204 50494.1 3081.11 1086.02 752.167
 141203 171211 12708.7 760.368 453.131
 643210 47119.5 52149.5 3833.27 365.821
 509099 204736 13097.8 14287.1 1149.47
 522187 154057 51602.8 3237.19 3811.04
 658037 166365 42898.7 14163.5 1932.94
 823656 219124 50466.6 12883.9 4831.57
 184379 267513 63334.8 14405.5 5053.24
 508026 63553.5 86756.7 20406.3 6267.25
 493144 174435 20457.1 27733.4 8523.37
 204071 170335 56799 6619.21 11727.2
 458076 71551.1 57096 18947.3 6118.42
 554954 157509 23095.2 18305 8033
 219958 192525 51723.4 7539.6 8595.36
 202510 77528.9 65195.5 17440.3 5439.12
 261113 70687.9 25764 21551.5 7560.97
 145766 88118.2 22004.4 7950.93 8979.94
 347358 51297.8 29749.4 7395.87 5689.17
pred_Ctot
 7441.26 2740.27 13096.8 664.33 0.0244975
 6829.4 8585.56 1662.85 7551.66 382.009
 8911.37 4144.36 2677.37 491.491 2338.13
 22158.7 8475.66 2025.03 1240.05 1306.59
 5956.2 4253.16 814.443 183.892 230.53
 18988.5 8458.68 3191.95 581.092 294.85
 15364.7 20863 4754.66 1700.05 465.145
 1323.48 1450.07 965.633 207.493 94.1837
 4356.61 3299.66 1927.15 1221.22 380.482
 7061.44 3261.13 1259.7 696.807 577.405
 4048.71 1258.07 293.237 107.137 108.036
 17981.9 11267.8 1853.19 410.778 300.58
 9528.33 10910.4 3366.43 522.431 199.891
 12198 10985 6097.74 1773.1 379.203
 20793.2 2769.65 1040.31 534.993 188.04
 64747 10396.2 662.169 233.94 162.044
 8358.98 18907.4 1470.38 88.1949 52.5655
 55443.2 7447.18 8619.6 635.119 60.619
 58015.5 42018 2805.95 3067.8 246.85
 44745.3 24212.5 8481.9 533.38 628.012
 39764.2 18739.3 5062.09 1675.5 228.692
 61612 30274.6 7297.42 1867.57 700.447
 7386.26 20235.1 5025.59 1146.03 402.064
 21526.9 5077.5 7269.93 1714.39 526.6
 19140.7 12794 1574.12 2139.53 657.638
 6076.14 9638.46 3373.84 394.21 698.519
 19019.6 5604.39 4690.93 1560.7 504.047
 20082.7 10788.9 1659.93 1319.06 578.938
 5843.86 9740.36 2747.58 401.564 457.858
 6577.43 4777.39 4216.46 1130.88 352.738
 13739.9 6967.86 2661.87 2232.31 783.271
 4012.07 4615.79 1210.14 438.416 495.225
 18911.9 5225.84 3176.16 791.611 609.018
F
 0.0520556 0.100781 0.106004 0.106294 0.106309
 0.0936548 0.181319 0.190714 0.191236 0.191263
 0.0905993 0.175403 0.184492 0.184997 0.185023
 0.142776 0.276418 0.290742 0.291537 0.291579
 0.0433259 0.0838803 0.0882268 0.0884681 0.0884808
 0.0956006 0.185086 0.194677 0.195209 0.195237
 0.17951 0.347537 0.365546 0.366545 0.366598
 0.0270215 0.0523145 0.0550254 0.0551758 0.0551838
 0.104395 0.202112 0.212585 0.213167 0.213197
 0.129178 0.250093 0.263052 0.263772 0.263809
 0.0358794 0.0694638 0.0730632 0.073263 0.0732736
 0.162677 0.314948 0.331268 0.332174 0.332221
 0.174908 0.338627 0.356174 0.357148 0.357199
 0.433972 0.840184 0.88372 0.886137 0.886264
 0.211524 0.409517 0.430737 0.431915 0.431977
 0.196057 0.379573 0.399241 0.400333 0.400391
 0.0975101 0.188783 0.198565 0.199108 0.199137
 0.144749 0.280238 0.29476 0.295566 0.295608
 0.195321 0.378147 0.397742 0.39883 0.398887
 0.14384 0.278479 0.292909 0.29371 0.293753
 0.0996226 0.192873 0.202867 0.203422 0.203451
 0.124587 0.241204 0.253702 0.254396 0.254433
 0.065112 0.126059 0.132591 0.132954 0.132973
 0.0689823 0.133552 0.140472 0.140856 0.140877
 0.0630317 0.122031 0.128355 0.128706 0.128724
 0.0480542 0.0930345 0.0978553 0.0981229 0.0981371
 0.0675537 0.130786 0.137563 0.137939 0.137959
 0.0586618 0.113571 0.119456 0.119783 0.1198
 0.0427855 0.0828341 0.0871264 0.0873646 0.0873772
 0.0525165 0.101674 0.106942 0.107235 0.10725
 0.0862757 0.167032 0.175688 0.176168 0.176194
 0.0443538 0.0858704 0.09032 0.090567 0.09058
 0.0893815 0.173045 0.182012 0.18251 0.182536
YTP_r0W_actual
 142596 91190.9 76450.1 24793.3 21467.9
YTP_p0W_proyectada
 0 0 0 0 0
 0 0 0 0 0
 0 0 0 0 0
 0 0 0 0 0
 0 0 0 0 0
 0 0 0 0 0
CTP_r0_actual
 18911.9 5225.84 3176.16 791.611 609.018
CTP_p0_proyectada
 0 0 0 0 0
 0 0 0 0 0
 0 0 0 0 0
 0 0 0 0 0
 0 0 0 0 0
 0 0 0 0 0
Wmedp
 7.54 17.45 24.07 31.32 35.25
Frms_r0
 0.0893815 0.173045 0.182012 0.18251 0.182536
Zrms_r0
 1.08938 1.17305 1.18201 1.18251 1.18254
nmprior
 7.29 8.9 8.7 0
nm_flota  nm_reclas  nm_pelaces    nm_pelaL
inf 10.5246 15.8617 47.9169
cv_recla  cv_pelaces  cv_mph
0.4064 0.456283 0.671026
 ------------------------------------------------
Talla a la edad & desviaci?n 
 8 13.2811 15.8009 17.003 17.5766
 0.8 1.32811 1.58009 1.7003 1.75766
