years
 1991 1992 1993 1994 1995 1996 1997 1998 1999 2000 2001 2002 2003 2004 2005 2006 2007 2008 2009 2010 2011 2012 2013 2014 2015 2016 2017 2018 2019 2020 2021 2022 2023
reclasobs
 0 0 0 0 0 0 0 0 0 252601 567819 844713 477998 351125 339783 2.1784e+06 2.13404e+06 4.81314e+06 1.55562e+06 2.62356e+06 3.21686e+06 3.843e+06 1.13348e+06 3.07943e+06 1.97215e+06 2.03268e+06 2.025e+06 2.42433e+06 2.27542e+06 1.05018e+06 2.36338e+06 3.18982e+06 1.53035e+06
reclaspred
 8.1844e+06 2.29774e+06 1.12619e+06 889845 246918 3.03196e+06 1.72391e+06 719925 779059 248529 400009 1.24863e+06 1.18206e+06 258795 631769 1.8069e+06 1.21348e+06 2.86782e+06 2.29319e+06 2.21145e+06 3.58095e+06 3.26197e+06 2.05341e+06 2.8126e+06 2.42322e+06 1.96555e+06 2.20709e+06 2.79529e+06 2.40011e+06 1.97575e+06 1.7424e+06 1.36938e+06 860867
pelacesobs
 0 0 0 0 0 0 0 0 0 0 0 0 0 0 0 552880 188675 0 991730 2.46772e+06 1.41603e+06 1.21717e+06 2.29649e+06 1.80582e+06 0 1.4828e+06 1.56532e+06 1.57751e+06 1.42118e+06 867257 1.10002e+06 1.06204e+06 0
pelacespred
 7.04698e+06 1.75757e+06 584100 330467 98893.5 1.67788e+06 878695 542560 408265 86878.2 211606 575603 619627 77348.9 301276 778573 553554 1.45028e+06 1.07333e+06 953744 1.77584e+06 1.61543e+06 1.14194e+06 1.68521e+06 1.39104e+06 1.17545e+06 1.44847e+06 1.68605e+06 1.47362e+06 1.30512e+06 909910 786232 377492
mphobs
 0 0 0 0 0 0 0 0 0 0 0 0 498337 0 5186 125008 0 168611 109162 213762 579715 649985 157893 87575 83554 210694 70296 0 107559 103333 445601 22526 28222
mphpred
 1.77042e+06 712372 125256 175857 67118.5 20340.6 544808 140563 64248.5 77142.3 14669.7 74691.4 202692 77351.8 10421.3 75074 281602 111430 336511 307470 511065 512589 145833 68703.2 141436 124359 75359.1 108638 188418 102141 83717.9 83809.1 30044
desembarqueobs
 494567 514787 250237 358949 120608 361735 552515 73892 212993 205616 52469 317467 293654 387597 252695 516296 358380 742168 942051 627588 828172 859565 418607 520667 417249 300574 415391 372974 316634 284311 391294 218835 356480
desembarquepred
 494508 514464 249948 358671 120535 361560 551943 73873.2 212837 205426 52456.1 317202 293425 386934 252406 515745 358116 741274 940086 626519 827773 858556 418228 520345 416805 300359 415049 372671 316290 283926 390844 218739 356254
Reclutas
 25241.9 17948.2 174044 44777.9 14070.4 280136 19177.2 6213.22 42255.5 21221.6 38764.9 147625 70415.2 42811.7 59999.7 245033 26010.2 314046 239253 243295 211024 379853 29431.3 144952 160130 35641 124065 144966 40478.5 90788.8 79935.1 20896.8 73913.4
log_desv_Rt
 -0.989814 -1.33083 0.940992 -0.416605 -1.57425 1.41696 -1.2646 -2.39164 -0.474583 -1.1633 -0.560803 0.776356 0.0360904 -0.461506 -0.123979 1.28308 -0.95983 1.53122 1.2592 1.27596 1.13365 1.72147 -0.83626 0.758086 0.857669 -0.644823 0.602485 0.758178 -0.517548 0.290217 0.162897 -1.17872 0.0845765
SSB
 1.50862e+06 607032 106734 149853 57193.5 17332.8 464246 119778 54747.9 65735.1 12500.4 63646.6 161748 62400.8 8369.97 60924.6 239961 94952.9 303587 182712 315348 340926 393537 174902 325174 311167 173860 236180 430428 214386 215558 221775 73479.6
BT
 1.92967e+06 908463 429125 370722 128155 1.25516e+06 729411 211328 384498 218918 152094 549278 504160 419596 415436 825133 454597 1.42532e+06 1.36444e+06 924994 1.47809e+06 1.44175e+06 689020 1.28349e+06 886580 626041 1.09472e+06 1.07827e+06 682042 765180 686057 420551 490959
Ftot
 0.339084 1.15107 1.15405 1.72937 2.03712 0.64927 1.38136 0.55222 1.39063 2.93731 0.703311 1.27829 1.18779 4.47671 1.95906 1.44088 1.32249 1.32431 1.8529 1.39647 1.13942 1.2941 0.964953 0.973204 0.864681 0.757307 0.980428 0.698957 0.651487 0.757473 1.11509 0.786818 1.94436
BD_Bspro_t
 0.947192 0.599159 0.211271 0.276651 0.104403 0.0457083 0.455401 0.163579 0.116622 0.151561 0.0476803 0.274595 0.321769 0.125544 0.0214495 0.13544 0.267849 0.125729 0.251838 0.154999 0.19754 0.20864 0.24777 0.146432 0.269688 0.306571 0.23958 0.32934 0.447318 0.30362 0.325665 0.298569 0.183766
BD_Bspro
 3.08315 1.24058 0.21813 0.306251 0.116885 0.0354227 0.948771 0.244787 0.111887 0.134342 0.0255469 0.130073 0.330561 0.127527 0.0171056 0.124511 0.490403 0.194054 0.620436 0.373406 0.644471 0.696744 0.804265 0.357443 0.664553 0.635926 0.355314 0.482677 0.879659 0.438136 0.440533 0.453237 0.150169
BD_Bo
 6.08786 2.4496 0.430712 0.604711 0.230797 0.0699442 1.87341 0.483347 0.220928 0.265266 0.050444 0.256838 0.652712 0.251811 0.033776 0.245854 0.968331 0.383171 1.22509 0.737312 1.27255 1.37576 1.58807 0.705794 1.3122 1.25567 0.701589 0.953075 1.73694 0.865127 0.869859 0.894944 0.296518
BD_Brms
 6.5272 2.62638 0.461795 0.648352 0.247453 0.074992 2.00861 0.518229 0.236872 0.284409 0.0540844 0.275373 0.699817 0.269983 0.0362135 0.263596 1.03821 0.410823 1.3135 0.790522 1.36438 1.47505 1.70268 0.756729 1.4069 1.34629 0.752221 1.02186 1.86229 0.927561 0.932634 0.95953 0.317917
Sel_flota
 0.549393 1 1 1 1
 0.549393 1 1 1 1
 0.549393 1 1 1 1
 0.549393 1 1 1 1
 0.549393 1 1 1 1
 0.549393 1 1 1 1
 0.549393 1 1 1 1
 0.549393 1 1 1 1
 0.549393 1 1 1 1
 0.549393 1 1 1 1
 0.549393 1 1 1 1
 0.549393 1 1 1 1
 0.549393 1 1 1 1
 0.549393 1 1 1 1
 0.549393 1 1 1 1
 0.549393 1 1 1 1
 0.549393 1 1 1 1
 0.549393 1 1 1 1
 0.549393 1 1 1 1
 0.549393 1 1 1 1
 0.549393 1 1 1 1
 0.549393 1 1 1 1
 0.549393 1 1 1 1
 0.549393 1 1 1 1
 0.549393 1 1 1 1
 0.549393 1 1 1 1
 0.549393 1 1 1 1
 0.549393 1 1 1 1
 0.549393 1 1 1 1
 0.549393 1 1 1 1
 0.549393 1 1 1 1
 0.549393 1 1 1 1
 0.549393 1 1 1 1
Sel_reclas
 0.509564 0.839458 0.96339 0.992506 0.998502
 0.509564 0.839458 0.96339 0.992506 0.998502
 0.509564 0.839458 0.96339 0.992506 0.998502
 0.509564 0.839458 0.96339 0.992506 0.998502
 0.509564 0.839458 0.96339 0.992506 0.998502
 0.509564 0.839458 0.96339 0.992506 0.998502
 0.509564 0.839458 0.96339 0.992506 0.998502
 0.509564 0.839458 0.96339 0.992506 0.998502
 0.509564 0.839458 0.96339 0.992506 0.998502
 0.509564 0.839458 0.96339 0.992506 0.998502
 0.509564 0.839458 0.96339 0.992506 0.998502
 0.509564 0.839458 0.96339 0.992506 0.998502
 0.509564 0.839458 0.96339 0.992506 0.998502
 0.509564 0.839458 0.96339 0.992506 0.998502
 0.509564 0.839458 0.96339 0.992506 0.998502
 0.509564 0.839458 0.96339 0.992506 0.998502
 0.509564 0.839458 0.96339 0.992506 0.998502
 0.509564 0.839458 0.96339 0.992506 0.998502
 0.509564 0.839458 0.96339 0.992506 0.998502
 0.509564 0.839458 0.96339 0.992506 0.998502
 0.509564 0.839458 0.96339 0.992506 0.998502
 0.509564 0.839458 0.96339 0.992506 0.998502
 0.509564 0.839458 0.96339 0.992506 0.998502
 0.509564 0.839458 0.96339 0.992506 0.998502
 0.509564 0.839458 0.96339 0.992506 0.998502
 0.509564 0.839458 0.96339 0.992506 0.998502
 0.509564 0.839458 0.96339 0.992506 0.998502
 0.509564 0.839458 0.96339 0.992506 0.998502
 0.509564 0.839458 0.96339 0.992506 0.998502
 0.509564 0.839458 0.96339 0.992506 0.998502
 0.509564 0.839458 0.96339 0.992506 0.998502
 0.509564 0.839458 0.96339 0.992506 0.998502
 0.509564 0.839458 0.96339 0.992506 0.998502
Sel_pelaces
 0.327179 0.709915 0.924903 0.984123 0.996804
 0.327179 0.709915 0.924903 0.984123 0.996804
 0.327179 0.709915 0.924903 0.984123 0.996804
 0.327179 0.709915 0.924903 0.984123 0.996804
 0.327179 0.709915 0.924903 0.984123 0.996804
 0.327179 0.709915 0.924903 0.984123 0.996804
 0.327179 0.709915 0.924903 0.984123 0.996804
 0.327179 0.709915 0.924903 0.984123 0.996804
 0.327179 0.709915 0.924903 0.984123 0.996804
 0.327179 0.709915 0.924903 0.984123 0.996804
 0.327179 0.709915 0.924903 0.984123 0.996804
 0.327179 0.709915 0.924903 0.984123 0.996804
 0.327179 0.709915 0.924903 0.984123 0.996804
 0.327179 0.709915 0.924903 0.984123 0.996804
 0.327179 0.709915 0.924903 0.984123 0.996804
 0.327179 0.709915 0.924903 0.984123 0.996804
 0.327179 0.709915 0.924903 0.984123 0.996804
 0.327179 0.709915 0.924903 0.984123 0.996804
 0.327179 0.709915 0.924903 0.984123 0.996804
 0.327179 0.709915 0.924903 0.984123 0.996804
 0.327179 0.709915 0.924903 0.984123 0.996804
 0.327179 0.709915 0.924903 0.984123 0.996804
 0.327179 0.709915 0.924903 0.984123 0.996804
 0.327179 0.709915 0.924903 0.984123 0.996804
 0.327179 0.709915 0.924903 0.984123 0.996804
 0.327179 0.709915 0.924903 0.984123 0.996804
 0.327179 0.709915 0.924903 0.984123 0.996804
 0.327179 0.709915 0.924903 0.984123 0.996804
 0.327179 0.709915 0.924903 0.984123 0.996804
 0.327179 0.709915 0.924903 0.984123 0.996804
 0.327179 0.709915 0.924903 0.984123 0.996804
 0.327179 0.709915 0.924903 0.984123 0.996804
 0.327179 0.709915 0.924903 0.984123 0.996804
pf_obs 
 0.8446 0.082 0.0669 0.0065 0
 0.8095 0.147 0.0364 0.0071 0
 0.9664 0.0169 0.016 0.0007 0
 0.9276 0.0648 0.0075 0.0001 0
 0.7033 0.2144 0.0806 0.0017 0
 0.9318 0.0425 0.0243 0.0014 0
 0.5671 0.3108 0.0964 0.0239 0.0018
 0.0768 0.2599 0.5324 0.112 0.0189
 0.490249 0.384438 0.106611 0.0170017 0.00170017
 0.7925 0.1577 0.0466 0.003 0.0002
 0.840416 0.127587 0.0312969 0.00059994 9.999e-05
 0.8084 0.0986 0.0794 0.0134 0.0002
 0.7335 0.1905 0.0724 0.0035 0.0001
 0.4001 0.4547 0.1325 0.0127 0
 0.49795 0.308269 0.164784 0.0264974 0.00249975
 0.9179 0.0499 0.0305 0.0017 0
 0.2467 0.6533 0.0926 0.0074 0
 0.9418 0.0223 0.034 0.0019 0
 0.707729 0.231977 0.0356964 0.0245975 0
 0.517169 0.277429 0.184464 0.0207286 0.00020938
 0.811772 0.124168 0.05621 0.00726502 0.000585176
 0.764997 0.148141 0.077277 0.00933861 0.000247198
 0.163321 0.427699 0.378323 0.0303852 0.000271297
 0.753843 0.0900009 0.118128 0.0371064 0.000921714
 0.721811 0.176058 0.0630433 0.0369309 0.00215725
 0.143369 0.312575 0.442814 0.0836902 0.0175525
 0.692698 0.0596174 0.167031 0.0765114 0.00414204
 0.394062 0.376323 0.152708 0.0712218 0.00568511
 0.125707 0.32114 0.495352 0.0537591 0.00404204
 0.23352 0.215282 0.420074 0.123614 0.00750983
 0.796117 0.104755 0.0508955 0.0450114 0.00322123
 0.162477 0.292055 0.404252 0.121198 0.0200186
 0 0 0 0 0
pf_pred 
 0.13533 0.185256 0.599863 0.0795503 1.11917e-06
 0.267572 0.174324 0.119574 0.387183 0.0513467
 0.940378 0.0287457 0.00734873 0.00504073 0.0184865
 0.47581 0.511478 0.00612923 0.00156692 0.00501655
 0.542299 0.337389 0.117394 0.00140678 0.00151103
 0.987908 0.00971031 0.00175556 0.000610844 1.51824e-05
 0.152071 0.8432 0.00379717 0.000686502 0.000244804
 0.272925 0.239966 0.484393 0.00218136 0.000535007
 0.882882 0.051917 0.0215192 0.0434385 0.000243593
 0.686251 0.299337 0.0063885 0.00264799 0.00537518
 0.933737 0.060503 0.00549497 0.000117275 0.000147282
 0.908167 0.0889864 0.00259953 0.000236093 1.13668e-05
 0.625413 0.360846 0.013315 0.000388967 3.70274e-05
 0.685421 0.255285 0.057119 0.00210766 6.74315e-05
 0.968363 0.0300837 0.00126084 0.000282109 1.07427e-05
 0.956591 0.0429898 0.000398997 1.67224e-05 3.88406e-06
 0.296815 0.691977 0.0110999 0.00010302 5.32055e-06
 0.960523 0.0210055 0.0181769 0.000291573 2.8459e-06
 0.751102 0.245161 0.00198883 0.00172102 2.7876e-05
 0.825016 0.158678 0.016061 0.000130293 0.000114574
 0.756312 0.226301 0.0157664 0.00159584 2.43303e-05
 0.844969 0.137572 0.0162129 0.00112955 0.000116074
 0.205047 0.743824 0.045371 0.005347 0.000410806
 0.84853 0.0579563 0.0874992 0.00533719 0.000677315
 0.751535 0.231323 0.00655875 0.00990204 0.000680644
 0.347103 0.571747 0.0755512 0.00214212 0.00345635
 0.834381 0.090287 0.0659692 0.00871723 0.00064596
 0.756748 0.224773 0.0100738 0.00736051 0.0010447
 0.374054 0.546626 0.0732939 0.00328486 0.00274077
 0.754963 0.138738 0.0928282 0.0124468 0.00102327
 0.675423 0.28373 0.0231273 0.0154742 0.00224542
 0.408337 0.496883 0.082852 0.0067534 0.0051743
 0.867138 0.0811613 0.0434185 0.00723976 0.00104226
pobs_RECLAS
 0 0 0 0 0
 0 0 0 0 0
 0 0 0 0 0
 0 0 0 0 0
 0 0 0 0 0
 0 0 0 0 0
 0 0 0 0 0
 0 0 0 0 0
 0 0 0 0 0
 0 0 0 0 0
 0.991045 0.00858322 0.000360255 1.14367e-05 0
 0.934742 0.0480273 0.0164251 0.00080598 0
 0.827803 0.169806 0.00239088 0 0
 0.941827 0.0461693 0.0120037 0 0
 0.791401 0.0380133 0.147996 0.0225897 0
 0.846168 0.0940531 0.0597789 0 0
 0.134021 0.677848 0.182769 0.00536245 0
 0.80878 0.0450904 0.141981 0.00414843 0
 0.846168 0.0940531 0.0597789 0 0
 0.905697 0.0802665 0.012482 0.00150086 5.37128e-05
 0.989698 0.0102097 9.19794e-05 0 0
 0.975433 0.0193895 0.00387452 0.00125025 5.28907e-05
 0.303575 0.632131 0.0575291 0.00676475 0
 0.966965 0.00978017 0.0227588 0.000495775 0
 0.843318 0.132988 0.00938335 0.0141283 0.000182051
 0.564624 0.303363 0.111486 0.0197234 0.00080311
 0.826376 0.0876187 0.0782897 0.00655872 0.00115652
 0.89761 0.0855135 0.0140674 0.00269457 0.000114338
 0.34875 0.467042 0.161289 0.0227151 0.000203297
 0.318654 0.224769 0.449479 0.00709798 0
 0.937255 0.0296025 0.0250945 0.00804832 0
 0.456809 0.399803 0.12412 0.0192676 0
 0.883104 0.0372192 0.0704036 0.00927362 0
ppred_RECLAS
 0.135657 0.165464 0.614873 0.0840052 1.18899e-06
 0.277765 0.151617 0.119353 0.398146 0.0531195
 0.945171 0.0241998 0.00709996 0.00501727 0.0185117
 0.534505 0.452359 0.00622107 0.00163846 0.00527729
 0.600834 0.283182 0.113079 0.00139603 0.00150854
 0.989096 0.00849373 0.00176231 0.000631726 1.57963e-05
 0.179568 0.815153 0.00421281 0.000784665 0.000281499
 0.279712 0.216303 0.501087 0.00232473 0.000573617
 0.893798 0.0429882 0.0204489 0.0425254 0.000239913
 0.765503 0.221996 0.00543735 0.00232186 0.00474163
 0.941125 0.0530686 0.00553132 0.000121618 0.00015366
 0.922457 0.0747901 0.00250737 0.000234606 1.13634e-05
 0.665436 0.320542 0.013574 0.000408518 3.91234e-05
 0.806565 0.152689 0.0392072 0.00149045 4.79728e-05
 0.975428 0.0231894 0.00111538 0.000257104 9.84968e-06
 0.964347 0.0352572 0.000375539 1.62149e-05 3.78894e-06
 0.338282 0.649638 0.0119592 0.00011435 5.94136e-06
 0.965069 0.0173815 0.0172615 0.000285257 2.80108e-06
 0.795145 0.201283 0.00187395 0.00167062 2.72231e-05
 0.850512 0.133711 0.0155321 0.00012981 0.000114839
 0.785447 0.197123 0.0157611 0.00164352 2.52086e-05
 0.866449 0.116541 0.015762 0.00113133 0.000116959
 0.230635 0.712931 0.0499067 0.00605928 0.000468342
 0.85758 0.0498773 0.086419 0.00543061 0.000693334
 0.77674 0.205457 0.00668537 0.0103982 0.00071907
 0.375837 0.536559 0.0813688 0.00237679 0.00385816
 0.847031 0.0779977 0.0654035 0.00890366 0.000663762
 0.779239 0.201484 0.0103631 0.00780078 0.00111388
 0.401664 0.512735 0.0788994 0.00364295 0.00305792
 0.769313 0.122529 0.0940862 0.0129967 0.00107494
 0.708074 0.250056 0.0233916 0.016124 0.00235385
 0.437916 0.460794 0.0881777 0.00740472 0.0057076
 0.8893 0.0638155 0.0391792 0.00673031 0.000974775
pobs_PELACES
 0 0 0 0 0
 0 0 0 0 0
 0 0 0 0 0
 0 0 0 0 0
 0 0 0 0 0
 0 0 0 0 0
 0 0 0 0 0
 0 0 0 0 0
 0 0 0 0 0
 0 0 0 0 0
 0 0 0 0 0
 0 0 0 0 0
 0 0 0 0 0
 0 0 0 0 0
 0 0 0 0 0
 0 0 0 0 0
 0.505614 0.472636 0.0217494 0 0
 0 0 0 0 0
 0.443492 0.261883 0.143347 0.151278 0
 0.227955 0.32914 0.350689 0.0885471 0.00366901
 0.970185 0.0296113 0.000203453 0 0
 0.997202 0.00247181 0.000326279 0 0
 0.445219 0.490057 0.0546422 0.010081 0
 0.90214 0.0892962 0.00764917 0.000914606 0
 0 0 0 0 0
 0.581667 0.319106 0.0959925 0.00289975 0.000334073
 0.762889 0.0836404 0.116647 0.0363945 0.000428098
 0.88444 0.0763242 0.0277011 0.0115352 0
 0.521256 0.241999 0.230069 0.00667565 0
 0.616807 0.101726 0.260614 0.0208532 0
 0.833518 0.0704572 0.0857862 0.0102388 0
 0.697417 0.212968 0.0787535 0.0105354 0.000325836
 0 0 0 0 0
ppred_PELACES
 0.101207 0.154594 0.652173 0.0920249 1.31136e-06
 0.234568 0.14211 0.126998 0.43755 0.0587739
 0.934213 0.0265362 0.00883831 0.00645064 0.0239622
 0.528846 0.455825 0.00711651 0.0019358 0.0062774
 0.59811 0.274255 0.124325 0.00158523 0.00172465
 0.986576 0.0101317 0.00238645 0.000883528 2.22429e-05
 0.169352 0.824544 0.00483763 0.00093061 0.000336129
 0.226222 0.212248 0.55819 0.00267463 0.000664443
 0.877639 0.0452105 0.0244144 0.0524381 0.00029785
 0.791827 0.195415 0.00543359 0.00239639 0.00492714
 0.930044 0.0622148 0.0073616 0.000167172 0.000212653
 0.915749 0.0808617 0.00307755 0.000297404 1.45031e-05
 0.641781 0.341255 0.0164054 0.000509933 4.91681e-05
 0.856893 0.109802 0.0320078 0.00125669 4.07241e-05
 0.975617 0.0228286 0.00124652 0.000296761 1.14463e-05
 0.962128 0.0373951 0.000452178 2.01647e-05 4.74394e-06
 0.32034 0.665606 0.0139102 0.000137369 7.18596e-06
 0.959855 0.0186996 0.0210819 0.000359823 3.55732e-06
 0.794726 0.201159 0.00212606 0.00195757 3.21161e-05
 0.839782 0.141283 0.0186311 0.000160819 0.00014324
 0.765033 0.213471 0.0193764 0.00208682 3.22257e-05
 0.854394 0.124865 0.0191717 0.00142121 0.000147928
 0.206383 0.727949 0.0578494 0.0072541 0.000564509
 0.829046 0.0549512 0.108086 0.00701507 0.000901719
 0.747878 0.229116 0.00846344 0.0135958 0.000946585
 0.33419 0.561467 0.0966611 0.00291612 0.00476586
 0.81987 0.0859471 0.0818158 0.0115034 0.000863407
 0.745825 0.228922 0.0133668 0.0103919 0.00149396
 0.355098 0.541907 0.0946656 0.00451433 0.00381514
 0.726709 0.136207 0.118733 0.0169396 0.00141058
 0.680233 0.268055 0.0284665 0.0202661 0.00297865
 0.393395 0.485011 0.105364 0.00913825 0.00709174
 0.884841 0.062632 0.0436529 0.00774487 0.00112935
pobs_pel_tallas
 0 0 0 0 0 0 0 0 0 0 0 0 0 0 0 0 0 0 0 0 0 0 0 0 0 0
 0 0 0 0 0 0 0 0 0 0 0 0 0 0 0 0 0 0 0 0 0 0 0 0 0 0
 0 0 0 0 0 0 0 0 0 0 0 0 0 0 0 0 0 0 0 0 0 0 0 0 0 0
 0 0 0 0 0 0 0 0 0 0 0 0 0 0 0 0 0 0 0 0 0 0 0 0 0 0
 0 0 0 0 0 0 0 0 0 0 0 0 0 0 0 0 0 0 0 0 0 0 0 0 0 0
 0 0 0 0 0 0 0 0 0 0 0 0 0 0 0 0 0 0 0 0 0 0 0 0 0 0
 0 0 0 0 0 0 0 0 0 0 0 0 0 0 0 0 0 0 0 0 0 0 0 0 0 0
 0 0 0 0 0 0 0 0 0 0 0 0 0 0 0 0 0 0 0 0 0 0 0 0 0 0
 0 0 0 0 0 0 0 0 0 0 0 0 0 0 0 0 0 0 0 0 0 0 0 0 0 0
 0 0 0 0 0 0 0 0 0 0 0 0 0 0 0 0 0 0 0 0 0 0 0 0 0 0
 0 0 0 0 0 0 0 0 0 0 0 0 0 0 0 0 0 0 0 0 0 0 0 0 0 0
 0 0 0 0 0 0 0 0 0 0 0 0 0 0 0 0 0 0 0 0 0 0 0 0 0 0
 0.00862536 0 0 0.000197151 0.00414017 0.0128641 0.00837892 0.0270097 0.101434 0.158115 0.152841 0.127902 0.109271 0.109419 0.0830992 0.0579132 0.0238553 0.00714673 0.00463305 0.00128148 0.00103504 0.000492878 0.000147863 0.000147863 4.92878e-05 0
 0 0 0 0 0 0 0 0 0 0 0 0 0 0 0 0 0 0 0 0 0 0 0 0 0 0
 0 0 0 0 0 0 0 0.0054083 0.00873648 0.0413646 0.0450493 0.0745869 0.0622846 0.0627006 0.0613931 0.0827291 0.12552 0.122667 0.0946155 0.0697135 0.0546179 0.0294188 0.0215738 0.0213955 0.0102223 0.00600262
 0 0 0 0 0.00359764 0.0251062 0.0480494 0.140153 0.205849 0.193036 0.1447 0.116669 0.0760912 0.0342217 0.00950174 0.001854 0.000860785 0 0 0 0.000165536 0 0.000143464 0 0 0
 0 0 0 0 0 0 0 0.000145254 0.000435761 0.0275982 0.070085 0.0708112 0.156366 0.174668 0.174014 0.160142 0.0824315 0.0480064 0.0283245 0.00493863 0.00203355 0 0 0 0 0
 0 0 0 0 0 0 0 0 0 0 0 0 0 0 0 0 0 0 0 0 0 0 0 0 0 0
 0 0 1.00437e-05 0.000401748 0.00122533 0.00171747 0.00176769 0.0269171 0.070346 0.194647 0.189555 0.159765 0.064822 0.0314167 0.0384472 0.0292271 0.0345202 0.0313363 0.0194345 0.0106764 0.0143323 0.0359363 0.0279516 0.0138201 0.00172751 0
 0 0.0021121 0.0136068 0.0755702 0.200478 0.177729 0.0527432 0.0373336 0.0318909 0.0142505 0.0149659 0.0166563 0.0217959 0.0798694 0.0677717 0.0528807 0.04013 0.0224614 0.0357745 0.0225083 0.00881397 0.00855152 0.00135912 0.000746735 0 0
 0 0 0 0 5.4009e-05 0.00500934 0.000945158 0.0243581 0.138947 0.33067 0.221406 0.137944 0.0707744 0.0437923 0.0131692 0.00525238 0.0047753 0.00276346 9.45158e-05 9.00151e-06 2.25038e-05 9.00151e-06 4.50075e-06 0 0 0
 0.000866109 0.00284123 0.00948549 0.0512746 0.133035 0.25785 0.225252 0.132002 0.0553304 0.0519788 0.0540692 0.017754 0.00435017 0.00159236 0.00146478 0.000404838 0.000125132 0.000115318 0.000107957 0.000100596 0 0 0 0 0 0
 0 0 0 0 0.00144013 0.00171154 0.00461396 0.0210425 0.0478622 0.0707936 0.0888783 0.103762 0.0637923 0.0337046 0.0602308 0.124433 0.169614 0.0934646 0.0462172 0.0250306 0.0313229 0.00938855 0.002487 0.000210481 0 0
 0 0.00764035 0.051015 0.0998891 0.058973 0.0496711 0.0374665 0.0718981 0.12319 0.153886 0.159021 0.0857701 0.0377988 0.023471 0.0147837 0.00900784 0.00315554 0.000888139 0.00291439 0.00214683 0.00393193 0.00274676 0.000635225 9.99891e-05 0 0
 0 0 0 0 0 0 0 0 0 0 0 0 0 0 0 0 0 0 0 0 0 0 0 0 0 0
 0 0 0 0 0 0 0 0 0 0 0 0 0 0 0 0 0 0 0 0 0 0 0 0 0 0
 0 0 0 0 0 0 0 0 0 0 0 0 0 0 0 0 0 0 0 0 0 0 0 0 0 0
 0 0 0 0 0 0 0 0 0 0 0 0 0 0 0 0 0 0 0 0 0 0 0 0 0 0
 0 0 0 0 0 0 0 0 0 0 0 0 0 0 0 0 0 0 0 0 0 0 0 0 0 0
 0 0 0 0 0 0 0 0 0 0 0 0 0 0 0 0 0 0 0 0 0 0 0 0 0 0
 0 0 0 0 0 0 0 0 0 0 0 0 0 0 0 0 0 0 0 0 0 0 0 0 0 0
 0 0 0 0 0 0 0 0 0 0 0 0 0 0 0 0 0 0 0 0 0 0 0 0 0 0
 0 0 0 0 0 0 0 0 0 0 0 0 0 0 0 0 0 0 0 0 0 0 0 0 0 0
ppred_pel_tallas
 1.28089e-16 8.33633e-06 8.10321e-05 0.000538487 0.0024479 0.00761639 0.0162281 0.0236887 0.0237046 0.0163063 0.00788181 0.00322734 0.00254342 0.00461811 0.00909481 0.016248 0.0262617 0.0389834 0.054069 0.0710837 0.0891802 0.1065 0.119993 0.126244 0.123005 0.110446
 1.57528e-16 1.93211e-05 0.000187808 0.00124805 0.00567347 0.0176524 0.0376107 0.0548969 0.0549109 0.0376794 0.0178841 0.0063476 0.00295879 0.00398638 0.00743015 0.0127953 0.0197788 0.0279058 0.0369216 0.0472719 0.0600135 0.0759469 0.0944842 0.113119 0.127989 0.135289
 1.04964e-16 7.69499e-05 0.00074798 0.00497059 0.0225956 0.0703033 0.149789 0.218621 0.218624 0.149801 0.0703455 0.0227179 0.00527844 0.00142292 0.00136777 0.00216446 0.00317376 0.00413592 0.00485874 0.00529452 0.00558449 0.00597173 0.00663634 0.00757218 0.00858056 0.00936507
 1.01579e-16 4.35604e-05 0.000423423 0.00281379 0.0127911 0.0397982 0.0847959 0.123771 0.123815 0.08501 0.0405171 0.0148663 0.0080182 0.0117697 0.0215484 0.0354402 0.0507803 0.0632951 0.0686657 0.0649133 0.053617 0.038927 0.0251881 0.0149877 0.00873485 0.00546876
 1.04109e-16 4.92656e-05 0.000478879 0.00318232 0.0144664 0.0450104 0.0959004 0.139975 0.140002 0.0960303 0.0454468 0.0157284 0.00635633 0.00742792 0.0133054 0.0220703 0.0321381 0.0411344 0.0466327 0.0474474 0.0442421 0.0389062 0.0332604 0.0281638 0.0235567 0.0190886
 1.00164e-16 8.1263e-05 0.000789905 0.0052492 0.0238621 0.0742438 0.158184 0.230875 0.230876 0.158189 0.0742599 0.0239085 0.00536574 0.00104459 0.000565769 0.000808816 0.00116217 0.00147168 0.00164114 0.00162798 0.00146316 0.00122754 0.00100085 0.000823306 0.000692553 0.000586018
 1.00501e-16 1.39495e-05 0.000135594 0.000901072 0.00409619 0.0127452 0.0271579 0.0396544 0.0397337 0.0275453 0.0140452 0.00784878 0.0103116 0.0206492 0.0388855 0.0640339 0.0917027 0.114184 0.123633 0.116441 0.0954505 0.0681894 0.0425768 0.023388 0.0114753 0.00520228
 1.16544e-16 1.86337e-05 0.000181126 0.00120365 0.00547161 0.0170243 0.0362729 0.0529458 0.0529671 0.0363772 0.0173769 0.00650034 0.00382471 0.00603098 0.0115023 0.0199566 0.0309942 0.0436286 0.0566629 0.0692151 0.0807134 0.0902948 0.0963158 0.0967349 0.090283 0.0775029
 1.06026e-16 7.229e-05 0.000702684 0.00466958 0.0212273 0.0660459 0.140718 0.205383 0.205387 0.140739 0.0661184 0.0214372 0.00519907 0.00186705 0.00230949 0.00377409 0.00560252 0.00742803 0.00894966 0.0100825 0.0110122 0.0120342 0.0132894 0.0146088 0.0155788 0.0157635
 1.01281e-16 6.52218e-05 0.000633979 0.00421302 0.0191518 0.0595884 0.12696 0.185306 0.185325 0.127052 0.0598967 0.0200418 0.0064453 0.00550149 0.00929317 0.0152177 0.0218163 0.0272284 0.0296097 0.0281205 0.0234401 0.0173402 0.0116633 0.00748941 0.00496134 0.00364004
 1.00282e-16 7.66065e-05 0.000744642 0.00494841 0.0224948 0.0699896 0.14912 0.217647 0.217653 0.14915 0.0700879 0.0227787 0.00566098 0.00229967 0.00302831 0.00488089 0.00701327 0.00879641 0.00964469 0.00928659 0.00792087 0.00608063 0.00431698 0.00294824 0.00201832 0.00141382
 1.00142e-16 7.5429e-05 0.000733197 0.00487235 0.022149 0.0689138 0.146829 0.214302 0.21431 0.146867 0.0690414 0.0225173 0.00579618 0.00274765 0.00389455 0.00630151 0.0090288 0.0112662 0.0122443 0.0116094 0.00963441 0.00704451 0.00459859 0.00274868 0.00157004 0.000905489
 1.00621e-16 5.28627e-05 0.000513844 0.00341468 0.0155226 0.0482969 0.102903 0.150197 0.150229 0.103063 0.0488354 0.0170774 0.00731458 0.00901856 0.0161789 0.0265949 0.0381443 0.0476253 0.0518102 0.0492056 0.0409547 0.0301 0.0198239 0.012018 0.00699677 0.00410845
 1.01085e-16 7.05812e-05 0.000686074 0.0045592 0.0207255 0.0644847 0.137392 0.20053 0.20054 0.137444 0.0646589 0.0212288 0.00582366 0.00345015 0.00533097 0.00872955 0.0126328 0.0160173 0.0178828 0.0177527 0.015934 0.0132713 0.0106094 0.00839447 0.00664902 0.00520239
 1.00074e-16 8.03603e-05 0.00078113 0.00519089 0.023597 0.0734191 0.156427 0.228311 0.228313 0.156438 0.0734551 0.023701 0.00545185 0.00135029 0.00115973 0.00178596 0.00255523 0.00319257 0.00347812 0.00331236 0.00277183 0.00205937 0.00138619 0.000876503 0.000548913 0.000358075
 1.00026e-16 7.92492e-05 0.00077033 0.00511912 0.0232708 0.072404 0.154265 0.225154 0.225158 0.154282 0.072463 0.023441 0.00554599 0.0017009 0.00184277 0.00291101 0.00416215 0.00518415 0.00561681 0.0052961 0.00435036 0.0031198 0.00196208 0.00109259 0.000549569 0.000259499
 1.00587e-16 2.63861e-05 0.000256482 0.00170442 0.00774808 0.0241075 0.0513659 0.0749835 0.0750475 0.0516787 0.0251572 0.0107784 0.00930451 0.0168259 0.031431 0.0517525 0.0741549 0.0924206 0.10023 0.0946678 0.0780041 0.0562645 0.0357772 0.0203429 0.0106294 0.00534053
 1.0065e-16 7.9062e-05 0.000768511 0.00510702 0.0232158 0.072233 0.1539 0.224622 0.224624 0.153909 0.0722631 0.0233033 0.00532795 0.00125524 0.00101644 0.00158897 0.0023593 0.00312802 0.0037439 0.00412705 0.00429322 0.00430761 0.00421056 0.0039859 0.00359523 0.00303614
 1.00315e-16 6.54605e-05 0.0006363 0.00422844 0.0192219 0.0598065 0.127425 0.185984 0.186004 0.127519 0.0601237 0.0201375 0.00652477 0.00564233 0.00955257 0.0156357 0.0223931 0.0278986 0.0302394 0.0285382 0.0234892 0.016924 0.0107641 0.0061595 0.00330287 0.0017844
 1.00615e-16 6.91717e-05 0.000672374 0.00446816 0.0203116 0.0631971 0.134649 0.196526 0.19654 0.134715 0.0634204 0.0209566 0.00608698 0.00420551 0.0067769 0.0110876 0.0159492 0.0200198 0.0219775 0.0212051 0.0181483 0.0140073 0.0100217 0.00690536 0.00475681 0.00332651
 1.00829e-16 6.30148e-05 0.000612527 0.00407046 0.0185037 0.057572 0.122664 0.179036 0.179057 0.122764 0.0579092 0.0194773 0.00651344 0.00594244 0.0101762 0.0166988 0.0239904 0.0300429 0.0328521 0.0314881 0.0266475 0.0201879 0.0140352 0.00930984 0.00617109 0.00421436
 1.00753e-16 7.03754e-05 0.000684074 0.00454591 0.0206651 0.0642967 0.136991 0.199945 0.199957 0.13705 0.0644942 0.0212354 0.00597769 0.00380976 0.0060068 0.00981928 0.0141379 0.0177759 0.0195709 0.0189803 0.0163938 0.0128586 0.00944919 0.00677348 0.0049017 0.00360846
 1.02679e-16 1.69997e-05 0.000165243 0.0010981 0.00499185 0.0155319 0.0330949 0.0483176 0.0483877 0.0334373 0.0166814 0.00831104 0.00942593 0.0183323 0.034482 0.0568797 0.0817012 0.102243 0.111671 0.106817 0.0900754 0.0678237 0.0466834 0.0305209 0.0198973 0.013413
 1.0399e-16 6.82874e-05 0.000663778 0.00441104 0.0200519 0.0623891 0.132927 0.194011 0.194017 0.132953 0.0624792 0.0203144 0.00507728 0.00214304 0.00295031 0.00495839 0.00757515 0.0104378 0.0131921 0.0156219 0.0176769 0.0193188 0.0203463 0.0204068 0.0192151 0.0167941
 1.01827e-16 6.16018e-05 0.000598791 0.00397918 0.0180888 0.0562811 0.119914 0.175022 0.175044 0.120021 0.0566426 0.0191327 0.00659792 0.00631011 0.0108927 0.0178699 0.0256431 0.0320558 0.0349615 0.0333877 0.0281318 0.0212519 0.0148676 0.0101881 0.00732521 0.00573106
 1.04032e-16 2.75269e-05 0.000267571 0.00177811 0.00808305 0.0251497 0.053586 0.0782217 0.0782759 0.0538506 0.026038 0.010649 0.00821989 0.0143329 0.0267482 0.0441964 0.0637062 0.0801907 0.0884567 0.0860678 0.0747559 0.0591854 0.0441267 0.0322593 0.0238709 0.017956
 1.03683e-16 6.75316e-05 0.000656432 0.00436222 0.01983 0.0616986 0.131456 0.191865 0.191874 0.131497 0.0618368 0.0202307 0.00537321 0.00288108 0.00434424 0.00720984 0.0106935 0.0141017 0.0167548 0.0183084 0.0188884 0.0188727 0.0185209 0.0177902 0.0164638 0.0144238
 1.0174e-16 6.14327e-05 0.000597147 0.00396826 0.0180391 0.0561265 0.119584 0.174541 0.174563 0.119692 0.0564879 0.0190826 0.00658626 0.00630784 0.0108942 0.0178795 0.0256728 0.0321244 0.0350921 0.0335989 0.0284261 0.0216064 0.015233 0.0105014 0.00753099 0.00580171
 1.03969e-16 2.9249e-05 0.000284311 0.00188935 0.00858874 0.026723 0.0569382 0.0831139 0.0831662 0.0571935 0.0275804 0.0110655 0.00810732 0.0138614 0.0258237 0.0426679 0.0615107 0.0774443 0.0854599 0.0832078 0.0723574 0.0574024 0.0429334 0.0315218 0.0234338 0.0176959
 1.05399e-16 5.98581e-05 0.000581842 0.00386654 0.0175768 0.0546879 0.116519 0.170065 0.170079 0.116584 0.0549066 0.0182104 0.00546473 0.00409591 0.00680755 0.0113521 0.0167959 0.0220561 0.0260403 0.0281992 0.028756 0.0283647 0.0275122 0.0262011 0.0241264 0.0210911
 1.03427e-16 5.603e-05 0.000544631 0.00361927 0.0164527 0.0511905 0.109068 0.159193 0.159219 0.109194 0.0516142 0.0176763 0.0066902 0.00724713 0.0127815 0.0210328 0.0302741 0.0380365 0.0418484 0.0405865 0.0351521 0.0278636 0.0210668 0.0160382 0.0128148 0.0107399
 1.05282e-16 3.24035e-05 0.000314974 0.00209311 0.00951503 0.029605 0.0630784 0.0920745 0.0921213 0.0633071 0.0303731 0.0117343 0.00766627 0.0124897 0.0231791 0.0383322 0.0553622 0.0699195 0.0775669 0.076222 0.0673478 0.0548695 0.0427465 0.03312 0.0261119 0.0208171
 1.02244e-16 7.28832e-05 0.00070845 0.0047079 0.0214014 0.0665879 0.141873 0.207069 0.207075 0.141903 0.0666881 0.0216916 0.00543892 0.00231322 0.00314687 0.00515562 0.00757977 0.00986588 0.0114935 0.01221 0.0121451 0.0116553 0.0110368 0.0103537 0.00949161 0.00833668
pSPR Fmed_Fpbrs
1   0.98269 0.6 0.325 0.98269 0.98269 0.98269
Fs Fmed_Fpbrs
0   0.01 0.329519 0.837467 0.01 0.01 0.01
SSBpbr Bo_Bmed_Bpbrs
247808  235418  231129 136295 68147.3 231129 231128 231128
Ro
67919.2
SPR SPRFo_SPRFmed_SPRFpbrs
489313 489313 480843
Fref
0
Nvult_r0
 64570 4726.82 2528.69 421.642 60.7012
CTP_r0
 33349.9 3121.44 1669.86 278.439 40.0851
YTP_r0
356254
Np
 73913.4 27191.2 10003.1 3679.93 1851.8
Nvult_p0
 46722.2 17188.1 6323.16 2326.16 1170.56
CTP_p0
 0 0 0 0 0
 0 0 0 0 0
 0 0 0 0 0
 0 0 0 0 0
 0 0 0 0 0
 0 0 0 0 0
YTP_p0
 0 0 0 0 0 0
CBA_c0
0
log_Ro
10.9461
likeval ReclasPelacesDesembMPH_pf_preclas_ppelaces_ptallas_desvR_qrecl_qpela
 24.3719 17.6064 0.16108 48.1382 281.745 140.762 127.018 0 49.7962 0.000170759 0.000316772 0.00866336 2070.44 0 0
q_reclas_q_pelaces
6.34725 12.3917
M
1
N
 25241.9 20172.5 65319 8662.22 0.121866
 17948.2 7707.65 5286.93 17119.2 2270.28
 174044 3508.19 896.857 615.183 2256.14
 44777.9 33963.3 406.995 104.047 333.111
 14070.4 6370.05 2216.45 26.5606 28.529
 280136 1690.28 305.59 106.33 2.64281
 19177.2 72137.2 324.854 58.7314 20.9434
 6213.22 3302.95 6667.29 30.0247 7.36396
 42255.5 1687.58 699.49 1411.98 7.91807
 21221.6 7240.79 154.534 64.0534 130.022
 38764.9 1554.7 141.2 3.01351 3.7846
 147625 9690.26 283.079 25.7096 1.2378
 70415.2 26907.1 992.858 29.0041 2.76102
 42811.7 13488.6 3018.02 111.363 3.56291
 59999.7 1346.27 56.4239 12.6246 0.480746
 245033 7523.6 69.828 2.92658 0.679745
 26010.2 40845 655.186 6.08091 0.314053
 314046 4627.05 4003.98 64.2271 0.62689
 239253 55811 452.759 391.792 6.346
 243295 31802.6 3219 26.1137 22.9633
 211024 41556.9 2895.26 293.053 4.4679
 379853 41512.1 4892.23 340.841 35.0252
 29431.3 68635.8 4186.57 493.39 37.9068
 144952 6372.04 9620.16 586.8 74.4679
 160130 31241 885.782 1337.31 91.9234
 35641 36632.6 4840.66 137.248 221.453
 124065 8648.94 6319.44 835.057 61.879
 144966 26633.3 1193.64 872.147 123.786
 40478.5 36324.6 4870.55 218.286 182.13
 90788.8 10410.8 6965.76 933.998 76.7857
 79935.1 22029.6 1795.66 1201.46 174.34
 20896.8 15936.1 2657.25 216.597 165.951
 73913.4 4989.44 2669.18 445.069 64.0738
pred_Ctot
 2753.5 3769.34 12205.2 1618.58 0.0227714
 5594.1 3644.57 2499.92 8094.8 1073.5
 54353.6 1661.49 424.755 291.353 1068.52
 18712.6 20115.3 241.049 61.6235 197.29
 6538.15 4067.68 1415.34 16.9606 18.2175
 54687 537.527 97.1812 33.814 0.840443
 6849.2 37977.2 171.022 30.9196 11.0258
 1053.42 926.21 1869.64 8.4195 2.06499
 15165.2 891.773 369.634 746.139 4.18418
 12142.5 5296.44 113.037 46.8532 95.1077
 8103.23 525.062 47.6869 1.01774 1.27816
 49802.5 4879.88 142.555 12.947 0.623338
 22479.1 12969.8 478.579 13.9806 1.33087
 29479.4 10979.6 2456.64 90.6485 2.90017
 27202.2 845.077 35.4182 7.92468 0.301772
 90219.1 4054.51 37.6307 1.57715 0.366318
 8998.38 20978.3 336.509 3.12321 0.1613
 108756 2378.36 2058.1 33.0136 0.32223
 104649 34157.4 277.098 239.785 3.88388
 87582.1 16844.9 1705.01 13.8317 12.163
 65260.3 19527 1360.44 137.701 2.0994
 129322 21055.4 2481.38 172.878 17.7651
 7989.21 28981.5 1767.78 208.334 16.0062
 39616.4 2705.88 4085.19 249.184 31.6227
 39773.3 12242.3 347.107 524.043 36.0215
 7930.66 13063.4 1726.21 48.9434 78.9712
 34108.3 3690.81 2696.73 356.348 26.406
 30143.3 8953.28 401.264 293.188 41.613
 7925.25 11581.6 1552.91 69.5977 58.0699
 20205.6 3713.15 2484.42 333.122 27.3866
 24312.7 10213.2 832.497 557.013 80.8267
 4800.98 5842.06 974.125 79.4024 60.8363
 33349.9 3121.44 1669.86 278.439 40.0851
F
 0.18629 0.339084 0.339084 0.339084 0.339084
 0.632391 1.15107 1.15107 1.15107 1.15107
 0.634029 1.15405 1.15405 1.15405 1.15405
 0.950106 1.72937 1.72937 1.72937 1.72937
 1.11918 2.03712 2.03712 2.03712 2.03712
 0.356704 0.64927 0.64927 0.64927 0.64927
 0.758908 1.38136 1.38136 1.38136 1.38136
 0.303386 0.55222 0.55222 0.55222 0.55222
 0.764005 1.39063 1.39063 1.39063 1.39063
 1.61374 2.93731 2.93731 2.93731 2.93731
 0.386394 0.703311 0.703311 0.703311 0.703311
 0.702283 1.27829 1.27829 1.27829 1.27829
 0.652563 1.18779 1.18779 1.18779 1.18779
 2.45947 4.47671 4.47671 4.47671 4.47671
 1.07629 1.95906 1.95906 1.95906 1.95906
 0.79161 1.44088 1.44088 1.44088 1.44088
 0.726569 1.32249 1.32249 1.32249 1.32249
 0.727568 1.32431 1.32431 1.32431 1.32431
 1.01797 1.8529 1.8529 1.8529 1.8529
 0.767213 1.39647 1.39647 1.39647 1.39647
 0.625987 1.13942 1.13942 1.13942 1.13942
 0.710971 1.2941 1.2941 1.2941 1.2941
 0.530138 0.964953 0.964953 0.964953 0.964953
 0.534672 0.973204 0.973204 0.973204 0.973204
 0.47505 0.864681 0.864681 0.864681 0.864681
 0.416059 0.757307 0.757307 0.757307 0.757307
 0.53864 0.980428 0.980428 0.980428 0.980428
 0.384002 0.698957 0.698957 0.698957 0.698957
 0.357922 0.651487 0.651487 0.651487 0.651487
 0.41615 0.757473 0.757473 0.757473 0.757473
 0.612625 1.11509 1.11509 1.11509 1.11509
 0.432272 0.786818 0.786818 0.786818 0.786818
 1.06822 1.94436 1.94436 1.94436 1.94436
YTP_r0W_actual
 251458 54469.1 40193.6 8720.7 1413
YTP_p0W_proyectada
 0 0 0 0 0
 0 0 0 0 0
 0 0 0 0 0
 0 0 0 0 0
 0 0 0 0 0
 0 0 0 0 0
CTP_r0_actual
 33349.9 3121.44 1669.86 278.439 40.0851
CTP_p0_proyectada
 0 0 0 0 0
 0 0 0 0 0
 0 0 0 0 0
 0 0 0 0 0
 0 0 0 0 0
 0 0 0 0 0
Wmedp
 7.54 17.45 24.07 31.32 35.25
Frms_r0
 1.06822 1.94436 1.94436 1.94436 1.94436
Zrms_r0
 2.06822 2.94436 2.94436 2.94436 2.94436
nmprior
 7.29 8.9 8.7 0
nm_flota  nm_reclas  nm_pelaces    nm_pelaL
inf 14.6895 5.84371 11.8403
cv_recla  cv_pelaces  cv_mph
0.427538 0.459648 0.556291
 ------------------------------------------------
Talla a la edad & desviaci?n 
 8 13.2811 15.8009 17.003 17.5766
 0.8 1.32811 1.58009 1.7003 1.75766
