years
 1991 1992 1993 1994 1995 1996 1997 1998 1999 2000 2001 2002 2003 2004 2005 2006 2007 2008 2009 2010 2011 2012 2013 2014 2015 2016 2017 2018 2019 2020 2021 2022 2023
reclasobs
 0 0 0 0 0 0 0 0 0 252601 567819 844713 477998 351125 339783 2.1784e+06 2.13404e+06 4.81314e+06 1.55562e+06 2.62356e+06 3.21686e+06 3.843e+06 1.13348e+06 3.07943e+06 1.97215e+06 2.03268e+06 2.025e+06 2.42433e+06 2.27542e+06 1.05018e+06 2.36338e+06 3.18982e+06 1.53035e+06
reclaspred
 3.01658e+06 1.70204e+06 901392 967781 1.01544e+06 1.48772e+06 1.02623e+06 978074 732452 570752 623897 731389 578445 315273 605420 1.2539e+06 1.29413e+06 2.14857e+06 1.85347e+06 1.73296e+06 3.25491e+06 2.63435e+06 2.16979e+06 3.09062e+06 2.41799e+06 2.17881e+06 2.50519e+06 2.73263e+06 2.43545e+06 1.86739e+06 1.72607e+06 1.71049e+06 1.6474e+06
pelacesobs
 0 0 0 0 0 0 0 0 0 0 0 0 0 0 0 552880 188675 0 991730 2.46772e+06 1.41603e+06 1.21717e+06 2.29649e+06 1.80582e+06 0 1.4828e+06 1.56532e+06 1.57751e+06 1.42118e+06 867257 1.10002e+06 1.06204e+06 0
pelacespred
 1.65353e+06 1.04819e+06 554719 486712 523615 797925 535698 594154 446435 335315 366917 369670 312164 173500 359197 616588 628841 1.16363e+06 1.06344e+06 891349 1.66292e+06 1.49919e+06 1.21419e+06 1.8648e+06 1.4139e+06 1.25922e+06 1.65751e+06 1.63301e+06 1.30428e+06 1.15123e+06 963118 940789 918383
mphobs
 0 0 0 0 0 0 0 0 0 0 0 0 498337 0 5186 125008 0 168611 109162 213762 579715 649985 157893 87575 83554 210694 70296 0 107559 103333 445601 22526 28222
mphpred
 511417 343151 173089 100815 121054 138593 174006 123160 111025 82668.2 58541.2 83457.5 89214.7 55047.9 25756.8 68868.6 166861 167337 224549 328825 444245 551392 108227 93796.5 126683 104600 91385.6 97839.6 136183 109483 73129.3 76579.6 52489.2
desembarqueobs
 494567 514787 250237 358949 120608 361735 552515 73892 212993 205616 52469 317467 293654 387597 252695 516296 358380 742168 942051 627588 828172 859565 418607 520667 417249 300574 415391 372974 316634 284311 391294 218835 356480
desembarquepred
 494570 513124 251105 358980 120613 361759 552584 73895.4 213033 205653 52470.6 317502 293832 388073 252686 516280 358411 742141 941915 627471 828249 859635 418637 520713 417250 300587 415409 372972 316626 284296 391316 218850 356497
Reclutas
 238424 124326 167720 271825 231042 341248 152566 82235 72381.9 95743.2 189672 193610 96345.6 55633.1 176436 589815 148344 668250 528199 540479 687380 859750 192967 533180 516167 213962 480559 582296 230108 211596 274090 152960 363922
log_desv_Rt
 -0.0294671 -0.680611 -0.381221 0.101643 -0.0609173 0.329092 -0.47592 -1.09394 -1.22156 -0.941847 -0.258221 -0.237672 -0.935575 -1.48474 -0.330556 0.876293 -0.503984 1.00115 0.765957 0.78894 1.02937 1.25312 -0.240996 0.775343 0.742914 -0.137719 0.671434 0.863462 -0.0649676 -0.148836 0.109941 -0.47334 0.393423
SSB
 4.54549e+06 3.04994e+06 1.53842e+06 896047 1.07593e+06 1.23182e+06 1.54657e+06 1.09465e+06 986789 734757 520316 741773 761997 480544 222639 595680 1.48307e+06 1.48729e+06 2.05094e+06 1.71806e+06 2.37292e+06 3.06187e+06 2.89644e+06 2.42891e+06 3.09895e+06 2.69992e+06 2.23619e+06 2.31447e+06 3.32758e+06 2.53356e+06 1.89864e+06 2.04073e+06 1.30109e+06
BT
 5.99205e+06 4.04317e+06 2.1242e+06 1.9406e+06 1.8567e+06 2.98937e+06 2.31148e+06 2.05984e+06 1.7161e+06 1.32696e+06 1.28105e+06 1.5139e+06 1.31798e+06 991311 1.46033e+06 2.50994e+06 2.39928e+06 4.56307e+06 4.505e+06 3.56422e+06 6.23715e+06 5.87886e+06 4.45004e+06 6.74954e+06 5.15096e+06 4.49828e+06 5.99426e+06 5.85022e+06 4.64541e+06 4.14253e+06 3.60265e+06 3.34457e+06 3.40638e+06
Ftot
 0.100211 0.180015 0.174028 0.274672 0.083536 0.184742 0.344962 0.0517297 0.199659 0.246225 0.0687031 0.313653 0.335977 0.814373 0.402199 0.376553 0.187369 0.278436 0.376256 0.277162 0.192158 0.240156 0.125416 0.132665 0.121355 0.0926627 0.130103 0.112999 0.0825917 0.101329 0.166094 0.0854019 0.171993
BD_Bspro_t
 0.984197 0.888349 0.768871 0.713149 0.725076 0.783887 0.766252 0.657891 0.715025 0.692242 0.677258 0.80721 0.708097 0.55476 0.377412 0.606046 0.705661 0.688401 0.703613 0.638155 0.666129 0.71481 0.730407 0.730407 0.798042 0.812762 0.816632 0.835543 0.871152 0.841099 0.815143 0.81284 0.811646
BD_Bspro
 2.56945 1.72405 0.869627 0.506512 0.608197 0.696316 0.874233 0.618775 0.557806 0.415339 0.294121 0.419305 0.430737 0.271639 0.125852 0.336722 0.838341 0.840729 1.15934 0.971175 1.34135 1.7308 1.63728 1.373 1.75176 1.5262 1.26406 1.30831 1.88099 1.43216 1.07325 1.15357 0.735472
BD_Bo
 2.41634 1.62132 0.817807 0.47633 0.571955 0.654824 0.822139 0.581903 0.524567 0.39059 0.276595 0.394319 0.40507 0.255452 0.118353 0.316657 0.788385 0.790631 1.09026 0.913304 1.26142 1.62766 1.53972 1.29119 1.64737 1.43525 1.18874 1.23035 1.76891 1.34682 1.0093 1.08483 0.691646
BD_Brms
 2.58828 1.73669 0.876003 0.510225 0.612656 0.701421 0.880643 0.623312 0.561896 0.418384 0.296277 0.422379 0.433895 0.273631 0.126775 0.339191 0.844487 0.846893 1.16784 0.978295 1.35118 1.74349 1.64929 1.38307 1.7646 1.53739 1.27333 1.3179 1.89479 1.44266 1.08112 1.16203 0.740864
Sel_flota
 0.493954 0.948839 0.99717 0.999851 0.999992
 0.493954 0.948839 0.99717 0.999851 0.999992
 0.493954 0.948839 0.99717 0.999851 0.999992
 0.493954 0.948839 0.99717 0.999851 0.999992
 0.493954 0.948839 0.99717 0.999851 0.999992
 0.493954 0.948839 0.99717 0.999851 0.999992
 0.493954 0.948839 0.99717 0.999851 0.999992
 0.493954 0.948839 0.99717 0.999851 0.999992
 0.493954 0.948839 0.99717 0.999851 0.999992
 0.493954 0.948839 0.99717 0.999851 0.999992
 0.493954 0.948839 0.99717 0.999851 0.999992
 0.493954 0.948839 0.99717 0.999851 0.999992
 0.493954 0.948839 0.99717 0.999851 0.999992
 0.493954 0.948839 0.99717 0.999851 0.999992
 0.493954 0.948839 0.99717 0.999851 0.999992
 0.493954 0.948839 0.99717 0.999851 0.999992
 0.493954 0.948839 0.99717 0.999851 0.999992
 0.493954 0.948839 0.99717 0.999851 0.999992
 0.493954 0.948839 0.99717 0.999851 0.999992
 0.493954 0.948839 0.99717 0.999851 0.999992
 0.493954 0.948839 0.99717 0.999851 0.999992
 0.493954 0.948839 0.99717 0.999851 0.999992
 0.493954 0.948839 0.99717 0.999851 0.999992
 0.493954 0.948839 0.99717 0.999851 0.999992
 0.493954 0.948839 0.99717 0.999851 0.999992
 0.493954 0.948839 0.99717 0.999851 0.999992
 0.493954 0.948839 0.99717 0.999851 0.999992
 0.493954 0.948839 0.99717 0.999851 0.999992
 0.493954 0.948839 0.99717 0.999851 0.999992
 0.493954 0.948839 0.99717 0.999851 0.999992
 0.493954 0.948839 0.99717 0.999851 0.999992
 0.493954 0.948839 0.99717 0.999851 0.999992
 0.493954 0.948839 0.99717 0.999851 0.999992
Sel_reclas
 1 1 1 1 1
 1 1 1 1 1
 1 1 1 1 1
 1 1 1 1 1
 1 1 1 1 1
 1 1 1 1 1
 1 1 1 1 1
 1 1 1 1 1
 1 1 1 1 1
 1 1 1 1 1
 1 1 1 1 1
 1 1 1 1 1
 1 1 1 1 1
 1 1 1 1 1
 1 1 1 1 1
 1 1 1 1 1
 1 1 1 1 1
 1 1 1 1 1
 1 1 1 1 1
 1 1 1 1 1
 1 1 1 1 1
 1 1 1 1 1
 1 1 1 1 1
 1 1 1 1 1
 1 1 1 1 1
 1 1 1 1 1
 1 1 1 1 1
 1 1 1 1 1
 1 1 1 1 1
 1 1 1 1 1
 1 1 1 1 1
 1 1 1 1 1
 1 1 1 1 1
Sel_pelaces
 1 1 1 1 1
 1 1 1 1 1
 1 1 1 1 1
 1 1 1 1 1
 1 1 1 1 1
 1 1 1 1 1
 1 1 1 1 1
 1 1 1 1 1
 1 1 1 1 1
 1 1 1 1 1
 1 1 1 1 1
 1 1 1 1 1
 1 1 1 1 1
 1 1 1 1 1
 1 1 1 1 1
 1 1 1 1 1
 1 1 1 1 1
 1 1 1 1 1
 1 1 1 1 1
 1 1 1 1 1
 1 1 1 1 1
 1 1 1 1 1
 1 1 1 1 1
 1 1 1 1 1
 1 1 1 1 1
 1 1 1 1 1
 1 1 1 1 1
 1 1 1 1 1
 1 1 1 1 1
 1 1 1 1 1
 1 1 1 1 1
 1 1 1 1 1
 1 1 1 1 1
pf_obs 
 0.8446 0.082 0.0669 0.0065 0
 0.8095 0.147 0.0364 0.0071 0
 0.9664 0.0169 0.016 0.0007 0
 0.9276 0.0648 0.0075 0.0001 0
 0.7033 0.2144 0.0806 0.0017 0
 0.9318 0.0425 0.0243 0.0014 0
 0.5671 0.3108 0.0964 0.0239 0.0018
 0.0768 0.2599 0.5324 0.112 0.0189
 0.490249 0.384438 0.106611 0.0170017 0.00170017
 0.7925 0.1577 0.0466 0.003 0.0002
 0.840416 0.127587 0.0312969 0.00059994 9.999e-05
 0.8084 0.0986 0.0794 0.0134 0.0002
 0.7335 0.1905 0.0724 0.0035 0.0001
 0.4001 0.4547 0.1325 0.0127 0
 0.49795 0.308269 0.164784 0.0264974 0.00249975
 0.9179 0.0499 0.0305 0.0017 0
 0.2467 0.6533 0.0926 0.0074 0
 0.9418 0.0223 0.034 0.0019 0
 0.707729 0.231977 0.0356964 0.0245975 0
 0.517169 0.277429 0.184464 0.0207286 0.00020938
 0.811772 0.124168 0.05621 0.00726502 0.000585176
 0.764997 0.148141 0.077277 0.00933861 0.000247198
 0.163321 0.427699 0.378323 0.0303852 0.000271297
 0.753843 0.0900009 0.118128 0.0371064 0.000921714
 0.721811 0.176058 0.0630433 0.0369309 0.00215725
 0.143369 0.312575 0.442814 0.0836902 0.0175525
 0.692698 0.0596174 0.167031 0.0765114 0.00414204
 0.394062 0.376323 0.152708 0.0712218 0.00568511
 0.125707 0.32114 0.495352 0.0537591 0.00404204
 0.23352 0.215282 0.420074 0.123614 0.00750983
 0.796117 0.104755 0.0508955 0.0450114 0.00322123
 0.162477 0.292055 0.404252 0.121198 0.0200186
 0 0 0 0 0
pf_pred 
 0.30689 0.113039 0.552384 0.0276863 1.0146e-06
 0.271633 0.33883 0.0662424 0.307903 0.0153913
 0.478029 0.221817 0.143723 0.0266647 0.129766
 0.629036 0.239337 0.0576744 0.0354653 0.0384867
 0.519738 0.371409 0.071633 0.0163365 0.0208828
 0.602497 0.267297 0.101832 0.0186902 0.00968427
 0.355892 0.482338 0.110663 0.0399954 0.011112
 0.326119 0.357064 0.240664 0.052146 0.024007
 0.388649 0.293129 0.172517 0.110753 0.0349517
 0.547111 0.253118 0.0984983 0.0549761 0.0462968
 0.694177 0.216444 0.0511777 0.0188642 0.0193371
 0.562243 0.355361 0.0591656 0.0133169 0.00991307
 0.386961 0.442796 0.139666 0.0219755 0.00860107
 0.385251 0.347831 0.19587 0.0583206 0.0127273
 0.812411 0.11262 0.0437692 0.0229193 0.0082803
 0.847694 0.137254 0.00925376 0.00338937 0.00240812
 0.289764 0.652898 0.0519688 0.0033053 0.00206407
 0.764803 0.103937 0.121167 0.00914952 0.000942565
 0.544267 0.396223 0.0271191 0.0299078 0.00248349
 0.565791 0.30842 0.110203 0.00711493 0.00847108
 0.607472 0.284059 0.0782733 0.0264641 0.00373125
 0.604776 0.297319 0.0718875 0.0187901 0.00722775
 0.215878 0.58967 0.148244 0.0339555 0.0122527
 0.595817 0.139724 0.201378 0.0481224 0.0149582
 0.526523 0.351883 0.0434646 0.059533 0.0185963
 0.301372 0.475533 0.168002 0.0197283 0.0353641
 0.606187 0.177818 0.149368 0.0502081 0.0164187
 0.583512 0.31244 0.0483156 0.0385735 0.017158
 0.304232 0.506575 0.143742 0.0211374 0.0243142
 0.38516 0.278809 0.247954 0.0669623 0.0211154
 0.52141 0.262338 0.10079 0.0852591 0.0302024
 0.372387 0.427485 0.112339 0.0409791 0.0468103
 0.658059 0.181491 0.111042 0.0277684 0.0216402
pobs_RECLAS
 0 0 0 0 0
 0 0 0 0 0
 0 0 0 0 0
 0 0 0 0 0
 0 0 0 0 0
 0 0 0 0 0
 0 0 0 0 0
 0 0 0 0 0
 0 0 0 0 0
 0 0 0 0 0
 0.991045 0.00858322 0.000360255 1.14367e-05 0
 0.934742 0.0480273 0.0164251 0.00080598 0
 0.827803 0.169806 0.00239088 0 0
 0.941827 0.0461693 0.0120037 0 0
 0.791401 0.0380133 0.147996 0.0225897 0
 0.846168 0.0940531 0.0597789 0 0
 0.134021 0.677848 0.182769 0.00536245 0
 0.80878 0.0450904 0.141981 0.00414843 0
 0.846168 0.0940531 0.0597789 0 0
 0.905697 0.0802665 0.012482 0.00150086 5.37128e-05
 0.989698 0.0102097 9.19794e-05 0 0
 0.975433 0.0193895 0.00387452 0.00125025 5.28907e-05
 0.303575 0.632131 0.0575291 0.00676475 0
 0.966965 0.00978017 0.0227588 0.000495775 0
 0.843318 0.132988 0.00938335 0.0141283 0.000182051
 0.564624 0.303363 0.111486 0.0197234 0.00080311
 0.826376 0.0876187 0.0782897 0.00655872 0.00115652
 0.89761 0.0855135 0.0140674 0.00269457 0.000114338
 0.34875 0.467042 0.161289 0.0227151 0.000203297
 0.318654 0.224769 0.449479 0.00709798 0
 0.937255 0.0296025 0.0250945 0.00804832 0
 0.456809 0.399803 0.12412 0.0192676 0
 0.883104 0.0372192 0.0704036 0.00927362 0
ppred_RECLAS
 0.471025 0.0899595 0.418115 0.0208998 7.65794e-07
 0.426016 0.274563 0.0510336 0.236564 0.0118235
 0.646041 0.15493 0.0954427 0.017659 0.0859271
 0.770552 0.150778 0.0345256 0.021172 0.0229724
 0.678398 0.251544 0.046147 0.0104958 0.0134147
 0.74893 0.171633 0.0621641 0.0113785 0.00589486
 0.52208 0.362535 0.0790022 0.0284734 0.00790962
 0.488116 0.277663 0.178038 0.0384727 0.0177095
 0.558469 0.217427 0.121647 0.0778823 0.0245747
 0.705844 0.168184 0.0622002 0.0346212 0.0291512
 0.816061 0.132107 0.0297138 0.010923 0.0111953
 0.716445 0.232404 0.0367595 0.00825084 0.00614102
 0.555342 0.325754 0.0975984 0.0153137 0.00599282
 0.563771 0.252808 0.134706 0.039989 0.00872544
 0.896466 0.0634681 0.0234197 0.0122291 0.00441749
 0.916231 0.0758766 0.00485791 0.00177433 0.00126047
 0.442301 0.514735 0.0389516 0.00247062 0.00154261
 0.866767 0.0605676 0.0670928 0.0050523 0.000520402
 0.701569 0.261229 0.0169788 0.0186725 0.00155031
 0.719994 0.201819 0.0685233 0.00441178 0.00525193
 0.752417 0.18168 0.0475934 0.0160473 0.00226223
 0.750481 0.190075 0.0436792 0.0113856 0.00437892
 0.349875 0.494994 0.118344 0.0270335 0.00975357
 0.746361 0.0906264 0.124211 0.0296017 0.00919996
 0.685031 0.237166 0.02786 0.0380562 0.0118859
 0.458009 0.374841 0.125959 0.0147513 0.0264388
 0.753452 0.114451 0.0914273 0.0306486 0.0100211
 0.732473 0.203249 0.0298922 0.0238002 0.0105851
 0.460672 0.398025 0.107428 0.0157548 0.0181201
 0.55394 0.207905 0.175858 0.0473637 0.0149332
 0.683201 0.177716 0.0649196 0.0547662 0.0193978
 0.537491 0.320129 0.0800203 0.029111 0.0332487
 0.792225 0.112931 0.0656943 0.0163835 0.012766
pobs_PELACES
 0 0 0 0 0
 0 0 0 0 0
 0 0 0 0 0
 0 0 0 0 0
 0 0 0 0 0
 0 0 0 0 0
 0 0 0 0 0
 0 0 0 0 0
 0 0 0 0 0
 0 0 0 0 0
 0 0 0 0 0
 0 0 0 0 0
 0 0 0 0 0
 0 0 0 0 0
 0 0 0 0 0
 0 0 0 0 0
 0.505614 0.472636 0.0217494 0 0
 0 0 0 0 0
 0.443492 0.261883 0.143347 0.151278 0
 0.227955 0.32914 0.350689 0.0885471 0.00366901
 0.970185 0.0296113 0.000203453 0 0
 0.997202 0.00247181 0.000326279 0 0
 0.445219 0.490057 0.0546422 0.010081 0
 0.90214 0.0892962 0.00764917 0.000914606 0
 0 0 0 0 0
 0.581667 0.319106 0.0959925 0.00289975 0.000334073
 0.762889 0.0836404 0.116647 0.0363945 0.000428098
 0.88444 0.0763242 0.0277011 0.0115352 0
 0.521256 0.241999 0.230069 0.00667565 0
 0.616807 0.101726 0.260614 0.0208532 0
 0.833518 0.0704572 0.0857862 0.0102388 0
 0.697417 0.212968 0.0787535 0.0105354 0.000325836
 0 0 0 0 0
ppred_PELACES
 0.475106 0.0893842 0.414778 0.0207312 7.59611e-07
 0.433021 0.271637 0.050345 0.233335 0.011662
 0.652356 0.15241 0.0936304 0.0173211 0.0842818
 0.778028 0.146091 0.0333062 0.0204193 0.0221554
 0.681192 0.249433 0.0456987 0.010393 0.0132834
 0.754283 0.168131 0.0607168 0.0111117 0.00575663
 0.535318 0.352968 0.0764955 0.0275615 0.00765619
 0.490152 0.276664 0.177252 0.038301 0.0176305
 0.566253 0.213948 0.11932 0.076379 0.0241001
 0.713812 0.163911 0.0603822 0.033602 0.0282927
 0.817651 0.131006 0.029434 0.0108195 0.0110891
 0.726093 0.224701 0.0353638 0.00793537 0.00590613
 0.568113 0.316855 0.0944249 0.0148114 0.00579615
 0.594898 0.236069 0.124164 0.0368328 0.00803646
 0.902161 0.0601292 0.0220458 0.0115076 0.00415678
 0.920511 0.0720415 0.00458476 0.00167401 0.00118918
 0.449307 0.508386 0.0383563 0.00243246 0.00151877
 0.871792 0.058425 0.0644326 0.00485078 0.000499638
 0.713416 0.251052 0.0162198 0.0178318 0.00148048
 0.72855 0.195895 0.0662185 0.00426235 0.00507398
 0.757903 0.177802 0.0464347 0.015654 0.00220676
 0.75734 0.185021 0.0423551 0.0110381 0.00424524
 0.35428 0.491878 0.117364 0.0268067 0.00967167
 0.75037 0.0893168 0.122158 0.0291088 0.00904673
 0.689055 0.234253 0.0274646 0.037512 0.0117159
 0.461579 0.372545 0.125003 0.0146381 0.0262358
 0.757269 0.112806 0.0899266 0.0301421 0.00985538
 0.735871 0.200758 0.0294725 0.0234638 0.0104354
 0.46384 0.395825 0.106694 0.015646 0.0179948
 0.557911 0.206235 0.174163 0.046903 0.0147879
 0.688829 0.174767 0.0636737 0.0537073 0.0190226
 0.540783 0.317987 0.0793766 0.0288747 0.0329786
 0.796649 0.110667 0.0642011 0.0160086 0.0124738
pobs_pel_tallas
 0 0 0 0 0 0 0 0 0 0 0 0 0 0 0 0 0 0 0 0 0 0 0 0 0 0
 0 0 0 0 0 0 0 0 0 0 0 0 0 0 0 0 0 0 0 0 0 0 0 0 0 0
 0 0 0 0 0 0 0 0 0 0 0 0 0 0 0 0 0 0 0 0 0 0 0 0 0 0
 0 0 0 0 0 0 0 0 0 0 0 0 0 0 0 0 0 0 0 0 0 0 0 0 0 0
 0 0 0 0 0 0 0 0 0 0 0 0 0 0 0 0 0 0 0 0 0 0 0 0 0 0
 0 0 0 0 0 0 0 0 0 0 0 0 0 0 0 0 0 0 0 0 0 0 0 0 0 0
 0 0 0 0 0 0 0 0 0 0 0 0 0 0 0 0 0 0 0 0 0 0 0 0 0 0
 0 0 0 0 0 0 0 0 0 0 0 0 0 0 0 0 0 0 0 0 0 0 0 0 0 0
 0 0 0 0 0 0 0 0 0 0 0 0 0 0 0 0 0 0 0 0 0 0 0 0 0 0
 0 0 0 0 0 0 0 0 0 0 0 0 0 0 0 0 0 0 0 0 0 0 0 0 0 0
 0 0 0 0 0 0 0 0 0 0 0 0 0 0 0 0 0 0 0 0 0 0 0 0 0 0
 0 0 0 0 0 0 0 0 0 0 0 0 0 0 0 0 0 0 0 0 0 0 0 0 0 0
 0.00862536 0 0 0.000197151 0.00414017 0.0128641 0.00837892 0.0270097 0.101434 0.158115 0.152841 0.127902 0.109271 0.109419 0.0830992 0.0579132 0.0238553 0.00714673 0.00463305 0.00128148 0.00103504 0.000492878 0.000147863 0.000147863 4.92878e-05 0
 0 0 0 0 0 0 0 0 0 0 0 0 0 0 0 0 0 0 0 0 0 0 0 0 0 0
 0 0 0 0 0 0 0 0.0054083 0.00873648 0.0413646 0.0450493 0.0745869 0.0622846 0.0627006 0.0613931 0.0827291 0.12552 0.122667 0.0946155 0.0697135 0.0546179 0.0294188 0.0215738 0.0213955 0.0102223 0.00600262
 0 0 0 0 0.00359764 0.0251062 0.0480494 0.140153 0.205849 0.193036 0.1447 0.116669 0.0760912 0.0342217 0.00950174 0.001854 0.000860785 0 0 0 0.000165536 0 0.000143464 0 0 0
 0 0 0 0 0 0 0 0.000145254 0.000435761 0.0275982 0.070085 0.0708112 0.156366 0.174668 0.174014 0.160142 0.0824315 0.0480064 0.0283245 0.00493863 0.00203355 0 0 0 0 0
 0 0 0 0 0 0 0 0 0 0 0 0 0 0 0 0 0 0 0 0 0 0 0 0 0 0
 0 0 1.00437e-05 0.000401748 0.00122533 0.00171747 0.00176769 0.0269171 0.070346 0.194647 0.189555 0.159765 0.064822 0.0314167 0.0384472 0.0292271 0.0345202 0.0313363 0.0194345 0.0106764 0.0143323 0.0359363 0.0279516 0.0138201 0.00172751 0
 0 0.0021121 0.0136068 0.0755702 0.200478 0.177729 0.0527432 0.0373336 0.0318909 0.0142505 0.0149659 0.0166563 0.0217959 0.0798694 0.0677717 0.0528807 0.04013 0.0224614 0.0357745 0.0225083 0.00881397 0.00855152 0.00135912 0.000746735 0 0
 0 0 0 0 5.4009e-05 0.00500934 0.000945158 0.0243581 0.138947 0.33067 0.221406 0.137944 0.0707744 0.0437923 0.0131692 0.00525238 0.0047753 0.00276346 9.45158e-05 9.00151e-06 2.25038e-05 9.00151e-06 4.50075e-06 0 0 0
 0.000866109 0.00284123 0.00948549 0.0512746 0.133035 0.25785 0.225252 0.132002 0.0553304 0.0519788 0.0540692 0.017754 0.00435017 0.00159236 0.00146478 0.000404838 0.000125132 0.000115318 0.000107957 0.000100596 0 0 0 0 0 0
 0 0 0 0 0.00144013 0.00171154 0.00461396 0.0210425 0.0478622 0.0707936 0.0888783 0.103762 0.0637923 0.0337046 0.0602308 0.124433 0.169614 0.0934646 0.0462172 0.0250306 0.0313229 0.00938855 0.002487 0.000210481 0 0
 0 0.00764035 0.051015 0.0998891 0.058973 0.0496711 0.0374665 0.0718981 0.12319 0.153886 0.159021 0.0857701 0.0377988 0.023471 0.0147837 0.00900784 0.00315554 0.000888139 0.00291439 0.00214683 0.00393193 0.00274676 0.000635225 9.99891e-05 0 0
 0 0 0 0 0 0 0 0 0 0 0 0 0 0 0 0 0 0 0 0 0 0 0 0 0 0
 0 0 0 0 0 0 0 0 0 0 0 0 0 0 0 0 0 0 0 0 0 0 0 0 0 0
 0 0 0 0 0 0 0 0 0 0 0 0 0 0 0 0 0 0 0 0 0 0 0 0 0 0
 0 0 0 0 0 0 0 0 0 0 0 0 0 0 0 0 0 0 0 0 0 0 0 0 0 0
 0 0 0 0 0 0 0 0 0 0 0 0 0 0 0 0 0 0 0 0 0 0 0 0 0 0
 0 0 0 0 0 0 0 0 0 0 0 0 0 0 0 0 0 0 0 0 0 0 0 0 0 0
 0 0 0 0 0 0 0 0 0 0 0 0 0 0 0 0 0 0 0 0 0 0 0 0 0 0
 0 0 0 0 0 0 0 0 0 0 0 0 0 0 0 0 0 0 0 0 0 0 0 0 0 0
 0 0 0 0 0 0 0 0 0 0 0 0 0 0 0 0 0 0 0 0 0 0 0 0 0 0
ppred_pel_tallas
 1.14072e-16 3.91339e-05 0.000380395 0.00252786 0.0114913 0.0357537 0.0761775 0.111185 0.111194 0.0762229 0.0359082 0.0119453 0.0036975 0.00303293 0.00536681 0.00956489 0.0155263 0.0231608 0.0322622 0.042513 0.0532814 0.0633008 0.0706429 0.0732903 0.0700893 0.0614449
 1.26897e-16 3.56674e-05 0.0003467 0.00230395 0.0104734 0.0325868 0.0694307 0.101342 0.101368 0.0695592 0.0330185 0.0117219 0.00544383 0.00722263 0.0131619 0.0218934 0.0320203 0.0413863 0.0479301 0.0509852 0.0517845 0.0525998 0.0551224 0.05932 0.0635137 0.0654296
 1.18741e-16 5.37338e-05 0.000522311 0.00347094 0.0157784 0.0490926 0.104597 0.152666 0.152681 0.10467 0.0493364 0.0164843 0.00524963 0.00442794 0.00753933 0.0125614 0.0185296 0.0242573 0.0286009 0.0311275 0.0323825 0.033447 0.035125 0.0374037 0.0395226 0.0404724
 1.06796e-16 6.40851e-05 0.00062293 0.00413959 0.018818 0.0585498 0.124747 0.182075 0.182089 0.124816 0.0587815 0.0194874 0.00582159 0.00430014 0.00706418 0.0116219 0.0168459 0.0214299 0.0241029 0.0243204 0.0225983 0.020149 0.0181088 0.0169544 0.0164558 0.0160358
 1.04673e-16 5.61089e-05 0.000545399 0.00362437 0.0164759 0.0512627 0.109221 0.159417 0.159441 0.109339 0.0516575 0.0176165 0.00648858 0.00680125 0.0119468 0.0196877 0.0284178 0.0358709 0.0397771 0.0390986 0.034641 0.028484 0.0227047 0.0183929 0.0155284 0.0135036
 1.03884e-16 6.21294e-05 0.000603919 0.00401326 0.0182437 0.056763 0.12094 0.176519 0.176535 0.12102 0.0570301 0.019016 0.00595476 0.00485187 0.00815808 0.0134628 0.019561 0.0249621 0.0281804 0.0285201 0.0264528 0.0232239 0.020026 0.0174059 0.0152611 0.0132327
 1.06358e-16 4.40935e-05 0.000428605 0.00284823 0.0129477 0.0402852 0.0858331 0.125283 0.125317 0.0859996 0.0408444 0.0145633 0.00690613 0.00929499 0.0169066 0.0279428 0.0403968 0.0511166 0.0569148 0.0563256 0.0504547 0.0421657 0.0342876 0.0282567 0.0239886 0.0206479
 1.12011e-16 4.03733e-05 0.000392443 0.00260792 0.0118552 0.0368862 0.0785909 0.114711 0.114738 0.0787224 0.0373284 0.0131355 0.00583256 0.00746858 0.0135873 0.022682 0.0333349 0.043317 0.0503523 0.0533622 0.0529941 0.0509248 0.0485546 0.046196 0.0432727 0.0391118
 1.15237e-16 4.66415e-05 0.000453372 0.00301282 0.0136959 0.042613 0.0907923 0.132518 0.132539 0.0908939 0.0429548 0.0146854 0.00550507 0.00592237 0.010518 0.0175402 0.0258028 0.0336103 0.0392803 0.0421001 0.0427148 0.0425328 0.0426343 0.0430744 0.0430344 0.0415247
 1.09943e-16 5.87958e-05 0.000571516 0.00379793 0.0172648 0.0537174 0.114451 0.167048 0.167064 0.114529 0.0539781 0.0180189 0.00569446 0.00472436 0.00798387 0.0132082 0.019268 0.0247677 0.0283412 0.02941 0.0285248 0.0269372 0.0257426 0.025272 0.0251039 0.0245222
 1.03845e-16 6.73488e-05 0.000654655 0.00435041 0.0197763 0.0615316 0.1311 0.191347 0.19136 0.131162 0.0617392 0.0203763 0.0058574 0.0039481 0.00633323 0.0103931 0.0150366 0.0190644 0.0213068 0.0212398 0.0192928 0.0165386 0.0140184 0.0122307 0.0110836 0.0101915
 1.02874e-16 5.98074e-05 0.000581349 0.00386327 0.0175619 0.0546416 0.116421 0.169924 0.169945 0.116526 0.0549971 0.0185887 0.00644096 0.00620957 0.0107521 0.0176894 0.0254971 0.0321077 0.0354542 0.0345845 0.0302208 0.0242542 0.0185982 0.014295 0.0113917 0.00939461
 1.05273e-16 4.67948e-05 0.000454862 0.00302272 0.0137409 0.0427531 0.0910911 0.132956 0.132987 0.0912407 0.0432558 0.0151938 0.00667363 0.00843738 0.0152438 0.0252229 0.0365533 0.0464318 0.0520143 0.0519635 0.0471923 0.040139 0.0331988 0.0275686 0.0231865 0.0194309
 1.08698e-16 4.9001e-05 0.000476307 0.00316523 0.0143887 0.0447687 0.0953852 0.139222 0.139245 0.0954972 0.0451451 0.015478 0.00590708 0.0064865 0.0115363 0.0191857 0.0280829 0.0362634 0.0417406 0.0435849 0.0424017 0.0397456 0.0369797 0.0345274 0.0319826 0.0287544
 1.0251e-16 7.43098e-05 0.000722318 0.00480005 0.0218204 0.0678913 0.14465 0.211122 0.211128 0.144678 0.0679869 0.0220968 0.00549533 0.00224436 0.00297759 0.0048386 0.00704335 0.00902977 0.0102815 0.0105703 0.0100815 0.00926334 0.00852069 0.00799924 0.00759103 0.00709428
 1.0052e-16 7.58212e-05 0.00073701 0.00489769 0.0222642 0.0692722 0.147592 0.215416 0.215423 0.147626 0.0693859 0.0225926 0.0057216 0.00253421 0.00348494 0.00563065 0.00807895 0.0101076 0.0110378 0.0105602 0.00891892 0.00675299 0.00472272 0.00320867 0.0022548 0.00170356
 1.01738e-16 3.70089e-05 0.00035974 0.0023906 0.0108673 0.0338126 0.0720431 0.105159 0.105208 0.0722823 0.0346153 0.0131851 0.00820568 0.0130446 0.0240997 0.0397088 0.0570224 0.071333 0.0778602 0.0743876 0.0625915 0.0469377 0.0320706 0.0207136 0.0132763 0.00878738
 1.02446e-16 7.18084e-05 0.000698003 0.00463847 0.0210858 0.0656059 0.13978 0.204015 0.204021 0.139808 0.0657001 0.0213591 0.00532858 0.00221841 0.00299997 0.00495159 0.00737139 0.00977915 0.0117186 0.0129496 0.013532 0.0136781 0.0135135 0.0129744 0.0119131 0.0102879
 1.02572e-16 5.87632e-05 0.000571199 0.00379582 0.0172553 0.0536876 0.114388 0.166958 0.166982 0.114506 0.0540841 0.0184 0.00666806 0.00683734 0.0119479 0.01963 0.0282059 0.035336 0.0386857 0.0371969 0.0317328 0.024515 0.0178124 0.0128918 0.00983255 0.00802107
 1.03248e-16 6.00098e-05 0.000583316 0.00387634 0.0176213 0.0548265 0.116814 0.170498 0.170517 0.116907 0.0551375 0.0185204 0.00613593 0.00552536 0.00947314 0.0156369 0.022684 0.0288658 0.0324269 0.0325341 0.029729 0.0254822 0.021235 0.017704 0.0148576 0.0123484
 1.03329e-16 6.24275e-05 0.000606817 0.00403252 0.0183312 0.0570354 0.121521 0.177366 0.177384 0.121604 0.0573173 0.019146 0.0060795 0.00508139 0.00857815 0.0141292 0.0204573 0.0259574 0.0290335 0.0289479 0.0262376 0.0223025 0.018511 0.0155359 0.013311 0.0114311
 1.03096e-16 6.23812e-05 0.000606367 0.00402952 0.0183176 0.0569931 0.12143 0.177235 0.177253 0.121518 0.0572862 0.0191647 0.00615712 0.00525538 0.00890484 0.0146573 0.0211897 0.0268181 0.0298668 0.0295607 0.0264692 0.022082 0.017876 0.014609 0.0122549 0.0104029
 1.07838e-16 2.91816e-05 0.000283656 0.001885 0.00856895 0.0266614 0.0568068 0.0829211 0.0829686 0.0570388 0.0274409 0.0108213 0.00754256 0.0126469 0.0235466 0.0389792 0.0563779 0.0713792 0.0795355 0.0787784 0.0706021 0.05894 0.0476934 0.0388679 0.0324114 0.0272732
 1.07999e-16 6.1807e-05 0.000600786 0.00399244 0.018149 0.0564684 0.120312 0.175601 0.17561 0.120355 0.0566134 0.0185702 0.00505833 0.00295682 0.00462221 0.00776879 0.0117134 0.0158403 0.0195439 0.0225237 0.0248718 0.0268103 0.0283197 0.0290186 0.0284022 0.0262151
 1.06598e-16 5.67566e-05 0.000551694 0.0036662 0.016666 0.0518543 0.110482 0.161256 0.161279 0.110592 0.0522249 0.0177363 0.00635314 0.00641881 0.0112046 0.0184495 0.0266156 0.0335792 0.037236 0.0366672 0.0327094 0.0273938 0.0227023 0.0195981 0.0178986 0.0168076
 1.09611e-16 3.80197e-05 0.000369565 0.00245589 0.0111641 0.034736 0.0740101 0.108027 0.108063 0.0741861 0.0353276 0.0128743 0.00675426 0.00977186 0.0179504 0.0297614 0.0432112 0.0550599 0.0620121 0.062535 0.0577129 0.0503779 0.04326 0.0376403 0.0333046 0.0293958
 1.07315e-16 6.23753e-05 0.00060631 0.00402914 0.0183159 0.0569877 0.121419 0.177216 0.177227 0.121472 0.0571687 0.0188404 0.00535174 0.00351412 0.0056456 0.00939463 0.0139046 0.0182838 0.0216588 0.023628 0.024444 0.0247079 0.0248367 0.0247663 0.0240887 0.0224299
 1.05021e-16 6.06127e-05 0.000589177 0.00391529 0.0177984 0.0553774 0.117988 0.172211 0.172231 0.118083 0.0556951 0.018716 0.00621936 0.00562102 0.00962348 0.015832 0.0228477 0.028841 0.0320006 0.0315223 0.0280956 0.0234318 0.0192122 0.0162744 0.014509 0.013305
 1.07795e-16 3.8206e-05 0.000371376 0.00246793 0.0112189 0.0349062 0.0743728 0.108557 0.108596 0.0745597 0.0355339 0.0130328 0.00702507 0.0103329 0.0189959 0.0314458 0.0455346 0.0577642 0.0645787 0.0643253 0.058193 0.0493042 0.040732 0.0340202 0.0290731 0.0250204
 1.12285e-16 4.59544e-05 0.000446694 0.00296844 0.0134941 0.0419852 0.0894547 0.130566 0.130586 0.0895532 0.0423164 0.0144537 0.00538896 0.00576988 0.010271 0.0172104 0.0254996 0.0335664 0.0398116 0.0434771 0.0449807 0.0453652 0.0453501 0.0448162 0.0430744 0.0395477
 1.10488e-16 5.6738e-05 0.000551513 0.003665 0.0166606 0.0518373 0.110446 0.161202 0.161219 0.110528 0.0521154 0.0174648 0.00568796 0.00498189 0.00851366 0.0141004 0.0205859 0.0264974 0.0303923 0.0316661 0.0309094 0.0294408 0.0283879 0.0280433 0.0278968 0.0271503
 1.10849e-16 4.45436e-05 0.00043298 0.00287731 0.0130798 0.0406964 0.0867091 0.126561 0.126592 0.0868592 0.0412006 0.0145371 0.00653857 0.00843692 0.0152796 0.0252811 0.0366344 0.0465477 0.0522158 0.0523868 0.0481039 0.0419424 0.0363705 0.0325184 0.0300835 0.0280712
 1.05598e-16 6.5619e-05 0.00063784 0.00423867 0.0192684 0.0599511 0.127733 0.186432 0.186443 0.127785 0.0601278 0.0197798 0.00552652 0.00346261 0.00546991 0.00904314 0.0132662 0.0172024 0.0199389 0.0210574 0.0208472 0.0200229 0.0191867 0.0184823 0.0176567 0.0163758
pSPR Fmed_Fpbrs
1   0.983567 0.6 0.325 0.983567 0.983567 0.983567
Fs Fmed_Fpbrs
0   0.01 0.350742 0.901878 0.01 0.01 0.01
SSBpbr Bo_Bmed_Bpbrs
1.88115e+06  1.78709e+06  1.75618e+06 1.03463e+06 517316 1.75618e+06 1.75618e+06 1.75618e+06
Ro
245554
SPR SPRFo_SPRFmed_SPRFpbrs
1.76905e+06 1.76905e+06 1.73998e+06
Fref
0
Nvult_r0
 240947 37088.9 21746.7 5425.78 4227.85
CTP_r0
 18867.2 5203.5 3183.69 796.147 620.445
YTP_r0
356497
Np
 363922 133879 49251.5 18118.6 9117.55
Nvult_p0
 230043 84628 31132.9 11453.1 5763.39
CTP_p0
 0 0 0 0 0
 0 0 0 0 0
 0 0 0 0 0
 0 0 0 0 0
 0 0 0 0 0
 0 0 0 0 0
YTP_p0
 0 0 0 0 0 0
CBA_c0
0
log_Ro
12.2313
likeval ReclasPelacesDesembMPH_pf_preclas_ppelaces_ptallas_desvR_qrecl_qpela
 22.1276 17.3921 0.1228 70.9675 239.729 139.873 111.064 0 22.9909 1.40817e-05 7.17934e-06 0.574286 2066.81 0 0
q_reclas_q_pelaces
0.588198 0.684595
M
1
N
 238424 46585.5 217046 10850.7 0.397584
 124326 83475.2 15583.4 72253.5 3611.3
 167720 41845.6 25887.1 4790.81 23311.9
 271825 56618.4 13051 8006.15 8687.14
 231042 87311.7 16050.1 3650.88 4666.25
 341248 81559.8 29672.5 5432.58 2814.51
 152566 114589 25179.9 9079.36 2522.21
 82235 47332.7 30387.8 6567.03 3022.91
 72381.9 29489.4 16578.7 10617 3350.1
 95743.2 24127.1 8976.28 4997.93 4208.35
 189672 31188.4 7026.62 2583.27 2647.67
 193610 67448.2 10749.5 2413.79 1796.6
 96345.6 61002.5 18425.8 2892.42 1131.94
 55633.1 30023.6 16315.7 4848.78 1058.05
 176436 13688 5100.18 2664.61 962.556
 589815 53212.5 3438.01 1256.36 892.524
 148344 180154 13694.7 868.843 542.497
 668250 49748.5 55480.2 4179.39 430.498
 528199 214247 14052.4 15461.9 1283.78
 540479 161357 55153.6 3552.31 4228.87
 687380 173391 45633.3 15390.4 2169.65
 859750 229975 53155.6 13860.2 5330.76
 192967 280905 67363.3 15390.4 5552.85
 533180 66724.4 91745.2 21868.3 6796.56
 516167 183705 21643.2 29569 9235.21
 213962 178839 60230.7 7054.61 12644.1
 480559 75190.6 60253.7 20202 6605.44
 582296 165784 24448.8 19469.1 8658.94
 230108 202586 54787.8 8035.75 9242.22
 211596 81268 68909.7 18561.9 5852.37
 274090 74041.7 27156.3 22914.2 8116.11
 152960 92889.9 23266.9 8465.38 9668.64
 363922 53946.5 31512.4 7860.68 6125.09
pred_Ctot
 7308.13 2691.85 13154.2 659.308 0.0241613
 6735.16 8401.34 1642.49 7634.5 381.629
 8794.5 4080.85 2644.13 490.561 2387.36
 22043.2 8387.04 2021.07 1242.8 1348.68
 5923.64 4233.08 816.426 186.193 238.009
 18953.8 8408.84 3203.51 587.972 304.656
 15320.6 20763.9 4763.86 1721.74 478.353
 1314.18 1438.88 969.816 210.136 96.7423
 4331.78 3267.13 1922.83 1234.43 389.563
 7000.03 3238.53 1260.24 703.394 592.346
 4011.66 1250.84 295.757 109.016 111.75
 17788.8 11243.3 1871.94 421.333 313.64
 9439.97 10802.1 3407.18 536.094 209.824
 12032.7 10863.9 6117.65 1821.54 397.517
 20423.2 2831.17 1100.32 576.17 208.159
 64247 10402.5 701.345 256.881 182.512
 8352.16 18819.1 1497.95 95.2718 59.4946
 54891.6 7459.78 8696.45 656.681 67.6499
 57493.5 41854.9 2864.71 3159.3 262.343
 44204.4 24096.4 8610.03 555.878 661.833
 39652 18541.6 5109.2 1727.41 243.553
 61384.3 30177.6 7296.52 1907.18 733.611
 7364.47 20116.1 5057.19 1158.36 417.991
 21492.8 5040.24 7264.26 1735.91 539.583
 19077.2 12749.6 1574.83 2157.03 673.789
 6073.7 9583.65 3385.82 397.595 712.71
 19007.4 5575.61 4683.55 1574.31 514.82
 20073.5 10748.3 1662.11 1326.97 590.254
 5834.13 9714.39 2756.48 405.343 466.264
 6556.65 4746.22 4220.97 1139.91 359.452
 13738.9 6912.52 2655.79 2246.54 795.822
 4007.78 4600.76 1209.04 441.034 503.791
 18867.2 5203.5 3183.69 796.147 620.445
F
 0.0494995 0.0950839 0.0999273 0.100196 0.10021
 0.0889189 0.170805 0.179505 0.179988 0.180013
 0.0859618 0.165125 0.173536 0.174002 0.174027
 0.135675 0.260619 0.273894 0.274631 0.274669
 0.0412629 0.0792622 0.0832996 0.0835235 0.0835353
 0.0912538 0.17529 0.184219 0.184714 0.18474
 0.170395 0.327313 0.343985 0.34491 0.344959
 0.0255521 0.0490831 0.0515833 0.051722 0.0517293
 0.0986221 0.189444 0.199094 0.199629 0.199657
 0.121624 0.233628 0.245528 0.246188 0.246223
 0.0339362 0.0651882 0.0685087 0.0686929 0.0687026
 0.15493 0.297606 0.312765 0.313606 0.31365
 0.165957 0.318788 0.335026 0.335927 0.335974
 0.402262 0.772708 0.812068 0.814251 0.814366
 0.198668 0.381622 0.401061 0.402139 0.402196
 0.186 0.357288 0.375487 0.376497 0.37655
 0.0925518 0.177783 0.186839 0.187341 0.187368
 0.137534 0.264191 0.277648 0.278394 0.278434
 0.185853 0.357007 0.375192 0.3762 0.376254
 0.136905 0.262982 0.276377 0.27712 0.27716
 0.0949174 0.182327 0.191615 0.19213 0.192157
 0.118626 0.227869 0.239477 0.24012 0.240154
 0.0619496 0.118999 0.125061 0.125397 0.125415
 0.0655301 0.125877 0.132289 0.132645 0.132664
 0.059944 0.115147 0.121012 0.121337 0.121354
 0.0457711 0.0879219 0.0924005 0.0926489 0.092662
 0.0642647 0.123446 0.129734 0.130083 0.130102
 0.055816 0.107217 0.112679 0.112982 0.112998
 0.0407964 0.0783662 0.0823579 0.0825793 0.082591
 0.0500516 0.0961444 0.101042 0.101313 0.101328
 0.0820425 0.157596 0.165623 0.166069 0.166092
 0.0421846 0.0810326 0.0851602 0.0853892 0.0854013
 0.0849567 0.163194 0.171507 0.171968 0.171992
YTP_r0W_actual
 142258 90801.1 76631.3 24935.3 21870.7
YTP_p0W_proyectada
 0 0 0 0 0
 0 0 0 0 0
 0 0 0 0 0
 0 0 0 0 0
 0 0 0 0 0
 0 0 0 0 0
CTP_r0_actual
 18867.2 5203.5 3183.69 796.147 620.445
CTP_p0_proyectada
 0 0 0 0 0
 0 0 0 0 0
 0 0 0 0 0
 0 0 0 0 0
 0 0 0 0 0
 0 0 0 0 0
Wmedp
 7.54 17.45 24.07 31.32 35.25
Frms_r0
 0.0849567 0.163194 0.171507 0.171968 0.171992
Zrms_r0
 1.08496 1.16319 1.17151 1.17197 1.17199
nmprior
 7.29 8.9 8.7 0
nm_flota  nm_reclas  nm_pelaces    nm_pelaL
inf 10.5597 15.6816 47.1572
cv_recla  cv_pelaces  cv_mph
0.407378 0.456843 0.67544
 ------------------------------------------------
Talla a la edad & desviaci?n 
 8 13.2811 15.8009 17.003 17.5766
 0.8 1.32811 1.58009 1.7003 1.75766
