years
 1991 1992 1993 1994 1995 1996 1997 1998 1999 2000 2001 2002 2003 2004 2005 2006 2007 2008 2009 2010 2011 2012 2013 2014 2015 2016 2017 2018 2019 2020 2021 2022 2023
reclasobs
 0 0 0 0 0 0 0 0 0 252601 567819 844713 477998 351125 339783 2.1784e+06 2.13404e+06 4.81314e+06 1.55562e+06 2.62356e+06 3.21686e+06 3.843e+06 1.13348e+06 3.07943e+06 1.97215e+06 2.03268e+06 2.025e+06 2.42433e+06 2.27542e+06 1.05018e+06 2.36338e+06 3.18982e+06 1.53035e+06
reclaspred
 2.98823e+06 1.64336e+06 871670 948209 1.00369e+06 1.51716e+06 939671 888332 654131 493561 619699 789455 605357 251883 611977 1.31224e+06 1.26731e+06 2.24667e+06 1.90941e+06 1.82177e+06 3.36322e+06 2.69329e+06 2.15143e+06 3.10037e+06 2.42129e+06 2.18675e+06 2.5384e+06 2.80432e+06 2.46112e+06 1.89463e+06 1.72159e+06 1.68513e+06 1.63748e+06
pelacesobs
 0 0 0 0 0 0 0 0 0 0 0 0 0 0 0 552880 188675 0 991730 2.46772e+06 1.41603e+06 1.21717e+06 2.29649e+06 1.80582e+06 0 1.4828e+06 1.56532e+06 1.57751e+06 1.42118e+06 867257 1.10002e+06 1.06204e+06 0
pelacespred
 1.60551e+06 975969 506053 457911 512913 806811 459188 544074 386447 277152 357285 387422 314984 119467 352360 627219 602800 1.20506e+06 1.05273e+06 894563 1.72044e+06 1.48346e+06 1.19006e+06 1.87522e+06 1.39679e+06 1.2577e+06 1.68381e+06 1.66954e+06 1.31859e+06 1.16417e+06 944079 925832 904742
mphobs
 0 0 0 0 0 0 0 0 0 0 0 0 498337 0 5186 125008 0 168611 109162 213762 579715 649985 157893 87575 83554 210694 70296 0 107559 103333 445601 22526 28222
mphpred
 559669 375612 183229 108421 129323 153415 189422 118277 110524 78172.5 54020.3 93178.6 104263 55648.8 17940 72180 187395 175656 250739 319591 453925 555227 108009 91645.1 126361 105237 91556.5 98862.7 140572 111490 73277.3 75799.5 51355.3
desembarqueobs
 494567 514787 250237 358949 120608 361735 552515 73892 212993 205616 52469 317467 293654 387597 252695 516296 358380 742168 942051 627588 828172 859565 418607 520667 417249 300574 415391 372974 316634 284311 391294 218835 356480
desembarquepred
 494571 513486 250913 359001 120616 361771 552613 73897.7 213057 205675 52471.5 317506 293868 388156 252663 516248 358424 742100 941776 627393 828286 859638 418645 520733 417244 300592 415415 372965 316617 284282 391318 218858 356508
Reclutas
 190547 94785.5 123344 185002 158290 237179 102190 53262.8 47424.6 63821.5 132987 157821 75754.1 39655.7 128508 426932 98120.8 498951 394029 412682 481403 609219 131272 356364 354377 143185 322243 391114 157992 147536 182710 100903 242030
log_desv_Rt
 0.100022 -0.59826 -0.334898 0.0704888 -0.0854458 0.318937 -0.523043 -1.17464 -1.29074 -0.993787 -0.259622 -0.0884139 -0.822384 -1.46964 -0.293886 0.906748 -0.563677 1.06263 0.826549 0.872801 1.02683 1.2623 -0.272608 0.726078 0.720486 -0.18574 0.625429 0.819122 -0.0873299 -0.155807 0.0580241 -0.535717 0.339187
SSB
 2.70403e+06 1.81476e+06 885268 523832 624822 741220 915190 571453 533994 377689 260998 450191 481355 262050 83790.9 337811 905394 848677 1.25055e+06 1.00946e+06 1.46754e+06 1.87674e+06 1.75824e+06 1.44124e+06 1.86824e+06 1.64549e+06 1.35435e+06 1.41022e+06 2.07423e+06 1.55379e+06 1.15715e+06 1.22543e+06 771193
BT
 3.71605e+06 2.5093e+06 1.28608e+06 1.23502e+06 1.14518e+06 1.95571e+06 1.44577e+06 1.17608e+06 1.0059e+06 764627 777607 1.05947e+06 908868 645047 970862 1.71657e+06 1.51674e+06 3.11609e+06 3.07042e+06 2.38486e+06 4.16607e+06 3.86322e+06 2.80014e+06 4.31763e+06 3.25404e+06 2.83628e+06 3.86756e+06 3.77608e+06 2.95866e+06 2.65337e+06 2.29518e+06 2.07558e+06 2.16949e+06
Ftot
 0.167676 0.304797 0.296833 0.469088 0.141989 0.305681 0.610706 0.095996 0.374301 0.478519 0.122265 0.498624 0.534373 1.60903 0.718186 0.625379 0.314555 0.461961 0.616369 0.454653 0.313114 0.394064 0.208136 0.223527 0.202473 0.15239 0.216337 0.186676 0.133991 0.165429 0.277344 0.142989 0.292179
BD_Bspro_t
 0.973753 0.824973 0.653423 0.581999 0.597251 0.679325 0.654439 0.500207 0.572709 0.533229 0.510912 0.714537 0.600502 0.395322 0.187304 0.465372 0.592074 0.555256 0.588663 0.507709 0.548275 0.60196 0.618939 0.612909 0.701923 0.72392 0.727579 0.754911 0.807582 0.763923 0.727663 0.722027 0.717404
BD_Bspro
 2.17698 1.46104 0.712718 0.42173 0.503036 0.596747 0.736807 0.460069 0.429912 0.304072 0.210126 0.362443 0.387532 0.210973 0.0674589 0.271967 0.728921 0.683259 1.0068 0.812699 1.1815 1.51094 1.41553 1.16033 1.5041 1.32477 1.09037 1.13535 1.66994 1.25093 0.93161 0.986574 0.620878
BD_Bo
 2.40921 1.6169 0.788747 0.466718 0.556697 0.660405 0.815406 0.509147 0.475773 0.336509 0.232541 0.401106 0.428873 0.233478 0.0746551 0.30098 0.806679 0.756146 1.1142 0.899394 1.30753 1.67212 1.56654 1.2841 1.66454 1.46609 1.20668 1.25646 1.84808 1.38438 1.03099 1.09182 0.68711
BD_Brms
 2.57953 1.7312 0.844509 0.499714 0.596054 0.707093 0.873053 0.545142 0.509408 0.360299 0.248981 0.429463 0.459192 0.249984 0.079933 0.322258 0.863708 0.809602 1.19297 0.962978 1.39997 1.79033 1.67728 1.37489 1.78222 1.56973 1.29199 1.34529 1.97873 1.48225 1.10388 1.169 0.735686
Sel_flota
 0.457792 0.941321 0.99673 0.999827 0.999991
 0.457792 0.941321 0.99673 0.999827 0.999991
 0.457792 0.941321 0.99673 0.999827 0.999991
 0.457792 0.941321 0.99673 0.999827 0.999991
 0.457792 0.941321 0.99673 0.999827 0.999991
 0.457792 0.941321 0.99673 0.999827 0.999991
 0.457792 0.941321 0.99673 0.999827 0.999991
 0.457792 0.941321 0.99673 0.999827 0.999991
 0.457792 0.941321 0.99673 0.999827 0.999991
 0.457792 0.941321 0.99673 0.999827 0.999991
 0.457792 0.941321 0.99673 0.999827 0.999991
 0.457792 0.941321 0.99673 0.999827 0.999991
 0.457792 0.941321 0.99673 0.999827 0.999991
 0.457792 0.941321 0.99673 0.999827 0.999991
 0.457792 0.941321 0.99673 0.999827 0.999991
 0.457792 0.941321 0.99673 0.999827 0.999991
 0.457792 0.941321 0.99673 0.999827 0.999991
 0.457792 0.941321 0.99673 0.999827 0.999991
 0.457792 0.941321 0.99673 0.999827 0.999991
 0.457792 0.941321 0.99673 0.999827 0.999991
 0.457792 0.941321 0.99673 0.999827 0.999991
 0.457792 0.941321 0.99673 0.999827 0.999991
 0.457792 0.941321 0.99673 0.999827 0.999991
 0.457792 0.941321 0.99673 0.999827 0.999991
 0.457792 0.941321 0.99673 0.999827 0.999991
 0.457792 0.941321 0.99673 0.999827 0.999991
 0.457792 0.941321 0.99673 0.999827 0.999991
 0.457792 0.941321 0.99673 0.999827 0.999991
 0.457792 0.941321 0.99673 0.999827 0.999991
 0.457792 0.941321 0.99673 0.999827 0.999991
 0.457792 0.941321 0.99673 0.999827 0.999991
 0.457792 0.941321 0.99673 0.999827 0.999991
 0.457792 0.941321 0.99673 0.999827 0.999991
Sel_reclas
 1 1 1 1 1
 1 1 1 1 1
 1 1 1 1 1
 1 1 1 1 1
 1 1 1 1 1
 1 1 1 1 1
 1 1 1 1 1
 1 1 1 1 1
 1 1 1 1 1
 1 1 1 1 1
 1 1 1 1 1
 1 1 1 1 1
 1 1 1 1 1
 1 1 1 1 1
 1 1 1 1 1
 1 1 1 1 1
 1 1 1 1 1
 1 1 1 1 1
 1 1 1 1 1
 1 1 1 1 1
 1 1 1 1 1
 1 1 1 1 1
 1 1 1 1 1
 1 1 1 1 1
 1 1 1 1 1
 1 1 1 1 1
 1 1 1 1 1
 1 1 1 1 1
 1 1 1 1 1
 1 1 1 1 1
 1 1 1 1 1
 1 1 1 1 1
 1 1 1 1 1
Sel_pelaces
 1 1 1 1 1
 1 1 1 1 1
 1 1 1 1 1
 1 1 1 1 1
 1 1 1 1 1
 1 1 1 1 1
 1 1 1 1 1
 1 1 1 1 1
 1 1 1 1 1
 1 1 1 1 1
 1 1 1 1 1
 1 1 1 1 1
 1 1 1 1 1
 1 1 1 1 1
 1 1 1 1 1
 1 1 1 1 1
 1 1 1 1 1
 1 1 1 1 1
 1 1 1 1 1
 1 1 1 1 1
 1 1 1 1 1
 1 1 1 1 1
 1 1 1 1 1
 1 1 1 1 1
 1 1 1 1 1
 1 1 1 1 1
 1 1 1 1 1
 1 1 1 1 1
 1 1 1 1 1
 1 1 1 1 1
 1 1 1 1 1
 1 1 1 1 1
 1 1 1 1 1
pf_obs 
 0.8446 0.082 0.0669 0.0065 0
 0.8095 0.147 0.0364 0.0071 0
 0.9664 0.0169 0.016 0.0007 0
 0.9276 0.0648 0.0075 0.0001 0
 0.7033 0.2144 0.0806 0.0017 0
 0.9318 0.0425 0.0243 0.0014 0
 0.5671 0.3108 0.0964 0.0239 0.0018
 0.0768 0.2599 0.5324 0.112 0.0189
 0.490249 0.384438 0.106611 0.0170017 0.00170017
 0.7925 0.1577 0.0466 0.003 0.0002
 0.840416 0.127587 0.0312969 0.00059994 9.999e-05
 0.8084 0.0986 0.0794 0.0134 0.0002
 0.7335 0.1905 0.0724 0.0035 0.0001
 0.4001 0.4547 0.1325 0.0127 0
 0.49795 0.308269 0.164784 0.0264974 0.00249975
 0.9179 0.0499 0.0305 0.0017 0
 0.2467 0.6533 0.0926 0.0074 0
 0.9418 0.0223 0.034 0.0019 0
 0.707729 0.231977 0.0356964 0.0245975 0
 0.517169 0.277429 0.184464 0.0207286 0.00020938
 0.811772 0.124168 0.05621 0.00726502 0.000585176
 0.764997 0.148141 0.077277 0.00933861 0.000247198
 0.163321 0.427699 0.378323 0.0303852 0.000271297
 0.753843 0.0900009 0.118128 0.0371064 0.000921714
 0.721811 0.176058 0.0630433 0.0369309 0.00215725
 0.143369 0.312575 0.442814 0.0836902 0.0175525
 0.692698 0.0596174 0.167031 0.0765114 0.00414204
 0.394062 0.376323 0.152708 0.0712218 0.00568511
 0.125707 0.32114 0.495352 0.0537591 0.00404204
 0.23352 0.215282 0.420074 0.123614 0.00750983
 0.796117 0.104755 0.0508955 0.0450114 0.00322123
 0.162477 0.292055 0.404252 0.121198 0.0200186
 0 0 0 0 0
pf_pred 
 0.352403 0.12941 0.490139 0.0280465 1.08596e-06
 0.288911 0.38351 0.0686692 0.244939 0.0139706
 0.497276 0.237332 0.147569 0.024768 0.0930552
 0.630188 0.253813 0.0566797 0.0330381 0.0262818
 0.534348 0.370534 0.0667428 0.0138926 0.0144825
 0.611845 0.272778 0.0929163 0.0157757 0.00668472
 0.362706 0.494146 0.102537 0.0327278 0.0078827
 0.347997 0.374626 0.218697 0.0420827 0.0165976
 0.409128 0.309543 0.165639 0.0912764 0.0244132
 0.585133 0.253083 0.0875269 0.0437874 0.0304695
 0.728772 0.207409 0.0400224 0.0128976 0.010899
 0.606944 0.332914 0.0466287 0.00848482 0.00502842
 0.407519 0.462271 0.111483 0.0145324 0.0041947
 0.415733 0.362391 0.175893 0.0393925 0.00659013
 0.878847 0.0860907 0.0227072 0.00980745 0.00254729
 0.866571 0.126448 0.00507603 0.00123582 0.000669413
 0.287588 0.668861 0.0414338 0.00154118 0.000576005
 0.797757 0.0941241 0.101904 0.00591419 0.000301113
 0.566164 0.391394 0.0205019 0.0206838 0.00125667
 0.602084 0.300786 0.0882779 0.00428543 0.00456699
 0.609841 0.302238 0.06758 0.0184933 0.0018472
 0.616734 0.296174 0.0684498 0.014341 0.00430103
 0.21737 0.611592 0.134191 0.0289831 0.00786391
 0.603034 0.146207 0.198566 0.040979 0.0112143
 0.537427 0.354636 0.0413355 0.052776 0.013825
 0.299765 0.496321 0.158594 0.0173917 0.0279279
 0.610157 0.183309 0.14892 0.0448426 0.0127714
 0.586087 0.318877 0.046168 0.0352695 0.0135988
 0.308499 0.51645 0.13675 0.0186381 0.0196624
 0.393453 0.290111 0.239834 0.0598849 0.0167173
 0.518715 0.278285 0.100172 0.0779983 0.0248303
 0.37391 0.438476 0.111453 0.0376491 0.0385121
 0.664639 0.185482 0.106845 0.0255986 0.0174349
pobs_RECLAS
 0 0 0 0 0
 0 0 0 0 0
 0 0 0 0 0
 0 0 0 0 0
 0 0 0 0 0
 0 0 0 0 0
 0 0 0 0 0
 0 0 0 0 0
 0 0 0 0 0
 0 0 0 0 0
 0.991045 0.00858322 0.000360255 1.14367e-05 0
 0.934742 0.0480273 0.0164251 0.00080598 0
 0.827803 0.169806 0.00239088 0 0
 0.941827 0.0461693 0.0120037 0 0
 0.791401 0.0380133 0.147996 0.0225897 0
 0.846168 0.0940531 0.0597789 0 0
 0.134021 0.677848 0.182769 0.00536245 0
 0.80878 0.0450904 0.141981 0.00414843 0
 0.846168 0.0940531 0.0597789 0 0
 0.905697 0.0802665 0.012482 0.00150086 5.37128e-05
 0.989698 0.0102097 9.19794e-05 0 0
 0.975433 0.0193895 0.00387452 0.00125025 5.28907e-05
 0.303575 0.632131 0.0575291 0.00676475 0
 0.966965 0.00978017 0.0227588 0.000495775 0
 0.843318 0.132988 0.00938335 0.0141283 0.000182051
 0.564624 0.303363 0.111486 0.0197234 0.00080311
 0.826376 0.0876187 0.0782897 0.00655872 0.00115652
 0.89761 0.0855135 0.0140674 0.00269457 0.000114338
 0.34875 0.467042 0.161289 0.0227151 0.000203297
 0.318654 0.224769 0.449479 0.00709798 0
 0.937255 0.0296025 0.0250945 0.00804832 0
 0.456809 0.399803 0.12412 0.0192676 0
 0.883104 0.0372192 0.0704036 0.00927362 0
ppred_RECLAS
 0.541431 0.0959822 0.34302 0.0195663 7.57482e-07
 0.465704 0.296303 0.0500163 0.177835 0.0101415
 0.680377 0.155709 0.0912777 0.0152712 0.0573652
 0.785381 0.150128 0.0315656 0.0183391 0.0145862
 0.706075 0.23665 0.0402278 0.00834716 0.00870018
 0.769926 0.164516 0.0528296 0.00894092 0.00378795
 0.551047 0.35291 0.068862 0.0219059 0.00527525
 0.530331 0.276528 0.152383 0.0292308 0.0115268
 0.598769 0.216271 0.109046 0.0598963 0.0160174
 0.752766 0.154434 0.0502833 0.0250731 0.0174441
 0.849168 0.116918 0.0212936 0.00684055 0.0057796
 0.766883 0.199259 0.0262705 0.00476463 0.00282321
 0.595915 0.319453 0.0724955 0.00941895 0.00271826
 0.631036 0.235328 0.10603 0.0236495 0.00395557
 0.940609 0.0429716 0.0106468 0.00458279 0.00119007
 0.932771 0.0639148 0.00241236 0.000585351 0.000317014
 0.458187 0.510485 0.02981 0.00110527 0.000413016
 0.895571 0.0501725 0.051147 0.00295872 0.000150613
 0.736427 0.239223 0.0117828 0.0118476 0.000719685
 0.763671 0.181236 0.0500874 0.00242355 0.00258233
 0.767757 0.182292 0.0384238 0.010481 0.00104672
 0.773766 0.177183 0.0385788 0.00805655 0.00241584
 0.36861 0.499661 0.103421 0.0222666 0.00604053
 0.766042 0.0894096 0.114538 0.0235629 0.00644712
 0.709657 0.225674 0.0248146 0.0315826 0.00827189
 0.473988 0.379128 0.114321 0.0124973 0.0200651
 0.770233 0.111437 0.0853974 0.0256334 0.0072993
 0.748464 0.196402 0.0268282 0.0204305 0.00787603
 0.483512 0.391379 0.0978044 0.0132883 0.0140162
 0.580688 0.206718 0.161254 0.0401372 0.0112027
 0.697166 0.179542 0.0609389 0.0472986 0.0150547
 0.556999 0.315693 0.0757274 0.0255005 0.0260807
 0.809235 0.10832 0.0588287 0.0140495 0.00956732
pobs_PELACES
 0 0 0 0 0
 0 0 0 0 0
 0 0 0 0 0
 0 0 0 0 0
 0 0 0 0 0
 0 0 0 0 0
 0 0 0 0 0
 0 0 0 0 0
 0 0 0 0 0
 0 0 0 0 0
 0 0 0 0 0
 0 0 0 0 0
 0 0 0 0 0
 0 0 0 0 0
 0 0 0 0 0
 0 0 0 0 0
 0.505614 0.472636 0.0217494 0 0
 0 0 0 0 0
 0.443492 0.261883 0.143347 0.151278 0
 0.227955 0.32914 0.350689 0.0885471 0.00366901
 0.970185 0.0296113 0.000203453 0 0
 0.997202 0.00247181 0.000326279 0 0
 0.445219 0.490057 0.0546422 0.010081 0
 0.90214 0.0892962 0.00764917 0.000914606 0
 0 0 0 0 0
 0.581667 0.319106 0.0959925 0.00289975 0.000334073
 0.762889 0.0836404 0.116647 0.0363945 0.000428098
 0.88444 0.0763242 0.0277011 0.0115352 0
 0.521256 0.241999 0.230069 0.00667565 0
 0.616807 0.101726 0.260614 0.0208532 0
 0.833518 0.0704572 0.0857862 0.0102388 0
 0.697417 0.212968 0.0787535 0.0105354 0.000325836
 0 0 0 0 0
ppred_PELACES
 0.548668 0.0946973 0.337392 0.019242 7.4492e-07
 0.478469 0.289974 0.0486758 0.173015 0.00986642
 0.691197 0.150867 0.0879609 0.0147118 0.0552631
 0.798155 0.141566 0.0295113 0.0171374 0.0136301
 0.71086 0.232917 0.0394905 0.00819299 0.00853941
 0.778729 0.158475 0.0506063 0.00856197 0.00362734
 0.575607 0.334411 0.0645278 0.0205143 0.00493997
 0.534326 0.274376 0.150932 0.0289496 0.0114159
 0.613794 0.208845 0.104583 0.0574231 0.0153557
 0.767301 0.145844 0.0470727 0.0234607 0.0163219
 0.851715 0.115003 0.020898 0.00671264 0.0056715
 0.781032 0.187415 0.0244847 0.00443848 0.00262988
 0.616754 0.303601 0.0682283 0.00885969 0.00255679
 0.690848 0.199297 0.0871922 0.0194158 0.00324717
 0.946882 0.0385745 0.00943262 0.00405719 0.00105354
 0.938797 0.0582184 0.00217238 0.000526783 0.000285286
 0.470754 0.498811 0.0289612 0.00107345 0.000401121
 0.902654 0.0469757 0.0474854 0.0027456 0.000139761
 0.755266 0.222361 0.0108295 0.0108822 0.000661023
 0.77685 0.171462 0.046994 0.00227281 0.00242166
 0.776762 0.175442 0.0367688 0.0100264 0.0010013
 0.784849 0.168769 0.0364829 0.00761577 0.00228362
 0.376561 0.493765 0.101812 0.0219156 0.00594525
 0.772823 0.0870405 0.111048 0.0228397 0.00624918
 0.716441 0.220589 0.0241658 0.0307504 0.00805385
 0.480251 0.37491 0.112735 0.0123219 0.0197833
 0.776644 0.108552 0.0828581 0.0248657 0.0070806
 0.754173 0.192092 0.02615 0.0199102 0.00767541
 0.489003 0.38745 0.0965858 0.0131209 0.0138396
 0.587478 0.203687 0.158409 0.0394226 0.0110032
 0.706866 0.17416 0.0588131 0.0456357 0.0145252
 0.56281 0.311791 0.0745961 0.0251159 0.0256872
 0.816679 0.104337 0.0563636 0.0134568 0.00916354
pobs_pel_tallas
 0 0 0 0 0 0 0 0 0 0 0 0 0 0 0 0 0 0 0 0 0 0 0 0 0 0
 0 0 0 0 0 0 0 0 0 0 0 0 0 0 0 0 0 0 0 0 0 0 0 0 0 0
 0 0 0 0 0 0 0 0 0 0 0 0 0 0 0 0 0 0 0 0 0 0 0 0 0 0
 0 0 0 0 0 0 0 0 0 0 0 0 0 0 0 0 0 0 0 0 0 0 0 0 0 0
 0 0 0 0 0 0 0 0 0 0 0 0 0 0 0 0 0 0 0 0 0 0 0 0 0 0
 0 0 0 0 0 0 0 0 0 0 0 0 0 0 0 0 0 0 0 0 0 0 0 0 0 0
 0 0 0 0 0 0 0 0 0 0 0 0 0 0 0 0 0 0 0 0 0 0 0 0 0 0
 0 0 0 0 0 0 0 0 0 0 0 0 0 0 0 0 0 0 0 0 0 0 0 0 0 0
 0 0 0 0 0 0 0 0 0 0 0 0 0 0 0 0 0 0 0 0 0 0 0 0 0 0
 0 0 0 0 0 0 0 0 0 0 0 0 0 0 0 0 0 0 0 0 0 0 0 0 0 0
 0 0 0 0 0 0 0 0 0 0 0 0 0 0 0 0 0 0 0 0 0 0 0 0 0 0
 0 0 0 0 0 0 0 0 0 0 0 0 0 0 0 0 0 0 0 0 0 0 0 0 0 0
 0.00862536 0 0 0.000197151 0.00414017 0.0128641 0.00837892 0.0270097 0.101434 0.158115 0.152841 0.127902 0.109271 0.109419 0.0830992 0.0579132 0.0238553 0.00714673 0.00463305 0.00128148 0.00103504 0.000492878 0.000147863 0.000147863 4.92878e-05 0
 0 0 0 0 0 0 0 0 0 0 0 0 0 0 0 0 0 0 0 0 0 0 0 0 0 0
 0 0 0 0 0 0 0 0.0054083 0.00873648 0.0413646 0.0450493 0.0745869 0.0622846 0.0627006 0.0613931 0.0827291 0.12552 0.122667 0.0946155 0.0697135 0.0546179 0.0294188 0.0215738 0.0213955 0.0102223 0.00600262
 0 0 0 0 0.00359764 0.0251062 0.0480494 0.140153 0.205849 0.193036 0.1447 0.116669 0.0760912 0.0342217 0.00950174 0.001854 0.000860785 0 0 0 0.000165536 0 0.000143464 0 0 0
 0 0 0 0 0 0 0 0.000145254 0.000435761 0.0275982 0.070085 0.0708112 0.156366 0.174668 0.174014 0.160142 0.0824315 0.0480064 0.0283245 0.00493863 0.00203355 0 0 0 0 0
 0 0 0 0 0 0 0 0 0 0 0 0 0 0 0 0 0 0 0 0 0 0 0 0 0 0
 0 0 1.00437e-05 0.000401748 0.00122533 0.00171747 0.00176769 0.0269171 0.070346 0.194647 0.189555 0.159765 0.064822 0.0314167 0.0384472 0.0292271 0.0345202 0.0313363 0.0194345 0.0106764 0.0143323 0.0359363 0.0279516 0.0138201 0.00172751 0
 0 0.0021121 0.0136068 0.0755702 0.200478 0.177729 0.0527432 0.0373336 0.0318909 0.0142505 0.0149659 0.0166563 0.0217959 0.0798694 0.0677717 0.0528807 0.04013 0.0224614 0.0357745 0.0225083 0.00881397 0.00855152 0.00135912 0.000746735 0 0
 0 0 0 0 5.4009e-05 0.00500934 0.000945158 0.0243581 0.138947 0.33067 0.221406 0.137944 0.0707744 0.0437923 0.0131692 0.00525238 0.0047753 0.00276346 9.45158e-05 9.00151e-06 2.25038e-05 9.00151e-06 4.50075e-06 0 0 0
 0.000866109 0.00284123 0.00948549 0.0512746 0.133035 0.25785 0.225252 0.132002 0.0553304 0.0519788 0.0540692 0.017754 0.00435017 0.00159236 0.00146478 0.000404838 0.000125132 0.000115318 0.000107957 0.000100596 0 0 0 0 0 0
 0 0 0 0 0.00144013 0.00171154 0.00461396 0.0210425 0.0478622 0.0707936 0.0888783 0.103762 0.0637923 0.0337046 0.0602308 0.124433 0.169614 0.0934646 0.0462172 0.0250306 0.0313229 0.00938855 0.002487 0.000210481 0 0
 0 0.00764035 0.051015 0.0998891 0.058973 0.0496711 0.0374665 0.0718981 0.12319 0.153886 0.159021 0.0857701 0.0377988 0.023471 0.0147837 0.00900784 0.00315554 0.000888139 0.00291439 0.00214683 0.00393193 0.00274676 0.000635225 9.99891e-05 0 0
 0 0 0 0 0 0 0 0 0 0 0 0 0 0 0 0 0 0 0 0 0 0 0 0 0 0
 0 0 0 0 0 0 0 0 0 0 0 0 0 0 0 0 0 0 0 0 0 0 0 0 0 0
 0 0 0 0 0 0 0 0 0 0 0 0 0 0 0 0 0 0 0 0 0 0 0 0 0 0
 0 0 0 0 0 0 0 0 0 0 0 0 0 0 0 0 0 0 0 0 0 0 0 0 0 0
 0 0 0 0 0 0 0 0 0 0 0 0 0 0 0 0 0 0 0 0 0 0 0 0 0 0
 0 0 0 0 0 0 0 0 0 0 0 0 0 0 0 0 0 0 0 0 0 0 0 0 0 0
 0 0 0 0 0 0 0 0 0 0 0 0 0 0 0 0 0 0 0 0 0 0 0 0 0 0
 0 0 0 0 0 0 0 0 0 0 0 0 0 0 0 0 0 0 0 0 0 0 0 0 0 0
 0 0 0 0 0 0 0 0 0 0 0 0 0 0 0 0 0 0 0 0 0 0 0 0 0 0
ppred_pel_tallas
 1.11691e-16 4.51931e-05 0.000439293 0.00291926 0.0132705 0.0412896 0.0879721 0.1284 0.12841 0.0880194 0.0414499 0.0137399 0.00412181 0.00314455 0.00541707 0.00949299 0.0150849 0.0219061 0.0295834 0.0377669 0.0460227 0.0535222 0.0589027 0.0606385 0.0577965 0.050645
 1.205e-16 3.94109e-05 0.000383088 0.00254576 0.0115727 0.036007 0.0767178 0.111978 0.112006 0.0768547 0.0364671 0.0129026 0.00588857 0.00769595 0.0139764 0.0231806 0.0337385 0.0432346 0.0493155 0.051102 0.0497914 0.0478242 0.0472337 0.0484427 0.0502622 0.0508401
 1.13405e-16 5.6933e-05 0.000553409 0.0036776 0.0167178 0.0520155 0.110825 0.161755 0.16177 0.110897 0.0522565 0.0174155 0.00543483 0.0044092 0.00743852 0.0123636 0.0181781 0.0236631 0.0276275 0.0295733 0.0299774 0.0298817 0.0301206 0.0308092 0.0314074 0.031175
 1.04914e-16 6.5743e-05 0.000639045 0.00424668 0.0193048 0.0600645 0.127974 0.186785 0.186799 0.128041 0.0602888 0.019953 0.00587492 0.00419745 0.00683576 0.0112294 0.0162498 0.0206115 0.0230605 0.0230455 0.021049 0.0182452 0.0157606 0.014112 0.0131544 0.0124126
 1.03466e-16 5.85527e-05 0.000569153 0.00378222 0.0171934 0.0534953 0.113978 0.166359 0.166382 0.114088 0.0538639 0.0182581 0.00645529 0.00640644 0.0111504 0.0183566 0.0264744 0.0333709 0.0369121 0.0361168 0.0317326 0.0257102 0.0200142 0.0157012 0.012797 0.0107739
 1.02974e-16 6.41429e-05 0.000623492 0.00414332 0.018835 0.0586026 0.12486 0.18224 0.182255 0.124935 0.0588542 0.0195621 0.00597068 0.00461987 0.00767519 0.0126425 0.018335 0.0233265 0.0262004 0.026292 0.0240538 0.0206897 0.0173722 0.0146717 0.012535 0.0106421
 1.04841e-16 4.7412e-05 0.000460862 0.00306259 0.0139221 0.043317 0.0922927 0.134711 0.134743 0.0924504 0.0438465 0.0154517 0.00690367 0.00885101 0.0159967 0.0264102 0.0381333 0.0481512 0.0534176 0.0525261 0.0465281 0.0381719 0.0302046 0.0240716 0.0197707 0.0165584
 1.09261e-16 4.40118e-05 0.00042781 0.00284295 0.0129237 0.0402104 0.0856736 0.125049 0.125075 0.0858038 0.0406481 0.0141902 0.0060309 0.00741644 0.0134029 0.0223135 0.0326671 0.0421864 0.0485506 0.0506553 0.049171 0.0458741 0.0423404 0.0390937 0.0357352 0.031674
 1.11429e-16 5.05574e-05 0.000491436 0.00326577 0.0148457 0.0461906 0.0984147 0.143643 0.143664 0.0985138 0.0465237 0.0158097 0.0056923 0.00581159 0.010223 0.0170025 0.024921 0.0322669 0.0373344 0.0393723 0.0389896 0.0376048 0.036395 0.0356032 0.0346432 0.0327269
 1.06511e-16 6.32016e-05 0.000614342 0.00408252 0.0185586 0.0577426 0.123027 0.179565 0.179579 0.123096 0.0579743 0.0192284 0.00576656 0.00429931 0.00708766 0.011687 0.0169968 0.0217367 0.0246541 0.0251998 0.0238469 0.0217258 0.019872 0.0186815 0.0179025 0.017012
 1.02266e-16 7.01547e-05 0.000681928 0.00453165 0.0206002 0.0640951 0.136562 0.199318 0.199329 0.136616 0.0642771 0.0211262 0.00585231 0.00356653 0.00555331 0.00908255 0.013108 0.0165511 0.0183651 0.0180746 0.0160534 0.0132603 0.0106495 0.00871515 0.00743683 0.0065239
 1.01645e-16 6.43326e-05 0.000625336 0.00415558 0.0188907 0.058776 0.125229 0.182779 0.182797 0.125317 0.0590723 0.0197464 0.00630342 0.00531349 0.00896621 0.0147164 0.021182 0.0266126 0.0292681 0.0283442 0.0244456 0.0191705 0.0141537 0.0103128 0.00773154 0.00602561
 1.03368e-16 5.08013e-05 0.000493807 0.00328152 0.0149173 0.0464135 0.09889 0.144339 0.144368 0.0990332 0.0468944 0.0163068 0.00677113 0.00811769 0.0145475 0.024015 0.0346944 0.0438447 0.0486927 0.0479372 0.0424892 0.0347911 0.0272983 0.0213263 0.016934 0.0135523
 1.05064e-16 5.69043e-05 0.00055313 0.00367574 0.0167094 0.0519893 0.110769 0.161675 0.161694 0.110864 0.0523064 0.0176267 0.00598293 0.00560519 0.00969709 0.01606 0.0234072 0.030017 0.0341576 0.0350102 0.0330994 0.0298189 0.0264659 0.0235763 0.0209643 0.0182175
 1.00868e-16 7.79934e-05 0.000758124 0.005038 0.022902 0.0712567 0.15182 0.221587 0.22159 0.151838 0.0713179 0.0230787 0.00548196 0.00172852 0.00192461 0.00306799 0.004435 0.00562622 0.00629276 0.006277 0.00569951 0.00486829 0.00408277 0.00348723 0.00306031 0.002703
 1.00179e-16 7.73275e-05 0.000751651 0.00499498 0.0227065 0.0706483 0.150524 0.219695 0.219701 0.150551 0.0707401 0.0229717 0.00566014 0.0022021 0.00282727 0.00453928 0.0065024 0.00811557 0.00882434 0.00837527 0.00696623 0.00512001 0.00338249 0.00207681 0.00125312 0.00079344
 1.01139e-16 3.87754e-05 0.000376911 0.00250471 0.0113861 0.0354266 0.0754818 0.110178 0.110226 0.0757164 0.0362139 0.0136592 0.008207 0.0128135 0.0236237 0.038903 0.0558238 0.0697466 0.0759642 0.0722957 0.0604016 0.044705 0.0298235 0.0184905 0.0111477 0.00684588
 1.01682e-16 7.43504e-05 0.000722712 0.00480268 0.0218323 0.0679283 0.144729 0.211237 0.211241 0.144751 0.0680039 0.0220515 0.00535589 0.00194039 0.0024162 0.00395282 0.00586328 0.00773858 0.00920193 0.0100568 0.0103591 0.0103004 0.0100135 0.0094792 0.00860077 0.00734769
 1.01573e-16 6.22103e-05 0.000604706 0.00401849 0.0182675 0.056837 0.121098 0.176751 0.176772 0.121203 0.057188 0.0192808 0.00656072 0.00614962 0.010579 0.0173544 0.0249098 0.0311513 0.0339951 0.0324917 0.0274046 0.0207175 0.014476 0.00985184 0.00696599 0.00531057
 1.02038e-16 6.39881e-05 0.000621987 0.00413333 0.0187895 0.0584612 0.124558 0.1818 0.181817 0.124639 0.0587331 0.0195751 0.00610693 0.00493568 0.00827187 0.0136135 0.0196961 0.024956 0.0278339 0.0275919 0.0247226 0.0205644 0.016455 0.0131001 0.0105248 0.00843433
 1.02281e-16 6.39809e-05 0.000621917 0.00413286 0.0187874 0.0584546 0.124544 0.18178 0.181797 0.124627 0.0587324 0.0195901 0.00614888 0.00502613 0.00843782 0.0138729 0.020036 0.0253167 0.0281149 0.0276876 0.0245743 0.0201993 0.0159864 0.0126859 0.0103048 0.00847763
 1.02247e-16 6.4647e-05 0.000628392 0.00417589 0.018983 0.0590632 0.125841 0.183672 0.183688 0.125921 0.0593305 0.0197553 0.00611551 0.00486586 0.00812194 0.0133499 0.019283 0.0243704 0.0270725 0.0266736 0.0236899 0.0194883 0.0154362 0.0122559 0.009958 0.00819624
 1.06269e-16 3.1017e-05 0.000301496 0.00200355 0.00910787 0.0283382 0.0603794 0.0881354 0.0881831 0.0606122 0.0291201 0.0113669 0.00767646 0.0126938 0.0235905 0.0390142 0.0563462 0.0711655 0.0789681 0.0776575 0.0687536 0.0562781 0.0442659 0.034863 0.028121 0.023027
 1.06575e-16 6.36564e-05 0.000618763 0.0041119 0.0186921 0.0581581 0.123912 0.180855 0.180864 0.123954 0.0582991 0.0191014 0.00514713 0.00290459 0.004481 0.00750661 0.0112741 0.0151562 0.0185362 0.0211033 0.0229504 0.0243291 0.0252875 0.025539 0.0246709 0.0224836
 1.05201e-16 5.90123e-05 0.000573621 0.00381191 0.0173284 0.0539153 0.114873 0.167665 0.167686 0.114977 0.0542641 0.0183359 0.00634093 0.00609496 0.010547 0.01735 0.025009 0.0315079 0.0348484 0.034149 0.0301865 0.0248762 0.0201077 0.016832 0.0149356 0.0137257
 1.07933e-16 3.95577e-05 0.000384515 0.00255524 0.0116158 0.0361411 0.0770039 0.112397 0.112433 0.0771809 0.036736 0.0133351 0.00687566 0.00983135 0.0180259 0.0298556 0.0432799 0.0550034 0.061675 0.0617311 0.0562732 0.0482046 0.0403654 0.0341548 0.0294526 0.0254493
 1.06111e-16 6.39711e-05 0.000621822 0.00413223 0.0187845 0.0584457 0.124525 0.18175 0.181761 0.124577 0.0586197 0.0192886 0.00540311 0.00341462 0.00542241 0.00900609 0.0133038 0.0174397 0.020556 0.0222515 0.0227654 0.0226897 0.0224609 0.0220688 0.0211772 0.0194717
 1.041e-16 6.21202e-05 0.000603831 0.00401267 0.018241 0.0567547 0.120923 0.176494 0.176512 0.121013 0.0570586 0.0191187 0.00621618 0.00541526 0.00920361 0.0151279 0.0218147 0.0275005 0.0304404 0.0298541 0.0263963 0.0217101 0.0174247 0.0143743 0.012494 0.0112345
 1.06545e-16 4.02786e-05 0.000391523 0.00260181 0.0118275 0.0367998 0.0784073 0.114446 0.114483 0.0785901 0.0374139 0.013602 0.00705932 0.010133 0.0185725 0.0307224 0.0444447 0.0562916 0.0627607 0.0622201 0.0558392 0.0467067 0.0378883 0.0309648 0.025904 0.0218897
 1.1044e-16 4.83898e-05 0.000470366 0.00312575 0.0142092 0.0442103 0.0941954 0.137485 0.137505 0.0942925 0.0445368 0.0151552 0.00551069 0.00571134 0.0101039 0.0168945 0.0249597 0.0327065 0.0385167 0.0416176 0.0424335 0.0420558 0.0413025 0.0401847 0.0381329 0.0346358
 1.08777e-16 5.82237e-05 0.000565955 0.00376097 0.0170968 0.0531947 0.113338 0.165423 0.16544 0.11342 0.0534716 0.0178975 0.00577427 0.00497319 0.008465 0.0140007 0.0204007 0.0261723 0.0298492 0.0308019 0.0296056 0.0275892 0.0259273 0.0249957 0.0243862 0.0233926
 1.09099e-16 4.6358e-05 0.000450616 0.0029945 0.0136126 0.042354 0.0902408 0.131715 0.131746 0.090388 0.0428483 0.0150409 0.00658261 0.00829324 0.0149701 0.0247533 0.035841 0.0454768 0.0508879 0.0508248 0.0462962 0.039831 0.033879 0.0296056 0.0267894 0.024532
 1.04554e-16 6.72688e-05 0.000653877 0.00434524 0.0197528 0.0614585 0.130944 0.191119 0.191129 0.130994 0.0616249 0.0202345 0.00555764 0.0033119 0.0051488 0.00849356 0.012436 0.0160763 0.0185399 0.0194228 0.0189985 0.0179566 0.0168967 0.0159957 0.0150551 0.0137875
pSPR Fmed_Fpbrs
1   0.983972 0.6 0.325 0.983972 0.983972 0.983972
Fs Fmed_Fpbrs
0   0.01 0.362108 0.939677 0.01 0.01 0.01
SSBpbr Bo_Bmed_Bpbrs
1.12237e+06  1.06625e+06  1.04826e+06 617305 308652 1.04826e+06 1.04826e+06 1.04826e+06
Ro
172410
SPR SPRFo_SPRFmed_SPRFpbrs
1.2421e+06 1.2421e+06 1.22219e+06
Fref
0
Nvult_r0
 164140 25053.2 13802.4 3298.93 2246.57
CTP_r0
 19364.7 5404.15 3113.01 745.832 507.977
YTP_r0
356508
Np
 242030 89038 32755.3 12050 6063.73
Nvult_p0
 152992 56282.8 20705.3 7617.04 3833.01
CTP_p0
 0 0 0 0 0
 0 0 0 0 0
 0 0 0 0 0
 0 0 0 0 0
 0 0 0 0 0
 0 0 0 0 0
YTP_p0
 0 0 0 0 0 0
CBA_c0
0
log_Ro
11.8776
likeval ReclasPelacesDesembMPH_pf_preclas_ppelaces_ptallas_desvR_qrecl_qpela
 21.0138 17.1063 0.0843459 62.5815 238.835 138.251 112.627 0 23.4933 1.45068e-07 7.11748e-07 0.357025 2065.14 0 0
q_reclas_q_pelaces
0.947561 1.12672
M
1
N
 190547 35176.7 126299 7206.16 0.27898
 94785.5 64918.8 11051.3 39311.9 2241.91
 123344 30328.3 17925.5 3000.4 11271.1
 185002 39610.4 8437.34 4905.53 3901.82
 158290 54905.9 9370.15 1944.71 2026.98
 237179 54567 17671.7 2992.18 1267.71
 102190 75858.9 15054.6 4793.6 1154.42
 53262.8 28424.7 15705.4 3013.12 1188.2
 47424.6 18751.8 9553.37 5250.5 1404.13
 63821.5 14699.1 4849.88 2420.12 1683.82
 132987 18859.7 3446.46 1107.38 935.642
 157821 46260.2 6183.83 1122.42 665.098
 75754.1 46210 10643.2 1383.95 399.42
 39655.7 21820.7 10279.8 2298.58 384.506
 128508 6984.09 1765.17 760.645 197.538
 426932 34028.9 1306.81 317.401 171.907
 98120.8 117958 6948.52 257.756 96.3208
 498951 31255.6 32273.1 1868.25 95.1066
 394029 148565 7443.53 7491.61 455.104
 412682 109318 30594.6 1481.41 1578.52
 481403 123290 26213.7 7153.91 714.465
 609219 153448 33777.7 7058.22 2116.55
 131272 187125 38955.6 8389.87 2276.06
 356364 43903.1 56591.3 11646.1 3186.58
 354377 118348 13086.4 16660.8 4363.76
 143185 118827 35982.5 3934.42 6317.02
 322243 49125.3 37872.5 11371.9 3238.27
 391114 107369 14742.4 11230.1 4329.31
 157992 132097 33133.5 4502.65 4749.37
 147536 54664.1 42837.4 10665.3 2976.84
 182710 50316.7 17209.9 13363.4 4253.55
 100903 59200.8 14257.3 4802.07 4911.39
 242030 34768.1 19036.1 4548.27 3097.32
pred_Ctot
 8955.84 3288.79 12456.2 712.764 0.0275982
 7892.65 10477 1875.95 6691.42 381.658
 10017.2 4780.84 2972.64 498.929 1874.51
 22998.6 9262.83 2068.51 1205.72 959.147
 6330.67 4389.89 790.733 164.592 171.581
 19803.5 8828.96 3007.41 510.609 216.363
 16117.1 21957.7 4556.31 1454.28 350.273
 1452.78 1563.95 912.991 175.682 69.2898
 4787.26 3622.01 1938.17 1068.04 285.662
 8079.51 3494.57 1208.57 604.616 420.722
 4596.98 1308.3 252.455 81.3559 68.7493
 20742.3 11377.3 1593.53 289.968 171.846
 10600.6 12024.8 2899.95 378.023 109.115
 13858.1 12080 5863.23 1313.11 219.676
 23376.9 2289.97 604.001 260.873 67.7566
 68769 10034.6 402.821 98.0715 53.123
 8416.63 19575.1 1212.61 45.1045 16.8575
 61164.9 7216.6 7813.1 453.448 23.0867
 62656.9 43315.2 2268.93 2289.06 139.074
 49856.1 24906.9 7309.94 354.859 378.174
 41115.8 20377 4556.27 1246.83 124.539
 64508.1 30978.7 7159.59 1500.01 449.872
 7600.51 21384.8 4692.11 1013.42 274.968
 22095 5357 7275.43 1501.46 410.889
 19981.2 13185.1 1536.83 1962.18 514.005
 6133.93 10155.9 3245.22 355.876 571.474
 19362.9 5817.19 4725.86 1423.05 405.291
 20392.4 11095.1 1606.38 1227.18 473.16
 5971.84 9997.3 2647.17 360.791 380.619
 6844.26 5046.58 4171.99 1041.72 290.804
 13914.7 7465.1 2687.15 2092.34 666.083
 4063.15 4764.77 1211.13 409.12 418.498
 19364.7 5404.15 3113.01 745.832 507.977
F
 0.0767607 0.157837 0.167128 0.167647 0.167675
 0.139534 0.286912 0.303801 0.304745 0.304795
 0.135888 0.279415 0.295862 0.296782 0.29683
 0.214745 0.441562 0.467554 0.469007 0.469084
 0.0650015 0.133658 0.141525 0.141965 0.141988
 0.139938 0.287744 0.304681 0.305628 0.305678
 0.279576 0.574871 0.608709 0.610601 0.610701
 0.0439462 0.0903631 0.0956821 0.0959795 0.0959952
 0.171352 0.352337 0.373077 0.374236 0.374297
 0.219062 0.45044 0.476955 0.478437 0.478515
 0.0559719 0.115091 0.121865 0.122244 0.122264
 0.228266 0.469366 0.496994 0.498538 0.49862
 0.244632 0.503017 0.532626 0.534281 0.534369
 0.7366 1.51461 1.60377 1.60875 1.60902
 0.32878 0.676044 0.715837 0.718062 0.718179
 0.286293 0.588683 0.623334 0.625271 0.625374
 0.144001 0.296097 0.313527 0.314501 0.314552
 0.211482 0.434854 0.46045 0.461881 0.461957
 0.282168 0.580201 0.614353 0.616262 0.616363
 0.208136 0.427975 0.453167 0.454575 0.454649
 0.143341 0.294741 0.31209 0.31306 0.313111
 0.180399 0.370941 0.392775 0.393996 0.39406
 0.0952828 0.195922 0.207455 0.2081 0.208134
 0.102329 0.210411 0.222796 0.223488 0.223525
 0.0926905 0.190592 0.201811 0.202438 0.202471
 0.0697627 0.143448 0.151891 0.152363 0.152388
 0.0990375 0.203643 0.21563 0.2163 0.216336
 0.0854585 0.175722 0.186065 0.186643 0.186674
 0.06134 0.126129 0.133553 0.133968 0.13399
 0.0757321 0.155722 0.164888 0.165401 0.165428
 0.126966 0.261069 0.276437 0.277296 0.277341
 0.065459 0.134598 0.142521 0.142964 0.142987
 0.133757 0.275034 0.291224 0.292129 0.292176
YTP_r0W_actual
 146010 94302.5 74930.1 23359.5 17906.2
YTP_p0W_proyectada
 0 0 0 0 0
 0 0 0 0 0
 0 0 0 0 0
 0 0 0 0 0
 0 0 0 0 0
 0 0 0 0 0
CTP_r0_actual
 19364.7 5404.15 3113.01 745.832 507.977
CTP_p0_proyectada
 0 0 0 0 0
 0 0 0 0 0
 0 0 0 0 0
 0 0 0 0 0
 0 0 0 0 0
 0 0 0 0 0
Wmedp
 7.54 17.45 24.07 31.32 35.25
Frms_r0
 0.133757 0.275034 0.291224 0.292129 0.292176
Zrms_r0
 1.13376 1.27503 1.29122 1.29213 1.29218
nmprior
 7.29 8.9 8.7 0
nm_flota  nm_reclas  nm_pelaces    nm_pelaL
inf 10.5468 17.6086 55.4642
cv_recla  cv_pelaces  cv_mph
0.396993 0.453073 0.634279
 ------------------------------------------------
Talla a la edad & desviaci?n 
 8 13.2811 15.8009 17.003 17.5766
 0.8 1.32811 1.58009 1.7003 1.75766
