years
 1991 1992 1993 1994 1995 1996 1997 1998 1999 2000 2001 2002 2003 2004 2005 2006 2007 2008 2009 2010 2011 2012 2013 2014 2015 2016 2017 2018 2019 2020 2021 2022 2023
reclasobs
 0 0 0 0 0 0 0 0 0 252601 567819 844713 477998 351125 339783 2.1784e+06 2.13404e+06 4.81314e+06 1.55562e+06 2.62356e+06 3.21686e+06 3.843e+06 1.13348e+06 3.07943e+06 1.97215e+06 2.03268e+06 2.025e+06 2.42433e+06 2.27542e+06 1.05018e+06 2.36338e+06 3.18982e+06 1.53035e+06
reclaspred
 2.96199e+06 1.61075e+06 852799 916983 970267 1.51211e+06 873110 818801 595865 439139 612806 837981 646588 240489 625749 1.35346e+06 1.25585e+06 2.31552e+06 1.93873e+06 1.86527e+06 3.40335e+06 2.71461e+06 2.12589e+06 3.08301e+06 2.40584e+06 2.16933e+06 2.5332e+06 2.82781e+06 2.45862e+06 1.89512e+06 1.70554e+06 1.6511e+06 1.59243e+06
pelacesobs
 0 0 0 0 0 0 0 0 0 0 0 0 0 0 0 552880 188675 0 991730 2.46772e+06 1.41603e+06 1.21717e+06 2.29649e+06 1.80582e+06 0 1.4828e+06 1.56532e+06 1.57751e+06 1.42118e+06 867257 1.10002e+06 1.06204e+06 0
pelacespred
 1.57673e+06 940100 481649 434794 495246 804274 409653 505484 344726 239350 350362 409125 334560 108140 358048 642628 594042 1.24448e+06 1.05479e+06 901104 1.75165e+06 1.47711e+06 1.17331e+06 1.87534e+06 1.38294e+06 1.24945e+06 1.69004e+06 1.68694e+06 1.32311e+06 1.16777e+06 929968 909875 878338
mphobs
 0 0 0 0 0 0 0 0 0 0 0 0 498337 0 5186 125008 0 168611 109162 213762 579715 649985 157893 87575 83554 210694 70296 0 107559 103333 445601 22526 28222
mphpred
 563366 380171 182461 108038 125836 152028 188242 108011 102666 69849.8 47582.4 95092.6 113028 57476 15862.7 73173.4 194552 174521 259708 315877 458972 555576 108408 90437.9 126260 105702 91410.4 99356 143481 112756 73349.8 75356.4 50372.1
desembarqueobs
 494567 514787 250237 358949 120608 361735 552515 73892 212993 205616 52469 317467 293654 387597 252695 516296 358380 742168 942051 627588 828172 859565 418607 520667 417249 300574 415391 372974 316634 284311 391294 218835 356480
desembarquepred
 494570 513676 250796 359010 120617 361772 552609 73898.7 213067 205683 52471.6 317497 293855 388103 252649 516224 358424 742062 941684 627345 828296 859617 418644 520739 417236 300591 415414 372957 316609 284271 391312 218861 356513
Reclutas
 179470 87595.6 110004 156699 135170 208826 86868.9 44031.4 40048.3 54645.5 117378 154071 73206 36905.6 114681 382368 83583.7 455839 354446 376158 422211 539901 112377 305443 307935 121769 276355 336822 136573 129023 156410 84781 202624
log_desv_Rt
 0.169341 -0.547934 -0.320146 0.0336628 -0.114135 0.320837 -0.556265 -1.23576 -1.33058 -1.0198 -0.255269 0.0167469 -0.727387 -1.4123 -0.27851 0.925718 -0.594816 1.10147 0.84989 0.909344 1.02484 1.27072 -0.298804 0.7011 0.709224 -0.218536 0.601023 0.798891 -0.103803 -0.160678 0.031813 -0.580593 0.290688
SSB
 2.17138e+06 1.46529e+06 703262 416411 485008 585961 725543 416309 395704 269222 183397 366515 415350 215101 58926.5 272553 749861 672657 1.03579e+06 812886 1.20979e+06 1.53597e+06 1.43467e+06 1.15531e+06 1.51208e+06 1.34049e+06 1.09541e+06 1.14644e+06 1.71399e+06 1.27025e+06 941716 989048 613706
BT
 3.06409e+06 2.07886e+06 1.05083e+06 1.02173e+06 923139 1.64815e+06 1.18736e+06 907930 790920 596118 631338 948133 821200 577102 847503 1.5054e+06 1.27544e+06 2.73034e+06 2.67293e+06 2.05406e+06 3.57382e+06 3.29028e+06 2.32436e+06 3.61527e+06 2.70607e+06 2.34985e+06 3.24709e+06 3.17857e+06 2.47186e+06 2.22253e+06 1.91664e+06 1.70154e+06 1.78606e+06
Ftot
 0.207664 0.378278 0.369958 0.592497 0.181064 0.380125 0.791119 0.128806 0.506891 0.665816 0.157529 0.589178 0.615048 2.00292 0.879099 0.753316 0.385219 0.560611 0.745245 0.552623 0.380624 0.480711 0.256144 0.277263 0.25014 0.187128 0.266953 0.228577 0.162973 0.202161 0.34277 0.177653 0.369096
BD_Bspro_t
 0.967637 0.791479 0.59722 0.518931 0.530894 0.622937 0.59681 0.421021 0.495905 0.446731 0.422028 0.668867 0.56142 0.344375 0.139267 0.41185 0.544945 0.497042 0.541036 0.453216 0.498411 0.55144 0.568447 0.557319 0.654374 0.679905 0.682287 0.714024 0.77564 0.725186 0.684254 0.676369 0.667913
BD_Bspro
 1.98928 1.3424 0.644281 0.381488 0.444333 0.536819 0.664694 0.381395 0.362518 0.246643 0.168016 0.335777 0.380516 0.197061 0.0539846 0.249695 0.686972 0.616244 0.948925 0.744713 1.10833 1.40716 1.31435 1.05842 1.38527 1.22806 1.00354 1.05029 1.57024 1.16372 0.862738 0.9061 0.562237
BD_Bo
 2.39896 1.61886 0.776968 0.460053 0.535841 0.647374 0.801585 0.459941 0.437177 0.297439 0.202618 0.404929 0.458881 0.237645 0.0651025 0.301118 0.828451 0.743157 1.14435 0.898083 1.33658 1.69695 1.58503 1.2764 1.67056 1.48098 1.21022 1.26659 1.89363 1.40338 1.04041 1.09271 0.678026
BD_Brms
 2.56815 1.73304 0.831765 0.492499 0.573631 0.693031 0.858118 0.492379 0.468009 0.318416 0.216908 0.433487 0.491245 0.254405 0.0696939 0.322355 0.886879 0.795569 1.22506 0.961421 1.43085 1.81663 1.69682 1.36642 1.78837 1.58543 1.29557 1.35592 2.02718 1.50236 1.11379 1.16977 0.725845
Sel_flota
 0.444691 0.938329 0.996553 0.999818 0.99999
 0.444691 0.938329 0.996553 0.999818 0.99999
 0.444691 0.938329 0.996553 0.999818 0.99999
 0.444691 0.938329 0.996553 0.999818 0.99999
 0.444691 0.938329 0.996553 0.999818 0.99999
 0.444691 0.938329 0.996553 0.999818 0.99999
 0.444691 0.938329 0.996553 0.999818 0.99999
 0.444691 0.938329 0.996553 0.999818 0.99999
 0.444691 0.938329 0.996553 0.999818 0.99999
 0.444691 0.938329 0.996553 0.999818 0.99999
 0.444691 0.938329 0.996553 0.999818 0.99999
 0.444691 0.938329 0.996553 0.999818 0.99999
 0.444691 0.938329 0.996553 0.999818 0.99999
 0.444691 0.938329 0.996553 0.999818 0.99999
 0.444691 0.938329 0.996553 0.999818 0.99999
 0.444691 0.938329 0.996553 0.999818 0.99999
 0.444691 0.938329 0.996553 0.999818 0.99999
 0.444691 0.938329 0.996553 0.999818 0.99999
 0.444691 0.938329 0.996553 0.999818 0.99999
 0.444691 0.938329 0.996553 0.999818 0.99999
 0.444691 0.938329 0.996553 0.999818 0.99999
 0.444691 0.938329 0.996553 0.999818 0.99999
 0.444691 0.938329 0.996553 0.999818 0.99999
 0.444691 0.938329 0.996553 0.999818 0.99999
 0.444691 0.938329 0.996553 0.999818 0.99999
 0.444691 0.938329 0.996553 0.999818 0.99999
 0.444691 0.938329 0.996553 0.999818 0.99999
 0.444691 0.938329 0.996553 0.999818 0.99999
 0.444691 0.938329 0.996553 0.999818 0.99999
 0.444691 0.938329 0.996553 0.999818 0.99999
 0.444691 0.938329 0.996553 0.999818 0.99999
 0.444691 0.938329 0.996553 0.999818 0.99999
 0.444691 0.938329 0.996553 0.999818 0.99999
Sel_reclas
 1 1 1 1 1
 1 1 1 1 1
 1 1 1 1 1
 1 1 1 1 1
 1 1 1 1 1
 1 1 1 1 1
 1 1 1 1 1
 1 1 1 1 1
 1 1 1 1 1
 1 1 1 1 1
 1 1 1 1 1
 1 1 1 1 1
 1 1 1 1 1
 1 1 1 1 1
 1 1 1 1 1
 1 1 1 1 1
 1 1 1 1 1
 1 1 1 1 1
 1 1 1 1 1
 1 1 1 1 1
 1 1 1 1 1
 1 1 1 1 1
 1 1 1 1 1
 1 1 1 1 1
 1 1 1 1 1
 1 1 1 1 1
 1 1 1 1 1
 1 1 1 1 1
 1 1 1 1 1
 1 1 1 1 1
 1 1 1 1 1
 1 1 1 1 1
 1 1 1 1 1
Sel_pelaces
 1 1 1 1 1
 1 1 1 1 1
 1 1 1 1 1
 1 1 1 1 1
 1 1 1 1 1
 1 1 1 1 1
 1 1 1 1 1
 1 1 1 1 1
 1 1 1 1 1
 1 1 1 1 1
 1 1 1 1 1
 1 1 1 1 1
 1 1 1 1 1
 1 1 1 1 1
 1 1 1 1 1
 1 1 1 1 1
 1 1 1 1 1
 1 1 1 1 1
 1 1 1 1 1
 1 1 1 1 1
 1 1 1 1 1
 1 1 1 1 1
 1 1 1 1 1
 1 1 1 1 1
 1 1 1 1 1
 1 1 1 1 1
 1 1 1 1 1
 1 1 1 1 1
 1 1 1 1 1
 1 1 1 1 1
 1 1 1 1 1
 1 1 1 1 1
 1 1 1 1 1
pf_obs 
 0.8446 0.082 0.0669 0.0065 0
 0.8095 0.147 0.0364 0.0071 0
 0.9664 0.0169 0.016 0.0007 0
 0.9276 0.0648 0.0075 0.0001 0
 0.7033 0.2144 0.0806 0.0017 0
 0.9318 0.0425 0.0243 0.0014 0
 0.5671 0.3108 0.0964 0.0239 0.0018
 0.0768 0.2599 0.5324 0.112 0.0189
 0.490249 0.384438 0.106611 0.0170017 0.00170017
 0.7925 0.1577 0.0466 0.003 0.0002
 0.840416 0.127587 0.0312969 0.00059994 9.999e-05
 0.8084 0.0986 0.0794 0.0134 0.0002
 0.7335 0.1905 0.0724 0.0035 0.0001
 0.4001 0.4547 0.1325 0.0127 0
 0.49795 0.308269 0.164784 0.0264974 0.00249975
 0.9179 0.0499 0.0305 0.0017 0
 0.2467 0.6533 0.0926 0.0074 0
 0.9418 0.0223 0.034 0.0019 0
 0.707729 0.231977 0.0356964 0.0245975 0
 0.517169 0.277429 0.184464 0.0207286 0.00020938
 0.811772 0.124168 0.05621 0.00726502 0.000585176
 0.764997 0.148141 0.077277 0.00933861 0.000247198
 0.163321 0.427699 0.378323 0.0303852 0.000271297
 0.753843 0.0900009 0.118128 0.0371064 0.000921714
 0.721811 0.176058 0.0630433 0.0369309 0.00215725
 0.143369 0.312575 0.442814 0.0836902 0.0175525
 0.692698 0.0596174 0.167031 0.0765114 0.00414204
 0.394062 0.376323 0.152708 0.0712218 0.00568511
 0.125707 0.32114 0.495352 0.0537591 0.00404204
 0.23352 0.215282 0.420074 0.123614 0.00750983
 0.796117 0.104755 0.0508955 0.0450114 0.00322123
 0.162477 0.292055 0.404252 0.121198 0.0200186
 0 0 0 0 0
pf_pred 
 0.380349 0.139418 0.452259 0.0279732 1.11437e-06
 0.300639 0.40477 0.0696713 0.211861 0.0130584
 0.506403 0.246008 0.147725 0.0236882 0.0761756
 0.630614 0.260372 0.0563049 0.0315 0.0212085
 0.547498 0.365008 0.0631209 0.0126159 0.011758
 0.626356 0.2695 0.0850373 0.0137981 0.0053091
 0.368661 0.501608 0.0954216 0.0280351 0.00627434
 0.364425 0.382452 0.204646 0.0357013 0.012775
 0.429703 0.314058 0.158012 0.0794676 0.0187597
 0.617564 0.247302 0.0770019 0.0359058 0.0222269
 0.755015 0.196568 0.0322212 0.00924643 0.00694872
 0.637875 0.314317 0.0388376 0.00597695 0.00299359
 0.420243 0.470016 0.0962284 0.0109855 0.00252617
 0.430216 0.367831 0.166197 0.0313712 0.00438509
 0.896869 0.0782517 0.016856 0.0066119 0.00141131
 0.875164 0.119753 0.00394047 0.000775063 0.000367059
 0.286695 0.675297 0.0365838 0.00110528 0.000318833
 0.815595 0.0878549 0.0917427 0.00462799 0.000179445
 0.575235 0.389395 0.0175438 0.0169427 0.00088401
 0.621371 0.293492 0.0785966 0.00325177 0.0032887
 0.613881 0.308155 0.0614682 0.0152341 0.00126219
 0.626662 0.292638 0.0653207 0.0121359 0.00324422
 0.217939 0.623656 0.126143 0.0261339 0.00612798
 0.61076 0.147299 0.195502 0.037008 0.00943044
 0.546433 0.353815 0.0393497 0.0488428 0.0115589
 0.299794 0.50708 0.152867 0.0159165 0.024343
 0.616203 0.183892 0.147307 0.0416645 0.0109334
 0.591454 0.319565 0.0441361 0.0330777 0.0117674
 0.311749 0.521679 0.132157 0.0171018 0.0173139
 0.400614 0.293978 0.234995 0.0559057 0.0145075
 0.520866 0.284928 0.0984174 0.0737645 0.0220241
 0.37499 0.444874 0.110191 0.0355131 0.0344321
 0.668629 0.186633 0.104924 0.0243883 0.0154258
pobs_RECLAS
 0 0 0 0 0
 0 0 0 0 0
 0 0 0 0 0
 0 0 0 0 0
 0 0 0 0 0
 0 0 0 0 0
 0 0 0 0 0
 0 0 0 0 0
 0 0 0 0 0
 0 0 0 0 0
 0.991045 0.00858322 0.000360255 1.14367e-05 0
 0.934742 0.0480273 0.0164251 0.00080598 0
 0.827803 0.169806 0.00239088 0 0
 0.941827 0.0461693 0.0120037 0 0
 0.791401 0.0380133 0.147996 0.0225897 0
 0.846168 0.0940531 0.0597789 0 0
 0.134021 0.677848 0.182769 0.00536245 0
 0.80878 0.0450904 0.141981 0.00414843 0
 0.846168 0.0940531 0.0597789 0 0
 0.905697 0.0802665 0.012482 0.00150086 5.37128e-05
 0.989698 0.0102097 9.19794e-05 0 0
 0.975433 0.0193895 0.00387452 0.00125025 5.28907e-05
 0.303575 0.632131 0.0575291 0.00676475 0
 0.966965 0.00978017 0.0227588 0.000495775 0
 0.843318 0.132988 0.00938335 0.0141283 0.000182051
 0.564624 0.303363 0.111486 0.0197234 0.00080311
 0.826376 0.0876187 0.0782897 0.00655872 0.00115652
 0.89761 0.0855135 0.0140674 0.00269457 0.000114338
 0.34875 0.467042 0.161289 0.0227151 0.000203297
 0.318654 0.224769 0.449479 0.00709798 0
 0.937255 0.0296025 0.0250945 0.00804832 0
 0.456809 0.399803 0.12412 0.0192676 0
 0.883104 0.0372192 0.0704036 0.00927362 0
ppred_RECLAS
 0.578253 0.0994956 0.303539 0.018712 7.45302e-07
 0.487142 0.304941 0.0493014 0.149409 0.0092074
 0.694777 0.157004 0.0885617 0.0141529 0.045504
 0.791492 0.149808 0.0303706 0.0169313 0.0113975
 0.722564 0.22643 0.0368317 0.00733705 0.00683692
 0.785804 0.157181 0.0465846 0.00753306 0.00289798
 0.567265 0.348496 0.0620204 0.0181556 0.0040625
 0.554835 0.274396 0.138153 0.0240216 0.00859416
 0.62708 0.211347 0.0997687 0.0500021 0.0118017
 0.783755 0.143104 0.0417419 0.019395 0.0120039
 0.868903 0.106457 0.0164166 0.0046954 0.00352799
 0.794826 0.179583 0.0208032 0.0031903 0.00159758
 0.615823 0.315225 0.0604896 0.00688117 0.00158207
 0.662626 0.224362 0.0930812 0.0174875 0.00244381
 0.951734 0.0372196 0.00749274 0.00292824 0.000624911
 0.939469 0.0582199 0.00179296 0.000351391 0.000166382
 0.464567 0.508552 0.0258765 0.000779124 0.000224708
 0.908688 0.0449719 0.0440401 0.00221386 8.58239e-05
 0.750297 0.230169 0.0097064 0.00934004 0.000487239
 0.783585 0.17014 0.0427317 0.00176176 0.00178144
 0.775933 0.181069 0.0339247 0.00837918 0.000694115
 0.786468 0.169654 0.0355391 0.00658 0.00175868
 0.376005 0.503779 0.0957982 0.0197806 0.00463742
 0.777111 0.087649 0.109353 0.0206307 0.00525623
 0.722814 0.219202 0.0229206 0.0283548 0.00670915
 0.480926 0.382241 0.108387 0.0112476 0.0171993
 0.779895 0.108907 0.0820129 0.0231188 0.00606568
 0.757824 0.191992 0.0249344 0.0186246 0.00662456
 0.494172 0.389049 0.0927165 0.0119582 0.0121044
 0.594901 0.204978 0.154102 0.036539 0.0094802
 0.70531 0.179764 0.0583393 0.0435776 0.0130088
 0.565008 0.315126 0.0734207 0.0235839 0.022862
 0.816758 0.106055 0.0560082 0.0129741 0.00820475
pobs_PELACES
 0 0 0 0 0
 0 0 0 0 0
 0 0 0 0 0
 0 0 0 0 0
 0 0 0 0 0
 0 0 0 0 0
 0 0 0 0 0
 0 0 0 0 0
 0 0 0 0 0
 0 0 0 0 0
 0 0 0 0 0
 0 0 0 0 0
 0 0 0 0 0
 0 0 0 0 0
 0 0 0 0 0
 0 0 0 0 0
 0.505614 0.472636 0.0217494 0 0
 0 0 0 0 0
 0.443492 0.261883 0.143347 0.151278 0
 0.227955 0.32914 0.350689 0.0885471 0.00366901
 0.970185 0.0296113 0.000203453 0 0
 0.997202 0.00247181 0.000326279 0 0
 0.445219 0.490057 0.0546422 0.010081 0
 0.90214 0.0892962 0.00764917 0.000914606 0
 0 0 0 0 0
 0.581667 0.319106 0.0959925 0.00289975 0.000334073
 0.762889 0.0836404 0.116647 0.0363945 0.000428098
 0.88444 0.0763242 0.0277011 0.0115352 0
 0.521256 0.241999 0.230069 0.00667565 0
 0.616807 0.101726 0.260614 0.0208532 0
 0.833518 0.0704572 0.0857862 0.0102388 0
 0.697417 0.212968 0.0787535 0.0105354 0.000325836
 0 0 0 0 0
ppred_PELACES
 0.587221 0.0976779 0.296807 0.0182929 7.28601e-07
 0.503311 0.296234 0.0475468 0.144033 0.00887592
 0.708135 0.150664 0.0843831 0.0134797 0.0433389
 0.807484 0.138773 0.027815 0.0154967 0.0104314
 0.728566 0.221675 0.0359331 0.00715663 0.00666873
 0.79636 0.149728 0.0440527 0.00712072 0.00273929
 0.599303 0.32366 0.0567315 0.0165932 0.00371272
 0.560248 0.27132 0.136266 0.0236903 0.00847557
 0.647161 0.200828 0.0938843 0.0470272 0.0110993
 0.802273 0.131428 0.0378489 0.0175735 0.0108762
 0.871864 0.104113 0.0160066 0.00457738 0.00343928
 0.810254 0.166315 0.0190494 0.00291948 0.00146192
 0.639725 0.296241 0.056179 0.00638657 0.00146831
 0.733831 0.179298 0.0715774 0.0134185 0.00187497
 0.958061 0.032468 0.00642671 0.00250925 0.000535467
 0.946111 0.0518605 0.00157416 0.00030826 0.000145954
 0.480299 0.493794 0.0249402 0.000750623 0.000216483
 0.916408 0.0413956 0.0401035 0.00201475 7.81028e-05
 0.772546 0.209901 0.00872583 0.00838975 0.000437646
 0.798826 0.158517 0.039392 0.00162311 0.00164119
 0.786766 0.172559 0.0320947 0.00792393 0.000656389
 0.79963 0.159501 0.0331051 0.00612617 0.00163734
 0.386071 0.496127 0.0938799 0.0193792 0.00454323
 0.785387 0.0846705 0.105076 0.0198178 0.00504904
 0.731107 0.212864 0.0221511 0.0273956 0.00648209
 0.488779 0.376819 0.106466 0.0110461 0.0168909
 0.787709 0.105317 0.0789038 0.022236 0.00583396
 0.76476 0.186668 0.0241367 0.0180243 0.00641096
 0.500991 0.384085 0.0912472 0.0117667 0.0119104
 0.603277 0.20113 0.150623 0.0357063 0.00926404
 0.717316 0.172895 0.0557418 0.041622 0.0124248
 0.572342 0.31011 0.0720059 0.0231251 0.022417
 0.826021 0.100999 0.0529612 0.0122634 0.00775513
pobs_pel_tallas
 0 0 0 0 0 0 0 0 0 0 0 0 0 0 0 0 0 0 0 0 0 0 0 0 0 0
 0 0 0 0 0 0 0 0 0 0 0 0 0 0 0 0 0 0 0 0 0 0 0 0 0 0
 0 0 0 0 0 0 0 0 0 0 0 0 0 0 0 0 0 0 0 0 0 0 0 0 0 0
 0 0 0 0 0 0 0 0 0 0 0 0 0 0 0 0 0 0 0 0 0 0 0 0 0 0
 0 0 0 0 0 0 0 0 0 0 0 0 0 0 0 0 0 0 0 0 0 0 0 0 0 0
 0 0 0 0 0 0 0 0 0 0 0 0 0 0 0 0 0 0 0 0 0 0 0 0 0 0
 0 0 0 0 0 0 0 0 0 0 0 0 0 0 0 0 0 0 0 0 0 0 0 0 0 0
 0 0 0 0 0 0 0 0 0 0 0 0 0 0 0 0 0 0 0 0 0 0 0 0 0 0
 0 0 0 0 0 0 0 0 0 0 0 0 0 0 0 0 0 0 0 0 0 0 0 0 0 0
 0 0 0 0 0 0 0 0 0 0 0 0 0 0 0 0 0 0 0 0 0 0 0 0 0 0
 0 0 0 0 0 0 0 0 0 0 0 0 0 0 0 0 0 0 0 0 0 0 0 0 0 0
 0 0 0 0 0 0 0 0 0 0 0 0 0 0 0 0 0 0 0 0 0 0 0 0 0 0
 0.00862536 0 0 0.000197151 0.00414017 0.0128641 0.00837892 0.0270097 0.101434 0.158115 0.152841 0.127902 0.109271 0.109419 0.0830992 0.0579132 0.0238553 0.00714673 0.00463305 0.00128148 0.00103504 0.000492878 0.000147863 0.000147863 4.92878e-05 0
 0 0 0 0 0 0 0 0 0 0 0 0 0 0 0 0 0 0 0 0 0 0 0 0 0 0
 0 0 0 0 0 0 0 0.0054083 0.00873648 0.0413646 0.0450493 0.0745869 0.0622846 0.0627006 0.0613931 0.0827291 0.12552 0.122667 0.0946155 0.0697135 0.0546179 0.0294188 0.0215738 0.0213955 0.0102223 0.00600262
 0 0 0 0 0.00359764 0.0251062 0.0480494 0.140153 0.205849 0.193036 0.1447 0.116669 0.0760912 0.0342217 0.00950174 0.001854 0.000860785 0 0 0 0.000165536 0 0.000143464 0 0 0
 0 0 0 0 0 0 0 0.000145254 0.000435761 0.0275982 0.070085 0.0708112 0.156366 0.174668 0.174014 0.160142 0.0824315 0.0480064 0.0283245 0.00493863 0.00203355 0 0 0 0 0
 0 0 0 0 0 0 0 0 0 0 0 0 0 0 0 0 0 0 0 0 0 0 0 0 0 0
 0 0 1.00437e-05 0.000401748 0.00122533 0.00171747 0.00176769 0.0269171 0.070346 0.194647 0.189555 0.159765 0.064822 0.0314167 0.0384472 0.0292271 0.0345202 0.0313363 0.0194345 0.0106764 0.0143323 0.0359363 0.0279516 0.0138201 0.00172751 0
 0 0.0021121 0.0136068 0.0755702 0.200478 0.177729 0.0527432 0.0373336 0.0318909 0.0142505 0.0149659 0.0166563 0.0217959 0.0798694 0.0677717 0.0528807 0.04013 0.0224614 0.0357745 0.0225083 0.00881397 0.00855152 0.00135912 0.000746735 0 0
 0 0 0 0 5.4009e-05 0.00500934 0.000945158 0.0243581 0.138947 0.33067 0.221406 0.137944 0.0707744 0.0437923 0.0131692 0.00525238 0.0047753 0.00276346 9.45158e-05 9.00151e-06 2.25038e-05 9.00151e-06 4.50075e-06 0 0 0
 0.000866109 0.00284123 0.00948549 0.0512746 0.133035 0.25785 0.225252 0.132002 0.0553304 0.0519788 0.0540692 0.017754 0.00435017 0.00159236 0.00146478 0.000404838 0.000125132 0.000115318 0.000107957 0.000100596 0 0 0 0 0 0
 0 0 0 0 0.00144013 0.00171154 0.00461396 0.0210425 0.0478622 0.0707936 0.0888783 0.103762 0.0637923 0.0337046 0.0602308 0.124433 0.169614 0.0934646 0.0462172 0.0250306 0.0313229 0.00938855 0.002487 0.000210481 0 0
 0 0.00764035 0.051015 0.0998891 0.058973 0.0496711 0.0374665 0.0718981 0.12319 0.153886 0.159021 0.0857701 0.0377988 0.023471 0.0147837 0.00900784 0.00315554 0.000888139 0.00291439 0.00214683 0.00393193 0.00274676 0.000635225 9.99891e-05 0 0
 0 0 0 0 0 0 0 0 0 0 0 0 0 0 0 0 0 0 0 0 0 0 0 0 0 0
 0 0 0 0 0 0 0 0 0 0 0 0 0 0 0 0 0 0 0 0 0 0 0 0 0 0
 0 0 0 0 0 0 0 0 0 0 0 0 0 0 0 0 0 0 0 0 0 0 0 0 0 0
 0 0 0 0 0 0 0 0 0 0 0 0 0 0 0 0 0 0 0 0 0 0 0 0 0 0
 0 0 0 0 0 0 0 0 0 0 0 0 0 0 0 0 0 0 0 0 0 0 0 0 0 0
 0 0 0 0 0 0 0 0 0 0 0 0 0 0 0 0 0 0 0 0 0 0 0 0 0 0
 0 0 0 0 0 0 0 0 0 0 0 0 0 0 0 0 0 0 0 0 0 0 0 0 0 0
 0 0 0 0 0 0 0 0 0 0 0 0 0 0 0 0 0 0 0 0 0 0 0 0 0 0
 0 0 0 0 0 0 0 0 0 0 0 0 0 0 0 0 0 0 0 0 0 0 0 0 0 0
ppred_pel_tallas
 1.10425e-16 4.83687e-05 0.000470161 0.00312438 0.014203 0.0441908 0.0941536 0.137422 0.137432 0.094202 0.0443545 0.0146814 0.0043464 0.00320785 0.00545244 0.00947001 0.0148741 0.0212732 0.028204 0.0352987 0.0422276 0.0483932 0.0527322 0.0539786 0.0513164 0.044943
 1.17395e-16 4.14571e-05 0.000402978 0.00267793 0.0121735 0.0378764 0.0807008 0.117791 0.11782 0.0808407 0.0383461 0.013531 0.00608903 0.00786198 0.0142469 0.023599 0.0342758 0.0437607 0.0495829 0.0507725 0.0485009 0.0452677 0.0432484 0.0430715 0.0437828 0.0437379
 1.1116e-16 5.83281e-05 0.00056697 0.00376772 0.0171275 0.0532901 0.113541 0.165719 0.165734 0.113612 0.0535306 0.0178237 0.00552059 0.00441167 0.00741404 0.0123076 0.0180642 0.0234449 0.0272331 0.0289015 0.0289031 0.0282738 0.0278735 0.0278804 0.0278501 0.0271507
 1.04158e-16 6.65114e-05 0.000646515 0.00429632 0.0195304 0.0607665 0.12947 0.188968 0.188981 0.129535 0.0609864 0.0201656 0.00589175 0.0041327 0.00669752 0.0109946 0.0158988 0.0201416 0.0224847 0.0223782 0.0202881 0.0173658 0.0147261 0.0128985 0.0117725 0.0109158
 1.0294e-16 6.00111e-05 0.000583329 0.00387643 0.0176217 0.0548278 0.116817 0.170502 0.170524 0.116922 0.0551785 0.0186348 0.00641976 0.00613676 0.0106109 0.0174574 0.025167 0.0317009 0.0350218 0.034191 0.0299193 0.0240687 0.0185218 0.0143016 0.0114515 0.0094839
 1.02488e-16 6.55951e-05 0.000637608 0.00423713 0.0192614 0.0599294 0.127686 0.186365 0.18638 0.127757 0.0601669 0.0199479 0.00596215 0.00440915 0.00724544 0.0119187 0.0172662 0.0219279 0.0245563 0.0245198 0.0222512 0.0189056 0.0156182 0.0129574 0.0108943 0.00913341
 1.04013e-16 4.93638e-05 0.000479834 0.00318867 0.0144952 0.0451002 0.096092 0.140256 0.140287 0.0962445 0.0456124 0.0159749 0.00690386 0.00859329 0.0154676 0.0255176 0.0368124 0.0464153 0.0513616 0.0502804 0.0441946 0.0357908 0.0277741 0.0215978 0.0173067 0.0142042
 1.07812e-16 4.61469e-05 0.000448565 0.00298087 0.0135506 0.0421612 0.0898298 0.131115 0.131141 0.0899584 0.0425935 0.0148014 0.00612807 0.00734422 0.0132165 0.0219706 0.0320984 0.0413133 0.0472869 0.0489095 0.0468595 0.0429533 0.0388476 0.0351721 0.0316222 0.0276516
 1.09356e-16 5.33058e-05 0.000518152 0.0034433 0.0156528 0.0487017 0.103765 0.151452 0.151471 0.10386 0.0490217 0.0165787 0.00577334 0.00562432 0.00980922 0.016287 0.0238246 0.0307456 0.0353781 0.0369736 0.0361109 0.0341805 0.0323793 0.0310366 0.0296918 0.0276679
 1.04729e-16 6.60822e-05 0.000642343 0.00426859 0.0194044 0.0603744 0.128634 0.187748 0.187761 0.128697 0.060583 0.0200074 0.00578401 0.00395676 0.00637941 0.0104917 0.0152269 0.0194067 0.0218819 0.0221413 0.0206062 0.0183113 0.0162289 0.0147743 0.0137843 0.0128395
 1.0153e-16 7.18143e-05 0.00069806 0.00463886 0.0210876 0.0656113 0.139792 0.204033 0.204043 0.139841 0.065776 0.0215633 0.00583319 0.00330583 0.00502603 0.0081997 0.0118156 0.0148816 0.0164398 0.0160524 0.0140579 0.0113361 0.00877353 0.00684829 0.00557182 0.00470186
 1.01133e-16 6.67396e-05 0.000648733 0.00431106 0.0195975 0.060975 0.129914 0.189617 0.189633 0.129993 0.0612379 0.0203565 0.00621599 0.0048059 0.00795808 0.0130404 0.0187541 0.0235311 0.0258195 0.0249009 0.0213145 0.0164905 0.0118997 0.00838055 0.00602763 0.00451047
 1.02586e-16 5.26934e-05 0.000512198 0.00340374 0.0154729 0.0481422 0.102573 0.149714 0.149743 0.102713 0.048611 0.0168275 0.00680479 0.00793983 0.0141681 0.0233624 0.0337014 0.0424856 0.0469873 0.0459291 0.0402181 0.0322877 0.0246082 0.0185396 0.0141904 0.0110126
 1.03775e-16 6.04447e-05 0.000587544 0.00390444 0.017749 0.0552239 0.117661 0.171733 0.171751 0.117746 0.055509 0.0185734 0.00597723 0.00512432 0.00871136 0.0143967 0.0209447 0.0267799 0.0303245 0.0308305 0.0287765 0.0254489 0.0220703 0.0191886 0.016692 0.0142364
 1.00537e-16 7.89142e-05 0.000767074 0.00509748 0.0231724 0.0720979 0.153612 0.224202 0.224206 0.153628 0.0721493 0.0233209 0.00547052 0.001582 0.0016283 0.00257153 0.00370744 0.00468496 0.00520514 0.00513243 0.00456951 0.00378253 0.00303583 0.00246577 0.00206745 0.00176463
 1.00115e-16 7.79299e-05 0.000757507 0.0050339 0.0228834 0.0711987 0.151697 0.221407 0.221412 0.151721 0.0712805 0.0231195 0.00562627 0.00204912 0.00252642 0.00404146 0.00578641 0.0072176 0.0078396 0.00742599 0.00615337 0.00448902 0.002922 0.0017435 0.00100107 0.000591099
 1.00958e-16 3.95617e-05 0.000384554 0.0025555 0.0116169 0.0361449 0.0770123 0.112412 0.112459 0.0772444 0.0369242 0.0138667 0.00819907 0.0126921 0.0233771 0.0384877 0.0552109 0.0689455 0.075025 0.0712894 0.0593902 0.0437244 0.0288886 0.0176127 0.0103474 0.00615028
 1.01384e-16 7.54833e-05 0.000733725 0.00487586 0.022165 0.0689634 0.146934 0.214455 0.214459 0.146954 0.06903 0.0223579 0.0053627 0.00180486 0.00213419 0.00347225 0.00514166 0.00677035 0.00802227 0.00872317 0.0089255 0.00880688 0.00849677 0.00799089 0.00721183 0.00613301
 1.01221e-16 6.36336e-05 0.000618541 0.00411043 0.0186854 0.0581374 0.123869 0.180794 0.180814 0.123967 0.0584686 0.0196418 0.00650949 0.00585064 0.00998554 0.0163689 0.0234844 0.0293465 0.0319815 0.0304888 0.025589 0.0191617 0.0131527 0.00868762 0.00590004 0.00432343
 1.01618e-16 6.57983e-05 0.000639583 0.00425025 0.019321 0.060115 0.128082 0.186943 0.186958 0.128157 0.0603662 0.0200469 0.00607334 0.00462324 0.00764262 0.0125593 0.0181512 0.0229592 0.0255333 0.0251886 0.0223877 0.0183873 0.0144522 0.0112628 0.00886061 0.00697464
 1.01877e-16 6.48049e-05 0.000629927 0.00418609 0.0190294 0.0592075 0.126148 0.184121 0.184137 0.12623 0.0594806 0.0198184 0.00616734 0.004957 0.00828855 0.0136153 0.0196424 0.0247742 0.0274265 0.0268634 0.0236212 0.0191204 0.0147934 0.0114135 0.00901512 0.00724871
 1.01888e-16 6.58645e-05 0.000640226 0.00425453 0.0193405 0.0601755 0.128211 0.187131 0.187146 0.128286 0.0604281 0.0200702 0.00608703 0.00464322 0.00767598 0.0126057 0.0181991 0.0229821 0.0254946 0.0250565 0.022156 0.0180905 0.0141645 0.011076 0.00885019 0.00716978
 1.05549e-16 3.18003e-05 0.00030911 0.00205415 0.00933788 0.0290539 0.0619041 0.0903609 0.0904087 0.0621379 0.0298392 0.0116066 0.00775087 0.0127511 0.0236789 0.0391412 0.0564869 0.0712531 0.0788947 0.0772955 0.0679946 0.0550727 0.0426462 0.0329395 0.0260558 0.0209948
 1.05896e-16 6.46913e-05 0.000628822 0.00417874 0.018996 0.0591036 0.125927 0.183795 0.183804 0.125967 0.0592406 0.0193937 0.00518446 0.00284854 0.00435153 0.0072778 0.0109132 0.0146357 0.0178349 0.0202004 0.0218234 0.0229613 0.0236864 0.0237537 0.0227941 0.0206353
 1.04539e-16 6.02204e-05 0.000585364 0.00388995 0.0176832 0.055019 0.117224 0.171097 0.171117 0.117325 0.0553555 0.0186551 0.0063297 0.00591129 0.0101754 0.016729 0.0241026 0.0303415 0.0335092 0.032747 0.0288005 0.0235213 0.0187462 0.0154164 0.0134509 0.0122074
 1.07135e-16 4.02601e-05 0.000391343 0.00260061 0.011822 0.0367829 0.0783712 0.114393 0.114429 0.0785491 0.0373805 0.0135493 0.00694031 0.00987842 0.0180975 0.0299584 0.0433937 0.0550733 0.0616118 0.0614272 0.055633 0.0471765 0.0389606 0.0324483 0.0275664 0.0235254
 1.05522e-16 6.48826e-05 0.000630681 0.0041911 0.0190521 0.0592783 0.126299 0.184339 0.18435 0.126349 0.0594471 0.019541 0.00542336 0.00333804 0.00525771 0.00872348 0.0128753 0.0168549 0.0198225 0.0213823 0.0217643 0.0215482 0.0211721 0.0206486 0.0196762 0.0179703
 1.03637e-16 6.29923e-05 0.000612308 0.004069 0.0184971 0.0575515 0.12262 0.178971 0.178989 0.122708 0.0578467 0.0193498 0.00620966 0.00528603 0.00894142 0.0146889 0.0211721 0.02667 0.0294808 0.0288408 0.0253846 0.0207133 0.0164217 0.0133387 0.0114212 0.0101522
 1.05928e-16 4.12661e-05 0.000401121 0.00266559 0.0121174 0.037702 0.0803294 0.117251 0.117288 0.0805106 0.0383105 0.0138759 0.00708257 0.0100527 0.0183987 0.0304228 0.0439872 0.0556618 0.0619623 0.0612639 0.05473 0.0454417 0.0364709 0.0294233 0.0243001 0.0203093
 1.09547e-16 4.96912e-05 0.000483016 0.00320981 0.0145914 0.0453992 0.0967286 0.141182 0.141202 0.0968244 0.0457215 0.0155247 0.00556236 0.00565108 0.00996021 0.0166377 0.0245488 0.0321027 0.037684 0.0405188 0.0410307 0.0403232 0.0392506 0.0378804 0.0357003 0.0322329
 1.0793e-16 5.90844e-05 0.000574321 0.00381657 0.0173496 0.0539811 0.115013 0.167868 0.167885 0.115095 0.0542558 0.018144 0.00581386 0.00494548 0.00839393 0.0138725 0.0201934 0.0258619 0.0294082 0.0301947 0.0287879 0.0265162 0.0245727 0.0233724 0.0225577 0.0214676
 1.0827e-16 4.71431e-05 0.000458248 0.00304522 0.0138431 0.0430713 0.0917691 0.133946 0.133976 0.0919154 0.0435628 0.0152634 0.00661286 0.00825531 0.0148817 0.0245985 0.0356 0.0451339 0.0504305 0.050236 0.0455476 0.038886 0.0327069 0.0282022 0.0251917 0.0228193
 1.04097e-16 6.80383e-05 0.000661356 0.00439495 0.0199788 0.0621615 0.132442 0.193305 0.193315 0.13249 0.0623225 0.0204448 0.00556786 0.00323232 0.00498163 0.00820911 0.0120098 0.0155052 0.017843 0.0186278 0.0181241 0.0170054 0.0158646 0.01489 0.0139066 0.0126489
pSPR Fmed_Fpbrs
1   0.98412 0.6 0.325 0.98412 0.98412 0.98412
Fs Fmed_Fpbrs
0   0.01 0.366472 0.954394 0.01 0.01 0.01
SSBpbr Bo_Bmed_Bpbrs
905136  859879  845505 497825 248912 845505 845505 845505
Ro
151512
SPR SPRFo_SPRFmed_SPRFpbrs
1.09154e+06 1.09154e+06 1.07421e+06
Fref
0
Nvult_r0
 139366 21321.3 11466.6 2658.9 1681.56
CTP_r0
 19649.5 5484.73 3083.5 716.72 453.329
YTP_r0
356513
Np
 202624 74541.2 27422.2 10088.1 5076.46
Nvult_p0
 128083 47119.1 17334.1 6376.87 3208.93
CTP_p0
 0 0 0 0 0
 0 0 0 0 0
 0 0 0 0 0
 0 0 0 0 0
 0 0 0 0 0
 0 0 0 0 0
YTP_p0
 0 0 0 0 0 0
CBA_c0
0
log_Ro
11.7484
likeval ReclasPelacesDesembMPH_pf_preclas_ppelaces_ptallas_desvR_qrecl_qpela
 20.3343 17.0963 0.0632723 59.5511 238.429 137.671 113.631 0 23.737 8.90762e-07 5.20022e-06 0.256568 2064.53 0 0
q_reclas_q_pelaces
1.14279 1.38057
M
1
N
 179470 32504 99763.8 6152.13 0.245045
 87595.6 60199.2 9840.49 29840.2 1838.98
 110004 27235.3 15529 2483.16 7984.07
 156699 34329.4 7080.69 3951.23 2659.96
 135170 44294 7243.07 1443.28 1344.92
 208826 45879.2 13748.8 2224.66 855.858
 86868.9 64875.1 11814.5 3463.01 774.935
 44031.4 22479.3 11360.4 1975.73 706.86
 40048.3 15296.5 7328.23 3675.8 867.616
 54645.5 11759.7 3497.31 1626.76 1006.89
 117378 14951.1 2316.19 662.637 497.893
 154071 40259.4 4744.42 728.284 364.717
 73206 43615.4 8520.73 970.274 223.091
 36905.6 20486.6 9009.62 1698.21 237.36
 114681 5571.61 1150.7 450.354 96.1164
 382368 28537.7 898.345 176.278 83.4722
 83583.7 100624 5177.74 155.997 44.9926
 455839 25907.8 25788.5 1297.55 50.3042
 354446 130692 5632.24 5426.26 283.088
 376158 93611.3 23892.3 985.931 996.993
 422211 108230 20503.8 5067.45 419.791
 539901 131138 27857.8 5161.86 1379.7
 112377 160392 30728.2 6347.48 1488.15
 305443 36890.6 46398.7 8757.59 2231.28
 307935 99332 10462.4 12948.3 3063.82
 121769 101357 28897.5 2999.71 4587.07
 276355 41219.6 31282.7 8822.2 2314.73
 336822 90285.4 11803.8 8820.1 3137.27
 136573 111934 26802.5 3457.81 3500.13
 129023 46730.1 35339 8381.98 2174.78
 156410 43383.9 14220.7 10628.3 3172.87
 84781 49405 11570.5 3717.71 3603.96
 202624 28820 15384.4 3565.9 2255.12
pred_Ctot
 10083.1 3695.97 11989.4 741.57 0.0295421
 8691.55 11702 2014.22 6124.96 377.522
 10690.9 5193.6 3118.71 500.095 1608.18
 23440.3 9678.19 2092.89 1170.87 788.334
 6653.7 4435.91 767.104 153.32 142.894
 20814.7 8955.87 2825.91 458.531 176.429
 16757.2 22800.3 4337.32 1274.32 285.196
 1556.74 1633.74 874.197 152.507 54.5716
 5203.6 3803.16 1913.48 962.332 227.175
 9067.94 3631.23 1130.65 527.22 326.367
 5048.61 1314.4 215.455 61.8287 46.4644
 22931.4 11299.6 1396.2 214.87 107.619
 11322.3 12663.3 2592.62 295.974 68.061
 14761.1 12620.6 5702.38 1076.37 150.457
 24211 2112.41 455.028 178.489 38.0983
 70698.5 9674.03 318.323 62.612 29.6522
 8435.11 19868.5 1076.36 32.5194 9.38064
 64883.4 6989.16 7298.45 368.173 14.2755
 64925 43949.8 1980.12 1912.27 99.7756
 52853.6 24964.3 6685.4 276.594 279.736
 42135.3 21151 4219.04 1045.63 86.6339
 66838.9 31212.3 6967.01 1294.4 346.025
 7719.04 22088.9 4467.78 925.62 217.043
 22623.4 5456.15 7241.66 1370.82 349.316
 20678.5 13389.3 1489.1 1848.34 437.421
 6187.95 10466.5 3155.29 328.527 502.456
 19744.7 5892.38 4720.09 1335.04 350.336
 20749.9 11211.3 1548.42 1160.46 412.836
 6071.18 10159.5 2573.7 333.051 337.182
 7063.8 5183.55 4143.53 985.754 255.803
 14153 7742.08 2674.21 2004.34 598.442
 4097.27 4860.85 1203.98 388.028 376.217
 19649.5 5484.73 3083.5 716.72 453.329
F
 0.0923464 0.194857 0.206948 0.207626 0.207662
 0.168217 0.354949 0.376974 0.378209 0.378274
 0.164517 0.347142 0.368682 0.36989 0.369954
 0.263478 0.555958 0.590455 0.592389 0.592492
 0.0805176 0.169898 0.18044 0.181031 0.181062
 0.169038 0.356682 0.378814 0.380055 0.380121
 0.351804 0.742331 0.788392 0.790975 0.791112
 0.0572789 0.120863 0.128362 0.128783 0.128805
 0.22541 0.475631 0.505144 0.506799 0.506887
 0.296082 0.624754 0.66352 0.665694 0.665809
 0.0700519 0.147814 0.156986 0.157501 0.157528
 0.262002 0.552843 0.587147 0.58907 0.589172
 0.273506 0.577117 0.612928 0.614936 0.615042
 0.89068 1.8794 1.99601 2.00255 2.0029
 0.390927 0.824885 0.876069 0.878939 0.879091
 0.334992 0.706858 0.750719 0.753178 0.753308
 0.171303 0.361462 0.383891 0.385149 0.385215
 0.249299 0.526038 0.558678 0.560509 0.560605
 0.331404 0.699285 0.742676 0.745109 0.745238
 0.245746 0.518542 0.550718 0.552522 0.552618
 0.16926 0.35715 0.379312 0.380554 0.38062
 0.213768 0.451065 0.479054 0.480623 0.480706
 0.113905 0.240347 0.255261 0.256097 0.256141
 0.123296 0.260164 0.276307 0.277212 0.27726
 0.111235 0.234714 0.249278 0.250095 0.250138
 0.0832141 0.175588 0.186483 0.187094 0.187126
 0.118712 0.25049 0.266033 0.266904 0.266951
 0.101646 0.214481 0.22779 0.228536 0.228575
 0.0724726 0.152922 0.162411 0.162943 0.162971
 0.089899 0.189693 0.201464 0.202124 0.202159
 0.152427 0.321631 0.341588 0.342707 0.342766
 0.0790008 0.166697 0.177041 0.177621 0.177652
 0.164133 0.346333 0.367823 0.369029 0.369092
YTP_r0W_actual
 148157 95708.5 74219.8 22447.7 15979.9
YTP_p0W_proyectada
 0 0 0 0 0
 0 0 0 0 0
 0 0 0 0 0
 0 0 0 0 0
 0 0 0 0 0
 0 0 0 0 0
CTP_r0_actual
 19649.5 5484.73 3083.5 716.72 453.329
CTP_p0_proyectada
 0 0 0 0 0
 0 0 0 0 0
 0 0 0 0 0
 0 0 0 0 0
 0 0 0 0 0
 0 0 0 0 0
Wmedp
 7.54 17.45 24.07 31.32 35.25
Frms_r0
 0.164133 0.346333 0.367823 0.369029 0.369092
Zrms_r0
 1.16413 1.34633 1.36782 1.36903 1.36909
nmprior
 7.29 8.9 8.7 0
nm_flota  nm_reclas  nm_pelaces    nm_pelaL
inf 10.8273 18.7162 60.4095
cv_recla  cv_pelaces  cv_mph
0.390522 0.452941 0.618731
 ------------------------------------------------
Talla a la edad & desviaci?n 
 8 13.2811 15.8009 17.003 17.5766
 0.8 1.32811 1.58009 1.7003 1.75766
