years
 1991 1992 1993 1994 1995 1996 1997 1998 1999 2000 2001 2002 2003 2004 2005 2006 2007 2008 2009 2010 2011 2012 2013 2014 2015 2016 2017 2018 2019 2020 2021 2022 2023
reclasobs
 0 0 0 0 0 0 0 0 0 252601 567819 844713 477998 351125 339783 2.1784e+06 2.13404e+06 4.81314e+06 1.55562e+06 2.62356e+06 3.21686e+06 3.843e+06 1.13348e+06 3.07943e+06 1.97215e+06 2.03268e+06 2.025e+06 2.42433e+06 2.27542e+06 1.05018e+06 2.36338e+06 3.18982e+06 1.53035e+06
reclaspred
 3.01613e+06 1.68489e+06 884007 904058 923579 1.3672e+06 879607 826953 614642 462595 506938 627910 623654 504207 536884 1.27045e+06 1.29496e+06 2.75973e+06 2.27358e+06 1.72022e+06 3.02812e+06 2.43645e+06 2.00383e+06 3.01716e+06 2.27638e+06 2.06205e+06 2.39422e+06 2.54489e+06 2.1598e+06 1.54306e+06 1.9989e+06 2.19801e+06 1.79142e+06
pelacesobs
 0 0 0 0 0 0 0 0 0 0 0 0 0 0 0 552880 188675 0 991730 2.46772e+06 1.41603e+06 1.21717e+06 2.29649e+06 1.80582e+06 0 1.4828e+06 1.56532e+06 1.57751e+06 1.42118e+06 867257 1.10002e+06 1.06204e+06 0
pelacespred
 1.66445e+06 1.03883e+06 541643 454499 482879 739453 446664 511115 371672 267134 299715 311854 339356 294425 319448 621405 631745 1.54053e+06 1.32276e+06 925465 1.57138e+06 1.37772e+06 1.12599e+06 1.84974e+06 1.34904e+06 1.21656e+06 1.60696e+06 1.54307e+06 1.17633e+06 969463 1.07942e+06 1.19557e+06 1.02081e+06
mphobs
 0 0 0 0 0 0 0 0 0 0 0 0 498337 0 5186 125008 0 168611 109162 213762 579715 649985 157893 87575 83554 210694 70296 0 107559 103333 445601 22526 28222
mphpred
 458979 309624 154039 88548.3 99673 113082 139975 91191.4 83656.3 60456.5 41318.4 60326.5 66928.6 55807.1 40766.8 53181.9 150922 151033 271329 394555 417783 488641 100985 88555.5 127454 100179 88977.5 95945.8 130090 98344.3 60947.4 97925.6 69449.6
desembarqueobs
 494567 514787 250237 358949 120608 361735 552515 73892 212993 205616 52469 317467 293654 387597 252695 516296 358380 742168 942051 627588 828172 859565 418607 520667 417249 300574 415391 372974 316634 284311 391294 218835 356480
desembarquepred
 494571 513393 250932 358990 120614 361763 552591 73896.6 213044 205665 52471.9 317549 293725 387669 252702 516271 358407 742076 941909 627482 828277 859638 418630 520707 417262 300582 415405 372970 316636 284319 391278 218841 356494
Reclutas
 217784 107447 137484 205632 174182 265479 115102 60091.3 54009.7 69529.1 128076 159341 135557 97048.9 104628 515356 124559 788636 455324 357325 524600 693307 158765 443561 377596 179671 378717 435765 145636 136766 353730 154655 276379
log_desv_Rt
 0.0665721 -0.639935 -0.393422 0.0091568 -0.156832 0.264604 -0.571111 -1.22107 -1.32777 -1.07518 -0.464308 -0.245886 -0.407535 -0.741716 -0.666517 0.927928 -0.492153 1.35337 0.804079 0.561715 0.945705 1.22454 -0.249505 0.777905 0.616893 -0.125804 0.619859 0.760172 -0.335821 -0.39866 0.551605 -0.275732 0.304843
SSB
 3.54818e+06 2.39358e+06 1.19081e+06 684531 770531 874188 1.08209e+06 704964 646713 467365 319416 466360 495839 424155 305942 399300 1.16672e+06 1.16758e+06 2.15528e+06 1.64729e+06 1.78601e+06 2.17913e+06 2.06763e+06 1.75123e+06 2.3762e+06 1.97337e+06 1.65949e+06 1.72787e+06 2.4222e+06 1.73082e+06 1.20786e+06 1.98612e+06 1.31134e+06
BT
 4.77124e+06 3.22376e+06 1.66735e+06 1.48779e+06 1.35602e+06 2.2353e+06 1.67178e+06 1.39623e+06 1.18454e+06 895084 829395 1.08255e+06 1.15086e+06 1.16804e+06 1.08887e+06 2.0504e+06 1.93021e+06 4.66664e+06 4.36296e+06 2.99893e+06 4.75215e+06 4.42418e+06 3.30165e+06 5.30531e+06 3.91569e+06 3.43902e+06 4.61342e+06 4.38531e+06 3.3305e+06 2.80514e+06 3.16063e+06 3.28892e+06 2.98044e+06
Ftot
 0.125917 0.22567 0.219503 0.355569 0.111944 0.246799 0.48594 0.0758573 0.295507 0.373186 0.104037 0.454898 0.418685 0.698837 0.482858 0.459494 0.225758 0.281266 0.357804 0.31843 0.250492 0.31848 0.166617 0.169756 0.154782 0.120897 0.167339 0.146462 0.111375 0.149434 0.196595 0.0806067 0.183514
BD_Bspro_t
 0.980055 0.861682 0.717657 0.648284 0.649685 0.717956 0.693911 0.551948 0.618488 0.58505 0.560036 0.722881 0.613706 0.526807 0.431961 0.493894 0.645463 0.633147 0.707777 0.62113 0.597804 0.641857 0.66139 0.661453 0.749344 0.758636 0.766754 0.790395 0.830185 0.782526 0.743108 0.804043 0.805882
BD_Bspro
 2.41712 1.63057 0.811213 0.466321 0.524907 0.595521 0.737149 0.480241 0.440559 0.318382 0.217595 0.317697 0.337779 0.288946 0.208416 0.272014 0.794801 0.795385 1.46823 1.12218 1.21668 1.48448 1.40853 1.19299 1.61873 1.34431 1.13049 1.17707 1.65007 1.17908 0.822825 1.353 0.893321
BD_Bo
 2.46696 1.6642 0.82794 0.475937 0.535731 0.607801 0.752349 0.490144 0.449643 0.324947 0.222082 0.324248 0.344745 0.294904 0.212714 0.277624 0.81119 0.811786 1.49851 1.14532 1.24177 1.51509 1.43757 1.21759 1.65211 1.37203 1.1538 1.20135 1.6841 1.20339 0.839792 1.3809 0.911742
BD_Brms
 2.6441 1.78369 0.887392 0.510112 0.5742 0.651445 0.806372 0.525339 0.48193 0.34828 0.238029 0.347531 0.369499 0.31608 0.227988 0.297559 0.869439 0.870077 1.60611 1.22756 1.33093 1.62389 1.5408 1.30502 1.77075 1.47055 1.23665 1.28761 1.80503 1.2898 0.900094 1.48006 0.977211
Sel_flota
 0.517408 1 1 1 1
 0.517408 1 1 1 1
 0.517408 1 1 1 1
 0.517408 1 1 1 1
 0.517408 1 1 1 1
 0.517408 1 1 1 1
 0.517408 1 1 1 1
 0.517408 1 1 1 1
 0.517408 1 1 1 1
 0.517408 1 1 1 1
 0.517408 1 1 1 1
 0.517408 1 1 1 1
 0.517408 1 1 1 1
 0.517408 1 1 1 1
 0.517408 1 1 1 1
 0.517408 1 1 1 1
 0.517408 1 1 1 1
 0.517408 1 1 1 1
 0.517408 1 1 1 1
 0.517408 1 1 1 1
 0.517408 1 1 1 1
 0.517408 1 1 1 1
 0.517408 1 1 1 1
 0.517408 1 1 1 1
 0.517408 1 1 1 1
 0.517408 1 1 1 1
 0.517408 1 1 1 1
 0.517408 1 1 1 1
 0.517408 1 1 1 1
 0.517408 1 1 1 1
 0.517408 1 1 1 1
 0.517408 1 1 1 1
 0.517408 1 1 1 1
Sel_reclas
 1 1 1 1 1
 1 1 1 1 1
 1 1 1 1 1
 1 1 1 1 1
 1 1 1 1 1
 1 1 1 1 1
 1 1 1 1 1
 1 1 1 1 1
 1 1 1 1 1
 1 1 1 1 1
 1 1 1 1 1
 1 1 1 1 1
 1 1 1 1 1
 1 1 1 1 1
 1 1 1 1 1
 1 1 1 1 1
 1 1 1 1 1
 1 1 1 1 1
 1 1 1 1 1
 1 1 1 1 1
 1 1 1 1 1
 1 1 1 1 1
 1 1 1 1 1
 1 1 1 1 1
 1 1 1 1 1
 1 1 1 1 1
 1 1 1 1 1
 1 1 1 1 1
 1 1 1 1 1
 1 1 1 1 1
 1 1 1 1 1
 1 1 1 1 1
 1 1 1 1 1
Sel_pelaces
 1 1 1 1 1
 1 1 1 1 1
 1 1 1 1 1
 1 1 1 1 1
 1 1 1 1 1
 1 1 1 1 1
 1 1 1 1 1
 1 1 1 1 1
 1 1 1 1 1
 1 1 1 1 1
 1 1 1 1 1
 1 1 1 1 1
 1 1 1 1 1
 1 1 1 1 1
 1 1 1 1 1
 1 1 1 1 1
 1 1 1 1 1
 1 1 1 1 1
 1 1 1 1 1
 1 1 1 1 1
 1 1 1 1 1
 1 1 1 1 1
 1 1 1 1 1
 1 1 1 1 1
 1 1 1 1 1
 1 1 1 1 1
 1 1 1 1 1
 1 1 1 1 1
 1 1 1 1 1
 1 1 1 1 1
 1 1 1 1 1
 1 1 1 1 1
 1 1 1 1 1
pf_obs 
 0.8446 0.082 0.0669 0.0065 0
 0.8095 0.147 0.0364 0.0071 0
 0.9664 0.0169 0.016 0.0007 0
 0.9276 0.0648 0.0075 0.0001 0
 0.7033 0.2144 0.0806 0.0017 0
 0.9318 0.0425 0.0243 0.0014 0
 0.5671 0.3108 0.0964 0.0239 0.0018
 0.0768 0.2599 0.5324 0.112 0.0189
 0.490249 0.384438 0.106611 0.0170017 0.00170017
 0.7925 0.1577 0.0466 0.003 0.0002
 0.840416 0.127587 0.0312969 0.00059994 9.999e-05
 0.8084 0.0986 0.0794 0.0134 0.0002
 0.7335 0.1905 0.0724 0.0035 0.0001
 0.4001 0.4547 0.1325 0.0127 0
 0.49795 0.308269 0.164784 0.0264974 0.00249975
 0.9179 0.0499 0.0305 0.0017 0
 0.2467 0.6533 0.0926 0.0074 0
 0.9418 0.0223 0.034 0.0019 0
 0.707729 0.231977 0.0356964 0.0245975 0
 0.517169 0.277429 0.184464 0.0207286 0.00020938
 0.811772 0.124168 0.05621 0.00726502 0.000585176
 0.764997 0.148141 0.077277 0.00933861 0.000247198
 0.163321 0.427699 0.378323 0.0303852 0.000271297
 0.753843 0.0900009 0.118128 0.0371064 0.000921714
 0.721811 0.176058 0.0630433 0.0369309 0.00215725
 0.143369 0.312575 0.442814 0.0836902 0.0175525
 0.692698 0.0596174 0.167031 0.0765114 0.00414204
 0.394062 0.376323 0.152708 0.0712218 0.00568511
 0.125707 0.32114 0.495352 0.0537591 0.00404204
 0.23352 0.215282 0.420074 0.123614 0.00750983
 0.796117 0.104755 0.0508955 0.0450114 0.00322123
 0.162477 0.292055 0.404252 0.121198 0.0200186
 0 0 0 0 0
pf_pred 
 0.347295 0.122525 0.502364 0.0278153 9.93516e-07
 0.28537 0.368708 0.0649358 0.266244 0.0147421
 0.488075 0.231185 0.144846 0.0255098 0.110384
 0.625635 0.248 0.0570666 0.0357543 0.0335446
 0.533717 0.36452 0.0674129 0.0155122 0.0188373
 0.623703 0.261702 0.0895857 0.0165676 0.00844186
 0.370318 0.487842 0.0986454 0.0337683 0.00942703
 0.352288 0.367514 0.217081 0.0438955 0.0192212
 0.418885 0.300926 0.15898 0.0939056 0.0273032
 0.57729 0.254802 0.0869497 0.0459359 0.0350221
 0.70541 0.219875 0.045037 0.0153686 0.0143096
 0.624514 0.310372 0.0485988 0.00995447 0.00655974
 0.563046 0.343472 0.0772714 0.0120993 0.00411143
 0.511698 0.360315 0.100605 0.0226333 0.00474825
 0.629951 0.26428 0.0780465 0.0217918 0.00593102
 0.884734 0.0912176 0.0171748 0.00507202 0.00180162
 0.29851 0.662475 0.0308753 0.0058133 0.00232658
 0.831641 0.0786902 0.0846821 0.00394668 0.0010405
 0.478424 0.475643 0.0214687 0.0231034 0.00136063
 0.483557 0.342405 0.158711 0.00716361 0.0081631
 0.629605 0.246297 0.0822777 0.0381373 0.00368291
 0.636801 0.283042 0.0533013 0.0178058 0.00905034
 0.236194 0.601863 0.126203 0.023766 0.0119746
 0.6305 0.142366 0.178977 0.0375291 0.0106282
 0.511165 0.379275 0.0422126 0.053068 0.014279
 0.335111 0.451253 0.165755 0.0184482 0.0294328
 0.62085 0.190347 0.128139 0.0470682 0.0135964
 0.582633 0.320748 0.0485059 0.0326535 0.0154591
 0.276641 0.533653 0.14579 0.0220475 0.0218687
 0.384091 0.266537 0.257747 0.0704146 0.0212109
 0.694694 0.170079 0.0585196 0.0565897 0.0201169
 0.362817 0.524458 0.062797 0.0216067 0.0283217
 0.58996 0.217163 0.158755 0.0190088 0.0151135
pobs_RECLAS
 0 0 0 0 0
 0 0 0 0 0
 0 0 0 0 0
 0 0 0 0 0
 0 0 0 0 0
 0 0 0 0 0
 0 0 0 0 0
 0 0 0 0 0
 0 0 0 0 0
 0 0 0 0 0
 0.991045 0.00858322 0.000360255 1.14367e-05 0
 0.934742 0.0480273 0.0164251 0.00080598 0
 0.827803 0.169806 0.00239088 0 0
 0.941827 0.0461693 0.0120037 0 0
 0.791401 0.0380133 0.147996 0.0225897 0
 0.846168 0.0940531 0.0597789 0 0
 0.134021 0.677848 0.182769 0.00536245 0
 0.80878 0.0450904 0.141981 0.00414843 0
 0.846168 0.0940531 0.0597789 0 0
 0.905697 0.0802665 0.012482 0.00150086 5.37128e-05
 0.989698 0.0102097 9.19794e-05 0 0
 0.975433 0.0193895 0.00387452 0.00125025 5.28907e-05
 0.303575 0.632131 0.0575291 0.00676475 0
 0.966965 0.00978017 0.0227588 0.000495775 0
 0.843318 0.132988 0.00938335 0.0141283 0.000182051
 0.564624 0.303363 0.111486 0.0197234 0.00080311
 0.826376 0.0876187 0.0782897 0.00655872 0.00115652
 0.89761 0.0855135 0.0140674 0.00269457 0.000114338
 0.34875 0.467042 0.161289 0.0227151 0.000203297
 0.318654 0.224769 0.449479 0.00709798 0
 0.937255 0.0296025 0.0250945 0.00804832 0
 0.456809 0.399803 0.12412 0.0192676 0
 0.883104 0.0372192 0.0704036 0.00927362 0
ppred_RECLAS
 0.508352 0.0922914 0.378404 0.0209518 7.48363e-07
 0.438153 0.289881 0.051053 0.209323 0.0115904
 0.65051 0.157829 0.0988857 0.0174155 0.075359
 0.766767 0.154506 0.0355531 0.0222753 0.0208986
 0.689715 0.242568 0.0448595 0.0103225 0.0125352
 0.76418 0.164005 0.0561421 0.0103827 0.00529039
 0.538427 0.3576 0.0723096 0.024753 0.00691025
 0.513271 0.276172 0.163128 0.0329857 0.0144439
 0.585591 0.214599 0.113373 0.0669667 0.0194707
 0.728956 0.163381 0.0557528 0.0294544 0.0224564
 0.822962 0.132137 0.0270656 0.00923597 0.00859953
 0.767022 0.192577 0.0301542 0.00617647 0.00407013
 0.717891 0.221755 0.0498885 0.00781165 0.00265445
 0.678551 0.237195 0.0662284 0.0148995 0.00312577
 0.771476 0.163206 0.0481976 0.0134575 0.0036627
 0.938264 0.048856 0.00919878 0.00271656 0.000964946
 0.453861 0.515765 0.0240377 0.0045259 0.00181134
 0.90633 0.043781 0.0471147 0.00219582 0.000578902
 0.643453 0.325147 0.0146759 0.0157934 0.00093012
 0.647629 0.233625 0.108289 0.00488777 0.00556972
 0.768731 0.153784 0.051373 0.0238123 0.00229955
 0.774856 0.175455 0.0330411 0.0110377 0.00561023
 0.375816 0.491843 0.103133 0.0194216 0.00978567
 0.768673 0.0891289 0.112049 0.0234953 0.00665386
 0.670491 0.255658 0.0284543 0.0357716 0.00962507
 0.494742 0.342913 0.125959 0.014019 0.0223663
 0.761243 0.119864 0.080691 0.0296396 0.00856186
 0.730848 0.206845 0.0312806 0.0210577 0.0099693
 0.426169 0.42334 0.115653 0.0174899 0.0173481
 0.548165 0.195533 0.189085 0.0516566 0.0155604
 0.816074 0.102461 0.0352541 0.0340914 0.012119
 0.524765 0.39116 0.0468363 0.0161151 0.0211234
 0.737101 0.139235 0.101787 0.0121876 0.00969009
pobs_PELACES
 0 0 0 0 0
 0 0 0 0 0
 0 0 0 0 0
 0 0 0 0 0
 0 0 0 0 0
 0 0 0 0 0
 0 0 0 0 0
 0 0 0 0 0
 0 0 0 0 0
 0 0 0 0 0
 0 0 0 0 0
 0 0 0 0 0
 0 0 0 0 0
 0 0 0 0 0
 0 0 0 0 0
 0 0 0 0 0
 0.505614 0.472636 0.0217494 0 0
 0 0 0 0 0
 0.443492 0.261883 0.143347 0.151278 0
 0.227955 0.32914 0.350689 0.0885471 0.00366901
 0.970185 0.0296113 0.000203453 0 0
 0.997202 0.00247181 0.000326279 0 0
 0.445219 0.490057 0.0546422 0.010081 0
 0.90214 0.0892962 0.00764917 0.000914606 0
 0 0 0 0 0
 0.581667 0.319106 0.0959925 0.00289975 0.000334073
 0.762889 0.0836404 0.116647 0.0363945 0.000428098
 0.88444 0.0763242 0.0277011 0.0115352 0
 0.521256 0.241999 0.230069 0.00667565 0
 0.616807 0.101726 0.260614 0.0208532 0
 0.833518 0.0704572 0.0857862 0.0102388 0
 0.697417 0.212968 0.0787535 0.0105354 0.000325836
 0 0 0 0 0
ppred_PELACES
 0.513363 0.0913507 0.374548 0.0207382 7.40736e-07
 0.447019 0.285307 0.0502474 0.20602 0.0114075
 0.658415 0.15426 0.0966491 0.0170216 0.0736545
 0.77674 0.147899 0.0340328 0.0213227 0.020005
 0.693517 0.239595 0.0443098 0.010196 0.0123816
 0.771189 0.15913 0.0544734 0.0100741 0.00513315
 0.557593 0.342751 0.069307 0.0237252 0.00662331
 0.516288 0.27446 0.162116 0.0327812 0.0143544
 0.596963 0.208709 0.110262 0.0651289 0.0189363
 0.740537 0.1564 0.0533705 0.0281959 0.0214969
 0.825363 0.130345 0.0266985 0.00911071 0.0084829
 0.779716 0.182084 0.0285111 0.00583992 0.00384836
 0.731196 0.211296 0.0475355 0.00744321 0.00252925
 0.702329 0.219649 0.0613294 0.0137974 0.00289455
 0.78475 0.153726 0.0453981 0.0126758 0.00344996
 0.942369 0.0456072 0.00858709 0.00253592 0.000900781
 0.462786 0.507335 0.0236448 0.00445193 0.00178174
 0.910064 0.0420356 0.0452365 0.00210829 0.000555824
 0.656417 0.313325 0.0141423 0.0152192 0.000896303
 0.659113 0.22601 0.10476 0.00472847 0.0053882
 0.775747 0.149119 0.0498145 0.02309 0.00222979
 0.78358 0.168656 0.0317607 0.0106099 0.00539283
 0.382061 0.486923 0.102101 0.0192273 0.00968777
 0.773445 0.0872902 0.109738 0.0230106 0.0065166
 0.675914 0.251451 0.027986 0.0351829 0.00946666
 0.499555 0.339646 0.124759 0.0138855 0.0221533
 0.766053 0.11745 0.0790655 0.0290425 0.00838938
 0.735411 0.203338 0.0307502 0.0207006 0.00980027
 0.430512 0.420135 0.114778 0.0173576 0.0172168
 0.554052 0.192986 0.186621 0.0509835 0.0153577
 0.820727 0.0998692 0.0343622 0.033229 0.0118124
 0.527965 0.388526 0.0465209 0.0160066 0.0209811
 0.742725 0.136256 0.0996091 0.0119269 0.00948279
pobs_pel_tallas
 0 0 0 0 0 0 0 0 0 0 0 0 0 0 0 0 0 0 0 0 0 0 0 0 0 0
 0 0 0 0 0 0 0 0 0 0 0 0 0 0 0 0 0 0 0 0 0 0 0 0 0 0
 0 0 0 0 0 0 0 0 0 0 0 0 0 0 0 0 0 0 0 0 0 0 0 0 0 0
 0 0 0 0 0 0 0 0 0 0 0 0 0 0 0 0 0 0 0 0 0 0 0 0 0 0
 0 0 0 0 0 0 0 0 0 0 0 0 0 0 0 0 0 0 0 0 0 0 0 0 0 0
 0 0 0 0 0 0 0 0 0 0 0 0 0 0 0 0 0 0 0 0 0 0 0 0 0 0
 0 0 0 0 0 0 0 0 0 0 0 0 0 0 0 0 0 0 0 0 0 0 0 0 0 0
 0 0 0 0 0 0 0 0 0 0 0 0 0 0 0 0 0 0 0 0 0 0 0 0 0 0
 0 0 0 0 0 0 0 0 0 0 0 0 0 0 0 0 0 0 0 0 0 0 0 0 0 0
 0 0 0 0 0 0 0 0 0 0 0 0 0 0 0 0 0 0 0 0 0 0 0 0 0 0
 0 0 0 0 0 0 0 0 0 0 0 0 0 0 0 0 0 0 0 0 0 0 0 0 0 0
 0 0 0 0 0 0 0 0 0 0 0 0 0 0 0 0 0 0 0 0 0 0 0 0 0 0
 0.00862536 0 0 0.000197151 0.00414017 0.0128641 0.00837892 0.0270097 0.101434 0.158115 0.152841 0.127902 0.109271 0.109419 0.0830992 0.0579132 0.0238553 0.00714673 0.00463305 0.00128148 0.00103504 0.000492878 0.000147863 0.000147863 4.92878e-05 0
 0 0 0 0 0 0 0 0 0 0 0 0 0 0 0 0 0 0 0 0 0 0 0 0 0 0
 0 0 0 0 0 0 0 0.0054083 0.00873648 0.0413646 0.0450493 0.0745869 0.0622846 0.0627006 0.0613931 0.0827291 0.12552 0.122667 0.0946155 0.0697135 0.0546179 0.0294188 0.0215738 0.0213955 0.0102223 0.00600262
 0 0 0 0 0.00359764 0.0251062 0.0480494 0.140153 0.205849 0.193036 0.1447 0.116669 0.0760912 0.0342217 0.00950174 0.001854 0.000860785 0 0 0 0.000165536 0 0.000143464 0 0 0
 0 0 0 0 0 0 0 0.000145254 0.000435761 0.0275982 0.070085 0.0708112 0.156366 0.174668 0.174014 0.160142 0.0824315 0.0480064 0.0283245 0.00493863 0.00203355 0 0 0 0 0
 0 0 0 0 0 0 0 0 0 0 0 0 0 0 0 0 0 0 0 0 0 0 0 0 0 0
 0 0 1.00437e-05 0.000401748 0.00122533 0.00171747 0.00176769 0.0269171 0.070346 0.194647 0.189555 0.159765 0.064822 0.0314167 0.0384472 0.0292271 0.0345202 0.0313363 0.0194345 0.0106764 0.0143323 0.0359363 0.0279516 0.0138201 0.00172751 0
 0 0.0021121 0.0136068 0.0755702 0.200478 0.177729 0.0527432 0.0373336 0.0318909 0.0142505 0.0149659 0.0166563 0.0217959 0.0798694 0.0677717 0.0528807 0.04013 0.0224614 0.0357745 0.0225083 0.00881397 0.00855152 0.00135912 0.000746735 0 0
 0 0 0 0 5.4009e-05 0.00500934 0.000945158 0.0243581 0.138947 0.33067 0.221406 0.137944 0.0707744 0.0437923 0.0131692 0.00525238 0.0047753 0.00276346 9.45158e-05 9.00151e-06 2.25038e-05 9.00151e-06 4.50075e-06 0 0 0
 0.000866109 0.00284123 0.00948549 0.0512746 0.133035 0.25785 0.225252 0.132002 0.0553304 0.0519788 0.0540692 0.017754 0.00435017 0.00159236 0.00146478 0.000404838 0.000125132 0.000115318 0.000107957 0.000100596 0 0 0 0 0 0
 0 0 0 0 0.00144013 0.00171154 0.00461396 0.0210425 0.0478622 0.0707936 0.0888783 0.103762 0.0637923 0.0337046 0.0602308 0.124433 0.169614 0.0934646 0.0462172 0.0250306 0.0313229 0.00938855 0.002487 0.000210481 0 0
 0 0.00764035 0.051015 0.0998891 0.058973 0.0496711 0.0374665 0.0718981 0.12319 0.153886 0.159021 0.0857701 0.0377988 0.023471 0.0147837 0.00900784 0.00315554 0.000888139 0.00291439 0.00214683 0.00393193 0.00274676 0.000635225 9.99891e-05 0 0
 0 0 0 0 0 0 0 0 0 0 0 0 0 0 0 0 0 0 0 0 0 0 0 0 0 0
 0 0 0 0 0 0 0 0 0 0 0 0 0 0 0 0 0 0 0 0 0 0 0 0 0 0
 0 0 0 0 0 0 0 0 0 0 0 0 0 0 0 0 0 0 0 0 0 0 0 0 0 0
 0 0 0 0 0 0 0 0 0 0 0 0 0 0 0 0 0 0 0 0 0 0 0 0 0 0
 0 0 0 0 0 0 0 0 0 0 0 0 0 0 0 0 0 0 0 0 0 0 0 0 0 0
 0 0 0 0 0 0 0 0 0 0 0 0 0 0 0 0 0 0 0 0 0 0 0 0 0 0
 0 0 0 0 0 0 0 0 0 0 0 0 0 0 0 0 0 0 0 0 0 0 0 0 0 0
 0 0 0 0 0 0 0 0 0 0 0 0 0 0 0 0 0 0 0 0 0 0 0 0 0 0
 0 0 0 0 0 0 0 0 0 0 0 0 0 0 0 0 0 0 0 0 0 0 0 0 0 0
ppred_pel_tallas
 1.12912e-16 4.2285e-05 0.000411025 0.00273141 0.0124166 0.0386327 0.0823114 0.120138 0.120147 0.0823574 0.0387889 0.012875 0.00390915 0.0030714 0.00535607 0.00946736 0.0152122 0.0224067 0.0307668 0.0399634 0.0494661 0.0582287 0.0646073 0.0668312 0.0638546 0.0560073
 1.24115e-16 3.68204e-05 0.000357907 0.00237842 0.010812 0.0336402 0.0716751 0.104618 0.104645 0.0718099 0.0340933 0.0121218 0.0056717 0.00756594 0.0137851 0.0228976 0.0334052 0.0429863 0.0493982 0.0518558 0.0515944 0.0510088 0.0519929 0.054746 0.0578115 0.059092
 1.17001e-16 5.42328e-05 0.000527162 0.00350318 0.015925 0.0495485 0.105569 0.154084 0.154099 0.105642 0.0497953 0.0166394 0.00530343 0.00447997 0.00762953 0.0127094 0.0187398 0.0245105 0.0288461 0.0312811 0.0323333 0.0330658 0.034282 0.0359964 0.0375135 0.037922
 1.06544e-16 6.39791e-05 0.0006219 0.00413274 0.0187869 0.058453 0.124541 0.181774 0.181788 0.124611 0.0586875 0.0194646 0.00583559 0.0043447 0.00715087 0.0117658 0.017054 0.0216925 0.0243923 0.0245981 0.0228264 0.0202986 0.0181615 0.0168996 0.0162902 0.015766
 1.04458e-16 5.71242e-05 0.000555267 0.00368995 0.016774 0.0521902 0.111198 0.162301 0.162324 0.111311 0.0525695 0.0178697 0.00644134 0.0065648 0.01148 0.018914 0.0273023 0.0344662 0.0382254 0.0375827 0.0333105 0.0274034 0.0218535 0.0177051 0.0149388 0.0129732
 1.03492e-16 6.35219e-05 0.000617455 0.00410321 0.0186526 0.0580352 0.123651 0.180475 0.180491 0.123726 0.0582879 0.0193832 0.00593964 0.00463474 0.0077176 0.0127224 0.018471 0.0235424 0.0265246 0.026757 0.0246914 0.0215213 0.018396 0.0158542 0.0138118 0.0119303
 1.05588e-16 4.59283e-05 0.000446439 0.00296675 0.0134864 0.0419615 0.0894045 0.130495 0.130529 0.0895662 0.0425042 0.0150547 0.00690509 0.0090501 0.0164043 0.0270959 0.0391443 0.0494724 0.0549705 0.0542066 0.0482592 0.0399321 0.0320132 0.0259456 0.0216885 0.0184515
 1.10466e-16 4.2526e-05 0.000413368 0.00274698 0.0124874 0.038853 0.0827814 0.120827 0.120854 0.0829118 0.0392912 0.0137557 0.00594038 0.0074171 0.0134395 0.0224012 0.0328524 0.0425446 0.0491847 0.0516837 0.0506996 0.0479588 0.0449545 0.0421152 0.038965 0.0348783
 1.12972e-16 4.91711e-05 0.000477961 0.00317622 0.0144386 0.0449241 0.0957163 0.139705 0.139725 0.0958153 0.0452572 0.0154029 0.00560414 0.00580334 0.0102381 0.0170477 0.0250299 0.0324996 0.0377813 0.040149 0.0402196 0.039389 0.0387754 0.0385345 0.0379838 0.0362568
 1.08046e-16 6.09971e-05 0.000592913 0.00394012 0.0179112 0.0557285 0.118736 0.173302 0.173317 0.11881 0.0559771 0.01863 0.00574758 0.00454909 0.00760591 0.0125618 0.0182927 0.0234443 0.0266905 0.0274579 0.0262622 0.0243084 0.0226801 0.0217559 0.0212097 0.0204278
 1.03154e-16 6.79841e-05 0.000660829 0.00439144 0.0199629 0.062112 0.132337 0.193152 0.193164 0.132398 0.0623184 0.0205594 0.00588961 0.0039341 0.00629281 0.0103179 0.0149103 0.0188665 0.0210114 0.0208141 0.018699 0.0157416 0.0129993 0.0110002 0.00968846 0.00871085
 1.02107e-16 6.42242e-05 0.000624283 0.00414858 0.0188588 0.058677 0.125018 0.182471 0.182489 0.125104 0.058965 0.0196908 0.00623722 0.00518457 0.00872727 0.0143322 0.0206536 0.0260014 0.028697 0.0279654 0.0243886 0.0194983 0.0148475 0.0112877 0.00886792 0.00720057
 1.02601e-16 6.02277e-05 0.000585435 0.00389042 0.0176853 0.0550257 0.117239 0.171118 0.171138 0.117338 0.0553604 0.0186524 0.00631925 0.00589193 0.0101509 0.0167192 0.0241554 0.0305344 0.0339285 0.0334365 0.0296961 0.0244083 0.0192785 0.0152125 0.0122367 0.00993913
 1.037e-16 5.785e-05 0.000562322 0.00373683 0.0169871 0.0528533 0.11261 0.164363 0.164384 0.112714 0.0532017 0.0179939 0.00626651 0.00609255 0.010584 0.0174668 0.0252983 0.032111 0.0359303 0.0358338 0.032467 0.0275391 0.0227287 0.0188738 0.0159228 0.0134216
 1.03205e-16 6.46388e-05 0.000628313 0.00417536 0.0189806 0.0590557 0.125825 0.183648 0.183663 0.125898 0.0592996 0.0196856 0.00594704 0.00450238 0.00744126 0.0122497 0.0177575 0.0225786 0.0253411 0.025409 0.023237 0.0200116 0.0168835 0.0144035 0.0124973 0.0108165
 1.00667e-16 7.76217e-05 0.000754511 0.00501399 0.0227929 0.0709171 0.151097 0.220531 0.220535 0.151118 0.0709893 0.0230014 0.00553775 0.00189851 0.00225214 0.00360527 0.00519752 0.00656035 0.00727359 0.00714517 0.0063191 0.00517166 0.00407959 0.00324199 0.00265965 0.00223068
 1.01561e-16 3.81192e-05 0.000370532 0.00246232 0.0111934 0.034827 0.0742044 0.108314 0.108363 0.0744429 0.0356276 0.0135048 0.00826038 0.0130149 0.0240141 0.0395403 0.0567215 0.0708355 0.0770946 0.0732905 0.0611347 0.0451579 0.0300862 0.018711 0.0114627 0.00732858
 1.01622e-16 7.49608e-05 0.000728645 0.0048421 0.0220115 0.068486 0.145917 0.212971 0.212975 0.145937 0.0685537 0.0222079 0.00533811 0.00182105 0.00217774 0.00355465 0.00528274 0.00699423 0.00835555 0.00919129 0.0095454 0.00957642 0.00938585 0.00894115 0.00814828 0.00698359
 1.02167e-16 5.40682e-05 0.000525563 0.00349255 0.0158766 0.0493983 0.105249 0.153621 0.153651 0.105397 0.0498928 0.0173044 0.00707436 0.00833762 0.01487 0.0244442 0.0350843 0.0438648 0.0478493 0.0456997 0.038494 0.0290331 0.0202071 0.0136744 0.00960931 0.00729551
 1.04468e-16 5.42903e-05 0.000527721 0.00350689 0.0159418 0.0496011 0.105681 0.154249 0.154271 0.105788 0.0499608 0.0169823 0.00612391 0.00625834 0.0109893 0.0182153 0.0265444 0.0340215 0.0386629 0.0395078 0.037113 0.0330315 0.0287397 0.024901 0.0214087 0.0179177
 1.04169e-16 6.38973e-05 0.000621104 0.00412746 0.0187628 0.0583782 0.124381 0.181541 0.181556 0.124452 0.0586151 0.0194477 0.00584904 0.00438784 0.00724279 0.0119392 0.0173505 0.0221544 0.0250468 0.0254317 0.0237513 0.0211262 0.018607 0.0166382 0.0150582 0.0134696
 1.02937e-16 6.45425e-05 0.000627376 0.00416914 0.0189523 0.0589677 0.125638 0.183375 0.183391 0.125717 0.0592347 0.0197237 0.00610624 0.00485861 0.00810794 0.0133219 0.0192323 0.0242881 0.0269547 0.0265298 0.0235531 0.01942 0.0155204 0.0125773 0.0105711 0.00909763
 1.06639e-16 3.147e-05 0.000305899 0.00203281 0.00924089 0.0287521 0.0612611 0.0894222 0.0894692 0.0614907 0.0295232 0.0114688 0.0076277 0.0125282 0.0232689 0.0384842 0.0555885 0.0702251 0.0779571 0.0767207 0.0680162 0.0558082 0.0440702 0.0349099 0.028367 0.0234296
 1.066e-16 6.37076e-05 0.000619261 0.00411521 0.0187071 0.0582049 0.124012 0.181001 0.18101 0.124054 0.0583462 0.0191174 0.00515285 0.00291005 0.00448961 0.00751854 0.0112861 0.015161 0.0185229 0.0210606 0.0228721 0.0242184 0.025158 0.0254118 0.0245678 0.0224199
 1.06003e-16 5.56742e-05 0.000541173 0.00359629 0.0163482 0.0508655 0.108375 0.158182 0.158206 0.108494 0.0512631 0.0174967 0.00647931 0.00683552 0.0120124 0.0197799 0.0285153 0.0359306 0.0397505 0.0389708 0.0344769 0.0284506 0.0230423 0.0193323 0.0171868 0.0158137
 1.08829e-16 4.11478e-05 0.000399971 0.00265795 0.0120827 0.0375939 0.0800989 0.116914 0.116946 0.0802596 0.0381335 0.013643 0.00658054 0.00898286 0.0163999 0.0271997 0.0395354 0.0504661 0.0570011 0.0577407 0.0536447 0.0472376 0.0409357 0.0358463 0.0317532 0.0279055
 1.06645e-16 6.30988e-05 0.000613343 0.00407588 0.0185284 0.0576487 0.122827 0.179272 0.179283 0.122883 0.0578366 0.0190727 0.0054474 0.00362499 0.00583477 0.00968331 0.0142668 0.0186269 0.0218255 0.0234341 0.0237417 0.0234434 0.0230759 0.0226761 0.0218872 0.0203279
 1.04674e-16 6.05749e-05 0.000588809 0.00391285 0.0177872 0.0553428 0.117914 0.172104 0.172123 0.11801 0.0556646 0.0187167 0.00624652 0.00568524 0.0097459 0.0160337 0.023136 0.0291969 0.0323764 0.0318517 0.0283122 0.0234849 0.0190748 0.0159441 0.0140079 0.0126782
 1.08074e-16 3.54608e-05 0.000344692 0.0022906 0.0104128 0.0323982 0.0690292 0.100759 0.100799 0.0692276 0.0330644 0.0123382 0.00712814 0.0109195 0.0201613 0.0333854 0.0483491 0.0613453 0.0686005 0.0683576 0.061872 0.0524463 0.0433307 0.0361564 0.0308243 0.0264245
 1.13147e-16 4.56366e-05 0.000443604 0.00294791 0.0134008 0.0416948 0.088836 0.129663 0.129681 0.0889283 0.0420055 0.0143016 0.00522209 0.00545123 0.00968286 0.0162686 0.0242137 0.0320985 0.0384768 0.0426593 0.044997 0.0463499 0.0472169 0.0473047 0.0458428 0.0422674
 1.06349e-16 6.76022e-05 0.000657118 0.00436678 0.0198507 0.0617631 0.131593 0.192066 0.192076 0.13164 0.061922 0.0203102 0.00552235 0.00318763 0.00489736 0.00805383 0.0117522 0.0151235 0.0173444 0.018077 0.0176697 0.0168884 0.0163842 0.0163191 0.0163818 0.0160855
 1.06598e-16 4.34879e-05 0.000422718 0.00280911 0.0127698 0.0397319 0.0846544 0.123563 0.123601 0.0848373 0.0403461 0.0145438 0.00726172 0.0101419 0.0184996 0.0305097 0.0439379 0.055245 0.0608617 0.0591701 0.0514837 0.0411661 0.0316162 0.0246757 0.0203775 0.0177303
 1.05711e-16 6.11773e-05 0.000594665 0.00395176 0.0179641 0.0558932 0.119087 0.173813 0.173827 0.119152 0.0561113 0.0185959 0.00554367 0.00409037 0.00676047 0.0112372 0.0165495 0.0215806 0.0252135 0.0269051 0.0269357 0.0260703 0.024935 0.0236473 0.0219383 0.0195424
pSPR Fmed_Fpbrs
1   0.983004 0.6 0.325 0.983004 0.983004 0.983004
Fs Fmed_Fpbrs
0   0.01 0.337356 0.8634 0.01 0.01 0.01
SSBpbr Bo_Bmed_Bpbrs
1.43828e+06  1.36637e+06  1.34192e+06 791054 395527 1.34192e+06 1.34192e+06 1.34192e+06
Ro
203757
SPR SPRFo_SPRFmed_SPRFpbrs
1.46794e+06 1.46794e+06 1.44299e+06
Fref
0
Nvult_r0
 183915 37860.9 27677.9 3314.07 2634.94
CTP_r0
 15948.7 5870.67 4291.71 513.876 408.57
YTP_r0
356494
Np
 276379 101674 37403.9 13760.1 6924.29
Nvult_p0
 174705 64270.4 23643.7 8698.05 4376.99
CTP_p0
 0 0 0 0 0
 0 0 0 0 0
 0 0 0 0 0
 0 0 0 0 0
 0 0 0 0 0
 0 0 0 0 0
YTP_p0
 0 0 0 0 0 0
CBA_c0
0
log_Ro
12.0447
likeval ReclasPelacesDesembMPH_pf_preclas_ppelaces_ptallas_desvR_qrecl_qpela
 16.5536 17.536 0.0773721 0.000918565 235.337 136.526 108.381 0 22.0801 4.5289e-06 7.71907e-07 0.38914 2069.14 0 0
q_reclas_q_pelaces
0.740106 0.883159
M
1
N
 217784 40758.4 167114 9252.89 0.330498
 107447 75064.8 13220.2 54204.2 3001.33
 137484 35171.3 22036.1 3880.93 16793.3
 205632 45147.6 10388.8 6508.96 6106.7
 174182 62935.7 11639.1 2678.24 3252.32
 265479 60471.9 20700.7 3828.31 1950.67
 115102 85956.2 17381 5949.87 1661.02
 60091.3 32930.2 19451 3933.15 1722.26
 54009.7 21255.5 11229.4 6632.89 1928.52
 69529.1 17052 5818.88 3074.14 2343.77
 128076 21087 4319.24 1473.92 1372.35
 159341 44647.3 6990.97 1431.96 943.622
 135557 46324.8 10421.8 1631.86 554.518
 97048.9 40155.7 11212.1 2522.4 529.173
 104628 24869.2 7344.32 2050.64 558.12
 515356 29981.4 5645.01 1667.07 592.158
 124559 149473 6966.3 1311.64 524.941
 788636 40770.9 43875.5 2044.85 539.101
 455324 250830 11321.5 12183.6 717.527
 357325 139195 64519.7 2912.17 3318.49
 524600 111485 37242.4 17262.6 1667.04
 693307 169530 31925.2 10664.9 5420.76
 158765 216305 45356.3 8541.32 4303.58
 443561 53582.1 67361.4 14124.8 4000.14
 377596 149456 16634.2 20911.8 5626.75
 179671 128219 47097.6 5241.87 8363.01
 378717 62089.3 41797.7 15353.2 4435.02
 435765 127767 19321.8 13007.2 6157.98
 145636 148610 40599.1 6139.69 6089.91
 136766 50576.3 48908.3 13361.4 4024.83
 353730 46569.8 16023.4 15494.9 5508.24
 154655 117544 14074.4 4842.61 6347.61
 276379 54570.4 39893.3 4776.7 3797.84
pred_Ctot
 8729.48 3079.74 12627.3 699.155 0.0249727
 7556.78 9763.64 1719.54 7050.31 390.381
 9417.35 4460.7 2794.79 492.21 2129.86
 22173.1 8789.36 2022.5 1267.17 1188.86
 6225.59 4251.98 786.344 180.944 219.729
 20328.4 8529.65 2919.87 539.989 275.146
 16509.5 21748.9 4397.8 1505.45 420.275
 1466.71 1530.1 903.788 182.753 80.0248
 4901.34 3521.11 1860.22 1098.78 319.473
 7839.87 3460.33 1180.82 623.831 475.617
 4261.55 1328.32 272.079 92.8453 86.4474
 21532.3 10701.2 1675.61 343.215 226.17
 16987.1 10362.5 2331.27 365.036 124.042
 19168.1 13497.4 3768.66 847.842 177.869
 14921.5 6259.91 1848.66 516.175 140.486
 70278.9 7245.88 1364.28 402.896 143.112
 8763.51 19448.7 906.422 170.664 68.3029
 68323.4 6464.79 6957.05 324.24 85.4819
 49382.9 49095.9 2216 2384.74 140.444
 34774.8 24623.9 11413.7 515.168 587.046
 40739.3 15936.9 5323.87 2467.72 238.307
 67482.4 29994.2 5648.4 1886.9 959.074
 8348.04 21272.2 4460.51 839.985 423.23
 23746.4 5361.91 6740.79 1413.45 400.29
 18490.6 13719.7 1526.97 1919.65 516.521
 6922.09 9321.14 3423.86 381.069 607.967
 19996.5 6130.74 4127.14 1515.99 437.917
 20227.9 11135.8 1684.03 1133.67 536.71
 5179.47 9991.45 2729.59 412.789 409.442
 6473.32 4492.11 4343.96 1186.74 357.48
 21806.7 5338.84 1836.95 1776.37 631.474
 4007.08 5792.29 693.552 238.632 312.795
 15948.7 5870.67 4291.71 513.876 408.57
F
 0.0651505 0.125917 0.125917 0.125917 0.125917
 0.116764 0.22567 0.22567 0.22567 0.22567
 0.113573 0.219503 0.219503 0.219503 0.219503
 0.183974 0.355569 0.355569 0.355569 0.355569
 0.057921 0.111944 0.111944 0.111944 0.111944
 0.127696 0.246799 0.246799 0.246799 0.246799
 0.251429 0.48594 0.48594 0.48594 0.48594
 0.0392492 0.0758573 0.0758573 0.0758573 0.0758573
 0.152898 0.295507 0.295507 0.295507 0.295507
 0.193089 0.373186 0.373186 0.373186 0.373186
 0.0538298 0.104037 0.104037 0.104037 0.104037
 0.235368 0.454898 0.454898 0.454898 0.454898
 0.216631 0.418685 0.418685 0.418685 0.418685
 0.361584 0.698837 0.698837 0.698837 0.698837
 0.249835 0.482858 0.482858 0.482858 0.482858
 0.237746 0.459494 0.459494 0.459494 0.459494
 0.116809 0.225758 0.225758 0.225758 0.225758
 0.145529 0.281266 0.281266 0.281266 0.281266
 0.185131 0.357804 0.357804 0.357804 0.357804
 0.164758 0.31843 0.31843 0.31843 0.31843
 0.129607 0.250492 0.250492 0.250492 0.250492
 0.164784 0.31848 0.31848 0.31848 0.31848
 0.0862091 0.166617 0.166617 0.166617 0.166617
 0.0878331 0.169756 0.169756 0.169756 0.169756
 0.0800853 0.154782 0.154782 0.154782 0.154782
 0.062553 0.120897 0.120897 0.120897 0.120897
 0.0865824 0.167339 0.167339 0.167339 0.167339
 0.0757804 0.146462 0.146462 0.146462 0.146462
 0.0576265 0.111375 0.111375 0.111375 0.111375
 0.0773185 0.149434 0.149434 0.149434 0.149434
 0.10172 0.196595 0.196595 0.196595 0.196595
 0.0417066 0.0806067 0.0806067 0.0806067 0.0806067
 0.0949517 0.183514 0.183514 0.183514 0.183514
YTP_r0W_actual
 120253 102443 103301 16094.6 14402.1
YTP_p0W_proyectada
 0 0 0 0 0
 0 0 0 0 0
 0 0 0 0 0
 0 0 0 0 0
 0 0 0 0 0
 0 0 0 0 0
CTP_r0_actual
 15948.7 5870.67 4291.71 513.876 408.57
CTP_p0_proyectada
 0 0 0 0 0
 0 0 0 0 0
 0 0 0 0 0
 0 0 0 0 0
 0 0 0 0 0
 0 0 0 0 0
Wmedp
 7.54 17.45 24.07 31.32 35.25
Frms_r0
 0.0949517 0.183514 0.183514 0.183514 0.183514
Zrms_r0
 1.09495 1.18351 1.18351 1.18351 1.18351
nmprior
 7.29 8.9 8.7 0
nm_flota  nm_reclas  nm_pelaces    nm_pelaL
inf 11.9001 20.4876 68.5627
cv_recla  cv_pelaces  cv_mph
0.352352 0.458729 0.810011
 ------------------------------------------------
Talla a la edad & desviaci?n 
 8 13.2811 15.8009 17.003 17.5766
 0.8 1.32811 1.58009 1.7003 1.75766
