years
 1991 1992 1993 1994 1995 1996 1997 1998 1999 2000 2001 2002 2003 2004 2005 2006 2007 2008 2009 2010 2011 2012 2013 2014 2015 2016 2017 2018 2019 2020 2021 2022 2023
reclasobs
 0 0 0 0 0 0 0 0 0 252601 567819 844713 477998 351125 339783 2.1784e+06 2.13404e+06 4.81314e+06 1.55562e+06 2.62356e+06 3.21686e+06 3.843e+06 1.13348e+06 3.07943e+06 1.97215e+06 2.03268e+06 2.025e+06 2.42433e+06 2.27542e+06 1.05018e+06 2.36338e+06 3.18982e+06 1.53035e+06
reclaspred
 8.90825e+06 2.36451e+06 1.56151e+06 1.23139e+06 90488 1.02136e+07 9.79634e+06 6.20654e+06 2.79638e+06 202422 301533 1.067e+06 590377 670575 383246 1.91169e+06 841568 4.54563e+06 5.2243e+06 1.74842e+06 3.09896e+06 3.3593e+06 1.67619e+06 3.488e+06 2.69222e+06 1.48393e+06 2.10995e+06 3.79045e+06 3.27564e+06 825126 2.53142e+06 3.409e+06 493386
pelacesobs
 0 0 0 0 0 0 0 0 0 0 0 0 0 0 0 552880 188675 0 991730 2.46772e+06 1.41603e+06 1.21717e+06 2.29649e+06 1.80582e+06 0 1.4828e+06 1.56532e+06 1.57751e+06 1.42118e+06 867257 1.10002e+06 1.06204e+06 0
pelacespred
 8.27826e+06 2.0654e+06 748194 498476 27197.4 5.25462e+06 7.22559e+06 6.33048e+06 2.92607e+06 96991.4 127533 403957 224762 264054 133868 694591 341431 2.1494e+06 2.81028e+06 916108 1.35785e+06 1.43077e+06 877111 1.88277e+06 1.54569e+06 862662 1.18873e+06 2.01702e+06 2.14005e+06 530374 1.03162e+06 2.02778e+06 197699
mphobs
 0 0 0 0 0 0 0 0 0 0 0 0 498337 0 5186 125008 0 168611 109162 213762 579715 649985 157893 87575 83554 210694 70296 0 107559 103333 445601 22526 28222
mphpred
 2.02269e+06 789788 119010 293297 59248.9 2355.28 2.29659e+06 1.31179e+06 713266 146199 4088.01 46078.9 136791 34752.3 41025.2 29636.1 268583 52305.2 683560 840686 207060 462720 143992 47081.3 188333 118502 44151.2 106253 275353 117454 16864.2 185654 79651.8
desembarqueobs
 494567 514787 250237 358949 120608 361735 552515 73892 212993 205616 52469 317467 293654 387597 252695 516296 358380 742168 942051 627588 828172 859565 418607 520667 417249 300574 415391 372974 316634 284311 391294 218835 356480
desembarquepred
 494506 514314 250021 358416 120446 361624 552152 73880.8 212786 205119 52435.2 316996 293051 386577 252161 515473 358009 741127 940024 625298 826991 857948 418031 520127 416584 300057 414747 372558 316185 283418 390719 218685 355457
Reclutas
 1641.27 1052.68 243934 2852.67 1225.2 807053 1439.83 463.218 817.224 1643.16 32447.4 138188 43797 80271.6 38668.4 262445 4002.47 462425 346033 38467 260742 389204 4483.01 188465 128593 14566.8 135017 196280 16736.6 11339.4 173544 44441.5 2209.43
log_desv_Rt
 -2.76733 -3.21146 2.23409 -2.21455 -3.0597 3.43058 -2.89828 -4.03236 -3.46465 -2.76618 0.216813 1.66581 0.516759 1.12261 0.392217 2.30723 -1.87589 2.87368 2.58373 0.386993 2.30073 2.7013 -1.76251 1.9761 1.59384 -0.584063 1.6426 2.01674 -0.44521 -0.834526 1.89363 0.531368 -2.47007
SSB
 1.76716e+06 690015 103975 256245 51764 2057.74 2.00647e+06 1.14607e+06 623159 127729 3571.57 40257.7 108465 29119.9 32878.1 24516.6 234653 45697.5 621497 502310 130736 311732 398916 121529 437087 304906 103888 233494 632390 245090 43731 472384 201497
BT
 2.1784e+06 964534 535115 375922 111717 3.55355e+06 2.46355e+06 1.36337e+06 787087 257576 118660 491268 352739 562529 324670 825277 377388 1.96039e+06 2.1353e+06 861037 1.47779e+06 1.43416e+06 581630 1.52463e+06 944879 505415 1.08122e+06 1.34293e+06 850382 430882 893907 851290 365054
Ftot
 0.298692 1.07444 1.07185 1.32856 3.65762 0.268553 0.292069 0.06557 0.412869 3.20509 1.23892 1.90981 2.38 3.34362 3.54057 1.8442 1.80765 1.16327 1.06118 1.64577 1.70095 1.54214 1.17362 1.01934 0.872873 1.01661 1.30426 0.66142 0.499458 1.60477 1.09458 0.35506 2.59759
BD_Bspro_t
 0.953701 0.627047 0.216274 0.40303 0.0944925 0.00634964 0.800356 0.64889 0.583101 0.250145 0.0182138 0.248575 0.25091 0.0736194 0.0745777 0.0598644 0.255527 0.0661431 0.403915 0.308488 0.0956595 0.197349 0.252438 0.109687 0.328881 0.304432 0.168451 0.335482 0.543344 0.31652 0.104432 0.48138 0.337389
BD_Bspro
 9.38995 3.66645 0.55248 1.36157 0.275052 0.0109339 10.6615 6.08974 3.3112 0.6787 0.0189778 0.213912 0.576337 0.154731 0.1747 0.130271 1.24684 0.242817 3.30237 2.66906 0.694673 1.65641 2.11967 0.645755 2.3225 1.62014 0.552018 1.24069 3.36025 1.30231 0.232368 2.51005 1.07067
BD_Bo
 4.59565 1.79444 0.270396 0.666385 0.134617 0.00535131 5.21798 2.98045 1.62058 0.332171 0.00928817 0.104694 0.282072 0.0757288 0.0855023 0.0637574 0.610234 0.11884 1.61625 1.3063 0.339988 0.810684 1.03741 0.316047 1.13668 0.792933 0.27017 0.607219 1.64458 0.637378 0.113726 1.22847 0.524011
BD_Brms
 4.91901 1.9207 0.289422 0.713273 0.144088 0.00572784 5.58513 3.19016 1.7346 0.355543 0.0099417 0.11206 0.301919 0.0810572 0.0915183 0.0682434 0.653171 0.127202 1.72998 1.39821 0.363911 0.867725 1.11041 0.338284 1.21666 0.848725 0.289179 0.649944 1.7603 0.682225 0.121728 1.31491 0.560881
Sel_flota
 0.432071 0.935296 0.996372 0.999808 0.99999
 0.432071 0.935296 0.996372 0.999808 0.99999
 0.432071 0.935296 0.996372 0.999808 0.99999
 0.432071 0.935296 0.996372 0.999808 0.99999
 0.432071 0.935296 0.996372 0.999808 0.99999
 0.432071 0.935296 0.996372 0.999808 0.99999
 0.432071 0.935296 0.996372 0.999808 0.99999
 0.432071 0.935296 0.996372 0.999808 0.99999
 0.432071 0.935296 0.996372 0.999808 0.99999
 0.432071 0.935296 0.996372 0.999808 0.99999
 0.432071 0.935296 0.996372 0.999808 0.99999
 0.432071 0.935296 0.996372 0.999808 0.99999
 0.432071 0.935296 0.996372 0.999808 0.99999
 0.432071 0.935296 0.996372 0.999808 0.99999
 0.432071 0.935296 0.996372 0.999808 0.99999
 0.432071 0.935296 0.996372 0.999808 0.99999
 0.432071 0.935296 0.996372 0.999808 0.99999
 0.432071 0.935296 0.996372 0.999808 0.99999
 0.432071 0.935296 0.996372 0.999808 0.99999
 0.432071 0.935296 0.996372 0.999808 0.99999
 0.432071 0.935296 0.996372 0.999808 0.99999
 0.432071 0.935296 0.996372 0.999808 0.99999
 0.432071 0.935296 0.996372 0.999808 0.99999
 0.432071 0.935296 0.996372 0.999808 0.99999
 0.432071 0.935296 0.996372 0.999808 0.99999
 0.432071 0.935296 0.996372 0.999808 0.99999
 0.432071 0.935296 0.996372 0.999808 0.99999
 0.432071 0.935296 0.996372 0.999808 0.99999
 0.432071 0.935296 0.996372 0.999808 0.99999
 0.432071 0.935296 0.996372 0.999808 0.99999
 0.432071 0.935296 0.996372 0.999808 0.99999
 0.432071 0.935296 0.996372 0.999808 0.99999
 0.432071 0.935296 0.996372 0.999808 0.99999
Sel_reclas
 0.583829 0.875931 0.972626 0.994439 0.99889
 0.583829 0.875931 0.972626 0.994439 0.99889
 0.583829 0.875931 0.972626 0.994439 0.99889
 0.583829 0.875931 0.972626 0.994439 0.99889
 0.583829 0.875931 0.972626 0.994439 0.99889
 0.583829 0.875931 0.972626 0.994439 0.99889
 0.583829 0.875931 0.972626 0.994439 0.99889
 0.583829 0.875931 0.972626 0.994439 0.99889
 0.583829 0.875931 0.972626 0.994439 0.99889
 0.583829 0.875931 0.972626 0.994439 0.99889
 0.583829 0.875931 0.972626 0.994439 0.99889
 0.583829 0.875931 0.972626 0.994439 0.99889
 0.583829 0.875931 0.972626 0.994439 0.99889
 0.583829 0.875931 0.972626 0.994439 0.99889
 0.583829 0.875931 0.972626 0.994439 0.99889
 0.583829 0.875931 0.972626 0.994439 0.99889
 0.583829 0.875931 0.972626 0.994439 0.99889
 0.583829 0.875931 0.972626 0.994439 0.99889
 0.583829 0.875931 0.972626 0.994439 0.99889
 0.583829 0.875931 0.972626 0.994439 0.99889
 0.583829 0.875931 0.972626 0.994439 0.99889
 0.583829 0.875931 0.972626 0.994439 0.99889
 0.583829 0.875931 0.972626 0.994439 0.99889
 0.583829 0.875931 0.972626 0.994439 0.99889
 0.583829 0.875931 0.972626 0.994439 0.99889
 0.583829 0.875931 0.972626 0.994439 0.99889
 0.583829 0.875931 0.972626 0.994439 0.99889
 0.583829 0.875931 0.972626 0.994439 0.99889
 0.583829 0.875931 0.972626 0.994439 0.99889
 0.583829 0.875931 0.972626 0.994439 0.99889
 0.583829 0.875931 0.972626 0.994439 0.99889
 0.583829 0.875931 0.972626 0.994439 0.99889
 0.583829 0.875931 0.972626 0.994439 0.99889
Sel_pelaces
 0.303321 0.68663 0.916854 0.982299 0.996432
 0.303321 0.68663 0.916854 0.982299 0.996432
 0.303321 0.68663 0.916854 0.982299 0.996432
 0.303321 0.68663 0.916854 0.982299 0.996432
 0.303321 0.68663 0.916854 0.982299 0.996432
 0.303321 0.68663 0.916854 0.982299 0.996432
 0.303321 0.68663 0.916854 0.982299 0.996432
 0.303321 0.68663 0.916854 0.982299 0.996432
 0.303321 0.68663 0.916854 0.982299 0.996432
 0.303321 0.68663 0.916854 0.982299 0.996432
 0.303321 0.68663 0.916854 0.982299 0.996432
 0.303321 0.68663 0.916854 0.982299 0.996432
 0.303321 0.68663 0.916854 0.982299 0.996432
 0.303321 0.68663 0.916854 0.982299 0.996432
 0.303321 0.68663 0.916854 0.982299 0.996432
 0.303321 0.68663 0.916854 0.982299 0.996432
 0.303321 0.68663 0.916854 0.982299 0.996432
 0.303321 0.68663 0.916854 0.982299 0.996432
 0.303321 0.68663 0.916854 0.982299 0.996432
 0.303321 0.68663 0.916854 0.982299 0.996432
 0.303321 0.68663 0.916854 0.982299 0.996432
 0.303321 0.68663 0.916854 0.982299 0.996432
 0.303321 0.68663 0.916854 0.982299 0.996432
 0.303321 0.68663 0.916854 0.982299 0.996432
 0.303321 0.68663 0.916854 0.982299 0.996432
 0.303321 0.68663 0.916854 0.982299 0.996432
 0.303321 0.68663 0.916854 0.982299 0.996432
 0.303321 0.68663 0.916854 0.982299 0.996432
 0.303321 0.68663 0.916854 0.982299 0.996432
 0.303321 0.68663 0.916854 0.982299 0.996432
 0.303321 0.68663 0.916854 0.982299 0.996432
 0.303321 0.68663 0.916854 0.982299 0.996432
 0.303321 0.68663 0.916854 0.982299 0.996432
pf_obs 
 0.8446 0.082 0.0669 0.0065 0
 0.8095 0.147 0.0364 0.0071 0
 0.9664 0.0169 0.016 0.0007 0
 0.9276 0.0648 0.0075 0.0001 0
 0.7033 0.2144 0.0806 0.0017 0
 0.9318 0.0425 0.0243 0.0014 0
 0.5671 0.3108 0.0964 0.0239 0.0018
 0.0768 0.2599 0.5324 0.112 0.0189
 0.490249 0.384438 0.106611 0.0170017 0.00170017
 0.7925 0.1577 0.0466 0.003 0.0002
 0.840416 0.127587 0.0312969 0.00059994 9.999e-05
 0.8084 0.0986 0.0794 0.0134 0.0002
 0.7335 0.1905 0.0724 0.0035 0.0001
 0.4001 0.4547 0.1325 0.0127 0
 0.49795 0.308269 0.164784 0.0264974 0.00249975
 0.9179 0.0499 0.0305 0.0017 0
 0.2467 0.6533 0.0926 0.0074 0
 0.9418 0.0223 0.034 0.0019 0
 0.707729 0.231977 0.0356964 0.0245975 0
 0.517169 0.277429 0.184464 0.0207286 0.00020938
 0.811772 0.124168 0.05621 0.00726502 0.000585176
 0.764997 0.148141 0.077277 0.00933861 0.000247198
 0.163321 0.427699 0.378323 0.0303852 0.000271297
 0.753843 0.0900009 0.118128 0.0371064 0.000921714
 0.721811 0.176058 0.0630433 0.0369309 0.00215725
 0.143369 0.312575 0.442814 0.0836902 0.0175525
 0.692698 0.0596174 0.167031 0.0765114 0.00414204
 0.394062 0.376323 0.152708 0.0712218 0.00568511
 0.125707 0.32114 0.495352 0.0537591 0.00404204
 0.23352 0.215282 0.420074 0.123614 0.00750983
 0.796117 0.104755 0.0508955 0.0450114 0.00322123
 0.162477 0.292055 0.404252 0.121198 0.0200186
 0 0 0 0 0
pf_pred 
 0.00710598 0.166431 0.739723 0.0867397 4.81003e-07
 0.0185786 0.0166671 0.17171 0.710105 0.082939
 0.970382 0.00172402 0.000527281 0.00489413 0.0224728
 0.0283862 0.962611 0.000581242 0.000160143 0.00826177
 0.118674 0.0773244 0.797411 0.000428236 0.00616269
 0.999589 0.000235613 1.90952e-05 0.000155412 1.26677e-06
 0.00266164 0.997159 0.000105962 8.00634e-06 6.54416e-05
 0.0027319 0.00587955 0.991223 9.8143e-05 6.77524e-05
 0.0147794 0.00597264 0.00614463 0.972941 0.000162267
 0.150005 0.0320594 0.00537926 0.0051203 0.807436
 0.986602 0.00798673 0.000253174 3.43485e-05 0.00512389
 0.925449 0.074245 0.000191197 5.41658e-06 0.000109638
 0.561599 0.429847 0.00852356 1.89912e-05 1.13318e-05
 0.896933 0.0889311 0.0139023 0.000232765 8.20142e-07
 0.800665 0.196331 0.00266444 0.000333828 5.53989e-06
 0.981003 0.0184149 0.000575433 6.19482e-06 7.78851e-07
 0.0539054 0.941466 0.00450513 0.000122238 1.46974e-06
 0.985934 0.00252357 0.0114934 4.78654e-05 1.30423e-06
 0.652475 0.346031 0.000292773 0.00119656 5.08831e-06
 0.197972 0.679209 0.122345 9.32732e-05 0.000380627
 0.916729 0.0397815 0.0375378 0.00592896 2.27914e-05
 0.832645 0.163608 0.00191676 0.00158185 0.000248947
 0.0318386 0.915338 0.0517817 0.000534819 0.000507245
 0.906014 0.00857079 0.0812122 0.00412094 8.24199e-05
 0.602765 0.38455 0.00126843 0.0108569 0.000558778
 0.167772 0.671027 0.15653 0.000469315 0.00420155
 0.894339 0.0393272 0.05451 0.011483 0.000340636
 0.778792 0.213757 0.00297708 0.00368057 0.000793292
 0.123858 0.787756 0.0856542 0.00109469 0.00163722
 0.263407 0.190032 0.495289 0.0496942 0.00157777
 0.9647 0.0205634 0.0041788 0.00957361 0.000983967
 0.353829 0.638495 0.00467179 0.000855226 0.00214818
 0.0568603 0.531452 0.407156 0.00276317 0.0017688
pobs_RECLAS
 0 0 0 0 0
 0 0 0 0 0
 0 0 0 0 0
 0 0 0 0 0
 0 0 0 0 0
 0 0 0 0 0
 0 0 0 0 0
 0 0 0 0 0
 0 0 0 0 0
 0 0 0 0 0
 0.991045 0.00858322 0.000360255 1.14367e-05 0
 0.934742 0.0480273 0.0164251 0.00080598 0
 0.827803 0.169806 0.00239088 0 0
 0.941827 0.0461693 0.0120037 0 0
 0.791401 0.0380133 0.147996 0.0225897 0
 0.846168 0.0940531 0.0597789 0 0
 0.134021 0.677848 0.182769 0.00536245 0
 0.80878 0.0450904 0.141981 0.00414843 0
 0.846168 0.0940531 0.0597789 0 0
 0.905697 0.0802665 0.012482 0.00150086 5.37128e-05
 0.989698 0.0102097 9.19794e-05 0 0
 0.975433 0.0193895 0.00387452 0.00125025 5.28907e-05
 0.303575 0.632131 0.0575291 0.00676475 0
 0.966965 0.00978017 0.0227588 0.000495775 0
 0.843318 0.132988 0.00938335 0.0141283 0.000182051
 0.564624 0.303363 0.111486 0.0197234 0.00080311
 0.826376 0.0876187 0.0782897 0.00655872 0.00115652
 0.89761 0.0855135 0.0140674 0.00269457 0.000114338
 0.34875 0.467042 0.161289 0.0227151 0.000203297
 0.318654 0.224769 0.449479 0.00709798 0
 0.937255 0.0296025 0.0250945 0.00804832 0
 0.456809 0.399803 0.12412 0.0192676 0
 0.883104 0.0372192 0.0704036 0.00927362 0
ppred_RECLAS
 0.0100206 0.160286 0.741151 0.0885413 4.93099e-07
 0.0273442 0.0157827 0.167721 0.706305 0.0828468
 0.979782 0.00112023 0.00035342 0.00334044 0.0154039
 0.0445023 0.946214 0.0005871 0.000164682 0.00853206
 0.237082 0.0683675 0.68875 0.000375484 0.00542567
 0.999712 0.000161208 1.35952e-05 0.000112731 9.22815e-07
 0.00389092 0.995921 0.000110105 8.47585e-06 6.95763e-05
 0.00379042 0.0056381 0.990402 9.99144e-05 6.92714e-05
 0.0204691 0.00561066 0.00599942 0.967759 0.000162094
 0.267479 0.0274243 0.00454692 0.00439645 0.696153
 0.991304 0.00507918 0.000165678 2.28861e-05 0.00342853
 0.954995 0.0448156 0.000117381 3.38353e-06 6.87755e-05
 0.700448 0.293665 0.00586563 1.32903e-05 7.96335e-06
 0.949037 0.0440644 0.00678326 0.000115345 4.08089e-07
 0.898854 0.0996497 0.00132509 0.000168564 2.80882e-06
 0.988698 0.010949 0.000348419 3.81676e-06 4.81894e-07
 0.0876913 0.907758 0.00442665 0.000122223 1.47576e-06
 0.990761 0.00161746 0.00758892 3.2181e-05 8.80596e-07
 0.744498 0.254352 0.000222024 0.000924027 3.94615e-06
 0.28917 0.599939 0.110454 8.57042e-05 0.000351221
 0.947658 0.0247017 0.0237998 0.00382569 1.47685e-05
 0.890363 0.107102 0.00128483 0.00107929 0.000170575
 0.0490025 0.89762 0.0523039 0.000550057 0.000523919
 0.935352 0.00572259 0.0559749 0.00289245 5.80965e-05
 0.698047 0.29183 0.000995579 0.00867885 0.000448586
 0.236437 0.611754 0.147316 0.000449796 0.00404397
 0.929603 0.0256967 0.0366137 0.00785265 0.000233934
 0.840574 0.153803 0.00222097 0.00279688 0.000605405
 0.172721 0.740891 0.0836632 0.00108924 0.00163605
 0.366255 0.160572 0.428065 0.0437144 0.0013938
 0.976621 0.0133677 0.0028013 0.00653513 0.000674537
 0.445667 0.547432 0.00416519 0.000776803 0.00195956
 0.102029 0.505414 0.388158 0.00267807 0.00172149
pobs_PELACES
 0 0 0 0 0
 0 0 0 0 0
 0 0 0 0 0
 0 0 0 0 0
 0 0 0 0 0
 0 0 0 0 0
 0 0 0 0 0
 0 0 0 0 0
 0 0 0 0 0
 0 0 0 0 0
 0 0 0 0 0
 0 0 0 0 0
 0 0 0 0 0
 0 0 0 0 0
 0 0 0 0 0
 0 0 0 0 0
 0.505614 0.472636 0.0217494 0 0
 0 0 0 0 0
 0.443492 0.261883 0.143347 0.151278 0
 0.227955 0.32914 0.350689 0.0885471 0.00366901
 0.970185 0.0296113 0.000203453 0 0
 0.997202 0.00247181 0.000326279 0 0
 0.445219 0.490057 0.0546422 0.010081 0
 0.90214 0.0892962 0.00764917 0.000914606 0
 0 0 0 0 0
 0.581667 0.319106 0.0959925 0.00289975 0.000334073
 0.762889 0.0836404 0.116647 0.0363945 0.000428098
 0.88444 0.0763242 0.0277011 0.0115352 0
 0.521256 0.241999 0.230069 0.00667565 0
 0.616807 0.101726 0.260614 0.0208532 0
 0.833518 0.0704572 0.0857862 0.0102388 0
 0.697417 0.212968 0.0787535 0.0105354 0.000325836
 0 0 0 0 0
ppred_PELACES
 0.00599553 0.137697 0.761066 0.0952413 5.35636e-07
 0.0179366 0.0130678 0.16342 0.720264 0.0853122
 0.969015 0.00139907 0.000519451 0.00513855 0.0239279
 0.0369819 0.951511 0.000691209 0.000202862 0.010613
 0.254575 0.060341 0.679062 0.000386322 0.00563613
 0.999538 0.000232583 2.346e-05 0.000203781 1.68459e-06
 0.00271005 0.997059 0.00013178 1.06265e-05 8.80901e-05
 0.00212026 0.00470696 0.992994 0.000104965 7.34904e-05
 0.0117519 0.00453818 0.00578716 0.977757 0.000165381
 0.258689 0.023502 0.00439272 0.00443457 0.708982
 0.988305 0.00621959 0.000237953 3.43952e-05 0.00520315
 0.950734 0.0490214 0.000148572 4.47797e-06 9.19094e-05
 0.696454 0.296727 0.00679341 1.60859e-05 9.73219e-06
 0.954847 0.038391 0.00664377 0.000117934 4.21282e-07
 0.913674 0.0848916 0.00126399 0.000167816 2.82334e-06
 0.9874 0.012146 0.000447838 5.12999e-06 6.54017e-07
 0.0791396 0.915532 0.00517675 0.00014947 1.82237e-06
 0.986901 0.0020039 0.0110444 4.90119e-05 1.35429e-06
 0.697071 0.301266 0.000309548 0.00134835 5.81469e-06
 0.256806 0.611647 0.131 0.000106315 0.000439938
 0.935935 0.0277513 0.0310701 0.00522338 2.03609e-05
 0.873777 0.122757 0.0017167 0.00150848 0.000240737
 0.0394725 0.897764 0.0614374 0.000676144 0.000650323
 0.906982 0.00706864 0.0814546 0.00440553 8.93551e-05
 0.637353 0.347784 0.0014019 0.0127933 0.000667741
 0.190002 0.626522 0.177751 0.000568053 0.00515726
 0.90695 0.0304603 0.0508377 0.0114085 0.000343191
 0.794657 0.196563 0.00336815 0.00444128 0.000970796
 0.128448 0.765158 0.102864 0.00140254 0.00212736
 0.307411 0.155778 0.483502 0.0516458 0.00166277
 0.96814 0.0166711 0.00410947 0.0100335 0.00104578
 0.360478 0.629835 0.00572171 0.00111773 0.00284735
 0.0984118 0.477823 0.418787 0.00301883 0.00195937
pobs_pel_tallas
 0 0 0 0 0 0 0 0 0 0 0 0 0 0 0 0 0 0 0 0 0 0 0 0 0 0
 0 0 0 0 0 0 0 0 0 0 0 0 0 0 0 0 0 0 0 0 0 0 0 0 0 0
 0 0 0 0 0 0 0 0 0 0 0 0 0 0 0 0 0 0 0 0 0 0 0 0 0 0
 0 0 0 0 0 0 0 0 0 0 0 0 0 0 0 0 0 0 0 0 0 0 0 0 0 0
 0 0 0 0 0 0 0 0 0 0 0 0 0 0 0 0 0 0 0 0 0 0 0 0 0 0
 0 0 0 0 0 0 0 0 0 0 0 0 0 0 0 0 0 0 0 0 0 0 0 0 0 0
 0 0 0 0 0 0 0 0 0 0 0 0 0 0 0 0 0 0 0 0 0 0 0 0 0 0
 0 0 0 0 0 0 0 0 0 0 0 0 0 0 0 0 0 0 0 0 0 0 0 0 0 0
 0 0 0 0 0 0 0 0 0 0 0 0 0 0 0 0 0 0 0 0 0 0 0 0 0 0
 0 0 0 0 0 0 0 0 0 0 0 0 0 0 0 0 0 0 0 0 0 0 0 0 0 0
 0 0 0 0 0 0 0 0 0 0 0 0 0 0 0 0 0 0 0 0 0 0 0 0 0 0
 0 0 0 0 0 0 0 0 0 0 0 0 0 0 0 0 0 0 0 0 0 0 0 0 0 0
 0.00862536 0 0 0.000197151 0.00414017 0.0128641 0.00837892 0.0270097 0.101434 0.158115 0.152841 0.127902 0.109271 0.109419 0.0830992 0.0579132 0.0238553 0.00714673 0.00463305 0.00128148 0.00103504 0.000492878 0.000147863 0.000147863 4.92878e-05 0
 0 0 0 0 0 0 0 0 0 0 0 0 0 0 0 0 0 0 0 0 0 0 0 0 0 0
 0 0 0 0 0 0 0 0.0054083 0.00873648 0.0413646 0.0450493 0.0745869 0.0622846 0.0627006 0.0613931 0.0827291 0.12552 0.122667 0.0946155 0.0697135 0.0546179 0.0294188 0.0215738 0.0213955 0.0102223 0.00600262
 0 0 0 0 0.00359764 0.0251062 0.0480494 0.140153 0.205849 0.193036 0.1447 0.116669 0.0760912 0.0342217 0.00950174 0.001854 0.000860785 0 0 0 0.000165536 0 0.000143464 0 0 0
 0 0 0 0 0 0 0 0.000145254 0.000435761 0.0275982 0.070085 0.0708112 0.156366 0.174668 0.174014 0.160142 0.0824315 0.0480064 0.0283245 0.00493863 0.00203355 0 0 0 0 0
 0 0 0 0 0 0 0 0 0 0 0 0 0 0 0 0 0 0 0 0 0 0 0 0 0 0
 0 0 1.00437e-05 0.000401748 0.00122533 0.00171747 0.00176769 0.0269171 0.070346 0.194647 0.189555 0.159765 0.064822 0.0314167 0.0384472 0.0292271 0.0345202 0.0313363 0.0194345 0.0106764 0.0143323 0.0359363 0.0279516 0.0138201 0.00172751 0
 0 0.0021121 0.0136068 0.0755702 0.200478 0.177729 0.0527432 0.0373336 0.0318909 0.0142505 0.0149659 0.0166563 0.0217959 0.0798694 0.0677717 0.0528807 0.04013 0.0224614 0.0357745 0.0225083 0.00881397 0.00855152 0.00135912 0.000746735 0 0
 0 0 0 0 5.4009e-05 0.00500934 0.000945158 0.0243581 0.138947 0.33067 0.221406 0.137944 0.0707744 0.0437923 0.0131692 0.00525238 0.0047753 0.00276346 9.45158e-05 9.00151e-06 2.25038e-05 9.00151e-06 4.50075e-06 0 0 0
 0.000866109 0.00284123 0.00948549 0.0512746 0.133035 0.25785 0.225252 0.132002 0.0553304 0.0519788 0.0540692 0.017754 0.00435017 0.00159236 0.00146478 0.000404838 0.000125132 0.000115318 0.000107957 0.000100596 0 0 0 0 0 0
 0 0 0 0 0.00144013 0.00171154 0.00461396 0.0210425 0.0478622 0.0707936 0.0888783 0.103762 0.0637923 0.0337046 0.0602308 0.124433 0.169614 0.0934646 0.0462172 0.0250306 0.0313229 0.00938855 0.002487 0.000210481 0 0
 0 0.00764035 0.051015 0.0998891 0.058973 0.0496711 0.0374665 0.0718981 0.12319 0.153886 0.159021 0.0857701 0.0377988 0.023471 0.0147837 0.00900784 0.00315554 0.000888139 0.00291439 0.00214683 0.00393193 0.00274676 0.000635225 9.99891e-05 0 0
 0 0 0 0 0 0 0 0 0 0 0 0 0 0 0 0 0 0 0 0 0 0 0 0 0 0
 0 0 0 0 0 0 0 0 0 0 0 0 0 0 0 0 0 0 0 0 0 0 0 0 0 0
 0 0 0 0 0 0 0 0 0 0 0 0 0 0 0 0 0 0 0 0 0 0 0 0 0 0
 0 0 0 0 0 0 0 0 0 0 0 0 0 0 0 0 0 0 0 0 0 0 0 0 0 0
 0 0 0 0 0 0 0 0 0 0 0 0 0 0 0 0 0 0 0 0 0 0 0 0 0 0
 0 0 0 0 0 0 0 0 0 0 0 0 0 0 0 0 0 0 0 0 0 0 0 0 0 0
 0 0 0 0 0 0 0 0 0 0 0 0 0 0 0 0 0 0 0 0 0 0 0 0 0 0
 0 0 0 0 0 0 0 0 0 0 0 0 0 0 0 0 0 0 0 0 0 0 0 0 0 0
 0 0 0 0 0 0 0 0 0 0 0 0 0 0 0 0 0 0 0 0 0 0 0 0 0 0
ppred_pel_tallas
 1.3155e-16 4.93876e-07 4.80066e-06 3.19027e-05 0.000145034 0.000451331 0.000962137 0.00140728 0.00142172 0.00103329 0.000693637 0.000859933 0.00188312 0.00423368 0.00858169 0.0156203 0.0258413 0.0394576 0.0564521 0.0764788 0.0983814 0.119599 0.136192 0.143992 0.140421 0.125854
 1.91389e-16 1.47742e-06 1.4361e-05 9.5434e-05 0.00043383 0.00134982 0.00287599 0.00419796 0.00419974 0.00288496 0.0013816 0.000533191 0.000374408 0.000725364 0.00166565 0.00361835 0.00737264 0.0141412 0.0255233 0.0431915 0.0682002 0.100053 0.135953 0.170788 0.19816 0.212265
 1.04581e-16 7.98165e-05 0.000775845 0.00515576 0.0234373 0.0729223 0.155369 0.226765 0.226765 0.155369 0.0729246 0.0234443 0.00517369 0.000816696 0.000162912 0.000159028 0.000263621 0.000432833 0.000698978 0.00112102 0.00177054 0.00270213 0.00391166 0.00530233 0.00668082 0.0077958
 1.0208e-16 3.04634e-06 2.96116e-05 0.000196784 0.000894609 0.00278395 0.00593488 0.00868132 0.00877281 0.00638184 0.00428406 0.00522463 0.0110552 0.0236985 0.0448516 0.0738742 0.105787 0.131706 0.142589 0.13429 0.110127 0.0788298 0.0495708 0.0278628 0.0146424 0.00792883
 1.20605e-16 2.0969e-05 0.000203826 0.0013545 0.00615735 0.0191579 0.0408181 0.0595766 0.0595834 0.040852 0.0192749 0.00650846 0.00228529 0.00239897 0.00466661 0.00891993 0.0157178 0.0257123 0.0393345 0.0563833 0.0754861 0.0937896 0.107393 0.112659 0.107825 0.0939212
 1.00022e-16 8.23307e-05 0.000800283 0.00531816 0.0241756 0.0752193 0.160263 0.233908 0.233908 0.160263 0.0752196 0.0241767 0.00532085 0.00080615 9.35168e-05 2.44054e-05 2.7427e-05 3.49261e-05 4.01237e-05 4.21863e-05 4.21931e-05 4.21729e-05 4.36936e-05 4.6846e-05 5.02679e-05 5.20213e-05
 1.00275e-16 2.23431e-07 2.17192e-06 1.44378e-05 6.56912e-05 0.000204904 0.000440113 0.000662457 0.000758327 0.000908445 0.00177675 0.00460274 0.0113918 0.0248016 0.0469885 0.0773919 0.110807 0.137914 0.149218 0.14035 0.114759 0.0815765 0.0504182 0.0270996 0.0126764 0.0051712
 1.2868e-16 1.74648e-07 1.69764e-06 1.12815e-05 5.1285e-05 0.000159576 0.000340061 0.00049672 0.000498703 0.000350476 0.000198959 0.000184471 0.000418743 0.00113256 0.00285269 0.00654643 0.0136731 0.025982 0.0448864 0.0704388 0.100322 0.129583 0.151714 0.160938 0.154642 0.134577
 1.98252e-16 9.67993e-07 9.40923e-06 6.25277e-05 0.000284242 0.000884387 0.00188431 0.00275036 0.00275116 0.00188838 0.00089926 0.000332873 0.000207335 0.000406043 0.00100907 0.00239224 0.00531233 0.0110273 0.021323 0.0382488 0.0634102 0.0968865 0.136185 0.175908 0.208672 0.227264
 2.20558e-16 2.13079e-05 0.00020712 0.00137639 0.00625686 0.0194674 0.0414775 0.0605381 0.0605405 0.0414893 0.0195078 0.00637583 0.00168513 0.000917783 0.00149052 0.00278243 0.00494721 0.00851114 0.014453 0.0242922 0.0398716 0.0626891 0.0928997 0.12841 0.164616 0.195177
 1.00893e-16 8.14054e-05 0.000791289 0.00525839 0.0239039 0.0743739 0.158461 0.231279 0.23128 0.158464 0.0743837 0.0239323 0.00532974 0.000947121 0.000377713 0.000496786 0.00071134 0.000904153 0.00102021 0.00104394 0.0010093 0.000981614 0.001019 0.00114015 0.00131713 0.00149177
 1.00033e-16 7.83107e-05 0.000761208 0.00505849 0.0229952 0.0715466 0.152438 0.222488 0.222493 0.152461 0.0716238 0.0232183 0.00561793 0.00198065 0.00238896 0.00381156 0.00545038 0.00678497 0.00734416 0.0069131 0.00566128 0.00403704 0.00251225 0.00137169 0.000666301 0.000298305
 1.00276e-16 5.73661e-05 0.000557619 0.00370557 0.016845 0.0524112 0.111669 0.16299 0.163018 0.111808 0.0528792 0.018196 0.0070939 0.00794486 0.0140591 0.023078 0.033066 0.0412157 0.044708 0.0422429 0.0348312 0.0251559 0.0160344 0.00915785 0.00482267 0.00245236
 1.00214e-16 7.86495e-05 0.000764501 0.00508038 0.0230947 0.0718561 0.153097 0.22345 0.223454 0.153115 0.0719168 0.0232701 0.00552083 0.00172619 0.00190558 0.00302701 0.00435528 0.00548083 0.00604329 0.0058749 0.00509307 0.00401595 0.00296971 0.00213882 0.00154558 0.00112478
 1.00076e-16 7.52581e-05 0.000731536 0.00486131 0.0220988 0.0687577 0.146496 0.213817 0.213825 0.146536 0.0688916 0.0224853 0.00583046 0.00284433 0.00407938 0.00660272 0.00945196 0.0117759 0.0127639 0.0120439 0.0099071 0.00712451 0.00450624 0.00253916 0.00130865 0.000647357
 1.00017e-16 8.13309e-05 0.000790565 0.00525358 0.023882 0.0743058 0.158316 0.231068 0.231069 0.158322 0.074325 0.0239373 0.00539234 0.00109312 0.000654921 0.00095128 0.00135604 0.00169149 0.0018377 0.00174125 0.00144311 0.00105226 0.000682884 0.000403193 0.000224837 0.000124484
 1.00399e-16 6.51882e-06 6.33653e-05 0.000421089 0.00191426 0.00595646 0.0126941 0.0185459 0.0186339 0.0131242 0.00739994 0.0060809 0.0108699 0.0228402 0.0431662 0.0710959 0.101814 0.126767 0.137243 0.129232 0.105889 0.0755709 0.047076 0.0257132 0.0124383 0.00544398
 1.00325e-16 8.12898e-05 0.000790165 0.00525093 0.0238699 0.0742683 0.158236 0.230951 0.230951 0.158237 0.0742718 0.0238803 0.00527773 0.000851297 0.000205025 0.000230102 0.000369463 0.000559427 0.000792299 0.00105997 0.00134347 0.00160562 0.00179272 0.00185162 0.001755 0.00151807
 1.00223e-16 5.74169e-05 0.000558112 0.00370885 0.0168599 0.0524577 0.111768 0.163134 0.163163 0.111909 0.0529326 0.0182309 0.00714678 0.008052 0.0142569 0.0233927 0.033491 0.0416921 0.0451265 0.0424768 0.0347867 0.0248137 0.0154584 0.00846873 0.00415315 0.00190484
 1.04022e-16 2.11529e-05 0.000205614 0.00136638 0.0062114 0.0193263 0.0411789 0.0601142 0.0601732 0.0414673 0.0202948 0.00900941 0.00839249 0.0155526 0.0291933 0.0482932 0.0697101 0.0879467 0.0973704 0.0953114 0.0835793 0.0671172 0.0509601 0.0379083 0.0282616 0.0210346
 1.01432e-16 7.70917e-05 0.000749359 0.00497975 0.0226372 0.0704329 0.150065 0.219025 0.219027 0.150078 0.0704777 0.0227672 0.00530797 0.00147281 0.00147139 0.00236357 0.00352107 0.00468591 0.00564451 0.00628841 0.00664917 0.00682505 0.0068653 0.00672135 0.0063013 0.00556645
 1.00274e-16 7.19719e-05 0.000699592 0.00464904 0.0211339 0.0657553 0.140099 0.204481 0.204493 0.140157 0.0659489 0.0216927 0.00605057 0.00375508 0.00586296 0.00954747 0.0136733 0.0170407 0.0184821 0.0174633 0.0144078 0.0104318 0.00670432 0.00392223 0.00219824 0.00127874
 1.02181e-16 3.25149e-06 3.16057e-05 0.000210035 0.000954842 0.00297133 0.00633393 0.00926267 0.00934909 0.00675613 0.00438862 0.00504698 0.0104763 0.0224241 0.0424753 0.0700686 0.100589 0.125754 0.137108 0.130723 0.109563 0.081543 0.0549144 0.0345499 0.0212299 0.0132724
 1.0281e-16 7.47069e-05 0.000726178 0.00482571 0.021937 0.068254 0.145422 0.212248 0.212249 0.145426 0.0682678 0.0219784 0.0049358 0.000986415 0.000627164 0.00107006 0.00188602 0.0031023 0.00477496 0.00688831 0.00928278 0.0116138 0.0134007 0.0141839 0.0137229 0.0121145
 1.01526e-16 5.2498e-05 0.000510299 0.00339112 0.0154156 0.0479637 0.102193 0.149161 0.149194 0.102356 0.0485121 0.0169986 0.00736135 0.00916569 0.0164566 0.0270342 0.0387326 0.0482789 0.0523852 0.0495556 0.041013 0.0299372 0.019641 0.0120723 0.00749539 0.00512282
 1.0622e-16 1.56503e-05 0.000152127 0.00101094 0.00459562 0.014299 0.0304678 0.0444813 0.0445418 0.0307635 0.0152925 0.00746666 0.00822374 0.0159177 0.0300153 0.0497455 0.0719995 0.0912355 0.101757 0.100844 0.0902602 0.0748586 0.0595077 0.0468042 0.0369066 0.0288378
 1.02678e-16 7.47043e-05 0.000726152 0.00482554 0.0219362 0.0682517 0.145418 0.212242 0.212245 0.145432 0.0683014 0.0220809 0.00519231 0.00153897 0.00165412 0.00270981 0.00411484 0.00563202 0.00706318 0.00830327 0.00935773 0.0102512 0.0109127 0.0111589 0.0107999 0.00977835
 1.00758e-16 6.54549e-05 0.000636245 0.00422807 0.0192202 0.0598013 0.127414 0.185968 0.185987 0.127506 0.0601113 0.0201152 0.00647269 0.0055301 0.00934171 0.015293 0.0219138 0.0273274 0.0296728 0.0281003 0.0232916 0.0170321 0.0111841 0.00684714 0.00418089 0.00276026
 1.03665e-16 1.05803e-05 0.000102844 0.000683439 0.00310686 0.00966699 0.0205993 0.0300807 0.0301544 0.0209595 0.0108766 0.0066003 0.00945143 0.0192399 0.0363444 0.0600376 0.0864091 0.108488 0.119144 0.11504 0.0985876 0.0762819 0.0548205 0.0380513 0.0264902 0.0187732
 1.19454e-16 2.53211e-05 0.00024613 0.00163562 0.00743531 0.0231341 0.0492902 0.0719438 0.0719596 0.0493675 0.0233956 0.00820005 0.00359031 0.00462925 0.00868938 0.0152106 0.0239696 0.0344332 0.0459251 0.0579109 0.0698821 0.0808393 0.0889621 0.092043 0.0885741 0.0787077
 1.01307e-16 7.97444e-05 0.000775144 0.00515111 0.0234162 0.0728564 0.155228 0.226561 0.226562 0.155236 0.0728829 0.0234928 0.00534379 0.00119702 0.000884782 0.0013471 0.00195924 0.00252343 0.00290255 0.00304719 0.00302443 0.00296886 0.0029885 0.00309803 0.0032219 0.00325108
 1.00921e-16 2.96923e-05 0.000288619 0.00191798 0.0087189 0.027128 0.0578014 0.0843756 0.0844361 0.0580973 0.0281212 0.0115856 0.00910723 0.0159607 0.029729 0.048931 0.070085 0.0872947 0.0945758 0.0891771 0.0732734 0.0526089 0.0332183 0.0187274 0.00976174 0.00504932
 1.12842e-16 8.10615e-06 7.87947e-05 0.000523621 0.00238033 0.00740635 0.0157817 0.0230436 0.0230902 0.0160096 0.00817314 0.00460188 0.00612556 0.0123921 0.023639 0.0397043 0.0586678 0.076819 0.0902309 0.0968509 0.0973576 0.0940239 0.088687 0.0816637 0.0723224 0.0604182
pSPR Fmed_Fpbrs
1   0.984264 0.6 0.325 0.984264 0.984264 0.984264
Fs Fmed_Fpbrs
0   0.01 0.370811 0.969144 0.01 0.01 0.01
SSBpbr Bo_Bmed_Bpbrs
384529  365303  359252 211491 105746 359252 359252 359252
Ro
26122.8
SPR SPRFo_SPRFmed_SPRFpbrs
188197 188197 185236
Fref
0
Nvult_r0
 1944.85 13569.5 10210.1 69.2242 44.3106
CTP_r0
 1028.48 9612.82 7364.58 49.9798 31.9938
YTP_r0
355457
Np
 2209.43 812.803 299.013 110.001 55.3541
Nvult_p0
 1396.62 513.789 189.013 69.5338 34.9904
CTP_p0
 0 0 0 0 0
 0 0 0 0 0
 0 0 0 0 0
 0 0 0 0 0
 0 0 0 0 0
 0 0 0 0 0
YTP_p0
 0 0 0 0 0 0
CBA_c0
0
log_Ro
9.99056
likeval ReclasPelacesDesembMPH_pf_preclas_ppelaces_ptallas_desvR_qrecl_qpela
 30.9285 26.0448 0.476637 0.00172772 429.47 169.676 142.725 0 224.798 0.000157874 0.000314829 0.00441045 2063.93 0 0
q_reclas_q_pelaces
5.91168 12.2963
M
1
N
 1641.27 18864.2 79275 9267.56 0.0513838
 1052.68 530.687 5248.29 21656.7 2529.17
 243934 243.438 71.4684 661.902 3038.96
 2852.67 56474.1 32.8637 9.03672 466.155
 1225.2 591.096 5996.57 3.21759 46.3017
 807053 92.8056 7.10655 57.6614 0.469925
 1439.83 264372 26.558 2.00058 16.3496
 463.218 466.886 74008.8 7.30326 5.04087
 817.224 165.648 161.541 25504.4 4.25297
 1643.16 251.521 41.4179 39.3851 6210.43
 32447.4 151.343 4.61733 0.625158 93.247
 138188 6988.86 17.4754 0.494302 10.0044
 43797 22274.5 430.883 0.958788 0.572056
 80271.6 5761.72 884.65 14.7977 0.0521366
 38668.4 6963.87 92.9183 11.6314 0.193014
 262445 3080.97 93.4111 1.004 0.126219
 4002.47 43519.7 201.971 5.47119 0.0657777
 462425 674.272 2952.13 12.2685 0.334252
 346033 102911 83.5657 340.778 1.44898
 38467 80481.6 14032.1 10.6792 43.5754
 260742 6949.78 6351.86 1001.55 3.8497
 389204 45998.2 520.91 429.116 67.5264
 4483.01 73536.9 3999.79 41.2243 39.0946
 188465 993.23 9025.97 456.978 9.13859
 128593 44633.4 140.833 1202.57 61.8855
 14566.8 32443.7 7257.88 21.7122 194.355
 135017 3453.87 4612.05 969.634 28.7606
 196280 28272 375.172 462.619 99.6969
 16736.6 54258.6 5602.7 71.4047 106.778
 11339.4 4961.93 12511.2 1253.08 39.7811
 173544 2085.28 406.919 930.224 95.5966
 44441.5 39785.3 275.588 50.3002 126.326
 2209.43 14023.9 10500.4 71.1747 45.5585
pred_Ctot
 126.945 2973.21 13214.8 1549.57 0.00859292
 256.57 230.172 2371.32 9806.56 1145.39
 59336 105.418 32.2417 299.261 1374.14
 824.77 27969 16.8882 4.65302 240.049
 693.544 451.894 4660.17 2.50267 36.0155
 56422.7 13.2994 1.07784 8.77238 0.0715041
 109.022 40844.1 4.34025 0.327944 2.68052
 8.19816 17.644 2974.56 0.294518 0.203318
 85.6382 34.608 35.6046 5637.64 0.940243
 866.274 185.142 31.065 29.5695 4662.91
 8876.42 71.8564 2.2778 0.309032 46.0995
 52405.3 4204.27 10.8269 0.306724 6.20845
 19283.3 14759.4 292.668 0.65209 0.389093
 43321.1 4295.3 671.467 11.2424 0.0396121
 21520.1 5276.93 71.614 8.97253 0.1489
 97085.3 1822.44 56.948 0.613073 0.0770793
 1459.51 25490.5 121.978 3.30965 0.0397938
 120255 307.801 1401.86 5.83818 0.159078
 83480.9 44272.9 37.4588 153.093 0.651024
 13097.8 44936.5 8094.36 6.17096 25.1823
 90967.3 3947.53 3724.89 588.333 2.2616
 126227 24802.6 290.576 239.805 37.7397
 1174.2 33757.5 1909.7 19.724 18.7071
 43978.1 416.027 3942.05 200.031 4.00068
 26331.3 16798.7 55.4101 474.275 24.4097
 3391.59 13565.1 3164.31 9.48742 84.9361
 38473.4 1691.81 2344.96 493.986 14.6538
 31566 8664.01 120.667 149.181 32.1538
 2089.97 13292.5 1445.32 18.4716 27.6262
 3789.21 2733.69 7124.93 714.871 22.6969
 42947.7 915.467 186.037 426.21 43.8055
 4045.74 7300.66 53.418 9.77879 24.5627
 1028.48 9612.82 7364.58 49.9798 31.9938
F
 0.129056 0.279365 0.297608 0.298635 0.298689
 0.464234 1.00492 1.07054 1.07423 1.07443
 0.463114 1.00249 1.06796 1.07164 1.07184
 0.574032 1.24259 1.32374 1.3283 1.32854
 1.58035 3.42096 3.64436 3.65692 3.65759
 0.116034 0.251177 0.267579 0.268502 0.268551
 0.126195 0.273171 0.291009 0.292013 0.292066
 0.0283309 0.0613274 0.0653321 0.0655575 0.0655694
 0.178389 0.386154 0.411371 0.41279 0.412864
 1.38483 2.99771 3.19346 3.20448 3.20506
 0.535302 1.15876 1.23443 1.23868 1.23891
 0.825173 1.78624 1.90288 1.90944 1.90979
 1.02833 2.22601 2.37137 2.37955 2.37998
 1.44468 3.12727 3.33149 3.34298 3.34358
 1.52978 3.31148 3.52773 3.53989 3.54054
 0.796828 1.72488 1.83751 1.84385 1.84419
 0.781034 1.69069 1.80109 1.8073 1.80763
 0.502615 1.088 1.15905 1.16305 1.16326
 0.458507 0.992521 1.05733 1.06098 1.06117
 0.711089 1.53928 1.6398 1.64545 1.64575
 0.734931 1.59089 1.69478 1.70062 1.70093
 0.666316 1.44236 1.53655 1.54185 1.54213
 0.507088 1.09768 1.16936 1.1734 1.17361
 0.440428 0.953384 1.01564 1.01914 1.01933
 0.377143 0.816394 0.869706 0.872705 0.872864
 0.439249 0.950834 1.01293 1.01642 1.0166
 0.563532 1.21987 1.29952 1.30401 1.30424
 0.285781 0.618624 0.659021 0.661294 0.661414
 0.215801 0.46714 0.497646 0.499362 0.499452
 0.693376 1.50094 1.59895 1.60446 1.60476
 0.472935 1.02375 1.0906 1.09437 1.09456
 0.153411 0.332086 0.353772 0.354992 0.355056
 1.12235 2.42952 2.58817 2.59709 2.59757
YTP_r0W_actual
 7754.74 167744 177265 1565.37 1127.78
YTP_p0W_proyectada
 0 0 0 0 0
 0 0 0 0 0
 0 0 0 0 0
 0 0 0 0 0
 0 0 0 0 0
 0 0 0 0 0
CTP_r0_actual
 1028.48 9612.82 7364.58 49.9798 31.9938
CTP_p0_proyectada
 0 0 0 0 0
 0 0 0 0 0
 0 0 0 0 0
 0 0 0 0 0
 0 0 0 0 0
 0 0 0 0 0
Wmedp
 7.54 17.45 24.07 31.32 35.25
Frms_r0
 1.12235 2.42952 2.58817 2.59709 2.59757
Zrms_r0
 2.12235 3.42952 3.58817 3.59709 3.59757
nmprior
 7.29 8.9 8.7 0
nm_flota  nm_reclas  nm_pelaces    nm_pelaL
inf 10.5894 3.56586 5.92966
cv_recla  cv_pelaces  cv_mph
0.481626 0.55905 1.11089
 ------------------------------------------------
Talla a la edad & desviaci?n 
 8 13.2811 15.8009 17.003 17.5766
 0.8 1.32811 1.58009 1.7003 1.75766
