years
 1991 1992 1993 1994 1995 1996 1997 1998 1999 2000 2001 2002 2003 2004 2005 2006 2007 2008 2009 2010 2011 2012 2013 2014 2015 2016 2017 2018 2019 2020 2021 2022 2023
reclasobs
 0 0 0 0 0 0 0 0 0 252601 567819 844713 477998 351125 339783 2.1784e+06 2.13404e+06 4.81314e+06 1.55562e+06 2.62356e+06 3.21686e+06 3.843e+06 1.13348e+06 3.07943e+06 1.97215e+06 2.03268e+06 2.025e+06 2.42433e+06 2.27542e+06 1.05018e+06 2.36338e+06 3.18982e+06 1.53035e+06
reclaspred
 3.00891e+06 1.67478e+06 878771 899083 919346 1.37051e+06 865631 812230 602320 451009 505791 631315 626086 500842 532410 1.27854e+06 1.29077e+06 2.79926e+06 2.29541e+06 1.72865e+06 3.03679e+06 2.44179e+06 1.99831e+06 3.01863e+06 2.27417e+06 2.06076e+06 2.39872e+06 2.55637e+06 2.16141e+06 1.53883e+06 1.9989e+06 2.19511e+06 1.78673e+06
pelacesobs
 0 0 0 0 0 0 0 0 0 0 0 0 0 0 0 552880 188675 0 991730 2.46772e+06 1.41603e+06 1.21717e+06 2.29649e+06 1.80582e+06 0 1.4828e+06 1.56532e+06 1.57751e+06 1.42118e+06 867257 1.10002e+06 1.06204e+06 0
pelacespred
 1.65603e+06 1.02738e+06 533957 449173 480036 740378 434625 502769 362187 258361 297934 311751 339297 290007 314977 622784 627914 1.56345e+06 1.33071e+06 924794 1.57674e+06 1.37323e+06 1.12102e+06 1.85224e+06 1.34549e+06 1.21548e+06 1.61121e+06 1.54937e+06 1.17753e+06 966389 1.07746e+06 1.19517e+06 1.01767e+06
mphobs
 0 0 0 0 0 0 0 0 0 0 0 0 498337 0 5186 125008 0 168611 109162 213762 579715 649985 157893 87575 83554 210694 70296 0 107559 103333 445601 22526 28222
mphpred
 461389 311409 154180 88789.4 99630.6 113659 140555 89577.8 82639.7 59214 40318.7 60772.1 67413 55799.8 40085.8 52509.7 152488 151268 277032 395585 417481 487722 100883 88177.4 127537 100202 88977.5 96177.8 130909 98532.3 60659.7 98058.8 69421.7
desembarqueobs
 494567 514787 250237 358949 120608 361735 552515 73892 212993 205616 52469 317467 293654 387597 252695 516296 358380 742168 942051 627588 828172 859565 418607 520667 417249 300574 415391 372974 316634 284311 391294 218835 356480
desembarquepred
 494571 513450 250900 358993 120615 361764 552593 73896.9 213047 205668 52472 317552 293725 387664 252700 516265 358408 742068 941895 627471 828282 859636 418630 520709 417261 300582 415405 372969 316636 284319 391276 218842 356495
Reclutas
 210865 103347 131403 193973 164595 252240 108523 56280.2 50818.8 65745.4 121849 153287 130332 92939.3 99297.7 492276 117087 758680 434681 342104 498407 659526 149862 418323 356762 169368 357408 411570 137275 128769 333389 145118 259472
log_desv_Rt
 0.0869322 -0.626193 -0.386019 0.00343176 -0.160799 0.266094 -0.577327 -1.23394 -1.33602 -1.0785 -0.461502 -0.231977 -0.394201 -0.73234 -0.666164 0.934753 -0.501368 1.36729 0.810325 0.570829 0.94713 1.22724 -0.25457 0.771967 0.612782 -0.132212 0.614592 0.755693 -0.342299 -0.406267 0.545023 -0.286742 0.294363
SSB
 3.2803e+06 2.214e+06 1.09616e+06 631259 708336 808071 999294 636865 587537 420990 286651 432067 458869 389796 276416 362319 1.08414e+06 1.07546e+06 2.02478e+06 1.53284e+06 1.6569e+06 2.02116e+06 1.91673e+06 1.61756e+06 2.20406e+06 1.83033e+06 1.53831e+06 1.60494e+06 2.25912e+06 1.60649e+06 1.11536e+06 1.84413e+06 1.21534e+06
BT
 4.44023e+06 3.00129e+06 1.54645e+06 1.38922e+06 1.25903e+06 2.09938e+06 1.55856e+06 1.28081e+06 1.09223e+06 823661 769023 1.02348e+06 1.08705e+06 1.10206e+06 1.01829e+06 1.93714e+06 1.80285e+06 4.43494e+06 4.13402e+06 2.82367e+06 4.47234e+06 4.15448e+06 3.07923e+06 4.96669e+06 3.65544e+06 3.20936e+06 4.32422e+06 4.11284e+06 3.11413e+06 2.61697e+06 2.95444e+06 3.06509e+06 2.78256e+06
Ftot
 0.135999 0.243989 0.237603 0.385403 0.121371 0.2661 0.52968 0.0834134 0.325466 0.413262 0.113461 0.488972 0.450726 0.759592 0.528359 0.496113 0.243534 0.301103 0.381629 0.342023 0.269748 0.342999 0.179734 0.183453 0.166945 0.130255 0.180449 0.157606 0.11956 0.161231 0.212606 0.0868251 0.198436
BD_Bspro_t
 0.978475 0.852038 0.700042 0.627983 0.629137 0.70085 0.675897 0.52658 0.595072 0.558973 0.532879 0.706564 0.594567 0.505087 0.407013 0.469621 0.62808 0.613404 0.694119 0.603723 0.579222 0.624004 0.643873 0.642948 0.734578 0.744331 0.752671 0.777783 0.820022 0.76946 0.727555 0.791991 0.793548
BD_Bspro
 2.35542 1.58976 0.787102 0.453276 0.508621 0.580236 0.717544 0.457301 0.421881 0.302292 0.20583 0.310246 0.329491 0.279894 0.19848 0.260163 0.778464 0.772235 1.45389 1.10066 1.18974 1.4513 1.37631 1.16149 1.58263 1.31427 1.10459 1.15243 1.62216 1.15354 0.800885 1.32418 0.872678
BD_Bo
 2.46396 1.66302 0.823372 0.474164 0.532059 0.606974 0.750609 0.478374 0.441322 0.316222 0.215315 0.324543 0.344675 0.292791 0.207627 0.272152 0.814337 0.807821 1.52089 1.15138 1.24456 1.51818 1.43973 1.21501 1.65556 1.37483 1.15549 1.20553 1.69692 1.2067 0.837791 1.3852 0.912892
BD_Brms
 2.64073 1.78233 0.882442 0.508181 0.57023 0.650519 0.804459 0.512693 0.472983 0.338908 0.230762 0.347826 0.369402 0.313797 0.222522 0.291676 0.872759 0.865775 1.63 1.23398 1.33385 1.62709 1.54302 1.30218 1.77433 1.47347 1.23838 1.29202 1.81865 1.29326 0.897895 1.48457 0.978384
Sel_flota
 0.511616 1 1 1 1
 0.511616 1 1 1 1
 0.511616 1 1 1 1
 0.511616 1 1 1 1
 0.511616 1 1 1 1
 0.511616 1 1 1 1
 0.511616 1 1 1 1
 0.511616 1 1 1 1
 0.511616 1 1 1 1
 0.511616 1 1 1 1
 0.511616 1 1 1 1
 0.511616 1 1 1 1
 0.511616 1 1 1 1
 0.511616 1 1 1 1
 0.511616 1 1 1 1
 0.511616 1 1 1 1
 0.511616 1 1 1 1
 0.511616 1 1 1 1
 0.511616 1 1 1 1
 0.511616 1 1 1 1
 0.511616 1 1 1 1
 0.511616 1 1 1 1
 0.511616 1 1 1 1
 0.511616 1 1 1 1
 0.511616 1 1 1 1
 0.511616 1 1 1 1
 0.511616 1 1 1 1
 0.511616 1 1 1 1
 0.511616 1 1 1 1
 0.511616 1 1 1 1
 0.511616 1 1 1 1
 0.511616 1 1 1 1
 0.511616 1 1 1 1
Sel_reclas
 1 1 1 1 1
 1 1 1 1 1
 1 1 1 1 1
 1 1 1 1 1
 1 1 1 1 1
 1 1 1 1 1
 1 1 1 1 1
 1 1 1 1 1
 1 1 1 1 1
 1 1 1 1 1
 1 1 1 1 1
 1 1 1 1 1
 1 1 1 1 1
 1 1 1 1 1
 1 1 1 1 1
 1 1 1 1 1
 1 1 1 1 1
 1 1 1 1 1
 1 1 1 1 1
 1 1 1 1 1
 1 1 1 1 1
 1 1 1 1 1
 1 1 1 1 1
 1 1 1 1 1
 1 1 1 1 1
 1 1 1 1 1
 1 1 1 1 1
 1 1 1 1 1
 1 1 1 1 1
 1 1 1 1 1
 1 1 1 1 1
 1 1 1 1 1
 1 1 1 1 1
Sel_pelaces
 1 1 1 1 1
 1 1 1 1 1
 1 1 1 1 1
 1 1 1 1 1
 1 1 1 1 1
 1 1 1 1 1
 1 1 1 1 1
 1 1 1 1 1
 1 1 1 1 1
 1 1 1 1 1
 1 1 1 1 1
 1 1 1 1 1
 1 1 1 1 1
 1 1 1 1 1
 1 1 1 1 1
 1 1 1 1 1
 1 1 1 1 1
 1 1 1 1 1
 1 1 1 1 1
 1 1 1 1 1
 1 1 1 1 1
 1 1 1 1 1
 1 1 1 1 1
 1 1 1 1 1
 1 1 1 1 1
 1 1 1 1 1
 1 1 1 1 1
 1 1 1 1 1
 1 1 1 1 1
 1 1 1 1 1
 1 1 1 1 1
 1 1 1 1 1
 1 1 1 1 1
pf_obs 
 0.8446 0.082 0.0669 0.0065 0
 0.8095 0.147 0.0364 0.0071 0
 0.9664 0.0169 0.016 0.0007 0
 0.9276 0.0648 0.0075 0.0001 0
 0.7033 0.2144 0.0806 0.0017 0
 0.9318 0.0425 0.0243 0.0014 0
 0.5671 0.3108 0.0964 0.0239 0.0018
 0.0768 0.2599 0.5324 0.112 0.0189
 0.490249 0.384438 0.106611 0.0170017 0.00170017
 0.7925 0.1577 0.0466 0.003 0.0002
 0.840416 0.127587 0.0312969 0.00059994 9.999e-05
 0.8084 0.0986 0.0794 0.0134 0.0002
 0.7335 0.1905 0.0724 0.0035 0.0001
 0.4001 0.4547 0.1325 0.0127 0
 0.49795 0.308269 0.164784 0.0264974 0.00249975
 0.9179 0.0499 0.0305 0.0017 0
 0.2467 0.6533 0.0926 0.0074 0
 0.9418 0.0223 0.034 0.0019 0
 0.707729 0.231977 0.0356964 0.0245975 0
 0.517169 0.277429 0.184464 0.0207286 0.00020938
 0.811772 0.124168 0.05621 0.00726502 0.000585176
 0.764997 0.148141 0.077277 0.00933861 0.000247198
 0.163321 0.427699 0.378323 0.0303852 0.000271297
 0.753843 0.0900009 0.118128 0.0371064 0.000921714
 0.721811 0.176058 0.0630433 0.0369309 0.00215725
 0.143369 0.312575 0.442814 0.0836902 0.0175525
 0.692698 0.0596174 0.167031 0.0765114 0.00414204
 0.394062 0.376323 0.152708 0.0712218 0.00568511
 0.125707 0.32114 0.495352 0.0537591 0.00404204
 0.23352 0.215282 0.420074 0.123614 0.00750983
 0.796117 0.104755 0.0508955 0.0450114 0.00322123
 0.162477 0.292055 0.404252 0.121198 0.0200186
 0 0 0 0 0
pf_pred 
 0.354656 0.124993 0.492481 0.027869 1.00277e-06
 0.288034 0.375674 0.0651346 0.256634 0.0145232
 0.490839 0.23379 0.145301 0.0251925 0.104877
 0.625496 0.250463 0.0569554 0.0353979 0.0316872
 0.536299 0.364154 0.0665757 0.0151393 0.0178319
 0.626068 0.262008 0.0878959 0.0160694 0.00795828
 0.371369 0.490072 0.0970866 0.0325696 0.0089034
 0.356105 0.37026 0.213321 0.0422604 0.0180526
 0.423177 0.303077 0.157413 0.0906918 0.0256416
 0.584772 0.254147 0.084636 0.0439585 0.0324868
 0.711425 0.21838 0.0429642 0.014308 0.0129233
 0.628857 0.309063 0.0469792 0.00924272 0.00585815
 0.567598 0.342911 0.0745219 0.0113277 0.00364116
 0.516915 0.360271 0.0973962 0.0211663 0.00425157
 0.637169 0.263103 0.0743745 0.0201065 0.00524727
 0.888267 0.089478 0.0161377 0.00456183 0.0015551
 0.297654 0.665417 0.0295737 0.00533372 0.00202173
 0.835946 0.0772184 0.0822696 0.00365638 0.0009094
 0.478181 0.477888 0.0206779 0.0220305 0.00122265
 0.486839 0.342378 0.156406 0.00676756 0.00761041
 0.631081 0.247984 0.0806869 0.0368595 0.0033884
 0.638878 0.282917 0.052569 0.0171044 0.00853196
 0.236313 0.60541 0.124 0.0230405 0.0112362
 0.632057 0.143193 0.17817 0.0364926 0.0100875
 0.512251 0.380335 0.0418028 0.0520136 0.0135983
 0.335153 0.454071 0.164358 0.0180647 0.0283536
 0.621826 0.191235 0.127673 0.0462133 0.0130516
 0.583205 0.321772 0.0480514 0.0320802 0.0148914
 0.276242 0.53637 0.144666 0.0216035 0.0211181
 0.384237 0.268293 0.257507 0.0694531 0.0205103
 0.695853 0.170622 0.0581779 0.055839 0.0195081
 0.36205 0.527131 0.0621678 0.0211977 0.0274535
 0.58996 0.218185 0.158528 0.0186962 0.0146312
pobs_RECLAS
 0 0 0 0 0
 0 0 0 0 0
 0 0 0 0 0
 0 0 0 0 0
 0 0 0 0 0
 0 0 0 0 0
 0 0 0 0 0
 0 0 0 0 0
 0 0 0 0 0
 0 0 0 0 0
 0.991045 0.00858322 0.000360255 1.14367e-05 0
 0.934742 0.0480273 0.0164251 0.00080598 0
 0.827803 0.169806 0.00239088 0 0
 0.941827 0.0461693 0.0120037 0 0
 0.791401 0.0380133 0.147996 0.0225897 0
 0.846168 0.0940531 0.0597789 0 0
 0.134021 0.677848 0.182769 0.00536245 0
 0.80878 0.0450904 0.141981 0.00414843 0
 0.846168 0.0940531 0.0597789 0 0
 0.905697 0.0802665 0.012482 0.00150086 5.37128e-05
 0.989698 0.0102097 9.19794e-05 0 0
 0.975433 0.0193895 0.00387452 0.00125025 5.28907e-05
 0.303575 0.632131 0.0575291 0.00676475 0
 0.966965 0.00978017 0.0227588 0.000495775 0
 0.843318 0.132988 0.00938335 0.0141283 0.000182051
 0.564624 0.303363 0.111486 0.0197234 0.00080311
 0.826376 0.0876187 0.0782897 0.00655872 0.00115652
 0.89761 0.0855135 0.0140674 0.00269457 0.000114338
 0.34875 0.467042 0.161289 0.0227151 0.000203297
 0.318654 0.224769 0.449479 0.00709798 0
 0.937255 0.0296025 0.0250945 0.00804832 0
 0.456809 0.399803 0.12412 0.0192676 0
 0.883104 0.0372192 0.0704036 0.00927362 0
ppred_RECLAS
 0.519373 0.0930901 0.366781 0.0207558 7.46827e-07
 0.444412 0.29316 0.0508283 0.200267 0.0113333
 0.655811 0.15804 0.0982225 0.0170299 0.0708961
 0.769029 0.154471 0.0351266 0.0218313 0.0195428
 0.694432 0.239969 0.0438718 0.00997646 0.0117508
 0.768217 0.162407 0.0544826 0.00996066 0.00493296
 0.54316 0.356146 0.070555 0.0236691 0.0064703
 0.520343 0.275818 0.15891 0.0314811 0.013448
 0.593035 0.213829 0.111059 0.0639856 0.0180909
 0.737698 0.160546 0.0534651 0.0277689 0.0205221
 0.828838 0.129527 0.0254833 0.00848646 0.00766517
 0.772755 0.189234 0.0287646 0.00565918 0.00358686
 0.724346 0.218604 0.0475074 0.00722138 0.00232122
 0.686673 0.23367 0.0631708 0.0137284 0.00275756
 0.779443 0.159934 0.0452106 0.0122223 0.0031897
 0.941048 0.0472104 0.00851454 0.00240691 0.0008205
 0.455903 0.515488 0.0229103 0.00413195 0.0015662
 0.909967 0.0423777 0.0451499 0.00200664 0.000499082
 0.646189 0.324025 0.0140203 0.0149375 0.000828996
 0.653531 0.231162 0.1056 0.00456923 0.0051383
 0.772054 0.153224 0.0498545 0.0227746 0.00209361
 0.778648 0.173415 0.0322224 0.0104842 0.00522971
 0.378791 0.492462 0.100866 0.0187419 0.00913988
 0.771985 0.0887369 0.110412 0.0226145 0.00625121
 0.674078 0.254146 0.0279333 0.0347563 0.00908657
 0.49773 0.343035 0.124167 0.0136473 0.0214202
 0.764167 0.119257 0.0796185 0.0288192 0.00813915
 0.733637 0.205636 0.0307083 0.0205016 0.00951669
 0.428544 0.423501 0.114224 0.0170575 0.0166742
 0.551266 0.195517 0.187656 0.0506135 0.0149468
 0.81871 0.101701 0.0346775 0.0332834 0.011628
 0.526824 0.39098 0.0461107 0.0157226 0.0203626
 0.739442 0.138644 0.100736 0.0118804 0.00929735
pobs_PELACES
 0 0 0 0 0
 0 0 0 0 0
 0 0 0 0 0
 0 0 0 0 0
 0 0 0 0 0
 0 0 0 0 0
 0 0 0 0 0
 0 0 0 0 0
 0 0 0 0 0
 0 0 0 0 0
 0 0 0 0 0
 0 0 0 0 0
 0 0 0 0 0
 0 0 0 0 0
 0 0 0 0 0
 0 0 0 0 0
 0.505614 0.472636 0.0217494 0 0
 0 0 0 0 0
 0.443492 0.261883 0.143347 0.151278 0
 0.227955 0.32914 0.350689 0.0885471 0.00366901
 0.970185 0.0296113 0.000203453 0 0
 0.997202 0.00247181 0.000326279 0 0
 0.445219 0.490057 0.0546422 0.010081 0
 0.90214 0.0892962 0.00764917 0.000914606 0
 0 0 0 0 0
 0.581667 0.319106 0.0959925 0.00289975 0.000334073
 0.762889 0.0836404 0.116647 0.0363945 0.000428098
 0.88444 0.0763242 0.0277011 0.0115352 0
 0.521256 0.241999 0.230069 0.00667565 0
 0.616807 0.101726 0.260614 0.0208532 0
 0.833518 0.0704572 0.0857862 0.0102388 0
 0.697417 0.212968 0.0787535 0.0105354 0.000325836
 0 0 0 0 0
ppred_PELACES
 0.524842 0.0920309 0.362607 0.0205196 7.38329e-07
 0.454141 0.288026 0.0499382 0.19676 0.0111348
 0.664403 0.154095 0.0957707 0.0166048 0.0691264
 0.779877 0.147215 0.0334768 0.0208059 0.0186249
 0.698567 0.236722 0.0432781 0.00984146 0.0115918
 0.775765 0.157118 0.0527083 0.00963628 0.00477231
 0.564252 0.339703 0.0672975 0.0225763 0.00617157
 0.523697 0.27389 0.157798 0.031261 0.0133539
 0.60563 0.207212 0.107622 0.0620053 0.017531
 0.75038 0.152784 0.0508801 0.0264262 0.0195299
 0.831416 0.127576 0.0250994 0.00835861 0.0075497
 0.786296 0.177959 0.0270507 0.00532197 0.00337313
 0.738611 0.207291 0.0450488 0.00684766 0.00220109
 0.712392 0.21449 0.0579855 0.0126015 0.0025312
 0.793733 0.149572 0.0422813 0.0114304 0.00298303
 0.94533 0.0437809 0.00789602 0.00223206 0.000760897
 0.465655 0.506249 0.0224997 0.00405789 0.00153813
 0.913864 0.0405433 0.0431954 0.00191977 0.000477477
 0.660121 0.311265 0.0134682 0.0143493 0.000796352
 0.665904 0.222907 0.101829 0.00440605 0.00495479
 0.779614 0.148142 0.0482009 0.0220192 0.00202417
 0.788029 0.166066 0.0308568 0.0100399 0.00500807
 0.385631 0.487039 0.099755 0.0185356 0.00903925
 0.777148 0.0867278 0.107912 0.0221025 0.00610968
 0.679961 0.249558 0.0274291 0.0341289 0.00892255
 0.502978 0.339451 0.12287 0.0135047 0.0211964
 0.769367 0.116627 0.0778626 0.0281836 0.00795966
 0.738572 0.201827 0.0301395 0.0201218 0.00934041
 0.433269 0.419999 0.113279 0.0169164 0.0165363
 0.557686 0.19272 0.184972 0.0498895 0.0147329
 0.823741 0.0988789 0.0337153 0.0323599 0.0113053
 0.530311 0.388099 0.0457709 0.0156068 0.0202126
 0.745556 0.135391 0.0983719 0.0116016 0.00907917
pobs_pel_tallas
 0 0 0 0 0 0 0 0 0 0 0 0 0 0 0 0 0 0 0 0 0 0 0 0 0 0
 0 0 0 0 0 0 0 0 0 0 0 0 0 0 0 0 0 0 0 0 0 0 0 0 0 0
 0 0 0 0 0 0 0 0 0 0 0 0 0 0 0 0 0 0 0 0 0 0 0 0 0 0
 0 0 0 0 0 0 0 0 0 0 0 0 0 0 0 0 0 0 0 0 0 0 0 0 0 0
 0 0 0 0 0 0 0 0 0 0 0 0 0 0 0 0 0 0 0 0 0 0 0 0 0 0
 0 0 0 0 0 0 0 0 0 0 0 0 0 0 0 0 0 0 0 0 0 0 0 0 0 0
 0 0 0 0 0 0 0 0 0 0 0 0 0 0 0 0 0 0 0 0 0 0 0 0 0 0
 0 0 0 0 0 0 0 0 0 0 0 0 0 0 0 0 0 0 0 0 0 0 0 0 0 0
 0 0 0 0 0 0 0 0 0 0 0 0 0 0 0 0 0 0 0 0 0 0 0 0 0 0
 0 0 0 0 0 0 0 0 0 0 0 0 0 0 0 0 0 0 0 0 0 0 0 0 0 0
 0 0 0 0 0 0 0 0 0 0 0 0 0 0 0 0 0 0 0 0 0 0 0 0 0 0
 0 0 0 0 0 0 0 0 0 0 0 0 0 0 0 0 0 0 0 0 0 0 0 0 0 0
 0.00862536 0 0 0.000197151 0.00414017 0.0128641 0.00837892 0.0270097 0.101434 0.158115 0.152841 0.127902 0.109271 0.109419 0.0830992 0.0579132 0.0238553 0.00714673 0.00463305 0.00128148 0.00103504 0.000492878 0.000147863 0.000147863 4.92878e-05 0
 0 0 0 0 0 0 0 0 0 0 0 0 0 0 0 0 0 0 0 0 0 0 0 0 0 0
 0 0 0 0 0 0 0 0.0054083 0.00873648 0.0413646 0.0450493 0.0745869 0.0622846 0.0627006 0.0613931 0.0827291 0.12552 0.122667 0.0946155 0.0697135 0.0546179 0.0294188 0.0215738 0.0213955 0.0102223 0.00600262
 0 0 0 0 0.00359764 0.0251062 0.0480494 0.140153 0.205849 0.193036 0.1447 0.116669 0.0760912 0.0342217 0.00950174 0.001854 0.000860785 0 0 0 0.000165536 0 0.000143464 0 0 0
 0 0 0 0 0 0 0 0.000145254 0.000435761 0.0275982 0.070085 0.0708112 0.156366 0.174668 0.174014 0.160142 0.0824315 0.0480064 0.0283245 0.00493863 0.00203355 0 0 0 0 0
 0 0 0 0 0 0 0 0 0 0 0 0 0 0 0 0 0 0 0 0 0 0 0 0 0 0
 0 0 1.00437e-05 0.000401748 0.00122533 0.00171747 0.00176769 0.0269171 0.070346 0.194647 0.189555 0.159765 0.064822 0.0314167 0.0384472 0.0292271 0.0345202 0.0313363 0.0194345 0.0106764 0.0143323 0.0359363 0.0279516 0.0138201 0.00172751 0
 0 0.0021121 0.0136068 0.0755702 0.200478 0.177729 0.0527432 0.0373336 0.0318909 0.0142505 0.0149659 0.0166563 0.0217959 0.0798694 0.0677717 0.0528807 0.04013 0.0224614 0.0357745 0.0225083 0.00881397 0.00855152 0.00135912 0.000746735 0 0
 0 0 0 0 5.4009e-05 0.00500934 0.000945158 0.0243581 0.138947 0.33067 0.221406 0.137944 0.0707744 0.0437923 0.0131692 0.00525238 0.0047753 0.00276346 9.45158e-05 9.00151e-06 2.25038e-05 9.00151e-06 4.50075e-06 0 0 0
 0.000866109 0.00284123 0.00948549 0.0512746 0.133035 0.25785 0.225252 0.132002 0.0553304 0.0519788 0.0540692 0.017754 0.00435017 0.00159236 0.00146478 0.000404838 0.000125132 0.000115318 0.000107957 0.000100596 0 0 0 0 0 0
 0 0 0 0 0.00144013 0.00171154 0.00461396 0.0210425 0.0478622 0.0707936 0.0888783 0.103762 0.0637923 0.0337046 0.0602308 0.124433 0.169614 0.0934646 0.0462172 0.0250306 0.0313229 0.00938855 0.002487 0.000210481 0 0
 0 0.00764035 0.051015 0.0998891 0.058973 0.0496711 0.0374665 0.0718981 0.12319 0.153886 0.159021 0.0857701 0.0377988 0.023471 0.0147837 0.00900784 0.00315554 0.000888139 0.00291439 0.00214683 0.00393193 0.00274676 0.000635225 9.99891e-05 0 0
 0 0 0 0 0 0 0 0 0 0 0 0 0 0 0 0 0 0 0 0 0 0 0 0 0 0
 0 0 0 0 0 0 0 0 0 0 0 0 0 0 0 0 0 0 0 0 0 0 0 0 0 0
 0 0 0 0 0 0 0 0 0 0 0 0 0 0 0 0 0 0 0 0 0 0 0 0 0 0
 0 0 0 0 0 0 0 0 0 0 0 0 0 0 0 0 0 0 0 0 0 0 0 0 0 0
 0 0 0 0 0 0 0 0 0 0 0 0 0 0 0 0 0 0 0 0 0 0 0 0 0 0
 0 0 0 0 0 0 0 0 0 0 0 0 0 0 0 0 0 0 0 0 0 0 0 0 0 0
 0 0 0 0 0 0 0 0 0 0 0 0 0 0 0 0 0 0 0 0 0 0 0 0 0 0
 0 0 0 0 0 0 0 0 0 0 0 0 0 0 0 0 0 0 0 0 0 0 0 0 0 0
 0 0 0 0 0 0 0 0 0 0 0 0 0 0 0 0 0 0 0 0 0 0 0 0 0 0
ppred_pel_tallas
 1.12546e-16 4.32305e-05 0.000420216 0.00279248 0.0126942 0.0394965 0.0841519 0.122824 0.122834 0.0841981 0.0396534 0.0131544 0.00397372 0.00308526 0.00535726 0.00944545 0.0151286 0.0221939 0.0303328 0.0392118 0.0483307 0.0567096 0.0627903 0.0648772 0.0619585 0.0543427
 1.23132e-16 3.74071e-05 0.00036361 0.00241632 0.0109843 0.0341762 0.0728171 0.106285 0.106312 0.0729532 0.0346335 0.0123062 0.00573964 0.00763628 0.0139055 0.0230875 0.0336577 0.0432555 0.0495942 0.0518566 0.0512722 0.0502613 0.0507693 0.0530656 0.0557685 0.0568455
 1.16167e-16 5.4726e-05 0.000531956 0.00353504 0.0160698 0.0499991 0.106529 0.155485 0.1555 0.106602 0.0502456 0.0167833 0.00533282 0.0044789 0.00761742 0.0126845 0.0186935 0.0244284 0.0287057 0.0310494 0.0319668 0.0325156 0.0335046 0.0349688 0.0362472 0.0364702
 1.06243e-16 6.42375e-05 0.000624411 0.00414943 0.0188627 0.058689 0.125044 0.182508 0.182522 0.125113 0.0589224 0.0195373 0.00584416 0.00432926 0.00711634 0.0117064 0.0169637 0.0215684 0.0242338 0.0244032 0.022588 0.0200034 0.0177947 0.0164529 0.0157685 0.015191
 1.04259e-16 5.75401e-05 0.00055931 0.00371681 0.0168961 0.0525702 0.112007 0.163483 0.163505 0.112119 0.0529449 0.0179786 0.00643497 0.00649608 0.0113415 0.0186828 0.0269651 0.034033 0.0377303 0.0370695 0.0328129 0.0269328 0.0214012 0.0172561 0.0144853 0.0125211
 1.03336e-16 6.38988e-05 0.000621119 0.00412756 0.0187633 0.0583796 0.124384 0.181546 0.181561 0.124459 0.0586291 0.0194845 0.00594033 0.00458637 0.00761794 0.0125539 0.0182208 0.0232118 0.0261303 0.0263226 0.0242361 0.0210538 0.0179186 0.0153712 0.0133358 0.011481
 1.05338e-16 4.64767e-05 0.000451771 0.00300218 0.0136475 0.0424625 0.0904721 0.132054 0.132086 0.0906323 0.0430004 0.0152016 0.00690488 0.00897715 0.0162547 0.0268439 0.0387719 0.0489842 0.0543942 0.0535796 0.04761 0.0392707 0.0313364 0.0252517 0.0209894 0.0177743
 1.10019e-16 4.31363e-05 0.0004193 0.0027864 0.0126666 0.0394106 0.0839694 0.122561 0.122588 0.0840994 0.0398477 0.0139317 0.00597156 0.00740383 0.0134 0.0223257 0.0327213 0.0423324 0.0488605 0.0512133 0.0500518 0.0471172 0.0439295 0.0409506 0.0377333 0.0336655
 1.12344e-16 4.9885e-05 0.0004849 0.00322233 0.0146483 0.0455763 0.0971058 0.141733 0.141753 0.0972042 0.045907 0.0156053 0.00563185 0.00576921 0.0101581 0.0169068 0.0248089 0.0321822 0.0373534 0.0395932 0.0395107 0.0384987 0.0376864 0.0372576 0.036568 0.0347848
 1.07463e-16 6.18079e-05 0.000600794 0.00399249 0.0181493 0.0564693 0.120314 0.175605 0.17562 0.120387 0.056712 0.0188513 0.00575753 0.00446365 0.00742734 0.0122595 0.0178431 0.0228479 0.0259721 0.0266498 0.025382 0.0233496 0.0216222 0.0205878 0.019949 0.0191254
 1.02873e-16 6.84827e-05 0.000665676 0.00442365 0.0201093 0.0625675 0.133307 0.194568 0.194581 0.133367 0.0627696 0.020693 0.00588953 0.00386807 0.00615753 0.0100903 0.0145748 0.0184281 0.0204961 0.0202564 0.0181238 0.0151548 0.0123926 0.0103654 0.00903061 0.00805123
 1.01931e-16 6.47662e-05 0.00062955 0.00418358 0.019018 0.0591721 0.126073 0.184011 0.184028 0.126157 0.0594535 0.019831 0.00622456 0.0050855 0.00852888 0.0140012 0.0201718 0.0253847 0.0279967 0.0272486 0.0237097 0.0188801 0.0142841 0.010762 0.00836929 0.00673193
 1.02413e-16 6.08385e-05 0.000591372 0.00392987 0.0178646 0.0555837 0.118428 0.172853 0.172873 0.118525 0.055912 0.0188132 0.00631205 0.0057955 0.00995561 0.0163913 0.0236735 0.0299085 0.0332013 0.032666 0.0289306 0.0236713 0.0185727 0.0145363 0.0115972 0.00935425
 1.03421e-16 5.86788e-05 0.000570379 0.00379037 0.0172305 0.0536106 0.114224 0.166717 0.166738 0.114325 0.0539507 0.0182134 0.00625985 0.00596845 0.0103317 0.0170427 0.0246737 0.0312969 0.034979 0.0348166 0.0314423 0.0265343 0.0217465 0.0179138 0.0149996 0.0125661
 1.0291e-16 6.53788e-05 0.000635505 0.00422316 0.0191979 0.0597318 0.127265 0.185751 0.185765 0.127336 0.059969 0.0198836 0.00594619 0.00440263 0.00723675 0.0119047 0.0172471 0.0219081 0.0245477 0.0245444 0.0223424 0.019105 0.0159666 0.0134803 0.0115879 0.00995711
 1.00592e-16 7.78656e-05 0.000756881 0.00502974 0.0228645 0.0711399 0.151571 0.221224 0.221228 0.151592 0.0712092 0.0230647 0.00553238 0.00185464 0.00216417 0.00345842 0.00498348 0.00628591 0.00696109 0.00682394 0.00601294 0.00489083 0.00382209 0.00300129 0.00243232 0.00201915
 1.01446e-16 3.83555e-05 0.000372829 0.00247758 0.0112628 0.0350429 0.0746644 0.108985 0.109034 0.0749024 0.0358418 0.0135691 0.00826279 0.0129888 0.0239597 0.0394477 0.0565829 0.0706501 0.0768692 0.0730351 0.060857 0.0448609 0.0297712 0.0183823 0.0111311 0.00701017
 1.01531e-16 7.52738e-05 0.000731688 0.00486232 0.0221034 0.068772 0.146526 0.21386 0.213864 0.146546 0.0688373 0.0222928 0.00534055 0.00178482 0.00210213 0.00342564 0.0050887 0.0067332 0.00803629 0.00882839 0.00915254 0.00916376 0.00896309 0.00852251 0.00775369 0.00663441
 1.02043e-16 5.43733e-05 0.000528528 0.00351226 0.0159662 0.049677 0.105843 0.154488 0.154518 0.10599 0.0501683 0.0173845 0.00707023 0.0082884 0.0147707 0.0242783 0.0348419 0.0435528 0.0474913 0.0453263 0.0381286 0.0286832 0.0198672 0.013336 0.00927059 0.0069649
 1.04276e-16 5.48497e-05 0.000533159 0.00354303 0.0161061 0.0501122 0.10677 0.155839 0.15586 0.106876 0.0504669 0.0171321 0.00612353 0.00618342 0.0108353 0.017955 0.0261577 0.033511 0.0380548 0.0388401 0.0364184 0.0323282 0.0280359 0.0242073 0.0207452 0.0173117
 1.0398e-16 6.42158e-05 0.000624201 0.00414803 0.0188564 0.0586692 0.125002 0.182446 0.182461 0.125072 0.0589045 0.0195365 0.00585778 0.00436464 0.00719182 0.0118509 0.0172147 0.0219654 0.0248034 0.0251341 0.0233979 0.0207142 0.0181374 0.0161224 0.0145201 0.012942
 1.02788e-16 6.4909e-05 0.000630938 0.00419281 0.0190599 0.0593025 0.126351 0.184416 0.184432 0.126429 0.0595654 0.0198194 0.00609996 0.0047966 0.0079832 0.0131136 0.0189285 0.0238981 0.0265092 0.0260689 0.0231082 0.0190023 0.0151238 0.0121902 0.0101882 0.00872492
 1.06392e-16 3.1764e-05 0.000308757 0.0020518 0.00932723 0.0290207 0.0618335 0.0902576 0.0903046 0.0620631 0.0297919 0.0115554 0.00764709 0.0125312 0.0232677 0.0384765 0.055565 0.0701695 0.077846 0.0765272 0.0677165 0.0553901 0.04354 0.034294 0.0277076 0.0227752
 1.06387e-16 6.40127e-05 0.000622226 0.00413491 0.0187967 0.0584836 0.124606 0.181868 0.181876 0.124647 0.058624 0.0192042 0.00516538 0.00289684 0.00445765 0.00746115 0.0111938 0.0150242 0.0183325 0.0208068 0.0225452 0.0238116 0.0246738 0.0248661 0.0239902 0.0218484
 1.05789e-16 5.60076e-05 0.000544414 0.00361782 0.0164461 0.0511701 0.109024 0.159129 0.159153 0.109142 0.0515647 0.0175859 0.00647892 0.00679073 0.011921 0.0196267 0.0282907 0.0356397 0.0394123 0.0386094 0.034108 0.0280743 0.0226468 0.0189054 0.0167274 0.015336
 1.08574e-16 4.14297e-05 0.000402712 0.00267616 0.0121655 0.0378515 0.0806477 0.117715 0.117747 0.0808082 0.0383907 0.0137247 0.00659577 0.00897854 0.0163852 0.0271708 0.0394837 0.05038 0.0568654 0.0575383 0.0533589 0.0468578 0.0404629 0.0352966 0.0311561 0.0272993
 1.06451e-16 6.33718e-05 0.000615996 0.00409351 0.0186085 0.0578981 0.123358 0.180048 0.180059 0.123414 0.0580847 0.0191489 0.00545511 0.00360563 0.00579218 0.00960965 0.0141539 0.0184703 0.0216245 0.0231887 0.0234493 0.0230993 0.0226774 0.0222289 0.0214085 0.0198447
 1.04521e-16 6.08352e-05 0.00059134 0.00392966 0.0178637 0.0555807 0.118421 0.172843 0.172863 0.118516 0.0559 0.0187862 0.00624579 0.00564932 0.00967265 0.0159109 0.0229557 0.0289629 0.0321042 0.0315608 0.0280165 0.0231864 0.0187667 0.0156188 0.0136653 0.0123282
 1.07872e-16 3.56879e-05 0.000346899 0.00230527 0.0104794 0.0326056 0.0694713 0.101404 0.101444 0.0696695 0.0332716 0.0124041 0.00714064 0.0109165 0.0201504 0.0333637 0.0483098 0.0612787 0.0684939 0.0681966 0.0616426 0.0521396 0.0429475 0.0357099 0.0303395 0.025933
 1.12884e-16 4.59359e-05 0.000446513 0.00296724 0.0134886 0.0419683 0.0894185 0.130513 0.130532 0.0895107 0.0422785 0.014388 0.00523767 0.00544543 0.0096651 0.0162347 0.0241551 0.0320037 0.0383315 0.0424464 0.0446989 0.0459538 0.0467212 0.0467237 0.0452071 0.0416189
 1.06157e-16 6.78504e-05 0.00065953 0.00438281 0.0199236 0.0619899 0.132076 0.192771 0.192781 0.132123 0.0621471 0.0203785 0.00552674 0.00316442 0.00484828 0.00797051 0.0116278 0.0149572 0.0171417 0.0178444 0.0174093 0.0165954 0.0160507 0.0159418 0.0159676 0.0156532
 1.06406e-16 4.36811e-05 0.000424596 0.00282159 0.0128266 0.0399084 0.0850304 0.124112 0.12415 0.0852132 0.0405219 0.0145985 0.00726898 0.0101321 0.018477 0.0304701 0.0438762 0.0551571 0.0607445 0.0590199 0.0512942 0.0409297 0.031327 0.0243343 0.0199941 0.0173242
 1.05574e-16 6.14105e-05 0.000596932 0.00396682 0.0180326 0.0561062 0.119541 0.174476 0.174489 0.119605 0.056323 0.0186602 0.00554837 0.00406969 0.00671619 0.0111611 0.0164341 0.0214231 0.0250162 0.0266723 0.0266704 0.0257727 0.0246061 0.0232935 0.0215731 0.0191849
pSPR Fmed_Fpbrs
1   0.983061 0.6 0.325 0.983061 0.983061 0.983061
Fs Fmed_Fpbrs
0   0.01 0.338819 0.868299 0.01 0.01 0.01
SSBpbr Bo_Bmed_Bpbrs
1.33131e+06  1.26475e+06  1.24219e+06 732221 366110 1.24219e+06 1.24219e+06 1.24219e+06
Ro
193308
SPR SPRFo_SPRFmed_SPRFpbrs
1.39266e+06 1.39266e+06 1.36907e+06
Fref
0
Nvult_r0
 173233 35661.3 25910.7 3055.81 2391.41
CTP_r0
 15966.2 5904.77 4290.27 505.978 395.968
YTP_r0
356495
Np
 259472 95454.6 35115.8 12918.4 6500.71
Nvult_p0
 164018 60338.8 22197.4 8165.97 4109.23
CTP_p0
 0 0 0 0 0
 0 0 0 0 0
 0 0 0 0 0
 0 0 0 0 0
 0 0 0 0 0
 0 0 0 0 0
YTP_p0
 0 0 0 0 0 0
CBA_c0
0
log_Ro
11.992
likeval ReclasPelacesDesembMPH_pf_preclas_ppelaces_ptallas_desvR_qrecl_qpela
 16.1889 17.5156 0.0712123 0.000918163 235.148 136.22 108.461 0 22.1981 2.65153e-06 1.2422e-07 0.357693 2068.9 0 0
q_reclas_q_pelaces
0.794308 0.951378
M
1
N
 210865 39070.8 153941 8711.39 0.31345
 103347 72359 12545.7 49430.7 2797.34
 131403 33557.7 20856.2 3616.06 15053.8
 193973 42807.2 9734.37 6049.93 5415.73
 164595 58588.6 10711.3 2435.76 2868.97
 252240 56905.5 19090.1 3490.11 1728.46
 108523 80983.1 16043.3 5382.05 1471.26
 56280.2 30446.4 17541.3 3475.06 1484.46
 50818.8 19839.3 10304.2 5936.66 1678.49
 65745.4 15827.5 5270.9 2737.62 2023.19
 121849 19577.1 3851.6 1282.66 1158.53
 153287 42297.9 6429.51 1264.95 801.739
 130332 43910.1 9542.59 1450.53 466.253
 92939.3 38072.3 10292.5 2236.78 449.293
 99297.7 23180.9 6552.82 1771.5 462.314
 492276 27877.1 5027.73 1421.25 484.495
 117087 140502 6244.45 1126.21 426.885
 758680 38028 40515.6 1800.67 447.855
 434681 239255 10352.4 11029.6 612.119
 342104 131547 60093.5 2600.21 2924.04
 498407 105650 34375.4 15703.4 1443.58
 659526 159718 29677.3 9656.13 4816.63
 149862 203576 41696.2 7747.6 3778.28
 418323 50287.8 62571.1 12815.8 3542.6
 356762 140106 15399.1 19160.5 5009.25
 169368 120501 43617.2 4794 7524.45
 357408 58290.2 38915.9 14086.2 3978.26
 411570 119888 17903.3 11952.7 5548.34
 137275 139679 37673.3 5625.89 5499.47
 128769 47504.2 45594.4 12297.4 3631.58
 333389 43620.7 14873.6 14275.6 4987.38
 145118 110006 12973.7 4423.73 5729.23
 259472 51066.3 37103.5 4375.85 3424.45
pred_Ctot
 9010.24 3175.52 12511.7 708.028 0.025476
 7744.95 10101.5 1751.41 6900.64 390.515
 9602.51 4573.75 2842.6 492.852 2051.76
 22298.1 8928.69 2030.39 1261.89 1129.61
 6296.07 4275.11 781.589 177.733 209.344
 20521.3 8588.13 2881.06 526.723 260.857
 16646.9 21967.9 4351.99 1459.96 399.102
 1491.49 1550.77 893.459 177.001 75.6103
 4994.81 3577.26 1857.97 1070.45 302.651
 8057.78 3501.97 1166.23 605.719 447.646
 4364.47 1339.72 263.578 87.777 79.2823
 21886.9 10756.7 1635.07 321.686 203.889
 17288.3 10444.6 2269.84 345.028 110.905
 19522.6 13606.5 3678.41 799.397 160.571
 15197.9 6275.6 1774 479.586 125.159
 71212.1 7173.42 1293.75 365.72 124.672
 8759.09 19581.3 870.27 156.956 59.4937
 69335.7 6404.71 6823.68 303.271 75.4282
 49517.9 49487.5 2141.29 2281.36 126.611
 35213.9 24764.8 11313.1 489.51 550.475
 41073.2 16139.8 5251.41 2398.96 220.53
 68067.3 30142.5 5600.81 1822.34 909.012
 8385.28 21482.2 4399.97 817.562 398.701
 23872.2 5408.26 6729.29 1378.29 380.993
 18591.5 13803.8 1517.18 1887.77 493.532
 6939.8 9402.16 3403.26 374.054 587.1
 20074.7 6173.75 4121.73 1491.93 421.352
 20287.8 11193.4 1671.55 1115.97 518.024
 5174.66 10047.5 2709.94 404.685 395.591
 6488.52 4530.6 4348.46 1172.84 346.353
 21914.2 5373.31 1832.17 1758.51 614.36
 4000.18 5824.11 686.873 234.207 303.325
 15966.2 5904.77 4290.27 505.978 395.968
F
 0.0695793 0.135999 0.135999 0.135999 0.135999
 0.124829 0.243989 0.243989 0.243989 0.243989
 0.121561 0.237603 0.237603 0.237603 0.237603
 0.197178 0.385403 0.385403 0.385403 0.385403
 0.0620955 0.121371 0.121371 0.121371 0.121371
 0.136141 0.2661 0.2661 0.2661 0.2661
 0.270993 0.52968 0.52968 0.52968 0.52968
 0.0426756 0.0834134 0.0834134 0.0834134 0.0834134
 0.166514 0.325466 0.325466 0.325466 0.325466
 0.211431 0.413262 0.413262 0.413262 0.413262
 0.0580483 0.113461 0.113461 0.113461 0.113461
 0.250166 0.488972 0.488972 0.488972 0.488972
 0.230599 0.450726 0.450726 0.450726 0.450726
 0.388619 0.759592 0.759592 0.759592 0.759592
 0.270317 0.528359 0.528359 0.528359 0.528359
 0.253819 0.496113 0.496113 0.496113 0.496113
 0.124596 0.243534 0.243534 0.243534 0.243534
 0.154049 0.301103 0.301103 0.301103 0.301103
 0.195248 0.381629 0.381629 0.381629 0.381629
 0.174984 0.342023 0.342023 0.342023 0.342023
 0.138007 0.269748 0.269748 0.269748 0.269748
 0.175484 0.342999 0.342999 0.342999 0.342999
 0.0919547 0.179734 0.179734 0.179734 0.179734
 0.0938573 0.183453 0.183453 0.183453 0.183453
 0.0854116 0.166945 0.166945 0.166945 0.166945
 0.0666403 0.130255 0.130255 0.130255 0.130255
 0.0923207 0.180449 0.180449 0.180449 0.180449
 0.0806339 0.157606 0.157606 0.157606 0.157606
 0.0611689 0.11956 0.11956 0.11956 0.11956
 0.0824884 0.161231 0.161231 0.161231 0.161231
 0.108772 0.212606 0.212606 0.212606 0.212606
 0.0444211 0.0868251 0.0868251 0.0868251 0.0868251
 0.101523 0.198436 0.198436 0.198436 0.198436
YTP_r0W_actual
 120385 103038 103267 15847.2 13957.9
YTP_p0W_proyectada
 0 0 0 0 0
 0 0 0 0 0
 0 0 0 0 0
 0 0 0 0 0
 0 0 0 0 0
 0 0 0 0 0
CTP_r0_actual
 15966.2 5904.77 4290.27 505.978 395.968
CTP_p0_proyectada
 0 0 0 0 0
 0 0 0 0 0
 0 0 0 0 0
 0 0 0 0 0
 0 0 0 0 0
 0 0 0 0 0
Wmedp
 7.54 17.45 24.07 31.32 35.25
Frms_r0
 0.101523 0.198436 0.198436 0.198436 0.198436
Zrms_r0
 1.10152 1.19844 1.19844 1.19844 1.19844
nmprior
 7.29 8.9 8.7 0
nm_flota  nm_reclas  nm_pelaces    nm_pelaL
inf 12.009 20.9683 70.8251
cv_recla  cv_pelaces  cv_mph
0.348449 0.458462 0.809834
 ------------------------------------------------
Talla a la edad & desviaci?n 
 8 13.2811 15.8009 17.003 17.5766
 0.8 1.32811 1.58009 1.7003 1.75766
