years
 1991 1992 1993 1994 1995 1996 1997 1998 1999 2000 2001 2002 2003 2004 2005 2006 2007 2008 2009 2010 2011 2012 2013 2014 2015 2016 2017 2018 2019 2020 2021 2022 2023
reclasobs
 0 0 0 0 0 0 0 0 0 252601 567819 844713 477998 351125 339783 2.1784e+06 2.13404e+06 4.81314e+06 1.55562e+06 2.62356e+06 3.21686e+06 3.843e+06 1.13348e+06 3.07943e+06 1.97215e+06 2.03268e+06 2.025e+06 2.42433e+06 2.27542e+06 1.05018e+06 2.36338e+06 3.18982e+06 1.53035e+06
reclaspred
 3.03538e+06 1.71518e+06 899548 916218 933176 1.35798e+06 920102 869277 649683 495312 510316 619426 619913 517859 552800 1.24913e+06 1.30639e+06 2.64544e+06 2.20888e+06 1.69579e+06 3.00218e+06 2.42178e+06 2.01969e+06 3.01149e+06 2.28143e+06 2.06325e+06 2.37848e+06 2.51062e+06 2.154e+06 1.55352e+06 1.99699e+06 2.20228e+06 1.79727e+06
pelacesobs
 0 0 0 0 0 0 0 0 0 0 0 0 0 0 0 552880 188675 0 991730 2.46772e+06 1.41603e+06 1.21717e+06 2.29649e+06 1.80582e+06 0 1.4828e+06 1.56532e+06 1.57751e+06 1.42118e+06 867257 1.10002e+06 1.06204e+06 0
pelacespred
 1.68718e+06 1.07273e+06 564741 469296 489820 737425 482183 534943 398706 292282 304977 313404 341941 310463 334692 619390 643131 1.47591e+06 1.30046e+06 928304 1.5563e+06 1.39252e+06 1.14069e+06 1.8421e+06 1.35882e+06 1.21849e+06 1.59327e+06 1.52457e+06 1.17245e+06 977400 1.08431e+06 1.19452e+06 1.02566e+06
mphobs
 0 0 0 0 0 0 0 0 0 0 0 0 498337 0 5186 125008 0 168611 109162 213762 579715 649985 157893 87575 83554 210694 70296 0 107559 103333 445601 22526 28222
mphpred
 449759 303447 153209 87501.1 99123.1 110709 137868 95462.5 86063.5 63567.6 43879.8 58858.4 65587.6 56027.7 43018.4 55285.9 146276 149692 254660 391562 418726 491267 101437 89691.6 127256 100129 88925.3 95261.7 127816 97820.7 61742.4 97527.1 69416.1
desembarqueobs
 494567 514787 250237 358949 120608 361735 552515 73892 212993 205616 52469 317467 293654 387597 252695 516296 358380 742168 942051 627588 828172 859565 418607 520667 417249 300574 415391 372974 316634 284311 391294 218835 356480
desembarquepred
 494571 513219 251027 358981 120613 361758 552580 73895.6 213033 205655 52471.4 317540 293719 387673 252706 516284 358403 742099 941946 627511 828260 859636 418628 520701 417261 300582 415403 372973 316637 284319 391284 218840 356491
Reclutas
 247038 124517 161767 251468 212218 319863 141315 75073.1 66731.8 84705.3 153270 184770 157697 114360 126206 608121 153821 910413 537373 418779 629547 829957 193959 544451 460758 220457 463777 532799 178760 168414 434992 192023 342091
log_desv_Rt
 0.0060254 -0.679075 -0.417362 0.023801 -0.145903 0.264377 -0.552526 -1.18505 -1.30284 -1.06434 -0.471314 -0.284406 -0.442841 -0.764161 -0.665598 0.906857 -0.46773 1.31038 0.783175 0.533827 0.941484 1.21786 -0.235869 0.796261 0.629356 -0.107812 0.635888 0.774628 -0.317471 -0.377093 0.57181 -0.245901 0.331559
SSB
 4.61178e+06 3.11151e+06 1.57099e+06 897228 1.0164e+06 1.1352e+06 1.41369e+06 978863 882487 651816 449939 603528 646336 565809 429304 551760 1.4999e+06 1.53493e+06 2.67931e+06 2.10542e+06 2.30341e+06 2.81142e+06 2.67374e+06 2.28574e+06 3.06381e+06 2.54426e+06 2.1416e+06 2.21775e+06 3.07431e+06 2.22707e+06 1.57604e+06 2.55204e+06 1.69154e+06
BT
 6.08971e+06 4.11525e+06 2.15266e+06 1.87925e+06 1.73975e+06 2.78097e+06 2.12615e+06 1.85716e+06 1.5525e+06 1.17975e+06 1.07109e+06 1.32242e+06 1.41388e+06 1.44261e+06 1.37891e+06 2.5095e+06 2.44068e+06 5.59923e+06 5.27978e+06 3.70203e+06 5.8734e+06 5.50735e+06 4.19222e+06 6.65903e+06 4.95515e+06 4.35369e+06 5.76593e+06 5.47433e+06 4.19484e+06 3.5549e+06 3.9827e+06 4.17719e+06 3.75804e+06
Ftot
 0.0972177 0.173468 0.168122 0.271747 0.0856242 0.191277 0.364956 0.0556539 0.216046 0.26921 0.0780694 0.354995 0.324204 0.524716 0.356014 0.353191 0.17461 0.222519 0.286166 0.24943 0.194724 0.247412 0.128877 0.130608 0.119844 0.0939494 0.129662 0.114083 0.0874345 0.115652 0.151029 0.0627161 0.141444
BD_Bspro_t
 0.984566 0.890275 0.77153 0.711322 0.712841 0.770086 0.749657 0.631381 0.68997 0.664164 0.642892 0.773324 0.675924 0.599295 0.516941 0.574285 0.701804 0.695533 0.752252 0.677858 0.658404 0.699147 0.717285 0.719623 0.794935 0.802694 0.809846 0.829063 0.861446 0.822628 0.790691 0.840784 0.843002
BD_Bspro
 2.60692 1.75886 0.888038 0.50718 0.574544 0.641698 0.799121 0.553326 0.498847 0.368455 0.254339 0.341159 0.365357 0.319837 0.242675 0.311895 0.847853 0.867654 1.51454 1.19014 1.30206 1.58922 1.51139 1.29207 1.73189 1.43821 1.21059 1.25364 1.73783 1.25891 0.890897 1.4426 0.956186
BD_Bo
 2.47149 1.66748 0.841903 0.480831 0.544695 0.608361 0.757606 0.52458 0.472931 0.349313 0.241125 0.323435 0.346376 0.303221 0.230067 0.295692 0.803806 0.822578 1.43586 1.12831 1.23441 1.50666 1.43288 1.22495 1.64192 1.36349 1.1477 1.18851 1.64755 1.1935 0.844614 1.36766 0.906511
BD_Brms
 2.64948 1.78757 0.902538 0.515461 0.583925 0.652175 0.812169 0.56236 0.506992 0.374471 0.258491 0.346729 0.371322 0.325059 0.246637 0.316988 0.861696 0.881821 1.53927 1.20957 1.32332 1.61517 1.53607 1.31317 1.76017 1.46169 1.23036 1.27411 1.7662 1.27946 0.905443 1.46616 0.971798
Sel_flota
 0.536372 1 1 1 1
 0.536372 1 1 1 1
 0.536372 1 1 1 1
 0.536372 1 1 1 1
 0.536372 1 1 1 1
 0.536372 1 1 1 1
 0.536372 1 1 1 1
 0.536372 1 1 1 1
 0.536372 1 1 1 1
 0.536372 1 1 1 1
 0.536372 1 1 1 1
 0.536372 1 1 1 1
 0.536372 1 1 1 1
 0.536372 1 1 1 1
 0.536372 1 1 1 1
 0.536372 1 1 1 1
 0.536372 1 1 1 1
 0.536372 1 1 1 1
 0.536372 1 1 1 1
 0.536372 1 1 1 1
 0.536372 1 1 1 1
 0.536372 1 1 1 1
 0.536372 1 1 1 1
 0.536372 1 1 1 1
 0.536372 1 1 1 1
 0.536372 1 1 1 1
 0.536372 1 1 1 1
 0.536372 1 1 1 1
 0.536372 1 1 1 1
 0.536372 1 1 1 1
 0.536372 1 1 1 1
 0.536372 1 1 1 1
 0.536372 1 1 1 1
Sel_reclas
 1 1 1 1 1
 1 1 1 1 1
 1 1 1 1 1
 1 1 1 1 1
 1 1 1 1 1
 1 1 1 1 1
 1 1 1 1 1
 1 1 1 1 1
 1 1 1 1 1
 1 1 1 1 1
 1 1 1 1 1
 1 1 1 1 1
 1 1 1 1 1
 1 1 1 1 1
 1 1 1 1 1
 1 1 1 1 1
 1 1 1 1 1
 1 1 1 1 1
 1 1 1 1 1
 1 1 1 1 1
 1 1 1 1 1
 1 1 1 1 1
 1 1 1 1 1
 1 1 1 1 1
 1 1 1 1 1
 1 1 1 1 1
 1 1 1 1 1
 1 1 1 1 1
 1 1 1 1 1
 1 1 1 1 1
 1 1 1 1 1
 1 1 1 1 1
 1 1 1 1 1
Sel_pelaces
 1 1 1 1 1
 1 1 1 1 1
 1 1 1 1 1
 1 1 1 1 1
 1 1 1 1 1
 1 1 1 1 1
 1 1 1 1 1
 1 1 1 1 1
 1 1 1 1 1
 1 1 1 1 1
 1 1 1 1 1
 1 1 1 1 1
 1 1 1 1 1
 1 1 1 1 1
 1 1 1 1 1
 1 1 1 1 1
 1 1 1 1 1
 1 1 1 1 1
 1 1 1 1 1
 1 1 1 1 1
 1 1 1 1 1
 1 1 1 1 1
 1 1 1 1 1
 1 1 1 1 1
 1 1 1 1 1
 1 1 1 1 1
 1 1 1 1 1
 1 1 1 1 1
 1 1 1 1 1
 1 1 1 1 1
 1 1 1 1 1
 1 1 1 1 1
 1 1 1 1 1
pf_obs 
 0.8446 0.082 0.0669 0.0065 0
 0.8095 0.147 0.0364 0.0071 0
 0.9664 0.0169 0.016 0.0007 0
 0.9276 0.0648 0.0075 0.0001 0
 0.7033 0.2144 0.0806 0.0017 0
 0.9318 0.0425 0.0243 0.0014 0
 0.5671 0.3108 0.0964 0.0239 0.0018
 0.0768 0.2599 0.5324 0.112 0.0189
 0.490249 0.384438 0.106611 0.0170017 0.00170017
 0.7925 0.1577 0.0466 0.003 0.0002
 0.840416 0.127587 0.0312969 0.00059994 9.999e-05
 0.8084 0.0986 0.0794 0.0134 0.0002
 0.7335 0.1905 0.0724 0.0035 0.0001
 0.4001 0.4547 0.1325 0.0127 0
 0.49795 0.308269 0.164784 0.0264974 0.00249975
 0.9179 0.0499 0.0305 0.0017 0
 0.2467 0.6533 0.0926 0.0074 0
 0.9418 0.0223 0.034 0.0019 0
 0.707729 0.231977 0.0356964 0.0245975 0
 0.517169 0.277429 0.184464 0.0207286 0.00020938
 0.811772 0.124168 0.05621 0.00726502 0.000585176
 0.764997 0.148141 0.077277 0.00933861 0.000247198
 0.163321 0.427699 0.378323 0.0303852 0.000271297
 0.753843 0.0900009 0.118128 0.0371064 0.000921714
 0.721811 0.176058 0.0630433 0.0369309 0.00215725
 0.143369 0.312575 0.442814 0.0836902 0.0175525
 0.692698 0.0596174 0.167031 0.0765114 0.00414204
 0.394062 0.376323 0.152708 0.0712218 0.00568511
 0.125707 0.32114 0.495352 0.0537591 0.00404204
 0.23352 0.215282 0.420074 0.123614 0.00750983
 0.796117 0.104755 0.0508955 0.0450114 0.00322123
 0.162477 0.292055 0.404252 0.121198 0.0200186
 0 0 0 0 0
pf_pred 
 0.326526 0.115403 0.530518 0.0275525 9.63905e-07
 0.278039 0.347537 0.0641592 0.294946 0.0153186
 0.47967 0.223515 0.142881 0.0263774 0.127557
 0.626483 0.240112 0.057306 0.0366325 0.0394665
 0.52742 0.364485 0.0694881 0.0165843 0.0220229
 0.618782 0.259415 0.0939421 0.0179098 0.0099506
 0.367512 0.481528 0.102727 0.0372006 0.0110326
 0.341819 0.358988 0.227782 0.0485941 0.0228163
 0.408043 0.293438 0.162819 0.103311 0.0323883
 0.557664 0.255228 0.0927513 0.0514647 0.0428924
 0.689262 0.222777 0.0507535 0.0184441 0.0187634
 0.6127 0.313164 0.0531497 0.0121087 0.00887691
 0.550134 0.344196 0.0854425 0.0145012 0.00572562
 0.496691 0.359327 0.110162 0.0273463 0.00647367
 0.607905 0.267059 0.0892664 0.0273671 0.00840177
 0.873584 0.0962687 0.0205339 0.0068636 0.00275023
 0.300894 0.653176 0.0349768 0.0074605 0.00349295
 0.818714 0.0828602 0.0919593 0.00492432 0.00154211
 0.47914 0.46853 0.0239188 0.0265454 0.00186663
 0.474272 0.341711 0.165529 0.00845037 0.0100378
 0.625693 0.240728 0.0868237 0.0420584 0.00469757
 0.631485 0.282576 0.0552696 0.0199342 0.0107349
 0.235798 0.591353 0.132541 0.0259239 0.0143851
 0.626689 0.139392 0.181011 0.0405702 0.0123385
 0.508578 0.375619 0.0432399 0.0561505 0.0164125
 0.335285 0.442676 0.169716 0.0195371 0.0327861
 0.618831 0.187169 0.129197 0.0495325 0.0152708
 0.581839 0.31706 0.0496443 0.034268 0.0171883
 0.277963 0.525629 0.148921 0.0233176 0.0241687
 0.384028 0.26095 0.25845 0.0732238 0.0233488
 0.692187 0.167875 0.0592831 0.058715 0.0219395
 0.365014 0.516731 0.0644936 0.0227752 0.0309856
 0.590031 0.213824 0.159617 0.0199219 0.0166066
pobs_RECLAS
 0 0 0 0 0
 0 0 0 0 0
 0 0 0 0 0
 0 0 0 0 0
 0 0 0 0 0
 0 0 0 0 0
 0 0 0 0 0
 0 0 0 0 0
 0 0 0 0 0
 0 0 0 0 0
 0.991045 0.00858322 0.000360255 1.14367e-05 0
 0.934742 0.0480273 0.0164251 0.00080598 0
 0.827803 0.169806 0.00239088 0 0
 0.941827 0.0461693 0.0120037 0 0
 0.791401 0.0380133 0.147996 0.0225897 0
 0.846168 0.0940531 0.0597789 0 0
 0.134021 0.677848 0.182769 0.00536245 0
 0.80878 0.0450904 0.141981 0.00414843 0
 0.846168 0.0940531 0.0597789 0 0
 0.905697 0.0802665 0.012482 0.00150086 5.37128e-05
 0.989698 0.0102097 9.19794e-05 0 0
 0.975433 0.0193895 0.00387452 0.00125025 5.28907e-05
 0.303575 0.632131 0.0575291 0.00676475 0
 0.966965 0.00978017 0.0227588 0.000495775 0
 0.843318 0.132988 0.00938335 0.0141283 0.000182051
 0.564624 0.303363 0.111486 0.0197234 0.00080311
 0.826376 0.0876187 0.0782897 0.00655872 0.00115652
 0.89761 0.0855135 0.0140674 0.00269457 0.000114338
 0.34875 0.467042 0.161289 0.0227151 0.000203297
 0.318654 0.224769 0.449479 0.00709798 0
 0.937255 0.0296025 0.0250945 0.00804832 0
 0.456809 0.399803 0.12412 0.0192676 0
 0.883104 0.0372192 0.0704036 0.00927362 0
ppred_RECLAS
 0.475756 0.0898317 0.412964 0.0214474 7.5032e-07
 0.41974 0.279325 0.0515666 0.237056 0.012312
 0.633844 0.157287 0.100545 0.0185617 0.0897617
 0.759963 0.154306 0.0368271 0.0235415 0.0253627
 0.67616 0.249767 0.0476174 0.0113645 0.0150914
 0.753173 0.167964 0.0608247 0.0115961 0.00644272
 0.52438 0.362101 0.077249 0.0279742 0.00829632
 0.492484 0.276811 0.175641 0.0374704 0.0175934
 0.564731 0.215767 0.119722 0.0759651 0.0238153
 0.704094 0.170738 0.0620471 0.0344279 0.0286934
 0.805767 0.139251 0.0317244 0.0115288 0.0117284
 0.749999 0.202147 0.034308 0.00781613 0.00573003
 0.698337 0.230805 0.0572945 0.00972392 0.00383938
 0.654129 0.246928 0.0757024 0.0187922 0.00444867
 0.746211 0.172858 0.0577791 0.0177138 0.00543818
 0.929093 0.0539968 0.0115174 0.00384977 0.00154259
 0.447043 0.516628 0.0276649 0.00590087 0.00276274
 0.894771 0.0480969 0.0533785 0.00285836 0.000895132
 0.634739 0.328564 0.0167734 0.0186154 0.001309
 0.629751 0.240654 0.116575 0.00595126 0.00706923
 0.758628 0.155233 0.0559882 0.0271213 0.00302922
 0.763621 0.181254 0.0354519 0.0127865 0.00688574
 0.366429 0.490268 0.109884 0.0214925 0.0119262
 0.758854 0.090042 0.116927 0.0262069 0.0079702
 0.659755 0.260067 0.029938 0.0388768 0.0113635
 0.485597 0.342574 0.131338 0.0151192 0.0253722
 0.752672 0.121447 0.0838316 0.0321399 0.00990869
 0.722713 0.210246 0.0329197 0.0227235 0.0113978
 0.418698 0.423177 0.119894 0.0187727 0.0194579
 0.538725 0.195414 0.193541 0.0548341 0.0174849
 0.808404 0.104493 0.0369003 0.0365467 0.0136561
 0.517931 0.392292 0.0489623 0.0172905 0.0235236
 0.729672 0.140992 0.105249 0.0131363 0.0109502
pobs_PELACES
 0 0 0 0 0
 0 0 0 0 0
 0 0 0 0 0
 0 0 0 0 0
 0 0 0 0 0
 0 0 0 0 0
 0 0 0 0 0
 0 0 0 0 0
 0 0 0 0 0
 0 0 0 0 0
 0 0 0 0 0
 0 0 0 0 0
 0 0 0 0 0
 0 0 0 0 0
 0 0 0 0 0
 0 0 0 0 0
 0.505614 0.472636 0.0217494 0 0
 0 0 0 0 0
 0.443492 0.261883 0.143347 0.151278 0
 0.227955 0.32914 0.350689 0.0885471 0.00366901
 0.970185 0.0296113 0.000203453 0 0
 0.997202 0.00247181 0.000326279 0 0
 0.445219 0.490057 0.0546422 0.010081 0
 0.90214 0.0892962 0.00764917 0.000914606 0
 0 0 0 0 0
 0.581667 0.319106 0.0959925 0.00289975 0.000334073
 0.762889 0.0836404 0.116647 0.0363945 0.000428098
 0.88444 0.0763242 0.0277011 0.0115352 0
 0.521256 0.241999 0.230069 0.00667565 0
 0.616807 0.101726 0.260614 0.0208532 0
 0.833518 0.0704572 0.0857862 0.0102388 0
 0.697417 0.212968 0.0787535 0.0105354 0.000325836
 0 0 0 0 0
ppred_PELACES
 0.479467 0.0891958 0.410041 0.0212956 7.45009e-07
 0.426217 0.276207 0.050991 0.23441 0.0121746
 0.639793 0.154732 0.0989114 0.0182602 0.0883034
 0.767465 0.149483 0.0356761 0.0228057 0.02457
 0.679022 0.247559 0.0471966 0.0112641 0.0149581
 0.758573 0.164289 0.059494 0.0113424 0.00630177
 0.538284 0.351515 0.0749908 0.0271564 0.00805379
 0.494612 0.275651 0.174904 0.0373133 0.0175196
 0.572838 0.211748 0.117492 0.0745502 0.0233717
 0.712603 0.165828 0.0602629 0.0334379 0.0278683
 0.80763 0.137916 0.0314202 0.0114183 0.011616
 0.760044 0.194025 0.0329296 0.00750208 0.0054998
 0.708683 0.22289 0.0553296 0.00939044 0.00370771
 0.672061 0.234126 0.0717777 0.0178179 0.00421803
 0.756387 0.165927 0.0554622 0.0170035 0.00522012
 0.932572 0.0513479 0.0109524 0.00366092 0.00146692
 0.453656 0.51045 0.027334 0.0058303 0.0027297
 0.897934 0.0466513 0.0517742 0.00277245 0.000868229
 0.644828 0.319488 0.0163101 0.0181011 0.00127284
 0.638604 0.234899 0.113788 0.00580896 0.00690019
 0.764041 0.151752 0.0547326 0.0265131 0.00296129
 0.770386 0.176067 0.0344374 0.0124206 0.00668869
 0.371019 0.486716 0.109088 0.0213368 0.0118398
 0.762492 0.0886837 0.115163 0.0258115 0.00784996
 0.663859 0.25693 0.0295769 0.0384079 0.0112264
 0.489188 0.340182 0.130421 0.0150136 0.0251951
 0.756347 0.119643 0.0825861 0.0316624 0.00976149
 0.726197 0.207604 0.0325061 0.022438 0.0112545
 0.421958 0.420804 0.119222 0.0186674 0.0193488
 0.543119 0.193553 0.191698 0.0543118 0.0173184
 0.811958 0.102555 0.036216 0.0358689 0.0134028
 0.520327 0.390343 0.048719 0.0172045 0.0234068
 0.733919 0.138777 0.103596 0.0129299 0.0107781
pobs_pel_tallas
 0 0 0 0 0 0 0 0 0 0 0 0 0 0 0 0 0 0 0 0 0 0 0 0 0 0
 0 0 0 0 0 0 0 0 0 0 0 0 0 0 0 0 0 0 0 0 0 0 0 0 0 0
 0 0 0 0 0 0 0 0 0 0 0 0 0 0 0 0 0 0 0 0 0 0 0 0 0 0
 0 0 0 0 0 0 0 0 0 0 0 0 0 0 0 0 0 0 0 0 0 0 0 0 0 0
 0 0 0 0 0 0 0 0 0 0 0 0 0 0 0 0 0 0 0 0 0 0 0 0 0 0
 0 0 0 0 0 0 0 0 0 0 0 0 0 0 0 0 0 0 0 0 0 0 0 0 0 0
 0 0 0 0 0 0 0 0 0 0 0 0 0 0 0 0 0 0 0 0 0 0 0 0 0 0
 0 0 0 0 0 0 0 0 0 0 0 0 0 0 0 0 0 0 0 0 0 0 0 0 0 0
 0 0 0 0 0 0 0 0 0 0 0 0 0 0 0 0 0 0 0 0 0 0 0 0 0 0
 0 0 0 0 0 0 0 0 0 0 0 0 0 0 0 0 0 0 0 0 0 0 0 0 0 0
 0 0 0 0 0 0 0 0 0 0 0 0 0 0 0 0 0 0 0 0 0 0 0 0 0 0
 0 0 0 0 0 0 0 0 0 0 0 0 0 0 0 0 0 0 0 0 0 0 0 0 0 0
 0.00862536 0 0 0.000197151 0.00414017 0.0128641 0.00837892 0.0270097 0.101434 0.158115 0.152841 0.127902 0.109271 0.109419 0.0830992 0.0579132 0.0238553 0.00714673 0.00463305 0.00128148 0.00103504 0.000492878 0.000147863 0.000147863 4.92878e-05 0
 0 0 0 0 0 0 0 0 0 0 0 0 0 0 0 0 0 0 0 0 0 0 0 0 0 0
 0 0 0 0 0 0 0 0.0054083 0.00873648 0.0413646 0.0450493 0.0745869 0.0622846 0.0627006 0.0613931 0.0827291 0.12552 0.122667 0.0946155 0.0697135 0.0546179 0.0294188 0.0215738 0.0213955 0.0102223 0.00600262
 0 0 0 0 0.00359764 0.0251062 0.0480494 0.140153 0.205849 0.193036 0.1447 0.116669 0.0760912 0.0342217 0.00950174 0.001854 0.000860785 0 0 0 0.000165536 0 0.000143464 0 0 0
 0 0 0 0 0 0 0 0.000145254 0.000435761 0.0275982 0.070085 0.0708112 0.156366 0.174668 0.174014 0.160142 0.0824315 0.0480064 0.0283245 0.00493863 0.00203355 0 0 0 0 0
 0 0 0 0 0 0 0 0 0 0 0 0 0 0 0 0 0 0 0 0 0 0 0 0 0 0
 0 0 1.00437e-05 0.000401748 0.00122533 0.00171747 0.00176769 0.0269171 0.070346 0.194647 0.189555 0.159765 0.064822 0.0314167 0.0384472 0.0292271 0.0345202 0.0313363 0.0194345 0.0106764 0.0143323 0.0359363 0.0279516 0.0138201 0.00172751 0
 0 0.0021121 0.0136068 0.0755702 0.200478 0.177729 0.0527432 0.0373336 0.0318909 0.0142505 0.0149659 0.0166563 0.0217959 0.0798694 0.0677717 0.0528807 0.04013 0.0224614 0.0357745 0.0225083 0.00881397 0.00855152 0.00135912 0.000746735 0 0
 0 0 0 0 5.4009e-05 0.00500934 0.000945158 0.0243581 0.138947 0.33067 0.221406 0.137944 0.0707744 0.0437923 0.0131692 0.00525238 0.0047753 0.00276346 9.45158e-05 9.00151e-06 2.25038e-05 9.00151e-06 4.50075e-06 0 0 0
 0.000866109 0.00284123 0.00948549 0.0512746 0.133035 0.25785 0.225252 0.132002 0.0553304 0.0519788 0.0540692 0.017754 0.00435017 0.00159236 0.00146478 0.000404838 0.000125132 0.000115318 0.000107957 0.000100596 0 0 0 0 0 0
 0 0 0 0 0.00144013 0.00171154 0.00461396 0.0210425 0.0478622 0.0707936 0.0888783 0.103762 0.0637923 0.0337046 0.0602308 0.124433 0.169614 0.0934646 0.0462172 0.0250306 0.0313229 0.00938855 0.002487 0.000210481 0 0
 0 0.00764035 0.051015 0.0998891 0.058973 0.0496711 0.0374665 0.0718981 0.12319 0.153886 0.159021 0.0857701 0.0377988 0.023471 0.0147837 0.00900784 0.00315554 0.000888139 0.00291439 0.00214683 0.00393193 0.00274676 0.000635225 9.99891e-05 0 0
 0 0 0 0 0 0 0 0 0 0 0 0 0 0 0 0 0 0 0 0 0 0 0 0 0 0
 0 0 0 0 0 0 0 0 0 0 0 0 0 0 0 0 0 0 0 0 0 0 0 0 0 0
 0 0 0 0 0 0 0 0 0 0 0 0 0 0 0 0 0 0 0 0 0 0 0 0 0 0
 0 0 0 0 0 0 0 0 0 0 0 0 0 0 0 0 0 0 0 0 0 0 0 0 0 0
 0 0 0 0 0 0 0 0 0 0 0 0 0 0 0 0 0 0 0 0 0 0 0 0 0 0
 0 0 0 0 0 0 0 0 0 0 0 0 0 0 0 0 0 0 0 0 0 0 0 0 0 0
 0 0 0 0 0 0 0 0 0 0 0 0 0 0 0 0 0 0 0 0 0 0 0 0 0 0
 0 0 0 0 0 0 0 0 0 0 0 0 0 0 0 0 0 0 0 0 0 0 0 0 0 0
 0 0 0 0 0 0 0 0 0 0 0 0 0 0 0 0 0 0 0 0 0 0 0 0 0 0
ppred_pel_tallas
 1.13992e-16 3.94931e-05 0.000383887 0.00255106 0.0115968 0.0360819 0.0768766 0.112206 0.112215 0.0769219 0.0362359 0.0120494 0.00371691 0.00302706 0.00534619 0.00952197 0.0154454 0.0230199 0.0320351 0.0421751 0.0528198 0.0627245 0.0699889 0.0726192 0.0694697 0.0609331
 1.27111e-16 3.5107e-05 0.000341253 0.00226774 0.0103089 0.0320748 0.0683398 0.0997495 0.0997762 0.0684704 0.0325137 0.0115782 0.00546014 0.00733191 0.0133795 0.022255 0.0325437 0.0420499 0.0486729 0.0517296 0.0524703 0.0532062 0.0556657 0.0598321 0.0640181 0.0659294
 1.19669e-16 5.26989e-05 0.000512253 0.0034041 0.0154745 0.0481471 0.102583 0.149726 0.149741 0.102657 0.0483948 0.0161917 0.00521146 0.00448196 0.0076644 0.0127816 0.0188749 0.0247519 0.0292632 0.0319773 0.0334468 0.0347548 0.0366904 0.0392059 0.0414962 0.0425144
 1.07513e-16 6.32151e-05 0.000614473 0.00408339 0.0185625 0.057755 0.123054 0.179603 0.179618 0.123124 0.0579921 0.0192478 0.00580529 0.00437954 0.00723251 0.0119079 0.0172735 0.0220019 0.0248019 0.025125 0.0235029 0.021172 0.0192792 0.0182869 0.0179286 0.0175857
 1.05087e-16 5.59302e-05 0.000543661 0.00361282 0.0164234 0.0510993 0.108873 0.158909 0.158933 0.10899 0.0514913 0.0175557 0.00645636 0.00675498 0.0118638 0.0195556 0.028239 0.0356712 0.0396067 0.0390217 0.0347175 0.0287521 0.0231724 0.0190386 0.0163071 0.0143555
 1.03963e-16 6.24827e-05 0.000607354 0.00403608 0.0183474 0.0570858 0.121628 0.177523 0.177539 0.121706 0.0573468 0.0191021 0.00593335 0.00475864 0.00797456 0.0131581 0.0191207 0.0244057 0.0275639 0.0279179 0.0259304 0.0228191 0.0197467 0.017242 0.0151961 0.0132495
 1.06341e-16 4.43378e-05 0.000430979 0.00286401 0.0130194 0.0405083 0.0863085 0.125977 0.126011 0.0864743 0.0410652 0.0146283 0.00690478 0.00925964 0.0168342 0.0278203 0.0402147 0.0508759 0.056628 0.0560115 0.050131 0.0418449 0.0339794 0.027972 0.0237412 0.0204513
 1.11825e-16 4.07406e-05 0.000396013 0.00263165 0.0119631 0.0372218 0.079306 0.115755 0.115782 0.0794371 0.0376624 0.0132385 0.00584379 0.00744423 0.0135328 0.0225865 0.033186 0.0431058 0.0500738 0.0530138 0.0525729 0.0504304 0.0479948 0.045592 0.0426593 0.0385297
 1.14877e-16 4.7184e-05 0.000458645 0.00304786 0.0138551 0.0431086 0.0918481 0.134059 0.13408 0.0919487 0.0434468 0.0148344 0.00551414 0.00587042 0.0104082 0.0173534 0.025523 0.033235 0.0388207 0.0415714 0.042124 0.0418746 0.0418987 0.042262 0.0421663 0.0406435
 1.09851e-16 5.86962e-05 0.000570548 0.00379149 0.0172356 0.0536264 0.114257 0.166765 0.166781 0.114336 0.0538901 0.0179983 0.00570983 0.00477084 0.00807349 0.0133554 0.0194774 0.0250251 0.028613 0.029653 0.0287012 0.0270266 0.0257445 0.0251998 0.0249773 0.0243621
 1.04053e-16 6.65234e-05 0.000646632 0.00429709 0.019534 0.0607775 0.129493 0.189002 0.189016 0.129559 0.0609961 0.0201656 0.00588371 0.00411421 0.006664 0.0109436 0.0158353 0.0200808 0.0224495 0.0223899 0.0203527 0.0174651 0.0148204 0.0129407 0.0117283 0.0107785
 1.02684e-16 6.26038e-05 0.000608531 0.00404391 0.018383 0.0571965 0.121864 0.177868 0.177887 0.121955 0.0575035 0.0192699 0.00627062 0.00547108 0.00930221 0.0152919 0.0220524 0.0277951 0.03074 0.0300675 0.0263975 0.0213517 0.016565 0.0129185 0.0104389 0.00869594
 1.03223e-16 5.83733e-05 0.000567409 0.00377064 0.0171408 0.0533314 0.113629 0.165849 0.165871 0.113734 0.0536847 0.0181616 0.00633478 0.00617098 0.0107182 0.0176731 0.0255602 0.0323658 0.0360686 0.0357241 0.031998 0.0266606 0.0214724 0.0173472 0.0142807 0.0118269
 1.04632e-16 5.53568e-05 0.000538088 0.00357578 0.016255 0.0505755 0.107757 0.15728 0.157302 0.107868 0.050947 0.017329 0.00627481 0.00644041 0.0112953 0.0186653 0.0270691 0.0344315 0.0386653 0.0387967 0.0355069 0.0305877 0.025778 0.021913 0.01889 0.0162034
 1.04232e-16 6.23026e-05 0.000605604 0.00402445 0.0182946 0.0569213 0.121277 0.177011 0.177027 0.121356 0.0571848 0.0190564 0.00593944 0.00479494 0.00804489 0.0132703 0.0192733 0.024581 0.0277315 0.0280493 0.026019 0.0228918 0.0198585 0.0174532 0.0155436 0.0137275
 1.00945e-16 7.68147e-05 0.000746666 0.00496186 0.0225559 0.0701798 0.149526 0.218238 0.218243 0.14955 0.0702611 0.0227909 0.00555211 0.00203628 0.00252931 0.00406856 0.00587405 0.00743058 0.00826987 0.00817855 0.00731816 0.0061068 0.00495806 0.00408275 0.00346938 0.00299557
 1.01966e-16 3.73671e-05 0.000363222 0.00241374 0.0109725 0.0341399 0.0727405 0.106177 0.106226 0.0729805 0.0349456 0.0132986 0.00824883 0.0130893 0.0241715 0.039809 0.0571262 0.0713817 0.0777678 0.0740679 0.0620003 0.0461074 0.0311176 0.0198082 0.0125866 0.00842214
 1.01932e-16 7.39616e-05 0.000718933 0.00477757 0.0217181 0.0675732 0.143972 0.210132 0.210137 0.143994 0.0676484 0.0219363 0.00532864 0.00193305 0.00241226 0.0039553 0.00588646 0.00780862 0.00935568 0.0103346 0.0107918 0.0108958 0.0107478 0.0102993 0.00943701 0.00813194
 1.02584e-16 5.31137e-05 0.000516284 0.00343089 0.0155964 0.0485262 0.103391 0.150909 0.15094 0.103542 0.0490306 0.0170525 0.00708408 0.00848471 0.0151677 0.0249424 0.035813 0.0448054 0.0489336 0.0468398 0.0396239 0.030133 0.0212952 0.0147749 0.0107233 0.00839093
 1.05095e-16 5.2601e-05 0.0005113 0.00339777 0.0154458 0.0480577 0.102393 0.14945 0.149473 0.102504 0.0484318 0.0165278 0.00611962 0.00647279 0.011432 0.0189655 0.0276618 0.0355035 0.04044 0.041478 0.0391895 0.0351663 0.0309079 0.0270664 0.0235028 0.019849
 1.04779e-16 6.29331e-05 0.000611732 0.00406518 0.0184797 0.0574973 0.122505 0.178802 0.178817 0.122576 0.0577385 0.0191772 0.00581892 0.00445007 0.00738201 0.0121821 0.0177271 0.0226852 0.025742 0.0262993 0.0248041 0.0223783 0.0200563 0.0182483 0.0167519 0.0151416
 1.03417e-16 6.34557e-05 0.000616812 0.00409893 0.0186332 0.0579748 0.123522 0.180288 0.180305 0.123605 0.0582536 0.0194387 0.0061218 0.00503585 0.00846529 0.0139192 0.0201043 0.0254098 0.0282401 0.0278674 0.024857 0.020661 0.0167186 0.0137664 0.0117635 0.0102712
 1.07416e-16 3.05604e-05 0.000297058 0.00197406 0.00897382 0.0279211 0.0594907 0.0868382 0.0868852 0.0597202 0.0286922 0.0112016 0.00756939 0.0125223 0.0232796 0.0385188 0.0556752 0.0704124 0.0783134 0.0773251 0.0689395 0.0570883 0.0456913 0.036796 0.0303937 0.0254505
 1.07264e-16 6.28055e-05 0.000610492 0.00405693 0.0184422 0.0573807 0.122256 0.178438 0.178447 0.122299 0.0575244 0.0188596 0.00511274 0.0029425 0.00457163 0.00766787 0.0115306 0.0155311 0.0190512 0.021783 0.0238246 0.0254248 0.0266128 0.0270662 0.0263306 0.0241743
 1.06671e-16 5.46812e-05 0.000531521 0.00353215 0.0160566 0.0499583 0.106442 0.155361 0.155386 0.106563 0.0503646 0.0172304 0.00647865 0.00696499 0.0122773 0.0202239 0.0291665 0.0367756 0.0407349 0.0400274 0.0355632 0.0295699 0.0242318 0.0206286 0.0185927 0.0172843
 1.09621e-16 4.02939e-05 0.000391671 0.00260279 0.0118319 0.0368137 0.0784367 0.114488 0.11452 0.0785976 0.0373544 0.0133954 0.00653378 0.00899449 0.0164416 0.0272827 0.039685 0.0507183 0.0574023 0.0583448 0.0545034 0.0483848 0.0423701 0.037521 0.0335787 0.0297663
 1.07242e-16 6.22993e-05 0.000605572 0.00402424 0.0182936 0.0569182 0.121271 0.177001 0.177012 0.121328 0.0571098 0.0188484 0.00542236 0.00367635 0.00594943 0.00988258 0.0145742 0.0190574 0.0223856 0.0241296 0.0245853 0.0244531 0.0242606 0.0240185 0.0233342 0.0217972
 1.05146e-16 5.98159e-05 0.000581432 0.00386382 0.0175644 0.0546494 0.116437 0.169948 0.169968 0.116535 0.054978 0.0185135 0.00624704 0.00578651 0.00995296 0.0163812 0.0236464 0.0298605 0.0331511 0.0326838 0.0291651 0.024355 0.0199837 0.0169138 0.015038 0.0137371
 1.08695e-16 3.47562e-05 0.000337842 0.00224508 0.0102058 0.0317544 0.0676576 0.0987568 0.0987974 0.0678563 0.0324219 0.0121349 0.00709207 0.0109345 0.0202059 0.0334704 0.0484954 0.0615802 0.0689576 0.0688755 0.0625885 0.0533871 0.0444952 0.037508 0.0322918 0.0279149
 1.13959e-16 4.47361e-05 0.00043485 0.00288974 0.0131363 0.0408721 0.087083 0.127104 0.127123 0.0871756 0.0411839 0.0140404 0.00517262 0.00546304 0.00972575 0.0163535 0.0243663 0.0323554 0.0388863 0.0432792 0.0458852 0.0475479 0.0487297 0.0490864 0.047797 0.0442637
 1.06937e-16 6.68799e-05 0.000650097 0.00432012 0.0196386 0.0611032 0.130187 0.190014 0.190024 0.130236 0.0612663 0.0201106 0.00550732 0.00325031 0.00503098 0.00828123 0.0120931 0.0155813 0.0179077 0.0187316 0.018415 0.0177418 0.0173701 0.0174474 0.01763 0.0173957
 1.07193e-16 4.28587e-05 0.000416602 0.00276847 0.0125851 0.039157 0.0834296 0.121776 0.121813 0.0836134 0.0397742 0.0143676 0.00724284 0.010184 0.0185926 0.03067 0.0441825 0.0555824 0.0612928 0.0596961 0.0521147 0.0419225 0.0325181 0.0257271 0.0215537 0.0189765
 1.06146e-16 6.0452e-05 0.000587615 0.00390491 0.0177511 0.0552305 0.117675 0.171753 0.171766 0.117741 0.0554527 0.0183948 0.00552717 0.0041506 0.00689054 0.0114613 0.0168914 0.0220508 0.0258085 0.0276157 0.0277569 0.0270026 0.0259742 0.0247713 0.023101 0.0206811
pSPR Fmed_Fpbrs
1   0.982818 0.6 0.325 0.982818 0.982818 0.982818
Fs Fmed_Fpbrs
0   0.01 0.332661 0.847802 0.01 0.01 0.01
SSBpbr Bo_Bmed_Bpbrs
1.86599e+06  1.77269e+06  1.74063e+06 1.0263e+06 513149 1.74063e+06 1.74063e+06 1.74063e+06
Ro
245554
SPR SPRFo_SPRFmed_SPRFpbrs
1.76905e+06 1.76905e+06 1.73866e+06
Fref
0
Nvult_r0
 225437 46491 34705 4331.56 3610.71
CTP_r0
 15897.1 5761.02 4300.54 536.754 447.429
YTP_r0
356491
Np
 342091 125848 46296.9 17031.7 8570.6
Nvult_p0
 216243 79551.2 29265.2 10766.1 5417.65
CTP_p0
 0 0 0 0 0
 0 0 0 0 0
 0 0 0 0 0
 0 0 0 0 0
 0 0 0 0 0
 0 0 0 0 0
YTP_p0
 0 0 0 0 0 0
CBA_c0
0
log_Ro
12.2313
likeval ReclasPelacesDesembMPH_pf_preclas_ppelaces_ptallas_desvR_qrecl_qpela
 17.7041 17.603 0.0978229 0.000920757 236.019 137.581 108.228 0 21.7519 1.47125e-05 7.08973e-06 0.493123 2069.91 0 0
q_reclas_q_pelaces
0.581324 0.68622
M
1
N
 247038 47708.6 219321 11390.5 0.398486
 124517 86262.7 15925.1 73208.9 3802.25
 161767 41737.4 26680.4 4925.5 23819
 251468 54379 12978.3 8296.28 8938.11
 212218 79962.7 15244.7 3638.35 4831.52
 319863 74566.2 27002.7 5148 2860.2
 141315 106197 22655.7 8204.3 2433.15
 75073.1 42744.4 27121.9 5786.07 2716.72
 66731.8 26805.6 14873.6 9437.47 2958.67
 84705.3 21863.1 7945.18 4408.52 3674.21
 153270 26971.5 6144.71 2233.02 2271.68
 184770 54072.6 9177.11 2090.75 1532.73
 157697 56187.9 13948 2367.22 934.671
 114360 48753.7 14946.8 3710.36 878.352
 126206 31750.6 10612.9 3253.66 998.884
 608121 38358 8181.69 2734.78 1095.82
 153821 185107 9912.25 2114.27 989.883
 910413 51528.3 57186.7 3062.29 958.995
 537373 297242 15174.4 16840.8 1184.22
 418779 169559 82136.3 4193.12 4980.81
 629547 134768 48607.1 23545.8 2629.87
 829957 208629 40806.1 14717.6 7925.68
 193959 267379 59928 11721.4 6504.23
 544451 66587.8 86469.5 19380.5 5894.11
 460758 186741 21497 27915.5 8159.57
 220457 158950 60939.4 7015.13 11772.4
 463777 77116.2 53231.1 20408.1 6291.78
 532799 159152 24919.5 17201.2 8627.85
 178760 184372 52236.1 8178.98 8477.51
 168414 62749.4 62148.1 17607.8 5614.58
 434992 58229.4 20563.1 20366 7610
 192023 147572 18418.6 6504.32 8849.12
 342091 68304.6 50988.6 6363.93 5304.86
pred_Ctot
 7968.1 2816.14 12946.1 672.356 0.0235219
 7046.44 8807.74 1626.01 7474.9 388.224
 8882.75 4139.16 2645.93 488.469 2362.16
 21818.1 8362.22 1995.75 1275.77 1374.47
 6044.26 4177.01 796.337 190.056 252.384
 19881.5 8335.01 3018.36 575.443 319.713
 16136.6 21142.8 4510.52 1633.4 484.417
 1399.08 1469.35 932.321 198.897 93.3878
 4659.48 3350.8 1859.25 1179.72 369.844
 7284.67 3334 1211.6 672.274 560.297
 3986.87 1288.6 293.571 106.685 108.533
 20567 10512.3 1784.12 406.462 297.979
 16138.2 10097 2506.46 425.392 167.961
 18143.6 13125.8 4024.08 998.929 236.476
 14085.4 6187.89 2068.34 634.107 194.673
 67373.2 7424.5 1583.63 529.34 212.105
 8759.83 19015.7 1018.27 217.195 101.689
 65380.6 6617.02 7343.65 393.245 123.15
 48943.8 47860 2443.29 2711.6 190.675
 33513.4 24146.2 11696.7 597.126 709.298
 39805.2 15314.6 5523.54 2675.66 298.849
 65910.1 29493.3 5768.66 2080.59 1120.43
 8235.4 20653.4 4629.08 905.411 502.412
 23418.7 5208.91 6764.18 1516.06 461.074
 18228.7 13463.1 1549.82 2012.57 588.263
 6876.7 9079.26 3480.87 400.705 672.442
 19808.3 5991.12 4135.5 1585.49 488.806
 20091.2 10948.2 1714.24 1183.29 593.519
 5196.89 9827.32 2784.27 435.953 451.866
 6435.79 4373.17 4331.27 1227.13 391.295
 21538.4 5223.68 1844.68 1827 682.681
 4026.34 5699.88 711.406 251.225 341.791
 15897.1 5761.02 4300.54 536.754 447.429
F
 0.0521448 0.0972177 0.0972177 0.0972177 0.0972177
 0.0930431 0.173468 0.173468 0.173468 0.173468
 0.0901758 0.168122 0.168122 0.168122 0.168122
 0.145757 0.271747 0.271747 0.271747 0.271747
 0.0459264 0.0856242 0.0856242 0.0856242 0.0856242
 0.102596 0.191277 0.191277 0.191277 0.191277
 0.195752 0.364956 0.364956 0.364956 0.364956
 0.0298512 0.0556539 0.0556539 0.0556539 0.0556539
 0.115881 0.216046 0.216046 0.216046 0.216046
 0.144396 0.26921 0.26921 0.26921 0.26921
 0.0418742 0.0780694 0.0780694 0.0780694 0.0780694
 0.190409 0.354995 0.354995 0.354995 0.354995
 0.173894 0.324204 0.324204 0.324204 0.324204
 0.281443 0.524716 0.524716 0.524716 0.524716
 0.190956 0.356014 0.356014 0.356014 0.356014
 0.189442 0.353191 0.353191 0.353191 0.353191
 0.0936556 0.17461 0.17461 0.17461 0.17461
 0.119353 0.222519 0.222519 0.222519 0.222519
 0.153491 0.286166 0.286166 0.286166 0.286166
 0.133787 0.24943 0.24943 0.24943 0.24943
 0.104445 0.194724 0.194724 0.194724 0.194724
 0.132705 0.247412 0.247412 0.247412 0.247412
 0.0691262 0.128877 0.128877 0.128877 0.128877
 0.0700547 0.130608 0.130608 0.130608 0.130608
 0.0642808 0.119844 0.119844 0.119844 0.119844
 0.0503918 0.0939494 0.0939494 0.0939494 0.0939494
 0.0695472 0.129662 0.129662 0.129662 0.129662
 0.0611908 0.114083 0.114083 0.114083 0.114083
 0.0468974 0.0874345 0.0874345 0.0874345 0.0874345
 0.0620326 0.115652 0.115652 0.115652 0.115652
 0.0810079 0.151029 0.151029 0.151029 0.151029
 0.0336391 0.0627161 0.0627161 0.0627161 0.0627161
 0.0758667 0.141444 0.141444 0.141444 0.141444
YTP_r0W_actual
 119864 100530 103514 16811.1 15771.9
YTP_p0W_proyectada
 0 0 0 0 0
 0 0 0 0 0
 0 0 0 0 0
 0 0 0 0 0
 0 0 0 0 0
 0 0 0 0 0
CTP_r0_actual
 15897.1 5761.02 4300.54 536.754 447.429
CTP_p0_proyectada
 0 0 0 0 0
 0 0 0 0 0
 0 0 0 0 0
 0 0 0 0 0
 0 0 0 0 0
 0 0 0 0 0
Wmedp
 7.54 17.45 24.07 31.32 35.25
Frms_r0
 0.0758667 0.141444 0.141444 0.141444 0.141444
Zrms_r0
 1.07587 1.14144 1.14144 1.14144 1.14144
nmprior
 7.29 8.9 8.7 0
nm_flota  nm_reclas  nm_pelaces    nm_pelaL
inf 11.6449 19.0856 62.0851
cv_recla  cv_pelaces  cv_mph
0.364391 0.459604 0.810977
 ------------------------------------------------
Talla a la edad & desviaci?n 
 8 13.2811 15.8009 17.003 17.5766
 0.8 1.32811 1.58009 1.7003 1.75766
