years
 1991 1992 1993 1994 1995 1996 1997 1998 1999 2000 2001 2002 2003 2004 2005 2006 2007 2008 2009 2010 2011 2012 2013 2014 2015 2016 2017 2018 2019 2020 2021 2022 2023
reclasobs
 0 0 0 0 0 0 0 0 0 252601 567819 844713 477998 351125 339783 2.1784e+06 2.13404e+06 4.81314e+06 1.55562e+06 2.62356e+06 3.21686e+06 3.843e+06 1.13348e+06 3.07943e+06 1.97215e+06 2.03268e+06 2.025e+06 2.42433e+06 2.27542e+06 1.05018e+06 2.36338e+06 3.18982e+06 1.53035e+06
reclaspred
 2.85349e+06 1.55135e+06 819133 841026 871650 1.3723e+06 764775 715822 523077 379244 499338 654438 651143 493745 519120 1.33288e+06 1.26629e+06 3.04021e+06 2.42196e+06 1.77859e+06 3.08257e+06 2.46671e+06 1.96187e+06 3.01496e+06 2.25231e+06 2.04645e+06 2.41537e+06 2.61714e+06 2.16567e+06 1.50872e+06 1.99371e+06 2.17599e+06 1.73939e+06
pelacesobs
 0 0 0 0 0 0 0 0 0 0 0 0 0 0 0 552880 188675 0 991730 2.46772e+06 1.41603e+06 1.21717e+06 2.29649e+06 1.80582e+06 0 1.4828e+06 1.56532e+06 1.57751e+06 1.42118e+06 867257 1.10002e+06 1.06204e+06 0
pelacespred
 1.5388e+06 916671 468207 401838 450348 737346 354596 447040 301834 205363 288079 314644 347125 275131 298652 637655 607395 1.71098e+06 1.38145e+06 922503 1.61067e+06 1.34528e+06 1.09045e+06 1.86335e+06 1.31995e+06 1.20601e+06 1.63291e+06 1.58428e+06 1.18317e+06 945532 1.06346e+06 1.19267e+06 988433
mphobs
 0 0 0 0 0 0 0 0 0 0 0 0 498337 0 5186 125008 0 168611 109162 213762 579715 649985 157893 87575 83554 210694 70296 0 107559 103333 445601 22526 28222
mphpred
 450938 304514 146123 85813.2 94490 112421 139422 76739.2 73534.3 49729.6 33327.8 62490.1 70134.1 56114.6 37004 49267.8 161026 150119 309798 401974 416405 481193 100526 85820.3 127940 100321 88860.3 97495 136113 99743.5 58756.6 99145.9 69237.6
desembarqueobs
 494567 514787 250237 358949 120608 361735 552515 73892 212993 205616 52469 317467 293654 387597 252695 516296 358380 742168 942051 627588 828172 859565 418607 520667 417249 300574 415391 372974 316634 284311 391294 218835 356480
desembarquepred
 494568 513756 250715 359015 120617 361768 552589 73898.7 213065 205683 52472.7 317555 293717 387617 252682 516223 358409 742009 941799 627390 828309 859614 418628 520719 417257 300580 415403 372958 316629 284316 391259 218843 356501
Reclutas
 178714 87192.1 107675 143974 125314 200044 81147.7 40882 38315 51128.4 97486.1 130892 111746 78161.5 79205.8 400831 86960.6 643070 351060 282336 393549 525005 114016 317473 273827 128249 272455 315765 103850 96895.1 252875 107144 189505
log_desv_Rt
 0.165124 -0.552551 -0.341545 -0.0510321 -0.189843 0.277873 -0.624394 -1.30997 -1.37482 -1.08632 -0.440955 -0.146294 -0.30444 -0.661888 -0.648615 0.972875 -0.555209 1.44559 0.840292 0.622432 0.954541 1.24274 -0.284328 0.739727 0.591831 -0.16669 0.586809 0.734335 -0.377722 -0.447036 0.512231 -0.346489 0.223751
SSB
 2.13864e+06 1.4442e+06 693012 406982 448133 533171 661231 363947 348748 235850 158062 296369 316517 260440 169137 225618 763691 711960 1.51484e+06 1.08187e+06 1.15027e+06 1.39681e+06 1.32272e+06 1.08866e+06 1.52066e+06 1.26352e+06 1.05697e+06 1.11625e+06 1.61406e+06 1.11403e+06 748154 1.28488e+06 835162
BT
 3.02424e+06 2.05333e+06 1.03539e+06 973274 855485 1.5478e+06 1.09959e+06 817147 723616 541582 532239 795490 848239 860506 757923 1.50108e+06 1.30526e+06 3.53318e+06 3.23308e+06 2.13683e+06 3.36719e+06 3.09042e+06 2.20083e+06 3.62222e+06 2.62315e+06 2.29848e+06 3.17552e+06 3.03341e+06 2.25786e+06 1.87195e+06 2.13914e+06 2.18147e+06 1.9859e+06
Ftot
 0.211926 0.38563 0.37811 0.631875 0.199361 0.420045 0.88579 0.146904 0.577876 0.767577 0.191857 0.749525 0.68514 1.21331 0.887367 0.793299 0.378892 0.454206 0.558071 0.514871 0.4141 0.531057 0.27654 0.287812 0.258852 0.19882 0.2798 0.244533 0.178314 0.243937 0.336631 0.133059 0.312533
BD_Bspro_t
 0.967015 0.789066 0.593813 0.512644 0.51292 0.603271 0.574885 0.389824 0.464704 0.413983 0.386068 0.618163 0.49974 0.402108 0.295178 0.355489 0.541952 0.510791 0.626734 0.517273 0.487743 0.533473 0.555289 0.547099 0.65579 0.667919 0.676198 0.708925 0.765369 0.698527 0.642014 0.727363 0.725217
BD_Bspro
 1.95928 1.32308 0.634892 0.37285 0.41055 0.488456 0.605776 0.333424 0.319499 0.21607 0.144806 0.271513 0.289972 0.238598 0.154952 0.206696 0.699643 0.652251 1.38779 0.991141 1.0538 1.27967 1.21179 0.997359 1.39312 1.15755 0.968323 1.02263 1.47869 1.0206 0.685409 1.17712 0.76512
BD_Bo
 2.37043 1.60072 0.76812 0.45109 0.496701 0.590956 0.732895 0.403392 0.386545 0.261411 0.175193 0.328489 0.350821 0.288666 0.187468 0.25007 0.846459 0.789122 1.67901 1.19913 1.27493 1.5482 1.46608 1.20665 1.68546 1.40045 1.17152 1.23723 1.78899 1.23476 0.829238 1.42413 0.925676
BD_Brms
 2.53701 1.71322 0.822101 0.482792 0.531608 0.632487 0.784401 0.431741 0.41371 0.279783 0.187505 0.351574 0.375475 0.308953 0.200643 0.267644 0.905946 0.844579 1.79701 1.2834 1.36453 1.657 1.56911 1.29145 1.80391 1.49888 1.25385 1.32417 1.91471 1.32154 0.887514 1.52421 0.99073
Sel_flota
 0.425677 0.933698 0.996277 0.999803 0.99999
 0.425677 0.933698 0.996277 0.999803 0.99999
 0.425677 0.933698 0.996277 0.999803 0.99999
 0.425677 0.933698 0.996277 0.999803 0.99999
 0.425677 0.933698 0.996277 0.999803 0.99999
 0.425677 0.933698 0.996277 0.999803 0.99999
 0.425677 0.933698 0.996277 0.999803 0.99999
 0.425677 0.933698 0.996277 0.999803 0.99999
 0.425677 0.933698 0.996277 0.999803 0.99999
 0.425677 0.933698 0.996277 0.999803 0.99999
 0.425677 0.933698 0.996277 0.999803 0.99999
 0.425677 0.933698 0.996277 0.999803 0.99999
 0.425677 0.933698 0.996277 0.999803 0.99999
 0.425677 0.933698 0.996277 0.999803 0.99999
 0.425677 0.933698 0.996277 0.999803 0.99999
 0.425677 0.933698 0.996277 0.999803 0.99999
 0.425677 0.933698 0.996277 0.999803 0.99999
 0.425677 0.933698 0.996277 0.999803 0.99999
 0.425677 0.933698 0.996277 0.999803 0.99999
 0.425677 0.933698 0.996277 0.999803 0.99999
 0.425677 0.933698 0.996277 0.999803 0.99999
 0.425677 0.933698 0.996277 0.999803 0.99999
 0.425677 0.933698 0.996277 0.999803 0.99999
 0.425677 0.933698 0.996277 0.999803 0.99999
 0.425677 0.933698 0.996277 0.999803 0.99999
 0.425677 0.933698 0.996277 0.999803 0.99999
 0.425677 0.933698 0.996277 0.999803 0.99999
 0.425677 0.933698 0.996277 0.999803 0.99999
 0.425677 0.933698 0.996277 0.999803 0.99999
 0.425677 0.933698 0.996277 0.999803 0.99999
 0.425677 0.933698 0.996277 0.999803 0.99999
 0.425677 0.933698 0.996277 0.999803 0.99999
 0.425677 0.933698 0.996277 0.999803 0.99999
Sel_reclas
 1 1 1 1 1
 1 1 1 1 1
 1 1 1 1 1
 1 1 1 1 1
 1 1 1 1 1
 1 1 1 1 1
 1 1 1 1 1
 1 1 1 1 1
 1 1 1 1 1
 1 1 1 1 1
 1 1 1 1 1
 1 1 1 1 1
 1 1 1 1 1
 1 1 1 1 1
 1 1 1 1 1
 1 1 1 1 1
 1 1 1 1 1
 1 1 1 1 1
 1 1 1 1 1
 1 1 1 1 1
 1 1 1 1 1
 1 1 1 1 1
 1 1 1 1 1
 1 1 1 1 1
 1 1 1 1 1
 1 1 1 1 1
 1 1 1 1 1
 1 1 1 1 1
 1 1 1 1 1
 1 1 1 1 1
 1 1 1 1 1
 1 1 1 1 1
 1 1 1 1 1
Sel_pelaces
 1 1 1 1 1
 1 1 1 1 1
 1 1 1 1 1
 1 1 1 1 1
 1 1 1 1 1
 1 1 1 1 1
 1 1 1 1 1
 1 1 1 1 1
 1 1 1 1 1
 1 1 1 1 1
 1 1 1 1 1
 1 1 1 1 1
 1 1 1 1 1
 1 1 1 1 1
 1 1 1 1 1
 1 1 1 1 1
 1 1 1 1 1
 1 1 1 1 1
 1 1 1 1 1
 1 1 1 1 1
 1 1 1 1 1
 1 1 1 1 1
 1 1 1 1 1
 1 1 1 1 1
 1 1 1 1 1
 1 1 1 1 1
 1 1 1 1 1
 1 1 1 1 1
 1 1 1 1 1
 1 1 1 1 1
 1 1 1 1 1
 1 1 1 1 1
 1 1 1 1 1
pf_obs 
 0.8446 0.082 0.0669 0.0065 0
 0.8095 0.147 0.0364 0.0071 0
 0.9664 0.0169 0.016 0.0007 0
 0.9276 0.0648 0.0075 0.0001 0
 0.7033 0.2144 0.0806 0.0017 0
 0.9318 0.0425 0.0243 0.0014 0
 0.5671 0.3108 0.0964 0.0239 0.0018
 0.0768 0.2599 0.5324 0.112 0.0189
 0.490249 0.384438 0.106611 0.0170017 0.00170017
 0.7925 0.1577 0.0466 0.003 0.0002
 0.840416 0.127587 0.0312969 0.00059994 9.999e-05
 0.8084 0.0986 0.0794 0.0134 0.0002
 0.7335 0.1905 0.0724 0.0035 0.0001
 0.4001 0.4547 0.1325 0.0127 0
 0.49795 0.308269 0.164784 0.0264974 0.00249975
 0.9179 0.0499 0.0305 0.0017 0
 0.2467 0.6533 0.0926 0.0074 0
 0.9418 0.0223 0.034 0.0019 0
 0.707729 0.231977 0.0356964 0.0245975 0
 0.517169 0.277429 0.184464 0.0207286 0.00020938
 0.811772 0.124168 0.05621 0.00726502 0.000585176
 0.764997 0.148141 0.077277 0.00933861 0.000247198
 0.163321 0.427699 0.378323 0.0303852 0.000271297
 0.753843 0.0900009 0.118128 0.0371064 0.000921714
 0.721811 0.176058 0.0630433 0.0369309 0.00215725
 0.143369 0.312575 0.442814 0.0836902 0.0175525
 0.692698 0.0596174 0.167031 0.0765114 0.00414204
 0.394062 0.376323 0.152708 0.0712218 0.00568511
 0.125707 0.32114 0.495352 0.0537591 0.00404204
 0.23352 0.215282 0.420074 0.123614 0.00750983
 0.796117 0.104755 0.0508955 0.0450114 0.00322123
 0.162477 0.292055 0.404252 0.121198 0.0200186
 0 0 0 0 0
pf_pred 
 0.372775 0.144093 0.454203 0.028928 1.14278e-06
 0.293594 0.410449 0.0717271 0.210852 0.0133784
 0.493559 0.253539 0.151824 0.0245753 0.0765027
 0.607706 0.275938 0.0605288 0.033573 0.0222538
 0.540613 0.367512 0.066296 0.0133376 0.0122418
 0.629341 0.268572 0.0827966 0.013935 0.00535571
 0.363991 0.512181 0.0916499 0.0261195 0.00605895
 0.365885 0.389827 0.200396 0.0325318 0.01136
 0.438268 0.316347 0.154785 0.0743719 0.0162284
 0.621365 0.253545 0.0730965 0.0328538 0.0191397
 0.735711 0.215823 0.03345 0.00879359 0.00622245
 0.642576 0.308088 0.0407989 0.00589907 0.00263787
 0.579258 0.34839 0.0631387 0.00762553 0.00158738
 0.531503 0.367814 0.0846288 0.0140191 0.0020354
 0.661075 0.265586 0.0589443 0.0121111 0.00228307
 0.90019 0.0845278 0.0122256 0.00245947 0.000597321
 0.28101 0.690676 0.0243145 0.00320237 0.000796523
 0.849261 0.0720133 0.0758468 0.00247364 0.000405106
 0.461087 0.503127 0.0178095 0.0173226 0.000654585
 0.487853 0.348475 0.153645 0.0050015 0.00502531
 0.622058 0.26611 0.0780609 0.0317115 0.00205992
 0.636469 0.290535 0.0525816 0.014268 0.00614627
 0.224943 0.629974 0.11785 0.0196422 0.00759079
 0.621237 0.150888 0.187691 0.0326667 0.0075184
 0.503083 0.39483 0.0424738 0.049135 0.0104777
 0.319896 0.473737 0.166399 0.0166674 0.0233008
 0.609063 0.200731 0.135262 0.044336 0.0106077
 0.57158 0.335942 0.0491768 0.0308282 0.0124724
 0.260547 0.555138 0.146748 0.0200137 0.017553
 0.365303 0.278501 0.271937 0.0671377 0.0171211
 0.687271 0.178872 0.061115 0.0555863 0.0171556
 0.343117 0.550701 0.0627117 0.0198918 0.0235786
 0.568224 0.229839 0.17112 0.018229 0.0125886
pobs_RECLAS
 0 0 0 0 0
 0 0 0 0 0
 0 0 0 0 0
 0 0 0 0 0
 0 0 0 0 0
 0 0 0 0 0
 0 0 0 0 0
 0 0 0 0 0
 0 0 0 0 0
 0 0 0 0 0
 0.991045 0.00858322 0.000360255 1.14367e-05 0
 0.934742 0.0480273 0.0164251 0.00080598 0
 0.827803 0.169806 0.00239088 0 0
 0.941827 0.0461693 0.0120037 0 0
 0.791401 0.0380133 0.147996 0.0225897 0
 0.846168 0.0940531 0.0597789 0 0
 0.134021 0.677848 0.182769 0.00536245 0
 0.80878 0.0450904 0.141981 0.00414843 0
 0.846168 0.0940531 0.0597789 0 0
 0.905697 0.0802665 0.012482 0.00150086 5.37128e-05
 0.989698 0.0102097 9.19794e-05 0 0
 0.975433 0.0193895 0.00387452 0.00125025 5.28907e-05
 0.303575 0.632131 0.0575291 0.00676475 0
 0.966965 0.00978017 0.0227588 0.000495775 0
 0.843318 0.132988 0.00938335 0.0141283 0.000182051
 0.564624 0.303363 0.111486 0.0197234 0.00080311
 0.826376 0.0876187 0.0782897 0.00655872 0.00115652
 0.89761 0.0855135 0.0140674 0.00269457 0.000114338
 0.34875 0.467042 0.161289 0.0227151 0.000203297
 0.318654 0.224769 0.449479 0.00709798 0
 0.937255 0.0296025 0.0250945 0.00804832 0
 0.456809 0.399803 0.12412 0.0192676 0
 0.883104 0.0372192 0.0704036 0.00927362 0
ppred_RECLAS
 0.580769 0.101324 0.298936 0.0189706 7.49276e-07
 0.489108 0.305544 0.049907 0.146169 0.00927247
 0.692787 0.159098 0.089054 0.0143619 0.0446997
 0.782604 0.156125 0.031933 0.0176444 0.0116932
 0.725265 0.22268 0.0376008 0.00753745 0.00691683
 0.795032 0.151276 0.0435766 0.00730701 0.0028078
 0.574196 0.347733 0.0578439 0.0164193 0.00380799
 0.566435 0.273299 0.131556 0.0212801 0.00742955
 0.645793 0.205616 0.0938612 0.0449283 0.00980165
 0.794459 0.140921 0.0378234 0.0169336 0.00986304
 0.861791 0.114225 0.0165723 0.004341 0.00307116
 0.80656 0.168353 0.0207601 0.00299 0.00133676
 0.760989 0.200272 0.0338228 0.0040692 0.000846897
 0.734341 0.211999 0.0451343 0.00744486 0.00108066
 0.821541 0.142029 0.0293027 0.00599671 0.0011302
 0.95458 0.0388825 0.00523397 0.00104881 0.000254667
 0.467114 0.51323 0.0168885 0.00221615 0.000551115
 0.929159 0.0350517 0.0344849 0.0011205 0.000183468
 0.66053 0.318378 0.0105165 0.0101904 0.000384997
 0.68718 0.217482 0.0895185 0.00290311 0.00291636
 0.790101 0.150761 0.0413254 0.016726 0.00108628
 0.800415 0.161703 0.0273166 0.00738449 0.00318042
 0.395139 0.497704 0.0871029 0.0144648 0.00558892
 0.791584 0.0864146 0.100552 0.0174371 0.00401246
 0.695112 0.2456 0.0247201 0.0284935 0.0060749
 0.515089 0.344527 0.113276 0.0113056 0.015802
 0.781599 0.115832 0.0730184 0.0238469 0.00570447
 0.750241 0.198671 0.0272138 0.0169983 0.00687581
 0.441974 0.42578 0.105371 0.0143191 0.0125561
 0.570041 0.195812 0.178913 0.0440117 0.0112215
 0.834652 0.0973587 0.0311046 0.0281873 0.00869778
 0.538079 0.391361 0.0417353 0.013191 0.0156328
 0.751521 0.136433 0.0950004 0.0100833 0.00696199
pobs_PELACES
 0 0 0 0 0
 0 0 0 0 0
 0 0 0 0 0
 0 0 0 0 0
 0 0 0 0 0
 0 0 0 0 0
 0 0 0 0 0
 0 0 0 0 0
 0 0 0 0 0
 0 0 0 0 0
 0 0 0 0 0
 0 0 0 0 0
 0 0 0 0 0
 0 0 0 0 0
 0 0 0 0 0
 0 0 0 0 0
 0.505614 0.472636 0.0217494 0 0
 0 0 0 0 0
 0.443492 0.261883 0.143347 0.151278 0
 0.227955 0.32914 0.350689 0.0885471 0.00366901
 0.970185 0.0296113 0.000203453 0 0
 0.997202 0.00247181 0.000326279 0 0
 0.445219 0.490057 0.0546422 0.010081 0
 0.90214 0.0892962 0.00764917 0.000914606 0
 0 0 0 0 0
 0.581667 0.319106 0.0959925 0.00289975 0.000334073
 0.762889 0.0836404 0.116647 0.0363945 0.000428098
 0.88444 0.0763242 0.0277011 0.0115352 0
 0.521256 0.241999 0.230069 0.00667565 0
 0.616807 0.101726 0.260614 0.0208532 0
 0.833518 0.0704572 0.0857862 0.0102388 0
 0.697417 0.212968 0.0787535 0.0105354 0.000325836
 0 0 0 0 0
ppred_PELACES
 0.590199 0.0993747 0.291906 0.0185199 7.31465e-07
 0.506101 0.296366 0.048024 0.140591 0.0089184
 0.706908 0.152369 0.0846245 0.0136415 0.0424567
 0.800688 0.143677 0.029006 0.0160153 0.0106132
 0.73203 0.217369 0.0365532 0.00732576 0.00672248
 0.806627 0.143046 0.04085 0.00684644 0.00263075
 0.610846 0.318878 0.0520825 0.0147687 0.00342498
 0.57275 0.269623 0.129394 0.0209267 0.00730611
 0.668757 0.193267 0.0871775 0.041701 0.00909725
 0.815443 0.127178 0.0335979 0.0150284 0.00875295
 0.865658 0.111106 0.016056 0.00420483 0.00297479
 0.825704 0.151998 0.0184554 0.00265574 0.00118726
 0.781643 0.183386 0.0305359 0.00367083 0.000763954
 0.772982 0.182082 0.0378057 0.00622722 0.000903845
 0.842818 0.125566 0.0254358 0.0052 0.000979992
 0.960101 0.0342373 0.0045338 0.000907666 0.000220385
 0.483025 0.49805 0.0162613 0.0021329 0.000530399
 0.934302 0.0326615 0.0318334 0.0010338 0.000169267
 0.681343 0.299077 0.0097658 0.00945684 0.00035727
 0.706102 0.20499 0.0834843 0.0027058 0.00271806
 0.801771 0.142727 0.0387901 0.0156923 0.00101912
 0.814577 0.150546 0.0251545 0.0067958 0.00292678
 0.406518 0.48884 0.0850644 0.0141218 0.00545627
 0.799994 0.0832189 0.0962598 0.0166872 0.00383982
 0.704453 0.23833 0.0238605 0.0274944 0.0058618
 0.523709 0.338809 0.11094 0.0110698 0.0154723
 0.789957 0.111706 0.0700118 0.0228576 0.00546771
 0.758038 0.192673 0.0262592 0.0163974 0.00663265
 0.449577 0.420349 0.103644 0.0140815 0.0123477
 0.580711 0.191484 0.17408 0.0428104 0.010915
 0.842684 0.0929019 0.0294751 0.0267002 0.00823873
 0.543725 0.386744 0.0411297 0.0129976 0.0154035
 0.761708 0.131223 0.0907851 0.00963241 0.00665054
pobs_pel_tallas
 0 0 0 0 0 0 0 0 0 0 0 0 0 0 0 0 0 0 0 0 0 0 0 0 0 0
 0 0 0 0 0 0 0 0 0 0 0 0 0 0 0 0 0 0 0 0 0 0 0 0 0 0
 0 0 0 0 0 0 0 0 0 0 0 0 0 0 0 0 0 0 0 0 0 0 0 0 0 0
 0 0 0 0 0 0 0 0 0 0 0 0 0 0 0 0 0 0 0 0 0 0 0 0 0 0
 0 0 0 0 0 0 0 0 0 0 0 0 0 0 0 0 0 0 0 0 0 0 0 0 0 0
 0 0 0 0 0 0 0 0 0 0 0 0 0 0 0 0 0 0 0 0 0 0 0 0 0 0
 0 0 0 0 0 0 0 0 0 0 0 0 0 0 0 0 0 0 0 0 0 0 0 0 0 0
 0 0 0 0 0 0 0 0 0 0 0 0 0 0 0 0 0 0 0 0 0 0 0 0 0 0
 0 0 0 0 0 0 0 0 0 0 0 0 0 0 0 0 0 0 0 0 0 0 0 0 0 0
 0 0 0 0 0 0 0 0 0 0 0 0 0 0 0 0 0 0 0 0 0 0 0 0 0 0
 0 0 0 0 0 0 0 0 0 0 0 0 0 0 0 0 0 0 0 0 0 0 0 0 0 0
 0 0 0 0 0 0 0 0 0 0 0 0 0 0 0 0 0 0 0 0 0 0 0 0 0 0
 0.00862536 0 0 0.000197151 0.00414017 0.0128641 0.00837892 0.0270097 0.101434 0.158115 0.152841 0.127902 0.109271 0.109419 0.0830992 0.0579132 0.0238553 0.00714673 0.00463305 0.00128148 0.00103504 0.000492878 0.000147863 0.000147863 4.92878e-05 0
 0 0 0 0 0 0 0 0 0 0 0 0 0 0 0 0 0 0 0 0 0 0 0 0 0 0
 0 0 0 0 0 0 0 0.0054083 0.00873648 0.0413646 0.0450493 0.0745869 0.0622846 0.0627006 0.0613931 0.0827291 0.12552 0.122667 0.0946155 0.0697135 0.0546179 0.0294188 0.0215738 0.0213955 0.0102223 0.00600262
 0 0 0 0 0.00359764 0.0251062 0.0480494 0.140153 0.205849 0.193036 0.1447 0.116669 0.0760912 0.0342217 0.00950174 0.001854 0.000860785 0 0 0 0.000165536 0 0.000143464 0 0 0
 0 0 0 0 0 0 0 0.000145254 0.000435761 0.0275982 0.070085 0.0708112 0.156366 0.174668 0.174014 0.160142 0.0824315 0.0480064 0.0283245 0.00493863 0.00203355 0 0 0 0 0
 0 0 0 0 0 0 0 0 0 0 0 0 0 0 0 0 0 0 0 0 0 0 0 0 0 0
 0 0 1.00437e-05 0.000401748 0.00122533 0.00171747 0.00176769 0.0269171 0.070346 0.194647 0.189555 0.159765 0.064822 0.0314167 0.0384472 0.0292271 0.0345202 0.0313363 0.0194345 0.0106764 0.0143323 0.0359363 0.0279516 0.0138201 0.00172751 0
 0 0.0021121 0.0136068 0.0755702 0.200478 0.177729 0.0527432 0.0373336 0.0318909 0.0142505 0.0149659 0.0166563 0.0217959 0.0798694 0.0677717 0.0528807 0.04013 0.0224614 0.0357745 0.0225083 0.00881397 0.00855152 0.00135912 0.000746735 0 0
 0 0 0 0 5.4009e-05 0.00500934 0.000945158 0.0243581 0.138947 0.33067 0.221406 0.137944 0.0707744 0.0437923 0.0131692 0.00525238 0.0047753 0.00276346 9.45158e-05 9.00151e-06 2.25038e-05 9.00151e-06 4.50075e-06 0 0 0
 0.000866109 0.00284123 0.00948549 0.0512746 0.133035 0.25785 0.225252 0.132002 0.0553304 0.0519788 0.0540692 0.017754 0.00435017 0.00159236 0.00146478 0.000404838 0.000125132 0.000115318 0.000107957 0.000100596 0 0 0 0 0 0
 0 0 0 0 0.00144013 0.00171154 0.00461396 0.0210425 0.0478622 0.0707936 0.0888783 0.103762 0.0637923 0.0337046 0.0602308 0.124433 0.169614 0.0934646 0.0462172 0.0250306 0.0313229 0.00938855 0.002487 0.000210481 0 0
 0 0.00764035 0.051015 0.0998891 0.058973 0.0496711 0.0374665 0.0718981 0.12319 0.153886 0.159021 0.0857701 0.0377988 0.023471 0.0147837 0.00900784 0.00315554 0.000888139 0.00291439 0.00214683 0.00393193 0.00274676 0.000635225 9.99891e-05 0 0
 0 0 0 0 0 0 0 0 0 0 0 0 0 0 0 0 0 0 0 0 0 0 0 0 0 0
 0 0 0 0 0 0 0 0 0 0 0 0 0 0 0 0 0 0 0 0 0 0 0 0 0 0
 0 0 0 0 0 0 0 0 0 0 0 0 0 0 0 0 0 0 0 0 0 0 0 0 0 0
 0 0 0 0 0 0 0 0 0 0 0 0 0 0 0 0 0 0 0 0 0 0 0 0 0 0
 0 0 0 0 0 0 0 0 0 0 0 0 0 0 0 0 0 0 0 0 0 0 0 0 0 0
 0 0 0 0 0 0 0 0 0 0 0 0 0 0 0 0 0 0 0 0 0 0 0 0 0 0
 0 0 0 0 0 0 0 0 0 0 0 0 0 0 0 0 0 0 0 0 0 0 0 0 0 0
 0 0 0 0 0 0 0 0 0 0 0 0 0 0 0 0 0 0 0 0 0 0 0 0 0 0
 0 0 0 0 0 0 0 0 0 0 0 0 0 0 0 0 0 0 0 0 0 0 0 0 0 0
ppred_pel_tallas
 1.10307e-16 4.86139e-05 0.000472545 0.00314023 0.014275 0.0444149 0.094631 0.138119 0.138129 0.0946802 0.0445811 0.0147606 0.00437988 0.0032475 0.00551984 0.00957168 0.0149989 0.0213853 0.0282446 0.0352018 0.0419448 0.0479166 0.0521018 0.0532716 0.0506233 0.0443404
 1.17071e-16 4.16869e-05 0.000405212 0.00269278 0.012241 0.0380864 0.0811482 0.118444 0.118473 0.0812881 0.0385563 0.0135991 0.00610524 0.00786703 0.0142519 0.0236052 0.0342804 0.0437555 0.0495529 0.050695 0.0483469 0.0450071 0.0428578 0.0425445 0.0431373 0.0430178
 1.11035e-16 5.82271e-05 0.000565988 0.00376119 0.0170978 0.0531978 0.113344 0.165432 0.165447 0.113416 0.053441 0.0178018 0.00553358 0.00445325 0.00749466 0.0124407 0.018255 0.0236824 0.0274892 0.0291392 0.0290886 0.0283862 0.0279064 0.0278376 0.0277412 0.026989
 1.04277e-16 6.59516e-05 0.000641073 0.00426016 0.0193661 0.0602551 0.12838 0.187378 0.187392 0.128448 0.0604827 0.0200237 0.00591204 0.00425064 0.00693175 0.0113839 0.0164627 0.0208571 0.0232852 0.0231771 0.0210146 0.017988 0.0152504 0.0133496 0.0121719 0.011272
 1.02983e-16 6.02964e-05 0.000586102 0.00389486 0.0177055 0.0550884 0.117372 0.171313 0.171334 0.117475 0.0554323 0.018699 0.00638929 0.00603312 0.0104101 0.0171275 0.0246976 0.0311233 0.0344093 0.0336365 0.0294996 0.0238183 0.018429 0.014325 0.0115417 0.00959959
 1.02348e-16 6.64408e-05 0.000645828 0.00429176 0.0195097 0.060702 0.129333 0.188768 0.188781 0.1294 0.0609289 0.0201655 0.00593937 0.00424782 0.00692265 0.0113795 0.0164796 0.0209183 0.0234066 0.0233407 0.0211374 0.0179064 0.0147404 0.0121891 0.010228 0.00857209
 1.03646e-16 5.03146e-05 0.000489076 0.00325009 0.0147744 0.0459689 0.0979428 0.142957 0.142988 0.098093 0.0464734 0.0162318 0.00690887 0.00847827 0.0152293 0.0251135 0.0362096 0.0456141 0.0503968 0.0492029 0.0430462 0.034592 0.0265346 0.0203378 0.016069 0.0130489
 1.07139e-16 4.71767e-05 0.000458575 0.00304739 0.013853 0.043102 0.0918343 0.13404 0.134066 0.0919621 0.0435314 0.0150952 0.00617246 0.00730403 0.0131166 0.021789 0.0318018 0.0408659 0.0466521 0.0480489 0.0457376 0.0415512 0.0371828 0.0333109 0.0296757 0.0257529
 1.08287e-16 5.50847e-05 0.000535443 0.00355821 0.0161751 0.0503269 0.107227 0.156505 0.156524 0.107319 0.0506347 0.0170657 0.00579898 0.00544484 0.00943168 0.015645 0.0228634 0.0294584 0.033807 0.0351775 0.0341246 0.0319992 0.0299832 0.0284366 0.0269614 0.024941
 1.03991e-16 6.71669e-05 0.000652887 0.00433866 0.0197229 0.0613654 0.130746 0.19083 0.190842 0.130806 0.0615672 0.020306 0.00580372 0.00385617 0.00616588 0.0101275 0.0146792 0.0186684 0.0209718 0.0210861 0.0194187 0.0169824 0.0147434 0.0131375 0.012041 0.0110731
 1.01417e-16 7.13032e-05 0.000693092 0.00460584 0.0209375 0.0651444 0.138797 0.202581 0.202592 0.13885 0.0653201 0.021445 0.00587993 0.00347465 0.00535467 0.00874137 0.01259 0.0158428 0.0174737 0.0170125 0.01482 0.0118388 0.00902373 0.00689674 0.00548239 0.00453151
 1.01039e-16 6.80122e-05 0.000661103 0.00439326 0.0199711 0.0621377 0.132391 0.193232 0.193247 0.132463 0.0623779 0.020665 0.00613457 0.00446144 0.00728271 0.0119246 0.017153 0.0215309 0.0236408 0.022826 0.0195763 0.0151932 0.0110141 0.00779973 0.00563472 0.00422038
 1.01426e-16 6.4383e-05 0.000625825 0.00415883 0.0189054 0.058822 0.125327 0.182922 0.18294 0.125413 0.0591121 0.0197435 0.00626268 0.00521942 0.00879091 0.0144374 0.0208048 0.0261882 0.0288904 0.0281192 0.0244451 0.0193958 0.0145291 0.0107137 0.00803104 0.00613773
 1.01916e-16 6.36695e-05 0.00061889 0.00411274 0.018696 0.0581701 0.123938 0.180895 0.180913 0.124024 0.0584585 0.0195289 0.00620455 0.00518821 0.00875009 0.0143868 0.0207689 0.026221 0.029074 0.0285476 0.0251955 0.020497 0.0159429 0.0123374 0.00972101 0.00774589
 1.01454e-16 6.94218e-05 0.000674805 0.00448432 0.0203851 0.0634255 0.135135 0.197236 0.197248 0.135194 0.0636243 0.0209595 0.00592673 0.00382555 0.00605893 0.00992149 0.0143197 0.0180783 0.0200459 0.019687 0.0173874 0.0141711 0.0110681 0.00863057 0.00687905 0.00556262
 1.00269e-16 7.90822e-05 0.000768708 0.00510833 0.0232217 0.0722515 0.153939 0.22468 0.224683 0.153956 0.0723056 0.0233781 0.00550072 0.0016252 0.00170541 0.0026934 0.00387025 0.00486235 0.00534758 0.00517842 0.00446469 0.0034976 0.00257513 0.00186483 0.00138278 0.00106049
 1.00901e-16 3.97863e-05 0.000386737 0.00257 0.0116829 0.0363501 0.0774494 0.11305 0.113098 0.0776835 0.0371358 0.0139511 0.0082592 0.0127917 0.0235562 0.0387673 0.0555766 0.0693295 0.0753094 0.0713404 0.0591122 0.0431053 0.0280109 0.016626 0.00941619 0.00540228
 1.0106e-16 7.69572e-05 0.000748052 0.00497107 0.0225977 0.07031 0.149803 0.218643 0.218646 0.149819 0.0703625 0.02275 0.00535521 0.00159324 0.00170142 0.00274105 0.00405707 0.0053417 0.00632819 0.00687807 0.00703164 0.00692824 0.00667016 0.00625564 0.0056266 0.00476557
 1.01368e-16 5.61214e-05 0.00054552 0.00362517 0.0164795 0.0512741 0.109246 0.159454 0.159482 0.109386 0.0517459 0.0178418 0.00704227 0.007997 0.0141842 0.0232987 0.0334134 0.0417182 0.0453941 0.0431519 0.0360197 0.0266886 0.0179549 0.0114528 0.00740003 0.00514801
 1.03193e-16 5.81607e-05 0.000565343 0.0037569 0.0170783 0.0531372 0.113215 0.165245 0.165265 0.113312 0.0534631 0.0180206 0.00612615 0.00575039 0.00994327 0.016444 0.0239083 0.030531 0.0344884 0.0349001 0.0322902 0.0281213 0.0238125 0.0200485 0.0167888 0.0137307
 1.02903e-16 6.60408e-05 0.000641941 0.00426592 0.0193923 0.0603366 0.128554 0.187631 0.187645 0.128621 0.060563 0.0200466 0.0059099 0.00423614 0.00690804 0.011358 0.0164546 0.0209029 0.0234275 0.0234411 0.0213746 0.0183428 0.0154264 0.0131415 0.0114124 0.00990009
 1.01942e-16 6.70956e-05 0.000652194 0.00433406 0.019702 0.0613003 0.130607 0.190628 0.190643 0.130678 0.0615385 0.0203901 0.00606167 0.00442474 0.00723528 0.0118643 0.017106 0.021557 0.0238341 0.0233002 0.0204355 0.016498 0.0127563 0.00989502 0.00793746 0.00655363
 1.0492e-16 3.34844e-05 0.000325481 0.00216294 0.00983242 0.0305926 0.0651824 0.0951455 0.0951927 0.0654128 0.0313661 0.0120669 0.00777293 0.0125759 0.02331 0.0385112 0.0555378 0.0699718 0.0773161 0.0754769 0.0659823 0.052892 0.0403237 0.030537 0.0236843 0.0187949
 1.05123e-16 6.58945e-05 0.000640518 0.00425647 0.0193493 0.0602029 0.128269 0.187214 0.187222 0.128309 0.0603373 0.0197393 0.00524212 0.00281404 0.00425788 0.00710235 0.0106161 0.0141685 0.017142 0.0192226 0.0205089 0.0212871 0.0216817 0.0215117 0.0204612 0.0183787
 1.04499e-16 5.80249e-05 0.000564023 0.00374813 0.0170385 0.0530132 0.112951 0.16486 0.164883 0.113063 0.0533899 0.0181265 0.00647906 0.00652502 0.0113777 0.0187155 0.0269539 0.0339041 0.037389 0.0364374 0.0318773 0.025784 0.0202283 0.0162915 0.0139182 0.0124235
 1.07017e-16 4.31373e-05 0.00041931 0.00278646 0.0126669 0.0394115 0.0839716 0.122566 0.122599 0.0841317 0.0399494 0.0142216 0.00669395 0.00896532 0.0163203 0.0270344 0.0392244 0.0499201 0.0561019 0.0563515 0.051637 0.0445324 0.0375445 0.0318928 0.0274606 0.0235545
 1.05267e-16 6.50678e-05 0.000632482 0.00420306 0.0191065 0.0594476 0.12666 0.184866 0.184877 0.126713 0.0596261 0.0196234 0.00550508 0.00348976 0.00553571 0.00916479 0.0134693 0.0175156 0.0203903 0.0216697 0.0216268 0.0209439 0.0201778 0.0194281 0.0184212 0.0168427
 1.03574e-16 6.24386e-05 0.000606926 0.00403323 0.0183345 0.0570456 0.121542 0.177398 0.177417 0.121633 0.0573503 0.0192148 0.00624304 0.00543175 0.0092283 0.0151652 0.0218605 0.0275393 0.0304434 0.0297797 0.0261967 0.02134 0.0168525 0.013594 0.0115329 0.0101543
 1.06601e-16 3.70312e-05 0.000359956 0.00239204 0.0108739 0.0338329 0.0720861 0.10522 0.105261 0.0722844 0.0344991 0.0127989 0.00722748 0.0109269 0.0201384 0.0333198 0.0481941 0.0610215 0.0679957 0.06734 0.0603189 0.0502841 0.0405698 0.0329066 0.0272811 0.0228304
 1.11213e-16 4.78324e-05 0.000464948 0.00308974 0.0140455 0.043701 0.0931103 0.135901 0.13592 0.0932017 0.0440088 0.0149378 0.00534133 0.00541935 0.0095724 0.0160516 0.0238272 0.0314532 0.037457 0.0411274 0.042815 0.0434207 0.0435327 0.0429808 0.0411165 0.0374562
 1.04947e-16 6.94108e-05 0.000674698 0.0044836 0.0203818 0.0634154 0.135114 0.197204 0.197213 0.135158 0.0635631 0.0208088 0.00555712 0.00302447 0.00455093 0.00746473 0.0108703 0.0139409 0.0158946 0.0164012 0.0157773 0.0147422 0.0139291 0.013535 0.0133261 0.0129009
 1.05197e-16 4.4786e-05 0.000435336 0.00289296 0.013151 0.0409179 0.0871813 0.127251 0.127289 0.0873633 0.0415291 0.0149161 0.00732274 0.0101029 0.0183975 0.0303245 0.0436362 0.0547893 0.0602086 0.0582647 0.0502586 0.0395542 0.0295768 0.022223 0.0175969 0.0147723
 1.04745e-16 6.27409e-05 0.000609864 0.00405276 0.0184233 0.0573217 0.12213 0.178256 0.178268 0.122193 0.0575316 0.019031 0.00558373 0.00397025 0.00649826 0.0107833 0.0158532 0.020615 0.0239774 0.0254075 0.0251782 0.0240473 0.0226566 0.0211674 0.019364 0.0170172
pSPR Fmed_Fpbrs
1   0.984337 0.6 0.325 0.984337 0.984337 0.984337
Fs Fmed_Fpbrs
0   0.01 0.373062 0.976845 0.01 0.01 0.01
SSBpbr Bo_Bmed_Bpbrs
902218  857107  842976 496220 248110 842976 842976 842976
Ro
151512
SPR SPRFo_SPRFmed_SPRFpbrs
1.09154e+06 1.09154e+06 1.07445e+06
Fref
0
Nvult_r0
 128474 27011.6 19132.8 2032.7 1403.54
CTP_r0
 15085.1 6101.73 4542.86 483.942 334.2
YTP_r0
356501
Np
 189505 69715 25646.7 9434.91 4747.78
Nvult_p0
 119790 44068.3 16211.8 5964 3001.17
CTP_p0
 0 0 0 0 0
 0 0 0 0 0
 0 0 0 0 0
 0 0 0 0 0
 0 0 0 0 0
 0 0 0 0 0
YTP_p0
 0 0 0 0 0 0
CBA_c0
0
log_Ro
11.7484
likeval ReclasPelacesDesembMPH_pf_preclas_ppelaces_ptallas_desvR_qrecl_qpela
 14.3879 17.4875 0.0419229 0.000921397 235.024 134.99 109.372 0 22.8705 5.9866e-07 4.91913e-06 0.205232 2063.63 0 0
q_reclas_q_pelaces
1.11563 1.36842
M
1
N
 178714 32903.8 97722.2 6203.8 0.245035
 87192.1 60074 9931.51 29107.4 1846.55
 107675 27220.2 15417.7 2488.1 7744.18
 143974 33722.6 7035.15 3891.57 2579.15
 125314 40473.9 6877.03 1379.05 1265.53
 200044 42349.6 12360.6 2074.18 797.058
 81147.7 61542.8 10525.1 2992.27 694.03
 40882 20475.1 9901.38 1602.03 559.326
 38315 14128 6566.93 3146.58 686.502
 51128.4 11021.6 3030.1 1358.42 791.273
 97486.1 13566.5 1980.14 518.859 367.088
 130892 33050.6 4172.29 601.713 269.03
 111746 34998.8 6038.84 727.407 151.4
 78161.5 30709.6 6791.02 1122.57 162.965
 79205.8 17155.2 3639.01 745.88 140.588
 400831 19971.7 2755.96 553.026 134.293
 86960.6 105199 3502.99 459.977 114.391
 643070 27225.9 27169.1 883.499 144.668
 351060 194982 6554.02 6357.05 240.184
 282336 101840 42599.3 1382.76 1389.14
 393549 83423.3 23165.5 9382.86 609.398
 525005 121381 20848.5 5641.25 2429.75
 114016 154061 27196.4 4518.61 1745.94
 317473 37286.1 43778.6 7595.65 1747.89
 273827 103325 10484.4 12090.3 2577.76
 128249 90225.1 29850.1 2980.24 4165.61
 272455 43351.5 27568.4 9007.95 2154.87
 315765 88976.2 12281.5 7674.57 3104.44
 103850 104680 26050.8 3541.22 3105.28
 96895.1 35411.6 32603.4 8023.7 2045.81
 252875 32130 10373.7 9406.38 2902.62
 107144 80608.1 8632.02 2728.9 3234.1
 189505 37245.7 26189.6 2781.29 1920.39
pred_Ctot
 9817.17 3794.74 11961.6 761.829 0.0300955
 8456.47 11822.3 2065.98 6073.23 385.341
 10252.7 5266.77 3153.85 510.503 1589.19
 21938.1 9961.34 2185.08 1211.98 803.358
 6489.88 4411.86 795.862 160.114 146.958
 21008.2 8965.27 2763.85 465.167 178.78
 16613.1 23376.7 4183.04 1192.13 276.54
 1574.57 1677.6 862.394 139.999 48.8872
 5388.39 3889.41 1903.04 914.383 199.524
 9250.49 3774.62 1088.21 489.106 284.94
 4865.06 1427.18 221.196 58.1496 41.1474
 23194.7 11120.9 1472.7 212.936 95.218
 18297.6 11004.9 1994.42 240.875 50.1419
 20777.4 14378.5 3308.29 548.031 79.5674
 16240.2 6524.47 1448.05 297.526 56.0866
 74630.1 7007.76 1013.56 203.902 49.5208
 8296.28 20390.9 717.838 94.5437 23.5158
 72599 6156.05 6483.76 211.459 34.6305
 47839.6 52201.5 1847.81 1797.29 67.9158
 35758.3 25542.3 11261.8 366.596 368.342
 40786.4 17448 5118.21 2079.23 135.063
 68394.1 31220.5 5650.35 1533.22 660.47
 8081.1 22631.9 4233.78 705.647 272.7
 23372.8 5676.85 7061.49 1229.02 282.865
 18222.7 14301.5 1538.48 1779.77 379.525
 6624.49 9810.29 3445.85 345.154 482.52
 19527.3 6435.68 4336.68 1421.47 340.097
 19900.8 11696.5 1712.19 1073.35 434.254
 4828.24 10287.4 2719.42 370.878 325.277
 6092.46 4644.79 4535.32 1119.71 285.542
 21591.2 5619.43 1919.98 1746.29 538.959
 3746.84 6013.66 684.811 217.219 257.478
 15085.1 6101.73 4542.86 483.942 334.2
F
 0.090212 0.197875 0.211137 0.211884 0.211924
 0.164154 0.360062 0.384194 0.385554 0.385626
 0.160953 0.353041 0.376702 0.378036 0.378106
 0.268975 0.589981 0.629523 0.631751 0.631869
 0.0848635 0.186143 0.198619 0.199322 0.199359
 0.178804 0.392195 0.418481 0.419963 0.420041
 0.377061 0.82706 0.882492 0.885616 0.885781
 0.0625337 0.137164 0.146357 0.146875 0.146903
 0.245989 0.539561 0.575724 0.577762 0.57787
 0.32674 0.716685 0.764719 0.767426 0.767569
 0.081669 0.179136 0.191142 0.191819 0.191855
 0.319056 0.69983 0.746734 0.749377 0.749517
 0.291648 0.639714 0.682589 0.685005 0.685133
 0.516478 1.13286 1.20879 1.21307 1.2133
 0.377732 0.828533 0.884063 0.887193 0.887358
 0.337689 0.740702 0.790345 0.793143 0.793291
 0.161286 0.353771 0.377481 0.378818 0.378888
 0.193345 0.424092 0.452515 0.454117 0.454202
 0.237558 0.52107 0.555993 0.557961 0.558065
 0.219169 0.480734 0.512954 0.51477 0.514866
 0.176273 0.386644 0.412558 0.414019 0.414096
 0.226059 0.495847 0.52908 0.530953 0.531052
 0.117717 0.258205 0.275511 0.276486 0.276537
 0.122515 0.268729 0.28674 0.287755 0.287809
 0.110187 0.24169 0.257888 0.258801 0.258849
 0.0846331 0.185638 0.19808 0.198781 0.198818
 0.119104 0.261248 0.278758 0.279745 0.279797
 0.104092 0.22832 0.243622 0.244485 0.24453
 0.0759042 0.166491 0.17765 0.178279 0.178312
 0.103838 0.227763 0.243028 0.243889 0.243934
 0.143296 0.314311 0.335377 0.336564 0.336627
 0.0566401 0.124237 0.132563 0.133033 0.133057
 0.133038 0.291811 0.311369 0.312472 0.31253
YTP_r0W_actual
 113742 106475 109347 15157.1 11780.6
YTP_p0W_proyectada
 0 0 0 0 0
 0 0 0 0 0
 0 0 0 0 0
 0 0 0 0 0
 0 0 0 0 0
 0 0 0 0 0
CTP_r0_actual
 15085.1 6101.73 4542.86 483.942 334.2
CTP_p0_proyectada
 0 0 0 0 0
 0 0 0 0 0
 0 0 0 0 0
 0 0 0 0 0
 0 0 0 0 0
 0 0 0 0 0
Wmedp
 7.54 17.45 24.07 31.32 35.25
Frms_r0
 0.133038 0.291811 0.311369 0.312472 0.31253
Zrms_r0
 1.13304 1.29181 1.31137 1.31247 1.31253
nmprior
 7.29 8.9 8.7 0
nm_flota  nm_reclas  nm_pelaces    nm_pelaL
inf 12.8472 24.2563 86.8469
cv_recla  cv_pelaces  cv_mph
0.328495 0.458093 0.811259
 ------------------------------------------------
Talla a la edad & desviaci?n 
 8 13.2811 15.8009 17.003 17.5766
 0.8 1.32811 1.58009 1.7003 1.75766
