years
 1991 1992 1993 1994 1995 1996 1997 1998 1999 2000 2001 2002 2003 2004 2005 2006 2007 2008 2009 2010 2011 2012 2013 2014 2015 2016 2017 2018 2019 2020 2021 2022 2023
reclasobs
 0 0 0 0 0 0 0 0 0 252601 567819 844713 477998 351125 339783 2.1784e+06 2.13404e+06 4.81314e+06 1.55562e+06 2.62356e+06 3.21686e+06 3.843e+06 1.13348e+06 3.07943e+06 1.97215e+06 2.03268e+06 2.025e+06 2.42433e+06 2.27542e+06 1.05018e+06 2.36338e+06 3.18982e+06 1.53035e+06
reclaspred
 3.16737e+06 1.65217e+06 837425 676777 641905 1.99881e+06 931013 729066 491800 266644 500359 759008 774394 545416 490081 1.53086e+06 1.10953e+06 3.84869e+06 2.86045e+06 1.93875e+06 3.21608e+06 2.69418e+06 1.84944e+06 3.07178e+06 2.21497e+06 1.89992e+06 2.37298e+06 2.83182e+06 2.20589e+06 1.31698e+06 1.93952e+06 1.98771e+06 1.24684e+06
pelacesobs
 0 0 0 0 0 0 0 0 0 0 0 0 0 0 0 552880 188675 0 991730 2.46772e+06 1.41603e+06 1.21717e+06 2.29649e+06 1.80582e+06 0 1.4828e+06 1.56532e+06 1.57751e+06 1.42118e+06 867257 1.10002e+06 1.06204e+06 0
pelacespred
 1.81288e+06 965883 448987 278837 320883 1.07882e+06 418680 479344 257570 116568 272980 340473 395274 269021 244391 666536 529896 2.12021e+06 1.61226e+06 947194 1.66913e+06 1.36497e+06 1.04715e+06 1.88352e+06 1.31837e+06 1.15511e+06 1.5933e+06 1.69932e+06 1.3228e+06 848938 971900 1.16283e+06 676150
mphobs
 0 0 0 0 0 0 0 0 0 0 0 0 498337 0 5186 125008 0 168611 109162 213762 579715 649985 157893 87575 83554 210694 70296 0 107559 103333 445601 22526 28222
mphpred
 1.07007e+06 679411 306469 167304 131134 170693 434012 172908 144106 72741.7 38580.1 130062 157001 118484 65839.1 79168.2 360918 238020 828676 488124 468816 528644 515985 365387 649519 483129 393652 481385 764216 486465 227385 490379 287855
desembarqueobs
 494567 514787 250237 358949 120608 361735 552515 73892 212993 205616 52469 317467 293654 387597 252695 516296 358380 742168 942051 627588 828172 859565 418607 520667 417249 300574 415391 372974 316634 284311 391294 218835 356480
desembarquepred
 494536 514465 250150 358954 120603 361658 552281 73893.2 212997 205613 52468.5 317424 293567 387279 252562 516018 358364 741753 941312 626951 828157 859190 418518 520614 417130 300510 415292 372846 316543 284213 391101 218832 356473
Reclutas
 134430 88972.4 82014.8 78717 66128.9 217715 54267.3 22185.8 27537.7 35988 61835.2 109729 93039.9 66930.3 52846.3 286349 41553.7 509414 246499 209393 266093 392798 58728 201255 166063 68601.7 165929 199356 56008 51769.3 156699 48864.3 81891.2
log_desv_Rt
 0.303239 -0.109482 -0.190909 -0.231949 -0.406202 0.78538 -0.603885 -1.49835 -1.28225 -1.01462 -0.473334 0.10021 -0.0647793 -0.394155 -0.630419 1.0594 -0.870821 1.63545 0.909548 0.746404 0.986039 1.37549 -0.524891 0.706766 0.514557 -0.36949 0.513755 0.697282 -0.572313 -0.65101 0.45652 -0.70876 -0.192416
SSB
 1.07007e+06 679411 306469 167304 131134 170693 434012 172908 144106 72741.7 38580.1 130062 146989 114772 62211.6 75511.9 360918 238020 861172 507800 504230 608349 613708 415195 680140 541815 412954 481385 795810 471406 261119 564973 309994
BT
 1.66325e+06 1.1607e+06 538374 492989 334061 1.18132e+06 774267 418911 405700 282574 264834 529376 571747 612646 451968 969278 653012 2.4044e+06 2.08351e+06 1.26198e+06 1.9786e+06 1.8206e+06 1.08933e+06 1.98514e+06 1.33453e+06 1.09305e+06 1.67797e+06 1.66492e+06 1.15576e+06 880624 1.0965e+06 987375 830490
Ftot
 0.40878 0.77586 0.775403 1.48441 0.575795 0.680954 1.36043 0.291056 1.27651 2.16123 0.418606 1.34297 1.19661 2.18277 1.8336 1.36425 0.816394 0.767307 0.923231 0.975964 0.820589 1.00619 0.576745 0.597385 0.535549 0.433007 0.595602 0.462842 0.350332 0.572294 0.729163 0.287281 0.852423
BD_Bspro_t
 0.936688 0.636813 0.383565 0.277173 0.220556 0.318165 0.450085 0.223389 0.249783 0.17124 0.131256 0.406389 0.309707 0.223386 0.131429 0.157284 0.353015 0.259865 0.478602 0.329604 0.289135 0.326778 0.356043 0.303214 0.446145 0.451658 0.441383 0.507923 0.609071 0.488123 0.38584 0.530462 0.48298
BD_Bspro
 1.49629 0.950027 0.428539 0.233943 0.183366 0.238682 0.606884 0.241779 0.201504 0.101715 0.053947 0.181866 0.205536 0.160487 0.086991 0.105589 0.504675 0.332825 1.20418 0.710062 0.70507 0.850659 0.858154 0.580571 0.951046 0.757625 0.577437 0.673125 1.11279 0.659171 0.365125 0.790008 0.433468
BD_Bo
 2.67391 1.69772 0.765808 0.418061 0.32768 0.42653 1.08451 0.432065 0.360093 0.181768 0.0964045 0.324999 0.367297 0.286794 0.155455 0.18869 0.901866 0.594766 2.15191 1.2689 1.25998 1.52015 1.53354 1.03749 1.69954 1.35389 1.03189 1.20289 1.98858 1.17795 0.652487 1.41176 0.774616
BD_Brms
 2.86398 1.8184 0.820244 0.447778 0.350973 0.456849 1.16161 0.462778 0.385689 0.194688 0.103257 0.348101 0.393406 0.307181 0.166505 0.202102 0.965973 0.637044 2.30487 1.35909 1.34954 1.6282 1.64255 1.11124 1.82035 1.45013 1.10524 1.2884 2.12993 1.26169 0.698868 1.51211 0.829678
Sel_flota
 0.453319 1 1 1 1
 0.453319 1 1 1 1
 0.453319 1 1 1 1
 0.453319 1 1 1 1
 0.453319 1 1 1 1
 0.453319 1 1 1 1
 0.453319 1 1 1 1
 0.453319 1 1 1 1
 0.453319 1 1 1 1
 0.453319 1 1 1 1
 0.453319 1 1 1 1
 0.453319 1 1 1 1
 0.453319 1 1 1 1
 0.453319 1 1 1 1
 0.453319 1 1 1 1
 0.453319 1 1 1 1
 0.453319 1 1 1 1
 0.453319 1 1 1 1
 0.453319 1 1 1 1
 0.453319 1 1 1 1
 0.453319 1 1 1 1
 0.453319 1 1 1 1
 0.453319 1 1 1 1
 0.453319 1 1 1 1
 0.453319 1 1 1 1
 0.453319 1 1 1 1
 0.453319 1 1 1 1
 0.453319 1 1 1 1
 0.453319 1 1 1 1
 0.453319 1 1 1 1
 0.453319 1 1 1 1
 0.453319 1 1 1 1
 0.453319 1 1 1 1
Sel_reclas
 0.927376 1 1 1 1
 0.927376 1 1 1 1
 0.927376 1 1 1 1
 0.927376 1 1 1 1
 0.927376 1 1 1 1
 0.927376 1 1 1 1
 0.927376 1 1 1 1
 0.927376 1 1 1 1
 0.927376 1 1 1 1
 0.927376 1 1 1 1
 0.927376 1 1 1 1
 0.927376 1 1 1 1
 0.927376 1 1 1 1
 0.927376 1 1 1 1
 0.927376 1 1 1 1
 0.927376 1 1 1 1
 0.927376 1 1 1 1
 0.927376 1 1 1 1
 0.927376 1 1 1 1
 0.927376 1 1 1 1
 0.927376 1 1 1 1
 0.927376 1 1 1 1
 0.927376 1 1 1 1
 0.927376 1 1 1 1
 0.927376 1 1 1 1
 0.927376 1 1 1 1
 0.927376 1 1 1 1
 0.927376 1 1 1 1
 0.927376 1 1 1 1
 0.927376 1 1 1 1
 0.927376 1 1 1 1
 0.927376 1 1 1 1
 0.927376 1 1 1 1
Sel_pelaces
 0.765094 1 1 1 1
 0.765094 1 1 1 1
 0.765094 1 1 1 1
 0.765094 1 1 1 1
 0.765094 1 1 1 1
 0.765094 1 1 1 1
 0.765094 1 1 1 1
 0.765094 1 1 1 1
 0.765094 1 1 1 1
 0.765094 1 1 1 1
 0.765094 1 1 1 1
 0.765094 1 1 1 1
 0.765094 1 1 1 1
 0.765094 1 1 1 1
 0.765094 1 1 1 1
 0.765094 1 1 1 1
 0.765094 1 1 1 1
 0.765094 1 1 1 1
 0.765094 1 1 1 1
 0.765094 1 1 1 1
 0.765094 1 1 1 1
 0.765094 1 1 1 1
 0.765094 1 1 1 1
 0.765094 1 1 1 1
 0.765094 1 1 1 1
 0.765094 1 1 1 1
 0.765094 1 1 1 1
 0.765094 1 1 1 1
 0.765094 1 1 1 1
 0.765094 1 1 1 1
 0.765094 1 1 1 1
 0.765094 1 1 1 1
 0.765094 1 1 1 1
pf_obs 
 0.8446 0.082 0.0669 0.0065 0
 0.8095 0.147 0.0364 0.0071 0
 0.9664 0.0169 0.016 0.0007 0
 0.9276 0.0648 0.0075 0.0001 0
 0.7033 0.2144 0.0806 0.0017 0
 0.9318 0.0425 0.0243 0.0014 0
 0.5671 0.3108 0.0964 0.0239 0.0018
 0.0768 0.2599 0.5324 0.112 0.0189
 0.490249 0.384438 0.106611 0.0170017 0.00170017
 0.7925 0.1577 0.0466 0.003 0.0002
 0.840416 0.127587 0.0312969 0.00059994 9.999e-05
 0.8084 0.0986 0.0794 0.0134 0.0002
 0.7335 0.1905 0.0724 0.0035 0.0001
 0.4001 0.4547 0.1325 0.0127 0
 0.49795 0.308269 0.164784 0.0264974 0.00249975
 0.9179 0.0499 0.0305 0.0017 0
 0.2467 0.6533 0.0926 0.0074 0
 0.9418 0.0223 0.034 0.0019 0
 0.707729 0.231977 0.0356964 0.0245975 0
 0.517169 0.277429 0.184464 0.0207286 0.00020938
 0.811772 0.124168 0.05621 0.00726502 0.000585176
 0.764997 0.148141 0.077277 0.00933861 0.000247198
 0.163321 0.427699 0.378323 0.0303852 0.000271297
 0.753843 0.0900009 0.118128 0.0371064 0.000921714
 0.721811 0.176058 0.0630433 0.0369309 0.00215725
 0.143369 0.312575 0.442814 0.0836902 0.0175525
 0.692698 0.0596174 0.167031 0.0765114 0.00414204
 0.394062 0.376323 0.152708 0.0712218 0.00568511
 0.125707 0.32114 0.495352 0.0537591 0.00404204
 0.23352 0.215282 0.420074 0.123614 0.00750983
 0.796117 0.104755 0.0508955 0.0450114 0.00322123
 0.162477 0.292055 0.404252 0.121198 0.0200186
 0 0 0 0 0
pf_pred 
 0.470489 0.182641 0.314964 0.0319049 1.14569e-06
 0.443204 0.385152 0.0592044 0.102098 0.0103425
 0.568457 0.300341 0.0907567 0.0139509 0.0264953
 0.636371 0.287676 0.0528603 0.0159733 0.00711857
 0.665496 0.290513 0.0348025 0.00639493 0.00279361
 0.836275 0.13784 0.0224808 0.00269312 0.000711036
 0.335466 0.620796 0.0368235 0.00600567 0.00090941
 0.390721 0.392696 0.202328 0.0120014 0.00225374
 0.575405 0.258478 0.107067 0.0551638 0.0038866
 0.772988 0.187251 0.0242051 0.0100263 0.00552976
 0.85359 0.138291 0.00669639 0.000865611 0.000556306
 0.761379 0.223493 0.0142895 0.000691929 0.000146925
 0.689808 0.285139 0.0234647 0.00150026 8.80719e-05
 0.659658 0.300261 0.0368437 0.00303194 0.000205233
 0.766265 0.212067 0.0191165 0.0023457 0.000206099
 0.948777 0.0478692 0.00304301 0.000274309 3.66167e-05
 0.278576 0.710757 0.0099691 0.00063373 6.47526e-05
 0.931342 0.03638 0.031801 0.000446042 3.12518e-05
 0.497647 0.489759 0.00667307 0.00583315 8.75485e-05
 0.591822 0.306336 0.0992893 0.00135284 0.00120031
 0.70201 0.243713 0.0407345 0.0132029 0.000339501
 0.73772 0.229024 0.0271987 0.00454603 0.00151135
 0.227698 0.693578 0.0687421 0.00816375 0.00181813
 0.732853 0.117854 0.134075 0.0132885 0.0019296
 0.568128 0.380452 0.0226843 0.0258066 0.00292916
 0.356081 0.499916 0.126858 0.00756387 0.00958167
 0.706204 0.171798 0.0947152 0.0240348 0.00324843
 0.649759 0.303411 0.0273837 0.0150971 0.00434881
 0.275898 0.598678 0.108654 0.00980636 0.00696377
 0.422347 0.280385 0.245777 0.0446061 0.00688469
 0.788018 0.140235 0.0348252 0.0305267 0.00639542
 0.342157 0.600693 0.0378073 0.00938886 0.00995419
 0.609224 0.217897 0.15786 0.00993562 0.00508329
pobs_RECLAS
 0 0 0 0 0
 0 0 0 0 0
 0 0 0 0 0
 0 0 0 0 0
 0 0 0 0 0
 0 0 0 0 0
 0 0 0 0 0
 0 0 0 0 0
 0 0 0 0 0
 0 0 0 0 0
 0.991045 0.00858322 0.000360255 1.14367e-05 0
 0.934742 0.0480273 0.0164251 0.00080598 0
 0.827803 0.169806 0.00239088 0 0
 0.941827 0.0461693 0.0120037 0 0
 0.791401 0.0380133 0.147996 0.0225897 0
 0.846168 0.0940531 0.0597789 0 0
 0.134021 0.677848 0.182769 0.00536245 0
 0.80878 0.0450904 0.141981 0.00414843 0
 0.846168 0.0940531 0.0597789 0 0
 0.905697 0.0802665 0.012482 0.00150086 5.37128e-05
 0.989698 0.0102097 9.19794e-05 0 0
 0.975433 0.0193895 0.00387452 0.00125025 5.28907e-05
 0.303575 0.632131 0.0575291 0.00676475 0
 0.966965 0.00978017 0.0227588 0.000495775 0
 0.843318 0.132988 0.00938335 0.0141283 0.000182051
 0.564624 0.303363 0.111486 0.0197234 0.00080311
 0.826376 0.0876187 0.0782897 0.00655872 0.00115652
 0.89761 0.0855135 0.0140674 0.00269457 0.000114338
 0.34875 0.467042 0.161289 0.0227151 0.000203297
 0.318654 0.224769 0.449479 0.00709798 0
 0.937255 0.0296025 0.0250945 0.00804832 0
 0.456809 0.399803 0.12412 0.0192676 0
 0.883104 0.0372192 0.0704036 0.00927362 0
ppred_RECLAS
 0.650464 0.120564 0.207911 0.0210607 7.5628e-07
 0.631976 0.254573 0.0391322 0.0674832 0.00683608
 0.739696 0.181164 0.0547439 0.00841508 0.0159818
 0.803216 0.155681 0.0286063 0.00864422 0.00385233
 0.8084 0.166402 0.0199344 0.00366294 0.00160014
 0.916157 0.0705874 0.0115123 0.00137914 0.000364119
 0.536884 0.432634 0.0256624 0.00418537 0.000633771
 0.571302 0.276307 0.142361 0.00844438 0.00158577
 0.75496 0.149171 0.0617898 0.0318358 0.00224301
 0.89744 0.0845969 0.0109355 0.00452969 0.00249825
 0.924351 0.0714539 0.00345996 0.000447254 0.000287438
 0.87969 0.112682 0.00720457 0.000348862 7.40776e-05
 0.833588 0.152971 0.0125883 0.000804859 4.72487e-05
 0.833274 0.147091 0.0180489 0.00148528 0.000100539
 0.889116 0.100605 0.00906889 0.0011128 9.77737e-05
 0.977041 0.0214557 0.00136393 0.00012295 1.64121e-05
 0.455388 0.536559 0.0075258 0.000478411 4.88825e-05
 0.966933 0.0175215 0.0153161 0.000214825 1.50516e-05
 0.684278 0.307807 0.00419394 0.00366606 5.50231e-05
 0.761283 0.179156 0.058068 0.000791189 0.000701984
 0.836155 0.134002 0.0223972 0.00725938 0.000186669
 0.861223 0.121181 0.0143913 0.00240538 0.000799678
 0.384732 0.552551 0.0547647 0.0065038 0.00144845
 0.853541 0.0646116 0.0735048 0.00728523 0.00105787
 0.735521 0.232989 0.0138919 0.015804 0.00179382
 0.537071 0.359402 0.0912013 0.00543785 0.00688849
 0.836221 0.0957702 0.0527998 0.0133984 0.00181087
 0.79594 0.176776 0.0159545 0.00879601 0.00253374
 0.442844 0.460649 0.0836033 0.00754544 0.00535823
 0.607864 0.190338 0.166844 0.0302806 0.00467363
 0.888716 0.0736189 0.0182821 0.0160256 0.00335739
 0.519368 0.438877 0.0276227 0.00685967 0.00727271
 0.772075 0.127091 0.0920736 0.00579507 0.00296488
pobs_PELACES
 0 0 0 0 0
 0 0 0 0 0
 0 0 0 0 0
 0 0 0 0 0
 0 0 0 0 0
 0 0 0 0 0
 0 0 0 0 0
 0 0 0 0 0
 0 0 0 0 0
 0 0 0 0 0
 0 0 0 0 0
 0 0 0 0 0
 0 0 0 0 0
 0 0 0 0 0
 0 0 0 0 0
 0 0 0 0 0
 0.505614 0.472636 0.0217494 0 0
 0 0 0 0 0
 0.443492 0.261883 0.143347 0.151278 0
 0.227955 0.32914 0.350689 0.0885471 0.00366901
 0.970185 0.0296113 0.000203453 0 0
 0.997202 0.00247181 0.000326279 0 0
 0.445219 0.490057 0.0546422 0.010081 0
 0.90214 0.0892962 0.00764917 0.000914606 0
 0 0 0 0 0
 0.581667 0.319106 0.0959925 0.00289975 0.000334073
 0.762889 0.0836404 0.116647 0.0363945 0.000428098
 0.88444 0.0763242 0.0277011 0.0115352 0
 0.521256 0.241999 0.230069 0.00667565 0
 0.616807 0.101726 0.260614 0.0208532 0
 0.833518 0.0704572 0.0857862 0.0102388 0
 0.697417 0.212968 0.0787535 0.0105354 0.000325836
 0 0 0 0 0
ppred_PELACES
 0.623038 0.130023 0.224224 0.0227132 8.1562e-07
 0.619708 0.263058 0.0404366 0.0697326 0.00706395
 0.729466 0.188283 0.0568953 0.00874579 0.0166099
 0.814867 0.146464 0.0269126 0.00813242 0.00362425
 0.79432 0.178631 0.0213994 0.00393212 0.00171773
 0.910661 0.0752147 0.012267 0.00146955 0.000387989
 0.55005 0.420335 0.0249329 0.00406638 0.000615753
 0.536761 0.298569 0.153831 0.00912474 0.00171353
 0.761909 0.144941 0.0600376 0.030933 0.00217941
 0.914247 0.0707334 0.00914338 0.00378737 0.00208884
 0.915765 0.0795641 0.00385268 0.000498018 0.000320063
 0.884874 0.107827 0.00689415 0.000333831 7.08859e-05
 0.836824 0.149996 0.0123435 0.000789207 4.63299e-05
 0.859414 0.124029 0.0152191 0.00125241 8.4776e-05
 0.902046 0.0888729 0.00801135 0.000983037 8.6372e-05
 0.978216 0.0203572 0.0012941 0.000116655 1.55719e-05
 0.444232 0.54755 0.00767996 0.00048821 4.98838e-05
 0.965164 0.0184586 0.0161353 0.000226314 1.58567e-05
 0.678676 0.313268 0.00426835 0.0037311 5.59993e-05
 0.75831 0.181387 0.0587912 0.000801043 0.000710728
 0.829992 0.139042 0.0232397 0.00753244 0.000193691
 0.859923 0.122316 0.0145262 0.00242792 0.000807172
 0.364051 0.571124 0.0566055 0.00672241 0.00149714
 0.842647 0.0694174 0.0789721 0.00782711 0.00113656
 0.716481 0.249762 0.014892 0.0169417 0.00192296
 0.508577 0.381523 0.0968148 0.00577256 0.00731249
 0.824257 0.102766 0.0566566 0.0143771 0.00194314
 0.777689 0.192587 0.0173815 0.00958272 0.00276036
 0.411254 0.486767 0.0883436 0.00797327 0.00566204
 0.58643 0.200742 0.175964 0.0319358 0.00492909
 0.882558 0.0776929 0.0192939 0.0169124 0.00354319
 0.484249 0.470945 0.029641 0.00736089 0.00780411
 0.765215 0.130916 0.0948449 0.00596949 0.00305412
pobs_pel_tallas
 0 0 0 0 0 0 0 0 0 0 0 0 0 0 0 0 0 0 0 0 0 0 0 0 0 0
 0 0 0 0 0 0 0 0 0 0 0 0 0 0 0 0 0 0 0 0 0 0 0 0 0 0
 0 0 0 0 0 0 0 0 0 0 0 0 0 0 0 0 0 0 0 0 0 0 0 0 0 0
 0 0 0 0 0 0 0 0 0 0 0 0 0 0 0 0 0 0 0 0 0 0 0 0 0 0
 0 0 0 0 0 0 0 0 0 0 0 0 0 0 0 0 0 0 0 0 0 0 0 0 0 0
 0 0 0 0 0 0 0 0 0 0 0 0 0 0 0 0 0 0 0 0 0 0 0 0 0 0
 0 0 0 0 0 0 0 0 0 0 0 0 0 0 0 0 0 0 0 0 0 0 0 0 0 0
 0 0 0 0 0 0 0 0 0 0 0 0 0 0 0 0 0 0 0 0 0 0 0 0 0 0
 0 0 0 0 0 0 0 0 0 0 0 0 0 0 0 0 0 0 0 0 0 0 0 0 0 0
 0 0 0 0 0 0 0 0 0 0 0 0 0 0 0 0 0 0 0 0 0 0 0 0 0 0
 0 0 0 0 0 0 0 0 0 0 0 0 0 0 0 0 0 0 0 0 0 0 0 0 0 0
 0 0 0 0 0 0 0 0 0 0 0 0 0 0 0 0 0 0 0 0 0 0 0 0 0 0
 0.00862536 0 0 0.000197151 0.00414017 0.0128641 0.00837892 0.0270097 0.101434 0.158115 0.152841 0.127902 0.109271 0.109419 0.0830992 0.0579132 0.0238553 0.00714673 0.00463305 0.00128148 0.00103504 0.000492878 0.000147863 0.000147863 4.92878e-05 0
 0 0 0 0 0 0 0 0 0 0 0 0 0 0 0 0 0 0 0 0 0 0 0 0 0 0
 0 0 0 0 0 0 0 0.0054083 0.00873648 0.0413646 0.0450493 0.0745869 0.0622846 0.0627006 0.0613931 0.0827291 0.12552 0.122667 0.0946155 0.0697135 0.0546179 0.0294188 0.0215738 0.0213955 0.0102223 0.00600262
 0 0 0 0 0.00359764 0.0251062 0.0480494 0.140153 0.205849 0.193036 0.1447 0.116669 0.0760912 0.0342217 0.00950174 0.001854 0.000860785 0 0 0 0.000165536 0 0.000143464 0 0 0
 0 0 0 0 0 0 0 0.000145254 0.000435761 0.0275982 0.070085 0.0708112 0.156366 0.174668 0.174014 0.160142 0.0824315 0.0480064 0.0283245 0.00493863 0.00203355 0 0 0 0 0
 0 0 0 0 0 0 0 0 0 0 0 0 0 0 0 0 0 0 0 0 0 0 0 0 0 0
 0 0 1.00437e-05 0.000401748 0.00122533 0.00171747 0.00176769 0.0269171 0.070346 0.194647 0.189555 0.159765 0.064822 0.0314167 0.0384472 0.0292271 0.0345202 0.0313363 0.0194345 0.0106764 0.0143323 0.0359363 0.0279516 0.0138201 0.00172751 0
 0 0.0021121 0.0136068 0.0755702 0.200478 0.177729 0.0527432 0.0373336 0.0318909 0.0142505 0.0149659 0.0166563 0.0217959 0.0798694 0.0677717 0.0528807 0.04013 0.0224614 0.0357745 0.0225083 0.00881397 0.00855152 0.00135912 0.000746735 0 0
 0 0 0 0 5.4009e-05 0.00500934 0.000945158 0.0243581 0.138947 0.33067 0.221406 0.137944 0.0707744 0.0437923 0.0131692 0.00525238 0.0047753 0.00276346 9.45158e-05 9.00151e-06 2.25038e-05 9.00151e-06 4.50075e-06 0 0 0
 0.000866109 0.00284123 0.00948549 0.0512746 0.133035 0.25785 0.225252 0.132002 0.0553304 0.0519788 0.0540692 0.017754 0.00435017 0.00159236 0.00146478 0.000404838 0.000125132 0.000115318 0.000107957 0.000100596 0 0 0 0 0 0
 0 0 0 0 0.00144013 0.00171154 0.00461396 0.0210425 0.0478622 0.0707936 0.0888783 0.103762 0.0637923 0.0337046 0.0602308 0.124433 0.169614 0.0934646 0.0462172 0.0250306 0.0313229 0.00938855 0.002487 0.000210481 0 0
 0 0.00764035 0.051015 0.0998891 0.058973 0.0496711 0.0374665 0.0718981 0.12319 0.153886 0.159021 0.0857701 0.0377988 0.023471 0.0147837 0.00900784 0.00315554 0.000888139 0.00291439 0.00214683 0.00393193 0.00274676 0.000635225 9.99891e-05 0 0
 0 0 0 0 0 0 0 0 0 0 0 0 0 0 0 0 0 0 0 0 0 0 0 0 0 0
 0 0 0 0 0 0 0 0 0 0 0 0 0 0 0 0 0 0 0 0 0 0 0 0 0 0
 0 0 0 0 0 0 0 0 0 0 0 0 0 0 0 0 0 0 0 0 0 0 0 0 0 0
 0 0 0 0 0 0 0 0 0 0 0 0 0 0 0 0 0 0 0 0 0 0 0 0 0 0
 0 0 0 0 0 0 0 0 0 0 0 0 0 0 0 0 0 0 0 0 0 0 0 0 0 0
 0 0 0 0 0 0 0 0 0 0 0 0 0 0 0 0 0 0 0 0 0 0 0 0 0 0
 0 0 0 0 0 0 0 0 0 0 0 0 0 0 0 0 0 0 0 0 0 0 0 0 0 0
 0 0 0 0 0 0 0 0 0 0 0 0 0 0 0 0 0 0 0 0 0 0 0 0 0 0
 0 0 0 0 0 0 0 0 0 0 0 0 0 0 0 0 0 0 0 0 0 0 0 0 0 0
ppred_pel_tallas
 1.08782e-16 5.13189e-05 0.000498838 0.00331495 0.0150693 0.0468862 0.0998966 0.145805 0.145818 0.0999596 0.0470986 0.0156868 0.00488062 0.00396819 0.00679095 0.0115381 0.017529 0.023942 0.0299074 0.0349197 0.0389388 0.0420292 0.0439069 0.0438947 0.0413688 0.0363011
 1.09423e-16 5.10446e-05 0.000496172 0.00329724 0.0149888 0.0466358 0.0993634 0.145029 0.145055 0.0994875 0.0470524 0.0161924 0.00632023 0.00710135 0.0126142 0.0208257 0.0301296 0.0381987 0.0427257 0.0427243 0.0391415 0.0342006 0.0299936 0.0274127 0.0260586 0.0249048
 1.05379e-16 6.00852e-05 0.000584049 0.00388121 0.0176434 0.0548954 0.116961 0.170712 0.17073 0.11705 0.0551942 0.0185071 0.00605167 0.00533049 0.00909903 0.0150123 0.021773 0.0277052 0.0311398 0.031312 0.028795 0.0250582 0.021519 0.018844 0.0169096 0.015232
 1.02244e-16 6.71196e-05 0.000652426 0.0043356 0.019709 0.0613222 0.130654 0.190696 0.19071 0.130723 0.061554 0.0203788 0.00601742 0.00432572 0.00704897 0.011562 0.0166842 0.0210562 0.0233397 0.0229201 0.0202634 0.0165825 0.0130917 0.0104321 0.00860329 0.00727059
 1.01349e-16 6.54271e-05 0.000635975 0.00422628 0.0192121 0.0597759 0.12736 0.185889 0.185906 0.127444 0.0600582 0.0200274 0.00627269 0.00510221 0.00854434 0.0140133 0.0201597 0.0253071 0.0277921 0.0268454 0.0230456 0.0179242 0.013053 0.00932192 0.0068232 0.0051964
 1.00587e-16 7.50099e-05 0.000729123 0.00484528 0.0220259 0.0685309 0.146013 0.213111 0.213119 0.146048 0.0686499 0.0223696 0.00570807 0.0026129 0.00365347 0.00592325 0.00852978 0.0107345 0.0118382 0.0115156 0.0100017 0.00792438 0.00592435 0.00435939 0.00326335 0.00249455
 1.0134e-16 4.5307e-05 0.0004404 0.00292662 0.013304 0.0413939 0.0881955 0.128732 0.128773 0.0883932 0.0420574 0.0152196 0.00773229 0.0109218 0.0199238 0.0327936 0.0470645 0.0588223 0.0641067 0.0610871 0.0511677 0.0380735 0.0256842 0.0162817 0.0102113 0.0066483
 1.05721e-16 4.42124e-05 0.00042976 0.00285591 0.0129826 0.0403937 0.0860642 0.125619 0.125648 0.0862057 0.0408694 0.0143588 0.00631858 0.00801582 0.0145304 0.0241562 0.0352673 0.045329 0.0517411 0.0532294 0.0504846 0.0454708 0.0400293 0.0349471 0.0300557 0.0249532
 1.05241e-16 6.27574e-05 0.000610025 0.00405383 0.0184281 0.0573368 0.122163 0.178303 0.178317 0.122231 0.0575675 0.0190953 0.00573212 0.00428551 0.00707808 0.0116946 0.0170594 0.0219192 0.0250393 0.025859 0.0247949 0.0228783 0.0210321 0.0195734 0.0182507 0.0166353
 1.01016e-16 7.53053e-05 0.000731995 0.00486436 0.0221127 0.0688008 0.146588 0.21395 0.213957 0.146621 0.0689127 0.0224357 0.00567521 0.00250207 0.00343698 0.00556295 0.00800703 0.0100716 0.0111024 0.0108028 0.0094073 0.00752183 0.00575856 0.00444935 0.00360303 0.00304916
 1.00236e-16 7.54304e-05 0.00073321 0.00487244 0.0221494 0.0689151 0.146831 0.214306 0.214314 0.146869 0.0690406 0.0225119 0.00578177 0.00271629 0.00383576 0.00620642 0.00889679 0.0111108 0.0120934 0.0114977 0.00959145 0.00708461 0.00471792 0.00292925 0.00178696 0.00113363
 1.00273e-16 7.28859e-05 0.000708477 0.00470808 0.0214023 0.0665904 0.141878 0.207078 0.207088 0.141929 0.0667606 0.0218937 0.00594097 0.00339754 0.00517297 0.00841828 0.0120764 0.0150942 0.0164512 0.015676 0.0131263 0.00975489 0.0065556 0.00411504 0.00252638 0.00158495
 1.00482e-16 6.89282e-05 0.000670006 0.00445243 0.0202401 0.0629745 0.134174 0.195835 0.195849 0.134245 0.0632114 0.0209241 0.00616849 0.00441361 0.00717108 0.011726 0.016837 0.0210705 0.0230134 0.0220109 0.0185543 0.0139554 0.00957749 0.0062189 0.00399989 0.00263869
 1.00611e-16 7.07889e-05 0.000688093 0.00457262 0.0207865 0.0646745 0.137796 0.20112 0.201132 0.137855 0.0648705 0.0213526 0.00599344 0.0037889 0.00595721 0.00972943 0.0139917 0.0175572 0.0192655 0.0185767 0.0158865 0.0122542 0.00877273 0.00606939 0.00422561 0.00301243
 1.00368e-16 7.43004e-05 0.000722226 0.00479945 0.0218176 0.0678827 0.144632 0.211096 0.211104 0.144673 0.0680231 0.0222229 0.00581651 0.00294118 0.00428461 0.00695546 0.00998796 0.0125079 0.0136781 0.0131118 0.0110994 0.00841481 0.0058598 0.00390033 0.00260153 0.00179338
 1.00057e-16 8.05744e-05 0.000783212 0.00520472 0.0236599 0.0736147 0.156844 0.228919 0.228921 0.156854 0.0736469 0.0237527 0.00543748 0.0012909 0.00104347 0.00159409 0.00228036 0.00285009 0.00310671 0.00296113 0.00248095 0.00184614 0.00124421 0.000785666 0.000487696 0.000311232
 1.0042e-16 3.65909e-05 0.000355677 0.0023636 0.0107446 0.0334308 0.0712297 0.103973 0.104026 0.071487 0.0342942 0.0132371 0.00861439 0.0139825 0.0258614 0.0425518 0.0609545 0.0759366 0.0822938 0.0776281 0.0638169 0.045836 0.028915 0.0162004 0.00824825 0.00398245
 1.00496e-16 7.94993e-05 0.000772761 0.00513527 0.0233442 0.0726325 0.154751 0.225864 0.225866 0.15476 0.0726621 0.02343 0.00535167 0.00124841 0.000992322 0.00153925 0.00226642 0.00296721 0.00348517 0.00374086 0.00376061 0.00363235 0.00342705 0.00315677 0.00279679 0.00233729
 1.00587e-16 5.59017e-05 0.000543385 0.00361098 0.016415 0.0510734 0.108818 0.15883 0.15886 0.108966 0.0515674 0.0178411 0.00718751 0.00834053 0.0148334 0.0243538 0.034889 0.0434786 0.0471493 0.0445365 0.0367201 0.026548 0.0170042 0.00987042 0.00543897 0.00306825
 1.01944e-16 6.2461e-05 0.000607143 0.00403468 0.0183411 0.057066 0.121586 0.177462 0.177479 0.121671 0.0573539 0.0191731 0.00612552 0.00517905 0.00876734 0.014452 0.0209428 0.026602 0.0297878 0.0297124 0.0268685 0.0226226 0.0183344 0.0147118 0.0117814 0.00927578
 1.01495e-16 6.83654e-05 0.000664536 0.00441608 0.0200748 0.0624604 0.133079 0.194235 0.194249 0.133144 0.0626804 0.0207104 0.00601165 0.00414874 0.00668859 0.0109575 0.015797 0.019905 0.0220016 0.0214954 0.0188257 0.0151497 0.011636 0.00891772 0.00702297 0.00566
 1.00831e-16 7.08307e-05 0.0006885 0.00457532 0.0207988 0.0647127 0.137878 0.201239 0.201251 0.137935 0.0649061 0.0213571 0.0059765 0.00374645 0.00587597 0.0095955 0.0138001 0.0173202 0.0190137 0.0183525 0.0157317 0.0122 0.00883498 0.00624954 0.00451151 0.00337906
 1.02708e-16 2.99865e-05 0.000291479 0.00193699 0.00880529 0.0273968 0.0583739 0.0852099 0.0852649 0.0586426 0.0282991 0.0114107 0.00847487 0.0145566 0.0271011 0.0447004 0.064257 0.0805211 0.0881501 0.0846629 0.0719172 0.0548615 0.0386142 0.0261343 0.0178177 0.0125694
 1.03275e-16 6.94077e-05 0.000674668 0.0044834 0.0203809 0.0634126 0.135108 0.197195 0.197202 0.135141 0.0635247 0.0207059 0.00530444 0.00248428 0.0035568 0.00590207 0.00880195 0.0117062 0.0140821 0.01565 0.0164802 0.0168138 0.0167789 0.0162724 0.0150936 0.0131768
 1.02519e-16 5.90157e-05 0.000573653 0.00381213 0.0173294 0.0539183 0.11488 0.167675 0.167699 0.114997 0.0543127 0.0184681 0.00666911 0.00680617 0.0118833 0.0195204 0.028042 0.0351176 0.0384217 0.0369009 0.031417 0.0241869 0.0174782 0.0125614 0.00952206 0.00774921
 1.04708e-16 4.18909e-05 0.000407195 0.00270595 0.0123009 0.0382728 0.0815457 0.119026 0.119063 0.0817257 0.0388775 0.0140482 0.00709488 0.0099983 0.0182864 0.0302404 0.0437327 0.0553536 0.0616326 0.0609335 0.0543764 0.0449819 0.0357762 0.0283647 0.0228059 0.0184078
 1.03432e-16 6.7893e-05 0.000659944 0.00438556 0.0199361 0.0620288 0.132159 0.192892 0.192902 0.132208 0.0621927 0.0204106 0.00557983 0.00327823 0.00507338 0.00836601 0.0122468 0.0158241 0.0182286 0.0190485 0.0185346 0.0173477 0.0160682 0.0148791 0.0136194 0.0120623
 1.0198e-16 6.40572e-05 0.000622659 0.00413779 0.0188098 0.0585244 0.124693 0.181997 0.182016 0.124784 0.0588286 0.0196884 0.0063426 0.00543368 0.00919501 0.0150843 0.021688 0.0272016 0.0298352 0.0287725 0.0246615 0.0191842 0.0140589 0.0102461 0.00781415 0.00631684
 1.04432e-16 3.38745e-05 0.000329273 0.00218813 0.00994697 0.030949 0.0659418 0.0962538 0.0963007 0.0661712 0.0317193 0.0121722 0.00777508 0.0125297 0.0232167 0.0383584 0.0553218 0.0697058 0.0770267 0.0751876 0.0656921 0.0525643 0.0398961 0.029949 0.0229097 0.0178608
 1.09167e-16 4.83035e-05 0.000469527 0.00312017 0.0141839 0.0441314 0.0940273 0.13724 0.137259 0.0941231 0.0444538 0.0151181 0.00547673 0.005652 0.0100025 0.0167519 0.0248092 0.0326247 0.0386096 0.0419759 0.0430691 0.0428535 0.0420223 0.0405268 0.0378437 0.0336077
 1.02873e-16 7.26951e-05 0.000706622 0.00469575 0.0213462 0.0664161 0.141507 0.206535 0.206542 0.141543 0.0665393 0.0217025 0.00559094 0.00266413 0.0038004 0.00619492 0.00898299 0.0114412 0.012891 0.0130369 0.0121391 0.0108194 0.0096568 0.00888742 0.00839246 0.00789595
 1.03035e-16 3.98871e-05 0.000387717 0.00257652 0.0117125 0.0364421 0.0776455 0.113335 0.113381 0.077867 0.0371856 0.0138592 0.00796206 0.0121349 0.0223221 0.0367669 0.05279 0.0660288 0.0720666 0.0688746 0.0580442 0.043754 0.0303317 0.0202869 0.0139346 0.0102704
 1.03887e-16 6.30298e-05 0.000612672 0.00407142 0.0185081 0.0575856 0.122693 0.179076 0.179089 0.122755 0.0577951 0.0191147 0.0055998 0.00396791 0.00649015 0.0107726 0.0158437 0.0206117 0.0239817 0.0254061 0.0251325 0.0238885 0.0222957 0.0205209 0.0183886 0.0157362
pSPR Fmed_Fpbrs
1   0.983635 0.6 0.325 0.983635 0.983635 0.983635
Fs Fmed_Fpbrs
0   0.01 0.354375 0.92153 0.01 0.01 0.01
SSBpbr Bo_Bmed_Bpbrs
400190  380181  373632 220105 110052 373632 373632 373632
Ro
99266.5
SPR SPRFo_SPRFmed_SPRFpbrs
715149 715149 703446
Fref
0
Nvult_r0
 61421 13305.8 9639.65 606.714 310.409
CTP_r0
 17119.1 6122.88 4435.85 279.19 142.84
YTP_r0
356473
Np
 81891.2 30126.1 11082.8 4077.12 2051.67
Nvult_p0
 51765.1 19043.3 7005.64 2577.23 1296.9
CTP_p0
 0 0 0 0 0
 0 0 0 0 0
 0 0 0 0 0
 0 0 0 0 0
 0 0 0 0 0
 0 0 0 0 0
YTP_p0
 0 0 0 0 0 0
CBA_c0
0
log_Ro
11.3256
likeval ReclasPelacesDesembMPH_pf_preclas_ppelaces_ptallas_desvR_qrecl_qpela
 13.5899 16.7244 0.0252298 0.00229415 239.42 135.102 114.126 0 26.7779 3.85092e-05 8.07557e-05 0.0115977 2066.53 0 0
q_reclas_q_pelaces
2.40512 3.56396
M
1
N
 134430 25838.8 44558.9 4513.68 0.162084
 88972.4 41088.9 6316.08 10892 1103.37
 82014.8 23025.8 6957.91 1069.55 2031.27
 78717 21229.6 3900.92 1178.78 525.327
 66128.9 14775.2 1770.02 325.239 142.08
 217715 18738.6 3056.14 366.116 96.6617
 54267.3 58821 3489.06 569.043 86.1675
 22185.8 10774.8 5551.48 329.295 61.8382
 27537.7 7152.86 2962.86 1526.55 107.554
 35988 5679.66 734.183 304.113 167.727
 61835.2 4970.2 240.668 31.1101 19.9937
 109729 18816.1 1203.04 58.2541 12.3697
 93039.9 21960 1807.14 115.543 6.78286
 66930.3 19897.3 2441.51 200.917 13.6001
 52846.3 9153.72 825.152 101.251 8.89613
 286349 8467.04 538.245 48.5195 6.47671
 41553.7 56756.6 796.07 50.6057 5.17073
 509414 10558.2 9229.25 129.45 9.06987
 246499 132347 1803.25 1576.28 23.6581
 209393 59670.5 19340.4 263.517 233.806
 266093 49490.9 8271.98 2681.11 68.9427
 392798 67481.8 8014.08 1339.48 445.317
 58728 91576 9076.31 1077.89 240.056
 201255 16634.3 18923.9 1875.59 272.35
 166063 56473.3 3367.2 3830.67 434.797
 68601.7 47922.7 12160.8 725.085 918.515
 165929 20739.2 11433.9 2901.45 392.147
 199356 46598.3 4205.63 2318.64 667.897
 56008 59458.3 10791.1 973.929 691.614
 51769.3 17578.6 15408.9 2796.56 431.632
 156699 14692.9 3648.76 3198.39 670.071
 48864.3 41420.8 2607.01 647.41 686.392
 81891.2 15781.2 11433 719.586 368.156
pred_Ctot
 14592.8 5664.84 9768.98 989.568 0.0355348
 17159.2 14911.6 2292.17 3952.83 400.424
 15809.3 8352.73 2524.02 387.985 736.856
 25719.9 11626.9 2136.43 645.584 287.707
 9809.34 4282.13 512.985 94.2606 41.1774
 37479.5 6177.59 1007.52 120.698 31.8666
 16590.7 30701.8 1821.13 297.014 44.9754
 1752.27 1761.13 907.381 53.8228 10.1074
 8012.17 3599.15 1490.84 768.123 54.1186
 15350.1 3718.46 480.668 199.102 109.81
 6861.38 1111.62 53.8273 6.95801 4.47173
 33213.4 9749.37 623.345 30.1838 6.40925
 25722.7 10632.8 874.992 55.9443 3.28418
 28735.7 13079.8 1604.97 132.076 8.94027
 20144.3 5575.01 502.553 61.666 5.41813
 87732.2 4426.4 281.384 25.365 3.3859
 8372.5 21361.6 299.618 19.0466 1.94612
 97309.5 3801.1 3322.67 46.6039 3.26529
 55121.6 54247.8 739.139 646.105 9.69725
 49045.5 25386.6 8228.3 112.112 99.4721
 53849.7 18694.7 3124.66 1012.76 26.0425
 94356.5 29292.9 3478.79 581.451 193.306
 8724.4 26574.8 2633.89 312.799 69.6629
 30852.7 4961.59 5644.5 559.44 81.235
 23078.5 15454.7 921.484 1048.32 118.988
 7853.41 11025.7 2797.87 166.822 211.325
 25369.5 6171.62 3402.52 863.42 116.696
 24262 11329.4 1022.51 563.727 162.385
 5266.66 11428.3 2074.12 187.195 132.933
 7637.41 5070.27 4444.44 806.624 124.498
 28638.3 5096.46 1265.63 1109.41 232.424
 3811.99 6692.36 421.214 104.602 110.9
 17119.1 6122.88 4435.85 279.19 142.84
F
 0.185308 0.40878 0.40878 0.40878 0.40878
 0.351712 0.77586 0.77586 0.77586 0.77586
 0.351505 0.775403 0.775403 0.775403 0.775403
 0.67291 1.48441 1.48441 1.48441 1.48441
 0.261019 0.575795 0.575795 0.575795 0.575795
 0.308689 0.680954 0.680954 0.680954 0.680954
 0.616711 1.36043 1.36043 1.36043 1.36043
 0.131941 0.291056 0.291056 0.291056 0.291056
 0.578667 1.27651 1.27651 1.27651 1.27651
 0.979726 2.16123 2.16123 2.16123 2.16123
 0.189762 0.418606 0.418606 0.418606 0.418606
 0.608793 1.34297 1.34297 1.34297 1.34297
 0.542446 1.19661 1.19661 1.19661 1.19661
 0.989492 2.18277 2.18277 2.18277 2.18277
 0.831207 1.8336 1.8336 1.8336 1.8336
 0.618441 1.36425 1.36425 1.36425 1.36425
 0.370087 0.816394 0.816394 0.816394 0.816394
 0.347835 0.767307 0.767307 0.767307 0.767307
 0.418519 0.923231 0.923231 0.923231 0.923231
 0.442423 0.975964 0.975964 0.975964 0.975964
 0.371989 0.820589 0.820589 0.820589 0.820589
 0.456126 1.00619 1.00619 1.00619 1.00619
 0.26145 0.576745 0.576745 0.576745 0.576745
 0.270806 0.597385 0.597385 0.597385 0.597385
 0.242775 0.535549 0.535549 0.535549 0.535549
 0.196291 0.433007 0.433007 0.433007 0.433007
 0.269998 0.595602 0.595602 0.595602 0.595602
 0.209815 0.462842 0.462842 0.462842 0.462842
 0.158813 0.350332 0.350332 0.350332 0.350332
 0.259432 0.572294 0.572294 0.572294 0.572294
 0.330544 0.729163 0.729163 0.729163 0.729163
 0.13023 0.287281 0.287281 0.287281 0.287281
 0.38642 0.852423 0.852423 0.852423 0.852423
YTP_r0W_actual
 129078 106844 106771 8744.22 5035.1
YTP_p0W_proyectada
 0 0 0 0 0
 0 0 0 0 0
 0 0 0 0 0
 0 0 0 0 0
 0 0 0 0 0
 0 0 0 0 0
CTP_r0_actual
 17119.1 6122.88 4435.85 279.19 142.84
CTP_p0_proyectada
 0 0 0 0 0
 0 0 0 0 0
 0 0 0 0 0
 0 0 0 0 0
 0 0 0 0 0
 0 0 0 0 0
Wmedp
 7.54 17.45 24.07 31.32 35.25
Frms_r0
 0.38642 0.852423 0.852423 0.852423 0.852423
Zrms_r0
 1.38642 1.85242 1.85242 1.85242 1.85242
nmprior
 7.29 8.9 8.7 0
nm_flota  nm_reclas  nm_pelaces    nm_pelaL
inf 17.4748 14.5679 42.5358
cv_recla  cv_pelaces  cv_mph
0.319255 0.447988 1.28011
 ------------------------------------------------
Talla a la edad & desviaci?n 
 8 13.2811 15.8009 17.003 17.5766
 0.8 1.32811 1.58009 1.7003 1.75766
