years
 1991 1992 1993 1994 1995 1996 1997 1998 1999 2000 2001 2002 2003 2004 2005 2006 2007 2008 2009 2010 2011 2012 2013 2014 2015 2016 2017 2018 2019 2020 2021 2022 2023
reclasobs
 0 0 0 0 0 0 0 0 0 252601 567819 844713 477998 351125 339783 2.1784e+06 2.13404e+06 4.81314e+06 1.55562e+06 2.62356e+06 3.21686e+06 3.843e+06 1.13348e+06 3.07943e+06 1.97215e+06 2.03268e+06 2.025e+06 2.42433e+06 2.27542e+06 1.05018e+06 2.36338e+06 3.18982e+06 1.53035e+06
reclaspred
 2.99069e+06 1.65062e+06 866106 885406 907584 1.38197e+06 832400 776525 571849 421761 503120 640901 634522 495107 523102 1.30045e+06 1.27931e+06 2.89993e+06 2.34963e+06 1.74989e+06 3.0581e+06 2.45607e+06 1.98418e+06 3.02144e+06 2.26762e+06 2.05554e+06 2.40804e+06 2.58492e+06 2.16466e+06 1.52661e+06 1.99756e+06 2.18459e+06 1.76861e+06
pelacesobs
 0 0 0 0 0 0 0 0 0 0 0 0 0 0 0 552880 188675 0 991730 2.46772e+06 1.41603e+06 1.21717e+06 2.29649e+06 1.80582e+06 0 1.4828e+06 1.56532e+06 1.57751e+06 1.42118e+06 867257 1.10002e+06 1.06204e+06 0
pelacespred
 1.63428e+06 999521 515368 435538 472371 744902 405942 482545 338690 236460 293711 312419 340865 281149 305251 627672 618246 1.62317e+06 1.35139e+06 923743 1.59067e+06 1.36337e+06 1.10867e+06 1.85849e+06 1.33624e+06 1.21183e+06 1.62099e+06 1.56537e+06 1.18037e+06 957842 1.072e+06 1.19252e+06 1.0062e+06
mphobs
 0 0 0 0 0 0 0 0 0 0 0 0 498337 0 5186 125008 0 168611 109162 213762 579715 649985 157893 87575 83554 210694 70296 0 107559 103333 445601 22526 28222
mphpred
 465927 315254 154278 89157.3 99075 114699 142032 85471.7 79857.4 55834.5 37613.7 61768.3 68670 55920.3 38575.5 50921.8 156329 151314 291333 398187 416768 485364 100753 87246.4 127787 100275 88933.2 96756.3 133073 99027 59894.2 98393 69255.8
desembarqueobs
 494567 514787 250237 358949 120608 361735 552515 73892 212993 205616 52469 317467 293654 387597 252695 516296 358380 742168 942051 627588 828172 859565 418607 520667 417249 300574 415391 372974 316634 284311 391294 218835 356480
desembarquepred
 494571 513585 250822 359000 120616 361766 552593 73897.6 213054 205674 52472.3 317554 293723 387648 252694 516250 358409 742046 941858 627440 828291 859628 418629 520712 417259 300581 415404 372964 316633 284318 391269 218842 356498
Reclutas
 197741 95516.8 119246 170409 145425 226941 95433.6 48577.6 44459 58220.3 109461 141698 120417 85115.4 88723.9 446203 101805 699674 393027 311886 446026 592714 131808 367787 314978 148516 314661 363282 120368 112579 292649 125623 224648
log_desv_Rt
 0.137083 -0.590575 -0.368691 -0.0116772 -0.170218 0.274813 -0.591445 -1.26671 -1.35531 -1.08564 -0.454309 -0.196177 -0.358918 -0.705868 -0.664347 0.950898 -0.526822 1.40074 0.824001 0.592761 0.950501 1.23484 -0.268534 0.757628 0.602626 -0.149182 0.601618 0.745303 -0.359324 -0.426218 0.529096 -0.31659 0.264657
SSB
 2.74176e+06 1.85512e+06 907853 524649 583010 674951 835791 502961 469924 328560 221339 363478 385960 322829 219645 290282 919920 890410 1.76446e+06 1.30377e+06 1.39876e+06 1.70501e+06 1.61588e+06 1.34983e+06 1.85904e+06 1.54342e+06 1.29441e+06 1.35791e+06 1.93258e+06 1.35705e+06 929272 1.55897e+06 1.02128e+06
BT
 3.77656e+06 2.5578e+06 1.30575e+06 1.19131e+06 1.06391e+06 1.83153e+06 1.33537e+06 1.05189e+06 908709 681400 648674 906865 962655 974681 880301 1.71288e+06 1.54802e+06 3.97383e+06 3.67589e+06 2.47357e+06 3.91284e+06 3.61663e+06 2.63428e+06 4.2885e+06 3.13379e+06 2.74755e+06 3.74308e+06 3.567e+06 2.68045e+06 2.23875e+06 2.54044e+06 2.61353e+06 2.37938e+06
Ftot
 0.162009 0.291098 0.284302 0.463218 0.146116 0.3149 0.643885 0.10385 0.407395 0.525785 0.138427 0.574357 0.530232 0.913326 0.646611 0.58832 0.288992 0.350449 0.440159 0.401431 0.318647 0.405162 0.213235 0.218638 0.198088 0.15419 0.214024 0.185813 0.140183 0.191569 0.253933 0.102756 0.237525
BD_Bspro_t
 0.974412 0.828082 0.65752 0.579551 0.579645 0.659422 0.633252 0.467244 0.538848 0.495953 0.467498 0.667444 0.550647 0.456475 0.352357 0.41501 0.587984 0.566822 0.662702 0.563636 0.536492 0.582409 0.602936 0.599103 0.699053 0.709831 0.718473 0.747229 0.795497 0.737844 0.68979 0.762652 0.763101
BD_Bspro
 2.20736 1.49354 0.730901 0.422388 0.469374 0.543394 0.672885 0.404927 0.378329 0.264519 0.178197 0.292631 0.310731 0.259905 0.176833 0.233702 0.740616 0.716858 1.42054 1.04965 1.12612 1.37268 1.30092 1.08673 1.49669 1.24258 1.04212 1.09324 1.5559 1.09254 0.748145 1.25511 0.822221
BD_Bo
 2.45372 1.66023 0.812479 0.469532 0.521762 0.604044 0.747987 0.450123 0.420556 0.294043 0.198086 0.325293 0.345413 0.288914 0.19657 0.259786 0.823278 0.796868 1.57909 1.1668 1.25181 1.52589 1.44612 1.20802 1.66374 1.38127 1.15843 1.21526 1.72956 1.21449 0.831647 1.39519 0.913992
BD_Brms
 2.62939 1.7791 0.870646 0.503147 0.559116 0.647289 0.801538 0.482348 0.450665 0.315095 0.212268 0.348581 0.370142 0.309598 0.210643 0.278385 0.882219 0.853918 1.69214 1.25034 1.34143 1.63513 1.54966 1.29451 1.78285 1.48016 1.24136 1.30226 1.85338 1.30143 0.891187 1.49508 0.979427
Sel_flota
 0.498502 1 1 1 1
 0.498502 1 1 1 1
 0.498502 1 1 1 1
 0.498502 1 1 1 1
 0.498502 1 1 1 1
 0.498502 1 1 1 1
 0.498502 1 1 1 1
 0.498502 1 1 1 1
 0.498502 1 1 1 1
 0.498502 1 1 1 1
 0.498502 1 1 1 1
 0.498502 1 1 1 1
 0.498502 1 1 1 1
 0.498502 1 1 1 1
 0.498502 1 1 1 1
 0.498502 1 1 1 1
 0.498502 1 1 1 1
 0.498502 1 1 1 1
 0.498502 1 1 1 1
 0.498502 1 1 1 1
 0.498502 1 1 1 1
 0.498502 1 1 1 1
 0.498502 1 1 1 1
 0.498502 1 1 1 1
 0.498502 1 1 1 1
 0.498502 1 1 1 1
 0.498502 1 1 1 1
 0.498502 1 1 1 1
 0.498502 1 1 1 1
 0.498502 1 1 1 1
 0.498502 1 1 1 1
 0.498502 1 1 1 1
 0.498502 1 1 1 1
Sel_reclas
 1 1 1 1 1
 1 1 1 1 1
 1 1 1 1 1
 1 1 1 1 1
 1 1 1 1 1
 1 1 1 1 1
 1 1 1 1 1
 1 1 1 1 1
 1 1 1 1 1
 1 1 1 1 1
 1 1 1 1 1
 1 1 1 1 1
 1 1 1 1 1
 1 1 1 1 1
 1 1 1 1 1
 1 1 1 1 1
 1 1 1 1 1
 1 1 1 1 1
 1 1 1 1 1
 1 1 1 1 1
 1 1 1 1 1
 1 1 1 1 1
 1 1 1 1 1
 1 1 1 1 1
 1 1 1 1 1
 1 1 1 1 1
 1 1 1 1 1
 1 1 1 1 1
 1 1 1 1 1
 1 1 1 1 1
 1 1 1 1 1
 1 1 1 1 1
 1 1 1 1 1
Sel_pelaces
 1 1 1 1 1
 1 1 1 1 1
 1 1 1 1 1
 1 1 1 1 1
 1 1 1 1 1
 1 1 1 1 1
 1 1 1 1 1
 1 1 1 1 1
 1 1 1 1 1
 1 1 1 1 1
 1 1 1 1 1
 1 1 1 1 1
 1 1 1 1 1
 1 1 1 1 1
 1 1 1 1 1
 1 1 1 1 1
 1 1 1 1 1
 1 1 1 1 1
 1 1 1 1 1
 1 1 1 1 1
 1 1 1 1 1
 1 1 1 1 1
 1 1 1 1 1
 1 1 1 1 1
 1 1 1 1 1
 1 1 1 1 1
 1 1 1 1 1
 1 1 1 1 1
 1 1 1 1 1
 1 1 1 1 1
 1 1 1 1 1
 1 1 1 1 1
 1 1 1 1 1
pf_obs 
 0.8446 0.082 0.0669 0.0065 0
 0.8095 0.147 0.0364 0.0071 0
 0.9664 0.0169 0.016 0.0007 0
 0.9276 0.0648 0.0075 0.0001 0
 0.7033 0.2144 0.0806 0.0017 0
 0.9318 0.0425 0.0243 0.0014 0
 0.5671 0.3108 0.0964 0.0239 0.0018
 0.0768 0.2599 0.5324 0.112 0.0189
 0.490249 0.384438 0.106611 0.0170017 0.00170017
 0.7925 0.1577 0.0466 0.003 0.0002
 0.840416 0.127587 0.0312969 0.00059994 9.999e-05
 0.8084 0.0986 0.0794 0.0134 0.0002
 0.7335 0.1905 0.0724 0.0035 0.0001
 0.4001 0.4547 0.1325 0.0127 0
 0.49795 0.308269 0.164784 0.0264974 0.00249975
 0.9179 0.0499 0.0305 0.0017 0
 0.2467 0.6533 0.0926 0.0074 0
 0.9418 0.0223 0.034 0.0019 0
 0.707729 0.231977 0.0356964 0.0245975 0
 0.517169 0.277429 0.184464 0.0207286 0.00020938
 0.811772 0.124168 0.05621 0.00726502 0.000585176
 0.764997 0.148141 0.077277 0.00933861 0.000247198
 0.163321 0.427699 0.378323 0.0303852 0.000271297
 0.753843 0.0900009 0.118128 0.0371064 0.000921714
 0.721811 0.176058 0.0630433 0.0369309 0.00215725
 0.143369 0.312575 0.442814 0.0836902 0.0175525
 0.692698 0.0596174 0.167031 0.0765114 0.00414204
 0.394062 0.376323 0.152708 0.0712218 0.00568511
 0.125707 0.32114 0.495352 0.0537591 0.00404204
 0.23352 0.215282 0.420074 0.123614 0.00750983
 0.796117 0.104755 0.0508955 0.0450114 0.00322123
 0.162477 0.292055 0.404252 0.121198 0.0200186
 0 0 0 0 0
pf_pred 
 0.373636 0.131248 0.467189 0.027926 1.02346e-06
 0.295183 0.392334 0.0654775 0.233073 0.0139324
 0.497653 0.240287 0.145875 0.0243454 0.0918398
 0.625649 0.256048 0.0565877 0.0343534 0.0273616
 0.543878 0.36231 0.0641651 0.0141808 0.0154657
 0.633692 0.261581 0.0831872 0.0147324 0.00680688
 0.373968 0.496028 0.0928365 0.0295236 0.00764442
 0.365927 0.37669 0.203934 0.0381682 0.015281
 0.435126 0.307374 0.152975 0.0828184 0.021706
 0.605048 0.251272 0.0781831 0.0389105 0.0265866
 0.727372 0.213513 0.0376098 0.0117022 0.00980343
 0.640341 0.304965 0.0428343 0.00754515 0.0043144
 0.579254 0.340818 0.0677735 0.00951921 0.00263559
 0.530117 0.359335 0.0895473 0.017807 0.00319358
 0.654427 0.259733 0.0656444 0.0163588 0.00383644
 0.89657 0.0851035 0.0137739 0.00348119 0.00107097
 0.295399 0.672361 0.0265272 0.00429341 0.00141894
 0.846587 0.0733967 0.0763549 0.0030125 0.000648708
 0.477588 0.483152 0.0187831 0.0195401 0.000936946
 0.49539 0.341683 0.150683 0.005858 0.00638631
 0.635131 0.251719 0.0766168 0.0337883 0.00274559
 0.644721 0.28193 0.0506027 0.0154022 0.00734435
 0.236561 0.614243 0.118394 0.0212502 0.00955222
 0.636586 0.144805 0.175887 0.033902 0.00882022
 0.51546 0.382547 0.0406397 0.0493631 0.0119901
 0.335491 0.460901 0.16075 0.0170772 0.0257812
 0.62496 0.192994 0.126266 0.0440384 0.0117413
 0.585353 0.323777 0.0467614 0.0305937 0.0135151
 0.275353 0.543156 0.141717 0.0204675 0.0193065
 0.384894 0.272341 0.256917 0.0670335 0.0188134
 0.699504 0.171465 0.0571294 0.0538939 0.0180082
 0.360068 0.533956 0.0604705 0.0201478 0.0253577
 0.590041 0.220465 0.158113 0.0179063 0.0134749
pobs_RECLAS
 0 0 0 0 0
 0 0 0 0 0
 0 0 0 0 0
 0 0 0 0 0
 0 0 0 0 0
 0 0 0 0 0
 0 0 0 0 0
 0 0 0 0 0
 0 0 0 0 0
 0 0 0 0 0
 0.991045 0.00858322 0.000360255 1.14367e-05 0
 0.934742 0.0480273 0.0164251 0.00080598 0
 0.827803 0.169806 0.00239088 0 0
 0.941827 0.0461693 0.0120037 0 0
 0.791401 0.0380133 0.147996 0.0225897 0
 0.846168 0.0940531 0.0597789 0 0
 0.134021 0.677848 0.182769 0.00536245 0
 0.80878 0.0450904 0.141981 0.00414843 0
 0.846168 0.0940531 0.0597789 0 0
 0.905697 0.0802665 0.012482 0.00150086 5.37128e-05
 0.989698 0.0102097 9.19794e-05 0 0
 0.975433 0.0193895 0.00387452 0.00125025 5.28907e-05
 0.303575 0.632131 0.0575291 0.00676475 0
 0.966965 0.00978017 0.0227588 0.000495775 0
 0.843318 0.132988 0.00938335 0.0141283 0.000182051
 0.564624 0.303363 0.111486 0.0197234 0.00080311
 0.826376 0.0876187 0.0782897 0.00655872 0.00115652
 0.89761 0.0855135 0.0140674 0.00269457 0.000114338
 0.34875 0.467042 0.161289 0.0227151 0.000203297
 0.318654 0.224769 0.449479 0.00709798 0
 0.937255 0.0296025 0.0250945 0.00804832 0
 0.456809 0.399803 0.12412 0.0192676 0
 0.883104 0.0372192 0.0704036 0.00927362 0
ppred_RECLAS
 0.546599 0.0950054 0.33818 0.0202146 7.40844e-07
 0.460152 0.300504 0.0501519 0.17852 0.0106714
 0.668372 0.158628 0.0963002 0.0160718 0.0606288
 0.774703 0.154098 0.0340563 0.0206751 0.0164671
 0.706564 0.233085 0.0412792 0.00912289 0.00994951
 0.779044 0.157785 0.0501784 0.00888659 0.0041059
 0.554632 0.352881 0.0660452 0.0210035 0.00543835
 0.53768 0.274655 0.148694 0.0278295 0.0111418
 0.612253 0.210991 0.105007 0.0568491 0.0148996
 0.759942 0.152727 0.0475208 0.0236503 0.0161597
 0.843399 0.122645 0.0216036 0.00672192 0.00563122
 0.786876 0.180714 0.0253823 0.00447104 0.00255659
 0.739977 0.210627 0.0418843 0.0058829 0.0016288
 0.706441 0.224495 0.0559447 0.0111249 0.00199519
 0.79793 0.151877 0.0383849 0.00956563 0.00224332
 0.947354 0.0433181 0.007011 0.00177194 0.000545131
 0.46038 0.514929 0.0203159 0.00328812 0.0010867
 0.918508 0.0389879 0.0405593 0.00160022 0.00034459
 0.652536 0.321351 0.0124929 0.0129964 0.000623177
 0.667951 0.224837 0.0991541 0.00385474 0.00420238
 0.780148 0.151673 0.0461655 0.0203592 0.00165436
 0.788103 0.16815 0.0301806 0.00918621 0.00438034
 0.385713 0.494239 0.0952638 0.0170986 0.00768602
 0.78025 0.0875606 0.106356 0.0204999 0.00533342
 0.682939 0.250321 0.0265928 0.032301 0.00784576
 0.504934 0.343376 0.119761 0.0127227 0.0192073
 0.771527 0.117571 0.0769208 0.026828 0.00715275
 0.740697 0.202476 0.0292426 0.019132 0.00845179
 0.434101 0.424167 0.110671 0.0159837 0.015077
 0.558798 0.195345 0.184281 0.0480817 0.0134945
 0.825408 0.099623 0.0331929 0.031313 0.010463
 0.531363 0.391028 0.0442839 0.0147547 0.01857
 0.744923 0.137174 0.0983781 0.0111413 0.00838412
pobs_PELACES
 0 0 0 0 0
 0 0 0 0 0
 0 0 0 0 0
 0 0 0 0 0
 0 0 0 0 0
 0 0 0 0 0
 0 0 0 0 0
 0 0 0 0 0
 0 0 0 0 0
 0 0 0 0 0
 0 0 0 0 0
 0 0 0 0 0
 0 0 0 0 0
 0 0 0 0 0
 0 0 0 0 0
 0 0 0 0 0
 0.505614 0.472636 0.0217494 0 0
 0 0 0 0 0
 0.443492 0.261883 0.143347 0.151278 0
 0.227955 0.32914 0.350689 0.0885471 0.00366901
 0.970185 0.0296113 0.000203453 0 0
 0.997202 0.00247181 0.000326279 0 0
 0.445219 0.490057 0.0546422 0.010081 0
 0.90214 0.0892962 0.00764917 0.000914606 0
 0 0 0 0 0
 0.581667 0.319106 0.0959925 0.00289975 0.000334073
 0.762889 0.0836404 0.116647 0.0363945 0.000428098
 0.88444 0.0763242 0.0277011 0.0115352 0
 0.521256 0.241999 0.230069 0.00667565 0
 0.616807 0.101726 0.260614 0.0208532 0
 0.833518 0.0704572 0.0857862 0.0102388 0
 0.697417 0.212968 0.0787535 0.0105354 0.000325836
 0 0 0 0 0
ppred_PELACES
 0.553235 0.0936149 0.333231 0.0199188 7.30001e-07
 0.47214 0.293831 0.0490382 0.174556 0.0104344
 0.678717 0.153679 0.0932962 0.0155704 0.0587375
 0.787801 0.14514 0.0320764 0.0194731 0.0155098
 0.711552 0.229122 0.0405775 0.0089678 0.00978037
 0.787884 0.151473 0.0481709 0.00853105 0.00394163
 0.580777 0.332166 0.0621681 0.0197705 0.00511909
 0.54195 0.272118 0.147321 0.0275725 0.0110389
 0.628133 0.20235 0.100707 0.0545209 0.0142894
 0.775456 0.142857 0.0444498 0.022122 0.0151154
 0.846401 0.120294 0.0211894 0.00659307 0.00552327
 0.802382 0.167566 0.0235356 0.00414575 0.00237058
 0.756503 0.19724 0.0392223 0.00550902 0.00152529
 0.736782 0.201292 0.0501624 0.00997507 0.00178897
 0.814635 0.139321 0.0352115 0.00877482 0.00205786
 0.952004 0.0394922 0.00639178 0.00161544 0.000496984
 0.472282 0.503572 0.0198679 0.0032156 0.00106273
 0.922745 0.0369608 0.0384505 0.00151702 0.000326673
 0.668864 0.306251 0.0119059 0.0123857 0.000593893
 0.682518 0.214974 0.0948043 0.00368563 0.00401803
 0.789059 0.145526 0.0442943 0.019534 0.0015873
 0.799084 0.159436 0.0286166 0.00871014 0.00415334
 0.394107 0.487485 0.093962 0.0168649 0.00758099
 0.786391 0.0851137 0.103384 0.019927 0.00518438
 0.689995 0.244751 0.026001 0.0315822 0.00767117
 0.511312 0.338952 0.118218 0.0125588 0.0189598
 0.777711 0.114389 0.074839 0.0261019 0.00695917
 0.74656 0.197899 0.0285815 0.0186994 0.00826071
 0.439809 0.419889 0.109555 0.0158225 0.0149249
 0.566599 0.191891 0.181023 0.0472316 0.0132559
 0.831382 0.0962145 0.0320572 0.0302416 0.010105
 0.535595 0.387497 0.043884 0.0146215 0.0184023
 0.75232 0.133196 0.0955252 0.0108182 0.00814099
pobs_pel_tallas
 0 0 0 0 0 0 0 0 0 0 0 0 0 0 0 0 0 0 0 0 0 0 0 0 0 0
 0 0 0 0 0 0 0 0 0 0 0 0 0 0 0 0 0 0 0 0 0 0 0 0 0 0
 0 0 0 0 0 0 0 0 0 0 0 0 0 0 0 0 0 0 0 0 0 0 0 0 0 0
 0 0 0 0 0 0 0 0 0 0 0 0 0 0 0 0 0 0 0 0 0 0 0 0 0 0
 0 0 0 0 0 0 0 0 0 0 0 0 0 0 0 0 0 0 0 0 0 0 0 0 0 0
 0 0 0 0 0 0 0 0 0 0 0 0 0 0 0 0 0 0 0 0 0 0 0 0 0 0
 0 0 0 0 0 0 0 0 0 0 0 0 0 0 0 0 0 0 0 0 0 0 0 0 0 0
 0 0 0 0 0 0 0 0 0 0 0 0 0 0 0 0 0 0 0 0 0 0 0 0 0 0
 0 0 0 0 0 0 0 0 0 0 0 0 0 0 0 0 0 0 0 0 0 0 0 0 0 0
 0 0 0 0 0 0 0 0 0 0 0 0 0 0 0 0 0 0 0 0 0 0 0 0 0 0
 0 0 0 0 0 0 0 0 0 0 0 0 0 0 0 0 0 0 0 0 0 0 0 0 0 0
 0 0 0 0 0 0 0 0 0 0 0 0 0 0 0 0 0 0 0 0 0 0 0 0 0 0
 0.00862536 0 0 0.000197151 0.00414017 0.0128641 0.00837892 0.0270097 0.101434 0.158115 0.152841 0.127902 0.109271 0.109419 0.0830992 0.0579132 0.0238553 0.00714673 0.00463305 0.00128148 0.00103504 0.000492878 0.000147863 0.000147863 4.92878e-05 0
 0 0 0 0 0 0 0 0 0 0 0 0 0 0 0 0 0 0 0 0 0 0 0 0 0 0
 0 0 0 0 0 0 0 0.0054083 0.00873648 0.0413646 0.0450493 0.0745869 0.0622846 0.0627006 0.0613931 0.0827291 0.12552 0.122667 0.0946155 0.0697135 0.0546179 0.0294188 0.0215738 0.0213955 0.0102223 0.00600262
 0 0 0 0 0.00359764 0.0251062 0.0480494 0.140153 0.205849 0.193036 0.1447 0.116669 0.0760912 0.0342217 0.00950174 0.001854 0.000860785 0 0 0 0.000165536 0 0.000143464 0 0 0
 0 0 0 0 0 0 0 0.000145254 0.000435761 0.0275982 0.070085 0.0708112 0.156366 0.174668 0.174014 0.160142 0.0824315 0.0480064 0.0283245 0.00493863 0.00203355 0 0 0 0 0
 0 0 0 0 0 0 0 0 0 0 0 0 0 0 0 0 0 0 0 0 0 0 0 0 0 0
 0 0 1.00437e-05 0.000401748 0.00122533 0.00171747 0.00176769 0.0269171 0.070346 0.194647 0.189555 0.159765 0.064822 0.0314167 0.0384472 0.0292271 0.0345202 0.0313363 0.0194345 0.0106764 0.0143323 0.0359363 0.0279516 0.0138201 0.00172751 0
 0 0.0021121 0.0136068 0.0755702 0.200478 0.177729 0.0527432 0.0373336 0.0318909 0.0142505 0.0149659 0.0166563 0.0217959 0.0798694 0.0677717 0.0528807 0.04013 0.0224614 0.0357745 0.0225083 0.00881397 0.00855152 0.00135912 0.000746735 0 0
 0 0 0 0 5.4009e-05 0.00500934 0.000945158 0.0243581 0.138947 0.33067 0.221406 0.137944 0.0707744 0.0437923 0.0131692 0.00525238 0.0047753 0.00276346 9.45158e-05 9.00151e-06 2.25038e-05 9.00151e-06 4.50075e-06 0 0 0
 0.000866109 0.00284123 0.00948549 0.0512746 0.133035 0.25785 0.225252 0.132002 0.0553304 0.0519788 0.0540692 0.017754 0.00435017 0.00159236 0.00146478 0.000404838 0.000125132 0.000115318 0.000107957 0.000100596 0 0 0 0 0 0
 0 0 0 0 0.00144013 0.00171154 0.00461396 0.0210425 0.0478622 0.0707936 0.0888783 0.103762 0.0637923 0.0337046 0.0602308 0.124433 0.169614 0.0934646 0.0462172 0.0250306 0.0313229 0.00938855 0.002487 0.000210481 0 0
 0 0.00764035 0.051015 0.0998891 0.058973 0.0496711 0.0374665 0.0718981 0.12319 0.153886 0.159021 0.0857701 0.0377988 0.023471 0.0147837 0.00900784 0.00315554 0.000888139 0.00291439 0.00214683 0.00393193 0.00274676 0.000635225 9.99891e-05 0 0
 0 0 0 0 0 0 0 0 0 0 0 0 0 0 0 0 0 0 0 0 0 0 0 0 0 0
 0 0 0 0 0 0 0 0 0 0 0 0 0 0 0 0 0 0 0 0 0 0 0 0 0 0
 0 0 0 0 0 0 0 0 0 0 0 0 0 0 0 0 0 0 0 0 0 0 0 0 0 0
 0 0 0 0 0 0 0 0 0 0 0 0 0 0 0 0 0 0 0 0 0 0 0 0 0 0
 0 0 0 0 0 0 0 0 0 0 0 0 0 0 0 0 0 0 0 0 0 0 0 0 0 0
 0 0 0 0 0 0 0 0 0 0 0 0 0 0 0 0 0 0 0 0 0 0 0 0 0 0
 0 0 0 0 0 0 0 0 0 0 0 0 0 0 0 0 0 0 0 0 0 0 0 0 0 0
 0 0 0 0 0 0 0 0 0 0 0 0 0 0 0 0 0 0 0 0 0 0 0 0 0 0
 0 0 0 0 0 0 0 0 0 0 0 0 0 0 0 0 0 0 0 0 0 0 0 0 0 0
ppred_pel_tallas
 1.11638e-16 4.55692e-05 0.000442949 0.00294355 0.013381 0.0416332 0.0887044 0.129469 0.129478 0.0887511 0.0417917 0.013845 0.00413234 0.00311723 0.00535595 0.00938449 0.0149128 0.0216574 0.0292504 0.0373479 0.0455232 0.0529586 0.0583068 0.0600564 0.057279 0.0502325
 1.20762e-16 3.88896e-05 0.000378021 0.00251208 0.0114196 0.0355307 0.075703 0.110497 0.110525 0.0758418 0.0359969 0.0127672 0.00589922 0.00778773 0.0141602 0.0234862 0.0341812 0.0437977 0.0499495 0.0517455 0.0503991 0.0483856 0.0477692 0.0489827 0.0508252 0.0514208
 1.14234e-16 5.5905e-05 0.000543417 0.0036112 0.016416 0.0510763 0.108824 0.158835 0.15885 0.108897 0.0513219 0.0171272 0.00540269 0.00447543 0.00758653 0.0126213 0.0185765 0.0242221 0.0283558 0.0304771 0.0310704 0.0311827 0.0316382 0.0325216 0.0332531 0.033059
 1.05541e-16 6.48902e-05 0.000630756 0.00419159 0.0190544 0.0592853 0.126314 0.184362 0.184376 0.126383 0.0595154 0.0197192 0.00586184 0.00428163 0.00701287 0.0115299 0.0166981 0.0212092 0.0237862 0.0238718 0.0219633 0.0192584 0.0168948 0.0153767 0.0145264 0.0138321
 1.03785e-16 5.86097e-05 0.000569707 0.0037859 0.0172102 0.0535474 0.114089 0.166521 0.166543 0.114197 0.05391 0.0182578 0.0064162 0.00631415 0.0109757 0.018072 0.0260748 0.0328908 0.0364274 0.0357244 0.0315183 0.0257217 0.0202535 0.0161337 0.0133675 0.0114197
 1.02952e-16 6.4897e-05 0.000630822 0.00419203 0.0190564 0.0592916 0.126327 0.184382 0.184396 0.126399 0.059532 0.0197514 0.00593863 0.00445058 0.0073396 0.0120842 0.0175253 0.0222977 0.0250482 0.0251432 0.0230174 0.0198235 0.0166827 0.0141378 0.0121328 0.0103548
 1.04728e-16 4.78379e-05 0.000465001 0.0030901 0.0140472 0.0437061 0.0931216 0.13592 0.135952 0.0932782 0.0442319 0.0155663 0.00690465 0.0087967 0.0158846 0.0262199 0.0378495 0.0477739 0.0529637 0.0520211 0.0459944 0.0376235 0.0296513 0.0235275 0.0192582 0.0161039
 1.08955e-16 4.46397e-05 0.000433914 0.00288351 0.013108 0.0407841 0.0868959 0.126833 0.126859 0.087025 0.0412181 0.0143638 0.00604426 0.00736225 0.0132863 0.0221126 0.0323605 0.0417648 0.0480176 0.0500205 0.0484412 0.0450529 0.0414372 0.0381343 0.0347655 0.0307514
 1.10844e-16 5.17385e-05 0.000502917 0.00334206 0.0151925 0.0472697 0.100714 0.146999 0.147019 0.10081 0.0475924 0.0161264 0.00569277 0.00565658 0.00990499 0.016467 0.0241305 0.0312316 0.0361136 0.0380446 0.037613 0.0361953 0.0349387 0.0340905 0.0330965 0.0312055
 1.06096e-16 6.38733e-05 0.000620871 0.00412591 0.0187558 0.0583563 0.124335 0.181473 0.181487 0.124402 0.0585832 0.0194117 0.00577474 0.00422829 0.00693898 0.0114346 0.0166199 0.021234 0.0240444 0.0245093 0.0230924 0.0209075 0.0189822 0.0177215 0.0168953 0.0160022
 1.02239e-16 6.97169e-05 0.000677673 0.00450338 0.0204717 0.0636952 0.13571 0.198075 0.198086 0.135766 0.0638856 0.0210218 0.00588449 0.0036941 0.00580281 0.00949456 0.0136987 0.017288 0.0191651 0.0188309 0.0166763 0.0137068 0.0109259 0.00885814 0.0074898 0.00652244
 1.0154e-16 6.60912e-05 0.00064243 0.00426917 0.0194071 0.0603826 0.128652 0.187775 0.187791 0.128731 0.0606476 0.0201724 0.00619014 0.00483579 0.00802968 0.013169 0.0189613 0.023838 0.0262454 0.0254651 0.022034 0.0173731 0.0129324 0.00952195 0.00721065 0.00565646
 1.01993e-16 6.23122e-05 0.000605697 0.00402507 0.0182974 0.0569301 0.121296 0.177039 0.177058 0.121389 0.0572423 0.0191995 0.00629032 0.0055534 0.0094666 0.0155714 0.0224708 0.0283508 0.0313999 0.0307715 0.0270685 0.0219032 0.0169051 0.0129604 0.0101236 0.00801898
 1.02803e-16 6.06878e-05 0.000589907 0.00392014 0.0178204 0.055446 0.118134 0.172424 0.172444 0.118229 0.055765 0.0187423 0.00623594 0.00565085 0.00968855 0.0159633 0.0230883 0.0292389 0.03259 0.0322879 0.028932 0.0241173 0.0194289 0.0156872 0.0128867 0.0106278
 1.02281e-16 6.71005e-05 0.00065224 0.00433437 0.0197034 0.0613047 0.130617 0.190642 0.190655 0.130682 0.0615255 0.0203416 0.0059376 0.00415626 0.00673406 0.0110585 0.0159984 0.0202753 0.0226298 0.022477 0.0202356 0.0170088 0.0138854 0.0114178 0.00958139 0.0080794
 1.00441e-16 7.84153e-05 0.000762225 0.00506525 0.0230259 0.0716421 0.152641 0.222785 0.222789 0.15266 0.0717046 0.0232064 0.00551834 0.00175156 0.001958 0.0031146 0.00448313 0.00564598 0.00623554 0.00608352 0.00531541 0.00426173 0.0032571 0.00248409 0.00195233 0.00157855
 1.01205e-16 3.89013e-05 0.000378135 0.00251284 0.011423 0.0355416 0.0757269 0.110536 0.110584 0.0759636 0.0363361 0.0137168 0.00826646 0.0129245 0.0238262 0.0392212 0.056245 0.0702005 0.0763268 0.0724276 0.0602064 0.044177 0.0290575 0.0176482 0.0103996 0.00631516
 1.01327e-16 7.60053e-05 0.000738799 0.00490958 0.0223182 0.0694403 0.14795 0.215938 0.215942 0.147968 0.0694998 0.0224908 0.00534519 0.00169784 0.00192107 0.00311707 0.00462531 0.00611135 0.00727841 0.00797108 0.00823013 0.00820131 0.00798349 0.00755815 0.00684968 0.00583885
 1.01765e-16 5.50935e-05 0.000535528 0.00355878 0.0161777 0.050335 0.107245 0.156533 0.156563 0.107389 0.0508182 0.017573 0.00705878 0.00816849 0.0145293 0.0238751 0.0342538 0.0427974 0.0466274 0.0444302 0.037259 0.0278605 0.0190785 0.0125598 0.00850038 0.00621757
 1.03841e-16 5.62182e-05 0.000546461 0.00363142 0.0165079 0.0513624 0.109434 0.159726 0.159747 0.109536 0.0517044 0.017497 0.00611879 0.00599188 0.0104432 0.0172929 0.0251766 0.0322203 0.036526 0.0371755 0.0347057 0.030616 0.0263447 0.022559 0.0191835 0.015897
 1.03544e-16 6.49938e-05 0.000631762 0.00419828 0.0190848 0.05938 0.126516 0.184656 0.184671 0.126585 0.059611 0.0197526 0.00587654 0.00430237 0.00705678 0.011618 0.0168589 0.0214747 0.0241798 0.0243843 0.0225236 0.0197118 0.0170104 0.0148967 0.0132509 0.0117047
 1.02444e-16 6.58196e-05 0.00063979 0.00425163 0.0193273 0.0601345 0.128123 0.187003 0.187018 0.128199 0.0603868 0.0200563 0.00608215 0.00463772 0.00766423 0.0125812 0.0181529 0.0229037 0.0253767 0.024903 0.0219914 0.0179663 0.0141544 0.0112576 0.00927697 0.00784624
 1.05811e-16 3.24622e-05 0.000315544 0.0020969 0.00953224 0.0296586 0.0631925 0.0922412 0.0922882 0.0634223 0.0304303 0.0117617 0.00769497 0.0125425 0.023272 0.0384697 0.0555251 0.0700554 0.0775983 0.0760772 0.0670044 0.0543865 0.0422622 0.0328097 0.0261222 0.0212081
 1.05882e-16 6.4774e-05 0.000629627 0.00418409 0.0190203 0.0591792 0.126088 0.184031 0.184039 0.126129 0.0593169 0.0194199 0.00519427 0.00285869 0.00436817 0.00730207 0.010941 0.014656 0.0178302 0.0201519 0.0217183 0.0227995 0.023483 0.0235353 0.0225906 0.0204705
 1.05279e-16 5.6834e-05 0.000552447 0.0036712 0.0166888 0.0519251 0.110633 0.161477 0.1615 0.110748 0.0523121 0.0178064 0.00647664 0.0066768 0.0116889 0.0192379 0.0277213 0.0349026 0.0385575 0.0376994 0.0331847 0.0271404 0.0216747 0.0178655 0.0156162 0.0141867
 1.07967e-16 4.21161e-05 0.000409384 0.0027205 0.012367 0.0384786 0.0819839 0.119665 0.119697 0.0821441 0.0390169 0.0139234 0.00663254 0.0089674 0.0163482 0.0270983 0.039355 0.0501663 0.0565305 0.0570405 0.0526589 0.0459307 0.0393123 0.0339624 0.0297117 0.0258373
 1.05985e-16 6.4059e-05 0.000622677 0.00413791 0.0188103 0.058526 0.124696 0.182 0.182011 0.124751 0.0587089 0.0193401 0.00547265 0.0035528 0.00567726 0.00941164 0.0138519 0.0180546 0.0210967 0.0225531 0.022704 0.0222348 0.021688 0.0211282 0.0202379 0.0186686
 1.04149e-16 6.14932e-05 0.000597735 0.00397216 0.0180569 0.0561818 0.119702 0.174712 0.174732 0.119795 0.0564949 0.0189613 0.00624273 0.00555584 0.00948241 0.015592 0.0224883 0.0283572 0.0314012 0.0308131 0.0272618 0.0224322 0.0179964 0.0148133 0.0128231 0.011473
 1.07382e-16 3.62266e-05 0.000352135 0.00234006 0.0106376 0.0330978 0.0705198 0.102934 0.102975 0.070718 0.0337634 0.0125613 0.00717266 0.0109146 0.0201342 0.0333277 0.0482378 0.0611453 0.0682647 0.0678312 0.0611032 0.0514031 0.0420173 0.0346214 0.0291563 0.024735
 1.12253e-16 4.667e-05 0.00045365 0.00301466 0.0137042 0.042639 0.0908477 0.132599 0.132617 0.0909394 0.0429478 0.0145993 0.0052739 0.0054269 0.00961345 0.0161384 0.0239931 0.0317498 0.0379541 0.0419084 0.0439614 0.0449875 0.0455214 0.0453234 0.0436785 0.0400612
 1.05693e-16 6.84798e-05 0.000665648 0.00442347 0.0201084 0.0625649 0.133301 0.194559 0.194569 0.133347 0.0627179 0.0205509 0.00553614 0.00310177 0.00471668 0.00774753 0.0112957 0.0145155 0.016607 0.0172376 0.0167395 0.0158532 0.0152175 0.0150085 0.0149504 0.0145969
 1.05947e-16 4.41164e-05 0.000428827 0.00284971 0.0129544 0.0403061 0.0858777 0.125349 0.125386 0.0860602 0.0409186 0.0147233 0.00728937 0.0101189 0.0184424 0.0304073 0.0437737 0.0550023 0.0605227 0.0587127 0.0508795 0.0403859 0.0306418 0.0235139 0.0190681 0.0163435
 1.05254e-16 6.19676e-05 0.000602347 0.00400281 0.0181962 0.0566152 0.120625 0.176059 0.176072 0.120689 0.0568284 0.0188135 0.00555817 0.00401723 0.00660468 0.0109702 0.0161457 0.0210319 0.0245306 0.0261064 0.0260336 0.0250671 0.0238332 0.0224658 0.0207205 0.0183507
pSPR Fmed_Fpbrs
1   0.98319 0.6 0.325 0.98319 0.98319 0.98319
Fs Fmed_Fpbrs
0   0.01 0.342185 0.879637 0.01 0.01 0.01
SSBpbr Bo_Bmed_Bpbrs
1.11739e+06  1.06152e+06  1.04273e+06 614563 307281 1.04273e+06 1.04273e+06 1.04273e+06
Ro
172410
SPR SPRFo_SPRFmed_SPRFpbrs
1.2421e+06 1.2421e+06 1.22122e+06
Fref
0
Nvult_r0
 151233 31169.2 22353.8 2531.57 1905.07
CTP_r0
 16011.1 5982.47 4290.49 485.898 365.65
YTP_r0
356498
Np
 224648 82643.3 30402.8 11184.6 5628.23
Nvult_p0
 142004 52240.5 19218.2 7069.99 3557.72
CTP_p0
 0 0 0 0 0
 0 0 0 0 0
 0 0 0 0 0
 0 0 0 0 0
 0 0 0 0 0
 0 0 0 0 0
YTP_p0
 0 0 0 0 0 0
CBA_c0
0
log_Ro
11.8776
likeval ReclasPelacesDesembMPH_pf_preclas_ppelaces_ptallas_desvR_qrecl_qpela
 15.3468 17.4665 0.0573701 0.000918041 234.771 135.561 108.718 0 22.5051 2.57952e-07 6.97733e-07 0.286755 2068.37 0 0
q_reclas_q_pelaces
0.930692 1.12539
M
1
N
 197741 35794.8 127415 7616.17 0.279125
 95516.8 67100.9 11198.6 39862.6 2382.86
 119246 30392.3 18450.7 3079.28 11616.2
 170409 38071.3 8413.92 5107.95 4068.35
 145425 49763.6 8813.13 1947.74 2124.22
 226941 49740.5 15818.3 2801.42 1294.35
 95433.6 71358.2 13355.4 4247.24 1099.72
 48577.6 25468.8 13788.4 2580.63 1033.18
 44459 16969.1 8445.24 4572.12 1198.31
 58220.3 13349.5 4153.69 2067.23 1412.49
 109461 16479.7 2902.86 903.221 756.665
 141698 37583.4 5278.82 929.851 531.699
 120417 39149.3 7785.04 1093.46 302.746
 85115.4 34009.4 8475.24 1685.35 302.258
 88723.9 19860.1 5019.4 1250.85 293.348
 446203 23646 3827.08 967.248 297.57
 101805 122425 4830.13 781.753 258.362
 699674 32427 33733.9 1330.93 286.602
 393027 216138 8402.61 8741.27 419.142
 311886 116101 51200.8 1990.49 2170.01
 446026 93927.6 28589.1 12607.9 1024.5
 592714 139984 25125.3 7647.51 3646.63
 131808 178170 34342 6163.93 2770.76
 367787 43599.4 52958.2 10207.6 2655.69
 314978 121330 12889.4 15656.2 3802.81
 148516 104978 36613.8 3889.65 5872.14
 314661 50593.9 33101.1 11544.8 3078.02
 363282 104043 15026.4 9831.01 4342.97
 120368 121821 31784.9 4590.53 4330.12
 112579 41292.1 38953.5 10163.6 2852.47
 292649 37643.5 12542.3 11831.9 3953.55
 125623 94858.5 10742.7 3579.31 4504.86
 224648 43906.5 31488.8 3566.1 2683.58
pred_Ctot
 9762.31 3429.22 12206.6 729.648 0.0267408
 8252.8 10968.9 1830.63 6516.31 389.525
 10076.4 4865.28 2953.64 492.94 1859.55
 22632.5 9262.4 2047.03 1242.72 989.792
 6496.34 4327.61 766.418 169.382 184.729
 21109.4 8713.72 2771.11 490.763 226.749
 17000.4 22549.2 4220.31 1342.13 347.512
 1555.81 1601.58 867.068 162.28 64.9705
 5251.43 3709.63 1846.23 999.517 261.964
 8668.38 3599.92 1120.11 557.462 380.9
 4639.81 1361.97 239.908 74.6471 62.5348
 22826.1 10871 1526.9 268.96 153.794
 18064.5 10628.7 2113.57 296.864 82.193
 20415.4 13838.4 3448.56 685.766 122.988
 15863.6 6296.05 1591.25 396.544 92.997
 73423.7 6969.46 1128 285.089 87.7063
 8736.17 19884.5 784.519 126.974 41.9638
 71910.8 6234.47 6485.74 255.888 55.1026
 49829.5 50410 1959.75 2038.73 97.7569
 36343.6 25067.1 11054.7 429.764 468.523
 41949.9 16625.9 5060.48 2231.69 181.344
 69658 30460.8 5467.3 1664.11 793.511
 8475.43 22006.9 4241.8 761.347 342.234
 24221.8 5509.75 6692.43 1289.96 335.605
 18873.2 14006.7 1487.99 1807.39 439.008
 6989.47 9602.21 3349 355.78 537.115
 20304.7 6270.3 4102.35 1430.79 381.471
 20470 11322.6 1635.26 1069.87 472.628
 5164.98 10188.3 2658.29 383.923 362.144
 6532.34 4622.12 4360.34 1137.68 319.297
 22224.2 5447.66 1815.08 1712.28 572.145
 3981.9 5904.88 668.727 222.81 280.424
 16011.1 5982.47 4290.49 485.898 365.65
F
 0.0807617 0.162009 0.162009 0.162009 0.162009
 0.145113 0.291098 0.291098 0.291098 0.291098
 0.141725 0.284302 0.284302 0.284302 0.284302
 0.230915 0.463218 0.463218 0.463218 0.463218
 0.0728388 0.146116 0.146116 0.146116 0.146116
 0.156978 0.3149 0.3149 0.3149 0.3149
 0.320978 0.643885 0.643885 0.643885 0.643885
 0.0517696 0.10385 0.10385 0.10385 0.10385
 0.203087 0.407395 0.407395 0.407395 0.407395
 0.262105 0.525785 0.525785 0.525785 0.525785
 0.0690061 0.138427 0.138427 0.138427 0.138427
 0.286318 0.574357 0.574357 0.574357 0.574357
 0.264322 0.530232 0.530232 0.530232 0.530232
 0.455295 0.913326 0.913326 0.913326 0.913326
 0.322337 0.646611 0.646611 0.646611 0.646611
 0.293278 0.58832 0.58832 0.58832 0.58832
 0.144063 0.288992 0.288992 0.288992 0.288992
 0.1747 0.350449 0.350449 0.350449 0.350449
 0.21942 0.440159 0.440159 0.440159 0.440159
 0.200114 0.401431 0.401431 0.401431 0.401431
 0.158846 0.318647 0.318647 0.318647 0.318647
 0.201974 0.405162 0.405162 0.405162 0.405162
 0.106298 0.213235 0.213235 0.213235 0.213235
 0.108992 0.218638 0.218638 0.218638 0.218638
 0.0987473 0.198088 0.198088 0.198088 0.198088
 0.076864 0.15419 0.15419 0.15419 0.15419
 0.106691 0.214024 0.214024 0.214024 0.214024
 0.0926279 0.185813 0.185813 0.185813 0.185813
 0.0698813 0.140183 0.140183 0.140183 0.140183
 0.0954972 0.191569 0.191569 0.191569 0.191569
 0.126586 0.253933 0.253933 0.253933 0.253933
 0.0512241 0.102756 0.102756 0.102756 0.102756
 0.118407 0.237525 0.237525 0.237525 0.237525
YTP_r0W_actual
 120724 104394 103272 15218.3 12889.2
YTP_p0W_proyectada
 0 0 0 0 0
 0 0 0 0 0
 0 0 0 0 0
 0 0 0 0 0
 0 0 0 0 0
 0 0 0 0 0
CTP_r0_actual
 16011.1 5982.47 4290.49 485.898 365.65
CTP_p0_proyectada
 0 0 0 0 0
 0 0 0 0 0
 0 0 0 0 0
 0 0 0 0 0
 0 0 0 0 0
 0 0 0 0 0
Wmedp
 7.54 17.45 24.07 31.32 35.25
Frms_r0
 0.118407 0.237525 0.237525 0.237525 0.237525
Zrms_r0
 1.11841 1.23752 1.23752 1.23752 1.23752
nmprior
 7.29 8.9 8.7 0
nm_flota  nm_reclas  nm_pelaces    nm_pelaL
inf 12.3355 22.1749 76.596
cv_recla  cv_pelaces  cv_mph
0.339266 0.457819 0.80978
 ------------------------------------------------
Talla a la edad & desviaci?n 
 8 13.2811 15.8009 17.003 17.5766
 0.8 1.32811 1.58009 1.7003 1.75766
