years
 1991 1992 1993 1994 1995 1996 1997 1998 1999 2000 2001 2002 2003 2004 2005 2006 2007 2008 2009 2010 2011 2012 2013 2014 2015 2016 2017 2018 2019 2020 2021 2022 2023
reclasobs
 0 0 0 0 0 0 0 0 0 252601 567819 844713 477998 351125 339783 2.1784e+06 2.13404e+06 4.81314e+06 1.55562e+06 2.62356e+06 3.21686e+06 3.843e+06 1.13348e+06 3.07943e+06 1.97215e+06 2.03268e+06 2.025e+06 2.42433e+06 2.27542e+06 1.05018e+06 2.36338e+06 3.18982e+06 1.53035e+06
reclaspred
 2.92132e+06 1.63305e+06 862331 891591 914015 1.33886e+06 872747 829344 620308 471773 507457 623530 621155 508016 544464 1.26161e+06 1.30063e+06 2.7185e+06 2.24966e+06 1.71196e+06 3.01798e+06 2.42503e+06 2.00755e+06 3.01092e+06 2.27589e+06 2.06498e+06 2.38923e+06 2.52979e+06 2.15671e+06 1.54889e+06 2.0015e+06 2.21171e+06 1.80418e+06
pelacesobs
 0 0 0 0 0 0 0 0 0 0 0 0 0 0 0 552880 188675 0 991730 2.46772e+06 1.41603e+06 1.21717e+06 2.29649e+06 1.80582e+06 0 1.4828e+06 1.56532e+06 1.57751e+06 1.42118e+06 867257 1.10002e+06 1.06204e+06 0
pelacespred
 1.61514e+06 1.00868e+06 528583 448170 477672 724236 445838 511734 376534 273970 300979 311342 339370 299320 325990 619892 636286 1.51739e+06 1.31331e+06 925031 1.56618e+06 1.37736e+06 1.1298e+06 1.84551e+06 1.3508e+06 1.21864e+06 1.60332e+06 1.53505e+06 1.17464e+06 973430 1.08251e+06 1.20233e+06 1.02887e+06
mphobs
 0 0 0 0 0 0 0 0 0 0 0 0 498337 0 5186 125008 0 168611 109162 213762 579715 649985 157893 87575 83554 210694 70296 0 107559 103333 445601 22526 28222
mphpred
 442283 296408 147767 85950.4 97883.4 110744 136270 90459.4 83254.9 61011.8 42089.9 59766.7 66315.4 55671.6 41462.8 54056.6 149265 150803 265288 393287 418606 489253 100836 88783.9 127166 100068 89023.9 95660.8 129137 98115.3 61239.4 98037.1 69834.2
desembarqueobs
 494567 514787 250237 358949 120608 361735 552515 73892 212993 205616 52469 317467 293654 387597 252695 516296 358380 742168 942051 627588 828172 859565 418607 520667 417249 300574 415391 372974 316634 284311 391294 218835 356480
desembarquepred
 494571 513336 250962 358991 120614 361765 552595 73896.5 213042 205663 52471.9 317550 293727 387675 252704 516276 358407 742083 941921 627491 828279 859646 418631 520709 417264 300583 415407 372973 316638 284321 391282 218841 356494
Reclutas
 215498 110464 145063 214587 182168 273793 120464 64150 57459.9 73666 134574 165186 141047 101545 110971 538329 133164 817620 476446 373688 550722 725287 168568 469224 399410 191152 400734 460434 154905 145860 375654 166421 295116
log_desv_Rt
 0.00601085 -0.662252 -0.389776 0.00177422 -0.162009 0.24543 -0.575593 -1.20572 -1.31585 -1.0674 -0.464829 -0.259867 -0.417849 -0.74644 -0.657672 0.921529 -0.47536 1.33946 0.799414 0.55648 0.944289 1.21963 -0.239602 0.784138 0.623046 -0.113873 0.626357 0.765229 -0.324128 -0.384295 0.561729 -0.252423 0.320427
SSB
 3.71718e+06 2.49116e+06 1.24191e+06 722372 822663 930753 1.14529e+06 760268 699717 512775 353745 502311 534445 460180 338474 441381 1.2545e+06 1.26743e+06 2.29028e+06 1.76671e+06 1.92514e+06 2.34591e+06 2.22473e+06 1.89301e+06 2.55684e+06 2.12525e+06 1.79072e+06 1.85837e+06 2.59323e+06 1.86305e+06 1.30841e+06 2.14372e+06 1.42188e+06
BT
 4.96515e+06 3.34787e+06 1.73998e+06 1.56107e+06 1.43748e+06 2.33974e+06 1.7604e+06 1.49908e+06 1.27212e+06 967539 892772 1.14394e+06 1.21858e+06 1.24012e+06 1.17077e+06 2.17115e+06 2.06885e+06 4.90649e+06 4.60179e+06 3.18535e+06 5.04573e+06 4.70342e+06 3.5368e+06 5.6587e+06 4.18979e+06 3.68698e+06 4.92119e+06 4.6708e+06 3.55929e+06 3.00926e+06 3.38575e+06 3.54479e+06 3.20604e+06
Ftot
 0.12267 0.221439 0.215144 0.352049 0.11053 0.246712 0.478093 0.0733649 0.283116 0.355687 0.101804 0.451151 0.412403 0.683013 0.471818 0.462943 0.222372 0.281391 0.357545 0.312175 0.245598 0.314717 0.162231 0.166136 0.15156 0.117533 0.164056 0.145841 0.108767 0.143044 0.192728 0.0786774 0.177994
BD_Bspro_t
 0.980709 0.866477 0.727778 0.663616 0.667476 0.73276 0.707664 0.572757 0.639702 0.60971 0.586997 0.73879 0.632811 0.548315 0.458076 0.519174 0.66318 0.653049 0.721483 0.638694 0.617325 0.660179 0.679764 0.681076 0.76475 0.773639 0.781382 0.802981 0.840526 0.795725 0.758597 0.81719 0.819214
BD_Bspro
 2.40872 1.61427 0.804753 0.468095 0.533083 0.603125 0.742143 0.492651 0.453415 0.332277 0.229226 0.325496 0.346319 0.298195 0.21933 0.286013 0.812914 0.821291 1.48409 1.14482 1.24748 1.52014 1.44162 1.22666 1.65682 1.37716 1.16038 1.20422 1.68041 1.20725 0.847846 1.38913 0.921372
BD_Bo
 2.41251 1.61681 0.80602 0.468832 0.533922 0.604074 0.743311 0.493427 0.454129 0.3328 0.229587 0.326008 0.346864 0.298665 0.219675 0.286464 0.814194 0.822585 1.48643 1.14662 1.24945 1.52254 1.44389 1.22859 1.65943 1.37932 1.16221 1.20612 1.68305 1.20915 0.849181 1.39131 0.922823
BD_Brms
 2.58347 1.73138 0.863138 0.502055 0.571758 0.646881 0.795985 0.528393 0.48631 0.356383 0.245856 0.34911 0.371444 0.319829 0.235242 0.306763 0.871891 0.880876 1.59177 1.22788 1.33799 1.63043 1.54621 1.31566 1.77703 1.47707 1.24456 1.29159 1.80232 1.29484 0.909357 1.48991 0.988218
Sel_flota
 0.470772 0.944138 0.996896 0.999836 0.999991
 0.470772 0.944138 0.996896 0.999836 0.999991
 0.470772 0.944138 0.996896 0.999836 0.999991
 0.470772 0.944138 0.996896 0.999836 0.999991
 0.470772 0.944138 0.996896 0.999836 0.999991
 0.470772 0.944138 0.996896 0.999836 0.999991
 0.470772 0.944138 0.996896 0.999836 0.999991
 0.470772 0.944138 0.996896 0.999836 0.999991
 0.470772 0.944138 0.996896 0.999836 0.999991
 0.470772 0.944138 0.996896 0.999836 0.999991
 0.470772 0.944138 0.996896 0.999836 0.999991
 0.470772 0.944138 0.996896 0.999836 0.999991
 0.470772 0.944138 0.996896 0.999836 0.999991
 0.470772 0.944138 0.996896 0.999836 0.999991
 0.470772 0.944138 0.996896 0.999836 0.999991
 0.470772 0.944138 0.996896 0.999836 0.999991
 0.470772 0.944138 0.996896 0.999836 0.999991
 0.470772 0.944138 0.996896 0.999836 0.999991
 0.470772 0.944138 0.996896 0.999836 0.999991
 0.470772 0.944138 0.996896 0.999836 0.999991
 0.470772 0.944138 0.996896 0.999836 0.999991
 0.470772 0.944138 0.996896 0.999836 0.999991
 0.470772 0.944138 0.996896 0.999836 0.999991
 0.470772 0.944138 0.996896 0.999836 0.999991
 0.470772 0.944138 0.996896 0.999836 0.999991
 0.470772 0.944138 0.996896 0.999836 0.999991
 0.470772 0.944138 0.996896 0.999836 0.999991
 0.470772 0.944138 0.996896 0.999836 0.999991
 0.470772 0.944138 0.996896 0.999836 0.999991
 0.470772 0.944138 0.996896 0.999836 0.999991
 0.470772 0.944138 0.996896 0.999836 0.999991
 0.470772 0.944138 0.996896 0.999836 0.999991
 0.470772 0.944138 0.996896 0.999836 0.999991
Sel_reclas
 1 1 1 1 1
 1 1 1 1 1
 1 1 1 1 1
 1 1 1 1 1
 1 1 1 1 1
 1 1 1 1 1
 1 1 1 1 1
 1 1 1 1 1
 1 1 1 1 1
 1 1 1 1 1
 1 1 1 1 1
 1 1 1 1 1
 1 1 1 1 1
 1 1 1 1 1
 1 1 1 1 1
 1 1 1 1 1
 1 1 1 1 1
 1 1 1 1 1
 1 1 1 1 1
 1 1 1 1 1
 1 1 1 1 1
 1 1 1 1 1
 1 1 1 1 1
 1 1 1 1 1
 1 1 1 1 1
 1 1 1 1 1
 1 1 1 1 1
 1 1 1 1 1
 1 1 1 1 1
 1 1 1 1 1
 1 1 1 1 1
 1 1 1 1 1
 1 1 1 1 1
Sel_pelaces
 1 1 1 1 1
 1 1 1 1 1
 1 1 1 1 1
 1 1 1 1 1
 1 1 1 1 1
 1 1 1 1 1
 1 1 1 1 1
 1 1 1 1 1
 1 1 1 1 1
 1 1 1 1 1
 1 1 1 1 1
 1 1 1 1 1
 1 1 1 1 1
 1 1 1 1 1
 1 1 1 1 1
 1 1 1 1 1
 1 1 1 1 1
 1 1 1 1 1
 1 1 1 1 1
 1 1 1 1 1
 1 1 1 1 1
 1 1 1 1 1
 1 1 1 1 1
 1 1 1 1 1
 1 1 1 1 1
 1 1 1 1 1
 1 1 1 1 1
 1 1 1 1 1
 1 1 1 1 1
 1 1 1 1 1
 1 1 1 1 1
 1 1 1 1 1
 1 1 1 1 1
pf_obs 
 0.8446 0.082 0.0669 0.0065 0
 0.8095 0.147 0.0364 0.0071 0
 0.9664 0.0169 0.016 0.0007 0
 0.9276 0.0648 0.0075 0.0001 0
 0.7033 0.2144 0.0806 0.0017 0
 0.9318 0.0425 0.0243 0.0014 0
 0.5671 0.3108 0.0964 0.0239 0.0018
 0.0768 0.2599 0.5324 0.112 0.0189
 0.490249 0.384438 0.106611 0.0170017 0.00170017
 0.7925 0.1577 0.0466 0.003 0.0002
 0.840416 0.127587 0.0312969 0.00059994 9.999e-05
 0.8084 0.0986 0.0794 0.0134 0.0002
 0.7335 0.1905 0.0724 0.0035 0.0001
 0.4001 0.4547 0.1325 0.0127 0
 0.49795 0.308269 0.164784 0.0264974 0.00249975
 0.9179 0.0499 0.0305 0.0017 0
 0.2467 0.6533 0.0926 0.0074 0
 0.9418 0.0223 0.034 0.0019 0
 0.707729 0.231977 0.0356964 0.0245975 0
 0.517169 0.277429 0.184464 0.0207286 0.00020938
 0.811772 0.124168 0.05621 0.00726502 0.000585176
 0.764997 0.148141 0.077277 0.00933861 0.000247198
 0.163321 0.427699 0.378323 0.0303852 0.000271297
 0.753843 0.0900009 0.118128 0.0371064 0.000921714
 0.721811 0.176058 0.0630433 0.0369309 0.00215725
 0.143369 0.312575 0.442814 0.0836902 0.0175525
 0.692698 0.0596174 0.167031 0.0765114 0.00414204
 0.394062 0.376323 0.152708 0.0712218 0.00568511
 0.125707 0.32114 0.495352 0.0537591 0.00404204
 0.23352 0.215282 0.420074 0.123614 0.00750983
 0.796117 0.104755 0.0508955 0.0450114 0.00322123
 0.162477 0.292055 0.404252 0.121198 0.0200186
 0 0 0 0 0
pf_pred 
 0.317075 0.1213 0.533106 0.0285179 1.05603e-06
 0.27331 0.355845 0.0689388 0.286619 0.0152868
 0.475662 0.231026 0.148122 0.0270607 0.118129
 0.608645 0.256694 0.0613395 0.0370884 0.0362333
 0.516511 0.372224 0.0745895 0.0167379 0.0199372
 0.604897 0.26888 0.0984128 0.0186624 0.00914789
 0.35813 0.489326 0.105795 0.036475 0.0102733
 0.336521 0.366954 0.229655 0.0464303 0.0204405
 0.400297 0.301807 0.168774 0.10007 0.0290516
 0.555192 0.261493 0.095109 0.0500462 0.0381599
 0.685421 0.229533 0.0513214 0.0175271 0.0161979
 0.606948 0.319735 0.0542996 0.01149 0.00752728
 0.544485 0.352191 0.0850875 0.0135197 0.00471744
 0.492551 0.367542 0.109766 0.0248374 0.00530425
 0.609123 0.273158 0.0870105 0.0241138 0.00659438
 0.874307 0.0977092 0.0199525 0.00594182 0.00208924
 0.290057 0.666625 0.0341729 0.0065276 0.00261772
 0.815949 0.0836924 0.0945679 0.00457105 0.00121933
 0.465994 0.483109 0.0239157 0.0254295 0.00155184
 0.464594 0.34809 0.170487 0.00792227 0.0089069
 0.611486 0.252146 0.0905632 0.0417023 0.00410231
 0.619998 0.291483 0.0586613 0.0198508 0.0100074
 0.226156 0.599913 0.135335 0.0256071 0.0129893
 0.609534 0.144942 0.192757 0.0410866 0.0116808
 0.495216 0.385442 0.0459133 0.0576869 0.0157426
 0.321215 0.450649 0.17656 0.01988 0.0316958
 0.601557 0.194049 0.138228 0.0512436 0.0149225
 0.566847 0.327532 0.0529639 0.0356468 0.0170099
 0.265509 0.532209 0.155076 0.0237081 0.0234976
 0.366465 0.265337 0.270836 0.0746946 0.0226676
 0.677709 0.174879 0.0637914 0.0615593 0.0220615
 0.351746 0.526802 0.0676868 0.0233087 0.0304571
 0.571422 0.221352 0.17012 0.0207074 0.0163988
pobs_RECLAS
 0 0 0 0 0
 0 0 0 0 0
 0 0 0 0 0
 0 0 0 0 0
 0 0 0 0 0
 0 0 0 0 0
 0 0 0 0 0
 0 0 0 0 0
 0 0 0 0 0
 0 0 0 0 0
 0.991045 0.00858322 0.000360255 1.14367e-05 0
 0.934742 0.0480273 0.0164251 0.00080598 0
 0.827803 0.169806 0.00239088 0 0
 0.941827 0.0461693 0.0120037 0 0
 0.791401 0.0380133 0.147996 0.0225897 0
 0.846168 0.0940531 0.0597789 0 0
 0.134021 0.677848 0.182769 0.00536245 0
 0.80878 0.0450904 0.141981 0.00414843 0
 0.846168 0.0940531 0.0597789 0 0
 0.905697 0.0802665 0.012482 0.00150086 5.37128e-05
 0.989698 0.0102097 9.19794e-05 0 0
 0.975433 0.0193895 0.00387452 0.00125025 5.28907e-05
 0.303575 0.632131 0.0575291 0.00676475 0
 0.966965 0.00978017 0.0227588 0.000495775 0
 0.843318 0.132988 0.00938335 0.0141283 0.000182051
 0.564624 0.303363 0.111486 0.0197234 0.00080311
 0.826376 0.0876187 0.0782897 0.00655872 0.00115652
 0.89761 0.0855135 0.0140674 0.00269457 0.000114338
 0.34875 0.467042 0.161289 0.0227151 0.000203297
 0.318654 0.224769 0.449479 0.00709798 0
 0.937255 0.0296025 0.0250945 0.00804832 0
 0.456809 0.399803 0.12412 0.0192676 0
 0.883104 0.0372192 0.0704036 0.00927362 0
ppred_RECLAS
 0.494728 0.093886 0.390555 0.0208302 7.71227e-07
 0.439563 0.282558 0.0517839 0.214649 0.0114464
 0.654651 0.157033 0.095247 0.0173486 0.0757205
 0.763874 0.157945 0.035673 0.0215035 0.0210043
 0.685502 0.245191 0.0465088 0.0104056 0.0123926
 0.759629 0.166495 0.0576381 0.0108972 0.00534071
 0.537548 0.357359 0.0729569 0.0250752 0.00706136
 0.511105 0.277068 0.164168 0.0330924 0.0145663
 0.582438 0.216116 0.114282 0.0675553 0.019609
 0.722752 0.166858 0.0573597 0.0300904 0.02294
 0.816644 0.135787 0.0287402 0.00978611 0.00904257
 0.762018 0.195645 0.0313807 0.00661971 0.00433598
 0.712486 0.225145 0.0513887 0.0081401 0.00283987
 0.672784 0.240858 0.0678004 0.0152924 0.00326528
 0.76509 0.167003 0.050234 0.0138785 0.00379471
 0.935336 0.0509077 0.00981733 0.00291452 0.00102462
 0.45365 0.51473 0.024961 0.00475364 0.00190602
 0.902756 0.0455745 0.0486967 0.00234669 0.00062588
 0.641591 0.326 0.0152528 0.0161687 0.000986537
 0.642924 0.23669 0.1096 0.00507747 0.00570762
 0.764969 0.155545 0.0528414 0.024259 0.002386
 0.770879 0.178054 0.0338776 0.0114292 0.00576088
 0.374029 0.491275 0.104877 0.0197849 0.0100344
 0.76552 0.0901179 0.11341 0.0241015 0.00685091
 0.667396 0.257338 0.0290099 0.0363402 0.00991554
 0.492747 0.343006 0.127203 0.01428 0.0227638
 0.758295 0.121108 0.0816374 0.030174 0.00878554
 0.728026 0.208453 0.0319013 0.0214068 0.0102133
 0.425047 0.422908 0.116646 0.0177799 0.0176192
 0.546532 0.196115 0.189453 0.052094 0.0158064
 0.813562 0.103797 0.0358237 0.0344666 0.0123501
 0.524484 0.390416 0.0474911 0.0163056 0.021303
 0.734563 0.140788 0.102385 0.0124253 0.00983837
pobs_PELACES
 0 0 0 0 0
 0 0 0 0 0
 0 0 0 0 0
 0 0 0 0 0
 0 0 0 0 0
 0 0 0 0 0
 0 0 0 0 0
 0 0 0 0 0
 0 0 0 0 0
 0 0 0 0 0
 0 0 0 0 0
 0 0 0 0 0
 0 0 0 0 0
 0 0 0 0 0
 0 0 0 0 0
 0 0 0 0 0
 0.505614 0.472636 0.0217494 0 0
 0 0 0 0 0
 0.443492 0.261883 0.143347 0.151278 0
 0.227955 0.32914 0.350689 0.0885471 0.00366901
 0.970185 0.0296113 0.000203453 0 0
 0.997202 0.00247181 0.000326279 0 0
 0.445219 0.490057 0.0546422 0.010081 0
 0.90214 0.0892962 0.00764917 0.000914606 0
 0 0 0 0 0
 0.581667 0.319106 0.0959925 0.00289975 0.000334073
 0.762889 0.0836404 0.116647 0.0363945 0.000428098
 0.88444 0.0763242 0.0277011 0.0115352 0
 0.521256 0.241999 0.230069 0.00667565 0
 0.616807 0.101726 0.260614 0.0208532 0
 0.833518 0.0704572 0.0857862 0.0102388 0
 0.697417 0.212968 0.0787535 0.0105354 0.000325836
 0 0 0 0 0
ppred_PELACES
 0.499955 0.093077 0.386364 0.0206042 7.62854e-07
 0.448595 0.278559 0.0508547 0.210752 0.0112385
 0.662678 0.153705 0.0928799 0.0169139 0.0738225
 0.774015 0.151478 0.0340033 0.0204901 0.020014
 0.689305 0.242331 0.0458779 0.0102633 0.0122231
 0.766834 0.16172 0.0557451 0.0105368 0.005164
 0.556526 0.343351 0.0695162 0.0238815 0.00672505
 0.514108 0.27552 0.163043 0.0328632 0.0144653
 0.59374 0.210778 0.110911 0.0655449 0.0190251
 0.73424 0.160349 0.0547818 0.0287281 0.0219011
 0.819083 0.134044 0.028321 0.00964242 0.00890975
 0.774809 0.185392 0.0295035 0.006221 0.00407472
 0.725813 0.215047 0.0487326 0.00771628 0.00269195
 0.696494 0.224113 0.0623409 0.0140517 0.00300026
 0.778491 0.157854 0.0470937 0.0130049 0.00355578
 0.939673 0.0475758 0.00910114 0.00270068 0.000949425
 0.462328 0.506668 0.0244751 0.0046601 0.00186849
 0.906768 0.0438084 0.0465809 0.00224411 0.000598514
 0.654461 0.314476 0.0146223 0.0154949 0.00094541
 0.654456 0.229468 0.10568 0.00489438 0.00550172
 0.772055 0.151077 0.0511046 0.023456 0.002307
 0.77966 0.171443 0.0324415 0.0109414 0.0055149
 0.380125 0.486789 0.103626 0.0195458 0.00991305
 0.770465 0.0883764 0.110897 0.0235637 0.00669798
 0.672766 0.25334 0.0284838 0.035676 0.00973424
 0.497505 0.340017 0.125837 0.014125 0.0225166
 0.763223 0.118811 0.0798605 0.0295126 0.00859288
 0.732632 0.205047 0.0313005 0.0210007 0.0100195
 0.429328 0.419972 0.115617 0.0176212 0.0174619
 0.552419 0.193847 0.186796 0.0513563 0.0155825
 0.818314 0.101307 0.0348471 0.0335208 0.0120111
 0.527611 0.387947 0.0471261 0.0161791 0.0211376
 0.740231 0.137984 0.100035 0.012138 0.00961084
pobs_pel_tallas
 0 0 0 0 0 0 0 0 0 0 0 0 0 0 0 0 0 0 0 0 0 0 0 0 0 0
 0 0 0 0 0 0 0 0 0 0 0 0 0 0 0 0 0 0 0 0 0 0 0 0 0 0
 0 0 0 0 0 0 0 0 0 0 0 0 0 0 0 0 0 0 0 0 0 0 0 0 0 0
 0 0 0 0 0 0 0 0 0 0 0 0 0 0 0 0 0 0 0 0 0 0 0 0 0 0
 0 0 0 0 0 0 0 0 0 0 0 0 0 0 0 0 0 0 0 0 0 0 0 0 0 0
 0 0 0 0 0 0 0 0 0 0 0 0 0 0 0 0 0 0 0 0 0 0 0 0 0 0
 0 0 0 0 0 0 0 0 0 0 0 0 0 0 0 0 0 0 0 0 0 0 0 0 0 0
 0 0 0 0 0 0 0 0 0 0 0 0 0 0 0 0 0 0 0 0 0 0 0 0 0 0
 0 0 0 0 0 0 0 0 0 0 0 0 0 0 0 0 0 0 0 0 0 0 0 0 0 0
 0 0 0 0 0 0 0 0 0 0 0 0 0 0 0 0 0 0 0 0 0 0 0 0 0 0
 0 0 0 0 0 0 0 0 0 0 0 0 0 0 0 0 0 0 0 0 0 0 0 0 0 0
 0 0 0 0 0 0 0 0 0 0 0 0 0 0 0 0 0 0 0 0 0 0 0 0 0 0
 0.00862536 0 0 0.000197151 0.00414017 0.0128641 0.00837892 0.0270097 0.101434 0.158115 0.152841 0.127902 0.109271 0.109419 0.0830992 0.0579132 0.0238553 0.00714673 0.00463305 0.00128148 0.00103504 0.000492878 0.000147863 0.000147863 4.92878e-05 0
 0 0 0 0 0 0 0 0 0 0 0 0 0 0 0 0 0 0 0 0 0 0 0 0 0 0
 0 0 0 0 0 0 0 0.0054083 0.00873648 0.0413646 0.0450493 0.0745869 0.0622846 0.0627006 0.0613931 0.0827291 0.12552 0.122667 0.0946155 0.0697135 0.0546179 0.0294188 0.0215738 0.0213955 0.0102223 0.00600262
 0 0 0 0 0.00359764 0.0251062 0.0480494 0.140153 0.205849 0.193036 0.1447 0.116669 0.0760912 0.0342217 0.00950174 0.001854 0.000860785 0 0 0 0.000165536 0 0.000143464 0 0 0
 0 0 0 0 0 0 0 0.000145254 0.000435761 0.0275982 0.070085 0.0708112 0.156366 0.174668 0.174014 0.160142 0.0824315 0.0480064 0.0283245 0.00493863 0.00203355 0 0 0 0 0
 0 0 0 0 0 0 0 0 0 0 0 0 0 0 0 0 0 0 0 0 0 0 0 0 0 0
 0 0 1.00437e-05 0.000401748 0.00122533 0.00171747 0.00176769 0.0269171 0.070346 0.194647 0.189555 0.159765 0.064822 0.0314167 0.0384472 0.0292271 0.0345202 0.0313363 0.0194345 0.0106764 0.0143323 0.0359363 0.0279516 0.0138201 0.00172751 0
 0 0.0021121 0.0136068 0.0755702 0.200478 0.177729 0.0527432 0.0373336 0.0318909 0.0142505 0.0149659 0.0166563 0.0217959 0.0798694 0.0677717 0.0528807 0.04013 0.0224614 0.0357745 0.0225083 0.00881397 0.00855152 0.00135912 0.000746735 0 0
 0 0 0 0 5.4009e-05 0.00500934 0.000945158 0.0243581 0.138947 0.33067 0.221406 0.137944 0.0707744 0.0437923 0.0131692 0.00525238 0.0047753 0.00276346 9.45158e-05 9.00151e-06 2.25038e-05 9.00151e-06 4.50075e-06 0 0 0
 0.000866109 0.00284123 0.00948549 0.0512746 0.133035 0.25785 0.225252 0.132002 0.0553304 0.0519788 0.0540692 0.017754 0.00435017 0.00159236 0.00146478 0.000404838 0.000125132 0.000115318 0.000107957 0.000100596 0 0 0 0 0 0
 0 0 0 0 0.00144013 0.00171154 0.00461396 0.0210425 0.0478622 0.0707936 0.0888783 0.103762 0.0637923 0.0337046 0.0602308 0.124433 0.169614 0.0934646 0.0462172 0.0250306 0.0313229 0.00938855 0.002487 0.000210481 0 0
 0 0.00764035 0.051015 0.0998891 0.058973 0.0496711 0.0374665 0.0718981 0.12319 0.153886 0.159021 0.0857701 0.0377988 0.023471 0.0147837 0.00900784 0.00315554 0.000888139 0.00291439 0.00214683 0.00393193 0.00274676 0.000635225 9.99891e-05 0 0
 0 0 0 0 0 0 0 0 0 0 0 0 0 0 0 0 0 0 0 0 0 0 0 0 0 0
 0 0 0 0 0 0 0 0 0 0 0 0 0 0 0 0 0 0 0 0 0 0 0 0 0 0
 0 0 0 0 0 0 0 0 0 0 0 0 0 0 0 0 0 0 0 0 0 0 0 0 0 0
 0 0 0 0 0 0 0 0 0 0 0 0 0 0 0 0 0 0 0 0 0 0 0 0 0 0
 0 0 0 0 0 0 0 0 0 0 0 0 0 0 0 0 0 0 0 0 0 0 0 0 0 0
 0 0 0 0 0 0 0 0 0 0 0 0 0 0 0 0 0 0 0 0 0 0 0 0 0 0
 0 0 0 0 0 0 0 0 0 0 0 0 0 0 0 0 0 0 0 0 0 0 0 0 0 0
 0 0 0 0 0 0 0 0 0 0 0 0 0 0 0 0 0 0 0 0 0 0 0 0 0 0
 0 0 0 0 0 0 0 0 0 0 0 0 0 0 0 0 0 0 0 0 0 0 0 0 0 0
ppred_pel_tallas
 1.1324e-16 4.11806e-05 0.00040029 0.00266007 0.0120923 0.0376237 0.0801616 0.117 0.11701 0.0802085 0.037783 0.0125599 0.00386171 0.00311563 0.00546751 0.00967455 0.0155599 0.0229455 0.031548 0.0410315 0.0508434 0.0598939 0.0664782 0.0687672 0.065687 0.0575856
 1.24577e-16 3.69502e-05 0.000359169 0.00238681 0.0108501 0.0337588 0.0719278 0.104986 0.105013 0.0720594 0.0342013 0.0121295 0.00560374 0.00740131 0.0134726 0.0223872 0.0326858 0.042117 0.0485116 0.0511239 0.0511718 0.0509852 0.0523767 0.0554773 0.0587871 0.0601894
 1.16909e-16 5.4584e-05 0.000530576 0.00352586 0.0160281 0.0498693 0.106252 0.155082 0.155097 0.106326 0.0501151 0.0167396 0.00531845 0.00446575 0.00759378 0.0126429 0.0186284 0.0243377 0.0285957 0.030939 0.0318926 0.0325338 0.0336857 0.0353818 0.0369356 0.0374295
 1.06462e-16 6.37546e-05 0.000619717 0.00411824 0.0187209 0.0582479 0.124104 0.181136 0.181151 0.124175 0.058488 0.0194149 0.00586184 0.00443126 0.00731855 0.0120417 0.0174473 0.0221781 0.0249093 0.0250683 0.0231827 0.0205067 0.0182239 0.0168447 0.0161562 0.0155901
 1.04484e-16 5.67772e-05 0.000551894 0.00366753 0.0166721 0.0518732 0.110522 0.161315 0.161339 0.110636 0.0522568 0.0177804 0.0064507 0.00663107 0.0116127 0.019136 0.0276269 0.0348842 0.0387037 0.038076 0.033779 0.0278244 0.02222 0.0180171 0.0151954 0.013172
 1.03581e-16 6.31632e-05 0.000613968 0.00408004 0.0185473 0.0577075 0.122953 0.179456 0.179472 0.123029 0.0579643 0.0192898 0.00594652 0.00469711 0.00784304 0.0129323 0.018778 0.0239381 0.0269788 0.0272293 0.0251483 0.0219465 0.0187887 0.0162186 0.0141479 0.0122315
 1.05627e-16 4.58404e-05 0.000445585 0.00296107 0.0134606 0.0418812 0.0892335 0.130246 0.130279 0.0893954 0.0424249 0.0150316 0.00690635 0.00906443 0.0164332 0.0271442 0.0392148 0.0495631 0.0550743 0.0543146 0.0483644 0.0400322 0.03211 0.0260418 0.0217852 0.0185468
 1.1052e-16 4.23465e-05 0.000411623 0.00273538 0.0124347 0.038689 0.082432 0.120317 0.120344 0.0825628 0.0391289 0.0137079 0.00594122 0.00744271 0.0134918 0.0224896 0.0329832 0.0427165 0.049388 0.0519043 0.0509256 0.0481834 0.0451749 0.0423284 0.0391655 0.0350585
 1.13048e-16 4.89057e-05 0.00047538 0.00315907 0.0143607 0.0446815 0.0951995 0.138951 0.138971 0.0952996 0.045018 0.0153344 0.00561087 0.00585302 0.0103375 0.0172132 0.0252707 0.0328073 0.0381298 0.0405042 0.040554 0.0396909 0.0390478 0.038786 0.0382198 0.036476
 1.0821e-16 6.04784e-05 0.000587872 0.00390662 0.0177589 0.0552547 0.117726 0.171828 0.171844 0.117802 0.0555095 0.0184959 0.00575971 0.00464394 0.00779586 0.0128787 0.0187541 0.0240351 0.0273614 0.0281449 0.0269131 0.0249012 0.02322 0.0222588 0.0216852 0.0208728
 1.03327e-16 6.74668e-05 0.000655801 0.00435803 0.019811 0.0616394 0.13133 0.191682 0.191695 0.131393 0.0618517 0.0204245 0.00589906 0.00402296 0.00647156 0.0106167 0.0153468 0.0194281 0.0216546 0.0214814 0.0193436 0.0163433 0.0135616 0.0115344 0.0101987 0.00918923
 1.02213e-16 6.382e-05 0.000620353 0.00412247 0.0187401 0.0583076 0.124231 0.181323 0.181341 0.124319 0.0586009 0.0195873 0.00624926 0.00526408 0.0088858 0.0145962 0.0210369 0.0264899 0.0292476 0.0285218 0.0249049 0.0199544 0.0152475 0.0116466 0.00919717 0.00750201
 1.02691e-16 5.97843e-05 0.000581124 0.00386178 0.0175551 0.0546205 0.116376 0.169858 0.169879 0.116477 0.0549612 0.0185394 0.00633386 0.00598224 0.0103307 0.0170186 0.0245899 0.0310878 0.0345513 0.0340636 0.0302737 0.0249113 0.0197091 0.0155859 0.0125659 0.0102282
 1.03774e-16 5.73693e-05 0.00055765 0.00370578 0.016846 0.0524142 0.111675 0.162997 0.163019 0.111781 0.0527696 0.0178732 0.00628678 0.00620002 0.0107968 0.0178202 0.0258093 0.0327576 0.0366502 0.0365459 0.0331039 0.0280696 0.0231572 0.019223 0.0162151 0.0136693
 1.03306e-16 6.41233e-05 0.000623302 0.00414206 0.0188292 0.0585847 0.124822 0.182184 0.182199 0.124896 0.0588352 0.0195532 0.00596149 0.00460189 0.00764009 0.0125814 0.0182407 0.0231971 0.0260427 0.0261248 0.0239088 0.020611 0.0174096 0.0148678 0.0129077 0.0111725
 1.00707e-16 7.73996e-05 0.000752352 0.00499964 0.0227277 0.0707142 0.150664 0.2199 0.219904 0.150687 0.0707895 0.0229453 0.00554607 0.0019459 0.00234621 0.00376165 0.00542405 0.00684783 0.00759522 0.00746605 0.00661029 0.00541979 0.00428644 0.00341678 0.00281076 0.00236186
 1.0162e-16 3.80815e-05 0.000370166 0.00245988 0.0111823 0.0347925 0.074131 0.108207 0.108255 0.0743692 0.0355921 0.0134908 0.00825065 0.0129988 0.023985 0.0394941 0.0566596 0.0707672 0.0770373 0.0732653 0.061159 0.045239 0.0302189 0.01888 0.0116476 0.00750949
 1.01682e-16 7.46893e-05 0.000726007 0.00482457 0.0219318 0.068238 0.145388 0.212199 0.212204 0.145409 0.0683086 0.0221365 0.0053413 0.00186392 0.0022647 0.00370094 0.00549834 0.00727546 0.00868413 0.00954168 0.00989534 0.00991322 0.00970469 0.00923882 0.00841862 0.00721792
 1.02217e-16 5.39072e-05 0.000523997 0.00348215 0.0158294 0.0492511 0.104936 0.153163 0.153194 0.105084 0.0497475 0.0172624 0.00707728 0.00836525 0.0149256 0.0245371 0.03522 0.0440395 0.0480493 0.0459072 0.0386947 0.0292207 0.0203828 0.0138414 0.00976843 0.0074437
 1.04531e-16 5.39067e-05 0.000523992 0.00348211 0.0158292 0.0492506 0.104934 0.15316 0.153182 0.105043 0.0496158 0.0168855 0.00613894 0.00634163 0.0111545 0.0184899 0.026942 0.0345258 0.0392265 0.0400687 0.0376197 0.0334598 0.0290922 0.0251937 0.021657 0.0181295
 1.04257e-16 6.35932e-05 0.000618149 0.00410782 0.0186735 0.0581004 0.12379 0.180678 0.180692 0.123861 0.0583404 0.0193674 0.00585224 0.00443502 0.00733852 0.0121001 0.0175872 0.0224625 0.0254061 0.0258142 0.0241336 0.0214966 0.0189632 0.0169795 0.0153793 0.0137603
 1.03011e-16 6.42196e-05 0.000624237 0.00414828 0.0188575 0.0586727 0.125009 0.182458 0.182474 0.12509 0.0589441 0.0196416 0.00611746 0.00492559 0.00824106 0.0135433 0.019553 0.0246953 0.0274107 0.026986 0.0239696 0.0197793 0.0158264 0.0128442 0.0108108 0.00931424
 1.06753e-16 3.13105e-05 0.00030435 0.00202251 0.00919407 0.0286064 0.0609508 0.0889693 0.0890162 0.0611803 0.0293774 0.0114215 0.00761646 0.012525 0.0232669 0.0384843 0.0555962 0.0702506 0.078015 0.0768277 0.068186 0.0560459 0.0443688 0.0352503 0.028722 0.0237707
 1.0672e-16 6.34622e-05 0.000616875 0.00409935 0.0186351 0.0579806 0.123534 0.180304 0.180312 0.123577 0.0581237 0.0190505 0.00514986 0.00293605 0.00454416 0.00761142 0.0114255 0.0153479 0.0187513 0.0213213 0.0231582 0.0245275 0.0254893 0.0257602 0.0249211 0.0227602
 1.06112e-16 5.54149e-05 0.000538653 0.00357954 0.0162721 0.0506286 0.10787 0.157445 0.15747 0.10799 0.0510292 0.0174292 0.00648435 0.00688068 0.012103 0.019931 0.028735 0.0362117 0.0400696 0.0392981 0.0347895 0.0287407 0.023316 0.0196 0.0174544 0.016078
 1.08946e-16 4.09789e-05 0.000398329 0.00264704 0.0120331 0.0374395 0.0797701 0.116434 0.116467 0.0799309 0.0379798 0.0135952 0.00657429 0.00899166 0.0164204 0.0272362 0.0395931 0.0505499 0.0571149 0.0578882 0.0538296 0.0474622 0.0411982 0.0361384 0.0320598 0.0282079
 1.06749e-16 6.28657e-05 0.000611077 0.00406082 0.0184599 0.0574357 0.122373 0.17861 0.178621 0.12243 0.0576258 0.0190105 0.00544822 0.00365756 0.00590127 0.00979514 0.0144315 0.0188418 0.0220775 0.0237054 0.0240186 0.0237214 0.0233568 0.0229621 0.0221747 0.020607
 1.04758e-16 6.0346e-05 0.000586585 0.00389806 0.01772 0.0551337 0.117469 0.171454 0.171473 0.117566 0.0554582 0.0186574 0.00625147 0.00572621 0.00982803 0.0161707 0.0233354 0.0294521 0.0326663 0.0321487 0.0285946 0.0237441 0.0193145 0.0161723 0.0142292 0.0128908
 1.08167e-16 3.53633e-05 0.000343744 0.0022843 0.0103841 0.0323091 0.0688394 0.100482 0.100522 0.0690377 0.0329751 0.012309 0.00712031 0.0109154 0.020156 0.0333788 0.0483441 0.0613486 0.0686224 0.0684106 0.0619668 0.0525885 0.043518 0.0363785 0.031065 0.0266652
 1.13228e-16 4.5502e-05 0.000442296 0.00293921 0.0133612 0.0415719 0.088574 0.12928 0.129299 0.0886667 0.041884 0.014266 0.00522334 0.00547166 0.00972419 0.0163376 0.0243143 0.0322276 0.0386246 0.0428135 0.0451489 0.0464985 0.0473673 0.0474631 0.0460117 0.0424432
 1.06426e-16 6.74034e-05 0.000655185 0.00435394 0.0197924 0.0615815 0.131206 0.191501 0.191511 0.131254 0.0617426 0.0202584 0.00552613 0.00322208 0.00496655 0.00816932 0.0119205 0.0153392 0.0175903 0.0183303 0.0179128 0.0171145 0.0165964 0.0165242 0.0165831 0.0162804
 1.06659e-16 4.34587e-05 0.000422434 0.00280722 0.0127613 0.0397052 0.0845975 0.12348 0.123518 0.0847802 0.0403185 0.0145327 0.00725347 0.0101279 0.0184741 0.0304691 0.0438829 0.0551832 0.0608078 0.0591422 0.0514969 0.0412275 0.031723 0.0248166 0.0205369 0.0178919
 1.05766e-16 6.09719e-05 0.000592669 0.00393849 0.0179038 0.0557055 0.118687 0.17323 0.173243 0.118753 0.0559264 0.0185435 0.0055503 0.00413188 0.00684307 0.0113745 0.0167486 0.0218337 0.0254975 0.02719 0.0271975 0.0262986 0.0251328 0.0238238 0.0221008 0.0196929
pSPR Fmed_Fpbrs
1   0.983826 0.6 0.325 0.983826 0.983826 0.983826
Fs Fmed_Fpbrs
0   0.01 0.357919 0.925653 0.01 0.01 0.01
SSBpbr Bo_Bmed_Bpbrs
1.54079e+06  1.46375e+06  1.43883e+06 847435 423718 1.43883e+06 1.43883e+06 1.43883e+06
Ro
214207
SPR SPRFo_SPRFmed_SPRFpbrs
1.54322e+06 1.54322e+06 1.51826e+06
Fref
0
Nvult_r0
 195275 40650.3 29826.3 3621.46 2867.56
CTP_r0
 15097.9 5848.47 4494.85 547.124 433.283
YTP_r0
356494
Np
 295116 108567 39939.6 14693 7393.71
Nvult_p0
 186549 68627.5 25246.6 9287.72 4673.72
CTP_p0
 0 0 0 0 0
 0 0 0 0 0
 0 0 0 0 0
 0 0 0 0 0
 0 0 0 0 0
 0 0 0 0 0
YTP_p0
 0 0 0 0 0 0
CBA_c0
0
log_Ro
12.0947
likeval ReclasPelacesDesembMPH_pf_preclas_ppelaces_ptallas_desvR_qrecl_qpela
 16.9253 17.5927 0.08382 0.000919898 236.388 136.843 108.385 0 21.8945 6.90516e-06 1.95309e-06 0.420938 2065.74 0 0
q_reclas_q_pelaces
0.689615 0.820665
M
1
N
 215498 42100.4 175701 9372.64 0.347021
 110464 74828.7 13794.1 57196.5 3050.12
 145063 36614.4 22334.5 4069.37 17761.6
 214587 48225.2 10993.6 6630.34 6476.6
 182168 66885.4 12724.1 2847.27 3391
 273793 63618.1 22167.5 4192.56 2054.8
 120464 89678.1 18540.7 6376.88 1795.85
 64150 35384.6 21006.7 4234.9 1864.09
 57459.9 22798.3 12146.1 7182.9 2084.99
 73666 18500.6 6419.79 3369.53 2568.9
 134574 22921.9 4864.61 1656.66 1530.8
 165186 47190.2 7659.74 1616.88 1059.11
 141047 49140.6 11338.9 1797.2 627.016
 101545 42731.8 12247.5 2765.2 590.464
 110971 27084.4 8248.95 2280.57 623.586
 538329 32692.6 6382.1 1895.97 666.569
 133164 159259 7768.43 1479.92 593.4
 817620 44119.2 47492.9 2289.62 610.674
 476446 263467 12443.8 13198 805.299
 373688 148122 69155.4 3205.24 3603.12
 550722 118683 40580.9 18637 1833.09
 725287 180478 34625.1 11686.8 5890.88
 168568 230076 49327.1 9307.68 4720.66
 469224 57452.9 72620 15436.7 4387.97
 399410 159631 18067.4 22637.8 6176.87
 191152 136816 50895.5 5714.58 9109.73
 400734 66535.6 45045.4 16653.3 4848.86
 460434 136465 20964.8 14071.1 6713.47
 154905 158145 43744.7 6668.91 6608.7
 145860 54141.9 52500.4 14439.1 4381.19
 375654 50164.3 17401.5 16747 6000.91
 166421 126209 15384.2 5282.64 6901.72
 295116 58996.6 43105.7 5232.6 4143.25
pred_Ctot
 7680.09 2938.09 12912.7 690.752 0.0255788
 6971.81 9077.17 1758.55 7311.31 389.947
 8906.02 4325.6 2773.35 506.67 2211.78
 20999 8856.27 2116.29 1279.6 1250.09
 5863.59 4225.6 846.763 190.013 226.333
 19158.8 8516.2 3117.01 591.092 289.739
 15630.9 21357 4617.51 1591.98 448.387
 1380.53 1505.38 942.127 190.474 83.8541
 4581.91 3454.57 1931.84 1145.43 332.533
 7278.24 3428.02 1246.82 656.076 500.254
 3996.44 1338.32 299.236 102.194 94.4443
 20329.1 10709.2 1818.71 384.846 252.119
 15984.3 10339.2 2497.89 396.895 138.489
 18116.9 13518.8 4037.37 913.564 195.099
 14227 6380.02 2032.26 563.215 154.022
 67831.5 7580.59 1547.98 460.985 162.09
 8438.4 19393.6 994.165 189.902 76.1552
 64822.1 6648.84 7512.84 363.142 96.8683
 47302.2 49039.6 2427.64 2581.31 157.525
 32674.3 24480.7 11990.2 557.163 626.412
 38371.2 15822.4 5682.91 2616.86 257.423
 63902.7 30042.9 6046.17 2046 1031.45
 7884.11 20913.9 4717.97 892.701 452.826
 22457.4 5340.19 7101.86 1513.78 430.364
 17488.3 13611.7 1621.4 2037.18 555.94
 6533.65 9166.38 3591.31 404.367 644.705
 18947 6111.85 4353.7 1613.99 470.008
 19421.1 11221.8 1814.63 1221.32 582.79
 4908.22 9838.46 2866.75 438.271 434.378
 6037.64 4371.52 4462.13 1230.62 373.456
 20749.8 5354.37 1953.14 1884.8 675.47
 3836.77 5746.25 738.315 254.246 332.22
 15097.9 5848.47 4494.85 547.124 433.283
F
 0.0577497 0.115818 0.12229 0.12265 0.122669
 0.104247 0.209069 0.220752 0.221403 0.221437
 0.101284 0.203126 0.214476 0.215109 0.215142
 0.165735 0.332383 0.350956 0.351991 0.352046
 0.0520344 0.104356 0.110187 0.110512 0.110529
 0.116145 0.23293 0.245946 0.246671 0.24671
 0.225072 0.451386 0.476609 0.478014 0.478089
 0.0345381 0.0692666 0.0731371 0.0733529 0.0733643
 0.133283 0.2673 0.282237 0.283069 0.283113
 0.167447 0.335817 0.354583 0.355628 0.355684
 0.0479264 0.096117 0.101488 0.101787 0.101803
 0.212389 0.425949 0.44975 0.451077 0.451147
 0.194148 0.389366 0.411123 0.412336 0.4124
 0.321543 0.644858 0.680892 0.682901 0.683007
 0.222118 0.445461 0.470353 0.471741 0.471814
 0.21794 0.437082 0.461506 0.462867 0.462939
 0.104687 0.20995 0.221682 0.222336 0.22237
 0.132471 0.265672 0.280517 0.281345 0.281389
 0.168322 0.337571 0.356435 0.357486 0.357541
 0.146963 0.294736 0.311205 0.312123 0.312172
 0.11562 0.231878 0.244835 0.245557 0.245596
 0.14816 0.297136 0.31374 0.314665 0.314714
 0.0763735 0.153168 0.161727 0.162204 0.162229
 0.0782122 0.156855 0.16562 0.166109 0.166135
 0.0713501 0.143093 0.151089 0.151535 0.151559
 0.0553312 0.110967 0.117168 0.117514 0.117532
 0.0772329 0.154891 0.163547 0.164029 0.164055
 0.0686579 0.137694 0.145389 0.145817 0.14584
 0.0512046 0.102691 0.10843 0.10875 0.108766
 0.067341 0.135053 0.1426 0.14302 0.143043
 0.090731 0.181962 0.19213 0.192697 0.192727
 0.0370391 0.0742823 0.0784331 0.0786645 0.0786767
 0.0837945 0.168051 0.177441 0.177965 0.177992
YTP_r0W_actual
 113838 102056 108191 17135.9 15273.2
YTP_p0W_proyectada
 0 0 0 0 0
 0 0 0 0 0
 0 0 0 0 0
 0 0 0 0 0
 0 0 0 0 0
 0 0 0 0 0
CTP_r0_actual
 15097.9 5848.47 4494.85 547.124 433.283
CTP_p0_proyectada
 0 0 0 0 0
 0 0 0 0 0
 0 0 0 0 0
 0 0 0 0 0
 0 0 0 0 0
 0 0 0 0 0
Wmedp
 7.54 17.45 24.07 31.32 35.25
Frms_r0
 0.0837945 0.168051 0.177441 0.177965 0.177992
Zrms_r0
 1.08379 1.16805 1.17744 1.17796 1.17799
nmprior
 7.29 8.9 8.7 0
nm_flota  nm_reclas  nm_pelaces    nm_pelaL
inf 11.7591 20.22 67.3123
cv_recla  cv_pelaces  cv_mph
0.356286 0.459469 0.810598
 ------------------------------------------------
Talla a la edad & desviaci?n 
 8 13.2811 15.8009 17.003 17.5766
 0.8 1.32811 1.58009 1.7003 1.75766
