years
 1991 1992 1993 1994 1995 1996 1997 1998 1999 2000 2001 2002 2003 2004 2005 2006 2007 2008 2009 2010 2011 2012 2013 2014 2015 2016 2017 2018 2019 2020 2021 2022 2023
reclasobs
 0 0 0 0 0 0 0 0 0 252601 567819 844713 477998 351125 339783 2.1784e+06 2.13404e+06 4.81314e+06 1.55562e+06 2.62356e+06 3.21686e+06 3.843e+06 1.13348e+06 3.07943e+06 1.97215e+06 2.03268e+06 2.025e+06 2.42433e+06 2.27542e+06 1.05018e+06 2.36338e+06 3.18982e+06 1.53035e+06
reclaspred
 3.00045e+06 1.66338e+06 872827 892952 914069 1.37506e+06 849851 795436 588114 437508 504511 635555 629578 497733 527796 1.28837e+06 1.28567e+06 2.84537e+06 2.3205e+06 1.73842e+06 3.0467e+06 2.4482e+06 1.99185e+06 3.02008e+06 2.27132e+06 2.05872e+06 2.40336e+06 2.56956e+06 2.16304e+06 1.53349e+06 1.99851e+06 2.19084e+06 1.77953e+06
pelacesobs
 0 0 0 0 0 0 0 0 0 0 0 0 0 0 0 552880 188675 0 991730 2.46772e+06 1.41603e+06 1.21717e+06 2.29649e+06 1.80582e+06 0 1.4828e+06 1.56532e+06 1.57751e+06 1.42118e+06 867257 1.10002e+06 1.06204e+06 0
pelacespred
 1.64605e+06 1.01435e+06 525247 442915 476565 741969 421050 493244 351246 248210 295930 311897 339724 285540 310240 624791 623477 1.59057e+06 1.34011e+06 924199 1.58308e+06 1.36843e+06 1.11531e+06 1.85512e+06 1.34129e+06 1.21396e+06 1.61587e+06 1.5567e+06 1.17886e+06 962600 1.07503e+06 1.19425e+06 1.01303e+06
mphobs
 0 0 0 0 0 0 0 0 0 0 0 0 498337 0 5186 125008 0 168611 109162 213762 579715 649985 157893 87575 83554 210694 70296 0 107559 103333 445601 22526 28222
mphpred
 463733 313284 154266 88998.6 99449.1 114203 141209 87675.8 81383.9 57692.6 39100.5 61252.3 67985.9 55831.7 39354.7 51760.7 154276 151387 283625 396782 417144 486644 100800 87745.3 127644 100232 88965.3 96445 131886 98756.1 60314.9 98212.4 69362.7
desembarqueobs
 494567 514787 250237 358949 120608 361735 552515 73892 212993 205616 52469 317467 293654 387597 252695 516296 358380 742168 942051 627588 828172 859565 418607 520667 417249 300574 415391 372974 316634 284311 391294 218835 356480
desembarquepred
 494571 513513 250864 358996 120615 361765 552594 73897.2 213051 205671 52472.2 317553 293725 387658 252697 516258 358409 742058 941879 627457 828287 859633 418630 520711 417261 300582 415404 372967 316635 284319 391273 218842 356496
Reclutas
 204170 99357.5 125321 182230 155000 239330 101957 52441.1 47631.6 61973 115648 147397 125276 88953.3 93996.7 469229 109514 729004 413932 326955 472221 625974 140886 393068 335895 158993 336062 387408 128860 120714 313030 135454 242261
log_desv_Rt
 0.110238 -0.609992 -0.377839 -0.00344775 -0.165291 0.269127 -0.584167 -1.24903 -1.34522 -1.08202 -0.458166 -0.215588 -0.378199 -0.720606 -0.665457 0.942374 -0.512666 1.38296 0.816985 0.581106 0.94873 1.23059 -0.260764 0.765266 0.60808 -0.13986 0.60858 0.75076 -0.349993 -0.415293 0.537581 -0.300084 0.281297
SSB
 3.01149e+06 2.03447e+06 1.0018e+06 577957 645824 741633 917016 569367 528508 374656 253919 397773 422231 355996 247609 325948 1.00187e+06 983111 1.8945e+06 1.41837e+06 1.52783e+06 1.86316e+06 1.76614e+06 1.48378e+06 2.03171e+06 1.68705e+06 1.41668e+06 1.48167e+06 2.09594e+06 1.48193e+06 1.02254e+06 1.70179e+06 1.11873e+06
BT
 4.10862e+06 2.77922e+06 1.42586e+06 1.29038e+06 1.16163e+06 1.96449e+06 1.44617e+06 1.16583e+06 1.00014e+06 752342 708752 964898 1.02427e+06 1.03753e+06 948718 1.82461e+06 1.6755e+06 4.20398e+06 3.90505e+06 2.64858e+06 4.19262e+06 3.88529e+06 2.85681e+06 4.62781e+06 3.39487e+06 2.97897e+06 4.03423e+06 3.84012e+06 2.8975e+06 2.42825e+06 2.74777e+06 2.84009e+06 2.58245e+06
Ftot
 0.14786 0.265503 0.258903 0.42074 0.13258 0.288565 0.581637 0.0925789 0.362031 0.46292 0.124734 0.528353 0.487553 0.830321 0.582193 0.538584 0.264327 0.323924 0.408824 0.369364 0.29218 0.371538 0.195069 0.199523 0.181185 0.141201 0.195799 0.170564 0.129048 0.175076 0.231443 0.0941058 0.216137
BD_Bspro_t
 0.97662 0.840951 0.680143 0.605221 0.605961 0.681486 0.655759 0.498427 0.568673 0.529461 0.502224 0.688215 0.573626 0.481685 0.380478 0.443379 0.609005 0.591434 0.679158 0.584646 0.558875 0.604293 0.624491 0.622301 0.717944 0.728193 0.736719 0.763517 0.808552 0.754691 0.709938 0.778317 0.779438
BD_Bspro
 2.28596 1.54433 0.760451 0.438717 0.490233 0.562961 0.69609 0.432197 0.401181 0.284395 0.192746 0.301942 0.320508 0.27023 0.187956 0.247422 0.760502 0.746262 1.43808 1.07666 1.15975 1.41429 1.34064 1.12631 1.54223 1.28061 1.07538 1.12471 1.59099 1.12491 0.776193 1.2918 0.849205
BD_Bo
 2.45968 1.66169 0.818241 0.472057 0.527488 0.605742 0.748989 0.465041 0.431668 0.306007 0.207393 0.324888 0.344865 0.290766 0.202239 0.266224 0.818295 0.802973 1.54737 1.15848 1.24789 1.52177 1.44252 1.21191 1.65944 1.37793 1.1571 1.21018 1.7119 1.2104 0.835179 1.38997 0.91374
BD_Brms
 2.63597 1.78078 0.876884 0.505889 0.565293 0.649156 0.802669 0.49837 0.462606 0.327938 0.222257 0.348173 0.369581 0.311605 0.216734 0.285304 0.876942 0.860522 1.65827 1.2415 1.33732 1.63083 1.54591 1.29876 1.77837 1.47669 1.24003 1.29691 1.83459 1.29714 0.895036 1.48959 0.979227
Sel_flota
 0.505323 1 1 1 1
 0.505323 1 1 1 1
 0.505323 1 1 1 1
 0.505323 1 1 1 1
 0.505323 1 1 1 1
 0.505323 1 1 1 1
 0.505323 1 1 1 1
 0.505323 1 1 1 1
 0.505323 1 1 1 1
 0.505323 1 1 1 1
 0.505323 1 1 1 1
 0.505323 1 1 1 1
 0.505323 1 1 1 1
 0.505323 1 1 1 1
 0.505323 1 1 1 1
 0.505323 1 1 1 1
 0.505323 1 1 1 1
 0.505323 1 1 1 1
 0.505323 1 1 1 1
 0.505323 1 1 1 1
 0.505323 1 1 1 1
 0.505323 1 1 1 1
 0.505323 1 1 1 1
 0.505323 1 1 1 1
 0.505323 1 1 1 1
 0.505323 1 1 1 1
 0.505323 1 1 1 1
 0.505323 1 1 1 1
 0.505323 1 1 1 1
 0.505323 1 1 1 1
 0.505323 1 1 1 1
 0.505323 1 1 1 1
 0.505323 1 1 1 1
Sel_reclas
 1 1 1 1 1
 1 1 1 1 1
 1 1 1 1 1
 1 1 1 1 1
 1 1 1 1 1
 1 1 1 1 1
 1 1 1 1 1
 1 1 1 1 1
 1 1 1 1 1
 1 1 1 1 1
 1 1 1 1 1
 1 1 1 1 1
 1 1 1 1 1
 1 1 1 1 1
 1 1 1 1 1
 1 1 1 1 1
 1 1 1 1 1
 1 1 1 1 1
 1 1 1 1 1
 1 1 1 1 1
 1 1 1 1 1
 1 1 1 1 1
 1 1 1 1 1
 1 1 1 1 1
 1 1 1 1 1
 1 1 1 1 1
 1 1 1 1 1
 1 1 1 1 1
 1 1 1 1 1
 1 1 1 1 1
 1 1 1 1 1
 1 1 1 1 1
 1 1 1 1 1
Sel_pelaces
 1 1 1 1 1
 1 1 1 1 1
 1 1 1 1 1
 1 1 1 1 1
 1 1 1 1 1
 1 1 1 1 1
 1 1 1 1 1
 1 1 1 1 1
 1 1 1 1 1
 1 1 1 1 1
 1 1 1 1 1
 1 1 1 1 1
 1 1 1 1 1
 1 1 1 1 1
 1 1 1 1 1
 1 1 1 1 1
 1 1 1 1 1
 1 1 1 1 1
 1 1 1 1 1
 1 1 1 1 1
 1 1 1 1 1
 1 1 1 1 1
 1 1 1 1 1
 1 1 1 1 1
 1 1 1 1 1
 1 1 1 1 1
 1 1 1 1 1
 1 1 1 1 1
 1 1 1 1 1
 1 1 1 1 1
 1 1 1 1 1
 1 1 1 1 1
 1 1 1 1 1
pf_obs 
 0.8446 0.082 0.0669 0.0065 0
 0.8095 0.147 0.0364 0.0071 0
 0.9664 0.0169 0.016 0.0007 0
 0.9276 0.0648 0.0075 0.0001 0
 0.7033 0.2144 0.0806 0.0017 0
 0.9318 0.0425 0.0243 0.0014 0
 0.5671 0.3108 0.0964 0.0239 0.0018
 0.0768 0.2599 0.5324 0.112 0.0189
 0.490249 0.384438 0.106611 0.0170017 0.00170017
 0.7925 0.1577 0.0466 0.003 0.0002
 0.840416 0.127587 0.0312969 0.00059994 9.999e-05
 0.8084 0.0986 0.0794 0.0134 0.0002
 0.7335 0.1905 0.0724 0.0035 0.0001
 0.4001 0.4547 0.1325 0.0127 0
 0.49795 0.308269 0.164784 0.0264974 0.00249975
 0.9179 0.0499 0.0305 0.0017 0
 0.2467 0.6533 0.0926 0.0074 0
 0.9418 0.0223 0.034 0.0019 0
 0.707729 0.231977 0.0356964 0.0245975 0
 0.517169 0.277429 0.184464 0.0207286 0.00020938
 0.811772 0.124168 0.05621 0.00726502 0.000585176
 0.764997 0.148141 0.077277 0.00933861 0.000247198
 0.163321 0.427699 0.378323 0.0303852 0.000271297
 0.753843 0.0900009 0.118128 0.0371064 0.000921714
 0.721811 0.176058 0.0630433 0.0369309 0.00215725
 0.143369 0.312575 0.442814 0.0836902 0.0175525
 0.692698 0.0596174 0.167031 0.0765114 0.00414204
 0.394062 0.376323 0.152708 0.0712218 0.00568511
 0.125707 0.32114 0.495352 0.0537591 0.00404204
 0.23352 0.215282 0.420074 0.123614 0.00750983
 0.796117 0.104755 0.0508955 0.0450114 0.00322123
 0.162477 0.292055 0.404252 0.121198 0.0200186
 0 0 0 0 0
pf_pred 
 0.363324 0.127868 0.480899 0.0279088 1.01531e-06
 0.291241 0.383515 0.0653208 0.245666 0.0142577
 0.493995 0.236793 0.145673 0.0248112 0.0987282
 0.62547 0.253148 0.0568026 0.0349444 0.029635
 0.539592 0.363473 0.0655198 0.0147017 0.0167144
 0.629274 0.262033 0.0858086 0.0154679 0.00741671
 0.372591 0.492741 0.0951851 0.0311705 0.00831298
 0.360612 0.373312 0.208965 0.0403668 0.0167444
 0.428487 0.305265 0.155451 0.0870151 0.0237817
 0.593873 0.253043 0.0817677 0.0416387 0.0296778
 0.718643 0.216331 0.0405149 0.0130919 0.0114185
 0.634053 0.307319 0.0450786 0.00844239 0.00510742
 0.572934 0.342067 0.0713812 0.0104704 0.00314723
 0.522986 0.359984 0.0937378 0.0195608 0.00373169
 0.645281 0.261619 0.0702586 0.0182949 0.00454603
 0.892191 0.0874626 0.0150065 0.00403005 0.00131016
 0.296634 0.668691 0.0281309 0.0048266 0.00171759
 0.840876 0.0754808 0.0795195 0.00334528 0.000778225
 0.477904 0.480378 0.0197892 0.020848 0.00108108
 0.49072 0.342171 0.153756 0.00633398 0.00701892
 0.632884 0.249796 0.0788242 0.0354199 0.00307604
 0.641456 0.282584 0.0516851 0.0163094 0.00796517
 0.236437 0.609493 0.121429 0.0222095 0.010431
 0.634031 0.144021 0.177164 0.0352962 0.00948775
 0.513642 0.381435 0.0412908 0.0507927 0.0128395
 0.335267 0.457261 0.162713 0.0176139 0.0271443
 0.623147 0.192132 0.127067 0.045216 0.0124378
 0.584065 0.322799 0.0474835 0.0314034 0.0142485
 0.275813 0.539503 0.14333 0.0210838 0.0202705
 0.384487 0.270224 0.257232 0.0683391 0.0197175
 0.6974 0.171105 0.0577292 0.0549536 0.0188119
 0.361147 0.530254 0.0614069 0.0207181 0.0264732
 0.589981 0.219288 0.158309 0.0183332 0.0140891
pobs_RECLAS
 0 0 0 0 0
 0 0 0 0 0
 0 0 0 0 0
 0 0 0 0 0
 0 0 0 0 0
 0 0 0 0 0
 0 0 0 0 0
 0 0 0 0 0
 0 0 0 0 0
 0 0 0 0 0
 0.991045 0.00858322 0.000360255 1.14367e-05 0
 0.934742 0.0480273 0.0164251 0.00080598 0
 0.827803 0.169806 0.00239088 0 0
 0.941827 0.0461693 0.0120037 0 0
 0.791401 0.0380133 0.147996 0.0225897 0
 0.846168 0.0940531 0.0597789 0 0
 0.134021 0.677848 0.182769 0.00536245 0
 0.80878 0.0450904 0.141981 0.00414843 0
 0.846168 0.0940531 0.0597789 0 0
 0.905697 0.0802665 0.012482 0.00150086 5.37128e-05
 0.989698 0.0102097 9.19794e-05 0 0
 0.975433 0.0193895 0.00387452 0.00125025 5.28907e-05
 0.303575 0.632131 0.0575291 0.00676475 0
 0.966965 0.00978017 0.0227588 0.000495775 0
 0.843318 0.132988 0.00938335 0.0141283 0.000182051
 0.564624 0.303363 0.111486 0.0197234 0.00080311
 0.826376 0.0876187 0.0782897 0.00655872 0.00115652
 0.89761 0.0855135 0.0140674 0.00269457 0.000114338
 0.34875 0.467042 0.161289 0.0227151 0.000203297
 0.318654 0.224769 0.449479 0.00709798 0
 0.937255 0.0296025 0.0250945 0.00804832 0
 0.456809 0.399803 0.12412 0.0192676 0
 0.883104 0.0372192 0.0704036 0.00927362 0
ppred_RECLAS
 0.532014 0.0939886 0.353483 0.0205143 7.46301e-07
 0.451656 0.296713 0.0505366 0.190064 0.0110307
 0.661726 0.158301 0.0973849 0.0165868 0.0660017
 0.771639 0.154351 0.0346341 0.0213065 0.0180693
 0.699969 0.236862 0.0426968 0.00958054 0.0108922
 0.773081 0.160388 0.0525228 0.00946778 0.00453971
 0.548539 0.354558 0.0684917 0.0224292 0.00598172
 0.528433 0.275328 0.154118 0.0297716 0.0123495
 0.601813 0.212686 0.108306 0.0606255 0.0165693
 0.747917 0.157063 0.0507531 0.0258451 0.018421
 0.835596 0.126408 0.023674 0.00764995 0.00667217
 0.779316 0.185328 0.0271845 0.00509116 0.00308002
 0.731655 0.214936 0.044852 0.00657904 0.00197754
 0.6959 0.229492 0.0597585 0.0124702 0.00237898
 0.78823 0.156188 0.0419449 0.0109222 0.00271401
 0.944069 0.0453749 0.00778527 0.00209076 0.000679703
 0.458084 0.5152 0.0216738 0.00371871 0.00132334
 0.914002 0.0407932 0.0429759 0.00180794 0.000420587
 0.649205 0.322764 0.0132963 0.0140077 0.000726375
 0.660244 0.228273 0.102575 0.0042256 0.00468254
 0.775826 0.152534 0.0481328 0.0216286 0.00187834
 0.783016 0.171015 0.0312789 0.00987017 0.00482037
 0.38208 0.493238 0.0982674 0.0179733 0.00844139
 0.775802 0.0882298 0.108533 0.021623 0.00581235
 0.678186 0.252389 0.0273213 0.0336085 0.00849567
 0.501103 0.343185 0.12212 0.0132196 0.0203724
 0.767553 0.118509 0.0783763 0.0278897 0.00767172
 0.736879 0.204203 0.0300381 0.0198658 0.00901364
 0.431178 0.423759 0.112581 0.0165605 0.0159217
 0.554782 0.195461 0.186063 0.0494317 0.0142622
 0.82178 0.100774 0.0340002 0.0323655 0.0110795
 0.529029 0.390911 0.04527 0.0152736 0.0195164
 0.742036 0.137965 0.0996001 0.0115343 0.00886416
pobs_PELACES
 0 0 0 0 0
 0 0 0 0 0
 0 0 0 0 0
 0 0 0 0 0
 0 0 0 0 0
 0 0 0 0 0
 0 0 0 0 0
 0 0 0 0 0
 0 0 0 0 0
 0 0 0 0 0
 0 0 0 0 0
 0 0 0 0 0
 0 0 0 0 0
 0 0 0 0 0
 0 0 0 0 0
 0 0 0 0 0
 0.505614 0.472636 0.0217494 0 0
 0 0 0 0 0
 0.443492 0.261883 0.143347 0.151278 0
 0.227955 0.32914 0.350689 0.0885471 0.00366901
 0.970185 0.0296113 0.000203453 0 0
 0.997202 0.00247181 0.000326279 0 0
 0.445219 0.490057 0.0546422 0.010081 0
 0.90214 0.0892962 0.00764917 0.000914606 0
 0 0 0 0 0
 0.581667 0.319106 0.0959925 0.00289975 0.000334073
 0.762889 0.0836404 0.116647 0.0363945 0.000428098
 0.88444 0.0763242 0.0277011 0.0115352 0
 0.521256 0.241999 0.230069 0.00667565 0
 0.616807 0.101726 0.260614 0.0208532 0
 0.833518 0.0704572 0.0857862 0.0102388 0
 0.697417 0.212968 0.0787535 0.0105354 0.000325836
 0 0 0 0 0
ppred_PELACES
 0.538018 0.0927827 0.348947 0.0202511 7.36726e-07
 0.462411 0.290893 0.0495454 0.186336 0.0108143
 0.671121 0.153904 0.0946802 0.0161261 0.0641686
 0.783516 0.146324 0.0328329 0.0201984 0.0171295
 0.704494 0.233289 0.0420528 0.00943603 0.0107279
 0.781239 0.154623 0.0506347 0.00912744 0.00437652
 0.571927 0.33619 0.0649435 0.0212672 0.00567183
 0.532198 0.27313 0.152887 0.029534 0.0122509
 0.615887 0.205168 0.104478 0.0584828 0.0159836
 0.761896 0.148354 0.0479386 0.0244119 0.0173995
 0.838374 0.124272 0.0232739 0.00752068 0.00655942
 0.793792 0.173171 0.0254013 0.00475721 0.00287798
 0.746991 0.202653 0.0422888 0.00620306 0.00186453
 0.723801 0.208437 0.0542757 0.011326 0.00216071
 0.80366 0.144808 0.0388887 0.0101264 0.00251627
 0.948535 0.0417524 0.00716374 0.00192385 0.000625439
 0.468813 0.505 0.0212447 0.00364508 0.00129714
 0.918069 0.0388643 0.0409438 0.00172245 0.0004007
 0.664249 0.308923 0.0127261 0.013407 0.000695225
 0.673636 0.219275 0.098532 0.00405903 0.00449797
 0.784012 0.146964 0.0463751 0.0208388 0.00180975
 0.793144 0.163033 0.0298189 0.00940948 0.00459538
 0.389626 0.487214 0.0970674 0.0177538 0.00833831
 0.781416 0.0860204 0.105815 0.0210815 0.0056668
 0.684607 0.247353 0.0267762 0.032938 0.00832616
 0.506865 0.339221 0.12071 0.0130669 0.0201371
 0.773207 0.115626 0.07647 0.0272113 0.00748512
 0.742242 0.200041 0.0294259 0.0194609 0.00882993
 0.436352 0.419905 0.111557 0.0164099 0.0157769
 0.56183 0.192367 0.183118 0.0486492 0.0140365
 0.827247 0.0976835 0.0329574 0.0313728 0.0107397
 0.532855 0.387735 0.0449023 0.0151496 0.0193579
 0.748732 0.134384 0.0970148 0.011235 0.00863407
pobs_pel_tallas
 0 0 0 0 0 0 0 0 0 0 0 0 0 0 0 0 0 0 0 0 0 0 0 0 0 0
 0 0 0 0 0 0 0 0 0 0 0 0 0 0 0 0 0 0 0 0 0 0 0 0 0 0
 0 0 0 0 0 0 0 0 0 0 0 0 0 0 0 0 0 0 0 0 0 0 0 0 0 0
 0 0 0 0 0 0 0 0 0 0 0 0 0 0 0 0 0 0 0 0 0 0 0 0 0 0
 0 0 0 0 0 0 0 0 0 0 0 0 0 0 0 0 0 0 0 0 0 0 0 0 0 0
 0 0 0 0 0 0 0 0 0 0 0 0 0 0 0 0 0 0 0 0 0 0 0 0 0 0
 0 0 0 0 0 0 0 0 0 0 0 0 0 0 0 0 0 0 0 0 0 0 0 0 0 0
 0 0 0 0 0 0 0 0 0 0 0 0 0 0 0 0 0 0 0 0 0 0 0 0 0 0
 0 0 0 0 0 0 0 0 0 0 0 0 0 0 0 0 0 0 0 0 0 0 0 0 0 0
 0 0 0 0 0 0 0 0 0 0 0 0 0 0 0 0 0 0 0 0 0 0 0 0 0 0
 0 0 0 0 0 0 0 0 0 0 0 0 0 0 0 0 0 0 0 0 0 0 0 0 0 0
 0 0 0 0 0 0 0 0 0 0 0 0 0 0 0 0 0 0 0 0 0 0 0 0 0 0
 0.00862536 0 0 0.000197151 0.00414017 0.0128641 0.00837892 0.0270097 0.101434 0.158115 0.152841 0.127902 0.109271 0.109419 0.0830992 0.0579132 0.0238553 0.00714673 0.00463305 0.00128148 0.00103504 0.000492878 0.000147863 0.000147863 4.92878e-05 0
 0 0 0 0 0 0 0 0 0 0 0 0 0 0 0 0 0 0 0 0 0 0 0 0 0 0
 0 0 0 0 0 0 0 0.0054083 0.00873648 0.0413646 0.0450493 0.0745869 0.0622846 0.0627006 0.0613931 0.0827291 0.12552 0.122667 0.0946155 0.0697135 0.0546179 0.0294188 0.0215738 0.0213955 0.0102223 0.00600262
 0 0 0 0 0.00359764 0.0251062 0.0480494 0.140153 0.205849 0.193036 0.1447 0.116669 0.0760912 0.0342217 0.00950174 0.001854 0.000860785 0 0 0 0.000165536 0 0.000143464 0 0 0
 0 0 0 0 0 0 0 0.000145254 0.000435761 0.0275982 0.070085 0.0708112 0.156366 0.174668 0.174014 0.160142 0.0824315 0.0480064 0.0283245 0.00493863 0.00203355 0 0 0 0 0
 0 0 0 0 0 0 0 0 0 0 0 0 0 0 0 0 0 0 0 0 0 0 0 0 0 0
 0 0 1.00437e-05 0.000401748 0.00122533 0.00171747 0.00176769 0.0269171 0.070346 0.194647 0.189555 0.159765 0.064822 0.0314167 0.0384472 0.0292271 0.0345202 0.0313363 0.0194345 0.0106764 0.0143323 0.0359363 0.0279516 0.0138201 0.00172751 0
 0 0.0021121 0.0136068 0.0755702 0.200478 0.177729 0.0527432 0.0373336 0.0318909 0.0142505 0.0149659 0.0166563 0.0217959 0.0798694 0.0677717 0.0528807 0.04013 0.0224614 0.0357745 0.0225083 0.00881397 0.00855152 0.00135912 0.000746735 0 0
 0 0 0 0 5.4009e-05 0.00500934 0.000945158 0.0243581 0.138947 0.33067 0.221406 0.137944 0.0707744 0.0437923 0.0131692 0.00525238 0.0047753 0.00276346 9.45158e-05 9.00151e-06 2.25038e-05 9.00151e-06 4.50075e-06 0 0 0
 0.000866109 0.00284123 0.00948549 0.0512746 0.133035 0.25785 0.225252 0.132002 0.0553304 0.0519788 0.0540692 0.017754 0.00435017 0.00159236 0.00146478 0.000404838 0.000125132 0.000115318 0.000107957 0.000100596 0 0 0 0 0 0
 0 0 0 0 0.00144013 0.00171154 0.00461396 0.0210425 0.0478622 0.0707936 0.0888783 0.103762 0.0637923 0.0337046 0.0602308 0.124433 0.169614 0.0934646 0.0462172 0.0250306 0.0313229 0.00938855 0.002487 0.000210481 0 0
 0 0.00764035 0.051015 0.0998891 0.058973 0.0496711 0.0374665 0.0718981 0.12319 0.153886 0.159021 0.0857701 0.0377988 0.023471 0.0147837 0.00900784 0.00315554 0.000888139 0.00291439 0.00214683 0.00393193 0.00274676 0.000635225 9.99891e-05 0 0
 0 0 0 0 0 0 0 0 0 0 0 0 0 0 0 0 0 0 0 0 0 0 0 0 0 0
 0 0 0 0 0 0 0 0 0 0 0 0 0 0 0 0 0 0 0 0 0 0 0 0 0 0
 0 0 0 0 0 0 0 0 0 0 0 0 0 0 0 0 0 0 0 0 0 0 0 0 0 0
 0 0 0 0 0 0 0 0 0 0 0 0 0 0 0 0 0 0 0 0 0 0 0 0 0 0
 0 0 0 0 0 0 0 0 0 0 0 0 0 0 0 0 0 0 0 0 0 0 0 0 0 0
 0 0 0 0 0 0 0 0 0 0 0 0 0 0 0 0 0 0 0 0 0 0 0 0 0 0
 0 0 0 0 0 0 0 0 0 0 0 0 0 0 0 0 0 0 0 0 0 0 0 0 0 0
 0 0 0 0 0 0 0 0 0 0 0 0 0 0 0 0 0 0 0 0 0 0 0 0 0 0
 0 0 0 0 0 0 0 0 0 0 0 0 0 0 0 0 0 0 0 0 0 0 0 0 0 0
ppred_pel_tallas
 1.12125e-16 4.43159e-05 0.000430766 0.00286259 0.0130129 0.0404881 0.0862645 0.125908 0.125917 0.086311 0.0406458 0.013475 0.00404751 0.00310049 0.00535737 0.00941831 0.01503 0.0219467 0.029832 0.0383477 0.0470277 0.0549677 0.0607078 0.062638 0.059785 0.0524341
 1.22022e-16 3.80883e-05 0.000370231 0.00246032 0.0111843 0.0347986 0.0741431 0.10822 0.108248 0.0742805 0.0352602 0.0125189 0.00581523 0.0077108 0.0140318 0.0232859 0.0339197 0.0435305 0.0497837 0.0518268 0.0508821 0.0493969 0.0493737 0.051159 0.0534562 0.0543059
 1.15249e-16 5.52794e-05 0.000537335 0.00357078 0.0162323 0.0505047 0.107606 0.157057 0.157072 0.107679 0.0507508 0.0169447 0.00536568 0.00447743 0.00760326 0.0126555 0.0186398 0.0243334 0.0285441 0.0307843 0.0315499 0.0318933 0.0326301 0.0338184 0.0348357 0.034858
 1.0591e-16 6.45372e-05 0.000627324 0.00416879 0.0189507 0.0589628 0.125627 0.183359 0.183373 0.125696 0.0591948 0.0196211 0.00585298 0.00430891 0.0070717 0.0116301 0.0168484 0.0214115 0.0240365 0.0241661 0.0223051 0.0196612 0.0173768 0.0159494 0.0151848 0.0145505
 1.04036e-16 5.80283e-05 0.000564056 0.00374835 0.0170395 0.0530162 0.112958 0.16487 0.164892 0.113067 0.0533855 0.0181062 0.00642682 0.00641394 0.0111763 0.0184068 0.0265627 0.0335166 0.0371406 0.0364598 0.0322246 0.0263801 0.0208747 0.0167382 0.0139667 0.0120079
 1.03157e-16 6.43496e-05 0.000625501 0.00415668 0.0188957 0.0587915 0.125262 0.182827 0.182842 0.125335 0.059037 0.0196053 0.00594018 0.00452636 0.00749472 0.0123458 0.0179123 0.0228056 0.0256481 0.0257949 0.0236878 0.0204968 0.0173555 0.0148063 0.0127826 0.0109615
 1.05053e-16 4.71089e-05 0.000457916 0.00304301 0.0138331 0.0430401 0.0917027 0.13385 0.133882 0.0918612 0.0435724 0.0153709 0.00690465 0.00889307 0.0160823 0.0265533 0.0383425 0.048421 0.053729 0.0528556 0.0468602 0.0385069 0.0305553 0.0244521 0.0201859 0.0169979
 1.09517e-16 4.38365e-05 0.000426106 0.00283163 0.0128722 0.0400503 0.0853323 0.124551 0.124577 0.0854619 0.0404861 0.0141333 0.00600615 0.00738605 0.01335 0.0222313 0.03256 0.0420761 0.0484758 0.0506637 0.0493042 0.0461541 0.0427629 0.0396296 0.0363394 0.0322955
 1.11638e-16 5.07298e-05 0.000493112 0.0032769 0.0148963 0.0463481 0.0987504 0.144133 0.144153 0.0988477 0.0466755 0.0158436 0.00566158 0.00572213 0.0100508 0.0167195 0.0245182 0.0317714 0.0368111 0.038906 0.0386558 0.0374472 0.0364197 0.0357878 0.0349495 0.0331106
 1.06815e-16 6.27564e-05 0.000610015 0.00405376 0.0184278 0.0573359 0.122161 0.1783 0.178314 0.122231 0.0575716 0.0191093 0.0057669 0.00435875 0.00720908 0.0118905 0.0172953 0.0221237 0.0251043 0.0256813 0.0243388 0.0222277 0.0203997 0.0192518 0.0185184 0.0176565
 1.02568e-16 6.90558e-05 0.000671247 0.00446067 0.0202776 0.0630911 0.134423 0.196196 0.196208 0.134481 0.0632878 0.020846 0.00588807 0.0037892 0.00599642 0.00981956 0.0141763 0.0179086 0.0198882 0.0196026 0.0174559 0.0144816 0.0117052 0.00965402 0.00829943 0.00732276
 1.01742e-16 6.53837e-05 0.000635552 0.00422347 0.0191993 0.0597362 0.127275 0.185765 0.185782 0.127356 0.0600101 0.0199903 0.00620915 0.0049705 0.00829882 0.0136176 0.0196136 0.024671 0.0271877 0.0264231 0.0229316 0.0181769 0.0136494 0.0101759 0.00781836 0.00621803
 1.0221e-16 6.15287e-05 0.000598081 0.00397446 0.0180673 0.0562142 0.119771 0.174814 0.174833 0.119867 0.0565351 0.0189944 0.00630264 0.00568379 0.00972973 0.0160124 0.0231173 0.0291874 0.0323659 0.0317849 0.0280611 0.0228414 0.0177854 0.0137883 0.0108947 0.00871545
 1.03122e-16 5.96186e-05 0.000579514 0.00385107 0.0175064 0.0544691 0.116053 0.169387 0.169407 0.116151 0.0547995 0.0184614 0.00625002 0.00582283 0.0100364 0.0165467 0.0239445 0.030349 0.033876 0.0336447 0.0302727 0.0254005 0.0206513 0.0168548 0.0139896 0.011636
 1.02601e-16 6.61965e-05 0.000643453 0.00427597 0.019438 0.0604788 0.128857 0.188073 0.188087 0.128925 0.0607084 0.0201016 0.00594329 0.00428818 0.00700282 0.0115106 0.016665 0.0211456 0.0236497 0.0235724 0.0213463 0.018107 0.0149687 0.0124854 0.0106155 0.00904376
 1.00517e-16 7.81295e-05 0.000759447 0.00504679 0.022942 0.0713811 0.152085 0.221973 0.221977 0.152105 0.0714471 0.0231328 0.00552599 0.0018059 0.00206659 0.00329563 0.00474644 0.00598246 0.0066165 0.00647135 0.00567933 0.00458806 0.00354804 0.00274844 0.0021961 0.0018012
 1.01328e-16 3.86156e-05 0.000375358 0.00249439 0.0113392 0.0352806 0.0751708 0.109724 0.109773 0.0754082 0.0360774 0.0136396 0.00826484 0.0129588 0.0238973 0.0393418 0.0564247 0.0704393 0.0766142 0.0727484 0.0605484 0.0445347 0.0294289 0.0180284 0.010777 0.0066724
 1.01433e-16 7.56201e-05 0.000735054 0.0048847 0.0222051 0.0690884 0.1472 0.214844 0.214848 0.147219 0.069151 0.0223866 0.00534294 0.00174406 0.00201719 0.00328083 0.0048711 0.00644092 0.0076796 0.00842414 0.00871659 0.00870773 0.00849779 0.00806343 0.00732247 0.00625415
 1.01909e-16 5.47133e-05 0.000531833 0.00353422 0.0160661 0.0499877 0.106505 0.155454 0.155483 0.10665 0.0504752 0.0174736 0.00706511 0.0082324 0.0146579 0.0240898 0.0345669 0.0431993 0.0470866 0.0449057 0.0377192 0.0282943 0.0194926 0.0129658 0.00890208 0.00660655
 1.04068e-16 5.54865e-05 0.000539349 0.00358416 0.0162931 0.050694 0.10801 0.157648 0.157669 0.108114 0.0510429 0.0173022 0.006122 0.00609575 0.0106556 0.0176513 0.0257073 0.0329176 0.0373505 0.0380709 0.0356237 0.0315298 0.0272434 0.0234316 0.0200076 0.0166415
 1.03773e-16 6.45781e-05 0.000627722 0.00417143 0.0189627 0.0590002 0.125707 0.183476 0.18349 0.125776 0.0592335 0.0196373 0.00586698 0.00433664 0.00713081 0.0117455 0.0170533 0.021742 0.0245181 0.024789 0.0229928 0.0202467 0.0176091 0.0155456 0.0139211 0.0123568
 1.02624e-16 6.53302e-05 0.000635033 0.00422002 0.0191836 0.0596874 0.127171 0.185613 0.185629 0.127248 0.0599455 0.0199292 0.00609211 0.00472394 0.00783722 0.0128699 0.0185733 0.0234424 0.0259898 0.0255331 0.0225934 0.0185227 0.0146725 0.0117536 0.00975965 0.00831015
 1.06118e-16 3.20931e-05 0.000311956 0.00207306 0.00942386 0.0293214 0.0624741 0.0911926 0.0912396 0.0627038 0.0300928 0.0116524 0.00766927 0.0125357 0.0232682 0.0384708 0.0555429 0.0701119 0.0777258 0.076313 0.0673808 0.0549192 0.0429415 0.033599 0.0269646 0.0220398
 1.06149e-16 6.43642e-05 0.000625643 0.00415762 0.0188999 0.0588047 0.12529 0.182866 0.182875 0.125331 0.058944 0.019304 0.00517915 0.00288015 0.00441808 0.00739055 0.011081 0.014859 0.0181054 0.0205083 0.0221653 0.0233437 0.0241207 0.024246 0.0233365 0.0212036
 1.05549e-16 5.63902e-05 0.000548133 0.00364254 0.0165585 0.0515196 0.109769 0.160216 0.16024 0.109885 0.0519107 0.0176881 0.0064781 0.00673849 0.0118145 0.0194483 0.0280294 0.0353012 0.0390195 0.0381906 0.0336821 0.0276421 0.0221952 0.0184207 0.0162081 0.0147977
 1.08289e-16 4.17499e-05 0.000405824 0.00269684 0.0122595 0.0381439 0.0812709 0.118624 0.118657 0.0814313 0.0386828 0.0138173 0.00661296 0.00897343 0.0163681 0.0271373 0.0394241 0.0502809 0.0567099 0.0573069 0.0530331 0.0464259 0.0399263 0.0346737 0.030481 0.0266151
 1.06232e-16 6.36881e-05 0.000619071 0.00411394 0.0187014 0.058187 0.123974 0.180946 0.180957 0.124029 0.058372 0.019237 0.00546352 0.00358204 0.00574066 0.00952076 0.0140181 0.0182828 0.0213854 0.0228993 0.0231079 0.0227011 0.0222196 0.0217179 0.0208637 0.0192962
 1.04347e-16 6.11375e-05 0.000594279 0.00394919 0.0179525 0.0558569 0.11901 0.173702 0.173721 0.119104 0.0561734 0.0188667 0.0062446 0.00560685 0.00958614 0.0157658 0.022743 0.0286872 0.0317838 0.0312194 0.0276709 0.0228398 0.0184112 0.0152457 0.0132741 0.0119301
 1.07643e-16 3.59418e-05 0.000349367 0.00232167 0.010554 0.0328376 0.0699655 0.102125 0.102166 0.0701637 0.0335034 0.012478 0.00715526 0.0109146 0.0201409 0.0333437 0.0482717 0.0612109 0.0683812 0.0680211 0.0613873 0.0517942 0.0425131 0.0352026 0.0297883 0.0253746
 1.12588e-16 4.62772e-05 0.000449831 0.00298928 0.0135889 0.0422801 0.0900829 0.131483 0.131501 0.0901749 0.0425897 0.0144864 0.00525488 0.0054376 0.00964256 0.0161923 0.0240831 0.0318895 0.0381598 0.0421991 0.0443572 0.0455036 0.0461604 0.0460681 0.0444908 0.0408887
 1.0594e-16 6.81392e-05 0.000662338 0.00440147 0.0200084 0.0622537 0.132638 0.193592 0.193601 0.132685 0.0624091 0.0204577 0.00553136 0.00313634 0.00478916 0.00787027 0.0114783 0.0147581 0.0169 0.017569 0.0171037 0.0162547 0.0156662 0.0155094 0.015495 0.0151615
 1.06191e-16 4.38906e-05 0.000426633 0.00283513 0.0128881 0.0400998 0.0854383 0.124708 0.124745 0.0856209 0.0407127 0.0146582 0.00727797 0.010124 0.018457 0.0304345 0.0438193 0.0550737 0.0606291 0.0588656 0.0510921 0.0406702 0.031004 0.0239498 0.0195611 0.0168656
 1.05422e-16 6.16721e-05 0.000599475 0.00398372 0.0181094 0.0563452 0.12005 0.175219 0.175232 0.120114 0.0565603 0.0187323 0.00555323 0.00404563 0.0066649 0.0110732 0.0163011 0.0212421 0.0247908 0.0264085 0.0263719 0.0254404 0.0242409 0.0229016 0.0211691 0.0187896
pSPR Fmed_Fpbrs
1   0.983123 0.6 0.325 0.983123 0.983123 0.983123
Fs Fmed_Fpbrs
0   0.01 0.340425 0.873696 0.01 0.01 0.01
SSBpbr Bo_Bmed_Bpbrs
1.22434e+06  1.16312e+06  1.14246e+06 673386 336693 1.14246e+06 1.14246e+06 1.14246e+06
Ro
182859
SPR SPRFo_SPRFmed_SPRFpbrs
1.31738e+06 1.31738e+06 1.29515e+06
Fref
0
Nvult_r0
 162359 33434 24136.7 2795.18 2148.1
CTP_r0
 15986.7 5942.02 4289.67 496.772 381.77
YTP_r0
356496
Np
 242261 89122.7 32786.4 12061.4 6069.5
Nvult_p0
 153138 56336.3 20725 7624.29 3836.65
CTP_p0
 0 0 0 0 0
 0 0 0 0 0
 0 0 0 0 0
 0 0 0 0 0
 0 0 0 0 0
 0 0 0 0 0
YTP_p0
 0 0 0 0 0 0
CBA_c0
0
log_Ro
11.9365
likeval ReclasPelacesDesembMPH_pf_preclas_ppelaces_ptallas_desvR_qrecl_qpela
 15.7871 17.4928 0.0645558 0.000917944 234.956 135.897 108.569 0 22.3377 1.18914e-06 4.67481e-08 0.323633 2068.65 0 0
q_reclas_q_pelaces
0.857086 1.03105
M
1
N
 204170 37413.5 140709 8165.99 0.297076
 99357.5 69702.6 11871.9 44649 2591.29
 125321 31962.4 19662.9 3349.02 13326.4
 182230 40449.2 9076.21 5583.58 4735.23
 155000 54198.8 9769.91 2192.22 2492.36
 239330 53326.3 17462.9 3147.87 1509.38
 101957 76098.3 14700.3 4813.93 1283.85
 52441.1 27956.1 15648.7 3022.93 1253.94
 47631.6 18410.3 9375.09 5247.8 1434.25
 61973 14593.2 4715.6 2401.34 1711.54
 115648 18043.3 3379.18 1091.94 952.374
 147397 39945.7 5859.37 1097.35 663.869
 125276 41518.5 8663.92 1270.85 381.996
 88953.3 36022.6 9380.07 1957.39 373.42
 93996.7 21510.3 5776.66 1504.21 373.774
 469229 25766.2 4420.88 1187.24 385.97
 109514 131490 5531.61 949.095 337.744
 729004 35250.5 37136.7 1562.29 363.441
 413932 227692 9379.78 9881.66 512.416
 326955 123855 55654.8 2292.7 2540.63
 472221 99800.6 31492.5 14151.3 1228.96
 625974 149875 27412.4 8650.08 4224.51
 140886 190864 38025.7 6954.96 3266.49
 393068 46964 57771.4 11509.7 3093.86
 335895 130733 14152 17408.7 4400.62
 158993 112758 40124 4343.47 6693.61
 336062 54462.1 36018.7 12817 3525.63
 387408 111984 16472.7 10894.3 4943.03
 128860 130750 34736.5 5109.71 4912.62
 120714 44412.1 42276.8 11231.7 3240.63
 313030 40648.2 13714.3 13054.9 4469
 135454 102447 11864 4002.8 5114.72
 242261 47516.6 34303.2 3972.54 3052.9
pred_Ctot
 9348.53 3290.11 12373.8 718.11 0.0261246
 7972.44 10498.4 1788.1 6724.88 390.29
 9819.11 4706.72 2895.52 493.17 1962.41
 22448 9085.43 2038.63 1254.15 1063.59
 6384.02 4300.32 775.178 173.938 197.752
 20773.1 8650.03 2832.65 510.615 244.835
 16809.4 22230 4294.27 1406.25 375.039
 1520.89 1574.45 881.313 170.247 70.6199
 5109.41 3640.07 1853.64 1037.59 283.58
 8328.08 3548.51 1146.66 583.914 416.182
 4488.65 1351.21 253.056 81.772 71.3202
 22311.5 10814.1 1586.25 297.076 179.723
 17642.8 10533.5 2198.1 322.424 96.915
 19933.9 13721 3572.87 745.571 142.235
 15510.1 6288.32 1688.75 439.74 109.269
 72254.1 7083.16 1215.3 326.374 106.104
 8750.58 19726.1 829.849 142.383 50.6682
 70515.5 6329.79 6668.48 280.534 65.2616
 49666 49923.1 2056.58 2166.63 112.351
 35729.2 24913.4 11194.9 461.176 511.046
 41470.1 16368 5165 2320.91 201.559
 68777.7 30299 5541.74 1748.72 854.035
 8427.45 21724.5 4328.15 791.625 371.798
 24027 5457.78 6713.73 1337.57 359.544
 18716.1 13898.8 1504.56 1850.79 467.847
 6961.75 9494.94 3378.71 365.749 563.646
 20174.6 6220.33 4113.84 1463.88 402.676
 20365.9 11255.8 1655.72 1095.01 496.837
 5169.78 10112.3 2686.55 395.19 379.946
 6507.68 4573.71 4353.81 1156.68 333.731
 22049.7 5409.83 1825.22 1737.47 594.776
 3991.93 5861.15 678.76 229.006 292.621
 15986.7 5942.02 4289.67 496.772 381.77
F
 0.074717 0.14786 0.14786 0.14786 0.14786
 0.134165 0.265503 0.265503 0.265503 0.265503
 0.13083 0.258903 0.258903 0.258903 0.258903
 0.21261 0.42074 0.42074 0.42074 0.42074
 0.0669958 0.13258 0.13258 0.13258 0.13258
 0.145818 0.288565 0.288565 0.288565 0.288565
 0.293915 0.581637 0.581637 0.581637 0.581637
 0.0467822 0.0925789 0.0925789 0.0925789 0.0925789
 0.182943 0.362031 0.362031 0.362031 0.362031
 0.233924 0.46292 0.46292 0.46292 0.46292
 0.0630307 0.124734 0.124734 0.124734 0.124734
 0.266989 0.528353 0.528353 0.528353 0.528353
 0.246372 0.487553 0.487553 0.487553 0.487553
 0.41958 0.830321 0.830321 0.830321 0.830321
 0.294196 0.582193 0.582193 0.582193 0.582193
 0.272159 0.538584 0.538584 0.538584 0.538584
 0.133571 0.264327 0.264327 0.264327 0.264327
 0.163686 0.323924 0.323924 0.323924 0.323924
 0.206588 0.408824 0.408824 0.408824 0.408824
 0.186648 0.369364 0.369364 0.369364 0.369364
 0.147646 0.29218 0.29218 0.29218 0.29218
 0.187747 0.371538 0.371538 0.371538 0.371538
 0.0985726 0.195069 0.195069 0.195069 0.195069
 0.100824 0.199523 0.199523 0.199523 0.199523
 0.0915567 0.181185 0.181185 0.181185 0.181185
 0.0713523 0.141201 0.141201 0.141201 0.141201
 0.0989415 0.195799 0.195799 0.195799 0.195799
 0.0861899 0.170564 0.170564 0.170564 0.170564
 0.065211 0.129048 0.129048 0.129048 0.129048
 0.08847 0.175076 0.175076 0.175076 0.175076
 0.116954 0.231443 0.231443 0.231443 0.231443
 0.0475538 0.0941058 0.0941058 0.0941058 0.0941058
 0.109219 0.216137 0.216137 0.216137 0.216137
YTP_r0W_actual
 120539 103688 103252 15558.9 13457.4
YTP_p0W_proyectada
 0 0 0 0 0
 0 0 0 0 0
 0 0 0 0 0
 0 0 0 0 0
 0 0 0 0 0
 0 0 0 0 0
CTP_r0_actual
 15986.7 5942.02 4289.67 496.772 381.77
CTP_p0_proyectada
 0 0 0 0 0
 0 0 0 0 0
 0 0 0 0 0
 0 0 0 0 0
 0 0 0 0 0
 0 0 0 0 0
Wmedp
 7.54 17.45 24.07 31.32 35.25
Frms_r0
 0.109219 0.216137 0.216137 0.216137 0.216137
Zrms_r0
 1.10922 1.21614 1.21614 1.21614 1.21614
nmprior
 7.29 8.9 8.7 0
nm_flota  nm_reclas  nm_pelaces    nm_pelaL
inf 12.1496 21.5246 73.4699
cv_recla  cv_pelaces  cv_mph
0.344098 0.458163 0.809737
 ------------------------------------------------
Talla a la edad & desviaci?n 
 8 13.2811 15.8009 17.003 17.5766
 0.8 1.32811 1.58009 1.7003 1.75766
