years
 1991 1992 1993 1994 1995 1996 1997 1998 1999 2000 2001 2002 2003 2004 2005 2006 2007 2008 2009 2010 2011 2012 2013 2014 2015 2016 2017 2018 2019 2020 2021 2022 2023
reclasobs
 0 0 0 0 0 0 0 0 0 252601 567819 844713 477998 351125 339783 2.1784e+06 2.13404e+06 4.81314e+06 1.55562e+06 2.62356e+06 3.21686e+06 3.843e+06 1.13348e+06 3.07943e+06 1.97215e+06 2.03268e+06 2.025e+06 2.42433e+06 2.27542e+06 1.05018e+06 2.36338e+06 3.18982e+06 1.53035e+06
reclaspred
 5.68075e+06 1.64467e+06 1.09993e+06 799747 218762 2.94675e+06 1.36598e+06 559843 687492 239541 432098 833634 780822 598709 446761 1.78517e+06 953615 4.47642e+06 2.96712e+06 2.17233e+06 3.16413e+06 3.10013e+06 1.81876e+06 3.1949e+06 2.40215e+06 1.77248e+06 2.25412e+06 3.25157e+06 2.60639e+06 1.10669e+06 2.00662e+06 1.95564e+06 828835
pelacesobs
 0 0 0 0 0 0 0 0 0 0 0 0 0 0 0 552880 188675 0 991730 2.46772e+06 1.41603e+06 1.21717e+06 2.29649e+06 1.80582e+06 0 1.4828e+06 1.56532e+06 1.57751e+06 1.42118e+06 867257 1.10002e+06 1.06204e+06 0
pelacespred
 3.98812e+06 1.01004e+06 522440 296115 84247.5 1.75193e+06 647364 370634 356428 90371.6 242494 369026 385664 286575 208024 810165 410475 2.62937e+06 1.60387e+06 996058 1.62086e+06 1.53335e+06 965346 2.02604e+06 1.40521e+06 1.03678e+06 1.52971e+06 2.00478e+06 1.56968e+06 668281 992310 1.12556e+06 385497
mphobs
 0 0 0 0 0 0 0 0 0 0 0 0 498337 0 5186 125008 0 168611 109162 213762 579715 649985 157893 87575 83554 210694 70296 0 107559 103333 445601 22526 28222
mphpred
 1.39541e+06 572141 110097 162868 57574.7 18852.4 435457 112926 52881.1 59717.3 14818.7 64033.1 94111.7 59593.9 35583.2 36408.4 237461 84478.6 577418 394873 465385 438323 132883 66124.1 159059 113089 71874 106876 214759 112118 34743 121278 46745.8
desembarqueobs
 494567 514787 250237 358949 120608 361735 552515 73892 212993 205616 52469 317467 293654 387597 252695 516296 358380 742168 942051 627588 828172 859565 418607 520667 417249 300574 415391 372974 316634 284311 391294 218835 356480
desembarquepred
 494512 514514 249851 358770 120547 361562 551958 73875 212840 205440 52457.3 317199 293350 386929 252392 515765 358159 741469 940558 626441 827749 858548 418266 520370 416857 300328 415048 372678 316350 283905 390881 218777 356243
Reclutas
 30089 23651.3 180655 36478.7 14653.7 276035 20733.2 6953.87 40487.9 24372.5 41812.8 109201 79218.9 69058.9 43866.1 258976 18402.2 467981 177965 220754 202285 398183 28542.7 172235 140676 40474.3 132674 176601 36053 31586.7 137973 23357.2 56852.4
log_desv_Rt
 -0.814158 -1.0549 0.978269 -0.621589 -1.53362 1.40221 -1.18658 -2.27902 -0.517315 -1.02486 -0.485115 0.47487 0.153896 0.0166409 -0.437176 1.33842 -1.30585 1.93011 0.96327 1.17873 1.09136 1.76859 -0.866916 0.930541 0.728144 -0.517651 0.669576 0.955572 -0.633329 -0.765582 0.708741 -1.06741 -0.17786
SSB
 1.45556e+06 596802 114842 169888 60056.4 19665 454227 117794 55160.5 62291.4 15457.4 66793.2 90563.6 59853 34553.6 36093.9 247697 88120 630710 264348 324527 329488 423307 198343 433456 335305 196849 276138 580276 278032 105736 368074 135400
BT
 1.87871e+06 910424 451014 372642 133378 1.24044e+06 722455 215763 374690 226218 166544 442887 448179 544770 355157 831152 437828 2.03898e+06 1.57033e+06 982111 1.45292e+06 1.47395e+06 719592 1.50742e+06 969791 684401 1.18407e+06 1.29246e+06 844861 553552 808975 605321 500976
Ftot
 0.352927 1.15646 1.16327 1.73214 2.03724 0.74172 1.49376 0.563948 1.59336 3.06507 0.703264 1.88273 1.77314 2.91677 2.71215 1.62529 1.45362 0.96385 1.37469 1.41463 1.25918 1.39179 0.947631 0.87959 0.81407 0.747666 0.966926 0.6245 0.515067 1.06886 1.07457 0.487495 1.89498
BD_Bspro_t
 0.94554 0.595972 0.221116 0.298262 0.109599 0.0525885 0.452977 0.16227 0.117268 0.146128 0.0580435 0.2732 0.216494 0.132073 0.077279 0.0833545 0.268063 0.117742 0.39622 0.205882 0.205681 0.20872 0.266719 0.164518 0.328107 0.326589 0.269092 0.370055 0.523876 0.352461 0.207707 0.416496 0.284346
BD_Bspro
 2.97469 1.21967 0.234701 0.347197 0.122736 0.0401891 0.928297 0.240734 0.11273 0.127304 0.0315901 0.136504 0.185083 0.12232 0.0706165 0.0737645 0.506214 0.180089 1.28897 0.540243 0.663231 0.673368 0.865105 0.405351 0.885846 0.685257 0.402297 0.564339 1.1859 0.568208 0.216091 0.752227 0.276716
BD_Bo
 5.29038 2.16914 0.417407 0.617477 0.218282 0.0714747 1.65094 0.428136 0.200487 0.226405 0.0561818 0.242767 0.329164 0.217542 0.125589 0.131187 0.900282 0.320282 2.29239 0.960802 1.17953 1.19756 1.53856 0.720902 1.57544 1.2187 0.71547 1.00366 2.10908 1.01054 0.384309 1.33781 0.492128
BD_Brms
 5.66623 2.32325 0.447061 0.661345 0.233789 0.0765525 1.76823 0.458552 0.21473 0.24249 0.0601731 0.260014 0.352549 0.232997 0.134511 0.140507 0.964242 0.343036 2.45525 1.02906 1.26333 1.28264 1.64786 0.772117 1.68737 1.30528 0.766299 1.07496 2.25892 1.08233 0.411612 1.43285 0.527091
Sel_flota
 0.484788 0.947028 0.997065 0.999845 0.999992
 0.484788 0.947028 0.997065 0.999845 0.999992
 0.484788 0.947028 0.997065 0.999845 0.999992
 0.484788 0.947028 0.997065 0.999845 0.999992
 0.484788 0.947028 0.997065 0.999845 0.999992
 0.484788 0.947028 0.997065 0.999845 0.999992
 0.484788 0.947028 0.997065 0.999845 0.999992
 0.484788 0.947028 0.997065 0.999845 0.999992
 0.484788 0.947028 0.997065 0.999845 0.999992
 0.484788 0.947028 0.997065 0.999845 0.999992
 0.484788 0.947028 0.997065 0.999845 0.999992
 0.484788 0.947028 0.997065 0.999845 0.999992
 0.484788 0.947028 0.997065 0.999845 0.999992
 0.484788 0.947028 0.997065 0.999845 0.999992
 0.484788 0.947028 0.997065 0.999845 0.999992
 0.484788 0.947028 0.997065 0.999845 0.999992
 0.484788 0.947028 0.997065 0.999845 0.999992
 0.484788 0.947028 0.997065 0.999845 0.999992
 0.484788 0.947028 0.997065 0.999845 0.999992
 0.484788 0.947028 0.997065 0.999845 0.999992
 0.484788 0.947028 0.997065 0.999845 0.999992
 0.484788 0.947028 0.997065 0.999845 0.999992
 0.484788 0.947028 0.997065 0.999845 0.999992
 0.484788 0.947028 0.997065 0.999845 0.999992
 0.484788 0.947028 0.997065 0.999845 0.999992
 0.484788 0.947028 0.997065 0.999845 0.999992
 0.484788 0.947028 0.997065 0.999845 0.999992
 0.484788 0.947028 0.997065 0.999845 0.999992
 0.484788 0.947028 0.997065 0.999845 0.999992
 0.484788 0.947028 0.997065 0.999845 0.999992
 0.484788 0.947028 0.997065 0.999845 0.999992
 0.484788 0.947028 0.997065 0.999845 0.999992
 0.484788 0.947028 0.997065 0.999845 0.999992
Sel_reclas
 0.755865 1 1 1 1
 0.755865 1 1 1 1
 0.755865 1 1 1 1
 0.755865 1 1 1 1
 0.755865 1 1 1 1
 0.755865 1 1 1 1
 0.755865 1 1 1 1
 0.755865 1 1 1 1
 0.755865 1 1 1 1
 0.755865 1 1 1 1
 0.755865 1 1 1 1
 0.755865 1 1 1 1
 0.755865 1 1 1 1
 0.755865 1 1 1 1
 0.755865 1 1 1 1
 0.755865 1 1 1 1
 0.755865 1 1 1 1
 0.755865 1 1 1 1
 0.755865 1 1 1 1
 0.755865 1 1 1 1
 0.755865 1 1 1 1
 0.755865 1 1 1 1
 0.755865 1 1 1 1
 0.755865 1 1 1 1
 0.755865 1 1 1 1
 0.755865 1 1 1 1
 0.755865 1 1 1 1
 0.755865 1 1 1 1
 0.755865 1 1 1 1
 0.755865 1 1 1 1
 0.755865 1 1 1 1
 0.755865 1 1 1 1
 0.755865 1 1 1 1
Sel_pelaces
 0.663011 1 1 1 1
 0.663011 1 1 1 1
 0.663011 1 1 1 1
 0.663011 1 1 1 1
 0.663011 1 1 1 1
 0.663011 1 1 1 1
 0.663011 1 1 1 1
 0.663011 1 1 1 1
 0.663011 1 1 1 1
 0.663011 1 1 1 1
 0.663011 1 1 1 1
 0.663011 1 1 1 1
 0.663011 1 1 1 1
 0.663011 1 1 1 1
 0.663011 1 1 1 1
 0.663011 1 1 1 1
 0.663011 1 1 1 1
 0.663011 1 1 1 1
 0.663011 1 1 1 1
 0.663011 1 1 1 1
 0.663011 1 1 1 1
 0.663011 1 1 1 1
 0.663011 1 1 1 1
 0.663011 1 1 1 1
 0.663011 1 1 1 1
 0.663011 1 1 1 1
 0.663011 1 1 1 1
 0.663011 1 1 1 1
 0.663011 1 1 1 1
 0.663011 1 1 1 1
 0.663011 1 1 1 1
 0.663011 1 1 1 1
 0.663011 1 1 1 1
pf_obs 
 0.8446 0.082 0.0669 0.0065 0
 0.8095 0.147 0.0364 0.0071 0
 0.9664 0.0169 0.016 0.0007 0
 0.9276 0.0648 0.0075 0.0001 0
 0.7033 0.2144 0.0806 0.0017 0
 0.9318 0.0425 0.0243 0.0014 0
 0.5671 0.3108 0.0964 0.0239 0.0018
 0.0768 0.2599 0.5324 0.112 0.0189
 0.490249 0.384438 0.106611 0.0170017 0.00170017
 0.7925 0.1577 0.0466 0.003 0.0002
 0.840416 0.127587 0.0312969 0.00059994 9.999e-05
 0.8084 0.0986 0.0794 0.0134 0.0002
 0.7335 0.1905 0.0724 0.0035 0.0001
 0.4001 0.4547 0.1325 0.0127 0
 0.49795 0.308269 0.164784 0.0264974 0.00249975
 0.9179 0.0499 0.0305 0.0017 0
 0.2467 0.6533 0.0926 0.0074 0
 0.9418 0.0223 0.034 0.0019 0
 0.707729 0.231977 0.0356964 0.0245975 0
 0.517169 0.277429 0.184464 0.0207286 0.00020938
 0.811772 0.124168 0.05621 0.00726502 0.000585176
 0.764997 0.148141 0.077277 0.00933861 0.000247198
 0.163321 0.427699 0.378323 0.0303852 0.000271297
 0.753843 0.0900009 0.118128 0.0371064 0.000921714
 0.721811 0.176058 0.0630433 0.0369309 0.00215725
 0.143369 0.312575 0.442814 0.0836902 0.0175525
 0.692698 0.0596174 0.167031 0.0765114 0.00414204
 0.394062 0.376323 0.152708 0.0712218 0.00568511
 0.125707 0.32114 0.495352 0.0537591 0.00404204
 0.23352 0.215282 0.420074 0.123614 0.00750983
 0.796117 0.104755 0.0508955 0.0450114 0.00322123
 0.162477 0.292055 0.404252 0.121198 0.0200186
 0 0 0 0 0
pf_pred 
 0.14601 0.199299 0.580756 0.073933 1.10211e-06
 0.299248 0.190644 0.124693 0.342017 0.0433979
 0.925247 0.0410506 0.00979533 0.00586556 0.0180418
 0.384234 0.598526 0.00986012 0.00215273 0.00522758
 0.538858 0.309824 0.147525 0.00217497 0.00161767
 0.984882 0.012297 0.00196991 0.000829729 2.11841e-05
 0.158264 0.83635 0.00444056 0.000660856 0.000284314
 0.275841 0.259022 0.462447 0.00222037 0.000469955
 0.864925 0.0634994 0.026725 0.0445919 0.000258453
 0.717855 0.269478 0.00630121 0.0023856 0.00398032
 0.917433 0.076881 0.00546945 0.000108205 0.000108277
 0.86677 0.128305 0.00460797 0.000304886 1.20185e-05
 0.758699 0.231022 0.009939 0.000317544 2.1698e-05
 0.791774 0.190192 0.0173453 0.000666499 2.26077e-05
 0.831767 0.160064 0.00755963 0.000586521 2.30941e-05
 0.974132 0.0247998 0.00102389 4.15328e-05 3.32115e-06
 0.213276 0.780142 0.00633627 0.000235187 1.02426e-05
 0.97394 0.0115589 0.0143908 0.000105825 4.07664e-06
 0.509942 0.485124 0.00228788 0.00262581 1.99638e-05
 0.759246 0.180526 0.0596779 0.000255517 0.000293922
 0.73725 0.237486 0.0193969 0.00581311 5.3224e-05
 0.848029 0.134773 0.0156791 0.00116776 0.000351389
 0.178034 0.774246 0.0427693 0.00451581 0.000435182
 0.844371 0.05465 0.0955476 0.00487014 0.000561281
 0.651423 0.325143 0.00865142 0.0139914 0.000791938
 0.356104 0.526229 0.110315 0.00272154 0.00463126
 0.814059 0.105494 0.0666108 0.0129747 0.000861217
 0.752316 0.227541 0.0118292 0.00688864 0.00142451
 0.269028 0.637707 0.0861568 0.00418089 0.00292706
 0.455693 0.24373 0.26438 0.0334474 0.00274933
 0.894451 0.073303 0.0151238 0.0150688 0.00205348
 0.293082 0.676685 0.0215459 0.0040844 0.00460257
 0.730067 0.128572 0.135688 0.00404724 0.00162582
pobs_RECLAS
 0 0 0 0 0
 0 0 0 0 0
 0 0 0 0 0
 0 0 0 0 0
 0 0 0 0 0
 0 0 0 0 0
 0 0 0 0 0
 0 0 0 0 0
 0 0 0 0 0
 0 0 0 0 0
 0.991045 0.00858322 0.000360255 1.14367e-05 0
 0.934742 0.0480273 0.0164251 0.00080598 0
 0.827803 0.169806 0.00239088 0 0
 0.941827 0.0461693 0.0120037 0 0
 0.791401 0.0380133 0.147996 0.0225897 0
 0.846168 0.0940531 0.0597789 0 0
 0.134021 0.677848 0.182769 0.00536245 0
 0.80878 0.0450904 0.141981 0.00414843 0
 0.846168 0.0940531 0.0597789 0 0
 0.905697 0.0802665 0.012482 0.00150086 5.37128e-05
 0.989698 0.0102097 9.19794e-05 0 0
 0.975433 0.0193895 0.00387452 0.00125025 5.28907e-05
 0.303575 0.632131 0.0575291 0.00676475 0
 0.966965 0.00978017 0.0227588 0.000495775 0
 0.843318 0.132988 0.00938335 0.0141283 0.000182051
 0.564624 0.303363 0.111486 0.0197234 0.00080311
 0.826376 0.0876187 0.0782897 0.00655872 0.00115652
 0.89761 0.0855135 0.0140674 0.00269457 0.000114338
 0.34875 0.467042 0.161289 0.0227151 0.000203297
 0.318654 0.224769 0.449479 0.00709798 0
 0.937255 0.0296025 0.0250945 0.00804832 0
 0.456809 0.399803 0.12412 0.0192676 0
 0.883104 0.0372192 0.0704036 0.00927362 0
ppred_RECLAS
 0.210986 0.191829 0.529917 0.0672661 1.00257e-06
 0.41626 0.166263 0.102308 0.279686 0.0354826
 0.953093 0.0264947 0.00594723 0.00354945 0.0109158
 0.514504 0.472805 0.00727054 0.00158139 0.0038394
 0.677993 0.221516 0.097982 0.00143874 0.00106986
 0.990233 0.00802809 0.00121532 0.000510328 1.30272e-05
 0.236877 0.758551 0.00377245 0.000559426 0.000240631
 0.374971 0.231524 0.391236 0.00187287 0.000396342
 0.917185 0.0403603 0.0158883 0.0264139 0.000153064
 0.8391 0.154305 0.00328917 0.00123893 0.00206657
 0.944838 0.0515581 0.00346746 6.83898e-05 6.8424e-05
 0.918418 0.0787667 0.0026344 0.000173627 6.8429e-06
 0.843038 0.150708 0.0060484 0.00019251 1.31517e-05
 0.884264 0.106504 0.0088804 0.000339555 1.15147e-05
 0.905627 0.0901516 0.0039081 0.000301789 1.18799e-05
 0.984429 0.0149679 0.000577751 2.33498e-05 1.86679e-06
 0.308285 0.68629 0.00522393 0.000193214 8.41307e-06
 0.983744 0.0074472 0.00874207 6.40808e-05 2.46815e-06
 0.629196 0.367306 0.00162518 0.00185875 1.41293e-05
 0.839804 0.122024 0.0378249 0.000161384 0.000185606
 0.819706 0.163923 0.0125799 0.00375732 3.43953e-05
 0.901715 0.0877816 0.00957893 0.000710939 0.000213888
 0.253858 0.705169 0.0367346 0.00386629 0.000372527
 0.897619 0.0373185 0.0615738 0.00312861 0.00036051
 0.74394 0.239772 0.00602479 0.00971325 0.000549698
 0.462597 0.443675 0.0878888 0.00216163 0.00367785
 0.875639 0.0723622 0.043079 0.00836426 0.0005551
 0.8233 0.163062 0.00801942 0.00465601 0.000962667
 0.3597 0.562433 0.0719496 0.00348115 0.00243678
 0.57787 0.195344 0.199554 0.0251639 0.00206808
 0.931812 0.0482395 0.00937251 0.00930797 0.00126821
 0.386074 0.589024 0.0177621 0.00335721 0.00378254
 0.829078 0.0844667 0.0829984 0.00246599 0.000990413
pobs_PELACES
 0 0 0 0 0
 0 0 0 0 0
 0 0 0 0 0
 0 0 0 0 0
 0 0 0 0 0
 0 0 0 0 0
 0 0 0 0 0
 0 0 0 0 0
 0 0 0 0 0
 0 0 0 0 0
 0 0 0 0 0
 0 0 0 0 0
 0 0 0 0 0
 0 0 0 0 0
 0 0 0 0 0
 0 0 0 0 0
 0.505614 0.472636 0.0217494 0 0
 0 0 0 0 0
 0.443492 0.261883 0.143347 0.151278 0
 0.227955 0.32914 0.350689 0.0885471 0.00366901
 0.970185 0.0296113 0.000203453 0 0
 0.997202 0.00247181 0.000326279 0 0
 0.445219 0.490057 0.0546422 0.010081 0
 0.90214 0.0892962 0.00764917 0.000914606 0
 0 0 0 0 0
 0.581667 0.319106 0.0959925 0.00289975 0.000334073
 0.762889 0.0836404 0.116647 0.0363945 0.000428098
 0.88444 0.0763242 0.0277011 0.0115352 0
 0.521256 0.241999 0.230069 0.00667565 0
 0.616807 0.101726 0.260614 0.0208532 0
 0.833518 0.0704572 0.0857862 0.0102388 0
 0.697417 0.212968 0.0787535 0.0105354 0.000325836
 0 0 0 0 0
ppred_PELACES
 0.199122 0.195579 0.537137 0.0681605 1.01589e-06
 0.430793 0.164441 0.099273 0.271101 0.0343916
 0.955492 0.0253577 0.00558374 0.00332896 0.0102371
 0.547837 0.440676 0.00658541 0.00143009 0.00347178
 0.718016 0.19601 0.0838318 0.00122866 0.000913555
 0.99008 0.00817206 0.00122206 0.000512807 1.30901e-05
 0.254843 0.740801 0.00359442 0.000532295 0.000228944
 0.365832 0.236288 0.395587 0.00189272 0.000400531
 0.926255 0.0364415 0.0139731 0.023196 0.000134407
 0.879754 0.115558 0.00234167 0.000879559 0.00146691
 0.943624 0.0527319 0.00350546 6.90946e-05 6.91268e-05
 0.929447 0.0681907 0.00221087 0.000145462 5.73233e-06
 0.860753 0.133853 0.00521693 0.000165776 1.13243e-05
 0.913019 0.0803453 0.00638425 0.000243458 8.25483e-06
 0.927303 0.0695821 0.0028843 0.000222176 8.74479e-06
 0.986137 0.0133403 0.000501292 2.02296e-05 1.6172e-06
 0.327988 0.666866 0.00495569 0.000183049 7.96988e-06
 0.984132 0.00733222 0.0084712 6.20404e-05 2.38944e-06
 0.647395 0.349354 0.00151106 0.00172605 1.31197e-05
 0.851575 0.113684 0.034426 0.000146692 0.000168697
 0.828815 0.155935 0.0117207 0.00349665 3.20072e-05
 0.908885 0.0815764 0.00869956 0.000644849 0.000193992
 0.256583 0.703196 0.0360631 0.00379232 0.000365382
 0.898746 0.0372497 0.0605741 0.00307533 0.000354356
 0.742793 0.241058 0.00597623 0.00962778 0.000544839
 0.458902 0.447687 0.0875955 0.00215294 0.00366293
 0.878136 0.0713865 0.041825 0.00811358 0.000538438
 0.818151 0.16795 0.00817507 0.00474366 0.00098076
 0.347934 0.573361 0.0727264 0.00351708 0.00246187
 0.587954 0.192499 0.193208 0.0243397 0.00200024
 0.934197 0.0468003 0.00893298 0.00886272 0.00120748
 0.3728 0.601958 0.0180067 0.0034019 0.0038328
 0.85231 0.0741437 0.0706106 0.00209429 0.000841049
pobs_pel_tallas
 0 0 0 0 0 0 0 0 0 0 0 0 0 0 0 0 0 0 0 0 0 0 0 0 0 0
 0 0 0 0 0 0 0 0 0 0 0 0 0 0 0 0 0 0 0 0 0 0 0 0 0 0
 0 0 0 0 0 0 0 0 0 0 0 0 0 0 0 0 0 0 0 0 0 0 0 0 0 0
 0 0 0 0 0 0 0 0 0 0 0 0 0 0 0 0 0 0 0 0 0 0 0 0 0 0
 0 0 0 0 0 0 0 0 0 0 0 0 0 0 0 0 0 0 0 0 0 0 0 0 0 0
 0 0 0 0 0 0 0 0 0 0 0 0 0 0 0 0 0 0 0 0 0 0 0 0 0 0
 0 0 0 0 0 0 0 0 0 0 0 0 0 0 0 0 0 0 0 0 0 0 0 0 0 0
 0 0 0 0 0 0 0 0 0 0 0 0 0 0 0 0 0 0 0 0 0 0 0 0 0 0
 0 0 0 0 0 0 0 0 0 0 0 0 0 0 0 0 0 0 0 0 0 0 0 0 0 0
 0 0 0 0 0 0 0 0 0 0 0 0 0 0 0 0 0 0 0 0 0 0 0 0 0 0
 0 0 0 0 0 0 0 0 0 0 0 0 0 0 0 0 0 0 0 0 0 0 0 0 0 0
 0 0 0 0 0 0 0 0 0 0 0 0 0 0 0 0 0 0 0 0 0 0 0 0 0 0
 0.00862536 0 0 0.000197151 0.00414017 0.0128641 0.00837892 0.0270097 0.101434 0.158115 0.152841 0.127902 0.109271 0.109419 0.0830992 0.0579132 0.0238553 0.00714673 0.00463305 0.00128148 0.00103504 0.000492878 0.000147863 0.000147863 4.92878e-05 0
 0 0 0 0 0 0 0 0 0 0 0 0 0 0 0 0 0 0 0 0 0 0 0 0 0 0
 0 0 0 0 0 0 0 0.0054083 0.00873648 0.0413646 0.0450493 0.0745869 0.0622846 0.0627006 0.0613931 0.0827291 0.12552 0.122667 0.0946155 0.0697135 0.0546179 0.0294188 0.0215738 0.0213955 0.0102223 0.00600262
 0 0 0 0 0.00359764 0.0251062 0.0480494 0.140153 0.205849 0.193036 0.1447 0.116669 0.0760912 0.0342217 0.00950174 0.001854 0.000860785 0 0 0 0.000165536 0 0.000143464 0 0 0
 0 0 0 0 0 0 0 0.000145254 0.000435761 0.0275982 0.070085 0.0708112 0.156366 0.174668 0.174014 0.160142 0.0824315 0.0480064 0.0283245 0.00493863 0.00203355 0 0 0 0 0
 0 0 0 0 0 0 0 0 0 0 0 0 0 0 0 0 0 0 0 0 0 0 0 0 0 0
 0 0 1.00437e-05 0.000401748 0.00122533 0.00171747 0.00176769 0.0269171 0.070346 0.194647 0.189555 0.159765 0.064822 0.0314167 0.0384472 0.0292271 0.0345202 0.0313363 0.0194345 0.0106764 0.0143323 0.0359363 0.0279516 0.0138201 0.00172751 0
 0 0.0021121 0.0136068 0.0755702 0.200478 0.177729 0.0527432 0.0373336 0.0318909 0.0142505 0.0149659 0.0166563 0.0217959 0.0798694 0.0677717 0.0528807 0.04013 0.0224614 0.0357745 0.0225083 0.00881397 0.00855152 0.00135912 0.000746735 0 0
 0 0 0 0 5.4009e-05 0.00500934 0.000945158 0.0243581 0.138947 0.33067 0.221406 0.137944 0.0707744 0.0437923 0.0131692 0.00525238 0.0047753 0.00276346 9.45158e-05 9.00151e-06 2.25038e-05 9.00151e-06 4.50075e-06 0 0 0
 0.000866109 0.00284123 0.00948549 0.0512746 0.133035 0.25785 0.225252 0.132002 0.0553304 0.0519788 0.0540692 0.017754 0.00435017 0.00159236 0.00146478 0.000404838 0.000125132 0.000115318 0.000107957 0.000100596 0 0 0 0 0 0
 0 0 0 0 0.00144013 0.00171154 0.00461396 0.0210425 0.0478622 0.0707936 0.0888783 0.103762 0.0637923 0.0337046 0.0602308 0.124433 0.169614 0.0934646 0.0462172 0.0250306 0.0313229 0.00938855 0.002487 0.000210481 0 0
 0 0.00764035 0.051015 0.0998891 0.058973 0.0496711 0.0374665 0.0718981 0.12319 0.153886 0.159021 0.0857701 0.0377988 0.023471 0.0147837 0.00900784 0.00315554 0.000888139 0.00291439 0.00214683 0.00393193 0.00274676 0.000635225 9.99891e-05 0 0
 0 0 0 0 0 0 0 0 0 0 0 0 0 0 0 0 0 0 0 0 0 0 0 0 0 0
 0 0 0 0 0 0 0 0 0 0 0 0 0 0 0 0 0 0 0 0 0 0 0 0 0 0
 0 0 0 0 0 0 0 0 0 0 0 0 0 0 0 0 0 0 0 0 0 0 0 0 0 0
 0 0 0 0 0 0 0 0 0 0 0 0 0 0 0 0 0 0 0 0 0 0 0 0 0 0
 0 0 0 0 0 0 0 0 0 0 0 0 0 0 0 0 0 0 0 0 0 0 0 0 0 0
 0 0 0 0 0 0 0 0 0 0 0 0 0 0 0 0 0 0 0 0 0 0 0 0 0 0
 0 0 0 0 0 0 0 0 0 0 0 0 0 0 0 0 0 0 0 0 0 0 0 0 0 0
 0 0 0 0 0 0 0 0 0 0 0 0 0 0 0 0 0 0 0 0 0 0 0 0 0 0
 0 0 0 0 0 0 0 0 0 0 0 0 0 0 0 0 0 0 0 0 0 0 0 0 0 0
ppred_pel_tallas
 1.22387e-16 1.64015e-05 0.000159428 0.00105946 0.00481615 0.0149849 0.0319277 0.0466035 0.0466232 0.0320242 0.0153111 0.00576848 0.00348887 0.00559167 0.0107106 0.0186649 0.0291776 0.0414677 0.054587 0.0678618 0.0808181 0.0925494 0.101223 0.104464 0.100552 0.0895484
 1.35915e-16 3.54839e-05 0.000344916 0.00229209 0.0104195 0.0324191 0.0690728 0.100817 0.100833 0.0691514 0.0326837 0.0111871 0.00423096 0.00461918 0.00828075 0.0139844 0.0210105 0.0283669 0.0351937 0.0414293 0.0479392 0.0558116 0.0652835 0.0751332 0.0830077 0.0864527
 1.02234e-16 7.87027e-05 0.000765018 0.00508381 0.0231103 0.0719047 0.153201 0.223601 0.223604 0.153213 0.0719449 0.0232265 0.00537602 0.00140411 0.00129617 0.00202864 0.00294093 0.0037584 0.00426637 0.00438422 0.00421748 0.00398935 0.00389861 0.0040107 0.00424653 0.00445064
 1.01034e-16 4.51247e-05 0.000438628 0.00291484 0.0132505 0.0412274 0.0878408 0.128215 0.128257 0.0880478 0.0419223 0.0152566 0.00794599 0.011407 0.0208329 0.0342565 0.0490784 0.0611607 0.0663223 0.0626433 0.0516439 0.0373329 0.0239139 0.0139004 0.00770902 0.00443636
 1.02748e-16 5.91421e-05 0.000574882 0.0038203 0.0173665 0.0540338 0.115125 0.168033 0.168052 0.115218 0.0543455 0.0182679 0.00608696 0.0055362 0.0095199 0.0157438 0.022902 0.0292692 0.033102 0.0335521 0.0311048 0.0271352 0.0229775 0.0192756 0.0160012 0.0128973
 1.00092e-16 8.15516e-05 0.00079271 0.00526784 0.0239468 0.0745075 0.158746 0.231695 0.231696 0.15875 0.0745204 0.0239842 0.00536157 0.000997364 0.000470324 0.000648715 0.000927155 0.00116698 0.00128821 0.00125598 0.00109657 0.000878706 0.000671858 0.000513679 0.000405663 0.000329875
 1.00386e-16 2.09913e-05 0.000204043 0.00135594 0.00616394 0.0191787 0.0408649 0.0596584 0.0597297 0.0412129 0.0203467 0.00953532 0.00981045 0.0186334 0.0349424 0.0575256 0.0823775 0.102564 0.111036 0.104548 0.0856576 0.0611302 0.0380866 0.0208236 0.0101115 0.00448179
 1.11734e-16 3.01331e-05 0.000292905 0.00194646 0.00884832 0.0275305 0.0586576 0.0856173 0.0856406 0.0587718 0.0279158 0.00996811 0.00478382 0.00657442 0.0122152 0.0208093 0.031508 0.0427959 0.053006 0.0611364 0.0670791 0.0710086 0.0725885 0.0708731 0.0650544 0.0553476
 1.02762e-16 7.62944e-05 0.000741609 0.00492825 0.0224031 0.0697044 0.148513 0.216759 0.216763 0.14853 0.0697625 0.0225712 0.00535122 0.00166887 0.00184921 0.0029686 0.00434775 0.00564105 0.00656076 0.00699735 0.00708243 0.00708124 0.00719381 0.00742273 0.0075941 0.00748812
 1.00434e-16 7.24642e-05 0.000704378 0.00468084 0.0212784 0.0662051 0.141057 0.20588 0.205891 0.141112 0.0663874 0.0218046 0.00600045 0.00358146 0.00552591 0.00899287 0.0128823 0.016063 0.0174378 0.0165053 0.013665 0.00996604 0.00650534 0.00393395 0.00235208 0.00151529
 1.00134e-16 7.77251e-05 0.000755516 0.00502067 0.0228232 0.0710116 0.151298 0.220825 0.22083 0.151323 0.0710948 0.0230636 0.00562364 0.00207069 0.00257217 0.00412052 0.00590742 0.00738434 0.0080498 0.00767303 0.00642851 0.00478165 0.00321777 0.00202341 0.00124426 0.000780845
 1.00097e-16 7.65574e-05 0.000744165 0.00494524 0.0224803 0.0699447 0.149025 0.217507 0.217514 0.149057 0.0700523 0.0227909 0.00572415 0.00244253 0.00329612 0.00531235 0.00760841 0.00948987 0.0103063 0.00975899 0.00807903 0.00587976 0.00380398 0.00223572 0.00124032 0.00068536
 1.00204e-16 7.08991e-05 0.000689165 0.00457974 0.0208189 0.0647753 0.138011 0.201434 0.201447 0.138074 0.0649864 0.0214285 0.00610899 0.00402378 0.00639287 0.0104274 0.0149454 0.0186489 0.0202669 0.0192132 0.015939 0.0116439 0.00758415 0.00450917 0.00254575 0.00143642
 1.00231e-16 7.52042e-05 0.000731011 0.00485783 0.022083 0.0687084 0.146391 0.213663 0.213671 0.146429 0.0688353 0.0224493 0.00577693 0.00273598 0.00387871 0.00628187 0.00901491 0.0112786 0.012313 0.0117668 0.00990347 0.00742664 0.00506859 0.0032593 0.00206524 0.00133655
 1.00125e-16 7.63807e-05 0.000742448 0.00493383 0.0224285 0.0697833 0.148681 0.217006 0.217012 0.148714 0.0698931 0.0227454 0.00572887 0.00247613 0.00336336 0.00542469 0.00777233 0.00970032 0.0105461 0.0100051 0.00831185 0.00608894 0.00398798 0.00239678 0.00137975 0.000802322
 1.00021e-16 8.12268e-05 0.000789553 0.00524686 0.0238515 0.0742107 0.158114 0.230772 0.230773 0.15812 0.0742318 0.0239122 0.00539926 0.00112188 0.000711254 0.00104434 0.00148955 0.00185821 0.00201914 0.00191371 0.00158693 0.00115846 0.000753598 0.000447133 0.000251717 0.000141625
 1.00334e-16 2.7016e-05 0.000262606 0.00174511 0.00793306 0.024683 0.0525922 0.0767732 0.0768374 0.0529054 0.0257345 0.0109681 0.00935639 0.0168542 0.0314673 0.0517947 0.0741766 0.0923669 0.100021 0.0942178 0.0772524 0.0552072 0.0344815 0.0189356 0.00926164 0.00414485
 1.00254e-16 8.10617e-05 0.000787948 0.00523619 0.023803 0.0740599 0.157792 0.230303 0.230304 0.157796 0.0740717 0.0238373 0.00532288 0.000978984 0.000449095 0.000627677 0.000927599 0.00123093 0.00147549 0.00162966 0.00169899 0.00170804 0.00167144 0.00158211 0.00142503 0.0012002
 1.00309e-16 5.33252e-05 0.00051834 0.00344455 0.0156585 0.0487194 0.103803 0.151511 0.151544 0.103967 0.0492702 0.0172484 0.00743168 0.00920965 0.0165225 0.0271333 0.0388529 0.0483782 0.0523845 0.0493444 0.0404659 0.0289409 0.0181248 0.0100373 0.00503136 0.00240432
 1.01066e-16 7.01431e-05 0.000681816 0.00453091 0.0205969 0.0640845 0.136539 0.199285 0.199296 0.136593 0.0642649 0.0211181 0.00584042 0.00354461 0.00551905 0.00904376 0.0130912 0.0166052 0.01855 0.0184305 0.0165595 0.0138055 0.0110374 0.00871569 0.00686816 0.0053278
 1.00735e-16 6.82684e-05 0.000663594 0.00440981 0.0200464 0.0623718 0.13289 0.19396 0.193975 0.132964 0.062618 0.0207574 0.00619367 0.00455504 0.00745081 0.0121885 0.0175018 0.0219043 0.0239307 0.0229056 0.019347 0.0146241 0.0101547 0.00676077 0.00454998 0.00320789
 1.0037e-16 7.48637e-05 0.000727702 0.00483583 0.021983 0.0683973 0.145728 0.212696 0.212704 0.145766 0.0685262 0.0223552 0.00576986 0.0027658 0.00394293 0.00639288 0.00918492 0.0115134 0.0126114 0.0121234 0.0103129 0.0078835 0.00556306 0.00377243 0.00256906 0.00180013
 1.01663e-16 2.11346e-05 0.000205436 0.0013652 0.00620603 0.0193096 0.0411437 0.0600646 0.0601322 0.0414743 0.0204194 0.00941003 0.00940247 0.0177335 0.033259 0.0548157 0.0786445 0.0982259 0.106923 0.101665 0.084807 0.0626091 0.0416061 0.0256673 0.015412 0.00947866
 1.02127e-16 7.40286e-05 0.000719584 0.00478189 0.0217378 0.0676343 0.144102 0.210322 0.210326 0.14412 0.067695 0.0219142 0.00522882 0.00170885 0.00199257 0.00328029 0.00495801 0.00673218 0.00833884 0.00962629 0.0105869 0.011258 0.0115912 0.0114316 0.0106339 0.00920554
 1.01292e-16 6.11829e-05 0.00059472 0.00395212 0.0179658 0.0558984 0.119098 0.173832 0.173855 0.119212 0.0562787 0.0190637 0.00670585 0.00659933 0.0114452 0.0187727 0.0269168 0.0335996 0.0365492 0.0347312 0.0289827 0.0214827 0.0144925 0.00932849 0.00615445 0.00442711
 1.03479e-16 3.77992e-05 0.000367422 0.00244165 0.0110994 0.0345346 0.0735813 0.107403 0.107446 0.0737923 0.0352432 0.0131466 0.00758174 0.0115931 0.0213713 0.0353061 0.0509344 0.0642058 0.0709937 0.0693552 0.060646 0.0485321 0.0367482 0.0273705 0.0206031 0.0156653
 1.02131e-16 7.2331e-05 0.000703083 0.00467223 0.0212393 0.0660834 0.140798 0.2055 0.205507 0.140832 0.0661973 0.0215691 0.0055025 0.00252373 0.00355405 0.00582371 0.00852837 0.0110298 0.0127211 0.0133107 0.0129621 0.0121199 0.011176 0.010256 0.00926078 0.00805826
 1.00921e-16 6.739e-05 0.000655055 0.00435307 0.0197884 0.0615693 0.13118 0.191465 0.191481 0.131259 0.0618344 0.0205538 0.00627293 0.00484222 0.00800818 0.0131027 0.0187991 0.0234955 0.0256111 0.0244224 0.0205016 0.0153476 0.0105144 0.00690469 0.00463297 0.003337
 1.03015e-16 2.8659e-05 0.000278575 0.00185123 0.00841547 0.026184 0.0557897 0.0814383 0.0814936 0.0560596 0.0270902 0.0110328 0.00842014 0.0146151 0.0272458 0.0449689 0.0647066 0.081215 0.0891497 0.0860164 0.0736397 0.0569091 0.0408664 0.0284039 0.0198955 0.0142856
 1.08405e-16 4.8429e-05 0.000470747 0.00312828 0.0142207 0.044246 0.0942716 0.137596 0.137615 0.0943636 0.0445559 0.0151191 0.00539606 0.00546315 0.00965242 0.0162001 0.0240755 0.0318237 0.0379409 0.0416536 0.0432185 0.0434319 0.042813 0.0412153 0.0381375 0.0333431
 1.01363e-16 7.69485e-05 0.000747967 0.00497051 0.0225952 0.0703021 0.149786 0.218618 0.218623 0.149808 0.0703762 0.0228094 0.00550861 0.00192384 0.0023138 0.00371334 0.00536627 0.00680273 0.00760403 0.00758697 0.00691003 0.00595966 0.00510565 0.0045162 0.00414279 0.00383239
 1.01664e-16 3.07072e-05 0.000298485 0.00198354 0.00901692 0.0280553 0.0597769 0.0872583 0.0873162 0.0600598 0.0290049 0.0117583 0.00885933 0.0152906 0.0284512 0.0468497 0.0671639 0.0837833 0.091013 0.086232 0.0714959 0.0522338 0.0341245 0.0205438 0.0120318 0.00736785
 1.0241e-16 7.02037e-05 0.000682405 0.00453482 0.0206146 0.0641398 0.136657 0.199456 0.199464 0.136692 0.064259 0.02096 0.00540626 0.00259936 0.00375347 0.0062048 0.00918779 0.0120844 0.0142934 0.0155011 0.0158036 0.0155263 0.0149129 0.0139692 0.0125667 0.0106604
pSPR Fmed_Fpbrs
1   0.983669 0.6 0.325 0.983669 0.983669 0.983669
Fs Fmed_Fpbrs
0   0.01 0.353534 0.911092 0.01 0.01 0.01
SSBpbr Bo_Bmed_Bpbrs
275133  261376  256883 151323 75661.4 256883 256883 256883
Ro
67919.2
SPR SPRFo_SPRFmed_SPRFpbrs
489313 489313 481322
Fref
0
Nvult_r0
 48506.3 6369.28 6601.09 196.705 79.0147
CTP_r0
 23225 4090.14 4316.51 128.751 51.7208
YTP_r0
356243
Np
 56852.4 20914.8 7694.13 2830.51 1424.36
Nvult_p0
 35937.6 13220.7 4863.62 1789.23 900.365
CTP_p0
 0 0 0 0 0
 0 0 0 0 0
 0 0 0 0 0
 0 0 0 0 0
 0 0 0 0 0
 0 0 0 0 0
YTP_p0
 0 0 0 0 0 0
CBA_c0
0
log_Ro
10.9461
likeval ReclasPelacesDesembMPH_pf_preclas_ppelaces_ptallas_desvR_qrecl_qpela
 16.1918 16.2115 0.150753 0.00114177 273.143 137.455 124.586 0 50.4567 0.000104457 0.000177122 0.0286094 2066.39 0 0
q_reclas_q_pelaces
4.2435 6.56752
M
1
N
 30089 22435.5 62526.7 7940.84 0.118358
 23651.3 9328.42 5908.63 16178.8 2052.71
 180655 4966.82 1147.82 686.156 2110.35
 36478.7 37812.8 607.217 132.392 321.471
 14653.7 5795.08 2697.34 39.7191 29.54
 276035 2007.86 309.65 130.16 3.32279
 20733.2 70877.4 365.912 54.3748 23.3913
 6953.87 3697.21 6336.44 30.3567 6.42444
 40487.9 1946.25 797.323 1328.47 7.69915
 24372.5 6879.62 158.334 59.8943 99.9279
 41812.8 2029.01 138.88 2.74185 2.74336
 109201 10938.3 383.481 25.3407 0.998849
 79218.9 16126.5 676.565 21.587 1.47495
 69058.9 12337.2 1106.56 42.4827 1.44095
 43866.1 6177.7 286.607 22.2158 0.874697
 258976 4333.29 174.203 7.05636 0.564215
 18402.2 43328.6 342.025 12.6759 0.552001
 467981 3346.03 4023.68 29.5338 1.13761
 177965 107896 494.099 566.191 4.30434
 220754 33621.2 10797.3 46.1587 53.0922
 202285 40905.1 3239.63 969.299 8.87399
 398183 40416.7 4566.63 339.588 102.176
 28542.7 74603.6 3979.59 419.401 40.4131
 172235 6632.64 11187 569.116 65.5836
 140676 41365.4 1060.78 1712.14 96.9004
 40474.3 34876.4 7039.21 173.31 294.89
 132674 10362.6 6320.2 1228.78 81.5549
 176601 30543.1 1525.77 886.621 183.324
 36053 47997.1 6219.69 301.144 210.807
 31586.7 10332.5 10841.2 1369.12 112.529
 137973 6921.05 1381.34 1373.88 187.205
 23357.2 30148.1 920.277 174.059 196.117
 56852.4 6784.06 6989.78 208.223 83.64
pred_Ctot
 3033.09 4140.08 12064.1 1535.82 0.0228942
 6712.13 4276.15 2796.88 7671.44 973.415
 51507.2 2285.23 545.292 326.528 1004.36
 14005.2 21816.1 359.399 78.4663 190.544
 6283.58 3612.84 1720.28 25.3621 18.8636
 54259.5 677.473 108.527 45.7118 1.16708
 7155.23 37811.9 200.76 29.8777 12.854
 1075.13 1009.57 1802.44 8.65416 1.83171
 14646.7 1075.3 452.562 755.122 4.37665
 13355.4 5013.55 117.232 44.3833 74.0526
 7849.88 657.821 46.7985 0.925839 0.926452
 44413.7 6574.43 236.114 15.6225 0.615832
 30916 9413.85 405.001 12.9395 0.884165
 36832.8 8847.58 806.889 31.0051 1.0517
 22454.6 4321.13 204.082 15.8339 0.623455
 95033.9 2419.4 99.888 4.05184 0.324003
 6223.99 22766.7 184.91 6.86341 0.298907
 114672 1360.95 1694.38 12.4599 0.479987
 57725.4 54916 258.988 297.241 2.2599
 73164.3 17396.3 5750.83 24.6227 28.3236
 61356 19764.3 1614.27 483.784 4.42945
 130366 20718.3 2410.32 179.517 54.0183
 6897.01 29994.3 1656.88 174.942 16.8589
 39122.3 2532.1 4427.02 225.649 26.0059
 29938.7 14943.2 397.611 643.03 36.3967
 8010.69 11837.7 2481.57 61.2221 104.182
 32595.1 4224.02 2667.11 519.508 34.4833
 29886.6 9039.32 469.928 273.659 56.5901
 5139.14 12181.9 1645.82 79.866 55.9145
 8418.67 4502.78 4884.27 617.922 50.7924
 36931.3 3026.63 624.452 622.182 84.7866
 3168.05 7314.58 232.899 44.1501 49.7512
 23225 4090.14 4316.51 128.751 51.7208
F
 0.171095 0.334232 0.351891 0.352873 0.352924
 0.560637 1.0952 1.15306 1.15628 1.15645
 0.563939 1.10165 1.15985 1.16309 1.16326
 0.839719 1.64038 1.72705 1.73187 1.73212
 0.987628 1.92932 2.03126 2.03692 2.03722
 0.359577 0.70243 0.739543 0.741605 0.741714
 0.724157 1.41463 1.48938 1.49353 1.49375
 0.273395 0.534074 0.562292 0.56386 0.563943
 0.77244 1.50895 1.58868 1.59311 1.59334
 1.48591 2.90271 3.05607 3.0646 3.06505
 0.340934 0.666011 0.701199 0.703155 0.703258
 0.912723 1.783 1.8772 1.88244 1.88271
 0.859596 1.67921 1.76793 1.77286 1.77312
 1.41401 2.76226 2.90821 2.91632 2.91674
 1.31482 2.56848 2.70418 2.71172 2.71212
 0.787922 1.5392 1.62052 1.62504 1.62528
 0.704696 1.37662 1.44935 1.45339 1.45361
 0.467263 0.912793 0.96102 0.9637 0.963842
 0.666431 1.30187 1.37065 1.37447 1.37467
 0.685797 1.3397 1.41048 1.41442 1.41462
 0.610434 1.19248 1.25548 1.25898 1.25917
 0.674723 1.31806 1.3877 1.39157 1.39178
 0.4594 0.897434 0.94485 0.947485 0.947624
 0.426415 0.832997 0.877008 0.879454 0.879583
 0.394651 0.770948 0.811681 0.813944 0.814064
 0.362459 0.70806 0.745471 0.74755 0.747659
 0.468754 0.915706 0.964088 0.966776 0.966918
 0.30275 0.591419 0.622667 0.624404 0.624495
 0.249698 0.487783 0.513555 0.514988 0.515063
 0.518168 1.01224 1.06572 1.06869 1.06885
 0.520939 1.01765 1.07142 1.0744 1.07456
 0.236332 0.461671 0.486064 0.487419 0.487491
 0.918663 1.7946 1.88942 1.89468 1.89496
YTP_r0W_actual
 175116 71373 103898 4032.49 1823.16
YTP_p0W_proyectada
 0 0 0 0 0
 0 0 0 0 0
 0 0 0 0 0
 0 0 0 0 0
 0 0 0 0 0
 0 0 0 0 0
CTP_r0_actual
 23225 4090.14 4316.51 128.751 51.7208
CTP_p0_proyectada
 0 0 0 0 0
 0 0 0 0 0
 0 0 0 0 0
 0 0 0 0 0
 0 0 0 0 0
 0 0 0 0 0
Wmedp
 7.54 17.45 24.07 31.32 35.25
Frms_r0
 0.918663 1.7946 1.88942 1.89468 1.89496
Zrms_r0
 1.91866 2.7946 2.88942 2.89468 2.89496
nmprior
 7.29 8.9 8.7 0
nm_flota  nm_reclas  nm_pelaces    nm_pelaL
inf 18.5058 7.69187 17.3958
cv_recla  cv_pelaces  cv_mph
0.348481 0.441065 0.903079
 ------------------------------------------------
Talla a la edad & desviaci?n 
 8 13.2811 15.8009 17.003 17.5766
 0.8 1.32811 1.58009 1.7003 1.75766
