years
 1991 1992 1993 1994 1995 1996 1997 1998 1999 2000 2001 2002 2003 2004 2005 2006 2007 2008 2009 2010 2011 2012 2013 2014 2015 2016 2017 2018 2019 2020 2021 2022 2023
reclasobs
 0 0 0 0 0 0 0 0 0 252601 567819 844713 477998 351125 339783 2.1784e+06 2.13404e+06 4.81314e+06 1.55562e+06 2.62356e+06 3.21686e+06 3.843e+06 1.13348e+06 3.07943e+06 1.97215e+06 2.03268e+06 2.025e+06 2.42433e+06 2.27542e+06 1.05018e+06 2.36338e+06 3.18982e+06 1.53035e+06
reclaspred
 2.97984e+06 1.63657e+06 858587 876138 899729 1.39329e+06 813859 755772 553521 403459 501689 647728 641459 493299 518401 1.31553e+06 1.27113e+06 2.96555e+06 2.38382e+06 1.76351e+06 3.07131e+06 2.46599e+06 1.9749e+06 3.02268e+06 2.26276e+06 2.05066e+06 2.41251e+06 2.60309e+06 2.16622e+06 1.51757e+06 1.99581e+06 2.17544e+06 1.75209e+06
pelacesobs
 0 0 0 0 0 0 0 0 0 0 0 0 0 0 0 552880 188675 0 991730 2.46772e+06 1.41603e+06 1.21717e+06 2.29649e+06 1.80582e+06 0 1.4828e+06 1.56532e+06 1.57751e+06 1.42118e+06 867257 1.10002e+06 1.06204e+06 0
pelacespred
 1.62057e+06 982744 504187 426824 467360 750436 389552 470893 324466 222909 291333 313511 343044 277031 300031 631793 611932 1.66314e+06 1.36514e+06 923530 1.59992e+06 1.35818e+06 1.10088e+06 1.86257e+06 1.33014e+06 1.20881e+06 1.6266e+06 1.57586e+06 1.18212e+06 951739 1.06818e+06 1.18959e+06 996088
mphobs
 0 0 0 0 0 0 0 0 0 0 0 0 498337 0 5186 125008 0 168611 109162 213762 579715 649985 157893 87575 83554 210694 70296 0 107559 103333 445601 22526 28222
mphpred
 467886 317344 154206 89244.5 98436 115136 143219 83000.9 78053.9 53586.9 35805 62322.6 69496 56090.9 37754.1 49975.5 158704 150927 300472 399858 416351 483821 100769 86662.9 127982 100335 88868.3 97122.7 134550 99361.3 59368.7 98610.7 69073
desembarqueobs
 494567 514787 250237 358949 120608 361735 552515 73892 212993 205616 52469 317467 293654 387597 252695 516296 358380 742168 942051 627588 828172 859565 418607 520667 417249 300574 415391 372974 316634 284311 391294 218835 356480
desembarquepred
 494570 513667 250773 359004 120616 361765 552589 73898 213058 205677 52472.4 317554 293720 387634 252689 516239 358409 742031 941833 627419 828295 859618 418628 520713 417257 300580 415402 372961 316631 284316 391264 218843 356499
Reclutas
 191618 91885 113191 158518 135906 215376 89000.2 44699.6 41320.9 54501.6 103265 136220 115785 81455.1 83474 423184 93909.6 670786 371887 296910 419797 559846 122582 342469 293993 137899 293176 339204 111769 104333 272244 115567 206499
log_desv_Rt
 0.16815 -0.566818 -0.358278 -0.021486 -0.175392 0.285027 -0.598717 -1.28739 -1.36599 -1.08913 -0.45006 -0.173088 -0.335622 -0.687304 -0.662821 0.960452 -0.545024 1.42109 0.831233 0.606072 0.952416 1.24031 -0.278577 0.748825 0.5962 -0.160835 0.593418 0.739245 -0.370921 -0.439764 0.519342 -0.337508 0.24294
SSB
 2.47136e+06 1.6762e+06 814514 471387 519936 608144 756481 438408 412279 283045 189121 329186 350081 290370 192655 255415 838269 797194 1.63466e+06 1.18892e+06 1.26958e+06 1.54656e+06 1.466e+06 1.21558e+06 1.6859e+06 1.39927e+06 1.17127e+06 1.23346e+06 1.76896e+06 1.23169e+06 835370 1.4155e+06 922724
BT
 3.44439e+06 2.3375e+06 1.18636e+06 1.09211e+06 966014 1.70193e+06 1.22735e+06 939979 818659 611307 588948 849469 902346 913786 813153 1.60199e+06 1.42022e+06 3.74464e+06 3.44629e+06 2.29853e+06 3.63277e+06 3.34856e+06 2.41149e+06 3.94853e+06 2.87199e+06 2.5147e+06 3.45031e+06 3.29329e+06 2.46279e+06 2.04813e+06 2.33221e+06 2.38487e+06 2.17236e+06
Ftot
 0.179155 0.321991 0.315042 0.515155 0.162759 0.345934 0.718847 0.117884 0.464596 0.60728 0.155343 0.62876 0.580165 1.01157 0.724683 0.647179 0.318748 0.381635 0.476659 0.439573 0.350345 0.445342 0.235097 0.241746 0.218487 0.169868 0.236033 0.204012 0.153441 0.211575 0.28125 0.113218 0.263972
BD_Bspro_t
 0.971742 0.812987 0.631638 0.550437 0.549553 0.63412 0.608207 0.432947 0.505198 0.457908 0.428138 0.643765 0.525358 0.429332 0.322701 0.384358 0.564703 0.539028 0.644516 0.540356 0.51174 0.557952 0.578827 0.57283 0.677393 0.688725 0.697356 0.728426 0.780492 0.718422 0.666479 0.744503 0.743903
BD_Bspro
 2.11803 1.43655 0.698061 0.403992 0.4456 0.521197 0.648326 0.375728 0.353335 0.242577 0.162082 0.282122 0.300029 0.248856 0.165111 0.218898 0.71842 0.683217 1.40095 1.01894 1.08806 1.32544 1.25641 1.04178 1.44486 1.19922 1.00381 1.05711 1.51604 1.05559 0.715935 1.21313 0.7908
BD_Bo
 2.44566 1.65877 0.806042 0.466484 0.514529 0.601819 0.748613 0.433849 0.407991 0.280101 0.187154 0.325763 0.34644 0.28735 0.190651 0.252758 0.829551 0.788902 1.61765 1.17655 1.25637 1.53047 1.45076 1.20293 1.66836 1.38472 1.15909 1.22064 1.75056 1.21888 0.826681 1.40078 0.913127
BD_Brms
 2.62055 1.77739 0.863682 0.499843 0.551322 0.644855 0.802146 0.464873 0.437166 0.300131 0.200537 0.349058 0.371214 0.307899 0.204285 0.270833 0.888872 0.845317 1.73333 1.26069 1.34622 1.63992 1.5545 1.28895 1.78767 1.48374 1.24197 1.30792 1.87574 1.30604 0.885797 1.50095 0.978424
Sel_flota
 0.491152 1 1 1 1
 0.491152 1 1 1 1
 0.491152 1 1 1 1
 0.491152 1 1 1 1
 0.491152 1 1 1 1
 0.491152 1 1 1 1
 0.491152 1 1 1 1
 0.491152 1 1 1 1
 0.491152 1 1 1 1
 0.491152 1 1 1 1
 0.491152 1 1 1 1
 0.491152 1 1 1 1
 0.491152 1 1 1 1
 0.491152 1 1 1 1
 0.491152 1 1 1 1
 0.491152 1 1 1 1
 0.491152 1 1 1 1
 0.491152 1 1 1 1
 0.491152 1 1 1 1
 0.491152 1 1 1 1
 0.491152 1 1 1 1
 0.491152 1 1 1 1
 0.491152 1 1 1 1
 0.491152 1 1 1 1
 0.491152 1 1 1 1
 0.491152 1 1 1 1
 0.491152 1 1 1 1
 0.491152 1 1 1 1
 0.491152 1 1 1 1
 0.491152 1 1 1 1
 0.491152 1 1 1 1
 0.491152 1 1 1 1
 0.491152 1 1 1 1
Sel_reclas
 1 1 1 1 1
 1 1 1 1 1
 1 1 1 1 1
 1 1 1 1 1
 1 1 1 1 1
 1 1 1 1 1
 1 1 1 1 1
 1 1 1 1 1
 1 1 1 1 1
 1 1 1 1 1
 1 1 1 1 1
 1 1 1 1 1
 1 1 1 1 1
 1 1 1 1 1
 1 1 1 1 1
 1 1 1 1 1
 1 1 1 1 1
 1 1 1 1 1
 1 1 1 1 1
 1 1 1 1 1
 1 1 1 1 1
 1 1 1 1 1
 1 1 1 1 1
 1 1 1 1 1
 1 1 1 1 1
 1 1 1 1 1
 1 1 1 1 1
 1 1 1 1 1
 1 1 1 1 1
 1 1 1 1 1
 1 1 1 1 1
 1 1 1 1 1
 1 1 1 1 1
Sel_pelaces
 1 1 1 1 1
 1 1 1 1 1
 1 1 1 1 1
 1 1 1 1 1
 1 1 1 1 1
 1 1 1 1 1
 1 1 1 1 1
 1 1 1 1 1
 1 1 1 1 1
 1 1 1 1 1
 1 1 1 1 1
 1 1 1 1 1
 1 1 1 1 1
 1 1 1 1 1
 1 1 1 1 1
 1 1 1 1 1
 1 1 1 1 1
 1 1 1 1 1
 1 1 1 1 1
 1 1 1 1 1
 1 1 1 1 1
 1 1 1 1 1
 1 1 1 1 1
 1 1 1 1 1
 1 1 1 1 1
 1 1 1 1 1
 1 1 1 1 1
 1 1 1 1 1
 1 1 1 1 1
 1 1 1 1 1
 1 1 1 1 1
 1 1 1 1 1
 1 1 1 1 1
pf_obs 
 0.8446 0.082 0.0669 0.0065 0
 0.8095 0.147 0.0364 0.0071 0
 0.9664 0.0169 0.016 0.0007 0
 0.9276 0.0648 0.0075 0.0001 0
 0.7033 0.2144 0.0806 0.0017 0
 0.9318 0.0425 0.0243 0.0014 0
 0.5671 0.3108 0.0964 0.0239 0.0018
 0.0768 0.2599 0.5324 0.112 0.0189
 0.490249 0.384438 0.106611 0.0170017 0.00170017
 0.7925 0.1577 0.0466 0.003 0.0002
 0.840416 0.127587 0.0312969 0.00059994 9.999e-05
 0.8084 0.0986 0.0794 0.0134 0.0002
 0.7335 0.1905 0.0724 0.0035 0.0001
 0.4001 0.4547 0.1325 0.0127 0
 0.49795 0.308269 0.164784 0.0264974 0.00249975
 0.9179 0.0499 0.0305 0.0017 0
 0.2467 0.6533 0.0926 0.0074 0
 0.9418 0.0223 0.034 0.0019 0
 0.707729 0.231977 0.0356964 0.0245975 0
 0.517169 0.277429 0.184464 0.0207286 0.00020938
 0.811772 0.124168 0.05621 0.00726502 0.000585176
 0.764997 0.148141 0.077277 0.00933861 0.000247198
 0.163321 0.427699 0.378323 0.0303852 0.000271297
 0.753843 0.0900009 0.118128 0.0371064 0.000921714
 0.721811 0.176058 0.0630433 0.0369309 0.00215725
 0.143369 0.312575 0.442814 0.0836902 0.0175525
 0.692698 0.0596174 0.167031 0.0765114 0.00414204
 0.394062 0.376323 0.152708 0.0712218 0.00568511
 0.125707 0.32114 0.495352 0.0537591 0.00404204
 0.23352 0.215282 0.420074 0.123614 0.00750983
 0.796117 0.104755 0.0508955 0.0450114 0.00322123
 0.162477 0.292055 0.404252 0.121198 0.0200186
 0 0 0 0 0
pf_pred 
 0.386024 0.135264 0.450803 0.027909 1.03695e-06
 0.300165 0.402179 0.0655759 0.21855 0.0135308
 0.501973 0.244398 0.145755 0.0237656 0.0841091
 0.626178 0.259134 0.0562807 0.033565 0.0248417
 0.549582 0.360401 0.0623995 0.0135524 0.0140643
 0.6399 0.260322 0.0798371 0.0138229 0.00611773
 0.375423 0.500223 0.0898973 0.0275702 0.00688611
 0.372135 0.380395 0.198198 0.035619 0.0136522
 0.443498 0.309184 0.149839 0.078071 0.0194081
 0.618868 0.24851 0.0736829 0.0357088 0.0232306
 0.737987 0.209615 0.0341653 0.01013 0.00810304
 0.648054 0.301733 0.0401717 0.00654762 0.00349427
 0.586832 0.338976 0.0636067 0.00846838 0.00211688
 0.538595 0.358136 0.0847253 0.0158981 0.00264573
 0.664771 0.257311 0.0604782 0.0143075 0.00313149
 0.901495 0.0823064 0.0124333 0.0029223 0.000842651
 0.293869 0.676522 0.0247406 0.00373734 0.00113171
 0.853294 0.0708504 0.0726744 0.00265772 0.000523051
 0.47723 0.486255 0.0176347 0.0180886 0.000791695
 0.50113 0.340741 0.147083 0.00533416 0.00571095
 0.637996 0.253715 0.0739644 0.0319272 0.00239755
 0.648954 0.280768 0.0492553 0.0143592 0.00666367
 0.23667 0.619839 0.114765 0.0201332 0.00859315
 0.639974 0.145457 0.174234 0.03226 0.00807488
 0.517896 0.383606 0.0397947 0.0476679 0.011035
 0.335883 0.465084 0.15837 0.016429 0.0242351
 0.6275 0.19374 0.125186 0.0426283 0.0109455
 0.587289 0.324605 0.0458246 0.0296099 0.0126716
 0.274865 0.547473 0.139735 0.0197264 0.0182012
 0.385544 0.274642 0.256558 0.0654828 0.0177737
 0.702434 0.171582 0.0563106 0.0526028 0.0170703
 0.358749 0.538421 0.0592938 0.0194593 0.024077
 0.590172 0.221691 0.157967 0.0173962 0.0127731
pobs_RECLAS
 0 0 0 0 0
 0 0 0 0 0
 0 0 0 0 0
 0 0 0 0 0
 0 0 0 0 0
 0 0 0 0 0
 0 0 0 0 0
 0 0 0 0 0
 0 0 0 0 0
 0 0 0 0 0
 0.991045 0.00858322 0.000360255 1.14367e-05 0
 0.934742 0.0480273 0.0164251 0.00080598 0
 0.827803 0.169806 0.00239088 0 0
 0.941827 0.0461693 0.0120037 0 0
 0.791401 0.0380133 0.147996 0.0225897 0
 0.846168 0.0940531 0.0597789 0 0
 0.134021 0.677848 0.182769 0.00536245 0
 0.80878 0.0450904 0.141981 0.00414843 0
 0.846168 0.0940531 0.0597789 0 0
 0.905697 0.0802665 0.012482 0.00150086 5.37128e-05
 0.989698 0.0102097 9.19794e-05 0 0
 0.975433 0.0193895 0.00387452 0.00125025 5.28907e-05
 0.303575 0.632131 0.0575291 0.00676475 0
 0.966965 0.00978017 0.0227588 0.000495775 0
 0.843318 0.132988 0.00938335 0.0141283 0.000182051
 0.564624 0.303363 0.111486 0.0197234 0.00080311
 0.826376 0.0876187 0.0782897 0.00655872 0.00115652
 0.89761 0.0855135 0.0140674 0.00269457 0.000114338
 0.34875 0.467042 0.161289 0.0227151 0.000203297
 0.318654 0.224769 0.449479 0.00709798 0
 0.937255 0.0296025 0.0250945 0.00804832 0
 0.456809 0.399803 0.12412 0.0192676 0
 0.883104 0.0372192 0.0704036 0.00927362 0
ppred_RECLAS
 0.563499 0.0961644 0.320494 0.0198416 7.3721e-07
 0.470285 0.304415 0.0496353 0.165423 0.0102417
 0.675898 0.159047 0.0948534 0.015466 0.0547358
 0.778364 0.153638 0.0333683 0.0199004 0.0147284
 0.714546 0.228406 0.039546 0.00858888 0.00891333
 0.786493 0.154348 0.0473363 0.00819576 0.00362727
 0.561446 0.351237 0.0631224 0.0193587 0.00483516
 0.548167 0.273746 0.14263 0.0256327 0.00982462
 0.624753 0.208481 0.101036 0.0526428 0.0130868
 0.774149 0.147262 0.0436629 0.0211603 0.013766
 0.852423 0.118064 0.0192433 0.00570563 0.00456397
 0.795646 0.175198 0.0233252 0.0038018 0.00202891
 0.749504 0.205515 0.0385636 0.00513423 0.00128342
 0.718548 0.218459 0.0516814 0.00969768 0.00161386
 0.808636 0.146885 0.0345238 0.00816739 0.0017876
 0.950931 0.0410003 0.00619355 0.00145572 0.000419761
 0.462731 0.51474 0.0188242 0.0028436 0.000861078
 0.923573 0.0369099 0.0378601 0.00138456 0.000272486
 0.656209 0.319778 0.0115972 0.0118957 0.000520645
 0.676902 0.220685 0.09526 0.00345473 0.00369876
 0.78515 0.15058 0.0438981 0.0189489 0.00142295
 0.79411 0.164672 0.0288884 0.00842171 0.00390827
 0.389701 0.495575 0.091757 0.016097 0.00687041
 0.785512 0.086657 0.103802 0.0192191 0.00481068
 0.688508 0.247852 0.0257117 0.0307986 0.00712981
 0.509312 0.34363 0.117012 0.0121387 0.0179063
 0.776262 0.116368 0.0751918 0.0256042 0.00657432
 0.745266 0.200353 0.0282839 0.0182758 0.00782119
 0.437338 0.424806 0.108426 0.0153065 0.014123
 0.563426 0.195134 0.182285 0.0465258 0.0126283
 0.829771 0.0981573 0.0322137 0.0300926 0.00976546
 0.533776 0.391461 0.0431098 0.014148 0.0175053
 0.748149 0.136236 0.0970755 0.0106905 0.00784947
pobs_PELACES
 0 0 0 0 0
 0 0 0 0 0
 0 0 0 0 0
 0 0 0 0 0
 0 0 0 0 0
 0 0 0 0 0
 0 0 0 0 0
 0 0 0 0 0
 0 0 0 0 0
 0 0 0 0 0
 0 0 0 0 0
 0 0 0 0 0
 0 0 0 0 0
 0 0 0 0 0
 0 0 0 0 0
 0 0 0 0 0
 0.505614 0.472636 0.0217494 0 0
 0 0 0 0 0
 0.443492 0.261883 0.143347 0.151278 0
 0.227955 0.32914 0.350689 0.0885471 0.00366901
 0.970185 0.0296113 0.000203453 0 0
 0.997202 0.00247181 0.000326279 0 0
 0.445219 0.490057 0.0546422 0.010081 0
 0.90214 0.0892962 0.00764917 0.000914606 0
 0 0 0 0 0
 0.581667 0.319106 0.0959925 0.00289975 0.000334073
 0.762889 0.0836404 0.116647 0.0363945 0.000428098
 0.88444 0.0763242 0.0277011 0.0115352 0
 0.521256 0.241999 0.230069 0.00667565 0
 0.616807 0.101726 0.260614 0.0208532 0
 0.833518 0.0704572 0.0857862 0.0102388 0
 0.697417 0.212968 0.0787535 0.0105354 0.000325836
 0 0 0 0 0
ppred_PELACES
 0.570884 0.0945374 0.315072 0.0195059 7.24737e-07
 0.483773 0.296664 0.0483715 0.161211 0.00998088
 0.687377 0.153414 0.0914938 0.0149182 0.0527972
 0.792928 0.143543 0.0311757 0.0185927 0.0137606
 0.720088 0.223972 0.0387782 0.00842214 0.00874028
 0.796085 0.147414 0.0452097 0.00782755 0.00346431
 0.590913 0.327637 0.0588811 0.018058 0.00451028
 0.553065 0.270778 0.141084 0.0253548 0.00971811
 0.642857 0.198423 0.0961613 0.050103 0.0124554
 0.791479 0.135962 0.0403125 0.0195366 0.0127097
 0.855674 0.115463 0.0188194 0.00557992 0.00446342
 0.812279 0.160938 0.0214268 0.00349237 0.00186378
 0.767346 0.190876 0.0358167 0.00476852 0.00119201
 0.751595 0.192809 0.0456133 0.00855904 0.00142437
 0.826763 0.132971 0.0312534 0.00739372 0.00161827
 0.95576 0.036965 0.00558397 0.00131245 0.000378447
 0.476061 0.501969 0.0183572 0.00277305 0.000839714
 0.927975 0.0347838 0.0356793 0.0013048 0.00025679
 0.674034 0.303198 0.0109959 0.0112789 0.000493651
 0.69283 0.209806 0.0905638 0.00328441 0.00351642
 0.794907 0.143742 0.0419044 0.0180883 0.00135833
 0.806068 0.155107 0.0272105 0.00793257 0.00368127
 0.39913 0.487918 0.0903393 0.0158483 0.00676426
 0.792272 0.0839258 0.10053 0.0186134 0.00465906
 0.696322 0.241634 0.0250668 0.0300261 0.00695097
 0.516438 0.33864 0.115313 0.0119624 0.0176462
 0.78307 0.112827 0.0729037 0.0248251 0.00637426
 0.751715 0.195281 0.0275679 0.0178132 0.00762319
 0.443689 0.420012 0.107202 0.0151338 0.0139636
 0.572145 0.191237 0.178645 0.0455967 0.0123761
 0.836338 0.0943704 0.0309709 0.0289316 0.00938871
 0.538504 0.387491 0.0426726 0.0140045 0.0173278
 0.756409 0.131768 0.0938918 0.0103399 0.00759203
pobs_pel_tallas
 0 0 0 0 0 0 0 0 0 0 0 0 0 0 0 0 0 0 0 0 0 0 0 0 0 0
 0 0 0 0 0 0 0 0 0 0 0 0 0 0 0 0 0 0 0 0 0 0 0 0 0 0
 0 0 0 0 0 0 0 0 0 0 0 0 0 0 0 0 0 0 0 0 0 0 0 0 0 0
 0 0 0 0 0 0 0 0 0 0 0 0 0 0 0 0 0 0 0 0 0 0 0 0 0 0
 0 0 0 0 0 0 0 0 0 0 0 0 0 0 0 0 0 0 0 0 0 0 0 0 0 0
 0 0 0 0 0 0 0 0 0 0 0 0 0 0 0 0 0 0 0 0 0 0 0 0 0 0
 0 0 0 0 0 0 0 0 0 0 0 0 0 0 0 0 0 0 0 0 0 0 0 0 0 0
 0 0 0 0 0 0 0 0 0 0 0 0 0 0 0 0 0 0 0 0 0 0 0 0 0 0
 0 0 0 0 0 0 0 0 0 0 0 0 0 0 0 0 0 0 0 0 0 0 0 0 0 0
 0 0 0 0 0 0 0 0 0 0 0 0 0 0 0 0 0 0 0 0 0 0 0 0 0 0
 0 0 0 0 0 0 0 0 0 0 0 0 0 0 0 0 0 0 0 0 0 0 0 0 0 0
 0 0 0 0 0 0 0 0 0 0 0 0 0 0 0 0 0 0 0 0 0 0 0 0 0 0
 0.00862536 0 0 0.000197151 0.00414017 0.0128641 0.00837892 0.0270097 0.101434 0.158115 0.152841 0.127902 0.109271 0.109419 0.0830992 0.0579132 0.0238553 0.00714673 0.00463305 0.00128148 0.00103504 0.000492878 0.000147863 0.000147863 4.92878e-05 0
 0 0 0 0 0 0 0 0 0 0 0 0 0 0 0 0 0 0 0 0 0 0 0 0 0 0
 0 0 0 0 0 0 0 0.0054083 0.00873648 0.0413646 0.0450493 0.0745869 0.0622846 0.0627006 0.0613931 0.0827291 0.12552 0.122667 0.0946155 0.0697135 0.0546179 0.0294188 0.0215738 0.0213955 0.0102223 0.00600262
 0 0 0 0 0.00359764 0.0251062 0.0480494 0.140153 0.205849 0.193036 0.1447 0.116669 0.0760912 0.0342217 0.00950174 0.001854 0.000860785 0 0 0 0.000165536 0 0.000143464 0 0 0
 0 0 0 0 0 0 0 0.000145254 0.000435761 0.0275982 0.070085 0.0708112 0.156366 0.174668 0.174014 0.160142 0.0824315 0.0480064 0.0283245 0.00493863 0.00203355 0 0 0 0 0
 0 0 0 0 0 0 0 0 0 0 0 0 0 0 0 0 0 0 0 0 0 0 0 0 0 0
 0 0 1.00437e-05 0.000401748 0.00122533 0.00171747 0.00176769 0.0269171 0.070346 0.194647 0.189555 0.159765 0.064822 0.0314167 0.0384472 0.0292271 0.0345202 0.0313363 0.0194345 0.0106764 0.0143323 0.0359363 0.0279516 0.0138201 0.00172751 0
 0 0.0021121 0.0136068 0.0755702 0.200478 0.177729 0.0527432 0.0373336 0.0318909 0.0142505 0.0149659 0.0166563 0.0217959 0.0798694 0.0677717 0.0528807 0.04013 0.0224614 0.0357745 0.0225083 0.00881397 0.00855152 0.00135912 0.000746735 0 0
 0 0 0 0 5.4009e-05 0.00500934 0.000945158 0.0243581 0.138947 0.33067 0.221406 0.137944 0.0707744 0.0437923 0.0131692 0.00525238 0.0047753 0.00276346 9.45158e-05 9.00151e-06 2.25038e-05 9.00151e-06 4.50075e-06 0 0 0
 0.000866109 0.00284123 0.00948549 0.0512746 0.133035 0.25785 0.225252 0.132002 0.0553304 0.0519788 0.0540692 0.017754 0.00435017 0.00159236 0.00146478 0.000404838 0.000125132 0.000115318 0.000107957 0.000100596 0 0 0 0 0 0
 0 0 0 0 0.00144013 0.00171154 0.00461396 0.0210425 0.0478622 0.0707936 0.0888783 0.103762 0.0637923 0.0337046 0.0602308 0.124433 0.169614 0.0934646 0.0462172 0.0250306 0.0313229 0.00938855 0.002487 0.000210481 0 0
 0 0.00764035 0.051015 0.0998891 0.058973 0.0496711 0.0374665 0.0718981 0.12319 0.153886 0.159021 0.0857701 0.0377988 0.023471 0.0147837 0.00900784 0.00315554 0.000888139 0.00291439 0.00214683 0.00393193 0.00274676 0.000635225 9.99891e-05 0 0
 0 0 0 0 0 0 0 0 0 0 0 0 0 0 0 0 0 0 0 0 0 0 0 0 0 0
 0 0 0 0 0 0 0 0 0 0 0 0 0 0 0 0 0 0 0 0 0 0 0 0 0 0
 0 0 0 0 0 0 0 0 0 0 0 0 0 0 0 0 0 0 0 0 0 0 0 0 0 0
 0 0 0 0 0 0 0 0 0 0 0 0 0 0 0 0 0 0 0 0 0 0 0 0 0 0
 0 0 0 0 0 0 0 0 0 0 0 0 0 0 0 0 0 0 0 0 0 0 0 0 0 0
 0 0 0 0 0 0 0 0 0 0 0 0 0 0 0 0 0 0 0 0 0 0 0 0 0 0
 0 0 0 0 0 0 0 0 0 0 0 0 0 0 0 0 0 0 0 0 0 0 0 0 0 0
 0 0 0 0 0 0 0 0 0 0 0 0 0 0 0 0 0 0 0 0 0 0 0 0 0 0
 0 0 0 0 0 0 0 0 0 0 0 0 0 0 0 0 0 0 0 0 0 0 0 0 0 0
ppred_pel_tallas
 1.11073e-16 4.7023e-05 0.00045708 0.00303746 0.0138079 0.0429614 0.0915342 0.133599 0.133608 0.0915813 0.0431208 0.0142741 0.00423027 0.00313565 0.00535244 0.00934232 0.0147728 0.0213174 0.0285719 0.0361861 0.0437785 0.0506312 0.0555268 0.0570674 0.0543768 0.0476818
 1.19329e-16 3.98478e-05 0.000387335 0.00257398 0.0117009 0.0364061 0.0775681 0.113219 0.113248 0.0777082 0.0368766 0.013061 0.00599193 0.00786295 0.014282 0.023674 0.0344212 0.0440293 0.0500588 0.0515765 0.0497846 0.0471855 0.0459096 0.0464849 0.0478188 0.0481312
 1.13111e-16 5.66183e-05 0.000550351 0.00365727 0.0166254 0.051728 0.110213 0.160862 0.160876 0.110285 0.0519731 0.0173351 0.00544471 0.00447273 0.00756654 0.0125804 0.0185011 0.0240899 0.028133 0.0301165 0.0305119 0.0303619 0.0305021 0.031048 0.0314675 0.0310417
 1.0513e-16 6.53125e-05 0.00063486 0.00421887 0.0191784 0.0596711 0.127136 0.185562 0.185576 0.127204 0.0598986 0.0198358 0.0058704 0.00424456 0.00693411 0.0113963 0.016499 0.0209436 0.0234626 0.0234998 0.0215431 0.018777 0.016332 0.0147186 0.0137776 0.0130208
 1.03501e-16 5.93127e-05 0.000576541 0.00383132 0.0174166 0.0541897 0.115458 0.168518 0.16854 0.115563 0.0545441 0.0184405 0.0064021 0.00619071 0.010728 0.0176586 0.0254726 0.0321193 0.0355496 0.0348222 0.0306566 0.0249252 0.0195108 0.0154198 0.0126676 0.0107393
 1.02714e-16 6.55725e-05 0.000637388 0.00423567 0.0192547 0.0599087 0.127642 0.186301 0.186315 0.127712 0.0601426 0.0199309 0.0059348 0.00435289 0.00714036 0.0117487 0.0170301 0.02165 0.0242872 0.0243233 0.0221835 0.0189972 0.0158679 0.0133374 0.0113615 0.00963971
 1.04358e-16 4.86728e-05 0.000473117 0.00314403 0.0142923 0.0444689 0.0947469 0.138292 0.138324 0.0949013 0.0449875 0.0157904 0.00690555 0.00868824 0.0156616 0.0258437 0.0372925 0.0470414 0.052095 0.0510701 0.0450027 0.0366065 0.028607 0.0224578 0.0181858 0.0150727
 1.08328e-16 4.55553e-05 0.000442814 0.00294265 0.0133769 0.0416206 0.0886781 0.129434 0.12946 0.0888065 0.0420523 0.0146258 0.00608561 0.00733059 0.0132051 0.0219635 0.032114 0.0413876 0.0474735 0.049271 0.0474512 0.0438034 0.0399434 0.0364563 0.0330037 0.0290258
 1.09959e-16 5.29514e-05 0.000514706 0.0034204 0.0155487 0.0483778 0.103075 0.150445 0.150464 0.103169 0.0486941 0.016464 0.00572417 0.00556448 0.00970466 0.0161225 0.0236067 0.030513 0.0352039 0.0369513 0.0363286 0.0346955 0.0332029 0.0321314 0.0309802 0.0290462
 1.05309e-16 6.51931e-05 0.0006337 0.00421116 0.0191433 0.0595621 0.126904 0.185223 0.185236 0.126968 0.059778 0.0197673 0.00577947 0.00406426 0.00660116 0.0108653 0.0157787 0.0201304 0.0227385 0.0230802 0.0215948 0.0193494 0.0173388 0.0159738 0.0150628 0.0141513
 1.01888e-16 7.04808e-05 0.000685098 0.00455272 0.020696 0.064393 0.137197 0.200245 0.200256 0.137251 0.0645757 0.0212238 0.00587771 0.00357849 0.00556832 0.00910145 0.0131222 0.0165411 0.0182997 0.0179153 0.0157632 0.0128148 0.0100452 0.00797339 0.00660134 0.0056528
 1.01326e-16 6.69063e-05 0.000650353 0.00432183 0.0196464 0.0611274 0.130239 0.190091 0.190106 0.130315 0.0613818 0.0203813 0.00616633 0.00467646 0.00771182 0.0126396 0.0181922 0.022857 0.0251386 0.0243446 0.0209918 0.01645 0.012121 0.00879356 0.0065434 0.00504716
 1.01763e-16 6.32053e-05 0.000614378 0.00408276 0.0185597 0.0577461 0.123035 0.179577 0.179595 0.123125 0.0580482 0.0194324 0.00627409 0.00540005 0.0091578 0.0150544 0.0217138 0.0273736 0.0302756 0.0295986 0.0259296 0.020839 0.0159192 0.0120445 0.00927919 0.00726254
 1.02466e-16 6.19079e-05 0.000601767 0.00399895 0.0181787 0.0565607 0.120509 0.175891 0.175909 0.1206 0.0568662 0.0190614 0.00621619 0.00544661 0.00927665 0.0152733 0.0220773 0.0279321 0.0310831 0.0307098 0.0273898 0.0226623 0.0180643 0.0144023 0.0116868 0.00954063
 1.01952e-16 6.80994e-05 0.000661951 0.00439889 0.0199967 0.0622174 0.132561 0.19348 0.193492 0.132624 0.0624281 0.0206056 0.00592812 0.00400355 0.00642405 0.0105377 0.0152323 0.0192785 0.0214682 0.02124 0.0189967 0.0158022 0.0127141 0.0102794 0.0084907 0.00707086
 1.00367e-16 7.87247e-05 0.000765232 0.00508524 0.0231167 0.0719248 0.153244 0.223664 0.223668 0.153261 0.0719833 0.0232856 0.00550917 0.00169078 0.00183678 0.00291267 0.00418975 0.0052718 0.00581332 0.00565611 0.00491802 0.00391028 0.00294922 0.00220942 0.00170303 0.00135363
 1.01079e-16 3.92127e-05 0.000381161 0.00253295 0.0115145 0.035826 0.0763329 0.11142 0.111468 0.0765688 0.036618 0.0138008 0.00826768 0.012886 0.0237465 0.0390862 0.056044 0.0699339 0.076007 0.0720725 0.0598304 0.0437872 0.0286565 0.0172413 0.00999898 0.00593895
 1.01213e-16 7.64361e-05 0.000742986 0.0049374 0.0224447 0.0698339 0.148789 0.217162 0.217165 0.148805 0.0698899 0.0226071 0.00534716 0.00164498 0.00181136 0.00293035 0.00434544 0.00573682 0.00682386 0.00745985 0.00768405 0.00763607 0.00741259 0.00699998 0.00632969 0.00538407
 1.0161e-16 5.55193e-05 0.000539668 0.00358628 0.0163027 0.050724 0.108074 0.157743 0.157772 0.108216 0.0512024 0.017684 0.00705102 0.00809544 0.0143825 0.0236301 0.0338969 0.0423396 0.0461055 0.0438916 0.0367406 0.0273756 0.0186198 0.0121138 0.00806199 0.00579496
 1.03592e-16 5.70675e-05 0.000554716 0.00368629 0.0167573 0.0521384 0.111087 0.162139 0.162159 0.111186 0.0524721 0.0177224 0.00611311 0.00586707 0.0101887 0.016864 0.0245426 0.0313894 0.035548 0.0361204 0.0336336 0.0295601 0.0253174 0.0215711 0.0182577 0.0150663
 1.0329e-16 6.54755e-05 0.000636445 0.0042294 0.0192263 0.0598201 0.127454 0.186025 0.186039 0.127521 0.0600482 0.0198856 0.0058863 0.0042598 0.0069656 0.0114614 0.0166212 0.0211502 0.0237729 0.0239036 0.0219743 0.0190941 0.0163269 0.0141621 0.0124967 0.0109745
 1.02244e-16 6.63948e-05 0.000645381 0.00428879 0.0194962 0.06066 0.129243 0.188637 0.188652 0.129316 0.0609055 0.0202054 0.00606932 0.00453393 0.00745626 0.0122344 0.017648 0.0222577 0.0246432 0.0241518 0.0212782 0.0173135 0.0135536 0.0106893 0.00872983 0.00732468
 1.05466e-16 3.28759e-05 0.000319566 0.00212363 0.00965373 0.0300366 0.0639979 0.0934166 0.0934637 0.0642278 0.0308088 0.0118847 0.00772521 0.0125531 0.023282 0.0384777 0.0555178 0.0700064 0.0774685 0.0758213 0.0665835 0.0537822 0.0414869 0.0319077 0.0251605 0.0202613
 1.05578e-16 6.52584e-05 0.000634335 0.00421538 0.0191625 0.0596217 0.127031 0.185407 0.185415 0.127071 0.0597574 0.0195563 0.00521084 0.00283048 0.00430381 0.00718877 0.0107631 0.0144013 0.0174902 0.0197191 0.0211842 0.0221582 0.0227393 0.0227126 0.0217319 0.0196304
 1.04973e-16 5.73551e-05 0.000557512 0.00370487 0.0168418 0.0524012 0.111647 0.162957 0.162981 0.111761 0.0527832 0.0179451 0.00647422 0.00660284 0.0115385 0.0189861 0.0273528 0.0344263 0.0380063 0.0371151 0.0325961 0.0265509 0.0210679 0.0172232 0.0149355 0.0134873
 1.07601e-16 4.25384e-05 0.000413489 0.00274778 0.012491 0.0388644 0.0828059 0.120864 0.120897 0.0829659 0.0394021 0.0140456 0.0066551 0.00896038 0.0163251 0.0270531 0.0392748 0.0500333 0.0563224 0.0567318 0.0522256 0.0453582 0.0386036 0.033143 0.0288276 0.0249458
 1.05702e-16 6.45005e-05 0.000626968 0.00416642 0.01894 0.0589293 0.125555 0.183254 0.183265 0.125609 0.0591097 0.0194624 0.0054825 0.0035158 0.00559764 0.00927497 0.0136446 0.0177716 0.0207414 0.0221317 0.0222183 0.0216809 0.0210629 0.02044 0.0195114 0.0179431
 1.03923e-16 6.19178e-05 0.000601863 0.00399959 0.0181816 0.0565697 0.120529 0.175919 0.175938 0.120621 0.0568787 0.0190739 0.0062398 0.00549346 0.00935576 0.0153799 0.0221776 0.0279554 0.0309362 0.0303213 0.0267694 0.0219456 0.0175058 0.0143062 0.0122977 0.0109431
 1.07082e-16 3.65461e-05 0.000355241 0.00236071 0.0107315 0.0333898 0.0711419 0.103842 0.103883 0.0713401 0.0340555 0.0126554 0.00719375 0.010918 0.0201331 0.03332 0.048214 0.0610882 0.0681497 0.0676292 0.0607876 0.0509586 0.0414469 0.0339494 0.0284248 0.0239951
 1.11872e-16 4.71268e-05 0.00045809 0.00304417 0.0138384 0.0430564 0.0917368 0.133896 0.133915 0.0918282 0.043364 0.0147301 0.0052949 0.00541205 0.00957509 0.0160685 0.0238783 0.0315753 0.0377032 0.0415617 0.0434979 0.0443904 0.0447878 0.0444718 0.042751 0.0391172
 1.05409e-16 6.88881e-05 0.000669617 0.00444984 0.0202283 0.0629379 0.134096 0.195719 0.195728 0.134141 0.0630879 0.0206622 0.00554092 0.00305827 0.00462591 0.00759405 0.0110677 0.0142139 0.0162447 0.0168311 0.0162978 0.0153724 0.0146863 0.0144208 0.0143154 0.0139415
 1.05668e-16 4.4356e-05 0.000431156 0.00286518 0.0130247 0.040525 0.0863441 0.12603 0.126067 0.0865265 0.0411374 0.0147934 0.00730423 0.0101195 0.0184381 0.0303966 0.0437506 0.0549564 0.060439 0.0585722 0.0506626 0.0400768 0.0302344 0.0230159 0.0185019 0.0157433
 1.05066e-16 6.23044e-05 0.000605621 0.00402457 0.0182951 0.0569229 0.121281 0.177015 0.177028 0.121343 0.0571338 0.0189057 0.00556297 0.00398307 0.00653272 0.0108475 0.0159613 0.0207837 0.024226 0.0257565 0.0256464 0.0246446 0.0233758 0.0219793 0.0202207 0.0178615
pSPR Fmed_Fpbrs
1   0.983263 0.6 0.325 0.983263 0.983262 0.983262
Fs Fmed_Fpbrs
0   0.01 0.344104 0.886144 0.01 0.01 0.01
SSBpbr Bo_Bmed_Bpbrs
1.01051e+06  959984  943071 555780 277890 943071 943071 943071
Ro
161961
SPR SPRFo_SPRFmed_SPRFpbrs
1.16682e+06 1.16682e+06 1.14729e+06
Fref
0
Nvult_r0
 139770 28853.1 20559.4 2264.12 1662.42
CTP_r0
 16041.4 6025.77 4293.7 472.845 347.186
YTP_r0
356499
Np
 206499 75966.8 27946.6 10281 5173.54
Nvult_p0
 130532 48020.1 17665.6 6498.82 3270.3
CTP_p0
 0 0 0 0 0
 0 0 0 0 0
 0 0 0 0 0
 0 0 0 0 0
 0 0 0 0 0
 0 0 0 0 0
YTP_p0
 0 0 0 0 0 0
CBA_c0
0
log_Ro
11.8151
likeval ReclasPelacesDesembMPH_pf_preclas_ppelaces_ptallas_desvR_qrecl_qpela
 14.87 17.435 0.0496417 0.00091867 234.607 135.218 108.924 0 22.7082 1.63795e-08 2.29607e-06 0.246901 2068.07 0 0
q_reclas_q_pelaces
1.01826 1.23899
M
1
N
 191618 34225.8 114067 7061.82 0.26238
 91885 64554.7 10525.8 35079.9 2171.86
 113191 28858.1 17210.6 2806.21 9931.48
 158518 35671.2 7747.34 4620.4 3419.6
 135906 45279.3 7839.62 1702.67 1766.98
 215376 46155.9 14155.3 2450.84 1084.69
 89000.2 66851.7 12014.2 3684.58 920.286
 44699.6 23001.9 11984.7 2153.82 825.528
 41320.9 15519 7520.95 3918.65 974.161
 54501.6 12099.7 3587.55 1738.63 1131.08
 103265 14879.2 2425.17 719.06 575.181
 136220 35198.4 4686.19 763.806 407.621
 115785 36798.3 6904.96 919.303 229.802
 81455.1 32033.6 7578.28 1422.01 236.648
 83474 18232.7 4285.39 1013.81 221.892
 423184 21511.9 3249.6 763.783 220.238
 93909.6 113289 4143.02 625.849 189.515
 670786 29541 30301.5 1108.13 218.085
 371887 204590 7419.73 7610.74 333.103
 296910 108254 46728.3 1694.66 1814.37
 419797 88017.1 25659.2 11076 831.743
 559846 130021 22809.7 6649.61 3085.89
 122582 165493 30641.5 5375.46 2294.32
 342469 40177.6 48126.6 8910.76 2230.42
 293993 111882 11606.5 13902.8 3218.46
 137899 97149 33081 3431.77 5062.35
 293176 46669.5 30155.8 10268.6 2636.64
 339204 96047.8 13559.1 8761.3 3749.42
 111769 112888 28813.2 4067.57 3753.07
 104333 38132.7 35621.8 9091.98 2467.8
 272244 34593.9 11353.2 10605.6 3441.67
 115567 87231.2 9606.37 3152.66 3900.79
 206499 40215 28655.5 3155.69 2317.06
pred_Ctot
 10276.4 3600.87 12000.9 742.97 0.0276048
 8606.41 11531.4 1880.21 6266.31 387.959
 10387.6 5057.47 3016.2 491.796 1740.52
 22866.1 9462.79 2055.2 1225.69 907.144
 6643.51 4356.64 754.303 163.825 170.014
 21570.2 8775.13 2691.21 465.952 206.221
 17221.4 22946.2 4123.76 1264.7 315.879
 1597.05 1632.5 850.585 152.862 58.5898
 5429.07 3784.87 1834.26 955.705 237.585
 9102.95 3655.34 1083.8 525.242 341.7
 4825.13 1370.51 223.381 66.2321 52.9795
 23458.6 10922.3 1454.15 237.014 126.487
 18572.6 10728.3 2013.09 268.016 66.9971
 20985.1 13953.9 3301.12 619.433 103.084
 16265 6295.64 1479.72 350.062 76.6182
 74745.5 6824.25 1030.88 242.296 69.8665
 8713.09 20058.6 733.549 110.81 33.5548
 73590.4 6110.33 6267.63 229.209 45.1093
 50011.4 50957.2 1848.03 1895.6 82.9658
 37091.4 25220.1 10886.4 394.81 422.699
 42542.2 16918 4932.02 2128.94 159.871
 70776.2 30621.2 5371.88 1566.04 726.754
 8530.13 22340.5 4136.39 725.649 309.717
 24472.8 5562.3 6662.77 1233.63 308.786
 19076.4 14129.9 1465.81 1755.81 406.467
 7025.25 9727.59 3312.43 343.626 506.897
 20478.7 6322.77 4085.5 1391.19 357.212
 20611.7 11392.5 1608.28 1039.2 444.729
 5160.53 10278.7 2623.48 370.358 341.722
 6564.84 4676.46 4368.54 1115.01 302.642
 22455.1 5485.05 1800.11 1681.58 545.696
 3969.37 5957.34 656.055 215.307 266.4
 16041.4 6025.77 4293.7 472.845 347.186
F
 0.0879925 0.179155 0.179155 0.179155 0.179155
 0.158146 0.321991 0.321991 0.321991 0.321991
 0.154734 0.315042 0.315042 0.315042 0.315042
 0.253019 0.515155 0.515155 0.515155 0.515155
 0.0799396 0.162759 0.162759 0.162759 0.162759
 0.169906 0.345934 0.345934 0.345934 0.345934
 0.353063 0.718847 0.718847 0.718847 0.718847
 0.0578988 0.117884 0.117884 0.117884 0.117884
 0.228187 0.464596 0.464596 0.464596 0.464596
 0.298267 0.60728 0.60728 0.60728 0.60728
 0.0762971 0.155343 0.155343 0.155343 0.155343
 0.308817 0.62876 0.62876 0.62876 0.62876
 0.28495 0.580165 0.580165 0.580165 0.580165
 0.496837 1.01157 1.01157 1.01157 1.01157
 0.35593 0.724683 0.724683 0.724683 0.724683
 0.317863 0.647179 0.647179 0.647179 0.647179
 0.156554 0.318748 0.318748 0.318748 0.318748
 0.187441 0.381635 0.381635 0.381635 0.381635
 0.234112 0.476659 0.476659 0.476659 0.476659
 0.215897 0.439573 0.439573 0.439573 0.439573
 0.172073 0.350345 0.350345 0.350345 0.350345
 0.218731 0.445342 0.445342 0.445342 0.445342
 0.115469 0.235097 0.235097 0.235097 0.235097
 0.118734 0.241746 0.241746 0.241746 0.241746
 0.107311 0.218487 0.218487 0.218487 0.218487
 0.0834311 0.169868 0.169868 0.169868 0.169868
 0.115928 0.236033 0.236033 0.236033 0.236033
 0.100201 0.204012 0.204012 0.204012 0.204012
 0.0753627 0.153441 0.153441 0.153441 0.153441
 0.103916 0.211575 0.211575 0.211575 0.211575
 0.138136 0.28125 0.28125 0.28125 0.28125
 0.0556072 0.113218 0.113218 0.113218 0.113218
 0.12965 0.263972 0.263972 0.263972 0.263972
YTP_r0W_actual
 120952 105150 103349 14809.5 12238.3
YTP_p0W_proyectada
 0 0 0 0 0
 0 0 0 0 0
 0 0 0 0 0
 0 0 0 0 0
 0 0 0 0 0
 0 0 0 0 0
CTP_r0_actual
 16041.4 6025.77 4293.7 472.845 347.186
CTP_p0_proyectada
 0 0 0 0 0
 0 0 0 0 0
 0 0 0 0 0
 0 0 0 0 0
 0 0 0 0 0
 0 0 0 0 0
Wmedp
 7.54 17.45 24.07 31.32 35.25
Frms_r0
 0.12965 0.263972 0.263972 0.263972 0.263972
Zrms_r0
 1.12965 1.26397 1.26397 1.26397 1.26397
nmprior
 7.29 8.9 8.7 0
nm_flota  nm_reclas  nm_pelaces    nm_pelaL
inf 12.5882 22.942 80.3312
cv_recla  cv_pelaces  cv_mph
0.333954 0.457405 0.810057
 ------------------------------------------------
Talla a la edad & desviaci?n 
 8 13.2811 15.8009 17.003 17.5766
 0.8 1.32811 1.58009 1.7003 1.75766
