years
 1991 1992 1993 1994 1995 1996 1997 1998 1999 2000 2001 2002 2003 2004 2005 2006 2007 2008 2009 2010 2011 2012 2013 2014 2015 2016 2017 2018 2019 2020 2021 2022 2023
reclasobs
 0 0 0 0 0 0 0 0 0 252601 567819 844713 477998 351125 339783 2.1784e+06 2.13404e+06 4.81314e+06 1.55562e+06 2.62356e+06 3.21686e+06 3.843e+06 1.13348e+06 3.07943e+06 1.97215e+06 2.03268e+06 2.025e+06 2.42433e+06 2.27542e+06 1.05018e+06 2.36338e+06 3.18982e+06 1.53035e+06
reclaspred
 3.58978e+06 1.75154e+06 877916 601545 449009 2.33668e+06 1.15399e+06 786874 526284 254065 490723 785005 800433 571041 482100 1.57241e+06 1.07212e+06 3.99693e+06 3.08447e+06 1.99073e+06 3.2718e+06 2.79059e+06 1.83486e+06 3.09877e+06 2.24545e+06 1.84713e+06 2.31783e+06 2.85433e+06 2.28357e+06 1.23767e+06 1.90718e+06 2.00903e+06 1.07315e+06
pelacesobs
 0 0 0 0 0 0 0 0 0 0 0 0 0 0 0 552880 188675 0 991730 2.46772e+06 1.41603e+06 1.21717e+06 2.29649e+06 1.80582e+06 0 1.4828e+06 1.56532e+06 1.57751e+06 1.42118e+06 867257 1.10002e+06 1.06204e+06 0
pelacespred
 2.52705e+06 1.12238e+06 486771 226794 208897 1.21073e+06 553568 556486 274707 100166 255616 331612 388214 260763 219422 636457 504129 2.09754e+06 1.70953e+06 967025 1.64674e+06 1.36423e+06 1.05708e+06 1.86533e+06 1.36465e+06 1.15979e+06 1.52679e+06 1.6896e+06 1.454e+06 846847 918039 1.21061e+06 565608
mphobs
 0 0 0 0 0 0 0 0 0 0 0 0 498337 0 5186 125008 0 168611 109162 213762 579715 649985 157893 87575 83554 210694 70296 0 107559 103333 445601 22526 28222
mphpred
 689414 372995 161131 86563.1 52808.8 57476.2 292394 107104 78276.3 38252.1 18238.5 68247.4 84365.6 61919 34731.2 39765.6 196417 108827 468944 438696 401809 456947 116509 73347.5 148518 104713 80198.3 105908 175194 103683 43347.6 110119 58297.9
desembarqueobs
 494567 514787 250237 358949 120608 361735 552515 73892 212993 205616 52469 317467 293654 387597 252695 516296 358380 742168 942051 627588 828172 859565 418607 520667 417249 300574 415391 372974 316634 284311 391294 218835 356480
desembarquepred
 494518 514562 250011 358874 120589 361615 552171 73888.3 212942 205558 52465.4 317353 293498 387151 252508 515933 358341 741642 941094 626733 828048 858976 418452 520543 417055 300462 415220 372795 316497 284138 391017 218824 356423
Reclutas
 98104.3 94475.3 83924.1 65935.6 43778.2 246168 45449 17749 27673.7 34169.1 54122.5 106413 88973.3 67256.4 49025.7 267208 33456.4 480566 236954 194587 248350 373837 46705.2 187391 145180 57242.6 149452 177843 47405.6 44342.7 143926 39457 66059.7
log_desv_Rt
 0.0994493 0.061756 -0.0566695 -0.297903 -0.707446 1.01943 -0.669992 -1.61025 -1.1661 -0.95526 -0.495332 0.180744 0.00175374 -0.27807 -0.594237 1.10145 -0.97634 1.68838 0.981283 0.784298 1.02826 1.43724 -0.642727 0.746616 0.491394 -0.439284 0.520396 0.69432 -0.627842 -0.694634 0.482714 -0.811372 -0.296024
SSB
 1.03743e+06 561283 242470 130260 79466.9 86490.3 439995 161171 117790 57561.9 27445.3 102699 118102 89971.8 49051.6 56863.7 295568 163763 735406 417050 396152 484933 499809 298865 553831 420871 299901 375778 648951 355124 179147 453766 225829
BT
 1.54274e+06 1.03973e+06 465241 412923 218655 1.19749e+06 760647 364463 374283 256992 224378 485001 520640 581206 409946 887142 546823 2.19178e+06 1.89988e+06 1.11489e+06 1.76178e+06 1.62303e+06 896945 1.74335e+06 1.1285e+06 883512 1.42806e+06 1.42478e+06 958571 706043 933889 800804 654424
Ftot
 0.445027 0.94143 0.944549 1.94069 0.987061 0.745297 1.36607 0.330211 1.47541 2.65067 0.510588 1.57753 1.40915 2.49918 2.17127 1.55039 1.04005 0.886221 1.06389 1.16301 0.992078 1.19006 0.72572 0.729399 0.657268 0.558422 0.750553 0.55868 0.43432 0.765298 0.90654 0.359903 1.19445
BD_Bspro_t
 0.931272 0.593581 0.334935 0.228465 0.144611 0.192718 0.448397 0.208398 0.211459 0.139193 0.0972834 0.351525 0.264436 0.184161 0.106349 0.123718 0.307533 0.19598 0.4381 0.28657 0.241267 0.277712 0.307219 0.236196 0.392152 0.387058 0.363624 0.445268 0.557104 0.415863 0.302748 0.472119 0.400039
BD_Bspro
 1.62132 0.877183 0.378936 0.203573 0.124192 0.135168 0.687632 0.25188 0.184085 0.0899586 0.042892 0.160499 0.184571 0.140609 0.0766587 0.0888675 0.461919 0.255932 1.1493 0.651773 0.619113 0.757861 0.78111 0.467071 0.865536 0.657744 0.46869 0.587272 1.01419 0.554994 0.279974 0.709152 0.352929
BD_Bo
 3.20025 1.73144 0.747966 0.401825 0.245138 0.266804 1.35729 0.497176 0.363358 0.177566 0.0846627 0.316804 0.364318 0.277543 0.151314 0.175412 0.911764 0.505174 2.26857 1.28651 1.22204 1.49591 1.5418 0.921933 1.70845 1.29829 0.925128 1.15919 2.00187 1.09548 0.552629 1.39977 0.696632
BD_Brms
 3.42777 1.85453 0.801142 0.430392 0.262566 0.285772 1.45378 0.532523 0.38919 0.19019 0.0906817 0.339326 0.390219 0.297275 0.162071 0.187883 0.976584 0.541089 2.42985 1.37797 1.30892 1.60226 1.65141 0.987477 1.82991 1.3906 0.990899 1.2416 2.14419 1.17336 0.591917 1.49928 0.746158
Sel_flota
 0.454291 1 1 1 1
 0.454291 1 1 1 1
 0.454291 1 1 1 1
 0.454291 1 1 1 1
 0.454291 1 1 1 1
 0.454291 1 1 1 1
 0.454291 1 1 1 1
 0.454291 1 1 1 1
 0.454291 1 1 1 1
 0.454291 1 1 1 1
 0.454291 1 1 1 1
 0.454291 1 1 1 1
 0.454291 1 1 1 1
 0.454291 1 1 1 1
 0.454291 1 1 1 1
 0.454291 1 1 1 1
 0.454291 1 1 1 1
 0.454291 1 1 1 1
 0.454291 1 1 1 1
 0.454291 1 1 1 1
 0.454291 1 1 1 1
 0.454291 1 1 1 1
 0.454291 1 1 1 1
 0.454291 1 1 1 1
 0.454291 1 1 1 1
 0.454291 1 1 1 1
 0.454291 1 1 1 1
 0.454291 1 1 1 1
 0.454291 1 1 1 1
 0.454291 1 1 1 1
 0.454291 1 1 1 1
 0.454291 1 1 1 1
 0.454291 1 1 1 1
Sel_reclas
 0.81396 1 1 1 1
 0.81396 1 1 1 1
 0.81396 1 1 1 1
 0.81396 1 1 1 1
 0.81396 1 1 1 1
 0.81396 1 1 1 1
 0.81396 1 1 1 1
 0.81396 1 1 1 1
 0.81396 1 1 1 1
 0.81396 1 1 1 1
 0.81396 1 1 1 1
 0.81396 1 1 1 1
 0.81396 1 1 1 1
 0.81396 1 1 1 1
 0.81396 1 1 1 1
 0.81396 1 1 1 1
 0.81396 1 1 1 1
 0.81396 1 1 1 1
 0.81396 1 1 1 1
 0.81396 1 1 1 1
 0.81396 1 1 1 1
 0.81396 1 1 1 1
 0.81396 1 1 1 1
 0.81396 1 1 1 1
 0.81396 1 1 1 1
 0.81396 1 1 1 1
 0.81396 1 1 1 1
 0.81396 1 1 1 1
 0.81396 1 1 1 1
 0.81396 1 1 1 1
 0.81396 1 1 1 1
 0.81396 1 1 1 1
 0.81396 1 1 1 1
Sel_pelaces
 0.490751 0.829055 0.960641 0.991925 0.998385
 0.490751 0.829055 0.960641 0.991925 0.998385
 0.490751 0.829055 0.960641 0.991925 0.998385
 0.490751 0.829055 0.960641 0.991925 0.998385
 0.490751 0.829055 0.960641 0.991925 0.998385
 0.490751 0.829055 0.960641 0.991925 0.998385
 0.490751 0.829055 0.960641 0.991925 0.998385
 0.490751 0.829055 0.960641 0.991925 0.998385
 0.490751 0.829055 0.960641 0.991925 0.998385
 0.490751 0.829055 0.960641 0.991925 0.998385
 0.490751 0.829055 0.960641 0.991925 0.998385
 0.490751 0.829055 0.960641 0.991925 0.998385
 0.490751 0.829055 0.960641 0.991925 0.998385
 0.490751 0.829055 0.960641 0.991925 0.998385
 0.490751 0.829055 0.960641 0.991925 0.998385
 0.490751 0.829055 0.960641 0.991925 0.998385
 0.490751 0.829055 0.960641 0.991925 0.998385
 0.490751 0.829055 0.960641 0.991925 0.998385
 0.490751 0.829055 0.960641 0.991925 0.998385
 0.490751 0.829055 0.960641 0.991925 0.998385
 0.490751 0.829055 0.960641 0.991925 0.998385
 0.490751 0.829055 0.960641 0.991925 0.998385
 0.490751 0.829055 0.960641 0.991925 0.998385
 0.490751 0.829055 0.960641 0.991925 0.998385
 0.490751 0.829055 0.960641 0.991925 0.998385
 0.490751 0.829055 0.960641 0.991925 0.998385
 0.490751 0.829055 0.960641 0.991925 0.998385
 0.490751 0.829055 0.960641 0.991925 0.998385
 0.490751 0.829055 0.960641 0.991925 0.998385
 0.490751 0.829055 0.960641 0.991925 0.998385
 0.490751 0.829055 0.960641 0.991925 0.998385
 0.490751 0.829055 0.960641 0.991925 0.998385
 0.490751 0.829055 0.960641 0.991925 0.998385
pf_obs 
 0.8446 0.082 0.0669 0.0065 0
 0.8095 0.147 0.0364 0.0071 0
 0.9664 0.0169 0.016 0.0007 0
 0.9276 0.0648 0.0075 0.0001 0
 0.7033 0.2144 0.0806 0.0017 0
 0.9318 0.0425 0.0243 0.0014 0
 0.5671 0.3108 0.0964 0.0239 0.0018
 0.0768 0.2599 0.5324 0.112 0.0189
 0.490249 0.384438 0.106611 0.0170017 0.00170017
 0.7925 0.1577 0.0466 0.003 0.0002
 0.840416 0.127587 0.0312969 0.00059994 9.999e-05
 0.8084 0.0986 0.0794 0.0134 0.0002
 0.7335 0.1905 0.0724 0.0035 0.0001
 0.4001 0.4547 0.1325 0.0127 0
 0.49795 0.308269 0.164784 0.0264974 0.00249975
 0.9179 0.0499 0.0305 0.0017 0
 0.2467 0.6533 0.0926 0.0074 0
 0.9418 0.0223 0.034 0.0019 0
 0.707729 0.231977 0.0356964 0.0245975 0
 0.517169 0.277429 0.184464 0.0207286 0.00020938
 0.811772 0.124168 0.05621 0.00726502 0.000585176
 0.764997 0.148141 0.077277 0.00933861 0.000247198
 0.163321 0.427699 0.378323 0.0303852 0.000271297
 0.753843 0.0900009 0.118128 0.0371064 0.000921714
 0.721811 0.176058 0.0630433 0.0369309 0.00215725
 0.143369 0.312575 0.442814 0.0836902 0.0175525
 0.692698 0.0596174 0.167031 0.0765114 0.00414204
 0.394062 0.376323 0.152708 0.0712218 0.00568511
 0.125707 0.32114 0.495352 0.0537591 0.00404204
 0.23352 0.215282 0.420074 0.123614 0.00750983
 0.796117 0.104755 0.0508955 0.0450114 0.00322123
 0.162477 0.292055 0.404252 0.121198 0.0200186
 0 0 0 0 0
pf_pred 
 0.405457 0.198072 0.353521 0.0429498 1.20613e-06
 0.527306 0.300157 0.0574805 0.102592 0.0124644
 0.610885 0.300701 0.0561424 0.0107513 0.0215205
 0.632933 0.303692 0.0489749 0.00914386 0.00525608
 0.681062 0.2828 0.0298988 0.00482163 0.00141769
 0.91673 0.0723455 0.00968627 0.00102407 0.000213705
 0.286025 0.691822 0.0192464 0.00257688 0.000329291
 0.362455 0.376021 0.25341 0.00704983 0.00106451
 0.631188 0.214789 0.090842 0.0612209 0.00196033
 0.795951 0.176531 0.0160257 0.00677783 0.00471403
 0.874669 0.12034 0.0043177 0.000391965 0.000281075
 0.794615 0.194695 0.0102646 0.000368284 5.74079e-05
 0.720639 0.262022 0.0164368 0.000866571 3.59384e-05
 0.704578 0.267064 0.026598 0.00166851 9.16144e-05
 0.789717 0.196056 0.0128615 0.00128093 8.47656e-05
 0.957905 0.0399697 0.0019819 0.000130015 1.38056e-05
 0.275079 0.716768 0.00774171 0.000383873 2.78565e-05
 0.948858 0.0279014 0.0229788 0.00024819 1.31996e-05
 0.524321 0.467248 0.0045999 0.00378835 4.30935e-05
 0.615898 0.299106 0.0834893 0.000821925 0.000684614
 0.732558 0.225105 0.032969 0.00920264 0.000166059
 0.766539 0.208915 0.0206607 0.00302599 0.000859886
 0.219966 0.715038 0.0581622 0.00575199 0.00108184
 0.779931 0.0974198 0.11243 0.00914518 0.00107452
 0.58139 0.38054 0.0168528 0.0194494 0.00176793
 0.36912 0.499911 0.119059 0.00527271 0.00663821
 0.746727 0.154054 0.0786221 0.0187246 0.00187326
 0.675021 0.290331 0.0210747 0.0107556 0.0028178
 0.282755 0.607113 0.0983905 0.00714201 0.00459989
 0.451669 0.274433 0.231841 0.0375729 0.00448394
 0.826908 0.121479 0.0258315 0.0218225 0.00395868
 0.340643 0.616479 0.0300932 0.00639908 0.00638661
 0.632403 0.206374 0.150738 0.00735823 0.00312629
pobs_RECLAS
 0 0 0 0 0
 0 0 0 0 0
 0 0 0 0 0
 0 0 0 0 0
 0 0 0 0 0
 0 0 0 0 0
 0 0 0 0 0
 0 0 0 0 0
 0 0 0 0 0
 0 0 0 0 0
 0.991045 0.00858322 0.000360255 1.14367e-05 0
 0.934742 0.0480273 0.0164251 0.00080598 0
 0.827803 0.169806 0.00239088 0 0
 0.941827 0.0461693 0.0120037 0 0
 0.791401 0.0380133 0.147996 0.0225897 0
 0.846168 0.0940531 0.0597789 0 0
 0.134021 0.677848 0.182769 0.00536245 0
 0.80878 0.0450904 0.141981 0.00414843 0
 0.846168 0.0940531 0.0597789 0 0
 0.905697 0.0802665 0.012482 0.00150086 5.37128e-05
 0.989698 0.0102097 9.19794e-05 0 0
 0.975433 0.0193895 0.00387452 0.00125025 5.28907e-05
 0.303575 0.632131 0.0575291 0.00676475 0
 0.966965 0.00978017 0.0227588 0.000495775 0
 0.843318 0.132988 0.00938335 0.0141283 0.000182051
 0.564624 0.303363 0.111486 0.0197234 0.00080311
 0.826376 0.0876187 0.0782897 0.00655872 0.00115652
 0.89761 0.0855135 0.0140674 0.00269457 0.000114338
 0.34875 0.467042 0.161289 0.0227151 0.000203297
 0.318654 0.224769 0.449479 0.00709798 0
 0.937255 0.0296025 0.0250945 0.00804832 0
 0.456809 0.399803 0.12412 0.0192676 0
 0.883104 0.0372192 0.0704036 0.00927362 0
ppred_RECLAS
 0.556366 0.147796 0.263789 0.0320481 8.99986e-07
 0.68165 0.20215 0.0387119 0.0690935 0.0083945
 0.750893 0.192505 0.0359417 0.00688288 0.0137772
 0.789517 0.174142 0.0280831 0.00524324 0.00301393
 0.804604 0.173257 0.0183174 0.00295396 0.000868544
 0.954007 0.0399595 0.00535013 0.000565639 0.000118038
 0.446341 0.536481 0.0149248 0.00199827 0.000255353
 0.509151 0.2895 0.195102 0.00542769 0.000819572
 0.777345 0.12967 0.0548422 0.0369596 0.00118347
 0.904965 0.0822192 0.00746394 0.00315677 0.00219555
 0.928038 0.0690961 0.00247911 0.000225056 0.000161386
 0.888862 0.105353 0.00555436 0.000199286 3.10645e-05
 0.839193 0.150826 0.00946142 0.000498819 2.0687e-05
 0.850113 0.135499 0.0134949 0.000846545 4.64819e-05
 0.894328 0.098523 0.00646321 0.000643699 4.25969e-05
 0.979111 0.0198338 0.000983462 6.45161e-05 6.85064e-06
 0.423888 0.569632 0.00615251 0.000305073 2.21382e-05
 0.972542 0.0149804 0.0123374 0.000133255 7.08692e-06
 0.681801 0.312559 0.00307704 0.00253416 2.88268e-05
 0.759092 0.187598 0.0523643 0.000515509 0.000429388
 0.840883 0.133928 0.0196152 0.00547518 9.87979e-05
 0.866163 0.119765 0.0118442 0.00173472 0.000492949
 0.346568 0.598985 0.0487223 0.00481842 0.00090625
 0.869585 0.0577318 0.0666267 0.00541951 0.000636771
 0.721976 0.25274 0.011193 0.0129175 0.00117419
 0.520426 0.380015 0.0905043 0.00400814 0.00504615
 0.847502 0.0927566 0.0473389 0.0112742 0.0011279
 0.793925 0.184104 0.0133638 0.0068203 0.00178682
 0.420091 0.490864 0.0795509 0.00577448 0.00371912
 0.608572 0.195905 0.165501 0.0268215 0.00320087
 0.901362 0.0692263 0.0147204 0.0124358 0.0022559
 0.485719 0.480836 0.0234719 0.00499111 0.00498138
 0.772348 0.127807 0.0933516 0.00455693 0.0019361
pobs_PELACES
 0 0 0 0 0
 0 0 0 0 0
 0 0 0 0 0
 0 0 0 0 0
 0 0 0 0 0
 0 0 0 0 0
 0 0 0 0 0
 0 0 0 0 0
 0 0 0 0 0
 0 0 0 0 0
 0 0 0 0 0
 0 0 0 0 0
 0 0 0 0 0
 0 0 0 0 0
 0 0 0 0 0
 0 0 0 0 0
 0.505614 0.472636 0.0217494 0 0
 0 0 0 0 0
 0.443492 0.261883 0.143347 0.151278 0
 0.227955 0.32914 0.350689 0.0885471 0.00366901
 0.970185 0.0296113 0.000203453 0 0
 0.997202 0.00247181 0.000326279 0 0
 0.445219 0.490057 0.0546422 0.010081 0
 0.90214 0.0892962 0.00764917 0.000914606 0
 0 0 0 0 0
 0.581667 0.319106 0.0959925 0.00289975 0.000334073
 0.762889 0.0836404 0.116647 0.0363945 0.000428098
 0.88444 0.0763242 0.0277011 0.0115352 0
 0.521256 0.241999 0.230069 0.00667565 0
 0.616807 0.101726 0.260614 0.0208532 0
 0.833518 0.0704572 0.0857862 0.0102388 0
 0.697417 0.212968 0.0787535 0.0105354 0.000325836
 0 0 0 0 0
ppred_PELACES
 0.47128 0.158892 0.328604 0.0412227 1.16517e-06
 0.633496 0.218048 0.0483839 0.0891684 0.0109041
 0.714249 0.212406 0.0459517 0.00908636 0.0183062
 0.789916 0.168915 0.0315636 0.00608498 0.00352056
 0.778334 0.192931 0.0236349 0.00393561 0.00116471
 0.944102 0.047547 0.00737643 0.000805264 0.000169138
 0.427261 0.552163 0.0177991 0.00246072 0.000316496
 0.428991 0.316045 0.246797 0.00708944 0.00107746
 0.755319 0.132829 0.0650946 0.0452976 0.0014599
 0.915989 0.0709985 0.00746831 0.00326148 0.00228315
 0.910834 0.0850588 0.00353622 0.000331476 0.000239247
 0.884571 0.108516 0.00662915 0.000245594 3.85323e-05
 0.82886 0.158932 0.0115524 0.000628889 2.62512e-05
 0.864327 0.120782 0.0139385 0.000902844 4.9896e-05
 0.900007 0.0922144 0.00700951 0.000720841 4.80124e-05
 0.978119 0.020608 0.00118404 8.02036e-05 8.57188e-06
 0.391777 0.600297 0.00751281 0.000384654 2.8095e-05
 0.965727 0.0174375 0.0166404 0.000185583 9.93419e-06
 0.652951 0.339839 0.00387661 0.00329663 3.77444e-05
 0.731838 0.201705 0.065238 0.000663161 0.000555971
 0.817404 0.149729 0.0254101 0.00732369 0.000133014
 0.851455 0.13066 0.0149726 0.00226432 0.000647635
 0.302494 0.630828 0.0594568 0.00607149 0.00114937
 0.83531 0.0668698 0.0894214 0.00751053 0.000888204
 0.676535 0.289309 0.0148461 0.0176914 0.0016186
 0.457756 0.41565 0.114703 0.00524523 0.00664662
 0.812836 0.106864 0.063195 0.0155406 0.00156485
 0.752587 0.217006 0.0182523 0.0096185 0.00253632
 0.357227 0.530786 0.0996738 0.00747078 0.00484298
 0.545274 0.21029 0.205851 0.0344472 0.00413769
 0.881366 0.0790594 0.0194796 0.0169923 0.00310254
 0.420213 0.536116 0.0303241 0.00665816 0.00668846
 0.740746 0.135931 0.115044 0.00579873 0.00247975
pobs_pel_tallas
 0 0 0 0 0 0 0 0 0 0 0 0 0 0 0 0 0 0 0 0 0 0 0 0 0 0
 0 0 0 0 0 0 0 0 0 0 0 0 0 0 0 0 0 0 0 0 0 0 0 0 0 0
 0 0 0 0 0 0 0 0 0 0 0 0 0 0 0 0 0 0 0 0 0 0 0 0 0 0
 0 0 0 0 0 0 0 0 0 0 0 0 0 0 0 0 0 0 0 0 0 0 0 0 0 0
 0 0 0 0 0 0 0 0 0 0 0 0 0 0 0 0 0 0 0 0 0 0 0 0 0 0
 0 0 0 0 0 0 0 0 0 0 0 0 0 0 0 0 0 0 0 0 0 0 0 0 0 0
 0 0 0 0 0 0 0 0 0 0 0 0 0 0 0 0 0 0 0 0 0 0 0 0 0 0
 0 0 0 0 0 0 0 0 0 0 0 0 0 0 0 0 0 0 0 0 0 0 0 0 0 0
 0 0 0 0 0 0 0 0 0 0 0 0 0 0 0 0 0 0 0 0 0 0 0 0 0 0
 0 0 0 0 0 0 0 0 0 0 0 0 0 0 0 0 0 0 0 0 0 0 0 0 0 0
 0 0 0 0 0 0 0 0 0 0 0 0 0 0 0 0 0 0 0 0 0 0 0 0 0 0
 0 0 0 0 0 0 0 0 0 0 0 0 0 0 0 0 0 0 0 0 0 0 0 0 0 0
 0.00862536 0 0 0.000197151 0.00414017 0.0128641 0.00837892 0.0270097 0.101434 0.158115 0.152841 0.127902 0.109271 0.109419 0.0830992 0.0579132 0.0238553 0.00714673 0.00463305 0.00128148 0.00103504 0.000492878 0.000147863 0.000147863 4.92878e-05 0
 0 0 0 0 0 0 0 0 0 0 0 0 0 0 0 0 0 0 0 0 0 0 0 0 0 0
 0 0 0 0 0 0 0 0.0054083 0.00873648 0.0413646 0.0450493 0.0745869 0.0622846 0.0627006 0.0613931 0.0827291 0.12552 0.122667 0.0946155 0.0697135 0.0546179 0.0294188 0.0215738 0.0213955 0.0102223 0.00600262
 0 0 0 0 0.00359764 0.0251062 0.0480494 0.140153 0.205849 0.193036 0.1447 0.116669 0.0760912 0.0342217 0.00950174 0.001854 0.000860785 0 0 0 0.000165536 0 0.000143464 0 0 0
 0 0 0 0 0 0 0 0.000145254 0.000435761 0.0275982 0.070085 0.0708112 0.156366 0.174668 0.174014 0.160142 0.0824315 0.0480064 0.0283245 0.00493863 0.00203355 0 0 0 0 0
 0 0 0 0 0 0 0 0 0 0 0 0 0 0 0 0 0 0 0 0 0 0 0 0 0 0
 0 0 1.00437e-05 0.000401748 0.00122533 0.00171747 0.00176769 0.0269171 0.070346 0.194647 0.189555 0.159765 0.064822 0.0314167 0.0384472 0.0292271 0.0345202 0.0313363 0.0194345 0.0106764 0.0143323 0.0359363 0.0279516 0.0138201 0.00172751 0
 0 0.0021121 0.0136068 0.0755702 0.200478 0.177729 0.0527432 0.0373336 0.0318909 0.0142505 0.0149659 0.0166563 0.0217959 0.0798694 0.0677717 0.0528807 0.04013 0.0224614 0.0357745 0.0225083 0.00881397 0.00855152 0.00135912 0.000746735 0 0
 0 0 0 0 5.4009e-05 0.00500934 0.000945158 0.0243581 0.138947 0.33067 0.221406 0.137944 0.0707744 0.0437923 0.0131692 0.00525238 0.0047753 0.00276346 9.45158e-05 9.00151e-06 2.25038e-05 9.00151e-06 4.50075e-06 0 0 0
 0.000866109 0.00284123 0.00948549 0.0512746 0.133035 0.25785 0.225252 0.132002 0.0553304 0.0519788 0.0540692 0.017754 0.00435017 0.00159236 0.00146478 0.000404838 0.000125132 0.000115318 0.000107957 0.000100596 0 0 0 0 0 0
 0 0 0 0 0.00144013 0.00171154 0.00461396 0.0210425 0.0478622 0.0707936 0.0888783 0.103762 0.0637923 0.0337046 0.0602308 0.124433 0.169614 0.0934646 0.0462172 0.0250306 0.0313229 0.00938855 0.002487 0.000210481 0 0
 0 0.00764035 0.051015 0.0998891 0.058973 0.0496711 0.0374665 0.0718981 0.12319 0.153886 0.159021 0.0857701 0.0377988 0.023471 0.0147837 0.00900784 0.00315554 0.000888139 0.00291439 0.00214683 0.00393193 0.00274676 0.000635225 9.99891e-05 0 0
 0 0 0 0 0 0 0 0 0 0 0 0 0 0 0 0 0 0 0 0 0 0 0 0 0 0
 0 0 0 0 0 0 0 0 0 0 0 0 0 0 0 0 0 0 0 0 0 0 0 0 0 0
 0 0 0 0 0 0 0 0 0 0 0 0 0 0 0 0 0 0 0 0 0 0 0 0 0 0
 0 0 0 0 0 0 0 0 0 0 0 0 0 0 0 0 0 0 0 0 0 0 0 0 0 0
 0 0 0 0 0 0 0 0 0 0 0 0 0 0 0 0 0 0 0 0 0 0 0 0 0 0
 0 0 0 0 0 0 0 0 0 0 0 0 0 0 0 0 0 0 0 0 0 0 0 0 0 0
 0 0 0 0 0 0 0 0 0 0 0 0 0 0 0 0 0 0 0 0 0 0 0 0 0 0
 0 0 0 0 0 0 0 0 0 0 0 0 0 0 0 0 0 0 0 0 0 0 0 0 0 0
 0 0 0 0 0 0 0 0 0 0 0 0 0 0 0 0 0 0 0 0 0 0 0 0 0 0
ppred_pel_tallas
 1.13658e-16 3.88187e-05 0.000377332 0.0025075 0.0113988 0.0354659 0.0755644 0.110292 0.110307 0.0756418 0.0357272 0.0121599 0.00444149 0.00467654 0.00843019 0.0144656 0.0222089 0.0307916 0.0392574 0.0470212 0.0539278 0.0597821 0.0638426 0.0648881 0.0619111 0.0548747
 1.1224e-16 5.21803e-05 0.000507211 0.00337059 0.0153222 0.0476733 0.101574 0.148254 0.148275 0.101677 0.0480193 0.0163226 0.00588483 0.00600716 0.0105325 0.0174264 0.025339 0.0324071 0.0368063 0.0377979 0.036196 0.0337799 0.0321055 0.0316367 0.0317346 0.0312981
 1.0539e-16 5.88318e-05 0.000571866 0.00380025 0.0172754 0.0537503 0.114522 0.167152 0.167172 0.114622 0.0540868 0.0182477 0.0062422 0.00590752 0.0102067 0.0168194 0.024316 0.0307785 0.0342955 0.0340004 0.0305804 0.0257839 0.0213323 0.0180898 0.0159737 0.0144153
 1.02161e-16 6.50644e-05 0.000632449 0.00420285 0.0191055 0.0594445 0.126653 0.184858 0.184874 0.126733 0.0597119 0.0198779 0.00614231 0.00486831 0.00811561 0.0133291 0.0192306 0.024258 0.0268622 0.0263261 0.0231786 0.0188146 0.0146396 0.0114099 0.00915295 0.00751364
 1.01324e-16 6.41104e-05 0.000623176 0.00414122 0.0188254 0.0585729 0.124797 0.182148 0.182167 0.124887 0.0588779 0.0197061 0.00635157 0.00544727 0.00922257 0.0151363 0.0217767 0.027338 0.0300233 0.0289994 0.0248876 0.0193384 0.0140466 0.00997412 0.00722615 0.00542268
 1.00335e-16 7.77645e-05 0.000755898 0.00502321 0.0228348 0.0710475 0.151374 0.220936 0.220941 0.151397 0.0711227 0.023052 0.00556847 0.00194629 0.00233875 0.00374381 0.00538635 0.00677436 0.00746294 0.00724613 0.00627281 0.00494167 0.0036606 0.00265888 0.00196033 0.00147629
 1.00956e-16 3.5193e-05 0.000342089 0.0022733 0.0103341 0.0321536 0.0685087 0.100002 0.100055 0.0687682 0.0330247 0.0128488 0.00858053 0.0140946 0.0261059 0.0429771 0.0616115 0.0768553 0.0834794 0.0790711 0.0655038 0.0477453 0.030998 0.0183642 0.0103617 0.00590639
 1.08097e-16 3.53355e-05 0.000343473 0.0022825 0.0103759 0.0322836 0.0687847 0.1004 0.10043 0.0689352 0.0327898 0.0118421 0.00597748 0.00845842 0.0155894 0.0260857 0.0384286 0.0500917 0.0584404 0.0621253 0.0616739 0.0587415 0.0547295 0.0499966 0.0441675 0.0369911
 1.06703e-16 6.22147e-05 0.000604749 0.00401877 0.0182688 0.0568409 0.121106 0.176761 0.176773 0.121169 0.0570528 0.0188818 0.00556194 0.00398808 0.00653119 0.0108143 0.0158475 0.0205182 0.0237402 0.0250351 0.0247873 0.0238915 0.0230836 0.0225036 0.0217701 0.020388
 1.00948e-16 7.54488e-05 0.000733389 0.00487363 0.0221548 0.0689319 0.146867 0.214358 0.214365 0.1469 0.0690441 0.0224789 0.00568687 0.00250823 0.00344486 0.00557228 0.00801238 0.0100614 0.0110595 0.010708 0.00924599 0.00729048 0.00546862 0.00412591 0.00327858 0.00275486
 1.00198e-16 7.50242e-05 0.000729262 0.0048462 0.0220301 0.068544 0.146041 0.213152 0.21316 0.146081 0.0686782 0.0224176 0.0058181 0.00284862 0.0040933 0.00663047 0.00950218 0.0118604 0.0128969 0.0122402 0.0101772 0.00746975 0.00491401 0.00298297 0.00175342 0.00105841
 1.00251e-16 7.2861e-05 0.000708234 0.00470647 0.0213949 0.0665676 0.14183 0.207007 0.207017 0.141881 0.0667389 0.0218895 0.00594711 0.00341413 0.00520461 0.00846985 0.0121489 0.0151815 0.0165401 0.01575 0.0131716 0.00976537 0.00653367 0.00406929 0.0024677 0.00152333
 1.00442e-16 6.82722e-05 0.00066363 0.00441005 0.0200475 0.0623752 0.132898 0.193971 0.193986 0.132972 0.0626261 0.020772 0.00622778 0.00462863 0.00758931 0.0124142 0.0178187 0.0222844 0.0243118 0.0232063 0.0194919 0.014566 0.00988368 0.00630108 0.00395132 0.00253486
 1.00533e-16 7.11935e-05 0.000692026 0.00459876 0.0209053 0.0650442 0.138584 0.20227 0.202281 0.138641 0.065235 0.0214565 0.00598203 0.00371066 0.00580089 0.00946868 0.0136121 0.0170715 0.0187148 0.0180154 0.01536 0.0117848 0.00836058 0.0057052 0.0039029 0.0027318
 1.00307e-16 7.41324e-05 0.000720594 0.0047886 0.0217683 0.0677292 0.144305 0.210619 0.210628 0.144348 0.0678748 0.0221887 0.00584341 0.00302155 0.00443904 0.00720798 0.0103447 0.0129415 0.0141275 0.0135006 0.0113646 0.00852887 0.00583475 0.0037751 0.00242346 0.00160367
 1.0005e-16 8.05664e-05 0.000783134 0.0052042 0.0236575 0.0736074 0.156828 0.228896 0.228898 0.156838 0.0736399 0.0237515 0.00543979 0.00129694 0.00105496 0.00161279 0.00230657 0.00288155 0.00313849 0.00298711 0.00249607 0.00184817 0.00123417 0.000766889 0.000464397 0.000287263
 1.00414e-16 3.22703e-05 0.000313679 0.00208451 0.00947591 0.0294834 0.0628196 0.0916992 0.0917569 0.0631017 0.03043 0.0122084 0.00893712 0.0152523 0.0283424 0.0466444 0.0668136 0.0832269 0.0901775 0.085036 0.0698625 0.0501165 0.031538 0.0175825 0.00886359 0.00420111
 1.00506e-16 7.95456e-05 0.000773212 0.00513826 0.0233578 0.0726748 0.154841 0.225996 0.225998 0.15485 0.0727028 0.023439 0.00534319 0.00122397 0.000945547 0.00146304 0.0021594 0.00283838 0.00335388 0.00363089 0.00369094 0.00361004 0.00344609 0.00320249 0.00285244 0.0023894
 1.00536e-16 5.37827e-05 0.000522787 0.00347411 0.0157928 0.0491375 0.104694 0.15281 0.152843 0.104853 0.0496734 0.0173397 0.00735364 0.00898028 0.0160821 0.0264127 0.0378344 0.047139 0.0510988 0.0482317 0.0397098 0.0286262 0.0182248 0.0104472 0.00561819 0.00304623
 1.02095e-16 6.02806e-05 0.000585949 0.00389384 0.0177008 0.0550739 0.117342 0.171268 0.171287 0.117437 0.055394 0.018626 0.00621879 0.00566971 0.00973954 0.0160685 0.0232849 0.0295742 0.0331099 0.0330154 0.0298376 0.0250965 0.0203056 0.0162548 0.0129774 0.0101794
 1.01529e-16 6.73285e-05 0.000654457 0.0043491 0.0197704 0.0615131 0.131061 0.19129 0.191304 0.131131 0.06175 0.0204548 0.00606738 0.00440662 0.00719675 0.0117999 0.0170122 0.0214359 0.0236922 0.0231425 0.0202572 0.0162806 0.0124705 0.00951106 0.00743792 0.00594406
 1.00803e-16 7.01333e-05 0.00068172 0.00453027 0.020594 0.0640755 0.13652 0.199258 0.19927 0.136582 0.064282 0.0211903 0.00602679 0.00394759 0.00626947 0.0102453 0.014732 0.0184828 0.0202764 0.0195475 0.0167182 0.012911 0.00928179 0.00649063 0.00461536 0.00340103
 1.02681e-16 2.49162e-05 0.000242194 0.00160947 0.00731644 0.0227645 0.0485044 0.0708064 0.0708671 0.0488012 0.023761 0.0101939 0.00882956 0.015995 0.0299165 0.0493501 0.0709255 0.0888425 0.0971929 0.0932319 0.079015 0.0600227 0.0419319 0.028038 0.0187998 0.0130171
 1.03502e-16 6.88034e-05 0.000668794 0.00444437 0.0202035 0.0628605 0.133931 0.195478 0.195484 0.133963 0.0629688 0.020518 0.00524001 0.00242558 0.00346345 0.00576835 0.00865487 0.0116153 0.0141554 0.0160064 0.017204 0.0179128 0.0181685 0.0177943 0.0165633 0.0144381
 1.02551e-16 5.57254e-05 0.00054167 0.00359959 0.0163632 0.0509122 0.108475 0.158328 0.158356 0.108611 0.051369 0.0176819 0.00690787 0.00775792 0.013744 0.0225906 0.0324389 0.040592 0.0443489 0.0424837 0.0359955 0.0274632 0.0195344 0.0137072 0.0101054 0.0080369
 1.05068e-16 3.77048e-05 0.000366504 0.00243555 0.0110717 0.0344484 0.0733974 0.107134 0.107174 0.0735936 0.0351074 0.0129762 0.00722018 0.0108244 0.0199371 0.0329984 0.0477574 0.0605199 0.0675146 0.0669544 0.0600331 0.0499925 0.0400713 0.0319743 0.0257575 0.0207026
 1.03675e-16 6.69522e-05 0.000650799 0.00432479 0.0196599 0.0611692 0.130328 0.19022 0.19023 0.130379 0.0613399 0.0201537 0.00556824 0.00337796 0.00528363 0.00872663 0.0127932 0.0165672 0.0191513 0.020118 0.0197179 0.0186155 0.017385 0.0161897 0.0148492 0.0131353
 1.01977e-16 6.19896e-05 0.000602561 0.00400423 0.0182027 0.0566354 0.120668 0.176124 0.176144 0.120771 0.0569782 0.0191925 0.00648799 0.00602181 0.010346 0.0169848 0.0244128 0.0306002 0.0335257 0.0322657 0.02755 0.0212794 0.0154021 0.0110164 0.00821528 0.00650751
 1.04581e-16 2.94244e-05 0.000286016 0.00190068 0.00864023 0.0268833 0.0572795 0.0836118 0.083663 0.0575297 0.0277233 0.011067 0.00799386 0.0135926 0.0253158 0.0418432 0.0603587 0.0760721 0.0840954 0.0821365 0.071822 0.0575204 0.0436747 0.0327425 0.0249362 0.0192821
 1.10149e-16 4.49136e-05 0.000436576 0.0029012 0.0131884 0.0410343 0.0874286 0.127609 0.127629 0.0875291 0.0413727 0.0141696 0.00537755 0.00588764 0.0105299 0.017683 0.0262758 0.0347284 0.0414087 0.0454925 0.0472901 0.0477018 0.0473092 0.045933 0.0429679 0.0380708
 1.02812e-16 7.2597e-05 0.000705668 0.00468942 0.0213174 0.0663264 0.141316 0.206256 0.206264 0.141353 0.0664518 0.0216799 0.00560024 0.00269731 0.00386504 0.00630173 0.00913629 0.0116326 0.0130988 0.0132326 0.0122974 0.0109261 0.00970903 0.0088904 0.00835454 0.00782643
 1.02812e-16 3.46125e-05 0.000336446 0.0022358 0.0101637 0.0316232 0.0673785 0.0983518 0.0984034 0.0676306 0.0324695 0.0126069 0.00836513 0.0137049 0.0253888 0.0418264 0.0600347 0.0750452 0.0818185 0.0780366 0.0655106 0.0490105 0.0334899 0.0218419 0.0144614 0.0102309
 1.04356e-16 6.10143e-05 0.000593081 0.00394123 0.0179163 0.0557443 0.11877 0.17335 0.173364 0.118834 0.0559623 0.018548 0.00553398 0.00409353 0.00677757 0.0112863 0.0166658 0.0218147 0.0256187 0.0275081 0.0276987 0.0268613 0.025533 0.0237947 0.0214277 0.0183018
pSPR Fmed_Fpbrs
1   0.983625 0.6 0.325 0.983625 0.983625 0.983625
Fs Fmed_Fpbrs
0   0.01 0.354102 0.920579 0.01 0.01 0.01
SSBpbr Bo_Bmed_Bpbrs
324172  307964  302655 178295 89147.4 302655 302655 302655
Ro
88817.4
SPR SPRFo_SPRFmed_SPRFpbrs
639871 639871 629393
Fref
0
Nvult_r0
 51934.8 10952.6 7999.91 390.513 165.917
CTP_r0
 18268.3 5961.56 4354.38 212.558 90.3094
YTP_r0
356423
Np
 66059.7 24302 8940.2 3288.92 1655.03
Nvult_p0
 41757.7 15361.8 5651.29 2078.99 1046.18
CTP_p0
 0 0 0 0 0
 0 0 0 0 0
 0 0 0 0 0
 0 0 0 0 0
 0 0 0 0 0
 0 0 0 0 0
YTP_p0
 0 0 0 0 0 0
CBA_c0
0
log_Ro
11.2143
likeval ReclasPelacesDesembMPH_pf_preclas_ppelaces_ptallas_desvR_qrecl_qpela
 14.6062 16.1962 0.0521872 0.00104239 245.463 136.292 115.768 0 29.7216 6.66031e-05 0.00016366 0.0129048 2066.57 0 0
q_reclas_q_pelaces
3.17132 6.10555
M
1
N
 98104.3 23951.4 42748.7 5193.6 0.145849
 94475.3 29484.4 5646.28 10077.6 1224.37
 83924.1 22661.2 4230.96 810.234 1621.81
 65935.6 20101.9 3241.73 605.247 347.908
 43778.2 10044.7 1061.96 171.258 50.3544
 246168 10285.4 1377.1 145.593 30.3825
 45449 64549.6 1795.76 240.432 30.7241
 17749 8988.96 6057.9 168.53 25.4477
 27673.7 5619.93 2376.87 1601.84 51.2918
 34169.1 5208.12 472.798 199.964 139.076
 54122.5 3770.28 135.274 12.2803 8.80612
 106413 15788.7 832.402 29.8659 4.65547
 88973.3 19118.7 1199.33 63.2304 2.62229
 67256.4 17256.3 1718.62 107.811 5.91964
 49025.7 7949.9 521.522 51.9406 3.43718
 267208 6725.86 333.502 21.8781 2.32312
 33456.4 48603.8 524.963 26.0303 1.88894
 480566 7673.39 6319.59 68.257 3.63013
 236954 118198 1163.62 958.327 10.9012
 194587 53761 15006.3 147.732 123.052
 248350 42204.9 6181.37 1725.41 31.1344
 373837 58215.3 5757.24 843.211 239.612
 46705.2 80092.7 6514.85 644.29 121.178
 187391 12356.3 14260.1 1159.94 136.288
 145180 49493.4 2191.9 2529.61 229.938
 57242.6 39622.1 9436.37 417.906 526.133
 149452 16339.9 8339.17 1986.05 198.69
 177843 39095.6 2837.89 1448.33 379.442
 47405.6 50759.5 8226.24 597.13 384.588
 44342.7 14316.8 12094.8 1960.13 233.921
 143926 11522.3 2450.11 2069.86 375.48
 39457 35074.1 1712.13 364.071 363.362
 66059.7 12326 9003.03 439.48 186.722
pred_Ctot
 11540 5637.44 10061.8 1222.42 0.0343284
 21512.9 12245.8 2345.08 4185.52 508.52
 19163.2 9432.86 1761.16 337.264 675.088
 26187.6 12565.3 2026.34 378.327 217.47
 10369 4305.56 455.202 73.4082 21.584
 45938.7 3625.34 485.393 51.3179 10.7091
 13962.1 33770.7 939.494 125.788 16.0741
 1582.16 1641.38 1106.17 30.7734 4.64674
 9015.25 3067.82 1297.49 874.416 27.9993
 16607.4 3683.28 334.372 141.418 98.3572
 7217.57 993.019 35.6287 3.23441 2.31936
 36442.9 8929.16 470.758 16.8904 2.63286
 27991.4 10177.6 638.448 33.6598 1.39594
 31532.9 11952.3 1190.38 74.6732 4.10014
 21005 5214.71 342.09 34.0703 2.2546
 90340 3769.54 186.913 12.2617 1.30201
 8273.13 21557.2 232.836 11.5452 0.837797
 104014 3058.55 2518.93 27.2066 1.44694
 59690.6 53193.2 523.67 431.28 4.90593
 52678.1 25582.7 7140.88 70.2996 58.5554
 59070 18151.4 2658.47 742.057 13.3902
 103080 28093.7 2778.34 406.918 115.633
 8516.59 27684.7 2251.91 222.704 41.8863
 34321.1 4286.99 4947.49 402.436 47.2846
 24271.5 15886.5 703.56 811.96 73.8061
 8276.74 11209.5 2669.64 118.229 148.848
 28060.5 5789.03 2954.46 703.633 70.3932
 25725.1 11064.5 803.158 409.896 107.387
 5452.79 11707.9 1897.41 137.73 88.7067
 8466.93 5144.48 4346.07 704.336 84.0553
 31752 4664.61 991.892 837.951 152.007
 3812.57 6899.8 336.812 71.6203 71.4807
 18268.3 5961.56 4354.38 212.558 90.3094
F
 0.202172 0.445027 0.445027 0.445027 0.445027
 0.427683 0.94143 0.94143 0.94143 0.94143
 0.4291 0.944549 0.944549 0.944549 0.944549
 0.881638 1.94069 1.94069 1.94069 1.94069
 0.448413 0.987061 0.987061 0.987061 0.987061
 0.338581 0.745297 0.745297 0.745297 0.745297
 0.620593 1.36607 1.36607 1.36607 1.36607
 0.150012 0.330211 0.330211 0.330211 0.330211
 0.670263 1.47541 1.47541 1.47541 1.47541
 1.20417 2.65067 2.65067 2.65067 2.65067
 0.231955 0.510588 0.510588 0.510588 0.510588
 0.716657 1.57753 1.57753 1.57753 1.57753
 0.640161 1.40915 1.40915 1.40915 1.40915
 1.13535 2.49918 2.49918 2.49918 2.49918
 0.986386 2.17127 2.17127 2.17127 2.17127
 0.704326 1.55039 1.55039 1.55039 1.55039
 0.472484 1.04005 1.04005 1.04005 1.04005
 0.402602 0.886221 0.886221 0.886221 0.886221
 0.483317 1.06389 1.06389 1.06389 1.06389
 0.528344 1.16301 1.16301 1.16301 1.16301
 0.450692 0.992078 0.992078 0.992078 0.992078
 0.540635 1.19006 1.19006 1.19006 1.19006
 0.329688 0.72572 0.72572 0.72572 0.72572
 0.331359 0.729399 0.729399 0.729399 0.729399
 0.29859 0.657268 0.657268 0.657268 0.657268
 0.253686 0.558422 0.558422 0.558422 0.558422
 0.340969 0.750553 0.750553 0.750553 0.750553
 0.253803 0.55868 0.55868 0.55868 0.55868
 0.197308 0.43432 0.43432 0.43432 0.43432
 0.347668 0.765298 0.765298 0.765298 0.765298
 0.411832 0.90654 0.90654 0.90654 0.90654
 0.1635 0.359903 0.359903 0.359903 0.359903
 0.542625 1.19445 1.19445 1.19445 1.19445
YTP_r0W_actual
 137743 104029 104810 6657.32 3183.41
YTP_p0W_proyectada
 0 0 0 0 0
 0 0 0 0 0
 0 0 0 0 0
 0 0 0 0 0
 0 0 0 0 0
 0 0 0 0 0
CTP_r0_actual
 18268.3 5961.56 4354.38 212.558 90.3094
CTP_p0_proyectada
 0 0 0 0 0
 0 0 0 0 0
 0 0 0 0 0
 0 0 0 0 0
 0 0 0 0 0
 0 0 0 0 0
Wmedp
 7.54 17.45 24.07 31.32 35.25
Frms_r0
 0.542625 1.19445 1.19445 1.19445 1.19445
Zrms_r0
 1.54263 2.19445 2.19445 2.19445 2.19445
nmprior
 7.29 8.9 8.7 0
nm_flota  nm_reclas  nm_pelaces    nm_pelaL
inf 17.5704 10.7386 27.754
cv_recla  cv_pelaces  cv_mph
0.330978 0.440857 0.862883
 ------------------------------------------------
Talla a la edad & desviaci?n 
 8 13.2811 15.8009 17.003 17.5766
 0.8 1.32811 1.58009 1.7003 1.75766
