years
 1991 1992 1993 1994 1995 1996 1997 1998 1999 2000 2001 2002 2003 2004 2005 2006 2007 2008 2009 2010 2011 2012 2013 2014 2015 2016 2017 2018 2019 2020 2021 2022 2023
reclasobs
 0 0 0 0 0 0 0 0 0 252601 567819 844713 477998 351125 339783 2.1784e+06 2.13404e+06 4.81314e+06 1.55562e+06 2.62356e+06 3.21686e+06 3.843e+06 1.13348e+06 3.07943e+06 1.97215e+06 2.03268e+06 2.025e+06 2.42433e+06 2.27542e+06 1.05018e+06 2.36338e+06 3.18982e+06 1.53035e+06
reclaspred
 3.72543e+06 2.00627e+06 712874 659518 117033 3.129e+06 1.21467e+06 255149 981498 224486 354900 951301 707303 663594 414979 1.94735e+06 861446 5.17965e+06 2.63185e+06 2.35311e+06 2.993e+06 3.30612e+06 1.74293e+06 3.28972e+06 2.51952e+06 1.60811e+06 2.17301e+06 3.71931e+06 2.91206e+06 898575 2.58453e+06 2.9544e+06 500934
pelacesobs
 0 0 0 0 0 0 0 0 0 0 0 0 0 0 0 552880 188675 0 991730 2.46772e+06 1.41603e+06 1.21717e+06 2.29649e+06 1.80582e+06 0 1.4828e+06 1.56532e+06 1.57751e+06 1.42118e+06 867257 1.10002e+06 1.06204e+06 0
pelacespred
 2.41077e+06 1.0775e+06 327326 250005 31399.7 1.87824e+06 529002 139545 532041 73958.5 191680 431705 332543 329481 186706 892609 342500 3.10938e+06 1.32115e+06 1.03336e+06 1.47739e+06 1.60499e+06 857162 2.0821e+06 1.41462e+06 873895 1.45456e+06 2.25183e+06 1.69828e+06 509984 1.29252e+06 1.69981e+06 188347
mphobs
 0 0 0 0 0 0 0 0 0 0 0 0 498337 0 5186 125008 0 168611 109162 213762 579715 649985 157893 87575 83554 210694 70296 0 107559 103333 445601 22526 28222
mphpred
 1.0612e+06 330645 227568 42918.8 51618.2 5907.94 454455 79976.4 18238.8 103181 8938.44 49442 111245 48588.7 38289.7 31364.6 258364 66362.5 670473 333007 568971 425123 138796 55435.4 155201 114001 55376.8 97614.3 241754 114177 23177 165017 67696.1
desembarqueobs
 494567 514787 250237 358949 120608 361735 552515 73892 212993 205616 52469 317467 293654 387597 252695 516296 358380 742168 942051 627588 828172 859565 418607 520667 417249 300574 415391 372974 316634 284311 391294 218835 356480
desembarquepred
 494465 514580 249687 358420 120502 361485 551762 73855.4 212794 205362 52443.4 317052 293176 386665 252239 515554 358021 741273 940047 626156 827412 858106 418123 520188 416674 300182 414843 372571 316238 283638 390770 218697 355630
Reclutas
 5652.01 172938 8863.63 104926 3889.17 280745 4224.81 1357.61 58753.2 5285.85 35600.9 125281 63463.5 74856.8 40395.1 266197 7617.86 512702 104851 257403 169808 428400 11099.8 174372 144882 24312.8 131616 197793 23308.9 16600.1 173159 37474.5 11138.6
log_desv_Rt
 -2.11858 1.30234 -1.66864 0.802664 -2.4924 1.78685 -2.40962 -3.54487 0.222752 -2.18556 -0.278222 0.979969 0.299871 0.464984 -0.151884 1.73364 -1.8201 2.3891 0.801951 1.70005 1.28408 2.20946 -1.44367 1.3106 1.12533 -0.65959 1.02929 1.43663 -0.70176 -1.04118 1.30362 -0.226934 -1.44018
SSB
 1.04002e+06 324045 223026 42062.1 50588 5790.03 445384 78380.2 17874.8 101122 8760.03 48455.2 99704.8 45693.9 34517.8 29096.5 253207 65038 690121 191164 341143 276152 442753 168000 422552 339455 152413 251641 650953 281279 70375.5 492512 199361
BT
 1.34237e+06 973312 335656 405661 103533 1.24307e+06 680907 122525 449807 205535 136728 466095 408093 560036 337995 843735 408469 2.19213e+06 1.40965e+06 983504 1.33082e+06 1.48303e+06 660188 1.48766e+06 971103 598778 1.12424e+06 1.37457e+06 891029 492397 928805 834324 395809
Ftot
 0.53788 1.3519 1.36488 3.08968 3.06957 0.886153 1.66822 1.12182 1.54479 2.86231 1.06427 2.09605 2.12039 3.32084 3.40848 1.8716 1.60291 1.05269 1.56 1.6327 1.46744 1.59047 1.00104 1.03467 0.876791 0.844483 1.21329 0.665597 0.481176 1.28762 1.07555 0.355993 2.39812
BD_Bspro_t
 0.918476 0.478517 0.320473 0.0914175 0.0923244 0.0155776 0.438662 0.113857 0.0435611 0.210262 0.0349088 0.234379 0.232507 0.10611 0.0769546 0.069131 0.270825 0.0908071 0.409991 0.161366 0.21525 0.185052 0.27699 0.142497 0.32176 0.328489 0.224267 0.351323 0.55228 0.35127 0.154904 0.491614 0.342471
BD_Bspro
 3.07013 0.956577 0.658369 0.124167 0.149335 0.0170921 1.31477 0.231377 0.0527662 0.298511 0.0258595 0.143039 0.294327 0.134888 0.101896 0.0858924 0.747464 0.191991 2.03723 0.564312 1.00705 0.815197 1.307 0.495934 1.24737 1.00207 0.44992 0.74284 1.9216 0.83033 0.207747 1.45389 0.58851
BD_Bo
 4.13626 1.28876 0.886994 0.167285 0.201193 0.0230275 1.77133 0.311725 0.0710898 0.402172 0.0348395 0.192711 0.396536 0.181729 0.137281 0.115719 1.00703 0.258662 2.74468 0.760276 1.35676 1.09828 1.76087 0.668152 1.68053 1.35004 0.60616 1.0008 2.5889 1.11867 0.27989 1.95877 0.792876
BD_Brms
 4.42612 1.37907 0.949152 0.179008 0.215292 0.0246412 1.89546 0.33357 0.0760716 0.430355 0.0372809 0.206216 0.424324 0.194464 0.146901 0.123829 1.0776 0.276789 2.93701 0.813554 1.45184 1.17525 1.88427 0.714974 1.79829 1.44465 0.648638 1.07093 2.77032 1.19706 0.299504 2.09603 0.848439
Sel_flota
 0.41054 0.92974 0.996038 0.999791 0.999989
 0.41054 0.92974 0.996038 0.999791 0.999989
 0.41054 0.92974 0.996038 0.999791 0.999989
 0.41054 0.92974 0.996038 0.999791 0.999989
 0.41054 0.92974 0.996038 0.999791 0.999989
 0.41054 0.92974 0.996038 0.999791 0.999989
 0.41054 0.92974 0.996038 0.999791 0.999989
 0.41054 0.92974 0.996038 0.999791 0.999989
 0.41054 0.92974 0.996038 0.999791 0.999989
 0.41054 0.92974 0.996038 0.999791 0.999989
 0.41054 0.92974 0.996038 0.999791 0.999989
 0.41054 0.92974 0.996038 0.999791 0.999989
 0.41054 0.92974 0.996038 0.999791 0.999989
 0.41054 0.92974 0.996038 0.999791 0.999989
 0.41054 0.92974 0.996038 0.999791 0.999989
 0.41054 0.92974 0.996038 0.999791 0.999989
 0.41054 0.92974 0.996038 0.999791 0.999989
 0.41054 0.92974 0.996038 0.999791 0.999989
 0.41054 0.92974 0.996038 0.999791 0.999989
 0.41054 0.92974 0.996038 0.999791 0.999989
 0.41054 0.92974 0.996038 0.999791 0.999989
 0.41054 0.92974 0.996038 0.999791 0.999989
 0.41054 0.92974 0.996038 0.999791 0.999989
 0.41054 0.92974 0.996038 0.999791 0.999989
 0.41054 0.92974 0.996038 0.999791 0.999989
 0.41054 0.92974 0.996038 0.999791 0.999989
 0.41054 0.92974 0.996038 0.999791 0.999989
 0.41054 0.92974 0.996038 0.999791 0.999989
 0.41054 0.92974 0.996038 0.999791 0.999989
 0.41054 0.92974 0.996038 0.999791 0.999989
 0.41054 0.92974 0.996038 0.999791 0.999989
 0.41054 0.92974 0.996038 0.999791 0.999989
 0.41054 0.92974 0.996038 0.999791 0.999989
Sel_reclas
 0.784044 1 1 1 1
 0.784044 1 1 1 1
 0.784044 1 1 1 1
 0.784044 1 1 1 1
 0.784044 1 1 1 1
 0.784044 1 1 1 1
 0.784044 1 1 1 1
 0.784044 1 1 1 1
 0.784044 1 1 1 1
 0.784044 1 1 1 1
 0.784044 1 1 1 1
 0.784044 1 1 1 1
 0.784044 1 1 1 1
 0.784044 1 1 1 1
 0.784044 1 1 1 1
 0.784044 1 1 1 1
 0.784044 1 1 1 1
 0.784044 1 1 1 1
 0.784044 1 1 1 1
 0.784044 1 1 1 1
 0.784044 1 1 1 1
 0.784044 1 1 1 1
 0.784044 1 1 1 1
 0.784044 1 1 1 1
 0.784044 1 1 1 1
 0.784044 1 1 1 1
 0.784044 1 1 1 1
 0.784044 1 1 1 1
 0.784044 1 1 1 1
 0.784044 1 1 1 1
 0.784044 1 1 1 1
 0.784044 1 1 1 1
 0.784044 1 1 1 1
Sel_pelaces
 0.732091 1 1 1 1
 0.732091 1 1 1 1
 0.732091 1 1 1 1
 0.732091 1 1 1 1
 0.732091 1 1 1 1
 0.732091 1 1 1 1
 0.732091 1 1 1 1
 0.732091 1 1 1 1
 0.732091 1 1 1 1
 0.732091 1 1 1 1
 0.732091 1 1 1 1
 0.732091 1 1 1 1
 0.732091 1 1 1 1
 0.732091 1 1 1 1
 0.732091 1 1 1 1
 0.732091 1 1 1 1
 0.732091 1 1 1 1
 0.732091 1 1 1 1
 0.732091 1 1 1 1
 0.732091 1 1 1 1
 0.732091 1 1 1 1
 0.732091 1 1 1 1
 0.732091 1 1 1 1
 0.732091 1 1 1 1
 0.732091 1 1 1 1
 0.732091 1 1 1 1
 0.732091 1 1 1 1
 0.732091 1 1 1 1
 0.732091 1 1 1 1
 0.732091 1 1 1 1
 0.732091 1 1 1 1
 0.732091 1 1 1 1
 0.732091 1 1 1 1
pf_obs 
 0.8446 0.082 0.0669 0.0065 0
 0.8095 0.147 0.0364 0.0071 0
 0.9664 0.0169 0.016 0.0007 0
 0.9276 0.0648 0.0075 0.0001 0
 0.7033 0.2144 0.0806 0.0017 0
 0.9318 0.0425 0.0243 0.0014 0
 0.5671 0.3108 0.0964 0.0239 0.0018
 0.0768 0.2599 0.5324 0.112 0.0189
 0.490249 0.384438 0.106611 0.0170017 0.00170017
 0.7925 0.1577 0.0466 0.003 0.0002
 0.840416 0.127587 0.0312969 0.00059994 9.999e-05
 0.8084 0.0986 0.0794 0.0134 0.0002
 0.7335 0.1905 0.0724 0.0035 0.0001
 0.4001 0.4547 0.1325 0.0127 0
 0.49795 0.308269 0.164784 0.0264974 0.00249975
 0.9179 0.0499 0.0305 0.0017 0
 0.2467 0.6533 0.0926 0.0074 0
 0.9418 0.0223 0.034 0.0019 0
 0.707729 0.231977 0.0356964 0.0245975 0
 0.517169 0.277429 0.184464 0.0207286 0.00020938
 0.811772 0.124168 0.05621 0.00726502 0.000585176
 0.764997 0.148141 0.077277 0.00933861 0.000247198
 0.163321 0.427699 0.378323 0.0303852 0.000271297
 0.753843 0.0900009 0.118128 0.0371064 0.000921714
 0.721811 0.176058 0.0630433 0.0369309 0.00215725
 0.143369 0.312575 0.442814 0.0836902 0.0175525
 0.692698 0.0596174 0.167031 0.0765114 0.00414204
 0.394062 0.376323 0.152708 0.0712218 0.00568511
 0.125707 0.32114 0.495352 0.0537591 0.00404204
 0.23352 0.215282 0.420074 0.123614 0.00750983
 0.796117 0.104755 0.0508955 0.0450114 0.00322123
 0.162477 0.292055 0.404252 0.121198 0.0200186
 0 0 0 0 0
pf_pred 
 0.0380886 0.259572 0.560893 0.141445 1.26316e-06
 0.852004 0.0145475 0.0384235 0.0759627 0.0190625
 0.116135 0.845868 0.00420561 0.00977915 0.024012
 0.925003 0.0237827 0.0492812 0.000215353 0.00171746
 0.196386 0.795728 0.00290042 0.00479926 0.00018575
 0.995608 0.00274542 0.00163384 4.7682e-06 8.09314e-06
 0.033547 0.965048 0.000912026 0.000488676 3.82372e-06
 0.10024 0.106169 0.792594 0.000648909 0.000347616
 0.968157 0.00894271 0.00299145 0.0198835 2.48356e-05
 0.236268 0.757737 0.00186452 0.000543201 0.00358729
 0.954772 0.0298263 0.0153047 3.05183e-05 6.67763e-05
 0.901004 0.0975706 0.000975854 0.000446906 2.82252e-06
 0.665448 0.3268 0.00765739 6.47827e-05 2.95769e-05
 0.829649 0.153986 0.0160439 0.000317398 3.87369e-06
 0.798436 0.196508 0.00466539 0.000382777 7.56248e-06
 0.977116 0.0221886 0.000681159 1.26766e-05 1.04615e-06
 0.0889586 0.906013 0.00489708 0.000128778 2.57192e-06
 0.980803 0.0051518 0.0139777 6.56798e-05 1.74794e-06
 0.331307 0.66481 0.00113027 0.00273951 1.31326e-05
 0.828446 0.111321 0.0599305 8.87308e-05 0.000214431
 0.656857 0.326289 0.0114693 0.00535747 2.68791e-05
 0.864806 0.118144 0.0163141 0.000501798 0.000233825
 0.0649335 0.898071 0.0328702 0.00394867 0.000176647
 0.857137 0.0247676 0.113895 0.00373498 0.000465896
 0.632503 0.349953 0.00333224 0.0137095 0.000502525
 0.220677 0.648609 0.125088 0.00107368 0.00455293
 0.838499 0.0728729 0.0749927 0.0130519 0.000583618
 0.762425 0.224967 0.00606804 0.00553971 0.00100055
 0.1551 0.75633 0.0842805 0.00207007 0.00221954
 0.296167 0.224541 0.432813 0.0442379 0.00224058
 0.940192 0.0361322 0.00820789 0.0139772 0.00149063
 0.298929 0.687335 0.00867652 0.00176103 0.00329787
 0.236293 0.391542 0.365447 0.00425074 0.00246691
pobs_RECLAS
 0 0 0 0 0
 0 0 0 0 0
 0 0 0 0 0
 0 0 0 0 0
 0 0 0 0 0
 0 0 0 0 0
 0 0 0 0 0
 0 0 0 0 0
 0 0 0 0 0
 0 0 0 0 0
 0.991045 0.00858322 0.000360255 1.14367e-05 0
 0.934742 0.0480273 0.0164251 0.00080598 0
 0.827803 0.169806 0.00239088 0 0
 0.941827 0.0461693 0.0120037 0 0
 0.791401 0.0380133 0.147996 0.0225897 0
 0.846168 0.0940531 0.0597789 0 0
 0.134021 0.677848 0.182769 0.00536245 0
 0.80878 0.0450904 0.141981 0.00414843 0
 0.846168 0.0940531 0.0597789 0 0
 0.905697 0.0802665 0.012482 0.00150086 5.37128e-05
 0.989698 0.0102097 9.19794e-05 0 0
 0.975433 0.0193895 0.00387452 0.00125025 5.28907e-05
 0.303575 0.632131 0.0575291 0.00676475 0
 0.966965 0.00978017 0.0227588 0.000495775 0
 0.843318 0.132988 0.00938335 0.0141283 0.000182051
 0.564624 0.303363 0.111486 0.0197234 0.00080311
 0.826376 0.0876187 0.0782897 0.00655872 0.00115652
 0.89761 0.0855135 0.0140674 0.00269457 0.000114338
 0.34875 0.467042 0.161289 0.0227151 0.000203297
 0.318654 0.224769 0.449479 0.00709798 0
 0.937255 0.0296025 0.0250945 0.00804832 0
 0.456809 0.399803 0.12412 0.0192676 0
 0.883104 0.0372192 0.0704036 0.00927362 0
ppred_RECLAS
 0.0710521 0.264456 0.531096 0.133395 1.19101e-06
 0.92475 0.00800541 0.0194265 0.038227 0.00959054
 0.206657 0.762036 0.00348024 0.00805464 0.0197727
 0.971388 0.0098581 0.0180509 7.83366e-05 0.000624512
 0.381842 0.612812 0.00197487 0.00324535 0.000125562
 0.997728 0.00146125 0.000804785 2.33872e-06 3.96865e-06
 0.0663463 0.932416 0.000804895 0.000429119 3.35682e-06
 0.187171 0.102973 0.708969 0.000577864 0.000309486
 0.984955 0.00451175 0.00138183 0.00914004 1.14135e-05
 0.43013 0.565909 0.00123778 0.000358246 0.00236503
 0.97647 0.015935 0.0075477 1.49844e-05 3.27793e-05
 0.951793 0.0475786 0.000430806 0.000196207 1.23882e-06
 0.812501 0.183559 0.00389175 3.27425e-05 1.49444e-05
 0.928588 0.0653166 0.00597654 0.000117378 1.43199e-06
 0.914178 0.0839316 0.0017458 0.000142179 2.80792e-06
 0.989006 0.0106897 0.000298521 5.52649e-06 4.55956e-07
 0.165534 0.830252 0.00410423 0.000107397 2.14435e-06
 0.990431 0.00272072 0.00681514 3.18832e-05 8.4831e-07
 0.500349 0.497003 0.000773422 0.00186544 8.9402e-06
 0.910297 0.0600196 0.0295349 4.35115e-05 0.000105125
 0.793437 0.197236 0.00635675 0.00295513 1.48225e-05
 0.929133 0.0626038 0.00790812 0.000242048 0.000112759
 0.117022 0.850618 0.0287655 0.00344059 0.000153883
 0.924398 0.0139936 0.0594264 0.00194027 0.000241971
 0.7647 0.224901 0.00198211 0.00812023 0.000297582
 0.34976 0.547996 0.0978607 0.000836439 0.00354613
 0.913426 0.0408516 0.0387151 0.00670757 0.000299858
 0.856231 0.136675 0.00342132 0.00311068 0.000561713
 0.252211 0.674365 0.0698819 0.00170961 0.00183267
 0.465826 0.180317 0.319685 0.0325249 0.00164693
 0.968855 0.0194291 0.00407335 0.00690598 0.00073633
 0.435787 0.553922 0.00651024 0.0013162 0.00246433
 0.424225 0.310473 0.260542 0.00301264 0.00174783
pobs_PELACES
 0 0 0 0 0
 0 0 0 0 0
 0 0 0 0 0
 0 0 0 0 0
 0 0 0 0 0
 0 0 0 0 0
 0 0 0 0 0
 0 0 0 0 0
 0 0 0 0 0
 0 0 0 0 0
 0 0 0 0 0
 0 0 0 0 0
 0 0 0 0 0
 0 0 0 0 0
 0 0 0 0 0
 0 0 0 0 0
 0.505614 0.472636 0.0217494 0 0
 0 0 0 0 0
 0.443492 0.261883 0.143347 0.151278 0
 0.227955 0.32914 0.350689 0.0885471 0.00366901
 0.970185 0.0296113 0.000203453 0 0
 0.997202 0.00247181 0.000326279 0 0
 0.445219 0.490057 0.0546422 0.010081 0
 0.90214 0.0892962 0.00764917 0.000914606 0
 0 0 0 0 0
 0.581667 0.319106 0.0959925 0.00289975 0.000334073
 0.762889 0.0836404 0.116647 0.0363945 0.000428098
 0.88444 0.0763242 0.0277011 0.0115352 0
 0.521256 0.241999 0.230069 0.00667565 0
 0.616807 0.101726 0.260614 0.0208532 0
 0.833518 0.0704572 0.0857862 0.0102388 0
 0.697417 0.212968 0.0787535 0.0105354 0.000325836
 0 0 0 0 0
ppred_PELACES
 0.0732 0.266096 0.528139 0.132564 1.18355e-06
 0.936982 0.00689082 0.0162345 0.0318923 0.00800055
 0.235289 0.735431 0.00325992 0.007532 0.0184881
 0.982529 0.00628952 0.0107638 4.6534e-05 0.000370901
 0.494053 0.501864 0.00151227 0.00247573 9.5766e-05
 0.997923 0.00134477 0.00072641 2.10864e-06 3.57802e-06
 0.081144 0.917683 0.000763785 0.000406362 3.17845e-06
 0.210245 0.102214 0.686682 0.000558922 0.000299319
 0.9879 0.00371936 0.00110128 0.00727048 9.07799e-06
 0.535185 0.461787 0.000948731 0.000273615 0.00180598
 0.9791 0.0142595 0.00659863 1.30829e-05 2.86178e-05
 0.963526 0.0360197 0.000311526 0.000141514 8.93375e-07
 0.853464 0.143594 0.00290641 2.43884e-05 1.11298e-05
 0.955707 0.0407564 0.00346792 6.78297e-05 8.27332e-07
 0.946988 0.0519265 0.00100247 8.12981e-05 1.60521e-06
 0.991444 0.00832807 0.000223239 4.12324e-06 3.40141e-07
 0.196019 0.800061 0.00381869 9.97267e-05 1.99099e-06
 0.991573 0.00243572 0.00596235 2.78573e-05 7.41142e-07
 0.549909 0.447788 0.000673453 0.00162119 7.76882e-06
 0.926907 0.0494803 0.0234943 3.45424e-05 8.3446e-05
 0.822019 0.170192 0.00531183 0.00246489 1.23623e-05
 0.941662 0.0517424 0.00631258 0.000192832 8.98223e-05
 0.128176 0.840544 0.0278091 0.00332207 0.000148572
 0.932819 0.0126664 0.0525864 0.00171475 0.000213831
 0.779226 0.211201 0.00182601 0.0074726 0.000273832
 0.367938 0.534219 0.0936539 0.000799645 0.00338995
 0.92481 0.0359818 0.0332068 0.00574458 0.000256788
 0.861827 0.131452 0.003243 0.00294613 0.000531974
 0.255034 0.672513 0.0689602 0.00168605 0.00180736
 0.508454 0.169055 0.291393 0.0295992 0.00149866
 0.972409 0.0173695 0.00355686 0.00602228 0.000642063
 0.433963 0.555793 0.00648155 0.00130982 0.00245233
 0.515177 0.267741 0.213198 0.00245789 0.00142576
pobs_pel_tallas
 0 0 0 0 0 0 0 0 0 0 0 0 0 0 0 0 0 0 0 0 0 0 0 0 0 0
 0 0 0 0 0 0 0 0 0 0 0 0 0 0 0 0 0 0 0 0 0 0 0 0 0 0
 0 0 0 0 0 0 0 0 0 0 0 0 0 0 0 0 0 0 0 0 0 0 0 0 0 0
 0 0 0 0 0 0 0 0 0 0 0 0 0 0 0 0 0 0 0 0 0 0 0 0 0 0
 0 0 0 0 0 0 0 0 0 0 0 0 0 0 0 0 0 0 0 0 0 0 0 0 0 0
 0 0 0 0 0 0 0 0 0 0 0 0 0 0 0 0 0 0 0 0 0 0 0 0 0 0
 0 0 0 0 0 0 0 0 0 0 0 0 0 0 0 0 0 0 0 0 0 0 0 0 0 0
 0 0 0 0 0 0 0 0 0 0 0 0 0 0 0 0 0 0 0 0 0 0 0 0 0 0
 0 0 0 0 0 0 0 0 0 0 0 0 0 0 0 0 0 0 0 0 0 0 0 0 0 0
 0 0 0 0 0 0 0 0 0 0 0 0 0 0 0 0 0 0 0 0 0 0 0 0 0 0
 0 0 0 0 0 0 0 0 0 0 0 0 0 0 0 0 0 0 0 0 0 0 0 0 0 0
 0 0 0 0 0 0 0 0 0 0 0 0 0 0 0 0 0 0 0 0 0 0 0 0 0 0
 0.00862536 0 0 0.000197151 0.00414017 0.0128641 0.00837892 0.0270097 0.101434 0.158115 0.152841 0.127902 0.109271 0.109419 0.0830992 0.0579132 0.0238553 0.00714673 0.00463305 0.00128148 0.00103504 0.000492878 0.000147863 0.000147863 4.92878e-05 0
 0 0 0 0 0 0 0 0 0 0 0 0 0 0 0 0 0 0 0 0 0 0 0 0 0 0
 0 0 0 0 0 0 0 0.0054083 0.00873648 0.0413646 0.0450493 0.0745869 0.0622846 0.0627006 0.0613931 0.0827291 0.12552 0.122667 0.0946155 0.0697135 0.0546179 0.0294188 0.0215738 0.0213955 0.0102223 0.00600262
 0 0 0 0 0.00359764 0.0251062 0.0480494 0.140153 0.205849 0.193036 0.1447 0.116669 0.0760912 0.0342217 0.00950174 0.001854 0.000860785 0 0 0 0.000165536 0 0.000143464 0 0 0
 0 0 0 0 0 0 0 0.000145254 0.000435761 0.0275982 0.070085 0.0708112 0.156366 0.174668 0.174014 0.160142 0.0824315 0.0480064 0.0283245 0.00493863 0.00203355 0 0 0 0 0
 0 0 0 0 0 0 0 0 0 0 0 0 0 0 0 0 0 0 0 0 0 0 0 0 0 0
 0 0 1.00437e-05 0.000401748 0.00122533 0.00171747 0.00176769 0.0269171 0.070346 0.194647 0.189555 0.159765 0.064822 0.0314167 0.0384472 0.0292271 0.0345202 0.0313363 0.0194345 0.0106764 0.0143323 0.0359363 0.0279516 0.0138201 0.00172751 0
 0 0.0021121 0.0136068 0.0755702 0.200478 0.177729 0.0527432 0.0373336 0.0318909 0.0142505 0.0149659 0.0166563 0.0217959 0.0798694 0.0677717 0.0528807 0.04013 0.0224614 0.0357745 0.0225083 0.00881397 0.00855152 0.00135912 0.000746735 0 0
 0 0 0 0 5.4009e-05 0.00500934 0.000945158 0.0243581 0.138947 0.33067 0.221406 0.137944 0.0707744 0.0437923 0.0131692 0.00525238 0.0047753 0.00276346 9.45158e-05 9.00151e-06 2.25038e-05 9.00151e-06 4.50075e-06 0 0 0
 0.000866109 0.00284123 0.00948549 0.0512746 0.133035 0.25785 0.225252 0.132002 0.0553304 0.0519788 0.0540692 0.017754 0.00435017 0.00159236 0.00146478 0.000404838 0.000125132 0.000115318 0.000107957 0.000100596 0 0 0 0 0 0
 0 0 0 0 0.00144013 0.00171154 0.00461396 0.0210425 0.0478622 0.0707936 0.0888783 0.103762 0.0637923 0.0337046 0.0602308 0.124433 0.169614 0.0934646 0.0462172 0.0250306 0.0313229 0.00938855 0.002487 0.000210481 0 0
 0 0.00764035 0.051015 0.0998891 0.058973 0.0496711 0.0374665 0.0718981 0.12319 0.153886 0.159021 0.0857701 0.0377988 0.023471 0.0147837 0.00900784 0.00315554 0.000888139 0.00291439 0.00214683 0.00393193 0.00274676 0.000635225 9.99891e-05 0 0
 0 0 0 0 0 0 0 0 0 0 0 0 0 0 0 0 0 0 0 0 0 0 0 0 0 0
 0 0 0 0 0 0 0 0 0 0 0 0 0 0 0 0 0 0 0 0 0 0 0 0 0 0
 0 0 0 0 0 0 0 0 0 0 0 0 0 0 0 0 0 0 0 0 0 0 0 0 0 0
 0 0 0 0 0 0 0 0 0 0 0 0 0 0 0 0 0 0 0 0 0 0 0 0 0 0
 0 0 0 0 0 0 0 0 0 0 0 0 0 0 0 0 0 0 0 0 0 0 0 0 0 0
 0 0 0 0 0 0 0 0 0 0 0 0 0 0 0 0 0 0 0 0 0 0 0 0 0 0
 0 0 0 0 0 0 0 0 0 0 0 0 0 0 0 0 0 0 0 0 0 0 0 0 0 0
 0 0 0 0 0 0 0 0 0 0 0 0 0 0 0 0 0 0 0 0 0 0 0 0 0 0
 0 0 0 0 0 0 0 0 0 0 0 0 0 0 0 0 0 0 0 0 0 0 0 0 0 0
ppred_pel_tallas
 1.28604e-16 6.02944e-06 5.86084e-05 0.000389474 0.00177051 0.00550886 0.0117382 0.0171377 0.0171642 0.0118678 0.00594637 0.00304451 0.00362633 0.0072539 0.0140509 0.0242136 0.0372068 0.0516671 0.0660822 0.0796052 0.0921326 0.103453 0.11231 0.116436 0.113725 0.103605
 1.05023e-16 7.7178e-05 0.000750197 0.00498532 0.0226626 0.0705116 0.150233 0.219269 0.21927 0.150236 0.0705233 0.0226968 0.00507314 0.000948582 0.000474239 0.000717075 0.00116079 0.00175916 0.00253853 0.00355531 0.00486739 0.00647309 0.00824989 0.00994265 0.0112238 0.0118024
 1.04167e-16 1.93806e-05 0.000188386 0.0012519 0.00569099 0.0177072 0.0377296 0.0550822 0.055153 0.0380751 0.0188668 0.00903838 0.00964666 0.0184889 0.0347013 0.0571446 0.0818682 0.102017 0.110637 0.104563 0.0863906 0.062872 0.04106 0.0251271 0.0156681 0.0110114
 1.0038e-16 8.09296e-05 0.000786665 0.00522766 0.0237642 0.0739393 0.157535 0.229928 0.229928 0.157538 0.0739495 0.023794 0.00530329 0.000954165 0.000406065 0.00056145 0.000843177 0.00114767 0.00142666 0.00165405 0.0018273 0.00195055 0.00201328 0.00198787 0.00184989 0.00160234
 1.00437e-16 4.06946e-05 0.000395566 0.00262868 0.0119496 0.0371799 0.0792175 0.11563 0.115679 0.0794533 0.0379712 0.0142335 0.00835614 0.0128804 0.0236978 0.0389717 0.0558054 0.0694812 0.0752245 0.0708413 0.0580687 0.0414954 0.025946 0.0143254 0.00714215 0.00338483
 1.00023e-16 8.21976e-05 0.00079899 0.00530957 0.0241365 0.0750977 0.160004 0.23353 0.23353 0.160004 0.0750999 0.0241427 0.00532517 0.00083318 0.000147499 0.000114687 0.000159364 0.00020459 0.000233661 0.000240501 0.000228058 0.000204999 0.000179497 0.000155127 0.000131362 0.000106777
 1.00298e-16 6.68391e-06 6.49701e-05 0.000431754 0.00196274 0.0061073 0.0130155 0.019015 0.0191032 0.0134466 0.00755403 0.00613868 0.0109036 0.0228908 0.0432562 0.0712358 0.101996 0.126954 0.137374 0.129234 0.105709 0.075198 0.0465472 0.0251032 0.0118336 0.00491713
 1.19949e-16 1.73176e-05 0.000168334 0.00111864 0.00508517 0.0158219 0.0337106 0.0492039 0.0492148 0.0337643 0.0160051 0.00562759 0.00252967 0.00341189 0.00665402 0.0122107 0.020456 0.0316618 0.0458633 0.0626647 0.0808072 0.0977729 0.110014 0.11411 0.108353 0.0937527
 1.00764e-16 8.1372e-05 0.000790965 0.00525624 0.0238941 0.0743434 0.158397 0.231184 0.231185 0.158398 0.0743494 0.0239114 0.00529975 0.000886666 0.000265366 0.000316179 0.000463404 0.000618839 0.00075731 0.000877752 0.00100238 0.00116022 0.00136131 0.0015808 0.00176486 0.00185434
 1.00479e-16 4.40825e-05 0.000428498 0.00284752 0.0129444 0.0402752 0.0858123 0.125255 0.125299 0.0860292 0.0410033 0.0150459 0.00811737 0.0119156 0.0218101 0.0358554 0.051339 0.0639128 0.0691817 0.0651266 0.0533477 0.0380727 0.0237488 0.0130573 0.00647137 0.0030591
 1.00201e-16 8.06472e-05 0.000783919 0.00520942 0.0236813 0.0736812 0.156986 0.229125 0.229127 0.156992 0.0737039 0.0237469 0.00537449 0.00114533 0.000770152 0.00115361 0.00167249 0.00214099 0.00242822 0.00247201 0.00230626 0.00202843 0.00173248 0.00146284 0.00121699 0.00097799
 1.00033e-16 7.93644e-05 0.00077145 0.00512656 0.0233046 0.0725092 0.154489 0.225482 0.225485 0.154506 0.072566 0.0234685 0.0055377 0.0016677 0.00177779 0.00280363 0.00400802 0.00499157 0.0054072 0.00509713 0.00418549 0.00300057 0.0018874 0.00105349 0.000535142 0.000260424
 1.00125e-16 7.02988e-05 0.000683329 0.00454096 0.0206426 0.0642268 0.136842 0.199728 0.199742 0.13691 0.0644532 0.0212963 0.00618053 0.00425782 0.00684508 0.0111687 0.0159967 0.0199358 0.0216188 0.0204165 0.0168188 0.0121262 0.00770444 0.00437413 0.0022795 0.00114073
 1.00118e-16 7.87203e-05 0.00076519 0.00508495 0.0231155 0.0719208 0.153235 0.223652 0.223656 0.153254 0.0719852 0.0233013 0.00555126 0.00178246 0.00200867 0.00319074 0.00457585 0.00572647 0.00625494 0.0059828 0.00504302 0.00379139 0.00259799 0.00167992 0.00107073 0.000695255
 1.00051e-16 7.80022e-05 0.000758209 0.00503856 0.0229046 0.0712647 0.151837 0.221612 0.221617 0.151862 0.0713466 0.023141 0.00563145 0.00205079 0.00252784 0.00404239 0.00578462 0.00720874 0.00781716 0.00738232 0.00608165 0.00438566 0.00278839 0.00158645 0.000831601 0.000422061
 1.0001e-16 8.16639e-05 0.000793803 0.0052751 0.0239798 0.0746102 0.158965 0.232014 0.232015 0.158969 0.0746233 0.0240178 0.00537021 0.00100117 0.000474731 0.000653556 0.000928765 0.00115766 0.00125632 0.00118804 0.000981097 0.000710639 0.000455512 0.000262971 0.00014122 7.41096e-05
 1.00326e-16 1.6146e-05 0.000156945 0.00104296 0.00474118 0.014752 0.0314335 0.0458942 0.0459712 0.0318093 0.0160134 0.00838222 0.0101737 0.0200603 0.0377304 0.0621252 0.0889632 0.11076 0.119902 0.112882 0.0924605 0.0659448 0.0410267 0.0223505 0.0107533 0.0046548
 1.00176e-16 8.16746e-05 0.000793906 0.00527578 0.023983 0.0746199 0.158986 0.232044 0.232044 0.158987 0.0746239 0.0239947 0.0053057 0.000860583 0.000212279 0.000231969 0.000350052 0.000489295 0.000630367 0.000762842 0.000881173 0.000977673 0.00103641 0.0010366 0.00096489 0.000826819
 1.00298e-16 4.52954e-05 0.000440287 0.00292587 0.0133006 0.0413833 0.0881731 0.1287 0.128743 0.0883834 0.0420893 0.0153383 0.0080359 0.011579 0.0211511 0.0347677 0.0497804 0.0619708 0.0670757 0.0631361 0.0517025 0.0368723 0.0229562 0.0125535 0.00612473 0.00277127
 1.00709e-16 7.63482e-05 0.000742131 0.00493172 0.0224189 0.0697535 0.148617 0.216913 0.216917 0.148641 0.0698323 0.0226467 0.00550471 0.00199683 0.00247049 0.0039924 0.00581063 0.0074442 0.008452 0.00861892 0.0080612 0.00711392 0.00609922 0.00516796 0.00430993 0.00346766
 1.00447e-16 6.77087e-05 0.000658153 0.00437366 0.019882 0.0618604 0.131801 0.19237 0.192387 0.131881 0.0621289 0.0206571 0.00631781 0.00489735 0.00810428 0.013253 0.0189962 0.0237017 0.0257572 0.0244221 0.0202769 0.0148537 0.00975267 0.00592204 0.00350953 0.00216879
 1.00231e-16 7.75635e-05 0.000753945 0.00501023 0.0227758 0.0708639 0.150983 0.220365 0.22037 0.151008 0.0709457 0.0230119 0.00560292 0.00204741 0.00253292 0.00406146 0.00583529 0.00732052 0.00802949 0.00773629 0.00660562 0.00507976 0.00361564 0.00247687 0.00169963 0.0011903
 1.01376e-16 1.05579e-05 0.000102626 0.000681991 0.00310028 0.00964656 0.020556 0.030019 0.0300999 0.0209511 0.0109726 0.00692833 0.0102835 0.0210383 0.0396988 0.0654232 0.093796 0.117006 0.127097 0.120393 0.0997426 0.0727049 0.0471954 0.0279358 0.015718 0.0088988
 1.0173e-16 7.6835e-05 0.000746864 0.00496317 0.0225619 0.0701983 0.149565 0.218295 0.218296 0.149571 0.07022 0.0226255 0.00512661 0.00111612 0.000814536 0.00131966 0.00211322 0.00311287 0.00427408 0.00554908 0.00686143 0.00806308 0.00892474 0.00920282 0.00875797 0.00764374
 1.00903e-16 6.41839e-05 0.00062389 0.00414597 0.018847 0.0586401 0.12494 0.182357 0.182378 0.125039 0.0589732 0.0198085 0.00655732 0.005881 0.0100283 0.0164248 0.0235326 0.0293395 0.0318475 0.0301474 0.0249785 0.0182669 0.0120184 0.00741259 0.00461028 0.00313842
 1.03494e-16 3.03067e-05 0.000294592 0.00195767 0.0088993 0.0276893 0.0589969 0.0861185 0.08617 0.0592486 0.0285345 0.0113408 0.00808718 0.0136783 0.0254565 0.0420567 0.0606236 0.076313 0.0841804 0.0819009 0.0711124 0.0562423 0.0418233 0.0304094 0.0222924 0.0165431
 1.01588e-16 7.61754e-05 0.000740452 0.00492056 0.0223682 0.0695957 0.148281 0.216421 0.216425 0.148298 0.0696535 0.0225358 0.00534352 0.00167098 0.00186454 0.00301703 0.00446732 0.005886 0.0069857 0.00762367 0.00785638 0.00784717 0.00770926 0.00742598 0.00690308 0.0060834
 1.00513e-16 7.09876e-05 0.000690025 0.00458546 0.0208448 0.0648561 0.138183 0.201685 0.201698 0.138245 0.0650634 0.0214434 0.00608689 0.00396378 0.00627704 0.0102351 0.0146676 0.0182994 0.0198855 0.0188574 0.0156683 0.0115069 0.00761219 0.00471424 0.00291814 0.00194256
 1.02637e-16 2.10069e-05 0.000204195 0.00135695 0.00616853 0.0191929 0.040895 0.059701 0.0597658 0.0412115 0.0202554 0.00923658 0.00905571 0.0170024 0.0318991 0.0526364 0.0756647 0.0948094 0.103772 0.099619 0.0845213 0.0642945 0.0449661 0.0300412 0.0200266 0.0136827
 1.11675e-16 4.18807e-05 0.000407095 0.00270529 0.0122979 0.0382633 0.0815247 0.118991 0.119008 0.0816066 0.0385395 0.0131008 0.00474099 0.00491804 0.0088051 0.0150012 0.0227941 0.0311371 0.038903 0.0454382 0.050695 0.0547604 0.0572662 0.0573275 0.0541234 0.0476035
 1.0082e-16 8.00961e-05 0.000778562 0.00517382 0.0235194 0.0731777 0.155913 0.22756 0.227561 0.155921 0.0732053 0.0235991 0.00537388 0.00121603 0.000913191 0.00138915 0.00200885 0.00256098 0.00289279 0.00294238 0.00277295 0.00252726 0.00233396 0.00223842 0.00220012 0.00214082
 1.00876e-16 3.57451e-05 0.000347455 0.00230896 0.0104962 0.032658 0.0695833 0.10157 0.101624 0.0698444 0.0335344 0.0130261 0.0086536 0.0141788 0.0262477 0.0431889 0.0618663 0.0770721 0.0835272 0.0788049 0.064821 0.0466373 0.0295687 0.0168049 0.00889199 0.00470823
 1.06709e-16 4.24345e-05 0.000412479 0.00274107 0.0124605 0.0387694 0.0826033 0.120567 0.120593 0.0827308 0.0391984 0.0137029 0.00587247 0.00729043 0.0132276 0.0221187 0.0325943 0.0425073 0.0496255 0.0527996 0.0524621 0.0499954 0.0465686 0.0424794 0.0374225 0.0312141
pSPR Fmed_Fpbrs
1   0.984512 0.6 0.325 0.984512 0.984512 0.984512
Fs Fmed_Fpbrs
0   0.01 0.378545 0.995725 0.01 0.01 0.01
SSBpbr Bo_Bmed_Bpbrs
251440  238868  234974 138292 69146 234974 234974 234974
Ro
47021
SPR SPRFo_SPRFmed_SPRFpbrs
338755 338755 333508
Fref
0
Nvult_r0
 9607.62 11440.2 10457.7 121.505 70.511
CTP_r0
 4766.35 7897.94 7371.56 85.7433 49.7609
YTP_r0
355630
Np
 11138.6 4097.65 1507.44 554.557 279.061
Nvult_p0
 7040.92 2590.21 952.885 350.547 176.4
CTP_p0
 0 0 0 0 0
 0 0 0 0 0
 0 0 0 0 0
 0 0 0 0 0
 0 0 0 0 0
 0 0 0 0 0
YTP_p0
 0 0 0 0 0 0
CBA_c0
0
log_Ro
10.5783
likeval ReclasPelacesDesembMPH_pf_preclas_ppelaces_ptallas_desvR_qrecl_qpela
 21.3524 19.2622 0.34212 0.00139392 329.818 148.268 137.529 0 110.697 0.000108511 0.000172449 0.0457383 2062.91 0 0
q_reclas_q_pelaces
4.36303 6.4054
M
1
N
 5652.01 18965.4 38772.7 9748.3 0.0870424
 172938 1667.27 4231.37 8347.53 2094.54
 8863.63 36522.4 174.519 404.941 994.193
 104926 1861.94 3777.03 16.4867 131.475
 3889.17 10857.1 38.736 64.0234 2.47781
 280745 405.763 230.137 0.669892 1.13686
 4224.81 71782.8 65.4887 35.0239 0.274022
 1357.61 783.569 5599.27 4.57345 2.44967
 58753.2 315.112 101.581 673.854 0.841595
 5285.85 11463.3 27.5685 8.02198 52.9736
 35600.9 600.461 294.624 0.586083 1.28223
 125281 8460.81 82.1216 37.5489 0.237127
 63463.5 19492.9 443.374 3.74511 1.70971
 74856.8 9776.3 998.64 19.7357 0.240851
 40395.1 7044.44 164.054 13.4463 0.265644
 266197 3667.07 108.962 2.02429 0.167043
 7617.86 45416.3 236.761 6.21405 0.124093
 512702 1451.27 3764.39 17.6457 0.469545
 104851 122428 200.63 485.324 2.3263
 257403 20330.1 10560.6 15.6058 37.7099
 169808 48441.3 1639.05 764.062 3.83298
 428400 34200 4554.03 139.804 65.1386
 11099.8 82031.7 2867.68 343.643 15.3712
 174372 2707.32 11898.3 389.235 48.5464
 144882 41947.6 380.598 1561.79 57.2398
 24312.8 37187.1 6829.38 58.4649 247.886
 131616 6323.73 6238.96 1083.39 48.4381
 197793 29423.2 752.969 685.459 123.785
 23308.9 55366 5829.62 142.746 153.028
 16600.1 7037.77 13021.4 1328.01 67.2536
 173159 3599.49 782.032 1328.54 141.667
 37474.5 40962.4 487.146 98.5541 184.53
 11138.6 11911.6 10823 125.71 72.9503
pred_Ctot
 720.757 4911.92 10613.9 2676.58 0.0239029
 48689 831.34 2195.76 4341 1089.35
 2514.41 18313.7 91.0546 211.726 519.878
 52600.5 1352.41 2802.38 12.2461 97.6636
 1942.2 7869.5 28.6842 47.4632 1.83701
 55741.8 153.71 91.4751 0.266961 0.453116
 1398.8 40239.5 38.0286 20.3763 0.159437
 328.728 348.172 2599.23 2.12803 1.13997
 18352.2 169.517 56.7055 376.909 0.470781
 2531.28 8118.09 19.9757 5.81964 38.4327
 8252.5 257.802 132.285 0.263782 0.577176
 48928.7 5298.54 52.9935 24.2691 0.153276
 24985.2 12270.2 287.507 2.43236 1.11051
 39118.9 7260.64 756.488 14.9657 0.182649
 21420.3 5271.89 125.162 10.2691 0.202885
 95930.6 2178.42 66.8743 1.24455 0.102708
 2447.42 24926.2 134.728 3.54292 0.0707585
 117769 618.598 1678.37 7.88646 0.209882
 32997.9 66214.5 112.574 272.852 1.30799
 83856.5 11268 6066.25 8.98146 21.7051
 50982.3 25325.1 890.197 415.823 2.08624
 136823 18691.8 2581.09 79.3904 36.994
 2444.45 33808.2 1237.41 148.649 6.64996
 39480.2 1140.81 5246.07 172.035 21.4594
 28505.1 15771.3 150.175 617.848 22.6473
 4631.13 13611.7 2625.1 22.5322 95.5479
 33977.8 2952.97 3038.87 528.893 23.6495
 30566.3 9019.13 243.273 222.092 40.113
 2684.02 13088.3 1458.48 35.8226 38.4093
 4495.82 3408.53 6570.09 671.531 34.0119
 40492.6 1556.16 353.501 601.977 64.199
 3259.61 7494.91 94.6114 19.2028 35.9609
 4766.35 7897.94 7371.56 85.7433 49.7609
F
 0.220821 0.500089 0.535749 0.537768 0.537874
 0.555008 1.25691 1.34654 1.35161 1.35188
 0.56034 1.26899 1.35948 1.3646 1.36487
 1.26844 2.8726 3.07744 3.08904 3.08965
 1.26018 2.8539 3.05741 3.06893 3.06953
 0.363802 0.823892 0.882643 0.885968 0.886144
 0.68487 1.55101 1.66161 1.66787 1.6682
 0.460553 1.043 1.11738 1.12159 1.12181
 0.634199 1.43625 1.53867 1.54447 1.54477
 1.17509 2.6612 2.85097 2.86171 2.86227
 0.436927 0.989497 1.06006 1.06405 1.06426
 0.860514 1.94879 2.08775 2.09562 2.09603
 0.870504 1.97141 2.11199 2.11994 2.12036
 1.36334 3.08752 3.30769 3.32015 3.32081
 1.39932 3.169 3.39497 3.40776 3.40844
 0.768365 1.7401 1.86418 1.8712 1.87158
 0.658057 1.49029 1.59656 1.60257 1.60289
 0.432173 0.978732 1.04852 1.05247 1.05268
 0.640443 1.4504 1.55382 1.55967 1.55998
 0.670289 1.51799 1.62623 1.63236 1.63268
 0.602444 1.36434 1.46163 1.46713 1.46743
 0.652951 1.47872 1.58417 1.59013 1.59045
 0.410968 0.930709 0.997076 1.00083 1.00103
 0.424772 0.96197 1.03057 1.03445 1.03465
 0.359958 0.815188 0.873318 0.876608 0.876782
 0.346694 0.78515 0.841138 0.844307 0.844474
 0.498102 1.12804 1.20848 1.21303 1.21327
 0.273254 0.618832 0.66296 0.665458 0.66559
 0.197542 0.447369 0.47927 0.481076 0.481171
 0.528619 1.19715 1.28252 1.28735 1.2876
 0.441557 0.999983 1.07129 1.07533 1.07554
 0.14615 0.330981 0.354583 0.355919 0.355989
 0.984525 2.22963 2.38862 2.39762 2.3981
YTP_r0W_actual
 35938.3 137819 177433 2685.48 1754.07
YTP_p0W_proyectada
 0 0 0 0 0
 0 0 0 0 0
 0 0 0 0 0
 0 0 0 0 0
 0 0 0 0 0
 0 0 0 0 0
CTP_r0_actual
 4766.35 7897.94 7371.56 85.7433 49.7609
CTP_p0_proyectada
 0 0 0 0 0
 0 0 0 0 0
 0 0 0 0 0
 0 0 0 0 0
 0 0 0 0 0
 0 0 0 0 0
Wmedp
 7.54 17.45 24.07 31.32 35.25
Frms_r0
 0.984525 2.22963 2.38862 2.39762 2.3981
Zrms_r0
 1.98453 3.22963 3.38862 3.39762 3.3981
nmprior
 7.29 8.9 8.7 0
nm_flota  nm_reclas  nm_pelaces    nm_pelaL
inf 15.5011 4.59185 8.44857
cv_recla  cv_pelaces  cv_mph
0.400179 0.480777 0.997828
 ------------------------------------------------
Talla a la edad & desviaci?n 
 8 13.2811 15.8009 17.003 17.5766
 0.8 1.32811 1.58009 1.7003 1.75766
