years
 1991 1992 1993 1994 1995 1996 1997 1998 1999 2000 2001 2002 2003 2004 2005 2006 2007 2008 2009 2010 2011 2012 2013 2014 2015 2016 2017 2018 2019 2020 2021 2022 2023
reclasobs
 0 0 0 0 0 0 0 0 0 252601 567819 844713 477998 351125 339783 2.1784e+06 2.13404e+06 4.81314e+06 1.55562e+06 2.62356e+06 3.21686e+06 3.843e+06 1.13348e+06 3.07943e+06 1.97215e+06 2.03268e+06 2.025e+06 2.42433e+06 2.27542e+06 1.05018e+06 2.36338e+06 3.18982e+06 1.53035e+06
reclaspred
 2.95449e+06 1.59381e+06 833683 833742 865705 1.50897e+06 776930 700006 495818 334389 500315 684585 684335 499901 505911 1.38831e+06 1.22815e+06 3.2699e+06 2.53931e+06 1.81984e+06 3.12557e+06 2.5196e+06 1.92634e+06 3.03303e+06 2.23467e+06 2.01055e+06 2.41827e+06 2.67727e+06 2.15985e+06 1.46132e+06 1.97883e+06 2.11596e+06 1.63525e+06
pelacesobs
 0 0 0 0 0 0 0 0 0 0 0 0 0 0 0 552880 188675 0 991730 2.46772e+06 1.41603e+06 1.21717e+06 2.29649e+06 1.80582e+06 0 1.4828e+06 1.56532e+06 1.57751e+06 1.42118e+06 867257 1.10002e+06 1.06204e+06 0
pelacespred
 1.60497e+06 942853 471460 388268 448644 809238 351090 442588 277847 171454 282033 321527 359178 266498 277982 640692 589362 1.82051e+06 1.43784e+06 927536 1.62945e+06 1.34403e+06 1.07793e+06 1.8667e+06 1.31583e+06 1.19724e+06 1.63055e+06 1.61189e+06 1.21181e+06 926476 1.03819e+06 1.18197e+06 923765
mphobs
 0 0 0 0 0 0 0 0 0 0 0 0 498337 0 5186 125008 0 168611 109162 213762 579715 649985 157893 87575 83554 210694 70296 0 107559 103333 445601 22526 28222
mphpred
 472765 325455 153716 88855.9 93638.7 115877 155255 76631.5 72423.8 44745.5 28265.8 64333.9 73382.3 57553.5 35236.2 46197.9 167953 146047 340816 408725 413400 476642 101924 83997.7 129866 100739 88114.5 98841.6 141894 100741 56530.1 99708.7 67760.6
desembarqueobs
 494567 514787 250237 358949 120608 361735 552515 73892 212993 205616 52469 317467 293654 387597 252695 516296 358380 742168 942051 627588 828172 859565 418607 520667 417249 300574 415391 372974 316634 284311 391294 218835 356480
desembarquepred
 494564 513994 250558 359010 120616 361748 552529 73898.6 213062 205680 52472.2 317534 293687 387540 252658 516179 358406 741954 941696 627301 828292 859538 418612 520705 417237 300570 415386 372937 316615 284302 391231 218843 356502
Reclutas
 174747 83506.9 95576.2 122402 107903 191724 71084.3 33303.2 32606.1 43870.8 83953.6 121384 103512 71952.6 67728.1 352607 69635.4 584574 308541 250452 341137 464624 92862.1 267270 228711 104537 227770 265799 84714 78677.2 210518 83951.2 147020
log_desv_Rt
 0.291093 -0.447316 -0.312321 -0.0649365 -0.191015 0.383814 -0.608379 -1.36659 -1.38774 -1.091 -0.44198 -0.0732897 -0.232556 -0.596237 -0.656743 0.99311 -0.628971 1.49864 0.859609 0.651021 0.960039 1.26898 -0.341129 0.716015 0.560214 -0.222706 0.556092 0.710496 -0.432964 -0.506891 0.477326 -0.442009 0.118322
SSB
 1.66468e+06 1.14597e+06 541257 312875 329716 408022 546675 269831 255015 157556 99528.4 226529 244830 197762 118982 156566 591387 514253 1.23997e+06 841683 875218 1.06538e+06 1.01741e+06 806273 1.16373e+06 958761 790225 851416 1.26768e+06 845314 545370 976249 617392
BT
 2.45633e+06 1.69162e+06 836796 794907 672291 1.36029e+06 942037 635858 572276 416666 415196 681990 730079 745684 620135 1.27043e+06 1.03288e+06 3.05262e+06 2.7525e+06 1.76631e+06 2.7843e+06 2.54499e+06 1.73429e+06 2.92552e+06 2.07703e+06 1.79762e+06 2.55131e+06 2.45525e+06 1.79408e+06 1.45966e+06 1.69457e+06 1.67988e+06 1.51528e+06
Ftot
 0.261332 0.46831 0.461747 0.772412 0.247173 0.475868 1.03623 0.184535 0.751735 1.06515 0.239386 0.87333 0.796889 1.44374 1.09477 0.912304 0.463082 0.520296 0.635636 0.616344 0.500585 0.632698 0.340033 0.353136 0.316695 0.246598 0.343276 0.289494 0.215973 0.311467 0.416365 0.164381 0.403496
BD_Bspro_t
 0.959049 0.74729 0.527343 0.435666 0.427587 0.531004 0.520938 0.317739 0.382247 0.316409 0.28144 0.548732 0.432213 0.335099 0.226168 0.277174 0.475643 0.429023 0.575205 0.452218 0.417249 0.462817 0.485273 0.466662 0.587982 0.5998 0.606264 0.648169 0.716711 0.63503 0.56593 0.666157 0.657771
BD_Bspro
 1.76908 1.21784 0.575202 0.332497 0.350394 0.433611 0.580959 0.286754 0.271009 0.167437 0.10577 0.240736 0.260185 0.210165 0.126443 0.166385 0.628476 0.546504 1.31774 0.894469 0.930107 1.1322 1.08122 0.856839 1.23672 1.01889 0.839784 0.904813 1.34718 0.898328 0.579573 1.03747 0.656111
BD_Bo
 2.41124 1.65991 0.783995 0.45319 0.477584 0.591008 0.791842 0.390843 0.369382 0.228215 0.144164 0.328121 0.354629 0.286453 0.172341 0.226781 0.856607 0.744881 1.79606 1.21915 1.26773 1.54317 1.47369 1.16786 1.68563 1.38874 1.14462 1.23325 1.83619 1.22441 0.789953 1.41407 0.894274
BD_Brms
 2.58299 1.77814 0.839837 0.485471 0.511602 0.633105 0.848244 0.418682 0.395693 0.24447 0.154433 0.351493 0.379889 0.306857 0.184617 0.242935 0.917622 0.797937 1.92399 1.30599 1.35803 1.65309 1.57866 1.25105 1.8057 1.48766 1.22615 1.32109 1.96698 1.31163 0.84622 1.51479 0.957972
Sel_flota
 0.46623 1 1 1 1
 0.46623 1 1 1 1
 0.46623 1 1 1 1
 0.46623 1 1 1 1
 0.46623 1 1 1 1
 0.46623 1 1 1 1
 0.46623 1 1 1 1
 0.46623 1 1 1 1
 0.46623 1 1 1 1
 0.46623 1 1 1 1
 0.46623 1 1 1 1
 0.46623 1 1 1 1
 0.46623 1 1 1 1
 0.46623 1 1 1 1
 0.46623 1 1 1 1
 0.46623 1 1 1 1
 0.46623 1 1 1 1
 0.46623 1 1 1 1
 0.46623 1 1 1 1
 0.46623 1 1 1 1
 0.46623 1 1 1 1
 0.46623 1 1 1 1
 0.46623 1 1 1 1
 0.46623 1 1 1 1
 0.46623 1 1 1 1
 0.46623 1 1 1 1
 0.46623 1 1 1 1
 0.46623 1 1 1 1
 0.46623 1 1 1 1
 0.46623 1 1 1 1
 0.46623 1 1 1 1
 0.46623 1 1 1 1
 0.46623 1 1 1 1
Sel_reclas
 1 1 1 1 1
 1 1 1 1 1
 1 1 1 1 1
 1 1 1 1 1
 1 1 1 1 1
 1 1 1 1 1
 1 1 1 1 1
 1 1 1 1 1
 1 1 1 1 1
 1 1 1 1 1
 1 1 1 1 1
 1 1 1 1 1
 1 1 1 1 1
 1 1 1 1 1
 1 1 1 1 1
 1 1 1 1 1
 1 1 1 1 1
 1 1 1 1 1
 1 1 1 1 1
 1 1 1 1 1
 1 1 1 1 1
 1 1 1 1 1
 1 1 1 1 1
 1 1 1 1 1
 1 1 1 1 1
 1 1 1 1 1
 1 1 1 1 1
 1 1 1 1 1
 1 1 1 1 1
 1 1 1 1 1
 1 1 1 1 1
 1 1 1 1 1
 1 1 1 1 1
Sel_pelaces
 0.937498 1 1 1 1
 0.937498 1 1 1 1
 0.937498 1 1 1 1
 0.937498 1 1 1 1
 0.937498 1 1 1 1
 0.937498 1 1 1 1
 0.937498 1 1 1 1
 0.937498 1 1 1 1
 0.937498 1 1 1 1
 0.937498 1 1 1 1
 0.937498 1 1 1 1
 0.937498 1 1 1 1
 0.937498 1 1 1 1
 0.937498 1 1 1 1
 0.937498 1 1 1 1
 0.937498 1 1 1 1
 0.937498 1 1 1 1
 0.937498 1 1 1 1
 0.937498 1 1 1 1
 0.937498 1 1 1 1
 0.937498 1 1 1 1
 0.937498 1 1 1 1
 0.937498 1 1 1 1
 0.937498 1 1 1 1
 0.937498 1 1 1 1
 0.937498 1 1 1 1
 0.937498 1 1 1 1
 0.937498 1 1 1 1
 0.937498 1 1 1 1
 0.937498 1 1 1 1
 0.937498 1 1 1 1
 0.937498 1 1 1 1
 0.937498 1 1 1 1
pf_obs 
 0.8446 0.082 0.0669 0.0065 0
 0.8095 0.147 0.0364 0.0071 0
 0.9664 0.0169 0.016 0.0007 0
 0.9276 0.0648 0.0075 0.0001 0
 0.7033 0.2144 0.0806 0.0017 0
 0.9318 0.0425 0.0243 0.0014 0
 0.5671 0.3108 0.0964 0.0239 0.0018
 0.0768 0.2599 0.5324 0.112 0.0189
 0.490249 0.384438 0.106611 0.0170017 0.00170017
 0.7925 0.1577 0.0466 0.003 0.0002
 0.840416 0.127587 0.0312969 0.00059994 9.999e-05
 0.8084 0.0986 0.0794 0.0134 0.0002
 0.7335 0.1905 0.0724 0.0035 0.0001
 0.4001 0.4547 0.1325 0.0127 0
 0.49795 0.308269 0.164784 0.0264974 0.00249975
 0.9179 0.0499 0.0305 0.0017 0
 0.2467 0.6533 0.0926 0.0074 0
 0.9418 0.0223 0.034 0.0019 0
 0.707729 0.231977 0.0356964 0.0245975 0
 0.517169 0.277429 0.184464 0.0207286 0.00020938
 0.811772 0.124168 0.05621 0.00726502 0.000585176
 0.764997 0.148141 0.077277 0.00933861 0.000247198
 0.163321 0.427699 0.378323 0.0303852 0.000271297
 0.753843 0.0900009 0.118128 0.0371064 0.000921714
 0.721811 0.176058 0.0630433 0.0369309 0.00215725
 0.143369 0.312575 0.442814 0.0836902 0.0175525
 0.692698 0.0596174 0.167031 0.0765114 0.00414204
 0.394062 0.376323 0.152708 0.0712218 0.00568511
 0.125707 0.32114 0.495352 0.0537591 0.00404204
 0.23352 0.215282 0.420074 0.123614 0.00750983
 0.796117 0.104755 0.0508955 0.0450114 0.00322123
 0.162477 0.292055 0.404252 0.121198 0.0200186
 0 0 0 0 0
pf_pred 
 0.440684 0.152806 0.378986 0.0275228 1.08054e-06
 0.328164 0.434998 0.0647042 0.160478 0.0116548
 0.522007 0.262667 0.139419 0.020738 0.0551694
 0.63206 0.269065 0.054334 0.0288396 0.0157018
 0.582697 0.344959 0.0529035 0.0106832 0.00875774
 0.680766 0.243944 0.0622377 0.0095449 0.00350754
 0.376213 0.525386 0.0751932 0.0191841 0.00402328
 0.393742 0.392972 0.179641 0.0257102 0.00793512
 0.48387 0.307739 0.135077 0.0617483 0.011565
 0.681584 0.229553 0.0529844 0.0232566 0.0126226
 0.784707 0.187001 0.0203961 0.00470774 0.00318791
 0.685097 0.281531 0.028987 0.00316158 0.0012239
 0.621387 0.326474 0.0466136 0.00479942 0.000726112
 0.576822 0.347551 0.0652125 0.00931098 0.00110371
 0.705043 0.244647 0.0413196 0.00775296 0.00123818
 0.920576 0.0700386 0.0077841 0.0013147 0.000286078
 0.290667 0.68897 0.0179568 0.00199572 0.000410413
 0.881401 0.0599317 0.0569836 0.00148518 0.000199008
 0.479639 0.4942 0.0132197 0.0125694 0.000371498
 0.526733 0.335616 0.13073 0.003497 0.00342325
 0.655487 0.256724 0.0622557 0.02425 0.00128368
 0.672439 0.271124 0.042056 0.0101986 0.00418289
 0.235941 0.645133 0.0984361 0.0152692 0.00522145
 0.661862 0.143664 0.164204 0.0250547 0.00521542
 0.530104 0.387501 0.035007 0.040012 0.00737599
 0.340182 0.480425 0.147937 0.0133647 0.0180914
 0.644755 0.193483 0.117781 0.0362684 0.0077118
 0.600207 0.325017 0.0407265 0.0247919 0.00925744
 0.274064 0.565761 0.130217 0.0163169 0.0136417
 0.392523 0.282134 0.253558 0.0583593 0.0134266
 0.721385 0.168545 0.0511205 0.0459427 0.0130071
 0.354662 0.557582 0.053087 0.0161015 0.0185676
 0.591012 0.226531 0.157646 0.0150094 0.00980205
pobs_RECLAS
 0 0 0 0 0
 0 0 0 0 0
 0 0 0 0 0
 0 0 0 0 0
 0 0 0 0 0
 0 0 0 0 0
 0 0 0 0 0
 0 0 0 0 0
 0 0 0 0 0
 0 0 0 0 0
 0.991045 0.00858322 0.000360255 1.14367e-05 0
 0.934742 0.0480273 0.0164251 0.00080598 0
 0.827803 0.169806 0.00239088 0 0
 0.941827 0.0461693 0.0120037 0 0
 0.791401 0.0380133 0.147996 0.0225897 0
 0.846168 0.0940531 0.0597789 0 0
 0.134021 0.677848 0.182769 0.00536245 0
 0.80878 0.0450904 0.141981 0.00414843 0
 0.846168 0.0940531 0.0597789 0 0
 0.905697 0.0802665 0.012482 0.00150086 5.37128e-05
 0.989698 0.0102097 9.19794e-05 0 0
 0.975433 0.0193895 0.00387452 0.00125025 5.28907e-05
 0.303575 0.632131 0.0575291 0.00676475 0
 0.966965 0.00978017 0.0227588 0.000495775 0
 0.843318 0.132988 0.00938335 0.0141283 0.000182051
 0.564624 0.303363 0.111486 0.0197234 0.00080311
 0.826376 0.0876187 0.0782897 0.00655872 0.00115652
 0.89761 0.0855135 0.0140674 0.00269457 0.000114338
 0.34875 0.467042 0.161289 0.0227151 0.000203297
 0.318654 0.224769 0.449479 0.00709798 0
 0.937255 0.0296025 0.0250945 0.00804832 0
 0.456809 0.399803 0.12412 0.0192676 0
 0.883104 0.0372192 0.0704036 0.00927362 0
ppred_RECLAS
 0.631399 0.100702 0.24976 0.0181381 7.121e-07
 0.518428 0.311807 0.04638 0.115031 0.00835413
 0.706378 0.161351 0.0856424 0.012739 0.0338895
 0.795083 0.14985 0.0302602 0.0160616 0.00874483
 0.752059 0.204958 0.0314327 0.00634741 0.00520342
 0.824637 0.134004 0.0341887 0.00524325 0.00192678
 0.582866 0.351332 0.0502827 0.0128287 0.00269042
 0.584334 0.269432 0.123166 0.0176276 0.00544052
 0.678831 0.191495 0.0840537 0.0384238 0.00719647
 0.832615 0.120671 0.0278528 0.0122255 0.00663543
 0.887816 0.0974419 0.0106279 0.00245309 0.00166115
 0.832208 0.15001 0.0154453 0.00168461 0.00065214
 0.787918 0.182876 0.0261109 0.00268843 0.000406737
 0.767863 0.190651 0.0357727 0.00510759 0.000605449
 0.847841 0.126205 0.0213154 0.00399949 0.000638735
 0.963666 0.0320404 0.00356098 0.000601431 0.000130871
 0.474453 0.51046 0.0133043 0.00147864 0.000304077
 0.942666 0.0289723 0.0275471 0.00071797 9.62048e-05
 0.672961 0.310597 0.0083084 0.0078997 0.000233481
 0.712707 0.203733 0.0793589 0.00212283 0.00207806
 0.80781 0.143216 0.0347299 0.0135281 0.000716115
 0.820846 0.148286 0.0230018 0.00557795 0.00228776
 0.402858 0.504196 0.0769317 0.0119334 0.00408077
 0.810605 0.0804677 0.0919724 0.0140334 0.00292121
 0.711067 0.23827 0.0215254 0.0246029 0.00453541
 0.528283 0.343465 0.105763 0.00955468 0.0129339
 0.798632 0.109674 0.0667635 0.0205585 0.00437138
 0.765781 0.190411 0.0238596 0.0145243 0.00542347
 0.450131 0.428542 0.0986341 0.0123594 0.0103331
 0.584909 0.192783 0.173257 0.0398771 0.00917441
 0.850423 0.0904846 0.0274444 0.0246647 0.00698293
 0.543017 0.39484 0.0375925 0.011402 0.0131482
 0.760214 0.132813 0.0924264 0.00879987 0.00574686
pobs_PELACES
 0 0 0 0 0
 0 0 0 0 0
 0 0 0 0 0
 0 0 0 0 0
 0 0 0 0 0
 0 0 0 0 0
 0 0 0 0 0
 0 0 0 0 0
 0 0 0 0 0
 0 0 0 0 0
 0 0 0 0 0
 0 0 0 0 0
 0 0 0 0 0
 0 0 0 0 0
 0 0 0 0 0
 0 0 0 0 0
 0.505614 0.472636 0.0217494 0 0
 0 0 0 0 0
 0.443492 0.261883 0.143347 0.151278 0
 0.227955 0.32914 0.350689 0.0885471 0.00366901
 0.970185 0.0296113 0.000203453 0 0
 0.997202 0.00247181 0.000326279 0 0
 0.445219 0.490057 0.0546422 0.010081 0
 0.90214 0.0892962 0.00764917 0.000914606 0
 0 0 0 0 0
 0.581667 0.319106 0.0959925 0.00289975 0.000334073
 0.762889 0.0836404 0.116647 0.0363945 0.000428098
 0.88444 0.0763242 0.0277011 0.0115352 0
 0.521256 0.241999 0.230069 0.00667565 0
 0.616807 0.101726 0.260614 0.0208532 0
 0.833518 0.0704572 0.0857862 0.0102388 0
 0.697417 0.212968 0.0787535 0.0105354 0.000325836
 0 0 0 0 0
ppred_PELACES
 0.627081 0.101882 0.252685 0.0183506 7.20442e-07
 0.522908 0.308906 0.0459486 0.113961 0.00827642
 0.709849 0.159444 0.08463 0.0125884 0.0334889
 0.806489 0.141509 0.0285759 0.0151676 0.00825807
 0.748122 0.208212 0.0319318 0.0064482 0.00528604
 0.827408 0.131887 0.0336485 0.0051604 0.00189633
 0.611242 0.327433 0.0468622 0.011956 0.0025074
 0.576533 0.274488 0.125478 0.0179584 0.00554263
 0.693445 0.182781 0.0802288 0.0366753 0.006869
 0.849074 0.108806 0.0251141 0.0110234 0.00598298
 0.885568 0.0993943 0.0108409 0.00250224 0.00169443
 0.844309 0.139191 0.0143314 0.00156311 0.000605107
 0.800312 0.172189 0.0245849 0.00253131 0.000382966
 0.799961 0.16429 0.0308263 0.00440136 0.000521733
 0.863665 0.113081 0.0190988 0.00358358 0.000572312
 0.966887 0.0292003 0.00324532 0.000548119 0.000119271
 0.478701 0.506334 0.0131967 0.00146669 0.000301619
 0.944114 0.0282408 0.0268516 0.000699842 9.37759e-05
 0.683311 0.300768 0.00804545 0.00764969 0.000226092
 0.721636 0.197401 0.0768924 0.00205685 0.00201347
 0.811453 0.140501 0.0340717 0.0132717 0.000702542
 0.82764 0.142663 0.0221295 0.00536641 0.00220099
 0.401741 0.505139 0.0770756 0.0119558 0.0040884
 0.810246 0.0806203 0.0921468 0.01406 0.00292675
 0.709264 0.239756 0.0216596 0.0247564 0.0045637
 0.523021 0.347297 0.106943 0.00966126 0.0130782
 0.797976 0.110032 0.066981 0.0206254 0.00438562
 0.763343 0.192394 0.024108 0.0146756 0.00547994
 0.443582 0.433647 0.0998089 0.0125066 0.0104562
 0.582557 0.193875 0.174238 0.040103 0.00922639
 0.851539 0.0898096 0.0272397 0.0244807 0.00693083
 0.534174 0.402481 0.03832 0.0116226 0.0134027
 0.761403 0.132155 0.0919682 0.00875624 0.00571836
pobs_pel_tallas
 0 0 0 0 0 0 0 0 0 0 0 0 0 0 0 0 0 0 0 0 0 0 0 0 0 0
 0 0 0 0 0 0 0 0 0 0 0 0 0 0 0 0 0 0 0 0 0 0 0 0 0 0
 0 0 0 0 0 0 0 0 0 0 0 0 0 0 0 0 0 0 0 0 0 0 0 0 0 0
 0 0 0 0 0 0 0 0 0 0 0 0 0 0 0 0 0 0 0 0 0 0 0 0 0 0
 0 0 0 0 0 0 0 0 0 0 0 0 0 0 0 0 0 0 0 0 0 0 0 0 0 0
 0 0 0 0 0 0 0 0 0 0 0 0 0 0 0 0 0 0 0 0 0 0 0 0 0 0
 0 0 0 0 0 0 0 0 0 0 0 0 0 0 0 0 0 0 0 0 0 0 0 0 0 0
 0 0 0 0 0 0 0 0 0 0 0 0 0 0 0 0 0 0 0 0 0 0 0 0 0 0
 0 0 0 0 0 0 0 0 0 0 0 0 0 0 0 0 0 0 0 0 0 0 0 0 0 0
 0 0 0 0 0 0 0 0 0 0 0 0 0 0 0 0 0 0 0 0 0 0 0 0 0 0
 0 0 0 0 0 0 0 0 0 0 0 0 0 0 0 0 0 0 0 0 0 0 0 0 0 0
 0 0 0 0 0 0 0 0 0 0 0 0 0 0 0 0 0 0 0 0 0 0 0 0 0 0
 0.00862536 0 0 0.000197151 0.00414017 0.0128641 0.00837892 0.0270097 0.101434 0.158115 0.152841 0.127902 0.109271 0.109419 0.0830992 0.0579132 0.0238553 0.00714673 0.00463305 0.00128148 0.00103504 0.000492878 0.000147863 0.000147863 4.92878e-05 0
 0 0 0 0 0 0 0 0 0 0 0 0 0 0 0 0 0 0 0 0 0 0 0 0 0 0
 0 0 0 0 0 0 0 0.0054083 0.00873648 0.0413646 0.0450493 0.0745869 0.0622846 0.0627006 0.0613931 0.0827291 0.12552 0.122667 0.0946155 0.0697135 0.0546179 0.0294188 0.0215738 0.0213955 0.0102223 0.00600262
 0 0 0 0 0.00359764 0.0251062 0.0480494 0.140153 0.205849 0.193036 0.1447 0.116669 0.0760912 0.0342217 0.00950174 0.001854 0.000860785 0 0 0 0.000165536 0 0.000143464 0 0 0
 0 0 0 0 0 0 0 0.000145254 0.000435761 0.0275982 0.070085 0.0708112 0.156366 0.174668 0.174014 0.160142 0.0824315 0.0480064 0.0283245 0.00493863 0.00203355 0 0 0 0 0
 0 0 0 0 0 0 0 0 0 0 0 0 0 0 0 0 0 0 0 0 0 0 0 0 0 0
 0 0 1.00437e-05 0.000401748 0.00122533 0.00171747 0.00176769 0.0269171 0.070346 0.194647 0.189555 0.159765 0.064822 0.0314167 0.0384472 0.0292271 0.0345202 0.0313363 0.0194345 0.0106764 0.0143323 0.0359363 0.0279516 0.0138201 0.00172751 0
 0 0.0021121 0.0136068 0.0755702 0.200478 0.177729 0.0527432 0.0373336 0.0318909 0.0142505 0.0149659 0.0166563 0.0217959 0.0798694 0.0677717 0.0528807 0.04013 0.0224614 0.0357745 0.0225083 0.00881397 0.00855152 0.00135912 0.000746735 0 0
 0 0 0 0 5.4009e-05 0.00500934 0.000945158 0.0243581 0.138947 0.33067 0.221406 0.137944 0.0707744 0.0437923 0.0131692 0.00525238 0.0047753 0.00276346 9.45158e-05 9.00151e-06 2.25038e-05 9.00151e-06 4.50075e-06 0 0 0
 0.000866109 0.00284123 0.00948549 0.0512746 0.133035 0.25785 0.225252 0.132002 0.0553304 0.0519788 0.0540692 0.017754 0.00435017 0.00159236 0.00146478 0.000404838 0.000125132 0.000115318 0.000107957 0.000100596 0 0 0 0 0 0
 0 0 0 0 0.00144013 0.00171154 0.00461396 0.0210425 0.0478622 0.0707936 0.0888783 0.103762 0.0637923 0.0337046 0.0602308 0.124433 0.169614 0.0934646 0.0462172 0.0250306 0.0313229 0.00938855 0.002487 0.000210481 0 0
 0 0.00764035 0.051015 0.0998891 0.058973 0.0496711 0.0374665 0.0718981 0.12319 0.153886 0.159021 0.0857701 0.0377988 0.023471 0.0147837 0.00900784 0.00315554 0.000888139 0.00291439 0.00214683 0.00393193 0.00274676 0.000635225 9.99891e-05 0 0
 0 0 0 0 0 0 0 0 0 0 0 0 0 0 0 0 0 0 0 0 0 0 0 0 0 0
 0 0 0 0 0 0 0 0 0 0 0 0 0 0 0 0 0 0 0 0 0 0 0 0 0 0
 0 0 0 0 0 0 0 0 0 0 0 0 0 0 0 0 0 0 0 0 0 0 0 0 0 0
 0 0 0 0 0 0 0 0 0 0 0 0 0 0 0 0 0 0 0 0 0 0 0 0 0 0
 0 0 0 0 0 0 0 0 0 0 0 0 0 0 0 0 0 0 0 0 0 0 0 0 0 0
 0 0 0 0 0 0 0 0 0 0 0 0 0 0 0 0 0 0 0 0 0 0 0 0 0 0
 0 0 0 0 0 0 0 0 0 0 0 0 0 0 0 0 0 0 0 0 0 0 0 0 0 0
 0 0 0 0 0 0 0 0 0 0 0 0 0 0 0 0 0 0 0 0 0 0 0 0 0 0
 0 0 0 0 0 0 0 0 0 0 0 0 0 0 0 0 0 0 0 0 0 0 0 0 0 0
ppred_pel_tallas
 1.09159e-16 5.16519e-05 0.000502075 0.00333646 0.0151671 0.0471905 0.100545 0.14675 0.14676 0.100595 0.0473594 0.0156596 0.00459074 0.0032993 0.005537 0.00952203 0.0147573 0.0207299 0.0268713 0.0327925 0.038282 0.0430028 0.0462231 0.0469591 0.0445151 0.0390014
 1.14235e-16 4.30713e-05 0.000418668 0.0027822 0.0126475 0.0393512 0.083843 0.122378 0.122407 0.0839887 0.0398406 0.0140616 0.0063345 0.0081826 0.0148173 0.0245104 0.0355156 0.0451532 0.0507724 0.0512825 0.0478518 0.0431009 0.0394148 0.0376732 0.0371697 0.0364595
 1.09413e-16 5.84694e-05 0.000568343 0.00377684 0.017169 0.0534191 0.113816 0.166121 0.166136 0.113891 0.0536735 0.0179049 0.00562937 0.00462975 0.00782307 0.012976 0.0190076 0.0245854 0.0283915 0.0298358 0.0293752 0.0281065 0.0269754 0.026245 0.0255501 0.0243355
 1.0378e-16 6.64295e-05 0.000645718 0.00429102 0.0195064 0.0606917 0.129311 0.188735 0.188749 0.129377 0.0609158 0.0201541 0.00591781 0.00420027 0.00682708 0.0112082 0.0162045 0.0205204 0.0228885 0.0227414 0.0205468 0.0174732 0.0146578 0.0126501 0.011357 0.0103638
 1.02516e-16 6.16218e-05 0.000598986 0.00398047 0.0180947 0.0562994 0.119952 0.175078 0.175098 0.120051 0.0566287 0.019046 0.00636862 0.00581305 0.00996624 0.0163844 0.02361 0.0297194 0.0327936 0.031948 0.0278518 0.0222611 0.016957 0.0129155 0.0101905 0.00833138
 1.01844e-16 6.81525e-05 0.000662467 0.00440232 0.0200123 0.0622659 0.132664 0.19363 0.193643 0.132727 0.0624749 0.0206164 0.00591984 0.00397895 0.0063777 0.0104642 0.0151336 0.0191682 0.0213701 0.0211787 0.0189845 0.0158299 0.0127516 0.010288 0.00843917 0.00694843
 1.0306e-16 5.03472e-05 0.000489393 0.00325219 0.014784 0.0459987 0.0980063 0.14305 0.143081 0.0981605 0.0465165 0.0162796 0.00700642 0.00868509 0.015616 0.025738 0.0370747 0.0466281 0.0513723 0.0499067 0.0432798 0.0342598 0.0256652 0.0190585 0.014557 0.0114841
 1.06431e-16 4.74883e-05 0.000461603 0.00306752 0.0139445 0.0433866 0.0924408 0.134926 0.134952 0.0925708 0.0438236 0.0152082 0.00624633 0.00742293 0.0133326 0.0221339 0.0322706 0.0413951 0.0471175 0.0482946 0.0456243 0.0410004 0.0361965 0.0319642 0.0280928 0.024079
 1.07203e-16 5.71182e-05 0.000555209 0.00368956 0.0167722 0.0521847 0.111186 0.162283 0.1623 0.111272 0.0524758 0.0176141 0.00580762 0.00519491 0.00891607 0.0147748 0.0215747 0.0277621 0.0317905 0.0329578 0.0317851 0.0295577 0.0274152 0.0257315 0.0241684 0.0221741
 1.02871e-16 6.99371e-05 0.000679813 0.0045176 0.0205364 0.0638963 0.136138 0.1987 0.19871 0.13619 0.0640687 0.0210347 0.00576946 0.00341586 0.00527581 0.00863702 0.012497 0.0158489 0.0177199 0.0176716 0.0160545 0.0137504 0.0116146 0.0100558 0.00900156 0.00814633
 1.00877e-16 7.29431e-05 0.000709033 0.00471177 0.021419 0.0666426 0.14199 0.20724 0.207249 0.142036 0.0667997 0.0218726 0.00585013 0.00319327 0.00478859 0.00779484 0.0112072 0.0140628 0.0154344 0.0148958 0.012774 0.00992779 0.007238 0.00520204 0.0038669 0.00302128
 1.00709e-16 6.95446e-05 0.000675999 0.00449225 0.0204211 0.0635378 0.135374 0.197586 0.197599 0.13544 0.0637577 0.0210562 0.00608582 0.00415319 0.00666865 0.010902 0.0156681 0.0196388 0.0215093 0.0206753 0.0175887 0.0134531 0.00951282 0.00648539 0.00446496 0.00318406
 1.01073e-16 6.59207e-05 0.000640773 0.00425816 0.019357 0.0602269 0.12832 0.187291 0.187307 0.128401 0.0604991 0.0201434 0.00623199 0.0049494 0.0082479 0.0135285 0.0194749 0.024473 0.0269205 0.0260706 0.0224665 0.0175621 0.0128496 0.00917468 0.00663353 0.00490624
 1.01462e-16 6.58918e-05 0.000640491 0.00425629 0.0193485 0.0602004 0.128264 0.187208 0.187224 0.128341 0.0604604 0.0200997 0.00614239 0.00475958 0.00789371 0.0129582 0.0186892 0.0235602 0.0260571 0.0254725 0.0223108 0.0179228 0.0136784 0.0103299 0.00793385 0.00618195
 1.01037e-16 7.11389e-05 0.000691496 0.00459523 0.0208893 0.0649943 0.138478 0.202115 0.202125 0.138531 0.0651732 0.0214061 0.00589275 0.00352469 0.00545396 0.0089092 0.0128392 0.0161698 0.0178556 0.0174111 0.0151899 0.0121328 0.00919536 0.00690404 0.0052977 0.00415449
 1.00177e-16 7.96412e-05 0.000774141 0.00514444 0.0233859 0.0727621 0.155028 0.226268 0.226271 0.155041 0.0728083 0.0235191 0.00547885 0.00150391 0.00146484 0.00229358 0.00329135 0.00412828 0.00452744 0.00436231 0.00372747 0.00287426 0.00206151 0.00143721 0.00101886 0.000749214
 1.00709e-16 3.94301e-05 0.000383275 0.002547 0.0115783 0.0360247 0.0767562 0.112038 0.112087 0.0769941 0.0368233 0.0138839 0.00832955 0.0129909 0.0239374 0.0393895 0.0564527 0.0703885 0.0763954 0.072259 0.0597034 0.0432996 0.0278409 0.0161948 0.0088502 0.00481307
 1.00869e-16 7.77654e-05 0.000755908 0.00502327 0.0228351 0.0710484 0.151376 0.220939 0.220941 0.15139 0.0710938 0.0229666 0.00535516 0.00148595 0.00148039 0.00236619 0.00349797 0.00459912 0.00543689 0.00589094 0.00599722 0.00587951 0.00563119 0.00525591 0.00470701 0.0039701
 1.01115e-16 5.62835e-05 0.000547096 0.00363564 0.0165271 0.0514222 0.109561 0.159914 0.159943 0.109703 0.0518967 0.0178969 0.00707125 0.00803832 0.0142579 0.0234153 0.0335693 0.0418882 0.0455309 0.0431964 0.0359195 0.026415 0.0175115 0.0108736 0.00673976 0.00446941
 1.02817e-16 5.94403e-05 0.00057778 0.00383956 0.0174541 0.0543062 0.115706 0.16888 0.168899 0.115799 0.0546199 0.0183611 0.00611976 0.00556704 0.00956858 0.0158117 0.0229723 0.0293013 0.0330353 0.0333237 0.030677 0.02652 0.0222441 0.0185337 0.0153672 0.0124563
 1.0247e-16 6.68383e-05 0.000649692 0.00431743 0.0196264 0.0610652 0.130106 0.189897 0.18991 0.130173 0.0612879 0.02027 0.00593408 0.00418297 0.00678935 0.0111505 0.016132 0.020447 0.0228292 0.022695 0.0204738 0.0172832 0.0142195 0.0118279 0.0100631 0.0086026
 1.01586e-16 6.81717e-05 0.000662653 0.00440356 0.020018 0.0622834 0.132702 0.193685 0.193699 0.132769 0.0625091 0.0206698 0.00603997 0.0042355 0.00685533 0.0112297 0.0161806 0.0203692 0.022479 0.0219027 0.019096 0.0152585 0.0116065 0.00880644 0.00689662 0.00557432
 1.04245e-16 3.3091e-05 0.000321656 0.00213752 0.00971688 0.0302331 0.0644166 0.0940281 0.0940768 0.0646545 0.031032 0.0120246 0.00793038 0.0129685 0.0240542 0.0397204 0.0572286 0.0719899 0.0793342 0.0770878 0.066847 0.0528585 0.0394552 0.029055 0.0218736 0.0169218
 1.04586e-16 6.67389e-05 0.000648726 0.00431101 0.0195972 0.0609743 0.129913 0.189613 0.189621 0.129951 0.0611045 0.0199749 0.00526525 0.00275251 0.00412283 0.00686854 0.0102572 0.0136701 0.0165016 0.0184415 0.0195823 0.0202053 0.0204437 0.0201429 0.0190206 0.0169508
 1.03942e-16 5.84212e-05 0.000567875 0.00377373 0.0171548 0.0533752 0.113722 0.165986 0.166009 0.113835 0.0537541 0.018249 0.00651982 0.0065611 0.0114366 0.0188053 0.0270658 0.0340071 0.0374279 0.0363418 0.0315791 0.0252368 0.019421 0.0152532 0.0127144 0.0111445
 1.06358e-16 4.30806e-05 0.000418759 0.0027828 0.0126502 0.0393598 0.0838614 0.122405 0.122439 0.0840254 0.0399108 0.0142431 0.00678546 0.00917099 0.0167073 0.0276623 0.0401003 0.0509602 0.0571289 0.0571424 0.0519994 0.0443669 0.0368639 0.0307977 0.0260976 0.0220773
 1.04772e-16 6.57283e-05 0.000638902 0.00424573 0.0193005 0.060051 0.127945 0.186742 0.186753 0.127998 0.0602268 0.0198094 0.0055273 0.00345064 0.00544715 0.00901006 0.0132289 0.0171756 0.0199422 0.0211049 0.0209318 0.0201029 0.0191846 0.0183001 0.0172059 0.0156114
 1.03145e-16 6.28756e-05 0.000611173 0.00406146 0.0184628 0.0574448 0.122393 0.17864 0.178658 0.122483 0.057749 0.0193415 0.00626709 0.00542618 0.00920795 0.0151251 0.0217889 0.0274195 0.0302527 0.0294904 0.0257795 0.0207715 0.0161254 0.0127249 0.0105644 0.0091483
 1.06015e-16 3.65373e-05 0.000355156 0.00236014 0.0107289 0.0333817 0.0711248 0.103818 0.103859 0.0713294 0.0340687 0.0127139 0.0073457 0.0112482 0.0207522 0.0343223 0.0496075 0.0627328 0.0697538 0.0688275 0.0612662 0.0505591 0.040198 0.032028 0.026084 0.0214985
 1.10661e-16 4.79845e-05 0.000466427 0.00309957 0.0140902 0.04384 0.0934064 0.136333 0.136352 0.093499 0.0441516 0.0149933 0.00537815 0.0054794 0.00968266 0.0162305 0.0240765 0.0317474 0.03774 0.0413232 0.0428468 0.0432294 0.0430883 0.0422866 0.0402089 0.0364023
 1.04438e-16 7.01402e-05 0.000681788 0.00453072 0.020596 0.0640818 0.136533 0.199276 0.199285 0.136576 0.0642245 0.0210085 0.00556788 0.00295151 0.0043976 0.00720459 0.0104821 0.0134235 0.0152664 0.0156866 0.0149881 0.0138709 0.0129585 0.0124593 0.0121675 0.0117114
 1.04643e-16 4.39993e-05 0.000427688 0.00284214 0.01292 0.0401991 0.0856498 0.125017 0.125055 0.0858392 0.040835 0.0147563 0.00745025 0.010483 0.0191288 0.0315231 0.0453349 0.0568655 0.06238 0.0601721 0.0515968 0.0401726 0.0294985 0.0215931 0.0166078 0.0136083
 1.04534e-16 6.27158e-05 0.000609619 0.00405114 0.0184159 0.0572987 0.122081 0.178184 0.178197 0.122144 0.0575101 0.0190279 0.00559302 0.00399397 0.0065441 0.0108599 0.0159652 0.020758 0.0241371 0.0255614 0.0253005 0.024113 0.0226442 0.0210615 0.0191599 0.0167251
pSPR Fmed_Fpbrs
1   0.983508 0.6 0.325 0.983508 0.983508 0.983508
Fs Fmed_Fpbrs
0   0.01 0.350794 0.909083 0.01 0.01 0.01
SSBpbr Bo_Bmed_Bpbrs
690383  655864  644478 379711 189855 644478 644478 644478
Ro
130614
SPR SPRFo_SPRFmed_SPRFpbrs
940986 940986 925467
Fref
0
Nvult_r0
 102209 21576 15015.1 1429.58 933.601
CTP_r0
 16183.4 6202.97 4316.73 410.994 268.404
YTP_r0
356502
Np
 147020 54085.6 19897 7319.68 3683.37
Nvult_p0
 92934.2 34188.6 12577.3 4626.92 2328.34
CTP_p0
 0 0 0 0 0
 0 0 0 0 0
 0 0 0 0 0
 0 0 0 0 0
 0 0 0 0 0
 0 0 0 0 0
YTP_p0
 0 0 0 0 0 0
CBA_c0
0
log_Ro
11.6
likeval ReclasPelacesDesembMPH_pf_preclas_ppelaces_ptallas_desvR_qrecl_qpela
 13.4242 17.276 0.024652 0.000929148 234.671 134.406 110.217 0 23.5784 6.25709e-06 1.87521e-05 0.112503 2067.06 0 0
q_reclas_q_pelaces
1.4244 1.84487
M
1
N
 174747 29883.7 74117 5382.55 0.211318
 83506.9 56911.5 8465.35 20995.6 1524.81
 95576.2 24694.7 13107.5 1949.69 5186.77
 122402 28350.5 5724.99 3038.73 1654.45
 107903 31411.9 4817.39 972.806 797.478
 191724 35374.5 9025.14 1384.11 508.631
 71084.3 56497.4 8085.91 2062.97 432.644
 33303.2 16131 7374.04 1055.37 325.727
 32606.1 11241.6 4934.3 2255.64 422.463
 43870.8 8448.75 1950.11 855.966 464.577
 83953.6 9822.2 1071.3 247.273 167.444
 121384 27623.2 2844.13 310.207 120.086
 103512 29718.9 4243.23 436.891 66.098
 71952.6 26262.8 4927.8 703.587 83.4026
 67728.1 13502.7 2280.54 427.907 68.3385
 352607 14955.6 1662.17 280.732 61.0873
 69635.4 84775.9 2209.54 245.569 50.5003
 584574 20642.9 19627.4 511.556 68.5463
 308541 168731 4513.51 4291.48 126.838
 250452 84394.3 32873.6 879.359 860.814
 341137 69124.4 16762.7 6529.47 345.639
 464624 99374.6 15414.7 3738.08 1533.15
 92862.1 127262 19418 3012.06 1030.01
 267270 29153.7 33321.9 5084.34 1058.36
 228711 83397.4 7534.15 8611.32 1587.45
 104537 72588.4 22352.1 2019.3 2733.47
 227770 34280.2 20867.8 6425.82 1366.33
 265799 71399.6 8946.76 5446.27 2033.67
 84714 85436.2 19664.2 2464.03 2060.05
 78677.2 28179.3 25325.1 5828.88 1341.03
 210518 25031.6 7592.19 6823.21 1931.75
 83951.2 63780.5 6072.51 1841.82 2123.9
 147020 28605.4 19906.9 1895.33 1237.76
pred_Ctot
 12797.9 4437.62 11006.1 799.288 0.0313799
 10539.8 13971 2078.14 5154.15 374.321
 11908.7 5992.29 3180.6 473.102 1258.59
 24091.5 10255.6 2070.99 1099.25 598.49
 7494.45 4436.75 680.428 137.403 112.639
 24554.3 8798.73 2244.83 344.271 126.512
 17900.8 24998.7 3577.81 912.811 191.434
 1747.72 1744.3 797.379 114.121 35.2219
 6269.4 3987.31 1750.16 800.059 149.845
 11298 3805.09 878.275 385.504 209.233
 5655.75 1347.8 147.004 33.9308 22.9768
 26523.6 10899.5 1122.24 122.401 47.3835
 20926 10994.4 1569.77 161.627 24.4528
 23515.1 14168.5 2658.5 379.578 44.9949
 17833.4 6188.11 1045.14 196.104 31.3186
 79924.9 6080.79 675.82 114.143 24.8374
 8699.41 20620.2 537.431 59.7302 12.2833
 81181.5 5520.01 5248.48 136.793 18.3296
 51241 52796.5 1412.29 1342.82 39.688
 40475 25789.3 10045.5 268.715 263.048
 45747.5 17917.2 4344.93 1692.45 89.5904
 76847.5 30984.5 4806.24 1165.52 478.028
 8717.84 23837.2 3637.15 564.185 192.929
 25993.7 5642.19 6448.86 983.985 204.828
 20086.2 14682.8 1326.45 1516.09 279.484
 7244.58 10231.2 3150.49 284.617 385.278
 21573.6 6473.98 3940.99 1213.55 258.038
 21448.8 11614.7 1455.38 885.955 330.82
 5171.88 10676.5 2457.33 307.917 257.434
 6802.37 4889.34 4394.12 1011.36 232.681
 23854.3 5573.35 1690.42 1519.21 430.109
 3939.73 6193.84 589.712 178.862 206.256
 16183.4 6202.97 4316.73 410.994 268.404
F
 0.121841 0.261332 0.261332 0.261332 0.261332
 0.21834 0.46831 0.46831 0.46831 0.46831
 0.215281 0.461747 0.461747 0.461747 0.461747
 0.360122 0.772412 0.772412 0.772412 0.772412
 0.115239 0.247173 0.247173 0.247173 0.247173
 0.221864 0.475868 0.475868 0.475868 0.475868
 0.483121 1.03623 1.03623 1.03623 1.03623
 0.0860356 0.184535 0.184535 0.184535 0.184535
 0.350481 0.751735 0.751735 0.751735 0.751735
 0.496604 1.06515 1.06515 1.06515 1.06515
 0.111609 0.239386 0.239386 0.239386 0.239386
 0.407173 0.87333 0.87333 0.87333 0.87333
 0.371534 0.796889 0.796889 0.796889 0.796889
 0.673116 1.44374 1.44374 1.44374 1.44374
 0.510413 1.09477 1.09477 1.09477 1.09477
 0.425344 0.912304 0.912304 0.912304 0.912304
 0.215903 0.463082 0.463082 0.463082 0.463082
 0.242578 0.520296 0.520296 0.520296 0.520296
 0.296353 0.635636 0.635636 0.635636 0.635636
 0.287358 0.616344 0.616344 0.616344 0.616344
 0.233388 0.500585 0.500585 0.500585 0.500585
 0.294983 0.632698 0.632698 0.632698 0.632698
 0.158533 0.340033 0.340033 0.340033 0.340033
 0.164643 0.353136 0.353136 0.353136 0.353136
 0.147653 0.316695 0.316695 0.316695 0.316695
 0.114972 0.246598 0.246598 0.246598 0.246598
 0.160045 0.343276 0.343276 0.343276 0.343276
 0.134971 0.289494 0.289494 0.289494 0.289494
 0.100693 0.215973 0.215973 0.215973 0.215973
 0.145216 0.311467 0.311467 0.311467 0.311467
 0.194122 0.416365 0.416365 0.416365 0.416365
 0.0766394 0.164381 0.164381 0.164381 0.164381
 0.188122 0.403496 0.403496 0.403496 0.403496
YTP_r0W_actual
 122023 108242 103904 12872.3 9461.25
YTP_p0W_proyectada
 0 0 0 0 0
 0 0 0 0 0
 0 0 0 0 0
 0 0 0 0 0
 0 0 0 0 0
 0 0 0 0 0
CTP_r0_actual
 16183.4 6202.97 4316.73 410.994 268.404
CTP_p0_proyectada
 0 0 0 0 0
 0 0 0 0 0
 0 0 0 0 0
 0 0 0 0 0
 0 0 0 0 0
 0 0 0 0 0
Wmedp
 7.54 17.45 24.07 31.32 35.25
Frms_r0
 0.188122 0.403496 0.403496 0.403496 0.403496
Zrms_r0
 1.18812 1.4035 1.4035 1.4035 1.4035
nmprior
 7.29 8.9 8.7 0
nm_flota  nm_reclas  nm_pelaces    nm_pelaL
inf 14.2728 22.3657 77.5205
cv_recla  cv_pelaces  cv_mph
0.317304 0.455316 0.814664
 ------------------------------------------------
Talla a la edad & desviaci?n 
 8 13.2811 15.8009 17.003 17.5766
 0.8 1.32811 1.58009 1.7003 1.75766
