years
 1991 1992 1993 1994 1995 1996 1997 1998 1999 2000 2001 2002 2003 2004 2005 2006 2007 2008 2009 2010 2011 2012 2013 2014 2015 2016 2017 2018 2019 2020 2021 2022 2023
reclasobs
 0 0 0 0 0 0 0 0 0 252601 567819 844713 477998 351125 339783 2.1784e+06 2.13404e+06 4.81314e+06 1.55562e+06 2.62356e+06 3.21686e+06 3.843e+06 1.13348e+06 3.07943e+06 1.97215e+06 2.03268e+06 2.025e+06 2.42433e+06 2.27542e+06 1.05018e+06 2.36338e+06 3.18982e+06 1.53035e+06
reclaspred
 6.6744e+06 1.76116e+06 1.16319e+06 859416 155588 4.32445e+06 2.62631e+06 1.18678e+06 211889 251048 404929 873141 760643 611315 430722 1.9081e+06 904405 4.78744e+06 2.78316e+06 2.25717e+06 3.06708e+06 3.26907e+06 1.77874e+06 3.25507e+06 2.48443e+06 1.7053e+06 2.21507e+06 3.47395e+06 2.74947e+06 1.03114e+06 2.05787e+06 1.86145e+06 778936
pelacesobs
 0 0 0 0 0 0 0 0 0 0 0 0 0 0 0 552880 188675 0 991730 2.46772e+06 1.41603e+06 1.21717e+06 2.29649e+06 1.80582e+06 0 1.4828e+06 1.56532e+06 1.57751e+06 1.42118e+06 867257 1.10002e+06 1.06204e+06 0
pelacespred
 4.90019e+06 1.13758e+06 567278 322717 51816.1 2.7409e+06 1.52627e+06 883144 75497.1 96919.6 230401 393459 373348 294178 197469 889316 379949 2.90026e+06 1.47336e+06 1.02937e+06 1.56584e+06 1.63782e+06 931687 2.10604e+06 1.46069e+06 990346 1.52174e+06 2.17744e+06 1.67664e+06 618111 1.0303e+06 1.0647e+06 354411
mphobs
 0 0 0 0 0 0 0 0 0 0 0 0 498337 0 5186 125008 0 168611 109162 213762 579715 649985 157893 87575 83554 210694 70296 0 107559 103333 445601 22526 28222
mphpred
 1.62504e+06 638879 101885 166845 54193.8 9539.89 707660 263412 90004.5 6398.4 16382.4 55506.2 92896.7 52552.4 32883.6 31670.7 238142 69861.5 581238 198854 280363 237984 329614 145562 380520 274947 155102 246036 549020 272041 71312.2 290361 95493.9
desembarqueobs
 494567 514787 250237 358949 120608 361735 552515 73892 212993 205616 52469 317467 293654 387597 252695 516296 358380 742168 942051 627588 828172 859565 418607 520667 417249 300574 415391 372974 316634 284311 391294 218835 356480
desembarquepred
 494505 514393 249998 358550 120506 361572 551965 73872.2 212703 205398 52452.3 317127 293270 386827 252332 515680 358062 741391 940276 626352 827564 858364 418171 520280 416760 300256 414960 372627 316279 283768 390819 218749 356153
Reclutas
 14005.4 9318.95 189870 37090.9 8643.02 362887 13836.2 4262.92 8766.88 49979 35872.7 112579 74166.5 70021.5 42211.7 259010 13275.5 470617 145984 235930 184502 414095 20229.9 168946 142341 32952.2 127980 180214 31498.8 26473.2 136939 16585.9 58590
log_desv_Rt
 -1.41182 -1.81921 1.19508 -0.437893 -1.89451 1.84283 -1.42398 -2.60131 -1.88028 -0.13966 -0.471288 0.672393 0.255049 0.197539 -0.308567 1.5056 -1.46535 2.10278 0.932231 1.41227 1.16639 1.97483 -1.0441 1.07831 0.906964 -0.556205 0.80061 1.14288 -0.601314 -0.775131 0.868274 -1.24271 0.0192993
SSB
 1.62504e+06 638879 101885 166845 54193.8 9539.89 707660 263412 90004.5 6398.4 16382.4 55506.2 85438.1 50572.6 30520.3 30123.3 238142 69861.5 610179 208637 307222 280338 409303 169094 401648 317058 164665 246036 574278 260510 84043.3 342991 107885
BT
 2.04054e+06 925736 447114 369647 116861 1.60884e+06 987788 362612 236595 238366 147164 436034 422758 534622 338244 822002 409939 2.02418e+06 1.44021e+06 943381 1.34703e+06 1.44288e+06 664002 1.4446e+06 934360 619328 1.10962e+06 1.27242e+06 824466 508687 774039 536546 471634
Ftot
 0.31918 1.13279 1.13278 1.64304 2.52483 0.507131 0.852539 0.273942 3.10105 3.64796 0.730696 1.8116 1.78983 2.84001 2.7291 1.50466 1.50428 0.89802 1.42952 1.40124 1.28716 1.33994 0.968502 0.873155 0.801209 0.7813 0.994328 0.589485 0.499309 1.16543 1.05332 0.514356 2.05013
BD_Bspro_t
 0.950213 0.609768 0.208522 0.303386 0.0995041 0.0264315 0.568212 0.298365 0.163434 0.0208493 0.0642555 0.230015 0.199275 0.112432 0.068626 0.0708586 0.25907 0.0963463 0.385373 0.172171 0.197083 0.184682 0.257857 0.141896 0.308799 0.310916 0.234474 0.343198 0.518956 0.335497 0.174205 0.398045 0.243227
BD_Bspro
 3.9249 1.54306 0.246079 0.402973 0.130892 0.0230413 1.70918 0.636208 0.217384 0.0154538 0.0395677 0.134062 0.206355 0.122146 0.0737144 0.0727557 0.575176 0.168734 1.47374 0.503913 0.742021 0.67709 0.988575 0.408406 0.970085 0.765777 0.39771 0.594241 1.38703 0.629201 0.202987 0.828414 0.260571
BD_Bo
 5.83945 2.29576 0.366116 0.599541 0.194741 0.0342808 2.54291 0.946547 0.323423 0.0229921 0.0588687 0.199457 0.307015 0.181728 0.109672 0.108246 0.855744 0.251041 2.19262 0.749719 1.10398 1.00737 1.4708 0.607624 1.44329 1.13932 0.59171 0.884109 2.06362 0.936122 0.302003 1.23251 0.387676
BD_Brms
 6.25991 2.46106 0.392477 0.64271 0.208763 0.0367491 2.72601 1.0147 0.346711 0.0246476 0.0631075 0.213819 0.329121 0.194813 0.117569 0.11604 0.91736 0.269117 2.3505 0.803701 1.18347 1.07991 1.5767 0.651375 1.54721 1.22135 0.634316 0.947768 2.21221 1.00353 0.323748 1.32126 0.41559
Sel_flota
 0.53486 1 1 1 1
 0.53486 1 1 1 1
 0.53486 1 1 1 1
 0.53486 1 1 1 1
 0.53486 1 1 1 1
 0.53486 1 1 1 1
 0.53486 1 1 1 1
 0.53486 1 1 1 1
 0.53486 1 1 1 1
 0.53486 1 1 1 1
 0.53486 1 1 1 1
 0.53486 1 1 1 1
 0.53486 1 1 1 1
 0.53486 1 1 1 1
 0.53486 1 1 1 1
 0.53486 1 1 1 1
 0.53486 1 1 1 1
 0.53486 1 1 1 1
 0.53486 1 1 1 1
 0.53486 1 1 1 1
 0.53486 1 1 1 1
 0.53486 1 1 1 1
 0.53486 1 1 1 1
 0.53486 1 1 1 1
 0.53486 1 1 1 1
 0.53486 1 1 1 1
 0.53486 1 1 1 1
 0.53486 1 1 1 1
 0.53486 1 1 1 1
 0.53486 1 1 1 1
 0.53486 1 1 1 1
 0.53486 1 1 1 1
 0.53486 1 1 1 1
Sel_reclas
 0.757787 1 1 1 1
 0.757787 1 1 1 1
 0.757787 1 1 1 1
 0.757787 1 1 1 1
 0.757787 1 1 1 1
 0.757787 1 1 1 1
 0.757787 1 1 1 1
 0.757787 1 1 1 1
 0.757787 1 1 1 1
 0.757787 1 1 1 1
 0.757787 1 1 1 1
 0.757787 1 1 1 1
 0.757787 1 1 1 1
 0.757787 1 1 1 1
 0.757787 1 1 1 1
 0.757787 1 1 1 1
 0.757787 1 1 1 1
 0.757787 1 1 1 1
 0.757787 1 1 1 1
 0.757787 1 1 1 1
 0.757787 1 1 1 1
 0.757787 1 1 1 1
 0.757787 1 1 1 1
 0.757787 1 1 1 1
 0.757787 1 1 1 1
 0.757787 1 1 1 1
 0.757787 1 1 1 1
 0.757787 1 1 1 1
 0.757787 1 1 1 1
 0.757787 1 1 1 1
 0.757787 1 1 1 1
 0.757787 1 1 1 1
 0.757787 1 1 1 1
Sel_pelaces
 0.678056 1 1 1 1
 0.678056 1 1 1 1
 0.678056 1 1 1 1
 0.678056 1 1 1 1
 0.678056 1 1 1 1
 0.678056 1 1 1 1
 0.678056 1 1 1 1
 0.678056 1 1 1 1
 0.678056 1 1 1 1
 0.678056 1 1 1 1
 0.678056 1 1 1 1
 0.678056 1 1 1 1
 0.678056 1 1 1 1
 0.678056 1 1 1 1
 0.678056 1 1 1 1
 0.678056 1 1 1 1
 0.678056 1 1 1 1
 0.678056 1 1 1 1
 0.678056 1 1 1 1
 0.678056 1 1 1 1
 0.678056 1 1 1 1
 0.678056 1 1 1 1
 0.678056 1 1 1 1
 0.678056 1 1 1 1
 0.678056 1 1 1 1
 0.678056 1 1 1 1
 0.678056 1 1 1 1
 0.678056 1 1 1 1
 0.678056 1 1 1 1
 0.678056 1 1 1 1
 0.678056 1 1 1 1
 0.678056 1 1 1 1
 0.678056 1 1 1 1
pf_obs 
 0.8446 0.082 0.0669 0.0065 0
 0.8095 0.147 0.0364 0.0071 0
 0.9664 0.0169 0.016 0.0007 0
 0.9276 0.0648 0.0075 0.0001 0
 0.7033 0.2144 0.0806 0.0017 0
 0.9318 0.0425 0.0243 0.0014 0
 0.5671 0.3108 0.0964 0.0239 0.0018
 0.0768 0.2599 0.5324 0.112 0.0189
 0.490249 0.384438 0.106611 0.0170017 0.00170017
 0.7925 0.1577 0.0466 0.003 0.0002
 0.840416 0.127587 0.0312969 0.00059994 9.999e-05
 0.8084 0.0986 0.0794 0.0134 0.0002
 0.7335 0.1905 0.0724 0.0035 0.0001
 0.4001 0.4547 0.1325 0.0127 0
 0.49795 0.308269 0.164784 0.0264974 0.00249975
 0.9179 0.0499 0.0305 0.0017 0
 0.2467 0.6533 0.0926 0.0074 0
 0.9418 0.0223 0.034 0.0019 0
 0.707729 0.231977 0.0356964 0.0245975 0
 0.517169 0.277429 0.184464 0.0207286 0.00020938
 0.811772 0.124168 0.05621 0.00726502 0.000585176
 0.764997 0.148141 0.077277 0.00933861 0.000247198
 0.163321 0.427699 0.378323 0.0303852 0.000271297
 0.753843 0.0900009 0.118128 0.0371064 0.000921714
 0.721811 0.176058 0.0630433 0.0369309 0.00215725
 0.143369 0.312575 0.442814 0.0836902 0.0175525
 0.692698 0.0596174 0.167031 0.0765114 0.00414204
 0.394062 0.376323 0.152708 0.0712218 0.00568511
 0.125707 0.32114 0.495352 0.0537591 0.00404204
 0.23352 0.215282 0.420074 0.123614 0.00750983
 0.796117 0.104755 0.0508955 0.0450114 0.00322123
 0.162477 0.292055 0.404252 0.121198 0.0200186
 0 0 0 0 0
pf_pred 
 0.0740036 0.174724 0.664419 0.0868516 9.68334e-07
 0.162514 0.117605 0.135833 0.516528 0.0675203
 0.956693 0.0146318 0.00402678 0.00465092 0.0199978
 0.396374 0.59341 0.0034515 0.000949877 0.00581439
 0.434088 0.380647 0.18213 0.00105934 0.0020761
 0.994985 0.00385444 0.000780871 0.000373628 6.43213e-06
 0.0774389 0.920413 0.00165065 0.000334404 0.000162759
 0.110963 0.149175 0.73814 0.00132376 0.000398708
 0.503937 0.0997978 0.0664909 0.329006 0.000767746
 0.982309 0.0149729 0.000546769 0.000364288 0.00180676
 0.892694 0.107021 0.000240981 8.79998e-06 3.49419e-05
 0.8934 0.101332 0.00525407 1.18307e-05 2.14745e-06
 0.760627 0.231073 0.0078899 0.000409092 1.08836e-06
 0.823788 0.160853 0.0148257 0.000506217 2.63172e-05
 0.84494 0.148563 0.00593107 0.00054666 1.96359e-05
 0.979018 0.0201909 0.000757989 3.02612e-05 2.88932e-06
 0.1728 0.821296 0.00568112 0.000213276 9.32758e-06
 0.980959 0.00730726 0.0116503 8.05885e-05 3.1577e-06
 0.475074 0.520778 0.00159188 0.00253801 1.8244e-05
 0.82013 0.130311 0.0491674 0.000150292 0.00024134
 0.733146 0.247954 0.0136923 0.00516621 4.11503e-05
 0.876597 0.109063 0.0133247 0.000735808 0.000279837
 0.140177 0.818913 0.0361557 0.00441733 0.0003367
 0.872384 0.036874 0.0864247 0.00381573 0.000501721
 0.679055 0.302634 0.00529072 0.0124003 0.000619472
 0.330164 0.558212 0.105256 0.00184011 0.00452829
 0.844617 0.0833716 0.060011 0.0113157 0.00068464
 0.782915 0.202279 0.00794421 0.00571826 0.00114347
 0.253041 0.663831 0.0774581 0.00304206 0.00262755
 0.448921 0.232546 0.283084 0.0330312 0.00241774
 0.919549 0.0550341 0.0107255 0.0130564 0.00163497
 0.24708 0.728057 0.0170081 0.00331466 0.0045403
 0.790013 0.0872158 0.118717 0.00277333 0.00128083
pobs_RECLAS
 0 0 0 0 0
 0 0 0 0 0
 0 0 0 0 0
 0 0 0 0 0
 0 0 0 0 0
 0 0 0 0 0
 0 0 0 0 0
 0 0 0 0 0
 0 0 0 0 0
 0 0 0 0 0
 0.991045 0.00858322 0.000360255 1.14367e-05 0
 0.934742 0.0480273 0.0164251 0.00080598 0
 0.827803 0.169806 0.00239088 0 0
 0.941827 0.0461693 0.0120037 0 0
 0.791401 0.0380133 0.147996 0.0225897 0
 0.846168 0.0940531 0.0597789 0 0
 0.134021 0.677848 0.182769 0.00536245 0
 0.80878 0.0450904 0.141981 0.00414843 0
 0.846168 0.0940531 0.0597789 0 0
 0.905697 0.0802665 0.012482 0.00150086 5.37128e-05
 0.989698 0.0102097 9.19794e-05 0 0
 0.975433 0.0193895 0.00387452 0.00125025 5.28907e-05
 0.303575 0.632131 0.0575291 0.00676475 0
 0.966965 0.00978017 0.0227588 0.000495775 0
 0.843318 0.132988 0.00938335 0.0141283 0.000182051
 0.564624 0.303363 0.111486 0.0197234 0.00080311
 0.826376 0.0876187 0.0782897 0.00655872 0.00115652
 0.89761 0.0855135 0.0140674 0.00269457 0.000114338
 0.34875 0.467042 0.161289 0.0227151 0.000203297
 0.318654 0.224769 0.449479 0.00709798 0
 0.937255 0.0296025 0.0250945 0.00804832 0
 0.456809 0.399803 0.12412 0.0192676 0
 0.883104 0.0372192 0.0704036 0.00927362 0
ppred_RECLAS
 0.103091 0.169236 0.643549 0.0841235 9.37916e-07
 0.229055 0.10826 0.125041 0.475488 0.0621556
 0.971284 0.00970211 0.00267009 0.00308395 0.0132602
 0.515147 0.476647 0.00277236 0.000762973 0.00467031
 0.583086 0.280427 0.134177 0.000780426 0.00152949
 0.996547 0.00265365 0.000537603 0.00025723 4.4283e-06
 0.111355 0.886576 0.00158996 0.00032211 0.000156775
 0.151871 0.142311 0.704175 0.00126285 0.000380361
 0.669925 0.0664043 0.0442423 0.218917 0.000510849
 0.991866 0.00688458 0.000251407 0.000167501 0.000830754
 0.924802 0.0749988 0.000168876 6.1669e-06 2.44868e-05
 0.932629 0.0640417 0.00332057 7.47698e-06 1.35719e-06
 0.839597 0.154842 0.005287 0.000274132 7.29311e-07
 0.899507 0.0917345 0.00845506 0.000288695 1.50087e-05
 0.911125 0.0851507 0.00339947 0.000313325 1.12546e-05
 0.986718 0.0127808 0.000479804 1.91552e-05 1.82893e-06
 0.249584 0.74506 0.00515378 0.000193479 8.46176e-06
 0.987213 0.0049071 0.00782364 5.41182e-05 2.12051e-06
 0.5883 0.408446 0.00124851 0.00199057 1.43088e-05
 0.877703 0.0886007 0.0334297 0.000102186 0.000164091
 0.810327 0.17624 0.00973216 0.00367202 2.92486e-05
 0.917407 0.072995 0.00891817 0.000492472 0.000187293
 0.197322 0.764487 0.0337527 0.00412375 0.000314322
 0.910896 0.025746 0.0603433 0.00266421 0.00035031
 0.758762 0.227475 0.00397676 0.00932069 0.000465626
 0.422486 0.481274 0.090749 0.00158649 0.00390416
 0.891486 0.0582237 0.0419095 0.00790244 0.000478128
 0.840667 0.148466 0.00583079 0.00419701 0.000839269
 0.330016 0.595423 0.069476 0.00272857 0.00235677
 0.555803 0.187444 0.22818 0.0266248 0.00194882
 0.94556 0.037241 0.00725781 0.0088351 0.00110637
 0.323242 0.65441 0.0152876 0.00297936 0.00408102
 0.865052 0.0560491 0.0762931 0.00178228 0.000823121
pobs_PELACES
 0 0 0 0 0
 0 0 0 0 0
 0 0 0 0 0
 0 0 0 0 0
 0 0 0 0 0
 0 0 0 0 0
 0 0 0 0 0
 0 0 0 0 0
 0 0 0 0 0
 0 0 0 0 0
 0 0 0 0 0
 0 0 0 0 0
 0 0 0 0 0
 0 0 0 0 0
 0 0 0 0 0
 0 0 0 0 0
 0.505614 0.472636 0.0217494 0 0
 0 0 0 0 0
 0.443492 0.261883 0.143347 0.151278 0
 0.227955 0.32914 0.350689 0.0885471 0.00366901
 0.970185 0.0296113 0.000203453 0 0
 0.997202 0.00247181 0.000326279 0 0
 0.445219 0.490057 0.0546422 0.010081 0
 0.90214 0.0892962 0.00764917 0.000914606 0
 0 0 0 0 0
 0.581667 0.319106 0.0959925 0.00289975 0.000334073
 0.762889 0.0836404 0.116647 0.0363945 0.000428098
 0.88444 0.0763242 0.0277011 0.0115352 0
 0.521256 0.241999 0.230069 0.00667565 0
 0.616807 0.101726 0.260614 0.0208532 0
 0.833518 0.0704572 0.0857862 0.0102388 0
 0.697417 0.212968 0.0787535 0.0105354 0.000325836
 0 0 0 0 0
ppred_PELACES
 0.0974819 0.170294 0.647573 0.0846496 9.43782e-07
 0.240316 0.106679 0.123214 0.468543 0.0612477
 0.972982 0.00912836 0.00251219 0.00290158 0.0124761
 0.550239 0.44215 0.00257171 0.000707753 0.0043323
 0.648359 0.236523 0.11317 0.000658241 0.00129003
 0.99643 0.00274327 0.000555758 0.000265917 4.57785e-06
 0.113319 0.884617 0.00158645 0.000321399 0.000156429
 0.14318 0.143769 0.711391 0.00127579 0.000384259
 0.745105 0.0512797 0.0341654 0.169055 0.000394495
 0.994792 0.00440814 0.000160974 0.00010725 0.000531925
 0.92487 0.0749304 0.000168722 6.16128e-06 2.44645e-05
 0.942388 0.0547645 0.00283955 6.39385e-06 1.16059e-06
 0.860421 0.134739 0.00460062 0.000238543 6.34628e-07
 0.925291 0.0681971 0.00628565 0.000214621 1.11577e-05
 0.933092 0.0641043 0.00255924 0.000235882 8.47281e-06
 0.9882 0.011355 0.000426278 1.70183e-05 1.6249e-06
 0.272673 0.722136 0.00499521 0.000187526 8.2014e-06
 0.987545 0.00477956 0.0076203 5.27116e-05 2.0654e-06
 0.614246 0.382705 0.00116983 0.00186512 1.3407e-05
 0.888427 0.0808318 0.0304985 9.32256e-05 0.000149703
 0.823252 0.16423 0.00906898 0.00342179 2.72555e-05
 0.924291 0.066911 0.00817486 0.000451425 0.000171683
 0.203328 0.758767 0.0335002 0.00409289 0.000311971
 0.912734 0.0252151 0.0590988 0.00260926 0.000343086
 0.760917 0.225442 0.00394124 0.00923742 0.000461466
 0.424624 0.479493 0.0904131 0.00158062 0.00388971
 0.895432 0.0561067 0.0403857 0.00761511 0.000460743
 0.837876 0.151066 0.00593291 0.00427052 0.000853969
 0.322426 0.602168 0.070263 0.00275948 0.00238347
 0.572452 0.180418 0.219627 0.0256268 0.00187578
 0.948102 0.0355019 0.00691888 0.00842251 0.0010547
 0.316234 0.661186 0.0154459 0.00301022 0.00412328
 0.887096 0.0468934 0.0638305 0.00149114 0.000688663
pobs_pel_tallas
 0 0 0 0 0 0 0 0 0 0 0 0 0 0 0 0 0 0 0 0 0 0 0 0 0 0
 0 0 0 0 0 0 0 0 0 0 0 0 0 0 0 0 0 0 0 0 0 0 0 0 0 0
 0 0 0 0 0 0 0 0 0 0 0 0 0 0 0 0 0 0 0 0 0 0 0 0 0 0
 0 0 0 0 0 0 0 0 0 0 0 0 0 0 0 0 0 0 0 0 0 0 0 0 0 0
 0 0 0 0 0 0 0 0 0 0 0 0 0 0 0 0 0 0 0 0 0 0 0 0 0 0
 0 0 0 0 0 0 0 0 0 0 0 0 0 0 0 0 0 0 0 0 0 0 0 0 0 0
 0 0 0 0 0 0 0 0 0 0 0 0 0 0 0 0 0 0 0 0 0 0 0 0 0 0
 0 0 0 0 0 0 0 0 0 0 0 0 0 0 0 0 0 0 0 0 0 0 0 0 0 0
 0 0 0 0 0 0 0 0 0 0 0 0 0 0 0 0 0 0 0 0 0 0 0 0 0 0
 0 0 0 0 0 0 0 0 0 0 0 0 0 0 0 0 0 0 0 0 0 0 0 0 0 0
 0 0 0 0 0 0 0 0 0 0 0 0 0 0 0 0 0 0 0 0 0 0 0 0 0 0
 0 0 0 0 0 0 0 0 0 0 0 0 0 0 0 0 0 0 0 0 0 0 0 0 0 0
 0.00862536 0 0 0.000197151 0.00414017 0.0128641 0.00837892 0.0270097 0.101434 0.158115 0.152841 0.127902 0.109271 0.109419 0.0830992 0.0579132 0.0238553 0.00714673 0.00463305 0.00128148 0.00103504 0.000492878 0.000147863 0.000147863 4.92878e-05 0
 0 0 0 0 0 0 0 0 0 0 0 0 0 0 0 0 0 0 0 0 0 0 0 0 0 0
 0 0 0 0 0 0 0 0.0054083 0.00873648 0.0413646 0.0450493 0.0745869 0.0622846 0.0627006 0.0613931 0.0827291 0.12552 0.122667 0.0946155 0.0697135 0.0546179 0.0294188 0.0215738 0.0213955 0.0102223 0.00600262
 0 0 0 0 0.00359764 0.0251062 0.0480494 0.140153 0.205849 0.193036 0.1447 0.116669 0.0760912 0.0342217 0.00950174 0.001854 0.000860785 0 0 0 0.000165536 0 0.000143464 0 0 0
 0 0 0 0 0 0 0 0.000145254 0.000435761 0.0275982 0.070085 0.0708112 0.156366 0.174668 0.174014 0.160142 0.0824315 0.0480064 0.0283245 0.00493863 0.00203355 0 0 0 0 0
 0 0 0 0 0 0 0 0 0 0 0 0 0 0 0 0 0 0 0 0 0 0 0 0 0 0
 0 0 1.00437e-05 0.000401748 0.00122533 0.00171747 0.00176769 0.0269171 0.070346 0.194647 0.189555 0.159765 0.064822 0.0314167 0.0384472 0.0292271 0.0345202 0.0313363 0.0194345 0.0106764 0.0143323 0.0359363 0.0279516 0.0138201 0.00172751 0
 0 0.0021121 0.0136068 0.0755702 0.200478 0.177729 0.0527432 0.0373336 0.0318909 0.0142505 0.0149659 0.0166563 0.0217959 0.0798694 0.0677717 0.0528807 0.04013 0.0224614 0.0357745 0.0225083 0.00881397 0.00855152 0.00135912 0.000746735 0 0
 0 0 0 0 5.4009e-05 0.00500934 0.000945158 0.0243581 0.138947 0.33067 0.221406 0.137944 0.0707744 0.0437923 0.0131692 0.00525238 0.0047753 0.00276346 9.45158e-05 9.00151e-06 2.25038e-05 9.00151e-06 4.50075e-06 0 0 0
 0.000866109 0.00284123 0.00948549 0.0512746 0.133035 0.25785 0.225252 0.132002 0.0553304 0.0519788 0.0540692 0.017754 0.00435017 0.00159236 0.00146478 0.000404838 0.000125132 0.000115318 0.000107957 0.000100596 0 0 0 0 0 0
 0 0 0 0 0.00144013 0.00171154 0.00461396 0.0210425 0.0478622 0.0707936 0.0888783 0.103762 0.0637923 0.0337046 0.0602308 0.124433 0.169614 0.0934646 0.0462172 0.0250306 0.0313229 0.00938855 0.002487 0.000210481 0 0
 0 0.00764035 0.051015 0.0998891 0.058973 0.0496711 0.0374665 0.0718981 0.12319 0.153886 0.159021 0.0857701 0.0377988 0.023471 0.0147837 0.00900784 0.00315554 0.000888139 0.00291439 0.00214683 0.00393193 0.00274676 0.000635225 9.99891e-05 0 0
 0 0 0 0 0 0 0 0 0 0 0 0 0 0 0 0 0 0 0 0 0 0 0 0 0 0
 0 0 0 0 0 0 0 0 0 0 0 0 0 0 0 0 0 0 0 0 0 0 0 0 0 0
 0 0 0 0 0 0 0 0 0 0 0 0 0 0 0 0 0 0 0 0 0 0 0 0 0 0
 0 0 0 0 0 0 0 0 0 0 0 0 0 0 0 0 0 0 0 0 0 0 0 0 0 0
 0 0 0 0 0 0 0 0 0 0 0 0 0 0 0 0 0 0 0 0 0 0 0 0 0 0
 0 0 0 0 0 0 0 0 0 0 0 0 0 0 0 0 0 0 0 0 0 0 0 0 0 0
 0 0 0 0 0 0 0 0 0 0 0 0 0 0 0 0 0 0 0 0 0 0 0 0 0 0
 0 0 0 0 0 0 0 0 0 0 0 0 0 0 0 0 0 0 0 0 0 0 0 0 0 0
 0 0 0 0 0 0 0 0 0 0 0 0 0 0 0 0 0 0 0 0 0 0 0 0 0 0
ppred_pel_tallas
 1.27221e-16 8.02949e-06 7.80495e-05 0.000518667 0.0023578 0.00733607 0.0156309 0.0228174 0.0228348 0.0157164 0.00762603 0.00320796 0.00270043 0.00499884 0.00981634 0.0174229 0.0279099 0.0409603 0.0560602 0.0726898 0.0900549 0.106463 0.119067 0.124607 0.120922 0.108196
 1.60937e-16 1.97946e-05 0.00019241 0.00127863 0.00581249 0.0180849 0.0385321 0.056241 0.0562516 0.0385842 0.0182609 0.00632587 0.00258674 0.00311509 0.00577676 0.0100883 0.015949 0.0232514 0.0321343 0.0432698 0.0576579 0.0758002 0.096713 0.117526 0.134101 0.142446
 1.02478e-16 8.01432e-05 0.000779021 0.00517687 0.0235333 0.0732208 0.156005 0.227694 0.227694 0.156009 0.0732353 0.0235754 0.00528287 0.00101157 0.000525394 0.000751946 0.00110172 0.00144689 0.0017257 0.00193259 0.00212906 0.00240921 0.00283653 0.00339524 0.00398586 0.00446302
 1.00992e-16 4.53225e-05 0.000440551 0.00292762 0.0133086 0.0414081 0.0882259 0.128777 0.12882 0.0884336 0.0421052 0.0153209 0.00797414 0.0114414 0.0208918 0.0343456 0.0491883 0.0612608 0.0663622 0.0625662 0.0514084 0.0369331 0.0233862 0.0133147 0.00714707 0.00396776
 1.03611e-16 5.34045e-05 0.000519111 0.00344967 0.0156817 0.0487918 0.103957 0.151733 0.151756 0.104069 0.0491683 0.0167708 0.00618905 0.00651794 0.0115008 0.0190699 0.0277913 0.035618 0.0404639 0.0413049 0.0386978 0.0342414 0.0294688 0.0250905 0.0210459 0.0170503
 1.00045e-16 8.20747e-05 0.000797795 0.00530163 0.0241004 0.0749854 0.159764 0.233181 0.233181 0.159766 0.0749897 0.024113 0.00533315 0.00086667 0.000213042 0.000222709 0.000313801 0.000396445 0.00044087 0.000435417 0.00038871 0.000323102 0.000260707 0.000212798 0.000178785 0.000152212
 1.00331e-16 9.33409e-06 9.07308e-05 0.000602942 0.00274094 0.00852854 0.0181741 0.0265434 0.0266285 0.0185896 0.00992317 0.0067665 0.0106978 0.022095 0.0417028 0.0686747 0.0983321 0.122402 0.132463 0.124639 0.101989 0.0726051 0.0450096 0.0243511 0.0115598 0.00488068
 1.20759e-16 1.17936e-05 0.000114638 0.00076181 0.00346309 0.010775 0.0229579 0.0335108 0.0335257 0.0230313 0.0110246 0.00419741 0.0026559 0.00441721 0.0086729 0.0155911 0.025405 0.038048 0.0531976 0.0702794 0.0881219 0.104464 0.115993 0.119381 0.112897 0.0975024
 1.1802e-16 6.13733e-05 0.000596571 0.00396442 0.0180217 0.0560722 0.119468 0.174368 0.174373 0.119493 0.0561554 0.0182636 0.00457748 0.001955 0.00270336 0.00454421 0.00697064 0.00973953 0.0127244 0.0160613 0.0201256 0.0252272 0.0312033 0.0372201 0.0419649 0.044146
 1.00107e-16 8.19397e-05 0.000796483 0.00529291 0.0240608 0.0748621 0.159502 0.232797 0.232798 0.159504 0.074869 0.0240809 0.00534331 0.000906409 0.000290452 0.000349828 0.000494504 0.000618786 0.000677068 0.000651229 0.000557635 0.000436829 0.000329973 0.000259613 0.00022575 0.000214434
 1.00029e-16 7.61804e-05 0.0007405 0.00492088 0.0223696 0.0696003 0.148291 0.216437 0.216444 0.148326 0.0697184 0.0227106 0.00577597 0.00260438 0.00360785 0.00582249 0.00832974 0.0103687 0.0112214 0.0105594 0.00864154 0.00615328 0.00381624 0.00206642 0.000982603 0.000416246
 1.00097e-16 7.76233e-05 0.000754526 0.00501409 0.0227933 0.0709185 0.1511 0.220535 0.220541 0.151125 0.071005 0.0230429 0.00564001 0.00211955 0.00266601 0.00427392 0.00612397 0.00764735 0.00832202 0.00790798 0.00658802 0.0048494 0.00320159 0.00194744 0.00113746 0.000668032
 1.00192e-16 7.08717e-05 0.000688899 0.00457797 0.0208108 0.0647502 0.137958 0.201356 0.201369 0.138021 0.0649628 0.0214245 0.00611713 0.00404495 0.00643304 0.0104925 0.0150361 0.0187566 0.0203735 0.0192971 0.0159832 0.0116425 0.00754365 0.00444455 0.00247407 0.00137142
 1.00223e-16 7.6215e-05 0.000740837 0.00492313 0.0223798 0.0696319 0.148358 0.216535 0.216541 0.148391 0.0697397 0.0226909 0.00570357 0.00244354 0.00330693 0.00533834 0.00766343 0.00959546 0.01049 0.010049 0.00849386 0.00641761 0.00443604 0.00290899 0.00189051 0.00125485
 1.00116e-16 7.68576e-05 0.000747083 0.00496463 0.0225685 0.070219 0.149609 0.21836 0.218366 0.149639 0.0703201 0.0228605 0.00569705 0.00234419 0.00310484 0.00499755 0.00715934 0.00893451 0.00971215 0.00921182 0.00764968 0.00559993 0.00366345 0.00219788 0.0012626 0.000733222
 1.00018e-16 8.13967e-05 0.000791205 0.00525784 0.0239014 0.074366 0.158445 0.231255 0.231256 0.15845 0.0743839 0.0239531 0.00538756 0.00107407 0.00061766 0.000889774 0.0012679 0.00158165 0.00171862 0.00162887 0.00135072 0.000985997 0.000641386 0.000380531 0.000214206 0.000120513
 1.00349e-16 2.24599e-05 0.000218318 0.0014508 0.00659518 0.0205204 0.0437235 0.0638303 0.0638997 0.0440627 0.021659 0.00988177 0.00969278 0.0181847 0.0340676 0.0560847 0.0803194 0.100013 0.108294 0.102 0.0836171 0.0597334 0.0372813 0.0204429 0.00996912 0.0044355
 1.00227e-16 8.13428e-05 0.000790681 0.00525435 0.0238855 0.0743167 0.15834 0.231102 0.231102 0.158342 0.0743245 0.0239081 0.00531161 0.000917355 0.000326817 0.000424245 0.000632605 0.000856048 0.00105542 0.00121022 0.00131913 0.00138761 0.00141133 0.00137333 0.0012582 0.00106957
 1.00321e-16 5.05947e-05 0.000491799 0.00326818 0.0148567 0.0462249 0.0984883 0.143754 0.143791 0.0986681 0.0468283 0.0165983 0.00763576 0.0100123 0.0180907 0.0297199 0.0425554 0.0529839 0.0573632 0.0540199 0.0442785 0.031638 0.0197774 0.0109121 0.00543044 0.00256187
 1.00936e-16 7.31786e-05 0.000711322 0.00472698 0.0214882 0.0668577 0.142448 0.207908 0.207916 0.142486 0.0669862 0.0218594 0.00566022 0.00275299 0.00396344 0.00646946 0.00938801 0.0119604 0.0134576 0.013528 0.01238 0.0106007 0.00876839 0.00717522 0.00582493 0.0046093
 1.00652e-16 6.78102e-05 0.000659139 0.00438021 0.0199118 0.0619532 0.131998 0.192659 0.192675 0.132076 0.0622124 0.0206603 0.00625777 0.00475417 0.00783416 0.0128157 0.0183881 0.0229831 0.0250523 0.0238838 0.0200301 0.0149498 0.0101585 0.00654232 0.00422539 0.00287272
 1.00328e-16 7.61326e-05 0.000740036 0.0049178 0.0223556 0.0695567 0.148198 0.216301 0.216307 0.14823 0.0696624 0.022661 0.00568428 0.00241277 0.00325151 0.00525096 0.00754717 0.0094694 0.010389 0.0100144 0.00855901 0.00659492 0.00471237 0.0032509 0.00225537 0.00160277
 1.01624e-16 1.6748e-05 0.000162796 0.00108184 0.00491795 0.015302 0.0326051 0.0476034 0.0476764 0.0329618 0.0164992 0.00837454 0.00975235 0.0190706 0.0358669 0.0591134 0.0847876 0.10585 0.11513 0.109316 0.0909611 0.0668459 0.0440582 0.0268048 0.0157688 0.00947228
 1.02032e-16 7.51807e-05 0.000730783 0.00485631 0.0220761 0.0686869 0.146345 0.213595 0.213598 0.146357 0.0687286 0.0221975 0.00516535 0.00141908 0.00142229 0.0023361 0.00359875 0.00502499 0.00646233 0.00781068 0.00902349 0.0100352 0.0106922 0.0107808 0.0101502 0.00883282
 1.01176e-16 6.26758e-05 0.000609231 0.00404856 0.0184042 0.0572623 0.122004 0.178073 0.178095 0.12211 0.0576179 0.0194307 0.00662333 0.00622325 0.010705 0.0175471 0.0251524 0.0313831 0.0341124 0.0323731 0.026952 0.0198955 0.0133284 0.00849054 0.00553783 0.00395803
 1.03549e-16 3.49758e-05 0.000339977 0.00225927 0.0102703 0.0319551 0.0680854 0.0993824 0.0994286 0.0683114 0.0327139 0.0124625 0.00776326 0.0123595 0.0228745 0.0377914 0.0545043 0.0686726 0.0758703 0.0740146 0.0645645 0.0514632 0.0387351 0.028628 0.0213751 0.0161399
 1.02022e-16 7.37555e-05 0.00071693 0.00476425 0.0216576 0.0673849 0.143571 0.209547 0.209552 0.143598 0.0674747 0.0219177 0.0054196 0.00215591 0.00283114 0.00462772 0.00680858 0.0088738 0.0103588 0.0110377 0.0110233 0.0106275 0.0101056 0.0095053 0.00871945 0.0076481
 1.00783e-16 6.90148e-05 0.000670848 0.00445802 0.0202655 0.0630537 0.134343 0.196081 0.196095 0.134414 0.0632921 0.0209538 0.00618437 0.00443564 0.00720776 0.0117773 0.0168904 0.0210972 0.0229729 0.0218668 0.0182967 0.0136179 0.00923766 0.00597626 0.0039405 0.00280231
 1.02862e-16 2.65579e-05 0.000258153 0.00171552 0.00779853 0.0242644 0.0517001 0.07547 0.075528 0.0519835 0.025216 0.0105467 0.00861218 0.0153084 0.0285941 0.0471877 0.0678714 0.0851281 0.0933341 0.0898668 0.0766549 0.058864 0.0418317 0.0286374 0.0196982 0.0139032
 1.09272e-16 4.71522e-05 0.000458336 0.0030458 0.0138458 0.0430795 0.0917861 0.133968 0.133986 0.0918727 0.0433712 0.0146922 0.00518525 0.00517758 0.00915277 0.0154292 0.0230886 0.0308392 0.0373334 0.0418549 0.0445583 0.0459963 0.046394 0.045373 0.042341 0.0371237
 1.01232e-16 7.80939e-05 0.000759101 0.00504449 0.0229315 0.0713485 0.152016 0.221872 0.221875 0.152032 0.0714048 0.0230941 0.0054529 0.00165175 0.00177673 0.00282281 0.00408138 0.00518289 0.00581214 0.00583403 0.00537155 0.00471754 0.00414721 0.00377754 0.00355761 0.00335785
 1.01615e-16 2.60479e-05 0.000253195 0.00168257 0.00764878 0.0237985 0.0507076 0.0740226 0.0740862 0.0510183 0.0248414 0.0106593 0.00923328 0.0167158 0.0312308 0.0514302 0.0737111 0.0919082 0.0997588 0.0943821 0.0780445 0.0567311 0.0367099 0.0217184 0.0123672 0.00731408
 1.02121e-16 7.3069e-05 0.000710256 0.0047199 0.021456 0.0667576 0.142234 0.207596 0.207601 0.142257 0.0668336 0.0216766 0.00527791 0.00194231 0.00245361 0.00404622 0.00606624 0.00813491 0.00989889 0.0111619 0.0119401 0.0123435 0.012399 0.0119969 0.0110031 0.00942061
pSPR Fmed_Fpbrs
1   0.982833 0.6 0.325 0.982833 0.982833 0.982833
Fs Fmed_Fpbrs
0   0.01 0.333029 0.849021 0.01 0.01 0.01
SSBpbr Bo_Bmed_Bpbrs
278287  264373  259595 153058 76528.9 259595 259595 259595
Ro
57470.1
SPR SPRFo_SPRFmed_SPRFpbrs
414034 414034 406926
Fref
0
Nvult_r0
 51390.3 4414.68 6009.19 140.38 64.8328
CTP_r0
 26878.3 2967.3 4039.05 94.3559 43.577
YTP_r0
356153
Np
 58590 21554 7929.29 2917.02 1467.89
Nvult_p0
 37035.9 13624.8 5012.27 1843.91 927.883
CTP_p0
 0 0 0 0 0
 0 0 0 0 0
 0 0 0 0 0
 0 0 0 0 0
 0 0 0 0 0
 0 0 0 0 0
YTP_p0
 0 0 0 0 0 0
CBA_c0
0
log_Ro
10.779
likeval ReclasPelacesDesembMPH_pf_preclas_ppelaces_ptallas_desvR_qrecl_qpela
 17.0456 16.5931 0.217076 0.00160011 295.663 138.96 129.274 0 73.1718 0.000116281 0.000194997 0.00280539 2069.85 0 0
q_reclas_q_pelaces
4.59513 7.20537
M
1
N
 14005.4 18765.2 71357.9 9327.77 0.103998
 9318.95 4343.7 5016.96 19077.8 2493.85
 189870 1870.42 514.754 594.54 2556.37
 37090.9 38109.4 221.659 61.0021 373.406
 8643.02 5666.53 2711.3 15.7699 30.906
 362887 823.924 166.919 79.8664 1.37493
 13836.2 101783 182.536 36.9799 17.9986
 4262.92 3226.17 15963.5 28.6286 8.62274
 8766.88 1354.5 902.446 4465.43 10.4202
 49979 614.069 22.4242 14.9403 74.099
 35872.7 2612.88 5.88347 0.214849 0.853095
 112579 8927.67 462.901 1.04232 0.189198
 74166.5 15716.4 536.629 27.8243 0.0740247
 70021.5 10475.1 965.48 32.9659 1.71383
 42211.7 5639.49 225.145 20.7514 0.745384
 259010 3607.48 135.429 5.40672 0.516231
 13275.5 42609.7 294.743 11.065 0.483925
 470617 2184.4 3482.7 24.0908 0.943948
 145984 107096 327.365 521.935 3.75183
 235930 25000.6 9432.92 28.8339 46.3018
 184502 41020.3 2265.19 854.673 6.8077
 414095 34097 4165.81 230.041 87.4875
 20229.9 74397 3284.69 401.308 30.5887
 168946 4433.31 10390.7 458.76 60.3212
 142341 38961 681.126 1596.41 79.7507
 32952.2 34113.5 6432.43 112.453 276.733
 127980 7981.87 5745.36 1083.34 65.5464
 180214 27661.7 1086.37 781.973 156.37
 31498.8 48368.7 5643.83 221.654 191.451
 26473.2 8871.91 10800 1260.18 92.2397
 136939 5221.52 1017.61 1238.76 155.123
 16585.9 28678.8 669.962 130.567 178.846
 58590 4634.12 6307.89 147.358 68.0554
pred_Ctot
 1408.89 3326.44 12649.3 1653.5 0.0184353
 2810.26 2033.67 2348.89 8932.04 1167.59
 57257.6 875.705 241 278.355 1196.86
 14698.6 22005.2 127.99 35.2239 215.612
 4492.43 3939.36 1884.89 10.9632 21.4858
 55711.4 215.819 43.7227 20.9203 0.36015
 3322.85 39494.3 70.8282 14.3491 6.98387
 371.684 499.682 2472.5 4.43411 1.33552
 5086.26 1007.26 671.096 3320.68 7.7489
 31316.1 477.336 17.431 11.6135 57.5995
 7571.55 907.717 2.04392 0.0746386 0.296366
 47667.8 5406.61 280.333 0.631231 0.114579
 31151.1 9463.5 323.128 16.7542 0.0445735
 38823.6 7580.72 698.706 23.857 1.24028
 22909.5 4028.08 160.813 14.822 0.532401
 96496.5 1990.11 74.7108 2.98268 0.284785
 4944.99 23502.9 162.576 6.10329 0.266926
 117951 878.628 1400.84 9.68999 0.379683
 52421.8 57464.9 175.655 280.055 2.01312
 83498.9 13267.2 5005.82 15.3015 24.5713
 61326.1 20740.8 1145.33 432.142 3.44213
 141817 17644.3 2155.69 119.04 45.2725
 5390.48 31491.1 1390.36 169.867 12.9477
 41379.9 1749.05 4099.39 180.992 23.7982
 32466.4 14469.3 252.955 592.874 29.6177
 7359.39 12442.6 2346.18 41.0164 100.936
 34829 3437.94 2474.64 466.617 28.2321
 31605 8165.65 320.695 230.836 46.16
 4769.12 12511.4 1459.87 57.3344 49.5219
 8160.38 4227.17 5145.83 600.433 43.9492
 39012.8 2334.88 455.039 553.93 69.3653
 2578.64 7598.35 177.504 34.5934 47.3847
 26878.3 2967.3 4039.05 94.3559 43.577
F
 0.170717 0.31918 0.31918 0.31918 0.31918
 0.605886 1.13279 1.13279 1.13279 1.13279
 0.605879 1.13278 1.13278 1.13278 1.13278
 0.878794 1.64304 1.64304 1.64304 1.64304
 1.35043 2.52483 2.52483 2.52483 2.52483
 0.271244 0.507131 0.507131 0.507131 0.507131
 0.455989 0.852539 0.852539 0.852539 0.852539
 0.146521 0.273942 0.273942 0.273942 0.273942
 1.65863 3.10105 3.10105 3.10105 3.10105
 1.95115 3.64796 3.64796 3.64796 3.64796
 0.39082 0.730696 0.730696 0.730696 0.730696
 0.968956 1.8116 1.8116 1.8116 1.8116
 0.95731 1.78983 1.78983 1.78983 1.78983
 1.51901 2.84001 2.84001 2.84001 2.84001
 1.45969 2.7291 2.7291 2.7291 2.7291
 0.804783 1.50466 1.50466 1.50466 1.50466
 0.804577 1.50428 1.50428 1.50428 1.50428
 0.480315 0.89802 0.89802 0.89802 0.89802
 0.764596 1.42952 1.42952 1.42952 1.42952
 0.749469 1.40124 1.40124 1.40124 1.40124
 0.688449 1.28716 1.28716 1.28716 1.28716
 0.716679 1.33994 1.33994 1.33994 1.33994
 0.518013 0.968502 0.968502 0.968502 0.968502
 0.467016 0.873155 0.873155 0.873155 0.873155
 0.428535 0.801209 0.801209 0.801209 0.801209
 0.417886 0.7813 0.7813 0.7813 0.7813
 0.531827 0.994328 0.994328 0.994328 0.994328
 0.315292 0.589485 0.589485 0.589485 0.589485
 0.267061 0.499309 0.499309 0.499309 0.499309
 0.623344 1.16543 1.16543 1.16543 1.16543
 0.563381 1.05332 1.05332 1.05332 1.05332
 0.275109 0.514356 0.514356 0.514356 0.514356
 1.09653 2.05013 2.05013 2.05013 2.05013
YTP_r0W_actual
 202662 51779.5 97219.9 2955.23 1536.09
YTP_p0W_proyectada
 0 0 0 0 0
 0 0 0 0 0
 0 0 0 0 0
 0 0 0 0 0
 0 0 0 0 0
 0 0 0 0 0
CTP_r0_actual
 26878.3 2967.3 4039.05 94.3559 43.577
CTP_p0_proyectada
 0 0 0 0 0
 0 0 0 0 0
 0 0 0 0 0
 0 0 0 0 0
 0 0 0 0 0
 0 0 0 0 0
Wmedp
 7.54 17.45 24.07 31.32 35.25
Frms_r0
 1.09653 2.05013 2.05013 2.05013 2.05013
Zrms_r0
 2.09653 3.05013 3.05013 3.05013 3.05013
nmprior
 7.29 8.9 8.7 0
nm_flota  nm_reclas  nm_pelaces    nm_pelaL
inf 19.9359 6.28205 13.1021
cv_recla  cv_pelaces  cv_mph
0.35755 0.446226 1.06908
 ------------------------------------------------
Talla a la edad & desviaci?n 
 8 13.2811 15.8009 17.003 17.5766
 0.8 1.32811 1.58009 1.7003 1.75766
