years
 1997 1998 1999 2000 2001 2002 2003 2004 2005 2006 2007 2008 2009 2010 2011 2012 2013 2014 2015 2016 2017 2018 2019 2020 2021 2022 2023
reclasobs
 0 0 0 370054 412103 1.49427e+06 250295 1.28982e+06 931140 785840 897777 1.04006e+06 184774 17550 25797 100020 73551 82996 120727 218422 84188 347160 605670 569463 516374 1.08416e+06 1.01767e+06
reclaspred
 1.42708e+06 259936 524391 185787 274977 358424 724051 635976 692548 885313 932525 673439 365369 148244 83860.1 80504.8 83978 110754 135572 146436 222268 237063 379602 496200 757750 674688 349550
pelacesobs
 0 0 0 0 0 0 0 0 0 2.06254e+06 1.5e+06 0 1.87456e+06 323000 250000 174000 83755 137374 0 501740 490994 745055 786931 1.00524e+06 1.33801e+06 1.41789e+06 0
pelacespred
 3.22819e+06 960724 598451 485163 791503 610359 2.09736e+06 1.77597e+06 1.82394e+06 2.48102e+06 2.04694e+06 1.50495e+06 888770 291307 168593 163875 175275 250316 289927 298735 583076 561965 689725 1.09149e+06 1.54638e+06 1.4219e+06 567189
mphobs
 0 0 0 0 0 0 112323 0 153150 637223 0 255016 313432 73983 77613 109348 50772 17779 17303 59886 28197 0 207744 136588 643089 65757 70829
mphpred
 395773 167027 158352 75787 66614.1 152844 188156 315219 290641 328935 420849 290810 167398 96972.5 43044.7 30911.2 26382 33804.2 49008.9 44564.5 65913.4 88429.8 99279.8 151138 220175 184270 139533
desembarqueobs
 350755 77701 442110 56441 14545 235359 269955 359681 431902 328805 639364 411747 362871 311530 167758 66681 60226 58785 57116 73181 50977 67692 138656 160484 209506 203330 245020
desembarquepred
 350731 77665.1 441608 56424.8 14544.1 235265 269944 359212 431520 328570 638385 411185 362280 311034 167277 66621.1 60204.2 58716.7 57046.6 73111.7 50965 67634 138567 160403 209353 203139 244801
Reclutas
 20216.2 44339.2 5533.07 9479.79 37863.4 17153.4 63817.7 58749.1 71727.5 114850 65924.2 46350.2 55182.1 29116.6 12707.7 9820.26 7218.64 9257.22 8291.04 10448.1 16793.5 19144.3 31718.4 50022.2 17560.2 28851 6191.76
log_desv_Rt
 -0.12576 0.659623 -1.4215 -0.883083 0.501741 -0.29005 1.02379 0.941031 1.14063 1.61139 1.05626 0.703981 0.878393 0.239062 -0.590039 -0.847798 -1.15558 -0.906841 -1.01707 -0.785821 -0.311251 -0.18024 0.324652 0.780222 -0.266609 0.229898 -1.30902
SSB
 561791 237091 224777 107578 94557.2 216959 255841 439512 397098 453441 597386 412799 250230 147478 70111.9 50622.2 46439.3 54771.3 72306.3 72082.6 96267.4 128557 150786 213715 353349 312398 219902
BT
 1.23031e+06 370210 386867 183980 282540 337639 1.07781e+06 990029 1.07742e+06 1.20339e+06 1.212e+06 841155 689377 397718 203169 110804 109675 136178 130282 153251 235892 208159 298253 475880 543834 536623 331121
Ftot
 0.687475 0.96207 1.99018 0.883155 0.206448 1.67279 1.39042 1.76447 1.97817 1.2843 1.88037 1.68951 2.90902 4.95303 4.95303 2.35043 2.11486 1.67361 1.20134 1.47162 0.742602 0.832315 1.06795 1.02872 0.755648 0.867218 1.71298
BD_Bspro_t
 0.926737 0.625968 0.511433 0.203969 0.279971 0.51874 0.415629 0.503401 0.432564 0.422285 0.453455 0.303158 0.209653 0.149441 0.0865476 0.0774212 0.0981239 0.156739 0.241601 0.288063 0.381938 0.517293 0.513785 0.526424 0.57658 0.472102 0.380375
BD_Bspro
 1.18645 0.500714 0.474708 0.227194 0.199696 0.458197 0.540312 0.928207 0.838633 0.957624 1.26162 0.871792 0.528463 0.311459 0.14807 0.106909 0.0980754 0.115672 0.152704 0.152232 0.203308 0.2715 0.318447 0.451345 0.746239 0.659756 0.464413
BD_Bo
 1.16763 0.492773 0.46718 0.223591 0.196529 0.45093 0.531743 0.913486 0.825333 0.942437 1.24161 0.857966 0.520082 0.306519 0.145721 0.105214 0.0965201 0.113837 0.150282 0.149817 0.200083 0.267195 0.313396 0.444187 0.734404 0.649292 0.457048
BD_Brms
 2.12297 0.895951 0.849418 0.40653 0.357325 0.819873 0.966806 1.66088 1.50061 1.71352 2.25748 1.55994 0.945603 0.557308 0.264948 0.191298 0.175491 0.206977 0.273241 0.272395 0.363788 0.485808 0.569812 0.807613 1.33528 1.18053 0.830996
S_f
 0.0762909 0.655498 0.977696 0.999011 0.999957
 0.0762909 0.655498 0.977696 0.999011 0.999957
 0.0762909 0.655498 0.977696 0.999011 0.999957
 0.0762909 0.655498 0.977696 0.999011 0.999957
 0.0762909 0.655498 0.977696 0.999011 0.999957
 0.0762909 0.655498 0.977696 0.999011 0.999957
 0.0762909 0.655498 0.977696 0.999011 0.999957
 0.0762909 0.655498 0.977696 0.999011 0.999957
 0.0762909 0.655498 0.977696 0.999011 0.999957
 0.0762909 0.655498 0.977696 0.999011 0.999957
 0.0762909 0.655498 0.977696 0.999011 0.999957
 0.0762909 0.655498 0.977696 0.999011 0.999957
 0.0762909 0.655498 0.977696 0.999011 0.999957
 0.0762909 0.655498 0.977696 0.999011 0.999957
 0.0762909 0.655498 0.977696 0.999011 0.999957
 0.0762909 0.655498 0.977696 0.999011 0.999957
 0.0762909 0.655498 0.977696 0.999011 0.999957
 0.0762909 0.655498 0.977696 0.999011 0.999957
 0.0762909 0.655498 0.977696 0.999011 0.999957
 0.0762909 0.655498 0.977696 0.999011 0.999957
 0.0762909 0.655498 0.977696 0.999011 0.999957
 0.0762909 0.655498 0.977696 0.999011 0.999957
 0.0762909 0.655498 0.977696 0.999011 0.999957
 0.0762909 0.655498 0.977696 0.999011 0.999957
 0.0762909 0.655498 0.977696 0.999011 0.999957
 0.0762909 0.655498 0.977696 0.999011 0.999957
 0.0762909 0.655498 0.977696 0.999011 0.999957
Scru_reclas
 0.1786 0.522505 0.84632 0.965175 0.992881
 0.1786 0.522505 0.84632 0.965175 0.992881
 0.1786 0.522505 0.84632 0.965175 0.992881
 0.1786 0.522505 0.84632 0.965175 0.992881
 0.1786 0.522505 0.84632 0.965175 0.992881
 0.1786 0.522505 0.84632 0.965175 0.992881
 0.1786 0.522505 0.84632 0.965175 0.992881
 0.1786 0.522505 0.84632 0.965175 0.992881
 0.1786 0.522505 0.84632 0.965175 0.992881
 0.1786 0.522505 0.84632 0.965175 0.992881
 0.1786 0.522505 0.84632 0.965175 0.992881
 0.1786 0.522505 0.84632 0.965175 0.992881
 0.1786 0.522505 0.84632 0.965175 0.992881
 0.1786 0.522505 0.84632 0.965175 0.992881
 0.1786 0.522505 0.84632 0.965175 0.992881
 0.1786 0.522505 0.84632 0.965175 0.992881
 0.1786 0.522505 0.84632 0.965175 0.992881
 0.1786 0.522505 0.84632 0.965175 0.992881
 0.1786 0.522505 0.84632 0.965175 0.992881
 0.1786 0.522505 0.84632 0.965175 0.992881
 0.1786 0.522505 0.84632 0.965175 0.992881
 0.1786 0.522505 0.84632 0.965175 0.992881
 0.1786 0.522505 0.84632 0.965175 0.992881
 0.1786 0.522505 0.84632 0.965175 0.992881
 0.1786 0.522505 0.84632 0.965175 0.992881
 0.1786 0.522505 0.84632 0.965175 0.992881
 0.1786 0.522505 0.84632 0.965175 0.992881
Scru_pelaces
 0.321195 0.704258 0.922984 0.98369 0.996716
 0.321195 0.704258 0.922984 0.98369 0.996716
 0.321195 0.704258 0.922984 0.98369 0.996716
 0.321195 0.704258 0.922984 0.98369 0.996716
 0.321195 0.704258 0.922984 0.98369 0.996716
 0.321195 0.704258 0.922984 0.98369 0.996716
 0.321195 0.704258 0.922984 0.98369 0.996716
 0.321195 0.704258 0.922984 0.98369 0.996716
 0.321195 0.704258 0.922984 0.98369 0.996716
 0.321195 0.704258 0.922984 0.98369 0.996716
 0.321195 0.704258 0.922984 0.98369 0.996716
 0.321195 0.704258 0.922984 0.98369 0.996716
 0.321195 0.704258 0.922984 0.98369 0.996716
 0.321195 0.704258 0.922984 0.98369 0.996716
 0.321195 0.704258 0.922984 0.98369 0.996716
 0.321195 0.704258 0.922984 0.98369 0.996716
 0.321195 0.704258 0.922984 0.98369 0.996716
 0.321195 0.704258 0.922984 0.98369 0.996716
 0.321195 0.704258 0.922984 0.98369 0.996716
 0.321195 0.704258 0.922984 0.98369 0.996716
 0.321195 0.704258 0.922984 0.98369 0.996716
 0.321195 0.704258 0.922984 0.98369 0.996716
 0.321195 0.704258 0.922984 0.98369 0.996716
 0.321195 0.704258 0.922984 0.98369 0.996716
 0.321195 0.704258 0.922984 0.98369 0.996716
 0.321195 0.704258 0.922984 0.98369 0.996716
 0.321195 0.704258 0.922984 0.98369 0.996716
pf_obs 
 0.256992 0.487395 0.22802 0.0275931 0
 0.321318 0.546541 0.124235 0.00734118 0.000564706
 0.182869 0.594174 0.210203 0.0122559 0.00049798
 0.330522 0.361315 0.267642 0.0388342 0.00168674
 0.649043 0.306663 0.0425973 0.00169635 0
 0.582887 0.30429 0.105238 0.00758474 0
 0.465427 0.430635 0.0974691 0.00646863 0
 0.296916 0.608066 0.0921331 0.00288517 0
 0.311714 0.524322 0.152257 0.0117073 0
 0.15457 0.633149 0.183074 0.0267441 0.00246327
 0.131901 0.49318 0.331252 0.0422183 0.00144891
 0.196976 0.569456 0.194076 0.0375587 0.00193317
 0.518974 0.381816 0.0799577 0.0180837 0.00116848
 0.0928022 0.601141 0.25162 0.0475244 0.00691264
 0.122501 0.610282 0.24278 0.0234846 0.000952079
 0.383417 0.481906 0.127806 0.00687128 0
 0.0376549 0.599619 0.316969 0.0457579 0
 0.0361596 0.667082 0.258105 0.0386534 0
 0.158088 0.579412 0.248529 0.0139706 0
 0.0477256 0.309471 0.559284 0.082774 0.000745712
 0.0406174 0.521527 0.379366 0.0568643 0.0016247
 0.151134 0.462217 0.34131 0.0453401 0
 0.294876 0.26143 0.354403 0.0886775 0.000613685
 0.281977 0.475581 0.204845 0.0348837 0.00271318
 0.0841818 0.532909 0.334909 0.0458182 0.00218182
 0.115287 0.27431 0.454777 0.147771 0.00785563
 0 0 0 0 0
pf_pred 
 0.103469 0.602261 0.260378 0.0338845 7.77562e-06
 0.262183 0.384272 0.274124 0.0705133 0.00890792
 0.0385091 0.784621 0.117155 0.0466534 0.0130609
 0.175705 0.303828 0.474185 0.0311814 0.0151014
 0.424765 0.40264 0.0871438 0.0780776 0.00737362
 0.119566 0.756698 0.0969526 0.013682 0.0131015
 0.467281 0.341267 0.177778 0.0108193 0.00285363
 0.248385 0.693919 0.0449454 0.0118741 0.000876439
 0.294504 0.57823 0.122592 0.00367823 0.000995449
 0.337204 0.571744 0.0830146 0.00775581 0.000280982
 0.162451 0.717215 0.111168 0.00838568 0.000780673
 0.171331 0.612843 0.200705 0.0140205 0.00110068
 0.308481 0.528594 0.139831 0.0215442 0.00155019
 0.260237 0.684327 0.0502 0.00453614 0.000699877
 0.259904 0.706968 0.0326342 0.000451295 4.22032e-05
 0.295112 0.669455 0.0351214 0.000306996 4.16405e-06
 0.224234 0.681299 0.092515 0.00193639 1.61997e-05
 0.298138 0.576146 0.11873 0.00684905 0.00013709
 0.211764 0.668822 0.108217 0.0106015 0.000596158
 0.254017 0.558202 0.171586 0.0147271 0.00146737
 0.288899 0.572085 0.119047 0.0183121 0.00165726
 0.213268 0.616675 0.148857 0.0182345 0.00296603
 0.277935 0.52093 0.173631 0.024171 0.00333332
 0.292231 0.57009 0.113732 0.0207719 0.00317497
 0.079073 0.739342 0.160279 0.017706 0.00359966
 0.179891 0.357707 0.404328 0.0514446 0.00662909
 0.0547233 0.689543 0.147443 0.0950763 0.0132145
pobs_RECLAS
 0 0 0 0 0
 0 0 0 0 0
 0 0 0 0 0
 0 0 0 0 0
 0.835266 0.146461 0.0176864 0.000547809 3.91292e-05
 0.385257 0.428462 0.181853 0.0044286 0
 0.867414 0.0963971 0.0333333 0.00285562 0
 0.441836 0.489002 0.0689373 0.000224442 0
 0.779404 0.147425 0.0564933 0.0165055 0.000172143
 0.814271 0.122319 0.05973 0.00367925 0
 0.40263 0.566651 0.0304383 0.000280538 0
 0.475488 0.404961 0.113038 0.00651328 0
 0.955842 0.0263864 0.0167828 0.000988607 0
 0.975058 0.0227948 0.00214734 0 0
 0.738997 0.206755 0.0527124 0.00153531 0
 0.850938 0.134255 0.0134407 0.00136685 0
 0.542534 0.407297 0.0501686 0 0
 0.764087 0.199537 0.0359546 0.000420521 0
 0.470689 0.182191 0.310203 0.0369168 0
 0.84361 0.089868 0.0606195 0.00523954 0.000663233
 0.607945 0.314616 0.071237 0.00620181 0
 0.523733 0.453247 0.0230204 0 0
 0.530135 0.295979 0.169645 0.0042399 0
 0.562478 0.366248 0.0663022 0.0049721 0
 0.250443 0.683176 0.0655157 0.000865301 0
 0.195077 0.31981 0.436473 0.0351445 0.0134964
 0.565238 0.351407 0.0832357 0.000118908 0
ppred_RECLAS
 0.254392 0.488752 0.22432 0.0325283 7.67085e-06
 0.513953 0.244488 0.182516 0.0522585 0.00678406
 0.11824 0.718786 0.103974 0.0458219 0.0131789
 0.385957 0.217717 0.35716 0.0261509 0.0130149
 0.676869 0.2168 0.0507137 0.0506966 0.00492048
 0.305831 0.594734 0.0758772 0.0118746 0.0116827
 0.73418 0.168699 0.0894368 0.0060459 0.0016385
 0.519994 0.442741 0.0283378 0.00829759 0.00062924
 0.584046 0.342534 0.070431 0.00233885 0.000650278
 0.614787 0.33068 0.0492314 0.00511192 0.000190298
 0.391922 0.52172 0.0791161 0.0066095 0.000632163
 0.402445 0.441678 0.143837 0.0111416 0.000898667
 0.629231 0.290678 0.0677679 0.0114749 0.000847978
 0.643321 0.338023 0.0167637 0.00163364 0.000258647
 0.640717 0.348238 0.0108676 0.000162079 1.55534e-05
 0.593616 0.387189 0.0190092 0.000183415 2.55555e-06
 0.496397 0.444458 0.057796 0.00133761 1.14959e-05
 0.580199 0.344499 0.0706869 0.00452191 9.29935e-05
 0.455429 0.459142 0.076603 0.00834392 0.000482137
 0.520047 0.357208 0.111077 0.0105849 0.00108365
 0.548853 0.3576 0.0787889 0.013502 0.00125572
 0.449366 0.425224 0.108184 0.0147587 0.00246701
 0.540432 0.326419 0.113143 0.0175236 0.00248327
 0.557954 0.351706 0.0731403 0.0148647 0.00233475
 0.204746 0.6294 0.144375 0.0177674 0.003712
 0.392874 0.255103 0.303353 0.042979 0.00569123
 0.157587 0.607978 0.129022 0.0922405 0.013172
pobs_PELACES
 0 0 0 0 0
 0 0 0 0 0
 0 0 0 0 0
 0 0 0 0 0
 0 0 0 0 0
 0 0 0 0 0
 0 0 0 0 0
 0 0 0 0 0
 0 0 0 0 0
 0 0 0 0 0
 0.450072 0.473896 0.0757376 0.000293798 0
 0 0 0 0 0
 0.463077 0.371075 0.160297 0.00555027 0
 0.529543 0.364841 0.0842815 0.0213345 0
 0.631943 0.363953 0.00410389 0 0
 0.735681 0.248677 0.0153453 0.000297389 0
 0.695825 0.281241 0.0229344 0 0
 0.275771 0.60734 0.115278 0.00161068 0
 0 0 0 0 0
 0.896147 0.0623911 0.0374545 0.00400742 0
 0.803859 0.145111 0.0509908 3.86294e-05 0
 0.739449 0.233085 0.0266225 0.000797448 4.60066e-05
 0.878498 0.100942 0.0204185 0.000141795 0
 0.694673 0.275183 0.0284847 0.00165964 0
 0.469039 0.446079 0.0841089 0.000773354 0
 0.822795 0.102175 0.0682046 0.00682512 0
 0 0 0 0 0
ppred_PELACES
 0.362681 0.457927 0.15807 0.0213174 4.95046e-06
 0.663622 0.196856 0.107346 0.0285295 0.00364685
 0.219144 0.682519 0.0646485 0.0262555 0.00743322
 0.545747 0.194889 0.235502 0.0160145 0.0078482
 0.759206 0.175199 0.0324401 0.030262 0.00289281
 0.459535 0.486469 0.0420357 0.00607586 0.00588476
 0.844065 0.111435 0.0412324 0.00257946 0.000688253
 0.675368 0.307592 0.0132049 0.00356879 0.000266421
 0.74441 0.224188 0.0302237 0.000924987 0.000253155
 0.739743 0.233296 0.0245164 0.00235759 8.64102e-05
 0.564227 0.392966 0.0394795 0.00304175 0.000286386
 0.575778 0.342896 0.0754972 0.00540056 0.000428827
 0.812602 0.161345 0.0223386 0.00346328 0.000251855
 0.864463 0.132089 0.00313036 0.000275324 4.28691e-05
 0.861736 0.136203 0.00203118 2.73402e-05 2.58019e-06
 0.756618 0.236014 0.00730235 6.47659e-05 8.88175e-07
 0.672781 0.301352 0.0253223 0.000539596 4.56475e-06
 0.729506 0.235758 0.0327608 0.00193561 3.91871e-05
 0.595407 0.357578 0.0424829 0.00428806 0.000243961
 0.675543 0.262498 0.0564798 0.00497799 0.00050174
 0.664174 0.281406 0.0463584 0.00738559 0.000676397
 0.576138 0.348504 0.0656655 0.00832289 0.00136995
 0.67722 0.249958 0.0625781 0.00898979 0.00125437
 0.685222 0.265934 0.0401112 0.00756336 0.00116972
 0.295622 0.589489 0.100963 0.01155 0.00237621
 0.547075 0.225567 0.197916 0.0260455 0.00339615
 0.277239 0.577805 0.0826947 0.0545876 0.00767386
pobs_pel_tallas
 0 0 0 0 0 0 0 0 0 0 0 0 0 0 0 0 0 0 0 0 0 0 0 0 0 0 0 0 0 0 0 0 0 0 0 0
 0 0 0 0 0 0 0 0 0 0 0 0 0 0 0 0 0 0 0 0 0 0 0 0 0 0 0 0 0 0 0 0 0 0 0 0
 0 0 0 0 0 0 0 0 0 0 0 0 0 0 0 0 0 0 0 0 0 0 0 0 0 0 0 0 0 0 0 0 0 0 0 0
 0 0 0 0 0 0 0 0 0 0 0 0 0 0 0 0 0 0 0 0 0 0 0 0 0 0 0 0 0 0 0 0 0 0 0 0
 0 0 0 0 0 0 0 0 0 0 0 0 0 0 0 0 0 0 0 0 0 0 0 0 0 0 0 0 0 0 0 0 0 0 0 0
 0 0 0 0 0 0 0 0 0 0 0 0 0 0 0 0 0 0 0 0 0 0 0 0 0 0 0 0 0 0 0 0 0 0 0 0
 0 0 0 0 0 0 0 0 0 0 0 0 0 0 0 0 0 0 0 0 0 0 0 0 0 0 0 0 0 0 0 0 0 0 0 0
 0 0 0 0 0 0 0 0 0 0 0 0 0 0 0 0 0 0 0 0 0 0 0 0 0 0 0 0 0 0 0 0 0 0 0 0
 0 0 0 0 0 0 0 0 0 0 0 0 0 0 0 0 0 0 0 0 0 0 0 0 0 0 0 0 0 0 0 0 0 0 0 0
 0 0 0 0 0 0 0 0 0 0 0 0 0 0 0 0 0 0 0 0 0 0 0 0 0 0 0 0 0 0 0 0 0 0 0 0
 0 0 0 0 0 0 0 0 1.78061e-05 0.00172719 0.00360574 0.0105946 0.0120993 0.0124554 0.0147524 0.0171206 0.0266825 0.0428682 0.0675386 0.121331 0.153587 0.119568 0.100827 0.0573624 0.0630603 0.0341343 0.0324427 0.0444173 0.0211091 0.0280891 0.0125444 0.00206551 0 0 0 0
 0 0 0 0 0 0 0 0 0 0 0 0 0 0 0 0 0 0 0 0 0 0 0 0 0 0 0 0 0 0 0 0 0 0 0 0
 0 0 0 0 0 0 0.0133647 0.0140871 0.0187388 0.0205184 0.03894 0.0496705 0.03968 0.0493445 0.0407372 0.0367815 0.0215668 0.0243155 0.0234873 0.0199281 0.019796 0.0243948 0.0301388 0.0376714 0.0412746 0.0863199 0.0771752 0.113111 0.0741005 0.0525337 0.0229764 0.00759418 0.00175318 0 0 0
 0 0 0 0 0 0 0 0 0 0 0.00219441 0.00772107 0.0458388 0.0604681 0.0671733 0.0775358 0.0609151 0.0617685 0.073594 0.0568108 0.0755445 0.0548602 0.0670107 0.0636378 0.0643287 0.046367 0.0373049 0.0286899 0.0247887 0.0153202 0.00654259 0.00121912 0.000365735 0 0 0
 0 0 0 0 0 0 0 0 0 0 0 0 0.000112435 0.00938835 0.0111873 0.0202946 0.0414886 0.0713402 0.111592 0.104902 0.108894 0.110636 0.117776 0.105296 0.107544 0.0401394 0.0192827 0.0124803 0.00416011 0.0028671 0.000618394 0 0 0 0 0
 0 0 0 0 0 0 0 0 0 0 0.00291406 0.0102884 0.027416 0.0768956 0.0749926 0.110853 0.0956884 0.0897413 0.0766577 0.0534642 0.0500743 0.0551293 0.0594112 0.0620874 0.0668451 0.0424026 0.0208742 0.0120726 0.0048766 0.00582813 0.00118941 0.000297354 0 0 0 0
 0 0.00264628 0.0354308 0.0461629 0.0458689 0.0383711 0.0214643 0.0164657 0.0346957 0.0420465 0.0363128 0.0245516 0.0311673 0.0291091 0.0169068 0.0133784 0.00837989 0.0085269 0.0148486 0.0160247 0.0276389 0.0546898 0.0760071 0.122758 0.109233 0.0665981 0.0333725 0.0166128 0.00676272 0.00308733 0.000882094 0 0 0 0 0
 0 0 0 0 0 0 0 0.000805153 0.000690131 0.00759144 0.0133425 0.0154129 0.00931677 0.000345066 0.00356568 0.00563607 0.00851162 0.0253048 0.0502646 0.0516448 0.0657925 0.0565908 0.0611916 0.0827007 0.0866115 0.110766 0.145733 0.0935128 0.0569358 0.0249597 0.0138026 0.00621118 0.00161031 0.00115022 0 0
 0 0 0 0 0 0 0 0 0 0 0 0 0 0 0 0 0 0 0 0 0 0 0 0 0 0 0 0 0 0 0 0 0 0 0 0
 0.00147267 0.00158595 0.00478618 0.00569244 0.00954404 0.0108468 0.00647125 0.017049 0.0510054 0.094081 0.124002 0.0959785 0.0687766 0.0820023 0.061753 0.0591476 0.0492212 0.0479892 0.0443925 0.0268479 0.0217502 0.0140895 0.0121071 0.0120363 0.00920419 0.00665534 0.0049561 0.00860946 0.00930331 0.0156896 0.0114698 0.00855282 0.00243557 0.00046729 0 2.83206e-05
 0 0 0 0 0.000772559 0.00158375 0.000888443 0.00281984 0.00712685 0.0440552 0.0773331 0.111326 0.0921469 0.0852325 0.0710754 0.0886704 0.0786465 0.0553345 0.0373146 0.0185414 0.00753245 0.00457741 0.012979 0.0271748 0.0457355 0.0583668 0.034881 0.0177882 0.00938659 0.00492506 0.0015258 0.00185414 0.000309023 5.79419e-05 3.86279e-05 0
 0 0.00173294 0.00326652 0 0.00397197 0.00683976 0.00946217 0.0152591 0.00757587 0.0136028 0.0228656 0.0392903 0.0559909 0.0764795 0.0681675 0.0726916 0.0566044 0.0477403 0.0527397 0.0444891 0.0609904 0.0582453 0.0661739 0.0445044 0.0529084 0.0360697 0.0280645 0.0235558 0.0158879 0.00826598 0.00280645 0.00217768 0.000904811 0.00058276 9.20147e-05 0
 0 0 0 0 0 0 0 0 0 0 0 0 0 0 0 0 0 0 0 0 0 0 0 0 0 0 0 0 0 0 0 0 0 0 0 0
 0 0 0 0 0 0 0 0 0 0 0 0 0 0 0 0 0 0 0 0 0 0 0 0 0 0 0 0 0 0 0 0 0 0 0 0
 0 0 0 0 0 0 0 0 0 0 0 0 0 0 0 0 0 0 0 0 0 0 0 0 0 0 0 0 0 0 0 0 0 0 0 0
 0 0 0 0 0 0 0 0 0 0 0 0 0 0 0 0 0 0 0 0 0 0 0 0 0 0 0 0 0 0 0 0 0 0 0 0
 0 0 0 0 0 0 0 0 0 0 0 0 0 0 0 0 0 0 0 0 0 0 0 0 0 0 0 0 0 0 0 0 0 0 0 0
ppred_pel_tallas
 1.03126e-16 1.58462e-05 9.29493e-05 0.000441724 0.00170047 0.00530258 0.0133943 0.0274096 0.0454461 0.061068 0.0665467 0.0589194 0.0426576 0.025867 0.0143719 0.00943381 0.00950271 0.0126757 0.0177313 0.0239843 0.0308798 0.0377755 0.0439366 0.0486506 0.0513769 0.0518647 0.0501997 0.0467603 0.0421062 0.0368384 0.0314785 0.0263973 0.0218026 0.0177688 0.0142877 0.0113143
 1.02739e-16 2.89579e-05 0.000169951 0.000807853 0.00311025 0.00969899 0.0244989 0.0501285 0.0830951 0.111599 0.121454 0.107161 0.0767747 0.0449382 0.0220577 0.0101446 0.00606799 0.00613262 0.00807128 0.0108727 0.0140868 0.0173958 0.0204794 0.0230266 0.0247898 0.0256336 0.0255553 0.0246699 0.0231681 0.0212626 0.0191438 0.0169539 0.0147848 0.0126898 0.0107013 0.00884542
 1.0239e-16 9.59612e-06 5.6236e-05 0.00026714 0.0010282 0.00320609 0.00809904 0.0165767 0.0274968 0.0369848 0.0403982 0.0359942 0.0265511 0.0170797 0.0112487 0.00999389 0.0125457 0.0178636 0.0251994 0.033953 0.0434018 0.0525954 0.0604403 0.0659025 0.0682419 0.0671892 0.0630086 0.056416 0.0483923 0.0399503 0.0319339 0.0249004 0.0191002 0.0145327 0.0110403 0.00840203
 1.04324e-16 2.38182e-05 0.000139776 0.000664396 0.0025579 0.00797651 0.0201481 0.0412264 0.0683401 0.0917874 0.0999052 0.0881768 0.0632365 0.0371426 0.0184751 0.00891719 0.005929 0.00650809 0.00882208 0.0120597 0.0158522 0.019915 0.0239359 0.0275865 0.0305731 0.032685 0.0338205 0.0339838 0.0332585 0.0317731 0.0296704 0.0270914 0.0241724 0.021049 0.0178587 0.0147381
 1.01693e-16 3.31247e-05 0.000194416 0.00092417 0.00355811 0.0110956 0.0280267 0.0573463 0.0950579 0.12766 0.138919 0.122536 0.0877141 0.0511878 0.0248371 0.0109314 0.005855 0.00534895 0.00679939 0.00904916 0.0116098 0.0141716 0.0164455 0.0181644 0.0191317 0.0192643 0.0186085 0.0173199 0.0156193 0.0137358 0.0118606 0.0101196 0.00857187 0.00722371 0.00605232 0.00502653
 1.01239e-16 2.00703e-05 0.000117747 0.00055961 0.00215435 0.006718 0.0169696 0.034725 0.0575718 0.0773517 0.0842644 0.0745421 0.0538283 0.0323597 0.0174695 0.010698 0.0100181 0.0129608 0.0179418 0.0240936 0.0307628 0.0372372 0.0427292 0.0465004 0.0480247 0.047115 0.0439675 0.0391029 0.0332328 0.0270914 0.0212915 0.0162382 0.0121138 0.00891668 0.00652874 0.00478298
 1.00743e-16 3.68224e-05 0.000216131 0.00102742 0.00395565 0.0123354 0.0311581 0.0637529 0.105675 0.141911 0.154407 0.13615 0.0973548 0.0566037 0.0270721 0.0112457 0.00506758 0.00377663 0.00446404 0.00587564 0.00754134 0.00922576 0.0107353 0.0118939 0.0125687 0.0126974 0.0122997 0.0114661 0.0103322 0.00904369 0.00772802 0.00647652 0.00534132 0.00434242 0.00347951 0.00274308
 1.00423e-16 2.94743e-05 0.000172973 0.000822199 0.00316545 0.00987111 0.0249338 0.0510191 0.0845742 0.113594 0.123648 0.109149 0.0783128 0.0460674 0.0230348 0.0112968 0.00769548 0.00847873 0.0113114 0.0150871 0.0192186 0.0232121 0.0265611 0.028799 0.0295982 0.0288485 0.0266855 0.023452 0.0196116 0.0156407 0.011935 0.00875408 0.00621091 0.00429737 0.00292793 0.0019842
 1.00546e-16 3.24815e-05 0.000190636 0.000906186 0.00348885 0.0108796 0.0274812 0.0562305 0.0932098 0.125183 0.136235 0.120197 0.0861011 0.0503703 0.024671 0.0112491 0.00657836 0.0064934 0.00842526 0.0112094 0.0143102 0.0173442 0.0199379 0.021747 0.0225249 0.0221789 0.0207923 0.0185975 0.0159157 0.0130814 0.010376 0.00798886 0.00600997 0.00444679 0.00325388 0.00236263
 1.0051e-16 3.22784e-05 0.000189443 0.000900511 0.003467 0.0108115 0.027309 0.0558784 0.0926264 0.1244 0.135386 0.119453 0.0855804 0.0500901 0.024579 0.0112833 0.00670214 0.00669857 0.00871845 0.0115988 0.0147962 0.0179148 0.0205662 0.0223938 0.0231432 0.0227223 0.0212226 0.0188913 0.0160681 0.0131044 0.010295 0.00783664 0.00581999 0.00424826 0.00306869 0.00220426
 1.00807e-16 2.46316e-05 0.000144534 0.000686979 0.00264479 0.00824742 0.0208326 0.0426284 0.0706691 0.0949302 0.103365 0.091323 0.065694 0.0389888 0.0201341 0.0109308 0.00880175 0.0106554 0.0145452 0.0194928 0.0248848 0.0301251 0.0345727 0.0376288 0.0388659 0.0381303 0.0355775 0.0316264 0.0268509 0.0218453 0.0171073 0.0129686 0.00958199 0.00695164 0.00498696 0.00355622
 1.0139e-16 2.51333e-05 0.000147484 0.000701013 0.00269884 0.00841599 0.0212584 0.0434991 0.072111 0.0968623 0.105456 0.0931404 0.066936 0.039595 0.020208 0.0105912 0.00809578 0.00955767 0.0129996 0.0174584 0.0223718 0.0272179 0.0314375 0.0345019 0.0360226 0.0358396 0.0340553 0.0309968 0.0271276 0.0229356 0.0188362 0.0151156 0.0119193 0.00927679 0.00714397 0.00544395
 1.00501e-16 3.54525e-05 0.000208083 0.000989147 0.00380829 0.0118758 0.0299974 0.0613784 0.101741 0.136632 0.148676 0.131125 0.0938256 0.0546802 0.0263923 0.0113766 0.00574759 0.00493344 0.00612915 0.00809888 0.010335 0.0125335 0.0144205 0.015748 0.0163378 0.0161228 0.0151609 0.0136175 0.0117213 0.00970998 0.00778374 0.00607698 0.00465337 0.00351824 0.00263991 0.00197087
 1.001e-16 3.77126e-05 0.000221355 0.00105225 0.00405126 0.0126335 0.0319112 0.065294 0.10823 0.145343 0.158144 0.139452 0.0997321 0.0580172 0.0278055 0.0116466 0.00538682 0.00414749 0.00493992 0.00646146 0.00820417 0.00989529 0.0113059 0.0122343 0.0125406 0.0121791 0.0112108 0.00978569 0.00810611 0.00637941 0.00477759 0.00341308 0.00233417 0.00153593 0.000979274 0.000610475
 1.00075e-16 3.75939e-05 0.000220658 0.00104893 0.00403849 0.0125937 0.0318106 0.0650882 0.107889 0.144886 0.157648 0.139017 0.099426 0.0578499 0.0277456 0.0116562 0.00544313 0.00424393 0.00507904 0.00664755 0.00843853 0.0101736 0.0116171 0.0125614 0.0128625 0.0124744 0.0114607 0.00997759 0.00823477 0.00644717 0.00479283 0.00338797 0.0022821 0.00146941 0.000908564 0.000542964
 1.00183e-16 3.30143e-05 0.000193762 0.000921049 0.00354607 0.0110581 0.0279319 0.0571528 0.0947388 0.127237 0.138472 0.122173 0.0875229 0.0512145 0.0251067 0.0114837 0.00676096 0.00670277 0.00869239 0.0115367 0.0146778 0.017711 0.0202425 0.0219137 0.022474 0.0218413 0.0201229 0.017586 0.0145908 0.011507 0.00864174 0.0061961 0.00425719 0.00281737 0.00180818 0.00113493
 1.00477e-16 2.93613e-05 0.00017231 0.000819049 0.00315332 0.00983329 0.0248383 0.0508235 0.0842499 0.113158 0.123172 0.108727 0.0780057 0.0458777 0.0229234 0.0112155 0.00760782 0.00836279 0.0111566 0.0148918 0.0189901 0.022968 0.0263286 0.0286128 0.0294944 0.028859 0.0268305 0.0237356 0.0200201 0.0161448 0.0124949 0.00932638 0.00675558 0.00478291 0.00333441 0.00230376
 1.00611e-16 3.18322e-05 0.000186822 0.000888054 0.00341903 0.0106619 0.0269312 0.0551054 0.0913452 0.12268 0.133515 0.117807 0.0844091 0.0494213 0.0242823 0.0112006 0.00672746 0.00678626 0.00886001 0.0118012 0.0150706 0.0182709 0.0210104 0.0229272 0.0237614 0.0234152 0.0219746 0.0196829 0.0168766 0.013906 0.0110661 0.00855549 0.00646894 0.00481484 0.00354644 0.00259288
 1.00879e-16 2.59898e-05 0.000152511 0.00072491 0.00279084 0.0087029 0.0219831 0.044982 0.0745692 0.100164 0.109051 0.0963143 0.0692149 0.0409387 0.0208846 0.0109284 0.00832689 0.00980211 0.0133011 0.0178175 0.0227587 0.027575 0.031682 0.0345337 0.0357387 0.0351527 0.0329115 0.0293897 0.0251026 0.0205852 0.0162868 0.0125079 0.00938892 0.00693785 0.00507796 0.00369598
 1.01082e-16 2.94802e-05 0.000173012 0.000822391 0.0031662 0.00987347 0.0249397 0.0510308 0.0845925 0.113615 0.123661 0.109139 0.0782569 0.0459375 0.0227914 0.0108859 0.00704997 0.00752613 0.00998934 0.0133642 0.0171161 0.0208209 0.0240463 0.0263871 0.0275463 0.0274022 0.0260337 0.0236919 0.0207321 0.0175278 0.0143968 0.0115574 0.00912031 0.00710698 0.00548264 0.00418774
 1.01036e-16 2.89852e-05 0.000170104 0.000808564 0.00311296 0.00970742 0.0245203 0.0501728 0.0831709 0.111708 0.12159 0.107324 0.0769829 0.0452446 0.0225496 0.0109394 0.00730516 0.00795767 0.010609 0.0141897 0.0181504 0.0220412 0.0253995 0.0277937 0.0289107 0.0286284 0.0270418 0.0244315 0.021189 0.0177227 0.0143774 0.0113861 0.00886172 0.00681794 0.00520597 0.00395022
 1.01396e-16 2.51492e-05 0.000147577 0.000701454 0.00270053 0.00842128 0.0212717 0.0435265 0.0721565 0.0969238 0.105524 0.093203 0.0669863 0.0396355 0.0202481 0.0106431 0.00817129 0.0096665 0.0131486 0.0176497 0.0226005 0.0274709 0.0316929 0.0347314 0.0361957 0.0359296 0.0340444 0.0308806 0.026916 0.0226512 0.01851 0.014781 0.0116065 0.00900876 0.00693407 0.00529591
 1.01338e-16 2.95529e-05 0.000173439 0.000824426 0.00317404 0.00989792 0.0250015 0.0511571 0.0848014 0.113895 0.123962 0.109398 0.0784279 0.046008 0.0227713 0.0107852 0.00686676 0.007247 0.00959745 0.0128483 0.0164785 0.0200831 0.023251 0.0255955 0.0268304 0.0268337 0.0256718 0.0235731 0.0208649 0.0178927 0.0149518 0.0122463 0.00988199 0.00788433 0.00622819 0.0048669
 1.00971e-16 2.99024e-05 0.00017549 0.000834173 0.00321156 0.0100149 0.025297 0.0517619 0.0858043 0.115242 0.125432 0.1107 0.0793738 0.0465872 0.0231025 0.0110146 0.00710475 0.00755873 0.0100148 0.0133787 0.0171052 0.0207627 0.0239131 0.026149 0.0271762 0.0268811 0.0253561 0.0228694 0.0197931 0.016515 0.0133614 0.0105521 0.00819172 0.00629067 0.00479975 0.00364461
 1.02134e-16 1.29273e-05 7.5801e-05 0.000360173 0.00138643 0.00432324 0.0109207 0.0223495 0.0370625 0.0498216 0.0543416 0.0482324 0.0351791 0.021848 0.0130647 0.00994804 0.0113206 0.0156859 0.0220377 0.0297132 0.0380477 0.0462133 0.0532618 0.0582911 0.0606445 0.0600643 0.0567479 0.0512816 0.0444842 0.0372113 0.0301856 0.0238974 0.0185851 0.0142803 0.010883 0.0082367
 1.03937e-16 2.38773e-05 0.00014012 0.000666027 0.00256417 0.00799606 0.0201975 0.0413277 0.0685088 0.0920163 0.10016 0.0884166 0.0634401 0.0373254 0.0186823 0.00920755 0.00636277 0.00714017 0.00969482 0.0131917 0.0172253 0.0214637 0.0255451 0.029101 0.0318196 0.0335012 0.034086 0.0336432 0.0323321 0.0303508 0.0278931 0.0251245 0.0221784 0.0191648 0.0161828 0.0133258
 1.03597e-16 1.21251e-05 7.10929e-05 0.000337793 0.00130027 0.00405455 0.010242 0.0209607 0.0347603 0.0467292 0.0509749 0.0452592 0.0330429 0.0205855 0.012423 0.00961676 0.0110757 0.0154066 0.0216707 0.0292413 0.0374794 0.0455827 0.0526308 0.0577476 0.0602955 0.0600236 0.0571206 0.0521489 0.0458905 0.0391564 0.0326233 0.0267394 0.0217113 0.0175514 0.0141558 0.0113781
pSPR Fmed_Fpbrs
0.530178   0.6 0.325
Fs Fmed_Fpbrs
0.64   0.472042 1.68388
SSBpbr Bo_Bmed_Bpbrs
481137  231031  264625 132313
Ro
22925.4
SPR SPRFo_SPRFmed_SPRFpbrs
473506 251043 153890
log_Ro
9.86
likeval ReclasPelacesDesembMPH_pf_preclas_ppelaces_ptallas_desvR_qrecl_qpela
 78.6973 12.1422 0.15374 0.000475052 347.965 213.995 57.0787 0 26.9669 7.15404e-05 0.000298108 5.06748e-14 0 0 0
q_reclas_q_pelaces
3.31533 11.6628
M
0.7
N
 20216.2 16201 5128.33 656.87 0.15063
 44339.2 9526.12 5126.55 1300.36 164.173
 5533.07 20460 2517.84 993.84 278.125
 9479.79 2360.58 2756.36 178.638 86.461
 37863.4 4400.8 657.049 577.211 54.4646
 17153.4 18508.6 1908.77 266.644 255.217
 63817.7 7497.55 3070.15 184.7 48.691
 58749.1 28501.5 1496.55 391.535 28.8873
 71727.5 25499.6 4451.96 132.396 35.8168
 114850 30629.3 3462.45 319.594 11.5723
 65924.2 51710 6554.16 489.838 45.5835
 46350.2 28362 7486.25 517.713 40.6252
 55182.1 20233.3 4653.32 712.656 51.2652
 29116.6 21948.7 1492.53 134.451 20.7416
 12707.7 9908.92 424.01 5.84548 0.546571
 9820.26 4324.67 191.423 1.66063 0.0225172
 7218.64 4076.06 460.075 9.54945 0.0798611
 9257.22 3050.55 506.032 28.8959 0.578121
 8291.04 4045.97 505.742 48.9263 2.74978
 10448.1 3756.63 914.154 77.593 7.72745
 16793.5 4637.39 710.973 107.684 9.73885
 19144.3 7880.09 1415.35 170.817 27.7672
 31718.4 8921.88 2267.68 311.495 42.9318
 50022.2 14518.5 2200.02 396.383 60.5508
 17560.2 22965.3 3673.33 399.594 81.1834
 28851 8231.65 6949.43 871.365 112.211
 6191.76 13409.8 2315.27 1478.14 205.355
pred_Ctot
 745.134 4337.21 1875.13 244.021 0.0559965
 2266.19 3321.47 2369.41 609.485 76.996
 565.471 11521.5 1720.32 685.063 191.787
 445.942 771.119 1203.49 79.1388 38.3275
 425.903 403.718 87.3771 78.2866 7.39337
 1488.92 9422.96 1207.32 170.379 163.149
 4647.47 3394.16 1768.14 107.606 28.3815
 5362.75 14982.1 970.395 256.369 18.9228
 7289.06 14311.4 3034.19 91.0372 24.6376
 7752.75 13145.1 1908.61 178.316 6.46013
 6388.6 28205.5 4371.83 329.778 30.701
 4061.2 14526.7 4757.5 332.34 26.0903
 8000.09 13708.5 3626.35 558.723 40.2025
 6733.65 17707 1298.93 117.373 18.1093
 2938.84 7993.97 369.009 5.10298 0.477208
 1171.39 2657.28 139.408 1.21856 0.0165285
 780.753 2372.2 322.126 6.74227 0.0564054
 803.907 1553.54 320.147 18.468 0.369653
 524.959 1658 268.268 26.281 1.47787
 803.154 1764.93 542.523 46.5642 4.63955
 667.385 1321.57 275.009 42.3028 3.82842
 850.17 2458.31 593.403 72.6897 11.8238
 1793.23 3361.03 1120.26 155.951 21.5065
 2727.7 5321.25 1061.58 193.886 29.6353
 709.804 6636.75 1438.76 158.939 32.3126
 1333.4 2651.42 2996.99 381.321 49.1366
 549.634 6925.68 1480.9 954.934 132.725
F
 0.052448 0.450638 0.672141 0.686794 0.687445
 0.0733971 0.630635 0.940612 0.961118 0.962029
 0.151833 1.30456 1.94579 1.98821 1.9901
 0.0673767 0.578907 0.863458 0.882282 0.883117
 0.0157501 0.135326 0.201843 0.206243 0.206439
 0.127619 1.09651 1.63548 1.67114 1.67272
 0.106076 0.911416 1.35941 1.38904 1.39036
 0.134613 1.15661 1.72512 1.76273 1.7644
 0.150916 1.29669 1.93405 1.97621 1.97808
 0.0979806 0.841858 1.25566 1.28303 1.28425
 0.143455 1.23258 1.83843 1.87851 1.88029
 0.128894 1.10747 1.65182 1.68784 1.68943
 0.221932 1.90686 2.84414 2.90614 2.90889
 0.377871 3.2467 4.84256 4.94813 4.95282
 0.377871 3.2467 4.84256 4.94813 4.95282
 0.179316 1.5407 2.298 2.3481 2.35033
 0.161344 1.38629 2.06769 2.11277 2.11477
 0.127681 1.09705 1.63628 1.67196 1.67354
 0.0916515 0.787479 1.17455 1.20016 1.20129
 0.112271 0.964645 1.4388 1.47016 1.47156
 0.0566538 0.486775 0.72604 0.741868 0.742571
 0.063498 0.545581 0.813751 0.831492 0.832279
 0.0814749 0.700041 1.04413 1.0669 1.06791
 0.0784817 0.674322 1.00577 1.0277 1.02867
 0.057649 0.495326 0.738794 0.7549 0.755615
 0.0661608 0.56846 0.847876 0.86636 0.867181
 0.130685 1.12286 1.67477 1.71129 1.71291
Np
 14410.8 6903.05 983.254 678.15 87.4233
YTP_r0W_actual
 1294.24 56430.9 19844.5 16465.1 2540.41
YTP_p0W_proyectada
 3012.24 11354 18569.6 2399.39 1787.12
 3012.24 29049.4 8427.61 7553.99 1081.5
CTP_r0_actual
 157.835 2612.54 631.991 410.602 57.088
CTP_p0_proyectada
 367.346 525.648 591.39 59.8351 40.1601
 367.346 1344.88 268.395 188.379 24.3033
Wmedp
 8.2 21.6 31.4 40.1 44.5
nmprior
 10.8 10.6 4.6 0
nm_flota  nm_reclas  nm_pelaces    nm_pelaL
inf 19.6883 14.6764 42.9801
cv_recla  cv_pelaces  cv_mph
0.768264 0.381716 0.582514
 ------------------------------------------------
Talla a la edad & desviaci?n 
 7.2 14.2025 17.0495 18.207 18.6776
 1.08 2.13037 2.55742 2.73105 2.80164
