years
 1997 1998 1999 2000 2001 2002 2003 2004 2005 2006 2007 2008 2009 2010 2011 2012 2013 2014 2015 2016 2017 2018 2019 2020 2021 2022 2023
reclasobs
 0 0 0 370054 412103 1.49427e+06 250295 1.28982e+06 931140 785840 897777 1.04006e+06 184774 17550 25797 100020 73551 82996 120727 218422 84188 347160 605670 569463 516374 1.08416e+06 1.01767e+06
reclaspred
 845234 187045 419708 209700 319122 402587 861812 648216 734583 856213 803275 550452 319687 124235 71634.5 71622.9 81740.1 109089 124036 153896 236748 236500 393093 520211 722534 664693 487039
pelacesobs
 0 0 0 0 0 0 0 0 0 2.06254e+06 1.5e+06 0 1.87456e+06 323000 250000 174000 83755 137374 0 501740 490994 745055 786931 1.00524e+06 1.33801e+06 1.41789e+06 0
pelacespred
 2.68537e+06 661307 650501 612852 898841 747104 2.36173e+06 1.8832e+06 2.03851e+06 2.42674e+06 1.81079e+06 1.26808e+06 797115 250413 157735 155197 182596 255070 275725 343397 638728 571824 763336 1.19725e+06 1.52987e+06 1.47259e+06 994539
mphobs
 0 0 0 0 0 0 112323 0 153150 637223 0 255016 313432 73983 77613 109348 50772 17779 17303 59886 28197 0 207744 136588 643089 65757 70829
mphpred
 280551 140095 135643 96310.6 95190 169996 231539 323667 295820 333375 383349 257720 148878 83346.7 34898.9 28347.9 27557.6 36240.9 49729.6 50819.4 79623.7 82439.5 96223.2 145121 202884 188942 158659
desembarqueobs
 350755 77701 442110 56441 14545 235359 269955 359681 431902 328805 639364 411747 362871 311530 167758 66681 60226 58785 57116 73181 50977 67692 138656 160484 209506 203330 245020
desembarquepred
 350745 77685.7 441920 56440.2 14545 235415 270000 359500 431789 328717 638889 411533 362669 311408 167452 66654.8 60239.2 58754 57081.5 73158.3 50975.2 67665 138635 160465 209442 203262 244956
Reclutas
 31580.1 42463.6 13404 18356.5 42382.5 27359.6 66495.9 64586.6 84323.7 115676 63388.8 45691.6 53268 28185.2 14167 11180.2 8137.1 9885.45 9986.21 14287.4 20277.9 24171.1 40229.8 59050.8 23998.7 34172 28844.4
log_desv_Rt
 0.0802818 0.376401 -0.776689 -0.462262 0.37449 -0.0631755 0.824896 0.795763 1.06242 1.37854 0.777043 0.44967 0.603091 -0.0334476 -0.721327 -0.958103 -1.27581 -1.08118 -1.07104 -0.712867 -0.362712 -0.187086 0.322364 0.706153 -0.194246 0.159161 -0.0103303
SSB
 516147 257742 249551 177189 175127 312753 411748 586667 527711 597990 705271 474144 286665 156442 70135.6 56661.4 57967 71164.6 90415.2 99072.1 143405 183017 221309 314905 490652 474829 372085
BT
 1.4885e+06 386579 511047 305182 393548 465433 1.28055e+06 1.1889e+06 1.30697e+06 1.36664e+06 1.30841e+06 899656 710874 399228 209506 121911 127011 157868 157651 202892 312950 281192 403828 624600 736812 741199 588961
Ftot
 0.619149 0.672928 1.2986 0.415146 0.0816539 0.762741 0.553901 0.864218 0.974079 0.644812 1.07637 1.0565 1.7883 3.13453 3.23971 1.34112 1.0992 0.850788 0.652589 0.734025 0.338761 0.412247 0.516282 0.48392 0.384044 0.446416 0.698724
BD_Bspro_t
 0.922539 0.648831 0.536558 0.291744 0.407111 0.606043 0.52763 0.575314 0.508505 0.492418 0.498974 0.335231 0.235362 0.158744 0.0874369 0.0865724 0.120439 0.194673 0.28422 0.358308 0.47737 0.603488 0.609049 0.620885 0.654298 0.577622 0.514543
BD_Bspro
 0.857467 0.428183 0.414574 0.294361 0.290936 0.519571 0.684031 0.97462 0.876678 0.99343 1.17165 0.787687 0.476231 0.259895 0.116515 0.0941306 0.0962996 0.118225 0.150205 0.164587 0.238236 0.304042 0.367658 0.523146 0.815112 0.788826 0.618139
BD_Bo
 0.708794 0.353942 0.342693 0.243323 0.240491 0.429485 0.565429 0.805634 0.724674 0.821184 0.968506 0.651113 0.393659 0.214833 0.096313 0.0778097 0.0796026 0.0977261 0.124162 0.13605 0.19693 0.251326 0.303911 0.43244 0.673783 0.652055 0.510962
BD_Brms
 1.28872 0.643531 0.623078 0.442405 0.437257 0.780882 1.02805 1.46479 1.31759 1.49306 1.76092 1.18384 0.715744 0.390606 0.175114 0.141472 0.144732 0.177684 0.225749 0.247363 0.358054 0.456956 0.552565 0.786255 1.22506 1.18555 0.929022
S_f
 0.126962 1 1 1 1
 0.126962 1 1 1 1
 0.126962 1 1 1 1
 0.126962 1 1 1 1
 0.126962 1 1 1 1
 0.126962 1 1 1 1
 0.126962 1 1 1 1
 0.126962 1 1 1 1
 0.126962 1 1 1 1
 0.126962 1 1 1 1
 0.126962 1 1 1 1
 0.126962 1 1 1 1
 0.126962 1 1 1 1
 0.126962 1 1 1 1
 0.126962 1 1 1 1
 0.126962 1 1 1 1
 0.126962 1 1 1 1
 0.126962 1 1 1 1
 0.126962 1 1 1 1
 0.126962 1 1 1 1
 0.126962 1 1 1 1
 0.126962 1 1 1 1
 0.126962 1 1 1 1
 0.126962 1 1 1 1
 0.126962 1 1 1 1
 0.126962 1 1 1 1
 0.126962 1 1 1 1
Scru_reclas
 0.353539 0.733494 0.932665 0.985857 0.997158
 0.353539 0.733494 0.932665 0.985857 0.997158
 0.353539 0.733494 0.932665 0.985857 0.997158
 0.353539 0.733494 0.932665 0.985857 0.997158
 0.353539 0.733494 0.932665 0.985857 0.997158
 0.353539 0.733494 0.932665 0.985857 0.997158
 0.353539 0.733494 0.932665 0.985857 0.997158
 0.353539 0.733494 0.932665 0.985857 0.997158
 0.353539 0.733494 0.932665 0.985857 0.997158
 0.353539 0.733494 0.932665 0.985857 0.997158
 0.353539 0.733494 0.932665 0.985857 0.997158
 0.353539 0.733494 0.932665 0.985857 0.997158
 0.353539 0.733494 0.932665 0.985857 0.997158
 0.353539 0.733494 0.932665 0.985857 0.997158
 0.353539 0.733494 0.932665 0.985857 0.997158
 0.353539 0.733494 0.932665 0.985857 0.997158
 0.353539 0.733494 0.932665 0.985857 0.997158
 0.353539 0.733494 0.932665 0.985857 0.997158
 0.353539 0.733494 0.932665 0.985857 0.997158
 0.353539 0.733494 0.932665 0.985857 0.997158
 0.353539 0.733494 0.932665 0.985857 0.997158
 0.353539 0.733494 0.932665 0.985857 0.997158
 0.353539 0.733494 0.932665 0.985857 0.997158
 0.353539 0.733494 0.932665 0.985857 0.997158
 0.353539 0.733494 0.932665 0.985857 0.997158
 0.353539 0.733494 0.932665 0.985857 0.997158
 0.353539 0.733494 0.932665 0.985857 0.997158
Scru_pelaces
 0.661439 1 1 1 1
 0.661439 1 1 1 1
 0.661439 1 1 1 1
 0.661439 1 1 1 1
 0.661439 1 1 1 1
 0.661439 1 1 1 1
 0.661439 1 1 1 1
 0.661439 1 1 1 1
 0.661439 1 1 1 1
 0.661439 1 1 1 1
 0.661439 1 1 1 1
 0.661439 1 1 1 1
 0.661439 1 1 1 1
 0.661439 1 1 1 1
 0.661439 1 1 1 1
 0.661439 1 1 1 1
 0.661439 1 1 1 1
 0.661439 1 1 1 1
 0.661439 1 1 1 1
 0.661439 1 1 1 1
 0.661439 1 1 1 1
 0.661439 1 1 1 1
 0.661439 1 1 1 1
 0.661439 1 1 1 1
 0.661439 1 1 1 1
 0.661439 1 1 1 1
 0.661439 1 1 1 1
pf_obs 
 0.256992 0.487395 0.22802 0.0275931 0
 0.321318 0.546541 0.124235 0.00734118 0.000564706
 0.182869 0.594174 0.210203 0.0122559 0.00049798
 0.330522 0.361315 0.267642 0.0388342 0.00168674
 0.649043 0.306663 0.0425973 0.00169635 0
 0.582887 0.30429 0.105238 0.00758474 0
 0.465427 0.430635 0.0974691 0.00646863 0
 0.296916 0.608066 0.0921331 0.00288517 0
 0.311714 0.524322 0.152257 0.0117073 0
 0.15457 0.633149 0.183074 0.0267441 0.00246327
 0.131901 0.49318 0.331252 0.0422183 0.00144891
 0.196976 0.569456 0.194076 0.0375587 0.00193317
 0.518974 0.381816 0.0799577 0.0180837 0.00116848
 0.0928022 0.601141 0.25162 0.0475244 0.00691264
 0.122501 0.610282 0.24278 0.0234846 0.000952079
 0.383417 0.481906 0.127806 0.00687128 0
 0.0376549 0.599619 0.316969 0.0457579 0
 0.0361596 0.667082 0.258105 0.0386534 0
 0.158088 0.579412 0.248529 0.0139706 0
 0.0477256 0.309471 0.559284 0.082774 0.000745712
 0.0406174 0.521527 0.379366 0.0568643 0.0016247
 0.151134 0.462217 0.34131 0.0453401 0
 0.294876 0.26143 0.354403 0.0886775 0.000613685
 0.281977 0.475581 0.204845 0.0348837 0.00271318
 0.0841818 0.532909 0.334909 0.0458182 0.00218182
 0.115287 0.27431 0.454777 0.147771 0.00785563
 0 0 0 0 0
pf_pred 
 0.219191 0.542088 0.21252 0.0261923 8.36651e-06
 0.2627 0.554559 0.126871 0.0497384 0.00613203
 0.0979834 0.720326 0.136658 0.0312643 0.013768
 0.23328 0.484627 0.225272 0.042738 0.0140832
 0.32415 0.504901 0.108053 0.050227 0.012669
 0.148538 0.67882 0.128974 0.0276015 0.0160664
 0.359748 0.429509 0.168013 0.0319219 0.0108081
 0.235844 0.652869 0.074656 0.0292034 0.0074272
 0.292915 0.560159 0.125529 0.0143543 0.00704306
 0.297288 0.593602 0.0864377 0.0193702 0.0033018
 0.153406 0.696401 0.126872 0.0184746 0.00484576
 0.178869 0.587943 0.191819 0.0349461 0.00642342
 0.311329 0.516372 0.123369 0.0402495 0.00868061
 0.267785 0.663083 0.0518361 0.0123844 0.00491186
 0.30579 0.65895 0.031931 0.00249619 0.000832907
 0.314111 0.658671 0.0258355 0.00125192 0.000130524
 0.220965 0.686571 0.0887943 0.00348284 0.000186365
 0.278334 0.577283 0.127247 0.0164568 0.000680038
 0.231056 0.634726 0.107365 0.0236658 0.00318718
 0.28398 0.549778 0.137225 0.0232119 0.00580549
 0.270414 0.598402 0.100726 0.0251413 0.00531634
 0.223255 0.602535 0.142886 0.0240513 0.00727264
 0.284954 0.526176 0.14651 0.0347435 0.00761659
 0.277629 0.58014 0.104663 0.0291426 0.00842596
 0.0919201 0.721511 0.149834 0.0270316 0.00970294
 0.181327 0.402448 0.33071 0.0686776 0.0168375
 0.167576 0.571097 0.128465 0.105565 0.0272971
pobs_RECLAS
 0 0 0 0 0
 0 0 0 0 0
 0 0 0 0 0
 0 0 0 0 0
 0.835266 0.146461 0.0176864 0.000547809 3.91292e-05
 0.385257 0.428462 0.181853 0.0044286 0
 0.867414 0.0963971 0.0333333 0.00285562 0
 0.441836 0.489002 0.0689373 0.000224442 0
 0.779404 0.147425 0.0564933 0.0165055 0.000172143
 0.814271 0.122319 0.05973 0.00367925 0
 0.40263 0.566651 0.0304383 0.000280538 0
 0.475488 0.404961 0.113038 0.00651328 0
 0.955842 0.0263864 0.0167828 0.000988607 0
 0.975058 0.0227948 0.00214734 0 0
 0.738997 0.206755 0.0527124 0.00153531 0
 0.850938 0.134255 0.0134407 0.00136685 0
 0.542534 0.407297 0.0501686 0 0
 0.764087 0.199537 0.0359546 0.000420521 0
 0.470689 0.182191 0.310203 0.0369168 0
 0.84361 0.089868 0.0606195 0.00523954 0.000663233
 0.607945 0.314616 0.071237 0.00620181 0
 0.523733 0.453247 0.0230204 0 0
 0.530135 0.295979 0.169645 0.0042399 0
 0.562478 0.366248 0.0663022 0.0049721 0
 0.250443 0.683176 0.0655157 0.000865301 0
 0.195077 0.31981 0.436473 0.0351445 0.0134964
 0.565238 0.351407 0.0832357 0.000118908 0
ppred_RECLAS
 0.507002 0.315326 0.157188 0.0204777 6.61609e-06
 0.570389 0.301169 0.0876097 0.0363054 0.00452724
 0.307369 0.522522 0.126049 0.0304819 0.0135773
 0.517891 0.275634 0.162915 0.0326705 0.0108892
 0.629641 0.257205 0.0699907 0.0343896 0.00877366
 0.399353 0.452153 0.109235 0.0247105 0.0145484
 0.669821 0.202378 0.100661 0.0202161 0.00692323
 0.547098 0.370931 0.0539337 0.0223007 0.00573666
 0.618153 0.285711 0.0814118 0.00984043 0.00488364
 0.617535 0.309294 0.0572675 0.0135652 0.00233881
 0.419717 0.454494 0.105285 0.0162055 0.0042993
 0.457306 0.359499 0.149136 0.0287196 0.00533945
 0.663672 0.234963 0.0713792 0.0246159 0.00536976
 0.690553 0.272743 0.0271111 0.00684665 0.00274662
 0.73658 0.24655 0.0151913 0.0012553 0.000423659
 0.663467 0.319686 0.0159442 0.000816677 8.61219e-05
 0.535977 0.396047 0.0651292 0.00270031 0.000146148
 0.598199 0.30435 0.0853022 0.0116613 0.000487399
 0.533099 0.367054 0.0789471 0.0183943 0.00250563
 0.599506 0.288441 0.0915443 0.0163681 0.00414072
 0.577501 0.329413 0.0705049 0.0186017 0.00397858
 0.513194 0.35492 0.10702 0.0190416 0.00582381
 0.593197 0.27816 0.0984826 0.0246862 0.00547384
 0.587988 0.312922 0.0717837 0.0211276 0.0061786
 0.271239 0.546833 0.144395 0.027536 0.00999729
 0.430665 0.244233 0.255193 0.0560178 0.0138912
 0.423776 0.360264 0.103044 0.0895055 0.0234097
pobs_PELACES
 0 0 0 0 0
 0 0 0 0 0
 0 0 0 0 0
 0 0 0 0 0
 0 0 0 0 0
 0 0 0 0 0
 0 0 0 0 0
 0 0 0 0 0
 0 0 0 0 0
 0 0 0 0 0
 0.450072 0.473896 0.0757376 0.000293798 0
 0 0 0 0 0
 0.463077 0.371075 0.160297 0.00555027 0
 0.529543 0.364841 0.0842815 0.0213345 0
 0.631943 0.363953 0.00410389 0 0
 0.735681 0.248677 0.0153453 0.000297389 0
 0.695825 0.281241 0.0229344 0 0
 0.275771 0.60734 0.115278 0.00161068 0
 0 0 0 0 0
 0.896147 0.0623911 0.0374545 0.00400742 0
 0.803859 0.145111 0.0509908 3.86294e-05 0
 0.739449 0.233085 0.0266225 0.000797448 4.60066e-05
 0.878498 0.100942 0.0204185 0.000141795 0
 0.694673 0.275183 0.0284847 0.00165964 0
 0.469039 0.446079 0.0841089 0.000773354 0
 0.822795 0.102175 0.0682046 0.00682512 0
 0 0 0 0 0
ppred_PELACES
 0.646771 0.245235 0.0961418 0.0118491 3.78492e-06
 0.703535 0.222986 0.0510142 0.0199996 0.00246566
 0.483774 0.412244 0.0782099 0.0178927 0.00787944
 0.647494 0.222811 0.10357 0.0196491 0.00647487
 0.719843 0.209295 0.0447909 0.0208204 0.00525161
 0.546234 0.361761 0.0687336 0.0147096 0.00856219
 0.781379 0.14666 0.0573697 0.0109001 0.00369054
 0.689266 0.265481 0.0303579 0.0118752 0.00302017
 0.756935 0.192558 0.0431513 0.00493437 0.0024211
 0.735939 0.22306 0.0324811 0.00727883 0.00124073
 0.587029 0.339707 0.0618888 0.00901197 0.00236378
 0.62889 0.265721 0.0866923 0.0157939 0.00290306
 0.829505 0.127839 0.0305425 0.00996459 0.00214906
 0.885881 0.103344 0.00807887 0.00193016 0.000765533
 0.908228 0.0871112 0.00422118 0.000329988 0.000110108
 0.800993 0.191109 0.00749603 0.000363238 3.78708e-05
 0.691978 0.271463 0.0351083 0.00137708 7.36868e-05
 0.733825 0.212921 0.0469328 0.00606982 0.000250821
 0.665049 0.276486 0.0467682 0.0103088 0.00138833
 0.73015 0.207197 0.0517165 0.00874796 0.00218794
 0.685091 0.258286 0.0434761 0.0108516 0.00229467
 0.634148 0.283798 0.0673001 0.0113283 0.00342546
 0.714196 0.210313 0.05856 0.013887 0.00304436
 0.704202 0.237557 0.0428576 0.0119334 0.00345028
 0.376602 0.495318 0.102861 0.0185572 0.00666108
 0.574979 0.208935 0.171691 0.0356546 0.00874135
 0.575268 0.291394 0.0655473 0.0538631 0.013928
pobs_pel_tallas
 0 0 0 0 0 0 0 0 0 0 0 0 0 0 0 0 0 0 0 0 0 0 0 0 0 0 0 0 0 0 0 0 0 0 0 0
 0 0 0 0 0 0 0 0 0 0 0 0 0 0 0 0 0 0 0 0 0 0 0 0 0 0 0 0 0 0 0 0 0 0 0 0
 0 0 0 0 0 0 0 0 0 0 0 0 0 0 0 0 0 0 0 0 0 0 0 0 0 0 0 0 0 0 0 0 0 0 0 0
 0 0 0 0 0 0 0 0 0 0 0 0 0 0 0 0 0 0 0 0 0 0 0 0 0 0 0 0 0 0 0 0 0 0 0 0
 0 0 0 0 0 0 0 0 0 0 0 0 0 0 0 0 0 0 0 0 0 0 0 0 0 0 0 0 0 0 0 0 0 0 0 0
 0 0 0 0 0 0 0 0 0 0 0 0 0 0 0 0 0 0 0 0 0 0 0 0 0 0 0 0 0 0 0 0 0 0 0 0
 0 0 0 0 0 0 0 0 0 0 0 0 0 0 0 0 0 0 0 0 0 0 0 0 0 0 0 0 0 0 0 0 0 0 0 0
 0 0 0 0 0 0 0 0 0 0 0 0 0 0 0 0 0 0 0 0 0 0 0 0 0 0 0 0 0 0 0 0 0 0 0 0
 0 0 0 0 0 0 0 0 0 0 0 0 0 0 0 0 0 0 0 0 0 0 0 0 0 0 0 0 0 0 0 0 0 0 0 0
 0 0 0 0 0 0 0 0 0 0 0 0 0 0 0 0 0 0 0 0 0 0 0 0 0 0 0 0 0 0 0 0 0 0 0 0
 0 0 0 0 0 0 0 0 1.78061e-05 0.00172719 0.00360574 0.0105946 0.0120993 0.0124554 0.0147524 0.0171206 0.0266825 0.0428682 0.0675386 0.121331 0.153587 0.119568 0.100827 0.0573624 0.0630603 0.0341343 0.0324427 0.0444173 0.0211091 0.0280891 0.0125444 0.00206551 0 0 0 0
 0 0 0 0 0 0 0 0 0 0 0 0 0 0 0 0 0 0 0 0 0 0 0 0 0 0 0 0 0 0 0 0 0 0 0 0
 0 0 0 0 0 0 0.0133647 0.0140871 0.0187388 0.0205184 0.03894 0.0496705 0.03968 0.0493445 0.0407372 0.0367815 0.0215668 0.0243155 0.0234873 0.0199281 0.019796 0.0243948 0.0301388 0.0376714 0.0412746 0.0863199 0.0771752 0.113111 0.0741005 0.0525337 0.0229764 0.00759418 0.00175318 0 0 0
 0 0 0 0 0 0 0 0 0 0 0.00219441 0.00772107 0.0458388 0.0604681 0.0671733 0.0775358 0.0609151 0.0617685 0.073594 0.0568108 0.0755445 0.0548602 0.0670107 0.0636378 0.0643287 0.046367 0.0373049 0.0286899 0.0247887 0.0153202 0.00654259 0.00121912 0.000365735 0 0 0
 0 0 0 0 0 0 0 0 0 0 0 0 0.000112435 0.00938835 0.0111873 0.0202946 0.0414886 0.0713402 0.111592 0.104902 0.108894 0.110636 0.117776 0.105296 0.107544 0.0401394 0.0192827 0.0124803 0.00416011 0.0028671 0.000618394 0 0 0 0 0
 0 0 0 0 0 0 0 0 0 0 0.00291406 0.0102884 0.027416 0.0768956 0.0749926 0.110853 0.0956884 0.0897413 0.0766577 0.0534642 0.0500743 0.0551293 0.0594112 0.0620874 0.0668451 0.0424026 0.0208742 0.0120726 0.0048766 0.00582813 0.00118941 0.000297354 0 0 0 0
 0 0.00264628 0.0354308 0.0461629 0.0458689 0.0383711 0.0214643 0.0164657 0.0346957 0.0420465 0.0363128 0.0245516 0.0311673 0.0291091 0.0169068 0.0133784 0.00837989 0.0085269 0.0148486 0.0160247 0.0276389 0.0546898 0.0760071 0.122758 0.109233 0.0665981 0.0333725 0.0166128 0.00676272 0.00308733 0.000882094 0 0 0 0 0
 0 0 0 0 0 0 0 0.000805153 0.000690131 0.00759144 0.0133425 0.0154129 0.00931677 0.000345066 0.00356568 0.00563607 0.00851162 0.0253048 0.0502646 0.0516448 0.0657925 0.0565908 0.0611916 0.0827007 0.0866115 0.110766 0.145733 0.0935128 0.0569358 0.0249597 0.0138026 0.00621118 0.00161031 0.00115022 0 0
 0 0 0 0 0 0 0 0 0 0 0 0 0 0 0 0 0 0 0 0 0 0 0 0 0 0 0 0 0 0 0 0 0 0 0 0
 0.00147267 0.00158595 0.00478618 0.00569244 0.00954404 0.0108468 0.00647125 0.017049 0.0510054 0.094081 0.124002 0.0959785 0.0687766 0.0820023 0.061753 0.0591476 0.0492212 0.0479892 0.0443925 0.0268479 0.0217502 0.0140895 0.0121071 0.0120363 0.00920419 0.00665534 0.0049561 0.00860946 0.00930331 0.0156896 0.0114698 0.00855282 0.00243557 0.00046729 0 2.83206e-05
 0 0 0 0 0.000772559 0.00158375 0.000888443 0.00281984 0.00712685 0.0440552 0.0773331 0.111326 0.0921469 0.0852325 0.0710754 0.0886704 0.0786465 0.0553345 0.0373146 0.0185414 0.00753245 0.00457741 0.012979 0.0271748 0.0457355 0.0583668 0.034881 0.0177882 0.00938659 0.00492506 0.0015258 0.00185414 0.000309023 5.79419e-05 3.86279e-05 0
 0 0.00173294 0.00326652 0 0.00397197 0.00683976 0.00946217 0.0152591 0.00757587 0.0136028 0.0228656 0.0392903 0.0559909 0.0764795 0.0681675 0.0726916 0.0566044 0.0477403 0.0527397 0.0444891 0.0609904 0.0582453 0.0661739 0.0445044 0.0529084 0.0360697 0.0280645 0.0235558 0.0158879 0.00826598 0.00280645 0.00217768 0.000904811 0.00058276 9.20147e-05 0
 0 0 0 0 0 0 0 0 0 0 0 0 0 0 0 0 0 0 0 0 0 0 0 0 0 0 0 0 0 0 0 0 0 0 0 0
 0 0 0 0 0 0 0 0 0 0 0 0 0 0 0 0 0 0 0 0 0 0 0 0 0 0 0 0 0 0 0 0 0 0 0 0
 0 0 0 0 0 0 0 0 0 0 0 0 0 0 0 0 0 0 0 0 0 0 0 0 0 0 0 0 0 0 0 0 0 0 0 0
 0 0 0 0 0 0 0 0 0 0 0 0 0 0 0 0 0 0 0 0 0 0 0 0 0 0 0 0 0 0 0 0 0 0 0 0
 0 0 0 0 0 0 0 0 0 0 0 0 0 0 0 0 0 0 0 0 0 0 0 0 0 0 0 0 0 0 0 0 0 0 0 0
ppred_pel_tallas
 1.01853e-16 2.8225e-05 0.000165644 0.000787367 0.00303136 0.00945296 0.0238775 0.0488574 0.0809896 0.108776 0.118394 0.10449 0.0749233 0.0439804 0.0218213 0.0104274 0.00676683 0.00724909 0.00965882 0.0129807 0.0167195 0.0204858 0.0238778 0.026511 0.0280913 0.0284773 0.0277056 0.0259685 0.0235554 0.0207799 0.0179164 0.0151629 0.0126341 0.0103772 0.00839758 0.00668162
 1.016e-16 3.06992e-05 0.000180172 0.000856439 0.00329731 0.0102823 0.0259724 0.0531435 0.0880931 0.118312 0.128762 0.113612 0.0814029 0.0476601 0.0234159 0.0108014 0.00649349 0.0065654 0.00859742 0.0114935 0.0147464 0.0179869 0.0208484 0.0229881 0.0241524 0.024233 0.0232883 0.0215189 0.0192113 0.0166666 0.0141395 0.0118034 0.00974503 0.00798185 0.00648955 0.00522814
 1.02228e-16 2.11243e-05 0.000123941 0.000589074 0.00226782 0.00707186 0.0178633 0.0365531 0.0605999 0.0814116 0.0886647 0.0783815 0.0564853 0.0337263 0.0177905 0.0102604 0.00896613 0.0112888 0.0155716 0.020957 0.0268624 0.0326845 0.0377583 0.041453 0.0433068 0.0431326 0.0410572 0.0374759 0.0329437 0.0280413 0.0232583 0.0189261 0.0152058 0.0121206 0.009608 0.00757135
 1.02521e-16 2.82557e-05 0.000165826 0.000788237 0.00303471 0.00946343 0.023904 0.0489113 0.0810784 0.108893 0.118517 0.104586 0.0749669 0.0439546 0.0217136 0.0102191 0.00642856 0.00674421 0.00895228 0.0120509 0.0155704 0.0191566 0.0224469 0.0250912 0.0268165 0.0274824 0.0271046 0.0258354 0.0239136 0.021601 0.0191282 0.0166636 0.014309 0.012114 0.0100977 0.00826812
 1.01665e-16 3.14097e-05 0.000184344 0.00087628 0.00337371 0.0105206 0.0265742 0.0543747 0.0901333 0.121051 0.131737 0.116226 0.083252 0.0486942 0.0238335 0.0108415 0.00630952 0.00621338 0.00807633 0.0107841 0.0138347 0.0168756 0.0195628 0.0215755 0.0226768 0.0227667 0.0219008 0.0202678 0.0181361 0.0157865 0.0134554 0.011302 0.00940406 0.00777445 0.00638786 0.00520554
 1.02e-16 2.38458e-05 0.000139923 0.000665065 0.00256043 0.00798435 0.0201681 0.0412685 0.0684142 0.0919 0.100062 0.0883975 0.063573 0.0376971 0.019408 0.0104451 0.00831183 0.0100179 0.013689 0.0183975 0.0235783 0.0286894 0.0331451 0.0363916 0.0380237 0.0378774 0.0360637 0.0329293 0.028961 0.0246677 0.0204787 0.016684 0.0134245 0.01072 0.0085156 0.00672621
 1.0141e-16 3.40905e-05 0.000200089 0.000951142 0.00366197 0.0114195 0.0288448 0.05902 0.0978312 0.131382 0.142961 0.126084 0.0902144 0.0525681 0.0253599 0.0109126 0.00549226 0.00470848 0.00587388 0.0078147 0.0100613 0.0123411 0.0144077 0.0160311 0.0170355 0.0173356 0.016951 0.0159931 0.0146303 0.0130442 0.0113931 0.00979002 0.00829961 0.00694806 0.00573868 0.00466583
 1.01067e-16 3.00787e-05 0.000176525 0.000839094 0.00323051 0.010074 0.0254463 0.0520673 0.0863105 0.115922 0.126171 0.111351 0.0798367 0.0468517 0.02322 0.0110474 0.00709448 0.00752259 0.00995479 0.01329 0.0169807 0.0205954 0.0236974 0.0258824 0.0268603 0.0265228 0.0249679 0.0224683 0.0194 0.0161518 0.0130485 0.0103054 0.00802088 0.00619777 0.00477944 0.00368545
 1.00959e-16 3.30264e-05 0.000193838 0.000921415 0.00354749 0.0110625 0.0279431 0.0571754 0.0947751 0.127282 0.138512 0.122187 0.0874854 0.0510977 0.0248741 0.0110849 0.00613159 0.0057722 0.00739873 0.00984716 0.0126104 0.0153511 0.0177476 0.0195024 0.0203969 0.0203403 0.0193884 0.0177222 0.0155985 0.0132878 0.0110198 0.00895218 0.00716475 0.00567347 0.00445427 0.003466
 1.00842e-16 3.21121e-05 0.000188467 0.000895876 0.00344915 0.0107559 0.0271685 0.0555907 0.0921494 0.123759 0.134686 0.118831 0.0851256 0.0498053 0.0244048 0.0111462 0.00654456 0.0064839 0.00842612 0.0112214 0.0143408 0.0174055 0.0200453 0.0219183 0.0227779 0.0225296 0.0212513 0.0191683 0.0165931 0.0138506 0.0112141 0.00886722 0.00689673 0.00531039 0.00406611 0.00310099
 1.0141e-16 2.56237e-05 0.000150364 0.000714704 0.00275155 0.00858038 0.0216736 0.0443487 0.073519 0.0987526 0.107511 0.0949493 0.0682219 0.0403274 0.0205292 0.0106737 0.00805449 0.00944051 0.0128135 0.0171933 0.0220135 0.0267549 0.0308637 0.0338188 0.0352401 0.0349766 0.0331377 0.0300565 0.0261991 0.0220535 0.0180321 0.0144148 0.0113388 0.00882384 0.00681576 0.00522901
 1.01996e-16 2.74461e-05 0.000161069 0.000765615 0.0029476 0.00919176 0.0232178 0.0475077 0.078753 0.105775 0.115134 0.101627 0.0729036 0.042861 0.0213887 0.0104248 0.00703204 0.00772654 0.0103532 0.0139122 0.0178961 0.021889 0.0254576 0.0281889 0.0297711 0.030061 0.0291103 0.0271399 0.0244746 0.021462 0.0184015 0.015504 0.0128851 0.0105833 0.00858973 0.00687614
 1.00919e-16 3.61882e-05 0.000212406 0.0010097 0.00388745 0.0121227 0.0306209 0.0626539 0.103854 0.139467 0.151752 0.133818 0.0957094 0.0556907 0.0267171 0.0112388 0.0052759 0.00415363 0.00501221 0.00661011 0.00846762 0.0103284 0.0119742 0.0132068 0.0138805 0.0139325 0.0133957 0.0123844 0.0110626 0.00960244 0.00815016 0.00680551 0.00561886 0.00460093 0.00373851 0.00300927
 1.00251e-16 3.86454e-05 0.000226834 0.0010783 0.00415158 0.0129464 0.0327014 0.0669106 0.110909 0.148938 0.162048 0.142877 0.102143 0.0593423 0.0282959 0.0116032 0.00499524 0.00346466 0.0039507 0.00513447 0.00652739 0.00789555 0.00905648 0.0098512 0.010168 0.00996763 0.00929217 0.00825291 0.00700154 0.00569451 0.00446217 0.00339062 0.0025183 0.00184442 0.00134337 0.000979115
 1.00105e-16 3.96191e-05 0.000232553 0.00110549 0.00425627 0.0132729 0.033526 0.0685977 0.113704 0.15269 0.166127 0.146462 0.104682 0.060769 0.0288853 0.0116871 0.00478913 0.00305149 0.00333523 0.00429522 0.00544703 0.00657578 0.00752411 0.00815776 0.00838349 0.00816996 0.0075554 0.00663687 0.00554571 0.00441701 0.00336316 0.00245807 0.00173419 0.00118959 0.000800317 0.000532963
 1.00184e-16 3.49475e-05 0.000205116 0.000975034 0.00375394 0.0117063 0.0295693 0.0605027 0.10029 0.134687 0.146566 0.129281 0.0925431 0.0540069 0.0262053 0.011531 0.00616468 0.00560581 0.00708513 0.0093659 0.0119133 0.0143803 0.0164444 0.0178146 0.0182873 0.017795 0.0164231 0.0143864 0.011975 0.00948698 0.00716993 0.00518652 0.00360762 0.002428 0.0015936 0.00102933
 1.00638e-16 3.01972e-05 0.00017722 0.000842398 0.00324323 0.0101137 0.0255465 0.0522723 0.0866505 0.116379 0.126669 0.111793 0.0801598 0.0470527 0.0233408 0.01114 0.00719958 0.00766661 0.0101537 0.0135517 0.0173046 0.02097 0.0240993 0.0262766 0.0272037 0.0267695 0.0250759 0.0224054 0.0191486 0.0157111 0.0124343 0.00954778 0.00715986 0.00527869 0.00384813 0.0027838
 1.00956e-16 3.20196e-05 0.000187925 0.000893299 0.00343923 0.0107249 0.0270903 0.0554308 0.091884 0.123401 0.134295 0.118482 0.0848661 0.0496343 0.0242859 0.0110336 0.00640061 0.00628254 0.0081517 0.0108689 0.0139188 0.0169385 0.019574 0.0214963 0.0224638 0.0223769 0.0212979 0.0194285 0.0170544 0.0144762 0.01195 0.00965155 0.00767006 0.00602359 0.00468525 0.00360865
 1.01174e-16 2.90232e-05 0.000170327 0.000809627 0.00311705 0.00972019 0.0245526 0.0502388 0.08328 0.111854 0.121748 0.10746 0.0770747 0.0452863 0.0225475 0.0109008 0.00723125 0.00784378 0.0104482 0.0139767 0.0178852 0.0217313 0.025061 0.0274505 0.0285917 0.0283633 0.0268563 0.0243434 0.0212053 0.0178398 0.0145819 0.011658 0.00917773 0.00715456 0.00554207 0.0042687
 1.01205e-16 3.18591e-05 0.000186983 0.000888824 0.00342201 0.0106712 0.0269546 0.0551531 0.0914235 0.122783 0.133621 0.117885 0.0844339 0.0493724 0.0241409 0.0109399 0.00630909 0.00616483 0.00799397 0.0106672 0.0136783 0.0166743 0.0193118 0.02127 0.0223119 0.022336 0.0213968 0.0196825 0.0174629 0.0150228 0.0126048 0.0103765 0.00842441 0.00676867 0.00538853 0.00424601
 1.01182e-16 2.98964e-05 0.000175455 0.00083401 0.00321094 0.010013 0.0252921 0.0517518 0.0857874 0.115219 0.125405 0.110672 0.0793454 0.0465537 0.0230546 0.0109401 0.00698985 0.00738921 0.00977848 0.0130687 0.0167236 0.0203237 0.0234442 0.0256892 0.0267712 0.0265765 0.0251897 0.0228646 0.0199557 0.0168327 0.0138071 0.0110889 0.00877916 0.00688979 0.00537738 0.00417566
 1.01598e-16 2.76761e-05 0.000162418 0.000772023 0.00297227 0.00926868 0.0234121 0.0479054 0.0794127 0.106662 0.116102 0.10249 0.0735383 0.043266 0.0216492 0.0106466 0.00729999 0.0080963 0.010857 0.0145612 0.0186765 0.0227578 0.0263412 0.0289889 0.0303779 0.0303714 0.0290469 0.0266658 0.0236006 0.0202441 0.0169303 0.013889 0.0112373 0.00900067 0.00714748 0.0056223
 1.0152e-16 3.11636e-05 0.000182899 0.000869408 0.00334725 0.0104381 0.0263658 0.0539483 0.0894266 0.120102 0.130706 0.115318 0.0826064 0.0483263 0.0236717 0.0107995 0.00632992 0.00627284 0.0081727 0.0109246 0.014029 0.0171332 0.0198899 0.0219736 0.0231413 0.0232854 0.0224542 0.0208304 0.0186783 0.0162781 0.0138692 0.0116175 0.00960999 0.00787022 0.00638298 0.00511767
 1.01258e-16 3.07289e-05 0.000180345 0.000857258 0.00330046 0.0102921 0.0259972 0.0531944 0.0881778 0.118427 0.12889 0.113732 0.0815048 0.0477513 0.0235191 0.0109461 0.00671037 0.00688296 0.00903863 0.0120705 0.0154538 0.0187962 0.0217062 0.0238195 0.0248705 0.0247527 0.0235404 0.0214629 0.0188415 0.0160117 0.0132563 0.0107659 0.0086328 0.00686899 0.00543715 0.00428011
 1.02571e-16 1.64546e-05 9.6518e-05 0.000458683 0.00176576 0.00550617 0.0139086 0.0284621 0.0471916 0.0634146 0.0691068 0.061193 0.0443185 0.026903 0.0149976 0.00991458 0.010044 0.0134042 0.018713 0.0252354 0.0323633 0.0393934 0.0455296 0.0500124 0.0522834 0.0521134 0.0496492 0.0453607 0.039911 0.033996 0.0282052 0.0229402 0.0184009 0.0146221 0.0115361 0.0090327
 1.04139e-16 2.50932e-05 0.000147261 0.000699977 0.00269489 0.00840372 0.0212272 0.0434344 0.0720002 0.0967027 0.105254 0.0928952 0.0666144 0.0391141 0.0194305 0.00933183 0.00613426 0.00666348 0.00897471 0.0121967 0.0159244 0.0198452 0.0236257 0.0269283 0.0294688 0.0310669 0.031671 0.0313464 0.030239 0.0285269 0.0263809 0.0239425 0.021323 0.0186133 0.0158967 0.0132561
 1.03528e-16 2.51089e-05 0.000147346 0.000700366 0.00269637 0.00840829 0.0212389 0.0434588 0.0720427 0.0967662 0.10534 0.0930107 0.0667835 0.0393859 0.019883 0.0100697 0.00728198 0.00834951 0.0113049 0.0152179 0.0195863 0.0239715 0.0279089 0.0309561 0.0327827 0.0332424 0.0323991 0.0304961 0.0278821 0.0249209 0.0219155 0.0190659 0.0164666 0.0141317 0.0120324 0.0101308
pSPR Fmed_Fpbrs
0.460994   0.6 0.325
Fs Fmed_Fpbrs
0.64   0.364361 1.16582
SSBpbr Bo_Bmed_Bpbrs
728205  299288  400513 200256
Ro
29143.9
SPR SPRFo_SPRFmed_SPRFpbrs
601944 277493 195632
log_Ro
10.1
likeval ReclasPelacesDesembMPH_pf_preclas_ppelaces_ptallas_desvR_qrecl_qpela
 68.8456 13.3744 0.0337004 0.000559865 342.559 207.706 56.9825 0 18.5354 1.01338e-05 0.000136352 9.83947e-16 0 0 0
q_reclas_q_pelaces
1.57003 5.26606
M
0.7
N
 31580.1 12404.5 4863.07 599.356 0.19145
 42463.6 14496.7 3316.51 1300.2 160.297
 13404 19360 3672.93 840.284 370.038
 18356.5 5644.51 2623.77 497.774 164.029
 42382.5 8647.54 1850.65 860.247 216.984
 27359.6 20829.4 3957.53 846.947 492.993
 66495.9 12332.4 4824.11 916.567 310.331
 64586.6 30778.5 3519.54 1376.75 350.144
 84323.7 28739.9 6440.45 736.468 361.355
 115676 37002.7 5388.17 1207.46 205.821
 63388.8 52927.5 9642.49 1404.1 368.285
 45691.6 27457.2 8958.02 1632 299.977
 53268 19841.6 4740.44 1546.59 333.552
 28185.2 21079.3 1647.86 393.697 156.147
 14167 9401.15 455.555 35.6127 11.883
 11180.2 4662.72 182.889 8.86233 0.923978
 8137.1 4682.68 605.611 23.7543 1.27108
 9885.45 3514.43 774.663 100.187 4.13999
 9986.21 4406.35 745.343 164.291 22.1258
 14287.4 4564.69 1139.35 192.723 48.2018
 20277.9 6463.59 1087.98 271.561 57.424
 24171.1 9645.81 2287.42 385.03 116.426
 40229.8 11390.9 3171.73 752.147 164.888
 59050.8 18710.1 3375.48 939.877 271.745
 23998.7 27576.3 5726.71 1033.15 370.849
 34172 11350.3 9327.01 1936.91 474.869
 28844.4 16034.3 3606.81 2963.88 766.401
pred_Ctot
 1724.74 4265.51 1672.25 206.098 0.0658332
 2513.1 5305.15 1213.7 475.819 58.6616
 1479.21 10874.5 2063.07 471.985 207.849
 679.86 1412.38 656.523 124.554 41.0436
 314.539 489.932 104.85 48.7379 12.2933
 1826.24 8345.92 1585.7 339.354 197.532
 3260.7 3893.01 1522.84 289.336 97.9633
 4857.47 13446.6 1537.62 601.478 152.972
 7105.04 13587.4 3044.86 348.182 170.839
 6570.13 13118.7 1910.29 428.086 72.9705
 5869.01 26642.8 4853.87 706.799 185.389
 4156.87 13663.7 4457.83 812.14 149.279
 7883.45 13075.5 3123.93 1019.19 219.81
 6808.41 16858.8 1317.93 314.872 124.883
 3517.71 7580.38 367.325 28.7154 9.58153
 1271.25 2665.72 104.56 5.06668 0.528247
 768.408 2387.56 308.783 12.1116 0.648086
 732.458 1519.17 334.86 43.3075 1.78958
 573.79 1576.24 266.625 58.7703 7.91485
 919.227 1779.6 444.189 75.1355 18.792
 615.448 1361.93 229.247 57.2203 12.0997
 889.106 2399.58 569.038 95.7835 28.9631
 1842.58 3402.37 947.366 224.66 49.2506
 2539.62 5306.86 957.41 266.584 77.0769
 823.662 6465.2 1342.61 242.22 86.9445
 1358.58 3015.31 2477.81 514.561 126.154
 1769.99 6032.1 1356.88 1115.01 288.321
F
 0.0786082 0.619149 0.619149 0.619149 0.619149
 0.0854362 0.672928 0.672928 0.672928 0.672928
 0.164872 1.2986 1.2986 1.2986 1.2986
 0.0527077 0.415146 0.415146 0.415146 0.415146
 0.0103669 0.0816539 0.0816539 0.0816539 0.0816539
 0.0968389 0.762741 0.762741 0.762741 0.762741
 0.0703242 0.553901 0.553901 0.553901 0.553901
 0.109723 0.864218 0.864218 0.864218 0.864218
 0.123671 0.974079 0.974079 0.974079 0.974079
 0.0818665 0.644812 0.644812 0.644812 0.644812
 0.136658 1.07637 1.07637 1.07637 1.07637
 0.134135 1.0565 1.0565 1.0565 1.0565
 0.227046 1.7883 1.7883 1.7883 1.7883
 0.397965 3.13453 3.13453 3.13453 3.13453
 0.411319 3.23971 3.23971 3.23971 3.23971
 0.17027 1.34112 1.34112 1.34112 1.34112
 0.139556 1.0992 1.0992 1.0992 1.0992
 0.108018 0.850788 0.850788 0.850788 0.850788
 0.0828538 0.652589 0.652589 0.652589 0.652589
 0.093193 0.734025 0.734025 0.734025 0.734025
 0.0430096 0.338761 0.338761 0.338761 0.338761
 0.0523396 0.412247 0.412247 0.412247 0.412247
 0.0655481 0.516282 0.516282 0.516282 0.516282
 0.0614393 0.48392 0.48392 0.48392 0.48392
 0.048759 0.384044 0.384044 0.384044 0.384044
 0.0566777 0.446416 0.446416 0.446416 0.446416
 0.0887112 0.698724 0.698724 0.698724 0.698724
Np
 19256.7 9130.3 4521.5 1365.67 413.167
YTP_r0W_actual
 7710.13 77664.2 25396.3 26651.6 7647.76
YTP_p0W_proyectada
 5147.34 63489.2 27876.5 8008.07 9105.76
 5147.34 44223.9 31836.8 12280.3 4122.9
CTP_r0_actual
 940.26 3595.57 808.801 664.627 171.86
CTP_p0_proyectada
 627.724 2939.31 887.788 199.703 204.624
 627.724 2047.4 1013.91 306.241 92.6495
Wmedp
 8.2 21.6 31.4 40.1 44.5
nmprior
 10.8 10.6 4.6 0
nm_flota  nm_reclas  nm_pelaces    nm_pelaL
inf 25.3637 13.7407 39.1934
cv_recla  cv_pelaces  cv_mph
0.71857 0.400615 0.632379
 ------------------------------------------------
Talla a la edad & desviaci?n 
 7.2 14.2025 17.0495 18.207 18.6776
 1.08 2.13037 2.55742 2.73105 2.80164
