years
 1997 1998 1999 2000 2001 2002 2003 2004 2005 2006 2007 2008 2009 2010 2011 2012 2013 2014 2015 2016 2017 2018 2019 2020 2021 2022 2023
reclasobs
 0 0 0 370054 412103 1.49427e+06 250295 1.28982e+06 931140 785840 897777 1.04006e+06 184774 17550 25797 100020 73551 82996 120727 218422 84188 347160 605670 569463 516374 1.08416e+06 1.01767e+06
reclaspred
 515463 131729 327100 212390 340910 432764 945555 662802 754064 797094 690664 475150 283670 113870 68404.2 68344.2 80174 108074 120841 161332 245455 236382 401046 532485 715536 700639 633433
pelacesobs
 0 0 0 0 0 0 0 0 0 2.06254e+06 1.5e+06 0 1.87456e+06 323000 250000 174000 83755 137374 0 501740 490994 745055 786931 1.00524e+06 1.33801e+06 1.41789e+06 0
pelacespred
 2.09479e+06 420349 647021 656898 957942 856494 2.53088e+06 1.97917e+06 2.13972e+06 2.24627e+06 1.60482e+06 1.13927e+06 716404 230900 151516 152052 183693 258893 276780 376852 669670 584745 810856 1.25545e+06 1.57948e+06 1.66591e+06 1.44788e+06
mphobs
 0 0 0 0 0 0 112323 0 153150 637223 0 255016 313432 73983 77613 109348 50772 17779 17303 59886 28197 0 207744 136588 643089 65757 70829
mphpred
 177424 96625.3 105347 95961.6 108947 185227 269184 341243 302722 330718 342644 235195 138246 76630.3 31515.3 26537.5 27816.1 37502.9 50970.1 54919 88366.9 77144.6 92258.5 138071 190855 193878 180340
desembarqueobs
 350755 77701 442110 56441 14545 235359 269955 359681 431902 328805 639364 411747 362871 311530 167758 66681 60226 58785 57116 73181 50977 67692 138656 160484 209506 203330 245020
desembarquepred
 350759 77698.3 442078 56444.7 14545.4 235455 270032 359663 431937 328801 639266 411767 362912 311617 167569 66672.7 60251.6 58777 57098.5 73175.9 50979.4 67680.5 138658 160495 209489 203307 245000
Reclutas
 35376.4 42882.7 20423.1 29160.3 53466.6 38230.1 74566.2 72161.4 96115.9 113907 63856.3 44577.3 48338.7 25866.7 14772 12809.4 9232.31 11223 12054.2 18697.9 24811.5 30908 50259 72036.2 33561.6 47688.2 59216.9
log_desv_Rt
 0.0138005 0.206224 -0.535579 -0.179438 0.426813 0.0913789 0.759442 0.726661 1.01331 1.18314 0.60439 0.244979 0.325988 -0.299289 -0.85951 -1.00207 -1.32954 -1.13428 -1.06283 -0.623831 -0.340939 -0.121229 0.364946 0.724924 -0.0388631 0.31244 0.528962
SSB
 429610 233967 255084 232360 263802 448505 632548 815760 713873 782651 829671 569497 348536 183940 80451.3 67340.7 73794.4 93654.9 119075 136262 204870 253712 313135 444821 678398 710581 619598
BT
 1.49763e+06 360760 606877 421789 543928 643591 1.62462e+06 1.49775e+06 1.60183e+06 1.56474e+06 1.44967e+06 997906 752080 415376 222388 139573 151423 192041 199248 269097 414268 377943 541061 825454 1.00861e+06 1.0726e+06 995725
Ftot
 1.07235 0.98922 1.74565 0.393422 0.0694513 0.662781 0.424195 0.804613 0.898162 0.644278 1.17716 1.06044 1.77669 3.51446 3.91564 1.57112 1.16825 0.827264 0.651958 0.679169 0.313417 0.378242 0.461185 0.449022 0.359122 0.341981 0.491486
BD_Bspro_t
 0.90457 0.626474 0.540931 0.348401 0.503162 0.686562 0.628795 0.655741 0.589317 0.565784 0.547902 0.385137 0.279579 0.188791 0.10337 0.105995 0.155012 0.249051 0.350747 0.441041 0.571342 0.683938 0.692051 0.701593 0.728791 0.67839 0.644929
BD_Bspro
 0.596136 0.324657 0.35396 0.322427 0.366057 0.622354 0.877737 1.13197 0.990585 1.08602 1.15127 0.790246 0.483636 0.255239 0.111636 0.0934433 0.102399 0.129957 0.165231 0.18908 0.284282 0.352056 0.434512 0.617243 0.941359 0.986017 0.859767
BD_Bo
 0.523068 0.284864 0.310576 0.282907 0.32119 0.546073 0.770153 0.993222 0.86917 0.95291 1.01016 0.693387 0.424357 0.223955 0.0979527 0.0819901 0.0898477 0.114029 0.144979 0.165904 0.249438 0.308905 0.381255 0.541588 0.825977 0.865162 0.754386
BD_Brms
 0.951033 0.517935 0.564683 0.514377 0.583982 0.99286 1.40028 1.80586 1.58031 1.73256 1.83665 1.2607 0.771559 0.40719 0.178096 0.149073 0.16336 0.207325 0.263598 0.301644 0.453523 0.561645 0.69319 0.984706 1.50178 1.57302 1.37161
S_f
 0.0919681 0.658046 0.973378 0.998563 0.999924
 0.0919681 0.658046 0.973378 0.998563 0.999924
 0.0919681 0.658046 0.973378 0.998563 0.999924
 0.0919681 0.658046 0.973378 0.998563 0.999924
 0.0919681 0.658046 0.973378 0.998563 0.999924
 0.0919681 0.658046 0.973378 0.998563 0.999924
 0.0919681 0.658046 0.973378 0.998563 0.999924
 0.0919681 0.658046 0.973378 0.998563 0.999924
 0.0919681 0.658046 0.973378 0.998563 0.999924
 0.0919681 0.658046 0.973378 0.998563 0.999924
 0.0919681 0.658046 0.973378 0.998563 0.999924
 0.0919681 0.658046 0.973378 0.998563 0.999924
 0.0919681 0.658046 0.973378 0.998563 0.999924
 0.0919681 0.658046 0.973378 0.998563 0.999924
 0.0919681 0.658046 0.973378 0.998563 0.999924
 0.0919681 0.658046 0.973378 0.998563 0.999924
 0.0919681 0.658046 0.973378 0.998563 0.999924
 0.0919681 0.658046 0.973378 0.998563 0.999924
 0.0919681 0.658046 0.973378 0.998563 0.999924
 0.0919681 0.658046 0.973378 0.998563 0.999924
 0.0919681 0.658046 0.973378 0.998563 0.999924
 0.0919681 0.658046 0.973378 0.998563 0.999924
 0.0919681 0.658046 0.973378 0.998563 0.999924
 0.0919681 0.658046 0.973378 0.998563 0.999924
 0.0919681 0.658046 0.973378 0.998563 0.999924
 0.0919681 0.658046 0.973378 0.998563 0.999924
 0.0919681 0.658046 0.973378 0.998563 0.999924
Scru_reclas
 0.530097 0.850239 0.966184 0.993094 0.99862
 0.530097 0.850239 0.966184 0.993094 0.99862
 0.530097 0.850239 0.966184 0.993094 0.99862
 0.530097 0.850239 0.966184 0.993094 0.99862
 0.530097 0.850239 0.966184 0.993094 0.99862
 0.530097 0.850239 0.966184 0.993094 0.99862
 0.530097 0.850239 0.966184 0.993094 0.99862
 0.530097 0.850239 0.966184 0.993094 0.99862
 0.530097 0.850239 0.966184 0.993094 0.99862
 0.530097 0.850239 0.966184 0.993094 0.99862
 0.530097 0.850239 0.966184 0.993094 0.99862
 0.530097 0.850239 0.966184 0.993094 0.99862
 0.530097 0.850239 0.966184 0.993094 0.99862
 0.530097 0.850239 0.966184 0.993094 0.99862
 0.530097 0.850239 0.966184 0.993094 0.99862
 0.530097 0.850239 0.966184 0.993094 0.99862
 0.530097 0.850239 0.966184 0.993094 0.99862
 0.530097 0.850239 0.966184 0.993094 0.99862
 0.530097 0.850239 0.966184 0.993094 0.99862
 0.530097 0.850239 0.966184 0.993094 0.99862
 0.530097 0.850239 0.966184 0.993094 0.99862
 0.530097 0.850239 0.966184 0.993094 0.99862
 0.530097 0.850239 0.966184 0.993094 0.99862
 0.530097 0.850239 0.966184 0.993094 0.99862
 0.530097 0.850239 0.966184 0.993094 0.99862
 0.530097 0.850239 0.966184 0.993094 0.99862
 0.530097 0.850239 0.966184 0.993094 0.99862
Scru_pelaces
 0.85867 1 1 1 1
 0.85867 1 1 1 1
 0.85867 1 1 1 1
 0.85867 1 1 1 1
 0.85867 1 1 1 1
 0.85867 1 1 1 1
 0.85867 1 1 1 1
 0.85867 1 1 1 1
 0.85867 1 1 1 1
 0.85867 1 1 1 1
 0.85867 1 1 1 1
 0.85867 1 1 1 1
 0.85867 1 1 1 1
 0.85867 1 1 1 1
 0.85867 1 1 1 1
 0.85867 1 1 1 1
 0.85867 1 1 1 1
 0.85867 1 1 1 1
 0.85867 1 1 1 1
 0.85867 1 1 1 1
 0.85867 1 1 1 1
 0.85867 1 1 1 1
 0.85867 1 1 1 1
 0.85867 1 1 1 1
 0.85867 1 1 1 1
 0.85867 1 1 1 1
 0.85867 1 1 1 1
pf_obs 
 0.256992 0.487395 0.22802 0.0275931 0
 0.321318 0.546541 0.124235 0.00734118 0.000564706
 0.182869 0.594174 0.210203 0.0122559 0.00049798
 0.330522 0.361315 0.267642 0.0388342 0.00168674
 0.649043 0.306663 0.0425973 0.00169635 0
 0.582887 0.30429 0.105238 0.00758474 0
 0.465427 0.430635 0.0974691 0.00646863 0
 0.296916 0.608066 0.0921331 0.00288517 0
 0.311714 0.524322 0.152257 0.0117073 0
 0.15457 0.633149 0.183074 0.0267441 0.00246327
 0.131901 0.49318 0.331252 0.0422183 0.00144891
 0.196976 0.569456 0.194076 0.0375587 0.00193317
 0.518974 0.381816 0.0799577 0.0180837 0.00116848
 0.0928022 0.601141 0.25162 0.0475244 0.00691264
 0.122501 0.610282 0.24278 0.0234846 0.000952079
 0.383417 0.481906 0.127806 0.00687128 0
 0.0376549 0.599619 0.316969 0.0457579 0
 0.0361596 0.667082 0.258105 0.0386534 0
 0.158088 0.579412 0.248529 0.0139706 0
 0.0477256 0.309471 0.559284 0.082774 0.000745712
 0.0406174 0.521527 0.379366 0.0568643 0.0016247
 0.151134 0.462217 0.34131 0.0453401 0
 0.294876 0.26143 0.354403 0.0886775 0.000613685
 0.281977 0.475581 0.204845 0.0348837 0.00271318
 0.0841818 0.532909 0.334909 0.0458182 0.00218182
 0.115287 0.27431 0.454777 0.147771 0.00785563
 0 0 0 0 0
pf_pred 
 0.291072 0.483054 0.201687 0.0241728 1.39397e-05
 0.272214 0.573854 0.122276 0.0283916 0.00326491
 0.142492 0.659678 0.172039 0.0206576 0.0051336
 0.248678 0.478902 0.238409 0.0297842 0.00422579
 0.269684 0.495393 0.172065 0.0552155 0.00764188
 0.140523 0.592212 0.202388 0.0478427 0.0170342
 0.259624 0.401403 0.266372 0.0554415 0.0171593
 0.198054 0.578119 0.145926 0.0616234 0.0162779
 0.248377 0.498217 0.206834 0.0307582 0.0158137
 0.236162 0.558779 0.158671 0.0381337 0.00825441
 0.133738 0.609097 0.210577 0.0363315 0.0102568
 0.142405 0.508403 0.284468 0.0534194 0.0113053
 0.238251 0.478395 0.205605 0.063829 0.0139202
 0.224307 0.637689 0.108405 0.0218058 0.00779287
 0.292699 0.627867 0.0747319 0.00376735 0.000935149
 0.313669 0.630589 0.0539325 0.00171266 9.7122e-05
 0.200789 0.654392 0.138744 0.00588723 0.000187631
 0.240712 0.519741 0.213797 0.0247141 0.00103584
 0.214338 0.562245 0.175957 0.0425273 0.00493319
 0.266671 0.489199 0.196843 0.0375142 0.00977322
 0.237386 0.55303 0.161067 0.0393824 0.00913354
 0.206979 0.523063 0.216729 0.0411823 0.0120466
 0.251206 0.474073 0.206498 0.0550961 0.0131263
 0.24677 0.525826 0.166666 0.0460101 0.0147269
 0.0925634 0.620515 0.225444 0.0454338 0.0160435
 0.150792 0.335566 0.395938 0.0930755 0.0246284
 0.186824 0.459966 0.177892 0.136059 0.0392587
pobs_RECLAS
 0 0 0 0 0
 0 0 0 0 0
 0 0 0 0 0
 0 0 0 0 0
 0.835266 0.146461 0.0176864 0.000547809 3.91292e-05
 0.385257 0.428462 0.181853 0.0044286 0
 0.867414 0.0963971 0.0333333 0.00285562 0
 0.441836 0.489002 0.0689373 0.000224442 0
 0.779404 0.147425 0.0564933 0.0165055 0.000172143
 0.814271 0.122319 0.05973 0.00367925 0
 0.40263 0.566651 0.0304383 0.000280538 0
 0.475488 0.404961 0.113038 0.00651328 0
 0.955842 0.0263864 0.0167828 0.000988607 0
 0.975058 0.0227948 0.00214734 0 0
 0.738997 0.206755 0.0527124 0.00153531 0
 0.850938 0.134255 0.0134407 0.00136685 0
 0.542534 0.407297 0.0501686 0 0
 0.764087 0.199537 0.0359546 0.000420521 0
 0.470689 0.182191 0.310203 0.0369168 0
 0.84361 0.089868 0.0606195 0.00523954 0.000663233
 0.607945 0.314616 0.071237 0.00620181 0
 0.523733 0.453247 0.0230204 0 0
 0.530135 0.295979 0.169645 0.0042399 0
 0.562478 0.366248 0.0663022 0.0049721 0
 0.250443 0.683176 0.0655157 0.000865301 0
 0.195077 0.31981 0.436473 0.0351445 0.0134964
 0.565238 0.351407 0.0832357 0.000118908 0
ppred_RECLAS
 0.678661 0.239062 0.0734812 0.00879073 5.08959e-06
 0.64967 0.292332 0.0460803 0.0106845 0.00123361
 0.470029 0.4379 0.080124 0.00956163 0.00238506
 0.621544 0.264179 0.0999911 0.0125048 0.00178155
 0.64088 0.263277 0.0701547 0.0225535 0.0031345
 0.448617 0.411612 0.105813 0.0250157 0.0089432
 0.641283 0.218513 0.11013 0.0229438 0.00713058
 0.551667 0.347733 0.0655796 0.0276798 0.00734134
 0.627528 0.270259 0.0834214 0.0123938 0.00639775
 0.603086 0.31098 0.0664805 0.0159801 0.00347323
 0.44329 0.425385 0.107565 0.0185135 0.00524726
 0.466836 0.354051 0.145943 0.0273576 0.00581286
 0.637062 0.256702 0.0772069 0.0238153 0.0052132
 0.655201 0.306295 0.0303864 0.00597642 0.00214195
 0.73712 0.245656 0.0162294 0.000796514 0.000198234
 0.696102 0.28592 0.0173967 0.000549724 3.12931e-05
 0.556048 0.382078 0.059284 0.00250959 8.02996e-05
 0.615094 0.2864 0.0879217 0.0101572 0.000427445
 0.573939 0.32797 0.0772445 0.018672 0.00217484
 0.645692 0.257646 0.0779254 0.0148514 0.00388494
 0.60054 0.309892 0.0688011 0.0168439 0.00392268
 0.562631 0.31403 0.0989799 0.0188285 0.00553054
 0.625884 0.259856 0.0858502 0.0229249 0.00548432
 0.616119 0.288996 0.0695071 0.019205 0.00617256
 0.332925 0.49335 0.136437 0.0275277 0.00976092
 0.483914 0.238231 0.214082 0.0503856 0.0133878
 0.538867 0.291442 0.0853935 0.0653603 0.018937
pobs_PELACES
 0 0 0 0 0
 0 0 0 0 0
 0 0 0 0 0
 0 0 0 0 0
 0 0 0 0 0
 0 0 0 0 0
 0 0 0 0 0
 0 0 0 0 0
 0 0 0 0 0
 0 0 0 0 0
 0.450072 0.473896 0.0757376 0.000293798 0
 0 0 0 0 0
 0.463077 0.371075 0.160297 0.00555027 0
 0.529543 0.364841 0.0842815 0.0213345 0
 0.631943 0.363953 0.00410389 0 0
 0.735681 0.248677 0.0153453 0.000297389 0
 0.695825 0.281241 0.0229344 0 0
 0.275771 0.60734 0.115278 0.00161068 0
 0 0 0 0 0
 0.896147 0.0623911 0.0374545 0.00400742 0
 0.803859 0.145111 0.0509908 3.86294e-05 0
 0.739449 0.233085 0.0266225 0.000797448 4.60066e-05
 0.878498 0.100942 0.0204185 0.000141795 0
 0.694673 0.275183 0.0284847 0.00165964 0
 0.469039 0.446079 0.0841089 0.000773354 0
 0.822795 0.102175 0.0682046 0.00682512 0
 0 0 0 0 0
ppred_PELACES
 0.789997 0.165376 0.040009 0.00461535 2.6561e-06
 0.761002 0.206682 0.0258653 0.00578704 0.000664163
 0.639741 0.312334 0.041937 0.00479884 0.00118947
 0.718848 0.206126 0.0659019 0.00799217 0.00113213
 0.720789 0.212226 0.0494065 0.015444 0.00213447
 0.570963 0.336076 0.0709604 0.0162318 0.00576912
 0.740084 0.169154 0.0717831 0.0144984 0.00448009
 0.67345 0.265207 0.0404787 0.0165115 0.00435343
 0.744038 0.196727 0.048669 0.00698246 0.00358298
 0.710799 0.23595 0.0415093 0.00965548 0.00208638
 0.590769 0.330369 0.0650383 0.0107847 0.00303818
 0.613283 0.277024 0.0899894 0.0162678 0.00343577
 0.785698 0.16495 0.0362882 0.0107306 0.00233407
 0.840763 0.148014 0.00896391 0.00166588 0.00059281
 0.891898 0.103854 0.00401717 0.000185673 4.58731e-05
 0.811151 0.180384 0.00820163 0.000248872 1.40787e-05
 0.688878 0.276307 0.0334089 0.00136264 4.33364e-05
 0.730022 0.211466 0.0524155 0.00585089 0.000244768
 0.686322 0.252111 0.048825 0.0114204 0.00132246
 0.750077 0.191422 0.0474718 0.00875272 0.00227623
 0.694568 0.245439 0.0464137 0.0110264 0.00255329
 0.665639 0.251356 0.0670274 0.0123659 0.00361154
 0.725812 0.200741 0.0556266 0.0143964 0.00342428
 0.714905 0.22389 0.0452231 0.0121114 0.00387034
 0.433939 0.436608 0.102357 0.0200323 0.00706272
 0.600562 0.201387 0.153688 0.0350915 0.00927101
 0.653656 0.234172 0.057369 0.0425463 0.0122562
pobs_pel_tallas
 0 0 0 0 0 0 0 0 0 0 0 0 0 0 0 0 0 0 0 0 0 0 0 0 0 0 0 0 0 0 0 0 0 0 0 0
 0 0 0 0 0 0 0 0 0 0 0 0 0 0 0 0 0 0 0 0 0 0 0 0 0 0 0 0 0 0 0 0 0 0 0 0
 0 0 0 0 0 0 0 0 0 0 0 0 0 0 0 0 0 0 0 0 0 0 0 0 0 0 0 0 0 0 0 0 0 0 0 0
 0 0 0 0 0 0 0 0 0 0 0 0 0 0 0 0 0 0 0 0 0 0 0 0 0 0 0 0 0 0 0 0 0 0 0 0
 0 0 0 0 0 0 0 0 0 0 0 0 0 0 0 0 0 0 0 0 0 0 0 0 0 0 0 0 0 0 0 0 0 0 0 0
 0 0 0 0 0 0 0 0 0 0 0 0 0 0 0 0 0 0 0 0 0 0 0 0 0 0 0 0 0 0 0 0 0 0 0 0
 0 0 0 0 0 0 0 0 0 0 0 0 0 0 0 0 0 0 0 0 0 0 0 0 0 0 0 0 0 0 0 0 0 0 0 0
 0 0 0 0 0 0 0 0 0 0 0 0 0 0 0 0 0 0 0 0 0 0 0 0 0 0 0 0 0 0 0 0 0 0 0 0
 0 0 0 0 0 0 0 0 0 0 0 0 0 0 0 0 0 0 0 0 0 0 0 0 0 0 0 0 0 0 0 0 0 0 0 0
 0 0 0 0 0 0 0 0 0 0 0 0 0 0 0 0 0 0 0 0 0 0 0 0 0 0 0 0 0 0 0 0 0 0 0 0
 0 0 0 0 0 0 0 0 1.78061e-05 0.00172719 0.00360574 0.0105946 0.0120993 0.0124554 0.0147524 0.0171206 0.0266825 0.0428682 0.0675386 0.121331 0.153587 0.119568 0.100827 0.0573624 0.0630603 0.0341343 0.0324427 0.0444173 0.0211091 0.0280891 0.0125444 0.00206551 0 0 0 0
 0 0 0 0 0 0 0 0 0 0 0 0 0 0 0 0 0 0 0 0 0 0 0 0 0 0 0 0 0 0 0 0 0 0 0 0
 0 0 0 0 0 0 0.0133647 0.0140871 0.0187388 0.0205184 0.03894 0.0496705 0.03968 0.0493445 0.0407372 0.0367815 0.0215668 0.0243155 0.0234873 0.0199281 0.019796 0.0243948 0.0301388 0.0376714 0.0412746 0.0863199 0.0771752 0.113111 0.0741005 0.0525337 0.0229764 0.00759418 0.00175318 0 0 0
 0 0 0 0 0 0 0 0 0 0 0.00219441 0.00772107 0.0458388 0.0604681 0.0671733 0.0775358 0.0609151 0.0617685 0.073594 0.0568108 0.0755445 0.0548602 0.0670107 0.0636378 0.0643287 0.046367 0.0373049 0.0286899 0.0247887 0.0153202 0.00654259 0.00121912 0.000365735 0 0 0
 0 0 0 0 0 0 0 0 0 0 0 0 0.000112435 0.00938835 0.0111873 0.0202946 0.0414886 0.0713402 0.111592 0.104902 0.108894 0.110636 0.117776 0.105296 0.107544 0.0401394 0.0192827 0.0124803 0.00416011 0.0028671 0.000618394 0 0 0 0 0
 0 0 0 0 0 0 0 0 0 0 0.00291406 0.0102884 0.027416 0.0768956 0.0749926 0.110853 0.0956884 0.0897413 0.0766577 0.0534642 0.0500743 0.0551293 0.0594112 0.0620874 0.0668451 0.0424026 0.0208742 0.0120726 0.0048766 0.00582813 0.00118941 0.000297354 0 0 0 0
 0 0.00264628 0.0354308 0.0461629 0.0458689 0.0383711 0.0214643 0.0164657 0.0346957 0.0420465 0.0363128 0.0245516 0.0311673 0.0291091 0.0169068 0.0133784 0.00837989 0.0085269 0.0148486 0.0160247 0.0276389 0.0546898 0.0760071 0.122758 0.109233 0.0665981 0.0333725 0.0166128 0.00676272 0.00308733 0.000882094 0 0 0 0 0
 0 0 0 0 0 0 0 0.000805153 0.000690131 0.00759144 0.0133425 0.0154129 0.00931677 0.000345066 0.00356568 0.00563607 0.00851162 0.0253048 0.0502646 0.0516448 0.0657925 0.0565908 0.0611916 0.0827007 0.0866115 0.110766 0.145733 0.0935128 0.0569358 0.0249597 0.0138026 0.00621118 0.00161031 0.00115022 0 0
 0 0 0 0 0 0 0 0 0 0 0 0 0 0 0 0 0 0 0 0 0 0 0 0 0 0 0 0 0 0 0 0 0 0 0 0
 0.00147267 0.00158595 0.00478618 0.00569244 0.00954404 0.0108468 0.00647125 0.017049 0.0510054 0.094081 0.124002 0.0959785 0.0687766 0.0820023 0.061753 0.0591476 0.0492212 0.0479892 0.0443925 0.0268479 0.0217502 0.0140895 0.0121071 0.0120363 0.00920419 0.00665534 0.0049561 0.00860946 0.00930331 0.0156896 0.0114698 0.00855282 0.00243557 0.00046729 0 2.83206e-05
 0 0 0 0 0.000772559 0.00158375 0.000888443 0.00281984 0.00712685 0.0440552 0.0773331 0.111326 0.0921469 0.0852325 0.0710754 0.0886704 0.0786465 0.0553345 0.0373146 0.0185414 0.00753245 0.00457741 0.012979 0.0271748 0.0457355 0.0583668 0.034881 0.0177882 0.00938659 0.00492506 0.0015258 0.00185414 0.000309023 5.79419e-05 3.86279e-05 0
 0 0.00173294 0.00326652 0 0.00397197 0.00683976 0.00946217 0.0152591 0.00757587 0.0136028 0.0228656 0.0392903 0.0559909 0.0764795 0.0681675 0.0726916 0.0566044 0.0477403 0.0527397 0.0444891 0.0609904 0.0582453 0.0661739 0.0445044 0.0529084 0.0360697 0.0280645 0.0235558 0.0158879 0.00826598 0.00280645 0.00217768 0.000904811 0.00058276 9.20147e-05 0
 0 0 0 0 0 0 0 0 0 0 0 0 0 0 0 0 0 0 0 0 0 0 0 0 0 0 0 0 0 0 0 0 0 0 0 0
 0 0 0 0 0 0 0 0 0 0 0 0 0 0 0 0 0 0 0 0 0 0 0 0 0 0 0 0 0 0 0 0 0 0 0 0
 0 0 0 0 0 0 0 0 0 0 0 0 0 0 0 0 0 0 0 0 0 0 0 0 0 0 0 0 0 0 0 0 0 0 0 0
 0 0 0 0 0 0 0 0 0 0 0 0 0 0 0 0 0 0 0 0 0 0 0 0 0 0 0 0 0 0 0 0 0 0 0 0
 0 0 0 0 0 0 0 0 0 0 0 0 0 0 0 0 0 0 0 0 0 0 0 0 0 0 0 0 0 0 0 0 0 0 0 0
ppred_pel_tallas
 1.00781e-16 3.4467e-05 0.000202297 0.000961639 0.00370238 0.0115455 0.0291631 0.0596714 0.0989114 0.132834 0.144545 0.127488 0.0912366 0.0531986 0.0257286 0.0111799 0.00578115 0.00509383 0.00639503 0.00848413 0.0108639 0.01323 0.0153034 0.0168272 0.0176125 0.0175796 0.0167743 0.0153501 0.013526 0.0115335 0.00957012 0.00777244 0.00621116 0.00490266 0.00382903 0.00295733
 1.00665e-16 3.32043e-05 0.000194881 0.00092637 0.00356657 0.011122 0.0280934 0.057483 0.0952852 0.127968 0.139261 0.122854 0.0879763 0.051411 0.0250757 0.0112566 0.00633888 0.006058 0.00778768 0.0103473 0.0132106 0.0160173 0.0184223 0.0201091 0.0208508 0.0205626 0.0193207 0.017338 0.0149089 0.0123385 0.0098829 0.00771324 0.00590937 0.00447603 0.00337058 0.00253038
 1.00918e-16 2.79211e-05 0.000163854 0.000778843 0.00299851 0.00935053 0.0236189 0.0483287 0.080115 0.107607 0.117137 0.103415 0.0742295 0.043727 0.0219795 0.0109712 0.00772413 0.00869557 0.0116802 0.0156284 0.0199708 0.0242161 0.0278519 0.0304007 0.0315187 0.0310766 0.0291887 0.0261767 0.0224854 0.0185772 0.0148408 0.0115372 0.00878965 0.00660758 0.00492815 0.00365742
 1.01331e-16 3.13663e-05 0.00018409 0.000875068 0.00336904 0.010506 0.0265374 0.0542995 0.0900086 0.120883 0.131555 0.116064 0.0831345 0.0486225 0.0237931 0.0108151 0.00628479 0.00618489 0.0080443 0.0107536 0.0138153 0.0168811 0.0196095 0.021679 0.0228481 0.0230073 0.0221999 0.0206011 0.018468 0.0160751 0.0136597 0.0113891 0.00935509 0.00758752 0.00607785 0.00480065
 1.01401e-16 3.14511e-05 0.000184587 0.000877433 0.00337815 0.0105344 0.0266092 0.0544462 0.0902521 0.12121 0.131912 0.116382 0.0833667 0.048768 0.023882 0.0108846 0.0063634 0.00628973 0.00818327 0.0109266 0.0140138 0.0170871 0.0197962 0.021814 0.0228988 0.0229479 0.0220172 0.0202994 0.018069 0.0156151 0.0131825 0.010939 0.00896914 0.00729049 0.00588004 0.00469876
 1.01945e-16 2.49231e-05 0.00014625 0.000695149 0.00267626 0.0083456 0.0210805 0.0431352 0.0715076 0.0960516 0.104573 0.0923582 0.0663697 0.0392516 0.0200174 0.0104669 0.00797264 0.00939683 0.0127805 0.0171722 0.0220206 0.0268169 0.0310157 0.0341014 0.0356946 0.0356381 0.0340291 0.0311828 0.0275446 0.0235822 0.0196911 0.0161404 0.0130638 0.0104846 0.00835858 0.0066138
 1.01782e-16 3.22908e-05 0.000189521 0.000900896 0.0034685 0.0108162 0.0273208 0.0559021 0.0926639 0.124445 0.135421 0.119452 0.0855097 0.0499081 0.0242295 0.0106891 0.00576588 0.00531389 0.00679193 0.00907992 0.0117094 0.0143841 0.0168237 0.0187626 0.019996 0.0204217 0.0200572 0.0190247 0.0175119 0.015723 0.0138363 0.0119808 0.0102317 0.00862266 0.00716244 0.00585054
 1.01432e-16 2.9389e-05 0.000172476 0.000819845 0.0031564 0.00984289 0.0248625 0.0508728 0.0843306 0.113264 0.123279 0.108803 0.0780193 0.0458041 0.0227363 0.0108775 0.00706696 0.00755865 0.0100334 0.0134167 0.0171718 0.020872 0.0240831 0.0264001 0.0275295 0.0273561 0.0259675 0.0236241 0.0206884 0.0175372 0.014486 0.0117457 0.00941481 0.00750166 0.00595887 0.00471765
 1.01163e-16 3.24643e-05 0.000190537 0.000905721 0.00348707 0.0108741 0.0274671 0.0562016 0.0931611 0.125115 0.136156 0.120113 0.0860111 0.0502576 0.0245045 0.0109875 0.00617382 0.0058972 0.00759594 0.0101246 0.0129799 0.0158215 0.0183222 0.0201776 0.0211629 0.0211822 0.0202876 0.0186585 0.0165514 0.0142368 0.0119454 0.00983583 0.00798969 0.00642552 0.00512278 0.0040447
 1.01096e-16 3.10165e-05 0.000182033 0.000865286 0.00333137 0.0103885 0.0262407 0.0536926 0.0890035 0.119536 0.130095 0.114793 0.0822601 0.0481832 0.0237119 0.0110023 0.00669889 0.00683431 0.00895964 0.0119582 0.0153028 0.0186016 0.0214648 0.0235303 0.0245346 0.024373 0.0231213 0.02101 0.0183615 0.0155126 0.0127474 0.0102577 0.00813654 0.00639609 0.0049981 0.00388353
 1.01544e-16 2.57865e-05 0.00015132 0.000719252 0.00276907 0.008635 0.0218116 0.0446309 0.0739865 0.0993796 0.108191 0.0955436 0.0686355 0.0405448 0.0205902 0.0106252 0.00792189 0.00922623 0.0125083 0.0167879 0.0215072 0.0261603 0.0302091 0.0331463 0.0346006 0.0344215 0.0327108 0.0297866 0.0260961 0.0221085 0.0182205 0.0147024 0.0116879 0.00919859 0.00718632 0.00557329
 1.02088e-16 2.67661e-05 0.000157076 0.000746627 0.00287448 0.00896375 0.0226419 0.0463294 0.0768003 0.103154 0.112285 0.0991235 0.0711304 0.0418646 0.0209772 0.0103663 0.00717617 0.00801545 0.0107837 0.0144995 0.0186525 0.0228136 0.0265318 0.0293769 0.0310239 0.0313238 0.0303308 0.0282756 0.025497 0.0223573 0.0191688 0.0161513 0.0134249 0.0110293 0.00895488 0.00717185
 1.01047e-16 3.42795e-05 0.000201197 0.000956406 0.00368223 0.0114827 0.0290044 0.0593467 0.0983731 0.132111 0.143758 0.126795 0.0907412 0.0529111 0.0255922 0.0111253 0.0057599 0.00508208 0.00638426 0.00847286 0.0108539 0.0132254 0.0153105 0.0168547 0.0176709 0.0176807 0.0169297 0.0155698 0.0138168 0.0118974 0.0100032 0.00826492 0.0067477 0.00546382 0.00439327 0.00350336
 1.00261e-16 3.66799e-05 0.000215291 0.00102341 0.00394023 0.0122873 0.0310367 0.0635047 0.105265 0.141363 0.153818 0.135649 0.0970372 0.0565002 0.0271736 0.0115462 0.00558758 0.00455947 0.00555646 0.00730464 0.0092932 0.0112312 0.012865 0.0139684 0.0143826 0.014053 0.0130426 0.011514 0.00968763 0.00779076 0.00601237 0.00447696 0.00323951 0.00229759 0.00161217 0.00112869
 1.001e-16 3.89078e-05 0.000228375 0.00108563 0.00417978 0.0130343 0.0329235 0.067365 0.111662 0.149949 0.163148 0.143847 0.102835 0.0597422 0.0284823 0.0116717 0.00501178 0.00345993 0.00393334 0.00510275 0.00647502 0.00781372 0.00893484 0.00967896 0.00993536 0.00966734 0.00892139 0.00781429 0.00650368 0.00515157 0.00389256 0.00281502 0.00195744 0.00131693 0.000864052 0.000557959
 1.00185e-16 3.539e-05 0.000207715 0.000987391 0.00380152 0.0118547 0.0299441 0.0612695 0.101561 0.136392 0.148418 0.130908 0.0936915 0.0546447 0.0264544 0.0115379 0.00602208 0.00534576 0.00670487 0.00885303 0.0112613 0.0135963 0.0155528 0.0168556 0.0173122 0.0168582 0.0155734 0.0136596 0.0113897 0.00904426 0.00685675 0.0049807 0.00348345 0.0023608 0.00156264 0.00101906
 1.00614e-16 3.00622e-05 0.000176427 0.000838627 0.00322871 0.0100684 0.0254321 0.0520384 0.0862629 0.115859 0.126105 0.111298 0.079812 0.046863 0.0232735 0.0111523 0.00726564 0.00777921 0.0103158 0.0137684 0.017577 0.0212927 0.0244592 0.0266535 0.027573 0.027106 0.025358 0.0226189 0.0192881 0.0157801 0.0124435 0.00951201 0.00709521 0.0051999 0.00376699 0.0027085
 1.01026e-16 3.18537e-05 0.000186951 0.000888671 0.00342141 0.0106693 0.02695 0.0551436 0.0914079 0.122762 0.1336 0.117869 0.084427 0.0493785 0.0241627 0.0109813 0.00637625 0.00626536 0.00813529 0.0108543 0.0139112 0.0169465 0.0196086 0.0215698 0.0225881 0.0225609 0.0215457 0.0197376 0.0174156 0.0148744 0.0123661 0.0100652 0.00806221 0.00637893 0.00499344 0.00386478
 1.0123e-16 2.99498e-05 0.00017577 0.000835504 0.0032167 0.0100309 0.0253374 0.0518445 0.0859409 0.115425 0.125627 0.110865 0.0794764 0.0466158 0.0230581 0.0108969 0.00690371 0.00725631 0.009592 0.012824 0.0164226 0.0199775 0.0230737 0.0253239 0.0264447 0.0263213 0.0250312 0.0228161 0.0200166 0.0169893 0.0140356 0.0113605 0.00906483 0.00716472 0.00562335 0.00438198
 1.01144e-16 3.27274e-05 0.000192082 0.000913068 0.00351536 0.0109623 0.0276899 0.0566575 0.0939166 0.126129 0.137258 0.121081 0.0866956 0.0506401 0.0246584 0.0110012 0.00610403 0.00576466 0.00740042 0.00985942 0.0126405 0.01541 0.0178492 0.0196618 0.0206289 0.0206567 0.0197956 0.0182193 0.0161765 0.0139299 0.0117031 0.0096502 0.00785054 0.00632245 0.00504655 0.00398784
 1.01238e-16 3.03091e-05 0.00017788 0.000845537 0.00325533 0.0101514 0.0256417 0.0524671 0.0869725 0.116809 0.127132 0.112187 0.0804119 0.0471397 0.0232711 0.0109202 0.00681551 0.0070856 0.00933894 0.0124795 0.0159797 0.0194374 0.0224486 0.0246362 0.025725 0.0256038 0.0243486 0.0221954 0.019476 0.0165374 0.0136725 0.0110801 0.0088573 0.00701846 0.00552669 0.004324
 1.01628e-16 2.9048e-05 0.000170475 0.000810333 0.00311978 0.00972871 0.0245741 0.0502826 0.0833519 0.111948 0.121846 0.107534 0.0770998 0.0452456 0.0224253 0.0106742 0.0068674 0.00730376 0.00969659 0.0129943 0.0166817 0.0203553 0.0236031 0.0260364 0.0273661 0.027466 0.026398 0.0243854 0.0217497 0.0188312 0.0159208 0.0132194 0.0108321 0.00878552 0.00705826 0.00560911
 1.0151e-16 3.16697e-05 0.000185871 0.000883541 0.00340167 0.0106078 0.0267944 0.0548252 0.0908799 0.122052 0.132825 0.117181 0.0839241 0.0490639 0.0239709 0.0108312 0.00620392 0.00602989 0.007813 0.0104353 0.013401 0.0163687 0.0190067 0.0210043 0.0221298 0.0222803 0.0215016 0.0199675 0.0179293 0.0156533 0.0133669 0.0112273 0.00931656 0.00765664 0.00623297 0.00501675
 1.01312e-16 3.1195e-05 0.000183083 0.000870277 0.00335059 0.0104485 0.0263921 0.0540022 0.0895164 0.120223 0.130841 0.115444 0.0827107 0.0484158 0.0237682 0.0109312 0.00652535 0.00655753 0.00856639 0.0114364 0.0146518 0.0178384 0.0206268 0.0226728 0.0237245 0.0236782 0.0225997 0.0207 0.0182767 0.0156418 0.0130584 0.0107051 0.0086696 0.00696605 0.00556339 0.00441257
 1.02614e-16 1.89523e-05 0.000111188 0.000528436 0.00203434 0.00634376 0.0160242 0.0327904 0.054364 0.0730404 0.0795645 0.0703767 0.0508036 0.0305085 0.0164127 0.00996836 0.00926191 0.0119694 0.0166116 0.0223976 0.02875 0.0350408 0.0405677 0.0446598 0.0468205 0.0468397 0.0448361 0.0412106 0.0365346 0.0314094 0.0263462 0.0216952 0.017634 0.0142001 0.011344 0.00898094
 1.03887e-16 2.62085e-05 0.000153809 0.000731109 0.00281476 0.00877753 0.0221714 0.0453663 0.075202 0.101001 0.109928 0.0970089 0.0695396 0.0407814 0.0201648 0.00952655 0.00605241 0.00641713 0.00858355 0.0116426 0.0151809 0.018891 0.0224502 0.0255355 0.0278771 0.0293084 0.0297884 0.02939 0.0282628 0.0265855 0.024526 0.0222203 0.0197707 0.0172569 0.0147493 0.0123178
 1.02926e-16 2.85247e-05 0.000167405 0.00079574 0.0030636 0.00955351 0.0241315 0.049377 0.0818504 0.109931 0.119647 0.105587 0.0756902 0.0443909 0.0219509 0.0103649 0.00656092 0.00690388 0.00915252 0.0122851 0.0158142 0.0193683 0.0225703 0.0250637 0.0265813 0.0270025 0.0263751 0.0248904 0.0228245 0.0204664 0.0180573 0.0157575 0.0136442 0.0117312 0.00999936 0.00842208
pSPR Fmed_Fpbrs
0.525089   0.6 0.325
Fs Fmed_Fpbrs
0.64   0.463352 1.61489
SSBpbr Bo_Bmed_Bpbrs
821327  390204  451730 225865
Ro
34891.6
SPR SPRFo_SPRFmed_SPRFpbrs
720658 378410 234214
log_Ro
10.28
likeval ReclasPelacesDesembMPH_pf_preclas_ppelaces_ptallas_desvR_qrecl_qpela
 65.2861 14.8769 0.0101534 0.000636465 329.836 208.804 55.4871 0 16.9296 2.16412e-07 7.71302e-05 1.93883e-14 0 0 0
q_reclas_q_pelaces
0.936205 3.48849
M
0.7
N
 35376.4 10524.5 3371.14 397.703 0.229152
 42882.7 15917.6 2580.67 589.456 67.726
 20423.1 19443.1 4122.54 489.272 121.513
 29160.3 8637.57 3061.09 374.295 53.0444
 53466.6 13966 3310.94 1036.47 143.259
 38230.1 26381.7 6625.48 1536.69 546.578
 74566.2 17861.9 8469.99 1725.96 533.589
 72161.4 35611.7 6709.53 2783.27 734.507
 96115.9 33278.3 10414.5 1522.47 782.035
 113907 43945.6 9151.11 2157.5 466.537
 63856.3 53310.4 14281.8 2427.23 684.687
 44577.3 28456.4 12200.9 2255.04 476.838
 48338.7 20079.5 7032.58 2158.25 470.397
 25866.7 20385.7 3097.37 619.505 221.331
 14772 9297.43 1002.16 50.2702 12.4751
 12809.4 5117.27 351.012 11.0068 0.623762
 9232.31 5505.15 903.711 37.7706 1.20282
 11223 4117.59 1267.34 143.934 6.02705
 12054.2 5164.87 1186.36 281.304 32.5983
 18697.9 5637.56 1670.06 312.325 81.2855
 24811.5 8722.9 1790.56 428.174 99.1841
 30908 11970.9 3524.4 655.376 191.489
 50259 14823.7 4634.74 1211.11 288.221
 72036.2 23921.5 5434.4 1469.13 469.717
 33561.6 34325 8840.11 1743.13 614.818
 47688.2 16124.7 13457.7 3094.85 817.96
 59216.9 22948.1 6393.71 4790.71 1380.81
pred_Ctot
 2402.98 3987.91 1665.06 199.561 0.115081
 2695.98 5683.4 1211.01 281.188 32.3354
 2198.72 10179.1 2654.64 318.757 79.2137
 746.777 1438.13 715.938 89.4414 12.69
 244.908 449.881 156.257 50.1428 6.93981
 1631.56 6875.93 2349.84 555.481 197.777
 2056.4 3179.39 2109.85 439.135 135.914
 3717.44 10851.2 2739 1156.66 305.533
 5506.48 11045.4 4585.49 681.906 350.587
 4729.04 11189.3 3177.33 763.611 165.291
 4741.56 21594.9 7465.8 1288.1 363.645
 2995.75 10695.2 5984.32 1123.78 237.828
 5290.11 10622.2 4565.22 1417.25 309.083
 5233.96 14879.8 2529.5 508.813 181.838
 3279.66 7035.18 837.363 42.2127 10.4782
 1249.75 2512.45 214.883 6.82373 0.386963
 680.588 2218.11 470.283 19.9552 0.635989
 593.895 1282.32 527.488 60.9755 2.55566
 506.258 1328 415.603 100.448 11.652
 817.168 1499.07 603.193 114.956 29.9484
 507.832 1183.08 344.565 84.2493 19.539
 761.462 1924.32 797.333 151.507 44.3188
 1504.67 2839.61 1236.88 330.015 78.6242
 2100.79 4476.44 1418.86 391.692 125.373
 785.644 5266.71 1913.49 385.625 136.172
 1063.79 2367.32 2793.22 656.619 173.746
 1887.03 4645.92 1796.81 1374.28 396.535
F
 0.0986222 0.705658 1.04381 1.07081 1.07227
 0.0909766 0.650953 0.962885 0.987798 0.989145
 0.160544 1.14872 1.69918 1.74315 1.74552
 0.0361823 0.25889 0.382949 0.392857 0.393393
 0.0063873 0.0457022 0.0676024 0.0693515 0.069446
 0.0609547 0.436141 0.645137 0.661829 0.662731
 0.0390124 0.27914 0.412902 0.423586 0.424163
 0.0739987 0.529473 0.783193 0.803456 0.804552
 0.0826022 0.591032 0.874251 0.896871 0.898094
 0.059253 0.423965 0.627126 0.643352 0.644229
 0.108261 0.774624 1.14582 1.17546 1.17707
 0.0975268 0.69782 1.03221 1.05892 1.06036
 0.163398 1.16914 1.72939 1.77413 1.77655
 0.323218 2.31268 3.4209 3.50941 3.51419
 0.360114 2.57667 3.8114 3.91001 3.91534
 0.144492 1.03387 1.52929 1.56886 1.571
 0.107442 0.768764 1.13715 1.16657 1.16816
 0.0760818 0.544378 0.80524 0.826075 0.827201
 0.0599593 0.429019 0.634602 0.651021 0.651909
 0.0624618 0.446925 0.661088 0.678193 0.679117
 0.0288243 0.206243 0.305073 0.312966 0.313393
 0.0347862 0.248901 0.368173 0.377699 0.378214
 0.0424143 0.303481 0.448908 0.460523 0.46115
 0.0412956 0.295477 0.437068 0.448376 0.448988
 0.0330277 0.236319 0.349561 0.358605 0.359094
 0.0314513 0.225039 0.332877 0.341489 0.341955
 0.045201 0.323421 0.478402 0.49078 0.491449
Np
 24527.6 11671.9 10289.2 2608.55 807.446
YTP_r0W_actual
 14604.4 95340.4 53783.6 52547.1 16825.9
YTP_p0W_proyectada
 6049.14 116772 69370.8 21583.9 23136.7
 6049.14 48492.2 86552.6 28612.1 9839.19
CTP_r0_actual
 1781.03 4413.91 1712.85 1310.4 378.111
CTP_p0_proyectada
 737.7 5406.13 2209.26 538.251 519.925
 737.7 2245.01 2756.45 713.518 221.105
Wmedp
 8.2 21.6 31.4 40.1 44.5
nmprior
 10.8 10.6 4.6 0
nm_flota  nm_reclas  nm_pelaces    nm_pelaL
inf 23.7028 17.8645 56.5963
cv_recla  cv_pelaces  cv_mph
0.699747 0.42252 0.674254
 ------------------------------------------------
Talla a la edad & desviaci?n 
 7.2 14.2025 17.0495 18.207 18.6776
 1.08 2.13037 2.55742 2.73105 2.80164
