years
 1997 1998 1999 2000 2001 2002 2003 2004 2005 2006 2007 2008 2009 2010 2011 2012 2013 2014 2015 2016 2017 2018 2019 2020 2021 2022 2023
reclasobs
 0 0 0 370054 412103 1.49427e+06 250295 1.28982e+06 931140 785840 897777 1.04006e+06 184774 17550 25797 100020 73551 82996 120727 218422 84188 347160 605670 569463 516374 1.08416e+06 1.01767e+06
reclaspred
 461860 122968 336740 231763 360592 454892 991056 677665 759933 756170 631221 427454 257859 105759 65432.2 66100.4 79708.3 108957 121478 167287 250356 237131 406789 546258 722003 716194 691646
pelacesobs
 0 0 0 0 0 0 0 0 0 2.06254e+06 1.5e+06 0 1.87456e+06 323000 250000 174000 83755 137374 0 501740 490994 745055 786931 1.00524e+06 1.33801e+06 1.41789e+06 0
pelacespred
 1.98119e+06 390046 710228 728770 1.01629e+06 932198 2.65624e+06 2.07614e+06 2.17736e+06 2.14018e+06 1.49336e+06 1.04337e+06 657697 214337 145444 149506 186576 265242 285067 401675 690975 596996 846315 1.3156e+06 1.6339e+06 1.76713e+06 1.65416e+06
mphobs
 0 0 0 0 0 0 112323 0 153150 637223 0 255016 313432 73983 77613 109348 50772 17779 17303 59886 28197 0 207744 136588 643089 65757 70829
mphpred
 156339 89094.3 103261 106437 120081 198204 295353 360086 313274 329564 324051 221450 129751 71792.7 29359.8 25237.5 28004.3 38763 52622.3 58256.3 93545.7 74782.6 90539.6 135819 188117 196126 187326
desembarqueobs
 350755 77701 442110 56441 14545 235359 269955 359681 431902 328805 639364 411747 362871 311530 167758 66681 60226 58785 57116 73181 50977 67692 138656 160484 209506 203330 245020
desembarquepred
 350766 77703.1 442135 56445 14545.3 235447 270024 359706 431978 328835 639442 411879 363047 311747 167640 66682.3 60255 58784 57105.6 73181.1 50979.7 67684.5 138663 160498 209498 203317 245008
Reclutas
 38626.9 46481 25278.4 36624.1 64247.2 47035.1 83779.4 79948.8 103381 115041 63464.6 43175 46976.3 24984.5 15389.8 14211.3 10361.4 12558.2 13984.6 22260.5 28775.8 36589 59509.2 85080.4 40541.5 58051.7 80379.9
log_desv_Rt
 -0.0182969 0.166798 -0.442296 -0.0715394 0.490494 0.178648 0.755943 0.709142 0.966172 1.07304 0.478238 0.0930169 0.177398 -0.45399 -0.938537 -1.01821 -1.33415 -1.14187 -1.03429 -0.569433 -0.31271 -0.072496 0.413887 0.771352 0.0300802 0.389089 0.714519
SSB
 451092 257067 297944 307106 346476 571886 828842 1.02705e+06 882581 930706 934998 638958 388569 203386 88031.6 75290.9 86865.1 113828 145475 170054 257000 313128 390376 557889 847464 908588 816043
BT
 1.6088e+06 390921 713240 543341 686104 802928 1.95259e+06 1.78514e+06 1.84215e+06 1.73584e+06 1.56176e+06 1.06488e+06 785905 428722 232371 153488 172662 223401 237412 326295 500757 458958 658352 1.0058e+06 1.24205e+06 1.34553e+06 1.30582e+06
Ftot
 0.971155 0.840479 1.36943 0.278778 0.05033 0.485117 0.302062 0.591947 0.666144 0.502976 0.971879 0.884809 1.47402 2.91054 3.25081 1.28087 0.915495 0.627462 0.498481 0.508537 0.23547 0.290421 0.350746 0.338237 0.272902 0.256695 0.352572
BD_Bspro_t
 0.911412 0.648758 0.581505 0.411393 0.568047 0.736295 0.688495 0.706659 0.641211 0.609381 0.580863 0.415686 0.305217 0.208072 0.113886 0.118985 0.180268 0.290181 0.399922 0.498134 0.626495 0.728629 0.737708 0.747099 0.770693 0.729829 0.705823
BD_Bspro
 0.555163 0.316375 0.366682 0.377958 0.426411 0.703825 1.02006 1.26399 1.0862 1.14543 1.15071 0.786371 0.478215 0.250309 0.108341 0.0926611 0.106906 0.140089 0.179037 0.209286 0.316292 0.385369 0.480439 0.686599 1.04298 1.11821 1.00431
BD_Bo
 0.440857 0.251235 0.291184 0.300138 0.338614 0.55891 0.810036 1.00374 0.862555 0.909589 0.913783 0.62446 0.379752 0.198772 0.0860342 0.0735826 0.0848942 0.111245 0.142174 0.166195 0.251168 0.306023 0.381518 0.545231 0.828236 0.887973 0.797528
BD_Brms
 0.801558 0.45679 0.529425 0.545705 0.615663 1.0162 1.47279 1.82499 1.56828 1.6538 1.66142 1.13538 0.690459 0.361403 0.156426 0.133786 0.154353 0.202263 0.258498 0.302173 0.45667 0.556406 0.69367 0.991329 1.50588 1.6145 1.45005
S_f
 0.10607 0.692729 0.977187 0.998773 0.999935
 0.10607 0.692729 0.977187 0.998773 0.999935
 0.10607 0.692729 0.977187 0.998773 0.999935
 0.10607 0.692729 0.977187 0.998773 0.999935
 0.10607 0.692729 0.977187 0.998773 0.999935
 0.10607 0.692729 0.977187 0.998773 0.999935
 0.10607 0.692729 0.977187 0.998773 0.999935
 0.10607 0.692729 0.977187 0.998773 0.999935
 0.10607 0.692729 0.977187 0.998773 0.999935
 0.10607 0.692729 0.977187 0.998773 0.999935
 0.10607 0.692729 0.977187 0.998773 0.999935
 0.10607 0.692729 0.977187 0.998773 0.999935
 0.10607 0.692729 0.977187 0.998773 0.999935
 0.10607 0.692729 0.977187 0.998773 0.999935
 0.10607 0.692729 0.977187 0.998773 0.999935
 0.10607 0.692729 0.977187 0.998773 0.999935
 0.10607 0.692729 0.977187 0.998773 0.999935
 0.10607 0.692729 0.977187 0.998773 0.999935
 0.10607 0.692729 0.977187 0.998773 0.999935
 0.10607 0.692729 0.977187 0.998773 0.999935
 0.10607 0.692729 0.977187 0.998773 0.999935
 0.10607 0.692729 0.977187 0.998773 0.999935
 0.10607 0.692729 0.977187 0.998773 0.999935
 0.10607 0.692729 0.977187 0.998773 0.999935
 0.10607 0.692729 0.977187 0.998773 0.999935
 0.10607 0.692729 0.977187 0.998773 0.999935
 0.10607 0.692729 0.977187 0.998773 0.999935
Scru_reclas
 0.652229 0.925877 0.988123 0.998198 0.999729
 0.652229 0.925877 0.988123 0.998198 0.999729
 0.652229 0.925877 0.988123 0.998198 0.999729
 0.652229 0.925877 0.988123 0.998198 0.999729
 0.652229 0.925877 0.988123 0.998198 0.999729
 0.652229 0.925877 0.988123 0.998198 0.999729
 0.652229 0.925877 0.988123 0.998198 0.999729
 0.652229 0.925877 0.988123 0.998198 0.999729
 0.652229 0.925877 0.988123 0.998198 0.999729
 0.652229 0.925877 0.988123 0.998198 0.999729
 0.652229 0.925877 0.988123 0.998198 0.999729
 0.652229 0.925877 0.988123 0.998198 0.999729
 0.652229 0.925877 0.988123 0.998198 0.999729
 0.652229 0.925877 0.988123 0.998198 0.999729
 0.652229 0.925877 0.988123 0.998198 0.999729
 0.652229 0.925877 0.988123 0.998198 0.999729
 0.652229 0.925877 0.988123 0.998198 0.999729
 0.652229 0.925877 0.988123 0.998198 0.999729
 0.652229 0.925877 0.988123 0.998198 0.999729
 0.652229 0.925877 0.988123 0.998198 0.999729
 0.652229 0.925877 0.988123 0.998198 0.999729
 0.652229 0.925877 0.988123 0.998198 0.999729
 0.652229 0.925877 0.988123 0.998198 0.999729
 0.652229 0.925877 0.988123 0.998198 0.999729
 0.652229 0.925877 0.988123 0.998198 0.999729
 0.652229 0.925877 0.988123 0.998198 0.999729
 0.652229 0.925877 0.988123 0.998198 0.999729
Scru_pelaces
 0.978067 1 1 1 1
 0.978067 1 1 1 1
 0.978067 1 1 1 1
 0.978067 1 1 1 1
 0.978067 1 1 1 1
 0.978067 1 1 1 1
 0.978067 1 1 1 1
 0.978067 1 1 1 1
 0.978067 1 1 1 1
 0.978067 1 1 1 1
 0.978067 1 1 1 1
 0.978067 1 1 1 1
 0.978067 1 1 1 1
 0.978067 1 1 1 1
 0.978067 1 1 1 1
 0.978067 1 1 1 1
 0.978067 1 1 1 1
 0.978067 1 1 1 1
 0.978067 1 1 1 1
 0.978067 1 1 1 1
 0.978067 1 1 1 1
 0.978067 1 1 1 1
 0.978067 1 1 1 1
 0.978067 1 1 1 1
 0.978067 1 1 1 1
 0.978067 1 1 1 1
 0.978067 1 1 1 1
pf_obs 
 0.256992 0.487395 0.22802 0.0275931 0
 0.321318 0.546541 0.124235 0.00734118 0.000564706
 0.182869 0.594174 0.210203 0.0122559 0.00049798
 0.330522 0.361315 0.267642 0.0388342 0.00168674
 0.649043 0.306663 0.0425973 0.00169635 0
 0.582887 0.30429 0.105238 0.00758474 0
 0.465427 0.430635 0.0974691 0.00646863 0
 0.296916 0.608066 0.0921331 0.00288517 0
 0.311714 0.524322 0.152257 0.0117073 0
 0.15457 0.633149 0.183074 0.0267441 0.00246327
 0.131901 0.49318 0.331252 0.0422183 0.00144891
 0.196976 0.569456 0.194076 0.0375587 0.00193317
 0.518974 0.381816 0.0799577 0.0180837 0.00116848
 0.0928022 0.601141 0.25162 0.0475244 0.00691264
 0.122501 0.610282 0.24278 0.0234846 0.000952079
 0.383417 0.481906 0.127806 0.00687128 0
 0.0376549 0.599619 0.316969 0.0457579 0
 0.0361596 0.667082 0.258105 0.0386534 0
 0.158088 0.579412 0.248529 0.0139706 0
 0.0477256 0.309471 0.559284 0.082774 0.000745712
 0.0406174 0.521527 0.379366 0.0568643 0.0016247
 0.151134 0.462217 0.34131 0.0453401 0
 0.294876 0.26143 0.354403 0.0886775 0.000613685
 0.281977 0.475581 0.204845 0.0348837 0.00271318
 0.0841818 0.532909 0.334909 0.0458182 0.00218182
 0.115287 0.27431 0.454777 0.147771 0.00785563
 0 0 0 0 0
pf_pred 
 0.322977 0.463586 0.190782 0.0226406 1.43942e-05
 0.286301 0.567201 0.114625 0.028592 0.00328074
 0.160238 0.63438 0.177223 0.0221877 0.00597101
 0.257068 0.463604 0.236525 0.0371384 0.00566492
 0.273495 0.484547 0.170957 0.0603429 0.0106571
 0.147407 0.575282 0.204635 0.0516748 0.0210003
 0.246268 0.394488 0.272405 0.0645402 0.0222992
 0.192743 0.547697 0.160129 0.07585 0.0235806
 0.237333 0.474259 0.220935 0.0420881 0.0253851
 0.223488 0.535223 0.173755 0.052098 0.0154357
 0.130637 0.575925 0.226499 0.0485786 0.018361
 0.13757 0.477213 0.294897 0.0702649 0.0200549
 0.232542 0.448159 0.21404 0.0812088 0.0240501
 0.216423 0.616144 0.121217 0.0314194 0.0147966
 0.297981 0.596221 0.0958132 0.00736576 0.00261894
 0.32759 0.602665 0.065564 0.00381196 0.000368199
 0.20528 0.638563 0.14652 0.00907954 0.000556544
 0.239829 0.498566 0.227533 0.0320348 0.00203741
 0.221791 0.533539 0.182746 0.0540616 0.00786227
 0.276262 0.470192 0.194718 0.0442428 0.0145845
 0.240842 0.539149 0.162295 0.0446064 0.0131076
 0.217854 0.50343 0.217406 0.0455105 0.0157994
 0.261083 0.46199 0.200788 0.0597127 0.0164261
 0.254632 0.510874 0.166809 0.0494186 0.0182662
 0.0986629 0.604421 0.226402 0.0505274 0.0199866
 0.158957 0.32763 0.383829 0.0993831 0.0302009
 0.209028 0.43583 0.170848 0.138621 0.045673
pobs_RECLAS
 0 0 0 0 0
 0 0 0 0 0
 0 0 0 0 0
 0 0 0 0 0
 0.835266 0.146461 0.0176864 0.000547809 3.91292e-05
 0.385257 0.428462 0.181853 0.0044286 0
 0.867414 0.0963971 0.0333333 0.00285562 0
 0.441836 0.489002 0.0689373 0.000224442 0
 0.779404 0.147425 0.0564933 0.0165055 0.000172143
 0.814271 0.122319 0.05973 0.00367925 0
 0.40263 0.566651 0.0304383 0.000280538 0
 0.475488 0.404961 0.113038 0.00651328 0
 0.955842 0.0263864 0.0167828 0.000988607 0
 0.975058 0.0227948 0.00214734 0 0
 0.738997 0.206755 0.0527124 0.00153531 0
 0.850938 0.134255 0.0134407 0.00136685 0
 0.542534 0.407297 0.0501686 0 0
 0.764087 0.199537 0.0359546 0.000420521 0
 0.470689 0.182191 0.310203 0.0369168 0
 0.84361 0.089868 0.0606195 0.00523954 0.000663233
 0.607945 0.314616 0.071237 0.00620181 0
 0.523733 0.453247 0.0230204 0 0
 0.530135 0.295979 0.169645 0.0042399 0
 0.562478 0.366248 0.0663022 0.0049721 0
 0.250443 0.683176 0.0655157 0.000865301 0
 0.195077 0.31981 0.436473 0.0351445 0.0134964
 0.565238 0.351407 0.0832357 0.000118908 0
ppred_RECLAS
 0.716153 0.212409 0.0639537 0.00748048 4.75691e-06
 0.670548 0.276939 0.0412119 0.0101377 0.00116352
 0.505909 0.401398 0.0801634 0.00987253 0.00265713
 0.639763 0.248056 0.0951667 0.0147618 0.00225247
 0.654012 0.251415 0.0670509 0.0233901 0.0041324
 0.469712 0.390205 0.103711 0.0258586 0.0105121
 0.633396 0.217911 0.11308 0.0264659 0.00914733
 0.551739 0.331804 0.0722015 0.0337575 0.0104978
 0.620903 0.261466 0.0903882 0.0169917 0.0102513
 0.595187 0.303128 0.0734839 0.0217537 0.00644724
 0.444567 0.404972 0.116519 0.0246312 0.00931177
 0.465696 0.335785 0.152472 0.0358204 0.0102262
 0.634782 0.24299 0.0823924 0.0307328 0.0091023
 0.639225 0.308553 0.0380926 0.00960718 0.00452223
 0.73606 0.238394 0.0232006 0.00173037 0.000614853
 0.713138 0.264849 0.020713 0.0011852 0.000114495
 0.567884 0.366429 0.0616876 0.0037686 0.000231055
 0.621115 0.272712 0.0925026 0.0128535 0.000817717
 0.592981 0.30343 0.0776195 0.0226712 0.00329815
 0.663532 0.240093 0.0742314 0.0166523 0.0054911
 0.613544 0.295853 0.0670456 0.0182059 0.00535165
 0.587307 0.291638 0.0946769 0.0195785 0.00679919
 0.645501 0.244765 0.0798309 0.0234496 0.00645281
 0.633754 0.272632 0.0668281 0.0195559 0.00723071
 0.356787 0.470045 0.13242 0.0291954 0.0115525
 0.508909 0.225735 0.198982 0.0508999 0.015473
 0.582 0.260015 0.0764862 0.0612967 0.0202028
pobs_PELACES
 0 0 0 0 0
 0 0 0 0 0
 0 0 0 0 0
 0 0 0 0 0
 0 0 0 0 0
 0 0 0 0 0
 0 0 0 0 0
 0 0 0 0 0
 0 0 0 0 0
 0 0 0 0 0
 0.450072 0.473896 0.0757376 0.000293798 0
 0 0 0 0 0
 0.463077 0.371075 0.160297 0.00555027 0
 0.529543 0.364841 0.0842815 0.0213345 0
 0.631943 0.363953 0.00410389 0 0
 0.735681 0.248677 0.0153453 0.000297389 0
 0.695825 0.281241 0.0229344 0 0
 0.275771 0.60734 0.115278 0.00161068 0
 0 0 0 0 0
 0.896147 0.0623911 0.0374545 0.00400742 0
 0.803859 0.145111 0.0509908 3.86294e-05 0
 0.739449 0.233085 0.0266225 0.000797448 4.60066e-05
 0.878498 0.100942 0.0204185 0.000141795 0
 0.694673 0.275183 0.0284847 0.00165964 0
 0.469039 0.446079 0.0841089 0.000773354 0
 0.822795 0.102175 0.0682046 0.00682512 0
 0 0 0 0 0
ppred_PELACES
 0.814439 0.144162 0.0371274 0.00426921 2.70966e-06
 0.772704 0.195335 0.0251708 0.00609263 0.000697966
 0.657222 0.288107 0.0474099 0.00572373 0.00153734
 0.728009 0.192623 0.0674558 0.0103373 0.00157475
 0.729885 0.200127 0.0497749 0.0171821 0.00303091
 0.581691 0.316843 0.075395 0.0185445 0.00752577
 0.725412 0.169539 0.0801319 0.0185253 0.00639229
 0.664131 0.256514 0.0494749 0.0228019 0.00707841
 0.728971 0.194344 0.0591362 0.0109525 0.00659597
 0.69824 0.232363 0.0503466 0.0147011 0.0043495
 0.58288 0.316834 0.0779692 0.0162032 0.00611392
 0.60249 0.263629 0.103227 0.0238556 0.00679771
 0.774149 0.160448 0.0443897 0.0162193 0.00479369
 0.818614 0.162002 0.0142599 0.00348709 0.00163708
 0.88223 0.109678 0.00737121 0.000531761 0.000188426
 0.817568 0.170661 0.0110892 0.000622417 6.00064e-05
 0.690039 0.268601 0.0388809 0.00233604 0.000142955
 0.726637 0.203503 0.0609795 0.00835032 0.000530293
 0.696163 0.232967 0.0532878 0.0153527 0.00222962
 0.757235 0.178842 0.0493956 0.0109294 0.00359774
 0.701917 0.232915 0.0483764 0.012982 0.00380988
 0.682265 0.230671 0.0682801 0.0139485 0.00483603
 0.736087 0.187832 0.0555437 0.0161105 0.00442586
 0.724472 0.210241 0.0467793 0.0135182 0.00499
 0.454134 0.408741 0.105167 0.0229081 0.00904981
 0.613556 0.186513 0.150384 0.0380106 0.011536
 0.682606 0.205154 0.0547058 0.0432903 0.0142443
pobs_pel_tallas
 0 0 0 0 0 0 0 0 0 0 0 0 0 0 0 0 0 0 0 0 0 0 0 0 0 0 0 0 0 0 0 0 0 0 0 0
 0 0 0 0 0 0 0 0 0 0 0 0 0 0 0 0 0 0 0 0 0 0 0 0 0 0 0 0 0 0 0 0 0 0 0 0
 0 0 0 0 0 0 0 0 0 0 0 0 0 0 0 0 0 0 0 0 0 0 0 0 0 0 0 0 0 0 0 0 0 0 0 0
 0 0 0 0 0 0 0 0 0 0 0 0 0 0 0 0 0 0 0 0 0 0 0 0 0 0 0 0 0 0 0 0 0 0 0 0
 0 0 0 0 0 0 0 0 0 0 0 0 0 0 0 0 0 0 0 0 0 0 0 0 0 0 0 0 0 0 0 0 0 0 0 0
 0 0 0 0 0 0 0 0 0 0 0 0 0 0 0 0 0 0 0 0 0 0 0 0 0 0 0 0 0 0 0 0 0 0 0 0
 0 0 0 0 0 0 0 0 0 0 0 0 0 0 0 0 0 0 0 0 0 0 0 0 0 0 0 0 0 0 0 0 0 0 0 0
 0 0 0 0 0 0 0 0 0 0 0 0 0 0 0 0 0 0 0 0 0 0 0 0 0 0 0 0 0 0 0 0 0 0 0 0
 0 0 0 0 0 0 0 0 0 0 0 0 0 0 0 0 0 0 0 0 0 0 0 0 0 0 0 0 0 0 0 0 0 0 0 0
 0 0 0 0 0 0 0 0 0 0 0 0 0 0 0 0 0 0 0 0 0 0 0 0 0 0 0 0 0 0 0 0 0 0 0 0
 0 0 0 0 0 0 0 0 1.78061e-05 0.00172719 0.00360574 0.0105946 0.0120993 0.0124554 0.0147524 0.0171206 0.0266825 0.0428682 0.0675386 0.121331 0.153587 0.119568 0.100827 0.0573624 0.0630603 0.0341343 0.0324427 0.0444173 0.0211091 0.0280891 0.0125444 0.00206551 0 0 0 0
 0 0 0 0 0 0 0 0 0 0 0 0 0 0 0 0 0 0 0 0 0 0 0 0 0 0 0 0 0 0 0 0 0 0 0 0
 0 0 0 0 0 0 0.0133647 0.0140871 0.0187388 0.0205184 0.03894 0.0496705 0.03968 0.0493445 0.0407372 0.0367815 0.0215668 0.0243155 0.0234873 0.0199281 0.019796 0.0243948 0.0301388 0.0376714 0.0412746 0.0863199 0.0771752 0.113111 0.0741005 0.0525337 0.0229764 0.00759418 0.00175318 0 0 0
 0 0 0 0 0 0 0 0 0 0 0.00219441 0.00772107 0.0458388 0.0604681 0.0671733 0.0775358 0.0609151 0.0617685 0.073594 0.0568108 0.0755445 0.0548602 0.0670107 0.0636378 0.0643287 0.046367 0.0373049 0.0286899 0.0247887 0.0153202 0.00654259 0.00121912 0.000365735 0 0 0
 0 0 0 0 0 0 0 0 0 0 0 0 0.000112435 0.00938835 0.0111873 0.0202946 0.0414886 0.0713402 0.111592 0.104902 0.108894 0.110636 0.117776 0.105296 0.107544 0.0401394 0.0192827 0.0124803 0.00416011 0.0028671 0.000618394 0 0 0 0 0
 0 0 0 0 0 0 0 0 0 0 0.00291406 0.0102884 0.027416 0.0768956 0.0749926 0.110853 0.0956884 0.0897413 0.0766577 0.0534642 0.0500743 0.0551293 0.0594112 0.0620874 0.0668451 0.0424026 0.0208742 0.0120726 0.0048766 0.00582813 0.00118941 0.000297354 0 0 0 0
 0 0.00264628 0.0354308 0.0461629 0.0458689 0.0383711 0.0214643 0.0164657 0.0346957 0.0420465 0.0363128 0.0245516 0.0311673 0.0291091 0.0169068 0.0133784 0.00837989 0.0085269 0.0148486 0.0160247 0.0276389 0.0546898 0.0760071 0.122758 0.109233 0.0665981 0.0333725 0.0166128 0.00676272 0.00308733 0.000882094 0 0 0 0 0
 0 0 0 0 0 0 0 0.000805153 0.000690131 0.00759144 0.0133425 0.0154129 0.00931677 0.000345066 0.00356568 0.00563607 0.00851162 0.0253048 0.0502646 0.0516448 0.0657925 0.0565908 0.0611916 0.0827007 0.0866115 0.110766 0.145733 0.0935128 0.0569358 0.0249597 0.0138026 0.00621118 0.00161031 0.00115022 0 0
 0 0 0 0 0 0 0 0 0 0 0 0 0 0 0 0 0 0 0 0 0 0 0 0 0 0 0 0 0 0 0 0 0 0 0 0
 0.00147267 0.00158595 0.00478618 0.00569244 0.00954404 0.0108468 0.00647125 0.017049 0.0510054 0.094081 0.124002 0.0959785 0.0687766 0.0820023 0.061753 0.0591476 0.0492212 0.0479892 0.0443925 0.0268479 0.0217502 0.0140895 0.0121071 0.0120363 0.00920419 0.00665534 0.0049561 0.00860946 0.00930331 0.0156896 0.0114698 0.00855282 0.00243557 0.00046729 0 2.83206e-05
 0 0 0 0 0.000772559 0.00158375 0.000888443 0.00281984 0.00712685 0.0440552 0.0773331 0.111326 0.0921469 0.0852325 0.0710754 0.0886704 0.0786465 0.0553345 0.0373146 0.0185414 0.00753245 0.00457741 0.012979 0.0271748 0.0457355 0.0583668 0.034881 0.0177882 0.00938659 0.00492506 0.0015258 0.00185414 0.000309023 5.79419e-05 3.86279e-05 0
 0 0.00173294 0.00326652 0 0.00397197 0.00683976 0.00946217 0.0152591 0.00757587 0.0136028 0.0228656 0.0392903 0.0559909 0.0764795 0.0681675 0.0726916 0.0566044 0.0477403 0.0527397 0.0444891 0.0609904 0.0582453 0.0661739 0.0445044 0.0529084 0.0360697 0.0280645 0.0235558 0.0158879 0.00826598 0.00280645 0.00217768 0.000904811 0.00058276 9.20147e-05 0
 0 0 0 0 0 0 0 0 0 0 0 0 0 0 0 0 0 0 0 0 0 0 0 0 0 0 0 0 0 0 0 0 0 0 0 0
 0 0 0 0 0 0 0 0 0 0 0 0 0 0 0 0 0 0 0 0 0 0 0 0 0 0 0 0 0 0 0 0 0 0 0 0
 0 0 0 0 0 0 0 0 0 0 0 0 0 0 0 0 0 0 0 0 0 0 0 0 0 0 0 0 0 0 0 0 0 0 0 0
 0 0 0 0 0 0 0 0 0 0 0 0 0 0 0 0 0 0 0 0 0 0 0 0 0 0 0 0 0 0 0 0 0 0 0 0
 0 0 0 0 0 0 0 0 0 0 0 0 0 0 0 0 0 0 0 0 0 0 0 0 0 0 0 0 0 0 0 0 0 0 0 0
ppred_pel_tallas
 1.00721e-16 3.55319e-05 0.000208551 0.000991376 0.00381688 0.0119026 0.030065 0.0615166 0.101969 0.136938 0.149004 0.131406 0.0940077 0.0547478 0.0263533 0.0112384 0.0055036 0.0045647 0.00561405 0.00742458 0.00950763 0.0115852 0.0134116 0.0147624 0.0154718 0.0154692 0.0147923 0.0135731 0.0120002 0.0102738 0.00856471 0.00699201 0.00561787 0.00445799 0.00349868 0.00271338
 1.00664e-16 3.37141e-05 0.000197875 0.000940607 0.00362139 0.011293 0.0285251 0.0583664 0.0967491 0.129933 0.141396 0.124729 0.089301 0.0521489 0.025368 0.0112734 0.00618839 0.00577863 0.00737749 0.00979256 0.012503 0.0151629 0.0174453 0.019051 0.0197652 0.0195071 0.0183479 0.0164879 0.0142042 0.011784 0.00946853 0.0074191 0.00571106 0.00434926 0.00329411 0.00248738
 1.01036e-16 2.86824e-05 0.000168325 0.000800106 0.00308039 0.00960587 0.0242638 0.0496481 0.0823012 0.110541 0.120322 0.10621 0.076196 0.0448063 0.0223758 0.0109293 0.00739446 0.00812355 0.0108527 0.0145194 0.0185713 0.0225497 0.0259815 0.0284246 0.0295587 0.0292591 0.0276235 0.02494 0.0216103 0.0180534 0.0146231 0.0115586 0.00897561 0.00688809 0.00524557 0.00396995
 1.0145e-16 3.17652e-05 0.000186433 0.000886212 0.00341195 0.0106398 0.0268754 0.0549909 0.0911543 0.12242 0.133224 0.117528 0.0841635 0.0491851 0.0239955 0.0107843 0.00609789 0.00586391 0.00758052 0.0101321 0.0130308 0.0159471 0.0185614 0.0205726 0.0217529 0.0219958 0.0213357 0.0199296 0.0180101 0.0158271 0.0135972 0.0114742 0.00954441 0.00783884 0.00635489 0.00507553
 1.01504e-16 3.18472e-05 0.000186914 0.000888497 0.00342075 0.0106673 0.0269447 0.0551328 0.0913897 0.122737 0.13357 0.117836 0.0843905 0.0493307 0.0240902 0.0108659 0.00619653 0.0059986 0.00776103 0.0103594 0.0132957 0.0162287 0.0188279 0.0207847 0.0218699 0.0219842 0.0211767 0.0196242 0.0175804 0.0153127 0.0130481 0.0109419 0.00907316 0.00745987 0.0060833 0.00491095
 1.02163e-16 2.53901e-05 0.000148994 0.000708197 0.00272651 0.00850229 0.0214763 0.0439448 0.072849 0.0978511 0.106526 0.0940693 0.0675688 0.0398996 0.0202352 0.0103988 0.00770365 0.00894686 0.0121343 0.0163095 0.0209366 0.0255337 0.0295872 0.0326102 0.0342418 0.0343281 0.0329523 0.030401 0.0270835 0.0234306 0.0198075 0.0164639 0.0135259 0.0110198 0.00891121 0.00714198
 1.02129e-16 3.1651e-05 0.000185765 0.000883039 0.00339974 0.0106018 0.0267793 0.054794 0.0908273 0.121979 0.132739 0.117089 0.0838248 0.0489381 0.023784 0.0105368 0.00574881 0.0053597 0.00688185 0.00921923 0.0119126 0.0146696 0.0172105 0.019269 0.0206367 0.0212052 0.0209838 0.0200845 0.0186845 0.016978 0.015136 0.0132831 0.0114947 0.00980835 0.00824032 0.00679968
 1.01901e-16 2.89823e-05 0.000170089 0.000808499 0.00311272 0.00970668 0.0245184 0.0501688 0.0831635 0.111696 0.121572 0.107294 0.0769335 0.0451588 0.022402 0.0106953 0.00692183 0.00738886 0.00981297 0.0131407 0.0168518 0.0205358 0.0237748 0.0261766 0.0274535 0.0274864 0.0263486 0.0242777 0.0216087 0.0186913 0.015819 0.0131884 0.0108939 0.00894771 0.00731382 0.00593869
 1.01588e-16 3.18072e-05 0.000186679 0.000887383 0.00341646 0.0106539 0.0269109 0.0550636 0.0912749 0.122582 0.1334 0.117684 0.0842761 0.0492526 0.0240314 0.010805 0.00611527 0.0058836 0.0076038 0.0101571 0.0130527 0.0159586 0.0185534 0.0205356 0.0216789 0.0218811 0.0211827 0.0197474 0.0178142 0.0156375 0.0134348 0.0113576 0.00948637 0.00784482 0.00642234 0.00519501
 1.01499e-16 3.04687e-05 0.000178818 0.00085 0.00327251 0.010205 0.0257771 0.052744 0.0874311 0.117424 0.127798 0.112767 0.080811 0.0473402 0.0233082 0.0108346 0.00662553 0.00678652 0.00891521 0.0119181 0.0152805 0.0186198 0.021554 0.0237259 0.0248726 0.0248839 0.0238248 0.0219097 0.0194429 0.0167437 0.014082 0.0116413 0.00951269 0.00771257 0.00621192 0.00496401
 1.02053e-16 2.54419e-05 0.000149298 0.000709644 0.00273208 0.00851966 0.0215202 0.0440346 0.0729979 0.098051 0.106743 0.094261 0.0677058 0.039979 0.0202728 0.0104139 0.00770961 0.00895052 0.0121383 0.0163149 0.0209435 0.0255418 0.0295955 0.0326168 0.0342439 0.0343217 0.0329326 0.0303629 0.0270221 0.0233421 0.0196901 0.0163185 0.0133559 0.0108311 0.00871181 0.00694066
 1.02689e-16 2.62949e-05 0.000154311 0.000733485 0.00282389 0.00880598 0.0222433 0.0455139 0.0754483 0.101337 0.110306 0.0973733 0.0698672 0.0411068 0.0205714 0.0101245 0.00695993 0.00774774 0.0104297 0.014051 0.0181243 0.0222445 0.025985 0.028935 0.0307787 0.0313619 0.0307183 0.0290454 0.0266424 0.0238326 0.0208967 0.0180349 0.0153616 0.0129234 0.010727 0.00876439
 1.01464e-16 3.37758e-05 0.00019824 0.000942349 0.00362811 0.0113139 0.0285781 0.0584744 0.0969272 0.130169 0.141645 0.124931 0.0894066 0.0521319 0.0252138 0.0109592 0.00567369 0.00501028 0.00630435 0.00838442 0.0107694 0.0131678 0.0153119 0.0169538 0.0179083 0.0180922 0.01754 0.0163869 0.0148295 0.0130752 0.0113005 0.00962618 0.0081147 0.006782 0.00561707 0.00459946
 1.00452e-16 3.57146e-05 0.000209623 0.000996465 0.00383647 0.0119637 0.0302193 0.0618324 0.102493 0.137643 0.149775 0.132094 0.0945169 0.0550793 0.0265775 0.0114434 0.005761 0.00492337 0.006103 0.0080534 0.0102621 0.0124226 0.0142599 0.0155264 0.0160465 0.0157575 0.0147241 0.0131187 0.0111771 0.00914286 0.00721894 0.00553957 0.00416508 0.00309504 0.00229066 0.00169719
 1.00168e-16 3.84865e-05 0.000225901 0.00107386 0.00413449 0.0128931 0.0325668 0.0666351 0.110452 0.148325 0.161383 0.142295 0.101735 0.0591213 0.0282209 0.0116249 0.00508447 0.00361448 0.0041662 0.00542261 0.00689015 0.00832601 0.00953717 0.010355 0.0106615 0.0104158 0.0096644 0.00852764 0.00716895 0.0057569 0.00443202 0.00328718 0.00236384 0.00166084 0.00114978 0.000790487
 1.00238e-16 3.56694e-05 0.000209356 0.000995196 0.00383158 0.0119484 0.0301808 0.0617537 0.102363 0.137468 0.149587 0.131933 0.0944119 0.0550383 0.0265954 0.011515 0.0058893 0.00511844 0.00637707 0.00841471 0.0107095 0.0129415 0.0148211 0.0160873 0.0165567 0.0161663 0.0149888 0.0132118 0.0110905 0.00888757 0.00682228 0.00503946 0.00360371 0.00251313 0.00172317 0.00117085
 1.00727e-16 3.01125e-05 0.000176724 0.000840036 0.00323414 0.0100853 0.0254749 0.0521258 0.0864075 0.116053 0.126314 0.111478 0.0799322 0.0469154 0.0232658 0.0110932 0.00715552 0.00761101 0.01008 0.0134586 0.0171953 0.0208528 0.0239874 0.0261871 0.0271552 0.0267792 0.025156 0.0225611 0.0193765 0.0159999 0.0127667 0.009903 0.00751707 0.00561943 0.00415814 0.00305394
 1.01244e-16 3.17058e-05 0.000186083 0.000884546 0.00340554 0.0106198 0.0268249 0.0548876 0.0909834 0.122192 0.132977 0.117316 0.0840245 0.0491292 0.024015 0.0108717 0.00625573 0.00610386 0.00791698 0.0105744 0.0135765 0.0165771 0.0192384 0.0212435 0.0223557 0.0224691 0.0216297 0.0200142 0.0178798 0.0155006 0.0131124 0.0108808 0.00889514 0.00718256 0.00573129 0.0045127
 1.01465e-16 3.03781e-05 0.000178286 0.000847472 0.00326278 0.0101747 0.0257004 0.0525871 0.0871711 0.117075 0.127418 0.112433 0.0805737 0.0472052 0.0232493 0.01082 0.0066344 0.00681016 0.00895264 0.0119716 0.015353 0.0187137 0.0216707 0.0238651 0.0250319 0.0250593 0.0240102 0.0220976 0.0196252 0.016912 0.014229 0.0117611 0.00960169 0.00776979 0.00623901 0.00496487
 1.01304e-16 3.3039e-05 0.000193913 0.000921773 0.00354888 0.0110669 0.027954 0.0571976 0.0948115 0.12733 0.138561 0.122223 0.087496 0.051073 0.0248048 0.0109575 0.00592718 0.00546816 0.00697418 0.00928981 0.0119238 0.0145602 0.0169012 0.0186696 0.0196589 0.0197779 0.0190682 0.0176855 0.0158549 0.0138151 0.0117696 0.00985931 0.00815783 0.00668459 0.00542609 0.00435571
 1.01387e-16 3.0629e-05 0.000179759 0.000854475 0.00328975 0.0102587 0.0259128 0.0530217 0.0878914 0.118042 0.12847 0.11336 0.0812344 0.0475855 0.0234237 0.0108792 0.00664 0.00679021 0.00891395 0.0119113 0.0152645 0.018589 0.0215013 0.0236434 0.0247525 0.02472 0.0236132 0.0216503 0.0191396 0.0164044 0.0137181 0.0112661 0.0091402 0.00735592 0.00588217 0.00466927
 1.0175e-16 2.97721e-05 0.000174728 0.000830557 0.00319766 0.00997156 0.0251874 0.0515375 0.0854313 0.114739 0.124877 0.110193 0.0789737 0.046279 0.0228144 0.0106546 0.00658533 0.00680578 0.00897284 0.0120211 0.0154485 0.0188792 0.0219348 0.0242578 0.0255804 0.0257822 0.0249132 0.0231701 0.0208395 0.0182258 0.0155898 0.013113 0.0108917 0.00895395 0.00728602 0.00585769
 1.01611e-16 3.21172e-05 0.0001885 0.00089604 0.0034498 0.0107579 0.0271735 0.0556008 0.0921651 0.123777 0.134698 0.118824 0.085082 0.049702 0.0242104 0.0108172 0.00602657 0.00571749 0.00735895 0.00982454 0.0126265 0.0154411 0.0179576 0.019885 0.0210053 0.0212195 0.0205664 0.0192034 0.0173602 0.0152805 0.0131725 0.0111804 0.00938053 0.00779463 0.0064124 0.00521152
 1.01431e-16 3.16116e-05 0.00018553 0.000881914 0.0033954 0.0105882 0.0267451 0.0547243 0.0907129 0.121829 0.132584 0.116973 0.083786 0.0490048 0.0239821 0.0109033 0.00633689 0.00623228 0.00809593 0.0108056 0.0138549 0.0168885 0.0195593 0.0215438 0.0226037 0.0226386 0.0217058 0.0199977 0.0177878 0.0153632 0.0129666 0.0107631 0.00883471 0.00719657 0.00582341 0.00467434
 1.02837e-16 1.98318e-05 0.000116353 0.000553 0.00212893 0.00663873 0.0167693 0.0343146 0.0568896 0.0764294 0.0832447 0.0736049 0.0530751 0.0317549 0.0168698 0.00991841 0.00887827 0.0113038 0.0156477 0.0211044 0.0271152 0.0330902 0.0383728 0.042334 0.0445055 0.0446839 0.042971 0.0397303 0.0354841 0.0307839 0.0260993 0.0217531 0.0179114 0.0146137 0.011822 0.00946795
 1.04041e-16 2.67744e-05 0.000157133 0.000746916 0.00287563 0.00896735 0.0226508 0.0463471 0.0768273 0.103182 0.112297 0.0990886 0.071006 0.0415925 0.0204748 0.00952068 0.00584646 0.00604873 0.00804571 0.0109164 0.0142563 0.0177775 0.0211821 0.0241706 0.0264901 0.0279804 0.0285943 0.0283877 0.0274866 0.0260443 0.0242063 0.0220924 0.0197958 0.0173935 0.0149583 0.0125652
 1.02997e-16 2.97858e-05 0.000174811 0.000830959 0.00319921 0.00997642 0.0251997 0.0515623 0.0854718 0.114791 0.124928 0.110224 0.0789654 0.0462128 0.0226679 0.0103962 0.00617231 0.00618829 0.0081031 0.0108662 0.0140048 0.0171847 0.0200754 0.0223648 0.0238172 0.0243231 0.0239177 0.0227597 0.0210807 0.0191234 0.0170898 0.0151135 0.0132588 0.0115385 0.00994017 0.00844814
pSPR Fmed_Fpbrs
0.514646   0.6 0.325
Fs Fmed_Fpbrs
0.64   0.445339 1.5151
SSBpbr Bo_Bmed_Bpbrs
1.02322e+06  475433  562769 281384
Ro
39340.1
SPR SPRFo_SPRFmed_SPRFpbrs
812540 418170 264075
log_Ro
10.4
likeval ReclasPelacesDesembMPH_pf_preclas_ppelaces_ptallas_desvR_qrecl_qpela
 63.1668 16.8821 0.00944686 0.000687676 330.06 210.419 55.0642 0 16.7544 6.9911e-06 4.98417e-05 8.43857e-15 0 0 0
q_reclas_q_pelaces
0.687512 2.73029
M
0.7
N
 38626.9 10730.5 3475.7 406.68 0.258361
 46481 17304 2719.21 668.177 76.6078
 25278.4 21113.1 4800.47 593.948 159.74
 36624.1 10855.7 4060.28 625.332 95.2873
 64247.2 17657.1 4444.09 1535.46 270.868
 47035.1 31734.4 8467.8 2100.96 853.015
 83779.4 22185.5 11261 2617.5 903.451
 79948.8 40291.8 8936.9 4162.74 1292.98
 103381 37285.3 13277.7 2488.67 1499.72
 115041 47835.1 11671.4 3438.87 1017.93
 63464.6 54159.6 16765.7 3545.36 1339.02
 43175 28428.6 13717.7 3220.78 918.555
 46976.3 19519.4 7648.14 2869.28 849.239
 24984.5 19951.3 3491.45 899.491 423.471
 15389.8 9111.47 1319.27 100.88 35.8586
 14211.3 5413.49 475.973 27.3356 2.63865
 10361.4 6160.59 1106.94 67.6067 4.14087
 12558.2 4669.18 1622.52 224.694 14.278
 13984.6 5834.69 1501.29 436.413 63.4094
 22260.5 6586.91 2051.37 458.045 150.854
 28775.8 10473.7 2299.76 619.758 181.925
 36589 13937.2 4418.3 907.292 314.653
 59509.2 17618.4 5659.72 1651.95 453.977
 85080.4 28472.2 6861.81 1994.97 736.648
 40541.5 40760.8 11185.5 2448.44 967.507
 58051.7 19557.9 16754.6 4254.36 1291.49
 80379.9 28053.3 8129.98 6474.26 2131.02
pred_Ctot
 2735.3 3926.12 1615.73 191.744 0.121905
 2865.79 5677.52 1147.36 286.198 32.8392
 2478.49 9812.33 2741.22 343.19 92.3571
 768.747 1386.38 707.315 111.06 16.9406
 246.08 435.977 153.821 54.2942 9.58883
 1701.59 6640.74 2362.19 596.505 242.415
 1903.36 3048.92 2105.37 498.819 172.346
 3511.79 9979.07 2917.56 1381.99 429.64
 5092.7 10176.6 4740.82 903.125 544.712
 4311.46 10325.4 3352.04 1005.06 297.781
 4497.35 19827.1 7797.55 1672.39 632.105
 2796.64 9701.2 5994.92 1428.4 407.693
 4934.12 9509.11 4541.55 1723.1 510.3
 4857.96 13830.3 2720.9 705.258 332.134
 3292.43 6587.73 1058.65 81.3853 28.9371
 1308.57 2407.36 261.897 15.227 1.47078
 693.451 2157.11 494.956 30.6713 1.88005
 583.76 1213.54 553.83 77.9748 4.95919
 519.537 1249.79 428.075 126.637 18.4171
 843.278 1435.24 594.368 135.049 44.5186
 511.208 1144.39 344.485 94.6812 27.822
 799.652 1847.88 798.008 167.05 57.993
 1566.31 2771.61 1204.58 358.234 98.5449
 2160.75 4335.17 1415.51 419.356 155.003
 833.266 5104.68 1912.1 426.733 168.799
 1123.15 2314.95 2712.03 702.214 213.392
 2126.47 4433.76 1738.06 1410.22 464.638
F
 0.10301 0.672747 0.949 0.969963 0.971092
 0.0891496 0.582224 0.821305 0.839447 0.840424
 0.145255 0.948642 1.33819 1.36775 1.36934
 0.02957 0.193118 0.272419 0.278436 0.27876
 0.0053385 0.0348651 0.0491818 0.0502683 0.0503268
 0.0514563 0.336055 0.47405 0.484521 0.485085
 0.0320398 0.209247 0.295171 0.301692 0.302043
 0.0627878 0.410059 0.578443 0.59122 0.591908
 0.0706579 0.461458 0.650948 0.665327 0.666101
 0.0533506 0.348426 0.491501 0.502358 0.502943
 0.103087 0.673249 0.949708 0.970687 0.971816
 0.0938516 0.612933 0.864624 0.883723 0.884751
 0.156349 1.02109 1.44039 1.47221 1.47392
 0.308721 2.01621 2.84414 2.90696 2.91035
 0.344813 2.25193 3.17665 3.24682 3.2506
 0.135862 0.887299 1.25165 1.2793 1.28079
 0.0971065 0.63419 0.89461 0.914371 0.915436
 0.0665549 0.434661 0.613148 0.626692 0.627422
 0.0528738 0.345312 0.487109 0.497869 0.498448
 0.0539405 0.352278 0.496935 0.507913 0.508504
 0.0249763 0.163117 0.230098 0.235181 0.235455
 0.030805 0.201183 0.283796 0.290065 0.290402
 0.0372036 0.242972 0.342744 0.350315 0.350723
 0.0358768 0.234307 0.330521 0.337822 0.338215
 0.0289468 0.189048 0.266677 0.272567 0.272885
 0.0272276 0.17782 0.250839 0.25638 0.256678
 0.0373973 0.244237 0.344529 0.352139 0.352549
Np
 28692.8 13591 14025.4 3506.75 1200.15
YTP_r0W_actual
 21930.2 117747 66414 68764.6 25141.6
YTP_p0W_proyectada
 7828.3 161386 89141 30383 35981.8
 7828.3 57045.2 114574 37246 14159.2
CTP_r0_actual
 2674.41 5451.26 2115.1 1714.83 564.979
CTP_p0_proyectada
 954.671 7471.58 2838.88 757.682 808.58
 954.671 2640.98 3648.84 928.828 318.185
Wmedp
 8.2 21.6 31.4 40.1 44.5
nmprior
 10.8 10.6 4.6 0
nm_flota  nm_reclas  nm_pelaces    nm_pelaL
inf 19.8091 17.2934 54.0794
cv_recla  cv_pelaces  cv_mph
0.688296 0.450094 0.700854
 ------------------------------------------------
Talla a la edad & desviaci?n 
 7.2 14.2025 17.0495 18.207 18.6776
 1.08 2.13037 2.55742 2.73105 2.80164
