years
 1997 1998 1999 2000 2001 2002 2003 2004 2005 2006 2007 2008 2009 2010 2011 2012 2013 2014 2015 2016 2017 2018 2019 2020 2021 2022 2023
reclasobs
 0 0 0 370054 412103 1.49427e+06 250295 1.28982e+06 931140 785840 897777 1.04006e+06 184774 17550 25797 100020 73551 82996 120727 218422 84188 347160 605670 569463 516374 1.08416e+06 1.01767e+06
reclaspred
 490586 132020 388659 262440 383268 474963 1.02382e+06 691644 763841 729151 594803 395242 239221 100488 63787.2 65036.7 80617.2 111616 123677 171651 252482 235397 406949 552851 714063 699770 689626
pelacesobs
 0 0 0 0 0 0 0 0 0 2.06254e+06 1.5e+06 0 1.87456e+06 323000 250000 174000 83755 137374 0 501740 490994 745055 786931 1.00524e+06 1.33801e+06 1.41789e+06 0
pelacespred
 2.0308e+06 446841 808888 840753 1.08399e+06 1.01965e+06 2.73874e+06 2.18136e+06 2.19781e+06 2.08368e+06 1.44784e+06 992444 614349 202532 138531 147847 191727 274429 299135 420857 701688 609916 871570 1.35543e+06 1.66463e+06 1.80246e+06 1.71279e+06
mphobs
 0 0 0 0 0 0 112323 0 153150 637223 0 255016 313432 73983 77613 109348 50772 17779 17303 59886 28197 0 207744 136588 643089 65757 70829
mphpred
 161904 96161.7 113917 127134 132497 209098 314003 373908 321576 328128 312367 212811 124276 68132.1 28044.2 24180.9 28238.4 40089.8 54366 60735.5 95848.2 74106.9 90255.2 135898 188278 196333 187393
desembarqueobs
 350755 77701 442110 56441 14545 235359 269955 359681 431902 328805 639364 411747 362871 311530 167758 66681 60226 58785 57116 73181 50977 67692 138656 160484 209506 203330 245020
desembarquepred
 350764 77703.3 442140 56444 14545.2 235424 270003 359698 431966 328838 639496 411925 363119 311825 167690 66687.6 60253.2 58784.3 57108.3 73181.7 50978.7 67684.8 138661 160492 209496 203319 245009
Reclutas
 44975.3 54842.6 30449 43703.9 77559.5 56453.1 96628 90664 112924 121076 64063.5 42092.8 46268.3 24760.3 16186.9 15947.7 11920.8 14403.2 16225.1 26114.4 33409.3 42705.4 70352.5 100141 46002.8 66713.5 95278.6
log_desv_Rt
 0.0138695 0.212223 -0.376193 -0.0148064 0.5588 0.241165 0.778624 0.714916 0.934467 1.00417 0.36763 -0.0523674 0.0422121 -0.583002 -1.00804 -1.02293 -1.31396 -1.1248 -1.00569 -0.52976 -0.283411 -0.0379203 0.461273 0.814338 0.0364566 0.408162 0.764561
SSB
 562230 333933 395589 441490 460112 726120 1.06237e+06 1.28491e+06 1.09278e+06 1.11683e+06 1.08473e+06 739013 446218 230948 99942.7 86057.8 103938 140594 180519 211915 316736 380119 475829 684652 1.03535e+06 1.10868e+06 997452
BT
 1.90288e+06 488033 883872 729696 874544 998192 2.36409e+06 2.14253e+06 2.14465e+06 1.97503e+06 1.72662e+06 1.16695e+06 840901 452034 247297 171851 200814 265495 286461 393808 600306 549310 789554 1.20872e+06 1.48615e+06 1.61174e+06 1.57115e+06
Ftot
 0.568823 0.474862 0.737587 0.153105 0.030201 0.297318 0.191362 0.366927 0.419003 0.324824 0.654907 0.627979 1.03516 1.91801 2.02905 0.781671 0.552382 0.386465 0.308185 0.316552 0.146395 0.189808 0.227512 0.213028 0.175573 0.180148 0.236467
BD_Bspro_t
 0.932691 0.706371 0.651489 0.498136 0.63381 0.780255 0.738463 0.750716 0.68772 0.649848 0.616379 0.450072 0.334866 0.230444 0.127519 0.133991 0.209056 0.336278 0.452819 0.552772 0.672476 0.763858 0.773074 0.782339 0.80166 0.764157 0.743421
BD_Bspro
 0.613697 0.364502 0.431802 0.481904 0.502231 0.792589 1.15962 1.40253 1.19281 1.21906 1.18403 0.806663 0.487066 0.25209 0.109092 0.0939356 0.113453 0.153465 0.197044 0.231314 0.34573 0.414915 0.519387 0.747325 1.13012 1.21017 1.08876
BD_Bo
 0.385619 0.229036 0.271324 0.302806 0.315579 0.498027 0.728652 0.881289 0.749509 0.766002 0.74399 0.50687 0.30605 0.158402 0.0685482 0.0590249 0.0712887 0.0964301 0.123813 0.145347 0.217241 0.260714 0.326359 0.469585 0.710117 0.760415 0.684127
BD_Brms
 0.701126 0.416429 0.493317 0.550557 0.57378 0.905503 1.32482 1.60234 1.36274 1.39273 1.35271 0.921582 0.556454 0.288003 0.124633 0.107318 0.129616 0.175328 0.225115 0.264268 0.394984 0.474025 0.59338 0.853791 1.29112 1.38257 1.24387
S_f
 0.16274 1 1 1 1
 0.16274 1 1 1 1
 0.16274 1 1 1 1
 0.16274 1 1 1 1
 0.16274 1 1 1 1
 0.16274 1 1 1 1
 0.16274 1 1 1 1
 0.16274 1 1 1 1
 0.16274 1 1 1 1
 0.16274 1 1 1 1
 0.16274 1 1 1 1
 0.16274 1 1 1 1
 0.16274 1 1 1 1
 0.16274 1 1 1 1
 0.16274 1 1 1 1
 0.16274 1 1 1 1
 0.16274 1 1 1 1
 0.16274 1 1 1 1
 0.16274 1 1 1 1
 0.16274 1 1 1 1
 0.16274 1 1 1 1
 0.16274 1 1 1 1
 0.16274 1 1 1 1
 0.16274 1 1 1 1
 0.16274 1 1 1 1
 0.16274 1 1 1 1
 0.16274 1 1 1 1
Scru_reclas
 0.762147 1 1 1 1
 0.762147 1 1 1 1
 0.762147 1 1 1 1
 0.762147 1 1 1 1
 0.762147 1 1 1 1
 0.762147 1 1 1 1
 0.762147 1 1 1 1
 0.762147 1 1 1 1
 0.762147 1 1 1 1
 0.762147 1 1 1 1
 0.762147 1 1 1 1
 0.762147 1 1 1 1
 0.762147 1 1 1 1
 0.762147 1 1 1 1
 0.762147 1 1 1 1
 0.762147 1 1 1 1
 0.762147 1 1 1 1
 0.762147 1 1 1 1
 0.762147 1 1 1 1
 0.762147 1 1 1 1
 0.762147 1 1 1 1
 0.762147 1 1 1 1
 0.762147 1 1 1 1
 0.762147 1 1 1 1
 0.762147 1 1 1 1
 0.762147 1 1 1 1
 0.762147 1 1 1 1
Scru_pelaces
 1 1 1 1 1
 1 1 1 1 1
 1 1 1 1 1
 1 1 1 1 1
 1 1 1 1 1
 1 1 1 1 1
 1 1 1 1 1
 1 1 1 1 1
 1 1 1 1 1
 1 1 1 1 1
 1 1 1 1 1
 1 1 1 1 1
 1 1 1 1 1
 1 1 1 1 1
 1 1 1 1 1
 1 1 1 1 1
 1 1 1 1 1
 1 1 1 1 1
 1 1 1 1 1
 1 1 1 1 1
 1 1 1 1 1
 1 1 1 1 1
 1 1 1 1 1
 1 1 1 1 1
 1 1 1 1 1
 1 1 1 1 1
 1 1 1 1 1
pf_obs 
 0.256992 0.487395 0.22802 0.0275931 0
 0.321318 0.546541 0.124235 0.00734118 0.000564706
 0.182869 0.594174 0.210203 0.0122559 0.00049798
 0.330522 0.361315 0.267642 0.0388342 0.00168674
 0.649043 0.306663 0.0425973 0.00169635 0
 0.582887 0.30429 0.105238 0.00758474 0
 0.465427 0.430635 0.0974691 0.00646863 0
 0.296916 0.608066 0.0921331 0.00288517 0
 0.311714 0.524322 0.152257 0.0117073 0
 0.15457 0.633149 0.183074 0.0267441 0.00246327
 0.131901 0.49318 0.331252 0.0422183 0.00144891
 0.196976 0.569456 0.194076 0.0375587 0.00193317
 0.518974 0.381816 0.0799577 0.0180837 0.00116848
 0.0928022 0.601141 0.25162 0.0475244 0.00691264
 0.122501 0.610282 0.24278 0.0234846 0.000952079
 0.383417 0.481906 0.127806 0.00687128 0
 0.0376549 0.599619 0.316969 0.0457579 0
 0.0361596 0.667082 0.258105 0.0386534 0
 0.158088 0.579412 0.248529 0.0139706 0
 0.0477256 0.309471 0.559284 0.082774 0.000745712
 0.0406174 0.521527 0.379366 0.0568643 0.0016247
 0.151134 0.462217 0.34131 0.0453401 0
 0.294876 0.26143 0.354403 0.0886775 0.000613685
 0.281977 0.475581 0.204845 0.0348837 0.00271318
 0.0841818 0.532909 0.334909 0.0458182 0.00218182
 0.115287 0.27431 0.454777 0.147771 0.00785563
 0 0 0 0 0
pf_pred 
 0.33414 0.469682 0.175424 0.0207427 1.09107e-05
 0.293747 0.567034 0.0982017 0.036678 0.00433919
 0.161742 0.639554 0.159535 0.027629 0.0115402
 0.261321 0.465995 0.208046 0.0518965 0.0127417
 0.296896 0.492412 0.132915 0.0593404 0.0184366
 0.161948 0.60729 0.161612 0.0436231 0.0255268
 0.26723 0.423464 0.224137 0.0596472 0.0255216
 0.204333 0.565303 0.133126 0.0704629 0.0267749
 0.247112 0.491734 0.185544 0.0436947 0.0319154
 0.231196 0.547228 0.144718 0.0546057 0.0222521
 0.135399 0.590952 0.194781 0.0515111 0.0273569
 0.145166 0.487729 0.250915 0.0827032 0.0334869
 0.247952 0.441386 0.177249 0.091187 0.0422255
 0.221971 0.602135 0.103235 0.0414564 0.0312035
 0.307163 0.575758 0.0906104 0.015535 0.010934
 0.342994 0.585382 0.059521 0.00936717 0.00273632
 0.217798 0.645741 0.121585 0.0123626 0.00251392
 0.25573 0.514632 0.189575 0.0356947 0.00436743
 0.239617 0.545819 0.148362 0.0546522 0.0115494
 0.300537 0.483881 0.154749 0.0420634 0.0187694
 0.259972 0.558336 0.125693 0.0401977 0.0158019
 0.242927 0.528583 0.172391 0.0388088 0.0172904
 0.292317 0.483559 0.156482 0.0510346 0.0166076
 0.278651 0.532933 0.128744 0.0416622 0.0180093
 0.107395 0.646484 0.181835 0.043927 0.0203596
 0.188706 0.361443 0.325811 0.0916401 0.0323988
 0.242194 0.461409 0.132049 0.119032 0.0453163
pobs_RECLAS
 0 0 0 0 0
 0 0 0 0 0
 0 0 0 0 0
 0 0 0 0 0
 0.835266 0.146461 0.0176864 0.000547809 3.91292e-05
 0.385257 0.428462 0.181853 0.0044286 0
 0.867414 0.0963971 0.0333333 0.00285562 0
 0.441836 0.489002 0.0689373 0.000224442 0
 0.779404 0.147425 0.0564933 0.0165055 0.000172143
 0.814271 0.122319 0.05973 0.00367925 0
 0.40263 0.566651 0.0304383 0.000280538 0
 0.475488 0.404961 0.113038 0.00651328 0
 0.955842 0.0263864 0.0167828 0.000988607 0
 0.975058 0.0227948 0.00214734 0 0
 0.738997 0.206755 0.0527124 0.00153531 0
 0.850938 0.134255 0.0134407 0.00136685 0
 0.542534 0.407297 0.0501686 0 0
 0.764087 0.199537 0.0359546 0.000420521 0
 0.470689 0.182191 0.310203 0.0369168 0
 0.84361 0.089868 0.0606195 0.00523954 0.000663233
 0.607945 0.314616 0.071237 0.00620181 0
 0.523733 0.453247 0.0230204 0 0
 0.530135 0.295979 0.169645 0.0042399 0
 0.562478 0.366248 0.0663022 0.0049721 0
 0.250443 0.683176 0.0655157 0.000865301 0
 0.195077 0.31981 0.436473 0.0351445 0.0134964
 0.565238 0.351407 0.0832357 0.000118908 0
ppred_RECLAS
 0.709845 0.204669 0.076443 0.00903884 4.75446e-06
 0.667865 0.266663 0.046182 0.0172488 0.00204062
 0.488869 0.38997 0.0972771 0.0168469 0.00703667
 0.625559 0.236216 0.10546 0.0263067 0.00645884
 0.664489 0.234972 0.063425 0.0283164 0.00879769
 0.479526 0.377159 0.10037 0.0270923 0.0158535
 0.633201 0.211971 0.112195 0.0298573 0.0127752
 0.551716 0.318496 0.0750042 0.0396992 0.0150852
 0.612321 0.253205 0.0955407 0.0224994 0.0164339
 0.589595 0.292123 0.0772537 0.0291498 0.0118787
 0.434954 0.386207 0.127296 0.0336643 0.0178787
 0.454305 0.311348 0.160175 0.0527946 0.0213768
 0.628463 0.218059 0.087567 0.0450494 0.0208608
 0.626746 0.288869 0.0495261 0.0198884 0.0149696
 0.727067 0.226811 0.0356946 0.00611977 0.00430729
 0.722221 0.247496 0.0251652 0.00396039 0.0011569
 0.575442 0.35049 0.065993 0.0067101 0.00136449
 0.622525 0.261009 0.0961479 0.0181035 0.00221506
 0.600576 0.286715 0.0779337 0.0287085 0.00606684
 0.672279 0.226714 0.0725051 0.019708 0.00879406
 0.623823 0.283818 0.0638933 0.0204336 0.00803256
 0.60298 0.277196 0.0904042 0.0203519 0.00906731
 0.662149 0.230853 0.074705 0.0243641 0.00792853
 0.646783 0.260957 0.0630411 0.0204004 0.00881845
 0.36264 0.461619 0.129838 0.0313658 0.0145377
 0.52387 0.212123 0.191211 0.0537815 0.0190141
 0.602753 0.241874 0.0692211 0.0623971 0.0237551
pobs_PELACES
 0 0 0 0 0
 0 0 0 0 0
 0 0 0 0 0
 0 0 0 0 0
 0 0 0 0 0
 0 0 0 0 0
 0 0 0 0 0
 0 0 0 0 0
 0 0 0 0 0
 0 0 0 0 0
 0.450072 0.473896 0.0757376 0.000293798 0
 0 0 0 0 0
 0.463077 0.371075 0.160297 0.00555027 0
 0.529543 0.364841 0.0842815 0.0213345 0
 0.631943 0.363953 0.00410389 0 0
 0.735681 0.248677 0.0153453 0.000297389 0
 0.695825 0.281241 0.0229344 0 0
 0.275771 0.60734 0.115278 0.00161068 0
 0 0 0 0 0
 0.896147 0.0623911 0.0374545 0.00400742 0
 0.803859 0.145111 0.0509908 3.86294e-05 0
 0.739449 0.233085 0.0266225 0.000797448 4.60066e-05
 0.878498 0.100942 0.0204185 0.000141795 0
 0.694673 0.275183 0.0284847 0.00165964 0
 0.469039 0.446079 0.0841089 0.000773354 0
 0.822795 0.102175 0.0682046 0.00682512 0
 0 0 0 0 0
ppred_PELACES
 0.789748 0.148306 0.0553919 0.0065497 3.44517e-06
 0.750516 0.200305 0.0346898 0.0129565 0.00153282
 0.606083 0.300541 0.0749692 0.0129835 0.005423
 0.695748 0.191937 0.0856915 0.0213755 0.00524814
 0.723786 0.193444 0.0522153 0.0233118 0.0072428
 0.56754 0.31338 0.0833967 0.0225109 0.0131726
 0.704842 0.17057 0.0902817 0.0240257 0.01028
 0.641206 0.254915 0.0600312 0.0317741 0.0120737
 0.699404 0.196328 0.0740796 0.0174454 0.0127424
 0.673411 0.232463 0.0614763 0.0231966 0.00945272
 0.54758 0.309228 0.101923 0.0269542 0.0143151
 0.565087 0.248141 0.127658 0.0420768 0.0170371
 0.74711 0.148424 0.0596033 0.0306633 0.0141991
 0.789155 0.163178 0.0279765 0.0112346 0.00845612
 0.859606 0.116669 0.0183609 0.00314794 0.00221562
 0.808934 0.170237 0.0173095 0.0027241 0.00079576
 0.674438 0.268765 0.0506051 0.00514548 0.00104632
 0.706547 0.202911 0.0747463 0.0140738 0.001722
 0.682359 0.22801 0.0619767 0.0228304 0.00482465
 0.746037 0.175689 0.0561868 0.0152725 0.00681482
 0.693784 0.231033 0.0520104 0.0166334 0.00653866
 0.677424 0.22522 0.0734529 0.0165358 0.00736713
 0.732504 0.18278 0.0591483 0.0192905 0.00627748
 0.71817 0.208216 0.0503001 0.0162773 0.00703619
 0.43935 0.40606 0.114211 0.0275908 0.012788
 0.602752 0.17698 0.159533 0.0448714 0.015864
 0.680028 0.194823 0.0557558 0.0502593 0.0191341
pobs_pel_tallas
 0 0 0 0 0 0 0 0 0 0 0 0 0 0 0 0 0 0 0 0 0 0 0 0 0 0 0 0 0 0 0 0 0 0 0 0
 0 0 0 0 0 0 0 0 0 0 0 0 0 0 0 0 0 0 0 0 0 0 0 0 0 0 0 0 0 0 0 0 0 0 0 0
 0 0 0 0 0 0 0 0 0 0 0 0 0 0 0 0 0 0 0 0 0 0 0 0 0 0 0 0 0 0 0 0 0 0 0 0
 0 0 0 0 0 0 0 0 0 0 0 0 0 0 0 0 0 0 0 0 0 0 0 0 0 0 0 0 0 0 0 0 0 0 0 0
 0 0 0 0 0 0 0 0 0 0 0 0 0 0 0 0 0 0 0 0 0 0 0 0 0 0 0 0 0 0 0 0 0 0 0 0
 0 0 0 0 0 0 0 0 0 0 0 0 0 0 0 0 0 0 0 0 0 0 0 0 0 0 0 0 0 0 0 0 0 0 0 0
 0 0 0 0 0 0 0 0 0 0 0 0 0 0 0 0 0 0 0 0 0 0 0 0 0 0 0 0 0 0 0 0 0 0 0 0
 0 0 0 0 0 0 0 0 0 0 0 0 0 0 0 0 0 0 0 0 0 0 0 0 0 0 0 0 0 0 0 0 0 0 0 0
 0 0 0 0 0 0 0 0 0 0 0 0 0 0 0 0 0 0 0 0 0 0 0 0 0 0 0 0 0 0 0 0 0 0 0 0
 0 0 0 0 0 0 0 0 0 0 0 0 0 0 0 0 0 0 0 0 0 0 0 0 0 0 0 0 0 0 0 0 0 0 0 0
 0 0 0 0 0 0 0 0 1.78061e-05 0.00172719 0.00360574 0.0105946 0.0120993 0.0124554 0.0147524 0.0171206 0.0266825 0.0428682 0.0675386 0.121331 0.153587 0.119568 0.100827 0.0573624 0.0630603 0.0341343 0.0324427 0.0444173 0.0211091 0.0280891 0.0125444 0.00206551 0 0 0 0
 0 0 0 0 0 0 0 0 0 0 0 0 0 0 0 0 0 0 0 0 0 0 0 0 0 0 0 0 0 0 0 0 0 0 0 0
 0 0 0 0 0 0 0.0133647 0.0140871 0.0187388 0.0205184 0.03894 0.0496705 0.03968 0.0493445 0.0407372 0.0367815 0.0215668 0.0243155 0.0234873 0.0199281 0.019796 0.0243948 0.0301388 0.0376714 0.0412746 0.0863199 0.0771752 0.113111 0.0741005 0.0525337 0.0229764 0.00759418 0.00175318 0 0 0
 0 0 0 0 0 0 0 0 0 0 0.00219441 0.00772107 0.0458388 0.0604681 0.0671733 0.0775358 0.0609151 0.0617685 0.073594 0.0568108 0.0755445 0.0548602 0.0670107 0.0636378 0.0643287 0.046367 0.0373049 0.0286899 0.0247887 0.0153202 0.00654259 0.00121912 0.000365735 0 0 0
 0 0 0 0 0 0 0 0 0 0 0 0 0.000112435 0.00938835 0.0111873 0.0202946 0.0414886 0.0713402 0.111592 0.104902 0.108894 0.110636 0.117776 0.105296 0.107544 0.0401394 0.0192827 0.0124803 0.00416011 0.0028671 0.000618394 0 0 0 0 0
 0 0 0 0 0 0 0 0 0 0 0.00291406 0.0102884 0.027416 0.0768956 0.0749926 0.110853 0.0956884 0.0897413 0.0766577 0.0534642 0.0500743 0.0551293 0.0594112 0.0620874 0.0668451 0.0424026 0.0208742 0.0120726 0.0048766 0.00582813 0.00118941 0.000297354 0 0 0 0
 0 0.00264628 0.0354308 0.0461629 0.0458689 0.0383711 0.0214643 0.0164657 0.0346957 0.0420465 0.0363128 0.0245516 0.0311673 0.0291091 0.0169068 0.0133784 0.00837989 0.0085269 0.0148486 0.0160247 0.0276389 0.0546898 0.0760071 0.122758 0.109233 0.0665981 0.0333725 0.0166128 0.00676272 0.00308733 0.000882094 0 0 0 0 0
 0 0 0 0 0 0 0 0.000805153 0.000690131 0.00759144 0.0133425 0.0154129 0.00931677 0.000345066 0.00356568 0.00563607 0.00851162 0.0253048 0.0502646 0.0516448 0.0657925 0.0565908 0.0611916 0.0827007 0.0866115 0.110766 0.145733 0.0935128 0.0569358 0.0249597 0.0138026 0.00621118 0.00161031 0.00115022 0 0
 0 0 0 0 0 0 0 0 0 0 0 0 0 0 0 0 0 0 0 0 0 0 0 0 0 0 0 0 0 0 0 0 0 0 0 0
 0.00147267 0.00158595 0.00478618 0.00569244 0.00954404 0.0108468 0.00647125 0.017049 0.0510054 0.094081 0.124002 0.0959785 0.0687766 0.0820023 0.061753 0.0591476 0.0492212 0.0479892 0.0443925 0.0268479 0.0217502 0.0140895 0.0121071 0.0120363 0.00920419 0.00665534 0.0049561 0.00860946 0.00930331 0.0156896 0.0114698 0.00855282 0.00243557 0.00046729 0 2.83206e-05
 0 0 0 0 0.000772559 0.00158375 0.000888443 0.00281984 0.00712685 0.0440552 0.0773331 0.111326 0.0921469 0.0852325 0.0710754 0.0886704 0.0786465 0.0553345 0.0373146 0.0185414 0.00753245 0.00457741 0.012979 0.0271748 0.0457355 0.0583668 0.034881 0.0177882 0.00938659 0.00492506 0.0015258 0.00185414 0.000309023 5.79419e-05 3.86279e-05 0
 0 0.00173294 0.00326652 0 0.00397197 0.00683976 0.00946217 0.0152591 0.00757587 0.0136028 0.0228656 0.0392903 0.0559909 0.0764795 0.0681675 0.0726916 0.0566044 0.0477403 0.0527397 0.0444891 0.0609904 0.0582453 0.0661739 0.0445044 0.0529084 0.0360697 0.0280645 0.0235558 0.0158879 0.00826598 0.00280645 0.00217768 0.000904811 0.00058276 9.20147e-05 0
 0 0 0 0 0 0 0 0 0 0 0 0 0 0 0 0 0 0 0 0 0 0 0 0 0 0 0 0 0 0 0 0 0 0 0 0
 0 0 0 0 0 0 0 0 0 0 0 0 0 0 0 0 0 0 0 0 0 0 0 0 0 0 0 0 0 0 0 0 0 0 0 0
 0 0 0 0 0 0 0 0 0 0 0 0 0 0 0 0 0 0 0 0 0 0 0 0 0 0 0 0 0 0 0 0 0 0 0 0
 0 0 0 0 0 0 0 0 0 0 0 0 0 0 0 0 0 0 0 0 0 0 0 0 0 0 0 0 0 0 0 0 0 0 0 0
 0 0 0 0 0 0 0 0 0 0 0 0 0 0 0 0 0 0 0 0 0 0 0 0 0 0 0 0 0 0 0 0 0 0 0 0
ppred_pel_tallas
 1.0106e-16 3.44555e-05 0.000202232 0.000961329 0.00370119 0.0115418 0.0291537 0.0596521 0.0988789 0.132789 0.144492 0.127433 0.0911792 0.0531283 0.0256264 0.0110202 0.00553493 0.00473181 0.00589284 0.00782953 0.0100648 0.012321 0.0143471 0.01591 0.0168325 0.0170312 0.0165304 0.0154492 0.0139656 0.0122715 0.0105345 0.00887478 0.00736111 0.00602039 0.00485335 0.00384906
 1.01075e-16 3.27468e-05 0.000192195 0.000913605 0.00351742 0.0109688 0.0277062 0.0566908 0.0939721 0.126204 0.137341 0.121159 0.0867605 0.0506962 0.0247193 0.0110845 0.00622732 0.00594367 0.00764685 0.0101779 0.0130249 0.0158407 0.0182923 0.0200726 0.020958 0.0208589 0.0198385 0.0180903 0.0158852 0.0135058 0.0111899 0.00909751 0.00730545 0.00582317 0.00461868 0.00364355
 1.01862e-16 2.6453e-05 0.000155236 0.000737875 0.00284078 0.00885864 0.0223764 0.0457864 0.075901 0.101948 0.110979 0.0979841 0.0703432 0.0414625 0.0208885 0.0105072 0.00750553 0.00853641 0.0115204 0.0154718 0.0198576 0.0242142 0.0280522 0.0309084 0.032439 0.0324969 0.0311603 0.0287015 0.02551 0.021997 0.0185126 0.015298 0.0124768 0.0100776 0.00806996 0.00639928
 1.02259e-16 3.03584e-05 0.000178174 0.000846947 0.00326078 0.0101684 0.0256846 0.0525544 0.0871159 0.116998 0.127325 0.112331 0.0804559 0.0470472 0.023007 0.0104345 0.00603664 0.00592946 0.00772897 0.0103735 0.0133974 0.0164814 0.0193112 0.0215858 0.0230712 0.0236478 0.0233304 0.0222509 0.0206151 0.0186474 0.0165449 0.0144498 0.0124471 0.0105768 0.0088534 0.00728238
 1.01944e-16 3.1581e-05 0.000185352 0.000881072 0.00339216 0.0105781 0.0267196 0.054672 0.0906257 0.12171 0.132452 0.116848 0.0836777 0.0489042 0.0238639 0.010734 0.00608135 0.00585683 0.00757266 0.0101187 0.0130086 0.0159139 0.0185169 0.02052 0.0217005 0.0219583 0.0213341 0.0199895 0.0181588 0.0160891 0.0139893 0.0120018 0.0101987 0.00859736 0.00718397 0.00593478
 1.02675e-16 2.47729e-05 0.000145371 0.000690972 0.00266019 0.00829547 0.0209539 0.042876 0.0710773 0.0954719 0.103937 0.0917867 0.0659367 0.038951 0.0197826 0.0102136 0.00762672 0.00890111 0.0120947 0.0162768 0.0209248 0.0255664 0.0296961 0.0328322 0.034615 0.0348856 0.0337164 0.0313784 0.0282624 0.0247805 0.0212828 0.0180088 0.0150806 0.0125271 0.0103218 0.00841817
 1.02644e-16 3.07542e-05 0.000180499 0.000858006 0.00330336 0.0103012 0.02602 0.0532406 0.0882526 0.118522 0.128979 0.113777 0.0814634 0.0475795 0.0231618 0.010327 0.00573028 0.00543166 0.0070182 0.0094272 0.0122119 0.015084 0.0177652 0.0199868 0.021536 0.0222967 0.0222675 0.0215478 0.0203014 0.0187099 0.0169341 0.0150924 0.0132593 0.0114764 0.00976878 0.00815749
 1.02592e-16 2.79826e-05 0.00016422 0.000780598 0.00300529 0.00937168 0.0236722 0.0484374 0.0802937 0.107842 0.11738 0.1036 0.0742967 0.0436353 0.0216918 0.0104337 0.00685755 0.00740414 0.00987376 0.0132518 0.0170351 0.0208224 0.0242019 0.026784 0.028279 0.0285599 0.0276863 0.0258774 0.0234472 0.0207246 0.0179857 0.0154155 0.0131044 0.0110684 0.00928173 0.00770639
 1.02311e-16 3.0518e-05 0.000179111 0.0008514 0.00327792 0.0102219 0.0258196 0.0528307 0.087574 0.117613 0.127996 0.112923 0.0808827 0.0473015 0.02314 0.0105085 0.00609667 0.005999 0.0078166 0.0104782 0.0135105 0.0165868 0.0193859 0.0216028 0.0230041 0.0234761 0.0230445 0.0218558 0.0201309 0.0181071 0.0159886 0.0139191 0.0119779 0.010195 0.00857222 0.0071024
 1.02188e-16 2.9386e-05 0.000172462 0.000819782 0.00315617 0.00984219 0.0248607 0.0508689 0.0843232 0.113251 0.123258 0.108768 0.0779584 0.0456962 0.0225498 0.0105691 0.00658399 0.00684472 0.00903932 0.0121152 0.0155739 0.0190401 0.022135 0.0245014 0.0258722 0.0261289 0.0253229 0.0236521 0.0214022 0.0188742 0.016323 0.0139222 0.0117598 0.00985606 0.00819241 0.00673702
 1.03143e-16 2.39024e-05 0.000140261 0.000666678 0.00256665 0.00800378 0.0202171 0.0413684 0.0685785 0.0921163 0.100286 0.0885684 0.063637 0.0376175 0.019152 0.00996591 0.00754016 0.00887057 0.0120891 0.0163013 0.0210026 0.0257326 0.0299947 0.0333112 0.0353198 0.0358507 0.0349579 0.0328878 0.0300049 0.0266978 0.0232991 0.0200402 0.0170454 0.0143546 0.0119587 0.00983211
 1.04135e-16 2.46634e-05 0.000144734 0.000687956 0.0026486 0.00825934 0.0208626 0.0426886 0.070765 0.0950473 0.103461 0.0913347 0.0655426 0.0385794 0.0193395 0.00957581 0.00666384 0.00748975 0.0101345 0.0137155 0.017788 0.0219823 0.0259039 0.029165 0.0314575 0.0326135 0.0326305 0.0316518 0.029912 0.027671 0.0251565 0.0225349 0.0199088 0.0173347 0.014847 0.0124769
 1.02612e-16 3.25962e-05 0.000191316 0.000909435 0.00350139 0.0109188 0.0275799 0.0564319 0.0935415 0.125622 0.136697 0.120564 0.0862785 0.0503014 0.0243172 0.0105523 0.00544334 0.0047991 0.00605562 0.00809379 0.0104644 0.012903 0.0151669 0.0170271 0.0183056 0.0189109 0.018852 0.0182246 0.0171771 0.015869 0.0144358 0.0129709 0.0115252 0.0101195 0.00876079 0.00745631
 1.01232e-16 3.44301e-05 0.000202081 0.000960612 0.00369842 0.0115332 0.0291319 0.0596077 0.0988057 0.132691 0.144389 0.12735 0.0911343 0.0531323 0.0256841 0.011139 0.00572847 0.00501735 0.00628524 0.00833349 0.0106677 0.0129882 0.015022 0.0165195 0.0172993 0.0172879 0.0165353 0.0151957 0.0134855 0.0116291 0.00981396 0.00816459 0.00673862 0.0055406 0.00454354 0.0037095
 1.00511e-16 3.75003e-05 0.00022011 0.00104633 0.00402848 0.0125625 0.0317318 0.0649268 0.107621 0.144524 0.15725 0.138657 0.0991479 0.0576468 0.0275712 0.0114519 0.00515514 0.0038289 0.00450572 0.00590149 0.00752956 0.0091425 0.0105378 0.0115352 0.0120052 0.0118977 0.0112521 0.0101847 0.00885742 0.0074386 0.0060699 0.00484648 0.00381355 0.00297548 0.00231111 0.00178877
 1.00433e-16 3.52929e-05 0.000207146 0.000984687 0.00379112 0.0118223 0.0298621 0.0611016 0.101282 0.136017 0.148009 0.130542 0.0934194 0.0544656 0.02633 0.01142 0.00587087 0.00513318 0.00641327 0.00847531 0.0108037 0.0130816 0.0150209 0.0163607 0.0169158 0.016619 0.015537 0.0138498 0.0118045 0.00965681 0.00762058 0.00583811 0.00437456 0.00323145 0.00236989 0.00173381
 1.01032e-16 2.94323e-05 0.00017273 0.00082105 0.00316104 0.00985736 0.024899 0.0509476 0.0844548 0.113431 0.123462 0.108966 0.0781406 0.0458839 0.022792 0.0109311 0.00713729 0.00766011 0.010177 0.0136101 0.0174181 0.0211676 0.0244161 0.02675 0.0278681 0.0276501 0.0261823 0.0237282 0.0206572 0.0173563 0.0141534 0.0112719 0.00882222 0.00682158 0.00522827 0.00397496
 1.01692e-16 3.08298e-05 0.00018094 0.000860096 0.0033114 0.0103263 0.0260834 0.0533704 0.0884686 0.118815 0.129304 0.11408 0.0817158 0.0477979 0.0233996 0.0106542 0.00621823 0.00614605 0.00801211 0.0107296 0.0138128 0.0169223 0.0197233 0.0218985 0.0232066 0.0235326 0.0229086 0.0214947 0.0195305 0.0172741 0.0149497 0.012717 0.0106666 0.00883316 0.00721768 0.00580701
 1.01965e-16 2.9776e-05 0.000174752 0.00083067 0.00319809 0.00997291 0.0251909 0.0515444 0.0854428 0.114754 0.124892 0.110206 0.078979 0.046275 0.0227991 0.010625 0.0065368 0.00673228 0.008868 0.0118798 0.0152685 0.0186631 0.0216907 0.0239999 0.0253279 0.0255574 0.0247387 0.0230662 0.0208212 0.018301 0.0157586 0.0133675 0.0112172 0.00933068 0.00769139 0.00626884
 1.01699e-16 3.25506e-05 0.000191045 0.000908143 0.0034964 0.0109032 0.0275406 0.0563518 0.0934096 0.125447 0.136512 0.120416 0.0862039 0.0503212 0.0244445 0.0108074 0.00586082 0.00542393 0.00693188 0.00924983 0.0118976 0.0145675 0.0169687 0.0188286 0.0199418 0.0202129 0.0196743 0.0184682 0.0168038 0.0149042 0.0129602 0.0111042 0.00940723 0.0078913 0.00655005 0.00536701
 1.01691e-16 3.02743e-05 0.000177677 0.000844576 0.00325163 0.0101399 0.0256126 0.0524074 0.0868733 0.116675 0.126983 0.112048 0.0802966 0.0470405 0.0231638 0.0107732 0.00659647 0.00676478 0.00889221 0.0118934 0.0152583 0.0186075 0.0215623 0.0237677 0.0249617 0.0250332 0.0240438 0.022203 0.0198088 0.0171742 0.0145633 0.0121555 0.0100397 0.00823235 0.00670637 0.00541842
 1.02029e-16 2.95608e-05 0.000173488 0.000824663 0.00317496 0.00990079 0.0250087 0.0511717 0.0848249 0.113924 0.123989 0.109409 0.078408 0.0459408 0.0226353 0.0105509 0.00649577 0.00669657 0.00882895 0.0118391 0.0152345 0.0186494 0.0217152 0.0240827 0.0254879 0.0258086 0.0250862 0.0235043 0.021333 0.0188606 0.0163345 0.0139277 0.0117337 0.00978267 0.00806722 0.00656579
 1.01856e-16 3.19608e-05 0.000187582 0.000891676 0.003433 0.0107055 0.0270412 0.05533 0.0917161 0.123174 0.134041 0.118243 0.0846614 0.0494482 0.0240717 0.0107303 0.00594425 0.00561282 0.00721901 0.00964563 0.0124132 0.015207 0.0177256 0.0196857 0.0208733 0.0211881 0.0206622 0.0194413 0.0177406 0.0157894 0.0137839 0.0118603 0.0100917 0.00850142 0.00708403 0.00582454
 1.01671e-16 3.13367e-05 0.000183916 0.000874244 0.00336587 0.0104961 0.0265124 0.0542483 0.0899239 0.120769 0.131431 0.115956 0.0830584 0.0485808 0.0237778 0.0108161 0.00629525 0.00620095 0.00806301 0.0107709 0.0138248 0.0168744 0.0195769 0.0216122 0.0227427 0.022866 0.0220341 0.0204315 0.0183223 0.0159843 0.0136521 0.0114858 0.00956514 0.00790662 0.00648878 0.00527649
 1.033e-16 1.9187e-05 0.000112568 0.000535006 0.00205965 0.00642269 0.0162235 0.033198 0.0550388 0.073944 0.0805407 0.0712212 0.0513719 0.0307673 0.0164029 0.009735 0.00881383 0.0112798 0.0156402 0.0211154 0.0271598 0.033192 0.0385619 0.0426442 0.0449703 0.0453311 0.0438173 0.040777 0.0367149 0.0321656 0.0275846 0.0232864 0.0194347 0.0160727 0.0131714 0.0106746
 1.04606e-16 2.63029e-05 0.000154366 0.000733762 0.00282498 0.00880941 0.0222519 0.0455308 0.075474 0.101364 0.110318 0.0973397 0.0697479 0.0408458 0.0200898 0.00931369 0.00568477 0.00586139 0.00780297 0.0106126 0.0139041 0.0174077 0.0208437 0.0239266 0.0264107 0.0281315 0.0290266 0.029127 0.0285284 0.0273538 0.0257239 0.0237419 0.0214952 0.0190643 0.0165336 0.0139945
 1.03477e-16 2.9673e-05 0.00017415 0.000827816 0.00318711 0.0099387 0.0251044 0.0513673 0.0851482 0.114356 0.124452 0.109799 0.0786505 0.0460072 0.0225277 0.0102661 0.00600663 0.00595451 0.00777979 0.0104427 0.0134842 0.0165873 0.0194406 0.0217489 0.0232872 0.0239473 0.0237547 0.0228493 0.0214378 0.0197364 0.0179238 0.0161164 0.014369 0.0126928 0.0110802 0.00952522
pSPR Fmed_Fpbrs
0.451339   0.6 0.325
Fs Fmed_Fpbrs
0.64   0.353644 1.10162
SSBpbr Bo_Bmed_Bpbrs
1.45799e+06  585150  801896 400948
Ro
44355.9
SPR SPRFo_SPRFmed_SPRFpbrs
916136 413488 297744
log_Ro
10.52
likeval ReclasPelacesDesembMPH_pf_preclas_ppelaces_ptallas_desvR_qrecl_qpela
 62.1987 18.9277 0.0107962 0.000720822 334.671 212.797 55.0513 0 16.7949 2.11934e-05 3.24824e-05 1.09122e-15 0 0 0
q_reclas_q_pelaces
0.520818 2.24981
M
0.7
N
 44975.3 12540.6 4683.86 553.834 0.291319
 54842.6 20359.4 3525.94 1316.93 155.799
 30449 25208.7 6288.24 1089.03 454.868
 43703.9 13410.2 5987.06 1493.46 366.675
 77559.5 21168.7 5713.96 2551.03 792.584
 56453.1 38326.1 10199.3 2753.05 1610.99
 96628 26709.6 14137.2 3762.2 1609.76
 90664 46512.7 10953.5 5797.63 2203.02
 112924 42412.7 16003.4 3768.72 2752.74
 121076 52379.9 13852.2 5226.78 2129.94
 64063.5 57028.8 18797 4970.99 2640.03
 42092.8 28596.8 14711.8 4849.1 1963.43
 46268.3 18872 7578.51 3898.81 1805.4
 24760.3 19414 3328.49 1336.63 1006.06
 16186.9 8998.93 1416.22 242.807 170.895
 15947.7 5777.63 587.463 92.4526 27.0071
 11920.8 6973.42 1313.01 133.506 27.1481
 14403.2 5410.77 1993.17 375.289 45.9185
 16225.1 6716.43 1825.63 672.508 142.118
 26114.4 7663 2450.69 666.138 297.242
 33409.3 12316.9 2772.78 886.76 348.59
 42705.4 16200 5283.42 1189.41 529.914
 70352.5 20561.8 6653.89 2170.08 706.185
 100141 33666.1 8132.94 2631.86 1137.67
 46002.8 48034.3 13510.5 3263.81 1512.74
 66713.5 22200.8 20012.2 5628.78 1990.02
 95278.6 32171.8 9207.15 8299.49 3159.68
pred_Ctot
 2875.08 4041.34 1509.42 178.479 0.0938805
 2946.29 5687.37 984.965 367.881 43.5222
 2494.1 9862.09 2460.07 426.047 177.953
 774.567 1381.23 616.658 153.824 37.7669
 273.549 453.69 122.462 54.674 16.9868
 1923.01 7211.11 1919.02 517.992 303.111
 2134.61 3382.6 1790.39 476.458 203.865
 3792.58 10492.5 2470.93 1307.85 496.964
 5374.2 10694.3 4035.22 950.276 694.098
 4497.06 10644.3 2814.95 1062.15 432.833
 4686.49 20454.3 6741.86 1782.93 946.89
 2958.26 9939.2 5113.28 1685.37 682.414
 5209.14 9272.94 3723.77 1915.72 887.102
 4860.72 13185.6 2260.64 907.812 683.295
 3336.43 6253.93 984.218 168.742 118.766
 1380.08 2355.36 239.49 37.69 11.0099
 740.882 2196.62 413.597 42.0541 8.55162
 633.702 1275.26 469.769 88.4519 10.8225
 572.446 1303.96 354.437 130.564 27.5916
 945.806 1522.8 487.006 132.376 59.0683
 566.439 1216.53 273.866 87.5847 34.4299
 935.848 2036.31 664.117 149.507 66.6092
 1842.98 3048.71 986.577 321.76 104.707
 2458.88 4702.72 1136.07 367.636 158.917
 933.451 5619.08 1580.46 381.802 176.961
 1388.52 2659.54 2397.35 674.297 238.394
 2592.55 4939.13 1413.51 1274.17 485.085
F
 0.0925705 0.568823 0.568823 0.568823 0.568823
 0.0772792 0.474862 0.474862 0.474862 0.474862
 0.120035 0.737587 0.737587 0.737587 0.737587
 0.0249163 0.153105 0.153105 0.153105 0.153105
 0.00491491 0.030201 0.030201 0.030201 0.030201
 0.0483856 0.297318 0.297318 0.297318 0.297318
 0.0311424 0.191362 0.191362 0.191362 0.191362
 0.0597138 0.366927 0.366927 0.366927 0.366927
 0.0681887 0.419003 0.419003 0.419003 0.419003
 0.052862 0.324824 0.324824 0.324824 0.324824
 0.10658 0.654907 0.654907 0.654907 0.654907
 0.102197 0.627979 0.627979 0.627979 0.627979
 0.168462 1.03516 1.03516 1.03516 1.03516
 0.312137 1.91801 1.91801 1.91801 1.91801
 0.330208 2.02905 2.02905 2.02905 2.02905
 0.127209 0.781671 0.781671 0.781671 0.781671
 0.0898948 0.552382 0.552382 0.552382 0.552382
 0.0628934 0.386465 0.386465 0.386465 0.386465
 0.0501541 0.308185 0.308185 0.308185 0.308185
 0.0515158 0.316552 0.316552 0.316552 0.316552
 0.0238244 0.146395 0.146395 0.146395 0.146395
 0.0308894 0.189808 0.189808 0.189808 0.189808
 0.0370254 0.227512 0.227512 0.227512 0.227512
 0.0346682 0.213028 0.213028 0.213028 0.213028
 0.0285727 0.175573 0.175573 0.175573 0.175573
 0.0293174 0.180148 0.180148 0.180148 0.180148
 0.0384828 0.236467 0.236467 0.236467 0.236467
Np
 33007.3 15474.2 15873.9 4397.25 1697.21
YTP_r0W_actual
 31528.7 151917 63202.1 72756.6 30738.3
YTP_p0W_proyectada
 10922.4 214984 86572.2 31640.5 44058.3
 10922.4 73070.1 108966 38548 16510.9
CTP_r0_actual
 3844.96 7033.18 2012.8 1814.38 690.748
CTP_p0_proyectada
 1332.01 9952.98 2757.08 789.04 990.074
 1332.01 3382.87 3470.26 961.296 371.032
Wmedp
 8.2 21.6 31.4 40.1 44.5
nmprior
 10.8 10.6 4.6 0
nm_flota  nm_reclas  nm_pelaces    nm_pelaL
inf 17.7674 16.4571 50.4538
cv_recla  cv_pelaces  cv_mph
0.683001 0.476585 0.717546
 ------------------------------------------------
Talla a la edad & desviaci?n 
 7.2 14.2025 17.0495 18.207 18.6776
 1.08 2.13037 2.55742 2.73105 2.80164
