years
 1997 1998 1999 2000 2001 2002 2003 2004 2005 2006 2007 2008 2009 2010 2011 2012 2013 2014 2015 2016 2017 2018 2019 2020 2021 2022 2023
reclasobs
 0 0 0 370054 412103 1.49427e+06 250295 1.28982e+06 931140 785840 897777 1.04006e+06 184774 17550 25797 100020 73551 82996 120727 218422 84188 347160 605670 569463 516374 1.08416e+06 1.01767e+06
reclaspred
 8.48062e+06 1.53603e+06 1.78712e+06 260589 224016 350847 651968 656743 663246 853153 992261 732063 370525 142283 77580.2 80771.8 82344.5 110046 146780 146126 207191 240434 374702 480531 825188 701625 323483
pelacesobs
 0 0 0 0 0 0 0 0 0 2.06254e+06 1.5e+06 0 1.87456e+06 323000 250000 174000 83755 137374 0 501740 490994 745055 786931 1.00524e+06 1.33801e+06 1.41789e+06 0
pelacespred
 1.58636e+07 7.86914e+06 1.56868e+06 508837 673774 602898 2.05288e+06 1.88196e+06 1.68006e+06 2.45884e+06 2.19199e+06 1.61934e+06 920048 291754 163948 165278 172267 250394 321378 283374 553598 580312 662407 1.06885e+06 1.70895e+06 1.38644e+06 462728
mphobs
 0 0 0 0 0 0 112323 0 153150 637223 0 255016 313432 73983 77613 109348 50772 17779 17303 59886 28197 0 207744 136588 643089 65757 70829
mphpred
 1.48306e+06 617180 234708 67565.8 42028.7 157764 176211 339127 299299 317951 450315 301023 173564 102378 44407.3 32443.4 25934.8 33774.8 51063.3 42839.9 58611.3 92263.7 99721.7 153076 240692 165584 139684
desembarqueobs
 350755 77701 442110 56441 14545 235359 269955 359681 431902 328805 639364 411747 362871 311530 167758 66681 60226 58785 57116 73181 50977 67692 138656 160484 209506 203330 245020
desembarquepred
 350744 77678 441471 56398.9 14541.2 235115 269818 358980 431239 328415 637999 410882 361987 310899 167188 66582.9 60173.2 58677.8 57018.6 73063.2 50949.2 67597.1 138486 160323 209254 202969 244658
Reclutas
 5648.1 7823.08 934.351 3140.46 39866.2 11282.5 64948.2 55652 59967 115307 63477.9 48857.4 57992.8 28885 12042.4 9005.26 6836.3 8762.77 7587.28 8099.68 15310.8 16578.5 26959.6 47985.5 11157 31513.4 921.206
log_desv_Rt
 -1.04093 -0.715167 -2.84015 -1.62788 0.913284 -0.34899 1.40135 1.24687 1.32155 1.97535 1.37845 1.11666 1.28807 0.591079 -0.28381 -0.574436 -0.849998 -0.601732 -0.745771 -0.68042 -0.0436839 0.0358648 0.522095 1.09865 -0.360178 0.678169 -2.85432
SSB
 1.72459e+06 717692 272931 78569.2 48873.3 183456 194989 386595 332619 357352 523651 350046 214213 129199 60786.8 44499.3 38775.8 45809.8 62051.1 58190.8 70565.9 100756 114657 161903 292853 219042 168246
BT
 2.12807e+06 851233 388410 122620 240242 287453 1.02436e+06 915043 928855 1.10249e+06 1.12332e+06 792560 672769 388349 194838 102129 99638.2 123606 115934 125668 196876 170840 242621 409815 435459 449168 253105
Ftot
 0.160426 0.279088 1.34166 1.24497 0.397669 1.73989 1.9668 1.74846 2.1719 1.49597 1.89705 1.85035 3.21311 4.95303 4.95303 2.32703 2.2495 1.82243 1.20916 1.65785 0.923248 0.944984 1.27791 1.21779 0.783829 1.2246 2.02999
BD_Bspro_t
 0.977302 0.833392 0.55851 0.168358 0.208503 0.540359 0.373753 0.475665 0.38548 0.364809 0.41873 0.268145 0.18322 0.130594 0.0745386 0.0678275 0.0823894 0.134059 0.214801 0.245817 0.313064 0.45708 0.444513 0.457359 0.529218 0.381369 0.316817
BD_Bspro
 5.22042 2.17249 0.826179 0.237833 0.147942 0.555332 0.590241 1.17025 1.00686 1.08172 1.58512 1.05961 0.648436 0.391091 0.184005 0.134702 0.117376 0.138669 0.187832 0.176147 0.213607 0.304995 0.347072 0.490089 0.886482 0.663053 0.509291
BD_Bo
 3.0246 1.2587 0.47867 0.137796 0.0857146 0.321748 0.341973 0.678016 0.583351 0.626729 0.918386 0.613915 0.37569 0.22659 0.106609 0.0780433 0.0680054 0.0803418 0.108826 0.102056 0.123759 0.176708 0.201086 0.283947 0.513609 0.384159 0.295073
BD_Brms
 5.49927 2.28854 0.87031 0.250538 0.155845 0.584996 0.62177 1.23276 1.06064 1.13951 1.66979 1.11621 0.683073 0.411982 0.193834 0.141897 0.123646 0.146076 0.197866 0.185556 0.225017 0.321287 0.365612 0.516268 0.933834 0.698471 0.536496
S_f
 0.0738799 0.827079 0.996525 0.999942 0.999999
 0.0738799 0.827079 0.996525 0.999942 0.999999
 0.0738799 0.827079 0.996525 0.999942 0.999999
 0.0738799 0.827079 0.996525 0.999942 0.999999
 0.0738799 0.827079 0.996525 0.999942 0.999999
 0.0738799 0.827079 0.996525 0.999942 0.999999
 0.0738799 0.827079 0.996525 0.999942 0.999999
 0.0738799 0.827079 0.996525 0.999942 0.999999
 0.0738799 0.827079 0.996525 0.999942 0.999999
 0.0738799 0.827079 0.996525 0.999942 0.999999
 0.0738799 0.827079 0.996525 0.999942 0.999999
 0.0738799 0.827079 0.996525 0.999942 0.999999
 0.0738799 0.827079 0.996525 0.999942 0.999999
 0.0738799 0.827079 0.996525 0.999942 0.999999
 0.0738799 0.827079 0.996525 0.999942 0.999999
 0.0738799 0.827079 0.996525 0.999942 0.999999
 0.0738799 0.827079 0.996525 0.999942 0.999999
 0.0738799 0.827079 0.996525 0.999942 0.999999
 0.0738799 0.827079 0.996525 0.999942 0.999999
 0.0738799 0.827079 0.996525 0.999942 0.999999
 0.0738799 0.827079 0.996525 0.999942 0.999999
 0.0738799 0.827079 0.996525 0.999942 0.999999
 0.0738799 0.827079 0.996525 0.999942 0.999999
 0.0738799 0.827079 0.996525 0.999942 0.999999
 0.0738799 0.827079 0.996525 0.999942 0.999999
 0.0738799 0.827079 0.996525 0.999942 0.999999
 0.0738799 0.827079 0.996525 0.999942 0.999999
Scru_reclas
 0.0813673 0.308323 0.691677 0.918633 0.982704
 0.0813673 0.308323 0.691677 0.918633 0.982704
 0.0813673 0.308323 0.691677 0.918633 0.982704
 0.0813673 0.308323 0.691677 0.918633 0.982704
 0.0813673 0.308323 0.691677 0.918633 0.982704
 0.0813673 0.308323 0.691677 0.918633 0.982704
 0.0813673 0.308323 0.691677 0.918633 0.982704
 0.0813673 0.308323 0.691677 0.918633 0.982704
 0.0813673 0.308323 0.691677 0.918633 0.982704
 0.0813673 0.308323 0.691677 0.918633 0.982704
 0.0813673 0.308323 0.691677 0.918633 0.982704
 0.0813673 0.308323 0.691677 0.918633 0.982704
 0.0813673 0.308323 0.691677 0.918633 0.982704
 0.0813673 0.308323 0.691677 0.918633 0.982704
 0.0813673 0.308323 0.691677 0.918633 0.982704
 0.0813673 0.308323 0.691677 0.918633 0.982704
 0.0813673 0.308323 0.691677 0.918633 0.982704
 0.0813673 0.308323 0.691677 0.918633 0.982704
 0.0813673 0.308323 0.691677 0.918633 0.982704
 0.0813673 0.308323 0.691677 0.918633 0.982704
 0.0813673 0.308323 0.691677 0.918633 0.982704
 0.0813673 0.308323 0.691677 0.918633 0.982704
 0.0813673 0.308323 0.691677 0.918633 0.982704
 0.0813673 0.308323 0.691677 0.918633 0.982704
 0.0813673 0.308323 0.691677 0.918633 0.982704
 0.0813673 0.308323 0.691677 0.918633 0.982704
 0.0813673 0.308323 0.691677 0.918633 0.982704
Scru_pelaces
 0.167242 0.502661 0.835701 0.962404 0.992297
 0.167242 0.502661 0.835701 0.962404 0.992297
 0.167242 0.502661 0.835701 0.962404 0.992297
 0.167242 0.502661 0.835701 0.962404 0.992297
 0.167242 0.502661 0.835701 0.962404 0.992297
 0.167242 0.502661 0.835701 0.962404 0.992297
 0.167242 0.502661 0.835701 0.962404 0.992297
 0.167242 0.502661 0.835701 0.962404 0.992297
 0.167242 0.502661 0.835701 0.962404 0.992297
 0.167242 0.502661 0.835701 0.962404 0.992297
 0.167242 0.502661 0.835701 0.962404 0.992297
 0.167242 0.502661 0.835701 0.962404 0.992297
 0.167242 0.502661 0.835701 0.962404 0.992297
 0.167242 0.502661 0.835701 0.962404 0.992297
 0.167242 0.502661 0.835701 0.962404 0.992297
 0.167242 0.502661 0.835701 0.962404 0.992297
 0.167242 0.502661 0.835701 0.962404 0.992297
 0.167242 0.502661 0.835701 0.962404 0.992297
 0.167242 0.502661 0.835701 0.962404 0.992297
 0.167242 0.502661 0.835701 0.962404 0.992297
 0.167242 0.502661 0.835701 0.962404 0.992297
 0.167242 0.502661 0.835701 0.962404 0.992297
 0.167242 0.502661 0.835701 0.962404 0.992297
 0.167242 0.502661 0.835701 0.962404 0.992297
 0.167242 0.502661 0.835701 0.962404 0.992297
 0.167242 0.502661 0.835701 0.962404 0.992297
 0.167242 0.502661 0.835701 0.962404 0.992297
pf_obs 
 0.256992 0.487395 0.22802 0.0275931 0
 0.321318 0.546541 0.124235 0.00734118 0.000564706
 0.182869 0.594174 0.210203 0.0122559 0.00049798
 0.330522 0.361315 0.267642 0.0388342 0.00168674
 0.649043 0.306663 0.0425973 0.00169635 0
 0.582887 0.30429 0.105238 0.00758474 0
 0.465427 0.430635 0.0974691 0.00646863 0
 0.296916 0.608066 0.0921331 0.00288517 0
 0.311714 0.524322 0.152257 0.0117073 0
 0.15457 0.633149 0.183074 0.0267441 0.00246327
 0.131901 0.49318 0.331252 0.0422183 0.00144891
 0.196976 0.569456 0.194076 0.0375587 0.00193317
 0.518974 0.381816 0.0799577 0.0180837 0.00116848
 0.0928022 0.601141 0.25162 0.0475244 0.00691264
 0.122501 0.610282 0.24278 0.0234846 0.000952079
 0.383417 0.481906 0.127806 0.00687128 0
 0.0376549 0.599619 0.316969 0.0457579 0
 0.0361596 0.667082 0.258105 0.0386534 0
 0.158088 0.579412 0.248529 0.0139706 0
 0.0477256 0.309471 0.559284 0.082774 0.000745712
 0.0406174 0.521527 0.379366 0.0568643 0.0016247
 0.151134 0.462217 0.34131 0.0453401 0
 0.294876 0.26143 0.354403 0.0886775 0.000613685
 0.281977 0.475581 0.204845 0.0348837 0.00271318
 0.0841818 0.532909 0.334909 0.0458182 0.00218182
 0.115287 0.27431 0.454777 0.147771 0.00785563
 0 0 0 0 0
pf_pred 
 0.00716321 0.636849 0.314455 0.0415315 1.69685e-06
 0.0196486 0.0711688 0.623585 0.252385 0.0332124
 0.00702592 0.214992 0.0687072 0.487077 0.222198
 0.12268 0.12653 0.209722 0.0480658 0.493002
 0.682333 0.239783 0.0147194 0.0177237 0.0454411
 0.0769639 0.890576 0.0257897 0.00126496 0.00540524
 0.575524 0.28083 0.140172 0.00276432 0.000709563
 0.223107 0.757756 0.014304 0.00471726 0.000115962
 0.259635 0.645259 0.0935034 0.0012005 0.000402609
 0.365043 0.579616 0.0505544 0.00470671 7.99962e-05
 0.148837 0.786057 0.0610138 0.00374094 0.000351799
 0.180701 0.670081 0.141411 0.00732046 0.000487177
 0.32112 0.581065 0.0851094 0.0120465 0.000659952
 0.245859 0.727566 0.0243205 0.00196463 0.000289863
 0.239791 0.745505 0.0144819 0.000203087 1.85006e-05
 0.263919 0.720621 0.0153329 0.000125045 1.88029e-06
 0.216868 0.720394 0.0619032 0.00082766 6.78906e-06
 0.290812 0.635137 0.0701684 0.00383131 5.11879e-05
 0.188925 0.737056 0.0686283 0.00510998 0.000280575
 0.21511 0.634164 0.140452 0.00953028 0.000744034
 0.305475 0.598042 0.0829125 0.0126516 0.000918809
 0.195488 0.701059 0.0922343 0.00964799 0.00157064
 0.267149 0.5813 0.136415 0.0135026 0.00163344
 0.307094 0.60533 0.0736966 0.0125018 0.00137849
 0.0492332 0.842614 0.0978487 0.00867904 0.0016247
 0.250283 0.321854 0.389557 0.0346725 0.00363267
 0.00883471 0.868995 0.0621361 0.0546895 0.00534473
pobs_RECLAS
 0 0 0 0 0
 0 0 0 0 0
 0 0 0 0 0
 0 0 0 0 0
 0.835266 0.146461 0.0176864 0.000547809 3.91292e-05
 0.385257 0.428462 0.181853 0.0044286 0
 0.867414 0.0963971 0.0333333 0.00285562 0
 0.441836 0.489002 0.0689373 0.000224442 0
 0.779404 0.147425 0.0564933 0.0165055 0.000172143
 0.814271 0.122319 0.05973 0.00367925 0
 0.40263 0.566651 0.0304383 0.000280538 0
 0.475488 0.404961 0.113038 0.00651328 0
 0.955842 0.0263864 0.0167828 0.000988607 0
 0.975058 0.0227948 0.00214734 0 0
 0.738997 0.206755 0.0527124 0.00153531 0
 0.850938 0.134255 0.0134407 0.00136685 0
 0.542534 0.407297 0.0501686 0 0
 0.764087 0.199537 0.0359546 0.000420521 0
 0.470689 0.182191 0.310203 0.0369168 0
 0.84361 0.089868 0.0606195 0.00523954 0.000663233
 0.607945 0.314616 0.071237 0.00620181 0
 0.523733 0.453247 0.0230204 0 0
 0.530135 0.295979 0.169645 0.0042399 0
 0.562478 0.366248 0.0663022 0.0049721 0
 0.250443 0.683176 0.0655157 0.000865301 0
 0.195077 0.31981 0.436473 0.0351445 0.0134964
 0.565238 0.351407 0.0832357 0.000118908 0
ppred_RECLAS
 0.0158595 0.473597 0.434574 0.0759659 3.32001e-06
 0.0295363 0.0356975 0.580219 0.310798 0.0437492
 0.0110674 0.103056 0.0592495 0.55554 0.271087
 0.175042 0.0555313 0.166212 0.0503878 0.552827
 0.827469 0.0963171 0.0109443 0.0174401 0.04783
 0.218028 0.731027 0.0374254 0.00242699 0.0110932
 0.793261 0.108717 0.0948694 0.00247299 0.000679002
 0.492494 0.484129 0.0161499 0.00704163 0.00018516
 0.540254 0.365924 0.0917081 0.00155601 0.000558186
 0.641946 0.30461 0.0474908 0.00584714 0.000106303
 0.36762 0.550696 0.0749937 0.00607827 0.000611422
 0.40318 0.426815 0.158394 0.0108397 0.000771637
 0.653707 0.269525 0.0640942 0.0119727 0.000701583
 0.672869 0.310451 0.0148519 0.00157923 0.000249214
 0.667346 0.323479 0.0089931 0.000166005 1.61749e-05
 0.570347 0.414369 0.0151184 0.000162907 2.62025e-06
 0.492761 0.440838 0.0652383 0.00115258 1.01129e-05
 0.5693 0.356308 0.0693165 0.00500356 7.15067e-05
 0.411751 0.496024 0.083516 0.00822562 0.000483114
 0.447272 0.386184 0.151789 0.0136184 0.00113727
 0.551326 0.342951 0.0868312 0.0175298 0.00136179
 0.407405 0.463285 0.111235 0.0153941 0.00268069
 0.50229 0.334973 0.141774 0.0185614 0.00240185
 0.563221 0.342495 0.0753759 0.0169136 0.0019949
 0.127489 0.701963 0.14949 0.0175446 0.00351316
 0.420682 0.16677 0.364788 0.0429469 0.0048131
 0.0276464 0.756869 0.0943067 0.109709 0.0114686
pobs_PELACES
 0 0 0 0 0
 0 0 0 0 0
 0 0 0 0 0
 0 0 0 0 0
 0 0 0 0 0
 0 0 0 0 0
 0 0 0 0 0
 0 0 0 0 0
 0 0 0 0 0
 0 0 0 0 0
 0.450072 0.473896 0.0757376 0.000293798 0
 0 0 0 0 0
 0.463077 0.371075 0.160297 0.00555027 0
 0.529543 0.364841 0.0842815 0.0213345 0
 0.631943 0.363953 0.00410389 0 0
 0.735681 0.248677 0.0153453 0.000297389 0
 0.695825 0.281241 0.0229344 0 0
 0.275771 0.60734 0.115278 0.00161068 0
 0 0 0 0 0
 0.896147 0.0623911 0.0374545 0.00400742 0
 0.803859 0.145111 0.0509908 3.86294e-05 0
 0.739449 0.233085 0.0266225 0.000797448 4.60066e-05
 0.878498 0.100942 0.0204185 0.000141795 0
 0.694673 0.275183 0.0284847 0.00165964 0
 0.469039 0.446079 0.0841089 0.000773354 0
 0.822795 0.102175 0.0682046 0.00682512 0
 0 0 0 0 0
ppred_PELACES
 0.0241403 0.549437 0.370302 0.0561177 2.36387e-06
 0.0552661 0.0494296 0.586195 0.272182 0.0369277
 0.0299868 0.158673 0.0627207 0.509157 0.239462
 0.366627 0.0677023 0.140079 0.03677 0.388822
 0.888742 0.0743316 0.0061218 0.00845502 0.0223494
 0.356737 0.615642 0.0211928 0.00118934 0.00523942
 0.903832 0.0602606 0.0349122 0.000787369 0.00020836
 0.657642 0.332034 0.00744405 0.00280882 7.11846e-05
 0.732252 0.229286 0.0377164 0.000553527 0.000191378
 0.775154 0.201151 0.0213766 0.00227828 3.99209e-05
 0.551277 0.408767 0.0371021 0.00260191 0.000252256
 0.598836 0.317455 0.0787272 0.00466193 0.000319853
 0.852874 0.125496 0.0184799 0.00298241 0.000168435
 0.900881 0.0962587 0.00258718 0.000237209 3.60764e-05
 0.897635 0.100764 0.00157386 2.50507e-05 2.35235e-06
 0.751364 0.242817 0.00576456 5.3719e-05 8.3275e-07
 0.69179 0.28065 0.0271418 0.000414739 3.50721e-06
 0.735677 0.232177 0.030231 0.0018883 2.60092e-05
 0.556351 0.393609 0.0459036 0.00391491 0.000221614
 0.631279 0.286324 0.076019 0.0059029 0.000475106
 0.677848 0.265869 0.0473772 0.00828489 0.000620318
 0.54043 0.385414 0.0650504 0.00779772 0.00130875
 0.661467 0.254677 0.0743741 0.008431 0.0010515
 0.703033 0.250534 0.0381726 0.00741698 0.00084315
 0.192197 0.690795 0.10435 0.0106098 0.00204766
 0.616271 0.142928 0.216362 0.0220566 0.00238246
 0.0610178 0.799982 0.0659453 0.0663678 0.0066867
pobs_pel_tallas
 0 0 0 0 0 0 0 0 0 0 0 0 0 0 0 0 0 0 0 0 0 0 0 0 0 0 0 0 0 0 0 0 0 0 0 0
 0 0 0 0 0 0 0 0 0 0 0 0 0 0 0 0 0 0 0 0 0 0 0 0 0 0 0 0 0 0 0 0 0 0 0 0
 0 0 0 0 0 0 0 0 0 0 0 0 0 0 0 0 0 0 0 0 0 0 0 0 0 0 0 0 0 0 0 0 0 0 0 0
 0 0 0 0 0 0 0 0 0 0 0 0 0 0 0 0 0 0 0 0 0 0 0 0 0 0 0 0 0 0 0 0 0 0 0 0
 0 0 0 0 0 0 0 0 0 0 0 0 0 0 0 0 0 0 0 0 0 0 0 0 0 0 0 0 0 0 0 0 0 0 0 0
 0 0 0 0 0 0 0 0 0 0 0 0 0 0 0 0 0 0 0 0 0 0 0 0 0 0 0 0 0 0 0 0 0 0 0 0
 0 0 0 0 0 0 0 0 0 0 0 0 0 0 0 0 0 0 0 0 0 0 0 0 0 0 0 0 0 0 0 0 0 0 0 0
 0 0 0 0 0 0 0 0 0 0 0 0 0 0 0 0 0 0 0 0 0 0 0 0 0 0 0 0 0 0 0 0 0 0 0 0
 0 0 0 0 0 0 0 0 0 0 0 0 0 0 0 0 0 0 0 0 0 0 0 0 0 0 0 0 0 0 0 0 0 0 0 0
 0 0 0 0 0 0 0 0 0 0 0 0 0 0 0 0 0 0 0 0 0 0 0 0 0 0 0 0 0 0 0 0 0 0 0 0
 0 0 0 0 0 0 0 0 1.78061e-05 0.00172719 0.00360574 0.0105946 0.0120993 0.0124554 0.0147524 0.0171206 0.0266825 0.0428682 0.0675386 0.121331 0.153587 0.119568 0.100827 0.0573624 0.0630603 0.0341343 0.0324427 0.0444173 0.0211091 0.0280891 0.0125444 0.00206551 0 0 0 0
 0 0 0 0 0 0 0 0 0 0 0 0 0 0 0 0 0 0 0 0 0 0 0 0 0 0 0 0 0 0 0 0 0 0 0 0
 0 0 0 0 0 0 0.0133647 0.0140871 0.0187388 0.0205184 0.03894 0.0496705 0.03968 0.0493445 0.0407372 0.0367815 0.0215668 0.0243155 0.0234873 0.0199281 0.019796 0.0243948 0.0301388 0.0376714 0.0412746 0.0863199 0.0771752 0.113111 0.0741005 0.0525337 0.0229764 0.00759418 0.00175318 0 0 0
 0 0 0 0 0 0 0 0 0 0 0.00219441 0.00772107 0.0458388 0.0604681 0.0671733 0.0775358 0.0609151 0.0617685 0.073594 0.0568108 0.0755445 0.0548602 0.0670107 0.0636378 0.0643287 0.046367 0.0373049 0.0286899 0.0247887 0.0153202 0.00654259 0.00121912 0.000365735 0 0 0
 0 0 0 0 0 0 0 0 0 0 0 0 0.000112435 0.00938835 0.0111873 0.0202946 0.0414886 0.0713402 0.111592 0.104902 0.108894 0.110636 0.117776 0.105296 0.107544 0.0401394 0.0192827 0.0124803 0.00416011 0.0028671 0.000618394 0 0 0 0 0
 0 0 0 0 0 0 0 0 0 0 0.00291406 0.0102884 0.027416 0.0768956 0.0749926 0.110853 0.0956884 0.0897413 0.0766577 0.0534642 0.0500743 0.0551293 0.0594112 0.0620874 0.0668451 0.0424026 0.0208742 0.0120726 0.0048766 0.00582813 0.00118941 0.000297354 0 0 0 0
 0 0.00264628 0.0354308 0.0461629 0.0458689 0.0383711 0.0214643 0.0164657 0.0346957 0.0420465 0.0363128 0.0245516 0.0311673 0.0291091 0.0169068 0.0133784 0.00837989 0.0085269 0.0148486 0.0160247 0.0276389 0.0546898 0.0760071 0.122758 0.109233 0.0665981 0.0333725 0.0166128 0.00676272 0.00308733 0.000882094 0 0 0 0 0
 0 0 0 0 0 0 0 0.000805153 0.000690131 0.00759144 0.0133425 0.0154129 0.00931677 0.000345066 0.00356568 0.00563607 0.00851162 0.0253048 0.0502646 0.0516448 0.0657925 0.0565908 0.0611916 0.0827007 0.0866115 0.110766 0.145733 0.0935128 0.0569358 0.0249597 0.0138026 0.00621118 0.00161031 0.00115022 0 0
 0 0 0 0 0 0 0 0 0 0 0 0 0 0 0 0 0 0 0 0 0 0 0 0 0 0 0 0 0 0 0 0 0 0 0 0
 0.00147267 0.00158595 0.00478618 0.00569244 0.00954404 0.0108468 0.00647125 0.017049 0.0510054 0.094081 0.124002 0.0959785 0.0687766 0.0820023 0.061753 0.0591476 0.0492212 0.0479892 0.0443925 0.0268479 0.0217502 0.0140895 0.0121071 0.0120363 0.00920419 0.00665534 0.0049561 0.00860946 0.00930331 0.0156896 0.0114698 0.00855282 0.00243557 0.00046729 0 2.83206e-05
 0 0 0 0 0.000772559 0.00158375 0.000888443 0.00281984 0.00712685 0.0440552 0.0773331 0.111326 0.0921469 0.0852325 0.0710754 0.0886704 0.0786465 0.0553345 0.0373146 0.0185414 0.00753245 0.00457741 0.012979 0.0271748 0.0457355 0.0583668 0.034881 0.0177882 0.00938659 0.00492506 0.0015258 0.00185414 0.000309023 5.79419e-05 3.86279e-05 0
 0 0.00173294 0.00326652 0 0.00397197 0.00683976 0.00946217 0.0152591 0.00757587 0.0136028 0.0228656 0.0392903 0.0559909 0.0764795 0.0681675 0.0726916 0.0566044 0.0477403 0.0527397 0.0444891 0.0609904 0.0582453 0.0661739 0.0445044 0.0529084 0.0360697 0.0280645 0.0235558 0.0158879 0.00826598 0.00280645 0.00217768 0.000904811 0.00058276 9.20147e-05 0
 0 0 0 0 0 0 0 0 0 0 0 0 0 0 0 0 0 0 0 0 0 0 0 0 0 0 0 0 0 0 0 0 0 0 0 0
 0 0 0 0 0 0 0 0 0 0 0 0 0 0 0 0 0 0 0 0 0 0 0 0 0 0 0 0 0 0 0 0 0 0 0 0
 0 0 0 0 0 0 0 0 0 0 0 0 0 0 0 0 0 0 0 0 0 0 0 0 0 0 0 0 0 0 0 0 0 0 0 0
 0 0 0 0 0 0 0 0 0 0 0 0 0 0 0 0 0 0 0 0 0 0 0 0 0 0 0 0 0 0 0 0 0 0 0 0
 0 0 0 0 0 0 0 0 0 0 0 0 0 0 0 0 0 0 0 0 0 0 0 0 0 0 0 0 0 0 0 0 0 0 0 0
ppred_pel_tallas
 1.07364e-16 1.08842e-06 6.29869e-06 2.97555e-05 0.00011425 0.00035599 0.000899808 0.00184572 0.00307703 0.00418553 0.00469494 0.00447512 0.00393272 0.00376988 0.00459437 0.00675535 0.0104232 0.0156898 0.0225553 0.030839 0.0401048 0.0496602 0.0586426 0.0661735 0.0715354 0.0743119 0.0744509 0.0722281 0.0681377 0.0627516 0.056599 0.0500981 0.0435451 0.0371409 0.0310326 0.0253426
 1.19416e-16 2.4256e-06 1.41946e-05 6.73943e-05 0.000259339 0.000808568 0.00204239 0.00417987 0.0069323 0.00932131 0.0101738 0.00904669 0.00663669 0.00420511 0.00268246 0.00232792 0.00300388 0.00455642 0.00697359 0.0103548 0.0148272 0.0204765 0.027298 0.0351623 0.0437936 0.0527675 0.0615307 0.0694484 0.075874 0.0802346 0.0821165 0.081332 0.0779534 0.0723027 0.064902 0.0563915
 1.29627e-16 1.32563e-06 7.73199e-06 3.66596e-05 0.000140985 0.000439481 0.00111022 0.00227316 0.00377403 0.0050868 0.00558403 0.00504128 0.00386234 0.00277001 0.00232105 0.00271864 0.00395324 0.00599556 0.00886602 0.0126041 0.0172185 0.0226593 0.0288175 0.0355396 0.0426457 0.0499387 0.0571979 0.0641615 0.0705096 0.0758636 0.0798133 0.0819722 0.0820487 0.0799111 0.0756308 0.0694855
 1.21442e-16 1.60015e-05 9.38993e-05 0.000446325 0.00171833 0.00535838 0.0135348 0.0276941 0.0459065 0.061653 0.0670954 0.0591943 0.0423989 0.024799 0.0121466 0.00556326 0.00334328 0.00349053 0.00482696 0.00690212 0.00960701 0.0129242 0.0168298 0.0212668 0.0261393 0.0313103 0.0365979 0.0417718 0.0465572 0.0506485 0.0537382 0.0555562 0.055913 0.0547346 0.0520808 0.0481427
 1.01447e-16 3.87689e-05 0.000227562 0.00108177 0.00416494 0.0129881 0.0328066 0.0671257 0.111264 0.149413 0.162558 0.143311 0.102419 0.0594334 0.0282098 0.0113445 0.00454428 0.00278011 0.00298528 0.00385426 0.00493005 0.00602443 0.00700714 0.00776747 0.0082264 0.00835285 0.00816925 0.00774221 0.00716236 0.00652025 0.00588647 0.00530155 0.00477648 0.00430128 0.00385666 0.0034247
 1.00788e-16 1.5593e-05 9.14494e-05 0.000434563 0.00167285 0.00521641 0.0131768 0.0269657 0.0447145 0.0600982 0.0655249 0.0580974 0.0422417 0.0259707 0.0150648 0.0108213 0.0117642 0.0160406 0.0224136 0.0300995 0.0383624 0.0463173 0.0529692 0.0573881 0.0589205 0.0573504 0.0529543 0.0464245 0.0386948 0.0307237 0.0233061 0.0169621 0.0119158 0.00814633 0.00547658 0.00366301
 1.00553e-16 3.94265e-05 0.000231424 0.00110013 0.00423563 0.0132085 0.0333635 0.0682649 0.113152 0.151947 0.165312 0.145731 0.104132 0.0603943 0.0286041 0.0113964 0.00440073 0.0025005 0.00257939 0.00331821 0.004267 0.00525348 0.00616458 0.00690178 0.00738832 0.00758297 0.00748651 0.00713722 0.00659796 0.00593957 0.00522645 0.00450805 0.00381713 0.00317273 0.00258516 0.00206023
 1.00314e-16 2.87024e-05 0.000168439 0.000800638 0.00308243 0.0096122 0.0242799 0.0496812 0.0823573 0.110619 0.120417 0.106315 0.0763186 0.0449725 0.0226321 0.0113378 0.00802754 0.00905542 0.0121457 0.0162052 0.0206295 0.024892 0.0284468 0.0307913 0.0315744 0.0306816 0.028265 0.0247016 0.0204985 0.0161755 0.0121636 0.00874409 0.00603725 0.00403018 0.00262465 0.00168626
 1.00639e-16 3.19517e-05 0.000187524 0.000891393 0.00343189 0.010702 0.0270325 0.0553125 0.0916884 0.12314 0.134015 0.118243 0.0847137 0.0495828 0.0243305 0.0111707 0.00663931 0.00664304 0.00865644 0.0115319 0.014736 0.0178806 0.0205842 0.0224938 0.0233546 0.0230678 0.0217132 0.0195227 0.0168195 0.013941 0.0111729 0.00870889 0.00664345 0.00498864 0.00370365 0.00272417
 1.0045e-16 3.38212e-05 0.000198503 0.000943592 0.00363288 0.0113288 0.0286157 0.0585516 0.0970563 0.130346 0.141846 0.125128 0.0895926 0.05233 0.0254762 0.011355 0.00627946 0.00590161 0.00754474 0.0100085 0.0127637 0.0154545 0.0177436 0.0193231 0.0199735 0.0196151 0.0183267 0.016321 0.0138904 0.0113379 0.0089171 0.00679758 0.00505755 0.00369989 0.00267935 0.00192987
 1.00762e-16 2.40675e-05 0.000141221 0.000671226 0.00258413 0.00805825 0.0203548 0.0416509 0.0690494 0.0927566 0.101004 0.089251 0.0642336 0.0381825 0.0198285 0.0109418 0.00901472 0.011033 0.0150941 0.0202304 0.0258188 0.0312422 0.0358342 0.0389724 0.040214 0.0394013 0.0366996 0.0325485 0.0275489 0.022322 0.0173876 0.0130916 0.00959158 0.00688954 0.00488781 0.00344554
 1.01397e-16 2.61378e-05 0.000153383 0.000729064 0.00280685 0.00875283 0.0221092 0.0452397 0.0749953 0.100733 0.109661 0.0968323 0.0695412 0.0410397 0.0207677 0.0105973 0.00775712 0.00894538 0.0121061 0.0162551 0.0208443 0.0253851 0.0293588 0.0322742 0.0337682 0.0336875 0.0321199 0.0293608 0.0258318 0.0219788 0.0181834 0.0147104 0.0116975 0.00917802 0.00711826 0.00545482
 1.00414e-16 3.7207e-05 0.000218388 0.00103814 0.00399695 0.0124642 0.0314834 0.0644186 0.106779 0.143394 0.156023 0.13758 0.0983899 0.05723 0.0274166 0.011465 0.00527751 0.00404282 0.00481627 0.00631915 0.00805896 0.00977634 0.0112542 0.0122987 0.0127709 0.0126178 0.0118835 0.0106955 0.00923042 0.00767238 0.0061763 0.00484655 0.00373291 0.0028402 0.00214477 0.00161078
 1.00079e-16 3.92992e-05 0.000230673 0.00109655 0.00422186 0.0131655 0.033255 0.0680432 0.112786 0.151457 0.164787 0.145287 0.103854 0.0603121 0.0287129 0.011695 0.00491246 0.00326939 0.0036517 0.00472028 0.00598488 0.00721843 0.00824894 0.00892861 0.00915522 0.00889545 0.00819326 0.00715786 0.00593631 0.00467949 0.00351257 0.00251748 0.00172947 0.00114515 0.000736278 0.000464012
 1.00057e-16 3.91578e-05 0.000229843 0.00109261 0.00420666 0.0131181 0.0331352 0.0677982 0.11238 0.150913 0.164196 0.144768 0.103489 0.0601117 0.0286394 0.0117028 0.00497377 0.00337575 0.00380556 0.00492645 0.00624506 0.00752821 0.00859663 0.0092959 0.00951945 0.00923313 0.00848397 0.00738741 0.00609858 0.0047764 0.00355257 0.00251305 0.0016945 0.00109267 0.000677024 0.000405766
 1.00163e-16 3.27855e-05 0.000192419 0.000914659 0.00352146 0.0109813 0.0277381 0.0567563 0.0940818 0.126355 0.137514 0.121333 0.0869311 0.0508885 0.0249848 0.0114916 0.00685273 0.00686384 0.00892594 0.01185 0.0150737 0.0181833 0.0207739 0.0224771 0.0230357 0.0223663 0.0205807 0.0179553 0.0148623 0.0116832 0.00873461 0.00622366 0.00423931 0.0027726 0.00175161 0.00107737
 1.00492e-16 3.01894e-05 0.000177174 0.000842173 0.00324236 0.010111 0.0255396 0.0522585 0.0866277 0.116349 0.126639 0.111771 0.0801538 0.0470693 0.0233861 0.0112226 0.00733178 0.00786256 0.0104261 0.0139074 0.0177397 0.0214663 0.0246236 0.0267829 0.0276393 0.027084 0.0252297 0.0223774 0.0189395 0.0153425 0.0119439 0.008982 0.00656638 0.00469972 0.00331611 0.00231964
 1.00571e-16 3.21011e-05 0.000188401 0.000895562 0.00344794 0.0107521 0.0271589 0.0555713 0.0921174 0.123716 0.134642 0.118797 0.0851117 0.049818 0.0244498 0.0112315 0.00668269 0.00668998 0.00871456 0.0116011 0.0148102 0.0179488 0.0206306 0.0224994 0.0233001 0.0229375 0.0214981 0.0192232 0.0164459 0.0135128 0.010715 0.00824848 0.00620571 0.0045937 0.00336471 0.00244711
 1.00925e-16 2.42882e-05 0.000142518 0.000677394 0.00260788 0.00813233 0.0205419 0.0420336 0.0696833 0.0936066 0.101925 0.0900551 0.0647906 0.0384701 0.0198985 0.0108549 0.00880199 0.0106943 0.0146142 0.0195959 0.0250307 0.0303236 0.034833 0.0379582 0.0392687 0.0386064 0.0361218 0.0322283 0.0274947 0.0225112 0.0177731 0.0136121 0.0101827 0.00749332 0.00545859 0.00395269
 1.01398e-16 2.75511e-05 0.000161684 0.000768533 0.00295883 0.00922677 0.0233062 0.0476888 0.0790538 0.10618 0.115579 0.10203 0.0732141 0.0430862 0.0215797 0.0106465 0.00734402 0.00817685 0.0109771 0.0147274 0.0188945 0.0230296 0.0266633 0.029352 0.0307661 0.0307641 0.0294204 0.0269959 0.0238654 0.0204259 0.0170183 0.0138797 0.0111354 0.00881818 0.0069022 0.00533561
 1.01073e-16 2.95809e-05 0.000173602 0.000825199 0.00317701 0.00990718 0.0250249 0.0512051 0.0848814 0.114003 0.124084 0.109513 0.078527 0.0460997 0.0228785 0.010938 0.00709629 0.00758248 0.010062 0.013453 0.0172153 0.0209193 0.0241275 0.0264315 0.0275341 0.0273174 0.0258679 0.0234468 0.02042 0.0171699 0.0140196 0.0111885 0.00878371 0.00682043 0.00525575 0.00402209
 1.01379e-16 2.35937e-05 0.000138441 0.000658013 0.00253326 0.00789964 0.0199542 0.040831 0.0676897 0.0909291 0.0990114 0.0874838 0.062948 0.037391 0.0193684 0.0106124 0.00866256 0.0105661 0.0144655 0.0194274 0.024863 0.0301945 0.0347954 0.038075 0.0396041 0.0392148 0.037037 0.0334546 0.029004 0.024245 0.0196508 0.0155417 0.0120735 0.00926618 0.00705376 0.00533308
 1.01478e-16 2.88662e-05 0.000169407 0.000805257 0.00310023 0.00966775 0.0244201 0.0499676 0.0828299 0.111248 0.121085 0.106865 0.076627 0.0449817 0.0223198 0.0106665 0.00691908 0.00740166 0.00984264 0.0131955 0.0169442 0.0206807 0.0239867 0.0264665 0.0278246 0.0279302 0.0268429 0.0247867 0.0220863 0.0190874 0.0160872 0.0132939 0.0108195 0.00869678 0.00690888 0.0054174
 1.00918e-16 3.06784e-05 0.000180047 0.000855842 0.003295 0.0102751 0.0259543 0.0531065 0.0880326 0.118233 0.128682 0.113555 0.0813932 0.0477164 0.0235581 0.011058 0.0069037 0.00717499 0.00944832 0.0126102 0.0161215 0.0195697 0.0225411 0.0246515 0.0256235 0.02535 0.0239176 0.0215785 0.018683 0.015596 0.0126249 0.00997657 0.00774985 0.00595482 0.00454555 0.00345243
 1.02167e-16 8.42159e-06 4.93394e-05 0.000234351 0.00090195 0.00281238 0.00710457 0.014542 0.0241246 0.0324577 0.0354762 0.0316629 0.0234733 0.0153295 0.010486 0.00980756 0.0126632 0.018173 0.0256876 0.0346475 0.0443388 0.0538042 0.0619345 0.0676746 0.0702604 0.0693989 0.0653339 0.0587667 0.0506715 0.0420634 0.033798 0.0264525 0.0203038 0.0153803 0.0115528 0.00862391
 1.03988e-16 2.68913e-05 0.000157822 0.000750201 0.00288829 0.00900684 0.0227506 0.0465508 0.0771638 0.103631 0.112777 0.0994902 0.0712476 0.0416415 0.0203283 0.00917032 0.00525981 0.00517541 0.00683776 0.00935296 0.0123662 0.0156546 0.0189875 0.0221172 0.0248114 0.0268873 0.0282326 0.0288068 0.0286285 0.0277559 0.0262708 0.0242707 0.021868 0.0191898 0.0163761 0.01357
 1.0379e-16 2.70579e-06 1.5773e-05 7.4751e-05 0.000287415 0.000895946 0.00226397 0.00463864 0.00771275 0.0104296 0.0115383 0.0106266 0.00858644 0.00698738 0.00708353 0.00940828 0.0140146 0.0207989 0.029564 0.0398926 0.0510295 0.0618872 0.0711936 0.0777425 0.0806693 0.0796582 0.0750136 0.0675641 0.0584432 0.0488175 0.0396537 0.0315835 0.024883 0.0195413 0.0153724 0.012125
pSPR Fmed_Fpbrs
0.501633   0.6 0.325
Fs Fmed_Fpbrs
0.64   0.421496 1.45757
SSBpbr Bo_Bmed_Bpbrs
570186  257515  313603 156801
Ro
15994.5
SPR SPRFo_SPRFmed_SPRFpbrs
330354 165717 107365
log_Ro
9.5
likeval ReclasPelacesDesembMPH_pf_preclas_ppelaces_ptallas_desvR_qrecl_qpela
 75.3533 12.4991 0.328351 0.000445938 417.549 227.367 59.1914 0 56.0051 0.000201253 0.000501357 4.80552e-16 0 0 0
q_reclas_q_pelaces
7.4653 24.181
M
0.7
N
 5648.1 47283 19604.9 2581.07 0.105449
 7823.08 2771.72 20562.4 8297.15 1091.8
 934.351 3805.54 1092.69 7731.84 3527.05
 3140.46 420.2 623.005 142.508 1461.63
 39866.2 1422.46 74.5178 89.4704 229.379
 11282.5 19223.8 508.386 24.8971 106.384
 64948.2 4926.91 2263.98 44.5851 11.4441
 55652 27890.4 480.95 158.366 3.89293
 59967 24287 3261.43 41.8201 14.0248
 115307 25364.1 2000.93 185.967 3.16064
 63477.9 51268.5 3654.83 223.765 21.0424
 48857.4 27399.9 5301.92 274.061 18.2383
 57992.8 21161.9 2945.12 416.506 22.8175
 28885 22712.9 736.904 59.4989 8.77845
 12042.4 9948.23 187.567 2.62909 0.2395
 9005.26 4147.5 82.1543 0.669193 0.0100624
 6836.3 3765.53 300.553 4.01348 0.0329208
 8762.77 2875 290.943 15.8622 0.21192
 7587.28 3803.31 316.243 23.5006 1.29031
 8099.68 3445.75 694.754 47.0663 3.67439
 15310.8 3558.51 434.295 66.12 4.8017
 16578.5 7101.82 823.447 85.9431 13.9905
 26959.6 7677.5 1614.1 159.461 19.2897
 47985.5 12181.6 1324.93 224.318 24.7333
 11157 21778.6 2209.39 195.5 36.5957
 31513.4 5228.67 5655.57 502.386 52.6338
 921.206 14295.4 943.006 828.861 81.0016
pred_Ctot
 47.8916 4257.82 2102.37 277.67 0.0113447
 114.953 416.368 3648.24 1476.56 194.307
 63.7744 1951.49 623.657 4421.21 2016.89
 199.524 205.786 341.087 78.1729 801.806
 831.486 292.198 17.937 21.598 55.3742
 986.029 11409.7 330.407 16.2061 69.2496
 6370.19 3108.37 1551.5 30.597 7.8538
 4886.31 16595.7 313.273 103.314 2.5397
 6452.79 16036.8 2323.87 29.8364 10.0062
 8732.24 13865.1 1209.32 112.59 1.9136
 6018.5 31785.7 2467.21 151.272 14.2257
 4525 16779.7 3541.12 183.314 12.1996
 8934.31 16166.6 2367.95 335.162 18.3614
 6500.93 19238 643.074 51.948 7.66447
 2710.29 8426.24 163.684 2.29544 0.209107
 1033.14 2820.95 60.0223 0.489503 0.00736062
 760.038 2524.7 216.946 2.90062 0.023793
 800.042 1747.3 193.037 10.5402 0.140821
 468.716 1828.61 170.264 12.6777 0.696097
 676.257 1993.66 441.548 29.961 2.33907
 728.88 1426.96 197.833 30.1874 2.19232
 807.244 2894.94 380.871 39.8403 6.48576
 1756.29 3821.56 896.816 88.7688 10.7385
 2984.72 5883.35 716.276 121.508 13.3979
 452.962 7752.35 900.242 79.8502 14.9478
 1970.67 2534.21 3067.28 273.003 28.6028
 93.0684 9154.34 654.567 576.122 56.3036
F
 0.0118523 0.132685 0.159869 0.160417 0.160426
 0.020619 0.230828 0.278118 0.279071 0.279087
 0.0991217 1.10966 1.337 1.34158 1.34166
 0.0919785 1.02969 1.24065 1.2449 1.24497
 0.0293798 0.328904 0.396288 0.397646 0.397669
 0.128543 1.43903 1.73384 1.73979 1.73989
 0.145307 1.6267 1.95997 1.96669 1.9668
 0.129176 1.44612 1.74239 1.74836 1.74846
 0.16046 1.79633 2.16435 2.17177 2.1719
 0.110522 1.23729 1.49077 1.49588 1.49597
 0.140154 1.56901 1.89045 1.89694 1.89704
 0.136704 1.53039 1.84392 1.85025 1.85035
 0.237384 2.6575 3.20195 3.21293 3.21311
 0.365929 4.09655 4.93582 4.95274 4.95303
 0.365929 4.09655 4.93582 4.95274 4.95303
 0.17192 1.92463 2.31894 2.32689 2.32702
 0.166193 1.86052 2.24169 2.24937 2.2495
 0.134641 1.5073 1.8161 1.82233 1.82243
 0.0893323 1.00007 1.20495 1.20909 1.20915
 0.122482 1.37117 1.65209 1.65775 1.65785
 0.0682094 0.763599 0.92004 0.923194 0.923247
 0.0698153 0.781577 0.9417 0.944929 0.944983
 0.0944117 1.05693 1.27347 1.27783 1.27791
 0.0899702 1.00721 1.21356 1.21772 1.21779
 0.0579092 0.648289 0.781106 0.783784 0.783829
 0.0904731 1.01284 1.22034 1.22453 1.2246
 0.149975 1.67896 2.02294 2.02987 2.02999
Np
 11176.5 5379.94 137.978 432.119 26.7538
YTP_r0W_actual
 166.861 66681.8 7481.39 8421.61 913.363
YTP_p0W_proyectada
 2024.45 1836.65 10507.4 629.32 649.385
 2024.45 25095 1094.66 4390.53 301.672
CTP_r0_actual
 20.3489 3087.12 238.261 210.015 20.525
CTP_p0_proyectada
 246.884 85.0302 334.63 15.6938 14.5929
 246.884 1161.81 34.8617 109.489 6.77914
Wmedp
 8.2 21.6 31.4 40.1 44.5
nmprior
 10.8 10.6 4.6 0
nm_flota  nm_reclas  nm_pelaces    nm_pelaL
inf 18.6083 15.158 44.9674
cv_recla  cv_pelaces  cv_mph
0.751764 0.387284 0.564382
 ------------------------------------------------
Talla a la edad & desviaci?n 
 7.2 14.2025 17.0495 18.207 18.6776
 1.08 2.13037 2.55742 2.73105 2.80164
