years
 1997 1998 1999 2000 2001 2002 2003 2004 2005 2006 2007 2008 2009 2010 2011 2012 2013 2014 2015 2016 2017 2018 2019 2020 2021 2022 2023
reclasobs
 0 0 0 370054 412103 1.49427e+06 250295 1.28982e+06 931140 785840 897777 1.04006e+06 184774 17550 25797 100020 73551 82996 120727 218422 84188 347160 605670 569463 516374 1.08416e+06 1.01767e+06
reclaspred
 743100 171179 398558 214524 327982 414025 891903 653516 743482 841145 768252 523666 308279 121154 70491.7 70129.5 81216.2 108838 122505 156180 239466 235677 394830 524232 715349 666477 523331
pelacesobs
 0 0 0 0 0 0 0 0 0 2.06254e+06 1.5e+06 0 1.87456e+06 323000 250000 174000 83755 137374 0 501740 490994 745055 786931 1.00524e+06 1.33801e+06 1.41789e+06 0
pelacespred
 2.53327e+06 596217 663820 641961 924229 788335 2.42329e+06 1.91784e+06 2.0806e+06 2.38167e+06 1.74758e+06 1.2204e+06 771577 243260 155275 153360 183479 256540 275439 355516 649475 575166 780794 1.22041e+06 1.53597e+06 1.51731e+06 1.11956e+06
mphobs
 0 0 0 0 0 0 112323 0 153150 637223 0 255016 313432 73983 77613 109348 50772 17779 17303 59886 28197 0 207744 136588 643089 65757 70829
mphpred
 251714 129202 128867 99593 101040 175662 244131 328736 297841 332873 371552 250168 144697 81059.1 33629.6 27581.8 27695.9 36748.2 50100.3 52260.4 82651.2 80873.9 95212.5 143334 199398 190088 164312
desembarqueobs
 350755 77701 442110 56441 14545 235359 269955 359681 431902 328805 639364 411747 362871 311530 167758 66681 60226 58785 57116 73181 50977 67692 138656 160484 209506 203330 245020
desembarquepred
 350748 77689.7 441972 56441.7 14545.1 235427 270006 359552 431833 328742 638998 411606 362747 311467 167488 66661.5 60243.7 58761.2 57087.5 73164.6 50976.3 67669.9 138643 160473 209456 203279 244973
Reclutas
 33270.5 43098.3 15518 21285.2 45618.7 30567.2 68788.6 67014 88345.8 116306 63296.4 45105.5 52371.5 27747.7 14452.4 11713.4 8489.48 10275.9 10606.1 15655.3 21646.3 26138.1 43372.6 63046.9 26278.8 37274.5 36559.6
log_desv_Rt
 0.0724254 0.331239 -0.690242 -0.374231 0.388072 -0.0123164 0.798794 0.772657 1.04901 1.32398 0.715584 0.376759 0.526118 -0.10909 -0.761385 -0.971515 -1.29342 -1.10244 -1.07081 -0.681438 -0.35741 -0.168851 0.337584 0.711635 -0.163483 0.186064 0.1667
SSB
 507241 260362 259686 200695 203610 353985 476357 653219 583033 654672 748732 504125 304531 164829 73043 59588.9 62722.6 77973.9 98847.5 110085 161646 204003 248406 353756 546192 539513 435876
BT
 1.52448e+06 390019 548240 346200 440337 518667 1.37977e+06 1.27864e+06 1.39689e+06 1.433e+06 1.35438e+06 928196 723990 403974 213156 126958 134279 167957 169797 222556 343060 309649 444549 684541 813306 828630 692256
Ftot
 0.636019 0.656843 1.23674 0.359711 0.0696851 0.659919 0.465023 0.764921 0.860737 0.580375 1.00056 0.978866 1.65097 2.92826 3.05727 1.24997 0.996211 0.760868 0.590415 0.649496 0.297149 0.366516 0.454818 0.426988 0.342684 0.387965 0.583304
BD_Bspro_t
 0.921627 0.651387 0.546806 0.316929 0.441774 0.634819 0.562386 0.601856 0.534783 0.515988 0.5157 0.350236 0.247643 0.167192 0.0914549 0.0913363 0.129964 0.210359 0.303496 0.383723 0.507521 0.629665 0.63668 0.648117 0.678595 0.609151 0.555085
BD_Bspro
 0.793597 0.407345 0.406288 0.313994 0.318556 0.553823 0.745279 1.02199 0.912176 1.02426 1.17142 0.788723 0.47645 0.257882 0.114279 0.093229 0.0981319 0.121993 0.154651 0.172232 0.252901 0.31917 0.388641 0.553465 0.854538 0.844088 0.681945
BD_Bo
 0.633779 0.325312 0.324468 0.250761 0.254404 0.442291 0.595191 0.816173 0.728478 0.817989 0.935514 0.629886 0.3805 0.205948 0.0912646 0.0744541 0.0783696 0.0974256 0.123506 0.137547 0.201971 0.254894 0.310374 0.442006 0.682447 0.674102 0.544612
BD_Brms
 1.15233 0.591477 0.589942 0.455929 0.462552 0.804166 1.08217 1.48395 1.32451 1.48725 1.70093 1.14525 0.691819 0.374451 0.165936 0.135371 0.14249 0.177138 0.224557 0.250085 0.36722 0.463443 0.564317 0.803647 1.24081 1.22564 0.990204
S_f
 0.13283 1 1 1 1
 0.13283 1 1 1 1
 0.13283 1 1 1 1
 0.13283 1 1 1 1
 0.13283 1 1 1 1
 0.13283 1 1 1 1
 0.13283 1 1 1 1
 0.13283 1 1 1 1
 0.13283 1 1 1 1
 0.13283 1 1 1 1
 0.13283 1 1 1 1
 0.13283 1 1 1 1
 0.13283 1 1 1 1
 0.13283 1 1 1 1
 0.13283 1 1 1 1
 0.13283 1 1 1 1
 0.13283 1 1 1 1
 0.13283 1 1 1 1
 0.13283 1 1 1 1
 0.13283 1 1 1 1
 0.13283 1 1 1 1
 0.13283 1 1 1 1
 0.13283 1 1 1 1
 0.13283 1 1 1 1
 0.13283 1 1 1 1
 0.13283 1 1 1 1
 0.13283 1 1 1 1
Scru_reclas
 0.411169 0.778476 0.946483 0.98889 0.997772
 0.411169 0.778476 0.946483 0.98889 0.997772
 0.411169 0.778476 0.946483 0.98889 0.997772
 0.411169 0.778476 0.946483 0.98889 0.997772
 0.411169 0.778476 0.946483 0.98889 0.997772
 0.411169 0.778476 0.946483 0.98889 0.997772
 0.411169 0.778476 0.946483 0.98889 0.997772
 0.411169 0.778476 0.946483 0.98889 0.997772
 0.411169 0.778476 0.946483 0.98889 0.997772
 0.411169 0.778476 0.946483 0.98889 0.997772
 0.411169 0.778476 0.946483 0.98889 0.997772
 0.411169 0.778476 0.946483 0.98889 0.997772
 0.411169 0.778476 0.946483 0.98889 0.997772
 0.411169 0.778476 0.946483 0.98889 0.997772
 0.411169 0.778476 0.946483 0.98889 0.997772
 0.411169 0.778476 0.946483 0.98889 0.997772
 0.411169 0.778476 0.946483 0.98889 0.997772
 0.411169 0.778476 0.946483 0.98889 0.997772
 0.411169 0.778476 0.946483 0.98889 0.997772
 0.411169 0.778476 0.946483 0.98889 0.997772
 0.411169 0.778476 0.946483 0.98889 0.997772
 0.411169 0.778476 0.946483 0.98889 0.997772
 0.411169 0.778476 0.946483 0.98889 0.997772
 0.411169 0.778476 0.946483 0.98889 0.997772
 0.411169 0.778476 0.946483 0.98889 0.997772
 0.411169 0.778476 0.946483 0.98889 0.997772
 0.411169 0.778476 0.946483 0.98889 0.997772
Scru_pelaces
 0.729175 1 1 1 1
 0.729175 1 1 1 1
 0.729175 1 1 1 1
 0.729175 1 1 1 1
 0.729175 1 1 1 1
 0.729175 1 1 1 1
 0.729175 1 1 1 1
 0.729175 1 1 1 1
 0.729175 1 1 1 1
 0.729175 1 1 1 1
 0.729175 1 1 1 1
 0.729175 1 1 1 1
 0.729175 1 1 1 1
 0.729175 1 1 1 1
 0.729175 1 1 1 1
 0.729175 1 1 1 1
 0.729175 1 1 1 1
 0.729175 1 1 1 1
 0.729175 1 1 1 1
 0.729175 1 1 1 1
 0.729175 1 1 1 1
 0.729175 1 1 1 1
 0.729175 1 1 1 1
 0.729175 1 1 1 1
 0.729175 1 1 1 1
 0.729175 1 1 1 1
 0.729175 1 1 1 1
pf_obs 
 0.256992 0.487395 0.22802 0.0275931 0
 0.321318 0.546541 0.124235 0.00734118 0.000564706
 0.182869 0.594174 0.210203 0.0122559 0.00049798
 0.330522 0.361315 0.267642 0.0388342 0.00168674
 0.649043 0.306663 0.0425973 0.00169635 0
 0.582887 0.30429 0.105238 0.00758474 0
 0.465427 0.430635 0.0974691 0.00646863 0
 0.296916 0.608066 0.0921331 0.00288517 0
 0.311714 0.524322 0.152257 0.0117073 0
 0.15457 0.633149 0.183074 0.0267441 0.00246327
 0.131901 0.49318 0.331252 0.0422183 0.00144891
 0.196976 0.569456 0.194076 0.0375587 0.00193317
 0.518974 0.381816 0.0799577 0.0180837 0.00116848
 0.0928022 0.601141 0.25162 0.0475244 0.00691264
 0.122501 0.610282 0.24278 0.0234846 0.000952079
 0.383417 0.481906 0.127806 0.00687128 0
 0.0376549 0.599619 0.316969 0.0457579 0
 0.0361596 0.667082 0.258105 0.0386534 0
 0.158088 0.579412 0.248529 0.0139706 0
 0.0477256 0.309471 0.559284 0.082774 0.000745712
 0.0406174 0.521527 0.379366 0.0568643 0.0016247
 0.151134 0.462217 0.34131 0.0453401 0
 0.294876 0.26143 0.354403 0.0886775 0.000613685
 0.281977 0.475581 0.204845 0.0348837 0.00271318
 0.0841818 0.532909 0.334909 0.0458182 0.00218182
 0.115287 0.27431 0.454777 0.147771 0.00785563
 0 0 0 0 0
pf_pred 
 0.243073 0.527619 0.204368 0.0249316 8.90133e-06
 0.268493 0.563004 0.117456 0.0454955 0.00555215
 0.112274 0.705124 0.140539 0.0293198 0.0127427
 0.242269 0.490609 0.212176 0.042289 0.0126569
 0.31428 0.508955 0.11445 0.049497 0.0128179
 0.151761 0.662605 0.137781 0.0309833 0.0168695
 0.337228 0.433075 0.179429 0.0373103 0.0129582
 0.231383 0.636959 0.086029 0.0356431 0.00998569
 0.288993 0.547822 0.135233 0.0182649 0.00968748
 0.286958 0.589596 0.0951134 0.0234793 0.00485312
 0.15122 0.681212 0.138558 0.0223521 0.00665827
 0.174729 0.572306 0.203024 0.0412949 0.00864607
 0.30395 0.505673 0.132022 0.0468344 0.0115206
 0.262907 0.656069 0.0588631 0.0153681 0.00679284
 0.309622 0.647185 0.0384456 0.00344937 0.00129863
 0.320629 0.647856 0.0295426 0.00175496 0.000216736
 0.219897 0.681432 0.094094 0.00429073 0.000286366
 0.274249 0.566971 0.138697 0.0191517 0.000931611
 0.233854 0.618943 0.114997 0.0281316 0.00407344
 0.28946 0.537228 0.140013 0.0260139 0.0072852
 0.267292 0.593652 0.105138 0.0274012 0.00651678
 0.226406 0.588614 0.149874 0.0265431 0.00856294
 0.285355 0.518571 0.149189 0.0379867 0.00889793
 0.276355 0.572146 0.109933 0.0316269 0.00993917
 0.0946709 0.706803 0.156964 0.0301593 0.0114033
 0.181095 0.395377 0.330655 0.0734305 0.0194437
 0.185683 0.544724 0.130162 0.108855 0.0305752
pobs_RECLAS
 0 0 0 0 0
 0 0 0 0 0
 0 0 0 0 0
 0 0 0 0 0
 0.835266 0.146461 0.0176864 0.000547809 3.91292e-05
 0.385257 0.428462 0.181853 0.0044286 0
 0.867414 0.0963971 0.0333333 0.00285562 0
 0.441836 0.489002 0.0689373 0.000224442 0
 0.779404 0.147425 0.0564933 0.0165055 0.000172143
 0.814271 0.122319 0.05973 0.00367925 0
 0.40263 0.566651 0.0304383 0.000280538 0
 0.475488 0.404961 0.113038 0.00651328 0
 0.955842 0.0263864 0.0167828 0.000988607 0
 0.975058 0.0227948 0.00214734 0 0
 0.738997 0.206755 0.0527124 0.00153531 0
 0.850938 0.134255 0.0134407 0.00136685 0
 0.542534 0.407297 0.0501686 0 0
 0.764087 0.199537 0.0359546 0.000420521 0
 0.470689 0.182191 0.310203 0.0369168 0
 0.84361 0.089868 0.0606195 0.00523954 0.000663233
 0.607945 0.314616 0.071237 0.00620181 0
 0.523733 0.453247 0.0230204 0 0
 0.530135 0.295979 0.169645 0.0042399 0
 0.562478 0.366248 0.0663022 0.0049721 0
 0.250443 0.683176 0.0655157 0.000865301 0
 0.195077 0.31981 0.436473 0.0351445 0.0134964
 0.565238 0.351407 0.0832357 0.000118908 0
ppred_RECLAS
 0.556559 0.289645 0.136404 0.0173859 6.26306e-06
 0.592842 0.297426 0.0754417 0.0305309 0.00375937
 0.351447 0.491959 0.119214 0.0259852 0.0113949
 0.546384 0.271892 0.142963 0.0297708 0.00899026
 0.632936 0.256828 0.0702178 0.0317281 0.00829021
 0.415903 0.434323 0.109803 0.0257981 0.0141725
 0.659342 0.206269 0.103904 0.0225737 0.0079105
 0.550208 0.358289 0.0588348 0.0254683 0.00719924
 0.622828 0.276287 0.0829223 0.0117015 0.00626207
 0.616251 0.305224 0.059865 0.0154402 0.00322011
 0.42572 0.441243 0.109118 0.0183915 0.00552768
 0.461793 0.348957 0.150508 0.0319848 0.00675693
 0.662738 0.230326 0.0731117 0.0270982 0.00672566
 0.684344 0.27398 0.0298868 0.0081525 0.00363586
 0.739911 0.240474 0.0173682 0.0016281 0.000618458
 0.677429 0.30451 0.0168826 0.00104783 0.000130569
 0.543704 0.387868 0.0651164 0.00310238 0.000208915
 0.603575 0.295302 0.0878296 0.0126711 0.000621909
 0.548377 0.349536 0.078958 0.0201808 0.00294841
 0.61719 0.274267 0.0869062 0.0168703 0.00476697
 0.586058 0.321376 0.0692003 0.0188432 0.0045217
 0.530599 0.338795 0.104881 0.0194071 0.00631706
 0.606411 0.268693 0.093984 0.0250025 0.00590913
 0.598454 0.302804 0.0707375 0.0212625 0.00674203
 0.288135 0.529313 0.142916 0.0286905 0.0109454
 0.44651 0.239012 0.243025 0.0563881 0.0150652
 0.4667 0.329949 0.0958569 0.0837571 0.023737
pobs_PELACES
 0 0 0 0 0
 0 0 0 0 0
 0 0 0 0 0
 0 0 0 0 0
 0 0 0 0 0
 0 0 0 0 0
 0 0 0 0 0
 0 0 0 0 0
 0 0 0 0 0
 0 0 0 0 0
 0.450072 0.473896 0.0757376 0.000293798 0
 0 0 0 0 0
 0.463077 0.371075 0.160297 0.00555027 0
 0.529543 0.364841 0.0842815 0.0213345 0
 0.631943 0.363953 0.00410389 0 0
 0.735681 0.248677 0.0153453 0.000297389 0
 0.695825 0.281241 0.0229344 0 0
 0.275771 0.60734 0.115278 0.00161068 0
 0 0 0 0 0
 0.896147 0.0623911 0.0374545 0.00400742 0
 0.803859 0.145111 0.0509908 3.86294e-05 0
 0.739449 0.233085 0.0266225 0.000797448 4.60066e-05
 0.878498 0.100942 0.0204185 0.000141795 0
 0.694673 0.275183 0.0284847 0.00165964 0
 0.469039 0.446079 0.0841089 0.000773354 0
 0.822795 0.102175 0.0682046 0.00682512 0
 0 0 0 0 0
ppred_PELACES
 0.689273 0.216593 0.0838952 0.0102347 3.65409e-06
 0.718776 0.216444 0.0451554 0.0174905 0.00213449
 0.527418 0.375374 0.0748161 0.0156084 0.00678359
 0.66567 0.216469 0.0936175 0.018659 0.00558452
 0.720368 0.207548 0.0466721 0.0201845 0.00522705
 0.555031 0.347589 0.0722772 0.0162532 0.0088494
 0.767117 0.152172 0.0630472 0.01311 0.00455322
 0.686209 0.260041 0.0351217 0.0145514 0.0040767
 0.754156 0.189419 0.0467594 0.00631541 0.00334962
 0.731271 0.222205 0.035846 0.00884882 0.00182903
 0.587364 0.331172 0.0673602 0.0108665 0.00323693
 0.626385 0.259093 0.0919126 0.018695 0.00391423
 0.822342 0.129067 0.0336969 0.0119539 0.00294049
 0.87647 0.109951 0.00986491 0.00257555 0.00113842
 0.905226 0.0888446 0.00527775 0.000473524 0.000178273
 0.807259 0.183801 0.0083814 0.000497892 6.14892e-05
 0.692127 0.268931 0.0371348 0.00169336 0.000113016
 0.732667 0.208845 0.0510895 0.00705457 0.000343162
 0.674464 0.262989 0.0488624 0.0119531 0.00173081
 0.738817 0.197476 0.0514666 0.00956229 0.00267792
 0.689521 0.251556 0.0445513 0.0116111 0.00276144
 0.646277 0.269142 0.0685292 0.0121367 0.00391538
 0.720295 0.202964 0.0583913 0.0148676 0.00348256
 0.709105 0.229995 0.0441915 0.0127136 0.00399541
 0.392899 0.473972 0.105258 0.0202244 0.00764693
 0.58184 0.201892 0.168843 0.037496 0.0099286
 0.60685 0.262991 0.062842 0.0525549 0.0147616
pobs_pel_tallas
 0 0 0 0 0 0 0 0 0 0 0 0 0 0 0 0 0 0 0 0 0 0 0 0 0 0 0 0 0 0 0 0 0 0 0 0
 0 0 0 0 0 0 0 0 0 0 0 0 0 0 0 0 0 0 0 0 0 0 0 0 0 0 0 0 0 0 0 0 0 0 0 0
 0 0 0 0 0 0 0 0 0 0 0 0 0 0 0 0 0 0 0 0 0 0 0 0 0 0 0 0 0 0 0 0 0 0 0 0
 0 0 0 0 0 0 0 0 0 0 0 0 0 0 0 0 0 0 0 0 0 0 0 0 0 0 0 0 0 0 0 0 0 0 0 0
 0 0 0 0 0 0 0 0 0 0 0 0 0 0 0 0 0 0 0 0 0 0 0 0 0 0 0 0 0 0 0 0 0 0 0 0
 0 0 0 0 0 0 0 0 0 0 0 0 0 0 0 0 0 0 0 0 0 0 0 0 0 0 0 0 0 0 0 0 0 0 0 0
 0 0 0 0 0 0 0 0 0 0 0 0 0 0 0 0 0 0 0 0 0 0 0 0 0 0 0 0 0 0 0 0 0 0 0 0
 0 0 0 0 0 0 0 0 0 0 0 0 0 0 0 0 0 0 0 0 0 0 0 0 0 0 0 0 0 0 0 0 0 0 0 0
 0 0 0 0 0 0 0 0 0 0 0 0 0 0 0 0 0 0 0 0 0 0 0 0 0 0 0 0 0 0 0 0 0 0 0 0
 0 0 0 0 0 0 0 0 0 0 0 0 0 0 0 0 0 0 0 0 0 0 0 0 0 0 0 0 0 0 0 0 0 0 0 0
 0 0 0 0 0 0 0 0 1.78061e-05 0.00172719 0.00360574 0.0105946 0.0120993 0.0124554 0.0147524 0.0171206 0.0266825 0.0428682 0.0675386 0.121331 0.153587 0.119568 0.100827 0.0573624 0.0630603 0.0341343 0.0324427 0.0444173 0.0211091 0.0280891 0.0125444 0.00206551 0 0 0 0
 0 0 0 0 0 0 0 0 0 0 0 0 0 0 0 0 0 0 0 0 0 0 0 0 0 0 0 0 0 0 0 0 0 0 0 0
 0 0 0 0 0 0 0.0133647 0.0140871 0.0187388 0.0205184 0.03894 0.0496705 0.03968 0.0493445 0.0407372 0.0367815 0.0215668 0.0243155 0.0234873 0.0199281 0.019796 0.0243948 0.0301388 0.0376714 0.0412746 0.0863199 0.0771752 0.113111 0.0741005 0.0525337 0.0229764 0.00759418 0.00175318 0 0 0
 0 0 0 0 0 0 0 0 0 0 0.00219441 0.00772107 0.0458388 0.0604681 0.0671733 0.0775358 0.0609151 0.0617685 0.073594 0.0568108 0.0755445 0.0548602 0.0670107 0.0636378 0.0643287 0.046367 0.0373049 0.0286899 0.0247887 0.0153202 0.00654259 0.00121912 0.000365735 0 0 0
 0 0 0 0 0 0 0 0 0 0 0 0 0.000112435 0.00938835 0.0111873 0.0202946 0.0414886 0.0713402 0.111592 0.104902 0.108894 0.110636 0.117776 0.105296 0.107544 0.0401394 0.0192827 0.0124803 0.00416011 0.0028671 0.000618394 0 0 0 0 0
 0 0 0 0 0 0 0 0 0 0 0.00291406 0.0102884 0.027416 0.0768956 0.0749926 0.110853 0.0956884 0.0897413 0.0766577 0.0534642 0.0500743 0.0551293 0.0594112 0.0620874 0.0668451 0.0424026 0.0208742 0.0120726 0.0048766 0.00582813 0.00118941 0.000297354 0 0 0 0
 0 0.00264628 0.0354308 0.0461629 0.0458689 0.0383711 0.0214643 0.0164657 0.0346957 0.0420465 0.0363128 0.0245516 0.0311673 0.0291091 0.0169068 0.0133784 0.00837989 0.0085269 0.0148486 0.0160247 0.0276389 0.0546898 0.0760071 0.122758 0.109233 0.0665981 0.0333725 0.0166128 0.00676272 0.00308733 0.000882094 0 0 0 0 0
 0 0 0 0 0 0 0 0.000805153 0.000690131 0.00759144 0.0133425 0.0154129 0.00931677 0.000345066 0.00356568 0.00563607 0.00851162 0.0253048 0.0502646 0.0516448 0.0657925 0.0565908 0.0611916 0.0827007 0.0866115 0.110766 0.145733 0.0935128 0.0569358 0.0249597 0.0138026 0.00621118 0.00161031 0.00115022 0 0
 0 0 0 0 0 0 0 0 0 0 0 0 0 0 0 0 0 0 0 0 0 0 0 0 0 0 0 0 0 0 0 0 0 0 0 0
 0.00147267 0.00158595 0.00478618 0.00569244 0.00954404 0.0108468 0.00647125 0.017049 0.0510054 0.094081 0.124002 0.0959785 0.0687766 0.0820023 0.061753 0.0591476 0.0492212 0.0479892 0.0443925 0.0268479 0.0217502 0.0140895 0.0121071 0.0120363 0.00920419 0.00665534 0.0049561 0.00860946 0.00930331 0.0156896 0.0114698 0.00855282 0.00243557 0.00046729 0 2.83206e-05
 0 0 0 0 0.000772559 0.00158375 0.000888443 0.00281984 0.00712685 0.0440552 0.0773331 0.111326 0.0921469 0.0852325 0.0710754 0.0886704 0.0786465 0.0553345 0.0373146 0.0185414 0.00753245 0.00457741 0.012979 0.0271748 0.0457355 0.0583668 0.034881 0.0177882 0.00938659 0.00492506 0.0015258 0.00185414 0.000309023 5.79419e-05 3.86279e-05 0
 0 0.00173294 0.00326652 0 0.00397197 0.00683976 0.00946217 0.0152591 0.00757587 0.0136028 0.0228656 0.0392903 0.0559909 0.0764795 0.0681675 0.0726916 0.0566044 0.0477403 0.0527397 0.0444891 0.0609904 0.0582453 0.0661739 0.0445044 0.0529084 0.0360697 0.0280645 0.0235558 0.0158879 0.00826598 0.00280645 0.00217768 0.000904811 0.00058276 9.20147e-05 0
 0 0 0 0 0 0 0 0 0 0 0 0 0 0 0 0 0 0 0 0 0 0 0 0 0 0 0 0 0 0 0 0 0 0 0 0
 0 0 0 0 0 0 0 0 0 0 0 0 0 0 0 0 0 0 0 0 0 0 0 0 0 0 0 0 0 0 0 0 0 0 0 0
 0 0 0 0 0 0 0 0 0 0 0 0 0 0 0 0 0 0 0 0 0 0 0 0 0 0 0 0 0 0 0 0 0 0 0 0
 0 0 0 0 0 0 0 0 0 0 0 0 0 0 0 0 0 0 0 0 0 0 0 0 0 0 0 0 0 0 0 0 0 0 0 0
 0 0 0 0 0 0 0 0 0 0 0 0 0 0 0 0 0 0 0 0 0 0 0 0 0 0 0 0 0 0 0 0 0 0 0 0
ppred_pel_tallas
 1.01614e-16 3.00772e-05 0.00017652 0.000839081 0.00323048 0.0100739 0.025446 0.0520663 0.0863076 0.115914 0.126152 0.11131 0.079756 0.0467003 0.0229534 0.0106052 0.00640313 0.00650447 0.00854445 0.0114561 0.0147495 0.018068 0.0210546 0.0233692 0.0247527 0.0250807 0.0243865 0.0228409 0.0207006 0.0182435 0.0157125 0.0132825 0.0110548 0.0090705 0.00733324 0.00583009
 1.01413e-16 3.13635e-05 0.000184072 0.000874985 0.00336872 0.010505 0.0265349 0.0542943 0.0900004 0.120873 0.131545 0.116061 0.0831424 0.0486477 0.0238433 0.0109009 0.0064191 0.00638137 0.00831362 0.0110989 0.0142274 0.0173357 0.020067 0.0220888 0.0231564 0.0231679 0.0221841 0.020405 0.0181138 0.0156076 0.0131371 0.0108721 0.00889652 0.00722478 0.00582933 0.00466647
 1.02038e-16 2.30259e-05 0.000135109 0.000642172 0.00247228 0.00770946 0.0194738 0.0398479 0.0660601 0.0887401 0.0966282 0.0853789 0.0614353 0.0364964 0.0189127 0.0103763 0.00848857 0.0103711 0.0142157 0.0191169 0.0245064 0.0298261 0.0344687 0.0378588 0.0395745 0.0394435 0.0375787 0.0343373 0.0302224 0.025761 0.0213985 0.0174372 0.0140254 0.0111869 0.00886781 0.00698279
 1.02302e-16 2.9048e-05 0.000170478 0.000810354 0.00311987 0.009729 0.0245748 0.0502838 0.083353 0.111947 0.121837 0.107508 0.0770437 0.0451365 0.0222308 0.01035 0.006359 0.00655275 0.00865226 0.0116296 0.0150104 0.0184454 0.0215811 0.0240783 0.0256743 0.0262371 0.0257879 0.0244813 0.0225562 0.0202726 0.0178583 0.0154778 0.0132285 0.0111544 0.00926821 0.00757095
 1.01669e-16 3.14325e-05 0.000184479 0.000876918 0.00337617 0.0105282 0.0265936 0.0544143 0.090199 0.121138 0.131833 0.116309 0.0833095 0.0487236 0.0238401 0.0108315 0.00628593 0.00617615 0.00802388 0.0107153 0.0137499 0.0167779 0.0194579 0.0214713 0.0225827 0.0226912 0.0218504 0.0202459 0.0181421 0.0158163 0.0135022 0.0113581 0.00946197 0.00782806 0.00643307 0.00524038
 1.02112e-16 2.42288e-05 0.000142174 0.000675765 0.00260163 0.00811284 0.0204926 0.0419324 0.0695143 0.093376 0.101665 0.0898021 0.0645591 0.0382338 0.019596 0.0104051 0.00811621 0.00968603 0.0132111 0.0177588 0.0227747 0.0277364 0.0320814 0.0352768 0.036931 0.036882 0.0352308 0.0323034 0.0285601 0.0244837 0.0204818 0.016831 0.0136674 0.0110136 0.00882224 0.00701839
 1.01608e-16 3.34688e-05 0.000196439 0.000933787 0.00359515 0.0112111 0.0283184 0.0579431 0.0960464 0.128986 0.140356 0.123791 0.0885856 0.051642 0.0249564 0.0108136 0.00555252 0.0048668 0.00612001 0.00815838 0.0105153 0.0129136 0.0150992 0.0168331 0.0179318 0.0183041 0.0179669 0.0170312 0.0156669 0.0140582 0.0123658 0.0107051 0.00914317 0.00770889 0.00640889 0.0052415
 1.01274e-16 2.99452e-05 0.000175742 0.000835371 0.00321618 0.0100293 0.0253334 0.0518363 0.0859274 0.115407 0.12561 0.110853 0.0794761 0.0466317 0.0230957 0.0109635 0.00700895 0.00741086 0.00980451 0.0130975 0.0167508 0.0203421 0.0234446 0.0256618 0.0267076 0.026472 0.0250453 0.0226879 0.0197604 0.016637 0.0136302 0.0109482 0.00868708 0.00685217 0.00539299 0.00423715
 1.011e-16 3.29052e-05 0.000193126 0.000918031 0.00353447 0.0110219 0.0278405 0.0569654 0.094427 0.126814 0.138002 0.121736 0.0871608 0.0509037 0.0247716 0.0110258 0.00608093 0.00571075 0.00731809 0.00974563 0.0124918 0.015225 0.0176292 0.0194113 0.0203547 0.0203673 0.0194996 0.0179247 0.0158898 0.013656 0.0114458 0.00941244 0.00763451 0.00612994 0.00487884 0.00384546
 1.00971e-16 3.19086e-05 0.000187272 0.000890195 0.00342728 0.0106876 0.0269962 0.0552382 0.091565 0.122974 0.133832 0.118079 0.0845879 0.0494936 0.0242576 0.0110886 0.00652485 0.00647739 0.00842541 0.0112274 0.0143585 0.0174427 0.0201116 0.0220243 0.0229341 0.0227442 0.0215289 0.0195082 0.0169888 0.0142904 0.0116821 0.00934514 0.00736605 0.00575435 0.00447128 0.00345817
 1.01589e-16 2.5638e-05 0.000150448 0.000715108 0.00275311 0.00858524 0.0216859 0.0443737 0.0735603 0.0988073 0.107569 0.0949958 0.0682457 0.0403222 0.0204912 0.0105972 0.0079295 0.00925412 0.0125535 0.0168524 0.0215946 0.0262738 0.0303507 0.0333165 0.0347983 0.0346437 0.0329532 0.0300434 0.0263608 0.0223738 0.0184793 0.0149478 0.0119139 0.00940061 0.00736145 0.00572042
 1.02215e-16 2.73367e-05 0.000160427 0.000762564 0.00293585 0.00915513 0.0231253 0.0473183 0.0784389 0.105352 0.114673 0.101218 0.0726044 0.0426738 0.0212746 0.0103355 0.00692992 0.00758761 0.0101641 0.0136681 0.0176016 0.0215598 0.0251211 0.027882 0.0295358 0.0299376 0.0291307 0.0273214 0.0248172 0.0219482 0.019 0.0161752 0.0135866 0.0112756 0.00924039 0.00746171
 1.01069e-16 3.58759e-05 0.000210572 0.00100099 0.00385389 0.012018 0.0303565 0.0621129 0.102957 0.138263 0.150443 0.132666 0.0948885 0.0552204 0.0265054 0.0111741 0.00528259 0.00419818 0.00508693 0.00671834 0.00861603 0.0105238 0.0122222 0.0135111 0.0142422 0.0143501 0.0138647 0.0128977 0.0116101 0.0101719 0.00872731 0.00737511 0.00616583 0.00511157 0.00420165 0.00341714
 1.00318e-16 3.82353e-05 0.000224426 0.00106685 0.00410749 0.0128089 0.0323541 0.0662001 0.109731 0.147357 0.16033 0.141367 0.101073 0.0587407 0.0280464 0.0115657 0.00507866 0.00363366 0.00420294 0.00547879 0.00697117 0.00843852 0.00968815 0.010551 0.0109079 0.010716 0.010019 0.00893358 0.00761954 0.00624178 0.00493781 0.00379859 0.002865 0.00213685 0.00158798 0.00118152
 1.00129e-16 3.94883e-05 0.000231784 0.00110184 0.00424221 0.013229 0.0334153 0.0683711 0.113329 0.152186 0.165579 0.14598 0.10434 0.060576 0.0288037 0.0116718 0.00481055 0.00309777 0.00340515 0.00439139 0.00557203 0.00673033 0.00770627 0.00836285 0.0086046 0.00839895 0.00778406 0.00685794 0.00575356 0.00460789 0.00353498 0.00261005 0.00186642 0.00130269 0.000895265 0.000611028
 1.00199e-16 3.52204e-05 0.000206719 0.000982655 0.00378329 0.0117979 0.0298004 0.0609756 0.101074 0.135738 0.147708 0.130284 0.0932502 0.0543981 0.0263551 0.0115287 0.00606652 0.00543033 0.0068296 0.00902209 0.0114774 0.0138581 0.0158534 0.0171832 0.0176511 0.0171916 0.0158858 0.0139391 0.0116294 0.00924237 0.00701562 0.0051054 0.00358017 0.00243564 0.00162082 0.0010646
 1.00679e-16 3.02036e-05 0.000177258 0.000842578 0.00324393 0.0101158 0.025552 0.0522836 0.086669 0.116404 0.126696 0.111815 0.0801726 0.0470546 0.0233313 0.0111182 0.00716317 0.00761214 0.0100777 0.0134524 0.0171828 0.0208305 0.0239511 0.0261323 0.0270777 0.0266759 0.0250255 0.0224045 0.0191972 0.0158038 0.0125611 0.00969614 0.00731701 0.00543319 0.00399105 0.00290931
 1.01052e-16 3.19689e-05 0.000187628 0.000891888 0.0034338 0.010708 0.0270476 0.0553432 0.0917387 0.123206 0.134082 0.118292 0.0847262 0.0495448 0.0242279 0.0109837 0.00633994 0.00619861 0.00803721 0.0107213 0.0137409 0.0167399 0.0193714 0.0213116 0.022322 0.0223014 0.0213064 0.0195298 0.0172465 0.0147472 0.0122798 0.0100158 0.0080439 0.00638482 0.00501662 0.00389888
 1.01271e-16 2.94332e-05 0.000172736 0.000821079 0.00316115 0.00985771 0.0248999 0.0509494 0.0844575 0.113434 0.123464 0.108965 0.078133 0.0458659 0.022758 0.0108732 0.0070457 0.00752367 0.0099854 0.0133565 0.0171024 0.020799 0.0240145 0.0263452 0.0274965 0.0273496 0.0259871 0.0236627 0.0207333 0.017572 0.0144937 0.011712 0.00933123 0.00736672 0.00577829 0.0045029
 1.01249e-16 3.22366e-05 0.0001892 0.000899367 0.0034626 0.0107978 0.0272744 0.0558073 0.0925076 0.124238 0.135202 0.119273 0.0854126 0.0499145 0.0243497 0.0109395 0.00617744 0.00592795 0.00764825 0.0102011 0.0130858 0.0159624 0.0185029 0.0204016 0.0214316 0.0214946 0.0206403 0.0190453 0.0169634 0.0146631 0.0123736 0.0102531 0.0083837 0.00678586 0.0054417 0.00431766
 1.01243e-16 3.00892e-05 0.000176588 0.000839397 0.00323168 0.0100777 0.0254555 0.0520861 0.0863412 0.115962 0.126212 0.11138 0.0798426 0.046825 0.0231513 0.0109234 0.00689668 0.00722989 0.00954854 0.0127608 0.0163354 0.019862 0.0229269 0.0251443 0.0262333 0.0260817 0.0247697 0.0225415 0.0197395 0.0167211 0.0137874 0.0111419 0.00888275 0.00702284 0.0055218 0.00431767
 1.01661e-16 2.82044e-05 0.000165521 0.000786777 0.00302908 0.00944584 0.0238596 0.0488209 0.0809296 0.108697 0.118314 0.10443 0.0749062 0.0440214 0.0219358 0.0106369 0.00710143 0.0077438 0.0103443 0.0138715 0.0178023 0.021711 0.0251572 0.0277255 0.0291074 0.0291701 0.0279829 0.0257882 0.0229339 0.0197876 0.0166627 0.0137753 0.0112372 0.00907492 0.00726275 0.00575308
 1.01569e-16 3.14292e-05 0.000184459 0.000876827 0.00337582 0.0105272 0.0265908 0.0544086 0.0901895 0.121125 0.131818 0.116294 0.0832942 0.0487061 0.0238156 0.0107942 0.00622939 0.00609445 0.00791303 0.010575 0.0135853 0.016601 0.019287 0.0213288 0.0224913 0.0226693 0.021907 0.0203782 0.0183349 0.0160446 0.013736 0.0115678 0.00962358 0.0079268 0.0064646 0.00520995
 1.01326e-16 3.09423e-05 0.000181599 0.000863222 0.00332342 0.0103638 0.0261781 0.0535644 0.0887909 0.11925 0.129783 0.114515 0.0820549 0.0480514 0.0236256 0.0109266 0.00660567 0.0067043 0.00878091 0.0117255 0.015019 0.0182794 0.0211276 0.0232106 0.0242704 0.0242019 0.0230743 0.0211062 0.0186052 0.0158929 0.0132405 0.0108312 0.00875419 0.00702259 0.00560261 0.00444198
 1.02701e-16 1.71643e-05 0.000100687 0.000478507 0.00184209 0.00574421 0.0145098 0.0296922 0.0492298 0.0661496 0.0720772 0.0637991 0.0461536 0.0279127 0.0153733 0.0098857 0.00975243 0.0128939 0.0179728 0.0242415 0.0311059 0.0378914 0.0438368 0.0482144 0.0504876 0.050432 0.0481818 0.0441783 0.0390479 0.0334487 0.0279392 0.0229008 0.018525 0.0148489 0.0118137 0.00932143
 1.04215e-16 2.53921e-05 0.000149016 0.000708324 0.00272704 0.00850395 0.0214804 0.0439524 0.0728585 0.0978546 0.106506 0.0939941 0.0673902 0.0395449 0.0195985 0.00933594 0.00603674 0.00648546 0.00871352 0.0118428 0.0154719 0.0192975 0.0229978 0.0262468 0.0287686 0.0303867 0.0310472 0.0308085 0.0298059 0.0282059 0.0261686 0.0238277 0.0212895 0.0186425 0.0159704 0.0133573
 1.03474e-16 2.64849e-05 0.000155426 0.000738789 0.00284432 0.00886968 0.0224042 0.045843 0.0759938 0.102069 0.111102 0.0980727 0.0703624 0.0413845 0.0206846 0.0101362 0.006909 0.00764463 0.0102663 0.0138103 0.0177867 0.0217924 0.0254075 0.0282329 0.029969 0.0304807 0.0298208 0.0282023 0.0259326 0.0233329 0.0206701 0.0181205 0.0157673 0.0136243 0.0116691 0.00987317
pSPR Fmed_Fpbrs
0.459395   0.6 0.325
Fs Fmed_Fpbrs
0.64   0.36255 1.1546
SSBpbr Bo_Bmed_Bpbrs
800343  327657  440189 220094
Ro
30946
SPR SPRFo_SPRFmed_SPRFpbrs
639166 293630 207729
log_Ro
10.16
likeval ReclasPelacesDesembMPH_pf_preclas_ppelaces_ptallas_desvR_qrecl_qpela
 67.6071 13.8083 0.0227099 0.000584327 339.926 207.871 56.6497 0 17.7805 3.51044e-06 0.000113749 7.04954e-16 0 0 0
q_reclas_q_pelaces
1.30408 4.56014
M
0.7
N
 33270.5 12049 4667.08 569.355 0.203277
 43098.3 15183.2 3167.57 1226.93 149.731
 15518 19613.8 3909.24 815.563 354.452
 21285.2 6538.62 2827.79 563.609 168.685
 45618.7 10076.8 2266 979.989 253.781
 30567.2 22444.8 4667.15 1049.52 571.431
 68788.6 13905.3 5761.18 1197.97 416.068
 67014 32113.3 4337.28 1797 503.444
 88345.8 30063 7421.25 1002.33 531.624
 116306 39131.5 6312.67 1558.32 322.101
 63296.4 53470.8 10875.9 1754.5 522.632
 45105.5 27520.3 9762.76 1985.74 415.761
 52371.5 19667.8 5134.89 1821.59 448.084
 27747.7 20885.7 1873.88 489.235 216.247
 14452.4 9338.94 554.774 49.7747 18.7393
 11713.4 4781.53 218.04 12.9525 1.59963
 8489.48 4926.83 680.31 31.0225 2.07046
 10275.9 3693.23 903.468 124.753 6.06848
 10606.1 4612.35 856.957 209.636 30.3552
 15655.3 4869.58 1269.12 235.797 66.0351
 21646.3 7131.59 1263.03 329.173 78.2866
 26138.1 10333.2 2631.05 465.968 150.324
 43372.6 12363 3556.75 905.624 212.131
 63046.9 20275.5 3895.77 1120.79 352.221
 26278.8 29581.9 6569.43 1262.26 477.266
 37274.5 12469 10427.8 2315.77 613.195
 36559.6 17580.2 4200.81 3513.15 986.773
pred_Ctot
 1947.86 4228.08 1637.7 199.79 0.0713308
 2602.73 5457.67 1138.6 441.026 53.8216
 1706.75 10719 2136.41 445.707 193.709
 716.182 1450.31 627.224 125.012 37.4155
 302.435 489.773 110.137 47.6315 12.3348
 1854.28 8095.97 1683.47 378.566 206.118
 2973.87 3819.11 1582.31 329.024 114.273
 4683.6 12893.2 1741.38 721.478 202.128
 6909.69 13098.2 3233.37 436.706 231.624
 6233.61 12807.8 2066.15 510.043 105.424
 5708.73 25716.6 5230.73 843.82 251.358
 3984.82 13051.9 4630.11 941.762 197.18
 7510.95 12495.8 3262.41 1157.33 284.687
 6575.37 16408.5 1472.18 384.359 169.891
 3550.6 7421.63 440.877 39.5558 14.8921
 1301.1 2628.96 119.882 7.12151 0.8795
 762.531 2362.99 326.287 14.8789 0.993026
 714.545 1477.22 361.37 49.899 2.42728
 577.949 1529.66 284.205 69.5245 10.0671
 935.249 1735.79 452.385 84.0513 23.5386
 603.855 1341.15 237.523 61.9036 14.7224
 895.747 2328.78 592.956 105.015 33.8782
 1835.03 3334.77 959.391 244.281 57.2198
 2508.25 5192.91 997.773 287.052 90.2098
 843.181 6295.1 1397.99 268.612 101.563
 1350.46 2948.4 2465.75 547.585 144.995
 1969.02 5776.38 1380.27 1154.33 324.227
F
 0.0844827 0.636019 0.636019 0.636019 0.636019
 0.0872488 0.656843 0.656843 0.656843 0.656843
 0.164276 1.23674 1.23674 1.23674 1.23674
 0.0477806 0.359711 0.359711 0.359711 0.359711
 0.00925631 0.0696851 0.0696851 0.0696851 0.0696851
 0.0876573 0.659919 0.659919 0.659919 0.659919
 0.0617692 0.465023 0.465023 0.465023 0.465023
 0.101605 0.764921 0.764921 0.764921 0.764921
 0.114332 0.860737 0.860737 0.860737 0.860737
 0.0770914 0.580375 0.580375 0.580375 0.580375
 0.132905 1.00056 1.00056 1.00056 1.00056
 0.130023 0.978866 0.978866 0.978866 0.978866
 0.219299 1.65097 1.65097 1.65097 1.65097
 0.388962 2.92826 2.92826 2.92826 2.92826
 0.406098 3.05727 3.05727 3.05727 3.05727
 0.166034 1.24997 1.24997 1.24997 1.24997
 0.132327 0.996211 0.996211 0.996211 0.996211
 0.101066 0.760868 0.760868 0.760868 0.760868
 0.0784251 0.590415 0.590415 0.590415 0.590415
 0.0862728 0.649496 0.649496 0.649496 0.649496
 0.0394705 0.297149 0.297149 0.297149 0.297149
 0.0486844 0.366516 0.366516 0.366516 0.366516
 0.0604137 0.454818 0.454818 0.454818 0.454818
 0.056717 0.426988 0.426988 0.426988 0.426988
 0.0455189 0.342684 0.342684 0.342684 0.342684
 0.0515335 0.387965 0.387965 0.387965 0.387965
 0.0774805 0.583304 0.583304 0.583304 0.583304
Np
 20793.6 9840.33 5806.13 1683.58 541.314
YTP_r0W_actual
 10164.9 84792.5 29453.9 31457.2 9805.2
YTP_p0W_proyectada
 5781.38 81036.2 34158.7 10423.8 12354.8
 5781.38 47461.6 40709.5 15075 5378.84
CTP_r0_actual
 1239.62 3925.58 938.021 784.469 220.342
CTP_p0_proyectada
 705.046 3751.68 1087.86 259.945 277.636
 705.046 2197.3 1296.48 375.935 120.873
Wmedp
 8.2 21.6 31.4 40.1 44.5
nmprior
 10.8 10.6 4.6 0
nm_flota  nm_reclas  nm_pelaces    nm_pelaL
inf 24.8665 14.0122 40.2817
cv_recla  cv_pelaces  cv_mph
0.712077 0.407062 0.646047
 ------------------------------------------------
Talla a la edad & desviaci?n 
 7.2 14.2025 17.0495 18.207 18.6776
 1.08 2.13037 2.55742 2.73105 2.80164
