years
 1997 1998 1999 2000 2001 2002 2003 2004 2005 2006 2007 2008 2009 2010 2011 2012 2013 2014 2015 2016 2017 2018 2019 2020 2021 2022 2023
reclasobs
 0 0 0 370054 412103 1.49427e+06 250295 1.28982e+06 931140 785840 897777 1.04006e+06 184774 17550 25797 100020 73551 82996 120727 218422 84188 347160 605670 569463 516374 1.08416e+06 1.01767e+06
reclaspred
 555338 138629 327385 203465 331442 420928 918671 655554 748986 818217 724706 502633 297504 118093 70141.9 69987.9 80838.9 108128 121368 158415 242790 236104 398112 525769 713381 690096 595052
pelacesobs
 0 0 0 0 0 0 0 0 0 2.06254e+06 1.5e+06 0 1.87456e+06 323000 250000 174000 83755 137374 0 501740 490994 745055 786931 1.00524e+06 1.33801e+06 1.41789e+06 0
pelacespred
 2.16647e+06 445793 618795 622554 930358 817070 2.46416e+06 1.93274e+06 2.11268e+06 2.30225e+06 1.67054e+06 1.19582e+06 747167 239342 154558 154036 182805 256709 274563 363804 657905 579113 792062 1.22421e+06 1.55411e+06 1.60903e+06 1.3215e+06
mphobs
 0 0 0 0 0 0 112323 0 153150 637223 0 255016 313432 73983 77613 109348 50772 17779 17303 59886 28197 0 207744 136588 643089 65757 70829
mphpred
 191366 101805 107696 91379.7 103220 178539 255174 332136 297854 331265 352933 243118 143136 79097.1 32738.1 27292 27743.6 36926.2 50322.1 53239.2 85366.8 78617.3 93363.6 139669 192959 192576 175417
desembarqueobs
 350755 77701 442110 56441 14545 235359 269955 359681 431902 328805 639364 411747 362871 311530 167758 66681 60226 58785 57116 73181 50977 67692 138656 160484 209506 203330 245020
desembarquepred
 350756 77694.9 442036 56444.1 14545.4 235454 270034 359627 431904 328779 639160 411700 362835 311549 167532 66666.7 60248.2 58771.7 57093.5 73171.5 50978.9 67677.5 138654 160491 209481 203298 244992
Reclutas
 33929.8 41696.1 18239.4 25792.4 49020.8 34260.8 71037.7 68983.4 92597.6 113553 64230.9 45269.3 48869 26302.8 14494.2 12206.4 8768.81 10697.9 11239.6 17079.4 23085.7 28450.2 46298.6 66490.2 30454.9 43009 49057.2
log_desv_Rt
 0.0320495 0.238164 -0.588662 -0.242166 0.4 0.0417567 0.770966 0.74162 1.03602 1.24003 0.670239 0.320385 0.396899 -0.22257 -0.818494 -0.990286 -1.32104 -1.1222 -1.0728 -0.654372 -0.35303 -0.144089 0.342868 0.704809 -0.0759992 0.269165 0.400743
SSB
 424840 226012 239089 202866 229153 396362 548985 727418 642998 718166 783524 539731 331401 175173 77273.6 64021.6 68273.1 85280.5 108326 122159 182238 227688 279440 395906 605672 624468 532293
BT
 1.45346e+06 350672 562962 371763 484674 575963 1.48978e+06 1.37846e+06 1.49793e+06 1.49111e+06 1.40217e+06 970049 737711 409901 218268 133755 142596 179280 183615 244582 376703 342576 490218 747903 907615 953204 855069
Ftot
 1.10681 1.05866 1.94265 0.46687 0.0821672 0.78156 0.510654 0.944549 1.04926 0.732981 1.29861 1.16181 1.95032 3.86637 4.2827 1.73433 1.31934 0.95112 0.744822 0.78737 0.364493 0.434813 0.532853 0.521061 0.414533 0.398693 0.59248
BD_Bspro_t
 0.902441 0.617995 0.523634 0.319496 0.469671 0.659404 0.595883 0.628874 0.562624 0.543543 0.531701 0.371005 0.268 0.179892 0.0988993 0.100527 0.144097 0.230862 0.328614 0.413398 0.542154 0.659499 0.666771 0.676359 0.705504 0.649166 0.608766
BD_Bspro
 0.625971 0.333012 0.35228 0.298908 0.33764 0.58401 0.808888 1.0718 0.94741 1.05816 1.15446 0.795253 0.488295 0.258105 0.113857 0.0943312 0.100595 0.125655 0.15961 0.179993 0.268515 0.335481 0.411734 0.583338 0.892412 0.920107 0.784294
BD_Bo
 0.57644 0.306662 0.324406 0.275257 0.310924 0.5378 0.744884 0.986989 0.872445 0.974436 1.06312 0.732328 0.449658 0.237682 0.104848 0.0868671 0.0926356 0.115712 0.14698 0.165751 0.247268 0.308936 0.379155 0.537181 0.821799 0.847302 0.722236
BD_Brms
 1.04807 0.557567 0.589829 0.500467 0.565315 0.977818 1.35433 1.79453 1.58626 1.7717 1.93294 1.33151 0.817561 0.432149 0.190633 0.15794 0.168428 0.210385 0.267237 0.301365 0.449578 0.561702 0.689373 0.976693 1.49418 1.54055 1.31316
S_f
 0.0855466 0.639956 0.971241 0.998444 0.999918
 0.0855466 0.639956 0.971241 0.998444 0.999918
 0.0855466 0.639956 0.971241 0.998444 0.999918
 0.0855466 0.639956 0.971241 0.998444 0.999918
 0.0855466 0.639956 0.971241 0.998444 0.999918
 0.0855466 0.639956 0.971241 0.998444 0.999918
 0.0855466 0.639956 0.971241 0.998444 0.999918
 0.0855466 0.639956 0.971241 0.998444 0.999918
 0.0855466 0.639956 0.971241 0.998444 0.999918
 0.0855466 0.639956 0.971241 0.998444 0.999918
 0.0855466 0.639956 0.971241 0.998444 0.999918
 0.0855466 0.639956 0.971241 0.998444 0.999918
 0.0855466 0.639956 0.971241 0.998444 0.999918
 0.0855466 0.639956 0.971241 0.998444 0.999918
 0.0855466 0.639956 0.971241 0.998444 0.999918
 0.0855466 0.639956 0.971241 0.998444 0.999918
 0.0855466 0.639956 0.971241 0.998444 0.999918
 0.0855466 0.639956 0.971241 0.998444 0.999918
 0.0855466 0.639956 0.971241 0.998444 0.999918
 0.0855466 0.639956 0.971241 0.998444 0.999918
 0.0855466 0.639956 0.971241 0.998444 0.999918
 0.0855466 0.639956 0.971241 0.998444 0.999918
 0.0855466 0.639956 0.971241 0.998444 0.999918
 0.0855466 0.639956 0.971241 0.998444 0.999918
 0.0855466 0.639956 0.971241 0.998444 0.999918
 0.0855466 0.639956 0.971241 0.998444 0.999918
 0.0855466 0.639956 0.971241 0.998444 0.999918
Scru_reclas
 0.473904 0.819278 0.958009 0.991366 0.998272
 0.473904 0.819278 0.958009 0.991366 0.998272
 0.473904 0.819278 0.958009 0.991366 0.998272
 0.473904 0.819278 0.958009 0.991366 0.998272
 0.473904 0.819278 0.958009 0.991366 0.998272
 0.473904 0.819278 0.958009 0.991366 0.998272
 0.473904 0.819278 0.958009 0.991366 0.998272
 0.473904 0.819278 0.958009 0.991366 0.998272
 0.473904 0.819278 0.958009 0.991366 0.998272
 0.473904 0.819278 0.958009 0.991366 0.998272
 0.473904 0.819278 0.958009 0.991366 0.998272
 0.473904 0.819278 0.958009 0.991366 0.998272
 0.473904 0.819278 0.958009 0.991366 0.998272
 0.473904 0.819278 0.958009 0.991366 0.998272
 0.473904 0.819278 0.958009 0.991366 0.998272
 0.473904 0.819278 0.958009 0.991366 0.998272
 0.473904 0.819278 0.958009 0.991366 0.998272
 0.473904 0.819278 0.958009 0.991366 0.998272
 0.473904 0.819278 0.958009 0.991366 0.998272
 0.473904 0.819278 0.958009 0.991366 0.998272
 0.473904 0.819278 0.958009 0.991366 0.998272
 0.473904 0.819278 0.958009 0.991366 0.998272
 0.473904 0.819278 0.958009 0.991366 0.998272
 0.473904 0.819278 0.958009 0.991366 0.998272
 0.473904 0.819278 0.958009 0.991366 0.998272
 0.473904 0.819278 0.958009 0.991366 0.998272
 0.473904 0.819278 0.958009 0.991366 0.998272
Scru_pelaces
 0.790461 1 1 1 1
 0.790461 1 1 1 1
 0.790461 1 1 1 1
 0.790461 1 1 1 1
 0.790461 1 1 1 1
 0.790461 1 1 1 1
 0.790461 1 1 1 1
 0.790461 1 1 1 1
 0.790461 1 1 1 1
 0.790461 1 1 1 1
 0.790461 1 1 1 1
 0.790461 1 1 1 1
 0.790461 1 1 1 1
 0.790461 1 1 1 1
 0.790461 1 1 1 1
 0.790461 1 1 1 1
 0.790461 1 1 1 1
 0.790461 1 1 1 1
 0.790461 1 1 1 1
 0.790461 1 1 1 1
 0.790461 1 1 1 1
 0.790461 1 1 1 1
 0.790461 1 1 1 1
 0.790461 1 1 1 1
 0.790461 1 1 1 1
 0.790461 1 1 1 1
 0.790461 1 1 1 1
pf_obs 
 0.256992 0.487395 0.22802 0.0275931 0
 0.321318 0.546541 0.124235 0.00734118 0.000564706
 0.182869 0.594174 0.210203 0.0122559 0.00049798
 0.330522 0.361315 0.267642 0.0388342 0.00168674
 0.649043 0.306663 0.0425973 0.00169635 0
 0.582887 0.30429 0.105238 0.00758474 0
 0.465427 0.430635 0.0974691 0.00646863 0
 0.296916 0.608066 0.0921331 0.00288517 0
 0.311714 0.524322 0.152257 0.0117073 0
 0.15457 0.633149 0.183074 0.0267441 0.00246327
 0.131901 0.49318 0.331252 0.0422183 0.00144891
 0.196976 0.569456 0.194076 0.0375587 0.00193317
 0.518974 0.381816 0.0799577 0.0180837 0.00116848
 0.0928022 0.601141 0.25162 0.0475244 0.00691264
 0.122501 0.610282 0.24278 0.0234846 0.000952079
 0.383417 0.481906 0.127806 0.00687128 0
 0.0376549 0.599619 0.316969 0.0457579 0
 0.0361596 0.667082 0.258105 0.0386534 0
 0.158088 0.579412 0.248529 0.0139706 0
 0.0477256 0.309471 0.559284 0.082774 0.000745712
 0.0406174 0.521527 0.379366 0.0568643 0.0016247
 0.151134 0.462217 0.34131 0.0453401 0
 0.294876 0.26143 0.354403 0.0886775 0.000613685
 0.281977 0.475581 0.204845 0.0348837 0.00271318
 0.0841818 0.532909 0.334909 0.0458182 0.00218182
 0.115287 0.27431 0.454777 0.147771 0.00785563
 0 0 0 0 0
pf_pred 
 0.272433 0.494454 0.208005 0.0250948 1.35808e-05
 0.265498 0.573422 0.128876 0.0288753 0.00332872
 0.131753 0.673579 0.169412 0.0203885 0.00486739
 0.242834 0.483539 0.243183 0.0267087 0.00373525
 0.270608 0.498137 0.17151 0.0532958 0.00644913
 0.137178 0.60372 0.198549 0.0452319 0.0153211
 0.271577 0.403255 0.261235 0.049446 0.0144865
 0.202328 0.596276 0.135508 0.0532977 0.0125899
 0.254621 0.511515 0.197512 0.0248036 0.0115485
 0.243991 0.569469 0.149748 0.0312895 0.00550241
 0.135822 0.626003 0.200514 0.0304648 0.00719592
 0.144743 0.524725 0.277263 0.0451975 0.00807168
 0.240474 0.493098 0.200787 0.0554795 0.0101614
 0.228727 0.646243 0.101822 0.0177649 0.00544302
 0.289891 0.642269 0.0647661 0.00255366 0.000520483
 0.306951 0.643434 0.0484806 0.00108779 4.57143e-05
 0.199486 0.661714 0.13408 0.00461804 0.000101766
 0.242779 0.530692 0.204777 0.0210479 0.000704584
 0.210973 0.578064 0.170796 0.0364574 0.00370985
 0.261579 0.499661 0.197384 0.0337453 0.00763059
 0.237415 0.559064 0.159849 0.0363506 0.00732088
 0.20277 0.534203 0.214333 0.0385097 0.0101843
 0.247894 0.480667 0.208339 0.0517365 0.0113627
 0.244466 0.53409 0.165279 0.0434608 0.0127038
 0.089737 0.630577 0.223713 0.0421477 0.0138254
 0.147275 0.339974 0.402408 0.0888456 0.0214968
 0.17372 0.475588 0.181407 0.133796 0.0354883
pobs_RECLAS
 0 0 0 0 0
 0 0 0 0 0
 0 0 0 0 0
 0 0 0 0 0
 0.835266 0.146461 0.0176864 0.000547809 3.91292e-05
 0.385257 0.428462 0.181853 0.0044286 0
 0.867414 0.0963971 0.0333333 0.00285562 0
 0.441836 0.489002 0.0689373 0.000224442 0
 0.779404 0.147425 0.0564933 0.0165055 0.000172143
 0.814271 0.122319 0.05973 0.00367925 0
 0.40263 0.566651 0.0304383 0.000280538 0
 0.475488 0.404961 0.113038 0.00651328 0
 0.955842 0.0263864 0.0167828 0.000988607 0
 0.975058 0.0227948 0.00214734 0 0
 0.738997 0.206755 0.0527124 0.00153531 0
 0.850938 0.134255 0.0134407 0.00136685 0
 0.542534 0.407297 0.0501686 0 0
 0.764087 0.199537 0.0359546 0.000420521 0
 0.470689 0.182191 0.310203 0.0369168 0
 0.84361 0.089868 0.0606195 0.00523954 0.000663233
 0.607945 0.314616 0.071237 0.00620181 0
 0.523733 0.453247 0.0230204 0 0
 0.530135 0.295979 0.169645 0.0042399 0
 0.562478 0.366248 0.0663022 0.0049721 0
 0.250443 0.683176 0.0655157 0.000865301 0
 0.195077 0.31981 0.436473 0.0351445 0.0134964
 0.565238 0.351407 0.0832357 0.000118908 0
ppred_RECLAS
 0.651647 0.258658 0.0800139 0.00967583 5.26387e-06
 0.636091 0.301418 0.0499661 0.0112245 0.00130076
 0.443579 0.464073 0.0803957 0.00963902 0.00231245
 0.607479 0.274413 0.104896 0.0115831 0.00162868
 0.634519 0.269186 0.0712865 0.0222954 0.00271266
 0.435088 0.427318 0.105303 0.0240876 0.00820265
 0.648479 0.217984 0.107145 0.0203867 0.00600511
 0.550988 0.358869 0.0605673 0.0238998 0.0056755
 0.628954 0.277387 0.0790468 0.00995325 0.00465862
 0.60572 0.31636 0.0624884 0.0131133 0.00231838
 0.440665 0.438256 0.1019 0.0154995 0.00368001
 0.464121 0.366598 0.141936 0.0231837 0.00416195
 0.634861 0.26621 0.0746123 0.0205371 0.00377994
 0.661632 0.305814 0.0266236 0.00453566 0.00139498
 0.735162 0.25101 0.0132184 0.000506381 0.000103575
 0.684653 0.299163 0.0158148 0.000354114 1.49562e-05
 0.548443 0.391962 0.0575671 0.00198472 4.39627e-05
 0.611257 0.295176 0.0845544 0.00871896 0.000293415
 0.561557 0.344088 0.0763202 0.0163606 0.00167374
 0.63339 0.269913 0.0798706 0.0137104 0.00311681
 0.593129 0.318331 0.0694413 0.0158823 0.00321602
 0.548514 0.328316 0.100244 0.0181107 0.00481554
 0.614836 0.269592 0.088579 0.0221104 0.00488227
 0.606049 0.29959 0.0703136 0.0185857 0.00546205
 0.318622 0.509153 0.137567 0.0260628 0.00859557
 0.469494 0.24664 0.222457 0.0493927 0.0120158
 0.509585 0.314534 0.0907148 0.0672367 0.0179301
pobs_PELACES
 0 0 0 0 0
 0 0 0 0 0
 0 0 0 0 0
 0 0 0 0 0
 0 0 0 0 0
 0 0 0 0 0
 0 0 0 0 0
 0 0 0 0 0
 0 0 0 0 0
 0 0 0 0 0
 0.450072 0.473896 0.0757376 0.000293798 0
 0 0 0 0 0
 0.463077 0.371075 0.160297 0.00555027 0
 0.529543 0.364841 0.0842815 0.0213345 0
 0.631943 0.363953 0.00410389 0 0
 0.735681 0.248677 0.0153453 0.000297389 0
 0.695825 0.281241 0.0229344 0 0
 0.275771 0.60734 0.115278 0.00161068 0
 0 0 0 0 0
 0.896147 0.0623911 0.0374545 0.00400742 0
 0.803859 0.145111 0.0509908 3.86294e-05 0
 0.739449 0.233085 0.0266225 0.000797448 4.60066e-05
 0.878498 0.100942 0.0204185 0.000141795 0
 0.694673 0.275183 0.0284847 0.00165964 0
 0.469039 0.446079 0.0841089 0.000773354 0
 0.822795 0.102175 0.0682046 0.00682512 0
 0 0 0 0 0
ppred_PELACES
 0.769669 0.18258 0.0427962 0.00495163 2.67372e-06
 0.751639 0.214743 0.027116 0.00583074 0.000670681
 0.621145 0.333296 0.0399304 0.00454638 0.00108213
 0.709626 0.21537 0.0669014 0.00710912 0.000992464
 0.715467 0.2188 0.0491092 0.0148316 0.00179198
 0.562151 0.350192 0.0677564 0.0148728 0.00502772
 0.749527 0.167927 0.0667548 0.0122181 0.00357318
 0.67679 0.271379 0.0353259 0.0133568 0.00314846
 0.749367 0.199604 0.0433722 0.00522802 0.00242881
 0.714958 0.238962 0.0372569 0.00750581 0.00131735
 0.591487 0.339438 0.0585615 0.00850802 0.0020048
 0.613991 0.286937 0.0836735 0.0130703 0.00232884
 0.787891 0.16921 0.0327699 0.00856516 0.00156406
 0.849942 0.14171 0.00691357 0.00109935 0.000335146
 0.894866 0.102131 0.00287984 0.00010259 2.07953e-05
 0.805337 0.187495 0.00701233 0.000149388 6.26056e-06
 0.686341 0.281969 0.0306586 0.00100941 2.21902e-05
 0.73036 0.21687 0.0478805 0.00473059 0.000158022
 0.677879 0.265232 0.0463761 0.00954304 0.000969178
 0.7433 0.200694 0.0465989 0.00767549 0.00173214
 0.689324 0.253263 0.045401 0.0100017 0.0020109
 0.654718 0.264843 0.0659437 0.011468 0.00302756
 0.719009 0.209278 0.0554764 0.0133178 0.00291964
 0.708378 0.232949 0.0441669 0.011229 0.00327636
 0.419942 0.4552 0.100519 0.0183347 0.0060038
 0.591248 0.211302 0.156034 0.0333592 0.00805761
 0.631556 0.255956 0.0591708 0.0421562 0.0111608
pobs_pel_tallas
 0 0 0 0 0 0 0 0 0 0 0 0 0 0 0 0 0 0 0 0 0 0 0 0 0 0 0 0 0 0 0 0 0 0 0 0
 0 0 0 0 0 0 0 0 0 0 0 0 0 0 0 0 0 0 0 0 0 0 0 0 0 0 0 0 0 0 0 0 0 0 0 0
 0 0 0 0 0 0 0 0 0 0 0 0 0 0 0 0 0 0 0 0 0 0 0 0 0 0 0 0 0 0 0 0 0 0 0 0
 0 0 0 0 0 0 0 0 0 0 0 0 0 0 0 0 0 0 0 0 0 0 0 0 0 0 0 0 0 0 0 0 0 0 0 0
 0 0 0 0 0 0 0 0 0 0 0 0 0 0 0 0 0 0 0 0 0 0 0 0 0 0 0 0 0 0 0 0 0 0 0 0
 0 0 0 0 0 0 0 0 0 0 0 0 0 0 0 0 0 0 0 0 0 0 0 0 0 0 0 0 0 0 0 0 0 0 0 0
 0 0 0 0 0 0 0 0 0 0 0 0 0 0 0 0 0 0 0 0 0 0 0 0 0 0 0 0 0 0 0 0 0 0 0 0
 0 0 0 0 0 0 0 0 0 0 0 0 0 0 0 0 0 0 0 0 0 0 0 0 0 0 0 0 0 0 0 0 0 0 0 0
 0 0 0 0 0 0 0 0 0 0 0 0 0 0 0 0 0 0 0 0 0 0 0 0 0 0 0 0 0 0 0 0 0 0 0 0
 0 0 0 0 0 0 0 0 0 0 0 0 0 0 0 0 0 0 0 0 0 0 0 0 0 0 0 0 0 0 0 0 0 0 0 0
 0 0 0 0 0 0 0 0 1.78061e-05 0.00172719 0.00360574 0.0105946 0.0120993 0.0124554 0.0147524 0.0171206 0.0266825 0.0428682 0.0675386 0.121331 0.153587 0.119568 0.100827 0.0573624 0.0630603 0.0341343 0.0324427 0.0444173 0.0211091 0.0280891 0.0125444 0.00206551 0 0 0 0
 0 0 0 0 0 0 0 0 0 0 0 0 0 0 0 0 0 0 0 0 0 0 0 0 0 0 0 0 0 0 0 0 0 0 0 0
 0 0 0 0 0 0 0.0133647 0.0140871 0.0187388 0.0205184 0.03894 0.0496705 0.03968 0.0493445 0.0407372 0.0367815 0.0215668 0.0243155 0.0234873 0.0199281 0.019796 0.0243948 0.0301388 0.0376714 0.0412746 0.0863199 0.0771752 0.113111 0.0741005 0.0525337 0.0229764 0.00759418 0.00175318 0 0 0
 0 0 0 0 0 0 0 0 0 0 0.00219441 0.00772107 0.0458388 0.0604681 0.0671733 0.0775358 0.0609151 0.0617685 0.073594 0.0568108 0.0755445 0.0548602 0.0670107 0.0636378 0.0643287 0.046367 0.0373049 0.0286899 0.0247887 0.0153202 0.00654259 0.00121912 0.000365735 0 0 0
 0 0 0 0 0 0 0 0 0 0 0 0 0.000112435 0.00938835 0.0111873 0.0202946 0.0414886 0.0713402 0.111592 0.104902 0.108894 0.110636 0.117776 0.105296 0.107544 0.0401394 0.0192827 0.0124803 0.00416011 0.0028671 0.000618394 0 0 0 0 0
 0 0 0 0 0 0 0 0 0 0 0.00291406 0.0102884 0.027416 0.0768956 0.0749926 0.110853 0.0956884 0.0897413 0.0766577 0.0534642 0.0500743 0.0551293 0.0594112 0.0620874 0.0668451 0.0424026 0.0208742 0.0120726 0.0048766 0.00582813 0.00118941 0.000297354 0 0 0 0
 0 0.00264628 0.0354308 0.0461629 0.0458689 0.0383711 0.0214643 0.0164657 0.0346957 0.0420465 0.0363128 0.0245516 0.0311673 0.0291091 0.0169068 0.0133784 0.00837989 0.0085269 0.0148486 0.0160247 0.0276389 0.0546898 0.0760071 0.122758 0.109233 0.0665981 0.0333725 0.0166128 0.00676272 0.00308733 0.000882094 0 0 0 0 0
 0 0 0 0 0 0 0 0.000805153 0.000690131 0.00759144 0.0133425 0.0154129 0.00931677 0.000345066 0.00356568 0.00563607 0.00851162 0.0253048 0.0502646 0.0516448 0.0657925 0.0565908 0.0611916 0.0827007 0.0866115 0.110766 0.145733 0.0935128 0.0569358 0.0249597 0.0138026 0.00621118 0.00161031 0.00115022 0 0
 0 0 0 0 0 0 0 0 0 0 0 0 0 0 0 0 0 0 0 0 0 0 0 0 0 0 0 0 0 0 0 0 0 0 0 0
 0.00147267 0.00158595 0.00478618 0.00569244 0.00954404 0.0108468 0.00647125 0.017049 0.0510054 0.094081 0.124002 0.0959785 0.0687766 0.0820023 0.061753 0.0591476 0.0492212 0.0479892 0.0443925 0.0268479 0.0217502 0.0140895 0.0121071 0.0120363 0.00920419 0.00665534 0.0049561 0.00860946 0.00930331 0.0156896 0.0114698 0.00855282 0.00243557 0.00046729 0 2.83206e-05
 0 0 0 0 0.000772559 0.00158375 0.000888443 0.00281984 0.00712685 0.0440552 0.0773331 0.111326 0.0921469 0.0852325 0.0710754 0.0886704 0.0786465 0.0553345 0.0373146 0.0185414 0.00753245 0.00457741 0.012979 0.0271748 0.0457355 0.0583668 0.034881 0.0177882 0.00938659 0.00492506 0.0015258 0.00185414 0.000309023 5.79419e-05 3.86279e-05 0
 0 0.00173294 0.00326652 0 0.00397197 0.00683976 0.00946217 0.0152591 0.00757587 0.0136028 0.0228656 0.0392903 0.0559909 0.0764795 0.0681675 0.0726916 0.0566044 0.0477403 0.0527397 0.0444891 0.0609904 0.0582453 0.0661739 0.0445044 0.0529084 0.0360697 0.0280645 0.0235558 0.0158879 0.00826598 0.00280645 0.00217768 0.000904811 0.00058276 9.20147e-05 0
 0 0 0 0 0 0 0 0 0 0 0 0 0 0 0 0 0 0 0 0 0 0 0 0 0 0 0 0 0 0 0 0 0 0 0 0
 0 0 0 0 0 0 0 0 0 0 0 0 0 0 0 0 0 0 0 0 0 0 0 0 0 0 0 0 0 0 0 0 0 0 0 0
 0 0 0 0 0 0 0 0 0 0 0 0 0 0 0 0 0 0 0 0 0 0 0 0 0 0 0 0 0 0 0 0 0 0 0 0
 0 0 0 0 0 0 0 0 0 0 0 0 0 0 0 0 0 0 0 0 0 0 0 0 0 0 0 0 0 0 0 0 0 0 0 0
 0 0 0 0 0 0 0 0 0 0 0 0 0 0 0 0 0 0 0 0 0 0 0 0 0 0 0 0 0 0 0 0 0 0 0 0
ppred_pel_tallas
 1.00838e-16 3.35813e-05 0.000197096 0.000936908 0.00360715 0.0112486 0.028413 0.0581368 0.0963683 0.12942 0.140836 0.124229 0.0889313 0.0519088 0.0252066 0.0111271 0.00600566 0.00552455 0.0070316 0.00934844 0.0119712 0.0145745 0.016852 0.0185207 0.0193725 0.0193204 0.0184159 0.01683 0.0148058 0.0125997 0.0104305 0.00844931 0.00673364 0.00530075 0.00412969 0.0031828
 1.00687e-16 3.27964e-05 0.000192485 0.00091498 0.00352271 0.0109852 0.0277479 0.0567762 0.0941139 0.126396 0.137553 0.121353 0.0869148 0.0508174 0.0248361 0.0112336 0.00644438 0.00625948 0.00808519 0.0107511 0.0137277 0.0166447 0.0191443 0.0208977 0.0216691 0.0213703 0.0200801 0.0180201 0.0154957 0.0128241 0.0102713 0.0080153 0.00613929 0.00464835 0.00349834 0.00262432
 1.00883e-16 2.71111e-05 0.000159096 0.000756221 0.00291141 0.00907888 0.0229327 0.0469249 0.0777889 0.104485 0.113746 0.100438 0.0721294 0.0425635 0.021531 0.0109711 0.00800491 0.00920085 0.0124171 0.0166206 0.0212301 0.0257267 0.0295646 0.0322349 0.0333727 0.0328431 0.030772 0.0275076 0.0235291 0.0193339 0.0153393 0.0118245 0.00891983 0.00663238 0.00489098 0.00359078
 1.01311e-16 3.09646e-05 0.00018173 0.00086385 0.00332585 0.0103713 0.0261972 0.0536034 0.0888551 0.119335 0.129873 0.114587 0.0820913 0.0480422 0.0235647 0.0108052 0.00640864 0.00641293 0.00837871 0.0112057 0.0143918 0.0175769 0.0204045 0.0225389 0.0237286 0.0238607 0.0229824 0.0212793 0.0190227 0.016502 0.013967 0.0115936 0.0094775 0.00764911 0.00609757 0.00479393
 1.01362e-16 3.12193e-05 0.000183226 0.000870959 0.00335322 0.0104567 0.0264128 0.0540445 0.0895864 0.120317 0.130942 0.11553 0.0827667 0.048437 0.0237572 0.0108905 0.00645307 0.00644823 0.00841369 0.0112366 0.0144066 0.0175575 0.0203281 0.0223814 0.0234689 0.023486 0.0224925 0.0206892 0.0183619 0.0158109 0.0132909 0.0109756 0.00895231 0.0072385 0.00580865 0.00462028
 1.01822e-16 2.45394e-05 0.000143997 0.000684432 0.002635 0.0082169 0.0207555 0.0424702 0.0704058 0.0945732 0.102968 0.0909513 0.0653818 0.0387139 0.0198287 0.0105065 0.0081679 0.00972831 0.0132579 0.0178106 0.0228243 0.0277705 0.0320809 0.0352189 0.0367914 0.0366389 0.0348686 0.0318158 0.0279523 0.0237719 0.0196916 0.0159942 0.0128183 0.0101851 0.00804291 0.00631013
 1.0159e-16 3.27025e-05 0.000191938 0.000912387 0.00351274 0.0109542 0.0276693 0.0566151 0.0938458 0.126032 0.137147 0.120972 0.0865924 0.0505291 0.0245105 0.0107776 0.00576204 0.00526242 0.00670335 0.00894988 0.0115287 0.0141429 0.016513 0.0183757 0.0195293 0.0198756 0.0194365 0.0183389 0.0167753 0.0149538 0.0130557 0.0112111 0.00949504 0.00793835 0.00654578 0.00531157
 1.01197e-16 2.95349e-05 0.000173332 0.000823913 0.00317206 0.00989173 0.0249859 0.0511253 0.0847492 0.113826 0.123892 0.109346 0.0784138 0.0460451 0.0228734 0.0109715 0.00716402 0.00768611 0.0102052 0.013637 0.0174355 0.0211633 0.0243751 0.026657 0.027711 0.0274233 0.0258905 0.0233867 0.0202915 0.0169985 0.0138369 0.0110259 0.00866683 0.00676516 0.00526685 0.00409407
 1.00974e-16 3.26967e-05 0.000191901 0.000912207 0.00351204 0.010952 0.0276638 0.056604 0.0938283 0.126011 0.137131 0.120974 0.0866282 0.0506195 0.0246832 0.0110709 0.00622411 0.0059457 0.0076539 0.0101925 0.0130512 0.0158839 0.0183577 0.0201645 0.0210782 0.0210057 0.0200057 0.018267 0.0160571 0.013657 0.0113056 0.00916637 0.00732145 0.00578662 0.0045358 0.00352516
 1.00927e-16 3.11979e-05 0.000183098 0.000870349 0.00335086 0.0104493 0.0263943 0.0540067 0.0895243 0.120235 0.130857 0.115466 0.082743 0.0484682 0.0238558 0.0110748 0.00674983 0.00688949 0.0090291 0.0120431 0.0153979 0.0186958 0.0215414 0.0235684 0.0245117 0.0242686 0.0229207 0.0207074 0.0179614 0.0150295 0.0122037 0.00968074 0.00755461 0.0058352 0.00447945 0.00342202
 1.01328e-16 2.58181e-05 0.000151505 0.00072013 0.00277245 0.00864553 0.0218382 0.0446854 0.0740771 0.0995019 0.108326 0.0956672 0.0687336 0.0406214 0.0206633 0.0107179 0.00805632 0.00942147 0.0127788 0.0171408 0.0219385 0.0266518 0.0307271 0.033644 0.035024 0.0347182 0.032839 0.0297222 0.0258374 0.0216748 0.0176487 0.0140393 0.0109831 0.008498 0.00652703 0.00498148
 1.0184e-16 2.67973e-05 0.000157258 0.000747492 0.00287782 0.00897414 0.0226681 0.0463832 0.0768897 0.103274 0.112419 0.0992461 0.0712288 0.0419434 0.021055 0.0104672 0.00732385 0.00823044 0.0110819 0.014889 0.0191295 0.0233582 0.0271075 0.0299326 0.0315004 0.0316631 0.0304863 0.0282199 0.0252267 0.0218924 0.0185482 0.0154256 0.0126483 0.0102522 0.0082189 0.00650686
 1.00888e-16 3.43753e-05 0.000201759 0.000959078 0.00369252 0.0115148 0.0290854 0.0595125 0.0986481 0.13248 0.144161 0.127152 0.0910006 0.0530702 0.0256835 0.011189 0.00582668 0.00517026 0.00650328 0.00862568 0.0110371 0.0134281 0.0155144 0.0170351 0.0178002 0.0177323 0.0168828 0.0154134 0.0135514 0.011535 0.00956529 0.00777864 0.00624201 0.00496579 0.00392537 0.00308188
 1.00198e-16 3.70798e-05 0.000217639 0.00103458 0.00398323 0.0124214 0.0313754 0.0641977 0.106413 0.142904 0.155494 0.137122 0.0980807 0.0570873 0.0274176 0.0115839 0.00550798 0.00439721 0.00531396 0.00697329 0.00886566 0.0107073 0.0122546 0.0132907 0.0136644 0.0133244 0.0123326 0.0108466 0.00907944 0.0072503 0.0055414 0.00407251 0.00289607 0.00200885 0.00137201 0.000931539
 1.00079e-16 3.90371e-05 0.000229134 0.00108924 0.00419368 0.0130777 0.033033 0.0675891 0.112033 0.150447 0.16369 0.144323 0.103173 0.059933 0.0285629 0.0116867 0.00499035 0.00341377 0.00386362 0.00500684 0.00635032 0.00765951 0.00875304 0.00947426 0.00971468 0.00943887 0.00869345 0.00759425 0.00629731 0.00496275 0.00372346 0.00266647 0.00182931 0.00120848 0.000774112 0.000485041
 1.00167e-16 3.51367e-05 0.000206227 0.000980319 0.00377429 0.0117698 0.0297295 0.0608306 0.100833 0.135416 0.147358 0.129978 0.0930358 0.0542827 0.0263173 0.011543 0.0061178 0.00551543 0.00695146 0.00918437 0.0116807 0.0140978 0.0161189 0.0174583 0.0179166 0.0174278 0.0160759 0.0140722 0.0117017 0.00925721 0.0069821 0.00503608 0.00348868 0.00233458 0.00152042 0.000972121
 1.00563e-16 2.99518e-05 0.000175779 0.000835542 0.00321683 0.0100314 0.0253385 0.051847 0.0859457 0.115434 0.125643 0.110894 0.0795302 0.0467131 0.0232278 0.0111781 0.00734433 0.00790773 0.0104991 0.0140117 0.0178807 0.021649 0.0248511 0.027056 0.0279561 0.0274396 0.0256171 0.0227876 0.0193619 0.0157659 0.0123568 0.00937367 0.0069273 0.0050225 0.003596 0.00255479
 1.00921e-16 3.18687e-05 0.000187038 0.000889084 0.003423 0.0106743 0.0269625 0.0551693 0.0914506 0.12282 0.133664 0.117928 0.0844751 0.049418 0.0242031 0.011035 0.0064552 0.00638028 0.0082944 0.0110616 0.0141641 0.0172338 0.0199102 0.0218581 0.0228314 0.0227287 0.0216142 0.019694 0.0172601 0.0146201 0.0120357 0.00968725 0.00766616 0.00599115 0.00463464 0.00354873
 1.01118e-16 2.95822e-05 0.00017361 0.000825236 0.00317716 0.00990763 0.025026 0.0512074 0.0848852 0.114008 0.124089 0.109517 0.0785293 0.0460994 0.0228752 0.0109313 0.0070852 0.00756569 0.0100381 0.013421 0.0171747 0.0208709 0.0240733 0.0263747 0.0274791 0.0272692 0.0258314 0.0234261 0.020418 0.0171879 0.0140572 0.0112437 0.0088533 0.0069001 0.00534084 0.00410797
 1.01072e-16 3.24322e-05 0.000190348 0.000904824 0.00348361 0.0108633 0.0274399 0.0561459 0.093069 0.124992 0.136022 0.119998 0.0859332 0.0502216 0.0245046 0.0110172 0.00623158 0.00598626 0.0077214 0.0102902 0.0131851 0.01606 0.0185809 0.0204375 0.0214015 0.0213769 0.0204196 0.0187158 0.0165305 0.0141429 0.0117903 0.00963616 0.00776346 0.00618989 0.00489228 0.00383025
 1.01165e-16 3.00807e-05 0.000176538 0.000839159 0.00323077 0.0100748 0.0254483 0.0520713 0.0863168 0.115929 0.126177 0.11135 0.0798231 0.0468179 0.0231558 0.0109388 0.00692388 0.0072714 0.00960727 0.012839 0.0164333 0.0199774 0.0230543 0.0252751 0.0263569 0.0261867 0.0248455 0.0225802 0.0197366 0.016676 0.0137034 0.0110252 0.0087419 0.00686711 0.00536049 0.0041592
 1.01558e-16 2.85723e-05 0.000167681 0.000797048 0.00306862 0.00956917 0.0241711 0.0494582 0.0819859 0.110115 0.119855 0.105786 0.0758685 0.0445663 0.0221689 0.0106859 0.00705076 0.00762795 0.0101678 0.0136279 0.0174846 0.0213162 0.024689 0.027194 0.0285283 0.0285623 0.0273655 0.0251786 0.022346 0.0192315 0.0161449 0.0133001 0.0108072 0.00869191 0.00692748 0.00546541
 1.0145e-16 3.13734e-05 0.000184131 0.000875265 0.0033698 0.0105084 0.0265434 0.0543117 0.090029 0.12091 0.131585 0.116093 0.0831574 0.0486413 0.0238123 0.0108402 0.0063209 0.00623603 0.00811257 0.0108382 0.0139117 0.0169801 0.019698 0.0217415 0.02287 0.0229783 0.0221167 0.0204699 0.0183037 0.0158994 0.0134969 0.0112616 0.00927957 0.00757249 0.00612283 0.00489738
 1.01242e-16 3.09108e-05 0.000181413 0.000862339 0.00332002 0.0103532 0.0261513 0.0535097 0.0887003 0.119128 0.129652 0.114401 0.0819767 0.0480132 0.0236208 0.0109478 0.00664996 0.00677354 0.0088791 0.0118559 0.0151819 0.0184706 0.0213378 0.0234258 0.0244734 0.0243748 0.0232015 0.0211766 0.0186138 0.0158412 0.0131356 0.0106842 0.00857854 0.00683186 0.00540928 0.00425638
 1.02486e-16 1.83427e-05 0.000107607 0.00051141 0.00196878 0.0061393 0.0155078 0.0317339 0.0526133 0.0706913 0.0770133 0.0681385 0.0492278 0.0296422 0.0160917 0.00999589 0.00951667 0.0124142 0.0172564 0.0232635 0.0298453 0.0363488 0.0420416 0.0462246 0.0483824 0.0483003 0.0461082 0.0422317 0.0372744 0.0318707 0.0265589 0.0217074 0.0175011 0.0139758 0.0110746 0.00870222
 1.03807e-16 2.58027e-05 0.000151426 0.000719778 0.00277113 0.00864147 0.0218278 0.0446632 0.0740369 0.0994376 0.108229 0.0955175 0.068487 0.0401975 0.0199382 0.00952332 0.00618834 0.0066638 0.00894467 0.0121308 0.0158037 0.0196425 0.0233085 0.026463 0.0288248 0.030223 0.0306206 0.0301011 0.0288297 0.0270014 0.0247986 0.0223677 0.0198168 0.0172274 0.0146686 0.0122068
 1.02894e-16 2.75619e-05 0.00016175 0.000768854 0.00296007 0.00923067 0.0233161 0.0477086 0.0790858 0.10622 0.115616 0.102046 0.0731892 0.0429987 0.0214012 0.0103372 0.00685149 0.00744104 0.00994078 0.0133512 0.017174 0.0210099 0.0244469 0.0270954 0.0286643 0.0290251 0.028235 0.0265096 0.0241581 0.0215041 0.018818 0.0162795 0.0139752 0.0119194 0.0100876 0.00844503
pSPR Fmed_Fpbrs
0.530359   0.6 0.325
Fs Fmed_Fpbrs
0.64   0.47292 1.66915
SSBpbr Bo_Bmed_Bpbrs
737007  354028  405354 202677
Ro
32859.6
SPR SPRFo_SPRFmed_SPRFpbrs
678690 359950 220574
log_Ro
10.22
likeval ReclasPelacesDesembMPH_pf_preclas_ppelaces_ptallas_desvR_qrecl_qpela
 66.6861 14.0869 0.0138455 0.000609141 330.255 208.235 55.7436 0 17.1829 4.21678e-07 9.44268e-05 4.81406e-14 0 0 0
q_reclas_q_pelaces
1.09638 3.98479
M
0.7
N
 33929.8 10587.7 3364.52 399.135 0.215812
 41696.1 15326.9 2589.29 570.244 65.6774
 18239.4 18912.9 3865.59 459.861 109.717
 25792.4 7670.6 2709.14 290.93 40.6384
 49020.8 12306.6 2825.31 854.863 103.297
 34260.8 24172.5 5798.25 1295.39 438.326
 71037.7 15913.1 7279.42 1347.8 394.409
 68983.4 33768.4 5699.31 2201.38 519.506
 92597.6 31597 9161.92 1130.84 526.035
 113553 42035 8017.12 1642.09 288.463
 64230.9 52961.5 13058.3 1953.61 461.074
 45269.3 28542.4 11456 1837.05 327.788
 48869 20353.3 6738.82 1840.64 336.918
 26302.8 20538.5 2901.19 503.413 154.197
 14494.2 9383.19 858.984 33.707 6.86837
 12206.4 4989.72 300.647 6.66067 0.279727
 8768.81 5225.72 816.674 27.7014 0.609951
 10697.9 3889.72 1115.47 112.6 3.7657
 11239.6 4897.29 1050.92 219.919 22.3551
 17079.4 5236.9 1509.88 253.158 57.1858
 23085.7 7928.91 1571.21 348.995 70.1983
 28450.2 11112.1 3118.2 547.626 144.65
 46298.6 13612.1 4177.75 1015.06 222.675
 66490.2 21966.7 4806.44 1236.45 360.998
 30454.9 31578.6 7815.22 1438.9 471.415
 43009 14596.5 12027.5 2594.68 627.025
 49057.2 20641.5 5616.1 4055.07 1074.36
pred_Ctot
 2216.47 4022.8 1692.3 204.167 0.110491
 2609.98 5637.05 1266.92 283.859 32.7231
 2027.73 10366.7 2607.33 313.789 74.9114
 727.909 1449.43 728.955 80.0607 11.1966
 247.036 454.745 156.57 48.6533 5.88736
 1599.67 7040.13 2315.33 527.461 178.664
 2189.23 3250.71 2105.86 398.593 116.778
 3869 11402.2 2591.25 1019.18 240.749
 5746.74 11544.8 4457.81 559.812 260.647
 4981.4 11626.5 3057.31 638.819 112.339
 4888.09 22529.2 7216.26 1096.39 258.973
 3097.84 11230.4 5934.11 967.336 172.754
 5452.84 11181.2 4552.91 1258.02 230.412
 5429.26 15339.8 2416.95 421.684 129.2
 3265.44 7234.75 729.549 28.7654 5.86291
 1220.81 2559.07 192.817 4.32635 0.181815
 677.456 2247.18 455.335 15.6829 0.345598
 604.028 1320.35 509.479 52.3668 1.75299
 500.809 1372.21 405.436 86.543 8.80648
 803.208 1534.27 606.09 103.619 23.4306
 510.615 1202.39 343.792 78.1802 15.7452
 748.689 1972.44 791.382 142.189 37.6035
 1487.61 2884.48 1250.24 310.47 68.1874
 2090.03 4566.14 1413.04 371.563 108.61
 764.644 5373.1 1906.25 359.138 117.805
 1039.2 2398.92 2839.46 626.911 151.685
 1748.72 4787.41 1826.1 1346.84 357.236
F
 0.0946837 0.708308 1.07498 1.10509 1.10672
 0.0905649 0.677497 1.02822 1.05701 1.05857
 0.166188 1.24321 1.88679 1.93963 1.9425
 0.0399392 0.298777 0.453444 0.466144 0.466832
 0.00702912 0.0525834 0.0798041 0.0820393 0.0821604
 0.0668598 0.500164 0.759083 0.780344 0.781496
 0.0436847 0.326796 0.495968 0.509859 0.510612
 0.080803 0.60447 0.917385 0.94308 0.944472
 0.089761 0.671483 1.01909 1.04763 1.04918
 0.0627041 0.469076 0.711901 0.731841 0.732921
 0.111092 0.831055 1.26127 1.29659 1.29851
 0.0993889 0.743508 1.1284 1.16 1.16171
 0.166843 1.24812 1.89423 1.94728 1.95016
 0.330755 2.47431 3.75517 3.86035 3.86605
 0.36637 2.74074 4.15953 4.27603 4.28235
 0.148366 1.1099 1.68445 1.73163 1.73419
 0.112865 0.844321 1.2814 1.31729 1.31923
 0.0813651 0.608675 0.923767 0.94964 0.951042
 0.063717 0.476653 0.723401 0.743663 0.744761
 0.0673568 0.503882 0.764726 0.786145 0.787305
 0.0311811 0.23326 0.35401 0.363926 0.364463
 0.0371968 0.278261 0.422308 0.434137 0.434778
 0.0455838 0.341003 0.517528 0.532024 0.532809
 0.044575 0.333456 0.506076 0.52025 0.521018
 0.0354619 0.265283 0.402611 0.413888 0.414499
 0.0341068 0.255146 0.387227 0.398073 0.398661
 0.0506846 0.379161 0.575441 0.591558 0.592431
Np
 22654.1 10803.7 8496.51 2200.8 636.124
YTP_r0W_actual
 11497.3 85202.4 47950.2 45217.1 13310.3
YTP_p0W_proyectada
 5309.33 95586.3 59899.4 17491.3 17599.3
 5309.33 44594.6 72543 24540.6 7880.97
CTP_r0_actual
 1402.11 3944.55 1527.07 1127.61 299.107
CTP_p0_proyectada
 647.48 4425.29 1907.62 436.192 395.489
 647.48 2064.56 2310.29 611.985 177.101
Wmedp
 8.2 21.6 31.4 40.1 44.5
nmprior
 10.8 10.6 4.6 0
nm_flota  nm_reclas  nm_pelaces    nm_pelaL
inf 25.5599 17.4244 54.654
cv_recla  cv_pelaces  cv_mph
0.70721 0.411147 0.659622
 ------------------------------------------------
Talla a la edad & desviaci?n 
 7.2 14.2025 17.0495 18.207 18.6776
 1.08 2.13037 2.55742 2.73105 2.80164
