years
 1997 1998 1999 2000 2001 2002 2003 2004 2005 2006 2007 2008 2009 2010 2011 2012 2013 2014 2015 2016 2017 2018 2019 2020 2021 2022 2023
reclasobs
 0 0 0 370054 412103 1.49427e+06 250295 1.28982e+06 931140 785840 897777 1.04006e+06 184774 17550 25797 100020 73551 82996 120727 218422 84188 347160 605670 569463 516374 1.08416e+06 1.01767e+06
reclaspred
 443899 131380 449184 322895 428703 507007 1.08421e+06 688877 716652 594694 452864 300993 184127 88044.7 65174.5 68693.2 86917.3 123425 133611 189179 265382 240027 419157 579736 727050 743486 775358
pelacesobs
 0 0 0 0 0 0 0 0 0 2.06254e+06 1.5e+06 0 1.87456e+06 323000 250000 174000 83755 137374 0 501740 490994 745055 786931 1.00524e+06 1.33801e+06 1.41789e+06 0
pelacespred
 1.73778e+06 457095 936293 1.03037e+06 1.15832e+06 1.1595e+06 2.71369e+06 2.24031e+06 2.01885e+06 1.70925e+06 1.17234e+06 799371 485705 196788 143105 159923 210452 300693 335745 462617 717183 637229 906694 1.4029e+06 1.75793e+06 1.96943e+06 1.9586e+06
mphobs
 0 0 0 0 0 0 112323 0 153150 637223 0 255016 313432 73983 77613 109348 50772 17779 17303 59886 28197 0 207744 136588 643089 65757 70829
mphpred
 139780 96522.8 128250 175410 168843 241409 372973 419054 345453 323157 271689 187406 112314 55543.4 27490.5 24511.3 29313.4 42450.7 57101 63955.6 97382.8 71787.9 87953.3 132421 184777 200628 196842
desembarqueobs
 350755 77701 442110 56441 14545 235359 269955 359681 431902 328805 639364 411747 362871 311530 167758 66681 60226 58785 57116 73181 50977 67692 138656 160484 209506 203330 245020
desembarquepred
 350766 77705 442158 56442.9 14545.1 235395 269982 359715 431980 328870 639770 412105 363366 312140 167860 66698.4 60246.6 58789.5 57115.3 73184.2 50978.4 67689.8 138661 160491 209505 203328 245016
Reclutas
 76722.7 96374.5 62243.6 89949.8 147597 112291 165069 142903 155545 136906 67947.7 40884.3 42745.3 24421.3 19929.3 25717.4 21397.4 26114.3 29621 49986.5 61561.3 79694.2 132954 190529 89936.9 132246 199170
log_desv_Rt
 0.0679532 0.295997 -0.141189 0.227007 0.722244 0.448852 0.834122 0.68992 0.774691 0.64705 -0.0535069 -0.561499 -0.516984 -1.07679 -1.28005 -1.02508 -1.20898 -1.00976 -0.883761 -0.360491 -0.152211 0.105952 0.617758 0.97756 0.226864 0.612418 1.02191
SSB
 914364 631401 838944 1.14744e+06 1.10448e+06 1.57917e+06 2.38372e+06 2.71772e+06 2.22009e+06 2.07768e+06 1.77725e+06 1.22591e+06 753371 399920 203504 183327 226048 316484 407654 475885 693839 798222 1.00173e+06 1.44927e+06 2.1867e+06 2.43005e+06 2.2596e+06
BT
 3.1597e+06 883355 1.78306e+06 1.75646e+06 1.91826e+06 2.09627e+06 4.65149e+06 4.10148e+06 3.72194e+06 3.13639e+06 2.51941e+06 1.7008e+06 1.15898e+06 626428 379611 318758 396229 542208 601990 821620 1.22287e+06 1.11317e+06 1.58968e+06 2.44074e+06 3.05601e+06 3.41936e+06 3.43322e+06
Ftot
 0.32342 0.233536 0.312644 0.0573329 0.0125061 0.131701 0.0820876 0.167758 0.196702 0.171331 0.386313 0.36472 0.57388 0.994113 0.881862 0.340124 0.242187 0.162011 0.132791 0.136414 0.0655117 0.0882847 0.105309 0.0977863 0.0813755 0.0800391 0.100878
BD_Bspro_t
 0.961405 0.819791 0.800309 0.716883 0.804026 0.885888 0.863906 0.865835 0.819297 0.778055 0.73137 0.584145 0.470972 0.35844 0.242185 0.264111 0.387698 0.556396 0.669051 0.746158 0.82331 0.874993 0.879413 0.884634 0.895552 0.876937 0.868144
BD_Bspro
 0.617587 0.426465 0.566646 0.775012 0.745995 1.06661 1.61003 1.83562 1.49951 1.40332 1.2004 0.828013 0.508848 0.270117 0.137452 0.123824 0.152679 0.213762 0.275341 0.321426 0.468638 0.539141 0.676596 0.978877 1.47696 1.64132 1.5262
BD_Bo
 0.298551 0.20616 0.273925 0.374653 0.360625 0.515618 0.778315 0.887368 0.724887 0.678387 0.580292 0.400274 0.245985 0.130579 0.0664465 0.0598585 0.0738074 0.103336 0.133104 0.155382 0.226547 0.260629 0.327077 0.473204 0.713983 0.793442 0.737787
BD_Brms
 0.54282 0.374836 0.498046 0.681187 0.655682 0.937487 1.41512 1.6134 1.31798 1.23343 1.05508 0.727771 0.447245 0.237416 0.120812 0.108834 0.134195 0.187884 0.242007 0.282513 0.411903 0.473871 0.594685 0.860372 1.29815 1.44262 1.34143
S_f
 0.198675 1 1 1 1
 0.198675 1 1 1 1
 0.198675 1 1 1 1
 0.198675 1 1 1 1
 0.198675 1 1 1 1
 0.198675 1 1 1 1
 0.198675 1 1 1 1
 0.198675 1 1 1 1
 0.198675 1 1 1 1
 0.198675 1 1 1 1
 0.198675 1 1 1 1
 0.198675 1 1 1 1
 0.198675 1 1 1 1
 0.198675 1 1 1 1
 0.198675 1 1 1 1
 0.198675 1 1 1 1
 0.198675 1 1 1 1
 0.198675 1 1 1 1
 0.198675 1 1 1 1
 0.198675 1 1 1 1
 0.198675 1 1 1 1
 0.198675 1 1 1 1
 0.198675 1 1 1 1
 0.198675 1 1 1 1
 0.198675 1 1 1 1
 0.198675 1 1 1 1
 0.198675 1 1 1 1
Scru_reclas
 1 1 1 1 1
 1 1 1 1 1
 1 1 1 1 1
 1 1 1 1 1
 1 1 1 1 1
 1 1 1 1 1
 1 1 1 1 1
 1 1 1 1 1
 1 1 1 1 1
 1 1 1 1 1
 1 1 1 1 1
 1 1 1 1 1
 1 1 1 1 1
 1 1 1 1 1
 1 1 1 1 1
 1 1 1 1 1
 1 1 1 1 1
 1 1 1 1 1
 1 1 1 1 1
 1 1 1 1 1
 1 1 1 1 1
 1 1 1 1 1
 1 1 1 1 1
 1 1 1 1 1
 1 1 1 1 1
 1 1 1 1 1
 1 1 1 1 1
Scru_pelaces
 1 1 1 1 1
 1 1 1 1 1
 1 1 1 1 1
 1 1 1 1 1
 1 1 1 1 1
 1 1 1 1 1
 1 1 1 1 1
 1 1 1 1 1
 1 1 1 1 1
 1 1 1 1 1
 1 1 1 1 1
 1 1 1 1 1
 1 1 1 1 1
 1 1 1 1 1
 1 1 1 1 1
 1 1 1 1 1
 1 1 1 1 1
 1 1 1 1 1
 1 1 1 1 1
 1 1 1 1 1
 1 1 1 1 1
 1 1 1 1 1
 1 1 1 1 1
 1 1 1 1 1
 1 1 1 1 1
 1 1 1 1 1
 1 1 1 1 1
pf_obs 
 0.256992 0.487395 0.22802 0.0275931 0
 0.321318 0.546541 0.124235 0.00734118 0.000564706
 0.182869 0.594174 0.210203 0.0122559 0.00049798
 0.330522 0.361315 0.267642 0.0388342 0.00168674
 0.649043 0.306663 0.0425973 0.00169635 0
 0.582887 0.30429 0.105238 0.00758474 0
 0.465427 0.430635 0.0974691 0.00646863 0
 0.296916 0.608066 0.0921331 0.00288517 0
 0.311714 0.524322 0.152257 0.0117073 0
 0.15457 0.633149 0.183074 0.0267441 0.00246327
 0.131901 0.49318 0.331252 0.0422183 0.00144891
 0.196976 0.569456 0.194076 0.0375587 0.00193317
 0.518974 0.381816 0.0799577 0.0180837 0.00116848
 0.0928022 0.601141 0.25162 0.0475244 0.00691264
 0.122501 0.610282 0.24278 0.0234846 0.000952079
 0.383417 0.481906 0.127806 0.00687128 0
 0.0376549 0.599619 0.316969 0.0457579 0
 0.0361596 0.667082 0.258105 0.0386534 0
 0.158088 0.579412 0.248529 0.0139706 0
 0.0477256 0.309471 0.559284 0.082774 0.000745712
 0.0406174 0.521527 0.379366 0.0568643 0.0016247
 0.151134 0.462217 0.34131 0.0453401 0
 0.294876 0.26143 0.354403 0.0886775 0.000613685
 0.281977 0.475581 0.204845 0.0348837 0.00271318
 0.0841818 0.532909 0.334909 0.0458182 0.00218182
 0.115287 0.27431 0.454777 0.147771 0.00785563
 0 0 0 0 0
pf_pred 
 0.384826 0.434502 0.161611 0.0190502 1.06417e-05
 0.313219 0.539187 0.104247 0.0387741 0.00457311
 0.177942 0.590724 0.181619 0.0351142 0.014601
 0.2591 0.412733 0.235818 0.0725026 0.0198464
 0.300346 0.450324 0.138894 0.0793582 0.0310776
 0.179521 0.561884 0.166442 0.0513361 0.0408176
 0.250866 0.40373 0.23654 0.0700683 0.0387946
 0.191882 0.51415 0.158428 0.092821 0.042719
 0.21352 0.442981 0.218545 0.0673415 0.0576127
 0.188861 0.485946 0.183163 0.0903635 0.0516658
 0.115738 0.494146 0.233715 0.0880918 0.0683087
 0.114766 0.390001 0.276748 0.130892 0.0875923
 0.191658 0.352184 0.200966 0.142607 0.112584
 0.176262 0.502225 0.140079 0.0799331 0.101501
 0.251192 0.475889 0.166396 0.0464106 0.0601121
 0.332366 0.481119 0.118536 0.0414462 0.0265329
 0.224003 0.578558 0.142282 0.0350546 0.0201035
 0.251153 0.463329 0.212872 0.0523506 0.0202947
 0.240477 0.489879 0.166835 0.0766508 0.026158
 0.313644 0.43142 0.16443 0.0559988 0.0345082
 0.26887 0.518991 0.133343 0.0508218 0.0279738
 0.261992 0.484076 0.180253 0.0463119 0.0273669
 0.31427 0.445907 0.157305 0.0585751 0.0239426
 0.300046 0.49523 0.133125 0.0469633 0.0246356
 0.120698 0.609152 0.191136 0.0513802 0.0276339
 0.204278 0.332199 0.321114 0.100757 0.0416522
 0.266401 0.420037 0.130907 0.126538 0.0561178
pobs_RECLAS
 0 0 0 0 0
 0 0 0 0 0
 0 0 0 0 0
 0 0 0 0 0
 0.835266 0.146461 0.0176864 0.000547809 3.91292e-05
 0.385257 0.428462 0.181853 0.0044286 0
 0.867414 0.0963971 0.0333333 0.00285562 0
 0.441836 0.489002 0.0689373 0.000224442 0
 0.779404 0.147425 0.0564933 0.0165055 0.000172143
 0.814271 0.122319 0.05973 0.00367925 0
 0.40263 0.566651 0.0304383 0.000280538 0
 0.475488 0.404961 0.113038 0.00651328 0
 0.955842 0.0263864 0.0167828 0.000988607 0
 0.975058 0.0227948 0.00214734 0 0
 0.738997 0.206755 0.0527124 0.00153531 0
 0.850938 0.134255 0.0134407 0.00136685 0
 0.542534 0.407297 0.0501686 0 0
 0.764087 0.199537 0.0359546 0.000420521 0
 0.470689 0.182191 0.310203 0.0369168 0
 0.84361 0.089868 0.0606195 0.00523954 0.000663233
 0.607945 0.314616 0.071237 0.00620181 0
 0.523733 0.453247 0.0230204 0 0
 0.530135 0.295979 0.169645 0.0042399 0
 0.562478 0.366248 0.0663022 0.0049721 0
 0.250443 0.683176 0.0655157 0.000865301 0
 0.195077 0.31981 0.436473 0.0351445 0.0134964
 0.565238 0.351407 0.0832357 0.000118908 0
ppred_RECLAS
 0.762424 0.167801 0.0624131 0.00735703 4.10975e-06
 0.699289 0.236086 0.0456449 0.0169775 0.00200236
 0.52598 0.340627 0.104726 0.0202478 0.00841932
 0.638352 0.201463 0.115107 0.03539 0.00968744
 0.683741 0.203556 0.0627833 0.0358716 0.0140477
 0.525794 0.324748 0.0961971 0.0296703 0.0235911
 0.628586 0.200166 0.117275 0.0347393 0.0192341
 0.546646 0.288438 0.0888782 0.0520725 0.0239653
 0.580024 0.23655 0.116702 0.03596 0.0307649
 0.541838 0.274481 0.103457 0.0510408 0.0291828
 0.402837 0.333709 0.157833 0.0594904 0.0461305
 0.400157 0.264269 0.187527 0.088694 0.0593535
 0.55381 0.194399 0.11093 0.0787164 0.0621445
 0.539346 0.280856 0.0783357 0.0447005 0.0567617
 0.644345 0.226029 0.0790315 0.0220432 0.0285509
 0.718863 0.202596 0.0499147 0.0174528 0.0111729
 0.595584 0.301519 0.0741509 0.0182689 0.0104771
 0.629983 0.228938 0.105184 0.0258672 0.0100279
 0.616061 0.247634 0.0843352 0.038747 0.0132229
 0.698464 0.189535 0.0722387 0.0246019 0.0151604
 0.649974 0.248465 0.0638374 0.0243307 0.0133924
 0.64218 0.234702 0.0873951 0.0224541 0.0132687
 0.698711 0.195918 0.0691152 0.0257361 0.0105197
 0.684366 0.223317 0.0600308 0.0211774 0.011109
 0.409574 0.409028 0.128342 0.0345003 0.0185553
 0.564704 0.181728 0.175664 0.0551187 0.0227856
 0.647529 0.201814 0.0628964 0.0607975 0.0269628
pobs_PELACES
 0 0 0 0 0
 0 0 0 0 0
 0 0 0 0 0
 0 0 0 0 0
 0 0 0 0 0
 0 0 0 0 0
 0 0 0 0 0
 0 0 0 0 0
 0 0 0 0 0
 0 0 0 0 0
 0.450072 0.473896 0.0757376 0.000293798 0
 0 0 0 0 0
 0.463077 0.371075 0.160297 0.00555027 0
 0.529543 0.364841 0.0842815 0.0213345 0
 0.631943 0.363953 0.00410389 0 0
 0.735681 0.248677 0.0153453 0.000297389 0
 0.695825 0.281241 0.0229344 0 0
 0.275771 0.60734 0.115278 0.00161068 0
 0 0 0 0 0
 0.896147 0.0623911 0.0374545 0.00400742 0
 0.803859 0.145111 0.0509908 3.86294e-05 0
 0.739449 0.233085 0.0266225 0.000797448 4.60066e-05
 0.878498 0.100942 0.0204185 0.000141795 0
 0.694673 0.275183 0.0284847 0.00165964 0
 0.469039 0.446079 0.0841089 0.000773354 0
 0.822795 0.102175 0.0682046 0.00682512 0
 0 0 0 0 0
ppred_PELACES
 0.777567 0.157106 0.0584351 0.00688812 3.84781e-06
 0.712114 0.226018 0.0436983 0.0162534 0.00191697
 0.546537 0.325854 0.100184 0.0193697 0.00805419
 0.641844 0.199518 0.113996 0.0350482 0.00959388
 0.684456 0.203096 0.0626414 0.0357906 0.014016
 0.534469 0.318807 0.0944374 0.0291275 0.0231595
 0.633639 0.197443 0.115679 0.0342666 0.0189723
 0.557615 0.281459 0.0867277 0.0508126 0.0233855
 0.592639 0.229444 0.113196 0.0348799 0.0298407
 0.553062 0.267757 0.100923 0.0497904 0.0284679
 0.427636 0.31985 0.151279 0.0570199 0.0442147
 0.423513 0.253979 0.180225 0.0852404 0.0570423
 0.590935 0.178224 0.1017 0.0721668 0.0569738
 0.603624 0.241666 0.0674049 0.0384631 0.0488413
 0.69582 0.193315 0.0675931 0.0188529 0.0244187
 0.736678 0.189759 0.0467518 0.0163469 0.0104649
 0.610911 0.290092 0.0713408 0.0175766 0.01008
 0.639913 0.222794 0.102361 0.0251731 0.00975881
 0.624332 0.242299 0.0825184 0.0379123 0.012938
 0.706006 0.184794 0.0704318 0.0239865 0.0147812
 0.653905 0.245675 0.0631204 0.0240575 0.013242
 0.647526 0.231195 0.0860892 0.0221186 0.0130705
 0.70454 0.192127 0.0677779 0.0252382 0.0103161
 0.689925 0.219384 0.0589735 0.0208044 0.0109134
 0.414788 0.405416 0.127209 0.0341956 0.0183915
 0.569899 0.179559 0.173567 0.0544609 0.0225137
 0.653593 0.198342 0.0618143 0.0597515 0.0264989
pobs_pel_tallas
 0 0 0 0 0 0 0 0 0 0 0 0 0 0 0 0 0 0 0 0 0 0 0 0 0 0 0 0 0 0 0 0 0 0 0 0
 0 0 0 0 0 0 0 0 0 0 0 0 0 0 0 0 0 0 0 0 0 0 0 0 0 0 0 0 0 0 0 0 0 0 0 0
 0 0 0 0 0 0 0 0 0 0 0 0 0 0 0 0 0 0 0 0 0 0 0 0 0 0 0 0 0 0 0 0 0 0 0 0
 0 0 0 0 0 0 0 0 0 0 0 0 0 0 0 0 0 0 0 0 0 0 0 0 0 0 0 0 0 0 0 0 0 0 0 0
 0 0 0 0 0 0 0 0 0 0 0 0 0 0 0 0 0 0 0 0 0 0 0 0 0 0 0 0 0 0 0 0 0 0 0 0
 0 0 0 0 0 0 0 0 0 0 0 0 0 0 0 0 0 0 0 0 0 0 0 0 0 0 0 0 0 0 0 0 0 0 0 0
 0 0 0 0 0 0 0 0 0 0 0 0 0 0 0 0 0 0 0 0 0 0 0 0 0 0 0 0 0 0 0 0 0 0 0 0
 0 0 0 0 0 0 0 0 0 0 0 0 0 0 0 0 0 0 0 0 0 0 0 0 0 0 0 0 0 0 0 0 0 0 0 0
 0 0 0 0 0 0 0 0 0 0 0 0 0 0 0 0 0 0 0 0 0 0 0 0 0 0 0 0 0 0 0 0 0 0 0 0
 0 0 0 0 0 0 0 0 0 0 0 0 0 0 0 0 0 0 0 0 0 0 0 0 0 0 0 0 0 0 0 0 0 0 0 0
 0 0 0 0 0 0 0 0 1.78061e-05 0.00172719 0.00360574 0.0105946 0.0120993 0.0124554 0.0147524 0.0171206 0.0266825 0.0428682 0.0675386 0.121331 0.153587 0.119568 0.100827 0.0573624 0.0630603 0.0341343 0.0324427 0.0444173 0.0211091 0.0280891 0.0125444 0.00206551 0 0 0 0
 0 0 0 0 0 0 0 0 0 0 0 0 0 0 0 0 0 0 0 0 0 0 0 0 0 0 0 0 0 0 0 0 0 0 0 0
 0 0 0 0 0 0 0.0133647 0.0140871 0.0187388 0.0205184 0.03894 0.0496705 0.03968 0.0493445 0.0407372 0.0367815 0.0215668 0.0243155 0.0234873 0.0199281 0.019796 0.0243948 0.0301388 0.0376714 0.0412746 0.0863199 0.0771752 0.113111 0.0741005 0.0525337 0.0229764 0.00759418 0.00175318 0 0 0
 0 0 0 0 0 0 0 0 0 0 0.00219441 0.00772107 0.0458388 0.0604681 0.0671733 0.0775358 0.0609151 0.0617685 0.073594 0.0568108 0.0755445 0.0548602 0.0670107 0.0636378 0.0643287 0.046367 0.0373049 0.0286899 0.0247887 0.0153202 0.00654259 0.00121912 0.000365735 0 0 0
 0 0 0 0 0 0 0 0 0 0 0 0 0.000112435 0.00938835 0.0111873 0.0202946 0.0414886 0.0713402 0.111592 0.104902 0.108894 0.110636 0.117776 0.105296 0.107544 0.0401394 0.0192827 0.0124803 0.00416011 0.0028671 0.000618394 0 0 0 0 0
 0 0 0 0 0 0 0 0 0 0 0.00291406 0.0102884 0.027416 0.0768956 0.0749926 0.110853 0.0956884 0.0897413 0.0766577 0.0534642 0.0500743 0.0551293 0.0594112 0.0620874 0.0668451 0.0424026 0.0208742 0.0120726 0.0048766 0.00582813 0.00118941 0.000297354 0 0 0 0
 0 0.00264628 0.0354308 0.0461629 0.0458689 0.0383711 0.0214643 0.0164657 0.0346957 0.0420465 0.0363128 0.0245516 0.0311673 0.0291091 0.0169068 0.0133784 0.00837989 0.0085269 0.0148486 0.0160247 0.0276389 0.0546898 0.0760071 0.122758 0.109233 0.0665981 0.0333725 0.0166128 0.00676272 0.00308733 0.000882094 0 0 0 0 0
 0 0 0 0 0 0 0 0.000805153 0.000690131 0.00759144 0.0133425 0.0154129 0.00931677 0.000345066 0.00356568 0.00563607 0.00851162 0.0253048 0.0502646 0.0516448 0.0657925 0.0565908 0.0611916 0.0827007 0.0866115 0.110766 0.145733 0.0935128 0.0569358 0.0249597 0.0138026 0.00621118 0.00161031 0.00115022 0 0
 0 0 0 0 0 0 0 0 0 0 0 0 0 0 0 0 0 0 0 0 0 0 0 0 0 0 0 0 0 0 0 0 0 0 0 0
 0.00147267 0.00158595 0.00478618 0.00569244 0.00954404 0.0108468 0.00647125 0.017049 0.0510054 0.094081 0.124002 0.0959785 0.0687766 0.0820023 0.061753 0.0591476 0.0492212 0.0479892 0.0443925 0.0268479 0.0217502 0.0140895 0.0121071 0.0120363 0.00920419 0.00665534 0.0049561 0.00860946 0.00930331 0.0156896 0.0114698 0.00855282 0.00243557 0.00046729 0 2.83206e-05
 0 0 0 0 0.000772559 0.00158375 0.000888443 0.00281984 0.00712685 0.0440552 0.0773331 0.111326 0.0921469 0.0852325 0.0710754 0.0886704 0.0786465 0.0553345 0.0373146 0.0185414 0.00753245 0.00457741 0.012979 0.0271748 0.0457355 0.0583668 0.034881 0.0177882 0.00938659 0.00492506 0.0015258 0.00185414 0.000309023 5.79419e-05 3.86279e-05 0
 0 0.00173294 0.00326652 0 0.00397197 0.00683976 0.00946217 0.0152591 0.00757587 0.0136028 0.0228656 0.0392903 0.0559909 0.0764795 0.0681675 0.0726916 0.0566044 0.0477403 0.0527397 0.0444891 0.0609904 0.0582453 0.0661739 0.0445044 0.0529084 0.0360697 0.0280645 0.0235558 0.0158879 0.00826598 0.00280645 0.00217768 0.000904811 0.00058276 9.20147e-05 0
 0 0 0 0 0 0 0 0 0 0 0 0 0 0 0 0 0 0 0 0 0 0 0 0 0 0 0 0 0 0 0 0 0 0 0 0
 0 0 0 0 0 0 0 0 0 0 0 0 0 0 0 0 0 0 0 0 0 0 0 0 0 0 0 0 0 0 0 0 0 0 0 0
 0 0 0 0 0 0 0 0 0 0 0 0 0 0 0 0 0 0 0 0 0 0 0 0 0 0 0 0 0 0 0 0 0 0 0 0
 0 0 0 0 0 0 0 0 0 0 0 0 0 0 0 0 0 0 0 0 0 0 0 0 0 0 0 0 0 0 0 0 0 0 0 0
 0 0 0 0 0 0 0 0 0 0 0 0 0 0 0 0 0 0 0 0 0 0 0 0 0 0 0 0 0 0 0 0 0 0 0 0
ppred_pel_tallas
 1.01118e-16 3.39247e-05 0.000199114 0.000946507 0.00364412 0.0113639 0.0287042 0.0587324 0.0973548 0.130743 0.142269 0.125479 0.0897951 0.0523506 0.0253052 0.0109747 0.00564776 0.00495789 0.00622984 0.00828949 0.0106576 0.0130461 0.0151903 0.0168432 0.0178177 0.018025 0.0174916 0.0163436 0.0147698 0.0129739 0.0111334 0.00937568 0.00777359 0.00635544 0.00512179 0.00406085
 1.01343e-16 3.10734e-05 0.000182368 0.000866881 0.00333751 0.0104077 0.0262891 0.0537915 0.0891672 0.119755 0.130331 0.114996 0.0823936 0.0482376 0.0236946 0.0109206 0.00655079 0.00660846 0.00864192 0.0115388 0.0147827 0.017997 0.0208093 0.0228726 0.0239331 0.0238866 0.0228001 0.020887 0.0184475 0.0157962 0.013198 0.0108319 0.0087856 0.00707218 0.00565968 0.00449836
 1.02571e-16 2.38576e-05 0.000139996 0.000665418 0.00256179 0.00798863 0.0201789 0.0412903 0.0684494 0.0919444 0.100103 0.0884155 0.063547 0.0376039 0.019218 0.0101177 0.00779478 0.00925365 0.0126272 0.017012 0.021885 0.0267597 0.0311096 0.0344308 0.0363436 0.0366758 0.0354947 0.0330748 0.029817 0.0261482 0.0224347 0.0189318 0.0157765 0.0130101 0.0106163 0.00855566
 1.03336e-16 2.80084e-05 0.000164376 0.000781349 0.0030082 0.00938076 0.0236951 0.0484838 0.0803692 0.107939 0.117474 0.103656 0.0742768 0.0435041 0.0214064 0.00993465 0.00606724 0.0062361 0.00825256 0.0111393 0.0144577 0.0178921 0.0211212 0.0238305 0.0257676 0.0267905 0.0268888 0.0261684 0.0248101 0.0230167 0.0209694 0.0188037 0.0166081 0.0144366 0.0123271 0.0103147
 1.02841e-16 2.98664e-05 0.000175285 0.00083321 0.00320788 0.0100034 0.025268 0.051702 0.0857033 0.115102 0.125265 0.110521 0.0791752 0.0463303 0.0227158 0.010402 0.00615416 0.00615379 0.00805405 0.0108031 0.0139296 0.0171012 0.0199898 0.0222842 0.0237479 0.0242686 0.0238772 0.0227271 0.0210457 0.0190731 0.0170114 0.0149975 0.0131007 0.0113402 0.00970957 0.0081974
 1.03528e-16 2.3331e-05 0.000136905 0.000650726 0.00250523 0.00781224 0.0197333 0.0403786 0.066938 0.0899144 0.0978932 0.0864643 0.0621461 0.036778 0.0188019 0.00990893 0.00764787 0.00909145 0.0124167 0.0167437 0.0215652 0.0264103 0.0307691 0.0341524 0.0361913 0.0367166 0.0357898 0.0336704 0.0307371 0.0273907 0.0239706 0.0207084 0.0177229 0.0150447 0.0126551 0.0105203
 1.03771e-16 2.76505e-05 0.000162275 0.000771362 0.00296975 0.00926085 0.0233922 0.0478641 0.0793419 0.10656 0.115973 0.102332 0.0733299 0.0429529 0.0211418 0.00982352 0.00601635 0.00619951 0.00821422 0.0110978 0.0144193 0.0178689 0.0211307 0.0238945 0.0259102 0.0270351 0.0272544 0.0266669 0.0254434 0.0237762 0.021836 0.0197499 0.0176005 0.0154396 0.0133058 0.0112381
 1.04162e-16 2.43388e-05 0.000142825 0.000678878 0.00261363 0.0081503 0.0205872 0.0421254 0.0698323 0.0937975 0.102109 0.0901589 0.0647388 0.0381862 0.0192895 0.00979106 0.00711192 0.00818404 0.0111067 0.0149858 0.0193424 0.0237582 0.0277868 0.030999 0.0330674 0.033836 0.0333463 0.0318088 0.0295352 0.0268544 0.0240426 0.0212855 0.0186762 0.0162395 0.0139661 0.0118416
 1.04275e-16 2.5864e-05 0.000151784 0.000721479 0.00277768 0.00866187 0.0218793 0.0447687 0.0742123 0.0996745 0.10849 0.0957554 0.0686741 0.0403401 0.0200688 0.00968307 0.00641466 0.00698555 0.00937917 0.0126788 0.0164432 0.0203245 0.0239585 0.0269892 0.0291347 0.0302423 0.0303122 0.0294772 0.0279533 0.0259765 0.0237517 0.0214245 0.019081 0.0167654 0.014503 0.0123193
 1.04561e-16 2.41397e-05 0.000141658 0.00067333 0.00259228 0.0080837 0.0204189 0.0417811 0.0692612 0.0930296 0.101271 0.0894136 0.0641923 0.0378412 0.019074 0.0096154 0.00690543 0.00790112 0.0107215 0.0144891 0.0187442 0.023091 0.0271066 0.0303808 0.0325957 0.033591 0.0333896 0.0321719 0.0302137 0.0278097 0.025209 0.0225817 0.0200182 0.0175511 0.0151865 0.0129292
 1.06277e-16 1.86728e-05 0.000109557 0.000520708 0.00200463 0.00625112 0.0157901 0.0323105 0.0535653 0.0719584 0.0783623 0.0692573 0.0498741 0.0297084 0.015546 0.0087793 0.0074896 0.00937372 0.0129978 0.0176581 0.0229169 0.0283326 0.0334069 0.0376472 0.0406628 0.0422436 0.0423909 0.0412901 0.03924 0.0365656 0.0335462 0.0303776 0.0271725 0.0239858 0.0208491 0.0177963
 1.08236e-16 1.84903e-05 0.000108492 0.000515658 0.0019852 0.00619057 0.0156371 0.0319969 0.0530438 0.0712528 0.0775805 0.0685347 0.049285 0.0292202 0.0150409 0.0081045 0.00649234 0.00791647 0.0109711 0.0150025 0.0196525 0.0245848 0.0294157 0.0337526 0.0372635 0.0397363 0.0411043 0.0414293 0.0408547 0.0395487 0.03766 0.0352985 0.0325429 0.0294611 0.0261335 0.0226643
 1.06644e-16 2.57874e-05 0.00015134 0.000719378 0.00276961 0.00863672 0.0218157 0.0446383 0.0739946 0.0993777 0.108156 0.0954334 0.0683843 0.0400517 0.0197069 0.00914794 0.00559693 0.0057764 0.00768339 0.0104357 0.0136522 0.0170685 0.020415 0.0234231 0.0258704 0.0276199 0.0286359 0.0289695 0.0287237 0.0280113 0.0269229 0.0255156 0.0238204 0.0218608 0.0196726 0.0173163
 1.0464e-16 2.63433e-05 0.000154597 0.000734852 0.00282916 0.00882243 0.0222849 0.0455987 0.0755881 0.101523 0.110503 0.0975334 0.069953 0.0410985 0.0204583 0.00988865 0.00656787 0.00715266 0.00958112 0.0129081 0.0166699 0.0204986 0.0240131 0.0268499 0.0287327 0.0295311 0.0292816 0.0281622 0.0264331 0.0243646 0.0221776 0.0200131 0.017933 0.0159432 0.0140255 0.0121647
 1.02812e-16 3.03616e-05 0.000178193 0.000847036 0.00326112 0.0101695 0.0256873 0.0525599 0.087125 0.11701 0.127339 0.112343 0.0804642 0.0470518 0.0230084 0.0104328 0.00603106 0.00591713 0.00770496 0.0103305 0.013326 0.0163712 0.0191524 0.0213721 0.0228034 0.0233365 0.0229978 0.0219303 0.0203477 0.0184773 0.0165116 0.0145817 0.0127563 0.011056 0.00947743 0.00801181
 1.01777e-16 3.2143e-05 0.000188651 0.000896759 0.00345256 0.0107665 0.0271953 0.0556454 0.0922391 0.123876 0.134807 0.118921 0.0851521 0.0497454 0.0242358 0.0108354 0.00604545 0.00574107 0.00738805 0.00985723 0.0126581 0.015464 0.0179622 0.0198614 0.020945 0.0211185 0.0204272 0.0190358 0.0171807 0.0151102 0.0130335 0.0110921 0.00935588 0.00783865 0.00652146 0.0053746
 1.02183e-16 2.66631e-05 0.00015647 0.000743745 0.00286339 0.00892914 0.0225545 0.0461507 0.0765044 0.102757 0.111857 0.0987521 0.0708789 0.0417467 0.0209733 0.0104543 0.00734888 0.00828001 0.0111522 0.0149784 0.0192343 0.0234718 0.0272201 0.0300332 0.0315802 0.0317184 0.0305211 0.0282471 0.0252668 0.0219701 0.0186875 0.0156447 0.0129556 0.0106444 0.00868133 0.00701617
 1.02847e-16 2.79251e-05 0.000163885 0.00077901 0.00299919 0.00935264 0.0236241 0.0483387 0.0801293 0.107619 0.117131 0.103365 0.0740952 0.0434514 0.0214797 0.010134 0.00640913 0.00675116 0.00897359 0.0120868 0.015626 0.0192398 0.0225671 0.0252594 0.0270444 0.0277811 0.0274833 0.0262999 0.0244648 0.0222337 0.0198306 0.0174178 0.0150923 0.0129008 0.0108622 0.00898651
 1.03158e-16 2.72464e-05 0.000159899 0.000760056 0.0029262 0.00912505 0.0230493 0.0471627 0.0781805 0.105004 0.11429 0.100871 0.072337 0.0424789 0.0211078 0.0101396 0.0066517 0.00718238 0.00959661 0.0129166 0.0166649 0.020465 0.0239273 0.0266789 0.0284346 0.0290567 0.0285785 0.0271805 0.025133 0.0227236 0.0201973 0.017723 0.0153906 0.0132301 0.0112397 0.00940989
 1.02575e-16 3.08054e-05 0.000180799 0.000859429 0.00330883 0.0103183 0.0260632 0.0533289 0.0883994 0.11872 0.129197 0.113976 0.0816203 0.0476998 0.0232731 0.0104648 0.00592787 0.00571622 0.00740884 0.00993091 0.0128181 0.0157601 0.018456 0.0206197 0.0220311 0.0225814 0.0222907 0.0212908 0.0197819 0.0179786 0.0160647 0.0141682 0.0123592 0.010664 0.00908618 0.00762375
 1.02422e-16 2.8536e-05 0.00016747 0.000796049 0.00306479 0.00955721 0.0241409 0.0493962 0.0818826 0.109975 0.119698 0.105638 0.0757401 0.0444471 0.0220287 0.0104847 0.00674611 0.00717854 0.00953824 0.012796 0.0164508 0.0201122 0.0233818 0.0258827 0.027334 0.0276111 0.0267694 0.0250186 0.0226605 0.0200125 0.0173426 0.014832 0.0125712 0.0105795 0.00883488 0.00730268
 1.02669e-16 2.82574e-05 0.000165835 0.000788279 0.00303487 0.00946393 0.0239052 0.048914 0.081083 0.1089 0.118526 0.104598 0.0749835 0.0439806 0.0217564 0.0102884 0.00653554 0.00689989 0.00916477 0.0123218 0.0158914 0.0195069 0.0227936 0.0253927 0.0270295 0.0275709 0.0270478 0.0256336 0.0235896 0.0211961 0.0186943 0.0162539 0.0139686 0.0118734 0.00996993 0.00824926
 1.02375e-16 3.07418e-05 0.000180425 0.000857648 0.00330198 0.0102969 0.0260092 0.0532185 0.0882165 0.118475 0.128933 0.113747 0.0814648 0.0476268 0.0232707 0.0105197 0.00603615 0.00588377 0.00764543 0.0102439 0.0132074 0.0162145 0.0189517 0.0211217 0.0224974 0.0229691 0.0225632 0.0214235 0.0197657 0.01782 0.0157837 0.0137936 0.0119239 0.0102004 0.00862287 0.00718348
 1.02134e-16 3.01056e-05 0.000176687 0.000839874 0.00323353 0.0100834 0.02547 0.0521156 0.0863892 0.116024 0.126272 0.111416 0.0798328 0.0467469 0.0229789 0.0106204 0.00641479 0.00651429 0.00854927 0.0114484 0.0147177 0.0179974 0.0209292 0.0231761 0.0244857 0.0247456 0.0240037 0.0224455 0.0203395 0.0179684 0.0155717 0.0133125 0.0112732 0.00947309 0.0078948 0.00650912
 1.03973e-16 1.8116e-05 0.00010628 0.000505113 0.00194455 0.00606376 0.0153169 0.031343 0.0519641 0.0698155 0.07605 0.0672643 0.0485488 0.0291389 0.015649 0.00946642 0.00876347 0.0113239 0.0157446 0.021287 0.0274224 0.0335778 0.0391071 0.0433859 0.0459415 0.0465558 0.0453048 0.0425183 0.0386808 0.0343072 0.0298376 0.0255764 0.0216853 0.0182127 0.0151413 0.012431
 1.05446e-16 2.48705e-05 0.000145956 0.00069378 0.00267105 0.00832936 0.0210393 0.0430498 0.0713619 0.0958432 0.104313 0.0920502 0.0659778 0.0386787 0.0191005 0.00898605 0.00566686 0.00599331 0.00804389 0.0109742 0.0144168 0.0181074 0.0217664 0.0251047 0.0278688 0.0298826 0.0310687 0.0314404 0.0310743 0.0300753 0.0285488 0.0265885 0.0242789 0.0217055 0.0189646 0.016165
 1.04234e-16 2.85204e-05 0.000167383 0.000795645 0.00306325 0.00955243 0.0241287 0.049371 0.0818395 0.109913 0.11962 0.105544 0.0756188 0.044267 0.0217379 0.0100126 0.00600771 0.00608276 0.00800295 0.0107696 0.0139368 0.0171902 0.0202167 0.0227172 0.0244612 0.0253333 0.0253508 0.0246438 0.0234077 0.0218473 0.02013 0.0183632 0.016596 0.0148393 0.0130904 0.0113531
pSPR Fmed_Fpbrs
0.44186   0.6 0.325
Fs Fmed_Fpbrs
0.64   0.343603 1.04586
SSBpbr Bo_Bmed_Bpbrs
3.06267e+06  1.20014e+06  1.68447e+06 842235
Ro
71682.4
SPR SPRFo_SPRFmed_SPRFpbrs
1.48054e+06 654193 481177
log_Ro
11
likeval ReclasPelacesDesembMPH_pf_preclas_ppelaces_ptallas_desvR_qrecl_qpela
 64.5772 24.6371 0.0376878 0.000785805 340.725 223.426 55.2148 0 19.0921 0.000103562 3.44732e-07 7.66978e-16 0 0 0
q_reclas_q_pelaces
0.23644 1.08712
M
0.7
N
 76722.7 19222.1 7149.57 842.766 0.470782
 96374.5 35728.3 6907.71 2569.3 303.029
 62243.6 45688.4 14047 2715.84 1129.29
 89949.8 29047.8 16596.6 5102.66 1396.77
 147597 44161.8 13620.9 7782.42 3047.68
 112291 73112.8 21657.6 6679.9 5311.23
 165069 54322.1 31826.6 9427.72 5219.83
 142903 80645.1 24849.7 14559.1 6700.52
 155545 68637.2 33862.2 10434.2 8926.74
 136906 74281 27998 13812.8 7897.56
 67947.7 65710.3 31078.8 11714.2 9083.5
 40884.3 31249 22174.5 10487.8 7018.36
 42745.3 18883.4 10775.4 7646.3 6036.55
 24421.3 18939.4 5282.53 3014.36 3827.7
 19929.3 9953.74 3480.35 970.729 1257.31
 25717.4 8306.08 2046.41 715.531 458.067
 21397.4 11936.4 2935.46 723.223 414.762
 26114.3 10126.5 4652.51 1144.17 443.558
 29621 12557.2 4276.53 1964.81 670.515
 49986.5 14326.4 5460.29 1859.58 1145.93
 61561.3 24158.9 6207.06 2365.74 1302.17
 79694.2 30175.1 11236.2 2886.88 1705.93
 132954 38886.9 13718.3 5108.24 2088
 190529 64656 17380.5 6131.41 3216.36
 89936.9 92793.5 29116.2 7826.86 4209.53
 132246 43945.1 42478.6 13328.7 5509.97
 199170 64635.3 20143.9 19471.7 8635.42
pred_Ctot
 3446.65 3891.56 1447.45 170.62 0.0953112
 3150.77 5423.86 1048.65 390.041 46.0023
 2705.57 8981.8 2761.47 533.903 222.005
 733.147 1167.87 667.268 205.153 56.1573
 263.449 395.002 121.831 69.6092 27.2598
 2088.79 6537.73 1936.61 597.314 474.928
 1922.16 3093.42 1812.39 536.869 297.248
 3375.33 9044.24 2786.86 1632.78 751.455
 4296.94 8914.68 4398.06 1355.2 1159.41
 3301.52 8494.92 3201.9 1579.66 903.18
 3626.2 15482.1 7322.53 2760.01 2140.18
 2063.8 7013.23 4976.63 2353.78 1575.14
 3334.4 6127.18 3496.34 2481.02 1958.7
 3183.73 9071.44 2530.18 1443.79 1833.36
 2326.82 4408.21 1541.34 429.906 556.824
 1213.22 1756.21 432.686 151.29 96.8522
 724.91 1872.31 460.447 113.443 65.0583
 595.98 1099.47 505.141 124.227 48.1588
 555.502 1131.62 385.389 177.063 60.425
 962.701 1324.2 504.702 171.883 105.92
 572.931 1105.91 284.138 108.295 59.6089
 997.519 1843.1 686.306 176.33 104.198
 1982.12 2812.36 992.134 369.437 151.008
 2639.29 4356.18 1171.01 413.102 216.701
 1038.25 5239.99 1644.17 441.978 237.709
 1501.78 2442.22 2360.72 740.733 306.213
 2845.46 4486.47 1398.23 1351.57 599.402
F
 0.0642555 0.32342 0.32342 0.32342 0.32342
 0.0463978 0.233536 0.233536 0.233536 0.233536
 0.0621147 0.312644 0.312644 0.312644 0.312644
 0.0113906 0.0573329 0.0573329 0.0573329 0.0573329
 0.00248466 0.0125061 0.0125061 0.0125061 0.0125061
 0.0261657 0.131701 0.131701 0.131701 0.131701
 0.0163088 0.0820876 0.0820876 0.0820876 0.0820876
 0.0333294 0.167758 0.167758 0.167758 0.167758
 0.0390798 0.196702 0.196702 0.196702 0.196702
 0.0340392 0.171331 0.171331 0.171331 0.171331
 0.0767508 0.386313 0.386313 0.386313 0.386313
 0.0724609 0.36472 0.36472 0.36472 0.36472
 0.114016 0.57388 0.57388 0.57388 0.57388
 0.197506 0.994113 0.994113 0.994113 0.994113
 0.175204 0.881862 0.881862 0.881862 0.881862
 0.0675743 0.340124 0.340124 0.340124 0.340124
 0.0481165 0.242187 0.242187 0.242187 0.242187
 0.0321876 0.162011 0.162011 0.162011 0.162011
 0.0263823 0.132791 0.132791 0.132791 0.132791
 0.027102 0.136414 0.136414 0.136414 0.136414
 0.0130156 0.0655117 0.0655117 0.0655117 0.0655117
 0.01754 0.0882847 0.0882847 0.0882847 0.0882847
 0.0209223 0.105309 0.105309 0.105309 0.105309
 0.0194277 0.0977863 0.0977863 0.0977863 0.0977863
 0.0161673 0.0813755 0.0813755 0.0813755 0.0813755
 0.0159018 0.0800391 0.0800391 0.0800391 0.0800391
 0.020042 0.100878 0.100878 0.100878 0.100878
Np
 59791.9 27732.5 34141.5 10219.3 4306.57
YTP_r0W_actual
 77810.8 297781 134911 166541 81962.8
YTP_p0W_proyectada
 23359.2 446622 194337 77347.2 120218
 23359.2 127766 228658 87405.6 40875.7
CTP_r0_actual
 9489.12 13786.1 4296.52 4153.15 1841.86
CTP_p0_proyectada
 2848.69 20677 6189.08 1928.86 2701.52
 2848.69 5915.1 7282.09 2179.69 918.554
Wmedp
 8.2 21.6 31.4 40.1 44.5
nmprior
 10.8 10.6 4.6 0
nm_flota  nm_reclas  nm_pelaces    nm_pelaL
inf 11.4573 20.1035 66.7697
cv_recla  cv_pelaces  cv_mph
0.695938 0.543733 0.749192
 ------------------------------------------------
Talla a la edad & desviaci?n 
 7.2 14.2025 17.0495 18.207 18.6776
 1.08 2.13037 2.55742 2.73105 2.80164
