years
 1997 1998 1999 2000 2001 2002 2003 2004 2005 2006 2007 2008 2009 2010 2011 2012 2013 2014 2015 2016 2017 2018 2019 2020 2021 2022 2023
reclasobs
 0 0 0 370054 412103 1.49427e+06 250295 1.28982e+06 931140 785840 897777 1.04006e+06 184774 17550 25797 100020 73551 82996 120727 218422 84188 347160 605670 569463 516374 1.08416e+06 1.01767e+06
reclaspred
 508884 134206 381710 252375 374272 466805 1.0049e+06 686614 764303 748753 619473 411990 249173 103599 64665.1 65673.1 80614.2 110575 122718 169101 250753 235118 405652 549660 713567 690822 665874
pelacesobs
 0 0 0 0 0 0 0 0 0 2.06254e+06 1.5e+06 0 1.87456e+06 323000 250000 174000 83755 137374 0 501740 490994 745055 786931 1.00524e+06 1.33801e+06 1.41789e+06 0
pelacespred
 2.09541e+06 450187 783368 802324 1.05994e+06 979298 2.70807e+06 2.13859e+06 2.1987e+06 2.13245e+06 1.48682e+06 1.0221e+06 639652 208258 141777 148465 190155 270499 292485 411411 694756 600568 858990 1.33805e+06 1.63432e+06 1.75142e+06 1.62911e+06
mphobs
 0 0 0 0 0 0 112323 0 153150 637223 0 255016 313432 73983 77613 109348 50772 17779 17303 59886 28197 0 207744 136588 643089 65757 70829
mphpred
 169793 98364.5 113546 121037 127145 204028 303594 365918 317105 328677 320324 218016 127070 70145.9 28619 24548.5 28199.8 39577 53557.4 59561.2 94377.4 74737.7 90862 136864 189435 195502 184458
desembarqueobs
 350755 77701 442110 56441 14545 235359 269955 359681 431902 328805 639364 411747 362871 311530 167758 66681 60226 58785 57116 73181 50977 67692 138656 160484 209506 203330 245020
desembarquepred
 350763 77702 442125 56444 14545.2 235427 270005 359687 431954 328826 639428 411883 363066 311766 167658 66684.2 60252.5 58781.9 57106.1 73180.1 50978.5 67683.3 138660 160490 209492 203316 245006
Reclutas
 42405.3 51715 27547.9 39321.1 71187.5 51121 90460.7 85751.9 108648 120180 63893.2 42491.6 47174.7 25178.1 15895.7 15140.9 11157 13448.8 15087.7 24044.9 31007.6 39504.1 65026.4 92526.5 42030 60470.4 83838.5
log_desv_Rt
 0.0150275 0.213502 -0.416317 -0.0604839 0.533073 0.201951 0.77267 0.719214 0.955868 1.05674 0.424969 0.0170608 0.121612 -0.506272 -0.966195 -1.01485 -1.32017 -1.13336 -1.01837 -0.552323 -0.298012 -0.0558402 0.442548 0.79525 0.00613833 0.369909 0.696648
SSB
 540871 313337 361699 385560 405017 649924 941607 1.153e+06 987641 1.02564e+06 1.02038e+06 694482 419089 217665 93649 80120.1 95298.8 127143 162538 190275 284889 344373 430619 619135 937162 994027 883097
BT
 1.80938e+06 460526 809902 644714 783532 899472 2.15611e+06 1.96181e+06 1.99564e+06 1.86817e+06 1.65456e+06 1.12021e+06 816548 440885 239452 162194 186492 244000 261174 358162 547563 501034 721007 1.10375e+06 1.35091e+06 1.45223e+06 1.39393e+06
Ftot
 0.595038 0.512222 0.821523 0.176472 0.0343472 0.33492 0.217746 0.411663 0.468303 0.355219 0.700511 0.673006 1.1142 2.06326 2.20028 0.851848 0.608701 0.43222 0.344343 0.354913 0.163342 0.210368 0.252526 0.236583 0.194688 0.202017 0.269318
BD_Bspro_t
 0.929358 0.692913 0.630271 0.465324 0.604613 0.760665 0.714631 0.729486 0.665015 0.629577 0.600403 0.433364 0.31951 0.218319 0.119405 0.124697 0.193221 0.311979 0.425007 0.524526 0.647889 0.744843 0.754626 0.764462 0.785115 0.743676 0.719243
BD_Bspro
 0.62689 0.36317 0.419223 0.446878 0.46943 0.753287 1.09136 1.33637 1.14471 1.18876 1.18266 0.804931 0.48574 0.252282 0.108543 0.0928622 0.110455 0.147364 0.188388 0.220536 0.330197 0.399142 0.499104 0.717602 1.08621 1.15211 1.02354
BD_Bo
 0.409419 0.237185 0.273793 0.291854 0.306583 0.491968 0.712761 0.872781 0.747608 0.776375 0.772393 0.525697 0.317234 0.164765 0.0708888 0.0606479 0.0721376 0.0962428 0.123035 0.144031 0.21565 0.260678 0.325963 0.468663 0.709397 0.752441 0.668471
BD_Brms
 0.744399 0.431245 0.497805 0.530644 0.557424 0.894488 1.29593 1.58687 1.35929 1.41159 1.40435 0.955813 0.57679 0.299572 0.128889 0.110269 0.131159 0.174987 0.223701 0.261875 0.392092 0.47396 0.59266 0.852114 1.28981 1.36808 1.2154
S_f
 0.158235 1 1 1 1
 0.158235 1 1 1 1
 0.158235 1 1 1 1
 0.158235 1 1 1 1
 0.158235 1 1 1 1
 0.158235 1 1 1 1
 0.158235 1 1 1 1
 0.158235 1 1 1 1
 0.158235 1 1 1 1
 0.158235 1 1 1 1
 0.158235 1 1 1 1
 0.158235 1 1 1 1
 0.158235 1 1 1 1
 0.158235 1 1 1 1
 0.158235 1 1 1 1
 0.158235 1 1 1 1
 0.158235 1 1 1 1
 0.158235 1 1 1 1
 0.158235 1 1 1 1
 0.158235 1 1 1 1
 0.158235 1 1 1 1
 0.158235 1 1 1 1
 0.158235 1 1 1 1
 0.158235 1 1 1 1
 0.158235 1 1 1 1
 0.158235 1 1 1 1
 0.158235 1 1 1 1
Scru_reclas
 0.722898 1 1 1 1
 0.722898 1 1 1 1
 0.722898 1 1 1 1
 0.722898 1 1 1 1
 0.722898 1 1 1 1
 0.722898 1 1 1 1
 0.722898 1 1 1 1
 0.722898 1 1 1 1
 0.722898 1 1 1 1
 0.722898 1 1 1 1
 0.722898 1 1 1 1
 0.722898 1 1 1 1
 0.722898 1 1 1 1
 0.722898 1 1 1 1
 0.722898 1 1 1 1
 0.722898 1 1 1 1
 0.722898 1 1 1 1
 0.722898 1 1 1 1
 0.722898 1 1 1 1
 0.722898 1 1 1 1
 0.722898 1 1 1 1
 0.722898 1 1 1 1
 0.722898 1 1 1 1
 0.722898 1 1 1 1
 0.722898 1 1 1 1
 0.722898 1 1 1 1
 0.722898 1 1 1 1
Scru_pelaces
 1 1 1 1 1
 1 1 1 1 1
 1 1 1 1 1
 1 1 1 1 1
 1 1 1 1 1
 1 1 1 1 1
 1 1 1 1 1
 1 1 1 1 1
 1 1 1 1 1
 1 1 1 1 1
 1 1 1 1 1
 1 1 1 1 1
 1 1 1 1 1
 1 1 1 1 1
 1 1 1 1 1
 1 1 1 1 1
 1 1 1 1 1
 1 1 1 1 1
 1 1 1 1 1
 1 1 1 1 1
 1 1 1 1 1
 1 1 1 1 1
 1 1 1 1 1
 1 1 1 1 1
 1 1 1 1 1
 1 1 1 1 1
 1 1 1 1 1
pf_obs 
 0.256992 0.487395 0.22802 0.0275931 0
 0.321318 0.546541 0.124235 0.00734118 0.000564706
 0.182869 0.594174 0.210203 0.0122559 0.00049798
 0.330522 0.361315 0.267642 0.0388342 0.00168674
 0.649043 0.306663 0.0425973 0.00169635 0
 0.582887 0.30429 0.105238 0.00758474 0
 0.465427 0.430635 0.0974691 0.00646863 0
 0.296916 0.608066 0.0921331 0.00288517 0
 0.311714 0.524322 0.152257 0.0117073 0
 0.15457 0.633149 0.183074 0.0267441 0.00246327
 0.131901 0.49318 0.331252 0.0422183 0.00144891
 0.196976 0.569456 0.194076 0.0375587 0.00193317
 0.518974 0.381816 0.0799577 0.0180837 0.00116848
 0.0928022 0.601141 0.25162 0.0475244 0.00691264
 0.122501 0.610282 0.24278 0.0234846 0.000952079
 0.383417 0.481906 0.127806 0.00687128 0
 0.0376549 0.599619 0.316969 0.0457579 0
 0.0361596 0.667082 0.258105 0.0386534 0
 0.158088 0.579412 0.248529 0.0139706 0
 0.0477256 0.309471 0.559284 0.082774 0.000745712
 0.0406174 0.521527 0.379366 0.0568643 0.0016247
 0.151134 0.462217 0.34131 0.0453401 0
 0.294876 0.26143 0.354403 0.0886775 0.000613685
 0.281977 0.475581 0.204845 0.0348837 0.00271318
 0.0841818 0.532909 0.334909 0.0458182 0.00218182
 0.115287 0.27431 0.454777 0.147771 0.00785563
 0 0 0 0 0
pf_pred 
 0.323048 0.477002 0.178744 0.0211946 1.07319e-05
 0.290769 0.568607 0.0990882 0.0371307 0.004405
 0.157702 0.647748 0.155976 0.0271811 0.0113938
 0.261542 0.473423 0.203818 0.0490788 0.0121378
 0.298685 0.497126 0.130905 0.0563571 0.0169268
 0.159669 0.615367 0.159465 0.0419909 0.0235076
 0.273611 0.425172 0.220579 0.0571605 0.023478
 0.207981 0.574531 0.1273 0.0660433 0.0241439
 0.254035 0.499517 0.178774 0.0396113 0.028063
 0.239383 0.555301 0.137485 0.0492049 0.0186264
 0.13816 0.605467 0.187169 0.0463406 0.0228631
 0.149732 0.501054 0.245333 0.0758402 0.0280411
 0.256858 0.452131 0.171489 0.0839669 0.0355541
 0.229085 0.612461 0.096404 0.0365652 0.0254844
 0.311329 0.587158 0.080648 0.0126943 0.0081706
 0.341976 0.595802 0.05305 0.00728659 0.00188516
 0.217018 0.65333 0.117392 0.0104525 0.00180712
 0.25738 0.521937 0.184141 0.0330868 0.00345537
 0.2402 0.55461 0.144214 0.0508791 0.0100968
 0.299571 0.491937 0.152187 0.039573 0.0167321
 0.260238 0.564002 0.123442 0.0381886 0.0141287
 0.241028 0.535938 0.170043 0.0372171 0.0157734
 0.290593 0.489041 0.155609 0.0493718 0.0153857
 0.276978 0.53867 0.127085 0.0404377 0.0168283
 0.105427 0.65354 0.179576 0.0423663 0.0190907
 0.186243 0.365976 0.327132 0.0898871 0.0307625
 0.235985 0.469354 0.132519 0.118454 0.0436871
pobs_RECLAS
 0 0 0 0 0
 0 0 0 0 0
 0 0 0 0 0
 0 0 0 0 0
 0.835266 0.146461 0.0176864 0.000547809 3.91292e-05
 0.385257 0.428462 0.181853 0.0044286 0
 0.867414 0.0963971 0.0333333 0.00285562 0
 0.441836 0.489002 0.0689373 0.000224442 0
 0.779404 0.147425 0.0564933 0.0165055 0.000172143
 0.814271 0.122319 0.05973 0.00367925 0
 0.40263 0.566651 0.0304383 0.000280538 0
 0.475488 0.404961 0.113038 0.00651328 0
 0.955842 0.0263864 0.0167828 0.000988607 0
 0.975058 0.0227948 0.00214734 0 0
 0.738997 0.206755 0.0527124 0.00153531 0
 0.850938 0.134255 0.0134407 0.00136685 0
 0.542534 0.407297 0.0501686 0 0
 0.764087 0.199537 0.0359546 0.000420521 0
 0.470689 0.182191 0.310203 0.0369168 0
 0.84361 0.089868 0.0606195 0.00523954 0.000663233
 0.607945 0.314616 0.071237 0.00620181 0
 0.523733 0.453247 0.0230204 0 0
 0.530135 0.295979 0.169645 0.0042399 0
 0.562478 0.366248 0.0663022 0.0049721 0
 0.250443 0.683176 0.0655157 0.000865301 0
 0.195077 0.31981 0.436473 0.0351445 0.0134964
 0.565238 0.351407 0.0832357 0.000118908 0
ppred_RECLAS
 0.694697 0.215126 0.0806131 0.00955868 4.84003e-06
 0.659875 0.272686 0.0475196 0.0178067 0.0021125
 0.477484 0.401827 0.0967587 0.0168616 0.00706806
 0.620351 0.243392 0.104785 0.0252319 0.00624018
 0.660906 0.240366 0.0632939 0.0272493 0.0081843
 0.469839 0.388232 0.100606 0.0264918 0.0148308
 0.63536 0.213432 0.110728 0.028694 0.0117857
 0.551997 0.324982 0.072007 0.0373572 0.0136569
 0.616181 0.257015 0.0919838 0.0203811 0.0144392
 0.595169 0.295554 0.0731751 0.0261888 0.00991372
 0.435784 0.396378 0.122533 0.0303375 0.0149677
 0.458314 0.31921 0.156296 0.048316 0.0178643
 0.636126 0.221383 0.0839686 0.0411138 0.0174088
 0.636969 0.288414 0.0453976 0.0172189 0.0120009
 0.732757 0.22785 0.0312959 0.0049261 0.00317065
 0.71793 0.255398 0.0227405 0.00312348 0.000808096
 0.569581 0.359147 0.0645323 0.00574594 0.000993408
 0.619618 0.267345 0.0943198 0.0169476 0.0017699
 0.596049 0.29486 0.0766721 0.0270501 0.005368
 0.666429 0.234279 0.0724775 0.0188462 0.00796845
 0.618565 0.29081 0.0636492 0.0196908 0.00728504
 0.594868 0.286079 0.0907675 0.0198662 0.00841968
 0.65509 0.237769 0.0756563 0.0240043 0.00748046
 0.63955 0.268545 0.0633563 0.0201595 0.00838948
 0.352478 0.473055 0.129983 0.0306661 0.0138185
 0.514001 0.218571 0.195372 0.0536831 0.0183722
 0.589123 0.252413 0.0712673 0.063703 0.0234944
pobs_PELACES
 0 0 0 0 0
 0 0 0 0 0
 0 0 0 0 0
 0 0 0 0 0
 0 0 0 0 0
 0 0 0 0 0
 0 0 0 0 0
 0 0 0 0 0
 0 0 0 0 0
 0 0 0 0 0
 0.450072 0.473896 0.0757376 0.000293798 0
 0 0 0 0 0
 0.463077 0.371075 0.160297 0.00555027 0
 0.529543 0.364841 0.0842815 0.0213345 0
 0.631943 0.363953 0.00410389 0 0
 0.735681 0.248677 0.0153453 0.000297389 0
 0.695825 0.281241 0.0229344 0 0
 0.275771 0.60734 0.115278 0.00161068 0
 0 0 0 0 0
 0.896147 0.0623911 0.0374545 0.00400742 0
 0.803859 0.145111 0.0509908 3.86294e-05 0
 0.739449 0.233085 0.0266225 0.000797448 4.60066e-05
 0.878498 0.100942 0.0204185 0.000141795 0
 0.694673 0.275183 0.0284847 0.00165964 0
 0.469039 0.446079 0.0841089 0.000773354 0
 0.822795 0.102175 0.0682046 0.00682512 0
 0 0 0 0 0
ppred_PELACES
 0.787839 0.149495 0.0560195 0.0066425 3.36342e-06
 0.755749 0.195822 0.0341249 0.0127874 0.00151703
 0.613623 0.297133 0.0715487 0.0124684 0.00522651
 0.70361 0.190015 0.0818052 0.0196984 0.00487168
 0.731327 0.190449 0.0501495 0.0215903 0.00648464
 0.573644 0.312217 0.0809074 0.0213048 0.011927
 0.719151 0.164387 0.085284 0.0221004 0.00907745
 0.656466 0.2492 0.0552159 0.028646 0.0104723
 0.716658 0.189733 0.0679041 0.0150457 0.0106593
 0.691797 0.225008 0.055709 0.0199379 0.00754743
 0.56483 0.30572 0.0945076 0.0233988 0.0115443
 0.585236 0.244416 0.119674 0.0369951 0.0136785
 0.767203 0.141635 0.053721 0.0263036 0.0111377
 0.811511 0.149747 0.0235709 0.00894023 0.00623096
 0.874829 0.106721 0.0146584 0.0023073 0.00148507
 0.816877 0.165807 0.0147634 0.0020278 0.000524624
 0.684324 0.263404 0.047329 0.00421416 0.00072858
 0.717577 0.198496 0.0700297 0.0125831 0.0013141
 0.691933 0.224871 0.0584729 0.0206293 0.00409383
 0.753088 0.173415 0.0536483 0.0139501 0.0058983
 0.701264 0.22776 0.0498495 0.0154216 0.00570557
 0.682882 0.223929 0.0710483 0.0155503 0.00659051
 0.738101 0.180544 0.0574477 0.0182271 0.0056801
 0.723845 0.205742 0.0485397 0.015445 0.0064275
 0.442852 0.407031 0.111841 0.0263861 0.0118898
 0.607455 0.176542 0.157804 0.0433603 0.0148394
 0.681275 0.195801 0.0552833 0.0494155 0.018225
pobs_pel_tallas
 0 0 0 0 0 0 0 0 0 0 0 0 0 0 0 0 0 0 0 0 0 0 0 0 0 0 0 0 0 0 0 0 0 0 0 0
 0 0 0 0 0 0 0 0 0 0 0 0 0 0 0 0 0 0 0 0 0 0 0 0 0 0 0 0 0 0 0 0 0 0 0 0
 0 0 0 0 0 0 0 0 0 0 0 0 0 0 0 0 0 0 0 0 0 0 0 0 0 0 0 0 0 0 0 0 0 0 0 0
 0 0 0 0 0 0 0 0 0 0 0 0 0 0 0 0 0 0 0 0 0 0 0 0 0 0 0 0 0 0 0 0 0 0 0 0
 0 0 0 0 0 0 0 0 0 0 0 0 0 0 0 0 0 0 0 0 0 0 0 0 0 0 0 0 0 0 0 0 0 0 0 0
 0 0 0 0 0 0 0 0 0 0 0 0 0 0 0 0 0 0 0 0 0 0 0 0 0 0 0 0 0 0 0 0 0 0 0 0
 0 0 0 0 0 0 0 0 0 0 0 0 0 0 0 0 0 0 0 0 0 0 0 0 0 0 0 0 0 0 0 0 0 0 0 0
 0 0 0 0 0 0 0 0 0 0 0 0 0 0 0 0 0 0 0 0 0 0 0 0 0 0 0 0 0 0 0 0 0 0 0 0
 0 0 0 0 0 0 0 0 0 0 0 0 0 0 0 0 0 0 0 0 0 0 0 0 0 0 0 0 0 0 0 0 0 0 0 0
 0 0 0 0 0 0 0 0 0 0 0 0 0 0 0 0 0 0 0 0 0 0 0 0 0 0 0 0 0 0 0 0 0 0 0 0
 0 0 0 0 0 0 0 0 1.78061e-05 0.00172719 0.00360574 0.0105946 0.0120993 0.0124554 0.0147524 0.0171206 0.0266825 0.0428682 0.0675386 0.121331 0.153587 0.119568 0.100827 0.0573624 0.0630603 0.0341343 0.0324427 0.0444173 0.0211091 0.0280891 0.0125444 0.00206551 0 0 0 0
 0 0 0 0 0 0 0 0 0 0 0 0 0 0 0 0 0 0 0 0 0 0 0 0 0 0 0 0 0 0 0 0 0 0 0 0
 0 0 0 0 0 0 0.0133647 0.0140871 0.0187388 0.0205184 0.03894 0.0496705 0.03968 0.0493445 0.0407372 0.0367815 0.0215668 0.0243155 0.0234873 0.0199281 0.019796 0.0243948 0.0301388 0.0376714 0.0412746 0.0863199 0.0771752 0.113111 0.0741005 0.0525337 0.0229764 0.00759418 0.00175318 0 0 0
 0 0 0 0 0 0 0 0 0 0 0.00219441 0.00772107 0.0458388 0.0604681 0.0671733 0.0775358 0.0609151 0.0617685 0.073594 0.0568108 0.0755445 0.0548602 0.0670107 0.0636378 0.0643287 0.046367 0.0373049 0.0286899 0.0247887 0.0153202 0.00654259 0.00121912 0.000365735 0 0 0
 0 0 0 0 0 0 0 0 0 0 0 0 0.000112435 0.00938835 0.0111873 0.0202946 0.0414886 0.0713402 0.111592 0.104902 0.108894 0.110636 0.117776 0.105296 0.107544 0.0401394 0.0192827 0.0124803 0.00416011 0.0028671 0.000618394 0 0 0 0 0
 0 0 0 0 0 0 0 0 0 0 0.00291406 0.0102884 0.027416 0.0768956 0.0749926 0.110853 0.0956884 0.0897413 0.0766577 0.0534642 0.0500743 0.0551293 0.0594112 0.0620874 0.0668451 0.0424026 0.0208742 0.0120726 0.0048766 0.00582813 0.00118941 0.000297354 0 0 0 0
 0 0.00264628 0.0354308 0.0461629 0.0458689 0.0383711 0.0214643 0.0164657 0.0346957 0.0420465 0.0363128 0.0245516 0.0311673 0.0291091 0.0169068 0.0133784 0.00837989 0.0085269 0.0148486 0.0160247 0.0276389 0.0546898 0.0760071 0.122758 0.109233 0.0665981 0.0333725 0.0166128 0.00676272 0.00308733 0.000882094 0 0 0 0 0
 0 0 0 0 0 0 0 0.000805153 0.000690131 0.00759144 0.0133425 0.0154129 0.00931677 0.000345066 0.00356568 0.00563607 0.00851162 0.0253048 0.0502646 0.0516448 0.0657925 0.0565908 0.0611916 0.0827007 0.0866115 0.110766 0.145733 0.0935128 0.0569358 0.0249597 0.0138026 0.00621118 0.00161031 0.00115022 0 0
 0 0 0 0 0 0 0 0 0 0 0 0 0 0 0 0 0 0 0 0 0 0 0 0 0 0 0 0 0 0 0 0 0 0 0 0
 0.00147267 0.00158595 0.00478618 0.00569244 0.00954404 0.0108468 0.00647125 0.017049 0.0510054 0.094081 0.124002 0.0959785 0.0687766 0.0820023 0.061753 0.0591476 0.0492212 0.0479892 0.0443925 0.0268479 0.0217502 0.0140895 0.0121071 0.0120363 0.00920419 0.00665534 0.0049561 0.00860946 0.00930331 0.0156896 0.0114698 0.00855282 0.00243557 0.00046729 0 2.83206e-05
 0 0 0 0 0.000772559 0.00158375 0.000888443 0.00281984 0.00712685 0.0440552 0.0773331 0.111326 0.0921469 0.0852325 0.0710754 0.0886704 0.0786465 0.0553345 0.0373146 0.0185414 0.00753245 0.00457741 0.012979 0.0271748 0.0457355 0.0583668 0.034881 0.0177882 0.00938659 0.00492506 0.0015258 0.00185414 0.000309023 5.79419e-05 3.86279e-05 0
 0 0.00173294 0.00326652 0 0.00397197 0.00683976 0.00946217 0.0152591 0.00757587 0.0136028 0.0228656 0.0392903 0.0559909 0.0764795 0.0681675 0.0726916 0.0566044 0.0477403 0.0527397 0.0444891 0.0609904 0.0582453 0.0661739 0.0445044 0.0529084 0.0360697 0.0280645 0.0235558 0.0158879 0.00826598 0.00280645 0.00217768 0.000904811 0.00058276 9.20147e-05 0
 0 0 0 0 0 0 0 0 0 0 0 0 0 0 0 0 0 0 0 0 0 0 0 0 0 0 0 0 0 0 0 0 0 0 0 0
 0 0 0 0 0 0 0 0 0 0 0 0 0 0 0 0 0 0 0 0 0 0 0 0 0 0 0 0 0 0 0 0 0 0 0 0
 0 0 0 0 0 0 0 0 0 0 0 0 0 0 0 0 0 0 0 0 0 0 0 0 0 0 0 0 0 0 0 0 0 0 0 0
 0 0 0 0 0 0 0 0 0 0 0 0 0 0 0 0 0 0 0 0 0 0 0 0 0 0 0 0 0 0 0 0 0 0 0 0
 0 0 0 0 0 0 0 0 0 0 0 0 0 0 0 0 0 0 0 0 0 0 0 0 0 0 0 0 0 0 0 0 0 0 0 0
ppred_pel_tallas
 1.01073e-16 3.43723e-05 0.000201743 0.000959006 0.00369224 0.0115139 0.0290832 0.0595079 0.0986401 0.132468 0.144144 0.127127 0.090962 0.0530059 0.025575 0.0110113 0.00554985 0.00476316 0.00593998 0.00789421 0.0101487 0.0124243 0.0144683 0.0160457 0.0169778 0.0171804 0.0166779 0.0155901 0.0140961 0.0123895 0.010639 0.00896553 0.00743868 0.00608561 0.0049072 0.00389263
 1.01059e-16 3.29748e-05 0.000193534 0.000919972 0.00354194 0.0110452 0.0278993 0.0570859 0.0946268 0.127083 0.138296 0.121998 0.0873539 0.051028 0.0248534 0.0110976 0.00616887 0.00583184 0.0074817 0.0099538 0.012738 0.0154926 0.0178918 0.0196351 0.020504 0.0204106 0.0194167 0.017711 0.0155581 0.013234 0.0109711 0.00892552 0.00717254 0.00572147 0.00454121 0.00358469
 1.01786e-16 2.67817e-05 0.000157166 0.00074705 0.00287611 0.00896881 0.0226547 0.0463558 0.0768446 0.103214 0.112356 0.0991955 0.0712034 0.0419504 0.0210987 0.0105544 0.00746545 0.00844042 0.0113729 0.015267 0.0195886 0.0238773 0.0276489 0.0304456 0.0319286 0.0319541 0.0306016 0.0281428 0.0249654 0.0214781 0.0180285 0.0148554 0.0120806 0.00973054 0.00777308 0.00615175
 1.02128e-16 3.07012e-05 0.000180186 0.000856515 0.00329761 0.0102833 0.0259748 0.0531481 0.0880999 0.118319 0.128762 0.113596 0.0813558 0.0475613 0.0232358 0.0104995 0.00601976 0.00586631 0.00762686 0.0102279 0.0132009 0.0162273 0.0189952 0.0212069 0.0226318 0.0231539 0.0227905 0.021676 0.0200179 0.0180422 0.0159461 0.0138723 0.0119045 0.0100805 0.00841213 0.00690129
 1.01819e-16 3.19097e-05 0.000187282 0.000890247 0.00342749 0.0106883 0.0269978 0.0552413 0.0915693 0.122977 0.133829 0.11806 0.0845388 0.0493938 0.0240772 0.0107863 0.00604945 0.00577322 0.00744295 0.00993801 0.0127707 0.0156148 0.0181568 0.0201038 0.0212368 0.0214583 0.0208101 0.0194535 0.0176216 0.01556 0.0134766 0.011513 0.00974066 0.00817645 0.00680544 0.00560239
 1.0254e-16 2.5039e-05 0.000146933 0.000698401 0.00268879 0.00838467 0.0211792 0.0433369 0.0718413 0.0964976 0.105053 0.0927689 0.066636 0.0393514 0.0199624 0.0102679 0.00761961 0.00886111 0.0120283 0.0161812 0.0207944 0.0253957 0.0294808 0.0325699 0.0343052 0.0345302 0.0333193 0.0309456 0.0278018 0.024302 0.0207974 0.0175285 0.0146176 0.0120924 0.00992485 0.00806586
 1.02448e-16 3.13778e-05 0.000184161 0.000875417 0.0033704 0.0105103 0.0265481 0.054321 0.0900432 0.120926 0.131592 0.116076 0.0830964 0.0485067 0.0235631 0.0104204 0.00566065 0.00525933 0.00675259 0.00905814 0.0117269 0.0144764 0.0170368 0.0191495 0.0206097 0.021307 0.0212418 0.0205126 0.0192799 0.0177213 0.015994 0.0142137 0.0124523 0.0107495 0.00912771 0.00760517
 1.02339e-16 2.86478e-05 0.000168126 0.000799167 0.00307679 0.00959464 0.0242354 0.0495896 0.0822033 0.110406 0.120167 0.106053 0.0760399 0.0446271 0.0221252 0.0105424 0.00679762 0.0072417 0.00962057 0.0128982 0.0165678 0.020233 0.0234895 0.0259566 0.0273522 0.0275548 0.0266268 0.0247874 0.022349 0.0196385 0.0169302 0.0144078 0.0121602 0.0102018 0.0085042 0.00702567
 1.02041e-16 3.12701e-05 0.000183527 0.000872395 0.00335876 0.010474 0.0264564 0.0541335 0.0897332 0.120512 0.131147 0.115697 0.0828534 0.0484223 0.023629 0.0106296 0.00602602 0.00581097 0.00752402 0.0100698 0.0129711 0.0159066 0.0185645 0.0206501 0.0219388 0.0223236 0.0218333 0.0206144 0.018886 0.0168826 0.0148058 0.0127969 0.0109334 0.00924264 0.00772317 0.00636364
 1.01902e-16 3.01875e-05 0.000177167 0.000842155 0.00324231 0.0101108 0.0255392 0.0522572 0.0866241 0.11634 0.126617 0.111723 0.0800578 0.0468893 0.0230686 0.0106945 0.00650299 0.00663598 0.00871601 0.011665 0.0149812 0.0182954 0.0212394 0.0234673 0.0247221 0.0248917 0.0240305 0.0223353 0.0200886 0.0175878 0.0150843 0.0127493 0.0106685 0.00886046 0.00730343 0.00596178
 1.02785e-16 2.46544e-05 0.000144676 0.000687671 0.00264748 0.00825584 0.0208538 0.0426711 0.0707375 0.095015 0.103439 0.0913438 0.0656127 0.0387482 0.0196587 0.0101166 0.00751597 0.00875138 0.0118927 0.016019 0.0206187 0.0252319 0.0293657 0.0325479 0.0344226 0.0348266 0.0338198 0.0316546 0.0287006 0.0253508 0.0219412 0.018705 0.0157659 0.0131609 0.0108755 0.00887671
 1.03689e-16 2.55418e-05 0.000149891 0.000712477 0.00274301 0.00855376 0.0216062 0.0442102 0.0732869 0.0984332 0.107144 0.094577 0.0678511 0.0399015 0.0199338 0.00975601 0.00664221 0.00736047 0.00991917 0.0134048 0.0173637 0.0214261 0.0252012 0.028307 0.0304421 0.0314456 0.0313226 0.0302231 0.0283889 0.0260856 0.0235463 0.0209403 0.0183705 0.0158904 0.0135285 0.0113072
 1.02234e-16 3.34721e-05 0.000196459 0.000933886 0.00359553 0.0112123 0.0283214 0.0579491 0.0960561 0.128998 0.140367 0.123795 0.0885752 0.05161 0.0248925 0.0107032 0.00537661 0.00460344 0.00574795 0.00766239 0.00989219 0.0121776 0.0142849 0.0159952 0.0171397 0.0176336 0.0174896 0.0168047 0.0157267 0.0144142 0.013002 0.0115832 0.0102081 0.00889575 0.0076501 0.0064732
 1.00982e-16 3.54044e-05 0.000207802 0.000987814 0.00380316 0.0118598 0.0299569 0.0612956 0.101603 0.136446 0.148471 0.130939 0.0936794 0.054569 0.0262902 0.0112505 0.00556552 0.00466822 0.00575939 0.00761236 0.00973365 0.0118381 0.0136728 0.0150086 0.0156795 0.0156198 0.0148777 0.0135984 0.0119838 0.0102437 0.00855334 0.00702902 0.00572452 0.00464345 0.0037592 0.00303413
 1.00392e-16 3.81636e-05 0.000224005 0.00106485 0.0040998 0.0127849 0.0322935 0.066076 0.109525 0.14708 0.160029 0.1411 0.100879 0.0586221 0.0279788 0.0115192 0.00503069 0.00357099 0.00411914 0.00537243 0.00684569 0.00830278 0.00955641 0.0104417 0.010841 0.0107097 0.0100861 0.00907896 0.00783888 0.00652229 0.00526049 0.00414137 0.00320618 0.00245785 0.00187517 0.00142688
 1.00358e-16 3.56391e-05 0.000209179 0.000994353 0.00382834 0.0119383 0.0301552 0.0617014 0.102276 0.137352 0.149459 0.131818 0.0943243 0.0549771 0.0265469 0.0114622 0.00581694 0.00501484 0.0062341 0.00822867 0.0104828 0.0126844 0.0145521 0.0158318 0.016344 0.0160246 0.0149405 0.0132694 0.0112544 0.00914658 0.00715586 0.00542148 0.00400663 0.00291164 0.00209679 0.00150523
 1.00937e-16 2.98632e-05 0.00017526 0.000833079 0.00320735 0.0100018 0.0252639 0.0516941 0.0856918 0.115091 0.125267 0.110554 0.0792669 0.0465208 0.0230629 0.010985 0.00707241 0.00751614 0.00995865 0.0133092 0.0170261 0.0206817 0.0238415 0.0261004 0.0271639 0.0269157 0.0254427 0.0230055 0.019969 0.016715 0.0135665 0.0107435 0.00835383 0.00641322 0.00487877 0.003682
 1.01553e-16 3.13106e-05 0.000183763 0.000873518 0.00336308 0.0104874 0.0264905 0.0542033 0.089849 0.120668 0.131319 0.115853 0.0829753 0.0485136 0.0237107 0.010729 0.00616881 0.00601936 0.0078157 0.0104556 0.0134513 0.0164669 0.0191742 0.0212631 0.0224985 0.0227701 0.0221124 0.0206854 0.0187274 0.0164941 0.0142073 0.0120245 0.010034 0.00826805 0.00672483 0.00538809
 1.01804e-16 3.01934e-05 0.000177202 0.00084232 0.00324295 0.0101128 0.0255442 0.0522674 0.086641 0.116363 0.126642 0.111745 0.0800735 0.0468986 0.0230734 0.0106972 0.00650545 0.00663956 0.00872187 0.0116744 0.0149954 0.0183159 0.0212672 0.0235029 0.0247646 0.0249388 0.0240781 0.0223777 0.0201192 0.0175998 0.0150719 0.0127085 0.0105982 0.00876256 0.00718272 0.00582521
 1.01574e-16 3.28579e-05 0.00019285 0.000916724 0.00352944 0.0110062 0.0278009 0.0568843 0.094292 0.126632 0.1378 0.12155 0.08701 0.0507807 0.0246468 0.0108611 0.00583847 0.00535677 0.00682588 0.00910078 0.0116993 0.0143153 0.0166609 0.018467 0.0195315 0.0197617 0.0191915 0.0179638 0.0162882 0.0143875 0.0124523 0.0106148 0.00894554 0.0074655 0.00616678 0.00503082
 1.01579e-16 3.06003e-05 0.000179591 0.000853677 0.00328668 0.0102492 0.0258887 0.0529722 0.0878092 0.117931 0.128349 0.11325 0.0811502 0.0475251 0.0233736 0.010822 0.00656003 0.00667471 0.00875353 0.011701 0.0150057 0.0182916 0.0211842 0.0233338 0.0244825 0.0245218 0.0235142 0.0216683 0.0192804 0.016661 0.0140728 0.0116938 0.00961198 0.00784311 0.00635919 0.00511562
 1.01924e-16 2.97987e-05 0.000174885 0.000831305 0.00320054 0.00998055 0.0252101 0.0515839 0.0855081 0.114841 0.124987 0.110287 0.0790329 0.0462979 0.0227945 0.0105968 0.00648521 0.00665452 0.00876069 0.0117417 0.015103 0.0184791 0.0215033 0.0238281 0.025192 0.0254746 0.0247196 0.0231117 0.0209224 0.018441 0.0159155 0.0135193 0.0113454 0.00942291 0.00774281 0.00628131
 1.01767e-16 3.22047e-05 0.000189015 0.000898487 0.00345922 0.0107873 0.0272478 0.0557526 0.0924166 0.124114 0.135063 0.119142 0.0853006 0.0498115 0.0242299 0.0107688 0.00592018 0.00555016 0.00712184 0.00951029 0.0122349 0.0149828 0.0174558 0.0193739 0.020526 0.020814 0.0202707 0.0190414 0.0173407 0.0153967 0.0134046 0.0115001 0.00975567 0.00819392 0.00680871 0.0055838
 1.01588e-16 3.15841e-05 0.000185369 0.00088115 0.00339246 0.0105791 0.0267219 0.0546768 0.0906341 0.121723 0.132468 0.116868 0.0837062 0.0489486 0.0239369 0.0108532 0.00626761 0.00613259 0.00795773 0.0106247 0.0136329 0.0166342 0.0192894 0.021282 0.0223778 0.0224765 0.0216306 0.0200242 0.01792 0.015594 0.0132798 0.0111361 0.00924208 0.00761356 0.00622831 0.00505015
 1.03183e-16 1.93398e-05 0.000113465 0.000539268 0.00207606 0.00647386 0.0163528 0.0334625 0.0554771 0.0745327 0.0811813 0.071786 0.0517759 0.0310023 0.0165154 0.00978159 0.00883402 0.0112928 0.0156521 0.021126 0.0271655 0.0331865 0.0385369 0.0425899 0.0448769 0.0451901 0.0436231 0.0405285 0.0364158 0.0318245 0.027214 0.0229011 0.0190503 0.0157036 0.0128297 0.010369
 1.04481e-16 2.6508e-05 0.000155569 0.000739485 0.00284702 0.00887813 0.0224255 0.045886 0.0760626 0.102155 0.111177 0.0980968 0.0702875 0.0411559 0.0202311 0.00936013 0.00568662 0.00584149 0.00776715 0.0105593 0.013829 0.0173059 0.0207102 0.0237572 0.0262022 0.0278823 0.0287369 0.0287993 0.0281678 0.026968 0.0253226 0.0233362 0.0210969 0.0186847 0.0161824 0.0136792
 1.03399e-16 2.97274e-05 0.000174469 0.000829335 0.00319296 0.00995693 0.0251505 0.0514615 0.0853045 0.114565 0.12468 0.110001 0.0787956 0.0460932 0.0225717 0.0102893 0.00602421 0.00597464 0.00780591 0.0104756 0.0135227 0.0166283 0.019479 0.021778 0.0232994 0.0239351 0.0237121 0.0227726 0.0213264 0.019593 0.0177539 0.0159276 0.0141701 0.0124927 0.010887 0.00934558
pSPR Fmed_Fpbrs
0.452543   0.6 0.325
Fs Fmed_Fpbrs
0.64   0.354952 1.10918
SSBpbr Bo_Bmed_Bpbrs
1.32107e+06  531787  726588 363294
Ro
41772.8
SPR SPRFo_SPRFmed_SPRFpbrs
862784 390447 280405
log_Ro
10.46
likeval ReclasPelacesDesembMPH_pf_preclas_ppelaces_ptallas_desvR_qrecl_qpela
 62.7106 17.8259 0.0086982 0.000701481 334.733 211.603 55.3551 0 16.6941 1.45877e-05 4.0022e-05 6.64492e-16 0 0 0
q_reclas_q_pelaces
0.582036 2.4597
M
0.7
N
 42405.3 12194.4 4569.53 541.831 0.274356
 51715 19165.6 3339.89 1251.54 148.476
 27547.9 23681.5 5702.44 993.734 416.553
 39321.1 12012.3 5171.55 1245.29 307.977
 71187.5 18988.6 5000.12 2152.65 646.547
 51121 35159.1 9111.06 2399.15 1343.11
 90460.7 24075.6 12490.4 3236.75 1329.46
 85751.9 43400 9616.24 4988.9 1823.82
 108648 39897.7 14279.1 3163.85 2241.46
 120180 50099.5 12404 4439.29 1680.48
 63893.2 56417.5 17440.4 4318.02 2130.39
 42491.6 28399.4 13905.3 4298.56 1589.35
 47174.7 18969.1 7194.82 3522.82 1491.67
 25178.1 19639.7 3091.37 1172.53 817.203
 15895.7 9020.43 1238.98 195.021 125.524
 15140.9 5572.75 496.196 68.154 17.6325
 11157 6570.6 1180.62 105.122 18.1744
 13448.8 5031.67 1775.18 318.969 33.3111
 15087.7 6236.98 1621.79 572.172 113.546
 24044.9 7095.01 2194.94 570.746 241.32
 31007.6 11288.2 2470.64 764.328 282.78
 39504.1 15005 4760.82 1041.99 441.618
 65026.4 18974.9 6037.67 1915.64 596.97
 92526.5 31026.3 7319.85 2329.12 969.277
 42030 44259 12161.2 2869.13 1292.86
 60470.4 20238.3 18090.2 4970.71 1701.15
 83838.5 29084 8211.7 7340.11 2707.11
pred_Ctot
 2755.33 4068.42 1524.54 180.772 0.0915335
 2909.1 5688.83 991.362 371.487 44.0714
 2433.2 9994.18 2406.57 419.38 175.796
 779.98 1411.86 607.834 146.365 36.1979
 277.578 461.995 121.654 52.3744 15.7306
 1903.47 7336.02 1901.04 500.588 280.242
 2207.74 3430.66 1779.83 461.221 189.441
 3903.77 10783.9 2389.4 1239.62 453.176
 5604.65 11020.6 3944.19 873.924 619.141
 4739.37 10994 2721.97 974.174 368.771
 4852.14 21263.9 6573.34 1627.47 802.948
 3106.02 10393.8 5089.17 1573.22 581.682
 5539.83 9751.4 3698.62 1810.97 766.818
 5139.07 13739.3 2162.63 820.268 571.692
 3428.92 6466.86 888.242 139.813 89.9895
 1383.83 2410.95 214.67 29.4856 7.6284
 740.89 2230.44 400.77 35.6845 6.16943
 641.904 1301.71 459.245 82.5181 8.61767
 577.212 1332.75 346.553 122.265 24.2631
 947.431 1555.81 481.312 125.155 52.9172
 569.833 1234.97 270.297 83.6201 30.9371
 931.926 2072.18 657.465 143.898 60.987
 1836.05 3089.89 983.181 311.945 97.2112
 2450.29 4765.36 1124.27 357.733 148.872
 918.609 5694.44 1564.68 369.146 166.341
 1370.7 2693.49 2407.61 661.547 226.404
 2521.68 5015.4 1416.07 1265.77 466.829
F
 0.0941562 0.595038 0.595038 0.595038 0.595038
 0.0810517 0.512222 0.512222 0.512222 0.512222
 0.129994 0.821523 0.821523 0.821523 0.821523
 0.0279241 0.176472 0.176472 0.176472 0.176472
 0.00543495 0.0343472 0.0343472 0.0343472 0.0343472
 0.0529963 0.33492 0.33492 0.33492 0.33492
 0.0344552 0.217746 0.217746 0.217746 0.217746
 0.0651397 0.411663 0.411663 0.411663 0.411663
 0.0741022 0.468303 0.468303 0.468303 0.468303
 0.0562082 0.355219 0.355219 0.355219 0.355219
 0.110846 0.700511 0.700511 0.700511 0.700511
 0.106493 0.673006 0.673006 0.673006 0.673006
 0.176306 1.1142 1.1142 1.1142 1.1142
 0.326481 2.06326 2.06326 2.06326 2.06326
 0.348162 2.20028 2.20028 2.20028 2.20028
 0.134793 0.851848 0.851848 0.851848 0.851848
 0.0963181 0.608701 0.608701 0.608701 0.608701
 0.0683926 0.43222 0.43222 0.43222 0.43222
 0.0544873 0.344343 0.344343 0.344343 0.344343
 0.0561598 0.354913 0.354913 0.354913 0.354913
 0.0258465 0.163342 0.163342 0.163342 0.163342
 0.0332877 0.210368 0.210368 0.210368 0.210368
 0.0399586 0.252526 0.252526 0.252526 0.252526
 0.0374359 0.236583 0.236583 0.236583 0.236583
 0.0308065 0.194688 0.194688 0.194688 0.194688
 0.0319663 0.202017 0.202017 0.202017 0.202017
 0.0426157 0.269318 0.269318 0.269318 0.269318
Np
 30594.3 14362.9 13892.2 3841.71 1462.38
YTP_r0W_actual
 27091.3 137769 56546.7 64549.4 26418.7
YTP_p0W_proyectada
 9886.11 188986 75972.9 27393.8 37480.9
 9886.11 68036.2 95663.1 33784.2 14271.4
CTP_r0_actual
 3303.81 6378.21 1800.85 1609.71 593.678
CTP_p0_proyectada
 1205.62 8749.33 2419.52 683.138 842.267
 1205.62 3149.82 3046.6 842.499 320.705
Wmedp
 8.2 21.6 31.4 40.1 44.5
nmprior
 10.8 10.6 4.6 0
nm_flota  nm_reclas  nm_pelaces    nm_pelaL
inf 19.1405 16.0336 48.6454
cv_recla  cv_pelaces  cv_mph
0.685806 0.462505 0.707854
 ------------------------------------------------
Talla a la edad & desviaci?n 
 7.2 14.2025 17.0495 18.207 18.6776
 1.08 2.13037 2.55742 2.73105 2.80164
