years
 1997 1998 1999 2000 2001 2002 2003 2004 2005 2006 2007 2008 2009 2010 2011 2012 2013 2014 2015 2016 2017 2018 2019 2020 2021 2022 2023
reclasobs
 0 0 0 370054 412103 1.49427e+06 250295 1.28982e+06 931140 785840 897777 1.04006e+06 184774 17550 25797 100020 73551 82996 120727 218422 84188 347160 605670 569463 516374 1.08416e+06 1.01767e+06
reclaspred
 1.85962e+06 318771 607931 197158 266321 355528 699840 640172 682207 876134 950919 691354 365455 146855 82002.4 80510.2 83318.5 110367 138804 146093 218540 239536 380157 490889 773689 689562 343556
pelacesobs
 0 0 0 0 0 0 0 0 0 2.06254e+06 1.5e+06 0 1.87456e+06 323000 250000 174000 83755 137374 0 501740 490994 745055 786931 1.00524e+06 1.33801e+06 1.41789e+06 0
pelacespred
 3.8346e+06 1.22158e+06 649662 484356 773800 597906 2.08588e+06 1.80376e+06 1.78525e+06 2.48436e+06 2.08611e+06 1.53319e+06 898141 292912 167758 164439 174332 250404 297715 293215 576156 567469 682133 1.08034e+06 1.57113e+06 1.41706e+06 529429
mphobs
 0 0 0 0 0 0 112323 0 153150 637223 0 255016 313432 73983 77613 109348 50772 17779 17303 59886 28197 0 207744 136588 643089 65757 70829
mphpred
 466844 189500 170624 74215.9 60922.4 152457 184124 322192 293291 327144 429065 294070 168690 99046.8 43623.1 31331.6 26191.2 33698.7 49466.3 43935.8 63759.2 89709.1 99675.6 151818 223749 180559 138953
desembarqueobs
 350755 77701 442110 56441 14545 235359 269955 359681 431902 328805 639364 411747 362871 311530 167758 66681 60226 58785 57116 73181 50977 67692 138656 160484 209506 203330 245020
desembarquepred
 350731 77662.5 441555 56420 14543.6 235227 269922 359157 431462 328540 638297 411117 362214 310996 167263 66613.4 60198.3 58708.1 57040.4 73101.8 50962.4 67626.1 138550 160386 209331 203106 244766
Reclutas
 17058.7 44232.9 3982.35 7615.29 37733.4 15582.7 64231.7 57601.9 68395.1 114618 65411 46807.3 56430.3 29075.8 12511.4 9550.05 7098.28 9116.16 8045.75 9728.25 16318.9 18308.4 30240.5 48690.7 16135.3 29335.1 4287.56
log_desv_Rt
 -0.235582 0.717224 -1.69037 -1.04209 0.558301 -0.326081 1.09025 0.98131 1.15306 1.66936 1.10845 0.773795 0.960761 0.297663 -0.545606 -0.815699 -1.11239 -0.862196 -0.987101 -0.797211 -0.279918 -0.164886 0.336939 0.813243 -0.291236 0.306539 -1.61653
SSB
 623939 253268 228039 99189.8 81423 203760 235309 422749 376592 424106 573447 393026 237951 142737 67556 48757.8 43980.3 51876.9 69042 67579.2 88101.5 119723 139250 196848 330645 283431 202045
BT
 1.21279e+06 388676 370444 165596 267202 319726 1.05986e+06 964652 1.03244e+06 1.17025e+06 1.18429e+06 823441 684510 395129 200684 108015 106402 132174 125587 144473 223433 196205 280541 451541 509433 507338 303751
Ftot
 0.570072 0.867906 1.84757 0.937917 0.236023 1.73504 1.53827 1.77161 2.04268 1.3403 1.9001 1.74376 3.02589 4.95303 4.95303 2.35286 2.16396 1.72667 1.21114 1.53209 0.790122 0.867894 1.12773 1.08455 0.778877 0.949276 1.83131
BD_Bspro_t
 0.934524 0.640386 0.516591 0.192175 0.254217 0.505623 0.397476 0.493285 0.417855 0.405488 0.442453 0.292352 0.200781 0.14441 0.0831336 0.0743995 0.0929681 0.149363 0.233047 0.2747 0.361456 0.499496 0.493527 0.505818 0.559891 0.446915 0.359659
BD_Bspro
 1.39918 0.567952 0.511377 0.222433 0.182591 0.456931 0.52768 0.948014 0.844506 0.951057 1.28595 0.88136 0.533605 0.320087 0.151494 0.109339 0.0986258 0.116334 0.154827 0.151546 0.197567 0.268478 0.312267 0.441431 0.74147 0.635593 0.453086
BD_Bo
 1.32566 0.538108 0.484505 0.210745 0.172996 0.43292 0.499952 0.898198 0.800129 0.901081 1.21838 0.835046 0.505565 0.303267 0.143534 0.103594 0.0934432 0.110221 0.146691 0.143583 0.187186 0.254371 0.295858 0.418234 0.702508 0.602194 0.429277
BD_Brms
 2.41029 0.978378 0.880919 0.383172 0.314538 0.787127 0.909003 1.63309 1.45478 1.63833 2.21523 1.51827 0.919209 0.551394 0.26097 0.188352 0.169897 0.200401 0.26671 0.261059 0.340338 0.462492 0.537924 0.760426 1.27729 1.0949 0.780504
S_f
 0.0755641 0.699253 0.985105 0.999469 0.999981
 0.0755641 0.699253 0.985105 0.999469 0.999981
 0.0755641 0.699253 0.985105 0.999469 0.999981
 0.0755641 0.699253 0.985105 0.999469 0.999981
 0.0755641 0.699253 0.985105 0.999469 0.999981
 0.0755641 0.699253 0.985105 0.999469 0.999981
 0.0755641 0.699253 0.985105 0.999469 0.999981
 0.0755641 0.699253 0.985105 0.999469 0.999981
 0.0755641 0.699253 0.985105 0.999469 0.999981
 0.0755641 0.699253 0.985105 0.999469 0.999981
 0.0755641 0.699253 0.985105 0.999469 0.999981
 0.0755641 0.699253 0.985105 0.999469 0.999981
 0.0755641 0.699253 0.985105 0.999469 0.999981
 0.0755641 0.699253 0.985105 0.999469 0.999981
 0.0755641 0.699253 0.985105 0.999469 0.999981
 0.0755641 0.699253 0.985105 0.999469 0.999981
 0.0755641 0.699253 0.985105 0.999469 0.999981
 0.0755641 0.699253 0.985105 0.999469 0.999981
 0.0755641 0.699253 0.985105 0.999469 0.999981
 0.0755641 0.699253 0.985105 0.999469 0.999981
 0.0755641 0.699253 0.985105 0.999469 0.999981
 0.0755641 0.699253 0.985105 0.999469 0.999981
 0.0755641 0.699253 0.985105 0.999469 0.999981
 0.0755641 0.699253 0.985105 0.999469 0.999981
 0.0755641 0.699253 0.985105 0.999469 0.999981
 0.0755641 0.699253 0.985105 0.999469 0.999981
 0.0755641 0.699253 0.985105 0.999469 0.999981
Scru_reclas
 0.138356 0.446934 0.80264 0.953417 0.990385
 0.138356 0.446934 0.80264 0.953417 0.990385
 0.138356 0.446934 0.80264 0.953417 0.990385
 0.138356 0.446934 0.80264 0.953417 0.990385
 0.138356 0.446934 0.80264 0.953417 0.990385
 0.138356 0.446934 0.80264 0.953417 0.990385
 0.138356 0.446934 0.80264 0.953417 0.990385
 0.138356 0.446934 0.80264 0.953417 0.990385
 0.138356 0.446934 0.80264 0.953417 0.990385
 0.138356 0.446934 0.80264 0.953417 0.990385
 0.138356 0.446934 0.80264 0.953417 0.990385
 0.138356 0.446934 0.80264 0.953417 0.990385
 0.138356 0.446934 0.80264 0.953417 0.990385
 0.138356 0.446934 0.80264 0.953417 0.990385
 0.138356 0.446934 0.80264 0.953417 0.990385
 0.138356 0.446934 0.80264 0.953417 0.990385
 0.138356 0.446934 0.80264 0.953417 0.990385
 0.138356 0.446934 0.80264 0.953417 0.990385
 0.138356 0.446934 0.80264 0.953417 0.990385
 0.138356 0.446934 0.80264 0.953417 0.990385
 0.138356 0.446934 0.80264 0.953417 0.990385
 0.138356 0.446934 0.80264 0.953417 0.990385
 0.138356 0.446934 0.80264 0.953417 0.990385
 0.138356 0.446934 0.80264 0.953417 0.990385
 0.138356 0.446934 0.80264 0.953417 0.990385
 0.138356 0.446934 0.80264 0.953417 0.990385
 0.138356 0.446934 0.80264 0.953417 0.990385
Scru_pelaces
 0.271701 0.652475 0.904294 0.979403 0.995839
 0.271701 0.652475 0.904294 0.979403 0.995839
 0.271701 0.652475 0.904294 0.979403 0.995839
 0.271701 0.652475 0.904294 0.979403 0.995839
 0.271701 0.652475 0.904294 0.979403 0.995839
 0.271701 0.652475 0.904294 0.979403 0.995839
 0.271701 0.652475 0.904294 0.979403 0.995839
 0.271701 0.652475 0.904294 0.979403 0.995839
 0.271701 0.652475 0.904294 0.979403 0.995839
 0.271701 0.652475 0.904294 0.979403 0.995839
 0.271701 0.652475 0.904294 0.979403 0.995839
 0.271701 0.652475 0.904294 0.979403 0.995839
 0.271701 0.652475 0.904294 0.979403 0.995839
 0.271701 0.652475 0.904294 0.979403 0.995839
 0.271701 0.652475 0.904294 0.979403 0.995839
 0.271701 0.652475 0.904294 0.979403 0.995839
 0.271701 0.652475 0.904294 0.979403 0.995839
 0.271701 0.652475 0.904294 0.979403 0.995839
 0.271701 0.652475 0.904294 0.979403 0.995839
 0.271701 0.652475 0.904294 0.979403 0.995839
 0.271701 0.652475 0.904294 0.979403 0.995839
 0.271701 0.652475 0.904294 0.979403 0.995839
 0.271701 0.652475 0.904294 0.979403 0.995839
 0.271701 0.652475 0.904294 0.979403 0.995839
 0.271701 0.652475 0.904294 0.979403 0.995839
 0.271701 0.652475 0.904294 0.979403 0.995839
 0.271701 0.652475 0.904294 0.979403 0.995839
pf_obs 
 0.256992 0.487395 0.22802 0.0275931 0
 0.321318 0.546541 0.124235 0.00734118 0.000564706
 0.182869 0.594174 0.210203 0.0122559 0.00049798
 0.330522 0.361315 0.267642 0.0388342 0.00168674
 0.649043 0.306663 0.0425973 0.00169635 0
 0.582887 0.30429 0.105238 0.00758474 0
 0.465427 0.430635 0.0974691 0.00646863 0
 0.296916 0.608066 0.0921331 0.00288517 0
 0.311714 0.524322 0.152257 0.0117073 0
 0.15457 0.633149 0.183074 0.0267441 0.00246327
 0.131901 0.49318 0.331252 0.0422183 0.00144891
 0.196976 0.569456 0.194076 0.0375587 0.00193317
 0.518974 0.381816 0.0799577 0.0180837 0.00116848
 0.0928022 0.601141 0.25162 0.0475244 0.00691264
 0.122501 0.610282 0.24278 0.0234846 0.000952079
 0.383417 0.481906 0.127806 0.00687128 0
 0.0376549 0.599619 0.316969 0.0457579 0
 0.0361596 0.667082 0.258105 0.0386534 0
 0.158088 0.579412 0.248529 0.0139706 0
 0.0477256 0.309471 0.559284 0.082774 0.000745712
 0.0406174 0.521527 0.379366 0.0568643 0.0016247
 0.151134 0.462217 0.34131 0.0453401 0
 0.294876 0.26143 0.354403 0.0886775 0.000613685
 0.281977 0.475581 0.204845 0.0348837 0.00271318
 0.0841818 0.532909 0.334909 0.0458182 0.00218182
 0.115287 0.27431 0.454777 0.147771 0.00785563
 0 0 0 0 0
pf_pred 
 0.073517 0.620113 0.270532 0.0358313 6.49362e-06
 0.24637 0.334021 0.317728 0.0901623 0.0117183
 0.0259916 0.796033 0.100767 0.058774 0.0184335
 0.155621 0.255416 0.530271 0.0337023 0.02499
 0.466076 0.377709 0.0650559 0.0822602 0.00889913
 0.110431 0.791877 0.0762252 0.00902476 0.012442
 0.496509 0.332276 0.161081 0.00796217 0.00217186
 0.240825 0.715172 0.0345011 0.00895488 0.0005471
 0.286119 0.596266 0.114069 0.00279913 0.000746771
 0.34342 0.577117 0.0725987 0.00666398 0.00020001
 0.159804 0.736977 0.0958705 0.00672884 0.000619265
 0.173602 0.632361 0.181489 0.011682 0.00086605
 0.316368 0.541783 0.122662 0.0179822 0.00120463
 0.255609 0.699677 0.0407144 0.00348057 0.000519262
 0.253787 0.71911 0.0267149 0.000355407 3.24421e-05
 0.285803 0.685418 0.0285327 0.000243063 3.27955e-06
 0.222715 0.692617 0.0831131 0.0015418 1.28065e-05
 0.297386 0.593812 0.10294 0.00575792 0.000103857
 0.205034 0.690053 0.09588 0.00856063 0.000472517
 0.243719 0.579268 0.162844 0.0129774 0.00119177
 0.292739 0.581406 0.108119 0.0163543 0.00138236
 0.208195 0.641618 0.132349 0.0153702 0.00246852
 0.275066 0.53812 0.16337 0.0207134 0.00273092
 0.293598 0.583627 0.102125 0.0181138 0.00253601
 0.0734888 0.766362 0.142528 0.0147165 0.00290455
 0.194402 0.362832 0.391678 0.0455722 0.00551606
 0.0394756 0.742672 0.125585 0.0818355 0.010432
pobs_RECLAS
 0 0 0 0 0
 0 0 0 0 0
 0 0 0 0 0
 0 0 0 0 0
 0.835266 0.146461 0.0176864 0.000547809 3.91292e-05
 0.385257 0.428462 0.181853 0.0044286 0
 0.867414 0.0963971 0.0333333 0.00285562 0
 0.441836 0.489002 0.0689373 0.000224442 0
 0.779404 0.147425 0.0564933 0.0165055 0.000172143
 0.814271 0.122319 0.05973 0.00367925 0
 0.40263 0.566651 0.0304383 0.000280538 0
 0.475488 0.404961 0.113038 0.00651328 0
 0.955842 0.0263864 0.0167828 0.000988607 0
 0.975058 0.0227948 0.00214734 0 0
 0.738997 0.206755 0.0527124 0.00153531 0
 0.850938 0.134255 0.0134407 0.00136685 0
 0.542534 0.407297 0.0501686 0 0
 0.764087 0.199537 0.0359546 0.000420521 0
 0.470689 0.182191 0.310203 0.0369168 0
 0.84361 0.089868 0.0606195 0.00523954 0.000663233
 0.607945 0.314616 0.071237 0.00620181 0
 0.523733 0.453247 0.0230204 0 0
 0.530135 0.295979 0.169645 0.0042399 0
 0.562478 0.366248 0.0663022 0.0049721 0
 0.250443 0.683176 0.0655157 0.000865301 0
 0.195077 0.31981 0.436473 0.0351445 0.0134964
 0.565238 0.351407 0.0832357 0.000118908 0
ppred_RECLAS
 0.176093 0.504743 0.276341 0.0428152 8.0558e-06
 0.457607 0.206862 0.243761 0.0808597 0.0109106
 0.0769049 0.721266 0.106192 0.0721482 0.0234891
 0.320139 0.17433 0.446795 0.0331881 0.0255482
 0.693397 0.194283 0.0424451 0.0628194 0.0070558
 0.281196 0.624603 0.0705388 0.00973293 0.0139292
 0.745043 0.157414 0.0908249 0.00523623 0.00148272
 0.503811 0.461746 0.0260614 0.007882 0.000499882
 0.565982 0.353727 0.0774659 0.00221234 0.000612663
 0.613094 0.331117 0.0502389 0.00538263 0.000167712
 0.379497 0.533004 0.0803075 0.00656415 0.00062709
 0.394113 0.444302 0.149507 0.0112148 0.000863061
 0.632675 0.287204 0.0678105 0.0115103 0.000800249
 0.642238 0.339478 0.0164289 0.00160667 0.000248657
 0.639241 0.349772 0.0108066 0.000164466 1.5574e-05
 0.579215 0.401957 0.0186417 0.00018454 2.58446e-06
 0.488318 0.449272 0.0610811 0.00131796 1.13632e-05
 0.570325 0.353053 0.0718508 0.00468391 8.77016e-05
 0.435063 0.475712 0.0803655 0.00837899 0.000480133
 0.493165 0.370273 0.123942 0.0115206 0.0010983
 0.540756 0.359994 0.0832375 0.014721 0.00129182
 0.428866 0.440688 0.11261 0.0152875 0.00254898
 0.521602 0.333753 0.123802 0.0183345 0.00250951
 0.547837 0.357389 0.0765963 0.0158712 0.00230683
 0.184327 0.644792 0.149181 0.0180101 0.00369035
 0.389267 0.240853 0.32078 0.0436192 0.00548122
 0.11256 0.649571 0.127917 0.097103 0.0128493
pobs_PELACES
 0 0 0 0 0
 0 0 0 0 0
 0 0 0 0 0
 0 0 0 0 0
 0 0 0 0 0
 0 0 0 0 0
 0 0 0 0 0
 0 0 0 0 0
 0 0 0 0 0
 0 0 0 0 0
 0.450072 0.473896 0.0757376 0.000293798 0
 0 0 0 0 0
 0.463077 0.371075 0.160297 0.00555027 0
 0.529543 0.364841 0.0842815 0.0213345 0
 0.631943 0.363953 0.00410389 0 0
 0.735681 0.248677 0.0153453 0.000297389 0
 0.695825 0.281241 0.0229344 0 0
 0.275771 0.60734 0.115278 0.00161068 0
 0 0 0 0 0
 0.896147 0.0623911 0.0374545 0.00400742 0
 0.803859 0.145111 0.0509908 3.86294e-05 0
 0.739449 0.233085 0.0266225 0.000797448 4.60066e-05
 0.878498 0.100942 0.0204185 0.000141795 0
 0.694673 0.275183 0.0284847 0.00165964 0
 0.469039 0.446079 0.0841089 0.000773354 0
 0.822795 0.102175 0.0682046 0.00682512 0
 0 0 0 0 0
ppred_PELACES
 0.265914 0.503897 0.201758 0.028425 5.2345e-06
 0.626205 0.176017 0.147486 0.0444245 0.00586651
 0.151742 0.723316 0.0690405 0.0423958 0.0135062
 0.497655 0.166094 0.300701 0.0202753 0.0152751
 0.781198 0.155005 0.0255586 0.0344514 0.00378746
 0.441207 0.509773 0.0377216 0.00470677 0.0065915
 0.860988 0.0985342 0.0379489 0.00198032 0.000548744
 0.6686 0.316355 0.011659 0.00318816 0.000197856
 0.741249 0.226189 0.0315282 0.000813066 0.000220319
 0.746664 0.227512 0.023476 0.00227881 6.94841e-05
 0.561687 0.396646 0.0385528 0.00284745 0.00026618
 0.580143 0.339589 0.0748112 0.00507453 0.000382143
 0.826533 0.149633 0.0204946 0.00312673 0.000212673
 0.873033 0.123779 0.00289733 0.000252354 3.81968e-05
 0.87033 0.127733 0.00190881 2.58729e-05 2.39612e-06
 0.75354 0.239531 0.00686667 6.12912e-05 8.39866e-07
 0.677345 0.296769 0.0253883 0.000494382 4.17069e-06
 0.730894 0.235755 0.0314619 0.0018548 3.3984e-05
 0.583242 0.369496 0.0429722 0.00406168 0.000227768
 0.66374 0.270277 0.0604242 0.00508394 0.000474285
 0.665582 0.279961 0.0463683 0.00744909 0.00063976
 0.564435 0.36064 0.0655292 0.00807784 0.00131816
 0.671592 0.253289 0.0651908 0.00875582 0.00117285
 0.685724 0.266026 0.0397218 0.00746601 0.00106199
 0.275388 0.610074 0.101213 0.0111 0.002226
 0.560795 0.212171 0.199397 0.0246108 0.00302664
 0.21688 0.638261 0.0816103 0.0559975 0.00725084
pobs_pel_tallas
 0 0 0 0 0 0 0 0 0 0 0 0 0 0 0 0 0 0 0 0 0 0 0 0 0 0 0 0 0 0 0 0 0 0 0 0
 0 0 0 0 0 0 0 0 0 0 0 0 0 0 0 0 0 0 0 0 0 0 0 0 0 0 0 0 0 0 0 0 0 0 0 0
 0 0 0 0 0 0 0 0 0 0 0 0 0 0 0 0 0 0 0 0 0 0 0 0 0 0 0 0 0 0 0 0 0 0 0 0
 0 0 0 0 0 0 0 0 0 0 0 0 0 0 0 0 0 0 0 0 0 0 0 0 0 0 0 0 0 0 0 0 0 0 0 0
 0 0 0 0 0 0 0 0 0 0 0 0 0 0 0 0 0 0 0 0 0 0 0 0 0 0 0 0 0 0 0 0 0 0 0 0
 0 0 0 0 0 0 0 0 0 0 0 0 0 0 0 0 0 0 0 0 0 0 0 0 0 0 0 0 0 0 0 0 0 0 0 0
 0 0 0 0 0 0 0 0 0 0 0 0 0 0 0 0 0 0 0 0 0 0 0 0 0 0 0 0 0 0 0 0 0 0 0 0
 0 0 0 0 0 0 0 0 0 0 0 0 0 0 0 0 0 0 0 0 0 0 0 0 0 0 0 0 0 0 0 0 0 0 0 0
 0 0 0 0 0 0 0 0 0 0 0 0 0 0 0 0 0 0 0 0 0 0 0 0 0 0 0 0 0 0 0 0 0 0 0 0
 0 0 0 0 0 0 0 0 0 0 0 0 0 0 0 0 0 0 0 0 0 0 0 0 0 0 0 0 0 0 0 0 0 0 0 0
 0 0 0 0 0 0 0 0 1.78061e-05 0.00172719 0.00360574 0.0105946 0.0120993 0.0124554 0.0147524 0.0171206 0.0266825 0.0428682 0.0675386 0.121331 0.153587 0.119568 0.100827 0.0573624 0.0630603 0.0341343 0.0324427 0.0444173 0.0211091 0.0280891 0.0125444 0.00206551 0 0 0 0
 0 0 0 0 0 0 0 0 0 0 0 0 0 0 0 0 0 0 0 0 0 0 0 0 0 0 0 0 0 0 0 0 0 0 0 0
 0 0 0 0 0 0 0.0133647 0.0140871 0.0187388 0.0205184 0.03894 0.0496705 0.03968 0.0493445 0.0407372 0.0367815 0.0215668 0.0243155 0.0234873 0.0199281 0.019796 0.0243948 0.0301388 0.0376714 0.0412746 0.0863199 0.0771752 0.113111 0.0741005 0.0525337 0.0229764 0.00759418 0.00175318 0 0 0
 0 0 0 0 0 0 0 0 0 0 0.00219441 0.00772107 0.0458388 0.0604681 0.0671733 0.0775358 0.0609151 0.0617685 0.073594 0.0568108 0.0755445 0.0548602 0.0670107 0.0636378 0.0643287 0.046367 0.0373049 0.0286899 0.0247887 0.0153202 0.00654259 0.00121912 0.000365735 0 0 0
 0 0 0 0 0 0 0 0 0 0 0 0 0.000112435 0.00938835 0.0111873 0.0202946 0.0414886 0.0713402 0.111592 0.104902 0.108894 0.110636 0.117776 0.105296 0.107544 0.0401394 0.0192827 0.0124803 0.00416011 0.0028671 0.000618394 0 0 0 0 0
 0 0 0 0 0 0 0 0 0 0 0.00291406 0.0102884 0.027416 0.0768956 0.0749926 0.110853 0.0956884 0.0897413 0.0766577 0.0534642 0.0500743 0.0551293 0.0594112 0.0620874 0.0668451 0.0424026 0.0208742 0.0120726 0.0048766 0.00582813 0.00118941 0.000297354 0 0 0 0
 0 0.00264628 0.0354308 0.0461629 0.0458689 0.0383711 0.0214643 0.0164657 0.0346957 0.0420465 0.0363128 0.0245516 0.0311673 0.0291091 0.0169068 0.0133784 0.00837989 0.0085269 0.0148486 0.0160247 0.0276389 0.0546898 0.0760071 0.122758 0.109233 0.0665981 0.0333725 0.0166128 0.00676272 0.00308733 0.000882094 0 0 0 0 0
 0 0 0 0 0 0 0 0.000805153 0.000690131 0.00759144 0.0133425 0.0154129 0.00931677 0.000345066 0.00356568 0.00563607 0.00851162 0.0253048 0.0502646 0.0516448 0.0657925 0.0565908 0.0611916 0.0827007 0.0866115 0.110766 0.145733 0.0935128 0.0569358 0.0249597 0.0138026 0.00621118 0.00161031 0.00115022 0 0
 0 0 0 0 0 0 0 0 0 0 0 0 0 0 0 0 0 0 0 0 0 0 0 0 0 0 0 0 0 0 0 0 0 0 0 0
 0.00147267 0.00158595 0.00478618 0.00569244 0.00954404 0.0108468 0.00647125 0.017049 0.0510054 0.094081 0.124002 0.0959785 0.0687766 0.0820023 0.061753 0.0591476 0.0492212 0.0479892 0.0443925 0.0268479 0.0217502 0.0140895 0.0121071 0.0120363 0.00920419 0.00665534 0.0049561 0.00860946 0.00930331 0.0156896 0.0114698 0.00855282 0.00243557 0.00046729 0 2.83206e-05
 0 0 0 0 0.000772559 0.00158375 0.000888443 0.00281984 0.00712685 0.0440552 0.0773331 0.111326 0.0921469 0.0852325 0.0710754 0.0886704 0.0786465 0.0553345 0.0373146 0.0185414 0.00753245 0.00457741 0.012979 0.0271748 0.0457355 0.0583668 0.034881 0.0177882 0.00938659 0.00492506 0.0015258 0.00185414 0.000309023 5.79419e-05 3.86279e-05 0
 0 0.00173294 0.00326652 0 0.00397197 0.00683976 0.00946217 0.0152591 0.00757587 0.0136028 0.0228656 0.0392903 0.0559909 0.0764795 0.0681675 0.0726916 0.0566044 0.0477403 0.0527397 0.0444891 0.0609904 0.0582453 0.0661739 0.0445044 0.0529084 0.0360697 0.0280645 0.0235558 0.0158879 0.00826598 0.00280645 0.00217768 0.000904811 0.00058276 9.20147e-05 0
 0 0 0 0 0 0 0 0 0 0 0 0 0 0 0 0 0 0 0 0 0 0 0 0 0 0 0 0 0 0 0 0 0 0 0 0
 0 0 0 0 0 0 0 0 0 0 0 0 0 0 0 0 0 0 0 0 0 0 0 0 0 0 0 0 0 0 0 0 0 0 0 0
 0 0 0 0 0 0 0 0 0 0 0 0 0 0 0 0 0 0 0 0 0 0 0 0 0 0 0 0 0 0 0 0 0 0 0 0
 0 0 0 0 0 0 0 0 0 0 0 0 0 0 0 0 0 0 0 0 0 0 0 0 0 0 0 0 0 0 0 0 0 0 0 0
 0 0 0 0 0 0 0 0 0 0 0 0 0 0 0 0 0 0 0 0 0 0 0 0 0 0 0 0 0 0 0 0 0 0 0 0
ppred_pel_tallas
 1.04006e-16 1.16286e-05 6.81842e-05 0.000323978 0.0012471 0.00388875 0.00982318 0.0201032 0.0333371 0.0448126 0.0488754 0.0433744 0.0316223 0.0196135 0.0116873 0.00885101 0.010052 0.0139596 0.0196968 0.0267091 0.0344522 0.0422389 0.0492649 0.0547428 0.058067 0.0589438 0.0574435 0.0539549 0.0490663 0.0434161 0.0375629 0.0319105 0.0266947 0.0220146 0.0178852 0.0142845
 1.03952e-16 2.73256e-05 0.00016037 0.000762305 0.00293489 0.00915214 0.0231176 0.047302 0.0784098 0.105306 0.114605 0.101117 0.0724409 0.0423958 0.0208009 0.00955565 0.00571017 0.00578585 0.00765694 0.0103885 0.01358 0.0169564 0.0202364 0.0231364 0.0254153 0.0269171 0.0275907 0.0274814 0.0266999 0.0253838 0.0236658 0.0216565 0.0194456 0.01711 0.0147252 0.01237
 1.03304e-16 6.65869e-06 3.8987e-05 0.000185129 0.000712423 0.00222133 0.00561169 0.0114877 0.0190629 0.0256637 0.0280925 0.0251728 0.0188772 0.0127473 0.00941947 0.00965476 0.0130311 0.0189062 0.0267684 0.0361015 0.0461796 0.0560087 0.0644353 0.0703662 0.0730172 0.0720995 0.0678858 0.0611239 0.0528389 0.0440877 0.0357486 0.0283982 0.0222922 0.0174261 0.0136355 0.0106948
 1.05734e-16 2.17202e-05 0.000127461 0.000605853 0.0023325 0.00727363 0.0183727 0.0375935 0.062318 0.083699 0.0911014 0.0804065 0.0576641 0.0338709 0.0168528 0.00814935 0.00545306 0.00604051 0.00826234 0.0114073 0.0151726 0.0193312 0.0236226 0.0277532 0.0314355 0.0344272 0.036558 0.0377347 0.0379328 0.0371812 0.0355495 0.033143 0.0301031 0.0266048 0.0228496 0.0190481
 1.01775e-16 3.40828e-05 0.000200043 0.000950924 0.00366113 0.0114169 0.0288381 0.0590065 0.097809 0.131352 0.142931 0.12606 0.0902048 0.052577 0.0253908 0.01097 0.00558274 0.00483871 0.0060476 0.00802894 0.0103032 0.0125864 0.0146222 0.0161756 0.0170738 0.0172436 0.0167254 0.0156548 0.0142233 0.0126291 0.0110352 0.00954729 0.00821241 0.00703269 0.0059866 0.00504763
 1.01172e-16 1.92721e-05 0.000113058 0.000537315 0.00206851 0.00645028 0.0162934 0.0333416 0.0552795 0.0742756 0.0809234 0.0716104 0.0517629 0.0312213 0.017042 0.0107221 0.0103327 0.0135147 0.0187455 0.0251725 0.0321271 0.038866 0.0445642 0.0484489 0.0499713 0.0489395 0.0455644 0.0403984 0.0341934 0.0277242 0.0216363 0.0163556 0.0120711 0.0087772 0.00634455 0.00459176
 1.00665e-16 3.75598e-05 0.000220461 0.00104801 0.00403493 0.0125826 0.0317826 0.0650305 0.107792 0.144753 0.157495 0.138864 0.0992764 0.057682 0.0275146 0.011303 0.00490156 0.00344892 0.00397707 0.00521233 0.00668845 0.00818546 0.00952994 0.0105656 0.0111744 0.0113005 0.0109599 0.0102319 0.00923512 0.00809783 0.00693227 0.00581942 0.00480606 0.00391088 0.00313481 0.0024706
 1.00388e-16 2.91796e-05 0.000171242 0.000813968 0.00313375 0.00977226 0.0246841 0.0505083 0.0837278 0.112458 0.122414 0.108067 0.0775505 0.0456477 0.022878 0.0113073 0.00781423 0.00868709 0.0116136 0.0154927 0.0197314 0.0238242 0.0272504 0.0295306 0.0303284 0.0295318 0.027282 0.0239336 0.0199654 0.0158692 0.0120532 0.00878467 0.00617958 0.00422839 0.00284142 0.00189498
 1.0056e-16 3.23438e-05 0.000189827 0.000902341 0.00347404 0.0108335 0.0273645 0.0559919 0.0928143 0.124652 0.135658 0.11969 0.0857415 0.0501677 0.0245862 0.0112349 0.00660389 0.00654658 0.00850517 0.0113191 0.0144524 0.0175195 0.0201436 0.0219773 0.0227713 0.0224317 0.0210415 0.0188344 0.0161338 0.0132765 0.010546 0.00813372 0.00613067 0.00454509 0.00333201 0.00242306
 1.0049e-16 3.25799e-05 0.000191213 0.00090893 0.00349941 0.0109126 0.0275644 0.0564008 0.0934921 0.125562 0.136649 0.120563 0.0863653 0.0505294 0.0247571 0.0113019 0.00662673 0.00655344 0.00850383 0.0113072 0.0144225 0.0174608 0.0200429 0.0218209 0.0225471 0.0221318 0.0206645 0.0183869 0.0156304 0.0127384 0.00999822 0.00760188 0.00563772 0.00410859 0.00296265 0.00212442
 1.00787e-16 2.4521e-05 0.000143885 0.00068389 0.00263289 0.00821033 0.0207389 0.0424367 0.0703515 0.0945041 0.102902 0.0909172 0.0654087 0.0388326 0.0200774 0.0109383 0.00885197 0.010742 0.0146702 0.0196601 0.0250957 0.0303758 0.0348536 0.0379246 0.0391582 0.0383996 0.0358073 0.0318053 0.0269741 0.0219146 0.0171299 0.0129552 0.00954424 0.00690046 0.00493131 0.00350255
 1.01365e-16 2.53235e-05 0.000148601 0.000706324 0.00271929 0.00847977 0.0214194 0.0438287 0.0726571 0.0975954 0.106253 0.0938406 0.0674318 0.0398733 0.0203223 0.0106062 0.00805348 0.00947395 0.0128752 0.017289 0.0221539 0.0269522 0.0311298 0.0341628 0.0356666 0.0354828 0.0337128 0.0306807 0.0268458 0.0226913 0.0186292 0.0149428 0.0117765 0.00915958 0.00704835 0.00536658
 1.00458e-16 3.60594e-05 0.000211648 0.0010061 0.00387355 0.0120793 0.0305114 0.0624301 0.103483 0.138971 0.151217 0.133359 0.0954057 0.0555644 0.0267505 0.0114136 0.00559504 0.00464021 0.00569566 0.00751024 0.00958075 0.0116175 0.0133653 0.0145936 0.0151375 0.0149347 0.0140393 0.0126048 0.0108436 0.00897655 0.00718925 0.00560652 0.00428737 0.00323662 0.00242471 0.00180732
 1.00093e-16 3.8086e-05 0.000223548 0.00106268 0.00409141 0.0127587 0.0322275 0.065941 0.109302 0.146782 0.159708 0.140826 0.100702 0.0585577 0.0280198 0.0116591 0.00527695 0.00394344 0.00464037 0.00605641 0.00768765 0.0092719 0.0105934 0.011463 0.0117496 0.0114105 0.0105026 0.00916674 0.00759251 0.00597424 0.00447312 0.00319452 0.00218369 0.00143598 0.00091473 0.000569564
 1.0007e-16 3.79683e-05 0.000222857 0.00105939 0.00407875 0.0127192 0.0321277 0.065737 0.108964 0.146328 0.159215 0.140394 0.100399 0.0583914 0.0279596 0.0116675 0.00533097 0.0040364 0.00477459 0.00623608 0.00791409 0.00954104 0.0108948 0.0117804 0.0120629 0.0116989 0.0107483 0.00935747 0.00772305 0.00604662 0.00449516 0.00317765 0.00214052 0.00137834 0.000852327 0.000509418
 1.00178e-16 3.28802e-05 0.000192975 0.000917305 0.00353165 0.0110131 0.0278183 0.0569205 0.0943539 0.12672 0.137911 0.12168 0.0871754 0.0510221 0.0250327 0.011484 0.00680803 0.00678728 0.00881555 0.0117024 0.014888 0.017963 0.0205279 0.0222189 0.0227821 0.0221342 0.0203847 0.0178052 0.0147618 0.01163 0.00872182 0.00624134 0.0042768 0.00282007 0.00180123 0.00112369
 1.00475e-16 2.95601e-05 0.000173478 0.0008246 0.0031747 0.00989995 0.0250067 0.051168 0.0848208 0.113924 0.124005 0.109458 0.0785221 0.0461649 0.0230366 0.0112208 0.00754708 0.00825086 0.0109925 0.0146703 0.0187079 0.0226279 0.0259408 0.0281941 0.0290666 0.0284452 0.0264517 0.0234074 0.0197509 0.0159359 0.0123414 0.00921956 0.00668511 0.00473875 0.00330803 0.0022886
 1.00589e-16 3.18927e-05 0.000187178 0.000889743 0.00342553 0.0106822 0.0269824 0.0552102 0.0915189 0.122913 0.133769 0.11803 0.0845685 0.0495131 0.0243244 0.0112149 0.00672893 0.00678162 0.00885092 0.011787 0.0150496 0.0182413 0.02097 0.0228743 0.0236946 0.0233339 0.0218794 0.0195755 0.0167599 0.0137839 0.0109429 0.00843582 0.00635694 0.00471383 0.00345866 0.00251935
 1.00881e-16 2.54598e-05 0.000149399 0.00071011 0.00273385 0.00852518 0.0215342 0.0440637 0.0730474 0.0981218 0.106832 0.0943653 0.067838 0.040172 0.0205813 0.0109119 0.00848495 0.0100949 0.0137308 0.0183984 0.0234994 0.0284688 0.0327032 0.0356387 0.0368712 0.0362521 0.0339228 0.0302711 0.025831 0.0211561 0.0167112 0.0128073 0.00958934 0.00706496 0.0051541 0.00373868
 1.01143e-16 2.89659e-05 0.000169992 0.000808031 0.00311091 0.00970104 0.0245042 0.0501398 0.0831158 0.111633 0.121507 0.107244 0.0769148 0.0451817 0.0224762 0.0108352 0.00714893 0.00772997 0.0102948 0.0137826 0.0176574 0.0214863 0.0248247 0.0272552 0.0284711 0.0283457 0.0269586 0.0245663 0.0215326 0.0182407 0.015017 0.0120863 0.00956307 0.00747117 0.00577662 0.00442009
 1.01036e-16 2.90466e-05 0.000170464 0.000810277 0.00311955 0.00972799 0.0245723 0.0502791 0.083347 0.111944 0.121847 0.107549 0.0771422 0.0453332 0.0225843 0.0109407 0.00728594 0.00792242 0.0105574 0.01412 0.0180617 0.0219344 0.0252778 0.0276625 0.0287769 0.0284993 0.0269241 0.0243301 0.0211065 0.0176595 0.0143318 0.0113554 0.00884249 0.00680691 0.00520034 0.00394785
 1.01387e-16 2.46394e-05 0.000144583 0.000687217 0.00264571 0.00825032 0.0208399 0.042643 0.0706925 0.0949591 0.10339 0.0913286 0.0656629 0.0389 0.01996 0.0106335 0.008333 0.0099624 0.0135817 0.0182343 0.0233445 0.0283665 0.0327131 0.0358308 0.0373162 0.0370093 0.0350274 0.0317254 0.0276004 0.0231724 0.0188814 0.0150266 0.0117549 0.00908785 0.00696765 0.00530237
 1.01364e-16 2.93076e-05 0.000171999 0.000817579 0.00314768 0.0098157 0.0247938 0.0507322 0.0840972 0.112949 0.122935 0.108494 0.0777873 0.0456465 0.0226191 0.0107579 0.00690898 0.00733695 0.00973318 0.0130351 0.0167214 0.0203835 0.0236052 0.0259942 0.0272599 0.0272776 0.0261132 0.0239972 0.0212597 0.0182501 0.0152671 0.0125179 0.0101106 0.00807204 0.00637827 0.0049834
 1.00957e-16 2.99243e-05 0.000175619 0.000834784 0.00321392 0.0100223 0.0253156 0.0517999 0.0858672 0.115327 0.125524 0.110781 0.0794317 0.0466208 0.0231183 0.0110207 0.00710685 0.0075594 0.0100148 0.013378 0.0171032 0.0207585 0.0239058 0.0261375 0.0271592 0.0268578 0.0253261 0.0228327 0.0197504 0.0164677 0.0133112 0.0105009 0.00814148 0.00624319 0.00475645 0.00360646
 1.02121e-16 1.20458e-05 7.06241e-05 0.000335557 0.00129165 0.00402765 0.0101741 0.020822 0.0345314 0.0464247 0.0506511 0.0449914 0.0328903 0.0205751 0.0125646 0.0099278 0.0115947 0.0161893 0.0227752 0.0307093 0.0393163 0.0477418 0.0550048 0.0601721 0.0625655 0.0619203 0.0584438 0.0527463 0.0456786 0.0381295 0.0308492 0.0243457 0.0188654 0.0144389 0.01096 0.00826327
 1.03887e-16 2.4475e-05 0.00014363 0.000682717 0.00262844 0.00819648 0.0207037 0.0423634 0.0702251 0.0943197 0.102663 0.0906148 0.0649932 0.0381907 0.0190254 0.00922804 0.00618776 0.00681514 0.0092181 0.012548 0.0164057 0.0204764 0.0244191 0.0278853 0.0305764 0.0322965 0.0329791 0.0326772 0.0315294 0.0297129 0.0274049 0.0247604 0.0219094 0.0189641 0.0160286 0.0132026
 1.0363e-16 9.49563e-06 5.56501e-05 0.000264364 0.00101753 0.00317281 0.00801493 0.0164043 0.0272098 0.0365959 0.0399655 0.0355902 0.0262135 0.0167851 0.0109247 0.00954574 0.0118762 0.016883 0.0238347 0.0321643 0.0412023 0.050069 0.0577482 0.063273 0.0659429 0.0654875 0.062125 0.0564882 0.0494531 0.0419266 0.0346646 0.0281663 0.0226592 0.018152 0.014521 0.0115935
pSPR Fmed_Fpbrs
0.52249   0.6 0.325
Fs Fmed_Fpbrs
0.64   0.45762 1.61905
SSBpbr Bo_Bmed_Bpbrs
470664  222384  258865 129432
Ro
21590.3
SPR SPRFo_SPRFmed_SPRFpbrs
445931 232995 144928
log_Ro
9.8
likeval ReclasPelacesDesembMPH_pf_preclas_ppelaces_ptallas_desvR_qrecl_qpela
 77.5 12.1902 0.185359 0.000467295 356.89 216.893 57.5764 0 30.9228 0.000103583 0.000345905 2.20948e-14 0 0 0
q_reclas_q_pelaces
4.23 14.0977
M
0.7
N
 17058.7 18081.6 5980.28 783.231 0.141887
 44232.9 8113.95 6027.14 1693.65 220.047
 3982.35 20571.1 2196.14 1272.9 399.134
 7615.29 1719.89 2806.58 176.691 130.971
 37733.4 3522.9 443.268 553.231 59.8224
 15582.7 18406.6 1483.26 174.455 240.457
 64231.7 6787.32 2716.86 133.327 36.3587
 57601.9 28396.3 1149.6 296.448 18.1074
 68395.1 25020.2 4085.54 99.6782 26.5874
 114618 29106.1 2978.25 271.227 8.13823
 65411 51435.5 5661.79 394.949 36.3398
 46807.3 28137.7 6764.45 432.552 32.06
 56430.3 20374.3 4127.95 602.837 40.3788
 29075.8 22294.9 1219.46 104.034 15.5195
 12511.4 9930.75 346.779 4.60392 0.420223
 9550.05 4273.22 154.465 1.30922 0.0176617
 7098.28 3969.95 409.474 7.55455 0.0627374
 9116.16 2993.18 434.135 24.1227 0.435006
 8045.75 3973.21 444.393 39.3464 2.17114
 9728.25 3645.98 845.93 66.9276 6.14469
 16318.9 4302.79 620.213 92.8672 7.84684
 18308.4 7634.07 1229.7 141.417 22.7042
 30240.5 8514.56 2066.27 259.708 34.2302
 48690.7 13790.3 1921.7 337.838 47.2839
 16135.3 22276.6 3207.82 327.854 64.6842
 29335.1 7554.58 6416.69 739.572 89.4879
 4287.56 13559 1931.64 1250.78 159.408
pred_Ctot
 518.539 4373.85 1908.15 252.729 0.0458016
 2026.96 2748.09 2614.04 741.792 96.4102
 376.201 11521.7 1458.5 850.689 266.804
 376.248 617.523 1282.05 81.4825 60.4187
 480.181 389.14 67.0247 84.7497 9.16845
 1387.47 9949.31 957.709 113.389 156.324
 5103.23 3415.2 1655.62 81.8368 22.3229
 5230.68 15533.4 749.358 194.499 11.8829
 7098.22 14792.5 2829.88 69.4425 18.5263
 7986.05 13420.5 1688.24 154.967 4.65112
 6344 29257 3805.93 267.126 24.5839
 4187.44 15253.2 4377.7 281.782 20.89
 8404.71 14393.1 3258.67 477.718 32.0025
 6670.07 18257.9 1062.43 90.8249 13.55
 2870.14 8132.59 302.126 4.01938 0.366896
 1130.22 2710.51 112.834 0.9612 0.0129691
 777.351 2417.47 290.093 5.38141 0.044699
 808 1613.39 279.688 15.6443 0.282181
 508.72 1712.12 237.892 21.2402 1.17238
 769.959 1830.03 514.457 40.9983 3.76506
 682.54 1355.59 252.087 38.1313 3.22307
 838.964 2585.53 533.328 61.9376 9.94743
 1785.27 3492.57 1060.32 134.436 17.7245
 2768.35 5503.05 962.937 170.796 23.9122
 665.502 6940.04 1290.71 133.27 26.3031
 1466.36 2736.81 2954.39 343.747 41.6072
 401.682 7557.01 1277.88 832.712 106.15
F
 0.043077 0.398625 0.56158 0.569769 0.570061
 0.0655826 0.606886 0.854978 0.867445 0.86789
 0.13961 1.29192 1.82005 1.84659 1.84754
 0.0708729 0.655841 0.923946 0.937419 0.937899
 0.0178349 0.16504 0.232507 0.235898 0.236019
 0.131107 1.21323 1.7092 1.73412 1.73501
 0.116238 1.07564 1.51536 1.53746 1.53825
 0.13387 1.2388 1.74522 1.77067 1.77158
 0.154353 1.42835 2.01225 2.04159 2.04264
 0.101278 0.937208 1.32033 1.33959 1.34027
 0.143579 1.32865 1.87179 1.89909 1.90006
 0.131766 1.21933 1.71779 1.74284 1.74373
 0.228649 2.11587 2.98082 3.02429 3.02584
 0.374272 3.46342 4.87925 4.9504 4.95294
 0.374272 3.46342 4.87925 4.9504 4.95294
 0.177792 1.64525 2.31782 2.35161 2.35282
 0.163517 1.51315 2.13172 2.16281 2.16392
 0.130474 1.20738 1.70095 1.72575 1.72664
 0.0915187 0.846893 1.1931 1.2105 1.21112
 0.115771 1.07132 1.50927 1.53127 1.53206
 0.0597049 0.552496 0.778353 0.789703 0.790108
 0.0655816 0.606878 0.854966 0.867433 0.867878
 0.085216 0.788569 1.11093 1.12713 1.12771
 0.0819532 0.758376 1.0684 1.08397 1.08453
 0.0588552 0.544632 0.767275 0.778463 0.778863
 0.0717312 0.663784 0.935136 0.948772 0.949258
 0.138382 1.28055 1.80404 1.83034 1.83128
Np
 13591.9 6520.11 668.542 591.968 65.2332
YTP_r0W_actual
 861.101 58748.8 16242.6 13591 1923
YTP_p0W_proyectada
 2729.75 8032.98 15733.1 1715.97 1297.13
 2729.75 28250.5 5621.58 6432.35 786.932
CTP_r0_actual
 105.012 2719.85 517.28 338.928 43.2135
CTP_p0_proyectada
 332.896 371.897 501.055 42.7922 29.1489
 332.896 1307.89 179.031 160.408 17.6839
Wmedp
 8.2 21.6 31.4 40.1 44.5
nmprior
 10.8 10.6 4.6 0
nm_flota  nm_reclas  nm_pelaces    nm_pelaL
inf 18.4403 14.794 43.463
cv_recla  cv_pelaces  cv_mph
0.762398 0.382469 0.577739
 ------------------------------------------------
Talla a la edad & desviaci?n 
 7.2 14.2025 17.0495 18.207 18.6776
 1.08 2.13037 2.55742 2.73105 2.80164
