years
 1997 1998 1999 2000 2001 2002 2003 2004 2005 2006 2007 2008 2009 2010 2011 2012 2013 2014 2015 2016 2017 2018 2019 2020 2021 2022 2023
reclasobs
 0 0 0 370054 412103 1.49427e+06 250295 1.28982e+06 931140 785840 897777 1.04006e+06 184774 17550 25797 100020 73551 82996 120727 218422 84188 347160 605670 569463 516374 1.08416e+06 1.01767e+06
reclaspred
 934606 195594 403695 179097 294580 371870 785684 635770 715715 885161 875848 625923 351622 140750 82368.8 78589.1 84111.6 110529 129432 148814 229531 234902 383461 503883 728429 658501 398462
pelacesobs
 0 0 0 0 0 0 0 0 0 2.06254e+06 1.5e+06 0 1.87456e+06 323000 250000 174000 83755 137374 0 501740 490994 745055 786931 1.00524e+06 1.33801e+06 1.41789e+06 0
pelacespred
 2.63182e+06 678463 553381 508586 834884 658283 2.18744e+06 1.78124e+06 1.92608e+06 2.4604e+06 1.94375e+06 1.4308e+06 853830 278127 167170 162014 178091 251458 278972 315046 603527 561622 717070 1.11945e+06 1.51264e+06 1.44592e+06 733719
mphobs
 0 0 0 0 0 0 112323 0 153150 637223 0 255016 313432 73983 77613 109348 50772 17779 17303 59886 28197 0 207744 136588 643089 65757 70829
mphpred
 295331 137045 133281 78643.1 79044.3 156349 202895 310309 288211 331672 399756 278432 162216 90094.1 40626.7 30108.5 26907.7 34532.2 48691.3 46535.5 71330.7 85767.8 98214.5 148556 210387 188205 146997
desembarqueobs
 350755 77701 442110 56441 14545 235359 269955 359681 431902 328805 639364 411747 362871 311530 167758 66681 60226 58785 57116 73181 50977 67692 138656 160484 209506 203330 245020
desembarquepred
 350737 77674.2 441751 56434.1 14544.8 235357 269992 359356 431660 328644 638626 411353 362456 311209 167330 66638.7 60220.6 58736.8 57062.4 73135.1 50971.3 67651.7 138604 160440 209405 203209 244890
Reclutas
 26418.6 41842 9835.97 14255.4 38680.1 21427.4 64019.6 61034.3 78641.6 114250 66018.6 46372.1 52009.8 28954.6 13135.4 10390.8 7545.61 9508.9 8920.9 12096.6 18064.5 21220.7 35076.8 52766.9 20830.5 29798.5 14122.7
log_desv_Rt
 0.0218234 0.481656 -0.966199 -0.595112 0.403082 -0.187573 0.906944 0.85919 1.11266 1.48615 0.937692 0.584453 0.699187 0.113485 -0.676937 -0.911329 -1.23128 -1.00002 -1.06385 -0.759317 -0.358298 -0.197267 0.305295 0.713639 -0.215826 0.142213 -0.604463
SSB
 477115 221400 215318 127050 127698 252585 315197 493002 449674 521377 645816 449814 275045 152601 73369.9 54541.6 52002 61848.9 80024.8 83044 116058 150665 179575 254348 405704 379921 276482
BT
 1.30648e+06 347888 432621 229235 323457 386695 1.14648e+06 1.06469e+06 1.18409e+06 1.27563e+06 1.26449e+06 880555 697675 400851 207757 116943 117619 145583 141709 174225 267043 238131 341506 532892 623188 615721 425293
Ftot
 0.929706 1.10989 2.27346 0.791153 0.157097 1.43437 1.07552 1.61151 1.76101 1.14168 1.77949 1.56448 2.65794 4.95303 4.95303 2.26487 1.94449 1.50285 1.12299 1.29914 0.631048 0.725085 0.913119 0.888944 0.678378 0.713345 1.33537
BD_Bspro_t
 0.91258 0.611121 0.497094 0.230702 0.338347 0.553492 0.463244 0.53265 0.466933 0.458583 0.475447 0.323679 0.227662 0.155723 0.0915223 0.0841058 0.110154 0.174976 0.262104 0.319756 0.427757 0.558037 0.558858 0.570521 0.611981 0.524161 0.439574
BD_Bspro
 0.893679 0.414703 0.403311 0.237976 0.23919 0.473116 0.590393 0.923437 0.842281 0.976587 1.20967 0.842542 0.515184 0.285835 0.137429 0.102161 0.0974045 0.115849 0.149894 0.155549 0.217387 0.28221 0.33636 0.476418 0.75992 0.711626 0.517875
BD_Bo
 0.915268 0.424721 0.413054 0.243725 0.244968 0.484544 0.604655 0.945744 0.862628 1.00018 1.23889 0.862895 0.527629 0.29274 0.140748 0.104629 0.0997575 0.118647 0.153515 0.159307 0.222638 0.289027 0.344486 0.487927 0.778277 0.728816 0.530386
BD_Brms
 1.66412 0.772219 0.751007 0.443136 0.445397 0.88099 1.09937 1.71953 1.56841 1.81851 2.25253 1.5689 0.959325 0.532254 0.255906 0.190235 0.181377 0.215722 0.279118 0.289648 0.404796 0.525503 0.626338 0.887139 1.41505 1.32512 0.964337
S_f
 0.0752931 0.607389 0.967099 0.998213 0.999906
 0.0752931 0.607389 0.967099 0.998213 0.999906
 0.0752931 0.607389 0.967099 0.998213 0.999906
 0.0752931 0.607389 0.967099 0.998213 0.999906
 0.0752931 0.607389 0.967099 0.998213 0.999906
 0.0752931 0.607389 0.967099 0.998213 0.999906
 0.0752931 0.607389 0.967099 0.998213 0.999906
 0.0752931 0.607389 0.967099 0.998213 0.999906
 0.0752931 0.607389 0.967099 0.998213 0.999906
 0.0752931 0.607389 0.967099 0.998213 0.999906
 0.0752931 0.607389 0.967099 0.998213 0.999906
 0.0752931 0.607389 0.967099 0.998213 0.999906
 0.0752931 0.607389 0.967099 0.998213 0.999906
 0.0752931 0.607389 0.967099 0.998213 0.999906
 0.0752931 0.607389 0.967099 0.998213 0.999906
 0.0752931 0.607389 0.967099 0.998213 0.999906
 0.0752931 0.607389 0.967099 0.998213 0.999906
 0.0752931 0.607389 0.967099 0.998213 0.999906
 0.0752931 0.607389 0.967099 0.998213 0.999906
 0.0752931 0.607389 0.967099 0.998213 0.999906
 0.0752931 0.607389 0.967099 0.998213 0.999906
 0.0752931 0.607389 0.967099 0.998213 0.999906
 0.0752931 0.607389 0.967099 0.998213 0.999906
 0.0752931 0.607389 0.967099 0.998213 0.999906
 0.0752931 0.607389 0.967099 0.998213 0.999906
 0.0752931 0.607389 0.967099 0.998213 0.999906
 0.0752931 0.607389 0.967099 0.998213 0.999906
Scru_reclas
 0.265409 0.645176 0.901486 0.978747 0.995704
 0.265409 0.645176 0.901486 0.978747 0.995704
 0.265409 0.645176 0.901486 0.978747 0.995704
 0.265409 0.645176 0.901486 0.978747 0.995704
 0.265409 0.645176 0.901486 0.978747 0.995704
 0.265409 0.645176 0.901486 0.978747 0.995704
 0.265409 0.645176 0.901486 0.978747 0.995704
 0.265409 0.645176 0.901486 0.978747 0.995704
 0.265409 0.645176 0.901486 0.978747 0.995704
 0.265409 0.645176 0.901486 0.978747 0.995704
 0.265409 0.645176 0.901486 0.978747 0.995704
 0.265409 0.645176 0.901486 0.978747 0.995704
 0.265409 0.645176 0.901486 0.978747 0.995704
 0.265409 0.645176 0.901486 0.978747 0.995704
 0.265409 0.645176 0.901486 0.978747 0.995704
 0.265409 0.645176 0.901486 0.978747 0.995704
 0.265409 0.645176 0.901486 0.978747 0.995704
 0.265409 0.645176 0.901486 0.978747 0.995704
 0.265409 0.645176 0.901486 0.978747 0.995704
 0.265409 0.645176 0.901486 0.978747 0.995704
 0.265409 0.645176 0.901486 0.978747 0.995704
 0.265409 0.645176 0.901486 0.978747 0.995704
 0.265409 0.645176 0.901486 0.978747 0.995704
 0.265409 0.645176 0.901486 0.978747 0.995704
 0.265409 0.645176 0.901486 0.978747 0.995704
 0.265409 0.645176 0.901486 0.978747 0.995704
 0.265409 0.645176 0.901486 0.978747 0.995704
Scru_pelaces
 0.436282 0.795708 0.951461 0.989965 0.99799
 0.436282 0.795708 0.951461 0.989965 0.99799
 0.436282 0.795708 0.951461 0.989965 0.99799
 0.436282 0.795708 0.951461 0.989965 0.99799
 0.436282 0.795708 0.951461 0.989965 0.99799
 0.436282 0.795708 0.951461 0.989965 0.99799
 0.436282 0.795708 0.951461 0.989965 0.99799
 0.436282 0.795708 0.951461 0.989965 0.99799
 0.436282 0.795708 0.951461 0.989965 0.99799
 0.436282 0.795708 0.951461 0.989965 0.99799
 0.436282 0.795708 0.951461 0.989965 0.99799
 0.436282 0.795708 0.951461 0.989965 0.99799
 0.436282 0.795708 0.951461 0.989965 0.99799
 0.436282 0.795708 0.951461 0.989965 0.99799
 0.436282 0.795708 0.951461 0.989965 0.99799
 0.436282 0.795708 0.951461 0.989965 0.99799
 0.436282 0.795708 0.951461 0.989965 0.99799
 0.436282 0.795708 0.951461 0.989965 0.99799
 0.436282 0.795708 0.951461 0.989965 0.99799
 0.436282 0.795708 0.951461 0.989965 0.99799
 0.436282 0.795708 0.951461 0.989965 0.99799
 0.436282 0.795708 0.951461 0.989965 0.99799
 0.436282 0.795708 0.951461 0.989965 0.99799
 0.436282 0.795708 0.951461 0.989965 0.99799
 0.436282 0.795708 0.951461 0.989965 0.99799
 0.436282 0.795708 0.951461 0.989965 0.99799
 0.436282 0.795708 0.951461 0.989965 0.99799
pf_obs 
 0.256992 0.487395 0.22802 0.0275931 0
 0.321318 0.546541 0.124235 0.00734118 0.000564706
 0.182869 0.594174 0.210203 0.0122559 0.00049798
 0.330522 0.361315 0.267642 0.0388342 0.00168674
 0.649043 0.306663 0.0425973 0.00169635 0
 0.582887 0.30429 0.105238 0.00758474 0
 0.465427 0.430635 0.0974691 0.00646863 0
 0.296916 0.608066 0.0921331 0.00288517 0
 0.311714 0.524322 0.152257 0.0117073 0
 0.15457 0.633149 0.183074 0.0267441 0.00246327
 0.131901 0.49318 0.331252 0.0422183 0.00144891
 0.196976 0.569456 0.194076 0.0375587 0.00193317
 0.518974 0.381816 0.0799577 0.0180837 0.00116848
 0.0928022 0.601141 0.25162 0.0475244 0.00691264
 0.122501 0.610282 0.24278 0.0234846 0.000952079
 0.383417 0.481906 0.127806 0.00687128 0
 0.0376549 0.599619 0.316969 0.0457579 0
 0.0361596 0.667082 0.258105 0.0386534 0
 0.158088 0.579412 0.248529 0.0139706 0
 0.0477256 0.309471 0.559284 0.082774 0.000745712
 0.0406174 0.521527 0.379366 0.0568643 0.0016247
 0.151134 0.462217 0.34131 0.0453401 0
 0.294876 0.26143 0.354403 0.0886775 0.000613685
 0.281977 0.475581 0.204845 0.0348837 0.00271318
 0.0841818 0.532909 0.334909 0.0458182 0.00218182
 0.115287 0.27431 0.454777 0.147771 0.00785563
 0 0 0 0 0
pf_pred 
 0.170903 0.55875 0.240085 0.030252 1.03196e-05
 0.262305 0.485023 0.202003 0.045238 0.00543039
 0.0748863 0.739583 0.147822 0.0304653 0.00724327
 0.212448 0.414559 0.342107 0.0250086 0.00587767
 0.341461 0.457904 0.134847 0.0605644 0.00522312
 0.130669 0.686381 0.144279 0.0262766 0.0123945
 0.391259 0.371811 0.211377 0.0204081 0.00514465
 0.240921 0.663234 0.072748 0.0207207 0.00237599
 0.291428 0.554341 0.145218 0.00694609 0.00206623
 0.306253 0.576163 0.105303 0.0116082 0.000672344
 0.156563 0.685607 0.143492 0.0129109 0.0014266
 0.162766 0.581965 0.233019 0.020352 0.00189757
 0.277948 0.521133 0.168591 0.0296712 0.002657
 0.261477 0.660654 0.0694011 0.007208 0.00125981
 0.265875 0.693552 0.0398609 0.000645008 6.70816e-05
 0.298606 0.657144 0.0438534 0.000390963 5.9583e-06
 0.216057 0.671195 0.110057 0.00266871 2.22663e-05
 0.280509 0.5587 0.150708 0.00985909 0.000224099
 0.213342 0.636147 0.133279 0.0162128 0.00101953
 0.259824 0.532417 0.186043 0.0193446 0.00237122
 0.268698 0.566738 0.138835 0.0231747 0.00255466
 0.210242 0.580905 0.179755 0.0247099 0.00438836
 0.267721 0.501639 0.192867 0.0327093 0.00506309
 0.273027 0.557034 0.137136 0.027646 0.00515688
 0.0849957 0.692317 0.192009 0.0249831 0.00569503
 0.155926 0.353419 0.416689 0.0641548 0.00981138
 0.09817 0.589344 0.178037 0.114938 0.0195112
pobs_RECLAS
 0 0 0 0 0
 0 0 0 0 0
 0 0 0 0 0
 0 0 0 0 0
 0.835266 0.146461 0.0176864 0.000547809 3.91292e-05
 0.385257 0.428462 0.181853 0.0044286 0
 0.867414 0.0963971 0.0333333 0.00285562 0
 0.441836 0.489002 0.0689373 0.000224442 0
 0.779404 0.147425 0.0564933 0.0165055 0.000172143
 0.814271 0.122319 0.05973 0.00367925 0
 0.40263 0.566651 0.0304383 0.000280538 0
 0.475488 0.404961 0.113038 0.00651328 0
 0.955842 0.0263864 0.0167828 0.000988607 0
 0.975058 0.0227948 0.00214734 0 0
 0.738997 0.206755 0.0527124 0.00153531 0
 0.850938 0.134255 0.0134407 0.00136685 0
 0.542534 0.407297 0.0501686 0 0
 0.764087 0.199537 0.0359546 0.000420521 0
 0.470689 0.182191 0.310203 0.0369168 0
 0.84361 0.089868 0.0606195 0.00523954 0.000663233
 0.607945 0.314616 0.071237 0.00620181 0
 0.523733 0.453247 0.0230204 0 0
 0.530135 0.295979 0.169645 0.0042399 0
 0.562478 0.366248 0.0663022 0.0049721 0
 0.250443 0.683176 0.0655157 0.000865301 0
 0.195077 0.31981 0.436473 0.0351445 0.0134964
 0.565238 0.351407 0.0832357 0.000118908 0
ppred_RECLAS
 0.428497 0.405114 0.146975 0.0194075 6.72226e-06
 0.567815 0.300344 0.104388 0.0244698 0.00298239
 0.245676 0.63378 0.0952903 0.020345 0.0049085
 0.498499 0.283469 0.199122 0.0152664 0.00364339
 0.641583 0.257915 0.066398 0.0313575 0.00274644
 0.358058 0.526453 0.090139 0.0171419 0.00820857
 0.705012 0.192061 0.0913321 0.00923215 0.00236302
 0.54063 0.411176 0.0361946 0.0107489 0.00125117
 0.611942 0.317848 0.0659348 0.0032839 0.000991536
 0.613941 0.329746 0.0501832 0.00578919 0.000340445
 0.41457 0.495001 0.081897 0.00767146 0.000860401
 0.426794 0.423088 0.136505 0.0124358 0.00117704
 0.623687 0.294192 0.0685463 0.0124444 0.00113054
 0.66467 0.315884 0.0173269 0.00180065 0.000318754
 0.664165 0.32588 0.00977974 0.000158346 1.66794e-05
 0.623253 0.358562 0.0180163 0.000166412 2.57355e-06
 0.514169 0.429619 0.0548185 0.0013817 1.17004e-05
 0.593677 0.329339 0.0719578 0.00491265 0.000113359
 0.494725 0.421644 0.0736539 0.0093775 0.000598734
 0.566285 0.327874 0.0943143 0.010251 0.0012757
 0.563243 0.349058 0.0733989 0.0128603 0.00143961
 0.485923 0.392622 0.103788 0.0149685 0.00269943
 0.569852 0.309061 0.100431 0.017851 0.00280572
 0.572886 0.338776 0.0705949 0.0149176 0.00282549
 0.246911 0.589532 0.140014 0.0191181 0.00442549
 0.407104 0.27 0.272112 0.0439577 0.00682652
 0.290396 0.491367 0.121858 0.0822107 0.0141683
pobs_PELACES
 0 0 0 0 0
 0 0 0 0 0
 0 0 0 0 0
 0 0 0 0 0
 0 0 0 0 0
 0 0 0 0 0
 0 0 0 0 0
 0 0 0 0 0
 0 0 0 0 0
 0 0 0 0 0
 0.450072 0.473896 0.0757376 0.000293798 0
 0 0 0 0 0
 0.463077 0.371075 0.160297 0.00555027 0
 0.529543 0.364841 0.0842815 0.0213345 0
 0.631943 0.363953 0.00410389 0 0
 0.735681 0.248677 0.0153453 0.000297389 0
 0.695825 0.281241 0.0229344 0 0
 0.275771 0.60734 0.115278 0.00161068 0
 0 0 0 0 0
 0.896147 0.0623911 0.0374545 0.00400742 0
 0.803859 0.145111 0.0509908 3.86294e-05 0
 0.739449 0.233085 0.0266225 0.000797448 4.60066e-05
 0.878498 0.100942 0.0204185 0.000141795 0
 0.694673 0.275183 0.0284847 0.00165964 0
 0.469039 0.446079 0.0841089 0.000773354 0
 0.822795 0.102175 0.0682046 0.00682512 0
 0 0 0 0 0
ppred_PELACES
 0.558343 0.3364 0.0935296 0.0117233 4.02175e-06
 0.697872 0.227915 0.0594217 0.0131975 0.00159295
 0.406901 0.528345 0.0519017 0.0103746 0.00247717
 0.627819 0.233114 0.127571 0.00929732 0.00219777
 0.720457 0.211386 0.0457101 0.0206545 0.00179247
 0.502119 0.43058 0.0532131 0.00955623 0.00453099
 0.808337 0.136786 0.0489933 0.00469394 0.00118984
 0.682549 0.293491 0.0182595 0.0051114 0.000589046
 0.752016 0.215114 0.0309838 0.00145236 0.000434123
 0.729068 0.240426 0.0273439 0.00298776 0.000173998
 0.575399 0.377138 0.0432296 0.00381043 0.000423069
 0.585868 0.331079 0.0759192 0.00652258 0.000611225
 0.793555 0.176106 0.025613 0.00433625 0.000389789
 0.866733 0.129515 0.00337698 0.000319645 5.59163e-05
 0.864669 0.133397 0.00190296 2.80634e-05 2.92117e-06
 0.769455 0.223147 0.00733315 6.34198e-05 9.70668e-07
 0.673347 0.300024 0.0260084 0.000615809 5.16189e-06
 0.728344 0.232834 0.0364219 0.00234648 5.36089e-05
 0.624022 0.327619 0.0428629 0.0051699 0.000326892
 0.700682 0.242296 0.0511209 0.00525423 0.00064748
 0.667304 0.277732 0.0463706 0.00773584 0.000857816
 0.601522 0.321062 0.0666402 0.00914224 0.00163312
 0.689657 0.23906 0.0596503 0.0100659 0.00156697
 0.687294 0.260869 0.0418612 0.0084002 0.00157585
 0.340592 0.541619 0.101565 0.013198 0.00302626
 0.540949 0.237486 0.188194 0.028922 0.00444904
 0.430697 0.432492 0.0783322 0.0499548 0.00852487
pobs_pel_tallas
 0 0 0 0 0 0 0 0 0 0 0 0 0 0 0 0 0 0 0 0 0 0 0 0 0 0 0 0 0 0 0 0 0 0 0 0
 0 0 0 0 0 0 0 0 0 0 0 0 0 0 0 0 0 0 0 0 0 0 0 0 0 0 0 0 0 0 0 0 0 0 0 0
 0 0 0 0 0 0 0 0 0 0 0 0 0 0 0 0 0 0 0 0 0 0 0 0 0 0 0 0 0 0 0 0 0 0 0 0
 0 0 0 0 0 0 0 0 0 0 0 0 0 0 0 0 0 0 0 0 0 0 0 0 0 0 0 0 0 0 0 0 0 0 0 0
 0 0 0 0 0 0 0 0 0 0 0 0 0 0 0 0 0 0 0 0 0 0 0 0 0 0 0 0 0 0 0 0 0 0 0 0
 0 0 0 0 0 0 0 0 0 0 0 0 0 0 0 0 0 0 0 0 0 0 0 0 0 0 0 0 0 0 0 0 0 0 0 0
 0 0 0 0 0 0 0 0 0 0 0 0 0 0 0 0 0 0 0 0 0 0 0 0 0 0 0 0 0 0 0 0 0 0 0 0
 0 0 0 0 0 0 0 0 0 0 0 0 0 0 0 0 0 0 0 0 0 0 0 0 0 0 0 0 0 0 0 0 0 0 0 0
 0 0 0 0 0 0 0 0 0 0 0 0 0 0 0 0 0 0 0 0 0 0 0 0 0 0 0 0 0 0 0 0 0 0 0 0
 0 0 0 0 0 0 0 0 0 0 0 0 0 0 0 0 0 0 0 0 0 0 0 0 0 0 0 0 0 0 0 0 0 0 0 0
 0 0 0 0 0 0 0 0 1.78061e-05 0.00172719 0.00360574 0.0105946 0.0120993 0.0124554 0.0147524 0.0171206 0.0266825 0.0428682 0.0675386 0.121331 0.153587 0.119568 0.100827 0.0573624 0.0630603 0.0341343 0.0324427 0.0444173 0.0211091 0.0280891 0.0125444 0.00206551 0 0 0 0
 0 0 0 0 0 0 0 0 0 0 0 0 0 0 0 0 0 0 0 0 0 0 0 0 0 0 0 0 0 0 0 0 0 0 0 0
 0 0 0 0 0 0 0.0133647 0.0140871 0.0187388 0.0205184 0.03894 0.0496705 0.03968 0.0493445 0.0407372 0.0367815 0.0215668 0.0243155 0.0234873 0.0199281 0.019796 0.0243948 0.0301388 0.0376714 0.0412746 0.0863199 0.0771752 0.113111 0.0741005 0.0525337 0.0229764 0.00759418 0.00175318 0 0 0
 0 0 0 0 0 0 0 0 0 0 0.00219441 0.00772107 0.0458388 0.0604681 0.0671733 0.0775358 0.0609151 0.0617685 0.073594 0.0568108 0.0755445 0.0548602 0.0670107 0.0636378 0.0643287 0.046367 0.0373049 0.0286899 0.0247887 0.0153202 0.00654259 0.00121912 0.000365735 0 0 0
 0 0 0 0 0 0 0 0 0 0 0 0 0.000112435 0.00938835 0.0111873 0.0202946 0.0414886 0.0713402 0.111592 0.104902 0.108894 0.110636 0.117776 0.105296 0.107544 0.0401394 0.0192827 0.0124803 0.00416011 0.0028671 0.000618394 0 0 0 0 0
 0 0 0 0 0 0 0 0 0 0 0.00291406 0.0102884 0.027416 0.0768956 0.0749926 0.110853 0.0956884 0.0897413 0.0766577 0.0534642 0.0500743 0.0551293 0.0594112 0.0620874 0.0668451 0.0424026 0.0208742 0.0120726 0.0048766 0.00582813 0.00118941 0.000297354 0 0 0 0
 0 0.00264628 0.0354308 0.0461629 0.0458689 0.0383711 0.0214643 0.0164657 0.0346957 0.0420465 0.0363128 0.0245516 0.0311673 0.0291091 0.0169068 0.0133784 0.00837989 0.0085269 0.0148486 0.0160247 0.0276389 0.0546898 0.0760071 0.122758 0.109233 0.0665981 0.0333725 0.0166128 0.00676272 0.00308733 0.000882094 0 0 0 0 0
 0 0 0 0 0 0 0 0.000805153 0.000690131 0.00759144 0.0133425 0.0154129 0.00931677 0.000345066 0.00356568 0.00563607 0.00851162 0.0253048 0.0502646 0.0516448 0.0657925 0.0565908 0.0611916 0.0827007 0.0866115 0.110766 0.145733 0.0935128 0.0569358 0.0249597 0.0138026 0.00621118 0.00161031 0.00115022 0 0
 0 0 0 0 0 0 0 0 0 0 0 0 0 0 0 0 0 0 0 0 0 0 0 0 0 0 0 0 0 0 0 0 0 0 0 0
 0.00147267 0.00158595 0.00478618 0.00569244 0.00954404 0.0108468 0.00647125 0.017049 0.0510054 0.094081 0.124002 0.0959785 0.0687766 0.0820023 0.061753 0.0591476 0.0492212 0.0479892 0.0443925 0.0268479 0.0217502 0.0140895 0.0121071 0.0120363 0.00920419 0.00665534 0.0049561 0.00860946 0.00930331 0.0156896 0.0114698 0.00855282 0.00243557 0.00046729 0 2.83206e-05
 0 0 0 0 0.000772559 0.00158375 0.000888443 0.00281984 0.00712685 0.0440552 0.0773331 0.111326 0.0921469 0.0852325 0.0710754 0.0886704 0.0786465 0.0553345 0.0373146 0.0185414 0.00753245 0.00457741 0.012979 0.0271748 0.0457355 0.0583668 0.034881 0.0177882 0.00938659 0.00492506 0.0015258 0.00185414 0.000309023 5.79419e-05 3.86279e-05 0
 0 0.00173294 0.00326652 0 0.00397197 0.00683976 0.00946217 0.0152591 0.00757587 0.0136028 0.0228656 0.0392903 0.0559909 0.0764795 0.0681675 0.0726916 0.0566044 0.0477403 0.0527397 0.0444891 0.0609904 0.0582453 0.0661739 0.0445044 0.0529084 0.0360697 0.0280645 0.0235558 0.0158879 0.00826598 0.00280645 0.00217768 0.000904811 0.00058276 9.20147e-05 0
 0 0 0 0 0 0 0 0 0 0 0 0 0 0 0 0 0 0 0 0 0 0 0 0 0 0 0 0 0 0 0 0 0 0 0 0
 0 0 0 0 0 0 0 0 0 0 0 0 0 0 0 0 0 0 0 0 0 0 0 0 0 0 0 0 0 0 0 0 0 0 0 0
 0 0 0 0 0 0 0 0 0 0 0 0 0 0 0 0 0 0 0 0 0 0 0 0 0 0 0 0 0 0 0 0 0 0 0 0
 0 0 0 0 0 0 0 0 0 0 0 0 0 0 0 0 0 0 0 0 0 0 0 0 0 0 0 0 0 0 0 0 0 0 0 0
 0 0 0 0 0 0 0 0 0 0 0 0 0 0 0 0 0 0 0 0 0 0 0 0 0 0 0 0 0 0 0 0 0 0 0 0
ppred_pel_tallas
 1.01841e-16 2.43729e-05 0.00014302 0.000679792 0.00261713 0.00816119 0.0206148 0.0421822 0.0699281 0.0939308 0.102266 0.0903268 0.0649224 0.0384211 0.0196411 0.0103481 0.00797839 0.00946932 0.012909 0.0173679 0.0223027 0.0272067 0.0315332 0.0347609 0.0365012 0.0365844 0.0350928 0.0323268 0.0287198 0.0247321 0.0207589 0.0170762 0.0138308 0.0110634 0.00874822 0.00683024
 1.01446e-16 3.04525e-05 0.000178723 0.000849551 0.00327079 0.0101996 0.0257635 0.0527161 0.0873848 0.117362 0.127729 0.112705 0.0807619 0.047303 0.0232745 0.0107937 0.00656756 0.00670374 0.00880266 0.0117748 0.015111 0.0184354 0.0213725 0.0235699 0.0247655 0.0248458 0.0238673 0.0220335 0.0196365 0.0169857 0.0143448 0.0118963 0.00973505 0.00788487 0.00632575 0.0050197
 1.01382e-16 1.7777e-05 0.000104279 0.000495574 0.00190778 0.00594906 0.0150274 0.0307514 0.0509869 0.0685132 0.0746596 0.0661014 0.0478548 0.0290119 0.0161036 0.0105376 0.0105622 0.0140215 0.0195146 0.0262336 0.0335115 0.0405852 0.0466011 0.0507563 0.0524769 0.0515553 0.048199 0.0429678 0.0366283 0.0299739 0.0236674 0.0181495 0.0136207 0.0100845 0.007419 0.0054494
 1.0231e-16 2.73983e-05 0.000160791 0.000764298 0.00294254 0.00917598 0.0231779 0.0474258 0.0786165 0.105589 0.114925 0.101428 0.0727267 0.0426898 0.0211799 0.0101214 0.0065744 0.00705852 0.00943108 0.012717 0.0164479 0.0202581 0.0237665 0.0266021 0.0284718 0.0292195 0.0288514 0.0275181 0.025464 0.0229621 0.0202585 0.0175396 0.0149261 0.0124854 0.0102522 0.00824553
 1.01512e-16 3.14366e-05 0.000184502 0.000877028 0.00337659 0.0105296 0.0265969 0.0544211 0.0902104 0.121154 0.131851 0.116327 0.0833266 0.0487423 0.0238654 0.0108701 0.00634532 0.0062639 0.00814663 0.010877 0.0139502 0.0170102 0.0197088 0.0217213 0.0228082 0.0228683 0.0219583 0.0202702 0.018077 0.0156648 0.0132754 0.0110724 0.00913685 0.00748362 0.00608781 0.00490982
 1.01436e-16 2.19249e-05 0.00012864 0.00061141 0.00235381 0.00734002 0.0185407 0.0379392 0.0628978 0.0844985 0.0920262 0.0813523 0.0586241 0.034999 0.0184527 0.0106256 0.00926145 0.0116361 0.0160217 0.0215177 0.0275081 0.0333556 0.0383624 0.0418725 0.0434141 0.0428112 0.0402231 0.0360946 0.0310389 0.0256922 0.0205875 0.0160807 0.012337 0.00936501 0.00707439 0.00533354
 1.00958e-16 3.52656e-05 0.000206988 0.000983946 0.00378827 0.0118134 0.0298397 0.0610555 0.101205 0.135911 0.147886 0.130417 0.0932944 0.054321 0.0261269 0.0111069 0.00538985 0.0044267 0.00543385 0.00719952 0.00924775 0.0113136 0.0131641 0.0145842 0.0154117 0.0155707 0.0150858 0.0140689 0.0126862 0.0111164 0.009515 0.0079929 0.0066127 0.00539755 0.00434598 0.00344565
 1.00559e-16 2.97869e-05 0.00017481 0.000830933 0.00319908 0.00997599 0.0251987 0.051561 0.085472 0.114798 0.124955 0.110293 0.0791136 0.0464975 0.0231743 0.0112407 0.00749917 0.00815376 0.0108462 0.0144678 0.0184427 0.0222975 0.0255486 0.0277501 0.028587 0.0279506 0.0259651 0.0229513 0.0193454 0.0155963 0.0120776 0.00903557 0.00657887 0.00470301 0.0033314 0.00235704
 1.00581e-16 3.28128e-05 0.000192582 0.000915438 0.00352448 0.0109907 0.0277618 0.0568046 0.0941611 0.126459 0.137622 0.121414 0.0869591 0.0508445 0.0248514 0.0112442 0.00645566 0.00627506 0.0081075 0.0107819 0.0137682 0.016695 0.0192034 0.0209627 0.0217354 0.0214315 0.0201288 0.0180483 0.0154961 0.0127909 0.0102014 0.00790888 0.00599981 0.00448251 0.00331514 0.00243394
 1.00578e-16 3.18132e-05 0.000186711 0.000887523 0.00341698 0.0106555 0.0269151 0.0550724 0.0912907 0.122607 0.133437 0.11774 0.0843665 0.0494067 0.0242942 0.0112378 0.00679218 0.0068836 0.00899549 0.0119778 0.015286 0.0185159 0.0212682 0.0231752 0.023974 0.0235682 0.0220503 0.0196729 0.0167836 0.0137429 0.0108532 0.00831651 0.0062269 0.00458885 0.0033498 0.00243253
 1.00888e-16 2.51181e-05 0.000147392 0.000700568 0.00269711 0.00841061 0.0212448 0.0434716 0.0720663 0.096805 0.105401 0.0931087 0.0669503 0.0396775 0.0203855 0.0109008 0.00858606 0.0102825 0.0140061 0.0187706 0.023974 0.0290414 0.0333576 0.0363468 0.037597 0.036957 0.0345716 0.0308374 0.0263 0.0215251 0.0169874 0.0130045 0.00972416 0.0071537 0.0052108 0.00377426
 1.01439e-16 2.55728e-05 0.000150065 0.000713288 0.0027461 0.00856339 0.0216307 0.0442608 0.0733731 0.098556 0.107296 0.0947553 0.0680747 0.0402247 0.0204484 0.0105864 0.00793574 0.00927199 0.0125835 0.0168982 0.0216609 0.0263654 0.0304716 0.0334686 0.0349801 0.0348496 0.033173 0.0302626 0.0265623 0.0225397 0.0185938 0.0149996 0.0118979 0.00931907 0.00722305 0.00553905
 1.00589e-16 3.46225e-05 0.00020321 0.000965974 0.00371906 0.0115976 0.0292945 0.0599404 0.0993576 0.133434 0.1452 0.12807 0.0916632 0.0534673 0.0258954 0.0113143 0.00593768 0.00530702 0.00668377 0.00885385 0.011305 0.0137156 0.0157887 0.0172535 0.0179154 0.0177 0.0166696 0.015003 0.0129483 0.0107638 0.00866676 0.00680347 0.0052435 0.00399333 0.00301952 0.00227159
 1.00104e-16 3.78115e-05 0.000221936 0.00105501 0.0040619 0.0126667 0.031995 0.0654654 0.108514 0.145724 0.158558 0.139816 0.0999884 0.0581592 0.0278602 0.0116464 0.00535232 0.00408547 0.0048495 0.00633971 0.00804967 0.00970999 0.0110959 0.0120095 0.0123134 0.0119628 0.0110171 0.00962315 0.00797898 0.00628764 0.00471762 0.0033791 0.0023195 0.00153417 0.000985053 0.00061977
 1.00072e-16 3.77217e-05 0.000221408 0.0010525 0.00405223 0.0126366 0.0319189 0.0653097 0.108256 0.145378 0.158183 0.139487 0.0997581 0.058035 0.0278191 0.0116609 0.00540606 0.00417488 0.0049776 0.00651033 0.00826345 0.00996213 0.0113752 0.0122993 0.0125934 0.0122124 0.0112187 0.0097654 0.00805794 0.00630686 0.00468659 0.00331094 0.00222837 0.00143314 0.000884693 0.000527517
 1.0018e-16 3.35735e-05 0.000197047 0.000936666 0.00360621 0.0112456 0.0284056 0.0581219 0.0963447 0.129392 0.140813 0.124229 0.0889754 0.0520227 0.0254252 0.0114986 0.00659034 0.00638822 0.00823133 0.0109138 0.0138844 0.0167548 0.0191516 0.0207356 0.0212698 0.0206762 0.0190558 0.016661 0.0138318 0.0109178 0.00820884 0.00589526 0.00405949 0.00269459 0.00173618 0.00109513
 1.00489e-16 2.93859e-05 0.000172455 0.000819736 0.00315597 0.00984155 0.0248591 0.0508662 0.0843206 0.113253 0.123275 0.108817 0.0780684 0.0459109 0.0229332 0.0112092 0.00758934 0.00833276 0.0111138 0.0148351 0.0189194 0.0228851 0.0262377 0.0285196 0.0294062 0.0287827 0.0267719 0.0236985 0.0200054 0.0161508 0.0125178 0.00936126 0.00679712 0.00482635 0.00337599 0.00234092
 1.00677e-16 3.17814e-05 0.000186524 0.000886637 0.00341358 0.0106449 0.0268883 0.0550175 0.0911994 0.122484 0.133302 0.117617 0.0842706 0.0493352 0.0242308 0.0111616 0.00668403 0.00672789 0.00878118 0.0117004 0.0149503 0.0181387 0.0208787 0.0228123 0.0236812 0.0233863 0.0220092 0.0197862 0.0170459 0.014131 0.0113309 0.00884131 0.00675695 0.00508863 0.0037937 0.002806
 1.00909e-16 2.72363e-05 0.000159832 0.00075972 0.00292488 0.0091209 0.0230389 0.047142 0.0781486 0.104968 0.114269 0.100897 0.0724502 0.042736 0.0215872 0.0109492 0.00792715 0.00907218 0.0122332 0.0163763 0.0209249 0.0253681 0.0291694 0.0318277 0.032983 0.0325004 0.0305007 0.0273228 0.0234346 0.0193225 0.0153953 0.0119275 0.00904844 0.00676764 0.00501839 0.00370104
 1.01016e-16 3.05756e-05 0.000179444 0.000852977 0.00328397 0.0102407 0.0258674 0.0529287 0.0877376 0.117836 0.128249 0.11317 0.0811097 0.0475357 0.0234425 0.0109603 0.00678661 0.00701436 0.00923083 0.0123323 0.015791 0.0192074 0.0221812 0.0243383 0.025405 0.0252694 0.0240049 0.0218438 0.019114 0.0161607 0.0132767 0.0106632 0.00842137 0.00657039 0.00507738 0.0038868
 1.01055e-16 2.91216e-05 0.000170905 0.000812371 0.00312762 0.00975314 0.0246358 0.0504091 0.0835624 0.112233 0.122161 0.107825 0.0773361 0.0454399 0.022624 0.0109377 0.00725521 0.00786857 0.0104792 0.0140149 0.0179285 0.0217749 0.0250977 0.0274706 0.0285846 0.0283185 0.0267655 0.0242016 0.0210122 0.0175995 0.014303 0.0113523 0.0088586 0.00683574 0.0052361 0.00398593
 1.01442e-16 2.6255e-05 0.000154071 0.000732334 0.00281944 0.00879209 0.0222083 0.0454426 0.0753317 0.101185 0.110153 0.0972675 0.069855 0.0412271 0.0208665 0.0106535 0.00780402 0.00900026 0.0121752 0.0163371 0.0209319 0.0254653 0.0294132 0.0322816 0.0337082 0.0335452 0.0318896 0.0290485 0.0254556 0.0215664 0.0177673 0.0143227 0.011365 0.0089182 0.00693821 0.00535162
 1.01344e-16 3.00947e-05 0.000176622 0.000839558 0.00323231 0.0100796 0.0254604 0.052096 0.0863574 0.115983 0.126232 0.111391 0.0798376 0.0467956 0.0230879 0.0108129 0.00672208 0.00697239 0.0091921 0.012298 0.0157733 0.0192269 0.0222651 0.0245181 0.0257124 0.025731 0.0246369 0.022648 0.020076 0.01725 0.0144512 0.0118734 0.00961697 0.00770571 0.00611568 0.00480285
 1.01042e-16 2.99925e-05 0.00017602 0.000836692 0.00322127 0.0100452 0.0253735 0.0519183 0.0860633 0.11559 0.125809 0.111029 0.0796031 0.0467081 0.0231369 0.0109888 0.00703295 0.0074425 0.00984916 0.0131587 0.0168303 0.0204398 0.0235575 0.0257836 0.0268282 0.0265785 0.0251226 0.0227205 0.0197342 0.0165412 0.0134595 0.0107036 0.0083763 0.00648913 0.00499606 0.00382697
 1.02214e-16 1.48862e-05 8.73063e-05 0.00041488 0.00159709 0.00498017 0.01258 0.0257441 0.0426878 0.057371 0.062543 0.0554337 0.0402623 0.0246699 0.0141642 0.00997295 0.0106801 0.0145204 0.0203337 0.0274142 0.0351236 0.0426959 0.0492597 0.0539849 0.0562648 0.0558568 0.0529341 0.0480257 0.0418739 0.0352561 0.0288302 0.0230438 0.0181174 0.0140848 0.0108621 0.00831462
 1.03951e-16 2.36106e-05 0.000138553 0.000658576 0.00253548 0.00790658 0.0199715 0.0408654 0.0677429 0.0909888 0.0990453 0.0874399 0.0627562 0.0369569 0.0185604 0.00925021 0.00652166 0.00740375 0.0100709 0.01369 0.0178455 0.022189 0.0263401 0.0299144 0.0325912 0.0341723 0.0346101 0.0339941 0.0325077 0.0303717 0.0277963 0.0249547 0.0219794 0.0189731 0.016023 0.0132106
 1.03368e-16 1.88107e-05 0.000110356 0.000524486 0.00201914 0.00629634 0.0159044 0.0325453 0.0539576 0.0724942 0.0789691 0.0698491 0.0504207 0.0302744 0.016279 0.00987481 0.00916175 0.0118323 0.0164179 0.0221346 0.0284113 0.0346293 0.0400981 0.0441604 0.0463324 0.0464147 0.0445314 0.0410825 0.0366309 0.031763 0.0269691 0.0225762 0.0187386 0.0154738 0.0127192 0.0103848
pSPR Fmed_Fpbrs
0.539622   0.6 0.325
Fs Fmed_Fpbrs
0.64   0.490573 1.77155
SSBpbr Bo_Bmed_Bpbrs
521284  255232  286706 143353
Ro
25848.3
SPR SPRFo_SPRFmed_SPRFpbrs
533877 288092 173510
log_Ro
9.98
likeval ReclasPelacesDesembMPH_pf_preclas_ppelaces_ptallas_desvR_qrecl_qpela
 76.4439 12.3079 0.0858147 0.000501675 336.709 209.581 56.5607 0 21.0596 3.16826e-05 0.000219865 1.17554e-13 0 0 0
q_reclas_q_pelaces
2.22024 8.24458
M
0.7
N
 26418.6 13158.2 4038.33 498.309 0.169796
 41842 12232.1 3714.91 816.044 97.8579
 9835.97 19112.3 3095.44 630.64 149.847
 14255.4 4115.95 2385.61 170.549 40.036
 38680.1 6669.63 1264.07 551.195 47.4605
 21427.4 18982.1 3010.62 539.24 254.131
 64019.6 9551.27 3944.34 373.429 94.0392
 61034.3 29318.2 2468.02 692.22 79.3105
 78641.6 26845.5 5470.64 257.929 76.6666
 114250 34202.8 4574.43 494.765 28.6278
 66018.6 52061.8 8489.78 753.039 83.1448
 46372.1 28672.9 8772.24 754.216 70.2629
 52009.8 20468.8 5505.26 959.428 85.8704
 28954.6 21143 2022.83 209.133 36.5433
 13135.4 9902.64 518.347 8.34935 0.868134
 10390.8 4492.36 242.776 2.1395 0.0325863
 7545.61 4350.92 563.674 13.4878 0.112456
 9508.9 3236.72 663.204 42.69 0.969523
 8920.9 4216.79 645.16 76.99 4.83654
 12096.6 4070.82 1058.64 108.143 13.2435
 18064.5 5447.25 918.289 149.656 16.4763
 21220.7 8554.29 1843.78 247.702 43.937
 35076.8 9978.01 2734.71 454.113 70.2137
 52766.9 16261.3 2845.58 561.551 104.629
 20830.5 24506.8 4706.07 598.14 136.179
 29798.5 9829.04 8059.99 1212.63 185.224
 14122.7 14023.7 3164.72 2007.8 340.517
pred_Ctot
 1289.68 4216.5 1811.76 228.291 0.0778752
 2424.11 4482.37 1866.82 418.07 50.1852
 1123.92 11099.9 2218.56 457.232 108.709
 594.902 1160.86 957.978 70.0297 16.4588
 327.318 438.937 129.261 58.0557 5.00677
 1587.38 8338.24 1752.72 319.212 150.57
 3598.15 3419.3 1943.89 187.68 47.3119
 5050.68 13904.1 1525.09 434.389 49.8103
 7076.95 13461.4 3526.44 168.677 50.1755
 6801.59 12796.1 2338.69 257.807 14.9321
 5999.74 26273.6 5498.87 494.768 54.6697
 3731.09 13340.5 5341.53 466.531 43.4983
 6862.61 12866.9 4162.57 732.592 65.6021
 6622.1 16731.5 1757.63 182.548 31.9056
 3004.14 7836.47 450.39 7.28797 0.757958
 1183.15 2603.77 173.758 1.54909 0.0236083
 745.327 2315.4 379.66 9.20617 0.0768115
 736.423 1466.76 395.656 25.8832 0.58833
 522.705 1558.61 326.544 39.7228 2.49794
 815.251 1670.57 583.749 60.6978 7.44018
 604.486 1274.98 312.336 52.1359 5.7472
 813.395 2247.44 695.445 95.5988 16.9779
 1682.72 3152.98 1212.24 205.589 31.8233
 2466.3 5031.77 1238.78 249.731 46.5829
 748.157 6093.98 1690.12 219.909 50.1293
 1124.12 2547.92 3004.05 462.515 70.7336
 977.174 5866.26 1772.16 1144.08 194.213
F
 0.0700004 0.564693 0.899118 0.928045 0.929619
 0.0835672 0.674136 1.07338 1.10791 1.10979
 0.171176 1.38088 2.19866 2.2694 2.27325
 0.0595683 0.480537 0.765123 0.789739 0.791078
 0.0118283 0.0954189 0.151928 0.156816 0.157082
 0.107998 0.871218 1.38717 1.4318 1.43423
 0.080979 0.653258 1.04013 1.0736 1.07542
 0.121335 0.978813 1.55849 1.60863 1.61136
 0.132592 1.06962 1.70307 1.75786 1.76084
 0.0859608 0.693446 1.10412 1.13964 1.14158
 0.133983 1.08084 1.72094 1.77631 1.77932
 0.117795 0.95025 1.51301 1.56169 1.56434
 0.200124 1.6144 2.57049 2.65319 2.65769
 0.372929 3.00842 4.79007 4.94418 4.95257
 0.372929 3.00842 4.79007 4.94418 4.95257
 0.170529 1.37566 2.19035 2.26082 2.26466
 0.146406 1.18106 1.88051 1.94101 1.9443
 0.113154 0.912817 1.45341 1.50017 1.50271
 0.0845532 0.68209 1.08604 1.12098 1.12288
 0.0978166 0.789086 1.2564 1.29682 1.29902
 0.0475135 0.383291 0.610285 0.62992 0.630988
 0.0545939 0.440409 0.701229 0.723789 0.725017
 0.0687515 0.554619 0.883077 0.911487 0.913033
 0.0669313 0.539935 0.859697 0.887355 0.88886
 0.0510771 0.412039 0.656058 0.677165 0.678314
 0.0537099 0.433278 0.689875 0.71207 0.713278
 0.100544 0.811087 1.29143 1.33298 1.33524
Np
 16472.2 7883.22 2337.94 956.215 171.43
YTP_r0W_actual
 3026.56 57102.6 27739.1 23055.2 4345.04
YTP_p0W_proyectada
 3530.07 25824.9 27124.6 4960.39 3793.07
 3530.07 32099.4 20492.3 10980.1 2187.47
CTP_r0_actual
 369.092 2643.64 883.412 574.942 97.6414
CTP_p0_proyectada
 430.496 1195.6 863.841 123.701 85.2374
 430.496 1486.08 652.621 273.817 49.1566
Wmedp
 8.2 21.6 31.4 40.1 44.5
nmprior
 10.8 10.6 4.6 0
nm_flota  nm_reclas  nm_pelaces    nm_pelaL
inf 21.6672 14.6263 42.775
cv_recla  cv_pelaces  cv_mph
0.757185 0.384311 0.598615
 ------------------------------------------------
Talla a la edad & desviaci?n 
 7.2 14.2025 17.0495 18.207 18.6776
 1.08 2.13037 2.55742 2.73105 2.80164
