years
 1997 1998 1999 2000 2001 2002 2003 2004 2005 2006 2007 2008 2009 2010 2011 2012 2013 2014 2015 2016 2017 2018 2019 2020 2021 2022 2023
reclasobs
 0 0 0 370054 412103 1.49427e+06 250295 1.28982e+06 931140 785840 897777 1.04006e+06 184774 17550 25797 100020 73551 82996 120727 218422 84188 347160 605670 569463 516374 1.08416e+06 1.01767e+06
reclaspred
 1.1389e+06 222127 452929 178324 284226 362868 752195 633054 704546 889755 906912 651405 362631 148360 85190.5 80141.8 84325.3 110869 132197 147236 225865 234805 379888 500671 741053 661414 362755
pelacesobs
 0 0 0 0 0 0 0 0 0 2.06254e+06 1.5e+06 0 1.87456e+06 323000 250000 174000 83755 137374 0 501740 490994 745055 786931 1.00524e+06 1.33801e+06 1.41789e+06 0
pelacespred
 2.85518e+06 795239 562333 489420 809323 629940 2.1194e+06 1.76028e+06 1.86854e+06 2.46983e+06 1.99792e+06 1.47109e+06 875880 288875 169186 163272 176245 250311 283055 305581 590870 558634 699875 1.10341e+06 1.52568e+06 1.42824e+06 625607
mphobs
 0 0 0 0 0 0 112323 0 153150 637223 0 255016 313432 73983 77613 109348 50772 17779 17303 59886 28197 0 207744 136588 643089 65757 70829
mphpred
 341494 150700 144846 76780.6 72642.5 154050 194110 309912 288375 330471 410816 285882 165774 94538.3 42372.1 30479.2 26577.1 33986.2 48613.6 45291.1 68310 87100.1 98820.4 150186 216102 187191 141618
desembarqueobs
 350755 77701 442110 56441 14545 235359 269955 359681 431902 328805 639364 411747 362871 311530 167758 66681 60226 58785 57116 73181 50977 67692 138656 160484 209506 203330 245020
desembarquepred
 350733 77669 441667 56429.2 14544.5 235307 269966 359275 431583 328602 638488 411261 362357 311090 167293 66629.7 60210.9 58726.1 57053.5 73122.1 50967.8 67642.3 138584 160420 209376 203172 244841
Reclutas
 23262.5 43159.8 7556.29 11781 38213.6 19102.5 63545.1 59999.2 75410 114817 66278.9 46178.8 53675.5 29119.7 12898.2 10119.8 7369.31 9408.02 8583.57 11282.3 17372.8 20148.8 33404.9 51557.3 19141.3 28775.2 9020.5
log_desv_Rt
 -0.0454035 0.572666 -1.16986 -0.72576 0.450947 -0.242426 0.959505 0.902086 1.1307 1.55109 1.00163 0.640275 0.790712 0.179169 -0.635158 -0.877753 -1.19492 -0.950682 -1.0424 -0.769009 -0.337341 -0.189099 0.316459 0.750449 -0.240394 0.167268 -0.992744
SSB
 517958 228572 219693 116456 110180 233654 282565 461991 421783 487327 623102 433609 264207 152380 72897.4 52745.8 49252.7 58196.5 76126.7 77361.7 105894 139078 164530 233513 379774 345797 243749
BT
 1.26517e+06 358380 407821 205178 301665 360413 1.1044e+06 1.02282e+06 1.12993e+06 1.2404e+06 1.2412e+06 861984 694992 400668 205971 114022 113563 140870 135832 163551 250748 222455 319178 504435 583444 572995 368846
Ftot
 0.811762 1.04611 2.17747 0.846945 0.181558 1.58917 1.24043 1.73674 1.90291 1.22838 1.86081 1.63984 2.78963 4.95303 4.95303 2.34401 2.06394 1.61383 1.18658 1.40725 0.695681 0.79249 1.00539 0.972036 0.729261 0.791746 1.56311
BD_Bspro_t
 0.920049 0.618025 0.503753 0.216372 0.308947 0.535671 0.438013 0.516268 0.449353 0.440783 0.465028 0.314465 0.219695 0.154745 0.0903358 0.0809237 0.104096 0.165481 0.251603 0.303336 0.404671 0.537116 0.536024 0.548628 0.594695 0.498714 0.406325
BD_Bspro
 1.03018 0.454611 0.436951 0.231622 0.219138 0.464718 0.561998 0.918861 0.838891 0.969252 1.2393 0.862412 0.525485 0.303071 0.144987 0.104907 0.0979595 0.115748 0.15141 0.153866 0.210614 0.276615 0.327236 0.464439 0.755339 0.687762 0.484796
BD_Bo
 1.04235 0.459985 0.442116 0.23436 0.221729 0.470211 0.568641 0.929723 0.848807 0.980709 1.25395 0.872607 0.531696 0.306653 0.146701 0.106147 0.0991174 0.117116 0.153199 0.155685 0.213103 0.279885 0.331104 0.469929 0.764267 0.695892 0.490527
BD_Brms
 1.89519 0.836336 0.803847 0.426108 0.403143 0.85493 1.03389 1.69041 1.54329 1.78311 2.2799 1.58656 0.966721 0.557552 0.266729 0.192995 0.180213 0.212939 0.278544 0.283063 0.387461 0.508882 0.602007 0.854416 1.38958 1.26526 0.891866
S_f
 0.0765974 0.611813 0.967685 0.998246 0.999908
 0.0765974 0.611813 0.967685 0.998246 0.999908
 0.0765974 0.611813 0.967685 0.998246 0.999908
 0.0765974 0.611813 0.967685 0.998246 0.999908
 0.0765974 0.611813 0.967685 0.998246 0.999908
 0.0765974 0.611813 0.967685 0.998246 0.999908
 0.0765974 0.611813 0.967685 0.998246 0.999908
 0.0765974 0.611813 0.967685 0.998246 0.999908
 0.0765974 0.611813 0.967685 0.998246 0.999908
 0.0765974 0.611813 0.967685 0.998246 0.999908
 0.0765974 0.611813 0.967685 0.998246 0.999908
 0.0765974 0.611813 0.967685 0.998246 0.999908
 0.0765974 0.611813 0.967685 0.998246 0.999908
 0.0765974 0.611813 0.967685 0.998246 0.999908
 0.0765974 0.611813 0.967685 0.998246 0.999908
 0.0765974 0.611813 0.967685 0.998246 0.999908
 0.0765974 0.611813 0.967685 0.998246 0.999908
 0.0765974 0.611813 0.967685 0.998246 0.999908
 0.0765974 0.611813 0.967685 0.998246 0.999908
 0.0765974 0.611813 0.967685 0.998246 0.999908
 0.0765974 0.611813 0.967685 0.998246 0.999908
 0.0765974 0.611813 0.967685 0.998246 0.999908
 0.0765974 0.611813 0.967685 0.998246 0.999908
 0.0765974 0.611813 0.967685 0.998246 0.999908
 0.0765974 0.611813 0.967685 0.998246 0.999908
 0.0765974 0.611813 0.967685 0.998246 0.999908
 0.0765974 0.611813 0.967685 0.998246 0.999908
Scru_reclas
 0.226318 0.595493 0.881076 0.97388 0.994699
 0.226318 0.595493 0.881076 0.97388 0.994699
 0.226318 0.595493 0.881076 0.97388 0.994699
 0.226318 0.595493 0.881076 0.97388 0.994699
 0.226318 0.595493 0.881076 0.97388 0.994699
 0.226318 0.595493 0.881076 0.97388 0.994699
 0.226318 0.595493 0.881076 0.97388 0.994699
 0.226318 0.595493 0.881076 0.97388 0.994699
 0.226318 0.595493 0.881076 0.97388 0.994699
 0.226318 0.595493 0.881076 0.97388 0.994699
 0.226318 0.595493 0.881076 0.97388 0.994699
 0.226318 0.595493 0.881076 0.97388 0.994699
 0.226318 0.595493 0.881076 0.97388 0.994699
 0.226318 0.595493 0.881076 0.97388 0.994699
 0.226318 0.595493 0.881076 0.97388 0.994699
 0.226318 0.595493 0.881076 0.97388 0.994699
 0.226318 0.595493 0.881076 0.97388 0.994699
 0.226318 0.595493 0.881076 0.97388 0.994699
 0.226318 0.595493 0.881076 0.97388 0.994699
 0.226318 0.595493 0.881076 0.97388 0.994699
 0.226318 0.595493 0.881076 0.97388 0.994699
 0.226318 0.595493 0.881076 0.97388 0.994699
 0.226318 0.595493 0.881076 0.97388 0.994699
 0.226318 0.595493 0.881076 0.97388 0.994699
 0.226318 0.595493 0.881076 0.97388 0.994699
 0.226318 0.595493 0.881076 0.97388 0.994699
 0.226318 0.595493 0.881076 0.97388 0.994699
Scru_pelaces
 0.376638 0.752521 0.938661 0.987182 0.997427
 0.376638 0.752521 0.938661 0.987182 0.997427
 0.376638 0.752521 0.938661 0.987182 0.997427
 0.376638 0.752521 0.938661 0.987182 0.997427
 0.376638 0.752521 0.938661 0.987182 0.997427
 0.376638 0.752521 0.938661 0.987182 0.997427
 0.376638 0.752521 0.938661 0.987182 0.997427
 0.376638 0.752521 0.938661 0.987182 0.997427
 0.376638 0.752521 0.938661 0.987182 0.997427
 0.376638 0.752521 0.938661 0.987182 0.997427
 0.376638 0.752521 0.938661 0.987182 0.997427
 0.376638 0.752521 0.938661 0.987182 0.997427
 0.376638 0.752521 0.938661 0.987182 0.997427
 0.376638 0.752521 0.938661 0.987182 0.997427
 0.376638 0.752521 0.938661 0.987182 0.997427
 0.376638 0.752521 0.938661 0.987182 0.997427
 0.376638 0.752521 0.938661 0.987182 0.997427
 0.376638 0.752521 0.938661 0.987182 0.997427
 0.376638 0.752521 0.938661 0.987182 0.997427
 0.376638 0.752521 0.938661 0.987182 0.997427
 0.376638 0.752521 0.938661 0.987182 0.997427
 0.376638 0.752521 0.938661 0.987182 0.997427
 0.376638 0.752521 0.938661 0.987182 0.997427
 0.376638 0.752521 0.938661 0.987182 0.997427
 0.376638 0.752521 0.938661 0.987182 0.997427
 0.376638 0.752521 0.938661 0.987182 0.997427
 0.376638 0.752521 0.938661 0.987182 0.997427
pf_obs 
 0.256992 0.487395 0.22802 0.0275931 0
 0.321318 0.546541 0.124235 0.00734118 0.000564706
 0.182869 0.594174 0.210203 0.0122559 0.00049798
 0.330522 0.361315 0.267642 0.0388342 0.00168674
 0.649043 0.306663 0.0425973 0.00169635 0
 0.582887 0.30429 0.105238 0.00758474 0
 0.465427 0.430635 0.0974691 0.00646863 0
 0.296916 0.608066 0.0921331 0.00288517 0
 0.311714 0.524322 0.152257 0.0117073 0
 0.15457 0.633149 0.183074 0.0267441 0.00246327
 0.131901 0.49318 0.331252 0.0422183 0.00144891
 0.196976 0.569456 0.194076 0.0375587 0.00193317
 0.518974 0.381816 0.0799577 0.0180837 0.00116848
 0.0928022 0.601141 0.25162 0.0475244 0.00691264
 0.122501 0.610282 0.24278 0.0234846 0.000952079
 0.383417 0.481906 0.127806 0.00687128 0
 0.0376549 0.599619 0.316969 0.0457579 0
 0.0361596 0.667082 0.258105 0.0386534 0
 0.158088 0.579412 0.248529 0.0139706 0
 0.0477256 0.309471 0.559284 0.082774 0.000745712
 0.0406174 0.521527 0.379366 0.0568643 0.0016247
 0.151134 0.462217 0.34131 0.0453401 0
 0.294876 0.26143 0.354403 0.0886775 0.000613685
 0.281977 0.475581 0.204845 0.0348837 0.00271318
 0.0841818 0.532909 0.334909 0.0458182 0.00218182
 0.115287 0.27431 0.454777 0.147771 0.00785563
 0 0 0 0 0
pf_pred 
 0.137339 0.580146 0.250443 0.0320623 9.08183e-06
 0.268095 0.42731 0.241358 0.0563431 0.00689465
 0.056821 0.759656 0.135146 0.038734 0.00964261
 0.199612 0.355499 0.408147 0.0276029 0.00913884
 0.387122 0.425196 0.112059 0.0696387 0.00598521
 0.128686 0.717213 0.121388 0.0197956 0.0129178
 0.434551 0.349861 0.197007 0.0148323 0.00374848
 0.253451 0.6706 0.0585403 0.0159825 0.00142584
 0.301229 0.558951 0.13348 0.00496108 0.00137973
 0.328876 0.566132 0.0952761 0.00930378 0.00041154
 0.164247 0.695272 0.128921 0.0105432 0.00101765
 0.169677 0.590867 0.221133 0.0169096 0.00141391
 0.297676 0.516677 0.157932 0.0257176 0.00199724
 0.264118 0.667116 0.0619002 0.00592045 0.000945244
 0.265005 0.694636 0.0397246 0.000579677 5.49653e-05
 0.303744 0.65262 0.0432388 0.000391409 5.34993e-06
 0.225311 0.669013 0.103198 0.00245681 2.07684e-05
 0.296803 0.558112 0.136678 0.00822258 0.000183199
 0.217993 0.64567 0.122328 0.0132454 0.000764461
 0.263901 0.536502 0.180886 0.0168792 0.00183179
 0.284458 0.562019 0.13083 0.0206756 0.00201683
 0.217609 0.590392 0.166789 0.0216188 0.00359144
 0.279477 0.503456 0.184629 0.0283432 0.00409402
 0.289773 0.555496 0.126706 0.0240121 0.00401347
 0.0844396 0.710231 0.179455 0.0213733 0.00450117
 0.167572 0.349907 0.416371 0.0581296 0.00802023
 0.0741839 0.632347 0.168503 0.108497 0.0164696
pobs_RECLAS
 0 0 0 0 0
 0 0 0 0 0
 0 0 0 0 0
 0 0 0 0 0
 0.835266 0.146461 0.0176864 0.000547809 3.91292e-05
 0.385257 0.428462 0.181853 0.0044286 0
 0.867414 0.0963971 0.0333333 0.00285562 0
 0.441836 0.489002 0.0689373 0.000224442 0
 0.779404 0.147425 0.0564933 0.0165055 0.000172143
 0.814271 0.122319 0.05973 0.00367925 0
 0.40263 0.566651 0.0304383 0.000280538 0
 0.475488 0.404961 0.113038 0.00651328 0
 0.955842 0.0263864 0.0167828 0.000988607 0
 0.975058 0.0227948 0.00214734 0 0
 0.738997 0.206755 0.0527124 0.00153531 0
 0.850938 0.134255 0.0134407 0.00136685 0
 0.542534 0.407297 0.0501686 0 0
 0.764087 0.199537 0.0359546 0.000420521 0
 0.470689 0.182191 0.310203 0.0369168 0
 0.84361 0.089868 0.0606195 0.00523954 0.000663233
 0.607945 0.314616 0.071237 0.00620181 0
 0.523733 0.453247 0.0230204 0 0
 0.530135 0.295979 0.169645 0.0042399 0
 0.562478 0.366248 0.0663022 0.0049721 0
 0.250443 0.683176 0.0655157 0.000865301 0
 0.195077 0.31981 0.436473 0.0351445 0.0134964
 0.565238 0.351407 0.0832357 0.000118908 0
ppred_RECLAS
 0.339937 0.456822 0.178783 0.0244514 7.06114e-06
 0.548412 0.274316 0.138483 0.0344872 0.00430217
 0.178183 0.685368 0.0989009 0.0299509 0.00759701
 0.452566 0.255914 0.265836 0.0192025 0.0064816
 0.661475 0.237877 0.0583823 0.0388599 0.00340553
 0.333338 0.561605 0.0815348 0.014127 0.00939576
 0.72153 0.180047 0.0894047 0.00717118 0.00184742
 0.53546 0.423357 0.0312928 0.00906551 0.000824234
 0.601926 0.329216 0.0655457 0.00258107 0.000731498
 0.61656 0.329221 0.0489014 0.00508791 0.000229415
 0.40568 0.50797 0.078844 0.00683416 0.000672227
 0.414375 0.434504 0.138881 0.0112784 0.000961149
 0.625479 0.293946 0.0680284 0.0116268 0.000919665
 0.646569 0.334128 0.0173372 0.00169167 0.000274664
 0.643617 0.345164 0.0110383 0.000164325 1.58454e-05
 0.609375 0.370856 0.0195794 0.00018695 2.60334e-06
 0.506303 0.436977 0.0553147 0.00139302 1.1999e-05
 0.590295 0.334911 0.0702056 0.00448647 0.000101877
 0.477401 0.43982 0.0737663 0.00851274 0.000500836
 0.547677 0.341132 0.100147 0.00994362 0.00109993
 0.558135 0.352984 0.0749585 0.0126628 0.00125935
 0.471381 0.407285 0.104424 0.0144611 0.00244925
 0.559289 0.316969 0.104166 0.0170635 0.00251266
 0.569026 0.343866 0.0704347 0.0142464 0.00242754
 0.227183 0.610597 0.140496 0.0178839 0.0038399
 0.399135 0.26543 0.286661 0.0427588 0.00601464
 0.215486 0.556357 0.127454 0.0872109 0.0134928
pobs_PELACES
 0 0 0 0 0
 0 0 0 0 0
 0 0 0 0 0
 0 0 0 0 0
 0 0 0 0 0
 0 0 0 0 0
 0 0 0 0 0
 0 0 0 0 0
 0 0 0 0 0
 0 0 0 0 0
 0.450072 0.473896 0.0757376 0.000293798 0
 0 0 0 0 0
 0.463077 0.371075 0.160297 0.00555027 0
 0.529543 0.364841 0.0842815 0.0213345 0
 0.631943 0.363953 0.00410389 0 0
 0.735681 0.248677 0.0153453 0.000297389 0
 0.695825 0.281241 0.0229344 0 0
 0.275771 0.60734 0.115278 0.00161068 0
 0 0 0 0 0
 0.896147 0.0623911 0.0374545 0.00400742 0
 0.803859 0.145111 0.0509908 3.86294e-05 0
 0.739449 0.233085 0.0266225 0.000797448 4.60066e-05
 0.878498 0.100942 0.0204185 0.000141795 0
 0.694673 0.275183 0.0284847 0.00165964 0
 0.469039 0.446079 0.0841089 0.000773354 0
 0.822795 0.102175 0.0682046 0.00682512 0
 0 0 0 0 0
ppred_PELACES
 0.457969 0.404906 0.121446 0.0156748 4.47588e-06
 0.682178 0.215395 0.0810736 0.0190088 0.00234442
 0.308493 0.613357 0.0577812 0.0162875 0.00408195
 0.591891 0.218839 0.173501 0.0118231 0.00394596
 0.738109 0.195196 0.0395359 0.0249927 0.00216646
 0.478297 0.462149 0.0469349 0.00761446 0.00500541
 0.82475 0.125528 0.045426 0.00342372 0.000871915
 0.679879 0.300352 0.0152631 0.0041341 0.000371469
 0.74712 0.221718 0.0297622 0.00109391 0.000306365
 0.7324 0.239041 0.0259125 0.00253363 0.000112936
 0.567264 0.388276 0.0408338 0.00330508 0.000321268
 0.574913 0.342652 0.0761586 0.00578815 0.000487516
 0.797507 0.173878 0.024448 0.00386536 0.000301991
 0.85615 0.140074 0.00342501 0.000302483 4.84511e-05
 0.852962 0.144823 0.00218249 2.94074e-05 2.79752e-06
 0.759948 0.232135 0.00784584 6.96136e-05 9.5772e-07
 0.669261 0.304623 0.0255113 0.000598694 5.09565e-06
 0.727676 0.235746 0.0344692 0.00206201 4.62783e-05
 0.607871 0.344843 0.0424169 0.00460203 0.000267664
 0.68763 0.253656 0.0532161 0.00495656 0.000541957
 0.663544 0.281811 0.046494 0.00742086 0.0007298
 0.588281 0.335551 0.0660835 0.00863815 0.00144664
 0.682724 0.246005 0.0605658 0.00934466 0.00136047
 0.685268 0.264846 0.0408007 0.00777546 0.00130994
 0.316429 0.567744 0.101093 0.0121541 0.00258049
 0.537125 0.235836 0.19566 0.0275477 0.0038316
 0.344432 0.512359 0.0823578 0.0527804 0.00807107
pobs_pel_tallas
 0 0 0 0 0 0 0 0 0 0 0 0 0 0 0 0 0 0 0 0 0 0 0 0 0 0 0 0 0 0 0 0 0 0 0 0
 0 0 0 0 0 0 0 0 0 0 0 0 0 0 0 0 0 0 0 0 0 0 0 0 0 0 0 0 0 0 0 0 0 0 0 0
 0 0 0 0 0 0 0 0 0 0 0 0 0 0 0 0 0 0 0 0 0 0 0 0 0 0 0 0 0 0 0 0 0 0 0 0
 0 0 0 0 0 0 0 0 0 0 0 0 0 0 0 0 0 0 0 0 0 0 0 0 0 0 0 0 0 0 0 0 0 0 0 0
 0 0 0 0 0 0 0 0 0 0 0 0 0 0 0 0 0 0 0 0 0 0 0 0 0 0 0 0 0 0 0 0 0 0 0 0
 0 0 0 0 0 0 0 0 0 0 0 0 0 0 0 0 0 0 0 0 0 0 0 0 0 0 0 0 0 0 0 0 0 0 0 0
 0 0 0 0 0 0 0 0 0 0 0 0 0 0 0 0 0 0 0 0 0 0 0 0 0 0 0 0 0 0 0 0 0 0 0 0
 0 0 0 0 0 0 0 0 0 0 0 0 0 0 0 0 0 0 0 0 0 0 0 0 0 0 0 0 0 0 0 0 0 0 0 0
 0 0 0 0 0 0 0 0 0 0 0 0 0 0 0 0 0 0 0 0 0 0 0 0 0 0 0 0 0 0 0 0 0 0 0 0
 0 0 0 0 0 0 0 0 0 0 0 0 0 0 0 0 0 0 0 0 0 0 0 0 0 0 0 0 0 0 0 0 0 0 0 0
 0 0 0 0 0 0 0 0 1.78061e-05 0.00172719 0.00360574 0.0105946 0.0120993 0.0124554 0.0147524 0.0171206 0.0266825 0.0428682 0.0675386 0.121331 0.153587 0.119568 0.100827 0.0573624 0.0630603 0.0341343 0.0324427 0.0444173 0.0211091 0.0280891 0.0125444 0.00206551 0 0 0 0
 0 0 0 0 0 0 0 0 0 0 0 0 0 0 0 0 0 0 0 0 0 0 0 0 0 0 0 0 0 0 0 0 0 0 0 0
 0 0 0 0 0 0 0.0133647 0.0140871 0.0187388 0.0205184 0.03894 0.0496705 0.03968 0.0493445 0.0407372 0.0367815 0.0215668 0.0243155 0.0234873 0.0199281 0.019796 0.0243948 0.0301388 0.0376714 0.0412746 0.0863199 0.0771752 0.113111 0.0741005 0.0525337 0.0229764 0.00759418 0.00175318 0 0 0
 0 0 0 0 0 0 0 0 0 0 0.00219441 0.00772107 0.0458388 0.0604681 0.0671733 0.0775358 0.0609151 0.0617685 0.073594 0.0568108 0.0755445 0.0548602 0.0670107 0.0636378 0.0643287 0.046367 0.0373049 0.0286899 0.0247887 0.0153202 0.00654259 0.00121912 0.000365735 0 0 0
 0 0 0 0 0 0 0 0 0 0 0 0 0.000112435 0.00938835 0.0111873 0.0202946 0.0414886 0.0713402 0.111592 0.104902 0.108894 0.110636 0.117776 0.105296 0.107544 0.0401394 0.0192827 0.0124803 0.00416011 0.0028671 0.000618394 0 0 0 0 0
 0 0 0 0 0 0 0 0 0 0 0.00291406 0.0102884 0.027416 0.0768956 0.0749926 0.110853 0.0956884 0.0897413 0.0766577 0.0534642 0.0500743 0.0551293 0.0594112 0.0620874 0.0668451 0.0424026 0.0208742 0.0120726 0.0048766 0.00582813 0.00118941 0.000297354 0 0 0 0
 0 0.00264628 0.0354308 0.0461629 0.0458689 0.0383711 0.0214643 0.0164657 0.0346957 0.0420465 0.0363128 0.0245516 0.0311673 0.0291091 0.0169068 0.0133784 0.00837989 0.0085269 0.0148486 0.0160247 0.0276389 0.0546898 0.0760071 0.122758 0.109233 0.0665981 0.0333725 0.0166128 0.00676272 0.00308733 0.000882094 0 0 0 0 0
 0 0 0 0 0 0 0 0.000805153 0.000690131 0.00759144 0.0133425 0.0154129 0.00931677 0.000345066 0.00356568 0.00563607 0.00851162 0.0253048 0.0502646 0.0516448 0.0657925 0.0565908 0.0611916 0.0827007 0.0866115 0.110766 0.145733 0.0935128 0.0569358 0.0249597 0.0138026 0.00621118 0.00161031 0.00115022 0 0
 0 0 0 0 0 0 0 0 0 0 0 0 0 0 0 0 0 0 0 0 0 0 0 0 0 0 0 0 0 0 0 0 0 0 0 0
 0.00147267 0.00158595 0.00478618 0.00569244 0.00954404 0.0108468 0.00647125 0.017049 0.0510054 0.094081 0.124002 0.0959785 0.0687766 0.0820023 0.061753 0.0591476 0.0492212 0.0479892 0.0443925 0.0268479 0.0217502 0.0140895 0.0121071 0.0120363 0.00920419 0.00665534 0.0049561 0.00860946 0.00930331 0.0156896 0.0114698 0.00855282 0.00243557 0.00046729 0 2.83206e-05
 0 0 0 0 0.000772559 0.00158375 0.000888443 0.00281984 0.00712685 0.0440552 0.0773331 0.111326 0.0921469 0.0852325 0.0710754 0.0886704 0.0786465 0.0553345 0.0373146 0.0185414 0.00753245 0.00457741 0.012979 0.0271748 0.0457355 0.0583668 0.034881 0.0177882 0.00938659 0.00492506 0.0015258 0.00185414 0.000309023 5.79419e-05 3.86279e-05 0
 0 0.00173294 0.00326652 0 0.00397197 0.00683976 0.00946217 0.0152591 0.00757587 0.0136028 0.0228656 0.0392903 0.0559909 0.0764795 0.0681675 0.0726916 0.0566044 0.0477403 0.0527397 0.0444891 0.0609904 0.0582453 0.0661739 0.0445044 0.0529084 0.0360697 0.0280645 0.0235558 0.0158879 0.00826598 0.00280645 0.00217768 0.000904811 0.00058276 9.20147e-05 0
 0 0 0 0 0 0 0 0 0 0 0 0 0 0 0 0 0 0 0 0 0 0 0 0 0 0 0 0 0 0 0 0 0 0 0 0
 0 0 0 0 0 0 0 0 0 0 0 0 0 0 0 0 0 0 0 0 0 0 0 0 0 0 0 0 0 0 0 0 0 0 0 0
 0 0 0 0 0 0 0 0 0 0 0 0 0 0 0 0 0 0 0 0 0 0 0 0 0 0 0 0 0 0 0 0 0 0 0 0
 0 0 0 0 0 0 0 0 0 0 0 0 0 0 0 0 0 0 0 0 0 0 0 0 0 0 0 0 0 0 0 0 0 0 0 0
 0 0 0 0 0 0 0 0 0 0 0 0 0 0 0 0 0 0 0 0 0 0 0 0 0 0 0 0 0 0 0 0 0 0 0 0
ppred_pel_tallas
 1.02395e-16 1.99989e-05 0.000117335 0.000557666 0.00214689 0.00669476 0.0169108 0.0346041 0.0573694 0.0770734 0.0839447 0.0742202 0.0535111 0.0320004 0.0169723 0.00993598 0.00884949 0.0112457 0.0155656 0.0210005 0.0269943 0.0329609 0.0382469 0.0422244 0.0444224 0.0446307 0.0429409 0.0397058 0.0354383 0.030685 0.0259169 0.0214647 0.0175073 0.0140994 0.0112176 0.00880436
 1.01984e-16 2.97677e-05 0.000174704 0.000830444 0.00319723 0.00997022 0.0251841 0.0515304 0.0854193 0.114721 0.124855 0.110166 0.0789379 0.0462251 0.022727 0.0105129 0.00636482 0.00648087 0.00852182 0.0114329 0.0147301 0.0180613 0.0210734 0.0234301 0.0248745 0.0252828 0.024686 0.0232499 0.0212243 0.0188781 0.0164451 0.0140917 0.0119125 0.00994478 0.0081916 0.00664264
 1.01771e-16 1.34893e-05 7.9099e-05 0.000375848 0.00144678 0.00451142 0.0113961 0.0233222 0.0386754 0.0519892 0.0567041 0.0503252 0.0366964 0.0227719 0.0135836 0.0102936 0.0116662 0.0161308 0.0226278 0.0304555 0.0389129 0.047132 0.054126 0.0589643 0.0609818 0.0599381 0.0560741 0.0500389 0.042721 0.0350386 0.0277582 0.0213873 0.0161556 0.0120644 0.00897071 0.00667179
 1.03125e-16 2.58312e-05 0.000151592 0.000720566 0.00277416 0.00865091 0.0218516 0.044712 0.0741181 0.0995475 0.108351 0.0956291 0.0685766 0.0402695 0.0200099 0.00961763 0.00632853 0.00687183 0.00924016 0.0125285 0.0163093 0.0202484 0.0239907 0.0271802 0.0295215 0.0308344 0.0310808 0.0303516 0.0288264 0.0267208 0.0242403 0.0215543 0.0187915 0.0160485 0.0134032 0.0109234
 1.01585e-16 3.22056e-05 0.000189019 0.000898504 0.00345928 0.0107874 0.0272482 0.0557537 0.0924187 0.124118 0.135071 0.119156 0.0853259 0.0498574 0.0243097 0.0109009 0.00612639 0.00585367 0.00754207 0.0100564 0.0128989 0.0157342 0.0182406 0.0201191 0.0211495 0.0212389 0.0204394 0.0189271 0.0169518 0.0147745 0.0126142 0.0106179 0.00885687 0.0073419 0.00604888 0.00494179
 1.01313e-16 2.08874e-05 0.000122546 0.000582432 0.00224223 0.00699205 0.0176618 0.0361411 0.0599184 0.0805005 0.0876842 0.0775428 0.0559418 0.0335235 0.0179045 0.0106691 0.00968947 0.0123842 0.0171058 0.0229718 0.0293451 0.035546 0.0408258 0.044482 0.0460122 0.045234 0.0423275 0.0377806 0.0322621 0.0264638 0.0209639 0.0161464 0.0121862 0.00908634 0.00674089 0.00499823
 1.00845e-16 3.59808e-05 0.000211188 0.00100392 0.00386517 0.0120532 0.0304453 0.0622947 0.103258 0.138667 0.150882 0.133051 0.0951604 0.0553709 0.0265634 0.0111745 0.00524784 0.00413702 0.00500088 0.00660791 0.00848438 0.0103783 0.0120742 0.0133741 0.014129 0.0142693 0.0138174 0.0128762 0.0115986 0.0101493 0.00867148 0.00726775 0.00599621 0.00487861 0.00391386 0.00309058
 1.00474e-16 2.96708e-05 0.000174127 0.000827687 0.00318658 0.00993701 0.0251003 0.0513596 0.0851383 0.114351 0.124469 0.109869 0.0788187 0.0463428 0.0231316 0.0112767 0.00759589 0.00830964 0.0110679 0.0147619 0.0188094 0.0227271 0.0260201 0.0282324 0.0290431 0.0283432 0.0262629 0.0231344 0.0194079 0.0155462 0.0119342 0.00882471 0.00632858 0.00443923 0.00307522 0.00212341
 1.00547e-16 3.25996e-05 0.000191329 0.000909483 0.00350155 0.0109192 0.0275812 0.0564351 0.0935488 0.125638 0.13673 0.120631 0.0864081 0.0505417 0.0247395 0.0112543 0.00654556 0.00643171 0.00833438 0.0110862 0.0141526 0.0171533 0.0197187 0.0215083 0.0222782 0.021937 0.0205668 0.0183976 0.0157471 0.0129458 0.0102719 0.00791265 0.00595683 0.00441167 0.00323217 0.00235044
 1.00539e-16 3.19584e-05 0.000187563 0.000891577 0.00343259 0.0107042 0.0270381 0.055324 0.0917076 0.123167 0.134046 0.118275 0.0847468 0.0496227 0.0243878 0.0112599 0.00677643 0.00684411 0.00893443 0.0118927 0.0151739 0.018375 0.0210987 0.0229796 0.0237567 0.0233351 0.0218079 0.0194277 0.0165415 0.0135091 0.0106319 0.00811132 0.00604053 0.00442329 0.00320622 0.0023112
 1.00835e-16 2.47638e-05 0.000145311 0.000690672 0.00265901 0.00829177 0.0209447 0.0428576 0.0710488 0.0954397 0.103918 0.0918081 0.0660349 0.0391748 0.0202003 0.0109191 0.00873754 0.0105458 0.0143872 0.0192816 0.024619 0.0298098 0.0342205 0.0372592 0.0385029 0.0377985 0.035298 0.0314137 0.0267106 0.0217745 0.0170961 0.013003 0.0096464 0.00703169 0.0050709 0.00363565
 1.01415e-16 2.50956e-05 0.000147263 0.000699961 0.00269479 0.00840336 0.0212265 0.0434338 0.0720028 0.096717 0.105298 0.093001 0.0668363 0.039537 0.0201802 0.0105797 0.00809088 0.00955462 0.0129969 0.0174562 0.0223709 0.02722 0.0314448 0.0345167 0.0360472 0.0358763 0.0341051 0.0310599 0.0272029 0.0230206 0.0189277 0.0152098 0.0120122 0.00936498 0.00722456 0.005515
 1.00551e-16 3.47948e-05 0.000204221 0.000970782 0.00373758 0.0116553 0.0294404 0.0602388 0.0998521 0.134097 0.145921 0.128705 0.0921133 0.0537217 0.0260033 0.0113351 0.00591059 0.00524778 0.00659414 0.00873053 0.0111447 0.0135173 0.0155548 0.0169899 0.0176308 0.0174045 0.0163734 0.0147152 0.0126757 0.0105111 0.00843661 0.00659697 0.00506084 0.00383419 0.00288323 0.00215714
 1.00108e-16 3.73505e-05 0.000219229 0.00104214 0.00401232 0.0125121 0.0316045 0.0646665 0.10719 0.143947 0.156628 0.13812 0.098791 0.0574927 0.0275973 0.0116338 0.00549232 0.00434382 0.00522826 0.00685146 0.00870166 0.010496 0.0119928 0.0129784 0.0133043 0.0129223 0.0118966 0.0103864 0.00860611 0.00677554 0.00507701 0.00362976 0.00248503 0.00163763 0.00104622 0.000653927
 1.0008e-16 3.72116e-05 0.000218413 0.00103826 0.00399739 0.0124655 0.0314869 0.0644259 0.106791 0.143412 0.156047 0.137611 0.0984329 0.057297 0.0275269 0.0116445 0.00555726 0.00445526 0.00538908 0.00706664 0.00897272 0.0108179 0.012353 0.0133573 0.0136777 0.0132653 0.0121877 0.0106109 0.00875793 0.00685727 0.00509824 0.00360439 0.00242839 0.00156407 0.000967504 0.000578523
 1.0019e-16 3.31594e-05 0.000194615 0.0009251 0.00356167 0.0111067 0.0280548 0.0574042 0.0951554 0.127796 0.139079 0.122706 0.0878989 0.0514225 0.0251864 0.0114826 0.00670897 0.00660978 0.00855698 0.0113545 0.0144469 0.0174345 0.0199296 0.0215794 0.0221373 0.0215221 0.0198386 0.0173493 0.0144077 0.011377 0.00855908 0.00615168 0.00424067 0.00281898 0.0018198 0.00115062
 1.00483e-16 2.9208e-05 0.00017141 0.000814767 0.00313683 0.00978187 0.0247084 0.0505578 0.0838096 0.112567 0.12253 0.108163 0.0776071 0.0456552 0.0228346 0.0112091 0.00765086 0.00844352 0.0112753 0.0150526 0.0191954 0.0232161 0.0266129 0.0289214 0.0298122 0.0291695 0.0271187 0.02399 0.0202342 0.016317 0.0126278 0.00942545 0.00682733 0.00483386 0.00337023 0.00232888
 1.0064e-16 3.17524e-05 0.000186354 0.000885827 0.00341046 0.0106352 0.0268637 0.0549672 0.0911161 0.122372 0.133181 0.117512 0.0841989 0.0493003 0.0242267 0.0111815 0.00672527 0.006792 0.00887147 0.0118193 0.0150973 0.0183089 0.0210624 0.0229958 0.0238485 0.0235215 0.0220996 0.0198244 0.0170307 0.0140677 0.0112294 0.00871447 0.00661799 0.00494948 0.00366366 0.00269124
 1.00886e-16 2.65327e-05 0.0001557 0.000740072 0.00284922 0.00888496 0.0224429 0.0459229 0.0761283 0.102257 0.111324 0.0983106 0.0706246 0.0417225 0.0211923 0.0109403 0.00815736 0.00949095 0.0128454 0.0172021 0.0219751 0.026631 0.0306059 0.0333728 0.0345537 0.0340086 0.031867 0.0284886 0.0243688 0.0200223 0.015881 0.0122347 0.00921891 0.00684221 0.00503192 0.00368032
 1.01034e-16 3.00069e-05 0.000176105 0.000837097 0.00322283 0.0100501 0.0253857 0.0519434 0.0861047 0.115645 0.125867 0.111078 0.07963 0.0467087 0.0231093 0.0109298 0.00693601 0.00729877 0.00965064 0.012902 0.0165205 0.0200926 0.0231997 0.0254505 0.0265586 0.026407 0.025073 0.0228005 0.0199337 0.0168343 0.0138099 0.0110713 0.00872486 0.00679048 0.00523343 0.003995
 1.01041e-16 2.89578e-05 0.000169943 0.000807798 0.00311001 0.00969822 0.0244971 0.0501253 0.0830921 0.111602 0.121476 0.107223 0.0769113 0.0452043 0.0225327 0.0109365 0.00731018 0.00796815 0.0106247 0.0142112 0.0181782 0.0220753 0.0254394 0.0278382 0.0289582 0.0286769 0.0270895 0.0244769 0.021231 0.0177607 0.0144112 0.011416 0.00888778 0.0068405 0.0052253 0.00396656
 1.01412e-16 2.56782e-05 0.000150684 0.000716226 0.00275742 0.00859867 0.0217198 0.0444431 0.0736755 0.0989624 0.107739 0.0951475 0.0683589 0.0403975 0.0205449 0.0106498 0.00799824 0.00935172 0.0126884 0.017029 0.0218112 0.0265218 0.0306134 0.0335704 0.0350156 0.0347966 0.033018 0.0300049 0.0262143 0.0221254 0.0181448 0.0145495 0.0114772 0.00895119 0.00692207 0.00530948
 1.01325e-16 2.97927e-05 0.000174848 0.000831123 0.00319983 0.00997834 0.0252046 0.0515727 0.0854901 0.114819 0.124967 0.110281 0.0790533 0.0463593 0.0229163 0.0108056 0.00681534 0.00714409 0.00944393 0.0126385 0.0162077 0.0197513 0.0228645 0.0251667 0.0263769 0.0263754 0.0252281 0.0231605 0.020495 0.017572 0.014682 0.0120255 0.00970592 0.00774757 0.00612497 0.00479152
 1.00994e-16 2.99044e-05 0.000175502 0.000834229 0.00321178 0.0100156 0.0252987 0.0517654 0.08581 0.11525 0.12544 0.110707 0.0793773 0.0465868 0.0230977 0.0110048 0.0070888 0.00753494 0.00998157 0.0133351 0.0170516 0.0207011 0.0238475 0.0260847 0.0271195 0.0268382 0.0253321 0.0228672 0.0198132 0.0165554 0.0134181 0.0106199 0.00826499 0.0063643 0.00486956 0.00370762
 1.02159e-16 1.38337e-05 8.11243e-05 0.000385485 0.0014839 0.00462719 0.0116885 0.0239201 0.0396652 0.0533146 0.0581364 0.0515647 0.0375317 0.023155 0.0135758 0.00996344 0.0110304 0.0151557 0.0212619 0.028666 0.0367152 0.0446094 0.0514354 0.0563236 0.0586403 0.0581346 0.0549931 0.0497764 0.0432688 0.0362907 0.0295355 0.0234744 0.0183377 0.0141579 0.0108422 0.00824388
 1.0398e-16 2.34438e-05 0.000137574 0.000653922 0.00251756 0.0078507 0.0198304 0.0405766 0.0672641 0.0903458 0.0983456 0.0868228 0.0623145 0.0366995 0.0184362 0.00919726 0.00649678 0.00738624 0.0100547 0.0136767 0.0178412 0.0222033 0.0263851 0.0300033 0.0327361 0.0343816 0.0348861 0.0343316 0.0328939 0.0307875 0.0282191 0.0253615 0.0223503 0.0192932 0.0162843 0.0134114
 1.03527e-16 1.50524e-05 8.82845e-05 0.000419537 0.00161503 0.00503613 0.0127213 0.026033 0.0431658 0.0580103 0.0632317 0.0560245 0.0406488 0.0248221 0.0141012 0.00971297 0.0102114 0.0138028 0.0193169 0.0260593 0.033423 0.0406888 0.0470401 0.051699 0.0540966 0.0540041 0.0515798 0.0473113 0.0418803 0.0359953 0.0302481 0.0250322 0.020531 0.0167601 0.0136358 0.0110385
pSPR Fmed_Fpbrs
0.538378   0.6 0.325
Fs Fmed_Fpbrs
0.64   0.488137 1.75724
SSBpbr Bo_Bmed_Bpbrs
496912  242681  273302 136651
Ro
24343
SPR SPRFo_SPRFmed_SPRFpbrs
502786 270689 163406
log_Ro
9.92
likeval ReclasPelacesDesembMPH_pf_preclas_ppelaces_ptallas_desvR_qrecl_qpela
 79.2064 12.1049 0.122566 0.00048499 340.505 211.52 56.5862 0 23.6728 4.67893e-05 0.000255029 5.3582e-14 0 0 0
q_reclas_q_pelaces
2.63609 9.69876
M
0.7
N
 23262.5 14763.5 4511.93 565.243 0.159924
 43159.8 10855.4 4461.62 1021.42 124.861
 7556.29 19782.2 2842.37 805.097 200.3
 11781 3175.9 2592.38 171.621 56.7564
 38213.6 5482.77 939.338 567.224 48.6763
 19102.5 18714.2 2436.42 391.304 255.142
 63545.1 8398.83 3514.9 259.946 65.6325
 59999.2 28695.4 1952.63 525.535 46.8491
 75410 26083.5 4924.28 180.606 50.1935
 114817 32368.4 4043.37 387.811 17.138
 66278.9 51896.2 7581 611.645 58.9951
 46178.8 28540.9 8254.67 621.866 51.9571
 53675.5 20224.9 5196.9 838.559 65.0915
 29119.7 21526.4 1822.45 173.527 27.6984
 12898.2 9894.95 516.307 7.50041 0.711026
 10119.8 4382.84 237.329 2.1249 0.0290271
 7369.31 4199.42 518.715 12.1969 0.103038
 9408.02 3124.36 589.9 34.9565 0.778211
 8583.57 4128.64 578.027 61.4528 3.54332
 11282.3 3892.14 992.011 91.0474 9.87215
 17372.8 5030.12 817.085 126.212 12.2966
 20148.8 8179.38 1632.02 206.964 34.342
 33404.9 9416.3 2501.17 376.415 54.3138
 51557.3 15358.9 2527.76 469.476 78.386
 19141.3 23765.6 4208 490.028 103.075
 28775.2 8988.91 7553.92 1031.79 142.192
 9020.5 13448.5 2749.97 1743.52 264.446
pred_Ctot
 1012.17 4275.61 1845.74 236.296 0.066932
 2401.19 3827.19 2161.71 504.636 61.7518
 842.88 11268.7 2004.75 574.579 143.038
 534.19 951.365 1092.26 73.8691 24.4568
 379.847 417.206 109.953 68.3302 5.87274
 1585.58 8837.02 1495.66 243.908 159.164
 4164.97 3353.25 1888.22 142.161 35.9274
 5416.13 14330.4 1250.98 341.539 30.4696
 7417.79 13764.2 3286.95 122.167 33.9761
 7455.34 12833.7 2159.83 210.909 9.32926
 6384.22 27025 5011.11 409.811 39.5559
 3948.62 13750.3 5146.06 393.508 32.9037
 7518.6 13050.1 3988.99 649.566 50.4455
 6757.21 17067.5 1583.66 151.469 24.1831
 2993.02 7845.36 448.657 6.54698 0.620789
 1208.55 2596.66 172.04 1.55735 0.0212864
 782.078 2322.21 358.212 8.52783 0.0720891
 792.377 1489.99 364.89 21.9518 0.489087
 539.14 1596.87 302.542 32.7586 1.89067
 834.29 1696.08 571.848 53.3613 5.79097
 650.338 1284.91 299.107 47.2693 4.61094
 856.435 2323.58 656.426 85.0844 14.1347
 1788.56 3221.94 1181.56 181.387 26.2003
 2671.87 5122 1168.3 221.405 37.0065
 750.286 6310.73 1594.54 189.912 39.995
 1221.98 2551.62 3036.3 423.898 58.4859
 737.098 6283.05 1674.26 1078.03 163.643
F
 0.0621789 0.496647 0.78553 0.810337 0.811686
 0.0801292 0.640023 1.0123 1.04427 1.04601
 0.166789 1.3322 2.1071 2.17365 2.17727
 0.0648739 0.518173 0.819577 0.845459 0.846867
 0.0139069 0.11108 0.175691 0.18124 0.181541
 0.121726 0.972273 1.53781 1.58638 1.58902
 0.095014 0.758914 1.20035 1.23826 1.24032
 0.13303 1.06256 1.68061 1.73369 1.73658
 0.145758 1.16422 1.84141 1.89957 1.90273
 0.0940905 0.751537 1.18868 1.22622 1.22826
 0.142533 1.13847 1.80068 1.85754 1.86064
 0.125608 1.00328 1.58685 1.63696 1.63969
 0.213679 1.70673 2.69948 2.78474 2.78937
 0.37939 3.03033 4.79298 4.94434 4.95257
 0.37939 3.03033 4.79298 4.94434 4.95257
 0.179545 1.4341 2.26827 2.3399 2.3438
 0.158093 1.26275 1.99725 2.06032 2.06375
 0.123616 0.987365 1.56168 1.611 1.61368
 0.0908894 0.725968 1.14824 1.1845 1.18648
 0.107791 0.860972 1.36177 1.40478 1.40712
 0.0532874 0.425627 0.6732 0.69446 0.695617
 0.0607027 0.484856 0.766881 0.791099 0.792416
 0.0770101 0.615109 0.972898 1.00362 1.00529
 0.0744555 0.594705 0.940625 0.970331 0.971946
 0.0558595 0.446172 0.705695 0.727982 0.729194
 0.0606457 0.484401 0.766161 0.790357 0.791673
 0.11973 0.956333 1.5126 1.56037 1.56297
Np
 15349.2 7342.48 1463.92 794.669 119.763
YTP_r0W_actual
 1956.47 54869.8 24018.8 19941.2 3360.92
YTP_p0W_proyectada
 3329.12 16213.9 22416.1 3441.38 2551.92
 3329.12 29957.3 12786.2 9088.88 1522.1
CTP_r0_actual
 238.594 2540.27 764.929 497.286 75.5262
CTP_p0_proyectada
 405.991 750.642 713.889 85.8199 57.3464
 405.991 1386.91 407.204 226.655 34.2045
Wmedp
 8.2 21.6 31.4 40.1 44.5
nmprior
 10.8 10.6 4.6 0
nm_flota  nm_reclas  nm_pelaces    nm_pelaL
inf 20.4308 14.8164 43.555
cv_recla  cv_pelaces  cv_mph
0.770745 0.381129 0.588576
 ------------------------------------------------
Talla a la edad & desviaci?n 
 7.2 14.2025 17.0495 18.207 18.6776
 1.08 2.13037 2.55742 2.73105 2.80164
