years
 1997 1998 1999 2000 2001 2002 2003 2004 2005 2006 2007 2008 2009 2010 2011 2012 2013 2014 2015 2016 2017 2018 2019 2020 2021 2022 2023
reclasobs
 0 0 0 370054 412103 1.49427e+06 250295 1.28982e+06 931140 785840 897777 1.04006e+06 184774 17550 25797 100020 73551 82996 120727 218422 84188 347160 605670 569463 516374 1.08416e+06 1.01767e+06
reclaspred
 2.67017e+06 446676 736286 212249 258103 353329 680061 644704 674274 864655 962831 704865 364086 144594 79875 80238.7 82468.3 109797 141690 146152 214894 241947 381422 485290 788664 705609 341726
pelacesobs
 0 0 0 0 0 0 0 0 0 2.06254e+06 1.5e+06 0 1.87456e+06 323000 250000 174000 83755 137374 0 501740 490994 745055 786931 1.00524e+06 1.33801e+06 1.41789e+06 0
pelacespred
 5.11756e+06 1.81351e+06 733579 484929 754779 590916 2.08119e+06 1.83867e+06 1.75325e+06 2.48264e+06 2.11587e+06 1.55506e+06 905130 293753 166819 164983 173442 250492 305767 288847 569895 574184 676571 1.07015e+06 1.59975e+06 1.41248e+06 505270
mphobs
 0 0 0 0 0 0 112323 0 153150 637223 0 255016 313432 73983 77613 109348 50772 17779 17303 59886 28197 0 207744 136588 643089 65757 70829
mphpred
 591579 236673 182597 72058.6 55647.2 152578 181466 329597 295804 325138 435405 295645 169781 100740 44095.7 31738.9 26024.2 33659.6 49943 43383.7 61890.8 90894.7 99991.1 152274 227022 176497 139287
desembarqueobs
 350755 77701 442110 56441 14545 235359 269955 359681 431902 328805 639364 411747 362871 311530 167758 66681 60226 58785 57116 73181 50977 67692 138656 160484 209506 203330 245020
desembarquepred
 350733 77662.9 441502 56414.7 14543.1 235193 269900 359111 431407 328511 638221 411057 362158 310969 167249 66606.5 60192.9 58700.4 57035 73092.6 50959.8 67618.7 138534 160371 209311 203073 244736
Reclutas
 14228.7 40774.8 2875.74 6168.17 37731.9 14334 64636.7 56589.8 65509.1 114226 64768.8 47509.7 57377.5 29029.6 12337.8 9318.01 7001.97 8984.03 7840.89 9127.63 15922.1 17621.1 28968 47595.5 14895.5 29959.5 3004.7
log_desv_Rt
 -0.356986 0.695819 -1.95593 -1.19284 0.61826 -0.349611 1.15654 1.02358 1.16994 1.72593 1.15858 0.84869 1.03741 0.356071 -0.499581 -0.780296 -1.06605 -0.816796 -0.952892 -0.800939 -0.244536 -0.14315 0.353947 0.850494 -0.311184 0.387601 -1.91207
SSB
 749652 299914 231388 91313 70516.5 193348 219549 409847 359478 399178 551747 374643 227555 138184 65205.3 47133.2 41864.7 49442.7 66236.7 63734.4 81272 112336 129616 182630 311589 258875 188388
BT
 1.27491e+06 435848 360747 149989 254932 305703 1.04714e+06 944602 994557 1.14124e+06 1.15853e+06 808888 680134 392767 198518 105636 103671 128753 121600 137095 213030 186263 265675 431199 480323 483741 283566
Ftot
 0.436494 0.7102 1.72438 1.01428 0.270221 1.77754 1.67673 1.76524 2.09661 1.39332 1.9187 1.80073 3.12862 4.95303 4.95303 2.35182 2.20889 1.77166 1.2178 1.58839 0.836556 0.899008 1.18376 1.13803 0.798288 1.03544 1.92055
BD_Bspro_t
 0.946162 0.677344 0.520911 0.181485 0.233684 0.498872 0.384048 0.485564 0.405158 0.390606 0.432218 0.282166 0.193216 0.139667 0.0800443 0.0717939 0.0885579 0.143126 0.225623 0.262967 0.343308 0.483622 0.475289 0.487012 0.544906 0.423722 0.342956
BD_Bspro
 1.78505 0.714145 0.550974 0.217431 0.167911 0.460393 0.522783 0.975913 0.855977 0.950508 1.3138 0.892087 0.541847 0.329038 0.155265 0.112232 0.0996868 0.117731 0.157721 0.151762 0.193522 0.267491 0.308637 0.434872 0.741946 0.616424 0.448582
BD_Bo
 1.59246 0.637098 0.491531 0.193974 0.149796 0.410722 0.466382 0.870625 0.763628 0.847961 1.17206 0.795843 0.483389 0.293539 0.138514 0.100124 0.0889319 0.10503 0.140705 0.135389 0.172644 0.238632 0.275339 0.387955 0.6619 0.54992 0.400186
BD_Brms
 2.89539 1.15836 0.893693 0.352679 0.272356 0.746768 0.847967 1.58295 1.38842 1.54175 2.13102 1.44699 0.87889 0.533708 0.251843 0.182043 0.161694 0.190963 0.255827 0.246162 0.313898 0.433877 0.500617 0.705374 1.20346 0.999854 0.727611
S_f
 0.0749897 0.741513 0.990245 0.999722 0.999992
 0.0749897 0.741513 0.990245 0.999722 0.999992
 0.0749897 0.741513 0.990245 0.999722 0.999992
 0.0749897 0.741513 0.990245 0.999722 0.999992
 0.0749897 0.741513 0.990245 0.999722 0.999992
 0.0749897 0.741513 0.990245 0.999722 0.999992
 0.0749897 0.741513 0.990245 0.999722 0.999992
 0.0749897 0.741513 0.990245 0.999722 0.999992
 0.0749897 0.741513 0.990245 0.999722 0.999992
 0.0749897 0.741513 0.990245 0.999722 0.999992
 0.0749897 0.741513 0.990245 0.999722 0.999992
 0.0749897 0.741513 0.990245 0.999722 0.999992
 0.0749897 0.741513 0.990245 0.999722 0.999992
 0.0749897 0.741513 0.990245 0.999722 0.999992
 0.0749897 0.741513 0.990245 0.999722 0.999992
 0.0749897 0.741513 0.990245 0.999722 0.999992
 0.0749897 0.741513 0.990245 0.999722 0.999992
 0.0749897 0.741513 0.990245 0.999722 0.999992
 0.0749897 0.741513 0.990245 0.999722 0.999992
 0.0749897 0.741513 0.990245 0.999722 0.999992
 0.0749897 0.741513 0.990245 0.999722 0.999992
 0.0749897 0.741513 0.990245 0.999722 0.999992
 0.0749897 0.741513 0.990245 0.999722 0.999992
 0.0749897 0.741513 0.990245 0.999722 0.999992
 0.0749897 0.741513 0.990245 0.999722 0.999992
 0.0749897 0.741513 0.990245 0.999722 0.999992
 0.0749897 0.741513 0.990245 0.999722 0.999992
Scru_reclas
 0.106144 0.374069 0.750474 0.938027 0.987042
 0.106144 0.374069 0.750474 0.938027 0.987042
 0.106144 0.374069 0.750474 0.938027 0.987042
 0.106144 0.374069 0.750474 0.938027 0.987042
 0.106144 0.374069 0.750474 0.938027 0.987042
 0.106144 0.374069 0.750474 0.938027 0.987042
 0.106144 0.374069 0.750474 0.938027 0.987042
 0.106144 0.374069 0.750474 0.938027 0.987042
 0.106144 0.374069 0.750474 0.938027 0.987042
 0.106144 0.374069 0.750474 0.938027 0.987042
 0.106144 0.374069 0.750474 0.938027 0.987042
 0.106144 0.374069 0.750474 0.938027 0.987042
 0.106144 0.374069 0.750474 0.938027 0.987042
 0.106144 0.374069 0.750474 0.938027 0.987042
 0.106144 0.374069 0.750474 0.938027 0.987042
 0.106144 0.374069 0.750474 0.938027 0.987042
 0.106144 0.374069 0.750474 0.938027 0.987042
 0.106144 0.374069 0.750474 0.938027 0.987042
 0.106144 0.374069 0.750474 0.938027 0.987042
 0.106144 0.374069 0.750474 0.938027 0.987042
 0.106144 0.374069 0.750474 0.938027 0.987042
 0.106144 0.374069 0.750474 0.938027 0.987042
 0.106144 0.374069 0.750474 0.938027 0.987042
 0.106144 0.374069 0.750474 0.938027 0.987042
 0.106144 0.374069 0.750474 0.938027 0.987042
 0.106144 0.374069 0.750474 0.938027 0.987042
 0.106144 0.374069 0.750474 0.938027 0.987042
Scru_pelaces
 0.229112 0.599315 0.882731 0.974282 0.994782
 0.229112 0.599315 0.882731 0.974282 0.994782
 0.229112 0.599315 0.882731 0.974282 0.994782
 0.229112 0.599315 0.882731 0.974282 0.994782
 0.229112 0.599315 0.882731 0.974282 0.994782
 0.229112 0.599315 0.882731 0.974282 0.994782
 0.229112 0.599315 0.882731 0.974282 0.994782
 0.229112 0.599315 0.882731 0.974282 0.994782
 0.229112 0.599315 0.882731 0.974282 0.994782
 0.229112 0.599315 0.882731 0.974282 0.994782
 0.229112 0.599315 0.882731 0.974282 0.994782
 0.229112 0.599315 0.882731 0.974282 0.994782
 0.229112 0.599315 0.882731 0.974282 0.994782
 0.229112 0.599315 0.882731 0.974282 0.994782
 0.229112 0.599315 0.882731 0.974282 0.994782
 0.229112 0.599315 0.882731 0.974282 0.994782
 0.229112 0.599315 0.882731 0.974282 0.994782
 0.229112 0.599315 0.882731 0.974282 0.994782
 0.229112 0.599315 0.882731 0.974282 0.994782
 0.229112 0.599315 0.882731 0.974282 0.994782
 0.229112 0.599315 0.882731 0.974282 0.994782
 0.229112 0.599315 0.882731 0.974282 0.994782
 0.229112 0.599315 0.882731 0.974282 0.994782
 0.229112 0.599315 0.882731 0.974282 0.994782
 0.229112 0.599315 0.882731 0.974282 0.994782
 0.229112 0.599315 0.882731 0.974282 0.994782
 0.229112 0.599315 0.882731 0.974282 0.994782
pf_obs 
 0.256992 0.487395 0.22802 0.0275931 0
 0.321318 0.546541 0.124235 0.00734118 0.000564706
 0.182869 0.594174 0.210203 0.0122559 0.00049798
 0.330522 0.361315 0.267642 0.0388342 0.00168674
 0.649043 0.306663 0.0425973 0.00169635 0
 0.582887 0.30429 0.105238 0.00758474 0
 0.465427 0.430635 0.0974691 0.00646863 0
 0.296916 0.608066 0.0921331 0.00288517 0
 0.311714 0.524322 0.152257 0.0117073 0
 0.15457 0.633149 0.183074 0.0267441 0.00246327
 0.131901 0.49318 0.331252 0.0422183 0.00144891
 0.196976 0.569456 0.194076 0.0375587 0.00193317
 0.518974 0.381816 0.0799577 0.0180837 0.00116848
 0.0928022 0.601141 0.25162 0.0475244 0.00691264
 0.122501 0.610282 0.24278 0.0234846 0.000952079
 0.383417 0.481906 0.127806 0.00687128 0
 0.0376549 0.599619 0.316969 0.0457579 0
 0.0361596 0.667082 0.258105 0.0386534 0
 0.158088 0.579412 0.248529 0.0139706 0
 0.0477256 0.309471 0.559284 0.082774 0.000745712
 0.0406174 0.521527 0.379366 0.0568643 0.0016247
 0.151134 0.462217 0.34131 0.0453401 0
 0.294876 0.26143 0.354403 0.0886775 0.000613685
 0.281977 0.475581 0.204845 0.0348837 0.00271318
 0.0841818 0.532909 0.334909 0.0458182 0.00218182
 0.115287 0.27431 0.454777 0.147771 0.00785563
 0 0 0 0 0
pf_pred 
 0.0476857 0.633193 0.281304 0.0378124 5.03536e-06
 0.201122 0.273535 0.387417 0.12175 0.016176
 0.0181675 0.768484 0.0930397 0.0890375 0.0312712
 0.141739 0.21622 0.555818 0.0380406 0.0481829
 0.510969 0.351589 0.0472204 0.0782684 0.0119532
 0.102386 0.82125 0.0596229 0.00579295 0.010948
 0.522793 0.322699 0.146912 0.0059589 0.00163776
 0.233304 0.732714 0.0267066 0.00692384 0.000350813
 0.278429 0.611625 0.107177 0.00218603 0.000583119
 0.349168 0.580964 0.063845 0.00587482 0.000148253
 0.15734 0.753598 0.0830753 0.00547948 0.00050762
 0.177396 0.6479 0.164175 0.00983567 0.000693334
 0.322232 0.554888 0.1069 0.0150357 0.000944003
 0.251932 0.711567 0.033397 0.00271125 0.000392486
 0.248646 0.729124 0.0219179 0.000285826 2.53074e-05
 0.277748 0.698762 0.0232925 0.000194929 2.63659e-06
 0.221847 0.70187 0.0750275 0.00124523 1.02959e-05
 0.296288 0.609233 0.0894908 0.00490735 8.01458e-05
 0.199289 0.707972 0.0853371 0.0070185 0.000383059
 0.235019 0.597896 0.154552 0.0115479 0.000984778
 0.297055 0.589005 0.0980596 0.0147107 0.00116981
 0.203866 0.663352 0.117713 0.0129948 0.00207456
 0.272614 0.553493 0.153748 0.0178888 0.0022565
 0.29565 0.594538 0.0918337 0.0159253 0.00205213
 0.0684494 0.790287 0.126576 0.0123161 0.00237193
 0.210522 0.365165 0.379168 0.0405099 0.00463497
 0.0283442 0.788099 0.105374 0.069981 0.00820223
pobs_RECLAS
 0 0 0 0 0
 0 0 0 0 0
 0 0 0 0 0
 0 0 0 0 0
 0.835266 0.146461 0.0176864 0.000547809 3.91292e-05
 0.385257 0.428462 0.181853 0.0044286 0
 0.867414 0.0963971 0.0333333 0.00285562 0
 0.441836 0.489002 0.0689373 0.000224442 0
 0.779404 0.147425 0.0564933 0.0165055 0.000172143
 0.814271 0.122319 0.05973 0.00367925 0
 0.40263 0.566651 0.0304383 0.000280538 0
 0.475488 0.404961 0.113038 0.00651328 0
 0.955842 0.0263864 0.0167828 0.000988607 0
 0.975058 0.0227948 0.00214734 0 0
 0.738997 0.206755 0.0527124 0.00153531 0
 0.850938 0.134255 0.0134407 0.00136685 0
 0.542534 0.407297 0.0501686 0 0
 0.764087 0.199537 0.0359546 0.000420521 0
 0.470689 0.182191 0.310203 0.0369168 0
 0.84361 0.089868 0.0606195 0.00523954 0.000663233
 0.607945 0.314616 0.071237 0.00620181 0
 0.523733 0.453247 0.0230204 0 0
 0.530135 0.295979 0.169645 0.0042399 0
 0.562478 0.366248 0.0663022 0.0049721 0
 0.250443 0.683176 0.0655157 0.000865301 0
 0.195077 0.31981 0.436473 0.0351445 0.0134964
 0.565238 0.351407 0.0832357 0.000118908 0
ppred_RECLAS
 0.108612 0.50331 0.33272 0.0553497 7.75372e-06
 0.348179 0.162412 0.339134 0.131848 0.0184276
 0.0497368 0.658661 0.111399 0.13159 0.0486138
 0.263056 0.134502 0.503135 0.0425771 0.0567293
 0.710854 0.17224 0.034574 0.0709351 0.0113962
 0.260478 0.650264 0.0657137 0.00787978 0.0156643
 0.754043 0.146475 0.0934497 0.00467931 0.0013528
 0.488938 0.478571 0.0243008 0.00777565 0.000414409
 0.549295 0.361701 0.0862268 0.00216848 0.000608427
 0.612213 0.330024 0.0517267 0.00588024 0.000156092
 0.369063 0.541339 0.0822529 0.00669288 0.000652185
 0.389907 0.442056 0.155674 0.0115095 0.00085341
 0.635667 0.283698 0.0680918 0.0117661 0.000776941
 0.643779 0.338005 0.0163509 0.00161846 0.000246361
 0.640091 0.348911 0.0108104 0.000171887 1.60029e-05
 0.567315 0.414085 0.0184076 0.000189784 2.70002e-06
 0.482462 0.451149 0.0650465 0.00133063 1.15723e-05
 0.561675 0.359687 0.0735734 0.00497931 8.55394e-05
 0.417537 0.488533 0.0848142 0.00862113 0.000494956
 0.469 0.37903 0.138088 0.0127403 0.00114284
 0.534313 0.360075 0.0879318 0.0163159 0.00136484
 0.411192 0.452586 0.117488 0.0160402 0.00269375
 0.504193 0.338182 0.135545 0.019493 0.00258652
 0.539869 0.360101 0.0804474 0.0172449 0.00233757
 0.166803 0.656388 0.154454 0.0185897 0.00376609
 0.386686 0.224423 0.338757 0.0447481 0.00538576
 0.0798371 0.679666 0.125239 0.102607 0.01265
pobs_PELACES
 0 0 0 0 0
 0 0 0 0 0
 0 0 0 0 0
 0 0 0 0 0
 0 0 0 0 0
 0 0 0 0 0
 0 0 0 0 0
 0 0 0 0 0
 0 0 0 0 0
 0 0 0 0 0
 0.450072 0.473896 0.0757376 0.000293798 0
 0 0 0 0 0
 0.463077 0.371075 0.160297 0.00555027 0
 0.529543 0.364841 0.0842815 0.0213345 0
 0.631943 0.363953 0.00410389 0 0
 0.735681 0.248677 0.0153453 0.000297389 0
 0.695825 0.281241 0.0229344 0 0
 0.275771 0.60734 0.115278 0.00161068 0
 0 0 0 0 0
 0.896147 0.0623911 0.0374545 0.00400742 0
 0.803859 0.145111 0.0509908 3.86294e-05 0
 0.739449 0.233085 0.0266225 0.000797448 4.60066e-05
 0.878498 0.100942 0.0204185 0.000141795 0
 0.694673 0.275183 0.0284847 0.00165964 0
 0.469039 0.446079 0.0841089 0.000773354 0
 0.822795 0.102175 0.0682046 0.00682512 0
 0 0 0 0 0
ppred_PELACES
 0.172338 0.538512 0.252155 0.0369903 5.02792e-06
 0.5288 0.15661 0.226488 0.0775816 0.0105208
 0.105555 0.710059 0.0765303 0.0793979 0.0284579
 0.454152 0.137894 0.348445 0.0259552 0.0335536
 0.803208 0.13612 0.0196198 0.0355153 0.00553638
 0.423999 0.531419 0.0340743 0.00358796 0.00691989
 0.875117 0.0872605 0.0356165 0.00156658 0.000439402
 0.660793 0.325603 0.0105009 0.00295066 0.000152569
 0.738074 0.227468 0.0335168 0.000739442 0.000201279
 0.753105 0.221797 0.0227639 0.00227515 5.85956e-05
 0.559517 0.399442 0.0380652 0.00271869 0.00025702
 0.587752 0.332851 0.0742312 0.004819 0.000346666
 0.838363 0.139557 0.0190218 0.00287419 0.000184109
 0.88144 0.115557 0.00273302 0.000235208 3.47258e-05
 0.878578 0.119584 0.00181144 2.50423e-05 2.26132e-06
 0.750897 0.242518 0.00652536 5.89723e-05 8.1393e-07
 0.682425 0.291382 0.0257285 0.000461554 3.89424e-06
 0.731929 0.235627 0.0305953 0.00181833 3.03057e-05
 0.572001 0.380031 0.04383 0.00391913 0.000218307
 0.653151 0.276272 0.0648613 0.00525812 0.000457612
 0.667511 0.277778 0.0464963 0.0075984 0.000616714
 0.553813 0.371274 0.0657248 0.00790131 0.00128746
 0.6663 0.255681 0.0682689 0.00863747 0.00111199
 0.687129 0.264861 0.0395664 0.00746288 0.000981494
 0.25659 0.628772 0.101733 0.0107852 0.00212002
 0.575518 0.197429 0.20096 0.023365 0.00272848
 0.16651 0.689642 0.0796881 0.0573061 0.00685425
pobs_pel_tallas
 0 0 0 0 0 0 0 0 0 0 0 0 0 0 0 0 0 0 0 0 0 0 0 0 0 0 0 0 0 0 0 0 0 0 0 0
 0 0 0 0 0 0 0 0 0 0 0 0 0 0 0 0 0 0 0 0 0 0 0 0 0 0 0 0 0 0 0 0 0 0 0 0
 0 0 0 0 0 0 0 0 0 0 0 0 0 0 0 0 0 0 0 0 0 0 0 0 0 0 0 0 0 0 0 0 0 0 0 0
 0 0 0 0 0 0 0 0 0 0 0 0 0 0 0 0 0 0 0 0 0 0 0 0 0 0 0 0 0 0 0 0 0 0 0 0
 0 0 0 0 0 0 0 0 0 0 0 0 0 0 0 0 0 0 0 0 0 0 0 0 0 0 0 0 0 0 0 0 0 0 0 0
 0 0 0 0 0 0 0 0 0 0 0 0 0 0 0 0 0 0 0 0 0 0 0 0 0 0 0 0 0 0 0 0 0 0 0 0
 0 0 0 0 0 0 0 0 0 0 0 0 0 0 0 0 0 0 0 0 0 0 0 0 0 0 0 0 0 0 0 0 0 0 0 0
 0 0 0 0 0 0 0 0 0 0 0 0 0 0 0 0 0 0 0 0 0 0 0 0 0 0 0 0 0 0 0 0 0 0 0 0
 0 0 0 0 0 0 0 0 0 0 0 0 0 0 0 0 0 0 0 0 0 0 0 0 0 0 0 0 0 0 0 0 0 0 0 0
 0 0 0 0 0 0 0 0 0 0 0 0 0 0 0 0 0 0 0 0 0 0 0 0 0 0 0 0 0 0 0 0 0 0 0 0
 0 0 0 0 0 0 0 0 1.78061e-05 0.00172719 0.00360574 0.0105946 0.0120993 0.0124554 0.0147524 0.0171206 0.0266825 0.0428682 0.0675386 0.121331 0.153587 0.119568 0.100827 0.0573624 0.0630603 0.0341343 0.0324427 0.0444173 0.0211091 0.0280891 0.0125444 0.00206551 0 0 0 0
 0 0 0 0 0 0 0 0 0 0 0 0 0 0 0 0 0 0 0 0 0 0 0 0 0 0 0 0 0 0 0 0 0 0 0 0
 0 0 0 0 0 0 0.0133647 0.0140871 0.0187388 0.0205184 0.03894 0.0496705 0.03968 0.0493445 0.0407372 0.0367815 0.0215668 0.0243155 0.0234873 0.0199281 0.019796 0.0243948 0.0301388 0.0376714 0.0412746 0.0863199 0.0771752 0.113111 0.0741005 0.0525337 0.0229764 0.00759418 0.00175318 0 0 0
 0 0 0 0 0 0 0 0 0 0 0.00219441 0.00772107 0.0458388 0.0604681 0.0671733 0.0775358 0.0609151 0.0617685 0.073594 0.0568108 0.0755445 0.0548602 0.0670107 0.0636378 0.0643287 0.046367 0.0373049 0.0286899 0.0247887 0.0153202 0.00654259 0.00121912 0.000365735 0 0 0
 0 0 0 0 0 0 0 0 0 0 0 0 0.000112435 0.00938835 0.0111873 0.0202946 0.0414886 0.0713402 0.111592 0.104902 0.108894 0.110636 0.117776 0.105296 0.107544 0.0401394 0.0192827 0.0124803 0.00416011 0.0028671 0.000618394 0 0 0 0 0
 0 0 0 0 0 0 0 0 0 0 0.00291406 0.0102884 0.027416 0.0768956 0.0749926 0.110853 0.0956884 0.0897413 0.0766577 0.0534642 0.0500743 0.0551293 0.0594112 0.0620874 0.0668451 0.0424026 0.0208742 0.0120726 0.0048766 0.00582813 0.00118941 0.000297354 0 0 0 0
 0 0.00264628 0.0354308 0.0461629 0.0458689 0.0383711 0.0214643 0.0164657 0.0346957 0.0420465 0.0363128 0.0245516 0.0311673 0.0291091 0.0169068 0.0133784 0.00837989 0.0085269 0.0148486 0.0160247 0.0276389 0.0546898 0.0760071 0.122758 0.109233 0.0665981 0.0333725 0.0166128 0.00676272 0.00308733 0.000882094 0 0 0 0 0
 0 0 0 0 0 0 0 0.000805153 0.000690131 0.00759144 0.0133425 0.0154129 0.00931677 0.000345066 0.00356568 0.00563607 0.00851162 0.0253048 0.0502646 0.0516448 0.0657925 0.0565908 0.0611916 0.0827007 0.0866115 0.110766 0.145733 0.0935128 0.0569358 0.0249597 0.0138026 0.00621118 0.00161031 0.00115022 0 0
 0 0 0 0 0 0 0 0 0 0 0 0 0 0 0 0 0 0 0 0 0 0 0 0 0 0 0 0 0 0 0 0 0 0 0 0
 0.00147267 0.00158595 0.00478618 0.00569244 0.00954404 0.0108468 0.00647125 0.017049 0.0510054 0.094081 0.124002 0.0959785 0.0687766 0.0820023 0.061753 0.0591476 0.0492212 0.0479892 0.0443925 0.0268479 0.0217502 0.0140895 0.0121071 0.0120363 0.00920419 0.00665534 0.0049561 0.00860946 0.00930331 0.0156896 0.0114698 0.00855282 0.00243557 0.00046729 0 2.83206e-05
 0 0 0 0 0.000772559 0.00158375 0.000888443 0.00281984 0.00712685 0.0440552 0.0773331 0.111326 0.0921469 0.0852325 0.0710754 0.0886704 0.0786465 0.0553345 0.0373146 0.0185414 0.00753245 0.00457741 0.012979 0.0271748 0.0457355 0.0583668 0.034881 0.0177882 0.00938659 0.00492506 0.0015258 0.00185414 0.000309023 5.79419e-05 3.86279e-05 0
 0 0.00173294 0.00326652 0 0.00397197 0.00683976 0.00946217 0.0152591 0.00757587 0.0136028 0.0228656 0.0392903 0.0559909 0.0764795 0.0681675 0.0726916 0.0566044 0.0477403 0.0527397 0.0444891 0.0609904 0.0582453 0.0661739 0.0445044 0.0529084 0.0360697 0.0280645 0.0235558 0.0158879 0.00826598 0.00280645 0.00217768 0.000904811 0.00058276 9.20147e-05 0
 0 0 0 0 0 0 0 0 0 0 0 0 0 0 0 0 0 0 0 0 0 0 0 0 0 0 0 0 0 0 0 0 0 0 0 0
 0 0 0 0 0 0 0 0 0 0 0 0 0 0 0 0 0 0 0 0 0 0 0 0 0 0 0 0 0 0 0 0 0 0 0 0
 0 0 0 0 0 0 0 0 0 0 0 0 0 0 0 0 0 0 0 0 0 0 0 0 0 0 0 0 0 0 0 0 0 0 0 0
 0 0 0 0 0 0 0 0 0 0 0 0 0 0 0 0 0 0 0 0 0 0 0 0 0 0 0 0 0 0 0 0 0 0 0 0
 0 0 0 0 0 0 0 0 0 0 0 0 0 0 0 0 0 0 0 0 0 0 0 0 0 0 0 0 0 0 0 0 0 0 0 0
ppred_pel_tallas
 1.05027e-16 7.5498e-06 4.42343e-05 0.00021011 0.000808665 0.0025215 0.00636968 0.0130373 0.0216265 0.0290914 0.0317828 0.0283334 0.0209341 0.013535 0.00903636 0.00819644 0.0104408 0.0149908 0.0213053 0.0289626 0.0374405 0.0460232 0.0538559 0.0600924 0.0640715 0.0654559 0.0642893 0.0609509 0.0560332 0.0501878 0.0439919 0.0378715 0.0320876 0.0267688 0.0219629 0.0176822
 1.06424e-16 2.30776e-05 0.000135432 0.000643751 0.00247843 0.00772869 0.0195221 0.0399453 0.0662155 0.0889313 0.0967899 0.0854113 0.0612188 0.0358885 0.0177244 0.00834715 0.00528751 0.00563477 0.00762372 0.0104947 0.0139347 0.0177265 0.0216315 0.0253875 0.0287438 0.0314963 0.0335085 0.0347118 0.0350921 0.0346716 0.0334958 0.0316305 0.0291675 0.0262289 0.0229684 0.0195604
 1.05376e-16 4.64413e-06 2.71612e-05 0.00012891 0.000495973 0.00154635 0.00390672 0.00799915 0.0132803 0.0178979 0.0196423 0.0177202 0.013545 0.00964095 0.00792353 0.00901846 0.0127284 0.0186775 0.0265232 0.0358333 0.0459279 0.0558484 0.0644738 0.0707365 0.0738637 0.0735589 0.0700653 0.064081 0.0565685 0.0485177 0.0407451 0.03378 0.0278504 0.0229465 0.0189196 0.0155769
 1.07451e-16 1.98222e-05 0.00011632 0.000552895 0.00212861 0.00663781 0.0167666 0.0343072 0.0568702 0.0763819 0.0831365 0.0733749 0.0526181 0.0309012 0.0153671 0.00742374 0.00497251 0.00554099 0.00764473 0.0106636 0.0143564 0.0185527 0.0230442 0.0275763 0.0318741 0.0356735 0.0387463 0.0409134 0.0420502 0.0420899 0.0410268 0.0389225 0.0359103 0.0321893 0.0280088 0.0236405
 1.01803e-16 3.50418e-05 0.000205675 0.000977703 0.00376424 0.0117384 0.0296503 0.0606681 0.100563 0.135048 0.146947 0.129589 0.0927003 0.053972 0.0259531 0.0110223 0.00533169 0.00435997 0.00534007 0.00706738 0.00906976 0.0110868 0.0128924 0.0142812 0.0151027 0.0152934 0.0148881 0.0140048 0.0128089 0.0114704 0.0101278 0.00886889 0.00773024 0.00671039 0.00578881 0.00494263
 1.01104e-16 1.85226e-05 0.000108656 0.000516383 0.0019879 0.00619892 0.0156585 0.0320427 0.0531273 0.0713874 0.0777864 0.0688576 0.0498234 0.0301519 0.0166395 0.0107428 0.010625 0.0140302 0.019494 0.0261776 0.0333988 0.0403851 0.0462769 0.0502693 0.0517923 0.0506493 0.0470648 0.04162 0.0351041 0.0283297 0.0219726 0.0164778 0.0120412 0.00865379 0.00617601 0.00441346
 1.00609e-16 3.81755e-05 0.000224077 0.0010652 0.00410112 0.012789 0.0323039 0.0660972 0.10956 0.147125 0.160074 0.14113 0.10088 0.0585807 0.0278813 0.0113461 0.00475566 0.00316454 0.00355553 0.00463899 0.00595246 0.00728963 0.00849477 0.0094288 0.00998641 0.0101169 0.00983303 0.0092033 0.00833116 0.00732905 0.00629575 0.00530305 0.00439315 0.00358393 0.00287788 0.00227028
 1.00364e-16 2.88395e-05 0.000169245 0.00080447 0.00309718 0.00965822 0.0243961 0.049919 0.0827513 0.111148 0.120991 0.106817 0.0766696 0.0451606 0.0226922 0.0113114 0.00793866 0.00890889 0.0119363 0.0159269 0.0202817 0.024483 0.0279956 0.0303261 0.0311287 0.0302895 0.0279548 0.0244913 0.0203934 0.0161684 0.0122375 0.00887607 0.00620313 0.00420796 0.00279697 0.00184132
 1.00585e-16 3.22054e-05 0.000189014 0.000898477 0.00345917 0.0107871 0.0272474 0.0557522 0.092417 0.124118 0.135078 0.119179 0.0853791 0.0499619 0.024497 0.0112139 0.00661903 0.00658452 0.00856396 0.0114012 0.014561 0.0176567 0.0203093 0.0221694 0.0229854 0.0226619 0.0212809 0.0190761 0.016371 0.0135031 0.0107571 0.00832522 0.00629982 0.0046903 0.00345296 0.0025206
 1.00477e-16 3.28606e-05 0.000192861 0.000916767 0.00352959 0.0110067 0.0278021 0.0568871 0.094298 0.126644 0.137824 0.121595 0.0870954 0.0509373 0.0249211 0.0113161 0.00655173 0.00641124 0.00829416 0.011023 0.0140589 0.0170202 0.0195367 0.0212693 0.0219763 0.0215706 0.0201394 0.0179185 0.0152309 0.0124114 0.00974033 0.00740472 0.00549066 0.00400085 0.00288465 0.0020684
 1.00776e-16 2.44265e-05 0.000143329 0.00068125 0.00262273 0.00817863 0.0206589 0.0422729 0.0700801 0.0941399 0.102507 0.0905702 0.0651642 0.0386979 0.020027 0.0109416 0.00888984 0.0108085 0.0147667 0.0197896 0.0252594 0.0305713 0.0350738 0.0381583 0.0393915 0.0386181 0.0359982 0.0319596 0.0270878 0.0219884 0.0171686 0.012966 0.00953528 0.00687947 0.00490468 0.00347499
 1.01344e-16 2.5655e-05 0.000150548 0.000715581 0.00275493 0.00859092 0.0217002 0.0444031 0.073609 0.098873 0.107641 0.0950603 0.0682942 0.0403552 0.0205161 0.0106234 0.00796539 0.00930678 0.0126287 0.0169549 0.0217267 0.0264347 0.0305355 0.0335154 0.034997 0.0348246 0.0330968 0.0301309 0.026376 0.0223055 0.0183229 0.014706 0.0115968 0.00902456 0.00694715 0.00529058
 1.00423e-16 3.65749e-05 0.000214675 0.00102049 0.00392897 0.0122522 0.030948 0.0633232 0.104963 0.140958 0.153376 0.135255 0.0967473 0.0563149 0.027054 0.0114438 0.00546358 0.00438838 0.00532361 0.00700523 0.00893394 0.0108325 0.0124615 0.0136058 0.0141117 0.0139211 0.0130845 0.0117452 0.0101014 0.00835915 0.00669174 0.00521558 0.00398569 0.00300654 0.00225045 0.001676
 1.00087e-16 3.84522e-05 0.000225699 0.0010729 0.00413079 0.0128815 0.0325376 0.0665756 0.110354 0.148193 0.161241 0.142172 0.101654 0.0590876 0.0282295 0.0116707 0.00516817 0.00374181 0.00434448 0.00565642 0.00717772 0.00865668 0.00989062 0.0107027 0.0109705 0.0106542 0.00980687 0.00856 0.0070905 0.00557981 0.00417839 0.00298462 0.00204076 0.00134248 0.000855573 0.000533045
 1.00066e-16 3.83276e-05 0.000224967 0.00106942 0.00411739 0.0128397 0.0324321 0.0663596 0.109996 0.147713 0.16072 0.141715 0.101332 0.0589111 0.0281649 0.0116781 0.00522303 0.00383678 0.0044818 0.00584038 0.0074098 0.00893289 0.0102005 0.0110298 0.0112945 0.010954 0.0100643 0.00876242 0.00723245 0.00566307 0.00421061 0.00297709 0.00200598 0.00129222 0.000799525 0.000478232
 1.00174e-16 3.27651e-05 0.000192299 0.00091409 0.00351927 0.0109745 0.0277208 0.056721 0.0940233 0.126276 0.137429 0.121257 0.086877 0.0508567 0.024969 0.0114841 0.00684798 0.00685914 0.00892032 0.0118435 0.015067 0.0181777 0.0207712 0.0224793 0.0230451 0.0223847 0.020609 0.0179936 0.0149094 0.0117371 0.00879243 0.00628229 0.0042958 0.00282448 0.00179715 0.00111566
 1.00477e-16 2.97814e-05 0.000174777 0.00083078 0.00319849 0.00997416 0.0251941 0.0515515 0.0854562 0.114777 0.124931 0.110272 0.0790963 0.0464839 0.0231611 0.011224 0.00747539 0.00812024 0.0108016 0.0144127 0.0183805 0.0222343 0.0254932 0.0277127 0.0285774 0.0279754 0.0260258 0.0230435 0.0194584 0.0157153 0.0121862 0.0091185 0.00662522 0.00470756 0.00329504 0.00228591
 1.00576e-16 3.19378e-05 0.000187443 0.000891003 0.00343038 0.0106973 0.0270206 0.0552884 0.0916485 0.123087 0.133958 0.118197 0.0846871 0.0495811 0.0243551 0.0112244 0.0067282 0.00677547 0.0088404 0.0117715 0.015028 0.0182124 0.0209328 0.0228279 0.0236388 0.023269 0.0218064 0.0194959 0.0166759 0.013698 0.010858 0.00835467 0.00628195 0.00464688 0.00340095 0.00247133
 1.00891e-16 2.49701e-05 0.000146522 0.000696434 0.0026812 0.00836097 0.0211194 0.0432151 0.0716412 0.0962345 0.104781 0.092564 0.066565 0.039462 0.0202984 0.0108923 0.00862408 0.0103552 0.0141136 0.0189167 0.0241612 0.0292688 0.0336196 0.0366335 0.0378951 0.0372518 0.0348495 0.0310876 0.0265156 0.0217036 0.0171298 0.0131144 0.00980651 0.0072137 0.00525329 0.0038034
 1.01213e-16 2.85044e-05 0.000167282 0.000795147 0.0030613 0.00954633 0.0241134 0.0493402 0.0817907 0.109854 0.119573 0.105544 0.0757088 0.0445005 0.022188 0.0107807 0.00722356 0.00789196 0.0105399 0.0141202 0.0180969 0.0220307 0.0254677 0.0279808 0.0292555 0.0291602 0.0277738 0.0253557 0.0222753 0.0189218 0.0156278 0.0126229 0.0100252 0.00786088 0.00609798 0.0046786
 1.01041e-16 2.91306e-05 0.000170958 0.000812624 0.00312859 0.00975617 0.0246435 0.0504248 0.0835883 0.112268 0.122199 0.107858 0.07736 0.0454538 0.0226308 0.0109406 0.00725659 0.00786966 0.0104805 0.0140164 0.0179301 0.0217765 0.0250988 0.0274707 0.028583 0.0283146 0.0267585 0.0241911 0.0209978 0.0175812 0.0142809 0.0113271 0.008831 0.0068068 0.00520694 0.00395762
 1.01386e-16 2.41767e-05 0.000141865 0.000674294 0.00259595 0.00809514 0.020448 0.0418412 0.0693638 0.0931758 0.101452 0.089627 0.064461 0.0382313 0.0196965 0.0106212 0.00847424 0.0102228 0.0139635 0.0187501 0.0240018 0.0291588 0.0336173 0.0368076 0.0383151 0.0379763 0.0359135 0.0324937 0.0282307 0.0236612 0.0192396 0.015274 0.0119154 0.00918482 0.00702142 0.00532872
 1.01402e-16 2.9077e-05 0.000170645 0.00081114 0.00312289 0.00973839 0.0245985 0.0503326 0.083435 0.11206 0.121969 0.107644 0.0771837 0.0453043 0.0224718 0.0107253 0.00693799 0.00740573 0.00983886 0.013182 0.0169147 0.0206261 0.0238961 0.0263284 0.0276288 0.0276699 0.0265164 0.0243989 0.0216486 0.0186169 0.0156045 0.0128206 0.0103752 0.00829713 0.00656425 0.0051323
 1.00951e-16 2.99855e-05 0.000175978 0.000836493 0.0032205 0.0100428 0.0253674 0.0519059 0.0860429 0.115563 0.12578 0.111006 0.079591 0.04671 0.0231545 0.0110247 0.00709177 0.00753029 0.00997176 0.0133195 0.0170283 0.0206676 0.023801 0.0260228 0.0270399 0.0267396 0.0252143 0.0227315 0.0196623 0.0163934 0.0132503 0.0104518 0.00810237 0.0062121 0.0047317 0.00358673
 1.02119e-16 1.12269e-05 6.58146e-05 0.000312689 0.00120359 0.00375305 0.00948054 0.019403 0.0321799 0.0432688 0.0472223 0.0419801 0.0307632 0.0193913 0.0120975 0.00990501 0.011843 0.0166477 0.0234475 0.0316178 0.0404742 0.0491381 0.056599 0.0618953 0.064329 0.063629 0.0600113 0.0541076 0.0467978 0.0390001 0.0314895 0.0247902 0.0191558 0.0146162 0.0110597 0.00831319
 1.03848e-16 2.51164e-05 0.000147397 0.000700628 0.0026974 0.00841155 0.021247 0.0434748 0.0720668 0.0967914 0.105349 0.0929733 0.0666592 0.039118 0.0193915 0.0092464 0.00599424 0.00645784 0.0086946 0.0118414 0.0155066 0.0193941 0.0231862 0.026556 0.0292198 0.0309859 0.0317799 0.0316373 0.0306735 0.0290424 0.0269024 0.0243969 0.021652 0.0187818 0.0158962 0.0131021
 1.03646e-16 7.3013e-06 4.27627e-05 0.000203085 0.000781573 0.00243698 0.00615636 0.0126019 0.0209088 0.0281395 0.0307783 0.027522 0.0205156 0.0136165 0.00967938 0.0094949 0.0125574 0.0181344 0.0256674 0.0346386 0.0443517 0.0538612 0.0620692 0.0679322 0.0706963 0.0700752 0.0663129 0.0601028 0.0524018 0.044199 0.0363175 0.0293002 0.0233921 0.0185978 0.0147761 0.0117311
pSPR Fmed_Fpbrs
0.515344   0.6 0.325
Fs Fmed_Fpbrs
0.64   0.444777 1.56129
SSBpbr Bo_Bmed_Bpbrs
470750  219061  258912 129456
Ro
20333
SPR SPRFo_SPRFmed_SPRFpbrs
419962 216425 136488
log_Ro
9.74
likeval ReclasPelacesDesembMPH_pf_preclas_ppelaces_ptallas_desvR_qrecl_qpela
 75.9513 12.2372 0.216814 0.000461073 367.33 219.948 58.0601 0 35.2871 0.000143121 0.000397493 1.16526e-14 0 0 0
q_reclas_q_pelaces
5.44803 17.0554
M
0.7
N
 14228.7 21639.3 7527.98 1004 0.13367
 40774.8 6838.21 7774.47 2426.36 322.307
 2875.74 19198 2005.52 1910.9 671.051
 6168.17 1254.83 2654.22 180.566 228.669
 37731.9 2838.69 293.727 482.76 73.7098
 14334 18361.2 1153.69 111.616 210.916
 64636.7 6229.75 2440.42 98.5458 27.0812
 56589.8 28305.2 892.277 230.339 11.6693
 65509.1 24617.4 3796.57 77.1504 20.5776
 114226 27798 2582.58 236.44 5.96579
 64768.8 51095.4 4912.59 322.731 29.8945
 47509.7 27853 6116.27 364.882 25.7181
 57377.5 20612.5 3638.87 510.576 32.0539
 29029.6 22534.3 1006 81.5591 11.8062
 12337.8 9943.2 284.307 3.70256 0.327816
 9318.01 4225.92 125.45 1.04638 0.014152
 7001.97 3879.04 366.901 6.06802 0.0501672
 8984.03 2946.29 374.436 20.4452 0.333867
 7840.89 3906.31 393.307 32.1702 1.75553
 9127.63 3553.85 786.297 58.4793 4.98632
 15922.1 4023.66 543.468 80.999 6.4399
 17621.1 7425.92 1074.52 117.869 18.814
 28968 8179.89 1893.35 219.07 27.6293
 47595.5 13163.2 1688.61 291.167 37.5138
 14895.5 21701.9 2811.04 271.709 52.3177
 29959.5 6967.09 5962.31 633.215 72.4375
 3004.7 13766 1605.45 1061.96 124.455
pred_Ctot
 330.145 4383.82 1947.56 261.789 0.0348616
 1525.55 2074.81 2938.62 923.495 122.697
 252.742 10691 1294.35 1238.67 435.038
 326.319 497.794 1279.63 87.5793 110.929
 544.97 374.985 50.3626 83.4765 12.7486
 1296.39 10398.4 754.928 73.3486 138.62
 5532.3 3414.87 1554.65 63.0583 17.3311
 5084.65 15968.8 582.045 150.899 7.64563
 6916.62 15193.7 2662.45 54.3044 14.4856
 8199.24 13642.3 1499.22 137.954 3.48131
 6294.17 30146.7 3323.32 219.199 20.3067
 4349.63 15886 4025.46 241.164 17.0001
 8746.62 15061.8 2901.69 408.127 25.6239
 6616.59 18688.2 877.118 71.2065 10.308
 2812.09 8246.1 247.883 3.23258 0.286216
 1094.56 2753.69 91.7916 0.76818 0.0103903
 776.068 2455.28 262.462 4.35606 0.0360172
 809.995 1665.53 244.65 13.4158 0.219103
 494.745 1757.57 211.853 17.4237 0.95096
 742.204 1888.19 488.083 36.4689 3.10998
 698.793 1385.58 230.676 34.6056 2.75186
 829.391 2698.73 478.894 52.8668 8.43998
 1778.7 3611.33 1003.15 116.718 14.7228
 2813.79 5658.4 874.008 151.565 19.5308
 624.616 7211.54 1155.03 112.387 21.6444
 1616.91 2804.64 2912.19 311.135 35.5987
 292.258 8126.13 1086.51 721.577 84.5736
F
 0.0327325 0.323666 0.432235 0.436372 0.43649
 0.0532577 0.526623 0.703272 0.710003 0.710195
 0.129311 1.27865 1.70756 1.7239 1.72437
 0.0760607 0.752104 1.00439 1.014 1.01427
 0.0202638 0.200372 0.267585 0.270145 0.270219
 0.133297 1.31807 1.7602 1.77705 1.77753
 0.125737 1.24332 1.66037 1.67626 1.67671
 0.132375 1.30895 1.74802 1.76475 1.76523
 0.157224 1.55466 2.07616 2.09603 2.09659
 0.104484 1.03316 1.37973 1.39293 1.39331
 0.143883 1.42274 1.89998 1.91817 1.91869
 0.135036 1.33527 1.78317 1.80023 1.80072
 0.234614 2.31991 3.0981 3.12775 3.1286
 0.371426 3.67274 4.90471 4.95165 4.95299
 0.371426 3.67274 4.90471 4.95165 4.95299
 0.176362 1.7439 2.32887 2.35116 2.3518
 0.165644 1.63792 2.18734 2.20827 2.20887
 0.132857 1.31371 1.75438 1.77117 1.77165
 0.0913222 0.903013 1.20592 1.21746 1.21779
 0.119113 1.17781 1.5729 1.58795 1.58838
 0.0627331 0.620317 0.828395 0.836323 0.83655
 0.0674163 0.666626 0.890238 0.898757 0.899001
 0.0887695 0.877771 1.17221 1.18343 1.18375
 0.0853407 0.843867 1.12693 1.13772 1.13802
 0.0598633 0.591941 0.7905 0.798065 0.798281
 0.0776473 0.767792 1.02534 1.03515 1.03543
 0.144022 1.42411 1.90182 1.92002 1.92054
Np
 12879.9 6186.18 461.325 526.052 49.9504
YTP_r0W_actual
 582.373 61224.4 13245.1 11276.4 1466.85
YTP_p0W_proyectada
 2496.4 5746 13576 1263.88 977.527
 2496.4 27513.2 3805.95 5585.89 588.727
CTP_r0_actual
 71.0211 2834.46 421.817 281.208 32.963
CTP_p0_proyectada
 304.439 266.018 432.356 31.5182 21.9669
 304.439 1273.76 121.209 139.299 13.2298
Wmedp
 8.2 21.6 31.4 40.1 44.5
nmprior
 10.8 10.6 4.6 0
nm_flota  nm_reclas  nm_pelaces    nm_pelaL
inf 17.2332 15.2097 45.1823
cv_recla  cv_pelaces  cv_mph
0.754742 0.383205 0.57388
 ------------------------------------------------
Talla a la edad & desviaci?n 
 7.2 14.2025 17.0495 18.207 18.6776
 1.08 2.13037 2.55742 2.73105 2.80164
