years
 1997 1998 1999 2000 2001 2002 2003 2004 2005 2006 2007 2008 2009 2010 2011 2012 2013 2014 2015 2016 2017 2018 2019 2020 2021 2022 2023
reclasobs
 0 0 0 370054 412103 1.49427e+06 250295 1.28982e+06 931140 785840 897777 1.04006e+06 184774 17550 25797 100020 73551 82996 120727 218422 84188 347160 605670 569463 516374 1.08416e+06 1.01767e+06
reclaspred
 6.6951e+06 1.21572e+06 1.46034e+06 250289 236360 348989 664109 650828 667868 853300 975062 717852 363545 140296 76874.2 79884.5 81758.9 109384 144658 146500 210688 243364 381456 480180 807168 718911 337616
pelacesobs
 0 0 0 0 0 0 0 0 0 2.06254e+06 1.5e+06 0 1.87456e+06 323000 250000 174000 83755 137374 0 501740 490994 745055 786931 1.00524e+06 1.33801e+06 1.41789e+06 0
pelacespred
 1.22457e+07 5.74337e+06 1.22139e+06 491097 704810 589643 2.08135e+06 1.87922e+06 1.71861e+06 2.47835e+06 2.15104e+06 1.58079e+06 911947 291288 165047 165437 172814 250788 315157 285187 562663 581114 670798 1.06394e+06 1.64724e+06 1.40573e+06 481847
mphobs
 0 0 0 0 0 0 112323 0 153150 637223 0 255016 313432 73983 77613 109348 50772 17779 17303 59886 28197 0 207744 136588 643089 65757 70829
mphpred
 1.22243e+06 513746 216878 68557.4 47263.9 154141 179352 337227 298371 321912 442686 296873 171234 101433 44110.9 32257.8 25959.3 33769.7 50636.2 42978 60083.8 91995.2 100083 152652 232205 171171 139905
desembarqueobs
 350755 77701 442110 56441 14545 235359 269955 359681 431902 328805 639364 411747 362871 311530 167758 66681 60226 58785 57116 73181 50977 67692 138656 160484 209506 203330 245020
desembarquepred
 350743 77675.9 441484 56405 14542.1 235154 269865 359051 431331 328469 638119 410976 362083 310953 167227 66596.1 60184.8 58689.8 57027.5 73079.5 50955.5 67608.5 138512 160349 209284 203026 244698
Reclutas
 10150.2 14655.6 1673.01 4506.73 38554.4 12903.7 64819.5 55701.2 62290.6 114090 63876.2 48516.7 57925.1 29013.6 12236.4 9097.36 6902.66 8827.98 7651.64 8513.59 15497.6 16935.1 27664.7 46915.8 13318.8 30761.2 1785.15
log_desv_Rt
 -0.574749 -0.20742 -2.37762 -1.38667 0.759827 -0.334731 1.27936 1.12776 1.23957 1.84474 1.2647 0.989664 1.16691 0.475519 -0.387833 -0.68426 -0.960338 -0.714318 -0.857325 -0.750582 -0.151557 -0.0628557 0.427912 0.95611 -0.30307 0.534011 -2.31274
SSB
 1.46214e+06 614489 259406 82001.2 56532.1 184367 204475 395577 341528 372507 529494 355089 217143 131395 61855.3 45336.4 39689.6 46935.8 63238 59805.7 74310.5 104682 119727 168346 294311 233786 175091
BT
 1.9578e+06 746451 381787 132562 242904 292607 1.03257e+06 924140 953652 1.1118e+06 1.131e+06 795148 673842 389056 196032 103158 100882 125120 117485 129565 202293 176045 250443 412485 451016 460657 264124
Ftot
 0.196201 0.328771 1.42874 1.16952 0.335407 1.77324 1.81407 1.7341 2.12966 1.43963 1.90924 1.84529 3.19047 4.95303 4.95303 2.32127 2.22703 1.79505 1.20969 1.63194 0.881557 0.922899 1.23588 1.18396 0.80131 1.13764 1.98428
BD_Bspro_t
 0.97317 0.810815 0.546114 0.17252 0.222933 0.527185 0.380774 0.480265 0.392362 0.374377 0.421511 0.271079 0.185528 0.132848 0.0758215 0.0689567 0.0840447 0.136603 0.217482 0.250559 0.32363 0.465983 0.455108 0.466603 0.530271 0.397803 0.325733
BD_Bspro
 3.92549 1.64975 0.696443 0.220153 0.151775 0.494982 0.548967 1.06203 0.91692 1.00009 1.42156 0.953327 0.582977 0.352764 0.166066 0.121717 0.106557 0.126011 0.169779 0.160564 0.199506 0.281044 0.321439 0.451969 0.790155 0.627658 0.470077
BD_Bo
 2.68456 1.12823 0.476283 0.150558 0.103796 0.338508 0.375427 0.7263 0.627062 0.683941 0.972177 0.65196 0.398686 0.241248 0.113569 0.0832398 0.0728721 0.0861765 0.116108 0.109806 0.136438 0.1922 0.219826 0.309092 0.54037 0.429242 0.321476
BD_Brms
 4.88103 2.05133 0.865969 0.273742 0.18872 0.615468 0.682594 1.32054 1.14011 1.24353 1.7676 1.18538 0.724884 0.438632 0.20649 0.151345 0.132495 0.156685 0.211106 0.199648 0.248068 0.349455 0.399683 0.561985 0.982492 0.78044 0.584501
S_f
 0.0758352 0.80149 0.994991 0.999898 0.999998
 0.0758352 0.80149 0.994991 0.999898 0.999998
 0.0758352 0.80149 0.994991 0.999898 0.999998
 0.0758352 0.80149 0.994991 0.999898 0.999998
 0.0758352 0.80149 0.994991 0.999898 0.999998
 0.0758352 0.80149 0.994991 0.999898 0.999998
 0.0758352 0.80149 0.994991 0.999898 0.999998
 0.0758352 0.80149 0.994991 0.999898 0.999998
 0.0758352 0.80149 0.994991 0.999898 0.999998
 0.0758352 0.80149 0.994991 0.999898 0.999998
 0.0758352 0.80149 0.994991 0.999898 0.999998
 0.0758352 0.80149 0.994991 0.999898 0.999998
 0.0758352 0.80149 0.994991 0.999898 0.999998
 0.0758352 0.80149 0.994991 0.999898 0.999998
 0.0758352 0.80149 0.994991 0.999898 0.999998
 0.0758352 0.80149 0.994991 0.999898 0.999998
 0.0758352 0.80149 0.994991 0.999898 0.999998
 0.0758352 0.80149 0.994991 0.999898 0.999998
 0.0758352 0.80149 0.994991 0.999898 0.999998
 0.0758352 0.80149 0.994991 0.999898 0.999998
 0.0758352 0.80149 0.994991 0.999898 0.999998
 0.0758352 0.80149 0.994991 0.999898 0.999998
 0.0758352 0.80149 0.994991 0.999898 0.999998
 0.0758352 0.80149 0.994991 0.999898 0.999998
 0.0758352 0.80149 0.994991 0.999898 0.999998
 0.0758352 0.80149 0.994991 0.999898 0.999998
 0.0758352 0.80149 0.994991 0.999898 0.999998
Scru_reclas
 0.0813673 0.308323 0.691677 0.918633 0.982704
 0.0813673 0.308323 0.691677 0.918633 0.982704
 0.0813673 0.308323 0.691677 0.918633 0.982704
 0.0813673 0.308323 0.691677 0.918633 0.982704
 0.0813673 0.308323 0.691677 0.918633 0.982704
 0.0813673 0.308323 0.691677 0.918633 0.982704
 0.0813673 0.308323 0.691677 0.918633 0.982704
 0.0813673 0.308323 0.691677 0.918633 0.982704
 0.0813673 0.308323 0.691677 0.918633 0.982704
 0.0813673 0.308323 0.691677 0.918633 0.982704
 0.0813673 0.308323 0.691677 0.918633 0.982704
 0.0813673 0.308323 0.691677 0.918633 0.982704
 0.0813673 0.308323 0.691677 0.918633 0.982704
 0.0813673 0.308323 0.691677 0.918633 0.982704
 0.0813673 0.308323 0.691677 0.918633 0.982704
 0.0813673 0.308323 0.691677 0.918633 0.982704
 0.0813673 0.308323 0.691677 0.918633 0.982704
 0.0813673 0.308323 0.691677 0.918633 0.982704
 0.0813673 0.308323 0.691677 0.918633 0.982704
 0.0813673 0.308323 0.691677 0.918633 0.982704
 0.0813673 0.308323 0.691677 0.918633 0.982704
 0.0813673 0.308323 0.691677 0.918633 0.982704
 0.0813673 0.308323 0.691677 0.918633 0.982704
 0.0813673 0.308323 0.691677 0.918633 0.982704
 0.0813673 0.308323 0.691677 0.918633 0.982704
 0.0813673 0.308323 0.691677 0.918633 0.982704
 0.0813673 0.308323 0.691677 0.918633 0.982704
Scru_pelaces
 0.188367 0.538743 0.85461 0.967301 0.993328
 0.188367 0.538743 0.85461 0.967301 0.993328
 0.188367 0.538743 0.85461 0.967301 0.993328
 0.188367 0.538743 0.85461 0.967301 0.993328
 0.188367 0.538743 0.85461 0.967301 0.993328
 0.188367 0.538743 0.85461 0.967301 0.993328
 0.188367 0.538743 0.85461 0.967301 0.993328
 0.188367 0.538743 0.85461 0.967301 0.993328
 0.188367 0.538743 0.85461 0.967301 0.993328
 0.188367 0.538743 0.85461 0.967301 0.993328
 0.188367 0.538743 0.85461 0.967301 0.993328
 0.188367 0.538743 0.85461 0.967301 0.993328
 0.188367 0.538743 0.85461 0.967301 0.993328
 0.188367 0.538743 0.85461 0.967301 0.993328
 0.188367 0.538743 0.85461 0.967301 0.993328
 0.188367 0.538743 0.85461 0.967301 0.993328
 0.188367 0.538743 0.85461 0.967301 0.993328
 0.188367 0.538743 0.85461 0.967301 0.993328
 0.188367 0.538743 0.85461 0.967301 0.993328
 0.188367 0.538743 0.85461 0.967301 0.993328
 0.188367 0.538743 0.85461 0.967301 0.993328
 0.188367 0.538743 0.85461 0.967301 0.993328
 0.188367 0.538743 0.85461 0.967301 0.993328
 0.188367 0.538743 0.85461 0.967301 0.993328
 0.188367 0.538743 0.85461 0.967301 0.993328
 0.188367 0.538743 0.85461 0.967301 0.993328
 0.188367 0.538743 0.85461 0.967301 0.993328
pf_obs 
 0.256992 0.487395 0.22802 0.0275931 0
 0.321318 0.546541 0.124235 0.00734118 0.000564706
 0.182869 0.594174 0.210203 0.0122559 0.00049798
 0.330522 0.361315 0.267642 0.0388342 0.00168674
 0.649043 0.306663 0.0425973 0.00169635 0
 0.582887 0.30429 0.105238 0.00758474 0
 0.465427 0.430635 0.0974691 0.00646863 0
 0.296916 0.608066 0.0921331 0.00288517 0
 0.311714 0.524322 0.152257 0.0117073 0
 0.15457 0.633149 0.183074 0.0267441 0.00246327
 0.131901 0.49318 0.331252 0.0422183 0.00144891
 0.196976 0.569456 0.194076 0.0375587 0.00193317
 0.518974 0.381816 0.0799577 0.0180837 0.00116848
 0.0928022 0.601141 0.25162 0.0475244 0.00691264
 0.122501 0.610282 0.24278 0.0234846 0.000952079
 0.383417 0.481906 0.127806 0.00687128 0
 0.0376549 0.599619 0.316969 0.0457579 0
 0.0361596 0.667082 0.258105 0.0386534 0
 0.158088 0.579412 0.248529 0.0139706 0
 0.0477256 0.309471 0.559284 0.082774 0.000745712
 0.0406174 0.521527 0.379366 0.0568643 0.0016247
 0.151134 0.462217 0.34131 0.0453401 0
 0.294876 0.26143 0.354403 0.0886775 0.000613685
 0.281977 0.475581 0.204845 0.0348837 0.00271318
 0.0841818 0.532909 0.334909 0.0458182 0.00218182
 0.115287 0.27431 0.454777 0.147771 0.00785563
 0 0 0 0 0
pf_pred 
 0.0159922 0.639812 0.304017 0.0401766 2.28071e-06
 0.0422229 0.13645 0.576139 0.216702 0.0284855
 0.0122161 0.364492 0.109804 0.360824 0.152665
 0.146399 0.182026 0.313309 0.0636144 0.294651
 0.602397 0.304575 0.026052 0.0313911 0.0355848
 0.0918423 0.859023 0.0397395 0.00264239 0.00675323
 0.553222 0.306187 0.135635 0.00401654 0.00093923
 0.227467 0.74763 0.0192742 0.00543219 0.000196297
 0.270843 0.628537 0.0985127 0.00163486 0.000472328
 0.359196 0.581109 0.0544161 0.00516963 0.000109223
 0.15482 0.771264 0.069144 0.00435349 0.0004183
 0.183938 0.661532 0.145778 0.00819415 0.00055908
 0.327143 0.569807 0.0897902 0.0125164 0.000743199
 0.252285 0.71869 0.0265883 0.00212764 0.000308939
 0.248353 0.735111 0.0162919 0.000223261 1.99538e-05
 0.271218 0.711432 0.0172069 0.000141404 2.05882e-06
 0.222016 0.71097 0.0660671 0.000938801 7.72552e-06
 0.295911 0.62429 0.075551 0.00418884 5.92559e-05
 0.194996 0.725191 0.0737947 0.00570175 0.000317113
 0.22704 0.618326 0.143656 0.0101573 0.000821246
 0.304094 0.595466 0.0863203 0.0131267 0.000992901
 0.200833 0.685614 0.10116 0.0106617 0.0017308
 0.272094 0.569718 0.141289 0.0150676 0.00183161
 0.302022 0.602983 0.0796832 0.0136881 0.0016228
 0.0616125 0.818443 0.108075 0.00996996 0.00189923
 0.233974 0.358839 0.367643 0.0356564 0.00388734
 0.0172982 0.836169 0.0816144 0.0586621 0.00625633
pobs_RECLAS
 0 0 0 0 0
 0 0 0 0 0
 0 0 0 0 0
 0 0 0 0 0
 0.835266 0.146461 0.0176864 0.000547809 3.91292e-05
 0.385257 0.428462 0.181853 0.0044286 0
 0.867414 0.0963971 0.0333333 0.00285562 0
 0.441836 0.489002 0.0689373 0.000224442 0
 0.779404 0.147425 0.0564933 0.0165055 0.000172143
 0.814271 0.122319 0.05973 0.00367925 0
 0.40263 0.566651 0.0304383 0.000280538 0
 0.475488 0.404961 0.113038 0.00651328 0
 0.955842 0.0263864 0.0167828 0.000988607 0
 0.975058 0.0227948 0.00214734 0 0
 0.738997 0.206755 0.0527124 0.00153531 0
 0.850938 0.134255 0.0134407 0.00136685 0
 0.542534 0.407297 0.0501686 0 0
 0.764087 0.199537 0.0359546 0.000420521 0
 0.470689 0.182191 0.310203 0.0369168 0
 0.84361 0.089868 0.0606195 0.00523954 0.000663233
 0.607945 0.314616 0.071237 0.00620181 0
 0.523733 0.453247 0.0230204 0 0
 0.530135 0.295979 0.169645 0.0042399 0
 0.562478 0.366248 0.0663022 0.0049721 0
 0.250443 0.683176 0.0655157 0.000865301 0
 0.195077 0.31981 0.436473 0.0351445 0.0134964
 0.565238 0.351407 0.0832357 0.000118908 0
ppred_RECLAS
 0.0338892 0.481642 0.412436 0.0720283 4.37359e-06
 0.0637197 0.0726152 0.55119 0.273956 0.0385193
 0.0212643 0.203586 0.10617 0.460554 0.208426
 0.216488 0.0887731 0.267575 0.0717403 0.355424
 0.767955 0.136869 0.0210433 0.0335059 0.040627
 0.239161 0.688871 0.0542109 0.00475615 0.0130015
 0.767304 0.130099 0.0978191 0.00382185 0.000955906
 0.480967 0.489228 0.0215004 0.00799585 0.000309048
 0.536397 0.365416 0.095453 0.00208897 0.000645525
 0.61986 0.32139 0.0520721 0.00653026 0.000147575
 0.362801 0.546847 0.0827703 0.00687485 0.000706536
 0.393748 0.432082 0.161333 0.0119642 0.000873122
 0.642553 0.276678 0.0675827 0.0123993 0.000787452
 0.659564 0.322498 0.0159985 0.0016786 0.000260668
 0.656408 0.333486 0.00991063 0.000178074 1.70208e-05
 0.562116 0.420933 0.0167669 0.000181646 2.82879e-06
 0.482532 0.447304 0.0688625 0.00129019 1.1356e-05
 0.558344 0.361749 0.0743837 0.0054414 8.23327e-05
 0.40611 0.496097 0.0882534 0.00900389 0.000535631
 0.448876 0.383112 0.152547 0.0142345 0.00123101
 0.5346 0.354624 0.0910155 0.018282 0.00147913
 0.399681 0.460556 0.120136 0.0167239 0.00290395
 0.492553 0.337853 0.146313 0.0206025 0.00267879
 0.541002 0.355706 0.082265 0.0186604 0.00236631
 0.148184 0.671349 0.157381 0.0191785 0.00390781
 0.392263 0.199037 0.357565 0.0457948 0.00534025
 0.0491059 0.711008 0.116663 0.110606 0.0126172
pobs_PELACES
 0 0 0 0 0
 0 0 0 0 0
 0 0 0 0 0
 0 0 0 0 0
 0 0 0 0 0
 0 0 0 0 0
 0 0 0 0 0
 0 0 0 0 0
 0 0 0 0 0
 0 0 0 0 0
 0.450072 0.473896 0.0757376 0.000293798 0
 0 0 0 0 0
 0.463077 0.371075 0.160297 0.00555027 0
 0.529543 0.364841 0.0842815 0.0213345 0
 0.631943 0.363953 0.00410389 0 0
 0.735681 0.248677 0.0153453 0.000297389 0
 0.695825 0.281241 0.0229344 0 0
 0.275771 0.60734 0.115278 0.00161068 0
 0 0 0 0 0
 0.896147 0.0623911 0.0374545 0.00400742 0
 0.803859 0.145111 0.0509908 3.86294e-05 0
 0.739449 0.233085 0.0266225 0.000797448 4.60066e-05
 0.878498 0.100942 0.0204185 0.000141795 0
 0.694673 0.275183 0.0284847 0.00165964 0
 0.469039 0.446079 0.0841089 0.000773354 0
 0.822795 0.102175 0.0682046 0.00682512 0
 0 0 0 0 0
ppred_PELACES
 0.0547478 0.560333 0.335063 0.0498529 2.90585e-06
 0.125291 0.0996105 0.52354 0.221643 0.0299155
 0.0588223 0.301907 0.101624 0.374821 0.162826
 0.434051 0.101527 0.200818 0.0457986 0.217805
 0.850255 0.10555 0.0112319 0.0152328 0.0177305
 0.398154 0.566116 0.0281299 0.00209723 0.0055031
 0.889881 0.0737565 0.0349245 0.00115947 0.000278372
 0.655496 0.332233 0.00924221 0.00292099 0.000108372
 0.735426 0.22708 0.036611 0.000680475 0.000201842
 0.763733 0.21173 0.0221268 0.00235932 5.118e-05
 0.557495 0.401514 0.0380409 0.00268443 0.000264817
 0.600311 0.319623 0.0750083 0.00472637 0.000331088
 0.850172 0.128703 0.0181326 0.00282055 0.000171935
 0.896145 0.101009 0.00258252 0.000229079 3.41431e-05
 0.893704 0.104667 0.00160311 2.4352e-05 2.23406e-06
 0.750674 0.243361 0.00591024 5.43628e-05 8.12629e-07
 0.689721 0.283115 0.0267345 0.000425337 3.59354e-06
 0.734209 0.233595 0.0302861 0.00188265 2.73435e-05
 0.562469 0.388184 0.0452006 0.00392235 0.000223983
 0.642726 0.280109 0.0710617 0.00563614 0.000467872
 0.672155 0.272489 0.0467453 0.00799062 0.000620584
 0.544871 0.37993 0.0660678 0.00782636 0.00130452
 0.6628 0.255239 0.0722301 0.0086505 0.00107967
 0.69315 0.259066 0.0392817 0.00757911 0.000922576
 0.231367 0.65303 0.10285 0.0106674 0.00208648
 0.595977 0.173818 0.205331 0.0223703 0.00250409
 0.109765 0.745869 0.07624 0.0614028 0.00672344
pobs_pel_tallas
 0 0 0 0 0 0 0 0 0 0 0 0 0 0 0 0 0 0 0 0 0 0 0 0 0 0 0 0 0 0 0 0 0 0 0 0
 0 0 0 0 0 0 0 0 0 0 0 0 0 0 0 0 0 0 0 0 0 0 0 0 0 0 0 0 0 0 0 0 0 0 0 0
 0 0 0 0 0 0 0 0 0 0 0 0 0 0 0 0 0 0 0 0 0 0 0 0 0 0 0 0 0 0 0 0 0 0 0 0
 0 0 0 0 0 0 0 0 0 0 0 0 0 0 0 0 0 0 0 0 0 0 0 0 0 0 0 0 0 0 0 0 0 0 0 0
 0 0 0 0 0 0 0 0 0 0 0 0 0 0 0 0 0 0 0 0 0 0 0 0 0 0 0 0 0 0 0 0 0 0 0 0
 0 0 0 0 0 0 0 0 0 0 0 0 0 0 0 0 0 0 0 0 0 0 0 0 0 0 0 0 0 0 0 0 0 0 0 0
 0 0 0 0 0 0 0 0 0 0 0 0 0 0 0 0 0 0 0 0 0 0 0 0 0 0 0 0 0 0 0 0 0 0 0 0
 0 0 0 0 0 0 0 0 0 0 0 0 0 0 0 0 0 0 0 0 0 0 0 0 0 0 0 0 0 0 0 0 0 0 0 0
 0 0 0 0 0 0 0 0 0 0 0 0 0 0 0 0 0 0 0 0 0 0 0 0 0 0 0 0 0 0 0 0 0 0 0 0
 0 0 0 0 0 0 0 0 0 0 0 0 0 0 0 0 0 0 0 0 0 0 0 0 0 0 0 0 0 0 0 0 0 0 0 0
 0 0 0 0 0 0 0 0 1.78061e-05 0.00172719 0.00360574 0.0105946 0.0120993 0.0124554 0.0147524 0.0171206 0.0266825 0.0428682 0.0675386 0.121331 0.153587 0.119568 0.100827 0.0573624 0.0630603 0.0341343 0.0324427 0.0444173 0.0211091 0.0280891 0.0125444 0.00206551 0 0 0 0
 0 0 0 0 0 0 0 0 0 0 0 0 0 0 0 0 0 0 0 0 0 0 0 0 0 0 0 0 0 0 0 0 0 0 0 0
 0 0 0 0 0 0 0.0133647 0.0140871 0.0187388 0.0205184 0.03894 0.0496705 0.03968 0.0493445 0.0407372 0.0367815 0.0215668 0.0243155 0.0234873 0.0199281 0.019796 0.0243948 0.0301388 0.0376714 0.0412746 0.0863199 0.0771752 0.113111 0.0741005 0.0525337 0.0229764 0.00759418 0.00175318 0 0 0
 0 0 0 0 0 0 0 0 0 0 0.00219441 0.00772107 0.0458388 0.0604681 0.0671733 0.0775358 0.0609151 0.0617685 0.073594 0.0568108 0.0755445 0.0548602 0.0670107 0.0636378 0.0643287 0.046367 0.0373049 0.0286899 0.0247887 0.0153202 0.00654259 0.00121912 0.000365735 0 0 0
 0 0 0 0 0 0 0 0 0 0 0 0 0.000112435 0.00938835 0.0111873 0.0202946 0.0414886 0.0713402 0.111592 0.104902 0.108894 0.110636 0.117776 0.105296 0.107544 0.0401394 0.0192827 0.0124803 0.00416011 0.0028671 0.000618394 0 0 0 0 0
 0 0 0 0 0 0 0 0 0 0 0.00291406 0.0102884 0.027416 0.0768956 0.0749926 0.110853 0.0956884 0.0897413 0.0766577 0.0534642 0.0500743 0.0551293 0.0594112 0.0620874 0.0668451 0.0424026 0.0208742 0.0120726 0.0048766 0.00582813 0.00118941 0.000297354 0 0 0 0
 0 0.00264628 0.0354308 0.0461629 0.0458689 0.0383711 0.0214643 0.0164657 0.0346957 0.0420465 0.0363128 0.0245516 0.0311673 0.0291091 0.0169068 0.0133784 0.00837989 0.0085269 0.0148486 0.0160247 0.0276389 0.0546898 0.0760071 0.122758 0.109233 0.0665981 0.0333725 0.0166128 0.00676272 0.00308733 0.000882094 0 0 0 0 0
 0 0 0 0 0 0 0 0.000805153 0.000690131 0.00759144 0.0133425 0.0154129 0.00931677 0.000345066 0.00356568 0.00563607 0.00851162 0.0253048 0.0502646 0.0516448 0.0657925 0.0565908 0.0611916 0.0827007 0.0866115 0.110766 0.145733 0.0935128 0.0569358 0.0249597 0.0138026 0.00621118 0.00161031 0.00115022 0 0
 0 0 0 0 0 0 0 0 0 0 0 0 0 0 0 0 0 0 0 0 0 0 0 0 0 0 0 0 0 0 0 0 0 0 0 0
 0.00147267 0.00158595 0.00478618 0.00569244 0.00954404 0.0108468 0.00647125 0.017049 0.0510054 0.094081 0.124002 0.0959785 0.0687766 0.0820023 0.061753 0.0591476 0.0492212 0.0479892 0.0443925 0.0268479 0.0217502 0.0140895 0.0121071 0.0120363 0.00920419 0.00665534 0.0049561 0.00860946 0.00930331 0.0156896 0.0114698 0.00855282 0.00243557 0.00046729 0 2.83206e-05
 0 0 0 0 0.000772559 0.00158375 0.000888443 0.00281984 0.00712685 0.0440552 0.0773331 0.111326 0.0921469 0.0852325 0.0710754 0.0886704 0.0786465 0.0553345 0.0373146 0.0185414 0.00753245 0.00457741 0.012979 0.0271748 0.0457355 0.0583668 0.034881 0.0177882 0.00938659 0.00492506 0.0015258 0.00185414 0.000309023 5.79419e-05 3.86279e-05 0
 0 0.00173294 0.00326652 0 0.00397197 0.00683976 0.00946217 0.0152591 0.00757587 0.0136028 0.0228656 0.0392903 0.0559909 0.0764795 0.0681675 0.0726916 0.0566044 0.0477403 0.0527397 0.0444891 0.0609904 0.0582453 0.0661739 0.0445044 0.0529084 0.0360697 0.0280645 0.0235558 0.0158879 0.00826598 0.00280645 0.00217768 0.000904811 0.00058276 9.20147e-05 0
 0 0 0 0 0 0 0 0 0 0 0 0 0 0 0 0 0 0 0 0 0 0 0 0 0 0 0 0 0 0 0 0 0 0 0 0
 0 0 0 0 0 0 0 0 0 0 0 0 0 0 0 0 0 0 0 0 0 0 0 0 0 0 0 0 0 0 0 0 0 0 0 0
 0 0 0 0 0 0 0 0 0 0 0 0 0 0 0 0 0 0 0 0 0 0 0 0 0 0 0 0 0 0 0 0 0 0 0 0
 0 0 0 0 0 0 0 0 0 0 0 0 0 0 0 0 0 0 0 0 0 0 0 0 0 0 0 0 0 0 0 0 0 0 0 0
 0 0 0 0 0 0 0 0 0 0 0 0 0 0 0 0 0 0 0 0 0 0 0 0 0 0 0 0 0 0 0 0 0 0 0 0
ppred_pel_tallas
 1.06652e-16 2.42341e-06 1.41354e-05 6.70106e-05 0.000257688 0.000803295 0.00202967 0.00415757 0.00690915 0.00933185 0.0102949 0.00941395 0.00746642 0.00582835 0.00558507 0.00717463 0.0106173 0.0158266 0.0226878 0.0309615 0.0401783 0.0496205 0.0584052 0.0656423 0.0706162 0.0729294 0.0725657 0.0698481 0.0653226 0.0596077 0.0532662 0.0467309 0.0402929 0.0341308 0.0283576 0.0230564
 1.16478e-16 5.48098e-06 3.21279e-05 0.000152642 0.000587547 0.00183206 0.00462769 0.00946994 0.0157018 0.0211005 0.0229971 0.0203701 0.0147688 0.00900344 0.005106 0.00354948 0.00386234 0.00548783 0.00814823 0.0117935 0.0164456 0.022091 0.0286304 0.0358614 0.0434798 0.0510921 0.0582399 0.0644337 0.0691996 0.0721338 0.0729589 0.071571 0.068066 0.0627324 0.0560154 0.0484523
 1.22029e-16 2.58923e-06 1.51362e-05 7.18284e-05 0.000276341 0.000861541 0.00217647 0.00445589 0.00739598 0.00996249 0.0109201 0.00982013 0.00744026 0.00517411 0.00407552 0.00448522 0.00630167 0.00935487 0.0135406 0.0187631 0.0248467 0.0315005 0.0383445 0.0449763 0.0510473 0.0563185 0.0606751 0.0640954 0.0665917 0.068151 0.0687029 0.0681294 0.0663089 0.0631758 0.0587722 0.0532698
 1.14635e-16 1.89434e-05 0.000111167 0.000528406 0.00203434 0.00634385 0.016024 0.0327875 0.05435 0.0729938 0.0794404 0.0700929 0.0502209 0.0294051 0.0144583 0.00670969 0.00413665 0.00436431 0.00597302 0.00838737 0.0114176 0.0149668 0.0189232 0.0231423 0.0274568 0.03169 0.0356637 0.0391995 0.0421187 0.0442464 0.0454251 0.0455366 0.0445273 0.0424276 0.0393579 0.0355196
 1.01546e-16 3.7092e-05 0.000217714 0.00103495 0.00398465 0.0124258 0.0313865 0.0642201 0.106449 0.14295 0.155535 0.13714 0.0980519 0.0569871 0.0272139 0.0112319 0.00494946 0.00356626 0.00414973 0.00543747 0.00696162 0.00849605 0.00986151 0.0108996 0.0114961 0.0116057 0.0112602 0.0105559 0.00962548 0.00860338 0.00759755 0.00667405 0.00585676 0.00513828 0.00449553 0.00390406
 1.00913e-16 1.7397e-05 0.000102045 0.000484945 0.00186685 0.0058214 0.0147049 0.030092 0.0498949 0.06705 0.073076 0.0647251 0.0469143 0.0285529 0.0160479 0.0107954 0.0110979 0.0148548 0.0206886 0.0277801 0.0354238 0.0428003 0.0489939 0.0531481 0.0546587 0.0533215 0.0493835 0.0434727 0.0364393 0.0291572 0.0223527 0.0165025 0.0118148 0.00827539 0.00572884 0.00395951
 1.00573e-16 3.88187e-05 0.000227854 0.00108316 0.00417028 0.0130047 0.0328487 0.0672118 0.111407 0.149604 0.162767 0.143496 0.102553 0.0595144 0.028255 0.0113754 0.00457864 0.00283119 0.00306485 0.00397453 0.00510376 0.00626313 0.00731822 0.00815027 0.00866839 0.00882681 0.00863262 0.0081395 0.00743095 0.00659887 0.00572505 0.00487016 0.00407159 0.00334762 0.00270436 0.00214203
 1.00345e-16 2.86088e-05 0.00016789 0.000798026 0.00307237 0.00958084 0.0242006 0.0495191 0.0820887 0.110259 0.120025 0.10597 0.0760725 0.0448313 0.0225681 0.0113174 0.00802801 0.00906663 0.0121654 0.0162345 0.0206708 0.0249478 0.0285196 0.0308831 0.031686 0.0308129 0.0284145 0.0248661 0.0206737 0.0163561 0.0123435 0.00891733 0.00619845 0.00417504 0.00275038 0.00179161
 1.00627e-16 3.209e-05 0.000188337 0.000895254 0.00344676 0.0107484 0.0271496 0.0555522 0.0920855 0.123673 0.134594 0.118753 0.0850744 0.0497857 0.0244145 0.0111832 0.00661088 0.00658553 0.00857049 0.0114144 0.0145841 0.0176943 0.0203669 0.0222523 0.0230985 0.0228081 0.0214605 0.0192862 0.0166057 0.0137536 0.0110129 0.00857549 0.0065346 0.00490167 0.00363567 0.00267233
 1.00467e-16 3.33236e-05 0.000195581 0.000929697 0.00357938 0.0111619 0.0281942 0.0576894 0.0956275 0.128428 0.139762 0.123298 0.0882989 0.0516082 0.025188 0.0113337 0.00641873 0.00616299 0.0079293 0.0105292 0.0134287 0.0162587 0.0186651 0.020324 0.0210045 0.0206231 0.0192628 0.0171481 0.014587 0.0118985 0.00935017 0.0071202 0.00529088 0.00386502 0.00279467 0.00200993
 1.00776e-16 2.43384e-05 0.000142812 0.00067879 0.00261326 0.00814909 0.0205843 0.0421203 0.0698272 0.0938004 0.102138 0.0902463 0.0649355 0.0385708 0.0199771 0.0109397 0.0089174 0.010859 0.0148407 0.0198895 0.0253867 0.0307245 0.0352484 0.0383466 0.0395836 0.0388035 0.0361673 0.0321054 0.0272063 0.0220793 0.0172342 0.0130103 0.00956302 0.00689538 0.00491276 0.00347829
 1.01347e-16 2.62021e-05 0.000153761 0.00073086 0.00281376 0.00877439 0.0221636 0.0453511 0.0751801 0.100981 0.109932 0.0970716 0.0697142 0.0411439 0.0208243 0.0106322 0.00778948 0.00898581 0.0121593 0.0163217 0.0209216 0.0254665 0.0294341 0.0323306 0.0337919 0.0336664 0.0320458 0.0292312 0.0256508 0.0217565 0.0179341 0.0144503 0.0114424 0.00894112 0.00690905 0.00527855
 1.00405e-16 3.70894e-05 0.000217697 0.00103486 0.00398429 0.0124247 0.0313837 0.0642147 0.106441 0.142941 0.15553 0.137148 0.0980851 0.0570615 0.0273524 0.0114665 0.00532073 0.00411983 0.00492835 0.0064699 0.00825005 0.0100052 0.011513 0.012575 0.013049 0.012881 0.0121172 0.0108891 0.00937878 0.00777576 0.00623947 0.00487712 0.0037396 0.00283136 0.00212741 0.00159016
 1.0008e-16 3.90929e-05 0.000229462 0.00109079 0.00419968 0.0130964 0.0330802 0.0676857 0.112193 0.150662 0.163923 0.144528 0.103318 0.060014 0.0285954 0.0116895 0.00497546 0.00338552 0.00382192 0.00495023 0.00627779 0.00757145 0.00865166 0.0093635 0.00959976 0.00932555 0.00858714 0.00749923 0.00621628 0.00489673 0.00367201 0.0026281 0.00180195 0.00118992 0.000762289 0.000478142
 1.00058e-16 3.89865e-05 0.000228837 0.00108782 0.00418824 0.0130607 0.0329902 0.0675014 0.111888 0.150253 0.163479 0.144138 0.103044 0.0598641 0.0285416 0.0116979 0.00502548 0.00347129 0.00394566 0.00511577 0.00648629 0.00781907 0.00892863 0.00965467 0.00988655 0.00958879 0.00881027 0.00767095 0.00633197 0.00495845 0.00368719 0.00260749 0.00175742 0.00113255 0.000701124 0.000419705
 1.00166e-16 3.27554e-05 0.000192242 0.000913818 0.00351823 0.0109713 0.0277126 0.0567042 0.0939954 0.126239 0.137388 0.121222 0.0868527 0.0508446 0.0249669 0.0114895 0.00685979 0.00687765 0.00894642 0.0118779 0.0151095 0.0182269 0.0208244 0.0225326 0.0230938 0.0224244 0.0206361 0.018006 0.0149069 0.0117211 0.008766 0.00624903 0.00425944 0.00278833 0.00176375 0.0010866
 1.00487e-16 3.00993e-05 0.000176644 0.000839657 0.00323267 0.0100808 0.0254633 0.0521023 0.0863689 0.116002 0.126262 0.11144 0.0799203 0.0469403 0.0233369 0.0112238 0.00736486 0.00792148 0.0105118 0.0140226 0.0178856 0.0216409 0.0248209 0.0269933 0.0278508 0.0272839 0.0254069 0.022524 0.0190517 0.0154208 0.0119922 0.00900627 0.0065733 0.00469561 0.00330617 0.00230766
 1.00573e-16 3.20371e-05 0.000188026 0.000893776 0.00344106 0.0107306 0.0271048 0.0554604 0.0919336 0.12347 0.134374 0.118562 0.0849454 0.0497254 0.0244131 0.0112294 0.00670144 0.00672483 0.00876574 0.0116703 0.0148985 0.0180554 0.0207524 0.0226313 0.0234355 0.0230691 0.0216195 0.0193294 0.0165342 0.0135825 0.0107675 0.00828622 0.00623173 0.00461098 0.00337585 0.00245413
 1.00914e-16 2.45548e-05 0.000144084 0.000684838 0.00263655 0.00822172 0.0207677 0.0424955 0.0704487 0.094634 0.103042 0.0910359 0.0654841 0.0388575 0.0200542 0.0108685 0.00873075 0.0105593 0.014415 0.0193258 0.0246852 0.029905 0.034352 0.037434 0.0387263 0.038073 0.0356226 0.0317829 0.0271148 0.0222004 0.0175281 0.0134249 0.0100433 0.00739148 0.00538517 0.00390027
 1.01316e-16 2.805e-05 0.000164613 0.000782461 0.00301245 0.009394 0.0237287 0.048553 0.0804861 0.108103 0.117669 0.103869 0.0745181 0.0438234 0.0218928 0.010708 0.00726726 0.00800753 0.0107202 0.014373 0.0184324 0.022456 0.0259841 0.028583 0.0299317 0.0298937 0.0285445 0.0261424 0.0230569 0.0196789 0.0163432 0.013282 0.0106169 0.00837783 0.00653671 0.0050398
 1.01056e-16 2.93329e-05 0.000172146 0.000818273 0.00315034 0.00982401 0.0248148 0.0507753 0.0841692 0.113047 0.123046 0.108601 0.0778843 0.0457441 0.0227423 0.0109399 0.00718534 0.00774176 0.010294 0.0137652 0.0176113 0.0213939 0.0246649 0.027006 0.0281133 0.0278672 0.026358 0.0238553 0.0207359 0.0173935 0.0141605 0.011262 0.00880745 0.00681133 0.00522806 0.00398651
 1.01392e-16 2.37871e-05 0.000139577 0.000663416 0.00255407 0.00796452 0.020118 0.0411662 0.0682452 0.0916746 0.0998211 0.0881944 0.0634488 0.0376674 0.019473 0.0106081 0.00858878 0.0104356 0.0142759 0.0191726 0.0245405 0.0298092 0.0343608 0.0376126 0.039141 0.0387791 0.0366534 0.0331406 0.0287675 0.0240847 0.0195576 0.0155019 0.0120717 0.00928787 0.00708705 0.00536937
 1.01457e-16 2.89243e-05 0.000169749 0.00080688 0.00310648 0.00968724 0.0244693 0.0500683 0.0829969 0.111472 0.121329 0.10708 0.076781 0.0450716 0.0223633 0.0106852 0.00692816 0.00740844 0.0098494 0.0132019 0.0169482 0.0206792 0.0239756 0.0264412 0.0277807 0.0278646 0.0267541 0.0246757 0.0219567 0.0189449 0.0159389 0.0131475 0.0106819 0.00857332 0.00680316 0.00533091
 1.00946e-16 3.02478e-05 0.000177519 0.000843818 0.00324871 0.0101308 0.0255896 0.0523605 0.0867962 0.116574 0.126879 0.111971 0.0802727 0.0470898 0.0233053 0.0110338 0.00701513 0.00738774 0.0097624 0.0130363 0.016667 0.0202314 0.0233022 0.0254824 0.0264852 0.0262 0.0247165 0.0222956 0.0192999 0.0161068 0.0130343 0.0102962 0.00799493 0.00614059 0.00468555 0.00355762
 1.02137e-16 1.0128e-05 5.93611e-05 0.000282003 0.00108544 0.00338457 0.00854984 0.0174989 0.0290245 0.0390339 0.0426212 0.0379387 0.0279076 0.0178001 0.0114661 0.00986654 0.0121638 0.0172445 0.0243241 0.0328035 0.0419866 0.0509644 0.0586875 0.0641579 0.0666515 0.0658888 0.0620965 0.0559336 0.0483166 0.0402018 0.0323956 0.0254431 0.0196068 0.0149164 0.0112532 0.00843484
 1.03858e-16 2.60076e-05 0.000152631 0.000725517 0.00279324 0.00871041 0.0220019 0.0450191 0.0746259 0.100226 0.109079 0.0962481 0.068969 0.0403967 0.0198826 0.0092427 0.00567954 0.0058937 0.00787304 0.0107364 0.0141063 0.0177175 0.0212898 0.024531 0.0271804 0.0290517 0.0300561 0.0301986 0.0295548 0.0282392 0.0263784 0.0240964 0.0215126 0.0187455 0.0159159 0.0131444
 1.0375e-16 4.82922e-06 2.82444e-05 0.000134052 0.000515757 0.00160803 0.00406258 0.00831832 0.0138103 0.0186126 0.0204277 0.0184312 0.0140937 0.010041 0.00826619 0.00942038 0.0132976 0.0195035 0.0276747 0.0373496 0.0478041 0.0580209 0.0668134 0.0730547 0.0759331 0.0751451 0.0709629 0.064146 0.0557387 0.0468184 0.0382805 0.0307134 0.0243794 0.0192774 0.0152464 0.0120652
pSPR Fmed_Fpbrs
0.505154   0.6 0.325
Fs Fmed_Fpbrs
0.64   0.427409 1.48134
SSBpbr Bo_Bmed_Bpbrs
544648  247899  299556 149778
Ro
18033.7
SPR SPRFo_SPRFmed_SPRFpbrs
372473 188156 121054
log_Ro
9.62
likeval ReclasPelacesDesembMPH_pf_preclas_ppelaces_ptallas_desvR_qrecl_qpela
 74.202 12.3719 0.262485 0.000454338 394.355 223.409 58.7579 0 42.8514 0.000192728 0.000462248 9.14104e-15 0 0 0
q_reclas_q_pelaces
7.15085 21.3019
M
0.7
N
 10150.2 40878.8 15903 2092.16 0.118755
 14655.6 4966.01 17346 6496.65 853.912
 1673.01 7098.56 1894.79 6210.46 2627.51
 4506.73 745.483 1121.62 227.076 1051.72
 38554.4 2048.04 144.992 173.968 197.192
 12903.7 18664.7 777.288 51.5706 131.795
 64819.5 5601.53 2237.6 66.1189 15.4606
 55701.2 28051.3 649.913 182.761 6.60391
 62290.6 24251.9 3470.05 57.479 16.6056
 114090 26319.4 2184.96 207.044 4.37419
 63876.2 50795.6 4122.49 259.027 24.8872
 48516.7 27444.3 5460.68 306.292 20.8971
 57925.1 20946.5 3105.52 432.371 25.6727
 29013.6 22583.1 806.413 64.4857 9.36333
 12236.4 9896.19 211.696 2.89901 0.259094
 9097.36 4173.68 92.7678 0.761037 0.0110802
 6902.66 3788.43 322.491 4.57429 0.0376411
 8827.98 2895.1 315.691 17.465 0.247052
 7651.64 3825.92 341.061 26.2773 1.46138
 8513.59 3466.63 720.541 50.8273 4.10933
 15497.6 3735.59 465.426 70.5438 5.33556
 16935.1 7198.23 915.161 96.1405 15.6062
 27664.7 7841.27 1705.98 181.422 22.0523
 46915.8 12508.8 1446.07 247.696 29.364
 13318.8 21297.1 2404.89 221.092 42.1142
 30761.2 6223.96 5564.06 538.056 58.6565
 1785.15 14013 1241.85 890.818 95.0021
pred_Ctot
 107.9 4316.84 2051.21 271.073 0.0153881
 259.908 839.937 3546.49 1333.94 175.346
 124.323 3709.42 1117.47 3672.09 1553.66
 276.487 343.77 591.708 120.141 556.472
 697.384 352.601 30.16 36.341 41.1959
 1176.73 11006.2 509.162 33.8556 86.5258
 6039.14 3342.43 1480.63 43.8457 10.2529
 4973.83 16347.8 421.452 118.781 4.29226
 6743.39 15649.2 2452.75 40.7045 11.7599
 8539.69 13815.6 1293.71 122.905 2.59673
 6244.03 31105.7 2788.63 175.58 16.8704
 4593.34 16519.9 3640.39 204.626 13.9615
 9077.99 15811.7 2491.61 347.321 20.6232
 6675.96 19017.9 703.578 56.3017 8.17513
 2815.56 8333.9 184.7 2.53109 0.226215
 1066.8 2798.32 67.681 0.556193 0.00809812
 778.957 2494.48 231.8 3.29383 0.0271054
 814.373 1718.1 207.923 11.528 0.163078
 484.908 1803.37 183.509 14.1789 0.788583
 717.83 1954.96 454.195 32.1144 2.59653
 723.53 1416.79 205.381 31.2323 2.3624
 826.586 2821.84 416.354 43.8812 7.1236
 1789.62 3747.16 929.289 99.1026 12.0469
 2912.43 5814.63 768.393 131.996 15.6488
 566.709 7528 994.07 91.7031 17.4691
 1837.69 2818.41 2887.56 280.054 30.5321
 180.917 8745.26 853.582 613.53 65.4332
F
 0.0148789 0.157253 0.195218 0.196181 0.196201
 0.0249324 0.263506 0.327124 0.328737 0.32877
 0.108349 1.14512 1.42158 1.42859 1.42873
 0.0886904 0.937355 1.16366 1.1694 1.16951
 0.0254356 0.268825 0.333727 0.335372 0.335406
 0.134474 1.42123 1.76436 1.77306 1.77323
 0.13757 1.45396 1.80498 1.81388 1.81406
 0.131506 1.38987 1.72542 1.73393 1.7341
 0.161503 1.7069 2.11899 2.12944 2.12965
 0.109175 1.15385 1.43242 1.43948 1.43963
 0.144787 1.53024 1.89968 1.90904 1.90923
 0.139938 1.47898 1.83605 1.8451 1.84528
 0.24195 2.55713 3.17449 3.19015 3.19046
 0.375614 3.96981 4.92822 4.95253 4.95302
 0.375614 3.96981 4.92822 4.95253 4.95302
 0.176034 1.86048 2.30965 2.32104 2.32127
 0.168887 1.78494 2.21588 2.2268 2.22703
 0.136128 1.43871 1.78606 1.79486 1.79504
 0.0917368 0.969552 1.20363 1.20956 1.20968
 0.123759 1.30799 1.62377 1.63178 1.63194
 0.0668531 0.706559 0.877142 0.881467 0.881556
 0.0699882 0.739694 0.918276 0.922804 0.922897
 0.0937234 0.990548 1.22969 1.23576 1.23588
 0.0897857 0.94893 1.17803 1.18384 1.18396
 0.0607675 0.642242 0.797296 0.801228 0.801308
 0.0862732 0.911808 1.13194 1.13752 1.13764
 0.150478 1.59038 1.97434 1.98408 1.98428
Np
 12026.4 5781.65 268.866 460.397 36.7158
YTP_r0W_actual
 336.376 64391.5 9953.77 9155.62 1083.64
YTP_p0W_proyectada
 2266.13 3504.41 11369.7 880.066 741.21
 2266.13 26567.5 2155.04 4731.85 418.798
CTP_r0_actual
 41.0214 2981.09 316.999 228.32 24.3514
CTP_p0_proyectada
 276.358 162.241 362.093 21.9468 16.6564
 276.358 1229.98 68.632 118.001 9.41118
Wmedp
 8.2 21.6 31.4 40.1 44.5
nmprior
 10.8 10.6 4.6 0
nm_flota  nm_reclas  nm_pelaces    nm_pelaL
inf 17.4773 15.8904 48.0386
cv_recla  cv_pelaces  cv_mph
0.745999 0.385308 0.569673
 ------------------------------------------------
Talla a la edad & desviaci?n 
 7.2 14.2025 17.0495 18.207 18.6776
 1.08 2.13037 2.55742 2.73105 2.80164
