years
 1997 1998 1999 2000 2001 2002 2003 2004 2005 2006 2007 2008 2009 2010 2011 2012 2013 2014 2015 2016 2017 2018 2019
reclasobs
 0 0 0 370054 412103 1.49427e+06 250295 1.28982e+06 931140 785840 897777 1.04006e+06 184774 17550 25797 100020 73551 82996 120727 218422 84188 347160 605670
reclaspred
 491070 126211 313785 209340 331800 400793 879185 617138 739428 776223 664822 463787 280071 114238 71930.7 67439.8 73551.7 98736.7 111823 154267 237137 235707 412495
pelacesobs
 0 0 0 0 0 0 0 0 0 2.06254e+06 1.5e+06 0 1.87456e+06 323000 250000 174000 83755 137374 0 501740 490994 745055 786931
pelacespred
 1.98878e+06 448278 655212 712393 1.00079e+06 940263 2.455e+06 2.00613e+06 2.21135e+06 2.35383e+06 1.73919e+06 1.26087e+06 741282 236633 154455 158326 178551 251561 286085 388639 702222 668793 940639
mphobs
 0 0 0 0 0 0 112323 0 153150 637223 0 255016 313432 73983 77613 109348 50772 17779 17303 59886 28197 0 207744
mphpred
 170336 93195.5 102482 96323.5 109950 182128 260788 322752 292607 332174 340778 239690 144211 119340 50442.4 42329.9 41509.9 53583.1 31500.8 35380.2 57040.9 74474.3 95479.3
desembarqueobs
 350755 77701 442110 56441 14545 235359 269955 359681 431902 328805 639364 411747 362871 311530 167758 66681 60226 58785 57116 73181 50977 67692 138656
desembarquepred
 350760 77698.9 442084 56444.4 14545.3 235459 270024 359657 431906 328808 639304 411767 362976 311629 167581 66682.5 60260.8 58777.9 57095 73176.5 50978.6 67678.1 138652
Reclutas
 35887.3 43560 21500.4 31505.9 54563.1 38556.5 73160.6 74276.2 104409 115201 66363.4 45792.1 44931.2 25786.2 15173 12367.6 8805.23 11431.1 12908.6 19113.3 26704.6 36961 53281.4
log_desv_Rt
 0.0665223 0.26028 -0.445787 -0.0636838 0.485498 0.138265 0.778797 0.79393 1.13445 1.23282 0.681286 0.310252 0.291273 -0.26402 -0.794345 -0.998776 -1.33851 -1.07752 -0.955964 -0.563474 -0.229025 0.096003 0.461728
SSB
 440344 240924 264930 249010 284236 470827 654466 823822 737172 839842 880958 619632 387030 196044 87617.8 73329 75573.5 91942.5 119382 142111 214508 272566 360059
BT
 1.52283e+06 369139 630498 452275 571834 669041 1.63243e+06 1.52052e+06 1.68783e+06 1.63491e+06 1.51937e+06 1.0593e+06 773443 425631 230984 144310 150885 191481 203360 277680 438463 414520 603213
Ftot
 1.00831 0.926533 1.61731 0.355515 0.0628278 0.612463 0.398146 0.77278 0.842516 0.580981 1.06288 0.936012 1.51281 3.08934 3.37411 1.36521 1.10637 0.817579 0.633167 0.630969 0.290446 0.341588 0.386924
BD_Bspro_t
 0.90796 0.633449 0.551082 0.363612 0.521072 0.696723 0.636354 0.658353 0.598211 0.583102 0.562808 0.40505 0.301302 0.199525 0.112345 0.115467 0.160167 0.248215 0.354184 0.453573 0.583071 0.699004 0.720513
BD_Bspro
 0.636241 0.348104 0.38279 0.359788 0.410685 0.680285 0.945621 1.19032 1.06512 1.21347 1.27287 0.89529 0.559209 0.283259 0.126597 0.105951 0.109194 0.132845 0.172492 0.205333 0.309937 0.393824 0.520239
BD_Bo
 0.558105 0.305354 0.33578 0.315603 0.360249 0.59674 0.829491 1.04414 0.934315 1.06444 1.11655 0.785341 0.490534 0.248473 0.11105 0.0929395 0.0957842 0.116531 0.151309 0.180116 0.271874 0.345459 0.45635
BD_Brms
 1.01474 0.555189 0.610509 0.573823 0.654999 1.08498 1.50817 1.89843 1.69875 1.93535 2.0301 1.42789 0.89188 0.451769 0.201908 0.168981 0.174153 0.211874 0.275107 0.327484 0.494316 0.628107 0.829727
S_f
 0.0998088 0.678107 0.975625 0.998687 0.999931
 0.0998088 0.678107 0.975625 0.998687 0.999931
 0.0998088 0.678107 0.975625 0.998687 0.999931
 0.0998088 0.678107 0.975625 0.998687 0.999931
 0.0998088 0.678107 0.975625 0.998687 0.999931
 0.0998088 0.678107 0.975625 0.998687 0.999931
 0.0998088 0.678107 0.975625 0.998687 0.999931
 0.0998088 0.678107 0.975625 0.998687 0.999931
 0.0998088 0.678107 0.975625 0.998687 0.999931
 0.0998088 0.678107 0.975625 0.998687 0.999931
 0.0998088 0.678107 0.975625 0.998687 0.999931
 0.0998088 0.678107 0.975625 0.998687 0.999931
 0.0998088 0.678107 0.975625 0.998687 0.999931
 0.0998088 0.678107 0.975625 0.998687 0.999931
 0.0998088 0.678107 0.975625 0.998687 0.999931
 0.0998088 0.678107 0.975625 0.998687 0.999931
 0.0998088 0.678107 0.975625 0.998687 0.999931
 0.0998088 0.678107 0.975625 0.998687 0.999931
 0.0998088 0.678107 0.975625 0.998687 0.999931
 0.0998088 0.678107 0.975625 0.998687 0.999931
 0.0998088 0.678107 0.975625 0.998687 0.999931
 0.0998088 0.678107 0.975625 0.998687 0.999931
 0.0998088 0.678107 0.975625 0.998687 0.999931
Scru_reclas
 0.663709 0.90853 0.980387 0.996041 0.999211
 0.663709 0.90853 0.980387 0.996041 0.999211
 0.663709 0.90853 0.980387 0.996041 0.999211
 0.663709 0.90853 0.980387 0.996041 0.999211
 0.663709 0.90853 0.980387 0.996041 0.999211
 0.663709 0.90853 0.980387 0.996041 0.999211
 0.663709 0.90853 0.980387 0.996041 0.999211
 0.663709 0.90853 0.980387 0.996041 0.999211
 0.663709 0.90853 0.980387 0.996041 0.999211
 0.663709 0.90853 0.980387 0.996041 0.999211
 0.663709 0.90853 0.980387 0.996041 0.999211
 0.663709 0.90853 0.980387 0.996041 0.999211
 0.663709 0.90853 0.980387 0.996041 0.999211
 0.663709 0.90853 0.980387 0.996041 0.999211
 0.663709 0.90853 0.980387 0.996041 0.999211
 0.663709 0.90853 0.980387 0.996041 0.999211
 0.663709 0.90853 0.980387 0.996041 0.999211
 0.663709 0.90853 0.980387 0.996041 0.999211
 0.663709 0.90853 0.980387 0.996041 0.999211
 0.663709 0.90853 0.980387 0.996041 0.999211
 0.663709 0.90853 0.980387 0.996041 0.999211
 0.663709 0.90853 0.980387 0.996041 0.999211
 0.663709 0.90853 0.980387 0.996041 0.999211
Scru_pelaces
 0.717464 1 1 1 1
 0.717464 1 1 1 1
 0.717464 1 1 1 1
 0.717464 1 1 1 1
 0.717464 1 1 1 1
 0.717464 1 1 1 1
 0.717464 1 1 1 1
 0.717464 1 1 1 1
 0.717464 1 1 1 1
 0.717464 1 1 1 1
 0.717464 1 1 1 1
 0.717464 1 1 1 1
 0.717464 1 1 1 1
 0.717464 1 1 1 1
 0.717464 1 1 1 1
 0.717464 1 1 1 1
 0.717464 1 1 1 1
 0.717464 1 1 1 1
 0.717464 1 1 1 1
 0.717464 1 1 1 1
 0.717464 1 1 1 1
 0.717464 1 1 1 1
 0.717464 1 1 1 1
pf_obs 
 0.256992 0.487395 0.22802 0.0275931 0
 0.321318 0.546541 0.124235 0.00734118 0.000564706
 0.182869 0.594174 0.210203 0.0122559 0.00049798
 0.330522 0.361315 0.267642 0.0388342 0.00168674
 0.649043 0.306663 0.0425973 0.00169635 0
 0.582887 0.30429 0.105238 0.00758474 0
 0.465427 0.430635 0.0974691 0.00646863 0
 0.296916 0.608066 0.0921331 0.00288517 0
 0.311714 0.524322 0.152257 0.0117073 0
 0.15457 0.633149 0.183074 0.0267441 0.00246327
 0.131901 0.49318 0.331252 0.0422183 0.00144891
 0.196976 0.569456 0.194076 0.0375587 0.00193317
 0.518974 0.381816 0.0799577 0.0180837 0.00116848
 0.0928022 0.601141 0.25162 0.0475244 0.00691264
 0.122501 0.610282 0.24278 0.0234846 0.000952079
 0.383417 0.481906 0.127806 0.00687128 0
 0.0376549 0.599619 0.316969 0.0457579 0
 0.0361596 0.667082 0.258105 0.0386534 0
 0.158088 0.579412 0.248529 0.0139706 0
 0.0477256 0.309471 0.559284 0.082774 0.000745712
 0.0406174 0.521527 0.379366 0.0568643 0.0016247
 0.151134 0.462217 0.34131 0.0453401 0
 0.294876 0.26143 0.354403 0.0886775 0.000613685
pf_pred 
 0.299093 0.478491 0.198632 0.0237714 1.28258e-05
 0.280285 0.564526 0.12209 0.0296758 0.00342326
 0.150571 0.649865 0.171782 0.0220247 0.00575751
 0.261679 0.469205 0.23249 0.0317352 0.00489163
 0.269746 0.499133 0.167225 0.0554012 0.00849416
 0.142622 0.582539 0.207878 0.0487611 0.0182002
 0.26078 0.395103 0.265191 0.060149 0.0187773
 0.211889 0.561391 0.14435 0.0638865 0.0184841
 0.270185 0.490225 0.192442 0.0303868 0.0167612
 0.233168 0.568447 0.153238 0.0365109 0.00863586
 0.137355 0.590304 0.223144 0.0382673 0.0109301
 0.141871 0.498862 0.283941 0.0621449 0.0131816
 0.213825 0.473668 0.219589 0.0739952 0.0189232
 0.223403 0.602219 0.130212 0.0314629 0.0127032
 0.287429 0.618123 0.0857649 0.0066104 0.00207344
 0.293824 0.633194 0.0694684 0.00321364 0.000299267
 0.198549 0.632441 0.15908 0.00947066 0.000458492
 0.260629 0.498064 0.209263 0.0302292 0.00181466
 0.23649 0.557886 0.158897 0.0407033 0.00602298
 0.271729 0.498218 0.186845 0.0336269 0.00958173
 0.254217 0.535974 0.162512 0.038639 0.00865846
 0.235713 0.512567 0.199375 0.0407842 0.01156
 0.242514 0.498239 0.19546 0.0508067 0.0129802
pobs_RECLAS
 0 0 0 0 0
 0 0 0 0 0
 0 0 0 0 0
 0 0 0 0 0
 0.835266 0.146461 0.0176864 0.000547809 3.91292e-05
 0.385257 0.428462 0.181853 0.0044286 0
 0.867414 0.0963971 0.0333333 0.00285562 0
 0.441836 0.489002 0.0689373 0.000224442 0
 0.779404 0.147425 0.0564933 0.0165055 0.000172143
 0.814271 0.122319 0.05973 0.00367925 0
 0.40263 0.566651 0.0304383 0.000280538 0
 0.475488 0.404961 0.113038 0.00651328 0
 0.955842 0.0263864 0.0167828 0.000988607 0
 0.975058 0.0227948 0.00214734 0 0
 0.738997 0.206755 0.0527124 0.00153531 0
 0.850938 0.134255 0.0134407 0.00136685 0
 0.542534 0.407297 0.0501686 0 0
 0.764087 0.199537 0.0359546 0.000420521 0
 0.470689 0.182191 0.310203 0.0369168 0
 0.84361 0.089868 0.0606195 0.00523954 0.000663233
 0.607945 0.314616 0.071237 0.00620181 0
 0.523733 0.453247 0.0230204 0 0
 0.530135 0.295979 0.169645 0.0042399 0
ppred_RECLAS
 0.709873 0.217223 0.0651818 0.00771798 4.17156e-06
 0.682807 0.264514 0.0415329 0.00999199 0.00115469
 0.511751 0.402529 0.0739278 0.00934577 0.00244694
 0.663168 0.236203 0.0870276 0.0117821 0.00181952
 0.666317 0.247873 0.0622135 0.0204548 0.0031422
 0.481101 0.385264 0.101285 0.0235449 0.00880448
 0.669231 0.201005 0.100183 0.0225341 0.00704797
 0.600186 0.308865 0.0580995 0.0254676 0.00738188
 0.677644 0.237778 0.0680578 0.0106404 0.00587978
 0.624287 0.29891 0.0594395 0.0140366 0.00332622
 0.478322 0.391696 0.106703 0.0180999 0.00517882
 0.493003 0.333219 0.13763 0.029813 0.00633493
 0.627001 0.255459 0.082913 0.0275663 0.00706105
 0.67136 0.279866 0.0366556 0.00863092 0.00348803
 0.741541 0.23724 0.0193173 0.00144702 0.000454236
 0.697364 0.279837 0.0217144 0.000991989 9.25313e-05
 0.580989 0.351527 0.0635604 0.00374206 0.000181475
 0.666266 0.246621 0.0756423 0.0108204 0.000650721
 0.630098 0.291086 0.0610277 0.0154915 0.00229656
 0.675232 0.242478 0.0669434 0.011939 0.00340823
 0.648374 0.272338 0.0615212 0.0145099 0.00325766
 0.628979 0.271862 0.0786659 0.0159606 0.00453251
 0.639099 0.260433 0.075895 0.0195644 0.00500782
pobs_PELACES
 0 0 0 0 0
 0 0 0 0 0
 0 0 0 0 0
 0 0 0 0 0
 0 0 0 0 0
 0 0 0 0 0
 0 0 0 0 0
 0 0 0 0 0
 0 0 0 0 0
 0 0 0 0 0
 0.450072 0.473896 0.0757376 0.000293798 0
 0 0 0 0 0
 0.463077 0.371075 0.160297 0.00555027 0
 0.529543 0.364841 0.0842815 0.0213345 0
 0.631943 0.363953 0.00410389 0 0
 0.735681 0.248677 0.0153453 0.000297389 0
 0.695825 0.281241 0.0229344 0 0
 0.275771 0.60734 0.115278 0.00161068 0
 0 0 0 0 0
 0.896147 0.0623911 0.0374545 0.00400742 0
 0.803859 0.145111 0.0509908 3.86294e-05 0
 0.739449 0.233085 0.0266225 0.000797448 4.60066e-05
 0.878498 0.100942 0.0204185 0.000141795 0
ppred_PELACES
 0.752295 0.193367 0.0487025 0.00563269 3.03355e-06
 0.721529 0.23848 0.0316833 0.00744986 0.000857857
 0.592817 0.348702 0.0506344 0.00622341 0.00162318
 0.681319 0.230879 0.0761272 0.010117 0.00155719
 0.669769 0.250672 0.0579459 0.0187433 0.00287008
 0.514433 0.373189 0.0856137 0.019498 0.0072662
 0.69166 0.196048 0.0870792 0.0192206 0.00599156
 0.638739 0.288799 0.0466649 0.0200158 0.00578141
 0.716274 0.217902 0.0532088 0.00813579 0.00447994
 0.651874 0.28445 0.0495119 0.0114577 0.00270584
 0.535189 0.364319 0.0828574 0.0137226 0.00391221
 0.546997 0.314866 0.109936 0.0232734 0.00492775
 0.702185 0.218254 0.0565848 0.0183053 0.00467108
 0.791652 0.186346 0.0167004 0.00378053 0.00152105
 0.846566 0.144846 0.00784759 0.000563939 0.000176221
 0.748706 0.235747 0.0148258 0.00065976 6.13119e-05
 0.633593 0.316041 0.0475048 0.00272977 0.000131903
 0.704437 0.227144 0.0595823 0.00833706 0.00049962
 0.660209 0.275205 0.0502465 0.0124939 0.00184582
 0.704419 0.228346 0.054912 0.0095932 0.00272917
 0.662129 0.267911 0.0545086 0.012626 0.00282536
 0.646593 0.266606 0.069133 0.0137702 0.00389752
 0.659022 0.253979 0.0660325 0.0167053 0.00426173
pobs_pel_tallas
 0 0 0 0 0 0 0 0 0 0 0 0 0 0 0 0 0 0 0 0 0 0 0 0 0 0 0 0 0 0 0 0 0 0 0 0
 0 0 0 0 0 0 0 0 0 0 0 0 0 0 0 0 0 0 0 0 0 0 0 0 0 0 0 0 0 0 0 0 0 0 0 0
 0 0 0 0 0 0 0 0 0 0 0 0 0 0 0 0 0 0 0 0 0 0 0 0 0 0 0 0 0 0 0 0 0 0 0 0
 0 0 0 0 0 0 0 0 0 0 0 0 0 0 0 0 0 0 0 0 0 0 0 0 0 0 0 0 0 0 0 0 0 0 0 0
 0 0 0 0 0 0 0 0 0 0 0 0 0 0 0 0 0 0 0 0 0 0 0 0 0 0 0 0 0 0 0 0 0 0 0 0
 0 0 0 0 0 0 0 0 0 0 0 0 0 0 0 0 0 0 0 0 0 0 0 0 0 0 0 0 0 0 0 0 0 0 0 0
 0 0 0 0 0 0 0 0 0 0 0 0 0 0 0 0 0 0 0 0 0 0 0 0 0 0 0 0 0 0 0 0 0 0 0 0
 0 0 0 0 0 0 0 0 0 0 0 0 0 0 0 0 0 0 0 0 0 0 0 0 0 0 0 0 0 0 0 0 0 0 0 0
 0 0 0 0 0 0 0 0 0 0 0 0 0 0 0 0 0 0 0 0 0 0 0 0 0 0 0 0 0 0 0 0 0 0 0 0
 0 0 0 0 0 0 0 0 0 0 0 0 0 0 0 0 0 0 0 0 0 0 0 0 0 0 0 0 0 0 0 0 0 0 0 0
 0 0 0 0 0 0 0 0 1.78061e-05 0.00172719 0.00360574 0.0105946 0.0120993 0.0124554 0.0147524 0.0171206 0.0266825 0.0428682 0.0675386 0.121331 0.153587 0.119568 0.100827 0.0573624 0.0630603 0.0341343 0.0324427 0.0444173 0.0211091 0.0280891 0.0125444 0.00206551 0 0 0 0
 0 0 0 0 0 0 0 0 0 0 0 0 0 0 0 0 0 0 0 0 0 0 0 0 0 0 0 0 0 0 0 0 0 0 0 0
 0 0 0 0 0 0 0.0133647 0.0140871 0.0187388 0.0205184 0.03894 0.0496705 0.03968 0.0493445 0.0407372 0.0367815 0.0215668 0.0243155 0.0234873 0.0199281 0.019796 0.0243948 0.0301388 0.0376714 0.0412746 0.0863199 0.0771752 0.113111 0.0741005 0.0525337 0.0229764 0.00759418 0.00175318 0 0 0
 0 0 0 0 0 0 0 0 0 0 0.00219441 0.00772107 0.0458388 0.0604681 0.0671733 0.0775358 0.0609151 0.0617685 0.073594 0.0568108 0.0755445 0.0548602 0.0670107 0.0636378 0.0643287 0.046367 0.0373049 0.0286899 0.0247887 0.0153202 0.00654259 0.00121912 0.000365735 0 0 0
 0 0 0 0 0 0 0 0 0 0 0 0 0.000112435 0.00938835 0.0111873 0.0202946 0.0414886 0.0713402 0.111592 0.104902 0.108894 0.110636 0.117776 0.105296 0.107544 0.0401394 0.0192827 0.0124803 0.00416011 0.0028671 0.000618394 0 0 0 0 0
 0 0 0 0 0 0 0 0 0 0 0.00291406 0.0102884 0.027416 0.0768956 0.0749926 0.110853 0.0956884 0.0897413 0.0766577 0.0534642 0.0500743 0.0551293 0.0594112 0.0620874 0.0668451 0.0424026 0.0208742 0.0120726 0.0048766 0.00582813 0.00118941 0.000297354 0 0 0 0
 0 0.00264628 0.0354308 0.0461629 0.0458689 0.0383711 0.0214643 0.0164657 0.0346957 0.0420465 0.0363128 0.0245516 0.0311673 0.0291091 0.0169068 0.0133784 0.00837989 0.0085269 0.0148486 0.0160247 0.0276389 0.0546898 0.0760071 0.122758 0.109233 0.0665981 0.0333725 0.0166128 0.00676272 0.00308733 0.000882094 0 0 0 0 0
 0 0 0 0 0 0 0 0.000805153 0.000690131 0.00759144 0.0133425 0.0154129 0.00931677 0.000345066 0.00356568 0.00563607 0.00851162 0.0253048 0.0502646 0.0516448 0.0657925 0.0565908 0.0611916 0.0827007 0.0866115 0.110766 0.145733 0.0935128 0.0569358 0.0249597 0.0138026 0.00621118 0.00161031 0.00115022 0 0
 0 0 0 0 0 0 0 0 0 0 0 0 0 0 0 0 0 0 0 0 0 0 0 0 0 0 0 0 0 0 0 0 0 0 0 0
 0.00147267 0.00158595 0.00478618 0.00569244 0.00954404 0.0108468 0.00647125 0.017049 0.0510054 0.094081 0.124002 0.0959785 0.0687766 0.0820023 0.061753 0.0591476 0.0492212 0.0479892 0.0443925 0.0268479 0.0217502 0.0140895 0.0121071 0.0120363 0.00920419 0.00665534 0.0049561 0.00860946 0.00930331 0.0156896 0.0114698 0.00855282 0.00243557 0.00046729 0 2.83206e-05
 0 0 0 0 0.000772559 0.00158375 0.000888443 0.00281984 0.00712685 0.0440552 0.0773331 0.111326 0.0921469 0.0852325 0.0710754 0.0886704 0.0786465 0.0553345 0.0373146 0.0185414 0.00753245 0.00457741 0.012979 0.0271748 0.0457355 0.0583668 0.034881 0.0177882 0.00938659 0.00492506 0.0015258 0.00185414 0.000309023 5.79419e-05 3.86279e-05 0
 0 0.00173294 0.00326652 0 0.00397197 0.00683976 0.00946217 0.0152591 0.00757587 0.0136028 0.0228656 0.0392903 0.0559909 0.0764795 0.0681675 0.0726916 0.0566044 0.0477403 0.0527397 0.0444891 0.0609904 0.0582453 0.0661739 0.0445044 0.0529084 0.0360697 0.0280645 0.0235558 0.0158879 0.00826598 0.00280645 0.00217768 0.000904811 0.00058276 9.20147e-05 0
 0 0 0 0 0 0 0 0 0 0 0 0 0 0 0 0 0 0 0 0 0 0 0 0 0 0 0 0 0 0 0 0 0 0 0 0
ppred_pel_tallas
 1.00949e-16 3.28242e-05 0.00019265 0.000915768 0.00352575 0.0109947 0.0277718 0.056825 0.0941943 0.126502 0.137664 0.12144 0.0869542 0.050794 0.0247388 0.011046 0.00614116 0.00580951 0.00746019 0.00993655 0.0127337 0.0155142 0.017955 0.0197561 0.0206957 0.0206797 0.0197599 0.0181139 0.0159961 0.0136755 0.0113821 0.00927542 0.0074387 0.00589225 0.00461679 0.00357564
 1.00824e-16 3.14844e-05 0.00018478 0.000878346 0.00338165 0.0105454 0.0266368 0.054503 0.0903468 0.12134 0.132058 0.116524 0.0834969 0.0489012 0.0240527 0.0111386 0.00675037 0.00685811 0.00897306 0.011959 0.0152785 0.0185328 0.0213271 0.0232963 0.024178 0.0238731 0.0224676 0.0202053 0.0174235 0.0144724 0.011646 0.00914112 0.00705015 0.0053796 0.00408193 0.00308691
 1.01123e-16 2.58765e-05 0.000151847 0.000721753 0.00277869 0.008665 0.0218873 0.0447861 0.0742443 0.0997271 0.108573 0.0958893 0.0689021 0.0407389 0.0207557 0.0108181 0.00819321 0.00961717 0.0130485 0.0174911 0.0223645 0.0271336 0.0312291 0.0341176 0.035414 0.0349716 0.0329143 0.0295975 0.0255135 0.0211751 0.0170139 0.0133202 0.0102323 0.00776306 0.00584556 0.00437886
 1.01577e-16 2.97309e-05 0.000174486 0.000829407 0.00319323 0.00995775 0.0251526 0.0514661 0.0853131 0.11458 0.124704 0.110042 0.0788664 0.0462189 0.0227901 0.0106523 0.0065968 0.0068287 0.00900892 0.0120739 0.0155222 0.0189774 0.0220595 0.0244087 0.0257537 0.0259703 0.0251043 0.0233495 0.0209906 0.0183326 0.0156389 0.013096 0.0108066 0.00880567 0.00708553 0.00562046
 1.01683e-16 2.9228e-05 0.000171532 0.000815359 0.00313913 0.00978905 0.0247265 0.0505944 0.0838688 0.112642 0.1226 0.108198 0.0775722 0.0455152 0.0225445 0.0107066 0.00685527 0.00726466 0.00963271 0.0129011 0.0165526 0.0201841 0.0233853 0.0257705 0.0270547 0.0271163 0.0260219 0.0239986 0.0213706 0.0184789 0.0156124 0.0129684 0.0106463 0.00866647 0.00700134 0.00560476
 1.02347e-16 2.24596e-05 0.000131784 0.000626369 0.00241143 0.00751971 0.0189945 0.0388673 0.0644346 0.0865574 0.0942536 0.0832858 0.0599402 0.0356304 0.0185051 0.0102194 0.0084388 0.0103608 0.014225 0.0191494 0.0245767 0.0299558 0.0346843 0.0381891 0.0400465 0.0400774 0.0383837 0.0353078 0.0313373 0.0269846 0.0226846 0.0187342 0.0152827 0.0123601 0.00992293 0.00789848
 1.02241e-16 3.01804e-05 0.000177128 0.000841975 0.00324163 0.0101087 0.0255338 0.0522459 0.0866046 0.116311 0.12658 0.111676 0.0799937 0.0467902 0.0229062 0.0104308 0.00609266 0.0060323 0.00787988 0.0105778 0.0136582 0.0167968 0.0196722 0.021977 0.0234725 0.0240373 0.0236875 0.0225597 0.0208657 0.0188371 0.0166765 0.0145308 0.0124871 0.0105862 0.00884188 0.00725834
 1.01715e-16 2.78764e-05 0.000163594 0.000777612 0.00299378 0.00933578 0.0235816 0.0482522 0.0799876 0.107434 0.116943 0.103233 0.0740725 0.0435825 0.0218113 0.0107313 0.00736212 0.00816333 0.0109375 0.0146519 0.0187652 0.0228238 0.0263573 0.028925 0.0302063 0.0300737 0.0286198 0.026124 0.0229769 0.0195844 0.0162869 0.0133115 0.0107651 0.00865754 0.00693974 0.00554025
 1.01316e-16 3.12545e-05 0.000183432 0.000871941 0.003357 0.0104685 0.0264426 0.0541054 0.0896874 0.120452 0.131089 0.11566 0.0828582 0.0484883 0.0237781 0.010893 0.00644513 0.00643312 0.00839217 0.0112088 0.0143733 0.0175202 0.0202894 0.0223441 0.0234357 0.0234583 0.0224699 0.0206694 0.0183408 0.0157838 0.0132531 0.010924 0.00888609 0.00715921 0.00572007 0.00452757
 1.01316e-16 2.8449e-05 0.000166956 0.000793596 0.00305533 0.0095277 0.0240664 0.0492441 0.0816315 0.109641 0.119343 0.105345 0.0755749 0.0444398 0.0221907 0.0108358 0.00732822 0.00805096 0.0107601 0.0144045 0.0184392 0.0224133 0.0258609 0.028346 0.0295514 0.0293509 0.0278367 0.0252869 0.0220908 0.0186547 0.0153214 0.012322 0.0097686 0.00767538 0.00599575 0.004658
 1.0195e-16 2.33643e-05 0.000137097 0.000651625 0.00250868 0.00782297 0.0197605 0.0404345 0.067032 0.0900443 0.0980445 0.0866213 0.0623097 0.0369766 0.0190898 0.0103594 0.00834518 0.0101225 0.0138576 0.0186399 0.023909 0.0291214 0.0336868 0.0370446 0.0387811 0.0387232 0.0369737 0.033872 0.0299001 0.0255658 0.0213002 0.0173995 0.0140134 0.0111727 0.00883362 0.00692147
 1.02694e-16 2.38773e-05 0.000140112 0.000665972 0.00256393 0.0079953 0.0201957 0.0413246 0.068506 0.0920196 0.100183 0.0884802 0.0635813 0.0375999 0.0191715 0.0100222 0.00763835 0.00902083 0.0123035 0.0165897 0.021369 0.0261718 0.0304898 0.0338338 0.0358317 0.0363085 0.0353178 0.0331116 0.0300645 0.0265784 0.0230005 0.0195765 0.0164428 0.0136482 0.0111891 0.00904093
 1.01722e-16 3.06402e-05 0.000179826 0.000854795 0.00329098 0.0102626 0.0259226 0.0530415 0.0879238 0.118084 0.128513 0.11339 0.0812398 0.0475559 0.0233486 0.0107436 0.00642335 0.00646845 0.00846522 0.0113231 0.0145413 0.0177581 0.0206151 0.0227757 0.0239895 0.0241466 0.0232986 0.0216359 0.0194328 0.0169786 0.0145192 0.0122231 0.0101767 0.00840055 0.00687588 0.00556941
 1.00499e-16 3.45399e-05 0.000202724 0.000963662 0.00371016 0.0115698 0.0292244 0.059797 0.0991202 0.133116 0.144856 0.127772 0.0914618 0.0533734 0.0258937 0.0113875 0.00608091 0.00552733 0.00699272 0.00925905 0.0118034 0.0142886 0.0164014 0.017857 0.0184536 0.0181188 0.0169268 0.0150763 0.0128384 0.0104936 0.00827568 0.00633945 0.00475475 0.00352146 0.00259518 0.00191303
 1.00187e-16 3.69328e-05 0.000216776 0.00103048 0.00396742 0.0123721 0.0312508 0.0639429 0.105991 0.142338 0.154878 0.136581 0.0976985 0.0568742 0.0273328 0.0115782 0.00555019 0.00447612 0.00543016 0.00713089 0.00906736 0.0109519 0.0125355 0.0135969 0.0139807 0.0136344 0.012621 0.011101 0.00929209 0.0074184 0.00566641 0.004159 0.00295038 0.00203788 0.00138239 0.000929079
 1.00313e-16 3.26693e-05 0.000191737 0.00091142 0.003509 0.0109425 0.0276399 0.0565553 0.0937485 0.125907 0.137025 0.120899 0.0866139 0.0506906 0.024865 0.0113992 0.0067483 0.00672287 0.00873536 0.0116061 0.0147828 0.0178633 0.0204547 0.0221978 0.0228394 0.0222928 0.0206589 0.0181976 0.0152617 0.0122148 0.00936006 0.00689775 0.00491702 0.00341497 0.00232963 0.00157345
 1.00878e-16 2.76532e-05 0.00016228 0.000771362 0.00296971 0.0092607 0.023392 0.0478645 0.0793457 0.106574 0.116014 0.102429 0.0735301 0.0433329 0.0218148 0.0109441 0.00777485 0.00880112 0.0118395 0.0158484 0.0202582 0.0245732 0.0282751 0.0308791 0.0320355 0.0316111 0.0297182 0.0266798 0.0229435 0.0189764 0.0151722 0.0117971 0.00897911 0.00673165 0.00499514 0.00367785
 1.0123e-16 3.07387e-05 0.000180403 0.000857539 0.00330154 0.0102955 0.0260058 0.0532118 0.0882064 0.118465 0.128929 0.113761 0.081515 0.0477358 0.0234718 0.0108587 0.00657068 0.00667715 0.00875501 0.0117046 0.0150133 0.0183043 0.0212022 0.0233548 0.0245011 0.0245283 0.0234949 0.0216062 0.0191573 0.016461 0.0137847 0.0113141 0.00914686 0.0073078 0.00577658 0.00451316
 1.01319e-16 2.88121e-05 0.000169088 0.000803735 0.00309437 0.00964946 0.0243739 0.0498732 0.0826741 0.11104 0.120863 0.106679 0.0765165 0.0449617 0.0223926 0.0108373 0.00720475 0.00782803 0.0104349 0.0139663 0.0178831 0.021746 0.0251041 0.027535 0.0287308 0.0285681 0.0271335 0.0246937 0.0216228 0.0183116 0.0150902 0.0121822 0.00969625 0.00764794 0.00599446 0.00466903
 1.01312e-16 3.0738e-05 0.000180399 0.000857519 0.00330147 0.0102953 0.0260052 0.0532105 0.0882043 0.118462 0.128926 0.113759 0.0815146 0.0477376 0.0234763 0.0108666 0.00658301 0.00669471 0.00877814 0.0117326 0.015044 0.0183339 0.0212255 0.0233661 0.0244953 0.0245024 0.0234491 0.0215448 0.0190881 0.0163943 0.0137314 0.011284 0.00914642 0.00733951 0.00583859 0.00459998
 1.01427e-16 2.88955e-05 0.000169579 0.000806068 0.00310336 0.00967748 0.0244447 0.050018 0.0829138 0.111361 0.121211 0.106982 0.0767245 0.0450655 0.0224101 0.0107896 0.00710099 0.00766542 0.0102052 0.0136632 0.0175072 0.021309 0.0246296 0.0270572 0.02829 0.0282041 0.0268792 0.0245692 0.0216324 0.0184445 0.0153232 0.0124848 0.0100364 0.00799608 0.00632683 0.00496909
 1.01724e-16 2.82181e-05 0.000165601 0.00078716 0.00303055 0.00945045 0.0238712 0.0488446 0.080969 0.10875 0.11837 0.104479 0.0749381 0.0440341 0.0219308 0.0106158 0.00706362 0.00768625 0.0102633 0.0137647 0.01767 0.0215572 0.0249907 0.0275586 0.028955 0.0290474 0.0279025 0.0257585 0.0229576 0.0198617 0.0167793 0.0139233 0.0114041 0.00924848 0.00743236 0.00591054
 1.01794e-16 2.87595e-05 0.000168781 0.00080228 0.00308877 0.00963201 0.0243298 0.0497829 0.0825237 0.110837 0.120637 0.10647 0.0763436 0.0448153 0.0222369 0.0106263 0.00689195 0.00737157 0.00980184 0.0131402 0.0168728 0.0205941 0.023889 0.0263654 0.027732 0.0278615 0.0268161 0.0248201 0.0221965 0.0192866 0.016381 0.0136797 0.0112859 0.00922477 0.00747399 0.00599251
pSPR Fmed_Fpbrs
0.519849   0.6 0.325
Fs Fmed_Fpbrs
0.64   0.453888 1.56855
SSBpbr Bo_Bmed_Bpbrs
788997  370710  433949 216974
Ro
33577.6
SPR SPRFo_SPRFmed_SPRFpbrs
692102 359789 224933
log_Ro
10.2416
likeval ReclasPelacesDesembMPH_pf_preclas_ppelaces_ptallas_desvR_qrecl_qpela
 63.5363 13.4081 0.0104904 12.9377 291.154 163.795 42.9665 0 15.7998 3.73538e-06 8.62376e-05 1.22365e-14 0 0 0
q_reclas_q_pelaces
0.760428 3.74783
M
0.7
N
 35887.3 10738 3469.19 409.049 0.220527
 43560 16114.9 2691.36 644.157 74.2462
 21500.4 19720.6 4269.32 541.235 141.401
 31505.9 9085.24 3270.53 437.607 67.3806
 54563.1 15100 3545.13 1148.09 175.814
 38556.5 26925.8 7185.67 1655.79 617.443
 73160.6 18011.2 8826.61 1963.16 612.22
 74276.2 34915.1 6827.85 2972.28 859.208
 104409 34146.5 10266.5 1595.31 879.214
 115201 47666.2 9576.8 2240.97 529.546
 66363.4 53984.4 15962.7 2698.03 770.033
 45792.1 29638.1 13039 2810.26 595.601
 44931.2 20711.5 7801.72 2598.02 663.99
 25786.2 19185.2 3687.12 885.514 357.415
 15173 9407.39 1172.61 89.8875 28.1863
 12367.6 5380.33 474.016 21.6525 2.01502
 8805.23 5359.25 1058.64 62.1348 3.00579
 11431.1 3915.41 1256.82 178.635 10.7142
 12908.6 5231.7 1116.85 281.095 41.5555
 19113.3 6017.67 1691.1 299.028 85.126
 26704.6 8912.1 1948.06 453.75 101.568
 36961 12882.2 3634.44 728.673 206.316
 53281.4 17739.1 5074.42 1293.3 330.069
pred_Ctot
 2485.33 3976.05 1650.54 197.53 0.106577
 2781.88 5603.03 1211.76 294.538 33.9765
 2326.48 10041.1 2654.22 340.306 88.9597
 791.508 1419.22 703.22 95.9907 14.7959
 245.383 454.052 152.121 50.3973 7.72697
 1650.07 6739.7 2405.05 564.143 210.568
 2054.53 3112.78 2089.28 473.879 147.935
 3982.87 10552.5 2713.34 1200.88 347.446
 6085.4 11041.4 4334.39 684.404 377.513
 4683.19 11417.3 3077.8 733.323 173.452
 4833.25 20771.7 7852.02 1346.55 384.609
 2953.14 10384.2 5910.42 1293.59 274.384
 4568.1 10119.3 4691.25 1580.82 404.271
 5008.51 13501.3 2919.25 705.373 284.797
 3180.88 6840.56 949.132 73.1551 22.946
 1141.95 2460.91 269.989 12.4898 1.1631
 666.267 2122.27 533.822 31.7804 1.53855
 647.236 1236.87 519.674 75.07 4.50644
 570.599 1346.05 383.384 98.208 14.5321
 842.012 1543.84 578.981 104.2 29.6911
 549.663 1158.87 351.379 83.5444 18.7211
 892.723 1941.26 755.099 154.463 43.7814
 1454.82 2988.89 1172.55 304.784 77.8671
F
 0.100638 0.683742 0.983732 1.00699 1.00824
 0.0924761 0.628289 0.903948 0.925316 0.926468
 0.161422 1.09671 1.57789 1.61519 1.6172
 0.0354835 0.241077 0.346849 0.355048 0.35549
 0.00627076 0.042604 0.0612964 0.0627453 0.0628234
 0.0611292 0.415316 0.597534 0.611659 0.612421
 0.0397384 0.269986 0.388441 0.397623 0.398118
 0.0771303 0.524028 0.753944 0.771765 0.772727
 0.0840905 0.571317 0.82198 0.84141 0.842458
 0.057987 0.393968 0.56682 0.580218 0.580941
 0.106085 0.72075 1.03698 1.06149 1.06281
 0.0934222 0.634716 0.913197 0.934782 0.935947
 0.150991 1.02584 1.47593 1.51082 1.5127
 0.308344 2.09491 3.01404 3.08529 3.08913
 0.336766 2.28801 3.29187 3.36968 3.37388
 0.13626 0.92576 1.33194 1.36342 1.36512
 0.110425 0.750237 1.0794 1.10492 1.10629
 0.0816015 0.554406 0.79765 0.816505 0.817522
 0.0631956 0.429355 0.617733 0.632335 0.633123
 0.0629763 0.427865 0.615589 0.630141 0.630926
 0.0289891 0.196954 0.283367 0.290065 0.290426
 0.0340935 0.231633 0.333262 0.34114 0.341564
 0.0386184 0.262376 0.377492 0.386416 0.386897
Np
 23971.2 11376.5 9292.28 2161 717.188
YTP_r0W_actual
 11230.6 83249.3 44728.6 15168.3 4870.54
YTP_p0W_proyectada
 6277.49 106632 56151.1 18635.2 6992.66
 6277.49 47653.8 77002.4 23310.4 8593.8
CTP_r0_actual
 1701.6 3440.06 1339.18 347.896 88.8785
CTP_p0_proyectada
 765.547 4936.65 1788.25 464.717 157.138
 765.547 2206.19 2452.31 581.306 193.119
Wmedp
 8.2 21.6 31.4 40.1 44.5
nmprior
 10.8 10.6 4.6 0
nm_flota  nm_reclas  nm_pelaces    nm_pelaL
inf 18.4276 14.2352 18.5653
cv_recla  cv_pelaces  cv_mph
0.756192 0.448466 0.519169
 ------------------------------------------------
Talla a la edad & desviaci?n 
 7.2 14.2025 17.0495 18.207 18.6776
 1.08 2.13037 2.55742 2.73105 2.80164
