years
 1997 1998 1999 2000 2001 2002 2003 2004 2005 2006 2007 2008 2009 2010 2011 2012 2013 2014 2015 2016 2017 2018 2019 2020 2021 2022
reclasobs
 0 0 0 370054 412103 1.49427e+06 250295 1.28982e+06 931140 785840 897777 1.04006e+06 184774 17550 25797 100020 73551 82996 120727 218422 84188 347160 605670 569463 516374 1.08416e+06
reclaspred
 462914 120921 334239 219445 312701 360845 774082 538207 675887 733239 620933 416633 255924 114407 78860 75902.1 83772.8 107830 113100 170491 280124 263732 446426 599055 734631 651944
pelacesobs
 0 0 0 0 0 0 0 0 0 2.06254e+06 1.5e+06 0 1.87456e+06 323000 250000 174000 83755 137374 0 501740 490994 745055 786931 1.00524e+06 1.33801e+06 1.41789e+06
pelacespred
 859111 188319 318746 325683 408377 359385 972992 770388 914134 975446 710121 492219 309605 110662 80197.1 81159.1 93871.4 122618 128567 195606 364913 322450 451668 690025 808747 795416
mphobs
 0 0 0 0 0 0 112323 0 153150 637223 0 255016 313432 73983 77613 109348 50772 17779 17303 59886 28197 0 207744 136588 643089 65757
mphpred
 561231 321403 367212 388126 398337 605054 855723 1.01965e+06 929340 1.09875e+06 1.18597e+06 834111 490250 259005 116332 102559 107107 137317 172038 189988 336499 452316 544761 801305 1.09011e+06 1.07374e+06
desembarqueobs
 350755 77701 442110 56441 14545 235359 269955 359681 431902 328805 639364 411747 362871 311530 167758 66681 60226 58785 57116 73181 50977 67692 138656 160484 209506 203330
desembarquepred
 350760 77699.9 442097 56443.3 14545.2 235451 270001 359667 431879 328772 639498 411937 363061 311805 167727 66693.5 60259.3 58789.6 57108.8 73172.9 50975.2 67682.4 138656 160482 209496 203314
Reclutas
 41982.9 52176.1 27135.2 38595.3 64069.5 43940.6 81564.1 83259.7 125611 144953 64529.8 39606.7 46759.2 24874.4 17528.3 15782.7 11430.3 13180.6 15394.7 30139.3 42260.3 46862.9 76906.6 110385 42325.5 48897.5
log_desv_Rt
 -0.000313015 0.217049 -0.436744 -0.084444 0.422393 0.0452633 0.663815 0.68439 1.09561 1.23883 0.429553 -0.0585752 0.107437 -0.523737 -0.873756 -0.978661 -1.30131 -1.15883 -1.00355 -0.331744 0.00627389 0.109652 0.605017 0.966396 0.00781483 0.152152
SSB
 561231 321403 367212 388126 398337 605054 832516 1.00807e+06 908264 1.07692e+06 1.18597e+06 834111 505673 270740 126493 111956 121557 149241 177299 205726 344869 452316 559399 787421 1.16699e+06 1.18126e+06
BT
 1.82033e+06 470158 810553 643853 743261 831152 1.92912e+06 1.78258e+06 2.0313e+06 2.05909e+06 1.83914e+06 1.25656e+06 908540 492407 282473 200000 217761 266901 279197 409068 694647 640754 905334 1.36657e+06 1.60991e+06 1.60393e+06
Ftot
 0.562182 0.497704 0.80357 0.174891 0.0349455 0.363791 0.248297 0.471596 0.5043 0.33057 0.584111 0.545687 0.899567 1.58283 1.53354 0.589557 0.482474 0.365773 0.318313 0.324347 0.131823 0.157486 0.193936 0.185963 0.155942 0.171636
BD_Bspro_t
 0.932139 0.698387 0.634181 0.467201 0.601209 0.747322 0.689613 0.70322 0.64768 0.640664 0.634229 0.474921 0.359039 0.259419 0.157032 0.169349 0.23916 0.355093 0.454749 0.551723 0.694381 0.794434 0.799823 0.804662 0.820291 0.775917
BD_Bspro
 0.647027 0.370536 0.423347 0.447459 0.459231 0.697549 0.959783 1.16217 1.04711 1.24155 1.36726 0.961621 0.582975 0.312128 0.14583 0.129071 0.140139 0.172056 0.204403 0.237175 0.397589 0.521461 0.644915 0.907795 1.34539 1.36184
BD_Bo
 0.399856 0.228987 0.261625 0.276526 0.2838 0.431078 0.593137 0.71821 0.647104 0.767264 0.844956 0.594273 0.360273 0.192892 0.0901215 0.0797645 0.0866048 0.106329 0.126319 0.146572 0.245706 0.322258 0.398551 0.561008 0.831438 0.841606
BD_Brms
 1.35575 0.776403 0.887062 0.937586 0.962252 1.46161 2.01109 2.43516 2.19407 2.60148 2.8649 2.01494 1.22154 0.654018 0.305565 0.270449 0.293642 0.360518 0.428296 0.496966 0.83309 1.09265 1.35132 1.90215 2.81907 2.85354
S_f
 0.164117 1 1 1 1
 0.164117 1 1 1 1
 0.164117 1 1 1 1
 0.164117 1 1 1 1
 0.164117 1 1 1 1
 0.164117 1 1 1 1
 0.164117 1 1 1 1
 0.164117 1 1 1 1
 0.164117 1 1 1 1
 0.164117 1 1 1 1
 0.164117 1 1 1 1
 0.164117 1 1 1 1
 0.164117 1 1 1 1
 0.164117 1 1 1 1
 0.164117 1 1 1 1
 0.164117 1 1 1 1
 0.164117 1 1 1 1
 0.164117 1 1 1 1
 0.164117 1 1 1 1
 0.164117 1 1 1 1
 0.164117 1 1 1 1
 0.164117 1 1 1 1
 0.164117 1 1 1 1
 0.164117 1 1 1 1
 0.164117 1 1 1 1
 0.164117 1 1 1 1
Scru_reclas
 0.82328 1 1 1 1
 0.82328 1 1 1 1
 0.82328 1 1 1 1
 0.82328 1 1 1 1
 0.82328 1 1 1 1
 0.82328 1 1 1 1
 0.82328 1 1 1 1
 0.82328 1 1 1 1
 0.82328 1 1 1 1
 0.82328 1 1 1 1
 0.82328 1 1 1 1
 0.82328 1 1 1 1
 0.82328 1 1 1 1
 0.82328 1 1 1 1
 0.82328 1 1 1 1
 0.82328 1 1 1 1
 0.82328 1 1 1 1
 0.82328 1 1 1 1
 0.82328 1 1 1 1
 0.82328 1 1 1 1
 0.82328 1 1 1 1
 0.82328 1 1 1 1
 0.82328 1 1 1 1
 0.82328 1 1 1 1
 0.82328 1 1 1 1
 0.82328 1 1 1 1
Scru_pelaces
 1 1 1 1 1
 1 1 1 1 1
 1 1 1 1 1
 1 1 1 1 1
 1 1 1 1 1
 1 1 1 1 1
 1 1 1 1 1
 1 1 1 1 1
 1 1 1 1 1
 1 1 1 1 1
 1 1 1 1 1
 1 1 1 1 1
 1 1 1 1 1
 1 1 1 1 1
 1 1 1 1 1
 1 1 1 1 1
 1 1 1 1 1
 1 1 1 1 1
 1 1 1 1 1
 1 1 1 1 1
 1 1 1 1 1
 1 1 1 1 1
 1 1 1 1 1
 1 1 1 1 1
 1 1 1 1 1
 1 1 1 1 1
pf_obs 
 0.256992 0.487395 0.22802 0.0275931 0
 0.321318 0.546541 0.124235 0.00734118 0.000564706
 0.182869 0.594174 0.210203 0.0122559 0.00049798
 0.330522 0.361315 0.267642 0.0388342 0.00168674
 0.649043 0.306663 0.0425973 0.00169635 0
 0.582887 0.30429 0.105238 0.00758474 0
 0.465427 0.430635 0.0974691 0.00646863 0
 0.296916 0.608066 0.0921331 0.00288517 0
 0.311714 0.524322 0.152257 0.0117073 0
 0.15457 0.633149 0.183074 0.0267441 0.00246327
 0.131901 0.49318 0.331252 0.0422183 0.00144891
 0.196976 0.569456 0.194076 0.0375587 0.00193317
 0.518974 0.381816 0.0799577 0.0180837 0.00116848
 0.0928022 0.601141 0.25162 0.0475244 0.00691264
 0.122501 0.610282 0.24278 0.0234846 0.000952079
 0.383417 0.481906 0.127806 0.00687128 0
 0.0376549 0.599619 0.316969 0.0457579 0
 0.0361596 0.667082 0.258105 0.0386534 0
 0.158088 0.579412 0.248529 0.0139706 0
 0.0477256 0.309471 0.559284 0.082774 0.000745712
 0.0406174 0.521527 0.379366 0.0568643 0.0016247
 0.151134 0.462217 0.34131 0.0453401 0
 0.294876 0.26143 0.354403 0.0886775 0.000613685
 0.281977 0.475581 0.204845 0.0348837 0.00271318
 0.0841818 0.532909 0.334909 0.0458182 0.00218182
 0.115287 0.27431 0.454777 0.147771 0.00785563
pf_pred 
 0.3156 0.481377 0.181401 0.0216112 1.03912e-05
 0.296781 0.553509 0.1053 0.039681 0.00472965
 0.157926 0.645088 0.155049 0.0294966 0.0124403
 0.264779 0.46334 0.20828 0.0500607 0.0135402
 0.287187 0.502153 0.132759 0.0596777 0.0182233
 0.156261 0.602351 0.17005 0.0449577 0.0263805
 0.28992 0.407152 0.216263 0.0610531 0.0256126
 0.234041 0.56439 0.115578 0.0613902 0.0246017
 0.310469 0.483083 0.152119 0.0311515 0.0231773
 0.266144 0.570976 0.114113 0.0359334 0.0128335
 0.120659 0.634342 0.190621 0.0380968 0.0162808
 0.124485 0.461076 0.29897 0.0898409 0.0256286
 0.234329 0.406277 0.189269 0.122726 0.0473996
 0.198856 0.597106 0.108266 0.0504371 0.0453356
 0.274521 0.563359 0.120831 0.0219089 0.0193807
 0.282205 0.601051 0.0906558 0.0194442 0.00664434
 0.19216 0.615339 0.161192 0.0243125 0.00699653
 0.23304 0.496106 0.206311 0.0540447 0.0104973
 0.240148 0.522937 0.153248 0.0637299 0.0199371
 0.346128 0.452233 0.13877 0.0406668 0.0222024
 0.288373 0.562365 0.103233 0.0316776 0.0143514
 0.223142 0.5627 0.169239 0.0310671 0.013852
 0.280638 0.470051 0.180583 0.0543124 0.0144155
 0.274603 0.52423 0.131448 0.0504993 0.0192195
 0.0900618 0.65136 0.18687 0.0468566 0.0248523
 0.140966 0.338152 0.372862 0.106971 0.0410488
pobs_RECLAS
 0 0 0 0 0
 0 0 0 0 0
 0 0 0 0 0
 0 0 0 0 0
 0.835266 0.146461 0.0176864 0.000547809 3.91292e-05
 0.385257 0.428462 0.181853 0.0044286 0
 0.867414 0.0963971 0.0333333 0.00285562 0
 0.441836 0.489002 0.0689373 0.000224442 0
 0.779404 0.147425 0.0564933 0.0165055 0.000172143
 0.814271 0.122319 0.05973 0.00367925 0
 0.40263 0.566651 0.0304383 0.000280538 0
 0.475488 0.404961 0.113038 0.00651328 0
 0.955842 0.0263864 0.0167828 0.000988607 0
 0.975058 0.0227948 0.00214734 0 0
 0.738997 0.206755 0.0527124 0.00153531 0
 0.850938 0.134255 0.0134407 0.00136685 0
 0.542534 0.407297 0.0501686 0 0
 0.764087 0.199537 0.0359546 0.000420521 0
 0.470689 0.182191 0.310203 0.0369168 0
 0.84361 0.089868 0.0606195 0.00523954 0.000663233
 0.607945 0.314616 0.071237 0.00620181 0
 0.523733 0.453247 0.0230204 0 0
 0.530135 0.295979 0.169645 0.0042399 0
 0.562478 0.366248 0.0663022 0.0049721 0
 0.250443 0.683176 0.0655157 0.000865301 0
 0.195077 0.31981 0.436473 0.0351445 0.0134964
ppred_RECLAS
 0.70644 0.206477 0.0778086 0.00926969 4.45709e-06
 0.686496 0.246762 0.0469441 0.0176903 0.00210854
 0.500698 0.3825 0.091935 0.0174898 0.00737639
 0.645909 0.22315 0.10031 0.0241098 0.0065211
 0.669378 0.232912 0.0615774 0.0276801 0.00845247
 0.487299 0.366021 0.103331 0.0273187 0.0160302
 0.675108 0.18629 0.0989496 0.0279344 0.0117189
 0.612678 0.285395 0.0584441 0.0310432 0.0124403
 0.70038 0.209913 0.0661 0.0135362 0.0100712
 0.649927 0.272374 0.0544357 0.0171414 0.00612197
 0.417767 0.420014 0.126215 0.0252248 0.01078
 0.425579 0.302509 0.196153 0.0589441 0.0168148
 0.623248 0.19991 0.0931307 0.0603877 0.0233232
 0.596183 0.300971 0.0545716 0.0254229 0.0228514
 0.690681 0.240197 0.0515182 0.00934119 0.00826326
 0.672874 0.273922 0.0413153 0.00886145 0.00302808
 0.552087 0.341179 0.0893742 0.0134802 0.00387928
 0.609314 0.252714 0.105094 0.0275301 0.00534728
 0.6178 0.263033 0.0770825 0.0320556 0.0100282
 0.730356 0.186492 0.057226 0.0167702 0.00915583
 0.671832 0.259336 0.0476062 0.0146082 0.00661819
 0.592392 0.295242 0.0887975 0.0163005 0.00726798
 0.664248 0.21939 0.0842844 0.0253495 0.00672824
 0.657389 0.247598 0.0620839 0.0238512 0.00907752
 0.333664 0.476983 0.136842 0.0343125 0.018199
 0.453855 0.214986 0.237053 0.0680086 0.0260975
pobs_PELACES
 0 0 0 0 0
 0 0 0 0 0
 0 0 0 0 0
 0 0 0 0 0
 0 0 0 0 0
 0 0 0 0 0
 0 0 0 0 0
 0 0 0 0 0
 0 0 0 0 0
 0 0 0 0 0
 0.450072 0.473896 0.0757376 0.000293798 0
 0 0 0 0 0
 0.463077 0.371075 0.160297 0.00555027 0
 0.529543 0.364841 0.0842815 0.0213345 0
 0.631943 0.363953 0.00410389 0 0
 0.735681 0.248677 0.0153453 0.000297389 0
 0.695825 0.281241 0.0229344 0 0
 0.275771 0.60734 0.115278 0.00161068 0
 0 0 0 0 0
 0.896147 0.0623911 0.0374545 0.00400742 0
 0.803859 0.145111 0.0509908 3.86294e-05 0
 0.739449 0.233085 0.0266225 0.000797448 4.60066e-05
 0.878498 0.100942 0.0204185 0.000141795 0
 0.694673 0.275183 0.0284847 0.00165964 0
 0.469039 0.446079 0.0841089 0.000773354 0
 0.822795 0.102175 0.0682046 0.00682512 0
ppred_PELACES
 0.773414 0.159371 0.0600571 0.00715487 3.44023e-06
 0.753159 0.19429 0.0369619 0.0139287 0.00166018
 0.603223 0.30396 0.0730575 0.0138985 0.00586176
 0.699266 0.189524 0.0851945 0.0204767 0.00553845
 0.712892 0.202258 0.053473 0.0240371 0.00734002
 0.560698 0.313621 0.0885383 0.0234077 0.0137353
 0.729942 0.154848 0.0822492 0.0232197 0.00974101
 0.686354 0.231107 0.0473269 0.0251382 0.0100739
 0.765428 0.16434 0.0517495 0.0105974 0.0078847
 0.711845 0.224199 0.0448075 0.0141095 0.00503917
 0.505908 0.35643 0.107108 0.0214062 0.00914803
 0.511266 0.257384 0.166892 0.0501514 0.0143065
 0.720301 0.148413 0.0691399 0.0448316 0.017315
 0.7351 0.197434 0.0357984 0.0166771 0.0149903
 0.80546 0.151067 0.0324013 0.00587495 0.00519701
 0.746171 0.212545 0.032058 0.00687591 0.00234959
 0.631033 0.281045 0.0736217 0.0111043 0.00319554
 0.676949 0.208965 0.0869005 0.0227642 0.00442157
 0.681893 0.218924 0.0641562 0.0266801 0.00834653
 0.782511 0.150421 0.0461573 0.0135265 0.00738491
 0.720572 0.220818 0.0405356 0.0124385 0.00563523
 0.648343 0.254715 0.0766086 0.014063 0.00627033
 0.717124 0.184839 0.071011 0.0213574 0.00566865
 0.710423 0.209272 0.0524739 0.0201592 0.0076724
 0.388366 0.437825 0.125608 0.0314957 0.016705
 0.51417 0.191243 0.210874 0.0604979 0.0232153
pobs_pel_tallas
 0 0 0 0 0 0 0 0 0 0 0 0 0 0 0 0 0 0 0 0 0 0 0 0 0 0 0 0 0 0 0 0 0 0 0 0
 0 0 0 0 0 0 0 0 0 0 0 0 0 0 0 0 0 0 0 0 0 0 0 0 0 0 0 0 0 0 0 0 0 0 0 0
 0 0 0 0 0 0 0 0 0 0 0 0 0 0 0 0 0 0 0 0 0 0 0 0 0 0 0 0 0 0 0 0 0 0 0 0
 0 0 0 0 0 0 0 0 0 0 0 0 0 0 0 0 0 0 0 0 0 0 0 0 0 0 0 0 0 0 0 0 0 0 0 0
 0 0 0 0 0 0 0 0 0 0 0 0 0 0 0 0 0 0 0 0 0 0 0 0 0 0 0 0 0 0 0 0 0 0 0 0
 0 0 0 0 0 0 0 0 0 0 0 0 0 0 0 0 0 0 0 0 0 0 0 0 0 0 0 0 0 0 0 0 0 0 0 0
 0 0 0 0 0 0 0 0 0 0 0 0 0 0 0 0 0 0 0 0 0 0 0 0 0 0 0 0 0 0 0 0 0 0 0 0
 0 0 0 0 0 0 0 0 0 0 0 0 0 0 0 0 0 0 0 0 0 0 0 0 0 0 0 0 0 0 0 0 0 0 0 0
 0 0 0 0 0 0 0 0 0 0 0 0 0 0 0 0 0 0 0 0 0 0 0 0 0 0 0 0 0 0 0 0 0 0 0 0
 0 0 0 0 0 0 0 0 0 0 0 0 0 0 0 0 0 0 0 0 0 0 0 0 0 0 0 0 0 0 0 0 0 0 0 0
 0 0 0 0 0 0 0 0 1.78061e-05 0.00172719 0.00360574 0.0105946 0.0120993 0.0124554 0.0147524 0.0171206 0.0266825 0.0428682 0.0675386 0.121331 0.153587 0.119568 0.100827 0.0573624 0.0630603 0.0341343 0.0324427 0.0444173 0.0211091 0.0280891 0.0125444 0.00206551 0 0 0 0
 0 0 0 0 0 0 0 0 0 0 0 0 0 0 0 0 0 0 0 0 0 0 0 0 0 0 0 0 0 0 0 0 0 0 0 0
 0 0 0 0 0 0 0.0133647 0.0140871 0.0187388 0.0205184 0.03894 0.0496705 0.03968 0.0493445 0.0407372 0.0367815 0.0215668 0.0243155 0.0234873 0.0199281 0.019796 0.0243948 0.0301388 0.0376714 0.0412746 0.0863199 0.0771752 0.113111 0.0741005 0.0525337 0.0229764 0.00759418 0.00175318 0 0 0
 0 0 0 0 0 0 0 0 0 0 0.00219441 0.00772107 0.0458388 0.0604681 0.0671733 0.0775358 0.0609151 0.0617685 0.073594 0.0568108 0.0755445 0.0548602 0.0670107 0.0636378 0.0643287 0.046367 0.0373049 0.0286899 0.0247887 0.0153202 0.00654259 0.00121912 0.000365735 0 0 0
 0 0 0 0 0 0 0 0 0 0 0 0 0.000112435 0.00938835 0.0111873 0.0202946 0.0414886 0.0713402 0.111592 0.104902 0.108894 0.110636 0.117776 0.105296 0.107544 0.0401394 0.0192827 0.0124803 0.00416011 0.0028671 0.000618394 0 0 0 0 0
 0 0 0 0 0 0 0 0 0 0 0.00291406 0.0102884 0.027416 0.0768956 0.0749926 0.110853 0.0956884 0.0897413 0.0766577 0.0534642 0.0500743 0.0551293 0.0594112 0.0620874 0.0668451 0.0424026 0.0208742 0.0120726 0.0048766 0.00582813 0.00118941 0.000297354 0 0 0 0
 0 0.00264628 0.0354308 0.0461629 0.0458689 0.0383711 0.0214643 0.0164657 0.0346957 0.0420465 0.0363128 0.0245516 0.0311673 0.0291091 0.0169068 0.0133784 0.00837989 0.0085269 0.0148486 0.0160247 0.0276389 0.0546898 0.0760071 0.122758 0.109233 0.0665981 0.0333725 0.0166128 0.00676272 0.00308733 0.000882094 0 0 0 0 0
 0 0 0 0 0 0 0 0.000805153 0.000690131 0.00759144 0.0133425 0.0154129 0.00931677 0.000345066 0.00356568 0.00563607 0.00851162 0.0253048 0.0502646 0.0516448 0.0657925 0.0565908 0.0611916 0.0827007 0.0866115 0.110766 0.145733 0.0935128 0.0569358 0.0249597 0.0138026 0.00621118 0.00161031 0.00115022 0 0
 0 0 0 0 0 0 0 0 0 0 0 0 0 0 0 0 0 0 0 0 0 0 0 0 0 0 0 0 0 0 0 0 0 0 0 0
 0.00147267 0.00158595 0.00478618 0.00569244 0.00954404 0.0108468 0.00647125 0.017049 0.0510054 0.094081 0.124002 0.0959785 0.0687766 0.0820023 0.061753 0.0591476 0.0492212 0.0479892 0.0443925 0.0268479 0.0217502 0.0140895 0.0121071 0.0120363 0.00920419 0.00665534 0.0049561 0.00860946 0.00930331 0.0156896 0.0114698 0.00855282 0.00243557 0.00046729 0 2.83206e-05
 0 0 0 0 0.000772559 0.00158375 0.000888443 0.00281984 0.00712685 0.0440552 0.0773331 0.111326 0.0921469 0.0852325 0.0710754 0.0886704 0.0786465 0.0553345 0.0373146 0.0185414 0.00753245 0.00457741 0.012979 0.0271748 0.0457355 0.0583668 0.034881 0.0177882 0.00938659 0.00492506 0.0015258 0.00185414 0.000309023 5.79419e-05 3.86279e-05 0
 0 0.00173294 0.00326652 0 0.00397197 0.00683976 0.00946217 0.0152591 0.00757587 0.0136028 0.0228656 0.0392903 0.0559909 0.0764795 0.0681675 0.0726916 0.0566044 0.0477403 0.0527397 0.0444891 0.0609904 0.0582453 0.0661739 0.0445044 0.0529084 0.0360697 0.0280645 0.0235558 0.0158879 0.00826598 0.00280645 0.00217768 0.000904811 0.00058276 9.20147e-05 0
 0 0 0 0 0 0 0 0 0 0 0 0 0 0 0 0 0 0 0 0 0 0 0 0 0 0 0 0 0 0 0 0 0 0 0 0
 0 0 0 0 0 0 0 0 0 0 0 0 0 0 0 0 0 0 0 0 0 0 0 0 0 0 0 0 0 0 0 0 0 0 0 0
 0 0 0 0 0 0 0 0 0 0 0 0 0 0 0 0 0 0 0 0 0 0 0 0 0 0 0 0 0 0 0 0 0 0 0 0
 0 0 0 0 0 0 0 0 0 0 0 0 0 0 0 0 0 0 0 0 0 0 0 0 0 0 0 0 0 0 0 0 0 0 0 0
ppred_pel_tallas
 1.01151e-16 3.37437e-05 0.000198052 0.000941454 0.00362466 0.0113032 0.0285509 0.0584188 0.0968351 0.130045 0.141511 0.124812 0.089322 0.0520832 0.0251916 0.0109524 0.00567554 0.0050192 0.00632282 0.00841768 0.0108247 0.0132533 0.0154355 0.0171206 0.0181184 0.0183386 0.017807 0.0166511 0.0150614 0.013244 0.0113784 0.00959375 0.00796412 0.00651871 0.00525877 0.0041731
 1.01145e-16 3.28618e-05 0.000192871 0.00091682 0.0035298 0.0110074 0.0278037 0.0568903 0.0943025 0.126647 0.137822 0.12158 0.0870538 0.0508518 0.0247659 0.011056 0.00614279 0.0058059 0.00745032 0.00991675 0.0126986 0.0154572 0.0178697 0.0196376 0.0205428 0.0204962 0.0195559 0.0179057 0.0158045 0.0135229 0.011289 0.00925685 0.00750136 0.00603358 0.00482549 0.00383376
 1.01888e-16 2.63284e-05 0.000154504 0.000734395 0.00282738 0.00881686 0.0222709 0.0455705 0.0755432 0.101468 0.110457 0.0975262 0.0700203 0.0412838 0.02082 0.0105079 0.00754967 0.00861527 0.0116348 0.0156251 0.0200508 0.024444 0.0283101 0.031181 0.0327104 0.0327508 0.0313832 0.0288848 0.0256512 0.0220993 0.0185834 0.0153466 0.0125126 0.0101081 0.00810022 0.00643174
 1.02234e-16 3.05118e-05 0.000179074 0.000851229 0.00327726 0.0102198 0.0258145 0.0528201 0.0875562 0.117589 0.127968 0.112896 0.080856 0.0472724 0.0231007 0.0104491 0.00600642 0.00586771 0.0076367 0.0102474 0.0132348 0.0162824 0.0190794 0.0213285 0.0227985 0.0233712 0.0230606 0.0219969 0.0203828 0.01844 0.0163629 0.0142921 0.0123119 0.0104619 0.00875676 0.00720232
 1.01994e-16 3.11063e-05 0.000182564 0.000867817 0.00334112 0.010419 0.0263175 0.0538495 0.0892627 0.119881 0.130464 0.115101 0.0824414 0.0482115 0.0235816 0.0107016 0.00619508 0.00607784 0.00789998 0.0105635 0.0135791 0.0166075 0.0193173 0.0213976 0.0226158 0.0228682 0.0221983 0.0207765 0.0188489 0.0166753 0.0144749 0.012397 0.010517 0.00885244 0.00738786 0.00609725
 1.02806e-16 2.44746e-05 0.000143619 0.000682646 0.00262813 0.00819549 0.0207014 0.0423593 0.0702209 0.094322 0.102686 0.090685 0.0651513 0.0384992 0.0195757 0.0101442 0.0076213 0.00892645 0.0121426 0.0163503 0.0210311 0.0257144 0.0298947 0.0330896 0.0349369 0.0352746 0.0341705 0.0318906 0.0288205 0.0253683 0.0218811 0.0185972 0.0156399 0.0130411 0.0107785 0.00881076
 1.02472e-16 3.1848e-05 0.000186922 0.000888545 0.00342095 0.0106679 0.0269463 0.0551356 0.0913931 0.122738 0.133561 0.117806 0.0843193 0.0491896 0.0238371 0.0104432 0.00553313 0.00501802 0.00639646 0.00857449 0.011107 0.0137234 0.0161695 0.0182015 0.0196258 0.0203368 0.0203322 0.0197012 0.0185908 0.0171643 0.0155661 0.0139025 0.0122403 0.0106172 0.00905622 0.00757767
 1.02082e-16 2.99503e-05 0.000175775 0.000835533 0.00321681 0.0100313 0.0253384 0.0518462 0.0859431 0.115426 0.125624 0.110851 0.079442 0.0465468 0.0229337 0.0106882 0.00657453 0.00676673 0.00890529 0.0119166 0.0152953 0.0186646 0.0216479 0.0238925 0.0251382 0.0252748 0.0243639 0.0226128 0.0203154 0.0177784 0.0152586 0.0129271 0.0108656 0.00908484 0.00755505 0.0062334
 1.01521e-16 3.33956e-05 0.000196008 0.000931737 0.00358725 0.0111865 0.0282562 0.0578159 0.0958359 0.128704 0.140053 0.12353 0.0884118 0.051568 0.0249715 0.0109061 0.00572257 0.00512545 0.00648146 0.00863112 0.0110946 0.0135765 0.015803 0.017519 0.0185326 0.0187558 0.0182206 0.017062 0.0154785 0.0136809 0.0118498 0.0101104 0.00852951 0.00712701 0.00589546 0.00481728
 1.0143e-16 3.10616e-05 0.000182299 0.000866554 0.00333625 0.0104038 0.0262792 0.0537712 0.0891335 0.119709 0.130282 0.114951 0.0823595 0.0482138 0.0236757 0.0109001 0.00652251 0.00656778 0.00858545 0.0114648 0.0146915 0.0178921 0.0206972 0.0227629 0.0238369 0.0238152 0.0227633 0.0208912 0.0184952 0.0158854 0.0133233 0.0109853 0.00895759 0.00725328 0.00584111 0.0046727
 1.028e-16 2.20873e-05 0.0001296 0.000615986 0.00237146 0.00739506 0.0186796 0.0382229 0.0633661 0.0851214 0.0926881 0.0818983 0.0589325 0.0350135 0.0181527 0.00997563 0.00818587 0.0100291 0.0137802 0.0185827 0.0239047 0.0292234 0.033965 0.0375787 0.0396503 0.0399928 0.0386818 0.0360194 0.0324458 0.0284295 0.0243713 0.0205506 0.0171158 0.0141105 0.0115146 0.00928318
 1.04845e-16 2.2317e-05 0.000130957 0.00062246 0.00239642 0.00747292 0.0188761 0.0386243 0.0640288 0.0860032 0.0936262 0.0826747 0.0593773 0.03505 0.0177562 0.00910216 0.00673543 0.00785891 0.0107492 0.0146074 0.0190142 0.0236001 0.0279586 0.0316827 0.0344395 0.0360326 0.0364306 0.0357489 0.0341988 0.032023 0.0294417 0.0266243 0.0236882 0.0207144 0.0177691 0.014918
 1.0338e-16 3.14272e-05 0.000184453 0.000876808 0.00337576 0.010527 0.0265903 0.0544072 0.0901857 0.121116 0.131795 0.116246 0.0831979 0.0485255 0.0234968 0.0102631 0.00539432 0.00485546 0.00618004 0.00829312 0.0107632 0.013334 0.0157668 0.0178334 0.0193523 0.0202233 0.0204417 0.0200854 0.0192826 0.0181722 0.0168725 0.0154645 0.0139945 0.012486 0.0109566 0.00942909
 1.01847e-16 3.20745e-05 0.000188249 0.000894842 0.00344518 0.0107435 0.0271372 0.0555265 0.0920422 0.123613 0.134521 0.118673 0.0849832 0.0496639 0.0242278 0.010885 0.00614631 0.00589644 0.0076047 0.0101389 0.0130005 0.0158517 0.0183681 0.0202493 0.0212753 0.0213553 0.0205458 0.0190281 0.0170569 0.0148968 0.0127675 0.0108136 0.00910149 0.00763542 0.00638448 0.00530692
 1.00954e-16 3.51407e-05 0.000206254 0.000980451 0.00377481 0.0117714 0.0297336 0.0608387 0.100846 0.13543 0.147366 0.129966 0.0929874 0.0541742 0.0261158 0.0112032 0.00558342 0.00472507 0.00585128 0.00774487 0.00991492 0.0120755 0.0139714 0.0153694 0.0160987 0.0160886 0.0153823 0.0141207 0.0125031 0.0107385 0.00900354 0.00741821 0.00604163 0.00488385 0.00392475 0.00313236
 1.00871e-16 3.25579e-05 0.000191085 0.000908324 0.00349708 0.0109053 0.027546 0.0563631 0.0934293 0.125476 0.136552 0.12047 0.0862828 0.0504484 0.0246569 0.011155 0.00640371 0.00622586 0.00804815 0.0107107 0.0136902 0.0166214 0.0191508 0.0209525 0.0217914 0.0215765 0.020381 0.0184181 0.0159839 0.0133866 0.0108852 0.00865367 0.00677443 0.00525511 0.0040564 0.00311954
 1.01668e-16 2.75402e-05 0.00016162 0.000768231 0.00295767 0.00922315 0.0232971 0.0476701 0.0790226 0.106138 0.115532 0.101986 0.073176 0.0430516 0.0215398 0.0105897 0.00725815 0.00805002 0.010799 0.0144913 0.0186001 0.022685 0.0262868 0.028971 0.0304148 0.0304786 0.0292338 0.0269331 0.0239397 0.0206378 0.0173559 0.0143213 0.0116525 0.00937943 0.00747648 0.00589493
 1.02291e-16 2.95394e-05 0.000173364 0.000824077 0.00317271 0.00989378 0.024991 0.0511353 0.0847641 0.113841 0.123896 0.109318 0.0783258 0.0458579 0.0225304 0.0103959 0.00626015 0.00635119 0.00835011 0.011215 0.0144729 0.0177833 0.0208048 0.0232108 0.0247488 0.0252928 0.0248644 0.0236136 0.0217712 0.0195875 0.0172806 0.0150074 0.012859 0.0108756 0.00906745 0.00743457
 1.02289e-16 2.97554e-05 0.000174631 0.000830099 0.00319589 0.00996607 0.0251736 0.051509 0.0853838 0.114674 0.124803 0.110122 0.0789094 0.046214 0.0227317 0.0105315 0.00639681 0.0065268 0.00858136 0.0115029 0.0148033 0.0181258 0.0211138 0.0234304 0.0248214 0.0251705 0.0245196 0.0230469 0.0210128 0.0186931 0.016322 0.0140599 0.0119901 0.0101352 0.00848397 0.00701418
 1.01515e-16 3.41399e-05 0.000200379 0.00095252 0.00366727 0.0114361 0.0288866 0.0591055 0.097973 0.131572 0.14317 0.126269 0.0903498 0.0526531 0.025412 0.0109535 0.00553846 0.00476977 0.00595444 0.00791379 0.0101729 0.0124535 0.014504 0.0160913 0.0170404 0.0172706 0.0168106 0.015783 0.0143674 0.0127546 0.0111071 0.00953692 0.00810302 0.00682232 0.00568765 0.0046837
 1.01339e-16 3.1442e-05 0.000184533 0.000877173 0.00337714 0.0105313 0.0266013 0.0544301 0.0902256 0.121175 0.131876 0.116354 0.0833561 0.0487803 0.0239222 0.0109598 0.00648425 0.00646868 0.00843141 0.0112494 0.0144066 0.0175322 0.0202619 0.0222573 0.0232715 0.0232045 0.0221238 0.0202402 0.0178493 0.0152597 0.0127307 0.0104371 0.0084624 0.00681733 0.0054677 0.00436208
 1.01947e-16 2.82939e-05 0.000166048 0.000789285 0.00303874 0.00947597 0.0239357 0.0489764 0.0811871 0.109042 0.118685 0.104751 0.0751187 0.0441118 0.0219172 0.0105231 0.00689181 0.00742385 0.00989501 0.0132802 0.0170718 0.0208659 0.0242466 0.0268194 0.028288 0.0285191 0.0275671 0.0256487 0.0230795 0.0201954 0.0172841 0.014546 0.0120882 0.00994201 0.00809296 0.00650833
 1.02068e-16 3.12902e-05 0.000183645 0.000872959 0.00336093 0.0104807 0.0264735 0.0541685 0.089791 0.120589 0.13123 0.115767 0.0828986 0.0484378 0.0236161 0.0105896 0.00595644 0.00570614 0.00737777 0.00987855 0.0127369 0.0156389 0.0182809 0.0203747 0.0216996 0.0221473 0.0217404 0.0206158 0.0189804 0.0170574 0.01504 0.0130647 0.0112087 0.00950279 0.00795137 0.00654999
 1.01865e-16 3.0999e-05 0.000181933 0.000864815 0.00332956 0.0103829 0.0262265 0.0536632 0.0889542 0.119467 0.130015 0.114709 0.08217 0.048071 0.0235467 0.0107426 0.00629685 0.00624056 0.00813149 0.0108711 0.0139636 0.0170592 0.0198147 0.0219083 0.0231007 0.023287 0.0225163 0.0209702 0.0189091 0.0166073 0.0142967 0.0121349 0.0102007 0.00851128 0.00704724 0.0057769
 1.03789e-16 1.69652e-05 9.95211e-05 0.000472972 0.00182079 0.0056778 0.0143421 0.0293486 0.0486594 0.0653807 0.0712331 0.063037 0.0455698 0.027495 0.0150279 0.00949324 0.00920495 0.0121053 0.0168808 0.0228154 0.0293599 0.0358981 0.0417313 0.0461861 0.0487564 0.0492149 0.0476558 0.0444503 0.0401374 0.0352882 0.0303891 0.0257759 0.0216231 0.0179777 0.0148104 0.0120641
 1.0622e-16 2.2441e-05 0.000131691 0.000625962 0.00240992 0.00751506 0.0189825 0.0388415 0.064387 0.0864788 0.0941295 0.0830848 0.0595972 0.0350303 0.0174719 0.00851346 0.00576873 0.00641608 0.00873584 0.011969 0.0157713 0.019876 0.0239878 0.0277951 0.0310181 0.0334532 0.0349962 0.0356372 0.0354339 0.0344789 0.0328725 0.0307125 0.0280969 0.0251335 0.0219472 0.0186782
pSPR Fmed_Fpbrs
0.451395   0.344934 0.344934
Fs Fmed_Fpbrs
0.64   1.005 1.005
SSBpbr Bo_Bmed_Bpbrs
1.40358e+06  563390  413964 413964
Ro
41996
SPR SPRFo_SPRFmed_SPRFpbrs
867400 391540 299196
log_Ro
10.4653
likeval ReclasPelacesDesembMPH_pf_preclas_ppelaces_ptallas_desvR_qrecl_qpela
 69.9062 56.2486 0.00974687 81.2882 334.578 200.865 54.763 0 16.324 2.63818e-05 0 0 0 0 0
q_reclas_q_pelaces
0.482952 1
M
0.7
N
 41982.9 12777.9 4815.19 573.655 0.275827
 52176.1 19010.6 3616.59 1362.87 162.443
 27135.2 23877.6 5739.05 1091.8 460.472
 38595.3 11810.1 5308.84 1275.99 345.125
 64069.5 18623.6 4923.7 2213.29 675.856
 43940.6 31634 8930.59 2361.07 1385.44
 81564.1 20555.6 10918.3 3082.35 1293.09
 83259.7 38886.2 7963.25 4229.76 1695.05
 125611 38266.3 12049.8 2467.59 1835.93
 144953 57421.8 11476.1 3613.74 1290.63
 64529.8 68180.4 20488.3 4094.72 1749.9
 39606.7 29115.3 18878.9 5673.14 1618.36
 46759.2 17983.3 8377.74 5432.28 2098.08
 24874.4 20032.9 3632.34 1692.17 1521.01
 17528.3 9526.42 2043.26 370.48 327.729
 15782.7 6767.55 1020.74 218.932 74.8121
 11430.3 7114.66 1863.73 281.105 80.8951
 13180.6 5244.01 2180.78 571.271 110.96
 15394.7 6163.95 1806.36 751.195 235.002
 30139.3 7255.69 2226.44 652.464 356.218
 42260.3 14190.9 2605.02 799.362 362.148
 46862.9 20536.7 6176.66 1133.85 505.553
 76906.6 22677.7 8712.24 2620.31 695.478
 110385 36994.3 9276.13 3563.68 1356.3
 42325.5 53167.7 15253.4 3824.7 2028.59
 48897.5 20487.1 22590 6480.9 2486.96
pred_Ctot
 2675.24 4080.47 1537.68 183.191 0.0880825
 2957.03 5514.98 1049.17 395.369 47.1247
 2429.51 9923.93 2385.24 453.77 191.38
 786.658 1376.59 618.801 148.73 40.2279
 263.586 460.886 121.849 54.7734 16.7257
 1837.79 7084.26 1999.96 528.748 310.261
 2347.77 3297.12 1751.3 494.409 207.411
 4479.5 10802.3 2212.14 1175 470.872
 7209.83 11218.4 3532.57 723.412 538.232
 5522.11 11846.9 2367.69 745.567 266.276
 4265.7 22426.1 6739.06 1346.84 575.581
 2452.66 9084.33 5890.45 1770.09 504.946
 4654.96 8070.71 3759.84 2437.95 941.596
 4154.04 12473.4 2261.65 1053.62 947.049
 2845.77 5839.96 1252.58 227.115 200.907
 1052.62 2241.92 338.146 72.5267 24.7834
 628.664 2013.13 527.352 79.54 22.8896
 554.198 1179.8 490.634 128.525 24.9639
 565.229 1230.82 360.695 149.999 46.9254
 1127.07 1472.58 451.868 132.421 72.2963
 651.264 1270.05 233.143 71.541 32.4114
 861.192 2171.68 653.159 119.9 53.4604
 1735.84 2907.41 1116.96 335.939 89.1645
 2390.41 4563.42 1144.25 439.596 167.305
 770.269 5570.86 1598.23 400.749 212.553
 978.319 2346.81 2587.7 742.39 284.883
F
 0.0922633 0.562182 0.562182 0.562182 0.562182
 0.0816815 0.497704 0.497704 0.497704 0.497704
 0.131879 0.80357 0.80357 0.80357 0.80357
 0.0287026 0.174891 0.174891 0.174891 0.174891
 0.00573514 0.0349455 0.0349455 0.0349455 0.0349455
 0.0597041 0.363791 0.363791 0.363791 0.363791
 0.0407497 0.248297 0.248297 0.248297 0.248297
 0.0773967 0.471596 0.471596 0.471596 0.471596
 0.082764 0.5043 0.5043 0.5043 0.5043
 0.054252 0.33057 0.33057 0.33057 0.33057
 0.0958623 0.584111 0.584111 0.584111 0.584111
 0.0895562 0.545687 0.545687 0.545687 0.545687
 0.147634 0.899567 0.899567 0.899567 0.899567
 0.259769 1.58283 1.58283 1.58283 1.58283
 0.251679 1.53354 1.53354 1.53354 1.53354
 0.0967561 0.589557 0.589557 0.589557 0.589557
 0.079182 0.482474 0.482474 0.482474 0.482474
 0.0600295 0.365773 0.365773 0.365773 0.365773
 0.0522405 0.318313 0.318313 0.318313 0.318313
 0.0532307 0.324347 0.324347 0.324347 0.324347
 0.0216343 0.131823 0.131823 0.131823 0.131823
 0.025846 0.157486 0.157486 0.157486 0.157486
 0.0318281 0.193936 0.193936 0.193936 0.193936
 0.0305197 0.185963 0.185963 0.185963 0.185963
 0.0255926 0.155942 0.155942 0.155942 0.155942
 0.0281683 0.171636 0.171636 0.171636 0.171636
Np
 30112.4 12679.7 4291.17 1557.62 2029.7
YTP_r0W_actual
 48582.9 250975 384599 129405 53975.6
YTP_p0W_proyectada
 27259.2 245933 129772 182739 82513
 27259.2 132092 64986.2 30124.7 43562
CTP_r0_actual
 5398.1 9880.91 10895.1 3125.73 1199.46
CTP_p0_proyectada
 3324.3 11385.8 4132.86 4557.08 1854.22
 3324.3 6115.39 2069.62 751.239 978.922
Wmedp
 8.2 21.6 31.4 40.1 44.5
nmprior
 10.8 10.6 4.6 0
nm_flota  nm_reclas  nm_pelaces    nm_pelaL
inf 16.0897 18.7471 60.549
cv_recla  cv_pelaces  cv_mph
0.739657 0.821574 1.22692
 ------------------------------------------------
Talla a la edad & desviaci?n 
 7.2 14.2025 17.0495 18.207 18.6776
 1.08 2.13037 2.55742 2.73105 2.80164
