years
 1997 1998 1999 2000 2001 2002 2003 2004 2005 2006 2007 2008 2009 2010 2011 2012 2013 2014 2015 2016 2017 2018 2019 2020 2021 2022 2023
reclasobs
 0 0 0 370054 412103 1.49427e+06 250295 1.28982e+06 931140 785840 897777 1.04006e+06 184774 17550 25797 100020 73551 82996 120727 218422 84188 347160 605670 569463 516374 1.08416e+06 1.01767e+06
reclaspred
 482769 123914 323799 218574 333281 394901 852470 597456 722971 737469 611781 417282 259369 110237 68912 65176.9 73594.9 98433.6 109798 157864 233588 223626 398425 540260 648243 589692 525914
pelacesobs
 0 0 0 0 0 0 0 0 0 2.06254e+06 1.5e+06 0 1.87456e+06 323000 250000 174000 83755 137374 0 501740 490994 745055 786931 1.00524e+06 1.33801e+06 1.41789e+06 0
pelacespred
 2.0006e+06 420205 688569 717615 965435 873634 2.3632e+06 1.90579e+06 2.16015e+06 2.17137e+06 1.5573e+06 1.10591e+06 690379 230398 151306 150860 177868 247846 272072 393976 670349 595720 881299 1.3646e+06 1.5819e+06 1.59422e+06 1.34758e+06
mphobs
 0 0 0 0 0 0 112323 0 153150 637223 0 255016 313432 73983 77613 109348 50772 17779 17303 59886 28197 0 207744 136588 643089 65757 70829
mphpred
 169841 94961.6 105420 106339 116883 187964 273213 322733 294397 330454 335073 233996 140870 119835 49005.3 40110.9 42869.9 56131.5 28761.4 33080.9 53517.6 66670.1 85165.3 129808 175496 169814 148041
desembarqueobs
 350755 77701 442110 56441 14545 235359 269955 359681 431902 328805 639364 411747 362871 311530 167758 66681 60226 58785 57116 73181 50977 67692 138656 160484 209506 203330 245020
desembarquepred
 350763 77701.1 442099 56443.3 14545.1 235428 269996 359647 431886 328797 639320 411813 363028 311657 167617 66681.8 60254.4 58776.8 57098.8 73175 50977.1 67678.4 138653 160486 209499 203320 245002
Reclutas
 39398 48283.1 24460.6 37790.1 64038.6 46476 77828.1 84252.7 115743 124855 65857.7 44807.9 46110.6 24501.5 15517 14296.4 9905.41 12557.1 14996.4 23372.2 29516.8 41951.6 65881.7 90539.2 34456.4 49264.9 64916.5
log_desv_Rt
 -0.00312247 0.200243 -0.479774 -0.0447921 0.482648 0.162098 0.677664 0.756983 1.07453 1.15032 0.510658 0.125546 0.154204 -0.478103 -0.934903 -1.01683 -1.38376 -1.14655 -0.969026 -0.525291 -0.291879 0.0596774 0.511023 0.828944 -0.137143 0.220374 0.496264
SSB
 524643 293340 325645 328486 361056 580628 821002 985493 888448 999879 1.03505e+06 722822 449853 235076 101162 82927.2 92224.7 114800 146063 176952 270105 327945 430837 626897 927136 923686 758186
BT
 1.7096e+06 433219 731456 572967 701385 810289 1.87204e+06 1.76463e+06 1.93685e+06 1.8643e+06 1.68147e+06 1.16501e+06 844003 455155 245227 162062 175494 224190 242326 339426 520384 488965 723907 1.10422e+06 1.29129e+06 1.31782e+06 1.17343e+06
Ftot
 0.611511 0.553434 0.931808 0.207394 0.0383611 0.378036 0.250871 0.486011 0.521924 0.362083 0.685105 0.641052 1.02618 1.87993 2.02492 0.825599 0.640289 0.484508 0.384035 0.379389 0.172074 0.220191 0.249369 0.23393 0.197797 0.22107 0.322273
BD_Bspro_t
 0.926575 0.678583 0.604607 0.427079 0.577971 0.739407 0.685675 0.69693 0.641486 0.622943 0.601799 0.440705 0.333051 0.23095 0.127493 0.128942 0.189559 0.293158 0.402225 0.50879 0.636503 0.735047 0.754321 0.765863 0.782578 0.729114 0.687374
BD_Bspro
 0.642724 0.359361 0.398937 0.402418 0.442318 0.711309 1.00578 1.2073 1.08841 1.22492 1.26801 0.885506 0.551101 0.287984 0.12393 0.101592 0.112982 0.140637 0.178937 0.216779 0.330897 0.401755 0.527804 0.767992 1.13581 1.13158 0.92883
BD_Bo
 0.421604 0.235728 0.261688 0.263972 0.290144 0.466593 0.659758 0.791942 0.713957 0.803503 0.831768 0.58086 0.361502 0.188907 0.0812937 0.0666404 0.0741118 0.092253 0.117376 0.142199 0.217056 0.263537 0.34622 0.503775 0.745047 0.742275 0.609279
BD_Brms
 1.42219 0.795176 0.882747 0.890449 0.978738 1.57395 2.22555 2.67144 2.40838 2.71044 2.80578 1.9594 1.21945 0.637236 0.274226 0.224796 0.25 0.311195 0.395942 0.479677 0.732192 0.888983 1.1679 1.69937 2.51325 2.5039 2.05527
S_f
 0.157637 1 1 1 1
 0.157637 1 1 1 1
 0.157637 1 1 1 1
 0.157637 1 1 1 1
 0.157637 1 1 1 1
 0.157637 1 1 1 1
 0.157637 1 1 1 1
 0.157637 1 1 1 1
 0.157637 1 1 1 1
 0.157637 1 1 1 1
 0.157637 1 1 1 1
 0.157637 1 1 1 1
 0.157637 1 1 1 1
 0.157637 1 1 1 1
 0.157637 1 1 1 1
 0.157637 1 1 1 1
 0.157637 1 1 1 1
 0.157637 1 1 1 1
 0.157637 1 1 1 1
 0.157637 1 1 1 1
 0.157637 1 1 1 1
 0.157637 1 1 1 1
 0.157637 1 1 1 1
 0.157637 1 1 1 1
 0.157637 1 1 1 1
 0.157637 1 1 1 1
 0.157637 1 1 1 1
Scru_reclas
 0.846105 1 1 1 1
 0.846105 1 1 1 1
 0.846105 1 1 1 1
 0.846105 1 1 1 1
 0.846105 1 1 1 1
 0.846105 1 1 1 1
 0.846105 1 1 1 1
 0.846105 1 1 1 1
 0.846105 1 1 1 1
 0.846105 1 1 1 1
 0.846105 1 1 1 1
 0.846105 1 1 1 1
 0.846105 1 1 1 1
 0.846105 1 1 1 1
 0.846105 1 1 1 1
 0.846105 1 1 1 1
 0.846105 1 1 1 1
 0.846105 1 1 1 1
 0.846105 1 1 1 1
 0.846105 1 1 1 1
 0.846105 1 1 1 1
 0.846105 1 1 1 1
 0.846105 1 1 1 1
 0.846105 1 1 1 1
 0.846105 1 1 1 1
 0.846105 1 1 1 1
 0.846105 1 1 1 1
Scru_pelaces
 1 1 1 1 1
 1 1 1 1 1
 1 1 1 1 1
 1 1 1 1 1
 1 1 1 1 1
 1 1 1 1 1
 1 1 1 1 1
 1 1 1 1 1
 1 1 1 1 1
 1 1 1 1 1
 1 1 1 1 1
 1 1 1 1 1
 1 1 1 1 1
 1 1 1 1 1
 1 1 1 1 1
 1 1 1 1 1
 1 1 1 1 1
 1 1 1 1 1
 1 1 1 1 1
 1 1 1 1 1
 1 1 1 1 1
 1 1 1 1 1
 1 1 1 1 1
 1 1 1 1 1
 1 1 1 1 1
 1 1 1 1 1
 1 1 1 1 1
pf_obs 
 0.256992 0.487395 0.22802 0.0275931 0
 0.321318 0.546541 0.124235 0.00734118 0.000564706
 0.182869 0.594174 0.210203 0.0122559 0.00049798
 0.330522 0.361315 0.267642 0.0388342 0.00168674
 0.649043 0.306663 0.0425973 0.00169635 0
 0.582887 0.30429 0.105238 0.00758474 0
 0.465427 0.430635 0.0974691 0.00646863 0
 0.296916 0.608066 0.0921331 0.00288517 0
 0.311714 0.524322 0.152257 0.0117073 0
 0.15457 0.633149 0.183074 0.0267441 0.00246327
 0.131901 0.49318 0.331252 0.0422183 0.00144891
 0.196976 0.569456 0.194076 0.0375587 0.00193317
 0.518974 0.381816 0.0799577 0.0180837 0.00116848
 0.0928022 0.601141 0.25162 0.0475244 0.00691264
 0.122501 0.610282 0.24278 0.0234846 0.000952079
 0.383417 0.481906 0.127806 0.00687128 0
 0.0376549 0.599619 0.316969 0.0457579 0
 0.0361596 0.667082 0.258105 0.0386534 0
 0.158088 0.579412 0.248529 0.0139706 0
 0.0477256 0.309471 0.559284 0.082774 0.000745712
 0.0406174 0.521527 0.379366 0.0568643 0.0016247
 0.151134 0.462217 0.34131 0.0453401 0
 0.294876 0.26143 0.354403 0.0886775 0.000613685
 0.281977 0.475581 0.204845 0.0348837 0.00271318
 0.0841818 0.532909 0.334909 0.0458182 0.00218182
 0.115287 0.27431 0.454777 0.147771 0.00785563
 0 0 0 0 0
pf_pred 
 0.310193 0.485045 0.182799 0.0219522 1.04768e-05
 0.292347 0.561989 0.102425 0.0386009 0.00463776
 0.156852 0.653251 0.150808 0.0274854 0.011603
 0.286061 0.466964 0.191351 0.0441747 0.0114498
 0.293624 0.520817 0.121368 0.0497337 0.0144573
 0.162008 0.610589 0.167666 0.039072 0.020665
 0.269048 0.435389 0.215357 0.0591367 0.0210695
 0.235287 0.554261 0.125355 0.0620048 0.0230926
 0.287231 0.507678 0.148649 0.0336193 0.0228225
 0.245222 0.579327 0.124967 0.0365905 0.0138934
 0.137677 0.612803 0.191518 0.0413126 0.0166893
 0.150078 0.499185 0.249249 0.0778971 0.0235914
 0.235628 0.463244 0.176862 0.088309 0.0359575
 0.211916 0.604725 0.111124 0.042426 0.0298093
 0.289635 0.585806 0.0955781 0.0175634 0.011417
 0.320845 0.601865 0.0637371 0.0103991 0.00315313
 0.20408 0.652133 0.127424 0.0134941 0.00286922
 0.267346 0.506034 0.18568 0.0362812 0.00465911
 0.259292 0.552401 0.130061 0.0477237 0.0105225
 0.30468 0.506134 0.141091 0.0332194 0.0148769
 0.258619 0.570597 0.124316 0.0346545 0.0118133
 0.26178 0.521229 0.167005 0.0363854 0.0136004
 0.287511 0.508895 0.14375 0.0460585 0.0137856
 0.268382 0.543308 0.1345 0.0379929 0.0158167
 0.0886976 0.658381 0.187823 0.0464968 0.0186021
 0.170227 0.335456 0.357125 0.101881 0.0353115
 0.22335 0.459217 0.12833 0.136619 0.0524833
pobs_RECLAS
 0 0 0 0 0
 0 0 0 0 0
 0 0 0 0 0
 0 0 0 0 0
 0.835266 0.146461 0.0176864 0.000547809 3.91292e-05
 0.385257 0.428462 0.181853 0.0044286 0
 0.867414 0.0963971 0.0333333 0.00285562 0
 0.441836 0.489002 0.0689373 0.000224442 0
 0.779404 0.147425 0.0564933 0.0165055 0.000172143
 0.814271 0.122319 0.05973 0.00367925 0
 0.40263 0.566651 0.0304383 0.000280538 0
 0.475488 0.404961 0.113038 0.00651328 0
 0.955842 0.0263864 0.0167828 0.000988607 0
 0.975058 0.0227948 0.00214734 0 0
 0.738997 0.206755 0.0527124 0.00153531 0
 0.850938 0.134255 0.0134407 0.00136685 0
 0.542534 0.407297 0.0501686 0 0
 0.764087 0.199537 0.0359546 0.000420521 0
 0.470689 0.182191 0.310203 0.0369168 0
 0.84361 0.089868 0.0606195 0.00523954 0.000663233
 0.607945 0.314616 0.071237 0.00620181 0
 0.523733 0.453247 0.0230204 0 0
 0.530135 0.295979 0.169645 0.0042399 0
 0.562478 0.366248 0.0663022 0.0049721 0
 0.250443 0.683176 0.0655157 0.000865301 0
 0.195077 0.31981 0.436473 0.0351445 0.0134964
 0.565238 0.351407 0.0832357 0.000118908 0
ppred_RECLAS
 0.716164 0.199582 0.0752166 0.00903269 4.31092e-06
 0.697469 0.240258 0.043788 0.0165024 0.0019827
 0.519338 0.372405 0.0859726 0.0156689 0.00661461
 0.685155 0.20593 0.0843851 0.0194809 0.00504932
 0.690921 0.227886 0.0531053 0.0217613 0.00632587
 0.515251 0.353204 0.0969892 0.0226018 0.011954
 0.667212 0.198224 0.0980481 0.0269238 0.00959253
 0.630552 0.267774 0.0605616 0.0299557 0.0111565
 0.691591 0.219668 0.064319 0.0145468 0.0098751
 0.640812 0.275693 0.0594702 0.0174129 0.00661168
 0.474341 0.373555 0.116746 0.0251835 0.0101736
 0.498401 0.294604 0.147099 0.0459726 0.013923
 0.644284 0.21558 0.0823063 0.0410964 0.0167336
 0.643206 0.273781 0.0503098 0.0192078 0.0134957
 0.737401 0.216554 0.0353322 0.00649262 0.00422048
 0.730483 0.238846 0.0252936 0.00412682 0.0012513
 0.590621 0.335422 0.0655401 0.00694065 0.00147577
 0.6693 0.22841 0.0838111 0.0163763 0.00210299
 0.658183 0.254919 0.0600198 0.0220233 0.00485587
 0.706694 0.213502 0.059516 0.0140129 0.00627549
 0.654018 0.266282 0.0580148 0.0161723 0.00551296
 0.658419 0.241177 0.0772746 0.0168358 0.00629303
 0.687283 0.223357 0.0630931 0.0202154 0.00605061
 0.666204 0.247881 0.0613647 0.017334 0.00721626
 0.345675 0.472725 0.134859 0.0333852 0.0133565
 0.527232 0.191128 0.203474 0.0580471 0.020119
 0.611565 0.229674 0.0641832 0.0683291 0.0262491
pobs_PELACES
 0 0 0 0 0
 0 0 0 0 0
 0 0 0 0 0
 0 0 0 0 0
 0 0 0 0 0
 0 0 0 0 0
 0 0 0 0 0
 0 0 0 0 0
 0 0 0 0 0
 0 0 0 0 0
 0.450072 0.473896 0.0757376 0.000293798 0
 0 0 0 0 0
 0.463077 0.371075 0.160297 0.00555027 0
 0.529543 0.364841 0.0842815 0.0213345 0
 0.631943 0.363953 0.00410389 0 0
 0.735681 0.248677 0.0153453 0.000297389 0
 0.695825 0.281241 0.0229344 0 0
 0.275771 0.60734 0.115278 0.00161068 0
 0 0 0 0 0
 0.896147 0.0623911 0.0374545 0.00400742 0
 0.803859 0.145111 0.0509908 3.86294e-05 0
 0.739449 0.233085 0.0266225 0.000797448 4.60066e-05
 0.878498 0.100942 0.0204185 0.000141795 0
 0.694673 0.275183 0.0284847 0.00165964 0
 0.469039 0.446079 0.0841089 0.000773354 0
 0.822795 0.102175 0.0682046 0.00682512 0
 0 0 0 0 0
ppred_PELACES
 0.779476 0.155064 0.058439 0.00701789 3.34934e-06
 0.760647 0.190084 0.0346437 0.0130562 0.00156865
 0.623288 0.291868 0.0673798 0.0122803 0.00518411
 0.731516 0.175607 0.0719594 0.0166124 0.00430581
 0.727545 0.200883 0.0468126 0.0191827 0.00557629
 0.582543 0.304173 0.0835254 0.0194643 0.0102945
 0.717572 0.168227 0.0832106 0.0228495 0.00814091
 0.697791 0.21904 0.0495395 0.0245038 0.00912604
 0.753945 0.175256 0.051315 0.0116057 0.00787855
 0.699865 0.230368 0.0496929 0.0145501 0.00552468
 0.563365 0.310291 0.0969746 0.0209185 0.0084506
 0.583927 0.244372 0.122018 0.0381339 0.011549
 0.740078 0.157524 0.0601412 0.0300291 0.0122272
 0.78228 0.167064 0.0306996 0.0117208 0.00823527
 0.853523 0.120793 0.0197082 0.00362157 0.00235417
 0.80118 0.176194 0.0186588 0.00304431 0.000923069
 0.670762 0.269759 0.0527099 0.00558194 0.00118687
 0.732397 0.18483 0.0678202 0.0132518 0.00170175
 0.716887 0.211138 0.0497119 0.0182409 0.00402191
 0.759868 0.174796 0.0487263 0.0114725 0.0051378
 0.700922 0.230182 0.0501498 0.0139798 0.00476558
 0.70777 0.206332 0.0661101 0.0144034 0.00538383
 0.735728 0.188756 0.053319 0.0170837 0.00511328
 0.715695 0.211129 0.0522663 0.014764 0.00614633
 0.397472 0.435303 0.124183 0.0307424 0.0122992
 0.583607 0.168337 0.179211 0.0511252 0.0177199
 0.670532 0.194808 0.0544397 0.0579562 0.0222643
pobs_pel_tallas
 0 0 0 0 0 0 0 0 0 0 0 0 0 0 0 0 0 0 0 0 0 0 0 0 0 0 0 0 0 0 0 0 0 0 0 0
 0 0 0 0 0 0 0 0 0 0 0 0 0 0 0 0 0 0 0 0 0 0 0 0 0 0 0 0 0 0 0 0 0 0 0 0
 0 0 0 0 0 0 0 0 0 0 0 0 0 0 0 0 0 0 0 0 0 0 0 0 0 0 0 0 0 0 0 0 0 0 0 0
 0 0 0 0 0 0 0 0 0 0 0 0 0 0 0 0 0 0 0 0 0 0 0 0 0 0 0 0 0 0 0 0 0 0 0 0
 0 0 0 0 0 0 0 0 0 0 0 0 0 0 0 0 0 0 0 0 0 0 0 0 0 0 0 0 0 0 0 0 0 0 0 0
 0 0 0 0 0 0 0 0 0 0 0 0 0 0 0 0 0 0 0 0 0 0 0 0 0 0 0 0 0 0 0 0 0 0 0 0
 0 0 0 0 0 0 0 0 0 0 0 0 0 0 0 0 0 0 0 0 0 0 0 0 0 0 0 0 0 0 0 0 0 0 0 0
 0 0 0 0 0 0 0 0 0 0 0 0 0 0 0 0 0 0 0 0 0 0 0 0 0 0 0 0 0 0 0 0 0 0 0 0
 0 0 0 0 0 0 0 0 0 0 0 0 0 0 0 0 0 0 0 0 0 0 0 0 0 0 0 0 0 0 0 0 0 0 0 0
 0 0 0 0 0 0 0 0 0 0 0 0 0 0 0 0 0 0 0 0 0 0 0 0 0 0 0 0 0 0 0 0 0 0 0 0
 0 0 0 0 0 0 0 0 1.78061e-05 0.00172719 0.00360574 0.0105946 0.0120993 0.0124554 0.0147524 0.0171206 0.0266825 0.0428682 0.0675386 0.121331 0.153587 0.119568 0.100827 0.0573624 0.0630603 0.0341343 0.0324427 0.0444173 0.0211091 0.0280891 0.0125444 0.00206551 0 0 0 0
 0 0 0 0 0 0 0 0 0 0 0 0 0 0 0 0 0 0 0 0 0 0 0 0 0 0 0 0 0 0 0 0 0 0 0 0
 0 0 0 0 0 0 0.0133647 0.0140871 0.0187388 0.0205184 0.03894 0.0496705 0.03968 0.0493445 0.0407372 0.0367815 0.0215668 0.0243155 0.0234873 0.0199281 0.019796 0.0243948 0.0301388 0.0376714 0.0412746 0.0863199 0.0771752 0.113111 0.0741005 0.0525337 0.0229764 0.00759418 0.00175318 0 0 0
 0 0 0 0 0 0 0 0 0 0 0.00219441 0.00772107 0.0458388 0.0604681 0.0671733 0.0775358 0.0609151 0.0617685 0.073594 0.0568108 0.0755445 0.0548602 0.0670107 0.0636378 0.0643287 0.046367 0.0373049 0.0286899 0.0247887 0.0153202 0.00654259 0.00121912 0.000365735 0 0 0
 0 0 0 0 0 0 0 0 0 0 0 0 0.000112435 0.00938835 0.0111873 0.0202946 0.0414886 0.0713402 0.111592 0.104902 0.108894 0.110636 0.117776 0.105296 0.107544 0.0401394 0.0192827 0.0124803 0.00416011 0.0028671 0.000618394 0 0 0 0 0
 0 0 0 0 0 0 0 0 0 0 0.00291406 0.0102884 0.027416 0.0768956 0.0749926 0.110853 0.0956884 0.0897413 0.0766577 0.0534642 0.0500743 0.0551293 0.0594112 0.0620874 0.0668451 0.0424026 0.0208742 0.0120726 0.0048766 0.00582813 0.00118941 0.000297354 0 0 0 0
 0 0.00264628 0.0354308 0.0461629 0.0458689 0.0383711 0.0214643 0.0164657 0.0346957 0.0420465 0.0363128 0.0245516 0.0311673 0.0291091 0.0169068 0.0133784 0.00837989 0.0085269 0.0148486 0.0160247 0.0276389 0.0546898 0.0760071 0.122758 0.109233 0.0665981 0.0333725 0.0166128 0.00676272 0.00308733 0.000882094 0 0 0 0 0
 0 0 0 0 0 0 0 0.000805153 0.000690131 0.00759144 0.0133425 0.0154129 0.00931677 0.000345066 0.00356568 0.00563607 0.00851162 0.0253048 0.0502646 0.0516448 0.0657925 0.0565908 0.0611916 0.0827007 0.0866115 0.110766 0.145733 0.0935128 0.0569358 0.0249597 0.0138026 0.00621118 0.00161031 0.00115022 0 0
 0 0 0 0 0 0 0 0 0 0 0 0 0 0 0 0 0 0 0 0 0 0 0 0 0 0 0 0 0 0 0 0 0 0 0 0
 0.00147267 0.00158595 0.00478618 0.00569244 0.00954404 0.0108468 0.00647125 0.017049 0.0510054 0.094081 0.124002 0.0959785 0.0687766 0.0820023 0.061753 0.0591476 0.0492212 0.0479892 0.0443925 0.0268479 0.0217502 0.0140895 0.0121071 0.0120363 0.00920419 0.00665534 0.0049561 0.00860946 0.00930331 0.0156896 0.0114698 0.00855282 0.00243557 0.00046729 0 2.83206e-05
 0 0 0 0 0.000772559 0.00158375 0.000888443 0.00281984 0.00712685 0.0440552 0.0773331 0.111326 0.0921469 0.0852325 0.0710754 0.0886704 0.0786465 0.0553345 0.0373146 0.0185414 0.00753245 0.00457741 0.012979 0.0271748 0.0457355 0.0583668 0.034881 0.0177882 0.00938659 0.00492506 0.0015258 0.00185414 0.000309023 5.79419e-05 3.86279e-05 0
 0 0.00173294 0.00326652 0 0.00397197 0.00683976 0.00946217 0.0152591 0.00757587 0.0136028 0.0228656 0.0392903 0.0559909 0.0764795 0.0681675 0.0726916 0.0566044 0.0477403 0.0527397 0.0444891 0.0609904 0.0582453 0.0661739 0.0445044 0.0529084 0.0360697 0.0280645 0.0235558 0.0158879 0.00826598 0.00280645 0.00217768 0.000904811 0.00058276 9.20147e-05 0
 0 0 0 0 0 0 0 0 0 0 0 0 0 0 0 0 0 0 0 0 0 0 0 0 0 0 0 0 0 0 0 0 0 0 0 0
 0 0 0 0 0 0 0 0 0 0 0 0 0 0 0 0 0 0 0 0 0 0 0 0 0 0 0 0 0 0 0 0 0 0 0 0
 0 0 0 0 0 0 0 0 0 0 0 0 0 0 0 0 0 0 0 0 0 0 0 0 0 0 0 0 0 0 0 0 0 0 0 0
 0 0 0 0 0 0 0 0 0 0 0 0 0 0 0 0 0 0 0 0 0 0 0 0 0 0 0 0 0 0 0 0 0 0 0 0
 0 0 0 0 0 0 0 0 0 0 0 0 0 0 0 0 0 0 0 0 0 0 0 0 0 0 0 0 0 0 0 0 0 0 0 0
ppred_pel_tallas
 1.01122e-16 3.40078e-05 0.000199603 0.00094883 0.00365306 0.0113917 0.0287746 0.0588765 0.0975936 0.131063 0.142617 0.125785 0.0900109 0.0524704 0.0253518 0.0109757 0.00562039 0.00490816 0.00615713 0.0081914 0.0105329 0.012896 0.0150196 0.0166596 0.017631 0.0178458 0.0173292 0.0162052 0.0146591 0.0128913 0.0110765 0.00934036 0.00775481 0.00634832 0.0051221 0.00406529
 1.01076e-16 3.31882e-05 0.000194788 0.000925931 0.00356488 0.0111168 0.0280801 0.0574556 0.0952395 0.127905 0.139189 0.122782 0.0879067 0.0513338 0.0249702 0.0110955 0.00609155 0.00569376 0.00728061 0.00968319 0.0123948 0.0150813 0.0174262 0.0191376 0.0200025 0.019935 0.0189932 0.0173587 0.0152865 0.013043 0.0108523 0.00886576 0.00715634 0.00573402 0.00456998 0.00362022
 1.01716e-16 2.72029e-05 0.000159639 0.00075881 0.00292139 0.00911002 0.0230114 0.0470855 0.0780539 0.104838 0.11412 0.100748 0.0723044 0.0425728 0.021363 0.0106061 0.0074004 0.00829711 0.0111555 0.0149672 0.0191976 0.0233921 0.0270745 0.0297955 0.0312235 0.0312188 0.029862 0.0274224 0.0242833 0.0208482 0.0174595 0.0143518 0.0116437 0.00935955 0.00746509 0.00590236
 1.01851e-16 3.19174e-05 0.000187328 0.000890471 0.00342836 0.010691 0.0270046 0.0552552 0.0915919 0.123006 0.133858 0.118078 0.0845364 0.0493615 0.0240043 0.0106583 0.005847 0.00547522 0.00703167 0.0094061 0.0121282 0.0148942 0.0174137 0.0194118 0.0206768 0.0211038 0.0207125 0.0196314 0.0180566 0.0162007 0.0142493 0.0123351 0.0105352 0.00888279 0.00738511 0.00604002
 1.0165e-16 3.17453e-05 0.000186315 0.00088565 0.00340979 0.0106331 0.0268584 0.0549561 0.0910969 0.122344 0.133142 0.11746 0.0841226 0.0491773 0.0240213 0.0108451 0.00619878 0.00601251 0.00778322 0.0103896 0.0133343 0.0162758 0.0188831 0.0208477 0.021941 0.0220646 0.0212689 0.0197321 0.0177086 0.0154657 0.0132287 0.0111507 0.00930739 0.00771356 0.00634788 0.00517631
 1.02435e-16 2.54267e-05 0.00014921 0.000709227 0.00273048 0.00851467 0.0215076 0.0440087 0.0729546 0.0979918 0.106676 0.0941954 0.0676447 0.0399152 0.0201896 0.0102889 0.00751847 0.00866898 0.0117458 0.0157998 0.0203092 0.0248115 0.0288147 0.0318501 0.0335673 0.0338112 0.0326515 0.0303513 0.0272908 0.0238722 0.020438 0.017224 0.0143524 0.011854 0.00970518 0.00786147
 1.02402e-16 3.13091e-05 0.000183758 0.000873497 0.00336301 0.0104872 0.0264899 0.0542019 0.0898458 0.120661 0.131305 0.115825 0.0829216 0.0484144 0.0235365 0.0104395 0.00571434 0.00534629 0.0068764 0.00922238 0.0119317 0.0147164 0.0173004 0.0194195 0.0208657 0.0215283 0.0214114 0.0206196 0.0193211 0.0177013 0.0159234 0.0141065 0.0123236 0.0106131 0.0089948 0.0074835
 1.02044e-16 3.04485e-05 0.000178701 0.000849446 0.00327039 0.0101984 0.0257604 0.0527096 0.0873738 0.117346 0.12771 0.112683 0.0807352 0.0472654 0.0232149 0.0106972 0.00641607 0.00647729 0.00848233 0.0113468 0.0145718 0.0177962 0.0206623 0.0228348 0.0240655 0.0242469 0.0234334 0.0218171 0.0196725 0.0172867 0.0149009 0.0126772 0.0106944 0.00896578 0.00746725 0.00616263
 1.01553e-16 3.28954e-05 0.00019307 0.000917767 0.00353346 0.0110188 0.0278325 0.056949 0.0943994 0.126776 0.137958 0.12169 0.0871115 0.050843 0.0246829 0.0108867 0.0058655 0.00539237 0.00687353 0.00916124 0.0117705 0.0143922 0.0167353 0.0185284 0.0195686 0.0197641 0.0191522 0.0178804 0.0161637 0.0142299 0.0122731 0.0104274 0.00876273 0.00729817 0.00602258 0.00491379
 1.01539e-16 3.05394e-05 0.000179233 0.000851976 0.00328012 0.0102287 0.0258371 0.0528666 0.0876343 0.117697 0.128094 0.113027 0.0809941 0.047441 0.0233459 0.0108322 0.00659714 0.00673648 0.00884224 0.0118195 0.0151549 0.0184684 0.0213814 0.02354 0.0246837 0.0247035 0.0236635 0.021776 0.0193423 0.0166782 0.0140503 0.0116398 0.00953599 0.00775464 0.00626662 0.00502561
 1.02592e-16 2.45908e-05 0.000144302 0.000685891 0.00264063 0.00823447 0.0207998 0.0425606 0.0705546 0.0947698 0.103173 0.0911123 0.065453 0.0386671 0.0196419 0.0101477 0.00758729 0.00886478 0.0120548 0.0162361 0.0208926 0.0255577 0.0297298 0.0329291 0.0347934 0.0351573 0.0340826 0.0318274 0.02877 0.0253132 0.0218024 0.0184788 0.0154715 0.0128203 0.0105113 0.00850989
 1.03662e-16 2.54847e-05 0.000149556 0.000710884 0.00273688 0.00853464 0.0215579 0.0441114 0.0731231 0.0982133 0.106904 0.0943663 0.0677009 0.0398152 0.0198944 0.00974317 0.00664203 0.00736691 0.00993112 0.0134235 0.0173913 0.0214652 0.0252542 0.0283759 0.0305279 0.0315477 0.0314386 0.0303488 0.0285184 0.026212 0.0236624 0.0210397 0.0184485 0.0159445 0.0135585 0.0113153
 1.02509e-16 3.229e-05 0.000189517 0.000900882 0.00346845 0.010816 0.0273204 0.0559012 0.0926621 0.124442 0.135415 0.11944 0.0854867 0.0498658 0.0241552 0.0105651 0.00556977 0.00502052 0.00637727 0.00852661 0.0110134 0.0135608 0.0159112 0.0178214 0.0191035 0.019663 0.0195134 0.0187617 0.0175716 0.0161187 0.0145523 0.0129754 0.011444 0.00997953 0.00858677 0.0072687
 1.01278e-16 3.41305e-05 0.000200322 0.000952248 0.00366622 0.0114328 0.0288783 0.0590886 0.0979455 0.131537 0.143134 0.126246 0.0903514 0.0526901 0.0254969 0.0111035 0.0057767 0.00512217 0.00644384 0.00855193 0.0109521 0.0133405 0.015438 0.016989 0.0178068 0.017815 0.017063 0.0157072 0.0139671 0.0120715 0.0102115 0.00851465 0.00704087 0.00579625 0.00475499 0.00388009
 1.00554e-16 3.72352e-05 0.000218553 0.00103893 0.00399998 0.0124736 0.0315073 0.0644675 0.10686 0.143502 0.15614 0.137681 0.0984562 0.0572574 0.0274091 0.0114264 0.00520705 0.00393518 0.00466469 0.0061188 0.00781006 0.00948635 0.0109387 0.0119807 0.012478 0.012378 0.0117211 0.0106267 0.00926146 0.00779898 0.00638528 0.00511858 0.0040457 0.00317157 0.00247491 0.00192374
 1.00471e-16 3.4955e-05 0.000205162 0.000975254 0.00375479 0.011709 0.029576 0.0605163 0.100312 0.134715 0.146594 0.129298 0.092539 0.0539717 0.0261274 0.0113941 0.00594744 0.00528406 0.00663736 0.00878043 0.0111958 0.0135596 0.0155744 0.0169701 0.0175549 0.0172586 0.0161495 0.0144133 0.0123047 0.0100877 0.00798301 0.00613765 0.00461917 0.00342955 0.0025292 0.00186086
 1.01084e-16 2.92721e-05 0.000171789 0.000816577 0.00314381 0.00980365 0.0247634 0.0506701 0.0839947 0.112813 0.12279 0.108375 0.07772 0.0456439 0.0226858 0.0109019 0.00714702 0.00769241 0.0102287 0.0136835 0.0175168 0.0212947 0.0245733 0.0269373 0.0280835 0.0278901 0.026442 0.0240015 0.0209375 0.0176366 0.0144268 0.0115317 0.00906264 0.00703797 0.00541752 0.00413563
 1.01558e-16 3.19562e-05 0.000187555 0.000891547 0.0034325 0.0107039 0.0270373 0.055322 0.0917029 0.123156 0.134023 0.118228 0.0846538 0.04945 0.0240844 0.0107562 0.00598743 0.00567901 0.00731466 0.00977661 0.0125832 0.0154159 0.0179682 0.0199511 0.0211446 0.0214441 0.020879 0.0195949 0.01781 0.0157591 0.013646 0.0116159 0.00975098 0.00808251 0.00661117 0.00532504
 1.0159e-16 3.12809e-05 0.000183588 0.000872683 0.00335986 0.0104774 0.0264651 0.0541515 0.0897635 0.120554 0.131198 0.115752 0.0829162 0.0485055 0.0237556 0.0108308 0.00633776 0.00627022 0.00816215 0.0109032 0.0139912 0.0170714 0.0197963 0.0218409 0.0229648 0.0230646 0.0221942 0.0205422 0.0183781 0.0159853 0.0136036 0.0113963 0.00944526 0.00776731 0.00634031 0.00512765
 1.01383e-16 3.31536e-05 0.000194586 0.000924975 0.00356121 0.0111053 0.0280511 0.0573963 0.0951407 0.127771 0.13904 0.122643 0.0877912 0.0512338 0.0248614 0.010946 0.00586916 0.00536929 0.00683119 0.00909768 0.0116804 0.0142693 0.0165731 0.0183213 0.0193119 0.0194553 0.0187912 0.0174702 0.0157105 0.0137429 0.0117645 0.00991118 0.00825362 0.00681038 0.00556858 0.00450333
 1.0149e-16 3.05856e-05 0.000179504 0.000853263 0.00328508 0.0102442 0.0258761 0.0529465 0.0877667 0.117875 0.128287 0.113197 0.0811154 0.0475107 0.0233776 0.0108424 0.00659738 0.00673189 0.00883431 0.0118082 0.0151395 0.0184484 0.0213562 0.023509 0.0246463 0.024659 0.0236112 0.0217152 0.0192723 0.016599 0.0139624 0.0115445 0.00943536 0.00765147 0.00616412 0.00492705
 1.01753e-16 3.08832e-05 0.000181254 0.000861586 0.00331713 0.0103442 0.0261286 0.0534629 0.088622 0.119021 0.129529 0.11428 0.0818615 0.0478884 0.0234536 0.0106946 0.0062625 0.00620444 0.00808918 0.0108252 0.0139219 0.0170344 0.019823 0.0219673 0.0232258 0.0234875 0.022792 0.0213092 0.0192892 0.0169985 0.0146658 0.0124514 0.0104415 0.00866383 0.00711048 0.00576009
 1.01645e-16 3.21016e-05 0.000188408 0.000895603 0.00344811 0.0107526 0.0271603 0.0555737 0.0921201 0.123717 0.134633 0.118767 0.0850421 0.0496808 0.0242038 0.0108206 0.0060372 0.00573461 0.00738282 0.00985528 0.0126634 0.0154821 0.0179996 0.019924 0.021037 0.0212408 0.0205757 0.0192013 0.0173496 0.0152659 0.0131592 0.0111736 0.00938388 0.00781009 0.00643983 0.005249
 1.01606e-16 3.12289e-05 0.000183283 0.000871233 0.00335427 0.01046 0.0264211 0.0540615 0.0896143 0.120354 0.13098 0.11556 0.0827794 0.0484269 0.0237198 0.0108191 0.00633744 0.00627575 0.00817235 0.010919 0.0140141 0.0171035 0.0198393 0.0218962 0.023033 0.0231454 0.022286 0.0206422 0.0184826 0.0160899 0.013704 0.0114887 0.00952702 0.00783693 0.00639755 0.00517335
 1.03536e-16 1.73622e-05 0.000101852 0.000484053 0.00186346 0.00581086 0.0146781 0.0300362 0.049799 0.0669108 0.0728969 0.0645016 0.0466119 0.0280903 0.0152927 0.00956846 0.00918563 0.0120332 0.0167652 0.0226522 0.0291423 0.0356202 0.0413902 0.0457819 0.0482922 0.0486957 0.0470882 0.0438411 0.0394942 0.0346192 0.0297042 0.0250864 0.0209422 0.0173197 0.0141895 0.0114931
 1.05184e-16 2.54678e-05 0.000149464 0.000710458 0.00273526 0.00852963 0.0215452 0.0440847 0.0730769 0.0981452 0.106814 0.0942487 0.067534 0.0395516 0.0194582 0.00903148 0.0055317 0.00572836 0.00765284 0.010446 0.0137444 0.0172972 0.0208411 0.0241017 0.0268347 0.0288655 0.030109 0.0305643 0.0302912 0.0293789 0.0279225 0.0260115 0.0237329 0.0211787 0.0184535 0.0156732
 1.03869e-16 2.92589e-05 0.000171719 0.000816259 0.00314262 0.00979994 0.0247539 0.0506501 0.0839596 0.112759 0.122715 0.108269 0.0775587 0.045377 0.022235 0.0101599 0.00598289 0.00596418 0.00780797 0.0104899 0.013557 0.0166956 0.0195965 0.0219661 0.0235802 0.0243295 0.0242372 0.0234386 0.0221339 0.0205319 0.018803 0.0170563 0.0153409 0.0136648 0.0120204 0.0104049
pSPR Fmed_Fpbrs
0.452703   0.346448 0.346448
Fs Fmed_Fpbrs
0.64   1.005 1.005
SSBpbr Bo_Bmed_Bpbrs
1.2444e+06  501124  368899 368899
Ro
39521.2
SPR SPRFo_SPRFmed_SPRFpbrs
816281 369533 282799
log_Ro
10.4046
likeval ReclasPelacesDesembMPH_pf_preclas_ppelaces_ptallas_desvR_qrecl_qpela
 68.289 14.7634 0.00800635 20.089 334.037 211.817 55.0804 0 17.0466 1.93574e-05 4.17525e-05 0 0 0 0
q_reclas_q_pelaces
0.536088 2.50752
M
0.7
N
 39398 12018.9 4529.55 543.95 0.259604
 48283.1 17766.6 3238.04 1220.32 146.617
 24460.6 21973.6 5072.76 924.533 390.291
 37790.1 10487.4 4297.49 992.108 257.147
 64038.6 18162.4 4232.46 1734.36 504.168
 46476 31608.9 8679.74 2022.68 1069.78
 77828.1 21744.1 10755.4 2953.4 1052.25
 84252.7 37149.7 8402.02 4155.91 1547.8
 115743 38753 11346.9 2566.29 1742.13
 124855 52936.8 11419.1 3343.51 1269.53
 65857.7 58561.4 18302.1 3947.97 1594.89
 44807.9 29356 14657.8 4580.97 1387.36
 46110.6 20112.3 7678.67 3834.04 1561.14
 24501.5 19477.9 3579.24 1366.52 960.142
 15517 9046.6 1476.01 271.231 176.312
 14296.4 5599.81 593.017 96.7546 29.3371
 9905.41 6233.02 1217.91 128.976 27.4238
 12557.1 4446.64 1631.62 318.812 40.9407
 14996.4 5777.15 1360.21 499.107 110.047
 23372.2 7009.55 1953.99 460.062 206.033
 29516.8 10932.5 2381.87 663.973 226.341
 41951.6 14265.4 4570.7 995.819 372.225
 65881.7 20121.8 5683.93 1821.16 545.088
 90539.2 31454.8 7786.85 2199.6 915.704
 34456.4 43332.7 12361.9 3060.28 1224.33
 49264.9 16585.3 17656.6 5037.07 1745.84
 64916.5 23626.4 6602.48 7028.97 2700.23
pred_Ctot
 2618.29 4094.19 1542.98 185.295 0.0884334
 2915.6 5604.75 1021.49 384.969 46.2527
 2423.56 10093.5 2330.17 424.683 179.28
 875.791 1429.64 585.83 135.243 35.0541
 277.753 492.666 114.808 47.0455 13.6759
 1940.29 7312.75 2008.06 467.947 247.495
 2175.24 3520.09 1741.15 478.116 170.345
 4488.56 10573.6 2391.4 1182.86 440.538
 6605.54 11675.2 3418.52 773.154 524.856
 4998.01 11807.6 2547.03 745.771 283.169
 4878.84 21715.8 6786.78 1463.99 591.417
 3115.36 10362.2 5173.98 1617.01 489.719
 4999.28 9828.57 3752.45 1873.64 762.905
 4596.81 13117.5 2410.47 920.292 646.614
 3105.94 6281.96 1024.94 188.343 122.431
 1264.12 2371.33 251.122 40.9723 12.4232
 687.91 2198.2 429.52 45.4859 9.67155
 666.979 1262.46 463.239 90.5151 11.6236
 635.746 1354.41 318.891 117.012 25.7997
 979.149 1626.56 453.423 106.757 47.8098
 568.951 1255.29 273.49 76.2384 25.9888
 1031.31 2053.43 657.932 143.344 53.5801
 1830.51 3240.01 915.225 293.243 87.7699
 2362.38 4782.36 1183.91 334.425 139.223
 762.087 5656.79 1613.77 399.499 159.828
 1215.86 2396.01 2550.78 727.687 252.214
 2319.29 4768.54 1332.59 1418.67 544.99
F
 0.0963965 0.611511 0.611511 0.611511 0.611511
 0.0872414 0.553434 0.553434 0.553434 0.553434
 0.146887 0.931808 0.931808 0.931808 0.931808
 0.0326929 0.207394 0.207394 0.207394 0.207394
 0.00604712 0.0383611 0.0383611 0.0383611 0.0383611
 0.0595923 0.378036 0.378036 0.378036 0.378036
 0.0395465 0.250871 0.250871 0.250871 0.250871
 0.0766131 0.486011 0.486011 0.486011 0.486011
 0.0822744 0.521924 0.521924 0.521924 0.521924
 0.0570775 0.362083 0.362083 0.362083 0.362083
 0.107998 0.685105 0.685105 0.685105 0.685105
 0.101053 0.641052 0.641052 0.641052 0.641052
 0.161764 1.02618 1.02618 1.02618 1.02618
 0.296346 1.87993 1.87993 1.87993 1.87993
 0.319202 2.02492 2.02492 2.02492 2.02492
 0.130145 0.825599 0.825599 0.825599 0.825599
 0.100933 0.640289 0.640289 0.640289 0.640289
 0.0763761 0.484508 0.484508 0.484508 0.484508
 0.060538 0.384035 0.384035 0.384035 0.384035
 0.0598056 0.379389 0.379389 0.379389 0.379389
 0.0271252 0.172074 0.172074 0.172074 0.172074
 0.0347101 0.220191 0.220191 0.220191 0.220191
 0.0393097 0.249369 0.249369 0.249369 0.249369
 0.0368759 0.23393 0.23393 0.23393 0.23393
 0.0311801 0.197797 0.197797 0.197797 0.197797
 0.0348487 0.22107 0.22107 0.22107 0.22107
 0.050802 0.322273 0.322273 0.322273 0.322273
Np
 28414.7 12043 5569.47 1545.1 510.272
YTP_r0W_actual
 56603.3 246131 99989.1 135941 57953
YTP_p0W_proyectada
 24775.9 319195 128729 45940.9 73801.9
 24775.9 125460 84345.1 29882.6 10951.6
CTP_r0_actual
 6902.84 11395 3184.37 3390.06 1302.32
CTP_p0_proyectada
 3021.45 14777.5 4099.64 1145.66 1658.47
 3021.45 5808.31 2686.15 745.201 246.103
Wmedp
 8.2 21.6 31.4 40.1 44.5
nmprior
 10.8 10.6 4.6 0
nm_flota  nm_reclas  nm_pelaces    nm_pelaL
inf 16.7519 16.5308 50.7705
cv_recla  cv_pelaces  cv_mph
0.715659 0.420904 0.598942
 ------------------------------------------------
Talla a la edad & desviaci?n 
 7.2 14.2025 17.0495 18.207 18.6776
 1.08 2.13037 2.55742 2.73105 2.80164
