years
 1997 1998 1999 2000 2001 2002 2003 2004 2005 2006 2007 2008 2009 2010 2011 2012 2013 2014 2015 2016 2017 2018 2019
reclasobs
 0 0 0 370054 412103 1.49427e+06 250295 1.28982e+06 931140 785840 897777 1.04006e+06 184774 17550 25797 100020 73551 82996 120727 218422 84188 347160 605670
reclaspred
 375424 102650 311691 227290 331290 389662 866331 600372 716396 660874 526065 354433 217817 103353 74547.5 72964.4 84369.2 116203 125595 186264 278995 261863 433547
pelacesobs
 0 0 0 0 0 0 0 0 0 2.06254e+06 1.5e+06 0 1.87456e+06 323000 250000 174000 83755 137374 0 501740 490994 745055 786931
pelacespred
 1.05471e+06 255608 478965 531491 663662 651134 1.65659e+06 1.40874e+06 1.50531e+06 1.40019e+06 1.00882e+06 702686 431550 172721 122247 127345 153289 211685 234340 338273 565842 515563 701387
mphobs
 0 0 0 0 0 0 112323 0 153150 637223 0 255016 313432 73983 77613 109348 50772 17779 17303 59886 28197 0 207744
mphpred
 128067 77532 94682.2 115437 122161 188931 288851 340143 308854 332448 310770 221291 133498 100108 48590.2 41784 45557.1 61210.2 31702.6 35961.3 58298 72924.4 91325.7
desembarqueobs
 350755 77701 442110 56441 14545 235359 269955 359681 431902 328805 639364 411747 362871 311530 167758 66681 60226 58785 57116 73181 50977 67692 138656
desembarquepred
 350761 77700.6 442102 56442.2 14545.1 235404 269982 359678 431907 328818 639542 411968 363212 311948 167794 66694.8 60248.9 58787 57110.5 73178.8 50976.4 67684.5 138652
Reclutas
 50181.8 64594.5 38144.9 61286.9 102274 73534.8 122078 123400 162559 150062 69315.7 39982.2 42869.1 24098.9 18880.8 21122.1 16448.7 20760 24324.5 43679 57602 75287.1 98873.3
log_desv_Rt
 -0.0458498 0.206627 -0.320111 0.154064 0.666155 0.336256 0.843157 0.853925 1.12954 1.04955 0.27717 -0.273068 -0.20335 -0.779337 -1.02336 -0.91118 -1.16126 -0.928473 -0.770019 -0.184635 0.092055 0.359806 0.632337
SSB
 680289 411848 502950 613196 648914 1.0036e+06 1.49714e+06 1.7899e+06 1.60979e+06 1.73473e+06 1.6508e+06 1.17549e+06 727474 386735 193266 167987 189453 245568 310209 367359 568805 695197 892136
BT
 2.17537e+06 589331 1.10019e+06 1.01167e+06 1.19965e+06 1.35196e+06 3.15111e+06 2.92912e+06 3.09002e+06 2.8234e+06 2.38465e+06 1.63847e+06 1.13112e+06 611150 362467 283515 324680 426256 468653 665040 1.05465e+06 986344 1.35169e+06
Ftot
 0.441058 0.372185 0.551805 0.107296 0.0209774 0.20963 0.132369 0.254538 0.2706 0.202394 0.411026 0.378155 0.597322 1.03683 0.941728 0.378283 0.297957 0.212447 0.175962 0.176685 0.0794042 0.100813 0.118616
BD_Bspro_t
 0.94582 0.748303 0.705657 0.578334 0.708962 0.831201 0.79877 0.808282 0.765695 0.742756 0.711626 0.567012 0.454964 0.345067 0.229987 0.245418 0.34467 0.492346 0.606316 0.694819 0.792728 0.858397 0.865645
BD_Bspro
 0.628224 0.380328 0.464457 0.566266 0.599251 0.92679 1.38256 1.65291 1.48659 1.60196 1.52446 1.08553 0.671798 0.357137 0.178475 0.15513 0.174953 0.226774 0.286467 0.339243 0.525272 0.641991 0.823858
BD_Bo
 0.342278 0.207216 0.253052 0.308521 0.326492 0.504947 0.753268 0.900564 0.809943 0.872805 0.830578 0.591432 0.366018 0.194581 0.0972391 0.0845203 0.0953205 0.123554 0.156077 0.184831 0.286186 0.349779 0.448866
BD_Brms
 1.18924 0.719968 0.879227 1.07195 1.13439 1.75443 2.61722 3.129 2.81414 3.03255 2.88583 2.05492 1.27173 0.676068 0.337856 0.293665 0.33119 0.429287 0.542289 0.642195 0.994351 1.2153 1.55958
S_f
 0.190062 1 1 1 1
 0.190062 1 1 1 1
 0.190062 1 1 1 1
 0.190062 1 1 1 1
 0.190062 1 1 1 1
 0.190062 1 1 1 1
 0.190062 1 1 1 1
 0.190062 1 1 1 1
 0.190062 1 1 1 1
 0.190062 1 1 1 1
 0.190062 1 1 1 1
 0.190062 1 1 1 1
 0.190062 1 1 1 1
 0.190062 1 1 1 1
 0.190062 1 1 1 1
 0.190062 1 1 1 1
 0.190062 1 1 1 1
 0.190062 1 1 1 1
 0.190062 1 1 1 1
 0.190062 1 1 1 1
 0.190062 1 1 1 1
 0.190062 1 1 1 1
 0.190062 1 1 1 1
Scru_reclas
 1 1 1 1 1
 1 1 1 1 1
 1 1 1 1 1
 1 1 1 1 1
 1 1 1 1 1
 1 1 1 1 1
 1 1 1 1 1
 1 1 1 1 1
 1 1 1 1 1
 1 1 1 1 1
 1 1 1 1 1
 1 1 1 1 1
 1 1 1 1 1
 1 1 1 1 1
 1 1 1 1 1
 1 1 1 1 1
 1 1 1 1 1
 1 1 1 1 1
 1 1 1 1 1
 1 1 1 1 1
 1 1 1 1 1
 1 1 1 1 1
 1 1 1 1 1
Scru_pelaces
 1 1 1 1 1
 1 1 1 1 1
 1 1 1 1 1
 1 1 1 1 1
 1 1 1 1 1
 1 1 1 1 1
 1 1 1 1 1
 1 1 1 1 1
 1 1 1 1 1
 1 1 1 1 1
 1 1 1 1 1
 1 1 1 1 1
 1 1 1 1 1
 1 1 1 1 1
 1 1 1 1 1
 1 1 1 1 1
 1 1 1 1 1
 1 1 1 1 1
 1 1 1 1 1
 1 1 1 1 1
 1 1 1 1 1
 1 1 1 1 1
 1 1 1 1 1
pf_obs 
 0.256992 0.487395 0.22802 0.0275931 0
 0.321318 0.546541 0.124235 0.00734118 0.000564706
 0.182869 0.594174 0.210203 0.0122559 0.00049798
 0.330522 0.361315 0.267642 0.0388342 0.00168674
 0.649043 0.306663 0.0425973 0.00169635 0
 0.582887 0.30429 0.105238 0.00758474 0
 0.465427 0.430635 0.0974691 0.00646863 0
 0.296916 0.608066 0.0921331 0.00288517 0
 0.311714 0.524322 0.152257 0.0117073 0
 0.15457 0.633149 0.183074 0.0267441 0.00246327
 0.131901 0.49318 0.331252 0.0422183 0.00144891
 0.196976 0.569456 0.194076 0.0375587 0.00193317
 0.518974 0.381816 0.0799577 0.0180837 0.00116848
 0.0928022 0.601141 0.25162 0.0475244 0.00691264
 0.122501 0.610282 0.24278 0.0234846 0.000952079
 0.383417 0.481906 0.127806 0.00687128 0
 0.0376549 0.599619 0.316969 0.0457579 0
 0.0361596 0.667082 0.258105 0.0386534 0
 0.158088 0.579412 0.248529 0.0139706 0
 0.0477256 0.309471 0.559284 0.082774 0.000745712
 0.0406174 0.521527 0.379366 0.0568643 0.0016247
 0.151134 0.462217 0.34131 0.0453401 0
 0.294876 0.26143 0.354403 0.0886775 0.000613685
pf_pred 
 0.338091 0.465795 0.175254 0.0208498 1.05233e-05
 0.318528 0.523171 0.111398 0.0419133 0.00498891
 0.178786 0.612005 0.160612 0.0341989 0.0143988
 0.297831 0.419854 0.210393 0.0552146 0.0167068
 0.315228 0.479971 0.122458 0.0613651 0.0209772
 0.174247 0.586069 0.168 0.0428629 0.0288215
 0.275953 0.398288 0.231204 0.0662759 0.0282795
 0.227811 0.525509 0.135695 0.0787704 0.0322147
 0.269883 0.464215 0.180958 0.0467264 0.0382174
 0.21548 0.539669 0.155679 0.0606857 0.0284866
 0.114806 0.542898 0.235464 0.0679244 0.0389069
 0.10956 0.403075 0.298906 0.12964 0.0588185
 0.190102 0.352913 0.206863 0.153402 0.0967194
 0.17244 0.51409 0.136594 0.0800659 0.0968089
 0.242147 0.489525 0.166688 0.0442892 0.0573498
 0.297683 0.510483 0.123913 0.0421935 0.0257277
 0.205148 0.57771 0.157831 0.0383111 0.0209998
 0.251197 0.456191 0.212675 0.0581028 0.0218344
 0.247053 0.497389 0.155693 0.0725837 0.0272817
 0.330124 0.43659 0.154106 0.0482386 0.0309414
 0.283692 0.528391 0.122475 0.0432308 0.022212
 0.264587 0.502719 0.171648 0.039786 0.0212592
 0.262062 0.490472 0.169165 0.0577596 0.0205417
pobs_RECLAS
 0 0 0 0 0
 0 0 0 0 0
 0 0 0 0 0
 0 0 0 0 0
 0.835266 0.146461 0.0176864 0.000547809 3.91292e-05
 0.385257 0.428462 0.181853 0.0044286 0
 0.867414 0.0963971 0.0333333 0.00285562 0
 0.441836 0.489002 0.0689373 0.000224442 0
 0.779404 0.147425 0.0564933 0.0165055 0.000172143
 0.814271 0.122319 0.05973 0.00367925 0
 0.40263 0.566651 0.0304383 0.000280538 0
 0.475488 0.404961 0.113038 0.00651328 0
 0.955842 0.0263864 0.0167828 0.000988607 0
 0.975058 0.0227948 0.00214734 0 0
 0.738997 0.206755 0.0527124 0.00153531 0
 0.850938 0.134255 0.0134407 0.00136685 0
 0.542534 0.407297 0.0501686 0 0
 0.764087 0.199537 0.0359546 0.000420521 0
 0.470689 0.182191 0.310203 0.0369168 0
 0.84361 0.089868 0.0606195 0.00523954 0.000663233
 0.607945 0.314616 0.071237 0.00620181 0
 0.523733 0.453247 0.0230204 0 0
 0.530135 0.295979 0.169645 0.0042399 0
ppred_RECLAS
 0.734348 0.186943 0.0703367 0.00836791 4.22342e-06
 0.715588 0.218345 0.0464921 0.0174925 0.00208212
 0.543247 0.340392 0.089331 0.0190212 0.00800852
 0.691734 0.184324 0.0923669 0.0242403 0.00733462
 0.707985 0.204679 0.0522212 0.0261686 0.00894554
 0.528998 0.334288 0.0958255 0.0244486 0.0164395
 0.668779 0.1822 0.105766 0.0303184 0.0129367
 0.611624 0.264307 0.0682486 0.0396179 0.0162025
 0.6639 0.213696 0.0833016 0.0215099 0.0175929
 0.593701 0.279492 0.0806252 0.0314288 0.0147531
 0.411845 0.360721 0.156451 0.0451314 0.0258512
 0.398536 0.272265 0.201901 0.0875679 0.03973
 0.562866 0.190481 0.111652 0.0827972 0.0522033
 0.545212 0.28252 0.0750658 0.0440005 0.0532016
 0.645052 0.229274 0.0780703 0.0207433 0.0268604
 0.695367 0.221425 0.0537476 0.0183016 0.0111595
 0.580153 0.305151 0.0833674 0.0202363 0.0110923
 0.641041 0.218688 0.101951 0.0278532 0.0104669
 0.635403 0.240849 0.0753907 0.0351469 0.0132105
 0.723578 0.180157 0.0635914 0.0199055 0.0127679
 0.676592 0.238565 0.0552965 0.0195184 0.0100286
 0.655492 0.235501 0.0804096 0.018638 0.00995898
 0.652769 0.230787 0.0795991 0.0271783 0.00966572
pobs_PELACES
 0 0 0 0 0
 0 0 0 0 0
 0 0 0 0 0
 0 0 0 0 0
 0 0 0 0 0
 0 0 0 0 0
 0 0 0 0 0
 0 0 0 0 0
 0 0 0 0 0
 0 0 0 0 0
 0.450072 0.473896 0.0757376 0.000293798 0
 0 0 0 0 0
 0.463077 0.371075 0.160297 0.00555027 0
 0.529543 0.364841 0.0842815 0.0213345 0
 0.631943 0.363953 0.00410389 0 0
 0.735681 0.248677 0.0153453 0.000297389 0
 0.695825 0.281241 0.0229344 0 0
 0.275771 0.60734 0.115278 0.00161068 0
 0 0 0 0 0
 0.896147 0.0623911 0.0374545 0.00400742 0
 0.803859 0.145111 0.0509908 3.86294e-05 0
 0.739449 0.233085 0.0266225 0.000797448 4.60066e-05
 0.878498 0.100942 0.0204185 0.000141795 0
ppred_PELACES
 0.756702 0.171212 0.0644181 0.00766377 3.86804e-06
 0.735393 0.203141 0.0432547 0.0162744 0.00193713
 0.579545 0.313341 0.0822318 0.0175096 0.00737207
 0.697815 0.180688 0.0905447 0.0237621 0.00718993
 0.709143 0.203868 0.0520142 0.0260649 0.00891008
 0.542932 0.324399 0.0929906 0.0237253 0.0159532
 0.676569 0.177915 0.103279 0.0296054 0.0126324
 0.627656 0.253396 0.0654313 0.0379825 0.0155337
 0.679843 0.203559 0.0793502 0.0204896 0.0167584
 0.606681 0.270563 0.0780495 0.0304248 0.0142818
 0.438689 0.344258 0.14931 0.0430716 0.0246713
 0.422994 0.261193 0.193691 0.0840071 0.0381145
 0.601676 0.17357 0.101739 0.0754462 0.0475685
 0.612651 0.240626 0.0639346 0.0374758 0.0453126
 0.700371 0.193542 0.065903 0.0175105 0.0226742
 0.716352 0.206171 0.0500451 0.0170409 0.0103908
 0.599417 0.29115 0.0795421 0.0193077 0.0105833
 0.654 0.210793 0.0982709 0.0268476 0.010089
 0.646228 0.233698 0.0731525 0.0341035 0.0128183
 0.732923 0.174066 0.0614416 0.0192325 0.0123362
 0.681218 0.235152 0.0545054 0.0192392 0.00988512
 0.661551 0.23136 0.0789954 0.0183102 0.00978383
 0.65992 0.226035 0.0779598 0.0266186 0.00946667
pobs_pel_tallas
 0 0 0 0 0 0 0 0 0 0 0 0 0 0 0 0 0 0 0 0 0 0 0 0 0 0 0 0 0 0 0 0 0 0 0 0
 0 0 0 0 0 0 0 0 0 0 0 0 0 0 0 0 0 0 0 0 0 0 0 0 0 0 0 0 0 0 0 0 0 0 0 0
 0 0 0 0 0 0 0 0 0 0 0 0 0 0 0 0 0 0 0 0 0 0 0 0 0 0 0 0 0 0 0 0 0 0 0 0
 0 0 0 0 0 0 0 0 0 0 0 0 0 0 0 0 0 0 0 0 0 0 0 0 0 0 0 0 0 0 0 0 0 0 0 0
 0 0 0 0 0 0 0 0 0 0 0 0 0 0 0 0 0 0 0 0 0 0 0 0 0 0 0 0 0 0 0 0 0 0 0 0
 0 0 0 0 0 0 0 0 0 0 0 0 0 0 0 0 0 0 0 0 0 0 0 0 0 0 0 0 0 0 0 0 0 0 0 0
 0 0 0 0 0 0 0 0 0 0 0 0 0 0 0 0 0 0 0 0 0 0 0 0 0 0 0 0 0 0 0 0 0 0 0 0
 0 0 0 0 0 0 0 0 0 0 0 0 0 0 0 0 0 0 0 0 0 0 0 0 0 0 0 0 0 0 0 0 0 0 0 0
 0 0 0 0 0 0 0 0 0 0 0 0 0 0 0 0 0 0 0 0 0 0 0 0 0 0 0 0 0 0 0 0 0 0 0 0
 0 0 0 0 0 0 0 0 0 0 0 0 0 0 0 0 0 0 0 0 0 0 0 0 0 0 0 0 0 0 0 0 0 0 0 0
 0 0 0 0 0 0 0 0 1.78061e-05 0.00172719 0.00360574 0.0105946 0.0120993 0.0124554 0.0147524 0.0171206 0.0266825 0.0428682 0.0675386 0.121331 0.153587 0.119568 0.100827 0.0573624 0.0630603 0.0341343 0.0324427 0.0444173 0.0211091 0.0280891 0.0125444 0.00206551 0 0 0 0
 0 0 0 0 0 0 0 0 0 0 0 0 0 0 0 0 0 0 0 0 0 0 0 0 0 0 0 0 0 0 0 0 0 0 0 0
 0 0 0 0 0 0 0.0133647 0.0140871 0.0187388 0.0205184 0.03894 0.0496705 0.03968 0.0493445 0.0407372 0.0367815 0.0215668 0.0243155 0.0234873 0.0199281 0.019796 0.0243948 0.0301388 0.0376714 0.0412746 0.0863199 0.0771752 0.113111 0.0741005 0.0525337 0.0229764 0.00759418 0.00175318 0 0 0
 0 0 0 0 0 0 0 0 0 0 0.00219441 0.00772107 0.0458388 0.0604681 0.0671733 0.0775358 0.0609151 0.0617685 0.073594 0.0568108 0.0755445 0.0548602 0.0670107 0.0636378 0.0643287 0.046367 0.0373049 0.0286899 0.0247887 0.0153202 0.00654259 0.00121912 0.000365735 0 0 0
 0 0 0 0 0 0 0 0 0 0 0 0 0.000112435 0.00938835 0.0111873 0.0202946 0.0414886 0.0713402 0.111592 0.104902 0.108894 0.110636 0.117776 0.105296 0.107544 0.0401394 0.0192827 0.0124803 0.00416011 0.0028671 0.000618394 0 0 0 0 0
 0 0 0 0 0 0 0 0 0 0 0.00291406 0.0102884 0.027416 0.0768956 0.0749926 0.110853 0.0956884 0.0897413 0.0766577 0.0534642 0.0500743 0.0551293 0.0594112 0.0620874 0.0668451 0.0424026 0.0208742 0.0120726 0.0048766 0.00582813 0.00118941 0.000297354 0 0 0 0
 0 0.00264628 0.0354308 0.0461629 0.0458689 0.0383711 0.0214643 0.0164657 0.0346957 0.0420465 0.0363128 0.0245516 0.0311673 0.0291091 0.0169068 0.0133784 0.00837989 0.0085269 0.0148486 0.0160247 0.0276389 0.0546898 0.0760071 0.122758 0.109233 0.0665981 0.0333725 0.0166128 0.00676272 0.00308733 0.000882094 0 0 0 0 0
 0 0 0 0 0 0 0 0.000805153 0.000690131 0.00759144 0.0133425 0.0154129 0.00931677 0.000345066 0.00356568 0.00563607 0.00851162 0.0253048 0.0502646 0.0516448 0.0657925 0.0565908 0.0611916 0.0827007 0.0866115 0.110766 0.145733 0.0935128 0.0569358 0.0249597 0.0138026 0.00621118 0.00161031 0.00115022 0 0
 0 0 0 0 0 0 0 0 0 0 0 0 0 0 0 0 0 0 0 0 0 0 0 0 0 0 0 0 0 0 0 0 0 0 0 0
 0.00147267 0.00158595 0.00478618 0.00569244 0.00954404 0.0108468 0.00647125 0.017049 0.0510054 0.094081 0.124002 0.0959785 0.0687766 0.0820023 0.061753 0.0591476 0.0492212 0.0479892 0.0443925 0.0268479 0.0217502 0.0140895 0.0121071 0.0120363 0.00920419 0.00665534 0.0049561 0.00860946 0.00930331 0.0156896 0.0114698 0.00855282 0.00243557 0.00046729 0 2.83206e-05
 0 0 0 0 0.000772559 0.00158375 0.000888443 0.00281984 0.00712685 0.0440552 0.0773331 0.111326 0.0921469 0.0852325 0.0710754 0.0886704 0.0786465 0.0553345 0.0373146 0.0185414 0.00753245 0.00457741 0.012979 0.0271748 0.0457355 0.0583668 0.034881 0.0177882 0.00938659 0.00492506 0.0015258 0.00185414 0.000309023 5.79419e-05 3.86279e-05 0
 0 0.00173294 0.00326652 0 0.00397197 0.00683976 0.00946217 0.0152591 0.00757587 0.0136028 0.0228656 0.0392903 0.0559909 0.0764795 0.0681675 0.0726916 0.0566044 0.0477403 0.0527397 0.0444891 0.0609904 0.0582453 0.0661739 0.0445044 0.0529084 0.0360697 0.0280645 0.0235558 0.0158879 0.00826598 0.00280645 0.00217768 0.000904811 0.00058276 9.20147e-05 0
 0 0 0 0 0 0 0 0 0 0 0 0 0 0 0 0 0 0 0 0 0 0 0 0 0 0 0 0 0 0 0 0 0 0 0 0
ppred_pel_tallas
 1.01234e-16 3.30155e-05 0.000193775 0.000921121 0.00354637 0.011059 0.0279342 0.0571571 0.0947442 0.127239 0.138461 0.122131 0.0874228 0.0510156 0.0247497 0.0108879 0.00582697 0.00532442 0.00677827 0.00903971 0.0116269 0.0142355 0.0165789 0.0183882 0.0194589 0.0196941 0.0191218 0.0178789 0.0161702 0.0142172 0.0122128 0.0102957 0.00854558 0.00699366 0.00564122 0.00447612
 1.01331e-16 3.20875e-05 0.000188324 0.000895202 0.00344656 0.0107478 0.0271481 0.0555488 0.0920794 0.123663 0.134578 0.118726 0.0850283 0.0497047 0.0242747 0.0109518 0.00624785 0.00604757 0.00781901 0.0104265 0.0133648 0.0162867 0.0188558 0.0207599 0.0217691 0.0217872 0.0208704 0.019206 0.0170592 0.0147082 0.0123881 0.0102586 0.00839876 0.00682267 0.00550521 0.00440607
 1.02216e-16 2.52964e-05 0.000148444 0.000705584 0.00271645 0.00847091 0.021397 0.0437827 0.0725801 0.0974898 0.106132 0.0937208 0.0673166 0.039747 0.0201513 0.0103456 0.00765295 0.00888289 0.0120501 0.0162042 0.020815 0.0254063 0.0294703 0.0325242 0.0342081 0.0343652 0.0330722 0.0306061 0.0273658 0.0237726 0.0201856 0.0168518 0.013899 0.0113581 0.00920148 0.0073781
 1.02497e-16 3.04482e-05 0.000178702 0.000849458 0.00327045 0.0101986 0.0257608 0.0527102 0.0873738 0.117343 0.127699 0.112654 0.0806739 0.0471476 0.0230059 0.0103498 0.00587244 0.00567644 0.00737258 0.00990318 0.0128144 0.0158041 0.0185768 0.0208484 0.0223951 0.0230973 0.0229593 0.0220934 0.0206808 0.0189216 0.0169923 0.0150228 0.0130931 0.0112458 0.00950319 0.00788166
 1.02117e-16 3.09429e-05 0.000181605 0.000863255 0.00332356 0.0103642 0.0261792 0.0535664 0.0887936 0.119251 0.129779 0.114498 0.0820132 0.0479679 0.0234752 0.0106748 0.00620949 0.00611681 0.00796004 0.0106461 0.0136864 0.0167402 0.0194744 0.0215762 0.0228122 0.0230783 0.0224191 0.0210062 0.0190871 0.0169223 0.0147309 0.0126611 0.0107864 0.00912257 0.0076526 0.00634973
 1.02987e-16 2.37003e-05 0.000139073 0.00066103 0.0025449 0.00793594 0.0200458 0.0410179 0.067998 0.0913381 0.0994431 0.0878329 0.063129 0.037358 0.019095 0.0100573 0.00775343 0.00920794 0.0125664 0.0169315 0.0217841 0.0266417 0.0309826 0.0343077 0.0362422 0.0366175 0.0355025 0.0331705 0.0300187 0.0264671 0.0228731 0.0194824 0.0164221 0.0137251 0.0113696 0.00931408
 1.03132e-16 2.95216e-05 0.000173262 0.000823599 0.00317088 0.00988809 0.0249765 0.0511056 0.084714 0.113771 0.123813 0.109229 0.0782281 0.0457319 0.0223413 0.0100966 0.00579621 0.00566629 0.00739563 0.00996355 0.0129335 0.0160138 0.0189166 0.0213615 0.0231229 0.0240733 0.024202 0.023601 0.022429 0.020864 0.0190649 0.0171505 0.0151984 0.0132563 0.0113588 0.00953852
 1.03043e-16 2.73918e-05 0.000160752 0.000764107 0.0029418 0.00917367 0.0231721 0.0474141 0.0785975 0.105564 0.114902 0.101416 0.072737 0.0427327 0.0212683 0.0102728 0.00680954 0.00739813 0.00988836 0.0132889 0.0171072 0.0209487 0.0244061 0.0270928 0.0287185 0.0291522 0.0284456 0.026806 0.024534 0.0219447 0.0193024 0.0167841 0.0144762 0.0123962 0.0105243 0.00883141
 1.0268e-16 2.96653e-05 0.000174104 0.000827596 0.00318626 0.00993604 0.0250977 0.0513536 0.0851259 0.114326 0.124422 0.109779 0.0786476 0.0460295 0.0225833 0.0103672 0.00617041 0.00620241 0.00813402 0.0109214 0.0140958 0.0173248 0.0202776 0.0226386 0.0241649 0.0247366 0.0243765 0.0232314 0.0215243 0.019495 0.0173494 0.0152319 0.0132227 0.0113525 0.0096255 0.00803835
 1.02909e-16 2.64779e-05 0.000155384 0.000738587 0.00284353 0.00886724 0.0223981 0.0458305 0.0759733 0.102042 0.111075 0.0980532 0.0703582 0.041402 0.0207303 0.0102197 0.0070442 0.00784861 0.0105565 0.0142004 0.0182817 0.0223845 0.0260728 0.0289312 0.030647 0.0310769 0.0302741 0.0284595 0.0259555 0.023103 0.0201907 0.0174157 0.0148788 0.0126062 0.010582 0.00877708
 1.04865e-16 1.91558e-05 0.00011239 0.000534172 0.00205646 0.00641275 0.0161984 0.033146 0.054951 0.0738211 0.0803939 0.0710603 0.0511887 0.0305237 0.0160308 0.0091429 0.00789486 0.00992336 0.0137508 0.0186398 0.0241174 0.0296994 0.0348413 0.0390093 0.0417867 0.04296 0.0425538 0.0407995 0.0380573 0.0347182 0.0311207 0.0275059 0.0240129 0.0207038 0.0176001 0.0147132
 1.07503e-16 1.8468e-05 0.00010836 0.00051503 0.00198278 0.00618302 0.015618 0.0319579 0.0529795 0.0711671 0.0774891 0.0684586 0.0492402 0.0292138 0.0150747 0.00818239 0.00662426 0.00811779 0.0112591 0.0153919 0.0201503 0.0251857 0.0300992 0.0344818 0.0379877 0.0403955 0.041636 0.0417759 0.0409707 0.0394056 0.0372495 0.0346333 0.0316553 0.0283993 0.0249565 0.0214358
 1.06316e-16 2.62556e-05 0.000154089 0.000732448 0.00281993 0.00879366 0.0222121 0.0454493 0.0753387 0.101182 0.110118 0.0971596 0.0696108 0.0407489 0.0200104 0.00922204 0.00555138 0.00565797 0.00750107 0.0101841 0.0133245 0.0166619 0.0199324 0.0228734 0.0252667 0.0269764 0.0279658 0.0282826 0.0280256 0.0273046 0.0262091 0.0247972 0.0231027 0.0211526 0.0189862 0.0166654
 1.04391e-16 2.67368e-05 0.000156908 0.000745837 0.00287146 0.00895433 0.022618 0.0462803 0.0767179 0.10304 0.112153 0.0989865 0.0709883 0.041693 0.0207285 0.00997596 0.00656859 0.00711032 0.00950664 0.0127982 0.0165167 0.0202931 0.0237468 0.0265156 0.0283255 0.0290488 0.0287256 0.0275377 0.0257496 0.0236355 0.0214203 0.0192473 0.0171797 0.0152226 0.0133557 0.0115596
 1.0266e-16 3.056e-05 0.000179357 0.000852574 0.00328244 0.010236 0.0258553 0.0529036 0.0876946 0.117775 0.128171 0.113076 0.0809875 0.047354 0.023149 0.0104843 0.00604311 0.00591314 0.00769173 0.0103072 0.0132886 0.0163138 0.0190681 0.0212535 0.0226433 0.0231292 0.0227396 0.021621 0.019991 0.0180806 0.0160858 0.0141403 0.0123137 0.0106267 0.00907424 0.00764495
 1.01849e-16 3.12574e-05 0.00018345 0.00087203 0.00335735 0.0104696 0.0264453 0.0541109 0.0896962 0.120463 0.131098 0.115661 0.0828457 0.0484532 0.0237094 0.0107753 0.00625834 0.00615461 0.0080007 0.0106902 0.013727 0.0167645 0.0194642 0.0215095 0.0226656 0.0228304 0.022054 0.0205172 0.0184783 0.016209 0.0139382 0.0118209 0.00993378 0.0082918 0.00687372 0.00564605
 1.02382e-16 2.6162e-05 0.000153528 0.000729758 0.00280953 0.0087612 0.0221303 0.0452827 0.0750658 0.100826 0.109756 0.0969019 0.0695606 0.0409898 0.0206296 0.0103438 0.00734948 0.00833695 0.0112527 0.015128 0.0194452 0.0237576 0.0275935 0.0305045 0.0321554 0.0323978 0.0312983 0.0291084 0.0261915 0.0229318 0.0196561 0.0165892 0.013847 0.0114586 0.00940084 0.00763142
 1.02858e-16 2.85388e-05 0.00016749 0.000796148 0.00306518 0.00955844 0.0241439 0.0494022 0.0818917 0.109984 0.119701 0.105623 0.0756924 0.0443444 0.0218401 0.0101682 0.00624963 0.00644651 0.00852319 0.0114745 0.0148405 0.0182845 0.0214648 0.0240518 0.0257872 0.0265363 0.0263096 0.0252447 0.0235588 0.02149 0.0192464 0.0169789 0.014778 0.0126879 0.0107282 0.00891136
 1.02886e-16 2.82008e-05 0.000165503 0.0007867 0.00302879 0.00944496 0.0238573 0.048816 0.0809206 0.108682 0.118289 0.10439 0.0748373 0.0439001 0.0217261 0.0102895 0.00655592 0.00693432 0.00921146 0.0123788 0.0159546 0.0195694 0.0228462 0.0254258 0.0270357 0.0275474 0.026999 0.0255717 0.0235331 0.021167 0.0187138 0.016338 0.0141251 0.0121 0.0102552 0.00857458
 1.02167e-16 3.19787e-05 0.000187688 0.000892182 0.00343495 0.0107116 0.0270566 0.0553614 0.0917679 0.123242 0.134114 0.118302 0.0846941 0.049447 0.0240335 0.0106499 0.00581142 0.00541367 0.00693962 0.009277 0.0119561 0.0146759 0.0171503 0.0191098 0.020349 0.0207689 0.020394 0.0193555 0.0178495 0.0160854 0.0142422 0.0124442 0.0107581 0.00920678 0.00778887 0.00649629
 1.01974e-16 2.97266e-05 0.000174461 0.000829285 0.00319276 0.00995628 0.0251489 0.0514585 0.0853006 0.114564 0.124687 0.110028 0.0788598 0.0462214 0.0228027 0.0106765 0.00663441 0.00688127 0.00907594 0.012151 0.0155998 0.0190404 0.0220887 0.0243842 0.0256598 0.0258009 0.0248672 0.023068 0.0207017 0.0180813 0.0154708 0.0130487 0.0109029 0.0090497 0.00746278 0.00610122
 1.02284e-16 2.88689e-05 0.000169425 0.000805348 0.00310059 0.00966887 0.0244229 0.0499732 0.0828385 0.111257 0.12109 0.106857 0.0765951 0.0449098 0.0221858 0.01044 0.00656157 0.00687071 0.00909965 0.0122167 0.0157329 0.0192772 0.0224726 0.0249603 0.026468 0.0268676 0.0261979 0.0246426 0.0224738 0.0199825 0.0174187 0.0149574 0.0126938 0.0106602 0.00885183 0.00725088
 1.02538e-16 2.87976e-05 0.000169007 0.00080336 0.00309294 0.00964502 0.0243626 0.0498498 0.0826339 0.110982 0.120789 0.10659 0.076398 0.0447836 0.0221039 0.010369 0.0064744 0.00674889 0.00893143 0.0119964 0.015462 0.0189663 0.0221426 0.0246409 0.0261947 0.0266769 0.0261216 0.0247025 0.0226785 0.0203264 0.0178834 0.0155147 0.0133099 0.0112999 0.00948232 0.00784463
pSPR Fmed_Fpbrs
0.445133   0.337812 0.337812
Fs Fmed_Fpbrs
0.64   1.005 1.005
SSBpbr Bo_Bmed_Bpbrs
1.98753e+06  785341  572036 572036
Ro
52536.2
SPR SPRFo_SPRFmed_SPRFpbrs
1.08288e+06 482024 365809
log_Ro
10.6893
likeval ReclasPelacesDesembMPH_pf_preclas_ppelaces_ptallas_desvR_qrecl_qpela
 66.3552 24.1242 0.0167582 14.3247 297.748 171.936 43.4459 0 14.7199 7.71944e-05 0 0 0 0 0
q_reclas_q_pelaces
0.287936 1
M
0.7
N
 50181.8 15273 5746.43 683.648 0.345049
 64594.5 22915.7 4879.44 1835.87 218.523
 38144.9 29886 7843.14 1670.04 703.137
 61286.9 17056.2 8547.05 2243.05 678.699
 102274 29819.8 7608.14 3812.52 1303.28
 73534.8 50585.8 14500.7 3699.66 2487.69
 122078 35090 20369.5 5839.04 2491.48
 123400 59116 15264.8 8861.11 3623.92
 162559 58384.4 22759.1 5876.78 4806.61
 150062 76677.8 22119.3 8622.4 4047.46
 69315.7 71706.6 31100.3 8971.52 5138.86
 39982.2 31834.5 23607.3 10238.9 4645.44
 42869.1 18477.6 10830.8 8031.75 5063.98
 24098.9 19003.5 5049.25 2959.66 3578.57
 18880.8 9826.7 3346.09 889.059 1151.24
 21122.1 7839.36 1902.89 647.955 395.093
 16448.7 9761.29 2666.79 647.325 354.823
 20760 7718.46 3598.32 983.063 369.424
 24324.5 9901.16 3099.27 1444.87 543.078
 43679 11681.9 4123.45 1290.73 827.904
 57602 20974 4861.53 1716.01 881.689
 75287.1 28175.9 9620.36 2229.88 1191.51
 98873.3 36676.9 12649.9 4319.19 1536.08
pred_Ctot
 2916.03 4017.48 1511.56 179.83 0.090763
 3185.53 5232.11 1114.07 419.166 49.893
 2747.89 9406.38 2468.57 525.63 221.307
 890.771 1255.73 629.257 165.139 49.9677
 292.735 445.722 113.72 56.9864 19.4804
 2070.36 6963.52 1996.13 509.287 342.45
 2184.36 3152.73 1830.14 524.621 223.852
 4202.81 9694.97 2503.41 1453.21 594.32
 5878.05 10110.6 3941.26 1017.7 832.376
 4081.6 10222.4 2948.85 1149.5 539.591
 3762.97 17794.4 7717.73 2226.34 1275.24
 2002.39 7366.89 5463.01 2369.4 1075.01
 3330.46 6182.8 3624.1 2687.5 1694.46
 3135.24 9346.96 2483.5 1455.72 1760.14
 2248.34 4545.26 1547.71 411.227 532.494
 1058.19 1814.64 440.478 149.987 91.4555
 653.415 1840.06 502.704 122.024 66.8861
 592.212 1075.5 501.394 136.981 51.4758
 576.48 1160.62 363.299 169.369 63.66
 1039.36 1374.56 485.189 151.875 97.4161
 621.026 1156.69 268.107 94.636 48.624
 1028.69 1954.52 667.352 154.684 82.6537
 1587.17 2970.53 1024.54 349.819 124.41
F
 0.0838283 0.441058 0.441058 0.441058 0.441058
 0.0707381 0.372185 0.372185 0.372185 0.372185
 0.104877 0.551805 0.551805 0.551805 0.551805
 0.0203929 0.107296 0.107296 0.107296 0.107296
 0.003987 0.0209774 0.0209774 0.0209774 0.0209774
 0.0398426 0.20963 0.20963 0.20963 0.20963
 0.0251582 0.132369 0.132369 0.132369 0.132369
 0.0483779 0.254538 0.254538 0.254538 0.254538
 0.0514308 0.2706 0.2706 0.2706 0.2706
 0.0384673 0.202394 0.202394 0.202394 0.202394
 0.0781203 0.411026 0.411026 0.411026 0.411026
 0.0718727 0.378155 0.378155 0.378155 0.378155
 0.113528 0.597322 0.597322 0.597322 0.597322
 0.197062 1.03683 1.03683 1.03683 1.03683
 0.178986 0.941728 0.941728 0.941728 0.941728
 0.0718971 0.378283 0.378283 0.378283 0.378283
 0.0566302 0.297957 0.297957 0.297957 0.297957
 0.0403781 0.212447 0.212447 0.212447 0.212447
 0.0334437 0.175962 0.175962 0.175962 0.175962
 0.0335811 0.176685 0.176685 0.176685 0.176685
 0.0150917 0.0794042 0.0794042 0.0794042 0.0794042
 0.0191606 0.100813 0.100813 0.100813 0.100813
 0.0225443 0.118616 0.118616 0.118616 0.118616
Np
 36112.3 14814.7 8725.89 2940.36 1198.48
YTP_r0W_actual
 82504 428079 203775 90824.9 40598.6
YTP_p0W_proyectada
 37438.7 500094 244973 107902 58916.2
 37438.7 154334 132146 56867.1 25722.1
CTP_r0_actual
 12500.6 17689.2 6101.05 2083.14 740.851
CTP_p0_proyectada
 4565.69 23152.5 7801.69 2690.82 1323.96
 4565.69 7145.11 4208.48 1418.13 578.024
Wmedp
 8.2 21.6 31.4 40.1 44.5
nmprior
 10.8 10.6 4.6 0
nm_flota  nm_reclas  nm_pelaces    nm_pelaL
inf 13.5315 17.4745 23.2619
cv_recla  cv_pelaces  cv_mph
0.772785 0.60155 0.546288
 ------------------------------------------------
Talla a la edad & desviaci?n 
 7.2 14.2025 17.0495 18.207 18.6776
 1.08 2.13037 2.55742 2.73105 2.80164
