years
 1997 1998 1999 2000 2001 2002 2003 2004 2005 2006 2007 2008 2009 2010 2011 2012 2013 2014 2015 2016 2017 2018 2019 2020 2021 2022 2023
reclasobs
 0 0 0 370054 412103 1.49427e+06 250295 1.28982e+06 931140 785840 897777 1.04006e+06 184774 17550 25797 100020 73551 82996 120727 218422 84188 347160 605670 569463 516374 1.08416e+06 1.01767e+06
reclaspred
 1.12363e+06 231285 581771 302691 369556 446146 889981 679721 931199 1.11548e+06 1.0669e+06 722711 420872 194651 131009 123452 129067 166147 177934 248368 420901 430431 696458 837722 1.06424e+06 887725 688962
pelacesobs
 0 0 0 0 0 0 0 0 0 2.06254e+06 1.5e+06 0 1.87456e+06 323000 250000 174000 83755 137374 0 501740 490994 745055 786931 1.00524e+06 1.33801e+06 1.41789e+06 0
pelacespred
 653008 229873 198290 211411 221494 201727 454829 422498 527285 655034 544884 382983 220356 81236.1 54811.6 58982.8 64344 83143.4 92896.7 124952 237922 252726 318124 440945 541234 502419 366750
mphobs
 0 0 0 0 0 0 112323 0 153150 637223 0 255016 313432 73983 77613 109348 50772 17779 17303 59886 28197 0 207744 136588 643089 65757 70829
mphpred
 794082 426843 370265 331308 281986 409962 552127 715964 719116 957228 1.07689e+06 762545 451444 240758 111902 97522 95022.1 119530 149464 165326 288872 404001 475432 663596 835059 776225 602937
desembarqueobs
 350755 77701 442110 56441 14545 235359 269955 359681 431902 328805 639364 411747 362871 311530 167758 66681 60226 58785 57116 73181 50977 67692 138656 160484 209506 203330 245020
desembarquepred
 350760 77700.8 442122 56443.5 14545.2 235451 269972 359599 431791 328718 639323 411826 362887 311615 167685 66690.5 60251.3 58786.2 57105.8 73165 50972.6 67679.6 138644 160471 209492 203320 245019
Reclutas
 41613.8 43754.9 21943.5 24032.3 45711.6 34098 69509.1 75998.8 128984 141754 69330.9 40832.3 48217.3 29351.3 20220 14650.8 11079.1 12549.4 14562.8 26802.6 40794.3 41413.9 65257.3 85984.2 32926.5 34937 57864.4
log_desv_Rt
 0.0810502 0.131222 -0.558913 -0.467983 0.174969 -0.118143 0.594075 0.683335 1.2123 1.30671 0.591508 0.0620916 0.228336 -0.268045 -0.640711 -0.962886 -1.24233 -1.11771 -0.96891 -0.358882 0.0611588 0.0762344 0.530956 0.806781 -0.153104 -0.0938366 0.41072
SSB
 794082 426843 370265 331308 281986 409962 536400 707574 703411 938858 1.07689e+06 762545 464882 250774 120138 106018 107551 129743 154015 178645 295979 404001 488255 652032 896515 858735 628352
BT
 2.06459e+06 570990 743706 504539 528033 585119 1.44824e+06 1.37682e+06 1.80444e+06 1.87326e+06 1.73153e+06 1.17648e+06 856398 472707 281074 186965 198193 239122 247885 357833 627978 570950 784139 1.10957e+06 1.24531e+06 1.17095e+06 992910
Ftot
 0.300341 0.322827 0.70518 0.180818 0.0384938 0.499078 0.292469 0.50247 0.443148 0.284202 0.563743 0.537004 0.795549 1.37941 1.1467 0.511611 0.4447 0.339659 0.308589 0.284091 0.11795 0.152725 0.192876 0.185763 0.190635 0.221335 0.341078
BD_Bspro_t
 0.957325 0.754568 0.633948 0.424884 0.515144 0.666959 0.585022 0.61817 0.580982 0.595588 0.596776 0.43791 0.328899 0.236334 0.142664 0.149775 0.200742 0.299553 0.393905 0.491576 0.636299 0.75482 0.760547 0.757029 0.760387 0.69861 0.632908
BD_Bspro
 1.00189 0.538543 0.46716 0.418008 0.35578 0.517245 0.676771 0.89274 0.887487 1.18455 1.3587 0.962095 0.586537 0.316399 0.151577 0.133762 0.135697 0.163696 0.194319 0.225394 0.373435 0.509724 0.616027 0.822662 1.13112 1.08346 0.792785
BD_Bo
 0.525177 0.282298 0.24488 0.219115 0.186495 0.271134 0.354755 0.467964 0.46521 0.620926 0.712212 0.504319 0.307456 0.165853 0.0794547 0.0701165 0.0711305 0.0858075 0.10186 0.118149 0.19575 0.267191 0.322914 0.43123 0.592922 0.567935 0.415569
BD_Brms
 2.55869 1.37537 1.19307 1.06754 0.908616 1.32098 1.72839 2.27994 2.26653 3.02518 3.46993 2.45707 1.49794 0.808043 0.387108 0.341611 0.346552 0.418059 0.496265 0.575628 0.953704 1.30177 1.57325 2.10097 2.88875 2.76701 2.02467
S_f
 0.5 1 1 1 1
 0.5 1 1 1 1
 0.5 1 1 1 1
 0.5 1 1 1 1
 0.5 1 1 1 1
 0.5 1 1 1 1
 0.5 1 1 1 1
 0.5 1 1 1 1
 0.5 1 1 1 1
 0.5 1 1 1 1
 0.5 1 1 1 1
 0.5 1 1 1 1
 0.5 1 1 1 1
 0.5 1 1 1 1
 0.5 1 1 1 1
 0.5 1 1 1 1
 0.5 1 1 1 1
 0.5 1 1 1 1
 0.5 1 1 1 1
 0.5 1 1 1 1
 0.5 1 1 1 1
 0.5 1 1 1 1
 0.5 1 1 1 1
 0.5 1 1 1 1
 0.5 1 1 1 1
 0.5 1 1 1 1
 0.5 1 1 1 1
Scru_reclas
 0.5 1 1 1 1
 0.5 1 1 1 1
 0.5 1 1 1 1
 0.5 1 1 1 1
 0.5 1 1 1 1
 0.5 1 1 1 1
 0.5 1 1 1 1
 0.5 1 1 1 1
 0.5 1 1 1 1
 0.5 1 1 1 1
 0.5 1 1 1 1
 0.5 1 1 1 1
 0.5 1 1 1 1
 0.5 1 1 1 1
 0.5 1 1 1 1
 0.5 1 1 1 1
 0.5 1 1 1 1
 0.5 1 1 1 1
 0.5 1 1 1 1
 0.5 1 1 1 1
 0.5 1 1 1 1
 0.5 1 1 1 1
 0.5 1 1 1 1
 0.5 1 1 1 1
 0.5 1 1 1 1
 0.5 1 1 1 1
 0.5 1 1 1 1
Scru_pelaces
 0.5 1 1 1 1
 0.5 1 1 1 1
 0.5 1 1 1 1
 0.5 1 1 1 1
 0.5 1 1 1 1
 0.5 1 1 1 1
 0.5 1 1 1 1
 0.5 1 1 1 1
 0.5 1 1 1 1
 0.5 1 1 1 1
 0.5 1 1 1 1
 0.5 1 1 1 1
 0.5 1 1 1 1
 0.5 1 1 1 1
 0.5 1 1 1 1
 0.5 1 1 1 1
 0.5 1 1 1 1
 0.5 1 1 1 1
 0.5 1 1 1 1
 0.5 1 1 1 1
 0.5 1 1 1 1
 0.5 1 1 1 1
 0.5 1 1 1 1
 0.5 1 1 1 1
 0.5 1 1 1 1
 0.5 1 1 1 1
 0.5 1 1 1 1
pf_obs 
 0.256992 0.487395 0.22802 0.0275931 0
 0.321318 0.546541 0.124235 0.00734118 0.000564706
 0.182869 0.594174 0.210203 0.0122559 0.00049798
 0.330522 0.361315 0.267642 0.0388342 0.00168674
 0.649043 0.306663 0.0425973 0.00169635 0
 0.582887 0.30429 0.105238 0.00758474 0
 0.465427 0.430635 0.0974691 0.00646863 0
 0.296916 0.608066 0.0921331 0.00288517 0
 0.311714 0.524322 0.152257 0.0117073 0
 0.15457 0.633149 0.183074 0.0267441 0.00246327
 0.131901 0.49318 0.331252 0.0422183 0.00144891
 0.196976 0.569456 0.194076 0.0375587 0.00193317
 0.518974 0.381816 0.0799577 0.0180837 0.00116848
 0.0928022 0.601141 0.25162 0.0475244 0.00691264
 0.122501 0.610282 0.24278 0.0234846 0.000952079
 0.383417 0.481906 0.127806 0.00687128 0
 0.0376549 0.599619 0.316969 0.0457579 0
 0.0361596 0.667082 0.258105 0.0386534 0
 0.158088 0.579412 0.248529 0.0139706 0
 0.0477256 0.309471 0.559284 0.082774 0.000745712
 0.0406174 0.521527 0.379366 0.0568643 0.0016247
 0.151134 0.462217 0.34131 0.0453401 0
 0.294876 0.26143 0.354403 0.0886775 0.000613685
 0.281977 0.475581 0.204845 0.0348837 0.00271318
 0.0841818 0.532909 0.334909 0.0458182 0.00218182
 0.115287 0.27431 0.454777 0.147771 0.00785563
 0 0 0 0 0
pf_pred 
 0.447036 0.389078 0.146433 0.0174474 5.08217e-06
 0.456636 0.346704 0.138375 0.0520787 0.00620693
 0.307064 0.449368 0.155413 0.0620276 0.026127
 0.460225 0.282128 0.167083 0.0577855 0.0327775
 0.575884 0.272388 0.0793049 0.0469663 0.0254568
 0.383484 0.451898 0.105726 0.0307817 0.0281106
 0.623279 0.222364 0.113142 0.0264706 0.0147449
 0.525153 0.371608 0.0609375 0.0310058 0.0112949
 0.63409 0.263243 0.0803463 0.0131754 0.00914593
 0.539243 0.367582 0.067032 0.0204593 0.00568391
 0.313651 0.492464 0.154677 0.0282068 0.011001
 0.313006 0.356682 0.237003 0.0744399 0.0188691
 0.484441 0.266216 0.129457 0.0860198 0.0338663
 0.452339 0.386141 0.0834029 0.0405577 0.0375592
 0.552229 0.322141 0.0885785 0.0191321 0.0179195
 0.52842 0.367462 0.0749058 0.0205967 0.00861543
 0.437998 0.406115 0.121469 0.024761 0.00965643
 0.494648 0.323248 0.131592 0.0393591 0.0111522
 0.502578 0.339994 0.100699 0.0409936 0.0157353
 0.612558 0.266695 0.0825318 0.024444 0.0137706
 0.583906 0.322193 0.0646367 0.0200025 0.00926177
 0.454586 0.405625 0.108242 0.021715 0.00983147
 0.53134 0.297661 0.127172 0.0339362 0.00989048
 0.517562 0.340357 0.09024 0.038554 0.0132867
 0.234121 0.531097 0.165637 0.043916 0.0252287
 0.325873 0.264442 0.284095 0.0886029 0.0369869
 0.50386 0.251723 0.0958782 0.103004 0.0455348
pobs_RECLAS
 0 0 0 0 0
 0 0 0 0 0
 0 0 0 0 0
 0 0 0 0 0
 0.835266 0.146461 0.0176864 0.000547809 3.91292e-05
 0.385257 0.428462 0.181853 0.0044286 0
 0.867414 0.0963971 0.0333333 0.00285562 0
 0.441836 0.489002 0.0689373 0.000224442 0
 0.779404 0.147425 0.0564933 0.0165055 0.000172143
 0.814271 0.122319 0.05973 0.00367925 0
 0.40263 0.566651 0.0304383 0.000280538 0
 0.475488 0.404961 0.113038 0.00651328 0
 0.955842 0.0263864 0.0167828 0.000988607 0
 0.975058 0.0227948 0.00214734 0 0
 0.738997 0.206755 0.0527124 0.00153531 0
 0.850938 0.134255 0.0134407 0.00136685 0
 0.542534 0.407297 0.0501686 0 0
 0.764087 0.199537 0.0359546 0.000420521 0
 0.470689 0.182191 0.310203 0.0369168 0
 0.84361 0.089868 0.0606195 0.00523954 0.000663233
 0.607945 0.314616 0.071237 0.00620181 0
 0.523733 0.453247 0.0230204 0 0
 0.530135 0.295979 0.169645 0.0042399 0
 0.562478 0.366248 0.0663022 0.0049721 0
 0.250443 0.683176 0.0655157 0.000865301 0
 0.195077 0.31981 0.436473 0.0351445 0.0134964
 0.565238 0.351407 0.0832357 0.000118908 0
ppred_RECLAS
 0.44986 0.387091 0.145686 0.0173583 5.05622e-06
 0.459736 0.344726 0.137585 0.0517815 0.00617152
 0.314607 0.444477 0.153721 0.0613524 0.0258426
 0.461772 0.28132 0.166605 0.0576199 0.0326836
 0.576167 0.272206 0.0792519 0.046935 0.0254398
 0.388678 0.448091 0.104835 0.0305224 0.0278737
 0.625869 0.220835 0.112364 0.0262886 0.0146435
 0.530665 0.367295 0.0602302 0.030646 0.0111638
 0.638424 0.260124 0.0793946 0.0130194 0.00903759
 0.541891 0.365469 0.0666467 0.0203417 0.00565123
 0.319238 0.488455 0.153418 0.0279772 0.0109114
 0.318229 0.35397 0.235201 0.0738739 0.0187257
 0.494886 0.260822 0.126834 0.0842772 0.0331802
 0.47593 0.369508 0.0798101 0.0388106 0.0359413
 0.569858 0.309458 0.085091 0.0183788 0.017214
 0.534062 0.363066 0.0740097 0.0203503 0.00851236
 0.442635 0.402765 0.120467 0.0245567 0.00957676
 0.497975 0.32112 0.130726 0.0391 0.0110787
 0.505529 0.337977 0.100101 0.0407504 0.0156419
 0.615085 0.264956 0.0819935 0.0242846 0.0136808
 0.584838 0.321471 0.0644919 0.0199578 0.00924104
 0.455858 0.40468 0.10799 0.0216643 0.00980855
 0.53301 0.2966 0.126719 0.0338152 0.00985523
 0.519165 0.339226 0.0899402 0.0384259 0.0132425
 0.235309 0.530273 0.16538 0.0438479 0.0251895
 0.327608 0.263762 0.283364 0.0883749 0.0368917
 0.507204 0.250027 0.0952319 0.102309 0.0452279
pobs_PELACES
 0 0 0 0 0
 0 0 0 0 0
 0 0 0 0 0
 0 0 0 0 0
 0 0 0 0 0
 0 0 0 0 0
 0 0 0 0 0
 0 0 0 0 0
 0 0 0 0 0
 0 0 0 0 0
 0.450072 0.473896 0.0757376 0.000293798 0
 0 0 0 0 0
 0.463077 0.371075 0.160297 0.00555027 0
 0.529543 0.364841 0.0842815 0.0213345 0
 0.631943 0.363953 0.00410389 0 0
 0.735681 0.248677 0.0153453 0.000297389 0
 0.695825 0.281241 0.0229344 0 0
 0.275771 0.60734 0.115278 0.00161068 0
 0 0 0 0 0
 0.896147 0.0623911 0.0374545 0.00400742 0
 0.803859 0.145111 0.0509908 3.86294e-05 0
 0.739449 0.233085 0.0266225 0.000797448 4.60066e-05
 0.878498 0.100942 0.0204185 0.000141795 0
 0.694673 0.275183 0.0284847 0.00165964 0
 0.469039 0.446079 0.0841089 0.000773354 0
 0.822795 0.102175 0.0682046 0.00682512 0
 0 0 0 0 0
ppred_PELACES
 0.462152 0.378442 0.14243 0.0169705 4.94324e-06
 0.472991 0.336268 0.134209 0.0505111 0.0060201
 0.34022 0.427866 0.147977 0.0590596 0.0248769
 0.469195 0.27744 0.164307 0.0568253 0.0322329
 0.577717 0.271211 0.0789621 0.0467633 0.0253468
 0.408415 0.433624 0.10145 0.029537 0.0269738
 0.637099 0.214206 0.108991 0.0254995 0.014204
 0.55125 0.351186 0.0575885 0.0293018 0.0106741
 0.655126 0.248109 0.0757271 0.012418 0.00862012
 0.553507 0.356202 0.0649568 0.0198259 0.00550793
 0.339784 0.473714 0.148788 0.0271329 0.0105821
 0.337755 0.343833 0.228465 0.0717582 0.0181894
 0.527674 0.243892 0.118601 0.0788066 0.0310264
 0.532765 0.329435 0.0711548 0.0346016 0.0320435
 0.615497 0.276624 0.0760628 0.0164288 0.0153876
 0.554996 0.346754 0.0706846 0.019436 0.00812992
 0.460806 0.389634 0.116539 0.0237562 0.00926455
 0.511984 0.31216 0.127078 0.0380089 0.0107696
 0.518251 0.329282 0.0975258 0.039702 0.0152395
 0.626122 0.257359 0.0796426 0.0235883 0.0132886
 0.589555 0.317819 0.0637591 0.019731 0.00913604
 0.462115 0.400026 0.106748 0.0214152 0.00969576
 0.540923 0.291575 0.124572 0.0332423 0.00968825
 0.526812 0.333831 0.0885099 0.0378148 0.0130319
 0.241016 0.526316 0.164146 0.0435206 0.0250015
 0.335703 0.260586 0.279952 0.0873109 0.0364476
 0.521262 0.242895 0.0925154 0.0993909 0.0439377
pobs_pel_tallas
 0 0 0 0 0 0 0 0 0 0 0 0 0 0 0 0 0 0 0 0 0 0 0 0 0 0 0 0 0 0 0 0 0 0 0 0
 0 0 0 0 0 0 0 0 0 0 0 0 0 0 0 0 0 0 0 0 0 0 0 0 0 0 0 0 0 0 0 0 0 0 0 0
 0 0 0 0 0 0 0 0 0 0 0 0 0 0 0 0 0 0 0 0 0 0 0 0 0 0 0 0 0 0 0 0 0 0 0 0
 0 0 0 0 0 0 0 0 0 0 0 0 0 0 0 0 0 0 0 0 0 0 0 0 0 0 0 0 0 0 0 0 0 0 0 0
 0 0 0 0 0 0 0 0 0 0 0 0 0 0 0 0 0 0 0 0 0 0 0 0 0 0 0 0 0 0 0 0 0 0 0 0
 0 0 0 0 0 0 0 0 0 0 0 0 0 0 0 0 0 0 0 0 0 0 0 0 0 0 0 0 0 0 0 0 0 0 0 0
 0 0 0 0 0 0 0 0 0 0 0 0 0 0 0 0 0 0 0 0 0 0 0 0 0 0 0 0 0 0 0 0 0 0 0 0
 0 0 0 0 0 0 0 0 0 0 0 0 0 0 0 0 0 0 0 0 0 0 0 0 0 0 0 0 0 0 0 0 0 0 0 0
 0 0 0 0 0 0 0 0 0 0 0 0 0 0 0 0 0 0 0 0 0 0 0 0 0 0 0 0 0 0 0 0 0 0 0 0
 0 0 0 0 0 0 0 0 0 0 0 0 0 0 0 0 0 0 0 0 0 0 0 0 0 0 0 0 0 0 0 0 0 0 0 0
 0 0 0 0 0 0 0 0 1.78061e-05 0.00172719 0.00360574 0.0105946 0.0120993 0.0124554 0.0147524 0.0171206 0.0266825 0.0428682 0.0675386 0.121331 0.153587 0.119568 0.100827 0.0573624 0.0630603 0.0341343 0.0324427 0.0444173 0.0211091 0.0280891 0.0125444 0.00206551 0 0 0 0
 0 0 0 0 0 0 0 0 0 0 0 0 0 0 0 0 0 0 0 0 0 0 0 0 0 0 0 0 0 0 0 0 0 0 0 0
 0 0 0 0 0 0 0.0133647 0.0140871 0.0187388 0.0205184 0.03894 0.0496705 0.03968 0.0493445 0.0407372 0.0367815 0.0215668 0.0243155 0.0234873 0.0199281 0.019796 0.0243948 0.0301388 0.0376714 0.0412746 0.0863199 0.0771752 0.113111 0.0741005 0.0525337 0.0229764 0.00759418 0.00175318 0 0 0
 0 0 0 0 0 0 0 0 0 0 0.00219441 0.00772107 0.0458388 0.0604681 0.0671733 0.0775358 0.0609151 0.0617685 0.073594 0.0568108 0.0755445 0.0548602 0.0670107 0.0636378 0.0643287 0.046367 0.0373049 0.0286899 0.0247887 0.0153202 0.00654259 0.00121912 0.000365735 0 0 0
 0 0 0 0 0 0 0 0 0 0 0 0 0.000112435 0.00938835 0.0111873 0.0202946 0.0414886 0.0713402 0.111592 0.104902 0.108894 0.110636 0.117776 0.105296 0.107544 0.0401394 0.0192827 0.0124803 0.00416011 0.0028671 0.000618394 0 0 0 0 0
 0 0 0 0 0 0 0 0 0 0 0.00291406 0.0102884 0.027416 0.0768956 0.0749926 0.110853 0.0956884 0.0897413 0.0766577 0.0534642 0.0500743 0.0551293 0.0594112 0.0620874 0.0668451 0.0424026 0.0208742 0.0120726 0.0048766 0.00582813 0.00118941 0.000297354 0 0 0 0
 0 0.00264628 0.0354308 0.0461629 0.0458689 0.0383711 0.0214643 0.0164657 0.0346957 0.0420465 0.0363128 0.0245516 0.0311673 0.0291091 0.0169068 0.0133784 0.00837989 0.0085269 0.0148486 0.0160247 0.0276389 0.0546898 0.0760071 0.122758 0.109233 0.0665981 0.0333725 0.0166128 0.00676272 0.00308733 0.000882094 0 0 0 0 0
 0 0 0 0 0 0 0 0.000805153 0.000690131 0.00759144 0.0133425 0.0154129 0.00931677 0.000345066 0.00356568 0.00563607 0.00851162 0.0253048 0.0502646 0.0516448 0.0657925 0.0565908 0.0611916 0.0827007 0.0866115 0.110766 0.145733 0.0935128 0.0569358 0.0249597 0.0138026 0.00621118 0.00161031 0.00115022 0 0
 0 0 0 0 0 0 0 0 0 0 0 0 0 0 0 0 0 0 0 0 0 0 0 0 0 0 0 0 0 0 0 0 0 0 0 0
 0.00147267 0.00158595 0.00478618 0.00569244 0.00954404 0.0108468 0.00647125 0.017049 0.0510054 0.094081 0.124002 0.0959785 0.0687766 0.0820023 0.061753 0.0591476 0.0492212 0.0479892 0.0443925 0.0268479 0.0217502 0.0140895 0.0121071 0.0120363 0.00920419 0.00665534 0.0049561 0.00860946 0.00930331 0.0156896 0.0114698 0.00855282 0.00243557 0.00046729 0 2.83206e-05
 0 0 0 0 0.000772559 0.00158375 0.000888443 0.00281984 0.00712685 0.0440552 0.0773331 0.111326 0.0921469 0.0852325 0.0710754 0.0886704 0.0786465 0.0553345 0.0373146 0.0185414 0.00753245 0.00457741 0.012979 0.0271748 0.0457355 0.0583668 0.034881 0.0177882 0.00938659 0.00492506 0.0015258 0.00185414 0.000309023 5.79419e-05 3.86279e-05 0
 0 0.00173294 0.00326652 0 0.00397197 0.00683976 0.00946217 0.0152591 0.00757587 0.0136028 0.0228656 0.0392903 0.0559909 0.0764795 0.0681675 0.0726916 0.0566044 0.0477403 0.0527397 0.0444891 0.0609904 0.0582453 0.0661739 0.0445044 0.0529084 0.0360697 0.0280645 0.0235558 0.0158879 0.00826598 0.00280645 0.00217768 0.000904811 0.00058276 9.20147e-05 0
 0 0 0 0 0 0 0 0 0 0 0 0 0 0 0 0 0 0 0 0 0 0 0 0 0 0 0 0 0 0 0 0 0 0 0 0
 0 0 0 0 0 0 0 0 0 0 0 0 0 0 0 0 0 0 0 0 0 0 0 0 0 0 0 0 0 0 0 0 0 0 0 0
 0 0 0 0 0 0 0 0 0 0 0 0 0 0 0 0 0 0 0 0 0 0 0 0 0 0 0 0 0 0 0 0 0 0 0 0
 0 0 0 0 0 0 0 0 0 0 0 0 0 0 0 0 0 0 0 0 0 0 0 0 0 0 0 0 0 0 0 0 0 0 0 0
 0 0 0 0 0 0 0 0 0 0 0 0 0 0 0 0 0 0 0 0 0 0 0 0 0 0 0 0 0 0 0 0 0 0 0 0
ppred_pel_tallas
 1.02729e-16 2.01803e-05 0.000118402 0.000562745 0.00216646 0.00675577 0.0170648 0.0349192 0.0578909 0.0777716 0.0846986 0.0748713 0.0539468 0.0321938 0.0169531 0.00973671 0.00847446 0.0106722 0.0147616 0.0199456 0.0256959 0.0314665 0.0366472 0.040647 0.0430143 0.043535 0.0422707 0.039524 0.0357478 0.0314312 0.027001 0.0227636 0.0188949 0.0154642 0.0124742 0.00989827
 1.04032e-16 2.06512e-05 0.00012117 0.000575915 0.00221718 0.00691396 0.0174644 0.0357363 0.0592441 0.079585 0.0866617 0.0765786 0.0551159 0.0327692 0.0170333 0.00943448 0.00783432 0.00966839 0.0133359 0.0180484 0.0233195 0.0286678 0.0335581 0.0374685 0.039995 0.0409356 0.0403246 0.0384011 0.0355317 0.0321129 0.0284878 0.0249006 0.0214911 0.0183186 0.0153979 0.0127303
 1.05432e-16 1.48654e-05 8.71945e-05 0.000414372 0.00159517 0.00497421 0.0125649 0.0257122 0.0426319 0.0572866 0.0624266 0.0552727 0.0400202 0.0242734 0.0134979 0.00887949 0.00896871 0.0119872 0.0167984 0.0227721 0.0294028 0.0361042 0.0422022 0.0470394 0.0501118 0.0511762 0.0502922 0.0477803 0.04412 0.0398228 0.035325 0.0309282 0.0267942 0.0229776 0.0194754 0.0162695
 1.05882e-16 2.04832e-05 0.00012019 0.000571266 0.0021993 0.00685822 0.0173235 0.0354476 0.058764 0.0789356 0.0859426 0.0759148 0.0545767 0.0323258 0.0165791 0.0088312 0.00694444 0.00836864 0.0115283 0.01568 0.0204083 0.0253254 0.0299981 0.0339937 0.0369601 0.038694 0.0391687 0.0385142 0.0369592 0.0347617 0.0321496 0.0292914 0.0262966 0.0232354 0.020165 0.0171467
 1.04001e-16 2.52149e-05 0.00014797 0.000703337 0.00270781 0.008444 0.021329 0.0436432 0.0723477 0.0971742 0.105779 0.0933876 0.06703 0.0394832 0.0198434 0.00990587 0.00698802 0.00790292 0.0106784 0.0143938 0.0185686 0.022795 0.0266421 0.0296971 0.0316467 0.0323434 0.031831 0.0303166 0.0281045 0.0255144 0.0228138 0.020181 0.0177036 0.0154015 0.0132612 0.0112643
 1.03857e-16 1.78392e-05 0.000104653 0.000497369 0.00191473 0.00597075 0.015082 0.0308625 0.0511685 0.0687494 0.0748962 0.0662615 0.0478637 0.0288047 0.0156086 0.00965394 0.00915252 0.0119276 0.0165922 0.0223986 0.0287892 0.0351492 0.0407875 0.0450422 0.0474214 0.0477138 0.0460291 0.0427519 0.0384308 0.0336408 0.0288659 0.0244324 0.0205 0.0170963 0.0141717 0.0116504
 1.03157e-16 2.7802e-05 0.000163163 0.000775581 0.00298599 0.00931149 0.0235201 0.0481259 0.0797764 0.107144 0.116613 0.102904 0.073757 0.0432372 0.0213448 0.0100225 0.00627673 0.00656881 0.00872428 0.0117638 0.0152346 0.0187994 0.0221123 0.0248373 0.0267089 0.0275847 0.027468 0.0264898 0.0248618 0.0228182 0.0205652 0.0182539 0.0159774 0.0137854 0.0117046 0.00975556
 1.02438e-16 2.4064e-05 0.000141206 0.000671165 0.00258391 0.0080576 0.0203531 0.041647 0.0690412 0.092741 0.100975 0.0891954 0.0641293 0.0379918 0.019495 0.0103881 0.00814532 0.00974491 0.0132954 0.0178671 0.0229038 0.0278796 0.0322285 0.0354162 0.0370529 0.0369818 0.0353121 0.0323786 0.0286497 0.0246117 0.0206714 0.0170988 0.0140197 0.0114447 0.0093152 0.00754817
 1.01986e-16 2.85894e-05 0.000167783 0.000797537 0.00307051 0.00957507 0.024186 0.0494885 0.0820357 0.110181 0.119923 0.105837 0.0758864 0.0445392 0.0220861 0.0105318 0.00680291 0.00725924 0.00965319 0.0129527 0.0166534 0.0203597 0.0236665 0.0261894 0.0276398 0.027887 0.0269832 0.0251381 0.0226577 0.0198673 0.017046 0.0143879 0.0119964 0.00990201 0.00809107 0.00653256
 1.01977e-16 2.41627e-05 0.000141785 0.000673915 0.0025945 0.00809061 0.0204365 0.0418176 0.0693243 0.0931215 0.10139 0.0895641 0.0643987 0.0381602 0.0195974 0.0104684 0.00823824 0.00987351 0.0134743 0.0181045 0.0232009 0.0282282 0.0326096 0.0358004 0.0374024 0.0372547 0.0354678 0.0323834 0.0284811 0.0242618 0.0201474 0.0164222 0.0132235 0.0105697 0.00840565 0.00664714
 1.03694e-16 1.48483e-05 8.70897e-05 0.000413864 0.0015932 0.00496805 0.0125493 0.0256808 0.0425811 0.0572223 0.0623668 0.0552443 0.0400527 0.0243989 0.0137568 0.00932851 0.00968215 0.0130494 0.0182879 0.0247389 0.0318442 0.0389439 0.0452814 0.0501243 0.0529196 0.0534152 0.0517074 0.0481932 0.0434543 0.0381108 0.0326955 0.0275812 0.022969 0.0189218 0.0154182 0.0124032
 1.06671e-16 1.47547e-05 8.65518e-05 0.000411332 0.00158349 0.00493782 0.0124728 0.0255234 0.0423166 0.0568566 0.0619414 0.0548038 0.0395953 0.0238465 0.012959 0.00808414 0.0077614 0.0102191 0.0143497 0.0195853 0.0255207 0.0317 0.037588 0.0426414 0.0464131 0.0486368 0.0492646 0.0484434 0.0464478 0.043595 0.040174 0.0364086 0.0324557 0.0284269 0.0244163 0.0205187
 1.05921e-16 2.30317e-05 0.000135155 0.000642419 0.00247327 0.0077126 0.0194815 0.0398629 0.0660813 0.0887577 0.0966188 0.0853028 0.0612332 0.0360815 0.0181598 0.00911314 0.00650037 0.00742333 0.010098 0.0137046 0.0178279 0.0221177 0.0261962 0.0296902 0.0322999 0.0338567 0.0343463 0.0338883 0.0326836 0.0309515 0.0288777 0.0265903 0.0241628 0.0216356 0.0190421 0.0164277
 1.03804e-16 2.32571e-05 0.000136471 0.000648658 0.00249726 0.00778739 0.0196705 0.0402502 0.0667256 0.0896299 0.0975858 0.0861982 0.0619665 0.0366951 0.0188021 0.00997669 0.00777812 0.00928894 0.0126887 0.0170921 0.0219802 0.0268672 0.0312281 0.0345635 0.0365028 0.0368858 0.0357937 0.0335119 0.0304467 0.0270207 0.0235851 0.0203711 0.0174855 0.0149394 0.012691 0.0106857
 1.02454e-16 2.68625e-05 0.000157642 0.00074932 0.00288486 0.0089961 0.0227236 0.0464966 0.0770774 0.103525 0.112689 0.0994789 0.0713822 0.0420065 0.0210361 0.0103749 0.00715483 0.00797051 0.0107124 0.0143946 0.0185056 0.022617 0.0262806 0.0290708 0.0306692 0.0309348 0.0299299 0.0278917 0.0251634 0.0221073 0.0190309 0.016145 0.0135573 0.0112938 0.00933218 0.00763264
 1.02165e-16 2.42272e-05 0.000142164 0.000675722 0.00260146 0.00811232 0.0204913 0.0419297 0.0695098 0.0933698 0.101658 0.0897955 0.0645534 0.0382284 0.0195894 0.0103955 0.00810149 0.00966413 0.0131801 0.0177173 0.0227223 0.0276743 0.0320122 0.0352051 0.0368627 0.0368237 0.0351891 0.0322834 0.0285656 0.024516 0.0205398 0.0169114 0.0137652 0.0111227 0.00893604 0.00713072
 1.03031e-16 2.0122e-05 0.000118059 0.000561111 0.00216016 0.00673614 0.0170153 0.0348178 0.0577232 0.0775471 0.0844565 0.0746629 0.053809 0.0321358 0.0169665 0.00981204 0.00861099 0.0108769 0.0150424 0.0203038 0.0261205 0.0319304 0.0371078 0.0410511 0.0433074 0.0436728 0.0422304 0.0393109 0.0353963 0.0309993 0.0265586 0.02238 0.0186258 0.0153435 0.0125109 0.0100785
 1.03715e-16 2.23504e-05 0.000131149 0.000623359 0.00239986 0.00748365 0.0189033 0.0386803 0.0641231 0.0861342 0.0937803 0.082838 0.0595537 0.0352725 0.0180859 0.00962108 0.00753781 0.00904088 0.0123922 0.0167546 0.0216442 0.0266058 0.0311407 0.0347637 0.0370994 0.0379602 0.0373777 0.0355749 0.0328932 0.0297022 0.0263224 0.0229823 0.0198128 0.01687 0.0141673 0.0117048
 1.03568e-16 2.26243e-05 0.000132755 0.000630994 0.00242925 0.00757529 0.0191348 0.0391541 0.0649088 0.0871905 0.0949327 0.0838614 0.0603013 0.0357387 0.0183673 0.00983678 0.00777992 0.00936569 0.0128283 0.0173078 0.0222957 0.0273093 0.0318226 0.0353301 0.03745 0.0380062 0.0370608 0.0348797 0.0318526 0.028392 0.0248478 0.0214596 0.0183512 0.0155567 0.0130594 0.0108272
 1.02646e-16 2.7325e-05 0.000160359 0.000762241 0.00293461 0.00915127 0.0231155 0.0472983 0.0784057 0.105307 0.114624 0.101173 0.0725694 0.0426474 0.0212505 0.0103053 0.00688515 0.00752005 0.0100657 0.0135316 0.0174216 0.0213345 0.024854 0.0275833 0.0292226 0.0296338 0.028865 0.0271247 0.0247191 0.0219732 0.0191638 0.0164821 0.0140282 0.0118313 0.00987977 0.0081483
 1.02114e-16 2.5733e-05 0.000151007 0.000717768 0.00276336 0.0086172 0.0217666 0.0445388 0.0738335 0.099173 0.107964 0.0953364 0.0684731 0.0404217 0.0204778 0.0104865 0.00772175 0.00893435 0.0121007 0.0162504 0.020841 0.0253872 0.0293739 0.0323149 0.0338529 0.0338403 0.0323693 0.0297366 0.0263612 0.0226813 0.0190658 0.0157638 0.0128963 0.0104811 0.008474 0.00680686
 1.02835e-16 2.01795e-05 0.000118395 0.000562709 0.00216631 0.00675532 0.0170637 0.034917 0.0578879 0.0777691 0.0847002 0.0748828 0.053977 0.0322553 0.0170641 0.00992164 0.00876282 0.0110945 0.0153423 0.020693 0.026593 0.0324638 0.0376623 0.0415724 0.0437343 0.043947 0.0423071 0.0391671 0.0350353 0.0304489 0.025866 0.0216025 0.0178222 0.0145658 0.0117992 0.0094585
 1.03459e-16 2.36115e-05 0.000138554 0.000658569 0.00253543 0.00790643 0.0199712 0.0408651 0.0677438 0.0909942 0.0990623 0.0874812 0.0628429 0.0371221 0.0188528 0.00973581 0.00728071 0.00852081 0.0116168 0.0156976 0.020284 0.0249446 0.0292122 0.0326322 0.0348515 0.0356919 0.0351792 0.0335179 0.0310236 0.0280396 0.024865 0.0217148 0.0187146 0.0159207 0.0133503 0.0110077
 1.03274e-16 2.29978e-05 0.000134947 0.000641415 0.00246937 0.00770042 0.0194509 0.0398008 0.0659808 0.0886303 0.0964997 0.0852443 0.0612926 0.0363198 0.0186538 0.00996978 0.00785909 0.00944112 0.0129178 0.0174119 0.0224039 0.0274017 0.0318706 0.0352991 0.0373038 0.0377134 0.0366001 0.0342455 0.0310567 0.0274626 0.0238262 0.020394 0.017291 0.0145461 0.0121336 0.01001
 1.05166e-16 1.05437e-05 6.18131e-05 0.000293685 0.00113046 0.00352501 0.00890443 0.0182235 0.0302221 0.0406316 0.0443318 0.0393812 0.0287958 0.018028 0.0110371 0.00876641 0.0102916 0.0144271 0.0203788 0.027616 0.0355841 0.0435702 0.0507413 0.0562878 0.0595968 0.0603856 0.0587538 0.0551307 0.0501459 0.0444685 0.0386697 0.033145 0.0281032 0.0236063 0.0196308 0.0161234
 1.08762e-16 1.46619e-05 8.60146e-05 0.000408795 0.00157375 0.00490746 0.0123961 0.0253657 0.042053 0.0564959 0.0615313 0.0544002 0.0392154 0.0234421 0.0124236 0.00727642 0.00652543 0.00840077 0.01182 0.0162739 0.021456 0.0270413 0.0326367 0.0378211 0.0422161 0.0455477 0.0476771 0.0485923 0.0483721 0.04714 0.0450282 0.0421631 0.0386708 0.0346908 0.0303876 0.0259487
 1.06861e-16 2.27519e-05 0.000133513 0.000634614 0.00244322 0.00761888 0.0192448 0.0393785 0.0652784 0.0876794 0.0954453 0.0842673 0.060491 0.0356466 0.0179451 0.00901204 0.0064358 0.00735334 0.0100019 0.0135713 0.0176512 0.0218965 0.0259371 0.0294095 0.0320257 0.0336287 0.0342139 0.0339055 0.032903 0.0314158 0.0296121 0.0275968 0.0254172 0.0230893 0.0206275 0.0180663
pSPR Fmed_Fpbrs
0.37029   0.255252 0.255252
Fs Fmed_Fpbrs
0.64   1.005 1.005
SSBpbr Bo_Bmed_Bpbrs
1.51203e+06  484287  310347 310347
Ro
38374.1
SPR SPRFo_SPRFmed_SPRFpbrs
792587 293487 202310
log_Ro
10.3751
likeval ReclasPelacesDesembMPH_pf_preclas_ppelaces_ptallas_desvR_qrecl_qpela
 96.9714 109.143 0.00495807 74.0309 369.376 222.087 58.3017 0 15.8551 0 0 0 0 0 0
q_reclas_q_pelaces
1 1
M
0.7
N
 41613.8 19299.8 7263.68 865.461 0.252096
 43754.9 17783.3 7097.58 2671.25 318.37
 21943.5 18489.3 6394.48 2552.13 1075
 24032.3 7658.99 4535.84 1568.71 889.817
 45711.6 10902.5 3174.22 1879.85 1018.92
 34098 22267 5209.57 1516.75 1385.13
 69509.1 13193.2 6712.87 1570.54 874.836
 75998.8 29821.3 4890.19 2488.2 906.403
 128984 29355.6 8959.84 1469.26 1019.91
 141754 51321.6 9358.97 2856.52 793.583
 69330.9 61068.2 19180.8 3497.8 1364.18
 40832.3 25972 17257.5 5420.38 1373.97
 48217.3 15502 7538.43 5009.03 1972.08
 29351.3 16085.9 3474.4 1689.56 1564.64
 20220 7312.84 2010.8 434.313 406.787
 14650.8 5659.43 1153.66 317.219 132.69
 11079.1 5633.28 1684.91 343.463 133.946
 12549.4 4404.85 1793.18 536.34 151.968
 14562.8 5258.49 1557.45 634.024 243.369
 26802.6 6197.7 1917.95 568.053 320.015
 40794.3 11547.3 2316.57 716.889 331.941
 41413.9 19097.7 5096.25 1022.38 462.886
 65257.3 19053.6 8140.42 2172.29 633.099
 85984.2 29426.6 7801.99 3333.31 1148.74
 32926.5 38911.2 12135.5 3217.54 1848.39
 34937 14864.3 15969 4980.36 2079.03
 57864.4 15531.6 5915.79 6355.44 2809.55
pred_Ctot
 4209.32 3663.58 1378.83 164.286 0.047854
 4734.33 3594.58 1434.65 539.944 64.3526
 4784.93 7002.43 2421.78 966.566 407.133
 1501.82 920.652 545.233 188.568 106.961
 627.372 296.741 86.3953 51.1654 27.7328
 5493.79 6473.9 1514.63 440.979 402.712
 6858.3 2446.8 1244.96 291.271 162.246
 12319.2 8717.27 1429.49 727.342 264.957
 18672.3 7751.8 2365.99 387.982 269.323
 13615.4 9281.1 1692.49 516.579 143.513
 12447.3 19543.5 6138.38 1119.39 436.575
 7022.43 8002.32 5317.27 1670.09 423.337
 11642.7 6398.04 3111.28 2067.34 813.919
 10937.6 9336.97 2016.7 980.691 908.188
 6556.15 3824.51 1051.62 227.14 212.744
 2413.4 1678.27 342.11 94.0692 39.3484
 1608.94 1491.83 446.204 90.9572 35.4719
 1423.51 930.253 378.699 113.269 32.094
 1510.83 1022.08 302.716 123.233 47.3028
 2573.43 1120.42 346.726 102.692 57.8521
 1685.89 930.257 186.623 57.7527 26.7412
 2199.35 1962.47 523.689 105.06 47.5659
 4338.61 2430.53 1038.41 277.103 80.7599
 5514.33 3626.31 961.456 410.771 141.562
 2164.73 4910.65 1531.52 406.058 233.27
 2649.11 2149.72 2309.49 720.277 300.677
 6589.13 3291.87 1253.83 1347.01 595.473
F
 0.150171 0.300341 0.300341 0.300341 0.300341
 0.161414 0.322827 0.322827 0.322827 0.322827
 0.35259 0.70518 0.70518 0.70518 0.70518
 0.0904089 0.180818 0.180818 0.180818 0.180818
 0.0192469 0.0384938 0.0384938 0.0384938 0.0384938
 0.249539 0.499078 0.499078 0.499078 0.499078
 0.146235 0.292469 0.292469 0.292469 0.292469
 0.251235 0.50247 0.50247 0.50247 0.50247
 0.221574 0.443148 0.443148 0.443148 0.443148
 0.142101 0.284202 0.284202 0.284202 0.284202
 0.281872 0.563743 0.563743 0.563743 0.563743
 0.268502 0.537004 0.537004 0.537004 0.537004
 0.397774 0.795549 0.795549 0.795549 0.795549
 0.689706 1.37941 1.37941 1.37941 1.37941
 0.573348 1.1467 1.1467 1.1467 1.1467
 0.255806 0.511611 0.511611 0.511611 0.511611
 0.22235 0.4447 0.4447 0.4447 0.4447
 0.169829 0.339659 0.339659 0.339659 0.339659
 0.154294 0.308589 0.308589 0.308589 0.308589
 0.142045 0.284091 0.284091 0.284091 0.284091
 0.0589748 0.11795 0.11795 0.11795 0.11795
 0.0763624 0.152725 0.152725 0.152725 0.152725
 0.0964379 0.192876 0.192876 0.192876 0.192876
 0.0928815 0.185763 0.185763 0.185763 0.185763
 0.0953176 0.190635 0.190635 0.190635 0.190635
 0.110668 0.221335 0.221335 0.221335 0.221335
 0.170539 0.341078 0.341078 0.341078 0.341078
Np
 28974.6 8705.19 4404.22 996.805 448.684
YTP_r0W_actual
 138708 161803 89589.8 122915 60299.3
YTP_p0W_proyectada
 69455.4 252412 83047.8 40396 65164.1
 69455.4 90687.6 66698.3 19278.4 9629.77
CTP_r0_actual
 16915.6 7490.88 2853.18 3065.22 1355.04
CTP_p0_proyectada
 8470.17 11685.8 2644.83 1007.38 1464.36
 8470.17 4198.5 2124.15 480.758 216.399
Wmedp
 8.2 21.6 31.4 40.1 44.5
nmprior
 10.8 10.6 4.6 0
nm_flota  nm_reclas  nm_pelaces    nm_pelaL
inf 17.2767 11.5645 30.7876
cv_recla  cv_pelaces  cv_mph
0.85281 1.14443 1.14977
 ------------------------------------------------
Talla a la edad & desviaci?n 
 7.2 14.2025 17.0495 18.207 18.6776
 1.08 2.13037 2.55742 2.73105 2.80164
