years
 1997 1998 1999 2000 2001 2002 2003 2004 2005 2006 2007 2008 2009 2010 2011 2012 2013 2014 2015 2016 2017 2018 2019
reclasobs
 0 0 0 370054 412103 1.49427e+06 250295 1.28982e+06 931140 785840 897777 1.04006e+06 184774 17550 25797 100020 73551 82996 120727 218422 84188 347160 605670
reclaspred
 2.72403e+06 690403 1.49372e+06 611507 306826 1.0773e+06 4.23207e+06 3.1338e+06 3.63811e+06 3.25678e+06 4.49551e+06 4.561e+06 3.31465e+06 2.07979e+06 1.32213e+06 752215 533780 509120 513858 603928 489258 559635 1.26685e+06
pelacesobs
 0 0 0 0 0 0 0 0 0 2.06254e+06 1.5e+06 0 1.87456e+06 323000 250000 174000 83755 137374 0 501740 490994 745055 786931
pelacespred
 2.37602e+06 869030 519594 485366 218513 432182 1.50903e+06 2.22136e+06 2.20623e+06 2.07947e+06 2.69133e+06 2.74281e+06 2.10059e+06 1.38711e+06 840897 483235 325374 281822 298757 323661 309073 309850 540925
mphobs
 0 0 0 0 0 0 112323 0 153150 637223 0 255016 313432 73983 77613 109348 50772 17779 17303 59886 28197 0 207744
mphpred
 1.74706e+06 1.49347e+06 890953 834591 373746 318740 2.61485e+06 2.72077e+06 3.61549e+06 2.9206e+06 3.48998e+06 4.56051e+06 3.33129e+06 2.33525e+06 1.3939e+06 775986 447852 406757 419741 504875 451375 409823 834549
desembarqueobs
 350755 77701 442110 56441 14545 235359 269955 359681 431902 328805 639364 411747 362871 311530 167758 66681 60226 58785 57116 73181 50977 67692 138656
desembarquepred
 309567 78609 170079 69627.7 34934.7 122292 481857 356219 414128 370437 511263 519249 377299 236803 150538 85642.9 60735.1 57939.4 58452.3 68753.6 55672.5 63621.9 144195
Reclutas
 216554 4237.75 699.013 492.774 1335.41 411349 9784.48 413286 81230.5 325200 480806 66921.1 104575 8643.27 3289.77 6709.24 28480 18818.9 46153.5 8398.91 24643 119554 56684.3
log_desv_Rt
 2.11257 -1.82124 -3.62336 -3.97298 -2.97604 2.75417 -0.984477 2.75887 1.13202 2.51916 2.91019 0.938241 1.38463 -1.10849 -2.07446 -1.36179 0.0839292 -0.330411 0.5667 -1.13717 -0.0607806 1.51849 0.772223
SSB
 1.74706e+06 1.49347e+06 890953 834591 373746 318740 2.55204e+06 2.69901e+06 3.55742e+06 2.87388e+06 3.48998e+06 4.56051e+06 3.38567e+06 2.37342e+06 1.43984e+06 821288 489486 433940 430029 538682 462450 409823 855055
BT
 7.89702e+06 1.70697e+06 1.02336e+06 952724 431667 1.43508e+06 3.02116e+06 5.90961e+06 4.65715e+06 5.05202e+06 6.85584e+06 5.59924e+06 4.43615e+06 2.73898e+06 1.65901e+06 961867 735451 623219 702128 660002 702078 778212 1.16557e+06
Ftot
 0.110803 0.110803 0.110803 0.110803 0.110803 0.110803 0.110803 0.110803 0.110803 0.110803 0.110803 0.110803 0.110803 0.110803 0.110803 0.110803 0.110803 0.110803 0.110803 0.110803 0.110803 0.110803 0.110803
BD_Bspro_t
 0.986331 0.916695 0.825827 0.741558 0.666871 0.733511 0.903104 0.843321 0.862261 0.814434 0.835767 0.838677 0.781447 0.743552 0.685215 0.635192 0.607072 0.685645 0.730626 0.791256 0.767839 0.79092 0.858173
BD_Bspro
 3.23667 2.76685 1.65061 1.54619 0.692415 0.590508 4.72799 5.00028 6.5906 5.32425 6.46564 8.44895 6.2724 4.39707 2.6675 1.52154 0.906838 0.803931 0.796687 0.997979 0.85675 0.759251 1.5841
BD_Bo
 0.348727 0.298108 0.177841 0.16659 0.0746025 0.0636228 0.509406 0.538742 0.710088 0.573648 0.696625 0.910312 0.675804 0.473752 0.287403 0.163935 0.0977051 0.0866176 0.085837 0.107525 0.0923084 0.0818036 0.170675
BD_Brms
 1.68771 1.44273 0.860683 0.806235 0.361048 0.30791 2.46533 2.60731 3.43656 2.77624 3.3714 4.40557 3.27064 2.29278 1.39092 0.793384 0.472856 0.419196 0.415419 0.52038 0.446738 0.395899 0.826004
S_f
 0.5 1 1 1 1
 0.5 1 1 1 1
 0.5 1 1 1 1
 0.5 1 1 1 1
 0.5 1 1 1 1
 0.5 1 1 1 1
 0.5 1 1 1 1
 0.5 1 1 1 1
 0.5 1 1 1 1
 0.5 1 1 1 1
 0.5 1 1 1 1
 0.5 1 1 1 1
 0.5 1 1 1 1
 0.5 1 1 1 1
 0.5 1 1 1 1
 0.5 1 1 1 1
 0.5 1 1 1 1
 0.5 1 1 1 1
 0.5 1 1 1 1
 0.5 1 1 1 1
 0.5 1 1 1 1
 0.5 1 1 1 1
 0.5 1 1 1 1
Scru_reclas
 0.5 1 1 1 1
 0.5 1 1 1 1
 0.5 1 1 1 1
 0.5 1 1 1 1
 0.5 1 1 1 1
 0.5 1 1 1 1
 0.5 1 1 1 1
 0.5 1 1 1 1
 0.5 1 1 1 1
 0.5 1 1 1 1
 0.5 1 1 1 1
 0.5 1 1 1 1
 0.5 1 1 1 1
 0.5 1 1 1 1
 0.5 1 1 1 1
 0.5 1 1 1 1
 0.5 1 1 1 1
 0.5 1 1 1 1
 0.5 1 1 1 1
 0.5 1 1 1 1
 0.5 1 1 1 1
 0.5 1 1 1 1
 0.5 1 1 1 1
Scru_pelaces
 0.5 1 1 1 1
 0.5 1 1 1 1
 0.5 1 1 1 1
 0.5 1 1 1 1
 0.5 1 1 1 1
 0.5 1 1 1 1
 0.5 1 1 1 1
 0.5 1 1 1 1
 0.5 1 1 1 1
 0.5 1 1 1 1
 0.5 1 1 1 1
 0.5 1 1 1 1
 0.5 1 1 1 1
 0.5 1 1 1 1
 0.5 1 1 1 1
 0.5 1 1 1 1
 0.5 1 1 1 1
 0.5 1 1 1 1
 0.5 1 1 1 1
 0.5 1 1 1 1
 0.5 1 1 1 1
 0.5 1 1 1 1
 0.5 1 1 1 1
pf_obs 
 0.256992 0.487395 0.22802 0.0275931 0
 0.321318 0.546541 0.124235 0.00734118 0.000564706
 0.182869 0.594174 0.210203 0.0122559 0.00049798
 0.330522 0.361315 0.267642 0.0388342 0.00168674
 0.649043 0.306663 0.0425973 0.00169635 0
 0.582887 0.30429 0.105238 0.00758474 0
 0.465427 0.430635 0.0974691 0.00646863 0
 0.296916 0.608066 0.0921331 0.00288517 0
 0.311714 0.524322 0.152257 0.0117073 0
 0.15457 0.633149 0.183074 0.0267441 0.00246327
 0.131901 0.49318 0.331252 0.0422183 0.00144891
 0.196976 0.569456 0.194076 0.0375587 0.00193317
 0.518974 0.381816 0.0799577 0.0180837 0.00116848
 0.0928022 0.601141 0.25162 0.0475244 0.00691264
 0.122501 0.610282 0.24278 0.0234846 0.000952079
 0.383417 0.481906 0.127806 0.00687128 0
 0.0376549 0.599619 0.316969 0.0457579 0
 0.0361596 0.667082 0.258105 0.0386534 0
 0.158088 0.579412 0.248529 0.0139706 0
 0.0477256 0.309471 0.559284 0.082774 0.000745712
 0.0406174 0.521527 0.379366 0.0568643 0.0016247
 0.151134 0.462217 0.34131 0.0453401 0
 0.294876 0.26143 0.354403 0.0886775 0.000613685
pf_pred 
 0.781973 0.109758 0.0545042 0.027066 0.0266988
 0.0184482 0.864716 0.0588171 0.0292077 0.0288115
 0.0066694 0.0370873 0.84242 0.0573005 0.0565232
 0.0103937 0.0135237 0.0364433 0.827792 0.111847
 0.0589778 0.0199623 0.0125869 0.033919 0.874554
 0.974657 0.0029023 0.000476047 0.000300165 0.0216647
 0.0249701 0.962897 0.00138949 0.00022791 0.0105158
 0.698014 0.0151579 0.283259 0.000408751 0.0031605
 0.150484 0.702279 0.00739041 0.138106 0.00174024
 0.53882 0.123453 0.279193 0.00293808 0.0555964
 0.532562 0.330398 0.0366842 0.0829628 0.0173937
 0.0962167 0.634081 0.190633 0.021166 0.0579036
 0.234804 0.137824 0.440155 0.13233 0.0548871
 0.0337562 0.374621 0.106561 0.340312 0.14475
 0.0271455 0.065418 0.351821 0.100075 0.45554
 0.107981 0.0485653 0.0567167 0.305025 0.481713
 0.480511 0.10383 0.0226302 0.0264286 0.3666
 0.320986 0.445573 0.0466578 0.0101693 0.176614
 0.56902 0.212816 0.14316 0.0149909 0.0600125
 0.126735 0.638799 0.115778 0.0778835 0.0408041
 0.424357 0.132662 0.324043 0.0587307 0.0602065
 0.761409 0.143958 0.021809 0.0532711 0.0195527
 0.309755 0.599248 0.0549046 0.00831784 0.0277746
pobs_RECLAS
 0 0 0 0 0
 0 0 0 0 0
 0 0 0 0 0
 0 0 0 0 0
 0.835266 0.146461 0.0176864 0.000547809 3.91292e-05
 0.385257 0.428462 0.181853 0.0044286 0
 0.867414 0.0963971 0.0333333 0.00285562 0
 0.441836 0.489002 0.0689373 0.000224442 0
 0.779404 0.147425 0.0564933 0.0165055 0.000172143
 0.814271 0.122319 0.05973 0.00367925 0
 0.40263 0.566651 0.0304383 0.000280538 0
 0.475488 0.404961 0.113038 0.00651328 0
 0.955842 0.0263864 0.0167828 0.000988607 0
 0.975058 0.0227948 0.00214734 0 0
 0.738997 0.206755 0.0527124 0.00153531 0
 0.850938 0.134255 0.0134407 0.00136685 0
 0.542534 0.407297 0.0501686 0 0
 0.764087 0.199537 0.0359546 0.000420521 0
 0.470689 0.182191 0.310203 0.0369168 0
 0.84361 0.089868 0.0606195 0.00523954 0.000663233
 0.607945 0.314616 0.071237 0.00620181 0
 0.523733 0.453247 0.0230204 0 0
 0.530135 0.295979 0.169645 0.0042399 0
ppred_RECLAS
 0.782582 0.109451 0.0543519 0.0269903 0.0266242
 0.0185132 0.864658 0.0588132 0.0292058 0.0288096
 0.00669315 0.0370864 0.8424 0.0572992 0.0565218
 0.0104306 0.0135232 0.0364419 0.827761 0.111843
 0.0591767 0.019958 0.0125843 0.0339118 0.874369
 0.974745 0.0028922 0.000474389 0.000299119 0.0215892
 0.0250574 0.962811 0.00138937 0.000227889 0.0105148
 0.698768 0.01512 0.282551 0.000407731 0.00315261
 0.150942 0.7019 0.00738643 0.138032 0.0017393
 0.539709 0.123215 0.278655 0.00293242 0.0554892
 0.533452 0.329768 0.0366143 0.0828047 0.0173605
 0.0965284 0.633862 0.190567 0.0211587 0.0578837
 0.235448 0.137708 0.439785 0.132219 0.054841
 0.0338731 0.374576 0.106548 0.340271 0.144732
 0.0272402 0.0654117 0.351787 0.100066 0.455496
 0.108326 0.0485465 0.0566947 0.304907 0.481526
 0.481404 0.103652 0.0225913 0.0263831 0.36597
 0.321767 0.445061 0.0466042 0.0101576 0.176411
 0.569897 0.212383 0.142869 0.0149604 0.0598904
 0.127131 0.638509 0.115726 0.0778481 0.0407856
 0.425232 0.132461 0.323551 0.0586415 0.0601151
 0.762059 0.143566 0.0217497 0.053126 0.0194995
 0.31052 0.598584 0.0548437 0.00830862 0.0277437
pobs_PELACES
 0 0 0 0 0
 0 0 0 0 0
 0 0 0 0 0
 0 0 0 0 0
 0 0 0 0 0
 0 0 0 0 0
 0 0 0 0 0
 0 0 0 0 0
 0 0 0 0 0
 0 0 0 0 0
 0.450072 0.473896 0.0757376 0.000293798 0
 0 0 0 0 0
 0.463077 0.371075 0.160297 0.00555027 0
 0.529543 0.364841 0.0842815 0.0213345 0
 0.631943 0.363953 0.00410389 0 0
 0.735681 0.248677 0.0153453 0.000297389 0
 0.695825 0.281241 0.0229344 0 0
 0.275771 0.60734 0.115278 0.00161068 0
 0 0 0 0 0
 0.896147 0.0623911 0.0374545 0.00400742 0
 0.803859 0.145111 0.0509908 3.86294e-05 0
 0.739449 0.233085 0.0266225 0.000797448 4.60066e-05
 0.878498 0.100942 0.0204185 0.000141795 0
ppred_PELACES
 0.785677 0.107893 0.0535782 0.0266062 0.0262452
 0.0188483 0.864363 0.0587931 0.0291958 0.0287997
 0.00681581 0.0370818 0.842295 0.0572921 0.0565148
 0.010621 0.0135206 0.0364349 0.827602 0.111822
 0.0602028 0.0199363 0.0125705 0.0338748 0.873416
 0.975191 0.0028411 0.000466008 0.000293835 0.0212078
 0.0255079 0.962366 0.00138873 0.000227784 0.01051
 0.702602 0.0149276 0.278955 0.000402541 0.00311248
 0.1533 0.699951 0.00736591 0.137649 0.00173447
 0.544247 0.122 0.275907 0.0029035 0.0549421
 0.538 0.326554 0.0362574 0.0819977 0.0171913
 0.0981347 0.632735 0.190228 0.0211211 0.0577808
 0.238754 0.137113 0.437882 0.131647 0.0546037
 0.0344765 0.374342 0.106482 0.340059 0.144642
 0.0277288 0.0653788 0.35161 0.100015 0.455267
 0.110105 0.0484496 0.0565817 0.304299 0.480566
 0.48597 0.102739 0.0223924 0.0261508 0.362748
 0.325769 0.442434 0.0463291 0.0100976 0.17537
 0.574373 0.210173 0.141382 0.0148047 0.0592672
 0.129174 0.637015 0.115455 0.0776659 0.0406901
 0.429706 0.13143 0.321032 0.058185 0.0596471
 0.765358 0.141575 0.0214481 0.0523894 0.0192291
 0.314448 0.595174 0.0545313 0.00826128 0.0275857
pobs_pel_tallas
 0 0 0 0 0 0 0 0 0 0 0 0 0 0 0 0 0 0 0 0 0 0 0 0 0 0 0 0 0 0 0 0 0 0 0 0
 0 0 0 0 0 0 0 0 0 0 0 0 0 0 0 0 0 0 0 0 0 0 0 0 0 0 0 0 0 0 0 0 0 0 0 0
 0 0 0 0 0 0 0 0 0 0 0 0 0 0 0 0 0 0 0 0 0 0 0 0 0 0 0 0 0 0 0 0 0 0 0 0
 0 0 0 0 0 0 0 0 0 0 0 0 0 0 0 0 0 0 0 0 0 0 0 0 0 0 0 0 0 0 0 0 0 0 0 0
 0 0 0 0 0 0 0 0 0 0 0 0 0 0 0 0 0 0 0 0 0 0 0 0 0 0 0 0 0 0 0 0 0 0 0 0
 0 0 0 0 0 0 0 0 0 0 0 0 0 0 0 0 0 0 0 0 0 0 0 0 0 0 0 0 0 0 0 0 0 0 0 0
 0 0 0 0 0 0 0 0 0 0 0 0 0 0 0 0 0 0 0 0 0 0 0 0 0 0 0 0 0 0 0 0 0 0 0 0
 0 0 0 0 0 0 0 0 0 0 0 0 0 0 0 0 0 0 0 0 0 0 0 0 0 0 0 0 0 0 0 0 0 0 0 0
 0 0 0 0 0 0 0 0 0 0 0 0 0 0 0 0 0 0 0 0 0 0 0 0 0 0 0 0 0 0 0 0 0 0 0 0
 0 0 0 0 0 0 0 0 0 0 0 0 0 0 0 0 0 0 0 0 0 0 0 0 0 0 0 0 0 0 0 0 0 0 0 0
 0 0 0 0 0 0 0 0 1.78061e-05 0.00172719 0.00360574 0.0105946 0.0120993 0.0124554 0.0147524 0.0171206 0.0266825 0.0428682 0.0675386 0.121331 0.153587 0.119568 0.100827 0.0573624 0.0630603 0.0341343 0.0324427 0.0444173 0.0211091 0.0280891 0.0125444 0.00206551 0 0 0 0
 0 0 0 0 0 0 0 0 0 0 0 0 0 0 0 0 0 0 0 0 0 0 0 0 0 0 0 0 0 0 0 0 0 0 0 0
 0 0 0 0 0 0 0.0133647 0.0140871 0.0187388 0.0205184 0.03894 0.0496705 0.03968 0.0493445 0.0407372 0.0367815 0.0215668 0.0243155 0.0234873 0.0199281 0.019796 0.0243948 0.0301388 0.0376714 0.0412746 0.0863199 0.0771752 0.113111 0.0741005 0.0525337 0.0229764 0.00759418 0.00175318 0 0 0
 0 0 0 0 0 0 0 0 0 0 0.00219441 0.00772107 0.0458388 0.0604681 0.0671733 0.0775358 0.0609151 0.0617685 0.073594 0.0568108 0.0755445 0.0548602 0.0670107 0.0636378 0.0643287 0.046367 0.0373049 0.0286899 0.0247887 0.0153202 0.00654259 0.00121912 0.000365735 0 0 0
 0 0 0 0 0 0 0 0 0 0 0 0 0.000112435 0.00938835 0.0111873 0.0202946 0.0414886 0.0713402 0.111592 0.104902 0.108894 0.110636 0.117776 0.105296 0.107544 0.0401394 0.0192827 0.0124803 0.00416011 0.0028671 0.000618394 0 0 0 0 0
 0 0 0 0 0 0 0 0 0 0 0.00291406 0.0102884 0.027416 0.0768956 0.0749926 0.110853 0.0956884 0.0897413 0.0766577 0.0534642 0.0500743 0.0551293 0.0594112 0.0620874 0.0668451 0.0424026 0.0208742 0.0120726 0.0048766 0.00582813 0.00118941 0.000297354 0 0 0 0
 0 0.00264628 0.0354308 0.0461629 0.0458689 0.0383711 0.0214643 0.0164657 0.0346957 0.0420465 0.0363128 0.0245516 0.0311673 0.0291091 0.0169068 0.0133784 0.00837989 0.0085269 0.0148486 0.0160247 0.0276389 0.0546898 0.0760071 0.122758 0.109233 0.0665981 0.0333725 0.0166128 0.00676272 0.00308733 0.000882094 0 0 0 0 0
 0 0 0 0 0 0 0 0.000805153 0.000690131 0.00759144 0.0133425 0.0154129 0.00931677 0.000345066 0.00356568 0.00563607 0.00851162 0.0253048 0.0502646 0.0516448 0.0657925 0.0565908 0.0611916 0.0827007 0.0866115 0.110766 0.145733 0.0935128 0.0569358 0.0249597 0.0138026 0.00621118 0.00161031 0.00115022 0 0
 0 0 0 0 0 0 0 0 0 0 0 0 0 0 0 0 0 0 0 0 0 0 0 0 0 0 0 0 0 0 0 0 0 0 0 0
 0.00147267 0.00158595 0.00478618 0.00569244 0.00954404 0.0108468 0.00647125 0.017049 0.0510054 0.094081 0.124002 0.0959785 0.0687766 0.0820023 0.061753 0.0591476 0.0492212 0.0479892 0.0443925 0.0268479 0.0217502 0.0140895 0.0121071 0.0120363 0.00920419 0.00665534 0.0049561 0.00860946 0.00930331 0.0156896 0.0114698 0.00855282 0.00243557 0.00046729 0 2.83206e-05
 0 0 0 0 0.000772559 0.00158375 0.000888443 0.00281984 0.00712685 0.0440552 0.0773331 0.111326 0.0921469 0.0852325 0.0710754 0.0886704 0.0786465 0.0553345 0.0373146 0.0185414 0.00753245 0.00457741 0.012979 0.0271748 0.0457355 0.0583668 0.034881 0.0177882 0.00938659 0.00492506 0.0015258 0.00185414 0.000309023 5.79419e-05 3.86279e-05 0
 0 0.00173294 0.00326652 0 0.00397197 0.00683976 0.00946217 0.0152591 0.00757587 0.0136028 0.0228656 0.0392903 0.0559909 0.0764795 0.0681675 0.0726916 0.0566044 0.0477403 0.0527397 0.0444891 0.0609904 0.0582453 0.0661739 0.0445044 0.0529084 0.0360697 0.0280645 0.0235558 0.0158879 0.00826598 0.00280645 0.00217768 0.000904811 0.00058276 9.20147e-05 0
 0 0 0 0 0 0 0 0 0 0 0 0 0 0 0 0 0 0 0 0 0 0 0 0 0 0 0 0 0 0 0 0 0 0 0 0
ppred_pel_tallas
 1.02937e-16 3.42763e-05 0.000201183 0.000956353 0.00368204 0.0114821 0.0290029 0.0593432 0.0983658 0.132096 0.14373 0.12674 0.0906378 0.0527213 0.0252595 0.0105723 0.00489106 0.00379366 0.00458312 0.00610286 0.00792518 0.00983846 0.0116661 0.0132424 0.0144351 0.0151698 0.0154396 0.0152957 0.0148246 0.0141199 0.0132599 0.012297 0.0112598 0.0101628 0.00901909 0.00784806
 1.03465e-16 8.69593e-07 4.98708e-06 2.34604e-05 8.99111e-05 0.000280021 0.000708278 0.00145606 0.00243941 0.00335417 0.0038559 0.0038909 0.00385348 0.00440388 0.00616287 0.00956828 0.0149026 0.0223165 0.031753 0.0428214 0.0547191 0.0662692 0.0760946 0.0828928 0.0857367 0.0842991 0.0789297 0.0705502 0.0604139 0.0498083 0.0397991 0.0310806 0.023952 0.0183903 0.014174 0.0110043
 1.16578e-16 3.13328e-07 1.79261e-06 8.43158e-06 3.23136e-05 0.000100592 0.000254104 0.000520921 0.000867683 0.00117828 0.00131674 0.00124428 0.00107408 0.00100593 0.00122217 0.00185174 0.00300759 0.00483223 0.00750793 0.0112337 0.0161853 0.0224683 0.0300707 0.0388213 0.0483648 0.058163 0.06753 0.0757023 0.0819379 0.0856268 0.0863903 0.0841471 0.0791305 0.071848 0.0629974 0.0533555
 1.34184e-16 4.75111e-07 2.75256e-06 1.30175e-05 5.0009e-05 0.000155813 0.000393526 0.000805672 0.00133764 0.00180317 0.00198014 0.00178956 0.00137609 0.00100025 0.00086995 0.00107963 0.00166802 0.00269598 0.00427995 0.00658543 0.0098045 0.014128 0.0197124 0.0266412 0.0348826 0.0442524 0.054391 0.0647638 0.0746938 0.0834272 0.0902247 0.0944648 0.0957386 0.0939133 0.0891585 0.0819162
 1.4216e-16 2.63666e-06 1.54439e-05 7.33562e-05 0.000282333 0.000880314 0.00222355 0.00455 0.00754369 0.0101359 0.011043 0.00977215 0.00706469 0.00426711 0.00235254 0.00154841 0.001637 0.00237614 0.00368389 0.00562355 0.00833549 0.0119851 0.0167278 0.0226779 0.0298745 0.038246 0.0475785 0.0574986 0.0674784 0.0768695 0.0849669 0.0910945 0.0946997 0.0954362 0.093218 0.0882372
 1.01009e-16 4.25356e-05 0.000249683 0.00118695 0.00456993 0.014251 0.0359966 0.0736521 0.12208 0.163929 0.178333 0.157173 0.112227 0.0649256 0.0304422 0.0115898 0.00362318 0.000999368 0.000351405 0.000278325 0.000349307 0.000463123 0.00060093 0.00075916 0.000935925 0.00112868 0.00133343 0.001544 0.00175147 0.00194417 0.00210842 0.00223016 0.00229709 0.00230087 0.00223869 0.0021141
 1.00833e-16 1.16388e-06 6.70598e-06 3.16126e-05 0.000121266 0.000377777 0.000955315 0.00196223 0.00328102 0.00449219 0.00511474 0.00504986 0.00478878 0.005162 0.00692465 0.0105677 0.01637 0.0244556 0.0347229 0.046705 0.0594804 0.0717167 0.0818679 0.0884867 0.0905642 0.0877821 0.080598 0.0701222 0.0578417 0.0452761 0.0336803 0.0238676 0.016177 0.0105551 0.00669776 0.00419548
 1.04125e-16 3.06507e-05 0.000179905 0.000855209 0.00329264 0.0102678 0.0259355 0.0530665 0.0879601 0.118117 0.128507 0.113285 0.0809482 0.0469515 0.0222507 0.00890682 0.00354544 0.00222792 0.00258936 0.00368031 0.00523866 0.007215 0.00958088 0.0122691 0.0151581 0.0180731 0.0207986 0.0231021 0.0247647 0.0256151 0.0255585 0.0245945 0.022819 0.0204087 0.0175922 0.0146135
 1.05144e-16 6.72545e-06 3.93817e-05 0.000187011 0.000719682 0.00224398 0.00566886 0.0116045 0.0192558 0.0259203 0.0283657 0.0253993 0.0190077 0.0127595 0.00930562 0.00940015 0.0126022 0.0182527 0.0258345 0.0348408 0.0445718 0.0540738 0.0622444 0.0680438 0.0707334 0.0700529 0.0662797 0.0601401 0.0526139 0.0446955 0.0371913 0.0306065 0.0251344 0.0207242 0.0171865 0.0142933
 1.06624e-16 2.37499e-05 0.000139382 0.000662535 0.00255076 0.00795427 0.0200918 0.0411108 0.0681465 0.0915214 0.0996001 0.0878706 0.0629367 0.0368056 0.0180107 0.00820486 0.00483321 0.00489231 0.00656954 0.00910386 0.0122121 0.0157246 0.0194549 0.0231842 0.0266839 0.029742 0.0321842 0.0338816 0.0347514 0.0347541 0.0338935 0.032219 0.0298305 0.026876 0.0235424 0.0200367
 1.04242e-16 2.34851e-05 0.00013781 0.000655025 0.00252178 0.00786385 0.0198637 0.0406454 0.0673804 0.0905087 0.0985407 0.087037 0.0625594 0.0370257 0.0189332 0.0099836 0.00770735 0.00915408 0.0124829 0.0168002 0.0215871 0.0263626 0.030611 0.0338455 0.0357097 0.0360582 0.0349839 0.0327792 0.0298505 0.0266126 0.0234013 0.020427 0.0177728 0.015427 0.0133302 0.0114173
 1.06332e-16 4.31775e-06 2.52514e-05 0.000119845 0.000461093 0.00143759 0.00363192 0.00743637 0.0123455 0.0166368 0.0182548 0.0164606 0.0125655 0.00891342 0.00728216 0.00825231 0.0116439 0.0171189 0.0243822 0.0330686 0.0425936 0.052118 0.0606442 0.0672015 0.0710582 0.0718831 0.0698069 0.065358 0.0593054 0.0524633 0.0455237 0.0389613 0.0330211 0.027766 0.0231528 0.0191019
 1.13336e-16 1.04299e-05 6.11791e-05 0.000290748 0.00111928 0.00349024 0.00881613 0.01804 0.0299076 0.0401781 0.0437561 0.0386781 0.0278677 0.0166332 0.00877738 0.00510335 0.00458446 0.00600471 0.0086636 0.012297 0.0168073 0.0220893 0.027967 0.0341887 0.0404465 0.0464016 0.0517098 0.0560424 0.0591077 0.0606749 0.0606014 0.0588589 0.0555515 0.050913 0.0452854 0.0390754
 1.20077e-16 1.53068e-06 8.91462e-06 4.22351e-05 0.000162373 0.000506117 0.00127879 0.00261972 0.00435457 0.00588474 0.00650056 0.00596435 0.00477287 0.00380415 0.00375865 0.00493587 0.00737948 0.011073 0.0159883 0.0220237 0.0289353 0.0363238 0.0436832 0.0504943 0.0563301 0.060932 0.0642335 0.06632 0.067348 0.0674578 0.0667142 0.0650976 0.0625405 0.0589886 0.0544604 0.049081
 1.29722e-16 1.22419e-06 7.14302e-06 3.38743e-05 0.000130286 0.00040613 0.00102588 0.00209999 0.00348481 0.00469185 0.00513707 0.00460632 0.00346274 0.00236053 0.00179771 0.00194666 0.00279163 0.00431721 0.00658311 0.0097026 0.013794 0.0189402 0.0251596 0.0323844 0.0404451 0.0490615 0.0578432 0.0663053 0.0739015 0.0800768 0.084333 0.0862971 0.0857804 0.0828094 0.0776262 0.0706556
 1.3373e-16 4.81439e-06 2.82249e-05 0.000134109 0.000516232 0.0016097 0.00406596 0.00831997 0.0137934 0.0185308 0.0201828 0.0178448 0.0128668 0.00770068 0.00410789 0.00247364 0.00235086 0.00322256 0.00483312 0.00715666 0.0102737 0.0142854 0.0192702 0.0252582 0.0322085 0.039987 0.048347 0.0569198 0.0652235 0.0726961 0.0787536 0.0828658 0.0846359 0.083865 0.0805892 0.0750783
 1.182e-16 2.12066e-05 0.000124455 0.000591586 0.00227761 0.00710247 0.0179402 0.0367081 0.0608481 0.0817182 0.0889279 0.0784463 0.0561669 0.032806 0.0159758 0.00714311 0.00401592 0.0039031 0.00518195 0.0071794 0.00966617 0.0125373 0.0156993 0.0190549 0.0225143 0.0260041 0.0294626 0.032822 0.0359863 0.0388146 0.0411217 0.042699 0.0433512 0.0429391 0.0414137 0.0388355
 1.09343e-16 1.42354e-05 8.34955e-05 0.000396786 0.00152746 0.00476307 0.0120315 0.0246211 0.0408234 0.0548588 0.0597871 0.0529503 0.0383699 0.0233343 0.0130851 0.00876684 0.00899819 0.0120772 0.016907 0.0228631 0.0294293 0.0360067 0.0419173 0.0465167 0.0493363 0.0501899 0.0492089 0.0467858 0.0434554 0.0397511 0.036087 0.0326979 0.0296432 0.0268582 0.0242244 0.021633
 1.05354e-16 2.50667e-05 0.000147105 0.000699239 0.00269205 0.00839486 0.0212048 0.0433886 0.0719242 0.0966007 0.105143 0.0927964 0.0665423 0.039069 0.0194024 0.00930758 0.00610164 0.00661093 0.0088895 0.0120636 0.0157263 0.0195648 0.0232495 0.0264516 0.0289013 0.030437 0.0310281 0.030759 0.0297884 0.0282969 0.0264449 0.0243512 0.0220947 0.0197292 0.017303 0.0148712
 1.06417e-16 5.67115e-06 3.31972e-05 0.000157621 0.00060654 0.00189116 0.00477761 0.00978052 0.0162309 0.0218539 0.0239298 0.0214609 0.0161329 0.0109706 0.00823267 0.00858593 0.0116938 0.0170341 0.0241941 0.0327515 0.0420961 0.0513764 0.0595919 0.0657805 0.0692322 0.0696505 0.0672105 0.0624869 0.0562889 0.0494562 0.0426852 0.0364332 0.0309081 0.0261239 0.0219861 0.0183698
 1.09387e-16 1.87558e-05 0.000110061 0.000523139 0.00201405 0.00628054 0.0158642 0.0324607 0.0538095 0.0722713 0.0786632 0.0694289 0.0497928 0.0292512 0.0145642 0.00706712 0.00477809 0.00536338 0.00742551 0.0103864 0.014028 0.0181995 0.0227143 0.0273396 0.0318192 0.0359003 0.0393554 0.0419929 0.0436629 0.0442619 0.0437402 0.042114 0.0394746 0.0359891 0.0318893 0.0274455
 1.0305e-16 3.33915e-05 0.000195986 0.000931639 0.00358688 0.0111854 0.0282533 0.0578097 0.095825 0.128687 0.140029 0.123496 0.0883592 0.05148 0.0248217 0.010658 0.00533058 0.00453845 0.00565021 0.00751931 0.00969204 0.0119113 0.0139491 0.0155958 0.0166951 0.0171767 0.0170673 0.0164741 0.0155491 0.0144459 0.013285 0.0121374 0.0110262 0.00994317 0.00886925 0.00779159
 1.02541e-16 1.37482e-05 8.06207e-05 0.000383086 0.00147465 0.00459836 0.0116157 0.0237713 0.0394193 0.0529865 0.0577848 0.0512676 0.0373474 0.023104 0.0136558 0.0101742 0.0113876 0.0156871 0.0219942 0.0296083 0.0378454 0.0458648 0.0527122 0.0574878 0.0595486 0.0586623 0.0550614 0.0493713 0.0424471 0.0351692 0.0282691 0.0222262 0.0172513 0.0133362 0.0103368 0.00805618
pSPR Fmed_Fpbrs
0.371377   0.256628 0.256628
Fs Fmed_Fpbrs
0.64   1.005 1.005
SSBpbr Bo_Bmed_Bpbrs
5.00984e+06  1.61005e+06  1.03517e+06 1.03517e+06
Ro
26187.3
SPR SPRFo_SPRFmed_SPRFpbrs
539772 200459 138521
log_Ro
9.99303
likeval ReclasPelacesDesembMPH_pf_preclas_ppelaces_ptallas_desvR_qrecl_qpela
 460.078 48.1556 13966.8 198.192 537.624 400.839 82.3825 0 128.657 0 0 0 0 0 0
q_reclas_q_pelaces
1 1
M
0.7
N
 216554 15568.9 7731.28 3839.24 3787.15
 4237.75 101742 6920.38 3436.56 3389.94
 699.013 1990.99 45224.4 3076.12 3034.38
 492.774 328.411 884.996 20102.3 2716.12
 1335.41 231.516 145.979 393.382 10142.8
 411349 627.403 102.909 64.8879 4683.34
 9784.48 193261 278.881 45.7432 2110.59
 413286 4596.96 85904.5 123.963 958.493
 81230.5 194171 2043.35 38184.6 481.153
 325200 38163.9 86309.2 908.273 17187
 480806 152786 16963.9 38364.5 8043.35
 66921.1 225893 67913.5 7540.46 20628.3
 104575 31441 100410 30187.6 12521.1
 8643.27 49131.8 13975.6 44632.2 18984
 3289.77 4060.8 21839.1 6212.15 28277.5
 6709.24 1545.61 1805.03 9707.52 15330.7
 28480 3152.15 687.024 802.337 11129.5
 18818.9 13380.5 1401.13 305.383 5303.71
 46153.5 8841.55 5947.66 622.805 2493.25
 8398.91 21683.9 3930.08 2643.74 1385.09
 24643 3945.99 9638.53 1746.92 1790.82
 119554 11577.8 1754 4284.34 1572.53
 56684.3 56169.1 5146.36 779.653 2603.38
pred_Ctot
 8420.4 1181.89 586.91 291.451 287.497
 164.779 7723.6 525.352 260.882 257.343
 27.1801 151.143 3433.15 233.519 230.351
 19.1608 24.9309 67.1833 1526.04 206.191
 51.9254 17.5752 11.0818 29.863 769.977
 15994.7 47.6285 7.81221 4.92588 355.53
 380.455 14671.1 21.1709 3.47253 160.223
 16070 348.972 6521.33 9.41049 72.7628
 3158.53 14740.2 155.118 2898.74 36.5261
 12644.9 2897.16 6552.05 68.9503 1304.73
 18695.5 11598.5 1287.79 2912.39 610.601
 2602.13 17148.4 5155.56 572.424 1565.97
 4066.27 2386.8 7622.48 2291.65 950.52
 336.081 3729.78 1060.94 3388.2 1441.15
 127.918 308.27 1657.89 471.587 2146.65
 260.879 117.333 137.026 736.934 1163.81
 1107.41 239.291 52.1545 60.9084 844.881
 731.747 1015.77 106.365 23.1827 402.624
 1794.61 671.194 451.509 47.2794 189.272
 326.58 1646.11 298.346 200.696 105.147
 958.208 299.555 731.696 132.615 135.948
 4648.69 878.916 133.152 325.24 119.376
 2204.09 4264.01 390.679 59.1863 197.632
F
 0.0554016 0.110803 0.110803 0.110803 0.110803
 0.0554016 0.110803 0.110803 0.110803 0.110803
 0.0554016 0.110803 0.110803 0.110803 0.110803
 0.0554016 0.110803 0.110803 0.110803 0.110803
 0.0554016 0.110803 0.110803 0.110803 0.110803
 0.0554016 0.110803 0.110803 0.110803 0.110803
 0.0554016 0.110803 0.110803 0.110803 0.110803
 0.0554016 0.110803 0.110803 0.110803 0.110803
 0.0554016 0.110803 0.110803 0.110803 0.110803
 0.0554016 0.110803 0.110803 0.110803 0.110803
 0.0554016 0.110803 0.110803 0.110803 0.110803
 0.0554016 0.110803 0.110803 0.110803 0.110803
 0.0554016 0.110803 0.110803 0.110803 0.110803
 0.0554016 0.110803 0.110803 0.110803 0.110803
 0.0554016 0.110803 0.110803 0.110803 0.110803
 0.0554016 0.110803 0.110803 0.110803 0.110803
 0.0554016 0.110803 0.110803 0.110803 0.110803
 0.0554016 0.110803 0.110803 0.110803 0.110803
 0.0554016 0.110803 0.110803 0.110803 0.110803
 0.0554016 0.110803 0.110803 0.110803 0.110803
 0.0554016 0.110803 0.110803 0.110803 0.110803
 0.0554016 0.110803 0.110803 0.110803 0.110803
 0.0554016 0.110803 0.110803 0.110803 0.110803
Np
 30781.5 9248.06 4840.87 4538.35 491.399
YTP_r0W_actual
 109366 655585 82901.4 16394.7 68807.3
YTP_p0W_proyectada
 73786.7 277438 378108 44241.8 10744
 73786.7 96343 73311 87772.5 10546.5
CTP_r0_actual
 16570.6 27090.3 2482.08 376.025 1255.61
CTP_p0_proyectada
 8998.38 12844.3 12041.7 1103.29 241.439
 8998.38 4460.32 2334.75 2188.84 237.001
Wmedp
 8.2 21.6 31.4 40.1 44.5
nmprior
 10.8 10.6 4.6 0
nm_flota  nm_reclas  nm_pelaces    nm_pelaL
inf 1.23356 2.9286 3.26082
cv_recla  cv_pelaces  cv_mph
2.03487 0.849903 2.032
 ------------------------------------------------
Talla a la edad & desviaci?n 
 7.2 14.2025 17.0495 18.207 18.6776
 1.08 2.13037 2.55742 2.73105 2.80164
