years
 1997 1998 1999 2000 2001 2002 2003 2004 2005 2006 2007 2008 2009 2010 2011 2012 2013 2014 2015 2016 2017 2018 2019 2020
reclasobs
 0 0 0 370054 412103 1.49427e+06 250295 1.28982e+06 931140 785840 897777 1.04006e+06 184774 17550 25797 100020 73551 82996 120727 218422 84188 347160 605670 569463
reclaspred
 380624 104015 316377 229969 333803 392423 872069 604028 719909 663493 528086 355832 218730 103830 74923.1 73320.4 84782.2 116710 125946 185597 276050 262502 452509 506394
pelacesobs
 0 0 0 0 0 0 0 0 0 2.06254e+06 1.5e+06 0 1.87456e+06 323000 250000 174000 83755 137374 0 501740 490994 745055 786931 1.00524e+06
pelacespred
 1.06449e+06 258681 483880 535864 666060 653011 1.65961e+06 1.4112e+06 1.50575e+06 1.39944e+06 1.00804e+06 702195 431308 172701 122296 127388 153341 211633 233967 335594 557302 512104 726764 941174
mphobs
 0 0 0 0 0 0 112323 0 153150 637223 0 255016 313432 73983 77613 109348 50772 17779 17303 59886 28197 0 207744 136588
mphpred
 129059 78324.7 95571.1 116683 122843 189325 289404 340653 309126 332327 310374 220989 133356 100063 48591.3 41791.7 45564.7 61215.1 32031.3 36230.6 58304.4 72635.7 93053.8 131675
desembarqueobs
 350755 77701 442110 56441 14545 235359 269955 359681 431902 328805 639364 411747 362871 311530 167758 66681 60226 58785 57116 73181 50977 67692 138656 160484
desembarquepred
 350761 77700.8 442105 56442.2 14545.1 235404 269982 359679 431908 328818 639545 411970 363215 311951 167795 66694.9 60248.9 58787.1 57110.6 73178.9 50976.6 67684.9 138653 160483
Reclutas
 50624.9 64952.3 38427.1 61314.5 102261 73763.8 122219 123485 162369 149810 69372.5 40054.5 42894.6 24130.6 18903 21131.4 16457.5 20741 24225.9 43072.6 56422.2 77299.9 109895 102238
log_desv_Rt
 -0.0699333 0.179276 -0.345615 0.121639 0.633148 0.306491 0.811434 0.821738 1.0955 1.01499 0.245112 -0.304137 -0.235632 -0.810896 -1.05506 -0.943619 -1.1936 -0.962263 -0.806954 -0.23149 0.0384852 0.353316 0.705143 0.632921
SSB
 685839 416228 507878 620071 652807 1.0061e+06 1.50064e+06 1.79333e+06 1.61188e+06 1.73481e+06 1.64937e+06 1.17437e+06 726991 386598 193280 168030 189496 245610 310021 366109 562704 684926 899085 1.22154e+06
BT
 2.19356e+06 594719 1.10923e+06 1.0195e+06 1.20394e+06 1.35534e+06 3.15665e+06 2.93342e+06 3.09084e+06 2.82205e+06 2.38334e+06 1.63762e+06 1.13064e+06 611042 362550 283585 324771 426162 467983 660270 1.03941e+06 980063 1.39662e+06 1.81895e+06
Ftot
 0.436144 0.36738 0.545076 0.105991 0.0208275 0.208996 0.131839 0.253645 0.269757 0.202135 0.411161 0.378339 0.59708 1.03601 0.939799 0.377598 0.297428 0.212089 0.175913 0.177158 0.080239 0.102048 0.116708 0.120987
BD_Bspro_t
 0.946378 0.750278 0.707662 0.580926 0.710114 0.83154 0.799142 0.808586 0.765915 0.742724 0.711408 0.56674 0.454771 0.344929 0.229917 0.245324 0.344526 0.492145 0.605944 0.693902 0.790834 0.856582 0.866602 0.864482
BD_Bspro
 0.613939 0.372593 0.454635 0.555066 0.58437 0.900627 1.34332 1.60532 1.4429 1.55294 1.47646 1.05125 0.650777 0.346069 0.173017 0.150415 0.169631 0.219862 0.27752 0.327728 0.503713 0.613122 0.804829 1.09348
BD_Bo
 0.335189 0.203422 0.248214 0.303046 0.319045 0.49171 0.733405 0.87645 0.787773 0.847849 0.806094 0.573947 0.355301 0.188941 0.0944612 0.0821211 0.0926122 0.120037 0.151516 0.178928 0.275009 0.334743 0.439408 0.597
BD_Brms
 1.1735 0.712185 0.869002 1.06097 1.11698 1.72148 2.56766 3.06846 2.75801 2.96833 2.82215 2.0094 1.24391 0.661486 0.33071 0.287507 0.324237 0.42025 0.53046 0.626429 0.962812 1.17194 1.53837 2.09011
S_f
 0.192522 1 1 1 1
 0.192522 1 1 1 1
 0.192522 1 1 1 1
 0.192522 1 1 1 1
 0.192522 1 1 1 1
 0.192522 1 1 1 1
 0.192522 1 1 1 1
 0.192522 1 1 1 1
 0.192522 1 1 1 1
 0.192522 1 1 1 1
 0.192522 1 1 1 1
 0.192522 1 1 1 1
 0.192522 1 1 1 1
 0.192522 1 1 1 1
 0.192522 1 1 1 1
 0.192522 1 1 1 1
 0.192522 1 1 1 1
 0.192522 1 1 1 1
 0.192522 1 1 1 1
 0.192522 1 1 1 1
 0.192522 1 1 1 1
 0.192522 1 1 1 1
 0.192522 1 1 1 1
 0.192522 1 1 1 1
Scru_reclas
 1 1 1 1 1
 1 1 1 1 1
 1 1 1 1 1
 1 1 1 1 1
 1 1 1 1 1
 1 1 1 1 1
 1 1 1 1 1
 1 1 1 1 1
 1 1 1 1 1
 1 1 1 1 1
 1 1 1 1 1
 1 1 1 1 1
 1 1 1 1 1
 1 1 1 1 1
 1 1 1 1 1
 1 1 1 1 1
 1 1 1 1 1
 1 1 1 1 1
 1 1 1 1 1
 1 1 1 1 1
 1 1 1 1 1
 1 1 1 1 1
 1 1 1 1 1
 1 1 1 1 1
Scru_pelaces
 1 1 1 1 1
 1 1 1 1 1
 1 1 1 1 1
 1 1 1 1 1
 1 1 1 1 1
 1 1 1 1 1
 1 1 1 1 1
 1 1 1 1 1
 1 1 1 1 1
 1 1 1 1 1
 1 1 1 1 1
 1 1 1 1 1
 1 1 1 1 1
 1 1 1 1 1
 1 1 1 1 1
 1 1 1 1 1
 1 1 1 1 1
 1 1 1 1 1
 1 1 1 1 1
 1 1 1 1 1
 1 1 1 1 1
 1 1 1 1 1
 1 1 1 1 1
 1 1 1 1 1
pf_obs 
 0.256992 0.487395 0.22802 0.0275931 0
 0.321318 0.546541 0.124235 0.00734118 0.000564706
 0.182869 0.594174 0.210203 0.0122559 0.00049798
 0.330522 0.361315 0.267642 0.0388342 0.00168674
 0.649043 0.306663 0.0425973 0.00169635 0
 0.582887 0.30429 0.105238 0.00758474 0
 0.465427 0.430635 0.0974691 0.00646863 0
 0.296916 0.608066 0.0921331 0.00288517 0
 0.311714 0.524322 0.152257 0.0117073 0
 0.15457 0.633149 0.183074 0.0267441 0.00246327
 0.131901 0.49318 0.331252 0.0422183 0.00144891
 0.196976 0.569456 0.194076 0.0375587 0.00193317
 0.518974 0.381816 0.0799577 0.0180837 0.00116848
 0.0928022 0.601141 0.25162 0.0475244 0.00691264
 0.122501 0.610282 0.24278 0.0234846 0.000952079
 0.383417 0.481906 0.127806 0.00687128 0
 0.0376549 0.599619 0.316969 0.0457579 0
 0.0361596 0.667082 0.258105 0.0386534 0
 0.158088 0.579412 0.248529 0.0139706 0
 0.0477256 0.309471 0.559284 0.082774 0.000745712
 0.0406174 0.521527 0.379366 0.0568643 0.0016247
 0.151134 0.462217 0.34131 0.0453401 0
 0.294876 0.26143 0.354403 0.0886775 0.000613685
 0.281977 0.475581 0.204845 0.0348837 0.00271318
pf_pred 
 0.340871 0.463923 0.174451 0.0207446 1.07516e-05
 0.320039 0.521592 0.111467 0.0419154 0.00498689
 0.180223 0.609573 0.161246 0.0344591 0.0144995
 0.298361 0.418324 0.210668 0.0557264 0.01692
 0.317151 0.477035 0.122709 0.0617959 0.0213096
 0.176343 0.58389 0.1675 0.0430862 0.0291805
 0.278245 0.397215 0.230066 0.0659986 0.0284747
 0.229832 0.523824 0.135574 0.0785242 0.0322449
 0.271876 0.462582 0.180607 0.0467441 0.0381916
 0.21742 0.537739 0.155549 0.0607315 0.0285607
 0.116309 0.541594 0.235067 0.0679965 0.0390331
 0.111059 0.402692 0.298011 0.129345 0.0588928
 0.192114 0.352429 0.206323 0.152688 0.0964452
 0.174359 0.512744 0.136497 0.0799095 0.0964903
 0.244556 0.487732 0.166256 0.0442588 0.0571972
 0.300378 0.508232 0.123566 0.0421206 0.0257037
 0.207281 0.576026 0.157414 0.038272 0.0210072
 0.253366 0.454781 0.212073 0.0579547 0.0218246
 0.248795 0.49593 0.15549 0.0725081 0.0272766
 0.33057 0.435724 0.154288 0.0483743 0.0310439
 0.284509 0.526279 0.123156 0.043609 0.0224473
 0.276006 0.493569 0.169489 0.0396625 0.0212735
 0.283247 0.483599 0.158948 0.054582 0.0196237
 0.208421 0.541444 0.168768 0.0554702 0.0258966
pobs_RECLAS
 0 0 0 0 0
 0 0 0 0 0
 0 0 0 0 0
 0 0 0 0 0
 0.835266 0.146461 0.0176864 0.000547809 3.91292e-05
 0.385257 0.428462 0.181853 0.0044286 0
 0.867414 0.0963971 0.0333333 0.00285562 0
 0.441836 0.489002 0.0689373 0.000224442 0
 0.779404 0.147425 0.0564933 0.0165055 0.000172143
 0.814271 0.122319 0.05973 0.00367925 0
 0.40263 0.566651 0.0304383 0.000280538 0
 0.475488 0.404961 0.113038 0.00651328 0
 0.955842 0.0263864 0.0167828 0.000988607 0
 0.975058 0.0227948 0.00214734 0 0
 0.738997 0.206755 0.0527124 0.00153531 0
 0.850938 0.134255 0.0134407 0.00136685 0
 0.542534 0.407297 0.0501686 0 0
 0.764087 0.199537 0.0359546 0.000420521 0
 0.470689 0.182191 0.310203 0.0369168 0
 0.84361 0.089868 0.0606195 0.00523954 0.000663233
 0.607945 0.314616 0.071237 0.00620181 0
 0.523733 0.453247 0.0230204 0 0
 0.530135 0.295979 0.169645 0.0042399 0
 0.562478 0.366248 0.0663022 0.0049721 0
ppred_RECLAS
 0.734167 0.187104 0.0703577 0.00836649 4.33621e-06
 0.714298 0.219159 0.0468354 0.0176117 0.00209536
 0.542307 0.340333 0.0900259 0.019239 0.00809526
 0.689509 0.185118 0.0932253 0.0246602 0.00748749
 0.707162 0.204575 0.0526232 0.026501 0.00913858
 0.529389 0.333616 0.0957039 0.0246181 0.0166728
 0.668454 0.182465 0.105683 0.0303172 0.0130802
 0.611267 0.264394 0.0684295 0.0396342 0.0162752
 0.663259 0.213933 0.0835267 0.0216181 0.0176627
 0.593346 0.279427 0.0808283 0.031558 0.0148411
 0.41228 0.360201 0.156337 0.0452228 0.0259599
 0.399104 0.272207 0.201446 0.0874331 0.0398097
 0.562875 0.19069 0.111636 0.0826156 0.0521839
 0.54527 0.282399 0.0751771 0.0440109 0.053143
 0.645013 0.229188 0.0781245 0.0207975 0.0268773
 0.695343 0.221315 0.0538081 0.0183418 0.0111929
 0.580173 0.305065 0.0833672 0.020269 0.0111255
 0.640714 0.218844 0.102051 0.0278882 0.0105022
 0.634581 0.241242 0.0756372 0.0352711 0.0132685
 0.721404 0.181334 0.0642098 0.0201319 0.0129195
 0.67466 0.239303 0.0559999 0.0198293 0.0102069
 0.665602 0.22797 0.0782837 0.0183193 0.00982581
 0.673733 0.220135 0.0723533 0.0248458 0.00893274
 0.579154 0.28786 0.0897262 0.0294909 0.013768
pobs_PELACES
 0 0 0 0 0
 0 0 0 0 0
 0 0 0 0 0
 0 0 0 0 0
 0 0 0 0 0
 0 0 0 0 0
 0 0 0 0 0
 0 0 0 0 0
 0 0 0 0 0
 0 0 0 0 0
 0.450072 0.473896 0.0757376 0.000293798 0
 0 0 0 0 0
 0.463077 0.371075 0.160297 0.00555027 0
 0.529543 0.364841 0.0842815 0.0213345 0
 0.631943 0.363953 0.00410389 0 0
 0.735681 0.248677 0.0153453 0.000297389 0
 0.695825 0.281241 0.0229344 0 0
 0.275771 0.60734 0.115278 0.00161068 0
 0 0 0 0 0
 0.896147 0.0623911 0.0374545 0.00400742 0
 0.803859 0.145111 0.0509908 3.86294e-05 0
 0.739449 0.233085 0.0266225 0.000797448 4.60066e-05
 0.878498 0.100942 0.0204185 0.000141795 0
 0.694673 0.275183 0.0284847 0.00165964 0
ppred_PELACES
 0.756224 0.17158 0.06452 0.0076723 3.97643e-06
 0.733851 0.204161 0.0436302 0.0164065 0.00195196
 0.578075 0.313736 0.0829904 0.0177355 0.00746261
 0.695523 0.181533 0.0914196 0.0241826 0.00734247
 0.70831 0.203773 0.0524169 0.0263971 0.00910275
 0.543237 0.323799 0.0928877 0.0238936 0.0161822
 0.676193 0.178206 0.103216 0.0296095 0.0127748
 0.627201 0.253557 0.0656246 0.0380095 0.0156081
 0.679121 0.203856 0.0795923 0.0205998 0.0168308
 0.606274 0.270543 0.0782586 0.0305548 0.0143692
 0.439057 0.343789 0.149214 0.0431623 0.0247771
 0.423509 0.261152 0.193264 0.083882 0.0381928
 0.601553 0.173817 0.101758 0.0753055 0.0475665
 0.612454 0.240676 0.0640701 0.0375085 0.0452914
 0.700067 0.193644 0.0660084 0.0175721 0.022709
 0.716229 0.206142 0.0501191 0.0170843 0.0104256
 0.599346 0.291134 0.07956 0.0193434 0.0106174
 0.653618 0.210984 0.0983861 0.0268866 0.010125
 0.645381 0.234112 0.0734018 0.0342287 0.0128764
 0.730792 0.175224 0.0620461 0.0194535 0.0124841
 0.679336 0.235864 0.0551951 0.0195444 0.0100603
 0.671626 0.223862 0.0768732 0.0179893 0.00964878
 0.680532 0.215548 0.0708456 0.024328 0.0087466
 0.586992 0.2825 0.0880553 0.0289418 0.0135116
pobs_pel_tallas
 0 0 0 0 0 0 0 0 0 0 0 0 0 0 0 0 0 0 0 0 0 0 0 0 0 0 0 0 0 0 0 0 0 0 0 0
 0 0 0 0 0 0 0 0 0 0 0 0 0 0 0 0 0 0 0 0 0 0 0 0 0 0 0 0 0 0 0 0 0 0 0 0
 0 0 0 0 0 0 0 0 0 0 0 0 0 0 0 0 0 0 0 0 0 0 0 0 0 0 0 0 0 0 0 0 0 0 0 0
 0 0 0 0 0 0 0 0 0 0 0 0 0 0 0 0 0 0 0 0 0 0 0 0 0 0 0 0 0 0 0 0 0 0 0 0
 0 0 0 0 0 0 0 0 0 0 0 0 0 0 0 0 0 0 0 0 0 0 0 0 0 0 0 0 0 0 0 0 0 0 0 0
 0 0 0 0 0 0 0 0 0 0 0 0 0 0 0 0 0 0 0 0 0 0 0 0 0 0 0 0 0 0 0 0 0 0 0 0
 0 0 0 0 0 0 0 0 0 0 0 0 0 0 0 0 0 0 0 0 0 0 0 0 0 0 0 0 0 0 0 0 0 0 0 0
 0 0 0 0 0 0 0 0 0 0 0 0 0 0 0 0 0 0 0 0 0 0 0 0 0 0 0 0 0 0 0 0 0 0 0 0
 0 0 0 0 0 0 0 0 0 0 0 0 0 0 0 0 0 0 0 0 0 0 0 0 0 0 0 0 0 0 0 0 0 0 0 0
 0 0 0 0 0 0 0 0 0 0 0 0 0 0 0 0 0 0 0 0 0 0 0 0 0 0 0 0 0 0 0 0 0 0 0 0
 0 0 0 0 0 0 0 0 1.78061e-05 0.00172719 0.00360574 0.0105946 0.0120993 0.0124554 0.0147524 0.0171206 0.0266825 0.0428682 0.0675386 0.121331 0.153587 0.119568 0.100827 0.0573624 0.0630603 0.0341343 0.0324427 0.0444173 0.0211091 0.0280891 0.0125444 0.00206551 0 0 0 0
 0 0 0 0 0 0 0 0 0 0 0 0 0 0 0 0 0 0 0 0 0 0 0 0 0 0 0 0 0 0 0 0 0 0 0 0
 0 0 0 0 0 0 0.0133647 0.0140871 0.0187388 0.0205184 0.03894 0.0496705 0.03968 0.0493445 0.0407372 0.0367815 0.0215668 0.0243155 0.0234873 0.0199281 0.019796 0.0243948 0.0301388 0.0376714 0.0412746 0.0863199 0.0771752 0.113111 0.0741005 0.0525337 0.0229764 0.00759418 0.00175318 0 0 0
 0 0 0 0 0 0 0 0 0 0 0.00219441 0.00772107 0.0458388 0.0604681 0.0671733 0.0775358 0.0609151 0.0617685 0.073594 0.0568108 0.0755445 0.0548602 0.0670107 0.0636378 0.0643287 0.046367 0.0373049 0.0286899 0.0247887 0.0153202 0.00654259 0.00121912 0.000365735 0 0 0
 0 0 0 0 0 0 0 0 0 0 0 0 0.000112435 0.00938835 0.0111873 0.0202946 0.0414886 0.0713402 0.111592 0.104902 0.108894 0.110636 0.117776 0.105296 0.107544 0.0401394 0.0192827 0.0124803 0.00416011 0.0028671 0.000618394 0 0 0 0 0
 0 0 0 0 0 0 0 0 0 0 0.00291406 0.0102884 0.027416 0.0768956 0.0749926 0.110853 0.0956884 0.0897413 0.0766577 0.0534642 0.0500743 0.0551293 0.0594112 0.0620874 0.0668451 0.0424026 0.0208742 0.0120726 0.0048766 0.00582813 0.00118941 0.000297354 0 0 0 0
 0 0.00264628 0.0354308 0.0461629 0.0458689 0.0383711 0.0214643 0.0164657 0.0346957 0.0420465 0.0363128 0.0245516 0.0311673 0.0291091 0.0169068 0.0133784 0.00837989 0.0085269 0.0148486 0.0160247 0.0276389 0.0546898 0.0760071 0.122758 0.109233 0.0665981 0.0333725 0.0166128 0.00676272 0.00308733 0.000882094 0 0 0 0 0
 0 0 0 0 0 0 0 0.000805153 0.000690131 0.00759144 0.0133425 0.0154129 0.00931677 0.000345066 0.00356568 0.00563607 0.00851162 0.0253048 0.0502646 0.0516448 0.0657925 0.0565908 0.0611916 0.0827007 0.0866115 0.110766 0.145733 0.0935128 0.0569358 0.0249597 0.0138026 0.00621118 0.00161031 0.00115022 0 0
 0 0 0 0 0 0 0 0 0 0 0 0 0 0 0 0 0 0 0 0 0 0 0 0 0 0 0 0 0 0 0 0 0 0 0 0
 0.00147267 0.00158595 0.00478618 0.00569244 0.00954404 0.0108468 0.00647125 0.017049 0.0510054 0.094081 0.124002 0.0959785 0.0687766 0.0820023 0.061753 0.0591476 0.0492212 0.0479892 0.0443925 0.0268479 0.0217502 0.0140895 0.0121071 0.0120363 0.00920419 0.00665534 0.0049561 0.00860946 0.00930331 0.0156896 0.0114698 0.00855282 0.00243557 0.00046729 0 2.83206e-05
 0 0 0 0 0.000772559 0.00158375 0.000888443 0.00281984 0.00712685 0.0440552 0.0773331 0.111326 0.0921469 0.0852325 0.0710754 0.0886704 0.0786465 0.0553345 0.0373146 0.0185414 0.00753245 0.00457741 0.012979 0.0271748 0.0457355 0.0583668 0.034881 0.0177882 0.00938659 0.00492506 0.0015258 0.00185414 0.000309023 5.79419e-05 3.86279e-05 0
 0 0.00173294 0.00326652 0 0.00397197 0.00683976 0.00946217 0.0152591 0.00757587 0.0136028 0.0228656 0.0392903 0.0559909 0.0764795 0.0681675 0.0726916 0.0566044 0.0477403 0.0527397 0.0444891 0.0609904 0.0582453 0.0661739 0.0445044 0.0529084 0.0360697 0.0280645 0.0235558 0.0158879 0.00826598 0.00280645 0.00217768 0.000904811 0.00058276 9.20147e-05 0
 0 0 0 0 0 0 0 0 0 0 0 0 0 0 0 0 0 0 0 0 0 0 0 0 0 0 0 0 0 0 0 0 0 0 0 0
 0 0 0 0 0 0 0 0 0 0 0 0 0 0 0 0 0 0 0 0 0 0 0 0 0 0 0 0 0 0 0 0 0 0 0 0
ppred_pel_tallas
 1.01236e-16 3.29946e-05 0.000193653 0.000920539 0.00354413 0.011052 0.0279166 0.057121 0.0946844 0.127158 0.138373 0.122054 0.0873685 0.0509851 0.0247372 0.0108863 0.00583172 0.00533377 0.00679216 0.00905863 0.0116512 0.0142652 0.0166133 0.018426 0.0194986 0.0197339 0.0191599 0.0179139 0.0162013 0.0142438 0.012235 0.010314 0.00856027 0.00700533 0.00565038 0.00448322
 1.01341e-16 3.20203e-05 0.00018793 0.000893325 0.00343934 0.0107252 0.0270912 0.0554324 0.0918864 0.123404 0.134296 0.118478 0.0848529 0.0496059 0.0242335 0.0109451 0.00626066 0.00607401 0.0078586 0.0104807 0.0134348 0.0163726 0.0189562 0.0208717 0.0218881 0.0219084 0.0209892 0.0193184 0.0171624 0.0148007 0.0124695 0.0103291 0.00845901 0.00687359 0.00554769 0.00444097
 1.02239e-16 2.52323e-05 0.000148068 0.000703795 0.00270956 0.00844943 0.0213428 0.0436717 0.0723962 0.0972428 0.105864 0.0934844 0.0671484 0.0396511 0.0201088 0.0103338 0.00765669 0.00889557 0.0120704 0.0162331 0.0208538 0.0254562 0.029532 0.0325977 0.0342927 0.0344596 0.0331745 0.0307142 0.0274771 0.0238845 0.0202953 0.0169569 0.013997 0.0114472 0.00928022 0.00744573
 1.02531e-16 3.03482e-05 0.000178115 0.000846669 0.00325971 0.0101651 0.0256762 0.0525371 0.0870869 0.116958 0.12728 0.112286 0.080412 0.0469986 0.0229408 0.0103334 0.00588143 0.00570086 0.00741068 0.00995648 0.0128849 0.0158932 0.0186848 0.0209741 0.022536 0.0232504 0.0231208 0.0222594 0.0208477 0.019086 0.0171512 0.0151733 0.0132328 0.0113727 0.00961573 0.00797893
 1.02143e-16 3.09066e-05 0.000181391 0.000862241 0.00331966 0.010352 0.0261484 0.0535035 0.0886892 0.119111 0.129626 0.114364 0.0819173 0.0479124 0.0234492 0.010665 0.00620661 0.00611657 0.00796113 0.0106487 0.0136913 0.0167486 0.0194877 0.0215961 0.0228403 0.0231159 0.0224669 0.0210643 0.0191547 0.0169976 0.0148117 0.0127445 0.0108695 0.00920241 0.00772679 0.00641643
 1.03002e-16 2.37136e-05 0.000139151 0.000661401 0.00254633 0.0079404 0.020057 0.041041 0.0680361 0.0913892 0.0994987 0.0878816 0.063163 0.0373762 0.0191008 0.0100547 0.00774464 0.00919341 0.0125455 0.0169035 0.0217488 0.0265997 0.0309355 0.0342582 0.0361936 0.0365734 0.035466 0.0331441 0.0300037 0.0264636 0.0228802 0.0194984 0.0164446 0.013752 0.0113986 0.00934318
 1.03138e-16 2.95053e-05 0.000173166 0.000823143 0.00316913 0.0098826 0.0249627 0.0510772 0.0846671 0.113708 0.123745 0.109169 0.0781855 0.045708 0.0223315 0.0100953 0.00579977 0.00567334 0.00740608 0.00997772 0.0129516 0.0160357 0.0189418 0.021389 0.0231515 0.0241018 0.0242291 0.023626 0.0224515 0.0208839 0.0190826 0.0171665 0.015213 0.01327 0.0113716 0.00955043
 1.0305e-16 2.73719e-05 0.000160635 0.000763553 0.00293966 0.00916702 0.0231553 0.0473797 0.0785405 0.105488 0.114819 0.101343 0.072685 0.0427031 0.0212554 0.0102695 0.00681122 0.00740282 0.00989571 0.0132992 0.0171209 0.020966 0.0244272 0.0271173 0.0287462 0.0291824 0.0284775 0.026839 0.0245672 0.0219776 0.0193343 0.0168144 0.0145044 0.0124219 0.0105472 0.00885126
 1.02691e-16 2.96339e-05 0.000173919 0.000826717 0.00318288 0.00992549 0.0250711 0.0512991 0.0850355 0.114205 0.12429 0.109663 0.0785652 0.0459826 0.022563 0.0103623 0.00617368 0.00621074 0.0081469 0.0109394 0.0141194 0.0173544 0.0203132 0.0226797 0.0242106 0.0247856 0.0244276 0.0232834 0.021576 0.0195454 0.0173977 0.0152775 0.0132649 0.0113908 0.00965952 0.00806788
 1.02921e-16 2.64601e-05 0.00015528 0.000738093 0.00284163 0.0088613 0.0223831 0.0457998 0.0759224 0.101974 0.111 0.0979877 0.0703115 0.041375 0.0207178 0.0102152 0.00704321 0.00784911 0.0105579 0.0142028 0.0182855 0.0223902 0.0260811 0.0289429 0.0306624 0.0310967 0.0302984 0.0284882 0.0259882 0.0231388 0.0202286 0.0174543 0.0149169 0.0126426 0.0106155 0.00880703
 1.04871e-16 1.91718e-05 0.000112484 0.00053462 0.00205818 0.00641813 0.016212 0.0331738 0.054997 0.0738829 0.080461 0.0711192 0.0512302 0.0305465 0.0160393 0.00914226 0.00788829 0.00991182 0.013734 0.0186172 0.0240887 0.0296649 0.0348021 0.0389673 0.0417444 0.04292 0.0425184 0.0407706 0.0380359 0.0347046 0.0311144 0.0275059 0.0240178 0.0207121 0.0176105 0.0147246
 1.07496e-16 1.84905e-05 0.000108492 0.000515657 0.0019852 0.00619055 0.015637 0.0319969 0.053044 0.0712537 0.0775833 0.0685415 0.0492993 0.0292477 0.0150901 0.00818734 0.00662422 0.00811521 0.0112546 0.015385 0.0201406 0.0251725 0.0300819 0.03446 0.037961 0.0403639 0.0415999 0.0417361 0.0409282 0.0393618 0.0372059 0.0345914 0.0316164 0.0283646 0.0249266 0.021411
 1.06312e-16 2.62503e-05 0.000154057 0.000732299 0.00281936 0.00879186 0.0222076 0.04544 0.0753233 0.101162 0.110096 0.09714 0.0695971 0.0407416 0.0200081 0.00922313 0.00555496 0.00566387 0.00750954 0.0101955 0.0133388 0.0166787 0.0199512 0.0228931 0.0252858 0.0269937 0.0279798 0.0282925 0.028031 0.0273055 0.0262059 0.0247908 0.023094 0.0211426 0.0189757 0.0166551
 1.04394e-16 2.67283e-05 0.000156858 0.000745598 0.00287054 0.00895146 0.0226108 0.0462655 0.0766934 0.103007 0.112117 0.098955 0.0709659 0.0416802 0.0207228 0.00997438 0.00656909 0.00711201 0.00950937 0.0128021 0.016522 0.0202999 0.0237553 0.0265257 0.0283372 0.0290619 0.0287398 0.0275527 0.0257649 0.0236508 0.021435 0.0192611 0.0171922 0.0152337 0.0133651 0.0115674
 1.02666e-16 3.05468e-05 0.00017928 0.000852204 0.00328101 0.0102315 0.025844 0.0528806 0.0876566 0.117724 0.128115 0.113027 0.0809528 0.0473342 0.0231403 0.010482 0.00604413 0.00591613 0.00769642 0.0103138 0.0132974 0.0163249 0.0190816 0.0212693 0.0226612 0.0231488 0.0227605 0.0216427 0.0200131 0.0181027 0.0161074 0.0141611 0.0123333 0.0106448 0.00909047 0.00765917
 1.01853e-16 3.1252e-05 0.000183419 0.000871881 0.00335677 0.0104678 0.0264408 0.0541017 0.0896808 0.120443 0.131075 0.115642 0.0828315 0.048445 0.0237055 0.0107737 0.00625769 0.00615424 0.0080004 0.01069 0.013727 0.0167649 0.0194653 0.0215116 0.022669 0.0228354 0.0220608 0.0205258 0.0184886 0.0162207 0.0139509 0.0118341 0.00994706 0.0083046 0.00688561 0.00565673
 1.02386e-16 2.61589e-05 0.00015351 0.000729671 0.0028092 0.00876015 0.0221276 0.0452773 0.0750568 0.100813 0.109743 0.0968903 0.0695523 0.040985 0.0206273 0.0103429 0.00734908 0.00833671 0.0112525 0.0151278 0.0194451 0.0237576 0.0275939 0.0305054 0.032157 0.0324003 0.0313018 0.0291131 0.0261972 0.0229385 0.0196635 0.0165972 0.0138552 0.0114667 0.00940858 0.00763858
 1.02863e-16 2.85222e-05 0.000167392 0.000795683 0.00306339 0.00955286 0.0241298 0.0493734 0.0818439 0.10992 0.119631 0.105562 0.0756489 0.0443198 0.0218295 0.0101659 0.00625188 0.00645169 0.00853108 0.0114854 0.0148547 0.0183022 0.0214858 0.0240756 0.0258132 0.0265636 0.0263375 0.0252723 0.0235855 0.0215153 0.01927 0.0170006 0.0147977 0.0127055 0.0107437 0.0089246
 1.02897e-16 2.81639e-05 0.000165286 0.000785669 0.00302482 0.00943259 0.0238261 0.048752 0.0808146 0.10854 0.118135 0.104254 0.0747407 0.0438454 0.0217026 0.0102845 0.00656074 0.00694555 0.00922861 0.0124025 0.0159856 0.019608 0.022892 0.025478 0.0270928 0.0276076 0.0270605 0.0256328 0.0235924 0.0212235 0.0187668 0.016387 0.0141696 0.0121399 0.0102902 0.00860473
 1.0219e-16 3.18858e-05 0.000187143 0.000889589 0.00342496 0.0106804 0.0269779 0.0552005 0.0915012 0.122884 0.133725 0.11796 0.0844513 0.0493097 0.0239751 0.0106382 0.00582529 0.00544452 0.0069864 0.00934142 0.01204 0.0147798 0.017273 0.0192484 0.0204991 0.0209253 0.0205516 0.0195096 0.0179965 0.016223 0.0143689 0.0125592 0.0108612 0.0092978 0.00786792 0.00656365
 1.02003e-16 2.96445e-05 0.000173979 0.000826994 0.00318394 0.00992878 0.0250794 0.0513164 0.0850651 0.114247 0.124343 0.109725 0.0786448 0.0460991 0.0227493 0.0106633 0.00664204 0.00690167 0.00910772 0.0121954 0.0156585 0.0191144 0.0221782 0.0244881 0.0257761 0.0259268 0.0249997 0.0232039 0.020838 0.0182153 0.0156002 0.0131714 0.0110169 0.0091534 0.00755498 0.00618118
 1.02234e-16 2.93079e-05 0.000172004 0.000817606 0.00314779 0.00981607 0.0247947 0.0507338 0.0840991 0.112949 0.122929 0.108474 0.0777395 0.0455524 0.0224503 0.0104758 0.00646538 0.00667951 0.00881515 0.0118289 0.0152338 0.0186677 0.0217654 0.0241796 0.0256466 0.0260421 0.0254033 0.0239071 0.0218163 0.0194118 0.0169348 0.0145545 0.0123628 0.0103911 0.00863532 0.00707866
 1.02321e-16 2.96959e-05 0.000174282 0.000828441 0.00318951 0.00994617 0.0251233 0.0514061 0.0852132 0.114445 0.124553 0.1099 0.0787476 0.0461139 0.0226726 0.010488 0.00634947 0.00646403 0.0084975 0.011397 0.0146793 0.0179931 0.0209872 0.0233283 0.0247635 0.0251739 0.0245952 0.0231969 0.0212299 0.0189616 0.0166206 0.0143656 0.0122814 0.0103954 0.00870247 0.00718681
 1.02968e-16 2.56198e-05 0.000150346 0.000714631 0.00275129 0.00857958 0.0216715 0.044344 0.0735097 0.0987354 0.10748 0.0948926 0.0681177 0.0401385 0.0201998 0.0101275 0.00719749 0.00817171 0.0110434 0.0148702 0.0191525 0.0234612 0.0273412 0.0303576 0.0321809 0.0326586 0.0318421 0.0299585 0.0273416 0.0243463 0.0212745 0.0183348 0.0156369 0.0132131 0.0110518 0.00912714
pSPR Fmed_Fpbrs
0.443176   0.335632 0.335632
Fs Fmed_Fpbrs
0.64   1.005 1.005
SSBpbr Bo_Bmed_Bpbrs
2.04613e+06  804488  584438 584438
Ro
54292
SPR SPRFo_SPRFmed_SPRFpbrs
1.11711e+06 495077 374938
log_Ro
10.7221
likeval ReclasPelacesDesembMPH_pf_preclas_ppelaces_ptallas_desvR_qrecl_qpela
 66.0701 24.1625 0.0169928 14.2909 310.873 182.166 46.9993 0 15.5261 7.66234e-05 0 0 0 0 0
q_reclas_q_pelaces
0.289267 1
M
0.7
N
 50624.9 15386.1 5785.7 687.997 0.356578
 64952.3 23114.9 4939.77 1857.52 220.999
 38427.1 30051.9 7949.4 1698.83 714.822
 61314.5 17181.3 8652.51 2288.78 694.936
 102261 29832.9 7673.96 3864.6 1332.66
 73763.8 50577.9 14509.2 3732.23 2527.69
 122219 35185.4 20379.3 5846.17 2522.3
 123485 59170.9 15314.4 8870.05 3642.36
 162369 58398.1 22800.6 5901.15 4821.46
 149810 76549.6 22143.1 8645.4 4065.75
 69372.5 71553.9 31056.4 8983.51 5156.94
 40054.5 31827.6 23553.9 10223 4654.71
 42894.6 18493.2 10826.5 8012.09 5060.81
 24130.6 18987.8 5054.72 2959.18 3573.2
 18903 9816.14 3346.08 890.757 1151.16
 21131.4 7833.35 1904.52 649.203 396.17
 16457.5 9757.76 2666.57 648.321 355.857
 20741 7717.72 3598.92 983.501 370.368
 24225.9 9887.61 3100.09 1445.63 543.828
 43072.6 11629.6 4118.01 1291.13 828.573
 56422.2 20672 4837.5 1712.94 881.718
 77299.9 27588.9 9473.91 2217.01 1189.12
 109895 37639.2 12371.2 4248.19 1527.34
 102238 53359.5 16632.2 5466.62 2552.12
pred_Ctot
 2946.47 4010.13 1507.95 179.315 0.0929363
 3202.77 5219.79 1115.5 419.465 49.9059
 2769.78 9368.32 2478.13 529.59 222.837
 891.725 1250.26 629.631 166.552 50.5695
 294.363 442.759 113.892 57.3558 19.7785
 2096.97 6943.26 1991.8 512.354 346.997
 2206.11 3149.39 1824.12 523.281 225.767
 4244.36 9673.57 2503.68 1450.12 595.472
 5927.34 10085 3937.54 1019.1 832.64
 4121.4 10193.4 2948.58 1151.22 541.395
 3814.33 17761.4 7708.93 2229.92 1280.08
 2032.11 7368.3 5452.88 2366.7 1077.6
 3372.12 6186.08 3621.52 2680.09 1692.87
 3174.23 9334.57 2484.95 1454.76 1756.62
 2273.57 4534.3 1545.63 411.461 531.745
 1070.04 1810.48 440.18 150.047 91.5645
 660.87 1836.53 501.882 122.022 66.9769
 598.198 1073.74 500.707 136.832 51.5281
 581.305 1158.73 363.301 169.414 63.7315
 1040.74 1371.8 485.747 152.298 97.7359
 622.56 1151.6 269.489 95.4249 49.119
 1082.74 1936.22 664.888 155.592 83.4537
 1758.24 3001.91 986.658 338.814 121.813
 1695.1 4403.57 1372.59 451.14 210.617
F
 0.0839672 0.436144 0.436144 0.436144 0.436144
 0.0707287 0.36738 0.36738 0.36738 0.36738
 0.104939 0.545076 0.545076 0.545076 0.545076
 0.0204056 0.105991 0.105991 0.105991 0.105991
 0.00400974 0.0208275 0.0208275 0.0208275 0.0208275
 0.0402363 0.208996 0.208996 0.208996 0.208996
 0.025382 0.131839 0.131839 0.131839 0.131839
 0.0488322 0.253645 0.253645 0.253645 0.253645
 0.0519342 0.269757 0.269757 0.269757 0.269757
 0.0389154 0.202135 0.202135 0.202135 0.202135
 0.0791575 0.411161 0.411161 0.411161 0.411161
 0.0728384 0.378339 0.378339 0.378339 0.378339
 0.114951 0.59708 0.59708 0.59708 0.59708
 0.199454 1.03601 1.03601 1.03601 1.03601
 0.180932 0.939799 0.939799 0.939799 0.939799
 0.0726959 0.377598 0.377598 0.377598 0.377598
 0.0572614 0.297428 0.297428 0.297428 0.297428
 0.0408317 0.212089 0.212089 0.212089 0.212089
 0.0338672 0.175913 0.175913 0.175913 0.175913
 0.0341068 0.177158 0.177158 0.177158 0.177158
 0.0154478 0.080239 0.080239 0.080239 0.080239
 0.0196464 0.102048 0.102048 0.102048 0.102048
 0.0224687 0.116708 0.116708 0.116708 0.116708
 0.0232927 0.120987 0.120987 0.120987 0.120987
Np
 37490.5 15342.1 9016.05 4267.66 1572.03
YTP_r0W_actual
 104636 488969 220596 94915.4 54158.8
YTP_p0W_proyectada
 39329.1 516723 355555 141533 74337.1
 39329.1 159829 136541 82537.2 33739.3
CTP_r0_actual
 13079.5 25735.2 8021.67 2636.54 1230.88
CTP_p0_proyectada
 4796.23 23922.4 11323.4 3529.51 1670.5
 4796.23 7399.48 4348.42 2058.28 758.187
Wmedp
 8.2 21.6 31.4 40.1 44.5
nmprior
 10.8 10.6 4.6 0
nm_flota  nm_reclas  nm_pelaces    nm_pelaL
inf 14.4249 18.9688 34.1702
cv_recla  cv_pelaces  cv_mph
0.752539 0.57841 0.53462
 ------------------------------------------------
Talla a la edad & desviaci?n 
 7.2 14.2025 17.0495 18.207 18.6776
 1.08 2.13037 2.55742 2.73105 2.80164
