years
 1997 1998 1999 2000 2001 2002 2003 2004 2005 2006 2007 2008 2009 2010 2011 2012 2013 2014 2015 2016 2017 2018 2019 2020 2021
reclasobs
 0 0 0 370054 412103 1.49427e+06 250295 1.28982e+06 931140 785840 897777 1.04006e+06 184774 17550 25797 100020 73551 82996 120727 218422 84188 347160 605670 569463 516374
reclaspred
 495887 127373 316855 209426 334262 405422 879271 623008 746241 788394 676102 467842 281559 115201 72882.3 69079.3 74715.9 97813.1 110207 150983 231705 226088 394066 498287 596272
pelacesobs
 0 0 0 0 0 0 0 0 0 2.06254e+06 1.5e+06 0 1.87456e+06 323000 250000 174000 83755 137374 0 501740 490994 745055 786931 1.00524e+06 1.33801e+06
pelacespred
 2.01687e+06 433772 655269 694691 987895 908963 2.45157e+06 1.97413e+06 2.2083e+06 2.33399e+06 1.71725e+06 1.24331e+06 737888 235805 156490 157398 176553 244126 271349 370291 668995 616685 868626 1.25855e+06 1.47306e+06
mphobs
 0 0 0 0 0 0 112323 0 153150 637223 0 255016 313432 73983 77613 109348 50772 17779 17303 59886 28197 0 207744 136588 643089
mphpred
 170043 92844 101721 95500.5 109109 182185 259710 321590 291982 332128 341824 240682 144542 119414 50239.6 42514.4 41745.8 53230.3 39522.6 44215.5 71109.4 92405.7 116048 171146 216029
desembarqueobs
 350755 77701 442110 56441 14545 235359 269955 359681 431902 328805 639364 411747 362871 311530 167758 66681 60226 58785 57116 73181 50977 67692 138656 160484 209506
desembarquepred
 350761 77699 442086 56444.5 14545.4 235459 270024 359656 431904 328806 639298 411764 362972 311628 167581 66681.4 60259.8 58777.8 57094.2 73175 50978.3 67678.4 138658 160491 209510
Reclutas
 35746.4 43212.5 21546.6 31146.9 54846.6 37964 72993.3 74164.2 104349 115573 66478.1 45638.4 44724.2 25722.1 15266.2 12400 8690.6 11030.6 12665.3 18549.8 25749.6 34408.5 52203.5 65699.5 26605
log_desv_Rt
 0.0554055 0.245087 -0.450824 -0.0823299 0.483496 0.115593 0.769323 0.785237 1.12669 1.22886 0.675828 0.299705 0.279471 -0.273695 -0.795401 -1.00335 -1.3588 -1.12037 -0.982176 -0.600584 -0.272625 0.0172604 0.434106 0.664047 -0.239947
SSB
 438396 239366 262252 246215 281300 469700 649954 818607 733567 837440 881274 620516 386878 194786 86692.4 73113.8 75456.6 90740 115494 137063 206140 260636 337480 473039 659241
BT
 1.51685e+06 366901 628290 447312 569853 666242 1.62544e+06 1.51393e+06 1.68335e+06 1.63422e+06 1.52033e+06 1.05933e+06 772184 424291 230571 144191 150048 187446 197948 268926 422301 394591 574427 830749 943041
Ftot
 1.01359 0.933724 1.63989 0.360418 0.0634573 0.614737 0.401226 0.778455 0.847464 0.582855 1.06261 0.934273 1.5129 3.11458 3.41749 1.37087 1.10849 0.82989 0.656688 0.656871 0.302944 0.358781 0.415078 0.411616 0.361587
BD_Bspro_t
 0.907498 0.631898 0.548393 0.36108 0.518484 0.696142 0.634609 0.656849 0.596975 0.582356 0.5628 0.405264 0.301092 0.198391 0.111302 0.115202 0.159983 0.245671 0.346545 0.444641 0.573415 0.689277 0.707135 0.712768 0.722005
BD_Bspro
 0.630455 0.344231 0.377143 0.35408 0.404536 0.675473 0.934694 1.17723 1.05494 1.20432 1.26736 0.89236 0.556368 0.28012 0.124672 0.105145 0.108514 0.130493 0.166092 0.197109 0.296449 0.374819 0.485328 0.680275 0.94805
BD_Bo
 0.536565 0.292966 0.320977 0.301349 0.344291 0.574878 0.795496 1.00192 0.897832 1.02496 1.07861 0.759466 0.473511 0.238404 0.106105 0.0894859 0.0923533 0.111059 0.141357 0.167755 0.252301 0.318999 0.413051 0.578965 0.806862
BD_Brms
 0.975573 0.532666 0.583594 0.547907 0.625984 1.04523 1.44636 1.82166 1.63242 1.86357 1.96112 1.38085 0.860929 0.433461 0.192918 0.162702 0.167915 0.201926 0.257012 0.305008 0.458729 0.579998 0.751002 1.05266 1.46702
S_f
 0.0998433 0.678191 0.975634 0.998687 0.999931
 0.0998433 0.678191 0.975634 0.998687 0.999931
 0.0998433 0.678191 0.975634 0.998687 0.999931
 0.0998433 0.678191 0.975634 0.998687 0.999931
 0.0998433 0.678191 0.975634 0.998687 0.999931
 0.0998433 0.678191 0.975634 0.998687 0.999931
 0.0998433 0.678191 0.975634 0.998687 0.999931
 0.0998433 0.678191 0.975634 0.998687 0.999931
 0.0998433 0.678191 0.975634 0.998687 0.999931
 0.0998433 0.678191 0.975634 0.998687 0.999931
 0.0998433 0.678191 0.975634 0.998687 0.999931
 0.0998433 0.678191 0.975634 0.998687 0.999931
 0.0998433 0.678191 0.975634 0.998687 0.999931
 0.0998433 0.678191 0.975634 0.998687 0.999931
 0.0998433 0.678191 0.975634 0.998687 0.999931
 0.0998433 0.678191 0.975634 0.998687 0.999931
 0.0998433 0.678191 0.975634 0.998687 0.999931
 0.0998433 0.678191 0.975634 0.998687 0.999931
 0.0998433 0.678191 0.975634 0.998687 0.999931
 0.0998433 0.678191 0.975634 0.998687 0.999931
 0.0998433 0.678191 0.975634 0.998687 0.999931
 0.0998433 0.678191 0.975634 0.998687 0.999931
 0.0998433 0.678191 0.975634 0.998687 0.999931
 0.0998433 0.678191 0.975634 0.998687 0.999931
 0.0998433 0.678191 0.975634 0.998687 0.999931
Scru_reclas
 0.702463 1 1 1 1
 0.702463 1 1 1 1
 0.702463 1 1 1 1
 0.702463 1 1 1 1
 0.702463 1 1 1 1
 0.702463 1 1 1 1
 0.702463 1 1 1 1
 0.702463 1 1 1 1
 0.702463 1 1 1 1
 0.702463 1 1 1 1
 0.702463 1 1 1 1
 0.702463 1 1 1 1
 0.702463 1 1 1 1
 0.702463 1 1 1 1
 0.702463 1 1 1 1
 0.702463 1 1 1 1
 0.702463 1 1 1 1
 0.702463 1 1 1 1
 0.702463 1 1 1 1
 0.702463 1 1 1 1
 0.702463 1 1 1 1
 0.702463 1 1 1 1
 0.702463 1 1 1 1
 0.702463 1 1 1 1
 0.702463 1 1 1 1
Scru_pelaces
 0.776009 1 1 1 1
 0.776009 1 1 1 1
 0.776009 1 1 1 1
 0.776009 1 1 1 1
 0.776009 1 1 1 1
 0.776009 1 1 1 1
 0.776009 1 1 1 1
 0.776009 1 1 1 1
 0.776009 1 1 1 1
 0.776009 1 1 1 1
 0.776009 1 1 1 1
 0.776009 1 1 1 1
 0.776009 1 1 1 1
 0.776009 1 1 1 1
 0.776009 1 1 1 1
 0.776009 1 1 1 1
 0.776009 1 1 1 1
 0.776009 1 1 1 1
 0.776009 1 1 1 1
 0.776009 1 1 1 1
 0.776009 1 1 1 1
 0.776009 1 1 1 1
 0.776009 1 1 1 1
 0.776009 1 1 1 1
 0.776009 1 1 1 1
pf_obs 
 0.256992 0.487395 0.22802 0.0275931 0
 0.321318 0.546541 0.124235 0.00734118 0.000564706
 0.182869 0.594174 0.210203 0.0122559 0.00049798
 0.330522 0.361315 0.267642 0.0388342 0.00168674
 0.649043 0.306663 0.0425973 0.00169635 0
 0.582887 0.30429 0.105238 0.00758474 0
 0.465427 0.430635 0.0974691 0.00646863 0
 0.296916 0.608066 0.0921331 0.00288517 0
 0.311714 0.524322 0.152257 0.0117073 0
 0.15457 0.633149 0.183074 0.0267441 0.00246327
 0.131901 0.49318 0.331252 0.0422183 0.00144891
 0.196976 0.569456 0.194076 0.0375587 0.00193317
 0.518974 0.381816 0.0799577 0.0180837 0.00116848
 0.0928022 0.601141 0.25162 0.0475244 0.00691264
 0.122501 0.610282 0.24278 0.0234846 0.000952079
 0.383417 0.481906 0.127806 0.00687128 0
 0.0376549 0.599619 0.316969 0.0457579 0
 0.0361596 0.667082 0.258105 0.0386534 0
 0.158088 0.579412 0.248529 0.0139706 0
 0.0477256 0.309471 0.559284 0.082774 0.000745712
 0.0406174 0.521527 0.379366 0.0568643 0.0016247
 0.151134 0.462217 0.34131 0.0453401 0
 0.294876 0.26143 0.354403 0.0886775 0.000613685
 0.281977 0.475581 0.204845 0.0348837 0.00271318
 0.0841818 0.532909 0.334909 0.0458182 0.00218182
pf_pred 
 0.299429 0.47828 0.198524 0.0237533 1.29575e-05
 0.280133 0.565166 0.121735 0.0295578 0.00340866
 0.152682 0.64874 0.171069 0.021814 0.00569553
 0.261574 0.473673 0.228973 0.0310268 0.00475336
 0.273152 0.496652 0.167773 0.0541837 0.0082396
 0.14089 0.586997 0.205762 0.048664 0.0176876
 0.262236 0.391621 0.267843 0.0596562 0.0186434
 0.212841 0.562433 0.142334 0.0641595 0.0182327
 0.271227 0.490699 0.191667 0.0297567 0.0166492
 0.234365 0.568523 0.152535 0.0361313 0.00844495
 0.137474 0.59147 0.222361 0.0379448 0.0107502
 0.141229 0.499209 0.284556 0.0619529 0.0130527
 0.213223 0.472869 0.220529 0.0744587 0.0189204
 0.224443 0.601168 0.130014 0.0316061 0.0127699
 0.291635 0.616004 0.0839056 0.00642781 0.0020278
 0.295124 0.634503 0.0670808 0.00301261 0.000278975
 0.196494 0.634973 0.158993 0.00911161 0.000427994
 0.256207 0.49915 0.212356 0.0305258 0.00176149
 0.240055 0.553087 0.15952 0.0412747 0.00606313
 0.273293 0.502224 0.18198 0.0330142 0.00948967
 0.254977 0.537894 0.16178 0.0369823 0.00836669
 0.230987 0.517317 0.200122 0.0405157 0.0110586
 0.252542 0.48869 0.195697 0.0504275 0.0126435
 0.228123 0.529617 0.179881 0.0474971 0.014881
 0.0819532 0.598717 0.245682 0.0550799 0.0185679
pobs_RECLAS
 0 0 0 0 0
 0 0 0 0 0
 0 0 0 0 0
 0 0 0 0 0
 0.835266 0.146461 0.0176864 0.000547809 3.91292e-05
 0.385257 0.428462 0.181853 0.0044286 0
 0.867414 0.0963971 0.0333333 0.00285562 0
 0.441836 0.489002 0.0689373 0.000224442 0
 0.779404 0.147425 0.0564933 0.0165055 0.000172143
 0.814271 0.122319 0.05973 0.00367925 0
 0.40263 0.566651 0.0304383 0.000280538 0
 0.475488 0.404961 0.113038 0.00651328 0
 0.955842 0.0263864 0.0167828 0.000988607 0
 0.975058 0.0227948 0.00214734 0 0
 0.738997 0.206755 0.0527124 0.00153531 0
 0.850938 0.134255 0.0134407 0.00136685 0
 0.542534 0.407297 0.0501686 0 0
 0.764087 0.199537 0.0359546 0.000420521 0
 0.470689 0.182191 0.310203 0.0369168 0
 0.84361 0.089868 0.0606195 0.00523954 0.000663233
 0.607945 0.314616 0.071237 0.00620181 0
 0.523733 0.453247 0.0230204 0 0
 0.530135 0.295979 0.169645 0.0042399 0
 0.562478 0.366248 0.0663022 0.0049721 0
 0.250443 0.683176 0.0655157 0.000865301 0
ppred_RECLAS
 0.706066 0.224306 0.0623573 0.00726578 3.9579e-06
 0.676906 0.273091 0.0395664 0.00935904 0.00107779
 0.509852 0.409835 0.0694752 0.00859669 0.00224094
 0.658898 0.24648 0.0821 0.0108603 0.00166168
 0.665864 0.253176 0.0593811 0.0187332 0.00284517
 0.472408 0.401339 0.0960502 0.0221589 0.00804327
 0.669273 0.206072 0.0969881 0.0210859 0.00658113
 0.596338 0.318266 0.054596 0.0239911 0.00680845
 0.674547 0.245417 0.0647627 0.00979881 0.005475
 0.62023 0.307333 0.0563701 0.0130261 0.00304057
 0.473368 0.403667 0.101361 0.0168401 0.00476419
 0.488427 0.345231 0.132362 0.0280739 0.00590658
 0.62288 0.264272 0.0799718 0.0262225 0.00665288
 0.66738 0.286569 0.0347003 0.0080893 0.00326098
 0.740127 0.24044 0.0177258 0.00129848 0.00040865
 0.691353 0.287761 0.0199352 0.000870212 8.04613e-05
 0.571072 0.364567 0.0608098 0.00339212 0.000159106
 0.657127 0.257741 0.0741449 0.0103879 0.000598611
 0.629924 0.295245 0.0580367 0.0146457 0.00214855
 0.672415 0.251371 0.0620777 0.0109838 0.003153
 0.64414 0.281444 0.0584294 0.0130409 0.00294656
 0.618414 0.286128 0.0762739 0.0150749 0.00410936
 0.648061 0.258385 0.0711711 0.0179006 0.00448237
 0.614237 0.293868 0.0686614 0.0176962 0.0055371
 0.326735 0.493069 0.139412 0.0305115 0.0102725
pobs_PELACES
 0 0 0 0 0
 0 0 0 0 0
 0 0 0 0 0
 0 0 0 0 0
 0 0 0 0 0
 0 0 0 0 0
 0 0 0 0 0
 0 0 0 0 0
 0 0 0 0 0
 0 0 0 0 0
 0.450072 0.473896 0.0757376 0.000293798 0
 0 0 0 0 0
 0.463077 0.371075 0.160297 0.00555027 0
 0.529543 0.364841 0.0842815 0.0213345 0
 0.631943 0.363953 0.00410389 0 0
 0.735681 0.248677 0.0153453 0.000297389 0
 0.695825 0.281241 0.0229344 0 0
 0.275771 0.60734 0.115278 0.00161068 0
 0 0 0 0 0
 0.896147 0.0623911 0.0374545 0.00400742 0
 0.803859 0.145111 0.0509908 3.86294e-05 0
 0.739449 0.233085 0.0266225 0.000797448 4.60066e-05
 0.878498 0.100942 0.0204185 0.000141795 0
 0.694673 0.275183 0.0284847 0.00165964 0
 0.469039 0.446079 0.0841089 0.000773354 0
ppred_PELACES
 0.767141 0.181809 0.0457565 0.00529052 2.88072e-06
 0.737153 0.225268 0.0297793 0.00699416 0.000805145
 0.617008 0.328312 0.0473807 0.00579009 0.00150832
 0.697734 0.220565 0.0709143 0.00935495 0.00143114
 0.690564 0.234822 0.0547342 0.0172589 0.00262118
 0.53016 0.362581 0.0816931 0.0187587 0.00680737
 0.710119 0.183335 0.082955 0.01798 0.00561084
 0.658021 0.274013 0.0435468 0.0190227 0.00539676
 0.733069 0.205376 0.0498706 0.00749709 0.00418748
 0.670883 0.269246 0.0466382 0.0107296 0.00250391
 0.554644 0.349558 0.0790804 0.0130326 0.00368542
 0.564865 0.302394 0.105779 0.0222767 0.00468511
 0.717721 0.206519 0.0538706 0.0174619 0.00442749
 0.80661 0.173029 0.015433 0.00351349 0.00141456
 0.860579 0.13182 0.0069486 0.000495947 0.000155863
 0.764272 0.221671 0.0134233 0.000579875 5.35861e-05
 0.648627 0.303361 0.0453839 0.00251037 0.000117695
 0.716727 0.217199 0.0575941 0.00801828 0.000461904
 0.683458 0.255819 0.0471475 0.0118385 0.00173626
 0.722903 0.215808 0.0499675 0.00879698 0.00252458
 0.680705 0.254107 0.0512086 0.011403 0.00257615
 0.659193 0.257817 0.0663487 0.0130775 0.00356436
 0.690014 0.230071 0.060842 0.0152544 0.00381911
 0.657675 0.26331 0.0590855 0.0151805 0.00474916
 0.367057 0.467983 0.127705 0.0278726 0.00938267
pobs_pel_tallas
 0 0 0 0 0 0 0 0 0 0 0 0 0 0 0 0 0 0 0 0 0 0 0 0 0 0 0 0 0 0 0 0 0 0 0 0
 0 0 0 0 0 0 0 0 0 0 0 0 0 0 0 0 0 0 0 0 0 0 0 0 0 0 0 0 0 0 0 0 0 0 0 0
 0 0 0 0 0 0 0 0 0 0 0 0 0 0 0 0 0 0 0 0 0 0 0 0 0 0 0 0 0 0 0 0 0 0 0 0
 0 0 0 0 0 0 0 0 0 0 0 0 0 0 0 0 0 0 0 0 0 0 0 0 0 0 0 0 0 0 0 0 0 0 0 0
 0 0 0 0 0 0 0 0 0 0 0 0 0 0 0 0 0 0 0 0 0 0 0 0 0 0 0 0 0 0 0 0 0 0 0 0
 0 0 0 0 0 0 0 0 0 0 0 0 0 0 0 0 0 0 0 0 0 0 0 0 0 0 0 0 0 0 0 0 0 0 0 0
 0 0 0 0 0 0 0 0 0 0 0 0 0 0 0 0 0 0 0 0 0 0 0 0 0 0 0 0 0 0 0 0 0 0 0 0
 0 0 0 0 0 0 0 0 0 0 0 0 0 0 0 0 0 0 0 0 0 0 0 0 0 0 0 0 0 0 0 0 0 0 0 0
 0 0 0 0 0 0 0 0 0 0 0 0 0 0 0 0 0 0 0 0 0 0 0 0 0 0 0 0 0 0 0 0 0 0 0 0
 0 0 0 0 0 0 0 0 0 0 0 0 0 0 0 0 0 0 0 0 0 0 0 0 0 0 0 0 0 0 0 0 0 0 0 0
 0 0 0 0 0 0 0 0 1.78061e-05 0.00172719 0.00360574 0.0105946 0.0120993 0.0124554 0.0147524 0.0171206 0.0266825 0.0428682 0.0675386 0.121331 0.153587 0.119568 0.100827 0.0573624 0.0630603 0.0341343 0.0324427 0.0444173 0.0211091 0.0280891 0.0125444 0.00206551 0 0 0 0
 0 0 0 0 0 0 0 0 0 0 0 0 0 0 0 0 0 0 0 0 0 0 0 0 0 0 0 0 0 0 0 0 0 0 0 0
 0 0 0 0 0 0 0.0133647 0.0140871 0.0187388 0.0205184 0.03894 0.0496705 0.03968 0.0493445 0.0407372 0.0367815 0.0215668 0.0243155 0.0234873 0.0199281 0.019796 0.0243948 0.0301388 0.0376714 0.0412746 0.0863199 0.0771752 0.113111 0.0741005 0.0525337 0.0229764 0.00759418 0.00175318 0 0 0
 0 0 0 0 0 0 0 0 0 0 0.00219441 0.00772107 0.0458388 0.0604681 0.0671733 0.0775358 0.0609151 0.0617685 0.073594 0.0568108 0.0755445 0.0548602 0.0670107 0.0636378 0.0643287 0.046367 0.0373049 0.0286899 0.0247887 0.0153202 0.00654259 0.00121912 0.000365735 0 0 0
 0 0 0 0 0 0 0 0 0 0 0 0 0.000112435 0.00938835 0.0111873 0.0202946 0.0414886 0.0713402 0.111592 0.104902 0.108894 0.110636 0.117776 0.105296 0.107544 0.0401394 0.0192827 0.0124803 0.00416011 0.0028671 0.000618394 0 0 0 0 0
 0 0 0 0 0 0 0 0 0 0 0.00291406 0.0102884 0.027416 0.0768956 0.0749926 0.110853 0.0956884 0.0897413 0.0766577 0.0534642 0.0500743 0.0551293 0.0594112 0.0620874 0.0668451 0.0424026 0.0208742 0.0120726 0.0048766 0.00582813 0.00118941 0.000297354 0 0 0 0
 0 0.00264628 0.0354308 0.0461629 0.0458689 0.0383711 0.0214643 0.0164657 0.0346957 0.0420465 0.0363128 0.0245516 0.0311673 0.0291091 0.0169068 0.0133784 0.00837989 0.0085269 0.0148486 0.0160247 0.0276389 0.0546898 0.0760071 0.122758 0.109233 0.0665981 0.0333725 0.0166128 0.00676272 0.00308733 0.000882094 0 0 0 0 0
 0 0 0 0 0 0 0 0.000805153 0.000690131 0.00759144 0.0133425 0.0154129 0.00931677 0.000345066 0.00356568 0.00563607 0.00851162 0.0253048 0.0502646 0.0516448 0.0657925 0.0565908 0.0611916 0.0827007 0.0866115 0.110766 0.145733 0.0935128 0.0569358 0.0249597 0.0138026 0.00621118 0.00161031 0.00115022 0 0
 0 0 0 0 0 0 0 0 0 0 0 0 0 0 0 0 0 0 0 0 0 0 0 0 0 0 0 0 0 0 0 0 0 0 0 0
 0.00147267 0.00158595 0.00478618 0.00569244 0.00954404 0.0108468 0.00647125 0.017049 0.0510054 0.094081 0.124002 0.0959785 0.0687766 0.0820023 0.061753 0.0591476 0.0492212 0.0479892 0.0443925 0.0268479 0.0217502 0.0140895 0.0121071 0.0120363 0.00920419 0.00665534 0.0049561 0.00860946 0.00930331 0.0156896 0.0114698 0.00855282 0.00243557 0.00046729 0 2.83206e-05
 0 0 0 0 0.000772559 0.00158375 0.000888443 0.00281984 0.00712685 0.0440552 0.0773331 0.111326 0.0921469 0.0852325 0.0710754 0.0886704 0.0786465 0.0553345 0.0373146 0.0185414 0.00753245 0.00457741 0.012979 0.0271748 0.0457355 0.0583668 0.034881 0.0177882 0.00938659 0.00492506 0.0015258 0.00185414 0.000309023 5.79419e-05 3.86279e-05 0
 0 0.00173294 0.00326652 0 0.00397197 0.00683976 0.00946217 0.0152591 0.00757587 0.0136028 0.0228656 0.0392903 0.0559909 0.0764795 0.0681675 0.0726916 0.0566044 0.0477403 0.0527397 0.0444891 0.0609904 0.0582453 0.0661739 0.0445044 0.0529084 0.0360697 0.0280645 0.0235558 0.0158879 0.00826598 0.00280645 0.00217768 0.000904811 0.00058276 9.20147e-05 0
 0 0 0 0 0 0 0 0 0 0 0 0 0 0 0 0 0 0 0 0 0 0 0 0 0 0 0 0 0 0 0 0 0 0 0 0
 0 0 0 0 0 0 0 0 0 0 0 0 0 0 0 0 0 0 0 0 0 0 0 0 0 0 0 0 0 0 0 0 0 0 0 0
 0 0 0 0 0 0 0 0 0 0 0 0 0 0 0 0 0 0 0 0 0 0 0 0 0 0 0 0 0 0 0 0 0 0 0 0
ppred_pel_tallas
 1.00891e-16 3.34711e-05 0.000196449 0.000933831 0.0035953 0.0112116 0.0283197 0.0579458 0.0960518 0.128995 0.140373 0.123821 0.0886396 0.0517392 0.0251256 0.0110938 0.00599168 0.0055163 0.00702494 0.00934399 0.0119722 0.014586 0.0168806 0.0185737 0.0194568 0.0194413 0.018576 0.0170281 0.0150366 0.0128545 0.0106981 0.00871749 0.00699075 0.00553704 0.00433819 0.00335968
 1.00775e-16 3.21652e-05 0.000188778 0.000897355 0.00345485 0.0107736 0.0272133 0.0556825 0.0923015 0.123963 0.134909 0.119029 0.0852688 0.0498926 0.0244541 0.0111794 0.00657829 0.0065278 0.00848492 0.0112963 0.0144296 0.0175023 0.0201403 0.0219987 0.0228297 0.0225396 0.02121 0.0190712 0.016442 0.0136534 0.0109832 0.0086173 0.00664298 0.00506629 0.0038422 0.00290422
 1.0105e-16 2.69305e-05 0.000158037 0.000751185 0.00289202 0.00901842 0.02278 0.0466124 0.0772708 0.103789 0.112987 0.0997679 0.0716458 0.0422742 0.0213774 0.0108818 0.00792744 0.00910669 0.0122939 0.0164665 0.0210517 0.0255395 0.0293927 0.032109 0.0333259 0.0329054 0.0309646 0.0278382 0.0239901 0.0199035 0.0159848 0.0125075 0.0096018 0.00727948 0.00547738 0.00410013
 1.01467e-16 3.04462e-05 0.000178687 0.000849379 0.00327013 0.0101976 0.0257583 0.0527054 0.087367 0.117337 0.127701 0.112676 0.0807341 0.0472718 0.0232315 0.0107281 0.00646736 0.00655742 0.00860124 0.0115148 0.0147978 0.0180854 0.0210136 0.0232387 0.0245022 0.0246865 0.0238372 0.022141 0.0198719 0.0173225 0.0147458 0.0123202 0.0101433 0.00824734 0.00662356 0.00524555
 1.0157e-16 3.01341e-05 0.000176853 0.000840659 0.00323655 0.0100928 0.0254938 0.0521643 0.0864705 0.116134 0.126395 0.111533 0.0799336 0.0468404 0.0230887 0.0107776 0.00665231 0.00686366 0.00903692 0.0120898 0.01551 0.018913 0.0219133 0.0241494 0.0253538 0.0254128 0.0243883 0.0224928 0.0200301 0.0173194 0.0146316 0.0121516 0.00997292 0.00811496 0.00655229 0.00524189
 1.02241e-16 2.3145e-05 0.000135809 0.000645504 0.00248511 0.00774948 0.0195748 0.0400546 0.0664023 0.0891987 0.0971243 0.0858095 0.0617284 0.0366369 0.0189243 0.0102856 0.00830493 0.0100864 0.0138145 0.018588 0.0238517 0.0290666 0.0336468 0.0370355 0.0388214 0.0388317 0.0371667 0.0341605 0.0302884 0.0260497 0.0218678 0.0180315 0.0146857 0.0118586 0.00950681 0.00755818
 1.02118e-16 3.09848e-05 0.000181852 0.000864434 0.0033281 0.0103784 0.026215 0.0536395 0.0889141 0.119411 0.129949 0.114638 0.0820921 0.0479708 0.0233968 0.0105062 0.005932 0.00570512 0.00739095 0.00990972 0.0127963 0.0157408 0.0184418 0.0206112 0.0220253 0.0225696 0.022258 0.0212167 0.0196426 0.0177512 0.0157313 0.0137203 0.0118001 0.0100097 0.00836347 0.00686658
 1.01614e-16 2.87166e-05 0.000168528 0.000801072 0.00308411 0.00961748 0.0242931 0.0497079 0.0824001 0.110672 0.120462 0.106325 0.076262 0.044811 0.0223153 0.0107961 0.00717242 0.00778924 0.0103819 0.0138954 0.017793 0.0216388 0.0249854 0.0274146 0.0286225 0.0284886 0.0271012 0.0247262 0.0217348 0.0185128 0.0153832 0.0125618 0.0101498 0.00815609 0.00653345 0.00521347
 1.01229e-16 3.19863e-05 0.00018773 0.000892375 0.00343568 0.0107138 0.0270623 0.0553734 0.0917887 0.123273 0.134154 0.118354 0.0847659 0.0495594 0.0242189 0.0109525 0.00628461 0.00611418 0.00791767 0.0105621 0.0135412 0.0165044 0.019111 0.0210436 0.0220679 0.0220843 0.0211477 0.0194461 0.0172474 0.0148343 0.0124475 0.0102521 0.00833265 0.00670766 0.00535492 0.00423536
 1.01236e-16 2.92773e-05 0.00017182 0.000816723 0.00314438 0.0098054 0.0247678 0.0506791 0.0840097 0.112833 0.122812 0.108393 0.0777322 0.0456488 0.0226839 0.0108936 0.00713168 0.00766805 0.0101926 0.0136327 0.0174488 0.0212082 0.0244687 0.0268177 0.0279549 0.0277612 0.0263238 0.0239064 0.0208778 0.017623 0.0144663 0.0116271 0.0092111 0.00723181 0.0056449 0.00438221
 1.01857e-16 2.42121e-05 0.000142075 0.000675296 0.00259982 0.0081072 0.0204784 0.0419033 0.0694661 0.0933114 0.101595 0.089742 0.0645191 0.0382165 0.019599 0.0104259 0.00815541 0.0097474 0.0133 0.0178803 0.0229322 0.0279298 0.0323058 0.0355223 0.0371825 0.0371207 0.0354358 0.0324538 0.028638 0.0244758 0.0203814 0.0166389 0.013392 0.01067 0.00843071 0.0066018
 1.02585e-16 2.46559e-05 0.000144685 0.000687713 0.00264764 0.00825635 0.0208551 0.0426737 0.0707417 0.0950205 0.103444 0.0913473 0.0656123 0.0387422 0.0196453 0.0100934 0.00748003 0.00869991 0.0118243 0.0159351 0.0205247 0.0251378 0.0292857 0.0324982 0.034418 0.0348768 0.0339261 0.0318077 0.0288813 0.0255328 0.0220958 0.0188061 0.015795 0.0131096 0.0107464 0.00868206
 1.01639e-16 3.13171e-05 0.000183801 0.000873696 0.00336376 0.0104896 0.0264958 0.0542144 0.0898676 0.120693 0.131348 0.115882 0.0830042 0.0485463 0.0237556 0.0107975 0.00627301 0.00617073 0.00802264 0.0107202 0.013766 0.0168124 0.0195192 0.0215677 0.0227208 0.0228744 0.0220768 0.020508 0.018427 0.0161073 0.0137813 0.0116084 0.0096703 0.00798661 0.00653998 0.0052992
 1.00463e-16 3.51917e-05 0.000206551 0.000981861 0.00378023 0.0117883 0.0297764 0.0609263 0.100992 0.135627 0.147585 0.13017 0.0931571 0.0543205 0.0262743 0.0114205 0.00590649 0.00519683 0.00650555 0.00859873 0.010959 0.0132659 0.0152271 0.0165781 0.0171313 0.0168197 0.0157123 0.0139934 0.0119151 0.0097376 0.00767819 0.00588059 0.0044096 0.00326506 0.00240568 0.00177303
 1.00167e-16 3.75433e-05 0.000220361 0.00104752 0.00403307 0.0125768 0.0317679 0.0650007 0.107744 0.14469 0.157434 0.138827 0.0992857 0.0577596 0.0276861 0.0116039 0.00537862 0.00415441 0.00495691 0.00649017 0.00824916 0.00996256 0.0114021 0.0123661 0.0127133 0.0123959 0.0114714 0.0100862 0.00843848 0.00673237 0.0051377 0.00376632 0.0026675 0.00183871 0.00124415 0.000833789
 1.00286e-16 3.33475e-05 0.00019572 0.000930358 0.00358192 0.0111699 0.0282143 0.0577305 0.0956958 0.12852 0.139865 0.123394 0.0883777 0.0516754 0.0252597 0.0114313 0.00656331 0.00637374 0.00822108 0.0109092 0.013892 0.0167849 0.0192173 0.0208512 0.0214489 0.0209291 0.0193871 0.0170677 0.0143033 0.011436 0.00875123 0.00643727 0.00457783 0.00316985 0.00215462 0.00144933
 1.00835e-16 2.83082e-05 0.000166127 0.000789654 0.00304014 0.00948034 0.0239468 0.0489995 0.0812266 0.109099 0.118758 0.104839 0.0752352 0.044287 0.0222011 0.0109835 0.00760942 0.00848346 0.01137 0.0152108 0.0194412 0.0235811 0.0271321 0.0296288 0.0307357 0.0303248 0.0285045 0.0255848 0.0219958 0.018186 0.0145335 0.0112939 0.00859005 0.00643475 0.00477059 0.00350928
 1.01186e-16 3.12742e-05 0.000183548 0.000872492 0.00335912 0.0104751 0.0264593 0.0541397 0.0897441 0.120529 0.131171 0.115732 0.0829097 0.0485171 0.02379 0.0108949 0.00644164 0.00642664 0.00838393 0.0112001 0.0143659 0.0175168 0.0202928 0.0223571 0.0234598 0.0234927 0.022511 0.0207107 0.0183735 0.0157977 0.0132389 0.0108748 0.00879871 0.0070349 0.00556441 0.00434954
 1.01241e-16 2.98251e-05 0.000175037 0.000832022 0.00320329 0.00998911 0.0252318 0.0516284 0.0855828 0.114944 0.125105 0.110407 0.0791537 0.0464379 0.0229913 0.0109006 0.00695262 0.00734231 0.00971651 0.0129907 0.0166326 0.020227 0.0233533 0.0256188 0.0267369 0.0265926 0.0252661 0.0230047 0.0201555 0.0170814 0.0140889 0.0113855 0.00907246 0.00716436 0.00562185 0.00438337
 1.012e-16 3.15434e-05 0.000185129 0.000880007 0.00338806 0.0105653 0.0266872 0.054606 0.0905169 0.121566 0.1323 0.116725 0.0836161 0.0489202 0.0239683 0.0109434 0.00642408 0.00636984 0.00829217 0.011068 0.0141856 0.0172811 0.019997 0.0220001 0.023045 0.0230284 0.0220101 0.02019 0.0178523 0.0152963 0.0127766 0.0104677 0.00845843 0.00676727 0.00536923 0.00422115
 1.01322e-16 2.9705e-05 0.000174332 0.00082867 0.00319038 0.00994887 0.0251302 0.0514204 0.085238 0.114481 0.124601 0.109962 0.0788346 0.0462505 0.0228982 0.0108562 0.00692467 0.00731453 0.00968311 0.0129517 0.0165918 0.0201916 0.0233335 0.0256268 0.0267855 0.0266924 0.0254237 0.0232211 0.0204253 0.0173935 0.0144278 0.0117339 0.00941336 0.00748322 0.00590787 0.0046301
 1.01642e-16 2.87671e-05 0.000168826 0.00080249 0.00308958 0.00963453 0.0243362 0.0497959 0.0825455 0.110866 0.12067 0.106501 0.0763702 0.0448396 0.022265 0.0106663 0.00695229 0.00746044 0.00992615 0.0133042 0.0170761 0.0208301 0.024144 0.0266196 0.0279613 0.0280412 0.0269243 0.0248417 0.0221252 0.0191251 0.0161406 0.0133777 0.0109433 0.00886326 0.00711361 0.00565011
 1.01642e-16 3.01099e-05 0.000176712 0.000839987 0.00323396 0.0100848 0.0254735 0.0521227 0.0864013 0.116041 0.126293 0.111441 0.0798625 0.0467893 0.0230461 0.0107289 0.00658458 0.0067666 0.00890352 0.0119173 0.0153014 0.018679 0.0216722 0.0239255 0.0251746 0.0253035 0.0243676 0.0225693 0.0202001 0.0175686 0.0149373 0.0124874 0.0103128 0.00843692 0.00684034 0.00548687
 1.01669e-16 2.87011e-05 0.000168438 0.000800646 0.00308248 0.00961238 0.0242802 0.0496815 0.082356 0.110612 0.120395 0.106261 0.0762048 0.0447557 0.0222478 0.0106982 0.00702487 0.00757426 0.0100858 0.0135129 0.0173315 0.021122 0.024454 0.0269223 0.0282285 0.0282467 0.0270495 0.0248791 0.0220796 0.0190127 0.015985 0.0132053 0.0107783 0.00872404 0.00701121 0.00558788
 1.03362e-16 1.60373e-05 9.40705e-05 0.000447053 0.00172098 0.00536655 0.0135559 0.0277403 0.0459945 0.061805 0.0673502 0.0596316 0.0431749 0.0261837 0.0145527 0.0095578 0.00962895 0.0128371 0.017941 0.0242401 0.0311643 0.0380559 0.0441659 0.0487737 0.0513403 0.0516281 0.0497474 0.0461075 0.0412995 0.0359492 0.0305907 0.0255931 0.0211489 0.0173081 0.0140339 0.0112549
pSPR Fmed_Fpbrs
0.518781   0.6 0.325
Fs Fmed_Fpbrs
0.64   0.452173 1.55654
SSBpbr Bo_Bmed_Bpbrs
817043  383014  449373 224687
Ro
33819.7
SPR SPRFo_SPRFmed_SPRFpbrs
695365 360742 225994
log_Ro
10.2488
likeval ReclasPelacesDesembMPH_pf_preclas_ppelaces_ptallas_desvR_qrecl_qpela
 63.7947 13.3961 0.0104593 15.8151 315.969 183.16 51.1041 0 16.7164 5.18932e-06 8.07197e-05 2.29431e-14 0 0 0
q_reclas_q_pelaces
0.724116 3.59021
M
0.7
N
 35746.4 10694.1 3456.66 407.498 0.222117
 43212.5 16042.6 2670.56 638.531 73.5765
 21546.6 19548.6 4229.17 533.293 139.158
 31146.9 9083.76 3192.32 424.041 64.8951
 54846.6 14920.4 3532.68 1115.29 169.394
 37964 27064 7097.15 1648.96 598.772
 72993.3 17730 8857.78 1934.67 603.982
 74164.2 34824 6707 2973.82 844.352
 104349 34074.8 10199.8 1558.41 871.207
 115573 47613.9 9524 2215.66 517.37
 66478.1 54147.2 15924.2 2678.24 758.195
 45638.4 29689 13079.6 2804.2 590.331
 44724.2 20644.9 7823.73 2610.51 662.932
 25722.1 19095.7 3674.57 887.922 358.635
 15266.2 9359.39 1147.04 87.4006 27.5648
 12400 5389.38 457.796 20.302 1.87875
 8690.6 5369.96 1056.24 59.6774 2.80108
 11030.6 3863.47 1257.41 177.859 10.2546
 12665.3 5042.04 1092.8 277.867 40.78
 18549.8 5890.27 1603.92 285.948 82.1177
 25749.6 8626.82 1873.52 419.616 94.8286
 34408.5 12405.9 3488.33 692.294 188.759
 52203.5 16485.5 4830.02 1220.65 305.733
 65699.5 24871.1 6177.91 1599.81 500.706
 26605 31311.8 9342.3 2053.19 691.416
pred_Ctot
 2488.79 3975.36 1650.09 197.432 0.1077
 2781.17 5610.98 1208.58 293.451 33.8412
 2362.5 10038.2 2647.01 337.536 88.1291
 793.379 1436.7 694.498 94.1073 14.4174
 249.208 453.118 153.066 49.4342 7.51735
 1631.13 6795.85 2382.17 563.398 204.775
 2066.11 3085.51 2110.29 470.021 146.888
 4006.42 10587 2679.22 1207.71 343.203
 6118.35 11069.2 4323.64 671.252 375.572
 4714.64 11436.8 3068.5 726.841 169.884
 4842.01 20832.3 7831.85 1336.47 378.636
 2938.95 10388.4 5921.57 1289.23 271.625
 4548.78 10087.9 4704.66 1588.46 403.639
 5033.09 13481.1 2915.54 708.762 286.362
 3236.72 6836.75 931.23 71.3393 22.5056
 1149.77 2471.95 261.34 11.7368 1.08685
 659.008 2129.6 533.237 30.5589 1.43542
 633.833 1234.85 525.352 75.5181 4.35778
 580.24 1336.87 385.578 99.7655 14.6553
 850.059 1562.13 566.037 102.688 29.517
 552.697 1165.96 350.681 80.1643 18.136
 872.542 1954.14 755.949 153.046 41.7734
 1527.74 2956.3 1183.86 305.058 76.4861
 1906.95 4427.23 1503.68 397.043 124.394
 679.849 4966.71 2038.07 456.92 154.032
F
 0.1012 0.687405 0.988889 1.01226 1.01352
 0.093226 0.633243 0.910973 0.932498 0.933659
 0.163732 1.11216 1.59993 1.63774 1.63977
 0.0359853 0.244432 0.351636 0.359945 0.360393
 0.00633578 0.0430362 0.0619111 0.063374 0.0634529
 0.0613773 0.416909 0.599758 0.61393 0.614694
 0.0400597 0.272108 0.39145 0.400699 0.401198
 0.0777234 0.527941 0.759487 0.777433 0.778401
 0.0846136 0.574743 0.826815 0.846352 0.847405
 0.0581942 0.395287 0.568654 0.58209 0.582815
 0.106095 0.720653 1.03672 1.06122 1.06254
 0.0932808 0.633616 0.911509 0.933046 0.934208
 0.151052 1.02603 1.47603 1.51091 1.51279
 0.31097 2.11228 3.03869 3.11049 3.11436
 0.341213 2.31771 3.33422 3.413 3.41725
 0.136872 0.929714 1.33747 1.36907 1.37078
 0.110675 0.751766 1.08148 1.10703 1.10841
 0.0828589 0.562824 0.809669 0.8288 0.829832
 0.0655658 0.44536 0.640687 0.655826 0.656642
 0.0655842 0.445484 0.640866 0.656009 0.656826
 0.0302469 0.205454 0.295562 0.302546 0.302923
 0.0358219 0.243322 0.350039 0.35831 0.358756
 0.0414427 0.281502 0.404964 0.414533 0.415049
 0.0410971 0.279155 0.401587 0.411076 0.411588
 0.036102 0.245225 0.352776 0.361112 0.361562
Np
 22579.4 10717.7 4656.84 3886.91 1356.3
YTP_r0W_actual
 9484.16 133162 81110.1 22629.7 7943.89
YTP_p0W_proyectada
 5893.11 53208.3 100517 35058.4 11424.1
 5893.11 44750.9 38470.5 41798.2 16202
CTP_r0_actual
 846.8 6052.8 2457.88 550.602 185.605
CTP_p0_proyectada
 718.672 2463.35 3201.17 874.275 256.721
 718.672 2071.8 1225.17 1042.35 364.089
Wmedp
 8.2 21.6 31.4 40.1 44.5
nmprior
 10.8 10.6 4.6 0
nm_flota  nm_reclas  nm_pelaces    nm_pelaL
inf 20.0108 17.4656 41.1944
cv_recla  cv_pelaces  cv_mph
0.722466 0.415013 0.551485
 ------------------------------------------------
Talla a la edad & desviaci?n 
 7.2 14.2025 17.0495 18.207 18.6776
 1.08 2.13037 2.55742 2.73105 2.80164
