years
 1997 1998 1999 2000 2001 2002 2003 2004 2005 2006 2007 2008 2009 2010 2011 2012 2013 2014 2015 2016 2017 2018 2019 2020 2021 2022 2023
reclasobs
 0 0 0 370054 412103 1.49427e+06 250295 1.28982e+06 931140 785840 897777 1.04006e+06 184774 17550 25797 100020 73551 82996 120727 218422 84188 347160 605670 569463 516374 1.08416e+06 1.01767e+06
reclaspred
 482336 125221 342699 221912 316847 367358 786537 549837 692141 761110 651061 436517 266968 118883 81753.2 79062 87044 111792 117396 176022 291142 275388 460305 594544 720045 643901 554001
pelacesobs
 0 0 0 0 0 0 0 0 0 2.06254e+06 1.5e+06 0 1.87456e+06 323000 250000 174000 83755 137374 0 501740 490994 745055 786931 1.00524e+06 1.33801e+06 1.41789e+06 0
pelacespred
 842481 182444 304432 307636 388406 338105 931279 734219 880664 949762 691621 478642 301914 107184 78244.4 78960.3 91112.3 118830 124293 189392 355873 313632 433585 640429 735193 727973 601170
mphobs
 0 0 0 0 0 0 112323 0 153150 637223 0 255016 313432 73983 77613 109348 50772 17779 17303 59886 28197 0 207744 136588 643089 65757 70829
mphpred
 550628 313553 354942 368171 376905 574831 809654 972047 889887 1.06062e+06 1.15667e+06 812104 475713 251419 112805 100046 104065 133122 166627 183818 326677 441194 528464 762071 998989 969526 820777
desembarqueobs
 350755 77701 442110 56441 14545 235359 269955 359681 431902 328805 639364 411747 362871 311530 167758 66681 60226 58785 57116 73181 50977 67692 138656 160484 209506 203330 245020
desembarquepred
 350760 77699.9 442098 56443.5 14545.3 235455 270003 359663 431874 328769 639492 411934 363050 311799 167723 66693.3 60259.9 58789.5 57108.5 73172.4 50975.2 67682.1 138656 160484 209502 203327 245014
Reclutas
 41309.1 51027 26153.1 36649.6 61523.7 42197.5 79525 81362 123359 144177 64293.5 39561.7 47101.1 25087.2 17515.1 15508.9 11213.8 12908.8 15061.4 29435.7 41562 45573.5 72838.6 99564.3 38669.1 49939.4 67195.3
log_desv_Rt
 -0.0100495 0.201223 -0.467165 -0.129731 0.388291 0.0112279 0.64494 0.667776 1.08396 1.23991 0.432326 -0.0532696 0.121164 -0.508776 -0.868071 -0.989716 -1.31399 -1.17322 -1.019 -0.348923 -0.00394577 0.0881938 0.557114 0.869671 -0.0760915 0.179678 0.476471
SSB
 550628 313553 354942 368171 376905 574831 787407 960791 869343 1.03932e+06 1.15667e+06 812104 490950 263080 122875 109327 118282 144814 171776 199206 334839 441194 542770 748699 1.07072e+06 1.06871e+06 853475
BT
 1.79029e+06 459737 784706 611592 707550 793044 1.85455e+06 1.71696e+06 1.97119e+06 2.01279e+06 1.80532e+06 1.23194e+06 894391 485522 278585 196011 212779 260115 271507 397886 678447 624970 873022 1.2784e+06 1.47898e+06 1.48338e+06 1.29016e+06
Ftot
 0.576037 0.512403 0.837549 0.185017 0.0369787 0.38475 0.263651 0.496513 0.529655 0.343273 0.600424 0.5621 0.931039 1.63926 1.58706 0.605773 0.497453 0.378292 0.329276 0.335884 0.135979 0.161671 0.200509 0.197302 0.171274 0.190482 0.287611
BD_Bspro_t
 0.930612 0.693084 0.625896 0.45437 0.588092 0.73742 0.677658 0.692889 0.637307 0.632093 0.627789 0.467673 0.351638 0.253193 0.152752 0.165369 0.233236 0.347029 0.44589 0.543031 0.687741 0.790121 0.794778 0.796492 0.807528 0.758736 0.713632
BD_Bspro
 0.638909 0.363825 0.41185 0.427199 0.437333 0.666993 0.91365 1.11483 1.00872 1.20595 1.34211 0.942307 0.569663 0.305259 0.142575 0.126855 0.137246 0.168031 0.199317 0.231144 0.388523 0.511929 0.629791 0.868736 1.24239 1.24005 0.990311
BD_Bo
 0.402133 0.228994 0.259221 0.268882 0.27526 0.41981 0.575057 0.701683 0.634897 0.759032 0.844734 0.593094 0.358549 0.192132 0.0897378 0.0798431 0.0863834 0.10576 0.125451 0.145484 0.244539 0.322212 0.396394 0.546788 0.781968 0.780496 0.623308
BD_Brms
 1.36272 0.775997 0.878429 0.911166 0.932782 1.42262 1.94871 2.37781 2.15149 2.57215 2.86257 2.00983 1.21503 0.651082 0.304097 0.270566 0.29273 0.358392 0.42512 0.493004 0.828675 1.09189 1.34327 1.85292 2.64988 2.64489 2.11222
S_f
 0.161952 1 1 1 1
 0.161952 1 1 1 1
 0.161952 1 1 1 1
 0.161952 1 1 1 1
 0.161952 1 1 1 1
 0.161952 1 1 1 1
 0.161952 1 1 1 1
 0.161952 1 1 1 1
 0.161952 1 1 1 1
 0.161952 1 1 1 1
 0.161952 1 1 1 1
 0.161952 1 1 1 1
 0.161952 1 1 1 1
 0.161952 1 1 1 1
 0.161952 1 1 1 1
 0.161952 1 1 1 1
 0.161952 1 1 1 1
 0.161952 1 1 1 1
 0.161952 1 1 1 1
 0.161952 1 1 1 1
 0.161952 1 1 1 1
 0.161952 1 1 1 1
 0.161952 1 1 1 1
 0.161952 1 1 1 1
 0.161952 1 1 1 1
 0.161952 1 1 1 1
 0.161952 1 1 1 1
Scru_reclas
 0.791851 1 1 1 1
 0.791851 1 1 1 1
 0.791851 1 1 1 1
 0.791851 1 1 1 1
 0.791851 1 1 1 1
 0.791851 1 1 1 1
 0.791851 1 1 1 1
 0.791851 1 1 1 1
 0.791851 1 1 1 1
 0.791851 1 1 1 1
 0.791851 1 1 1 1
 0.791851 1 1 1 1
 0.791851 1 1 1 1
 0.791851 1 1 1 1
 0.791851 1 1 1 1
 0.791851 1 1 1 1
 0.791851 1 1 1 1
 0.791851 1 1 1 1
 0.791851 1 1 1 1
 0.791851 1 1 1 1
 0.791851 1 1 1 1
 0.791851 1 1 1 1
 0.791851 1 1 1 1
 0.791851 1 1 1 1
 0.791851 1 1 1 1
 0.791851 1 1 1 1
 0.791851 1 1 1 1
Scru_pelaces
 1 1 1 1 1
 1 1 1 1 1
 1 1 1 1 1
 1 1 1 1 1
 1 1 1 1 1
 1 1 1 1 1
 1 1 1 1 1
 1 1 1 1 1
 1 1 1 1 1
 1 1 1 1 1
 1 1 1 1 1
 1 1 1 1 1
 1 1 1 1 1
 1 1 1 1 1
 1 1 1 1 1
 1 1 1 1 1
 1 1 1 1 1
 1 1 1 1 1
 1 1 1 1 1
 1 1 1 1 1
 1 1 1 1 1
 1 1 1 1 1
 1 1 1 1 1
 1 1 1 1 1
 1 1 1 1 1
 1 1 1 1 1
 1 1 1 1 1
pf_obs 
 0.256992 0.487395 0.22802 0.0275931 0
 0.321318 0.546541 0.124235 0.00734118 0.000564706
 0.182869 0.594174 0.210203 0.0122559 0.00049798
 0.330522 0.361315 0.267642 0.0388342 0.00168674
 0.649043 0.306663 0.0425973 0.00169635 0
 0.582887 0.30429 0.105238 0.00758474 0
 0.465427 0.430635 0.0974691 0.00646863 0
 0.296916 0.608066 0.0921331 0.00288517 0
 0.311714 0.524322 0.152257 0.0117073 0
 0.15457 0.633149 0.183074 0.0267441 0.00246327
 0.131901 0.49318 0.331252 0.0422183 0.00144891
 0.196976 0.569456 0.194076 0.0375587 0.00193317
 0.518974 0.381816 0.0799577 0.0180837 0.00116848
 0.0928022 0.601141 0.25162 0.0475244 0.00691264
 0.122501 0.610282 0.24278 0.0234846 0.000952079
 0.383417 0.481906 0.127806 0.00687128 0
 0.0376549 0.599619 0.316969 0.0457579 0
 0.0361596 0.667082 0.258105 0.0386534 0
 0.158088 0.579412 0.248529 0.0139706 0
 0.0477256 0.309471 0.559284 0.082774 0.000745712
 0.0406174 0.521527 0.379366 0.0568643 0.0016247
 0.151134 0.462217 0.34131 0.0453401 0
 0.294876 0.26143 0.354403 0.0886775 0.000613685
 0.281977 0.475581 0.204845 0.0348837 0.00271318
 0.0841818 0.532909 0.334909 0.0458182 0.00218182
 0.115287 0.27431 0.454777 0.147771 0.00785563
 0 0 0 0 0
pf_pred 
 0.314185 0.482397 0.181756 0.0216509 1.0532e-05
 0.294713 0.556842 0.104416 0.0393414 0.00468865
 0.156246 0.648094 0.154479 0.0289669 0.0122148
 0.262177 0.468338 0.206994 0.0493386 0.0131529
 0.287476 0.502684 0.133197 0.0588698 0.0177728
 0.15613 0.605139 0.168424 0.0446276 0.025679
 0.294036 0.40878 0.213111 0.0593135 0.0247598
 0.235892 0.569038 0.112953 0.0588863 0.0232309
 0.313563 0.486165 0.149144 0.0296048 0.0215228
 0.269308 0.57365 0.111224 0.0341208 0.0116969
 0.121249 0.640241 0.18725 0.0363054 0.0149557
 0.125539 0.466598 0.29716 0.0869098 0.0237923
 0.238266 0.410244 0.187549 0.119444 0.0444968
 0.202088 0.602633 0.105171 0.0480805 0.0420281
 0.277163 0.569719 0.115645 0.0201822 0.0172918
 0.280302 0.608358 0.0877545 0.0178129 0.00577216
 0.191376 0.617825 0.161282 0.0232646 0.00625264
 0.232464 0.499344 0.204911 0.0534916 0.00978983
 0.23945 0.526136 0.152505 0.0625821 0.0193268
 0.345006 0.455131 0.138262 0.0400764 0.0215246
 0.288265 0.564142 0.102557 0.0311552 0.0138808
 0.219969 0.567311 0.168608 0.0306517 0.0134601
 0.273055 0.474525 0.183583 0.0545618 0.0142747
 0.262201 0.530045 0.135615 0.0524664 0.0196729
 0.0895591 0.643457 0.191805 0.0490744 0.0261047
 0.155614 0.33535 0.359763 0.10724 0.0420334
 0.217753 0.433917 0.13834 0.148411 0.0615788
pobs_RECLAS
 0 0 0 0 0
 0 0 0 0 0
 0 0 0 0 0
 0 0 0 0 0
 0.835266 0.146461 0.0176864 0.000547809 3.91292e-05
 0.385257 0.428462 0.181853 0.0044286 0
 0.867414 0.0963971 0.0333333 0.00285562 0
 0.441836 0.489002 0.0689373 0.000224442 0
 0.779404 0.147425 0.0564933 0.0165055 0.000172143
 0.814271 0.122319 0.05973 0.00367925 0
 0.40263 0.566651 0.0304383 0.000280538 0
 0.475488 0.404961 0.113038 0.00651328 0
 0.955842 0.0263864 0.0167828 0.000988607 0
 0.975058 0.0227948 0.00214734 0 0
 0.738997 0.206755 0.0527124 0.00153531 0
 0.850938 0.134255 0.0134407 0.00136685 0
 0.542534 0.407297 0.0501686 0 0
 0.764087 0.199537 0.0359546 0.000420521 0
 0.470689 0.182191 0.310203 0.0369168 0
 0.84361 0.089868 0.0606195 0.00523954 0.000663233
 0.607945 0.314616 0.071237 0.00620181 0
 0.523733 0.453247 0.0230204 0 0
 0.530135 0.295979 0.169645 0.0042399 0
 0.562478 0.366248 0.0663022 0.0049721 0
 0.250443 0.683176 0.0655157 0.000865301 0
 0.195077 0.31981 0.436473 0.0351445 0.0134964
 0.565238 0.351407 0.0832357 0.000118908 0
ppred_RECLAS
 0.700002 0.211016 0.0795062 0.00947083 4.60703e-06
 0.679084 0.253371 0.0475106 0.0179009 0.00213341
 0.492086 0.390133 0.0929913 0.0174371 0.00735291
 0.637079 0.230367 0.101816 0.0242687 0.00646967
 0.664017 0.237035 0.0628078 0.0277594 0.0083806
 0.481065 0.372129 0.103572 0.0274436 0.0157913
 0.674087 0.188716 0.098384 0.0273825 0.0114305
 0.609555 0.290768 0.0577169 0.0300898 0.0118706
 0.698505 0.213532 0.0655066 0.0130029 0.00945317
 0.647988 0.276357 0.0535822 0.0164378 0.00563498
 0.413277 0.427475 0.125023 0.0242403 0.0099856
 0.422055 0.308382 0.196398 0.0574401 0.0157247
 0.62325 0.202905 0.0927609 0.0590763 0.0220079
 0.597163 0.304247 0.0530969 0.0242741 0.0212184
 0.689927 0.24439 0.0496077 0.00865748 0.00741757
 0.66547 0.282777 0.04079 0.0082798 0.00268302
 0.54482 0.347777 0.0907866 0.0130958 0.00351965
 0.602663 0.2585 0.106078 0.0276914 0.00506798
 0.611019 0.269091 0.0779984 0.0320074 0.00988466
 0.724466 0.191459 0.0581621 0.0168588 0.00905469
 0.666094 0.264664 0.0481139 0.0146163 0.00651212
 0.581783 0.304166 0.0903999 0.016434 0.00721671
 0.650037 0.228444 0.0883796 0.0262669 0.00687205
 0.637288 0.260577 0.0666703 0.0257932 0.00967145
 0.326843 0.475756 0.141815 0.0362844 0.0193011
 0.476643 0.207852 0.222984 0.066468 0.0260526
 0.580654 0.232614 0.0741611 0.07956 0.0330111
pobs_PELACES
 0 0 0 0 0
 0 0 0 0 0
 0 0 0 0 0
 0 0 0 0 0
 0 0 0 0 0
 0 0 0 0 0
 0 0 0 0 0
 0 0 0 0 0
 0 0 0 0 0
 0 0 0 0 0
 0.450072 0.473896 0.0757376 0.000293798 0
 0 0 0 0 0
 0.463077 0.371075 0.160297 0.00555027 0
 0.529543 0.364841 0.0842815 0.0213345 0
 0.631943 0.363953 0.00410389 0 0
 0.735681 0.248677 0.0153453 0.000297389 0
 0.695825 0.281241 0.0229344 0 0
 0.275771 0.60734 0.115278 0.00161068 0
 0 0 0 0 0
 0.896147 0.0623911 0.0374545 0.00400742 0
 0.803859 0.145111 0.0509908 3.86294e-05 0
 0.739449 0.233085 0.0266225 0.000797448 4.60066e-05
 0.878498 0.100942 0.0204185 0.000141795 0
 0.694673 0.275183 0.0284847 0.00165964 0
 0.469039 0.446079 0.0841089 0.000773354 0
 0.822795 0.102175 0.0682046 0.00682512 0
 0 0 0 0 0
ppred_PELACES
 0.775563 0.157867 0.0594807 0.00708539 3.44664e-06
 0.754851 0.193551 0.0362935 0.0136746 0.00162972
 0.606674 0.302117 0.072012 0.0135032 0.00569406
 0.699992 0.190432 0.0841663 0.0200617 0.00534815
 0.71603 0.20034 0.0530845 0.023462 0.0070832
 0.565622 0.311493 0.0866954 0.0229719 0.0132182
 0.737502 0.151996 0.0792408 0.0220545 0.0092064
 0.693416 0.228316 0.0453203 0.023627 0.00932097
 0.772073 0.161428 0.0495224 0.00983011 0.00714652
 0.718801 0.220763 0.0428032 0.013131 0.0045014
 0.512247 0.355367 0.103933 0.0201514 0.0083012
 0.518614 0.25686 0.163585 0.0478434 0.0130975
 0.729923 0.145454 0.0664966 0.0423494 0.0157765
 0.746567 0.191408 0.0334043 0.0152713 0.0133489
 0.813372 0.147094 0.0298581 0.00521079 0.00446451
 0.748133 0.212902 0.0307107 0.00623384 0.00202004
 0.634303 0.279409 0.0729392 0.0105213 0.00282773
 0.680175 0.208072 0.0853844 0.0222894 0.00407933
 0.684827 0.218032 0.0631984 0.0259341 0.00800908
 0.784654 0.149636 0.0454571 0.0131762 0.00707677
 0.723434 0.219214 0.0398516 0.0121063 0.00539382
 0.647528 0.25635 0.0761887 0.0138506 0.00608222
 0.712599 0.187606 0.0725804 0.0215713 0.00564356
 0.700894 0.214882 0.0549788 0.02127 0.00797544
 0.391325 0.430183 0.128231 0.0328087 0.0174523
 0.547993 0.179515 0.192584 0.0574063 0.0225008
 0.654388 0.191713 0.0611213 0.065571 0.0272068
pobs_pel_tallas
 0 0 0 0 0 0 0 0 0 0 0 0 0 0 0 0 0 0 0 0 0 0 0 0 0 0 0 0 0 0 0 0 0 0 0 0
 0 0 0 0 0 0 0 0 0 0 0 0 0 0 0 0 0 0 0 0 0 0 0 0 0 0 0 0 0 0 0 0 0 0 0 0
 0 0 0 0 0 0 0 0 0 0 0 0 0 0 0 0 0 0 0 0 0 0 0 0 0 0 0 0 0 0 0 0 0 0 0 0
 0 0 0 0 0 0 0 0 0 0 0 0 0 0 0 0 0 0 0 0 0 0 0 0 0 0 0 0 0 0 0 0 0 0 0 0
 0 0 0 0 0 0 0 0 0 0 0 0 0 0 0 0 0 0 0 0 0 0 0 0 0 0 0 0 0 0 0 0 0 0 0 0
 0 0 0 0 0 0 0 0 0 0 0 0 0 0 0 0 0 0 0 0 0 0 0 0 0 0 0 0 0 0 0 0 0 0 0 0
 0 0 0 0 0 0 0 0 0 0 0 0 0 0 0 0 0 0 0 0 0 0 0 0 0 0 0 0 0 0 0 0 0 0 0 0
 0 0 0 0 0 0 0 0 0 0 0 0 0 0 0 0 0 0 0 0 0 0 0 0 0 0 0 0 0 0 0 0 0 0 0 0
 0 0 0 0 0 0 0 0 0 0 0 0 0 0 0 0 0 0 0 0 0 0 0 0 0 0 0 0 0 0 0 0 0 0 0 0
 0 0 0 0 0 0 0 0 0 0 0 0 0 0 0 0 0 0 0 0 0 0 0 0 0 0 0 0 0 0 0 0 0 0 0 0
 0 0 0 0 0 0 0 0 1.78061e-05 0.00172719 0.00360574 0.0105946 0.0120993 0.0124554 0.0147524 0.0171206 0.0266825 0.0428682 0.0675386 0.121331 0.153587 0.119568 0.100827 0.0573624 0.0630603 0.0341343 0.0324427 0.0444173 0.0211091 0.0280891 0.0125444 0.00206551 0 0 0 0
 0 0 0 0 0 0 0 0 0 0 0 0 0 0 0 0 0 0 0 0 0 0 0 0 0 0 0 0 0 0 0 0 0 0 0 0
 0 0 0 0 0 0 0.0133647 0.0140871 0.0187388 0.0205184 0.03894 0.0496705 0.03968 0.0493445 0.0407372 0.0367815 0.0215668 0.0243155 0.0234873 0.0199281 0.019796 0.0243948 0.0301388 0.0376714 0.0412746 0.0863199 0.0771752 0.113111 0.0741005 0.0525337 0.0229764 0.00759418 0.00175318 0 0 0
 0 0 0 0 0 0 0 0 0 0 0.00219441 0.00772107 0.0458388 0.0604681 0.0671733 0.0775358 0.0609151 0.0617685 0.073594 0.0568108 0.0755445 0.0548602 0.0670107 0.0636378 0.0643287 0.046367 0.0373049 0.0286899 0.0247887 0.0153202 0.00654259 0.00121912 0.000365735 0 0 0
 0 0 0 0 0 0 0 0 0 0 0 0 0.000112435 0.00938835 0.0111873 0.0202946 0.0414886 0.0713402 0.111592 0.104902 0.108894 0.110636 0.117776 0.105296 0.107544 0.0401394 0.0192827 0.0124803 0.00416011 0.0028671 0.000618394 0 0 0 0 0
 0 0 0 0 0 0 0 0 0 0 0.00291406 0.0102884 0.027416 0.0768956 0.0749926 0.110853 0.0956884 0.0897413 0.0766577 0.0534642 0.0500743 0.0551293 0.0594112 0.0620874 0.0668451 0.0424026 0.0208742 0.0120726 0.0048766 0.00582813 0.00118941 0.000297354 0 0 0 0
 0 0.00264628 0.0354308 0.0461629 0.0458689 0.0383711 0.0214643 0.0164657 0.0346957 0.0420465 0.0363128 0.0245516 0.0311673 0.0291091 0.0169068 0.0133784 0.00837989 0.0085269 0.0148486 0.0160247 0.0276389 0.0546898 0.0760071 0.122758 0.109233 0.0665981 0.0333725 0.0166128 0.00676272 0.00308733 0.000882094 0 0 0 0 0
 0 0 0 0 0 0 0 0.000805153 0.000690131 0.00759144 0.0133425 0.0154129 0.00931677 0.000345066 0.00356568 0.00563607 0.00851162 0.0253048 0.0502646 0.0516448 0.0657925 0.0565908 0.0611916 0.0827007 0.0866115 0.110766 0.145733 0.0935128 0.0569358 0.0249597 0.0138026 0.00621118 0.00161031 0.00115022 0 0
 0 0 0 0 0 0 0 0 0 0 0 0 0 0 0 0 0 0 0 0 0 0 0 0 0 0 0 0 0 0 0 0 0 0 0 0
 0.00147267 0.00158595 0.00478618 0.00569244 0.00954404 0.0108468 0.00647125 0.017049 0.0510054 0.094081 0.124002 0.0959785 0.0687766 0.0820023 0.061753 0.0591476 0.0492212 0.0479892 0.0443925 0.0268479 0.0217502 0.0140895 0.0121071 0.0120363 0.00920419 0.00665534 0.0049561 0.00860946 0.00930331 0.0156896 0.0114698 0.00855282 0.00243557 0.00046729 0 2.83206e-05
 0 0 0 0 0.000772559 0.00158375 0.000888443 0.00281984 0.00712685 0.0440552 0.0773331 0.111326 0.0921469 0.0852325 0.0710754 0.0886704 0.0786465 0.0553345 0.0373146 0.0185414 0.00753245 0.00457741 0.012979 0.0271748 0.0457355 0.0583668 0.034881 0.0177882 0.00938659 0.00492506 0.0015258 0.00185414 0.000309023 5.79419e-05 3.86279e-05 0
 0 0.00173294 0.00326652 0 0.00397197 0.00683976 0.00946217 0.0152591 0.00757587 0.0136028 0.0228656 0.0392903 0.0559909 0.0764795 0.0681675 0.0726916 0.0566044 0.0477403 0.0527397 0.0444891 0.0609904 0.0582453 0.0661739 0.0445044 0.0529084 0.0360697 0.0280645 0.0235558 0.0158879 0.00826598 0.00280645 0.00217768 0.000904811 0.00058276 9.20147e-05 0
 0 0 0 0 0 0 0 0 0 0 0 0 0 0 0 0 0 0 0 0 0 0 0 0 0 0 0 0 0 0 0 0 0 0 0 0
 0 0 0 0 0 0 0 0 0 0 0 0 0 0 0 0 0 0 0 0 0 0 0 0 0 0 0 0 0 0 0 0 0 0 0 0
 0 0 0 0 0 0 0 0 0 0 0 0 0 0 0 0 0 0 0 0 0 0 0 0 0 0 0 0 0 0 0 0 0 0 0 0
 0 0 0 0 0 0 0 0 0 0 0 0 0 0 0 0 0 0 0 0 0 0 0 0 0 0 0 0 0 0 0 0 0 0 0 0
 0 0 0 0 0 0 0 0 0 0 0 0 0 0 0 0 0 0 0 0 0 0 0 0 0 0 0 0 0 0 0 0 0 0 0 0
ppred_pel_tallas
 1.0114e-16 3.38374e-05 0.000198602 0.00094407 0.00363473 0.0113346 0.0286302 0.0585811 0.0971041 0.130406 0.141903 0.125157 0.0895663 0.0522206 0.0252486 0.0109609 0.00565634 0.00498036 0.00626481 0.00833842 0.0107224 0.013128 0.0152895 0.0169586 0.0179469 0.0181649 0.0176382 0.0164931 0.0149184 0.013118 0.01127 0.00950221 0.00788801 0.00645633 0.00520838 0.00413307
 1.01125e-16 3.29356e-05 0.000193304 0.000918879 0.00353773 0.0110321 0.0278662 0.057018 0.0945143 0.126932 0.138131 0.121851 0.0872469 0.0509614 0.0248133 0.0110669 0.00613431 0.00578514 0.00741834 0.00987231 0.0126401 0.0153839 0.0177819 0.0195367 0.0204312 0.0203771 0.0194327 0.0177817 0.0156827 0.0134058 0.0111785 0.0091546 0.00740858 0.00595114 0.00475388 0.0037731
 1.01851e-16 2.64789e-05 0.000155387 0.000738595 0.00284355 0.00886729 0.0223982 0.0458311 0.0759751 0.102047 0.111087 0.0980805 0.0704136 0.0415063 0.0209148 0.0105271 0.00752759 0.00856588 0.0115598 0.0155217 0.0199162 0.024277 0.0281126 0.0309576 0.0324679 0.0324975 0.0311275 0.0286342 0.0254116 0.0218748 0.0183765 0.0151588 0.0123446 0.00996014 0.00797221 0.00632319
 1.02197e-16 3.05434e-05 0.00017926 0.000852112 0.00328066 0.0102304 0.0258413 0.0528749 0.087647 0.117711 0.128101 0.113013 0.0809409 0.0473233 0.023128 0.0104653 0.0060209 0.00588561 0.00766031 0.0102773 0.0132698 0.0163199 0.0191151 0.0213568 0.0228133 0.0233667 0.0230326 0.0219433 0.0203043 0.01834 0.0162468 0.0141666 0.0121838 0.0103376 0.00864149 0.00709964
 1.01957e-16 3.12431e-05 0.000183367 0.000871636 0.00335583 0.0104648 0.0264334 0.0540865 0.0896554 0.120408 0.131037 0.115604 0.0827987 0.0484132 0.0236666 0.0107171 0.00617196 0.0060285 0.00782576 0.0104618 0.0134476 0.0164459 0.019128 0.021186 0.0223896 0.0226357 0.0219678 0.0205547 0.0186405 0.0164827 0.014299 0.0122376 0.0103734 0.00872407 0.00727433 0.00599831
 1.0274e-16 2.46892e-05 0.00014488 0.000688637 0.0026512 0.00826744 0.0208831 0.0427311 0.0708371 0.0951492 0.103586 0.0914762 0.0657132 0.0388182 0.0197138 0.0101763 0.00759721 0.00886695 0.0120509 0.0162228 0.0208636 0.0255044 0.029643 0.0328002 0.0346168 0.0349326 0.0338162 0.0315333 0.0284683 0.025028 0.0215581 0.0182959 0.015364 0.0127931 0.0105604 0.00862334
 1.02363e-16 3.21775e-05 0.000188857 0.000897745 0.00345637 0.0107784 0.0272253 0.0557065 0.0923393 0.124008 0.134942 0.119021 0.0851829 0.0496808 0.0240514 0.0104964 0.00550229 0.00493574 0.0062683 0.00839537 0.0108702 0.0134244 0.0158078 0.0177812 0.0191552 0.0198271 0.0197961 0.0191518 0.0180405 0.0166243 0.0150465 0.0134122 0.011787 0.0102072 0.00869408 0.00726582
 1.01966e-16 3.02581e-05 0.000177582 0.000844126 0.0032499 0.0101345 0.025599 0.0523795 0.0868269 0.116612 0.126914 0.111986 0.0802485 0.0470054 0.0231335 0.0107372 0.00654479 0.00668862 0.00878407 0.0117477 0.0150727 0.0183848 0.021311 0.0235028 0.0247038 0.0248063 0.0238727 0.0221102 0.0198115 0.0172822 0.0147779 0.012469 0.0104366 0.00869088 0.00720103 0.00592276
 1.01428e-16 3.36853e-05 0.000197708 0.000939823 0.00361838 0.0112836 0.0285014 0.0583176 0.0966674 0.12982 0.141266 0.124597 0.0891701 0.0519985 0.0251576 0.0109492 0.00568977 0.00504475 0.00635721 0.00845862 0.0108682 0.013293 0.0154636 0.0171293 0.0181021 0.0182966 0.0177454 0.0165831 0.0150064 0.0132242 0.0114154 0.00970393 0.00815547 0.00678916 0.00559648 0.00455861
 1.01342e-16 3.13648e-05 0.00018408 0.000875018 0.00336884 0.0105054 0.0265359 0.0542964 0.0900039 0.120878 0.131552 0.116069 0.0831527 0.0486632 0.0238685 0.0109416 0.00648251 0.00647494 0.00844374 0.0112689 0.0144358 0.0175739 0.0203192 0.0223329 0.0233671 0.0233203 0.0222585 0.0203903 0.0180093 0.0154229 0.0128898 0.0105849 0.00859315 0.00692686 0.00555406 0.00442551
 1.02672e-16 2.23636e-05 0.000131222 0.0006237 0.00240116 0.00748768 0.0189136 0.0387016 0.0641595 0.0861866 0.0938466 0.0829183 0.0596589 0.0354296 0.01834 0.0100329 0.00817989 0.00998956 0.0137138 0.0184864 0.0237724 0.0290491 0.0337434 0.0373067 0.0393267 0.0396193 0.0382625 0.0355611 0.0319581 0.0279237 0.0238606 0.0200487 0.0166361 0.0136648 0.0111125 0.00893084
 1.04662e-16 2.26374e-05 0.000132838 0.000631402 0.00243085 0.00758029 0.0191473 0.0391792 0.0649485 0.0872381 0.0949694 0.0838578 0.0602206 0.0355348 0.0179777 0.0091758 0.00673998 0.00783017 0.0106963 0.0145278 0.0189009 0.0234448 0.0277531 0.0314195 0.0341129 0.0356394 0.0359714 0.0352283 0.0336259 0.0314109 0.0288072 0.0259862 0.0230657 0.0201255 0.0172289 0.0144375
 1.03184e-16 3.18467e-05 0.000186916 0.000888517 0.00342085 0.0106676 0.0269455 0.0551339 0.09139 0.122733 0.133553 0.117793 0.0842984 0.0491532 0.0237741 0.0103384 0.00536712 0.00476886 0.0060427 0.00809979 0.0105058 0.013006 0.0153658 0.017361 0.0188141 0.0196282 0.0198005 0.0194099 0.0185849 0.0174649 0.0161682 0.0147765 0.013336 0.0118698 0.0103937 0.00892811
 1.01686e-16 3.25743e-05 0.000191183 0.000908795 0.00349891 0.010911 0.0275604 0.0563923 0.0934771 0.125539 0.136615 0.120515 0.0862903 0.0504037 0.0245438 0.0109506 0.00607606 0.00573716 0.00736271 0.0098056 0.0125667 0.0153143 0.017733 0.0195311 0.0204959 0.0205403 0.0197207 0.0182152 0.0162731 0.0141534 0.0120712 0.0101685 0.00851004 0.00709989 0.00590691 0.00488879
 1.0086e-16 3.54855e-05 0.000208279 0.000990079 0.00381188 0.011887 0.0300256 0.0614361 0.101836 0.136759 0.14881 0.131237 0.0938894 0.0546851 0.0263345 0.0112496 0.00553664 0.00461751 0.00568731 0.00751836 0.00961916 0.0117078 0.0135347 0.0148731 0.0155572 0.0155193 0.014803 0.0135477 0.0119496 0.0102143 0.00851525 0.00697015 0.00563663 0.00452366 0.00361023 0.00286334
 1.00814e-16 3.26434e-05 0.000191587 0.000910712 0.00350628 0.010934 0.0276184 0.0565113 0.0936749 0.125806 0.136911 0.120786 0.0865088 0.0505795 0.0247188 0.0111792 0.00641206 0.00622871 0.00804863 0.0107085 0.0136832 0.0166064 0.0191238 0.020909 0.0217269 0.0214875 0.0202657 0.0182765 0.0158186 0.0132023 0.0106885 0.00845208 0.00657574 0.0050664 0.00388342 0.00296634
 1.01621e-16 2.76827e-05 0.000162457 0.000772209 0.00297298 0.00927092 0.0234178 0.0479169 0.0794317 0.106687 0.116129 0.102511 0.0735488 0.0432628 0.0216304 0.0106092 0.00723936 0.00800644 0.0107326 0.0143996 0.0184805 0.0225365 0.0261108 0.0287712 0.030197 0.0302496 0.0290004 0.0267014 0.0237144 0.0204224 0.0171525 0.0141316 0.0114777 0.0092205 0.00733443 0.00577048
 1.02237e-16 2.96801e-05 0.00017419 0.000828003 0.00318783 0.00994092 0.02511 0.0513789 0.0851679 0.114383 0.124485 0.109837 0.0786949 0.0460686 0.0226237 0.0104216 0.00625175 0.00632312 0.00830523 0.0111514 0.0143876 0.0176737 0.0206697 0.0230501 0.0245643 0.0250874 0.024642 0.0233789 0.0215294 0.0193439 0.0170408 0.0147767 0.0126425 0.0106774 0.00889088 0.0072815
 1.02234e-16 2.98832e-05 0.000175382 0.000833669 0.00320964 0.0100089 0.0252818 0.0517305 0.0857509 0.115167 0.125339 0.110594 0.0792449 0.0464053 0.0228162 0.0105544 0.00638844 0.00650026 0.00853925 0.0114436 0.0147241 0.0180248 0.0209902 0.0232845 0.0246551 0.0249865 0.0243215 0.0228384 0.0207981 0.0184763 0.0161072 0.0138514 0.011792 0.00995136 0.00831751 0.00686739
 1.01478e-16 3.42334e-05 0.000200927 0.000955128 0.00367731 0.0114674 0.0289657 0.0592673 0.0982412 0.131932 0.143561 0.126613 0.0905947 0.0527924 0.025473 0.0109689 0.00553032 0.00474737 0.00591945 0.00786487 0.0101082 0.0123718 0.0144051 0.0159763 0.0169113 0.0171303 0.0166624 0.0156301 0.014213 0.0126015 0.0109579 0.00939415 0.00796893 0.00669895 0.00557669 0.0045863
 1.01306e-16 3.15667e-05 0.000185265 0.000880655 0.00339055 0.0105731 0.0267069 0.0546462 0.0905837 0.121656 0.132398 0.116814 0.0836821 0.0489645 0.0240004 0.0109751 0.00646502 0.00642638 0.00836741 0.0111614 0.0142922 0.0173909 0.0200954 0.0220698 0.023069 0.0229942 0.0219129 0.0200348 0.0176539 0.0150773 0.0125631 0.0102847 0.00832552 0.00669587 0.0053615 0.00427087
 1.01926e-16 2.82584e-05 0.000165839 0.000788294 0.00303492 0.00946407 0.0239056 0.0489149 0.0810853 0.108905 0.118537 0.104621 0.0750279 0.0440632 0.0219016 0.0105299 0.00691486 0.0074619 0.0099495 0.0133528 0.0171629 0.0209735 0.0243659 0.0269432 0.0284077 0.0286257 0.0276529 0.0257084 0.0231111 0.0202 0.0172654 0.0145095 0.01204 0.00988789 0.00803794 0.00645616
 1.02097e-16 3.1093e-05 0.000182487 0.000867453 0.00333973 0.0104146 0.0263065 0.0538269 0.0892249 0.119829 0.130404 0.115041 0.0823836 0.0481473 0.023494 0.0105681 0.00599112 0.00577945 0.00748813 0.0100301 0.0129334 0.0158813 0.0185657 0.0206942 0.0220423 0.0224999 0.0220898 0.0209504 0.0192915 0.0173395 0.0152902 0.0132825 0.0113951 0.00965953 0.00808066 0.00665437
 1.01955e-16 3.05837e-05 0.000179495 0.000853221 0.00328492 0.0102437 0.0258749 0.0529438 0.0877619 0.117867 0.128276 0.113179 0.0810851 0.0474585 0.023288 0.0106946 0.00636546 0.00638825 0.00835427 0.0111771 0.0143606 0.0175491 0.0203907 0.0225551 0.0237962 0.0240054 0.0232322 0.0216614 0.0195592 0.017206 0.0148388 0.012619 0.0106276 0.00888275 0.0073656 0.0060449
 1.03904e-16 1.70939e-05 0.000100277 0.000476569 0.00183464 0.00572101 0.0144512 0.0295718 0.0490291 0.0658766 0.0717708 0.0635068 0.0458964 0.0276662 0.0150747 0.00945242 0.0090962 0.0119301 0.0166314 0.0224842 0.0289464 0.0354128 0.0411974 0.0456383 0.0482363 0.0487648 0.0473117 0.0442357 0.0400605 0.0353415 0.0305525 0.0260211 0.021919 0.0182947 0.0151238 0.0123556
 1.05817e-16 2.39154e-05 0.000140348 0.00066712 0.0025684 0.00800926 0.0202308 0.0413955 0.0686198 0.0921614 0.100308 0.0885221 0.0634619 0.03723 0.0184347 0.00875782 0.00564046 0.00606153 0.00817995 0.0111881 0.0147331 0.0185568 0.0223812 0.0259146 0.0288963 0.0311383 0.0325467 0.0331162 0.032905 0.0320023 0.0305036 0.0284999 0.0260807 0.0233434 0.0204007 0.0173799
 1.04455e-16 2.85548e-05 0.000167585 0.000796609 0.00306696 0.009564 0.024158 0.0494307 0.0819384 0.110045 0.119762 0.105666 0.0756981 0.0442973 0.0217228 0.0099556 0.00590587 0.0059276 0.00778417 0.0104797 0.0135757 0.016768 0.0197554 0.0222498 0.0240277 0.0249752 0.0251048 0.0245356 0.023449 0.0220344 0.0204456 0.0187798 0.017081 0.0153585 0.0136124 0.0118516
pSPR Fmed_Fpbrs
0.45155   0.345096 0.345096
Fs Fmed_Fpbrs
0.64   1.005 1.005
SSBpbr Bo_Bmed_Bpbrs
1.36927e+06  549829  404065 404065
Ro
41726.3
SPR SPRFo_SPRFmed_SPRFpbrs
861825 389157 297413
log_Ro
10.4589
likeval ReclasPelacesDesembMPH_pf_preclas_ppelaces_ptallas_desvR_qrecl_qpela
 72.5044 60.6473 0.00955504 89.2769 334.407 211.922 54.6937 0 16.3887 2.08589e-05 0 0 0 0 0
q_reclas_q_pelaces
0.523517 1
M
0.7
N
 41309.1 12552.6 4729.53 563.385 0.274055
 51027 18686.3 3503.94 1320.21 157.34
 26153.1 23321.4 5558.84 1042.36 439.543
 36649.6 11339.9 5011.93 1194.63 318.471
 61523.7 17662.4 4680.04 2068.46 624.47
 42197.5 30369.4 8452.47 2239.67 1288.72
 79525 19688.8 10264.4 2856.82 1192.55
 81362 37840.2 7511.22 3915.85 1544.82
 123359 37281.5 11437.1 2270.24 1650.47
 144177 56222.5 10900.9 3344.13 1146.39
 64293.5 67724.3 19807.2 3840.37 1582.01
 39561.7 28968.8 18449.2 5395.8 1477.14
 47101.1 17936.4 8199.88 5222.22 1945.45
 25087.2 20115.9 3510.61 1604.93 1402.9
 17515.1 9553.19 1939.16 338.421 289.953
 15508.9 6726.35 970.263 196.95 63.8202
 11213.8 6981.82 1822.59 262.905 70.6589
 12908.8 5137.56 2108.25 550.354 100.724
 15061.4 6029.39 1747.67 717.176 221.481
 29435.7 7090.87 2154.09 624.384 335.35
 41562 13843.4 2516.64 764.515 340.621
 45573.5 20189.5 6000.44 1090.84 479.021
 72838.6 22046.3 8529.18 2534.92 663.195
 99564.3 35014.9 8958.78 3465.94 1299.59
 38669.1 47887.3 14274.4 3652.21 1942.76
 49939.4 18677.2 20036.9 5972.69 2341.03
 67195.3 24045.8 7666.2 8224.3 3412.43
pred_Ctot
 2660.42 4084.8 1539.06 183.334 0.0891815
 2936.39 5548.13 1040.35 391.981 46.7157
 2404.5 9973.7 2377.31 445.779 187.976
 779.395 1392.27 615.347 146.673 39.1008
 264.277 462.117 122.448 54.119 16.3386
 1839.85 7131.02 1984.72 525.896 302.604
 2396.52 3331.74 1736.95 483.431 201.803
 4541.92 10956.4 2174.83 1133.81 447.295
 7328.85 11363 3485.91 691.947 503.048
 5625.08 11981.9 2323.15 712.686 244.314
 4308.58 22751 6653.94 1290.12 531.452
 2488.68 9249.82 5890.89 1722.9 471.657
 4782.56 8234.58 3764.56 2397.52 893.156
 4271.42 12737.6 2222.94 1016.25 888.326
 2897.52 5955.96 1208.98 210.989 180.772
 1048.19 2274.95 328.157 66.6112 21.5849
 627.137 2024.61 528.52 76.238 20.4899
 553.644 1189.26 488.023 127.398 23.3158
 564.223 1239.75 359.353 147.464 45.5404
 1124.31 1483.19 450.569 130.602 70.1447
 651.873 1275.73 231.918 70.4532 31.3897
 848.287 2187.77 650.217 118.205 51.9075
 1676.85 2914.08 1127.39 335.067 87.6614
 2255.97 4560.49 1166.83 451.419 169.265
 762.007 5474.81 1631.95 417.546 222.109
 1092.96 2355.34 2526.81 753.204 295.223
 2205.23 4394.38 1401 1502.99 623.622
F
 0.0932905 0.576037 0.576037 0.576037 0.576037
 0.0829848 0.512403 0.512403 0.512403 0.512403
 0.135643 0.837549 0.837549 0.837549 0.837549
 0.0299639 0.185017 0.185017 0.185017 0.185017
 0.00598877 0.0369787 0.0369787 0.0369787 0.0369787
 0.0623111 0.38475 0.38475 0.38475 0.38475
 0.0426989 0.263651 0.263651 0.263651 0.263651
 0.0804113 0.496513 0.496513 0.496513 0.496513
 0.0857787 0.529655 0.529655 0.529655 0.529655
 0.0555938 0.343273 0.343273 0.343273 0.343273
 0.0972399 0.600424 0.600424 0.600424 0.600424
 0.0910333 0.5621 0.5621 0.5621 0.5621
 0.150784 0.931039 0.931039 0.931039 0.931039
 0.265481 1.63926 1.63926 1.63926 1.63926
 0.257028 1.58706 1.58706 1.58706 1.58706
 0.0981063 0.605773 0.605773 0.605773 0.605773
 0.0805636 0.497453 0.497453 0.497453 0.497453
 0.0612652 0.378292 0.378292 0.378292 0.378292
 0.053327 0.329276 0.329276 0.329276 0.329276
 0.0543972 0.335884 0.335884 0.335884 0.335884
 0.0220221 0.135979 0.135979 0.135979 0.135979
 0.0261829 0.161671 0.161671 0.161671 0.161671
 0.0324729 0.200509 0.200509 0.200509 0.200509
 0.0319535 0.197302 0.197302 0.197302 0.197302
 0.0277383 0.171274 0.171274 0.171274 0.171274
 0.0308489 0.190482 0.190482 0.190482 0.190482
 0.0465793 0.287611 0.287611 0.287611 0.287611
Np
 31580.2 13326.7 5789.37 1628 613.377
YTP_r0W_actual
 60082.3 250501 116098 159059 73238.6
YTP_p0W_proyectada
 28237.2 331798 135635 55223.8 90232.3
 28237.2 138833 87675.2 31485.7 13164.5
CTP_r0_actual
 7327.1 11597.3 3697.4 3966.57 1645.81
CTP_p0_proyectada
 3443.57 15361 4319.58 1377.15 2027.69
 3443.57 6427.44 2792.21 785.18 295.831
Wmedp
 8.2 21.6 31.4 40.1 44.5
nmprior
 10.8 10.6 4.6 0
nm_flota  nm_reclas  nm_pelaces    nm_pelaL
inf 16.9215 18.875 61.1282
cv_recla  cv_pelaces  cv_mph
0.737416 0.853093 1.26263
 ------------------------------------------------
Talla a la edad & desviaci?n 
 7.2 14.2025 17.0495 18.207 18.6776
 1.08 2.13037 2.55742 2.73105 2.80164
