    unsorted:	 2.927918082e-06 0.007947835190 1.487542749 17.94637119 15.09316482 21.56755492 6.524010655 26.02929550 29.58672604 67.88797120 83.85185462 121.1431909 152.8926434 212.1141109 261.6388986 402.7214470 499.9085521 524.3028233 652.1864022 737.8480178 808.5538535 838.3337082 864.6221737 1069.448829 1096.821102 1376.470997 1410.910699 1685.703464 1808.067034 2113.604398 2436.014667 2542.588764 2813.979764 3021.094410 3367.230340 4106.640234 4256.816100 4328.339907 4527.733455 7708.515390 213489.2372 400198.3131 427162.4803 376214.3442 446040.5898 342583.3478 472321.6631 273462.0563 537111.2757 588719.3132 645914.7167 732626.8563 853264.0399 946703.0240 1085601.748 1231305.376 1378183.187 1545391.363 1783272.730 1965749.177 2323692.684 2420069.714 2635520.858 29464884.79
      sorted:	 2.927918082e-06 0.007947835190 1.487542749 6.524010655 15.09316482 17.94637119 21.56755492 26.02929550 29.58672604 67.88797120 83.85185462 121.1431909 152.8926434 212.1141109 261.6388986 402.7214470 499.9085521 524.3028233 652.1864022 737.8480178 808.5538535 838.3337082 864.6221737 1069.448829 1096.821102 1376.470997 1410.910699 1685.703464 1808.067034 2113.604398 2436.014667 2542.588764 2813.979764 3021.094410 3367.230340 4106.640234 4256.816100 4328.339907 4527.733455 7708.515390 213489.2372 273462.0563 342583.3478 376214.3442 400198.3131 427162.4803 446040.5898 472321.6631 537111.2757 588719.3132 645914.7167 732626.8563 853264.0399 946703.0240 1085601.748 1231305.376 1378183.187 1545391.363 1783272.730 1965749.177 2323692.684 2420069.714 2635520.858 29464884.79
