years
 1997 1998 1999 2000 2001 2002 2003 2004 2005 2006 2007 2008 2009 2010 2011 2012 2013 2014 2015 2016 2017 2018 2019 2020
reclasobs
 0 0 0 370054 412103 1.49427e+06 250295 1.28982e+06 931140 785840 897777 1.04006e+06 184774 17550 25797 100020 73551 82996 120727 218422 84188 347160 605670 569463
reclaspred
 502723 128756 319479 211551 334372 404021 885886 623168 747937 788071 675272 470212 283866 115585 72862.8 68599 74809.9 99917.1 113076 155776 238085 234861 406781 470561
pelacesobs
 0 0 0 0 0 0 0 0 0 2.06254e+06 1.5e+06 0 1.87456e+06 323000 250000 174000 83755 137374 0 501740 490994 745055 786931 1.00524e+06
pelacespred
 2.02184e+06 443562 656151 700273 984437 908049 2.43551e+06 1.97105e+06 2.19948e+06 2.33234e+06 1.71287e+06 1.23841e+06 735700 235741 155739 157588 177666 249201 280394 382794 688011 642487 896414 1.19202e+06
mphobs
 0 0 0 0 0 0 112323 0 153150 637223 0 255016 313432 73983 77613 109348 50772 17779 17303 59886 28197 0 207744 136588
mphpred
 172735 94467.8 103394 96677.4 109722 181522 259558 322046 292631 333144 342597 240119 144203 119083 50284.6 42376.6 41675 53594.6 31806.5 35728.8 57449.1 74489 94403.7 134519
desembarqueobs
 350755 77701 442110 56441 14545 235359 269955 359681 431902 328805 639364 411747 362871 311530 167758 66681 60226 58785 57116 73181 50977 67692 138656 160484
desembarquepred
 350761 77699 442086 56444.5 14545.3 235460 270024 359655 431903 328806 639298 411766 362974 311627 167580 66681.8 60260.1 58777.4 57094.6 73176.2 50978.6 67678.5 138656 160491
Reclutas
 35917.9 43446.8 21376.3 31033.8 53923.3 38198.8 72724.3 73997.6 104209 115267 65971 45739 45232.4 25863.8 15251.9 12404.9 8762.77 11316.7 12860.2 18936.6 26139.2 35803.7 51369.2 54111.8
log_desv_Rt
 0.0542323 0.244535 -0.464722 -0.0919259 0.460559 0.1158 0.759673 0.77703 1.11939 1.22024 0.662212 0.295948 0.28481 -0.274158 -0.802297 -1.00891 -1.35649 -1.10073 -0.972869 -0.585909 -0.263568 0.0510496 0.412036 0.464049
SSB
 441973 241712 264552 247366 280743 464456 644640 813555 729617 833637 876592 614386 383125 194506 86857 72981 75416.9 91431.8 118117 140649 211687 267102 348904 472608
BT
 1.52533e+06 369771 628443 448011 564974 661024 1.61619e+06 1.50694e+06 1.67769e+06 1.62817e+06 1.51204e+06 1.05313e+06 770715 424204 230486 144041 150414 190117 201716 275035 431270 405409 584306 782500
Ftot
 0.995934 0.916393 1.60837 0.355886 0.0632016 0.618837 0.402858 0.778756 0.847055 0.581979 1.06361 0.941022 1.52474 3.10265 3.37893 1.3619 1.10063 0.817098 0.636481 0.634129 0.292594 0.347219 0.398264 0.41216
BD_Bspro_t
 0.908525 0.6342 0.550657 0.362022 0.51795 0.693767 0.632837 0.65543 0.595561 0.581012 0.561205 0.402635 0.298888 0.198046 0.111308 0.114706 0.15945 0.24656 0.351093 0.450478 0.579402 0.694319 0.713854 0.711952
BD_Bspro
 0.63136 0.345287 0.377913 0.353363 0.401043 0.663477 0.920871 1.16217 1.04226 1.19085 1.25221 0.877653 0.547295 0.277853 0.124076 0.104254 0.107733 0.130611 0.168731 0.200918 0.302395 0.381556 0.49841 0.675122
BD_Bo
 0.555688 0.303902 0.332618 0.31101 0.352976 0.583955 0.810499 1.02287 0.91734 1.04812 1.10213 0.772461 0.481698 0.244551 0.109204 0.0917583 0.0948208 0.114956 0.148507 0.176837 0.266151 0.335824 0.438673 0.594205
BD_Brms
 1.01034 0.552549 0.60476 0.565473 0.641774 1.06174 1.47363 1.85977 1.66789 1.90568 2.00387 1.40448 0.875815 0.444638 0.198553 0.166833 0.172402 0.209011 0.270013 0.321521 0.483912 0.61059 0.797586 1.08037
S_f
 0.101859 0.683024 0.976157 0.998716 0.999932
 0.101859 0.683024 0.976157 0.998716 0.999932
 0.101859 0.683024 0.976157 0.998716 0.999932
 0.101859 0.683024 0.976157 0.998716 0.999932
 0.101859 0.683024 0.976157 0.998716 0.999932
 0.101859 0.683024 0.976157 0.998716 0.999932
 0.101859 0.683024 0.976157 0.998716 0.999932
 0.101859 0.683024 0.976157 0.998716 0.999932
 0.101859 0.683024 0.976157 0.998716 0.999932
 0.101859 0.683024 0.976157 0.998716 0.999932
 0.101859 0.683024 0.976157 0.998716 0.999932
 0.101859 0.683024 0.976157 0.998716 0.999932
 0.101859 0.683024 0.976157 0.998716 0.999932
 0.101859 0.683024 0.976157 0.998716 0.999932
 0.101859 0.683024 0.976157 0.998716 0.999932
 0.101859 0.683024 0.976157 0.998716 0.999932
 0.101859 0.683024 0.976157 0.998716 0.999932
 0.101859 0.683024 0.976157 0.998716 0.999932
 0.101859 0.683024 0.976157 0.998716 0.999932
 0.101859 0.683024 0.976157 0.998716 0.999932
 0.101859 0.683024 0.976157 0.998716 0.999932
 0.101859 0.683024 0.976157 0.998716 0.999932
 0.101859 0.683024 0.976157 0.998716 0.999932
 0.101859 0.683024 0.976157 0.998716 0.999932
Scru_reclas
 0.654406 0.90503 0.979575 0.995874 0.999177
 0.654406 0.90503 0.979575 0.995874 0.999177
 0.654406 0.90503 0.979575 0.995874 0.999177
 0.654406 0.90503 0.979575 0.995874 0.999177
 0.654406 0.90503 0.979575 0.995874 0.999177
 0.654406 0.90503 0.979575 0.995874 0.999177
 0.654406 0.90503 0.979575 0.995874 0.999177
 0.654406 0.90503 0.979575 0.995874 0.999177
 0.654406 0.90503 0.979575 0.995874 0.999177
 0.654406 0.90503 0.979575 0.995874 0.999177
 0.654406 0.90503 0.979575 0.995874 0.999177
 0.654406 0.90503 0.979575 0.995874 0.999177
 0.654406 0.90503 0.979575 0.995874 0.999177
 0.654406 0.90503 0.979575 0.995874 0.999177
 0.654406 0.90503 0.979575 0.995874 0.999177
 0.654406 0.90503 0.979575 0.995874 0.999177
 0.654406 0.90503 0.979575 0.995874 0.999177
 0.654406 0.90503 0.979575 0.995874 0.999177
 0.654406 0.90503 0.979575 0.995874 0.999177
 0.654406 0.90503 0.979575 0.995874 0.999177
 0.654406 0.90503 0.979575 0.995874 0.999177
 0.654406 0.90503 0.979575 0.995874 0.999177
 0.654406 0.90503 0.979575 0.995874 0.999177
 0.654406 0.90503 0.979575 0.995874 0.999177
Scru_pelaces
 0.756583 1 1 1 1
 0.756583 1 1 1 1
 0.756583 1 1 1 1
 0.756583 1 1 1 1
 0.756583 1 1 1 1
 0.756583 1 1 1 1
 0.756583 1 1 1 1
 0.756583 1 1 1 1
 0.756583 1 1 1 1
 0.756583 1 1 1 1
 0.756583 1 1 1 1
 0.756583 1 1 1 1
 0.756583 1 1 1 1
 0.756583 1 1 1 1
 0.756583 1 1 1 1
 0.756583 1 1 1 1
 0.756583 1 1 1 1
 0.756583 1 1 1 1
 0.756583 1 1 1 1
 0.756583 1 1 1 1
 0.756583 1 1 1 1
 0.756583 1 1 1 1
 0.756583 1 1 1 1
 0.756583 1 1 1 1
pf_obs 
 0.256992 0.487395 0.22802 0.0275931 0
 0.321318 0.546541 0.124235 0.00734118 0.000564706
 0.182869 0.594174 0.210203 0.0122559 0.00049798
 0.330522 0.361315 0.267642 0.0388342 0.00168674
 0.649043 0.306663 0.0425973 0.00169635 0
 0.582887 0.30429 0.105238 0.00758474 0
 0.465427 0.430635 0.0974691 0.00646863 0
 0.296916 0.608066 0.0921331 0.00288517 0
 0.311714 0.524322 0.152257 0.0117073 0
 0.15457 0.633149 0.183074 0.0267441 0.00246327
 0.131901 0.49318 0.331252 0.0422183 0.00144891
 0.196976 0.569456 0.194076 0.0375587 0.00193317
 0.518974 0.381816 0.0799577 0.0180837 0.00116848
 0.0928022 0.601141 0.25162 0.0475244 0.00691264
 0.122501 0.610282 0.24278 0.0234846 0.000952079
 0.383417 0.481906 0.127806 0.00687128 0
 0.0376549 0.599619 0.316969 0.0457579 0
 0.0361596 0.667082 0.258105 0.0386534 0
 0.158088 0.579412 0.248529 0.0139706 0
 0.0477256 0.309471 0.559284 0.082774 0.000745712
 0.0406174 0.521527 0.379366 0.0568643 0.0016247
 0.151134 0.462217 0.34131 0.0453401 0
 0.294876 0.26143 0.354403 0.0886775 0.000613685
 0.281977 0.475581 0.204845 0.0348837 0.00271318
pf_pred 
 0.301141 0.477319 0.197858 0.0236688 1.28726e-05
 0.281939 0.562681 0.121973 0.0299496 0.00345691
 0.151769 0.648245 0.17177 0.022317 0.0058994
 0.263035 0.468478 0.231393 0.0320677 0.00502657
 0.273129 0.496697 0.166253 0.0552902 0.00863111
 0.145183 0.582463 0.205634 0.0484954 0.0182236
 0.266012 0.395063 0.261325 0.0590283 0.018572
 0.215926 0.561417 0.142201 0.062425 0.0180304
 0.275063 0.48965 0.189382 0.0296689 0.0162368
 0.237308 0.56784 0.150822 0.0356755 0.00835459
 0.138947 0.591716 0.221042 0.0376364 0.0106591
 0.144841 0.498112 0.282439 0.0616406 0.0129679
 0.219564 0.473341 0.215572 0.072936 0.0185863
 0.227524 0.602607 0.127116 0.0304199 0.0123331
 0.293254 0.614769 0.0836248 0.00636836 0.00198353
 0.298339 0.630868 0.0674013 0.00310522 0.000285729
 0.200177 0.632807 0.15735 0.00922194 0.000444618
 0.262619 0.496708 0.208766 0.030126 0.00178169
 0.240699 0.555173 0.157428 0.0406857 0.00601363
 0.274882 0.498656 0.183757 0.033166 0.00953923
 0.255319 0.536418 0.161651 0.0380404 0.00857211
 0.236586 0.511747 0.199397 0.040805 0.0114654
 0.244886 0.496689 0.194479 0.0509437 0.0130022
 0.197412 0.540705 0.194815 0.0508121 0.0162552
pobs_RECLAS
 0 0 0 0 0
 0 0 0 0 0
 0 0 0 0 0
 0 0 0 0 0
 0.835266 0.146461 0.0176864 0.000547809 3.91292e-05
 0.385257 0.428462 0.181853 0.0044286 0
 0.867414 0.0963971 0.0333333 0.00285562 0
 0.441836 0.489002 0.0689373 0.000224442 0
 0.779404 0.147425 0.0564933 0.0165055 0.000172143
 0.814271 0.122319 0.05973 0.00367925 0
 0.40263 0.566651 0.0304383 0.000280538 0
 0.475488 0.404961 0.113038 0.00651328 0
 0.955842 0.0263864 0.0167828 0.000988607 0
 0.975058 0.0227948 0.00214734 0 0
 0.738997 0.206755 0.0527124 0.00153531 0
 0.850938 0.134255 0.0134407 0.00136685 0
 0.542534 0.407297 0.0501686 0 0
 0.764087 0.199537 0.0359546 0.000420521 0
 0.470689 0.182191 0.310203 0.0369168 0
 0.84361 0.089868 0.0606195 0.00523954 0.000663233
 0.607945 0.314616 0.071237 0.00620181 0
 0.523733 0.453247 0.0230204 0 0
 0.530135 0.295979 0.169645 0.0042399 0
 0.562478 0.366248 0.0663022 0.0049721 0
ppred_RECLAS
 0.706373 0.219317 0.0664327 0.007873 4.29011e-06
 0.679091 0.266923 0.0424587 0.010332 0.00119489
 0.507824 0.404611 0.0753406 0.00966478 0.0025593
 0.658846 0.238577 0.0884879 0.0121772 0.00191268
 0.66436 0.24863 0.0629537 0.020802 0.00325411
 0.479815 0.386117 0.101405 0.0237282 0.00893455
 0.668995 0.201552 0.0999656 0.0224192 0.00706821
 0.599682 0.309809 0.0579704 0.0252351 0.00730319
 0.677227 0.238512 0.0679275 0.0105495 0.00578473
 0.623561 0.299898 0.0593427 0.0139292 0.00326858
 0.475087 0.394424 0.107268 0.0180884 0.00513268
 0.492426 0.332974 0.138368 0.0299242 0.00630766
 0.628811 0.254753 0.0820233 0.0274148 0.00699853
 0.67157 0.280323 0.0362162 0.00845785 0.00343288
 0.742796 0.236254 0.0190931 0.00141536 0.000441269
 0.696766 0.280726 0.0214411 0.000976753 9.00412e-05
 0.577226 0.354784 0.0640901 0.00371934 0.000179663
 0.662814 0.248496 0.0770174 0.0110191 0.00065297
 0.629609 0.290994 0.0613395 0.015728 0.00232938
 0.672887 0.244633 0.0670193 0.0120013 0.00345877
 0.643774 0.275788 0.0625254 0.0146129 0.00329971
 0.624121 0.274587 0.0803627 0.0163306 0.00459804
 0.636193 0.26182 0.0768784 0.0199949 0.0051137
 0.569261 0.316155 0.0853845 0.0221107 0.0070879
pobs_PELACES
 0 0 0 0 0
 0 0 0 0 0
 0 0 0 0 0
 0 0 0 0 0
 0 0 0 0 0
 0 0 0 0 0
 0 0 0 0 0
 0 0 0 0 0
 0 0 0 0 0
 0 0 0 0 0
 0.450072 0.473896 0.0757376 0.000293798 0
 0 0 0 0 0
 0.463077 0.371075 0.160297 0.00555027 0
 0.529543 0.364841 0.0842815 0.0213345 0
 0.631943 0.363953 0.00410389 0 0
 0.735681 0.248677 0.0153453 0.000297389 0
 0.695825 0.281241 0.0229344 0 0
 0.275771 0.60734 0.115278 0.00161068 0
 0 0 0 0 0
 0.896147 0.0623911 0.0374545 0.00400742 0
 0.803859 0.145111 0.0509908 3.86294e-05 0
 0.739449 0.233085 0.0266225 0.000797448 4.60066e-05
 0.878498 0.100942 0.0204185 0.000141795 0
 0.694673 0.275183 0.0284847 0.00165964 0
ppred_PELACES
 0.760655 0.186467 0.0473911 0.00548363 2.97704e-06
 0.730608 0.23022 0.0309635 0.00736103 0.000848175
 0.60434 0.338042 0.0497757 0.00620603 0.00163691
 0.691098 0.223393 0.0739605 0.00998493 0.00156294
 0.681958 0.240974 0.0560284 0.0182021 0.00283792
 0.529579 0.361709 0.0826662 0.0189394 0.00710604
 0.705249 0.187966 0.0828408 0.0182198 0.00572434
 0.653246 0.277788 0.0445384 0.0189604 0.00546743
 0.728987 0.208579 0.0505646 0.00767585 0.00419366
 0.665649 0.273649 0.0472893 0.0108711 0.00254195
 0.548041 0.354602 0.0803879 0.0132287 0.00373969
 0.562749 0.303622 0.106426 0.0224816 0.0047214
 0.717642 0.207414 0.0532384 0.0173052 0.00440042
 0.80282 0.17664 0.0156176 0.00350569 0.00141642
 0.855899 0.13609 0.00732817 0.000521069 0.000161698
 0.760008 0.225376 0.0139406 0.000618372 5.67846e-05
 0.644648 0.306617 0.0460055 0.00260471 0.000125349
 0.714594 0.218906 0.0579196 0.00810167 0.000478345
 0.674231 0.263594 0.0482701 0.0121168 0.00178815
 0.715596 0.220166 0.0524108 0.00918824 0.00263862
 0.672024 0.260126 0.0529661 0.0121497 0.00273411
 0.656813 0.258381 0.0675575 0.0134689 0.00377923
 0.67116 0.244566 0.0638399 0.0162836 0.00415012
 0.607005 0.2977 0.0713786 0.0181256 0.00579025
pobs_pel_tallas
 0 0 0 0 0 0 0 0 0 0 0 0 0 0 0 0 0 0 0 0 0 0 0 0 0 0 0 0 0 0 0 0 0 0 0 0
 0 0 0 0 0 0 0 0 0 0 0 0 0 0 0 0 0 0 0 0 0 0 0 0 0 0 0 0 0 0 0 0 0 0 0 0
 0 0 0 0 0 0 0 0 0 0 0 0 0 0 0 0 0 0 0 0 0 0 0 0 0 0 0 0 0 0 0 0 0 0 0 0
 0 0 0 0 0 0 0 0 0 0 0 0 0 0 0 0 0 0 0 0 0 0 0 0 0 0 0 0 0 0 0 0 0 0 0 0
 0 0 0 0 0 0 0 0 0 0 0 0 0 0 0 0 0 0 0 0 0 0 0 0 0 0 0 0 0 0 0 0 0 0 0 0
 0 0 0 0 0 0 0 0 0 0 0 0 0 0 0 0 0 0 0 0 0 0 0 0 0 0 0 0 0 0 0 0 0 0 0 0
 0 0 0 0 0 0 0 0 0 0 0 0 0 0 0 0 0 0 0 0 0 0 0 0 0 0 0 0 0 0 0 0 0 0 0 0
 0 0 0 0 0 0 0 0 0 0 0 0 0 0 0 0 0 0 0 0 0 0 0 0 0 0 0 0 0 0 0 0 0 0 0 0
 0 0 0 0 0 0 0 0 0 0 0 0 0 0 0 0 0 0 0 0 0 0 0 0 0 0 0 0 0 0 0 0 0 0 0 0
 0 0 0 0 0 0 0 0 0 0 0 0 0 0 0 0 0 0 0 0 0 0 0 0 0 0 0 0 0 0 0 0 0 0 0 0
 0 0 0 0 0 0 0 0 1.78061e-05 0.00172719 0.00360574 0.0105946 0.0120993 0.0124554 0.0147524 0.0171206 0.0266825 0.0428682 0.0675386 0.121331 0.153587 0.119568 0.100827 0.0573624 0.0630603 0.0341343 0.0324427 0.0444173 0.0211091 0.0280891 0.0125444 0.00206551 0 0 0 0
 0 0 0 0 0 0 0 0 0 0 0 0 0 0 0 0 0 0 0 0 0 0 0 0 0 0 0 0 0 0 0 0 0 0 0 0
 0 0 0 0 0 0 0.0133647 0.0140871 0.0187388 0.0205184 0.03894 0.0496705 0.03968 0.0493445 0.0407372 0.0367815 0.0215668 0.0243155 0.0234873 0.0199281 0.019796 0.0243948 0.0301388 0.0376714 0.0412746 0.0863199 0.0771752 0.113111 0.0741005 0.0525337 0.0229764 0.00759418 0.00175318 0 0 0
 0 0 0 0 0 0 0 0 0 0 0.00219441 0.00772107 0.0458388 0.0604681 0.0671733 0.0775358 0.0609151 0.0617685 0.073594 0.0568108 0.0755445 0.0548602 0.0670107 0.0636378 0.0643287 0.046367 0.0373049 0.0286899 0.0247887 0.0153202 0.00654259 0.00121912 0.000365735 0 0 0
 0 0 0 0 0 0 0 0 0 0 0 0 0.000112435 0.00938835 0.0111873 0.0202946 0.0414886 0.0713402 0.111592 0.104902 0.108894 0.110636 0.117776 0.105296 0.107544 0.0401394 0.0192827 0.0124803 0.00416011 0.0028671 0.000618394 0 0 0 0 0
 0 0 0 0 0 0 0 0 0 0 0.00291406 0.0102884 0.027416 0.0768956 0.0749926 0.110853 0.0956884 0.0897413 0.0766577 0.0534642 0.0500743 0.0551293 0.0594112 0.0620874 0.0668451 0.0424026 0.0208742 0.0120726 0.0048766 0.00582813 0.00118941 0.000297354 0 0 0 0
 0 0.00264628 0.0354308 0.0461629 0.0458689 0.0383711 0.0214643 0.0164657 0.0346957 0.0420465 0.0363128 0.0245516 0.0311673 0.0291091 0.0169068 0.0133784 0.00837989 0.0085269 0.0148486 0.0160247 0.0276389 0.0546898 0.0760071 0.122758 0.109233 0.0665981 0.0333725 0.0166128 0.00676272 0.00308733 0.000882094 0 0 0 0 0
 0 0 0 0 0 0 0 0.000805153 0.000690131 0.00759144 0.0133425 0.0154129 0.00931677 0.000345066 0.00356568 0.00563607 0.00851162 0.0253048 0.0502646 0.0516448 0.0657925 0.0565908 0.0611916 0.0827007 0.0866115 0.110766 0.145733 0.0935128 0.0569358 0.0249597 0.0138026 0.00621118 0.00161031 0.00115022 0 0
 0 0 0 0 0 0 0 0 0 0 0 0 0 0 0 0 0 0 0 0 0 0 0 0 0 0 0 0 0 0 0 0 0 0 0 0
 0.00147267 0.00158595 0.00478618 0.00569244 0.00954404 0.0108468 0.00647125 0.017049 0.0510054 0.094081 0.124002 0.0959785 0.0687766 0.0820023 0.061753 0.0591476 0.0492212 0.0479892 0.0443925 0.0268479 0.0217502 0.0140895 0.0121071 0.0120363 0.00920419 0.00665534 0.0049561 0.00860946 0.00930331 0.0156896 0.0114698 0.00855282 0.00243557 0.00046729 0 2.83206e-05
 0 0 0 0 0.000772559 0.00158375 0.000888443 0.00281984 0.00712685 0.0440552 0.0773331 0.111326 0.0921469 0.0852325 0.0710754 0.0886704 0.0786465 0.0553345 0.0373146 0.0185414 0.00753245 0.00457741 0.012979 0.0271748 0.0457355 0.0583668 0.034881 0.0177882 0.00938659 0.00492506 0.0015258 0.00185414 0.000309023 5.79419e-05 3.86279e-05 0
 0 0.00173294 0.00326652 0 0.00397197 0.00683976 0.00946217 0.0152591 0.00757587 0.0136028 0.0228656 0.0392903 0.0559909 0.0764795 0.0681675 0.0726916 0.0566044 0.0477403 0.0527397 0.0444891 0.0609904 0.0582453 0.0661739 0.0445044 0.0529084 0.0360697 0.0280645 0.0235558 0.0158879 0.00826598 0.00280645 0.00217768 0.000904811 0.00058276 9.20147e-05 0
 0 0 0 0 0 0 0 0 0 0 0 0 0 0 0 0 0 0 0 0 0 0 0 0 0 0 0 0 0 0 0 0 0 0 0 0
 0 0 0 0 0 0 0 0 0 0 0 0 0 0 0 0 0 0 0 0 0 0 0 0 0 0 0 0 0 0 0 0 0 0 0 0
ppred_pel_tallas
 1.00923e-16 3.31884e-05 0.000194789 0.00092594 0.00356492 0.0111169 0.0280803 0.0574562 0.0952403 0.127906 0.13919 0.122781 0.0879027 0.0513251 0.0249544 0.0110693 0.00605134 0.00563607 0.00720353 0.00958779 0.0122865 0.0149705 0.0173279 0.019069 0.0199799 0.0199694 0.0190872 0.0175043 0.0154653 0.0132296 0.0110185 0.00898599 0.00721233 0.00571741 0.004483 0.00347415
 1.00808e-16 3.188e-05 0.000187103 0.000889391 0.00342418 0.010678 0.0269718 0.0551883 0.0914826 0.122864 0.133714 0.117979 0.0845255 0.0494754 0.0242827 0.0111568 0.00664181 0.00665351 0.00867179 0.0115508 0.0147569 0.0179016 0.0206031 0.0225089 0.0233655 0.0230769 0.0217259 0.0195473 0.0168663 0.0140205 0.0112935 0.00887517 0.00685468 0.00523855 0.00398123 0.00301534
 1.01107e-16 2.63785e-05 0.000154795 0.000735771 0.00283267 0.00883334 0.0223125 0.045656 0.0756858 0.101662 0.110675 0.0977359 0.0702074 0.0414672 0.0210465 0.0108396 0.00805275 0.00935353 0.0126606 0.0169658 0.0216935 0.0263221 0.030299 0.0331072 0.0343729 0.0339535 0.0319685 0.0287617 0.0248095 0.0206086 0.0165766 0.012995 0.00999789 0.00759812 0.00573146 0.00430074
 1.01539e-16 3.0157e-05 0.000176988 0.000841305 0.00323904 0.0101006 0.0255134 0.0522044 0.0865365 0.116222 0.126489 0.11161 0.0799768 0.0468419 0.0230455 0.0106849 0.00650003 0.00663805 0.00872564 0.011688 0.0150259 0.0183718 0.0213578 0.0236353 0.0249419 0.025157 0.0243248 0.0226322 0.0203545 0.0177861 0.0151818 0.0127217 0.0105053 0.00856637 0.00689795 0.00547544
 1.01632e-16 2.97591e-05 0.000174651 0.000830188 0.00319623 0.00996711 0.0251762 0.0515146 0.0853937 0.114689 0.124825 0.110152 0.0789556 0.0462906 0.0228611 0.0107442 0.00672993 0.00702013 0.0092702 0.012408 0.0159197 0.0194137 0.022495 0.0247927 0.0260326 0.0260978 0.0250516 0.0231123 0.0205909 0.0178148 0.0150614 0.0125201 0.0102865 0.00838022 0.00677524 0.0054275
 1.02275e-16 2.31196e-05 0.00013566 0.000644797 0.00248239 0.00774098 0.0195534 0.0400107 0.0663296 0.0891009 0.0970177 0.0857152 0.0616602 0.0365957 0.0189016 0.0102713 0.00829124 0.010069 0.0137913 0.0185585 0.0238168 0.0290287 0.0336099 0.0370047 0.0388025 0.0388302 0.0371865 0.0342037 0.0303544 0.0261356 0.0219686 0.0181412 0.0147981 0.0119681 0.00960862 0.00764909
 1.02131e-16 3.07726e-05 0.000180606 0.000858509 0.00330529 0.0103072 0.0260353 0.0532719 0.0883049 0.118594 0.129061 0.113858 0.0815406 0.0476634 0.0232744 0.010498 0.0059927 0.00581844 0.00755741 0.0101348 0.0130833 0.0160872 0.0188377 0.0210399 0.0224653 0.0229978 0.0226536 0.0215641 0.0199334 0.0179839 0.0159105 0.013854 0.0118982 0.0100814 0.00841645 0.00690665
 1.0163e-16 2.85085e-05 0.000167306 0.000795262 0.00306174 0.00954771 0.0241169 0.0493474 0.0818026 0.10987 0.119591 0.10556 0.07572 0.0445072 0.0221912 0.0107814 0.00722142 0.00788493 0.0105238 0.0140886 0.0180412 0.0219411 0.025335 0.027799 0.0290248 0.0288899 0.0274839 0.0250761 0.0220426 0.0187745 0.0155996 0.0127368 0.0102887 0.00826485 0.00661761 0.00527781
 1.01246e-16 3.18084e-05 0.000186685 0.000887408 0.00341655 0.0106542 0.0269117 0.0550652 0.0912779 0.122587 0.133409 0.117699 0.0843025 0.0492995 0.0241127 0.0109395 0.00632596 0.00619515 0.00803781 0.0107256 0.0137512 0.0167601 0.0194068 0.0213689 0.0224084 0.0224242 0.0214722 0.0197433 0.0175097 0.0150587 0.0126345 0.010405 0.0084559 0.00680607 0.00543288 0.00429658
 1.01253e-16 2.90492e-05 0.00017048 0.000810355 0.00311986 0.00972894 0.0245747 0.050284 0.0833549 0.111954 0.121857 0.107554 0.0771386 0.0453166 0.0225493 0.0108797 0.00718899 0.0077782 0.0103555 0.0138538 0.0177321 0.0215521 0.0248649 0.0272511 0.0284054 0.0282069 0.0267445 0.0242863 0.021207 0.0178982 0.0146896 0.0118041 0.00934922 0.00733856 0.00572697 0.00444506
 1.01886e-16 2.39244e-05 0.000140385 0.000667263 0.00256889 0.00801074 0.0202347 0.0414048 0.06864 0.0922027 0.10039 0.0886829 0.0637694 0.0377958 0.0194264 0.0104037 0.0082204 0.00987557 0.0134905 0.0181397 0.0232657 0.0283366 0.0327772 0.0360416 0.0377276 0.0376667 0.0359592 0.0329358 0.0290661 0.0248445 0.0206911 0.0168941 0.0135994 0.0108368 0.00856343 0.00670632
 1.02603e-16 2.45637e-05 0.000144143 0.000685137 0.00263773 0.00822542 0.020777 0.0425139 0.0704769 0.094665 0.103058 0.0910074 0.0653713 0.0386061 0.0195878 0.0100826 0.00749511 0.0087325 0.0118735 0.0160027 0.0206125 0.0252464 0.0294135 0.032642 0.0345729 0.0350372 0.0340861 0.0319624 0.0290269 0.0256669 0.0222169 0.0189139 0.0158895 0.0131911 0.0108156 0.00873966
 1.01624e-16 3.13137e-05 0.000183781 0.000873601 0.00336339 0.0104884 0.026493 0.0542084 0.0898578 0.12068 0.131334 0.115871 0.0829967 0.0485439 0.0237582 0.010805 0.00628592 0.00619019 0.00804983 0.0107559 0.0138099 0.0168628 0.019573 0.0216205 0.0227675 0.0229099 0.0220973 0.0205111 0.0184126 0.0160771 0.0137386 0.0115575 0.00961569 0.00793231 0.00648919 0.0052541
 1.00466e-16 3.50265e-05 0.000205582 0.00097725 0.00376248 0.011733 0.0296365 0.0606402 0.100517 0.134991 0.146894 0.129563 0.092728 0.0540813 0.0261792 0.0114144 0.0059542 0.00528576 0.00663622 0.00877552 0.0111846 0.0135384 0.0155389 0.016916 0.0174785 0.0171579 0.0160249 0.0142677 0.012144 0.00991951 0.00781624 0.00598097 0.00447987 0.00331271 0.00243722 0.00179355
 1.00174e-16 3.73394e-05 0.000219164 0.00104183 0.00401114 0.0125084 0.0315952 0.0646474 0.107158 0.143904 0.15658 0.138077 0.0987554 0.0574636 0.0275677 0.0115946 0.00543476 0.00426016 0.00511261 0.00670109 0.00851867 0.0102887 0.0117762 0.0127729 0.0131329 0.012807 0.0118542 0.0104256 0.00872562 0.00696491 0.00531871 0.0039025 0.00276718 0.00191023 0.00129486 0.00086951
 1.00296e-16 3.31617e-05 0.000194629 0.00092517 0.00356194 0.0111076 0.0280569 0.0574085 0.0951624 0.127804 0.139087 0.12271 0.0878943 0.0514051 0.0251508 0.0114211 0.00661181 0.00646617 0.00835751 0.0110943 0.0141289 0.0170723 0.0195477 0.0212119 0.0218228 0.0212977 0.0197332 0.0173779 0.0145695 0.0116557 0.00892633 0.00657296 0.00468074 0.00324674 0.0022115 0.00149113
 1.00849e-16 2.81348e-05 0.000165109 0.000784812 0.0030215 0.00942221 0.0237999 0.0486991 0.0807288 0.108431 0.118031 0.104201 0.0747837 0.0440342 0.0220983 0.0109721 0.00765172 0.00856535 0.0114912 0.0153755 0.0196525 0.0238381 0.0274286 0.0299539 0.0310746 0.0306615 0.0288238 0.0258747 0.0222488 0.0183993 0.0147082 0.0114338 0.00870022 0.00652055 0.00483685 0.00356005
 1.01195e-16 3.11813e-05 0.000183003 0.000869898 0.00334913 0.0104439 0.0263806 0.0539786 0.0894772 0.12017 0.130782 0.11539 0.0826676 0.0483815 0.0237347 0.0108884 0.00646372 0.00646965 0.00844767 0.0112867 0.0144771 0.0176521 0.0204492 0.0225288 0.023639 0.0236712 0.0226809 0.0208657 0.0185096 0.0159134 0.0133348 0.0109526 0.00886105 0.00708441 0.00560349 0.00438018
 1.01272e-16 2.9423e-05 0.000172676 0.000820795 0.00316006 0.0098543 0.0248913 0.0509318 0.0844283 0.113395 0.123422 0.108928 0.0781071 0.0458523 0.0227541 0.0108762 0.00705381 0.00753674 0.0100039 0.0133809 0.0171325 0.0208339 0.0240524 0.0263832 0.0275315 0.0273788 0.0260079 0.0236742 0.0207355 0.0175661 0.014482 0.011697 0.00931539 0.00735204 0.00576611 0.00449386
 1.01255e-16 3.1225e-05 0.000183259 0.000871117 0.00335382 0.0104586 0.0264176 0.0540543 0.0896027 0.120339 0.130966 0.115552 0.0827843 0.0484508 0.0237705 0.0109075 0.00647823 0.00648545 0.00846647 0.0113074 0.0144965 0.0176648 0.0204483 0.022507 0.0235898 0.0235905 0.022569 0.0207277 0.018355 0.0157552 0.0131872 0.0108288 0.00877096 0.00703335 0.00559175 0.00440352
 1.01382e-16 2.93267e-05 0.000172111 0.000818108 0.00314971 0.00982204 0.0248098 0.050765 0.0841518 0.113023 0.123017 0.108569 0.0778478 0.0456953 0.0226676 0.0108209 0.00700063 0.00746898 0.00991381 0.0132667 0.0169981 0.0206891 0.0239129 0.0262695 0.0274659 0.0273818 0.0260946 0.0238508 0.0209984 0.0179021 0.0148707 0.0121141 0.00973641 0.00775522 0.00613462 0.00481678
 1.01683e-16 2.86634e-05 0.000168217 0.000799595 0.00307843 0.00959977 0.0242484 0.0496162 0.0822477 0.110466 0.120235 0.106118 0.0760979 0.0446839 0.0221957 0.0106464 0.00695714 0.00747916 0.00995652 0.0133475 0.0171346 0.0209059 0.0242385 0.0267332 0.0280933 0.0281899 0.0270872 0.0250155 0.022306 0.0193088 0.0163226 0.0135536 0.0111089 0.00901498 0.00724878 0.00576713
 1.0174e-16 2.92884e-05 0.000171887 0.000817049 0.00314564 0.00980935 0.0247777 0.0506993 0.0840424 0.112875 0.122852 0.108417 0.0777217 0.0455882 0.0225535 0.0106659 0.0067706 0.00713317 0.00944792 0.0126584 0.0162537 0.0198396 0.0230157 0.0254044 0.0267249 0.0268546 0.025853 0.0239359 0.0214138 0.0186149 0.0158189 0.0132181 0.010912 0.00892486 0.00723538 0.0058044
 1.02004e-16 2.64931e-05 0.000155471 0.000738996 0.0028451 0.0088721 0.0224104 0.0458559 0.0760161 0.102102 0.111146 0.0981298 0.0704437 0.0415133 0.0208986 0.0104868 0.0074592 0.00846264 0.0114146 0.0153295 0.0196769 0.0239978 0.0278083 0.0306505 0.0321851 0.0322669 0.0309738 0.0285748 0.0254542 0.0220167 0.0186058 0.0154566 0.0126883 0.0103263 0.00833899 0.00667238
pSPR Fmed_Fpbrs
0.517115   0.6 0.325
Fs Fmed_Fpbrs
0.64   0.449262 1.54203
SSBpbr Bo_Bmed_Bpbrs
795362  371526  437449 218725
Ro
34021.8
SPR SPRFo_SPRFmed_SPRFpbrs
700033 361998 227511
log_Ro
10.2548
likeval ReclasPelacesDesembMPH_pf_preclas_ppelaces_ptallas_desvR_qrecl_qpela
 63.8463 13.4205 0.0105417 12.9682 304.045 173.521 46.6909 0 16.0808 3.00867e-06 8.27021e-05 2.88882e-14 0 0 0
q_reclas_q_pelaces
0.782084 3.64666
M
0.7
N
 35917.9 10770.1 3487.77 411.166 0.223445
 43446.8 16115.6 2708.85 655.127 75.5568
 21376.3 19652.3 4279.65 549.899 145.278
 31033.8 9011.06 3253.2 442.13 69.2312
 53923.3 14862.3 3509.15 1141.38 177.965
 38198.8 26605.7 7068.57 1638.33 615.084
 72724.3 17810.2 8657.65 1918.56 603.023
 73997.6 34661.9 6716.77 2901.39 837.302
 104209 33943.9 10112.1 1559.58 852.798
 115267 47470.9 9451.28 2196.52 513.905
 65971 53945.1 15841.2 2659.26 752.57
 45739 29396.5 12955.2 2785.32 585.505
 45232.4 20637.3 7676.28 2567.44 653.864
 25863.8 19230.6 3617.06 860.49 348.759
 15251.9 9363.42 1147.19 86.8984 27.0584
 12404.9 5368.4 462.512 21.0458 1.93528
 8762.77 5362.18 1051.6 60.7787 2.92817
 11316.7 3889.98 1255.6 178.339 10.5383
 12860.2 5170.9 1105.51 280.831 41.4709
 18936.6 5985.27 1662.49 294.935 84.7517
 26139.2 8815.42 1927.41 444.549 100.069
 35803.7 12599.2 3584.62 719.326 201.906
 51369.2 17161.8 4935.59 1268.35 323.386
 54111.8 24495.1 6492.59 1661.47 530.981
pred_Ctot
 2506.53 3972.93 1646.86 197.006 0.107144
 2799.62 5587.35 1211.18 297.395 34.3266
 2345.1 10016.6 2654.15 344.839 91.1563
 796.229 1418.12 700.446 97.0717 15.2158
 248.942 452.712 151.53 50.3939 7.86678
 1684.31 6757.29 2385.61 562.606 211.416
 2107.71 3130.23 2070.58 467.703 147.153
 4076.88 10600 2684.88 1178.64 340.43
 6226 11083.1 4286.62 671.55 367.516
 4787.61 11456 3042.79 719.742 168.551
 4901.94 20875.3 7798.2 1327.78 376.045
 3023.24 10397 5895.29 1286.61 270.676
 4721.47 10178.6 4635.62 1568.4 399.676
 5132.4 13593.3 2867.43 686.199 278.205
 3257.76 6829.48 928.989 70.7462 22.0351
 1164.85 2463.2 263.166 12.1242 1.11562
 672.676 2126.49 528.759 30.9895 1.4941
 653.074 1235.2 519.154 74.9167 4.43066
 582.755 1344.12 381.149 98.5038 14.5595
 855.024 1551.08 571.577 103.163 29.6719
 552.941 1161.71 350.085 82.3836 18.5645
 896.585 1939.36 755.654 154.638 43.4503
 1472.12 2985.81 1169.1 306.244 78.1616
 1603.82 4392.81 1582.72 412.809 132.061
F
 0.101445 0.680247 0.972188 0.994655 0.995867
 0.0933433 0.625919 0.894544 0.915217 0.916331
 0.163828 1.09856 1.57002 1.60631 1.60826
 0.0362504 0.243079 0.347401 0.355429 0.355862
 0.00643768 0.0431683 0.0616947 0.0631205 0.0631973
 0.0630344 0.422681 0.604082 0.618043 0.618795
 0.0410349 0.275162 0.393253 0.402341 0.402831
 0.0793237 0.53191 0.760189 0.777756 0.778704
 0.0862805 0.578559 0.826859 0.845967 0.846997
 0.05928 0.397506 0.568103 0.581232 0.58194
 0.108339 0.726471 1.03825 1.06224 1.06354
 0.095852 0.642741 0.918586 0.939814 0.940959
 0.155309 1.04144 1.48839 1.52279 1.52464
 0.316035 2.11919 3.02868 3.09867 3.10244
 0.344176 2.30789 3.29837 3.37459 3.3787
 0.138723 0.930214 1.32943 1.36016 1.36181
 0.112109 0.751756 1.07439 1.09922 1.10055
 0.0832292 0.558098 0.797616 0.816049 0.817043
 0.0648316 0.434732 0.621306 0.635664 0.636438
 0.064592 0.433126 0.619009 0.633315 0.634086
 0.0298034 0.199849 0.285618 0.292218 0.292574
 0.0353675 0.237159 0.33894 0.346773 0.347195
 0.0405669 0.272024 0.388768 0.397752 0.398237
 0.0419824 0.281515 0.402333 0.411631 0.412132
Np
 23415.2 11107.5 9414.14 2939.99 900.243
YTP_r0W_actual
 13962.4 90016.9 46746.1 15956 6238.66
YTP_p0W_proyectada
 6192.84 107646 75463.5 23064.9 8632.09
 6192.84 46404.8 77393.7 31449.8 10697.4
CTP_r0_actual
 1745.3 4737.73 1699.86 443.221 141.788
CTP_p0_proyectada
 755.224 4983.62 2403.3 575.185 193.98
 755.224 2148.37 2464.77 784.284 240.391
Wmedp
 8.2 21.6 31.4 40.1 44.5
nmprior
 10.8 10.6 4.6 0
nm_flota  nm_reclas  nm_pelaces    nm_pelaL
inf 21.0154 14.5178 24.7903
cv_recla  cv_pelaces  cv_mph
0.739766 0.431071 0.509277
 ------------------------------------------------
Talla a la edad & desviaci?n 
 7.2 14.2025 17.0495 18.207 18.6776
 1.08 2.13037 2.55742 2.73105 2.80164
