years
 1997 1998 1999 2000 2001 2002 2003 2004 2005 2006 2007 2008 2009 2010 2011 2012 2013 2014 2015 2016 2017 2018 2019 2020 2021
reclasobs
 0 0 0 370054 412103 1.49427e+06 250295 1.28982e+06 931140 785840 897777 1.04006e+06 184774 17550 25797 100020 73551 82996 120727 218422 84188 347160 605670 569463 516374
reclaspred
 452641 118622 325372 218544 313343 354755 768111 532197 672469 720162 597235 401517 251062 112797 77987.6 73980.6 81801.8 105208 109662 168673 274501 256897 440477 569912 663623
pelacesobs
 0 0 0 0 0 0 0 0 0 2.06254e+06 1.5e+06 0 1.87456e+06 323000 250000 174000 83755 137374 0 501740 490994 745055 786931 1.00524e+06 1.33801e+06
pelacespred
 870620 192586 328116 340685 426231 379633 1.00265e+06 799726 942649 999629 729624 508536 320177 115468 82056.9 83160.7 96337.8 125770 132005 201569 373201 332758 471472 689874 787719
mphobs
 0 0 0 0 0 0 112323 0 153150 637223 0 255016 313432 73983 77613 109348 50772 17779 17303 59886 28197 0 207744 136588 643089
mphpred
 570129 327337 375067 401765 417336 632939 898570 1.05616e+06 961387 1.1318e+06 1.21479e+06 858306 508489 269872 120776 104687 109900 141000 176439 195095 346156 463087 566005 831430 1.07091e+06
desembarqueobs
 350755 77701 442110 56441 14545 235359 269955 359681 431902 328805 639364 411747 362871 311530 167758 66681 60226 58785 57116 73181 50977 67692 138656 160484 209506
desembarquepred
 350760 77699.9 442097 56443.2 14545.2 235446 269999 359669 431879 328773 639494 411933 363063 311797 167725 66692.7 60258.1 58789.2 57108.7 73172.9 50975.1 67682.2 138654 160479 209497
Reclutas
 42405.1 52799.9 27827.8 40851.5 66382.2 45929.9 82063.4 85172.2 127788 146250 65140.3 40057.9 46614.2 24441.3 17365.7 16089 11609 13376 15652.8 30991.3 42794.6 49310.7 80161.1 102391 40146
log_desv_Rt
 0.00377448 0.223014 -0.417457 -0.0335516 0.451935 0.0836233 0.663999 0.701181 1.10688 1.24182 0.433049 -0.0531689 0.0984102 -0.547218 -0.888998 -0.965355 -1.29171 -1.15003 -0.992845 -0.309789 0.0129187 0.154646 0.640544 0.885302 -0.0509716
SSB
 570129 327337 375067 401765 417336 632939 874471 1.04434e+06 939898 1.10952e+06 1.21479e+06 858306 524130 281709 131062 114179 124554 153126 181791 211107 354729 463087 581075 817104 1.14682e+06
BT
 1.84159e+06 477619 827887 670610 775169 867272 1.98194e+06 1.83599e+06 2.08256e+06 2.10251e+06 1.87452e+06 1.28597e+06 927724 501726 286379 203661 222181 272552 285384 419771 709474 659139 940489 1.36659e+06 1.57362e+06
Ftot
 0.54947 0.486372 0.78225 0.16808 0.0332242 0.345926 0.234917 0.453652 0.48415 0.319553 0.568197 0.528139 0.861503 1.50662 1.47122 0.575966 0.468559 0.355005 0.309632 0.314578 0.127696 0.153346 0.185494 0.179402 0.160011
BD_Bspro_t
 0.933446 0.702264 0.639267 0.475592 0.612122 0.755769 0.69977 0.71054 0.655762 0.64781 0.640231 0.482394 0.367749 0.267694 0.162107 0.172749 0.24465 0.362364 0.462086 0.558849 0.700565 0.798325 0.805854 0.809993 0.817528
BD_Bspro
 0.656375 0.376854 0.431804 0.462542 0.480468 0.728686 1.00676 1.20232 1.08208 1.27736 1.39855 0.988145 0.603417 0.324324 0.150888 0.131451 0.143396 0.17629 0.209291 0.243042 0.408391 0.53314 0.668976 0.94071 1.3203
BD_Bo
 0.411379 0.236191 0.270631 0.289895 0.30113 0.456699 0.630978 0.753546 0.678187 0.80058 0.876533 0.619314 0.378188 0.203268 0.0945684 0.082386 0.0898726 0.110489 0.131172 0.152325 0.255956 0.334142 0.419277 0.589584 0.827491
BD_Brms
 1.40308 0.805572 0.923035 0.98874 1.02706 1.55766 2.15206 2.5701 2.31308 2.73052 2.98957 2.11228 1.28988 0.693283 0.322542 0.280993 0.306527 0.376842 0.447385 0.519531 0.872985 1.13965 1.43002 2.01088 2.82231
S_f
 0.168112 1 1 1 1
 0.168112 1 1 1 1
 0.168112 1 1 1 1
 0.168112 1 1 1 1
 0.168112 1 1 1 1
 0.168112 1 1 1 1
 0.168112 1 1 1 1
 0.168112 1 1 1 1
 0.168112 1 1 1 1
 0.168112 1 1 1 1
 0.168112 1 1 1 1
 0.168112 1 1 1 1
 0.168112 1 1 1 1
 0.168112 1 1 1 1
 0.168112 1 1 1 1
 0.168112 1 1 1 1
 0.168112 1 1 1 1
 0.168112 1 1 1 1
 0.168112 1 1 1 1
 0.168112 1 1 1 1
 0.168112 1 1 1 1
 0.168112 1 1 1 1
 0.168112 1 1 1 1
 0.168112 1 1 1 1
 0.168112 1 1 1 1
Scru_reclas
 0.913088 1 1 1 1
 0.913088 1 1 1 1
 0.913088 1 1 1 1
 0.913088 1 1 1 1
 0.913088 1 1 1 1
 0.913088 1 1 1 1
 0.913088 1 1 1 1
 0.913088 1 1 1 1
 0.913088 1 1 1 1
 0.913088 1 1 1 1
 0.913088 1 1 1 1
 0.913088 1 1 1 1
 0.913088 1 1 1 1
 0.913088 1 1 1 1
 0.913088 1 1 1 1
 0.913088 1 1 1 1
 0.913088 1 1 1 1
 0.913088 1 1 1 1
 0.913088 1 1 1 1
 0.913088 1 1 1 1
 0.913088 1 1 1 1
 0.913088 1 1 1 1
 0.913088 1 1 1 1
 0.913088 1 1 1 1
 0.913088 1 1 1 1
Scru_pelaces
 1 1 1 1 1
 1 1 1 1 1
 1 1 1 1 1
 1 1 1 1 1
 1 1 1 1 1
 1 1 1 1 1
 1 1 1 1 1
 1 1 1 1 1
 1 1 1 1 1
 1 1 1 1 1
 1 1 1 1 1
 1 1 1 1 1
 1 1 1 1 1
 1 1 1 1 1
 1 1 1 1 1
 1 1 1 1 1
 1 1 1 1 1
 1 1 1 1 1
 1 1 1 1 1
 1 1 1 1 1
 1 1 1 1 1
 1 1 1 1 1
 1 1 1 1 1
 1 1 1 1 1
 1 1 1 1 1
pf_obs 
 0.256992 0.487395 0.22802 0.0275931 0
 0.321318 0.546541 0.124235 0.00734118 0.000564706
 0.182869 0.594174 0.210203 0.0122559 0.00049798
 0.330522 0.361315 0.267642 0.0388342 0.00168674
 0.649043 0.306663 0.0425973 0.00169635 0
 0.582887 0.30429 0.105238 0.00758474 0
 0.465427 0.430635 0.0974691 0.00646863 0
 0.296916 0.608066 0.0921331 0.00288517 0
 0.311714 0.524322 0.152257 0.0117073 0
 0.15457 0.633149 0.183074 0.0267441 0.00246327
 0.131901 0.49318 0.331252 0.0422183 0.00144891
 0.196976 0.569456 0.194076 0.0375587 0.00193317
 0.518974 0.381816 0.0799577 0.0180837 0.00116848
 0.0928022 0.601141 0.25162 0.0475244 0.00691264
 0.122501 0.610282 0.24278 0.0234846 0.000952079
 0.383417 0.481906 0.127806 0.00687128 0
 0.0376549 0.599619 0.316969 0.0457579 0
 0.0361596 0.667082 0.258105 0.0386534 0
 0.158088 0.579412 0.248529 0.0139706 0
 0.0477256 0.309471 0.559284 0.082774 0.000745712
 0.0406174 0.521527 0.379366 0.0568643 0.0016247
 0.151134 0.462217 0.34131 0.0453401 0
 0.294876 0.26143 0.354403 0.0886775 0.000613685
 0.281977 0.475581 0.204845 0.0348837 0.00271318
 0.0841818 0.532909 0.334909 0.0458182 0.00218182
pf_pred 
 0.318445 0.479388 0.180638 0.0215181 1.02461e-05
 0.300434 0.548437 0.1063 0.0400547 0.00477371
 0.161464 0.640354 0.155369 0.030114 0.0126996
 0.274346 0.455499 0.206305 0.0500557 0.0137934
 0.288765 0.504122 0.130006 0.0588826 0.0182235
 0.159056 0.597384 0.172635 0.0445202 0.0264047
 0.284561 0.408016 0.218385 0.06311 0.025928
 0.237145 0.55352 0.119384 0.0638987 0.0260522
 0.311499 0.47992 0.151344 0.0326421 0.0245945
 0.26677 0.566594 0.116154 0.0366296 0.0138529
 0.121754 0.62876 0.192786 0.0395221 0.0171769
 0.125349 0.455561 0.300038 0.0919957 0.0270562
 0.23137 0.402817 0.190533 0.125487 0.0497921
 0.193841 0.591075 0.11272 0.0533166 0.0490482
 0.271157 0.552524 0.129277 0.0246534 0.0223887
 0.288186 0.58805 0.0938236 0.0219524 0.00798818
 0.194383 0.613212 0.158951 0.0253608 0.00809302
 0.235229 0.491563 0.207958 0.053905 0.0113451
 0.243161 0.517936 0.153557 0.064963 0.0203832
 0.352334 0.4462 0.137871 0.040876 0.0227186
 0.28965 0.56109 0.10283 0.0317735 0.0146559
 0.232805 0.55261 0.169496 0.0310634 0.0140256
 0.284897 0.471868 0.175202 0.0537379 0.0142952
 0.255527 0.53689 0.136976 0.0508583 0.0197489
 0.0908732 0.626943 0.203501 0.0519191 0.0267628
pobs_RECLAS
 0 0 0 0 0
 0 0 0 0 0
 0 0 0 0 0
 0 0 0 0 0
 0.835266 0.146461 0.0176864 0.000547809 3.91292e-05
 0.385257 0.428462 0.181853 0.0044286 0
 0.867414 0.0963971 0.0333333 0.00285562 0
 0.441836 0.489002 0.0689373 0.000224442 0
 0.779404 0.147425 0.0564933 0.0165055 0.000172143
 0.814271 0.122319 0.05973 0.00367925 0
 0.40263 0.566651 0.0304383 0.000280538 0
 0.475488 0.404961 0.113038 0.00651328 0
 0.955842 0.0263864 0.0167828 0.000988607 0
 0.975058 0.0227948 0.00214734 0 0
 0.738997 0.206755 0.0527124 0.00153531 0
 0.850938 0.134255 0.0134407 0.00136685 0
 0.542534 0.407297 0.0501686 0 0
 0.764087 0.199537 0.0359546 0.000420521 0
 0.470689 0.182191 0.310203 0.0369168 0
 0.84361 0.089868 0.0606195 0.00523954 0.000663233
 0.607945 0.314616 0.071237 0.00620181 0
 0.523733 0.453247 0.0230204 0 0
 0.530135 0.295979 0.169645 0.0042399 0
 0.562478 0.366248 0.0663022 0.0049721 0
 0.250443 0.683176 0.0655157 0.000865301 0
ppred_RECLAS
 0.725015 0.193418 0.0728816 0.00868187 4.13398e-06
 0.706741 0.229906 0.044561 0.016791 0.00200115
 0.526502 0.36159 0.0877325 0.0170046 0.00717111
 0.674525 0.204304 0.0925334 0.0224513 0.00618672
 0.688358 0.220891 0.0569649 0.0258006 0.00798499
 0.512066 0.346616 0.100167 0.0258316 0.0153206
 0.686483 0.178799 0.0956999 0.0276558 0.0113621
 0.634988 0.264849 0.057123 0.0305744 0.0124655
 0.717384 0.196997 0.0621238 0.0133989 0.0100955
 0.668301 0.256316 0.0525459 0.0165705 0.00626677
 0.439346 0.401388 0.123071 0.0252301 0.0109654
 0.446644 0.288215 0.189822 0.0582019 0.0171173
 0.636835 0.190325 0.0900239 0.0592908 0.023526
 0.604586 0.289917 0.055288 0.0261513 0.0240577
 0.701733 0.226111 0.0529044 0.010089 0.0091622
 0.696062 0.251092 0.0400619 0.00937347 0.00341088
 0.574819 0.323635 0.0838899 0.0133847 0.00427125
 0.630696 0.237373 0.100422 0.0260304 0.0054785
 0.640016 0.246351 0.0730382 0.030899 0.00969508
 0.750714 0.171742 0.0530664 0.0157331 0.00874436
 0.690382 0.24456 0.0448202 0.013849 0.006388
 0.62433 0.270595 0.0829968 0.0152107 0.00686786
 0.68615 0.207097 0.0768939 0.0235849 0.00627398
 0.653114 0.250163 0.0638237 0.0236974 0.00920198
 0.353861 0.445584 0.144633 0.0369001 0.019021
pobs_PELACES
 0 0 0 0 0
 0 0 0 0 0
 0 0 0 0 0
 0 0 0 0 0
 0 0 0 0 0
 0 0 0 0 0
 0 0 0 0 0
 0 0 0 0 0
 0 0 0 0 0
 0 0 0 0 0
 0.450072 0.473896 0.0757376 0.000293798 0
 0 0 0 0 0
 0.463077 0.371075 0.160297 0.00555027 0
 0.529543 0.364841 0.0842815 0.0213345 0
 0.631943 0.363953 0.00410389 0 0
 0.735681 0.248677 0.0153453 0.000297389 0
 0.695825 0.281241 0.0229344 0 0
 0.275771 0.60734 0.115278 0.00161068 0
 0 0 0 0 0
 0.896147 0.0623911 0.0374545 0.00400742 0
 0.803859 0.145111 0.0509908 3.86294e-05 0
 0.739449 0.233085 0.0266225 0.000797448 4.60066e-05
 0.878498 0.100942 0.0204185 0.000141795 0
 0.694673 0.275183 0.0284847 0.00165964 0
 0.469039 0.446079 0.0841089 0.000773354 0
ppred_PELACES
 0.770518 0.161412 0.0608215 0.00724523 3.4499e-06
 0.751018 0.195194 0.037833 0.0142558 0.00169901
 0.601513 0.304307 0.0738339 0.0143107 0.00603506
 0.703868 0.185885 0.084191 0.0204272 0.00562895
 0.709406 0.205973 0.0531177 0.0240581 0.00744571
 0.558274 0.31379 0.0906807 0.0233853 0.0138697
 0.718926 0.160297 0.0857968 0.024794 0.0101863
 0.683334 0.22977 0.049557 0.0265248 0.0108144
 0.760488 0.166952 0.0526488 0.0113554 0.0085558
 0.706648 0.226684 0.0464712 0.0146548 0.00554229
 0.500772 0.357411 0.109587 0.0224658 0.00976401
 0.505417 0.257603 0.16966 0.0520201 0.0152993
 0.7087 0.152662 0.0722095 0.047558 0.0188705
 0.7169 0.207569 0.0395839 0.0187233 0.0172243
 0.79419 0.156021 0.036505 0.0069616 0.00632209
 0.74605 0.209796 0.033473 0.00783185 0.00284991
 0.627404 0.283609 0.0735147 0.0117293 0.003743
 0.673396 0.209928 0.0888106 0.0230207 0.00484507
 0.679475 0.219348 0.0650323 0.0275121 0.00863239
 0.7824 0.149912 0.0463214 0.0137334 0.0076329
 0.716646 0.223815 0.0410183 0.0126742 0.00584613
 0.654976 0.24852 0.076226 0.0139698 0.00630758
 0.715862 0.187491 0.0696144 0.0213521 0.00568003
 0.684154 0.227778 0.0581127 0.0215769 0.00837857
 0.385265 0.423928 0.137604 0.0351067 0.0180965
pobs_pel_tallas
 0 0 0 0 0 0 0 0 0 0 0 0 0 0 0 0 0 0 0 0 0 0 0 0 0 0 0 0 0 0 0 0 0 0 0 0
 0 0 0 0 0 0 0 0 0 0 0 0 0 0 0 0 0 0 0 0 0 0 0 0 0 0 0 0 0 0 0 0 0 0 0 0
 0 0 0 0 0 0 0 0 0 0 0 0 0 0 0 0 0 0 0 0 0 0 0 0 0 0 0 0 0 0 0 0 0 0 0 0
 0 0 0 0 0 0 0 0 0 0 0 0 0 0 0 0 0 0 0 0 0 0 0 0 0 0 0 0 0 0 0 0 0 0 0 0
 0 0 0 0 0 0 0 0 0 0 0 0 0 0 0 0 0 0 0 0 0 0 0 0 0 0 0 0 0 0 0 0 0 0 0 0
 0 0 0 0 0 0 0 0 0 0 0 0 0 0 0 0 0 0 0 0 0 0 0 0 0 0 0 0 0 0 0 0 0 0 0 0
 0 0 0 0 0 0 0 0 0 0 0 0 0 0 0 0 0 0 0 0 0 0 0 0 0 0 0 0 0 0 0 0 0 0 0 0
 0 0 0 0 0 0 0 0 0 0 0 0 0 0 0 0 0 0 0 0 0 0 0 0 0 0 0 0 0 0 0 0 0 0 0 0
 0 0 0 0 0 0 0 0 0 0 0 0 0 0 0 0 0 0 0 0 0 0 0 0 0 0 0 0 0 0 0 0 0 0 0 0
 0 0 0 0 0 0 0 0 0 0 0 0 0 0 0 0 0 0 0 0 0 0 0 0 0 0 0 0 0 0 0 0 0 0 0 0
 0 0 0 0 0 0 0 0 1.78061e-05 0.00172719 0.00360574 0.0105946 0.0120993 0.0124554 0.0147524 0.0171206 0.0266825 0.0428682 0.0675386 0.121331 0.153587 0.119568 0.100827 0.0573624 0.0630603 0.0341343 0.0324427 0.0444173 0.0211091 0.0280891 0.0125444 0.00206551 0 0 0 0
 0 0 0 0 0 0 0 0 0 0 0 0 0 0 0 0 0 0 0 0 0 0 0 0 0 0 0 0 0 0 0 0 0 0 0 0
 0 0 0 0 0 0 0.0133647 0.0140871 0.0187388 0.0205184 0.03894 0.0496705 0.03968 0.0493445 0.0407372 0.0367815 0.0215668 0.0243155 0.0234873 0.0199281 0.019796 0.0243948 0.0301388 0.0376714 0.0412746 0.0863199 0.0771752 0.113111 0.0741005 0.0525337 0.0229764 0.00759418 0.00175318 0 0 0
 0 0 0 0 0 0 0 0 0 0 0.00219441 0.00772107 0.0458388 0.0604681 0.0671733 0.0775358 0.0609151 0.0617685 0.073594 0.0568108 0.0755445 0.0548602 0.0670107 0.0636378 0.0643287 0.046367 0.0373049 0.0286899 0.0247887 0.0153202 0.00654259 0.00121912 0.000365735 0 0 0
 0 0 0 0 0 0 0 0 0 0 0 0 0.000112435 0.00938835 0.0111873 0.0202946 0.0414886 0.0713402 0.111592 0.104902 0.108894 0.110636 0.117776 0.105296 0.107544 0.0401394 0.0192827 0.0124803 0.00416011 0.0028671 0.000618394 0 0 0 0 0
 0 0 0 0 0 0 0 0 0 0 0.00291406 0.0102884 0.027416 0.0768956 0.0749926 0.110853 0.0956884 0.0897413 0.0766577 0.0534642 0.0500743 0.0551293 0.0594112 0.0620874 0.0668451 0.0424026 0.0208742 0.0120726 0.0048766 0.00582813 0.00118941 0.000297354 0 0 0 0
 0 0.00264628 0.0354308 0.0461629 0.0458689 0.0383711 0.0214643 0.0164657 0.0346957 0.0420465 0.0363128 0.0245516 0.0311673 0.0291091 0.0169068 0.0133784 0.00837989 0.0085269 0.0148486 0.0160247 0.0276389 0.0546898 0.0760071 0.122758 0.109233 0.0665981 0.0333725 0.0166128 0.00676272 0.00308733 0.000882094 0 0 0 0 0
 0 0 0 0 0 0 0 0.000805153 0.000690131 0.00759144 0.0133425 0.0154129 0.00931677 0.000345066 0.00356568 0.00563607 0.00851162 0.0253048 0.0502646 0.0516448 0.0657925 0.0565908 0.0611916 0.0827007 0.0866115 0.110766 0.145733 0.0935128 0.0569358 0.0249597 0.0138026 0.00621118 0.00161031 0.00115022 0 0
 0 0 0 0 0 0 0 0 0 0 0 0 0 0 0 0 0 0 0 0 0 0 0 0 0 0 0 0 0 0 0 0 0 0 0 0
 0.00147267 0.00158595 0.00478618 0.00569244 0.00954404 0.0108468 0.00647125 0.017049 0.0510054 0.094081 0.124002 0.0959785 0.0687766 0.0820023 0.061753 0.0591476 0.0492212 0.0479892 0.0443925 0.0268479 0.0217502 0.0140895 0.0121071 0.0120363 0.00920419 0.00665534 0.0049561 0.00860946 0.00930331 0.0156896 0.0114698 0.00855282 0.00243557 0.00046729 0 2.83206e-05
 0 0 0 0 0.000772559 0.00158375 0.000888443 0.00281984 0.00712685 0.0440552 0.0773331 0.111326 0.0921469 0.0852325 0.0710754 0.0886704 0.0786465 0.0553345 0.0373146 0.0185414 0.00753245 0.00457741 0.012979 0.0271748 0.0457355 0.0583668 0.034881 0.0177882 0.00938659 0.00492506 0.0015258 0.00185414 0.000309023 5.79419e-05 3.86279e-05 0
 0 0.00173294 0.00326652 0 0.00397197 0.00683976 0.00946217 0.0152591 0.00757587 0.0136028 0.0228656 0.0392903 0.0559909 0.0764795 0.0681675 0.0726916 0.0566044 0.0477403 0.0527397 0.0444891 0.0609904 0.0582453 0.0661739 0.0445044 0.0529084 0.0360697 0.0280645 0.0235558 0.0158879 0.00826598 0.00280645 0.00217768 0.000904811 0.00058276 9.20147e-05 0
 0 0 0 0 0 0 0 0 0 0 0 0 0 0 0 0 0 0 0 0 0 0 0 0 0 0 0 0 0 0 0 0 0 0 0 0
 0 0 0 0 0 0 0 0 0 0 0 0 0 0 0 0 0 0 0 0 0 0 0 0 0 0 0 0 0 0 0 0 0 0 0 0
 0 0 0 0 0 0 0 0 0 0 0 0 0 0 0 0 0 0 0 0 0 0 0 0 0 0 0 0 0 0 0 0 0 0 0 0
ppred_pel_tallas
 1.01166e-16 3.36175e-05 0.000197311 0.000937931 0.0036111 0.0112609 0.0284441 0.0582002 0.0964728 0.129559 0.140982 0.124348 0.0889929 0.0518982 0.025115 0.0109411 0.00570162 0.00507185 0.00640141 0.00852504 0.0109632 0.0134229 0.015633 0.0173396 0.0183501 0.0185731 0.0180346 0.0168639 0.0152538 0.0134131 0.0115236 0.00971608 0.00806561 0.00660173 0.00532571 0.0042262
 1.0117e-16 3.27685e-05 0.000192323 0.000914215 0.00351977 0.0109761 0.0277247 0.0567286 0.0940346 0.126288 0.137431 0.121236 0.0868095 0.0507131 0.0247058 0.0110419 0.00615307 0.0058315 0.00748984 0.00997177 0.012771 0.0155481 0.017979 0.0197636 0.0206826 0.0206459 0.0197113 0.0180628 0.0159594 0.0136725 0.0114306 0.00938824 0.00762089 0.00613999 0.00491801 0.00391221
 1.01921e-16 2.62539e-05 0.000154067 0.000732315 0.00281937 0.00879188 0.0222078 0.0454414 0.0753293 0.10118 0.110145 0.0972512 0.0698246 0.0411718 0.0207698 0.010493 0.00755214 0.00862721 0.0116545 0.0156533 0.0200892 0.0244941 0.0283731 0.0312576 0.0328004 0.0328534 0.0314971 0.029008 0.0257813 0.0222332 0.0187178 0.0154782 0.0126381 0.0102245 0.00820522 0.00652372
 1.02221e-16 3.07123e-05 0.000180252 0.000856828 0.00329882 0.010287 0.0259843 0.0531675 0.0881319 0.118361 0.128807 0.113634 0.0813783 0.0475651 0.0232202 0.0104633 0.00595908 0.00577531 0.00749962 0.0100609 0.0129951 0.0159903 0.0187414 0.0209568 0.0224094 0.0229828 0.0226903 0.0216583 0.0200852 0.0181872 0.0161545 0.0141245 0.0121799 0.0103597 0.00867893 0.0071441
 1.01996e-16 3.09545e-05 0.000181672 0.000863576 0.00332479 0.010368 0.0261889 0.0535863 0.0888266 0.119296 0.129828 0.114542 0.0820473 0.0479927 0.0234963 0.0106995 0.00624438 0.00616761 0.00803117 0.0107404 0.0138039 0.0168775 0.0196241 0.0217271 0.0229504 0.023189 0.0224887 0.0210242 0.0190479 0.0168253 0.0145808 0.0124666 0.0105594 0.00887618 0.00740002 0.00610304
 1.02842e-16 2.43689e-05 0.000142999 0.000679696 0.00261677 0.00816008 0.0206119 0.0421762 0.0699175 0.0939146 0.102243 0.0902948 0.0648732 0.0383395 0.0195031 0.0101207 0.00762109 0.00893802 0.0121633 0.0163814 0.0210753 0.0257748 0.0299742 0.0331906 0.0350609 0.0354215 0.0343389 0.032077 0.0290199 0.0255745 0.022087 0.0187958 0.0158249 0.0132074 0.0109229 0.00893175
 1.02599e-16 3.13678e-05 0.000184103 0.000875141 0.00336934 0.010507 0.0265398 0.0543039 0.0900147 0.120887 0.131549 0.116036 0.0830633 0.0484781 0.0235321 0.0103779 0.00559716 0.00516615 0.00662255 0.00888702 0.0115154 0.0142318 0.0167738 0.0188892 0.0203775 0.0211286 0.0211395 0.0205013 0.0193651 0.0178989 0.016251 0.014531 0.0128079 0.0111208 0.00949454 0.00795087
 1.02196e-16 2.98186e-05 0.000175001 0.000831857 0.00320266 0.00998717 0.0252269 0.0516181 0.085565 0.114918 0.125071 0.110363 0.0790927 0.0463425 0.0228339 0.0106432 0.00654961 0.00674444 0.00887949 0.0118871 0.0152653 0.0186405 0.0216386 0.023909 0.0251919 0.0253762 0.0245201 0.0228263 0.0205834 0.0180927 0.0156067 0.0132938 0.0112347 0.00944141 0.00788651 0.00653057
 1.01592e-16 3.31803e-05 0.000194744 0.000925726 0.0035641 0.0111143 0.0280739 0.0574429 0.0952177 0.127874 0.13915 0.122736 0.0878488 0.0512494 0.0248354 0.0108779 0.00575292 0.00519419 0.00658584 0.00877483 0.0112816 0.013808 0.0160764 0.0178278 0.0188675 0.0191058 0.0185747 0.0174108 0.0158149 0.0140002 0.0121493 0.0103886 0.00878523 0.00735933 0.00610336 0.00499995
 1.01497e-16 3.08351e-05 0.000180969 0.000860229 0.0033119 0.0103278 0.0260874 0.0533787 0.0884831 0.118836 0.129332 0.114116 0.0817667 0.0478778 0.0235313 0.0108684 0.0065513 0.00663556 0.00868913 0.0116082 0.0148792 0.018126 0.0209758 0.0230806 0.024185 0.0241833 0.0231401 0.0212666 0.0188607 0.0162345 0.0136513 0.0112888 0.00923411 0.00750096 0.00605875 0.00485991
 1.02901e-16 2.18634e-05 0.000128285 0.000609736 0.00234739 0.00732002 0.0184901 0.0378351 0.0627234 0.0842584 0.0917496 0.081072 0.0583443 0.0346767 0.0180016 0.00993036 0.00819246 0.0100637 0.0138376 0.0186654 0.0240176 0.0293713 0.0341515 0.037806 0.0399184 0.0402999 0.0390239 0.0363905 0.0328384 0.0288344 0.0247784 0.0209493 0.0174959 0.0144629 0.0118322 0.00956109
 1.04995e-16 2.2062e-05 0.00012946 0.000615342 0.00236901 0.00738745 0.0186603 0.0381826 0.0632967 0.0850202 0.0925571 0.0817329 0.0587058 0.0346634 0.0175788 0.00904169 0.0067289 0.00787749 0.0107853 0.014663 0.0190949 0.0237127 0.0281105 0.0318809 0.0346896 0.0363382 0.0367923 0.0361635 0.0346592 0.0325182 0.0299578 0.0271453 0.0241977 0.0211971 0.0182123 0.0153124
 1.03591e-16 3.09215e-05 0.000181484 0.000862691 0.00332141 0.0103575 0.0261622 0.0535313 0.0887339 0.119167 0.129676 0.114381 0.0818724 0.047771 0.0231665 0.0101791 0.00543761 0.00497547 0.00636746 0.00855497 0.0111092 0.0137706 0.0162949 0.0184474 0.0200412 0.0209722 0.021234 0.0209043 0.0201125 0.0189988 0.0176823 0.0162448 0.0147327 0.0131704 0.011577 0.00997803
 1.02078e-16 3.12813e-05 0.000183591 0.000872697 0.00335991 0.0104776 0.0264655 0.0541523 0.0897648 0.120555 0.131198 0.11575 0.0829098 0.0484916 0.0237297 0.0107865 0.00626671 0.00616249 0.00800737 0.0106925 0.0137195 0.01674 0.0194147 0.0214279 0.0225477 0.0226771 0.0218732 0.0203237 0.0182929 0.0160554 0.0138395 0.0117953 0.00999153 0.00843341 0.00709006 0.00592019
 1.01104e-16 3.46494e-05 0.00020337 0.000966738 0.00372201 0.0116068 0.0293177 0.0599878 0.0994355 0.133537 0.145307 0.128155 0.0917013 0.0534443 0.0258002 0.0111305 0.00563972 0.00486298 0.00606356 0.00803967 0.0103021 0.0125603 0.0145519 0.0160359 0.016835 0.0168738 0.0161942 0.0149379 0.013307 0.0115139 0.00973833 0.00810269 0.00666812 0.00544643 0.00441945 0.00355752
 1.00946e-16 3.25525e-05 0.000191053 0.000908175 0.00349651 0.0109035 0.0275415 0.0563539 0.0934139 0.125455 0.136529 0.120448 0.086264 0.0504314 0.0246374 0.0111275 0.00636245 0.00616537 0.00796401 0.0106005 0.0135549 0.0164661 0.0189855 0.0207914 0.0216509 0.0214729 0.0203278 0.0184234 0.0160495 0.0135076 0.0110516 0.00885186 0.0069897 0.00547341 0.00426586 0.00331132
 1.01714e-16 2.7382e-05 0.000160691 0.000763815 0.00294066 0.00917012 0.0231632 0.047396 0.0785684 0.105528 0.114869 0.101403 0.0727634 0.0428194 0.0214433 0.0105748 0.0072895 0.00811383 0.0108941 0.0146208 0.0187665 0.0228878 0.0265218 0.0292302 0.0306877 0.0307538 0.0295007 0.0271836 0.0241691 0.0208446 0.017541 0.014487 0.0118016 0.00951384 0.0075975 0.00600303
 1.02347e-16 2.93846e-05 0.000172455 0.000819754 0.00315607 0.00984187 0.0248598 0.050867 0.0843195 0.113244 0.123247 0.108747 0.0779194 0.045626 0.0224277 0.0103675 0.00626934 0.00638206 0.00839954 0.0112852 0.0145672 0.0179046 0.0209547 0.0233892 0.024954 0.0255215 0.025112 0.0238748 0.0220398 0.0198572 0.017545 0.0152603 0.013095 0.01109 0.00925706 0.0075976
 1.02344e-16 2.96499e-05 0.000174012 0.000827156 0.00318456 0.00993073 0.0250843 0.0513264 0.0850811 0.114268 0.124362 0.109733 0.0786323 0.0460552 0.0226602 0.0105096 0.00639898 0.00654169 0.00860632 0.011539 0.0148527 0.0181907 0.0211961 0.0235312 0.0249412 0.0253089 0.0246753 0.0232178 0.0211958 0.0188843 0.0165169 0.0142536 0.0121775 0.0103116 0.0086453 0.0071575
 1.01536e-16 3.41351e-05 0.00020035 0.000952385 0.00366675 0.0114344 0.0288825 0.0590971 0.0979591 0.131554 0.143149 0.12625 0.0903362 0.052644 0.0254057 0.0109473 0.00553048 0.00475846 0.00593881 0.00789335 0.0101478 0.0124248 0.0144736 0.016062 0.0170154 0.0172531 0.0168033 0.0157877 0.0143847 0.0127837 0.0111462 0.00958348 0.00815403 0.00687483 0.00573901 0.00473178
 1.01364e-16 3.12709e-05 0.000183528 0.000872397 0.00335875 0.0104739 0.0264564 0.0541337 0.0897344 0.120516 0.131159 0.115724 0.0829102 0.04853 0.0238194 0.0109464 0.00652244 0.00654417 0.00854354 0.011402 0.0146026 0.017771 0.0205383 0.0225615 0.0235903 0.0235236 0.0224297 0.0205222 0.0181006 0.0154776 0.012916 0.0105927 0.00859229 0.00692549 0.00555758 0.00443647
 1.01938e-16 2.85829e-05 0.000167745 0.000797355 0.00306981 0.00957288 0.0241804 0.0494772 0.082017 0.110156 0.119895 0.105814 0.07587 0.0445309 0.0220843 0.010535 0.00681018 0.00727095 0.00967015 0.0129758 0.0166832 0.0203961 0.0237085 0.0262352 0.0276867 0.0279319 0.0270225 0.0251684 0.0226761 0.0198718 0.0170353 0.0143619 0.0119562 0.00984953 0.00802923 0.00646477
 1.02049e-16 3.12353e-05 0.000183323 0.000871425 0.00335502 0.0104623 0.026427 0.0540733 0.0896334 0.120377 0.131001 0.115567 0.0827582 0.0483627 0.0235924 0.0106008 0.00599301 0.00576622 0.00746353 0.00999244 0.0128791 0.0158058 0.0184646 0.0205637 0.0218799 0.022305 0.021864 0.020698 0.0190194 0.0170566 0.0150065 0.0130082 0.0111393 0.00942957 0.00788138 0.00648792
 1.02033e-16 2.98543e-05 0.000175211 0.000832854 0.0032065 0.00999915 0.0252571 0.05168 0.0856675 0.115056 0.125221 0.110494 0.0791844 0.0463922 0.022851 0.0106392 0.00653156 0.00671518 0.0088398 0.0118382 0.0152103 0.0185848 0.0215899 0.0238755 0.0251806 0.0253906 0.0245583 0.0228804 0.0206401 0.0181353 0.0156184 0.0132609 0.0111494 0.00930298 0.00770138 0.00631087
 1.04144e-16 1.68295e-05 9.87254e-05 0.000469192 0.00180624 0.00563243 0.0142275 0.029114 0.0482701 0.064857 0.0706604 0.0625255 0.0451897 0.0272454 0.0148553 0.0093307 0.00899705 0.0118132 0.01648 0.022296 0.0287304 0.0351893 0.040998 0.0455027 0.0482073 0.0488811 0.0476005 0.0447071 0.0407047 0.0361301 0.0314426 0.0269622 0.0228602 0.0191907 0.0159395 0.0130682
pSPR Fmed_Fpbrs
0.449751   0.343197 0.343197
Fs Fmed_Fpbrs
0.64   1.005 1.005
SSBpbr Bo_Bmed_Bpbrs
1.3859e+06  554015  406341 406341
Ro
42245.3
SPR SPRFo_SPRFmed_SPRFpbrs
868603 390655 298102
log_Ro
10.4712
likeval ReclasPelacesDesembMPH_pf_preclas_ppelaces_ptallas_desvR_qrecl_qpela
 68.4036 51.5574 0.00924903 68.1886 320.343 185.868 50.815 0 16.1827 3.32888e-05 0 0 0 0 0
q_reclas_q_pelaces
0.441497 1
M
0.7
N
 42405.1 12981.9 4891.69 582.713 0.277466
 52799.9 19199.7 3721.34 1402.24 167.118
 27827.8 24161.1 5862.19 1136.23 479.166
 40851.5 12116 5487.61 1331.46 366.898
 66382.2 19721 5085.79 2303.46 712.896
 45929.9 32780.8 9473.15 2443 1448.93
 82063.4 21519.6 11518.1 3328.55 1367.49
 85172.2 39173.5 8448.99 4522.21 1843.75
 127788 39189.6 12358.5 2665.51 2008.35
 146250 58497.5 11992.2 3781.79 1430.23
 65140.3 68827.1 21103.3 4326.28 1880.27
 40057.9 29400.8 19363.7 5937.18 1746.14
 46614.2 18202.1 8609.64 5670.41 2249.96
 24441.3 20026.9 3819.18 1806.48 1661.86
 17365.7 9421.5 2204.4 420.384 381.766
 16089 6733.98 1074.41 251.385 91.4757
 11609 7252.25 1879.87 299.934 95.7134
 13376 5328.18 2254.1 584.289 122.973
 15652.8 6257.5 1855.22 784.858 246.262
 30991.3 7378.69 2279.94 675.955 375.691
 42794.6 14597.1 2675.19 826.604 381.28
 49310.7 20799.8 6379.72 1169.2 527.912
 80161.1 23863.8 8860.47 2717.68 722.949
 102391 38584.7 9844.05 3655.04 1419.3
 40146 49335.1 16013.8 4085.59 2106.01
pred_Ctot
 2705.22 4072.44 1534.53 182.798 0.0870414
 2995.34 5467.94 1059.81 399.347 47.594
 2484.88 9854.83 2391.07 463.445 195.443
 819.858 1361.22 616.523 149.587 41.2203
 265.987 464.357 119.751 54.2379 16.786
 1872.4 7032.36 2032.24 524.089 310.834
 2290.52 3284.25 1757.85 507.992 208.702
 4517.58 10544.5 2274.25 1217.26 496.29
 7217.49 11119.9 3506.68 756.326 569.86
 5518.25 11720.2 2402.7 757.699 286.553
 4291.36 22161.4 6794.97 1393 605.42
 2460.1 8940.87 5888.56 1805.51 531.006
 4557.86 7935.27 3753.4 2472.03 980.877
 3990.68 12168.7 2320.61 1097.65 1009.78
 2775.74 5656 1323.36 252.369 229.185
 1073.81 2191.13 349.595 81.7966 29.7647
 635.287 2004.12 519.49 82.8848 26.4498
 559.231 1168.64 494.396 128.153 26.9718
 572.687 1219.83 361.655 152.999 48.0061
 1151.57 1458.36 450.617 133.599 74.2534
 654.457 1267.77 232.342 71.7912 33.1145
 903.859 2145.5 658.066 120.603 54.4539
 1773.17 2936.86 1090.44 334.459 88.9718
 2191.49 4604.54 1174.75 436.178 169.373
 767.479 5294.92 1718.69 438.488 226.028
F
 0.0923726 0.54947 0.54947 0.54947 0.54947
 0.0817651 0.486372 0.486372 0.486372 0.486372
 0.131506 0.78225 0.78225 0.78225 0.78225
 0.0282563 0.16808 0.16808 0.16808 0.16808
 0.00558539 0.0332242 0.0332242 0.0332242 0.0332242
 0.0581543 0.345926 0.345926 0.345926 0.345926
 0.0394923 0.234917 0.234917 0.234917 0.234917
 0.0762644 0.453652 0.453652 0.453652 0.453652
 0.0813915 0.48415 0.48415 0.48415 0.48415
 0.0537207 0.319553 0.319553 0.319553 0.319553
 0.0955208 0.568197 0.568197 0.568197 0.568197
 0.0887866 0.528139 0.528139 0.528139 0.528139
 0.144829 0.861503 0.861503 0.861503 0.861503
 0.253281 1.50662 1.50662 1.50662 1.50662
 0.24733 1.47122 1.47122 1.47122 1.47122
 0.0968268 0.575966 0.575966 0.575966 0.575966
 0.0787705 0.468559 0.468559 0.468559 0.468559
 0.0596807 0.355005 0.355005 0.355005 0.355005
 0.0520529 0.309632 0.309632 0.309632 0.309632
 0.0528843 0.314578 0.314578 0.314578 0.314578
 0.0214673 0.127696 0.127696 0.127696 0.127696
 0.0257793 0.153346 0.153346 0.153346 0.153346
 0.0311838 0.185494 0.185494 0.185494 0.185494
 0.0301596 0.179402 0.179402 0.179402 0.179402
 0.0268998 0.160011 0.160011 0.160011 0.160011
Np
 30103.5 12625.1 3527.62 3794.77 1455.66
YTP_r0W_actual
 50759 523473 254874 80986.4 43472.9
YTP_p0W_proyectada
 27866.6 202173 316158 131056 52806.2
 27866.6 131524 53422.8 73391.6 31241.7
CTP_r0_actual
 4532.06 23794.2 7723.45 1970.47 1015.72
CTP_p0_proyectada
 3398.36 9359.86 10068.7 3268.23 1186.66
 3398.36 6089.07 1701.36 1830.21 702.061
Wmedp
 8.2 21.6 31.4 40.1 44.5
nmprior
 10.8 10.6 4.6 0
nm_flota  nm_reclas  nm_pelaces    nm_pelaL
inf 16.6783 21.6663 54.5157
cv_recla  cv_pelaces  cv_mph
0.748108 0.814175 1.14513
 ------------------------------------------------
Talla a la edad & desviaci?n 
 7.2 14.2025 17.0495 18.207 18.6776
 1.08 2.13037 2.55742 2.73105 2.80164
