years
 1997 1998 1999 2000 2001 2002 2003 2004 2005 2006 2007 2008 2009 2010 2011 2012 2013 2014 2015 2016 2017 2018 2019 2020
reclasobs
 0 0 0 370054 412103 1.49427e+06 250295 1.28982e+06 931140 785840 897777 1.04006e+06 184774 17550 25797 100020 73551 82996 120727 218422 84188 347160 605670 569463
reclaspred
 542108 137541 360505 230372 345788 413319 894744 630231 753914 780191 655437 442057 268878 111749 70961.5 67746.4 75572.2 100261 112941 159069 241584 236803 407637 457300
pelacesobs
 0 0 0 0 0 0 0 0 0 2.06254e+06 1.5e+06 0 1.87456e+06 323000 250000 174000 83755 137374 0 501740 490994 745055 786931 1.00524e+06
pelacespred
 2.17463e+06 470740 734508 745732 994276 885102 2.47345e+06 1.96703e+06 2.2164e+06 2.25874e+06 1.61503e+06 1.13304e+06 697780 226998 154661 152930 178000 247230 272086 387409 683475 615836 869604 1.12412e+06
mphobs
 0 0 0 0 0 0 112323 0 153150 637223 0 255016 313432 73983 77613 109348 50772 17779 17303 59886 28197 0 207744 136588
mphpred
 185605 103180 113154 111329 117262 188172 269681 328846 298050 334245 340855 234996 138764 117452 48730.3 41314.8 43002.8 55721.1 31364.8 35949.3 57999.7 74473.7 95235.2 133111
desembarqueobs
 350755 77701 442110 56441 14545 235359 269955 359681 431902 328805 639364 411747 362871 311530 167758 66681 60226 58785 57116 73181 50977 67692 138656 160484
desembarquepred
 350771 77700.9 442089 56443.8 14545.5 235440 270010 359655 431901 328807 639300 411790 363022 311652 167601 66679.8 60255.4 58775.7 57097 73177.2 50977.6 67678 138653 160487
Reclutas
 39067.7 47903.9 23606 33676.9 60137.9 41946.4 78203.5 79884.8 110650 121510 64785 44035.8 46401.8 25895.4 15867.9 13496.9 9365.08 11867.6 14108.5 21192.9 28647.5 40088 55026.5 55407
log_desv_Rt
 0.0742022 0.278103 -0.429595 -0.0742821 0.505546 0.145298 0.768221 0.789491 1.11528 1.2089 0.57998 0.19391 0.246244 -0.33703 -0.826794 -0.988635 -1.35411 -1.11728 -0.944314 -0.537427 -0.236027 0.0999823 0.416721 0.423611
SSB
 528359 293723 322114 316919 333810 535667 746351 925111 828329 931558 970310 668962 409203 209564 91685.3 77630.1 84288.8 103567 131833 159467 242115 302840 398531 530863
BT
 1.7047e+06 433100 716759 539053 652925 748668 1.79286e+06 1.66719e+06 1.8319e+06 1.76961e+06 1.60382e+06 1.101e+06 801532 435627 237163 153086 163353 206966 222355 307806 482835 455986 651118 851588
Ftot
 0.604264 0.553405 0.942876 0.216163 0.0415676 0.413428 0.278422 0.517407 0.562534 0.389544 0.736167 0.698903 1.14354 2.15265 2.24779 0.888647 0.706709 0.541305 0.426666 0.422334 0.192135 0.23778 0.270076 0.285846
BD_Bspro_t
 0.927092 0.67883 0.601875 0.418536 0.559236 0.723659 0.665464 0.683532 0.62445 0.605331 0.584956 0.420857 0.311312 0.209628 0.116095 0.12019 0.173595 0.268577 0.37421 0.479782 0.608916 0.717823 0.738244 0.733029
BD_Bspro
 0.707907 0.393537 0.431575 0.424615 0.447246 0.717699 0.999978 1.23948 1.10981 1.24812 1.30004 0.89629 0.548259 0.280779 0.122842 0.10401 0.112932 0.138761 0.176633 0.213658 0.324391 0.405751 0.53396 0.711262
BD_Bo
 0.502738 0.27948 0.306494 0.301551 0.317623 0.509692 0.710159 0.88025 0.788162 0.886385 0.923257 0.636523 0.38936 0.199402 0.0872394 0.0738656 0.0802015 0.0985448 0.12544 0.151734 0.230375 0.288154 0.379205 0.505121
BD_Brms
 1.69813 0.944018 1.03526 1.01857 1.07286 1.72162 2.39875 2.97328 2.66223 2.994 3.11855 2.15003 1.31517 0.673534 0.294674 0.249501 0.270902 0.332861 0.423708 0.512523 0.778152 0.973318 1.28087 1.70618
S_f
 0.158614 1 1 1 1
 0.158614 1 1 1 1
 0.158614 1 1 1 1
 0.158614 1 1 1 1
 0.158614 1 1 1 1
 0.158614 1 1 1 1
 0.158614 1 1 1 1
 0.158614 1 1 1 1
 0.158614 1 1 1 1
 0.158614 1 1 1 1
 0.158614 1 1 1 1
 0.158614 1 1 1 1
 0.158614 1 1 1 1
 0.158614 1 1 1 1
 0.158614 1 1 1 1
 0.158614 1 1 1 1
 0.158614 1 1 1 1
 0.158614 1 1 1 1
 0.158614 1 1 1 1
 0.158614 1 1 1 1
 0.158614 1 1 1 1
 0.158614 1 1 1 1
 0.158614 1 1 1 1
 0.158614 1 1 1 1
Scru_reclas
 0.754574 1 1 1 1
 0.754574 1 1 1 1
 0.754574 1 1 1 1
 0.754574 1 1 1 1
 0.754574 1 1 1 1
 0.754574 1 1 1 1
 0.754574 1 1 1 1
 0.754574 1 1 1 1
 0.754574 1 1 1 1
 0.754574 1 1 1 1
 0.754574 1 1 1 1
 0.754574 1 1 1 1
 0.754574 1 1 1 1
 0.754574 1 1 1 1
 0.754574 1 1 1 1
 0.754574 1 1 1 1
 0.754574 1 1 1 1
 0.754574 1 1 1 1
 0.754574 1 1 1 1
 0.754574 1 1 1 1
 0.754574 1 1 1 1
 0.754574 1 1 1 1
 0.754574 1 1 1 1
 0.754574 1 1 1 1
Scru_pelaces
 0.947837 1 1 1 1
 0.947837 1 1 1 1
 0.947837 1 1 1 1
 0.947837 1 1 1 1
 0.947837 1 1 1 1
 0.947837 1 1 1 1
 0.947837 1 1 1 1
 0.947837 1 1 1 1
 0.947837 1 1 1 1
 0.947837 1 1 1 1
 0.947837 1 1 1 1
 0.947837 1 1 1 1
 0.947837 1 1 1 1
 0.947837 1 1 1 1
 0.947837 1 1 1 1
 0.947837 1 1 1 1
 0.947837 1 1 1 1
 0.947837 1 1 1 1
 0.947837 1 1 1 1
 0.947837 1 1 1 1
 0.947837 1 1 1 1
 0.947837 1 1 1 1
 0.947837 1 1 1 1
 0.947837 1 1 1 1
pf_obs 
 0.256992 0.487395 0.22802 0.0275931 0
 0.321318 0.546541 0.124235 0.00734118 0.000564706
 0.182869 0.594174 0.210203 0.0122559 0.00049798
 0.330522 0.361315 0.267642 0.0388342 0.00168674
 0.649043 0.306663 0.0425973 0.00169635 0
 0.582887 0.30429 0.105238 0.00758474 0
 0.465427 0.430635 0.0974691 0.00646863 0
 0.296916 0.608066 0.0921331 0.00288517 0
 0.311714 0.524322 0.152257 0.0117073 0
 0.15457 0.633149 0.183074 0.0267441 0.00246327
 0.131901 0.49318 0.331252 0.0422183 0.00144891
 0.196976 0.569456 0.194076 0.0375587 0.00193317
 0.518974 0.381816 0.0799577 0.0180837 0.00116848
 0.0928022 0.601141 0.25162 0.0475244 0.00691264
 0.122501 0.610282 0.24278 0.0234846 0.000952079
 0.383417 0.481906 0.127806 0.00687128 0
 0.0376549 0.599619 0.316969 0.0457579 0
 0.0361596 0.667082 0.258105 0.0386534 0
 0.158088 0.579412 0.248529 0.0139706 0
 0.0477256 0.309471 0.559284 0.082774 0.000745712
 0.0406174 0.521527 0.379366 0.0568643 0.0016247
 0.151134 0.462217 0.34131 0.0453401 0
 0.294876 0.26143 0.354403 0.0886775 0.000613685
 0.281977 0.475581 0.204845 0.0348837 0.00271318
pf_pred 
 0.306711 0.487317 0.183999 0.0219638 9.57324e-06
 0.292428 0.558827 0.104554 0.0394771 0.00471442
 0.154303 0.654323 0.151143 0.0282784 0.0119523
 0.271031 0.473466 0.197685 0.0456637 0.0121545
 0.302107 0.503989 0.125941 0.0525838 0.0153795
 0.160459 0.617624 0.160259 0.0400468 0.0216111
 0.295166 0.419809 0.209684 0.0544081 0.0209329
 0.235048 0.574571 0.113394 0.0566373 0.0203502
 0.294532 0.50366 0.151582 0.0299153 0.0203107
 0.254891 0.578424 0.119003 0.0358153 0.0118672
 0.144243 0.618369 0.184283 0.0379137 0.0151914
 0.158199 0.509495 0.240124 0.0715606 0.0206217
 0.25531 0.466442 0.168408 0.0793705 0.0304699
 0.242247 0.602683 0.0971292 0.0350684 0.0228726
 0.314575 0.59471 0.0721506 0.0116279 0.00693643
 0.32258 0.615746 0.0535115 0.00649206 0.0016704
 0.211599 0.650013 0.125789 0.0109317 0.00166749
 0.278831 0.509302 0.174678 0.0338033 0.00338579
 0.26808 0.556773 0.123692 0.0424232 0.00903193
 0.306159 0.51322 0.137399 0.0305243 0.012698
 0.276946 0.559306 0.121121 0.0324264 0.0102005
 0.267157 0.531875 0.155456 0.0336648 0.0118479
 0.265554 0.529032 0.149083 0.0435737 0.0127571
 0.211755 0.56899 0.157933 0.0445059 0.0168165
pobs_RECLAS
 0 0 0 0 0
 0 0 0 0 0
 0 0 0 0 0
 0 0 0 0 0
 0.835266 0.146461 0.0176864 0.000547809 3.91292e-05
 0.385257 0.428462 0.181853 0.0044286 0
 0.867414 0.0963971 0.0333333 0.00285562 0
 0.441836 0.489002 0.0689373 0.000224442 0
 0.779404 0.147425 0.0564933 0.0165055 0.000172143
 0.814271 0.122319 0.05973 0.00367925 0
 0.40263 0.566651 0.0304383 0.000280538 0
 0.475488 0.404961 0.113038 0.00651328 0
 0.955842 0.0263864 0.0167828 0.000988607 0
 0.975058 0.0227948 0.00214734 0 0
 0.738997 0.206755 0.0527124 0.00153531 0
 0.850938 0.134255 0.0134407 0.00136685 0
 0.542534 0.407297 0.0501686 0 0
 0.764087 0.199537 0.0359546 0.000420521 0
 0.470689 0.182191 0.310203 0.0369168 0
 0.84361 0.089868 0.0606195 0.00523954 0.000663233
 0.607945 0.314616 0.071237 0.00620181 0
 0.523733 0.453247 0.0230204 0 0
 0.530135 0.295979 0.169645 0.0042399 0
 0.562478 0.366248 0.0663022 0.0049721 0
ppred_RECLAS
 0.687356 0.219759 0.0829755 0.00990475 4.31712e-06
 0.671495 0.259446 0.0485415 0.018328 0.00218876
 0.48465 0.398731 0.0921036 0.0172322 0.00728347
 0.641677 0.232731 0.0971717 0.0224459 0.00597454
 0.673595 0.235716 0.0589027 0.0245935 0.00719302
 0.48293 0.380392 0.0987028 0.0246647 0.0133102
 0.669487 0.196858 0.0983259 0.0255133 0.00981594
 0.60236 0.298675 0.0589446 0.0294414 0.0105785
 0.673915 0.232804 0.0700653 0.0138276 0.00938813
 0.625253 0.290914 0.0598515 0.018013 0.00596852
 0.459106 0.390849 0.116479 0.0239639 0.00960196
 0.485252 0.311548 0.146832 0.0437581 0.0126098
 0.644473 0.222687 0.0804007 0.0378927 0.0145468
 0.666666 0.265119 0.0427269 0.0154265 0.0100616
 0.745307 0.220984 0.02681 0.00432073 0.00257747
 0.709195 0.264329 0.0229716 0.00278693 0.000717076
 0.573996 0.351228 0.0679689 0.00590685 0.00090101
 0.656381 0.24267 0.0832297 0.0161064 0.00161324
 0.641804 0.27248 0.0605337 0.0207616 0.00442016
 0.683325 0.234238 0.0627101 0.0139315 0.00579546
 0.64813 0.272183 0.0589428 0.0157801 0.00496403
 0.637468 0.263114 0.0769028 0.0166537 0.00586107
 0.636083 0.262135 0.0738702 0.0215907 0.0063211
 0.565234 0.313833 0.0871097 0.0245477 0.00927534
pobs_PELACES
 0 0 0 0 0
 0 0 0 0 0
 0 0 0 0 0
 0 0 0 0 0
 0 0 0 0 0
 0 0 0 0 0
 0 0 0 0 0
 0 0 0 0 0
 0 0 0 0 0
 0 0 0 0 0
 0.450072 0.473896 0.0757376 0.000293798 0
 0 0 0 0 0
 0.463077 0.371075 0.160297 0.00555027 0
 0.529543 0.364841 0.0842815 0.0213345 0
 0.631943 0.363953 0.00410389 0 0
 0.735681 0.248677 0.0153453 0.000297389 0
 0.695825 0.281241 0.0229344 0 0
 0.275771 0.60734 0.115278 0.00161068 0
 0 0 0 0 0
 0.896147 0.0623911 0.0374545 0.00400742 0
 0.803859 0.145111 0.0509908 3.86294e-05 0
 0.739449 0.233085 0.0266225 0.000797448 4.60066e-05
 0.878498 0.100942 0.0204185 0.000141795 0
 0.694673 0.275183 0.0284847 0.00165964 0
ppred_PELACES
 0.765594 0.164766 0.0622113 0.00742614 3.23678e-06
 0.74963 0.197737 0.0369958 0.0139687 0.00166816
 0.605493 0.305234 0.0705065 0.0131915 0.00557559
 0.704891 0.191673 0.080029 0.0184861 0.00492053
 0.723934 0.199363 0.0498185 0.0208006 0.00608369
 0.568201 0.317661 0.0824256 0.0205972 0.0111152
 0.733255 0.158877 0.0793552 0.0205908 0.00792208
 0.687187 0.23496 0.0463702 0.0231608 0.00832183
 0.75216 0.176942 0.0532529 0.0105096 0.00713542
 0.700168 0.232758 0.0478868 0.0144121 0.00477537
 0.566722 0.313086 0.0933043 0.0191961 0.00769156
 0.589785 0.24828 0.117014 0.0348719 0.0100491
 0.757748 0.151736 0.0547841 0.0258196 0.00991202
 0.820372 0.142868 0.0230247 0.00831305 0.005422
 0.872793 0.110371 0.0133903 0.002158 0.00128732
 0.796773 0.184725 0.0160535 0.00194763 0.000501123
 0.673141 0.269486 0.0521503 0.00453213 0.000691316
 0.736049 0.186406 0.0639329 0.0123722 0.00123921
 0.717015 0.215268 0.0478234 0.0164023 0.00349206
 0.752946 0.182741 0.0489232 0.0108687 0.00452132
 0.709345 0.224831 0.0486885 0.0130348 0.00410043
 0.702335 0.216036 0.0631427 0.0136739 0.00481236
 0.702958 0.213964 0.0602956 0.0176231 0.00515951
 0.638724 0.260785 0.0723853 0.0203984 0.0077075
pobs_pel_tallas
 0 0 0 0 0 0 0 0 0 0 0 0 0 0 0 0 0 0 0 0 0 0 0 0 0 0 0 0 0 0 0 0 0 0 0 0
 0 0 0 0 0 0 0 0 0 0 0 0 0 0 0 0 0 0 0 0 0 0 0 0 0 0 0 0 0 0 0 0 0 0 0 0
 0 0 0 0 0 0 0 0 0 0 0 0 0 0 0 0 0 0 0 0 0 0 0 0 0 0 0 0 0 0 0 0 0 0 0 0
 0 0 0 0 0 0 0 0 0 0 0 0 0 0 0 0 0 0 0 0 0 0 0 0 0 0 0 0 0 0 0 0 0 0 0 0
 0 0 0 0 0 0 0 0 0 0 0 0 0 0 0 0 0 0 0 0 0 0 0 0 0 0 0 0 0 0 0 0 0 0 0 0
 0 0 0 0 0 0 0 0 0 0 0 0 0 0 0 0 0 0 0 0 0 0 0 0 0 0 0 0 0 0 0 0 0 0 0 0
 0 0 0 0 0 0 0 0 0 0 0 0 0 0 0 0 0 0 0 0 0 0 0 0 0 0 0 0 0 0 0 0 0 0 0 0
 0 0 0 0 0 0 0 0 0 0 0 0 0 0 0 0 0 0 0 0 0 0 0 0 0 0 0 0 0 0 0 0 0 0 0 0
 0 0 0 0 0 0 0 0 0 0 0 0 0 0 0 0 0 0 0 0 0 0 0 0 0 0 0 0 0 0 0 0 0 0 0 0
 0 0 0 0 0 0 0 0 0 0 0 0 0 0 0 0 0 0 0 0 0 0 0 0 0 0 0 0 0 0 0 0 0 0 0 0
 0 0 0 0 0 0 0 0 1.78061e-05 0.00172719 0.00360574 0.0105946 0.0120993 0.0124554 0.0147524 0.0171206 0.0266825 0.0428682 0.0675386 0.121331 0.153587 0.119568 0.100827 0.0573624 0.0630603 0.0341343 0.0324427 0.0444173 0.0211091 0.0280891 0.0125444 0.00206551 0 0 0 0
 0 0 0 0 0 0 0 0 0 0 0 0 0 0 0 0 0 0 0 0 0 0 0 0 0 0 0 0 0 0 0 0 0 0 0 0
 0 0 0 0 0 0 0.0133647 0.0140871 0.0187388 0.0205184 0.03894 0.0496705 0.03968 0.0493445 0.0407372 0.0367815 0.0215668 0.0243155 0.0234873 0.0199281 0.019796 0.0243948 0.0301388 0.0376714 0.0412746 0.0863199 0.0771752 0.113111 0.0741005 0.0525337 0.0229764 0.00759418 0.00175318 0 0 0
 0 0 0 0 0 0 0 0 0 0 0.00219441 0.00772107 0.0458388 0.0604681 0.0671733 0.0775358 0.0609151 0.0617685 0.073594 0.0568108 0.0755445 0.0548602 0.0670107 0.0636378 0.0643287 0.046367 0.0373049 0.0286899 0.0247887 0.0153202 0.00654259 0.00121912 0.000365735 0 0 0
 0 0 0 0 0 0 0 0 0 0 0 0 0.000112435 0.00938835 0.0111873 0.0202946 0.0414886 0.0713402 0.111592 0.104902 0.108894 0.110636 0.117776 0.105296 0.107544 0.0401394 0.0192827 0.0124803 0.00416011 0.0028671 0.000618394 0 0 0 0 0
 0 0 0 0 0 0 0 0 0 0 0.00291406 0.0102884 0.027416 0.0768956 0.0749926 0.110853 0.0956884 0.0897413 0.0766577 0.0534642 0.0500743 0.0551293 0.0594112 0.0620874 0.0668451 0.0424026 0.0208742 0.0120726 0.0048766 0.00582813 0.00118941 0.000297354 0 0 0 0
 0 0.00264628 0.0354308 0.0461629 0.0458689 0.0383711 0.0214643 0.0164657 0.0346957 0.0420465 0.0363128 0.0245516 0.0311673 0.0291091 0.0169068 0.0133784 0.00837989 0.0085269 0.0148486 0.0160247 0.0276389 0.0546898 0.0760071 0.122758 0.109233 0.0665981 0.0333725 0.0166128 0.00676272 0.00308733 0.000882094 0 0 0 0 0
 0 0 0 0 0 0 0 0.000805153 0.000690131 0.00759144 0.0133425 0.0154129 0.00931677 0.000345066 0.00356568 0.00563607 0.00851162 0.0253048 0.0502646 0.0516448 0.0657925 0.0565908 0.0611916 0.0827007 0.0866115 0.110766 0.145733 0.0935128 0.0569358 0.0249597 0.0138026 0.00621118 0.00161031 0.00115022 0 0
 0 0 0 0 0 0 0 0 0 0 0 0 0 0 0 0 0 0 0 0 0 0 0 0 0 0 0 0 0 0 0 0 0 0 0 0
 0.00147267 0.00158595 0.00478618 0.00569244 0.00954404 0.0108468 0.00647125 0.017049 0.0510054 0.094081 0.124002 0.0959785 0.0687766 0.0820023 0.061753 0.0591476 0.0492212 0.0479892 0.0443925 0.0268479 0.0217502 0.0140895 0.0121071 0.0120363 0.00920419 0.00665534 0.0049561 0.00860946 0.00930331 0.0156896 0.0114698 0.00855282 0.00243557 0.00046729 0 2.83206e-05
 0 0 0 0 0.000772559 0.00158375 0.000888443 0.00281984 0.00712685 0.0440552 0.0773331 0.111326 0.0921469 0.0852325 0.0710754 0.0886704 0.0786465 0.0553345 0.0373146 0.0185414 0.00753245 0.00457741 0.012979 0.0271748 0.0457355 0.0583668 0.034881 0.0177882 0.00938659 0.00492506 0.0015258 0.00185414 0.000309023 5.79419e-05 3.86279e-05 0
 0 0.00173294 0.00326652 0 0.00397197 0.00683976 0.00946217 0.0152591 0.00757587 0.0136028 0.0228656 0.0392903 0.0559909 0.0764795 0.0681675 0.0726916 0.0566044 0.0477403 0.0527397 0.0444891 0.0609904 0.0582453 0.0661739 0.0445044 0.0529084 0.0360697 0.0280645 0.0235558 0.0158879 0.00826598 0.00280645 0.00217768 0.000904811 0.00058276 9.20147e-05 0
 0 0 0 0 0 0 0 0 0 0 0 0 0 0 0 0 0 0 0 0 0 0 0 0 0 0 0 0 0 0 0 0 0 0 0 0
 0 0 0 0 0 0 0 0 0 0 0 0 0 0 0 0 0 0 0 0 0 0 0 0 0 0 0 0 0 0 0 0 0 0 0 0
ppred_pel_tallas
 1.01193e-16 3.34029e-05 0.00019605 0.00093194 0.00358803 0.0111889 0.0282623 0.0578284 0.0958567 0.128732 0.140083 0.123557 0.0884331 0.0515831 0.024984 0.0109208 0.00574427 0.00515888 0.00653157 0.00870305 0.0111931 0.0137049 0.0159621 0.0177056 0.0187386 0.0189678 0.0184198 0.0172261 0.0155837 0.0137055 0.011777 0.00993167 0.00824619 0.00675078 0.00544685 0.00432295
 1.01148e-16 3.27081e-05 0.000191968 0.000912527 0.00351327 0.0109558 0.0276735 0.0566239 0.0938611 0.126055 0.137178 0.121014 0.0866544 0.0506294 0.0246778 0.0110511 0.00618835 0.00589037 0.00757427 0.0100843 0.0129122 0.0157149 0.018164 0.019956 0.0208691 0.0208129 0.0198473 0.0181599 0.016015 0.0136886 0.0114131 0.00934568 0.0075624 0.00607413 0.0048518 0.00385067
 1.01815e-16 2.64275e-05 0.000155085 0.000737159 0.00283802 0.00885004 0.0223547 0.045742 0.0758275 0.101849 0.110873 0.097893 0.0702833 0.0414381 0.0208963 0.0105437 0.00757143 0.00863638 0.01166 0.0156545 0.0200816 0.0244706 0.0283247 0.0311741 0.032672 0.0326723 0.031259 0.0287136 0.0254364 0.0218489 0.0183089 0.0150615 0.0122303 0.00984068 0.00785701 0.00621885
 1.02064e-16 3.07571e-05 0.000180515 0.000858075 0.00330362 0.010302 0.0260221 0.053245 0.0882604 0.118534 0.128997 0.113804 0.0815058 0.0476515 0.0232842 0.0105286 0.00604612 0.00589906 0.00767015 0.0102827 0.0132652 0.0162963 0.0190612 0.0212596 0.0226601 0.0231472 0.022741 0.0215802 0.0198771 0.0178625 0.0157375 0.0136469 0.011675 0.00985852 0.00820694 0.00671941
 1.01772e-16 3.15877e-05 0.00018539 0.000881254 0.00339286 0.0105803 0.0267251 0.0546833 0.0906446 0.121736 0.132481 0.116877 0.083705 0.0489333 0.0239025 0.0107924 0.00617072 0.00598852 0.00775624 0.0103596 0.0133053 0.0162554 0.018882 0.0208784 0.0220167 0.0221966 0.0214649 0.0199942 0.0180324 0.0158406 0.0136395 0.0115789 0.00973414 0.00812164 0.00672327 0.00550921
 1.02501e-16 2.48019e-05 0.000145541 0.000691779 0.0026633 0.00830516 0.0209784 0.0429261 0.0711604 0.0955839 0.10406 0.0918971 0.0660203 0.0390091 0.0198279 0.0102627 0.00769384 0.00899756 0.0122286 0.0164524 0.021141 0.025815 0.0299612 0.0330912 0.0348409 0.0350512 0.0337984 0.0313613 0.0281407 0.0245594 0.0209766 0.0176384 0.0146701 0.0121009 0.00990198 0.0080229
 1.02257e-16 3.19926e-05 0.000187771 0.000892579 0.00343648 0.0107163 0.0270686 0.0553859 0.0918082 0.123295 0.134168 0.118343 0.0847071 0.0494223 0.0239617 0.0105176 0.00559985 0.00510093 0.00650657 0.0087147 0.0112734 0.0139046 0.0163467 0.0183496 0.0197167 0.0203431 0.0202324 0.0194832 0.0182542 0.0167207 0.0150369 0.0133159 0.0116272 0.0100075 0.00847596 0.00704685
 1.0192e-16 2.99868e-05 0.000175988 0.000836549 0.00322072 0.0100435 0.0253692 0.0519093 0.0860477 0.115567 0.125778 0.110989 0.0795446 0.0466149 0.0229819 0.0107349 0.00663534 0.00685298 0.00902459 0.0120728 0.015487 0.0188842 0.0218809 0.024118 0.0253317 0.0254116 0.0244229 0.0225802 0.0201866 0.0175586 0.0149613 0.0125718 0.0104748 0.00868124 0.0071591 0.00586177
 1.01509e-16 3.28176e-05 0.000192613 0.000915596 0.00352509 0.0109927 0.0277666 0.0568143 0.0941761 0.126476 0.137632 0.121404 0.0869096 0.0507308 0.0246388 0.0108851 0.00589018 0.00543786 0.0069407 0.0092529 0.0118887 0.0145368 0.0169031 0.0187131 0.0197614 0.0199548 0.0193303 0.0180368 0.0162912 0.0143242 0.0123328 0.0104538 0.00875932 0.00726996 0.00597559 0.00485438
 1.01475e-16 3.05527e-05 0.000179311 0.000852346 0.00328155 0.0102332 0.0258483 0.0528896 0.0876724 0.117748 0.12815 0.113078 0.081033 0.0474688 0.0233687 0.0108579 0.00663285 0.0067878 0.00891317 0.0119119 0.0152677 0.0185967 0.0215161 0.0236687 0.0247921 0.0247775 0.023692 0.0217527 0.0192666 0.0165551 0.0138897 0.0114541 0.00933845 0.00755757 0.00608013 0.00485694
 1.02446e-16 2.47373e-05 0.000145162 0.000689978 0.00265636 0.00828353 0.0209237 0.0428143 0.070975 0.0953346 0.103788 0.0916554 0.0658435 0.0388983 0.0197602 0.0102097 0.00763378 0.00891728 0.0121219 0.0163191 0.0209872 0.0256542 0.0298135 0.0329812 0.0347936 0.035087 0.0339282 0.0315832 0.0284394 0.0249086 0.0213433 0.0179888 0.0149754 0.0123409 0.0100671 0.00811406
 1.0341e-16 2.57403e-05 0.000151056 0.000718015 0.00276433 0.00862025 0.0217742 0.0445539 0.0738566 0.0991986 0.107977 0.0953132 0.0683807 0.0402157 0.0200956 0.00984282 0.00670989 0.00743904 0.0100214 0.0135336 0.0175143 0.0215866 0.0253518 0.0284218 0.0304919 0.0314022 0.0311633 0.0299349 0.0279708 0.0255488 0.0229129 0.0202398 0.0176363 0.0151556 0.0128227 0.0106545
 1.02178e-16 3.30602e-05 0.00019404 0.000922384 0.00355124 0.0110742 0.0279726 0.0572355 0.0948735 0.127411 0.138643 0.122281 0.0875068 0.0510171 0.0246621 0.0106994 0.00551358 0.00485211 0.00611174 0.00815373 0.010518 0.0129317 0.0151446 0.0169222 0.0180847 0.0185435 0.0183158 0.0175099 0.0162898 0.0148306 0.0132812 0.0117446 0.010276 0.00889526 0.00760404 0.00640051
 1.00913e-16 3.57905e-05 0.00021007 0.000998596 0.00384468 0.0119893 0.030284 0.0619646 0.102712 0.137935 0.150088 0.13236 0.0946857 0.0551336 0.0265218 0.0112802 0.00547828 0.00449637 0.00550443 0.00726573 0.00928898 0.0112972 0.0130481 0.0143226 0.0149622 0.0149041 0.0141938 0.0129698 0.0114248 0.00975902 0.00814011 0.00667953 0.00542918 0.0043931 0.00354637 0.00285334
 1.00361e-16 3.8075e-05 0.000223485 0.00106238 0.00409027 0.0127552 0.0322184 0.0659224 0.109271 0.146739 0.159658 0.140775 0.100652 0.0584991 0.0279373 0.0115318 0.0050812 0.0036555 0.00424041 0.00553412 0.00704856 0.00854246 0.0098226 0.0107188 0.0111099 0.0109511 0.0102834 0.00922117 0.00792199 0.00654922 0.00523973 0.00408484 0.00312687 0.00236783 0.00178432 0.00134224
 1.00379e-16 3.47632e-05 0.000204035 0.000969895 0.00373416 0.0116446 0.0294134 0.0601838 0.0997611 0.133976 0.145792 0.128596 0.0920475 0.0537075 0.0260414 0.0114277 0.00606667 0.00548172 0.00692052 0.00915773 0.0116689 0.014118 0.0161935 0.0176129 0.0181763 0.0178125 0.0165966 0.0147271 0.0124754 0.010122 0.007901 0.00596793 0.00439322 0.00317709 0.00227487 0.00162273
 1.01017e-16 2.93758e-05 0.000172398 0.000819471 0.00315496 0.0098384 0.0248512 0.0508497 0.0842924 0.113213 0.123225 0.108758 0.0779929 0.0458006 0.0227571 0.0109251 0.00714753 0.00768176 0.0102099 0.0136557 0.017478 0.0212426 0.0245057 0.0268522 0.0279795 0.0277664 0.0262985 0.0238393 0.0207587 0.0174445 0.0142257 0.0113269 0.00885983 0.00684285 0.00523525 0.00397041
 1.01452e-16 3.21155e-05 0.00018849 0.000895993 0.00344962 0.0107573 0.0271721 0.0555979 0.0921602 0.12377 0.134691 0.118818 0.0850761 0.0496967 0.0242045 0.0108092 0.00601538 0.00570252 0.00734066 0.00980486 0.0126092 0.0154317 0.0179628 0.0199116 0.0210579 0.0212992 0.020669 0.019319 0.0174741 0.0153754 0.0132313 0.0111894 0.00933187 0.00768773 0.00625378 0.00501342
 1.01476e-16 3.12866e-05 0.000183621 0.000872841 0.00336046 0.0104793 0.0264699 0.0541613 0.0897799 0.120576 0.131223 0.115776 0.0829381 0.0485275 0.0237832 0.0108716 0.00639982 0.0063615 0.00828926 0.0110699 0.0141961 0.0173069 0.0200474 0.0220865 0.0231801 0.023225 0.0222795 0.0205398 0.018285 0.0158085 0.0133579 0.0111018 0.00912418 0.00744073 0.00602618 0.0048395
 1.01339e-16 3.28521e-05 0.000192815 0.000916555 0.00352879 0.0110042 0.0277957 0.0568738 0.094275 0.126609 0.137778 0.121535 0.0870099 0.0508015 0.0246957 0.0109481 0.00597717 0.00556273 0.00711328 0.00947786 0.0121635 0.0148494 0.0172317 0.0190276 0.0200267 0.0201368 0.0194017 0.0179814 0.0161073 0.0140237 0.0119387 0.00999611 0.00827009 0.00677921 0.00550823 0.00442861
 1.01404e-16 3.09526e-05 0.000181659 0.000863512 0.00332454 0.0103672 0.0261869 0.0535824 0.0888206 0.119289 0.129825 0.114549 0.0820738 0.048051 0.0236043 0.0108817 0.00653168 0.00659397 0.0086273 0.0115248 0.0147733 0.0179986 0.0208303 0.0229226 0.0240209 0.0240191 0.0229804 0.0211131 0.0187125 0.0160886 0.0135036 0.0111361 0.00907454 0.00733512 0.00588951 0.00469185
 1.01662e-16 3.06466e-05 0.000179864 0.000854976 0.00329168 0.0102648 0.0259281 0.0530527 0.0879424 0.118109 0.12854 0.113413 0.0812538 0.0475598 0.0233427 0.0107281 0.0063972 0.00642994 0.00841288 0.011257 0.014464 0.0176753 0.0205355 0.0227098 0.0239476 0.0241366 0.023324 0.0216943 0.0195158 0.0170736 0.0146116 0.012299 0.0102255 0.0084166 0.0068588 0.00552345
 1.01773e-16 3.06737e-05 0.000180023 0.000855733 0.00329459 0.0102739 0.025951 0.0530997 0.0880202 0.118214 0.128653 0.113511 0.0813214 0.0475936 0.0233484 0.0107125 0.006363 0.00637572 0.00833514 0.0111524 0.0143311 0.0175161 0.0203559 0.0225197 0.0237604 0.0239672 0.0231869 0.0216018 0.0194765 0.0170913 0.0146849 0.0124222 0.0103892 0.00860905 0.0070672 0.0057353
 1.02174e-16 2.78747e-05 0.000163586 0.000777581 0.00299367 0.00933544 0.0235807 0.0482502 0.0799835 0.107426 0.116929 0.103206 0.0740234 0.0434933 0.0216556 0.0104736 0.00695894 0.00756865 0.0101119 0.0135752 0.0174501 0.0213264 0.0247798 0.0274084 0.0289111 0.0291541 0.0281952 0.0262576 0.0236647 0.0207587 0.0178308 0.0150816 0.0126151 0.0104582 0.00859224 0.00698123
pSPR Fmed_Fpbrs
0.452123   0.346054 0.346054
Fs Fmed_Fpbrs
0.64   1.005 1.005
SSBpbr Bo_Bmed_Bpbrs
1.05096e+06  422617  311141 311141
Ro
36273.7
SPR SPRFo_SPRFmed_SPRFpbrs
746368 337450 258283
log_Ro
10.3188
likeval ReclasPelacesDesembMPH_pf_preclas_ppelaces_ptallas_desvR_qrecl_qpela
 62.5875 13.9481 0.00908991 13.5019 308.669 174.193 47.6294 0 15.7762 1.03953e-05 5.42579e-05 0 0 0 0
q_reclas_q_pelaces
0.633257 2.85182
M
0.7
N
 39067.7 12153.1 4588.7 547.751 0.238745
 47903.9 17627.4 3298.01 1245.25 148.709
 23606 21789.3 5033.15 941.684 398.017
 33676.9 10094 4214.55 973.527 259.129
 60137.9 16159.8 4038.14 1686.03 493.125
 41946.4 29667.3 7697.98 1923.63 1038.08
 78203.5 19507.9 9743.68 2528.26 972.719
 79884.8 37157 7333.07 3662.69 1316.03
 110650 36544 10998.4 2170.56 1473.68
 121510 50256.7 10339.6 3111.83 1031.09
 64785 56724.8 16904.9 3477.94 1393.56
 44035.8 28625.8 13491.3 4020.61 1158.62
 46401.8 19572.9 7066.79 3330.57 1278.59
 25895.4 19220.1 3097.53 1118.36 729.426
 15867.9 9139.67 1108.83 178.701 106.601
 13496.9 5516.64 479.425 58.1642 14.9656
 9365.08 5821.2 1126.51 97.8994 14.9332
 11867.6 4157.42 1425.89 275.936 27.6381
 14108.5 5408.41 1201.52 412.093 87.7349
 21192.9 6547.64 1752.93 389.428 162
 28647.5 9842.2 2131.38 570.613 179.5
 40088 13798.9 4033.14 873.399 307.381
 55026.5 19170.3 5402.23 1578.96 462.271
 55407 26179.5 7266.57 2047.74 773.736
pred_Ctot
 2582.09 4102.55 1549.02 184.906 0.0805936
 2909.8 5560.61 1040.37 392.817 46.9108
 2378.6 10086.5 2329.89 435.914 184.246
 817.936 1428.86 596.588 137.807 36.6808
 284.319 474.315 118.526 49.4878 14.474
 1921.97 7397.87 1919.57 479.678 258.856
 2435.87 3464.49 1730.42 449.005 172.749
 4548.05 11117.6 2194.1 1095.9 393.765
 6827.71 11675.6 3513.91 693.483 470.834
 5254.61 11924.3 2453.25 738.336 244.644
 5169.38 22161.1 6604.35 1358.75 544.431
 3344.43 10771 5076.38 1512.84 435.957
 5593.78 10219.6 3689.78 1738.99 667.589
 5493.42 13667 2202.59 795.243 518.68
 3493.08 6603.74 801.17 129.118 77.0231
 1286.52 2455.73 213.415 25.8917 6.66192
 718.816 2208.14 427.314 37.1358 5.66456
 705.696 1289 442.095 85.5533 8.56915
 666.538 1384.32 307.539 105.478 22.4564
 991.359 1661.84 444.906 98.8394 41.1167
 619.478 1251.07 270.926 72.5322 22.8168
 1069.4 2129.03 622.272 134.756 47.4258
 1663.54 3314.08 933.915 272.964 79.9155
 1770.91 4758.47 1320.79 372.203 140.637
F
 0.0958445 0.604264 0.604264 0.604264 0.604264
 0.0877777 0.553405 0.553405 0.553405 0.553405
 0.149553 0.942876 0.942876 0.942876 0.942876
 0.0342864 0.216163 0.216163 0.216163 0.216163
 0.00659319 0.0415676 0.0415676 0.0415676 0.0415676
 0.0655753 0.413428 0.413428 0.413428 0.413428
 0.0441616 0.278422 0.278422 0.278422 0.278422
 0.0820679 0.517407 0.517407 0.517407 0.517407
 0.0892255 0.562534 0.562534 0.562534 0.562534
 0.061787 0.389544 0.389544 0.389544 0.389544
 0.116766 0.736167 0.736167 0.736167 0.736167
 0.110856 0.698903 0.698903 0.698903 0.698903
 0.181381 1.14354 1.14354 1.14354 1.14354
 0.34144 2.15265 2.15265 2.15265 2.15265
 0.356531 2.24779 2.24779 2.24779 2.24779
 0.140952 0.888647 0.888647 0.888647 0.888647
 0.112094 0.706709 0.706709 0.706709 0.706709
 0.0858584 0.541305 0.541305 0.541305 0.541305
 0.0676751 0.426666 0.426666 0.426666 0.426666
 0.0669879 0.422334 0.422334 0.422334 0.422334
 0.0304752 0.192135 0.192135 0.192135 0.192135
 0.0377151 0.23778 0.23778 0.23778 0.23778
 0.0428378 0.270076 0.270076 0.270076 0.270076
 0.0453391 0.285846 0.285846 0.285846 0.285846
Np
 24765.9 10486.2 4779.64 1775.59 582.43
YTP_r0W_actual
 47405.3 239900 96378.1 35554.3 16419.6
YTP_p0W_proyectada
 21719 273929 147931 52437.5 22517.1
 21719 109242 72383.7 34340.1 12500.3
CTP_r0_actual
 5925.66 12626.3 3504.66 987.621 373.172
CTP_p0_proyectada
 2648.66 12681.9 4711.18 1307.67 506.002
 2648.66 5057.48 2305.21 856.362 280.905
Wmedp
 8.2 21.6 31.4 40.1 44.5
nmprior
 10.8 10.6 4.6 0
nm_flota  nm_reclas  nm_pelaces    nm_pelaL
inf 21.1847 14.5986 24.956
cv_recla  cv_pelaces  cv_mph
0.732437 0.439462 0.519651
 ------------------------------------------------
Talla a la edad & desviaci?n 
 7.2 14.2025 17.0495 18.207 18.6776
 1.08 2.13037 2.55742 2.73105 2.80164
