years
 1997 1998 1999 2000 2001 2002 2003 2004 2005 2006 2007 2008 2009 2010 2011 2012 2013 2014 2015 2016 2017 2018 2019
reclasobs
 0 0 0 370054 412103 1.49427e+06 250295 1.28982e+06 931140 785840 897777 1.04006e+06 184774 17550 25797 100020 73551 82996 120727 218422 84188 347160 605670
reclaspred
 1.12745e+06 231187 579452 300649 367421 443498 884516 676192 928366 1.11473e+06 1.06724e+06 722784 420819 194620 130963 123339 128799 165621 177267 249005 429842 443900 700299
pelacesobs
 0 0 0 0 0 0 0 0 0 2.06254e+06 1.5e+06 0 1.87456e+06 323000 250000 174000 83755 137374 0 501740 490994 745055 786931
pelacespred
 653546 230070 197238 209928 220149 200311 452079 419872 525565 654447 545006 382989 220337 81222.6 54787.1 58921.8 64198.1 82856.5 92512.1 125255 243178 260870 320346
mphobs
 0 0 0 0 0 0 112323 0 153150 637223 0 255016 313432 73983 77613 109348 50772 17779 17303 59886 28197 0 207744
mphpred
 797058 427371 369341 329239 280026 407826 548587 711909 716013 955533 1.07713e+06 762738 451352 240747 111869 97461.8 94865 119189 148906 165039 292387 416268 486590
desembarqueobs
 350755 77701 442110 56441 14545 235359 269955 359681 431902 328805 639364 411747 362871 311530 167758 66681 60226 58785 57116 73181 50977 67692 138656
desembarquepred
 350759 77700.5 442117 56443.3 14545.2 235449 269971 359596 431788 328717 639316 411821 362881 311609 167683 66690.1 60251 58785.9 57105.6 73164.6 50972.4 67678.7 138639
Reclutas
 41388.7 43604.6 21783.1 23878.6 45600.2 33921.2 69297.5 75848.7 129029 142042 69292.9 40756.6 48242.9 29346.1 20215.8 14629 11052.7 12511.2 14532.3 27147.3 42535.4 42181.9 59626.7
log_desv_Rt
 0.120497 0.172652 -0.52138 -0.429529 0.217401 -0.0784725 0.635897 0.726229 1.25752 1.35361 0.635831 0.105106 0.273738 -0.223352 -0.596046 -0.919505 -1.19984 -1.07589 -0.926135 -0.301235 0.147825 0.139478 0.485591
SSB
 797058 427371 369341 329239 280026 407826 532937 703550 700362 937193 1.07713e+06 762738 464788 250764 120104 105956 107384 129384 153445 178322 299559 416268 499707
BT
 2.06182e+06 571388 740685 501442 525325 582296 1.44184e+06 1.37125e+06 1.80127e+06 1.87292e+06 1.73157e+06 1.17625e+06 856427 472679 281013 186811 197845 238460 247107 359346 644337 586667 778193
Ftot
 0.299339 0.322956 0.707789 0.182031 0.038717 0.501927 0.294246 0.505001 0.444469 0.284391 0.563563 0.536943 0.795635 1.37957 1.14705 0.512054 0.44559 0.340709 0.309724 0.283387 0.115514 0.14813 0.1918
BD_Bspro_t
 0.957426 0.754811 0.633423 0.423517 0.513671 0.665981 0.58356 0.616846 0.579928 0.595118 0.59674 0.437874 0.328785 0.236296 0.142626 0.149701 0.200489 0.298974 0.393034 0.491191 0.639053 0.760062 0.76415
BD_Bspro
 1.05395 0.565112 0.488378 0.435352 0.370278 0.539267 0.7047 0.930302 0.926086 1.23925 1.42429 1.00857 0.614587 0.331584 0.158813 0.140105 0.141993 0.171084 0.2029 0.235795 0.396106 0.55043 0.660761
BD_Bo
 0.586202 0.314313 0.271634 0.242141 0.205947 0.299939 0.391952 0.517431 0.515086 0.689265 0.792186 0.560961 0.341831 0.184426 0.0883315 0.077926 0.0789762 0.0951563 0.112852 0.131148 0.220313 0.306147 0.367513
BD_Brms
 2.837 1.52116 1.31461 1.17187 0.996707 1.45159 1.8969 2.50417 2.49282 3.33578 3.83388 2.71484 1.65434 0.892552 0.427491 0.377133 0.382215 0.460521 0.546163 0.634709 1.06623 1.48164 1.77863
S_f
 0.5 1 1 1 1
 0.5 1 1 1 1
 0.5 1 1 1 1
 0.5 1 1 1 1
 0.5 1 1 1 1
 0.5 1 1 1 1
 0.5 1 1 1 1
 0.5 1 1 1 1
 0.5 1 1 1 1
 0.5 1 1 1 1
 0.5 1 1 1 1
 0.5 1 1 1 1
 0.5 1 1 1 1
 0.5 1 1 1 1
 0.5 1 1 1 1
 0.5 1 1 1 1
 0.5 1 1 1 1
 0.5 1 1 1 1
 0.5 1 1 1 1
 0.5 1 1 1 1
 0.5 1 1 1 1
 0.5 1 1 1 1
 0.5 1 1 1 1
Scru_reclas
 0.5 1 1 1 1
 0.5 1 1 1 1
 0.5 1 1 1 1
 0.5 1 1 1 1
 0.5 1 1 1 1
 0.5 1 1 1 1
 0.5 1 1 1 1
 0.5 1 1 1 1
 0.5 1 1 1 1
 0.5 1 1 1 1
 0.5 1 1 1 1
 0.5 1 1 1 1
 0.5 1 1 1 1
 0.5 1 1 1 1
 0.5 1 1 1 1
 0.5 1 1 1 1
 0.5 1 1 1 1
 0.5 1 1 1 1
 0.5 1 1 1 1
 0.5 1 1 1 1
 0.5 1 1 1 1
 0.5 1 1 1 1
 0.5 1 1 1 1
Scru_pelaces
 0.5 1 1 1 1
 0.5 1 1 1 1
 0.5 1 1 1 1
 0.5 1 1 1 1
 0.5 1 1 1 1
 0.5 1 1 1 1
 0.5 1 1 1 1
 0.5 1 1 1 1
 0.5 1 1 1 1
 0.5 1 1 1 1
 0.5 1 1 1 1
 0.5 1 1 1 1
 0.5 1 1 1 1
 0.5 1 1 1 1
 0.5 1 1 1 1
 0.5 1 1 1 1
 0.5 1 1 1 1
 0.5 1 1 1 1
 0.5 1 1 1 1
 0.5 1 1 1 1
 0.5 1 1 1 1
 0.5 1 1 1 1
 0.5 1 1 1 1
pf_obs 
 0.256992 0.487395 0.22802 0.0275931 0
 0.321318 0.546541 0.124235 0.00734118 0.000564706
 0.182869 0.594174 0.210203 0.0122559 0.00049798
 0.330522 0.361315 0.267642 0.0388342 0.00168674
 0.649043 0.306663 0.0425973 0.00169635 0
 0.582887 0.30429 0.105238 0.00758474 0
 0.465427 0.430635 0.0974691 0.00646863 0
 0.296916 0.608066 0.0921331 0.00288517 0
 0.311714 0.524322 0.152257 0.0117073 0
 0.15457 0.633149 0.183074 0.0267441 0.00246327
 0.131901 0.49318 0.331252 0.0422183 0.00144891
 0.196976 0.569456 0.194076 0.0375587 0.00193317
 0.518974 0.381816 0.0799577 0.0180837 0.00116848
 0.0928022 0.601141 0.25162 0.0475244 0.00691264
 0.122501 0.610282 0.24278 0.0234846 0.000952079
 0.383417 0.481906 0.127806 0.00687128 0
 0.0376549 0.599619 0.316969 0.0457579 0
 0.0361596 0.667082 0.258105 0.0386534 0
 0.158088 0.579412 0.248529 0.0139706 0
 0.0477256 0.309471 0.559284 0.082774 0.000745712
 0.0406174 0.521527 0.379366 0.0568643 0.0016247
 0.151134 0.462217 0.34131 0.0453401 0
 0.294876 0.26143 0.354403 0.0886775 0.000613685
pf_pred 
 0.444298 0.390841 0.147289 0.0175665 4.85682e-06
 0.455984 0.345688 0.13949 0.0525669 0.00627115
 0.306155 0.449548 0.155235 0.0626394 0.0264219
 0.460433 0.281557 0.167167 0.057725 0.0331179
 0.577119 0.27171 0.0788838 0.0468352 0.0254515
 0.383309 0.452644 0.105404 0.0306012 0.028042
 0.624217 0.221823 0.113005 0.0263147 0.0146406
 0.526007 0.371304 0.0606165 0.0308803 0.0111916
 0.635255 0.262713 0.0799267 0.0130482 0.00905636
 0.540107 0.367295 0.0666955 0.0202911 0.00561173
 0.313324 0.49319 0.154528 0.0280601 0.0108978
 0.31254 0.356653 0.237595 0.0744441 0.018768
 0.484769 0.265765 0.129423 0.0862187 0.0338249
 0.452277 0.386338 0.0832452 0.0405389 0.0376011
 0.552242 0.322114 0.0886233 0.0190959 0.0179248
 0.528174 0.367667 0.0749308 0.0206157 0.00861182
 0.437818 0.40615 0.121587 0.0247795 0.00966551
 0.494604 0.323223 0.131611 0.0393999 0.0111618
 0.503016 0.33971 0.100584 0.0409561 0.0157343
 0.616336 0.264267 0.0816131 0.0241646 0.0136195
 0.591582 0.317368 0.0627154 0.0193683 0.00896688
 0.450185 0.412121 0.106997 0.0211439 0.00955292
 0.501847 0.314184 0.137897 0.0358016 0.0102712
pobs_RECLAS
 0 0 0 0 0
 0 0 0 0 0
 0 0 0 0 0
 0 0 0 0 0
 0.835266 0.146461 0.0176864 0.000547809 3.91292e-05
 0.385257 0.428462 0.181853 0.0044286 0
 0.867414 0.0963971 0.0333333 0.00285562 0
 0.441836 0.489002 0.0689373 0.000224442 0
 0.779404 0.147425 0.0564933 0.0165055 0.000172143
 0.814271 0.122319 0.05973 0.00367925 0
 0.40263 0.566651 0.0304383 0.000280538 0
 0.475488 0.404961 0.113038 0.00651328 0
 0.955842 0.0263864 0.0167828 0.000988607 0
 0.975058 0.0227948 0.00214734 0 0
 0.738997 0.206755 0.0527124 0.00153531 0
 0.850938 0.134255 0.0134407 0.00136685 0
 0.542534 0.407297 0.0501686 0 0
 0.764087 0.199537 0.0359546 0.000420521 0
 0.470689 0.182191 0.310203 0.0369168 0
 0.84361 0.089868 0.0606195 0.00523954 0.000663233
 0.607945 0.314616 0.071237 0.00620181 0
 0.523733 0.453247 0.0230204 0 0
 0.530135 0.295979 0.169645 0.0042399 0
ppred_RECLAS
 0.447107 0.388866 0.146545 0.0174777 4.83227e-06
 0.459085 0.343717 0.138695 0.0522673 0.00623541
 0.313726 0.444643 0.153541 0.061956 0.0261336
 0.461992 0.280743 0.166684 0.0575583 0.0330223
 0.577404 0.271528 0.0788307 0.0468037 0.0254344
 0.388542 0.448802 0.10451 0.0303415 0.0278041
 0.626824 0.220284 0.112221 0.0261321 0.014539
 0.531555 0.366959 0.059907 0.0305189 0.0110607
 0.639601 0.259584 0.0789745 0.0128928 0.00894847
 0.542757 0.365179 0.0663111 0.0201742 0.00557939
 0.318905 0.489182 0.153272 0.027832 0.0108092
 0.317758 0.353946 0.235792 0.073879 0.0186255
 0.495215 0.260376 0.126799 0.0844706 0.0331391
 0.475872 0.369695 0.0796591 0.0387925 0.0359813
 0.569879 0.309426 0.0851324 0.0183437 0.0172187
 0.533823 0.363266 0.0740337 0.0203689 0.00850872
 0.442466 0.402792 0.120582 0.0245746 0.00958559
 0.497944 0.321087 0.130742 0.0391395 0.011088
 0.505981 0.337683 0.0999838 0.0407118 0.0156404
 0.618846 0.262538 0.0810792 0.0240065 0.0135304
 0.592487 0.316664 0.0625764 0.0193254 0.008947
 0.451411 0.411202 0.106759 0.0210967 0.00953162
 0.503513 0.313133 0.137435 0.0356818 0.0102369
pobs_PELACES
 0 0 0 0 0
 0 0 0 0 0
 0 0 0 0 0
 0 0 0 0 0
 0 0 0 0 0
 0 0 0 0 0
 0 0 0 0 0
 0 0 0 0 0
 0 0 0 0 0
 0 0 0 0 0
 0.450072 0.473896 0.0757376 0.000293798 0
 0 0 0 0 0
 0.463077 0.371075 0.160297 0.00555027 0
 0.529543 0.364841 0.0842815 0.0213345 0
 0.631943 0.363953 0.00410389 0 0
 0.735681 0.248677 0.0153453 0.000297389 0
 0.695825 0.281241 0.0229344 0 0
 0.275771 0.60734 0.115278 0.00161068 0
 0 0 0 0 0
 0.896147 0.0623911 0.0374545 0.00400742 0
 0.803859 0.145111 0.0509908 3.86294e-05 0
 0.739449 0.233085 0.0266225 0.000797448 4.60066e-05
 0.878498 0.100942 0.0204185 0.000141795 0
ppred_PELACES
 0.459346 0.380258 0.143301 0.0170908 4.7253e-06
 0.472344 0.335293 0.135295 0.0509862 0.00608257
 0.339399 0.428009 0.147797 0.0596382 0.025156
 0.469465 0.276844 0.164369 0.0567588 0.0325636
 0.578962 0.270527 0.0785401 0.0466311 0.0253406
 0.40839 0.434235 0.101117 0.0293567 0.0269016
 0.638109 0.213623 0.108827 0.0253419 0.0140994
 0.552237 0.350757 0.0572621 0.0291714 0.0105723
 0.656327 0.247536 0.0753092 0.0122944 0.00853317
 0.554377 0.355898 0.064626 0.0196615 0.0054376
 0.339433 0.474438 0.148652 0.0269931 0.0104834
 0.337267 0.343825 0.229049 0.0717664 0.0180929
 0.528006 0.243462 0.118562 0.0789834 0.0309864
 0.532714 0.329601 0.0710201 0.0345855 0.0320791
 0.615531 0.276585 0.0760967 0.0163968 0.0153912
 0.554776 0.346938 0.0707061 0.0194534 0.00812628
 0.460672 0.389639 0.116644 0.0237722 0.00927258
 0.511996 0.3121 0.127082 0.038044 0.0107777
 0.518748 0.328956 0.0973997 0.0396597 0.0152362
 0.629812 0.254984 0.0787465 0.0233158 0.0131411
 0.59708 0.313095 0.061871 0.0191075 0.00884615
 0.457471 0.40666 0.10558 0.0208637 0.00942634
 0.511423 0.308144 0.135246 0.0351134 0.0100738
pobs_pel_tallas
 0 0 0 0 0 0 0 0 0 0 0 0 0 0 0 0 0 0 0 0 0 0 0 0 0 0 0 0 0 0 0 0 0 0 0 0
 0 0 0 0 0 0 0 0 0 0 0 0 0 0 0 0 0 0 0 0 0 0 0 0 0 0 0 0 0 0 0 0 0 0 0 0
 0 0 0 0 0 0 0 0 0 0 0 0 0 0 0 0 0 0 0 0 0 0 0 0 0 0 0 0 0 0 0 0 0 0 0 0
 0 0 0 0 0 0 0 0 0 0 0 0 0 0 0 0 0 0 0 0 0 0 0 0 0 0 0 0 0 0 0 0 0 0 0 0
 0 0 0 0 0 0 0 0 0 0 0 0 0 0 0 0 0 0 0 0 0 0 0 0 0 0 0 0 0 0 0 0 0 0 0 0
 0 0 0 0 0 0 0 0 0 0 0 0 0 0 0 0 0 0 0 0 0 0 0 0 0 0 0 0 0 0 0 0 0 0 0 0
 0 0 0 0 0 0 0 0 0 0 0 0 0 0 0 0 0 0 0 0 0 0 0 0 0 0 0 0 0 0 0 0 0 0 0 0
 0 0 0 0 0 0 0 0 0 0 0 0 0 0 0 0 0 0 0 0 0 0 0 0 0 0 0 0 0 0 0 0 0 0 0 0
 0 0 0 0 0 0 0 0 0 0 0 0 0 0 0 0 0 0 0 0 0 0 0 0 0 0 0 0 0 0 0 0 0 0 0 0
 0 0 0 0 0 0 0 0 0 0 0 0 0 0 0 0 0 0 0 0 0 0 0 0 0 0 0 0 0 0 0 0 0 0 0 0
 0 0 0 0 0 0 0 0 1.78061e-05 0.00172719 0.00360574 0.0105946 0.0120993 0.0124554 0.0147524 0.0171206 0.0266825 0.0428682 0.0675386 0.121331 0.153587 0.119568 0.100827 0.0573624 0.0630603 0.0341343 0.0324427 0.0444173 0.0211091 0.0280891 0.0125444 0.00206551 0 0 0 0
 0 0 0 0 0 0 0 0 0 0 0 0 0 0 0 0 0 0 0 0 0 0 0 0 0 0 0 0 0 0 0 0 0 0 0 0
 0 0 0 0 0 0 0.0133647 0.0140871 0.0187388 0.0205184 0.03894 0.0496705 0.03968 0.0493445 0.0407372 0.0367815 0.0215668 0.0243155 0.0234873 0.0199281 0.019796 0.0243948 0.0301388 0.0376714 0.0412746 0.0863199 0.0771752 0.113111 0.0741005 0.0525337 0.0229764 0.00759418 0.00175318 0 0 0
 0 0 0 0 0 0 0 0 0 0 0.00219441 0.00772107 0.0458388 0.0604681 0.0671733 0.0775358 0.0609151 0.0617685 0.073594 0.0568108 0.0755445 0.0548602 0.0670107 0.0636378 0.0643287 0.046367 0.0373049 0.0286899 0.0247887 0.0153202 0.00654259 0.00121912 0.000365735 0 0 0
 0 0 0 0 0 0 0 0 0 0 0 0 0.000112435 0.00938835 0.0111873 0.0202946 0.0414886 0.0713402 0.111592 0.104902 0.108894 0.110636 0.117776 0.105296 0.107544 0.0401394 0.0192827 0.0124803 0.00416011 0.0028671 0.000618394 0 0 0 0 0
 0 0 0 0 0 0 0 0 0 0 0.00291406 0.0102884 0.027416 0.0768956 0.0749926 0.110853 0.0956884 0.0897413 0.0766577 0.0534642 0.0500743 0.0551293 0.0594112 0.0620874 0.0668451 0.0424026 0.0208742 0.0120726 0.0048766 0.00582813 0.00118941 0.000297354 0 0 0 0
 0 0.00264628 0.0354308 0.0461629 0.0458689 0.0383711 0.0214643 0.0164657 0.0346957 0.0420465 0.0363128 0.0245516 0.0311673 0.0291091 0.0169068 0.0133784 0.00837989 0.0085269 0.0148486 0.0160247 0.0276389 0.0546898 0.0760071 0.122758 0.109233 0.0665981 0.0333725 0.0166128 0.00676272 0.00308733 0.000882094 0 0 0 0 0
 0 0 0 0 0 0 0 0.000805153 0.000690131 0.00759144 0.0133425 0.0154129 0.00931677 0.000345066 0.00356568 0.00563607 0.00851162 0.0253048 0.0502646 0.0516448 0.0657925 0.0565908 0.0611916 0.0827007 0.0866115 0.110766 0.145733 0.0935128 0.0569358 0.0249597 0.0138026 0.00621118 0.00161031 0.00115022 0 0
 0 0 0 0 0 0 0 0 0 0 0 0 0 0 0 0 0 0 0 0 0 0 0 0 0 0 0 0 0 0 0 0 0 0 0 0
 0.00147267 0.00158595 0.00478618 0.00569244 0.00954404 0.0108468 0.00647125 0.017049 0.0510054 0.094081 0.124002 0.0959785 0.0687766 0.0820023 0.061753 0.0591476 0.0492212 0.0479892 0.0443925 0.0268479 0.0217502 0.0140895 0.0121071 0.0120363 0.00920419 0.00665534 0.0049561 0.00860946 0.00930331 0.0156896 0.0114698 0.00855282 0.00243557 0.00046729 0 2.83206e-05
 0 0 0 0 0.000772559 0.00158375 0.000888443 0.00281984 0.00712685 0.0440552 0.0773331 0.111326 0.0921469 0.0852325 0.0710754 0.0886704 0.0786465 0.0553345 0.0373146 0.0185414 0.00753245 0.00457741 0.012979 0.0271748 0.0457355 0.0583668 0.034881 0.0177882 0.00938659 0.00492506 0.0015258 0.00185414 0.000309023 5.79419e-05 3.86279e-05 0
 0 0.00173294 0.00326652 0 0.00397197 0.00683976 0.00946217 0.0152591 0.00757587 0.0136028 0.0228656 0.0392903 0.0559909 0.0764795 0.0681675 0.0726916 0.0566044 0.0477403 0.0527397 0.0444891 0.0609904 0.0582453 0.0661739 0.0445044 0.0529084 0.0360697 0.0280645 0.0235558 0.0158879 0.00826598 0.00280645 0.00217768 0.000904811 0.00058276 9.20147e-05 0
 0 0 0 0 0 0 0 0 0 0 0 0 0 0 0 0 0 0 0 0 0 0 0 0 0 0 0 0 0 0 0 0 0 0 0 0
ppred_pel_tallas
 1.02746e-16 2.0058e-05 0.000117684 0.000559331 0.00215331 0.00671478 0.0169613 0.0347073 0.0575398 0.0773003 0.0841863 0.0744209 0.0536276 0.032014 0.016878 0.00972427 0.00849738 0.0107197 0.014833 0.0200433 0.0258224 0.031622 0.0368293 0.0408502 0.0432312 0.0437566 0.0424886 0.0397308 0.0359381 0.0316019 0.0271507 0.0228926 0.0190043 0.0155554 0.0125491 0.00995853
 1.04066e-16 2.06229e-05 0.000121004 0.000575127 0.00221415 0.0069045 0.0174405 0.0356874 0.059163 0.079476 0.0865429 0.0764734 0.0550399 0.0327233 0.0170081 0.00941852 0.00781907 0.00964901 0.0133101 0.0180156 0.0232808 0.0286259 0.0335175 0.0374349 0.0399749 0.040935 0.040348 0.0384505 0.0356065 0.0322094 0.0286005 0.0250227 0.0216154 0.0184387 0.0155088 0.0128283
 1.05463e-16 1.48296e-05 8.69844e-05 0.000413373 0.00159132 0.00496222 0.0125346 0.0256502 0.0425291 0.0571486 0.0622765 0.0551406 0.039926 0.0242194 0.0134734 0.00887167 0.0089688 0.0119912 0.0168053 0.022782 0.0294163 0.0361218 0.0422245 0.0470668 0.0501446 0.0512149 0.050337 0.0478314 0.0441772 0.0398858 0.0353928 0.0309997 0.0268676 0.0230509 0.0195464 0.0163362
 1.05896e-16 2.0495e-05 0.000120259 0.000571595 0.00220057 0.00686217 0.0173335 0.0354681 0.0587979 0.0789809 0.0859918 0.0759579 0.0546067 0.0323417 0.0165839 0.00882831 0.00693579 0.0083545 0.0115081 0.015653 0.0203744 0.0252851 0.0299534 0.0339471 0.0369149 0.0386535 0.0391362 0.0384916 0.0369478 0.0347613 0.0321591 0.0293089 0.0263198 0.0232622 0.0201931 0.0171745
 1.0399e-16 2.52691e-05 0.000148288 0.000704852 0.00271364 0.00846218 0.0213749 0.0437371 0.0725034 0.0973832 0.106007 0.0935874 0.0671718 0.0395633 0.0198775 0.00991255 0.00697969 0.00788455 0.0106506 0.0143555 0.0185186 0.0227331 0.026569 0.0296145 0.0315572 0.0322502 0.0317373 0.0302253 0.0280178 0.0254339 0.0227405 0.0201154 0.0176457 0.0153514 0.0132187 0.0112289
 1.03843e-16 1.78381e-05 0.000104646 0.00049734 0.00191461 0.00597039 0.0150811 0.0308607 0.0511655 0.0687454 0.0748919 0.0662581 0.0478619 0.028805 0.0156113 0.00965944 0.00916153 0.0119411 0.016611 0.0224233 0.0288196 0.0351841 0.0408249 0.0450789 0.0474539 0.0477385 0.0460432 0.0427536 0.0384198 0.0336181 0.0288338 0.0243937 0.0204578 0.0170536 0.0141309 0.0116133
 1.03145e-16 2.7846e-05 0.000163422 0.00077681 0.00299072 0.00932624 0.0235574 0.0482022 0.0799027 0.107314 0.116797 0.103066 0.073872 0.0433022 0.0213724 0.0100278 0.00626976 0.00655364 0.00870137 0.0117324 0.0151939 0.0187491 0.0220532 0.024771 0.0266376 0.027511 0.0273944 0.0264182 0.0247939 0.0227549 0.0205068 0.0182005 0.0159291 0.013742 0.0116661 0.00972201
 1.02424e-16 2.41071e-05 0.000141458 0.000672366 0.00258854 0.00807202 0.0203895 0.0417215 0.0691647 0.0929068 0.101155 0.0893539 0.0642419 0.0380558 0.0195227 0.0103945 0.00814052 0.00973303 0.0132771 0.0178416 0.0228704 0.0278378 0.0321784 0.0353587 0.0369892 0.0369138 0.0352417 0.0323076 0.0285795 0.0245437 0.0206066 0.017038 0.0139638 0.0113941 0.00927039 0.00750937
 1.01971e-16 2.86418e-05 0.00016809 0.000798998 0.00307614 0.00959261 0.0242303 0.0495792 0.0821859 0.110382 0.120142 0.10603 0.0760233 0.0446168 0.0221194 0.0105391 0.00679623 0.00724355 0.00962918 0.0129195 0.0166099 0.0203055 0.0236019 0.0261156 0.0275588 0.0278014 0.0268956 0.0250508 0.0225728 0.0197864 0.0169703 0.0143181 0.0119332 0.00984571 0.00804196 0.00649065
 1.01964e-16 2.42006e-05 0.000142007 0.000674973 0.00259857 0.00810331 0.0204686 0.0418833 0.0694331 0.0932675 0.101549 0.0897038 0.064498 0.0382168 0.0196222 0.0104747 0.00823509 0.00986464 0.0134604 0.0180851 0.0231751 0.0281954 0.0325698 0.0357539 0.0373499 0.0371975 0.0354071 0.0323206 0.0284176 0.0241989 0.0200862 0.0163638 0.0131691 0.0105201 0.0083614 0.00660873
 1.03683e-16 1.48331e-05 8.70001e-05 0.000413438 0.00159155 0.00496293 0.0125364 0.0256544 0.0425373 0.0571635 0.062303 0.0551885 0.0400137 0.0243781 0.0137503 0.00933169 0.00969245 0.0130664 0.0183122 0.0247713 0.0318847 0.0389918 0.0453346 0.0501796 0.052973 0.0534628 0.0517457 0.0482197 0.043468 0.0381121 0.0326861 0.0275634 0.0229456 0.0188954 0.0153912 0.0123774
 1.06675e-16 1.47334e-05 8.64269e-05 0.000410738 0.00158121 0.00493069 0.0124548 0.0254865 0.0422555 0.0567746 0.0618522 0.0547252 0.0395392 0.0238143 0.0129442 0.00807912 0.00776093 0.0102208 0.0143531 0.0195906 0.0255285 0.0317112 0.0376032 0.0426614 0.0464383 0.0486674 0.0493002 0.0484832 0.0464905 0.043639 0.0402175 0.0364497 0.0324929 0.0284592 0.0244431 0.0205398
 1.05925e-16 2.30462e-05 0.00013524 0.000642824 0.00247483 0.00771745 0.0194938 0.039888 0.0661228 0.0888135 0.0966794 0.0853559 0.0612706 0.0361021 0.0181674 0.00911256 0.00649443 0.00741291 0.0100829 0.0136843 0.0178021 0.0220868 0.0261613 0.029653 0.0322626 0.0338216 0.0343155 0.0338634 0.0326654 0.03094 0.0288723 0.0265899 0.0241662 0.0216414 0.0190493 0.0164352
 1.03803e-16 2.32549e-05 0.000136458 0.000648595 0.00249702 0.00778664 0.0196687 0.0402464 0.0667192 0.0896213 0.0975764 0.08619 0.0619609 0.0366923 0.0188014 0.00997766 0.00778041 0.00929256 0.0126938 0.0170988 0.0219886 0.0268768 0.0312385 0.034574 0.0365123 0.0368936 0.035799 0.0335145 0.0304465 0.027018 0.0235806 0.0203654 0.0174795 0.0149336 0.0126859 0.0106815
 1.02453e-16 2.6864e-05 0.000157651 0.000749361 0.00288501 0.00899659 0.0227248 0.0464991 0.0770816 0.103531 0.112695 0.0994842 0.071386 0.0420086 0.0210369 0.0103749 0.00715434 0.00796962 0.0107111 0.0143928 0.0185034 0.0226144 0.0262777 0.0290677 0.0306662 0.030932 0.0299274 0.0278897 0.0251618 0.0221061 0.01903 0.0161443 0.0135567 0.0112932 0.00933149 0.00763192
 1.02165e-16 2.42177e-05 0.000142108 0.000675455 0.00260043 0.00810912 0.0204832 0.0419132 0.0694824 0.093333 0.101618 0.0897604 0.0645285 0.0382145 0.0195838 0.0103949 0.00810388 0.00966873 0.0131869 0.0177265 0.0227341 0.0276886 0.0320287 0.0352232 0.0368815 0.0368423 0.0352066 0.0322993 0.0285794 0.0245275 0.0205492 0.0169189 0.0137711 0.0111273 0.00893963 0.0071335
 1.03033e-16 2.01161e-05 0.000118024 0.000560948 0.00215954 0.00673419 0.0170103 0.0348077 0.0577064 0.0775247 0.0844321 0.0746414 0.0537936 0.032127 0.0169625 0.00981069 0.00861089 0.0108774 0.0150433 0.0203053 0.0261226 0.0319333 0.0371118 0.0410561 0.0433138 0.0436805 0.0422393 0.0393209 0.0354073 0.0310108 0.0265703 0.0223914 0.0186366 0.0153534 0.0125197 0.010086
 1.03717e-16 2.2351e-05 0.000131152 0.000623374 0.00239992 0.00748382 0.0189038 0.0386812 0.0641246 0.0861362 0.0937825 0.0828399 0.059555 0.0352731 0.018086 0.00962063 0.00753692 0.0090395 0.0123902 0.016752 0.021641 0.026602 0.0311366 0.0347595 0.0370955 0.0379569 0.0373754 0.0355738 0.0328933 0.0297035 0.0263248 0.0229854 0.0198166 0.0168739 0.0141712 0.0117086
 1.03565e-16 2.2646e-05 0.000132883 0.000631599 0.00243158 0.00758256 0.0191532 0.0391917 0.0649711 0.0872741 0.0950235 0.0839413 0.0603579 0.0357706 0.0183806 0.00983896 0.00777583 0.00935722 0.0128156 0.0172904 0.0222732 0.0272817 0.0317904 0.0352942 0.0374117 0.0379672 0.0370224 0.0348434 0.0318192 0.028362 0.0248214 0.0214367 0.0183316 0.0155402 0.0130456 0.0108159
 1.02617e-16 2.74859e-05 0.000161304 0.000766732 0.0029519 0.00920519 0.0232517 0.047577 0.0788675 0.105927 0.115297 0.101766 0.0729892 0.042884 0.0213496 0.010322 0.00685555 0.00745837 0.00997318 0.0134049 0.0172577 0.0211332 0.0246185 0.0273205 0.0289425 0.0293474 0.0285832 0.0268567 0.0244714 0.0217495 0.0189654 0.0163084 0.0138779 0.0117028 0.00977116 0.0080579
 1.02051e-16 2.60609e-05 0.000152933 0.000726924 0.00279861 0.00872714 0.0220443 0.0451069 0.074775 0.100437 0.109338 0.0965444 0.0693294 0.0409045 0.0206804 0.0105217 0.00766315 0.00881118 0.0119156 0.0159968 0.0205127 0.0249832 0.0289007 0.0317861 0.0332878 0.0332609 0.0317972 0.0291902 0.0258537 0.0222203 0.0186545 0.0154019 0.0125814 0.0102104 0.00824439 0.00661517
 1.02789e-16 1.99772e-05 0.000117207 0.00055706 0.00214456 0.00668748 0.0168924 0.0345665 0.0573071 0.0769898 0.0838539 0.0741405 0.0534549 0.0319693 0.0169601 0.00993493 0.00885385 0.0112517 0.0155695 0.0209975 0.0269773 0.0329213 0.0381757 0.0421146 0.0442716 0.0444443 0.0427337 0.0395015 0.0352678 0.0305818 0.0259114 0.021579 0.0177504 0.0144657 0.0116876 0.00934796
 1.03698e-16 2.23258e-05 0.000131005 0.000622674 0.00239723 0.00747543 0.0188826 0.0386378 0.0640525 0.0860391 0.0936761 0.0827444 0.0594829 0.0352236 0.0180483 0.00958132 0.00748444 0.00896561 0.01229 0.0166246 0.0214903 0.0264382 0.0309757 0.0346219 0.0370024 0.0379266 0.037419 0.0356925 0.0330779 0.0299354 0.02658 0.0232387 0.0200458 0.0170629 0.0143115 0.0117991
pSPR Fmed_Fpbrs
0.371377   0.256628 0.256628
Fs Fmed_Fpbrs
0.64   1.005 1.005
SSBpbr Bo_Bmed_Bpbrs
1.3597e+06  436976  280951 280951
Ro
36690.3
SPR SPRFo_SPRFmed_SPRFpbrs
756260 280858 194077
log_Ro
10.3303
likeval ReclasPelacesDesembMPH_pf_preclas_ppelaces_ptallas_desvR_qrecl_qpela
 92.6241 94.2438 0.00494184 47.5936 326.425 176.957 44.3509 0 14.5321 0 0 0 0 0 0
q_reclas_q_pelaces
1 1
M
0.7
N
 41388.7 19397.3 7309.9 871.818 0.241042
 43604.6 17696 7140.57 2690.94 321.025
 21783.1 18424.6 6362.26 2567.26 1082.89
 23878.6 7593.08 4508.19 1556.74 893.132
 45600.2 10826.2 3143.09 1866.13 1014.1
 33921.2 22210.3 5171.95 1501.54 1375.96
 69297.5 13106.1 6676.72 1554.76 865.018
 75848.7 29704.1 4849.28 2470.4 895.325
 129029 29260.5 8902.08 1453.29 1008.68
 142042 51305.6 9316.35 2834.36 783.874
 69292.9 61186.6 19171.2 3481.21 1352.01
 40756.6 25960.1 17294.1 5418.64 1366.09
 48242.9 15473.8 7535.44 5019.96 1969.4
 29346.1 16093.8 3467.77 1688.74 1566.36
 20215.8 7310.96 2011.46 433.416 406.836
 14629 5657.28 1152.96 317.213 132.51
 11052.7 5623.64 1683.52 343.103 133.831
 12511.2 4392.41 1788.52 535.421 151.682
 14532.3 5239.73 1551.42 631.713 242.688
 27147.3 6181.21 1908.94 565.212 318.561
 42535.4 11699.9 2312.03 714.023 330.569
 42181.9 19937.1 5176.19 1022.87 462.139
 59626.7 19451.5 8537.35 2216.52 635.904
pred_Ctot
 4173.48 3671.33 1383.55 165.01 0.0456221
 4719.82 3578.16 1443.84 544.112 64.9117
 4764.95 6996.69 2416.05 974.909 411.226
 1501.84 918.378 545.263 188.287 108.024
 629.442 296.344 86.0356 51.0814 27.759
 5493.2 6486.84 1510.55 438.546 401.87
 6876.32 2443.59 1244.85 289.881 161.28
 12350.2 8717.88 1423.22 725.04 262.769
 18729.2 7745.58 2356.48 384.701 267.009
 13651.6 9283.65 1685.78 512.872 141.84
 12437 19576.5 6133.79 1113.81 432.575
 7008.7 7997.94 5328.07 1669.41 420.872
 11649.9 6386.85 3110.28 2072 812.878
 10936.6 9342.09 2012.97 980.277 909.238
 6556.35 3824.22 1052.16 226.711 212.808
 2411.67 1678.78 342.137 94.1322 39.3219
 1608.02 1491.71 446.567 91.0105 35.4996
 1423.25 930.09 378.718 113.375 32.1186
 1512.84 1021.69 302.51 123.178 47.3216
 2600.45 1115 344.343 101.956 57.4637
 1722.48 924.063 182.605 56.3936 26.1084
 2174.91 1991.01 516.92 102.149 46.1515
 3943.08 2468.59 1083.47 281.298 80.7024
F
 0.149669 0.299339 0.299339 0.299339 0.299339
 0.161478 0.322956 0.322956 0.322956 0.322956
 0.353894 0.707789 0.707789 0.707789 0.707789
 0.0910157 0.182031 0.182031 0.182031 0.182031
 0.0193585 0.038717 0.038717 0.038717 0.038717
 0.250964 0.501927 0.501927 0.501927 0.501927
 0.147123 0.294246 0.294246 0.294246 0.294246
 0.2525 0.505001 0.505001 0.505001 0.505001
 0.222234 0.444469 0.444469 0.444469 0.444469
 0.142196 0.284391 0.284391 0.284391 0.284391
 0.281782 0.563563 0.563563 0.563563 0.563563
 0.268472 0.536943 0.536943 0.536943 0.536943
 0.397817 0.795635 0.795635 0.795635 0.795635
 0.689785 1.37957 1.37957 1.37957 1.37957
 0.573523 1.14705 1.14705 1.14705 1.14705
 0.256027 0.512054 0.512054 0.512054 0.512054
 0.222795 0.44559 0.44559 0.44559 0.44559
 0.170355 0.340709 0.340709 0.340709 0.340709
 0.154862 0.309724 0.309724 0.309724 0.309724
 0.141693 0.283387 0.283387 0.283387 0.283387
 0.0577572 0.115514 0.115514 0.115514 0.115514
 0.074065 0.14813 0.14813 0.14813 0.14813
 0.0959002 0.1918 0.1918 0.1918 0.1918
Np
 28128.6 8451.01 4890.05 1449.36 751.762
YTP_r0W_actual
 115043 227031 137526 46609.5 16806.9
YTP_p0W_proyectada
 67427.4 280256 120752 67682.9 27493.9
 67427.4 88039.7 74055.7 28030.9 16134.5
CTP_r0_actual
 17430.7 9381.44 4117.55 1069.02 306.695
CTP_p0_proyectada
 8222.85 12974.8 3845.61 1687.85 617.842
 8222.85 4075.91 2358.46 699.026 362.574
Wmedp
 8.2 21.6 31.4 40.1 44.5
nmprior
 10.8 10.6 4.6 0
nm_flota  nm_reclas  nm_pelaces    nm_pelaL
inf 15.6111 13.0641 16.8922
cv_recla  cv_pelaces  cv_mph
0.913026 1.18897 0.995758
 ------------------------------------------------
Talla a la edad & desviaci?n 
 7.2 14.2025 17.0495 18.207 18.6776
 1.08 2.13037 2.55742 2.73105 2.80164
