years
 1997 1998 1999 2000 2001 2002 2003 2004 2005 2006 2007 2008 2009 2010 2011 2012 2013 2014 2015 2016 2017 2018 2019 2020 2021 2022 2023
reclasobs
 0 0 0 370054 412103 1.49427e+06 250295 1.28982e+06 931140 785840 897777 1.04006e+06 184774 17550 25797 100020 73551 82996 120727 218422 84188 347160 605670 569463 516374 1.08416e+06 1.01767e+06
reclaspred
 519860 133157 329952 211272 330697 408893 886716 630117 751851 813629 712085 495217 290717 115034 72767.7 71387.1 77680 102698 118165 161081 248009 246891 428855 555594 723783 676485 599213
pelacesobs
 0 0 0 0 0 0 0 0 0 2.06254e+06 1.5e+06 0 1.87456e+06 323000 250000 174000 83755 137374 0 501740 490994 745055 786931 1.00524e+06 1.33801e+06 1.41789e+06 0
pelacespred
 2.0958e+06 419289 642298 642713 914321 788590 2.36425e+06 1.84614e+06 2.13693e+06 2.26398e+06 1.63115e+06 1.17218e+06 715596 231818 160013 155673 173752 242488 266731 368833 670840 601204 851449 1.29252e+06 1.56036e+06 1.57246e+06 1.34923e+06
mphobs
 0 0 0 0 0 0 112323 0 153150 637223 0 255016 313432 73983 77613 109348 50772 17779 17303 59886 28197 0 207744 136588 643089 65757 70829
mphpred
 178997 97833 106470 96324.1 107111 177135 251487 321557 293237 338054 351669 243412 144387 116083 50122.8 43215.5 42075.5 53571.9 29446.8 33088.8 53335.5 69485.5 86554.7 128701 172511 167196 148718
desembarqueobs
 350755 77701 442110 56441 14545 235359 269955 359681 431902 328805 639364 411747 362871 311530 167758 66681 60226 58785 57116 73181 50977 67692 138656 160484 209506 203330 245020
desembarquepred
 350760 77699 442087 56445.2 14545.4 235475 270035 359651 431905 328805 639292 411767 362964 311635 167575 66680.5 60260 58776.3 57093.8 73176.5 50979.3 67678.7 138661 160497 209508 203321 245001
Reclutas
 35543.3 42758.8 20282.3 28080.7 49994.7 35299.6 71662 71132.5 101567 114235 64384.2 45447.2 46062.7 26509.8 15273.7 12161.9 8504.53 10953.8 12550.7 18221.9 25443.5 33430 51185.6 71334.7 30004.5 42562.1 59630.5
log_desv_Rt
 0.0332799 0.218104 -0.527721 -0.202391 0.374445 0.0264002 0.73449 0.727074 1.08324 1.20079 0.627397 0.279079 0.292531 -0.259958 -0.811339 -1.03916 -1.39687 -1.14378 -1.00769 -0.634847 -0.301009 -0.0280165 0.397986 0.729911 -0.136123 0.213492 0.550696
SSB
 426833 233290 253887 229692 255413 422392 581501 756671 680666 787929 838582 580433 358255 181368 82904.9 71086 72852.4 87336.1 112336 134006 201786 255732 328560 464104 686165 686802 572640
BT
 1.49918e+06 359826 603884 413321 518553 607380 1.53339e+06 1.42502e+06 1.6049e+06 1.57212e+06 1.46232e+06 1.01501e+06 750178 415899 227266 141155 146143 183255 193964 263825 415319 386673 561227 844316 994689 1.02069e+06 945679
Ftot
 1.08726 0.99651 1.7609 0.399712 0.0718839 0.710656 0.468214 0.880563 0.957284 0.646425 1.16228 1.03738 1.72101 3.55638 3.7859 1.48013 1.19522 0.896636 0.698426 0.693882 0.319388 0.375704 0.438033 0.430878 0.355032 0.354217 0.537546
BD_Bspro_t
 0.90384 0.625788 0.539538 0.34575 0.495034 0.672968 0.609361 0.638878 0.578018 0.566741 0.549112 0.388445 0.28431 0.186316 0.10642 0.111461 0.153865 0.236916 0.338819 0.43802 0.567876 0.68518 0.701753 0.709638 0.730778 0.671266 0.627347
BD_Bspro
 0.601097 0.328536 0.357542 0.323469 0.359691 0.594843 0.818911 1.0656 0.958564 1.10962 1.18095 0.817408 0.50452 0.255415 0.116753 0.100108 0.102596 0.122993 0.1582 0.188717 0.284169 0.36014 0.462702 0.653585 0.966306 0.967205 0.806433
BD_Bo
 0.530023 0.28969 0.315266 0.285222 0.317161 0.524509 0.722083 0.939602 0.845222 0.978417 1.04132 0.720757 0.444865 0.225215 0.102948 0.0882716 0.090465 0.10845 0.139494 0.166403 0.250569 0.317557 0.407992 0.576304 0.85205 0.852842 0.71108
BD_Brms
 1.421 0.776663 0.845232 0.764684 0.850314 1.40622 1.93592 2.51909 2.26605 2.62315 2.79178 1.93236 1.19269 0.603805 0.276005 0.236658 0.242538 0.290757 0.373987 0.446129 0.67178 0.851375 1.09383 1.54508 2.28436 2.28648 1.90642
S_f
 0.0912066 0.655984 0.97314 0.998549 0.999924
 0.0912066 0.655984 0.97314 0.998549 0.999924
 0.0912066 0.655984 0.97314 0.998549 0.999924
 0.0912066 0.655984 0.97314 0.998549 0.999924
 0.0912066 0.655984 0.97314 0.998549 0.999924
 0.0912066 0.655984 0.97314 0.998549 0.999924
 0.0912066 0.655984 0.97314 0.998549 0.999924
 0.0912066 0.655984 0.97314 0.998549 0.999924
 0.0912066 0.655984 0.97314 0.998549 0.999924
 0.0912066 0.655984 0.97314 0.998549 0.999924
 0.0912066 0.655984 0.97314 0.998549 0.999924
 0.0912066 0.655984 0.97314 0.998549 0.999924
 0.0912066 0.655984 0.97314 0.998549 0.999924
 0.0912066 0.655984 0.97314 0.998549 0.999924
 0.0912066 0.655984 0.97314 0.998549 0.999924
 0.0912066 0.655984 0.97314 0.998549 0.999924
 0.0912066 0.655984 0.97314 0.998549 0.999924
 0.0912066 0.655984 0.97314 0.998549 0.999924
 0.0912066 0.655984 0.97314 0.998549 0.999924
 0.0912066 0.655984 0.97314 0.998549 0.999924
 0.0912066 0.655984 0.97314 0.998549 0.999924
 0.0912066 0.655984 0.97314 0.998549 0.999924
 0.0912066 0.655984 0.97314 0.998549 0.999924
 0.0912066 0.655984 0.97314 0.998549 0.999924
 0.0912066 0.655984 0.97314 0.998549 0.999924
 0.0912066 0.655984 0.97314 0.998549 0.999924
 0.0912066 0.655984 0.97314 0.998549 0.999924
Scru_reclas
 0.521986 0.846049 0.965105 0.992867 0.998574
 0.521986 0.846049 0.965105 0.992867 0.998574
 0.521986 0.846049 0.965105 0.992867 0.998574
 0.521986 0.846049 0.965105 0.992867 0.998574
 0.521986 0.846049 0.965105 0.992867 0.998574
 0.521986 0.846049 0.965105 0.992867 0.998574
 0.521986 0.846049 0.965105 0.992867 0.998574
 0.521986 0.846049 0.965105 0.992867 0.998574
 0.521986 0.846049 0.965105 0.992867 0.998574
 0.521986 0.846049 0.965105 0.992867 0.998574
 0.521986 0.846049 0.965105 0.992867 0.998574
 0.521986 0.846049 0.965105 0.992867 0.998574
 0.521986 0.846049 0.965105 0.992867 0.998574
 0.521986 0.846049 0.965105 0.992867 0.998574
 0.521986 0.846049 0.965105 0.992867 0.998574
 0.521986 0.846049 0.965105 0.992867 0.998574
 0.521986 0.846049 0.965105 0.992867 0.998574
 0.521986 0.846049 0.965105 0.992867 0.998574
 0.521986 0.846049 0.965105 0.992867 0.998574
 0.521986 0.846049 0.965105 0.992867 0.998574
 0.521986 0.846049 0.965105 0.992867 0.998574
 0.521986 0.846049 0.965105 0.992867 0.998574
 0.521986 0.846049 0.965105 0.992867 0.998574
 0.521986 0.846049 0.965105 0.992867 0.998574
 0.521986 0.846049 0.965105 0.992867 0.998574
 0.521986 0.846049 0.965105 0.992867 0.998574
 0.521986 0.846049 0.965105 0.992867 0.998574
Scru_pelaces
 0.856606 1 1 1 1
 0.856606 1 1 1 1
 0.856606 1 1 1 1
 0.856606 1 1 1 1
 0.856606 1 1 1 1
 0.856606 1 1 1 1
 0.856606 1 1 1 1
 0.856606 1 1 1 1
 0.856606 1 1 1 1
 0.856606 1 1 1 1
 0.856606 1 1 1 1
 0.856606 1 1 1 1
 0.856606 1 1 1 1
 0.856606 1 1 1 1
 0.856606 1 1 1 1
 0.856606 1 1 1 1
 0.856606 1 1 1 1
 0.856606 1 1 1 1
 0.856606 1 1 1 1
 0.856606 1 1 1 1
 0.856606 1 1 1 1
 0.856606 1 1 1 1
 0.856606 1 1 1 1
 0.856606 1 1 1 1
 0.856606 1 1 1 1
 0.856606 1 1 1 1
 0.856606 1 1 1 1
pf_obs 
 0.256992 0.487395 0.22802 0.0275931 0
 0.321318 0.546541 0.124235 0.00734118 0.000564706
 0.182869 0.594174 0.210203 0.0122559 0.00049798
 0.330522 0.361315 0.267642 0.0388342 0.00168674
 0.649043 0.306663 0.0425973 0.00169635 0
 0.582887 0.30429 0.105238 0.00758474 0
 0.465427 0.430635 0.0974691 0.00646863 0
 0.296916 0.608066 0.0921331 0.00288517 0
 0.311714 0.524322 0.152257 0.0117073 0
 0.15457 0.633149 0.183074 0.0267441 0.00246327
 0.131901 0.49318 0.331252 0.0422183 0.00144891
 0.196976 0.569456 0.194076 0.0375587 0.00193317
 0.518974 0.381816 0.0799577 0.0180837 0.00116848
 0.0928022 0.601141 0.25162 0.0475244 0.00691264
 0.122501 0.610282 0.24278 0.0234846 0.000952079
 0.383417 0.481906 0.127806 0.00687128 0
 0.0376549 0.599619 0.316969 0.0457579 0
 0.0361596 0.667082 0.258105 0.0386534 0
 0.158088 0.579412 0.248529 0.0139706 0
 0.0477256 0.309471 0.559284 0.082774 0.000745712
 0.0406174 0.521527 0.379366 0.0568643 0.0016247
 0.151134 0.462217 0.34131 0.0453401 0
 0.294876 0.26143 0.354403 0.0886775 0.000613685
 0.281977 0.475581 0.204845 0.0348837 0.00271318
 0.0841818 0.532909 0.334909 0.0458182 0.00218182
 0.115287 0.27431 0.454777 0.147771 0.00785563
 0 0 0 0 0
pf_pred 
 0.293451 0.481473 0.201002 0.0240593 1.38267e-05
 0.270887 0.577443 0.120667 0.0278117 0.00319198
 0.141594 0.660157 0.172996 0.0202593 0.00499402
 0.242347 0.483164 0.240431 0.029927 0.00413117
 0.261284 0.49644 0.177718 0.0567598 0.00779771
 0.1385 0.58785 0.205956 0.0499973 0.0176962
 0.270274 0.397961 0.259758 0.054676 0.0173311
 0.208208 0.583748 0.136838 0.0561389 0.0150668
 0.270173 0.498696 0.192116 0.0260049 0.0130101
 0.232674 0.580254 0.148214 0.0325176 0.00633945
 0.132337 0.605 0.220034 0.0340198 0.00860983
 0.141462 0.50594 0.285732 0.0564126 0.010454
 0.221778 0.485849 0.211229 0.0662767 0.0148677
 0.232427 0.618341 0.11661 0.0239289 0.00869272
 0.291474 0.634098 0.0696371 0.00382112 0.00097001
 0.286274 0.651562 0.0602328 0.00181797 0.000112969
 0.189771 0.643573 0.159016 0.00741484 0.000226059
 0.251298 0.506346 0.212701 0.0283514 0.00130288
 0.23199 0.564365 0.159756 0.0387003 0.00518836
 0.261297 0.511329 0.187101 0.0318351 0.00843771
 0.244611 0.543234 0.167475 0.0369968 0.00768352
 0.217546 0.524208 0.206235 0.0413109 0.0106996
 0.241817 0.490198 0.203861 0.0515222 0.0126018
 0.235777 0.523004 0.179423 0.0473618 0.0144345
 0.0822412 0.615784 0.2339 0.0510405 0.0170343
 0.14085 0.314945 0.414033 0.101511 0.0286621
 0.203149 0.440593 0.169194 0.143343 0.0437207
pobs_RECLAS
 0 0 0 0 0
 0 0 0 0 0
 0 0 0 0 0
 0 0 0 0 0
 0.835266 0.146461 0.0176864 0.000547809 3.91292e-05
 0.385257 0.428462 0.181853 0.0044286 0
 0.867414 0.0963971 0.0333333 0.00285562 0
 0.441836 0.489002 0.0689373 0.000224442 0
 0.779404 0.147425 0.0564933 0.0165055 0.000172143
 0.814271 0.122319 0.05973 0.00367925 0
 0.40263 0.566651 0.0304383 0.000280538 0
 0.475488 0.404961 0.113038 0.00651328 0
 0.955842 0.0263864 0.0167828 0.000988607 0
 0.975058 0.0227948 0.00214734 0 0
 0.738997 0.206755 0.0527124 0.00153531 0
 0.850938 0.134255 0.0134407 0.00136685 0
 0.542534 0.407297 0.0501686 0 0
 0.764087 0.199537 0.0359546 0.000420521 0
 0.470689 0.182191 0.310203 0.0369168 0
 0.84361 0.089868 0.0606195 0.00523954 0.000663233
 0.607945 0.314616 0.071237 0.00620181 0
 0.523733 0.453247 0.0230204 0 0
 0.530135 0.295979 0.169645 0.0042399 0
 0.562478 0.366248 0.0663022 0.0049721 0
 0.250443 0.683176 0.0655157 0.000865301 0
 0.195077 0.31981 0.436473 0.0351445 0.0134964
 0.565238 0.351407 0.0832357 0.000118908 0
ppred_RECLAS
 0.680194 0.237946 0.0731148 0.00874026 5.04384e-06
 0.646765 0.295754 0.0457347 0.0105326 0.00121389
 0.467156 0.440222 0.0808748 0.0094172 0.00233047
 0.6122 0.270747 0.102502 0.0127801 0.00177179
 0.629991 0.269091 0.0739676 0.0236822 0.00326767
 0.444303 0.411682 0.108345 0.0263159 0.00935393
 0.652887 0.212558 0.105294 0.0221954 0.00706575
 0.565999 0.342948 0.059875 0.0245585 0.00661889
 0.652122 0.258879 0.0739659 0.010006 0.00502691
 0.595551 0.325391 0.0626173 0.0137491 0.00269188
 0.438985 0.42565 0.113412 0.0175046 0.00444842
 0.463227 0.354433 0.147772 0.0291451 0.0054235
 0.612672 0.272245 0.0832515 0.0259806 0.00585108
 0.667149 0.292128 0.031971 0.00641473 0.00233728
 0.730103 0.253166 0.0156787 0.000839106 0.000213621
 0.66516 0.313412 0.0207654 0.000624431 3.89582e-05
 0.539544 0.387167 0.0699348 0.00325481 9.96395e-05
 0.628947 0.273604 0.0855271 0.0113966 0.000525932
 0.596798 0.317164 0.0674793 0.0163563 0.00220215
 0.636705 0.272258 0.0748924 0.0127507 0.00339389
 0.60909 0.301144 0.0708216 0.0156751 0.00326951
 0.576055 0.308254 0.0923418 0.0185293 0.00481984
 0.611466 0.274467 0.0867228 0.0219517 0.00539231
 0.601079 0.295335 0.0769982 0.0203571 0.00623101
 0.304265 0.506394 0.146562 0.0320398 0.0107393
 0.464706 0.230977 0.231372 0.0568297 0.0161155
 0.564748 0.269888 0.0784432 0.0665387 0.020382
pobs_PELACES
 0 0 0 0 0
 0 0 0 0 0
 0 0 0 0 0
 0 0 0 0 0
 0 0 0 0 0
 0 0 0 0 0
 0 0 0 0 0
 0 0 0 0 0
 0 0 0 0 0
 0 0 0 0 0
 0.450072 0.473896 0.0757376 0.000293798 0
 0 0 0 0 0
 0.463077 0.371075 0.160297 0.00555027 0
 0.529543 0.364841 0.0842815 0.0213345 0
 0.631943 0.363953 0.00410389 0 0
 0.735681 0.248677 0.0153453 0.000297389 0
 0.695825 0.281241 0.0229344 0 0
 0.275771 0.60734 0.115278 0.00161068 0
 0 0 0 0 0
 0.896147 0.0623911 0.0374545 0.00400742 0
 0.803859 0.145111 0.0509908 3.86294e-05 0
 0.739449 0.233085 0.0266225 0.000797448 4.60066e-05
 0.878498 0.100942 0.0204185 0.000141795 0
 0.694673 0.275183 0.0284847 0.00165964 0
 0.469039 0.446079 0.0841089 0.000773354 0
 0.822795 0.102175 0.0682046 0.00682512 0
 0 0 0 0 0
ppred_PELACES
 0.793085 0.16317 0.0392256 0.00451661 2.59028e-06
 0.760338 0.207976 0.0254012 0.00563893 0.000645886
 0.639628 0.312672 0.0418805 0.0046708 0.00114836
 0.712908 0.210782 0.0670893 0.00810369 0.00111685
 0.713356 0.216539 0.0517882 0.0161077 0.00220976
 0.571577 0.334131 0.0715625 0.0167953 0.00593383
 0.753225 0.161863 0.0669286 0.01366 0.0043228
 0.690613 0.255773 0.0357 0.0141287 0.00378462
 0.766869 0.183437 0.0415652 0.00542195 0.00270719
 0.705316 0.246053 0.0387933 0.00823502 0.00160262
 0.588131 0.330736 0.0684033 0.010163 0.0025666
 0.610994 0.277518 0.0909952 0.0172941 0.00319829
 0.767317 0.178191 0.0398945 0.0119285 0.00266897
 0.850295 0.13821 0.00913891 0.00173001 0.000625736
 0.886432 0.109322 0.00399349 0.000201259 5.08565e-05
 0.786932 0.202677 0.0100826 0.000291078 1.80445e-05
 0.678384 0.280599 0.039208 0.00175605 5.34218e-05
 0.746193 0.197818 0.049353 0.00634458 0.000290999
 0.709328 0.238371 0.0413252 0.00967989 0.0012954
 0.744083 0.201365 0.0451566 0.00742973 0.00196567
 0.704348 0.236325 0.04712 0.0101104 0.00209648
 0.679218 0.244076 0.0616253 0.0119821 0.00309845
 0.713864 0.212697 0.0562748 0.0137955 0.00336875
 0.703354 0.229702 0.050184 0.0128504 0.00391006
 0.404249 0.453555 0.110878 0.0234912 0.00782764
 0.586432 0.196526 0.166296 0.0395859 0.0111597
 0.681806 0.212306 0.0511353 0.0419726 0.0127804
pobs_pel_tallas
 0 0 0 0 0 0 0 0 0 0 0 0 0 0 0 0 0 0 0 0 0 0 0 0 0 0 0 0 0 0 0 0 0 0 0 0
 0 0 0 0 0 0 0 0 0 0 0 0 0 0 0 0 0 0 0 0 0 0 0 0 0 0 0 0 0 0 0 0 0 0 0 0
 0 0 0 0 0 0 0 0 0 0 0 0 0 0 0 0 0 0 0 0 0 0 0 0 0 0 0 0 0 0 0 0 0 0 0 0
 0 0 0 0 0 0 0 0 0 0 0 0 0 0 0 0 0 0 0 0 0 0 0 0 0 0 0 0 0 0 0 0 0 0 0 0
 0 0 0 0 0 0 0 0 0 0 0 0 0 0 0 0 0 0 0 0 0 0 0 0 0 0 0 0 0 0 0 0 0 0 0 0
 0 0 0 0 0 0 0 0 0 0 0 0 0 0 0 0 0 0 0 0 0 0 0 0 0 0 0 0 0 0 0 0 0 0 0 0
 0 0 0 0 0 0 0 0 0 0 0 0 0 0 0 0 0 0 0 0 0 0 0 0 0 0 0 0 0 0 0 0 0 0 0 0
 0 0 0 0 0 0 0 0 0 0 0 0 0 0 0 0 0 0 0 0 0 0 0 0 0 0 0 0 0 0 0 0 0 0 0 0
 0 0 0 0 0 0 0 0 0 0 0 0 0 0 0 0 0 0 0 0 0 0 0 0 0 0 0 0 0 0 0 0 0 0 0 0
 0 0 0 0 0 0 0 0 0 0 0 0 0 0 0 0 0 0 0 0 0 0 0 0 0 0 0 0 0 0 0 0 0 0 0 0
 0 0 0 0 0 0 0 0 1.78061e-05 0.00172719 0.00360574 0.0105946 0.0120993 0.0124554 0.0147524 0.0171206 0.0266825 0.0428682 0.0675386 0.121331 0.153587 0.119568 0.100827 0.0573624 0.0630603 0.0341343 0.0324427 0.0444173 0.0211091 0.0280891 0.0125444 0.00206551 0 0 0 0
 0 0 0 0 0 0 0 0 0 0 0 0 0 0 0 0 0 0 0 0 0 0 0 0 0 0 0 0 0 0 0 0 0 0 0 0
 0 0 0 0 0 0 0.0133647 0.0140871 0.0187388 0.0205184 0.03894 0.0496705 0.03968 0.0493445 0.0407372 0.0367815 0.0215668 0.0243155 0.0234873 0.0199281 0.019796 0.0243948 0.0301388 0.0376714 0.0412746 0.0863199 0.0771752 0.113111 0.0741005 0.0525337 0.0229764 0.00759418 0.00175318 0 0 0
 0 0 0 0 0 0 0 0 0 0 0.00219441 0.00772107 0.0458388 0.0604681 0.0671733 0.0775358 0.0609151 0.0617685 0.073594 0.0568108 0.0755445 0.0548602 0.0670107 0.0636378 0.0643287 0.046367 0.0373049 0.0286899 0.0247887 0.0153202 0.00654259 0.00121912 0.000365735 0 0 0
 0 0 0 0 0 0 0 0 0 0 0 0 0.000112435 0.00938835 0.0111873 0.0202946 0.0414886 0.0713402 0.111592 0.104902 0.108894 0.110636 0.117776 0.105296 0.107544 0.0401394 0.0192827 0.0124803 0.00416011 0.0028671 0.000618394 0 0 0 0 0
 0 0 0 0 0 0 0 0 0 0 0.00291406 0.0102884 0.027416 0.0768956 0.0749926 0.110853 0.0956884 0.0897413 0.0766577 0.0534642 0.0500743 0.0551293 0.0594112 0.0620874 0.0668451 0.0424026 0.0208742 0.0120726 0.0048766 0.00582813 0.00118941 0.000297354 0 0 0 0
 0 0.00264628 0.0354308 0.0461629 0.0458689 0.0383711 0.0214643 0.0164657 0.0346957 0.0420465 0.0363128 0.0245516 0.0311673 0.0291091 0.0169068 0.0133784 0.00837989 0.0085269 0.0148486 0.0160247 0.0276389 0.0546898 0.0760071 0.122758 0.109233 0.0665981 0.0333725 0.0166128 0.00676272 0.00308733 0.000882094 0 0 0 0 0
 0 0 0 0 0 0 0 0.000805153 0.000690131 0.00759144 0.0133425 0.0154129 0.00931677 0.000345066 0.00356568 0.00563607 0.00851162 0.0253048 0.0502646 0.0516448 0.0657925 0.0565908 0.0611916 0.0827007 0.0866115 0.110766 0.145733 0.0935128 0.0569358 0.0249597 0.0138026 0.00621118 0.00161031 0.00115022 0 0
 0 0 0 0 0 0 0 0 0 0 0 0 0 0 0 0 0 0 0 0 0 0 0 0 0 0 0 0 0 0 0 0 0 0 0 0
 0.00147267 0.00158595 0.00478618 0.00569244 0.00954404 0.0108468 0.00647125 0.017049 0.0510054 0.094081 0.124002 0.0959785 0.0687766 0.0820023 0.061753 0.0591476 0.0492212 0.0479892 0.0443925 0.0268479 0.0217502 0.0140895 0.0121071 0.0120363 0.00920419 0.00665534 0.0049561 0.00860946 0.00930331 0.0156896 0.0114698 0.00855282 0.00243557 0.00046729 0 2.83206e-05
 0 0 0 0 0.000772559 0.00158375 0.000888443 0.00281984 0.00712685 0.0440552 0.0773331 0.111326 0.0921469 0.0852325 0.0710754 0.0886704 0.0786465 0.0553345 0.0373146 0.0185414 0.00753245 0.00457741 0.012979 0.0271748 0.0457355 0.0583668 0.034881 0.0177882 0.00938659 0.00492506 0.0015258 0.00185414 0.000309023 5.79419e-05 3.86279e-05 0
 0 0.00173294 0.00326652 0 0.00397197 0.00683976 0.00946217 0.0152591 0.00757587 0.0136028 0.0228656 0.0392903 0.0559909 0.0764795 0.0681675 0.0726916 0.0566044 0.0477403 0.0527397 0.0444891 0.0609904 0.0582453 0.0661739 0.0445044 0.0529084 0.0360697 0.0280645 0.0235558 0.0158879 0.00826598 0.00280645 0.00217768 0.000904811 0.00058276 9.20147e-05 0
 0 0 0 0 0 0 0 0 0 0 0 0 0 0 0 0 0 0 0 0 0 0 0 0 0 0 0 0 0 0 0 0 0 0 0 0
 0 0 0 0 0 0 0 0 0 0 0 0 0 0 0 0 0 0 0 0 0 0 0 0 0 0 0 0 0 0 0 0 0 0 0 0
 0 0 0 0 0 0 0 0 0 0 0 0 0 0 0 0 0 0 0 0 0 0 0 0 0 0 0 0 0 0 0 0 0 0 0 0
 0 0 0 0 0 0 0 0 0 0 0 0 0 0 0 0 0 0 0 0 0 0 0 0 0 0 0 0 0 0 0 0 0 0 0 0
 0 0 0 0 0 0 0 0 0 0 0 0 0 0 0 0 0 0 0 0 0 0 0 0 0 0 0 0 0 0 0 0 0 0 0 0
ppred_pel_tallas
 1.00766e-16 3.46016e-05 0.000203088 0.000965396 0.00371684 0.0115906 0.029277 0.0599045 0.0992978 0.133352 0.145108 0.127984 0.0915875 0.0533958 0.0258101 0.0111916 0.00575292 0.00503706 0.00631037 0.00836854 0.0107149 0.0130477 0.0150912 0.0165922 0.0173641 0.0173287 0.0165312 0.0151234 0.0133217 0.0113545 0.0094169 0.00764379 0.00610477 0.00481588 0.00375921 0.00290204
 1.00653e-16 3.31754e-05 0.000194711 0.000925564 0.00356346 0.0111123 0.0280689 0.0574329 0.0952023 0.127857 0.13914 0.122748 0.0879023 0.0513712 0.0250627 0.0112616 0.00635688 0.00608782 0.00783037 0.0104042 0.0132819 0.0161013 0.0185153 0.0202054 0.0209437 0.0206451 0.0193869 0.0173842 0.0149336 0.0123429 0.00987023 0.00768787 0.0058761 0.00443934 0.0033341 0.00249671
 1.00911e-16 2.79162e-05 0.000163825 0.000778707 0.00299799 0.00934889 0.0236147 0.0483202 0.080101 0.107588 0.117116 0.103398 0.0742172 0.0437206 0.021978 0.0109733 0.00772905 0.00870342 0.0116914 0.0156432 0.0199893 0.0242378 0.0278759 0.0304252 0.0315419 0.0310966 0.0292038 0.0261857 0.0224879 0.0185734 0.0148316 0.0115239 0.00877362 0.00659024 0.00491074 0.00364093
 1.01352e-16 3.11075e-05 0.00018257 0.000867842 0.00334122 0.0104193 0.0263183 0.0538511 0.0892656 0.119886 0.130471 0.115112 0.0824603 0.0482445 0.0236385 0.0107963 0.0063451 0.00630295 0.00821948 0.010992 0.0141216 0.0172545 0.0200415 0.0221542 0.0233458 0.0235044 0.0226746 0.0210359 0.0188514 0.0164024 0.0139314 0.0116099 0.00953142 0.00772653 0.00618615 0.00488399
 1.01463e-16 3.11272e-05 0.000182685 0.000868389 0.00334332 0.0104258 0.0263348 0.053885 0.089322 0.119962 0.130555 0.115188 0.0825203 0.04829 0.02368 0.0108468 0.00641649 0.00640438 0.00835641 0.0111647 0.0143231 0.0174693 0.0202464 0.0223205 0.0234446 0.0235127 0.0225811 0.0208445 0.0185817 0.0160864 0.0136077 0.0113163 0.00929874 0.00757386 0.00611938 0.00489686
 1.0198e-16 2.49498e-05 0.000146407 0.000695896 0.00267914 0.00835456 0.0211032 0.0431816 0.0715844 0.0961544 0.104684 0.0924554 0.0664368 0.039286 0.020025 0.010455 0.00794459 0.00935233 0.0127173 0.0170885 0.0219163 0.0266947 0.0308819 0.0339649 0.0355662 0.0355288 0.0339483 0.0311365 0.0275351 0.0236074 0.0197457 0.0162169 0.0131537 0.0105801 0.00845262 0.00670134
 1.01675e-16 3.28635e-05 0.000192884 0.000916885 0.00353006 0.0110082 0.0278058 0.0568942 0.0943082 0.126652 0.137821 0.121562 0.0870066 0.050754 0.0245883 0.0107587 0.00567641 0.00511762 0.00649465 0.00867038 0.0111761 0.0137235 0.016043 0.0178809 0.0190418 0.0194289 0.0190605 0.0180552 0.0165944 0.0148746 0.0130675 0.0112965 0.00963322 0.00810864 0.00672969 0.0054942
 1.01253e-16 3.0137e-05 0.000176869 0.000840729 0.00323681 0.0100937 0.0254959 0.0521687 0.0864783 0.116147 0.126413 0.111559 0.0799747 0.0469096 0.0232061 0.0109705 0.00695345 0.00730755 0.00965297 0.0128929 0.0164903 0.0200284 0.0230869 0.0252757 0.0263127 0.0260892 0.0246933 0.0223802 0.0195038 0.0164317 0.0134713 0.0108274 0.00859527 0.00678094 0.00533571 0.00418931
 1.00963e-16 3.34592e-05 0.000196379 0.0009335 0.00359403 0.0112076 0.0283096 0.0579253 0.0960178 0.12895 0.140324 0.123779 0.0886107 0.0517256 0.0251249 0.0111034 0.00601047 0.00554473 0.00706379 0.00939318 0.0120299 0.014648 0.0169406 0.018624 0.0194899 0.0194515 0.018561 0.01699 0.0149819 0.0127932 0.0106416 0.00867665 0.00697385 0.0055485 0.00437811 0.00342433
 1.00989e-16 3.07778e-05 0.000180631 0.000858618 0.00330569 0.0103085 0.0260385 0.0532788 0.088318 0.118616 0.129097 0.113919 0.0816477 0.0478529 0.023602 0.0110394 0.00683995 0.0070695 0.00929706 0.0124083 0.0158678 0.0192694 0.022207 0.0243031 0.025285 0.0250463 0.0236706 0.0214036 0.0185869 0.0155769 0.0126733 0.0100782 0.00788812 0.00611343 0.00471016 0.00361174
 1.01548e-16 2.56715e-05 0.000150645 0.000716041 0.00275671 0.00859645 0.0217142 0.0444316 0.0736563 0.0989362 0.107709 0.0951191 0.0683332 0.0403719 0.0205127 0.0106022 0.00792589 0.0092453 0.0125402 0.0168347 0.0215723 0.0262471 0.0303205 0.0332838 0.0347641 0.0346089 0.0329179 0.0300069 0.0263219 0.0223308 0.0184307 0.0148927 0.0118521 0.00933329 0.00729049 0.00564843
 1.02126e-16 2.66663e-05 0.00015649 0.000743841 0.00286376 0.00893031 0.0225574 0.0461566 0.0765139 0.102769 0.111867 0.0987553 0.0708683 0.0417147 0.0209102 0.0103467 0.00718001 0.00803224 0.0108112 0.0145389 0.018706 0.0228833 0.0266192 0.0294825 0.0311476 0.0314643 0.0304861 0.0284427 0.0256723 0.0225366 0.0193476 0.0163248 0.0135888 0.0111797 0.00908881 0.00728749
 1.0116e-16 3.34785e-05 0.000196493 0.000934043 0.00359612 0.0112142 0.0283261 0.057959 0.0960734 0.129024 0.140404 0.123846 0.0886526 0.0517374 0.025107 0.0110556 0.0059283 0.00542032 0.00688839 0.00916061 0.0117397 0.0143083 0.0165688 0.0182466 0.0191394 0.0191618 0.0183626 0.0169048 0.0150208 0.0129545 0.0109122 0.00903488 0.0073928 0.00599961 0.00483431 0.00386239
 1.00264e-16 3.70951e-05 0.000217729 0.00103501 0.00398488 0.0124265 0.0313884 0.0642243 0.106457 0.142963 0.155557 0.137176 0.0981153 0.0570995 0.0274087 0.0115549 0.0054572 0.00432045 0.00520651 0.00683222 0.00869188 0.0105071 0.0120401 0.0130792 0.0134758 0.0131784 0.0122452 0.0108272 0.00912949 0.00736342 0.00570499 0.00427027 0.00311073 0.00222455 0.00157593 0.00111472
 1.00102e-16 3.86697e-05 0.000226976 0.00107898 0.00415418 0.0129545 0.0327218 0.0669524 0.110978 0.149031 0.162151 0.142971 0.102217 0.059398 0.0283466 0.0116653 0.00508426 0.00359361 0.0041293 0.00536748 0.00681224 0.00822015 0.00939853 0.0101797 0.0104473 0.0101628 0.00937529 0.00820793 0.00682686 0.00540277 0.00407745 0.00294392 0.0020426 0.00137032 0.000895881 0.000576076
 1.00221e-16 3.43348e-05 0.000201518 0.000957926 0.00368807 0.0115009 0.0290504 0.0594411 0.0985307 0.132325 0.144 0.127027 0.0909478 0.0531137 0.0258426 0.0114917 0.00631561 0.00589738 0.00751672 0.00995255 0.0126659 0.0152956 0.0175007 0.0189726 0.0194946 0.0189938 0.0175591 0.0154164 0.0128718 0.0102397 0.00778228 0.00567186 0.00398441 0.00271576 0.00181036 0.00119042
 1.00711e-16 2.96048e-05 0.000173742 0.000825857 0.00317954 0.00991507 0.0250448 0.051246 0.0849496 0.114096 0.124188 0.109612 0.078614 0.0461827 0.0229786 0.011083 0.00731575 0.00790457 0.0105099 0.0140391 0.0179346 0.0217434 0.0250026 0.0272822 0.0282728 0.0278577 0.0261396 0.0234081 0.0200638 0.016524 0.0131401 0.010149 0.00766358 0.00569411 0.00418504 0.00305195
 1.00997e-16 3.25583e-05 0.000191089 0.000908344 0.00349717 0.0109056 0.0275467 0.0563644 0.0934309 0.125477 0.13655 0.120461 0.086261 0.0504045 0.0245778 0.011023 0.00619721 0.00592192 0.00762755 0.0101646 0.013027 0.0158721 0.01837 0.0202141 0.0211778 0.0211647 0.0202281 0.0185496 0.0163893 0.0140219 0.0116824 0.00953332 0.00765917 0.00608028 0.0047766 0.00371053
 1.01058e-16 3.09524e-05 0.000181657 0.000863498 0.00332448 0.0103671 0.0261865 0.0535816 0.0888196 0.119289 0.129827 0.114559 0.0820954 0.0480938 0.023681 0.0110099 0.0067331 0.00689212 0.00904297 0.0120698 0.0154436 0.0187691 0.0216526 0.0237281 0.0247296 0.0245518 0.023272 0.0211239 0.0184343 0.0155447 0.0127428 0.0102232 0.00808034 0.00632631 0.00492207 0.00380724
 1.01054e-16 3.24664e-05 0.000190549 0.000905778 0.00348729 0.0108748 0.0274688 0.0562051 0.0931671 0.125123 0.136166 0.120124 0.0860243 0.0502754 0.024532 0.0110314 0.00624191 0.00599762 0.00773562 0.0103073 0.0132039 0.0160778 0.0185942 0.0204418 0.0213923 0.0213503 0.0203733 0.0186495 0.0164462 0.0140447 0.0116839 0.00952774 0.00765897 0.00609425 0.00480891 0.00376093
 1.01192e-16 3.07352e-05 0.000180382 0.000857436 0.00330114 0.0102943 0.0260026 0.0532054 0.0881961 0.118452 0.128916 0.113755 0.0815199 0.0477579 0.0235181 0.0109389 0.00669713 0.00686333 0.00901221 0.0120377 0.0154164 0.0187577 0.0216715 0.0237944 0.0248603 0.0247609 0.0235677 0.0215062 0.0188942 0.016065 0.0133004 0.0107921 0.00863504 0.00684476 0.00538772 0.00420995
 1.01511e-16 2.96398e-05 0.00017395 0.000826856 0.0031834 0.0099271 0.0250752 0.0513078 0.0850511 0.114229 0.124325 0.109714 0.0786469 0.0461205 0.0227974 0.0107484 0.00677851 0.0071062 0.00939666 0.0125805 0.0161422 0.0196857 0.0228101 0.0251383 0.026391 0.0264477 0.0253714 0.0233821 0.0207954 0.0179444 0.0151131 0.0124973 0.010198 0.00823912 0.00659698 0.00522836
 1.015e-16 3.11492e-05 0.000182815 0.000869006 0.0033457 0.0104332 0.0263536 0.0539233 0.0893853 0.120046 0.130646 0.115267 0.0825723 0.0483118 0.0236747 0.0108176 0.00636323 0.00632352 0.00824354 0.0110172 0.0141426 0.0172632 0.020028 0.0221083 0.0232594 0.0233744 0.0225046 0.0208372 0.0186421 0.0162048 0.0137686 0.0115011 0.00948946 0.00775537 0.00628095 0.00503256
 1.01412e-16 3.06916e-05 0.000180127 0.000856223 0.00329647 0.0102797 0.0259658 0.0531301 0.0880711 0.118283 0.128732 0.113589 0.081394 0.0476704 0.0234496 0.0108647 0.00659561 0.00671771 0.00881063 0.0117742 0.0150936 0.0183887 0.0212813 0.0234179 0.0245384 0.0245341 0.0234696 0.0215575 0.0190997 0.0164133 0.0137666 0.0113424 0.00923171 0.00745149 0.00597313 0.00474988
 1.02895e-16 1.76584e-05 0.000103589 0.00049231 0.00189524 0.00590997 0.0149285 0.0305486 0.0506488 0.0680533 0.0741435 0.0656093 0.0474222 0.0285982 0.0156038 0.00981389 0.00946834 0.0124188 0.0172909 0.0233318 0.0299638 0.0365411 0.0423356 0.0466503 0.0489674 0.0490654 0.0470631 0.043371 0.0385764 0.0332986 0.0280641 0.0232344 0.0189942 0.0153845 0.0123584 0.00983321
 1.04307e-16 2.55921e-05 0.000150191 0.00071391 0.00274855 0.00857103 0.0216498 0.044299 0.0734328 0.0986254 0.107343 0.0947288 0.067908 0.0398308 0.0197068 0.00933173 0.00596048 0.00634987 0.00851547 0.0115749 0.0151301 0.0188849 0.0225265 0.0257379 0.02825 0.0298889 0.0305994 0.0304339 0.0295195 0.0280132 0.0260667 0.0238066 0.0213349 0.018738 0.0160992 0.0135042
 1.02835e-16 2.97512e-05 0.000174608 0.000829988 0.00319547 0.00996476 0.0251702 0.0515021 0.0853722 0.114658 0.124784 0.110101 0.0788859 0.046183 0.0226843 0.0104554 0.00627733 0.00634756 0.00832651 0.0111602 0.0143681 0.0176049 0.0205281 0.0228148 0.0242233 0.0246441 0.0241196 0.0228212 0.0209965 0.0189044 0.0167597 0.0147043 0.0128054 0.0110739 0.00949199 0.00803684
pSPR Fmed_Fpbrs
0.525695   0.422993 0.422993
Fs Fmed_Fpbrs
0.64   1.005 1.005
SSBpbr Bo_Bmed_Bpbrs
805311  383082  300375 300375
Ro
34379.9
SPR SPRFo_SPRFmed_SPRFpbrs
710090 373291 300363
log_Ro
10.2652
likeval ReclasPelacesDesembMPH_pf_preclas_ppelaces_ptallas_desvR_qrecl_qpela
 66.0989 13.6772 0.0114504 19.0954 330.172 209.417 55.6221 0 17.1988 9.03242e-08 7.73935e-05 0 0 0 0
q_reclas_q_pelaces
0.958306 3.49593
M
0.7
N
 35543.3 10428.2 3337.61 393.221 0.225792
 42758.8 15984 2537.76 575.334 65.974
 20282.3 19388.6 4128.41 477.849 117.72
 28080.7 8577.52 3033.04 369.461 50.9423
 49994.7 13445.2 3277.04 1020.8 140.052
 35299.6 24664.4 6369.17 1517.38 536.53
 71662 16429.1 7684.31 1583.92 501.509
 71132.5 34098.6 6000.93 2419.46 648.745
 101567 32597.4 9503.13 1264.91 632.263
 114235 46219.6 8638.84 1859.02 362.052
 64384.2 53479.6 15019.7 2286.92 578.312
 45447.2 28756.4 12389.7 2406.8 445.629
 46062.7 20531 7230.83 2241.94 502.615
 26509.8 19551.2 3296.88 672.715 244.307
 15273.7 9517.65 941.867 51.4125 13.0477
 12161.9 5370.03 394.42 11.7477 0.729492
 8504.53 5276.75 1009.94 46.3881 1.41312
 10953.8 3787.05 1196.34 156.732 7.19597
 12550.7 5012.38 1044.36 248.258 33.2494
 18221.9 5847.88 1574.21 262.827 69.5909
 25443.5 8493.81 1842.09 397.926 82.543
 33430 12272.1 3420.63 670.383 173.428
 51185.6 16041.6 4762.99 1178.46 287.915
 71334.7 24422.5 5976.56 1544.36 470.142
 30004.5 34058.6 9141.79 1951.39 650.496
 42562.1 14425.1 13399.1 3213.5 906.283
 59630.5 20463.8 5678.04 4713.76 1436.19
pred_Ctot
 2427.04 3982.12 1662.43 198.987 0.114357
 2685.69 5725.01 1196.34 275.737 31.6467
 2184.34 10184.1 2668.76 312.535 77.0416
 724.488 1444.4 718.759 89.4658 12.35
 235.045 446.587 159.871 51.0598 7.01465
 1599.23 6787.77 2378.13 577.308 204.333
 2159.83 3180.22 2075.8 436.931 138.498
 3966.2 11119.9 2606.66 1069.4 287.01
 6137.83 11329.4 4364.53 590.784 295.565
 4719.68 11770.2 3006.45 659.602 128.592
 4685.84 21422.1 7791.07 1204.59 304.861
 2966.81 10610.8 5992.51 1183.11 219.247
 4856.02 10638.1 4625.03 1451.18 325.541
 5380.55 14314.3 2699.47 553.94 201.232
 3271.53 7117.17 781.613 42.8886 10.8875
 1113.15 2533.54 234.209 7.06902 0.43927
 635.664 2155.74 532.646 24.8371 0.757218
 621.515 1252.3 526.057 70.1191 3.2223
 559.092 1360.11 385.009 93.267 12.5038
 806.588 1578.4 577.556 98.2705 26.0461
 526.225 1168.65 360.284 79.5904 16.5294
 811.48 1955.37 769.288 154.096 39.9109
 1444.99 2929.2 1218.18 307.874 75.3027
 1981.48 4395.35 1507.88 398.031 121.308
 688.826 5157.61 1959.07 427.498 142.674
 974.903 2179.91 2865.76 702.615 198.387
 2057.62 4462.61 1713.7 1451.86 442.831
F
 0.0991655 0.713226 1.05806 1.08568 1.08718
 0.0908883 0.653695 0.969744 0.995065 0.996434
 0.160606 1.15512 1.7136 1.75834 1.76076
 0.0364564 0.262205 0.388975 0.399132 0.399681
 0.00655629 0.0471547 0.0699531 0.0717796 0.0718784
 0.0648165 0.466179 0.691568 0.709625 0.710602
 0.0427043 0.307141 0.455638 0.467535 0.468179
 0.0803132 0.577635 0.856911 0.879286 0.880496
 0.0873107 0.627963 0.931572 0.955896 0.957211
 0.0589583 0.424045 0.629062 0.645488 0.646376
 0.106008 0.762439 1.13106 1.1606 1.16219
 0.0946162 0.680507 1.00952 1.03588 1.0373
 0.156968 1.12896 1.67479 1.71852 1.72088
 0.324365 2.33293 3.46085 3.55122 3.5561
 0.345299 2.48349 3.68421 3.7804 3.78561
 0.134998 0.970941 1.44037 1.47798 1.48002
 0.109012 0.784043 1.16311 1.19348 1.19512
 0.0817792 0.588179 0.872553 0.895336 0.896568
 0.063701 0.458156 0.679666 0.697412 0.698372
 0.0632866 0.455175 0.675244 0.692875 0.693829
 0.0291303 0.209513 0.310809 0.318925 0.319364
 0.0342667 0.246456 0.365612 0.375159 0.375675
 0.0399515 0.287343 0.426267 0.437397 0.437999
 0.039299 0.282649 0.419305 0.430253 0.430845
 0.0323813 0.232895 0.345496 0.354517 0.355005
 0.0323069 0.232361 0.344703 0.353703 0.35419
 0.0490277 0.352621 0.523107 0.536766 0.537504
Np
 24121.5 10929.2 7241.84 1333.8 359.509
YTP_r0W_actual
 30963.5 159320 84508.9 91081 30822.3
YTP_p0W_proyectada
 12525.2 219511 106302 32290.2 37890.2
 12525.2 85089.6 107784 25772.1 7715.51
CTP_r0_actual
 3776.03 7375.95 2691.37 2271.35 692.636
CTP_p0_proyectada
 1527.47 10162.5 3385.42 805.241 851.466
 1527.47 3939.33 3432.6 642.696 173.382
Wmedp
 8.2 21.6 31.4 40.1 44.5
nmprior
 10.8 10.6 4.6 0
nm_flota  nm_reclas  nm_pelaces    nm_pelaL
inf 23.4449 17.013 52.856
cv_recla  cv_pelaces  cv_mph
0.704089 0.405125 0.583943
 ------------------------------------------------
Talla a la edad & desviaci?n 
 7.2 14.2025 17.0495 18.207 18.6776
 1.08 2.13037 2.55742 2.73105 2.80164
