    unsorted:	 8.557561198e-07 2.492320905e-06 0.008027113539 17.86131926 19.32938496 8.699062976 25.92795920 33.33547226 69.66510303 65.15608902 98.58691244 133.7585639 205.8076331 222.9490955 342.4295746 486.8291286 496.7410958 645.1095909 730.3258402 781.0432533 824.1422330 849.5967591 934.1136454 1075.126296 1225.869668 1395.732346 1553.195750 1691.900310 1869.149847 2123.482744 2069.023134 2605.176542 2814.052905 3109.310184 3372.661611 3701.134133 4081.003095 4309.938100 4331.758973 4621.431385 46324.81287 64391.21271 196436.3368 424890.4518 400657.0279 445486.8091 453755.0479 376587.5063 342515.8942 273348.3613 517633.3325 538366.7299 605914.7298 651369.6828 734436.9420 851840.4830 919462.5930 1067505.596 1198973.295 1370806.421 1520497.423 1650057.935 1923553.677 1986593.828 2415303.793 2447342.528 2644616.587 32017027.55
      sorted:	 8.557561198e-07 2.492320905e-06 0.008027113539 8.699062976 17.86131926 19.32938496 25.92795920 33.33547226 65.15608902 69.66510303 98.58691244 133.7585639 205.8076331 222.9490955 342.4295746 486.8291286 496.7410958 645.1095909 730.3258402 781.0432533 824.1422330 849.5967591 934.1136454 1075.126296 1225.869668 1395.732346 1553.195750 1691.900310 1869.149847 2069.023134 2123.482744 2605.176542 2814.052905 3109.310184 3372.661611 3701.134133 4081.003095 4309.938100 4331.758973 4621.431385 46324.81287 64391.21271 196436.3368 273348.3613 342515.8942 376587.5063 400657.0279 424890.4518 445486.8091 453755.0479 517633.3325 538366.7299 605914.7298 651369.6828 734436.9420 851840.4830 919462.5930 1067505.596 1198973.295 1370806.421 1520497.423 1650057.935 1923553.677 1986593.828 2415303.793 2447342.528 2644616.587 32017027.55
