years
 1997 1998 1999 2000 2001 2002 2003 2004 2005 2006 2007 2008 2009 2010 2011 2012 2013 2014 2015 2016 2017 2018 2019 2020 2021 2022
reclasobs
 0 0 0 370054 412103 1.49427e+06 250295 1.28982e+06 931140 785840 897777 1.04006e+06 184774 17550 25797 100020 73551 82996 120727 218422 84188 347160 605670 569463 516374 1.08416e+06
reclaspred
 2.84006e+06 689521 1.48061e+06 604360 301375 1.07626e+06 4.23468e+06 3.14009e+06 3.63475e+06 3.24742e+06 4.50009e+06 4.55847e+06 3.31298e+06 2.08161e+06 1.32212e+06 749806 533460 508777 513052 603538 491022 555346 1.27875e+06 1.38479e+06 1.84984e+06 1.8051e+06
pelacesobs
 0 0 0 0 0 0 0 0 0 2.06254e+06 1.5e+06 0 1.87456e+06 323000 250000 174000 83755 137374 0 501740 490994 745055 786931 1.00524e+06 1.33801e+06 1.41789e+06
pelacespred
 2.38454e+06 873707 516341 479908 214714 430978 1.5078e+06 2.22513e+06 2.20347e+06 2.07358e+06 2.69389e+06 2.74037e+06 2.09932e+06 1.38928e+06 840743 481993 325175 281520 298336 323110 310891 309337 550330 777768 966714 1.0518e+06
mphobs
 0 0 0 0 0 0 112323 0 153150 637223 0 255016 313432 73983 77613 109348 50772 17779 17303 59886 28197 0 207744 136588 643089 65757
mphpred
 1.85025e+06 1.50146e+06 885688 825293 367411 315616 2.61705e+06 2.72107e+06 3.62303e+06 2.90738e+06 3.48822e+06 4.56752e+06 3.32174e+06 2.33997e+06 1.39424e+06 774584 446475 407200 418266 505534 449731 414690 822716 1.12565e+06 1.4422e+06 1.44196e+06
desembarqueobs
 350755 77701 442110 56441 14545 235359 269955 359681 431902 328805 639364 411747 362871 311530 167758 66681 60226 58785 57116 73181 50977 67692 138656 160484 209506 203330
desembarquepred
 322800 78508.5 168586 68813.9 34314.2 122173 482157 356932 413751 369371 511782 518967 377105 237011 150537 85368.9 60697.9 57901 58359.9 68710.1 55870.8 63138.1 145531 157521 210552 205388
Reclutas
 208373 4332.58 633.315 444.634 1223.53 412365 8877.7 415563 77128.5 326525 483401 62273.5 107981 8006.49 3029.17 6295.98 28949.1 18454.1 46584.7 7648.4 26348.1 113993 77761.7 139857 49250.1 117445
log_desv_Rt
 1.94498 -1.92819 -3.85114 -4.20485 -3.19261 2.62756 -1.21081 2.63528 0.951123 2.39416 2.7865 0.737186 1.28761 -1.3141 -2.28606 -1.55444 -0.0288095 -0.479061 0.446924 -1.35985 -0.122952 1.34179 0.9593 1.54627 0.502563 1.37162
SSB
 1.85025e+06 1.50146e+06 885688 825293 367411 315616 2.55418e+06 2.69931e+06 3.56484e+06 2.86088e+06 3.48822e+06 4.56752e+06 3.37596e+06 2.37822e+06 1.4402e+06 819805 487978 434413 428518 539387 460763 414690 842915 1.10763e+06 1.53867e+06 1.576e+06
BT
 7.79131e+06 1.71622e+06 1.01652e+06 941891 423939 1.43418e+06 3.01289e+06 5.92558e+06 4.63495e+06 5.04446e+06 6.86941e+06 5.57895e+06 4.44403e+06 2.74173e+06 1.65785e+06 958527 736669 621254 702392 656633 712305 769258 1.22317e+06 1.84432e+06 2.06845e+06 2.38614e+06
Ftot
 0.110803 0.110803 0.110803 0.110803 0.110803 0.110803 0.110803 0.110803 0.110803 0.110803 0.110803 0.110803 0.110803 0.110803 0.110803 0.110803 0.110803 0.110803 0.110803 0.110803 0.110803 0.110803 0.110803 0.110803 0.110803 0.110803
BD_Bspro_t
 0.985972 0.915033 0.824687 0.740629 0.666071 0.734369 0.903491 0.843378 0.862359 0.81378 0.83589 0.838903 0.781043 0.743975 0.685317 0.634889 0.606212 0.686085 0.730231 0.79161 0.76736 0.792522 0.857279 0.843694 0.846907 0.811855
BD_Bspro
 3.00657 2.43981 1.4392 1.34106 0.597026 0.512861 4.15043 4.38626 5.7927 4.6488 5.66821 7.42202 5.48578 3.8645 2.34026 1.33215 0.792943 0.705902 0.696322 0.87648 0.748719 0.673853 1.3697 1.79984 2.50026 2.56093
BD_Bo
 0.373334 0.302958 0.17871 0.166524 0.0741344 0.0636834 0.51537 0.544654 0.719296 0.577254 0.703837 0.921612 0.681184 0.479865 0.290596 0.165416 0.0984619 0.0876538 0.0864642 0.108835 0.0929704 0.0836741 0.170079 0.223492 0.310465 0.317997
BD_Brms
 1.81461 1.47255 0.86863 0.809398 0.360335 0.309537 2.50499 2.64732 3.49618 2.80578 3.42104 4.47955 3.31094 2.33241 1.41246 0.804016 0.47858 0.426047 0.420265 0.528999 0.451889 0.406703 0.826681 1.08629 1.50903 1.54564
S_f
 0.5 1 1 1 1
 0.5 1 1 1 1
 0.5 1 1 1 1
 0.5 1 1 1 1
 0.5 1 1 1 1
 0.5 1 1 1 1
 0.5 1 1 1 1
 0.5 1 1 1 1
 0.5 1 1 1 1
 0.5 1 1 1 1
 0.5 1 1 1 1
 0.5 1 1 1 1
 0.5 1 1 1 1
 0.5 1 1 1 1
 0.5 1 1 1 1
 0.5 1 1 1 1
 0.5 1 1 1 1
 0.5 1 1 1 1
 0.5 1 1 1 1
 0.5 1 1 1 1
 0.5 1 1 1 1
 0.5 1 1 1 1
 0.5 1 1 1 1
 0.5 1 1 1 1
 0.5 1 1 1 1
 0.5 1 1 1 1
Scru_reclas
 0.5 1 1 1 1
 0.5 1 1 1 1
 0.5 1 1 1 1
 0.5 1 1 1 1
 0.5 1 1 1 1
 0.5 1 1 1 1
 0.5 1 1 1 1
 0.5 1 1 1 1
 0.5 1 1 1 1
 0.5 1 1 1 1
 0.5 1 1 1 1
 0.5 1 1 1 1
 0.5 1 1 1 1
 0.5 1 1 1 1
 0.5 1 1 1 1
 0.5 1 1 1 1
 0.5 1 1 1 1
 0.5 1 1 1 1
 0.5 1 1 1 1
 0.5 1 1 1 1
 0.5 1 1 1 1
 0.5 1 1 1 1
 0.5 1 1 1 1
 0.5 1 1 1 1
 0.5 1 1 1 1
 0.5 1 1 1 1
Scru_pelaces
 0.5 1 1 1 1
 0.5 1 1 1 1
 0.5 1 1 1 1
 0.5 1 1 1 1
 0.5 1 1 1 1
 0.5 1 1 1 1
 0.5 1 1 1 1
 0.5 1 1 1 1
 0.5 1 1 1 1
 0.5 1 1 1 1
 0.5 1 1 1 1
 0.5 1 1 1 1
 0.5 1 1 1 1
 0.5 1 1 1 1
 0.5 1 1 1 1
 0.5 1 1 1 1
 0.5 1 1 1 1
 0.5 1 1 1 1
 0.5 1 1 1 1
 0.5 1 1 1 1
 0.5 1 1 1 1
 0.5 1 1 1 1
 0.5 1 1 1 1
 0.5 1 1 1 1
 0.5 1 1 1 1
 0.5 1 1 1 1
pf_obs 
 0.256992 0.487395 0.22802 0.0275931 0
 0.321318 0.546541 0.124235 0.00734118 0.000564706
 0.182869 0.594174 0.210203 0.0122559 0.00049798
 0.330522 0.361315 0.267642 0.0388342 0.00168674
 0.649043 0.306663 0.0425973 0.00169635 0
 0.582887 0.30429 0.105238 0.00758474 0
 0.465427 0.430635 0.0974691 0.00646863 0
 0.296916 0.608066 0.0921331 0.00288517 0
 0.311714 0.524322 0.152257 0.0117073 0
 0.15457 0.633149 0.183074 0.0267441 0.00246327
 0.131901 0.49318 0.331252 0.0422183 0.00144891
 0.196976 0.569456 0.194076 0.0375587 0.00193317
 0.518974 0.381816 0.0799577 0.0180837 0.00116848
 0.0928022 0.601141 0.25162 0.0475244 0.00691264
 0.122501 0.610282 0.24278 0.0234846 0.000952079
 0.383417 0.481906 0.127806 0.00687128 0
 0.0376549 0.599619 0.316969 0.0457579 0
 0.0361596 0.667082 0.258105 0.0386534 0
 0.158088 0.579412 0.248529 0.0139706 0
 0.0477256 0.309471 0.559284 0.082774 0.000745712
 0.0406174 0.521527 0.379366 0.0568643 0.0016247
 0.151134 0.462217 0.34131 0.0453401 0
 0.294876 0.26143 0.354403 0.0886775 0.000613685
 0.281977 0.475581 0.204845 0.0348837 0.00271318
 0.0841818 0.532909 0.334909 0.0458182 0.00218182
 0.115287 0.27431 0.454777 0.147771 0.00785563
pf_pred 
 0.752057 0.124818 0.0619828 0.0307797 0.0303622
 0.0191708 0.845713 0.0680197 0.0337776 0.0333193
 0.00614045 0.0385313 0.823725 0.0662512 0.0653524
 0.00954374 0.0124688 0.037916 0.81057 0.129502
 0.0552569 0.0184188 0.0116614 0.0354609 0.879202
 0.975352 0.0026545 0.000428788 0.000271476 0.0212933
 0.0226616 0.965514 0.0012734 0.000205696 0.0103449
 0.699726 0.0137113 0.283096 0.00037337 0.00309351
 0.143476 0.709068 0.00673325 0.13902 0.00170249
 0.542456 0.11753 0.281478 0.00267289 0.0558627
 0.533952 0.330824 0.0347351 0.0831886 0.0172997
 0.0898323 0.639624 0.192046 0.020164 0.0583341
 0.24235 0.1282 0.442348 0.132814 0.0542874
 0.0311409 0.385233 0.0987536 0.340746 0.144126
 0.0250143 0.0606448 0.363556 0.0931966 0.457588
 0.102281 0.0451379 0.0530312 0.317914 0.481637
 0.488286 0.0974069 0.0208316 0.0244745 0.369001
 0.315493 0.453961 0.0438853 0.0093854 0.177275
 0.572934 0.208181 0.145163 0.0140332 0.0596884
 0.116214 0.649259 0.114325 0.0797177 0.0404849
 0.444935 0.118469 0.320738 0.0564772 0.0593809
 0.746166 0.158196 0.0204122 0.0552631 0.0199623
 0.389669 0.523955 0.0538319 0.00694597 0.0255981
 0.52712 0.268831 0.175171 0.0179974 0.0108803
 0.211099 0.549857 0.135895 0.0885501 0.0145978
 0.480483 0.184815 0.233284 0.0576555 0.0437619
pobs_RECLAS
 0 0 0 0 0
 0 0 0 0 0
 0 0 0 0 0
 0 0 0 0 0
 0.835266 0.146461 0.0176864 0.000547809 3.91292e-05
 0.385257 0.428462 0.181853 0.0044286 0
 0.867414 0.0963971 0.0333333 0.00285562 0
 0.441836 0.489002 0.0689373 0.000224442 0
 0.779404 0.147425 0.0564933 0.0165055 0.000172143
 0.814271 0.122319 0.05973 0.00367925 0
 0.40263 0.566651 0.0304383 0.000280538 0
 0.475488 0.404961 0.113038 0.00651328 0
 0.955842 0.0263864 0.0167828 0.000988607 0
 0.975058 0.0227948 0.00214734 0 0
 0.738997 0.206755 0.0527124 0.00153531 0
 0.850938 0.134255 0.0134407 0.00136685 0
 0.542534 0.407297 0.0501686 0 0
 0.764087 0.199537 0.0359546 0.000420521 0
 0.470689 0.182191 0.310203 0.0369168 0
 0.84361 0.089868 0.0606195 0.00523954 0.000663233
 0.607945 0.314616 0.071237 0.00620181 0
 0.523733 0.453247 0.0230204 0 0
 0.530135 0.295979 0.169645 0.0042399 0
 0.562478 0.366248 0.0663022 0.0049721 0
 0.250443 0.683176 0.0655157 0.000865301 0
 0.195077 0.31981 0.436473 0.0351445 0.0134964
ppred_RECLAS
 0.752724 0.124482 0.0618161 0.030697 0.0302805
 0.0192382 0.845655 0.068015 0.0337752 0.033317
 0.00616233 0.0385305 0.823706 0.0662497 0.065351
 0.00957763 0.0124683 0.0379147 0.810542 0.129497
 0.0554441 0.0184151 0.0116591 0.0354539 0.879028
 0.975438 0.00264525 0.000427293 0.00027053 0.0212191
 0.022741 0.965436 0.0012733 0.000205679 0.0103441
 0.700478 0.013677 0.282387 0.000372436 0.00308577
 0.143916 0.708704 0.00672979 0.138949 0.00170161
 0.543344 0.117302 0.280932 0.0026677 0.0557542
 0.534843 0.330192 0.0346688 0.0830296 0.0172666
 0.0901253 0.639418 0.191984 0.0201575 0.0583154
 0.243008 0.128088 0.441964 0.132699 0.0542403
 0.0312491 0.38519 0.0987425 0.340708 0.14411
 0.0251018 0.0606394 0.363524 0.0931883 0.457547
 0.10261 0.0451213 0.0530118 0.317797 0.48146
 0.48918 0.0972366 0.0207952 0.0244317 0.368356
 0.316266 0.453448 0.0438358 0.0093748 0.177075
 0.573809 0.207755 0.144866 0.0140044 0.059566
 0.116582 0.648988 0.114277 0.0796845 0.0404681
 0.445819 0.11828 0.320227 0.0563872 0.0592863
 0.746844 0.157774 0.0203577 0.0551156 0.019909
 0.39052 0.523224 0.0537568 0.00693628 0.0255624
 0.528012 0.268324 0.174841 0.0179634 0.0108598
 0.211696 0.549441 0.135793 0.0884831 0.0145868
 0.481377 0.184497 0.232883 0.0575563 0.0436866
pobs_PELACES
 0 0 0 0 0
 0 0 0 0 0
 0 0 0 0 0
 0 0 0 0 0
 0 0 0 0 0
 0 0 0 0 0
 0 0 0 0 0
 0 0 0 0 0
 0 0 0 0 0
 0 0 0 0 0
 0.450072 0.473896 0.0757376 0.000293798 0
 0 0 0 0 0
 0.463077 0.371075 0.160297 0.00555027 0
 0.529543 0.364841 0.0842815 0.0213345 0
 0.631943 0.363953 0.00410389 0 0
 0.735681 0.248677 0.0153453 0.000297389 0
 0.695825 0.281241 0.0229344 0 0
 0.275771 0.60734 0.115278 0.00161068 0
 0 0 0 0 0
 0.896147 0.0623911 0.0374545 0.00400742 0
 0.803859 0.145111 0.0509908 3.86294e-05 0
 0.739449 0.233085 0.0266225 0.000797448 4.60066e-05
 0.878498 0.100942 0.0204185 0.000141795 0
 0.694673 0.275183 0.0284847 0.00165964 0
 0.469039 0.446079 0.0841089 0.000773354 0
 0.822795 0.102175 0.0682046 0.00682512 0
ppred_PELACES
 0.756111 0.122777 0.0609693 0.0302765 0.0298657
 0.0195862 0.845354 0.0679909 0.0337633 0.0333052
 0.00627531 0.0385261 0.823613 0.0662422 0.0653435
 0.00975262 0.0124661 0.037908 0.810399 0.129475
 0.0564093 0.0183963 0.0116472 0.0354177 0.87813
 0.975872 0.00259848 0.000419739 0.000265747 0.0208439
 0.0231509 0.965031 0.00127276 0.000205593 0.0103397
 0.704299 0.0135025 0.278784 0.000367684 0.0030464
 0.146183 0.706827 0.00671196 0.138581 0.00169711
 0.547876 0.116138 0.278144 0.00264123 0.0552008
 0.539388 0.326966 0.03433 0.0822183 0.0170979
 0.0916358 0.638356 0.191665 0.020124 0.0582186
 0.246387 0.127517 0.439991 0.132107 0.0539982
 0.0318073 0.384968 0.0986856 0.340511 0.144027
 0.0255531 0.0606113 0.363355 0.0931451 0.457335
 0.104305 0.045036 0.0529116 0.317197 0.48055
 0.493749 0.0963668 0.0206092 0.0242132 0.365061
 0.320233 0.450818 0.0435814 0.00932041 0.176048
 0.578274 0.205578 0.143348 0.0138577 0.058942
 0.118478 0.647595 0.114032 0.0795135 0.0403812
 0.45034 0.117315 0.317615 0.0559272 0.0588026
 0.750285 0.155629 0.020081 0.0543665 0.0196384
 0.39488 0.519481 0.0533722 0.00688666 0.0253795
 0.532566 0.265735 0.173154 0.0177901 0.010755
 0.214763 0.547304 0.135264 0.0881389 0.01453
 0.485942 0.182873 0.230833 0.0570496 0.043302
pobs_pel_tallas
 0 0 0 0 0 0 0 0 0 0 0 0 0 0 0 0 0 0 0 0 0 0 0 0 0 0 0 0 0 0 0 0 0 0 0 0
 0 0 0 0 0 0 0 0 0 0 0 0 0 0 0 0 0 0 0 0 0 0 0 0 0 0 0 0 0 0 0 0 0 0 0 0
 0 0 0 0 0 0 0 0 0 0 0 0 0 0 0 0 0 0 0 0 0 0 0 0 0 0 0 0 0 0 0 0 0 0 0 0
 0 0 0 0 0 0 0 0 0 0 0 0 0 0 0 0 0 0 0 0 0 0 0 0 0 0 0 0 0 0 0 0 0 0 0 0
 0 0 0 0 0 0 0 0 0 0 0 0 0 0 0 0 0 0 0 0 0 0 0 0 0 0 0 0 0 0 0 0 0 0 0 0
 0 0 0 0 0 0 0 0 0 0 0 0 0 0 0 0 0 0 0 0 0 0 0 0 0 0 0 0 0 0 0 0 0 0 0 0
 0 0 0 0 0 0 0 0 0 0 0 0 0 0 0 0 0 0 0 0 0 0 0 0 0 0 0 0 0 0 0 0 0 0 0 0
 0 0 0 0 0 0 0 0 0 0 0 0 0 0 0 0 0 0 0 0 0 0 0 0 0 0 0 0 0 0 0 0 0 0 0 0
 0 0 0 0 0 0 0 0 0 0 0 0 0 0 0 0 0 0 0 0 0 0 0 0 0 0 0 0 0 0 0 0 0 0 0 0
 0 0 0 0 0 0 0 0 0 0 0 0 0 0 0 0 0 0 0 0 0 0 0 0 0 0 0 0 0 0 0 0 0 0 0 0
 0 0 0 0 0 0 0 0 1.78061e-05 0.00172719 0.00360574 0.0105946 0.0120993 0.0124554 0.0147524 0.0171206 0.0266825 0.0428682 0.0675386 0.121331 0.153587 0.119568 0.100827 0.0573624 0.0630603 0.0341343 0.0324427 0.0444173 0.0211091 0.0280891 0.0125444 0.00206551 0 0 0 0
 0 0 0 0 0 0 0 0 0 0 0 0 0 0 0 0 0 0 0 0 0 0 0 0 0 0 0 0 0 0 0 0 0 0 0 0
 0 0 0 0 0 0 0.0133647 0.0140871 0.0187388 0.0205184 0.03894 0.0496705 0.03968 0.0493445 0.0407372 0.0367815 0.0215668 0.0243155 0.0234873 0.0199281 0.019796 0.0243948 0.0301388 0.0376714 0.0412746 0.0863199 0.0771752 0.113111 0.0741005 0.0525337 0.0229764 0.00759418 0.00175318 0 0 0
 0 0 0 0 0 0 0 0 0 0 0.00219441 0.00772107 0.0458388 0.0604681 0.0671733 0.0775358 0.0609151 0.0617685 0.073594 0.0568108 0.0755445 0.0548602 0.0670107 0.0636378 0.0643287 0.046367 0.0373049 0.0286899 0.0247887 0.0153202 0.00654259 0.00121912 0.000365735 0 0 0
 0 0 0 0 0 0 0 0 0 0 0 0 0.000112435 0.00938835 0.0111873 0.0202946 0.0414886 0.0713402 0.111592 0.104902 0.108894 0.110636 0.117776 0.105296 0.107544 0.0401394 0.0192827 0.0124803 0.00416011 0.0028671 0.000618394 0 0 0 0 0
 0 0 0 0 0 0 0 0 0 0 0.00291406 0.0102884 0.027416 0.0768956 0.0749926 0.110853 0.0956884 0.0897413 0.0766577 0.0534642 0.0500743 0.0551293 0.0594112 0.0620874 0.0668451 0.0424026 0.0208742 0.0120726 0.0048766 0.00582813 0.00118941 0.000297354 0 0 0 0
 0 0.00264628 0.0354308 0.0461629 0.0458689 0.0383711 0.0214643 0.0164657 0.0346957 0.0420465 0.0363128 0.0245516 0.0311673 0.0291091 0.0169068 0.0133784 0.00837989 0.0085269 0.0148486 0.0160247 0.0276389 0.0546898 0.0760071 0.122758 0.109233 0.0665981 0.0333725 0.0166128 0.00676272 0.00308733 0.000882094 0 0 0 0 0
 0 0 0 0 0 0 0 0.000805153 0.000690131 0.00759144 0.0133425 0.0154129 0.00931677 0.000345066 0.00356568 0.00563607 0.00851162 0.0253048 0.0502646 0.0516448 0.0657925 0.0565908 0.0611916 0.0827007 0.0866115 0.110766 0.145733 0.0935128 0.0569358 0.0249597 0.0138026 0.00621118 0.00161031 0.00115022 0 0
 0 0 0 0 0 0 0 0 0 0 0 0 0 0 0 0 0 0 0 0 0 0 0 0 0 0 0 0 0 0 0 0 0 0 0 0
 0.00147267 0.00158595 0.00478618 0.00569244 0.00954404 0.0108468 0.00647125 0.017049 0.0510054 0.094081 0.124002 0.0959785 0.0687766 0.0820023 0.061753 0.0591476 0.0492212 0.0479892 0.0443925 0.0268479 0.0217502 0.0140895 0.0121071 0.0120363 0.00920419 0.00665534 0.0049561 0.00860946 0.00930331 0.0156896 0.0114698 0.00855282 0.00243557 0.00046729 0 2.83206e-05
 0 0 0 0 0.000772559 0.00158375 0.000888443 0.00281984 0.00712685 0.0440552 0.0773331 0.111326 0.0921469 0.0852325 0.0710754 0.0886704 0.0786465 0.0553345 0.0373146 0.0185414 0.00753245 0.00457741 0.012979 0.0271748 0.0457355 0.0583668 0.034881 0.0177882 0.00938659 0.00492506 0.0015258 0.00185414 0.000309023 5.79419e-05 3.86279e-05 0
 0 0.00173294 0.00326652 0 0.00397197 0.00683976 0.00946217 0.0152591 0.00757587 0.0136028 0.0228656 0.0392903 0.0559909 0.0764795 0.0681675 0.0726916 0.0566044 0.0477403 0.0527397 0.0444891 0.0609904 0.0582453 0.0661739 0.0445044 0.0529084 0.0360697 0.0280645 0.0235558 0.0158879 0.00826598 0.00280645 0.00217768 0.000904811 0.00058276 9.20147e-05 0
 0 0 0 0 0 0 0 0 0 0 0 0 0 0 0 0 0 0 0 0 0 0 0 0 0 0 0 0 0 0 0 0 0 0 0 0
 0 0 0 0 0 0 0 0 0 0 0 0 0 0 0 0 0 0 0 0 0 0 0 0 0 0 0 0 0 0 0 0 0 0 0 0
 0 0 0 0 0 0 0 0 0 0 0 0 0 0 0 0 0 0 0 0 0 0 0 0 0 0 0 0 0 0 0 0 0 0 0 0
 0 0 0 0 0 0 0 0 0 0 0 0 0 0 0 0 0 0 0 0 0 0 0 0 0 0 0 0 0 0 0 0 0 0 0 0
ppred_pel_tallas
 1.03342e-16 3.29877e-05 0.000193616 0.000920377 0.00354352 0.0110502 0.0279118 0.0571108 0.0946661 0.12713 0.138331 0.121991 0.0872668 0.050812 0.0244415 0.0103977 0.00506371 0.00419198 0.00519015 0.00694063 0.00901791 0.0111956 0.0132754 0.0150691 0.0164264 0.0172625 0.0175695 0.0174057 0.0168697 0.0160678 0.0150891 0.0139934 0.012813 0.0115648 0.0102633 0.0089307
 1.03957e-16 9.01007e-07 5.17324e-06 2.43492e-05 9.33399e-05 0.000290718 0.000735276 0.00151116 0.00253023 0.00347455 0.00398276 0.00399296 0.00390511 0.00439095 0.00607661 0.00939526 0.0146199 0.0218944 0.031163 0.0420464 0.0537634 0.0651672 0.074913 0.0817268 0.0846982 0.0834996 0.0784616 0.070471 0.0607378 0.0505059 0.0408051 0.0323068 0.0253015 0.0197708 0.0155071 0.0122312
 1.17034e-16 2.89739e-07 1.65419e-06 7.77365e-06 2.97807e-05 9.26932e-05 0.000234154 0.000480105 0.000800037 0.00108746 0.00121799 0.00115735 0.0010122 0.000970396 0.00120575 0.00184526 0.00300385 0.00482593 0.00749401 0.0112059 0.0161358 0.0223882 0.0299517 0.0386583 0.0481588 0.0579238 0.0672774 0.0754658 0.0817534 0.0855316 0.0864171 0.0843177 0.0794518 0.0723099 0.0635747 0.0540113
 1.34439e-16 4.37191e-07 2.53007e-06 1.196e-05 4.59379e-05 0.000143118 0.000361459 0.00074005 0.00122884 0.00165697 0.00182085 0.00164857 0.0012741 0.000938587 0.000836027 0.00105788 0.00164664 0.00266783 0.0042409 0.00653318 0.00973827 0.0140489 0.0196238 0.0265487 0.034794 0.0441772 0.0543392 0.0647453 0.0747176 0.0835004 0.0903518 0.0946473 0.0959743 0.0941963 0.0894791 0.082262
 1.4242e-16 2.47117e-06 1.44725e-05 6.87385e-05 0.000264554 0.000824871 0.00208351 0.00426345 0.00706869 0.00949797 0.0103487 0.0091595 0.00662566 0.00400996 0.00222607 0.00149005 0.00160234 0.00234241 0.00364211 0.00557177 0.008276 0.0119239 0.0166747 0.0226461 0.0298797 0.038304 0.0477038 0.0577017 0.0677643 0.0772367 0.0854072 0.0915939 0.0952395 0.0959953 0.0937746 0.0887713
 1.00991e-16 4.25653e-05 0.000249857 0.00118778 0.00457312 0.0142609 0.0360218 0.0737035 0.122165 0.164044 0.178457 0.157282 0.112305 0.06497 0.0304617 0.011595 0.00362098 0.000992865 0.000341222 0.000264135 0.000330622 0.000439627 0.000572601 0.000726285 0.000899035 0.00108844 0.00129052 0.00149903 0.00170496 0.00189655 0.00206016 0.00218182 0.00224936 0.00225457 0.00219471 0.00207333
 1.00823e-16 1.06121e-06 6.10297e-06 2.87453e-05 0.000110225 0.000343346 0.000868348 0.00178431 0.0029862 0.00409653 0.00468495 0.00467256 0.00452263 0.0050146 0.00686793 0.0105679 0.016406 0.0245202 0.0348171 0.0468319 0.0596416 0.0719102 0.0820874 0.0887221 0.0908024 0.0880093 0.0808018 0.0702935 0.0579758 0.0453726 0.0337425 0.0239015 0.0161895 0.0105529 0.0066865 0.00417975
 1.04117e-16 3.07246e-05 0.000180339 0.000857274 0.00330059 0.0102926 0.0259981 0.0531946 0.0881724 0.118402 0.128817 0.113557 0.0811407 0.0470592 0.0222944 0.00891139 0.00352697 0.00219237 0.00253681 0.00360898 0.0051473 0.00710411 0.00945319 0.0121295 0.015013 0.0179295 0.0206631 0.0229797 0.0246585 0.025526 0.0254859 0.0245363 0.022773 0.0203724 0.0175636 0.0145909
 1.05167e-16 6.4154e-06 3.75609e-05 0.000178353 0.000686344 0.00214001 0.00540626 0.0110673 0.0183655 0.0247255 0.0270675 0.024259 0.0182019 0.0123104 0.00912725 0.00938892 0.0126921 0.01842 0.0260799 0.0351724 0.0449941 0.0545829 0.0628255 0.068672 0.0713766 0.0706773 0.0668547 0.0606433 0.0530335 0.0450303 0.0374486 0.030799 0.0252767 0.02083 0.0172668 0.0143563
 1.06657e-16 2.39079e-05 0.00014031 0.000666949 0.00256776 0.00800728 0.0202257 0.0413847 0.0686003 0.0921302 0.100261 0.0884501 0.0633436 0.0370272 0.0180885 0.00818874 0.00475316 0.00475648 0.00637413 0.008843 0.0118844 0.0153367 0.0190229 0.0227328 0.0262428 0.0293419 0.031851 0.0336325 0.0345926 0.034681 0.0338928 0.0322726 0.0299185 0.0269804 0.0236488 0.0201352
 1.04218e-16 2.35457e-05 0.000138165 0.000656715 0.00252829 0.00788414 0.0199149 0.0407502 0.0675542 0.0907421 0.0987946 0.087261 0.0627195 0.0371187 0.0189775 0.0100016 0.00771451 0.00915779 0.0124853 0.0168009 0.0215842 0.0263532 0.0305916 0.0338121 0.0356588 0.0359871 0.0348916 0.032667 0.0297217 0.0264723 0.0232562 0.0202837 0.0176376 0.0153049 0.0132246 0.0113297
 1.06341e-16 4.0346e-06 2.35885e-05 0.000111938 0.000430649 0.00134265 0.00339212 0.00694575 0.0115325 0.0155456 0.0170691 0.0154188 0.0118287 0.00850157 0.00711618 0.00823696 0.0117181 0.0172602 0.0245909 0.033352 0.0429566 0.0525588 0.0611518 0.0677563 0.0716341 0.0724515 0.070341 0.0658367 0.0597156 0.0528001 0.0457896 0.0391639 0.0331705 0.0278729 0.0232272 0.0191524
 1.1335e-16 1.07623e-05 6.31317e-05 0.000300032 0.00115503 0.00360173 0.00909774 0.0186161 0.0308622 0.0414591 0.0451474 0.0398991 0.028728 0.0171077 0.00895618 0.00509465 0.00445559 0.00577731 0.00833356 0.011854 0.0162473 0.0214209 0.0272142 0.0333896 0.0396482 0.0456532 0.0510541 0.0555092 0.0587099 0.060409 0.0604505 0.058798 0.055553 0.0509514 0.0453401 0.0391319
 1.19957e-16 1.4147e-06 8.23279e-06 3.89915e-05 0.000149881 0.000467159 0.0011804 0.00241848 0.00402129 0.00543809 0.00601695 0.00554356 0.00448426 0.00366105 0.00373628 0.00500554 0.00752882 0.0113063 0.0163171 0.0224567 0.0294706 0.0369438 0.0443528 0.0511638 0.0569414 0.0614283 0.0645692 0.0664688 0.0673069 0.0672459 0.0663681 0.0646633 0.0620656 0.0585149 0.0540204 0.0486957
 1.29748e-16 1.12916e-06 6.58545e-06 3.12243e-05 0.000120084 0.000374317 0.000945514 0.00193554 0.00321211 0.00432534 0.00473749 0.00425211 0.00320538 0.00220275 0.00170725 0.00188382 0.00272657 0.00423272 0.00647143 0.00956313 0.0136332 0.0187722 0.0250057 0.0322708 0.040399 0.0491053 0.0579901 0.0665555 0.0742414 0.0804811 0.0847692 0.0867312 0.0861822 0.0831566 0.0779063 0.0708658
 1.34119e-16 4.56135e-06 2.67398e-05 0.00012705 0.000489052 0.00152494 0.00385186 0.00788188 0.0130672 0.0175553 0.0191209 0.0169072 0.0121936 0.00730389 0.00390805 0.00237357 0.00228077 0.00314556 0.00473359 0.00703045 0.0101244 0.0141242 0.0191162 0.0251376 0.0321523 0.0400272 0.0485121 0.0572302 0.065688 0.0733104 0.0795002 0.0837159 0.0855527 0.0848078 0.0815177 0.0759567
 1.18214e-16 2.15456e-05 0.000126446 0.00060105 0.00231405 0.00721612 0.0182273 0.0372954 0.0618213 0.0830245 0.0903474 0.0796937 0.0570494 0.0333 0.0161763 0.0071645 0.00393177 0.00374068 0.00494134 0.00685193 0.00924541 0.0120246 0.0151063 0.018403 0.0218328 0.0253254 0.0288178 0.0322365 0.0354771 0.0383898 0.0407814 0.0424373 0.0431588 0.0428052 0.0413274 0.0387865
 1.09312e-16 1.39943e-05 8.20794e-05 0.000390052 0.00150153 0.0046822 0.0118273 0.0242032 0.0401311 0.0539299 0.0587785 0.0520658 0.0377482 0.0229946 0.0129633 0.00878624 0.00911216 0.0122724 0.0171883 0.0232391 0.0299023 0.0365676 0.0425434 0.0471733 0.0499809 0.0507792 0.0497057 0.0471653 0.0437085 0.0398838 0.0361176 0.032652 0.0295483 0.0267396 0.0241019 0.0215205
 1.05333e-16 2.52367e-05 0.000148103 0.000703985 0.00271033 0.00845185 0.0213488 0.0436831 0.0724122 0.0972556 0.105854 0.0934209 0.0669828 0.0393128 0.019496 0.00930682 0.00604163 0.00650356 0.00873345 0.0118543 0.0154619 0.0192495 0.0228946 0.0260749 0.0285246 0.0300827 0.030715 0.0304998 0.0295878 0.0281519 0.0263466 0.0242877 0.0220535 0.0196999 0.017278 0.014846
 1.06449e-16 5.20518e-06 3.04606e-05 0.000144608 0.000556436 0.00173491 0.00438295 0.0089731 0.0148929 0.0200582 0.0219788 0.0197473 0.0149223 0.0102964 0.00796591 0.0085712 0.0118322 0.0172904 0.0245697 0.0332587 0.0427415 0.0521536 0.0604775 0.0667359 0.0702082 0.0705949 0.0680764 0.0632404 0.0569125 0.0499488 0.0430592 0.0367088 0.0311084 0.0262704 0.0220961 0.0184556
 1.09217e-16 1.9655e-05 0.000115341 0.000548245 0.00211072 0.006582 0.0166256 0.0340186 0.0563912 0.0757367 0.0824296 0.0727401 0.0521389 0.0305715 0.0151137 0.00715331 0.00460155 0.00500236 0.00688595 0.00964951 0.0130777 0.017036 0.0213592 0.0258361 0.0302264 0.0342846 0.03778 0.0405095 0.0423063 0.0430492 0.042674 0.0411869 0.0386745 0.0353034 0.0313062 0.0269553
 1.03122e-16 3.27348e-05 0.000192129 0.000913301 0.00351627 0.0109652 0.0276971 0.0566718 0.0939393 0.126156 0.137279 0.12108 0.0866517 0.0505272 0.0244409 0.0106292 0.00551289 0.00488079 0.00615337 0.00819959 0.0105593 0.0129578 0.0151452 0.0168912 0.0180254 0.0184732 0.0182684 0.0175344 0.0164444 0.0151735 0.0138593 0.0125831 0.0113717 0.0102147 0.00908775 0.00797185
 1.0235e-16 1.72524e-05 0.0001012 0.000480939 0.00185144 0.00577336 0.0145835 0.0298432 0.0494813 0.0664909 0.0724577 0.0641565 0.0464567 0.0281842 0.0156803 0.0103154 0.0103938 0.0138279 0.0192614 0.0259113 0.0331284 0.0401677 0.0461941 0.0504214 0.052286 0.0515818 0.0485069 0.0436017 0.0376068 0.0312864 0.0252755 0.0199916 0.0156201 0.0121568 0.00948088 0.00742547
 1.03659e-16 2.32462e-05 0.000136411 0.000648387 0.00249624 0.00778421 0.0196625 0.0402332 0.0666958 0.0895851 0.0975244 0.0861142 0.0618414 0.036492 0.0184629 0.00942398 0.00692039 0.00803316 0.010961 0.0148654 0.0193032 0.0238843 0.0281819 0.0317713 0.0343084 0.0355965 0.0356163 0.0345072 0.0325136 0.0299158 0.0269709 0.0238794 0.0207797 0.0177623 0.0148902 0.0122151
 1.05806e-16 9.3997e-06 5.50951e-05 0.000261743 0.00100747 0.00314147 0.00793565 0.0162414 0.0269374 0.0362227 0.0395402 0.0351694 0.0258128 0.0163515 0.0103436 0.00866478 0.0105264 0.0148968 0.0210715 0.0285477 0.0367638 0.0449832 0.0523451 0.0580161 0.0613706 0.0621293 0.0604104 0.056672 0.0515753 0.0458143 0.0399726 0.0344432 0.0294204 0.0249446 0.0209711 0.017431
 1.0732e-16 2.12098e-05 0.000124464 0.000591604 0.00227764 0.00710253 0.0179405 0.0367094 0.0608529 0.0817327 0.0889653 0.0785306 0.0563393 0.0331338 0.0165612 0.0081311 0.00559502 0.00629494 0.00861555 0.0118498 0.0156819 0.0198661 0.0241254 0.0281608 0.0316951 0.0345148 0.0364926 0.0375845 0.0378087 0.0372184 0.035882 0.0338758 0.0312906 0.0282398 0.0248647 0.0213293
pSPR Fmed_Fpbrs
0.370712   0.255738 0.255738
Fs Fmed_Fpbrs
0.64   1.005 1.005
SSBpbr Bo_Bmed_Bpbrs
4.95601e+06  1.58945e+06  1.01964e+06 1.01964e+06
Ro
29795.3
SPR SPRFo_SPRFmed_SPRFpbrs
615402 228137 157381
log_Ro
10.1221
likeval ReclasPelacesDesembMPH_pf_preclas_ppelaces_ptallas_desvR_qrecl_qpela
 474.948 49.5092 13835.8 227.313 588.458 442.011 96.0501 0 140.322 0 0 0 0 0 0
q_reclas_q_pelaces
1 1
M
0.7
N
 208373 17713.9 8796.46 4368.19 4308.93
 4332.58 97898.3 7873.84 3910.03 3856.99
 633.315 2035.54 43515.9 3499.93 3452.45
 444.634 297.545 904.799 19342.8 3090.34
 1223.53 208.899 132.259 402.184 9971.57
 412365 574.843 92.8557 58.7893 4611.14
 8877.7 193738 255.518 41.2745 2075.79
 415563 4170.94 86116.8 113.578 941.037
 77128.5 195241 1853.99 38279 468.777
 326525 36236.6 86784.6 824.099 17223.4
 483401 153408 16107.2 38575.8 8022.14
 62273.5 227113 68190.2 7159.67 20712.8
 107981 29257.4 100952 30310.6 12389.4
 8006.49 50731.8 13005 44873.1 18980.2
 3029.17 3761.62 22550.3 5780.72 28382.9
 6295.98 1423.17 1672.05 10023.6 15185.7
 28949.1 2957.99 632.601 743.226 11205.6
 18454.1 13600.9 1314.83 281.192 5311.26
 46584.7 8670.16 6045.63 584.443 2485.85
 7648.4 21886.5 3853.89 2687.29 1364.75
 26348.1 3593.39 9728.58 1713.06 1801.13
 113993 12378.9 1597.26 4324.36 1562.06
 77761.7 53556.3 5502.45 709.985 2616.52
 139857 36534.1 23805.8 2445.84 1478.64
 49250.1 65707.7 16239.5 10581.7 1744.43
 117445 23138.8 29207.2 7218.46 5478.98
pred_Ctot
 8102.29 1344.73 667.772 331.606 327.107
 168.466 7431.82 597.732 296.825 292.798
 24.6255 154.525 3303.45 265.693 262.088
 17.289 22.5878 68.6866 1468.39 234.599
 47.5753 15.8583 10.0403 30.5313 756.979
 16034.2 43.6384 7.04902 4.46291 350.049
 345.197 14707.4 19.3973 3.1333 157.581
 16158.6 316.631 6537.44 8.62212 71.4376
 2999.03 14821.4 140.743 2905.9 35.5866
 12696.4 2750.86 6588.14 62.5604 1307.49
 18796.4 11645.8 1222.76 2928.43 608.99
 2421.41 17241 5176.57 543.517 1572.39
 4198.68 2221.04 7663.62 2300.99 940.522
 311.321 3851.24 987.255 3406.49 1440.85
 117.785 285.559 1711.88 438.836 2154.65
 244.81 108.038 126.931 760.932 1152.81
 1125.64 224.552 48.0231 56.421 850.658
 717.562 1032.5 99.8135 21.3463 403.197
 1811.38 658.183 458.946 44.3672 188.71
 297.397 1661.49 292.563 204.002 103.603
 1024.51 272.787 738.533 130.045 136.731
 4432.44 939.73 121.254 328.278 118.582
 3023.65 4065.65 417.711 53.8976 198.63
 5438.13 2773.44 1807.19 185.673 112.249
 1915.02 4988.12 1232.8 803.296 132.426
 4566.69 1756.55 2217.22 547.98 415.929
F
 0.0554016 0.110803 0.110803 0.110803 0.110803
 0.0554016 0.110803 0.110803 0.110803 0.110803
 0.0554016 0.110803 0.110803 0.110803 0.110803
 0.0554016 0.110803 0.110803 0.110803 0.110803
 0.0554016 0.110803 0.110803 0.110803 0.110803
 0.0554016 0.110803 0.110803 0.110803 0.110803
 0.0554016 0.110803 0.110803 0.110803 0.110803
 0.0554016 0.110803 0.110803 0.110803 0.110803
 0.0554016 0.110803 0.110803 0.110803 0.110803
 0.0554016 0.110803 0.110803 0.110803 0.110803
 0.0554016 0.110803 0.110803 0.110803 0.110803
 0.0554016 0.110803 0.110803 0.110803 0.110803
 0.0554016 0.110803 0.110803 0.110803 0.110803
 0.0554016 0.110803 0.110803 0.110803 0.110803
 0.0554016 0.110803 0.110803 0.110803 0.110803
 0.0554016 0.110803 0.110803 0.110803 0.110803
 0.0554016 0.110803 0.110803 0.110803 0.110803
 0.0554016 0.110803 0.110803 0.110803 0.110803
 0.0554016 0.110803 0.110803 0.110803 0.110803
 0.0554016 0.110803 0.110803 0.110803 0.110803
 0.0554016 0.110803 0.110803 0.110803 0.110803
 0.0554016 0.110803 0.110803 0.110803 0.110803
 0.0554016 0.110803 0.110803 0.110803 0.110803
 0.0554016 0.110803 0.110803 0.110803 0.110803
 0.0554016 0.110803 0.110803 0.110803 0.110803
 0.0554016 0.110803 0.110803 0.110803 0.110803
Np
 27638.5 8303.78 10029.9 1869.57 2788.84
YTP_r0W_actual
 308996 283459 497256 144132 118913
YTP_p0W_proyectada
 66252.6 574829 155761 251086 99474.2
 66252.6 86505.8 151895 36157.8 59854.9
CTP_r0_actual
 34332.9 11159.8 14086.6 3481.45 2642.5
CTP_p0_proyectada
 8079.59 26612.5 4960.54 6261.49 2235.38
 8079.59 4004.9 4837.41 901.69 1345.05
Wmedp
 8.2 21.6 31.4 40.1 44.5
nmprior
 10.8 10.6 4.6 0
nm_flota  nm_reclas  nm_pelaces    nm_pelaL
inf 1.73834 3.73704 6.33196
cv_recla  cv_pelaces  cv_mph
1.92795 0.770785 2.05171
 ------------------------------------------------
Talla a la edad & desviaci?n 
 7.2 14.2025 17.0495 18.207 18.6776
 1.08 2.13037 2.55742 2.73105 2.80164
