years
 1997 1998 1999 2000 2001 2002 2003 2004 2005 2006 2007 2008 2009 2010 2011 2012 2013 2014 2015 2016 2017 2018 2019 2020 2021 2022
reclasobs
 0 0 0 370054 412103 1.49427e+06 250295 1.28982e+06 931140 785840 897777 1.04006e+06 184774 17550 25797 100020 73551 82996 120727 218422 84188 347160 605670 569463 516374 1.08416e+06
reclaspred
 378376 103928 316582 230562 335032 393966 875664 606344 722338 665778 529852 357036 219462 104104 75104.9 73528 85006 116891 126010 185078 273141 255216 451884 618231 724136 630328
pelacesobs
 0 0 0 0 0 0 0 0 0 2.06254e+06 1.5e+06 0 1.87456e+06 323000 250000 174000 83755 137374 0 501740 490994 745055 786931 1.00524e+06 1.33801e+06 1.41789e+06
pelacespred
 1.05675e+06 255378 482024 533737 664422 651521 1.65664e+06 1.40793e+06 1.50175e+06 1.39568e+06 1.00511e+06 700198 429990 171955 121792 126926 152783 210665 232653 332616 547962 497048 722829 1.11323e+06 1.30396e+06 1.26941e+06
mphobs
 0 0 0 0 0 0 112323 0 153150 637223 0 255016 313432 73983 77613 109348 50772 17779 17303 59886 28197 0 207744 136588 643089 65757
mphpred
 127550 77562 95201.6 116368 122821 189414 289601 340869 309189 332293 310344 220921 133293 100091 48565.5 41798.5 45573.4 61208.6 32975.6 37234.9 59652.3 73671.8 93057.7 140957 192172 189891
desembarqueobs
 350755 77701 442110 56441 14545 235359 269955 359681 431902 328805 639364 411747 362871 311530 167758 66681 60226 58785 57116 73181 50977 67692 138656 160484 209506 203330
desembarquepred
 350761 77701 442107 56442.3 14545.1 235405 269983 359680 431910 328819 639549 411972 363217 311954 167796 66695.1 60249.3 58787.3 57110.7 73179.1 50976.7 67685.3 138655 160484 209502 203325
Reclutas
 50492.9 64863.3 38399.7 61284.9 102062 73662.8 122005 123210 161950 149528 69283.6 40067.1 42873.3 24095.8 18861 21072.2 16403.1 20629.8 24078.8 42584.2 55043.1 72776 117776 164116 58536.2 59912.1
log_desv_Rt
 -0.0948594 0.155589 -0.368642 0.0988405 0.608887 0.282806 0.78737 0.797199 1.0706 0.99079 0.221516 -0.326136 -0.258443 -0.834656 -1.0796 -0.968739 -1.21922 -0.989957 -0.835361 -0.265209 -0.00857609 0.270694 0.75209 1.08388 0.0529525 0.0761865
SSB
 676072 411113 504611 616801 651006 1.00398e+06 1.49777e+06 1.78982e+06 1.60801e+06 1.73012e+06 1.64496e+06 1.17098e+06 724819 385352 192530 167476 188884 244723 308528 363760 556530 671525 869230 1.26428e+06 1.86659e+06 1.89104e+06
BT
 2.1792e+06 588956 1.10534e+06 1.01572e+06 1.20102e+06 1.35276e+06 3.15099e+06 2.92788e+06 3.08365e+06 2.81543e+06 2.37807e+06 1.63401e+06 1.12828e+06 609727 361605 282763 323776 424435 465660 654973 1.02271e+06 953358 1.38995e+06 2.12378e+06 2.49641e+06 2.45316e+06
Ftot
 0.446133 0.373281 0.550523 0.106886 0.0209731 0.20979 0.132537 0.255073 0.271572 0.203317 0.412988 0.379956 0.600348 1.0422 0.947559 0.380117 0.299424 0.213628 0.177267 0.179124 0.0814952 0.104736 0.121237 0.113182 0.0964356 0.106403
BD_Bspro_t
 0.945439 0.747951 0.706315 0.579698 0.709536 0.831222 0.798892 0.808346 0.76555 0.742335 0.711003 0.566203 0.454155 0.34427 0.229302 0.24484 0.343985 0.491517 0.605093 0.692808 0.789287 0.854354 0.863023 0.869318 0.879415 0.847017
BD_Bspro
 0.589596 0.358527 0.440066 0.537906 0.567736 0.875558 1.30619 1.56088 1.40233 1.50882 1.43455 1.0212 0.632107 0.336062 0.167904 0.146054 0.164724 0.21342 0.269064 0.317231 0.485344 0.58563 0.758046 1.10256 1.62783 1.64916
BD_Bo
 0.302091 0.183698 0.225476 0.275607 0.29089 0.448609 0.669251 0.799748 0.718509 0.773074 0.73502 0.523231 0.323872 0.172188 0.0860287 0.0748336 0.0843994 0.10935 0.13786 0.16254 0.248676 0.300059 0.3884 0.564921 0.834051 0.844979
BD_Brms
 1.04961 0.63826 0.783417 0.957595 1.0107 1.55869 2.32531 2.77872 2.49646 2.68604 2.55383 1.81797 1.12529 0.598266 0.298907 0.260009 0.293245 0.379937 0.478995 0.564744 0.864023 1.04255 1.34949 1.96282 2.89791 2.93588
S_f
 0.187211 1 1 1 1
 0.187211 1 1 1 1
 0.187211 1 1 1 1
 0.187211 1 1 1 1
 0.187211 1 1 1 1
 0.187211 1 1 1 1
 0.187211 1 1 1 1
 0.187211 1 1 1 1
 0.187211 1 1 1 1
 0.187211 1 1 1 1
 0.187211 1 1 1 1
 0.187211 1 1 1 1
 0.187211 1 1 1 1
 0.187211 1 1 1 1
 0.187211 1 1 1 1
 0.187211 1 1 1 1
 0.187211 1 1 1 1
 0.187211 1 1 1 1
 0.187211 1 1 1 1
 0.187211 1 1 1 1
 0.187211 1 1 1 1
 0.187211 1 1 1 1
 0.187211 1 1 1 1
 0.187211 1 1 1 1
 0.187211 1 1 1 1
 0.187211 1 1 1 1
Scru_reclas
 1 1 1 1 1
 1 1 1 1 1
 1 1 1 1 1
 1 1 1 1 1
 1 1 1 1 1
 1 1 1 1 1
 1 1 1 1 1
 1 1 1 1 1
 1 1 1 1 1
 1 1 1 1 1
 1 1 1 1 1
 1 1 1 1 1
 1 1 1 1 1
 1 1 1 1 1
 1 1 1 1 1
 1 1 1 1 1
 1 1 1 1 1
 1 1 1 1 1
 1 1 1 1 1
 1 1 1 1 1
 1 1 1 1 1
 1 1 1 1 1
 1 1 1 1 1
 1 1 1 1 1
 1 1 1 1 1
 1 1 1 1 1
Scru_pelaces
 1 1 1 1 1
 1 1 1 1 1
 1 1 1 1 1
 1 1 1 1 1
 1 1 1 1 1
 1 1 1 1 1
 1 1 1 1 1
 1 1 1 1 1
 1 1 1 1 1
 1 1 1 1 1
 1 1 1 1 1
 1 1 1 1 1
 1 1 1 1 1
 1 1 1 1 1
 1 1 1 1 1
 1 1 1 1 1
 1 1 1 1 1
 1 1 1 1 1
 1 1 1 1 1
 1 1 1 1 1
 1 1 1 1 1
 1 1 1 1 1
 1 1 1 1 1
 1 1 1 1 1
 1 1 1 1 1
 1 1 1 1 1
pf_obs 
 0.256992 0.487395 0.22802 0.0275931 0
 0.321318 0.546541 0.124235 0.00734118 0.000564706
 0.182869 0.594174 0.210203 0.0122559 0.00049798
 0.330522 0.361315 0.267642 0.0388342 0.00168674
 0.649043 0.306663 0.0425973 0.00169635 0
 0.582887 0.30429 0.105238 0.00758474 0
 0.465427 0.430635 0.0974691 0.00646863 0
 0.296916 0.608066 0.0921331 0.00288517 0
 0.311714 0.524322 0.152257 0.0117073 0
 0.15457 0.633149 0.183074 0.0267441 0.00246327
 0.131901 0.49318 0.331252 0.0422183 0.00144891
 0.196976 0.569456 0.194076 0.0375587 0.00193317
 0.518974 0.381816 0.0799577 0.0180837 0.00116848
 0.0928022 0.601141 0.25162 0.0475244 0.00691264
 0.122501 0.610282 0.24278 0.0234846 0.000952079
 0.383417 0.481906 0.127806 0.00687128 0
 0.0376549 0.599619 0.316969 0.0457579 0
 0.0361596 0.667082 0.258105 0.0386534 0
 0.158088 0.579412 0.248529 0.0139706 0
 0.0477256 0.309471 0.559284 0.082774 0.000745712
 0.0406174 0.521527 0.379366 0.0568643 0.0016247
 0.151134 0.462217 0.34131 0.0453401 0
 0.294876 0.26143 0.354403 0.0886775 0.000613685
 0.281977 0.475581 0.204845 0.0348837 0.00271318
 0.0841818 0.532909 0.334909 0.0458182 0.00218182
 0.115287 0.27431 0.454777 0.147771 0.00785563
pf_pred 
 0.338777 0.465455 0.174958 0.0207983 1.1218e-05
 0.315994 0.527707 0.110023 0.0413563 0.00491891
 0.177026 0.614025 0.161203 0.0336098 0.0141361
 0.293192 0.423195 0.211605 0.0555539 0.0164542
 0.310998 0.481896 0.124003 0.0620038 0.0210995
 0.172477 0.586552 0.168538 0.0433686 0.0290644
 0.272695 0.40065 0.231535 0.0665282 0.0285921
 0.224973 0.527277 0.136478 0.0788702 0.0324019
 0.266459 0.466319 0.1818 0.0470563 0.0383655
 0.21289 0.541208 0.156323 0.0609444 0.0286357
 0.113686 0.543686 0.235587 0.0680472 0.0389942
 0.108668 0.404727 0.298495 0.129342 0.058768
 0.188259 0.355196 0.207303 0.15289 0.096351
 0.170793 0.5162 0.136964 0.079936 0.0961074
 0.239897 0.492379 0.166665 0.0442211 0.0568388
 0.294571 0.51378 0.124146 0.0420221 0.0254808
 0.202725 0.579736 0.158439 0.038284 0.0208164
 0.247826 0.458488 0.213553 0.0583628 0.0217704
 0.243469 0.499417 0.156724 0.0729984 0.0273918
 0.323369 0.440476 0.155895 0.0489222 0.0313373
 0.276011 0.532064 0.12494 0.0442195 0.0227655
 0.262858 0.500393 0.173988 0.0408563 0.0219045
 0.302109 0.465125 0.158009 0.0549402 0.0198179
 0.284182 0.507995 0.138508 0.0470529 0.022262
 0.0894008 0.628977 0.199859 0.0544928 0.0272704
 0.12622 0.309345 0.389871 0.123883 0.0506809
pobs_RECLAS
 0 0 0 0 0
 0 0 0 0 0
 0 0 0 0 0
 0 0 0 0 0
 0.835266 0.146461 0.0176864 0.000547809 3.91292e-05
 0.385257 0.428462 0.181853 0.0044286 0
 0.867414 0.0963971 0.0333333 0.00285562 0
 0.441836 0.489002 0.0689373 0.000224442 0
 0.779404 0.147425 0.0564933 0.0165055 0.000172143
 0.814271 0.122319 0.05973 0.00367925 0
 0.40263 0.566651 0.0304383 0.000280538 0
 0.475488 0.404961 0.113038 0.00651328 0
 0.955842 0.0263864 0.0167828 0.000988607 0
 0.975058 0.0227948 0.00214734 0 0
 0.738997 0.206755 0.0527124 0.00153531 0
 0.850938 0.134255 0.0134407 0.00136685 0
 0.542534 0.407297 0.0501686 0 0
 0.764087 0.199537 0.0359546 0.000420521 0
 0.470689 0.182191 0.310203 0.0369168 0
 0.84361 0.089868 0.0606195 0.00523954 0.000663233
 0.607945 0.314616 0.071237 0.00620181 0
 0.523733 0.453247 0.0230204 0 0
 0.530135 0.295979 0.169645 0.0042399 0
 0.562478 0.366248 0.0663022 0.0049721 0
 0.250443 0.683176 0.0655157 0.000865301 0
 0.195077 0.31981 0.436473 0.0351445 0.0134964
ppred_RECLAS
 0.737974 0.184448 0.0693315 0.00824182 4.4454e-06
 0.716313 0.218863 0.0456316 0.0171523 0.00204009
 0.544009 0.340217 0.0893192 0.0186225 0.0078325
 0.690201 0.185489 0.0927482 0.0243497 0.007212
 0.707043 0.204898 0.0527249 0.0263634 0.00897134
 0.529697 0.333353 0.0957843 0.0246475 0.0165181
 0.668508 0.182609 0.105529 0.0303223 0.0130317
 0.611383 0.264389 0.0684333 0.0395474 0.0162471
 0.663404 0.213977 0.0834217 0.0215925 0.0176046
 0.593655 0.279398 0.0807014 0.0314625 0.0147832
 0.412879 0.360153 0.15606 0.0450765 0.0258309
 0.400009 0.272438 0.200929 0.0870655 0.039559
 0.563724 0.190903 0.111416 0.082172 0.0517845
 0.546304 0.282436 0.0749389 0.0437366 0.0525846
 0.645896 0.229381 0.0776429 0.020601 0.0264791
 0.695449 0.221812 0.053597 0.018142 0.0110007
 0.580235 0.305231 0.0834178 0.0201565 0.0109598
 0.6404 0.219194 0.102095 0.0279021 0.010408
 0.634443 0.241319 0.0757293 0.0352729 0.0132357
 0.720484 0.18196 0.0644004 0.0202098 0.0129454
 0.671565 0.241369 0.0566786 0.02006 0.0103275
 0.656944 0.232876 0.0809719 0.019014 0.0101941
 0.699415 0.200331 0.068055 0.023663 0.00853565
 0.680817 0.226515 0.0617606 0.0209809 0.0099266
 0.345121 0.452344 0.143734 0.0391898 0.0196122
 0.436878 0.199363 0.251259 0.0798382 0.0326621
pobs_PELACES
 0 0 0 0 0
 0 0 0 0 0
 0 0 0 0 0
 0 0 0 0 0
 0 0 0 0 0
 0 0 0 0 0
 0 0 0 0 0
 0 0 0 0 0
 0 0 0 0 0
 0 0 0 0 0
 0.450072 0.473896 0.0757376 0.000293798 0
 0 0 0 0 0
 0.463077 0.371075 0.160297 0.00555027 0
 0.529543 0.364841 0.0842815 0.0213345 0
 0.631943 0.363953 0.00410389 0 0
 0.735681 0.248677 0.0153453 0.000297389 0
 0.695825 0.281241 0.0229344 0 0
 0.275771 0.60734 0.115278 0.00161068 0
 0 0 0 0 0
 0.896147 0.0623911 0.0374545 0.00400742 0
 0.803859 0.145111 0.0509908 3.86294e-05 0
 0.739449 0.233085 0.0266225 0.000797448 4.60066e-05
 0.878498 0.100942 0.0204185 0.000141795 0
 0.694673 0.275183 0.0284847 0.00165964 0
 0.469039 0.446079 0.0841089 0.000773354 0
 0.822795 0.102175 0.0682046 0.00682512 0
ppred_PELACES
 0.760446 0.168629 0.0633854 0.00753498 4.06415e-06
 0.736211 0.203512 0.0424309 0.0159492 0.001897
 0.580336 0.313113 0.0822034 0.0171389 0.00720851
 0.696297 0.181839 0.090923 0.0238705 0.00707008
 0.708206 0.204084 0.0525155 0.0262587 0.0089357
 0.543688 0.323436 0.0929349 0.0239143 0.0160267
 0.676338 0.178296 0.103036 0.0296061 0.0127239
 0.627509 0.253418 0.0655936 0.0379063 0.0155729
 0.679471 0.203763 0.0794396 0.0205618 0.0167643
 0.60674 0.270401 0.0781027 0.0304493 0.0143071
 0.439965 0.343538 0.14886 0.042997 0.0246392
 0.424698 0.261227 0.192661 0.0834828 0.0379312
 0.602841 0.173786 0.101427 0.0748044 0.0471415
 0.614267 0.240127 0.063713 0.0371848 0.0447075
 0.701657 0.19326 0.0654164 0.0173569 0.0223094
 0.716603 0.206405 0.0498742 0.0168818 0.0102366
 0.59966 0.291106 0.0795575 0.0192237 0.0104527
 0.653487 0.211217 0.09838 0.0268867 0.0100292
 0.645399 0.234087 0.0734598 0.0342159 0.0128391
 0.730056 0.175729 0.0621949 0.0195177 0.0125021
 0.676368 0.237839 0.0558497 0.0197666 0.0101764
 0.663247 0.228598 0.0794842 0.0186646 0.0100068
 0.706207 0.195804 0.0665173 0.0231283 0.00834279
 0.687378 0.221859 0.0604912 0.0205496 0.00972257
 0.35099 0.44829 0.142445 0.0388386 0.0194364
 0.443912 0.196873 0.24812 0.078841 0.0322542
pobs_pel_tallas
 0 0 0 0 0 0 0 0 0 0 0 0 0 0 0 0 0 0 0 0 0 0 0 0 0 0 0 0 0 0 0 0 0 0 0 0
 0 0 0 0 0 0 0 0 0 0 0 0 0 0 0 0 0 0 0 0 0 0 0 0 0 0 0 0 0 0 0 0 0 0 0 0
 0 0 0 0 0 0 0 0 0 0 0 0 0 0 0 0 0 0 0 0 0 0 0 0 0 0 0 0 0 0 0 0 0 0 0 0
 0 0 0 0 0 0 0 0 0 0 0 0 0 0 0 0 0 0 0 0 0 0 0 0 0 0 0 0 0 0 0 0 0 0 0 0
 0 0 0 0 0 0 0 0 0 0 0 0 0 0 0 0 0 0 0 0 0 0 0 0 0 0 0 0 0 0 0 0 0 0 0 0
 0 0 0 0 0 0 0 0 0 0 0 0 0 0 0 0 0 0 0 0 0 0 0 0 0 0 0 0 0 0 0 0 0 0 0 0
 0 0 0 0 0 0 0 0 0 0 0 0 0 0 0 0 0 0 0 0 0 0 0 0 0 0 0 0 0 0 0 0 0 0 0 0
 0 0 0 0 0 0 0 0 0 0 0 0 0 0 0 0 0 0 0 0 0 0 0 0 0 0 0 0 0 0 0 0 0 0 0 0
 0 0 0 0 0 0 0 0 0 0 0 0 0 0 0 0 0 0 0 0 0 0 0 0 0 0 0 0 0 0 0 0 0 0 0 0
 0 0 0 0 0 0 0 0 0 0 0 0 0 0 0 0 0 0 0 0 0 0 0 0 0 0 0 0 0 0 0 0 0 0 0 0
 0 0 0 0 0 0 0 0 1.78061e-05 0.00172719 0.00360574 0.0105946 0.0120993 0.0124554 0.0147524 0.0171206 0.0266825 0.0428682 0.0675386 0.121331 0.153587 0.119568 0.100827 0.0573624 0.0630603 0.0341343 0.0324427 0.0444173 0.0211091 0.0280891 0.0125444 0.00206551 0 0 0 0
 0 0 0 0 0 0 0 0 0 0 0 0 0 0 0 0 0 0 0 0 0 0 0 0 0 0 0 0 0 0 0 0 0 0 0 0
 0 0 0 0 0 0 0.0133647 0.0140871 0.0187388 0.0205184 0.03894 0.0496705 0.03968 0.0493445 0.0407372 0.0367815 0.0215668 0.0243155 0.0234873 0.0199281 0.019796 0.0243948 0.0301388 0.0376714 0.0412746 0.0863199 0.0771752 0.113111 0.0741005 0.0525337 0.0229764 0.00759418 0.00175318 0 0 0
 0 0 0 0 0 0 0 0 0 0 0.00219441 0.00772107 0.0458388 0.0604681 0.0671733 0.0775358 0.0609151 0.0617685 0.073594 0.0568108 0.0755445 0.0548602 0.0670107 0.0636378 0.0643287 0.046367 0.0373049 0.0286899 0.0247887 0.0153202 0.00654259 0.00121912 0.000365735 0 0 0
 0 0 0 0 0 0 0 0 0 0 0 0 0.000112435 0.00938835 0.0111873 0.0202946 0.0414886 0.0713402 0.111592 0.104902 0.108894 0.110636 0.117776 0.105296 0.107544 0.0401394 0.0192827 0.0124803 0.00416011 0.0028671 0.000618394 0 0 0 0 0
 0 0 0 0 0 0 0 0 0 0 0.00291406 0.0102884 0.027416 0.0768956 0.0749926 0.110853 0.0956884 0.0897413 0.0766577 0.0534642 0.0500743 0.0551293 0.0594112 0.0620874 0.0668451 0.0424026 0.0208742 0.0120726 0.0048766 0.00582813 0.00118941 0.000297354 0 0 0 0
 0 0.00264628 0.0354308 0.0461629 0.0458689 0.0383711 0.0214643 0.0164657 0.0346957 0.0420465 0.0363128 0.0245516 0.0311673 0.0291091 0.0169068 0.0133784 0.00837989 0.0085269 0.0148486 0.0160247 0.0276389 0.0546898 0.0760071 0.122758 0.109233 0.0665981 0.0333725 0.0166128 0.00676272 0.00308733 0.000882094 0 0 0 0 0
 0 0 0 0 0 0 0 0.000805153 0.000690131 0.00759144 0.0133425 0.0154129 0.00931677 0.000345066 0.00356568 0.00563607 0.00851162 0.0253048 0.0502646 0.0516448 0.0657925 0.0565908 0.0611916 0.0827007 0.0866115 0.110766 0.145733 0.0935128 0.0569358 0.0249597 0.0138026 0.00621118 0.00161031 0.00115022 0 0
 0 0 0 0 0 0 0 0 0 0 0 0 0 0 0 0 0 0 0 0 0 0 0 0 0 0 0 0 0 0 0 0 0 0 0 0
 0.00147267 0.00158595 0.00478618 0.00569244 0.00954404 0.0108468 0.00647125 0.017049 0.0510054 0.094081 0.124002 0.0959785 0.0687766 0.0820023 0.061753 0.0591476 0.0492212 0.0479892 0.0443925 0.0268479 0.0217502 0.0140895 0.0121071 0.0120363 0.00920419 0.00665534 0.0049561 0.00860946 0.00930331 0.0156896 0.0114698 0.00855282 0.00243557 0.00046729 0 2.83206e-05
 0 0 0 0 0.000772559 0.00158375 0.000888443 0.00281984 0.00712685 0.0440552 0.0773331 0.111326 0.0921469 0.0852325 0.0710754 0.0886704 0.0786465 0.0553345 0.0373146 0.0185414 0.00753245 0.00457741 0.012979 0.0271748 0.0457355 0.0583668 0.034881 0.0177882 0.00938659 0.00492506 0.0015258 0.00185414 0.000309023 5.79419e-05 3.86279e-05 0
 0 0.00173294 0.00326652 0 0.00397197 0.00683976 0.00946217 0.0152591 0.00757587 0.0136028 0.0228656 0.0392903 0.0559909 0.0764795 0.0681675 0.0726916 0.0566044 0.0477403 0.0527397 0.0444891 0.0609904 0.0582453 0.0661739 0.0445044 0.0529084 0.0360697 0.0280645 0.0235558 0.0158879 0.00826598 0.00280645 0.00217768 0.000904811 0.00058276 9.20147e-05 0
 0 0 0 0 0 0 0 0 0 0 0 0 0 0 0 0 0 0 0 0 0 0 0 0 0 0 0 0 0 0 0 0 0 0 0 0
 0 0 0 0 0 0 0 0 0 0 0 0 0 0 0 0 0 0 0 0 0 0 0 0 0 0 0 0 0 0 0 0 0 0 0 0
 0 0 0 0 0 0 0 0 0 0 0 0 0 0 0 0 0 0 0 0 0 0 0 0 0 0 0 0 0 0 0 0 0 0 0 0
 0 0 0 0 0 0 0 0 0 0 0 0 0 0 0 0 0 0 0 0 0 0 0 0 0 0 0 0 0 0 0 0 0 0 0 0
ppred_pel_tallas
 1.01214e-16 3.31786e-05 0.000194733 0.000925677 0.00356391 0.0111137 0.0280724 0.0574398 0.0952127 0.127868 0.139144 0.122732 0.0878485 0.051255 0.0248491 0.010903 0.00579406 0.00525753 0.00667831 0.00890306 0.0114505 0.0140192 0.0163267 0.018108 0.0191619 0.0193928 0.0188284 0.0176035 0.0159201 0.0139962 0.0120219 0.0101339 0.00841054 0.00688257 0.0055512 0.00440441
 1.01306e-16 3.21232e-05 0.000188534 0.000896198 0.0034504 0.0107597 0.0271783 0.0556106 0.0921818 0.123801 0.134727 0.118858 0.0851229 0.04976 0.0243017 0.0109639 0.00625443 0.00605332 0.00782551 0.0104337 0.0133718 0.0162916 0.0188562 0.0207527 0.0217512 0.021756 0.0208243 0.0191446 0.0169838 0.0146215 0.012294 0.0101614 0.00830289 0.00673207 0.00542295 0.00433417
 1.02195e-16 2.53309e-05 0.000148647 0.000706546 0.00272015 0.00848246 0.0214262 0.0438424 0.0726791 0.0976226 0.106277 0.093848 0.0674071 0.0397987 0.0201743 0.0103521 0.00765119 0.00887651 0.0120399 0.0161899 0.0207959 0.025382 0.0294405 0.0324889 0.0341676 0.0343201 0.0330229 0.0305533 0.0273101 0.0237147 0.0201262 0.016792 0.01384 0.0113012 0.00914794 0.00732908
 1.02501e-16 3.0382e-05 0.000178313 0.000847612 0.00326334 0.0101764 0.0257048 0.0525956 0.0871839 0.117088 0.127422 0.112411 0.0805015 0.0470509 0.0229663 0.0103446 0.00588738 0.00570592 0.00741641 0.00996294 0.0128913 0.015898 0.0186858 0.0209688 0.0225216 0.0232243 0.0230812 0.0222058 0.0207806 0.0190073 0.0170639 0.015081 0.0131394 0.0112818 0.00953069 0.00790208
 1.02132e-16 3.09021e-05 0.000181365 0.000862115 0.00331917 0.0103505 0.0261446 0.0534957 0.0886763 0.119094 0.129608 0.114347 0.081906 0.0479067 0.0234479 0.010667 0.00621135 0.00612412 0.00797191 0.0106631 0.0137094 0.0167701 0.0195116 0.021621 0.0228644 0.0231372 0.0224838 0.0210752 0.0191589 0.0169951 0.0148029 0.0127303 0.0108513 0.00918173 0.00770494 0.00639468
 1.02996e-16 2.37332e-05 0.000139266 0.000661949 0.00254844 0.00794697 0.0200736 0.041075 0.0680925 0.0914648 0.0995808 0.0879538 0.0632141 0.0374049 0.0191125 0.0100561 0.00774013 0.00918458 0.0125324 0.0168858 0.0217262 0.0265723 0.0309041 0.0342239 0.036158 0.0365381 0.0354326 0.0331136 0.0299766 0.02644 0.0228598 0.0194805 0.0164288 0.0137376 0.0113854 0.00933107
 1.03133e-16 2.95116e-05 0.000173203 0.000823319 0.0031698 0.00988472 0.024968 0.0510881 0.0846852 0.113733 0.123771 0.109193 0.0782022 0.0457179 0.0223364 0.0100976 0.00580127 0.00567486 0.00740793 0.00997992 0.0129539 0.0160379 0.0189432 0.021389 0.0231495 0.0240971 0.0242213 0.0236151 0.0224376 0.0208677 0.0190647 0.0171478 0.0151945 0.0132524 0.0113555 0.00953631
 1.03044e-16 2.73853e-05 0.000160714 0.000763927 0.00294111 0.00917152 0.0231666 0.0474029 0.078579 0.10554 0.114875 0.101392 0.0727201 0.042723 0.021264 0.0102715 0.00680974 0.00739915 0.00989006 0.0132914 0.0171107 0.0209533 0.024412 0.0271 0.0287271 0.0291621 0.0284565 0.0268177 0.0245461 0.0219568 0.0193141 0.016795 0.014486 0.0124048 0.0105315 0.00883719
 1.02684e-16 2.96492e-05 0.000174009 0.000827144 0.00318452 0.00993061 0.025084 0.0513256 0.0850794 0.114264 0.124354 0.109719 0.0786053 0.0460055 0.0225731 0.0103652 0.00617285 0.00620782 0.00814221 0.0109327 0.0141105 0.0173429 0.020299 0.0226628 0.0241911 0.0247638 0.0244039 0.0232582 0.0215499 0.0195189 0.0173714 0.0152519 0.0132407 0.0113685 0.00963934 0.00805017
 1.02912e-16 2.64804e-05 0.0001554 0.00073866 0.00284381 0.00886811 0.0224003 0.045835 0.0759807 0.102052 0.111086 0.0980626 0.0703648 0.0414054 0.0207312 0.0102188 0.00704187 0.00784487 0.0105512 0.0141933 0.0182729 0.0223741 0.0260614 0.0289196 0.0306359 0.0310674 0.0302669 0.028455 0.0259541 0.0231044 0.0201945 0.0174213 0.0148855 0.0126135 0.0105891 0.00878378
 1.04854e-16 1.92114e-05 0.000112717 0.000535725 0.00206244 0.00643139 0.0162454 0.0332424 0.0551106 0.0740354 0.0806268 0.0712652 0.051334 0.0306058 0.0160656 0.00914956 0.00788603 0.0099041 0.0137216 0.0185997 0.0240652 0.0296348 0.034765 0.0389233 0.0416937 0.0428635 0.0424571 0.0407057 0.0379687 0.0346364 0.0310467 0.0274401 0.0239553 0.0206542 0.0175582 0.0146786
 1.07461e-16 1.85424e-05 0.000108797 0.000517104 0.00199077 0.00620793 0.0156809 0.0320867 0.0531928 0.0714536 0.0778008 0.0687332 0.0494361 0.0293267 0.0151269 0.00820079 0.00662738 0.00811414 0.011251 0.0153787 0.0201304 0.0251567 0.0300586 0.0344272 0.0379169 0.040307 0.0415295 0.0416524 0.0408325 0.0392564 0.0370941 0.0344771 0.0315034 0.0282566 0.0248268 0.0213217
 1.0627e-16 2.63064e-05 0.000154387 0.000733866 0.00282539 0.00881068 0.0222551 0.0455373 0.0754846 0.101378 0.110331 0.0973475 0.069745 0.0408268 0.0200474 0.00923685 0.00555705 0.00566081 0.00750313 0.0101854 0.013324 0.0166578 0.0199225 0.022855 0.0252367 0.0269325 0.0279059 0.0282059 0.0279326 0.0271972 0.0260904 0.0246713 0.0229742 0.0210262 0.0188661 0.0165551
 1.0435e-16 2.68073e-05 0.000157322 0.000747804 0.00287903 0.00897795 0.0226777 0.0464024 0.0769203 0.103311 0.112448 0.0992465 0.0711732 0.0417986 0.0207752 0.0099888 0.00656436 0.00709632 0.00948442 0.012767 0.0164753 0.0202405 0.0236827 0.0264402 0.0282397 0.0289539 0.0286229 0.0274288 0.0256358 0.0235184 0.0213015 0.0191287 0.0170633 0.0151109 0.0132508 0.0114637
 1.02631e-16 3.06161e-05 0.000179687 0.000854139 0.00328847 0.0102548 0.0259027 0.0530007 0.0878556 0.117991 0.128406 0.113283 0.0811348 0.0474383 0.0231867 0.0104954 0.00604112 0.005904 0.00767675 0.0102858 0.0132596 0.0162762 0.019021 0.0211967 0.0225769 0.0230536 0.022656 0.0215305 0.0198953 0.0179816 0.0159855 0.0140411 0.0122179 0.0105365 0.00899144 0.00757101
 1.01834e-16 3.12683e-05 0.000183515 0.000872335 0.00335852 0.0104732 0.0264546 0.0541299 0.0897276 0.120505 0.131144 0.115702 0.0828749 0.0484706 0.0237185 0.0107802 0.00626234 0.00615934 0.00800689 0.010698 0.0137362 0.0167743 0.0194734 0.0215167 0.022669 0.0228283 0.0220452 0.0205009 0.0184545 0.0161784 0.0139021 0.0117811 0.0098923 0.00825051 0.0068343 0.00560983
 1.02374e-16 2.61726e-05 0.00015359 0.000730054 0.00281067 0.00876475 0.0221392 0.045301 0.0750962 0.100866 0.1098 0.096941 0.0695884 0.0410058 0.0206368 0.0103461 0.00734939 0.00833568 0.0112505 0.0151249 0.019441 0.0237521 0.0275865 0.030496 0.0321452 0.0323859 0.0312847 0.029093 0.0261745 0.0229132 0.0196362 0.0165685 0.0138259 0.0114375 0.00938053 0.00761239
 1.02858e-16 2.85165e-05 0.000167358 0.000795524 0.00306278 0.00955095 0.024125 0.0493635 0.0818275 0.109898 0.119607 0.105541 0.0756343 0.0443119 0.0218269 0.0101668 0.00625521 0.00645726 0.00853911 0.0114962 0.0148683 0.0183183 0.0215038 0.0240946 0.0258318 0.0265806 0.0263516 0.0252828 0.0235919 0.0215175 0.0192686 0.0169961 0.0147909 0.0126973 0.0107348 0.00891575
 1.02895e-16 2.81646e-05 0.000165291 0.000785691 0.00302491 0.00943285 0.0238267 0.0487534 0.0808168 0.108543 0.118138 0.104257 0.0747427 0.0438465 0.021703 0.0102844 0.00656046 0.00694506 0.00922792 0.0124016 0.0159845 0.0196067 0.0228907 0.0254767 0.0270916 0.0276067 0.0270598 0.0256324 0.0235922 0.0212233 0.0187664 0.0163864 0.0141688 0.0121387 0.0102887 0.00860291
 1.02196e-16 3.18537e-05 0.000186954 0.000888694 0.00342152 0.0106697 0.0269508 0.0551449 0.0914091 0.122761 0.133591 0.117842 0.0843676 0.0492626 0.0239555 0.0106351 0.00583165 0.00545749 0.00700578 0.00936791 0.0120741 0.0148216 0.0173217 0.0193025 0.0205564 0.0209835 0.0206083 0.0195629 0.0180452 0.0162663 0.0144068 0.0125919 0.010889 0.00932136 0.00788765 0.00657997
 1.02026e-16 2.95152e-05 0.000173219 0.000823384 0.00317003 0.00988542 0.0249699 0.0510924 0.0846938 0.113749 0.123801 0.109249 0.0783073 0.045909 0.02267 0.0106504 0.00666677 0.00695264 0.00918403 0.0122998 0.0157932 0.0192797 0.0223711 0.0247028 0.0260043 0.0261591 0.0252271 0.0234189 0.0210354 0.0183925 0.0157562 0.0133069 0.0111335 0.00925273 0.00763867 0.00625075
 1.02312e-16 2.89427e-05 0.000169859 0.00080741 0.00310853 0.00969364 0.0244854 0.0501011 0.0830506 0.111542 0.121399 0.107128 0.0767851 0.0450131 0.0222218 0.0104318 0.00652311 0.00680559 0.00900586 0.0120913 0.0155749 0.0190897 0.022263 0.0247403 0.026252 0.0266705 0.0260328 0.0245185 0.0223946 0.0199471 0.0174217 0.0149904 0.0127476 0.0107256 0.00892113 0.00731821
 1.02193e-16 3.08146e-05 0.000180852 0.000859679 0.00330979 0.0103213 0.0260707 0.0533445 0.0884255 0.118756 0.129239 0.114019 0.0816629 0.0477495 0.0233433 0.0105736 0.00609578 0.00596426 0.00775526 0.0103865 0.0133807 0.0164102 0.0191547 0.0213109 0.0226483 0.0230574 0.0225683 0.0213325 0.0195749 0.0175358 0.0154211 0.0133735 0.0114704 0.00973765 0.00817255 0.00676326
 1.02092e-16 2.99946e-05 0.000176035 0.000836775 0.0032216 0.0100462 0.025376 0.0519233 0.0860706 0.115596 0.125807 0.111008 0.0795446 0.0465866 0.0229159 0.0106179 0.0064496 0.00657841 0.00864368 0.0115768 0.0148824 0.0181977 0.0211602 0.0234286 0.0247474 0.0250025 0.0242421 0.0226539 0.0205097 0.0180965 0.0156574 0.0133586 0.0112849 0.0094567 0.00785741 0.0064577
 1.04411e-16 1.53359e-05 8.99546e-05 0.000427489 0.00164567 0.00513168 0.0129626 0.0265263 0.0439817 0.0591007 0.0644044 0.0570261 0.0412942 0.0250551 0.0139477 0.00919596 0.00930349 0.0124323 0.0174033 0.0235553 0.030352 0.0371712 0.0433006 0.0480499 0.0508956 0.0515952 0.0502314 0.047167 0.0429358 0.038106 0.0331633 0.0284443 0.0241285 0.0202708 0.0168538 0.0138352
 1.07803e-16 1.93777e-05 0.000113706 0.000540458 0.00208071 0.00648841 0.0163893 0.0335357 0.0555928 0.0746711 0.0812872 0.0717732 0.0515355 0.0303977 0.0153603 0.00781986 0.00574231 0.00671723 0.00928015 0.0127847 0.0169269 0.021451 0.0260607 0.0304339 0.034271 0.03734 0.039501 0.040703 0.040962 0.040332 0.0388845 0.0367014 0.0338816 0.0305505 0.0268648 0.023006
pSPR Fmed_Fpbrs
0.445283   0.337811 0.337811
Fs Fmed_Fpbrs
0.64   1.005 1.005
SSBpbr Bo_Bmed_Bpbrs
2.23798e+06  884634  644115 644115
Ro
55517.2
SPR SPRFo_SPRFmed_SPRFpbrs
1.14667e+06 510593 387358
log_Ro
10.7444
likeval ReclasPelacesDesembMPH_pf_preclas_ppelaces_ptallas_desvR_qrecl_qpela
 68.2191 24.5243 0.0173274 19.5499 336.989 207.438 55.7915 0 16.7956 7.58967e-05 0 0 0 0 0
q_reclas_q_pelaces
0.290978 1
M
0.7
N
 50492.9 15128.7 5686.69 676.009 0.364619
 64863.3 23064.9 4808.88 1807.59 214.995
 38399.7 30036.1 7885.54 1644.08 691.492
 61284.9 17201.3 8600.98 2258.06 668.803
 102062 29830.2 7676.01 3838.15 1306.1
 73662.8 50483.8 14505.8 3732.68 2501.54
 122005 35171 20325.2 5840.17 2509.95
 123210 59101.1 15297.5 8840.35 3631.84
 161950 58331.3 22741.2 5886.22 4799.1
 149528 76435.4 22077.7 8607.25 4044.26
 69283.6 71480.1 30973.4 8946.39 5126.69
 40067.1 31845.4 23486.6 10177.1 4624.07
 42873.3 18530.6 10815 7976.31 5026.64
 24095.8 19027 5048.43 2946.41 3542.48
 18861 9844.62 3332.29 884.157 1136.43
 21072.2 7843.63 1895.28 641.53 389.003
 16403.1 9745.35 2663.35 643.553 349.924
 20629.8 7701.51 3587.18 980.356 365.69
 24078.8 9842.81 3088.82 1438.7 539.854
 42584.2 11566.9 4093.8 1284.69 822.915
 55043.1 20449.3 4801.94 1699.53 874.967
 72776 26919.7 9360.08 2197.95 1178.4
 117776 35437.8 12038.7 4185.88 1509.92
 164116 57173.2 15588.6 5295.65 2505.51
 58536.2 79788.9 25353.2 6912.69 3459.39
 59912.1 28548.1 35979.5 11432.6 4677.12
pred_Ctot
 2923.75 4017.01 1509.94 179.495 0.0968145
 3161.28 5279.29 1100.7 413.737 49.2098
 2720.58 9436.47 2477.41 516.523 217.247
 874.174 1261.79 630.918 165.638 49.0595
 287.696 445.788 114.711 57.3579 19.5186
 2044.93 6954.32 1998.22 514.19 344.596
 2153.38 3163.81 1828.35 525.351 225.782
 4143.25 9710.69 2513.47 1452.53 596.735
 5790.4 10133.5 3950.68 1022.58 833.718
 4025.06 10232.5 2955.56 1152.26 541.41
 3723.81 17808.6 7716.73 2228.91 1277.27
 1986.61 7399 5456.92 2364.57 1074.36
 3299.07 6224.49 3632.8 2679.27 1688.46
 3106.38 9388.68 2491.1 1453.88 1748.01
 2227.52 4571.9 1547.53 410.608 527.766
 1045.23 1823.05 440.51 149.108 90.414
 645.156 1844.97 504.219 121.836 66.2467
 582.991 1078.56 502.367 137.294 51.2131
 566.331 1161.69 364.555 169.801 63.7158
 1011.91 1378.37 487.84 153.091 98.0631
 599.887 1156.4 271.547 96.1074 49.4789
 1017.39 1936.76 673.42 158.134 84.7811
 1903.27 2930.27 995.45 346.122 124.852
 2477.58 4428.85 1207.55 410.221 194.086
 753.982 5304.62 1685.56 459.578 229.991
 850.769 2085.11 2627.88 835.017 341.609
F
 0.0835211 0.446133 0.446133 0.446133 0.446133
 0.0698825 0.373281 0.373281 0.373281 0.373281
 0.103064 0.550523 0.550523 0.550523 0.550523
 0.0200102 0.106886 0.106886 0.106886 0.106886
 0.00392641 0.0209731 0.0209731 0.0209731 0.0209731
 0.0392751 0.20979 0.20979 0.20979 0.20979
 0.0248124 0.132537 0.132537 0.132537 0.132537
 0.0477525 0.255073 0.255073 0.255073 0.255073
 0.0508413 0.271572 0.271572 0.271572 0.271572
 0.0380632 0.203317 0.203317 0.203317 0.203317
 0.0773161 0.412988 0.412988 0.412988 0.412988
 0.071132 0.379956 0.379956 0.379956 0.379956
 0.112392 0.600348 0.600348 0.600348 0.600348
 0.195111 1.0422 1.0422 1.0422 1.0422
 0.177394 0.947559 0.947559 0.947559 0.947559
 0.0711623 0.380117 0.380117 0.380117 0.380117
 0.0560556 0.299424 0.299424 0.299424 0.299424
 0.0399936 0.213628 0.213628 0.213628 0.213628
 0.0331865 0.177267 0.177267 0.177267 0.177267
 0.033534 0.179124 0.179124 0.179124 0.179124
 0.0152568 0.0814952 0.0814952 0.0814952 0.0814952
 0.0196078 0.104736 0.104736 0.104736 0.104736
 0.0226969 0.121237 0.121237 0.121237 0.121237
 0.021189 0.113182 0.113182 0.113182 0.113182
 0.0180539 0.0964356 0.0964356 0.0964356 0.0964356
 0.0199199 0.106403 0.106403 0.106403 0.106403
Np
 40921.4 16835.8 5301.34 2316.8 3450.64
YTP_r0W_actual
 67232.3 349725 612555 228276 101509
YTP_p0W_proyectada
 41839.4 303827 193022 310669 158457
 41839.4 175389 80284.3 44807.3 74058.7
CTP_r0_actual
 7470.26 13768.7 17352.8 5513.92 2255.77
CTP_p0_proyectada
 5102.36 14066.1 6147.19 7747.37 3560.82
 5102.36 8119.86 2556.83 1117.39 1664.24
Wmedp
 8.2 21.6 31.4 40.1 44.5
nmprior
 10.8 10.6 4.6 0
nm_flota  nm_reclas  nm_pelaces    nm_pelaL
inf 12.5382 19.079 62.0552
cv_recla  cv_pelaces  cv_mph
0.730677 0.542486 0.601694
 ------------------------------------------------
Talla a la edad & desviaci?n 
 7.2 14.2025 17.0495 18.207 18.6776
 1.08 2.13037 2.55742 2.73105 2.80164
