years
 1997 1998 1999 2000 2001 2002 2003 2004 2005 2006 2007 2008 2009 2010 2011 2012 2013 2014 2015 2016 2017 2018 2019
reclasobs
 0 0 0 370054 412103 1.49427e+06 250295 1.28982e+06 931140 785840 897777 1.04006e+06 184774 17550 25797 100020 73551 82996 120727 218422 84188 347160 605670
reclaspred
 486607 125211 312130 209006 334122 402421 876431 618266 740782 775687 662296 459378 278054 114543 72403.1 67862.8 73893.5 98810.6 112063 154559 237122 234203 409582
pelacesobs
 0 0 0 0 0 0 0 0 0 2.06254e+06 1.5e+06 0 1.87456e+06 323000 250000 174000 83755 137374 0 501740 490994 745055 786931
pelacespred
 1.96363e+06 442502 653242 713302 1.00845e+06 955612 2.4642e+06 2.01682e+06 2.21579e+06 2.35128e+06 1.74522e+06 1.26816e+06 743151 236480 153618 157862 178577 251816 287012 390115 701925 668717 940357
mphobs
 0 0 0 0 0 0 112323 0 153150 637223 0 255016 313432 73983 77613 109348 50772 17779 17303 59886 28197 0 207744
mphpred
 167521 91587.9 100751 95587.1 109926 183345 262243 322253 291940 330511 338713 239641 144492 119825 50251.8 42167.4 41548.2 53725.6 31474.2 35469.8 57014.9 74280.3 95362.2
desembarqueobs
 350755 77701 442110 56441 14545 235359 269955 359681 431902 328805 639364 411747 362871 311530 167758 66681 60226 58785 57116 73181 50977 67692 138656
desembarquepred
 350761 77699 442085 56444.4 14545.3 235456 270022 359658 431905 328808 639307 411767 362978 311630 167584 66682.5 60260.3 58778 57095.2 73176.2 50978.4 67678.2 138651
Reclutas
 35888.3 43501.2 21878.7 32168.6 56090.8 38982 73550 75058.8 105118 115781 67116.1 45752.1 44411.1 25535 15216.4 12469.7 8875.53 11527.9 13094.3 19298.2 26951.8 37455.4 53668.6
log_desv_Rt
 0.0590223 0.2514 -0.435874 -0.0504003 0.505581 0.141709 0.776576 0.796882 1.1337 1.23031 0.685034 0.301849 0.2721 -0.281341 -0.799013 -0.998088 -1.33809 -1.07662 -0.949211 -0.561376 -0.22734 0.10176 0.461439
SSB
 441776 241530 265695 252076 289890 483505 671502 839187 750463 852560 893231 631967 395358 199261 88354.4 73951.8 76534.3 93319.1 121235 144729 217953 276376 365542
BT
 1.52432e+06 369653 636036 459055 585193 684106 1.65606e+06 1.54283e+06 1.70769e+06 1.65217e+06 1.53702e+06 1.07243e+06 779302 427554 231893 145362 152351 193644 206256 281593 444071 420043 610614
Ftot
 0.996856 0.917416 1.60275 0.349115 0.0612303 0.591841 0.384697 0.751836 0.819612 0.56727 1.03918 0.909826 1.46301 2.99926 3.30679 1.33981 1.08252 0.798052 0.618445 0.614624 0.283803 0.334745 0.378806
BD_Bspro_t
 0.908462 0.634037 0.551894 0.366352 0.525808 0.702309 0.641985 0.662469 0.602665 0.58693 0.566564 0.41 0.305988 0.202368 0.113365 0.116652 0.162374 0.251558 0.35818 0.458432 0.587053 0.702004 0.723571
BD_Bspro
 0.633522 0.346362 0.381016 0.361486 0.415712 0.693364 0.962957 1.20342 1.07619 1.2226 1.28092 0.906262 0.566957 0.285747 0.126703 0.106049 0.109753 0.133823 0.173855 0.207547 0.312552 0.396333 0.524199
BD_Bo
 0.549274 0.300302 0.330347 0.313414 0.360429 0.601158 0.8349 1.04339 0.933074 1.06001 1.11058 0.785744 0.491561 0.247748 0.109854 0.0919466 0.0951575 0.116027 0.150735 0.179947 0.270988 0.343627 0.45449
BD_Brms
 1.50415 0.822353 0.90463 0.858261 0.987007 1.64622 2.28631 2.85724 2.55515 2.90277 3.04124 2.1517 1.3461 0.678438 0.300826 0.251789 0.260581 0.31773 0.412777 0.49277 0.742079 0.940997 1.24458
S_f
 0.101718 0.68269 0.976121 0.998714 0.999932
 0.101718 0.68269 0.976121 0.998714 0.999932
 0.101718 0.68269 0.976121 0.998714 0.999932
 0.101718 0.68269 0.976121 0.998714 0.999932
 0.101718 0.68269 0.976121 0.998714 0.999932
 0.101718 0.68269 0.976121 0.998714 0.999932
 0.101718 0.68269 0.976121 0.998714 0.999932
 0.101718 0.68269 0.976121 0.998714 0.999932
 0.101718 0.68269 0.976121 0.998714 0.999932
 0.101718 0.68269 0.976121 0.998714 0.999932
 0.101718 0.68269 0.976121 0.998714 0.999932
 0.101718 0.68269 0.976121 0.998714 0.999932
 0.101718 0.68269 0.976121 0.998714 0.999932
 0.101718 0.68269 0.976121 0.998714 0.999932
 0.101718 0.68269 0.976121 0.998714 0.999932
 0.101718 0.68269 0.976121 0.998714 0.999932
 0.101718 0.68269 0.976121 0.998714 0.999932
 0.101718 0.68269 0.976121 0.998714 0.999932
 0.101718 0.68269 0.976121 0.998714 0.999932
 0.101718 0.68269 0.976121 0.998714 0.999932
 0.101718 0.68269 0.976121 0.998714 0.999932
 0.101718 0.68269 0.976121 0.998714 0.999932
 0.101718 0.68269 0.976121 0.998714 0.999932
Scru_reclas
 0.735719 1 1 1 1
 0.735719 1 1 1 1
 0.735719 1 1 1 1
 0.735719 1 1 1 1
 0.735719 1 1 1 1
 0.735719 1 1 1 1
 0.735719 1 1 1 1
 0.735719 1 1 1 1
 0.735719 1 1 1 1
 0.735719 1 1 1 1
 0.735719 1 1 1 1
 0.735719 1 1 1 1
 0.735719 1 1 1 1
 0.735719 1 1 1 1
 0.735719 1 1 1 1
 0.735719 1 1 1 1
 0.735719 1 1 1 1
 0.735719 1 1 1 1
 0.735719 1 1 1 1
 0.735719 1 1 1 1
 0.735719 1 1 1 1
 0.735719 1 1 1 1
 0.735719 1 1 1 1
Scru_pelaces
 0.720122 1 1 1 1
 0.720122 1 1 1 1
 0.720122 1 1 1 1
 0.720122 1 1 1 1
 0.720122 1 1 1 1
 0.720122 1 1 1 1
 0.720122 1 1 1 1
 0.720122 1 1 1 1
 0.720122 1 1 1 1
 0.720122 1 1 1 1
 0.720122 1 1 1 1
 0.720122 1 1 1 1
 0.720122 1 1 1 1
 0.720122 1 1 1 1
 0.720122 1 1 1 1
 0.720122 1 1 1 1
 0.720122 1 1 1 1
 0.720122 1 1 1 1
 0.720122 1 1 1 1
 0.720122 1 1 1 1
 0.720122 1 1 1 1
 0.720122 1 1 1 1
 0.720122 1 1 1 1
pf_obs 
 0.256992 0.487395 0.22802 0.0275931 0
 0.321318 0.546541 0.124235 0.00734118 0.000564706
 0.182869 0.594174 0.210203 0.0122559 0.00049798
 0.330522 0.361315 0.267642 0.0388342 0.00168674
 0.649043 0.306663 0.0425973 0.00169635 0
 0.582887 0.30429 0.105238 0.00758474 0
 0.465427 0.430635 0.0974691 0.00646863 0
 0.296916 0.608066 0.0921331 0.00288517 0
 0.311714 0.524322 0.152257 0.0117073 0
 0.15457 0.633149 0.183074 0.0267441 0.00246327
 0.131901 0.49318 0.331252 0.0422183 0.00144891
 0.196976 0.569456 0.194076 0.0375587 0.00193317
 0.518974 0.381816 0.0799577 0.0180837 0.00116848
 0.0928022 0.601141 0.25162 0.0475244 0.00691264
 0.122501 0.610282 0.24278 0.0234846 0.000952079
 0.383417 0.481906 0.127806 0.00687128 0
 0.0376549 0.599619 0.316969 0.0457579 0
 0.0361596 0.667082 0.258105 0.0386534 0
 0.158088 0.579412 0.248529 0.0139706 0
 0.0477256 0.309471 0.559284 0.082774 0.000745712
 0.0406174 0.521527 0.379366 0.0568643 0.0016247
 0.151134 0.462217 0.34131 0.0453401 0
 0.294876 0.26143 0.354403 0.0886775 0.000613685
pf_pred 
 0.300834 0.477504 0.197965 0.0236841 1.28112e-05
 0.282183 0.56244 0.121988 0.0299337 0.00345519
 0.154395 0.646512 0.171011 0.0222134 0.0058678
 0.266068 0.469493 0.227943 0.0315522 0.00494406
 0.274135 0.497853 0.165447 0.0541248 0.00843926
 0.141958 0.584879 0.206829 0.0484332 0.0179005
 0.259214 0.391634 0.268986 0.0611439 0.0190231
 0.212927 0.556993 0.14473 0.0661652 0.019185
 0.270233 0.488603 0.192371 0.031066 0.0177271
 0.233658 0.565608 0.154259 0.0373258 0.00914989
 0.138588 0.587331 0.223469 0.0391625 0.0114485
 0.140822 0.497791 0.284107 0.0634407 0.0138392
 0.210307 0.469779 0.223325 0.0765046 0.0200842
 0.221253 0.596824 0.133998 0.0339061 0.014018
 0.288651 0.612638 0.088871 0.00738778 0.0024518
 0.29604 0.629698 0.0703833 0.00351947 0.000359491
 0.19959 0.630811 0.159276 0.00980621 0.000518072
 0.261632 0.495627 0.209951 0.0308635 0.00192638
 0.238662 0.554711 0.158846 0.0415104 0.0062711
 0.272417 0.497438 0.186179 0.034036 0.00992917
 0.255551 0.533409 0.163004 0.0390847 0.00895148
 0.238224 0.510381 0.19835 0.0412097 0.0118347
 0.243533 0.498048 0.19431 0.0508638 0.0132454
pobs_RECLAS
 0 0 0 0 0
 0 0 0 0 0
 0 0 0 0 0
 0 0 0 0 0
 0.835266 0.146461 0.0176864 0.000547809 3.91292e-05
 0.385257 0.428462 0.181853 0.0044286 0
 0.867414 0.0963971 0.0333333 0.00285562 0
 0.441836 0.489002 0.0689373 0.000224442 0
 0.779404 0.147425 0.0564933 0.0165055 0.000172143
 0.814271 0.122319 0.05973 0.00367925 0
 0.40263 0.566651 0.0304383 0.000280538 0
 0.475488 0.404961 0.113038 0.00651328 0
 0.955842 0.0263864 0.0167828 0.000988607 0
 0.975058 0.0227948 0.00214734 0 0
 0.738997 0.206755 0.0527124 0.00153531 0
 0.850938 0.134255 0.0134407 0.00136685 0
 0.542534 0.407297 0.0501686 0 0
 0.764087 0.199537 0.0359546 0.000420521 0
 0.470689 0.182191 0.310203 0.0369168 0
 0.84361 0.089868 0.0606195 0.00523954 0.000663233
 0.607945 0.314616 0.071237 0.00620181 0
 0.523733 0.453247 0.0230204 0 0
 0.530135 0.295979 0.169645 0.0042399 0
ppred_RECLAS
 0.713949 0.217963 0.0609751 0.00710837 3.83975e-06
 0.686248 0.264509 0.0388734 0.00929829 0.00107182
 0.520775 0.399657 0.0686273 0.00865745 0.00228334
 0.671314 0.236566 0.0796636 0.0107704 0.00168555
 0.673992 0.24736 0.0574281 0.0183606 0.00285932
 0.482576 0.392198 0.09538 0.0217995 0.00804649
 0.672826 0.20267 0.0964416 0.0214101 0.00665272
 0.60454 0.309062 0.0548537 0.0244614 0.00708332
 0.68049 0.23945 0.0641909 0.010109 0.00576074
 0.627236 0.299905 0.0563046 0.0132983 0.00325568
 0.483841 0.393221 0.100722 0.0171964 0.00502007
 0.495376 0.338802 0.131075 0.0285317 0.00621557
 0.62583 0.259357 0.0808389 0.0269181 0.0070559
 0.668322 0.282891 0.036316 0.00882847 0.00364218
 0.741939 0.237031 0.019014 0.00151433 0.000501409
 0.699433 0.278856 0.0206057 0.00100226 0.000102222
 0.583725 0.352694 0.0598056 0.00358647 0.000189211
 0.670245 0.247434 0.0714403 0.0102423 0.00063843
 0.635207 0.290796 0.057206 0.0145895 0.00220122
 0.678627 0.244129 0.06278 0.0112009 0.00326334
 0.652565 0.272823 0.0579374 0.0135708 0.00310423
 0.635424 0.272052 0.073365 0.0148882 0.00427026
 0.643653 0.262513 0.0709715 0.018144 0.00471891
pobs_PELACES
 0 0 0 0 0
 0 0 0 0 0
 0 0 0 0 0
 0 0 0 0 0
 0 0 0 0 0
 0 0 0 0 0
 0 0 0 0 0
 0 0 0 0 0
 0 0 0 0 0
 0 0 0 0 0
 0.450072 0.473896 0.0757376 0.000293798 0
 0 0 0 0 0
 0.463077 0.371075 0.160297 0.00555027 0
 0.529543 0.364841 0.0842815 0.0213345 0
 0.631943 0.363953 0.00410389 0 0
 0.735681 0.248677 0.0153453 0.000297389 0
 0.695825 0.281241 0.0229344 0 0
 0.275771 0.60734 0.115278 0.00161068 0
 0 0 0 0 0
 0.896147 0.0623911 0.0374545 0.00400742 0
 0.803859 0.145111 0.0509908 3.86294e-05 0
 0.739449 0.233085 0.0266225 0.000797448 4.60066e-05
 0.878498 0.100942 0.0204185 0.000141795 0
ppred_PELACES
 0.751504 0.193621 0.0491812 0.00569101 3.0729e-06
 0.721263 0.238216 0.0320334 0.00760998 0.000876885
 0.597101 0.344303 0.050623 0.00631033 0.00166323
 0.683325 0.230087 0.0749061 0.0101009 0.00158055
 0.672181 0.249097 0.0574895 0.0183718 0.002861
 0.509032 0.377323 0.0866514 0.0197174 0.0072762
 0.687311 0.196478 0.0900765 0.0199397 0.00619489
 0.637151 0.288116 0.0475456 0.0210839 0.00610346
 0.713271 0.219134 0.0542627 0.0084934 0.00483848
 0.649853 0.284735 0.0505993 0.0119004 0.00291278
 0.534078 0.363344 0.0841595 0.0142579 0.00416049
 0.540673 0.317319 0.112411 0.0243036 0.00529255
 0.693324 0.221753 0.0599882 0.0197585 0.00517613
 0.784593 0.190922 0.0183317 0.00435793 0.00179569
 0.844402 0.146203 0.00851455 0.000661612 0.000218775
 0.748175 0.235714 0.0152985 0.000736719 7.50993e-05
 0.631715 0.316871 0.048384 0.00287821 0.000151779
 0.702617 0.227406 0.060775 0.00866151 0.000539724
 0.660119 0.274226 0.0508104 0.0128988 0.00194565
 0.702255 0.229411 0.0555864 0.0098721 0.00287549
 0.661336 0.267519 0.0552711 0.0129189 0.00295477
 0.647157 0.26548 0.0693092 0.0140301 0.0040236
 0.657497 0.254776 0.0663989 0.0169271 0.00440175
pobs_pel_tallas
 0 0 0 0 0 0 0 0 0 0 0 0 0 0 0 0 0 0 0 0 0 0 0 0 0 0 0 0 0 0 0 0 0 0 0 0
 0 0 0 0 0 0 0 0 0 0 0 0 0 0 0 0 0 0 0 0 0 0 0 0 0 0 0 0 0 0 0 0 0 0 0 0
 0 0 0 0 0 0 0 0 0 0 0 0 0 0 0 0 0 0 0 0 0 0 0 0 0 0 0 0 0 0 0 0 0 0 0 0
 0 0 0 0 0 0 0 0 0 0 0 0 0 0 0 0 0 0 0 0 0 0 0 0 0 0 0 0 0 0 0 0 0 0 0 0
 0 0 0 0 0 0 0 0 0 0 0 0 0 0 0 0 0 0 0 0 0 0 0 0 0 0 0 0 0 0 0 0 0 0 0 0
 0 0 0 0 0 0 0 0 0 0 0 0 0 0 0 0 0 0 0 0 0 0 0 0 0 0 0 0 0 0 0 0 0 0 0 0
 0 0 0 0 0 0 0 0 0 0 0 0 0 0 0 0 0 0 0 0 0 0 0 0 0 0 0 0 0 0 0 0 0 0 0 0
 0 0 0 0 0 0 0 0 0 0 0 0 0 0 0 0 0 0 0 0 0 0 0 0 0 0 0 0 0 0 0 0 0 0 0 0
 0 0 0 0 0 0 0 0 0 0 0 0 0 0 0 0 0 0 0 0 0 0 0 0 0 0 0 0 0 0 0 0 0 0 0 0
 0 0 0 0 0 0 0 0 0 0 0 0 0 0 0 0 0 0 0 0 0 0 0 0 0 0 0 0 0 0 0 0 0 0 0 0
 0 0 0 0 0 0 0 0 1.78061e-05 0.00172719 0.00360574 0.0105946 0.0120993 0.0124554 0.0147524 0.0171206 0.0266825 0.0428682 0.0675386 0.121331 0.153587 0.119568 0.100827 0.0573624 0.0630603 0.0341343 0.0324427 0.0444173 0.0211091 0.0280891 0.0125444 0.00206551 0 0 0 0
 0 0 0 0 0 0 0 0 0 0 0 0 0 0 0 0 0 0 0 0 0 0 0 0 0 0 0 0 0 0 0 0 0 0 0 0
 0 0 0 0 0 0 0.0133647 0.0140871 0.0187388 0.0205184 0.03894 0.0496705 0.03968 0.0493445 0.0407372 0.0367815 0.0215668 0.0243155 0.0234873 0.0199281 0.019796 0.0243948 0.0301388 0.0376714 0.0412746 0.0863199 0.0771752 0.113111 0.0741005 0.0525337 0.0229764 0.00759418 0.00175318 0 0 0
 0 0 0 0 0 0 0 0 0 0 0.00219441 0.00772107 0.0458388 0.0604681 0.0671733 0.0775358 0.0609151 0.0617685 0.073594 0.0568108 0.0755445 0.0548602 0.0670107 0.0636378 0.0643287 0.046367 0.0373049 0.0286899 0.0247887 0.0153202 0.00654259 0.00121912 0.000365735 0 0 0
 0 0 0 0 0 0 0 0 0 0 0 0 0.000112435 0.00938835 0.0111873 0.0202946 0.0414886 0.0713402 0.111592 0.104902 0.108894 0.110636 0.117776 0.105296 0.107544 0.0401394 0.0192827 0.0124803 0.00416011 0.0028671 0.000618394 0 0 0 0 0
 0 0 0 0 0 0 0 0 0 0 0.00291406 0.0102884 0.027416 0.0768956 0.0749926 0.110853 0.0956884 0.0897413 0.0766577 0.0534642 0.0500743 0.0551293 0.0594112 0.0620874 0.0668451 0.0424026 0.0208742 0.0120726 0.0048766 0.00582813 0.00118941 0.000297354 0 0 0 0
 0 0.00264628 0.0354308 0.0461629 0.0458689 0.0383711 0.0214643 0.0164657 0.0346957 0.0420465 0.0363128 0.0245516 0.0311673 0.0291091 0.0169068 0.0133784 0.00837989 0.0085269 0.0148486 0.0160247 0.0276389 0.0546898 0.0760071 0.122758 0.109233 0.0665981 0.0333725 0.0166128 0.00676272 0.00308733 0.000882094 0 0 0 0 0
 0 0 0 0 0 0 0 0.000805153 0.000690131 0.00759144 0.0133425 0.0154129 0.00931677 0.000345066 0.00356568 0.00563607 0.00851162 0.0253048 0.0502646 0.0516448 0.0657925 0.0565908 0.0611916 0.0827007 0.0866115 0.110766 0.145733 0.0935128 0.0569358 0.0249597 0.0138026 0.00621118 0.00161031 0.00115022 0 0
 0 0 0 0 0 0 0 0 0 0 0 0 0 0 0 0 0 0 0 0 0 0 0 0 0 0 0 0 0 0 0 0 0 0 0 0
 0.00147267 0.00158595 0.00478618 0.00569244 0.00954404 0.0108468 0.00647125 0.017049 0.0510054 0.094081 0.124002 0.0959785 0.0687766 0.0820023 0.061753 0.0591476 0.0492212 0.0479892 0.0443925 0.0268479 0.0217502 0.0140895 0.0121071 0.0120363 0.00920419 0.00665534 0.0049561 0.00860946 0.00930331 0.0156896 0.0114698 0.00855282 0.00243557 0.00046729 0 2.83206e-05
 0 0 0 0 0.000772559 0.00158375 0.000888443 0.00281984 0.00712685 0.0440552 0.0773331 0.111326 0.0921469 0.0852325 0.0710754 0.0886704 0.0786465 0.0553345 0.0373146 0.0185414 0.00753245 0.00457741 0.012979 0.0271748 0.0457355 0.0583668 0.034881 0.0177882 0.00938659 0.00492506 0.0015258 0.00185414 0.000309023 5.79419e-05 3.86279e-05 0
 0 0.00173294 0.00326652 0 0.00397197 0.00683976 0.00946217 0.0152591 0.00757587 0.0136028 0.0228656 0.0392903 0.0559909 0.0764795 0.0681675 0.0726916 0.0566044 0.0477403 0.0527397 0.0444891 0.0609904 0.0582453 0.0661739 0.0445044 0.0529084 0.0360697 0.0280645 0.0235558 0.0158879 0.00826598 0.00280645 0.00217768 0.000904811 0.00058276 9.20147e-05 0
 0 0 0 0 0 0 0 0 0 0 0 0 0 0 0 0 0 0 0 0 0 0 0 0 0 0 0 0 0 0 0 0 0 0 0 0
ppred_pel_tallas
 1.00958e-16 3.27897e-05 0.000192448 0.000914806 0.00352205 0.0109832 0.0277426 0.0567653 0.0940954 0.126369 0.137519 0.121313 0.0868638 0.0507426 0.0247162 0.0110402 0.0061439 0.00581743 0.00747269 0.00995417 0.0127572 0.0155442 0.0179918 0.0197994 0.0207449 0.0207338 0.0198174 0.0181734 0.0160561 0.0137344 0.0114385 0.00932805 0.0074865 0.00593447 0.004653 0.00360576
 1.00835e-16 3.14728e-05 0.000184712 0.000878023 0.00338041 0.0105415 0.026627 0.0544829 0.0903135 0.121295 0.132009 0.116481 0.0834659 0.0488827 0.0240431 0.0111333 0.00674612 0.00685312 0.0089666 0.0119509 0.0152692 0.0185232 0.0213185 0.0232903 0.0241766 0.0238778 0.0224797 0.0202254 0.0174511 0.0145064 0.0116846 0.00918225 0.0070916 0.00541939 0.00411848 0.00311915
 1.01126e-16 2.60631e-05 0.000152943 0.000726964 0.00279876 0.00872758 0.0220454 0.0451095 0.0747801 0.100446 0.109355 0.0965755 0.0693866 0.0410083 0.0208614 0.010822 0.0081346 0.00950972 0.0128911 0.0172787 0.022094 0.0268078 0.0308578 0.0337171 0.0350054 0.0345773 0.0325547 0.0292876 0.0252616 0.0209824 0.0168756 0.0132278 0.0101757 0.00773208 0.00583165 0.00437532
 1.0156e-16 2.98183e-05 0.000175 0.000831848 0.00320262 0.00998706 0.0252266 0.0516176 0.0855641 0.114917 0.125071 0.110364 0.0790954 0.046349 0.0228465 0.0106658 0.00658752 0.00680516 0.00897239 0.0120228 0.0154546 0.0188919 0.0219562 0.0242888 0.0256199 0.0258261 0.0249539 0.0231973 0.0208408 0.0181888 0.0155045 0.0129734 0.0106979 0.00871177 0.00700683 0.00555655
 1.01663e-16 2.93331e-05 0.000172149 0.000818293 0.00315043 0.00982428 0.0248155 0.0507765 0.0841705 0.113047 0.123041 0.108585 0.0778465 0.0456697 0.0226092 0.0107174 0.00683571 0.00722404 0.00957184 0.0128178 0.016445 0.020052 0.023231 0.0255987 0.0268718 0.0269297 0.0258386 0.0238245 0.0212099 0.0183338 0.0154836 0.0128554 0.0105481 0.00858198 0.00692946 0.0055445
 1.02371e-16 2.22243e-05 0.000130402 0.000619798 0.00238613 0.00744081 0.0187952 0.0384595 0.0637589 0.0856504 0.0932679 0.0824195 0.0593269 0.0352863 0.018364 0.0102013 0.00849205 0.0104657 0.014381 0.0193618 0.0248497 0.0302888 0.0350701 0.0386142 0.0404925 0.040524 0.0388118 0.0357019 0.0316872 0.0272859 0.0229377 0.0189427 0.0154522 0.0124964 0.0100315 0.00798398
 1.02318e-16 2.99908e-05 0.000176015 0.000836682 0.00322125 0.0100451 0.0253733 0.0519174 0.0860602 0.11558 0.125785 0.110976 0.0794948 0.0465039 0.0227763 0.0103892 0.00609321 0.00605432 0.00791852 0.0106352 0.0137389 0.0169058 0.0198142 0.0221558 0.0236903 0.024294 0.0239808 0.0228844 0.0212142 0.0191995 0.0170417 0.0148872 0.0128241 0.0108945 0.00911495 0.00749245
 1.01779e-16 2.78071e-05 0.000163187 0.000775679 0.00298634 0.00931257 0.023523 0.0481322 0.0797888 0.107167 0.116653 0.102976 0.0738888 0.0434751 0.0217587 0.0107077 0.007349 0.00815155 0.0109238 0.014636 0.0187488 0.0228101 0.0263508 0.0289315 0.0302318 0.0301239 0.0286985 0.0262331 0.0231152 0.0197482 0.0164699 0.0135059 0.0109625 0.00884997 0.00712022 0.0057035
 1.0136e-16 3.11236e-05 0.000182664 0.000868288 0.00334293 0.0104246 0.0263318 0.0538787 0.0893117 0.119948 0.13054 0.115177 0.0825155 0.0482935 0.0236935 0.0108727 0.00645871 0.00646775 0.00844575 0.0112834 0.0144715 0.0176436 0.0204377 0.0225152 0.0236258 0.0236625 0.0226828 0.0208857 0.0185559 0.0159935 0.013454 0.0111133 0.00906123 0.00731811 0.00586115 0.00464994
 1.01357e-16 2.83609e-05 0.000166438 0.000791136 0.00304586 0.00949816 0.0239918 0.0490914 0.0813785 0.109301 0.118974 0.10502 0.0753432 0.0443069 0.0221306 0.010817 0.00732939 0.00806249 0.0107798 0.0144333 0.0184791 0.0224664 0.025929 0.0284304 0.0296527 0.029469 0.0279703 0.0254339 0.0222482 0.0188186 0.0154872 0.0124851 0.00992438 0.00781983 0.00612573 0.00477145
 1.01998e-16 2.33158e-05 0.000136812 0.000650273 0.00250347 0.00780673 0.0197194 0.0403505 0.0668928 0.0898574 0.097841 0.0864415 0.0621804 0.0368999 0.0190504 0.0103384 0.00832913 0.0101042 0.013834 0.0186107 0.0238756 0.0290872 0.0336568 0.0370252 0.0387793 0.0387456 0.0370248 0.0339536 0.0300112 0.0257019 0.0214548 0.0175643 0.0141801 0.0113334 0.00898224 0.00705358
 1.02782e-16 2.36016e-05 0.000138494 0.000658278 0.00253431 0.00790291 0.0199623 0.0408472 0.0677147 0.0909573 0.0990276 0.0874638 0.0628591 0.0371893 0.0189926 0.00997834 0.00766516 0.00909116 0.0124128 0.0167423 0.0215705 0.0264259 0.0307966 0.0341895 0.0362291 0.0367378 0.0357679 0.0335714 0.0305236 0.0270275 0.0234314 0.019982 0.0168167 0.0139856 0.0114865 0.00929656
 1.01845e-16 3.02539e-05 0.000177558 0.000844012 0.00324946 0.0101331 0.0255955 0.0523724 0.086815 0.116596 0.126895 0.111966 0.080228 0.0469808 0.0230983 0.0106828 0.0064618 0.0065683 0.00862019 0.0115393 0.0148265 0.0181174 0.0210483 0.0232774 0.0245491 0.0247501 0.0239302 0.0222799 0.0200746 0.0176053 0.0151196 0.0127875 0.0106968 0.0088696 0.00728924 0.00592468
 1.00557e-16 3.42323e-05 0.000200918 0.000955074 0.00367709 0.0114667 0.0289639 0.0592641 0.098237 0.13193 0.143567 0.12664 0.0906588 0.052921 0.0257044 0.0113559 0.00613794 0.00564591 0.00717054 0.00950246 0.012118 0.0146751 0.0168532 0.0183607 0.0189902 0.0186669 0.0174655 0.015588 0.0133109 0.0109199 0.00865356 0.00666999 0.00504076 0.00376635 0.00280239 0.00208582
 1.00202e-16 3.68384e-05 0.000216222 0.00102784 0.00395728 0.0123404 0.0311709 0.0637794 0.10572 0.141974 0.154483 0.136234 0.0974521 0.0567353 0.0272745 0.0115682 0.00556719 0.00451179 0.00548376 0.00720439 0.00916258 0.0110691 0.012673 0.0137506 0.0141452 0.0138032 0.0127876 0.0112599 0.00943939 0.00755157 0.00578439 0.00426178 0.00303859 0.00211246 0.00144443 0.000979747
 1.00323e-16 3.26462e-05 0.000191601 0.000910774 0.00350651 0.0109347 0.0276203 0.0565152 0.093682 0.125818 0.136928 0.120813 0.0865529 0.0506554 0.0248487 0.0113934 0.00674719 0.00672382 0.00873767 0.0116099 0.0147889 0.0178724 0.0204677 0.0222155 0.0228626 0.0223219 0.020694 0.0182381 0.0153066 0.0122627 0.00940922 0.00694627 0.00496313 0.00345721 0.00236692 0.00160522
 1.00897e-16 2.75713e-05 0.0001618 0.000769078 0.00296092 0.00923327 0.0233227 0.0477227 0.0791108 0.106259 0.115671 0.102127 0.0733159 0.0432114 0.0217624 0.0109322 0.00778458 0.00882465 0.0118758 0.0158987 0.0203244 0.0246563 0.0283746 0.0309935 0.032162 0.0317459 0.0298574 0.0268192 0.0230798 0.0191065 0.0152937 0.0119083 0.00907866 0.00681876 0.00506951 0.00373969
 1.0126e-16 3.06594e-05 0.000179938 0.000855325 0.00329302 0.010269 0.0259386 0.0530744 0.0879787 0.118159 0.128596 0.113469 0.0813065 0.0476163 0.023418 0.0108421 0.00657212 0.00668815 0.00877366 0.0117318 0.015051 0.0183545 0.0212665 0.0234344 0.0245963 0.0246388 0.0236192 0.021742 0.0193014 0.0166093 0.0139328 0.0114578 0.00928189 0.00743079 0.00588508 0.00460585
 1.01345e-16 2.88082e-05 0.000169065 0.000803626 0.00309395 0.00964814 0.0243706 0.0498664 0.0826628 0.111025 0.120846 0.106664 0.0765045 0.0449527 0.0223843 0.0108271 0.00719005 0.00780671 0.0104053 0.0139277 0.0178358 0.021692 0.0250469 0.0274799 0.0286836 0.0285346 0.0271184 0.0246998 0.0216505 0.018359 0.0151536 0.0122564 0.00977593 0.00772799 0.00607062 0.00473818
 1.01338e-16 3.06437e-05 0.000179845 0.000854886 0.00329133 0.0102637 0.0259253 0.0530471 0.0879335 0.118098 0.128531 0.113412 0.0812679 0.0475978 0.0234164 0.0108537 0.00659545 0.00672361 0.00882225 0.0117935 0.0151237 0.0184331 0.0213434 0.0235004 0.024642 0.0246571 0.0236069 0.0217013 0.0192399 0.0165386 0.0138664 0.0114083 0.00925912 0.00744001 0.00592653 0.00467529
 1.01454e-16 2.88609e-05 0.000169376 0.000805103 0.00309964 0.00966589 0.0244154 0.0499581 0.0828145 0.111228 0.121066 0.106854 0.0766328 0.0450118 0.0223838 0.0107775 0.00709405 0.00765901 0.0101977 0.0136545 0.0174984 0.0213018 0.0246265 0.0270613 0.0283045 0.0282318 0.026922 0.0246276 0.0217053 0.0185293 0.0154164 0.012582 0.0101331 0.00808832 0.00641138 0.00504376
 1.01741e-16 2.82426e-05 0.000165746 0.000787847 0.0030332 0.00945869 0.023892 0.0488872 0.0810396 0.108845 0.118473 0.104569 0.0750009 0.0440677 0.0219416 0.0106111 0.00704762 0.00765982 0.0102255 0.0137141 0.0176065 0.0214822 0.0249073 0.0274717 0.0288708 0.0289721 0.0278415 0.0257157 0.0229346 0.019858 0.0167923 0.0139494 0.0114391 0.00928824 0.0074733 0.00594986
 1.01813e-16 2.8693e-05 0.000168391 0.000800425 0.00308163 0.00960973 0.0242735 0.0496677 0.0823329 0.11058 0.120359 0.106225 0.0761698 0.0447169 0.0221949 0.0106176 0.0069013 0.00739277 0.00983408 0.0131846 0.0169307 0.0206659 0.0239739 0.0264615 0.0278364 0.0279708 0.0269268 0.0249291 0.0223016 0.019386 0.0164737 0.0137651 0.0113636 0.00929455 0.00753561 0.00604587
pSPR Fmed_Fpbrs
0.518466   0.415174 0.415174
Fs Fmed_Fpbrs
0.64   1.005 1.005
SSBpbr Bo_Bmed_Bpbrs
804291  376782  293706 293706
Ro
33831.4
SPR SPRFo_SPRFmed_SPRFpbrs
697333 361543 289515
log_Ro
10.2491
likeval ReclasPelacesDesembMPH_pf_preclas_ppelaces_ptallas_desvR_qrecl_qpela
 63.6268 13.4162 0.0101594 12.993 291.225 163.826 42.8604 0 15.7789 6.9166e-06 8.40389e-05 0 0 0 0
q_reclas_q_pelaces
0.68889 3.68484
M
0.7
N
 35888.3 10768.1 3486.8 411.089 0.222194
 43501.2 16103.1 2707.56 654.38 75.473
 21878.7 19677.4 4274.66 549.108 144.965
 32168.6 9230.26 3271.64 444.07 69.5108
 56090.8 15417.1 3611.59 1155.48 179.951
 38982 27680.9 7342.48 1689.41 623.809
 73550 18226.9 9176.99 2046.17 635.952
 75058.8 35122.3 6960.62 3130.49 906.915
 105118 34528.9 10439.2 1659.28 946.037
 115781 48024.9 9798.76 2329.2 570.43
 67116.1 54271.4 16190.9 2796.95 817.018
 45752.1 29985.7 13257.5 2915.63 635.515
 44411.1 20711.6 8001.21 2708.68 710.644
 25535 19004.5 3788.27 952.672 393.743
 15216.4 9346.2 1217.88 100.688 33.4058
 12469.7 5397.93 485.516 23.9756 2.44732
 8875.53 5403.35 1073.95 65.1957 3.44179
 11527.9 3947.91 1281.45 185.383 11.561
 13094.3 5278.24 1136.97 291.999 44.0724
 19298.2 6106 1718.39 308.722 89.9789
 26951.8 9002.44 1993.07 468.34 107.148
 37455.4 13003 3683.07 750.248 215.232
 53668.6 17977.1 5137.95 1319.16 343.168
pred_Ctot
 2503.35 3973.49 1647.35 197.084 0.106607
 2802.39 5585.64 1211.47 297.275 34.3138
 2389.33 10005.1 2646.47 343.762 90.8068
 808.779 1427.14 692.889 95.9106 15.0287
 250.547 455.014 151.211 49.4675 7.71308
 1643.61 6771.82 2394.7 560.767 207.255
 2034.42 3073.72 2111.12 479.885 149.302
 3991.8 10442.1 2713.31 1240.42 359.667
 6076.13 10986.2 4325.42 698.513 398.591
 4684.16 11338.8 3092.44 748.275 183.429
 4871.27 20644.2 7854.78 1376.53 402.405
 2923.99 10336 5899.11 1317.27 287.354
 4454.3 9949.89 4730.02 1620.37 425.382
 4913.9 13255.1 2976.02 753.033 311.332
 3186.69 6763.49 981.131 81.5606 27.0677
 1151.55 2449.44 273.781 13.6902 1.39837
 669.773 2116.84 534.489 32.9072 1.73852
 649.435 1230.27 521.149 76.6106 4.78174
 576.236 1339.32 383.524 100.225 15.1412
 844.146 1541.43 576.918 105.468 30.7678
 552.461 1153.15 352.389 84.4949 19.3517
 903.518 1935.74 752.288 156.297 44.8858
 1462.15 2990.23 1166.62 305.381 79.5241
F
 0.101398 0.680543 0.973052 0.995574 0.996788
 0.0933177 0.62631 0.895509 0.916236 0.917353
 0.163029 1.09418 1.56448 1.60069 1.60264
 0.0355113 0.238337 0.340779 0.348666 0.349092
 0.00622823 0.0418013 0.0597682 0.0611515 0.0612261
 0.0602009 0.404043 0.577708 0.59108 0.591801
 0.0391307 0.262629 0.375511 0.384203 0.384671
 0.0764753 0.513271 0.733883 0.750869 0.751785
 0.0833693 0.55954 0.80004 0.818558 0.819556
 0.0577016 0.38727 0.553725 0.566541 0.567232
 0.105703 0.709436 1.01436 1.03784 1.03911
 0.0925457 0.621129 0.8881 0.908656 0.909764
 0.148815 0.998783 1.42808 1.46113 1.46291
 0.305079 2.04757 2.92764 2.99541 2.99906
 0.336361 2.25751 3.22783 3.30254 3.30657
 0.136283 0.914675 1.30782 1.33809 1.33972
 0.110112 0.739028 1.05667 1.08113 1.08245
 0.0811763 0.544822 0.778996 0.797026 0.797998
 0.062907 0.422206 0.603677 0.61765 0.618403
 0.0625184 0.419597 0.599948 0.613834 0.614582
 0.0288679 0.193749 0.277026 0.283438 0.283783
 0.0340497 0.228527 0.326752 0.334315 0.334723
 0.0385314 0.258607 0.369761 0.378319 0.378781
Np
 24100.8 10805.1 6412.15 1283.37 379.163
YTP_r0W_actual
 24900.7 161496 81500.9 27716.9 9069.52
YTP_p0W_proyectada
 13892.9 205618 102792 34064.7 12904.9
 13892.9 86638.2 95622.3 24800.4 8137.36
CTP_r0_actual
 3772.83 6673.41 2440.15 635.71 165.502
CTP_p0_proyectada
 1694.25 9519.36 3273.62 849.494 289.998
 1694.25 4011.03 3045.3 618.464 182.862
Wmedp
 8.2 21.6 31.4 40.1 44.5
nmprior
 10.8 10.6 4.6 0
nm_flota  nm_reclas  nm_pelaces    nm_pelaL
inf 18.3774 14.4749 18.9093
cv_recla  cv_pelaces  cv_mph
0.756731 0.448601 0.520275
 ------------------------------------------------
Talla a la edad & desviaci?n 
 7.2 14.2025 17.0495 18.207 18.6776
 1.08 2.13037 2.55742 2.73105 2.80164
