years
 1997 1998 1999 2000 2001 2002 2003 2004 2005 2006 2007 2008 2009 2010 2011 2012 2013 2014 2015 2016 2017 2018 2019 2020 2021
reclasobs
 0 0 0 370054 412103 1.49427e+06 250295 1.28982e+06 931140 785840 897777 1.04006e+06 184774 17550 25797 100020 73551 82996 120727 218422 84188 347160 605670 569463 516374
reclaspred
 1.1246e+06 231258 581172 302165 369006 445465 888575 678814 930471 1.11529e+06 1.06699e+06 722730 420858 194643 130997 123425 129002 166018 177730 248120 421684 434361 712004 844650 1.05327e+06
pelacesobs
 0 0 0 0 0 0 0 0 0 2.06254e+06 1.5e+06 0 1.87456e+06 323000 250000 174000 83755 137374 0 501740 490994 745055 786931 1.00524e+06 1.33801e+06
pelacespred
 653140 229921 198019 211029 221147 201362 454122 421823 526843 654883 544914 382985 220351 81232.6 54805.5 58968 64308.9 83073 92782 124818 238405 254669 325000 445488 537698
mphobs
 0 0 0 0 0 0 112323 0 153150 637223 0 255016 313432 73983 77613 109348 50772 17779 17303 59886 28197 0 207744 136588 643089
mphpred
 794836 426974 370025 330774 281482 409412 551216 714921 718318 956793 1.07695e+06 762594 451420 240755 111894 97507.2 94984.3 119447 149317 165116 288939 405847 483518 678240 827953
desembarqueobs
 350755 77701 442110 56441 14545 235359 269955 359681 431902 328805 639364 411747 362871 311530 167758 66681 60226 58785 57116 73181 50977 67692 138656 160484 209506
desembarquepred
 350759 77700.7 442120 56443.4 14545.2 235451 269972 359598 431790 328718 639321 411824 362885 311614 167685 66690.4 60251.2 58786.1 57105.8 73164.9 50972.6 67679.5 138643 160468 209489
Reclutas
 41556 43716.3 21902.4 23992.9 45682.8 34052.6 69454.7 75960.3 128995 141828 69321.2 40813 48223.9 29350 20219 14645.6 11072.7 12539.6 14544 26803.1 41047.9 42561.1 67249.9 81911.5 33801.1
log_desv_Rt
 0.091164 0.141842 -0.549285 -0.458123 0.185844 -0.107973 0.604795 0.694332 1.2239 1.31873 0.602872 0.0731211 0.239975 -0.256587 -0.629256 -0.951738 -1.23139 -1.10699 -0.958698 -0.347361 0.07886 0.115061 0.572536 0.76976 -0.115386
SSB
 794836 426974 370025 330774 281482 409412 535509 706540 702628 938430 1.07695e+06 762594 464858 250771 120129 106003 107511 129656 153865 178422 296046 405847 496498 666434 889016
BT
 2.06387e+06 571087 742928 503741 527336 584393 1.44659e+06 1.37539e+06 1.80362e+06 1.87317e+06 1.73154e+06 1.17642e+06 856405 472700 281059 186927 198109 238958 247632 357584 629850 575954 800023 1.10902e+06 1.2426e+06
Ftot
 0.300087 0.322863 0.705852 0.181129 0.038551 0.499808 0.292924 0.503118 0.443486 0.284251 0.563698 0.536989 0.795571 1.37945 1.14678 0.511719 0.444914 0.339916 0.308934 0.284369 0.117732 0.151359 0.188716 0.184236 0.192597
BD_Bspro_t
 0.957351 0.754629 0.633812 0.424532 0.514765 0.666707 0.584647 0.61783 0.580712 0.595467 0.596766 0.437901 0.328869 0.236324 0.142654 0.149757 0.200681 0.299412 0.393675 0.491274 0.636364 0.755703 0.763516 0.760424 0.758897
BD_Bspro
 1.01904 0.547414 0.474402 0.424079 0.360882 0.524899 0.686565 0.90584 0.900825 1.20314 1.38073 0.977706 0.595985 0.321509 0.154015 0.135904 0.137838 0.16623 0.197267 0.228751 0.379555 0.520328 0.63655 0.854421 1.13979
BD_Bo
 0.548677 0.294741 0.255429 0.228334 0.194307 0.282618 0.369663 0.487725 0.485025 0.6478 0.743419 0.52642 0.320892 0.173108 0.0829254 0.0731739 0.074215 0.089502 0.106213 0.123165 0.204361 0.280157 0.342733 0.46004 0.613689
BD_Brms
 2.66977 1.43416 1.24288 1.11104 0.945468 1.37517 1.79872 2.37319 2.36005 3.15209 3.61735 2.56147 1.56141 0.842314 0.403501 0.356052 0.361118 0.435502 0.516815 0.5993 0.994387 1.3632 1.66768 2.23848 2.98611
S_f
 0.5 1 1 1 1
 0.5 1 1 1 1
 0.5 1 1 1 1
 0.5 1 1 1 1
 0.5 1 1 1 1
 0.5 1 1 1 1
 0.5 1 1 1 1
 0.5 1 1 1 1
 0.5 1 1 1 1
 0.5 1 1 1 1
 0.5 1 1 1 1
 0.5 1 1 1 1
 0.5 1 1 1 1
 0.5 1 1 1 1
 0.5 1 1 1 1
 0.5 1 1 1 1
 0.5 1 1 1 1
 0.5 1 1 1 1
 0.5 1 1 1 1
 0.5 1 1 1 1
 0.5 1 1 1 1
 0.5 1 1 1 1
 0.5 1 1 1 1
 0.5 1 1 1 1
 0.5 1 1 1 1
Scru_reclas
 0.5 1 1 1 1
 0.5 1 1 1 1
 0.5 1 1 1 1
 0.5 1 1 1 1
 0.5 1 1 1 1
 0.5 1 1 1 1
 0.5 1 1 1 1
 0.5 1 1 1 1
 0.5 1 1 1 1
 0.5 1 1 1 1
 0.5 1 1 1 1
 0.5 1 1 1 1
 0.5 1 1 1 1
 0.5 1 1 1 1
 0.5 1 1 1 1
 0.5 1 1 1 1
 0.5 1 1 1 1
 0.5 1 1 1 1
 0.5 1 1 1 1
 0.5 1 1 1 1
 0.5 1 1 1 1
 0.5 1 1 1 1
 0.5 1 1 1 1
 0.5 1 1 1 1
 0.5 1 1 1 1
Scru_pelaces
 0.5 1 1 1 1
 0.5 1 1 1 1
 0.5 1 1 1 1
 0.5 1 1 1 1
 0.5 1 1 1 1
 0.5 1 1 1 1
 0.5 1 1 1 1
 0.5 1 1 1 1
 0.5 1 1 1 1
 0.5 1 1 1 1
 0.5 1 1 1 1
 0.5 1 1 1 1
 0.5 1 1 1 1
 0.5 1 1 1 1
 0.5 1 1 1 1
 0.5 1 1 1 1
 0.5 1 1 1 1
 0.5 1 1 1 1
 0.5 1 1 1 1
 0.5 1 1 1 1
 0.5 1 1 1 1
 0.5 1 1 1 1
 0.5 1 1 1 1
 0.5 1 1 1 1
 0.5 1 1 1 1
pf_obs 
 0.256992 0.487395 0.22802 0.0275931 0
 0.321318 0.546541 0.124235 0.00734118 0.000564706
 0.182869 0.594174 0.210203 0.0122559 0.00049798
 0.330522 0.361315 0.267642 0.0388342 0.00168674
 0.649043 0.306663 0.0425973 0.00169635 0
 0.582887 0.30429 0.105238 0.00758474 0
 0.465427 0.430635 0.0974691 0.00646863 0
 0.296916 0.608066 0.0921331 0.00288517 0
 0.311714 0.524322 0.152257 0.0117073 0
 0.15457 0.633149 0.183074 0.0267441 0.00246327
 0.131901 0.49318 0.331252 0.0422183 0.00144891
 0.196976 0.569456 0.194076 0.0375587 0.00193317
 0.518974 0.381816 0.0799577 0.0180837 0.00116848
 0.0928022 0.601141 0.25162 0.0475244 0.00691264
 0.122501 0.610282 0.24278 0.0234846 0.000952079
 0.383417 0.481906 0.127806 0.00687128 0
 0.0376549 0.599619 0.316969 0.0457579 0
 0.0361596 0.667082 0.258105 0.0386534 0
 0.158088 0.579412 0.248529 0.0139706 0
 0.0477256 0.309471 0.559284 0.082774 0.000745712
 0.0406174 0.521527 0.379366 0.0568643 0.0016247
 0.151134 0.462217 0.34131 0.0453401 0
 0.294876 0.26143 0.354403 0.0886775 0.000613685
 0.281977 0.475581 0.204845 0.0348837 0.00271318
 0.0841818 0.532909 0.334909 0.0458182 0.00218182
pf_pred 
 0.446337 0.389529 0.146652 0.0174778 5.02346e-06
 0.45647 0.346445 0.138659 0.052203 0.00622328
 0.306833 0.449414 0.155367 0.0621831 0.026202
 0.46028 0.281983 0.167104 0.0577696 0.0328639
 0.5762 0.272215 0.0791972 0.0469325 0.0254552
 0.38344 0.452089 0.105644 0.0307355 0.0280928
 0.623519 0.222225 0.113106 0.0264306 0.0147181
 0.525373 0.37153 0.0608551 0.0309735 0.0112683
 0.634389 0.263107 0.0802385 0.0131427 0.00912287
 0.539464 0.367509 0.0669457 0.0204161 0.00566532
 0.313568 0.49265 0.154639 0.0281691 0.0109744
 0.312887 0.356675 0.237154 0.0744409 0.0188431
 0.484525 0.266101 0.129448 0.0860707 0.0338557
 0.452323 0.386192 0.0833626 0.0405529 0.0375699
 0.552233 0.322133 0.0885897 0.0191228 0.0179208
 0.528362 0.367511 0.0749112 0.0206013 0.00861439
 0.437955 0.406124 0.121497 0.0247652 0.00965853
 0.494625 0.32325 0.1316 0.0393698 0.0111546
 0.502499 0.340047 0.100712 0.0410012 0.0157413
 0.612908 0.266437 0.0824691 0.0244249 0.0137614
 0.585515 0.32106 0.064305 0.0199041 0.00921631
 0.460147 0.402164 0.106654 0.0213617 0.00967359
 0.533624 0.298582 0.124998 0.0331495 0.00964619
 0.497904 0.355055 0.0941379 0.0394098 0.0134928
 0.243106 0.511947 0.173213 0.045925 0.0258084
pobs_RECLAS
 0 0 0 0 0
 0 0 0 0 0
 0 0 0 0 0
 0 0 0 0 0
 0.835266 0.146461 0.0176864 0.000547809 3.91292e-05
 0.385257 0.428462 0.181853 0.0044286 0
 0.867414 0.0963971 0.0333333 0.00285562 0
 0.441836 0.489002 0.0689373 0.000224442 0
 0.779404 0.147425 0.0564933 0.0165055 0.000172143
 0.814271 0.122319 0.05973 0.00367925 0
 0.40263 0.566651 0.0304383 0.000280538 0
 0.475488 0.404961 0.113038 0.00651328 0
 0.955842 0.0263864 0.0167828 0.000988607 0
 0.975058 0.0227948 0.00214734 0 0
 0.738997 0.206755 0.0527124 0.00153531 0
 0.850938 0.134255 0.0134407 0.00136685 0
 0.542534 0.407297 0.0501686 0 0
 0.764087 0.199537 0.0359546 0.000420521 0
 0.470689 0.182191 0.310203 0.0369168 0
 0.84361 0.089868 0.0606195 0.00523954 0.000663233
 0.607945 0.314616 0.071237 0.00620181 0
 0.523733 0.453247 0.0230204 0 0
 0.530135 0.295979 0.169645 0.0042399 0
 0.562478 0.366248 0.0663022 0.0049721 0
 0.250443 0.683176 0.0655157 0.000865301 0
ppred_RECLAS
 0.449156 0.387545 0.145905 0.0173888 4.99787e-06
 0.459571 0.344469 0.137868 0.0519052 0.00618778
 0.314383 0.444519 0.153675 0.0615058 0.0259166
 0.461829 0.281173 0.166624 0.0576038 0.0327695
 0.576483 0.272033 0.0791442 0.0469011 0.0254381
 0.388644 0.448272 0.104752 0.0304761 0.0278557
 0.626114 0.220694 0.112327 0.0262485 0.0146166
 0.530893 0.367209 0.0601473 0.0306133 0.0111373
 0.638726 0.259986 0.0792867 0.0129868 0.00901465
 0.542113 0.365395 0.0665606 0.0202987 0.00563273
 0.319153 0.488641 0.153381 0.0279399 0.0108851
 0.318109 0.353964 0.235352 0.0738752 0.0186999
 0.49497 0.260709 0.126825 0.0843266 0.0331697
 0.475916 0.369555 0.0797716 0.038806 0.0359515
 0.569865 0.309449 0.0851013 0.0183698 0.0172152
 0.534006 0.363113 0.0740148 0.0203548 0.00851131
 0.442595 0.402772 0.120494 0.0245608 0.00957881
 0.497956 0.32112 0.130733 0.0391103 0.0110811
 0.505455 0.338027 0.100113 0.0407576 0.0156478
 0.615437 0.264696 0.0819303 0.0242653 0.0136714
 0.586443 0.32034 0.064161 0.0198595 0.00919567
 0.461408 0.401225 0.106405 0.0213118 0.009651
 0.535251 0.29754 0.124562 0.0330338 0.00961253
 0.499494 0.353931 0.0938398 0.039285 0.01345
 0.244341 0.511112 0.172931 0.0458501 0.0257663
pobs_PELACES
 0 0 0 0 0
 0 0 0 0 0
 0 0 0 0 0
 0 0 0 0 0
 0 0 0 0 0
 0 0 0 0 0
 0 0 0 0 0
 0 0 0 0 0
 0 0 0 0 0
 0 0 0 0 0
 0.450072 0.473896 0.0757376 0.000293798 0
 0 0 0 0 0
 0.463077 0.371075 0.160297 0.00555027 0
 0.529543 0.364841 0.0842815 0.0213345 0
 0.631943 0.363953 0.00410389 0 0
 0.735681 0.248677 0.0153453 0.000297389 0
 0.695825 0.281241 0.0229344 0 0
 0.275771 0.60734 0.115278 0.00161068 0
 0 0 0 0 0
 0.896147 0.0623911 0.0374545 0.00400742 0
 0.803859 0.145111 0.0509908 3.86294e-05 0
 0.739449 0.233085 0.0266225 0.000797448 4.60066e-05
 0.878498 0.100942 0.0204185 0.000141795 0
 0.694673 0.275183 0.0284847 0.00165964 0
 0.469039 0.446079 0.0841089 0.000773354 0
ppred_PELACES
 0.461435 0.378906 0.142653 0.0170012 4.88646e-06
 0.472827 0.336019 0.134486 0.050632 0.006036
 0.340012 0.427903 0.147931 0.0592067 0.0249478
 0.469265 0.277288 0.164322 0.0568079 0.0323168
 0.578035 0.271036 0.0788542 0.0467292 0.0253449
 0.408409 0.43378 0.101365 0.0294908 0.0269551
 0.637358 0.214057 0.108949 0.0254591 0.0141771
 0.551503 0.351076 0.0575047 0.0292683 0.0106479
 0.655434 0.247962 0.0756197 0.0123862 0.00859773
 0.55373 0.356125 0.0648719 0.0197837 0.00548982
 0.339694 0.473899 0.148753 0.027097 0.0105567
 0.33763 0.343831 0.228614 0.0717603 0.0181646
 0.527759 0.243782 0.118591 0.0788518 0.0310161
 0.532752 0.329477 0.0711203 0.0345975 0.0320525
 0.615507 0.276613 0.0760712 0.0164206 0.0153885
 0.554944 0.346798 0.0706891 0.0194402 0.00812888
 0.460774 0.389636 0.116564 0.0237598 0.0092664
 0.511975 0.312153 0.127082 0.0380182 0.0107717
 0.51819 0.329322 0.0975352 0.039708 0.0152449
 0.62648 0.257095 0.0795776 0.0235685 0.0132789
 0.591147 0.316697 0.0634313 0.0196336 0.00909109
 0.46762 0.396597 0.105177 0.021066 0.00953968
 0.542988 0.292587 0.122488 0.0324839 0.00945251
 0.507093 0.348557 0.0924151 0.0386886 0.0132458
 0.250256 0.507112 0.171577 0.0454912 0.0255646
pobs_pel_tallas
 0 0 0 0 0 0 0 0 0 0 0 0 0 0 0 0 0 0 0 0 0 0 0 0 0 0 0 0 0 0 0 0 0 0 0 0
 0 0 0 0 0 0 0 0 0 0 0 0 0 0 0 0 0 0 0 0 0 0 0 0 0 0 0 0 0 0 0 0 0 0 0 0
 0 0 0 0 0 0 0 0 0 0 0 0 0 0 0 0 0 0 0 0 0 0 0 0 0 0 0 0 0 0 0 0 0 0 0 0
 0 0 0 0 0 0 0 0 0 0 0 0 0 0 0 0 0 0 0 0 0 0 0 0 0 0 0 0 0 0 0 0 0 0 0 0
 0 0 0 0 0 0 0 0 0 0 0 0 0 0 0 0 0 0 0 0 0 0 0 0 0 0 0 0 0 0 0 0 0 0 0 0
 0 0 0 0 0 0 0 0 0 0 0 0 0 0 0 0 0 0 0 0 0 0 0 0 0 0 0 0 0 0 0 0 0 0 0 0
 0 0 0 0 0 0 0 0 0 0 0 0 0 0 0 0 0 0 0 0 0 0 0 0 0 0 0 0 0 0 0 0 0 0 0 0
 0 0 0 0 0 0 0 0 0 0 0 0 0 0 0 0 0 0 0 0 0 0 0 0 0 0 0 0 0 0 0 0 0 0 0 0
 0 0 0 0 0 0 0 0 0 0 0 0 0 0 0 0 0 0 0 0 0 0 0 0 0 0 0 0 0 0 0 0 0 0 0 0
 0 0 0 0 0 0 0 0 0 0 0 0 0 0 0 0 0 0 0 0 0 0 0 0 0 0 0 0 0 0 0 0 0 0 0 0
 0 0 0 0 0 0 0 0 1.78061e-05 0.00172719 0.00360574 0.0105946 0.0120993 0.0124554 0.0147524 0.0171206 0.0266825 0.0428682 0.0675386 0.121331 0.153587 0.119568 0.100827 0.0573624 0.0630603 0.0341343 0.0324427 0.0444173 0.0211091 0.0280891 0.0125444 0.00206551 0 0 0 0
 0 0 0 0 0 0 0 0 0 0 0 0 0 0 0 0 0 0 0 0 0 0 0 0 0 0 0 0 0 0 0 0 0 0 0 0
 0 0 0 0 0 0 0.0133647 0.0140871 0.0187388 0.0205184 0.03894 0.0496705 0.03968 0.0493445 0.0407372 0.0367815 0.0215668 0.0243155 0.0234873 0.0199281 0.019796 0.0243948 0.0301388 0.0376714 0.0412746 0.0863199 0.0771752 0.113111 0.0741005 0.0525337 0.0229764 0.00759418 0.00175318 0 0 0
 0 0 0 0 0 0 0 0 0 0 0.00219441 0.00772107 0.0458388 0.0604681 0.0671733 0.0775358 0.0609151 0.0617685 0.073594 0.0568108 0.0755445 0.0548602 0.0670107 0.0636378 0.0643287 0.046367 0.0373049 0.0286899 0.0247887 0.0153202 0.00654259 0.00121912 0.000365735 0 0 0
 0 0 0 0 0 0 0 0 0 0 0 0 0.000112435 0.00938835 0.0111873 0.0202946 0.0414886 0.0713402 0.111592 0.104902 0.108894 0.110636 0.117776 0.105296 0.107544 0.0401394 0.0192827 0.0124803 0.00416011 0.0028671 0.000618394 0 0 0 0 0
 0 0 0 0 0 0 0 0 0 0 0.00291406 0.0102884 0.027416 0.0768956 0.0749926 0.110853 0.0956884 0.0897413 0.0766577 0.0534642 0.0500743 0.0551293 0.0594112 0.0620874 0.0668451 0.0424026 0.0208742 0.0120726 0.0048766 0.00582813 0.00118941 0.000297354 0 0 0 0
 0 0.00264628 0.0354308 0.0461629 0.0458689 0.0383711 0.0214643 0.0164657 0.0346957 0.0420465 0.0363128 0.0245516 0.0311673 0.0291091 0.0169068 0.0133784 0.00837989 0.0085269 0.0148486 0.0160247 0.0276389 0.0546898 0.0760071 0.122758 0.109233 0.0665981 0.0333725 0.0166128 0.00676272 0.00308733 0.000882094 0 0 0 0 0
 0 0 0 0 0 0 0 0.000805153 0.000690131 0.00759144 0.0133425 0.0154129 0.00931677 0.000345066 0.00356568 0.00563607 0.00851162 0.0253048 0.0502646 0.0516448 0.0657925 0.0565908 0.0611916 0.0827007 0.0866115 0.110766 0.145733 0.0935128 0.0569358 0.0249597 0.0138026 0.00621118 0.00161031 0.00115022 0 0
 0 0 0 0 0 0 0 0 0 0 0 0 0 0 0 0 0 0 0 0 0 0 0 0 0 0 0 0 0 0 0 0 0 0 0 0
 0.00147267 0.00158595 0.00478618 0.00569244 0.00954404 0.0108468 0.00647125 0.017049 0.0510054 0.094081 0.124002 0.0959785 0.0687766 0.0820023 0.061753 0.0591476 0.0492212 0.0479892 0.0443925 0.0268479 0.0217502 0.0140895 0.0121071 0.0120363 0.00920419 0.00665534 0.0049561 0.00860946 0.00930331 0.0156896 0.0114698 0.00855282 0.00243557 0.00046729 0 2.83206e-05
 0 0 0 0 0.000772559 0.00158375 0.000888443 0.00281984 0.00712685 0.0440552 0.0773331 0.111326 0.0921469 0.0852325 0.0710754 0.0886704 0.0786465 0.0553345 0.0373146 0.0185414 0.00753245 0.00457741 0.012979 0.0271748 0.0457355 0.0583668 0.034881 0.0177882 0.00938659 0.00492506 0.0015258 0.00185414 0.000309023 5.79419e-05 3.86279e-05 0
 0 0.00173294 0.00326652 0 0.00397197 0.00683976 0.00946217 0.0152591 0.00757587 0.0136028 0.0228656 0.0392903 0.0559909 0.0764795 0.0681675 0.0726916 0.0566044 0.0477403 0.0527397 0.0444891 0.0609904 0.0582453 0.0661739 0.0445044 0.0529084 0.0360697 0.0280645 0.0235558 0.0158879 0.00826598 0.00280645 0.00217768 0.000904811 0.00058276 9.20147e-05 0
 0 0 0 0 0 0 0 0 0 0 0 0 0 0 0 0 0 0 0 0 0 0 0 0 0 0 0 0 0 0 0 0 0 0 0 0
 0 0 0 0 0 0 0 0 0 0 0 0 0 0 0 0 0 0 0 0 0 0 0 0 0 0 0 0 0 0 0 0 0 0 0 0
 0 0 0 0 0 0 0 0 0 0 0 0 0 0 0 0 0 0 0 0 0 0 0 0 0 0 0 0 0 0 0 0 0 0 0 0
ppred_pel_tallas
 1.02733e-16 2.01491e-05 0.000118218 0.000561873 0.0021631 0.0067453 0.0170384 0.0348651 0.0578012 0.0776512 0.0845677 0.0747562 0.0538653 0.0321478 0.0169339 0.00973353 0.00848031 0.0106843 0.0147799 0.0199705 0.0257282 0.0315062 0.0366938 0.0406989 0.0430697 0.0435916 0.0423264 0.0395768 0.0357964 0.0314748 0.0270392 0.0227965 0.0189228 0.0154875 0.0124934 0.00991366
 1.04041e-16 2.0644e-05 0.000121128 0.000575716 0.00221641 0.00691157 0.0174583 0.0357239 0.0592236 0.0795574 0.0866316 0.0765519 0.0550967 0.0327576 0.0170269 0.00943042 0.00783042 0.00966343 0.0133293 0.01804 0.0233096 0.0286571 0.0335477 0.0374599 0.0399898 0.0409354 0.0403304 0.0384136 0.0355507 0.0321374 0.0285165 0.0249317 0.0215228 0.0183492 0.0154262 0.0127552
 1.0544e-16 1.48564e-05 8.71413e-05 0.000414119 0.00159419 0.00497118 0.0125572 0.0256965 0.0426058 0.0572516 0.0623886 0.0552393 0.0399963 0.0242598 0.0134917 0.00887751 0.00896873 0.0119882 0.0168001 0.0227746 0.0294063 0.0361087 0.0422079 0.0470463 0.0501201 0.051186 0.0503036 0.0477933 0.0441345 0.0398388 0.0353422 0.0309463 0.0268128 0.0229962 0.0194934 0.0162864
 1.05885e-16 2.04863e-05 0.000120208 0.000571351 0.00219963 0.00685924 0.0173261 0.0354529 0.0587728 0.0789474 0.0859554 0.075926 0.0545845 0.0323299 0.0165804 0.00883048 0.00694224 0.00836503 0.0115232 0.0156731 0.0203997 0.0253151 0.0299867 0.0339818 0.0369486 0.0386836 0.0391604 0.0385083 0.0369562 0.0347615 0.0321519 0.0292957 0.0263024 0.0232421 0.020172 0.0171537
 1.03998e-16 2.52288e-05 0.000148051 0.000703725 0.0027093 0.00844865 0.0213408 0.0436672 0.0723875 0.0972276 0.105838 0.0934387 0.0670663 0.0395036 0.0198521 0.00990758 0.0069859 0.00789824 0.0106713 0.014384 0.0185558 0.0227792 0.0266235 0.0296761 0.0316238 0.0323196 0.0318071 0.0302933 0.0280823 0.0254938 0.022795 0.0201642 0.0176887 0.0153887 0.0132503 0.0112552
 1.03854e-16 1.78389e-05 0.000104651 0.000497362 0.0019147 0.00597067 0.0150818 0.0308621 0.0511678 0.0687485 0.0748952 0.0662608 0.0478633 0.0288048 0.0156093 0.00965535 0.00915482 0.0119311 0.016597 0.0224049 0.028797 0.0351581 0.0407971 0.0450516 0.0474297 0.04772 0.0460326 0.0427523 0.0384279 0.0336349 0.0288576 0.0244225 0.0204892 0.0170853 0.0141612 0.0116409
 1.03154e-16 2.78133e-05 0.00016323 0.000775896 0.0029872 0.00931527 0.0235297 0.0481455 0.0798088 0.107188 0.11666 0.102946 0.0737865 0.0432539 0.0213519 0.0100239 0.00627494 0.00656493 0.00871841 0.0117558 0.0152242 0.0187865 0.0220971 0.0248203 0.0266906 0.0275658 0.0274491 0.0264714 0.0248444 0.022802 0.0205503 0.0182402 0.015965 0.0137743 0.0116947 0.00974694
 1.02434e-16 2.40751e-05 0.000141271 0.000671473 0.0025851 0.0080613 0.0203625 0.0416661 0.0690729 0.0927835 0.101021 0.089236 0.0641582 0.0380082 0.0195021 0.0103897 0.00814409 0.00974187 0.0132907 0.0178605 0.0228953 0.0278689 0.0322157 0.0354015 0.0370365 0.0369644 0.035294 0.0323604 0.0286317 0.0245943 0.0206547 0.0170832 0.0140054 0.0114317 0.00930369 0.0075382
 1.01982e-16 2.86029e-05 0.000167862 0.000797912 0.00307196 0.00957957 0.0241973 0.0495118 0.0820743 0.110233 0.119979 0.105887 0.0759215 0.0445591 0.0220946 0.0105337 0.0068012 0.00725522 0.00964703 0.0129442 0.0166422 0.0203458 0.0236499 0.0261705 0.027619 0.027865 0.0269607 0.0251157 0.0226359 0.0198466 0.0170266 0.01437 0.0119802 0.00988755 0.00807845 0.00652179
 1.01974e-16 2.41724e-05 0.000141842 0.000674186 0.00259554 0.00809387 0.0204447 0.0418344 0.0693522 0.0931589 0.10143 0.0895999 0.0644242 0.0381747 0.0196038 0.01047 0.00823744 0.00987125 0.0134708 0.0180996 0.0231943 0.0282198 0.0325994 0.0357885 0.0373889 0.0372401 0.0354523 0.0323673 0.0284648 0.0242457 0.0201317 0.0164072 0.0132096 0.010557 0.00839429 0.00663727
 1.03691e-16 1.48444e-05 8.70669e-05 0.000413755 0.00159278 0.00496674 0.012546 0.0256741 0.0425699 0.0572073 0.0623506 0.0552301 0.0400428 0.0243936 0.0137551 0.00932933 0.00968478 0.0130538 0.0182941 0.0247472 0.0318545 0.0389561 0.045295 0.0501384 0.0529332 0.0534274 0.0517172 0.0481999 0.0434578 0.0381111 0.032693 0.0275766 0.022963 0.018915 0.0154112 0.0123966
 1.06672e-16 1.47493e-05 8.65199e-05 0.000411181 0.00158291 0.004936 0.0124682 0.025514 0.042301 0.0568357 0.0619186 0.0547837 0.039581 0.0238383 0.0129553 0.00808286 0.00776128 0.0102195 0.0143506 0.0195867 0.0255227 0.0317029 0.0375919 0.0426465 0.0464195 0.0486446 0.0492737 0.0484536 0.0464587 0.0436062 0.0401851 0.0364191 0.0324652 0.0284351 0.0244231 0.0205241
 1.05922e-16 2.30354e-05 0.000135177 0.000642523 0.00247367 0.00771384 0.0194847 0.0398693 0.0660919 0.088772 0.0966343 0.0853164 0.0612427 0.0360867 0.0181617 0.00911299 0.00649885 0.00742066 0.0100941 0.0136994 0.0178213 0.0221098 0.0261873 0.0296807 0.0322904 0.0338477 0.0343384 0.0338819 0.032679 0.0309485 0.0288763 0.0265902 0.0241637 0.021637 0.019044 0.0164296
 1.03804e-16 2.32566e-05 0.000136467 0.000648642 0.0024972 0.0077872 0.0196701 0.0402493 0.066724 0.0896277 0.0975834 0.0861961 0.0619651 0.0366944 0.0188019 0.00997694 0.0077787 0.00928986 0.01269 0.0170938 0.0219824 0.0268697 0.0312308 0.0345662 0.0365052 0.0368878 0.035795 0.0335126 0.0304467 0.02702 0.0235839 0.0203696 0.017484 0.0149379 0.0126897 0.0106846
 1.02454e-16 2.6863e-05 0.000157645 0.000749332 0.0028849 0.00899624 0.0227239 0.0464973 0.0770786 0.103527 0.112691 0.0994804 0.0713833 0.0420071 0.0210364 0.0103749 0.0071547 0.00797026 0.010712 0.0143941 0.018505 0.0226163 0.0262798 0.0290699 0.0306684 0.030934 0.0299291 0.0278911 0.025163 0.0221069 0.0190306 0.0161448 0.0135571 0.0112936 0.00933197 0.00763243
 1.02165e-16 2.4225e-05 0.000142151 0.000675659 0.00260122 0.00811157 0.0204894 0.0419258 0.0695034 0.0933612 0.101648 0.0897873 0.0645476 0.0382251 0.0195881 0.0103953 0.00810206 0.00966522 0.0131817 0.0177195 0.0227251 0.0276777 0.0320161 0.0352094 0.0368672 0.0368281 0.0351932 0.0322872 0.0285689 0.0245187 0.020542 0.0169131 0.0137666 0.0111237 0.00893684 0.00713133
 1.03031e-16 2.01206e-05 0.00011805 0.000561072 0.00216001 0.00673567 0.0170141 0.0348154 0.0577192 0.0775418 0.0844507 0.0746578 0.0538053 0.0321337 0.0169656 0.00981172 0.00861097 0.010877 0.0150426 0.0203042 0.026121 0.0319311 0.0371088 0.0410523 0.0433089 0.0436747 0.0422325 0.0393133 0.0353989 0.031002 0.0265614 0.0223827 0.0186283 0.0153458 0.012513 0.0100803
 1.03716e-16 2.235e-05 0.000131146 0.000623348 0.00239982 0.00748351 0.018903 0.0386796 0.0641219 0.0861327 0.0937786 0.0828365 0.0595527 0.0352719 0.0180856 0.00962092 0.00753769 0.00904075 0.012392 0.0167544 0.021644 0.0266056 0.0311405 0.0347636 0.0370994 0.0379603 0.0373781 0.0355755 0.0328941 0.0297033 0.0263236 0.0229836 0.0198142 0.0168713 0.0141686 0.011706
 1.03569e-16 2.26217e-05 0.00013274 0.00063092 0.00242897 0.00757441 0.0191326 0.0391495 0.0649013 0.0871804 0.0949217 0.0838517 0.0602944 0.0357348 0.0183657 0.00983651 0.00778041 0.00936671 0.0128298 0.0173098 0.0222984 0.0273126 0.0318265 0.0353344 0.0374545 0.0380109 0.0370653 0.034884 0.0318566 0.0283956 0.024851 0.0214624 0.0183537 0.0155589 0.0130613 0.0108288
 1.02644e-16 2.73407e-05 0.000160451 0.000762677 0.00293629 0.0091565 0.0231287 0.0473254 0.0784506 0.105368 0.114689 0.101231 0.0726101 0.0426703 0.0212599 0.0103066 0.00688179 0.00751334 0.0100557 0.013518 0.0174041 0.0213131 0.0248292 0.0275558 0.0291938 0.0296048 0.028837 0.0270987 0.0246958 0.0219528 0.0191464 0.0164674 0.0140159 0.0118212 0.00987145 0.00814154
 1.02104e-16 2.58024e-05 0.000151414 0.000719704 0.00277081 0.00864045 0.0218253 0.0446589 0.0740326 0.0994402 0.108254 0.0955918 0.068654 0.0405234 0.0205199 0.0104928 0.00770754 0.00890563 0.0120578 0.0161919 0.0207655 0.0252948 0.0292665 0.0321959 0.0337271 0.0337131 0.0322458 0.0296211 0.0262565 0.0225888 0.0189857 0.0156955 0.0128385 0.0104328 0.00843395 0.00677404
 1.02792e-16 2.04193e-05 0.000119804 0.000569407 0.0021921 0.00683574 0.0172669 0.0353326 0.0585766 0.0786936 0.0857051 0.0757663 0.0546034 0.0326085 0.0172124 0.00994746 0.00872012 0.0110047 0.0152072 0.0205077 0.026353 0.0321683 0.0373157 0.0411847 0.0433195 0.0435212 0.0418862 0.0387649 0.0346617 0.03011 0.0255643 0.021338 0.0175935 0.0143707 0.0116352 0.00932308
 1.03392e-16 2.37016e-05 0.000139083 0.000661083 0.00254511 0.00793662 0.0200474 0.0410211 0.0680024 0.0913415 0.0994403 0.0878148 0.0630818 0.037262 0.0189214 0.00976707 0.00729852 0.00853709 0.0116357 0.0157192 0.0203057 0.0249618 0.0292183 0.0326192 0.0348113 0.0356172 0.0350655 0.033364 0.0308326 0.0278182 0.0246231 0.0214636 0.0184657 0.0156844 0.0131348 0.0108184
 1.03374e-16 2.21386e-05 0.000129902 0.000617424 0.002377 0.00741234 0.0187232 0.0383121 0.0635138 0.0853189 0.092901 0.0820812 0.0590529 0.0350623 0.0181363 0.00990013 0.00804788 0.00981606 0.0134755 0.0181721 0.023382 0.0285957 0.0332556 0.0368275 0.0389112 0.0393278 0.0381534 0.0356824 0.0323405 0.0285768 0.0247709 0.0211813 0.0179388 0.0150739 0.0125596 0.0103503
 1.05359e-16 1.09458e-05 6.41757e-05 0.000304921 0.00117373 0.00365994 0.00924523 0.0189206 0.0313771 0.0421809 0.046013 0.0408527 0.0298242 0.018578 0.0112106 0.00868451 0.0100237 0.0139863 0.0197488 0.0267781 0.0345358 0.0423363 0.0493782 0.05488 0.0582458 0.0591945 0.0578099 0.0544907 0.0498287 0.0444553 0.0389118 0.0335748 0.0286479 0.0241981 0.0202146 0.0166602
pSPR Fmed_Fpbrs
0.370333   0.255515 0.255515
Fs Fmed_Fpbrs
0.64   1.005 1.005
SSBpbr Bo_Bmed_Bpbrs
1.44864e+06  464048  297717 297717
Ro
37935.2
SPR SPRFo_SPRFmed_SPRFpbrs
779983 288853 199297
log_Ro
10.3636
likeval ReclasPelacesDesembMPH_pf_preclas_ppelaces_ptallas_desvR_qrecl_qpela
 95.9434 102.847 0.00497996 52.8226 353.712 196.873 53.0495 0 15.5551 0 0 0 0 0 0
q_reclas_q_pelaces
1 1
M
0.7
N
 41556 19324.6 7275.43 867.077 0.249214
 43716.3 17760.9 7108.5 2676.25 319.044
 21902.4 18472.6 6386.18 2555.96 1077
 23992.9 7642.07 4528.71 1565.62 890.65
 45682.8 10882.9 3166.22 1876.31 1017.67
 34052.6 22252.3 5199.91 1512.84 1382.76
 69454.7 13170.8 6703.56 1566.48 872.306
 75960.3 29791.2 4879.67 2483.62 903.551
 128995 29331.2 8944.99 1465.15 1017.02
 141828 51317.5 9348.03 2850.82 791.083
 69321.2 61098.4 19178.3 3493.54 1361.05
 40813 25969 17266.9 5419.93 1371.94
 48223.9 15494.8 7537.67 5011.82 1971.39
 29350 16087.9 3472.71 1689.35 1565.08
 20219 7312.35 2010.96 434.083 406.799
 14645.6 5658.91 1153.48 317.217 132.644
 11072.7 5630.97 1684.57 343.373 133.917
 12539.6 4401.86 1792.06 536.118 151.898
 14544 5253.71 1555.99 633.466 243.203
 26803.1 6188.63 1915.54 567.325 319.64
 41047.9 11545.9 2312.53 715.789 331.437
 42561.1 19218.5 5096.74 1020.83 462.278
 67249.9 19594.7 8203.12 2175.46 633.04
 81911.5 30388.3 8057.03 3372.99 1154.81
 33801.1 37096.4 12551.3 3327.79 1870.11
pred_Ctot
 4200.14 3665.57 1380.03 164.471 0.047272
 4730.64 3590.39 1436.99 541.007 64.4951
 4779.85 7000.98 2420.31 968.689 408.174
 1501.83 920.075 545.239 188.495 107.231
 627.902 296.641 86.3035 51.1437 27.7392
 5493.65 6477.2 1513.59 440.357 402.494
 6862.92 2445.98 1244.93 290.915 161.998
 12327.1 8717.43 1427.88 726.75 264.395
 18686.9 7750.21 2363.55 387.139 268.728
 13624.6 9281.76 1690.77 515.626 143.083
 12444.7 19552 6137.21 1117.96 435.546
 7018.92 8001.21 5320.03 1669.92 422.704
 11644.5 6395.18 3111.02 2068.53 813.651
 10937.4 9338.27 2015.74 980.586 908.455
 6556.22 3824.43 1051.75 227.03 212.76
 2412.99 1678.39 342.114 94.0845 39.3413
 1608.73 1491.8 446.29 90.9691 35.4783
 1423.4 930.227 378.709 113.296 32.1
 1510.46 1022.14 302.728 123.245 47.3167
 2575.85 1119.75 346.59 102.65 57.8344
 1693.33 928.518 185.973 57.5634 26.654
 2240.72 1958.37 519.359 104.022 47.1063
 4378.61 2449.99 1025.66 272.005 79.151
 5211.67 3716.44 985.363 412.511 141.232
 2244.14 4725.85 1598.95 423.939 238.241
F
 0.150043 0.300087 0.300087 0.300087 0.300087
 0.161431 0.322863 0.322863 0.322863 0.322863
 0.352926 0.705852 0.705852 0.705852 0.705852
 0.0905644 0.181129 0.181129 0.181129 0.181129
 0.0192755 0.038551 0.038551 0.038551 0.038551
 0.249904 0.499808 0.499808 0.499808 0.499808
 0.146462 0.292924 0.292924 0.292924 0.292924
 0.251559 0.503118 0.503118 0.503118 0.503118
 0.221743 0.443486 0.443486 0.443486 0.443486
 0.142125 0.284251 0.284251 0.284251 0.284251
 0.281849 0.563698 0.563698 0.563698 0.563698
 0.268494 0.536989 0.536989 0.536989 0.536989
 0.397786 0.795571 0.795571 0.795571 0.795571
 0.689727 1.37945 1.37945 1.37945 1.37945
 0.573392 1.14678 1.14678 1.14678 1.14678
 0.255859 0.511719 0.511719 0.511719 0.511719
 0.222457 0.444914 0.444914 0.444914 0.444914
 0.169958 0.339916 0.339916 0.339916 0.339916
 0.154467 0.308934 0.308934 0.308934 0.308934
 0.142185 0.284369 0.284369 0.284369 0.284369
 0.0588662 0.117732 0.117732 0.117732 0.117732
 0.0756794 0.151359 0.151359 0.151359 0.151359
 0.0943579 0.188716 0.188716 0.188716 0.188716
 0.0921178 0.184236 0.184236 0.184236 0.184236
 0.0962986 0.192597 0.192597 0.192597 0.192597
Np
 28273.9 8494.67 2770.96 2761.91 1104.33
YTP_r0W_actual
 110668 393614 199764 65965 38603.6
YTP_p0W_proyectada
 67775.7 158808 230106 99425.5 41235.8
 67775.7 88494.5 41963.9 53415.9 23701.5
CTP_r0_actual
 9881.1 17891.6 6053.46 1604.99 901.953
CTP_p0_proyectada
 8265.33 7352.22 7328.21 2479.44 926.648
 8265.33 4096.97 1336.43 1332.07 532.617
Wmedp
 8.2 21.6 31.4 40.1 44.5
nmprior
 10.8 10.6 4.6 0
nm_flota  nm_reclas  nm_pelaces    nm_pelaL
inf 16.733 13.0261 28.1358
cv_recla  cv_pelaces  cv_mph
0.885997 1.14992 1.00788
 ------------------------------------------------
Talla a la edad & desviaci?n 
 7.2 14.2025 17.0495 18.207 18.6776
 1.08 2.13037 2.55742 2.73105 2.80164
