    unsorted:	 2.738955282e-06 0.008471857233 6.068888726 7.570193821 17.96094263 20.03556673 23.13982920 34.77538713 43.42922903 67.79447076 86.45803012 162.8461901 156.5492233 204.0999923 278.4315782 392.3677440 450.9349003 504.3006640 596.9820409 681.6734652 703.2598128 785.0430223 808.4278836 841.7278468 1021.185418 1029.830681 1200.298321 1294.626702 1338.190419 1551.930576 1581.208730 1876.710761 1956.965828 2463.041817 2637.846284 3008.307964 3183.143992 3375.366591 4048.514831 4145.769487 4236.004966 4410.808470 4727.520086 23360.64472 181927.1500 360265.1858 377433.3763 342258.5808 407285.4715 426512.9543 454604.2424 464533.7084 271691.6350 533383.6043 550930.3827 604325.7617 681139.7114 742484.8966 766543.8242 908988.7516 1037890.521 1154159.055 1267989.047 1448518.982 1583774.951 1802162.992 1964861.714 2255520.060 2439344.197 2670153.194 2609480.206 34622887.93
      sorted:	 2.738955282e-06 0.008471857233 6.068888726 7.570193821 17.96094263 20.03556673 23.13982920 34.77538713 43.42922903 67.79447076 86.45803012 156.5492233 162.8461901 204.0999923 278.4315782 392.3677440 450.9349003 504.3006640 596.9820409 681.6734652 703.2598128 785.0430223 808.4278836 841.7278468 1021.185418 1029.830681 1200.298321 1294.626702 1338.190419 1551.930576 1581.208730 1876.710761 1956.965828 2463.041817 2637.846284 3008.307964 3183.143992 3375.366591 4048.514831 4145.769487 4236.004966 4410.808470 4727.520086 23360.64472 181927.1500 271691.6350 342258.5808 360265.1858 377433.3763 407285.4715 426512.9543 454604.2424 464533.7084 533383.6043 550930.3827 604325.7617 681139.7114 742484.8966 766543.8242 908988.7516 1037890.521 1154159.055 1267989.047 1448518.982 1583774.951 1802162.992 1964861.714 2255520.060 2439344.197 2609480.206 2670153.194 34622887.93
