years
 1997 1998 1999 2000 2001 2002 2003 2004 2005 2006 2007 2008 2009 2010 2011 2012 2013 2014 2015 2016 2017 2018 2019 2020
reclasobs
 0 0 0 370054 412103 1.49427e+06 250295 1.28982e+06 931140 785840 897777 1.04006e+06 184774 17550 25797 100020 73551 82996 120727 218422 84188 347160 605670 569463
reclaspred
 462122 120564 327363 219661 316058 356299 773359 537200 682028 733653 607484 408563 256606 115235 79619 75264 83115.6 106688 111002 171837 281399 265473 448872 532053
pelacesobs
 0 0 0 0 0 0 0 0 0 2.06254e+06 1.5e+06 0 1.87456e+06 323000 250000 174000 83755 137374 0 501740 490994 745055 786931 1.00524e+06
pelacespred
 864219 190588 321608 333574 418677 372002 983752 784924 930125 991414 724699 505703 319099 114962 81442.5 82422 95361.8 124310 130298 199876 372963 335052 467943 632195
mphobs
 0 0 0 0 0 0 112323 0 153150 637223 0 255016 313432 73983 77613 109348 50772 17779 17303 59886 28197 0 207744 136588
mphpred
 567956 324910 369774 393010 409186 621783 881591 1.03575e+06 945526 1.11794e+06 1.20615e+06 852944 505855 269063 120112 103789 108877 139480 174302 192774 344197 463692 571395 809385
desembarqueobs
 350755 77701 442110 56441 14545 235359 269955 359681 431902 328805 639364 411747 362871 311530 167758 66681 60226 58785 57116 73181 50977 67692 138656 160484
desembarquepred
 350760 77699.8 442097 56443.2 14545.2 235446 269999 359666 431876 328770 639485 411928 363055 311787 167721 66692.2 60257.9 58788.9 57108.4 73172.5 50974.9 67681.6 138651 160477
Reclutas
 42080.6 52214.2 27387 40278.4 65429 45432.6 80783.2 84568.8 127137 146338 65235.5 40191.6 46791.4 24413.8 17304.9 16020.4 11524.7 13257.5 15516.2 30940.4 43049.5 50597.2 76415.3 83707.7
log_desv_Rt
 0.00839243 0.22416 -0.421127 -0.0353798 0.449771 0.0850346 0.660575 0.706371 1.11407 1.25472 0.446809 -0.0375373 0.114504 -0.536045 -0.880203 -0.957331 -1.2867 -1.14663 -0.989307 -0.299132 0.0311571 0.192703 0.604988 0.696137
SSB
 567956 324910 369774 393010 409186 621783 857849 1.02407e+06 924272 1.09587e+06 1.20615e+06 852944 521450 280884 130376 113234 123445 151517 179608 208640 352724 463692 586582 795295
BT
 1.8303e+06 474005 816458 657869 761653 853537 1.94818e+06 1.80916e+06 2.06012e+06 2.08759e+06 1.86538e+06 1.28077e+06 925642 500657 285254 202329 220410 269940 282313 416705 709028 663132 933951 1.26483e+06
Ftot
 0.550699 0.490092 0.794937 0.171733 0.0338261 0.352354 0.239301 0.462519 0.491983 0.323047 0.572037 0.531317 0.865273 1.51009 1.47834 0.580656 0.47248 0.358712 0.313327 0.317808 0.128164 0.152755 0.183331 0.187102
BD_Bspro_t
 0.9332 0.700678 0.635828 0.470193 0.607497 0.752433 0.695662 0.706346 0.651876 0.644827 0.638295 0.480497 0.366241 0.266795 0.161162 0.171306 0.242656 0.359549 0.458729 0.555681 0.699144 0.798334 0.807052 0.805258
BD_Bspro
 0.66148 0.378412 0.430664 0.457727 0.476565 0.724171 0.999109 1.19271 1.07647 1.27633 1.40476 0.993397 0.607316 0.327137 0.151845 0.13188 0.143773 0.176467 0.209184 0.242996 0.410807 0.540047 0.683173 0.926255
BD_Bo
 0.433438 0.247956 0.282195 0.299928 0.312272 0.474516 0.654671 0.781526 0.705362 0.836318 0.920478 0.650928 0.397947 0.214358 0.0994971 0.0864147 0.0942079 0.115631 0.137069 0.159224 0.269183 0.353868 0.447652 0.606933
BD_Brms
 1.48097 0.847215 0.9642 1.02479 1.06697 1.62132 2.23687 2.67031 2.41007 2.85752 3.14508 2.22408 1.3597 0.732416 0.339961 0.295261 0.321889 0.395087 0.468334 0.544036 0.919742 1.20909 1.52953 2.07376
S_f
 0.169491 1 1 1 1
 0.169491 1 1 1 1
 0.169491 1 1 1 1
 0.169491 1 1 1 1
 0.169491 1 1 1 1
 0.169491 1 1 1 1
 0.169491 1 1 1 1
 0.169491 1 1 1 1
 0.169491 1 1 1 1
 0.169491 1 1 1 1
 0.169491 1 1 1 1
 0.169491 1 1 1 1
 0.169491 1 1 1 1
 0.169491 1 1 1 1
 0.169491 1 1 1 1
 0.169491 1 1 1 1
 0.169491 1 1 1 1
 0.169491 1 1 1 1
 0.169491 1 1 1 1
 0.169491 1 1 1 1
 0.169491 1 1 1 1
 0.169491 1 1 1 1
 0.169491 1 1 1 1
 0.169491 1 1 1 1
Scru_reclas
 0.926602 1 1 1 1
 0.926602 1 1 1 1
 0.926602 1 1 1 1
 0.926602 1 1 1 1
 0.926602 1 1 1 1
 0.926602 1 1 1 1
 0.926602 1 1 1 1
 0.926602 1 1 1 1
 0.926602 1 1 1 1
 0.926602 1 1 1 1
 0.926602 1 1 1 1
 0.926602 1 1 1 1
 0.926602 1 1 1 1
 0.926602 1 1 1 1
 0.926602 1 1 1 1
 0.926602 1 1 1 1
 0.926602 1 1 1 1
 0.926602 1 1 1 1
 0.926602 1 1 1 1
 0.926602 1 1 1 1
 0.926602 1 1 1 1
 0.926602 1 1 1 1
 0.926602 1 1 1 1
 0.926602 1 1 1 1
Scru_pelaces
 1 1 1 1 1
 1 1 1 1 1
 1 1 1 1 1
 1 1 1 1 1
 1 1 1 1 1
 1 1 1 1 1
 1 1 1 1 1
 1 1 1 1 1
 1 1 1 1 1
 1 1 1 1 1
 1 1 1 1 1
 1 1 1 1 1
 1 1 1 1 1
 1 1 1 1 1
 1 1 1 1 1
 1 1 1 1 1
 1 1 1 1 1
 1 1 1 1 1
 1 1 1 1 1
 1 1 1 1 1
 1 1 1 1 1
 1 1 1 1 1
 1 1 1 1 1
 1 1 1 1 1
pf_obs 
 0.256992 0.487395 0.22802 0.0275931 0
 0.321318 0.546541 0.124235 0.00734118 0.000564706
 0.182869 0.594174 0.210203 0.0122559 0.00049798
 0.330522 0.361315 0.267642 0.0388342 0.00168674
 0.649043 0.306663 0.0425973 0.00169635 0
 0.582887 0.30429 0.105238 0.00758474 0
 0.465427 0.430635 0.0974691 0.00646863 0
 0.296916 0.608066 0.0921331 0.00288517 0
 0.311714 0.524322 0.152257 0.0117073 0
 0.15457 0.633149 0.183074 0.0267441 0.00246327
 0.131901 0.49318 0.331252 0.0422183 0.00144891
 0.196976 0.569456 0.194076 0.0375587 0.00193317
 0.518974 0.381816 0.0799577 0.0180837 0.00116848
 0.0928022 0.601141 0.25162 0.0475244 0.00691264
 0.122501 0.610282 0.24278 0.0234846 0.000952079
 0.383417 0.481906 0.127806 0.00687128 0
 0.0376549 0.599619 0.316969 0.0457579 0
 0.0361596 0.667082 0.258105 0.0386534 0
 0.158088 0.579412 0.248529 0.0139706 0
 0.0477256 0.309471 0.559284 0.082774 0.000745712
 0.0406174 0.521527 0.379366 0.0568643 0.0016247
 0.151134 0.462217 0.34131 0.0453401 0
 0.294876 0.26143 0.354403 0.0886775 0.000613685
 0.281977 0.475581 0.204845 0.0348837 0.00271318
pf_pred 
 0.319036 0.478968 0.180486 0.0215003 1.0134e-05
 0.301583 0.546915 0.106562 0.0401549 0.0047857
 0.162522 0.639361 0.155141 0.030228 0.0127481
 0.277649 0.45438 0.204579 0.0496412 0.0137512
 0.29119 0.50386 0.12892 0.0580445 0.0179861
 0.161071 0.596619 0.172247 0.0440718 0.0259914
 0.286692 0.408495 0.216773 0.0625834 0.0254565
 0.241088 0.551295 0.118898 0.0630947 0.0256252
 0.315777 0.479468 0.148739 0.0320787 0.0239366
 0.270763 0.565454 0.114771 0.0356039 0.0134085
 0.123347 0.63004 0.191225 0.0388133 0.016575
 0.127123 0.456412 0.299308 0.090844 0.0263129
 0.234021 0.403168 0.189707 0.124407 0.0486962
 0.194971 0.591503 0.112388 0.052883 0.0482545
 0.273021 0.551089 0.129237 0.0245555 0.0220974
 0.290761 0.586343 0.093162 0.0218476 0.00788671
 0.195836 0.613023 0.158021 0.0251073 0.00801345
 0.23701 0.490888 0.207426 0.0534688 0.011207
 0.245288 0.51701 0.152932 0.0646217 0.0201491
 0.356632 0.443917 0.136633 0.040416 0.0224028
 0.293641 0.559334 0.101446 0.0312238 0.0143556
 0.238401 0.550304 0.167314 0.0303456 0.0136343
 0.273108 0.483307 0.176006 0.0535129 0.0140663
 0.225883 0.547533 0.150655 0.054864 0.0210655
pobs_RECLAS
 0 0 0 0 0
 0 0 0 0 0
 0 0 0 0 0
 0 0 0 0 0
 0.835266 0.146461 0.0176864 0.000547809 3.91292e-05
 0.385257 0.428462 0.181853 0.0044286 0
 0.867414 0.0963971 0.0333333 0.00285562 0
 0.441836 0.489002 0.0689373 0.000224442 0
 0.779404 0.147425 0.0564933 0.0165055 0.000172143
 0.814271 0.122319 0.05973 0.00367925 0
 0.40263 0.566651 0.0304383 0.000280538 0
 0.475488 0.404961 0.113038 0.00651328 0
 0.955842 0.0263864 0.0167828 0.000988607 0
 0.975058 0.0227948 0.00214734 0 0
 0.738997 0.206755 0.0527124 0.00153531 0
 0.850938 0.134255 0.0134407 0.00136685 0
 0.542534 0.407297 0.0501686 0 0
 0.764087 0.199537 0.0359546 0.000420521 0
 0.470689 0.182191 0.310203 0.0369168 0
 0.84361 0.089868 0.0606195 0.00523954 0.000663233
 0.607945 0.314616 0.071237 0.00620181 0
 0.523733 0.453247 0.0230204 0 0
 0.530135 0.295979 0.169645 0.0042399 0
 0.562478 0.366248 0.0663022 0.0049721 0
ppred_RECLAS
 0.726866 0.192113 0.0723926 0.00862376 4.06475e-06
 0.709275 0.22766 0.0443577 0.016715 0.00199211
 0.530393 0.358515 0.0869939 0.01695 0.00714837
 0.679611 0.201534 0.090738 0.0220176 0.00609917
 0.692276 0.218746 0.0559694 0.0251995 0.00780851
 0.517551 0.343102 0.0990551 0.0253447 0.014947
 0.690181 0.177426 0.0941533 0.0271825 0.0110568
 0.641659 0.260309 0.056141 0.0297919 0.0120996
 0.722832 0.194225 0.0602519 0.0129946 0.00969634
 0.674274 0.252569 0.0512643 0.0159031 0.00598911
 0.444683 0.3991 0.121132 0.0245863 0.0104995
 0.452298 0.286384 0.187806 0.0570017 0.0165105
 0.641843 0.188514 0.0887035 0.0581704 0.0227694
 0.607958 0.288057 0.0547319 0.0257536 0.0234996
 0.705254 0.223433 0.0523977 0.00995576 0.00895917
 0.700155 0.247888 0.0393861 0.00923649 0.00333426
 0.578741 0.32113 0.0827785 0.0131524 0.00419782
 0.634566 0.235111 0.0993468 0.0256089 0.00536757
 0.644219 0.243725 0.0720939 0.0304635 0.00949855
 0.755459 0.168731 0.0519334 0.0153619 0.00851519
 0.695883 0.240817 0.0436766 0.0134432 0.00618069
 0.633096 0.265112 0.0806047 0.0146192 0.00656837
 0.674794 0.216228 0.0787439 0.0239413 0.00629314
 0.61713 0.270804 0.074512 0.0271351 0.0104188
pobs_PELACES
 0 0 0 0 0
 0 0 0 0 0
 0 0 0 0 0
 0 0 0 0 0
 0 0 0 0 0
 0 0 0 0 0
 0 0 0 0 0
 0 0 0 0 0
 0 0 0 0 0
 0 0 0 0 0
 0.450072 0.473896 0.0757376 0.000293798 0
 0 0 0 0 0
 0.463077 0.371075 0.160297 0.00555027 0
 0.529543 0.364841 0.0842815 0.0213345 0
 0.631943 0.363953 0.00410389 0 0
 0.735681 0.248677 0.0153453 0.000297389 0
 0.695825 0.281241 0.0229344 0 0
 0.275771 0.60734 0.115278 0.00161068 0
 0 0 0 0 0
 0.896147 0.0623911 0.0374545 0.00400742 0
 0.803859 0.145111 0.0509908 3.86294e-05 0
 0.739449 0.233085 0.0266225 0.000797448 4.60066e-05
 0.878498 0.100942 0.0204185 0.000141795 0
 0.694673 0.275183 0.0284847 0.00165964 0
ppred_PELACES
 0.76958 0.16207 0.0610715 0.00727514 3.42909e-06
 0.750712 0.195212 0.0380354 0.0143326 0.00170817
 0.602483 0.303479 0.0736394 0.014348 0.00605102
 0.705844 0.185033 0.0833086 0.0202149 0.00559978
 0.710186 0.206015 0.052712 0.0237329 0.00735407
 0.560461 0.312586 0.0902449 0.0230905 0.0136176
 0.719662 0.160543 0.0851943 0.024596 0.0100047
 0.686878 0.22746 0.0490565 0.0260324 0.0105728
 0.763077 0.166024 0.0515034 0.0111078 0.00828844
 0.709375 0.225352 0.04574 0.0141893 0.00534372
 0.502707 0.357398 0.108475 0.0220173 0.0094024
 0.507614 0.25746 0.168838 0.0512447 0.014843
 0.71028 0.152492 0.0717538 0.0470551 0.0184186
 0.716839 0.208056 0.0395313 0.0186011 0.0169731
 0.794757 0.155585 0.0364865 0.00693258 0.00623862
 0.747138 0.209046 0.0332146 0.00778921 0.00281181
 0.627927 0.283635 0.0731135 0.0116168 0.00370769
 0.674014 0.209731 0.0886224 0.0228444 0.00478815
 0.680447 0.218907 0.0647528 0.0273614 0.00853134
 0.784363 0.148787 0.0457951 0.0135462 0.00750873
 0.718923 0.222572 0.0403677 0.0124247 0.00571244
 0.660072 0.24562 0.0746782 0.0135443 0.00608543
 0.701913 0.198196 0.0721774 0.0219448 0.00576835
 0.646776 0.249836 0.0687426 0.025034 0.00961205
pobs_pel_tallas
 0 0 0 0 0 0 0 0 0 0 0 0 0 0 0 0 0 0 0 0 0 0 0 0 0 0 0 0 0 0 0 0 0 0 0 0
 0 0 0 0 0 0 0 0 0 0 0 0 0 0 0 0 0 0 0 0 0 0 0 0 0 0 0 0 0 0 0 0 0 0 0 0
 0 0 0 0 0 0 0 0 0 0 0 0 0 0 0 0 0 0 0 0 0 0 0 0 0 0 0 0 0 0 0 0 0 0 0 0
 0 0 0 0 0 0 0 0 0 0 0 0 0 0 0 0 0 0 0 0 0 0 0 0 0 0 0 0 0 0 0 0 0 0 0 0
 0 0 0 0 0 0 0 0 0 0 0 0 0 0 0 0 0 0 0 0 0 0 0 0 0 0 0 0 0 0 0 0 0 0 0 0
 0 0 0 0 0 0 0 0 0 0 0 0 0 0 0 0 0 0 0 0 0 0 0 0 0 0 0 0 0 0 0 0 0 0 0 0
 0 0 0 0 0 0 0 0 0 0 0 0 0 0 0 0 0 0 0 0 0 0 0 0 0 0 0 0 0 0 0 0 0 0 0 0
 0 0 0 0 0 0 0 0 0 0 0 0 0 0 0 0 0 0 0 0 0 0 0 0 0 0 0 0 0 0 0 0 0 0 0 0
 0 0 0 0 0 0 0 0 0 0 0 0 0 0 0 0 0 0 0 0 0 0 0 0 0 0 0 0 0 0 0 0 0 0 0 0
 0 0 0 0 0 0 0 0 0 0 0 0 0 0 0 0 0 0 0 0 0 0 0 0 0 0 0 0 0 0 0 0 0 0 0 0
 0 0 0 0 0 0 0 0 1.78061e-05 0.00172719 0.00360574 0.0105946 0.0120993 0.0124554 0.0147524 0.0171206 0.0266825 0.0428682 0.0675386 0.121331 0.153587 0.119568 0.100827 0.0573624 0.0630603 0.0341343 0.0324427 0.0444173 0.0211091 0.0280891 0.0125444 0.00206551 0 0 0 0
 0 0 0 0 0 0 0 0 0 0 0 0 0 0 0 0 0 0 0 0 0 0 0 0 0 0 0 0 0 0 0 0 0 0 0 0
 0 0 0 0 0 0 0.0133647 0.0140871 0.0187388 0.0205184 0.03894 0.0496705 0.03968 0.0493445 0.0407372 0.0367815 0.0215668 0.0243155 0.0234873 0.0199281 0.019796 0.0243948 0.0301388 0.0376714 0.0412746 0.0863199 0.0771752 0.113111 0.0741005 0.0525337 0.0229764 0.00759418 0.00175318 0 0 0
 0 0 0 0 0 0 0 0 0 0 0.00219441 0.00772107 0.0458388 0.0604681 0.0671733 0.0775358 0.0609151 0.0617685 0.073594 0.0568108 0.0755445 0.0548602 0.0670107 0.0636378 0.0643287 0.046367 0.0373049 0.0286899 0.0247887 0.0153202 0.00654259 0.00121912 0.000365735 0 0 0
 0 0 0 0 0 0 0 0 0 0 0 0 0.000112435 0.00938835 0.0111873 0.0202946 0.0414886 0.0713402 0.111592 0.104902 0.108894 0.110636 0.117776 0.105296 0.107544 0.0401394 0.0192827 0.0124803 0.00416011 0.0028671 0.000618394 0 0 0 0 0
 0 0 0 0 0 0 0 0 0 0 0.00291406 0.0102884 0.027416 0.0768956 0.0749926 0.110853 0.0956884 0.0897413 0.0766577 0.0534642 0.0500743 0.0551293 0.0594112 0.0620874 0.0668451 0.0424026 0.0208742 0.0120726 0.0048766 0.00582813 0.00118941 0.000297354 0 0 0 0
 0 0.00264628 0.0354308 0.0461629 0.0458689 0.0383711 0.0214643 0.0164657 0.0346957 0.0420465 0.0363128 0.0245516 0.0311673 0.0291091 0.0169068 0.0133784 0.00837989 0.0085269 0.0148486 0.0160247 0.0276389 0.0546898 0.0760071 0.122758 0.109233 0.0665981 0.0333725 0.0166128 0.00676272 0.00308733 0.000882094 0 0 0 0 0
 0 0 0 0 0 0 0 0.000805153 0.000690131 0.00759144 0.0133425 0.0154129 0.00931677 0.000345066 0.00356568 0.00563607 0.00851162 0.0253048 0.0502646 0.0516448 0.0657925 0.0565908 0.0611916 0.0827007 0.0866115 0.110766 0.145733 0.0935128 0.0569358 0.0249597 0.0138026 0.00621118 0.00161031 0.00115022 0 0
 0 0 0 0 0 0 0 0 0 0 0 0 0 0 0 0 0 0 0 0 0 0 0 0 0 0 0 0 0 0 0 0 0 0 0 0
 0.00147267 0.00158595 0.00478618 0.00569244 0.00954404 0.0108468 0.00647125 0.017049 0.0510054 0.094081 0.124002 0.0959785 0.0687766 0.0820023 0.061753 0.0591476 0.0492212 0.0479892 0.0443925 0.0268479 0.0217502 0.0140895 0.0121071 0.0120363 0.00920419 0.00665534 0.0049561 0.00860946 0.00930331 0.0156896 0.0114698 0.00855282 0.00243557 0.00046729 0 2.83206e-05
 0 0 0 0 0.000772559 0.00158375 0.000888443 0.00281984 0.00712685 0.0440552 0.0773331 0.111326 0.0921469 0.0852325 0.0710754 0.0886704 0.0786465 0.0553345 0.0373146 0.0185414 0.00753245 0.00457741 0.012979 0.0271748 0.0457355 0.0583668 0.034881 0.0177882 0.00938659 0.00492506 0.0015258 0.00185414 0.000309023 5.79419e-05 3.86279e-05 0
 0 0.00173294 0.00326652 0 0.00397197 0.00683976 0.00946217 0.0152591 0.00757587 0.0136028 0.0228656 0.0392903 0.0559909 0.0764795 0.0681675 0.0726916 0.0566044 0.0477403 0.0527397 0.0444891 0.0609904 0.0582453 0.0661739 0.0445044 0.0529084 0.0360697 0.0280645 0.0235558 0.0158879 0.00826598 0.00280645 0.00217768 0.000904811 0.00058276 9.20147e-05 0
 0 0 0 0 0 0 0 0 0 0 0 0 0 0 0 0 0 0 0 0 0 0 0 0 0 0 0 0 0 0 0 0 0 0 0 0
 0 0 0 0 0 0 0 0 0 0 0 0 0 0 0 0 0 0 0 0 0 0 0 0 0 0 0 0 0 0 0 0 0 0 0 0
ppred_pel_tallas
 1.0117e-16 3.35766e-05 0.00019707 0.00093679 0.0036067 0.0112472 0.0284094 0.0581294 0.0963555 0.129401 0.140811 0.124197 0.0888863 0.0518382 0.0250901 0.0109374 0.00571003 0.00508885 0.00642678 0.0085597 0.0110079 0.0134777 0.0156968 0.0174104 0.0184251 0.0186489 0.0181083 0.0169328 0.0153162 0.013468 0.0115708 0.00975591 0.00809869 0.00662883 0.00534758 0.00424356
 1.01176e-16 3.27552e-05 0.000192245 0.000913842 0.00351834 0.0109716 0.0277134 0.0567055 0.0939963 0.126236 0.137375 0.121186 0.0867744 0.0506929 0.0246966 0.0110389 0.00615291 0.00583275 0.00749214 0.00997525 0.012776 0.015555 0.0179881 0.0197753 0.0206971 0.0206633 0.0197315 0.0180855 0.0159841 0.0136985 0.011457 0.00941432 0.00764575 0.00616293 0.00493849 0.00392989
 1.0192e-16 2.62962e-05 0.000154315 0.000733495 0.00282391 0.00880604 0.0222436 0.0455146 0.0754505 0.101343 0.110321 0.0974066 0.0699345 0.0412333 0.0207946 0.0104954 0.00754123 0.00860636 0.0116237 0.0156115 0.0200356 0.024429 0.0282981 0.0311755 0.032715 0.032769 0.0314176 0.0289366 0.0257198 0.0221824 0.0186775 0.0154472 0.012615 0.0102079 0.00819354 0.00651581
 1.022e-16 3.07984e-05 0.000180758 0.000859232 0.00330808 0.0103159 0.0260572 0.0533167 0.0883792 0.118693 0.129168 0.113951 0.0816038 0.0476931 0.0232756 0.010476 0.00594922 0.00575112 0.00746233 0.010009 0.0129268 0.0159046 0.0186385 0.0208383 0.0222782 0.0228426 0.0225451 0.0215123 0.0199418 0.0180497 0.0160251 0.0140055 0.0120725 0.010265 0.00859746 0.00707578
 1.01975e-16 3.09885e-05 0.000181872 0.000864525 0.00332845 0.0103794 0.0262177 0.0536452 0.0889242 0.119427 0.12997 0.114668 0.082137 0.0480445 0.0235204 0.0107082 0.0062463 0.00616669 0.00802852 0.0107358 0.0137966 0.0168665 0.019608 0.0217048 0.0229206 0.0231509 0.0224417 0.0209687 0.0189848 0.0167562 0.0145079 0.0123924 0.0104864 0.00880685 0.00733633 0.00604642
 1.02813e-16 2.44642e-05 0.000143559 0.000682358 0.00262702 0.00819204 0.0206926 0.0423414 0.0701912 0.0942821 0.102643 0.0906461 0.0651224 0.0384804 0.0195631 0.0101327 0.00760684 0.00890638 0.0121154 0.0163154 0.0209897 0.0256689 0.0298495 0.03305 0.034909 0.0352635 0.0341799 0.0319215 0.0288713 0.0254348 0.0219573 0.0186767 0.0157166 0.01311 0.0108366 0.00885657
 1.02575e-16 3.13999e-05 0.000184291 0.000876036 0.00337279 0.0105177 0.0265669 0.0543594 0.0901068 0.121011 0.131684 0.116155 0.0831482 0.0485276 0.0235559 0.010388 0.00560194 0.00516965 0.00662611 0.0088906 0.0115182 0.0142324 0.0167702 0.0188793 0.0203589 0.0210993 0.0210983 0.020448 0.0193006 0.0178252 0.016171 0.0144481 0.0127256 0.0110423 0.00942231 0.00788677
 1.0216e-16 2.9973e-05 0.000175908 0.000836169 0.00321926 0.0100389 0.0253577 0.0518857 0.0860084 0.115513 0.125718 0.110932 0.0794959 0.0465697 0.022929 0.0106592 0.0065212 0.00668529 0.00879085 0.0117659 0.0151088 0.0184486 0.0214147 0.0236597 0.0249268 0.0251059 0.0242546 0.0225739 0.0203497 0.0178805 0.0154166 0.013125 0.0110858 0.00931079 0.00777295 0.00643305
 1.01555e-16 3.32932e-05 0.000195406 0.000928877 0.00357623 0.0111522 0.0281694 0.0576384 0.0955417 0.128309 0.139623 0.123152 0.0881446 0.0514177 0.024909 0.0108965 0.00574299 0.00516693 0.00654322 0.00871512 0.0112024 0.0137077 0.0159547 0.0176859 0.0187079 0.0189321 0.0183912 0.0172219 0.0156249 0.0138133 0.011969 0.0102182 0.0086277 0.00721693 0.00597773 0.00489193
 1.01461e-16 3.09539e-05 0.000181667 0.000863548 0.00332468 0.0103677 0.026188 0.0535847 0.0888244 0.119294 0.12983 0.114555 0.0820777 0.0480541 0.023607 0.0108848 0.00653592 0.00659961 0.00863422 0.0115323 0.01478 0.0180026 0.0208291 0.0229136 0.0240025 0.0239907 0.0229434 0.0210709 0.0186704 0.0160527 0.0134803 0.0111302 0.00908905 0.00737043 0.00594345 0.00476018
 1.02853e-16 2.19477e-05 0.00012878 0.000612091 0.00235646 0.00734829 0.0185615 0.0379812 0.0629655 0.0845836 0.0921034 0.0813836 0.0585665 0.0348048 0.0180606 0.00995082 0.00819532 0.0100586 0.013827 0.0186487 0.0239929 0.0293361 0.0341032 0.037742 0.0398365 0.0401988 0.0389032 0.0362514 0.0326835 0.0286677 0.024605 0.0207747 0.0173259 0.0143027 0.0116859 0.00943178
 1.04935e-16 2.21578e-05 0.000130022 0.000618015 0.0023793 0.00741955 0.0187413 0.0383485 0.0635717 0.0853894 0.0929586 0.0820866 0.0589579 0.0348085 0.0176452 0.00906397 0.0067307 0.00786958 0.0107705 0.0146406 0.0190629 0.0236687 0.028052 0.0318056 0.0345956 0.0362244 0.0366584 0.0360106 0.0344896 0.0323355 0.0297667 0.0269515 0.0240069 0.021015 0.0180437 0.015161
 1.03546e-16 3.09905e-05 0.000181888 0.000864614 0.00332881 0.0103806 0.0262205 0.0536506 0.0889317 0.119432 0.129965 0.114636 0.0820537 0.0478752 0.0232139 0.0101946 0.00543806 0.00496855 0.00635514 0.00853674 0.0110837 0.0137363 0.0162502 0.018391 0.0199721 0.0208898 0.0211383 0.0207962 0.0199932 0.0188708 0.0175484 0.0161085 0.0145979 0.0130408 0.011456 0.00986837
 1.02062e-16 3.12786e-05 0.000183575 0.000872623 0.00335963 0.0104767 0.0264633 0.0541477 0.0897572 0.120545 0.131187 0.115741 0.0829037 0.0484892 0.0237307 0.0107906 0.00627412 0.00617378 0.00802328 0.0107136 0.0137457 0.0167706 0.0194481 0.0214617 0.022579 0.0227029 0.0218909 0.0203314 0.0182899 0.016042 0.013817 0.0117656 0.00995702 0.00839644 0.00705281 0.00588449
 1.01099e-16 3.46741e-05 0.000203515 0.000967427 0.00372467 0.011615 0.0293386 0.0600305 0.0995064 0.133632 0.145411 0.128246 0.0917656 0.0534804 0.0258151 0.0111325 0.00563423 0.00485214 0.00604747 0.00801779 0.010274 0.0125262 0.0145125 0.0159926 0.0167897 0.0168286 0.016151 0.0148981 0.0132715 0.0114829 0.00971162 0.00807979 0.00664843 0.00542939 0.00440465 0.00354466
 1.00939e-16 3.25999e-05 0.000191332 0.0009095 0.00350161 0.0109194 0.0275817 0.0564361 0.0935501 0.125638 0.136728 0.120623 0.0863878 0.0505011 0.0246664 0.011132 0.00635297 0.00614606 0.00793514 0.0105611 0.013504 0.0164037 0.0189129 0.0207107 0.0215654 0.0213862 0.0202433 0.0183441 0.0159773 0.0134436 0.0109959 0.00880417 0.00694935 0.00543963 0.0042379 0.00328848
 1.01703e-16 2.74048e-05 0.000160825 0.000764451 0.00294311 0.00917776 0.0231825 0.0474355 0.0786339 0.105616 0.114965 0.101488 0.0728235 0.0428541 0.0214594 0.0105806 0.00729059 0.0081129 0.0108919 0.0146171 0.0187606 0.0228791 0.0265095 0.0292134 0.0306656 0.030726 0.0294671 0.0271446 0.0241255 0.0207978 0.0174927 0.0144389 0.0117554 0.00947097 0.00755911 0.00596981
 1.02336e-16 2.94115e-05 0.000172613 0.000820506 0.00315896 0.0098509 0.0248826 0.0509137 0.0843969 0.113348 0.12336 0.108846 0.0779901 0.0456662 0.0224455 0.0103722 0.00626746 0.00637629 0.00839042 0.0112724 0.0145501 0.0178828 0.0209282 0.023358 0.0249186 0.0254825 0.0250702 0.0238309 0.0219948 0.0198118 0.0175002 0.0152169 0.0130538 0.0110518 0.00922248 0.00756712
 1.0233e-16 2.96923e-05 0.000174261 0.000828339 0.00318912 0.00994494 0.0251202 0.0513998 0.0852028 0.114431 0.124539 0.109889 0.0787432 0.0461182 0.0226874 0.0105158 0.006394 0.00652962 0.00858778 0.0115133 0.014819 0.0181487 0.0211459 0.0234738 0.024878 0.0252417 0.024606 0.0231481 0.0211273 0.0188182 0.0164541 0.0141947 0.0121232 0.0102624 0.00860152 0.00711943
 1.01515e-16 3.42206e-05 0.000200853 0.000954774 0.00367595 0.0114631 0.0289549 0.0592453 0.0982047 0.131883 0.143508 0.126566 0.0905597 0.0527703 0.0254592 0.0109575 0.00551682 0.00472875 0.00589391 0.00783163 0.0100677 0.0123258 0.014357 0.0159309 0.016874 0.0171067 0.0166569 0.0156457 0.0142505 0.0126594 0.0110328 0.00948152 0.00806346 0.00679543 0.00567046 0.00467364
 1.0134e-16 3.13701e-05 0.000184111 0.000875167 0.00336942 0.0105072 0.0265404 0.0543056 0.0900193 0.120898 0.131575 0.11609 0.0831696 0.0486767 0.0238818 0.0109588 0.00650751 0.00651106 0.00849334 0.0113329 0.0145127 0.0176596 0.0204067 0.0224129 0.0234295 0.023356 0.022261 0.0203573 0.0179434 0.0153307 0.012781 0.0104703 0.0084829 0.0068291 0.00547406 0.00436548
 1.0189e-16 2.8805e-05 0.000169049 0.000803556 0.00309369 0.00964733 0.0243685 0.049862 0.0826546 0.111012 0.120826 0.106632 0.0764504 0.0448588 0.0222232 0.0105615 0.0067748 0.00719388 0.00955362 0.0128155 0.0164748 0.0201386 0.023405 0.0258933 0.0273179 0.0275493 0.0266397 0.024797 0.0223251 0.0195472 0.0167403 0.0140979 0.0117231 0.00964691 0.00785595 0.0063194
 1.02113e-16 3.06275e-05 0.000179753 0.000854454 0.00328967 0.0102585 0.0259123 0.0530202 0.0878881 0.118035 0.128455 0.113329 0.0811743 0.0474741 0.023228 0.0105543 0.00613079 0.00603772 0.00786683 0.0105416 0.013585 0.0166665 0.0194614 0.0216615 0.0230315 0.0234578 0.0229684 0.0217141 0.0199213 0.017833 0.0156588 0.0135461 0.0115771 0.00978244 0.00816338 0.00671109
 1.02367e-16 2.82253e-05 0.000165646 0.000787374 0.00303138 0.00945304 0.0238777 0.0488579 0.0809905 0.108777 0.118396 0.104493 0.0749288 0.0439896 0.0218367 0.0104517 0.00680245 0.00729724 0.00971778 0.0130441 0.0167754 0.0205163 0.0238615 0.0264265 0.0279236 0.0282235 0.0273796 0.0256023 0.0231966 0.0204844 0.0177391 0.0151475 0.0128053 0.0107362 0.00892252 0.00733244
pSPR Fmed_Fpbrs
0.449232   0.342672 0.342672
Fs Fmed_Fpbrs
0.64   1.005 1.005
SSBpbr Bo_Bmed_Bpbrs
1.31035e+06  523134  383504 383504
Ro
41728.9
SPR SPRFo_SPRFmed_SPRFpbrs
858614 385717 294223
log_Ro
10.4589
likeval ReclasPelacesDesembMPH_pf_preclas_ppelaces_ptallas_desvR_qrecl_qpela
 68.5022 50.8771 0.00884619 66.7981 308.244 175.503 46.2831 0 15.7073 3.17763e-05 0 0 0 0 0
q_reclas_q_pelaces
0.449871 1
M
0.7
N
 42080.6 12953.7 4881.23 581.476 0.274075
 52214.2 19034.4 3708.7 1397.52 166.558
 27387 23862 5790.14 1128.16 475.781
 40278.4 11885.7 5351.36 1298.51 359.704
 65429 19427.8 4970.89 2238.08 693.51
 45432.6 32305.3 9326.7 2386.37 1407.36
 80783.2 21253.2 11278.3 3256.09 1324.45
 84568.8 38521.2 8307.9 4408.69 1790.54
 127137 38829.2 12045.5 2597.86 1938.48
 146338 58083.4 11789.3 3657.24 1377.32
 65235.5 68797.2 20880.9 4238.22 1809.91
 40191.6 29401.6 19281.1 5852.08 1695.05
 46791.4 18239.8 8582.55 5628.31 2203.07
 24413.8 20066.3 3812.67 1794.02 1637
 17304.9 9385.85 2201.09 418.215 376.351
 16020.4 6688.74 1062.75 249.228 89.9681
 11524.7 7209.84 1858.5 295.291 94.2472
 13257.5 5282.55 2232.15 575.389 120.6
 15516.2 6195.15 1832.53 774.339 241.44
 30940.4 7306.62 2248.9 665.224 368.737
 43049.5 14558.8 2640.51 812.721 373.66
 50597.2 20918.4 6360.03 1153.51 518.271
 76415.3 24483.7 8916.24 2710.89 712.578
 83707.7 36785.7 10121.6 3686 1415.27
pred_Ctot
 2711.44 4070.68 1533.92 182.728 0.0861278
 3007.54 5454.13 1062.69 400.446 47.7255
 2502.06 9843.1 2388.43 465.367 196.26
 832.387 1362.22 613.323 148.823 41.2259
 269.089 465.618 119.135 53.639 16.621
 1900.71 7040.37 2032.59 520.067 306.71
 2314.62 3298.01 1750.13 505.271 205.524
 4606.48 10533.6 2271.79 1205.55 489.622
 7350.34 11160.6 3462.2 746.695 557.172
 5625.16 11747.4 2384.39 739.679 278.564
 4359.43 22267.5 6758.47 1371.77 585.81
 2502.15 8983.46 5891.22 1788.06 517.912
 4629.25 7975.2 3752.66 2460.94 963.275
 4023.61 12206.8 2319.33 1091.34 995.824
 2798.38 5648.51 1324.64 251.687 226.492
 1086.02 2190.06 347.971 81.6031 29.4577
 640.798 2005.88 517.062 82.1542 26.2209
 564.382 1168.93 493.936 127.323 26.6867
 578.91 1220.21 360.938 152.515 47.5545
 1170.5 1456.98 448.442 132.649 73.5282
 666.11 1268.82 230.124 70.8297 32.5649
 931.4 2149.96 653.674 118.556 53.2671
 1684.38 2980.77 1085.51 330.038 86.7529
 1882.55 4563.26 1255.59 457.248 175.564
F
 0.0933383 0.550699 0.550699 0.550699 0.550699
 0.0830661 0.490092 0.490092 0.490092 0.490092
 0.134734 0.794937 0.794937 0.794937 0.794937
 0.0291072 0.171733 0.171733 0.171733 0.171733
 0.00573321 0.0338261 0.0338261 0.0338261 0.0338261
 0.0597207 0.352354 0.352354 0.352354 0.352354
 0.0405593 0.239301 0.239301 0.239301 0.239301
 0.0783927 0.462519 0.462519 0.462519 0.462519
 0.0833866 0.491983 0.491983 0.491983 0.491983
 0.0547534 0.323047 0.323047 0.323047 0.323047
 0.0969549 0.572037 0.572037 0.572037 0.572037
 0.0900532 0.531317 0.531317 0.531317 0.531317
 0.146656 0.865273 0.865273 0.865273 0.865273
 0.255946 1.51009 1.51009 1.51009 1.51009
 0.250565 1.47834 1.47834 1.47834 1.47834
 0.0984157 0.580656 0.580656 0.580656 0.580656
 0.0800809 0.47248 0.47248 0.47248 0.47248
 0.0607984 0.358712 0.358712 0.358712 0.358712
 0.0531061 0.313327 0.313327 0.313327 0.313327
 0.0538654 0.317808 0.317808 0.317808 0.317808
 0.0217226 0.128164 0.128164 0.128164 0.128164
 0.0258905 0.152755 0.152755 0.152755 0.152755
 0.0310729 0.183331 0.183331 0.183331 0.183331
 0.0317121 0.187102 0.187102 0.187102 0.187102
Np
 29534.2 12369.2 7320.07 2753.87 895.466
YTP_r0W_actual
 76172.4 337092 134245 63999.1 30033.7
YTP_p0W_proyectada
 27547.4 419524 229436 80620.8 45999.8
 27547.4 128858 110856 53260.3 19218.7
CTP_r0_actual
 9521.55 17741.7 4881.65 1777.75 682.585
CTP_p0_proyectada
 3359.44 19422.4 7306.87 2010.49 1033.7
 3359.44 5965.65 3530.46 1328.19 431.882
Wmedp
 8.2 21.6 31.4 40.1 44.5
nmprior
 10.8 10.6 4.6 0
nm_flota  nm_reclas  nm_pelaces    nm_pelaL
inf 18.1031 19.572 35.4783
cv_recla  cv_pelaces  cv_mph
0.766265 0.839316 1.15584
 ------------------------------------------------
Talla a la edad & desviaci?n 
 7.2 14.2025 17.0495 18.207 18.6776
 1.08 2.13037 2.55742 2.73105 2.80164
