years
 1997 1998 1999 2000 2001 2002 2003 2004 2005 2006 2007 2008 2009 2010 2011 2012 2013 2014 2015 2016 2017 2018 2019 2020 2021 2022 2023
reclasobs
 0 0 0 370054 412103 1.49427e+06 250295 1.28982e+06 931140 785840 897777 1.04006e+06 184774 17550 25797 100020 73551 82996 120727 218422 84188 347160 605670 569463 516374 1.08416e+06 1.01767e+06
reclaspred
 2.90675e+06 689200 1.47393e+06 600694 298558 1.07577e+06 4.23638e+06 3.14299e+06 3.63319e+06 3.24337e+06 4.50225e+06 4.55725e+06 3.31213e+06 2.08239e+06 1.32214e+06 748780 533343 508649 512738 603860 490588 555068 1.27948e+06 1.38143e+06 1.86097e+06 1.78698e+06 2.1649e+06
pelacesobs
 0 0 0 0 0 0 0 0 0 2.06254e+06 1.5e+06 0 1.87456e+06 323000 250000 174000 83755 137374 0 501740 490994 745055 786931 1.00524e+06 1.33801e+06 1.41789e+06 0
pelacespred
 2.38968e+06 876516 514764 477102 212736 430381 1.50747e+06 2.22692e+06 2.20223e+06 2.07103e+06 2.6951e+06 2.73923e+06 2.09869e+06 1.39022e+06 840682 481464 325105 281399 298173 323114 310840 309220 550849 775853 973908 1.04193e+06 1.17612e+06
mphobs
 0 0 0 0 0 0 112323 0 153150 637223 0 255016 313432 73983 77613 109348 50772 17779 17303 59886 28197 0 207744 136588 643089 65757 70829
mphpred
 1.90948e+06 1.50622e+06 883111 820502 364091 314067 2.61829e+06 2.72156e+06 3.6263e+06 2.90153e+06 3.4876e+06 4.57064e+06 3.31733e+06 2.34204e+06 1.3944e+06 773998 445897 407409 417643 505962 449277 414774 822122 1.12787e+06 1.43551e+06 1.46512e+06 1.51091e+06
desembarqueobs
 350755 77701 442110 56441 14545 235359 269955 359681 431902 328805 639364 411747 362871 311530 167758 66681 60226 58785 57116 73181 50977 67692 138656 160484 209506 203330 245020
desembarquepred
 330407 78471.8 167825 68396.6 33993.5 122116 482351 357262 413577 368909 512026 518831 377006 237100 150540 85252.3 60684.3 57886.6 58324 68747.1 55821.2 63106.7 145613 157142 211807 203351 246194
Reclutas
 203718 4456.64 606.398 424.598 1177.02 412871 8496.23 416520 75322.5 327152 484534 60161.3 109523 7728.58 2917.01 6112.56 29155.7 18295.9 46780.6 7444.58 26481.3 113717 78879.8 136542 56920.9 96235 269502
log_desv_Rt
 1.85532 -1.96703 -3.96164 -4.31803 -3.29844 2.56171 -1.3218 2.57051 0.860357 2.329 2.72177 0.635608 1.23471 -1.4165 -2.39086 -1.65108 -0.0887708 -0.554746 0.384048 -1.45394 -0.184983 1.27229 0.906504 1.45521 0.58024 1.10537 2.13516
SSB
 1.90948e+06 1.50622e+06 883111 820502 364091 314067 2.55539e+06 2.69979e+06 3.56806e+06 2.85512e+06 3.4876e+06 4.57064e+06 3.37148e+06 2.38032e+06 1.44036e+06 819185 487345 434637 427879 539844 460297 414774 842306 1.10981e+06 1.53149e+06 1.6014e+06 1.56037e+06
BT
 7.73174e+06 1.72183e+06 1.01324e+06 936334 419944 1.43373e+06 3.00976e+06 5.9327e+06 4.62511e+06 5.04135e+06 6.87549e+06 5.56966e+06 4.4475e+06 2.74294e+06 1.65736e+06 957087 737241 620423 702567 656019 712724 768634 1.22626e+06 1.83299e+06 2.1096e+06 2.30819e+06 2.94729e+06
Ftot
 0.110803 0.110803 0.110803 0.110803 0.110803 0.110803 0.110803 0.110803 0.110803 0.110803 0.110803 0.110803 0.110803 0.110803 0.110803 0.110803 0.110803 0.110803 0.110803 0.110803 0.110803 0.110803 0.110803 0.110803 0.110803 0.110803 0.110803
BD_Bspro_t
 0.985785 0.914094 0.824067 0.74014 0.665674 0.73487 0.903693 0.843414 0.862394 0.813487 0.835948 0.839 0.780855 0.744163 0.685367 0.634767 0.605841 0.68628 0.730061 0.7918 0.76717 0.79259 0.857252 0.843862 0.846535 0.813671 0.813568
BD_Bspro
 2.90154 2.28878 1.34193 1.24679 0.553254 0.477239 3.88304 4.10247 5.42184 4.3385 5.29959 6.94531 5.12312 3.61701 2.18869 1.24479 0.740545 0.660453 0.650183 0.820319 0.699445 0.630269 1.27993 1.68642 2.32717 2.43341 2.37106
BD_Bo
 0.384416 0.303232 0.177788 0.165184 0.0732988 0.0632279 0.514452 0.543523 0.718322 0.574793 0.702125 0.920162 0.678746 0.479206 0.289973 0.164918 0.0981124 0.0875012 0.0861406 0.108681 0.0926671 0.0835023 0.169573 0.223428 0.30832 0.322395 0.314134
BD_Brms
 1.87289 1.47736 0.866193 0.804783 0.357115 0.30805 2.50644 2.64807 3.4997 2.80042 3.42079 4.48308 3.30689 2.33472 1.41276 0.803491 0.478009 0.426311 0.419681 0.529502 0.451479 0.406827 0.826169 1.08855 1.50215 1.57072 1.53048
S_f
 0.5 1 1 1 1
 0.5 1 1 1 1
 0.5 1 1 1 1
 0.5 1 1 1 1
 0.5 1 1 1 1
 0.5 1 1 1 1
 0.5 1 1 1 1
 0.5 1 1 1 1
 0.5 1 1 1 1
 0.5 1 1 1 1
 0.5 1 1 1 1
 0.5 1 1 1 1
 0.5 1 1 1 1
 0.5 1 1 1 1
 0.5 1 1 1 1
 0.5 1 1 1 1
 0.5 1 1 1 1
 0.5 1 1 1 1
 0.5 1 1 1 1
 0.5 1 1 1 1
 0.5 1 1 1 1
 0.5 1 1 1 1
 0.5 1 1 1 1
 0.5 1 1 1 1
 0.5 1 1 1 1
 0.5 1 1 1 1
 0.5 1 1 1 1
Scru_reclas
 0.5 1 1 1 1
 0.5 1 1 1 1
 0.5 1 1 1 1
 0.5 1 1 1 1
 0.5 1 1 1 1
 0.5 1 1 1 1
 0.5 1 1 1 1
 0.5 1 1 1 1
 0.5 1 1 1 1
 0.5 1 1 1 1
 0.5 1 1 1 1
 0.5 1 1 1 1
 0.5 1 1 1 1
 0.5 1 1 1 1
 0.5 1 1 1 1
 0.5 1 1 1 1
 0.5 1 1 1 1
 0.5 1 1 1 1
 0.5 1 1 1 1
 0.5 1 1 1 1
 0.5 1 1 1 1
 0.5 1 1 1 1
 0.5 1 1 1 1
 0.5 1 1 1 1
 0.5 1 1 1 1
 0.5 1 1 1 1
 0.5 1 1 1 1
Scru_pelaces
 0.5 1 1 1 1
 0.5 1 1 1 1
 0.5 1 1 1 1
 0.5 1 1 1 1
 0.5 1 1 1 1
 0.5 1 1 1 1
 0.5 1 1 1 1
 0.5 1 1 1 1
 0.5 1 1 1 1
 0.5 1 1 1 1
 0.5 1 1 1 1
 0.5 1 1 1 1
 0.5 1 1 1 1
 0.5 1 1 1 1
 0.5 1 1 1 1
 0.5 1 1 1 1
 0.5 1 1 1 1
 0.5 1 1 1 1
 0.5 1 1 1 1
 0.5 1 1 1 1
 0.5 1 1 1 1
 0.5 1 1 1 1
 0.5 1 1 1 1
 0.5 1 1 1 1
 0.5 1 1 1 1
 0.5 1 1 1 1
 0.5 1 1 1 1
pf_obs 
 0.256992 0.487395 0.22802 0.0275931 0
 0.321318 0.546541 0.124235 0.00734118 0.000564706
 0.182869 0.594174 0.210203 0.0122559 0.00049798
 0.330522 0.361315 0.267642 0.0388342 0.00168674
 0.649043 0.306663 0.0425973 0.00169635 0
 0.582887 0.30429 0.105238 0.00758474 0
 0.465427 0.430635 0.0974691 0.00646863 0
 0.296916 0.608066 0.0921331 0.00288517 0
 0.311714 0.524322 0.152257 0.0117073 0
 0.15457 0.633149 0.183074 0.0267441 0.00246327
 0.131901 0.49318 0.331252 0.0422183 0.00144891
 0.196976 0.569456 0.194076 0.0375587 0.00193317
 0.518974 0.381816 0.0799577 0.0180837 0.00116848
 0.0928022 0.601141 0.25162 0.0475244 0.00691264
 0.122501 0.610282 0.24278 0.0234846 0.000952079
 0.383417 0.481906 0.127806 0.00687128 0
 0.0376549 0.599619 0.316969 0.0457579 0
 0.0361596 0.667082 0.258105 0.0386534 0
 0.158088 0.579412 0.248529 0.0139706 0
 0.0477256 0.309471 0.559284 0.082774 0.000745712
 0.0406174 0.521527 0.379366 0.0568643 0.0016247
 0.151134 0.462217 0.34131 0.0453401 0
 0.294876 0.26143 0.354403 0.0886775 0.000613685
 0.281977 0.475581 0.204845 0.0348837 0.00271318
 0.0841818 0.532909 0.334909 0.0458182 0.00218182
 0.115287 0.27431 0.454777 0.147771 0.00785563
 0 0 0 0 0
pf_pred 
 0.734963 0.133424 0.0662563 0.0329019 0.0324555
 0.0198982 0.834304 0.0733968 0.0364478 0.0359533
 0.00592946 0.0399716 0.812169 0.0714496 0.0704803
 0.00919644 0.0120472 0.0393558 0.799657 0.139743
 0.0537444 0.0177834 0.0112893 0.03688 0.880303
 0.97568 0.00255131 0.000409102 0.000259707 0.0210995
 0.0216864 0.966637 0.00122491 0.000196414 0.0102548
 0.700409 0.0131048 0.283067 0.0003587 0.00306049
 0.140378 0.71203 0.00645597 0.139451 0.00168444
 0.544106 0.114907 0.282442 0.0025609 0.0559844
 0.534536 0.331047 0.0338795 0.0832762 0.0172617
 0.08692 0.642117 0.192714 0.0197224 0.0585265
 0.245774 0.123833 0.443319 0.13305 0.0540233
 0.030004 0.390005 0.0952262 0.340907 0.143857
 0.0240941 0.0585544 0.368839 0.090058 0.458455
 0.0997055 0.0436436 0.0513991 0.323767 0.481485
 0.491697 0.0945551 0.0200573 0.0236214 0.370069
 0.313091 0.457644 0.0426482 0.00904664 0.17757
 0.574666 0.206153 0.146027 0.0136083 0.0595464
 0.113235 0.652669 0.113463 0.0803704 0.040263
 0.447136 0.1153 0.322052 0.0559869 0.0595252
 0.745386 0.159214 0.0198955 0.0555718 0.0199322
 0.393508 0.520356 0.0538625 0.0067307 0.0255431
 0.519302 0.275173 0.176335 0.0182526 0.0109368
 0.238817 0.52547 0.134933 0.0864672 0.0143132
 0.420077 0.227905 0.243009 0.0624014 0.046607
 0.646556 0.21177 0.0556769 0.0593668 0.0266306
pobs_RECLAS
 0 0 0 0 0
 0 0 0 0 0
 0 0 0 0 0
 0 0 0 0 0
 0.835266 0.146461 0.0176864 0.000547809 3.91292e-05
 0.385257 0.428462 0.181853 0.0044286 0
 0.867414 0.0963971 0.0333333 0.00285562 0
 0.441836 0.489002 0.0689373 0.000224442 0
 0.779404 0.147425 0.0564933 0.0165055 0.000172143
 0.814271 0.122319 0.05973 0.00367925 0
 0.40263 0.566651 0.0304383 0.000280538 0
 0.475488 0.404961 0.113038 0.00651328 0
 0.955842 0.0263864 0.0167828 0.000988607 0
 0.975058 0.0227948 0.00214734 0 0
 0.738997 0.206755 0.0527124 0.00153531 0
 0.850938 0.134255 0.0134407 0.00136685 0
 0.542534 0.407297 0.0501686 0 0
 0.764087 0.199537 0.0359546 0.000420521 0
 0.470689 0.182191 0.310203 0.0369168 0
 0.84361 0.089868 0.0606195 0.00523954 0.000663233
 0.607945 0.314616 0.071237 0.00620181 0
 0.523733 0.453247 0.0230204 0 0
 0.530135 0.295979 0.169645 0.0042399 0
 0.562478 0.366248 0.0663022 0.0049721 0
 0.250443 0.683176 0.0655157 0.000865301 0
 0.195077 0.31981 0.436473 0.0351445 0.0134964
 0.565238 0.351407 0.0832357 0.000118908 0
ppred_RECLAS
 0.735659 0.133073 0.0660821 0.0328154 0.0323702
 0.0199682 0.834244 0.0733916 0.0364452 0.0359508
 0.00595059 0.0399708 0.812152 0.0714481 0.0704788
 0.00922911 0.0120468 0.0393545 0.799631 0.139739
 0.0539268 0.01778 0.0112872 0.0368729 0.880133
 0.975765 0.00254242 0.000407675 0.000258802 0.0210259
 0.0217625 0.966562 0.00122482 0.000196399 0.010254
 0.701159 0.0130719 0.282358 0.000357801 0.00305283
 0.140811 0.711672 0.00645272 0.139381 0.00168359
 0.544994 0.114683 0.281892 0.00255591 0.0558754
 0.535426 0.330414 0.0338147 0.0831169 0.0172287
 0.0872045 0.641917 0.192654 0.0197163 0.0585083
 0.246438 0.123724 0.442929 0.132933 0.0539757
 0.0301083 0.389963 0.095216 0.340871 0.143842
 0.0241784 0.0585493 0.368807 0.0900503 0.458415
 0.100027 0.043628 0.0513807 0.323651 0.481313
 0.492592 0.0943886 0.020022 0.0235799 0.369418
 0.313861 0.457131 0.0426003 0.00903649 0.177371
 0.57554 0.205729 0.145727 0.0135804 0.059424
 0.113595 0.652404 0.113417 0.0803378 0.0402467
 0.448021 0.115115 0.321537 0.0558972 0.0594299
 0.746065 0.15879 0.0198425 0.0554237 0.0198791
 0.394362 0.519622 0.0537866 0.00672122 0.0255072
 0.520196 0.274662 0.176007 0.0182187 0.0109164
 0.239468 0.52502 0.134818 0.0863932 0.014301
 0.420949 0.227563 0.242644 0.0623075 0.0465369
 0.647373 0.21128 0.0555481 0.0592294 0.026569
pobs_PELACES
 0 0 0 0 0
 0 0 0 0 0
 0 0 0 0 0
 0 0 0 0 0
 0 0 0 0 0
 0 0 0 0 0
 0 0 0 0 0
 0 0 0 0 0
 0 0 0 0 0
 0 0 0 0 0
 0.450072 0.473896 0.0757376 0.000293798 0
 0 0 0 0 0
 0.463077 0.371075 0.160297 0.00555027 0
 0.529543 0.364841 0.0842815 0.0213345 0
 0.631943 0.363953 0.00410389 0 0
 0.735681 0.248677 0.0153453 0.000297389 0
 0.695825 0.281241 0.0229344 0 0
 0.275771 0.60734 0.115278 0.00161068 0
 0 0 0 0 0
 0.896147 0.0623911 0.0374545 0.00400742 0
 0.803859 0.145111 0.0509908 3.86294e-05 0
 0.739449 0.233085 0.0266225 0.000797448 4.60066e-05
 0.878498 0.100942 0.0204185 0.000141795 0
 0.694673 0.275183 0.0284847 0.00165964 0
 0.469039 0.446079 0.0841089 0.000773354 0
 0.822795 0.102175 0.0682046 0.00682512 0
 0 0 0 0 0
ppred_PELACES
 0.739199 0.131291 0.0651972 0.032376 0.0319367
 0.0203291 0.833937 0.0733646 0.0364318 0.0359375
 0.00605972 0.0399664 0.812063 0.0714402 0.070471
 0.00939779 0.0120448 0.0393478 0.799495 0.139715
 0.0548671 0.0177623 0.0112759 0.0368362 0.879258
 0.976194 0.00249746 0.000400466 0.000254225 0.0206541
 0.0221551 0.966174 0.00122433 0.00019632 0.0102499
 0.704976 0.012905 0.278752 0.000353232 0.00301384
 0.143037 0.709828 0.006436 0.13902 0.00167923
 0.549523 0.113541 0.279086 0.00253047 0.0553192
 0.539971 0.327182 0.0334839 0.0823038 0.0170602
 0.0886708 0.640886 0.192344 0.0196846 0.0584143
 0.249849 0.123164 0.440924 0.132331 0.0537314
 0.0306468 0.389747 0.0951631 0.340681 0.143762
 0.0246135 0.0585232 0.368642 0.0900101 0.458211
 0.101685 0.0435476 0.0512861 0.323055 0.480426
 0.497162 0.0935385 0.0198416 0.0233675 0.36609
 0.317811 0.454499 0.0423551 0.00898446 0.17635
 0.58 0.203567 0.144195 0.0134377 0.0587996
 0.115449 0.65104 0.113179 0.0801697 0.0401625
 0.452546 0.114171 0.318901 0.055439 0.0589427
 0.749513 0.156634 0.0195731 0.0546711 0.0196091
 0.398737 0.515869 0.0533981 0.00667267 0.0253229
 0.524757 0.272051 0.174334 0.0180455 0.0108127
 0.242813 0.522711 0.134225 0.0860132 0.0142381
 0.425412 0.225809 0.240774 0.0618273 0.0461783
 0.651536 0.208786 0.0548925 0.0585303 0.0262554
pobs_pel_tallas
 0 0 0 0 0 0 0 0 0 0 0 0 0 0 0 0 0 0 0 0 0 0 0 0 0 0 0 0 0 0 0 0 0 0 0 0
 0 0 0 0 0 0 0 0 0 0 0 0 0 0 0 0 0 0 0 0 0 0 0 0 0 0 0 0 0 0 0 0 0 0 0 0
 0 0 0 0 0 0 0 0 0 0 0 0 0 0 0 0 0 0 0 0 0 0 0 0 0 0 0 0 0 0 0 0 0 0 0 0
 0 0 0 0 0 0 0 0 0 0 0 0 0 0 0 0 0 0 0 0 0 0 0 0 0 0 0 0 0 0 0 0 0 0 0 0
 0 0 0 0 0 0 0 0 0 0 0 0 0 0 0 0 0 0 0 0 0 0 0 0 0 0 0 0 0 0 0 0 0 0 0 0
 0 0 0 0 0 0 0 0 0 0 0 0 0 0 0 0 0 0 0 0 0 0 0 0 0 0 0 0 0 0 0 0 0 0 0 0
 0 0 0 0 0 0 0 0 0 0 0 0 0 0 0 0 0 0 0 0 0 0 0 0 0 0 0 0 0 0 0 0 0 0 0 0
 0 0 0 0 0 0 0 0 0 0 0 0 0 0 0 0 0 0 0 0 0 0 0 0 0 0 0 0 0 0 0 0 0 0 0 0
 0 0 0 0 0 0 0 0 0 0 0 0 0 0 0 0 0 0 0 0 0 0 0 0 0 0 0 0 0 0 0 0 0 0 0 0
 0 0 0 0 0 0 0 0 0 0 0 0 0 0 0 0 0 0 0 0 0 0 0 0 0 0 0 0 0 0 0 0 0 0 0 0
 0 0 0 0 0 0 0 0 1.78061e-05 0.00172719 0.00360574 0.0105946 0.0120993 0.0124554 0.0147524 0.0171206 0.0266825 0.0428682 0.0675386 0.121331 0.153587 0.119568 0.100827 0.0573624 0.0630603 0.0341343 0.0324427 0.0444173 0.0211091 0.0280891 0.0125444 0.00206551 0 0 0 0
 0 0 0 0 0 0 0 0 0 0 0 0 0 0 0 0 0 0 0 0 0 0 0 0 0 0 0 0 0 0 0 0 0 0 0 0
 0 0 0 0 0 0 0.0133647 0.0140871 0.0187388 0.0205184 0.03894 0.0496705 0.03968 0.0493445 0.0407372 0.0367815 0.0215668 0.0243155 0.0234873 0.0199281 0.019796 0.0243948 0.0301388 0.0376714 0.0412746 0.0863199 0.0771752 0.113111 0.0741005 0.0525337 0.0229764 0.00759418 0.00175318 0 0 0
 0 0 0 0 0 0 0 0 0 0 0.00219441 0.00772107 0.0458388 0.0604681 0.0671733 0.0775358 0.0609151 0.0617685 0.073594 0.0568108 0.0755445 0.0548602 0.0670107 0.0636378 0.0643287 0.046367 0.0373049 0.0286899 0.0247887 0.0153202 0.00654259 0.00121912 0.000365735 0 0 0
 0 0 0 0 0 0 0 0 0 0 0 0 0.000112435 0.00938835 0.0111873 0.0202946 0.0414886 0.0713402 0.111592 0.104902 0.108894 0.110636 0.117776 0.105296 0.107544 0.0401394 0.0192827 0.0124803 0.00416011 0.0028671 0.000618394 0 0 0 0 0
 0 0 0 0 0 0 0 0 0 0 0.00291406 0.0102884 0.027416 0.0768956 0.0749926 0.110853 0.0956884 0.0897413 0.0766577 0.0534642 0.0500743 0.0551293 0.0594112 0.0620874 0.0668451 0.0424026 0.0208742 0.0120726 0.0048766 0.00582813 0.00118941 0.000297354 0 0 0 0
 0 0.00264628 0.0354308 0.0461629 0.0458689 0.0383711 0.0214643 0.0164657 0.0346957 0.0420465 0.0363128 0.0245516 0.0311673 0.0291091 0.0169068 0.0133784 0.00837989 0.0085269 0.0148486 0.0160247 0.0276389 0.0546898 0.0760071 0.122758 0.109233 0.0665981 0.0333725 0.0166128 0.00676272 0.00308733 0.000882094 0 0 0 0 0
 0 0 0 0 0 0 0 0.000805153 0.000690131 0.00759144 0.0133425 0.0154129 0.00931677 0.000345066 0.00356568 0.00563607 0.00851162 0.0253048 0.0502646 0.0516448 0.0657925 0.0565908 0.0611916 0.0827007 0.0866115 0.110766 0.145733 0.0935128 0.0569358 0.0249597 0.0138026 0.00621118 0.00161031 0.00115022 0 0
 0 0 0 0 0 0 0 0 0 0 0 0 0 0 0 0 0 0 0 0 0 0 0 0 0 0 0 0 0 0 0 0 0 0 0 0
 0.00147267 0.00158595 0.00478618 0.00569244 0.00954404 0.0108468 0.00647125 0.017049 0.0510054 0.094081 0.124002 0.0959785 0.0687766 0.0820023 0.061753 0.0591476 0.0492212 0.0479892 0.0443925 0.0268479 0.0217502 0.0140895 0.0121071 0.0120363 0.00920419 0.00665534 0.0049561 0.00860946 0.00930331 0.0156896 0.0114698 0.00855282 0.00243557 0.00046729 0 2.83206e-05
 0 0 0 0 0.000772559 0.00158375 0.000888443 0.00281984 0.00712685 0.0440552 0.0773331 0.111326 0.0921469 0.0852325 0.0710754 0.0886704 0.0786465 0.0553345 0.0373146 0.0185414 0.00753245 0.00457741 0.012979 0.0271748 0.0457355 0.0583668 0.034881 0.0177882 0.00938659 0.00492506 0.0015258 0.00185414 0.000309023 5.79419e-05 3.86279e-05 0
 0 0.00173294 0.00326652 0 0.00397197 0.00683976 0.00946217 0.0152591 0.00757587 0.0136028 0.0228656 0.0392903 0.0559909 0.0764795 0.0681675 0.0726916 0.0566044 0.0477403 0.0527397 0.0444891 0.0609904 0.0582453 0.0661739 0.0445044 0.0529084 0.0360697 0.0280645 0.0235558 0.0158879 0.00826598 0.00280645 0.00217768 0.000904811 0.00058276 9.20147e-05 0
 0 0 0 0 0 0 0 0 0 0 0 0 0 0 0 0 0 0 0 0 0 0 0 0 0 0 0 0 0 0 0 0 0 0 0 0
 0 0 0 0 0 0 0 0 0 0 0 0 0 0 0 0 0 0 0 0 0 0 0 0 0 0 0 0 0 0 0 0 0 0 0 0
 0 0 0 0 0 0 0 0 0 0 0 0 0 0 0 0 0 0 0 0 0 0 0 0 0 0 0 0 0 0 0 0 0 0 0 0
 0 0 0 0 0 0 0 0 0 0 0 0 0 0 0 0 0 0 0 0 0 0 0 0 0 0 0 0 0 0 0 0 0 0 0 0
 0 0 0 0 0 0 0 0 0 0 0 0 0 0 0 0 0 0 0 0 0 0 0 0 0 0 0 0 0 0 0 0 0 0 0 0
ppred_pel_tallas
 1.03574e-16 3.22506e-05 0.000189288 0.000899799 0.00346429 0.0108031 0.0272877 0.0558339 0.0925499 0.124289 0.135243 0.119275 0.0853386 0.0497198 0.0239736 0.0102978 0.00516247 0.00441982 0.00553738 0.00741985 0.00964297 0.0119719 0.014196 0.0161141 0.0175655 0.0184596 0.0187878 0.0186127 0.0180395 0.017182 0.0161355 0.0149637 0.0137015 0.0123667 0.010975 0.00954999
 1.04245e-16 9.32943e-07 5.36176e-06 2.52478e-05 9.68036e-05 0.000301522 0.000762553 0.00156689 0.00262229 0.00359723 0.00411375 0.00410253 0.00397056 0.00440303 0.00603396 0.00929454 0.0144506 0.0216402 0.0308071 0.0415784 0.0531859 0.0645002 0.0741962 0.0810169 0.0840623 0.0830042 0.0781621 0.0704023 0.0609086 0.0508991 0.0413823 0.0330159 0.0260851 0.0205743 0.0162842 0.012947
 1.17288e-16 2.80349e-07 1.59905e-06 7.51146e-06 2.87711e-05 8.95451e-05 0.000226203 0.000463843 0.000773102 0.00105135 0.00117885 0.00112321 0.000988556 0.000958142 0.0012025 0.00184801 0.00301036 0.00483458 0.00750282 0.0112116 0.0161334 0.0223712 0.0299129 0.0385916 0.0480613 0.0577979 0.0671321 0.0753171 0.0816225 0.0854422 0.086391 0.0843711 0.079592 0.0725341 0.0638703 0.0543584
 1.34563e-16 4.21697e-07 2.43915e-06 1.15279e-05 4.42744e-05 0.00013793 0.000348355 0.000713236 0.00118438 0.00159724 0.00175576 0.00159097 0.00123247 0.000913458 0.000822283 0.00104919 0.00163822 0.00265678 0.00422559 0.00651264 0.00971214 0.0140175 0.0195883 0.0265112 0.0347573 0.0441448 0.0543151 0.0647335 0.0747221 0.0835247 0.0903987 0.0947185 0.09607 0.0943152 0.0896179 0.0824158
 1.42516e-16 2.40389e-06 1.40776e-05 6.68612e-05 0.000257327 0.000802332 0.00202657 0.00414695 0.00687559 0.00923862 0.0100665 0.00891044 0.00644719 0.00390543 0.00217469 0.00146637 0.00158835 0.00232888 0.00362545 0.00555127 0.00825267 0.0119003 0.0166549 0.0226357 0.0298848 0.0383312 0.0477586 0.0577881 0.0678839 0.0773884 0.0855871 0.0917957 0.0954555 0.0962167 0.0939928 0.0889784
 1.00981e-16 4.25793e-05 0.000249939 0.00118817 0.00457463 0.0142656 0.0360336 0.0737278 0.122205 0.164098 0.178516 0.157334 0.112342 0.064991 0.030471 0.0115976 0.00362016 0.000990119 0.000336869 0.000258039 0.000322553 0.000429416 0.000560193 0.000711744 0.000882529 0.00107019 0.00127077 0.001478 0.00168285 0.00187358 0.00203657 0.00215792 0.00222554 0.0022313 0.0021725 0.00205265
 1.00818e-16 1.01784e-06 5.84823e-06 2.7534e-05 0.000105561 0.000328801 0.00083161 0.00170915 0.00286165 0.00392939 0.00450339 0.00451318 0.00441023 0.0049524 0.00684407 0.0105681 0.0164214 0.0245479 0.0348575 0.0468863 0.0597106 0.071993 0.0821814 0.0888227 0.0909042 0.0881062 0.0808884 0.0703661 0.0580322 0.0454127 0.0337679 0.0239146 0.0161932 0.0105502 0.00668005 0.00417146
 1.04115e-16 3.07541e-05 0.000180512 0.000858097 0.00330376 0.0103025 0.0260231 0.0532457 0.088257 0.118516 0.12894 0.113666 0.0812174 0.0471021 0.0223117 0.00891295 0.00351919 0.0021776 0.00251502 0.00357946 0.00510956 0.00705842 0.00940075 0.0120724 0.014954 0.0178715 0.0206089 0.0229313 0.024617 0.0254918 0.0254585 0.0245149 0.0227564 0.0203596 0.0175535 0.014583
 1.05178e-16 6.27833e-06 3.67559e-05 0.000174526 0.000671606 0.00209405 0.00529017 0.0108298 0.0179719 0.0241972 0.0264935 0.0237548 0.0178457 0.0121118 0.00904818 0.00938359 0.0127312 0.018493 0.0261872 0.0353174 0.0451789 0.0548058 0.06308 0.0689473 0.0716589 0.0709517 0.067108 0.0608657 0.0532197 0.0451798 0.0375645 0.0308868 0.0253425 0.0208797 0.0173053 0.0143868
 1.06671e-16 2.39796e-05 0.000140731 0.000668953 0.00257547 0.00803133 0.0202865 0.0415089 0.0688062 0.0924066 0.100561 0.0887131 0.0635284 0.0371279 0.0181241 0.00818199 0.00471773 0.00469616 0.00628727 0.00872699 0.0117386 0.0151639 0.0188303 0.0225311 0.0260453 0.0291621 0.0317004 0.0335189 0.0345188 0.0346451 0.0338891 0.032293 0.0299546 0.0270242 0.0236939 0.0201771
 1.04208e-16 2.35711e-05 0.000138314 0.000657424 0.00253102 0.00789265 0.0199364 0.0407942 0.0676272 0.0908401 0.0989012 0.087355 0.0627868 0.0371579 0.0189964 0.0100095 0.00771814 0.00916027 0.0124876 0.0168028 0.021585 0.0263516 0.0305858 0.0338004 0.0356394 0.0359587 0.0348535 0.0326197 0.0296665 0.0264117 0.0231929 0.0202209 0.017578 0.0152509 0.0131778 0.0112907
 1.06345e-16 3.90542e-06 2.28299e-05 0.000108331 0.000416759 0.00129934 0.00328271 0.00672192 0.0111615 0.0150477 0.0165281 0.0149434 0.0114925 0.00831356 0.00704025 0.00822963 0.0117514 0.0173239 0.0246851 0.0334799 0.0431206 0.052758 0.0613813 0.0680074 0.0718951 0.0727095 0.0705841 0.0660552 0.0599035 0.0529552 0.0459128 0.0392585 0.033241 0.0279241 0.0232634 0.0191774
 1.13357e-16 1.09131e-05 6.40173e-05 0.000304244 0.00117125 0.0036523 0.00922547 0.0188775 0.0312952 0.0420402 0.0457786 0.040453 0.0291182 0.017323 0.00903727 0.00509069 0.00439711 0.00567412 0.00818379 0.011653 0.0159931 0.0211176 0.0268725 0.0330268 0.0392857 0.0453134 0.0507563 0.0552669 0.0585292 0.0602883 0.0603821 0.0587706 0.0555541 0.0509694 0.0453657 0.0391584
 1.19902e-16 1.36428e-06 7.93637e-06 3.75814e-05 0.00014445 0.000450222 0.00113763 0.00233099 0.00387641 0.00524393 0.00580676 0.00536075 0.00435905 0.00359934 0.00372743 0.00503729 0.00759603 0.0114111 0.0164648 0.0226511 0.0297108 0.0372218 0.0446529 0.0514635 0.0572146 0.0616494 0.0647177 0.0665328 0.0672852 0.0671472 0.0662089 0.0644645 0.0618485 0.0582987 0.0538196 0.0485198
 1.29755e-16 1.08812e-06 6.34467e-06 3.00799e-05 0.000115678 0.000360579 0.000910811 0.00186452 0.00309435 0.00416707 0.00456493 0.00409913 0.00309421 0.00213457 0.0016681 0.00185655 0.00269828 0.00419598 0.00642291 0.00950262 0.0135636 0.0186997 0.0249396 0.0322227 0.0403805 0.0491263 0.058056 0.0666661 0.0743906 0.0806576 0.0849585 0.0869184 0.0863541 0.0833036 0.0780232 0.0709517
 1.34291e-16 4.44703e-06 2.60687e-05 0.00012386 0.000476771 0.00148665 0.00375512 0.00768394 0.012739 0.0171146 0.0186412 0.0164836 0.0118896 0.00712479 0.0038181 0.00232893 0.00225001 0.00311212 0.00469054 0.00697599 0.0100602 0.0140552 0.0190509 0.0250875 0.0321311 0.040049 0.0485894 0.0573718 0.0658978 0.0735863 0.0798344 0.0840955 0.0859612 0.0852273 0.0819304 0.0763466
 1.18221e-16 2.16942e-05 0.000127319 0.000605202 0.00233004 0.00726597 0.0183532 0.0375531 0.0622483 0.0835975 0.0909701 0.0802408 0.0574364 0.0335166 0.0162641 0.00717356 0.00389436 0.0036687 0.00483476 0.00670692 0.00905917 0.0117978 0.0148441 0.018115 0.021532 0.0250263 0.0285341 0.0319796 0.0352544 0.0382048 0.040634 0.0423248 0.0430769 0.0427491 0.0412921 0.0387674
 1.09299e-16 1.38888e-05 8.146e-05 0.000387107 0.00149019 0.00464683 0.0117379 0.0240205 0.0398283 0.0535235 0.0583373 0.051679 0.0374763 0.0228461 0.0129101 0.00879485 0.0091622 0.012358 0.0173118 0.0234041 0.0301098 0.0368136 0.042818 0.0474612 0.0502634 0.0510372 0.049923 0.0473311 0.0438187 0.0399412 0.0361303 0.0326311 0.0295061 0.0266871 0.0240479 0.021471
 1.05323e-16 2.53118e-05 0.000148545 0.000706084 0.00271841 0.00847706 0.0214125 0.0438134 0.0726281 0.0975452 0.106169 0.0936971 0.0671776 0.0394207 0.0195375 0.00930668 0.0060154 0.00645652 0.00866506 0.0117625 0.0153459 0.0191112 0.0227388 0.0259095 0.0283589 0.0299266 0.0305768 0.0303851 0.0294985 0.0280868 0.0263019 0.0242582 0.022034 0.0196857 0.0172657 0.0148339
 1.0645e-16 5.07322e-06 2.96856e-05 0.000140923 0.000542245 0.00169066 0.00427117 0.00874442 0.014514 0.0195497 0.0214264 0.0192624 0.0145802 0.0101069 0.00789282 0.00857113 0.0118779 0.0173725 0.0246893 0.0334195 0.0429453 0.0523975 0.0607535 0.0670307 0.0705052 0.0708769 0.0683284 0.0634517 0.0570783 0.0500698 0.0431406 0.0367588 0.0311357 0.0262832 0.0221009 0.0184568
 1.09224e-16 1.9751e-05 0.000115905 0.000550928 0.00212105 0.00661422 0.016707 0.0341851 0.0566671 0.0761069 0.0828316 0.0730927 0.052387 0.0307076 0.0151634 0.00714758 0.0045593 0.0049293 0.00678044 0.00950842 0.0129001 0.0168251 0.0211235 0.0255883 0.0299821 0.0340598 0.0375884 0.04036 0.0422022 0.0429882 0.0426494 0.0411896 0.0386947 0.0353323 0.0313371 0.0269837
 1.03124e-16 3.27012e-05 0.000191932 0.000912362 0.00351265 0.0109539 0.0276686 0.0566136 0.0938428 0.126027 0.137138 0.120957 0.0865647 0.0504792 0.0244229 0.0106302 0.00552612 0.00490404 0.00618703 0.00824462 0.010616 0.0130252 0.0152207 0.0169708 0.0181042 0.0185464 0.0183318 0.0175853 0.0164819 0.0151983 0.0138737 0.0125898 0.0113737 0.0102144 0.00908705 0.00797179
 1.02339e-16 1.74204e-05 0.000102187 0.000485631 0.00186951 0.0058297 0.0147258 0.0301344 0.0499638 0.0671385 0.0731614 0.0647746 0.0468935 0.0284279 0.0157775 0.0103223 0.0103465 0.0137393 0.0191312 0.0257351 0.0329036 0.0398961 0.0458834 0.0500845 0.0519397 0.0512441 0.048194 0.0433259 0.037375 0.0310996 0.0251306 0.0198824 0.0155392 0.0120972 0.00943647 0.00739182
 1.03689e-16 2.29059e-05 0.000134413 0.000638886 0.00245966 0.00767013 0.0193743 0.0396437 0.0657189 0.0882738 0.0960995 0.084862 0.0609553 0.0359955 0.0182607 0.0094009 0.00700222 0.00819208 0.0111964 0.0151854 0.0197137 0.0243837 0.0287585 0.0324037 0.0349684 0.036253 0.0362399 0.0350749 0.0330108 0.030337 0.0273181 0.0241598 0.0210029 0.0179383 0.0150281 0.0123225
 1.05697e-16 1.06218e-05 6.22723e-05 0.00029587 0.00113887 0.00355125 0.00897069 0.018359 0.0304466 0.0409326 0.0446581 0.0396659 0.0289927 0.0181291 0.01106 0.00873121 0.0102069 0.0142884 0.0201742 0.0273316 0.0352089 0.0431 0.0501827 0.0556603 0.0589335 0.059732 0.058164 0.0546614 0.0498496 0.0443864 0.0388254 0.0335401 0.0287168 0.0243971 0.0205427 0.0170932
 1.07774e-16 1.85722e-05 0.000108975 0.000517957 0.00199406 0.00621821 0.0157068 0.0321395 0.0532794 0.0715671 0.0779171 0.0688185 0.0494598 0.0292655 0.0149584 0.00789318 0.00613638 0.00738882 0.0102471 0.0140757 0.018549 0.0233712 0.0281994 0.0326694 0.0364554 0.0393227 0.0411543 0.0419432 0.0417604 0.0407147 0.0389205 0.0364854 0.0335149 0.0301246 0.0264513 0.0226523
 1.04086e-16 2.84311e-05 0.000166858 0.000793146 0.00305362 0.00952241 0.0240529 0.0492159 0.0815828 0.109569 0.119248 0.105222 0.0754002 0.044164 0.0217335 0.0100878 0.00615652 0.00631247 0.00832598 0.0111946 0.0144618 0.0177973 0.0208709 0.0233687 0.0250517 0.0258057 0.025659 0.0247606 0.0233294 0.0215925 0.019735 0.0178744 0.0160621 0.0143041 0.0125885 0.0109079
pSPR Fmed_Fpbrs
0.37029   0.255252 0.255252
Fs Fmed_Fpbrs
0.64   1.005 1.005
SSBpbr Bo_Bmed_Bpbrs
4.96721e+06  1.59095e+06  1.01953e+06 1.01953e+06
Ro
31862.2
SPR SPRFo_SPRFmed_SPRFpbrs
658090 243684 167979
log_Ro
10.1892
likeval ReclasPelacesDesembMPH_pf_preclas_ppelaces_ptallas_desvR_qrecl_qpela
 478.073 49.5157 13768.6 246.218 589.99 455.163 96.7907 0 148.173 0 0 0 0 0 0
q_reclas_q_pelaces
1 1
M
0.7
N
 203718 18942.8 9406.69 4671.23 4607.86
 4456.64 95711.2 8420.07 4181.28 4124.56
 606.398 2093.83 42543.7 3742.73 3691.96
 424.598 284.899 930.707 18910.7 3304.72
 1177.02 199.485 126.638 413.7 9874.78
 412871 552.989 88.6714 56.2906 4573.24
 8496.23 193976 245.804 39.4145 2057.83
 416520 3991.71 86222.4 109.26 932.227
 75322.5 195690 1774.32 38325.9 462.942
 327152 35388.2 86984.5 788.687 17241.7
 484534 153703 15730.1 38664.7 8014.52
 60161.3 227645 68321.3 6992.03 20748.9
 109523 28265.1 101188 30368.9 12330.9
 7728.58 51456.1 12563.9 44978.3 18980.1
 2917.01 3631.05 22872.3 5584.65 28429.6
 6112.56 1370.47 1614.01 10166.8 15119.3
 29155.7 2871.82 609.177 717.428 11239.7
 18295.9 13698 1276.52 270.78 5314.95
 46780.6 8595.8 6088.77 567.416 2482.86
 7444.58 21978.6 3820.84 2706.46 1355.85
 26481.3 3497.63 9769.49 1698.37 1805.7
 113717 12441.5 1554.7 4342.55 1557.56
 78879.8 53426.7 5530.25 691.065 2622.6
 136542 37059.5 23748.2 2458.2 1472.93
 56920.9 64150.5 16473 10556.1 1747.39
 96235 26742.7 28515 7322.25 5468.92
 269502 45213.3 11887.1 12674.9 5685.69
pred_Ctot
 7921.28 1438.01 714.097 354.61 349.799
 173.29 7265.79 639.199 317.417 313.111
 23.5789 158.95 3229.65 284.124 280.27
 16.5099 21.6277 70.6534 1435.58 250.874
 45.7666 15.1437 9.61355 31.4055 749.631
 16053.9 41.9794 6.73137 4.27323 347.171
 330.364 14725.4 18.6599 2.9921 156.217
 16195.8 303.026 6545.46 8.29434 70.7688
 2928.81 14855.6 134.695 2909.46 35.1436
 12720.9 2686.45 6603.31 59.8721 1308.88
 18840.4 11668.2 1194.13 2935.18 608.412
 2339.29 17281.4 5186.52 530.791 1575.13
 4258.63 2145.71 7681.58 2305.41 936.083
 300.515 3906.22 953.769 3414.47 1440.85
 113.424 275.647 1736.32 423.951 2158.19
 237.678 104.038 122.525 771.796 1147.77
 1133.68 218.01 46.2449 54.4626 853.247
 711.408 1039.86 96.9057 20.5559 403.478
 1819 652.539 462.221 43.0747 188.483
 289.472 1668.47 290.054 205.458 102.928
 1029.69 265.518 741.638 128.929 137.078
 4421.72 944.479 118.023 329.659 118.24
 3067.13 4055.82 419.822 52.4613 199.092
 5309.25 2813.32 1802.82 186.611 111.815
 2213.29 4869.9 1250.52 801.353 132.651
 3741.96 2030.13 2164.68 555.859 415.166
 10479.2 3432.31 902.396 962.201 431.621
F
 0.0554016 0.110803 0.110803 0.110803 0.110803
 0.0554016 0.110803 0.110803 0.110803 0.110803
 0.0554016 0.110803 0.110803 0.110803 0.110803
 0.0554016 0.110803 0.110803 0.110803 0.110803
 0.0554016 0.110803 0.110803 0.110803 0.110803
 0.0554016 0.110803 0.110803 0.110803 0.110803
 0.0554016 0.110803 0.110803 0.110803 0.110803
 0.0554016 0.110803 0.110803 0.110803 0.110803
 0.0554016 0.110803 0.110803 0.110803 0.110803
 0.0554016 0.110803 0.110803 0.110803 0.110803
 0.0554016 0.110803 0.110803 0.110803 0.110803
 0.0554016 0.110803 0.110803 0.110803 0.110803
 0.0554016 0.110803 0.110803 0.110803 0.110803
 0.0554016 0.110803 0.110803 0.110803 0.110803
 0.0554016 0.110803 0.110803 0.110803 0.110803
 0.0554016 0.110803 0.110803 0.110803 0.110803
 0.0554016 0.110803 0.110803 0.110803 0.110803
 0.0554016 0.110803 0.110803 0.110803 0.110803
 0.0554016 0.110803 0.110803 0.110803 0.110803
 0.0554016 0.110803 0.110803 0.110803 0.110803
 0.0554016 0.110803 0.110803 0.110803 0.110803
 0.0554016 0.110803 0.110803 0.110803 0.110803
 0.0554016 0.110803 0.110803 0.110803 0.110803
 0.0554016 0.110803 0.110803 0.110803 0.110803
 0.0554016 0.110803 0.110803 0.110803 0.110803
 0.0554016 0.110803 0.110803 0.110803 0.110803
 0.0554016 0.110803 0.110803 0.110803 0.110803
Np
 35798.9 10755.5 23015.7 3653.15 1135.04
YTP_r0W_actual
 646027 471016 180021 245135 122028
YTP_p0W_proyectada
 85814 1.31906e+06 304358 102190 174667
 85814 112047 348553 70652.5 24360.6
CTP_r0_actual
 78783.8 21806.3 5733.15 6113.1 2742.2
CTP_p0_proyectada
 10465.1 61067.7 9692.93 2548.39 3925.11
 10465.1 5187.36 11100.4 1761.91 547.429
Wmedp
 8.2 21.6 31.4 40.1 44.5
nmprior
 10.8 10.6 4.6 0
nm_flota  nm_reclas  nm_pelaces    nm_pelaL
inf 1.9318 3.7144 6.27834
cv_recla  cv_pelaces  cv_mph
1.89355 0.770836 2.09684
 ------------------------------------------------
Talla a la edad & desviaci?n 
 7.2 14.2025 17.0495 18.207 18.6776
 1.08 2.13037 2.55742 2.73105 2.80164
