years
 1997 1998 1999 2000 2001 2002 2003 2004 2005 2006 2007 2008 2009 2010 2011 2012 2013 2014 2015 2016 2017 2018 2019 2020 2021 2022
reclasobs
 0 0 0 370054 412103 1.49427e+06 250295 1.28982e+06 931140 785840 897777 1.04006e+06 184774 17550 25797 100020 73551 82996 120727 218422 84188 347160 605670 569463 516374 1.08416e+06
reclaspred
 480471 122971 320671 217077 331728 392085 847970 593951 718410 730816 604738 412114 256321 108909 68187.7 64281.6 72346 96250.5 106760 153607 227755 217755 387989 528297 624631 522866
pelacesobs
 0 0 0 0 0 0 0 0 0 2.06254e+06 1.5e+06 0 1.87456e+06 323000 250000 174000 83755 137374 0 501740 490994 745055 786931 1.00524e+06 1.33801e+06 1.41789e+06
pelacespred
 2.03454e+06 429331 700310 732146 986072 894010 2.41395e+06 1.94719e+06 2.20233e+06 2.21004e+06 1.58444e+06 1.12401e+06 700725 233683 153321 152676 179448 248540 271617 393185 671184 595744 881950 1.36926e+06 1.56582e+06 1.45145e+06
mphobs
 0 0 0 0 0 0 112323 0 153150 637223 0 255016 313432 73983 77613 109348 50772 17779 17303 59886 28197 0 207744 136588 643089 65757
mphpred
 170440 95130.4 105297 106298 117035 188489 274088 323612 294867 330450 334497 233547 140488 120191 49100.7 40140 42829.1 55855.4 32099.2 36782.6 59616.2 74441.8 94983.3 145006 196133 184408
desembarqueobs
 350755 77701 442110 56441 14545 235359 269955 359681 431902 328805 639364 411747 362871 311530 167758 66681 60226 58785 57116 73181 50977 67692 138656 160484 209506 203330
desembarquepred
 350756 77698.9 442100 56444.1 14545.3 235429 269998 359645 431886 328798 639314 411807 363031 311655 167616 66682.3 60254 58776.8 57098 73175.2 50976.6 67678.3 138655 160483 209496 203318
Reclutas
 39375.5 48329.6 24490.8 38082.4 64595.1 46695.6 78277.1 84537.4 116028 124924 65870.4 44707.6 46018.8 24490 15530.7 14279.8 9853.37 12401.8 14802.8 23157.7 29310.4 41458.1 65402.4 90143.7 32096.5 34132.4
log_desv_Rt
 0.0337901 0.238689 -0.441058 0.000398196 0.528785 0.204295 0.720901 0.79784 1.11448 1.18836 0.548335 0.160789 0.189697 -0.441091 -0.896536 -0.98051 -1.35154 -1.12151 -0.944539 -0.497026 -0.261413 0.0853292 0.541205 0.862051 -0.170606 -0.109108
SSB
 529487 295531 327115 330225 363579 585560 828364 993836 894998 1.0056e+06 1.03915e+06 725537 451151 235410 101195 82864.8 92014.2 114095 144274 174184 266275 324035 425247 619679 917103 888870
BT
 1.7143e+06 435707 733401 576392 706770 816315 1.88556e+06 1.77577e+06 1.94616e+06 1.871e+06 1.68598e+06 1.16736e+06 844821 455334 245251 161910 174929 222339 239442 335130 514614 483297 716021 1.09444e+06 1.26494e+06 1.20324e+06
Ftot
 0.602945 0.548719 0.925915 0.205971 0.0380251 0.374309 0.248271 0.481016 0.516881 0.359473 0.681655 0.63798 1.02164 1.87459 2.01981 0.825031 0.6412 0.487257 0.388955 0.385206 0.174287 0.222664 0.252537 0.236222 0.199987 0.232056
BD_Bspro_t
 0.927342 0.680214 0.605786 0.428397 0.579765 0.741139 0.687575 0.698707 0.643184 0.624289 0.602806 0.44168 0.333764 0.231295 0.127584 0.128898 0.189246 0.291869 0.399218 0.504807 0.633115 0.732553 0.751741 0.763618 0.780461 0.720903
BD_Bspro
 0.67343 0.375873 0.416042 0.419998 0.46242 0.744746 1.05356 1.26401 1.13831 1.27897 1.32164 0.922776 0.573797 0.299407 0.128705 0.105392 0.117029 0.145112 0.183496 0.221536 0.338663 0.412125 0.540851 0.788141 1.16642 1.13051
BD_Bo
 0.434589 0.242564 0.268487 0.27104 0.298416 0.480612 0.6799 0.815715 0.734591 0.825367 0.852903 0.595501 0.370293 0.193218 0.0830579 0.0680133 0.0755228 0.0936462 0.118417 0.142965 0.218552 0.26596 0.349031 0.508617 0.752734 0.729561
BD_Brms
 1.46612 0.818311 0.905764 0.914376 1.00673 1.62139 2.2937 2.75188 2.4782 2.78444 2.87734 2.00897 1.24921 0.651838 0.280203 0.229448 0.254782 0.315923 0.399488 0.482305 0.737303 0.897237 1.17749 1.71586 2.53941 2.46124
S_f
 0.15936 1 1 1 1
 0.15936 1 1 1 1
 0.15936 1 1 1 1
 0.15936 1 1 1 1
 0.15936 1 1 1 1
 0.15936 1 1 1 1
 0.15936 1 1 1 1
 0.15936 1 1 1 1
 0.15936 1 1 1 1
 0.15936 1 1 1 1
 0.15936 1 1 1 1
 0.15936 1 1 1 1
 0.15936 1 1 1 1
 0.15936 1 1 1 1
 0.15936 1 1 1 1
 0.15936 1 1 1 1
 0.15936 1 1 1 1
 0.15936 1 1 1 1
 0.15936 1 1 1 1
 0.15936 1 1 1 1
 0.15936 1 1 1 1
 0.15936 1 1 1 1
 0.15936 1 1 1 1
 0.15936 1 1 1 1
 0.15936 1 1 1 1
 0.15936 1 1 1 1
Scru_reclas
 0.857279 1 1 1 1
 0.857279 1 1 1 1
 0.857279 1 1 1 1
 0.857279 1 1 1 1
 0.857279 1 1 1 1
 0.857279 1 1 1 1
 0.857279 1 1 1 1
 0.857279 1 1 1 1
 0.857279 1 1 1 1
 0.857279 1 1 1 1
 0.857279 1 1 1 1
 0.857279 1 1 1 1
 0.857279 1 1 1 1
 0.857279 1 1 1 1
 0.857279 1 1 1 1
 0.857279 1 1 1 1
 0.857279 1 1 1 1
 0.857279 1 1 1 1
 0.857279 1 1 1 1
 0.857279 1 1 1 1
 0.857279 1 1 1 1
 0.857279 1 1 1 1
 0.857279 1 1 1 1
 0.857279 1 1 1 1
 0.857279 1 1 1 1
 0.857279 1 1 1 1
Scru_pelaces
 1 1 1 1 1
 1 1 1 1 1
 1 1 1 1 1
 1 1 1 1 1
 1 1 1 1 1
 1 1 1 1 1
 1 1 1 1 1
 1 1 1 1 1
 1 1 1 1 1
 1 1 1 1 1
 1 1 1 1 1
 1 1 1 1 1
 1 1 1 1 1
 1 1 1 1 1
 1 1 1 1 1
 1 1 1 1 1
 1 1 1 1 1
 1 1 1 1 1
 1 1 1 1 1
 1 1 1 1 1
 1 1 1 1 1
 1 1 1 1 1
 1 1 1 1 1
 1 1 1 1 1
 1 1 1 1 1
 1 1 1 1 1
pf_obs 
 0.256992 0.487395 0.22802 0.0275931 0
 0.321318 0.546541 0.124235 0.00734118 0.000564706
 0.182869 0.594174 0.210203 0.0122559 0.00049798
 0.330522 0.361315 0.267642 0.0388342 0.00168674
 0.649043 0.306663 0.0425973 0.00169635 0
 0.582887 0.30429 0.105238 0.00758474 0
 0.465427 0.430635 0.0974691 0.00646863 0
 0.296916 0.608066 0.0921331 0.00288517 0
 0.311714 0.524322 0.152257 0.0117073 0
 0.15457 0.633149 0.183074 0.0267441 0.00246327
 0.131901 0.49318 0.331252 0.0422183 0.00144891
 0.196976 0.569456 0.194076 0.0375587 0.00193317
 0.518974 0.381816 0.0799577 0.0180837 0.00116848
 0.0928022 0.601141 0.25162 0.0475244 0.00691264
 0.122501 0.610282 0.24278 0.0234846 0.000952079
 0.383417 0.481906 0.127806 0.00687128 0
 0.0376549 0.599619 0.316969 0.0457579 0
 0.0361596 0.667082 0.258105 0.0386534 0
 0.158088 0.579412 0.248529 0.0139706 0
 0.0477256 0.309471 0.559284 0.082774 0.000745712
 0.0406174 0.521527 0.379366 0.0568643 0.0016247
 0.151134 0.462217 0.34131 0.0453401 0
 0.294876 0.26143 0.354403 0.0886775 0.000613685
 0.281977 0.475581 0.204845 0.0348837 0.00271318
 0.0841818 0.532909 0.334909 0.0458182 0.00218182
 0.115287 0.27431 0.454777 0.147771 0.00785563
pf_pred 
 0.309293 0.485527 0.183204 0.0219666 9.99101e-06
 0.293582 0.558674 0.103856 0.0391879 0.00470086
 0.157794 0.651363 0.150929 0.0280572 0.0118568
 0.289057 0.463738 0.191189 0.0443007 0.0117156
 0.296233 0.519283 0.120336 0.049612 0.0145358
 0.162795 0.61026 0.167454 0.0388051 0.0206859
 0.270605 0.433176 0.215922 0.0592484 0.021049
 0.236231 0.552892 0.125236 0.0624254 0.0232149
 0.288348 0.505621 0.149146 0.0337831 0.0231019
 0.246318 0.57734 0.125289 0.0369572 0.0140957
 0.138533 0.611022 0.191847 0.041633 0.0169646
 0.150724 0.497539 0.249481 0.0783314 0.0239255
 0.236795 0.461071 0.177002 0.0887539 0.0363783
 0.213417 0.602462 0.111232 0.0427011 0.0301878
 0.291853 0.583258 0.0956553 0.0176607 0.0115728
 0.323053 0.599548 0.0637492 0.010455 0.00319518
 0.205313 0.650902 0.127345 0.0135405 0.00289932
 0.268214 0.504894 0.18584 0.0363585 0.00469374
 0.261522 0.549963 0.130065 0.0478739 0.0105754
 0.308626 0.503643 0.139808 0.0330644 0.0148586
 0.26202 0.569313 0.122868 0.0341075 0.0116913
 0.263654 0.52108 0.166067 0.0358403 0.0133594
 0.291015 0.506362 0.143388 0.0456974 0.0135385
 0.27179 0.541816 0.133123 0.0376969 0.0155732
 0.0845621 0.662707 0.188042 0.0462015 0.0184878
 0.129846 0.338811 0.384651 0.109144 0.0375473
pobs_RECLAS
 0 0 0 0 0
 0 0 0 0 0
 0 0 0 0 0
 0 0 0 0 0
 0.835266 0.146461 0.0176864 0.000547809 3.91292e-05
 0.385257 0.428462 0.181853 0.0044286 0
 0.867414 0.0963971 0.0333333 0.00285562 0
 0.441836 0.489002 0.0689373 0.000224442 0
 0.779404 0.147425 0.0564933 0.0165055 0.000172143
 0.814271 0.122319 0.05973 0.00367925 0
 0.40263 0.566651 0.0304383 0.000280538 0
 0.475488 0.404961 0.113038 0.00651328 0
 0.955842 0.0263864 0.0167828 0.000988607 0
 0.975058 0.0227948 0.00214734 0 0
 0.738997 0.206755 0.0527124 0.00153531 0
 0.850938 0.134255 0.0134407 0.00136685 0
 0.542534 0.407297 0.0501686 0 0
 0.764087 0.199537 0.0359546 0.000420521 0
 0.470689 0.182191 0.310203 0.0369168 0
 0.84361 0.089868 0.0606195 0.00523954 0.000663233
 0.607945 0.314616 0.071237 0.00620181 0
 0.523733 0.453247 0.0230204 0 0
 0.530135 0.295979 0.169645 0.0042399 0
 0.562478 0.366248 0.0663022 0.0049721 0
 0.250443 0.683176 0.0655157 0.000865301 0
 0.195077 0.31981 0.436473 0.0351445 0.0134964
ppred_RECLAS
 0.715584 0.199928 0.0754388 0.0090453 4.11405e-06
 0.699094 0.237973 0.0442383 0.0166925 0.00200238
 0.521469 0.370097 0.0857558 0.0159417 0.00673688
 0.688758 0.203019 0.0837001 0.0193943 0.00512894
 0.694067 0.225736 0.0523112 0.0215667 0.00631883
 0.517174 0.351944 0.0965727 0.0223794 0.0119298
 0.669416 0.196328 0.0978622 0.0268532 0.00954006
 0.632182 0.266263 0.0603115 0.030063 0.0111799
 0.693122 0.218033 0.0643144 0.0145679 0.00996199
 0.642632 0.273753 0.0594074 0.0175237 0.00668365
 0.476588 0.371246 0.116563 0.0252955 0.0103074
 0.500134 0.292841 0.146839 0.0461042 0.014082
 0.64612 0.213788 0.0820715 0.0411531 0.0168678
 0.645493 0.271525 0.0501314 0.0192451 0.0136054
 0.739668 0.21442 0.0351653 0.00649252 0.00425447
 0.732877 0.236581 0.0251554 0.00412552 0.00126082
 0.592998 0.333362 0.0652203 0.0069348 0.0014849
 0.670816 0.227119 0.0835973 0.0163553 0.00211141
 0.661364 0.252191 0.0596427 0.0219531 0.00484946
 0.711073 0.210474 0.0584262 0.0138177 0.00620946
 0.658536 0.263422 0.0568513 0.0157816 0.00540956
 0.661126 0.239806 0.0764256 0.0164941 0.00614811
 0.691455 0.220365 0.0624014 0.0198872 0.00589187
 0.670562 0.245115 0.0602243 0.0170539 0.00704525
 0.334475 0.481789 0.136707 0.0335886 0.0134407
 0.448604 0.214697 0.243745 0.0691621 0.0237929
pobs_PELACES
 0 0 0 0 0
 0 0 0 0 0
 0 0 0 0 0
 0 0 0 0 0
 0 0 0 0 0
 0 0 0 0 0
 0 0 0 0 0
 0 0 0 0 0
 0 0 0 0 0
 0 0 0 0 0
 0.450072 0.473896 0.0757376 0.000293798 0
 0 0 0 0 0
 0.463077 0.371075 0.160297 0.00555027 0
 0.529543 0.364841 0.0842815 0.0213345 0
 0.631943 0.363953 0.00410389 0 0
 0.735681 0.248677 0.0153453 0.000297389 0
 0.695825 0.281241 0.0229344 0 0
 0.275771 0.60734 0.115278 0.00161068 0
 0 0 0 0 0
 0.896147 0.0623911 0.0374545 0.00400742 0
 0.803859 0.145111 0.0509908 3.86294e-05 0
 0.739449 0.233085 0.0266225 0.000797448 4.60066e-05
 0.878498 0.100942 0.0204185 0.000141795 0
 0.694673 0.275183 0.0284847 0.00165964 0
 0.469039 0.446079 0.0841089 0.000773354 0
 0.822795 0.102175 0.0682046 0.00682512 0
ppred_PELACES
 0.776245 0.157287 0.0593491 0.0071161 3.23659e-06
 0.759365 0.190307 0.0353775 0.013349 0.00160131
 0.621702 0.292576 0.0677934 0.0126026 0.00532577
 0.732129 0.174729 0.0720367 0.0166918 0.00441423
 0.72785 0.200809 0.0465346 0.0191852 0.00562106
 0.58092 0.305478 0.0838225 0.0194247 0.0103547
 0.716753 0.168216 0.0838492 0.0230081 0.00817401
 0.696148 0.219959 0.049823 0.0248349 0.00923565
 0.752527 0.175827 0.0518645 0.0117479 0.00803355
 0.698575 0.230899 0.0501077 0.0147805 0.00563738
 0.562022 0.310649 0.0975369 0.0211666 0.00862498
 0.582126 0.244806 0.122753 0.0385418 0.0117722
 0.73874 0.157833 0.060591 0.0303822 0.012453
 0.781309 0.167501 0.0309255 0.011872 0.00839301
 0.853028 0.121052 0.0198527 0.00366539 0.00240188
 0.800933 0.176307 0.0187465 0.00307445 0.000939594
 0.670013 0.270282 0.0528791 0.00562257 0.00120392
 0.731263 0.185414 0.0682466 0.0133521 0.0017237
 0.717333 0.210509 0.049785 0.0183247 0.00404795
 0.761597 0.173669 0.0482094 0.0114014 0.00512363
 0.702476 0.229524 0.0495355 0.0137508 0.00471344
 0.707667 0.206871 0.0659294 0.0142288 0.00530374
 0.737105 0.187761 0.0531688 0.0169448 0.00502014
 0.717126 0.210469 0.051712 0.0146434 0.00604945
 0.382596 0.446953 0.126822 0.03116 0.0124689
 0.503013 0.193511 0.219693 0.0623375 0.0214451
pobs_pel_tallas
 0 0 0 0 0 0 0 0 0 0 0 0 0 0 0 0 0 0 0 0 0 0 0 0 0 0 0 0 0 0 0 0 0 0 0 0
 0 0 0 0 0 0 0 0 0 0 0 0 0 0 0 0 0 0 0 0 0 0 0 0 0 0 0 0 0 0 0 0 0 0 0 0
 0 0 0 0 0 0 0 0 0 0 0 0 0 0 0 0 0 0 0 0 0 0 0 0 0 0 0 0 0 0 0 0 0 0 0 0
 0 0 0 0 0 0 0 0 0 0 0 0 0 0 0 0 0 0 0 0 0 0 0 0 0 0 0 0 0 0 0 0 0 0 0 0
 0 0 0 0 0 0 0 0 0 0 0 0 0 0 0 0 0 0 0 0 0 0 0 0 0 0 0 0 0 0 0 0 0 0 0 0
 0 0 0 0 0 0 0 0 0 0 0 0 0 0 0 0 0 0 0 0 0 0 0 0 0 0 0 0 0 0 0 0 0 0 0 0
 0 0 0 0 0 0 0 0 0 0 0 0 0 0 0 0 0 0 0 0 0 0 0 0 0 0 0 0 0 0 0 0 0 0 0 0
 0 0 0 0 0 0 0 0 0 0 0 0 0 0 0 0 0 0 0 0 0 0 0 0 0 0 0 0 0 0 0 0 0 0 0 0
 0 0 0 0 0 0 0 0 0 0 0 0 0 0 0 0 0 0 0 0 0 0 0 0 0 0 0 0 0 0 0 0 0 0 0 0
 0 0 0 0 0 0 0 0 0 0 0 0 0 0 0 0 0 0 0 0 0 0 0 0 0 0 0 0 0 0 0 0 0 0 0 0
 0 0 0 0 0 0 0 0 1.78061e-05 0.00172719 0.00360574 0.0105946 0.0120993 0.0124554 0.0147524 0.0171206 0.0266825 0.0428682 0.0675386 0.121331 0.153587 0.119568 0.100827 0.0573624 0.0630603 0.0341343 0.0324427 0.0444173 0.0211091 0.0280891 0.0125444 0.00206551 0 0 0 0
 0 0 0 0 0 0 0 0 0 0 0 0 0 0 0 0 0 0 0 0 0 0 0 0 0 0 0 0 0 0 0 0 0 0 0 0
 0 0 0 0 0 0 0.0133647 0.0140871 0.0187388 0.0205184 0.03894 0.0496705 0.03968 0.0493445 0.0407372 0.0367815 0.0215668 0.0243155 0.0234873 0.0199281 0.019796 0.0243948 0.0301388 0.0376714 0.0412746 0.0863199 0.0771752 0.113111 0.0741005 0.0525337 0.0229764 0.00759418 0.00175318 0 0 0
 0 0 0 0 0 0 0 0 0 0 0.00219441 0.00772107 0.0458388 0.0604681 0.0671733 0.0775358 0.0609151 0.0617685 0.073594 0.0568108 0.0755445 0.0548602 0.0670107 0.0636378 0.0643287 0.046367 0.0373049 0.0286899 0.0247887 0.0153202 0.00654259 0.00121912 0.000365735 0 0 0
 0 0 0 0 0 0 0 0 0 0 0 0 0.000112435 0.00938835 0.0111873 0.0202946 0.0414886 0.0713402 0.111592 0.104902 0.108894 0.110636 0.117776 0.105296 0.107544 0.0401394 0.0192827 0.0124803 0.00416011 0.0028671 0.000618394 0 0 0 0 0
 0 0 0 0 0 0 0 0 0 0 0.00291406 0.0102884 0.027416 0.0768956 0.0749926 0.110853 0.0956884 0.0897413 0.0766577 0.0534642 0.0500743 0.0551293 0.0594112 0.0620874 0.0668451 0.0424026 0.0208742 0.0120726 0.0048766 0.00582813 0.00118941 0.000297354 0 0 0 0
 0 0.00264628 0.0354308 0.0461629 0.0458689 0.0383711 0.0214643 0.0164657 0.0346957 0.0420465 0.0363128 0.0245516 0.0311673 0.0291091 0.0169068 0.0133784 0.00837989 0.0085269 0.0148486 0.0160247 0.0276389 0.0546898 0.0760071 0.122758 0.109233 0.0665981 0.0333725 0.0166128 0.00676272 0.00308733 0.000882094 0 0 0 0 0
 0 0 0 0 0 0 0 0.000805153 0.000690131 0.00759144 0.0133425 0.0154129 0.00931677 0.000345066 0.00356568 0.00563607 0.00851162 0.0253048 0.0502646 0.0516448 0.0657925 0.0565908 0.0611916 0.0827007 0.0866115 0.110766 0.145733 0.0935128 0.0569358 0.0249597 0.0138026 0.00621118 0.00161031 0.00115022 0 0
 0 0 0 0 0 0 0 0 0 0 0 0 0 0 0 0 0 0 0 0 0 0 0 0 0 0 0 0 0 0 0 0 0 0 0 0
 0.00147267 0.00158595 0.00478618 0.00569244 0.00954404 0.0108468 0.00647125 0.017049 0.0510054 0.094081 0.124002 0.0959785 0.0687766 0.0820023 0.061753 0.0591476 0.0492212 0.0479892 0.0443925 0.0268479 0.0217502 0.0140895 0.0121071 0.0120363 0.00920419 0.00665534 0.0049561 0.00860946 0.00930331 0.0156896 0.0114698 0.00855282 0.00243557 0.00046729 0 2.83206e-05
 0 0 0 0 0.000772559 0.00158375 0.000888443 0.00281984 0.00712685 0.0440552 0.0773331 0.111326 0.0921469 0.0852325 0.0710754 0.0886704 0.0786465 0.0553345 0.0373146 0.0185414 0.00753245 0.00457741 0.012979 0.0271748 0.0457355 0.0583668 0.034881 0.0177882 0.00938659 0.00492506 0.0015258 0.00185414 0.000309023 5.79419e-05 3.86279e-05 0
 0 0.00173294 0.00326652 0 0.00397197 0.00683976 0.00946217 0.0152591 0.00757587 0.0136028 0.0228656 0.0392903 0.0559909 0.0764795 0.0681675 0.0726916 0.0566044 0.0477403 0.0527397 0.0444891 0.0609904 0.0582453 0.0661739 0.0445044 0.0529084 0.0360697 0.0280645 0.0235558 0.0158879 0.00826598 0.00280645 0.00217768 0.000904811 0.00058276 9.20147e-05 0
 0 0 0 0 0 0 0 0 0 0 0 0 0 0 0 0 0 0 0 0 0 0 0 0 0 0 0 0 0 0 0 0 0 0 0 0
 0 0 0 0 0 0 0 0 0 0 0 0 0 0 0 0 0 0 0 0 0 0 0 0 0 0 0 0 0 0 0 0 0 0 0 0
 0 0 0 0 0 0 0 0 0 0 0 0 0 0 0 0 0 0 0 0 0 0 0 0 0 0 0 0 0 0 0 0 0 0 0 0
 0 0 0 0 0 0 0 0 0 0 0 0 0 0 0 0 0 0 0 0 0 0 0 0 0 0 0 0 0 0 0 0 0 0 0 0
ppred_pel_tallas
 1.01139e-16 3.38671e-05 0.000198776 0.000944899 0.00363792 0.0113445 0.0286554 0.0586326 0.0971894 0.130521 0.142027 0.125266 0.0896436 0.0522638 0.025266 0.0109626 0.00564872 0.00496576 0.00624324 0.00830913 0.0106849 0.0130824 0.015237 0.0169011 0.0178871 0.0181057 0.0175825 0.016443 0.0148752 0.0130823 0.0112415 0.0094802 0.00787149 0.00644423 0.00519973 0.00412704
 1.01098e-16 3.31323e-05 0.000194459 0.000924371 0.00355888 0.011098 0.0280327 0.0573588 0.095079 0.12769 0.138955 0.122576 0.0877598 0.0512497 0.0249324 0.0110841 0.00609303 0.00570218 0.00729466 0.00970356 0.0124227 0.0151181 0.0174729 0.0191948 0.0200704 0.020013 0.0190803 0.0174533 0.0153864 0.0131457 0.0109549 0.0089654 0.00725034 0.00582007 0.0046464 0.00368601
 1.0174e-16 2.71338e-05 0.000159233 0.00075688 0.00291396 0.00908685 0.0229528 0.0469657 0.0778554 0.104571 0.113831 0.100493 0.0721235 0.0424701 0.0213186 0.0105959 0.0074083 0.00831646 0.0111853 0.0150084 0.0192517 0.0234597 0.0271552 0.029888 0.0313255 0.0313274 0.0299742 0.0275355 0.0243949 0.0209564 0.0175628 0.0144491 0.0117339 0.00944167 0.00753842 0.0059664
 1.0186e-16 3.19441e-05 0.000187485 0.000891216 0.00343123 0.0107 0.0270272 0.0553014 0.0916685 0.123109 0.133969 0.118176 0.0846053 0.0493992 0.024018 0.0106564 0.00583483 0.00545424 0.00700132 0.00936539 0.0120767 0.0148328 0.0173447 0.0193388 0.0206043 0.0210365 0.0206546 0.0195859 0.0180249 0.0161829 0.0142436 0.0123394 0.0105467 0.00889873 0.00740314 0.0060583
 1.01648e-16 3.17585e-05 0.000186393 0.000886021 0.00341122 0.0106376 0.0268696 0.0549791 0.091135 0.122395 0.133198 0.117509 0.0841574 0.0491972 0.0240301 0.0108475 0.00619796 0.0060098 0.00777885 0.0103834 0.0133258 0.0162647 0.0188694 0.0208312 0.0219219 0.0220432 0.0212458 0.0197079 0.0176841 0.0154416 0.0132059 0.0111298 0.00928896 0.00769792 0.00633517 0.00516644
 1.02441e-16 2.5356e-05 0.000148795 0.000707253 0.00272288 0.00849097 0.0214477 0.0438862 0.0727516 0.0977194 0.10638 0.0939352 0.0674607 0.0398121 0.0201475 0.0102841 0.0075354 0.0087019 0.0117946 0.0158662 0.0203943 0.0249151 0.0289344 0.0319815 0.0337046 0.0339478 0.0327814 0.0304696 0.0273945 0.02396 0.0205103 0.0172824 0.0143987 0.0118904 0.00973348 0.00788334
 1.02418e-16 3.12734e-05 0.000183548 0.0008725 0.00335917 0.0104752 0.0264596 0.05414 0.0897433 0.120524 0.131156 0.115693 0.0828275 0.0483602 0.0235115 0.0104308 0.00571311 0.00534847 0.00688094 0.00922962 0.0119426 0.0147319 0.0173219 0.0194481 0.0209024 0.0215736 0.0214652 0.0206811 0.019389 0.0177735 0.0159973 0.0141795 0.0123933 0.0106773 0.00905184 0.00753251
 1.02064e-16 3.03769e-05 0.00017828 0.000847447 0.00326269 0.0101744 0.0256997 0.0525855 0.0871682 0.11707 0.12741 0.112419 0.0805481 0.0471596 0.02317 0.0106883 0.00642695 0.00650133 0.00851869 0.0113968 0.0146367 0.0178764 0.0207567 0.0229411 0.0241801 0.0243659 0.0235529 0.0219338 0.0197838 0.0173911 0.0149977 0.012766 0.010775 0.00903816 0.00753131 0.00621833
 1.01573e-16 3.28336e-05 0.000192707 0.000916042 0.00352681 0.010998 0.0277802 0.056842 0.094222 0.126538 0.137699 0.121462 0.0869496 0.050751 0.0246429 0.010877 0.00587181 0.00540858 0.00689865 0.00919624 0.0118167 0.0144503 0.0168052 0.0186092 0.0196585 0.0198609 0.0192532 0.0179832 0.0162659 0.0143295 0.0123684 0.010517 0.0088453 0.00737273 0.00608842 0.00497056
 1.01558e-16 3.04832e-05 0.000178903 0.000850407 0.00327408 0.0102099 0.0257895 0.0527692 0.087473 0.11748 0.127858 0.11282 0.0808468 0.0473574 0.0233096 0.0108235 0.00660298 0.00675135 0.00886524 0.0118515 0.015197 0.0185213 0.021445 0.0236133 0.0247652 0.0247909 0.0237546 0.0218687 0.0194345 0.0167681 0.0141366 0.0117212 0.00961151 0.00782328 0.00632768 0.00507867
 1.02617e-16 2.45322e-05 0.000143958 0.000684257 0.00263433 0.00821484 0.0207502 0.0424592 0.0703865 0.0945441 0.102928 0.0908962 0.0652993 0.0385793 0.019603 0.0101368 0.00759048 0.00887601 0.0120728 0.0162616 0.020927 0.0256018 0.0297844 0.0329941 0.0348683 0.035241 0.0341736 0.031924 0.0288702 0.0254148 0.0219033 0.0185766 0.0155641 0.0129059 0.0105884 0.00857738
 1.03697e-16 2.54062e-05 0.000149095 0.000708692 0.00272844 0.00850832 0.0214915 0.0439754 0.0728977 0.0979106 0.106575 0.0940766 0.0674948 0.0396974 0.0198419 0.00972809 0.00664558 0.00738087 0.00995375 0.0134557 0.0174348 0.0215215 0.0253242 0.0284598 0.0306253 0.0316575 0.0315591 0.0304778 0.0286533 0.02635 0.0238004 0.0211744 0.0185769 0.0160637 0.0136662 0.01141
 1.02538e-16 3.22317e-05 0.000189175 0.000899254 0.00346218 0.0107965 0.0272711 0.0558001 0.0924947 0.124217 0.13517 0.119225 0.0853335 0.0497782 0.0241161 0.0105536 0.00557206 0.00503037 0.00639332 0.00854951 0.0110443 0.0136008 0.0159611 0.0178814 0.0191735 0.0197422 0.0196008 0.0188559 0.017671 0.0162213 0.0146559 0.0130777 0.0115426 0.0100721 0.00867144 0.00734404
 1.01294e-16 3.40882e-05 0.000200073 0.000951066 0.00366167 0.0114186 0.0288424 0.0590153 0.097824 0.131374 0.142957 0.12609 0.0902405 0.0526272 0.0254697 0.0110972 0.00578153 0.005134 0.00646202 0.00857711 0.0109851 0.0133816 0.0154871 0.0170452 0.0178687 0.0178808 0.0171311 0.0157758 0.0140349 0.0121373 0.0102747 0.00857448 0.00709673 0.00584758 0.00480127 0.00392095
 1.0056e-16 3.72136e-05 0.000218427 0.00103833 0.00399766 0.0124664 0.031489 0.0644301 0.106798 0.143419 0.156049 0.137601 0.0983998 0.0572255 0.0273955 0.0114236 0.00521012 0.00394212 0.00467524 0.00613335 0.00782902 0.00950988 0.0109666 0.0120123 0.0125123 0.0124139 0.0117574 0.0106624 0.00929578 0.00783132 0.00641528 0.00514601 0.00407046 0.00319358 0.00249415 0.00194024
 1.00474e-16 3.49442e-05 0.000205098 0.000974953 0.00375364 0.0117054 0.0295669 0.0604976 0.100281 0.134674 0.146548 0.129259 0.0925108 0.0539557 0.0261205 0.0113926 0.00594874 0.00528717 0.00664214 0.00878706 0.0112045 0.0135705 0.0155873 0.016985 0.0175712 0.017276 0.0161674 0.0144312 0.0123223 0.0101046 0.00799888 0.00615236 0.00463256 0.00344152 0.00253967 0.00186981
 1.01089e-16 2.92394e-05 0.000171597 0.000815665 0.0031403 0.0097927 0.0247357 0.0506135 0.0839009 0.112687 0.122653 0.108255 0.0776348 0.045596 0.0226659 0.0108989 0.00715364 0.00770584 0.0102488 0.013711 0.0175522 0.021338 0.0246237 0.0269932 0.0281427 0.02795 0.0265003 0.0240561 0.0209871 0.0176805 0.0144648 0.0115642 0.00908999 0.0070608 0.00543637 0.00415099
 1.01569e-16 3.19068e-05 0.000187265 0.000890168 0.00342719 0.0106874 0.0269954 0.0552364 0.0915611 0.122966 0.133816 0.118046 0.0845247 0.0493769 0.0240532 0.0107497 0.00599446 0.00569493 0.00733889 0.00981007 0.0126269 0.0154702 0.0180327 0.0200243 0.0212243 0.0215277 0.0209637 0.0196783 0.0178899 0.015834 0.0137148 0.0116781 0.00980613 0.00813052 0.00665212 0.00535917
 1.01595e-16 3.13003e-05 0.000183702 0.000873226 0.00336195 0.0104839 0.0264816 0.0541852 0.0898193 0.120629 0.131279 0.115823 0.0829664 0.048533 0.0237657 0.0108296 0.00632909 0.00625524 0.00814047 0.0108742 0.0139545 0.0170276 0.0197471 0.0217888 0.0229131 0.0230166 0.0221529 0.0205097 0.0183553 0.0159721 0.0135989 0.0113984 0.0094522 0.00777719 0.00635149 0.00513889
 1.01373e-16 3.3229e-05 0.000195028 0.000927079 0.00356931 0.0111306 0.0281149 0.0575268 0.0953571 0.128062 0.139356 0.122921 0.0879879 0.0513446 0.0249076 0.0109536 0.00585494 0.00533985 0.00678705 0.00903723 0.0116022 0.0141731 0.0164606 0.0181958 0.0191781 0.0193188 0.0186571 0.0173431 0.0155936 0.0136382 0.0116727 0.00983207 0.0081865 0.00675427 0.00552242 0.00446604
 1.01471e-16 3.06533e-05 0.000179902 0.000855154 0.00329236 0.0102669 0.0259334 0.0530638 0.0879612 0.118136 0.128571 0.113447 0.0812927 0.0476114 0.0234212 0.0108527 0.00658991 0.0067133 0.00880561 0.0117682 0.015087 0.0183824 0.021277 0.0234177 0.0245451 0.0245506 0.0234987 0.0216015 0.0191602 0.0164906 0.0138598 0.011449 0.00934835 0.00757381 0.00609637 0.0048694
 1.01741e-16 3.08787e-05 0.000181227 0.00086146 0.00331665 0.0103426 0.0261247 0.0534551 0.0886091 0.119004 0.129511 0.114264 0.0818505 0.0478833 0.0234535 0.0106986 0.00627041 0.00621666 0.00810642 0.0108479 0.0139502 0.0170673 0.0198588 0.0220034 0.0232591 0.0235148 0.0228107 0.0213177 0.0192868 0.0169859 0.0146446 0.0124238 0.0104102 0.00863104 0.00707837 0.00573024
 1.01633e-16 3.21616e-05 0.000188761 0.000897279 0.00345457 0.0107727 0.0272111 0.0556777 0.0922925 0.123948 0.134884 0.118988 0.0851986 0.0497687 0.0242402 0.0108259 0.0060247 0.00570947 0.00734536 0.00980423 0.0125977 0.015402 0.0179066 0.0198213 0.0209289 0.0211319 0.0204704 0.0191032 0.0172607 0.0151873 0.0130909 0.0111146 0.00933323 0.00776666 0.00640271 0.0052175
 1.01589e-16 3.12913e-05 0.000183649 0.000872974 0.00336098 0.0104809 0.0264739 0.0541695 0.0897934 0.120594 0.131241 0.11579 0.0829426 0.0485195 0.0237596 0.010828 0.00632978 0.00625746 0.00814429 0.0108801 0.0139631 0.0170397 0.0197631 0.021809 0.0229371 0.0230436 0.0221814 0.0205376 0.0183805 0.0159924 0.0136125 0.0114045 0.0094508 0.0077693 0.0063388 0.00512348
 1.036e-16 1.6714e-05 9.80454e-05 0.000465954 0.00179377 0.00559353 0.0141292 0.0289132 0.0479378 0.0644127 0.0701821 0.0621158 0.0449231 0.0271434 0.0149054 0.00952101 0.00933605 0.0123279 0.0172024 0.0232473 0.0299067 0.0365514 0.0424674 0.0469665 0.0495324 0.0499342 0.0482708 0.0449247 0.040451 0.0354377 0.0303865 0.0256442 0.021392 0.0176788 0.0144739 0.0117164
 1.06326e-16 2.19546e-05 0.000128836 0.000612385 0.00235765 0.00735203 0.0185707 0.037999 0.0629906 0.0846041 0.0920909 0.08129 0.0583199 0.0343 0.0171461 0.00841942 0.00579018 0.00650258 0.00887751 0.0121731 0.0160502 0.0202412 0.0244477 0.0283534 0.0316724 0.0341948 0.0358104 0.0365035 0.0363277 0.0353727 0.0337385 0.0315244 0.0288326 0.0257768 0.0224893 0.0191175
pSPR Fmed_Fpbrs
0.452664   0.346421 0.346421
Fs Fmed_Fpbrs
0.64   1.005 1.005
SSBpbr Bo_Bmed_Bpbrs
1.21836e+06  490591  361148 361148
Ro
38067.2
SPR SPRFo_SPRFmed_SPRFpbrs
786254 355909 272375
log_Ro
10.3671
likeval ReclasPelacesDesembMPH_pf_preclas_ppelaces_ptallas_desvR_qrecl_qpela
 66.769 14.5004 0.00808515 18.7324 333.983 199.893 55.4886 0 16.782 2.05523e-05 4.29742e-05 0 0 0 0
q_reclas_q_pelaces
0.526023 2.54122
M
0.7
N
 39375.5 12151.3 4585.07 549.761 0.250046
 48329.6 17762 3301.89 1245.9 149.455
 24490.8 21990.3 5095.41 947.22 400.289
 38082.4 10493.4 4326.18 1002.43 265.098
 64595.1 18300.5 4240.88 1748.42 512.269
 46695.6 31883.2 8748.69 2027.38 1080.74
 78277.1 21845.6 10889.2 2987.97 1061.53
 84537.4 37363.4 8463.21 4218.58 1568.82
 116028 38882.3 11469.3 2597.92 1776.54
 124924 53062.2 11515.1 3396.66 1295.51
 65870.4 58581.8 18393.4 3991.57 1626.49
 44707.6 29343.2 14713.6 4619.73 1411.05
 46018.8 20054.9 7698.93 3860.47 1582.33
 24490 19418.8 3585.27 1376.36 973.024
 15530.7 9020.75 1479.42 273.143 178.987
 14279.8 5589.79 594.355 97.4753 29.7898
 9853.37 6217.5 1216.42 129.34 27.6947
 12401.8 4417.76 1626.07 318.132 41.0696
 14802.8 5698.43 1347.67 496.045 109.577
 23157.7 6909.04 1917.91 453.582 203.833
 29310.4 10815.1 2334.1 647.931 222.096
 41458.1 14156.4 4511.61 973.69 362.94
 65402.4 19869.8 5626.59 1793.18 531.256
 90143.7 31196.8 7664.99 2170.52 896.678
 32096.5 43110.3 12232.5 3005.49 1202.67
 34132.4 15438.7 17527.5 4973.41 1710.93
pred_Ctot
 2608.7 4095.13 1545.22 185.275 0.0842683
 2924.93 5566.01 1034.7 390.425 46.8342
 2436.87 10059.2 2330.84 433.296 183.108
 886.041 1421.49 586.048 135.794 35.9116
 280.747 492.136 114.046 47.0184 13.7759
 1951.29 7314.7 2007.14 465.126 247.945
 2188.77 3503.7 1746.46 479.225 170.253
 4506.1 10546.4 2388.87 1190.76 442.823
 6629.27 11624.5 3428.93 776.69 531.125
 5018.57 11762.9 2552.69 752.979 287.191
 4906.95 21642.9 6795.38 1474.67 600.901
 3126.48 10320.5 5175 1624.84 496.288
 5019.33 9773.26 3751.88 1881.31 771.107
 4627.06 13061.9 2411.6 925.796 654.496
 3131.24 6257.68 1026.27 189.479 124.163
 1274.85 2365.96 251.57 41.2579 12.609
 692.388 2195.06 429.452 45.6631 9.77751
 669.339 1259.98 463.77 90.7339 11.7134
 642.12 1350.33 319.351 117.546 25.966
 995.122 1623.93 450.793 106.612 47.9097
 578.328 1256.58 271.194 75.2817 25.8048
 1041.54 2058.47 656.031 141.584 52.7749
 1859.63 3235.73 916.273 292.014 86.5134
 2400.27 4784.96 1175.66 332.914 137.532
 725.382 5684.77 1613.04 396.321 158.591
 893.078 2330.33 2645.62 750.69 258.249
F
 0.0960854 0.602945 0.602945 0.602945 0.602945
 0.0874441 0.548719 0.548719 0.548719 0.548719
 0.147554 0.925915 0.925915 0.925915 0.925915
 0.0328235 0.205971 0.205971 0.205971 0.205971
 0.00605969 0.0380251 0.0380251 0.0380251 0.0380251
 0.05965 0.374309 0.374309 0.374309 0.374309
 0.0395645 0.248271 0.248271 0.248271 0.248271
 0.0766548 0.481016 0.481016 0.481016 0.481016
 0.0823703 0.516881 0.516881 0.516881 0.516881
 0.0572858 0.359473 0.359473 0.359473 0.359473
 0.108629 0.681655 0.681655 0.681655 0.681655
 0.101669 0.63798 0.63798 0.63798 0.63798
 0.162809 1.02164 1.02164 1.02164 1.02164
 0.298736 1.87459 1.87459 1.87459 1.87459
 0.321877 2.01981 2.01981 2.01981 2.01981
 0.131477 0.825031 0.825031 0.825031 0.825031
 0.102182 0.6412 0.6412 0.6412 0.6412
 0.0776494 0.487257 0.487257 0.487257 0.487257
 0.0619839 0.388955 0.388955 0.388955 0.388955
 0.0613866 0.385206 0.385206 0.385206 0.385206
 0.0277744 0.174287 0.174287 0.174287 0.174287
 0.0354837 0.222664 0.222664 0.222664 0.222664
 0.0402443 0.252537 0.252537 0.252537 0.252537
 0.0376444 0.236222 0.236222 0.236222 0.236222
 0.03187 0.199987 0.199987 0.199987 0.199987
 0.0369804 0.232056 0.232056 0.232056 0.232056
Np
 25350.4 10725.6 2969.12 1104.97 1482.51
YTP_r0W_actual
 32997.5 189130 298409 99304.8 37133.1
YTP_p0W_proyectada
 22329 170165 92059.8 133473 58576.9
 22329 111736 44964.9 21370.4 31817.9
CTP_r0_actual
 3666.39 7446.07 8453.51 2398.67 825.18
CTP_p0_proyectada
 2723.05 7878 2931.84 3328.51 1316.33
 2723.05 5172.95 1432 532.928 715.01
Wmedp
 8.2 21.6 31.4 40.1 44.5
nmprior
 10.8 10.6 4.6 0
nm_flota  nm_reclas  nm_pelaces    nm_pelaL
inf 16.8091 15.7361 47.3866
cv_recla  cv_pelaces  cv_mph
0.722869 0.417139 0.588979
 ------------------------------------------------
Talla a la edad & desviaci?n 
 7.2 14.2025 17.0495 18.207 18.6776
 1.08 2.13037 2.55742 2.73105 2.80164
