    unsorted:	 3.546994399e-06 0.008112246672 5.687564114 7.480990274 17.93613393 19.88155896 23.75553903 32.02766176 42.61054587 67.96719473 87.15640350 154.5710007 162.1664782 206.9130480 281.1637629 418.4641591 455.2269797 504.0292511 609.3173076 701.6465353 800.9123998 768.5816155 845.5337085 906.7229978 1041.551113 1150.101414 1326.547534 1425.113472 1600.125353 1754.905951 1935.061532 1994.939600 2426.578366 2673.323763 2940.432543 3211.809922 3355.255294 4059.525179 4173.679859 4257.448003 4349.264401 4686.739198 22895.81162 188913.6544 376980.6880 372012.1202 342457.5787 405298.1094 426212.5944 454918.5449 461996.6779 272011.9204 544982.9522 557720.7743 660186.0086 695296.5539 754293.0090 892633.5403 1008666.752 1131386.683 1250847.812 1427878.794 1568608.672 1777664.798 1960775.370 2186567.089 2434367.199 2552792.182 2655582.648 33274570.44
      sorted:	 3.546994399e-06 0.008112246672 5.687564114 7.480990274 17.93613393 19.88155896 23.75553903 32.02766176 42.61054587 67.96719473 87.15640350 154.5710007 162.1664782 206.9130480 281.1637629 418.4641591 455.2269797 504.0292511 609.3173076 701.6465353 768.5816155 800.9123998 845.5337085 906.7229978 1041.551113 1150.101414 1326.547534 1425.113472 1600.125353 1754.905951 1935.061532 1994.939600 2426.578366 2673.323763 2940.432543 3211.809922 3355.255294 4059.525179 4173.679859 4257.448003 4349.264401 4686.739198 22895.81162 188913.6544 272011.9204 342457.5787 372012.1202 376980.6880 405298.1094 426212.5944 454918.5449 461996.6779 544982.9522 557720.7743 660186.0086 695296.5539 754293.0090 892633.5403 1008666.752 1131386.683 1250847.812 1427878.794 1568608.672 1777664.798 1960775.370 2186567.089 2434367.199 2552792.182 2655582.648 33274570.44
