years
 1997 1998 1999 2000 2001 2002 2003 2004 2005 2006 2007 2008 2009 2010 2011 2012 2013 2014 2015 2016 2017 2018 2019 2020
reclasobs
 0 0 0 370054 412103 1.49427e+06 250295 1.28982e+06 931140 785840 897777 1.04006e+06 184774 17550 25797 100020 73551 82996 120727 218422 84188 347160 605670 569463
reclaspred
 517797 132826 339311 231977 356184 405130 899599 631481 767944 771645 623651 424231 269257 114609 73326.1 67735.5 75799 101280 111353 162363 240311 231279 397014 441641
pelacesobs
 0 0 0 0 0 0 0 0 0 2.06254e+06 1.5e+06 0 1.87456e+06 323000 250000 174000 83755 137374 0 501740 490994 745055 786931 1.00524e+06
pelacespred
 2.12664e+06 452242 734984 768781 1.03041e+06 934575 2.5155e+06 2.02805e+06 2.28365e+06 2.28479e+06 1.63577e+06 1.1606e+06 722842 240378 157503 156609 184055 255578 280018 405995 696561 625973 894204 1.14131e+06
mphobs
 0 0 0 0 0 0 112323 0 153150 637223 0 255016 313432 73983 77613 109348 50772 17779 17303 59886 28197 0 207744 136588
mphpred
 172601 96398.9 106514 107895 118238 189831 275930 325373 295757 330217 333193 232410 139880 120617 49123.9 40082.9 42768.6 55799.2 31302.2 35987.6 58406.3 73377.8 94710.2 133046
desembarqueobs
 350755 77701 442110 56441 14545 235359 269955 359681 431902 328805 639364 411747 362871 311530 167758 66681 60226 58785 57116 73181 50977 67692 138656 160484
desembarquepred
 350761 77699.3 442093 56443.1 14545.1 235427 270000 359647 431887 328799 639312 411801 363033 311650 167613 66681.6 60254.6 58776.7 57097.9 73175.4 50976.1 67677.9 138651 160484
Reclutas
 39575.6 48574 24696.6 38299.7 64902.8 46915.1 78541.2 84599.1 115727 124311 65882.5 44849.6 45983.5 24534.7 15555.2 14241.2 9810.52 12391.5 14824.1 23107 29510.4 43132.3 59194 56291.1
log_desv_Rt
 0.0478991 0.252776 -0.423649 0.0151271 0.542577 0.218025 0.733309 0.80761 1.12092 1.19247 0.55756 0.173002 0.197969 -0.430226 -0.885919 -0.974173 -1.34686 -1.1133 -0.934063 -0.490179 -0.245569 0.133959 0.450506 0.400224
SSB
 536462 299617 331056 335347 367496 590014 834388 999771 898191 1.00539e+06 1.0356e+06 722354 449426 234129 100351 82027.5 91092.5 112972 143277 173541 265652 325259 431759 578657
BT
 1.72734e+06 440518 740190 583205 712564 821792 1.89534e+06 1.78254e+06 1.9472e+06 1.86725e+06 1.68194e+06 1.16455e+06 842461 453910 244287 160786 173601 220979 238392 334082 515314 488950 702279 908680
Ftot
 0.590426 0.538839 0.910346 0.202116 0.0374863 0.370784 0.245608 0.476304 0.512616 0.35836 0.683081 0.6399 1.02245 1.88019 2.0276 0.830895 0.645636 0.490427 0.390379 0.384931 0.174092 0.220635 0.247622 0.261191
BD_Bspro_t
 0.928554 0.683216 0.608745 0.431997 0.582276 0.742598 0.689073 0.699956 0.643985 0.624176 0.601935 0.440565 0.332893 0.230224 0.126538 0.127557 0.187376 0.289289 0.39691 0.503238 0.631956 0.732846 0.753947 0.74964
BD_Bspro
 0.691119 0.385994 0.426497 0.432025 0.473443 0.76011 1.07493 1.288 1.15713 1.29523 1.33415 0.930602 0.578992 0.301626 0.129281 0.105675 0.117354 0.145541 0.184583 0.223572 0.342237 0.419029 0.556231 0.745479
BD_Bo
 0.471468 0.263318 0.290948 0.294719 0.322973 0.518532 0.733299 0.878646 0.789372 0.883584 0.910133 0.634839 0.394977 0.205763 0.0881929 0.0720896 0.0800564 0.0992853 0.125919 0.152516 0.233467 0.285853 0.37945 0.508551
BD_Brms
 1.60122 0.89429 0.988128 1.00094 1.09689 1.76106 2.49046 2.98409 2.6809 3.00086 3.09103 2.15606 1.34143 0.698821 0.299524 0.244833 0.271891 0.337197 0.42765 0.517981 0.79291 0.970825 1.2887 1.72716
S_f
 0.163779 1 1 1 1
 0.163779 1 1 1 1
 0.163779 1 1 1 1
 0.163779 1 1 1 1
 0.163779 1 1 1 1
 0.163779 1 1 1 1
 0.163779 1 1 1 1
 0.163779 1 1 1 1
 0.163779 1 1 1 1
 0.163779 1 1 1 1
 0.163779 1 1 1 1
 0.163779 1 1 1 1
 0.163779 1 1 1 1
 0.163779 1 1 1 1
 0.163779 1 1 1 1
 0.163779 1 1 1 1
 0.163779 1 1 1 1
 0.163779 1 1 1 1
 0.163779 1 1 1 1
 0.163779 1 1 1 1
 0.163779 1 1 1 1
 0.163779 1 1 1 1
 0.163779 1 1 1 1
 0.163779 1 1 1 1
Scru_reclas
 0.989659 1 1 1 1
 0.989659 1 1 1 1
 0.989659 1 1 1 1
 0.989659 1 1 1 1
 0.989659 1 1 1 1
 0.989659 1 1 1 1
 0.989659 1 1 1 1
 0.989659 1 1 1 1
 0.989659 1 1 1 1
 0.989659 1 1 1 1
 0.989659 1 1 1 1
 0.989659 1 1 1 1
 0.989659 1 1 1 1
 0.989659 1 1 1 1
 0.989659 1 1 1 1
 0.989659 1 1 1 1
 0.989659 1 1 1 1
 0.989659 1 1 1 1
 0.989659 1 1 1 1
 0.989659 1 1 1 1
 0.989659 1 1 1 1
 0.989659 1 1 1 1
 0.989659 1 1 1 1
 0.989659 1 1 1 1
Scru_pelaces
 1 1 1 1 1
 1 1 1 1 1
 1 1 1 1 1
 1 1 1 1 1
 1 1 1 1 1
 1 1 1 1 1
 1 1 1 1 1
 1 1 1 1 1
 1 1 1 1 1
 1 1 1 1 1
 1 1 1 1 1
 1 1 1 1 1
 1 1 1 1 1
 1 1 1 1 1
 1 1 1 1 1
 1 1 1 1 1
 1 1 1 1 1
 1 1 1 1 1
 1 1 1 1 1
 1 1 1 1 1
 1 1 1 1 1
 1 1 1 1 1
 1 1 1 1 1
 1 1 1 1 1
pf_obs 
 0.256992 0.487395 0.22802 0.0275931 0
 0.321318 0.546541 0.124235 0.00734118 0.000564706
 0.182869 0.594174 0.210203 0.0122559 0.00049798
 0.330522 0.361315 0.267642 0.0388342 0.00168674
 0.649043 0.306663 0.0425973 0.00169635 0
 0.582887 0.30429 0.105238 0.00758474 0
 0.465427 0.430635 0.0974691 0.00646863 0
 0.296916 0.608066 0.0921331 0.00288517 0
 0.311714 0.524322 0.152257 0.0117073 0
 0.15457 0.633149 0.183074 0.0267441 0.00246327
 0.131901 0.49318 0.331252 0.0422183 0.00144891
 0.196976 0.569456 0.194076 0.0375587 0.00193317
 0.518974 0.381816 0.0799577 0.0180837 0.00116848
 0.0928022 0.601141 0.25162 0.0475244 0.00691264
 0.122501 0.610282 0.24278 0.0234846 0.000952079
 0.383417 0.481906 0.127806 0.00687128 0
 0.0376549 0.599619 0.316969 0.0457579 0
 0.0361596 0.667082 0.258105 0.0386534 0
 0.158088 0.579412 0.248529 0.0139706 0
 0.0477256 0.309471 0.559284 0.082774 0.000745712
 0.0406174 0.521527 0.379366 0.0568643 0.0016247
 0.151134 0.462217 0.34131 0.0453401 0
 0.294876 0.26143 0.354403 0.0886775 0.000613685
 0.281977 0.475581 0.204845 0.0348837 0.00271318
pf_pred 
 0.312067 0.483789 0.182313 0.0218208 9.72153e-06
 0.297525 0.552945 0.105157 0.0396277 0.00474508
 0.160695 0.646933 0.151423 0.028797 0.0121514
 0.292921 0.458588 0.191536 0.0448315 0.0121235
 0.301161 0.514157 0.119778 0.0500272 0.0148761
 0.166136 0.607137 0.16681 0.0388602 0.0210568
 0.275241 0.429423 0.215034 0.0590803 0.0212212
 0.240086 0.549205 0.124846 0.0625167 0.023346
 0.292504 0.501258 0.149053 0.0338828 0.0233029
 0.25062 0.572612 0.125239 0.0372408 0.0142878
 0.142315 0.60732 0.191307 0.041842 0.0172155
 0.155157 0.49556 0.247325 0.0779079 0.0240505
 0.241768 0.459203 0.175402 0.0875397 0.0360878
 0.218829 0.598013 0.110925 0.0423699 0.0298634
 0.299122 0.577588 0.0943821 0.0175068 0.0114003
 0.3306 0.593343 0.0626781 0.010242 0.00313691
 0.210572 0.647526 0.125779 0.0132867 0.00283611
 0.275376 0.500769 0.183617 0.0356667 0.0045719
 0.268213 0.54626 0.128213 0.0470118 0.0103024
 0.314344 0.500392 0.138295 0.0324592 0.0145101
 0.269274 0.563487 0.122051 0.0337316 0.0114563
 0.275953 0.513768 0.162153 0.0351222 0.0130036
 0.27002 0.52632 0.144513 0.0456104 0.0135368
 0.204743 0.570685 0.161918 0.0444581 0.0181961
pobs_RECLAS
 0 0 0 0 0
 0 0 0 0 0
 0 0 0 0 0
 0 0 0 0 0
 0.835266 0.146461 0.0176864 0.000547809 3.91292e-05
 0.385257 0.428462 0.181853 0.0044286 0
 0.867414 0.0963971 0.0333333 0.00285562 0
 0.441836 0.489002 0.0689373 0.000224442 0
 0.779404 0.147425 0.0564933 0.0165055 0.000172143
 0.814271 0.122319 0.05973 0.00367925 0
 0.40263 0.566651 0.0304383 0.000280538 0
 0.475488 0.404961 0.113038 0.00651328 0
 0.955842 0.0263864 0.0167828 0.000988607 0
 0.975058 0.0227948 0.00214734 0 0
 0.738997 0.206755 0.0527124 0.00153531 0
 0.850938 0.134255 0.0134407 0.00136685 0
 0.542534 0.407297 0.0501686 0 0
 0.764087 0.199537 0.0359546 0.000420521 0
 0.470689 0.182191 0.310203 0.0369168 0
 0.84361 0.089868 0.0606195 0.00523954 0.000663233
 0.607945 0.314616 0.071237 0.00620181 0
 0.523733 0.453247 0.0230204 0 0
 0.530135 0.295979 0.169645 0.0042399 0
 0.562478 0.366248 0.0663022 0.0049721 0
ppred_RECLAS
 0.740872 0.182232 0.068673 0.00821935 3.66187e-06
 0.726537 0.215253 0.0409358 0.0154265 0.00184719
 0.555205 0.342846 0.0802477 0.0152611 0.00643972
 0.716871 0.183628 0.076695 0.0179515 0.0048545
 0.722909 0.203864 0.0474923 0.0198359 0.00589838
 0.552037 0.326162 0.0896125 0.0208762 0.011312
 0.699498 0.178049 0.0891581 0.0244961 0.00879882
 0.663414 0.243257 0.0552975 0.0276903 0.0103406
 0.721245 0.197497 0.0587271 0.0133499 0.00918139
 0.673907 0.249173 0.054498 0.0162054 0.00621736
 0.513448 0.344524 0.108526 0.0237363 0.0097661
 0.53768 0.271183 0.135343 0.0426332 0.0131611
 0.67817 0.194908 0.0744489 0.0371561 0.0153174
 0.678701 0.245965 0.0456238 0.0174269 0.0122829
 0.767836 0.191324 0.0312638 0.00579908 0.00377631
 0.761374 0.211514 0.0223434 0.00365106 0.00111824
 0.62827 0.304911 0.0592274 0.00625652 0.00133549
 0.703589 0.204842 0.0751094 0.0145896 0.00187016
 0.694235 0.228246 0.0535716 0.0196431 0.00430468
 0.739502 0.190111 0.0525417 0.0123321 0.00551273
 0.692142 0.237399 0.0514205 0.0142112 0.00482658
 0.699898 0.212946 0.0672089 0.0145574 0.00538971
 0.693963 0.220654 0.0605856 0.0191217 0.00567518
 0.612363 0.278172 0.0789245 0.0216705 0.00886944
pobs_PELACES
 0 0 0 0 0
 0 0 0 0 0
 0 0 0 0 0
 0 0 0 0 0
 0 0 0 0 0
 0 0 0 0 0
 0 0 0 0 0
 0 0 0 0 0
 0 0 0 0 0
 0 0 0 0 0
 0.450072 0.473896 0.0757376 0.000293798 0
 0 0 0 0 0
 0.463077 0.371075 0.160297 0.00555027 0
 0.529543 0.364841 0.0842815 0.0213345 0
 0.631943 0.363953 0.00410389 0 0
 0.735681 0.248677 0.0153453 0.000297389 0
 0.695825 0.281241 0.0229344 0 0
 0.275771 0.60734 0.115278 0.00161068 0
 0 0 0 0 0
 0.896147 0.0623911 0.0374545 0.00400742 0
 0.803859 0.145111 0.0509908 3.86294e-05 0
 0.739449 0.233085 0.0266225 0.000797448 4.60066e-05
 0.878498 0.100942 0.0204185 0.000141795 0
 0.694673 0.275183 0.0284847 0.00165964 0
ppred_PELACES
 0.772737 0.159823 0.0602283 0.00720862 3.21157e-06
 0.756984 0.191288 0.0363782 0.0137089 0.00164153
 0.618535 0.294032 0.0688221 0.0130883 0.00552284
 0.730107 0.175044 0.0731097 0.0171123 0.00462756
 0.727044 0.200822 0.0467836 0.0195398 0.00581035
 0.579719 0.306007 0.084075 0.0195862 0.010613
 0.71567 0.168467 0.0843602 0.0231778 0.00832532
 0.694317 0.220924 0.0502205 0.025148 0.00939118
 0.750728 0.176608 0.0525157 0.0119379 0.0082103
 0.697452 0.231181 0.050563 0.0150353 0.00576844
 0.562841 0.309549 0.0975087 0.0213267 0.00877469
 0.583701 0.244189 0.12187 0.0383894 0.011851
 0.738448 0.158402 0.0605049 0.0301969 0.0124485
 0.781947 0.166927 0.0309631 0.011827 0.00833596
 0.853966 0.120346 0.0196653 0.0036477 0.00237535
 0.802169 0.175353 0.0185235 0.00302688 0.000927064
 0.671143 0.269744 0.0523964 0.00553492 0.00118146
 0.733055 0.184479 0.0676429 0.0131393 0.00168425
 0.718718 0.209969 0.0492819 0.0180702 0.00395999
 0.761333 0.174179 0.0481385 0.0112986 0.00505074
 0.704452 0.227907 0.0493644 0.013643 0.00463359
 0.714653 0.202476 0.0639045 0.0138417 0.00512471
 0.710423 0.208787 0.057327 0.0180933 0.00536994
 0.631749 0.264261 0.0749774 0.0205867 0.00842588
pobs_pel_tallas
 0 0 0 0 0 0 0 0 0 0 0 0 0 0 0 0 0 0 0 0 0 0 0 0 0 0 0 0 0 0 0 0 0 0 0 0
 0 0 0 0 0 0 0 0 0 0 0 0 0 0 0 0 0 0 0 0 0 0 0 0 0 0 0 0 0 0 0 0 0 0 0 0
 0 0 0 0 0 0 0 0 0 0 0 0 0 0 0 0 0 0 0 0 0 0 0 0 0 0 0 0 0 0 0 0 0 0 0 0
 0 0 0 0 0 0 0 0 0 0 0 0 0 0 0 0 0 0 0 0 0 0 0 0 0 0 0 0 0 0 0 0 0 0 0 0
 0 0 0 0 0 0 0 0 0 0 0 0 0 0 0 0 0 0 0 0 0 0 0 0 0 0 0 0 0 0 0 0 0 0 0 0
 0 0 0 0 0 0 0 0 0 0 0 0 0 0 0 0 0 0 0 0 0 0 0 0 0 0 0 0 0 0 0 0 0 0 0 0
 0 0 0 0 0 0 0 0 0 0 0 0 0 0 0 0 0 0 0 0 0 0 0 0 0 0 0 0 0 0 0 0 0 0 0 0
 0 0 0 0 0 0 0 0 0 0 0 0 0 0 0 0 0 0 0 0 0 0 0 0 0 0 0 0 0 0 0 0 0 0 0 0
 0 0 0 0 0 0 0 0 0 0 0 0 0 0 0 0 0 0 0 0 0 0 0 0 0 0 0 0 0 0 0 0 0 0 0 0
 0 0 0 0 0 0 0 0 0 0 0 0 0 0 0 0 0 0 0 0 0 0 0 0 0 0 0 0 0 0 0 0 0 0 0 0
 0 0 0 0 0 0 0 0 1.78061e-05 0.00172719 0.00360574 0.0105946 0.0120993 0.0124554 0.0147524 0.0171206 0.0266825 0.0428682 0.0675386 0.121331 0.153587 0.119568 0.100827 0.0573624 0.0630603 0.0341343 0.0324427 0.0444173 0.0211091 0.0280891 0.0125444 0.00206551 0 0 0 0
 0 0 0 0 0 0 0 0 0 0 0 0 0 0 0 0 0 0 0 0 0 0 0 0 0 0 0 0 0 0 0 0 0 0 0 0
 0 0 0 0 0 0 0.0133647 0.0140871 0.0187388 0.0205184 0.03894 0.0496705 0.03968 0.0493445 0.0407372 0.0367815 0.0215668 0.0243155 0.0234873 0.0199281 0.019796 0.0243948 0.0301388 0.0376714 0.0412746 0.0863199 0.0771752 0.113111 0.0741005 0.0525337 0.0229764 0.00759418 0.00175318 0 0 0
 0 0 0 0 0 0 0 0 0 0 0.00219441 0.00772107 0.0458388 0.0604681 0.0671733 0.0775358 0.0609151 0.0617685 0.073594 0.0568108 0.0755445 0.0548602 0.0670107 0.0636378 0.0643287 0.046367 0.0373049 0.0286899 0.0247887 0.0153202 0.00654259 0.00121912 0.000365735 0 0 0
 0 0 0 0 0 0 0 0 0 0 0 0 0.000112435 0.00938835 0.0111873 0.0202946 0.0414886 0.0713402 0.111592 0.104902 0.108894 0.110636 0.117776 0.105296 0.107544 0.0401394 0.0192827 0.0124803 0.00416011 0.0028671 0.000618394 0 0 0 0 0
 0 0 0 0 0 0 0 0 0 0 0.00291406 0.0102884 0.027416 0.0768956 0.0749926 0.110853 0.0956884 0.0897413 0.0766577 0.0534642 0.0500743 0.0551293 0.0594112 0.0620874 0.0668451 0.0424026 0.0208742 0.0120726 0.0048766 0.00582813 0.00118941 0.000297354 0 0 0 0
 0 0.00264628 0.0354308 0.0461629 0.0458689 0.0383711 0.0214643 0.0164657 0.0346957 0.0420465 0.0363128 0.0245516 0.0311673 0.0291091 0.0169068 0.0133784 0.00837989 0.0085269 0.0148486 0.0160247 0.0276389 0.0546898 0.0760071 0.122758 0.109233 0.0665981 0.0333725 0.0166128 0.00676272 0.00308733 0.000882094 0 0 0 0 0
 0 0 0 0 0 0 0 0.000805153 0.000690131 0.00759144 0.0133425 0.0154129 0.00931677 0.000345066 0.00356568 0.00563607 0.00851162 0.0253048 0.0502646 0.0516448 0.0657925 0.0565908 0.0611916 0.0827007 0.0866115 0.110766 0.145733 0.0935128 0.0569358 0.0249597 0.0138026 0.00621118 0.00161031 0.00115022 0 0
 0 0 0 0 0 0 0 0 0 0 0 0 0 0 0 0 0 0 0 0 0 0 0 0 0 0 0 0 0 0 0 0 0 0 0 0
 0.00147267 0.00158595 0.00478618 0.00569244 0.00954404 0.0108468 0.00647125 0.017049 0.0510054 0.094081 0.124002 0.0959785 0.0687766 0.0820023 0.061753 0.0591476 0.0492212 0.0479892 0.0443925 0.0268479 0.0217502 0.0140895 0.0121071 0.0120363 0.00920419 0.00665534 0.0049561 0.00860946 0.00930331 0.0156896 0.0114698 0.00855282 0.00243557 0.00046729 0 2.83206e-05
 0 0 0 0 0.000772559 0.00158375 0.000888443 0.00281984 0.00712685 0.0440552 0.0773331 0.111326 0.0921469 0.0852325 0.0710754 0.0886704 0.0786465 0.0553345 0.0373146 0.0185414 0.00753245 0.00457741 0.012979 0.0271748 0.0457355 0.0583668 0.034881 0.0177882 0.00938659 0.00492506 0.0015258 0.00185414 0.000309023 5.79419e-05 3.86279e-05 0
 0 0.00173294 0.00326652 0 0.00397197 0.00683976 0.00946217 0.0152591 0.00757587 0.0136028 0.0228656 0.0392903 0.0559909 0.0764795 0.0681675 0.0726916 0.0566044 0.0477403 0.0527397 0.0444891 0.0609904 0.0582453 0.0661739 0.0445044 0.0529084 0.0360697 0.0280645 0.0235558 0.0158879 0.00826598 0.00280645 0.00217768 0.000904811 0.00058276 9.20147e-05 0
 0 0 0 0 0 0 0 0 0 0 0 0 0 0 0 0 0 0 0 0 0 0 0 0 0 0 0 0 0 0 0 0 0 0 0 0
 0 0 0 0 0 0 0 0 0 0 0 0 0 0 0 0 0 0 0 0 0 0 0 0 0 0 0 0 0 0 0 0 0 0 0 0
ppred_pel_tallas
 1.01155e-16 3.37142e-05 0.000197878 0.000940631 0.00362149 0.0112933 0.028526 0.0583678 0.0967505 0.129932 0.141387 0.124704 0.0892451 0.0520399 0.0251736 0.0109495 0.00568124 0.00503091 0.00634035 0.00844166 0.0108557 0.0132913 0.0154799 0.01717 0.0181709 0.018392 0.0178594 0.0167005 0.0151067 0.0132844 0.0114138 0.00962424 0.00799003 0.00654045 0.00527676 0.00418776
 1.01127e-16 3.30285e-05 0.00019385 0.000921473 0.00354772 0.0110632 0.0279449 0.057179 0.094781 0.12729 0.13852 0.122193 0.087488 0.0510953 0.0248655 0.0110682 0.00610411 0.00573014 0.00733792 0.00976384 0.0125022 0.0152181 0.0175932 0.0193337 0.0202248 0.0201788 0.0192529 0.0176282 0.0155594 0.0133131 0.0111137 0.00911299 0.00738472 0.00593975 0.00475045 0.00377418
 1.01781e-16 2.69957e-05 0.000158422 0.000753026 0.00289912 0.00904057 0.0228359 0.0467265 0.0774591 0.104039 0.113252 0.0999838 0.0717621 0.0422651 0.0212302 0.010576 0.007425 0.0083565 0.0112467 0.0150936 0.0193633 0.023599 0.0273216 0.0300784 0.0315349 0.0315498 0.030203 0.0277646 0.0246192 0.0211718 0.0177661 0.0146379 0.0119064 0.00959641 0.00767442 0.00608326
 1.019e-16 3.18559e-05 0.000186967 0.000888755 0.00342175 0.0106704 0.0269526 0.0551487 0.0914154 0.122769 0.1336 0.11785 0.0843736 0.0492664 0.0239581 0.010638 0.00583646 0.00546645 0.00702196 0.00939543 0.0121181 0.0148876 0.0174147 0.019425 0.0207072 0.0211557 0.0207889 0.019733 0.0181817 0.0163455 0.0144078 0.0125004 0.0107003 0.00904099 0.00753104 0.00616987
 1.01673e-16 3.17234e-05 0.000186187 0.000885041 0.00340744 0.0106258 0.0268399 0.0549183 0.0910341 0.122259 0.13305 0.117379 0.0840649 0.0491439 0.0240055 0.0108389 0.00619662 0.00601168 0.00778284 0.0103896 0.0133351 0.016278 0.0188876 0.0208555 0.0219532 0.0220822 0.0212929 0.0197629 0.0177464 0.0155099 0.0132785 0.0112044 0.00936327 0.00776963 0.00640221 0.00522718
 1.02463e-16 2.53037e-05 0.000148488 0.000705791 0.00271725 0.00847341 0.0214034 0.0437955 0.0726013 0.0975176 0.106161 0.0937422 0.0673235 0.0397342 0.0201138 0.0102762 0.00754115 0.0087162 0.0118166 0.0158967 0.0204343 0.024965 0.028994 0.0320498 0.0337798 0.0340281 0.0328645 0.0305537 0.0274779 0.0240417 0.0205892 0.0173576 0.0144695 0.011956 0.00979314 0.00793646
 1.02438e-16 3.12262e-05 0.000183271 0.000871182 0.00335409 0.0104594 0.0264197 0.0540582 0.0896077 0.120342 0.130958 0.115519 0.0827035 0.0482893 0.0234799 0.0104217 0.00571517 0.00535676 0.00689443 0.00924887 0.0119686 0.0147657 0.017364 0.0194987 0.0209613 0.0216401 0.0215383 0.0207594 0.0194708 0.017857 0.0160806 0.0142606 0.0124702 0.0107482 0.00911563 0.00758824
 1.02088e-16 3.02971e-05 0.000177812 0.000845219 0.00325411 0.0101476 0.0256322 0.0524473 0.0869391 0.116762 0.127075 0.112125 0.0803394 0.0470414 0.0231195 0.0106779 0.00643826 0.0065269 0.00855754 0.0114503 0.0147064 0.0179627 0.0208587 0.0230565 0.0243054 0.0244969 0.0236855 0.0220643 0.0199095 0.0175101 0.0151087 0.0128684 0.0108684 0.00912219 0.00760571 0.00628296
 1.01597e-16 3.27551e-05 0.000192246 0.000913853 0.00351838 0.0109717 0.0277138 0.0567061 0.0939968 0.126235 0.13737 0.121173 0.0867443 0.0506345 0.0245925 0.0108653 0.00588065 0.00543037 0.00693223 0.0092429 0.011878 0.0145271 0.0168972 0.018715 0.0197754 0.0199858 0.0193825 0.0181136 0.0163945 0.0144537 0.0124864 0.010627 0.00894619 0.00746347 0.00616832 0.00503932
 1.0158e-16 3.04343e-05 0.000178616 0.00084904 0.00326882 0.0101935 0.025748 0.0526844 0.0873324 0.117291 0.127653 0.112639 0.0807183 0.047284 0.0232769 0.0108142 0.00660536 0.00676031 0.00887971 0.0118721 0.0152247 0.018557 0.0214893 0.0236664 0.0248266 0.0248599 0.0238301 0.0219492 0.0195185 0.0168538 0.0142221 0.0118045 0.00969064 0.00789664 0.0063939 0.0051368
 1.02628e-16 2.45679e-05 0.000144167 0.000685252 0.00263817 0.0082268 0.0207804 0.042521 0.0704889 0.0946815 0.103077 0.0910271 0.0653914 0.0386299 0.0196216 0.0101349 0.0075752 0.0088494 0.0120342 0.0162098 0.0208613 0.0255232 0.0296957 0.0328997 0.0347738 0.0351525 0.0340964 0.0318621 0.0288256 0.0253876 0.021892 0.0185785 0.0155759 0.0129242 0.0106102 0.00860031
 1.03683e-16 2.54749e-05 0.000149498 0.000710608 0.00273582 0.00853132 0.0215496 0.0440942 0.0730947 0.0981751 0.106863 0.0943296 0.0676745 0.0397995 0.0198863 0.00973872 0.00663843 0.0073626 0.00992539 0.0134161 0.0173823 0.0214552 0.025244 0.0283668 0.0305213 0.0315454 0.031442 0.0303591 0.0285361 0.0262371 0.0236943 0.0210773 0.0184901 0.0159882 0.0136025 0.0113578
 1.0253e-16 3.22189e-05 0.0001891 0.000898898 0.00346081 0.0107922 0.0272603 0.055778 0.092458 0.124168 0.135117 0.119178 0.0853008 0.0497607 0.0241104 0.010556 0.00558011 0.00504371 0.00641244 0.00857502 0.0110764 0.0136387 0.0160032 0.0179253 0.019216 0.0197803 0.0196318 0.0188778 0.017683 0.0162237 0.01465 0.0130653 0.0115259 0.0100532 0.00865206 0.00732555
 1.0129e-16 3.4116e-05 0.000200237 0.000951842 0.00366465 0.0114279 0.0288659 0.0590634 0.0979037 0.131481 0.143073 0.126192 0.0903128 0.0526676 0.025486 0.0110987 0.00577413 0.00511998 0.00644138 0.00854919 0.0109495 0.0133386 0.0154378 0.0169917 0.0178135 0.0178269 0.0170807 0.015731 0.0139966 0.0121058 0.0102492 0.0085542 0.00708052 0.00583443 0.00479037 0.00391174
 1.00555e-16 3.72545e-05 0.000218667 0.00103947 0.00400206 0.0124801 0.0315236 0.0645009 0.106915 0.143577 0.15622 0.137752 0.0985063 0.0572853 0.0274201 0.0114268 0.00520105 0.00392416 0.00464852 0.00609694 0.0077822 0.00945274 0.0109004 0.0119392 0.0124355 0.0123369 0.0116834 0.0105941 0.00923486 0.00777858 0.00637069 0.00510898 0.00404008 0.00316889 0.00247425 0.00192436
 1.00468e-16 3.49981e-05 0.000205415 0.000976458 0.00375943 0.0117234 0.0296125 0.060591 0.100436 0.134881 0.146774 0.129457 0.0926512 0.0540345 0.0261528 0.0113967 0.00593646 0.00526302 0.00660627 0.00873822 0.0111418 0.013494 0.0154988 0.0168875 0.017469 0.0171737 0.0160695 0.0143412 0.0122425 0.0100359 0.00794132 0.00610495 0.00459403 0.00341049 0.00251488 0.00185019
 1.01078e-16 2.92887e-05 0.000171887 0.000817041 0.0031456 0.00980922 0.0247774 0.0506988 0.0840424 0.112877 0.12286 0.108436 0.0777638 0.0456691 0.0226973 0.0109057 0.00714725 0.00769089 0.0102259 0.0136792 0.0175106 0.0212861 0.0245617 0.0269224 0.028065 0.0278678 0.0264161 0.0239725 0.0209061 0.0176038 0.0143936 0.0114994 0.00903226 0.00701038 0.00539332 0.00411514
 1.01551e-16 3.19849e-05 0.000187723 0.000892348 0.00343558 0.0107135 0.0270616 0.0553717 0.0917852 0.123267 0.134143 0.118334 0.0847289 0.0494925 0.0241025 0.0107599 0.00598324 0.00566964 0.00730043 0.009757 0.0125577 0.0153843 0.0179308 0.0199087 0.0210986 0.0213961 0.0208305 0.0195473 0.0177644 0.0157163 0.0136064 0.0115799 0.00971857 0.00805382 0.00658622 0.00530377
 1.01575e-16 3.13607e-05 0.000184057 0.000874912 0.00336844 0.0105042 0.0265327 0.0542898 0.0899927 0.120862 0.131532 0.116046 0.0831246 0.048623 0.0238048 0.0108392 0.00632323 0.00623985 0.00811657 0.0108408 0.0139104 0.0169722 0.0196801 0.0217113 0.0228265 0.0229231 0.0220548 0.0204094 0.0182551 0.015874 0.0135045 0.0113093 0.00936972 0.00770243 0.00628529 0.0050817
 1.01365e-16 3.32175e-05 0.000194961 0.000926758 0.00356807 0.0111267 0.0281052 0.0575069 0.0953241 0.128017 0.139308 0.122879 0.0879585 0.0513288 0.0249025 0.0109557 0.00586219 0.00535186 0.00680428 0.00906023 0.0116311 0.0142074 0.0164987 0.0182355 0.0192168 0.0193534 0.0186854 0.0173632 0.0156048 0.0136407 0.0116675 0.00982089 0.00817119 0.00673668 0.00550416 0.0044484
 1.01461e-16 3.07394e-05 0.000180407 0.000857558 0.00330162 0.0102958 0.0260064 0.053213 0.0882084 0.118467 0.128932 0.113764 0.0815169 0.047737 0.0234723 0.0108584 0.00656909 0.00667293 0.00874587 0.0116871 0.014983 0.0182561 0.0211314 0.0232583 0.0243791 0.0243859 0.0233426 0.0214597 0.0190361 0.0163854 0.0137726 0.0113779 0.00929079 0.00752723 0.0060586 0.00483873
 1.01689e-16 3.11832e-05 0.000183015 0.000869961 0.00334938 0.0104447 0.0263826 0.0539825 0.0894832 0.120177 0.130786 0.115385 0.0826455 0.0483315 0.0236415 0.0107309 0.0062155 0.00610151 0.0079334 0.0106107 0.013643 0.0166892 0.0194157 0.021508 0.0227295 0.0229718 0.0222748 0.0208064 0.018813 0.0165572 0.0142642 0.0120916 0.0101241 0.00838806 0.00687509 0.00556313
 1.01755e-16 3.0999e-05 0.000181933 0.000864816 0.00332957 0.0103829 0.0262265 0.0536633 0.0889542 0.119467 0.130015 0.114709 0.0821698 0.0480706 0.0235461 0.0107417 0.00629581 0.00623988 0.00813208 0.0108745 0.0139719 0.0170752 0.019841 0.021947 0.0231525 0.0233502 0.0225865 0.0210401 0.0189695 0.0166482 0.0143091 0.0121121 0.01014 0.00841415 0.00691933 0.00562696
 1.02252e-16 2.75707e-05 0.000161801 0.000769094 0.00296099 0.00923353 0.0233233 0.0477236 0.0791108 0.106255 0.115655 0.102086 0.0732282 0.0430429 0.0214628 0.0104327 0.00700018 0.00766352 0.0102566 0.0137752 0.0177116 0.0216518 0.0251666 0.0278484 0.0293917 0.0296598 0.0287099 0.0267666 0.0241558 0.0212227 0.0182614 0.0154747 0.0129682 0.0107699 0.00886211 0.00721002
pSPR Fmed_Fpbrs
0.450748   0.344443 0.344443
Fs Fmed_Fpbrs
0.64   1.005 1.005
SSBpbr Bo_Bmed_Bpbrs
1.13785e+06  455993  335034 335034
Ro
37724.6
SPR SPRFo_SPRFmed_SPRFpbrs
776222 349880 267365
log_Ro
10.3581
likeval ReclasPelacesDesembMPH_pf_preclas_ppelaces_ptallas_desvR_qrecl_qpela
 64.5181 13.7397 0.00822431 13.7684 307.892 174.656 47.1917 0 15.7817 2.12501e-05 4.63239e-05 0 0 0 0
q_reclas_q_pelaces
0.520364 2.6335
M
0.7
N
 39575.6 12331.2 4646.94 556.184 0.24779
 48574 17841.3 3392.97 1278.62 153.104
 24696.6 22083.7 5168.98 983.011 414.8
 38299.7 10565.2 4412.73 1032.86 279.309
 64902.8 18399.8 4286.42 1790.29 532.359
 46915.1 32032.5 8800.88 2050.26 1110.96
 78541.2 21924.7 10978.8 3016.41 1083.47
 84599.1 37464.6 8516.49 4264.65 1592.57
 115727 38858 11554.7 2626.63 1806.46
 124311 52840.6 11557.1 3436.58 1318.48
 65882.5 58212.2 18337 4010.59 1650.12
 44849.6 29253.5 14599.9 4599 1419.73
 45983.5 20055.7 7660.67 3823.3 1576.14
 24534.7 19314 3582.52 1368.42 964.494
 15555.2 8954.47 1463.22 271.412 176.741
 14241.2 5541.79 585.409 95.6601 29.2985
 9810.52 6172.21 1198.92 126.649 27.0338
 12391.5 4382.91 1607.09 312.168 40.0149
 14824.1 5678.52 1332.81 488.701 107.096
 23107 6905.48 1908.49 447.942 200.241
 29510.4 10773.5 2333.54 644.927 219.037
 43132.3 14242.5 4495.15 973.646 360.481
 59194 20658.7 5672.31 1790.27 531.337
 56291.1 28226.6 8008.59 2198.94 899.996
pred_Ctot
 2638 4089.62 1541.15 184.458 0.0821792
 2965.79 5511.87 1048.22 395.017 47.2999
 2481.37 9989.58 2338.19 444.666 187.635
 898.556 1406.75 587.55 137.524 37.1896
 285.787 487.909 113.664 47.4733 14.1166
 1994.91 7290.33 2003.01 466.622 252.844
 2232.19 3482.58 1743.91 479.137 172.103
 4586.31 10491.3 2384.9 1194.24 445.973
 6734.68 11541.1 3431.83 780.125 536.531
 5113.35 11682.9 2555.24 759.819 291.513
 5047.39 21539.4 6784.97 1483.98 610.571
 3228.69 10312.2 5146.61 1621.19 500.47
 5148.34 9778.5 3735.09 1864.12 768.472
 4759.91 13007.9 2412.81 921.621 649.582
 3221.88 6221.26 1016.6 188.568 122.794
 1313.33 2357.1 248.993 40.6872 12.4616
 712.291 2190.35 425.464 44.9441 9.59355
 690.995 1256.57 460.747 89.4979 11.4722
 662.725 1349.75 316.8 116.161 25.4561
 1019 1622.12 448.309 105.223 47.0371
 597.557 1250.46 270.848 74.855 25.4231
 1103.18 2053.9 648.241 140.408 51.9846
 1695.88 3305.59 907.623 286.459 85.019
 1699.42 4736.83 1343.96 369.013 151.032
F
 0.0966993 0.590426 0.590426 0.590426 0.590426
 0.0882504 0.538839 0.538839 0.538839 0.538839
 0.149095 0.910346 0.910346 0.910346 0.910346
 0.0331024 0.202116 0.202116 0.202116 0.202116
 0.00613945 0.0374863 0.0374863 0.0374863 0.0374863
 0.0607265 0.370784 0.370784 0.370784 0.370784
 0.0402254 0.245608 0.245608 0.245608 0.245608
 0.0780085 0.476304 0.476304 0.476304 0.476304
 0.0839557 0.512616 0.512616 0.512616 0.512616
 0.0586918 0.35836 0.35836 0.35836 0.35836
 0.111874 0.683081 0.683081 0.683081 0.683081
 0.104802 0.6399 0.6399 0.6399 0.6399
 0.167455 1.02245 1.02245 1.02245 1.02245
 0.307934 1.88019 1.88019 1.88019 1.88019
 0.332077 2.0276 2.0276 2.0276 2.0276
 0.136083 0.830895 0.830895 0.830895 0.830895
 0.105741 0.645636 0.645636 0.645636 0.645636
 0.0803216 0.490427 0.490427 0.490427 0.490427
 0.0639357 0.390379 0.390379 0.390379 0.390379
 0.0630435 0.384931 0.384931 0.384931 0.384931
 0.0285125 0.174092 0.174092 0.174092 0.174092
 0.0361354 0.220635 0.220635 0.220635 0.220635
 0.0405552 0.247622 0.247622 0.247622 0.247622
 0.0427775 0.261191 0.261191 0.261191 0.261191
Np
 25552.3 10763.2 4868.37 1962.21 657.927
YTP_r0W_actual
 49619.5 258659 106220 38179.6 19098.9
YTP_p0W_proyectada
 23086.9 279014 163480 59234.7 24951.4
 23086.9 112127 73727.5 37949.5 14120.6
CTP_r0_actual
 6202.44 13613.6 3862.53 1060.54 434.067
CTP_p0_proyectada
 2815.48 12917.3 5206.36 1477.18 560.705
 2815.48 5191.05 2348.01 946.373 317.317
Wmedp
 8.2 21.6 31.4 40.1 44.5
nmprior
 10.8 10.6 4.6 0
nm_flota  nm_reclas  nm_pelaces    nm_pelaL
inf 17.3543 15.1943 26.1828
cv_recla  cv_pelaces  cv_mph
0.743648 0.436167 0.524755
 ------------------------------------------------
Talla a la edad & desviaci?n 
 7.2 14.2025 17.0495 18.207 18.6776
 1.08 2.13037 2.55742 2.73105 2.80164
