years
 1997 1998 1999 2000 2001 2002 2003 2004 2005 2006 2007 2008 2009 2010 2011 2012 2013 2014 2015 2016 2017 2018 2019 2020 2021 2022
reclasobs
 0 0 0 370054 412103 1.49427e+06 250295 1.28982e+06 931140 785840 897777 1.04006e+06 184774 17550 25797 100020 73551 82996 120727 218422 84188 347160 605670 569463 516374 1.08416e+06
reclaspred
 510538 130734 325666 209864 328535 405399 880212 623729 744621 800702 697510 484217 285235 113447 71763.2 70009.9 76152.5 100264 114513 156459 241077 239143 415587 541894 697310 614013
pelacesobs
 0 0 0 0 0 0 0 0 0 2.06254e+06 1.5e+06 0 1.87456e+06 323000 250000 174000 83755 137374 0 501740 490994 745055 786931 1.00524e+06 1.33801e+06 1.41789e+06
pelacespred
 2.11001e+06 423467 654913 658497 934657 811027 2.41044e+06 1.88469e+06 2.17518e+06 2.29202e+06 1.64979e+06 1.18335e+06 722196 234157 161430 157109 175401 243372 266423 369279 671740 600712 852643 1.29997e+06 1.54992e+06 1.45718e+06
mphobs
 0 0 0 0 0 0 112323 0 153150 637223 0 255016 313432 73983 77613 109348 50772 17779 17303 59886 28197 0 207744 136588 643089 65757
mphpred
 177602 97037.8 105976 96828 107925 178413 253795 322603 293754 337584 349956 242283 143686 116483 50083.2 43100.4 42123.2 53511.9 32801.9 36801.7 59447.5 77448 96454.2 143760 193084 182472
desembarqueobs
 350755 77701 442110 56441 14545 235359 269955 359681 431902 328805 639364 411747 362871 311530 167758 66681 60226 58785 57116 73181 50977 67692 138656 160484 209506 203330
desembarquepred
 350760 77698.7 442083 56444.9 14545.4 235471 270032 359652 431905 328805 639293 411768 362969 311635 167576 66680.5 60259.7 58776.6 57093.8 73176 50978.9 67678.5 138660 160495 209505 203319
Reclutas
 35619.7 43064.4 20597.7 28778.8 51058.7 35978.4 72311.5 71878.8 102449 114670 64419.3 45262.4 45929.6 26391.8 15316.3 12255.5 8537.4 10914.9 12546.3 18329.7 25524.2 33499 51527.7 72128.3 28688.5 32600.5
log_desv_Rt
 0.0628341 0.25263 -0.484885 -0.150427 0.42291 0.0728519 0.770917 0.764916 1.1193 1.23199 0.655348 0.302412 0.317044 -0.237011 -0.781147 -1.00409 -1.36561 -1.11994 -0.98064 -0.601544 -0.270441 0.00145047 0.432054 0.768381 -0.153568 -0.0257388
SSB
 431713 235879 257605 235369 262344 433686 598389 773969 695308 802226 850670 588940 363264 184018 83731 71690 73712.4 88230.6 112724 134241 202605 256782 329823 467051 691738 675876
BT
 1.50644e+06 363050 611633 423197 531206 621519 1.55985e+06 1.44907e+06 1.62739e+06 1.59029e+06 1.47542e+06 1.02302e+06 754451 417526 228142 142141 147256 183953 194363 264641 416783 387995 563742 850792 992425 958654
Ftot
 1.05893 0.972548 1.71103 0.385535 0.069342 0.684156 0.449321 0.849154 0.923198 0.626466 1.13161 1.01062 1.67428 3.44988 3.68485 1.44564 1.16616 0.876609 0.688923 0.686026 0.315027 0.371108 0.432838 0.424128 0.349458 0.358299
BD_Bspro_t
 0.905316 0.62842 0.543508 0.351107 0.50157 0.678872 0.616014 0.64416 0.583404 0.571285 0.552996 0.392098 0.28739 0.18884 0.107526 0.112474 0.155625 0.238992 0.339758 0.438601 0.568864 0.685962 0.702428 0.710783 0.732054 0.667125
BD_Bspro
 0.624858 0.341409 0.372856 0.340671 0.379715 0.627713 0.866103 1.12024 1.00638 1.16114 1.23125 0.852427 0.525786 0.266346 0.121192 0.103764 0.106691 0.127704 0.163156 0.1943 0.29325 0.371664 0.477383 0.676006 1.00122 0.978258
BD_Bo
 0.537312 0.293576 0.320617 0.292941 0.326515 0.539768 0.744758 0.963285 0.865384 0.998454 1.05875 0.732998 0.452121 0.229029 0.104212 0.0892258 0.0917429 0.109812 0.140297 0.167078 0.252164 0.319592 0.410499 0.581294 0.860941 0.841199
BD_Brms
 0.976931 0.533774 0.58294 0.53262 0.593664 0.981396 1.3541 1.75143 1.57343 1.81537 1.925 1.33272 0.822037 0.416417 0.189476 0.162229 0.166805 0.199659 0.255085 0.303777 0.45848 0.581076 0.746362 1.0569 1.56535 1.52945
S_f
 0.0938287 0.662998 0.973944 0.998594 0.999926
 0.0938287 0.662998 0.973944 0.998594 0.999926
 0.0938287 0.662998 0.973944 0.998594 0.999926
 0.0938287 0.662998 0.973944 0.998594 0.999926
 0.0938287 0.662998 0.973944 0.998594 0.999926
 0.0938287 0.662998 0.973944 0.998594 0.999926
 0.0938287 0.662998 0.973944 0.998594 0.999926
 0.0938287 0.662998 0.973944 0.998594 0.999926
 0.0938287 0.662998 0.973944 0.998594 0.999926
 0.0938287 0.662998 0.973944 0.998594 0.999926
 0.0938287 0.662998 0.973944 0.998594 0.999926
 0.0938287 0.662998 0.973944 0.998594 0.999926
 0.0938287 0.662998 0.973944 0.998594 0.999926
 0.0938287 0.662998 0.973944 0.998594 0.999926
 0.0938287 0.662998 0.973944 0.998594 0.999926
 0.0938287 0.662998 0.973944 0.998594 0.999926
 0.0938287 0.662998 0.973944 0.998594 0.999926
 0.0938287 0.662998 0.973944 0.998594 0.999926
 0.0938287 0.662998 0.973944 0.998594 0.999926
 0.0938287 0.662998 0.973944 0.998594 0.999926
 0.0938287 0.662998 0.973944 0.998594 0.999926
 0.0938287 0.662998 0.973944 0.998594 0.999926
 0.0938287 0.662998 0.973944 0.998594 0.999926
 0.0938287 0.662998 0.973944 0.998594 0.999926
 0.0938287 0.662998 0.973944 0.998594 0.999926
 0.0938287 0.662998 0.973944 0.998594 0.999926
Scru_reclas
 0.542286 0.856374 0.967749 0.993422 0.998686
 0.542286 0.856374 0.967749 0.993422 0.998686
 0.542286 0.856374 0.967749 0.993422 0.998686
 0.542286 0.856374 0.967749 0.993422 0.998686
 0.542286 0.856374 0.967749 0.993422 0.998686
 0.542286 0.856374 0.967749 0.993422 0.998686
 0.542286 0.856374 0.967749 0.993422 0.998686
 0.542286 0.856374 0.967749 0.993422 0.998686
 0.542286 0.856374 0.967749 0.993422 0.998686
 0.542286 0.856374 0.967749 0.993422 0.998686
 0.542286 0.856374 0.967749 0.993422 0.998686
 0.542286 0.856374 0.967749 0.993422 0.998686
 0.542286 0.856374 0.967749 0.993422 0.998686
 0.542286 0.856374 0.967749 0.993422 0.998686
 0.542286 0.856374 0.967749 0.993422 0.998686
 0.542286 0.856374 0.967749 0.993422 0.998686
 0.542286 0.856374 0.967749 0.993422 0.998686
 0.542286 0.856374 0.967749 0.993422 0.998686
 0.542286 0.856374 0.967749 0.993422 0.998686
 0.542286 0.856374 0.967749 0.993422 0.998686
 0.542286 0.856374 0.967749 0.993422 0.998686
 0.542286 0.856374 0.967749 0.993422 0.998686
 0.542286 0.856374 0.967749 0.993422 0.998686
 0.542286 0.856374 0.967749 0.993422 0.998686
 0.542286 0.856374 0.967749 0.993422 0.998686
 0.542286 0.856374 0.967749 0.993422 0.998686
Scru_pelaces
 0.865547 1 1 1 1
 0.865547 1 1 1 1
 0.865547 1 1 1 1
 0.865547 1 1 1 1
 0.865547 1 1 1 1
 0.865547 1 1 1 1
 0.865547 1 1 1 1
 0.865547 1 1 1 1
 0.865547 1 1 1 1
 0.865547 1 1 1 1
 0.865547 1 1 1 1
 0.865547 1 1 1 1
 0.865547 1 1 1 1
 0.865547 1 1 1 1
 0.865547 1 1 1 1
 0.865547 1 1 1 1
 0.865547 1 1 1 1
 0.865547 1 1 1 1
 0.865547 1 1 1 1
 0.865547 1 1 1 1
 0.865547 1 1 1 1
 0.865547 1 1 1 1
 0.865547 1 1 1 1
 0.865547 1 1 1 1
 0.865547 1 1 1 1
 0.865547 1 1 1 1
pf_obs 
 0.256992 0.487395 0.22802 0.0275931 0
 0.321318 0.546541 0.124235 0.00734118 0.000564706
 0.182869 0.594174 0.210203 0.0122559 0.00049798
 0.330522 0.361315 0.267642 0.0388342 0.00168674
 0.649043 0.306663 0.0425973 0.00169635 0
 0.582887 0.30429 0.105238 0.00758474 0
 0.465427 0.430635 0.0974691 0.00646863 0
 0.296916 0.608066 0.0921331 0.00288517 0
 0.311714 0.524322 0.152257 0.0117073 0
 0.15457 0.633149 0.183074 0.0267441 0.00246327
 0.131901 0.49318 0.331252 0.0422183 0.00144891
 0.196976 0.569456 0.194076 0.0375587 0.00193317
 0.518974 0.381816 0.0799577 0.0180837 0.00116848
 0.0928022 0.601141 0.25162 0.0475244 0.00691264
 0.122501 0.610282 0.24278 0.0234846 0.000952079
 0.383417 0.481906 0.127806 0.00687128 0
 0.0376549 0.599619 0.316969 0.0457579 0
 0.0361596 0.667082 0.258105 0.0386534 0
 0.158088 0.579412 0.248529 0.0139706 0
 0.0477256 0.309471 0.559284 0.082774 0.000745712
 0.0406174 0.521527 0.379366 0.0568643 0.0016247
 0.151134 0.462217 0.34131 0.0453401 0
 0.294876 0.26143 0.354403 0.0886775 0.000613685
 0.281977 0.475581 0.204845 0.0348837 0.00271318
 0.0841818 0.532909 0.334909 0.0458182 0.00218182
 0.115287 0.27431 0.454777 0.147771 0.00785563
pf_pred 
 0.294387 0.481078 0.200514 0.0240086 1.32258e-05
 0.273892 0.572725 0.12157 0.0285311 0.00328141
 0.143732 0.657466 0.172622 0.0209187 0.00526063
 0.246172 0.479094 0.239585 0.0307304 0.0044189
 0.264264 0.495403 0.175227 0.0569884 0.00811769
 0.139762 0.586826 0.205558 0.0498075 0.0180464
 0.269897 0.396042 0.260499 0.0557776 0.0177838
 0.209303 0.579213 0.137823 0.0578305 0.0158311
 0.270969 0.495515 0.192639 0.0269861 0.0138909
 0.233373 0.576961 0.149106 0.0336848 0.00687426
 0.132883 0.60173 0.221022 0.0351282 0.00923706
 0.141658 0.502052 0.286705 0.0583587 0.0112258
 0.222384 0.481216 0.211888 0.0685376 0.0159734
 0.232066 0.615074 0.118089 0.0252307 0.00954089
 0.293027 0.629179 0.0723753 0.00427153 0.00114745
 0.289377 0.646766 0.0616577 0.00205908 0.000139991
 0.191149 0.641653 0.159102 0.00783017 0.000266161
 0.252006 0.503864 0.213555 0.0291534 0.00142147
 0.234984 0.560098 0.159738 0.0397053 0.00547473
 0.266226 0.508474 0.184477 0.0320628 0.00875993
 0.248135 0.542535 0.164903 0.0366031 0.00782457
 0.220711 0.523068 0.204653 0.0408691 0.0106996
 0.246277 0.488172 0.201722 0.0512832 0.0125455
 0.240339 0.521551 0.176791 0.0469193 0.0143996
 0.0796489 0.61972 0.232751 0.0507914 0.0170887
 0.114978 0.314661 0.43385 0.106382 0.0301295
pobs_RECLAS
 0 0 0 0 0
 0 0 0 0 0
 0 0 0 0 0
 0 0 0 0 0
 0.835266 0.146461 0.0176864 0.000547809 3.91292e-05
 0.385257 0.428462 0.181853 0.0044286 0
 0.867414 0.0963971 0.0333333 0.00285562 0
 0.441836 0.489002 0.0689373 0.000224442 0
 0.779404 0.147425 0.0564933 0.0165055 0.000172143
 0.814271 0.122319 0.05973 0.00367925 0
 0.40263 0.566651 0.0304383 0.000280538 0
 0.475488 0.404961 0.113038 0.00651328 0
 0.955842 0.0263864 0.0167828 0.000988607 0
 0.975058 0.0227948 0.00214734 0 0
 0.738997 0.206755 0.0527124 0.00153531 0
 0.850938 0.134255 0.0134407 0.00136685 0
 0.542534 0.407297 0.0501686 0 0
 0.764087 0.199537 0.0359546 0.000420521 0
 0.470689 0.182191 0.310203 0.0369168 0
 0.84361 0.089868 0.0606195 0.00523954 0.000663233
 0.607945 0.314616 0.071237 0.00620181 0
 0.523733 0.453247 0.0230204 0 0
 0.530135 0.295979 0.169645 0.0042399 0
 0.562478 0.366248 0.0663022 0.0049721 0
 0.250443 0.683176 0.0655157 0.000865301 0
 0.195077 0.31981 0.436473 0.0351445 0.0134964
ppred_RECLAS
 0.682527 0.23614 0.0726499 0.00867769 4.79833e-06
 0.652004 0.290336 0.0457163 0.0107078 0.00123619
 0.472673 0.434695 0.0804949 0.00969134 0.0024458
 0.619019 0.265159 0.100993 0.0129584 0.00187065
 0.635398 0.265581 0.0721659 0.0234956 0.00336005
 0.44858 0.408239 0.107638 0.0260632 0.00947975
 0.654259 0.210669 0.105304 0.0225509 0.00721809
 0.569508 0.338279 0.0601065 0.0251856 0.00692087
 0.654617 0.255744 0.0739537 0.0103419 0.00534363
 0.598466 0.321722 0.0627424 0.0141677 0.00290247
 0.441911 0.421512 0.113784 0.0180333 0.00475966
 0.465517 0.350448 0.148138 0.0300878 0.00580952
 0.614878 0.26838 0.0835885 0.0268695 0.00628447
 0.666303 0.291149 0.0330272 0.00690278 0.00261729
 0.731611 0.250623 0.0165555 0.000953464 0.000256781
 0.670104 0.308013 0.021132 0.000702405 4.79283e-05
 0.54345 0.383313 0.0697003 0.00341997 0.000116685
 0.631641 0.270609 0.0855228 0.0116574 0.000570561
 0.602885 0.311386 0.0668306 0.0166001 0.00229771
 0.64434 0.266712 0.0728292 0.0126492 0.00346924
 0.615384 0.29709 0.0689321 0.015309 0.00328542
 0.582464 0.304028 0.0906414 0.0181081 0.00475933
 0.619037 0.269475 0.084671 0.02153 0.0052875
 0.608873 0.290291 0.0748456 0.0198682 0.00612141
 0.2985 0.512032 0.14664 0.0320146 0.0108135
 0.410388 0.247505 0.260146 0.0638163 0.0181449
pobs_PELACES
 0 0 0 0 0
 0 0 0 0 0
 0 0 0 0 0
 0 0 0 0 0
 0 0 0 0 0
 0 0 0 0 0
 0 0 0 0 0
 0 0 0 0 0
 0 0 0 0 0
 0 0 0 0 0
 0.450072 0.473896 0.0757376 0.000293798 0
 0 0 0 0 0
 0.463077 0.371075 0.160297 0.00555027 0
 0.529543 0.364841 0.0842815 0.0213345 0
 0.631943 0.363953 0.00410389 0 0
 0.735681 0.248677 0.0153453 0.000297389 0
 0.695825 0.281241 0.0229344 0 0
 0.275771 0.60734 0.115278 0.00161068 0
 0 0 0 0 0
 0.896147 0.0623911 0.0374545 0.00400742 0
 0.803859 0.145111 0.0509908 3.86294e-05 0
 0.739449 0.233085 0.0266225 0.000797448 4.60066e-05
 0.878498 0.100942 0.0204185 0.000141795 0
 0.694673 0.275183 0.0284847 0.00165964 0
 0.469039 0.446079 0.0841089 0.000773354 0
 0.822795 0.102175 0.0682046 0.00682512 0
ppred_PELACES
 0.791152 0.164137 0.0400849 0.00462422 2.5423e-06
 0.760891 0.206498 0.0260402 0.00589479 0.00067666
 0.63911 0.311819 0.0428683 0.00495834 0.0012438
 0.7146 0.208301 0.0674833 0.0084086 0.00120725
 0.71429 0.215598 0.0514743 0.0163165 0.00232102
 0.570272 0.333905 0.0726249 0.0170357 0.00616175
 0.750176 0.162419 0.0686052 0.01426 0.00453938
 0.688967 0.255259 0.0367864 0.0149124 0.00407472
 0.764699 0.183771 0.042775 0.00578359 0.00297141
 0.703669 0.246027 0.0398149 0.00871363 0.00177523
 0.58569 0.330453 0.0702834 0.0107518 0.00282142
 0.607872 0.276909 0.0933773 0.0183242 0.00351792
 0.764592 0.178276 0.0413786 0.0127821 0.00297165
 0.845866 0.141452 0.00996606 0.00197296 0.000743005
 0.884322 0.110929 0.00444278 0.000241896 6.46978e-05
 0.787282 0.201795 0.0105623 0.000338008 2.29276e-05
 0.677235 0.280726 0.040077 0.00189755 6.43674e-05
 0.74449 0.197924 0.0505911 0.00667 0.000324611
 0.710814 0.235993 0.0417613 0.0100486 0.00138313
 0.746817 0.198818 0.0447762 0.00753375 0.00205474
 0.70601 0.235034 0.0467224 0.0100825 0.00215207
 0.68085 0.242493 0.0615849 0.0119492 0.00312353
 0.716495 0.210369 0.0559513 0.0138109 0.00337325
 0.706144 0.227446 0.0496833 0.0128036 0.00392329
 0.393085 0.461963 0.112951 0.0239542 0.00804706
 0.527597 0.217641 0.195122 0.0464926 0.0131475
pobs_pel_tallas
 0 0 0 0 0 0 0 0 0 0 0 0 0 0 0 0 0 0 0 0 0 0 0 0 0 0 0 0 0 0 0 0 0 0 0 0
 0 0 0 0 0 0 0 0 0 0 0 0 0 0 0 0 0 0 0 0 0 0 0 0 0 0 0 0 0 0 0 0 0 0 0 0
 0 0 0 0 0 0 0 0 0 0 0 0 0 0 0 0 0 0 0 0 0 0 0 0 0 0 0 0 0 0 0 0 0 0 0 0
 0 0 0 0 0 0 0 0 0 0 0 0 0 0 0 0 0 0 0 0 0 0 0 0 0 0 0 0 0 0 0 0 0 0 0 0
 0 0 0 0 0 0 0 0 0 0 0 0 0 0 0 0 0 0 0 0 0 0 0 0 0 0 0 0 0 0 0 0 0 0 0 0
 0 0 0 0 0 0 0 0 0 0 0 0 0 0 0 0 0 0 0 0 0 0 0 0 0 0 0 0 0 0 0 0 0 0 0 0
 0 0 0 0 0 0 0 0 0 0 0 0 0 0 0 0 0 0 0 0 0 0 0 0 0 0 0 0 0 0 0 0 0 0 0 0
 0 0 0 0 0 0 0 0 0 0 0 0 0 0 0 0 0 0 0 0 0 0 0 0 0 0 0 0 0 0 0 0 0 0 0 0
 0 0 0 0 0 0 0 0 0 0 0 0 0 0 0 0 0 0 0 0 0 0 0 0 0 0 0 0 0 0 0 0 0 0 0 0
 0 0 0 0 0 0 0 0 0 0 0 0 0 0 0 0 0 0 0 0 0 0 0 0 0 0 0 0 0 0 0 0 0 0 0 0
 0 0 0 0 0 0 0 0 1.78061e-05 0.00172719 0.00360574 0.0105946 0.0120993 0.0124554 0.0147524 0.0171206 0.0266825 0.0428682 0.0675386 0.121331 0.153587 0.119568 0.100827 0.0573624 0.0630603 0.0341343 0.0324427 0.0444173 0.0211091 0.0280891 0.0125444 0.00206551 0 0 0 0
 0 0 0 0 0 0 0 0 0 0 0 0 0 0 0 0 0 0 0 0 0 0 0 0 0 0 0 0 0 0 0 0 0 0 0 0
 0 0 0 0 0 0 0.0133647 0.0140871 0.0187388 0.0205184 0.03894 0.0496705 0.03968 0.0493445 0.0407372 0.0367815 0.0215668 0.0243155 0.0234873 0.0199281 0.019796 0.0243948 0.0301388 0.0376714 0.0412746 0.0863199 0.0771752 0.113111 0.0741005 0.0525337 0.0229764 0.00759418 0.00175318 0 0 0
 0 0 0 0 0 0 0 0 0 0 0.00219441 0.00772107 0.0458388 0.0604681 0.0671733 0.0775358 0.0609151 0.0617685 0.073594 0.0568108 0.0755445 0.0548602 0.0670107 0.0636378 0.0643287 0.046367 0.0373049 0.0286899 0.0247887 0.0153202 0.00654259 0.00121912 0.000365735 0 0 0
 0 0 0 0 0 0 0 0 0 0 0 0 0.000112435 0.00938835 0.0111873 0.0202946 0.0414886 0.0713402 0.111592 0.104902 0.108894 0.110636 0.117776 0.105296 0.107544 0.0401394 0.0192827 0.0124803 0.00416011 0.0028671 0.000618394 0 0 0 0 0
 0 0 0 0 0 0 0 0 0 0 0.00291406 0.0102884 0.027416 0.0768956 0.0749926 0.110853 0.0956884 0.0897413 0.0766577 0.0534642 0.0500743 0.0551293 0.0594112 0.0620874 0.0668451 0.0424026 0.0208742 0.0120726 0.0048766 0.00582813 0.00118941 0.000297354 0 0 0 0
 0 0.00264628 0.0354308 0.0461629 0.0458689 0.0383711 0.0214643 0.0164657 0.0346957 0.0420465 0.0363128 0.0245516 0.0311673 0.0291091 0.0169068 0.0133784 0.00837989 0.0085269 0.0148486 0.0160247 0.0276389 0.0546898 0.0760071 0.122758 0.109233 0.0665981 0.0333725 0.0166128 0.00676272 0.00308733 0.000882094 0 0 0 0 0
 0 0 0 0 0 0 0 0.000805153 0.000690131 0.00759144 0.0133425 0.0154129 0.00931677 0.000345066 0.00356568 0.00563607 0.00851162 0.0253048 0.0502646 0.0516448 0.0657925 0.0565908 0.0611916 0.0827007 0.0866115 0.110766 0.145733 0.0935128 0.0569358 0.0249597 0.0138026 0.00621118 0.00161031 0.00115022 0 0
 0 0 0 0 0 0 0 0 0 0 0 0 0 0 0 0 0 0 0 0 0 0 0 0 0 0 0 0 0 0 0 0 0 0 0 0
 0.00147267 0.00158595 0.00478618 0.00569244 0.00954404 0.0108468 0.00647125 0.017049 0.0510054 0.094081 0.124002 0.0959785 0.0687766 0.0820023 0.061753 0.0591476 0.0492212 0.0479892 0.0443925 0.0268479 0.0217502 0.0140895 0.0121071 0.0120363 0.00920419 0.00665534 0.0049561 0.00860946 0.00930331 0.0156896 0.0114698 0.00855282 0.00243557 0.00046729 0 2.83206e-05
 0 0 0 0 0.000772559 0.00158375 0.000888443 0.00281984 0.00712685 0.0440552 0.0773331 0.111326 0.0921469 0.0852325 0.0710754 0.0886704 0.0786465 0.0553345 0.0373146 0.0185414 0.00753245 0.00457741 0.012979 0.0271748 0.0457355 0.0583668 0.034881 0.0177882 0.00938659 0.00492506 0.0015258 0.00185414 0.000309023 5.79419e-05 3.86279e-05 0
 0 0.00173294 0.00326652 0 0.00397197 0.00683976 0.00946217 0.0152591 0.00757587 0.0136028 0.0228656 0.0392903 0.0559909 0.0764795 0.0681675 0.0726916 0.0566044 0.0477403 0.0527397 0.0444891 0.0609904 0.0582453 0.0661739 0.0445044 0.0529084 0.0360697 0.0280645 0.0235558 0.0158879 0.00826598 0.00280645 0.00217768 0.000904811 0.00058276 9.20147e-05 0
 0 0 0 0 0 0 0 0 0 0 0 0 0 0 0 0 0 0 0 0 0 0 0 0 0 0 0 0 0 0 0 0 0 0 0 0
 0 0 0 0 0 0 0 0 0 0 0 0 0 0 0 0 0 0 0 0 0 0 0 0 0 0 0 0 0 0 0 0 0 0 0 0
 0 0 0 0 0 0 0 0 0 0 0 0 0 0 0 0 0 0 0 0 0 0 0 0 0 0 0 0 0 0 0 0 0 0 0 0
 0 0 0 0 0 0 0 0 0 0 0 0 0 0 0 0 0 0 0 0 0 0 0 0 0 0 0 0 0 0 0 0 0 0 0 0
ppred_pel_tallas
 1.00782e-16 3.45173e-05 0.000202593 0.000963044 0.00370779 0.0115624 0.0292057 0.0597586 0.0990558 0.133027 0.144755 0.127673 0.0913671 0.053271 0.0257568 0.0111805 0.00576462 0.00506379 0.00635114 0.00842495 0.0107887 0.0131396 0.0152007 0.0167168 0.0175004 0.0174721 0.0166771 0.0152673 0.0134598 0.011484 0.0095357 0.00775057 0.0061988 0.00489689 0.00382738 0.00295796
 1.00672e-16 3.31995e-05 0.000194852 0.000926235 0.00356605 0.0111204 0.0280893 0.0574746 0.0952713 0.127949 0.139241 0.122836 0.0879632 0.0514031 0.0250712 0.0112536 0.00633599 0.00605426 0.00778267 0.0103409 0.013203 0.016009 0.0184141 0.0201021 0.0208462 0.0205616 0.019324 0.0173462 0.0149219 0.0123557 0.00990325 0.00773553 0.00593228 0.00449838 0.00339137 0.00254893
 1.00939e-16 2.78936e-05 0.000163692 0.000778075 0.00299556 0.00934131 0.0235956 0.048281 0.080036 0.107501 0.117021 0.103313 0.0741562 0.0436836 0.0219575 0.0109598 0.00771587 0.00868647 0.0116688 0.0156144 0.0199552 0.0242008 0.0278398 0.030395 0.0315232 0.0310944 0.029222 0.0262261 0.0225498 0.0186538 0.0149256 0.0116256 0.0088771 0.00669002 0.00500255 0.00372188
 1.01372e-16 3.11811e-05 0.000183002 0.000869899 0.00334914 0.010444 0.0263807 0.0539787 0.0894771 0.120169 0.130779 0.115382 0.0826503 0.0483484 0.023676 0.0107908 0.00631091 0.00624418 0.00813457 0.0108783 0.0139781 0.0170836 0.01985 0.0219521 0.0231458 0.0233199 0.0225169 0.0209133 0.0187676 0.0163564 0.0139188 0.0116235 0.00956345 0.00776929 0.00623317 0.00493038
 1.01471e-16 3.11679e-05 0.000182924 0.000869526 0.0033477 0.0104395 0.0263693 0.0539556 0.0894389 0.120119 0.130725 0.115338 0.082626 0.0483488 0.023703 0.0108476 0.0064036 0.00638072 0.00832168 0.0111177 0.014263 0.0173966 0.020163 0.02223 0.0233516 0.0234223 0.022498 0.0207725 0.0185233 0.0160423 0.0135775 0.0112984 0.00929104 0.00757401 0.00612508 0.00490607
 1.02014e-16 2.48929e-05 0.000146073 0.000694308 0.00267303 0.0083355 0.021055 0.043083 0.071421 0.0959351 0.104445 0.0922451 0.0662866 0.0391989 0.019984 0.0104391 0.00793941 0.00935102 0.0127179 0.0170912 0.0219226 0.0267068 0.0309024 0.0339967 0.0356121 0.0355909 0.0340277 0.0312328 0.0276463 0.0237301 0.0198753 0.0163483 0.0132819 0.0107005 0.00856184 0.00679701
 1.01729e-16 3.27306e-05 0.000192103 0.000913175 0.00351578 0.0109636 0.0276932 0.056664 0.0939266 0.12614 0.137264 0.121072 0.0866573 0.0505541 0.0244986 0.0107317 0.0056802 0.00513804 0.00652859 0.00871945 0.0112433 0.0138117 0.0161547 0.0180173 0.019203 0.0196139 0.0192667 0.0182788 0.0168303 0.0151171 0.0133101 0.0115326 0.00985657 0.00831388 0.00691277 0.00565266
 1.01309e-16 3.00652e-05 0.000176447 0.000838725 0.0032291 0.0100696 0.0254351 0.0520444 0.0862722 0.11587 0.126112 0.111294 0.0797847 0.046799 0.0231529 0.010948 0.00694307 0.00730015 0.00964552 0.0128855 0.0164846 0.0200275 0.023095 0.0252975 0.0263534 0.0261531 0.0247832 0.0224969 0.0196457 0.0165946 0.0136491 0.0110128 0.00878055 0.006959 0.00550062 0.00433671
 1.01005e-16 3.33647e-05 0.000195824 0.00093086 0.00358386 0.0111759 0.0282296 0.0577615 0.0957463 0.128585 0.139928 0.123429 0.0883621 0.0515831 0.0250606 0.0110836 0.00601221 0.00555784 0.00708595 0.00942545 0.0120744 0.0147069 0.0170158 0.0187168 0.0196008 0.01958 0.0187056 0.0171483 0.0151505 0.0129679 0.0108177 0.0088492 0.00713812 0.00570034 0.00451436 0.00354297
 1.01028e-16 3.0706e-05 0.00018021 0.000856614 0.00329798 0.0102844 0.0259777 0.0531545 0.0881119 0.118339 0.128796 0.113654 0.0814585 0.0477438 0.0235517 0.0110217 0.00683707 0.00707323 0.0093052 0.0124214 0.0158875 0.019298 0.0222468 0.0243566 0.0253542 0.0251325 0.0237741 0.0215234 0.0187206 0.0157208 0.0128229 0.0102284 0.00803381 0.00625004 0.00483408 0.00372052
 1.01607e-16 2.5565e-05 0.00015002 0.00071307 0.00274527 0.00856078 0.0216241 0.0442473 0.0733507 0.0985259 0.107263 0.0947257 0.0680524 0.0402094 0.0204368 0.0105739 0.00791829 0.00924594 0.0125456 0.0168454 0.021591 0.0262777 0.0303674 0.0333518 0.0348575 0.0347309 0.0330698 0.0301875 0.0265273 0.0225549 0.0186654 0.0151291 0.0120815 0.00954781 0.00748415 0.00581735
 1.0221e-16 2.65301e-05 0.000155691 0.000740041 0.00284913 0.00888468 0.0224421 0.0459207 0.076123 0.102244 0.111296 0.0982518 0.0705086 0.0415061 0.0208115 0.0103079 0.00716643 0.00802732 0.01081 0.014542 0.0187169 0.0229071 0.0266626 0.029553 0.0312521 0.0316086 0.030673 0.0286718 0.025939 0.0228329 0.0196624 0.0166457 0.013903 0.011476 0.00935831 0.00752415
 1.01224e-16 3.33597e-05 0.000195796 0.000930727 0.00358335 0.0111744 0.0282255 0.0577532 0.0957324 0.128566 0.139906 0.123407 0.0883397 0.0515573 0.0250243 0.0110274 0.00592526 0.00542901 0.00690535 0.00918679 0.0117778 0.0143616 0.016641 0.0183408 0.0192584 0.0193072 0.0185343 0.0171012 0.015238 0.0131869 0.0111531 0.00927639 0.00762722 0.00621989 0.00503476 0.00403907
 1.00291e-16 3.69021e-05 0.000216596 0.00102962 0.00396414 0.0123618 0.0312249 0.0638899 0.105903 0.142219 0.154748 0.136465 0.0976121 0.0568168 0.027292 0.0115386 0.0054985 0.00440302 0.00532946 0.00699985 0.00890766 0.0107707 0.0123461 0.0134172 0.0138318 0.0135368 0.0125911 0.0111485 0.00941821 0.00761589 0.00592117 0.00445261 0.00326292 0.00235058 0.00167949 0.00119899
 1.00111e-16 3.85777e-05 0.000226436 0.00107641 0.00414429 0.0129236 0.032644 0.0667931 0.110714 0.148677 0.161766 0.142632 0.101977 0.0592635 0.0282914 0.0116582 0.00510498 0.00363451 0.00419008 0.00545029 0.00691875 0.00835011 0.00954915 0.0103458 0.0106217 0.0103375 0.00954293 0.00836236 0.00696408 0.00552096 0.00417668 0.00302558 0.00210879 0.00142331 0.000937836 0.000608887
 1.00229e-16 3.435e-05 0.000201608 0.000958352 0.00368971 0.011506 0.0290633 0.0594675 0.0985745 0.132384 0.144064 0.127082 0.0909866 0.0531341 0.0258483 0.0114872 0.00630331 0.00587752 0.00748849 0.00991514 0.0126193 0.0152411 0.0174411 0.0189117 0.0194372 0.0189445 0.0175219 0.0153937 0.0128641 0.0102459 0.00779972 0.00569717 0.00401402 0.00274644 0.00183957 0.00121645
 1.00729e-16 2.95547e-05 0.000173447 0.000824459 0.00317416 0.00989828 0.0250024 0.0511592 0.0848057 0.113903 0.123978 0.109427 0.0784823 0.0461071 0.0229444 0.0110722 0.00731622 0.00791087 0.0105208 0.0140553 0.0179572 0.0217737 0.025042 0.0273315 0.0283324 0.0279275 0.0262188 0.0234951 0.0201565 0.0166196 0.0132355 0.0102412 0.00774979 0.00577208 0.00425322 0.00310958
 1.01028e-16 3.2484e-05 0.000190653 0.000906272 0.00348919 0.0108807 0.0274838 0.0562357 0.0932178 0.125191 0.136239 0.120187 0.0860655 0.0502922 0.0245266 0.0110062 0.00619655 0.00592925 0.0076409 0.0101847 0.0130558 0.0159116 0.0184224 0.020281 0.0212605 0.0212636 0.0203423 0.0186774 0.0165275 0.0141666 0.0118288 0.00967665 0.00779482 0.00620441 0.00488642 0.00380448
 1.0108e-16 3.10171e-05 0.000182037 0.000865305 0.00333144 0.0103888 0.0262413 0.0536937 0.0890054 0.119538 0.130098 0.114796 0.0822619 0.0481844 0.0237128 0.0110032 0.00670009 0.00683609 0.00896223 0.0119618 0.0153076 0.0186077 0.0214721 0.0235386 0.0245434 0.0243817 0.0231291 0.021016 0.0183648 0.0155124 0.012743 0.0102488 0.00812329 0.00637891 0.00497781 0.00386118
 1.01056e-16 3.25855e-05 0.000191248 0.000909103 0.00350009 0.0109147 0.0275697 0.0564115 0.093509 0.125582 0.136665 0.120562 0.0863338 0.0504481 0.0246008 0.0110362 0.00620808 0.0059343 0.00764246 0.0101811 0.0130426 0.0158826 0.0183703 0.0201985 0.0211414 0.0211049 0.0201454 0.0184484 0.0162776 0.0139101 0.0115818 0.00945398 0.00760846 0.00606169 0.0047895 0.00375069
 1.01187e-16 3.08076e-05 0.000180807 0.000859457 0.00330893 0.0103186 0.0260639 0.0533308 0.0884039 0.11873 0.129219 0.114021 0.0817085 0.0478637 0.0235614 0.0109442 0.00668034 0.0068304 0.00896333 0.0119711 0.0153308 0.0186532 0.0215505 0.0236611 0.0247206 0.0246211 0.023434 0.0213835 0.018786 0.0159727 0.0132239 0.0107304 0.00858628 0.00680698 0.005359 0.00418858
 1.0151e-16 2.97108e-05 0.000174367 0.000828841 0.00319104 0.00995093 0.0251354 0.051431 0.0852552 0.114503 0.124623 0.109976 0.0788316 0.0462234 0.0228382 0.0107508 0.00675757 0.00706731 0.00933958 0.0125034 0.0160438 0.0195669 0.0226743 0.0249914 0.0262402 0.0263013 0.0252365 0.0232642 0.0206976 0.0178672 0.0150552 0.0124558 0.0101695 0.00822033 0.00658498 0.0052209
 1.01496e-16 3.12638e-05 0.000183488 0.000872207 0.00335802 0.0104717 0.0264507 0.0541219 0.0897145 0.120488 0.131126 0.115689 0.0828705 0.0484784 0.0237416 0.0108235 0.00633266 0.00626553 0.00815802 0.0109013 0.0139942 0.0170833 0.0198213 0.0218829 0.0230262 0.023145 0.0222897 0.0206454 0.0184785 0.0160709 0.0136629 0.0114205 0.00942947 0.00771165 0.00624957 0.00501031
 1.01403e-16 3.08131e-05 0.00018084 0.000859617 0.00330954 0.0103205 0.0260688 0.0533407 0.0884201 0.118752 0.129241 0.114036 0.0817106 0.0478477 0.0235218 0.0108729 0.00656628 0.00666079 0.0087263 0.0116596 0.0149464 0.0182096 0.0210744 0.0231908 0.0243013 0.0242983 0.0232454 0.0213535 0.0189212 0.0162625 0.0136428 0.0112431 0.00915353 0.00739077 0.0059265 0.00471448
 1.02953e-16 1.71719e-05 0.000100733 0.000478727 0.00184294 0.00574687 0.0145165 0.0297058 0.049252 0.0661785 0.0721061 0.0638185 0.0461543 0.0278864 0.0153111 0.00977504 0.00957614 0.0126324 0.0176085 0.0237645 0.0305203 0.0372201 0.0431227 0.0475182 0.0498792 0.0499802 0.047942 0.0441827 0.0393005 0.033926 0.0285953 0.0236767 0.0193581 0.0156814 0.0125987 0.0100259
 1.05053e-16 2.30276e-05 0.000135133 0.000642317 0.00247288 0.00771139 0.0194785 0.0398564 0.0660699 0.0887407 0.0965956 0.0852712 0.0611864 0.0360061 0.0180349 0.00891144 0.00619086 0.00697688 0.00949591 0.0129495 0.0169539 0.0211964 0.0253341 0.0290148 0.0319365 0.0338994 0.0348323 0.0347821 0.0338772 0.0322815 0.0301557 0.0276375 0.0248416 0.0218702 0.0188252 0.0158124
pSPR Fmed_Fpbrs
0.523983   0.6 0.325
Fs Fmed_Fpbrs
0.64   0.461331 1.60491
SSBpbr Bo_Bmed_Bpbrs
803468  380830  441907 220954
Ro
33450.5
SPR SPRFo_SPRFmed_SPRFpbrs
690898 362019 224542
log_Ro
10.2378
likeval ReclasPelacesDesembMPH_pf_preclas_ppelaces_ptallas_desvR_qrecl_qpela
 64.9039 13.5672 0.0111952 17.8 330.119 198.141 55.7894 0 16.7679 4.50459e-07 7.64026e-05 1.8558e-14 0 0 0
q_reclas_q_pelaces
0.909276 3.46794
M
0.7
N
 35619.7 10548.3 3385.7 399.13 0.219691
 43064.4 16015.3 2595.81 599.428 68.8821
 20597.7 19520.1 4173.46 499.918 125.642
 28778.8 8711.44 3117.51 391.526 56.2365
 51058.7 13783.4 3350.23 1063.48 151.291
 35978.4 25190.6 6537.08 1555.03 562.872
 72311.5 16755.5 7947.64 1667.22 530.99
 71878.8 34426.4 6176.96 2547.88 696.848
 102449 32960.4 9736.06 1341.51 689.926
 114670 46653.4 8874.91 1967.36 401.088
 64419.3 53692.7 15293.1 2394.29 629.083
 45262.4 28767.2 12591.5 2522.56 484.829
 45929.6 20443.2 7309.65 2336.68 544.25
 26391.8 19492.2 3345.47 710.73 268.68
 15316.3 9481.64 982.901 57.7066 15.4973
 12255.5 5382.62 409.143 13.4862 0.916257
 8537.4 5313.92 1025.03 49.7044 1.68822
 10914.9 3800.14 1217.95 163.482 7.96397
 12546.3 4992.2 1055.32 257.535 35.4753
 18329.7 5840.32 1570.07 267.904 73.123
 25524.2 8534.81 1840.34 399.705 85.3453
 33499 12305.7 3439.38 672.423 175.844
 51527.7 16065.8 4778 1189.88 290.762
 72128.3 24569.5 5987.81 1556.54 477.177
 28688.5 34420.5 9210.21 1967.27 661.133
 32600.5 13786.8 13557.8 3254.24 920.621
pred_Ctot
 2436.78 3982.12 1659.75 198.731 0.109477
 2715.29 5677.85 1205.22 282.85 32.531
 2217.52 10143.4 2663.23 322.736 81.1614
 736.847 1434.03 717.132 91.983 13.2267
 238.222 446.583 157.959 51.3724 7.31773
 1614.75 6779.93 2374.93 575.454 208.501
 2152.1 3157.96 2077.16 444.759 141.805
 3977.08 11005.9 2618.85 1098.87 300.814
 6144.21 11235.8 4368.08 611.909 314.975
 4723.73 11678.3 3018.08 681.817 139.143
 4695.55 21262.7 7810.04 1241.29 326.401
 2961.02 10494.2 5992.89 1219.85 234.649
 4845.67 10485.5 4616.97 1493.41 348.055
 5347.08 14172 2720.9 581.345 219.834
 3284.29 7051.92 811.193 47.8759 12.8607
 1126.76 2518.34 240.079 8.01753 0.545089
 640.392 2149.69 533.029 26.2329 0.891703
 622.751 1245.14 527.732 72.0431 3.5127
 566.907 1351.26 385.374 95.7905 13.208
 824.844 1575.4 571.562 99.3397 27.1408
 535.553 1170.96 355.913 79.001 16.8879
 826.097 1957.79 765.994 152.969 40.0477
 1478.29 2930.28 1210.85 307.83 75.305
 2028.39 4401.75 1492.07 395.986 121.529
 666.792 5188.07 1948.5 425.207 143.06
 776.599 2125.32 2930.35 718.536 203.504
F
 0.0993581 0.702069 1.03134 1.05744 1.05885
 0.0912529 0.644797 0.947208 0.971181 0.972476
 0.160544 1.13441 1.66645 1.70862 1.7109
 0.0361743 0.255609 0.37549 0.384993 0.385507
 0.00650627 0.0459736 0.0675353 0.0692445 0.0693369
 0.0641935 0.453594 0.66633 0.683194 0.684106
 0.0421592 0.297899 0.437613 0.448689 0.449287
 0.079675 0.562987 0.827029 0.84796 0.849092
 0.0866225 0.612078 0.899144 0.9219 0.92313
 0.0587805 0.415346 0.610143 0.625586 0.62642
 0.106177 0.750253 1.10212 1.13002 1.13152
 0.0948256 0.670042 0.984292 1.0092 1.01055
 0.157096 1.11005 1.63066 1.67193 1.67416
 0.323698 2.28726 3.35999 3.44503 3.44962
 0.345745 2.44305 3.58884 3.67967 3.68458
 0.135642 0.958454 1.40797 1.44361 1.44553
 0.109419 0.773159 1.13577 1.16452 1.16607
 0.0822511 0.58119 0.853769 0.875377 0.876544
 0.0646407 0.456754 0.670973 0.687955 0.688872
 0.0643689 0.454833 0.668151 0.685061 0.685975
 0.0295586 0.208862 0.306819 0.314584 0.315004
 0.0348206 0.246044 0.361439 0.370586 0.371081
 0.0406126 0.286971 0.42156 0.43223 0.432806
 0.0397953 0.281196 0.413077 0.423531 0.424096
 0.0327892 0.23169 0.340353 0.348967 0.349433
 0.0336187 0.237551 0.348963 0.357795 0.358272
Np
 22186 10550.5 5725.02 1710.6 1953.63
YTP_r0W_actual
 8961.16 67539.3 127816 36721.7 11304.1
YTP_p0W_proyectada
 5556.37 65212.7 45273.1 51909.5 18481.8
 5556.37 43953.1 48009.7 18696.8 23721.7
CTP_r0_actual
 995.684 2659.03 3620.85 886.998 251.203
CTP_p0_proyectada
 677.606 3019.11 1441.82 1294.5 415.321
 677.606 2034.86 1528.97 466.254 533.073
Wmedp
 8.2 21.6 31.4 40.1 44.5
nmprior
 10.8 10.6 4.6 0
nm_flota  nm_reclas  nm_pelaces    nm_pelaL
inf 22.1267 16.2656 49.6338
cv_recla  cv_pelaces  cv_mph
0.712701 0.403493 0.574134
 ------------------------------------------------
Talla a la edad & desviaci?n 
 7.2 14.2025 17.0495 18.207 18.6776
 1.08 2.13037 2.55742 2.73105 2.80164
