years
 1997 1998 1999 2000 2001 2002 2003 2004 2005 2006 2007 2008 2009 2010 2011 2012 2013 2014 2015 2016 2017 2018 2019 2020 2021
reclasobs
 0 0 0 370054 412103 1.49427e+06 250295 1.28982e+06 931140 785840 897777 1.04006e+06 184774 17550 25797 100020 73551 82996 120727 218422 84188 347160 605670 569463 516374
reclaspred
 2.81055e+06 689633 1.48379e+06 606136 302760 1.07655e+06 4.23419e+06 3.13822e+06 3.63573e+06 3.25021e+06 4.49867e+06 4.55926e+06 3.31352e+06 2.08107e+06 1.32212e+06 750527 533551 508860 513233 602895 492349 554311 1.28239e+06 1.37792e+06 1.8732e+06
pelacesobs
 0 0 0 0 0 0 0 0 0 2.06254e+06 1.5e+06 0 1.87456e+06 323000 250000 174000 83755 137374 0 501740 490994 745055 786931 1.00524e+06 1.33801e+06
pelacespred
 2.38192e+06 872372 517121 481257 215673 431296 1.50825e+06 2.22403e+06 2.20429e+06 2.07534e+06 2.6931e+06 2.74112e+06 2.09972e+06 1.38863e+06 840789 482365 325230 281600 298432 322899 311645 309377 553136 772705 985137
mphobs
 0 0 0 0 0 0 112323 0 153150 637223 0 255016 313432 73983 77613 109348 50772 17779 17303 59886 28197 0 207744 136588 643089
mphpred
 1.82414e+06 1.49917e+06 886928 827586 369002 316436 2.61655e+06 2.72111e+06 3.62071e+06 2.91136e+06 3.4887e+06 4.5654e+06 3.32467e+06 2.33855e+06 1.39414e+06 775000 446888 407053 418682 505115 449827 416382 819529 1.13989e+06 1.41359e+06
desembarqueobs
 350755 77701 442110 56441 14545 235359 269955 359681 431902 328805 639364 411747 362871 311530 167758 66681 60226 58785 57116 73181 50977 67692 138656 160484 209506
desembarquepred
 319435 78521.2 168948 69016.1 34471.8 122206 482100 356720 413861 369689 511621 519055 377168 236949 150537 85450.9 60708.5 57910.2 58380.7 68636.8 56021.3 63021.6 145940 156754 213173
Reclutas
 210370 4330.85 653.517 458.925 1256.64 412102 9143.28 414855 78375.6 326115 482622 63690.1 106945 8197.36 3106.8 6422.61 28805.2 18562.5 46441.3 7686.84 26772.4 112422 83789.1 126119 73695
log_desv_Rt
 1.98538 -1.89772 -3.78887 -4.14235 -3.13504 2.65779 -1.15046 2.66445 0.998028 2.42377 2.81575 0.790545 1.30884 -1.25967 -2.22989 -1.50366 -0.00292677 -0.442343 0.474705 -1.32397 -0.0761125 1.35877 1.06482 1.47374 0.936451
SSB
 1.82414e+06 1.49917e+06 886928 827586 369002 316436 2.5537e+06 2.69935e+06 3.56256e+06 2.86479e+06 3.4887e+06 4.5654e+06 3.37894e+06 2.37678e+06 1.44009e+06 820245 488431 434256 428944 538939 460861 416382 839645 1.12164e+06 1.50804e+06
BT
 7.81605e+06 1.7136e+06 1.01819e+06 944575 425902 1.43442e+06 3.01548e+06 5.92077e+06 4.64167e+06 5.04668e+06 6.86528e+06 5.58515e+06 4.44166e+06 2.74091e+06 1.6582e+06 959533 736284 621819 702217 656336 715439 767089 1.23987e+06 1.80298e+06 2.19075e+06
Ftot
 0.110803 0.110803 0.110803 0.110803 0.110803 0.110803 0.110803 0.110803 0.110803 0.110803 0.110803 0.110803 0.110803 0.110803 0.110803 0.110803 0.110803 0.110803 0.110803 0.110803 0.110803 0.110803 0.110803 0.110803 0.110803
BD_Bspro_t
 0.986058 0.915445 0.824984 0.740879 0.666297 0.734178 0.903395 0.843365 0.862326 0.813977 0.835852 0.838836 0.781168 0.743847 0.685285 0.634977 0.606471 0.685947 0.73034 0.791444 0.767477 0.793008 0.857006 0.844747 0.844819
BD_Bspro
 3.07096 2.52385 1.49315 1.39325 0.621217 0.532721 4.29917 4.54437 5.99759 4.8229 5.87325 7.68588 5.68846 4.00132 2.4244 1.38089 0.822277 0.731073 0.72213 0.907308 0.775862 0.700982 1.41355 1.88828 2.5388
BD_Bo
 0.367867 0.30233 0.178863 0.166896 0.074415 0.0638142 0.514993 0.544366 0.718445 0.57773 0.703551 0.920683 0.681415 0.479315 0.290417 0.165415 0.0984997 0.0875746 0.0865032 0.108686 0.0929397 0.0839699 0.169327 0.226195 0.30412
BD_Brms
 1.78998 1.47109 0.870317 0.812086 0.362091 0.310509 2.50587 2.64879 3.49584 2.81114 3.42336 4.47989 3.31565 2.33227 1.41312 0.804883 0.479284 0.426123 0.420911 0.528846 0.452229 0.408584 0.82392 1.10063 1.4798
S_f
 0.5 1 1 1 1
 0.5 1 1 1 1
 0.5 1 1 1 1
 0.5 1 1 1 1
 0.5 1 1 1 1
 0.5 1 1 1 1
 0.5 1 1 1 1
 0.5 1 1 1 1
 0.5 1 1 1 1
 0.5 1 1 1 1
 0.5 1 1 1 1
 0.5 1 1 1 1
 0.5 1 1 1 1
 0.5 1 1 1 1
 0.5 1 1 1 1
 0.5 1 1 1 1
 0.5 1 1 1 1
 0.5 1 1 1 1
 0.5 1 1 1 1
 0.5 1 1 1 1
 0.5 1 1 1 1
 0.5 1 1 1 1
 0.5 1 1 1 1
 0.5 1 1 1 1
 0.5 1 1 1 1
Scru_reclas
 0.5 1 1 1 1
 0.5 1 1 1 1
 0.5 1 1 1 1
 0.5 1 1 1 1
 0.5 1 1 1 1
 0.5 1 1 1 1
 0.5 1 1 1 1
 0.5 1 1 1 1
 0.5 1 1 1 1
 0.5 1 1 1 1
 0.5 1 1 1 1
 0.5 1 1 1 1
 0.5 1 1 1 1
 0.5 1 1 1 1
 0.5 1 1 1 1
 0.5 1 1 1 1
 0.5 1 1 1 1
 0.5 1 1 1 1
 0.5 1 1 1 1
 0.5 1 1 1 1
 0.5 1 1 1 1
 0.5 1 1 1 1
 0.5 1 1 1 1
 0.5 1 1 1 1
 0.5 1 1 1 1
Scru_pelaces
 0.5 1 1 1 1
 0.5 1 1 1 1
 0.5 1 1 1 1
 0.5 1 1 1 1
 0.5 1 1 1 1
 0.5 1 1 1 1
 0.5 1 1 1 1
 0.5 1 1 1 1
 0.5 1 1 1 1
 0.5 1 1 1 1
 0.5 1 1 1 1
 0.5 1 1 1 1
 0.5 1 1 1 1
 0.5 1 1 1 1
 0.5 1 1 1 1
 0.5 1 1 1 1
 0.5 1 1 1 1
 0.5 1 1 1 1
 0.5 1 1 1 1
 0.5 1 1 1 1
 0.5 1 1 1 1
 0.5 1 1 1 1
 0.5 1 1 1 1
 0.5 1 1 1 1
 0.5 1 1 1 1
pf_obs 
 0.256992 0.487395 0.22802 0.0275931 0
 0.321318 0.546541 0.124235 0.00734118 0.000564706
 0.182869 0.594174 0.210203 0.0122559 0.00049798
 0.330522 0.361315 0.267642 0.0388342 0.00168674
 0.649043 0.306663 0.0425973 0.00169635 0
 0.582887 0.30429 0.105238 0.00758474 0
 0.465427 0.430635 0.0974691 0.00646863 0
 0.296916 0.608066 0.0921331 0.00288517 0
 0.311714 0.524322 0.152257 0.0117073 0
 0.15457 0.633149 0.183074 0.0267441 0.00246327
 0.131901 0.49318 0.331252 0.0422183 0.00144891
 0.196976 0.569456 0.194076 0.0375587 0.00193317
 0.518974 0.381816 0.0799577 0.0180837 0.00116848
 0.0928022 0.601141 0.25162 0.0475244 0.00691264
 0.122501 0.610282 0.24278 0.0234846 0.000952079
 0.383417 0.481906 0.127806 0.00687128 0
 0.0376549 0.599619 0.316969 0.0457579 0
 0.0361596 0.667082 0.258105 0.0386534 0
 0.158088 0.579412 0.248529 0.0139706 0
 0.0477256 0.309471 0.559284 0.082774 0.000745712
 0.0406174 0.521527 0.379366 0.0568643 0.0016247
 0.151134 0.462217 0.34131 0.0453401 0
 0.294876 0.26143 0.354403 0.0886775 0.000613685
 0.281977 0.475581 0.204845 0.0348837 0.00271318
 0.0841818 0.532909 0.334909 0.0458182 0.00218182
pf_pred 
 0.759514 0.121064 0.0601187 0.0298541 0.0294491
 0.019087 0.850424 0.0656903 0.0326208 0.0321783
 0.00631062 0.0383597 0.828244 0.063977 0.0631091
 0.00980616 0.0128086 0.0377303 0.814654 0.125001
 0.0564122 0.0188969 0.0119613 0.0352344 0.877495
 0.975164 0.00272754 0.000442765 0.000280261 0.0213858
 0.0233361 0.964757 0.00130767 0.000212275 0.0103874
 0.699189 0.0141347 0.283181 0.000383833 0.00311127
 0.145616 0.706986 0.0069261 0.13876 0.00171262
 0.541347 0.119337 0.280777 0.00275068 0.0557883
 0.53354 0.330687 0.0353265 0.0831168 0.017329
 0.0917819 0.637939 0.191609 0.0204691 0.0582009
 0.240054 0.131131 0.441685 0.132663 0.0544681
 0.0319232 0.382016 0.101126 0.340621 0.144313
 0.02565 0.0620777 0.359995 0.0952969 0.45698
 0.104043 0.0461637 0.054142 0.313975 0.481677
 0.485912 0.0993768 0.0213678 0.0250607 0.368283
 0.317142 0.451416 0.0447393 0.00961976 0.177083
 0.571701 0.209598 0.144576 0.0143288 0.0597957
 0.11691 0.64788 0.115106 0.0793975 0.0407073
 0.448957 0.118237 0.317528 0.0564139 0.0588638
 0.741641 0.162001 0.0206753 0.0555241 0.0201578
 0.410096 0.504702 0.0534251 0.00681834 0.0249585
 0.491599 0.299575 0.178665 0.0189125 0.011249
 0.297934 0.467681 0.138111 0.082369 0.0139052
pobs_RECLAS
 0 0 0 0 0
 0 0 0 0 0
 0 0 0 0 0
 0 0 0 0 0
 0.835266 0.146461 0.0176864 0.000547809 3.91292e-05
 0.385257 0.428462 0.181853 0.0044286 0
 0.867414 0.0963971 0.0333333 0.00285562 0
 0.441836 0.489002 0.0689373 0.000224442 0
 0.779404 0.147425 0.0564933 0.0165055 0.000172143
 0.814271 0.122319 0.05973 0.00367925 0
 0.40263 0.566651 0.0304383 0.000280538 0
 0.475488 0.404961 0.113038 0.00651328 0
 0.955842 0.0263864 0.0167828 0.000988607 0
 0.975058 0.0227948 0.00214734 0 0
 0.738997 0.206755 0.0527124 0.00153531 0
 0.850938 0.134255 0.0134407 0.00136685 0
 0.542534 0.407297 0.0501686 0 0
 0.764087 0.199537 0.0359546 0.000420521 0
 0.470689 0.182191 0.310203 0.0369168 0
 0.84361 0.089868 0.0606195 0.00523954 0.000663233
 0.607945 0.314616 0.071237 0.00620181 0
 0.523733 0.453247 0.0230204 0 0
 0.530135 0.295979 0.169645 0.0042399 0
 0.562478 0.366248 0.0663022 0.0049721 0
 0.250443 0.683176 0.0655157 0.000865301 0
ppred_RECLAS
 0.760167 0.120736 0.0599555 0.029773 0.0293691
 0.0191541 0.850365 0.0656858 0.0326186 0.0321761
 0.0063331 0.0383589 0.828225 0.0639756 0.0631076
 0.00984097 0.0128082 0.037729 0.814625 0.124996
 0.056603 0.018893 0.0119589 0.0352273 0.877318
 0.97525 0.00271804 0.000441223 0.000279284 0.0213113
 0.0234178 0.964676 0.00130756 0.000212258 0.0103865
 0.699942 0.0140994 0.282473 0.000382874 0.00310349
 0.146061 0.706617 0.00692249 0.138688 0.00171173
 0.542236 0.119105 0.280233 0.00274535 0.0556802
 0.534431 0.330056 0.0352591 0.0829581 0.0172959
 0.0920806 0.63773 0.191546 0.0204623 0.0581817
 0.240707 0.131018 0.441305 0.132549 0.0544212
 0.032034 0.381973 0.101115 0.340582 0.144296
 0.0257396 0.062072 0.359962 0.0952881 0.456938
 0.104377 0.0461465 0.0541218 0.313858 0.481497
 0.486806 0.0992039 0.0213306 0.0250171 0.367642
 0.317917 0.450903 0.0446885 0.00960883 0.176882
 0.572577 0.209169 0.14428 0.0142995 0.0596734
 0.11728 0.647608 0.115058 0.0793642 0.0406902
 0.449843 0.118047 0.317018 0.0563232 0.0587692
 0.742327 0.161572 0.0206205 0.0553768 0.0201044
 0.410962 0.503961 0.0533467 0.00680833 0.0249219
 0.492493 0.299047 0.178351 0.0188793 0.0112292
 0.298683 0.467182 0.137964 0.0822811 0.0138904
pobs_PELACES
 0 0 0 0 0
 0 0 0 0 0
 0 0 0 0 0
 0 0 0 0 0
 0 0 0 0 0
 0 0 0 0 0
 0 0 0 0 0
 0 0 0 0 0
 0 0 0 0 0
 0 0 0 0 0
 0.450072 0.473896 0.0757376 0.000293798 0
 0 0 0 0 0
 0.463077 0.371075 0.160297 0.00555027 0
 0.529543 0.364841 0.0842815 0.0213345 0
 0.631943 0.363953 0.00410389 0 0
 0.735681 0.248677 0.0153453 0.000297389 0
 0.695825 0.281241 0.0229344 0 0
 0.275771 0.60734 0.115278 0.00161068 0
 0 0 0 0 0
 0.896147 0.0623911 0.0374545 0.00400742 0
 0.803859 0.145111 0.0509908 3.86294e-05 0
 0.739449 0.233085 0.0266225 0.000797448 4.60066e-05
 0.878498 0.100942 0.0204185 0.000141795 0
 0.694673 0.275183 0.0284847 0.00165964 0
 0.469039 0.446079 0.0841089 0.000773354 0
ppred_PELACES
 0.763484 0.119066 0.0591262 0.0293612 0.0289629
 0.0195007 0.850065 0.0656626 0.0326071 0.0321647
 0.0064492 0.0383544 0.828128 0.0639681 0.0631003
 0.0100207 0.0128058 0.0377222 0.814477 0.124974
 0.0575872 0.0188733 0.0119464 0.0351905 0.876403
 0.975688 0.00266999 0.000433424 0.000274347 0.0209346
 0.0238395 0.964259 0.00130699 0.000212166 0.010382
 0.703767 0.0139196 0.278871 0.000377992 0.00306392
 0.148356 0.704718 0.00690388 0.138315 0.00170713
 0.54677 0.117926 0.277457 0.00271816 0.0551287
 0.538977 0.326833 0.0349148 0.0821481 0.017127
 0.0936205 0.636648 0.191221 0.0204276 0.058083
 0.244064 0.130439 0.439354 0.131962 0.0541806
 0.0326058 0.381747 0.101055 0.340381 0.144211
 0.0262021 0.0620425 0.359791 0.0952429 0.456721
 0.106098 0.0460578 0.0540178 0.313255 0.480571
 0.491374 0.0983208 0.0211407 0.0247944 0.36437
 0.321895 0.448274 0.0444279 0.0095528 0.17585
 0.577046 0.206983 0.142772 0.01415 0.0590496
 0.119186 0.64621 0.114809 0.0791928 0.0406024
 0.454372 0.117075 0.314408 0.0558596 0.0582854
 0.745808 0.159389 0.0203419 0.0546286 0.0198327
 0.415395 0.500168 0.0529452 0.00675709 0.0247343
 0.497063 0.296354 0.176745 0.0187093 0.0111281
 0.302527 0.464621 0.137208 0.0818302 0.0138143
pobs_pel_tallas
 0 0 0 0 0 0 0 0 0 0 0 0 0 0 0 0 0 0 0 0 0 0 0 0 0 0 0 0 0 0 0 0 0 0 0 0
 0 0 0 0 0 0 0 0 0 0 0 0 0 0 0 0 0 0 0 0 0 0 0 0 0 0 0 0 0 0 0 0 0 0 0 0
 0 0 0 0 0 0 0 0 0 0 0 0 0 0 0 0 0 0 0 0 0 0 0 0 0 0 0 0 0 0 0 0 0 0 0 0
 0 0 0 0 0 0 0 0 0 0 0 0 0 0 0 0 0 0 0 0 0 0 0 0 0 0 0 0 0 0 0 0 0 0 0 0
 0 0 0 0 0 0 0 0 0 0 0 0 0 0 0 0 0 0 0 0 0 0 0 0 0 0 0 0 0 0 0 0 0 0 0 0
 0 0 0 0 0 0 0 0 0 0 0 0 0 0 0 0 0 0 0 0 0 0 0 0 0 0 0 0 0 0 0 0 0 0 0 0
 0 0 0 0 0 0 0 0 0 0 0 0 0 0 0 0 0 0 0 0 0 0 0 0 0 0 0 0 0 0 0 0 0 0 0 0
 0 0 0 0 0 0 0 0 0 0 0 0 0 0 0 0 0 0 0 0 0 0 0 0 0 0 0 0 0 0 0 0 0 0 0 0
 0 0 0 0 0 0 0 0 0 0 0 0 0 0 0 0 0 0 0 0 0 0 0 0 0 0 0 0 0 0 0 0 0 0 0 0
 0 0 0 0 0 0 0 0 0 0 0 0 0 0 0 0 0 0 0 0 0 0 0 0 0 0 0 0 0 0 0 0 0 0 0 0
 0 0 0 0 0 0 0 0 1.78061e-05 0.00172719 0.00360574 0.0105946 0.0120993 0.0124554 0.0147524 0.0171206 0.0266825 0.0428682 0.0675386 0.121331 0.153587 0.119568 0.100827 0.0573624 0.0630603 0.0341343 0.0324427 0.0444173 0.0211091 0.0280891 0.0125444 0.00206551 0 0 0 0
 0 0 0 0 0 0 0 0 0 0 0 0 0 0 0 0 0 0 0 0 0 0 0 0 0 0 0 0 0 0 0 0 0 0 0 0
 0 0 0 0 0 0 0.0133647 0.0140871 0.0187388 0.0205184 0.03894 0.0496705 0.03968 0.0493445 0.0407372 0.0367815 0.0215668 0.0243155 0.0234873 0.0199281 0.019796 0.0243948 0.0301388 0.0376714 0.0412746 0.0863199 0.0771752 0.113111 0.0741005 0.0525337 0.0229764 0.00759418 0.00175318 0 0 0
 0 0 0 0 0 0 0 0 0 0 0.00219441 0.00772107 0.0458388 0.0604681 0.0671733 0.0775358 0.0609151 0.0617685 0.073594 0.0568108 0.0755445 0.0548602 0.0670107 0.0636378 0.0643287 0.046367 0.0373049 0.0286899 0.0247887 0.0153202 0.00654259 0.00121912 0.000365735 0 0 0
 0 0 0 0 0 0 0 0 0 0 0 0 0.000112435 0.00938835 0.0111873 0.0202946 0.0414886 0.0713402 0.111592 0.104902 0.108894 0.110636 0.117776 0.105296 0.107544 0.0401394 0.0192827 0.0124803 0.00416011 0.0028671 0.000618394 0 0 0 0 0
 0 0 0 0 0 0 0 0 0 0 0.00291406 0.0102884 0.027416 0.0768956 0.0749926 0.110853 0.0956884 0.0897413 0.0766577 0.0534642 0.0500743 0.0551293 0.0594112 0.0620874 0.0668451 0.0424026 0.0208742 0.0120726 0.0048766 0.00582813 0.00118941 0.000297354 0 0 0 0
 0 0.00264628 0.0354308 0.0461629 0.0458689 0.0383711 0.0214643 0.0164657 0.0346957 0.0420465 0.0363128 0.0245516 0.0311673 0.0291091 0.0169068 0.0133784 0.00837989 0.0085269 0.0148486 0.0160247 0.0276389 0.0546898 0.0760071 0.122758 0.109233 0.0665981 0.0333725 0.0166128 0.00676272 0.00308733 0.000882094 0 0 0 0 0
 0 0 0 0 0 0 0 0.000805153 0.000690131 0.00759144 0.0133425 0.0154129 0.00931677 0.000345066 0.00356568 0.00563607 0.00851162 0.0253048 0.0502646 0.0516448 0.0657925 0.0565908 0.0611916 0.0827007 0.0866115 0.110766 0.145733 0.0935128 0.0569358 0.0249597 0.0138026 0.00621118 0.00161031 0.00115022 0 0
 0 0 0 0 0 0 0 0 0 0 0 0 0 0 0 0 0 0 0 0 0 0 0 0 0 0 0 0 0 0 0 0 0 0 0 0
 0.00147267 0.00158595 0.00478618 0.00569244 0.00954404 0.0108468 0.00647125 0.017049 0.0510054 0.094081 0.124002 0.0959785 0.0687766 0.0820023 0.061753 0.0591476 0.0492212 0.0479892 0.0443925 0.0268479 0.0217502 0.0140895 0.0121071 0.0120363 0.00920419 0.00665534 0.0049561 0.00860946 0.00930331 0.0156896 0.0114698 0.00855282 0.00243557 0.00046729 0 2.83206e-05
 0 0 0 0 0.000772559 0.00158375 0.000888443 0.00281984 0.00712685 0.0440552 0.0773331 0.111326 0.0921469 0.0852325 0.0710754 0.0886704 0.0786465 0.0553345 0.0373146 0.0185414 0.00753245 0.00457741 0.012979 0.0271748 0.0457355 0.0583668 0.034881 0.0177882 0.00938659 0.00492506 0.0015258 0.00185414 0.000309023 5.79419e-05 3.86279e-05 0
 0 0.00173294 0.00326652 0 0.00397197 0.00683976 0.00946217 0.0152591 0.00757587 0.0136028 0.0228656 0.0392903 0.0559909 0.0764795 0.0681675 0.0726916 0.0566044 0.0477403 0.0527397 0.0444891 0.0609904 0.0582453 0.0661739 0.0445044 0.0529084 0.0360697 0.0280645 0.0235558 0.0158879 0.00826598 0.00280645 0.00217768 0.000904811 0.00058276 9.20147e-05 0
 0 0 0 0 0 0 0 0 0 0 0 0 0 0 0 0 0 0 0 0 0 0 0 0 0 0 0 0 0 0 0 0 0 0 0 0
 0 0 0 0 0 0 0 0 0 0 0 0 0 0 0 0 0 0 0 0 0 0 0 0 0 0 0 0 0 0 0 0 0 0 0 0
 0 0 0 0 0 0 0 0 0 0 0 0 0 0 0 0 0 0 0 0 0 0 0 0 0 0 0 0 0 0 0 0 0 0 0 0
ppred_pel_tallas
 1.03241e-16 3.3309e-05 0.000195503 0.000929349 0.00357807 0.0111579 0.0281839 0.0576675 0.0955887 0.128368 0.139678 0.123175 0.0881075 0.0512881 0.0246455 0.0104412 0.00502066 0.00409265 0.00503877 0.00673171 0.00874541 0.0108572 0.0128741 0.0146136 0.0159299 0.0167407 0.0170384 0.0168796 0.0163597 0.015582 0.014633 0.0135704 0.0124257 0.0112152 0.00995301 0.00866072
 1.03833e-16 8.97466e-07 5.15201e-06 2.42474e-05 9.29462e-05 0.000289489 0.000732177 0.00150485 0.0025199 0.00346107 0.00396911 0.00398334 0.0039035 0.0044006 0.00610096 0.00943917 0.0146901 0.0219988 0.0313087 0.0422377 0.0539991 0.0654386 0.0752035 0.0820126 0.0849516 0.0836928 0.0785717 0.0704838 0.0606498 0.0503247 0.040547 0.0319941 0.0249583 0.0194204 0.015169 0.0119203
 1.16915e-16 2.97334e-07 1.69875e-06 7.9854e-06 3.05958e-05 9.52351e-05 0.000240574 0.000493243 0.000821816 0.00111671 0.00124984 0.00118549 0.00103245 0.000982451 0.0012121 0.00184907 0.00300762 0.00483151 0.007503 0.01122 0.0161569 0.022418 0.0299916 0.0387086 0.0482181 0.0579885 0.0673417 0.0755218 0.0817922 0.0855443 0.0863963 0.0842591 0.0793547 0.0721779 0.0634149 0.0538335
 1.34366e-16 4.489e-07 2.59876e-06 1.22865e-05 4.71949e-05 0.000147037 0.00037136 0.000760311 0.00126243 0.00170211 0.00187003 0.00169212 0.00130562 0.000957683 0.000846606 0.00106477 0.00165352 0.00267693 0.00425354 0.00655007 0.00975964 0.0140743 0.0196522 0.0265782 0.0348219 0.0442005 0.0543547 0.0647498 0.0747085 0.0834756 0.0903103 0.094589 0.0959003 0.0941088 0.0893814 0.0821581
 1.42336e-16 2.52255e-06 1.47741e-05 7.01723e-05 0.000270075 0.000842086 0.00212699 0.00435242 0.00721618 0.00969605 0.0105643 0.00934973 0.00676199 0.00408982 0.00226536 0.00150821 0.00161317 0.002353 0.00365527 0.00558814 0.00829491 0.0119435 0.016692 0.022657 0.0298793 0.0382874 0.0476664 0.0576401 0.0676767 0.0771235 0.0852707 0.0914382 0.0950704 0.0958193 0.0935986 0.0886016
 1.00995e-16 4.25572e-05 0.00024981 0.00118755 0.00457225 0.0142583 0.036015 0.0736896 0.122142 0.164013 0.178424 0.157253 0.112284 0.064958 0.0304564 0.0115936 0.00362167 0.000994766 0.000344176 0.000268238 0.000336008 0.000446372 0.000580693 0.000735615 0.000909425 0.00109967 0.00130237 0.00151131 0.00171751 0.00190925 0.0020729 0.00219446 0.00226175 0.00226652 0.00220602 0.00208377
 1.00825e-16 1.09121e-06 6.27915e-06 2.95831e-05 0.000113451 0.000353406 0.000893758 0.00183629 0.00307234 0.00421213 0.00481053 0.0047828 0.00460041 0.00505769 0.00688454 0.0105679 0.0163956 0.0245015 0.0347898 0.0467952 0.0595949 0.0718541 0.0820238 0.0886538 0.0907333 0.0879433 0.0807425 0.0702436 0.0579365 0.0453442 0.0337239 0.0238911 0.0161852 0.0105528 0.0066891 0.00418367
 1.0412e-16 3.07015e-05 0.000180203 0.000856626 0.0032981 0.0102848 0.0259785 0.0531545 0.0881059 0.118313 0.128719 0.113472 0.0810803 0.0470254 0.0222806 0.00890969 0.00353234 0.0022029 0.00255243 0.00363023 0.0051746 0.00713735 0.00949163 0.0121718 0.0150573 0.0179737 0.0207053 0.0230183 0.0246926 0.0255552 0.0255102 0.0245563 0.0227892 0.0203855 0.017574 0.0145993
 1.0516e-16 6.51007e-06 3.81169e-05 0.000180997 0.000696524 0.00217176 0.00548644 0.0112313 0.0186373 0.0250903 0.0274639 0.0246072 0.018448 0.0124475 0.00918165 0.00939225 0.0126645 0.0183687 0.0260046 0.0350707 0.0448646 0.0544268 0.0626474 0.0684794 0.0711795 0.0704861 0.0666787 0.0604895 0.0529055 0.0449284 0.0373706 0.030741 0.0252342 0.0207987 0.0172433 0.014338
 1.06647e-16 2.38597e-05 0.000140027 0.000665604 0.00256258 0.00799112 0.0201849 0.0413012 0.0684619 0.0919446 0.10006 0.0882734 0.0632196 0.0369596 0.0180648 0.00819366 0.00477756 0.00479789 0.0064337 0.00892253 0.0119843 0.015455 0.0191546 0.0228704 0.0263772 0.0294638 0.0319525 0.0337083 0.0346409 0.0347033 0.033893 0.0322562 0.0298917 0.0269487 0.0236166 0.0201054
 1.04226e-16 2.35277e-05 0.00013806 0.000656214 0.00252636 0.00787813 0.0198998 0.0407192 0.0675027 0.090673 0.0987194 0.0871946 0.0626721 0.0370911 0.0189643 0.00999617 0.00771224 0.00915648 0.0124843 0.0168003 0.0215846 0.0263554 0.0305968 0.0338214 0.0356734 0.0360079 0.0349188 0.0327003 0.0297601 0.0265143 0.0232997 0.0203268 0.0176783 0.0153416 0.0132564 0.011356
 1.06338e-16 4.12107e-06 2.40964e-05 0.000114353 0.000439946 0.00137165 0.00346535 0.00709558 0.0117808 0.0158788 0.0174312 0.0157369 0.0120537 0.00862737 0.00716691 0.00824172 0.0116955 0.0172172 0.0245274 0.0332658 0.0428461 0.0524247 0.0609973 0.0675873 0.0714587 0.0722782 0.0701781 0.0656905 0.0595901 0.0526969 0.0457079 0.0391015 0.0331242 0.0278397 0.0232039 0.0191364
 1.13346e-16 1.06611e-05 6.25375e-05 0.000297207 0.00114415 0.0035678 0.00901204 0.0184408 0.0305717 0.0410693 0.044724 0.0395275 0.0284662 0.0169634 0.00890178 0.00509732 0.00449484 0.00584657 0.00843407 0.0119889 0.0164178 0.0216245 0.0274435 0.0336329 0.0398913 0.0458811 0.0512538 0.0556715 0.058831 0.0604898 0.0604963 0.0588163 0.0555523 0.0509394 0.0453232 0.0391144
 1.19994e-16 1.44939e-06 8.43674e-06 3.99618e-05 0.000153617 0.000478812 0.00120983 0.00247868 0.00412098 0.00557169 0.0061616 0.00566939 0.00457052 0.00370372 0.00374273 0.00498431 0.00748353 0.0112356 0.0162175 0.0223255 0.0293085 0.036756 0.0441501 0.0509612 0.0567566 0.0612784 0.0644682 0.0664245 0.0673202 0.0673111 0.066474 0.0647959 0.0622105 0.0586594 0.0541546 0.0488131
 1.29741e-16 1.1575e-06 6.75178e-06 3.20148e-05 0.000123127 0.000383807 0.000969486 0.00198459 0.00329346 0.00443467 0.00485669 0.00435777 0.00328216 0.00224983 0.00173426 0.00190261 0.00274605 0.00425801 0.00650485 0.00960485 0.0136813 0.0188224 0.0250515 0.0323045 0.0404124 0.0490917 0.0579456 0.0664801 0.0741393 0.0803599 0.0846387 0.0866018 0.0860627 0.0830537 0.0778238 0.0708044
 1.34001e-16 4.63958e-06 2.71989e-05 0.000129232 0.000497455 0.00155115 0.00391805 0.00801732 0.0132917 0.0178569 0.0194492 0.017197 0.0124017 0.00742645 0.00396962 0.00240416 0.00230188 0.00316853 0.00476319 0.0070679 0.0101686 0.0141717 0.0191613 0.0251723 0.0321672 0.0400127 0.0484596 0.0571336 0.0655446 0.0731217 0.0792714 0.0834559 0.0852726 0.08452 0.0812345 0.0756889
 1.1821e-16 2.14421e-05 0.000125838 0.000598161 0.00230292 0.00718142 0.0181397 0.0371161 0.0615242 0.0826256 0.089914 0.0793128 0.0567799 0.0331492 0.0161152 0.00715804 0.00395757 0.00379044 0.00501503 0.00695219 0.00937421 0.0121815 0.0152877 0.0186024 0.0220411 0.0255328 0.0290146 0.0324151 0.0356323 0.0385191 0.0408848 0.0425167 0.0432172 0.0428458 0.0413536 0.0388014
 1.09322e-16 1.40667e-05 8.25045e-05 0.000392074 0.00150931 0.00470648 0.0118886 0.0243287 0.0403389 0.0542087 0.0590813 0.0523313 0.0379348 0.0230965 0.0129997 0.00878017 0.00907755 0.0122132 0.0171031 0.0231251 0.029759 0.0363977 0.0423539 0.0469747 0.0497861 0.0506014 0.049556 0.0470514 0.0436331 0.0398451 0.0361099 0.0326675 0.0295787 0.026777 0.0241404 0.0215558
 1.0534e-16 2.51831e-05 0.000147789 0.00070249 0.00270457 0.00843391 0.0213035 0.0435904 0.0722586 0.0970493 0.10563 0.0932242 0.066844 0.0392359 0.0194663 0.00930667 0.00605993 0.00653648 0.00878136 0.0119186 0.0155432 0.0193466 0.023004 0.0261913 0.0286413 0.0301929 0.030813 0.0305817 0.029652 0.0281993 0.0263798 0.0243103 0.0220692 0.0197118 0.0172882 0.014856
 1.06459e-16 5.23599e-06 3.06416e-05 0.000145469 0.00055975 0.00174525 0.00440905 0.0090265 0.0149814 0.0201769 0.0221076 0.0198601 0.0150012 0.0103388 0.00797977 0.00856588 0.0118132 0.0172589 0.0245247 0.0331988 0.0426668 0.0520656 0.0603805 0.0666357 0.070112 0.0705099 0.0680087 0.0631937 0.0568879 0.0499447 0.0430719 0.0367336 0.0311401 0.0263046 0.0221293 0.0184855
 1.09145e-16 1.98307e-05 0.000116373 0.000553151 0.00212961 0.00664091 0.0167744 0.034323 0.0568958 0.0764142 0.0831665 0.0733892 0.0526015 0.0308374 0.0152349 0.00719316 0.00460307 0.00498491 0.00685418 0.00960149 0.0130091 0.0169417 0.0212344 0.0256764 0.0300291 0.034049 0.037508 0.0402058 0.0419783 0.0427066 0.042328 0.0408489 0.0383554 0.0350119 0.0310487 0.0267352
 1.03145e-16 3.25398e-05 0.000190984 0.000907855 0.0034953 0.0108998 0.0275319 0.0563339 0.0933793 0.125405 0.136462 0.120362 0.0861439 0.0502429 0.0243256 0.010617 0.0055614 0.0049742 0.00629141 0.0083869 0.0107991 0.0132487 0.0154799 0.0172569 0.0184052 0.0188488 0.0186229 0.0178547 0.0167228 0.0154077 0.0140516 0.0127386 0.0114966 0.0103152 0.00916909 0.00803797
 1.02303e-16 1.81461e-05 0.000106449 0.000505896 0.00194754 0.00607305 0.0153405 0.0313919 0.0520477 0.0699353 0.0762001 0.0674439 0.04878 0.0294799 0.0161966 0.0103512 0.0101401 0.0133533 0.0185639 0.0249676 0.0319243 0.0387133 0.0445301 0.0486172 0.0504317 0.049774 0.0468334 0.0421288 0.0363716 0.0302961 0.0245128 0.0194235 0.0152066 0.0118592 0.00926616 0.00726834
 1.03769e-16 2.16993e-05 0.000127327 0.000605194 0.00232993 0.00726556 0.0183524 0.037553 0.0622543 0.0836238 0.0910467 0.0804227 0.057816 0.034241 0.0175541 0.00933653 0.00731972 0.00879593 0.0120871 0.0163931 0.0212587 0.0262558 0.0309096 0.0347488 0.037396 0.038642 0.0384789 0.0370776 0.0347263 0.0317503 0.0284446 0.0250346 0.0216704 0.0184428 0.0154084 0.0126095
 1.05557e-16 1.32233e-05 7.75503e-05 0.000368515 0.00141859 0.00442357 0.011174 0.0228668 0.0379165 0.050958 0.0555506 0.0492332 0.0357525 0.0218951 0.0125532 0.00881988 0.00944404 0.0128715 0.0180951 0.0245222 0.0316294 0.0387844 0.0452562 0.0503345 0.0534799 0.0544401 0.0532948 0.0504084 0.0463168 0.0415872 0.0366993 0.03198 0.0275979 0.0236001 0.0199686 0.0166683
pSPR Fmed_Fpbrs
0.370333   0.255515 0.255515
Fs Fmed_Fpbrs
0.64   1.005 1.005
SSBpbr Bo_Bmed_Bpbrs
4.95871e+06  1.58844e+06  1.01909e+06 1.01909e+06
Ro
28889.7
SPR SPRFo_SPRFmed_SPRFpbrs
593998 219977 151775
log_Ro
10.0912
likeval ReclasPelacesDesembMPH_pf_preclas_ppelaces_ptallas_desvR_qrecl_qpela
 473.719 48.941 13880.3 208.272 568.89 424.626 91.1066 0 136.86 0 0 0 0 0 0
q_reclas_q_pelaces
1 1
M
0.7
N
 210370 17175.5 8529.1 4235.43 4177.97
 4330.85 98836.3 7634.53 3791.19 3739.76
 653.517 2034.73 43932.8 3393.55 3347.52
 458.925 307.037 904.438 19528.2 2996.41
 1256.64 215.613 136.478 402.024 10012.2
 412102 590.398 95.8401 60.6646 4629.13
 9143.28 193615 262.432 42.601 2084.62
 414855 4295.71 86061.9 116.651 945.551
 78375.6 194908 1909.45 38254.6 472.15
 326115 36822.6 86636.8 848.752 17214.1
 482622 153216 16367.7 38510.1 8028.94
 63690.1 226746 68104.6 7275.44 20686.7
 106945 29923 100789 30272.6 12429.2
 8197.36 50245.3 13300.8 44800.8 18981
 3106.8 3851.3 22334.1 5912.22 28351
 6422.61 1459.64 1711.91 9927.53 15230.1
 28805.2 3017.48 648.813 760.944 11182.6
 18562.5 13533.3 1341.27 288.398 5308.9
 46441.3 8721.05 6015.58 596.197 2488
 7686.84 21819.1 3876.51 2673.93 1370.93
 26772.4 3611.45 9698.63 1723.11 1797.94
 112422 12578.3 1605.29 4311.05 1565.11
 83789.1 52818.1 5591.05 713.554 2611.96
 126119 39366 23477.7 2485.23 1478.19
 73695 59253.5 17498.2 10435.9 1761.74
pred_Ctot
 8179.92 1303.86 647.476 321.527 317.165
 168.399 7503.02 579.565 287.803 283.899
 25.4111 154.464 3335.1 257.617 254.122
 17.8446 23.3083 68.6593 1482.46 227.469
 48.8627 16.368 10.3606 30.5191 760.063
 16024 44.8193 7.27558 4.60528 351.414
 355.523 14698 19.9222 3.234 158.251
 16131 326.103 6533.28 8.85544 71.7803
 3047.52 14796.2 144.953 2904.05 35.8426
 12680.5 2795.34 6576.92 64.4319 1306.78
 18766.1 11631.2 1242.53 2923.45 609.507
 2476.5 17213.2 5170.07 552.305 1570.4
 4158.42 2271.57 7651.26 2298.1 943.545
 318.743 3814.31 1009.71 3400.99 1440.91
 120.803 292.366 1695.46 448.818 2152.23
 249.734 110.807 129.957 753.635 1156.17
 1120.05 229.068 49.2538 57.7661 848.91
 721.774 1027.37 101.821 21.8933 403.018
 1805.8 662.047 456.665 45.2595 188.874
 298.892 1656.37 294.28 202.988 104.072
 1041.01 274.158 736.259 130.808 136.489
 4371.35 954.862 121.864 327.268 118.814
 3258.02 4009.62 424.437 54.1685 198.284
 4903.96 2988.41 1782.28 188.663 112.215
 2865.52 4498.15 1328.35 792.225 133.74
F
 0.0554016 0.110803 0.110803 0.110803 0.110803
 0.0554016 0.110803 0.110803 0.110803 0.110803
 0.0554016 0.110803 0.110803 0.110803 0.110803
 0.0554016 0.110803 0.110803 0.110803 0.110803
 0.0554016 0.110803 0.110803 0.110803 0.110803
 0.0554016 0.110803 0.110803 0.110803 0.110803
 0.0554016 0.110803 0.110803 0.110803 0.110803
 0.0554016 0.110803 0.110803 0.110803 0.110803
 0.0554016 0.110803 0.110803 0.110803 0.110803
 0.0554016 0.110803 0.110803 0.110803 0.110803
 0.0554016 0.110803 0.110803 0.110803 0.110803
 0.0554016 0.110803 0.110803 0.110803 0.110803
 0.0554016 0.110803 0.110803 0.110803 0.110803
 0.0554016 0.110803 0.110803 0.110803 0.110803
 0.0554016 0.110803 0.110803 0.110803 0.110803
 0.0554016 0.110803 0.110803 0.110803 0.110803
 0.0554016 0.110803 0.110803 0.110803 0.110803
 0.0554016 0.110803 0.110803 0.110803 0.110803
 0.0554016 0.110803 0.110803 0.110803 0.110803
 0.0554016 0.110803 0.110803 0.110803 0.110803
 0.0554016 0.110803 0.110803 0.110803 0.110803
 0.0554016 0.110803 0.110803 0.110803 0.110803
 0.0554016 0.110803 0.110803 0.110803 0.110803
 0.0554016 0.110803 0.110803 0.110803 0.110803
 0.0554016 0.110803 0.110803 0.110803 0.110803
Np
 28402.1 8533.2 6293.6 4787.56 1670.81
YTP_r0W_actual
 241285 628713 278499 206865 36366.6
YTP_p0W_proyectada
 68083.1 360696 398871 150427 143812
 68083.1 88895.9 95311.4 92592.3 35859.5
CTP_r0_actual
 21543.3 28577.9 8439.36 5033.2 849.686
CTP_p0_proyectada
 8302.82 16698.9 12702.9 3751.3 3231.73
 8302.82 4115.55 3035.39 2309.03 805.83
Wmedp
 8.2 21.6 31.4 40.1 44.5
nmprior
 10.8 10.6 4.6 0
nm_flota  nm_reclas  nm_pelaces    nm_pelaL
inf 1.64547 3.94365 5.95207
cv_recla  cv_pelaces  cv_mph
1.96873 0.793248 2.00131
 ------------------------------------------------
Talla a la edad & desviaci?n 
 7.2 14.2025 17.0495 18.207 18.6776
 1.08 2.13037 2.55742 2.73105 2.80164
