years
 1997 1998 1999 2000 2001 2002 2003 2004 2005 2006 2007 2008 2009 2010 2011 2012 2013 2014 2015 2016 2017 2018 2019 2020 2021
reclasobs
 0 0 0 370054 412103 1.49427e+06 250295 1.28982e+06 931140 785840 897777 1.04006e+06 184774 17550 25797 100020 73551 82996 120727 218422 84188 347160 605670 569463 516374
reclaspred
 374871 102892 314192 229127 332751 391465 869688 601472 715197 657443 522768 352183 216350 102746 74092.1 72308.3 83162.9 113394 121450 178548 265424 249986 442962 569479 639657
pelacesobs
 0 0 0 0 0 0 0 0 0 2.06254e+06 1.5e+06 0 1.87456e+06 323000 250000 174000 83755 137374 0 501740 490994 745055 786931 1.00524e+06 1.33801e+06
pelacespred
 1.06679e+06 259209 488617 542079 674113 661973 1.68037e+06 1.4285e+06 1.5195e+06 1.40893e+06 1.01404e+06 706138 433501 173776 122909 127620 152763 208693 229120 327536 543673 495853 722716 1.05382e+06 1.18269e+06
mphobs
 0 0 0 0 0 0 112323 0 153150 637223 0 255016 313432 73983 77613 109348 50772 17779 17303 59886 28197 0 207744 136588 643089
mphpred
 127719 77693.6 95319.2 116852 123252 190029 290700 341987 309830 332256 309513 220282 132913 100412 48800.7 41902.7 45474.7 60699.7 39721 44619.2 71759.3 89274.8 113699 170174 216667
desembarqueobs
 350755 77701 442110 56441 14545 235359 269955 359681 431902 328805 639364 411747 362871 311530 167758 66681 60226 58785 57116 73181 50977 67692 138656 160484 209506
desembarquepred
 350761 77700.8 442105 56442.2 14545.1 235404 269982 359680 431910 328819 639549 411972 363219 311955 167797 66695.3 60249.5 58787.8 57110.9 73179.1 50976.6 67685.2 138654 160483 209504
Reclutas
 50807.5 65391 38791.7 62094.7 103459 74514.5 123443 124285 162957 149871 69342.1 40023.6 42819.3 24109.8 18879.1 21039.3 16304.2 20240.9 23616.9 42200.5 55136.4 73694.3 117087 142070 49231.2
log_desv_Rt
 -0.0747024 0.177638 -0.34454 0.125914 0.63643 0.308247 0.813033 0.819827 1.09074 1.00703 0.236304 -0.313278 -0.245759 -0.82013 -1.06469 -0.956356 -1.21132 -0.99504 -0.840784 -0.260316 0.00706209 0.297178 0.760167 0.953574 -0.106219
SSB
 684684 416505 510994 626427 660739 1.01872e+06 1.52068e+06 1.81623e+06 1.62983e+06 1.74973e+06 1.65926e+06 1.1809e+06 730913 388523 194393 168735 189441 243968 304820 357577 549088 667394 871009 1.25175e+06 1.72727e+06
BT
 2.19731e+06 595744 1.11739e+06 1.03062e+06 1.21835e+06 1.37141e+06 3.1936e+06 2.96467e+06 3.11547e+06 2.8392e+06 2.3943e+06 1.64478e+06 1.13467e+06 613135 363710 284030 323782 420926 459397 645907 1.01502e+06 951092 1.38956e+06 2.01808e+06 2.28116e+06
Ftot
 0.438435 0.367593 0.542066 0.105053 0.0206229 0.206458 0.130306 0.250871 0.267322 0.200776 0.409037 0.376456 0.594403 1.03157 0.936142 0.376818 0.298398 0.21419 0.179567 0.182013 0.0823778 0.105066 0.120619 0.115135 0.105507
BD_Bspro_t
 0.946225 0.750415 0.708984 0.583403 0.712577 0.833284 0.801292 0.810598 0.767957 0.744483 0.712839 0.568364 0.456383 0.346359 0.231177 0.246429 0.344921 0.491021 0.602431 0.689341 0.787111 0.853568 0.863148 0.867781 0.870876
BD_Bspro
 0.608242 0.370004 0.453944 0.556489 0.58697 0.904984 1.35091 1.61346 1.44787 1.55438 1.47401 1.04906 0.64931 0.345146 0.17269 0.149896 0.168291 0.21673 0.270788 0.317655 0.487785 0.592882 0.773765 1.112 1.53443
BD_Bo
 0.319365 0.194275 0.238348 0.292191 0.308195 0.475172 0.709308 0.847163 0.760219 0.816147 0.773947 0.550822 0.340928 0.181223 0.0906728 0.0787046 0.0883632 0.113797 0.14218 0.166788 0.256117 0.3113 0.406274 0.583866 0.805668
BD_Brms
 1.1145 0.67797 0.831775 1.01967 1.07552 1.65823 2.4753 2.95638 2.65297 2.84815 2.70088 1.92223 1.18975 0.632422 0.316425 0.274659 0.308365 0.397121 0.496173 0.582049 0.893783 1.08636 1.41779 2.03754 2.81157
S_f
 0.189789 1 1 1 1
 0.189789 1 1 1 1
 0.189789 1 1 1 1
 0.189789 1 1 1 1
 0.189789 1 1 1 1
 0.189789 1 1 1 1
 0.189789 1 1 1 1
 0.189789 1 1 1 1
 0.189789 1 1 1 1
 0.189789 1 1 1 1
 0.189789 1 1 1 1
 0.189789 1 1 1 1
 0.189789 1 1 1 1
 0.189789 1 1 1 1
 0.189789 1 1 1 1
 0.189789 1 1 1 1
 0.189789 1 1 1 1
 0.189789 1 1 1 1
 0.189789 1 1 1 1
 0.189789 1 1 1 1
 0.189789 1 1 1 1
 0.189789 1 1 1 1
 0.189789 1 1 1 1
 0.189789 1 1 1 1
 0.189789 1 1 1 1
Scru_reclas
 1 1 1 1 1
 1 1 1 1 1
 1 1 1 1 1
 1 1 1 1 1
 1 1 1 1 1
 1 1 1 1 1
 1 1 1 1 1
 1 1 1 1 1
 1 1 1 1 1
 1 1 1 1 1
 1 1 1 1 1
 1 1 1 1 1
 1 1 1 1 1
 1 1 1 1 1
 1 1 1 1 1
 1 1 1 1 1
 1 1 1 1 1
 1 1 1 1 1
 1 1 1 1 1
 1 1 1 1 1
 1 1 1 1 1
 1 1 1 1 1
 1 1 1 1 1
 1 1 1 1 1
 1 1 1 1 1
Scru_pelaces
 1 1 1 1 1
 1 1 1 1 1
 1 1 1 1 1
 1 1 1 1 1
 1 1 1 1 1
 1 1 1 1 1
 1 1 1 1 1
 1 1 1 1 1
 1 1 1 1 1
 1 1 1 1 1
 1 1 1 1 1
 1 1 1 1 1
 1 1 1 1 1
 1 1 1 1 1
 1 1 1 1 1
 1 1 1 1 1
 1 1 1 1 1
 1 1 1 1 1
 1 1 1 1 1
 1 1 1 1 1
 1 1 1 1 1
 1 1 1 1 1
 1 1 1 1 1
 1 1 1 1 1
 1 1 1 1 1
pf_obs 
 0.256992 0.487395 0.22802 0.0275931 0
 0.321318 0.546541 0.124235 0.00734118 0.000564706
 0.182869 0.594174 0.210203 0.0122559 0.00049798
 0.330522 0.361315 0.267642 0.0388342 0.00168674
 0.649043 0.306663 0.0425973 0.00169635 0
 0.582887 0.30429 0.105238 0.00758474 0
 0.465427 0.430635 0.0974691 0.00646863 0
 0.296916 0.608066 0.0921331 0.00288517 0
 0.311714 0.524322 0.152257 0.0117073 0
 0.15457 0.633149 0.183074 0.0267441 0.00246327
 0.131901 0.49318 0.331252 0.0422183 0.00144891
 0.196976 0.569456 0.194076 0.0375587 0.00193317
 0.518974 0.381816 0.0799577 0.0180837 0.00116848
 0.0928022 0.601141 0.25162 0.0475244 0.00691264
 0.122501 0.610282 0.24278 0.0234846 0.000952079
 0.383417 0.481906 0.127806 0.00687128 0
 0.0376549 0.599619 0.316969 0.0457579 0
 0.0361596 0.667082 0.258105 0.0386534 0
 0.158088 0.579412 0.248529 0.0139706 0
 0.0477256 0.309471 0.559284 0.082774 0.000745712
 0.0406174 0.521527 0.379366 0.0568643 0.0016247
 0.151134 0.462217 0.34131 0.0453401 0
 0.294876 0.26143 0.354403 0.0886775 0.000613685
 0.281977 0.475581 0.204845 0.0348837 0.00271318
 0.0841818 0.532909 0.334909 0.0458182 0.00218182
pf_pred 
 0.339491 0.464895 0.174815 0.0207879 1.09003e-05
 0.31806 0.524316 0.110942 0.0417177 0.00496341
 0.178551 0.611731 0.161243 0.0341181 0.0143559
 0.295766 0.420261 0.211474 0.0557414 0.0167573
 0.313842 0.479577 0.12328 0.062034 0.0212669
 0.173909 0.58543 0.168205 0.0432387 0.0292166
 0.27476 0.398519 0.231539 0.0665255 0.0286563
 0.226267 0.525638 0.136328 0.0792068 0.0325606
 0.267665 0.464088 0.182234 0.0472639 0.0387488
 0.213806 0.538899 0.156713 0.0615368 0.0290448
 0.114368 0.541228 0.236073 0.0686507 0.0396806
 0.109184 0.40241 0.298475 0.130189 0.0597423
 0.189073 0.352727 0.206983 0.153523 0.097693
 0.171812 0.513189 0.137014 0.0804012 0.0975832
 0.240912 0.489351 0.167144 0.0446251 0.0579688
 0.295754 0.510754 0.124736 0.042605 0.0261513
 0.203711 0.577416 0.158738 0.0387668 0.0213689
 0.247433 0.457202 0.214179 0.0588801 0.0223059
 0.245163 0.495611 0.157486 0.0737751 0.027965
 0.328729 0.436425 0.154196 0.0489974 0.0316536
 0.281796 0.529459 0.122712 0.043356 0.0226771
 0.268674 0.498889 0.171352 0.0397139 0.0213706
 0.302235 0.467536 0.157056 0.0539434 0.0192301
 0.258895 0.523868 0.145559 0.0488966 0.0227813
 0.0848544 0.60387 0.220033 0.0611372 0.0301058
pobs_RECLAS
 0 0 0 0 0
 0 0 0 0 0
 0 0 0 0 0
 0 0 0 0 0
 0.835266 0.146461 0.0176864 0.000547809 3.91292e-05
 0.385257 0.428462 0.181853 0.0044286 0
 0.867414 0.0963971 0.0333333 0.00285562 0
 0.441836 0.489002 0.0689373 0.000224442 0
 0.779404 0.147425 0.0564933 0.0165055 0.000172143
 0.814271 0.122319 0.05973 0.00367925 0
 0.40263 0.566651 0.0304383 0.000280538 0
 0.475488 0.404961 0.113038 0.00651328 0
 0.955842 0.0263864 0.0167828 0.000988607 0
 0.975058 0.0227948 0.00214734 0 0
 0.738997 0.206755 0.0527124 0.00153531 0
 0.850938 0.134255 0.0134407 0.00136685 0
 0.542534 0.407297 0.0501686 0 0
 0.764087 0.199537 0.0359546 0.000420521 0
 0.470689 0.182191 0.310203 0.0369168 0
 0.84361 0.089868 0.0606195 0.00523954 0.000663233
 0.607945 0.314616 0.071237 0.00620181 0
 0.523733 0.453247 0.0230204 0 0
 0.530135 0.295979 0.169645 0.0042399 0
 0.562478 0.366248 0.0663022 0.0049721 0
 0.250443 0.683176 0.0655157 0.000865301 0
ppred_RECLAS
 0.735805 0.185952 0.0699239 0.00831491 4.35999e-06
 0.715372 0.218839 0.046305 0.0174122 0.00207163
 0.542995 0.340331 0.0897062 0.0189813 0.00798675
 0.689901 0.185056 0.0931195 0.0245449 0.00737884
 0.706948 0.204823 0.0526518 0.0264942 0.0090829
 0.528721 0.333984 0.0959598 0.0246674 0.0166679
 0.667746 0.182573 0.106075 0.0304773 0.0131283
 0.609816 0.265072 0.0687487 0.039943 0.0164199
 0.661649 0.214416 0.0841951 0.0218367 0.0179026
 0.591625 0.279922 0.081402 0.0319642 0.0150868
 0.41111 0.359883 0.156974 0.0456484 0.0263852
 0.397926 0.271976 0.20173 0.0879905 0.0403779
 0.561507 0.190731 0.111922 0.0830148 0.0528256
 0.544318 0.282365 0.0753876 0.044238 0.0536919
 0.64369 0.229698 0.078456 0.0209467 0.0272101
 0.693688 0.222153 0.054254 0.0185311 0.0113745
 0.578357 0.305747 0.0840533 0.0205274 0.011315
 0.636758 0.220678 0.103378 0.0284197 0.0107664
 0.633425 0.240686 0.0764805 0.0358277 0.0135808
 0.722666 0.180308 0.0637055 0.0202431 0.0130776
 0.674892 0.239669 0.0555477 0.0196259 0.0102652
 0.660571 0.231549 0.0795293 0.0184324 0.00991873
 0.696648 0.20326 0.0682796 0.0234518 0.00836024
 0.649317 0.247889 0.0688771 0.0231373 0.0107799
 0.329394 0.442507 0.161237 0.0448005 0.0220611
pobs_PELACES
 0 0 0 0 0
 0 0 0 0 0
 0 0 0 0 0
 0 0 0 0 0
 0 0 0 0 0
 0 0 0 0 0
 0 0 0 0 0
 0 0 0 0 0
 0 0 0 0 0
 0 0 0 0 0
 0.450072 0.473896 0.0757376 0.000293798 0
 0 0 0 0 0
 0.463077 0.371075 0.160297 0.00555027 0
 0.529543 0.364841 0.0842815 0.0213345 0
 0.631943 0.363953 0.00410389 0 0
 0.735681 0.248677 0.0153453 0.000297389 0
 0.695825 0.281241 0.0229344 0 0
 0.275771 0.60734 0.115278 0.00161068 0
 0 0 0 0 0
 0.896147 0.0623911 0.0374545 0.00400742 0
 0.803859 0.145111 0.0509908 3.86294e-05 0
 0.739449 0.233085 0.0266225 0.000797448 4.60066e-05
 0.878498 0.100942 0.0204185 0.000141795 0
 0.694673 0.275183 0.0284847 0.00165964 0
 0.469039 0.446079 0.0841089 0.000773354 0
ppred_PELACES
 0.757955 0.170362 0.0640614 0.00761778 3.99445e-06
 0.734954 0.203784 0.0431194 0.0162142 0.00192911
 0.578675 0.31376 0.0827025 0.0174993 0.00736319
 0.695878 0.181489 0.0913247 0.0240718 0.00723662
 0.708089 0.204026 0.0524468 0.026391 0.00904753
 0.54245 0.324254 0.0931643 0.0239488 0.0161823
 0.67543 0.178351 0.103622 0.0297725 0.0128247
 0.625653 0.254313 0.0659583 0.0383217 0.0157534
 0.677461 0.204396 0.0802606 0.0208162 0.017066
 0.604528 0.271077 0.07883 0.0309543 0.0146101
 0.43782 0.34356 0.149854 0.043578 0.0251884
 0.42227 0.260979 0.193573 0.0844327 0.0387453
 0.600177 0.17391 0.102052 0.0756938 0.0481669
 0.611482 0.240746 0.064276 0.0377177 0.045778
 0.698825 0.194154 0.0663156 0.0177054 0.0229996
 0.714668 0.206936 0.0505379 0.0172618 0.0105954
 0.597681 0.291734 0.080201 0.0195866 0.0107964
 0.649897 0.212695 0.0996384 0.0273917 0.010377
 0.6445 0.233414 0.0741699 0.0347453 0.0131705
 0.732313 0.174036 0.0614895 0.019539 0.0126227
 0.679706 0.23612 0.0547252 0.0193353 0.0101132
 0.666841 0.227272 0.0780602 0.0180919 0.00973552
 0.70342 0.198723 0.0667554 0.0229283 0.00817361
 0.656294 0.242957 0.0675068 0.022677 0.0105654
 0.335655 0.438376 0.159731 0.0443822 0.0218552
pobs_pel_tallas
 0 0 0 0 0 0 0 0 0 0 0 0 0 0 0 0 0 0 0 0 0 0 0 0 0 0 0 0 0 0 0 0 0 0 0 0
 0 0 0 0 0 0 0 0 0 0 0 0 0 0 0 0 0 0 0 0 0 0 0 0 0 0 0 0 0 0 0 0 0 0 0 0
 0 0 0 0 0 0 0 0 0 0 0 0 0 0 0 0 0 0 0 0 0 0 0 0 0 0 0 0 0 0 0 0 0 0 0 0
 0 0 0 0 0 0 0 0 0 0 0 0 0 0 0 0 0 0 0 0 0 0 0 0 0 0 0 0 0 0 0 0 0 0 0 0
 0 0 0 0 0 0 0 0 0 0 0 0 0 0 0 0 0 0 0 0 0 0 0 0 0 0 0 0 0 0 0 0 0 0 0 0
 0 0 0 0 0 0 0 0 0 0 0 0 0 0 0 0 0 0 0 0 0 0 0 0 0 0 0 0 0 0 0 0 0 0 0 0
 0 0 0 0 0 0 0 0 0 0 0 0 0 0 0 0 0 0 0 0 0 0 0 0 0 0 0 0 0 0 0 0 0 0 0 0
 0 0 0 0 0 0 0 0 0 0 0 0 0 0 0 0 0 0 0 0 0 0 0 0 0 0 0 0 0 0 0 0 0 0 0 0
 0 0 0 0 0 0 0 0 0 0 0 0 0 0 0 0 0 0 0 0 0 0 0 0 0 0 0 0 0 0 0 0 0 0 0 0
 0 0 0 0 0 0 0 0 0 0 0 0 0 0 0 0 0 0 0 0 0 0 0 0 0 0 0 0 0 0 0 0 0 0 0 0
 0 0 0 0 0 0 0 0 1.78061e-05 0.00172719 0.00360574 0.0105946 0.0120993 0.0124554 0.0147524 0.0171206 0.0266825 0.0428682 0.0675386 0.121331 0.153587 0.119568 0.100827 0.0573624 0.0630603 0.0341343 0.0324427 0.0444173 0.0211091 0.0280891 0.0125444 0.00206551 0 0 0 0
 0 0 0 0 0 0 0 0 0 0 0 0 0 0 0 0 0 0 0 0 0 0 0 0 0 0 0 0 0 0 0 0 0 0 0 0
 0 0 0 0 0 0 0.0133647 0.0140871 0.0187388 0.0205184 0.03894 0.0496705 0.03968 0.0493445 0.0407372 0.0367815 0.0215668 0.0243155 0.0234873 0.0199281 0.019796 0.0243948 0.0301388 0.0376714 0.0412746 0.0863199 0.0771752 0.113111 0.0741005 0.0525337 0.0229764 0.00759418 0.00175318 0 0 0
 0 0 0 0 0 0 0 0 0 0 0.00219441 0.00772107 0.0458388 0.0604681 0.0671733 0.0775358 0.0609151 0.0617685 0.073594 0.0568108 0.0755445 0.0548602 0.0670107 0.0636378 0.0643287 0.046367 0.0373049 0.0286899 0.0247887 0.0153202 0.00654259 0.00121912 0.000365735 0 0 0
 0 0 0 0 0 0 0 0 0 0 0 0 0.000112435 0.00938835 0.0111873 0.0202946 0.0414886 0.0713402 0.111592 0.104902 0.108894 0.110636 0.117776 0.105296 0.107544 0.0401394 0.0192827 0.0124803 0.00416011 0.0028671 0.000618394 0 0 0 0 0
 0 0 0 0 0 0 0 0 0 0 0.00291406 0.0102884 0.027416 0.0768956 0.0749926 0.110853 0.0956884 0.0897413 0.0766577 0.0534642 0.0500743 0.0551293 0.0594112 0.0620874 0.0668451 0.0424026 0.0208742 0.0120726 0.0048766 0.00582813 0.00118941 0.000297354 0 0 0 0
 0 0.00264628 0.0354308 0.0461629 0.0458689 0.0383711 0.0214643 0.0164657 0.0346957 0.0420465 0.0363128 0.0245516 0.0311673 0.0291091 0.0169068 0.0133784 0.00837989 0.0085269 0.0148486 0.0160247 0.0276389 0.0546898 0.0760071 0.122758 0.109233 0.0665981 0.0333725 0.0166128 0.00676272 0.00308733 0.000882094 0 0 0 0 0
 0 0 0 0 0 0 0 0.000805153 0.000690131 0.00759144 0.0133425 0.0154129 0.00931677 0.000345066 0.00356568 0.00563607 0.00851162 0.0253048 0.0502646 0.0516448 0.0657925 0.0565908 0.0611916 0.0827007 0.0866115 0.110766 0.145733 0.0935128 0.0569358 0.0249597 0.0138026 0.00621118 0.00161031 0.00115022 0 0
 0 0 0 0 0 0 0 0 0 0 0 0 0 0 0 0 0 0 0 0 0 0 0 0 0 0 0 0 0 0 0 0 0 0 0 0
 0.00147267 0.00158595 0.00478618 0.00569244 0.00954404 0.0108468 0.00647125 0.017049 0.0510054 0.094081 0.124002 0.0959785 0.0687766 0.0820023 0.061753 0.0591476 0.0492212 0.0479892 0.0443925 0.0268479 0.0217502 0.0140895 0.0121071 0.0120363 0.00920419 0.00665534 0.0049561 0.00860946 0.00930331 0.0156896 0.0114698 0.00855282 0.00243557 0.00046729 0 2.83206e-05
 0 0 0 0 0.000772559 0.00158375 0.000888443 0.00281984 0.00712685 0.0440552 0.0773331 0.111326 0.0921469 0.0852325 0.0710754 0.0886704 0.0786465 0.0553345 0.0373146 0.0185414 0.00753245 0.00457741 0.012979 0.0271748 0.0457355 0.0583668 0.034881 0.0177882 0.00938659 0.00492506 0.0015258 0.00185414 0.000309023 5.79419e-05 3.86279e-05 0
 0 0.00173294 0.00326652 0 0.00397197 0.00683976 0.00946217 0.0152591 0.00757587 0.0136028 0.0228656 0.0392903 0.0559909 0.0764795 0.0681675 0.0726916 0.0566044 0.0477403 0.0527397 0.0444891 0.0609904 0.0582453 0.0661739 0.0445044 0.0529084 0.0360697 0.0280645 0.0235558 0.0158879 0.00826598 0.00280645 0.00217768 0.000904811 0.00058276 9.20147e-05 0
 0 0 0 0 0 0 0 0 0 0 0 0 0 0 0 0 0 0 0 0 0 0 0 0 0 0 0 0 0 0 0 0 0 0 0 0
 0 0 0 0 0 0 0 0 0 0 0 0 0 0 0 0 0 0 0 0 0 0 0 0 0 0 0 0 0 0 0 0 0 0 0 0
 0 0 0 0 0 0 0 0 0 0 0 0 0 0 0 0 0 0 0 0 0 0 0 0 0 0 0 0 0 0 0 0 0 0 0 0
ppred_pel_tallas
 1.01227e-16 3.30701e-05 0.000194096 0.000922646 0.00355224 0.0110773 0.0279805 0.0572517 0.094901 0.127449 0.138689 0.122332 0.0875653 0.0510957 0.0247831 0.010893 0.00581616 0.00530234 0.00674524 0.00899453 0.0115685 0.0141639 0.0164953 0.0182952 0.0193602 0.0195938 0.0190239 0.0177867 0.0160862 0.0141426 0.0121481 0.0102407 0.00849945 0.00695556 0.00561024 0.00445137
 1.01326e-16 3.20684e-05 0.000188212 0.000894668 0.00344451 0.0107414 0.0271319 0.0555157 0.0920244 0.123589 0.134498 0.118656 0.0849789 0.0496776 0.0242649 0.0109532 0.00625666 0.00606274 0.00784091 0.0104558 0.0134018 0.0163306 0.0189051 0.0208119 0.0218204 0.0218345 0.0209108 0.0192373 0.0170806 0.01472 0.0123916 0.0102556 0.00839125 0.00681264 0.00549427 0.00439542
 1.02222e-16 2.52585e-05 0.000148222 0.000704525 0.00271237 0.0084582 0.0213649 0.043717 0.0724713 0.0973436 0.105973 0.093581 0.0672174 0.0396908 0.0201272 0.0103405 0.00765807 0.00889471 0.0120681 0.0162293 0.0208479 0.0254474 0.0295195 0.0325803 0.0342697 0.0344304 0.0331387 0.0306719 0.027429 0.0238319 0.0202397 0.0169001 0.0139411 0.0113938 0.00923098 0.00740174
 1.02521e-16 3.03637e-05 0.000178206 0.000847101 0.00326137 0.0101703 0.0256893 0.0525639 0.0871313 0.117017 0.127345 0.112343 0.0804527 0.047022 0.0229514 0.0103368 0.00588147 0.0056992 0.00740777 0.0099522 0.012879 0.0158853 0.0186745 0.0209612 0.0225204 0.0232318 0.0230993 0.0222352 0.0208211 0.0190575 0.0171214 0.015143 0.0132028 0.0113438 0.00958874 0.00795443
 1.02141e-16 3.0897e-05 0.000181335 0.000861972 0.00331862 0.0103488 0.0261403 0.0534868 0.0886616 0.119074 0.129586 0.114328 0.0818923 0.0478986 0.0234439 0.0106651 0.00621008 0.00612278 0.00797019 0.010661 0.0137068 0.0167673 0.019509 0.021619 0.0228635 0.0231381 0.0224869 0.0210811 0.0191677 0.0170068 0.0148173 0.0127469 0.0108695 0.00920065 0.00772387 0.0064129
 1.03008e-16 2.36793e-05 0.00013895 0.000660443 0.00254264 0.0079289 0.020028 0.0409815 0.0679376 0.091257 0.0993549 0.0877552 0.0630734 0.0373256 0.0190794 0.0100507 0.00775027 0.00920557 0.0125639 0.0169288 0.0217817 0.0266403 0.0309834 0.0343121 0.0362517 0.0366335 0.0355261 0.0332022 0.0300582 0.0265136 0.0229252 0.0195381 0.0164792 0.0137815 0.0114232 0.00936337
 1.03152e-16 2.9472e-05 0.000172971 0.000822214 0.00316555 0.00987145 0.0249345 0.0510196 0.0845716 0.11358 0.123605 0.109046 0.078098 0.045658 0.022309 0.0100886 0.00580079 0.00567856 0.00741473 0.00999019 0.0129686 0.0160581 0.01897 0.0214233 0.023192 0.0241482 0.0242807 0.0236819 0.0225103 0.0209444 0.0191431 0.0172253 0.0152687 0.0133212 0.0114173 0.00959003
 1.03073e-16 2.73044e-05 0.000160239 0.000761669 0.00293241 0.0091444 0.0230982 0.0472628 0.0783468 0.105228 0.114536 0.101094 0.0725085 0.042603 0.0212124 0.0102601 0.00681986 0.00742308 0.00992664 0.013342 0.0171766 0.0210354 0.0245095 0.027211 0.0288485 0.0292903 0.0285878 0.0269488 0.0246744 0.0220804 0.0194316 0.0169053 0.0145883 0.0124982 0.0106153 0.00891089
 1.02719e-16 2.95615e-05 0.000173494 0.000824697 0.0031751 0.00990124 0.0250098 0.0511738 0.0848278 0.113926 0.123987 0.109396 0.0783754 0.0458745 0.0225154 0.0103498 0.0061791 0.00622679 0.00817221 0.010975 0.0141668 0.0174146 0.0203867 0.022766 0.0243084 0.0248931 0.0245424 0.0234029 0.0216978 0.019667 0.0175167 0.0153916 0.013372 0.0114891 0.00974746 0.0081446
 1.02954e-16 2.6384e-05 0.000154834 0.000735968 0.00283345 0.00883579 0.0223186 0.045668 0.0757039 0.101681 0.110681 0.0977069 0.0701118 0.0412612 0.0206675 0.0102016 0.00704822 0.00786496 0.010583 0.0142382 0.0183327 0.0224504 0.0261548 0.0290297 0.0307614 0.0312061 0.0304162 0.0286121 0.0261158 0.0232677 0.0203562 0.0175782 0.0150347 0.012752 0.0107147 0.00889464
 1.04914e-16 1.91178e-05 0.000112168 0.000533114 0.00205238 0.00640004 0.0161663 0.0330804 0.0548421 0.0736748 0.0802346 0.0709197 0.0510876 0.0304638 0.0160001 0.00912676 0.00788265 0.00990943 0.0137328 0.0186173 0.0240912 0.0296719 0.0348161 0.0389911 0.0417808 0.0429716 0.0425868 0.0408562 0.0381376 0.0348198 0.0312394 0.0276361 0.0241483 0.0208384 0.0177285 0.0148311
 1.07545e-16 1.84365e-05 0.000108175 0.000514149 0.00197939 0.00617244 0.0155913 0.0319033 0.0528889 0.0710454 0.0773567 0.0683418 0.0491566 0.029165 0.0150511 0.00817212 0.00661902 0.00811341 0.0112541 0.0153859 0.0201439 0.0251799 0.0300957 0.0344827 0.0379954 0.0404125 0.0416644 0.0418173 0.0410255 0.0394734 0.0373288 0.0347216 0.0317493 0.0284954 0.0250512 0.0215258
 1.06357e-16 2.61903e-05 0.000153705 0.000730624 0.00281291 0.00877176 0.0221568 0.0453361 0.0751511 0.10093 0.109844 0.0969185 0.0694391 0.0406507 0.0199664 0.009209 0.00555353 0.00566833 0.00751803 0.0102083 0.0133571 0.016704 0.0199848 0.0229365 0.0253403 0.0270602 0.0280589 0.0283839 0.028134 0.0274182 0.026326 0.024915 0.0232188 0.0212644 0.0190911 0.0167611
 1.04426e-16 2.66859e-05 0.000156609 0.000744415 0.00286598 0.00893726 0.0225749 0.0461921 0.0765717 0.102843 0.111939 0.0987984 0.0708543 0.041616 0.0206934 0.00996443 0.00656814 0.00711525 0.00951547 0.0128113 0.0165351 0.0203178 0.0237791 0.0265565 0.0283757 0.0291088 0.0287955 0.0276171 0.0258373 0.0237301 0.0215195 0.0193487 0.0172804 0.0153199 0.0134469 0.0116428
 1.02688e-16 3.04927e-05 0.000178962 0.000850693 0.0032752 0.0102134 0.0257982 0.0527869 0.0875012 0.117515 0.127888 0.112828 0.080811 0.0472536 0.0231053 0.0104735 0.00604956 0.00593014 0.00771811 0.0103439 0.013337 0.0163746 0.0191412 0.021338 0.0227374 0.0232305 0.0228459 0.0217298 0.0201003 0.0181886 0.0161909 0.014241 0.0124087 0.0107148 0.00915413 0.00771581
 1.01874e-16 3.1184e-05 0.00018302 0.000869981 0.00334946 0.010445 0.0263832 0.0539838 0.0894855 0.12018 0.13079 0.115391 0.0826536 0.0483442 0.0236624 0.0107646 0.00626698 0.00617554 0.00803284 0.0107348 0.0137854 0.0168374 0.0195512 0.0216091 0.0227752 0.0229468 0.0221741 0.0206377 0.0185968 0.0163233 0.0140469 0.0119227 0.0100277 0.00837695 0.00694945 0.00571195
 1.02412e-16 2.60863e-05 0.000153084 0.000727646 0.0028014 0.00873583 0.0220662 0.0451516 0.0748486 0.100534 0.109439 0.0966228 0.0693622 0.0408768 0.0205799 0.0103309 0.00735541 0.00835414 0.0112797 0.0151659 0.0194956 0.0238215 0.0276713 0.0305956 0.0322584 0.0325106 0.0314185 0.0292332 0.0263184 0.0230581 0.0197795 0.0167074 0.0139579 0.0115603 0.0094919 0.0077109
 1.0291e-16 2.836e-05 0.00016644 0.000791156 0.00304596 0.0094985 0.0239925 0.0490925 0.0813783 0.109295 0.118952 0.104964 0.0752245 0.044079 0.0217258 0.0101426 0.00627155 0.00649881 0.00860338 0.0115856 0.0149861 0.0184662 0.0216817 0.0242998 0.0260597 0.0268254 0.0266067 0.0255418 0.0238492 0.0217683 0.0195086 0.0172219 0.0149995 0.0128862 0.0109022 0.00906062
 1.02939e-16 2.81254e-05 0.000165061 0.000784597 0.0030207 0.00941972 0.0237936 0.0486855 0.0807043 0.108392 0.117973 0.104112 0.0746383 0.0437848 0.0216717 0.0102684 0.00654882 0.00693215 0.00921146 0.0123813 0.0159612 0.0195829 0.02287 0.0254638 0.0270915 0.0276242 0.0270986 0.0256941 0.0236764 0.0213274 0.0188858 0.0165153 0.0143009 0.0122682 0.0104106 0.00871337
 1.02191e-16 3.19521e-05 0.000187532 0.00089144 0.00343209 0.0107026 0.027034 0.0553153 0.0916915 0.12314 0.134002 0.118204 0.0846239 0.0494064 0.0240146 0.0106428 0.00580957 0.00541383 0.00694082 0.00927927 0.01196 0.014682 0.0171595 0.0191232 0.0203676 0.0207937 0.0204257 0.0193945 0.0178955 0.0161379 0.0143 0.0125055 0.010821 0.00926923 0.00784884 0.00655203
 1.01991e-16 2.96607e-05 0.000174074 0.000827445 0.00318567 0.00993419 0.0250931 0.0513444 0.0851114 0.11431 0.124411 0.109785 0.0786877 0.0461244 0.022762 0.0106695 0.00664624 0.00690607 0.00911315 0.0122019 0.0156655 0.019121 0.0221829 0.0244891 0.0257715 0.0259149 0.0249795 0.0231751 0.0208012 0.0181722 0.0155528 0.0131222 0.0109684 0.00910779 0.00751391 0.00614569
 1.02259e-16 2.90994e-05 0.000170779 0.000811784 0.00312537 0.00974615 0.0246181 0.0503725 0.0835003 0.112146 0.122055 0.107706 0.0771957 0.0452467 0.0223239 0.0104574 0.00650893 0.00676718 0.00894592 0.0120075 0.015464 0.0189494 0.0220931 0.0245427 0.0260303 0.0264297 0.025779 0.0242576 0.0221326 0.0196893 0.0171729 0.014755 0.0125294 0.0105278 0.00874606 0.00716714
 1.02183e-16 3.06932e-05 0.000180139 0.000856288 0.00329674 0.0102805 0.0259679 0.053134 0.0880768 0.118288 0.128731 0.113572 0.0813478 0.0475744 0.023275 0.0105718 0.0061351 0.00603598 0.00786024 0.0105283 0.0135613 0.0166279 0.0194029 0.0215786 0.0229215 0.0233208 0.0228081 0.0215381 0.0197404 0.0176602 0.015507 0.0134267 0.0114977 0.0097461 0.00816841 0.00675165
 1.02311e-16 2.86401e-05 0.000168081 0.000798955 0.00307597 0.0095921 0.024229 0.0495765 0.0821814 0.110376 0.120134 0.10602 0.0760103 0.0445975 0.022088 0.0104879 0.00671536 0.0071223 0.0094571 0.0126886 0.0163177 0.019957 0.0232119 0.0257083 0.0271661 0.0274596 0.0266406 0.0249133 0.0225744 0.019937 0.0172669 0.0147459 0.0124672 0.0104542 0.00868972 0.00714279
 1.04957e-16 1.46669e-05 8.60277e-05 0.000408822 0.0015738 0.00490756 0.0123965 0.0253679 0.0420614 0.0565215 0.0615969 0.0545476 0.0395157 0.0240087 0.0134247 0.00894142 0.00913618 0.0122596 0.0171907 0.0233007 0.0300749 0.036911 0.043115 0.0480099 0.051076 0.0520626 0.0510311 0.0483133 0.0444073 0.0398474 0.0350929 0.030466 0.0261444 0.0221927 0.0186121 0.0153831
pSPR Fmed_Fpbrs
0.444041   0.336554 0.336554
Fs Fmed_Fpbrs
0.64   1.005 1.005
SSBpbr Bo_Bmed_Bpbrs
2.1439e+06  844784  614342 614342
Ro
54748.4
SPR SPRFo_SPRFmed_SPRFpbrs
1.12568e+06 499847 378851
log_Ro
10.7305
likeval ReclasPelacesDesembMPH_pf_preclas_ppelaces_ptallas_desvR_qrecl_qpela
 65.8838 24.1434 0.0174208 17.1513 322.926 192.664 51.5439 0 16.615 7.85076e-05 0 0 0 0 0
q_reclas_q_pelaces
0.284915 1
M
0.7
N
 50807.5 15335.7 5766.7 685.74 0.359573
 65391 23215.8 4912.32 1847.19 219.771
 38791.7 30284 7982.42 1689.03 710.693
 62094.7 17380.2 8745.63 2305.22 693.009
 103459 30226.6 7770.04 3909.86 1340.4
 74514.5 51175.6 14703.7 3779.73 2553.98
 123443 35581 20672.5 5939.6 2558.52
 124285 59802.6 15510.3 9011.48 3704.47
 162957 58848.2 23108 5993.25 4913.49
 149871 76918.7 22368.2 8783.33 4145.65
 69342.1 71641.3 31248.6 9087.17 5252.45
 40023.6 31862.2 23632.8 10308.2 4730.3
 42819.3 18504.7 10858.7 8054.09 5125.13
 24109.8 18995 5071.41 2975.95 3611.92
 18879.1 9843.76 3362.25 897.676 1166.1
 21039.3 7848.99 1916.87 654.731 401.879
 16304.2 9726.7 2673.98 653.036 359.964
 20240.9 7650.65 3583.99 985.279 373.26
 23616.9 9650.95 3066.7 1436.61 544.558
 42200.5 11334.9 4004.78 1272.56 822.111
 55136.4 20244.6 4692.06 1657.77 867.089
 73694.3 26955.2 9258.2 2145.76 1154.66
 117087 35873 12050.5 4138.96 1475.48
 142070 56827.6 15789.8 5304.15 2471.25
 49231.2 69025.1 25150.7 6988.26 3441.24
pred_Ctot
 2931.42 4014.26 1509.49 179.499 0.0941216
 3181.82 5245.16 1109.84 417.336 49.653
 2743.61 9399.84 2477.66 524.257 220.592
 882.558 1254.05 631.032 166.331 50.0034
 290.715 444.237 114.196 57.4628 19.6997
 2063.84 6947.48 1996.14 513.128 346.723
 2171.67 3149.84 1830.05 525.809 226.495
 4167.41 9681.26 2510.92 1458.84 599.705
 5814.47 10081.4 3958.65 1026.71 841.736
 4038.68 10179.5 2960.24 1162.4 548.641
 3741.61 17706.6 7723.27 2245.95 1298.18
 1992.97 7345.31 5448.15 2376.38 1090.49
 3306.6 6168.68 3619.83 2684.9 1708.5
 3117.96 9313.09 2486.47 1459.08 1770.89
 2232.86 4535.48 1549.15 413.601 537.276
 1048.62 1810.93 442.263 151.06 92.7218
 647.705 1835.91 504.712 123.26 67.943
 581.236 1074 503.12 138.313 52.3981
 570.2 1152.69 366.28 171.586 65.0408
 1032.54 1370.81 484.329 153.901 99.4243
 615.673 1156.77 268.104 94.7251 49.5454
 1047.55 1945.14 668.092 154.843 83.3231
 1908.25 2951.93 991.617 340.587 121.415
 2211.16 4474.23 1243.19 417.614 194.57
 702.72 5000.94 1822.2 506.307 249.321
F
 0.0832104 0.438435 0.438435 0.438435 0.438435
 0.0697653 0.367593 0.367593 0.367593 0.367593
 0.102878 0.542066 0.542066 0.542066 0.542066
 0.019938 0.105053 0.105053 0.105053 0.105053
 0.00391401 0.0206229 0.0206229 0.0206229 0.0206229
 0.0391835 0.206458 0.206458 0.206458 0.206458
 0.0247307 0.130306 0.130306 0.130306 0.130306
 0.0476127 0.250871 0.250871 0.250871 0.250871
 0.0507349 0.267322 0.267322 0.267322 0.267322
 0.0381052 0.200776 0.200776 0.200776 0.200776
 0.0776309 0.409037 0.409037 0.409037 0.409037
 0.0714473 0.376456 0.376456 0.376456 0.376456
 0.112811 0.594403 0.594403 0.594403 0.594403
 0.19578 1.03157 1.03157 1.03157 1.03157
 0.17767 0.936142 0.936142 0.936142 0.936142
 0.0715161 0.376818 0.376818 0.376818 0.376818
 0.0566327 0.298398 0.298398 0.298398 0.298398
 0.040651 0.21419 0.21419 0.21419 0.21419
 0.03408 0.179567 0.179567 0.179567 0.179567
 0.0345441 0.182013 0.182013 0.182013 0.182013
 0.0156344 0.0823778 0.0823778 0.0823778 0.0823778
 0.0199404 0.105066 0.105066 0.105066 0.105066
 0.0228921 0.120619 0.120619 0.120619 0.120619
 0.0218513 0.115135 0.115135 0.115135 0.115135
 0.020024 0.105507 0.105507 0.105507 0.105507
Np
 38780.9 15913.9 4355.78 5606.71 2414.27
YTP_r0W_actual
 69620.8 732395 400295 138525 71035.3
YTP_p0W_proyectada
 40152.5 249636 467117 217362 96971.7
 40152.5 165785 65964.7 108435 51815.7
CTP_r0_actual
 6216.14 33290.7 12130.2 3370.43 1659.7
CTP_p0_proyectada
 4896.64 11557.2 14876.3 5420.5 2179.14
 4896.64 7675.23 2100.79 2704.11 1164.4
Wmedp
 8.2 21.6 31.4 40.1 44.5
nmprior
 10.8 10.6 4.6 0
nm_flota  nm_reclas  nm_pelaces    nm_pelaL
inf 13.1202 21.4343 53.7577
cv_recla  cv_pelaces  cv_mph
0.7342 0.557149 0.574311
 ------------------------------------------------
Talla a la edad & desviaci?n 
 7.2 14.2025 17.0495 18.207 18.6776
 1.08 2.13037 2.55742 2.73105 2.80164
