years
 1997 1998 1999 2000 2001 2002 2003 2004 2005 2006 2007 2008 2009 2010 2011 2012 2013 2014 2015 2016 2017 2018 2019 2020
reclasobs
 0 0 0 370054 412103 1.49427e+06 250295 1.28982e+06 931140 785840 897777 1.04006e+06 184774 17550 25797 100020 73551 82996 120727 218422 84188 347160 605670 569463
reclaspred
 2.78351e+06 689753 1.48682e+06 607827 304080 1.07683e+06 4.23381e+06 3.13636e+06 3.63671e+06 3.25304e+06 4.49727e+06 4.56005e+06 3.31405e+06 2.08052e+06 1.32211e+06 751232 533637 509000 513603 604606 487968 560597 1.26031e+06 1.41857e+06
pelacesobs
 0 0 0 0 0 0 0 0 0 2.06254e+06 1.5e+06 0 1.87456e+06 323000 250000 174000 83755 137374 0 501740 490994 745055 786931 1.00524e+06
pelacespred
 2.37952e+06 871153 517876 482540 216585 431605 1.50873e+06 2.22296e+06 2.20512e+06 2.07712e+06 2.69231e+06 2.74188e+06 2.10012e+06 1.38797e+06 840831 482729 325285 281709 298622 323855 308395 309831 536924 801928
mphobs
 0 0 0 0 0 0 112323 0 153150 637223 0 255016 313432 73983 77613 109348 50772 17779 17303 59886 28197 0 207744 136588
mphpred
 1.80023e+06 1.49706e+06 888122 829765 370508 317231 2.6161e+06 2.72123e+06 3.61837e+06 2.91537e+06 3.48922e+06 4.56328e+06 3.3276e+06 2.33712e+06 1.39403e+06 775411 447280 406940 419184 505377 451172 408369 836721 1.05941e+06
desembarqueobs
 350755 77701 442110 56441 14545 235359 269955 359681 431902 328805 639364 411747 362871 311530 167758 66681 60226 58785 57116 73181 50977 67692 138656 160484
desembarquepred
 316351 78534.8 169293 69208.7 34622.1 122238 482056 356510 413971 370011 511463 519143 377228 236886 150536 85531.1 60718.5 57926 58423.1 68830.8 55526 63730.3 143457 161296
Reclutas
 212198 4341.67 674.374 473.637 1290.73 411848 9416.02 414133 79631.1 325711 481838 65105.5 105907 8389.31 3185.14 6542.71 28670.3 18675.8 46339.1 8307.2 24303.8 120928 49900 204376
log_desv_Rt
 2.02317 -1.86609 -3.72832 -4.08166 -3.07914 2.68631 -1.09194 2.69184 1.04306 2.45166 2.84326 0.84166 1.32821 -1.20739 -2.17585 -1.456 0.0215114 -0.407118 0.501638 -1.21723 -0.143716 1.46085 0.575673 1.98561
SSB
 1.80023e+06 1.49706e+06 888122 829765 370508 317231 2.55326e+06 2.69946e+06 3.56026e+06 2.86873e+06 3.48922e+06 4.56328e+06 3.38191e+06 2.37533e+06 1.43998e+06 820680 488860 434135 429458 539217 462243 408369 857285 1.04249e+06
BT
 7.8387e+06 1.71122e+06 1.01982e+06 947131 427775 1.43467e+06 3.0182e+06 5.91594e+06 4.64843e+06 5.04895e+06 6.86117e+06 5.59135e+06 4.43928e+06 2.74007e+06 1.65854e+06 960509 735928 622459 702332 660102 699425 780139 1.14512e+06 2.03924e+06
Ftot
 0.110803 0.110803 0.110803 0.110803 0.110803 0.110803 0.110803 0.110803 0.110803 0.110803 0.110803 0.110803 0.110803 0.110803 0.110803 0.110803 0.110803 0.110803 0.110803 0.110803 0.110803 0.110803 0.110803 0.110803
BD_Bspro_t
 0.986138 0.915825 0.825262 0.741117 0.666516 0.734008 0.903304 0.843354 0.862292 0.814174 0.835815 0.838768 0.781291 0.743718 0.685252 0.635066 0.606722 0.685828 0.730483 0.791463 0.767685 0.790503 0.858316 0.838463
BD_Bspro
 3.11801 2.59292 1.53824 1.43716 0.641724 0.549446 4.42227 4.67549 6.16639 4.96867 6.04336 7.90364 5.8575 4.11408 2.49405 1.42142 0.84671 0.751925 0.743825 0.933929 0.800609 0.707299 1.48483 1.8056
BD_Bo
 0.362956 0.301833 0.179061 0.167295 0.0747008 0.0639591 0.514781 0.544257 0.717808 0.578386 0.703486 0.920035 0.681851 0.478906 0.290324 0.165463 0.0985625 0.087529 0.086586 0.108715 0.093196 0.0823342 0.172843 0.210184
BD_Brms
 1.76667 1.46915 0.871566 0.814297 0.363602 0.311317 2.50567 2.64914 3.49389 2.81526 3.42418 4.47822 3.31887 2.33105 1.41313 0.805382 0.479747 0.426042 0.421452 0.529166 0.453626 0.400757 0.841305 1.02306
S_f
 0.5 1 1 1 1
 0.5 1 1 1 1
 0.5 1 1 1 1
 0.5 1 1 1 1
 0.5 1 1 1 1
 0.5 1 1 1 1
 0.5 1 1 1 1
 0.5 1 1 1 1
 0.5 1 1 1 1
 0.5 1 1 1 1
 0.5 1 1 1 1
 0.5 1 1 1 1
 0.5 1 1 1 1
 0.5 1 1 1 1
 0.5 1 1 1 1
 0.5 1 1 1 1
 0.5 1 1 1 1
 0.5 1 1 1 1
 0.5 1 1 1 1
 0.5 1 1 1 1
 0.5 1 1 1 1
 0.5 1 1 1 1
 0.5 1 1 1 1
 0.5 1 1 1 1
Scru_reclas
 0.5 1 1 1 1
 0.5 1 1 1 1
 0.5 1 1 1 1
 0.5 1 1 1 1
 0.5 1 1 1 1
 0.5 1 1 1 1
 0.5 1 1 1 1
 0.5 1 1 1 1
 0.5 1 1 1 1
 0.5 1 1 1 1
 0.5 1 1 1 1
 0.5 1 1 1 1
 0.5 1 1 1 1
 0.5 1 1 1 1
 0.5 1 1 1 1
 0.5 1 1 1 1
 0.5 1 1 1 1
 0.5 1 1 1 1
 0.5 1 1 1 1
 0.5 1 1 1 1
 0.5 1 1 1 1
 0.5 1 1 1 1
 0.5 1 1 1 1
 0.5 1 1 1 1
Scru_pelaces
 0.5 1 1 1 1
 0.5 1 1 1 1
 0.5 1 1 1 1
 0.5 1 1 1 1
 0.5 1 1 1 1
 0.5 1 1 1 1
 0.5 1 1 1 1
 0.5 1 1 1 1
 0.5 1 1 1 1
 0.5 1 1 1 1
 0.5 1 1 1 1
 0.5 1 1 1 1
 0.5 1 1 1 1
 0.5 1 1 1 1
 0.5 1 1 1 1
 0.5 1 1 1 1
 0.5 1 1 1 1
 0.5 1 1 1 1
 0.5 1 1 1 1
 0.5 1 1 1 1
 0.5 1 1 1 1
 0.5 1 1 1 1
 0.5 1 1 1 1
 0.5 1 1 1 1
pf_obs 
 0.256992 0.487395 0.22802 0.0275931 0
 0.321318 0.546541 0.124235 0.00734118 0.000564706
 0.182869 0.594174 0.210203 0.0122559 0.00049798
 0.330522 0.361315 0.267642 0.0388342 0.00168674
 0.649043 0.306663 0.0425973 0.00169635 0
 0.582887 0.30429 0.105238 0.00758474 0
 0.465427 0.430635 0.0974691 0.00646863 0
 0.296916 0.608066 0.0921331 0.00288517 0
 0.311714 0.524322 0.152257 0.0117073 0
 0.15457 0.633149 0.183074 0.0267441 0.00246327
 0.131901 0.49318 0.331252 0.0422183 0.00144891
 0.196976 0.569456 0.194076 0.0375587 0.00193317
 0.518974 0.381816 0.0799577 0.0180837 0.00116848
 0.0928022 0.601141 0.25162 0.0475244 0.00691264
 0.122501 0.610282 0.24278 0.0234846 0.000952079
 0.383417 0.481906 0.127806 0.00687128 0
 0.0376549 0.599619 0.316969 0.0457579 0
 0.0361596 0.667082 0.258105 0.0386534 0
 0.158088 0.579412 0.248529 0.0139706 0
 0.0477256 0.309471 0.559284 0.082774 0.000745712
 0.0406174 0.521527 0.379366 0.0568643 0.0016247
 0.151134 0.462217 0.34131 0.0453401 0
 0.294876 0.26143 0.354403 0.0886775 0.000613685
 0.281977 0.475581 0.204845 0.0348837 0.00271318
pf_pred 
 0.766348 0.117624 0.0584103 0.0290057 0.0286122
 0.0190644 0.854659 0.0635693 0.0315676 0.0311394
 0.00648707 0.0383083 0.832241 0.0619018 0.0610621
 0.0100771 0.0131607 0.0376624 0.818209 0.120891
 0.0576046 0.019389 0.0122711 0.0351165 0.875619
 0.974977 0.00280273 0.000457155 0.000289328 0.0214734
 0.0240277 0.963983 0.00134289 0.00021904 0.0104273
 0.698633 0.0145701 0.283273 0.000394618 0.00312852
 0.147766 0.704885 0.0071239 0.138503 0.0017226
 0.540241 0.121151 0.280063 0.00283045 0.0557142
 0.533121 0.330555 0.0359226 0.0830419 0.0173592
 0.093726 0.636255 0.191177 0.0207758 0.0580669
 0.237752 0.134061 0.441022 0.132515 0.0546501
 0.0327119 0.378784 0.103504 0.340497 0.144503
 0.0262913 0.063518 0.356425 0.0973943 0.456371
 0.1057 0.047199 0.055259 0.310081 0.481761
 0.483662 0.101241 0.0219078 0.025649 0.36754
 0.318817 0.448932 0.0455385 0.00985423 0.176858
 0.570635 0.210949 0.143947 0.0146016 0.059868
 0.125278 0.640995 0.114831 0.0783581 0.0405379
 0.421166 0.132045 0.327406 0.0586532 0.0607295
 0.765038 0.141032 0.0214275 0.0531296 0.0193727
 0.281397 0.625507 0.0558795 0.00848996 0.0287268
 0.666177 0.149193 0.160711 0.0143571 0.00956207
pobs_RECLAS
 0 0 0 0 0
 0 0 0 0 0
 0 0 0 0 0
 0 0 0 0 0
 0.835266 0.146461 0.0176864 0.000547809 3.91292e-05
 0.385257 0.428462 0.181853 0.0044286 0
 0.867414 0.0963971 0.0333333 0.00285562 0
 0.441836 0.489002 0.0689373 0.000224442 0
 0.779404 0.147425 0.0564933 0.0165055 0.000172143
 0.814271 0.122319 0.05973 0.00367925 0
 0.40263 0.566651 0.0304383 0.000280538 0
 0.475488 0.404961 0.113038 0.00651328 0
 0.955842 0.0263864 0.0167828 0.000988607 0
 0.975058 0.0227948 0.00214734 0 0
 0.738997 0.206755 0.0527124 0.00153531 0
 0.850938 0.134255 0.0134407 0.00136685 0
 0.542534 0.407297 0.0501686 0 0
 0.764087 0.199537 0.0359546 0.000420521 0
 0.470689 0.182191 0.310203 0.0369168 0
 0.84361 0.089868 0.0606195 0.00523954 0.000663233
 0.607945 0.314616 0.071237 0.00620181 0
 0.523733 0.453247 0.0230204 0 0
 0.530135 0.295979 0.169645 0.0042399 0
 0.562478 0.366248 0.0663022 0.0049721 0
ppred_RECLAS
 0.766988 0.117302 0.0582502 0.0289262 0.0285338
 0.0191314 0.854601 0.063565 0.0315654 0.0311372
 0.00651018 0.0383074 0.832221 0.0619004 0.0610607
 0.0101129 0.0131602 0.037661 0.818179 0.120886
 0.0577992 0.019385 0.0122685 0.0351093 0.875438
 0.975065 0.00279296 0.000455563 0.000288321 0.0213986
 0.0241118 0.9639 0.00134278 0.000219021 0.0104264
 0.699386 0.0145337 0.282566 0.000393632 0.0031207
 0.148217 0.704511 0.00712013 0.13843 0.00172168
 0.54113 0.120916 0.279522 0.00282498 0.0556065
 0.534012 0.329925 0.035854 0.0828835 0.017326
 0.0940305 0.636041 0.191112 0.0207688 0.0580474
 0.238401 0.133947 0.440646 0.132402 0.0546035
 0.0328253 0.37874 0.103492 0.340457 0.144486
 0.0263831 0.063512 0.356392 0.0973851 0.456328
 0.106039 0.0471811 0.0552381 0.309963 0.481579
 0.484556 0.101065 0.0218699 0.0256045 0.366904
 0.319595 0.448419 0.0454865 0.00984298 0.176656
 0.571511 0.210518 0.143653 0.0145718 0.0597458
 0.125671 0.640707 0.11478 0.0783229 0.0405197
 0.422039 0.131846 0.326913 0.0585648 0.0606379
 0.765681 0.140646 0.0213689 0.0529843 0.0193197
 0.282121 0.624877 0.0558231 0.0084814 0.0286978
 0.666972 0.148837 0.160328 0.0143229 0.00953929
pobs_PELACES
 0 0 0 0 0
 0 0 0 0 0
 0 0 0 0 0
 0 0 0 0 0
 0 0 0 0 0
 0 0 0 0 0
 0 0 0 0 0
 0 0 0 0 0
 0 0 0 0 0
 0 0 0 0 0
 0.450072 0.473896 0.0757376 0.000293798 0
 0 0 0 0 0
 0.463077 0.371075 0.160297 0.00555027 0
 0.529543 0.364841 0.0842815 0.0213345 0
 0.631943 0.363953 0.00410389 0 0
 0.735681 0.248677 0.0153453 0.000297389 0
 0.695825 0.281241 0.0229344 0 0
 0.275771 0.60734 0.115278 0.00161068 0
 0 0 0 0 0
 0.896147 0.0623911 0.0374545 0.00400742 0
 0.803859 0.145111 0.0509908 3.86294e-05 0
 0.739449 0.233085 0.0266225 0.000797448 4.60066e-05
 0.878498 0.100942 0.0204185 0.000141795 0
 0.694673 0.275183 0.0284847 0.00165964 0
ppred_PELACES
 0.77024 0.115665 0.0574374 0.0285226 0.0281356
 0.0194775 0.854299 0.0635426 0.0315543 0.0311262
 0.0066295 0.0383028 0.832121 0.061893 0.0610533
 0.0102976 0.0131578 0.037654 0.818027 0.120864
 0.0588029 0.0193643 0.0122555 0.0350719 0.874505
 0.975505 0.0027436 0.000447512 0.000283225 0.0210204
 0.0245458 0.963471 0.00134218 0.000218924 0.0104218
 0.703216 0.0143486 0.278966 0.000388617 0.00308094
 0.15054 0.70259 0.00710071 0.138052 0.00171699
 0.545666 0.119721 0.276759 0.00279705 0.0550568
 0.538558 0.326706 0.0355042 0.0820748 0.017157
 0.0955995 0.634939 0.190781 0.0207329 0.0579469
 0.241737 0.133361 0.438716 0.131822 0.0543644
 0.0334108 0.378511 0.103429 0.340251 0.144399
 0.0268568 0.0634811 0.356218 0.0973377 0.456106
 0.107784 0.047089 0.0551302 0.309358 0.480639
 0.489123 0.10017 0.0216761 0.0253777 0.363653
 0.323584 0.445791 0.0452199 0.00978528 0.175621
 0.575983 0.208322 0.142154 0.0144197 0.0591223
 0.127693 0.639225 0.114514 0.0781417 0.0404259
 0.426505 0.130827 0.324387 0.0581123 0.0601694
 0.768945 0.138687 0.0210712 0.0522462 0.0190506
 0.285838 0.621641 0.0555341 0.00843748 0.0285492
 0.671021 0.147028 0.158379 0.0141488 0.00942333
pobs_pel_tallas
 0 0 0 0 0 0 0 0 0 0 0 0 0 0 0 0 0 0 0 0 0 0 0 0 0 0 0 0 0 0 0 0 0 0 0 0
 0 0 0 0 0 0 0 0 0 0 0 0 0 0 0 0 0 0 0 0 0 0 0 0 0 0 0 0 0 0 0 0 0 0 0 0
 0 0 0 0 0 0 0 0 0 0 0 0 0 0 0 0 0 0 0 0 0 0 0 0 0 0 0 0 0 0 0 0 0 0 0 0
 0 0 0 0 0 0 0 0 0 0 0 0 0 0 0 0 0 0 0 0 0 0 0 0 0 0 0 0 0 0 0 0 0 0 0 0
 0 0 0 0 0 0 0 0 0 0 0 0 0 0 0 0 0 0 0 0 0 0 0 0 0 0 0 0 0 0 0 0 0 0 0 0
 0 0 0 0 0 0 0 0 0 0 0 0 0 0 0 0 0 0 0 0 0 0 0 0 0 0 0 0 0 0 0 0 0 0 0 0
 0 0 0 0 0 0 0 0 0 0 0 0 0 0 0 0 0 0 0 0 0 0 0 0 0 0 0 0 0 0 0 0 0 0 0 0
 0 0 0 0 0 0 0 0 0 0 0 0 0 0 0 0 0 0 0 0 0 0 0 0 0 0 0 0 0 0 0 0 0 0 0 0
 0 0 0 0 0 0 0 0 0 0 0 0 0 0 0 0 0 0 0 0 0 0 0 0 0 0 0 0 0 0 0 0 0 0 0 0
 0 0 0 0 0 0 0 0 0 0 0 0 0 0 0 0 0 0 0 0 0 0 0 0 0 0 0 0 0 0 0 0 0 0 0 0
 0 0 0 0 0 0 0 0 1.78061e-05 0.00172719 0.00360574 0.0105946 0.0120993 0.0124554 0.0147524 0.0171206 0.0266825 0.0428682 0.0675386 0.121331 0.153587 0.119568 0.100827 0.0573624 0.0630603 0.0341343 0.0324427 0.0444173 0.0211091 0.0280891 0.0125444 0.00206551 0 0 0 0
 0 0 0 0 0 0 0 0 0 0 0 0 0 0 0 0 0 0 0 0 0 0 0 0 0 0 0 0 0 0 0 0 0 0 0 0
 0 0 0 0 0 0 0.0133647 0.0140871 0.0187388 0.0205184 0.03894 0.0496705 0.03968 0.0493445 0.0407372 0.0367815 0.0215668 0.0243155 0.0234873 0.0199281 0.019796 0.0243948 0.0301388 0.0376714 0.0412746 0.0863199 0.0771752 0.113111 0.0741005 0.0525337 0.0229764 0.00759418 0.00175318 0 0 0
 0 0 0 0 0 0 0 0 0 0 0.00219441 0.00772107 0.0458388 0.0604681 0.0671733 0.0775358 0.0609151 0.0617685 0.073594 0.0568108 0.0755445 0.0548602 0.0670107 0.0636378 0.0643287 0.046367 0.0373049 0.0286899 0.0247887 0.0153202 0.00654259 0.00121912 0.000365735 0 0 0
 0 0 0 0 0 0 0 0 0 0 0 0 0.000112435 0.00938835 0.0111873 0.0202946 0.0414886 0.0713402 0.111592 0.104902 0.108894 0.110636 0.117776 0.105296 0.107544 0.0401394 0.0192827 0.0124803 0.00416011 0.0028671 0.000618394 0 0 0 0 0
 0 0 0 0 0 0 0 0 0 0 0.00291406 0.0102884 0.027416 0.0768956 0.0749926 0.110853 0.0956884 0.0897413 0.0766577 0.0534642 0.0500743 0.0551293 0.0594112 0.0620874 0.0668451 0.0424026 0.0208742 0.0120726 0.0048766 0.00582813 0.00118941 0.000297354 0 0 0 0
 0 0.00264628 0.0354308 0.0461629 0.0458689 0.0383711 0.0214643 0.0164657 0.0346957 0.0420465 0.0363128 0.0245516 0.0311673 0.0291091 0.0169068 0.0133784 0.00837989 0.0085269 0.0148486 0.0160247 0.0276389 0.0546898 0.0760071 0.122758 0.109233 0.0665981 0.0333725 0.0166128 0.00676272 0.00308733 0.000882094 0 0 0 0 0
 0 0 0 0 0 0 0 0.000805153 0.000690131 0.00759144 0.0133425 0.0154129 0.00931677 0.000345066 0.00356568 0.00563607 0.00851162 0.0253048 0.0502646 0.0516448 0.0657925 0.0565908 0.0611916 0.0827007 0.0866115 0.110766 0.145733 0.0935128 0.0569358 0.0249597 0.0138026 0.00621118 0.00161031 0.00115022 0 0
 0 0 0 0 0 0 0 0 0 0 0 0 0 0 0 0 0 0 0 0 0 0 0 0 0 0 0 0 0 0 0 0 0 0 0 0
 0.00147267 0.00158595 0.00478618 0.00569244 0.00954404 0.0108468 0.00647125 0.017049 0.0510054 0.094081 0.124002 0.0959785 0.0687766 0.0820023 0.061753 0.0591476 0.0492212 0.0479892 0.0443925 0.0268479 0.0217502 0.0140895 0.0121071 0.0120363 0.00920419 0.00665534 0.0049561 0.00860946 0.00930331 0.0156896 0.0114698 0.00855282 0.00243557 0.00046729 0 2.83206e-05
 0 0 0 0 0.000772559 0.00158375 0.000888443 0.00281984 0.00712685 0.0440552 0.0773331 0.111326 0.0921469 0.0852325 0.0710754 0.0886704 0.0786465 0.0553345 0.0373146 0.0185414 0.00753245 0.00457741 0.012979 0.0271748 0.0457355 0.0583668 0.034881 0.0177882 0.00938659 0.00492506 0.0015258 0.00185414 0.000309023 5.79419e-05 3.86279e-05 0
 0 0.00173294 0.00326652 0 0.00397197 0.00683976 0.00946217 0.0152591 0.00757587 0.0136028 0.0228656 0.0392903 0.0559909 0.0764795 0.0681675 0.0726916 0.0566044 0.0477403 0.0527397 0.0444891 0.0609904 0.0582453 0.0661739 0.0445044 0.0529084 0.0360697 0.0280645 0.0235558 0.0158879 0.00826598 0.00280645 0.00217768 0.000904811 0.00058276 9.20147e-05 0
 0 0 0 0 0 0 0 0 0 0 0 0 0 0 0 0 0 0 0 0 0 0 0 0 0 0 0 0 0 0 0 0 0 0 0 0
 0 0 0 0 0 0 0 0 0 0 0 0 0 0 0 0 0 0 0 0 0 0 0 0 0 0 0 0 0 0 0 0 0 0 0 0
ppred_pel_tallas
 1.03148e-16 3.36034e-05 0.000197232 0.000937569 0.00360972 0.0112566 0.0284332 0.0581776 0.0964341 0.129503 0.140911 0.124261 0.0888777 0.0517244 0.0248324 0.0104811 0.00498121 0.00400164 0.00490007 0.00654029 0.00849573 0.0105471 0.0125064 0.0141962 0.0154749 0.0162625 0.0165517 0.0163974 0.0158924 0.015137 0.014215 0.0131827 0.0120708 0.0108948 0.00966872 0.00841335
 1.03719e-16 8.96626e-07 5.1467e-06 2.42212e-05 9.28442e-05 0.00028917 0.000731376 0.00150325 0.00251735 0.003458 0.00396667 0.00398336 0.00390822 0.00441283 0.00612449 0.00947923 0.0147533 0.0220925 0.0314394 0.0424092 0.0542103 0.0656817 0.0754634 0.0822679 0.0851772 0.0838637 0.0786674 0.0704914 0.0605665 0.0501571 0.0403101 0.031708 0.024645 0.0191008 0.0148609 0.0116371
 1.16804e-16 3.05212e-07 1.74496e-06 8.20499e-06 3.14412e-05 9.78711e-05 0.000247233 0.000506868 0.000844405 0.00114706 0.0012829 0.00121475 0.00105358 0.000995209 0.00121914 0.00185372 0.00301259 0.00483874 0.00751413 0.0112367 0.0161806 0.0224503 0.0300332 0.0387592 0.0482759 0.0580496 0.0674003 0.0755706 0.0818231 0.0855495 0.0863697 0.0841973 0.0792577 0.0720494 0.0632618 0.0536651
 1.34295e-16 4.6099e-07 2.6697e-06 1.26236e-05 4.84928e-05 0.000151085 0.000381583 0.000781233 0.00129712 0.00174872 0.00192083 0.00173708 0.00133817 0.000977406 0.000857538 0.0010719 0.00166064 0.00268635 0.0042666 0.00656752 0.00978168 0.0141005 0.0196814 0.0266083 0.0348503 0.0442239 0.0543698 0.0647534 0.0746979 0.083449 0.0902667 0.0945285 0.0958243 0.0940198 0.0892827 0.0820538
 1.42248e-16 2.57559e-06 1.50854e-05 7.16521e-05 0.000275772 0.000859854 0.00217187 0.00444425 0.0073684 0.0099005 0.0107868 0.00954607 0.00690269 0.00417224 0.00230592 0.00152696 0.00162436 0.00236395 0.0036689 0.00560511 0.00831453 0.0119639 0.0167101 0.0226686 0.0298794 0.0382708 0.0476283 0.057577 0.0675869 0.077007 0.0851299 0.0912774 0.0948954 0.0956369 0.0934157 0.0884251
 1.01e-16 4.25493e-05 0.000249763 0.00118733 0.0045714 0.0142556 0.0360082 0.0736758 0.122119 0.163982 0.17839 0.157223 0.112263 0.0649461 0.0304512 0.0115924 0.00362239 0.000996715 0.000347194 0.000272426 0.000341495 0.000453232 0.000588902 0.000745053 0.000919894 0.00111093 0.00131419 0.00152349 0.00172989 0.00192171 0.00208533 0.00220674 0.00227374 0.00227805 0.00221688 0.00209379
 1.00828e-16 1.12197e-06 6.45983e-06 3.04422e-05 0.000116759 0.000363722 0.000919815 0.0018896 0.00316067 0.00433068 0.00493931 0.00489586 0.00468017 0.00510189 0.0069016 0.010568 0.016385 0.0244824 0.0347619 0.0467576 0.0595472 0.0717968 0.0819587 0.088584 0.0906626 0.0878758 0.0806818 0.0701924 0.0578962 0.0453149 0.0337047 0.0238801 0.0161806 0.0105525 0.00669143 0.00418737
 1.04123e-16 3.06774e-05 0.000180062 0.000855956 0.00329552 0.0102768 0.0259582 0.0531129 0.0880369 0.11822 0.128619 0.113384 0.0810177 0.0469903 0.0222662 0.0089079 0.00353787 0.00221375 0.00256853 0.00365214 0.00520274 0.00717164 0.00953131 0.0122154 0.015103 0.0180193 0.0207489 0.0230584 0.024728 0.0255856 0.0255357 0.0245773 0.0228062 0.0203992 0.017585 0.014608
 1.05154e-16 6.60519e-06 3.86755e-05 0.000183653 0.000706751 0.00220366 0.00556701 0.0113961 0.0189104 0.0254569 0.0278622 0.024957 0.0186951 0.0125852 0.00923627 0.00939552 0.0126366 0.0183169 0.0259287 0.0349682 0.0447341 0.0542695 0.0624678 0.0682855 0.0709811 0.0702936 0.0665018 0.060335 0.052777 0.0448264 0.0372927 0.0306833 0.0251921 0.0207679 0.0172203 0.0143203
 1.06637e-16 2.38117e-05 0.000139744 0.000664261 0.00255741 0.007975 0.0201442 0.0412179 0.0683239 0.0917595 0.0998586 0.0880972 0.0630959 0.0368923 0.0180412 0.00819867 0.00480208 0.00483946 0.00649348 0.00900232 0.0120845 0.0155735 0.0192866 0.0230082 0.0265118 0.0295857 0.0320539 0.0337839 0.0346888 0.0347249 0.0338925 0.0322392 0.0298643 0.0269164 0.0235837 0.0200751
 1.04233e-16 2.35095e-05 0.000137953 0.000655705 0.0025244 0.00787202 0.0198843 0.0406876 0.0674503 0.0906026 0.0986429 0.0871271 0.0626238 0.0370631 0.018951 0.00999072 0.00771004 0.00915529 0.0124835 0.0168 0.0215853 0.0263581 0.0306025 0.0338314 0.0356887 0.0360293 0.0349466 0.0327342 0.0297991 0.0265568 0.0233437 0.0203702 0.0177191 0.0153785 0.0132883 0.0113825
 1.06335e-16 4.2073e-06 2.46027e-05 0.000116761 0.000449217 0.00140056 0.00353838 0.00724498 0.0120283 0.0162111 0.0177923 0.0160542 0.0122781 0.00875279 0.00721748 0.00824643 0.011673 0.0171742 0.024464 0.0331796 0.0427357 0.0522906 0.0608429 0.0674186 0.0712835 0.0721052 0.0700155 0.0655447 0.0594652 0.0525942 0.0456268 0.0390396 0.0330785 0.0278068 0.023181 0.0191208
 1.13341e-16 1.05597e-05 6.1942e-05 0.000294375 0.00113325 0.0035338 0.00892616 0.0182651 0.0302806 0.0406786 0.0442997 0.0391552 0.0282038 0.0168186 0.00884723 0.00509993 0.00453408 0.00591582 0.00853459 0.0121239 0.0165884 0.0218281 0.0276728 0.0338764 0.0401346 0.0461093 0.0514537 0.0558342 0.0589524 0.0605711 0.0605425 0.0588352 0.0555521 0.050928 0.0453067 0.0390973
 1.2003e-16 1.48436e-06 8.64236e-06 4.09399e-05 0.000157385 0.000490561 0.00123951 0.00253936 0.00422149 0.00570639 0.00630743 0.00579627 0.0046575 0.00374678 0.0037493 0.004963 0.00743803 0.0111645 0.0161174 0.0221937 0.0291455 0.0365673 0.0439463 0.0507575 0.0565706 0.0611276 0.0643663 0.0663797 0.0673333 0.0673763 0.0665801 0.0649289 0.0623559 0.0588044 0.0542893 0.0489312
 1.29734e-16 1.1861e-06 6.91955e-06 3.28122e-05 0.000126197 0.000393379 0.000993667 0.00203408 0.00337551 0.00454496 0.00497692 0.00446436 0.0033596 0.00229731 0.00176149 0.00192153 0.00276564 0.00428345 0.00653847 0.00964681 0.0137296 0.0188729 0.0250977 0.0323384 0.0404259 0.0490781 0.0579009 0.0664043 0.0740366 0.080238 0.0845074 0.0864713 0.0859422 0.0829499 0.0777404 0.0707421
 1.33886e-16 4.71315e-06 2.76307e-05 0.000131285 0.000505357 0.00157579 0.0039803 0.00814469 0.0135028 0.0181405 0.0197579 0.0174697 0.0125974 0.00754194 0.00402796 0.00243365 0.00232289 0.00319187 0.00479346 0.00710637 0.0102142 0.0142212 0.0192089 0.0252102 0.0321862 0.0400032 0.0484131 0.0570439 0.0654091 0.0729415 0.0790519 0.0832055 0.0850024 0.084242 0.0809606 0.0754298
 1.18205e-16 2.1344e-05 0.000125262 0.000595422 0.00229238 0.00714854 0.0180566 0.0369462 0.0612426 0.0822477 0.0895033 0.0789519 0.0565246 0.0330063 0.0160572 0.00715193 0.00398204 0.00383761 0.00508491 0.00704731 0.00949644 0.0123305 0.01546 0.0187917 0.0222391 0.0257299 0.0292019 0.032585 0.0357799 0.038642 0.040983 0.0425917 0.0432718 0.0428832 0.041377 0.0388139
 1.0933e-16 1.41402e-05 8.29364e-05 0.000394128 0.00151722 0.00473114 0.0119509 0.0244561 0.0405501 0.0544921 0.0593889 0.0526011 0.0381245 0.0232003 0.0130373 0.00877494 0.00904388 0.0121553 0.0170195 0.0230134 0.0296184 0.0362308 0.0421674 0.0467788 0.0495933 0.0504245 0.0494061 0.0469357 0.0435544 0.0398017 0.0360965 0.0326766 0.0296023 0.0268078 0.0241726 0.0215854
 1.05344e-16 2.51368e-05 0.000147517 0.000701197 0.00269959 0.00841837 0.0212642 0.0435101 0.0721256 0.0968709 0.105436 0.0930541 0.0667241 0.0391697 0.0194412 0.00930767 0.00607752 0.00656758 0.00882644 0.011979 0.0156193 0.0194371 0.0231056 0.0262987 0.028748 0.0302923 0.0308996 0.0306519 0.0297046 0.0282352 0.0264019 0.0243222 0.0220747 0.0197142 0.0172899 0.0148584
 1.06408e-16 5.60667e-06 3.28185e-05 0.00015582 0.000599605 0.00186954 0.00472298 0.00966877 0.0160457 0.0216055 0.0236601 0.0212243 0.0159665 0.0108796 0.00819986 0.00859073 0.0117237 0.0170854 0.024268 0.0328503 0.0422204 0.0515237 0.0597563 0.065953 0.0694016 0.0698057 0.0673417 0.0625877 0.0563572 0.0494934 0.0426963 0.0364246 0.0308868 0.0260964 0.0219573 0.0183431
 1.09456e-16 1.86162e-05 0.000109241 0.000519242 0.00199904 0.00623376 0.015746 0.0322189 0.0534086 0.0717331 0.0780777 0.0689128 0.0494241 0.0290376 0.0144636 0.00702822 0.00476555 0.00536052 0.00742755 0.0103944 0.0140456 0.0182325 0.0227695 0.0274243 0.0319401 0.0360623 0.0395603 0.0422386 0.0439434 0.0445673 0.0440584 0.0424317 0.0397792 0.0362701 0.0321389 0.0276593
 1.0303e-16 3.35478e-05 0.000196904 0.000936003 0.00360368 0.0112378 0.0283857 0.0580805 0.0962738 0.12929 0.140684 0.124071 0.0887663 0.0517081 0.0249147 0.0106689 0.00529344 0.00446614 0.0055431 0.00737376 0.0095054 0.0116844 0.0136873 0.0153087 0.0163957 0.0168791 0.0167845 0.0162163 0.0153226 0.0142528 0.0131243 0.0120055 0.0109188 0.00985588 0.00879822 0.00773382
 1.02615e-16 1.25018e-05 7.33006e-05 0.00034828 0.00134063 0.00418041 0.01056 0.0216116 0.0358403 0.0481829 0.0525655 0.0466826 0.0341064 0.0212956 0.0129332 0.0101199 0.0117347 0.016339 0.0229531 0.0309064 0.0395026 0.0478679 0.0550063 0.0599783 0.0621126 0.0611677 0.0573877 0.0514272 0.0441808 0.0365696 0.0293584 0.0230483 0.0178592 0.0137819 0.0106647 0.00830038
 1.03223e-16 2.92786e-05 0.000171838 0.000816834 0.00314484 0.00980689 0.0247714 0.0506856 0.0840173 0.112833 0.122787 0.108311 0.0775413 0.0452728 0.022011 0.0097714 0.00537303 0.00507312 0.0065897 0.00893382 0.0117091 0.0146719 0.0175822 0.0201954 0.0222973 0.02374 0.0244608 0.0244772 0.0238653 0.022731 0.0211855 0.0193317 0.0172631 0.0150677 0.0128333 0.0106472
pSPR Fmed_Fpbrs
0.37021   0.255447 0.255447
Fs Fmed_Fpbrs
0.64   1.005 1.005
SSBpbr Bo_Bmed_Bpbrs
4.9599e+06  1.58821e+06  1.019e+06 1.019e+06
Ro
28060.1
SPR SPRFo_SPRFmed_SPRFpbrs
577364 213746 147486
log_Ro
10.0621
likeval ReclasPelacesDesembMPH_pf_preclas_ppelaces_ptallas_desvR_qrecl_qpela
 464.597 48.4712 13888 206.588 556.204 414.994 87.1634 0 135.51 0 0 0 0 0 0
q_reclas_q_pelaces
1 1
M
0.7
N
 212198 16682.3 8284.19 4113.81 4058
 4341.67 99695.2 7415.3 3682.33 3632.37
 674.374 2039.81 44314.6 3296.11 3251.39
 473.637 316.836 906.699 19697.9 2910.37
 1290.73 222.525 140.834 403.029 10049.4
 411848 606.413 98.9126 62.6007 4646.11
 9416.02 193495 269.551 43.9668 2093.03
 414133 4423.85 86008.8 119.816 949.895
 79631.1 194569 1966.41 38231 475.487
 325711 37412.4 86486.1 874.069 17205.1
 481838 153026 16629.9 38443.1 8036.19
 65105.5 226378 68020.2 7391.99 20660.1
 105907 30588 100625 30235 12469.2
 8389.31 49757.5 13596.4 44728 18982.1
 3185.14 3941.48 22117.3 6043.61 28319.2
 6542.71 1496.45 1751.99 9831.14 15274.3
 28670.3 3073.91 665.173 778.763 11159.4
 18675.8 13469.9 1366.35 295.67 5306.52
 46339.1 8774.32 5987.39 607.346 2490.18
 8307.2 21771.1 3900.19 2661.4 1376.85
 24303.8 3902.91 9677.29 1733.64 1795.01
 120928 11418.5 1734.84 4301.56 1568.49
 49900 56814.6 5075.51 771.14 2609.24
 204376 23444.1 25254.2 2256.07 1502.58
pred_Ctot
 8251.01 1266.42 628.883 312.294 308.058
 168.82 7568.23 562.923 279.539 275.747
 26.2221 154.85 3364.08 250.22 246.825
 18.4167 24.0522 68.8309 1495.34 220.937
 50.1882 16.8927 10.6912 30.5954 762.886
 16014.1 46.0351 7.50882 4.75225 352.703
 366.128 14688.9 20.4626 3.33768 158.889
 16103 335.831 6529.24 9.09566 72.11
 3096.34 14770.4 149.277 2902.25 36.096
 12664.8 2840.12 6565.48 66.3538 1306.1
 18735.6 11616.8 1262.43 2918.36 610.057
 2531.53 17185.2 5163.67 561.153 1568.38
 4118.05 2322.05 7638.84 2295.25 946.581
 326.206 3777.28 1032.15 3395.47 1441
 123.85 299.213 1679 458.792 2149.81
 254.404 113.601 133 746.318 1159.53
 1114.8 233.352 50.4957 59.1187 847.15
 726.183 1022.55 103.725 22.4454 402.837
 1801.83 666.091 454.525 46.1059 189.039
 323.014 1652.73 296.078 202.037 104.522
 945.018 296.284 734.639 131.607 136.266
 4702.11 866.817 131.698 326.548 119.07
 1940.29 4313.01 385.301 58.5401 198.077
 7946.87 1779.73 1917.14 171.267 114.067
F
 0.0554016 0.110803 0.110803 0.110803 0.110803
 0.0554016 0.110803 0.110803 0.110803 0.110803
 0.0554016 0.110803 0.110803 0.110803 0.110803
 0.0554016 0.110803 0.110803 0.110803 0.110803
 0.0554016 0.110803 0.110803 0.110803 0.110803
 0.0554016 0.110803 0.110803 0.110803 0.110803
 0.0554016 0.110803 0.110803 0.110803 0.110803
 0.0554016 0.110803 0.110803 0.110803 0.110803
 0.0554016 0.110803 0.110803 0.110803 0.110803
 0.0554016 0.110803 0.110803 0.110803 0.110803
 0.0554016 0.110803 0.110803 0.110803 0.110803
 0.0554016 0.110803 0.110803 0.110803 0.110803
 0.0554016 0.110803 0.110803 0.110803 0.110803
 0.0554016 0.110803 0.110803 0.110803 0.110803
 0.0554016 0.110803 0.110803 0.110803 0.110803
 0.0554016 0.110803 0.110803 0.110803 0.110803
 0.0554016 0.110803 0.110803 0.110803 0.110803
 0.0554016 0.110803 0.110803 0.110803 0.110803
 0.0554016 0.110803 0.110803 0.110803 0.110803
 0.0554016 0.110803 0.110803 0.110803 0.110803
 0.0554016 0.110803 0.110803 0.110803 0.110803
 0.0554016 0.110803 0.110803 0.110803 0.110803
 0.0554016 0.110803 0.110803 0.110803 0.110803
 0.0554016 0.110803 0.110803 0.110803 0.110803
Np
 28293.9 8500.67 17453.9 1894.24 2411.39
YTP_r0W_actual
 477963 214834 334951 39171.6 31886.5
YTP_p0W_proyectada
 67823.6 1.00031e+06 157816 217103 31089.9
 67823.6 88557 264324 36634.9 51753.9
CTP_r0_actual
 59745.4 11307.1 12180 1088.1 724.694
CTP_p0_proyectada
 8271.17 46310.5 5026 5414.04 698.649
 8271.17 4099.86 8417.96 913.588 1163.01
Wmedp
 8.2 21.6 31.4 40.1 44.5
nmprior
 10.8 10.6 4.6 0
nm_flota  nm_reclas  nm_pelaces    nm_pelaL
inf 1.32234 3.27905 4.15813
cv_recla  cv_pelaces  cv_mph
1.99556 0.819231 2.03268
 ------------------------------------------------
Talla a la edad & desviaci?n 
 7.2 14.2025 17.0495 18.207 18.6776
 1.08 2.13037 2.55742 2.73105 2.80164
