    unsorted:	 2.447841041e-06 0.007980547908 0.9920198109 18.15956007 17.44398740 6.798890952 22.86937478 29.01977570 32.79265400 68.36885490 86.60909156 125.4625311 158.0244876 215.8580195 268.6431035 410.2997225 499.8958691 524.3988886 653.0138962 740.4726504 800.2102584 846.2599514 868.0030556 977.7291690 1080.011934 1285.282801 1410.603117 1663.394109 1730.975184 2105.269724 2175.932702 2573.096339 2808.790382 3016.808125 3171.808925 3367.260225 4102.697103 4308.837138 4327.806140 4622.220947 204618.9678 102968.1626 273821.6949 342750.0092 376355.1026 400313.5929 426460.3009 446423.8763 461401.2236 535952.3337 560824.7021 640207.6197 709477.7364 748472.0059 871119.6009 1027459.555 1153416.226 1312620.791 1429174.281 1565975.122 1842804.941 1966074.201 2386449.515 2426467.924 2639202.101 30762998.12
      sorted:	 2.447841041e-06 0.007980547908 0.9920198109 6.798890952 17.44398740 18.15956007 22.86937478 29.01977570 32.79265400 68.36885490 86.60909156 125.4625311 158.0244876 215.8580195 268.6431035 410.2997225 499.8958691 524.3988886 653.0138962 740.4726504 800.2102584 846.2599514 868.0030556 977.7291690 1080.011934 1285.282801 1410.603117 1663.394109 1730.975184 2105.269724 2175.932702 2573.096339 2808.790382 3016.808125 3171.808925 3367.260225 4102.697103 4308.837138 4327.806140 4622.220947 102968.1626 204618.9678 273821.6949 342750.0092 376355.1026 400313.5929 426460.3009 446423.8763 461401.2236 535952.3337 560824.7021 640207.6197 709477.7364 748472.0059 871119.6009 1027459.555 1153416.226 1312620.791 1429174.281 1565975.122 1842804.941 1966074.201 2386449.515 2426467.924 2639202.101 30762998.12
