years
 1997 1998 1999 2000 2001 2002 2003 2004 2005 2006 2007 2008 2009 2010 2011 2012 2013 2014 2015 2016 2017 2018 2019 2020 2021 2022
reclasobs
 0 0 0 370054 412103 1.49427e+06 250295 1.28982e+06 931140 785840 897777 1.04006e+06 184774 17550 25797 100020 73551 82996 120727 218422 84188 347160 605670 569463 516374 1.08416e+06
reclaspred
 1.12411e+06 231271 581474 302431 369284 445809 889286 679272 930839 1.11539e+06 1.06694e+06 722720 420865 194647 131003 123439 129038 166092 177844 248138 420386 430333 702419 874003 1.14868e+06 976893
pelacesobs
 0 0 0 0 0 0 0 0 0 2.06254e+06 1.5e+06 0 1.87456e+06 323000 250000 174000 83755 137374 0 501740 490994 745055 786931 1.00524e+06 1.33801e+06 1.41789e+06
pelacespred
 653073 229897 198156 211222 221322 201546 454479 422164 527066 654959 544899 382984 220353 81234.3 54808.6 58976 64328.5 83113.7 92846.5 124830 237626 252574 320847 458856 584417 555427
mphobs
 0 0 0 0 0 0 112323 0 153150 637223 0 255016 313432 73983 77613 109348 50772 17779 17303 59886 28197 0 207744 136588 643089 65757
mphpred
 794454 426907 370146 331044 281737 409690 551676 715448 718721 957013 1.07692e+06 762569 451432 240757 111898 97515.1 95005.1 119494 149402 165203 288536 403560 476938 679156 891873 851778
desembarqueobs
 350755 77701 442110 56441 14545 235359 269955 359681 431902 328805 639364 411747 362871 311530 167758 66681 60226 58785 57116 73181 50977 67692 138656 160484 209506 203330
desembarquepred
 350759 77700.7 442121 56443.5 14545.2 235451 269972 359599 431791 328718 639322 411825 362886 311615 167685 66690.4 60251.3 58786.1 57105.8 73165 50972.6 67679.6 138644 160470 209485 203304
Reclutas
 41585.3 43735.8 21923.1 24012.8 45697.4 34075.5 69482.2 75979.8 128989 141790 69326.1 40822.8 48220.6 29350.7 20219.6 14648.5 11076.4 12545.6 14553.3 26772.1 40746 41586 67320.3 93775.4 36415 36664.3
log_desv_Rt
 0.0860512 0.136473 -0.554152 -0.463108 0.180346 -0.113115 0.599376 0.688773 1.21804 1.31265 0.597127 0.0675453 0.234091 -0.26238 -0.635044 -0.957357 -1.23688 -1.11233 -0.963878 -0.354334 0.0656643 0.0860685 0.567768 0.899208 -0.0467141 -0.0398921
SSB
 794454 426907 370146 331044 281737 409690 535959 707062 703024 938647 1.07692e+06 762569 464870 250773 120134 106011 107533 129706 153952 178516 295637 403560 489776 667424 956458 940292
BT
 2.06423e+06 571037 743321 504144 527688 584760 1.44742e+06 1.37612e+06 1.80403e+06 1.87322e+06 1.73154e+06 1.17645e+06 856402 472703 281067 186948 198156 239054 247771 357521 627251 570896 792737 1.15887e+06 1.33444e+06 1.27073e+06
Ftot
 0.300216 0.322845 0.705513 0.180972 0.038522 0.499439 0.292694 0.502791 0.443315 0.284226 0.563721 0.536997 0.79556 1.37943 1.14674 0.51166 0.444795 0.339767 0.30874 0.284349 0.118093 0.15276 0.191265 0.178148 0.176785 0.201391
BD_Bspro_t
 0.957338 0.754598 0.63388 0.42471 0.514956 0.666835 0.584837 0.618002 0.580848 0.595528 0.596771 0.437906 0.328884 0.236329 0.142659 0.149766 0.200715 0.299492 0.393808 0.491397 0.636038 0.754639 0.7612 0.761364 0.771405 0.716164
BD_Bspro
 1.00807 0.541694 0.469671 0.420055 0.35749 0.519847 0.680068 0.897178 0.892053 1.19103 1.36648 0.967609 0.589864 0.3182 0.152435 0.134515 0.136447 0.164581 0.195346 0.226515 0.375128 0.512069 0.621467 0.846881 1.21363 1.19312
BD_Bo
 0.525643 0.282459 0.244904 0.219032 0.186408 0.271067 0.354612 0.467821 0.465149 0.621046 0.712531 0.504546 0.307577 0.165921 0.0794852 0.0701411 0.0711484 0.0858186 0.101861 0.118113 0.195605 0.267012 0.324056 0.441595 0.632831 0.622135
BD_Brms
 2.55492 1.37291 1.19037 1.06462 0.90605 1.31754 1.72361 2.27387 2.26088 3.01863 3.4633 2.45238 1.495 0.80647 0.386343 0.340925 0.345821 0.417127 0.4951 0.574097 0.950752 1.29783 1.57509 2.1464 3.07592 3.02393
S_f
 0.5 1 1 1 1
 0.5 1 1 1 1
 0.5 1 1 1 1
 0.5 1 1 1 1
 0.5 1 1 1 1
 0.5 1 1 1 1
 0.5 1 1 1 1
 0.5 1 1 1 1
 0.5 1 1 1 1
 0.5 1 1 1 1
 0.5 1 1 1 1
 0.5 1 1 1 1
 0.5 1 1 1 1
 0.5 1 1 1 1
 0.5 1 1 1 1
 0.5 1 1 1 1
 0.5 1 1 1 1
 0.5 1 1 1 1
 0.5 1 1 1 1
 0.5 1 1 1 1
 0.5 1 1 1 1
 0.5 1 1 1 1
 0.5 1 1 1 1
 0.5 1 1 1 1
 0.5 1 1 1 1
 0.5 1 1 1 1
Scru_reclas
 0.5 1 1 1 1
 0.5 1 1 1 1
 0.5 1 1 1 1
 0.5 1 1 1 1
 0.5 1 1 1 1
 0.5 1 1 1 1
 0.5 1 1 1 1
 0.5 1 1 1 1
 0.5 1 1 1 1
 0.5 1 1 1 1
 0.5 1 1 1 1
 0.5 1 1 1 1
 0.5 1 1 1 1
 0.5 1 1 1 1
 0.5 1 1 1 1
 0.5 1 1 1 1
 0.5 1 1 1 1
 0.5 1 1 1 1
 0.5 1 1 1 1
 0.5 1 1 1 1
 0.5 1 1 1 1
 0.5 1 1 1 1
 0.5 1 1 1 1
 0.5 1 1 1 1
 0.5 1 1 1 1
 0.5 1 1 1 1
Scru_pelaces
 0.5 1 1 1 1
 0.5 1 1 1 1
 0.5 1 1 1 1
 0.5 1 1 1 1
 0.5 1 1 1 1
 0.5 1 1 1 1
 0.5 1 1 1 1
 0.5 1 1 1 1
 0.5 1 1 1 1
 0.5 1 1 1 1
 0.5 1 1 1 1
 0.5 1 1 1 1
 0.5 1 1 1 1
 0.5 1 1 1 1
 0.5 1 1 1 1
 0.5 1 1 1 1
 0.5 1 1 1 1
 0.5 1 1 1 1
 0.5 1 1 1 1
 0.5 1 1 1 1
 0.5 1 1 1 1
 0.5 1 1 1 1
 0.5 1 1 1 1
 0.5 1 1 1 1
 0.5 1 1 1 1
 0.5 1 1 1 1
pf_obs 
 0.256992 0.487395 0.22802 0.0275931 0
 0.321318 0.546541 0.124235 0.00734118 0.000564706
 0.182869 0.594174 0.210203 0.0122559 0.00049798
 0.330522 0.361315 0.267642 0.0388342 0.00168674
 0.649043 0.306663 0.0425973 0.00169635 0
 0.582887 0.30429 0.105238 0.00758474 0
 0.465427 0.430635 0.0974691 0.00646863 0
 0.296916 0.608066 0.0921331 0.00288517 0
 0.311714 0.524322 0.152257 0.0117073 0
 0.15457 0.633149 0.183074 0.0267441 0.00246327
 0.131901 0.49318 0.331252 0.0422183 0.00144891
 0.196976 0.569456 0.194076 0.0375587 0.00193317
 0.518974 0.381816 0.0799577 0.0180837 0.00116848
 0.0928022 0.601141 0.25162 0.0475244 0.00691264
 0.122501 0.610282 0.24278 0.0234846 0.000952079
 0.383417 0.481906 0.127806 0.00687128 0
 0.0376549 0.599619 0.316969 0.0457579 0
 0.0361596 0.667082 0.258105 0.0386534 0
 0.158088 0.579412 0.248529 0.0139706 0
 0.0477256 0.309471 0.559284 0.082774 0.000745712
 0.0406174 0.521527 0.379366 0.0568643 0.0016247
 0.151134 0.462217 0.34131 0.0453401 0
 0.294876 0.26143 0.354403 0.0886775 0.000613685
 0.281977 0.475581 0.204845 0.0348837 0.00271318
 0.0841818 0.532909 0.334909 0.0458182 0.00218182
 0.115287 0.27431 0.454777 0.147771 0.00785563
pf_pred 
 0.44669 0.389301 0.146541 0.0174624 5.05306e-06
 0.456554 0.346576 0.138515 0.0521401 0.006215
 0.30695 0.449391 0.15539 0.0621044 0.026164
 0.460252 0.282057 0.167094 0.0577776 0.0328201
 0.57604 0.272303 0.0792516 0.0469496 0.025456
 0.383462 0.451992 0.105685 0.0307589 0.0281018
 0.623398 0.222295 0.113124 0.0264508 0.0147316
 0.525262 0.37157 0.0608968 0.0309899 0.0112817
 0.634238 0.263176 0.080293 0.0131593 0.00913452
 0.539352 0.367546 0.0669893 0.020438 0.00567471
 0.31361 0.492556 0.154658 0.0281882 0.0109878
 0.312947 0.356678 0.237078 0.0744404 0.0188563
 0.484482 0.266159 0.129453 0.086045 0.0338611
 0.452331 0.386166 0.083383 0.0405553 0.0375645
 0.552232 0.322137 0.0885838 0.0191275 0.0179201
 0.528395 0.367484 0.0749077 0.0205988 0.00861483
 0.437982 0.406117 0.121481 0.0247626 0.00965726
 0.494647 0.323245 0.131592 0.0393628 0.0111529
 0.502514 0.340041 0.100708 0.0409982 0.0157384
 0.612458 0.266746 0.0825659 0.0244532 0.0137763
 0.583916 0.32216 0.0646482 0.0200105 0.00926523
 0.455932 0.404633 0.10796 0.0216644 0.00981068
 0.538465 0.293717 0.124809 0.0333003 0.00970852
 0.532878 0.33227 0.0858186 0.0364669 0.0125664
 0.238639 0.537437 0.15928 0.0411389 0.0235051
 0.314812 0.272221 0.291509 0.0863946 0.0350633
pobs_RECLAS
 0 0 0 0 0
 0 0 0 0 0
 0 0 0 0 0
 0 0 0 0 0
 0.835266 0.146461 0.0176864 0.000547809 3.91292e-05
 0.385257 0.428462 0.181853 0.0044286 0
 0.867414 0.0963971 0.0333333 0.00285562 0
 0.441836 0.489002 0.0689373 0.000224442 0
 0.779404 0.147425 0.0564933 0.0165055 0.000172143
 0.814271 0.122319 0.05973 0.00367925 0
 0.40263 0.566651 0.0304383 0.000280538 0
 0.475488 0.404961 0.113038 0.00651328 0
 0.955842 0.0263864 0.0167828 0.000988607 0
 0.975058 0.0227948 0.00214734 0 0
 0.738997 0.206755 0.0527124 0.00153531 0
 0.850938 0.134255 0.0134407 0.00136685 0
 0.542534 0.407297 0.0501686 0 0
 0.764087 0.199537 0.0359546 0.000420521 0
 0.470689 0.182191 0.310203 0.0369168 0
 0.84361 0.089868 0.0606195 0.00523954 0.000663233
 0.607945 0.314616 0.071237 0.00620181 0
 0.523733 0.453247 0.0230204 0 0
 0.530135 0.295979 0.169645 0.0042399 0
 0.562478 0.366248 0.0663022 0.0049721 0
 0.250443 0.683176 0.0655157 0.000865301 0
 0.195077 0.31981 0.436473 0.0351445 0.0134964
ppred_RECLAS
 0.449512 0.387315 0.145794 0.0173734 5.02729e-06
 0.459654 0.344599 0.137725 0.0518426 0.00617955
 0.314497 0.444498 0.153698 0.0614281 0.0258791
 0.4618 0.281248 0.166614 0.0576119 0.032726
 0.576323 0.272121 0.0791987 0.0469182 0.025439
 0.388661 0.44818 0.104794 0.0304995 0.0278648
 0.62599 0.220765 0.112346 0.0262687 0.0146302
 0.530778 0.367252 0.0601892 0.0306298 0.0111506
 0.638573 0.260056 0.0793412 0.0130033 0.00902624
 0.542001 0.365433 0.0666041 0.0203204 0.00564208
 0.319196 0.488547 0.1534 0.0279588 0.0108984
 0.31817 0.353967 0.235276 0.0738745 0.0187129
 0.494927 0.260766 0.12683 0.0843016 0.033175
 0.475923 0.369531 0.0797911 0.0388083 0.0359463
 0.569862 0.309453 0.0850959 0.0183743 0.0172145
 0.534038 0.363087 0.0740115 0.0203523 0.00851176
 0.44262 0.402766 0.120478 0.0245582 0.00957757
 0.497975 0.321116 0.130726 0.0391036 0.0110794
 0.505467 0.338023 0.100111 0.0407548 0.015645
 0.614988 0.265005 0.0820269 0.0242935 0.0136864
 0.584849 0.321438 0.0645033 0.0199657 0.00924446
 0.457205 0.403686 0.107707 0.0216138 0.00978774
 0.540115 0.292667 0.124363 0.0331812 0.0096738
 0.534401 0.331187 0.0855389 0.036348 0.0125254
 0.239742 0.536658 0.159049 0.0410793 0.023471
 0.316336 0.271616 0.290861 0.0862024 0.0349853
pobs_PELACES
 0 0 0 0 0
 0 0 0 0 0
 0 0 0 0 0
 0 0 0 0 0
 0 0 0 0 0
 0 0 0 0 0
 0 0 0 0 0
 0 0 0 0 0
 0 0 0 0 0
 0 0 0 0 0
 0.450072 0.473896 0.0757376 0.000293798 0
 0 0 0 0 0
 0.463077 0.371075 0.160297 0.00555027 0
 0.529543 0.364841 0.0842815 0.0213345 0
 0.631943 0.363953 0.00410389 0 0
 0.735681 0.248677 0.0153453 0.000297389 0
 0.695825 0.281241 0.0229344 0 0
 0.275771 0.60734 0.115278 0.00161068 0
 0 0 0 0 0
 0.896147 0.0623911 0.0374545 0.00400742 0
 0.803859 0.145111 0.0509908 3.86294e-05 0
 0.739449 0.233085 0.0266225 0.000797448 4.60066e-05
 0.878498 0.100942 0.0204185 0.000141795 0
 0.694673 0.275183 0.0284847 0.00165964 0
 0.469039 0.446079 0.0841089 0.000773354 0
 0.822795 0.102175 0.0682046 0.00682512 0
ppred_PELACES
 0.461798 0.378671 0.14254 0.0169856 4.91509e-06
 0.47291 0.336145 0.134346 0.0505708 0.00602795
 0.340118 0.427884 0.147954 0.0591322 0.0249119
 0.469229 0.277365 0.164314 0.0568166 0.0322743
 0.577875 0.271124 0.0789087 0.0467464 0.0253458
 0.408412 0.433701 0.101408 0.0295141 0.0269646
 0.637227 0.214133 0.10897 0.0254795 0.0141907
 0.551375 0.351131 0.0575471 0.0292852 0.0106612
 0.655279 0.248036 0.075674 0.0124022 0.00860904
 0.553617 0.356164 0.0649148 0.019805 0.00549897
 0.339739 0.473805 0.148771 0.0271151 0.0105696
 0.337693 0.343832 0.228539 0.0717592 0.0181771
 0.527716 0.243838 0.118596 0.0788289 0.0310214
 0.532759 0.329456 0.0711377 0.0345996 0.0320479
 0.615503 0.276618 0.0760668 0.0164247 0.015388
 0.554973 0.346773 0.0706862 0.0194379 0.00812933
 0.460795 0.389633 0.11655 0.0237575 0.00926528
 0.511989 0.312153 0.127077 0.0380121 0.0107702
 0.518194 0.329323 0.0975341 0.0397059 0.0152423
 0.626036 0.257401 0.0796733 0.0235965 0.0132936
 0.589572 0.317781 0.0637694 0.0197385 0.00913929
 0.463466 0.399029 0.106465 0.0213644 0.00967483
 0.547944 0.287685 0.122246 0.0326164 0.00950913
 0.541706 0.32599 0.0841967 0.0357777 0.0123289
 0.245099 0.532877 0.157929 0.0407898 0.0233056
 0.323566 0.268743 0.287785 0.0852908 0.0346153
pobs_pel_tallas
 0 0 0 0 0 0 0 0 0 0 0 0 0 0 0 0 0 0 0 0 0 0 0 0 0 0 0 0 0 0 0 0 0 0 0 0
 0 0 0 0 0 0 0 0 0 0 0 0 0 0 0 0 0 0 0 0 0 0 0 0 0 0 0 0 0 0 0 0 0 0 0 0
 0 0 0 0 0 0 0 0 0 0 0 0 0 0 0 0 0 0 0 0 0 0 0 0 0 0 0 0 0 0 0 0 0 0 0 0
 0 0 0 0 0 0 0 0 0 0 0 0 0 0 0 0 0 0 0 0 0 0 0 0 0 0 0 0 0 0 0 0 0 0 0 0
 0 0 0 0 0 0 0 0 0 0 0 0 0 0 0 0 0 0 0 0 0 0 0 0 0 0 0 0 0 0 0 0 0 0 0 0
 0 0 0 0 0 0 0 0 0 0 0 0 0 0 0 0 0 0 0 0 0 0 0 0 0 0 0 0 0 0 0 0 0 0 0 0
 0 0 0 0 0 0 0 0 0 0 0 0 0 0 0 0 0 0 0 0 0 0 0 0 0 0 0 0 0 0 0 0 0 0 0 0
 0 0 0 0 0 0 0 0 0 0 0 0 0 0 0 0 0 0 0 0 0 0 0 0 0 0 0 0 0 0 0 0 0 0 0 0
 0 0 0 0 0 0 0 0 0 0 0 0 0 0 0 0 0 0 0 0 0 0 0 0 0 0 0 0 0 0 0 0 0 0 0 0
 0 0 0 0 0 0 0 0 0 0 0 0 0 0 0 0 0 0 0 0 0 0 0 0 0 0 0 0 0 0 0 0 0 0 0 0
 0 0 0 0 0 0 0 0 1.78061e-05 0.00172719 0.00360574 0.0105946 0.0120993 0.0124554 0.0147524 0.0171206 0.0266825 0.0428682 0.0675386 0.121331 0.153587 0.119568 0.100827 0.0573624 0.0630603 0.0341343 0.0324427 0.0444173 0.0211091 0.0280891 0.0125444 0.00206551 0 0 0 0
 0 0 0 0 0 0 0 0 0 0 0 0 0 0 0 0 0 0 0 0 0 0 0 0 0 0 0 0 0 0 0 0 0 0 0 0
 0 0 0 0 0 0 0.0133647 0.0140871 0.0187388 0.0205184 0.03894 0.0496705 0.03968 0.0493445 0.0407372 0.0367815 0.0215668 0.0243155 0.0234873 0.0199281 0.019796 0.0243948 0.0301388 0.0376714 0.0412746 0.0863199 0.0771752 0.113111 0.0741005 0.0525337 0.0229764 0.00759418 0.00175318 0 0 0
 0 0 0 0 0 0 0 0 0 0 0.00219441 0.00772107 0.0458388 0.0604681 0.0671733 0.0775358 0.0609151 0.0617685 0.073594 0.0568108 0.0755445 0.0548602 0.0670107 0.0636378 0.0643287 0.046367 0.0373049 0.0286899 0.0247887 0.0153202 0.00654259 0.00121912 0.000365735 0 0 0
 0 0 0 0 0 0 0 0 0 0 0 0 0.000112435 0.00938835 0.0111873 0.0202946 0.0414886 0.0713402 0.111592 0.104902 0.108894 0.110636 0.117776 0.105296 0.107544 0.0401394 0.0192827 0.0124803 0.00416011 0.0028671 0.000618394 0 0 0 0 0
 0 0 0 0 0 0 0 0 0 0 0.00291406 0.0102884 0.027416 0.0768956 0.0749926 0.110853 0.0956884 0.0897413 0.0766577 0.0534642 0.0500743 0.0551293 0.0594112 0.0620874 0.0668451 0.0424026 0.0208742 0.0120726 0.0048766 0.00582813 0.00118941 0.000297354 0 0 0 0
 0 0.00264628 0.0354308 0.0461629 0.0458689 0.0383711 0.0214643 0.0164657 0.0346957 0.0420465 0.0363128 0.0245516 0.0311673 0.0291091 0.0169068 0.0133784 0.00837989 0.0085269 0.0148486 0.0160247 0.0276389 0.0546898 0.0760071 0.122758 0.109233 0.0665981 0.0333725 0.0166128 0.00676272 0.00308733 0.000882094 0 0 0 0 0
 0 0 0 0 0 0 0 0.000805153 0.000690131 0.00759144 0.0133425 0.0154129 0.00931677 0.000345066 0.00356568 0.00563607 0.00851162 0.0253048 0.0502646 0.0516448 0.0657925 0.0565908 0.0611916 0.0827007 0.0866115 0.110766 0.145733 0.0935128 0.0569358 0.0249597 0.0138026 0.00621118 0.00161031 0.00115022 0 0
 0 0 0 0 0 0 0 0 0 0 0 0 0 0 0 0 0 0 0 0 0 0 0 0 0 0 0 0 0 0 0 0 0 0 0 0
 0.00147267 0.00158595 0.00478618 0.00569244 0.00954404 0.0108468 0.00647125 0.017049 0.0510054 0.094081 0.124002 0.0959785 0.0687766 0.0820023 0.061753 0.0591476 0.0492212 0.0479892 0.0443925 0.0268479 0.0217502 0.0140895 0.0121071 0.0120363 0.00920419 0.00665534 0.0049561 0.00860946 0.00930331 0.0156896 0.0114698 0.00855282 0.00243557 0.00046729 0 2.83206e-05
 0 0 0 0 0.000772559 0.00158375 0.000888443 0.00281984 0.00712685 0.0440552 0.0773331 0.111326 0.0921469 0.0852325 0.0710754 0.0886704 0.0786465 0.0553345 0.0373146 0.0185414 0.00753245 0.00457741 0.012979 0.0271748 0.0457355 0.0583668 0.034881 0.0177882 0.00938659 0.00492506 0.0015258 0.00185414 0.000309023 5.79419e-05 3.86279e-05 0
 0 0.00173294 0.00326652 0 0.00397197 0.00683976 0.00946217 0.0152591 0.00757587 0.0136028 0.0228656 0.0392903 0.0559909 0.0764795 0.0681675 0.0726916 0.0566044 0.0477403 0.0527397 0.0444891 0.0609904 0.0582453 0.0661739 0.0445044 0.0529084 0.0360697 0.0280645 0.0235558 0.0158879 0.00826598 0.00280645 0.00217768 0.000904811 0.00058276 9.20147e-05 0
 0 0 0 0 0 0 0 0 0 0 0 0 0 0 0 0 0 0 0 0 0 0 0 0 0 0 0 0 0 0 0 0 0 0 0 0
 0 0 0 0 0 0 0 0 0 0 0 0 0 0 0 0 0 0 0 0 0 0 0 0 0 0 0 0 0 0 0 0 0 0 0 0
 0 0 0 0 0 0 0 0 0 0 0 0 0 0 0 0 0 0 0 0 0 0 0 0 0 0 0 0 0 0 0 0 0 0 0 0
 0 0 0 0 0 0 0 0 0 0 0 0 0 0 0 0 0 0 0 0 0 0 0 0 0 0 0 0 0 0 0 0 0 0 0 0
ppred_pel_tallas
 1.02731e-16 2.01649e-05 0.000118311 0.000562314 0.0021648 0.0067506 0.0170518 0.0348924 0.0578466 0.0777121 0.0846339 0.0748144 0.0539065 0.0321711 0.0169436 0.00973514 0.00847735 0.0106782 0.0147706 0.0199579 0.0257118 0.0314861 0.0366702 0.0406726 0.0430417 0.043563 0.0422982 0.0395501 0.0357718 0.0314528 0.0270199 0.0227799 0.0189087 0.0154757 0.0124837 0.00990587
 1.04036e-16 2.06476e-05 0.00012115 0.000575817 0.0022168 0.00691278 0.0174614 0.0357302 0.059234 0.0795714 0.0866469 0.0765654 0.0551064 0.0327635 0.0170302 0.00943248 0.00783239 0.00966594 0.0133326 0.0180442 0.0233146 0.0286625 0.0335529 0.0374642 0.0399924 0.0409355 0.0403275 0.0384073 0.0355411 0.032125 0.0285019 0.0249159 0.0215067 0.0183337 0.0154119 0.0127426
 1.05436e-16 1.48609e-05 8.71683e-05 0.000414247 0.00159469 0.00497271 0.0125611 0.0257045 0.042619 0.0572693 0.0624078 0.0552562 0.0400084 0.0242667 0.0134948 0.00887851 0.00896872 0.0119877 0.0167993 0.0227734 0.0294045 0.0361064 0.042205 0.0470428 0.0501159 0.051181 0.0502978 0.0477867 0.0441272 0.0398307 0.0353335 0.0309372 0.0268034 0.0229868 0.0194843 0.0162778
 1.05884e-16 2.04848e-05 0.000120199 0.000571308 0.00219946 0.00685873 0.0173248 0.0354503 0.0587684 0.0789414 0.085949 0.0759204 0.0545806 0.0323278 0.0165797 0.00883085 0.00694335 0.00836686 0.0115258 0.0156766 0.020404 0.0253203 0.0299925 0.0339878 0.0369544 0.0386888 0.0391646 0.0385113 0.0369577 0.0347616 0.0321507 0.0292935 0.0262994 0.0232387 0.0201685 0.0171501
 1.04e-16 2.52217e-05 0.00014801 0.000703529 0.00270855 0.0084463 0.0213348 0.043655 0.0723674 0.0972006 0.105808 0.0934129 0.067048 0.0394933 0.0198477 0.00990671 0.00698698 0.00790061 0.0106749 0.014389 0.0185623 0.0227872 0.0266329 0.0296867 0.0316354 0.0323316 0.0318192 0.0303051 0.0280935 0.0255042 0.0228045 0.0201727 0.0176962 0.0153952 0.0132558 0.0112598
 1.03855e-16 1.7839e-05 0.000104652 0.000497366 0.00191471 0.00597071 0.0150819 0.0308623 0.0511682 0.068749 0.0748957 0.0662612 0.0478635 0.0288048 0.0156089 0.00965464 0.00915366 0.0119293 0.0165946 0.0224018 0.028793 0.0351536 0.0407922 0.0450468 0.0474255 0.0477169 0.0460308 0.0427521 0.0384293 0.0336379 0.0288618 0.0244275 0.0204947 0.0170909 0.0141665 0.0116457
 1.03156e-16 2.78076e-05 0.000163196 0.000775737 0.00298659 0.00931336 0.0235249 0.0481356 0.0797924 0.107166 0.116636 0.102925 0.0737716 0.0432455 0.0213483 0.0100232 0.00627584 0.00656689 0.00872138 0.0117598 0.0152295 0.018793 0.0221048 0.0248289 0.0266998 0.0275754 0.0274587 0.0264807 0.0248532 0.0228102 0.0205578 0.0182471 0.0159713 0.0137799 0.0116997 0.0097513
 1.02436e-16 2.40695e-05 0.000141238 0.000671317 0.0025845 0.00805943 0.0203577 0.0416564 0.0690569 0.092762 0.100997 0.0892155 0.0641436 0.038 0.0194985 0.0103889 0.00814472 0.00974341 0.0132931 0.0178638 0.0228996 0.0278743 0.0322221 0.0354089 0.0370448 0.0369732 0.0353032 0.0323696 0.0286408 0.0246031 0.0206631 0.017091 0.0140126 0.0114383 0.00930951 0.00754324
 1.01984e-16 2.85961e-05 0.000167822 0.000797722 0.00307123 0.00957729 0.0241916 0.0495 0.0820548 0.110206 0.11995 0.105862 0.0759037 0.0445491 0.0220903 0.0105328 0.00680206 0.00725725 0.00965015 0.0129485 0.0166479 0.0203529 0.0236583 0.0261801 0.0276295 0.0278761 0.0269721 0.025127 0.0226469 0.0198571 0.0170364 0.014379 0.0119884 0.00989486 0.00808483 0.00652723
 1.01976e-16 2.41675e-05 0.000141813 0.000674049 0.00259502 0.00809222 0.0204406 0.0418259 0.0693381 0.09314 0.10141 0.0895818 0.0644113 0.0381674 0.0196006 0.0104692 0.00823785 0.0098724 0.0134726 0.0181021 0.0231977 0.0282241 0.0326046 0.0357945 0.0373957 0.0372475 0.0354601 0.0323754 0.028473 0.0242538 0.0201396 0.0164148 0.0132166 0.0105634 0.00840003 0.00664226
 1.03692e-16 1.48464e-05 8.70784e-05 0.00041381 0.00159299 0.00496741 0.0125477 0.0256775 0.0425756 0.0572149 0.0623588 0.0552373 0.0400478 0.0243963 0.013756 0.00932892 0.00968345 0.0130516 0.018291 0.024743 0.0318493 0.0389499 0.0452881 0.0501313 0.0529263 0.0534212 0.0517122 0.0481965 0.043456 0.0381109 0.0326943 0.0275789 0.022966 0.0189184 0.0154147 0.0123999
 1.06672e-16 1.4752e-05 8.6536e-05 0.000411257 0.0015832 0.00493692 0.0124706 0.0255187 0.0423089 0.0568463 0.0619302 0.0547939 0.0395882 0.0238424 0.0129572 0.00808351 0.00776134 0.0102193 0.0143502 0.019586 0.0255216 0.0317014 0.0375899 0.0426439 0.0464163 0.0486407 0.0492691 0.0484485 0.0464532 0.0436006 0.0401795 0.0364138 0.0324604 0.028431 0.0244197 0.0205213
 1.05922e-16 2.30335e-05 0.000135166 0.00064247 0.00247347 0.00771321 0.0194831 0.0398661 0.0660865 0.0887648 0.0966265 0.0853095 0.0612379 0.0360841 0.0181607 0.00911307 0.00649962 0.00742201 0.0100961 0.0137021 0.0178247 0.0221138 0.0261918 0.0296855 0.0322952 0.0338522 0.0343424 0.0338851 0.0326813 0.03095 0.028877 0.0265902 0.0241632 0.0216363 0.019043 0.0164287
 1.03804e-16 2.32568e-05 0.000136469 0.00064865 0.00249723 0.00778729 0.0196703 0.0402498 0.0667248 0.0896288 0.0975846 0.0861972 0.0619658 0.0366948 0.018802 0.00997681 0.00777841 0.0092894 0.0126893 0.0170929 0.0219813 0.0268684 0.0312294 0.0345649 0.036504 0.0368868 0.0357943 0.0335122 0.0304467 0.0270204 0.0235845 0.0203704 0.0174847 0.0149386 0.0126904 0.0106852
 1.02454e-16 2.68628e-05 0.000157644 0.000749327 0.00288488 0.00899618 0.0227238 0.046497 0.0770781 0.103526 0.11269 0.0994797 0.0713829 0.0420068 0.0210363 0.0103749 0.00715476 0.00797037 0.0107122 0.0143943 0.0185052 0.0226166 0.0262801 0.0290703 0.0306688 0.0309344 0.0299295 0.0278914 0.0251632 0.0221071 0.0190308 0.0161449 0.0135572 0.0112937 0.00933206 0.00763252
 1.02165e-16 2.42263e-05 0.000142159 0.000675695 0.00260136 0.00811199 0.0204905 0.041928 0.069507 0.0933661 0.101654 0.0897919 0.0645509 0.038227 0.0195889 0.0103954 0.00810174 0.00966461 0.0131808 0.0177182 0.0227235 0.0276757 0.0320139 0.035207 0.0368647 0.0368257 0.0351908 0.032285 0.028567 0.0245171 0.0205407 0.0169121 0.0137658 0.0111231 0.00893636 0.00713096
 1.03031e-16 2.01215e-05 0.000118056 0.000561097 0.00216011 0.00673598 0.0170149 0.034817 0.0577218 0.0775452 0.0844545 0.0746611 0.0538077 0.0321351 0.0169662 0.00981191 0.00861096 0.0108769 0.0150424 0.0203039 0.0261206 0.0319305 0.0371081 0.0410514 0.0433079 0.0436734 0.0422311 0.0393117 0.0353973 0.0310003 0.0265597 0.022381 0.0186268 0.0153444 0.0125118 0.0100792
 1.03715e-16 2.23506e-05 0.00013115 0.000623365 0.00239988 0.00748371 0.0189035 0.0386807 0.0641236 0.0861349 0.0937811 0.0828387 0.0595542 0.0352728 0.018086 0.00962106 0.00753771 0.00904071 0.0123919 0.0167543 0.0216438 0.0266053 0.0311401 0.0347631 0.0370989 0.0379596 0.0373773 0.0355746 0.032893 0.0297021 0.0263224 0.0229823 0.019813 0.0168702 0.0141675 0.011705
 1.03569e-16 2.26219e-05 0.000132741 0.000630925 0.00242899 0.00757447 0.0191327 0.0391499 0.0649018 0.0871811 0.0949224 0.0838524 0.0602949 0.0357351 0.0183658 0.00983657 0.00778044 0.00936674 0.0128298 0.0173099 0.0222984 0.0273127 0.0318265 0.0353344 0.0374545 0.0380107 0.0370651 0.0348838 0.0318563 0.0283952 0.0248505 0.0214619 0.0183532 0.0155584 0.0130608 0.0108283
 1.02647e-16 2.73213e-05 0.000160337 0.000762137 0.00293421 0.00915001 0.0231123 0.0472918 0.078395 0.105293 0.114608 0.101159 0.0725596 0.0426418 0.0212481 0.0103048 0.00688565 0.00752121 0.0100675 0.013534 0.0174248 0.0213385 0.0248587 0.0275887 0.0292285 0.0296401 0.0288713 0.027131 0.0247252 0.0219789 0.0191692 0.016487 0.0140326 0.0118352 0.00988316 0.00815117
 1.02115e-16 2.57337e-05 0.000151011 0.000717788 0.00276344 0.00861744 0.0217672 0.04454 0.0738355 0.0991757 0.107967 0.0953391 0.0684749 0.0404227 0.020478 0.0104863 0.00772121 0.00893348 0.0120995 0.0162487 0.0208389 0.0253847 0.0293712 0.0323121 0.0338503 0.033838 0.0323675 0.0297354 0.0263607 0.0226814 0.0190665 0.0157649 0.0128976 0.0104826 0.00847544 0.00680821
 1.02828e-16 2.02383e-05 0.000118741 0.000564353 0.00217265 0.00677506 0.0171136 0.0350191 0.058057 0.0779961 0.0849468 0.0750996 0.0541305 0.0323415 0.0170997 0.00992652 0.00875006 0.0110691 0.0153044 0.0206414 0.0265266 0.0323826 0.037568 0.0414683 0.0436247 0.0438368 0.0422008 0.0390686 0.034947 0.0303721 0.0258006 0.0215478 0.017777 0.0145289 0.0117693 0.0094346
 1.03395e-16 2.39175e-05 0.000140351 0.000667112 0.00256833 0.00800901 0.0202303 0.0413953 0.0686224 0.0921736 0.100344 0.0886087 0.0636427 0.0375742 0.0190447 0.00977327 0.00723334 0.00841663 0.011459 0.0154803 0.0200012 0.0245944 0.0287986 0.0321652 0.0343463 0.0351663 0.0346513 0.0330038 0.030536 0.0275872 0.0244531 0.0213457 0.018389 0.0156382 0.0131097 0.0108069
 1.03107e-16 2.36469e-05 0.000138759 0.000659538 0.00253916 0.00791803 0.0200005 0.0409254 0.0678446 0.0911322 0.0992195 0.0876365 0.0629901 0.0372803 0.0190635 0.0100538 0.00776578 0.00923092 0.0125983 0.0169714 0.0218299 0.0266897 0.0310277 0.0343446 0.0362668 0.0366285 0.0355028 0.0331672 0.0300223 0.0264898 0.0229262 0.0195734 0.0165533 0.0138933 0.011566 0.00952643
 1.04906e-16 1.0722e-05 6.28592e-05 0.000298657 0.0011496 0.0035847 0.0090552 0.018532 0.0307336 0.041319 0.045081 0.0400446 0.0292761 0.0183194 0.0111989 0.00887177 0.0103952 0.0145605 0.0205575 0.0278442 0.0358557 0.0438674 0.051035 0.0565392 0.0597624 0.0604243 0.0586341 0.0548361 0.0496787 0.0438492 0.0379334 0.0323356 0.0272673 0.0227872 0.018864 0.0154346
 1.08721e-16 1.41331e-05 8.29088e-05 0.000394028 0.00151689 0.00473015 0.0119482 0.0244493 0.0405344 0.0544576 0.059316 0.0524528 0.0378359 0.0226663 0.0121021 0.00722881 0.00663467 0.00862216 0.0121518 0.0167295 0.0220473 0.0277707 0.033493 0.0387791 0.0432392 0.0465922 0.0486982 0.0495495 0.0492335 0.0478843 0.0456445 0.0426501 0.0390347 0.0349435 0.0305446 0.0260279
pSPR Fmed_Fpbrs
0.370712   0.255738 0.255738
Fs Fmed_Fpbrs
0.64   1.005 1.005
SSBpbr Bo_Bmed_Bpbrs
1.5114e+06  484723  310951 310951
Ro
38156.4
SPR SPRFo_SPRFmed_SPRFpbrs
788096 292157 201546
log_Ro
10.3694
likeval ReclasPelacesDesembMPH_pf_preclas_ppelaces_ptallas_desvR_qrecl_qpela
 96.7905 106.902 0.00505897 65.9994 369.613 210.492 58.2699 0 15.8417 0 0 0 0 0 0
q_reclas_q_pelaces
1 1
M
0.7
N
 41585.3 19312 7269.48 866.259 0.250667
 43735.8 17772.2 7102.97 2673.72 318.702
 21923.1 18481 6390.37 2554.02 1075.99
 24012.8 7650.62 4532.31 1567.18 890.227
 45697.4 10892.8 3170.26 1878.1 1018.3
 34075.5 22259.7 5204.79 1514.81 1383.96
 69482.2 13182.1 6708.27 1568.53 873.584
 75979.8 29806.4 4884.99 2485.93 904.992
 128989 29343.5 8952.49 1467.23 1018.48
 141790 51319.6 9353.56 2853.7 792.346
 69326.1 61083.1 19179.6 3495.69 1362.63
 40822.8 25970.5 17262.1 5420.16 1372.96
 48220.6 15498.5 7538.06 5010.41 1971.74
 29350.7 16086.9 3473.57 1689.45 1564.86
 20219.6 7312.59 2010.88 434.199 406.792
 14648.5 5659.19 1153.57 317.218 132.667
 11076.4 5632.24 1684.76 343.42 133.932
 12545.6 4403.57 1792.68 536.24 151.936
 14553.3 5256.61 1556.82 633.78 243.296
 26772.1 6193.17 1916.97 567.74 319.85
 40746 11532.7 2314.28 716.338 331.677
 41586 19073.7 5089.06 1021.23 462.46
 67320.3 19132.4 8129.93 2169.14 632.402
 93775.4 30381.4 7846.9 3334.38 1149.02
 36415 42598.9 12625 3260.79 1863.08
 36664.3 16553.3 17726.2 5253.51 2132.14
pred_Ctot
 4204.78 3664.56 1379.42 164.377 0.0475654
 4732.51 3592.51 1435.81 540.469 64.423
 4782.42 7001.72 2421.05 967.614 407.647
 1501.83 920.367 545.236 188.532 107.094
 627.634 296.692 86.3499 51.1547 27.736
 5493.72 6475.53 1514.11 440.671 402.604
 6860.58 2446.39 1244.95 291.095 162.124
 12323.1 8717.35 1428.69 727.049 264.679
 18679.5 7751.02 2364.78 387.565 269.029
 13619.9 9281.43 1691.64 516.108 143.3
 12446 19547.7 6137.8 1118.68 436.066
 7020.69 8001.77 5318.63 1670 423.024
 11643.6 6396.62 3111.15 2067.93 813.787
 10937.5 9337.61 2016.22 980.639 908.32
 6556.2 3824.47 1051.68 227.085 212.751
 2413.22 1678.33 342.11 94.0762 39.3446
 1608.86 1491.81 446.241 90.9616 35.4745
 1423.5 930.237 378.697 113.279 32.0959
 1510.53 1022.15 302.725 123.238 47.3088
 2572.69 1120.49 346.826 102.718 57.8686
 1685.9 930.15 186.654 57.775 26.7508
 2208.98 1960.43 523.063 104.964 47.5324
 4439.94 2421.86 1029.12 274.58 80.0522
 5777.02 3602.19 930.373 395.344 136.234
 2226.84 5015.06 1486.31 383.884 219.336
 2540.53 2196.82 2352.48 697.203 282.96
F
 0.150108 0.300216 0.300216 0.300216 0.300216
 0.161423 0.322845 0.322845 0.322845 0.322845
 0.352756 0.705513 0.705513 0.705513 0.705513
 0.0904858 0.180972 0.180972 0.180972 0.180972
 0.019261 0.038522 0.038522 0.038522 0.038522
 0.249719 0.499439 0.499439 0.499439 0.499439
 0.146347 0.292694 0.292694 0.292694 0.292694
 0.251395 0.502791 0.502791 0.502791 0.502791
 0.221658 0.443315 0.443315 0.443315 0.443315
 0.142113 0.284226 0.284226 0.284226 0.284226
 0.28186 0.563721 0.563721 0.563721 0.563721
 0.268498 0.536997 0.536997 0.536997 0.536997
 0.39778 0.79556 0.79556 0.79556 0.79556
 0.689717 1.37943 1.37943 1.37943 1.37943
 0.573369 1.14674 1.14674 1.14674 1.14674
 0.25583 0.51166 0.51166 0.51166 0.51166
 0.222397 0.444795 0.444795 0.444795 0.444795
 0.169884 0.339767 0.339767 0.339767 0.339767
 0.15437 0.30874 0.30874 0.30874 0.30874
 0.142174 0.284349 0.284349 0.284349 0.284349
 0.0590466 0.118093 0.118093 0.118093 0.118093
 0.0763801 0.15276 0.15276 0.15276 0.15276
 0.0956325 0.191265 0.191265 0.191265 0.191265
 0.089074 0.178148 0.178148 0.178148 0.178148
 0.0883926 0.176785 0.176785 0.176785 0.176785
 0.100695 0.201391 0.201391 0.201391 0.201391
Np
 28071.8 8433.94 2992.49 1221.64 1545.99
YTP_r0W_actual
 96462.8 202785 301791 104898 46274.7
YTP_p0W_proyectada
 67291.2 171504 101780 139190 64364
 67291.2 87861.8 45318.8 23626.8 33180.6
CTP_r0_actual
 10718.1 7983.65 8549.31 2533.76 1028.33
CTP_p0_proyectada
 8206.24 7940.01 3241.4 3471.06 1446.38
 8206.24 4067.68 1443.27 589.197 745.631
Wmedp
 8.2 21.6 31.4 40.1 44.5
nmprior
 10.8 10.6 4.6 0
nm_flota  nm_reclas  nm_pelaces    nm_pelaL
inf 17.2686 11.7134 31.3442
cv_recla  cv_pelaces  cv_mph
0.87034 1.13262 1.10554
 ------------------------------------------------
Talla a la edad & desviaci?n 
 7.2 14.2025 17.0495 18.207 18.6776
 1.08 2.13037 2.55742 2.73105 2.80164
