years
 1997 1998 1999 2000 2001 2002 2003 2004 2005 2006 2007 2008 2009 2010 2011 2012 2013 2014 2015 2016 2017 2018 2019 2020
reclasobs
 0 0 0 370054 412103 1.49427e+06 250295 1.28982e+06 931140 785840 897777 1.04006e+06 184774 17550 25797 100020 73551 82996 120727 218422 84188 347160 605670 569463
reclaspred
 1.12516e+06 231243 580829 301863 368691 445073 887769 678293 930053 1.11518e+06 1.06704e+06 722740 420851 194638 130990 123406 128957 165924 177614 248392 424610 440133 712203 772521
pelacesobs
 0 0 0 0 0 0 0 0 0 2.06254e+06 1.5e+06 0 1.87456e+06 323000 250000 174000 83755 137374 0 501740 490994 745055 786931 1.00524e+06
pelacespred
 653218 229949 197863 210810 220949 201153 453716 421435 526589 654796 544932 382985 220348 81230.7 54801.7 58958.1 64284.3 83022 92714.8 124954 240138 257921 324851 411247
mphobs
 0 0 0 0 0 0 112323 0 153150 637223 0 255016 313432 73983 77613 109348 50772 17779 17303 59886 28197 0 207744 136588
mphpred
 795273 427051 369888 330469 281193 409097 550694 714323 717860 956542 1.07698e+06 762622 451407 240754 111889 97497.6 94958.2 119388 149217 165106 290096 410116 489116 653413
desembarqueobs
 350755 77701 442110 56441 14545 235359 269955 359681 431902 328805 639364 411747 362871 311530 167758 66681 60226 58785 57116 73181 50977 67692 138656 160484
desembarquepred
 350759 77700.6 442120 56443.4 14545.2 235451 269972 359598 431790 328718 639320 411824 362884 311613 167685 66690.3 60251.2 58786.1 57105.7 73164.9 50972.5 67679.3 138641 160467
Reclutas
 41522.8 43694.1 21878.7 23970.2 45666.4 34026.5 69423.5 75938.2 129002 141870 69315.7 40801.9 48227.7 29349.2 20218.3 14642 11068.1 12532.3 14540.1 26904.5 41622.5 43432.4 62876.2 64554.7
log_desv_Rt
 0.096979 0.147949 -0.543751 -0.452454 0.192098 -0.102126 0.61096 0.700655 1.23056 1.32565 0.609406 0.0794627 0.246668 -0.249999 -0.622677 -0.945372 -1.2252 -1.10096 -0.952352 -0.33697 0.0993768 0.14194 0.511902 0.538249
SSB
 795273 427051 369888 330469 281193 409097 534998 705946 702178 938185 1.07698e+06 762622 464844 250770 120124 105993 107483 129594 153762 178406 297225 410116 502251 641813
BT
 2.06346e+06 571144 742482 503284 526936 583976 1.44565e+06 1.37457e+06 1.80316e+06 1.87312e+06 1.73155e+06 1.17638e+06 856410 472696 281050 186902 198050 238838 247499 358118 635246 582972 791843 1.01029e+06
Ftot
 0.29994 0.322883 0.706238 0.181308 0.0385839 0.500228 0.293186 0.503491 0.443681 0.284279 0.563671 0.53698 0.795584 1.37948 1.14684 0.51179 0.445064 0.340102 0.309132 0.284066 0.116927 0.149393 0.188645 0.20117
BD_Bspro_t
 0.957366 0.754664 0.633734 0.42433 0.514548 0.666563 0.584431 0.617635 0.580556 0.595398 0.596761 0.437895 0.328853 0.236318 0.142648 0.149745 0.200639 0.299312 0.393518 0.491268 0.637281 0.757594 0.765212 0.753004
BD_Bspro
 1.02562 0.550743 0.477024 0.426187 0.362638 0.527589 0.689956 0.910418 0.905559 1.20992 1.38893 0.983511 0.599483 0.323404 0.154917 0.136693 0.138615 0.16713 0.198299 0.23008 0.383314 0.528904 0.647725 0.82771
BD_Bo
 0.571388 0.306827 0.265757 0.237435 0.202031 0.293928 0.384385 0.507208 0.504501 0.674067 0.773792 0.547929 0.333981 0.180173 0.0863069 0.0761539 0.0772246 0.0931108 0.110475 0.128181 0.21355 0.29466 0.360857 0.46113
BD_Brms
 2.78119 1.49346 1.29356 1.1557 0.983375 1.43068 1.87097 2.4688 2.45563 3.28098 3.76639 2.66701 1.62563 0.876982 0.420094 0.370674 0.375886 0.453211 0.537732 0.623913 1.03944 1.43424 1.75645 2.24452
S_f
 0.5 1 1 1 1
 0.5 1 1 1 1
 0.5 1 1 1 1
 0.5 1 1 1 1
 0.5 1 1 1 1
 0.5 1 1 1 1
 0.5 1 1 1 1
 0.5 1 1 1 1
 0.5 1 1 1 1
 0.5 1 1 1 1
 0.5 1 1 1 1
 0.5 1 1 1 1
 0.5 1 1 1 1
 0.5 1 1 1 1
 0.5 1 1 1 1
 0.5 1 1 1 1
 0.5 1 1 1 1
 0.5 1 1 1 1
 0.5 1 1 1 1
 0.5 1 1 1 1
 0.5 1 1 1 1
 0.5 1 1 1 1
 0.5 1 1 1 1
 0.5 1 1 1 1
Scru_reclas
 0.5 1 1 1 1
 0.5 1 1 1 1
 0.5 1 1 1 1
 0.5 1 1 1 1
 0.5 1 1 1 1
 0.5 1 1 1 1
 0.5 1 1 1 1
 0.5 1 1 1 1
 0.5 1 1 1 1
 0.5 1 1 1 1
 0.5 1 1 1 1
 0.5 1 1 1 1
 0.5 1 1 1 1
 0.5 1 1 1 1
 0.5 1 1 1 1
 0.5 1 1 1 1
 0.5 1 1 1 1
 0.5 1 1 1 1
 0.5 1 1 1 1
 0.5 1 1 1 1
 0.5 1 1 1 1
 0.5 1 1 1 1
 0.5 1 1 1 1
 0.5 1 1 1 1
Scru_pelaces
 0.5 1 1 1 1
 0.5 1 1 1 1
 0.5 1 1 1 1
 0.5 1 1 1 1
 0.5 1 1 1 1
 0.5 1 1 1 1
 0.5 1 1 1 1
 0.5 1 1 1 1
 0.5 1 1 1 1
 0.5 1 1 1 1
 0.5 1 1 1 1
 0.5 1 1 1 1
 0.5 1 1 1 1
 0.5 1 1 1 1
 0.5 1 1 1 1
 0.5 1 1 1 1
 0.5 1 1 1 1
 0.5 1 1 1 1
 0.5 1 1 1 1
 0.5 1 1 1 1
 0.5 1 1 1 1
 0.5 1 1 1 1
 0.5 1 1 1 1
 0.5 1 1 1 1
pf_obs 
 0.256992 0.487395 0.22802 0.0275931 0
 0.321318 0.546541 0.124235 0.00734118 0.000564706
 0.182869 0.594174 0.210203 0.0122559 0.00049798
 0.330522 0.361315 0.267642 0.0388342 0.00168674
 0.649043 0.306663 0.0425973 0.00169635 0
 0.582887 0.30429 0.105238 0.00758474 0
 0.465427 0.430635 0.0974691 0.00646863 0
 0.296916 0.608066 0.0921331 0.00288517 0
 0.311714 0.524322 0.152257 0.0117073 0
 0.15457 0.633149 0.183074 0.0267441 0.00246327
 0.131901 0.49318 0.331252 0.0422183 0.00144891
 0.196976 0.569456 0.194076 0.0375587 0.00193317
 0.518974 0.381816 0.0799577 0.0180837 0.00116848
 0.0928022 0.601141 0.25162 0.0475244 0.00691264
 0.122501 0.610282 0.24278 0.0234846 0.000952079
 0.383417 0.481906 0.127806 0.00687128 0
 0.0376549 0.599619 0.316969 0.0457579 0
 0.0361596 0.667082 0.258105 0.0386534 0
 0.158088 0.579412 0.248529 0.0139706 0
 0.0477256 0.309471 0.559284 0.082774 0.000745712
 0.0406174 0.521527 0.379366 0.0568643 0.0016247
 0.151134 0.462217 0.34131 0.0453401 0
 0.294876 0.26143 0.354403 0.0886775 0.000613685
 0.281977 0.475581 0.204845 0.0348837 0.00271318
pf_pred 
 0.445934 0.389788 0.146778 0.0174953 4.98999e-06
 0.456375 0.346295 0.138822 0.0522747 0.00623271
 0.3067 0.449441 0.155341 0.062273 0.0262453
 0.46031 0.281899 0.167116 0.0577606 0.0329138
 0.576382 0.272116 0.0791352 0.0469131 0.0254543
 0.383414 0.452198 0.105596 0.0307089 0.0280827
 0.623658 0.222146 0.113086 0.0264076 0.0147027
 0.525498 0.371486 0.0608078 0.030955 0.0112531
 0.634561 0.263029 0.0801766 0.013124 0.00910964
 0.539591 0.367467 0.066896 0.0203913 0.00565466
 0.31352 0.492757 0.154617 0.0281475 0.0109592
 0.312818 0.356671 0.237241 0.0744415 0.0188282
 0.484573 0.266034 0.129443 0.0860999 0.0338496
 0.452314 0.38622 0.0833394 0.0405501 0.037576
 0.552234 0.32213 0.0885966 0.0191175 0.0179217
 0.52832 0.367545 0.074916 0.0206044 0.008614
 0.43792 0.406133 0.121518 0.0247688 0.00966021
 0.494602 0.323254 0.131609 0.0393783 0.0111568
 0.502609 0.339968 0.100688 0.040994 0.0157409
 0.613912 0.265787 0.0822259 0.0243529 0.0137221
 0.588118 0.319341 0.0637061 0.0197086 0.00912614
 0.462187 0.401715 0.10552 0.0210504 0.00952785
 0.512231 0.313137 0.13044 0.0342632 0.00992902
 0.449759 0.379155 0.109833 0.0457522 0.0155005
pobs_RECLAS
 0 0 0 0 0
 0 0 0 0 0
 0 0 0 0 0
 0 0 0 0 0
 0.835266 0.146461 0.0176864 0.000547809 3.91292e-05
 0.385257 0.428462 0.181853 0.0044286 0
 0.867414 0.0963971 0.0333333 0.00285562 0
 0.441836 0.489002 0.0689373 0.000224442 0
 0.779404 0.147425 0.0564933 0.0165055 0.000172143
 0.814271 0.122319 0.05973 0.00367925 0
 0.40263 0.566651 0.0304383 0.000280538 0
 0.475488 0.404961 0.113038 0.00651328 0
 0.955842 0.0263864 0.0167828 0.000988607 0
 0.975058 0.0227948 0.00214734 0 0
 0.738997 0.206755 0.0527124 0.00153531 0
 0.850938 0.134255 0.0134407 0.00136685 0
 0.542534 0.407297 0.0501686 0 0
 0.764087 0.199537 0.0359546 0.000420521 0
 0.470689 0.182191 0.310203 0.0369168 0
 0.84361 0.089868 0.0606195 0.00523954 0.000663233
 0.607945 0.314616 0.071237 0.00620181 0
 0.523733 0.453247 0.0230204 0 0
 0.530135 0.295979 0.169645 0.0042399 0
 0.562478 0.366248 0.0663022 0.0049721 0
ppred_RECLAS
 0.448751 0.387806 0.146031 0.0174064 4.96462e-06
 0.459475 0.34432 0.138031 0.0519766 0.00619716
 0.314254 0.444544 0.153648 0.0615944 0.0259593
 0.461862 0.281089 0.166636 0.0575946 0.0328192
 0.576665 0.271933 0.0790822 0.0468817 0.0254373
 0.388624 0.448377 0.104704 0.0304494 0.0278454
 0.626255 0.220613 0.112306 0.0262254 0.0146012
 0.531025 0.367159 0.0600996 0.0305945 0.011122
 0.638899 0.259906 0.0792247 0.0129681 0.00900149
 0.542241 0.365352 0.0665111 0.0202739 0.00562212
 0.319104 0.488748 0.153359 0.0279185 0.01087
 0.31804 0.353961 0.235439 0.0738759 0.0186851
 0.495019 0.260643 0.12682 0.084355 0.0331636
 0.475907 0.369583 0.0797493 0.0388033 0.0359574
 0.569867 0.309445 0.0851077 0.0183647 0.0172159
 0.533965 0.363147 0.0740195 0.0203578 0.00851091
 0.442561 0.402779 0.120515 0.0245643 0.00958044
 0.497935 0.321122 0.130741 0.0391187 0.0110833
 0.505567 0.337946 0.10009 0.0407503 0.0156473
 0.616436 0.26405 0.0816885 0.0241937 0.0136324
 0.589038 0.318628 0.0635638 0.0196646 0.00910576
 0.46343 0.400786 0.105276 0.0210017 0.00950583
 0.513864 0.312088 0.130004 0.0341485 0.00989578
 0.451504 0.377953 0.109485 0.0456072 0.0154514
pobs_PELACES
 0 0 0 0 0
 0 0 0 0 0
 0 0 0 0 0
 0 0 0 0 0
 0 0 0 0 0
 0 0 0 0 0
 0 0 0 0 0
 0 0 0 0 0
 0 0 0 0 0
 0 0 0 0 0
 0.450072 0.473896 0.0757376 0.000293798 0
 0 0 0 0 0
 0.463077 0.371075 0.160297 0.00555027 0
 0.529543 0.364841 0.0842815 0.0213345 0
 0.631943 0.363953 0.00410389 0 0
 0.735681 0.248677 0.0153453 0.000297389 0
 0.695825 0.281241 0.0229344 0 0
 0.275771 0.60734 0.115278 0.00161068 0
 0 0 0 0 0
 0.896147 0.0623911 0.0374545 0.00400742 0
 0.803859 0.145111 0.0509908 3.86294e-05 0
 0.739449 0.233085 0.0266225 0.000797448 4.60066e-05
 0.878498 0.100942 0.0204185 0.000141795 0
 0.694673 0.275183 0.0284847 0.00165964 0
ppred_PELACES
 0.461022 0.379173 0.142781 0.0170189 4.8541e-06
 0.472732 0.335875 0.134645 0.0507018 0.00604517
 0.339892 0.427924 0.147904 0.0592916 0.0249888
 0.469305 0.277201 0.164331 0.056798 0.0323653
 0.578219 0.270936 0.078792 0.0467097 0.0253439
 0.408405 0.43387 0.101316 0.0294642 0.0269444
 0.637507 0.213971 0.108925 0.0254359 0.0141616
 0.551649 0.351013 0.0574566 0.029249 0.0106329
 0.655612 0.247878 0.0755581 0.012368 0.00858489
 0.553858 0.35608 0.0648231 0.0197594 0.00547943
 0.339643 0.474005 0.148733 0.0270764 0.0105422
 0.337558 0.34383 0.2287 0.0717615 0.0181503
 0.527807 0.243719 0.118585 0.0788778 0.0310102
 0.532745 0.329502 0.0711005 0.0345951 0.0320578
 0.61551 0.276608 0.0760765 0.0164159 0.015389
 0.554906 0.346829 0.0706934 0.019443 0.00812847
 0.460747 0.38964 0.116583 0.0237629 0.0092679
 0.511962 0.31215 0.127088 0.0380258 0.0107736
 0.51831 0.329236 0.0975098 0.0396999 0.015244
 0.627456 0.256463 0.0793415 0.0234986 0.0132408
 0.5937 0.315014 0.0628427 0.0194415 0.00900246
 0.469565 0.396204 0.104072 0.0207616 0.00939715
 0.521636 0.307099 0.127925 0.0336026 0.00973758
 0.459736 0.37228 0.107842 0.0449226 0.0152195
pobs_pel_tallas
 0 0 0 0 0 0 0 0 0 0 0 0 0 0 0 0 0 0 0 0 0 0 0 0 0 0 0 0 0 0 0 0 0 0 0 0
 0 0 0 0 0 0 0 0 0 0 0 0 0 0 0 0 0 0 0 0 0 0 0 0 0 0 0 0 0 0 0 0 0 0 0 0
 0 0 0 0 0 0 0 0 0 0 0 0 0 0 0 0 0 0 0 0 0 0 0 0 0 0 0 0 0 0 0 0 0 0 0 0
 0 0 0 0 0 0 0 0 0 0 0 0 0 0 0 0 0 0 0 0 0 0 0 0 0 0 0 0 0 0 0 0 0 0 0 0
 0 0 0 0 0 0 0 0 0 0 0 0 0 0 0 0 0 0 0 0 0 0 0 0 0 0 0 0 0 0 0 0 0 0 0 0
 0 0 0 0 0 0 0 0 0 0 0 0 0 0 0 0 0 0 0 0 0 0 0 0 0 0 0 0 0 0 0 0 0 0 0 0
 0 0 0 0 0 0 0 0 0 0 0 0 0 0 0 0 0 0 0 0 0 0 0 0 0 0 0 0 0 0 0 0 0 0 0 0
 0 0 0 0 0 0 0 0 0 0 0 0 0 0 0 0 0 0 0 0 0 0 0 0 0 0 0 0 0 0 0 0 0 0 0 0
 0 0 0 0 0 0 0 0 0 0 0 0 0 0 0 0 0 0 0 0 0 0 0 0 0 0 0 0 0 0 0 0 0 0 0 0
 0 0 0 0 0 0 0 0 0 0 0 0 0 0 0 0 0 0 0 0 0 0 0 0 0 0 0 0 0 0 0 0 0 0 0 0
 0 0 0 0 0 0 0 0 1.78061e-05 0.00172719 0.00360574 0.0105946 0.0120993 0.0124554 0.0147524 0.0171206 0.0266825 0.0428682 0.0675386 0.121331 0.153587 0.119568 0.100827 0.0573624 0.0630603 0.0341343 0.0324427 0.0444173 0.0211091 0.0280891 0.0125444 0.00206551 0 0 0 0
 0 0 0 0 0 0 0 0 0 0 0 0 0 0 0 0 0 0 0 0 0 0 0 0 0 0 0 0 0 0 0 0 0 0 0 0
 0 0 0 0 0 0 0.0133647 0.0140871 0.0187388 0.0205184 0.03894 0.0496705 0.03968 0.0493445 0.0407372 0.0367815 0.0215668 0.0243155 0.0234873 0.0199281 0.019796 0.0243948 0.0301388 0.0376714 0.0412746 0.0863199 0.0771752 0.113111 0.0741005 0.0525337 0.0229764 0.00759418 0.00175318 0 0 0
 0 0 0 0 0 0 0 0 0 0 0.00219441 0.00772107 0.0458388 0.0604681 0.0671733 0.0775358 0.0609151 0.0617685 0.073594 0.0568108 0.0755445 0.0548602 0.0670107 0.0636378 0.0643287 0.046367 0.0373049 0.0286899 0.0247887 0.0153202 0.00654259 0.00121912 0.000365735 0 0 0
 0 0 0 0 0 0 0 0 0 0 0 0 0.000112435 0.00938835 0.0111873 0.0202946 0.0414886 0.0713402 0.111592 0.104902 0.108894 0.110636 0.117776 0.105296 0.107544 0.0401394 0.0192827 0.0124803 0.00416011 0.0028671 0.000618394 0 0 0 0 0
 0 0 0 0 0 0 0 0 0 0 0.00291406 0.0102884 0.027416 0.0768956 0.0749926 0.110853 0.0956884 0.0897413 0.0766577 0.0534642 0.0500743 0.0551293 0.0594112 0.0620874 0.0668451 0.0424026 0.0208742 0.0120726 0.0048766 0.00582813 0.00118941 0.000297354 0 0 0 0
 0 0.00264628 0.0354308 0.0461629 0.0458689 0.0383711 0.0214643 0.0164657 0.0346957 0.0420465 0.0363128 0.0245516 0.0311673 0.0291091 0.0169068 0.0133784 0.00837989 0.0085269 0.0148486 0.0160247 0.0276389 0.0546898 0.0760071 0.122758 0.109233 0.0665981 0.0333725 0.0166128 0.00676272 0.00308733 0.000882094 0 0 0 0 0
 0 0 0 0 0 0 0 0.000805153 0.000690131 0.00759144 0.0133425 0.0154129 0.00931677 0.000345066 0.00356568 0.00563607 0.00851162 0.0253048 0.0502646 0.0516448 0.0657925 0.0565908 0.0611916 0.0827007 0.0866115 0.110766 0.145733 0.0935128 0.0569358 0.0249597 0.0138026 0.00621118 0.00161031 0.00115022 0 0
 0 0 0 0 0 0 0 0 0 0 0 0 0 0 0 0 0 0 0 0 0 0 0 0 0 0 0 0 0 0 0 0 0 0 0 0
 0.00147267 0.00158595 0.00478618 0.00569244 0.00954404 0.0108468 0.00647125 0.017049 0.0510054 0.094081 0.124002 0.0959785 0.0687766 0.0820023 0.061753 0.0591476 0.0492212 0.0479892 0.0443925 0.0268479 0.0217502 0.0140895 0.0121071 0.0120363 0.00920419 0.00665534 0.0049561 0.00860946 0.00930331 0.0156896 0.0114698 0.00855282 0.00243557 0.00046729 0 2.83206e-05
 0 0 0 0 0.000772559 0.00158375 0.000888443 0.00281984 0.00712685 0.0440552 0.0773331 0.111326 0.0921469 0.0852325 0.0710754 0.0886704 0.0786465 0.0553345 0.0373146 0.0185414 0.00753245 0.00457741 0.012979 0.0271748 0.0457355 0.0583668 0.034881 0.0177882 0.00938659 0.00492506 0.0015258 0.00185414 0.000309023 5.79419e-05 3.86279e-05 0
 0 0.00173294 0.00326652 0 0.00397197 0.00683976 0.00946217 0.0152591 0.00757587 0.0136028 0.0228656 0.0392903 0.0559909 0.0764795 0.0681675 0.0726916 0.0566044 0.0477403 0.0527397 0.0444891 0.0609904 0.0582453 0.0661739 0.0445044 0.0529084 0.0360697 0.0280645 0.0235558 0.0158879 0.00826598 0.00280645 0.00217768 0.000904811 0.00058276 9.20147e-05 0
 0 0 0 0 0 0 0 0 0 0 0 0 0 0 0 0 0 0 0 0 0 0 0 0 0 0 0 0 0 0 0 0 0 0 0 0
 0 0 0 0 0 0 0 0 0 0 0 0 0 0 0 0 0 0 0 0 0 0 0 0 0 0 0 0 0 0 0 0 0 0 0 0
ppred_pel_tallas
 1.02736e-16 2.01311e-05 0.000118113 0.00056137 0.00216117 0.00673927 0.0170232 0.0348339 0.0577495 0.0775818 0.0844923 0.0746899 0.0538183 0.0321214 0.0169229 0.0097317 0.00848369 0.0106913 0.0147904 0.0199849 0.0257468 0.0315291 0.0367206 0.0407288 0.0431016 0.0436242 0.0423584 0.0396073 0.0358244 0.0314999 0.0270612 0.0228155 0.0189389 0.0155009 0.0125044 0.00992252
 1.04046e-16 2.06399e-05 0.000121104 0.0005756 0.00221597 0.00691018 0.0174548 0.0357168 0.0592117 0.0795414 0.0866142 0.0765365 0.0550855 0.0327508 0.0170232 0.00942807 0.00782818 0.00966058 0.0133255 0.0180351 0.0233039 0.0286509 0.0335417 0.0374549 0.0399868 0.0409353 0.0403339 0.0384209 0.0355617 0.0321516 0.028533 0.0249496 0.021541 0.0183668 0.0154424 0.0127696
 1.05444e-16 1.48511e-05 8.71105e-05 0.000413972 0.00159363 0.00496942 0.0125527 0.0256875 0.0425908 0.0572314 0.0623666 0.0552199 0.0399825 0.0242518 0.0134881 0.00887636 0.00896875 0.0119888 0.0168012 0.0227761 0.0294082 0.0361113 0.0422111 0.0470503 0.0501249 0.0511917 0.0503101 0.0478007 0.0441429 0.039848 0.0353521 0.0309568 0.0268236 0.0230069 0.0195038 0.0162962
 1.05887e-16 2.04881e-05 0.000120218 0.0005714 0.00219982 0.00685983 0.0173276 0.035456 0.0587778 0.0789541 0.0859627 0.0759324 0.054589 0.0323323 0.0165811 0.00883006 0.00694097 0.00836296 0.0115202 0.0156692 0.0203947 0.0253092 0.0299801 0.0339749 0.0369419 0.0386776 0.0391556 0.038505 0.0369545 0.0347614 0.0321532 0.0292982 0.0263057 0.023246 0.0201761 0.0171577
 1.03996e-16 2.52367e-05 0.000148098 0.000703948 0.00271016 0.00845132 0.0213475 0.043681 0.0724105 0.0972584 0.105871 0.0934681 0.0670872 0.0395154 0.0198572 0.00990857 0.00698468 0.00789554 0.0106672 0.0143784 0.0185485 0.0227701 0.0266127 0.0296639 0.0316107 0.0323058 0.0317933 0.0302798 0.0280695 0.0254819 0.0227842 0.0201545 0.0176802 0.0153813 0.013244 0.01125
 1.03851e-16 1.78388e-05 0.00010465 0.000497358 0.00191469 0.00597062 0.0150817 0.0308619 0.0511674 0.068748 0.0748946 0.0662603 0.0478631 0.0288049 0.0156097 0.00965616 0.00915615 0.011933 0.0165998 0.0224086 0.0288014 0.0351633 0.0408025 0.045057 0.0474345 0.0477237 0.0460347 0.0427525 0.0384263 0.0336316 0.0288529 0.0244168 0.020483 0.017079 0.0141552 0.0116354
 1.03152e-16 2.78198e-05 0.000163268 0.000776077 0.0029879 0.00931745 0.0235352 0.0481567 0.0798274 0.107213 0.116687 0.10297 0.0738035 0.0432635 0.0213559 0.0100247 0.00627392 0.00656269 0.00871504 0.0117511 0.0152182 0.0187791 0.0220884 0.0248105 0.0266801 0.027555 0.0274383 0.0264609 0.0248344 0.0227926 0.0205416 0.0182323 0.0159579 0.0137679 0.011689 0.00974199
 1.02432e-16 2.40814e-05 0.000141308 0.00067165 0.00258578 0.00806343 0.0203678 0.0416771 0.0690911 0.092808 0.101047 0.0892594 0.0641748 0.0380177 0.0195062 0.0103907 0.00814339 0.00974011 0.013288 0.0178568 0.0228903 0.0278628 0.0322083 0.035393 0.0370272 0.0369544 0.0352836 0.0323499 0.0286213 0.0245842 0.0206452 0.0170742 0.0139971 0.0114243 0.00929708 0.00753248
 1.0198e-16 2.86106e-05 0.000167907 0.000798127 0.00307279 0.00958216 0.0242039 0.0495251 0.0820964 0.110262 0.120011 0.105915 0.0759417 0.0445706 0.0220995 0.0105348 0.00680021 0.00725291 0.00964349 0.0129393 0.0166358 0.0203378 0.0236404 0.0261596 0.0276071 0.0278524 0.0269478 0.0251028 0.0226234 0.0198346 0.0170154 0.0143597 0.0119708 0.00987924 0.0080712 0.0065156
 1.01972e-16 2.4178e-05 0.000141874 0.000674342 0.00259614 0.00809574 0.0204494 0.0418441 0.0693682 0.0931804 0.101454 0.0896205 0.0644388 0.038183 0.0196074 0.0104709 0.00823698 0.00986994 0.0134687 0.0180967 0.0231905 0.028215 0.0325936 0.0357817 0.0373812 0.0372316 0.0354433 0.0323581 0.0284555 0.0242364 0.0201227 0.0163986 0.0132015 0.0105497 0.00838776 0.00663161
 1.03689e-16 1.48422e-05 8.70537e-05 0.000413693 0.00159254 0.00496599 0.0125441 0.0256702 0.0425635 0.0571986 0.0623412 0.0552219 0.040037 0.0243905 0.0137542 0.0093298 0.0096863 0.0130562 0.0182977 0.024752 0.0318605 0.0389632 0.0453028 0.0501465 0.0529411 0.0534344 0.0517228 0.0482038 0.0434598 0.0381113 0.0326916 0.027574 0.0229596 0.0189111 0.0154073 0.0123928
 1.06673e-16 1.47462e-05 8.65015e-05 0.000411093 0.00158257 0.00493495 0.0124656 0.0255085 0.042292 0.0568236 0.0619055 0.0547721 0.0395727 0.0238335 0.0129531 0.00808212 0.00776121 0.0102198 0.0143511 0.0195875 0.0255238 0.0317045 0.0375941 0.0426494 0.0464232 0.0486491 0.049279 0.0484594 0.046465 0.0436127 0.0401915 0.0364251 0.0324706 0.0284399 0.0244271 0.0205271
 1.05923e-16 2.30375e-05 0.000135189 0.000642582 0.0024739 0.00771455 0.0194865 0.039873 0.066098 0.0887802 0.0966432 0.0853242 0.0612482 0.0360898 0.0181629 0.00911291 0.00649798 0.00741913 0.0100919 0.0136964 0.0178176 0.0221053 0.0261822 0.0296753 0.0322849 0.0338426 0.0343339 0.0338782 0.0326763 0.0309468 0.0288755 0.0265901 0.0241641 0.0216379 0.019045 0.0164307
 1.03804e-16 2.32562e-05 0.000136465 0.000648632 0.00249717 0.00778709 0.0196698 0.0402487 0.066723 0.0896264 0.097582 0.0861949 0.0619643 0.036694 0.0188018 0.00997708 0.00777904 0.0092904 0.0126908 0.0170948 0.0219836 0.0268711 0.0312323 0.0345677 0.0365066 0.036889 0.0357958 0.033513 0.0304466 0.0270196 0.0235833 0.0203688 0.0174831 0.014937 0.012689 0.010684
 1.02454e-16 2.68631e-05 0.000157646 0.000749337 0.00288492 0.00899629 0.0227241 0.0464976 0.0770791 0.103528 0.112692 0.099481 0.0713838 0.0420073 0.0210364 0.0103749 0.00715464 0.00797015 0.0107118 0.0143939 0.0185047 0.022616 0.0262794 0.0290695 0.030668 0.0309337 0.0299289 0.0278909 0.0251628 0.0221068 0.0190306 0.0161447 0.0135571 0.0112936 0.0093319 0.00763235
 1.02165e-16 2.42234e-05 0.000142142 0.000675613 0.00260104 0.00811102 0.020488 0.041923 0.0694987 0.0933549 0.101642 0.0897812 0.0645433 0.0382227 0.0195872 0.0103952 0.00810246 0.009666 0.0131829 0.017721 0.0227271 0.0276801 0.0320189 0.0352125 0.0368703 0.0368313 0.0351962 0.0322899 0.0285712 0.0245207 0.0205436 0.0169144 0.0137676 0.0111246 0.00893751 0.00713185
 1.03032e-16 2.01194e-05 0.000118043 0.000561039 0.00215989 0.00673527 0.0170131 0.0348133 0.0577157 0.0775372 0.0844457 0.0746534 0.0538022 0.0321319 0.0169648 0.00981147 0.008611 0.0108772 0.0150429 0.0203046 0.0261216 0.0319319 0.0371098 0.0410535 0.0433104 0.0436764 0.0422344 0.0393153 0.0354011 0.0310042 0.0265636 0.0223848 0.0186303 0.0153476 0.0125146 0.0100816
 1.03716e-16 2.23495e-05 0.000131143 0.000623332 0.00239976 0.00748333 0.0189025 0.0386787 0.0641203 0.0861305 0.0937763 0.0828344 0.0595512 0.035271 0.0180852 0.00962075 0.00753763 0.00904072 0.012392 0.0167544 0.021644 0.0266056 0.0311406 0.0347638 0.0370998 0.0379608 0.0373788 0.0355764 0.0328951 0.0297045 0.026325 0.022985 0.0198156 0.0168727 0.0141698 0.0117071
 1.03568e-16 2.26269e-05 0.000132771 0.000631066 0.00242953 0.00757617 0.019137 0.0391586 0.0649163 0.0872006 0.0949436 0.083871 0.0603081 0.0357425 0.0183688 0.00983697 0.00777932 0.00936451 0.0128265 0.0173054 0.0222926 0.0273056 0.0318183 0.0353253 0.0374449 0.0380012 0.0370559 0.0348753 0.0318487 0.0283887 0.024845 0.0214573 0.0183495 0.0155554 0.0130584 0.0108265
 1.02637e-16 2.73832e-05 0.000160701 0.000763865 0.00294086 0.00917076 0.0231647 0.0473991 0.0785727 0.105532 0.114867 0.101387 0.0727211 0.0427328 0.0212861 0.010311 0.0068739 0.00749694 0.0100311 0.0134843 0.0173605 0.0212596 0.0247666 0.0274861 0.0291195 0.0295289 0.0287624 0.0270279 0.0246304 0.0218938 0.0190942 0.0164217 0.0139765 0.0117875 0.00984306 0.00811793
 1.02084e-16 2.59136e-05 0.000152068 0.000722811 0.00278277 0.00867775 0.0219195 0.0448517 0.074352 0.099869 0.10872 0.0960015 0.0689443 0.040687 0.0205882 0.010504 0.00768647 0.00886207 0.0119926 0.0161026 0.0206502 0.0251533 0.0291011 0.0320118 0.0335313 0.0335135 0.0320501 0.0294358 0.0260861 0.0224357 0.0188507 0.015578 0.0127375 0.0103468 0.00836155 0.00671396
 1.02759e-16 2.05041e-05 0.000120302 0.000571774 0.00220122 0.00686417 0.0173387 0.0354795 0.0588201 0.0790205 0.0860606 0.0760793 0.0548262 0.032736 0.0172695 0.00996426 0.00871706 0.0109907 0.0151841 0.0204746 0.0263079 0.0321093 0.0372416 0.0410947 0.0432138 0.0434009 0.0417531 0.0386216 0.0345115 0.0299566 0.0254118 0.0211906 0.0174548 0.0142439 0.0115227 0.00922617
 1.03526e-16 2.27711e-05 0.000133619 0.000635103 0.00244508 0.00762466 0.0192595 0.0394091 0.0653308 0.0877555 0.0955428 0.0843883 0.0606542 0.0358958 0.0183531 0.0096784 0.0074822 0.00891247 0.0121972 0.0164868 0.0212969 0.0261773 0.0306363 0.0341954 0.0364841 0.0373169 0.0367244 0.0349256 0.0322572 0.0290846 0.0257255 0.0224078 0.0192635 0.0163503 0.0136834 0.0112635
 1.03907e-16 2.00746e-05 0.000117782 0.0005598 0.00215512 0.00672043 0.0169756 0.0347364 0.0575878 0.0773638 0.0842532 0.0744743 0.0536538 0.0320046 0.0168272 0.00962241 0.00832797 0.0104601 0.0144576 0.019529 0.0251545 0.0308008 0.0358749 0.0398059 0.0421627 0.0427482 0.0416347 0.0391259 0.0356656 0.0317233 0.0276971 0.0238595 0.0203511 0.0172094 0.0144139 0.0119257
pSPR Fmed_Fpbrs
0.37021   0.255447 0.255447
Fs Fmed_Fpbrs
0.64   1.005 1.005
SSBpbr Bo_Bmed_Bpbrs
1.39183e+06  445678  285946 285946
Ro
37685.1
SPR SPRFo_SPRFmed_SPRFpbrs
775408 287064 198076
log_Ro
10.357
likeval ReclasPelacesDesembMPH_pf_preclas_ppelaces_ptallas_desvR_qrecl_qpela
 92.9298 98.7779 0.00496633 52.5142 340.144 187.223 48.2919 0 15.0178 0 0 0 0 0 0
q_reclas_q_pelaces
1 1
M
0.7
N
 41522.8 19338.9 7282.21 868.01 0.247573
 43694.1 17748 7114.81 2679.14 319.433
 21878.7 18463.1 6381.42 2558.18 1078.16
 23970.2 7632.34 4524.63 1563.85 891.134
 45666.4 10871.6 3161.63 1874.28 1016.96
 34026.5 22244 5194.36 1510.59 1381.41
 69423.5 13157.9 6698.22 1564.15 870.856
 75938.2 29773.9 4873.63 2480.99 901.915
 129002 29317.2 8936.47 1462.79 1015.36
 141870 51315.2 9341.74 2847.55 789.648
 69315.7 61115.9 19176.9 3491.09 1359.25
 40801.9 25967.2 17272.2 5419.68 1370.78
 48227.7 15490.7 7537.23 5013.43 1970.99
 29349.2 16089.1 3471.73 1689.23 1565.33
 20218.3 7312.08 2011.07 433.952 406.806
 14642 5658.56 1153.37 317.216 132.617
 11068.1 5629.37 1684.35 343.318 133.899
 12532.3 4399.7 1791.29 535.966 151.852
 14540.1 5250.15 1554.94 633.073 243.088
 26904.5 6186.36 1913.86 566.829 319.391
 41622.5 11591.4 2312.39 715.379 331.259
 43432.4 19495.4 5120.92 1021.58 462.391
 62876.2 20015.5 8337.68 2190.09 634.658
 64554.7 28412.9 8230.64 3428.56 1161.57
pred_Ctot
 4194.86 3666.71 1380.73 164.577 0.0469405
 4728.51 3587.97 1438.34 541.62 64.5773
 4776.91 7000.14 2419.47 969.915 408.775
 1501.84 919.742 545.244 188.454 107.387
 628.206 296.583 86.2506 51.1313 27.743
 5493.57 6479.11 1512.99 439.999 402.369
 6865.58 2445.51 1244.92 290.71 161.855
 12331.7 8717.52 1426.95 726.41 264.072
 18695.3 7749.3 2362.14 386.655 268.386
 13630 9282.14 1689.78 515.079 142.836
 12443.2 19556.8 6136.54 1117.13 434.955
 7016.9 8000.56 5321.62 1669.82 422.34
 11645.6 6393.53 3110.88 2069.22 813.498
 10937.2 9339.03 2015.19 980.525 908.61
 6556.23 3824.4 1051.84 226.967 212.769
 2412.7 1678.48 342.121 94.0947 39.3378
 1608.55 1491.79 446.354 90.9795 35.4834
 1423.29 930.208 378.723 113.317 32.1054
 1510.96 1022.02 302.692 123.237 47.3207
 2583 1118.28 345.961 102.463 57.7351
 1705.6 926.121 184.754 57.1569 26.4667
 2257.85 1962.44 515.48 102.834 46.545
 4092.37 2501.74 1042.13 273.739 79.326
 4468.41 3766.95 1091.21 454.554 154
F
 0.14997 0.29994 0.29994 0.29994 0.29994
 0.161441 0.322883 0.322883 0.322883 0.322883
 0.353119 0.706238 0.706238 0.706238 0.706238
 0.0906539 0.181308 0.181308 0.181308 0.181308
 0.0192919 0.0385839 0.0385839 0.0385839 0.0385839
 0.250114 0.500228 0.500228 0.500228 0.500228
 0.146593 0.293186 0.293186 0.293186 0.293186
 0.251746 0.503491 0.503491 0.503491 0.503491
 0.221841 0.443681 0.443681 0.443681 0.443681
 0.142139 0.284279 0.284279 0.284279 0.284279
 0.281836 0.563671 0.563671 0.563671 0.563671
 0.26849 0.53698 0.53698 0.53698 0.53698
 0.397792 0.795584 0.795584 0.795584 0.795584
 0.689738 1.37948 1.37948 1.37948 1.37948
 0.573418 1.14684 1.14684 1.14684 1.14684
 0.255895 0.51179 0.51179 0.51179 0.51179
 0.222532 0.445064 0.445064 0.445064 0.445064
 0.170051 0.340102 0.340102 0.340102 0.340102
 0.154566 0.309132 0.309132 0.309132 0.309132
 0.142033 0.284066 0.284066 0.284066 0.284066
 0.0584637 0.116927 0.116927 0.116927 0.116927
 0.0746963 0.149393 0.149393 0.149393 0.149393
 0.0943225 0.188645 0.188645 0.188645 0.188645
 0.100585 0.20117 0.20117 0.20117 0.20117
Np
 28098.9 8442.11 5269.46 2097.35 717.996
YTP_r0W_actual
 150971 260367 109165 59529.2 24649.8
YTP_p0W_proyectada
 67356.3 302001 174738 64642.9 42017.4
 67356.3 87946.9 79801.6 40563.1 15409.8
CTP_r0_actual
 18871.3 13703.5 3969.62 1653.59 560.224
CTP_p0_proyectada
 8214.19 13981.5 5564.92 1612.04 944.211
 8214.19 4071.62 2541.45 1011.55 346.288
Wmedp
 8.2 21.6 31.4 40.1 44.5
nmprior
 10.8 10.6 4.6 0
nm_flota  nm_reclas  nm_pelaces    nm_pelaL
inf 16.2261 12.7343 21.1821
cv_recla  cv_pelaces  cv_mph
0.892492 1.16948 1.02483
 ------------------------------------------------
Talla a la edad & desviaci?n 
 7.2 14.2025 17.0495 18.207 18.6776
 1.08 2.13037 2.55742 2.73105 2.80164
