years
 1997 1998 1999 2000 2001 2002 2003 2004 2005 2006 2007 2008 2009 2010 2011 2012 2013 2014 2015 2016 2017 2018 2019
reclasobs
 0 0 0 370054 412103 1.49427e+06 250295 1.28982e+06 931140 785840 897777 1.04006e+06 184774 17550 25797 100020 73551 82996 120727 218422 84188 347160 605670
reclaspred
 454543 118888 322122 217484 314120 353294 767956 533204 677741 728100 601047 404314 254438 114297 78979.6 74569.2 82348.5 105671 109900 171897 285103 270481 465715
pelacesobs
 0 0 0 0 0 0 0 0 0 2.06254e+06 1.5e+06 0 1.87456e+06 323000 250000 174000 83755 137374 0 501740 490994 745055 786931
pelacespred
 860902 189524 321182 334418 421044 374998 988870 789512 935139 996298 728559 508762 320973 115780 81762.4 82775 95769.9 124807 130892 202436 383013 346339 493634
mphobs
 0 0 0 0 0 0 112323 0 153150 637223 0 255016 313432 73983 77613 109348 50772 17779 17303 59886 28197 0 207744
mphpred
 565462 323219 368869 392487 411045 626034 888219 1.0417e+06 950642 1.12393e+06 1.21222e+06 857791 509102 270857 120855 104197 109361 140079 175009 194016 350179 477324 594283
desembarqueobs
 350755 77701 442110 56441 14545 235359 269955 359681 431902 328805 639364 411747 362871 311530 167758 66681 60226 58785 57116 73181 50977 67692 138656
desembarquepred
 350760 77699.7 442094 56443.1 14545.2 235445 269999 359666 431876 328770 639484 411927 363054 311786 167721 66692 60257.7 58788.9 57108.4 73172.4 50974.8 67680.9 138647
Reclutas
 41937 52236.8 27376.9 40685 65894.6 45668 80918.8 84830.1 127560 146726 65252.7 40199.8 46734.1 24319.8 17250.3 16057.5 11545.2 13281.3 15572.9 31498.9 44608.3 52476.8 82253.6
log_desv_Rt
 0.0267627 0.246382 -0.399707 -0.00354675 0.478651 0.111992 0.68404 0.731244 1.13918 1.27916 0.468861 -0.0155438 0.135067 -0.518115 -0.861575 -0.93323 -1.26313 -1.12305 -0.963873 -0.259454 0.0885152 0.250965 0.700401
SSB
 565462 323219 368869 392487 411045 626034 864329 1.02997e+06 929298 1.10176e+06 1.21222e+06 857791 524753 282711 131162 113669 123976 152157 180332 209954 358832 477324 609943
BT
 1.8237e+06 472216 815390 659374 765883 858897 1.95709e+06 1.81771e+06 2.06908e+06 2.09642e+06 1.87232e+06 1.28625e+06 929096 502316 285903 202983 221146 270833 283394 421282 726964 683262 979806
Ftot
 0.554996 0.493781 0.79834 0.172161 0.0337277 0.349965 0.237896 0.460852 0.490578 0.322013 0.569462 0.528479 0.860751 1.5013 1.47332 0.579452 0.471178 0.357775 0.312474 0.316267 0.126033 0.148219 0.17596
BD_Bspro_t
 0.932767 0.699592 0.635303 0.46996 0.608647 0.753733 0.697252 0.707554 0.653179 0.646196 0.63964 0.48208 0.367856 0.268246 0.162123 0.172106 0.243837 0.361056 0.460248 0.55768 0.703044 0.803115 0.813174
BD_Bspro
 0.671906 0.384062 0.438306 0.46637 0.488422 0.74388 1.02703 1.22386 1.10423 1.30916 1.44041 1.01926 0.623535 0.335929 0.155853 0.135067 0.147314 0.1808 0.214278 0.249476 0.42638 0.567177 0.724761
BD_Bo
 0.440471 0.251774 0.287333 0.305731 0.320187 0.487654 0.673276 0.802304 0.723884 0.858226 0.94427 0.668183 0.408761 0.22022 0.10217 0.0885435 0.0965724 0.118524 0.140471 0.163545 0.279515 0.371815 0.47512
BD_Brms
 1.49349 0.853681 0.974251 1.03663 1.08565 1.65347 2.28285 2.72034 2.45445 2.90996 3.2017 2.26559 1.38597 0.746692 0.346424 0.300221 0.327445 0.401876 0.476289 0.554527 0.947742 1.2607 1.61097
S_f
 0.166917 1 1 1 1
 0.166917 1 1 1 1
 0.166917 1 1 1 1
 0.166917 1 1 1 1
 0.166917 1 1 1 1
 0.166917 1 1 1 1
 0.166917 1 1 1 1
 0.166917 1 1 1 1
 0.166917 1 1 1 1
 0.166917 1 1 1 1
 0.166917 1 1 1 1
 0.166917 1 1 1 1
 0.166917 1 1 1 1
 0.166917 1 1 1 1
 0.166917 1 1 1 1
 0.166917 1 1 1 1
 0.166917 1 1 1 1
 0.166917 1 1 1 1
 0.166917 1 1 1 1
 0.166917 1 1 1 1
 0.166917 1 1 1 1
 0.166917 1 1 1 1
 0.166917 1 1 1 1
Scru_reclas
 0.940247 1 1 1 1
 0.940247 1 1 1 1
 0.940247 1 1 1 1
 0.940247 1 1 1 1
 0.940247 1 1 1 1
 0.940247 1 1 1 1
 0.940247 1 1 1 1
 0.940247 1 1 1 1
 0.940247 1 1 1 1
 0.940247 1 1 1 1
 0.940247 1 1 1 1
 0.940247 1 1 1 1
 0.940247 1 1 1 1
 0.940247 1 1 1 1
 0.940247 1 1 1 1
 0.940247 1 1 1 1
 0.940247 1 1 1 1
 0.940247 1 1 1 1
 0.940247 1 1 1 1
 0.940247 1 1 1 1
 0.940247 1 1 1 1
 0.940247 1 1 1 1
 0.940247 1 1 1 1
Scru_pelaces
 1 1 1 1 1
 1 1 1 1 1
 1 1 1 1 1
 1 1 1 1 1
 1 1 1 1 1
 1 1 1 1 1
 1 1 1 1 1
 1 1 1 1 1
 1 1 1 1 1
 1 1 1 1 1
 1 1 1 1 1
 1 1 1 1 1
 1 1 1 1 1
 1 1 1 1 1
 1 1 1 1 1
 1 1 1 1 1
 1 1 1 1 1
 1 1 1 1 1
 1 1 1 1 1
 1 1 1 1 1
 1 1 1 1 1
 1 1 1 1 1
 1 1 1 1 1
pf_obs 
 0.256992 0.487395 0.22802 0.0275931 0
 0.321318 0.546541 0.124235 0.00734118 0.000564706
 0.182869 0.594174 0.210203 0.0122559 0.00049798
 0.330522 0.361315 0.267642 0.0388342 0.00168674
 0.649043 0.306663 0.0425973 0.00169635 0
 0.582887 0.30429 0.105238 0.00758474 0
 0.465427 0.430635 0.0974691 0.00646863 0
 0.296916 0.608066 0.0921331 0.00288517 0
 0.311714 0.524322 0.152257 0.0117073 0
 0.15457 0.633149 0.183074 0.0267441 0.00246327
 0.131901 0.49318 0.331252 0.0422183 0.00144891
 0.196976 0.569456 0.194076 0.0375587 0.00193317
 0.518974 0.381816 0.0799577 0.0180837 0.00116848
 0.0928022 0.601141 0.25162 0.0475244 0.00691264
 0.122501 0.610282 0.24278 0.0234846 0.000952079
 0.383417 0.481906 0.127806 0.00687128 0
 0.0376549 0.599619 0.316969 0.0457579 0
 0.0361596 0.667082 0.258105 0.0386534 0
 0.158088 0.579412 0.248529 0.0139706 0
 0.0477256 0.309471 0.559284 0.082774 0.000745712
 0.0406174 0.521527 0.379366 0.0568643 0.0016247
 0.151134 0.462217 0.34131 0.0453401 0
 0.294876 0.26143 0.354403 0.0886775 0.000613685
pf_pred 
 0.316326 0.480786 0.181273 0.0216049 9.99705e-06
 0.299663 0.549105 0.106352 0.0400987 0.00478133
 0.160793 0.642002 0.15462 0.0299474 0.0126376
 0.276851 0.455809 0.204518 0.0492564 0.013566
 0.288056 0.507806 0.128671 0.0577338 0.0177342
 0.15869 0.598324 0.173313 0.0439151 0.0257571
 0.282287 0.410475 0.218502 0.0632922 0.0254436
 0.238062 0.55248 0.119793 0.0637677 0.0258967
 0.312141 0.481804 0.14941 0.0323964 0.0242484
 0.267259 0.56797 0.115412 0.0357901 0.0135688
 0.121242 0.631097 0.191969 0.0390084 0.0166829
 0.124934 0.456512 0.300593 0.0914352 0.0265259
 0.230195 0.404176 0.190745 0.125597 0.0492878
 0.19131 0.593041 0.113223 0.0534341 0.0489911
 0.268611 0.552954 0.130853 0.0249824 0.0225998
 0.287564 0.588197 0.0939281 0.0222275 0.00808261
 0.193105 0.615102 0.158347 0.0252861 0.00815969
 0.233879 0.492534 0.208557 0.0536894 0.0113402
 0.242502 0.518586 0.153595 0.0650379 0.0202793
 0.356149 0.444282 0.136626 0.0404659 0.0224776
 0.294338 0.560277 0.100321 0.0308509 0.014213
 0.2363 0.554542 0.166066 0.0297353 0.013357
 0.276873 0.481085 0.175753 0.052632 0.0136574
pobs_RECLAS
 0 0 0 0 0
 0 0 0 0 0
 0 0 0 0 0
 0 0 0 0 0
 0.835266 0.146461 0.0176864 0.000547809 3.91292e-05
 0.385257 0.428462 0.181853 0.0044286 0
 0.867414 0.0963971 0.0333333 0.00285562 0
 0.441836 0.489002 0.0689373 0.000224442 0
 0.779404 0.147425 0.0564933 0.0165055 0.000172143
 0.814271 0.122319 0.05973 0.00367925 0
 0.40263 0.566651 0.0304383 0.000280538 0
 0.475488 0.404961 0.113038 0.00651328 0
 0.955842 0.0263864 0.0167828 0.000988607 0
 0.975058 0.0227948 0.00214734 0 0
 0.738997 0.206755 0.0527124 0.00153531 0
 0.850938 0.134255 0.0134407 0.00136685 0
 0.542534 0.407297 0.0501686 0 0
 0.764087 0.199537 0.0359546 0.000420521 0
 0.470689 0.182191 0.310203 0.0369168 0
 0.84361 0.089868 0.0606195 0.00523954 0.000663233
 0.607945 0.314616 0.071237 0.00620181 0
 0.523733 0.453247 0.0230204 0 0
 0.530135 0.295979 0.169645 0.0042399 0
ppred_RECLAS
 0.730405 0.189589 0.071482 0.0085195 3.94216e-06
 0.713624 0.224535 0.0434887 0.0163968 0.00195514
 0.534792 0.355889 0.0857126 0.0166011 0.00700555
 0.685243 0.198395 0.0890184 0.0214393 0.00590473
 0.695396 0.217264 0.0550515 0.0247013 0.00758755
 0.520565 0.340965 0.0987656 0.0250258 0.0146781
 0.691937 0.176188 0.0937874 0.0271669 0.0109211
 0.644699 0.257629 0.0558611 0.0297357 0.012076
 0.725429 0.192321 0.0596398 0.0129316 0.00967921
 0.676921 0.250428 0.0508874 0.0157805 0.00598275
 0.447196 0.397007 0.120763 0.0245392 0.0104948
 0.454745 0.284453 0.1873 0.0569734 0.0165283
 0.643701 0.18707 0.088285 0.0581317 0.0228125
 0.609231 0.286565 0.0547109 0.02582 0.0236731
 0.706729 0.221723 0.0524692 0.0100174 0.00906204
 0.703161 0.245075 0.0391356 0.00926117 0.00336766
 0.581775 0.318816 0.0820734 0.0131061 0.00422928
 0.637463 0.233073 0.0986918 0.0254064 0.00536631
 0.647605 0.241251 0.0714539 0.0302563 0.00943411
 0.760549 0.16523 0.0508117 0.0150494 0.00835949
 0.702857 0.235924 0.0422437 0.0129908 0.00598487
 0.637281 0.26338 0.0788732 0.0141228 0.00634388
 0.685317 0.209353 0.0764822 0.0229038 0.00594326
pobs_PELACES
 0 0 0 0 0
 0 0 0 0 0
 0 0 0 0 0
 0 0 0 0 0
 0 0 0 0 0
 0 0 0 0 0
 0 0 0 0 0
 0 0 0 0 0
 0 0 0 0 0
 0 0 0 0 0
 0.450072 0.473896 0.0757376 0.000293798 0
 0 0 0 0 0
 0.463077 0.371075 0.160297 0.00555027 0
 0.529543 0.364841 0.0842815 0.0213345 0
 0.631943 0.363953 0.00410389 0 0
 0.735681 0.248677 0.0153453 0.000297389 0
 0.695825 0.281241 0.0229344 0 0
 0.275771 0.60734 0.115278 0.00161068 0
 0 0 0 0 0
 0.896147 0.0623911 0.0374545 0.00400742 0
 0.803859 0.145111 0.0509908 3.86294e-05 0
 0.739449 0.233085 0.0266225 0.000797448 4.60066e-05
 0.878498 0.100942 0.0204185 0.000141795 0
ppred_PELACES
 0.770453 0.161426 0.0608635 0.00725395 3.35656e-06
 0.752206 0.194285 0.0376297 0.0141877 0.00169173
 0.603599 0.303251 0.0730352 0.0141457 0.00596939
 0.708253 0.183891 0.0825107 0.019872 0.00547306
 0.7102 0.206705 0.052376 0.0235008 0.0072188
 0.559746 0.313101 0.0906941 0.0229806 0.0134786
 0.718332 0.161092 0.0857515 0.0248391 0.00998538
 0.686569 0.227269 0.0492783 0.0262315 0.0106529
 0.762789 0.166152 0.0515247 0.011172 0.00836217
 0.708848 0.225681 0.0458586 0.014221 0.00539152
 0.50154 0.357979 0.108891 0.0221268 0.00946308
 0.506346 0.257534 0.169574 0.0515817 0.0149641
 0.70883 0.152875 0.0721469 0.0475055 0.0186425
 0.714722 0.209205 0.0399414 0.0188497 0.0172824
 0.793508 0.156114 0.0369434 0.00705324 0.00638057
 0.747119 0.208782 0.03334 0.00788968 0.00286894
 0.627431 0.284012 0.0731138 0.0116754 0.00376758
 0.673562 0.209865 0.0888647 0.0228766 0.00483197
 0.680494 0.218735 0.064785 0.0274324 0.00855361
 0.78655 0.147289 0.0452943 0.0134153 0.00745178
 0.722561 0.220279 0.0394425 0.0121294 0.005588
 0.660594 0.246451 0.0738037 0.0132151 0.00593614
 0.70854 0.193904 0.070838 0.0212135 0.00550466
pobs_pel_tallas
 0 0 0 0 0 0 0 0 0 0 0 0 0 0 0 0 0 0 0 0 0 0 0 0 0 0 0 0 0 0 0 0 0 0 0 0
 0 0 0 0 0 0 0 0 0 0 0 0 0 0 0 0 0 0 0 0 0 0 0 0 0 0 0 0 0 0 0 0 0 0 0 0
 0 0 0 0 0 0 0 0 0 0 0 0 0 0 0 0 0 0 0 0 0 0 0 0 0 0 0 0 0 0 0 0 0 0 0 0
 0 0 0 0 0 0 0 0 0 0 0 0 0 0 0 0 0 0 0 0 0 0 0 0 0 0 0 0 0 0 0 0 0 0 0 0
 0 0 0 0 0 0 0 0 0 0 0 0 0 0 0 0 0 0 0 0 0 0 0 0 0 0 0 0 0 0 0 0 0 0 0 0
 0 0 0 0 0 0 0 0 0 0 0 0 0 0 0 0 0 0 0 0 0 0 0 0 0 0 0 0 0 0 0 0 0 0 0 0
 0 0 0 0 0 0 0 0 0 0 0 0 0 0 0 0 0 0 0 0 0 0 0 0 0 0 0 0 0 0 0 0 0 0 0 0
 0 0 0 0 0 0 0 0 0 0 0 0 0 0 0 0 0 0 0 0 0 0 0 0 0 0 0 0 0 0 0 0 0 0 0 0
 0 0 0 0 0 0 0 0 0 0 0 0 0 0 0 0 0 0 0 0 0 0 0 0 0 0 0 0 0 0 0 0 0 0 0 0
 0 0 0 0 0 0 0 0 0 0 0 0 0 0 0 0 0 0 0 0 0 0 0 0 0 0 0 0 0 0 0 0 0 0 0 0
 0 0 0 0 0 0 0 0 1.78061e-05 0.00172719 0.00360574 0.0105946 0.0120993 0.0124554 0.0147524 0.0171206 0.0266825 0.0428682 0.0675386 0.121331 0.153587 0.119568 0.100827 0.0573624 0.0630603 0.0341343 0.0324427 0.0444173 0.0211091 0.0280891 0.0125444 0.00206551 0 0 0 0
 0 0 0 0 0 0 0 0 0 0 0 0 0 0 0 0 0 0 0 0 0 0 0 0 0 0 0 0 0 0 0 0 0 0 0 0
 0 0 0 0 0 0 0.0133647 0.0140871 0.0187388 0.0205184 0.03894 0.0496705 0.03968 0.0493445 0.0407372 0.0367815 0.0215668 0.0243155 0.0234873 0.0199281 0.019796 0.0243948 0.0301388 0.0376714 0.0412746 0.0863199 0.0771752 0.113111 0.0741005 0.0525337 0.0229764 0.00759418 0.00175318 0 0 0
 0 0 0 0 0 0 0 0 0 0 0.00219441 0.00772107 0.0458388 0.0604681 0.0671733 0.0775358 0.0609151 0.0617685 0.073594 0.0568108 0.0755445 0.0548602 0.0670107 0.0636378 0.0643287 0.046367 0.0373049 0.0286899 0.0247887 0.0153202 0.00654259 0.00121912 0.000365735 0 0 0
 0 0 0 0 0 0 0 0 0 0 0 0 0.000112435 0.00938835 0.0111873 0.0202946 0.0414886 0.0713402 0.111592 0.104902 0.108894 0.110636 0.117776 0.105296 0.107544 0.0401394 0.0192827 0.0124803 0.00416011 0.0028671 0.000618394 0 0 0 0 0
 0 0 0 0 0 0 0 0 0 0 0.00291406 0.0102884 0.027416 0.0768956 0.0749926 0.110853 0.0956884 0.0897413 0.0766577 0.0534642 0.0500743 0.0551293 0.0594112 0.0620874 0.0668451 0.0424026 0.0208742 0.0120726 0.0048766 0.00582813 0.00118941 0.000297354 0 0 0 0
 0 0.00264628 0.0354308 0.0461629 0.0458689 0.0383711 0.0214643 0.0164657 0.0346957 0.0420465 0.0363128 0.0245516 0.0311673 0.0291091 0.0169068 0.0133784 0.00837989 0.0085269 0.0148486 0.0160247 0.0276389 0.0546898 0.0760071 0.122758 0.109233 0.0665981 0.0333725 0.0166128 0.00676272 0.00308733 0.000882094 0 0 0 0 0
 0 0 0 0 0 0 0 0.000805153 0.000690131 0.00759144 0.0133425 0.0154129 0.00931677 0.000345066 0.00356568 0.00563607 0.00851162 0.0253048 0.0502646 0.0516448 0.0657925 0.0565908 0.0611916 0.0827007 0.0866115 0.110766 0.145733 0.0935128 0.0569358 0.0249597 0.0138026 0.00621118 0.00161031 0.00115022 0 0
 0 0 0 0 0 0 0 0 0 0 0 0 0 0 0 0 0 0 0 0 0 0 0 0 0 0 0 0 0 0 0 0 0 0 0 0
 0.00147267 0.00158595 0.00478618 0.00569244 0.00954404 0.0108468 0.00647125 0.017049 0.0510054 0.094081 0.124002 0.0959785 0.0687766 0.0820023 0.061753 0.0591476 0.0492212 0.0479892 0.0443925 0.0268479 0.0217502 0.0140895 0.0121071 0.0120363 0.00920419 0.00665534 0.0049561 0.00860946 0.00930331 0.0156896 0.0114698 0.00855282 0.00243557 0.00046729 0 2.83206e-05
 0 0 0 0 0.000772559 0.00158375 0.000888443 0.00281984 0.00712685 0.0440552 0.0773331 0.111326 0.0921469 0.0852325 0.0710754 0.0886704 0.0786465 0.0553345 0.0373146 0.0185414 0.00753245 0.00457741 0.012979 0.0271748 0.0457355 0.0583668 0.034881 0.0177882 0.00938659 0.00492506 0.0015258 0.00185414 0.000309023 5.79419e-05 3.86279e-05 0
 0 0.00173294 0.00326652 0 0.00397197 0.00683976 0.00946217 0.0152591 0.00757587 0.0136028 0.0228656 0.0392903 0.0559909 0.0764795 0.0681675 0.0726916 0.0566044 0.0477403 0.0527397 0.0444891 0.0609904 0.0582453 0.0661739 0.0445044 0.0529084 0.0360697 0.0280645 0.0235558 0.0158879 0.00826598 0.00280645 0.00217768 0.000904811 0.00058276 9.20147e-05 0
 0 0 0 0 0 0 0 0 0 0 0 0 0 0 0 0 0 0 0 0 0 0 0 0 0 0 0 0 0 0 0 0 0 0 0 0
ppred_pel_tallas
 1.01167e-16 3.36147e-05 0.000197294 0.000937852 0.00361079 0.0112599 0.0284417 0.0581953 0.0964647 0.129548 0.14097 0.124337 0.0889854 0.0518939 0.0251131 0.0109406 0.00570175 0.00507237 0.00640225 0.00852623 0.0109648 0.013425 0.0156356 0.0173428 0.0183539 0.0185773 0.0180392 0.0168688 0.0152589 0.0134182 0.0115286 0.00972086 0.00807003 0.00660569 0.00532916 0.00422911
 1.01165e-16 3.28203e-05 0.000192627 0.00091566 0.00352534 0.0109934 0.0277686 0.0568183 0.0941833 0.126487 0.137648 0.121426 0.0869444 0.0507888 0.0247368 0.0110459 0.00614139 0.00580846 0.00745561 0.00992516 0.0127111 0.0154751 0.0178944 0.0196704 0.0205848 0.0205481 0.0196176 0.0179764 0.0158827 0.0136063 0.0113748 0.00934208 0.00758313 0.00610936 0.00489335 0.00389252
 1.01901e-16 2.63448e-05 0.0001546 0.000734853 0.00282915 0.00882236 0.0222848 0.0455989 0.0755903 0.101531 0.110526 0.0975863 0.0700623 0.0413064 0.0208273 0.0105051 0.00753947 0.00859833 0.0116105 0.0155925 0.0200098 0.0243953 0.0282557 0.031124 0.0326546 0.0327003 0.0313416 0.0288547 0.0256339 0.0220946 0.01859 0.0153625 0.0125351 0.0101346 0.00812831 0.00645942
 1.0217e-16 3.09034e-05 0.000181374 0.000862164 0.00331936 0.0103511 0.0261461 0.0534986 0.0886807 0.119098 0.129608 0.114338 0.0818786 0.0478489 0.0233425 0.0104908 0.00593597 0.00571984 0.00741444 0.00994268 0.01284 0.0157963 0.0185095 0.020691 0.0221166 0.0226716 0.0223698 0.0213375 0.0197715 0.0178871 0.0158725 0.0138645 0.0119445 0.0101508 0.00849766 0.00699046
 1.01956e-16 3.09891e-05 0.000181876 0.000864543 0.00332852 0.0103797 0.0262182 0.0536463 0.0889261 0.119429 0.129973 0.114671 0.0821398 0.0480477 0.0235247 0.0107149 0.00625663 0.00618192 0.00804974 0.0107636 0.0138308 0.0169058 0.01965 0.0217458 0.0229567 0.0231779 0.0224563 0.0209687 0.0189698 0.0167273 0.0144676 0.0123441 0.0104337 0.00875316 0.00728465 0.00599897
 1.02809e-16 2.4433e-05 0.000143376 0.000681487 0.00262367 0.00818158 0.0206662 0.0422874 0.0701017 0.0941619 0.102512 0.0905313 0.0650412 0.0384348 0.0195443 0.0101302 0.0076138 0.00892021 0.012136 0.0163437 0.0210263 0.025714 0.0299022 0.0331087 0.0349713 0.0353266 0.034241 0.0319782 0.0289215 0.0254773 0.0219917 0.018703 0.0157353 0.013122 0.0108429 0.00885847
 1.0259e-16 3.1342e-05 0.000183951 0.000874419 0.00336656 0.0104983 0.0265178 0.054259 0.0899404 0.120788 0.131441 0.115941 0.0829965 0.0484414 0.0235186 0.0103792 0.00560815 0.0051853 0.00665032 0.00892434 0.0115627 0.0142883 0.0168376 0.018957 0.0204453 0.0211922 0.0211949 0.0205459 0.0193973 0.0179187 0.0162596 0.0145304 0.0128003 0.0111087 0.0094799 0.0079354
 1.02173e-16 2.99595e-05 0.000175829 0.000835793 0.00321781 0.0100344 0.0253462 0.0518623 0.0859697 0.115461 0.125662 0.110882 0.07946 0.0465486 0.0229184 0.0106541 0.00651779 0.00668173 0.00878642 0.0117605 0.0151028 0.0184427 0.02141 0.0236577 0.024929 0.0251136 0.0242689 0.0225953 0.0203779 0.0179148 0.0154555 0.0131666 0.0111282 0.00935224 0.00781181 0.00646816
 1.01561e-16 3.32807e-05 0.000195333 0.000928527 0.00357488 0.011148 0.0281588 0.0576166 0.0955057 0.128261 0.139571 0.123106 0.0881118 0.0513991 0.024901 0.0108946 0.00574435 0.00517032 0.00654842 0.00872231 0.0112118 0.0137194 0.0159686 0.0177018 0.0187254 0.0189508 0.0184105 0.0172415 0.0156445 0.0138326 0.0119879 0.0102366 0.00864529 0.00723356 0.00599317 0.00490594
 1.01466e-16 3.0931e-05 0.000181532 0.000862907 0.00332221 0.01036 0.0261686 0.0535449 0.0887585 0.119206 0.129734 0.11447 0.0820178 0.0480203 0.0235928 0.0108823 0.00653996 0.00660814 0.00864704 0.0115499 0.0148028 0.0180306 0.0208619 0.0229502 0.0240416 0.0240308 0.022983 0.0211088 0.0187057 0.016085 0.0135092 0.0111559 0.00911165 0.00739011 0.0059604 0.00477457
 1.02865e-16 2.18969e-05 0.000128482 0.000610671 0.00235099 0.00733124 0.0185184 0.0378931 0.0628195 0.0843875 0.0918902 0.0811961 0.0584335 0.0347294 0.0180283 0.00994396 0.0082022 0.0100745 0.0138512 0.0186821 0.0240366 0.0293905 0.0341679 0.0378155 0.0399169 0.0402834 0.0389894 0.0363367 0.0327658 0.0287454 0.0246772 0.0208406 0.0173851 0.0143548 0.011731 0.0094699
 1.04963e-16 2.21025e-05 0.000129698 0.000616472 0.00237336 0.00740102 0.0186945 0.0382528 0.0634129 0.0851763 0.0927268 0.0818824 0.0588124 0.0347248 0.0176069 0.00905124 0.00672988 0.00787452 0.0107796 0.0146545 0.0190827 0.0236961 0.0280884 0.0318524 0.0346538 0.0362944 0.0367401 0.0361029 0.0345906 0.0324426 0.0298767 0.0270608 0.0241122 0.0211132 0.0181324 0.0152386
 1.03578e-16 3.09272e-05 0.000181517 0.00086285 0.00332202 0.0103594 0.026167 0.0535411 0.0887502 0.119189 0.1297 0.114402 0.0818878 0.0477804 0.0231718 0.0101826 0.00544118 0.00498014 0.0063738 0.00856318 0.0111192 0.0137818 0.0163064 0.018458 0.0200494 0.0209765 0.0212331 0.0208975 0.0200994 0.0189798 0.0176582 0.0162169 0.0147024 0.0131392 0.0115463 0.00994902
 1.02091e-16 3.11864e-05 0.000183033 0.000870047 0.00334971 0.0104457 0.0263852 0.0539879 0.0894923 0.12019 0.130801 0.115401 0.0826624 0.0483527 0.0236725 0.0107788 0.00628761 0.00620396 0.00806904 0.0107765 0.0138275 0.0168718 0.0195675 0.0215963 0.0227245 0.0228545 0.0220437 0.0204813 0.0184337 0.0161777 0.0139435 0.0118824 0.0100638 0.00849299 0.00713887 0.00595987
 1.01116e-16 3.46197e-05 0.000203195 0.000965908 0.00371882 0.0115968 0.0292926 0.0599363 0.0993501 0.133422 0.145183 0.128045 0.0916231 0.0533995 0.02578 0.0111242 0.00564016 0.00486696 0.00607035 0.00804961 0.0103159 0.0125787 0.0145755 0.0160652 0.0168701 0.0169147 0.0162403 0.0149884 0.0133608 0.0115695 0.00979417 0.00815708 0.00671952 0.00549352 0.00446127 0.00359351
 1.00947e-16 3.25991e-05 0.000191327 0.000909476 0.00350152 0.0109192 0.027581 0.0564346 0.0935477 0.125635 0.136724 0.12062 0.0863852 0.050499 0.0246643 0.0111292 0.00634897 0.00614023 0.00792705 0.0105505 0.0134909 0.0163888 0.018897 0.0206953 0.021552 0.0213764 0.0202384 0.0183449 0.015984 0.0134557 0.0110126 0.00882404 0.00697097 0.00546162 0.00425909 0.00330797
 1.01708e-16 2.73833e-05 0.000160699 0.000763849 0.00294079 0.00917053 0.0231642 0.0473981 0.0785719 0.105533 0.114875 0.101408 0.0727673 0.0428225 0.0214464 0.0105788 0.0072953 0.00812225 0.0109058 0.0146359 0.0187848 0.0229086 0.0265435 0.0292507 0.0307047 0.0307651 0.0295045 0.0271792 0.0241566 0.0208251 0.0175163 0.0144594 0.0117731 0.00948652 0.00757275 0.00598174
 1.02342e-16 2.93918e-05 0.000172497 0.000819955 0.00315684 0.00984429 0.024866 0.0508795 0.0843403 0.113272 0.123277 0.108773 0.0779384 0.0456367 0.0224324 0.0103687 0.00626881 0.00638048 0.00839709 0.0112818 0.0145627 0.017899 0.020948 0.0233815 0.0249454 0.0255122 0.0251021 0.0238643 0.0220288 0.0198457 0.0175332 0.0152482 0.0130828 0.011078 0.00924556 0.00758685
 1.02334e-16 2.96943e-05 0.000174273 0.000828396 0.00318934 0.00994563 0.0251219 0.0514033 0.0852087 0.114439 0.124548 0.109897 0.0787483 0.0461207 0.0226878 0.0105146 0.00639147 0.00652565 0.00858215 0.0115058 0.0148097 0.0181378 0.021134 0.0234616 0.0248666 0.025232 0.0245989 0.0231442 0.0211268 0.018821 0.0164597 0.0142025 0.0121323 0.0102721 0.00861126 0.00712862
 1.01501e-16 3.43159e-05 0.000201412 0.000957435 0.0036862 0.0114951 0.0290356 0.0594105 0.0984784 0.132251 0.143907 0.126917 0.0908084 0.0529102 0.0255173 0.0109666 0.00549789 0.00469014 0.0058362 0.00775276 0.00996589 0.0122011 0.0142117 0.0157694 0.0167029 0.016933 0.0164876 0.0154865 0.0141053 0.0125304 0.0109204 0.00938502 0.00798156 0.00672665 0.00561333 0.00462682
 1.0131e-16 3.15287e-05 0.000185042 0.000879593 0.00338646 0.0105603 0.0266747 0.0545803 0.0904745 0.12151 0.132239 0.116674 0.0835836 0.0489101 0.0239797 0.0109757 0.00647902 0.00645126 0.00840351 0.0112098 0.0143533 0.0174636 0.0201772 0.0221564 0.0231554 0.0230751 0.0219839 0.0200928 0.017698 0.0151081 0.0125828 0.0102962 0.00833176 0.00669949 0.0053644 0.00427418
 1.0186e-16 2.88278e-05 0.000169183 0.00080419 0.00309613 0.00965495 0.0243878 0.0499014 0.0827199 0.111099 0.120921 0.106717 0.0765117 0.0448959 0.0222438 0.0105748 0.00678782 0.00721059 0.00957596 0.012844 0.0165086 0.0201753 0.023441 0.0259238 0.0273372 0.0275524 0.0266227 0.024758 0.0222646 0.0194679 0.0166469 0.013996 0.0116187 0.00954539 0.0077617 0.00623547
 1.02055e-16 3.09163e-05 0.000181449 0.000862517 0.00332072 0.0103553 0.0261568 0.0535206 0.0887174 0.119148 0.129665 0.114393 0.0819282 0.0478989 0.0234058 0.0105841 0.00607752 0.00592682 0.00770053 0.0103141 0.0132909 0.0163054 0.0190394 0.0211913 0.0225306 0.0229463 0.0224656 0.0212362 0.0194794 0.0174334 0.0153031 0.0132334 0.0113048 0.00954747 0.00796284 0.00654231
pSPR Fmed_Fpbrs
0.451241   0.344927 0.344927
Fs Fmed_Fpbrs
0.64   1.005 1.005
SSBpbr Bo_Bmed_Bpbrs
1.28377e+06  515100  378618 378618
Ro
40829.5
SPR SPRFo_SPRFmed_SPRFpbrs
841579 379755 290283
log_Ro
10.4372
likeval ReclasPelacesDesembMPH_pf_preclas_ppelaces_ptallas_desvR_qrecl_qpela
 68.564 48.5337 0.00877629 61.1153 295.422 165.555 42.6991 0 15.186 3.33345e-05 0 0 0 0 0
q_reclas_q_pelaces
0.44125 1
M
0.7
N
 41937 12897 4862.63 579.548 0.26817
 52236.8 18982.7 3676.64 1386.23 165.292
 27376.9 23887.8 5753.16 1114.29 470.223
 40685 11898.9 5338.94 1285.84 354.14
 65894.6 19631.2 4974.28 2231.93 685.587
 45668 32538.6 9425.27 2388.23 1400.75
 80918.8 21391.3 11386.9 3298.37 1325.95
 84830.1 38618.7 8373.63 4457.4 1810.2
 127560 39006.4 12096.1 2622.78 1963.13
 146726 58364.3 11859.7 3677.77 1394.33
 65252.7 69049 21003.5 4267.95 1825.29
 40199.8 29465.3 19401.6 5901.63 1712.1
 46734.1 18277.1 8625.61 5679.57 2228.83
 24319.8 20101.6 3837.8 1811.19 1660.59
 17250.3 9399.89 2224.42 424.686 384.184
 16057.5 6698.66 1069.7 253.136 92.0485
 11545.2 7238.8 1863.5 297.579 96.0269
 13281.3 5299.57 2244.04 577.687 122.018
 15572.9 6212.95 1840.16 779.192 242.957
 31498.9 7340.27 2257.28 668.564 371.366
 44608.3 14837.6 2656.76 817.01 376.396
 52476.8 21690.7 6495.63 1163.09 522.452
 82253.6 25422.4 9287.45 2781.27 721.708
pred_Ctot
 2682.74 4077.52 1537.37 183.23 0.0847845
 2986.3 5472.12 1059.86 399.605 47.6485
 2475.29 9883.12 2380.26 461.017 194.546
 830.224 1366.89 613.313 147.711 40.682
 266.124 469.144 118.874 53.3382 16.384
 1869.86 7050.1 2042.16 517.456 303.498
 2270.74 3301.91 1757.65 509.13 204.671
 4537.05 10529.3 2283.05 1215.3 493.547
 7246.83 11185.8 3468.79 752.131 562.964
 5539.1 11771.5 2391.99 741.771 281.222
 4278.58 22271.1 6774.5 1376.59 588.731
 2453.46 8965.02 5903.06 1795.61 520.917
 4535.4 7963.26 3758.14 2474.56 971.089
 3933.15 12192.3 2327.76 1098.55 1007.21
 2743.24 5647.14 1336.36 255.138 230.805
 1070.57 2189.8 349.685 82.7506 30.0908
 630.848 2009.45 517.297 82.6061 26.6565
 555.615 1170.09 495.46 127.547 26.9403
 570.88 1220.81 361.582 153.107 47.7399
 1168.39 1457.53 448.22 132.754 73.7407
 668.646 1272.78 227.899 70.0837 32.2876
 923.552 2167.37 649.053 116.217 52.2042
 1715.04 2980 1088.67 326.019 84.5981
F
 0.0926383 0.554996 0.554996 0.554996 0.554996
 0.0824206 0.493781 0.493781 0.493781 0.493781
 0.133257 0.79834 0.79834 0.79834 0.79834
 0.0287367 0.172161 0.172161 0.172161 0.172161
 0.00562973 0.0337277 0.0337277 0.0337277 0.0337277
 0.0584152 0.349965 0.349965 0.349965 0.349965
 0.0397089 0.237896 0.237896 0.237896 0.237896
 0.0769241 0.460852 0.460852 0.460852 0.460852
 0.0818859 0.490578 0.490578 0.490578 0.490578
 0.0537495 0.322013 0.322013 0.322013 0.322013
 0.095053 0.569462 0.569462 0.569462 0.569462
 0.0882121 0.528479 0.528479 0.528479 0.528479
 0.143674 0.860751 0.860751 0.860751 0.860751
 0.250593 1.5013 1.5013 1.5013 1.5013
 0.245923 1.47332 1.47332 1.47332 1.47332
 0.0967204 0.579452 0.579452 0.579452 0.579452
 0.0786477 0.471178 0.471178 0.471178 0.471178
 0.0597187 0.357775 0.357775 0.357775 0.357775
 0.0521572 0.312474 0.312474 0.312474 0.312474
 0.0527903 0.316267 0.316267 0.316267 0.316267
 0.021037 0.126033 0.126033 0.126033 0.126033
 0.0247404 0.148219 0.148219 0.148219 0.148219
 0.0293708 0.17596 0.17596 0.17596 0.17596
Np
 29343.9 12321.4 7209.76 1924.51 830.871
YTP_r0W_actual
 60880.4 296721 149609 58485.2 19074.7
YTP_p0W_proyectada
 26984.3 413202 160338 74805.3 35212.8
 26984.3 128359 109186 37220.3 17832.4
CTP_r0_actual
 9224.3 12261.2 4479.32 1341.4 348.079
CTP_p0_proyectada
 3290.76 19129.7 5106.31 1865.47 791.298
 3290.76 5942.57 3477.26 928.187 400.728
Wmedp
 8.2 21.6 31.4 40.1 44.5
nmprior
 10.8 10.6 4.6 0
nm_flota  nm_reclas  nm_pelaces    nm_pelaL
inf 17.2413 17.2241 22.8955
cv_recla  cv_pelaces  cv_mph
0.785542 0.853232 1.12838
 ------------------------------------------------
Talla a la edad & desviaci?n 
 7.2 14.2025 17.0495 18.207 18.6776
 1.08 2.13037 2.55742 2.73105 2.80164
