years
 1997 1998 1999 2000 2001 2002 2003 2004 2005 2006 2007 2008 2009 2010 2011 2012 2013 2014 2015 2016 2017 2018 2019
reclasobs
 0 0 0 370054 412103 1.49427e+06 250295 1.28982e+06 931140 785840 897777 1.04006e+06 184774 17550 25797 100020 73551 82996 120727 218422 84188 347160 605670
reclaspred
 487936 125199 324786 221523 339048 394149 861655 602599 728224 733796 599920 408380 255989 108766 68680.1 64152.1 72072.6 96282 106743 155366 231915 222196 372163
pelacesobs
 0 0 0 0 0 0 0 0 0 2.06254e+06 1.5e+06 0 1.87456e+06 323000 250000 174000 83755 137374 0 501740 490994 745055 786931
pelacespred
 2.13802e+06 454617 742734 779292 1.04611e+06 951070 2.55555e+06 2.06002e+06 2.31372e+06 2.31042e+06 1.65317e+06 1.1724e+06 729230 242662 158840 158114 185990 258571 283881 413651 713457 637056 881274
mphobs
 0 0 0 0 0 0 112323 0 153150 637223 0 255016 313432 73983 77613 109348 50772 17779 17303 59886 28197 0 207744
mphpred
 171127 95603.2 106041 107725 118433 190413 277011 326454 296254 330165 332483 231854 139474 120505 49107 40058.2 42784.5 55870.1 31058.8 35814.5 58436.3 73640.6 93383
desembarqueobs
 350755 77701 442110 56441 14545 235359 269955 359681 431902 328805 639364 411747 362871 311530 167758 66681 60226 58785 57116 73181 50977 67692 138656
desembarquepred
 350759 77699.1 442091 56443.1 14545.2 235428 269997 359648 431888 328801 639315 411804 363034 311653 167611 66681.4 60253.8 58776.6 57097.9 73175.6 50976.2 67677 138649
Reclutas
 39559.2 48748.9 24779.5 38684.1 65531 47203.8 79091.3 84898.3 116028 124390 65821.6 44785.5 45872.8 24506.6 15522.7 14265.8 9834.74 12444 14927.3 23424.6 30102.3 42558.6 55588
log_desv_Rt
 0.0644236 0.273307 -0.403358 0.042053 0.569148 0.2411 0.757228 0.828079 1.14045 1.21005 0.573572 0.18851 0.212498 -0.414433 -0.871075 -0.955513 -1.32745 -1.09214 -0.91018 -0.45959 -0.208773 0.137506 0.404592
SSB
 535568 299205 331870 337143 370655 595927 843515 1.01009e+06 905991 1.01223e+06 1.04056e+06 725621 451208 234780 100689 82278.8 91452.8 113526 144173 175115 269544 331059 431781
BT
 1.72597e+06 440373 742170 587193 718997 829142 1.9121e+06 1.79625e+06 1.95831e+06 1.87546e+06 1.6872e+06 1.16786e+06 843955 454620 244572 161183 174167 221970 239875 337611 523887 493973 690238
Ftot
 0.592978 0.540426 0.90867 0.201266 0.0372325 0.367038 0.243274 0.472125 0.509104 0.35657 0.680298 0.637416 1.0198 1.87746 2.02582 0.82973 0.643938 0.488726 0.388278 0.381794 0.171694 0.217159 0.249044
BD_Bspro_t
 0.928327 0.682933 0.609411 0.433353 0.584396 0.744545 0.691429 0.702167 0.646037 0.625911 0.603297 0.441897 0.333966 0.230907 0.127043 0.128077 0.18825 0.290661 0.398791 0.505846 0.635596 0.736417 0.753985
BD_Bspro
 0.700528 0.391362 0.434089 0.440986 0.48482 0.779479 1.10333 1.3212 1.18505 1.32401 1.36106 0.949119 0.590184 0.307095 0.131702 0.107621 0.119621 0.148494 0.18858 0.229053 0.352566 0.433028 0.564773
BD_Bo
 0.475346 0.265561 0.294553 0.299233 0.328977 0.528918 0.748666 0.896507 0.804117 0.898413 0.923551 0.644029 0.400472 0.20838 0.089367 0.0730269 0.0811694 0.100761 0.127961 0.155425 0.239235 0.293833 0.383229
BD_Brms
 1.60284 0.895454 0.993214 1.00899 1.10929 1.78348 2.52445 3.02296 2.71143 3.02939 3.11416 2.17162 1.35037 0.702646 0.30134 0.246242 0.273698 0.33976 0.431478 0.524082 0.806685 0.990787 1.29222
S_f
 0.161663 1 1 1 1
 0.161663 1 1 1 1
 0.161663 1 1 1 1
 0.161663 1 1 1 1
 0.161663 1 1 1 1
 0.161663 1 1 1 1
 0.161663 1 1 1 1
 0.161663 1 1 1 1
 0.161663 1 1 1 1
 0.161663 1 1 1 1
 0.161663 1 1 1 1
 0.161663 1 1 1 1
 0.161663 1 1 1 1
 0.161663 1 1 1 1
 0.161663 1 1 1 1
 0.161663 1 1 1 1
 0.161663 1 1 1 1
 0.161663 1 1 1 1
 0.161663 1 1 1 1
 0.161663 1 1 1 1
 0.161663 1 1 1 1
 0.161663 1 1 1 1
 0.161663 1 1 1 1
Scru_reclas
 0.915572 1 1 1 1
 0.915572 1 1 1 1
 0.915572 1 1 1 1
 0.915572 1 1 1 1
 0.915572 1 1 1 1
 0.915572 1 1 1 1
 0.915572 1 1 1 1
 0.915572 1 1 1 1
 0.915572 1 1 1 1
 0.915572 1 1 1 1
 0.915572 1 1 1 1
 0.915572 1 1 1 1
 0.915572 1 1 1 1
 0.915572 1 1 1 1
 0.915572 1 1 1 1
 0.915572 1 1 1 1
 0.915572 1 1 1 1
 0.915572 1 1 1 1
 0.915572 1 1 1 1
 0.915572 1 1 1 1
 0.915572 1 1 1 1
 0.915572 1 1 1 1
 0.915572 1 1 1 1
Scru_pelaces
 0.999804 1 1 1 1
 0.999804 1 1 1 1
 0.999804 1 1 1 1
 0.999804 1 1 1 1
 0.999804 1 1 1 1
 0.999804 1 1 1 1
 0.999804 1 1 1 1
 0.999804 1 1 1 1
 0.999804 1 1 1 1
 0.999804 1 1 1 1
 0.999804 1 1 1 1
 0.999804 1 1 1 1
 0.999804 1 1 1 1
 0.999804 1 1 1 1
 0.999804 1 1 1 1
 0.999804 1 1 1 1
 0.999804 1 1 1 1
 0.999804 1 1 1 1
 0.999804 1 1 1 1
 0.999804 1 1 1 1
 0.999804 1 1 1 1
 0.999804 1 1 1 1
 0.999804 1 1 1 1
pf_obs 
 0.256992 0.487395 0.22802 0.0275931 0
 0.321318 0.546541 0.124235 0.00734118 0.000564706
 0.182869 0.594174 0.210203 0.0122559 0.00049798
 0.330522 0.361315 0.267642 0.0388342 0.00168674
 0.649043 0.306663 0.0425973 0.00169635 0
 0.582887 0.30429 0.105238 0.00758474 0
 0.465427 0.430635 0.0974691 0.00646863 0
 0.296916 0.608066 0.0921331 0.00288517 0
 0.311714 0.524322 0.152257 0.0117073 0
 0.15457 0.633149 0.183074 0.0267441 0.00246327
 0.131901 0.49318 0.331252 0.0422183 0.00144891
 0.196976 0.569456 0.194076 0.0375587 0.00193317
 0.518974 0.381816 0.0799577 0.0180837 0.00116848
 0.0928022 0.601141 0.25162 0.0475244 0.00691264
 0.122501 0.610282 0.24278 0.0234846 0.000952079
 0.383417 0.481906 0.127806 0.00687128 0
 0.0376549 0.599619 0.316969 0.0457579 0
 0.0361596 0.667082 0.258105 0.0386534 0
 0.158088 0.579412 0.248529 0.0139706 0
 0.0477256 0.309471 0.559284 0.082774 0.000745712
 0.0406174 0.521527 0.379366 0.0568643 0.0016247
 0.151134 0.462217 0.34131 0.0453401 0
 0.294876 0.26143 0.354403 0.0886775 0.000613685
pf_pred 
 0.309874 0.485229 0.183037 0.0218499 9.63106e-06
 0.295898 0.55479 0.104982 0.0396009 0.00472942
 0.159046 0.649192 0.151097 0.0285918 0.0120734
 0.291193 0.459857 0.192182 0.0447297 0.0120382
 0.298474 0.516744 0.119882 0.0501008 0.0147991
 0.163722 0.608916 0.167475 0.0388534 0.0210338
 0.271949 0.430329 0.216779 0.0596225 0.0213204
 0.236541 0.551092 0.125523 0.0632326 0.0236103
 0.288654 0.502799 0.150537 0.0342882 0.0237221
 0.247159 0.574326 0.126179 0.0377777 0.0145578
 0.140178 0.607772 0.192284 0.0422446 0.0175219
 0.15284 0.495841 0.248332 0.0785663 0.0244203
 0.238542 0.460192 0.17633 0.0883116 0.036624
 0.216366 0.599211 0.111457 0.0427066 0.030259
 0.295543 0.580458 0.0948166 0.0176365 0.0115458
 0.327581 0.595836 0.0631032 0.0103078 0.00317248
 0.20822 0.649422 0.126145 0.0133596 0.00285391
 0.272709 0.502408 0.18445 0.0358279 0.004605
 0.265841 0.547937 0.128641 0.0472284 0.0103528
 0.312602 0.501704 0.138592 0.0325378 0.0145643
 0.267715 0.565181 0.121963 0.0336912 0.0114503
 0.266694 0.52096 0.16389 0.0353665 0.0130901
 0.255926 0.531163 0.151257 0.0475844 0.014069
pobs_RECLAS
 0 0 0 0 0
 0 0 0 0 0
 0 0 0 0 0
 0 0 0 0 0
 0.835266 0.146461 0.0176864 0.000547809 3.91292e-05
 0.385257 0.428462 0.181853 0.0044286 0
 0.867414 0.0963971 0.0333333 0.00285562 0
 0.441836 0.489002 0.0689373 0.000224442 0
 0.779404 0.147425 0.0564933 0.0165055 0.000172143
 0.814271 0.122319 0.05973 0.00367925 0
 0.40263 0.566651 0.0304383 0.000280538 0
 0.475488 0.404961 0.113038 0.00651328 0
 0.955842 0.0263864 0.0167828 0.000988607 0
 0.975058 0.0227948 0.00214734 0 0
 0.738997 0.206755 0.0527124 0.00153531 0
 0.850938 0.134255 0.0134407 0.00136685 0
 0.542534 0.407297 0.0501686 0 0
 0.764087 0.199537 0.0359546 0.000420521 0
 0.470689 0.182191 0.310203 0.0369168 0
 0.84361 0.089868 0.0606195 0.00523954 0.000663233
 0.607945 0.314616 0.071237 0.00620181 0
 0.523733 0.453247 0.0230204 0 0
 0.530135 0.295979 0.169645 0.0042399 0
ppred_RECLAS
 0.726271 0.192459 0.072599 0.00866647 3.82002e-06
 0.711922 0.226988 0.0429525 0.0162024 0.00193501
 0.53608 0.358132 0.0833541 0.0157729 0.00666039
 0.701782 0.193477 0.0808571 0.0188192 0.00506486
 0.707096 0.215753 0.0500537 0.0209183 0.00617897
 0.531541 0.341097 0.0938146 0.0217646 0.0117825
 0.682094 0.187905 0.0946574 0.0260344 0.00930962
 0.644263 0.256784 0.0584882 0.0294635 0.0110013
 0.704105 0.209147 0.0626182 0.0142627 0.00986759
 0.655318 0.26295 0.0577699 0.0172962 0.00666519
 0.492799 0.358519 0.113427 0.0249197 0.010336
 0.517058 0.282665 0.141567 0.0447884 0.0139213
 0.659868 0.205561 0.078764 0.0394475 0.0163594
 0.661138 0.259113 0.0481967 0.0184674 0.0130847
 0.752914 0.203593 0.0332565 0.00618592 0.00404963
 0.746822 0.224343 0.0237595 0.00388106 0.0011945
 0.609618 0.320193 0.0621948 0.00658687 0.0014071
 0.687005 0.216215 0.0793796 0.0154188 0.0019818
 0.677641 0.240592 0.0564846 0.0207373 0.00454578
 0.725177 0.200583 0.0554094 0.0130087 0.00582282
 0.6764 0.249756 0.0538958 0.0148883 0.00505995
 0.675894 0.230254 0.0724361 0.0156313 0.00578554
 0.66403 0.239835 0.0682968 0.0214857 0.00635256
pobs_PELACES
 0 0 0 0 0
 0 0 0 0 0
 0 0 0 0 0
 0 0 0 0 0
 0 0 0 0 0
 0 0 0 0 0
 0 0 0 0 0
 0 0 0 0 0
 0 0 0 0 0
 0 0 0 0 0
 0.450072 0.473896 0.0757376 0.000293798 0
 0 0 0 0 0
 0.463077 0.371075 0.160297 0.00555027 0
 0.529543 0.364841 0.0842815 0.0213345 0
 0.631943 0.363953 0.00410389 0 0
 0.735681 0.248677 0.0153453 0.000297389 0
 0.695825 0.281241 0.0229344 0 0
 0.275771 0.60734 0.115278 0.00161068 0
 0 0 0 0 0
 0.896147 0.0623911 0.0374545 0.00400742 0
 0.803859 0.145111 0.0509908 3.86294e-05 0
 0.739449 0.233085 0.0266225 0.000797448 4.60066e-05
 0.878498 0.100942 0.0204185 0.000141795 0
ppred_PELACES
 0.773441 0.159294 0.0600885 0.00717303 3.16174e-06
 0.758093 0.190608 0.0360683 0.0136056 0.00162488
 0.618684 0.294365 0.0685124 0.0129644 0.00547446
 0.730958 0.174548 0.0729464 0.016978 0.00456934
 0.727035 0.201066 0.0466463 0.0194943 0.00575834
 0.578321 0.307035 0.0844464 0.0195912 0.0106059
 0.714782 0.168584 0.0849245 0.0233575 0.00835238
 0.692651 0.221856 0.0505326 0.0254559 0.00950493
 0.749468 0.177083 0.0530183 0.0120761 0.0083548
 0.696176 0.231781 0.0509219 0.0152459 0.00587511
 0.561539 0.309929 0.0980541 0.0215424 0.00893519
 0.582395 0.244423 0.122415 0.0387291 0.0120379
 0.737468 0.158663 0.0607944 0.0304477 0.0126271
 0.781731 0.166901 0.0310447 0.0118953 0.00842819
 0.853544 0.120677 0.0197123 0.0036666 0.00240035
 0.802071 0.175386 0.0185746 0.00303413 0.00093383
 0.670813 0.270001 0.0524454 0.00555433 0.00118653
 0.732897 0.184513 0.0677408 0.0131581 0.00169122
 0.718772 0.209893 0.0492775 0.0180914 0.00396576
 0.762044 0.173674 0.0479762 0.0112636 0.00504169
 0.705325 0.227431 0.0490783 0.0135575 0.00460767
 0.707454 0.207832 0.0653825 0.0141091 0.00522216
 0.698089 0.215521 0.0613732 0.0193076 0.00570857
pobs_pel_tallas
 0 0 0 0 0 0 0 0 0 0 0 0 0 0 0 0 0 0 0 0 0 0 0 0 0 0 0 0 0 0 0 0 0 0 0 0
 0 0 0 0 0 0 0 0 0 0 0 0 0 0 0 0 0 0 0 0 0 0 0 0 0 0 0 0 0 0 0 0 0 0 0 0
 0 0 0 0 0 0 0 0 0 0 0 0 0 0 0 0 0 0 0 0 0 0 0 0 0 0 0 0 0 0 0 0 0 0 0 0
 0 0 0 0 0 0 0 0 0 0 0 0 0 0 0 0 0 0 0 0 0 0 0 0 0 0 0 0 0 0 0 0 0 0 0 0
 0 0 0 0 0 0 0 0 0 0 0 0 0 0 0 0 0 0 0 0 0 0 0 0 0 0 0 0 0 0 0 0 0 0 0 0
 0 0 0 0 0 0 0 0 0 0 0 0 0 0 0 0 0 0 0 0 0 0 0 0 0 0 0 0 0 0 0 0 0 0 0 0
 0 0 0 0 0 0 0 0 0 0 0 0 0 0 0 0 0 0 0 0 0 0 0 0 0 0 0 0 0 0 0 0 0 0 0 0
 0 0 0 0 0 0 0 0 0 0 0 0 0 0 0 0 0 0 0 0 0 0 0 0 0 0 0 0 0 0 0 0 0 0 0 0
 0 0 0 0 0 0 0 0 0 0 0 0 0 0 0 0 0 0 0 0 0 0 0 0 0 0 0 0 0 0 0 0 0 0 0 0
 0 0 0 0 0 0 0 0 0 0 0 0 0 0 0 0 0 0 0 0 0 0 0 0 0 0 0 0 0 0 0 0 0 0 0 0
 0 0 0 0 0 0 0 0 1.78061e-05 0.00172719 0.00360574 0.0105946 0.0120993 0.0124554 0.0147524 0.0171206 0.0266825 0.0428682 0.0675386 0.121331 0.153587 0.119568 0.100827 0.0573624 0.0630603 0.0341343 0.0324427 0.0444173 0.0211091 0.0280891 0.0125444 0.00206551 0 0 0 0
 0 0 0 0 0 0 0 0 0 0 0 0 0 0 0 0 0 0 0 0 0 0 0 0 0 0 0 0 0 0 0 0 0 0 0 0
 0 0 0 0 0 0 0.0133647 0.0140871 0.0187388 0.0205184 0.03894 0.0496705 0.03968 0.0493445 0.0407372 0.0367815 0.0215668 0.0243155 0.0234873 0.0199281 0.019796 0.0243948 0.0301388 0.0376714 0.0412746 0.0863199 0.0771752 0.113111 0.0741005 0.0525337 0.0229764 0.00759418 0.00175318 0 0 0
 0 0 0 0 0 0 0 0 0 0 0.00219441 0.00772107 0.0458388 0.0604681 0.0671733 0.0775358 0.0609151 0.0617685 0.073594 0.0568108 0.0755445 0.0548602 0.0670107 0.0636378 0.0643287 0.046367 0.0373049 0.0286899 0.0247887 0.0153202 0.00654259 0.00121912 0.000365735 0 0 0
 0 0 0 0 0 0 0 0 0 0 0 0 0.000112435 0.00938835 0.0111873 0.0202946 0.0414886 0.0713402 0.111592 0.104902 0.108894 0.110636 0.117776 0.105296 0.107544 0.0401394 0.0192827 0.0124803 0.00416011 0.0028671 0.000618394 0 0 0 0 0
 0 0 0 0 0 0 0 0 0 0 0.00291406 0.0102884 0.027416 0.0768956 0.0749926 0.110853 0.0956884 0.0897413 0.0766577 0.0534642 0.0500743 0.0551293 0.0594112 0.0620874 0.0668451 0.0424026 0.0208742 0.0120726 0.0048766 0.00582813 0.00118941 0.000297354 0 0 0 0
 0 0.00264628 0.0354308 0.0461629 0.0458689 0.0383711 0.0214643 0.0164657 0.0346957 0.0420465 0.0363128 0.0245516 0.0311673 0.0291091 0.0169068 0.0133784 0.00837989 0.0085269 0.0148486 0.0160247 0.0276389 0.0546898 0.0760071 0.122758 0.109233 0.0665981 0.0333725 0.0166128 0.00676272 0.00308733 0.000882094 0 0 0 0 0
 0 0 0 0 0 0 0 0.000805153 0.000690131 0.00759144 0.0133425 0.0154129 0.00931677 0.000345066 0.00356568 0.00563607 0.00851162 0.0253048 0.0502646 0.0516448 0.0657925 0.0565908 0.0611916 0.0827007 0.0866115 0.110766 0.145733 0.0935128 0.0569358 0.0249597 0.0138026 0.00621118 0.00161031 0.00115022 0 0
 0 0 0 0 0 0 0 0 0 0 0 0 0 0 0 0 0 0 0 0 0 0 0 0 0 0 0 0 0 0 0 0 0 0 0 0
 0.00147267 0.00158595 0.00478618 0.00569244 0.00954404 0.0108468 0.00647125 0.017049 0.0510054 0.094081 0.124002 0.0959785 0.0687766 0.0820023 0.061753 0.0591476 0.0492212 0.0479892 0.0443925 0.0268479 0.0217502 0.0140895 0.0121071 0.0120363 0.00920419 0.00665534 0.0049561 0.00860946 0.00930331 0.0156896 0.0114698 0.00855282 0.00243557 0.00046729 0 2.83206e-05
 0 0 0 0 0.000772559 0.00158375 0.000888443 0.00281984 0.00712685 0.0440552 0.0773331 0.111326 0.0921469 0.0852325 0.0710754 0.0886704 0.0786465 0.0553345 0.0373146 0.0185414 0.00753245 0.00457741 0.012979 0.0271748 0.0457355 0.0583668 0.034881 0.0177882 0.00938659 0.00492506 0.0015258 0.00185414 0.000309023 5.79419e-05 3.86279e-05 0
 0 0.00173294 0.00326652 0 0.00397197 0.00683976 0.00946217 0.0152591 0.00757587 0.0136028 0.0228656 0.0392903 0.0559909 0.0764795 0.0681675 0.0726916 0.0566044 0.0477403 0.0527397 0.0444891 0.0609904 0.0582453 0.0661739 0.0445044 0.0529084 0.0360697 0.0280645 0.0235558 0.0158879 0.00826598 0.00280645 0.00217768 0.000904811 0.00058276 9.20147e-05 0
 0 0 0 0 0 0 0 0 0 0 0 0 0 0 0 0 0 0 0 0 0 0 0 0 0 0 0 0 0 0 0 0 0 0 0 0
ppred_pel_tallas
 1.01152e-16 3.37449e-05 0.000198059 0.000941488 0.00362479 0.0113036 0.0285519 0.0584209 0.0968386 0.13005 0.141516 0.124817 0.089325 0.0520848 0.025192 0.010952 0.00567445 0.00501746 0.00632034 0.0084144 0.0108206 0.0132485 0.0154302 0.0171152 0.0181134 0.0183342 0.0178038 0.0166492 0.0150609 0.0132447 0.0113802 0.00959636 0.00796718 0.00652192 0.00526189 0.00417595
 1.01118e-16 3.30769e-05 0.000194134 0.000922823 0.00355292 0.0110794 0.0279858 0.0572628 0.0949199 0.127476 0.138723 0.122371 0.0876143 0.0511665 0.0248954 0.0110735 0.00609569 0.00571229 0.00731106 0.00972698 0.0124544 0.0151592 0.0175241 0.0192563 0.0201419 0.0200935 0.0191685 0.0175472 0.0154839 0.0132443 0.0110522 0.00905879 0.00733763 0.00589938 0.00471639 0.00374594
 1.0177e-16 2.70022e-05 0.000158461 0.000753208 0.00289982 0.00904275 0.0228414 0.0467379 0.0774778 0.104065 0.11328 0.100008 0.0717798 0.0422761 0.0212367 0.0105807 0.00743011 0.00836334 0.011256 0.0151055 0.0193775 0.0236148 0.0273375 0.0300925 0.0315452 0.0315541 0.0301999 0.0277533 0.0245998 0.0211452 0.0177341 0.0146025 0.0118698 0.00956059 0.00764105 0.00605348
 1.0189e-16 3.18931e-05 0.000187185 0.000889792 0.00342574 0.0106829 0.026984 0.055213 0.091522 0.122912 0.133755 0.117987 0.0844706 0.0493212 0.0239813 0.0106424 0.00583049 0.0054535 0.00700242 0.0093686 0.0120833 0.0148447 0.0173643 0.0193684 0.0206464 0.0210928 0.0207261 0.0196721 0.0181241 0.016292 0.0143588 0.012456 0.0106604 0.00900556 0.00749997 0.00614309
 1.01667e-16 3.1723e-05 0.000186185 0.00088503 0.0034074 0.0106256 0.0268396 0.0549176 0.091033 0.122258 0.133049 0.117378 0.0840642 0.049144 0.0240066 0.0108411 0.00620022 0.00601705 0.00779035 0.0103995 0.0133472 0.0162919 0.0189026 0.0208702 0.0219662 0.0220921 0.0212985 0.0197637 0.017742 0.0155009 0.0132656 0.0111889 0.0093463 0.0077524 0.0063857 0.00521211
 1.02468e-16 2.52428e-05 0.00014813 0.000704091 0.0027107 0.00845299 0.0213518 0.04369 0.0724264 0.0972828 0.105906 0.093518 0.0671648 0.0396451 0.0200771 0.0102712 0.00755442 0.00874262 0.011856 0.0159503 0.0205034 0.0250496 0.0290922 0.0321584 0.0338943 0.0341433 0.0329757 0.0306568 0.0275701 0.0241216 0.0206567 0.0174134 0.0145148 0.0119922 0.00982161 0.00795844
 1.02454e-16 3.11875e-05 0.000183043 0.000870101 0.00334993 0.0104464 0.0263869 0.0539911 0.0894966 0.120192 0.130795 0.115376 0.0826017 0.0482309 0.0234535 0.0104134 0.00571568 0.00536184 0.00690312 0.00926163 0.0119863 0.0147894 0.0173945 0.0195366 0.0210068 0.0216932 0.0215984 0.0208254 0.0195411 0.0179298 0.0161536 0.0143317 0.0125373 0.0108097 0.00917013 0.00763504
 1.02109e-16 3.02245e-05 0.000177385 0.000843192 0.00324631 0.0101233 0.0255707 0.0523215 0.0867306 0.116483 0.126771 0.111857 0.0801496 0.0469341 0.023074 0.0106689 0.00644934 0.00655134 0.00859451 0.0115011 0.0147724 0.0180442 0.0209548 0.0231646 0.024422 0.0246181 0.0238071 0.022183 0.0200226 0.0176161 0.0152068 0.0129581 0.0109497 0.00919495 0.00766992 0.00633863
 1.01616e-16 3.27002e-05 0.000191924 0.000912319 0.00351248 0.0109533 0.0276673 0.056611 0.0938391 0.126024 0.13714 0.12097 0.0866003 0.0505526 0.0245567 0.0108564 0.00588576 0.00544405 0.00695353 0.00927267 0.0119173 0.0145768 0.0169573 0.0187848 0.0198536 0.0200704 0.0194716 0.0182049 0.016486 0.0145436 0.012573 0.0107089 0.00902205 0.00753228 0.00622931 0.00509204
 1.01597e-16 3.03787e-05 0.000178289 0.000847488 0.00326284 0.0101748 0.0257009 0.0525881 0.0871728 0.117077 0.12742 0.112434 0.0805728 0.0472014 0.0232414 0.0108063 0.00661221 0.00677661 0.00890468 0.0119067 0.01527 0.0186134 0.0215565 0.0237431 0.0249108 0.0249491 0.0239216 0.0220407 0.019608 0.0169397 0.0143033 0.0118802 0.0097602 0.00795943 0.0064495 0.00518498
 1.02651e-16 2.45111e-05 0.000143834 0.000683668 0.00263207 0.00820777 0.0207324 0.0424227 0.0703259 0.0944628 0.102839 0.0908177 0.0652425 0.0385449 0.0195841 0.0101247 0.00757881 0.00886105 0.0120527 0.016236 0.0208963 0.025568 0.0297507 0.0329649 0.0348484 0.0352352 0.0341856 0.0319559 0.0289221 0.0254849 0.0219878 0.0186709 0.015663 0.0130043 0.010682 0.00866294
 1.03711e-16 2.54179e-05 0.000149164 0.000709019 0.0027297 0.00851224 0.0215014 0.0439956 0.0729312 0.0979557 0.106624 0.0941194 0.0675249 0.0397138 0.0198478 0.009727 0.00663977 0.00737089 0.00993924 0.0134361 0.0174097 0.0214911 0.0252895 0.0284224 0.0305873 0.0316213 0.0315272 0.0304521 0.0286353 0.0263403 0.023799 0.0211808 0.0185897 0.0160815 0.0136874 0.0114329
 1.02551e-16 3.21762e-05 0.000188849 0.000897705 0.00345622 0.0107779 0.0272241 0.0557041 0.0923354 0.124003 0.134938 0.11902 0.0851887 0.0496966 0.024082 0.0105479 0.00558228 0.00505163 0.00642517 0.00859306 0.0111005 0.0136698 0.0160416 0.0179709 0.0192686 0.0198393 0.0196961 0.0189464 0.0177548 0.0162973 0.014724 0.0131382 0.011596 0.0101191 0.00871246 0.00737943
 1.01298e-16 3.41066e-05 0.000200181 0.000951579 0.00366364 0.0114247 0.028858 0.0590471 0.0978767 0.131444 0.143034 0.126157 0.090288 0.0526532 0.0254792 0.0110961 0.00577332 0.00511982 0.00644152 0.00854964 0.0109504 0.0133403 0.0154408 0.0169963 0.0178202 0.017836 0.0170925 0.0157455 0.0140138 0.0121252 0.0102703 0.00857628 0.00710282 0.00585617 0.00481088 0.00393046
 1.00558e-16 3.72361e-05 0.000218559 0.00103896 0.00400008 0.0124739 0.0315081 0.0644691 0.106862 0.143506 0.156143 0.137684 0.0984584 0.0572584 0.0274091 0.0114255 0.00520528 0.00393246 0.00466084 0.0061137 0.0078037 0.00947891 0.0109306 0.0119724 0.0124703 0.0123715 0.0117164 0.0106244 0.00926165 0.00780162 0.00639009 0.00512509 0.00405339 0.00317987 0.00248331 0.00193182
 1.00469e-16 3.49938e-05 0.00020539 0.000976338 0.00375897 0.011722 0.0296089 0.0605836 0.100424 0.134865 0.146756 0.129441 0.09264 0.0540281 0.02615 0.0113959 0.00593682 0.00526401 0.00660784 0.00874042 0.0111447 0.0134977 0.0155033 0.0168928 0.017475 0.0171803 0.0160765 0.0143485 0.0122498 0.0100431 0.00794825 0.00611148 0.00460002 0.00341585 0.00251956 0.00185416
 1.01079e-16 2.92743e-05 0.000171802 0.000816638 0.00314405 0.00980439 0.0247652 0.0506739 0.084001 0.112821 0.1228 0.108383 0.0777263 0.045648 0.0226887 0.0109046 0.00715056 0.00769738 0.0102355 0.0136923 0.0175274 0.0213066 0.0245855 0.0269484 0.0280923 0.0278951 0.0264422 0.0239965 0.0209273 0.017622 0.0144089 0.0115121 0.00904258 0.00701876 0.00540009 0.00412057
 1.01553e-16 3.1978e-05 0.000187683 0.000892156 0.00343484 0.0107112 0.0270557 0.0553598 0.0917655 0.12324 0.134114 0.118308 0.0847108 0.0494821 0.0240979 0.0107585 0.00598354 0.00567085 0.0073024 0.00975983 0.0125615 0.0153893 0.0179371 0.0199163 0.0211075 0.0214061 0.0208415 0.0195591 0.0177767 0.0157287 0.0136186 0.0115916 0.00972946 0.00806367 0.00659486 0.00531112
 1.01575e-16 3.13631e-05 0.000184071 0.000874977 0.00336869 0.0105049 0.0265347 0.0542938 0.0899994 0.120871 0.131542 0.116055 0.0831306 0.0486263 0.023806 0.010839 0.00632217 0.00623802 0.00811391 0.0108372 0.0139059 0.0169668 0.0196741 0.0217048 0.02282 0.0229171 0.0220496 0.0204053 0.0182523 0.0158724 0.013504 0.0113097 0.00937085 0.00770401 0.0062871 0.00508355
 1.01361e-16 3.32485e-05 0.000195143 0.000927624 0.00357141 0.0111371 0.0281314 0.0575606 0.0954131 0.128137 0.139438 0.122993 0.0880393 0.0513742 0.0249213 0.0109584 0.00585576 0.0053389 0.00678494 0.00903383 0.0115971 0.0141657 0.0164503 0.0181818 0.01916 0.0192961 0.0186298 0.0173113 0.0155578 0.0135994 0.011632 0.0097908 0.00814604 0.00671589 0.00548717 0.00443469
 1.01452e-16 3.07774e-05 0.000180631 0.000858621 0.00330571 0.0103085 0.0260386 0.0532789 0.0883176 0.118614 0.129091 0.113904 0.0816164 0.0477932 0.0234962 0.0108632 0.00656333 0.00666017 0.00872653 0.0116604 0.0149483 0.0182131 0.0210805 0.0232009 0.0243168 0.024321 0.0232772 0.0213959 0.0189754 0.0163288 0.0137209 0.0113314 0.00924954 0.00749128 0.00602784 0.00481295
 1.01725e-16 3.08695e-05 0.000181173 0.000861202 0.00331565 0.0103395 0.0261169 0.053439 0.0885825 0.118968 0.129472 0.11423 0.0818278 0.0478723 0.0234525 0.0107053 0.00628417 0.00623803 0.00813653 0.0108876 0.0139993 0.0171243 0.0199205 0.0220653 0.0233158 0.023561 0.022842 0.0213314 0.0192824 0.0169648 0.0146101 0.01238 0.0103614 0.00858133 0.00703101 0.00568751
 1.01872e-16 3.04615e-05 0.000178777 0.000849808 0.00327178 0.0102027 0.0257713 0.052732 0.0874109 0.117396 0.127763 0.112728 0.0807647 0.0472761 0.0232084 0.0106749 0.00637745 0.00642053 0.00840596 0.0112518 0.0144633 0.017684 0.0205606 0.0227603 0.0240335 0.0242682 0.0235103 0.0219418 0.0198272 0.0174466 0.0150387 0.0127683 0.010721 0.00892015 0.00735198 0.00598929
pSPR Fmed_Fpbrs
0.45264   0.346565 0.346565
Fs Fmed_Fpbrs
0.64   1.005 1.005
SSBpbr Bo_Bmed_Bpbrs
1.12669e+06  453651  334137 334137
Ro
37091
SPR SPRFo_SPRFmed_SPRFpbrs
764520 346053 264956
log_Ro
10.3411
likeval ReclasPelacesDesembMPH_pf_preclas_ppelaces_ptallas_desvR_qrecl_qpela
 63.8492 13.6731 0.00830969 13.8408 294.835 164.762 43.7112 0 15.449 2.24191e-05 4.69061e-05 0 0 0 0
q_reclas_q_pelaces
0.511221 2.64952
M
0.7
N
 39559.2 12306.3 4642.15 554.154 0.244261
 48748.9 17848.8 3377.49 1274.05 152.156
 24779.5 22182.8 5162.96 976.976 412.545
 38684.1 10624 4439.96 1033.39 278.118
 65531 18595 4313.95 1802.87 532.543
 47203.8 32346.5 8896.51 2063.95 1117.35
 79091.3 22090.3 11128 3060.63 1094.45
 84898.3 37760.9 8600.88 4332.71 1617.78
 116028 39061.2 11694.9 2663.76 1842.92
 124390 53065.4 11658.4 3490.5 1345.08
 65821.6 58310.3 18448 4052.99 1681.07
 44785.5 29281.9 14665.3 4639.73 1442.14
 45872.8 20062.2 7687.17 3849.97 1596.63
 24506.6 19317.5 3593.17 1376.78 975.493
 15522.7 8983.84 1467.49 272.962 178.695
 14265.8 5555.57 588.374 96.1096 29.5802
 9834.74 6194.89 1203.3 127.438 27.2237
 12444 4400.95 1615.73 313.842 40.3384
 14927.3 5710.04 1340.57 492.166 107.886
 23424.6 6961.71 1923.12 451.498 202.095
 30102.3 10936 2359.93 651.912 221.56
 42558.6 14539.2 4573.92 987.023 365.323
 55588 20404.9 5810.62 1827.98 540.469
pred_Ctot
 2615.05 4094.88 1544.66 184.393 0.0812771
 2947.79 5526.93 1045.85 394.513 47.1155
 2455.33 10022.2 2332.62 441.397 186.388
 892.3 1409.13 588.9 137.065 36.8885
 282.913 489.802 113.632 47.4886 14.0275
 1962.43 7298.68 2007.41 465.711 252.119
 2198.56 3478.97 1752.54 482.015 172.363
 4506.52 10499.3 2391.44 1204.69 449.818
 6624.01 11538.2 3454.52 786.843 544.375
 5027.58 11682.6 2566.66 768.454 296.128
 4961.35 21511 6805.57 1495.17 620.158
 3172.48 10292.1 5154.59 1630.79 506.888
 5062.11 9765.77 3741.92 1874.07 777.199
 4694.88 13002.2 2418.48 926.682 656.584
 3176.86 6239.48 1019.21 189.579 124.108
 1297.87 2360.68 250.013 40.839 12.5693
 703.472 2194.07 426.179 45.1354 9.64193
 682.969 1258.23 461.936 89.7271 11.5327
 655.51 1351.1 317.204 116.456 25.528
 1011.94 1624.09 448.643 105.33 47.1466
 593.576 1253.12 270.415 74.7001 25.3877
 1057.99 2066.69 650.166 140.302 51.9294
 1581.22 3281.75 934.53 293.996 86.9244
F
 0.0958626 0.592978 0.592978 0.592978 0.592978
 0.0873668 0.540426 0.540426 0.540426 0.540426
 0.146898 0.90867 0.90867 0.90867 0.90867
 0.0325372 0.201266 0.201266 0.201266 0.201266
 0.00601911 0.0372325 0.0372325 0.0372325 0.0372325
 0.0593364 0.367038 0.367038 0.367038 0.367038
 0.0393284 0.243274 0.243274 0.243274 0.243274
 0.0763251 0.472125 0.472125 0.472125 0.472125
 0.0823032 0.509104 0.509104 0.509104 0.509104
 0.0576441 0.35657 0.35657 0.35657 0.35657
 0.109979 0.680298 0.680298 0.680298 0.680298
 0.103046 0.637416 0.637416 0.637416 0.637416
 0.164865 1.0198 1.0198 1.0198 1.0198
 0.303515 1.87746 1.87746 1.87746 1.87746
 0.3275 2.02582 2.02582 2.02582 2.02582
 0.134136 0.82973 0.82973 0.82973 0.82973
 0.104101 0.643938 0.643938 0.643938 0.643938
 0.0790089 0.488726 0.488726 0.488726 0.488726
 0.0627701 0.388278 0.388278 0.388278 0.388278
 0.0617219 0.381794 0.381794 0.381794 0.381794
 0.0277565 0.171694 0.171694 0.171694 0.171694
 0.0351066 0.217159 0.217159 0.217159 0.217159
 0.0402611 0.249044 0.249044 0.249044 0.249044
Np
 25793.1 10887.7 4819.68 1435.81 483.192
YTP_r0W_actual
 39938.9 238158 93601.9 38439.1 14284.6
YTP_p0W_proyectada
 23024.4 276223 119623 43502.9 21066.6
 23024.4 113424 72990 27768.8 10370.4
CTP_r0_actual
 6051.35 9841.24 2802.45 881.631 260.667
CTP_p0_proyectada
 2807.86 12788.1 3809.65 1084.86 473.406
 2807.86 5251.13 2324.52 692.49 233.043
Wmedp
 8.2 21.6 31.4 40.1 44.5
nmprior
 10.8 10.6 4.6 0
nm_flota  nm_reclas  nm_pelaces    nm_pelaL
inf 17.5954 12.9452 16.7232
cv_recla  cv_pelaces  cv_mph
0.758052 0.452875 0.536982
 ------------------------------------------------
Talla a la edad & desviaci?n 
 7.2 14.2025 17.0495 18.207 18.6776
 1.08 2.13037 2.55742 2.73105 2.80164
