years
 1997 1998 1999 2000 2001 2002 2003 2004 2005 2006 2007 2008 2009 2010 2011 2012 2013 2014 2015 2016 2017 2018 2019 2020 2021 2022 2023
reclasobs
 0 0 0 370054 412103 1.49427e+06 250295 1.28982e+06 931140 785840 897777 1.04006e+06 184774 17550 25797 100020 73551 82996 120727 218422 84188 347160 605670 569463 516374 1.08416e+06 1.01767e+06
reclaspred
 384557 105697 321239 233314 338741 398032 885047 613588 732229 676767 539104 363373 223524 105882 76381.2 74908.8 86873.3 120039 129919 190882 281120 262819 464735 631946 746111 691199 598272
pelacesobs
 0 0 0 0 0 0 0 0 0 2.06254e+06 1.5e+06 0 1.87456e+06 323000 250000 174000 83755 137374 0 501740 490994 745055 786931 1.00524e+06 1.33801e+06 1.41789e+06 0
pelacespred
 1.04872e+06 252060 476199 525696 654097 640124 1.63028e+06 1.38499e+06 1.48123e+06 1.3799e+06 994336 693017 425736 169758 120354 125735 151886 210597 233392 334010 549200 498393 723812 1.10895e+06 1.30881e+06 1.34408e+06 1.11865e+06
mphobs
 0 0 0 0 0 0 112323 0 153150 637223 0 255016 313432 73983 77613 109348 50772 17779 17303 59886 28197 0 207744 136588 643089 65757 70829
mphpred
 127723 77706.8 95402.7 116272 122581 188856 288540 339770 308549 332294 311173 221553 133677 99968.5 48401.3 41727.9 45630.7 61518.4 29589.1 33524.7 53662.5 66157.4 83618.1 126302 171455 172412 149424
desembarqueobs
 350755 77701 442110 56441 14545 235359 269955 359681 431902 328805 639364 411747 362871 311530 167758 66681 60226 58785 57116 73181 50977 67692 138656 160484 209506 203330 245020
desembarquepred
 350761 77701.2 442110 56442.4 14545.1 235406 269984 359681 431910 328819 639551 411974 363217 311954 167795 66695.1 60249.3 58787 57110.6 73179.1 50976.7 67685.3 138655 160485 209503 203326 245013
Reclutas
 50294 64383.8 38049.7 60360.1 100441 72761 120390 121988 160694 149020 69230.9 40143.8 42941 24084 18821.5 21015.4 16393.9 20766.3 24258.3 42682.1 55011.6 73092.8 117495 162326 61304.1 80895.3 95886.4
log_desv_Rt
 -0.128363 0.118613 -0.407358 0.0540785 0.563325 0.240931 0.744489 0.757677 1.03325 0.957829 0.191197 -0.353781 -0.286422 -0.864702 -1.11125 -1.00099 -1.24934 -1.01292 -0.85749 -0.29247 -0.0387059 0.24548 0.720147 1.04336 0.0695967 0.346907 0.516914
SSB
 668077 406460 499022 608186 641183 987850 1.47255e+06 1.76049e+06 1.58343e+06 1.70727e+06 1.62765e+06 1.15888e+06 717438 381512 190246 165737 187466 243766 308941 365473 558700 672957 871620 1.26418e+06 1.85852e+06 1.9155e+06 1.57242e+06
BT
 2.16492e+06 583059 1.0947e+06 1.00135e+06 1.18257e+06 1.33243e+06 3.10371e+06 2.88682e+06 3.04688e+06 2.78713e+06 2.35852e+06 1.62101e+06 1.12052e+06 605594 358904 280601 322136 424304 466946 657445 1.02492e+06 955798 1.39169e+06 2.11628e+06 2.50519e+06 2.58591e+06 2.21815e+06
Ftot
 0.453534 0.378263 0.5581 0.108589 0.0213356 0.213538 0.135012 0.25978 0.276364 0.206271 0.417784 0.38424 0.607451 1.05491 0.961299 0.384593 0.301924 0.214656 0.177009 0.178467 0.0813179 0.10463 0.121016 0.113492 0.0969135 0.104267 0.152785
BD_Bspro_t
 0.94471 0.745776 0.703913 0.576296 0.706373 0.828903 0.796184 0.805787 0.762776 0.739772 0.70874 0.563533 0.451432 0.341714 0.226972 0.24263 0.341902 0.49014 0.605103 0.693595 0.789853 0.854619 0.863384 0.869372 0.8791 0.848981 0.820952
BD_Bspro
 0.565658 0.344148 0.42252 0.514948 0.542887 0.836408 1.2468 1.4906 1.34068 1.44554 1.37812 0.981214 0.607451 0.323024 0.161081 0.140328 0.158726 0.206395 0.261579 0.309445 0.473049 0.569789 0.737997 1.07038 1.5736 1.62184 1.33136
BD_Bo
 0.29238 0.177885 0.218394 0.266168 0.28061 0.432326 0.644452 0.770469 0.692979 0.747177 0.712331 0.507174 0.313982 0.166966 0.0832601 0.0725335 0.0820432 0.106682 0.135206 0.159947 0.244511 0.294515 0.381459 0.553261 0.813371 0.838304 0.688159
BD_Brms
 1.01536 0.617745 0.758423 0.924331 0.974481 1.50135 2.23801 2.67563 2.40653 2.59474 2.47373 1.76128 1.09037 0.579828 0.28914 0.251889 0.284914 0.370479 0.469534 0.555453 0.849122 1.02277 1.3247 1.92132 2.82462 2.9112 2.38979
S_f
 0.185055 1 1 1 1
 0.185055 1 1 1 1
 0.185055 1 1 1 1
 0.185055 1 1 1 1
 0.185055 1 1 1 1
 0.185055 1 1 1 1
 0.185055 1 1 1 1
 0.185055 1 1 1 1
 0.185055 1 1 1 1
 0.185055 1 1 1 1
 0.185055 1 1 1 1
 0.185055 1 1 1 1
 0.185055 1 1 1 1
 0.185055 1 1 1 1
 0.185055 1 1 1 1
 0.185055 1 1 1 1
 0.185055 1 1 1 1
 0.185055 1 1 1 1
 0.185055 1 1 1 1
 0.185055 1 1 1 1
 0.185055 1 1 1 1
 0.185055 1 1 1 1
 0.185055 1 1 1 1
 0.185055 1 1 1 1
 0.185055 1 1 1 1
 0.185055 1 1 1 1
 0.185055 1 1 1 1
Scru_reclas
 1 1 1 1 1
 1 1 1 1 1
 1 1 1 1 1
 1 1 1 1 1
 1 1 1 1 1
 1 1 1 1 1
 1 1 1 1 1
 1 1 1 1 1
 1 1 1 1 1
 1 1 1 1 1
 1 1 1 1 1
 1 1 1 1 1
 1 1 1 1 1
 1 1 1 1 1
 1 1 1 1 1
 1 1 1 1 1
 1 1 1 1 1
 1 1 1 1 1
 1 1 1 1 1
 1 1 1 1 1
 1 1 1 1 1
 1 1 1 1 1
 1 1 1 1 1
 1 1 1 1 1
 1 1 1 1 1
 1 1 1 1 1
 1 1 1 1 1
Scru_pelaces
 1 1 1 1 1
 1 1 1 1 1
 1 1 1 1 1
 1 1 1 1 1
 1 1 1 1 1
 1 1 1 1 1
 1 1 1 1 1
 1 1 1 1 1
 1 1 1 1 1
 1 1 1 1 1
 1 1 1 1 1
 1 1 1 1 1
 1 1 1 1 1
 1 1 1 1 1
 1 1 1 1 1
 1 1 1 1 1
 1 1 1 1 1
 1 1 1 1 1
 1 1 1 1 1
 1 1 1 1 1
 1 1 1 1 1
 1 1 1 1 1
 1 1 1 1 1
 1 1 1 1 1
 1 1 1 1 1
 1 1 1 1 1
 1 1 1 1 1
pf_obs 
 0.256992 0.487395 0.22802 0.0275931 0
 0.321318 0.546541 0.124235 0.00734118 0.000564706
 0.182869 0.594174 0.210203 0.0122559 0.00049798
 0.330522 0.361315 0.267642 0.0388342 0.00168674
 0.649043 0.306663 0.0425973 0.00169635 0
 0.582887 0.30429 0.105238 0.00758474 0
 0.465427 0.430635 0.0974691 0.00646863 0
 0.296916 0.608066 0.0921331 0.00288517 0
 0.311714 0.524322 0.152257 0.0117073 0
 0.15457 0.633149 0.183074 0.0267441 0.00246327
 0.131901 0.49318 0.331252 0.0422183 0.00144891
 0.196976 0.569456 0.194076 0.0375587 0.00193317
 0.518974 0.381816 0.0799577 0.0180837 0.00116848
 0.0928022 0.601141 0.25162 0.0475244 0.00691264
 0.122501 0.610282 0.24278 0.0234846 0.000952079
 0.383417 0.481906 0.127806 0.00687128 0
 0.0376549 0.599619 0.316969 0.0457579 0
 0.0361596 0.667082 0.258105 0.0386534 0
 0.158088 0.579412 0.248529 0.0139706 0
 0.0477256 0.309471 0.559284 0.082774 0.000745712
 0.0406174 0.521527 0.379366 0.0568643 0.0016247
 0.151134 0.462217 0.34131 0.0453401 0
 0.294876 0.26143 0.354403 0.0886775 0.000613685
 0.281977 0.475581 0.204845 0.0348837 0.00271318
 0.0841818 0.532909 0.334909 0.0458182 0.00218182
 0.115287 0.27431 0.454777 0.147771 0.00785563
 0 0 0 0 0
pf_pred 
 0.338962 0.465426 0.174829 0.0207712 1.17084e-05
 0.314077 0.531181 0.108951 0.0409256 0.00486507
 0.175737 0.615854 0.161393 0.0331035 0.0139129
 0.290329 0.426127 0.211852 0.0555187 0.0161735
 0.308314 0.483576 0.124961 0.0621251 0.0210236
 0.171535 0.587087 0.168754 0.0436077 0.0290165
 0.271067 0.402807 0.231107 0.0664303 0.0285886
 0.224151 0.528624 0.136616 0.0783824 0.0322266
 0.26572 0.468386 0.181166 0.0468201 0.0379071
 0.212479 0.543247 0.155819 0.0602688 0.0281863
 0.113412 0.546115 0.234865 0.067366 0.0382423
 0.108593 0.407347 0.298168 0.128232 0.05766
 0.188005 0.357978 0.207473 0.151865 0.0946796
 0.170263 0.519296 0.136862 0.0793209 0.0942586
 0.23941 0.495446 0.165942 0.0437344 0.0554676
 0.293496 0.516973 0.12346 0.0413509 0.0247201
 0.20178 0.581852 0.158324 0.0378099 0.0202344
 0.2476 0.459929 0.213193 0.0580106 0.0212677
 0.242149 0.502175 0.156291 0.072446 0.0269399
 0.319957 0.443391 0.156812 0.0488043 0.0310349
 0.272816 0.533824 0.126072 0.0445872 0.0227011
 0.261264 0.500759 0.174699 0.0412581 0.0220207
 0.298456 0.468091 0.158248 0.0552076 0.0199971
 0.279743 0.51029 0.140096 0.0473623 0.0225082
 0.0929245 0.62459 0.200137 0.054946 0.0274034
 0.159997 0.307929 0.366372 0.117396 0.0483045
 0.197943 0.416397 0.141376 0.168208 0.0760762
pobs_RECLAS
 0 0 0 0 0
 0 0 0 0 0
 0 0 0 0 0
 0 0 0 0 0
 0.835266 0.146461 0.0176864 0.000547809 3.91292e-05
 0.385257 0.428462 0.181853 0.0044286 0
 0.867414 0.0963971 0.0333333 0.00285562 0
 0.441836 0.489002 0.0689373 0.000224442 0
 0.779404 0.147425 0.0564933 0.0165055 0.000172143
 0.814271 0.122319 0.05973 0.00367925 0
 0.40263 0.566651 0.0304383 0.000280538 0
 0.475488 0.404961 0.113038 0.00651328 0
 0.955842 0.0263864 0.0167828 0.000988607 0
 0.975058 0.0227948 0.00214734 0 0
 0.738997 0.206755 0.0527124 0.00153531 0
 0.850938 0.134255 0.0134407 0.00136685 0
 0.542534 0.407297 0.0501686 0 0
 0.764087 0.199537 0.0359546 0.000420521 0
 0.470689 0.182191 0.310203 0.0369168 0
 0.84361 0.089868 0.0606195 0.00523954 0.000663233
 0.607945 0.314616 0.071237 0.00620181 0
 0.523733 0.453247 0.0230204 0 0
 0.530135 0.295979 0.169645 0.0042399 0
 0.562478 0.366248 0.0663022 0.0049721 0
 0.250443 0.683176 0.0655157 0.000865301 0
 0.195077 0.31981 0.436473 0.0351445 0.0134964
 0.565238 0.351407 0.0832357 0.000118908 0
ppred_RECLAS
 0.740495 0.182713 0.0686331 0.00815422 4.59639e-06
 0.716948 0.219196 0.0449597 0.0168883 0.00200761
 0.544869 0.340054 0.0891159 0.0182787 0.00768228
 0.689739 0.186299 0.0926196 0.0242722 0.00707092
 0.706846 0.204952 0.0529616 0.0263302 0.00891035
 0.531001 0.332353 0.0955328 0.0246866 0.0164264
 0.669287 0.182751 0.104852 0.030139 0.0129705
 0.613096 0.263617 0.0681284 0.0390881 0.0160709
 0.665224 0.213548 0.082598 0.0213464 0.0172828
 0.595908 0.278751 0.0799536 0.0309251 0.0144629
 0.415135 0.360261 0.154936 0.04444 0.0252277
 0.402699 0.27295 0.199792 0.0859236 0.038636
 0.566346 0.191181 0.110803 0.0811048 0.0505645
 0.548681 0.282461 0.0744432 0.043145 0.0512701
 0.648336 0.229073 0.0767242 0.0202209 0.0256458
 0.696888 0.221797 0.0529682 0.0177408 0.0106057
 0.581682 0.304927 0.082972 0.0198148 0.0106041
 0.642807 0.218346 0.101211 0.0275398 0.0100966
 0.635466 0.241551 0.0751774 0.0348473 0.0129584
 0.719664 0.182781 0.0646433 0.0201188 0.0127936
 0.670581 0.241826 0.0571113 0.0201983 0.0102837
 0.657698 0.232032 0.0809488 0.0191174 0.0102036
 0.698195 0.201373 0.0680783 0.0237504 0.00860277
 0.678573 0.227726 0.0625204 0.0211363 0.0100447
 0.357461 0.442436 0.141769 0.0389217 0.0194115
 0.508548 0.180157 0.21435 0.0686839 0.0282611
 0.573469 0.221438 0.0751832 0.0894525 0.0404571
pobs_PELACES
 0 0 0 0 0
 0 0 0 0 0
 0 0 0 0 0
 0 0 0 0 0
 0 0 0 0 0
 0 0 0 0 0
 0 0 0 0 0
 0 0 0 0 0
 0 0 0 0 0
 0 0 0 0 0
 0.450072 0.473896 0.0757376 0.000293798 0
 0 0 0 0 0
 0.463077 0.371075 0.160297 0.00555027 0
 0.529543 0.364841 0.0842815 0.0213345 0
 0.631943 0.363953 0.00410389 0 0
 0.735681 0.248677 0.0153453 0.000297389 0
 0.695825 0.281241 0.0229344 0 0
 0.275771 0.60734 0.115278 0.00161068 0
 0 0 0 0 0
 0.896147 0.0623911 0.0374545 0.00400742 0
 0.803859 0.145111 0.0509908 3.86294e-05 0
 0.739449 0.233085 0.0266225 0.000797448 4.60066e-05
 0.878498 0.100942 0.0204185 0.000141795 0
 0.694673 0.275183 0.0284847 0.00165964 0
 0.469039 0.446079 0.0841089 0.000773354 0
 0.822795 0.102175 0.0682046 0.00682512 0
 0 0 0 0 0
ppred_PELACES
 0.763237 0.166701 0.0626182 0.00743959 4.19357e-06
 0.737129 0.203568 0.0417541 0.0156842 0.00186447
 0.581771 0.312482 0.0818903 0.0167966 0.00705939
 0.695953 0.182567 0.0907645 0.0237861 0.00692929
 0.708033 0.204122 0.0527471 0.0262236 0.00887425
 0.545273 0.322239 0.0926256 0.0239354 0.0159266
 0.677274 0.178338 0.10232 0.0294112 0.0126572
 0.629532 0.252418 0.0652343 0.0374276 0.0153882
 0.681568 0.203123 0.0785656 0.0203043 0.016439
 0.609192 0.269587 0.0773252 0.0299085 0.0139875
 0.442648 0.343314 0.147647 0.0423495 0.0240409
 0.427784 0.261486 0.191401 0.082315 0.0370134
 0.605951 0.173721 0.100684 0.0736977 0.0459466
 0.617521 0.239377 0.0630883 0.0365641 0.0434498
 0.7048 0.192293 0.0644054 0.0169742 0.0215281
 0.718281 0.206143 0.0492298 0.0164887 0.00985715
 0.601298 0.290628 0.0790811 0.0188856 0.0101069
 0.65595 0.210312 0.0974867 0.0265265 0.00972508
 0.64642 0.234293 0.0729183 0.0338001 0.012569
 0.729244 0.176534 0.0624342 0.0194313 0.0123564
 0.675393 0.238293 0.0562769 0.0199032 0.0101335
 0.664004 0.227758 0.0794574 0.0187652 0.0100156
 0.705009 0.196827 0.0665414 0.0232142 0.00840856
 0.685193 0.223035 0.0612326 0.0207009 0.00983779
 0.36347 0.438299 0.140444 0.0385577 0.01923
 0.515554 0.177589 0.211294 0.0677047 0.0278582
 0.583487 0.216237 0.0734173 0.0873514 0.0395068
pobs_pel_tallas
 0 0 0 0 0 0 0 0 0 0 0 0 0 0 0 0 0 0 0 0 0 0 0 0 0 0 0 0 0 0 0 0 0 0 0 0
 0 0 0 0 0 0 0 0 0 0 0 0 0 0 0 0 0 0 0 0 0 0 0 0 0 0 0 0 0 0 0 0 0 0 0 0
 0 0 0 0 0 0 0 0 0 0 0 0 0 0 0 0 0 0 0 0 0 0 0 0 0 0 0 0 0 0 0 0 0 0 0 0
 0 0 0 0 0 0 0 0 0 0 0 0 0 0 0 0 0 0 0 0 0 0 0 0 0 0 0 0 0 0 0 0 0 0 0 0
 0 0 0 0 0 0 0 0 0 0 0 0 0 0 0 0 0 0 0 0 0 0 0 0 0 0 0 0 0 0 0 0 0 0 0 0
 0 0 0 0 0 0 0 0 0 0 0 0 0 0 0 0 0 0 0 0 0 0 0 0 0 0 0 0 0 0 0 0 0 0 0 0
 0 0 0 0 0 0 0 0 0 0 0 0 0 0 0 0 0 0 0 0 0 0 0 0 0 0 0 0 0 0 0 0 0 0 0 0
 0 0 0 0 0 0 0 0 0 0 0 0 0 0 0 0 0 0 0 0 0 0 0 0 0 0 0 0 0 0 0 0 0 0 0 0
 0 0 0 0 0 0 0 0 0 0 0 0 0 0 0 0 0 0 0 0 0 0 0 0 0 0 0 0 0 0 0 0 0 0 0 0
 0 0 0 0 0 0 0 0 0 0 0 0 0 0 0 0 0 0 0 0 0 0 0 0 0 0 0 0 0 0 0 0 0 0 0 0
 0 0 0 0 0 0 0 0 1.78061e-05 0.00172719 0.00360574 0.0105946 0.0120993 0.0124554 0.0147524 0.0171206 0.0266825 0.0428682 0.0675386 0.121331 0.153587 0.119568 0.100827 0.0573624 0.0630603 0.0341343 0.0324427 0.0444173 0.0211091 0.0280891 0.0125444 0.00206551 0 0 0 0
 0 0 0 0 0 0 0 0 0 0 0 0 0 0 0 0 0 0 0 0 0 0 0 0 0 0 0 0 0 0 0 0 0 0 0 0
 0 0 0 0 0 0 0.0133647 0.0140871 0.0187388 0.0205184 0.03894 0.0496705 0.03968 0.0493445 0.0407372 0.0367815 0.0215668 0.0243155 0.0234873 0.0199281 0.019796 0.0243948 0.0301388 0.0376714 0.0412746 0.0863199 0.0771752 0.113111 0.0741005 0.0525337 0.0229764 0.00759418 0.00175318 0 0 0
 0 0 0 0 0 0 0 0 0 0 0.00219441 0.00772107 0.0458388 0.0604681 0.0671733 0.0775358 0.0609151 0.0617685 0.073594 0.0568108 0.0755445 0.0548602 0.0670107 0.0636378 0.0643287 0.046367 0.0373049 0.0286899 0.0247887 0.0153202 0.00654259 0.00121912 0.000365735 0 0 0
 0 0 0 0 0 0 0 0 0 0 0 0 0.000112435 0.00938835 0.0111873 0.0202946 0.0414886 0.0713402 0.111592 0.104902 0.108894 0.110636 0.117776 0.105296 0.107544 0.0401394 0.0192827 0.0124803 0.00416011 0.0028671 0.000618394 0 0 0 0 0
 0 0 0 0 0 0 0 0 0 0 0.00291406 0.0102884 0.027416 0.0768956 0.0749926 0.110853 0.0956884 0.0897413 0.0766577 0.0534642 0.0500743 0.0551293 0.0594112 0.0620874 0.0668451 0.0424026 0.0208742 0.0120726 0.0048766 0.00582813 0.00118941 0.000297354 0 0 0 0
 0 0.00264628 0.0354308 0.0461629 0.0458689 0.0383711 0.0214643 0.0164657 0.0346957 0.0420465 0.0363128 0.0245516 0.0311673 0.0291091 0.0169068 0.0133784 0.00837989 0.0085269 0.0148486 0.0160247 0.0276389 0.0546898 0.0760071 0.122758 0.109233 0.0665981 0.0333725 0.0166128 0.00676272 0.00308733 0.000882094 0 0 0 0 0
 0 0 0 0 0 0 0 0.000805153 0.000690131 0.00759144 0.0133425 0.0154129 0.00931677 0.000345066 0.00356568 0.00563607 0.00851162 0.0253048 0.0502646 0.0516448 0.0657925 0.0565908 0.0611916 0.0827007 0.0866115 0.110766 0.145733 0.0935128 0.0569358 0.0249597 0.0138026 0.00621118 0.00161031 0.00115022 0 0
 0 0 0 0 0 0 0 0 0 0 0 0 0 0 0 0 0 0 0 0 0 0 0 0 0 0 0 0 0 0 0 0 0 0 0 0
 0.00147267 0.00158595 0.00478618 0.00569244 0.00954404 0.0108468 0.00647125 0.017049 0.0510054 0.094081 0.124002 0.0959785 0.0687766 0.0820023 0.061753 0.0591476 0.0492212 0.0479892 0.0443925 0.0268479 0.0217502 0.0140895 0.0121071 0.0120363 0.00920419 0.00665534 0.0049561 0.00860946 0.00930331 0.0156896 0.0114698 0.00855282 0.00243557 0.00046729 0 2.83206e-05
 0 0 0 0 0.000772559 0.00158375 0.000888443 0.00281984 0.00712685 0.0440552 0.0773331 0.111326 0.0921469 0.0852325 0.0710754 0.0886704 0.0786465 0.0553345 0.0373146 0.0185414 0.00753245 0.00457741 0.012979 0.0271748 0.0457355 0.0583668 0.034881 0.0177882 0.00938659 0.00492506 0.0015258 0.00185414 0.000309023 5.79419e-05 3.86279e-05 0
 0 0.00173294 0.00326652 0 0.00397197 0.00683976 0.00946217 0.0152591 0.00757587 0.0136028 0.0228656 0.0392903 0.0559909 0.0764795 0.0681675 0.0726916 0.0566044 0.0477403 0.0527397 0.0444891 0.0609904 0.0582453 0.0661739 0.0445044 0.0529084 0.0360697 0.0280645 0.0235558 0.0158879 0.00826598 0.00280645 0.00217768 0.000904811 0.00058276 9.20147e-05 0
 0 0 0 0 0 0 0 0 0 0 0 0 0 0 0 0 0 0 0 0 0 0 0 0 0 0 0 0 0 0 0 0 0 0 0 0
 0 0 0 0 0 0 0 0 0 0 0 0 0 0 0 0 0 0 0 0 0 0 0 0 0 0 0 0 0 0 0 0 0 0 0 0
 0 0 0 0 0 0 0 0 0 0 0 0 0 0 0 0 0 0 0 0 0 0 0 0 0 0 0 0 0 0 0 0 0 0 0 0
 0 0 0 0 0 0 0 0 0 0 0 0 0 0 0 0 0 0 0 0 0 0 0 0 0 0 0 0 0 0 0 0 0 0 0 0
 0 0 0 0 0 0 0 0 0 0 0 0 0 0 0 0 0 0 0 0 0 0 0 0 0 0 0 0 0 0 0 0 0 0 0 0
ppred_pel_tallas
 1.012e-16 3.33003e-05 0.000195447 0.000929073 0.00357699 0.0111545 0.0281754 0.0576505 0.0955619 0.128336 0.139653 0.12318 0.0881657 0.0514335 0.0249232 0.0109142 0.00576948 0.00520761 0.00660371 0.0088011 0.0113189 0.0138579 0.0161386 0.0178991 0.0189404 0.0191681 0.0186096 0.0173983 0.0157338 0.0138316 0.0118799 0.0100135 0.0083101 0.00679998 0.00548429 0.00435113
 1.01286e-16 3.21633e-05 0.000188769 0.000897315 0.0034547 0.0107732 0.0272122 0.05568 0.0922967 0.123955 0.134895 0.119006 0.0852285 0.0498209 0.02433 0.010974 0.00625653 0.00605195 0.00782193 0.0104276 0.0133622 0.0162771 0.0188353 0.0207239 0.0217132 0.0217079 0.0207659 0.0190764 0.0169074 0.0145391 0.0122085 0.0100759 0.00822052 0.00665548 0.00535419 0.00427452
 1.02172e-16 2.53934e-05 0.000149014 0.000708293 0.00272688 0.00850344 0.0214792 0.0439508 0.0728587 0.0978638 0.106539 0.0940786 0.0675709 0.0398917 0.0202145 0.0103615 0.00764427 0.00885935 0.0120135 0.0161533 0.0207479 0.025322 0.0293688 0.0324067 0.0340769 0.0342234 0.0329227 0.0304519 0.0272095 0.0236166 0.0200318 0.0167025 0.0137563 0.0112243 0.00907864 0.00726802
 1.0249e-16 3.0367e-05 0.000178225 0.000847193 0.00326172 0.0101714 0.0256921 0.0525697 0.0871409 0.11703 0.127359 0.112356 0.0804633 0.0470305 0.0229599 0.0103479 0.00589772 0.00572291 0.00744071 0.00999533 0.0129319 0.015946 0.018739 0.021024 0.0225749 0.0232716 0.0231191 0.0222318 0.0207937 0.019008 0.0170537 0.0150625 0.0131153 0.0112548 0.00950303 0.00787562
 1.02132e-16 3.08946e-05 0.000181321 0.000861905 0.00331836 0.010348 0.0261382 0.0534826 0.0886546 0.119065 0.129576 0.114319 0.0818861 0.0478953 0.0234429 0.0106656 0.00621185 0.00612573 0.00797451 0.0106669 0.0137145 0.0167768 0.0195201 0.0216312 0.0228762 0.0231505 0.0224981 0.02109 0.0191737 0.0170092 0.0148158 0.0127416 0.0108606 0.00918884 0.00770992 0.00639773
 1.02987e-16 2.38023e-05 0.000139672 0.000663877 0.00255586 0.00797013 0.0201321 0.0411947 0.0682908 0.0917311 0.0998701 0.0882081 0.0633941 0.037506 0.0191541 0.0100616 0.00772477 0.00915418 0.0124872 0.0168242 0.021647 0.0264757 0.0307921 0.0341005 0.0360284 0.0364082 0.0353079 0.0329985 0.029874 0.0263512 0.0227846 0.0194179 0.0163772 0.0136955 0.0113512 0.0093035
 1.03113e-16 2.95524e-05 0.000173443 0.000824458 0.00317419 0.0098984 0.0250026 0.0511589 0.0848024 0.11389 0.123942 0.109343 0.0783098 0.0457799 0.0223651 0.0101078 0.00580316 0.00567309 0.00740375 0.00997298 0.0129432 0.0160221 0.0189208 0.0213585 0.0231096 0.0240471 0.0241611 0.0235453 0.0223598 0.0207843 0.0189786 0.017062 0.0151121 0.013176 0.0112871 0.00947713
 1.03014e-16 2.74735e-05 0.000161231 0.000766388 0.00295058 0.00920107 0.0232413 0.0475556 0.0788321 0.105879 0.115244 0.101717 0.0729508 0.0428537 0.0213201 0.0102837 0.00679837 0.00737257 0.00984952 0.0132355 0.0170377 0.0208627 0.0243045 0.0269779 0.0285938 0.0290217 0.0283131 0.026675 0.0244069 0.0218231 0.0191874 0.0166761 0.0143759 0.0123042 0.0104412 0.00875775
 1.02648e-16 2.97406e-05 0.000174546 0.000829695 0.00319435 0.00996125 0.0251614 0.0514839 0.0853418 0.114616 0.124737 0.110056 0.0788451 0.0461423 0.0226335 0.0103814 0.00616663 0.00618847 0.00811152 0.0108895 0.0140527 0.0172692 0.0202087 0.0225562 0.0240697 0.0246297 0.0242598 0.0231072 0.0213951 0.0193636 0.0172187 0.015105 0.0131023 0.0112412 0.00952523 0.00795047
 1.02867e-16 2.65873e-05 0.000156027 0.000741643 0.0028553 0.00890393 0.0224908 0.0460201 0.0762875 0.102464 0.111533 0.0984567 0.070645 0.0415651 0.0208014 0.0102373 0.00703387 0.0078212 0.0105139 0.014141 0.0182034 0.0222859 0.025954 0.0287937 0.0304935 0.0309111 0.0300999 0.0282809 0.0257761 0.022926 0.0200189 0.0172516 0.014725 0.0124648 0.0104547 0.00866532
 1.04787e-16 1.93284e-05 0.000113404 0.00053899 0.00207501 0.0064706 0.0163445 0.033445 0.0554465 0.0744864 0.0811173 0.0716972 0.0516419 0.0307827 0.0161463 0.00917615 0.00788721 0.0098929 0.0137013 0.0185693 0.0240223 0.0295764 0.0346882 0.0388255 0.0415731 0.0427191 0.0422892 0.040516 0.0377606 0.0344146 0.030817 0.0272092 0.02373 0.0204409 0.0173622 0.0145038
 1.07361e-16 1.86769e-05 0.000109587 0.00052086 0.00200523 0.00625302 0.0157948 0.0323197 0.0535791 0.0719723 0.078365 0.0692305 0.0497911 0.0295319 0.0152228 0.00823659 0.00663697 0.00811352 0.0112449 0.0153666 0.0201094 0.0251227 0.0300065 0.0343513 0.0378118 0.0401682 0.0413543 0.0414406 0.0405867 0.0389822 0.0367995 0.0341718 0.031198 0.0279613 0.0245506 0.0210717
 1.06166e-16 2.6442e-05 0.000155183 0.000737651 0.00283996 0.00885613 0.0223699 0.0457721 0.0758738 0.101901 0.1109 0.0978484 0.0701023 0.0410327 0.0201424 0.00927013 0.00556238 0.00565384 0.00748825 0.010162 0.0132894 0.0166086 0.0198548 0.0227648 0.0251203 0.0267868 0.0277293 0.0279983 0.0276962 0.026936 0.0258108 0.0243811 0.0226823 0.0207416 0.0185971 0.0163086
 1.04261e-16 2.69492e-05 0.000158155 0.000751764 0.00289428 0.00902549 0.0227978 0.0466481 0.0773275 0.103858 0.113043 0.09977 0.0715459 0.0420117 0.0208706 0.010017 0.00655956 0.00707363 0.00944735 0.0127142 0.0164042 0.0201487 0.0235685 0.026303 0.0280797 0.0287721 0.028421 0.0272091 0.0254011 0.0232723 0.0210482 0.0188733 0.0168114 0.0148682 0.013023 0.0112556
 1.02567e-16 3.07531e-05 0.000180491 0.000857963 0.00330319 0.0103007 0.0260187 0.053238 0.0882489 0.118519 0.12898 0.113788 0.0814942 0.0476432 0.0232773 0.0105199 0.00603212 0.00587552 0.00763161 0.0102222 0.013175 0.0161684 0.0188892 0.0210415 0.0224001 0.0228583 0.0224458 0.0213094 0.0196673 0.0177508 0.0157562 0.0138175 0.0120042 0.0103367 0.00880902 0.00740858
 1.01794e-16 3.13415e-05 0.000183944 0.000874378 0.00336638 0.0104977 0.0265165 0.0542566 0.0899376 0.120787 0.131451 0.115972 0.0830673 0.0485809 0.0237683 0.0107958 0.00626135 0.00614979 0.00799066 0.0106744 0.0137037 0.0167313 0.0194187 0.0214491 0.0225881 0.0227341 0.0219385 0.020383 0.0183274 0.0160448 0.0137651 0.0116443 0.00975925 0.00812466 0.00671859 0.00550647
 1.02339e-16 2.6244e-05 0.00015401 0.000732047 0.00281835 0.00878868 0.0221997 0.0454247 0.0753012 0.101142 0.110099 0.0972044 0.0697758 0.0411127 0.0206842 0.0103592 0.00734516 0.00832152 0.011228 0.0150931 0.0193985 0.0236978 0.0275199 0.0304172 0.0320551 0.0322858 0.0311763 0.0289783 0.0260554 0.0227919 0.019515 0.0164495 0.0137117 0.0113304 0.00928235 0.00752475
 1.02819e-16 2.86238e-05 0.000167989 0.000798521 0.00307431 0.00958693 0.0242159 0.0495494 0.0821357 0.110312 0.120057 0.105937 0.0759156 0.044472 0.0218969 0.0101844 0.00624568 0.00643123 0.00849848 0.0114393 0.0147931 0.0182233 0.0213889 0.0239609 0.0256818 0.0264177 0.0261796 0.0251057 0.0234135 0.0213413 0.0190976 0.0168334 0.014639 0.0125585 0.0106108 0.00880769
 1.02861e-16 2.82092e-05 0.000165552 0.000786934 0.00302969 0.00944778 0.0238644 0.0488305 0.0809447 0.108715 0.118325 0.104422 0.0748604 0.0439148 0.0217355 0.0102974 0.00656534 0.00694735 0.00922936 0.0124021 0.015983 0.0196017 0.0228799 0.0254578 0.027062 0.0275643 0.0270032 0.0255613 0.0235076 0.0211273 0.0186623 0.016278 0.0140602 0.0120339 0.0101911 0.00851501
 1.02189e-16 3.18183e-05 0.000186746 0.000887705 0.00341771 0.0106578 0.0269208 0.0550836 0.0913075 0.122624 0.133442 0.117712 0.0842757 0.0492115 0.0239354 0.0106343 0.00584264 0.00547772 0.00703551 0.00940818 0.0121256 0.0148839 0.0173932 0.0193801 0.0206363 0.0210613 0.0206799 0.0196252 0.0180961 0.0163051 0.0144339 0.0126086 0.0108971 0.00932275 0.00788423 0.00657341
 1.02034e-16 2.94727e-05 0.00017297 0.000822197 0.00316547 0.00987118 0.0249339 0.0510187 0.0845718 0.113585 0.123623 0.109092 0.0781961 0.045846 0.0226429 0.0106445 0.00667216 0.00696536 0.00920353 0.0123268 0.0158287 0.0193241 0.0224242 0.0247636 0.0260711 0.02623 0.0252999 0.0234914 0.0211058 0.0184591 0.0158181 0.0133632 0.0111836 0.00929626 0.0076756 0.00628125
 1.02315e-16 2.89757e-05 0.000170053 0.000808332 0.00311208 0.00970471 0.0245134 0.0501583 0.0831453 0.111669 0.121537 0.107249 0.0768707 0.0450605 0.0222401 0.0104319 0.00651176 0.00678511 0.00897596 0.012051 0.0155237 0.019028 0.022193 0.0246651 0.0261757 0.0265975 0.025967 0.0244629 0.0223509 0.0199154 0.0174009 0.0149789 0.0127431 0.0107261 0.00892473 0.00732341
 1.022e-16 3.07624e-05 0.000180545 0.000858221 0.00330418 0.0103038 0.0260265 0.053254 0.0882755 0.118555 0.12902 0.113826 0.081527 0.0476734 0.0233125 0.0105705 0.00610896 0.00598955 0.0077926 0.0104371 0.0134454 0.0164887 0.0192449 0.0214093 0.0227503 0.0231579 0.0226629 0.0214177 0.0196487 0.0175977 0.0154718 0.0134145 0.0115034 0.00976441 0.00819444 0.00678133
 1.02113e-16 2.98994e-05 0.000175477 0.000834117 0.00321137 0.0100143 0.0252954 0.0517584 0.0857973 0.115229 0.125409 0.110658 0.0792957 0.0464459 0.022856 0.0106059 0.00646382 0.00661005 0.00869169 0.0116429 0.0149686 0.0183046 0.0212867 0.0235717 0.0249026 0.0251644 0.0244053 0.0228135 0.0206619 0.0182385 0.0157875 0.0134759 0.0113889 0.00954756 0.0079353 0.00652311
 1.0436e-16 1.58796e-05 9.31479e-05 0.000442673 0.00170413 0.005314 0.0134231 0.0274684 0.045543 0.0611964 0.0666818 0.0590274 0.0427105 0.0258488 0.0142714 0.00923378 0.00917421 0.0121806 0.0170302 0.0230479 0.0297007 0.0363786 0.0423851 0.0470448 0.0498456 0.0505497 0.0492366 0.0462595 0.0421389 0.0374288 0.0326028 0.0279898 0.0237649 0.0199825 0.0166268 0.0136575
 1.06686e-16 2.25008e-05 0.000132044 0.00062764 0.00241639 0.00753522 0.0190334 0.0389455 0.0645591 0.0867087 0.0943766 0.0832953 0.0597317 0.0350762 0.0174335 0.00839395 0.00555972 0.00609898 0.00828933 0.0113782 0.0150363 0.0190181 0.0230529 0.0268509 0.0301467 0.0327393 0.0345141 0.0354386 0.0355413 0.0348833 0.0335375 0.0315817 0.0291031 0.0262077 0.0230259 0.0197084
 1.05961e-16 2.54642e-05 0.000149439 0.000710332 0.00273477 0.00852806 0.0215413 0.044077 0.0730653 0.0981331 0.10681 0.0942667 0.0675936 0.0396798 0.0196927 0.00942249 0.00613953 0.00661396 0.00886162 0.011987 0.0155696 0.0192882 0.0228106 0.0258142 0.028046 0.0293718 0.029795 0.0294347 0.0284766 0.0271139 0.0255008 0.0237311 0.0218445 0.0198493 0.0177505 0.0155707
pSPR Fmed_Fpbrs
0.445428   0.337958 0.337958
Fs Fmed_Fpbrs
0.64   1.005 1.005
SSBpbr Bo_Bmed_Bpbrs
2.28496e+06  903538  657974 657974
Ro
57182.6
SPR SPRFo_SPRFmed_SPRFpbrs
1.18106e+06 526078 399150
log_Ro
10.774
likeval ReclasPelacesDesembMPH_pf_preclas_ppelaces_ptallas_desvR_qrecl_qpela
 69.6809 24.8787 0.0173426 20.9029 336.874 219.364 55.2979 0 17.2022 7.26599e-05 0 0 0 0 0
q_reclas_q_pelaces
0.298825 1
M
0.7
N
 50294 14928.8 5607.73 666.248 0.375552
 64383.8 22964.7 4710.32 1769.35 210.333
 38049.7 29810.6 7812.27 1602.39 673.46
 60360.1 17040.8 8471.97 2220.2 646.781
 100441 29377.6 7591.46 3774.15 1277.2
 72761 49681.2 14280.5 3690.23 2455.47
 120390 34732.1 19927.3 5727.96 2465.06
 121988 58308.9 15069.2 8645.82 3554.7
 160694 57734.4 22331 5771.15 4672.52
 149020 75819.8 21747.3 8411.59 3933.9
 69230.9 71229.5 30633.3 8786.51 4987.92
 40143.8 31821.2 23292.3 10017.2 4504.29
 42941 18566.6 10760.6 7876.49 4910.57
 24084 19056.6 5022.42 2910.84 3459.01
 18821.5 9838.78 3295.34 868.495 1101.5
 21015.4 7823.29 1868.31 625.759 374.086
 16393.9 9719.01 2644.58 631.561 337.987
 20766.3 7698.57 3568.55 971.017 355.991
 24258.3 9910.65 3084.47 1429.76 531.672
 42682.1 11658.1 4123.08 1283.22 816.003
 55011.6 20506.7 4843.01 1712.81 872.056
 73092.8 26909.9 9388.02 2217.14 1183.36
 117495 35600.8 12035.6 4198.83 1520.88
 162326 57054.2 15663.8 5295.46 2516.58
 61304.1 78933.4 25292.6 6943.88 3463.14
 80895.3 29901.6 35576.7 11399.8 4690.63
 95886.4 39403.7 13378.4 15917.6 7199.11
pred_Ctot
 2925.93 4017.58 1509.13 179.298 0.101067
 3143 5315.58 1090.29 409.547 48.6852
 2701.15 9465.92 2480.67 508.815 213.848
 864.595 1269 630.89 165.333 48.1644
 284.702 446.541 115.39 57.3672 19.4135
 2032.09 6954.94 1999.15 516.6 343.745
 2139.48 3179.28 1824.09 524.322 225.644
 4129.17 9737.99 2516.66 1443.91 593.659
 5778.79 10186.3 3939.94 1018.23 824.391
 4022.61 10284.6 2949.93 1141 533.618
 3720.84 17917 7705.5 2210.16 1254.66
 1989.69 7463.59 5463.15 2349.51 1056.47
 3304.84 6292.71 3647.06 2669.55 1664.32
 3106.39 9474.4 2497 1447.19 1719.72
 2228.64 4612.06 1544.74 407.119 516.342
 1042.54 1836.35 438.546 146.884 87.8089
 642.739 1853.4 504.319 120.438 64.4538
 582.952 1082.86 501.943 136.581 50.0728
 563.268 1168.12 363.552 168.519 62.6657
 999.103 1384.54 489.664 152.397 96.91
 591.404 1157.21 273.295 96.6551 49.2108
 1009.13 1934.18 674.775 159.359 85.0551
 1873.7 2938.66 993.473 346.592 125.541
 2429.16 4431.12 1216.53 411.272 195.451
 784.449 5272.65 1689.51 463.842 231.333
 1113.02 2142.1 2548.66 816.665 336.03
 1925.54 4050.6 1375.27 1636.28 740.05
F
 0.0839288 0.453534 0.453534 0.453534 0.453534
 0.0699995 0.378263 0.378263 0.378263 0.378263
 0.103279 0.5581 0.5581 0.5581 0.5581
 0.0200949 0.108589 0.108589 0.108589 0.108589
 0.00394827 0.0213356 0.0213356 0.0213356 0.0213356
 0.0395164 0.213538 0.213538 0.213538 0.213538
 0.0249848 0.135012 0.135012 0.135012 0.135012
 0.0480736 0.25978 0.25978 0.25978 0.25978
 0.0511426 0.276364 0.276364 0.276364 0.276364
 0.0381716 0.206271 0.206271 0.206271 0.206271
 0.0773131 0.417784 0.417784 0.417784 0.417784
 0.0711057 0.38424 0.38424 0.38424 0.38424
 0.112412 0.607451 0.607451 0.607451 0.607451
 0.195216 1.05491 1.05491 1.05491 1.05491
 0.177894 0.961299 0.961299 0.961299 0.961299
 0.071171 0.384593 0.384593 0.384593 0.384593
 0.0558726 0.301924 0.301924 0.301924 0.301924
 0.0397232 0.214656 0.214656 0.214656 0.214656
 0.0327565 0.177009 0.177009 0.177009 0.177009
 0.0330263 0.178467 0.178467 0.178467 0.178467
 0.0150483 0.0813179 0.0813179 0.0813179 0.0813179
 0.0193623 0.10463 0.10463 0.10463 0.10463
 0.0223946 0.121016 0.121016 0.121016 0.121016
 0.0210022 0.113492 0.113492 0.113492 0.113492
 0.0179344 0.0969135 0.0969135 0.0969135 0.0969135
 0.0192952 0.104267 0.104267 0.104267 0.104267
 0.0282737 0.152785 0.152785 0.152785 0.152785
Np
 46742.4 19272.3 8413.94 3052.85 1224.92
YTP_r0W_actual
 96998 410494 202605 307849 154509
YTP_p0W_proyectada
 47284.3 482216 254345 110282 207674
 47284.3 200772 127422 59042.6 26289.6
CTP_r0_actual
 11829 19004.4 6452.4 7677.02 3472.12
CTP_p0_proyectada
 5766.38 22324.8 8100.16 2750.18 4666.82
 5766.38 9295.02 4058.03 1472.38 590.777
Wmedp
 8.2 21.6 31.4 40.1 44.5
nmprior
 10.8 10.6 4.6 0
nm_flota  nm_reclas  nm_pelaces    nm_pelaL
inf 12.6375 19.7661 65.2064
cv_recla  cv_pelaces  cv_mph
0.722916 0.546392 0.610955
 ------------------------------------------------
Talla a la edad & desviaci?n 
 7.2 14.2025 17.0495 18.207 18.6776
 1.08 2.13037 2.55742 2.73105 2.80164
