years
 1997 1998 1999 2000 2001 2002 2003 2004 2005 2006 2007 2008 2009 2010 2011 2012 2013 2014 2015 2016 2017 2018 2019 2020 2021 2022 2023
reclasobs
 0 0 0 370054 412103 1.49427e+06 250295 1.28982e+06 931140 785840 897777 1.04006e+06 184774 17550 25797 100020 73551 82996 120727 218422 84188 347160 605670 569463 516374 1.08416e+06 1.01767e+06
reclaspred
 2.57182e+06 428782 719104 209570 257946 347827 663332 619944 663262 890822 973865 703695 377030 144463 81460.9 85113.1 83800.3 104159 133042 145335 213271 243938 402853 509861 818588 700353 318042
pelacesobs
 0 0 0 0 0 0 0 0 0 2.06254e+06 1.5e+06 0 1.87456e+06 323000 250000 174000 83755 137374 0 501740 490994 745055 786931 1.00524e+06 1.33801e+06 1.41789e+06 0
pelacespred
 4.82496e+06 1.67019e+06 702971 467410 743437 565277 2.03831e+06 1.73114e+06 1.75964e+06 2.53385e+06 2.08857e+06 1.54357e+06 920580 290894 171856 173498 171711 232455 281328 282621 559071 567051 704231 1.11236e+06 1.6119e+06 1.3534e+06 447447
mphobs
 0 0 0 0 0 0 112323 0 153150 637223 0 255016 313432 73983 77613 109348 50772 17779 17303 59886 28197 0 207744 136588 643089 65757 70829
mphpred
 578302 231140 181307 72292.9 55835.6 150881 177038 319594 286019 337005 436990 292274 175670 135301 59443.9 45090.6 35991.5 43422.5 39361.7 36574.8 51222.6 74738.4 86091 129465 193426 142905 109301
desembarqueobs
 350755 77701 442110 56441 14545 235359 269955 359681 431902 328805 639364 411747 362871 311530 167758 66681 60226 58785 57116 73181 50977 67692 138656 160484 209506 203330 245020
desembarquepred
 350733 77662.7 441505 56415.1 14543.1 235195 269889 359085 431360 328534 638251 411050 362204 310904 167271 66615.8 60197.9 58694 57024.9 73095.1 50959 67616.8 138552 160379 209340 203080 244708
Reclutas
 14304 41281.1 2929.79 6256.39 37547.2 13980.7 64051.4 54756.7 70870.4 112998 62974.5 50158.3 55885.1 28838.6 12831.5 9301.01 6657.05 8646.49 8413.44 8846.66 16172 18824.8 29059.6 49394.5 12967 29364.5 3033.02
log_desv_Rt
 -0.351708 0.708161 -1.93732 -1.17864 0.613354 -0.374564 1.14744 0.990654 1.24861 1.71512 1.13048 0.902939 1.01105 0.349471 -0.460342 -0.782122 -1.11657 -0.855091 -0.882414 -0.832205 -0.228964 -0.0770706 0.357106 0.887594 -0.449841 0.367543 -1.90269
SSB
 739138 295424 231732 92398.9 71364.4 192843 215940 400692 350467 417644 558524 373561 237078 137945 65250.3 49454.8 42936.8 47627.6 62865.4 64456.9 80897.7 113662 137079 191194 325971 258292 182417
BT
 1.26528e+06 431586 361646 151580 255038 304359 1.0363e+06 922623 1.02357e+06 1.15476e+06 1.15529e+06 823467 681271 391717 201032 107865 102810 124613 120512 136056 214420 190750 273910 448307 483886 480683 278088
Ftot
 0.444853 0.721906 1.72627 1.00015 0.266614 1.78916 1.71531 1.82108 2.173 1.32624 1.88766 1.80721 2.98401 4.95303 4.95303 2.21622 2.14955 1.85662 1.30017 1.56041 0.843969 0.887675 1.10481 1.08486 0.758791 1.03682 2.01293
BD_Bspro_t
 0.94535 0.674116 0.521378 0.183084 0.235302 0.49736 0.379959 0.479545 0.399623 0.401464 0.434651 0.281365 0.199886 0.139495 0.0801676 0.0751241 0.090779 0.138703 0.216946 0.265765 0.342162 0.486177 0.489128 0.497923 0.556141 0.42307 0.335669
BD_Bspro
 1.76001 0.703453 0.551792 0.220017 0.169931 0.459192 0.514188 0.954115 0.834519 0.994479 1.32994 0.889511 0.564521 0.32847 0.155372 0.11776 0.10224 0.113409 0.149693 0.153483 0.192631 0.270647 0.326407 0.455264 0.776192 0.615035 0.434366
BD_Bo
 1.5655 0.625709 0.490809 0.195701 0.15115 0.408443 0.457362 0.848669 0.742291 0.884572 1.18296 0.791205 0.502132 0.292169 0.138201 0.104746 0.0909403 0.100876 0.133149 0.13652 0.171342 0.240736 0.290333 0.40495 0.690409 0.547063 0.386362
BD_Brms
 2.84636 1.13765 0.89238 0.355821 0.274819 0.742624 0.831567 1.54303 1.34962 1.60831 2.15083 1.43855 0.912968 0.531216 0.251274 0.190447 0.165346 0.18341 0.24209 0.248218 0.311531 0.437702 0.527879 0.736273 1.25529 0.99466 0.702475
S_f
 0.075343 0.738712 0.989909 0.999706 0.999992
 0.075343 0.738712 0.989909 0.999706 0.999992
 0.075343 0.738712 0.989909 0.999706 0.999992
 0.075343 0.738712 0.989909 0.999706 0.999992
 0.075343 0.738712 0.989909 0.999706 0.999992
 0.075343 0.738712 0.989909 0.999706 0.999992
 0.075343 0.738712 0.989909 0.999706 0.999992
 0.075343 0.738712 0.989909 0.999706 0.999992
 0.075343 0.738712 0.989909 0.999706 0.999992
 0.075343 0.738712 0.989909 0.999706 0.999992
 0.075343 0.738712 0.989909 0.999706 0.999992
 0.075343 0.738712 0.989909 0.999706 0.999992
 0.075343 0.738712 0.989909 0.999706 0.999992
 0.075343 0.738712 0.989909 0.999706 0.999992
 0.075343 0.738712 0.989909 0.999706 0.999992
 0.075343 0.738712 0.989909 0.999706 0.999992
 0.075343 0.738712 0.989909 0.999706 0.999992
 0.075343 0.738712 0.989909 0.999706 0.999992
 0.075343 0.738712 0.989909 0.999706 0.999992
 0.075343 0.738712 0.989909 0.999706 0.999992
 0.075343 0.738712 0.989909 0.999706 0.999992
 0.075343 0.738712 0.989909 0.999706 0.999992
 0.075343 0.738712 0.989909 0.999706 0.999992
 0.075343 0.738712 0.989909 0.999706 0.999992
 0.075343 0.738712 0.989909 0.999706 0.999992
 0.075343 0.738712 0.989909 0.999706 0.999992
 0.075343 0.738712 0.989909 0.999706 0.999992
Scru_reclas
 0.112111 0.38855 0.761792 0.941501 0.987804
 0.112111 0.38855 0.761792 0.941501 0.987804
 0.112111 0.38855 0.761792 0.941501 0.987804
 0.112111 0.38855 0.761792 0.941501 0.987804
 0.112111 0.38855 0.761792 0.941501 0.987804
 0.112111 0.38855 0.761792 0.941501 0.987804
 0.112111 0.38855 0.761792 0.941501 0.987804
 0.112111 0.38855 0.761792 0.941501 0.987804
 0.112111 0.38855 0.761792 0.941501 0.987804
 0.112111 0.38855 0.761792 0.941501 0.987804
 0.112111 0.38855 0.761792 0.941501 0.987804
 0.112111 0.38855 0.761792 0.941501 0.987804
 0.112111 0.38855 0.761792 0.941501 0.987804
 0.112111 0.38855 0.761792 0.941501 0.987804
 0.112111 0.38855 0.761792 0.941501 0.987804
 0.112111 0.38855 0.761792 0.941501 0.987804
 0.112111 0.38855 0.761792 0.941501 0.987804
 0.112111 0.38855 0.761792 0.941501 0.987804
 0.112111 0.38855 0.761792 0.941501 0.987804
 0.112111 0.38855 0.761792 0.941501 0.987804
 0.112111 0.38855 0.761792 0.941501 0.987804
 0.112111 0.38855 0.761792 0.941501 0.987804
 0.112111 0.38855 0.761792 0.941501 0.987804
 0.112111 0.38855 0.761792 0.941501 0.987804
 0.112111 0.38855 0.761792 0.941501 0.987804
 0.112111 0.38855 0.761792 0.941501 0.987804
 0.112111 0.38855 0.761792 0.941501 0.987804
Scru_pelaces
 0.250754 0.627463 0.894475 0.977095 0.995364
 0.250754 0.627463 0.894475 0.977095 0.995364
 0.250754 0.627463 0.894475 0.977095 0.995364
 0.250754 0.627463 0.894475 0.977095 0.995364
 0.250754 0.627463 0.894475 0.977095 0.995364
 0.250754 0.627463 0.894475 0.977095 0.995364
 0.250754 0.627463 0.894475 0.977095 0.995364
 0.250754 0.627463 0.894475 0.977095 0.995364
 0.250754 0.627463 0.894475 0.977095 0.995364
 0.250754 0.627463 0.894475 0.977095 0.995364
 0.250754 0.627463 0.894475 0.977095 0.995364
 0.250754 0.627463 0.894475 0.977095 0.995364
 0.250754 0.627463 0.894475 0.977095 0.995364
 0.250754 0.627463 0.894475 0.977095 0.995364
 0.250754 0.627463 0.894475 0.977095 0.995364
 0.250754 0.627463 0.894475 0.977095 0.995364
 0.250754 0.627463 0.894475 0.977095 0.995364
 0.250754 0.627463 0.894475 0.977095 0.995364
 0.250754 0.627463 0.894475 0.977095 0.995364
 0.250754 0.627463 0.894475 0.977095 0.995364
 0.250754 0.627463 0.894475 0.977095 0.995364
 0.250754 0.627463 0.894475 0.977095 0.995364
 0.250754 0.627463 0.894475 0.977095 0.995364
 0.250754 0.627463 0.894475 0.977095 0.995364
 0.250754 0.627463 0.894475 0.977095 0.995364
 0.250754 0.627463 0.894475 0.977095 0.995364
 0.250754 0.627463 0.894475 0.977095 0.995364
pf_obs 
 0.256992 0.487395 0.22802 0.0275931 0
 0.321318 0.546541 0.124235 0.00734118 0.000564706
 0.182869 0.594174 0.210203 0.0122559 0.00049798
 0.330522 0.361315 0.267642 0.0388342 0.00168674
 0.649043 0.306663 0.0425973 0.00169635 0
 0.582887 0.30429 0.105238 0.00758474 0
 0.465427 0.430635 0.0974691 0.00646863 0
 0.296916 0.608066 0.0921331 0.00288517 0
 0.311714 0.524322 0.152257 0.0117073 0
 0.15457 0.633149 0.183074 0.0267441 0.00246327
 0.131901 0.49318 0.331252 0.0422183 0.00144891
 0.196976 0.569456 0.194076 0.0375587 0.00193317
 0.518974 0.381816 0.0799577 0.0180837 0.00116848
 0.0928022 0.601141 0.25162 0.0475244 0.00691264
 0.122501 0.610282 0.24278 0.0234846 0.000952079
 0.383417 0.481906 0.127806 0.00687128 0
 0.0376549 0.599619 0.316969 0.0457579 0
 0.0361596 0.667082 0.258105 0.0386534 0
 0.158088 0.579412 0.248529 0.0139706 0
 0.0477256 0.309471 0.559284 0.082774 0.000745712
 0.0406174 0.521527 0.379366 0.0568643 0.0016247
 0.151134 0.462217 0.34131 0.0453401 0
 0.294876 0.26143 0.354403 0.0886775 0.000613685
 0.281977 0.475581 0.204845 0.0348837 0.00271318
 0.0841818 0.532909 0.334909 0.0458182 0.00218182
 0.115287 0.27431 0.454777 0.147771 0.00785563
 0 0 0 0 0
pf_pred 
 0.0490215 0.632582 0.28068 0.037711 5.10926e-06
 0.206521 0.275729 0.382471 0.119426 0.0158527
 0.018534 0.772791 0.0924894 0.0861438 0.0300418
 0.142123 0.2168 0.557508 0.0374812 0.0460872
 0.506693 0.353106 0.048371 0.0800258 0.0118043
 0.101154 0.820466 0.0610329 0.00602922 0.0113178
 0.529392 0.316298 0.14659 0.00604075 0.00167924
 0.233325 0.7339 0.0257296 0.00669957 0.000345373
 0.307563 0.588219 0.101731 0.00196187 0.000525438
 0.332039 0.605693 0.0570763 0.00507051 0.000120914
 0.152594 0.747239 0.0943164 0.00537114 0.000479684
 0.188756 0.630939 0.16808 0.0115258 0.000699003
 0.303364 0.577088 0.103306 0.0151632 0.00107884
 0.252879 0.703798 0.0397854 0.00307039 0.000467578
 0.258504 0.719367 0.0217634 0.000337451 2.85425e-05
 0.265888 0.71079 0.0231272 0.000192343 3.07707e-06
 0.208528 0.703431 0.0865973 0.00143225 1.18005e-05
 0.300097 0.596636 0.0970106 0.00615674 0.000100164
 0.224119 0.690341 0.0781481 0.00695334 0.000438582
 0.224335 0.627477 0.137827 0.00948022 0.000880638
 0.305037 0.572675 0.107572 0.0137065 0.00100995
 0.213991 0.658484 0.111811 0.0138477 0.00186653
 0.259525 0.568376 0.152782 0.0169681 0.00234882
 0.29617 0.582378 0.102026 0.0172775 0.00214832
 0.0574558 0.795897 0.12959 0.0143667 0.00269062
 0.210995 0.323477 0.414551 0.0451218 0.00585468
 0.0300508 0.790017 0.0940087 0.07665 0.00927342
pobs_RECLAS
 0 0 0 0 0
 0 0 0 0 0
 0 0 0 0 0
 0 0 0 0 0
 0.835266 0.146461 0.0176864 0.000547809 3.91292e-05
 0.385257 0.428462 0.181853 0.0044286 0
 0.867414 0.0963971 0.0333333 0.00285562 0
 0.441836 0.489002 0.0689373 0.000224442 0
 0.779404 0.147425 0.0564933 0.0165055 0.000172143
 0.814271 0.122319 0.05973 0.00367925 0
 0.40263 0.566651 0.0304383 0.000280538 0
 0.475488 0.404961 0.113038 0.00651328 0
 0.955842 0.0263864 0.0167828 0.000988607 0
 0.975058 0.0227948 0.00214734 0 0
 0.738997 0.206755 0.0527124 0.00153531 0
 0.850938 0.134255 0.0134407 0.00136685 0
 0.542534 0.407297 0.0501686 0 0
 0.764087 0.199537 0.0359546 0.000420521 0
 0.470689 0.182191 0.310203 0.0369168 0
 0.84361 0.089868 0.0606195 0.00523954 0.000663233
 0.607945 0.314616 0.071237 0.00620181 0
 0.523733 0.453247 0.0230204 0 0
 0.530135 0.295979 0.169645 0.0042399 0
 0.562478 0.366248 0.0663022 0.0049721 0
 0.250443 0.683176 0.0655157 0.000865301 0
 0.195077 0.31981 0.436473 0.0351445 0.0134964
 0.565238 0.351407 0.0832357 0.000118908 0
ppred_RECLAS
 0.113552 0.506993 0.325886 0.0535614 7.61137e-06
 0.363599 0.165034 0.328484 0.125421 0.0174619
 0.0517249 0.670067 0.109021 0.123878 0.045309
 0.269705 0.136973 0.499373 0.0410318 0.0529172
 0.711511 0.173216 0.0345394 0.0699161 0.0108171
 0.260097 0.650914 0.0655428 0.00789763 0.0155483
 0.762987 0.141801 0.0894067 0.00449494 0.00131049
 0.493066 0.4768 0.0225771 0.00716994 0.00038765
 0.589611 0.332448 0.0756645 0.00177772 0.000499325
 0.596516 0.352097 0.0462437 0.00501724 0.000125484
 0.361417 0.539999 0.0916254 0.00636271 0.000595952
 0.411031 0.423053 0.152363 0.0127434 0.000810544
 0.612651 0.306954 0.0674673 0.0120294 0.000897518
 0.646204 0.332939 0.0188279 0.00175029 0.000279445
 0.653139 0.336471 0.0101832 0.000190199 1.68661e-05
 0.550166 0.431242 0.018403 0.000186438 3.12797e-06
 0.462405 0.461217 0.0748567 0.00150846 1.30342e-05
 0.570572 0.347348 0.07609 0.00588907 0.000100482
 0.45971 0.459307 0.0725748 0.00788687 0.000521751
 0.459556 0.406449 0.122691 0.0103003 0.00100351
 0.546203 0.345565 0.0926787 0.0144368 0.00111573
 0.429758 0.444186 0.107483 0.0162727 0.00230055
 0.490321 0.354421 0.134375 0.0182356 0.00264754
 0.540975 0.351687 0.0869892 0.0180007 0.00234756
 0.143458 0.673841 0.157205 0.0213098 0.00418591
 0.388901 0.197908 0.358947 0.0477461 0.00649776
 0.0865036 0.683733 0.108381 0.107715 0.0136672
pobs_PELACES
 0 0 0 0 0
 0 0 0 0 0
 0 0 0 0 0
 0 0 0 0 0
 0 0 0 0 0
 0 0 0 0 0
 0 0 0 0 0
 0 0 0 0 0
 0 0 0 0 0
 0 0 0 0 0
 0.450072 0.473896 0.0757376 0.000293798 0
 0 0 0 0 0
 0.463077 0.371075 0.160297 0.00555027 0
 0.529543 0.364841 0.0842815 0.0213345 0
 0.631943 0.363953 0.00410389 0 0
 0.735681 0.248677 0.0153453 0.000297389 0
 0.695825 0.281241 0.0229344 0 0
 0.275771 0.60734 0.115278 0.00161068 0
 0 0 0 0 0
 0.896147 0.0623911 0.0374545 0.00400742 0
 0.803859 0.145111 0.0509908 3.86294e-05 0
 0.739449 0.233085 0.0266225 0.000797448 4.60066e-05
 0.878498 0.100942 0.0204185 0.000141795 0
 0.694673 0.275183 0.0284847 0.00165964 0
 0.469039 0.446079 0.0841089 0.000773354 0
 0.822795 0.102175 0.0682046 0.00682512 0
 0 0 0 0 0
ppred_PELACES
 0.184061 0.538293 0.242469 0.0351725 4.85278e-06
 0.553402 0.154846 0.211078 0.0710675 0.00960629
 0.111653 0.71567 0.0733749 0.0732814 0.02602
 0.469372 0.138268 0.337361 0.0244214 0.0305774
 0.807971 0.133967 0.0189984 0.0339616 0.00510159
 0.430629 0.525939 0.0331983 0.00351528 0.00671843
 0.884241 0.0815075 0.0324136 0.00143237 0.000405406
 0.672681 0.315245 0.00933279 0.00260427 0.000136688
 0.77587 0.19629 0.0271286 0.000559411 0.000152531
 0.741442 0.236359 0.0202212 0.00193081 4.68818e-05
 0.557442 0.397797 0.041968 0.00256022 0.00023279
 0.616557 0.308476 0.06954 0.00511079 0.000315574
 0.822598 0.154844 0.0193231 0.00301595 0.000218421
 0.885316 0.111363 0.00303708 0.00024558 3.80515e-05
 0.886807 0.111537 0.00162792 2.64476e-05 2.27607e-06
 0.736664 0.256649 0.00662693 5.89157e-05 9.5954e-07
 0.66887 0.300888 0.0297122 0.000525537 4.40821e-06
 0.748794 0.219203 0.0299337 0.00203543 3.37145e-05
 0.623299 0.338258 0.0348911 0.00333727 0.000214334
 0.645835 0.293077 0.0565202 0.00417287 0.000394673
 0.685414 0.260276 0.047325 0.00649803 0.000487561
 0.57799 0.355149 0.0580524 0.00774601 0.00106318
 0.654919 0.268369 0.0675071 0.00806831 0.00113725
 0.692765 0.256429 0.0421513 0.00768237 0.000972687
 0.227533 0.65355 0.104102 0.0124421 0.00237283
 0.59026 0.172838 0.209156 0.0245079 0.00323805
 0.185789 0.682402 0.0665627 0.0580913 0.00715529
pobs_pel_tallas
 0 0 0 0 0 0 0 0 0 0 0 0 0 0 0 0 0 0 0 0 0 0 0 0 0 0 0 0 0 0 0 0 0 0 0 0
 0 0 0 0 0 0 0 0 0 0 0 0 0 0 0 0 0 0 0 0 0 0 0 0 0 0 0 0 0 0 0 0 0 0 0 0
 0 0 0 0 0 0 0 0 0 0 0 0 0 0 0 0 0 0 0 0 0 0 0 0 0 0 0 0 0 0 0 0 0 0 0 0
 0 0 0 0 0 0 0 0 0 0 0 0 0 0 0 0 0 0 0 0 0 0 0 0 0 0 0 0 0 0 0 0 0 0 0 0
 0 0 0 0 0 0 0 0 0 0 0 0 0 0 0 0 0 0 0 0 0 0 0 0 0 0 0 0 0 0 0 0 0 0 0 0
 0 0 0 0 0 0 0 0 0 0 0 0 0 0 0 0 0 0 0 0 0 0 0 0 0 0 0 0 0 0 0 0 0 0 0 0
 0 0 0 0 0 0 0 0 0 0 0 0 0 0 0 0 0 0 0 0 0 0 0 0 0 0 0 0 0 0 0 0 0 0 0 0
 0 0 0 0 0 0 0 0 0 0 0 0 0 0 0 0 0 0 0 0 0 0 0 0 0 0 0 0 0 0 0 0 0 0 0 0
 0 0 0 0 0 0 0 0 0 0 0 0 0 0 0 0 0 0 0 0 0 0 0 0 0 0 0 0 0 0 0 0 0 0 0 0
 0 0 0 0 0 0 0 0 0 0 0 0 0 0 0 0 0 0 0 0 0 0 0 0 0 0 0 0 0 0 0 0 0 0 0 0
 0 0 0 0 0 0 0 0 1.78061e-05 0.00172719 0.00360574 0.0105946 0.0120993 0.0124554 0.0147524 0.0171206 0.0266825 0.0428682 0.0675386 0.121331 0.153587 0.119568 0.100827 0.0573624 0.0630603 0.0341343 0.0324427 0.0444173 0.0211091 0.0280891 0.0125444 0.00206551 0 0 0 0
 0 0 0 0 0 0 0 0 0 0 0 0 0 0 0 0 0 0 0 0 0 0 0 0 0 0 0 0 0 0 0 0 0 0 0 0
 0 0 0 0 0 0 0.0133647 0.0140871 0.0187388 0.0205184 0.03894 0.0496705 0.03968 0.0493445 0.0407372 0.0367815 0.0215668 0.0243155 0.0234873 0.0199281 0.019796 0.0243948 0.0301388 0.0376714 0.0412746 0.0863199 0.0771752 0.113111 0.0741005 0.0525337 0.0229764 0.00759418 0.00175318 0 0 0
 0 0 0 0 0 0 0 0 0 0 0.00219441 0.00772107 0.0458388 0.0604681 0.0671733 0.0775358 0.0609151 0.0617685 0.073594 0.0568108 0.0755445 0.0548602 0.0670107 0.0636378 0.0643287 0.046367 0.0373049 0.0286899 0.0247887 0.0153202 0.00654259 0.00121912 0.000365735 0 0 0
 0 0 0 0 0 0 0 0 0 0 0 0 0.000112435 0.00938835 0.0111873 0.0202946 0.0414886 0.0713402 0.111592 0.104902 0.108894 0.110636 0.117776 0.105296 0.107544 0.0401394 0.0192827 0.0124803 0.00416011 0.0028671 0.000618394 0 0 0 0 0
 0 0 0 0 0 0 0 0 0 0 0.00291406 0.0102884 0.027416 0.0768956 0.0749926 0.110853 0.0956884 0.0897413 0.0766577 0.0534642 0.0500743 0.0551293 0.0594112 0.0620874 0.0668451 0.0424026 0.0208742 0.0120726 0.0048766 0.00582813 0.00118941 0.000297354 0 0 0 0
 0 0.00264628 0.0354308 0.0461629 0.0458689 0.0383711 0.0214643 0.0164657 0.0346957 0.0420465 0.0363128 0.0245516 0.0311673 0.0291091 0.0169068 0.0133784 0.00837989 0.0085269 0.0148486 0.0160247 0.0276389 0.0546898 0.0760071 0.122758 0.109233 0.0665981 0.0333725 0.0166128 0.00676272 0.00308733 0.000882094 0 0 0 0 0
 0 0 0 0 0 0 0 0.000805153 0.000690131 0.00759144 0.0133425 0.0154129 0.00931677 0.000345066 0.00356568 0.00563607 0.00851162 0.0253048 0.0502646 0.0516448 0.0657925 0.0565908 0.0611916 0.0827007 0.0866115 0.110766 0.145733 0.0935128 0.0569358 0.0249597 0.0138026 0.00621118 0.00161031 0.00115022 0 0
 0 0 0 0 0 0 0 0 0 0 0 0 0 0 0 0 0 0 0 0 0 0 0 0 0 0 0 0 0 0 0 0 0 0 0 0
 0.00147267 0.00158595 0.00478618 0.00569244 0.00954404 0.0108468 0.00647125 0.017049 0.0510054 0.094081 0.124002 0.0959785 0.0687766 0.0820023 0.061753 0.0591476 0.0492212 0.0479892 0.0443925 0.0268479 0.0217502 0.0140895 0.0121071 0.0120363 0.00920419 0.00665534 0.0049561 0.00860946 0.00930331 0.0156896 0.0114698 0.00855282 0.00243557 0.00046729 0 2.83206e-05
 0 0 0 0 0.000772559 0.00158375 0.000888443 0.00281984 0.00712685 0.0440552 0.0773331 0.111326 0.0921469 0.0852325 0.0710754 0.0886704 0.0786465 0.0553345 0.0373146 0.0185414 0.00753245 0.00457741 0.012979 0.0271748 0.0457355 0.0583668 0.034881 0.0177882 0.00938659 0.00492506 0.0015258 0.00185414 0.000309023 5.79419e-05 3.86279e-05 0
 0 0.00173294 0.00326652 0 0.00397197 0.00683976 0.00946217 0.0152591 0.00757587 0.0136028 0.0228656 0.0392903 0.0559909 0.0764795 0.0681675 0.0726916 0.0566044 0.0477403 0.0527397 0.0444891 0.0609904 0.0582453 0.0661739 0.0445044 0.0529084 0.0360697 0.0280645 0.0235558 0.0158879 0.00826598 0.00280645 0.00217768 0.000904811 0.00058276 9.20147e-05 0
 0 0 0 0 0 0 0 0 0 0 0 0 0 0 0 0 0 0 0 0 0 0 0 0 0 0 0 0 0 0 0 0 0 0 0 0
 0 0 0 0 0 0 0 0 0 0 0 0 0 0 0 0 0 0 0 0 0 0 0 0 0 0 0 0 0 0 0 0 0 0 0 0
 0 0 0 0 0 0 0 0 0 0 0 0 0 0 0 0 0 0 0 0 0 0 0 0 0 0 0 0 0 0 0 0 0 0 0 0
 0 0 0 0 0 0 0 0 0 0 0 0 0 0 0 0 0 0 0 0 0 0 0 0 0 0 0 0 0 0 0 0 0 0 0 0
 0 0 0 0 0 0 0 0 0 0 0 0 0 0 0 0 0 0 0 0 0 0 0 0 0 0 0 0 0 0 0 0 0 0 0 0
ppred_pel_tallas
 1.04826e-16 8.06094e-06 4.72353e-05 0.000224377 0.000863597 0.00269281 0.00680237 0.0139227 0.0230939 0.0310617 0.0339258 0.0302212 0.0222801 0.0143095 0.00939141 0.00831654 0.0104517 0.0149497 0.0212262 0.02884 0.0372615 0.045772 0.0535162 0.0596493 0.0635144 0.0647802 0.0634988 0.0600588 0.0550619 0.0491677 0.0429582 0.0368609 0.0311343 0.025901 0.0212004 0.0170355
 1.05938e-16 2.41503e-05 0.000141729 0.000673691 0.0025937 0.00808818 0.0204301 0.0418031 0.0692949 0.0930659 0.101287 0.0893722 0.0640417 0.0375107 0.0184639 0.00859001 0.0052965 0.00552847 0.00743108 0.010205 0.0135227 0.0171629 0.0208876 0.0244385 0.0275728 0.0300975 0.0318902 0.032898 0.0331227 0.0326002 0.0313857 0.0295491 0.0271797 0.0243912 0.0213238 0.0181356
 1.05009e-16 4.91029e-06 2.87232e-05 0.000136335 0.000524559 0.00163549 0.00413189 0.00845991 0.0140441 0.018924 0.0207597 0.0187076 0.0142557 0.0100636 0.00814302 0.00913899 0.0128257 0.0187924 0.0266736 0.0360234 0.0461513 0.0560879 0.0647014 0.070915 0.0739514 0.0735152 0.0698576 0.0636908 0.0559944 0.0477762 0.039868 0.0328101 0.0268355 0.0219339 0.0179513 0.0146864
 1.07102e-16 2.04858e-05 0.000120217 0.000571419 0.00219993 0.00686022 0.0173284 0.0354567 0.0587755 0.0789401 0.0859192 0.0758267 0.0543671 0.0319095 0.0158328 0.00758769 0.00499954 0.00550697 0.00756976 0.0105422 0.0141727 0.0182857 0.022671 0.0270744 0.0312245 0.0348645 0.0377762 0.0397931 0.0408036 0.0407525 0.0396426 0.0375397 0.0345758 0.0309444 0.0268855 0.0226595
 1.01719e-16 3.52494e-05 0.000206894 0.000983498 0.00378655 0.011808 0.0298261 0.0610278 0.101159 0.135848 0.147817 0.130354 0.0932438 0.0542805 0.0260866 0.0110532 0.0053083 0.00430246 0.00525175 0.00694515 0.00890989 0.0108875 0.0126549 0.0140097 0.0148041 0.0149756 0.0145596 0.013673 0.0124798 0.0111486 0.00981679 0.0085718 0.00745018 0.00645054 0.00555225 0.00473201
 1.01078e-16 1.88114e-05 0.000110353 0.000524449 0.00201896 0.00629577 0.0159031 0.0325432 0.0539567 0.0725007 0.0789962 0.0699206 0.0505755 0.030573 0.0168106 0.0107614 0.0105539 0.0138929 0.0192909 0.0259017 0.0330451 0.0399554 0.0457815 0.0497268 0.0512275 0.0500892 0.0465347 0.0411396 0.0346857 0.0279774 0.0216843 0.0162466 0.0118583 0.00851013 0.00606352 0.00432559
 1.00555e-16 3.85731e-05 0.000226412 0.0010763 0.00414387 0.0129223 0.0326406 0.0667861 0.110702 0.148658 0.161739 0.142594 0.101918 0.0591658 0.0281265 0.0113877 0.00468303 0.00301269 0.00332733 0.00432599 0.00554683 0.00679001 0.00790876 0.00877309 0.00928497 0.00939752 0.00912343 0.00852738 0.00770679 0.00676731 0.00580158 0.00487672 0.00403186 0.00328317 0.00263226 0.00207393
 1.00332e-16 2.93575e-05 0.000172286 0.000818933 0.00315287 0.00983188 0.0248347 0.0508164 0.0842385 0.113144 0.12316 0.108723 0.0780173 0.045914 0.0229959 0.0113397 0.00780334 0.00865109 0.0115559 0.0154109 0.0196214 0.0236826 0.0270754 0.0293222 0.0300887 0.0292648 0.0269933 0.0236298 0.0196541 0.0155581 0.01175 0.00849679 0.00591348 0.00398919 0.00263258 0.00171802
 1.00476e-16 3.38522e-05 0.000198685 0.00094446 0.00363622 0.0113392 0.028642 0.0586055 0.0971455 0.130465 0.141975 0.12524 0.0896668 0.0523625 0.0254718 0.0113191 0.00621269 0.00579996 0.00740286 0.00982331 0.0125373 0.0151963 0.0174706 0.0190586 0.0197437 0.0194448 0.018234 0.0163146 0.0139676 0.0114854 0.00911439 0.00702072 0.00528347 0.00390966 0.00286002 0.00207496
 1.00433e-16 3.23526e-05 0.000189878 0.00090258 0.00347496 0.0108363 0.0273718 0.0560068 0.0928393 0.124686 0.135698 0.119729 0.0857807 0.0502121 0.0246476 0.0113291 0.00674815 0.00675812 0.0087979 0.0116995 0.0149149 0.018043 0.0206902 0.0224958 0.0232041 0.0227244 0.0211534 0.0187459 0.0158503 0.0128264 0.00997494 0.00749576 0.00547947 0.00392643 0.00277922 0.00195547
 1.00825e-16 2.43359e-05 0.000142798 0.000678723 0.002613 0.00814829 0.0205822 0.0421161 0.0698202 0.0937907 0.102127 0.0902345 0.0649231 0.0385556 0.0199551 0.0109053 0.00886448 0.0107813 0.0147331 0.0197496 0.0252163 0.0305315 0.0350464 0.0381544 0.0394223 0.038693 0.0361229 0.0321344 0.0273072 0.022242 0.0174421 0.0132439 0.00980266 0.00712419 0.00511831 0.00365321
 1.01279e-16 2.69101e-05 0.000157918 0.000750627 0.00288988 0.00901174 0.0227631 0.0465777 0.0772128 0.10371 0.112897 0.0996785 0.0715609 0.0421827 0.0212555 0.0106976 0.00764644 0.0086951 0.0117246 0.0157271 0.0201532 0.0245237 0.0283335 0.0311066 0.0324926 0.0323468 0.0307598 0.0280244 0.024556 0.0207922 0.017106 0.0137546 0.0108695 0.00847817 0.00654236 0.00499447
 1.00439e-16 3.58881e-05 0.000210642 0.00100131 0.00385513 0.0120219 0.0303663 0.0621331 0.102991 0.138311 0.1505 0.13273 0.0949627 0.0553207 0.0266599 0.0114207 0.00566554 0.00476348 0.00587425 0.00774974 0.00988327 0.0119781 0.0137707 0.0150229 0.0155648 0.015333 0.0143851 0.0128819 0.0110448 0.00910383 0.00725208 0.00561888 0.00426477 0.00319357 0.00237305 0.00175557
 1.0009e-16 3.86211e-05 0.000226691 0.00107762 0.00414895 0.0129382 0.0326807 0.0668682 0.110839 0.148844 0.161948 0.142793 0.102092 0.0593307 0.028324 0.0116724 0.00511222 0.0036403 0.00419619 0.00545653 0.00692374 0.00835156 0.00954399 0.0103305 0.0105928 0.0102925 0.00948018 0.00828234 0.00686906 0.00541488 0.00406464 0.00291312 0.00200114 0.00132481 0.000851505 0.000536294
 1.00061e-16 3.86861e-05 0.000227072 0.00107943 0.00415593 0.0129599 0.0327357 0.0669808 0.111025 0.149095 0.162221 0.143033 0.102263 0.0594298 0.0283702 0.0116895 0.00511653 0.00363937 0.00419211 0.00544875 0.00691053 0.00833051 0.00951229 0.0102853 0.0105315 0.0102134 0.00938297 0.00816818 0.00674079 0.00527683 0.00392211 0.00277179 0.0018664 0.00120118 0.000742234 0.000443182
 1.0018e-16 3.21451e-05 0.000188658 0.000896775 0.0034526 0.0107666 0.0271957 0.0556466 0.0922428 0.123887 0.134833 0.118977 0.0852664 0.0499602 0.0246151 0.0114663 0.00703522 0.00720504 0.00942757 0.0125289 0.0159404 0.0192307 0.0219732 0.0237783 0.0243742 0.0236723 0.0217903 0.0190201 0.0157543 0.0123961 0.00927973 0.00662415 0.00452357 0.00296885 0.00188443 0.00116617
 1.00539e-16 2.91908e-05 0.000171309 0.000814289 0.00313499 0.00977614 0.0246939 0.0505282 0.0837603 0.112501 0.122457 0.108097 0.0775558 0.0456177 0.0228023 0.011171 0.00759723 0.00836641 0.0111692 0.014915 0.0190288 0.0230287 0.0264189 0.0287401 0.0296653 0.0290771 0.0270961 0.0240444 0.0203633 0.0165099 0.012867 0.00969011 0.00709674 0.00509021 0.00360037 0.00252502
 1.00568e-16 3.26725e-05 0.000191757 0.00091152 0.00350939 0.0109437 0.0276429 0.0565614 0.0937582 0.125919 0.137035 0.120899 0.0865961 0.0506443 0.0247762 0.0112482 0.00651064 0.00637192 0.00824804 0.0109706 0.0140066 0.0169796 0.0195239 0.0213029 0.0220752 0.0217499 0.0204077 0.0182749 0.0156647 0.0129029 0.0102638 0.00793212 0.00599555 0.00446153 0.00328623 0.00240338
 1.00731e-16 2.72052e-05 0.000159648 0.000758846 0.00292151 0.00911039 0.0230123 0.0470878 0.078059 0.104848 0.114142 0.10079 0.0723854 0.042722 0.0216246 0.0110402 0.00808065 0.0093023 0.0125543 0.0167968 0.0214412 0.0259602 0.0297996 0.0324434 0.0335233 0.0329063 0.0307252 0.0273395 0.0232419 0.0189427 0.0148694 0.0113072 0.00838747 0.00611434 0.00441073 0.00316441
 1.0106e-16 2.81861e-05 0.000165411 0.000786251 0.00302705 0.0094395 0.0238436 0.0487883 0.0808764 0.108628 0.118243 0.10438 0.0748972 0.0440699 0.0220591 0.0108594 0.00745738 0.00827274 0.0110825 0.0148402 0.0189951 0.0230838 0.0266251 0.0291677 0.0303826 0.0301381 0.0285282 0.0258399 0.0224764 0.0188607 0.0153513 0.0121934 0.00950896 0.00731805 0.00557615 0.00421019
 1.01003e-16 2.99105e-05 0.000175538 0.000834404 0.00321245 0.0100177 0.025304 0.0517762 0.0858279 0.115274 0.125465 0.110726 0.0793865 0.0465826 0.0230779 0.0109663 0.00702648 0.00744275 0.00985415 0.0131702 0.0168521 0.0204768 0.0236154 0.0258675 0.0269419 0.026723 0.0252953 0.0229146 0.0199395 0.0167451 0.0136487 0.0108663 0.00850381 0.00657689 0.00504407 0.00383927
 1.01256e-16 2.52302e-05 0.000148052 0.00070371 0.00270922 0.00844836 0.0213401 0.0436665 0.0723888 0.0972363 0.105865 0.0935069 0.0672102 0.0397789 0.0203412 0.0107235 0.00826916 0.00980183 0.013333 0.0178871 0.0228859 0.0277883 0.0320155 0.0350232 0.0364167 0.0360423 0.0340209 0.0307079 0.0265987 0.0222102 0.0179787 0.0141994 0.011015 0.0084427 0.00642015 0.00485089
 1.01377e-16 2.85812e-05 0.000167733 0.000797294 0.00306957 0.00957212 0.0241786 0.0494735 0.0820114 0.11015 0.119893 0.105822 0.0758981 0.0445918 0.0221967 0.0107242 0.00710817 0.00771257 0.0102866 0.0137853 0.0176808 0.0215457 0.0249396 0.0274473 0.0287615 0.0287512 0.027488 0.0252181 0.0222936 0.0190869 0.0159162 0.0130019 0.0104586 0.00831384 0.00654087 0.00508901
 1.00992e-16 3.02309e-05 0.00017742 0.000843348 0.00324689 0.0101251 0.0255753 0.0523312 0.0867477 0.116508 0.126807 0.111907 0.080224 0.047056 0.023279 0.0110057 0.0069769 0.00733325 0.00968753 0.0129394 0.0165497 0.0200996 0.0231661 0.0253559 0.0263836 0.0261379 0.0247048 0.0223397 0.0193983 0.0162518 0.0132135 0.0104948 0.00819786 0.00633487 0.0048614 0.00370904
 1.02229e-16 9.96088e-06 5.83798e-05 0.000277337 0.00106747 0.00332856 0.00840835 0.0172094 0.0285447 0.0383897 0.0419205 0.0373216 0.027468 0.0175479 0.0113518 0.00983027 0.0121648 0.0172644 0.0243584 0.0328538 0.0420563 0.0510573 0.058807 0.0643066 0.0668312 0.0660999 0.0623379 0.0562025 0.0486087 0.0405109 0.0327141 0.0257624 0.0199181 0.0152112 0.0115242 0.00867651
 1.04019e-16 2.57583e-05 0.000151168 0.000718559 0.00276645 0.00862688 0.0217908 0.0445874 0.0739103 0.0992647 0.108034 0.0953265 0.0683106 0.0400151 0.0197026 0.00917269 0.0056561 0.00588671 0.00787345 0.0107453 0.0141297 0.0177646 0.0213722 0.0246614 0.0273714 0.0293132 0.0303935 0.0306114 0.0300356 0.0287742 0.0269487 0.02468 0.0220872 0.0192908 0.0164153 0.0135862
 1.03498e-16 8.14163e-06 4.7697e-05 0.000226545 0.000871901 0.00271867 0.00686786 0.0140577 0.0233214 0.0313784 0.0342997 0.0306206 0.0227172 0.0148678 0.0102238 0.00962669 0.0124723 0.017914 0.0253241 0.0341572 0.0437128 0.0530514 0.0610862 0.0667867 0.0694117 0.0686849 0.0648571 0.0586243 0.0509428 0.0427982 0.0350088 0.0281108 0.0223418 0.0176981 0.0140299 0.0111331
pSPR Fmed_Fpbrs
0.515715   0.6 0.325
Fs Fmed_Fpbrs
0.64   0.445449 1.56377
SSBpbr Bo_Bmed_Bpbrs
472142  219883  259678 129839
Ro
20333
SPR SPRFo_SPRFmed_SPRFpbrs
419962 216581 136488
log_Ro
9.74
likeval ReclasPelacesDesembMPH_pf_preclas_ppelaces_ptallas_desvR_qrecl_qpela
 77.2879 11.5634 0.216587 15.5616 366.461 220.484 58.2753 0 35.4507 0.000135434 0.0003742 3.51743e-15 0 0 0
q_reclas_q_pelaces
5.20228 15.6756
M
0.7
N
 14304 21357.3 7404.33 986.812 0.133667
 41281.1 6869.01 7635.26 2367.18 314.157
 2929.79 19414.4 2001.18 1855.5 647.005
 6256.39 1277.45 2693.39 179.944 221.22
 37547.2 2881.32 303.02 496.954 73.2852
 13980.7 18274.6 1175.04 115.57 216.916
 64051.4 6067.1 2420.17 99.2808 27.595
 54756.7 27950.9 848.54 219.993 11.3396
 70870.4 23705.2 3615.37 69.4642 18.6023
 112998 29878.3 2364.28 208.905 4.98085
 62974.5 50777 5570.14 315.881 28.2072
 50158.3 27126.4 6252.63 426.904 25.8871
 55885.1 21737.2 3544.87 518.939 36.9189
 28838.6 22164.1 1190.89 91.7765 13.9757
 12831.5 9860.52 283.543 4.39032 0.37133
 9301.01 4387.36 126.145 1.04531 0.0167209
 6657.05 3908.47 423.832 6.98369 0.0575333
 8646.49 2811.51 396.63 25.0651 0.407733
 8413.44 3733.22 354.239 31.3471 1.97691
 8846.66 3788.13 709.508 48.5658 4.51075
 16172 3905.84 594.033 75.182 5.53864
 18824.8 7536.02 1039.8 127.93 17.2404
 29059.6 8743.36 1942.46 214.447 29.6797
 49394.5 13278 1919.68 323.129 40.1717
 12967 22603.4 2958.58 325.707 60.9865
 29364.5 6081.4 6408.17 693.208 89.9297
 3033.02 13486.3 1404 1140.22 137.932
pred_Ctot
 339.725 4383.87 1945.15 261.342 0.0354078
 1576.56 2104.89 2919.75 911.688 121.018
 258.904 10795.2 1292 1203.35 419.658
 328.012 500.361 1286.7 86.5045 106.367
 537.627 374.664 51.3242 84.9115 12.525
 1277.86 10364.8 771.021 76.1664 142.977
 5626.25 3361.53 1557.93 64.1997 17.8466
 5088.88 16006.6 561.17 146.119 7.53268
 7770.15 14860.6 2570.1 49.564 13.2745
 7772.35 14178 1336.04 118.69 2.83034
 6053.5 29643.5 3741.6 213.077 19.0294
 4628.1 15470 4121.14 282.601 17.1388
 8197.57 15594.2 2791.56 409.744 29.1527
 6599.26 18366.7 1038.26 80.1267 12.2022
 2936.29 8171.11 247.205 3.83303 0.324207
 1038.58 2776.41 90.3368 0.751309 0.0120193
 722.543 2437.37 300.057 4.96271 0.0408884
 818.309 1626.92 264.53 16.7883 0.273128
 567.812 1749 197.991 17.6165 1.11116
 710.487 1987.27 436.511 30.0246 2.78906
 719.154 1350.14 253.611 32.3144 2.38106
 879.207 2705.46 459.391 56.895 7.66889
 1677.21 3673.19 987.368 109.658 15.1795
 2801.22 5508.2 964.979 163.413 20.3191
 519.889 7201.67 1172.6 129.997 24.3461
 1594.05 2443.85 3131.91 340.892 44.2317
 309.641 8140.29 968.659 789.797 95.5527
F
 0.0335166 0.328619 0.440364 0.444723 0.444849
 0.0543906 0.533281 0.714621 0.721694 0.7219
 0.130062 1.27522 1.70885 1.72576 1.72625
 0.0753542 0.738822 0.990056 0.999855 1.00014
 0.0200875 0.196951 0.263924 0.266536 0.266612
 0.1348 1.32167 1.7711 1.78863 1.78914
 0.129236 1.26712 1.698 1.7148 1.71529
 0.137206 1.34526 1.80271 1.82055 1.82107
 0.16372 1.60522 2.15107 2.17236 2.17298
 0.0999232 0.979713 1.31286 1.32586 1.32623
 0.142222 1.39444 1.86862 1.88711 1.88765
 0.13616 1.33501 1.78897 1.80668 1.80719
 0.224824 2.20433 2.9539 2.98314 2.98399
 0.373176 3.65887 4.90305 4.95158 4.95299
 0.373176 3.65887 4.90305 4.95158 4.95299
 0.166976 1.63715 2.19385 2.21556 2.2162
 0.161953 1.5879 2.12786 2.14892 2.14953
 0.139883 1.37151 1.83788 1.85607 1.8566
 0.0979589 0.960454 1.28705 1.29979 1.30016
 0.117566 1.15269 1.54466 1.55995 1.56039
 0.0635871 0.62345 0.835452 0.843721 0.843962
 0.0668801 0.655736 0.878717 0.887414 0.887668
 0.0832397 0.816137 1.09366 1.10449 1.1048
 0.0817368 0.801402 1.07392 1.08454 1.08485
 0.0571696 0.560528 0.751134 0.758568 0.758785
 0.0781168 0.765908 1.02635 1.03651 1.03681
 0.15166 1.48698 1.99262 2.01234 2.01292
Np
 12840.8 6166.08 462.476 483.714 39.8579
YTP_r0W_actual
 591.471 59862.8 11594.2 12122.3 1627.71
YTP_p0W_proyectada
 2504.08 5744.73 12501.8 1010.58 952.449
 2504.08 27370 3819.12 5142.61 470.355
CTP_r0_actual
 72.1306 2771.43 369.242 302.301 36.5778
CTP_p0_proyectada
 305.376 265.96 398.146 25.2015 21.4033
 305.376 1267.13 121.628 128.245 10.5698
Wmedp
 8.2 21.6 31.4 40.1 44.5
nmprior
 10.8 10.6 4.6 0
nm_flota  nm_reclas  nm_pelaces    nm_pelaL
inf 16.7907 14.1401 40.7976
cv_recla  cv_pelaces  cv_mph
0.761354 0.372505 0.527149
 ------------------------------------------------
Talla a la edad & desviaci?n 
 7.2 14.2025 17.0495 18.207 18.6776
 1.08 2.13037 2.55742 2.73105 2.80164
