years
 1997 1998 1999 2000 2001 2002 2003 2004 2005 2006 2007 2008 2009 2010 2011 2012 2013 2014 2015 2016 2017 2018 2019 2020 2021 2022 2023
reclasobs
 0 0 0 370054 412103 1.49427e+06 250295 1.28982e+06 931140 785840 897777 1.04006e+06 184774 17550 25797 100020 73551 82996 120727 218422 84188 347160 605670 569463 516374 1.08416e+06 1.01767e+06
reclaspred
 1.40323e+06 256908 518749 184834 274471 350637 701251 609255 688171 909436 940632 678960 378596 147736 85838.1 85237.5 84296.1 104766 128681 145958 220671 240661 402577 520672 780847 665971 325725
pelacesobs
 0 0 0 0 0 0 0 0 0 2.06254e+06 1.5e+06 0 1.87456e+06 323000 250000 174000 83755 137374 0 501740 490994 745055 786931 1.00524e+06 1.33801e+06 1.41789e+06 0
pelacespred
 3.14849e+06 922773 584699 473447 778073 581118 2.03507e+06 1.66964e+06 1.84123e+06 2.52152e+06 2.02448e+06 1.51102e+06 903215 287823 174241 172049 171753 232475 270425 292296 573492 559847 721166 1.13491e+06 1.55196e+06 1.36384e+06 507068
mphobs
 0 0 0 0 0 0 112323 0 153150 637223 0 255016 313432 73983 77613 109348 50772 17779 17303 59886 28197 0 207744 136588 643089 65757 70829
mphpred
 390875 165443 157011 75715.3 66657.6 150361 182164 303763 281367 340130 422180 289167 173804 132152 58995.9 44737.2 36865.5 44078.2 37157.1 35908.9 52297.5 73653.7 86751.3 130657 188918 150783 110219
desembarqueobs
 350755 77701 442110 56441 14545 235359 269955 359681 431902 328805 639364 411747 362871 311530 167758 66681 60226 58785 57116 73181 50977 67692 138656 160484 209506 203330 245020
desembarquepred
 350731 77665.3 441611 56425 14544.1 235270 269936 359188 431481 328588 638421 411183 362323 310977 167301 66629.6 60209.7 58712 57037.9 73113.5 50964.5 67632.1 138580 160410 209380 203147 244779
Reclutas
 20416.3 44276.4 5668.22 9624.69 37434.7 16652.1 62933.4 57090.9 77464.7 113343 64521 49151.9 53358.8 28885.2 13287 9745.21 6803.22 8942.57 8866.64 10132.2 17090.5 20601 32005.1 51461.1 15582.8 27964.3 6314.01
log_desv_Rt
 -0.115912 0.658206 -1.39737 -0.867913 0.490354 -0.319708 1.00983 0.912401 1.21758 1.59818 1.03475 0.762671 0.844793 0.231085 -0.54546 -0.855469 -1.21485 -0.941422 -0.949949 -0.816529 -0.293721 -0.106907 0.333651 0.808581 -0.386075 0.198686 -1.28947
SSB
 559058 236628 224569 108294 95338.7 215057 249424 426598 387266 472743 603833 413588 261358 147005 70180 53269 47423 52467.8 68687.8 72568.8 95601.5 129997 159714 224430 367518 310762 211485
BT
 1.23275e+06 369547 388398 185480 281445 334489 1.06035e+06 964950 1.10809e+06 1.21638e+06 1.21091e+06 858630 690545 396449 206154 113210 108352 131641 128895 151798 237288 213427 308814 493975 546971 530855 323414
Ftot
 0.694925 0.96659 2.00195 0.879137 0.20496 1.69824 1.43953 1.83885 2.0494 1.23453 1.85366 1.68561 2.77346 4.95303 4.95303 2.21488 2.07347 1.76385 1.28161 1.46233 0.750831 0.823863 0.9991 0.977572 0.724457 0.868879 1.81129
BD_Bspro_t
 0.926361 0.625572 0.511074 0.204991 0.28144 0.516048 0.409472 0.495725 0.42711 0.432371 0.455339 0.303297 0.217089 0.149016 0.0867299 0.0812476 0.100248 0.151377 0.232817 0.290127 0.380254 0.519668 0.527887 0.53788 0.586115 0.470907 0.371243
BD_Bspro
 1.18068 0.499737 0.474269 0.228706 0.201346 0.454179 0.526761 0.900933 0.817868 0.998388 1.27524 0.87346 0.551964 0.310462 0.148214 0.112499 0.100153 0.110807 0.145062 0.153258 0.201901 0.274541 0.337301 0.473975 0.776163 0.6563 0.446637
BD_Bo
 1.15841 0.490312 0.465324 0.224392 0.197549 0.445614 0.516826 0.883942 0.802444 0.979558 1.25119 0.856986 0.541554 0.304606 0.145418 0.110377 0.0982641 0.108717 0.142326 0.150368 0.198094 0.269363 0.33094 0.465036 0.761524 0.643922 0.438213
BD_Brms
 2.1062 0.891476 0.846043 0.407986 0.35918 0.810207 0.939684 1.60717 1.45899 1.78102 2.27489 1.55816 0.984644 0.55383 0.264397 0.200686 0.178662 0.197667 0.258775 0.273396 0.36017 0.489751 0.601709 0.84552 1.38459 1.17077 0.796752
S_f
 0.0765637 0.651774 0.97688 0.998953 0.999954
 0.0765637 0.651774 0.97688 0.998953 0.999954
 0.0765637 0.651774 0.97688 0.998953 0.999954
 0.0765637 0.651774 0.97688 0.998953 0.999954
 0.0765637 0.651774 0.97688 0.998953 0.999954
 0.0765637 0.651774 0.97688 0.998953 0.999954
 0.0765637 0.651774 0.97688 0.998953 0.999954
 0.0765637 0.651774 0.97688 0.998953 0.999954
 0.0765637 0.651774 0.97688 0.998953 0.999954
 0.0765637 0.651774 0.97688 0.998953 0.999954
 0.0765637 0.651774 0.97688 0.998953 0.999954
 0.0765637 0.651774 0.97688 0.998953 0.999954
 0.0765637 0.651774 0.97688 0.998953 0.999954
 0.0765637 0.651774 0.97688 0.998953 0.999954
 0.0765637 0.651774 0.97688 0.998953 0.999954
 0.0765637 0.651774 0.97688 0.998953 0.999954
 0.0765637 0.651774 0.97688 0.998953 0.999954
 0.0765637 0.651774 0.97688 0.998953 0.999954
 0.0765637 0.651774 0.97688 0.998953 0.999954
 0.0765637 0.651774 0.97688 0.998953 0.999954
 0.0765637 0.651774 0.97688 0.998953 0.999954
 0.0765637 0.651774 0.97688 0.998953 0.999954
 0.0765637 0.651774 0.97688 0.998953 0.999954
 0.0765637 0.651774 0.97688 0.998953 0.999954
 0.0765637 0.651774 0.97688 0.998953 0.999954
 0.0765637 0.651774 0.97688 0.998953 0.999954
 0.0765637 0.651774 0.97688 0.998953 0.999954
Scru_reclas
 0.184444 0.532309 0.851366 0.966473 0.993154
 0.184444 0.532309 0.851366 0.966473 0.993154
 0.184444 0.532309 0.851366 0.966473 0.993154
 0.184444 0.532309 0.851366 0.966473 0.993154
 0.184444 0.532309 0.851366 0.966473 0.993154
 0.184444 0.532309 0.851366 0.966473 0.993154
 0.184444 0.532309 0.851366 0.966473 0.993154
 0.184444 0.532309 0.851366 0.966473 0.993154
 0.184444 0.532309 0.851366 0.966473 0.993154
 0.184444 0.532309 0.851366 0.966473 0.993154
 0.184444 0.532309 0.851366 0.966473 0.993154
 0.184444 0.532309 0.851366 0.966473 0.993154
 0.184444 0.532309 0.851366 0.966473 0.993154
 0.184444 0.532309 0.851366 0.966473 0.993154
 0.184444 0.532309 0.851366 0.966473 0.993154
 0.184444 0.532309 0.851366 0.966473 0.993154
 0.184444 0.532309 0.851366 0.966473 0.993154
 0.184444 0.532309 0.851366 0.966473 0.993154
 0.184444 0.532309 0.851366 0.966473 0.993154
 0.184444 0.532309 0.851366 0.966473 0.993154
 0.184444 0.532309 0.851366 0.966473 0.993154
 0.184444 0.532309 0.851366 0.966473 0.993154
 0.184444 0.532309 0.851366 0.966473 0.993154
 0.184444 0.532309 0.851366 0.966473 0.993154
 0.184444 0.532309 0.851366 0.966473 0.993154
 0.184444 0.532309 0.851366 0.966473 0.993154
 0.184444 0.532309 0.851366 0.966473 0.993154
Scru_pelaces
 0.342354 0.723746 0.929502 0.985153 0.997014
 0.342354 0.723746 0.929502 0.985153 0.997014
 0.342354 0.723746 0.929502 0.985153 0.997014
 0.342354 0.723746 0.929502 0.985153 0.997014
 0.342354 0.723746 0.929502 0.985153 0.997014
 0.342354 0.723746 0.929502 0.985153 0.997014
 0.342354 0.723746 0.929502 0.985153 0.997014
 0.342354 0.723746 0.929502 0.985153 0.997014
 0.342354 0.723746 0.929502 0.985153 0.997014
 0.342354 0.723746 0.929502 0.985153 0.997014
 0.342354 0.723746 0.929502 0.985153 0.997014
 0.342354 0.723746 0.929502 0.985153 0.997014
 0.342354 0.723746 0.929502 0.985153 0.997014
 0.342354 0.723746 0.929502 0.985153 0.997014
 0.342354 0.723746 0.929502 0.985153 0.997014
 0.342354 0.723746 0.929502 0.985153 0.997014
 0.342354 0.723746 0.929502 0.985153 0.997014
 0.342354 0.723746 0.929502 0.985153 0.997014
 0.342354 0.723746 0.929502 0.985153 0.997014
 0.342354 0.723746 0.929502 0.985153 0.997014
 0.342354 0.723746 0.929502 0.985153 0.997014
 0.342354 0.723746 0.929502 0.985153 0.997014
 0.342354 0.723746 0.929502 0.985153 0.997014
 0.342354 0.723746 0.929502 0.985153 0.997014
 0.342354 0.723746 0.929502 0.985153 0.997014
 0.342354 0.723746 0.929502 0.985153 0.997014
 0.342354 0.723746 0.929502 0.985153 0.997014
pf_obs 
 0.256992 0.487395 0.22802 0.0275931 0
 0.321318 0.546541 0.124235 0.00734118 0.000564706
 0.182869 0.594174 0.210203 0.0122559 0.00049798
 0.330522 0.361315 0.267642 0.0388342 0.00168674
 0.649043 0.306663 0.0425973 0.00169635 0
 0.582887 0.30429 0.105238 0.00758474 0
 0.465427 0.430635 0.0974691 0.00646863 0
 0.296916 0.608066 0.0921331 0.00288517 0
 0.311714 0.524322 0.152257 0.0117073 0
 0.15457 0.633149 0.183074 0.0267441 0.00246327
 0.131901 0.49318 0.331252 0.0422183 0.00144891
 0.196976 0.569456 0.194076 0.0375587 0.00193317
 0.518974 0.381816 0.0799577 0.0180837 0.00116848
 0.0928022 0.601141 0.25162 0.0475244 0.00691264
 0.122501 0.610282 0.24278 0.0234846 0.000952079
 0.383417 0.481906 0.127806 0.00687128 0
 0.0376549 0.599619 0.316969 0.0457579 0
 0.0361596 0.667082 0.258105 0.0386534 0
 0.158088 0.579412 0.248529 0.0139706 0
 0.0477256 0.309471 0.559284 0.082774 0.000745712
 0.0406174 0.521527 0.379366 0.0568643 0.0016247
 0.151134 0.462217 0.34131 0.0453401 0
 0.294876 0.26143 0.354403 0.0886775 0.000613685
 0.281977 0.475581 0.204845 0.0348837 0.00271318
 0.0841818 0.532909 0.334909 0.0458182 0.00218182
 0.115287 0.27431 0.454777 0.147771 0.00785563
 0 0 0 0 0
pf_pred 
 0.1058 0.600752 0.259685 0.0337549 7.82485e-06
 0.263218 0.386467 0.272078 0.0694793 0.00875678
 0.0397782 0.782686 0.118482 0.0462264 0.0128274
 0.17756 0.307208 0.469632 0.0309652 0.014635
 0.419962 0.40535 0.0893384 0.0780275 0.00732253
 0.118456 0.754484 0.0995475 0.0142391 0.0132732
 0.475194 0.334937 0.176119 0.0108838 0.00286582
 0.251051 0.693821 0.043027 0.0112586 0.000841592
 0.32378 0.5572 0.114944 0.00321539 0.000860029
 0.321926 0.595724 0.0754433 0.00668208 0.000224441
 0.158756 0.708202 0.124114 0.00820515 0.000721905
 0.181863 0.597678 0.203323 0.0160388 0.00109696
 0.288279 0.550998 0.13716 0.0218105 0.00175284
 0.261342 0.673334 0.0593116 0.00518057 0.000831584
 0.271206 0.695932 0.0322864 0.000527865 4.77856e-05
 0.281086 0.683563 0.0350436 0.000303297 4.83184e-06
 0.210388 0.680636 0.106716 0.00224164 1.86211e-05
 0.304153 0.56084 0.126404 0.00843386 0.000169213
 0.236651 0.653928 0.0985153 0.0102415 0.000664022
 0.244727 0.586198 0.155655 0.0121313 0.00128969
 0.297357 0.555719 0.128525 0.016996 0.0014033
 0.225264 0.611806 0.1412 0.019084 0.00264603
 0.265954 0.535856 0.171984 0.0228096 0.00339568
 0.289748 0.559216 0.125483 0.0222776 0.00327475
 0.0682531 0.741882 0.165174 0.0206358 0.00405563
 0.178132 0.322325 0.434484 0.0568292 0.00822997
 0.0590242 0.688368 0.134774 0.102937 0.0148971
pobs_RECLAS
 0 0 0 0 0
 0 0 0 0 0
 0 0 0 0 0
 0 0 0 0 0
 0.835266 0.146461 0.0176864 0.000547809 3.91292e-05
 0.385257 0.428462 0.181853 0.0044286 0
 0.867414 0.0963971 0.0333333 0.00285562 0
 0.441836 0.489002 0.0689373 0.000224442 0
 0.779404 0.147425 0.0564933 0.0165055 0.000172143
 0.814271 0.122319 0.05973 0.00367925 0
 0.40263 0.566651 0.0304383 0.000280538 0
 0.475488 0.404961 0.113038 0.00651328 0
 0.955842 0.0263864 0.0167828 0.000988607 0
 0.975058 0.0227948 0.00214734 0 0
 0.738997 0.206755 0.0527124 0.00153531 0
 0.850938 0.134255 0.0134407 0.00136685 0
 0.542534 0.407297 0.0501686 0 0
 0.764087 0.199537 0.0359546 0.000420521 0
 0.470689 0.182191 0.310203 0.0369168 0
 0.84361 0.089868 0.0606195 0.00523954 0.000663233
 0.607945 0.314616 0.071237 0.00620181 0
 0.523733 0.453247 0.0230204 0 0
 0.530135 0.295979 0.169645 0.0042399 0
 0.562478 0.366248 0.0663022 0.0049721 0
 0.250443 0.683176 0.0655157 0.000865301 0
 0.195077 0.31981 0.436473 0.0351445 0.0134964
 0.565238 0.351407 0.0832357 0.000118908 0
ppred_RECLAS
 0.261245 0.487425 0.219678 0.0316446 7.53003e-06
 0.518809 0.246188 0.178132 0.0503559 0.00651442
 0.122699 0.717242 0.103161 0.0442873 0.0126109
 0.392706 0.220823 0.348662 0.0254584 0.0123507
 0.674961 0.219206 0.0513102 0.0497322 0.00479111
 0.305439 0.594416 0.0765291 0.0120695 0.0115462
 0.743303 0.163597 0.0856739 0.00584678 0.00158006
 0.526559 0.439043 0.0262511 0.00756666 0.000580443
 0.620308 0.315675 0.0616013 0.00189546 0.00052024
 0.598886 0.351562 0.0449938 0.00440582 0.000151889
 0.386274 0.519161 0.0876097 0.00637948 0.000575991
 0.42187 0.424087 0.140924 0.0122579 0.000860389
 0.603022 0.315132 0.0688788 0.0119797 0.000987693
 0.645798 0.33269 0.0193985 0.00181529 0.000298651
 0.653961 0.335537 0.0103042 0.000180492 1.67464e-05
 0.574266 0.40616 0.0193872 0.000184344 3.01342e-06
 0.476432 0.454712 0.0672888 0.00155447 1.32504e-05
 0.591077 0.331077 0.0724117 0.0053248 0.000109638
 0.494483 0.431935 0.0655489 0.00753184 0.000501216
 0.509553 0.380428 0.100433 0.00864289 0.000943023
 0.560943 0.343362 0.0825714 0.0120982 0.00102537
 0.468674 0.415109 0.0992442 0.0148576 0.00211457
 0.526335 0.342009 0.112601 0.0165294 0.0025258
 0.55572 0.34639 0.0798339 0.015689 0.00236724
 0.180845 0.644819 0.149469 0.0206924 0.00417448
 0.39299 0.23126 0.322149 0.0466642 0.00693675
 0.171231 0.604013 0.114293 0.0961784 0.0142841
pobs_PELACES
 0 0 0 0 0
 0 0 0 0 0
 0 0 0 0 0
 0 0 0 0 0
 0 0 0 0 0
 0 0 0 0 0
 0 0 0 0 0
 0 0 0 0 0
 0 0 0 0 0
 0 0 0 0 0
 0.450072 0.473896 0.0757376 0.000293798 0
 0 0 0 0 0
 0.463077 0.371075 0.160297 0.00555027 0
 0.529543 0.364841 0.0842815 0.0213345 0
 0.631943 0.363953 0.00410389 0 0
 0.735681 0.248677 0.0153453 0.000297389 0
 0.695825 0.281241 0.0229344 0 0
 0.275771 0.60734 0.115278 0.00161068 0
 0 0 0 0 0
 0.896147 0.0623911 0.0374545 0.00400742 0
 0.803859 0.145111 0.0509908 3.86294e-05 0
 0.739449 0.233085 0.0266225 0.000797448 4.60066e-05
 0.878498 0.100942 0.0204185 0.000141795 0
 0.694673 0.275183 0.0284847 0.00165964 0
 0.469039 0.446079 0.0841089 0.000773354 0
 0.822795 0.102175 0.0682046 0.00682512 0
 0 0 0 0 0
ppred_PELACES
 0.376791 0.45132 0.151599 0.0202857 4.7529e-06
 0.673109 0.194748 0.102005 0.0267333 0.00340495
 0.230469 0.674856 0.0628774 0.0248374 0.00696074
 0.558339 0.194631 0.224554 0.0152106 0.0072653
 0.761898 0.174335 0.0320552 0.0289643 0.00274792
 0.465806 0.481042 0.041448 0.00602803 0.00567613
 0.854405 0.104812 0.0377681 0.00238133 0.000633492
 0.688404 0.296568 0.0116896 0.00310397 0.000234358
 0.777876 0.196519 0.024716 0.000699519 0.000188958
 0.727981 0.247638 0.0222924 0.00201979 6.8549e-05
 0.563377 0.390127 0.0433311 0.00290636 0.000258276
 0.600955 0.321346 0.0715612 0.00574059 0.000396609
 0.793235 0.179364 0.0233784 0.00372034 0.000301808
 0.868181 0.127952 0.00352136 0.000296757 4.80041e-05
 0.87036 0.127756 0.00185177 2.92109e-05 2.66482e-06
 0.740395 0.251924 0.00761378 6.651e-05 1.06997e-06
 0.658991 0.310809 0.0295666 0.000628149 5.26966e-06
 0.74673 0.219206 0.031861 0.0021595 4.37651e-05
 0.640618 0.321384 0.0341325 0.00362769 0.000237652
 0.668442 0.276953 0.0501866 0.00398955 0.000428498
 0.681059 0.264809 0.0471778 0.00641852 0.000535619
 0.599585 0.332687 0.058466 0.00812308 0.00113828
 0.66582 0.262168 0.0622653 0.00847186 0.00127452
 0.686964 0.260535 0.0434161 0.00790948 0.00117496
 0.268192 0.610473 0.105133 0.0135171 0.00268499
 0.556992 0.203587 0.20746 0.02788 0.00408048
 0.306274 0.561133 0.0702033 0.0544333 0.00795701
pobs_pel_tallas
 0 0 0 0 0 0 0 0 0 0 0 0 0 0 0 0 0 0 0 0 0 0 0 0 0 0 0 0 0 0 0 0 0 0 0 0
 0 0 0 0 0 0 0 0 0 0 0 0 0 0 0 0 0 0 0 0 0 0 0 0 0 0 0 0 0 0 0 0 0 0 0 0
 0 0 0 0 0 0 0 0 0 0 0 0 0 0 0 0 0 0 0 0 0 0 0 0 0 0 0 0 0 0 0 0 0 0 0 0
 0 0 0 0 0 0 0 0 0 0 0 0 0 0 0 0 0 0 0 0 0 0 0 0 0 0 0 0 0 0 0 0 0 0 0 0
 0 0 0 0 0 0 0 0 0 0 0 0 0 0 0 0 0 0 0 0 0 0 0 0 0 0 0 0 0 0 0 0 0 0 0 0
 0 0 0 0 0 0 0 0 0 0 0 0 0 0 0 0 0 0 0 0 0 0 0 0 0 0 0 0 0 0 0 0 0 0 0 0
 0 0 0 0 0 0 0 0 0 0 0 0 0 0 0 0 0 0 0 0 0 0 0 0 0 0 0 0 0 0 0 0 0 0 0 0
 0 0 0 0 0 0 0 0 0 0 0 0 0 0 0 0 0 0 0 0 0 0 0 0 0 0 0 0 0 0 0 0 0 0 0 0
 0 0 0 0 0 0 0 0 0 0 0 0 0 0 0 0 0 0 0 0 0 0 0 0 0 0 0 0 0 0 0 0 0 0 0 0
 0 0 0 0 0 0 0 0 0 0 0 0 0 0 0 0 0 0 0 0 0 0 0 0 0 0 0 0 0 0 0 0 0 0 0 0
 0 0 0 0 0 0 0 0 1.78061e-05 0.00172719 0.00360574 0.0105946 0.0120993 0.0124554 0.0147524 0.0171206 0.0266825 0.0428682 0.0675386 0.121331 0.153587 0.119568 0.100827 0.0573624 0.0630603 0.0341343 0.0324427 0.0444173 0.0211091 0.0280891 0.0125444 0.00206551 0 0 0 0
 0 0 0 0 0 0 0 0 0 0 0 0 0 0 0 0 0 0 0 0 0 0 0 0 0 0 0 0 0 0 0 0 0 0 0 0
 0 0 0 0 0 0 0.0133647 0.0140871 0.0187388 0.0205184 0.03894 0.0496705 0.03968 0.0493445 0.0407372 0.0367815 0.0215668 0.0243155 0.0234873 0.0199281 0.019796 0.0243948 0.0301388 0.0376714 0.0412746 0.0863199 0.0771752 0.113111 0.0741005 0.0525337 0.0229764 0.00759418 0.00175318 0 0 0
 0 0 0 0 0 0 0 0 0 0 0.00219441 0.00772107 0.0458388 0.0604681 0.0671733 0.0775358 0.0609151 0.0617685 0.073594 0.0568108 0.0755445 0.0548602 0.0670107 0.0636378 0.0643287 0.046367 0.0373049 0.0286899 0.0247887 0.0153202 0.00654259 0.00121912 0.000365735 0 0 0
 0 0 0 0 0 0 0 0 0 0 0 0 0.000112435 0.00938835 0.0111873 0.0202946 0.0414886 0.0713402 0.111592 0.104902 0.108894 0.110636 0.117776 0.105296 0.107544 0.0401394 0.0192827 0.0124803 0.00416011 0.0028671 0.000618394 0 0 0 0 0
 0 0 0 0 0 0 0 0 0 0 0.00291406 0.0102884 0.027416 0.0768956 0.0749926 0.110853 0.0956884 0.0897413 0.0766577 0.0534642 0.0500743 0.0551293 0.0594112 0.0620874 0.0668451 0.0424026 0.0208742 0.0120726 0.0048766 0.00582813 0.00118941 0.000297354 0 0 0 0
 0 0.00264628 0.0354308 0.0461629 0.0458689 0.0383711 0.0214643 0.0164657 0.0346957 0.0420465 0.0363128 0.0245516 0.0311673 0.0291091 0.0169068 0.0133784 0.00837989 0.0085269 0.0148486 0.0160247 0.0276389 0.0546898 0.0760071 0.122758 0.109233 0.0665981 0.0333725 0.0166128 0.00676272 0.00308733 0.000882094 0 0 0 0 0
 0 0 0 0 0 0 0 0.000805153 0.000690131 0.00759144 0.0133425 0.0154129 0.00931677 0.000345066 0.00356568 0.00563607 0.00851162 0.0253048 0.0502646 0.0516448 0.0657925 0.0565908 0.0611916 0.0827007 0.0866115 0.110766 0.145733 0.0935128 0.0569358 0.0249597 0.0138026 0.00621118 0.00161031 0.00115022 0 0
 0 0 0 0 0 0 0 0 0 0 0 0 0 0 0 0 0 0 0 0 0 0 0 0 0 0 0 0 0 0 0 0 0 0 0 0
 0.00147267 0.00158595 0.00478618 0.00569244 0.00954404 0.0108468 0.00647125 0.017049 0.0510054 0.094081 0.124002 0.0959785 0.0687766 0.0820023 0.061753 0.0591476 0.0492212 0.0479892 0.0443925 0.0268479 0.0217502 0.0140895 0.0121071 0.0120363 0.00920419 0.00665534 0.0049561 0.00860946 0.00930331 0.0156896 0.0114698 0.00855282 0.00243557 0.00046729 0 2.83206e-05
 0 0 0 0 0.000772559 0.00158375 0.000888443 0.00281984 0.00712685 0.0440552 0.0773331 0.111326 0.0921469 0.0852325 0.0710754 0.0886704 0.0786465 0.0553345 0.0373146 0.0185414 0.00753245 0.00457741 0.012979 0.0271748 0.0457355 0.0583668 0.034881 0.0177882 0.00938659 0.00492506 0.0015258 0.00185414 0.000309023 5.79419e-05 3.86279e-05 0
 0 0.00173294 0.00326652 0 0.00397197 0.00683976 0.00946217 0.0152591 0.00757587 0.0136028 0.0228656 0.0392903 0.0559909 0.0764795 0.0681675 0.0726916 0.0566044 0.0477403 0.0527397 0.0444891 0.0609904 0.0582453 0.0661739 0.0445044 0.0529084 0.0360697 0.0280645 0.0235558 0.0158879 0.00826598 0.00280645 0.00217768 0.000904811 0.00058276 9.20147e-05 0
 0 0 0 0 0 0 0 0 0 0 0 0 0 0 0 0 0 0 0 0 0 0 0 0 0 0 0 0 0 0 0 0 0 0 0 0
 0 0 0 0 0 0 0 0 0 0 0 0 0 0 0 0 0 0 0 0 0 0 0 0 0 0 0 0 0 0 0 0 0 0 0 0
 0 0 0 0 0 0 0 0 0 0 0 0 0 0 0 0 0 0 0 0 0 0 0 0 0 0 0 0 0 0 0 0 0 0 0 0
 0 0 0 0 0 0 0 0 0 0 0 0 0 0 0 0 0 0 0 0 0 0 0 0 0 0 0 0 0 0 0 0 0 0 0 0
 0 0 0 0 0 0 0 0 0 0 0 0 0 0 0 0 0 0 0 0 0 0 0 0 0 0 0 0 0 0 0 0 0 0 0 0
ppred_pel_tallas
 1.02997e-16 1.64612e-05 9.65605e-05 0.000458893 0.00176658 0.00550874 0.013915 0.028475 0.0472118 0.0634383 0.0691235 0.0611862 0.0442669 0.0267792 0.0147639 0.00951966 0.00942397 0.0124905 0.0174475 0.0235906 0.0303633 0.0371296 0.0431649 0.0477673 0.0504056 0.0508354 0.0491447 0.0457105 0.0410888 0.0358752 0.030586 0.0255875 0.0210832 0.0171439 0.0137579 0.0108768
 1.0259e-16 2.93714e-05 0.000172379 0.000819397 0.0031547 0.00983761 0.0248491 0.0508448 0.0842824 0.113193 0.123188 0.108687 0.0778607 0.045559 0.0223347 0.0102246 0.00605005 0.00605993 0.00795277 0.0107029 0.0138565 0.0170961 0.0201045 0.0225742 0.0242619 0.0250363 0.024899 0.0239682 0.0224374 0.0205213 0.0184112 0.0162493 0.0141256 0.0120905 0.0101725 0.00839265
 1.02292e-16 1.00896e-05 5.91339e-05 0.000280919 0.00108126 0.00337154 0.00851695 0.0174317 0.0289137 0.0388868 0.0424654 0.0378115 0.0278389 0.0178047 0.0115508 0.0100421 0.0124502 0.0176676 0.0249063 0.0335526 0.0428853 0.0519627 0.0597032 0.0650842 0.0673742 0.066308 0.0621479 0.0556038 0.0476473 0.0392819 0.0313435 0.0243843 0.0186523 0.0141464 0.0107099 0.00812276
 1.04114e-16 2.43672e-05 0.000142999 0.00067972 0.0026169 0.00816051 0.0206129 0.0421774 0.0699163 0.0939037 0.102207 0.0902045 0.0646822 0.0379744 0.0188562 0.00904568 0.00593995 0.00646262 0.00873516 0.0119253 0.0156563 0.0196406 0.0235654 0.0271043 0.029968 0.0319527 0.0329657 0.0330213 0.0322132 0.0306779 0.0285636 0.0260122 0.0231572 0.0201274 0.0170513 0.0140551
 1.01636e-16 3.3242e-05 0.000195105 0.000927445 0.00357072 0.011135 0.028126 0.0575495 0.0953947 0.128112 0.139411 0.122969 0.0880219 0.0513634 0.0249145 0.0109523 0.00584717 0.00532445 0.00676066 0.0089948 0.0115376 0.01408 0.0163339 0.0180333 0.0189829 0.0191002 0.0184319 0.0171338 0.0154267 0.0135398 0.0116643 0.00992656 0.00838566 0.00704807 0.00589064 0.00488161
 1.01218e-16 2.03435e-05 0.000119351 0.00056724 0.00218373 0.00680961 0.017201 0.0351984 0.0583564 0.0784047 0.0854086 0.0755474 0.0545393 0.0327572 0.0176299 0.0107133 0.00994736 0.0128258 0.0177426 0.0238233 0.0304169 0.0368179 0.0422471 0.0459743 0.0474795 0.0465777 0.0434628 0.0386501 0.0328432 0.0267686 0.0210321 0.0160347 0.0119564 0.00879575 0.00643582 0.00471137
 1.00682e-16 3.7273e-05 0.000218777 0.00104 0.00400409 0.0124864 0.0315396 0.0645336 0.106969 0.143648 0.156294 0.137809 0.098531 0.0572664 0.0273493 0.011292 0.00498388 0.0036025 0.00420265 0.00551732 0.00707731 0.00865471 0.0100662 0.0111462 0.0117702 0.0118801 0.0114951 0.0107017 0.00962786 0.00841173 0.00717347 0.00599907 0.00493728 0.00400627 0.00320489 0.00252325
 1.00381e-16 3.00423e-05 0.000176309 0.00083806 0.00322652 0.0100616 0.0254149 0.0520033 0.0862051 0.115783 0.126026 0.111239 0.0797914 0.0468947 0.0233698 0.0113309 0.00755197 0.00820324 0.0109042 0.0145344 0.0185106 0.0223527 0.0255715 0.0277172 0.0284741 0.0277368 0.0256371 0.0225065 0.0187933 0.0149576 0.0113818 0.00831627 0.00586994 0.00403429 0.00272591 0.00182958
 1.00448e-16 3.39397e-05 0.000199199 0.000946902 0.00364563 0.0113685 0.0287161 0.058757 0.0973967 0.130802 0.142342 0.125563 0.0898976 0.0524957 0.0255338 0.0113418 0.00621779 0.00579758 0.00739562 0.00981029 0.0125159 0.0151632 0.017422 0.0189905 0.0196531 0.0193298 0.0180949 0.0161539 0.0137901 0.0112978 0.00892453 0.00683661 0.0051123 0.00375703 0.00272949 0.00196787
 1.0047e-16 3.17661e-05 0.000186433 0.000886203 0.0034119 0.0106397 0.0268751 0.0549906 0.0911552 0.122426 0.133241 0.117571 0.0842539 0.0493577 0.0243014 0.0112932 0.00689533 0.00704117 0.00921645 0.012268 0.0156436 0.0189282 0.0217106 0.0236126 0.024366 0.0238752 0.0222405 0.0197279 0.0167015 0.0135375 0.0105505 0.00794985 0.0058308 0.00419445 0.00298157 0.00210685
 1.00855e-16 2.45944e-05 0.000144316 0.000685943 0.0026408 0.00823499 0.0208012 0.0425641 0.0705625 0.0947869 0.103209 0.0911838 0.0655917 0.0389238 0.0200928 0.0108962 0.00876058 0.0105989 0.0144686 0.0193945 0.0247674 0.0299957 0.0344429 0.0375139 0.038783 0.0380947 0.0356004 0.0317124 0.0269969 0.0220411 0.0173376 0.0132158 0.00982859 0.00718293 0.00519229 0.00372955
 1.01337e-16 2.62303e-05 0.000153926 0.000731645 0.00281679 0.00878381 0.0221874 0.0453999 0.0752609 0.10109 0.11005 0.0971768 0.0697909 0.0411917 0.0208529 0.0106538 0.00781341 0.00901773 0.012202 0.0163756 0.0209847 0.025534 0.0294986 0.0323825 0.0338215 0.0336651 0.0320081 0.0291562 0.0255424 0.0216229 0.0177863 0.0143001 0.0113007 0.00881621 0.0068061 0.00519935
 1.00533e-16 3.46087e-05 0.000203128 0.000965587 0.00371757 0.0115929 0.0292828 0.0599164 0.0993179 0.13338 0.145143 0.128022 0.0916321 0.0534565 0.025904 0.0113413 0.00598473 0.00537806 0.00678313 0.00898419 0.0114654 0.0139001 0.0159859 0.0174474 0.0180875 0.017832 0.016747 0.0150174 0.0128988 0.0106567 0.00851409 0.00662065 0.00504667 0.00379717 0.00283569 0.00210803
 1.00105e-16 3.78746e-05 0.000222307 0.00105677 0.00406868 0.0126879 0.0320484 0.0655747 0.108695 0.145967 0.158822 0.140048 0.100152 0.05825 0.0278955 0.0116471 0.00533153 0.00404772 0.00479434 0.00626538 0.00795523 0.00959655 0.010967 0.0118711 0.012173 0.0118284 0.0108957 0.00951986 0.00789644 0.00622593 0.0046747 0.00335164 0.00230366 0.00152629 0.000982078 0.000619445
 1.0007e-16 3.79696e-05 0.000222864 0.00105942 0.00407889 0.0127197 0.0321288 0.0657392 0.108968 0.146333 0.159221 0.140398 0.100402 0.0583935 0.0279607 0.011668 0.00533133 0.00403678 0.00477506 0.00623664 0.00791469 0.00954159 0.0108952 0.0117804 0.0120624 0.0116978 0.0107465 0.00935493 0.00771988 0.00604297 0.00449123 0.00317366 0.00213669 0.00137484 0.000849285 0.000506888
 1.00193e-16 3.23076e-05 0.000189612 0.000901313 0.00347008 0.0108211 0.0273333 0.0559282 0.0927094 0.124513 0.135513 0.119574 0.0856868 0.050192 0.0247022 0.0114616 0.00697156 0.00709288 0.00926479 0.0123104 0.0156641 0.0189009 0.0216016 0.0233837 0.02398 0.0233027 0.0214667 0.0187572 0.0155588 0.0122665 0.009208 0.00659803 0.0045295 0.00299415 0.00191872 0.001202
 1.00543e-16 2.87604e-05 0.000168781 0.00080227 0.00308872 0.00963182 0.0243294 0.0497824 0.0825245 0.110842 0.120655 0.106514 0.0764381 0.0449958 0.0225572 0.0111597 0.00772868 0.00860868 0.0115242 0.0153946 0.0196396 0.0237647 0.0272583 0.0296463 0.0305913 0.0299728 0.0279161 0.0247549 0.020946 0.0169622 0.0131995 0.00992154 0.00724952 0.00518604 0.00365774 0.00255807
 1.00601e-16 3.25825e-05 0.000191229 0.000909007 0.00349971 0.0109135 0.0275667 0.0564056 0.0934998 0.125572 0.136657 0.120566 0.086359 0.0505078 0.0247135 0.0112269 0.00650842 0.00637876 0.00826148 0.0109916 0.0140376 0.0170235 0.0195837 0.0213813 0.0221743 0.0218706 0.0205491 0.0184345 0.0158382 0.0130846 0.0104471 0.00811027 0.00616235 0.00461203 0.00341708 0.00251305
 1.00726e-16 2.79597e-05 0.00016408 0.000779915 0.00300264 0.00936339 0.0236514 0.0483952 0.0802256 0.107756 0.117301 0.103564 0.0743457 0.0438138 0.0220568 0.0110645 0.00785701 0.00888753 0.0119455 0.0159736 0.0203913 0.0246931 0.0283513 0.0308756 0.0319158 0.0313446 0.0292874 0.0260845 0.0222028 0.0181262 0.01426 0.0108748 0.00809558 0.00592683 0.00429619 0.00309813
 1.0096e-16 2.91712e-05 0.000171196 0.000813757 0.00313295 0.00976978 0.0246778 0.0504951 0.0837048 0.112424 0.122369 0.108007 0.077466 0.0455136 0.022656 0.0109454 0.00725038 0.00785659 0.0104617 0.0139923 0.0179016 0.021745 0.0250666 0.0274404 0.0285566 0.0282927 0.02674 0.0241726 0.0209743 0.0175468 0.0142303 0.0112564 0.00873919 0.00669567 0.00508103 0.00382335
 1.01002e-16 2.97208e-05 0.000174424 0.000829106 0.00319205 0.00995409 0.0251434 0.0514475 0.0852831 0.114543 0.12467 0.110029 0.0788941 0.046309 0.0229708 0.0109628 0.00708679 0.00755304 0.0100155 0.0133879 0.0171291 0.0208102 0.023995 0.0262763 0.0273582 0.0271238 0.0256598 0.0232276 0.0201927 0.0169378 0.0137862 0.0109577 0.00855972 0.00660775 0.00505868 0.00384431
 1.01271e-16 2.6171e-05 0.000153577 0.000729983 0.00281038 0.00876384 0.022137 0.0452968 0.0750902 0.100862 0.109804 0.0969656 0.0696523 0.0411359 0.0208724 0.0107408 0.00796993 0.0092546 0.0125322 0.0168062 0.0215105 0.0261329 0.0301303 0.0329923 0.0343475 0.0340494 0.0322074 0.0291505 0.0253384 0.0212517 0.0172968 0.0137492 0.0107435 0.00829832 0.00635884 0.00483875
 1.01321e-16 2.90563e-05 0.000170523 0.000810559 0.00312065 0.0097314 0.0245809 0.0502966 0.0833755 0.111981 0.121884 0.107572 0.0771395 0.0452929 0.0224929 0.0107795 0.00703005 0.00754377 0.0100312 0.0134334 0.0172224 0.0209776 0.0242682 0.0266893 0.027942 0.0279004 0.0266373 0.024396 0.0215231 0.0183843 0.0152914 0.0124593 0.0099982 0.00793282 0.00623382 0.00484877
 1.01028e-16 2.99782e-05 0.000175935 0.000836291 0.00321972 0.0100404 0.0253613 0.0518933 0.086022 0.115534 0.125748 0.110976 0.0795648 0.0466854 0.0231255 0.010983 0.00702904 0.00743852 0.00984459 0.0131538 0.0168261 0.0204377 0.0235595 0.0257916 0.0268441 0.0266033 0.0251563 0.0227617 0.0197801 0.0165884 0.0135041 0.0107419 0.00840558 0.00650786 0.00500408 0.00382533
 1.02282e-16 1.1732e-05 6.87821e-05 0.0003268 0.00125793 0.00392251 0.00990856 0.0202786 0.0336307 0.0452153 0.0493357 0.0438327 0.0320643 0.0201001 0.0123473 0.00985518 0.0115895 0.0162165 0.022826 0.0307863 0.0394267 0.0478942 0.055208 0.0604339 0.0628918 0.0623141 0.0589041 0.0532676 0.0462506 0.0387375 0.0314751 0.0249699 0.0194681 0.0150025 0.0114704 0.00871104
 1.0416e-16 2.43088e-05 0.000142656 0.000678085 0.0026106 0.00814087 0.0205633 0.0420759 0.0697484 0.0936789 0.101964 0.0899947 0.0645416 0.0379115 0.018861 0.00910729 0.0060559 0.00663869 0.00897931 0.0122412 0.0160379 0.0200689 0.0240084 0.0275199 0.0303109 0.0321827 0.0330568 0.0329668 0.032028 0.0303951 0.0282272 0.0256688 0.0228475 0.0198801 0.0168807 0.0139619
 1.03422e-16 1.33904e-05 7.85232e-05 0.000373121 0.0014363 0.00447875 0.0113135 0.0231529 0.0383933 0.0516061 0.056276 0.0499209 0.036349 0.0224524 0.0132117 0.0097637 0.010867 0.0149563 0.02099 0.028304 0.0362596 0.0440724 0.0508481 0.0557375 0.0581252 0.0577734 0.0548728 0.0499775 0.0438544 0.0372965 0.0309633 0.0252893 0.0204709 0.0165132 0.013307 0.010702
pSPR Fmed_Fpbrs
0.530788   0.6 0.325
Fs Fmed_Fpbrs
0.64   0.473225 1.68876
SSBpbr Bo_Bmed_Bpbrs
482608  232032  265434 132717
Ro
22925.4
SPR SPRFo_SPRFmed_SPRFpbrs
473506 251331 153890
log_Ro
9.86
likeval ReclasPelacesDesembMPH_pf_preclas_ppelaces_ptallas_desvR_qrecl_qpela
 79.87 11.3516 0.151841 15.7507 347.482 214.578 57.2281 0 27.0532 6.85639e-05 0.000283826 4.25542e-14 0 0 0
q_reclas_q_pelaces
3.23283 10.9884
M
0.7
N
 20416.3 16118.9 5085.35 650.266 0.15063
 44276.4 9613.1 5088.89 1280.83 161.324
 5668.22 20418.6 2542.45 982.965 272.655
 9624.69 2414.76 2750.06 178.612 84.36
 37434.7 4468.36 676.109 578.575 54.247
 16652.1 18300.1 1941.45 274.825 256.064
 62933.4 7260.96 3004.28 183.499 48.2922
 57090.9 27990.4 1410.95 365.603 27.3173
 77464.7 24627.3 4192.7 116.243 31.0796
 113343 32881.6 3215.9 281.203 9.43981
 64521 51208.2 7302.93 478.125 42.0482
 49151.9 27800.9 7596.85 593.021 40.5403
 53358.8 21452.9 4601.73 726.947 58.4054
 28885.2 21427.8 1747.5 152.147 24.4191
 13287 9816.92 421.655 6.87178 0.621988
 9745.21 4515.71 193.176 1.65809 0.0264055
 6803.22 4084.49 529.383 11.0224 0.0915261
 8942.57 2882.46 525.061 34.6805 0.695501
 8866.64 3879.77 453.395 46.546 3.01618
 10132.2 3991.52 835.65 64.3787 6.84063
 17090.5 4498.55 764.191 99.4534 8.20567
 20601 8012.78 1369.41 182.244 25.251
 32005.1 9604.77 2325.8 304.09 45.2411
 51461.1 14722.9 2486.99 435.206 63.9331
 15582.8 23711.9 3866.09 475.258 93.3366
 27964.3 7320.68 7343.36 946.047 136.914
 6314.01 12992.9 2063.47 1560.5 225.738
pred_Ctot
 763.13 4333.19 1873.1 243.472 0.0564402
 2281.14 3349.25 2357.92 602.13 75.8891
 584.431 11499.4 1740.76 679.168 188.464
 452.324 782.595 1196.36 78.8821 37.2818
 419.551 404.953 89.251 77.9512 7.31537
 1471.13 9370.06 1236.3 176.838 164.842
 4753.38 3350.38 1761.72 108.871 28.6668
 5436 15023.3 931.661 243.782 18.2229
 8163.67 14049 2898.16 81.0715 21.6844
 7391.9 13678.7 1732.29 153.431 5.1535
 6189.9 27612.8 4839.22 319.918 28.147
 4311.81 14170.4 4820.62 380.265 26.0079
 7431.85 14204.8 3536 562.276 45.1884
 6700.31 17263 1520.64 132.82 21.3202
 3082.09 7908.83 366.915 5.99886 0.543054
 1103.92 2684.58 137.628 1.19115 0.0189763
 724.809 2344.86 367.648 7.72269 0.0641517
 818.777 1509.78 340.277 22.7039 0.45552
 599.369 1656.21 249.511 25.9388 1.68178
 776.821 1860.73 494.086 38.5076 4.09378
 688.919 1287.5 297.768 39.3765 3.25118
 908.973 2468.73 569.763 77.0066 10.6771
 1702.53 3430.32 1100.97 146.018 21.7377
 2680.43 5173.25 1160.83 206.088 30.2944
 606.615 6593.65 1468.02 183.406 36.0453
 1299.33 2351.1 3169.21 414.522 60.031
 592.725 6912.63 1353.41 1033.7 149.598
F
 0.053206 0.452934 0.678858 0.694197 0.694892
 0.0740057 0.629998 0.944242 0.965578 0.966545
 0.153277 1.30482 1.95567 1.99986 2.00186
 0.06731 0.572999 0.858812 0.878217 0.879096
 0.0156925 0.133587 0.200221 0.204745 0.20495
 0.130024 1.10687 1.65898 1.69646 1.69816
 0.110215 0.938246 1.40624 1.43802 1.43946
 0.140789 1.19852 1.79634 1.83693 1.83877
 0.15691 1.33575 2.00202 2.04726 2.04931
 0.0945204 0.804637 1.20599 1.23324 1.23448
 0.141923 1.20817 1.8108 1.85172 1.85357
 0.129056 1.09863 1.64664 1.68384 1.68553
 0.212347 1.80767 2.70934 2.77056 2.77334
 0.379223 3.22826 4.83852 4.94785 4.9528
 0.379223 3.22826 4.83852 4.94784 4.9528
 0.16958 1.4436 2.16368 2.21256 2.21478
 0.158753 1.35144 2.02553 2.0713 2.07338
 0.135047 1.14964 1.72307 1.76201 1.76377
 0.0981249 0.835321 1.25198 1.28027 1.28155
 0.111961 0.953109 1.42852 1.4608 1.46226
 0.0574864 0.489372 0.733472 0.750045 0.750796
 0.063078 0.536972 0.804815 0.823 0.823824
 0.0764948 0.651188 0.976001 0.998054 0.999053
 0.0748465 0.637156 0.95497 0.976548 0.977526
 0.0554671 0.472182 0.707707 0.723698 0.724423
 0.0665246 0.566313 0.848791 0.867969 0.868839
 0.138679 1.18055 1.76941 1.80939 1.8112
Np
 14384.8 6889.1 995.665 619.756 70.7784
YTP_r0W_actual
 1327.71 54525 17710.3 17417 2798.22
YTP_p0W_proyectada
 3024.84 11454.1 17006.8 1949.2 1700.67
 3024.84 28910.2 8545.57 6917.2 877.36
CTP_r0_actual
 161.916 2524.3 564.023 434.339 62.8813
CTP_p0_proyectada
 368.883 530.281 541.617 48.6085 38.2173
 368.883 1338.43 272.152 172.499 19.7159
Wmedp
 8.2 21.6 31.4 40.1 44.5
nmprior
 10.8 10.6 4.6 0
nm_flota  nm_reclas  nm_pelaces    nm_pelaL
inf 19.3858 15.418 46.0511
cv_recla  cv_pelaces  cv_mph
0.773967 0.369079 0.530341
 ------------------------------------------------
Talla a la edad & desviaci?n 
 7.2 14.2025 17.0495 18.207 18.6776
 1.08 2.13037 2.55742 2.73105 2.80164
