years
 1997 1998 1999 2000 2001 2002 2003 2004 2005 2006 2007 2008 2009 2010 2011 2012 2013 2014 2015 2016 2017 2018 2019 2020 2021 2022 2023
reclasobs
 0 0 0 370054 412103 1.49427e+06 250295 1.28982e+06 931140 785840 897777 1.04006e+06 184774 17550 25797 100020 73551 82996 120727 218422 84188 347160 605670 569463 516374 1.08416e+06 1.01767e+06
reclaspred
 443095 129613 434493 307063 400146 465438 1.00304e+06 658008 722597 619402 480774 322821 197442 95033.8 70003.9 69946.3 82962.4 117022 129423 186929 269213 252195 445232 599375 725721 712011 733985
pelacesobs
 0 0 0 0 0 0 0 0 0 2.06254e+06 1.5e+06 0 1.87456e+06 323000 250000 174000 83755 137374 0 501740 490994 745055 786931 1.00524e+06 1.33801e+06 1.41789e+06 0
pelacespred
 1.69588e+06 438611 882286 958633 1.06079e+06 1.03857e+06 2.47246e+06 2.06449e+06 1.98632e+06 1.73016e+06 1.21241e+06 838081 510464 208635 150822 159763 197030 278178 315267 443904 711786 647535 937559 1.42586e+06 1.72229e+06 1.85815e+06 1.81737e+06
mphobs
 0 0 0 0 0 0 112323 0 153150 637223 0 255016 313432 73983 77613 109348 50772 17779 17303 59886 28197 0 207744 136588 643089 65757 70829
mphpred
 139579 95090.7 124580 166828 158928 222900 339226 386257 330683 326594 283792 198885 120248 95738 47693.7 41762.8 46453.7 63981.4 29566.2 34089.5 52984.1 64158.8 81514.4 122363 165610 172755 162948
desembarqueobs
 350755 77701 442110 56441 14545 235359 269955 359681 431902 328805 639364 411747 362871 311530 167758 66681 60226 58785 57116 73181 50977 67692 138656 160484 209506 203330 245020
desembarquepred
 350767 77705.3 442161 56443.2 14545.1 235407 269985 359714 431961 328863 639729 412079 363374 312117 167852 66701.9 60252.3 58790.2 57113.8 73184.1 50978.1 67688.5 138661 160491 209511 203332 245017
Reclutas
 71977.2 89474.5 56620.6 79725.8 126823 96043.9 149089 137579 162214 140906 69454.5 41499.2 42254.9 24695.5 19708.3 22946 18521 23858.8 28685.9 47070.9 60741.4 82983.1 130396 179260 76866.4 111309 181808
log_desv_Rt
 0.0641049 0.281709 -0.175872 0.166348 0.63055 0.352561 0.792297 0.711951 0.876671 0.735848 0.0284279 -0.48657 -0.468525 -1.00562 -1.23121 -1.0791 -1.29334 -1.04009 -0.855839 -0.36059 -0.105619 0.206392 0.658329 0.97659 0.129824 0.500063 0.990708
SSB
 859754 585721 767364 1.02759e+06 978934 1.37297e+06 2.04071e+06 2.35824e+06 2.0004e+06 1.97693e+06 1.74804e+06 1.22505e+06 759432 403149 206441 182792 210078 279489 361116 434137 645613 764036 994303 1.43421e+06 2.09969e+06 2.24288e+06 2.00438e+06
BT
 2.96929e+06 821626 1.63104e+06 1.56997e+06 1.68206e+06 1.8236e+06 4.07876e+06 3.66243e+06 3.52524e+06 3.04506e+06 2.49502e+06 1.70326e+06 1.16299e+06 631035 381599 307243 360593 485374 545588 758606 1.16303e+06 1.0834e+06 1.57256e+06 2.37706e+06 2.87487e+06 3.10486e+06 3.07263e+06
Ftot
 0.345847 0.252997 0.344342 0.0641854 0.0141593 0.152662 0.0963417 0.19288 0.217452 0.178929 0.390547 0.363658 0.568866 0.984741 0.869645 0.344285 0.265662 0.18454 0.149643 0.148584 0.0702017 0.0915751 0.105262 0.0994538 0.0853396 0.087695 0.114912
BD_Bspro_t
 0.958752 0.808417 0.785486 0.694209 0.784443 0.870842 0.844807 0.848816 0.8035 0.768617 0.726343 0.581489 0.470322 0.358366 0.243826 0.262969 0.370357 0.526275 0.642909 0.729253 0.812746 0.869752 0.87818 0.882999 0.891413 0.868107 0.854193
BD_Bspro
 0.61661 0.420075 0.550349 0.736983 0.702085 0.984689 1.46359 1.69131 1.43468 1.41784 1.25369 0.878601 0.54466 0.289136 0.148058 0.131097 0.150667 0.200448 0.25899 0.31136 0.46303 0.547962 0.713107 1.0286 1.50589 1.60858 1.43753
BD_Bo
 0.303812 0.206977 0.271164 0.363121 0.345927 0.485169 0.721128 0.833332 0.706884 0.698588 0.617708 0.432898 0.268361 0.142461 0.0729501 0.0645932 0.0742355 0.0987632 0.127608 0.153411 0.228141 0.269988 0.351357 0.506807 0.74197 0.792569 0.708288
BD_Brms
 0.552385 0.376321 0.493026 0.66022 0.628958 0.882126 1.31114 1.51515 1.28524 1.27016 1.1231 0.787088 0.487929 0.25902 0.132637 0.117442 0.134974 0.179569 0.232014 0.278929 0.414802 0.490887 0.638832 0.921467 1.34904 1.44104 1.2878
S_f
 0.197541 1 1 1 1
 0.197541 1 1 1 1
 0.197541 1 1 1 1
 0.197541 1 1 1 1
 0.197541 1 1 1 1
 0.197541 1 1 1 1
 0.197541 1 1 1 1
 0.197541 1 1 1 1
 0.197541 1 1 1 1
 0.197541 1 1 1 1
 0.197541 1 1 1 1
 0.197541 1 1 1 1
 0.197541 1 1 1 1
 0.197541 1 1 1 1
 0.197541 1 1 1 1
 0.197541 1 1 1 1
 0.197541 1 1 1 1
 0.197541 1 1 1 1
 0.197541 1 1 1 1
 0.197541 1 1 1 1
 0.197541 1 1 1 1
 0.197541 1 1 1 1
 0.197541 1 1 1 1
 0.197541 1 1 1 1
 0.197541 1 1 1 1
 0.197541 1 1 1 1
 0.197541 1 1 1 1
Scru_reclas
 1 1 1 1 1
 1 1 1 1 1
 1 1 1 1 1
 1 1 1 1 1
 1 1 1 1 1
 1 1 1 1 1
 1 1 1 1 1
 1 1 1 1 1
 1 1 1 1 1
 1 1 1 1 1
 1 1 1 1 1
 1 1 1 1 1
 1 1 1 1 1
 1 1 1 1 1
 1 1 1 1 1
 1 1 1 1 1
 1 1 1 1 1
 1 1 1 1 1
 1 1 1 1 1
 1 1 1 1 1
 1 1 1 1 1
 1 1 1 1 1
 1 1 1 1 1
 1 1 1 1 1
 1 1 1 1 1
 1 1 1 1 1
 1 1 1 1 1
Scru_pelaces
 1 1 1 1 1
 1 1 1 1 1
 1 1 1 1 1
 1 1 1 1 1
 1 1 1 1 1
 1 1 1 1 1
 1 1 1 1 1
 1 1 1 1 1
 1 1 1 1 1
 1 1 1 1 1
 1 1 1 1 1
 1 1 1 1 1
 1 1 1 1 1
 1 1 1 1 1
 1 1 1 1 1
 1 1 1 1 1
 1 1 1 1 1
 1 1 1 1 1
 1 1 1 1 1
 1 1 1 1 1
 1 1 1 1 1
 1 1 1 1 1
 1 1 1 1 1
 1 1 1 1 1
 1 1 1 1 1
 1 1 1 1 1
 1 1 1 1 1
pf_obs 
 0.256992 0.487395 0.22802 0.0275931 0
 0.321318 0.546541 0.124235 0.00734118 0.000564706
 0.182869 0.594174 0.210203 0.0122559 0.00049798
 0.330522 0.361315 0.267642 0.0388342 0.00168674
 0.649043 0.306663 0.0425973 0.00169635 0
 0.582887 0.30429 0.105238 0.00758474 0
 0.465427 0.430635 0.0974691 0.00646863 0
 0.296916 0.608066 0.0921331 0.00288517 0
 0.311714 0.524322 0.152257 0.0117073 0
 0.15457 0.633149 0.183074 0.0267441 0.00246327
 0.131901 0.49318 0.331252 0.0422183 0.00144891
 0.196976 0.569456 0.194076 0.0375587 0.00193317
 0.518974 0.381816 0.0799577 0.0180837 0.00116848
 0.0928022 0.601141 0.25162 0.0475244 0.00691264
 0.122501 0.610282 0.24278 0.0234846 0.000952079
 0.383417 0.481906 0.127806 0.00687128 0
 0.0376549 0.599619 0.316969 0.0457579 0
 0.0361596 0.667082 0.258105 0.0386534 0
 0.158088 0.579412 0.248529 0.0139706 0
 0.0477256 0.309471 0.559284 0.082774 0.000745712
 0.0406174 0.521527 0.379366 0.0568643 0.0016247
 0.151134 0.462217 0.34131 0.0453401 0
 0.294876 0.26143 0.354403 0.0886775 0.000613685
 0.281977 0.475581 0.204845 0.0348837 0.00271318
 0.0841818 0.532909 0.334909 0.0458182 0.00218182
 0.115287 0.27431 0.454777 0.147771 0.00785563
 0 0 0 0 0
pf_pred 
 0.383539 0.435531 0.161855 0.0190643 1.06277e-05
 0.312559 0.54099 0.103468 0.0384515 0.00453158
 0.176686 0.593599 0.180777 0.0345748 0.0143632
 0.255672 0.416901 0.236071 0.0718938 0.0194623
 0.292397 0.453966 0.142063 0.0804436 0.0311306
 0.17764 0.557522 0.169908 0.0531708 0.0417595
 0.262103 0.398151 0.230332 0.070195 0.039219
 0.207015 0.517456 0.148669 0.0860053 0.0408549
 0.236813 0.450764 0.203869 0.0585731 0.0499809
 0.195816 0.510103 0.173694 0.0785575 0.0418294
 0.117158 0.505091 0.239612 0.0815897 0.0565497
 0.114729 0.394778 0.28062 0.133124 0.076748
 0.186866 0.355289 0.204171 0.145131 0.108542
 0.1766 0.496595 0.142794 0.0820582 0.101953
 0.245084 0.480437 0.165539 0.0476 0.0613398
 0.306353 0.495263 0.126253 0.0435017 0.0286281
 0.214202 0.568746 0.154975 0.0395065 0.0225705
 0.259678 0.450959 0.209436 0.0570683 0.0228593
 0.256133 0.490084 0.154589 0.0717946 0.0273992
 0.315536 0.445596 0.157374 0.0496409 0.0318527
 0.278953 0.514817 0.134259 0.047417 0.0245541
 0.275738 0.484547 0.171153 0.0446349 0.0239271
 0.305996 0.463329 0.154327 0.0545118 0.0218368
 0.288315 0.498651 0.142225 0.0473727 0.0234362
 0.108941 0.607733 0.198517 0.0566208 0.0281896
 0.191259 0.316564 0.335681 0.109651 0.0468451
 0.276281 0.401417 0.126158 0.133777 0.0623671
pobs_RECLAS
 0 0 0 0 0
 0 0 0 0 0
 0 0 0 0 0
 0 0 0 0 0
 0.835266 0.146461 0.0176864 0.000547809 3.91292e-05
 0.385257 0.428462 0.181853 0.0044286 0
 0.867414 0.0963971 0.0333333 0.00285562 0
 0.441836 0.489002 0.0689373 0.000224442 0
 0.779404 0.147425 0.0564933 0.0165055 0.000172143
 0.814271 0.122319 0.05973 0.00367925 0
 0.40263 0.566651 0.0304383 0.000280538 0
 0.475488 0.404961 0.113038 0.00651328 0
 0.955842 0.0263864 0.0167828 0.000988607 0
 0.975058 0.0227948 0.00214734 0 0
 0.738997 0.206755 0.0527124 0.00153531 0
 0.850938 0.134255 0.0134407 0.00136685 0
 0.542534 0.407297 0.0501686 0 0
 0.764087 0.199537 0.0359546 0.000420521 0
 0.470689 0.182191 0.310203 0.0369168 0
 0.84361 0.089868 0.0606195 0.00523954 0.000663233
 0.607945 0.314616 0.071237 0.00620181 0
 0.523733 0.453247 0.0230204 0 0
 0.530135 0.295979 0.169645 0.0042399 0
 0.562478 0.366248 0.0663022 0.0049721 0
 0.250443 0.683176 0.0655157 0.000865301 0
 0.195077 0.31981 0.436473 0.0351445 0.0134964
 0.565238 0.351407 0.0832357 0.000118908 0
ppred_RECLAS
 0.762773 0.167601 0.0622851 0.00733632 4.08975e-06
 0.700117 0.235996 0.0451359 0.0167737 0.00197681
 0.525833 0.341869 0.104114 0.0199125 0.00827212
 0.63561 0.204096 0.11557 0.035196 0.00952789
 0.676712 0.207407 0.0649057 0.0367529 0.0142229
 0.524327 0.322484 0.0982791 0.0307553 0.0241547
 0.643727 0.192236 0.111209 0.0338917 0.0189358
 0.571799 0.279419 0.0802791 0.0464417 0.0220611
 0.613846 0.228075 0.103153 0.0296366 0.0252891
 0.554461 0.282611 0.0962311 0.043523 0.0231746
 0.407627 0.338908 0.160776 0.0547454 0.037944
 0.401431 0.266927 0.189739 0.0900111 0.0518926
 0.547398 0.197759 0.113645 0.0807819 0.0604159
 0.541086 0.276772 0.0795846 0.0457343 0.0568226
 0.637831 0.230489 0.0794169 0.022836 0.0294276
 0.69533 0.217534 0.0554541 0.0191072 0.0125743
 0.583486 0.301465 0.0821449 0.0209405 0.0119635
 0.642001 0.218071 0.101277 0.0275967 0.0110541
 0.637253 0.23899 0.0753851 0.0350106 0.0133612
 0.701658 0.194225 0.0685957 0.0216373 0.0138839
 0.662755 0.240788 0.0627949 0.0221776 0.0114843
 0.659414 0.22786 0.0804852 0.0209897 0.0112518
 0.69173 0.205806 0.0685505 0.0242136 0.00969969
 0.673318 0.228894 0.0652851 0.0217453 0.0107578
 0.383302 0.420609 0.137392 0.039187 0.0195099
 0.545952 0.177727 0.18846 0.0615607 0.0263
 0.660309 0.188412 0.0592144 0.0627905 0.0292731
pobs_PELACES
 0 0 0 0 0
 0 0 0 0 0
 0 0 0 0 0
 0 0 0 0 0
 0 0 0 0 0
 0 0 0 0 0
 0 0 0 0 0
 0 0 0 0 0
 0 0 0 0 0
 0 0 0 0 0
 0.450072 0.473896 0.0757376 0.000293798 0
 0 0 0 0 0
 0.463077 0.371075 0.160297 0.00555027 0
 0.529543 0.364841 0.0842815 0.0213345 0
 0.631943 0.363953 0.00410389 0 0
 0.735681 0.248677 0.0153453 0.000297389 0
 0.695825 0.281241 0.0229344 0 0
 0.275771 0.60734 0.115278 0.00161068 0
 0 0 0 0 0
 0.896147 0.0623911 0.0374545 0.00400742 0
 0.803859 0.145111 0.0509908 3.86294e-05 0
 0.739449 0.233085 0.0266225 0.000797448 4.60066e-05
 0.878498 0.100942 0.0204185 0.000141795 0
 0.694673 0.275183 0.0284847 0.00165964 0
 0.469039 0.446079 0.0841089 0.000773354 0
 0.822795 0.102175 0.0682046 0.00682512 0
 0 0 0 0 0
ppred_PELACES
 0.778945 0.156176 0.0580392 0.0068362 3.81096e-06
 0.713992 0.225077 0.0430476 0.0159976 0.00188535
 0.548499 0.325526 0.0991368 0.0189606 0.00787669
 0.639538 0.201896 0.114324 0.0348166 0.00942519
 0.677531 0.206881 0.0647411 0.0366597 0.0141868
 0.534398 0.315656 0.0961982 0.0301041 0.0236433
 0.649556 0.189091 0.10939 0.0333372 0.018626
 0.584256 0.27129 0.0779436 0.0450906 0.0214193
 0.627403 0.220068 0.0995314 0.0285961 0.0244012
 0.566133 0.275207 0.0937099 0.0423827 0.0225675
 0.432818 0.324495 0.153939 0.0524173 0.0363304
 0.424774 0.256517 0.18234 0.0865009 0.0498689
 0.584387 0.181597 0.104357 0.0741802 0.0554785
 0.604795 0.238349 0.0685362 0.0393852 0.0489341
 0.689172 0.197814 0.0681586 0.0195987 0.0252559
 0.714294 0.203994 0.0520026 0.0179179 0.0117916
 0.600476 0.289168 0.078794 0.0200863 0.0114755
 0.653153 0.211278 0.0981226 0.026737 0.0107098
 0.646363 0.232988 0.073492 0.0341314 0.0130257
 0.709828 0.188906 0.0667171 0.0210447 0.0135036
 0.666898 0.23783 0.0620235 0.0219052 0.0113433
 0.664839 0.22423 0.0792032 0.0206553 0.0110726
 0.697642 0.201859 0.0672358 0.0237492 0.00951367
 0.679084 0.224854 0.0641327 0.0213615 0.010568
 0.388658 0.416956 0.136199 0.0388467 0.0193404
 0.551702 0.175476 0.186073 0.0607811 0.025967
 0.667101 0.184645 0.0580305 0.061535 0.0286878
pobs_pel_tallas
 0 0 0 0 0 0 0 0 0 0 0 0 0 0 0 0 0 0 0 0 0 0 0 0 0 0 0 0 0 0 0 0 0 0 0 0
 0 0 0 0 0 0 0 0 0 0 0 0 0 0 0 0 0 0 0 0 0 0 0 0 0 0 0 0 0 0 0 0 0 0 0 0
 0 0 0 0 0 0 0 0 0 0 0 0 0 0 0 0 0 0 0 0 0 0 0 0 0 0 0 0 0 0 0 0 0 0 0 0
 0 0 0 0 0 0 0 0 0 0 0 0 0 0 0 0 0 0 0 0 0 0 0 0 0 0 0 0 0 0 0 0 0 0 0 0
 0 0 0 0 0 0 0 0 0 0 0 0 0 0 0 0 0 0 0 0 0 0 0 0 0 0 0 0 0 0 0 0 0 0 0 0
 0 0 0 0 0 0 0 0 0 0 0 0 0 0 0 0 0 0 0 0 0 0 0 0 0 0 0 0 0 0 0 0 0 0 0 0
 0 0 0 0 0 0 0 0 0 0 0 0 0 0 0 0 0 0 0 0 0 0 0 0 0 0 0 0 0 0 0 0 0 0 0 0
 0 0 0 0 0 0 0 0 0 0 0 0 0 0 0 0 0 0 0 0 0 0 0 0 0 0 0 0 0 0 0 0 0 0 0 0
 0 0 0 0 0 0 0 0 0 0 0 0 0 0 0 0 0 0 0 0 0 0 0 0 0 0 0 0 0 0 0 0 0 0 0 0
 0 0 0 0 0 0 0 0 0 0 0 0 0 0 0 0 0 0 0 0 0 0 0 0 0 0 0 0 0 0 0 0 0 0 0 0
 0 0 0 0 0 0 0 0 1.78061e-05 0.00172719 0.00360574 0.0105946 0.0120993 0.0124554 0.0147524 0.0171206 0.0266825 0.0428682 0.0675386 0.121331 0.153587 0.119568 0.100827 0.0573624 0.0630603 0.0341343 0.0324427 0.0444173 0.0211091 0.0280891 0.0125444 0.00206551 0 0 0 0
 0 0 0 0 0 0 0 0 0 0 0 0 0 0 0 0 0 0 0 0 0 0 0 0 0 0 0 0 0 0 0 0 0 0 0 0
 0 0 0 0 0 0 0.0133647 0.0140871 0.0187388 0.0205184 0.03894 0.0496705 0.03968 0.0493445 0.0407372 0.0367815 0.0215668 0.0243155 0.0234873 0.0199281 0.019796 0.0243948 0.0301388 0.0376714 0.0412746 0.0863199 0.0771752 0.113111 0.0741005 0.0525337 0.0229764 0.00759418 0.00175318 0 0 0
 0 0 0 0 0 0 0 0 0 0 0.00219441 0.00772107 0.0458388 0.0604681 0.0671733 0.0775358 0.0609151 0.0617685 0.073594 0.0568108 0.0755445 0.0548602 0.0670107 0.0636378 0.0643287 0.046367 0.0373049 0.0286899 0.0247887 0.0153202 0.00654259 0.00121912 0.000365735 0 0 0
 0 0 0 0 0 0 0 0 0 0 0 0 0.000112435 0.00938835 0.0111873 0.0202946 0.0414886 0.0713402 0.111592 0.104902 0.108894 0.110636 0.117776 0.105296 0.107544 0.0401394 0.0192827 0.0124803 0.00416011 0.0028671 0.000618394 0 0 0 0 0
 0 0 0 0 0 0 0 0 0 0 0.00291406 0.0102884 0.027416 0.0768956 0.0749926 0.110853 0.0956884 0.0897413 0.0766577 0.0534642 0.0500743 0.0551293 0.0594112 0.0620874 0.0668451 0.0424026 0.0208742 0.0120726 0.0048766 0.00582813 0.00118941 0.000297354 0 0 0 0
 0 0.00264628 0.0354308 0.0461629 0.0458689 0.0383711 0.0214643 0.0164657 0.0346957 0.0420465 0.0363128 0.0245516 0.0311673 0.0291091 0.0169068 0.0133784 0.00837989 0.0085269 0.0148486 0.0160247 0.0276389 0.0546898 0.0760071 0.122758 0.109233 0.0665981 0.0333725 0.0166128 0.00676272 0.00308733 0.000882094 0 0 0 0 0
 0 0 0 0 0 0 0 0.000805153 0.000690131 0.00759144 0.0133425 0.0154129 0.00931677 0.000345066 0.00356568 0.00563607 0.00851162 0.0253048 0.0502646 0.0516448 0.0657925 0.0565908 0.0611916 0.0827007 0.0866115 0.110766 0.145733 0.0935128 0.0569358 0.0249597 0.0138026 0.00621118 0.00161031 0.00115022 0 0
 0 0 0 0 0 0 0 0 0 0 0 0 0 0 0 0 0 0 0 0 0 0 0 0 0 0 0 0 0 0 0 0 0 0 0 0
 0.00147267 0.00158595 0.00478618 0.00569244 0.00954404 0.0108468 0.00647125 0.017049 0.0510054 0.094081 0.124002 0.0959785 0.0687766 0.0820023 0.061753 0.0591476 0.0492212 0.0479892 0.0443925 0.0268479 0.0217502 0.0140895 0.0121071 0.0120363 0.00920419 0.00665534 0.0049561 0.00860946 0.00930331 0.0156896 0.0114698 0.00855282 0.00243557 0.00046729 0 2.83206e-05
 0 0 0 0 0.000772559 0.00158375 0.000888443 0.00281984 0.00712685 0.0440552 0.0773331 0.111326 0.0921469 0.0852325 0.0710754 0.0886704 0.0786465 0.0553345 0.0373146 0.0185414 0.00753245 0.00457741 0.012979 0.0271748 0.0457355 0.0583668 0.034881 0.0177882 0.00938659 0.00492506 0.0015258 0.00185414 0.000309023 5.79419e-05 3.86279e-05 0
 0 0.00173294 0.00326652 0 0.00397197 0.00683976 0.00946217 0.0152591 0.00757587 0.0136028 0.0228656 0.0392903 0.0559909 0.0764795 0.0681675 0.0726916 0.0566044 0.0477403 0.0527397 0.0444891 0.0609904 0.0582453 0.0661739 0.0445044 0.0529084 0.0360697 0.0280645 0.0235558 0.0158879 0.00826598 0.00280645 0.00217768 0.000904811 0.00058276 9.20147e-05 0
 0 0 0 0 0 0 0 0 0 0 0 0 0 0 0 0 0 0 0 0 0 0 0 0 0 0 0 0 0 0 0 0 0 0 0 0
 0 0 0 0 0 0 0 0 0 0 0 0 0 0 0 0 0 0 0 0 0 0 0 0 0 0 0 0 0 0 0 0 0 0 0 0
 0 0 0 0 0 0 0 0 0 0 0 0 0 0 0 0 0 0 0 0 0 0 0 0 0 0 0 0 0 0 0 0 0 0 0 0
 0 0 0 0 0 0 0 0 0 0 0 0 0 0 0 0 0 0 0 0 0 0 0 0 0 0 0 0 0 0 0 0 0 0 0 0
 0 0 0 0 0 0 0 0 0 0 0 0 0 0 0 0 0 0 0 0 0 0 0 0 0 0 0 0 0 0 0 0 0 0 0 0
ppred_pel_tallas
 1.0111e-16 3.39848e-05 0.000199467 0.000948184 0.00365058 0.011384 0.028755 0.0588364 0.0975273 0.130974 0.142521 0.1257 0.0899518 0.0524388 0.0253419 0.0109805 0.00563594 0.00493371 0.00619365 0.00823998 0.0105936 0.0129676 0.0150986 0.0167413 0.0177093 0.0179148 0.0173839 0.0162422 0.0146773 0.0128917 0.011062 0.0093148 0.00772248 0.00631317 0.00508738 0.00403332
 1.01323e-16 3.11553e-05 0.000182849 0.000869167 0.00334632 0.0104352 0.0263584 0.0539334 0.0894023 0.12007 0.130675 0.115298 0.0826078 0.0483589 0.0237465 0.0109316 0.00653962 0.00658283 0.00860283 0.0114848 0.0147121 0.0179091 0.0207049 0.0227538 0.0238033 0.0237501 0.0226612 0.0207496 0.0183151 0.0156711 0.013082 0.0107262 0.0086908 0.00698875 0.00558773 0.0044377
 1.02533e-16 2.39432e-05 0.000140498 0.000667806 0.00257099 0.0080173 0.0202513 0.0414384 0.068695 0.0922741 0.100462 0.0887313 0.0637718 0.0377327 0.019276 0.0101354 0.00779285 0.00924127 0.0126065 0.0169819 0.0218436 0.026705 0.0310402 0.0343455 0.0362422 0.0365588 0.0353635 0.0329317 0.0296651 0.0259912 0.0222767 0.0187773 0.0156296 0.0128744 0.0104946 0.00844976
 1.03326e-16 2.79079e-05 0.000163786 0.000778543 0.0029974 0.00934707 0.02361 0.0483097 0.0800807 0.107552 0.117053 0.103286 0.074016 0.0433591 0.0213497 0.0099329 0.00609937 0.00629487 0.00833867 0.0112557 0.0146061 0.0180711 0.0213256 0.0240514 0.0259935 0.0270089 0.0270882 0.0263401 0.024949 0.0231215 0.0210422 0.0188489 0.0166311 0.0144433 0.0123226 0.0103034
 1.0291e-16 2.95646e-05 0.000173513 0.000824784 0.00317544 0.00990227 0.0250124 0.0511792 0.0848368 0.113938 0.124001 0.109409 0.0783863 0.0458843 0.0225262 0.0103644 0.00619986 0.00625497 0.00820744 0.0110144 0.0142046 0.0174419 0.0203923 0.0227389 0.0242403 0.0247817 0.0243935 0.0232314 0.0215258 0.0195206 0.0174215 0.0153674 0.0134296 0.0116281 0.00995702 0.00840585
 1.03608e-16 2.33278e-05 0.000136887 0.000650639 0.00250489 0.00781119 0.0197307 0.0403731 0.0669289 0.0899019 0.097879 0.0864502 0.0621325 0.0367632 0.0187818 0.00987834 0.00760094 0.00902236 0.0123205 0.0166177 0.0214104 0.0262328 0.0305802 0.0339682 0.0360304 0.0365975 0.0357277 0.0336742 0.0308086 0.0275242 0.0241544 0.0209272 0.0179598 0.015284 0.0128837 0.0107286
 1.03631e-16 2.83442e-05 0.000166349 0.000790729 0.00304432 0.00949341 0.0239796 0.0490659 0.0813336 0.109233 0.118879 0.104888 0.0751438 0.0439791 0.0215791 0.00991231 0.00591494 0.00597207 0.00786844 0.0106204 0.0137963 0.0170948 0.0202127 0.0228533 0.0247775 0.0258493 0.0260555 0.0254914 0.0243211 0.0227289 0.0208783 0.0188902 0.0168428 0.0147844 0.0127511 0.0107792
 1.03746e-16 2.55e-05 0.000149644 0.000711296 0.00273846 0.00853956 0.0215704 0.044137 0.0731663 0.0982733 0.106975 0.0944411 0.0677818 0.039917 0.0200448 0.0099786 0.00700362 0.00789492 0.0106568 0.0143577 0.0185129 0.0227124 0.026524 0.0295339 0.0314288 0.0320625 0.0314812 0.0298955 0.0276142 0.0249623 0.022212 0.0195461 0.0170547 0.0147593 0.0126453 0.0106919
 1.03608e-16 2.73794e-05 0.000160682 0.000763783 0.00294056 0.00916983 0.0231623 0.0473939 0.0785631 0.105516 0.114842 0.101347 0.0726518 0.0426113 0.0210767 0.00996499 0.00633174 0.00669479 0.00891277 0.0120177 0.0155562 0.0191852 0.022552 0.0253154 0.0272078 0.0280898 0.0279713 0.0269924 0.025374 0.0233558 0.0211451 0.0188883 0.0166698 0.0145285 0.0124806 0.0105395
 1.03931e-16 2.471e-05 0.000145005 0.000689242 0.00265354 0.00827475 0.0209015 0.0427685 0.0708981 0.0952281 0.103664 0.0915259 0.0657075 0.0387317 0.0195173 0.0098285 0.00704267 0.00804172 0.0108958 0.0147012 0.0189807 0.023323 0.02729 0.0304597 0.0325087 0.0332804 0.032811 0.0313028 0.0290584 0.0263993 0.023598 0.0208407 0.0182249 0.0157816 0.0135078 0.0113938
 1.0579e-16 1.88989e-05 0.000110884 0.000527017 0.00202891 0.00632686 0.0159814 0.032702 0.0542144 0.0728304 0.0793119 0.0700966 0.0504786 0.0300686 0.0157345 0.00888524 0.00757836 0.00948157 0.0131419 0.0178444 0.0231428 0.028586 0.0336659 0.0378806 0.0408331 0.0423113 0.0423204 0.0410544 0.0388254 0.0359733 0.0327923 0.0294913 0.0261926 0.0229562 0.0198143 0.0167977
 1.07975e-16 1.85454e-05 0.000108815 0.000517193 0.00199112 0.006209 0.0156836 0.0320922 0.0532018 0.0714652 0.0778122 0.0687403 0.0494349 0.0293131 0.0150962 0.00814602 0.00653894 0.00798031 0.0110596 0.0151198 0.0197989 0.0247561 0.0296024 0.0339399 0.0374327 0.0398668 0.0411762 0.0414259 0.040765 0.0393684 0.0373921 0.0349527 0.0321346 0.0290096 0.02566 0.02219
 1.06682e-16 2.5502e-05 0.000149664 0.00071141 0.00273893 0.00854105 0.021574 0.0441438 0.0731751 0.0982777 0.10696 0.0943816 0.0676379 0.0396294 0.0195268 0.00911111 0.00563822 0.00586941 0.00782501 0.0106315 0.0139082 0.0173873 0.020794 0.0238542 0.0263409 0.028114 0.0291368 0.0294617 0.0291939 0.0284491 0.0273212 0.0258697 0.0241277 0.0221206 0.0198861 0.0174859
 1.04691e-16 2.63942e-05 0.000154897 0.000736276 0.00283465 0.00883953 0.0223281 0.045687 0.0757345 0.101719 0.110716 0.0977192 0.0700818 0.0411653 0.0204752 0.00986971 0.00652046 0.00707685 0.0094734 0.0127652 0.0164917 0.0202898 0.0237841 0.0266158 0.0285117 0.0293417 0.0291395 0.0280776 0.0264092 0.0243979 0.0222591 0.0201301 0.0180715 0.01609 0.0141696 0.0122978
 1.02886e-16 3.00719e-05 0.000176491 0.000838947 0.00322997 0.0100723 0.025442 0.052058 0.0862932 0.115893 0.126125 0.111276 0.0797082 0.0466261 0.0228308 0.0104041 0.00608639 0.00603103 0.00787522 0.0105629 0.0136254 0.0167374 0.0195784 0.0218444 0.0233034 0.0238438 0.0234931 0.0223982 0.0207785 0.0188666 0.0168595 0.014891 0.0130307 0.011299 0.00969151 0.00819862
 1.01972e-16 3.11675e-05 0.000182923 0.000869524 0.0033477 0.0104395 0.0263693 0.0539554 0.0894383 0.120117 0.130721 0.115328 0.0826054 0.0483098 0.023634 0.0107324 0.00622205 0.00611078 0.00794308 0.0106174 0.0136414 0.0166726 0.0193765 0.02144 0.0226297 0.0228428 0.0221263 0.0206555 0.0186823 0.0164717 0.0142473 0.0121604 0.0102863 0.0086407 0.00720466 0.00594808
 1.0244e-16 2.62081e-05 0.000153799 0.000731046 0.00281449 0.00877666 0.0221693 0.0453626 0.0751982 0.101003 0.109949 0.0970706 0.0696786 0.0410532 0.0206501 0.0103353 0.00732001 0.00828799 0.0111821 0.0150333 0.0193253 0.0236144 0.0274323 0.030334 0.0319866 0.0322428 0.0311683 0.029012 0.0261339 0.0229142 0.0196762 0.0166418 0.0139249 0.0115538 0.00950559 0.00773851
 1.02881e-16 2.85019e-05 0.000167273 0.000795117 0.00306121 0.00954606 0.0241127 0.0493382 0.0817856 0.109842 0.119546 0.105487 0.0755959 0.0442898 0.0218168 0.0101634 0.00625492 0.00645834 0.00854103 0.0114989 0.0148719 0.0183228 0.0215095 0.0241015 0.0258402 0.0265909 0.0263643 0.0252984 0.0236111 0.0215409 0.0192964 0.0170283 0.0148269 0.0127361 0.0107753 0.00895631
 1.02901e-16 2.82066e-05 0.000165537 0.000786864 0.00302942 0.00944694 0.0238623 0.0488262 0.0809374 0.108705 0.118314 0.104412 0.0748516 0.0439067 0.0217262 0.0102843 0.00654558 0.00691837 0.00918898 0.0123492 0.0159178 0.0195267 0.0227998 0.0253793 0.0269929 0.0275125 0.0269754 0.0255615 0.0235369 0.0211838 0.0187414 0.0163735 0.0141652 0.0121417 0.0102957 0.00861207
 1.02363e-16 3.09722e-05 0.000181778 0.000864082 0.00332675 0.0103741 0.0262043 0.0536177 0.0888782 0.119364 0.129898 0.114596 0.0820667 0.0479663 0.0234135 0.0105449 0.00599587 0.00579844 0.00751689 0.0100673 0.0129781 0.0159315 0.0186187 0.0207475 0.022095 0.0225539 0.0221504 0.0210268 0.0193958 0.0174842 0.0154863 0.0135364 0.0117071 0.010023 0.00848275 0.00707767
 1.02241e-16 2.91022e-05 0.000170795 0.000811858 0.00312566 0.00974703 0.0246203 0.0503771 0.0835083 0.112157 0.12207 0.107724 0.0772193 0.0452823 0.0223813 0.0105502 0.00665273 0.00697786 0.0092362 0.0123823 0.0159159 0.019455 0.0226124 0.0250231 0.0264142 0.0266652 0.0258299 0.0241116 0.0218038 0.0192153 0.0166074 0.0141575 0.0119552 0.0100203 0.00833233 0.00685756
 1.02425e-16 2.9012e-05 0.000170266 0.000809346 0.00311599 0.00971688 0.0245442 0.0502212 0.0832495 0.111809 0.121688 0.10738 0.0769602 0.045104 0.0222447 0.010406 0.00645843 0.00670185 0.00885788 0.0118941 0.0153274 0.0187973 0.021939 0.0244047 0.0259296 0.0263872 0.0258118 0.0243765 0.0223398 0.0199785 0.0175301 0.015161 0.0129622 0.0109656 0.00916911 0.0075596
 1.02281e-16 3.04414e-05 0.00017866 0.000849257 0.00326967 0.0101961 0.0257547 0.0526978 0.0873538 0.117318 0.127676 0.112644 0.0806893 0.0472018 0.023116 0.0105391 0.00617103 0.00611689 0.00798285 0.0106967 0.0137798 0.0168975 0.0197203 0.0219359 0.0233074 0.0237224 0.0232132 0.0219365 0.0201252 0.0180271 0.0158543 0.0137535 0.0118033 0.0100294 0.00842766 0.00698478
 1.02212e-16 2.96331e-05 0.000173913 0.000826683 0.00318274 0.00992505 0.02507 0.051297 0.0850327 0.114203 0.124292 0.109675 0.0785971 0.0460475 0.0226801 0.0105585 0.00648169 0.00666614 0.0087808 0.0117688 0.0151369 0.0185199 0.0215511 0.0238843 0.0252596 0.0255594 0.0248301 0.0232588 0.0211176 0.0186946 0.016234 0.0139032 0.0117883 0.00991172 0.00825885 0.00680291
 1.04308e-16 1.69771e-05 9.9593e-05 0.000473318 0.00182213 0.00568198 0.0143526 0.02937 0.0486943 0.0654259 0.0712777 0.0630657 0.045567 0.0274467 0.0149177 0.00929831 0.00889465 0.0116447 0.0162381 0.0219722 0.0283222 0.0347043 0.0404558 0.0449342 0.0476513 0.0483789 0.0471893 0.0444149 0.0405461 0.0361058 0.0315409 0.0271618 0.0231346 0.0195119 0.016281 0.0134074
 1.06001e-16 2.40769e-05 0.000141297 0.000671632 0.00258577 0.00806343 0.0203676 0.0416754 0.0690837 0.0927839 0.100984 0.0891155 0.0638801 0.0374608 0.0185219 0.00875376 0.0055774 0.00594903 0.00801435 0.0109619 0.0144409 0.0181989 0.0219655 0.0254569 0.0284194 0.0306695 0.0321144 0.0327467 0.0326192 0.031814 0.0304185 0.0285155 0.0261873 0.0235255 0.020639 0.017653
 1.04339e-16 2.91089e-05 0.000170839 0.000812078 0.00312652 0.00974975 0.0246271 0.0503907 0.0835292 0.112181 0.122084 0.107708 0.0771464 0.045116 0.0220704 0.0100237 0.00582056 0.00573976 0.00749972 0.0100882 0.0130664 0.0161377 0.0190115 0.0214104 0.0231197 0.0240306 0.0241555 0.0236099 0.022569 0.0212151 0.019696 0.0181047 0.0164821 0.0148361 0.0131654 0.0114775
pSPR Fmed_Fpbrs
0.442156   0.6 0.325
Fs Fmed_Fpbrs
0.64   0.343909 1.0475
SSBpbr Bo_Bmed_Bpbrs
2.82989e+06  1.10976e+06  1.55644e+06 778220
Ro
67507.9
SPR SPRFo_SPRFmed_SPRFpbrs
1.39432e+06 616509 453155
log_Ro
10.94
likeval ReclasPelacesDesembMPH_pf_preclas_ppelaces_ptallas_desvR_qrecl_qpela
 65.2771 21.744 0.0359788 22.9513 340.25 222.999 55.4104 0 18.8383 9.44413e-05 8.09096e-07 4.86876e-16 0 0 0
q_reclas_q_pelaces
0.252311 1.13652
M
0.7
N
 71977.2 18169.4 6752.25 795.32 0.443365
 89474.5 33382.5 6384.63 2372.7 279.627
 56620.6 42265.7 12871.7 2461.81 1022.69
 79725.8 26268 14874.3 4529.86 1226.28
 126823 39091.8 12233.3 6927.15 2680.71
 96043.9 62802.7 19139.5 5989.49 4704.04
 149089 46277.2 26771.5 8158.76 4558.43
 137579 72639.6 20869.9 12073.3 5735.14
 162214 65765.4 29744.1 8545.69 7292.1
 140906 77166 26275.6 11883.8 6327.76
 69454.5 67541.8 32041.5 10910.4 7561.95
 41499.2 31929.3 22696.3 10767 6207.3
 42254.9 19179.4 11021.7 7834.54 5859.36
 24695.5 18752.8 5392.29 3098.75 3850.04
 19708.3 10095.6 3478.51 1000.23 1288.95
 22946 8242.04 2101.08 723.944 476.422
 18521 10645.5 2900.73 739.46 422.461
 23858.8 8727.06 4053.05 1104.4 442.379
 28685.9 11423.8 3603.44 1673.52 638.671
 47070.9 13830.1 4884.45 1540.71 988.619
 60741.4 22698.6 5919.55 2090.64 1082.61
 82983.1 29747.9 10507.6 2740.28 1468.96
 130396 40469.4 13479.7 4761.33 1907.33
 179260 63420.1 18088.6 6025.02 2980.7
 76866.4 87285.9 28512 8132.19 4048.74
 111309 37532.6 39799.3 13000.5 5554.08
 181808 54325 17073.3 18104.4 8440.32
pred_Ctot
 3431.85 3897.06 1448.25 170.584 0.0950949
 3145.92 5445.08 1041.41 387.016 45.6105
 2688.26 9031.55 2750.5 526.052 218.534
 722.918 1178.8 667.495 203.281 55.0301
 254.795 395.586 123.794 70.0987 27.1272
 2055.47 6451.07 1966 615.239 483.198
 2023.47 3073.78 1778.19 541.915 302.776
 3707.09 9266.3 2662.27 1540.13 731.606
 4917.23 9359.75 4233.19 1216.22 1037.81
 3526.39 9186.29 3128 1414.72 753.293
 3725.21 16060.1 7618.83 2594.27 1798.08
 2077.38 7148.18 5081.13 2410.46 1389.66
 3251 6181.12 3552.06 2524.91 1888.35
 3174.96 8927.93 2567.19 1475.27 1832.94
 2259.48 4429.25 1526.14 438.834 565.505
 1089.26 1760.95 448.905 154.674 101.79
 683.049 1813.63 494.187 125.979 71.9731
 615.528 1068.93 496.437 135.272 54.1847
 601.935 1151.74 363.296 168.723 64.3904
 980.823 1385.11 489.186 154.305 99.012
 602.086 1111.17 289.782 102.344 52.9972
 1070.99 1882.02 664.773 173.366 92.9349
 1932.13 2925.57 974.457 344.2 137.883
 2510.87 4342.63 1238.6 412.558 204.1
 924.998 5160.17 1685.58 480.759 239.354
 1376.16 2277.76 2415.32 788.967 337.063
 2938.44 4269.35 1341.77 1422.81 663.317
F
 0.068319 0.345847 0.345847 0.345847 0.345847
 0.0499773 0.252997 0.252997 0.252997 0.252997
 0.0680218 0.344342 0.344342 0.344342 0.344342
 0.0126793 0.0641854 0.0641854 0.0641854 0.0641854
 0.00279705 0.0141593 0.0141593 0.0141593 0.0141593
 0.030157 0.152662 0.152662 0.152662 0.152662
 0.0190315 0.0963417 0.0963417 0.0963417 0.0963417
 0.0381018 0.19288 0.19288 0.19288 0.19288
 0.0429557 0.217452 0.217452 0.217452 0.217452
 0.0353459 0.178929 0.178929 0.178929 0.178929
 0.0771492 0.390547 0.390547 0.390547 0.390547
 0.0718375 0.363658 0.363658 0.363658 0.363658
 0.112375 0.568866 0.568866 0.568866 0.568866
 0.194527 0.984741 0.984741 0.984741 0.984741
 0.171791 0.869645 0.869645 0.869645 0.869645
 0.0680106 0.344285 0.344285 0.344285 0.344285
 0.0524792 0.265662 0.265662 0.265662 0.265662
 0.0364542 0.18454 0.18454 0.18454 0.18454
 0.0295606 0.149643 0.149643 0.149643 0.149643
 0.0293516 0.148584 0.148584 0.148584 0.148584
 0.0138677 0.0702017 0.0702017 0.0702017 0.0702017
 0.0180899 0.0915751 0.0915751 0.0915751 0.0915751
 0.0207936 0.105262 0.105262 0.105262 0.105262
 0.0196462 0.0994538 0.0994538 0.0994538 0.0994538
 0.0168581 0.0853396 0.0853396 0.0853396 0.0853396
 0.0173234 0.087695 0.087695 0.087695 0.087695
 0.0226999 0.114912 0.114912 0.114912 0.114912
Np
 55681 25834.3 31073.1 8466.89 3597.85
YTP_r0W_actual
 70695.8 250472 114433 154965 80172.3
YTP_p0W_proyectada
 21651.4 406919 161184 64692.7 109826
 21651.4 119112 208267 72472.5 34175
CTP_r0_actual
 8621.44 11595.9 3644.37 3864.46 1801.63
CTP_p0_proyectada
 2640.42 18838.9 5133.26 1613.28 2468.01
 2640.42 5514.45 6632.7 1807.3 767.977
Wmedp
 8.2 21.6 31.4 40.1 44.5
nmprior
 10.8 10.6 4.6 0
nm_flota  nm_reclas  nm_pelaces    nm_pelaL
inf 11.3289 20.0049 66.3119
cv_recla  cv_pelaces  cv_mph
0.699699 0.510811 0.640192
 ------------------------------------------------
Talla a la edad & desviaci?n 
 7.2 14.2025 17.0495 18.207 18.6776
 1.08 2.13037 2.55742 2.73105 2.80164
