years
 1997 1998 1999 2000 2001 2002 2003 2004 2005 2006 2007 2008 2009 2010 2011 2012 2013 2014 2015 2016 2017 2018 2019 2020 2021 2022 2023
reclasobs
 0 0 0 370054 412103 1.49427e+06 250295 1.28982e+06 931140 785840 897777 1.04006e+06 184774 17550 25797 100020 73551 82996 120727 218422 84188 347160 605670 569463 516374 1.08416e+06 1.01767e+06
reclaspred
 8.4226e+06 1.52504e+06 1.77679e+06 260930 223768 345801 638488 634436 647177 877306 1.00394e+06 724208 380227 141388 78339.8 85301.3 83875 104249 136795 145290 205468 242575 396412 502687 861911 708307 304204
pelacesobs
 0 0 0 0 0 0 0 0 0 2.06254e+06 1.5e+06 0 1.87456e+06 323000 250000 174000 83755 137374 0 501740 490994 745055 786931 1.00524e+06 1.33801e+06 1.41789e+06 0
pelacespred
 1.49951e+07 7.27319e+06 1.44795e+06 476010 665705 575857 2.03315e+06 1.78679e+06 1.67604e+06 2.52252e+06 2.15998e+06 1.58492e+06 935564 290071 168712 174039 171803 232046 292105 276460 542138 570751 686920 1.10621e+06 1.72719e+06 1.32892e+06 407371
mphobs
 0 0 0 0 0 0 112323 0 153150 637223 0 255016 313432 73983 77613 109348 50772 17779 17303 59886 28197 0 207744 136588 643089 65757 70829
mphpred
 1.47256e+06 612942 233797 67599.4 42071.2 156082 173240 332521 289216 330919 452354 295226 178995 136420 59307.1 45566 35548.6 43247.5 41256.7 37218.8 49838.7 75361.1 85062.3 128409 203823 133263 109370
desembarqueobs
 350755 77701 442110 56441 14545 235359 269955 359681 431902 328805 639364 411747 362871 311530 167758 66681 60226 58785 57116 73181 50977 67692 138656 160484 209506 203330 245020
desembarquepred
 350744 77677.9 441471 56399.1 14541.2 235117 269807 358957 431185 328449 638027 410872 362043 310833 167211 66593.9 60178.7 58670.3 57007.6 73067.8 50948.5 67595.6 138508 160333 209286 202976 244628
Reclutas
 5791.68 8022.9 958.03 3194.04 39611.7 11075.3 64790.9 53390 64965.1 114010 61184.9 51603.9 56866.6 28723.7 12451.3 8989.62 6545.06 8377.62 8145.28 7803.83 15492 17548.6 26752.4 49798.9 9391.25 31056.2 946.549
log_desv_Rt
 -1.01582 -0.689945 -2.81512 -1.61096 0.90688 -0.367525 1.39892 1.20538 1.4016 1.96404 1.34166 1.17135 1.26846 0.585478 -0.250421 -0.576174 -0.893534 -0.646681 -0.674806 -0.71763 -0.0319222 0.092732 0.514378 1.13575 -0.532467 0.663552 -2.82718
SSB
 1.71804e+06 715119 272771 78868.3 49084.4 182100 192276 380197 322253 373475 527762 344440 221334 128696 60635.5 46423.9 39631.7 44078 58437.8 58674.9 69831.8 101386 120271 167406 304853 217674 162798
BT
 2.12467e+06 848663 388477 123178 239315 285615 1.01943e+06 893364 954260 1.11309e+06 1.11435e+06 803208 673457 387295 196823 103926 98837.8 119271 114566 124264 197384 173959 247779 423541 437337 446031 248212
Ftot
 0.160907 0.280076 1.34194 1.23811 0.394383 1.75346 2.00478 1.78238 2.26513 1.4153 1.87048 1.88665 3.08422 4.95303 4.95302 2.19581 2.18784 1.90893 1.29921 1.62056 0.936114 0.934747 1.19669 1.1746 0.74529 1.23589 2.11957
BD_Bspro_t
 0.977215 0.832897 0.558408 0.168852 0.208905 0.537767 0.370513 0.470943 0.378237 0.375214 0.420139 0.264771 0.188396 0.13016 0.0743728 0.0705398 0.0841099 0.12963 0.205025 0.247897 0.310673 0.458226 0.456239 0.465218 0.539353 0.37957 0.30951
BD_Bspro
 5.20059 2.1647 0.825692 0.238739 0.148581 0.551228 0.58203 1.15088 0.975477 1.13053 1.59757 1.04264 0.66999 0.38957 0.183547 0.140528 0.119967 0.133426 0.176895 0.177612 0.211385 0.3069 0.364068 0.506746 0.922807 0.65891 0.492799
BD_Bo
 3.00808 1.25209 0.477589 0.138089 0.0859411 0.318836 0.336652 0.665681 0.564227 0.653911 0.924049 0.603074 0.387529 0.225332 0.106166 0.0812828 0.0693905 0.0771753 0.102318 0.102733 0.122267 0.177514 0.210581 0.293107 0.533761 0.381121 0.285041
BD_Brms
 5.46923 2.27653 0.868344 0.251071 0.156257 0.579702 0.612095 1.21033 1.02587 1.18893 1.68009 1.0965 0.704599 0.409694 0.193028 0.147787 0.126165 0.140319 0.186032 0.186787 0.222304 0.322753 0.382874 0.532923 0.970475 0.692947 0.518256
S_f
 0.0742148 0.828921 0.996597 0.999944 0.999999
 0.0742148 0.828921 0.996597 0.999944 0.999999
 0.0742148 0.828921 0.996597 0.999944 0.999999
 0.0742148 0.828921 0.996597 0.999944 0.999999
 0.0742148 0.828921 0.996597 0.999944 0.999999
 0.0742148 0.828921 0.996597 0.999944 0.999999
 0.0742148 0.828921 0.996597 0.999944 0.999999
 0.0742148 0.828921 0.996597 0.999944 0.999999
 0.0742148 0.828921 0.996597 0.999944 0.999999
 0.0742148 0.828921 0.996597 0.999944 0.999999
 0.0742148 0.828921 0.996597 0.999944 0.999999
 0.0742148 0.828921 0.996597 0.999944 0.999999
 0.0742148 0.828921 0.996597 0.999944 0.999999
 0.0742148 0.828921 0.996597 0.999944 0.999999
 0.0742148 0.828921 0.996597 0.999944 0.999999
 0.0742148 0.828921 0.996597 0.999944 0.999999
 0.0742148 0.828921 0.996597 0.999944 0.999999
 0.0742148 0.828921 0.996597 0.999944 0.999999
 0.0742148 0.828921 0.996597 0.999944 0.999999
 0.0742148 0.828921 0.996597 0.999944 0.999999
 0.0742148 0.828921 0.996597 0.999944 0.999999
 0.0742148 0.828921 0.996597 0.999944 0.999999
 0.0742148 0.828921 0.996597 0.999944 0.999999
 0.0742148 0.828921 0.996597 0.999944 0.999999
 0.0742148 0.828921 0.996597 0.999944 0.999999
 0.0742148 0.828921 0.996597 0.999944 0.999999
 0.0742148 0.828921 0.996597 0.999944 0.999999
Scru_reclas
 0.0813673 0.308323 0.691677 0.918633 0.982704
 0.0813673 0.308323 0.691677 0.918633 0.982704
 0.0813673 0.308323 0.691677 0.918633 0.982704
 0.0813673 0.308323 0.691677 0.918633 0.982704
 0.0813673 0.308323 0.691677 0.918633 0.982704
 0.0813673 0.308323 0.691677 0.918633 0.982704
 0.0813673 0.308323 0.691677 0.918633 0.982704
 0.0813673 0.308323 0.691677 0.918633 0.982704
 0.0813673 0.308323 0.691677 0.918633 0.982704
 0.0813673 0.308323 0.691677 0.918633 0.982704
 0.0813673 0.308323 0.691677 0.918633 0.982704
 0.0813673 0.308323 0.691677 0.918633 0.982704
 0.0813673 0.308323 0.691677 0.918633 0.982704
 0.0813673 0.308323 0.691677 0.918633 0.982704
 0.0813673 0.308323 0.691677 0.918633 0.982704
 0.0813673 0.308323 0.691677 0.918633 0.982704
 0.0813673 0.308323 0.691677 0.918633 0.982704
 0.0813673 0.308323 0.691677 0.918633 0.982704
 0.0813673 0.308323 0.691677 0.918633 0.982704
 0.0813673 0.308323 0.691677 0.918633 0.982704
 0.0813673 0.308323 0.691677 0.918633 0.982704
 0.0813673 0.308323 0.691677 0.918633 0.982704
 0.0813673 0.308323 0.691677 0.918633 0.982704
 0.0813673 0.308323 0.691677 0.918633 0.982704
 0.0813673 0.308323 0.691677 0.918633 0.982704
 0.0813673 0.308323 0.691677 0.918633 0.982704
 0.0813673 0.308323 0.691677 0.918633 0.982704
Scru_pelaces
 0.184368 0.532184 0.851303 0.966457 0.993151
 0.184368 0.532184 0.851303 0.966457 0.993151
 0.184368 0.532184 0.851303 0.966457 0.993151
 0.184368 0.532184 0.851303 0.966457 0.993151
 0.184368 0.532184 0.851303 0.966457 0.993151
 0.184368 0.532184 0.851303 0.966457 0.993151
 0.184368 0.532184 0.851303 0.966457 0.993151
 0.184368 0.532184 0.851303 0.966457 0.993151
 0.184368 0.532184 0.851303 0.966457 0.993151
 0.184368 0.532184 0.851303 0.966457 0.993151
 0.184368 0.532184 0.851303 0.966457 0.993151
 0.184368 0.532184 0.851303 0.966457 0.993151
 0.184368 0.532184 0.851303 0.966457 0.993151
 0.184368 0.532184 0.851303 0.966457 0.993151
 0.184368 0.532184 0.851303 0.966457 0.993151
 0.184368 0.532184 0.851303 0.966457 0.993151
 0.184368 0.532184 0.851303 0.966457 0.993151
 0.184368 0.532184 0.851303 0.966457 0.993151
 0.184368 0.532184 0.851303 0.966457 0.993151
 0.184368 0.532184 0.851303 0.966457 0.993151
 0.184368 0.532184 0.851303 0.966457 0.993151
 0.184368 0.532184 0.851303 0.966457 0.993151
 0.184368 0.532184 0.851303 0.966457 0.993151
 0.184368 0.532184 0.851303 0.966457 0.993151
 0.184368 0.532184 0.851303 0.966457 0.993151
 0.184368 0.532184 0.851303 0.966457 0.993151
 0.184368 0.532184 0.851303 0.966457 0.993151
pf_obs 
 0.256992 0.487395 0.22802 0.0275931 0
 0.321318 0.546541 0.124235 0.00734118 0.000564706
 0.182869 0.594174 0.210203 0.0122559 0.00049798
 0.330522 0.361315 0.267642 0.0388342 0.00168674
 0.649043 0.306663 0.0425973 0.00169635 0
 0.582887 0.30429 0.105238 0.00758474 0
 0.465427 0.430635 0.0974691 0.00646863 0
 0.296916 0.608066 0.0921331 0.00288517 0
 0.311714 0.524322 0.152257 0.0117073 0
 0.15457 0.633149 0.183074 0.0267441 0.00246327
 0.131901 0.49318 0.331252 0.0422183 0.00144891
 0.196976 0.569456 0.194076 0.0375587 0.00193317
 0.518974 0.381816 0.0799577 0.0180837 0.00116848
 0.0928022 0.601141 0.25162 0.0475244 0.00691264
 0.122501 0.610282 0.24278 0.0234846 0.000952079
 0.383417 0.481906 0.127806 0.00687128 0
 0.0376549 0.599619 0.316969 0.0457579 0
 0.0361596 0.667082 0.258105 0.0386534 0
 0.158088 0.579412 0.248529 0.0139706 0
 0.0477256 0.309471 0.559284 0.082774 0.000745712
 0.0406174 0.521527 0.379366 0.0568643 0.0016247
 0.151134 0.462217 0.34131 0.0453401 0
 0.294876 0.26143 0.354403 0.0886775 0.000613685
 0.281977 0.475581 0.204845 0.0348837 0.00271318
 0.0841818 0.532909 0.334909 0.0458182 0.00218182
 0.115287 0.27431 0.454777 0.147771 0.00785563
 0 0 0 0 0
pf_pred 
 0.00739892 0.636835 0.314249 0.0415156 1.7012e-06
 0.0202864 0.0732586 0.6214 0.251896 0.0331595
 0.00721107 0.21999 0.0701154 0.482295 0.220388
 0.123993 0.128722 0.212664 0.0487848 0.485835
 0.677823 0.243472 0.0150854 0.0181842 0.0454356
 0.0764937 0.890292 0.0263991 0.00131068 0.00550464
 0.582962 0.276122 0.137422 0.00278161 0.00071278
 0.219153 0.762571 0.0136699 0.00449212 0.000113309
 0.289154 0.61931 0.0900711 0.00109784 0.000367126
 0.345392 0.606995 0.0435137 0.00403341 6.50274e-05
 0.143246 0.782794 0.0700459 0.00357963 0.000334979
 0.19472 0.652072 0.144062 0.00866552 0.000480578
 0.304685 0.604319 0.0786182 0.0116442 0.000733566
 0.246421 0.722724 0.0284366 0.00209304 0.000325866
 0.247958 0.737648 0.0141389 0.000235532 1.96959e-05
 0.252735 0.73225 0.0148917 0.000120941 2.14626e-06
 0.204837 0.723442 0.0707874 0.000925868 7.58745e-06
 0.292444 0.626948 0.0757714 0.00477434 6.24222e-05
 0.2139 0.718265 0.0624641 0.00505103 0.00031993
 0.203147 0.666723 0.121813 0.00766255 0.0006548
 0.313748 0.582399 0.0914516 0.011614 0.000787464
 0.203836 0.697929 0.0865755 0.0102739 0.00138585
 0.252656 0.597864 0.135117 0.0126656 0.00169675
 0.310164 0.593039 0.0818183 0.0135478 0.00143155
 0.039849 0.850429 0.0979793 0.00993467 0.00180821
 0.253592 0.2776 0.426362 0.0379237 0.00452309
 0.00948828 0.872991 0.0527008 0.0589832 0.00583676
pobs_RECLAS
 0 0 0 0 0
 0 0 0 0 0
 0 0 0 0 0
 0 0 0 0 0
 0.835266 0.146461 0.0176864 0.000547809 3.91292e-05
 0.385257 0.428462 0.181853 0.0044286 0
 0.867414 0.0963971 0.0333333 0.00285562 0
 0.441836 0.489002 0.0689373 0.000224442 0
 0.779404 0.147425 0.0564933 0.0165055 0.000172143
 0.814271 0.122319 0.05973 0.00367925 0
 0.40263 0.566651 0.0304383 0.000280538 0
 0.475488 0.404961 0.113038 0.00651328 0
 0.955842 0.0263864 0.0167828 0.000988607 0
 0.975058 0.0227948 0.00214734 0 0
 0.738997 0.206755 0.0527124 0.00153531 0
 0.850938 0.134255 0.0134407 0.00136685 0
 0.542534 0.407297 0.0501686 0 0
 0.764087 0.199537 0.0359546 0.000420521 0
 0.470689 0.182191 0.310203 0.0369168 0
 0.84361 0.089868 0.0606195 0.00523954 0.000663233
 0.607945 0.314616 0.071237 0.00620181 0
 0.523733 0.453247 0.0230204 0 0
 0.530135 0.295979 0.169645 0.0042399 0
 0.562478 0.366248 0.0663022 0.0049721 0
 0.250443 0.683176 0.0655157 0.000865301 0
 0.195077 0.31981 0.436473 0.0351445 0.0134964
 0.565238 0.351407 0.0832357 0.000118908 0
ppred_RECLAS
 0.0163237 0.472985 0.434678 0.0760101 3.33175e-06
 0.0303887 0.0366985 0.578698 0.310493 0.0437215
 0.0113544 0.105613 0.0607067 0.552343 0.269983
 0.176511 0.0565201 0.169082 0.0513093 0.546578
 0.82419 0.0983006 0.0112997 0.0180274 0.0481828
 0.216757 0.731 0.0383982 0.00252074 0.0113242
 0.798796 0.105868 0.0921927 0.00246678 0.00067614
 0.487705 0.48983 0.0155336 0.00674922 0.000182102
 0.58 0.334268 0.0838973 0.00135136 0.000483383
 0.621766 0.330342 0.0425819 0.00522055 9.00309e-05
 0.354313 0.55218 0.0870383 0.0058806 0.00058864
 0.424695 0.404681 0.157368 0.0125144 0.000742382
 0.631578 0.292782 0.0625798 0.0122361 0.000824537
 0.672982 0.307644 0.0174067 0.00168675 0.000280885
 0.677154 0.313985 0.00865444 0.000189804 1.69765e-05
 0.550641 0.433906 0.015286 0.00016407 3.11445e-06
 0.469999 0.452016 0.076649 0.00132497 1.16145e-05
 0.572 0.347843 0.0739142 0.00615708 8.61089e-05
 0.452723 0.46575 0.0731705 0.0078266 0.000530274
 0.432659 0.418638 0.136326 0.0113402 0.00103659
 0.558493 0.329704 0.094731 0.015918 0.00115449
 0.420048 0.457459 0.103837 0.0163041 0.00235252
 0.481644 0.353112 0.144726 0.0179467 0.00257174
 0.562203 0.333825 0.0835916 0.018311 0.00206968
 0.104153 0.718988 0.152425 0.0204518 0.00398182
 0.416377 0.140621 0.391111 0.0460195 0.00587109
 0.030012 0.759723 0.0797709 0.118004 0.0124907
pobs_PELACES
 0 0 0 0 0
 0 0 0 0 0
 0 0 0 0 0
 0 0 0 0 0
 0 0 0 0 0
 0 0 0 0 0
 0 0 0 0 0
 0 0 0 0 0
 0 0 0 0 0
 0 0 0 0 0
 0.450072 0.473896 0.0757376 0.000293798 0
 0 0 0 0 0
 0.463077 0.371075 0.160297 0.00555027 0
 0.529543 0.364841 0.0842815 0.0213345 0
 0.631943 0.363953 0.00410389 0 0
 0.735681 0.248677 0.0153453 0.000297389 0
 0.695825 0.281241 0.0229344 0 0
 0.275771 0.60734 0.115278 0.00161068 0
 0 0 0 0 0
 0.896147 0.0623911 0.0374545 0.00400742 0
 0.803859 0.145111 0.0509908 3.86294e-05 0
 0.739449 0.233085 0.0266225 0.000797448 4.60066e-05
 0.878498 0.100942 0.0204185 0.000141795 0
 0.694673 0.275183 0.0284847 0.00165964 0
 0.469039 0.446079 0.0841089 0.000773354 0
 0.822795 0.102175 0.0682046 0.00682512 0
 0 0 0 0 0
ppred_PELACES
 0.0262904 0.557498 0.362095 0.0541139 2.27856e-06
 0.0613472 0.052633 0.582715 0.267166 0.0361389
 0.0332983 0.168907 0.0642752 0.499151 0.234369
 0.388385 0.069598 0.138632 0.0359111 0.367474
 0.891999 0.0734608 0.00589132 0.00803067 0.0206186
 0.365869 0.607341 0.020645 0.00115624 0.00498962
 0.912146 0.0558949 0.0310636 0.000708899 0.000186649
 0.664585 0.32619 0.00668329 0.00247729 6.42061e-05
 0.775256 0.193611 0.0305686 0.000419829 0.000144253
 0.762633 0.216965 0.0184402 0.00192947 3.19635e-05
 0.54784 0.40818 0.0413673 0.00238414 0.000229243
 0.634845 0.288044 0.0719528 0.00488088 0.000278133
 0.841331 0.137819 0.0177095 0.00294982 0.000190937
 0.905116 0.0917989 0.00281582 0.000231965 3.71034e-05
 0.905433 0.0931466 0.00139186 2.59507e-05 2.22948e-06
 0.737893 0.256351 0.00570286 5.21955e-05 9.51744e-07
 0.679791 0.288809 0.0309395 0.000456062 3.84017e-06
 0.751854 0.216504 0.0295164 0.00209727 2.8175e-05
 0.61278 0.347472 0.0362249 0.00330736 0.000215253
 0.623101 0.306752 0.0651192 0.00462204 0.000405843
 0.696326 0.24802 0.0482486 0.00692294 0.000482323
 0.563775 0.370574 0.0569557 0.00763651 0.00105846
 0.648682 0.268907 0.0735534 0.00778621 0.0010718
 0.711342 0.240147 0.0401809 0.00751389 0.000815827
 0.164271 0.717491 0.10408 0.0119274 0.00223069
 0.633372 0.119775 0.221841 0.0222818 0.00273067
 0.0705012 0.801897 0.0533946 0.0673585 0.00684884
pobs_pel_tallas
 0 0 0 0 0 0 0 0 0 0 0 0 0 0 0 0 0 0 0 0 0 0 0 0 0 0 0 0 0 0 0 0 0 0 0 0
 0 0 0 0 0 0 0 0 0 0 0 0 0 0 0 0 0 0 0 0 0 0 0 0 0 0 0 0 0 0 0 0 0 0 0 0
 0 0 0 0 0 0 0 0 0 0 0 0 0 0 0 0 0 0 0 0 0 0 0 0 0 0 0 0 0 0 0 0 0 0 0 0
 0 0 0 0 0 0 0 0 0 0 0 0 0 0 0 0 0 0 0 0 0 0 0 0 0 0 0 0 0 0 0 0 0 0 0 0
 0 0 0 0 0 0 0 0 0 0 0 0 0 0 0 0 0 0 0 0 0 0 0 0 0 0 0 0 0 0 0 0 0 0 0 0
 0 0 0 0 0 0 0 0 0 0 0 0 0 0 0 0 0 0 0 0 0 0 0 0 0 0 0 0 0 0 0 0 0 0 0 0
 0 0 0 0 0 0 0 0 0 0 0 0 0 0 0 0 0 0 0 0 0 0 0 0 0 0 0 0 0 0 0 0 0 0 0 0
 0 0 0 0 0 0 0 0 0 0 0 0 0 0 0 0 0 0 0 0 0 0 0 0 0 0 0 0 0 0 0 0 0 0 0 0
 0 0 0 0 0 0 0 0 0 0 0 0 0 0 0 0 0 0 0 0 0 0 0 0 0 0 0 0 0 0 0 0 0 0 0 0
 0 0 0 0 0 0 0 0 0 0 0 0 0 0 0 0 0 0 0 0 0 0 0 0 0 0 0 0 0 0 0 0 0 0 0 0
 0 0 0 0 0 0 0 0 1.78061e-05 0.00172719 0.00360574 0.0105946 0.0120993 0.0124554 0.0147524 0.0171206 0.0266825 0.0428682 0.0675386 0.121331 0.153587 0.119568 0.100827 0.0573624 0.0630603 0.0341343 0.0324427 0.0444173 0.0211091 0.0280891 0.0125444 0.00206551 0 0 0 0
 0 0 0 0 0 0 0 0 0 0 0 0 0 0 0 0 0 0 0 0 0 0 0 0 0 0 0 0 0 0 0 0 0 0 0 0
 0 0 0 0 0 0 0.0133647 0.0140871 0.0187388 0.0205184 0.03894 0.0496705 0.03968 0.0493445 0.0407372 0.0367815 0.0215668 0.0243155 0.0234873 0.0199281 0.019796 0.0243948 0.0301388 0.0376714 0.0412746 0.0863199 0.0771752 0.113111 0.0741005 0.0525337 0.0229764 0.00759418 0.00175318 0 0 0
 0 0 0 0 0 0 0 0 0 0 0.00219441 0.00772107 0.0458388 0.0604681 0.0671733 0.0775358 0.0609151 0.0617685 0.073594 0.0568108 0.0755445 0.0548602 0.0670107 0.0636378 0.0643287 0.046367 0.0373049 0.0286899 0.0247887 0.0153202 0.00654259 0.00121912 0.000365735 0 0 0
 0 0 0 0 0 0 0 0 0 0 0 0 0.000112435 0.00938835 0.0111873 0.0202946 0.0414886 0.0713402 0.111592 0.104902 0.108894 0.110636 0.117776 0.105296 0.107544 0.0401394 0.0192827 0.0124803 0.00416011 0.0028671 0.000618394 0 0 0 0 0
 0 0 0 0 0 0 0 0 0 0 0.00291406 0.0102884 0.027416 0.0768956 0.0749926 0.110853 0.0956884 0.0897413 0.0766577 0.0534642 0.0500743 0.0551293 0.0594112 0.0620874 0.0668451 0.0424026 0.0208742 0.0120726 0.0048766 0.00582813 0.00118941 0.000297354 0 0 0 0
 0 0.00264628 0.0354308 0.0461629 0.0458689 0.0383711 0.0214643 0.0164657 0.0346957 0.0420465 0.0363128 0.0245516 0.0311673 0.0291091 0.0169068 0.0133784 0.00837989 0.0085269 0.0148486 0.0160247 0.0276389 0.0546898 0.0760071 0.122758 0.109233 0.0665981 0.0333725 0.0166128 0.00676272 0.00308733 0.000882094 0 0 0 0 0
 0 0 0 0 0 0 0 0.000805153 0.000690131 0.00759144 0.0133425 0.0154129 0.00931677 0.000345066 0.00356568 0.00563607 0.00851162 0.0253048 0.0502646 0.0516448 0.0657925 0.0565908 0.0611916 0.0827007 0.0866115 0.110766 0.145733 0.0935128 0.0569358 0.0249597 0.0138026 0.00621118 0.00161031 0.00115022 0 0
 0 0 0 0 0 0 0 0 0 0 0 0 0 0 0 0 0 0 0 0 0 0 0 0 0 0 0 0 0 0 0 0 0 0 0 0
 0.00147267 0.00158595 0.00478618 0.00569244 0.00954404 0.0108468 0.00647125 0.017049 0.0510054 0.094081 0.124002 0.0959785 0.0687766 0.0820023 0.061753 0.0591476 0.0492212 0.0479892 0.0443925 0.0268479 0.0217502 0.0140895 0.0121071 0.0120363 0.00920419 0.00665534 0.0049561 0.00860946 0.00930331 0.0156896 0.0114698 0.00855282 0.00243557 0.00046729 0 2.83206e-05
 0 0 0 0 0.000772559 0.00158375 0.000888443 0.00281984 0.00712685 0.0440552 0.0773331 0.111326 0.0921469 0.0852325 0.0710754 0.0886704 0.0786465 0.0553345 0.0373146 0.0185414 0.00753245 0.00457741 0.012979 0.0271748 0.0457355 0.0583668 0.034881 0.0177882 0.00938659 0.00492506 0.0015258 0.00185414 0.000309023 5.79419e-05 3.86279e-05 0
 0 0.00173294 0.00326652 0 0.00397197 0.00683976 0.00946217 0.0152591 0.00757587 0.0136028 0.0228656 0.0392903 0.0559909 0.0764795 0.0681675 0.0726916 0.0566044 0.0477403 0.0527397 0.0444891 0.0609904 0.0582453 0.0661739 0.0445044 0.0529084 0.0360697 0.0280645 0.0235558 0.0158879 0.00826598 0.00280645 0.00217768 0.000904811 0.00058276 9.20147e-05 0
 0 0 0 0 0 0 0 0 0 0 0 0 0 0 0 0 0 0 0 0 0 0 0 0 0 0 0 0 0 0 0 0 0 0 0 0
 0 0 0 0 0 0 0 0 0 0 0 0 0 0 0 0 0 0 0 0 0 0 0 0 0 0 0 0 0 0 0 0 0 0 0 0
 0 0 0 0 0 0 0 0 0 0 0 0 0 0 0 0 0 0 0 0 0 0 0 0 0 0 0 0 0 0 0 0 0 0 0 0
 0 0 0 0 0 0 0 0 0 0 0 0 0 0 0 0 0 0 0 0 0 0 0 0 0 0 0 0 0 0 0 0 0 0 0 0
 0 0 0 0 0 0 0 0 0 0 0 0 0 0 0 0 0 0 0 0 0 0 0 0 0 0 0 0 0 0 0 0 0 0 0 0
ppred_pel_tallas
 1.07182e-16 1.18249e-06 6.85023e-06 3.23761e-05 0.000124337 0.000387445 0.000979269 0.00200836 0.00334682 0.00454842 0.00509135 0.00482837 0.0041934 0.00393766 0.00470473 0.00685248 0.0105428 0.0158559 0.0227822 0.0311318 0.0404577 0.0500544 0.0590456 0.0665418 0.0718201 0.0744668 0.074441 0.0720362 0.0677676 0.0622271 0.0559595 0.0493914 0.0428201 0.0364411 0.0303916 0.0247823
 1.19158e-16 2.69089e-06 1.57518e-05 7.47967e-05 0.000287839 0.000897444 0.00226689 0.00463923 0.00769376 0.010344 0.0112869 0.0100291 0.00734104 0.00461837 0.00288691 0.00242407 0.00306297 0.00461467 0.00704447 0.0104396 0.0149195 0.0205631 0.0273591 0.035173 0.0437272 0.0525992 0.0612422 0.0690312 0.0753317 0.0795831 0.0813818 0.0805467 0.0771531 0.0715213 0.0641687 0.0557286
 1.2907e-16 1.47047e-06 8.58131e-06 4.06951e-05 0.000156519 0.00048792 0.00123258 0.00252361 0.00418943 0.00564546 0.00619402 0.00558422 0.00426165 0.00302447 0.00248433 0.00285771 0.00412224 0.00623119 0.00919148 0.0130308 0.0177438 0.0232632 0.0294604 0.0361642 0.0431835 0.0503186 0.0573578 0.0640574 0.0701224 0.0752011 0.0789082 0.0808764 0.0808259 0.0786286 0.0743528 0.0682673
 1.20395e-16 1.69504e-05 9.94697e-05 0.000472807 0.00182029 0.00567634 0.0143379 0.0293374 0.0486303 0.0653105 0.0710745 0.0627015 0.0449036 0.0262489 0.0128278 0.00582403 0.00342505 0.00350894 0.0048191 0.00686873 0.0095326 0.0127833 0.0165889 0.0208859 0.0255756 0.0305225 0.0355521 0.0404471 0.04495 0.048776 0.0516382 0.0532852 0.0535415 0.0523408 0.0497432 0.045933
 1.01348e-16 3.89109e-05 0.000228396 0.00108573 0.0041802 0.0130356 0.0329268 0.0673716 0.111672 0.14996 0.163153 0.143835 0.102792 0.0596465 0.0283048 0.0113719 0.00453823 0.00275564 0.00294585 0.00379863 0.00485583 0.00592961 0.00689061 0.0076291 0.00806695 0.0081737 0.0079721 0.0075289 0.00693494 0.00628115 0.00563881 0.0050493 0.00452452 0.0040551 0.00362198 0.00320684
 1.00764e-16 1.59909e-05 9.37859e-05 0.000445673 0.00171562 0.00534981 0.0135138 0.0276551 0.0458569 0.0616315 0.0671908 0.059561 0.0432764 0.0265484 0.0152962 0.0108399 0.0116554 0.0158354 0.0221115 0.0296904 0.0378396 0.0456849 0.0522441 0.0565997 0.0581073 0.0565538 0.0522123 0.0457661 0.0381367 0.0302701 0.0229506 0.0166916 0.0117141 0.00799746 0.00536676 0.00358145
 1.00493e-16 3.97888e-05 0.000233551 0.00111025 0.00427459 0.01333 0.0336703 0.0688926 0.114193 0.153343 0.16683 0.147066 0.105079 0.0609302 0.0288322 0.0114423 0.00434699 0.00238046 0.00239686 0.00306606 0.00393764 0.00484388 0.00567843 0.00634989 0.00678757 0.006954 0.00685098 0.0065152 0.00600612 0.00539038 0.00472827 0.00406572 0.0034327 0.00284601 0.00231413 0.00184124
 1.0029e-16 2.90049e-05 0.000170215 0.000809085 0.00311495 0.00971363 0.024536 0.0502053 0.0832259 0.111785 0.121684 0.107428 0.0771061 0.0454132 0.0228107 0.0113563 0.00795159 0.00890943 0.0119299 0.0159123 0.0202542 0.0244364 0.0279221 0.0302175 0.030978 0.0300915 0.0277081 0.0241988 0.0200626 0.0158108 0.0118672 0.00850843 0.00585259 0.00388662 0.00251345 0.00160032
 1.00519e-16 3.38254e-05 0.000198528 0.000943713 0.00363335 0.0113303 0.0286193 0.0585591 0.0970685 0.130361 0.141862 0.125139 0.0895919 0.0523136 0.0254385 0.0112885 0.00617402 0.00574599 0.00732924 0.00972858 0.0124235 0.0150699 0.0173424 0.0189427 0.019656 0.0193998 0.0182424 0.0163809 0.0140893 0.0116534 0.00931507 0.00723794 0.00550139 0.00411479 0.00304261 0.00222938
 1.00401e-16 3.32759e-05 0.0001953 0.000928361 0.00357423 0.0111459 0.0281537 0.0576065 0.0954903 0.128244 0.139564 0.123125 0.0881815 0.051552 0.0251836 0.0113705 0.00649289 0.00627777 0.00809075 0.0107416 0.013691 0.0165619 0.0189917 0.0206491 0.0212993 0.0208591 0.0194173 0.0172079 0.0145505 0.0117756 0.00915915 0.00688437 0.00503442 0.00360951 0.00255688 0.00180087
 1.00813e-16 2.39177e-05 0.000140341 0.000667042 0.00256802 0.00800802 0.020228 0.0413913 0.0686191 0.0921788 0.100376 0.088697 0.063838 0.0379535 0.0197211 0.0109012 0.00900314 0.0110329 0.0151006 0.0202451 0.025846 0.0312881 0.0359061 0.0390779 0.0403595 0.039591 0.0369341 0.0328241 0.0278572 0.0226513 0.0177237 0.0134198 0.00989858 0.00716479 0.0051245 0.00364081
 1.01296e-16 2.77067e-05 0.000162597 0.000772873 0.00297554 0.00927888 0.0234379 0.0479581 0.0795002 0.10678 0.116232 0.102606 0.0736266 0.0433276 0.0216978 0.0106999 0.0073737 0.0082033 0.0110073 0.0147611 0.0189273 0.0230532 0.0266663 0.0293209 0.0306871 0.0306256 0.0292152 0.0267231 0.023531 0.0200428 0.0166037 0.0134537 0.0107177 0.00842604 0.00654879 0.00502918
 1.00407e-16 3.67042e-05 0.000215435 0.0010241 0.00394288 0.0122955 0.0310575 0.0635473 0.105335 0.141456 0.153918 0.135732 0.0970852 0.0565056 0.0271344 0.0114585 0.00544168 0.0043415 0.00525284 0.00690783 0.00880727 0.0106758 0.0122767 0.0133977 0.0138874 0.013689 0.0128533 0.0115226 0.00989358 0.00817027 0.00652415 0.00507016 0.00386222 0.00290403 0.00216739 0.00161046
 1.0008e-16 3.94837e-05 0.000231757 0.00110171 0.0042417 0.0132274 0.0334113 0.0683629 0.113315 0.152168 0.16556 0.145965 0.104333 0.0605781 0.0288168 0.0116979 0.00485311 0.00316111 0.00349333 0.00450665 0.0057132 0.0068917 0.00787723 0.00852866 0.00874839 0.00850439 0.00783832 0.00685402 0.00569142 0.00449417 0.0033815 0.00243152 0.00167796 0.00111779 0.000724393 0.000461034
 1.00052e-16 3.94975e-05 0.000231838 0.00110209 0.00424319 0.0132321 0.033423 0.0683869 0.113355 0.152222 0.165618 0.146017 0.104371 0.0606033 0.028834 0.0117137 0.00487297 0.00318886 0.00353129 0.00455565 0.00577232 0.00695781 0.00794496 0.0085908 0.00879684 0.00853153 0.00783839 0.00682422 0.00563244 0.00441001 0.00327869 0.00231796 0.00156166 0.00100585 0.00062223 0.000372116
 1.00167e-16 3.21986e-05 0.000188972 0.00089827 0.00345836 0.0107845 0.027241 0.0557394 0.0923966 0.124093 0.135057 0.119175 0.0854069 0.0500405 0.0246507 0.0114763 0.00703223 0.00719461 0.00941072 0.0125048 0.0159078 0.0191884 0.0219204 0.023715 0.0243008 0.0235901 0.021701 0.0189259 0.0156579 0.0123002 0.00918711 0.00653733 0.00444466 0.0028994 0.00182529 0.00111751
 1.0055e-16 2.96665e-05 0.000174103 0.000827575 0.00318615 0.00993567 0.0250969 0.0513526 0.0851264 0.114334 0.124449 0.109846 0.0787897 0.0463018 0.0230671 0.0111734 0.007436 0.00807513 0.0107441 0.0143425 0.0183018 0.0221562 0.0254291 0.027679 0.0285912 0.0280516 0.0261739 0.0232652 0.0197472 0.0160568 0.0125606 0.00950371 0.0069999 0.00505382 0.00360019 0.00254302
 1.00564e-16 3.28058e-05 0.00019254 0.000915243 0.00352372 0.0109884 0.0277558 0.0567925 0.094141 0.126432 0.137593 0.121389 0.0869429 0.0508381 0.0248541 0.0112551 0.00647516 0.00630457 0.00814871 0.0108358 0.0138342 0.0167706 0.0192836 0.0210408 0.0218038 0.0214829 0.0201575 0.0180514 0.0154739 0.0127466 0.0101406 0.00783817 0.00592583 0.00441094 0.00325017 0.00237807
 1.00752e-16 2.67469e-05 0.000156957 0.000746048 0.00287223 0.00895672 0.0226242 0.0462937 0.0767431 0.103082 0.112222 0.0991035 0.071193 0.0420556 0.0213563 0.0110159 0.00820152 0.00953214 0.0128934 0.0172568 0.0220299 0.0266741 0.0306203 0.0333388 0.034451 0.0338199 0.031582 0.0281061 0.023898 0.0194819 0.0152969 0.0116359 0.00863415 0.00629613 0.00454294 0.00325959
 1.01203e-16 2.71953e-05 0.000159593 0.00075859 0.00292054 0.00910735 0.0230046 0.0470718 0.0780317 0.104809 0.114092 0.100731 0.0723095 0.0426099 0.0214446 0.0107496 0.00762893 0.0086372 0.0116318 0.015595 0.0199751 0.0242938 0.0280486 0.0307664 0.0321006 0.0319097 0.0302871 0.027528 0.0240489 0.0202883 0.0166189 0.013297 0.0104518 0.00810851 0.00622534 0.00473133
 1.01027e-16 3.03859e-05 0.00017833 0.000847679 0.00326357 0.0101771 0.0257067 0.0526 0.0871929 0.117105 0.127455 0.112473 0.080619 0.0472654 0.0233413 0.0109666 0.00686213 0.00714682 0.00942251 0.0125888 0.016114 0.0195912 0.0226108 0.0247911 0.0258532 0.0256849 0.024364 0.022131 0.0193243 0.0162986 0.0133545 0.010697 0.00842798 0.00656414 0.00506878 0.00388208
 1.01242e-16 2.4611e-05 0.000144415 0.000686419 0.00264264 0.00824073 0.0208157 0.0425936 0.0706108 0.0948501 0.103273 0.0912309 0.065604 0.0388877 0.019995 0.0107179 0.00847503 0.0101751 0.0138782 0.018622 0.0238197 0.02891 0.0332897 0.0363913 0.0378044 0.037371 0.0352202 0.0317265 0.02741 0.0228132 0.018393 0.0144581 0.0111562 0.00850313 0.0064307 0.00483481
 1.0145e-16 2.83093e-05 0.000166137 0.000789704 0.00304035 0.00948099 0.0239484 0.0490025 0.0812307 0.109102 0.118753 0.104818 0.0751829 0.0441814 0.0220106 0.0106651 0.00710995 0.00774589 0.010345 0.0138724 0.0178038 0.0217126 0.0251578 0.0277224 0.0290961 0.0291443 0.0279341 0.0257072 0.0228114 0.0196163 0.0164385 0.0134988 0.0109143 0.00871647 0.00688333 0.00536925
 1.00946e-16 3.10403e-05 0.000182173 0.00086595 0.00333392 0.0103965 0.0262608 0.0537337 0.0890719 0.119628 0.130196 0.114885 0.0823299 0.0482331 0.023753 0.0110488 0.0067638 0.00692795 0.00908962 0.0121285 0.0155122 0.018842 0.0217206 0.0237794 0.0247511 0.0245305 0.023198 0.0209916 0.0182438 0.0153016 0.0124578 0.00991039 0.00775507 0.00600376 0.00461551 0.00352702
 1.02226e-16 7.20495e-06 4.21942e-05 0.000200376 0.00077113 0.00240441 0.00607412 0.0124339 0.0206311 0.027769 0.0303818 0.0271881 0.0203112 0.0135669 0.00978527 0.00976226 0.013014 0.0188271 0.0266481 0.0359464 0.0459951 0.0558032 0.0642195 0.0701488 0.0727994 0.0718692 0.0676145 0.060767 0.0523416 0.0433946 0.0348158 0.0272042 0.0208452 0.0157657 0.011828 0.00882362
 1.04082e-16 2.7636e-05 0.000162197 0.000771003 0.00296839 0.00925663 0.0233815 0.0478415 0.0793025 0.106501 0.115893 0.102224 0.0731723 0.0426992 0.0207193 0.00913483 0.00494592 0.00462863 0.00604617 0.00829187 0.0110266 0.0140588 0.017195 0.0202216 0.0229283 0.0251367 0.0267188 0.0276023 0.0277644 0.0272226 0.0260255 0.0242504 0.0220026 0.019414 0.0166363 0.0138279
 1.03654e-16 3.11936e-06 1.82009e-05 8.62934e-05 0.000331856 0.00103453 0.00261403 0.0053549 0.00889997 0.0120239 0.0132727 0.0121555 0.00967852 0.00761992 0.00738118 0.00952263 0.0140501 0.0208045 0.029553 0.0398612 0.0509651 0.0617718 0.071006 0.0774604 0.0802734 0.0791359 0.0743628 0.0667954 0.0575802 0.0478947 0.038712 0.0306653 0.0240266 0.0187766 0.0147185 0.0115895
pSPR Fmed_Fpbrs
0.501242   0.6 0.325
Fs Fmed_Fpbrs
0.64   0.420877 1.45432
SSBpbr Bo_Bmed_Bpbrs
571141  257723  314127 157064
Ro
15994.5
SPR SPRFo_SPRFmed_SPRFpbrs
330354 165587 107365
log_Ro
9.5
likeval ReclasPelacesDesembMPH_pf_preclas_ppelaces_ptallas_desvR_qrecl_qpela
 76.174 11.9267 0.326055 15.2033 416.649 228.451 59.6208 0 55.8386 0.000200665 0.000474106 2.78979e-15 0 0 0
q_reclas_q_pelaces
7.44342 22.1487
M
0.7
N
 5791.68 47059.6 19540.2 2573.43 0.105447
 8022.9 2841.92 20451.1 8265.71 1088.04
 958.03 3902.1 1118.87 7682.24 3510.35
 3194.04 430.646 637.085 145.867 1452.61
 39611.7 1446.87 76.6302 92.1121 230.143
 11075.3 19103.2 518.139 25.6861 107.874
 64790.9 4828.75 2217.5 44.8245 11.4859
 53390 27726.3 455.112 149.333 3.76668
 64965.1 23227.7 3142.21 38.2531 12.7918
 114010 27268.8 1764.26 163.246 2.63181
 61184.9 50970.6 4189.45 213.791 20.0059
 51603.9 26445.4 5369.7 322.535 17.887
 56866.6 22277.5 2748.89 406.789 25.6267
 28723.7 22461.8 858.136 63.1322 9.82896
 12451.3 9876.27 183.809 3.06052 0.255927
 8989.62 4281.21 80.82 0.655556 0.0116334
 6545.06 3792.82 344.411 4.49913 0.0368694
 8377.62 2763.07 307.145 19.3259 0.252671
 8145.28 3610.67 281.954 22.7573 1.44139
 7803.83 3673.03 610.762 38.3578 3.27776
 15492 3436.13 476.019 60.32 4.08973
 17548.6 7176.77 785.355 92.9936 12.5435
 26752.4 8130.36 1642.17 153.634 20.5809
 49798.9 12155.9 1497.27 247.436 26.1449
 9391.25 22664.9 2279.97 230.625 41.9744
 31056.2 4412.61 6068.02 538.702 64.248
 946.549 14070.4 786.636 879.28 87.0084
pred_Ctot
 49.4773 4258.58 2101.41 277.619 0.0113761
 118.834 429.138 3640.07 1475.57 194.243
 65.6875 2003.95 638.7 4393.36 2007.57
 202.732 210.465 347.713 79.7646 794.355
 823.104 295.656 18.3187 22.0817 55.174
 979.22 11396.9 337.943 16.7785 70.4666
 6497.08 3077.36 1531.57 31.0009 7.9439
 4793.88 16680.9 299.022 98.263 2.47858
 7299.77 15634.6 2273.86 27.7153 9.26818
 8224.99 14454.7 1036.21 96.0495 1.54853
 5749.09 31416.9 2811.25 143.666 13.4442
 4888.23 16369.5 3616.5 217.538 12.0644
 8477.91 16815.3 2187.57 324.002 20.4116
 6489.48 19032.9 748.877 55.1203 8.58166
 2813.09 8368.63 160.406 2.67212 0.22345
 981.365 2843.31 57.8242 0.469613 0.00833389
 712.086 2514.94 246.082 3.21865 0.0263767
 802.378 1720.15 207.894 13.0993 0.171267
 541.442 1818.14 158.115 12.7856 0.809835
 640.4 2101.78 384.005 24.1555 2.06419
 750.756 1393.6 218.831 27.7907 1.88429
 849.219 2907.71 360.691 42.8031 5.77373
 1643.42 3888.84 878.88 82.3842 11.0366
 3004.85 5745.32 792.65 131.25 13.8688
 364.586 7780.74 896.432 90.8942 16.5436
 1967.81 2154.1 3308.46 294.278 35.098
 99.9862 9199.46 555.354 621.557 61.507
F
 0.0119417 0.133379 0.160359 0.160898 0.160907
 0.0207858 0.232161 0.279123 0.280061 0.280076
 0.0995921 1.11237 1.33738 1.34187 1.34194
 0.091886 1.0263 1.2339 1.23804 1.23811
 0.029269 0.326912 0.393041 0.394361 0.394383
 0.130132 1.45348 1.74749 1.75336 1.75346
 0.148784 1.6618 1.99795 2.00466 2.00477
 0.132279 1.47746 1.77632 1.78228 1.78238
 0.168106 1.87761 2.25742 2.265 2.26513
 0.105036 1.17317 1.41049 1.41522 1.4153
 0.138817 1.55048 1.86411 1.87037 1.87048
 0.140018 1.56389 1.88023 1.88655 1.88665
 0.228894 2.55657 3.07372 3.08404 3.08421
 0.367588 4.10567 4.93618 4.95275 4.95303
 0.367588 4.10567 4.93617 4.95274 4.95302
 0.162962 1.82016 2.18834 2.19569 2.19581
 0.16237 1.81354 2.18039 2.18771 2.18783
 0.141671 1.58235 1.90243 1.90882 1.90893
 0.0964203 1.07694 1.29479 1.29913 1.29921
 0.120269 1.34331 1.61504 1.62047 1.62056
 0.0694735 0.775964 0.932928 0.936061 0.936113
 0.069372 0.774831 0.931566 0.934694 0.934746
 0.0888122 0.991963 1.19262 1.19662 1.19669
 0.0871726 0.97365 1.1706 1.17453 1.1746
 0.0553115 0.617786 0.742754 0.745248 0.745289
 0.0917214 1.02446 1.23169 1.23582 1.23589
 0.157304 1.75696 2.11236 2.11945 2.11957
Np
 11103.8 5344.43 140.702 393.636 20.4241
YTP_r0W_actual
 171.969 65674.7 6233.59 8923.03 979.901
YTP_p0W_proyectada
 2017.34 1874.61 9554.95 479.476 625.791
 2017.34 24945.5 1114.98 3994.67 230.019
CTP_r0_actual
 20.9718 3040.49 198.522 222.519 22.0203
CTP_p0_proyectada
 246.018 86.7876 304.298 11.957 14.0627
 246.018 1154.88 35.5088 99.6176 5.16896
Wmedp
 8.2 21.6 31.4 40.1 44.5
nmprior
 10.8 10.6 4.6 0
nm_flota  nm_reclas  nm_pelaces    nm_pelaL
inf 17.3233 12.9148 35.9356
cv_recla  cv_pelaces  cv_mph
0.755847 0.378312 0.521045
 ------------------------------------------------
Talla a la edad & desviaci?n 
 7.2 14.2025 17.0495 18.207 18.6776
 1.08 2.13037 2.55742 2.73105 2.80164
