years
 1997 1998 1999 2000 2001 2002 2003 2004 2005 2006 2007 2008 2009 2010 2011 2012 2013 2014 2015 2016 2017 2018 2019 2020 2021 2022 2023
reclasobs
 0 0 0 370054 412103 1.49427e+06 250295 1.28982e+06 931140 785840 897777 1.04006e+06 184774 17550 25797 100020 73551 82996 120727 218422 84188 347160 605670 569463 516374 1.08416e+06 1.01767e+06
reclaspred
 460854 123397 340351 231352 348911 429061 928871 645027 757731 767356 645995 440281 261435 107483 69739.3 68488.6 76851.7 103849 119250 168002 254818 249013 436202 571214 728697 690298 663834
pelacesobs
 0 0 0 0 0 0 0 0 0 2.06254e+06 1.5e+06 0 1.87456e+06 323000 250000 174000 83755 137374 0 501740 490994 745055 786931 1.00524e+06 1.33801e+06 1.41789e+06 0
pelacespred
 1.96928e+06 384366 709875 715412 966773 859814 2.47809e+06 1.93951e+06 2.16892e+06 2.13931e+06 1.50785e+06 1.06132e+06 652326 215852 153604 151474 176024 249400 275541 395925 696547 615803 891249 1.35807e+06 1.61354e+06 1.6783e+06 1.57457e+06
mphobs
 0 0 0 0 0 0 112323 0 153150 637223 0 255016 313432 73983 77613 109348 50772 17779 17303 59886 28197 0 207744 136588 643089 65757 70829
mphpred
 155665 89460.4 104105 107914 118862 190072 277672 339655 303669 335268 331928 229304 135162 112622 48017.7 42111 43516.9 57191.4 28388 32823.2 53048.1 67776.9 85508.2 127570 171146 171176 157203
desembarqueobs
 350755 77701 442110 56441 14545 235359 269955 359681 431902 328805 639364 411747 362871 311530 167758 66681 60226 58785 57116 73181 50977 67692 138656 160484 209506 203330 245020
desembarquepred
 350767 77704.2 442149 56445.5 14545.4 235465 270026 359704 431953 328838 639474 411891 363117 311784 167655 66690.3 60263.6 58784.7 57102.7 73181.9 50979.5 67683.2 138664 160499 209514 203329 245010
Reclutas
 39230.9 46857.5 25687.3 36013.1 60993.7 44179.3 81235.6 80076.1 110475 116892 64290.2 43451.7 44658 25458 15984.2 13583.5 9655.56 12437.5 14822.4 22353 30255.7 40727.9 62349.1 86112.5 37288.2 53036.7 83192.4
log_desv_Rt
 -0.00278049 0.174866 -0.426248 -0.088362 0.438526 0.116013 0.725109 0.710733 1.03255 1.08901 0.491162 0.0994052 0.126789 -0.435216 -0.900644 -1.06339 -1.40471 -1.15152 -0.976106 -0.565284 -0.26256 0.034669 0.460505 0.783409 -0.0535683 0.29874 0.748912
SSB
 452666 260147 302731 313808 345645 552720 785027 976150 862137 954461 965230 666804 407499 206546 92766.5 81060.4 87550.8 108991 141013 171994 261773 325860 423023 601886 884768 910739 786726
BT
 1.62686e+06 394796 723502 547718 670190 774384 1.87357e+06 1.72896e+06 1.87137e+06 1.77204e+06 1.59929e+06 1.09694e+06 793565 433684 240077 157387 169268 217204 236201 328827 516617 483848 704232 1.05946e+06 1.26305e+06 1.32303e+06 1.28556e+06
Ftot
 0.964554 0.824616 1.33493 0.271358 0.0501935 0.501407 0.319458 0.62323 0.682223 0.489421 0.929587 0.836422 1.38242 2.81372 3.01712 1.16835 0.907815 0.652753 0.51292 0.499327 0.229753 0.276791 0.320055 0.311652 0.259685 0.255185 0.365737
BD_Bspro_t
 0.912021 0.651489 0.585437 0.416262 0.56711 0.72925 0.677034 0.696565 0.636316 0.614861 0.587559 0.42495 0.314681 0.210759 0.119814 0.127588 0.182611 0.282878 0.394495 0.502636 0.631271 0.736134 0.752557 0.760456 0.777927 0.730609 0.698902
BD_Bspro
 0.5571 0.320165 0.372574 0.386206 0.425388 0.680238 0.96614 1.20136 1.06104 1.17466 1.18792 0.820642 0.501513 0.254199 0.114169 0.0997618 0.10775 0.134137 0.173546 0.211674 0.322166 0.401039 0.520618 0.740747 1.08889 1.12085 0.968231
BD_Bo
 0.438088 0.251769 0.292982 0.303702 0.334514 0.534921 0.759746 0.944714 0.834373 0.923724 0.934146 0.645331 0.394376 0.199895 0.0897791 0.07845 0.0847313 0.105482 0.136472 0.166455 0.253342 0.315366 0.4094 0.582503 0.856275 0.88141 0.761391
BD_Brms
 0.796524 0.457762 0.532695 0.552185 0.608207 0.972583 1.38136 1.71766 1.51704 1.6795 1.69845 1.17333 0.717047 0.363445 0.163235 0.142636 0.154057 0.191785 0.248131 0.302646 0.460623 0.573394 0.744364 1.0591 1.55686 1.60256 1.38435
S_f
 0.107797 0.696566 0.977587 0.998795 0.999936
 0.107797 0.696566 0.977587 0.998795 0.999936
 0.107797 0.696566 0.977587 0.998795 0.999936
 0.107797 0.696566 0.977587 0.998795 0.999936
 0.107797 0.696566 0.977587 0.998795 0.999936
 0.107797 0.696566 0.977587 0.998795 0.999936
 0.107797 0.696566 0.977587 0.998795 0.999936
 0.107797 0.696566 0.977587 0.998795 0.999936
 0.107797 0.696566 0.977587 0.998795 0.999936
 0.107797 0.696566 0.977587 0.998795 0.999936
 0.107797 0.696566 0.977587 0.998795 0.999936
 0.107797 0.696566 0.977587 0.998795 0.999936
 0.107797 0.696566 0.977587 0.998795 0.999936
 0.107797 0.696566 0.977587 0.998795 0.999936
 0.107797 0.696566 0.977587 0.998795 0.999936
 0.107797 0.696566 0.977587 0.998795 0.999936
 0.107797 0.696566 0.977587 0.998795 0.999936
 0.107797 0.696566 0.977587 0.998795 0.999936
 0.107797 0.696566 0.977587 0.998795 0.999936
 0.107797 0.696566 0.977587 0.998795 0.999936
 0.107797 0.696566 0.977587 0.998795 0.999936
 0.107797 0.696566 0.977587 0.998795 0.999936
 0.107797 0.696566 0.977587 0.998795 0.999936
 0.107797 0.696566 0.977587 0.998795 0.999936
 0.107797 0.696566 0.977587 0.998795 0.999936
 0.107797 0.696566 0.977587 0.998795 0.999936
 0.107797 0.696566 0.977587 0.998795 0.999936
Scru_reclas
 0.669887 0.946258 0.993497 0.999246 0.999913
 0.669887 0.946258 0.993497 0.999246 0.999913
 0.669887 0.946258 0.993497 0.999246 0.999913
 0.669887 0.946258 0.993497 0.999246 0.999913
 0.669887 0.946258 0.993497 0.999246 0.999913
 0.669887 0.946258 0.993497 0.999246 0.999913
 0.669887 0.946258 0.993497 0.999246 0.999913
 0.669887 0.946258 0.993497 0.999246 0.999913
 0.669887 0.946258 0.993497 0.999246 0.999913
 0.669887 0.946258 0.993497 0.999246 0.999913
 0.669887 0.946258 0.993497 0.999246 0.999913
 0.669887 0.946258 0.993497 0.999246 0.999913
 0.669887 0.946258 0.993497 0.999246 0.999913
 0.669887 0.946258 0.993497 0.999246 0.999913
 0.669887 0.946258 0.993497 0.999246 0.999913
 0.669887 0.946258 0.993497 0.999246 0.999913
 0.669887 0.946258 0.993497 0.999246 0.999913
 0.669887 0.946258 0.993497 0.999246 0.999913
 0.669887 0.946258 0.993497 0.999246 0.999913
 0.669887 0.946258 0.993497 0.999246 0.999913
 0.669887 0.946258 0.993497 0.999246 0.999913
 0.669887 0.946258 0.993497 0.999246 0.999913
 0.669887 0.946258 0.993497 0.999246 0.999913
 0.669887 0.946258 0.993497 0.999246 0.999913
 0.669887 0.946258 0.993497 0.999246 0.999913
 0.669887 0.946258 0.993497 0.999246 0.999913
 0.669887 0.946258 0.993497 0.999246 0.999913
Scru_pelaces
 1 1 1 1 1
 1 1 1 1 1
 1 1 1 1 1
 1 1 1 1 1
 1 1 1 1 1
 1 1 1 1 1
 1 1 1 1 1
 1 1 1 1 1
 1 1 1 1 1
 1 1 1 1 1
 1 1 1 1 1
 1 1 1 1 1
 1 1 1 1 1
 1 1 1 1 1
 1 1 1 1 1
 1 1 1 1 1
 1 1 1 1 1
 1 1 1 1 1
 1 1 1 1 1
 1 1 1 1 1
 1 1 1 1 1
 1 1 1 1 1
 1 1 1 1 1
 1 1 1 1 1
 1 1 1 1 1
 1 1 1 1 1
 1 1 1 1 1
pf_obs 
 0.256992 0.487395 0.22802 0.0275931 0
 0.321318 0.546541 0.124235 0.00734118 0.000564706
 0.182869 0.594174 0.210203 0.0122559 0.00049798
 0.330522 0.361315 0.267642 0.0388342 0.00168674
 0.649043 0.306663 0.0425973 0.00169635 0
 0.582887 0.30429 0.105238 0.00758474 0
 0.465427 0.430635 0.0974691 0.00646863 0
 0.296916 0.608066 0.0921331 0.00288517 0
 0.311714 0.524322 0.152257 0.0117073 0
 0.15457 0.633149 0.183074 0.0267441 0.00246327
 0.131901 0.49318 0.331252 0.0422183 0.00144891
 0.196976 0.569456 0.194076 0.0375587 0.00193317
 0.518974 0.381816 0.0799577 0.0180837 0.00116848
 0.0928022 0.601141 0.25162 0.0475244 0.00691264
 0.122501 0.610282 0.24278 0.0234846 0.000952079
 0.383417 0.481906 0.127806 0.00687128 0
 0.0376549 0.599619 0.316969 0.0457579 0
 0.0361596 0.667082 0.258105 0.0386534 0
 0.158088 0.579412 0.248529 0.0139706 0
 0.0477256 0.309471 0.559284 0.082774 0.000745712
 0.0406174 0.521527 0.379366 0.0568643 0.0016247
 0.151134 0.462217 0.34131 0.0453401 0
 0.294876 0.26143 0.354403 0.0886775 0.000613685
 0.281977 0.475581 0.204845 0.0348837 0.00271318
 0.0841818 0.532909 0.334909 0.0458182 0.00218182
 0.115287 0.27431 0.454777 0.147771 0.00785563
 0 0 0 0 0
pf_pred 
 0.329288 0.459648 0.188709 0.022341 1.42583e-05
 0.287264 0.568449 0.112755 0.0282909 0.00324071
 0.16145 0.631549 0.178803 0.0221882 0.00601012
 0.251568 0.465264 0.238761 0.0385606 0.00584553
 0.266089 0.483273 0.176225 0.0629761 0.0114366
 0.146276 0.568374 0.208187 0.0545959 0.0225671
 0.255231 0.389057 0.266875 0.0652888 0.0235481
 0.203755 0.548902 0.152237 0.0717953 0.0233111
 0.257942 0.473854 0.207835 0.0375699 0.0227994
 0.221884 0.552929 0.165204 0.046793 0.0131902
 0.12912 0.570257 0.236819 0.0471457 0.0166582
 0.134423 0.470581 0.298779 0.0763311 0.0198865
 0.216393 0.446446 0.221848 0.0879033 0.0274095
 0.221043 0.593767 0.130838 0.0362621 0.0180906
 0.295312 0.597304 0.0955452 0.00852624 0.00331323
 0.29975 0.618861 0.0761153 0.00472767 0.00054617
 0.195308 0.623366 0.168359 0.0121557 0.000811703
 0.250731 0.481751 0.226805 0.0378883 0.00282405
 0.240869 0.531593 0.167444 0.0511717 0.00892212
 0.27446 0.487541 0.185521 0.0388947 0.0135833
 0.249522 0.528536 0.167568 0.0426356 0.0117374
 0.231393 0.501421 0.206771 0.0458758 0.0145396
 0.254097 0.476562 0.196907 0.05636 0.016074
 0.244628 0.507234 0.178913 0.0509427 0.018282
 0.0890567 0.597203 0.234932 0.057211 0.0215969
 0.149554 0.307379 0.398228 0.109107 0.0357323
 0.227394 0.412511 0.162021 0.146169 0.0519051
pobs_RECLAS
 0 0 0 0 0
 0 0 0 0 0
 0 0 0 0 0
 0 0 0 0 0
 0.835266 0.146461 0.0176864 0.000547809 3.91292e-05
 0.385257 0.428462 0.181853 0.0044286 0
 0.867414 0.0963971 0.0333333 0.00285562 0
 0.441836 0.489002 0.0689373 0.000224442 0
 0.779404 0.147425 0.0564933 0.0165055 0.000172143
 0.814271 0.122319 0.05973 0.00367925 0
 0.40263 0.566651 0.0304383 0.000280538 0
 0.475488 0.404961 0.113038 0.00651328 0
 0.955842 0.0263864 0.0167828 0.000988607 0
 0.975058 0.0227948 0.00214734 0 0
 0.738997 0.206755 0.0527124 0.00153531 0
 0.850938 0.134255 0.0134407 0.00136685 0
 0.542534 0.407297 0.0501686 0 0
 0.764087 0.199537 0.0359546 0.000420521 0
 0.470689 0.182191 0.310203 0.0369168 0
 0.84361 0.089868 0.0606195 0.00523954 0.000663233
 0.607945 0.314616 0.071237 0.00620181 0
 0.523733 0.453247 0.0230204 0 0
 0.530135 0.295979 0.169645 0.0042399 0
 0.562478 0.366248 0.0663022 0.0049721 0
 0.250443 0.683176 0.0655157 0.000865301 0
 0.195077 0.31981 0.436473 0.0351445 0.0134964
 0.565238 0.351407 0.0832357 0.000118908 0
ppred_RECLAS
 0.721293 0.209272 0.0622002 0.0072296 4.61115e-06
 0.670362 0.278341 0.0402428 0.00991881 0.00113552
 0.506739 0.40047 0.0803709 0.00977441 0.00264569
 0.63266 0.25307 0.0965933 0.0153502 0.00232582
 0.645473 0.25582 0.0697266 0.024528 0.0044522
 0.467781 0.388736 0.105159 0.0271198 0.011204
 0.644546 0.212037 0.108038 0.0260044 0.00937441
 0.567979 0.325044 0.0662789 0.0307272 0.00997129
 0.645278 0.25095 0.0807299 0.0143431 0.00869928
 0.590647 0.314992 0.0695346 0.0193692 0.00545699
 0.440403 0.405258 0.122055 0.0238593 0.00842513
 0.458537 0.336557 0.155669 0.0390656 0.0101717
 0.61155 0.253887 0.0891619 0.034615 0.0107856
 0.643954 0.298181 0.0412474 0.0110909 0.0055261
 0.726341 0.246497 0.0242517 0.0020961 0.000813424
 0.683769 0.289047 0.025454 0.00155075 0.000179032
 0.553566 0.368676 0.0722906 0.00512557 0.000342055
 0.635652 0.259006 0.0895441 0.0147035 0.00109533
 0.617239 0.291163 0.0677051 0.0203471 0.00354576
 0.659438 0.250557 0.0704192 0.0145186 0.00506768
 0.624258 0.286513 0.0676343 0.0169345 0.00465967
 0.604752 0.283368 0.0868992 0.0189711 0.00600958
 0.635355 0.25716 0.0789236 0.0222258 0.00633561
 0.621268 0.27811 0.0728812 0.0204175 0.00732361
 0.331563 0.48114 0.140821 0.0337444 0.012732
 0.493303 0.219446 0.211548 0.0570338 0.0186692
 0.60926 0.238008 0.0693443 0.061544 0.0218434
pobs_PELACES
 0 0 0 0 0
 0 0 0 0 0
 0 0 0 0 0
 0 0 0 0 0
 0 0 0 0 0
 0 0 0 0 0
 0 0 0 0 0
 0 0 0 0 0
 0 0 0 0 0
 0 0 0 0 0
 0.450072 0.473896 0.0757376 0.000293798 0
 0 0 0 0 0
 0.463077 0.371075 0.160297 0.00555027 0
 0.529543 0.364841 0.0842815 0.0213345 0
 0.631943 0.363953 0.00410389 0 0
 0.735681 0.248677 0.0153453 0.000297389 0
 0.695825 0.281241 0.0229344 0 0
 0.275771 0.60734 0.115278 0.00161068 0
 0 0 0 0 0
 0.896147 0.0623911 0.0374545 0.00400742 0
 0.803859 0.145111 0.0509908 3.86294e-05 0
 0.739449 0.233085 0.0266225 0.000797448 4.60066e-05
 0.878498 0.100942 0.0204185 0.000141795 0
 0.694673 0.275183 0.0284847 0.00165964 0
 0.469039 0.446079 0.0841089 0.000773354 0
 0.822795 0.102175 0.0682046 0.00682512 0
 0 0 0 0 0
ppred_PELACES
 0.820047 0.13965 0.0361507 0.00414955 2.64392e-06
 0.774566 0.193971 0.0247445 0.0060289 0.000689525
 0.659783 0.284798 0.0480998 0.00576198 0.0015578
 0.724028 0.194501 0.068951 0.0108737 0.00164629
 0.725004 0.201444 0.0520522 0.0181989 0.0033011
 0.583995 0.311678 0.0766558 0.0195865 0.00808481
 0.737744 0.161473 0.0760747 0.018165 0.0065432
 0.682728 0.245053 0.0449197 0.0206151 0.00668376
 0.751837 0.181297 0.052144 0.00916714 0.00555484
 0.696056 0.238951 0.0480112 0.0132514 0.0037302
 0.579951 0.315375 0.0829951 0.016026 0.0056533
 0.595947 0.263212 0.107301 0.0266164 0.00692345
 0.755334 0.169704 0.0499338 0.0190885 0.00594067
 0.821981 0.155975 0.0158304 0.00414958 0.00206398
 0.873928 0.11683 0.00827583 0.000696313 0.000269729
 0.795141 0.189631 0.014272 0.000857458 9.88829e-05
 0.68112 0.269209 0.0462176 0.00323744 0.000215833
 0.742607 0.188696 0.0584848 0.00950464 0.0007074
 0.720243 0.217707 0.0459773 0.0136886 0.00238338
 0.755463 0.184418 0.0471326 0.00962794 0.00335772
 0.713881 0.221825 0.0488229 0.0121346 0.00333641
 0.699614 0.219922 0.0626078 0.0135631 0.00429313
 0.728284 0.196098 0.0556454 0.0155453 0.00442782
 0.715346 0.213378 0.0517415 0.0143805 0.00515412
 0.429257 0.419279 0.114099 0.0271345 0.0102302
 0.601016 0.180119 0.161513 0.0432164 0.0141354
 0.709692 0.182806 0.0490368 0.0431597 0.0153061
pobs_pel_tallas
 0 0 0 0 0 0 0 0 0 0 0 0 0 0 0 0 0 0 0 0 0 0 0 0 0 0 0 0 0 0 0 0 0 0 0 0
 0 0 0 0 0 0 0 0 0 0 0 0 0 0 0 0 0 0 0 0 0 0 0 0 0 0 0 0 0 0 0 0 0 0 0 0
 0 0 0 0 0 0 0 0 0 0 0 0 0 0 0 0 0 0 0 0 0 0 0 0 0 0 0 0 0 0 0 0 0 0 0 0
 0 0 0 0 0 0 0 0 0 0 0 0 0 0 0 0 0 0 0 0 0 0 0 0 0 0 0 0 0 0 0 0 0 0 0 0
 0 0 0 0 0 0 0 0 0 0 0 0 0 0 0 0 0 0 0 0 0 0 0 0 0 0 0 0 0 0 0 0 0 0 0 0
 0 0 0 0 0 0 0 0 0 0 0 0 0 0 0 0 0 0 0 0 0 0 0 0 0 0 0 0 0 0 0 0 0 0 0 0
 0 0 0 0 0 0 0 0 0 0 0 0 0 0 0 0 0 0 0 0 0 0 0 0 0 0 0 0 0 0 0 0 0 0 0 0
 0 0 0 0 0 0 0 0 0 0 0 0 0 0 0 0 0 0 0 0 0 0 0 0 0 0 0 0 0 0 0 0 0 0 0 0
 0 0 0 0 0 0 0 0 0 0 0 0 0 0 0 0 0 0 0 0 0 0 0 0 0 0 0 0 0 0 0 0 0 0 0 0
 0 0 0 0 0 0 0 0 0 0 0 0 0 0 0 0 0 0 0 0 0 0 0 0 0 0 0 0 0 0 0 0 0 0 0 0
 0 0 0 0 0 0 0 0 1.78061e-05 0.00172719 0.00360574 0.0105946 0.0120993 0.0124554 0.0147524 0.0171206 0.0266825 0.0428682 0.0675386 0.121331 0.153587 0.119568 0.100827 0.0573624 0.0630603 0.0341343 0.0324427 0.0444173 0.0211091 0.0280891 0.0125444 0.00206551 0 0 0 0
 0 0 0 0 0 0 0 0 0 0 0 0 0 0 0 0 0 0 0 0 0 0 0 0 0 0 0 0 0 0 0 0 0 0 0 0
 0 0 0 0 0 0 0.0133647 0.0140871 0.0187388 0.0205184 0.03894 0.0496705 0.03968 0.0493445 0.0407372 0.0367815 0.0215668 0.0243155 0.0234873 0.0199281 0.019796 0.0243948 0.0301388 0.0376714 0.0412746 0.0863199 0.0771752 0.113111 0.0741005 0.0525337 0.0229764 0.00759418 0.00175318 0 0 0
 0 0 0 0 0 0 0 0 0 0 0.00219441 0.00772107 0.0458388 0.0604681 0.0671733 0.0775358 0.0609151 0.0617685 0.073594 0.0568108 0.0755445 0.0548602 0.0670107 0.0636378 0.0643287 0.046367 0.0373049 0.0286899 0.0247887 0.0153202 0.00654259 0.00121912 0.000365735 0 0 0
 0 0 0 0 0 0 0 0 0 0 0 0 0.000112435 0.00938835 0.0111873 0.0202946 0.0414886 0.0713402 0.111592 0.104902 0.108894 0.110636 0.117776 0.105296 0.107544 0.0401394 0.0192827 0.0124803 0.00416011 0.0028671 0.000618394 0 0 0 0 0
 0 0 0 0 0 0 0 0 0 0 0.00291406 0.0102884 0.027416 0.0768956 0.0749926 0.110853 0.0956884 0.0897413 0.0766577 0.0534642 0.0500743 0.0551293 0.0594112 0.0620874 0.0668451 0.0424026 0.0208742 0.0120726 0.0048766 0.00582813 0.00118941 0.000297354 0 0 0 0
 0 0.00264628 0.0354308 0.0461629 0.0458689 0.0383711 0.0214643 0.0164657 0.0346957 0.0420465 0.0363128 0.0245516 0.0311673 0.0291091 0.0169068 0.0133784 0.00837989 0.0085269 0.0148486 0.0160247 0.0276389 0.0546898 0.0760071 0.122758 0.109233 0.0665981 0.0333725 0.0166128 0.00676272 0.00308733 0.000882094 0 0 0 0 0
 0 0 0 0 0 0 0 0.000805153 0.000690131 0.00759144 0.0133425 0.0154129 0.00931677 0.000345066 0.00356568 0.00563607 0.00851162 0.0253048 0.0502646 0.0516448 0.0657925 0.0565908 0.0611916 0.0827007 0.0866115 0.110766 0.145733 0.0935128 0.0569358 0.0249597 0.0138026 0.00621118 0.00161031 0.00115022 0 0
 0 0 0 0 0 0 0 0 0 0 0 0 0 0 0 0 0 0 0 0 0 0 0 0 0 0 0 0 0 0 0 0 0 0 0 0
 0.00147267 0.00158595 0.00478618 0.00569244 0.00954404 0.0108468 0.00647125 0.017049 0.0510054 0.094081 0.124002 0.0959785 0.0687766 0.0820023 0.061753 0.0591476 0.0492212 0.0479892 0.0443925 0.0268479 0.0217502 0.0140895 0.0121071 0.0120363 0.00920419 0.00665534 0.0049561 0.00860946 0.00930331 0.0156896 0.0114698 0.00855282 0.00243557 0.00046729 0 2.83206e-05
 0 0 0 0 0.000772559 0.00158375 0.000888443 0.00281984 0.00712685 0.0440552 0.0773331 0.111326 0.0921469 0.0852325 0.0710754 0.0886704 0.0786465 0.0553345 0.0373146 0.0185414 0.00753245 0.00457741 0.012979 0.0271748 0.0457355 0.0583668 0.034881 0.0177882 0.00938659 0.00492506 0.0015258 0.00185414 0.000309023 5.79419e-05 3.86279e-05 0
 0 0.00173294 0.00326652 0 0.00397197 0.00683976 0.00946217 0.0152591 0.00757587 0.0136028 0.0228656 0.0392903 0.0559909 0.0764795 0.0681675 0.0726916 0.0566044 0.0477403 0.0527397 0.0444891 0.0609904 0.0582453 0.0661739 0.0445044 0.0529084 0.0360697 0.0280645 0.0235558 0.0158879 0.00826598 0.00280645 0.00217768 0.000904811 0.00058276 9.20147e-05 0
 0 0 0 0 0 0 0 0 0 0 0 0 0 0 0 0 0 0 0 0 0 0 0 0 0 0 0 0 0 0 0 0 0 0 0 0
 0 0 0 0 0 0 0 0 0 0 0 0 0 0 0 0 0 0 0 0 0 0 0 0 0 0 0 0 0 0 0 0 0 0 0 0
 0 0 0 0 0 0 0 0 0 0 0 0 0 0 0 0 0 0 0 0 0 0 0 0 0 0 0 0 0 0 0 0 0 0 0 0
 0 0 0 0 0 0 0 0 0 0 0 0 0 0 0 0 0 0 0 0 0 0 0 0 0 0 0 0 0 0 0 0 0 0 0 0
 0 0 0 0 0 0 0 0 0 0 0 0 0 0 0 0 0 0 0 0 0 0 0 0 0 0 0 0 0 0 0 0 0 0 0 0
ppred_pel_tallas
 1.00702e-16 3.57763e-05 0.000209986 0.000998199 0.00384315 0.0119845 0.0302719 0.06194 0.102671 0.137879 0.150028 0.132306 0.0946441 0.0551044 0.0264986 0.0112551 0.00544504 0.00445086 0.00544536 0.00719517 0.00921318 0.0112268 0.0129976 0.0143079 0.0149972 0.0149967 0.014343 0.0131637 0.0116414 0.00996977 0.00831438 0.00679041 0.00545818 0.00433303 0.00340185 0.00263908
 1.00654e-16 3.37953e-05 0.000198351 0.000942873 0.00363011 0.0113202 0.0285939 0.058507 0.0969821 0.130245 0.141736 0.125027 0.0895125 0.0522677 0.025417 0.0112802 0.00617091 0.00574372 0.0073255 0.00972163 0.0124116 0.0150512 0.0173156 0.0189076 0.0196141 0.0193549 0.018201 0.0163516 0.0140819 0.0116775 0.00937793 0.00734344 0.00564878 0.00429862 0.00325342 0.00245512
 1.01047e-16 2.87939e-05 0.00016898 0.000803221 0.00309239 0.00964327 0.0243583 0.0498413 0.0826215 0.11097 0.120789 0.106619 0.0764845 0.0449651 0.0224353 0.0109255 0.00734975 0.00804506 0.0107388 0.0143667 0.0183782 0.0223194 0.0257222 0.0281495 0.0292844 0.0290024 0.0273995 0.0247592 0.0214773 0.0179671 0.0145777 0.0115454 0.00898499 0.006911 0.0052746 0.00399971
 1.01493e-16 3.15917e-05 0.000185414 0.000881367 0.0033933 0.0105817 0.0267285 0.0546903 0.0906562 0.121751 0.132497 0.116889 0.0837094 0.0489277 0.0238848 0.0107599 0.0061199 0.0059158 0.00765999 0.0102422 0.0131751 0.0161272 0.0187763 0.0208182 0.0220226 0.0222814 0.0216285 0.0202213 0.0182937 0.016097 0.0138493 0.0117055 0.00975268 0.00802274 0.00651378 0.0052096
 1.01585e-16 3.16345e-05 0.000185665 0.000882558 0.00339788 0.010596 0.0267646 0.0547642 0.0907788 0.121917 0.132678 0.117051 0.0838321 0.0490119 0.0239489 0.0108267 0.00620874 0.00604035 0.00782794 0.0104543 0.0134232 0.0163927 0.0190306 0.0210261 0.0221478 0.0222944 0.0215133 0.0199801 0.0179477 0.0156831 0.013413 0.0112929 0.00940257 0.00776098 0.00635113 0.00514253
 1.02241e-16 2.54904e-05 0.000149583 0.000710999 0.0027373 0.00853593 0.0215613 0.0441187 0.073137 0.0982374 0.106945 0.0944359 0.0678245 0.0400353 0.0202759 0.0103742 0.00763018 0.00882695 0.011963 0.0160815 0.020651 0.0251972 0.029215 0.0322252 0.0338721 0.0340024 0.0326952 0.0302293 0.0270038 0.023439 0.0198917 0.016606 0.0137058 0.0112181 0.00911118 0.00733103
 1.02063e-16 3.21884e-05 0.000188921 0.000898044 0.00345752 0.010782 0.0272343 0.0557251 0.0923703 0.12405 0.13499 0.119068 0.0852274 0.049728 0.0241137 0.0105904 0.00564642 0.00514822 0.00656477 0.00878485 0.0113505 0.0139784 0.0164017 0.0183664 0.0196745 0.0202226 0.0200195 0.0191715 0.017847 0.0162304 0.0144839 0.0127254 0.0110263 0.00942177 0.0079272 0.00655136
 1.01739e-16 2.97928e-05 0.000174848 0.000831127 0.00319985 0.00997839 0.0252047 0.0515729 0.0854904 0.114819 0.124967 0.11028 0.0790501 0.0463527 0.022904 0.0107842 0.00678035 0.00708942 0.00936255 0.0125231 0.0160518 0.0195509 0.0226198 0.0248841 0.0260697 0.0260644 0.0249408 0.0229285 0.0203504 0.0175433 0.0147895 0.0122777 0.0100978 0.00826025 0.00672843 0.00544852
 1.01374e-16 3.28037e-05 0.000192531 0.000915205 0.00352359 0.010988 0.0277548 0.05679 0.094136 0.126423 0.137575 0.121356 0.0868802 0.0507238 0.0246543 0.0109238 0.00595595 0.00553697 0.00707981 0.00943639 0.0121161 0.0148008 0.0171889 0.018999 0.0200215 0.0201628 0.0194636 0.0180804 0.0162397 0.0141822 0.0121133 0.0101756 0.00844411 0.00693927 0.00564853 0.00454629
 1.0139e-16 3.03737e-05 0.00017826 0.000847345 0.00326229 0.0101731 0.0256966 0.0525792 0.0871583 0.117058 0.127401 0.112421 0.0805715 0.0472169 0.023279 0.0108737 0.00672001 0.00693689 0.00912867 0.0122011 0.0156332 0.0190327 0.0220065 0.0241877 0.0253072 0.0252545 0.0241002 0.0220696 0.0194806 0.0166662 0.0139076 0.0113953 0.00922313 0.00740601 0.00591073 0.00468478
 1.02096e-16 2.53142e-05 0.000148548 0.000706079 0.00271835 0.00847685 0.0214121 0.0438134 0.0726311 0.0975584 0.106207 0.0937881 0.067367 0.039781 0.0201763 0.0103709 0.00768671 0.00893128 0.0121175 0.0162933 0.0209256 0.025535 0.0296097 0.0326632 0.0343333 0.0344623 0.0331281 0.0306112 0.0273149 0.0236658 0.0200278 0.016652 0.0136688 0.0111105 0.00894926 0.00713289
 1.02848e-16 2.60096e-05 0.000152636 0.000725521 0.00279323 0.00871036 0.0220018 0.0450197 0.0746292 0.100237 0.10911 0.096319 0.0691148 0.0406723 0.0203695 0.0100512 0.00694382 0.00775565 0.0104524 0.0140905 0.0181873 0.0223404 0.0261245 0.0291293 0.0310378 0.0316928 0.0311237 0.0295222 0.0271812 0.0244183 0.0215097 0.0186533 0.0159633 0.0134884 0.0112395 0.00921383
 1.01698e-16 3.29557e-05 0.000193424 0.000919454 0.00353995 0.011039 0.0278837 0.0570537 0.0945727 0.127008 0.138209 0.121908 0.087261 0.0509163 0.0246924 0.0108467 0.00578154 0.00526094 0.00668705 0.00891336 0.0114605 0.0140278 0.0163341 0.0181172 0.01918 0.0194325 0.0189077 0.0177448 0.0161468 0.0143291 0.0124749 0.0107099 0.00909974 0.00766264 0.00638968 0.005263
 1.00515e-16 3.58612e-05 0.000210484 0.00100056 0.00385223 0.0120129 0.0303435 0.0620865 0.102914 0.138207 0.150388 0.132631 0.0948933 0.0552827 0.026646 0.0114222 0.00567697 0.00478277 0.00590113 0.00778399 0.0099237 0.0120222 0.0138144 0.0150617 0.0155943 0.0153502 0.0143897 0.0128763 0.0110343 0.00909585 0.00725438 0.00563821 0.00430547 0.00325678 0.00245666 0.00185475
 1.00193e-16 3.81248e-05 0.000223776 0.00106376 0.0040956 0.0127718 0.0322604 0.0660084 0.109414 0.146931 0.159868 0.140964 0.100793 0.0585949 0.0280084 0.0116044 0.0051778 0.00379278 0.00442945 0.00577978 0.00734739 0.0088806 0.0101752 0.0110516 0.0113839 0.0111286 0.0103345 0.00912951 0.00768712 0.00618646 0.0047769 0.00355721 0.0025716 0.00181906 0.00126971 0.000881207
 1.00299e-16 3.46922e-05 0.000203618 0.000967911 0.00372652 0.0116208 0.0293532 0.0600606 0.0995572 0.133703 0.145495 0.128337 0.0918685 0.0536153 0.0260195 0.0114568 0.00613694 0.00559359 0.00707932 0.00936823 0.0119312 0.014425 0.0165299 0.0179561 0.0184992 0.0180878 0.016801 0.0148457 0.0125033 0.0100645 0.00777175 0.0057859 0.00417924 0.0029509 0.00205302 0.00141746
 1.00866e-16 2.97237e-05 0.000174441 0.000829183 0.00319235 0.00995501 0.0251457 0.0514523 0.0852912 0.114554 0.124684 0.110043 0.078909 0.0463276 0.0229983 0.0110061 0.00715394 0.00765232 0.0101542 0.0135703 0.0173543 0.0210704 0.0242744 0.0265524 0.0276044 0.027313 0.0257691 0.023242 0.0201075 0.0167585 0.0135275 0.0106401 0.00820693 0.00624293 0.00470232 0.00351256
 1.01252e-16 3.24016e-05 0.000190169 0.000903976 0.00348035 0.0108531 0.0274142 0.0560932 0.0929813 0.124873 0.135891 0.119876 0.0858334 0.0501381 0.0244174 0.0109002 0.00605895 0.00573512 0.00737428 0.00983906 0.0126365 0.0154392 0.0179329 0.0198237 0.0208912 0.0210358 0.0202977 0.0188382 0.0168925 0.0147119 0.0125127 0.010447 0.00859755 0.00699029 0.00561628 0.0044516
 1.01306e-16 3.14275e-05 0.000184448 0.000876771 0.0033756 0.0105265 0.0265891 0.0544052 0.0901842 0.12112 0.131814 0.116299 0.0833134 0.0487494 0.0238962 0.01093 0.00644282 0.00640972 0.00835118 0.011147 0.0142851 0.0173995 0.0201305 0.0221432 0.0231917 0.0231735 0.0221509 0.0203265 0.0179877 0.0154356 0.0129251 0.0106295 0.00863479 0.00695633 0.0055661 0.00441884
 1.01217e-16 3.29619e-05 0.00019346 0.000919619 0.00354058 0.011041 0.0278887 0.057064 0.0945902 0.127033 0.138239 0.121942 0.0873021 0.0509737 0.0247824 0.0109913 0.00600689 0.00559463 0.0071535 0.00952727 0.0122193 0.0149056 0.0172789 0.0190537 0.0200186 0.0200823 0.0192913 0.0178107 0.0158773 0.0137413 0.0116158 0.00964744 0.00791193 0.00642718 0.0051758 0.00412611
 1.01339e-16 3.11503e-05 0.00018282 0.00086903 0.00334579 0.0104335 0.0263543 0.0539248 0.0893881 0.120051 0.130653 0.115277 0.0825897 0.0483418 0.0237261 0.0109023 0.00649559 0.00651882 0.00851488 0.0113715 0.0145759 0.0177574 0.02055 0.0226119 0.023692 0.0236849 0.022653 0.0208018 0.0184229 0.0158227 0.0132608 0.0109143 0.00887153 0.00714936 0.00572044 0.00453974
 1.01628e-16 3.05281e-05 0.000179168 0.000851667 0.00327894 0.010225 0.0258277 0.0528474 0.0876022 0.117653 0.128044 0.112978 0.080948 0.0473923 0.0232819 0.0107361 0.0064508 0.00652244 0.00854666 0.0114364 0.0146906 0.0179454 0.0208389 0.0230306 0.0242661 0.024432 0.023578 0.0218938 0.0196548 0.0171529 0.0146379 0.0122828 0.0101789 0.00835134 0.00678503 0.005449
 1.01595e-16 3.17773e-05 0.000186504 0.000886547 0.00341324 0.0106439 0.0268856 0.0550117 0.0911889 0.122467 0.133275 0.117575 0.0841999 0.0492122 0.0240194 0.0108126 0.00613729 0.00591913 0.00765385 0.0102225 0.0131329 0.0160504 0.0186512 0.0206318 0.0217653 0.0219503 0.0212295 0.0197702 0.0178152 0.0156218 0.0134093 0.0113296 0.00946195 0.00782799 0.00641474 0.00519617
 1.0154e-16 3.12138e-05 0.000183194 0.00087081 0.00335264 0.0104549 0.0264083 0.0540352 0.0895709 0.120296 0.130917 0.115506 0.0827433 0.0484113 0.0237222 0.0108371 0.00637112 0.00632738 0.00824513 0.0110152 0.0141338 0.0172431 0.0199913 0.0220498 0.0231751 0.0232624 0.0223664 0.0206781 0.0184709 0.0160326 0.0136073 0.0113617 0.00938027 0.00768098 0.00624184 0.00502551
 1.03167e-16 1.87475e-05 0.000109986 0.000522729 0.00201237 0.00627526 0.0158512 0.0324362 0.0537764 0.0722501 0.0787012 0.0696072 0.0502355 0.0301424 0.016171 0.00975417 0.00899659 0.0115994 0.0161041 0.0217391 0.0279501 0.0341379 0.0396304 0.0437824 0.0461109 0.0464031 0.0447565 0.0415363 0.0372696 0.0325142 0.0277456 0.0232917 0.0193228 0.0158824 0.0129374 0.0104251
 1.04497e-16 2.62274e-05 0.000153922 0.000731651 0.00281686 0.00878407 0.0221879 0.0453999 0.075257 0.101073 0.110002 0.0970631 0.0695543 0.0407418 0.0200559 0.00932714 0.00573235 0.00594071 0.00791752 0.0107669 0.0141 0.0176427 0.0211095 0.0242095 0.0266928 0.0283932 0.0292491 0.0292951 0.0286323 0.0273899 0.0256947 0.0236548 0.0213613 0.0188967 0.0163459 0.0137996
 1.02954e-16 3.0966e-05 0.000181742 0.000863912 0.0033261 0.0103721 0.0261992 0.0536072 0.0888605 0.119339 0.12987 0.114567 0.082038 0.0479328 0.0233659 0.0104706 0.00587942 0.00562332 0.0072668 0.00972917 0.0125457 0.0154097 0.018026 0.0201172 0.0214732 0.0219952 0.0217122 0.0207614 0.0193442 0.0176711 0.0159161 0.0141933 0.0125564 0.0110154 0.00956006 0.00817933
pSPR Fmed_Fpbrs
0.513457   0.6 0.325
Fs Fmed_Fpbrs
0.64   0.443365 1.50435
SSBpbr Bo_Bmed_Bpbrs
1.03328e+06  478879  568302 284151
Ro
39340.1
SPR SPRFo_SPRFmed_SPRFpbrs
812540 417204 264075
log_Ro
10.4
likeval ReclasPelacesDesembMPH_pf_preclas_ppelaces_ptallas_desvR_qrecl_qpela
 63.9085 15.7001 0.0123465 20.455 330.388 211.141 55.1167 0 16.9832 8.1841e-06 4.62303e-05 9.55373e-12 0 0 0
q_reclas_q_pelaces
0.66672 2.63092
M
0.7
N
 39230.9 10703.8 3469.93 405.116 0.258359
 46857.5 17557.6 2714.81 671.124 76.8164
 25687.3 21289.6 4909.09 602.052 162.976
 36013.1 11046.3 4171.81 661.049 100.109
 60993.7 17368 4540.67 1588.95 288.233
 44179.3 30125.1 8328.37 2146.86 886.592
 81235.6 20784.5 10549.7 2533.24 912.773
 80076.1 38974.8 8262.14 3833.58 1243.65
 110475 37180.9 12538.4 2230.94 1352.71
 116892 50970.7 11479.7 3195.88 900.043
 64290.2 55063.8 17999.4 3532.94 1247.37
 43451.7 28881.5 14310.2 3602.34 937.781
 44658 19717.1 8009.08 3137.1 977.598
 25458 19106.2 3737.95 1029.57 513.47
 15984.2 9334.5 1336.52 118.586 46.0679
 13583.5 5733.71 566.712 34.7554 4.01247
 9655.56 5947.14 1261.79 89.8093 5.99252
 12437.5 4347.82 1569.19 257.963 19.2112
 14822.4 5756.64 1370.24 411.657 71.7099
 22353 6964.65 1999.85 412.122 143.795
 30255.7 10518.5 2442.53 609.532 167.628
 40727.9 14657 4450.86 968.922 306.775
 62349.1 19630.3 6002.13 1686.25 480.446
 86112.5 29911.7 7800.1 2179.8 781.496
 37288.2 41349.4 11955.2 2856.14 1077.08
 53036.7 18005.6 17135.8 4605.71 1506.82
 83192.4 25622.6 7485.22 6630.67 2352.3
pred_Ctot
 2802.96 3912.61 1606.33 190.171 0.121369
 2880.96 5700.97 1130.82 283.729 32.501
 2496.59 9766.02 2764.94 343.11 92.9382
 747.89 1383.19 709.818 114.637 17.3783
 236.772 430.028 156.809 56.0376 10.1765
 1676.94 6515.98 2386.71 625.901 258.715
 1981.55 3020.54 2071.95 506.885 182.821
 3756.36 10119.4 2806.6 1323.6 429.758
 5657.21 10392.6 4558.25 823.988 500.039
 4333.34 10798.6 3226.39 913.857 257.602
 4434.11 19583.2 8132.59 1619.03 572.058
 2708.31 9481.14 6019.72 1537.9 400.668
 4484.89 9252.89 4597.93 1821.85 568.081
 4874.29 13093.3 2885.14 799.627 398.923
 3251.77 6577.11 1052.08 93.8853 36.4831
 1164.44 2404.09 295.686 18.3656 2.12171
 651.012 2077.84 561.184 40.5181 2.70562
 610.233 1172.49 552.002 92.2131 6.87322
 575.229 1269.52 399.879 122.205 21.3073
 845.032 1501.09 571.2 119.753 41.8215
 533.041 1129.08 357.967 91.0802 25.0739
 862.515 1869.04 770.735 171.002 54.1963
 1523.66 2857.64 1180.73 337.955 96.3853
 2049.94 4250.55 1499.27 426.892 153.201
 741.47 4972.2 1956.01 476.329 179.812
 1036.57 2130.48 2760.15 756.231 247.664
 2318.17 4205.36 1651.73 1490.12 529.149
F
 0.103977 0.671876 0.942936 0.963392 0.964493
 0.0888915 0.5744 0.806134 0.823622 0.824564
 0.143903 0.92987 1.30501 1.33333 1.33485
 0.0292517 0.189019 0.265276 0.271031 0.271341
 0.00541074 0.0349631 0.0490685 0.050133 0.0501903
 0.0540504 0.349263 0.490168 0.500802 0.501375
 0.0344367 0.222524 0.312298 0.319073 0.319437
 0.0671827 0.434121 0.609262 0.622479 0.623191
 0.073542 0.475214 0.666933 0.681401 0.68218
 0.0527584 0.340914 0.478452 0.488831 0.48939
 0.100207 0.647519 0.908752 0.928467 0.929528
 0.0901641 0.582623 0.817675 0.835413 0.836368
 0.149021 0.962947 1.35144 1.38075 1.38233
 0.303312 1.95994 2.75065 2.81032 2.81354
 0.325237 2.10162 2.94949 3.01348 3.01692
 0.125945 0.813833 1.14216 1.16694 1.16828
 0.0978602 0.632353 0.887468 0.906721 0.907757
 0.0703651 0.454686 0.638123 0.651966 0.652711
 0.0552915 0.357283 0.501424 0.512301 0.512887
 0.0538262 0.347814 0.488136 0.498725 0.499295
 0.0247668 0.160038 0.224604 0.229476 0.229739
 0.0298373 0.192803 0.270587 0.276457 0.276773
 0.0345011 0.222939 0.312881 0.319669 0.320034
 0.0335954 0.217087 0.304667 0.311277 0.311633
 0.0279934 0.180888 0.253865 0.259372 0.259669
 0.0275083 0.177753 0.249465 0.254877 0.255168
 0.0394255 0.25476 0.35754 0.365296 0.365714
Np
 28806.1 13637.1 14481.9 3174.94 1093.35
YTP_r0W_actual
 22959.3 107646 60944.3 70171.2 27651.3
YTP_p0W_proyectada
 7949.85 166852 80298.1 27512 36114.7
 7949.85 57292.4 117911 33599.8 12852.4
CTP_r0_actual
 2799.91 4983.62 1940.9 1749.9 621.379
CTP_p0_proyectada
 969.494 7724.61 2557.26 686.085 811.566
 969.494 2652.43 3755.12 837.9 288.817
Wmedp
 8.2 21.6 31.4 40.1 44.5
nmprior
 10.8 10.6 4.6 0
nm_flota  nm_reclas  nm_pelaces    nm_pelaL
inf 18.8022 17.727 55.9873
cv_recla  cv_pelaces  cv_mph
0.692325 0.434052 0.604375
 ------------------------------------------------
Talla a la edad & desviaci?n 
 7.2 14.2025 17.0495 18.207 18.6776
 1.08 2.13037 2.55742 2.73105 2.80164
