years
 1997 1998 1999 2000 2001 2002 2003 2004 2005 2006 2007 2008 2009 2010 2011 2012 2013 2014 2015 2016 2017 2018 2019 2020 2021 2022 2023
reclasobs
 0 0 0 370054 412103 1.49427e+06 250295 1.28982e+06 931140 785840 897777 1.04006e+06 184774 17550 25797 100020 73551 82996 120727 218422 84188 347160 605670 569463 516374 1.08416e+06 1.01767e+06
reclaspred
 1.12271e+06 220406 449479 178498 283480 353881 725694 606352 703053 911711 914963 660611 374812 146956 86987.6 84587.9 84076.8 104824 126267 146889 224584 239583 403919 525086 761508 651719 339433
pelacesobs
 0 0 0 0 0 0 0 0 0 2.06254e+06 1.5e+06 0 1.87456e+06 323000 250000 174000 83755 137374 0 501740 490994 745055 786931 1.00524e+06 1.33801e+06 1.41789e+06 0
pelacespred
 2.80983e+06 769333 554357 481432 795382 597904 2.04923e+06 1.65743e+06 1.8905e+06 2.50523e+06 1.98113e+06 1.4859e+06 888453 284367 174885 170970 171863 232844 265963 299216 582847 559665 733760 1.14769e+06 1.52888e+06 1.36968e+06 564429
mphobs
 0 0 0 0 0 0 112323 0 153150 637223 0 255016 313432 73983 77613 109348 50772 17779 17303 59886 28197 0 207744 136588 643089 65757 70829
mphpred
 336762 149324 143567 76756.5 72644.7 151001 187102 297968 279612 341025 412230 285318 172124 129774 58547.6 44611.1 37403.7 44704.9 35978.7 35512.6 52826.7 73159.2 87096.2 131075 186255 154062 112308
desembarqueobs
 350755 77701 442110 56441 14545 235359 269955 359681 431902 328805 639364 411747 362871 311530 167758 66681 60226 58785 57116 73181 50977 67692 138656 160484 209506 203330 245020
desembarquepred
 350733 77669.4 441674 56429.7 14544.5 235314 269960 359254 431549 328619 638531 411263 362400 311045 167320 66637.8 60217.1 58722.4 57045.7 73124 50967.5 67640.7 138596 160427 209403 203183 244824
Reclutas
 23580.7 43007.8 7756 11934.5 37564.9 18484.3 62545.1 58498.6 81160.7 113211 65158.5 48943.7 51683.9 28855.5 13520 9997.56 6918.93 9102.39 9157.21 10940.4 17705.7 21740.2 33800.2 52728.7 17122.3 27633.3 9374.51
log_desv_Rt
 -0.0318164 0.569137 -1.14378 -0.71281 0.433826 -0.275321 0.943644 0.876758 1.20419 1.53701 0.984578 0.698426 0.752902 0.170057 -0.588075 -0.889904 -1.25798 -0.983708 -0.977703 -0.799783 -0.318361 -0.11308 0.328221 0.772915 -0.351862 0.126778 -0.954251
SSB
 514010 227917 219130 117156 110880 230477 273895 446817 411461 506337 629198 435488 275660 151263 72737.7 55502.9 50108.2 55579.2 72328.3 77687.9 105028 140614 174301 245442 393507 343043 233318
BT
 1.26951e+06 357363 409812 206709 299468 355625 1.08309e+06 996291 1.16025e+06 1.25264e+06 1.24153e+06 880453 695818 399010 209071 116408 111923 136048 134223 161799 252176 228182 331062 522812 585879 564670 359857
Ftot
 0.821501 1.05128 2.18664 0.843426 0.180351 1.61528 1.29148 1.81128 1.96515 1.18433 1.82866 1.62627 2.65867 4.95303 4.95303 2.20374 2.02562 1.69994 1.26039 1.40114 0.701574 0.782208 0.938869 0.919472 0.699298 0.79307 1.65469
BD_Bspro_t
 0.919392 0.617414 0.502932 0.217316 0.310031 0.531624 0.430359 0.507767 0.443897 0.450032 0.466596 0.315113 0.227126 0.153694 0.0902842 0.0849543 0.106054 0.159581 0.242752 0.305037 0.402772 0.539517 0.550112 0.560211 0.603233 0.496995 0.395992
BD_Bspro
 1.02232 0.453308 0.435831 0.233013 0.22053 0.4584 0.544754 0.888682 0.818362 1.00706 1.25142 0.86615 0.548265 0.300849 0.144669 0.110391 0.0996611 0.110542 0.143855 0.154515 0.208892 0.27967 0.346669 0.488163 0.782652 0.682285 0.46405
BD_Bo
 1.0318 0.457509 0.439869 0.235172 0.222574 0.462648 0.549802 0.896917 0.825945 1.01639 1.26302 0.874176 0.553345 0.303637 0.14601 0.111414 0.100585 0.111567 0.145188 0.155947 0.210827 0.282261 0.349882 0.492687 0.789905 0.688607 0.46835
BD_Brms
 1.87599 0.831835 0.799762 0.427586 0.40468 0.841178 0.99964 1.63076 1.50172 1.84799 2.2964 1.58941 1.00608 0.552066 0.265473 0.20257 0.182881 0.202849 0.263978 0.283539 0.383322 0.513203 0.636149 0.895794 1.43619 1.25201 0.851546
S_f
 0.0766045 0.611836 0.967688 0.998246 0.999908
 0.0766045 0.611836 0.967688 0.998246 0.999908
 0.0766045 0.611836 0.967688 0.998246 0.999908
 0.0766045 0.611836 0.967688 0.998246 0.999908
 0.0766045 0.611836 0.967688 0.998246 0.999908
 0.0766045 0.611836 0.967688 0.998246 0.999908
 0.0766045 0.611836 0.967688 0.998246 0.999908
 0.0766045 0.611836 0.967688 0.998246 0.999908
 0.0766045 0.611836 0.967688 0.998246 0.999908
 0.0766045 0.611836 0.967688 0.998246 0.999908
 0.0766045 0.611836 0.967688 0.998246 0.999908
 0.0766045 0.611836 0.967688 0.998246 0.999908
 0.0766045 0.611836 0.967688 0.998246 0.999908
 0.0766045 0.611836 0.967688 0.998246 0.999908
 0.0766045 0.611836 0.967688 0.998246 0.999908
 0.0766045 0.611836 0.967688 0.998246 0.999908
 0.0766045 0.611836 0.967688 0.998246 0.999908
 0.0766045 0.611836 0.967688 0.998246 0.999908
 0.0766045 0.611836 0.967688 0.998246 0.999908
 0.0766045 0.611836 0.967688 0.998246 0.999908
 0.0766045 0.611836 0.967688 0.998246 0.999908
 0.0766045 0.611836 0.967688 0.998246 0.999908
 0.0766045 0.611836 0.967688 0.998246 0.999908
 0.0766045 0.611836 0.967688 0.998246 0.999908
 0.0766045 0.611836 0.967688 0.998246 0.999908
 0.0766045 0.611836 0.967688 0.998246 0.999908
 0.0766045 0.611836 0.967688 0.998246 0.999908
Scru_reclas
 0.230392 0.60105 0.883478 0.974462 0.99482
 0.230392 0.60105 0.883478 0.974462 0.99482
 0.230392 0.60105 0.883478 0.974462 0.99482
 0.230392 0.60105 0.883478 0.974462 0.99482
 0.230392 0.60105 0.883478 0.974462 0.99482
 0.230392 0.60105 0.883478 0.974462 0.99482
 0.230392 0.60105 0.883478 0.974462 0.99482
 0.230392 0.60105 0.883478 0.974462 0.99482
 0.230392 0.60105 0.883478 0.974462 0.99482
 0.230392 0.60105 0.883478 0.974462 0.99482
 0.230392 0.60105 0.883478 0.974462 0.99482
 0.230392 0.60105 0.883478 0.974462 0.99482
 0.230392 0.60105 0.883478 0.974462 0.99482
 0.230392 0.60105 0.883478 0.974462 0.99482
 0.230392 0.60105 0.883478 0.974462 0.99482
 0.230392 0.60105 0.883478 0.974462 0.99482
 0.230392 0.60105 0.883478 0.974462 0.99482
 0.230392 0.60105 0.883478 0.974462 0.99482
 0.230392 0.60105 0.883478 0.974462 0.99482
 0.230392 0.60105 0.883478 0.974462 0.99482
 0.230392 0.60105 0.883478 0.974462 0.99482
 0.230392 0.60105 0.883478 0.974462 0.99482
 0.230392 0.60105 0.883478 0.974462 0.99482
 0.230392 0.60105 0.883478 0.974462 0.99482
 0.230392 0.60105 0.883478 0.974462 0.99482
 0.230392 0.60105 0.883478 0.974462 0.99482
 0.230392 0.60105 0.883478 0.974462 0.99482
Scru_pelaces
 0.397098 0.768235 0.943445 0.988229 0.997639
 0.397098 0.768235 0.943445 0.988229 0.997639
 0.397098 0.768235 0.943445 0.988229 0.997639
 0.397098 0.768235 0.943445 0.988229 0.997639
 0.397098 0.768235 0.943445 0.988229 0.997639
 0.397098 0.768235 0.943445 0.988229 0.997639
 0.397098 0.768235 0.943445 0.988229 0.997639
 0.397098 0.768235 0.943445 0.988229 0.997639
 0.397098 0.768235 0.943445 0.988229 0.997639
 0.397098 0.768235 0.943445 0.988229 0.997639
 0.397098 0.768235 0.943445 0.988229 0.997639
 0.397098 0.768235 0.943445 0.988229 0.997639
 0.397098 0.768235 0.943445 0.988229 0.997639
 0.397098 0.768235 0.943445 0.988229 0.997639
 0.397098 0.768235 0.943445 0.988229 0.997639
 0.397098 0.768235 0.943445 0.988229 0.997639
 0.397098 0.768235 0.943445 0.988229 0.997639
 0.397098 0.768235 0.943445 0.988229 0.997639
 0.397098 0.768235 0.943445 0.988229 0.997639
 0.397098 0.768235 0.943445 0.988229 0.997639
 0.397098 0.768235 0.943445 0.988229 0.997639
 0.397098 0.768235 0.943445 0.988229 0.997639
 0.397098 0.768235 0.943445 0.988229 0.997639
 0.397098 0.768235 0.943445 0.988229 0.997639
 0.397098 0.768235 0.943445 0.988229 0.997639
 0.397098 0.768235 0.943445 0.988229 0.997639
 0.397098 0.768235 0.943445 0.988229 0.997639
pf_obs 
 0.256992 0.487395 0.22802 0.0275931 0
 0.321318 0.546541 0.124235 0.00734118 0.000564706
 0.182869 0.594174 0.210203 0.0122559 0.00049798
 0.330522 0.361315 0.267642 0.0388342 0.00168674
 0.649043 0.306663 0.0425973 0.00169635 0
 0.582887 0.30429 0.105238 0.00758474 0
 0.465427 0.430635 0.0974691 0.00646863 0
 0.296916 0.608066 0.0921331 0.00288517 0
 0.311714 0.524322 0.152257 0.0117073 0
 0.15457 0.633149 0.183074 0.0267441 0.00246327
 0.131901 0.49318 0.331252 0.0422183 0.00144891
 0.196976 0.569456 0.194076 0.0375587 0.00193317
 0.518974 0.381816 0.0799577 0.0180837 0.00116848
 0.0928022 0.601141 0.25162 0.0475244 0.00691264
 0.122501 0.610282 0.24278 0.0234846 0.000952079
 0.383417 0.481906 0.127806 0.00687128 0
 0.0376549 0.599619 0.316969 0.0457579 0
 0.0361596 0.667082 0.258105 0.0386534 0
 0.158088 0.579412 0.248529 0.0139706 0
 0.0477256 0.309471 0.559284 0.082774 0.000745712
 0.0406174 0.521527 0.379366 0.0568643 0.0016247
 0.151134 0.462217 0.34131 0.0453401 0
 0.294876 0.26143 0.354403 0.0886775 0.000613685
 0.281977 0.475581 0.204845 0.0348837 0.00271318
 0.0841818 0.532909 0.334909 0.0458182 0.00218182
 0.115287 0.27431 0.454777 0.147771 0.00785563
 0 0 0 0 0
pf_pred 
 0.14054 0.578119 0.249444 0.0318874 9.13639e-06
 0.267602 0.433073 0.237327 0.0552483 0.00674938
 0.0584951 0.75764 0.136536 0.0379188 0.0094107
 0.200548 0.361878 0.401355 0.027427 0.00879168
 0.379819 0.43012 0.115004 0.0691024 0.00595422
 0.126904 0.714976 0.124514 0.0206029 0.0130021
 0.44192 0.345513 0.193884 0.0149116 0.00377168
 0.256107 0.671955 0.0556395 0.0149384 0.00136001
 0.328035 0.542054 0.124438 0.00429838 0.00117539
 0.313364 0.591186 0.087082 0.00803943 0.000328792
 0.160228 0.686584 0.141975 0.0102773 0.000935783
 0.178367 0.579 0.222114 0.0191102 0.0014085
 0.27626 0.53968 0.155702 0.026097 0.00226035
 0.264517 0.65571 0.0719024 0.00674867 0.00112215
 0.276288 0.684567 0.0384207 0.000662641 6.2009e-05
 0.286968 0.670254 0.042395 0.000376929 6.0827e-06
 0.210275 0.668601 0.118301 0.00279913 2.33814e-05
 0.302192 0.544062 0.143519 0.0100048 0.000221731
 0.241308 0.634389 0.110833 0.0126276 0.000842644
 0.253919 0.565353 0.16517 0.013954 0.00160432
 0.291605 0.547695 0.13982 0.0191768 0.00170366
 0.228951 0.587711 0.157741 0.0223953 0.00320295
 0.266771 0.519984 0.182418 0.0266864 0.00413977
 0.284013 0.547354 0.138909 0.0256023 0.00412197
 0.0732854 0.712137 0.184723 0.024797 0.00505802
 0.163826 0.319267 0.443069 0.0639428 0.0098955
 0.081261 0.628878 0.15503 0.116313 0.018519
pobs_RECLAS
 0 0 0 0 0
 0 0 0 0 0
 0 0 0 0 0
 0 0 0 0 0
 0.835266 0.146461 0.0176864 0.000547809 3.91292e-05
 0.385257 0.428462 0.181853 0.0044286 0
 0.867414 0.0963971 0.0333333 0.00285562 0
 0.441836 0.489002 0.0689373 0.000224442 0
 0.779404 0.147425 0.0564933 0.0165055 0.000172143
 0.814271 0.122319 0.05973 0.00367925 0
 0.40263 0.566651 0.0304383 0.000280538 0
 0.475488 0.404961 0.113038 0.00651328 0
 0.955842 0.0263864 0.0167828 0.000988607 0
 0.975058 0.0227948 0.00214734 0 0
 0.738997 0.206755 0.0527124 0.00153531 0
 0.850938 0.134255 0.0134407 0.00136685 0
 0.542534 0.407297 0.0501686 0 0
 0.764087 0.199537 0.0359546 0.000420521 0
 0.470689 0.182191 0.310203 0.0369168 0
 0.84361 0.089868 0.0606195 0.00523954 0.000663233
 0.607945 0.314616 0.071237 0.00620181 0
 0.523733 0.453247 0.0230204 0 0
 0.530135 0.295979 0.169645 0.0042399 0
 0.562478 0.366248 0.0663022 0.0049721 0
 0.250443 0.683176 0.0655157 0.000865301 0
 0.195077 0.31981 0.436473 0.0351445 0.0134964
 0.565238 0.351407 0.0832357 0.000118908 0
ppred_RECLAS
 0.348522 0.451991 0.175557 0.0239228 6.98477e-06
 0.550496 0.277132 0.134807 0.0334066 0.00415843
 0.184372 0.680653 0.0987527 0.0289146 0.00730812
 0.456722 0.259507 0.258767 0.0188474 0.00615641
 0.656967 0.241536 0.0597528 0.0383735 0.00336985
 0.33258 0.560503 0.0830006 0.0145575 0.00935887
 0.73058 0.174935 0.085678 0.00700279 0.00180466
 0.54267 0.419316 0.0290086 0.0082412 0.000764256
 0.634757 0.304921 0.0576324 0.00210347 0.00058585
 0.600586 0.349498 0.0452846 0.00444635 0.00018528
 0.400691 0.504927 0.0870935 0.00667 0.000618627
 0.431523 0.418666 0.136435 0.0124415 0.000934141
 0.598326 0.318135 0.0701235 0.0123282 0.00108714
 0.650651 0.327189 0.0199334 0.00190463 0.000321909
 0.6585 0.330981 0.0103205 0.000181205 1.7236e-05
 0.588656 0.391266 0.0198889 0.000186397 3.06332e-06
 0.48638 0.447225 0.0647629 0.00161815 1.37666e-05
 0.601282 0.321689 0.0716215 0.00528839 0.000119391
 0.513847 0.414592 0.0633655 0.00767402 0.000521752
 0.53621 0.362848 0.0917477 0.0082304 0.000964061
 0.569549 0.339419 0.0785069 0.0114852 0.00103979
 0.489845 0.397276 0.0961955 0.0145616 0.00212222
 0.544532 0.332402 0.104251 0.0162463 0.00256807
 0.564058 0.340827 0.0774189 0.0152018 0.00249399
 0.202687 0.625003 0.146903 0.0210348 0.00437239
 0.396437 0.243951 0.305241 0.0469654 0.00740649
 0.236099 0.544902 0.113829 0.090493 0.0146773
pobs_PELACES
 0 0 0 0 0
 0 0 0 0 0
 0 0 0 0 0
 0 0 0 0 0
 0 0 0 0 0
 0 0 0 0 0
 0 0 0 0 0
 0 0 0 0 0
 0 0 0 0 0
 0 0 0 0 0
 0.450072 0.473896 0.0757376 0.000293798 0
 0 0 0 0 0
 0.463077 0.371075 0.160297 0.00555027 0
 0.529543 0.364841 0.0842815 0.0213345 0
 0.631943 0.363953 0.00410389 0 0
 0.735681 0.248677 0.0153453 0.000297389 0
 0.695825 0.281241 0.0229344 0 0
 0.275771 0.60734 0.115278 0.00161068 0
 0 0 0 0 0
 0.896147 0.0623911 0.0374545 0.00400742 0
 0.803859 0.145111 0.0509908 3.86294e-05 0
 0.739449 0.233085 0.0266225 0.000797448 4.60066e-05
 0.878498 0.100942 0.0204185 0.000141795 0
 0.694673 0.275183 0.0284847 0.00165964 0
 0.469039 0.446079 0.0841089 0.000773354 0
 0.822795 0.102175 0.0682046 0.00682512 0
 0 0 0 0 0
ppred_PELACES
 0.47429 0.39453 0.116255 0.0149203 4.30585e-06
 0.689389 0.213751 0.0767818 0.0178791 0.00219951
 0.323169 0.601288 0.0563799 0.0153351 0.00382818
 0.601751 0.218459 0.164836 0.0113051 0.00364992
 0.739157 0.195206 0.0395011 0.0240472 0.00208803
 0.485084 0.455772 0.0466454 0.00764386 0.00485513
 0.836241 0.118202 0.0415615 0.00318426 0.000810887
 0.693873 0.288734 0.0134911 0.00357396 0.000327418
 0.778396 0.19597 0.0245689 0.00083487 0.000229688
 0.721383 0.252546 0.0237894 0.0021919 9.02612e-05
 0.567751 0.384111 0.044657 0.00318855 0.000292144
 0.597948 0.322799 0.0726089 0.00618565 0.000458853
 0.777825 0.191764 0.0258443 0.00420079 0.00036578
 0.861811 0.133992 0.00381237 0.000329083 5.48511e-05
 0.863777 0.134235 0.00195478 3.1006e-05 2.90849e-06
 0.74348 0.248307 0.00814093 7.08636e-05 1.15024e-06
 0.656459 0.31299 0.0298511 0.000693993 5.83199e-06
 0.745288 0.218996 0.0333645 0.00229981 5.12945e-05
 0.650175 0.311378 0.0342908 0.00389404 0.000261624
 0.680924 0.266786 0.0478093 0.00401582 0.000464794
 0.680109 0.265534 0.0472551 0.00651896 0.000583382
 0.611147 0.320133 0.0590797 0.00842633 0.00121387
 0.671698 0.257602 0.0604531 0.00886243 0.00138459
 0.685052 0.260949 0.0444542 0.0082131 0.00133175
 0.290183 0.586462 0.106087 0.0143245 0.00294327
 0.544128 0.215848 0.205579 0.0297998 0.0046451
 0.381742 0.487774 0.0700973 0.0520462 0.00833995
pobs_pel_tallas
 0 0 0 0 0 0 0 0 0 0 0 0 0 0 0 0 0 0 0 0 0 0 0 0 0 0 0 0 0 0 0 0 0 0 0 0
 0 0 0 0 0 0 0 0 0 0 0 0 0 0 0 0 0 0 0 0 0 0 0 0 0 0 0 0 0 0 0 0 0 0 0 0
 0 0 0 0 0 0 0 0 0 0 0 0 0 0 0 0 0 0 0 0 0 0 0 0 0 0 0 0 0 0 0 0 0 0 0 0
 0 0 0 0 0 0 0 0 0 0 0 0 0 0 0 0 0 0 0 0 0 0 0 0 0 0 0 0 0 0 0 0 0 0 0 0
 0 0 0 0 0 0 0 0 0 0 0 0 0 0 0 0 0 0 0 0 0 0 0 0 0 0 0 0 0 0 0 0 0 0 0 0
 0 0 0 0 0 0 0 0 0 0 0 0 0 0 0 0 0 0 0 0 0 0 0 0 0 0 0 0 0 0 0 0 0 0 0 0
 0 0 0 0 0 0 0 0 0 0 0 0 0 0 0 0 0 0 0 0 0 0 0 0 0 0 0 0 0 0 0 0 0 0 0 0
 0 0 0 0 0 0 0 0 0 0 0 0 0 0 0 0 0 0 0 0 0 0 0 0 0 0 0 0 0 0 0 0 0 0 0 0
 0 0 0 0 0 0 0 0 0 0 0 0 0 0 0 0 0 0 0 0 0 0 0 0 0 0 0 0 0 0 0 0 0 0 0 0
 0 0 0 0 0 0 0 0 0 0 0 0 0 0 0 0 0 0 0 0 0 0 0 0 0 0 0 0 0 0 0 0 0 0 0 0
 0 0 0 0 0 0 0 0 1.78061e-05 0.00172719 0.00360574 0.0105946 0.0120993 0.0124554 0.0147524 0.0171206 0.0266825 0.0428682 0.0675386 0.121331 0.153587 0.119568 0.100827 0.0573624 0.0630603 0.0341343 0.0324427 0.0444173 0.0211091 0.0280891 0.0125444 0.00206551 0 0 0 0
 0 0 0 0 0 0 0 0 0 0 0 0 0 0 0 0 0 0 0 0 0 0 0 0 0 0 0 0 0 0 0 0 0 0 0 0
 0 0 0 0 0 0 0.0133647 0.0140871 0.0187388 0.0205184 0.03894 0.0496705 0.03968 0.0493445 0.0407372 0.0367815 0.0215668 0.0243155 0.0234873 0.0199281 0.019796 0.0243948 0.0301388 0.0376714 0.0412746 0.0863199 0.0771752 0.113111 0.0741005 0.0525337 0.0229764 0.00759418 0.00175318 0 0 0
 0 0 0 0 0 0 0 0 0 0 0.00219441 0.00772107 0.0458388 0.0604681 0.0671733 0.0775358 0.0609151 0.0617685 0.073594 0.0568108 0.0755445 0.0548602 0.0670107 0.0636378 0.0643287 0.046367 0.0373049 0.0286899 0.0247887 0.0153202 0.00654259 0.00121912 0.000365735 0 0 0
 0 0 0 0 0 0 0 0 0 0 0 0 0.000112435 0.00938835 0.0111873 0.0202946 0.0414886 0.0713402 0.111592 0.104902 0.108894 0.110636 0.117776 0.105296 0.107544 0.0401394 0.0192827 0.0124803 0.00416011 0.0028671 0.000618394 0 0 0 0 0
 0 0 0 0 0 0 0 0 0 0 0.00291406 0.0102884 0.027416 0.0768956 0.0749926 0.110853 0.0956884 0.0897413 0.0766577 0.0534642 0.0500743 0.0551293 0.0594112 0.0620874 0.0668451 0.0424026 0.0208742 0.0120726 0.0048766 0.00582813 0.00118941 0.000297354 0 0 0 0
 0 0.00264628 0.0354308 0.0461629 0.0458689 0.0383711 0.0214643 0.0164657 0.0346957 0.0420465 0.0363128 0.0245516 0.0311673 0.0291091 0.0169068 0.0133784 0.00837989 0.0085269 0.0148486 0.0160247 0.0276389 0.0546898 0.0760071 0.122758 0.109233 0.0665981 0.0333725 0.0166128 0.00676272 0.00308733 0.000882094 0 0 0 0 0
 0 0 0 0 0 0 0 0.000805153 0.000690131 0.00759144 0.0133425 0.0154129 0.00931677 0.000345066 0.00356568 0.00563607 0.00851162 0.0253048 0.0502646 0.0516448 0.0657925 0.0565908 0.0611916 0.0827007 0.0866115 0.110766 0.145733 0.0935128 0.0569358 0.0249597 0.0138026 0.00621118 0.00161031 0.00115022 0 0
 0 0 0 0 0 0 0 0 0 0 0 0 0 0 0 0 0 0 0 0 0 0 0 0 0 0 0 0 0 0 0 0 0 0 0 0
 0.00147267 0.00158595 0.00478618 0.00569244 0.00954404 0.0108468 0.00647125 0.017049 0.0510054 0.094081 0.124002 0.0959785 0.0687766 0.0820023 0.061753 0.0591476 0.0492212 0.0479892 0.0443925 0.0268479 0.0217502 0.0140895 0.0121071 0.0120363 0.00920419 0.00665534 0.0049561 0.00860946 0.00930331 0.0156896 0.0114698 0.00855282 0.00243557 0.00046729 0 2.83206e-05
 0 0 0 0 0.000772559 0.00158375 0.000888443 0.00281984 0.00712685 0.0440552 0.0773331 0.111326 0.0921469 0.0852325 0.0710754 0.0886704 0.0786465 0.0553345 0.0373146 0.0185414 0.00753245 0.00457741 0.012979 0.0271748 0.0457355 0.0583668 0.034881 0.0177882 0.00938659 0.00492506 0.0015258 0.00185414 0.000309023 5.79419e-05 3.86279e-05 0
 0 0.00173294 0.00326652 0 0.00397197 0.00683976 0.00946217 0.0152591 0.00757587 0.0136028 0.0228656 0.0392903 0.0559909 0.0764795 0.0681675 0.0726916 0.0566044 0.0477403 0.0527397 0.0444891 0.0609904 0.0582453 0.0661739 0.0445044 0.0529084 0.0360697 0.0280645 0.0235558 0.0158879 0.00826598 0.00280645 0.00217768 0.000904811 0.00058276 9.20147e-05 0
 0 0 0 0 0 0 0 0 0 0 0 0 0 0 0 0 0 0 0 0 0 0 0 0 0 0 0 0 0 0 0 0 0 0 0 0
 0 0 0 0 0 0 0 0 0 0 0 0 0 0 0 0 0 0 0 0 0 0 0 0 0 0 0 0 0 0 0 0 0 0 0 0
 0 0 0 0 0 0 0 0 0 0 0 0 0 0 0 0 0 0 0 0 0 0 0 0 0 0 0 0 0 0 0 0 0 0 0 0
 0 0 0 0 0 0 0 0 0 0 0 0 0 0 0 0 0 0 0 0 0 0 0 0 0 0 0 0 0 0 0 0 0 0 0 0
 0 0 0 0 0 0 0 0 0 0 0 0 0 0 0 0 0 0 0 0 0 0 0 0 0 0 0 0 0 0 0 0 0 0 0 0
ppred_pel_tallas
 1.02292e-16 2.07102e-05 0.000121511 0.000577525 0.00222336 0.00693321 0.0175131 0.0358364 0.0594115 0.0798146 0.0869241 0.0768399 0.0553679 0.0330468 0.0174105 0.01001 0.00871888 0.0109732 0.0151562 0.0204394 0.0262675 0.0320664 0.0371986 0.0410527 0.0431702 0.0433479 0.0416769 0.0385027 0.0343273 0.029685 0.0250359 0.0207024 0.0168585 0.0135559 0.0107702 0.00844317
 1.01877e-16 3.0082e-05 0.000176549 0.000839219 0.00323101 0.0100756 0.0254502 0.0520749 0.0863217 0.115933 0.126172 0.111326 0.0797632 0.0466968 0.0229371 0.0105731 0.00635025 0.00642419 0.00842968 0.011301 0.0145513 0.017829 0.0207831 0.0230804 0.0244672 0.0248231 0.0241823 0.0227131 0.0206674 0.0183154 0.0158915 0.0135618 0.0114194 0.00949898 0.00780053 0.00630996
 1.01702e-16 1.41288e-05 8.28544e-05 0.000393704 0.00151553 0.00472583 0.0119377 0.0244302 0.0405116 0.0544537 0.0593822 0.0526786 0.0383616 0.0237044 0.0139628 0.0103356 0.0115103 0.0158292 0.0221815 0.0298494 0.0381361 0.0461884 0.0530384 0.0577736 0.059742 0.0587083 0.0549092 0.0489817 0.0417976 0.0342578 0.0271144 0.0208656 0.0157368 0.0117293 0.00870264 0.00645739
 1.02971e-16 2.6261e-05 0.000154116 0.000732565 0.00282036 0.00879498 0.0222155 0.0454566 0.0753522 0.101204 0.110153 0.0972166 0.0697082 0.0409201 0.0203071 0.00971639 0.00633418 0.00683186 0.00916595 0.0124151 0.0161457 0.0200215 0.0236874 0.0267892 0.029035 0.0302505 0.0304042 0.0295948 0.0280095 0.0258696 0.0233843 0.0207237 0.0180139 0.015346 0.0127908 0.0104081
 1.01549e-16 3.22513e-05 0.000189287 0.000899779 0.00346419 0.0108027 0.0272869 0.0558328 0.0925499 0.124294 0.135262 0.119325 0.0854463 0.0499269 0.024342 0.0109125 0.00612886 0.00585235 0.00753853 0.0100505 0.0128898 0.0157208 0.0182213 0.0200924 0.021114 0.0211931 0.0203824 0.0188586 0.0168722 0.014685 0.0125171 0.0105161 0.00875354 0.0072405 0.00595264 0.00485342
 1.01301e-16 2.11831e-05 0.000124283 0.000590689 0.00227403 0.0070912 0.0179122 0.0366534 0.0607674 0.08164 0.0889223 0.0786304 0.0567104 0.0339522 0.0180753 0.010681 0.00960553 0.0122272 0.0168749 0.0226594 0.0289463 0.0350642 0.0402744 0.0438838 0.0453971 0.0446339 0.0417717 0.0372912 0.0318517 0.026135 0.0207113 0.0159592 0.0120514 0.00899096 0.00667385 0.00495089
 1.00776e-16 3.64816e-05 0.000214129 0.0010179 0.003919 0.0122211 0.0308694 0.0631623 0.104696 0.140597 0.152979 0.134895 0.0964676 0.0561076 0.0268717 0.0112263 0.00515532 0.00394426 0.00471142 0.00621106 0.00797037 0.00974564 0.0113327 0.0125453 0.0132434 0.0133622 0.012924 0.0120266 0.0108152 0.00944558 0.00805324 0.00673482 0.00554465 0.00450246 0.00360619 0.00284401
 1.00424e-16 3.02805e-05 0.000177708 0.000844712 0.00325214 0.0101414 0.0256166 0.052416 0.0868891 0.116701 0.127023 0.112113 0.0804062 0.0472315 0.0234923 0.0113153 0.00744501 0.00801862 0.0106374 0.0141771 0.01806 0.0218167 0.0249706 0.0270835 0.0278472 0.0271579 0.0251416 0.0221192 0.0185246 0.014804 0.0113282 0.00834053 0.00594736 0.00414166 0.00284411 0.00194467
 1.00453e-16 3.39624e-05 0.000199332 0.000947535 0.00364806 0.0113761 0.0287353 0.0587963 0.0974617 0.13089 0.142437 0.125646 0.0899563 0.0525284 0.0255465 0.011342 0.00621026 0.00578389 0.00737557 0.00978318 0.0124813 0.0151214 0.0173742 0.0189389 0.0196003 0.0192788 0.0180485 0.0161142 0.0137583 0.0112744 0.00890911 0.00682816 0.0051095 0.00375846 0.00273379 0.00197386
 1.005e-16 3.14786e-05 0.000184745 0.000878175 0.00338099 0.0105433 0.0266316 0.0544924 0.0903297 0.121318 0.132037 0.116513 0.0835044 0.0489369 0.0241282 0.0112698 0.00695844 0.00716657 0.00940306 0.0125225 0.0159712 0.0193283 0.0221749 0.0241254 0.0249057 0.0244177 0.0227628 0.0202113 0.0171334 0.0139119 0.0108672 0.00821256 0.00604547 0.00436766 0.00311965 0.00221544
 1.00883e-16 2.47849e-05 0.000145435 0.000691264 0.00266129 0.00829888 0.0209626 0.0428943 0.0711096 0.0955209 0.104006 0.0918831 0.0660839 0.039194 0.0201922 0.0108862 0.00867876 0.0104568 0.0142629 0.0191189 0.0244194 0.0295812 0.0339776 0.0370221 0.0382949 0.0376416 0.0352097 0.031403 0.026777 0.0219082 0.0172806 0.0132181 0.00987185 0.00724979 0.0052685 0.00380477
 1.0137e-16 2.60992e-05 0.000153157 0.000727985 0.00280269 0.00873987 0.0220764 0.0451728 0.0748845 0.100585 0.109501 0.0966936 0.0694479 0.0409973 0.0207694 0.0106357 0.00783046 0.00905756 0.0122629 0.0164599 0.0210949 0.0256715 0.0296623 0.0325693 0.0340261 0.0338812 0.032229 0.0293757 0.0257554 0.0218253 0.0179751 0.0144732 0.0114568 0.0089543 0.00692576 0.00530069
 1.00591e-16 3.39373e-05 0.000199185 0.000946838 0.00364538 0.0113678 0.0287141 0.058753 0.0973899 0.130793 0.14233 0.12555 0.0898833 0.0524767 0.0255046 0.0112952 0.00614539 0.00569049 0.00724606 0.00961366 0.0122732 0.0148829 0.0171211 0.0186933 0.0193885 0.0191269 0.0179782 0.0161393 0.0138825 0.011491 0.00920256 0.00717698 0.00548959 0.00414625 0.00310872 0.00231996
 1.00112e-16 3.75971e-05 0.000220677 0.00104902 0.00403884 0.0125948 0.0318134 0.0650939 0.107898 0.144898 0.15766 0.139027 0.0994308 0.0578479 0.0277356 0.0116366 0.00541122 0.00419646 0.00501294 0.00656115 0.00833268 0.0100525 0.0114888 0.0124369 0.0127545 0.0123952 0.0114199 0.00998047 0.00828147 0.00653278 0.00490854 0.00352276 0.00242461 0.00160948 0.00103825 0.000657026
 1.00073e-16 3.76828e-05 0.00022118 0.00105142 0.00404805 0.0126235 0.0318859 0.0652423 0.108144 0.145228 0.15802 0.139344 0.099657 0.0579786 0.0277967 0.0116593 0.00541711 0.00419555 0.00500799 0.00655146 0.00831597 0.0100256 0.0114479 0.0123781 0.0126745 0.0122916 0.0112921 0.00983003 0.00811213 0.00635023 0.00471981 0.00333541 0.00224581 0.00144525 0.00089295 0.000533093
 1.002e-16 3.24419e-05 0.000190401 0.000905066 0.00348453 0.0108662 0.0274471 0.0561611 0.0930953 0.125031 0.136075 0.120068 0.086035 0.0503846 0.0247759 0.0114604 0.00692306 0.00700624 0.00913867 0.0121408 0.0154491 0.0186435 0.0213104 0.0230728 0.023667 0.0230063 0.021203 0.018538 0.0153898 0.0121471 0.00913272 0.00655835 0.00451572 0.00299708 0.0019308 0.00121766
 1.0055e-16 2.86501e-05 0.000168134 0.00079919 0.00307686 0.00959484 0.024236 0.0495913 0.0822078 0.110417 0.120193 0.106109 0.076151 0.0448353 0.0224924 0.0111534 0.00775715 0.00866307 0.0116046 0.0155036 0.0197791 0.0239339 0.027453 0.0298589 0.0308118 0.0301904 0.0281206 0.0249386 0.0211042 0.0170933 0.0133046 0.0100037 0.00731259 0.00523388 0.0036938 0.00258513
 1.00627e-16 3.25196e-05 0.00019086 0.000907253 0.00349296 0.0108925 0.0275135 0.0562967 0.0933193 0.125329 0.136394 0.120334 0.0861931 0.0504119 0.0246686 0.01121 0.00650378 0.00637898 0.00826453 0.010998 0.0140491 0.0170425 0.0196131 0.0214243 0.0222333 0.0219474 0.0206442 0.0185466 0.0159643 0.0132203 0.0105869 0.00824842 0.00629341 0.00473152 0.00352188 0.00260153
 1.00735e-16 2.8376e-05 0.000166525 0.000791542 0.00304741 0.009503 0.024004 0.0491167 0.0814211 0.109361 0.119044 0.105095 0.0754263 0.0444141 0.0222915 0.0110715 0.00772354 0.00864381 0.0115889 0.0154924 0.0197791 0.0239563 0.0275125 0.0299723 0.0309959 0.0304592 0.0284827 0.0253945 0.021646 0.0177045 0.0139621 0.0106806 0.00798122 0.00586912 0.00427527 0.0030987
 1.00926e-16 2.9715e-05 0.00017439 0.000828943 0.00319143 0.00995213 0.0251384 0.0514374 0.0852665 0.11452 0.124647 0.110009 0.0788822 0.0463068 0.0229786 0.0109812 0.00711785 0.00759991 0.0100816 0.0134755 0.0172383 0.020938 0.0241347 0.0264179 0.0274895 0.0272319 0.0257332 0.0232578 0.0201758 0.0168743 0.0136811 0.0108192 0.00839803 0.00643373 0.00488266 0.00367519
 1.01009e-16 2.96794e-05 0.000174181 0.00082795 0.0031876 0.00994021 0.0251083 0.0513758 0.0851643 0.114383 0.124497 0.109876 0.0787862 0.0462484 0.0229459 0.0109595 0.00709597 0.00757121 0.0100425 0.0134247 0.0171763 0.0208677 0.0240614 0.0263493 0.0274348 0.0272004 0.0257332 0.0232953 0.0202532 0.0169904 0.0138312 0.0109958 0.00859191 0.00663493 0.00508162 0.00386361
 1.0129e-16 2.66746e-05 0.000156535 0.000744047 0.00286454 0.00893273 0.0225636 0.0461695 0.0765364 0.102803 0.111913 0.0988168 0.0709588 0.0418607 0.0211538 0.0107451 0.00780201 0.00895023 0.0120876 0.0162068 0.0207487 0.0252176 0.0290903 0.0318752 0.0332139 0.0329636 0.0312272 0.0283181 0.0246759 0.0207605 0.0169611 0.0135425 0.0106347 0.00825731 0.00635995 0.00486247
 1.01312e-16 2.93124e-05 0.000172027 0.00081771 0.00314818 0.00981727 0.0247978 0.0507403 0.0841108 0.112968 0.122956 0.108515 0.0778067 0.045667 0.0226459 0.0107981 0.00697021 0.0074266 0.0098572 0.0131962 0.0169172 0.0206051 0.0238363 0.0262131 0.0274422 0.0274001 0.0261588 0.0239574 0.0211369 0.0180565 0.0150223 0.012245 0.00983245 0.00780824 0.00614305 0.004785
 1.01061e-16 2.98948e-05 0.000175446 0.000833963 0.00321076 0.0100124 0.0252907 0.0517489 0.0857827 0.115213 0.125399 0.110668 0.0793458 0.0465602 0.0230696 0.0109667 0.00703241 0.00745279 0.00986793 0.0131873 0.0168715 0.0204969 0.0236336 0.0258812 0.0269489 0.0267221 0.0252872 0.022902 0.0199268 0.0167379 0.0136525 0.0108854 0.00854065 0.00663146 0.00511396 0.00392019
 1.02327e-16 1.269e-05 7.44082e-05 0.000353552 0.00136094 0.00424375 0.01072 0.0219386 0.0363815 0.0489069 0.053346 0.0473537 0.0345491 0.0214782 0.0128817 0.00986191 0.0112677 0.015634 0.0219753 0.0296395 0.0379693 0.0461431 0.0532184 0.0582972 0.0607242 0.0602389 0.0570321 0.0516801 0.0449903 0.0378072 0.0308452 0.0245891 0.0192766 0.0149422 0.0114914 0.00877525
 1.0423e-16 2.37484e-05 0.000139364 0.000662435 0.00255035 0.00795295 0.0200886 0.0411048 0.0681392 0.0915191 0.0996176 0.0879334 0.0630848 0.0370991 0.0185373 0.00908474 0.00621469 0.00693548 0.009415 0.0128297 0.0167872 0.0209718 0.0250385 0.028633 0.0314506 0.0332896 0.0340776 0.0338632 0.0327804 0.0310026 0.0287041 0.026038 0.0231345 0.0201082 0.017068 0.0141204
 1.03332e-16 1.66782e-05 9.78323e-05 0.000464934 0.00178982 0.00558123 0.0140982 0.02885 0.0478342 0.0642766 0.0700424 0.0620123 0.044892 0.0272113 0.0150977 0.00987343 0.00989885 0.0131589 0.0183519 0.0247377 0.0317131 0.0385872 0.0445816 0.0489573 0.0511758 0.0510239 0.0486582 0.0445489 0.0393505 0.0337412 0.028286 0.0233579 0.0191277 0.0156044 0.0127015 0.0102989
pSPR Fmed_Fpbrs
0.538372   0.6 0.325
Fs Fmed_Fpbrs
0.64   0.488125 1.75717
SSBpbr Bo_Bmed_Bpbrs
498170  243292  273993 136997
Ro
24343
SPR SPRFo_SPRFmed_SPRFpbrs
502786 270686 163406
log_Ro
9.92
likeval ReclasPelacesDesembMPH_pf_preclas_ppelaces_ptallas_desvR_qrecl_qpela
 79.9818 11.2885 0.118365 15.9229 340.423 212.126 56.7736 0 23.7266 4.55336e-05 0.000244313 4.55525e-14 0 0 0
q_reclas_q_pelaces
2.60179 9.24194
M
0.7
N
 23580.7 14604.6 4466.57 558.789 0.159921
 43007.8 10995.6 4387.3 1001.66 122.241
 7756 19704.5 2869.93 787.733 195.379
 11934.5 3257.5 2567.63 171.753 54.9924
 37564.9 5555.7 965.53 563.724 48.4988
 18484.3 18398.2 2470.64 402.685 253.925
 62545.1 8110.72 3400.66 257.019 64.9494
 58498.6 28133.3 1827.61 483.946 44.027
 81160.7 25286 4612.39 157.277 42.978
 113211 34670.6 3773.1 342.012 13.9738
 65158.5 51342.9 8341.75 595.61 54.1933
 48943.7 28127.3 8328.51 705.886 51.9855
 51683.9 21457.9 5164.1 857.243 74.2113
 28855.5 20936.2 2094.72 195.728 32.5375
 13520 9804.85 502.096 8.62087 0.806538
 9997.56 4593.97 235.142 2.06639 0.0333258
 6918.93 4193.45 592.394 13.8413 0.115541
 9102.39 2942 603.008 41.4299 0.917477
 9157.21 3968.2 516.338 57.7961 3.85315
 10940.4 4128.81 911.339 75.724 8.69849
 17705.7 4879.92 869.985 116.635 10.3492
 21740.2 8332.31 1577.56 219.109 31.3001
 33800.2 10168 2563.97 367.492 56.9458
 52728.7 15619.9 2842.86 513.258 82.5442
 17122.3 24403.4 4419.29 579.87 118.136
 27633.3 8059.2 7900.04 1115.47 172.424
 9374.51 12913.5 2463.5 1821.07 289.718
pred_Ctot
 1038.08 4270.22 1842.49 235.533 0.067485
 2404.35 3891.07 2132.33 496.394 60.6417
 868.614 11250.5 2027.46 563.069 139.743
 539.015 972.621 1078.72 73.7158 23.6294
 370.965 420.094 112.324 67.4916 5.81543
 1558.27 8779.25 1528.92 252.985 159.654
 4261.28 3331.66 1869.56 143.787 36.369
 5494.26 14415.4 1193.63 320.472 29.1763
 8228.42 13596.9 3121.39 107.821 29.4835
 7098.53 13391.9 1972.64 182.114 7.448
 6174.95 26459.8 5471.48 396.069 36.0636
 4152.62 13479.9 5171.12 444.911 32.7918
 6929.84 13537.6 3905.7 654.628 56.6996
 6696.43 16599.8 1820.26 170.848 28.4081
 3137.55 7774 436.308 7.52502 0.704179
 1127.77 2634.07 166.611 1.48132 0.0239047
 721.618 2294.49 405.983 9.60597 0.0802396
 805.311 1449.87 382.463 26.6619 0.590888
 609.503 1602.36 279.946 31.8951 2.12838
 805.73 1793.97 524.116 44.2787 5.09081
 668.342 1255.29 320.459 43.9522 3.90469
 912.486 2342.33 628.678 89.2569 12.7654
 1693.9 3301.7 1158.28 169.448 26.2859
 2589.58 4990.69 1266.55 233.438 37.5835
 644.275 6260.62 1623.95 217.999 44.4666
 1175.51 2290.86 3179.18 458.814 71.0039
 808.518 6257.11 1542.49 1157.27 184.257
F
 0.0629307 0.502624 0.794957 0.82006 0.821426
 0.0805326 0.64321 1.01731 1.04943 1.05118
 0.167507 1.33787 2.11599 2.18281 2.18644
 0.0646102 0.516038 0.816173 0.841946 0.843348
 0.0138157 0.110345 0.174523 0.180034 0.180334
 0.123737 0.988285 1.56308 1.61244 1.61513
 0.0989334 0.790176 1.24975 1.28922 1.29136
 0.138752 1.10821 1.75276 1.80811 1.81112
 0.15054 1.20235 1.90166 1.96171 1.96497
 0.0907253 0.724619 1.14607 1.18226 1.18423
 0.140084 1.11884 1.76957 1.82545 1.82849
 0.124579 0.995008 1.57372 1.62341 1.62612
 0.203666 1.62667 2.57276 2.654 2.65842
 0.379424 3.03044 4.79299 4.94434 4.95257
 0.379424 3.03044 4.79299 4.94434 4.95257
 0.168816 1.34833 2.13253 2.19987 2.20354
 0.155172 1.23935 1.96017 2.02207 2.02543
 0.130223 1.04008 1.64501 1.69696 1.69978
 0.0965517 0.771154 1.21967 1.25818 1.26028
 0.107334 0.857269 1.35587 1.39868 1.40101
 0.0537437 0.429249 0.678905 0.700344 0.701509
 0.0599206 0.478583 0.756934 0.780836 0.782136
 0.0719216 0.574434 0.908533 0.937222 0.938782
 0.0704356 0.562566 0.889762 0.917859 0.919387
 0.0535694 0.427856 0.676703 0.698072 0.699234
 0.0607527 0.485229 0.767445 0.791679 0.792997
 0.126756 1.0124 1.60122 1.65179 1.65454
Np
 15335.7 7335.98 1510.72 721.459 98.1899
YTP_r0W_actual
 2033.39 52687.4 21516.3 20827.7 3682.02
YTP_p0W_proyectada
 3326.4 16732.4 20350.4 2821.37 2412.45
 3326.4 29931.1 13194.7 8251.38 1247.9
CTP_r0_actual
 247.974 2439.23 685.233 519.394 82.7421
CTP_p0_proyectada
 405.659 774.646 648.101 70.3584 54.2125
 405.659 1385.7 420.212 205.77 28.0426
Wmedp
 8.2 21.6 31.4 40.1 44.5
nmprior
 10.8 10.6 4.6 0
nm_flota  nm_reclas  nm_pelaces    nm_pelaL
inf 20.727 15.7916 47.6207
cv_recla  cv_pelaces  cv_mph
0.774509 0.368051 0.533233
 ------------------------------------------------
Talla a la edad & desviaci?n 
 7.2 14.2025 17.0495 18.207 18.6776
 1.08 2.13037 2.55742 2.73105 2.80164
