years
 1997 1998 1999 2000 2001 2002 2003 2004 2005 2006 2007 2008 2009 2010 2011 2012 2013 2014 2015 2016 2017 2018 2019 2020 2021 2022 2023
reclasobs
 0 0 0 370054 412103 1.49427e+06 250295 1.28982e+06 931140 785840 897777 1.04006e+06 184774 17550 25797 100020 73551 82996 120727 218422 84188 347160 605670 569463 516374 1.08416e+06 1.01767e+06
reclaspred
 437770 128883 437401 309689 400005 465585 1.00129e+06 654079 713416 605295 468901 315708 193709 95161.3 71151 71211.1 84160 118486 130590 188084 270320 252885 446290 600448 728548 715775 736838
pelacesobs
 0 0 0 0 0 0 0 0 0 2.06254e+06 1.5e+06 0 1.87456e+06 323000 250000 174000 83755 137374 0 501740 490994 745055 786931 1.00524e+06 1.33801e+06 1.41789e+06 0
pelacespred
 1.66017e+06 436758 881555 961147 1.05274e+06 1.03464e+06 2.44504e+06 2.04629e+06 1.94963e+06 1.68429e+06 1.18119e+06 818271 501620 211942 154827 163172 199907 280387 317313 444773 709514 646007 934191 1.41995e+06 1.71766e+06 1.85635e+06 1.81535e+06
mphobs
 0 0 0 0 0 0 112323 0 153150 637223 0 255016 313432 73983 77613 109348 50772 17779 17303 59886 28197 0 207744 136588 643089 65757 70829
mphpred
 138537 95508.3 125911 170839 161441 224793 342798 389464 332339 325720 280367 197082 119806 93638.3 48083.6 42246.4 46631.2 63898.6 29787.5 34231.4 52981.5 63984.5 81238.9 121871 165035 172671 162919
desembarqueobs
 350755 77701 442110 56441 14545 235359 269955 359681 431902 328805 639364 411747 362871 311530 167758 66681 60226 58785 57116 73181 50977 67692 138656 160484 209506 203330 245020
desembarquepred
 350766 77705 442158 56443 14545.1 235404 269983 359713 431960 328863 639739 412085 363381 312131 167862 66701.8 60250.7 58790.2 57114.2 73184 50978 67688.9 138660 160491 209511 203332 245017
Reclutas
 76757.1 95802 61065.4 85868.9 136381 103219 159726 145636 169349 144454 70599.1 41822.2 42645.9 25233.9 20482.3 24438.6 19977.1 25721.4 30862.2 50887.2 65755.9 89531.3 140853 193828 83230.4 120117 195873
log_desv_Rt
 0.0684005 0.290038 -0.160299 0.180576 0.643204 0.36461 0.801218 0.708867 0.859716 0.700714 -0.0152271 -0.538818 -0.519313 -1.04406 -1.25268 -1.07608 -1.27766 -1.02492 -0.842713 -0.342633 -0.0862957 0.222343 0.675469 0.994728 0.149368 0.516222 1.00522
SSB
 919034 633588 835275 1.13332e+06 1.07098e+06 1.49125e+06 2.22146e+06 2.56128e+06 2.16589e+06 2.12394e+06 1.85991e+06 1.30741e+06 814254 436723 230077 204638 233314 309247 398181 476832 706721 834264 1.0847e+06 1.56424e+06 2.28967e+06 2.4525e+06 2.19334e+06
BT
 3.16578e+06 884876 1.76381e+06 1.71974e+06 1.82908e+06 1.97447e+06 4.40674e+06 3.94463e+06 3.76353e+06 3.22892e+06 2.62653e+06 1.79703e+06 1.22586e+06 669532 412181 337607 395679 531426 597065 827588 1.26714e+06 1.17901e+06 1.70911e+06 2.58328e+06 3.12826e+06 3.38368e+06 3.34507e+06
Ftot
 0.320312 0.232418 0.31356 0.0580854 0.0129299 0.14012 0.0882227 0.176962 0.200007 0.166284 0.365866 0.339631 0.527001 0.897496 0.770893 0.30629 0.23862 0.166025 0.135485 0.134945 0.0639896 0.0836586 0.0962774 0.0909296 0.0781121 0.0800219 0.104753
BD_Bspro_t
 0.961667 0.820274 0.799536 0.714346 0.799177 0.879951 0.855669 0.859254 0.81587 0.781299 0.739034 0.597957 0.488815 0.37873 0.26572 0.287271 0.397733 0.55436 0.667338 0.748816 0.826806 0.87977 0.887355 0.891724 0.899524 0.878003 0.865055
BD_Bspro
 0.620741 0.427943 0.564167 0.765475 0.723367 1.00723 1.50043 1.72996 1.4629 1.43457 1.25624 0.883062 0.549969 0.294975 0.1554 0.138218 0.157587 0.208874 0.268942 0.322066 0.477339 0.563485 0.732634 1.05653 1.5465 1.65649 1.48144
BD_Bo
 0.298056 0.205482 0.270892 0.367552 0.347333 0.483633 0.720452 0.830659 0.702431 0.688826 0.603197 0.424013 0.264074 0.141636 0.0746174 0.066367 0.0756672 0.100293 0.129136 0.154644 0.2292 0.270564 0.351783 0.507306 0.742572 0.795383 0.711331
BD_Brms
 0.54192 0.373603 0.492531 0.668276 0.631515 0.879333 1.30991 1.51029 1.27715 1.25241 1.09672 0.770933 0.480135 0.257519 0.135668 0.120667 0.137577 0.182352 0.234793 0.28117 0.416727 0.491935 0.639606 0.922375 1.35013 1.44615 1.29333
S_f
 0.201962 1 1 1 1
 0.201962 1 1 1 1
 0.201962 1 1 1 1
 0.201962 1 1 1 1
 0.201962 1 1 1 1
 0.201962 1 1 1 1
 0.201962 1 1 1 1
 0.201962 1 1 1 1
 0.201962 1 1 1 1
 0.201962 1 1 1 1
 0.201962 1 1 1 1
 0.201962 1 1 1 1
 0.201962 1 1 1 1
 0.201962 1 1 1 1
 0.201962 1 1 1 1
 0.201962 1 1 1 1
 0.201962 1 1 1 1
 0.201962 1 1 1 1
 0.201962 1 1 1 1
 0.201962 1 1 1 1
 0.201962 1 1 1 1
 0.201962 1 1 1 1
 0.201962 1 1 1 1
 0.201962 1 1 1 1
 0.201962 1 1 1 1
 0.201962 1 1 1 1
 0.201962 1 1 1 1
Scru_reclas
 1 1 1 1 1
 1 1 1 1 1
 1 1 1 1 1
 1 1 1 1 1
 1 1 1 1 1
 1 1 1 1 1
 1 1 1 1 1
 1 1 1 1 1
 1 1 1 1 1
 1 1 1 1 1
 1 1 1 1 1
 1 1 1 1 1
 1 1 1 1 1
 1 1 1 1 1
 1 1 1 1 1
 1 1 1 1 1
 1 1 1 1 1
 1 1 1 1 1
 1 1 1 1 1
 1 1 1 1 1
 1 1 1 1 1
 1 1 1 1 1
 1 1 1 1 1
 1 1 1 1 1
 1 1 1 1 1
 1 1 1 1 1
 1 1 1 1 1
Scru_pelaces
 1 1 1 1 1
 1 1 1 1 1
 1 1 1 1 1
 1 1 1 1 1
 1 1 1 1 1
 1 1 1 1 1
 1 1 1 1 1
 1 1 1 1 1
 1 1 1 1 1
 1 1 1 1 1
 1 1 1 1 1
 1 1 1 1 1
 1 1 1 1 1
 1 1 1 1 1
 1 1 1 1 1
 1 1 1 1 1
 1 1 1 1 1
 1 1 1 1 1
 1 1 1 1 1
 1 1 1 1 1
 1 1 1 1 1
 1 1 1 1 1
 1 1 1 1 1
 1 1 1 1 1
 1 1 1 1 1
 1 1 1 1 1
 1 1 1 1 1
pf_obs 
 0.256992 0.487395 0.22802 0.0275931 0
 0.321318 0.546541 0.124235 0.00734118 0.000564706
 0.182869 0.594174 0.210203 0.0122559 0.00049798
 0.330522 0.361315 0.267642 0.0388342 0.00168674
 0.649043 0.306663 0.0425973 0.00169635 0
 0.582887 0.30429 0.105238 0.00758474 0
 0.465427 0.430635 0.0974691 0.00646863 0
 0.296916 0.608066 0.0921331 0.00288517 0
 0.311714 0.524322 0.152257 0.0117073 0
 0.15457 0.633149 0.183074 0.0267441 0.00246327
 0.131901 0.49318 0.331252 0.0422183 0.00144891
 0.196976 0.569456 0.194076 0.0375587 0.00193317
 0.518974 0.381816 0.0799577 0.0180837 0.00116848
 0.0928022 0.601141 0.25162 0.0475244 0.00691264
 0.122501 0.610282 0.24278 0.0234846 0.000952079
 0.383417 0.481906 0.127806 0.00687128 0
 0.0376549 0.599619 0.316969 0.0457579 0
 0.0361596 0.667082 0.258105 0.0386534 0
 0.158088 0.579412 0.248529 0.0139706 0
 0.0477256 0.309471 0.559284 0.082774 0.000745712
 0.0406174 0.521527 0.379366 0.0568643 0.0016247
 0.151134 0.462217 0.34131 0.0453401 0
 0.294876 0.26143 0.354403 0.0886775 0.000613685
 0.281977 0.475581 0.204845 0.0348837 0.00271318
 0.0841818 0.532909 0.334909 0.0458182 0.00218182
 0.115287 0.27431 0.454777 0.147771 0.00785563
 0 0 0 0 0
pf_pred 
 0.386889 0.433068 0.161051 0.0189819 1.05356e-05
 0.314861 0.536767 0.104802 0.0389742 0.00459617
 0.178074 0.589007 0.182478 0.0356284 0.0148121
 0.255948 0.411612 0.238233 0.073806 0.0204014
 0.294601 0.448713 0.142 0.0821865 0.0325001
 0.179526 0.554074 0.169461 0.0536276 0.0433125
 0.263467 0.394599 0.230911 0.0706229 0.0403999
 0.206442 0.514401 0.149559 0.0875187 0.0420793
 0.234254 0.446069 0.207221 0.0602482 0.0522072
 0.192699 0.503616 0.176905 0.082181 0.0445983
 0.115325 0.495647 0.242687 0.0852484 0.0610934
 0.111939 0.384504 0.282122 0.138137 0.0832976
 0.182465 0.344765 0.204696 0.150191 0.117883
 0.172612 0.484404 0.144641 0.085877 0.112467
 0.237567 0.467847 0.172469 0.0514985 0.0706189
 0.302757 0.481 0.132692 0.0489161 0.0346353
 0.214673 0.559208 0.15599 0.0430326 0.0270961
 0.259263 0.445449 0.210266 0.0586534 0.0263688
 0.256242 0.484426 0.155951 0.073614 0.0297662
 0.31766 0.439794 0.157976 0.0508573 0.0337133
 0.281709 0.510065 0.13421 0.0482088 0.025808
 0.277959 0.481228 0.171003 0.0449949 0.0248147
 0.308948 0.459076 0.154608 0.0549396 0.0224283
 0.291373 0.494631 0.142161 0.0478769 0.0239583
 0.110499 0.60447 0.198956 0.0571814 0.0288943
 0.192647 0.314166 0.33515 0.110312 0.047725
 0.277895 0.397511 0.126309 0.134746 0.0635381
pobs_RECLAS
 0 0 0 0 0
 0 0 0 0 0
 0 0 0 0 0
 0 0 0 0 0
 0.835266 0.146461 0.0176864 0.000547809 3.91292e-05
 0.385257 0.428462 0.181853 0.0044286 0
 0.867414 0.0963971 0.0333333 0.00285562 0
 0.441836 0.489002 0.0689373 0.000224442 0
 0.779404 0.147425 0.0564933 0.0165055 0.000172143
 0.814271 0.122319 0.05973 0.00367925 0
 0.40263 0.566651 0.0304383 0.000280538 0
 0.475488 0.404961 0.113038 0.00651328 0
 0.955842 0.0263864 0.0167828 0.000988607 0
 0.975058 0.0227948 0.00214734 0 0
 0.738997 0.206755 0.0527124 0.00153531 0
 0.850938 0.134255 0.0134407 0.00136685 0
 0.542534 0.407297 0.0501686 0 0
 0.764087 0.199537 0.0359546 0.000420521 0
 0.470689 0.182191 0.310203 0.0369168 0
 0.84361 0.089868 0.0606195 0.00523954 0.000663233
 0.607945 0.314616 0.071237 0.00620181 0
 0.523733 0.453247 0.0230204 0 0
 0.530135 0.295979 0.169645 0.0042399 0
 0.562478 0.366248 0.0663022 0.0049721 0
 0.250443 0.683176 0.0655157 0.000865301 0
 0.195077 0.31981 0.436473 0.0351445 0.0134964
 0.565238 0.351407 0.0832357 0.000118908 0
ppred_RECLAS
 0.760974 0.168835 0.0627869 0.00740026 4.10738e-06
 0.697413 0.237059 0.0462851 0.0172127 0.00202987
 0.522112 0.342463 0.106097 0.0207152 0.00861212
 0.63073 0.204281 0.118234 0.0366296 0.0101251
 0.674177 0.20726 0.0655896 0.0379619 0.0150118
 0.521822 0.322918 0.0987628 0.0312545 0.0252428
 0.640152 0.192789 0.112816 0.0345042 0.0197382
 0.565264 0.281805 0.0819331 0.0479455 0.0230524
 0.604923 0.230144 0.106913 0.0310844 0.0269357
 0.543852 0.284557 0.0999563 0.0464346 0.0251993
 0.39754 0.337534 0.165269 0.0580538 0.0416044
 0.38906 0.264519 0.194085 0.0950311 0.0573044
 0.533686 0.19665 0.116756 0.0856674 0.0672395
 0.526089 0.277456 0.0828473 0.0491886 0.0644185
 0.620545 0.232843 0.085836 0.0256303 0.0351463
 0.686379 0.216354 0.0596851 0.0220025 0.015579
 0.578329 0.300259 0.083757 0.0231058 0.0145489
 0.636131 0.218816 0.103288 0.028812 0.0129531
 0.632057 0.23965 0.0771505 0.0364174 0.0147256
 0.6989 0.19407 0.0697109 0.0224421 0.0148768
 0.660783 0.240881 0.0633812 0.0227669 0.012188
 0.656831 0.228716 0.081274 0.021385 0.0117939
 0.689855 0.206034 0.0693883 0.024657 0.0100659
 0.671609 0.229222 0.06588 0.0221871 0.0111027
 0.381748 0.42014 0.138285 0.0397442 0.0200831
 0.542577 0.177997 0.189887 0.0624995 0.0270396
 0.657013 0.188811 0.0599946 0.064002 0.0301795
pobs_PELACES
 0 0 0 0 0
 0 0 0 0 0
 0 0 0 0 0
 0 0 0 0 0
 0 0 0 0 0
 0 0 0 0 0
 0 0 0 0 0
 0 0 0 0 0
 0 0 0 0 0
 0 0 0 0 0
 0.450072 0.473896 0.0757376 0.000293798 0
 0 0 0 0 0
 0.463077 0.371075 0.160297 0.00555027 0
 0.529543 0.364841 0.0842815 0.0213345 0
 0.631943 0.363953 0.00410389 0 0
 0.735681 0.248677 0.0153453 0.000297389 0
 0.695825 0.281241 0.0229344 0 0
 0.275771 0.60734 0.115278 0.00161068 0
 0 0 0 0 0
 0.896147 0.0623911 0.0374545 0.00400742 0
 0.803859 0.145111 0.0509908 3.86294e-05 0
 0.739449 0.233085 0.0266225 0.000797448 4.60066e-05
 0.878498 0.100942 0.0204185 0.000141795 0
 0.694673 0.275183 0.0284847 0.00165964 0
 0.469039 0.446079 0.0841089 0.000773354 0
 0.822795 0.102175 0.0682046 0.00682512 0
 0 0 0 0 0
ppred_PELACES
 0.775978 0.158237 0.0588456 0.00693573 3.84955e-06
 0.710172 0.227064 0.0443336 0.0164869 0.00194428
 0.542667 0.327733 0.101534 0.0198242 0.0082417
 0.634286 0.202314 0.117095 0.0362769 0.0100276
 0.674924 0.206785 0.0654391 0.0378748 0.0149773
 0.531021 0.316706 0.0968628 0.0306532 0.0247572
 0.645487 0.189931 0.111144 0.0339927 0.0194456
 0.57668 0.274405 0.0797817 0.0466865 0.022447
 0.617439 0.222853 0.103526 0.0300996 0.0260823
 0.554693 0.277795 0.0975807 0.045331 0.0246004
 0.420828 0.324486 0.15888 0.0558097 0.0399961
 0.410518 0.255228 0.187268 0.0916933 0.0552917
 0.56801 0.182176 0.108162 0.0793617 0.0622902
 0.584387 0.243325 0.0726559 0.0431377 0.0564941
 0.667051 0.204305 0.0753158 0.022489 0.0308388
 0.703476 0.20456 0.0564313 0.020803 0.0147297
 0.593574 0.289404 0.0807289 0.0222705 0.0140229
 0.64619 0.212767 0.100433 0.0280156 0.012595
 0.640315 0.234271 0.0754189 0.0356001 0.0143951
 0.706325 0.189284 0.0679918 0.0218886 0.01451
 0.66455 0.238206 0.0626774 0.022514 0.0120526
 0.66178 0.225418 0.0801019 0.0210767 0.0116238
 0.695253 0.202448 0.0681805 0.0242278 0.00989065
 0.676868 0.22555 0.0648249 0.0218317 0.0109249
 0.386614 0.416833 0.137197 0.0394313 0.019925
 0.547802 0.175964 0.187718 0.0617856 0.0267307
 0.663203 0.185404 0.058912 0.062847 0.0296349
pobs_pel_tallas
 0 0 0 0 0 0 0 0 0 0 0 0 0 0 0 0 0 0 0 0 0 0 0 0 0 0 0 0 0 0 0 0 0 0 0 0
 0 0 0 0 0 0 0 0 0 0 0 0 0 0 0 0 0 0 0 0 0 0 0 0 0 0 0 0 0 0 0 0 0 0 0 0
 0 0 0 0 0 0 0 0 0 0 0 0 0 0 0 0 0 0 0 0 0 0 0 0 0 0 0 0 0 0 0 0 0 0 0 0
 0 0 0 0 0 0 0 0 0 0 0 0 0 0 0 0 0 0 0 0 0 0 0 0 0 0 0 0 0 0 0 0 0 0 0 0
 0 0 0 0 0 0 0 0 0 0 0 0 0 0 0 0 0 0 0 0 0 0 0 0 0 0 0 0 0 0 0 0 0 0 0 0
 0 0 0 0 0 0 0 0 0 0 0 0 0 0 0 0 0 0 0 0 0 0 0 0 0 0 0 0 0 0 0 0 0 0 0 0
 0 0 0 0 0 0 0 0 0 0 0 0 0 0 0 0 0 0 0 0 0 0 0 0 0 0 0 0 0 0 0 0 0 0 0 0
 0 0 0 0 0 0 0 0 0 0 0 0 0 0 0 0 0 0 0 0 0 0 0 0 0 0 0 0 0 0 0 0 0 0 0 0
 0 0 0 0 0 0 0 0 0 0 0 0 0 0 0 0 0 0 0 0 0 0 0 0 0 0 0 0 0 0 0 0 0 0 0 0
 0 0 0 0 0 0 0 0 0 0 0 0 0 0 0 0 0 0 0 0 0 0 0 0 0 0 0 0 0 0 0 0 0 0 0 0
 0 0 0 0 0 0 0 0 1.78061e-05 0.00172719 0.00360574 0.0105946 0.0120993 0.0124554 0.0147524 0.0171206 0.0266825 0.0428682 0.0675386 0.121331 0.153587 0.119568 0.100827 0.0573624 0.0630603 0.0341343 0.0324427 0.0444173 0.0211091 0.0280891 0.0125444 0.00206551 0 0 0 0
 0 0 0 0 0 0 0 0 0 0 0 0 0 0 0 0 0 0 0 0 0 0 0 0 0 0 0 0 0 0 0 0 0 0 0 0
 0 0 0 0 0 0 0.0133647 0.0140871 0.0187388 0.0205184 0.03894 0.0496705 0.03968 0.0493445 0.0407372 0.0367815 0.0215668 0.0243155 0.0234873 0.0199281 0.019796 0.0243948 0.0301388 0.0376714 0.0412746 0.0863199 0.0771752 0.113111 0.0741005 0.0525337 0.0229764 0.00759418 0.00175318 0 0 0
 0 0 0 0 0 0 0 0 0 0 0.00219441 0.00772107 0.0458388 0.0604681 0.0671733 0.0775358 0.0609151 0.0617685 0.073594 0.0568108 0.0755445 0.0548602 0.0670107 0.0636378 0.0643287 0.046367 0.0373049 0.0286899 0.0247887 0.0153202 0.00654259 0.00121912 0.000365735 0 0 0
 0 0 0 0 0 0 0 0 0 0 0 0 0.000112435 0.00938835 0.0111873 0.0202946 0.0414886 0.0713402 0.111592 0.104902 0.108894 0.110636 0.117776 0.105296 0.107544 0.0401394 0.0192827 0.0124803 0.00416011 0.0028671 0.000618394 0 0 0 0 0
 0 0 0 0 0 0 0 0 0 0 0.00291406 0.0102884 0.027416 0.0768956 0.0749926 0.110853 0.0956884 0.0897413 0.0766577 0.0534642 0.0500743 0.0551293 0.0594112 0.0620874 0.0668451 0.0424026 0.0208742 0.0120726 0.0048766 0.00582813 0.00118941 0.000297354 0 0 0 0
 0 0.00264628 0.0354308 0.0461629 0.0458689 0.0383711 0.0214643 0.0164657 0.0346957 0.0420465 0.0363128 0.0245516 0.0311673 0.0291091 0.0169068 0.0133784 0.00837989 0.0085269 0.0148486 0.0160247 0.0276389 0.0546898 0.0760071 0.122758 0.109233 0.0665981 0.0333725 0.0166128 0.00676272 0.00308733 0.000882094 0 0 0 0 0
 0 0 0 0 0 0 0 0.000805153 0.000690131 0.00759144 0.0133425 0.0154129 0.00931677 0.000345066 0.00356568 0.00563607 0.00851162 0.0253048 0.0502646 0.0516448 0.0657925 0.0565908 0.0611916 0.0827007 0.0866115 0.110766 0.145733 0.0935128 0.0569358 0.0249597 0.0138026 0.00621118 0.00161031 0.00115022 0 0
 0 0 0 0 0 0 0 0 0 0 0 0 0 0 0 0 0 0 0 0 0 0 0 0 0 0 0 0 0 0 0 0 0 0 0 0
 0.00147267 0.00158595 0.00478618 0.00569244 0.00954404 0.0108468 0.00647125 0.017049 0.0510054 0.094081 0.124002 0.0959785 0.0687766 0.0820023 0.061753 0.0591476 0.0492212 0.0479892 0.0443925 0.0268479 0.0217502 0.0140895 0.0121071 0.0120363 0.00920419 0.00665534 0.0049561 0.00860946 0.00930331 0.0156896 0.0114698 0.00855282 0.00243557 0.00046729 0 2.83206e-05
 0 0 0 0 0.000772559 0.00158375 0.000888443 0.00281984 0.00712685 0.0440552 0.0773331 0.111326 0.0921469 0.0852325 0.0710754 0.0886704 0.0786465 0.0553345 0.0373146 0.0185414 0.00753245 0.00457741 0.012979 0.0271748 0.0457355 0.0583668 0.034881 0.0177882 0.00938659 0.00492506 0.0015258 0.00185414 0.000309023 5.79419e-05 3.86279e-05 0
 0 0.00173294 0.00326652 0 0.00397197 0.00683976 0.00946217 0.0152591 0.00757587 0.0136028 0.0228656 0.0392903 0.0559909 0.0764795 0.0681675 0.0726916 0.0566044 0.0477403 0.0527397 0.0444891 0.0609904 0.0582453 0.0661739 0.0445044 0.0529084 0.0360697 0.0280645 0.0235558 0.0158879 0.00826598 0.00280645 0.00217768 0.000904811 0.00058276 9.20147e-05 0
 0 0 0 0 0 0 0 0 0 0 0 0 0 0 0 0 0 0 0 0 0 0 0 0 0 0 0 0 0 0 0 0 0 0 0 0
 0 0 0 0 0 0 0 0 0 0 0 0 0 0 0 0 0 0 0 0 0 0 0 0 0 0 0 0 0 0 0 0 0 0 0 0
 0 0 0 0 0 0 0 0 0 0 0 0 0 0 0 0 0 0 0 0 0 0 0 0 0 0 0 0 0 0 0 0 0 0 0 0
 0 0 0 0 0 0 0 0 0 0 0 0 0 0 0 0 0 0 0 0 0 0 0 0 0 0 0 0 0 0 0 0 0 0 0 0
 0 0 0 0 0 0 0 0 0 0 0 0 0 0 0 0 0 0 0 0 0 0 0 0 0 0 0 0 0 0 0 0 0 0 0 0
ppred_pel_tallas
 1.01126e-16 3.38555e-05 0.000198708 0.000944575 0.00363668 0.0113406 0.0286456 0.0586125 0.0971561 0.130476 0.141979 0.125224 0.0896146 0.0522492 0.0252632 0.0109686 0.00566222 0.004987 0.00627327 0.0083488 0.0107341 0.0131397 0.0152992 0.016964 0.0179453 0.018154 0.0176166 0.0164603 0.0148751 0.0130662 0.0112124 0.00944209 0.00782852 0.00640026 0.00515785 0.00408939
 1.01361e-16 3.09887e-05 0.000181871 0.000864518 0.00332842 0.0103793 0.0262174 0.0536449 0.0889242 0.119428 0.129977 0.114684 0.0821723 0.0481125 0.0236413 0.01091 0.00656342 0.00663658 0.00868459 0.0115976 0.0148593 0.018092 0.0209217 0.0229998 0.024071 0.0240305 0.0229453 0.0210289 0.0185829 0.0159225 0.0133137 0.0109363 0.00887817 0.00715293 0.0057288 0.00455628
 1.02615e-16 2.3689e-05 0.000139006 0.000660709 0.00254366 0.00793208 0.020036 0.040998 0.0679651 0.0912942 0.0993963 0.0877938 0.0631056 0.0373539 0.0191107 0.0100945 0.00781685 0.00930507 0.0127058 0.0171208 0.0220272 0.0269369 0.0313206 0.0346714 0.036607 0.0369538 0.0357787 0.0333568 0.0300904 0.0264079 0.022677 0.0191542 0.0159771 0.0131879 0.0107706 0.0086867
 1.03444e-16 2.76789e-05 0.000162442 0.000772152 0.00297279 0.00927033 0.0234162 0.0479131 0.0794233 0.106669 0.116093 0.102441 0.0734133 0.0430128 0.0211918 0.00988102 0.00609736 0.00631733 0.00837928 0.0113166 0.0146924 0.0181888 0.0214804 0.0242486 0.0262366 0.0272995 0.0274251 0.026719 0.0253625 0.0235593 0.0214919 0.0192968 0.0170637 0.0148482 0.01269 0.0106266
 1.02998e-16 2.9451e-05 0.000172845 0.000821611 0.00316322 0.00986418 0.0249162 0.0509823 0.0845104 0.1135 0.123524 0.108989 0.0780865 0.0457112 0.0224457 0.0103351 0.0061932 0.00625759 0.00821543 0.0110282 0.0142264 0.017475 0.0204405 0.0228063 0.024331 0.0248989 0.0245394 0.0234064 0.0217281 0.0197463 0.0176645 0.0156205 0.0136843 0.0118761 0.0101909 0.00861937
 1.03689e-16 2.31806e-05 0.000136023 0.000646529 0.00248907 0.00776185 0.019606 0.0401181 0.0665063 0.0893345 0.097262 0.0859072 0.0617463 0.0365428 0.0186843 0.00985175 0.00761018 0.00905223 0.0123679 0.0166842 0.0214988 0.0263451 0.0307172 0.0341292 0.0362136 0.0368 0.0359461 0.0339051 0.0310486 0.0277697 0.0244016 0.0211719 0.0181977 0.0155106 0.0130945 0.0109197
 1.03717e-16 2.81668e-05 0.000165307 0.000785777 0.00302526 0.00943395 0.0238294 0.0487586 0.0808243 0.10855 0.118136 0.104233 0.0746777 0.0437124 0.0214597 0.00987686 0.0059208 0.00600041 0.00791508 0.0106874 0.0138872 0.0172133 0.0203615 0.0230337 0.0249892 0.0260907 0.0263236 0.0257816 0.0246279 0.0230458 0.0211978 0.0192045 0.0171443 0.0150662 0.0130073 0.0110057
 1.03876e-16 2.51698e-05 0.000147705 0.000702076 0.00270296 0.00842885 0.0212908 0.0435649 0.0722181 0.0970004 0.105591 0.0932234 0.0669167 0.0394254 0.019831 0.00992691 0.00703695 0.00798077 0.0107896 0.0145423 0.0187556 0.0230169 0.0268894 0.029955 0.0318964 0.0325649 0.0320058 0.0304304 0.0281491 0.0254883 0.0227217 0.0200327 0.017512 0.0151812 0.0130267 0.0110287
 1.03796e-16 2.69451e-05 0.000158132 0.000751658 0.00289387 0.00902423 0.0227946 0.0466414 0.0773161 0.103841 0.113022 0.0997442 0.0715118 0.0419607 0.0207884 0.00988518 0.00635708 0.00678047 0.00904975 0.0122116 0.0158159 0.0195181 0.0229621 0.0258021 0.0277665 0.0287119 0.0286456 0.0277057 0.0261118 0.0241031 0.0218862 0.0196075 0.0173521 0.0151603 0.013051 0.0110409
 1.04183e-16 2.42113e-05 0.000142077 0.00067532 0.00259994 0.00810759 0.0204793 0.0419046 0.0694663 0.0933058 0.101573 0.0896855 0.0643975 0.0379825 0.0191824 0.00973035 0.00706144 0.00812465 0.0110312 0.0148946 0.0192421 0.0236618 0.0277127 0.0309689 0.0331031 0.0339547 0.0335566 0.032108 0.0299089 0.0272784 0.0244868 0.021719 0.0190721 0.0165782 0.014237 0.0120431
 1.06148e-16 1.83761e-05 0.000107815 0.000512424 0.00197273 0.00615165 0.0155388 0.0317964 0.0527135 0.0708151 0.0771197 0.0681652 0.0491009 0.0292743 0.0153676 0.00875598 0.00755655 0.00950696 0.0131978 0.0179339 0.0232768 0.0287792 0.0339346 0.0382413 0.0413009 0.0428973 0.0430295 0.041884 0.0397637 0.0369998 0.0338788 0.0306044 0.0272966 0.0240169 0.0208017 0.0176887
 1.08476e-16 1.79238e-05 0.000105166 0.000499843 0.00192431 0.00600069 0.0151574 0.0310155 0.0514173 0.0690689 0.0752053 0.0664428 0.0477944 0.0283642 0.014652 0.00797893 0.00649181 0.00797881 0.0110814 0.0151666 0.0198836 0.0248976 0.0298244 0.0342688 0.0378947 0.0404841 0.0419634 0.0423865 0.0418891 0.0406328 0.0387611 0.036382 0.0335753 0.0304132 0.0269829 0.0233972
 1.07233e-16 2.4788e-05 0.000145472 0.000691479 0.00266219 0.00830174 0.0209696 0.0429071 0.0711252 0.0955252 0.103966 0.091744 0.0657568 0.0385459 0.0190279 0.00893799 0.00561354 0.00591112 0.00791026 0.0107638 0.0141012 0.0176586 0.0211633 0.0243414 0.0269641 0.0288877 0.0300692 0.0305523 0.0304322 0.0298136 0.0287801 0.0273829 0.02565 0.0236059 0.0212915 0.0187755
 1.05233e-16 2.55045e-05 0.000149673 0.000711441 0.00273902 0.00854133 0.0215748 0.0441459 0.0731802 0.0982896 0.106986 0.094436 0.0677452 0.0398292 0.0198784 0.00969553 0.00655507 0.00722585 0.00971536 0.0131089 0.0169535 0.0208843 0.0245208 0.0274977 0.0295357 0.0304993 0.0304181 0.0294615 0.0278797 0.0259327 0.0238316 0.0217097 0.0196244 0.0175811 0.0155658 0.0135707
 1.0335e-16 2.91076e-05 0.000170829 0.000812028 0.00312632 0.00974912 0.0246255 0.0503876 0.0835247 0.112176 0.122084 0.107718 0.0771778 0.0451821 0.0221917 0.0102285 0.00614484 0.00622416 0.00818276 0.0109967 0.0142045 0.0174769 0.0204854 0.0229165 0.024529 0.0252039 0.0249638 0.0239528 0.0223887 0.0205031 0.0184918 0.016488 0.0145608 0.0127326 0.0110026 0.00936751
 1.02271e-16 3.06959e-05 0.000180154 0.000856359 0.00329701 0.0102814 0.02597 0.0531385 0.0880843 0.118299 0.128743 0.113586 0.0813634 0.0475951 0.0233064 0.0106214 0.00621132 0.00614699 0.00801216 0.0107227 0.0137929 0.0168824 0.0196575 0.0218041 0.0230869 0.0233995 0.022784 0.0214092 0.0195206 0.0173763 0.0151943 0.0131221 0.0112337 0.00954577 0.00804332 0.00670187
 1.02661e-16 2.59071e-05 0.000152032 0.000722645 0.00278215 0.00867579 0.0219145 0.0448413 0.0743341 0.099843 0.108687 0.0959589 0.0688858 0.0405965 0.0204399 0.0102626 0.00730998 0.0083062 0.0112191 0.0150906 0.0194088 0.0237317 0.0275919 0.0305442 0.0322551 0.0325753 0.0315677 0.0294775 0.0266603 0.0234916 0.0202906 0.0172758 0.0145595 0.0121697 0.0100852 0.00826756
 1.03047e-16 2.81984e-05 0.000165491 0.000786644 0.00302859 0.00944432 0.0238557 0.0488125 0.0809142 0.108672 0.118274 0.104367 0.0747985 0.0438335 0.0216124 0.0101027 0.00626477 0.00650645 0.00862007 0.011612 0.0150251 0.018522 0.0217587 0.0244028 0.0261934 0.0269934 0.0268116 0.0257841 0.0241272 0.0220775 0.0198422 0.017571 0.0153538 0.0132348 0.011235 0.0093686
 1.03043e-16 2.7943e-05 0.000163989 0.000779504 0.00300109 0.00935856 0.0236391 0.0483694 0.0801805 0.107688 0.117208 0.103439 0.0741589 0.0435103 0.0215486 0.0102314 0.00655396 0.00695989 0.00925727 0.012447 0.0160504 0.019699 0.0230156 0.0256403 0.0272991 0.0278618 0.0273638 0.0259836 0.0239857 0.0216507 0.0192166 0.016846 0.0146238 0.0125755 0.0106953 0.00897003
 1.02458e-16 3.08195e-05 0.000180881 0.000859819 0.00331034 0.010323 0.026075 0.0533532 0.0884397 0.118775 0.129258 0.114032 0.0816648 0.0477355 0.0233085 0.0105108 0.0059952 0.00581431 0.00754502 0.010109 0.0130364 0.0160099 0.0187206 0.020876 0.0222521 0.0227405 0.0223663 0.0212699 0.0196623 0.0177689 0.0157821 0.0138355 0.012001 0.0103037 0.00874301 0.00731203
 1.02305e-16 2.89999e-05 0.000170194 0.000809001 0.00311466 0.00971273 0.0245337 0.0501999 0.0832145 0.111763 0.121641 0.107346 0.0769502 0.045128 0.0223116 0.0105284 0.00665393 0.00699089 0.00925835 0.0124145 0.0159601 0.0195132 0.0226866 0.0251145 0.0265237 0.0267928 0.0259749 0.0242726 0.0219785 0.0194006 0.0167992 0.0143513 0.0121459 0.010203 0.00850264 0.00701179
 1.02478e-16 2.88786e-05 0.000169483 0.000805623 0.00310165 0.00967219 0.0244313 0.0499902 0.0828666 0.111295 0.121129 0.106889 0.0766108 0.0449052 0.022158 0.0103846 0.00647095 0.00673515 0.00890963 0.0119662 0.0154225 0.018917 0.0220832 0.0245716 0.0261159 0.0265885 0.0260232 0.0245933 0.0225578 0.0201937 0.0177393 0.0153612 0.0131504 0.0111392 0.0093259 0.00769793
 1.02329e-16 3.03373e-05 0.000178049 0.00084635 0.00325847 0.0101612 0.0256665 0.0525174 0.0870548 0.116916 0.127239 0.11226 0.0804159 0.0470456 0.0230464 0.0105192 0.00617587 0.0061356 0.00801313 0.0107398 0.0138379 0.0169725 0.0198133 0.0220473 0.0234366 0.0238678 0.0233726 0.022107 0.0203034 0.0182094 0.0160366 0.0139318 0.0119735 0.0101878 0.00857125 0.00711142
 1.02255e-16 2.95365e-05 0.000173346 0.000823986 0.00317236 0.00989267 0.0249882 0.0511297 0.0847553 0.113831 0.123888 0.109319 0.0783437 0.045903 0.0226164 0.0105413 0.00648829 0.0066866 0.00881317 0.0118143 0.0151975 0.018597 0.0216453 0.0239951 0.0253856 0.0256984 0.0249794 0.0234155 0.0212788 0.0188572 0.016395 0.0140596 0.0119372 0.0100503 0.00838472 0.00691436
 1.0437e-16 1.6888e-05 9.90698e-05 0.00047083 0.00181255 0.00565212 0.0142772 0.0292157 0.0484384 0.0650824 0.070904 0.0627364 0.045332 0.027311 0.0148546 0.0092752 0.00888925 0.0116465 0.0162442 0.0219831 0.0283397 0.0347312 0.0404953 0.0449898 0.0477263 0.0484756 0.0473093 0.0445576 0.0407096 0.0362861 0.0317326 0.0273586 0.0233298 0.019699 0.0164547 0.0135634
 1.06095e-16 2.39068e-05 0.000140299 0.000666885 0.00256749 0.00800644 0.0202237 0.0413809 0.0685955 0.0921285 0.100271 0.0884877 0.0634329 0.0372041 0.0184055 0.00871664 0.00557806 0.00596883 0.00804875 0.0110125 0.0145112 0.0182929 0.0220868 0.0256085 0.0286031 0.0308856 0.0323619 0.0330224 0.0329183 0.03213 0.0307434 0.0288403 0.0265031 0.0238237 0.0209124 0.0178965
 1.04441e-16 2.89389e-05 0.000169841 0.000807334 0.00310826 0.00969279 0.0244832 0.0500963 0.0830413 0.111526 0.121371 0.10708 0.0766997 0.0448601 0.0219553 0.00998868 0.00582444 0.00576421 0.0075404 0.0101467 0.0131459 0.0162415 0.019142 0.0215693 0.0233075 0.0242466 0.0243982 0.0238767 0.022856 0.0215174 0.0200076 0.0184184 0.0167903 0.0151312 0.0134402 0.0117264
pSPR Fmed_Fpbrs
0.441004   0.6 0.325
Fs Fmed_Fpbrs
0.64   0.342717 1.04112
SSBpbr Bo_Bmed_Bpbrs
3.08343e+06  1.20563e+06  1.69588e+06 847942
Ro
71682.4
SPR SPRFo_SPRFmed_SPRFpbrs
1.48054e+06 652925 481177
log_Ro
11
likeval ReclasPelacesDesembMPH_pf_preclas_ppelaces_ptallas_desvR_qrecl_qpela
 66.0477 22.0402 0.0374304 22.9917 341.444 224.444 55.6794 0 19.1085 0.000106118 6.37418e-08 1.02309e-15 0 0 0
q_reclas_q_pelaces
0.232295 1.03657
M
0.7
N
 76757.1 19351.7 7196.56 848.21 0.470783
 95802 35728.7 6975.93 2594.23 305.934
 61065.4 45392.3 14062.8 2745.73 1141.51
 85868.9 28463.4 16474 5103.75 1410.78
 136381 42143.9 13336.9 7719.11 3052.47
 103219 67547.9 20659.2 6537.82 5280.29
 159726 49827 29157.6 8917.72 5101.39
 145636 77917.1 22653.9 13256.6 6373.82
 169349 69781.7 32417 9425.05 8167.13
 144454 80766.9 28370.9 13179.7 7152.4
 70599.1 69364.6 33963.4 11930.3 8549.87
 41822.2 32561.4 23891.2 11698 7053.97
 42645.9 19391.5 11513.2 8447.57 6630.41
 25233.9 19039.1 5685.01 3375.34 4420.42
 20482.3 10453.4 3853.58 1150.66 1577.88
 24438.6 8704.75 2401.36 885.244 626.802
 19977.1 11407.9 3182.22 877.871 552.763
 25721.4 9453.61 4462.4 1244.78 559.617
 30862.2 12351.7 3976.38 1876.98 758.966
 50887.2 14912 5356.48 1724.41 1143.11
 65755.9 24590.5 6470.31 2324.17 1244.21
 89531.3 32234.1 11454.3 3013.9 1662.17
 140853 43715 14722.4 5231.56 2135.71
 193828 68598.4 19715.7 6639.85 3322.67
 83230.4 94500.8 31104.1 8939.55 4517.24
 120117 40684.1 43401.6 14285.2 6180.33
 195873 58692.1 18649.4 19895.1 9381.34
pred_Ctot
 3470.9 3885.18 1444.83 170.293 0.0945179
 3167.88 5400.52 1054.44 392.127 46.243
 2704.73 8946.31 2771.63 541.152 224.978
 720.693 1159.01 670.811 207.821 57.4458
 255.825 389.652 123.31 71.369 28.2224
 2074.63 6402.97 1958.31 619.729 500.526
 2030.67 3041.37 1779.74 544.325 311.382
 3684.75 9181.47 2669.46 1562.11 751.068
 4832.79 9202.64 4275.07 1242.95 1077.06
 3437.54 8983.96 3155.79 1466.02 795.584
 3631.85 15609.1 7642.76 2684.67 1923.97
 2001.81 6876.09 5045.18 2470.3 1489.61
 3115.65 5886.98 3495.25 2564.56 2012.9
 3040.09 8531.47 2547.46 1512.49 1980.8
 2142.9 4220.06 1555.7 464.525 636.995
 1058.03 1680.92 463.711 170.944 121.038
 677.837 1765.71 492.544 135.877 85.5566
 611.149 1050.03 495.649 138.261 62.158
 600.033 1134.37 365.186 172.379 69.7026
 985.471 1364.37 490.087 157.774 104.588
 607.664 1100.24 289.499 103.99 55.6695
 1079.8 1869.45 664.306 174.794 96.3991
 1952.81 2901.75 977.251 347.264 141.766
 2539.22 4310.55 1238.88 417.232 208.789
 937.721 5129.68 1688.39 485.255 245.204
 1386.16 2260.52 2411.51 793.728 343.396
 2952.46 4223.3 1341.95 1431.59 675.051
F
 0.064691 0.320312 0.320312 0.320312 0.320312
 0.0469397 0.232418 0.232418 0.232418 0.232418
 0.0633272 0.31356 0.31356 0.31356 0.31356
 0.0117311 0.0580854 0.0580854 0.0580854 0.0580854
 0.00261135 0.0129299 0.0129299 0.0129299 0.0129299
 0.028299 0.14012 0.14012 0.14012 0.14012
 0.0178176 0.0882227 0.0882227 0.0882227 0.0882227
 0.0357397 0.176962 0.176962 0.176962 0.176962
 0.0403938 0.200007 0.200007 0.200007 0.200007
 0.033583 0.166284 0.166284 0.166284 0.166284
 0.0738912 0.365866 0.365866 0.365866 0.365866
 0.0685926 0.339631 0.339631 0.339631 0.339631
 0.106434 0.527001 0.527001 0.527001 0.527001
 0.18126 0.897496 0.897496 0.897496 0.897496
 0.155691 0.770893 0.770893 0.770893 0.770893
 0.061859 0.30629 0.30629 0.30629 0.30629
 0.0481922 0.23862 0.23862 0.23862 0.23862
 0.0335308 0.166025 0.166025 0.166025 0.166025
 0.0273629 0.135485 0.135485 0.135485 0.135485
 0.0272538 0.134945 0.134945 0.134945 0.134945
 0.0129235 0.0639896 0.0639896 0.0639896 0.0639896
 0.0168959 0.0836586 0.0836586 0.0836586 0.0836586
 0.0194444 0.0962774 0.0962774 0.0962774 0.0962774
 0.0183644 0.0909296 0.0909296 0.0909296 0.0909296
 0.0157757 0.0781121 0.0781121 0.0781121 0.0781121
 0.0161614 0.0800219 0.0800219 0.0800219 0.0800219
 0.0211561 0.104753 0.104753 0.104753 0.104753
Np
 59875.8 27745 33568.7 9251.96 3976.08
YTP_r0W_actual
 77556.2 269803 124626 169787 88845.9
YTP_p0W_proyectada
 23707.9 437771 175397 71174.2 121940
 23707.9 127542 224324 78957 37655.4
CTP_r0_actual
 9458.07 12490.9 3968.97 4234.08 1996.54
CTP_p0_proyectada
 2891.21 20267.2 5585.89 1774.92 2740.23
 2891.21 5904.7 7144.08 1969 846.189
Wmedp
 8.2 21.6 31.4 40.1 44.5
nmprior
 10.8 10.6 4.6 0
nm_flota  nm_reclas  nm_pelaces    nm_pelaL
inf 11.0466 19.8157 65.4354
cv_recla  cv_pelaces  cv_mph
0.703817 0.514278 0.640755
 ------------------------------------------------
Talla a la edad & desviaci?n 
 7.2 14.2025 17.0495 18.207 18.6776
 1.08 2.13037 2.55742 2.73105 2.80164
