years
 1997 1998 1999 2000 2001 2002 2003 2004 2005 2006 2007 2008 2009 2010 2011 2012 2013 2014 2015 2016 2017 2018 2019 2020 2021 2022 2023
reclasobs
 0 0 0 370054 412103 1.49427e+06 250295 1.28982e+06 931140 785840 897777 1.04006e+06 184774 17550 25797 100020 73551 82996 120727 218422 84188 347160 605670 569463 516374 1.08416e+06 1.01767e+06
reclaspred
 920213 194180 401144 179877 293317 361344 755173 608900 715431 904860 884815 637417 362647 139349 84263.4 82671.8 83349.1 104520 124212 148532 228863 240715 408480 528658 746718 646733 373680
pelacesobs
 0 0 0 0 0 0 0 0 0 2.06254e+06 1.5e+06 0 1.87456e+06 323000 250000 174000 83755 137374 0 501740 490994 745055 786931 1.00524e+06 1.33801e+06 1.41789e+06 0
pelacespred
 2.60226e+06 658507 549218 503128 819028 622883 2.10558e+06 1.67877e+06 1.94888e+06 2.48904e+06 1.93344e+06 1.45047e+06 863766 273832 173063 168918 172677 234329 263752 308812 597471 565671 753297 1.16473e+06 1.51347e+06 1.38394e+06 668222
mphobs
 0 0 0 0 0 0 112323 0 153150 637223 0 255016 313432 73983 77613 109348 50772 17779 17303 59886 28197 0 207744 136588 643089 65757 70829
mphpred
 290764 135808 132146 78805.2 79072.4 152851 194898 297730 280029 341552 401744 279272 168303 125655 57072.1 44756.5 38320.3 46080.7 34778.6 35099.7 53224.3 72814 87433.4 131120 182569 156080 116996
desembarqueobs
 350755 77701 442110 56441 14545 235359 269955 359681 431902 328805 639364 411747 362871 311530 167758 66681 60226 58785 57116 73181 50977 67692 138656 160484 209506 203330 245020
desembarquepred
 350737 77674.9 441763 56434.7 14544.8 235368 269989 359338 431630 328659 638676 411360 362503 311176 167360 66646.6 60227.4 58734 57055.4 73137.1 50971.3 67650.4 138615 160447 209431 203222 244879
Reclutas
 26801.9 41667.5 10091.8 14414.4 37833.8 20677.2 62884.6 59820 84307.7 112754 65280.7 48791.6 50015.2 28683.7 13772.9 10227.5 7072.3 9235.49 9485.35 11772.5 18467.2 22964.4 35658.3 53748.7 18781.5 28204.5 14877.6
log_desv_Rt
 0.0362271 0.477476 -0.940518 -0.58402 0.380957 -0.223214 0.889057 0.839096 1.18223 1.47297 0.926452 0.635313 0.660082 0.104085 -0.629543 -0.927162 -1.29606 -1.02919 -1.0025 -0.786477 -0.336249 -0.118302 0.321738 0.732074 -0.319373 0.0872383 -0.552389
SSB
 472532 220707 214756 128069 128504 248404 304357 475646 439421 540362 652890 453857 286667 151535 73275.9 57403.9 52736.3 58985.7 76225.5 83357.4 115381 152770 190678 268265 420022 376784 263497
BT
 1.31193e+06 346788 435343 231154 320468 380487 1.12117e+06 1.0376e+06 1.21398e+06 1.28843e+06 1.26806e+06 899314 698697 399280 211021 119301 115715 140696 140049 172576 269177 244895 355526 552712 626122 604683 415149
Ftot
 0.945162 1.11701 2.28557 0.7868 0.156122 1.46345 1.12554 1.68681 1.81862 1.10487 1.74735 1.54418 2.53358 4.95303 4.95303 2.13136 1.91711 1.58647 1.19064 1.29552 0.635223 0.714117 0.851683 0.838359 0.651364 0.715226 1.41977
BD_Bspro_t
 0.911654 0.610453 0.496222 0.232024 0.339426 0.548649 0.454566 0.52367 0.461817 0.467236 0.477305 0.325312 0.235047 0.154715 0.0915805 0.0883435 0.111945 0.168685 0.253565 0.321451 0.426465 0.561146 0.573381 0.582805 0.620171 0.522454 0.428048
BD_Bspro
 0.885096 0.413405 0.402258 0.239886 0.240699 0.465284 0.570089 0.890929 0.823076 1.01215 1.22292 0.850115 0.536953 0.28384 0.137253 0.107523 0.0987799 0.110486 0.142777 0.156136 0.21612 0.286151 0.357157 0.502484 0.786741 0.705751 0.493554
BD_Bo
 0.904654 0.42254 0.411147 0.245187 0.246018 0.475565 0.582687 0.910616 0.841264 1.03451 1.24995 0.8689 0.548818 0.290112 0.140285 0.109899 0.100963 0.112927 0.145932 0.159586 0.220895 0.292475 0.365049 0.513588 0.804125 0.721346 0.50446
BD_Brms
 1.64483 0.768254 0.747539 0.445794 0.447305 0.864664 1.05943 1.65566 1.52957 1.88093 2.27263 1.57982 0.997852 0.527476 0.255064 0.199816 0.183568 0.205322 0.265332 0.290157 0.401628 0.531772 0.663726 0.933796 1.46205 1.31154 0.917201
S_f
 0.0751509 0.606902 0.967034 0.998209 0.999906
 0.0751509 0.606902 0.967034 0.998209 0.999906
 0.0751509 0.606902 0.967034 0.998209 0.999906
 0.0751509 0.606902 0.967034 0.998209 0.999906
 0.0751509 0.606902 0.967034 0.998209 0.999906
 0.0751509 0.606902 0.967034 0.998209 0.999906
 0.0751509 0.606902 0.967034 0.998209 0.999906
 0.0751509 0.606902 0.967034 0.998209 0.999906
 0.0751509 0.606902 0.967034 0.998209 0.999906
 0.0751509 0.606902 0.967034 0.998209 0.999906
 0.0751509 0.606902 0.967034 0.998209 0.999906
 0.0751509 0.606902 0.967034 0.998209 0.999906
 0.0751509 0.606902 0.967034 0.998209 0.999906
 0.0751509 0.606902 0.967034 0.998209 0.999906
 0.0751509 0.606902 0.967034 0.998209 0.999906
 0.0751509 0.606902 0.967034 0.998209 0.999906
 0.0751509 0.606902 0.967034 0.998209 0.999906
 0.0751509 0.606902 0.967034 0.998209 0.999906
 0.0751509 0.606902 0.967034 0.998209 0.999906
 0.0751509 0.606902 0.967034 0.998209 0.999906
 0.0751509 0.606902 0.967034 0.998209 0.999906
 0.0751509 0.606902 0.967034 0.998209 0.999906
 0.0751509 0.606902 0.967034 0.998209 0.999906
 0.0751509 0.606902 0.967034 0.998209 0.999906
 0.0751509 0.606902 0.967034 0.998209 0.999906
 0.0751509 0.606902 0.967034 0.998209 0.999906
 0.0751509 0.606902 0.967034 0.998209 0.999906
Scru_reclas
 0.269097 0.649476 0.903146 0.979135 0.995784
 0.269097 0.649476 0.903146 0.979135 0.995784
 0.269097 0.649476 0.903146 0.979135 0.995784
 0.269097 0.649476 0.903146 0.979135 0.995784
 0.269097 0.649476 0.903146 0.979135 0.995784
 0.269097 0.649476 0.903146 0.979135 0.995784
 0.269097 0.649476 0.903146 0.979135 0.995784
 0.269097 0.649476 0.903146 0.979135 0.995784
 0.269097 0.649476 0.903146 0.979135 0.995784
 0.269097 0.649476 0.903146 0.979135 0.995784
 0.269097 0.649476 0.903146 0.979135 0.995784
 0.269097 0.649476 0.903146 0.979135 0.995784
 0.269097 0.649476 0.903146 0.979135 0.995784
 0.269097 0.649476 0.903146 0.979135 0.995784
 0.269097 0.649476 0.903146 0.979135 0.995784
 0.269097 0.649476 0.903146 0.979135 0.995784
 0.269097 0.649476 0.903146 0.979135 0.995784
 0.269097 0.649476 0.903146 0.979135 0.995784
 0.269097 0.649476 0.903146 0.979135 0.995784
 0.269097 0.649476 0.903146 0.979135 0.995784
 0.269097 0.649476 0.903146 0.979135 0.995784
 0.269097 0.649476 0.903146 0.979135 0.995784
 0.269097 0.649476 0.903146 0.979135 0.995784
 0.269097 0.649476 0.903146 0.979135 0.995784
 0.269097 0.649476 0.903146 0.979135 0.995784
 0.269097 0.649476 0.903146 0.979135 0.995784
 0.269097 0.649476 0.903146 0.979135 0.995784
Scru_pelaces
 0.456895 0.80894 0.955175 0.990762 0.998151
 0.456895 0.80894 0.955175 0.990762 0.998151
 0.456895 0.80894 0.955175 0.990762 0.998151
 0.456895 0.80894 0.955175 0.990762 0.998151
 0.456895 0.80894 0.955175 0.990762 0.998151
 0.456895 0.80894 0.955175 0.990762 0.998151
 0.456895 0.80894 0.955175 0.990762 0.998151
 0.456895 0.80894 0.955175 0.990762 0.998151
 0.456895 0.80894 0.955175 0.990762 0.998151
 0.456895 0.80894 0.955175 0.990762 0.998151
 0.456895 0.80894 0.955175 0.990762 0.998151
 0.456895 0.80894 0.955175 0.990762 0.998151
 0.456895 0.80894 0.955175 0.990762 0.998151
 0.456895 0.80894 0.955175 0.990762 0.998151
 0.456895 0.80894 0.955175 0.990762 0.998151
 0.456895 0.80894 0.955175 0.990762 0.998151
 0.456895 0.80894 0.955175 0.990762 0.998151
 0.456895 0.80894 0.955175 0.990762 0.998151
 0.456895 0.80894 0.955175 0.990762 0.998151
 0.456895 0.80894 0.955175 0.990762 0.998151
 0.456895 0.80894 0.955175 0.990762 0.998151
 0.456895 0.80894 0.955175 0.990762 0.998151
 0.456895 0.80894 0.955175 0.990762 0.998151
 0.456895 0.80894 0.955175 0.990762 0.998151
 0.456895 0.80894 0.955175 0.990762 0.998151
 0.456895 0.80894 0.955175 0.990762 0.998151
 0.456895 0.80894 0.955175 0.990762 0.998151
pf_obs 
 0.256992 0.487395 0.22802 0.0275931 0
 0.321318 0.546541 0.124235 0.00734118 0.000564706
 0.182869 0.594174 0.210203 0.0122559 0.00049798
 0.330522 0.361315 0.267642 0.0388342 0.00168674
 0.649043 0.306663 0.0425973 0.00169635 0
 0.582887 0.30429 0.105238 0.00758474 0
 0.465427 0.430635 0.0974691 0.00646863 0
 0.296916 0.608066 0.0921331 0.00288517 0
 0.311714 0.524322 0.152257 0.0117073 0
 0.15457 0.633149 0.183074 0.0267441 0.00246327
 0.131901 0.49318 0.331252 0.0422183 0.00144891
 0.196976 0.569456 0.194076 0.0375587 0.00193317
 0.518974 0.381816 0.0799577 0.0180837 0.00116848
 0.0928022 0.601141 0.25162 0.0475244 0.00691264
 0.122501 0.610282 0.24278 0.0234846 0.000952079
 0.383417 0.481906 0.127806 0.00687128 0
 0.0376549 0.599619 0.316969 0.0457579 0
 0.0361596 0.667082 0.258105 0.0386534 0
 0.158088 0.579412 0.248529 0.0139706 0
 0.0477256 0.309471 0.559284 0.082774 0.000745712
 0.0406174 0.521527 0.379366 0.0568643 0.0016247
 0.151134 0.462217 0.34131 0.0453401 0
 0.294876 0.26143 0.354403 0.0886775 0.000613685
 0.281977 0.475581 0.204845 0.0348837 0.00271318
 0.0841818 0.532909 0.334909 0.0458182 0.00218182
 0.115287 0.27431 0.454777 0.147771 0.00785563
 0 0 0 0 0
pf_pred 
 0.175303 0.555925 0.238742 0.0300208 1.03987e-05
 0.261422 0.491842 0.197477 0.0439919 0.00526766
 0.0769832 0.737081 0.149352 0.02959 0.00699442
 0.212471 0.421342 0.33583 0.0247697 0.00558747
 0.333212 0.462754 0.138673 0.0601657 0.00519528
 0.128831 0.682998 0.148216 0.027448 0.0125074
 0.39847 0.367952 0.207848 0.0205292 0.00520072
 0.244843 0.664431 0.0691597 0.0193027 0.00226369
 0.315758 0.541035 0.135438 0.00601559 0.00175405
 0.292221 0.599964 0.0972055 0.0100712 0.000538366
 0.153151 0.676224 0.156715 0.0126051 0.0013045
 0.168985 0.572284 0.234031 0.0228089 0.0018904
 0.257528 0.540934 0.16816 0.0303711 0.00300732
 0.261588 0.648758 0.0798934 0.00826108 0.00149932
 0.276854 0.683746 0.0385936 0.000730428 7.60349e-05
 0.280939 0.675539 0.0431378 0.000377099 6.72049e-06
 0.201738 0.669187 0.126016 0.00303417 2.49687e-05
 0.286678 0.544211 0.156981 0.0118622 0.000267841
 0.2348 0.627805 0.120923 0.0153598 0.00111312
 0.250708 0.559622 0.171491 0.0161025 0.00207616
 0.275313 0.553208 0.147698 0.0216178 0.00216405
 0.22105 0.578889 0.170608 0.0255167 0.00393672
 0.255681 0.517704 0.190653 0.0308655 0.00509637
 0.265545 0.549732 0.150046 0.0293902 0.00528663
 0.0743588 0.691779 0.198511 0.0289657 0.0063861
 0.150246 0.325344 0.44162 0.0707278 0.012062
 0.109189 0.579986 0.165795 0.122986 0.0220443
pobs_RECLAS
 0 0 0 0 0
 0 0 0 0 0
 0 0 0 0 0
 0 0 0 0 0
 0.835266 0.146461 0.0176864 0.000547809 3.91292e-05
 0.385257 0.428462 0.181853 0.0044286 0
 0.867414 0.0963971 0.0333333 0.00285562 0
 0.441836 0.489002 0.0689373 0.000224442 0
 0.779404 0.147425 0.0564933 0.0165055 0.000172143
 0.814271 0.122319 0.05973 0.00367925 0
 0.40263 0.566651 0.0304383 0.000280538 0
 0.475488 0.404961 0.113038 0.00651328 0
 0.955842 0.0263864 0.0167828 0.000988607 0
 0.975058 0.0227948 0.00214734 0 0
 0.738997 0.206755 0.0527124 0.00153531 0
 0.850938 0.134255 0.0134407 0.00136685 0
 0.542534 0.407297 0.0501686 0 0
 0.764087 0.199537 0.0359546 0.000420521 0
 0.470689 0.182191 0.310203 0.0369168 0
 0.84361 0.089868 0.0606195 0.00523954 0.000663233
 0.607945 0.314616 0.071237 0.00620181 0
 0.523733 0.453247 0.0230204 0 0
 0.530135 0.295979 0.169645 0.0042399 0
 0.562478 0.366248 0.0663022 0.0049721 0
 0.250443 0.683176 0.0655157 0.000865301 0
 0.195077 0.31981 0.436473 0.0351445 0.0134964
 0.565238 0.351407 0.0832357 0.000118908 0
ppred_RECLAS
 0.438754 0.39871 0.143632 0.0188967 6.64413e-06
 0.568938 0.303566 0.101098 0.023537 0.00286064
 0.253267 0.627605 0.0949953 0.0194651 0.00466747
 0.500774 0.28709 0.193744 0.0149648 0.00342674
 0.63541 0.262368 0.0683548 0.0311374 0.00272972
 0.357263 0.524742 0.0920179 0.0177625 0.0082142
 0.71418 0.186928 0.0875333 0.00903495 0.00232318
 0.549403 0.40619 0.0335168 0.00973223 0.00115817
 0.641883 0.296507 0.0581329 0.00268301 0.000793805
 0.598793 0.348919 0.0469299 0.00508191 0.000275736
 0.41048 0.491432 0.0897902 0.00750952 0.000788598
 0.440029 0.410426 0.134718 0.0136767 0.00115033
 0.596912 0.31685 0.0715674 0.0133318 0.00133894
 0.668393 0.309413 0.0197761 0.00204282 0.000375388
 0.678072 0.31258 0.00915704 0.000173134 1.82478e-05
 0.601666 0.37975 0.0184133 0.000166745 3.01477e-06
 0.49508 0.439143 0.06416 0.00160374 1.33905e-05
 0.605658 0.315659 0.0728216 0.00572991 0.000131292
 0.528603 0.398955 0.0634101 0.00841327 0.000618835
 0.555515 0.347598 0.0872206 0.00854797 0.00111858
 0.574257 0.336195 0.0766032 0.0117508 0.00119415
 0.50381 0.382887 0.095919 0.0150293 0.00235383
 0.555443 0.323989 0.10065 0.017058 0.00285906
 0.565711 0.337625 0.0777972 0.0159536 0.00291303
 0.222461 0.602511 0.147436 0.0225452 0.00504589
 0.400635 0.251746 0.29045 0.0487328 0.00843676
 0.319358 0.471444 0.109288 0.0845331 0.0153773
pobs_PELACES
 0 0 0 0 0
 0 0 0 0 0
 0 0 0 0 0
 0 0 0 0 0
 0 0 0 0 0
 0 0 0 0 0
 0 0 0 0 0
 0 0 0 0 0
 0 0 0 0 0
 0 0 0 0 0
 0.450072 0.473896 0.0757376 0.000293798 0
 0 0 0 0 0
 0.463077 0.371075 0.160297 0.00555027 0
 0.529543 0.364841 0.0842815 0.0213345 0
 0.631943 0.363953 0.00410389 0 0
 0.735681 0.248677 0.0153453 0.000297389 0
 0.695825 0.281241 0.0229344 0 0
 0.275771 0.60734 0.115278 0.00161068 0
 0 0 0 0 0
 0.896147 0.0623911 0.0374545 0.00400742 0
 0.803859 0.145111 0.0509908 3.86294e-05 0
 0.739449 0.233085 0.0266225 0.000797448 4.60066e-05
 0.878498 0.100942 0.0204185 0.000141795 0
 0.694673 0.275183 0.0284847 0.00165964 0
 0.469039 0.446079 0.0841089 0.000773354 0
 0.822795 0.102175 0.0682046 0.00682512 0
 0 0 0 0 0
ppred_PELACES
 0.575244 0.324866 0.0888151 0.0110713 3.85413e-06
 0.703694 0.226408 0.0560661 0.0123458 0.00148547
 0.422884 0.514748 0.0504216 0.00965519 0.00229052
 0.635046 0.232631 0.121406 0.00889956 0.00201786
 0.719951 0.212182 0.0460766 0.0200492 0.00174101
 0.508805 0.42406 0.053063 0.00965354 0.00441872
 0.820262 0.129268 0.0449642 0.00438927 0.00111733
 0.697551 0.281391 0.0161344 0.00440522 0.000518825
 0.780541 0.192232 0.0257822 0.00111737 0.000327152
 0.718807 0.253107 0.0253498 0.00259667 0.000139483
 0.576412 0.372552 0.0469611 0.00369076 0.000383565
 0.60408 0.31522 0.073127 0.00699094 0.000581974
 0.774095 0.193243 0.0274264 0.00476238 0.000473134
 0.871719 0.124126 0.00373934 0.000351202 6.3754e-05
 0.874285 0.123971 0.00171176 2.94266e-05 3.06387e-06
 0.752556 0.239717 0.00766121 6.49376e-05 1.16168e-06
 0.661458 0.307453 0.0303711 0.000712141 5.88392e-06
 0.746306 0.215998 0.0350413 0.00259527 5.88559e-05
 0.6627 0.297728 0.0348797 0.00437382 0.000318483
 0.694709 0.254039 0.0464032 0.00429344 0.000556157
 0.682989 0.262383 0.0470735 0.00686373 0.000690718
 0.623256 0.306545 0.0599021 0.00891432 0.00138247
 0.678976 0.250199 0.0596464 0.00958723 0.00159105
 0.684828 0.258808 0.0458361 0.00891578 0.00161193
 0.315106 0.558438 0.107391 0.0156065 0.00345889
 0.543258 0.220882 0.198758 0.0316724 0.00542958
 0.475 0.400953 0.0666693 0.0486228 0.00875496
pobs_pel_tallas
 0 0 0 0 0 0 0 0 0 0 0 0 0 0 0 0 0 0 0 0 0 0 0 0 0 0 0 0 0 0 0 0 0 0 0 0
 0 0 0 0 0 0 0 0 0 0 0 0 0 0 0 0 0 0 0 0 0 0 0 0 0 0 0 0 0 0 0 0 0 0 0 0
 0 0 0 0 0 0 0 0 0 0 0 0 0 0 0 0 0 0 0 0 0 0 0 0 0 0 0 0 0 0 0 0 0 0 0 0
 0 0 0 0 0 0 0 0 0 0 0 0 0 0 0 0 0 0 0 0 0 0 0 0 0 0 0 0 0 0 0 0 0 0 0 0
 0 0 0 0 0 0 0 0 0 0 0 0 0 0 0 0 0 0 0 0 0 0 0 0 0 0 0 0 0 0 0 0 0 0 0 0
 0 0 0 0 0 0 0 0 0 0 0 0 0 0 0 0 0 0 0 0 0 0 0 0 0 0 0 0 0 0 0 0 0 0 0 0
 0 0 0 0 0 0 0 0 0 0 0 0 0 0 0 0 0 0 0 0 0 0 0 0 0 0 0 0 0 0 0 0 0 0 0 0
 0 0 0 0 0 0 0 0 0 0 0 0 0 0 0 0 0 0 0 0 0 0 0 0 0 0 0 0 0 0 0 0 0 0 0 0
 0 0 0 0 0 0 0 0 0 0 0 0 0 0 0 0 0 0 0 0 0 0 0 0 0 0 0 0 0 0 0 0 0 0 0 0
 0 0 0 0 0 0 0 0 0 0 0 0 0 0 0 0 0 0 0 0 0 0 0 0 0 0 0 0 0 0 0 0 0 0 0 0
 0 0 0 0 0 0 0 0 1.78061e-05 0.00172719 0.00360574 0.0105946 0.0120993 0.0124554 0.0147524 0.0171206 0.0266825 0.0428682 0.0675386 0.121331 0.153587 0.119568 0.100827 0.0573624 0.0630603 0.0341343 0.0324427 0.0444173 0.0211091 0.0280891 0.0125444 0.00206551 0 0 0 0
 0 0 0 0 0 0 0 0 0 0 0 0 0 0 0 0 0 0 0 0 0 0 0 0 0 0 0 0 0 0 0 0 0 0 0 0
 0 0 0 0 0 0 0.0133647 0.0140871 0.0187388 0.0205184 0.03894 0.0496705 0.03968 0.0493445 0.0407372 0.0367815 0.0215668 0.0243155 0.0234873 0.0199281 0.019796 0.0243948 0.0301388 0.0376714 0.0412746 0.0863199 0.0771752 0.113111 0.0741005 0.0525337 0.0229764 0.00759418 0.00175318 0 0 0
 0 0 0 0 0 0 0 0 0 0 0.00219441 0.00772107 0.0458388 0.0604681 0.0671733 0.0775358 0.0609151 0.0617685 0.073594 0.0568108 0.0755445 0.0548602 0.0670107 0.0636378 0.0643287 0.046367 0.0373049 0.0286899 0.0247887 0.0153202 0.00654259 0.00121912 0.000365735 0 0 0
 0 0 0 0 0 0 0 0 0 0 0 0 0.000112435 0.00938835 0.0111873 0.0202946 0.0414886 0.0713402 0.111592 0.104902 0.108894 0.110636 0.117776 0.105296 0.107544 0.0401394 0.0192827 0.0124803 0.00416011 0.0028671 0.000618394 0 0 0 0 0
 0 0 0 0 0 0 0 0 0 0 0.00291406 0.0102884 0.027416 0.0768956 0.0749926 0.110853 0.0956884 0.0897413 0.0766577 0.0534642 0.0500743 0.0551293 0.0594112 0.0620874 0.0668451 0.0424026 0.0208742 0.0120726 0.0048766 0.00582813 0.00118941 0.000297354 0 0 0 0
 0 0.00264628 0.0354308 0.0461629 0.0458689 0.0383711 0.0214643 0.0164657 0.0346957 0.0420465 0.0363128 0.0245516 0.0311673 0.0291091 0.0169068 0.0133784 0.00837989 0.0085269 0.0148486 0.0160247 0.0276389 0.0546898 0.0760071 0.122758 0.109233 0.0665981 0.0333725 0.0166128 0.00676272 0.00308733 0.000882094 0 0 0 0 0
 0 0 0 0 0 0 0 0.000805153 0.000690131 0.00759144 0.0133425 0.0154129 0.00931677 0.000345066 0.00356568 0.00563607 0.00851162 0.0253048 0.0502646 0.0516448 0.0657925 0.0565908 0.0611916 0.0827007 0.0866115 0.110766 0.145733 0.0935128 0.0569358 0.0249597 0.0138026 0.00621118 0.00161031 0.00115022 0 0
 0 0 0 0 0 0 0 0 0 0 0 0 0 0 0 0 0 0 0 0 0 0 0 0 0 0 0 0 0 0 0 0 0 0 0 0
 0.00147267 0.00158595 0.00478618 0.00569244 0.00954404 0.0108468 0.00647125 0.017049 0.0510054 0.094081 0.124002 0.0959785 0.0687766 0.0820023 0.061753 0.0591476 0.0492212 0.0479892 0.0443925 0.0268479 0.0217502 0.0140895 0.0121071 0.0120363 0.00920419 0.00665534 0.0049561 0.00860946 0.00930331 0.0156896 0.0114698 0.00855282 0.00243557 0.00046729 0 2.83206e-05
 0 0 0 0 0.000772559 0.00158375 0.000888443 0.00281984 0.00712685 0.0440552 0.0773331 0.111326 0.0921469 0.0852325 0.0710754 0.0886704 0.0786465 0.0553345 0.0373146 0.0185414 0.00753245 0.00457741 0.012979 0.0271748 0.0457355 0.0583668 0.034881 0.0177882 0.00938659 0.00492506 0.0015258 0.00185414 0.000309023 5.79419e-05 3.86279e-05 0
 0 0.00173294 0.00326652 0 0.00397197 0.00683976 0.00946217 0.0152591 0.00757587 0.0136028 0.0228656 0.0392903 0.0559909 0.0764795 0.0681675 0.0726916 0.0566044 0.0477403 0.0527397 0.0444891 0.0609904 0.0582453 0.0661739 0.0445044 0.0529084 0.0360697 0.0280645 0.0235558 0.0158879 0.00826598 0.00280645 0.00217768 0.000904811 0.00058276 9.20147e-05 0
 0 0 0 0 0 0 0 0 0 0 0 0 0 0 0 0 0 0 0 0 0 0 0 0 0 0 0 0 0 0 0 0 0 0 0 0
 0 0 0 0 0 0 0 0 0 0 0 0 0 0 0 0 0 0 0 0 0 0 0 0 0 0 0 0 0 0 0 0 0 0 0 0
 0 0 0 0 0 0 0 0 0 0 0 0 0 0 0 0 0 0 0 0 0 0 0 0 0 0 0 0 0 0 0 0 0 0 0 0
 0 0 0 0 0 0 0 0 0 0 0 0 0 0 0 0 0 0 0 0 0 0 0 0 0 0 0 0 0 0 0 0 0 0 0 0
 0 0 0 0 0 0 0 0 0 0 0 0 0 0 0 0 0 0 0 0 0 0 0 0 0 0 0 0 0 0 0 0 0 0 0 0
ppred_pel_tallas
 1.01748e-16 2.51093e-05 0.000147345 0.000700355 0.00269631 0.00840811 0.0212384 0.0434582 0.0720427 0.0967691 0.105351 0.0930388 0.0668438 0.0395022 0.0200905 0.0104175 0.00783171 0.00917021 0.0124617 0.0167562 0.0215127 0.0262378 0.0304027 0.0335041 0.0351673 0.0352294 0.0337712 0.0310841 0.0275884 0.0237297 0.0198905 0.0163374 0.013212 0.0105525 0.00833279 0.00649825
 1.01364e-16 3.07063e-05 0.000180213 0.000856635 0.00329806 0.0102847 0.0259784 0.0531557 0.0881134 0.11834 0.128793 0.113641 0.081428 0.0476833 0.0234432 0.0108406 0.00655314 0.00665406 0.00872281 0.0116612 0.0149579 0.0182378 0.0211275 0.0232771 0.0244275 0.0244679 0.0234571 0.0216003 0.0191908 0.0165387 0.0139079 0.0114804 0.00934972 0.00753782 0.0060222 0.00476209
 1.01323e-16 1.84733e-05 0.000108369 0.000515019 0.00198266 0.00618256 0.0156171 0.031958 0.0529864 0.071197 0.0775759 0.0686638 0.0496673 0.0300259 0.0165139 0.010579 0.0103855 0.0136827 0.0190141 0.0255545 0.0326419 0.0395302 0.0453871 0.04943 0.0511001 0.0501952 0.0469178 0.0418137 0.0356303 0.0291411 0.0229926 0.0176142 0.0132017 0.00975841 0.00716541 0.00525207
 1.022e-16 2.77134e-05 0.000162641 0.000773093 0.0029764 0.00928158 0.0234446 0.0479716 0.0795211 0.106803 0.116246 0.102591 0.0735559 0.0431661 0.0213966 0.0101919 0.00657558 0.00702486 0.00937063 0.012626 0.0163184 0.0200808 0.0235326 0.0263043 0.0281057 0.0287846 0.0283522 0.0269642 0.02487 0.0223466 0.0196423 0.0169438 0.0143698 0.0119839 0.00981571 0.00787876
 1.01494e-16 3.14146e-05 0.000184373 0.000876413 0.00337422 0.0105222 0.0265782 0.054383 0.0901472 0.121069 0.131758 0.116247 0.0832699 0.0487116 0.0238547 0.0108726 0.00635697 0.00628367 0.00817522 0.0109155 0.013999 0.0170687 0.0197749 0.0217916 0.0228784 0.0229336 0.0220143 0.0203135 0.0181055 0.0156781 0.0132743 0.0110589 0.0091138 0.00745396 0.00605449 0.00487549
 1.0143e-16 2.22162e-05 0.000130351 0.000619543 0.00238513 0.00743769 0.0187874 0.0384439 0.0637342 0.085621 0.0932458 0.0824235 0.0593809 0.0354205 0.0186197 0.010635 0.00917522 0.0114762 0.015787 0.0212004 0.0271035 0.0328675 0.0378047 0.0412691 0.0427958 0.0422108 0.0396706 0.0356125 0.0306397 0.025378 0.0203522 0.0159124 0.0122217 0.00928867 0.00702516 0.00530221
 1.00884e-16 3.57852e-05 0.00021004 0.000998455 0.00384414 0.0119876 0.0302797 0.0619558 0.102697 0.137914 0.150063 0.132331 0.0946511 0.0550857 0.0264473 0.0111615 0.00529513 0.00422856 0.00513613 0.0067912 0.00871867 0.010662 0.0124 0.0137294 0.0144974 0.0146331 0.0141609 0.0131877 0.0118717 0.0103828 0.00886861 0.0074339 0.00613746 0.00500033 0.00401997 0.00318351
 1.00497e-16 3.04406e-05 0.000178648 0.000849185 0.00326936 0.0101952 0.0257523 0.0526935 0.0873488 0.117318 0.127692 0.112699 0.080816 0.0474514 0.023563 0.0112855 0.00734265 0.00784949 0.0103954 0.013855 0.0176566 0.0213413 0.0244446 0.0265389 0.0273228 0.0266931 0.0247699 0.0218626 0.0183907 0.0147861 0.0114081 0.00849308 0.00614501 0.00435882 0.00305983 0.00214399
 1.00483e-16 3.40557e-05 0.000199881 0.000950144 0.00365811 0.0114075 0.0288144 0.0589581 0.0977299 0.131249 0.142827 0.125988 0.0901963 0.0526583 0.0255908 0.0113297 0.0061586 0.00569714 0.00725099 0.00961697 0.0122727 0.0148747 0.0170999 0.0186529 0.0193221 0.0190282 0.0178424 0.015964 0.0136683 0.0112417 0.00892513 0.00688089 0.0051858 0.00384605 0.00282266 0.00205683
 1.00539e-16 3.13663e-05 0.000184086 0.00087504 0.00336892 0.0105056 0.0265365 0.0542979 0.0900072 0.120885 0.131566 0.116098 0.0832095 0.0487682 0.0240529 0.0112481 0.00696328 0.00718628 0.00943524 0.0125686 0.0160339 0.0194099 0.0222772 0.024249 0.0250501 0.0245812 0.0229424 0.0204033 0.017333 0.014114 0.0110664 0.00840346 0.00622327 0.00452847 0.00326073 0.00233545
 1.00933e-16 2.51621e-05 0.000147651 0.000701799 0.00270186 0.00842539 0.0212821 0.043548 0.0721927 0.0969744 0.105584 0.093268 0.0670589 0.0397302 0.020391 0.0108695 0.00852184 0.0101829 0.013866 0.0185866 0.023747 0.0287795 0.0330761 0.0360673 0.0373446 0.0367561 0.0344413 0.0307885 0.0263328 0.0216303 0.0171484 0.0132006 0.00993439 0.00735979 0.005399 0.00393607
 1.01409e-16 2.63663e-05 0.000154725 0.000735444 0.00283142 0.00882944 0.0223027 0.0456356 0.0756515 0.101614 0.110619 0.0976747 0.0701392 0.0413787 0.0209133 0.010629 0.00772737 0.00887531 0.011998 0.0161037 0.0206436 0.0251313 0.0290518 0.0319185 0.0333727 0.0332649 0.0316853 0.0289302 0.0254207 0.021601 0.01785 0.0144289 0.0114718 0.00900794 0.00700013 0.00538205
 1.00639e-16 3.37747e-05 0.000198231 0.0009423 0.00362791 0.0113133 0.0285765 0.0584714 0.0969232 0.130166 0.141649 0.124951 0.0894574 0.0522346 0.0253993 0.0112698 0.00616188 0.00573299 0.00731199 0.00970567 0.0123947 0.015036 0.0173057 0.0189072 0.019627 0.0193839 0.018247 0.0164128 0.0141543 0.0117553 0.00945447 0.00741224 0.00570473 0.00433862 0.00327662 0.00246275
 1.00109e-16 3.80287e-05 0.000223212 0.00106108 0.00408526 0.0127395 0.032179 0.0658418 0.109138 0.146561 0.159468 0.140614 0.100552 0.0584719 0.0279818 0.0116486 0.00528042 0.00395499 0.00465888 0.00608275 0.00772313 0.00931766 0.0106501 0.0115307 0.0118275 0.0114974 0.0105966 0.00926564 0.00769373 0.00607511 0.00457098 0.00328693 0.00226851 0.00151159 0.000980114 0.000624371
 1.00066e-16 3.81406e-05 0.000223869 0.0010642 0.00409728 0.012777 0.0322737 0.0660356 0.109459 0.146992 0.159937 0.141027 0.100846 0.0586411 0.0280589 0.0116739 0.00528128 0.00394372 0.00463842 0.00605183 0.00767898 0.00925702 0.0105698 0.0114281 0.0117008 0.0113462 0.0104222 0.00907116 0.00748402 0.00585651 0.00435074 0.00307248 0.00206675 0.00132818 0.000819031 0.000487661
 1.0019e-16 3.28373e-05 0.000192723 0.000916107 0.00352704 0.0109987 0.027782 0.0568462 0.0942307 0.126555 0.137731 0.121522 0.0870627 0.0509576 0.0250039 0.0114756 0.00680968 0.00679454 0.00882752 0.0117197 0.0149117 0.0179942 0.0205673 0.0222669 0.0228385 0.0221985 0.0204556 0.017881 0.0148404 0.0117091 0.00879891 0.00631417 0.00434338 0.00287894 0.00185151 0.00116515
 1.00557e-16 2.88679e-05 0.000169413 0.000805272 0.00310027 0.00966786 0.0244204 0.0499686 0.0828331 0.111256 0.121105 0.106909 0.0767158 0.0451483 0.0226135 0.0111544 0.00768317 0.00852947 0.0114096 0.015241 0.0194456 0.0235337 0.026999 0.0293721 0.0303191 0.02972 0.0276977 0.0245814 0.0208219 0.0168861 0.013165 0.0099195 0.00726973 0.005219 0.00369568 0.00259542
 1.0066e-16 3.25639e-05 0.00019112 0.00090849 0.00349772 0.0109073 0.0275511 0.0563735 0.0934465 0.1255 0.136578 0.120495 0.0863049 0.0504697 0.0246828 0.0111929 0.00646167 0.00631185 0.00816936 0.0108721 0.0138927 0.0168601 0.0194142 0.0212224 0.0220449 0.0217885 0.0205281 0.0184814 0.0159519 0.0132562 0.010662 0.00835069 0.00641015 0.00485123 0.00363549 0.00270289
 1.00758e-16 2.89216e-05 0.000169729 0.000806778 0.00310608 0.00968596 0.0244661 0.0500621 0.0829877 0.111463 0.121328 0.1071 0.0768415 0.0451991 0.0225961 0.0110756 0.00754077 0.00831278 0.0111054 0.0148406 0.0189508 0.0229611 0.0263817 0.0287579 0.0297639 0.0292796 0.0274183 0.0244916 0.0209285 0.0171741 0.0136017 0.0104612 0.00786883 0.00583072 0.00428275 0.00313058
 1.00916e-16 3.03156e-05 0.000177917 0.000845713 0.003256 0.0101535 0.025647 0.052478 0.0869909 0.116835 0.127161 0.112218 0.0804436 0.0471779 0.0233264 0.0110067 0.00694944 0.0072839 0.00961652 0.0128456 0.0164335 0.0199642 0.0230182 0.0252044 0.0262386 0.0260081 0.0245959 0.0222528 0.01933 0.0161949 0.013159 0.010434 0.00812446 0.00624593 0.00475775 0.00359464
 1.01022e-16 2.98049e-05 0.000174918 0.000831454 0.0032011 0.00998228 0.0252146 0.0515932 0.0855246 0.114867 0.125022 0.110338 0.0791116 0.0464288 0.0230157 0.0109601 0.00705335 0.00749417 0.00992996 0.0132728 0.0169831 0.0206352 0.0237969 0.0260649 0.0271458 0.0269232 0.0254829 0.0230831 0.0200852 0.0168676 0.0137501 0.0109499 0.00857332 0.00663572 0.00509478 0.00388347
 1.01322e-16 2.72021e-05 0.000159633 0.000758778 0.00292126 0.00910961 0.0230103 0.0470835 0.0780511 0.104835 0.114121 0.100755 0.0723263 0.0426183 0.021446 0.0107454 0.00761953 0.00862165 0.0116082 0.0155611 0.0199288 0.0242334 0.0279737 0.0306783 0.0320029 0.0318083 0.0301902 0.0274452 0.0239905 0.0202635 0.0166346 0.0133565 0.0105542 0.0082486 0.0063943 0.00491798
 1.01333e-16 2.96294e-05 0.000173889 0.000826564 0.00318227 0.00992359 0.0250663 0.0512897 0.0850212 0.11419 0.124284 0.109681 0.0786298 0.0461246 0.0228255 0.0108048 0.00687077 0.00724411 0.00958973 0.0128347 0.0164563 0.0200491 0.0232014 0.0255269 0.0267402 0.0267209 0.0255374 0.0234208 0.0207003 0.0177234 0.014786 0.0120918 0.00974541 0.00777004 0.00613815 0.0048007
 1.01117e-16 2.9885e-05 0.000175388 0.00083369 0.00320971 0.0100091 0.0252824 0.051732 0.0857545 0.115175 0.125357 0.110631 0.0793164 0.0465385 0.0230506 0.0109441 0.00700036 0.00740648 0.0098038 0.0131036 0.0167692 0.0203803 0.0235107 0.0257631 0.0268485 0.026652 0.0252575 0.0229187 0.0199906 0.0168443 0.013793 0.0110489 0.00871522 0.006806 0.00527932 0.00406972
 1.02405e-16 1.37756e-05 8.07844e-05 0.000383871 0.00147769 0.00460782 0.0116395 0.0238199 0.0394989 0.0530906 0.0578907 0.0513435 0.0373637 0.0230374 0.0134826 0.00986168 0.0108908 0.0149556 0.0209856 0.0283061 0.036276 0.0441103 0.0509118 0.0558244 0.0582217 0.0578515 0.0548894 0.0498773 0.0435765 0.0367848 0.0301776 0.0242149 0.0191237 0.0149402 0.0115804 0.00890903
 1.04236e-16 2.37106e-05 0.000139142 0.000661379 0.00254628 0.00794026 0.0200566 0.0410393 0.0680306 0.0913738 0.0994605 0.0877974 0.062993 0.0370567 0.0185375 0.00911969 0.00628225 0.00703884 0.00955914 0.0130174 0.017016 0.0212317 0.0253118 0.0288958 0.0316765 0.033454 0.0341631 0.0338628 0.0326989 0.0308556 0.0285143 0.0258309 0.0229337 0.0199322 0.0169282 0.0140212
 1.03157e-16 2.07412e-05 0.000121693 0.00057839 0.00222669 0.0069436 0.0175393 0.0358901 0.0595007 0.0799346 0.0870554 0.0769572 0.0554552 0.0331041 0.0174495 0.0100443 0.00875784 0.0110195 0.0152053 0.0204786 0.0262758 0.0320151 0.0370554 0.0407882 0.0427676 0.0428115 0.0410389 0.0378242 0.0336921 0.0291878 0.024766 0.0207275 0.0172122 0.0142317 0.0117234 0.00959972
pSPR Fmed_Fpbrs
0.539759   0.6 0.325
Fs Fmed_Fpbrs
0.64   0.490842 1.77314
SSBpbr Bo_Bmed_Bpbrs
522335  255818  287284 143642
Ro
25848.3
SPR SPRFo_SPRFmed_SPRFpbrs
533877 288165 173510
log_Ro
9.98
likeval ReclasPelacesDesembMPH_pf_preclas_ppelaces_ptallas_desvR_qrecl_qpela
 77.0457 11.453 0.0802373 16.2451 336.756 210.236 56.7599 0 21.1388 3.08557e-05 0.000210972 9.30089e-14 0 0 0
q_reclas_q_pelaces
2.1971 7.89675
M
0.7
N
 26801.9 12974.3 3984.7 490.731 0.169794
 41667.5 12396.8 3630.42 793.31 94.8951
 10091.8 19025.4 3125.29 612.114 144.603
 14414.4 4220.54 2360 170.215 38.3508
 37833.8 6746.99 1300.12 547.605 47.2105
 20677.2 18568.6 3047.57 555.147 252.747
 62884.6 9198.6 3793.53 367.562 93.0208
 59820 28694.8 2307.03 634.363 74.3354
 84307.7 26169 5119.15 224.194 65.3227
 112754 36517.9 4309.62 437.936 23.3863
 65280.7 51530.8 9274.34 735.208 76.0283
 48791.6 28428.2 8861.44 850.019 70.3906
 50015.2 21574.5 5530.15 988.499 97.8271
 28683.7 20530.8 2302.22 236.965 42.9968
 13772.9 9816.89 504.555 9.50561 0.989262
 10227.5 4713.72 241.256 2.08325 0.0371028
 7072.3 4327.15 642.077 15.2528 0.125428
 9235.49 3040.78 671.268 49.9389 1.12665
 9485.35 4070.76 576.534 71.8798 5.20395
 11772.5 4307.13 981.401 90.5265 11.6609
 18467.2 5303.72 974.353 139.236 13.9205
 22964.4 8743.04 1791.21 261.777 40.3373
 35658.3 10807.9 2814.71 445.889 73.5382
 53748.7 16609.5 3200.76 613.394 110.207
 18781.5 25061.1 4958.86 706.57 155.581
 28204.5 8881.06 8381.29 1311.65 223.416
 14877.6 13273 2857.22 2084.14 373.234
pred_Ctot
 1327.04 4208.34 1807.27 227.257 0.0787184
 2424.5 4561.48 1831.46 407.993 48.8538
 1156.81 11076 2244.28 444.643 105.104
 597.214 1184.31 943.952 69.6228 15.7053
 317.581 441.046 132.168 57.3434 4.95157
 1558.57 8262.81 1793.1 332.061 151.313
 3685.96 3403.65 1922.66 189.901 48.1081
 5159.61 14001.7 1457.42 406.769 47.7033
 7806.53 13376.1 3348.44 148.724 43.3655
 6492.12 13329.1 2159.56 223.745 11.9606
 5821.25 25703.1 5956.69 479.116 49.5837
 3870.44 13107.6 5360.23 522.413 43.2977
 6304.87 13243.3 4116.94 743.555 73.6262
 6549.66 16243.6 2000.37 206.841 37.54
 3144.91 7766.97 438.402 8.29725 0.863713
 1098.71 2641.94 168.706 1.47478 0.0262829
 688.13 2282.59 429.839 10.3496 0.0851681
 751.644 1426.88 411.591 31.1018 0.702256
 586.89 1569.22 302.251 38.3925 2.78229
 789.855 1763.09 540.284 50.7311 6.54096
 620.816 1247.46 333.051 48.7471 4.87983
 865.629 2266.93 668.101 99.9232 15.4162
 1595.82 3231.22 1189.95 192.645 31.8087
 2368.82 4903.94 1338.5 262.178 47.1599
 647.081 6019.96 1727.47 252.064 55.5727
 1064.77 2305.65 3129.68 501.235 85.4813
 1089.5 5787.14 1654.31 1227.16 219.96
F
 0.0710298 0.57362 0.914003 0.943469 0.945072
 0.0839444 0.677916 1.08019 1.11501 1.11691
 0.171762 1.38711 2.21022 2.28147 2.28535
 0.0591288 0.477511 0.760863 0.785391 0.786726
 0.0117327 0.0947505 0.150975 0.155842 0.156107
 0.10998 0.888172 1.41521 1.46083 1.46332
 0.0845851 0.68309 1.08843 1.12352 1.12543
 0.126765 1.02373 1.6312 1.68379 1.68665
 0.136671 1.10373 1.75867 1.81537 1.81845
 0.0830324 0.67055 1.06845 1.1029 1.10477
 0.131315 1.06047 1.68975 1.74422 1.74719
 0.116047 0.937167 1.49328 1.54142 1.54404
 0.190401 1.53764 2.45006 2.52904 2.53334
 0.372225 3.006 4.78975 4.94416 4.95256
 0.372225 3.006 4.78975 4.94416 4.95256
 0.160173 1.29352 2.06109 2.12754 2.13116
 0.144072 1.1635 1.85391 1.91367 1.91693
 0.119225 0.962834 1.53417 1.58363 1.58632
 0.0894779 0.722603 1.15139 1.18851 1.19053
 0.0973594 0.786252 1.25281 1.2932 1.2954
 0.0477376 0.385518 0.614282 0.634086 0.635163
 0.0536666 0.433399 0.690576 0.712838 0.71405
 0.0640048 0.516888 0.823606 0.850158 0.851603
 0.0630035 0.508802 0.810722 0.836858 0.83828
 0.0489506 0.395314 0.629891 0.650197 0.651302
 0.0537499 0.434072 0.691647 0.713945 0.715158
 0.106697 0.861663 1.37297 1.41723 1.41964
Np
 16473.8 7884.36 2447.99 860.2 142.607
YTP_r0W_actual
 3184.14 54033.9 25053.6 23942.2 4764.61
YTP_p0W_proyectada
 3525.75 27032.4 24416 4129.56 3586.89
 3525.75 32096.9 21465.2 9881.84 1820.48
CTP_r0_actual
 388.309 2501.57 797.886 597.063 107.07
CTP_p0_proyectada
 429.97 1251.5 777.58 102.981 80.6042
 429.97 1485.97 683.606 246.43 40.9098
Wmedp
 8.2 21.6 31.4 40.1 44.5
nmprior
 10.8 10.6 4.6 0
nm_flota  nm_reclas  nm_pelaces    nm_pelaL
inf 22.2529 14.8483 43.6864
cv_recla  cv_pelaces  cv_mph
0.76016 0.370723 0.5386
 ------------------------------------------------
Talla a la edad & desviaci?n 
 7.2 14.2025 17.0495 18.207 18.6776
 1.08 2.13037 2.55742 2.73105 2.80164
