years
 1997 1998 1999 2000 2001 2002 2003 2004 2005 2006 2007 2008 2009 2010 2011 2012 2013 2014 2015 2016 2017 2018 2019 2020 2021 2022 2023
reclasobs
 0 0 0 370054 412103 1.49427e+06 250295 1.28982e+06 931140 785840 897777 1.04006e+06 184774 17550 25797 100020 73551 82996 120727 218422 84188 347160 605670 569463 516374 1.08416e+06 1.01767e+06
reclaspred
 477473 131133 397698 269311 374864 449812 969508 660765 759529 721078 586765 392964 235619 101733 67966.7 66723.3 77677 107766 122221 174393 259065 248208 436845 579477 718675 683740 682216
pelacesobs
 0 0 0 0 0 0 0 0 0 2.06254e+06 1.5e+06 0 1.87456e+06 323000 250000 174000 83755 137374 0 501740 490994 745055 786931 1.00524e+06 1.33801e+06 1.41789e+06 0
pelacespred
 1.94044e+06 439246 817488 850807 1.03583e+06 965966 2.53464e+06 2.05283e+06 2.15363e+06 2.02472e+06 1.42473e+06 983583 594284 204462 144260 149282 182305 260468 292888 419458 708900 635820 923084 1.40522e+06 1.6706e+06 1.75859e+06 1.68791e+06
mphobs
 0 0 0 0 0 0 112323 0 153150 637223 0 255016 313432 73983 77613 109348 50772 17779 17303 59886 28197 0 207744 136588 643089 65757 70829
mphpred
 155647 95370.7 115640 134352 135375 203285 301998 357521 314718 332110 313746 216926 127958 108362 46907 40863.5 44771 60948.6 28692.5 33360.1 53069.9 66344.2 84099.8 125975 169319 171406 158986
desembarqueobs
 350755 77701 442110 56441 14545 235359 269955 359681 431902 328805 639364 411747 362871 311530 167758 66681 60226 58785 57116 73181 50977 67692 138656 160484 209506 203330 245020
desembarquepred
 350766 77704.8 442158 56444.2 14545.2 235435 270002 359704 431951 328846 639564 411966 363227 311906 167733 66697.1 60260.6 58786.8 57108 73183.2 50978.5 67684.9 138662 160493 209510 203331 245012
Reclutas
 48687.5 59047.9 33820.7 47183.3 79181.4 58023.2 99775 96647.5 126238 125659 65466.5 41935.4 43629.6 24787.2 17024.8 16005.1 11897.3 15303.9 18401.3 28705.4 38131.3 51635.6 80193.6 110010 46476.8 67211.5 108974
log_desv_Rt
 0.0331774 0.226105 -0.331171 0.00179508 0.519497 0.208598 0.750673 0.718826 0.985923 0.981323 0.329294 -0.116114 -0.0765094 -0.641917 -1.01757 -1.07933 -1.37593 -1.12414 -0.939823 -0.49516 -0.211209 0.0919671 0.532199 0.848329 -0.013292 0.355599 0.838866
SSB
 594306 364154 441547 512996 516903 776204 1.12377e+06 1.35117e+06 1.17672e+06 1.2437e+06 1.19798e+06 828290 504003 256948 116102 101382 115232 149872 194840 237557 358743 437608 569518 816643 1.19523e+06 1.2423e+06 1.0874e+06
BT
 2.03936e+06 527916 977356 827512 945571 1.05826e+06 2.46999e+06 2.25695e+06 2.33663e+06 2.14158e+06 1.85971e+06 1.26462e+06 889462 477940 268503 189051 213413 281977 312383 436729 680922 636720 927456 1.39764e+06 1.66814e+06 1.76393e+06 1.73121e+06
Ftot
 0.532897 0.429094 0.646757 0.13111 0.0269477 0.27789 0.180221 0.346178 0.383684 0.288725 0.585125 0.552859 0.900986 1.68332 1.68865 0.651971 0.501444 0.359677 0.282836 0.27802 0.128483 0.162849 0.187225 0.178479 0.152205 0.161396 0.217032
BD_Bspro_t
 0.937156 0.72403 0.676466 0.534467 0.659549 0.791355 0.74951 0.761019 0.704404 0.674026 0.639803 0.478462 0.363161 0.252133 0.14695 0.156522 0.230481 0.355697 0.476796 0.584464 0.700877 0.788857 0.80308 0.810458 0.823432 0.784474 0.760391
BD_Bspro
 0.610931 0.374341 0.4539 0.527346 0.531363 0.797918 1.15521 1.38897 1.20963 1.2785 1.23149 0.851461 0.518102 0.264136 0.11935 0.104218 0.118456 0.154064 0.200291 0.244202 0.368779 0.44985 0.58545 0.839488 1.22866 1.27705 1.11782
BD_Bo
 0.366176 0.224371 0.272056 0.316078 0.318485 0.478251 0.692403 0.83251 0.725024 0.766297 0.738125 0.510344 0.310537 0.158316 0.0715352 0.0624655 0.0709994 0.0923422 0.120049 0.146368 0.221037 0.269628 0.350904 0.503168 0.736428 0.765431 0.669991
BD_Brms
 0.665775 0.407947 0.494647 0.574687 0.579064 0.869548 1.25892 1.51365 1.31823 1.39327 1.34205 0.927898 0.564613 0.287847 0.130064 0.113574 0.12909 0.167895 0.218271 0.266124 0.401885 0.490233 0.638006 0.91485 1.33896 1.39169 1.21817
S_f
 0.169257 1 1 1 1
 0.169257 1 1 1 1
 0.169257 1 1 1 1
 0.169257 1 1 1 1
 0.169257 1 1 1 1
 0.169257 1 1 1 1
 0.169257 1 1 1 1
 0.169257 1 1 1 1
 0.169257 1 1 1 1
 0.169257 1 1 1 1
 0.169257 1 1 1 1
 0.169257 1 1 1 1
 0.169257 1 1 1 1
 0.169257 1 1 1 1
 0.169257 1 1 1 1
 0.169257 1 1 1 1
 0.169257 1 1 1 1
 0.169257 1 1 1 1
 0.169257 1 1 1 1
 0.169257 1 1 1 1
 0.169257 1 1 1 1
 0.169257 1 1 1 1
 0.169257 1 1 1 1
 0.169257 1 1 1 1
 0.169257 1 1 1 1
 0.169257 1 1 1 1
 0.169257 1 1 1 1
Scru_reclas
 0.813483 1 1 1 1
 0.813483 1 1 1 1
 0.813483 1 1 1 1
 0.813483 1 1 1 1
 0.813483 1 1 1 1
 0.813483 1 1 1 1
 0.813483 1 1 1 1
 0.813483 1 1 1 1
 0.813483 1 1 1 1
 0.813483 1 1 1 1
 0.813483 1 1 1 1
 0.813483 1 1 1 1
 0.813483 1 1 1 1
 0.813483 1 1 1 1
 0.813483 1 1 1 1
 0.813483 1 1 1 1
 0.813483 1 1 1 1
 0.813483 1 1 1 1
 0.813483 1 1 1 1
 0.813483 1 1 1 1
 0.813483 1 1 1 1
 0.813483 1 1 1 1
 0.813483 1 1 1 1
 0.813483 1 1 1 1
 0.813483 1 1 1 1
 0.813483 1 1 1 1
 0.813483 1 1 1 1
Scru_pelaces
 1 1 1 1 1
 1 1 1 1 1
 1 1 1 1 1
 1 1 1 1 1
 1 1 1 1 1
 1 1 1 1 1
 1 1 1 1 1
 1 1 1 1 1
 1 1 1 1 1
 1 1 1 1 1
 1 1 1 1 1
 1 1 1 1 1
 1 1 1 1 1
 1 1 1 1 1
 1 1 1 1 1
 1 1 1 1 1
 1 1 1 1 1
 1 1 1 1 1
 1 1 1 1 1
 1 1 1 1 1
 1 1 1 1 1
 1 1 1 1 1
 1 1 1 1 1
 1 1 1 1 1
 1 1 1 1 1
 1 1 1 1 1
 1 1 1 1 1
pf_obs 
 0.256992 0.487395 0.22802 0.0275931 0
 0.321318 0.546541 0.124235 0.00734118 0.000564706
 0.182869 0.594174 0.210203 0.0122559 0.00049798
 0.330522 0.361315 0.267642 0.0388342 0.00168674
 0.649043 0.306663 0.0425973 0.00169635 0
 0.582887 0.30429 0.105238 0.00758474 0
 0.465427 0.430635 0.0974691 0.00646863 0
 0.296916 0.608066 0.0921331 0.00288517 0
 0.311714 0.524322 0.152257 0.0117073 0
 0.15457 0.633149 0.183074 0.0267441 0.00246327
 0.131901 0.49318 0.331252 0.0422183 0.00144891
 0.196976 0.569456 0.194076 0.0375587 0.00193317
 0.518974 0.381816 0.0799577 0.0180837 0.00116848
 0.0928022 0.601141 0.25162 0.0475244 0.00691264
 0.122501 0.610282 0.24278 0.0234846 0.000952079
 0.383417 0.481906 0.127806 0.00687128 0
 0.0376549 0.599619 0.316969 0.0457579 0
 0.0361596 0.667082 0.258105 0.0386534 0
 0.158088 0.579412 0.248529 0.0139706 0
 0.0477256 0.309471 0.559284 0.082774 0.000745712
 0.0406174 0.521527 0.379366 0.0568643 0.0016247
 0.151134 0.462217 0.34131 0.0453401 0
 0.294876 0.26143 0.354403 0.0886775 0.000613685
 0.281977 0.475581 0.204845 0.0348837 0.00271318
 0.0841818 0.532909 0.334909 0.0458182 0.00218182
 0.115287 0.27431 0.454777 0.147771 0.00785563
 0 0 0 0 0
pf_pred 
 0.34873 0.459963 0.171128 0.0201685 1.08828e-05
 0.297069 0.564963 0.0974412 0.0362527 0.00427491
 0.164962 0.629778 0.164972 0.0284534 0.0118343
 0.255074 0.458509 0.216013 0.0565852 0.0138186
 0.287342 0.486507 0.139198 0.0655791 0.0213738
 0.163768 0.591159 0.167303 0.0478682 0.0299019
 0.27166 0.414412 0.221926 0.0628068 0.0291955
 0.213545 0.555055 0.131662 0.0705078 0.0292299
 0.2612 0.48336 0.180282 0.0427638 0.0323948
 0.222946 0.555653 0.144852 0.0540262 0.0225233
 0.130917 0.573895 0.211082 0.0550265 0.0290797
 0.136551 0.46789 0.261205 0.0960729 0.0382805
 0.224181 0.426612 0.18923 0.10564 0.0543369
 0.215172 0.571218 0.117461 0.0521014 0.044047
 0.293237 0.563309 0.10441 0.0214701 0.0175745
 0.313376 0.587984 0.0786184 0.0145721 0.00544927
 0.209664 0.622477 0.143744 0.0192198 0.00489461
 0.265298 0.489544 0.193089 0.0445887 0.00748016
 0.256714 0.532913 0.140175 0.0552887 0.0149093
 0.30125 0.489145 0.15028 0.039529 0.0197957
 0.270024 0.543102 0.130817 0.040191 0.0158658
 0.259052 0.517843 0.16599 0.0399821 0.0171328
 0.286662 0.492482 0.154354 0.0494769 0.0170243
 0.270837 0.526226 0.140106 0.0439122 0.0189189
 0.0995085 0.634603 0.191888 0.0510895 0.0229113
 0.180984 0.337592 0.339274 0.102588 0.0395626
 0.264173 0.430304 0.125934 0.126562 0.0530273
pobs_RECLAS
 0 0 0 0 0
 0 0 0 0 0
 0 0 0 0 0
 0 0 0 0 0
 0.835266 0.146461 0.0176864 0.000547809 3.91292e-05
 0.385257 0.428462 0.181853 0.0044286 0
 0.867414 0.0963971 0.0333333 0.00285562 0
 0.441836 0.489002 0.0689373 0.000224442 0
 0.779404 0.147425 0.0564933 0.0165055 0.000172143
 0.814271 0.122319 0.05973 0.00367925 0
 0.40263 0.566651 0.0304383 0.000280538 0
 0.475488 0.404961 0.113038 0.00651328 0
 0.955842 0.0263864 0.0167828 0.000988607 0
 0.975058 0.0227948 0.00214734 0 0
 0.738997 0.206755 0.0527124 0.00153531 0
 0.850938 0.134255 0.0134407 0.00136685 0
 0.542534 0.407297 0.0501686 0 0
 0.764087 0.199537 0.0359546 0.000420521 0
 0.470689 0.182191 0.310203 0.0369168 0
 0.84361 0.089868 0.0606195 0.00523954 0.000663233
 0.607945 0.314616 0.071237 0.00620181 0
 0.523733 0.453247 0.0230204 0 0
 0.530135 0.295979 0.169645 0.0042399 0
 0.562478 0.366248 0.0663022 0.0049721 0
 0.250443 0.683176 0.0655157 0.000865301 0
 0.195077 0.31981 0.436473 0.0351445 0.0134964
 0.565238 0.351407 0.0832357 0.000118908 0
ppred_RECLAS
 0.727495 0.192458 0.0716033 0.0084389 4.5536e-06
 0.676214 0.260234 0.0448836 0.0166988 0.00196912
 0.498864 0.377952 0.0990057 0.0170759 0.00710217
 0.623671 0.231634 0.109128 0.0285863 0.00698102
 0.659913 0.232166 0.0664266 0.031295 0.0101998
 0.488962 0.361269 0.102242 0.0292533 0.0182736
 0.644198 0.202445 0.108413 0.0306818 0.0142623
 0.571396 0.302495 0.0717535 0.0384254 0.0159298
 0.635148 0.238704 0.089031 0.0211187 0.015998
 0.58382 0.297601 0.0775808 0.0289358 0.0120632
 0.430077 0.376346 0.138423 0.036085 0.0190698
 0.441307 0.302748 0.169012 0.0621639 0.0247693
 0.599396 0.220286 0.0977113 0.0545484 0.0280575
 0.61353 0.281283 0.0578409 0.0256562 0.0216899
 0.706279 0.234103 0.0433915 0.00892267 0.00730372
 0.697062 0.259418 0.0346864 0.00642919 0.00240422
 0.568775 0.339637 0.07843 0.0104868 0.0026706
 0.639604 0.240137 0.0947166 0.0218722 0.00366927
 0.627971 0.266733 0.0701602 0.0276731 0.00746238
 0.678078 0.225355 0.0692359 0.0182115 0.00912009
 0.641581 0.266664 0.0642313 0.0197338 0.00779013
 0.628988 0.259298 0.0831156 0.0200201 0.00857886
 0.661198 0.233906 0.0733111 0.0234992 0.00808576
 0.643218 0.257484 0.0685544 0.0214864 0.00925709
 0.348745 0.458959 0.138777 0.0369491 0.0165699
 0.517242 0.198989 0.19998 0.0604689 0.0233196
 0.635943 0.212897 0.062307 0.0626174 0.0262357
pobs_PELACES
 0 0 0 0 0
 0 0 0 0 0
 0 0 0 0 0
 0 0 0 0 0
 0 0 0 0 0
 0 0 0 0 0
 0 0 0 0 0
 0 0 0 0 0
 0 0 0 0 0
 0 0 0 0 0
 0.450072 0.473896 0.0757376 0.000293798 0
 0 0 0 0 0
 0.463077 0.371075 0.160297 0.00555027 0
 0.529543 0.364841 0.0842815 0.0213345 0
 0.631943 0.363953 0.00410389 0 0
 0.735681 0.248677 0.0153453 0.000297389 0
 0.695825 0.281241 0.0229344 0 0
 0.275771 0.60734 0.115278 0.00161068 0
 0 0 0 0 0
 0.896147 0.0623911 0.0374545 0.00400742 0
 0.803859 0.145111 0.0509908 3.86294e-05 0
 0.739449 0.233085 0.0266225 0.000797448 4.60066e-05
 0.878498 0.100942 0.0204185 0.000141795 0
 0.694673 0.275183 0.0284847 0.00165964 0
 0.469039 0.446079 0.0841089 0.000773354 0
 0.822795 0.102175 0.0682046 0.00682512 0
 0 0 0 0 0
ppred_PELACES
 0.79158 0.147198 0.0547646 0.00645435 3.48274e-06
 0.742784 0.20673 0.0356555 0.0132655 0.00156427
 0.593678 0.306444 0.080274 0.0138451 0.00575846
 0.678641 0.1978 0.0931876 0.0244108 0.00596132
 0.706143 0.200606 0.0573969 0.0270409 0.00881327
 0.559332 0.311522 0.0881634 0.0252251 0.0157574
 0.700455 0.170435 0.0912715 0.0258306 0.0120072
 0.643109 0.251882 0.0597479 0.0319962 0.0132645
 0.703909 0.193718 0.072252 0.0171386 0.0129829
 0.65114 0.249461 0.0650314 0.0242551 0.0101119
 0.521312 0.316099 0.116263 0.0303084 0.016017
 0.530495 0.254418 0.142032 0.0522402 0.0208152
 0.701904 0.163919 0.0727086 0.0405904 0.0208781
 0.755853 0.177696 0.0365401 0.0162079 0.0137023
 0.824443 0.139924 0.0259351 0.00533308 0.00436543
 0.771801 0.195416 0.0261288 0.00484301 0.00181106
 0.65039 0.275357 0.0635861 0.008502 0.00216516
 0.706549 0.195531 0.0771227 0.0178094 0.00298769
 0.691574 0.221132 0.0581654 0.022942 0.00618658
 0.73645 0.184492 0.0566817 0.0149093 0.00746639
 0.69506 0.226875 0.0546474 0.0167894 0.00662777
 0.685454 0.219834 0.0704658 0.0169731 0.0072732
 0.716343 0.195834 0.0613786 0.0196744 0.00676968
 0.699458 0.216897 0.0577481 0.0180995 0.00779789
 0.406994 0.417909 0.126365 0.0336443 0.0150879
 0.579245 0.173432 0.174296 0.0527026 0.0203246
 0.695027 0.178345 0.0521951 0.0524551 0.0219778
pobs_pel_tallas
 0 0 0 0 0 0 0 0 0 0 0 0 0 0 0 0 0 0 0 0 0 0 0 0 0 0 0 0 0 0 0 0 0 0 0 0
 0 0 0 0 0 0 0 0 0 0 0 0 0 0 0 0 0 0 0 0 0 0 0 0 0 0 0 0 0 0 0 0 0 0 0 0
 0 0 0 0 0 0 0 0 0 0 0 0 0 0 0 0 0 0 0 0 0 0 0 0 0 0 0 0 0 0 0 0 0 0 0 0
 0 0 0 0 0 0 0 0 0 0 0 0 0 0 0 0 0 0 0 0 0 0 0 0 0 0 0 0 0 0 0 0 0 0 0 0
 0 0 0 0 0 0 0 0 0 0 0 0 0 0 0 0 0 0 0 0 0 0 0 0 0 0 0 0 0 0 0 0 0 0 0 0
 0 0 0 0 0 0 0 0 0 0 0 0 0 0 0 0 0 0 0 0 0 0 0 0 0 0 0 0 0 0 0 0 0 0 0 0
 0 0 0 0 0 0 0 0 0 0 0 0 0 0 0 0 0 0 0 0 0 0 0 0 0 0 0 0 0 0 0 0 0 0 0 0
 0 0 0 0 0 0 0 0 0 0 0 0 0 0 0 0 0 0 0 0 0 0 0 0 0 0 0 0 0 0 0 0 0 0 0 0
 0 0 0 0 0 0 0 0 0 0 0 0 0 0 0 0 0 0 0 0 0 0 0 0 0 0 0 0 0 0 0 0 0 0 0 0
 0 0 0 0 0 0 0 0 0 0 0 0 0 0 0 0 0 0 0 0 0 0 0 0 0 0 0 0 0 0 0 0 0 0 0 0
 0 0 0 0 0 0 0 0 1.78061e-05 0.00172719 0.00360574 0.0105946 0.0120993 0.0124554 0.0147524 0.0171206 0.0266825 0.0428682 0.0675386 0.121331 0.153587 0.119568 0.100827 0.0573624 0.0630603 0.0341343 0.0324427 0.0444173 0.0211091 0.0280891 0.0125444 0.00206551 0 0 0 0
 0 0 0 0 0 0 0 0 0 0 0 0 0 0 0 0 0 0 0 0 0 0 0 0 0 0 0 0 0 0 0 0 0 0 0 0
 0 0 0 0 0 0 0.0133647 0.0140871 0.0187388 0.0205184 0.03894 0.0496705 0.03968 0.0493445 0.0407372 0.0367815 0.0215668 0.0243155 0.0234873 0.0199281 0.019796 0.0243948 0.0301388 0.0376714 0.0412746 0.0863199 0.0771752 0.113111 0.0741005 0.0525337 0.0229764 0.00759418 0.00175318 0 0 0
 0 0 0 0 0 0 0 0 0 0 0.00219441 0.00772107 0.0458388 0.0604681 0.0671733 0.0775358 0.0609151 0.0617685 0.073594 0.0568108 0.0755445 0.0548602 0.0670107 0.0636378 0.0643287 0.046367 0.0373049 0.0286899 0.0247887 0.0153202 0.00654259 0.00121912 0.000365735 0 0 0
 0 0 0 0 0 0 0 0 0 0 0 0 0.000112435 0.00938835 0.0111873 0.0202946 0.0414886 0.0713402 0.111592 0.104902 0.108894 0.110636 0.117776 0.105296 0.107544 0.0401394 0.0192827 0.0124803 0.00416011 0.0028671 0.000618394 0 0 0 0 0
 0 0 0 0 0 0 0 0 0 0 0.00291406 0.0102884 0.027416 0.0768956 0.0749926 0.110853 0.0956884 0.0897413 0.0766577 0.0534642 0.0500743 0.0551293 0.0594112 0.0620874 0.0668451 0.0424026 0.0208742 0.0120726 0.0048766 0.00582813 0.00118941 0.000297354 0 0 0 0
 0 0.00264628 0.0354308 0.0461629 0.0458689 0.0383711 0.0214643 0.0164657 0.0346957 0.0420465 0.0363128 0.0245516 0.0311673 0.0291091 0.0169068 0.0133784 0.00837989 0.0085269 0.0148486 0.0160247 0.0276389 0.0546898 0.0760071 0.122758 0.109233 0.0665981 0.0333725 0.0166128 0.00676272 0.00308733 0.000882094 0 0 0 0 0
 0 0 0 0 0 0 0 0.000805153 0.000690131 0.00759144 0.0133425 0.0154129 0.00931677 0.000345066 0.00356568 0.00563607 0.00851162 0.0253048 0.0502646 0.0516448 0.0657925 0.0565908 0.0611916 0.0827007 0.0866115 0.110766 0.145733 0.0935128 0.0569358 0.0249597 0.0138026 0.00621118 0.00161031 0.00115022 0 0
 0 0 0 0 0 0 0 0 0 0 0 0 0 0 0 0 0 0 0 0 0 0 0 0 0 0 0 0 0 0 0 0 0 0 0 0
 0.00147267 0.00158595 0.00478618 0.00569244 0.00954404 0.0108468 0.00647125 0.017049 0.0510054 0.094081 0.124002 0.0959785 0.0687766 0.0820023 0.061753 0.0591476 0.0492212 0.0479892 0.0443925 0.0268479 0.0217502 0.0140895 0.0121071 0.0120363 0.00920419 0.00665534 0.0049561 0.00860946 0.00930331 0.0156896 0.0114698 0.00855282 0.00243557 0.00046729 0 2.83206e-05
 0 0 0 0 0.000772559 0.00158375 0.000888443 0.00281984 0.00712685 0.0440552 0.0773331 0.111326 0.0921469 0.0852325 0.0710754 0.0886704 0.0786465 0.0553345 0.0373146 0.0185414 0.00753245 0.00457741 0.012979 0.0271748 0.0457355 0.0583668 0.034881 0.0177882 0.00938659 0.00492506 0.0015258 0.00185414 0.000309023 5.79419e-05 3.86279e-05 0
 0 0.00173294 0.00326652 0 0.00397197 0.00683976 0.00946217 0.0152591 0.00757587 0.0136028 0.0228656 0.0392903 0.0559909 0.0764795 0.0681675 0.0726916 0.0566044 0.0477403 0.0527397 0.0444891 0.0609904 0.0582453 0.0661739 0.0445044 0.0529084 0.0360697 0.0280645 0.0235558 0.0158879 0.00826598 0.00280645 0.00217768 0.000904811 0.00058276 9.20147e-05 0
 0 0 0 0 0 0 0 0 0 0 0 0 0 0 0 0 0 0 0 0 0 0 0 0 0 0 0 0 0 0 0 0 0 0 0 0
 0 0 0 0 0 0 0 0 0 0 0 0 0 0 0 0 0 0 0 0 0 0 0 0 0 0 0 0 0 0 0 0 0 0 0 0
 0 0 0 0 0 0 0 0 0 0 0 0 0 0 0 0 0 0 0 0 0 0 0 0 0 0 0 0 0 0 0 0 0 0 0 0
 0 0 0 0 0 0 0 0 0 0 0 0 0 0 0 0 0 0 0 0 0 0 0 0 0 0 0 0 0 0 0 0 0 0 0 0
 0 0 0 0 0 0 0 0 0 0 0 0 0 0 0 0 0 0 0 0 0 0 0 0 0 0 0 0 0 0 0 0 0 0 0 0
ppred_pel_tallas
 1.01048e-16 3.45353e-05 0.0002027 0.000963557 0.00370977 0.0115686 0.0292213 0.0597903 0.0991081 0.133096 0.144827 0.127727 0.0913876 0.0532459 0.0256758 0.011029 0.00552109 0.00470242 0.00584857 0.00776873 0.00998595 0.0122236 0.0142327 0.0157816 0.0166947 0.0168891 0.0163895 0.0153141 0.0138396 0.012157 0.0104326 0.0087857 0.00728456 0.00595572 0.00479973 0.00380554
 1.01103e-16 3.241e-05 0.000190217 0.0009042 0.00348121 0.0108558 0.0274209 0.0561072 0.0930049 0.124906 0.135931 0.119919 0.0858835 0.0502052 0.02452 0.0110632 0.00631076 0.00610457 0.00788484 0.0105011 0.0134392 0.0163439 0.0188724 0.0207076 0.0216188 0.0215138 0.0204579 0.018651 0.0163729 0.0139155 0.0115244 0.00936467 0.00751579 0.00598738 0.00474626 0.00374229
 1.01985e-16 2.59124e-05 0.000152061 0.000722781 0.00278266 0.0086774 0.0219186 0.0448498 0.0743487 0.0998639 0.108713 0.0959913 0.0689285 0.0406608 0.0205443 0.0104324 0.00757565 0.0087005 0.0117715 0.0158199 0.0203137 0.0247838 0.0287318 0.031685 0.0332915 0.0333987 0.0320831 0.0296184 0.0263981 0.0228379 0.0192929 0.016008 0.0131103 0.0106311 0.00854276 0.00679336
 1.02505e-16 2.96128e-05 0.000173796 0.000826131 0.00318062 0.00991845 0.0250533 0.0512627 0.084975 0.114123 0.1242 0.109581 0.078501 0.045934 0.0225189 0.0103089 0.00609824 0.00610362 0.00800238 0.0107573 0.0139073 0.0171289 0.0200995 0.0225085 0.0241132 0.0247868 0.0245395 0.0235014 0.0218783 0.019896 0.017753 0.0155939 0.0135065 0.0115345 0.00969737 0.00800642
 1.02222e-16 3.0812e-05 0.000180836 0.000859602 0.0033095 0.0103203 0.0260684 0.0533397 0.0884177 0.118746 0.129229 0.114012 0.0816631 0.0477592 0.0233659 0.0106136 0.00615886 0.00605678 0.00788232 0.0105497 0.0135761 0.0166267 0.0193739 0.0215093 0.0228007 0.0231417 0.0225706 0.02125 0.0194171 0.0173227 0.0151788 0.01313 0.0112502 0.00955861 0.00804391 0.00668604
 1.02957e-16 2.44149e-05 0.000143269 0.000680982 0.00262173 0.00817552 0.0206509 0.042256 0.0700497 0.094092 0.102436 0.090463 0.0649904 0.0384014 0.019521 0.0101079 0.00758479 0.00887859 0.0120775 0.0162656 0.0209278 0.0255971 0.0297725 0.032975 0.0348452 0.0352212 0.0341693 0.0319514 0.0289475 0.0255598 0.0221296 0.0188909 0.015964 0.0133795 0.0111156 0.00913288
 1.028e-16 3.05629e-05 0.000179376 0.000852667 0.0032828 0.0102371 0.0258581 0.0529093 0.0877035 0.117785 0.128177 0.11307 0.080959 0.0472883 0.0230264 0.0102777 0.00571917 0.00543616 0.00703169 0.00945032 0.0122483 0.015139 0.017845 0.0200982 0.0216858 0.0224905 0.022509 0.0218382 0.0206381 0.0190869 0.017342 0.0155191 0.013691 0.0118993 0.0101698 0.00852589
 1.0265e-16 2.80655e-05 0.000164707 0.000782912 0.0030142 0.00939947 0.0237424 0.048581 0.0805316 0.108161 0.117727 0.103904 0.0745099 0.0437512 0.0217322 0.0104244 0.00681418 0.00733056 0.0097675 0.0131092 0.0168546 0.0206071 0.0239595 0.0265275 0.0280244 0.0283244 0.0274857 0.0257233 0.0233461 0.0206771 0.0179875 0.0154589 0.0131792 0.0111642 0.00938882 0.00781625
 1.02285e-16 3.07143e-05 0.000180263 0.00085688 0.00329902 0.0102877 0.0259859 0.0531708 0.0881376 0.11837 0.128818 0.113647 0.0813955 0.0475911 0.0232622 0.0105311 0.00606399 0.00592871 0.00771041 0.0103321 0.0133204 0.0163515 0.0191083 0.0212901 0.0226667 0.0231266 0.0226957 0.0215192 0.0198156 0.0178194 0.015732 0.0136951 0.0117865 0.0100349 0.00844151 0.00699849
 1.02311e-16 2.84156e-05 0.000166763 0.000792686 0.00305184 0.00951682 0.0240389 0.0491875 0.0815368 0.109511 0.119194 0.105196 0.0754294 0.044277 0.0219671 0.0104934 0.00680174 0.00727476 0.00967821 0.0129851 0.0166919 0.020403 0.0237131 0.0262392 0.0276951 0.0279542 0.0270728 0.0252644 0.0228368 0.0201144 0.0173715 0.0147949 0.0124789 0.0104451 0.00867227 0.00712529
 1.03544e-16 2.27573e-05 0.000133537 0.000634714 0.00244358 0.00761998 0.0192477 0.0393849 0.065291 0.0877027 0.0954872 0.0843437 0.0606317 0.0359016 0.018391 0.00975404 0.007605 0.00909426 0.0124485 0.0168122 0.0216903 0.0266193 0.0310931 0.0346223 0.0368319 0.0375407 0.0367926 0.0348268 0.0320027 0.0287058 0.0252681 0.0219229 0.018799 0.015944 0.0133594 0.0110311
 1.04867e-16 2.31553e-05 0.000135879 0.00064586 0.00248651 0.00775389 0.0195858 0.0400764 0.0664355 0.0892344 0.09714 0.0857684 0.0615793 0.0363095 0.018319 0.00926608 0.00670049 0.00771117 0.0105039 0.014249 0.0185175 0.0229399 0.0271152 0.030646 0.0332122 0.0346329 0.0348928 0.0341219 0.032543 0.0304047 0.0279264 0.0252695 0.0225371 0.0197916 0.0170789 0.0144461
 1.03456e-16 3.06257e-05 0.000179746 0.000854425 0.00328958 0.0102582 0.0259115 0.0530184 0.0878841 0.118027 0.128438 0.113296 0.0811114 0.0473581 0.0230242 0.0102149 0.00559678 0.00524421 0.00675466 0.00907336 0.0117629 0.0145478 0.0171649 0.0193622 0.0209409 0.0217942 0.0219227 0.0214201 0.0204364 0.0191336 0.0176493 0.0160779 0.0144718 0.0128552 0.0112425 0.00965194
 1.01774e-16 3.29786e-05 0.000193558 0.00092009 0.0035424 0.0110466 0.027903 0.0570932 0.0946384 0.127097 0.138307 0.121998 0.0873334 0.0509742 0.0247494 0.0109202 0.00588814 0.00541431 0.00689657 0.00918161 0.0117801 0.0143793 0.0166858 0.0184284 0.0194074 0.0195382 0.0188678 0.0175548 0.0158237 0.0139084 0.0120038 0.0102393 0.00867495 0.00731739 0.00614254 0.00511732
 1.00802e-16 3.59679e-05 0.000211112 0.00100355 0.00386375 0.0120488 0.0304342 0.0622719 0.103221 0.138618 0.150831 0.133013 0.0951486 0.0553943 0.0266308 0.0112983 0.00544553 0.00442884 0.00540424 0.00713041 0.00911684 0.0110898 0.0128109 0.0140647 0.0146946 0.0146373 0.0139364 0.0127262 0.0111952 0.00954018 0.00792694 0.00646707 0.00521435 0.00417563 0.00332893 0.00264083
 1.00686e-16 3.36748e-05 0.000197644 0.000939508 0.00361716 0.0112798 0.0284918 0.0582982 0.0966361 0.129781 0.141231 0.124583 0.0891974 0.0520894 0.025341 0.0112647 0.00618849 0.00578318 0.00738549 0.00980445 0.0125197 0.0151855 0.0174747 0.019088 0.0198101 0.0195599 0.018408 0.0165543 0.0142752 0.0118578 0.00954305 0.00749226 0.00578099 0.00441441 0.00335335 0.00254001
 1.01386e-16 2.8384e-05 0.000166575 0.000791786 0.00304836 0.00950598 0.0240115 0.0491317 0.0814451 0.10939 0.119068 0.105099 0.0753897 0.044314 0.0220971 0.0107401 0.00720127 0.00787174 0.0105156 0.0140904 0.0180634 0.0219974 0.0254412 0.0279698 0.0292701 0.0292112 0.0278707 0.0255057 0.0224817 0.0191836 0.0159393 0.0129742 0.0104033 0.0082508 0.0064844 0.00504733
 1.01911e-16 3.08296e-05 0.00018094 0.000860095 0.00331139 0.0103263 0.0260833 0.0533703 0.0884683 0.118814 0.129302 0.114074 0.081703 0.0477738 0.0233569 0.0105831 0.00610654 0.00598051 0.00778088 0.0104256 0.0134378 0.0164894 0.0192586 0.0214397 0.022798 0.0232188 0.0227271 0.0214697 0.0196693 0.0175665 0.0153709 0.0132326 0.0112377 0.00942203 0.00779121 0.00633953
 1.01976e-16 3.01776e-05 0.00017711 0.000841882 0.00324126 0.0101076 0.0255309 0.0522402 0.0865958 0.116302 0.126574 0.111684 0.0800255 0.0468622 0.02304 0.0106559 0.00644583 0.00655261 0.00860044 0.0115143 0.0147969 0.0180855 0.0210183 0.023255 0.0245416 0.0247653 0.0239758 0.0223622 0.0201975 0.0177697 0.0153231 0.0130242 0.010958 0.00914481 0.00756694 0.00619376
 1.01726e-16 3.21329e-05 0.000188593 0.00089648 0.00345149 0.0107632 0.0271869 0.0556281 0.0922102 0.123837 0.134763 0.11888 0.0851178 0.049715 0.024202 0.0107887 0.00597621 0.00564103 0.00725137 0.00968237 0.0124499 0.0152354 0.0177339 0.0196597 0.020798 0.0210503 0.0204527 0.0191571 0.0173859 0.0153757 0.0133283 0.0113834 0.00961512 0.00804509 0.00666443 0.00545332
 1.01737e-16 3.03298e-05 0.000178003 0.000846127 0.00325761 0.0101585 0.0256597 0.0525036 0.0870327 0.116889 0.127214 0.11225 0.0804361 0.0471118 0.0231796 0.0107482 0.00653809 0.00667242 0.00876157 0.0117209 0.0150443 0.0183587 0.0212919 0.0234949 0.0247091 0.0248231 0.0238944 0.0221251 0.0198043 0.0172364 0.0146789 0.0123072 0.0102096 0.00840441 0.00686799 0.00556128
 1.01996e-16 2.99107e-05 0.000175543 0.000834433 0.00321258 0.0100181 0.025305 0.051778 0.0858297 0.115273 0.125455 0.110697 0.0793211 0.0464546 0.0228491 0.0105843 0.00642666 0.00655519 0.00861725 0.0115492 0.0148596 0.0181886 0.0211765 0.0234824 0.0248492 0.0251581 0.0244503 0.0229055 0.0207877 0.0183784 0.015919 0.0135778 0.0114451 0.00954953 0.00788292 0.00642358
 1.01928e-16 3.12566e-05 0.000183447 0.000872014 0.00335729 0.0104694 0.0264448 0.0541099 0.0896942 0.12046 0.131092 0.115651 0.0828275 0.0484206 0.023653 0.0106822 0.00611298 0.00594075 0.00770473 0.0103059 0.0132601 0.0162369 0.0189144 0.0209895 0.0222336 0.0225408 0.0219473 0.0206115 0.0187665 0.0166601 0.0145039 0.0124448 0.0105607 0.00887542 0.00738129 0.00605999
 1.01877e-16 3.05212e-05 0.000179127 0.000851474 0.0032782 0.0102227 0.0258219 0.0528354 0.0875823 0.117626 0.128014 0.11295 0.080924 0.0473706 0.0232569 0.0107006 0.00639683 0.00644213 0.00843281 0.0112836 0.0144972 0.0177147 0.0205807 0.0227609 0.0240061 0.0242061 0.0234101 0.0218049 0.0196598 0.0172591 0.014844 0.0125798 0.0105506 0.0087767 0.00724037 0.00591043
 1.03791e-16 1.77767e-05 0.000104287 0.000495634 0.00190805 0.00594993 0.0150294 0.0307548 0.0509895 0.0685079 0.0746304 0.06602 0.0476754 0.0286639 0.0154833 0.00950337 0.00893941 0.0116224 0.016175 0.0218637 0.0281502 0.0344441 0.0400786 0.04441 0.0469527 0.047485 0.0460907 0.0431167 0.0390698 0.0344883 0.0298319 0.025419 0.0214176 0.0178762 0.0147733 0.0120616
 1.05292e-16 2.52778e-05 0.000148347 0.000705151 0.00271483 0.00846589 0.0213842 0.0437554 0.0725312 0.0974128 0.106019 0.0935502 0.0670411 0.0392781 0.019352 0.00902961 0.00559425 0.00584115 0.00781619 0.0106638 0.0140173 0.0176196 0.0211997 0.024477 0.0272041 0.0292071 0.0304059 0.0308082 0.030483 0.029528 0.0280434 0.0261203 0.0238437 0.0213008 0.0185904 0.0158233
 1.03629e-16 3.03263e-05 0.000177987 0.000846062 0.00325737 0.0101578 0.0256578 0.0524995 0.0870244 0.116873 0.127187 0.112201 0.0803445 0.0469458 0.0228896 0.0102663 0.00577983 0.00554553 0.00718179 0.00963471 0.0124544 0.0153457 0.0180243 0.0202211 0.0217299 0.0224494 0.0223986 0.0216991 0.0205316 0.0190849 0.0175134 0.015916 0.0143375 0.0127864 0.0112574 0.00975004
pSPR Fmed_Fpbrs
0.449604   0.6 0.325
Fs Fmed_Fpbrs
0.64   0.351771 1.09092
SSBpbr Bo_Bmed_Bpbrs
1.623e+06  648560  892652 446326
Ro
47098.7
SPR SPRFo_SPRFmed_SPRFpbrs
972787 437369 316156
log_Ro
10.58
likeval ReclasPelacesDesembMPH_pf_preclas_ppelaces_ptallas_desvR_qrecl_qpela
 63.0328 18.3182 0.0171466 21.654 335.096 214.948 54.9039 0 17.2256 3.03846e-05 2.32669e-05 6.45275e-16 0 0 0
q_reclas_q_pelaces
0.4579 1.98625
M
0.7
N
 48687.5 13073.8 4864.08 573.262 0.30933
 59047.9 22092.2 3810.33 1417.62 167.166
 33820.7 27268.2 7142.99 1231.98 512.403
 47183.3 15053.4 7091.98 1857.77 453.683
 79181.4 22916.3 6556.75 3089.02 1006.79
 58023.2 39141.4 11077.3 3169.42 1979.84
 99775 27489.6 14721.2 4166.23 1936.66
 96647.5 48058.3 11399.7 6104.76 2530.81
 126238 45262.4 16881.8 4004.46 3033.49
 125659 58746.2 15314.4 5711.9 2381.27
 65466.5 59424.1 21856.6 5697.74 3011.07
 41935.4 29444.4 16437.6 6045.88 2408.99
 43629.6 18964.2 8411.87 4696.02 2415.45
 24787.2 18601.4 3825.04 1696.65 1434.37
 17024.8 9257.31 1715.86 352.835 288.816
 16005.1 6352.56 849.392 157.436 58.8738
 11897.3 7117.52 1643.6 219.763 55.9658
 15303.9 5427.28 2140.66 494.328 82.9281
 18401.3 7150.84 1880.92 741.885 200.058
 28705.4 8710.68 2676.19 703.932 352.521
 38131.3 13599.4 3275.7 1006.39 397.284
 51635.6 18528.1 5939.03 1430.53 613.002
 80193.6 24944.4 7818.09 2506.02 862.287
 110010 38580.8 10272 3219.47 1387.06
 46476.8 53003.9 16027 4267.14 1913.62
 67211.5 22492.7 22604.7 6835.09 2635.93
 108974 32476.8 9504.78 9552.12 4002.19
pred_Ctot
 3035.7 4003.98 1489.67 175.567 0.094735
 2987.3 5681.21 979.86 364.554 42.9881
 2537.99 9689.3 2538.14 437.763 182.074
 745.67 1340.38 631.48 165.418 40.3965
 259.205 438.866 125.567 59.1573 19.2808
 1922.45 6939.55 1963.95 561.919 351.015
 2159.54 3294.34 1764.18 499.278 232.088
 3968.93 10316.2 2447.07 1310.45 543.266
 5729.82 10603.3 3954.76 938.091 710.629
 4322.24 10772.4 2808.24 1047.4 436.658
 4464.76 19572 7198.71 1876.61 991.73
 2708.67 9281.18 5181.32 1905.72 759.341
 4477.13 8519.88 3779.12 2109.73 1085.16
 4492.46 11926.1 2452.39 1087.8 919.632
 3094.19 5943.96 1101.72 226.549 185.444
 1210.28 2270.84 303.631 56.2785 21.0455
 699.639 2077.18 479.668 64.1356 16.3331
 652.325 1203.71 474.775 109.636 18.3925
 620.304 1287.69 338.708 133.595 36.0256
 951.516 1544.99 474.669 124.855 62.5257
 590.655 1187.99 286.152 87.9146 34.7052
 1011.18 2021.35 647.925 156.066 66.8762
 1802.23 3096.2 970.414 311.058 107.031
 2358.36 4582.22 1220 382.374 164.74
 851.343 5429.34 1641.69 437.096 196.017
 1304.6 2433.5 2445.62 739.492 285.182
 2832.64 4614.01 1350.35 1357.08 568.594
F
 0.0901965 0.532897 0.532897 0.532897 0.532897
 0.072627 0.429094 0.429094 0.429094 0.429094
 0.109468 0.646757 0.646757 0.646757 0.646757
 0.0221913 0.13111 0.13111 0.13111 0.13111
 0.00456108 0.0269477 0.0269477 0.0269477 0.0269477
 0.0470347 0.27789 0.27789 0.27789 0.27789
 0.0305037 0.180221 0.180221 0.180221 0.180221
 0.058593 0.346178 0.346178 0.346178 0.346178
 0.0649411 0.383684 0.383684 0.383684 0.383684
 0.0488687 0.288725 0.288725 0.288725 0.288725
 0.0990364 0.585125 0.585125 0.585125 0.585125
 0.0935751 0.552859 0.552859 0.552859 0.552859
 0.152498 0.900986 0.900986 0.900986 0.900986
 0.284914 1.68332 1.68332 1.68332 1.68332
 0.285815 1.68865 1.68865 1.68865 1.68865
 0.110351 0.651971 0.651971 0.651971 0.651971
 0.0848727 0.501444 0.501444 0.501444 0.501444
 0.0608777 0.359677 0.359677 0.359677 0.359677
 0.0478718 0.282836 0.282836 0.282836 0.282836
 0.0470567 0.27802 0.27802 0.27802 0.27802
 0.0217466 0.128483 0.128483 0.128483 0.128483
 0.0275633 0.162849 0.162849 0.162849 0.162849
 0.031689 0.187225 0.187225 0.187225 0.187225
 0.0302088 0.178479 0.178479 0.178479 0.178479
 0.0257618 0.152205 0.152205 0.152205 0.152205
 0.0273174 0.161396 0.161396 0.161396 0.161396
 0.0367341 0.217032 0.217032 0.217032 0.217032
Np
 35735 16719.7 18221.5 4534.54 1790.67
YTP_r0W_actual
 37273.6 152663 64950 83358.9 38758.3
YTP_p0W_proyectada
 12222.8 245203 88705.2 33153.7 51753.8
 12222.8 78594.3 124515 39571.7 17341.4
CTP_r0_actual
 4545.56 7067.75 2068.47 2078.78 870.974
CTP_p0_proyectada
 1490.59 11352 2825.01 826.776 1163.01
 1490.59 3638.62 3965.46 986.826 389.694
Wmedp
 8.2 21.6 31.4 40.1 44.5
nmprior
 10.8 10.6 4.6 0
nm_flota  nm_reclas  nm_pelaces    nm_pelaL
inf 15.3654 17.7053 55.8916
cv_recla  cv_pelaces  cv_mph
0.687565 0.468848 0.621835
 ------------------------------------------------
Talla a la edad & desviaci?n 
 7.2 14.2025 17.0495 18.207 18.6776
 1.08 2.13037 2.55742 2.73105 2.80164
