years
 1997 1998 1999 2000 2001 2002 2003 2004 2005 2006 2007 2008 2009 2010 2011 2012 2013 2014 2015 2016 2017 2018 2019 2020 2021 2022 2023
reclasobs
 0 0 0 370054 412103 1.49427e+06 250295 1.28982e+06 931140 785840 897777 1.04006e+06 184774 17550 25797 100020 73551 82996 120727 218422 84188 347160 605670 569463 516374 1.08416e+06 1.01767e+06
reclaspred
 448064 130059 429687 303136 399268 464106 1.00271e+06 661069 731723 634652 493974 331087 202155 95416.8 69223.6 68932.6 81888.8 115556 128157 185594 267876 251285 443802 597907 722041 706789 728066
pelacesobs
 0 0 0 0 0 0 0 0 0 2.06254e+06 1.5e+06 0 1.87456e+06 323000 250000 174000 83755 137374 0 501740 490994 745055 786931 1.00524e+06 1.33801e+06 1.41789e+06 0
pelacespred
 1.72817e+06 438711 878058 950654 1.06494e+06 1.03826e+06 2.49316e+06 2.07682e+06 2.02106e+06 1.77748e+06 1.24574e+06 860184 521438 206365 147602 156794 194221 275623 312568 442051 712719 647692 939075 1.42916e+06 1.72293e+06 1.85411e+06 1.80993e+06
mphobs
 0 0 0 0 0 0 112323 0 153150 637223 0 255016 313432 73983 77613 109348 50772 17779 17303 59886 28197 0 207744 136588 643089 65757 70829
mphpred
 140619 94477.5 122816 161960 155788 220422 334733 382164 328488 327348 287596 201098 121046 98018.9 47401.3 41330.5 46220.2 63856.6 29361.6 33948.3 52995.6 64355.5 81817.2 122910 166258 172779 162732
desembarqueobs
 350755 77701 442110 56441 14545 235359 269955 359681 431902 328805 639364 411747 362871 311530 167758 66681 60226 58785 57116 73181 50977 67692 138656 160484 209506 203330 245020
desembarquepred
 350767 77705.4 442163 56443.3 14545.2 235411 269987 359714 431961 328862 639713 412068 363361 312095 167838 66701.7 60253.7 58790 57113.2 73184.1 50978.2 67688.1 138661 160491 209511 203332 245016
Reclutas
 67347.9 83397.3 52311.8 73874.5 117798 89205.2 139031 130003 155617 137852 68558.4 41365.5 42087.2 24301.6 19027.6 21576.1 17176.8 22128.4 26648.4 43519.2 56074.8 76871.9 120666 165724 70834.9 102832 167656
log_desv_Rt
 0.0576268 0.271372 -0.195022 0.150123 0.616723 0.338695 0.782449 0.715313 0.895151 0.773936 0.0754413 -0.429799 -0.4125 -0.961702 -1.20635 -1.08066 -1.30868 -1.05538 -0.869515 -0.379042 -0.125558 0.189895 0.640785 0.958078 0.108108 0.480853 0.969669
SSB
 804032 540204 702238 926058 890764 1.26033e+06 1.8688e+06 2.16553e+06 1.84395e+06 1.8389e+06 1.64442e+06 1.14984e+06 710222 373696 186155 163935 189485 252494 327080 394585 588810 698666 910077 1.3131e+06 1.92286e+06 2.04687e+06 1.82566e+06
BT
 2.78095e+06 761420 1.50321e+06 1.42638e+06 1.54182e+06 1.67991e+06 3.76751e+06 3.3951e+06 3.3011e+06 2.87396e+06 2.37422e+06 1.61862e+06 1.10764e+06 597808 355379 280729 329173 443329 498143 694619 1.06621e+06 994367 1.44538e+06 2.18515e+06 2.63832e+06 2.84293e+06 2.8113e+06
Ftot
 0.373637 0.276233 0.380043 0.0713676 0.0155721 0.166857 0.105563 0.210843 0.236966 0.192674 0.416538 0.388755 0.612439 1.0761 0.977115 0.385877 0.295476 0.205339 0.16556 0.163932 0.0771514 0.100408 0.115272 0.108941 0.0933757 0.0963355 0.126552
BD_Bspro_t
 0.955569 0.795593 0.770028 0.67201 0.76817 0.860791 0.832837 0.837357 0.790162 0.755279 0.713404 0.565182 0.452496 0.339323 0.223966 0.240699 0.344127 0.497928 0.617435 0.708422 0.797563 0.858844 0.868192 0.873505 0.882581 0.857268 0.842163
BD_Bspro
 0.612304 0.411388 0.534784 0.705232 0.678354 0.959796 1.42317 1.64914 1.40425 1.4004 1.25229 0.875651 0.540864 0.284585 0.141765 0.124843 0.144301 0.192285 0.249085 0.300493 0.448404 0.532063 0.693062 0.999984 1.46434 1.55878 1.39032
BD_Bo
 0.31006 0.20832 0.270805 0.357117 0.343507 0.486024 0.720667 0.835095 0.711085 0.709139 0.63414 0.443414 0.273884 0.144109 0.0717871 0.0632184 0.0730715 0.0973698 0.126132 0.152165 0.227064 0.269428 0.350954 0.506375 0.741515 0.789338 0.704033
BD_Brms
 0.563746 0.378763 0.492373 0.649304 0.624558 0.883679 1.3103 1.51835 1.29288 1.28934 1.15298 0.806207 0.497971 0.262016 0.130522 0.114943 0.132857 0.177036 0.229331 0.276663 0.412843 0.489868 0.638099 0.920681 1.34821 1.43516 1.28006
S_f
 0.193063 1 1 1 1
 0.193063 1 1 1 1
 0.193063 1 1 1 1
 0.193063 1 1 1 1
 0.193063 1 1 1 1
 0.193063 1 1 1 1
 0.193063 1 1 1 1
 0.193063 1 1 1 1
 0.193063 1 1 1 1
 0.193063 1 1 1 1
 0.193063 1 1 1 1
 0.193063 1 1 1 1
 0.193063 1 1 1 1
 0.193063 1 1 1 1
 0.193063 1 1 1 1
 0.193063 1 1 1 1
 0.193063 1 1 1 1
 0.193063 1 1 1 1
 0.193063 1 1 1 1
 0.193063 1 1 1 1
 0.193063 1 1 1 1
 0.193063 1 1 1 1
 0.193063 1 1 1 1
 0.193063 1 1 1 1
 0.193063 1 1 1 1
 0.193063 1 1 1 1
 0.193063 1 1 1 1
Scru_reclas
 1 1 1 1 1
 1 1 1 1 1
 1 1 1 1 1
 1 1 1 1 1
 1 1 1 1 1
 1 1 1 1 1
 1 1 1 1 1
 1 1 1 1 1
 1 1 1 1 1
 1 1 1 1 1
 1 1 1 1 1
 1 1 1 1 1
 1 1 1 1 1
 1 1 1 1 1
 1 1 1 1 1
 1 1 1 1 1
 1 1 1 1 1
 1 1 1 1 1
 1 1 1 1 1
 1 1 1 1 1
 1 1 1 1 1
 1 1 1 1 1
 1 1 1 1 1
 1 1 1 1 1
 1 1 1 1 1
 1 1 1 1 1
 1 1 1 1 1
Scru_pelaces
 1 1 1 1 1
 1 1 1 1 1
 1 1 1 1 1
 1 1 1 1 1
 1 1 1 1 1
 1 1 1 1 1
 1 1 1 1 1
 1 1 1 1 1
 1 1 1 1 1
 1 1 1 1 1
 1 1 1 1 1
 1 1 1 1 1
 1 1 1 1 1
 1 1 1 1 1
 1 1 1 1 1
 1 1 1 1 1
 1 1 1 1 1
 1 1 1 1 1
 1 1 1 1 1
 1 1 1 1 1
 1 1 1 1 1
 1 1 1 1 1
 1 1 1 1 1
 1 1 1 1 1
 1 1 1 1 1
 1 1 1 1 1
 1 1 1 1 1
pf_obs 
 0.256992 0.487395 0.22802 0.0275931 0
 0.321318 0.546541 0.124235 0.00734118 0.000564706
 0.182869 0.594174 0.210203 0.0122559 0.00049798
 0.330522 0.361315 0.267642 0.0388342 0.00168674
 0.649043 0.306663 0.0425973 0.00169635 0
 0.582887 0.30429 0.105238 0.00758474 0
 0.465427 0.430635 0.0974691 0.00646863 0
 0.296916 0.608066 0.0921331 0.00288517 0
 0.311714 0.524322 0.152257 0.0117073 0
 0.15457 0.633149 0.183074 0.0267441 0.00246327
 0.131901 0.49318 0.331252 0.0422183 0.00144891
 0.196976 0.569456 0.194076 0.0375587 0.00193317
 0.518974 0.381816 0.0799577 0.0180837 0.00116848
 0.0928022 0.601141 0.25162 0.0475244 0.00691264
 0.122501 0.610282 0.24278 0.0234846 0.000952079
 0.383417 0.481906 0.127806 0.00687128 0
 0.0376549 0.599619 0.316969 0.0457579 0
 0.0361596 0.667082 0.258105 0.0386534 0
 0.158088 0.579412 0.248529 0.0139706 0
 0.0477256 0.309471 0.559284 0.082774 0.000745712
 0.0406174 0.521527 0.379366 0.0568643 0.0016247
 0.151134 0.462217 0.34131 0.0453401 0
 0.294876 0.26143 0.354403 0.0886775 0.000613685
 0.281977 0.475581 0.204845 0.0348837 0.00271318
 0.0841818 0.532909 0.334909 0.0458182 0.00218182
 0.115287 0.27431 0.454777 0.147771 0.00785563
 0 0 0 0 0
pf_pred 
 0.379493 0.438462 0.162861 0.019173 1.07236e-05
 0.310318 0.545046 0.102203 0.0379618 0.0044716
 0.175333 0.598544 0.178701 0.0335087 0.0139124
 0.256005 0.422486 0.233352 0.0696697 0.0184879
 0.290555 0.459715 0.141812 0.0783271 0.029591
 0.175768 0.561427 0.170296 0.0525324 0.039977
 0.261011 0.401862 0.229634 0.0696542 0.0378381
 0.207941 0.520744 0.147541 0.0843088 0.0394651
 0.239896 0.455796 0.200069 0.0566852 0.0475538
 0.199364 0.517 0.170082 0.0746567 0.0388973
 0.119143 0.515154 0.236147 0.0776876 0.0518675
 0.117748 0.405559 0.278786 0.127796 0.0701112
 0.191537 0.366279 0.203266 0.139727 0.0991908
 0.1807 0.508982 0.140592 0.0780212 0.0917058
 0.252474 0.493039 0.158097 0.0436698 0.0527196
 0.30952 0.509547 0.119337 0.0382663 0.0233304
 0.213548 0.578304 0.153605 0.0359745 0.0185685
 0.260106 0.456626 0.208296 0.055326 0.0196455
 0.256048 0.49601 0.153018 0.069801 0.0251233
 0.313535 0.451591 0.156596 0.0483095 0.0299687
 0.276236 0.519865 0.134135 0.0465135 0.0232509
 0.273546 0.488057 0.171236 0.0441822 0.0229794
 0.303108 0.467756 0.153942 0.0540109 0.021184
 0.285304 0.502876 0.142174 0.0467905 0.0228554
 0.107233 0.611372 0.197996 0.0559779 0.0274216
 0.189635 0.318958 0.336518 0.108983 0.0459056
 0.273914 0.4057 0.126104 0.133046 0.061237
pobs_RECLAS
 0 0 0 0 0
 0 0 0 0 0
 0 0 0 0 0
 0 0 0 0 0
 0.835266 0.146461 0.0176864 0.000547809 3.91292e-05
 0.385257 0.428462 0.181853 0.0044286 0
 0.867414 0.0963971 0.0333333 0.00285562 0
 0.441836 0.489002 0.0689373 0.000224442 0
 0.779404 0.147425 0.0564933 0.0165055 0.000172143
 0.814271 0.122319 0.05973 0.00367925 0
 0.40263 0.566651 0.0304383 0.000280538 0
 0.475488 0.404961 0.113038 0.00651328 0
 0.955842 0.0263864 0.0167828 0.000988607 0
 0.975058 0.0227948 0.00214734 0 0
 0.738997 0.206755 0.0527124 0.00153531 0
 0.850938 0.134255 0.0134407 0.00136685 0
 0.542534 0.407297 0.0501686 0 0
 0.764087 0.199537 0.0359546 0.000420521 0
 0.470689 0.182191 0.310203 0.0369168 0
 0.84361 0.089868 0.0606195 0.00523954 0.000663233
 0.607945 0.314616 0.071237 0.00620181 0
 0.523733 0.453247 0.0230204 0 0
 0.530135 0.295979 0.169645 0.0042399 0
 0.562478 0.366248 0.0663022 0.0049721 0
 0.250443 0.683176 0.0655157 0.000865301 0
 0.195077 0.31981 0.436473 0.0351445 0.0134964
 0.565238 0.351407 0.0832357 0.000118908 0
ppred_RECLAS
 0.764209 0.166614 0.0618867 0.00728567 4.07495e-06
 0.703072 0.234658 0.0440012 0.0163437 0.00192515
 0.529912 0.34119 0.101866 0.0191011 0.00793056
 0.641397 0.203637 0.112475 0.0335805 0.00891111
 0.679785 0.207497 0.0640081 0.0353537 0.0133562
 0.527056 0.322147 0.0977157 0.0301431 0.0229388
 0.647801 0.191526 0.109443 0.033197 0.0180335
 0.579065 0.276746 0.07841 0.0448054 0.0209735
 0.623573 0.225724 0.0990805 0.0280723 0.0235501
 0.565843 0.280351 0.0922298 0.0404838 0.0210926
 0.418322 0.340185 0.155941 0.0513014 0.0342509
 0.414551 0.269123 0.184998 0.0848032 0.0465247
 0.561613 0.198614 0.11022 0.0757667 0.0537859
 0.556549 0.275489 0.0760959 0.0422294 0.0496362
 0.655015 0.227539 0.0729622 0.0201537 0.0243302
 0.703947 0.218476 0.0511674 0.0164072 0.0100032
 0.588619 0.302502 0.0803483 0.0188177 0.00971293
 0.648067 0.217196 0.0990767 0.026316 0.00934447
 0.64266 0.238247 0.0734985 0.0335273 0.0120674
 0.704704 0.19426 0.0673628 0.0207813 0.0128916
 0.664935 0.24067 0.0620977 0.0215333 0.0107639
 0.662201 0.226945 0.0796243 0.0205446 0.0106854
 0.693832 0.2055 0.0676317 0.0237287 0.00930681
 0.675242 0.228507 0.064604 0.0212617 0.0103855
 0.384643 0.421399 0.136473 0.0385838 0.0189008
 0.549145 0.177456 0.187225 0.060634 0.0255401
 0.662939 0.188332 0.0585393 0.061762 0.0284272
pobs_PELACES
 0 0 0 0 0
 0 0 0 0 0
 0 0 0 0 0
 0 0 0 0 0
 0 0 0 0 0
 0 0 0 0 0
 0 0 0 0 0
 0 0 0 0 0
 0 0 0 0 0
 0 0 0 0 0
 0.450072 0.473896 0.0757376 0.000293798 0
 0 0 0 0 0
 0.463077 0.371075 0.160297 0.00555027 0
 0.529543 0.364841 0.0842815 0.0213345 0
 0.631943 0.363953 0.00410389 0 0
 0.735681 0.248677 0.0153453 0.000297389 0
 0.695825 0.281241 0.0229344 0 0
 0.275771 0.60734 0.115278 0.00161068 0
 0 0 0 0 0
 0.896147 0.0623911 0.0374545 0.00400742 0
 0.803859 0.145111 0.0509908 3.86294e-05 0
 0.739449 0.233085 0.0266225 0.000797448 4.60066e-05
 0.878498 0.100942 0.0204185 0.000141795 0
 0.694673 0.275183 0.0284847 0.00165964 0
 0.469039 0.446079 0.0841089 0.000773354 0
 0.822795 0.102175 0.0682046 0.00682512 0
 0 0 0 0 0
ppred_PELACES
 0.781665 0.15428 0.0573053 0.00674632 3.77329e-06
 0.718196 0.222706 0.0417601 0.0155112 0.0018271
 0.555025 0.322964 0.0964241 0.0180807 0.00750691
 0.645756 0.201161 0.111108 0.0331723 0.00880278
 0.680687 0.206912 0.0638278 0.0352541 0.0133186
 0.538116 0.314613 0.0954305 0.0294382 0.0224023
 0.654187 0.188053 0.107458 0.032595 0.0177065
 0.592686 0.267791 0.0758726 0.0433556 0.0202948
 0.638265 0.216914 0.0952132 0.0269766 0.0226309
 0.578402 0.272241 0.0895618 0.0393127 0.0204825
 0.445531 0.324272 0.148647 0.0489017 0.0326488
 0.439877 0.257481 0.176995 0.0811347 0.0445121
 0.601279 0.180643 0.100247 0.0689112 0.0489193
 0.625679 0.232543 0.0642334 0.0356463 0.0418984
 0.711227 0.190463 0.0610736 0.0168698 0.0203658
 0.724904 0.20301 0.0475453 0.0152458 0.00929513
 0.60753 0.288596 0.0766547 0.0179527 0.00926643
 0.660435 0.209563 0.0955949 0.0253912 0.00901608
 0.652719 0.23154 0.0714295 0.0325835 0.0117277
 0.713706 0.188338 0.0653092 0.0201477 0.0124986
 0.669496 0.237394 0.0612523 0.0212402 0.0106174
 0.668155 0.222945 0.0782207 0.0201825 0.010497
 0.700314 0.20115 0.0661999 0.0232264 0.00910979
 0.68157 0.224054 0.063345 0.0208473 0.0101831
 0.390545 0.417358 0.135164 0.0382137 0.0187195
 0.555488 0.174959 0.184591 0.0597809 0.0251807
 0.670428 0.184148 0.0572388 0.0603899 0.0277956
pobs_pel_tallas
 0 0 0 0 0 0 0 0 0 0 0 0 0 0 0 0 0 0 0 0 0 0 0 0 0 0 0 0 0 0 0 0 0 0 0 0
 0 0 0 0 0 0 0 0 0 0 0 0 0 0 0 0 0 0 0 0 0 0 0 0 0 0 0 0 0 0 0 0 0 0 0 0
 0 0 0 0 0 0 0 0 0 0 0 0 0 0 0 0 0 0 0 0 0 0 0 0 0 0 0 0 0 0 0 0 0 0 0 0
 0 0 0 0 0 0 0 0 0 0 0 0 0 0 0 0 0 0 0 0 0 0 0 0 0 0 0 0 0 0 0 0 0 0 0 0
 0 0 0 0 0 0 0 0 0 0 0 0 0 0 0 0 0 0 0 0 0 0 0 0 0 0 0 0 0 0 0 0 0 0 0 0
 0 0 0 0 0 0 0 0 0 0 0 0 0 0 0 0 0 0 0 0 0 0 0 0 0 0 0 0 0 0 0 0 0 0 0 0
 0 0 0 0 0 0 0 0 0 0 0 0 0 0 0 0 0 0 0 0 0 0 0 0 0 0 0 0 0 0 0 0 0 0 0 0
 0 0 0 0 0 0 0 0 0 0 0 0 0 0 0 0 0 0 0 0 0 0 0 0 0 0 0 0 0 0 0 0 0 0 0 0
 0 0 0 0 0 0 0 0 0 0 0 0 0 0 0 0 0 0 0 0 0 0 0 0 0 0 0 0 0 0 0 0 0 0 0 0
 0 0 0 0 0 0 0 0 0 0 0 0 0 0 0 0 0 0 0 0 0 0 0 0 0 0 0 0 0 0 0 0 0 0 0 0
 0 0 0 0 0 0 0 0 1.78061e-05 0.00172719 0.00360574 0.0105946 0.0120993 0.0124554 0.0147524 0.0171206 0.0266825 0.0428682 0.0675386 0.121331 0.153587 0.119568 0.100827 0.0573624 0.0630603 0.0341343 0.0324427 0.0444173 0.0211091 0.0280891 0.0125444 0.00206551 0 0 0 0
 0 0 0 0 0 0 0 0 0 0 0 0 0 0 0 0 0 0 0 0 0 0 0 0 0 0 0 0 0 0 0 0 0 0 0 0
 0 0 0 0 0 0 0.0133647 0.0140871 0.0187388 0.0205184 0.03894 0.0496705 0.03968 0.0493445 0.0407372 0.0367815 0.0215668 0.0243155 0.0234873 0.0199281 0.019796 0.0243948 0.0301388 0.0376714 0.0412746 0.0863199 0.0771752 0.113111 0.0741005 0.0525337 0.0229764 0.00759418 0.00175318 0 0 0
 0 0 0 0 0 0 0 0 0 0 0.00219441 0.00772107 0.0458388 0.0604681 0.0671733 0.0775358 0.0609151 0.0617685 0.073594 0.0568108 0.0755445 0.0548602 0.0670107 0.0636378 0.0643287 0.046367 0.0373049 0.0286899 0.0247887 0.0153202 0.00654259 0.00121912 0.000365735 0 0 0
 0 0 0 0 0 0 0 0 0 0 0 0 0.000112435 0.00938835 0.0111873 0.0202946 0.0414886 0.0713402 0.111592 0.104902 0.108894 0.110636 0.117776 0.105296 0.107544 0.0401394 0.0192827 0.0124803 0.00416011 0.0028671 0.000618394 0 0 0 0 0
 0 0 0 0 0 0 0 0 0 0 0.00291406 0.0102884 0.027416 0.0768956 0.0749926 0.110853 0.0956884 0.0897413 0.0766577 0.0534642 0.0500743 0.0551293 0.0594112 0.0620874 0.0668451 0.0424026 0.0208742 0.0120726 0.0048766 0.00582813 0.00118941 0.000297354 0 0 0 0
 0 0.00264628 0.0354308 0.0461629 0.0458689 0.0383711 0.0214643 0.0164657 0.0346957 0.0420465 0.0363128 0.0245516 0.0311673 0.0291091 0.0169068 0.0133784 0.00837989 0.0085269 0.0148486 0.0160247 0.0276389 0.0546898 0.0760071 0.122758 0.109233 0.0665981 0.0333725 0.0166128 0.00676272 0.00308733 0.000882094 0 0 0 0 0
 0 0 0 0 0 0 0 0.000805153 0.000690131 0.00759144 0.0133425 0.0154129 0.00931677 0.000345066 0.00356568 0.00563607 0.00851162 0.0253048 0.0502646 0.0516448 0.0657925 0.0565908 0.0611916 0.0827007 0.0866115 0.110766 0.145733 0.0935128 0.0569358 0.0249597 0.0138026 0.00621118 0.00161031 0.00115022 0 0
 0 0 0 0 0 0 0 0 0 0 0 0 0 0 0 0 0 0 0 0 0 0 0 0 0 0 0 0 0 0 0 0 0 0 0 0
 0.00147267 0.00158595 0.00478618 0.00569244 0.00954404 0.0108468 0.00647125 0.017049 0.0510054 0.094081 0.124002 0.0959785 0.0687766 0.0820023 0.061753 0.0591476 0.0492212 0.0479892 0.0443925 0.0268479 0.0217502 0.0140895 0.0121071 0.0120363 0.00920419 0.00665534 0.0049561 0.00860946 0.00930331 0.0156896 0.0114698 0.00855282 0.00243557 0.00046729 0 2.83206e-05
 0 0 0 0 0.000772559 0.00158375 0.000888443 0.00281984 0.00712685 0.0440552 0.0773331 0.111326 0.0921469 0.0852325 0.0710754 0.0886704 0.0786465 0.0553345 0.0373146 0.0185414 0.00753245 0.00457741 0.012979 0.0271748 0.0457355 0.0583668 0.034881 0.0177882 0.00938659 0.00492506 0.0015258 0.00185414 0.000309023 5.79419e-05 3.86279e-05 0
 0 0.00173294 0.00326652 0 0.00397197 0.00683976 0.00946217 0.0152591 0.00757587 0.0136028 0.0228656 0.0392903 0.0559909 0.0764795 0.0681675 0.0726916 0.0566044 0.0477403 0.0527397 0.0444891 0.0609904 0.0582453 0.0661739 0.0445044 0.0529084 0.0360697 0.0280645 0.0235558 0.0158879 0.00826598 0.00280645 0.00217768 0.000904811 0.00058276 9.20147e-05 0
 0 0 0 0 0 0 0 0 0 0 0 0 0 0 0 0 0 0 0 0 0 0 0 0 0 0 0 0 0 0 0 0 0 0 0 0
 0 0 0 0 0 0 0 0 0 0 0 0 0 0 0 0 0 0 0 0 0 0 0 0 0 0 0 0 0 0 0 0 0 0 0 0
 0 0 0 0 0 0 0 0 0 0 0 0 0 0 0 0 0 0 0 0 0 0 0 0 0 0 0 0 0 0 0 0 0 0 0 0
 0 0 0 0 0 0 0 0 0 0 0 0 0 0 0 0 0 0 0 0 0 0 0 0 0 0 0 0 0 0 0 0 0 0 0 0
 0 0 0 0 0 0 0 0 0 0 0 0 0 0 0 0 0 0 0 0 0 0 0 0 0 0 0 0 0 0 0 0 0 0 0 0
ppred_pel_tallas
 1.01096e-16 3.41033e-05 0.000200163 0.000951493 0.00366332 0.0114237 0.0288554 0.0590418 0.0978675 0.131431 0.143017 0.126137 0.0902609 0.0526127 0.025414 0.0109913 0.00561175 0.00488471 0.00612047 0.00813998 0.0104646 0.0128094 0.0149143 0.0165367 0.0174927 0.0176953 0.0171705 0.0160423 0.0144961 0.0127321 0.0109245 0.00919856 0.00762573 0.00623378 0.00502319 0.00398229
 1.01284e-16 3.13384e-05 0.000183925 0.000874282 0.00336601 0.0104966 0.0265136 0.0542507 0.0899283 0.120776 0.131442 0.115973 0.0830865 0.0486294 0.0238611 0.0109537 0.00651072 0.00651967 0.00850728 0.0113533 0.0145411 0.0176977 0.0204554 0.0224726 0.0234997 0.0234348 0.0223453 0.0204427 0.0180246 0.0154022 0.0128374 0.0105072 0.00849769 0.00682108 0.0054447 0.00431812
 1.02447e-16 2.42276e-05 0.000142169 0.000675746 0.00260156 0.00811264 0.0204921 0.0419312 0.0695116 0.0933704 0.101654 0.08978 0.064517 0.0381563 0.0194603 0.0101802 0.0077645 0.00916765 0.0124922 0.0168224 0.021633 0.0264395 0.0307198 0.0339744 0.0358279 0.0361119 0.0348957 0.0324549 0.0291903 0.0255284 0.0218345 0.0183629 0.0152492 0.0125329 0.0101951 0.00819376
 1.03194e-16 2.8179e-05 0.000165378 0.000786111 0.00302654 0.00943793 0.0238395 0.0487793 0.080859 0.108597 0.11819 0.104287 0.0747291 0.0437684 0.0215352 0.00999198 0.00609809 0.00626285 0.00828298 0.0111736 0.0144916 0.0179176 0.0211268 0.0238027 0.0256919 0.0266542 0.026683 0.0258904 0.0244636 0.0226125 0.0205236 0.0183356 0.0161381 0.0139838 0.0119072 0.00993918
 1.02808e-16 2.97023e-05 0.000174321 0.000828625 0.00319022 0.00994839 0.0251289 0.0514175 0.0852318 0.114469 0.124578 0.109917 0.078749 0.0460935 0.0226231 0.010399 0.00620648 0.00624966 0.00819474 0.0109937 0.0141731 0.0173958 0.0203274 0.0226504 0.0241241 0.0246343 0.0242129 0.0230176 0.0212813 0.0192503 0.0171324 0.0150683 0.01313 0.0113376 0.00968424 0.00815768
 1.03516e-16 2.34899e-05 0.000137839 0.000655163 0.00252232 0.00786552 0.0198679 0.0406539 0.0673943 0.0905267 0.0985583 0.0870482 0.062558 0.0370061 0.0188897 0.00990869 0.00759246 0.00899197 0.0122719 0.016549 0.0213188 0.0261157 0.0304364 0.0337978 0.0358349 0.0363793 0.0354898 0.0334203 0.0305423 0.0272496 0.0238759 0.0206499 0.0176892 0.0150257 0.0126431 0.01051
 1.03535e-16 2.85461e-05 0.000167534 0.000796365 0.00306602 0.00956107 0.0241506 0.0494156 0.0819132 0.110011 0.119726 0.105633 0.075674 0.0442823 0.0217146 0.00995189 0.00590708 0.00593806 0.0078129 0.010541 0.0136888 0.0169554 0.0200386 0.0226435 0.0245326 0.0255717 0.0257491 0.0251613 0.0239738 0.0223717 0.0205192 0.0185377 0.0165052 0.0144693 0.0124648 0.0105262
 1.03603e-16 2.58675e-05 0.000151801 0.000721554 0.00277795 0.00866272 0.0218815 0.0447735 0.0742212 0.0996895 0.108515 0.0957959 0.0687443 0.0404639 0.0202825 0.0100358 0.00696598 0.00779857 0.0105078 0.0141507 0.0182408 0.0223714 0.0261148 0.0290627 0.0309061 0.0315016 0.0308962 0.0292998 0.0270194 0.0243782 0.021647 0.0190074 0.0165494 0.0142936 0.0122249 0.010321
 1.03407e-16 2.78529e-05 0.000163462 0.000777001 0.00299146 0.00932854 0.0235632 0.0482141 0.0799225 0.107341 0.116827 0.103094 0.0738942 0.0433202 0.0213903 0.0100508 0.00630232 0.00659872 0.00875973 0.0118015 0.0152671 0.0188153 0.0220975 0.0247773 0.0265921 0.0274064 0.0272332 0.0262143 0.0245717 0.0225458 0.0203439 0.0181126 0.0159355 0.0138496 0.0118686 0.0100021
 1.03668e-16 2.52448e-05 0.000148145 0.000704172 0.00271102 0.00845401 0.0213543 0.0436949 0.0724336 0.0972896 0.105905 0.0934995 0.0671119 0.0395346 0.0198753 0.00993187 0.00701957 0.00794839 0.0107444 0.0144856 0.0186902 0.0229479 0.026824 0.0299008 0.0318596 0.0325479 0.0320056 0.0304376 0.028149 0.0254637 0.0226558 0.0199128 0.0173325 0.0149445 0.0127429 0.0107139
 1.05422e-16 1.94533e-05 0.000114139 0.000542489 0.00208849 0.00651263 0.0164506 0.033662 0.0558057 0.0749671 0.081636 0.0721442 0.0519389 0.0309099 0.016122 0.00901993 0.00759775 0.0094491 0.0130748 0.0177392 0.0229877 0.0283661 0.0333646 0.0374814 0.0403217 0.0416774 0.04156 0.0401716 0.037833 0.0348933 0.0316541 0.0283293 0.0250433 0.0218547 0.0187911 0.0158761
 1.07465e-16 1.9204e-05 0.000112682 0.000535575 0.00206189 0.00642971 0.0162411 0.0332329 0.0550925 0.074004 0.0805739 0.0711741 0.0511722 0.030317 0.0155643 0.00831895 0.00658241 0.00797226 0.011023 0.0150521 0.0196868 0.0245798 0.0293382 0.0335621 0.036916 0.0391903 0.0403269 0.0404021 0.0395779 0.0380431 0.0359652 0.0334699 0.0306455 0.0275634 0.0243006 0.0209525
 1.06136e-16 2.62386e-05 0.000153988 0.000731969 0.00281808 0.00878789 0.0221976 0.0454196 0.0752896 0.101117 0.110048 0.0971021 0.0695777 0.0407459 0.0200392 0.00928596 0.00565778 0.00581757 0.00772466 0.0104785 0.0136885 0.017083 0.0203861 0.0233241 0.0256721 0.027294 0.0281597 0.0283297 0.027919 0.0270538 0.0258376 0.024338 0.0225927 0.0206278 0.0184775 0.0161967
 1.04171e-16 2.73046e-05 0.000160242 0.000761689 0.0029325 0.00914467 0.0230988 0.047264 0.0783481 0.105228 0.114531 0.101078 0.0724714 0.0425302 0.0210816 0.0100407 0.0064737 0.0069075 0.00920207 0.0123821 0.0159801 0.0196358 0.0229803 0.0256627 0.0274172 0.0281192 0.0278059 0.0266521 0.0249128 0.0228532 0.0206916 0.0185683 0.0165465 0.0146336 0.0128121 0.0110649
 1.02461e-16 3.10333e-05 0.000182136 0.000865785 0.00333331 0.0103946 0.026256 0.0537234 0.0890534 0.119599 0.130154 0.114822 0.0822294 0.0480627 0.0234627 0.0105705 0.00601438 0.00581807 0.00753999 0.0100926 0.0130012 0.0159455 0.0186148 0.0207159 0.0220272 0.0224443 0.0219991 0.0208399 0.0191855 0.0172678 0.0152828 0.0133641 0.0115802 0.00995005 0.00846541 0.00711132
 1.017e-16 3.16301e-05 0.000185639 0.000882436 0.00339741 0.0105945 0.0267609 0.0547567 0.0907663 0.1219 0.13266 0.117036 0.0838227 0.0490092 0.0239526 0.0108368 0.00622568 0.00606501 0.00786088 0.0104949 0.0134689 0.0164388 0.0190704 0.0210518 0.0221524 0.0222731 0.0214654 0.0199101 0.0178647 0.0155999 0.0133437 0.0112505 0.00939658 0.00779605 0.00642637 0.00525211
 1.02233e-16 2.65156e-05 0.000155605 0.00073963 0.00284754 0.00887973 0.0224297 0.0458953 0.0760811 0.102189 0.111238 0.0982063 0.0704882 0.0415186 0.0208628 0.0104063 0.00732485 0.00826131 0.011133 0.0149596 0.019221 0.0234721 0.0272445 0.0300939 0.0316887 0.0318833 0.0307464 0.0285302 0.0255986 0.0223356 0.0190681 0.0160206 0.0133087 0.0109603 0.00895063 0.00723499
 1.0272e-16 2.88194e-05 0.000169137 0.000803979 0.00309533 0.00965247 0.0243814 0.0498881 0.0826971 0.111066 0.120877 0.106659 0.0764296 0.0447665 0.0220296 0.0102253 0.00624196 0.00640406 0.00845275 0.011373 0.0147021 0.0181034 0.0212365 0.0237735 0.0254587 0.0261595 0.0258889 0.0247866 0.0230719 0.0209848 0.0187349 0.016474 0.0142923 0.0122332 0.0103143 0.00854513
 1.02758e-16 2.84838e-05 0.000167165 0.000794599 0.00305921 0.00953982 0.0240969 0.0493062 0.081733 0.109773 0.119475 0.105434 0.0755794 0.044323 0.0219123 0.0103388 0.00653515 0.00687231 0.0091138 0.0122418 0.0157729 0.0193389 0.0225658 0.0250974 0.0266641 0.0271396 0.026563 0.025116 0.0230659 0.0206964 0.0182479 0.0158849 0.0136928 0.0116964 0.00988693 0.00824696
 1.02265e-16 3.11413e-05 0.000182771 0.000868801 0.00334492 0.0104308 0.0263474 0.0539105 0.0893635 0.120015 0.130607 0.11522 0.0825112 0.0482213 0.0235288 0.0105812 0.00599427 0.0057774 0.00748088 0.0100148 0.0129057 0.0158354 0.0184957 0.0205951 0.0219119 0.0223398 0.0219067 0.0207563 0.0191027 0.0171747 0.0151674 0.0132165 0.0113946 0.00972606 0.00820849 0.0068316
 1.02173e-16 2.92155e-05 0.00017146 0.00081502 0.00313783 0.009785 0.0247162 0.0505734 0.0838335 0.112594 0.122545 0.108142 0.0775172 0.045453 0.0224584 0.0105741 0.00665101 0.00696283 0.00921082 0.0123456 0.0158656 0.0193887 0.0225283 0.0249197 0.0262909 0.0265221 0.0256678 0.0239324 0.0216101 0.0190108 0.0163964 0.0139452 0.011747 0.00982141 0.00814764 0.00669084
 1.02368e-16 2.91565e-05 0.000171115 0.000813381 0.00313153 0.00976534 0.0246666 0.0504716 0.0836645 0.112366 0.122294 0.107914 0.077339 0.0453194 0.0223387 0.0104293 0.00644486 0.00666577 0.0088018 0.0118159 0.0152243 0.0186676 0.0217826 0.0242236 0.0257275 0.0261688 0.0255824 0.0241412 0.0221034 0.0197449 0.0173031 0.014944 0.0127583 0.0107775 0.00899943 0.00741002
 1.0223e-16 3.05579e-05 0.000179344 0.000852509 0.00328219 0.0102352 0.0258533 0.0528996 0.0876882 0.117767 0.128164 0.113074 0.0809951 0.0473764 0.0231936 0.0105609 0.00616484 0.00609482 0.0079474 0.0106464 0.0137123 0.0168108 0.019613 0.0218081 0.0231601 0.0235576 0.0230338 0.0217458 0.0199268 0.0178252 0.0156532 0.0135576 0.0116169 0.0098563 0.00827099 0.0068468
 1.02165e-16 2.97415e-05 0.000174549 0.000829708 0.00319439 0.00996138 0.0251617 0.0514848 0.0853438 0.114621 0.124747 0.110075 0.0788813 0.0462095 0.0227515 0.0105775 0.00647399 0.00664275 0.00874386 0.0117169 0.0150679 0.0184321 0.021444 0.0237585 0.0251168 0.0254023 0.0246618 0.0230826 0.020937 0.0185128 0.0160544 0.0137291 0.011623 0.00975822 0.00811965 0.00667986
 1.04243e-16 1.70594e-05 0.000100076 0.000475615 0.00183097 0.00570956 0.0144223 0.0295126 0.0489305 0.0657432 0.0716229 0.06337 0.0457846 0.027573 0.0149777 0.00932241 0.00890398 0.0116494 0.0162415 0.0219741 0.0283206 0.0346962 0.0404372 0.0449005 0.0475979 0.0483016 0.0470855 0.0442839 0.0403897 0.0359278 0.0313474 0.0269601 0.0229323 0.0193164 0.0160986 0.0132428
 1.05909e-16 2.4242e-05 0.000142266 0.000676239 0.00260351 0.00811875 0.0205074 0.0419613 0.0695576 0.0934201 0.101676 0.0897249 0.0643142 0.0377099 0.0186347 0.00878945 0.00557623 0.00592904 0.00797994 0.0109115 0.0143711 0.018106 0.0218461 0.0253085 0.0282404 0.0304596 0.031875 0.0324805 0.0323307 0.0315095 0.0301053 0.028202 0.025882 0.0232366 0.0203734 0.0174159
 1.04247e-16 2.92539e-05 0.00017169 0.000816126 0.00314211 0.00979836 0.0247499 0.0506419 0.0839456 0.11274 0.122692 0.108243 0.0775278 0.0453347 0.0221694 0.010055 0.00581953 0.0057223 0.00746978 0.0100446 0.0130064 0.0160582 0.0189099 0.0212845 0.0229682 0.023853 0.0239525 0.0233832 0.0223216 0.0209514 0.0194217 0.0178263 0.0162071 0.0145717 0.0129183 0.0112533
pSPR Fmed_Fpbrs
0.443326   0.6 0.325
Fs Fmed_Fpbrs
0.64   0.345126 1.05407
SSBpbr Bo_Bmed_Bpbrs
2.59315e+06  1.01995e+06  1.42623e+06 713116
Ro
63576.6
SPR SPRFo_SPRFmed_SPRFpbrs
1.31312e+06 582143 426766
log_Ro
10.88
likeval ReclasPelacesDesembMPH_pf_preclas_ppelaces_ptallas_desvR_qrecl_qpela
 64.6757 21.338 0.0335641 22.854 339.109 221.568 55.1797 0 18.5487 8.33885e-05 2.38348e-06 1.92019e-15 0 0 0
q_reclas_q_pelaces
0.274171 1.24563
M
0.7
N
 67347.9 17072.4 6341.31 746.537 0.417546
 83397.3 31116.4 5834.71 2167.23 255.282
 52311.8 39263.1 11722.4 2198.1 912.625
 73874.5 24139.5 13333 3980.71 1056.34
 117798 36183 11161.6 6164.92 2329.03
 89205.2 58320.9 17690.3 5457.06 4152.8
 139031 42893.7 24510.6 7434.71 4038.74
 130003 67647.7 19166.5 10952.2 5126.76
 155617 61982.5 27206.9 7708.47 6466.72
 137852 73821.2 24285.7 10660.1 5554.05
 68558.4 65955.7 30234.1 9946.41 6640.64
 41365.5 31414.4 21594.6 9899 5430.78
 42087.2 19056.2 10575.2 7269.51 5160.55
 24301.6 18569.2 5129.21 2846.45 3345.71
 19027.6 9803.98 3143.73 868.364 1048.32
 21576.1 7824.39 1832.49 587.602 358.252
 17176.8 9945.17 2641.56 618.658 319.326
 22128.4 8056.8 3675.21 976.182 346.629
 26648.4 10561.5 3258.21 1486.27 534.951
 43519.2 12816.9 4444.46 1371.11 850.563
 56074.8 20937.7 5402.35 1873.35 936.437
 76871.9 27434.2 9625.37 2483.54 1291.7
 120666 37440.6 12322 4323.19 1695.63
 165724 58602.3 16568.2 5452.7 2663.44
 70834.9 80583.2 26097.4 7378.29 3614.36
 102832 34547.1 36449 11804.2 4972.15
 167656 50123.9 15580 16437.7 7565.79
pred_Ctot
 3384.86 3910.83 1452.63 171.012 0.0956488
 3124.38 5487.69 1029.01 382.212 45.0214
 2672.79 9124.23 2724.13 510.808 212.082
 727.578 1200.72 663.198 198.005 52.5435
 254.35 402.432 124.141 68.5671 25.9038
 2037.48 6507.99 1974.05 608.95 463.408
 2019.49 3109.27 1776.72 538.926 292.76
 3738.11 9361.29 2652.32 1515.6 709.456
 5017.88 9533.81 4184.82 1185.68 994.676
 3627.81 9407.8 3094.97 1358.52 707.81
 3827.49 16549.4 7586.28 2495.73 1666.25
 2160.37 7440.94 5114.98 2344.71 1286.36
 3398.46 6498.91 3606.56 2479.19 1759.95
 3318.01 9345.95 2581.55 1432.63 1683.91
 2378.26 4644.32 1489.24 411.36 496.608
 1118.77 1841.77 431.346 138.315 84.3283
 687.219 1861.04 494.315 115.769 59.7554
 619.961 1088.36 496.471 131.869 46.8249
 603.994 1170.04 360.955 164.654 59.2637
 976.811 1406.92 487.871 150.507 93.3667
 596.735 1123.03 289.764 100.48 50.2274
 1062.54 1895.77 665.136 171.618 89.2594
 1912.37 2951.16 971.249 340.765 133.654
 2483.54 4377.47 1237.61 407.306 198.954
 911.07 5194.34 1682.22 475.6 232.979
 1364.19 2294.52 2420.84 784.002 330.235
 2914.3 4316.42 1341.67 1415.53 651.528
F
 0.0721355 0.373637 0.373637 0.373637 0.373637
 0.0533303 0.276233 0.276233 0.276233 0.276233
 0.0733721 0.380043 0.380043 0.380043 0.380043
 0.0137784 0.0713676 0.0713676 0.0713676 0.0713676
 0.00300638 0.0155721 0.0155721 0.0155721 0.0155721
 0.0322139 0.166857 0.166857 0.166857 0.166857
 0.0203802 0.105563 0.105563 0.105563 0.105563
 0.040706 0.210843 0.210843 0.210843 0.210843
 0.0457493 0.236966 0.236966 0.236966 0.236966
 0.0371982 0.192674 0.192674 0.192674 0.192674
 0.0804181 0.416538 0.416538 0.416538 0.416538
 0.0750541 0.388755 0.388755 0.388755 0.388755
 0.118239 0.612439 0.612439 0.612439 0.612439
 0.207754 1.0761 1.0761 1.0761 1.0761
 0.188644 0.977115 0.977115 0.977115 0.977115
 0.0744985 0.385877 0.385877 0.385877 0.385877
 0.0570454 0.295476 0.295476 0.295476 0.295476
 0.0396434 0.205339 0.205339 0.205339 0.205339
 0.0319634 0.16556 0.16556 0.16556 0.16556
 0.0316491 0.163932 0.163932 0.163932 0.163932
 0.0148951 0.0771514 0.0771514 0.0771514 0.0771514
 0.019385 0.100408 0.100408 0.100408 0.100408
 0.0222547 0.115272 0.115272 0.115272 0.115272
 0.0210324 0.108941 0.108941 0.108941 0.108941
 0.0180274 0.0933757 0.0933757 0.0933757 0.0933757
 0.0185988 0.0963355 0.0963355 0.0963355 0.0963355
 0.0244325 0.126552 0.126552 0.126552 0.126552
Np
 51741.5 24037.8 28569.9 7712.33 3240.2
YTP_r0W_actual
 63976.7 231803 104741 141126 72083.3
YTP_p0W_proyectada
 19744.3 375731 147445 58528.3 98510
 19744.3 111165 192070 66214.1 30871.1
CTP_r0_actual
 7802.03 10731.6 3335.71 3519.35 1619.85
CTP_p0_proyectada
 2407.84 17394.9 4695.68 1459.56 2213.71
 2407.84 5146.55 6116.88 1651.23 693.733
Wmedp
 8.2 21.6 31.4 40.1 44.5
nmprior
 10.8 10.6 4.6 0
nm_flota  nm_reclas  nm_pelaces    nm_pelaL
inf 11.6567 20.0144 66.356
cv_recla  cv_pelaces  cv_mph
0.696468 0.506019 0.638833
 ------------------------------------------------
Talla a la edad & desviaci?n 
 7.2 14.2025 17.0495 18.207 18.6776
 1.08 2.13037 2.55742 2.73105 2.80164
