years
 1997 1998 1999 2000 2001 2002 2003 2004 2005 2006 2007 2008 2009 2010 2011 2012 2013 2014 2015 2016 2017 2018 2019 2020 2021 2022 2023
reclasobs
 0 0 0 370054 412103 1.49427e+06 250295 1.28982e+06 931140 785840 897777 1.04006e+06 184774 17550 25797 100020 73551 82996 120727 218422 84188 347160 605670 569463 516374 1.08416e+06 1.01767e+06
reclaspred
 460891 130093 412267 285338 387057 458325 989610 664180 751203 684295 545258 364751 219926 98091.4 67637.6 66786.6 78838.4 110705 124594 179198 262907 249502 439734 587057 720250 695850 709261
pelacesobs
 0 0 0 0 0 0 0 0 0 2.06254e+06 1.5e+06 0 1.87456e+06 323000 250000 174000 83755 137374 0 501740 490994 745055 786931 1.00524e+06 1.33801e+06 1.41789e+06 0
pelacespred
 1.84661e+06 439157 851592 903603 1.05834e+06 1.00963e+06 2.53964e+06 2.08473e+06 2.11212e+06 1.92422e+06 1.34973e+06 929719 559320 201886 142713 150674 186580 267211 302448 431672 714458 645081 935788 1.42382e+06 1.70525e+06 1.81715e+06 1.76958e+06
mphobs
 0 0 0 0 0 0 112323 0 153150 637223 0 255016 313432 73983 77613 109348 50772 17779 17303 59886 28197 0 207744 136588 643089 65757 70829
mphpred
 147427 94211 118316 146290 144512 211147 317284 369221 321405 330281 301688 209338 124267 104294 46754.8 40760.8 45471.2 62711.1 28869.4 33570.1 53018.2 65434.2 83073.8 124564 167877 172278 161481
desembarqueobs
 350755 77701 442110 56441 14545 235359 269955 359681 431902 328805 639364 411747 362871 311530 167758 66681 60226 58785 57116 73181 50977 67692 138656 160484 209506 203330 245020
desembarquepred
 350767 77705.5 442166 56443.9 14545.2 235424 269996 359712 431960 328856 639644 412020 363298 312000 167783 66700.1 60258.5 58789 57110.8 73184.1 50978.4 67686.6 138662 160493 209512 203332 245015
Reclutas
 55325.7 67593 40590.8 56955.1 93171.6 69448.6 114001 108775 136973 129652 66336.6 41381.6 42572.2 24253.5 17685.4 17944.1 13728.8 17695.6 21332.4 33969 44507.3 60607.4 94496.7 129656 55319.2 80374.9 132123
log_desv_Rt
 0.0409925 0.24126 -0.268703 0.0700189 0.562198 0.268343 0.763959 0.717032 0.947541 0.892607 0.222497 -0.249408 -0.221042 -0.783684 -1.0995 -1.08498 -1.35275 -1.09893 -0.912017 -0.446797 -0.176591 0.132172 0.57632 0.892641 0.040876 0.414458 0.91149
SSB
 664237 424470 533075 659116 651102 951327 1.39445e+06 1.64753e+06 1.41975e+06 1.46063e+06 1.35927e+06 943177 576240 296277 137862 120850 139582 184675 240467 292522 440010 530242 690477 992635 1.45275e+06 1.52888e+06 1.35458e+06
BT
 2.29772e+06 608056 1.16505e+06 1.04103e+06 1.16019e+06 1.28336e+06 2.94094e+06 2.67086e+06 2.688e+06 2.40601e+06 2.04382e+06 1.38877e+06 962703 515967 295254 218292 251936 337178 376840 527403 817284 763651 1.11114e+06 1.67634e+06 2.01288e+06 2.15058e+06 2.13025e+06
Ftot
 0.467276 0.360585 0.519393 0.101188 0.0213612 0.224033 0.143451 0.280777 0.313158 0.244298 0.510408 0.480238 0.773544 1.41723 1.37797 0.535388 0.40758 0.286577 0.227189 0.223592 0.104084 0.133473 0.153335 0.145686 0.124493 0.13011 0.172347
BD_Bspro_t
 0.944838 0.753617 0.716963 0.594622 0.708476 0.823169 0.787859 0.795855 0.742703 0.709225 0.670448 0.513187 0.39758 0.283904 0.172467 0.184527 0.271244 0.410883 0.534423 0.637431 0.743629 0.820259 0.832403 0.838921 0.850193 0.817667 0.79829
BD_Bspro
 0.605606 0.387003 0.486021 0.600936 0.59363 0.867355 1.27136 1.5021 1.29443 1.3317 1.23929 0.859925 0.525376 0.270125 0.125693 0.110182 0.127262 0.168374 0.219241 0.266702 0.401171 0.483438 0.62953 0.905017 1.32452 1.39393 1.23502
BD_Bo
 0.337728 0.21582 0.271039 0.335124 0.33105 0.483698 0.708999 0.837677 0.721864 0.742649 0.691112 0.479554 0.292986 0.150641 0.0700954 0.0614454 0.07097 0.0938971 0.122264 0.148731 0.223721 0.269599 0.35107 0.5047 0.738642 0.777354 0.68873
BD_Brms
 0.614051 0.3924 0.492798 0.609316 0.601908 0.87945 1.28909 1.52305 1.31248 1.35027 1.25657 0.871916 0.532702 0.273892 0.127446 0.111719 0.129036 0.170722 0.222298 0.270421 0.406765 0.490179 0.638308 0.917637 1.34299 1.41337 1.25224
S_f
 0.178787 1 1 1 1
 0.178787 1 1 1 1
 0.178787 1 1 1 1
 0.178787 1 1 1 1
 0.178787 1 1 1 1
 0.178787 1 1 1 1
 0.178787 1 1 1 1
 0.178787 1 1 1 1
 0.178787 1 1 1 1
 0.178787 1 1 1 1
 0.178787 1 1 1 1
 0.178787 1 1 1 1
 0.178787 1 1 1 1
 0.178787 1 1 1 1
 0.178787 1 1 1 1
 0.178787 1 1 1 1
 0.178787 1 1 1 1
 0.178787 1 1 1 1
 0.178787 1 1 1 1
 0.178787 1 1 1 1
 0.178787 1 1 1 1
 0.178787 1 1 1 1
 0.178787 1 1 1 1
 0.178787 1 1 1 1
 0.178787 1 1 1 1
 0.178787 1 1 1 1
 0.178787 1 1 1 1
Scru_reclas
 0.891926 1 1 1 1
 0.891926 1 1 1 1
 0.891926 1 1 1 1
 0.891926 1 1 1 1
 0.891926 1 1 1 1
 0.891926 1 1 1 1
 0.891926 1 1 1 1
 0.891926 1 1 1 1
 0.891926 1 1 1 1
 0.891926 1 1 1 1
 0.891926 1 1 1 1
 0.891926 1 1 1 1
 0.891926 1 1 1 1
 0.891926 1 1 1 1
 0.891926 1 1 1 1
 0.891926 1 1 1 1
 0.891926 1 1 1 1
 0.891926 1 1 1 1
 0.891926 1 1 1 1
 0.891926 1 1 1 1
 0.891926 1 1 1 1
 0.891926 1 1 1 1
 0.891926 1 1 1 1
 0.891926 1 1 1 1
 0.891926 1 1 1 1
 0.891926 1 1 1 1
 0.891926 1 1 1 1
Scru_pelaces
 1 1 1 1 1
 1 1 1 1 1
 1 1 1 1 1
 1 1 1 1 1
 1 1 1 1 1
 1 1 1 1 1
 1 1 1 1 1
 1 1 1 1 1
 1 1 1 1 1
 1 1 1 1 1
 1 1 1 1 1
 1 1 1 1 1
 1 1 1 1 1
 1 1 1 1 1
 1 1 1 1 1
 1 1 1 1 1
 1 1 1 1 1
 1 1 1 1 1
 1 1 1 1 1
 1 1 1 1 1
 1 1 1 1 1
 1 1 1 1 1
 1 1 1 1 1
 1 1 1 1 1
 1 1 1 1 1
 1 1 1 1 1
 1 1 1 1 1
pf_obs 
 0.256992 0.487395 0.22802 0.0275931 0
 0.321318 0.546541 0.124235 0.00734118 0.000564706
 0.182869 0.594174 0.210203 0.0122559 0.00049798
 0.330522 0.361315 0.267642 0.0388342 0.00168674
 0.649043 0.306663 0.0425973 0.00169635 0
 0.582887 0.30429 0.105238 0.00758474 0
 0.465427 0.430635 0.0974691 0.00646863 0
 0.296916 0.608066 0.0921331 0.00288517 0
 0.311714 0.524322 0.152257 0.0117073 0
 0.15457 0.633149 0.183074 0.0267441 0.00246327
 0.131901 0.49318 0.331252 0.0422183 0.00144891
 0.196976 0.569456 0.194076 0.0375587 0.00193317
 0.518974 0.381816 0.0799577 0.0180837 0.00116848
 0.0928022 0.601141 0.25162 0.0475244 0.00691264
 0.122501 0.610282 0.24278 0.0234846 0.000952079
 0.383417 0.481906 0.127806 0.00687128 0
 0.0376549 0.599619 0.316969 0.0457579 0
 0.0361596 0.667082 0.258105 0.0386534 0
 0.158088 0.579412 0.248529 0.0139706 0
 0.0477256 0.309471 0.559284 0.082774 0.000745712
 0.0406174 0.521527 0.379366 0.0568643 0.0016247
 0.151134 0.462217 0.34131 0.0453401 0
 0.294876 0.26143 0.354403 0.0886775 0.000613685
 0.281977 0.475581 0.204845 0.0348837 0.00271318
 0.0841818 0.532909 0.334909 0.0458182 0.00218182
 0.115287 0.27431 0.454777 0.147771 0.00785563
 0 0 0 0 0
pf_pred 
 0.36375 0.449638 0.166956 0.0196455 1.09163e-05
 0.302525 0.557834 0.0986837 0.0366425 0.00431408
 0.169763 0.616057 0.171299 0.0303037 0.0125769
 0.25471 0.443087 0.224243 0.0623524 0.0156084
 0.287305 0.475371 0.141093 0.0714059 0.0248252
 0.168501 0.577761 0.169245 0.0502328 0.0342608
 0.265141 0.409475 0.22609 0.0662292 0.0330642
 0.210005 0.539751 0.13944 0.0769912 0.0338127
 0.250784 0.471336 0.189857 0.0490479 0.0389752
 0.211945 0.539405 0.156427 0.0630099 0.0292131
 0.125824 0.548764 0.222737 0.0645936 0.0380817
 0.128254 0.44178 0.269911 0.109554 0.0505012
 0.209861 0.401793 0.196804 0.12024 0.0713014
 0.200025 0.547353 0.128461 0.062922 0.0612393
 0.278387 0.535938 0.127041 0.0298159 0.028818
 0.313451 0.558381 0.0951896 0.0225642 0.0104142
 0.211354 0.605239 0.149168 0.0254293 0.00880996
 0.262652 0.475731 0.200776 0.0494834 0.0113582
 0.256027 0.517097 0.146378 0.0617771 0.0187205
 0.305791 0.473144 0.153651 0.0434951 0.0239192
 0.271773 0.533246 0.132891 0.0431556 0.0189345
 0.26454 0.504928 0.168808 0.0420688 0.0196556
 0.292725 0.482043 0.154632 0.0516967 0.0189029
 0.276102 0.51622 0.141543 0.0454049 0.0207302
 0.102843 0.623839 0.194906 0.0534414 0.0249702
 0.18478 0.329742 0.337577 0.105469 0.0424308
 0.269875 0.418976 0.125854 0.128845 0.0564498
pobs_RECLAS
 0 0 0 0 0
 0 0 0 0 0
 0 0 0 0 0
 0 0 0 0 0
 0.835266 0.146461 0.0176864 0.000547809 3.91292e-05
 0.385257 0.428462 0.181853 0.0044286 0
 0.867414 0.0963971 0.0333333 0.00285562 0
 0.441836 0.489002 0.0689373 0.000224442 0
 0.779404 0.147425 0.0564933 0.0165055 0.000172143
 0.814271 0.122319 0.05973 0.00367925 0
 0.40263 0.566651 0.0304383 0.000280538 0
 0.475488 0.404961 0.113038 0.00651328 0
 0.955842 0.0263864 0.0167828 0.000988607 0
 0.975058 0.0227948 0.00214734 0 0
 0.738997 0.206755 0.0527124 0.00153531 0
 0.850938 0.134255 0.0134407 0.00136685 0
 0.542534 0.407297 0.0501686 0 0
 0.764087 0.199537 0.0359546 0.000420521 0
 0.470689 0.182191 0.310203 0.0369168 0
 0.84361 0.089868 0.0606195 0.00523954 0.000663233
 0.607945 0.314616 0.071237 0.00620181 0
 0.523733 0.453247 0.0230204 0 0
 0.530135 0.295979 0.169645 0.0042399 0
 0.562478 0.366248 0.0663022 0.0049721 0
 0.250443 0.683176 0.0655157 0.000865301 0
 0.195077 0.31981 0.436473 0.0351445 0.0134964
 0.565238 0.351407 0.0832357 0.000118908 0
ppred_RECLAS
 0.746258 0.179319 0.0665835 0.00783481 4.35351e-06
 0.688709 0.248968 0.0440436 0.0163539 0.00192542
 0.513753 0.360808 0.100325 0.017748 0.00736594
 0.631522 0.219066 0.110868 0.0308276 0.00771694
 0.668124 0.221363 0.0657017 0.0332511 0.0115602
 0.505877 0.343337 0.100575 0.0298511 0.0203597
 0.644603 0.198033 0.109343 0.0320302 0.0159907
 0.574129 0.290969 0.0751693 0.0415044 0.0182278
 0.629824 0.232879 0.0938054 0.0242338 0.019257
 0.576371 0.289964 0.0840894 0.0338718 0.0157039
 0.42633 0.360121 0.146169 0.042389 0.0249908
 0.431062 0.288324 0.176155 0.0714995 0.0329592
 0.584483 0.211294 0.103495 0.0632316 0.0374959
 0.589941 0.280567 0.0658476 0.0322532 0.0313907
 0.688158 0.231603 0.0549004 0.0128848 0.0124536
 0.7026 0.24188 0.0412343 0.00977439 0.00451122
 0.578408 0.323547 0.0797417 0.0135939 0.0047096
 0.643775 0.229833 0.0969983 0.0239063 0.00548733
 0.634897 0.253764 0.0718348 0.030317 0.00918701
 0.689953 0.211315 0.0686234 0.0194257 0.0106827
 0.65179 0.254978 0.0635433 0.0206354 0.00905374
 0.643761 0.244575 0.0817664 0.0203771 0.00952071
 0.67551 0.221156 0.0709437 0.0237179 0.00867243
 0.657251 0.244419 0.0670173 0.0214982 0.0098153
 0.365328 0.44132 0.137882 0.0378058 0.0176646
 0.532391 0.18914 0.193634 0.0604971 0.0243383
 0.650511 0.200551 0.0602427 0.0616741 0.0270208
pobs_PELACES
 0 0 0 0 0
 0 0 0 0 0
 0 0 0 0 0
 0 0 0 0 0
 0 0 0 0 0
 0 0 0 0 0
 0 0 0 0 0
 0 0 0 0 0
 0 0 0 0 0
 0 0 0 0 0
 0.450072 0.473896 0.0757376 0.000293798 0
 0 0 0 0 0
 0.463077 0.371075 0.160297 0.00555027 0
 0.529543 0.364841 0.0842815 0.0213345 0
 0.631943 0.363953 0.00410389 0 0
 0.735681 0.248677 0.0153453 0.000297389 0
 0.695825 0.281241 0.0229344 0 0
 0.275771 0.60734 0.115278 0.00161068 0
 0 0 0 0 0
 0.896147 0.0623911 0.0374545 0.00400742 0
 0.803859 0.145111 0.0509908 3.86294e-05 0
 0.739449 0.233085 0.0266225 0.000797448 4.60066e-05
 0.878498 0.100942 0.0204185 0.000141795 0
 0.694673 0.275183 0.0284847 0.00165964 0
 0.469039 0.446079 0.0841089 0.000773354 0
 0.822795 0.102175 0.0682046 0.00682512 0
 0 0 0 0 0
ppred_PELACES
 0.789141 0.149014 0.0553306 0.0065107 3.61775e-06
 0.732273 0.214126 0.03788 0.0140653 0.00165597
 0.576923 0.313934 0.0872917 0.0154423 0.00640901
 0.66386 0.19984 0.101138 0.0281221 0.00703968
 0.694209 0.203964 0.0605376 0.0306376 0.0106515
 0.549486 0.313036 0.0916984 0.0272166 0.0185628
 0.678884 0.178931 0.0987962 0.0289406 0.0144483
 0.619914 0.259688 0.067088 0.0370424 0.0162681
 0.674959 0.204485 0.0823679 0.021279 0.0169091
 0.619746 0.260275 0.0754796 0.0304037 0.014096
 0.488964 0.320802 0.13021 0.0377608 0.0222623
 0.49175 0.257569 0.157365 0.0638727 0.0294434
 0.660429 0.172675 0.0845789 0.0516745 0.0306426
 0.703113 0.203134 0.0476745 0.0233517 0.0227272
 0.782335 0.161658 0.0383203 0.00899358 0.00869258
 0.753835 0.20021 0.0341306 0.00809049 0.00373404
 0.632061 0.282372 0.0695936 0.0118639 0.00411025
 0.686503 0.202266 0.0853636 0.0210388 0.00482914
 0.674635 0.226144 0.0640163 0.0270173 0.0081871
 0.726088 0.186687 0.0606256 0.0171617 0.0094377
 0.683412 0.231823 0.0577727 0.0187614 0.00823155
 0.677492 0.221417 0.0740242 0.0184477 0.00861924
 0.708712 0.198527 0.0636846 0.021291 0.00778505
 0.691026 0.220333 0.0604133 0.0193797 0.00884808
 0.400303 0.417 0.130283 0.0357225 0.0166911
 0.569394 0.174173 0.178311 0.0557098 0.0224123
 0.68619 0.180077 0.0540927 0.055378 0.0242623
pobs_pel_tallas
 0 0 0 0 0 0 0 0 0 0 0 0 0 0 0 0 0 0 0 0 0 0 0 0 0 0 0 0 0 0 0 0 0 0 0 0
 0 0 0 0 0 0 0 0 0 0 0 0 0 0 0 0 0 0 0 0 0 0 0 0 0 0 0 0 0 0 0 0 0 0 0 0
 0 0 0 0 0 0 0 0 0 0 0 0 0 0 0 0 0 0 0 0 0 0 0 0 0 0 0 0 0 0 0 0 0 0 0 0
 0 0 0 0 0 0 0 0 0 0 0 0 0 0 0 0 0 0 0 0 0 0 0 0 0 0 0 0 0 0 0 0 0 0 0 0
 0 0 0 0 0 0 0 0 0 0 0 0 0 0 0 0 0 0 0 0 0 0 0 0 0 0 0 0 0 0 0 0 0 0 0 0
 0 0 0 0 0 0 0 0 0 0 0 0 0 0 0 0 0 0 0 0 0 0 0 0 0 0 0 0 0 0 0 0 0 0 0 0
 0 0 0 0 0 0 0 0 0 0 0 0 0 0 0 0 0 0 0 0 0 0 0 0 0 0 0 0 0 0 0 0 0 0 0 0
 0 0 0 0 0 0 0 0 0 0 0 0 0 0 0 0 0 0 0 0 0 0 0 0 0 0 0 0 0 0 0 0 0 0 0 0
 0 0 0 0 0 0 0 0 0 0 0 0 0 0 0 0 0 0 0 0 0 0 0 0 0 0 0 0 0 0 0 0 0 0 0 0
 0 0 0 0 0 0 0 0 0 0 0 0 0 0 0 0 0 0 0 0 0 0 0 0 0 0 0 0 0 0 0 0 0 0 0 0
 0 0 0 0 0 0 0 0 1.78061e-05 0.00172719 0.00360574 0.0105946 0.0120993 0.0124554 0.0147524 0.0171206 0.0266825 0.0428682 0.0675386 0.121331 0.153587 0.119568 0.100827 0.0573624 0.0630603 0.0341343 0.0324427 0.0444173 0.0211091 0.0280891 0.0125444 0.00206551 0 0 0 0
 0 0 0 0 0 0 0 0 0 0 0 0 0 0 0 0 0 0 0 0 0 0 0 0 0 0 0 0 0 0 0 0 0 0 0 0
 0 0 0 0 0 0 0.0133647 0.0140871 0.0187388 0.0205184 0.03894 0.0496705 0.03968 0.0493445 0.0407372 0.0367815 0.0215668 0.0243155 0.0234873 0.0199281 0.019796 0.0243948 0.0301388 0.0376714 0.0412746 0.0863199 0.0771752 0.113111 0.0741005 0.0525337 0.0229764 0.00759418 0.00175318 0 0 0
 0 0 0 0 0 0 0 0 0 0 0.00219441 0.00772107 0.0458388 0.0604681 0.0671733 0.0775358 0.0609151 0.0617685 0.073594 0.0568108 0.0755445 0.0548602 0.0670107 0.0636378 0.0643287 0.046367 0.0373049 0.0286899 0.0247887 0.0153202 0.00654259 0.00121912 0.000365735 0 0 0
 0 0 0 0 0 0 0 0 0 0 0 0 0.000112435 0.00938835 0.0111873 0.0202946 0.0414886 0.0713402 0.111592 0.104902 0.108894 0.110636 0.117776 0.105296 0.107544 0.0401394 0.0192827 0.0124803 0.00416011 0.0028671 0.000618394 0 0 0 0 0
 0 0 0 0 0 0 0 0 0 0 0.00291406 0.0102884 0.027416 0.0768956 0.0749926 0.110853 0.0956884 0.0897413 0.0766577 0.0534642 0.0500743 0.0551293 0.0594112 0.0620874 0.0668451 0.0424026 0.0208742 0.0120726 0.0048766 0.00582813 0.00118941 0.000297354 0 0 0 0
 0 0.00264628 0.0354308 0.0461629 0.0458689 0.0383711 0.0214643 0.0164657 0.0346957 0.0420465 0.0363128 0.0245516 0.0311673 0.0291091 0.0169068 0.0133784 0.00837989 0.0085269 0.0148486 0.0160247 0.0276389 0.0546898 0.0760071 0.122758 0.109233 0.0665981 0.0333725 0.0166128 0.00676272 0.00308733 0.000882094 0 0 0 0 0
 0 0 0 0 0 0 0 0.000805153 0.000690131 0.00759144 0.0133425 0.0154129 0.00931677 0.000345066 0.00356568 0.00563607 0.00851162 0.0253048 0.0502646 0.0516448 0.0657925 0.0565908 0.0611916 0.0827007 0.0866115 0.110766 0.145733 0.0935128 0.0569358 0.0249597 0.0138026 0.00621118 0.00161031 0.00115022 0 0
 0 0 0 0 0 0 0 0 0 0 0 0 0 0 0 0 0 0 0 0 0 0 0 0 0 0 0 0 0 0 0 0 0 0 0 0
 0.00147267 0.00158595 0.00478618 0.00569244 0.00954404 0.0108468 0.00647125 0.017049 0.0510054 0.094081 0.124002 0.0959785 0.0687766 0.0820023 0.061753 0.0591476 0.0492212 0.0479892 0.0443925 0.0268479 0.0217502 0.0140895 0.0121071 0.0120363 0.00920419 0.00665534 0.0049561 0.00860946 0.00930331 0.0156896 0.0114698 0.00855282 0.00243557 0.00046729 0 2.83206e-05
 0 0 0 0 0.000772559 0.00158375 0.000888443 0.00281984 0.00712685 0.0440552 0.0773331 0.111326 0.0921469 0.0852325 0.0710754 0.0886704 0.0786465 0.0553345 0.0373146 0.0185414 0.00753245 0.00457741 0.012979 0.0271748 0.0457355 0.0583668 0.034881 0.0177882 0.00938659 0.00492506 0.0015258 0.00185414 0.000309023 5.79419e-05 3.86279e-05 0
 0 0.00173294 0.00326652 0 0.00397197 0.00683976 0.00946217 0.0152591 0.00757587 0.0136028 0.0228656 0.0392903 0.0559909 0.0764795 0.0681675 0.0726916 0.0566044 0.0477403 0.0527397 0.0444891 0.0609904 0.0582453 0.0661739 0.0445044 0.0529084 0.0360697 0.0280645 0.0235558 0.0158879 0.00826598 0.00280645 0.00217768 0.000904811 0.00058276 9.20147e-05 0
 0 0 0 0 0 0 0 0 0 0 0 0 0 0 0 0 0 0 0 0 0 0 0 0 0 0 0 0 0 0 0 0 0 0 0 0
 0 0 0 0 0 0 0 0 0 0 0 0 0 0 0 0 0 0 0 0 0 0 0 0 0 0 0 0 0 0 0 0 0 0 0 0
 0 0 0 0 0 0 0 0 0 0 0 0 0 0 0 0 0 0 0 0 0 0 0 0 0 0 0 0 0 0 0 0 0 0 0 0
 0 0 0 0 0 0 0 0 0 0 0 0 0 0 0 0 0 0 0 0 0 0 0 0 0 0 0 0 0 0 0 0 0 0 0 0
 0 0 0 0 0 0 0 0 0 0 0 0 0 0 0 0 0 0 0 0 0 0 0 0 0 0 0 0 0 0 0 0 0 0 0 0
ppred_pel_tallas
 1.01058e-16 3.44291e-05 0.000202076 0.00096059 0.00369834 0.011533 0.0291313 0.0596063 0.098803 0.132687 0.144382 0.127336 0.0911107 0.0530904 0.0256119 0.0110204 0.00554446 0.00474883 0.00591764 0.00786291 0.0101072 0.0123717 0.0144046 0.0159714 0.0168945 0.0170899 0.0165828 0.0154929 0.0139993 0.0122954 0.0105495 0.00888245 0.00736342 0.00601915 0.00485009 0.00384496
 1.01169e-16 3.19519e-05 0.000187527 0.00089141 0.00343196 0.0107022 0.027033 0.0553136 0.0916897 0.123141 0.134012 0.118233 0.0846888 0.0495334 0.0242415 0.0110217 0.00640455 0.0062943 0.00816801 0.0108878 0.0139377 0.016954 0.0195824 0.0214945 0.022451 0.0223556 0.0212753 0.0194159 0.0170663 0.0145278 0.012054 0.00981594 0.00789583 0.00630425 0.00500769 0.00395523
 1.02172e-16 2.51821e-05 0.000147773 0.000702393 0.00270416 0.0084326 0.0213003 0.0435847 0.072252 0.0970492 0.105653 0.0932992 0.0670169 0.0395763 0.0200764 0.0103263 0.00766265 0.00891064 0.0120946 0.0162686 0.0209032 0.0255219 0.0296157 0.0326996 0.0344112 0.0345909 0.0333125 0.0308509 0.0276035 0.0239917 0.0203754 0.0170043 0.0140095 0.0114257 0.00922921 0.00737195
 1.02797e-16 2.89684e-05 0.000170012 0.000808143 0.00311137 0.00970248 0.0245077 0.0501465 0.0831251 0.11164 0.121499 0.107202 0.0768066 0.0449624 0.0220799 0.0101716 0.0061063 0.00618725 0.00814538 0.0109667 0.0141975 0.0175153 0.0205956 0.0231244 0.0248535 0.0256502 0.0255175 0.0245783 0.0230314 0.0210965 0.0189678 0.0167882 0.0146465 0.0125905 0.0106463 0.00883328
 1.02477e-16 3.02918e-05 0.000177782 0.00084508 0.00325358 0.010146 0.025628 0.0524386 0.0869242 0.116741 0.127049 0.112093 0.0802977 0.0469797 0.0230202 0.0105171 0.00618762 0.0061568 0.00804227 0.0107757 0.0138783 0.0170134 0.0198495 0.0220732 0.0234479 0.0238634 0.0233552 0.0220843 0.0202866 0.0182118 0.0160709 0.0140074 0.0120947 0.0103526 0.00877185 0.0073359
 1.03207e-16 2.39857e-05 0.000140749 0.000669 0.00257559 0.00803166 0.0202875 0.0415125 0.0688174 0.0924374 0.100636 0.0888784 0.0638617 0.0377542 0.0192286 0.0100164 0.00758985 0.00893348 0.012171 0.0164015 0.0211149 0.0258446 0.0300883 0.0333652 0.0353128 0.0357662 0.0347883 0.032637 0.0296889 0.0263422 0.022935 0.019699 0.0167537 0.0141303 0.0118098 0.00975659
 1.03131e-16 2.96226e-05 0.000173855 0.000826417 0.00318173 0.00992192 0.025062 0.0512804 0.0850039 0.114161 0.124237 0.109603 0.0784955 0.0458878 0.0224165 0.0101286 0.00581118 0.0056767 0.00740508 0.00997095 0.0129349 0.0160033 0.0188867 0.0213039 0.0230304 0.0239409 0.0240285 0.0233902 0.0221893 0.0206079 0.0188071 0.0169056 0.0149791 0.0130719 0.011214 0.00943366
 1.0307e-16 2.70544e-05 0.00015877 0.000754687 0.00290553 0.00906056 0.0228864 0.0468295 0.0776288 0.104264 0.113489 0.100174 0.0718585 0.0422406 0.0210682 0.0102504 0.00689152 0.007557 0.0101237 0.0136089 0.0175178 0.0214482 0.0249829 0.0277256 0.0293788 0.0298086 0.0290685 0.0273719 0.025028 0.022361 0.0196429 0.017056 0.0146896 0.0125617 0.0106516 0.00892875
 1.02758e-16 2.94525e-05 0.000172854 0.000821653 0.00316338 0.00986468 0.0249175 0.0509849 0.0845147 0.113506 0.12353 0.108993 0.0780883 0.0457094 0.0224399 0.0103246 0.00617749 0.00623667 0.00819067 0.0110032 0.0142076 0.0174715 0.0204628 0.0228643 0.024431 0.0250406 0.0247136 0.0235949 0.0219054 0.0198836 0.0177348 0.0156034 0.0135704 0.0116684 0.00990368 0.00827584
 1.0286e-16 2.70471e-05 0.000158728 0.000754483 0.00290474 0.00905811 0.0228802 0.0468169 0.0776078 0.104236 0.113459 0.100148 0.0718412 0.0422334 0.02107 0.0102607 0.00691092 0.00758802 0.0101699 0.0136743 0.0176059 0.0215612 0.0251204 0.027884 0.0295509 0.0299829 0.0292303 0.0275044 0.0251141 0.0223857 0.0195957 0.0169326 0.0144929 0.0123017 0.0103441 0.00859321
 1.04291e-16 2.1347e-05 0.000125257 0.000595347 0.00229201 0.0071473 0.0180538 0.0369421 0.0612423 0.0822667 0.0895753 0.0791374 0.0569233 0.033775 0.0174298 0.00945285 0.00762109 0.00927426 0.0127559 0.0172609 0.0223101 0.0274419 0.0321465 0.0359272 0.0383991 0.0393692 0.0388684 0.0371221 0.0344758 0.0313022 0.0279232 0.0245656 0.0213576 0.0183521 0.0155611 0.0129861
 1.05889e-16 2.14659e-05 0.000125961 0.000598707 0.00230496 0.00718772 0.0181558 0.0371504 0.0615858 0.0827227 0.0900577 0.0795301 0.0571329 0.0337536 0.0171524 0.00887975 0.00667938 0.00786655 0.0107873 0.0146739 0.019119 0.0237599 0.0281955 0.0320242 0.0349172 0.0366807 0.0372821 0.0368316 0.0355298 0.033604 0.0312555 0.0286338 0.0258374 0.0229336 0.0199814 0.0170473
 1.04465e-16 2.88175e-05 0.000169129 0.000803953 0.00309524 0.00965221 0.0243807 0.0498864 0.0826932 0.111057 0.120859 0.106623 0.076361 0.0446391 0.0218052 0.00985103 0.00565188 0.00552517 0.00721726 0.00973582 0.0126606 0.0157146 0.0186261 0.0211308 0.0230168 0.0241647 0.0245635 0.0242958 0.0235014 0.0223318 0.0209148 0.0193369 0.0176467 0.0158703 0.0140303 0.0121589
 1.02608e-16 3.06799e-05 0.000180061 0.000855915 0.0032953 0.0102761 0.0259566 0.0531109 0.0880386 0.118237 0.128676 0.113525 0.0813178 0.0475639 0.0232826 0.0105959 0.00617571 0.00609412 0.00793561 0.010617 0.0136541 0.0167097 0.019454 0.0215783 0.0228526 0.0231752 0.0225918 0.0212726 0.0194616 0.0174129 0.0153377 0.0133746 0.0115882 0.00998619 0.00854613 0.00723917
 1.01312e-16 3.41327e-05 0.000200335 0.000952312 0.00366647 0.0114336 0.0288802 0.0590926 0.097952 0.131545 0.143142 0.12625 0.0903489 0.0526773 0.0254697 0.0110563 0.00570219 0.00501245 0.00629223 0.00835549 0.0107142 0.0130727 0.0151605 0.0167286 0.0175931 0.0176754 0.017017 0.0157626 0.0141186 0.0123016 0.0104947 0.00882163 0.00734396 0.0060731 0.00499077 0.00406792
 1.01003e-16 3.28916e-05 0.000193045 0.000917646 0.00353298 0.0110173 0.0278288 0.0569415 0.0943876 0.126762 0.137948 0.121694 0.0871418 0.0509157 0.0248203 0.0111193 0.00623192 0.00593449 0.00762832 0.010149 0.0129826 0.0157809 0.0182108 0.0199649 0.0208203 0.0206886 0.0196348 0.0178544 0.0156209 0.0132196 0.0108903 0.00879452 0.00700959 0.00554436 0.00436524 0.00342148
 1.0168e-16 2.7585e-05 0.000161883 0.000769482 0.00296248 0.00923817 0.023335 0.0477477 0.0791512 0.106311 0.11572 0.102152 0.073296 0.0431232 0.0215775 0.0106111 0.00727586 0.00807075 0.0108252 0.0145226 0.0186339 0.0227165 0.0263092 0.0289764 0.0303955 0.0304288 0.0291509 0.0268188 0.0238002 0.020483 0.0171975 0.0141712 0.011521 0.00927333 0.00739909 0.0058459
 1.02227e-16 2.99557e-05 0.000175809 0.000835701 0.00321747 0.0100334 0.0253435 0.0518566 0.0859595 0.115446 0.12564 0.110851 0.0794118 0.0464687 0.0227838 0.0104341 0.0061757 0.00617998 0.00809456 0.0108662 0.0140233 0.0172331 0.0201647 0.0225015 0.0239987 0.0245338 0.0241268 0.0229223 0.0211429 0.0190304 0.0167959 0.0145913 0.0125054 0.0105776 0.00881896 0.00723
 1.02294e-16 2.94392e-05 0.000172774 0.000821269 0.00316189 0.00986004 0.0249058 0.0509611 0.0844758 0.113455 0.12348 0.10896 0.078088 0.0457568 0.0225512 0.0105224 0.00649232 0.00670323 0.00884004 0.0118524 0.0152485 0.0186624 0.0217262 0.0240918 0.0254979 0.0258256 0.0251204 0.0235688 0.0214424 0.0190284 0.0165705 0.014235 0.0121078 0.0102111 0.0085312 0.00704292
 1.01953e-16 3.16812e-05 0.00018594 0.00088387 0.00340294 0.0106117 0.0268044 0.0548456 0.0909133 0.122096 0.13287 0.117213 0.0839311 0.049036 0.0238979 0.0106986 0.00599138 0.00571349 0.00737043 0.00985301 0.0126814 0.0155365 0.0181111 0.0201163 0.0213333 0.0216601 0.0211296 0.0198903 0.0181622 0.0161789 0.0141405 0.0121854 0.0103875 0.00876976 0.00732618 0.00604097
 1.01925e-16 2.98221e-05 0.000175022 0.000831953 0.00320303 0.00998832 0.0252298 0.0516241 0.0855749 0.114932 0.125087 0.110378 0.0791063 0.0463565 0.0228519 0.0106705 0.00659214 0.00680862 0.00897175 0.0120129 0.0154277 0.0188389 0.0218673 0.0241565 0.0254417 0.0256073 0.0247097 0.0229522 0.0206265 0.0180398 0.0154522 0.0130406 0.0108942 0.00903212 0.00743209 0.00605693
 1.0216e-16 2.95636e-05 0.000173505 0.000824743 0.00317527 0.00990177 0.0250111 0.0511767 0.0848331 0.113935 0.124 0.109416 0.078409 0.0459326 0.0226151 0.0105145 0.00643741 0.00660961 0.00870714 0.0116785 0.0150356 0.0184185 0.0214657 0.0238339 0.0252629 0.0256309 0.0249763 0.0234758 0.0213912 0.0190018 0.0165474 0.0141954 0.0120365 0.0101008 0.0083827 0.00686396
 1.02065e-16 3.0924e-05 0.000181494 0.000862729 0.00332154 0.0103579 0.0261632 0.0535337 0.0887393 0.119178 0.129698 0.114424 0.0819554 0.0479241 0.0234353 0.0106261 0.00614022 0.00601788 0.00782557 0.010475 0.0134841 0.0165203 0.0192581 0.0213904 0.0226849 0.0230331 0.0224698 0.0211532 0.0193167 0.0172087 0.0150416 0.0129624 0.0110495 0.00932728 0.00778958 0.00641985
 1.02009e-16 3.01536e-05 0.000176969 0.000841214 0.00323869 0.0100995 0.0255107 0.0521987 0.0865271 0.116209 0.126474 0.111595 0.0799612 0.0468235 0.0230191 0.0106432 0.00643422 0.00653822 0.00858158 0.0114907 0.0147698 0.0180571 0.0209923 0.0232359 0.0245341 0.0247737 0.0240027 0.0224083 0.0202613 0.0178479 0.0154109 0.0131166 0.0110501 0.00923272 0.00764792 0.00626625
 1.03993e-16 1.74849e-05 0.000102574 0.00048749 0.0018767 0.00585215 0.0147824 0.0302495 0.050152 0.0673832 0.0734068 0.0649415 0.0469051 0.028218 0.0152737 0.00942325 0.00891478 0.0116182 0.016181 0.0218809 0.0281855 0.0345075 0.0401826 0.0445685 0.0471789 0.0477898 0.0464803 0.0435906 0.0396206 0.0351014 0.0304871 0.0260925 0.0220846 0.0185138 0.0153622 0.0125877
 1.0555e-16 2.48483e-05 0.000145826 0.000693162 0.00266867 0.00832195 0.0210206 0.0430115 0.0712981 0.0957572 0.104218 0.0919641 0.0659105 0.0386281 0.0190551 0.00893089 0.00558811 0.00587954 0.00788674 0.0107699 0.014168 0.0178256 0.0214719 0.0248253 0.0276362 0.0297272 0.031014 0.0314988 0.0312448 0.0303444 0.028893 0.0269786 0.0246851 0.0221011 0.0193289 0.0164843
 1.03864e-16 2.9941e-05 0.000175725 0.000835308 0.00321596 0.0100287 0.0253316 0.0518321 0.0859183 0.115388 0.125572 0.110778 0.079332 0.0463658 0.0226288 0.010187 0.00578869 0.00560102 0.00727403 0.0097672 0.0126344 0.0155805 0.0183196 0.0205804 0.0221543 0.0229376 0.0229471 0.0223019 0.0211805 0.019769 0.0182191 0.0166275 0.0150376 0.0134577 0.0118838 0.0103182
pSPR Fmed_Fpbrs
0.44708   0.6 0.325
Fs Fmed_Fpbrs
0.64   0.349075 1.07577
SSBpbr Bo_Bmed_Bpbrs
1.96678e+06  780969  1.08173e+06 540865
Ro
53103.6
SPR SPRFo_SPRFmed_SPRFpbrs
1.09681e+06 490364 356465
log_Ro
10.7
likeval ReclasPelacesDesembMPH_pf_preclas_ppelaces_ptallas_desvR_qrecl_qpela
 63.1618 19.8576 0.0244267 22.3183 336.231 217.551 54.8021 0 17.6793 4.91267e-05 1.23822e-05 1.04014e-15 0 0 0
q_reclas_q_pelaces
0.370385 1.64975
M
0.7
N
 55325.7 14365.5 5334.08 627.656 0.348765
 67593 25271.9 4470.73 1660.04 195.444
 40590.8 31470.1 8750.49 1548.01 642.467
 56955.1 18369.3 9296.56 2584.98 647.087
 93171.6 27776 8244.07 4172.26 1450.54
 69448.6 46091.3 13501.6 4007.36 2733.18
 114001 33133.1 18294.3 5359.01 2675.42
 108775 55177.6 14254.6 7870.64 3456.6
 136973 51371.2 20692.7 5345.76 4247.94
 129652 64315.3 18651.4 7512.9 3483.19
 66336.6 61631.6 25015.6 7254.5 4276.96
 41381.6 30068.8 18370.9 7456.54 3437.25
 42572.2 18858.7 9237.3 5643.64 3346.63
 24253.5 18410.2 4320.77 2116.38 2059.78
 17685.4 9348.16 2215.94 520.068 502.662
 17944.1 6864.6 1170.24 277.399 128.029
 13728.8 8097.39 1995.69 340.214 117.867
 17695.6 6338.38 2675.03 659.291 151.33
 21332.4 8348.51 2363.27 997.388 302.241
 33969 10171.7 3303.21 935.062 514.217
 44507.3 16207.5 4039.08 1311.67 575.495
 60607.4 21694.2 7252.81 1807.48 844.502
 94496.7 29387 9426.94 3151.62 1152.39
 129656 45656.7 12518.6 4015.8 1833.47
 55319.2 62730 19598.7 5373.79 2510.87
 80374.9 26866 27504.4 8593.2 3457.09
 132123 38995.3 11713.6 11991.9 5253.94
pred_Ctot
 3204.38 3961 1470.77 173.064 0.0961652
 3046.26 5617.07 993.689 368.969 43.4403
 2602.6 9444.67 2626.16 464.581 192.814
 735.115 1278.79 647.184 179.954 45.0472
 255.47 422.698 125.459 63.4938 22.0744
 1965.51 6739.41 1974.19 585.951 399.643
 2079.03 3210.79 1772.82 519.318 259.264
 3841.12 9872.35 2550.43 1408.21 618.453
 5381.05 10113.4 4073.75 1052.42 836.288
 3994.91 10167.2 2948.47 1187.66 550.633
 4182.71 18242.3 7404.35 2147.25 1265.93
 2460.76 8476.31 5178.7 2101.98 968.951
 3986.16 7631.78 3738.16 2283.88 1354.32
 3961.41 10840.1 2544.11 1246.14 1212.82
 2816.95 5423.05 1285.51 301.702 291.604
 1184.5 2110.07 359.713 85.2681 39.3542
 696.801 1995.38 491.784 83.8364 29.0451
 637.497 1154.67 487.315 120.104 27.5681
 612.095 1236.25 349.953 147.693 44.7558
 959.519 1484.64 482.13 136.48 75.0541
 590.76 1159.13 288.868 93.8085 41.1584
 1029.22 1964.49 656.768 163.674 76.4727
 1840.64 3031.07 972.322 325.067 118.86
 2400.96 4489.01 1230.84 394.837 180.268
 876.838 5318.83 1661.76 455.64 212.895
 1330.88 2374.97 2431.4 759.643 305.608
 2888.32 4484.06 1346.95 1378.95 604.15
F
 0.0835427 0.467276 0.467276 0.467276 0.467276
 0.0644678 0.360585 0.360585 0.360585 0.360585
 0.0928605 0.519393 0.519393 0.519393 0.519393
 0.018091 0.101188 0.101188 0.101188 0.101188
 0.00381911 0.0213612 0.0213612 0.0213612 0.0213612
 0.0400541 0.224033 0.224033 0.224033 0.224033
 0.0256472 0.143451 0.143451 0.143451 0.143451
 0.0501992 0.280777 0.280777 0.280777 0.280777
 0.0559885 0.313158 0.313158 0.313158 0.313158
 0.0436772 0.244298 0.244298 0.244298 0.244298
 0.0912541 0.510408 0.510408 0.510408 0.510408
 0.0858601 0.480238 0.480238 0.480238 0.480238
 0.138299 0.773544 0.773544 0.773544 0.773544
 0.253382 1.41723 1.41723 1.41723 1.41723
 0.246363 1.37797 1.37797 1.37797 1.37797
 0.0957202 0.535388 0.535388 0.535388 0.535388
 0.0728699 0.40758 0.40758 0.40758 0.40758
 0.0512361 0.286577 0.286577 0.286577 0.286577
 0.0406183 0.227189 0.227189 0.227189 0.227189
 0.0399752 0.223592 0.223592 0.223592 0.223592
 0.0186088 0.104084 0.104084 0.104084 0.104084
 0.0238632 0.133473 0.133473 0.133473 0.133473
 0.0274142 0.153335 0.153335 0.153335 0.153335
 0.0260468 0.145686 0.145686 0.145686 0.145686
 0.0222577 0.124493 0.124493 0.124493 0.124493
 0.023262 0.13011 0.13011 0.13011 0.13011
 0.0308133 0.172347 0.172347 0.172347 0.172347
Np
 41505 19363.8 22283.5 5708.85 2315.51
YTP_r0W_actual
 47310.8 182103 79519.2 103965 50547.1
YTP_p0W_proyectada
 14862.1 297095 110646 42445.5 68377.4
 14862.1 90426.2 151274 49493.1 22277
CTP_r0_actual
 5769.61 8430.69 2532.46 2592.63 1135.89
CTP_p0_proyectada
 1812.45 13754.4 3523.77 1058.49 1536.57
 1812.45 4186.4 4817.64 1234.24 500.607
Wmedp
 8.2 21.6 31.4 40.1 44.5
nmprior
 10.8 10.6 4.6 0
nm_flota  nm_reclas  nm_pelaces    nm_pelaL
inf 13.5487 18.8957 61.2221
cv_recla  cv_pelaces  cv_mph
0.688268 0.48815 0.631302
 ------------------------------------------------
Talla a la edad & desviaci?n 
 7.2 14.2025 17.0495 18.207 18.6776
 1.08 2.13037 2.55742 2.73105 2.80164
