years
 1997 1998 1999 2000 2001 2002 2003 2004 2005 2006 2007 2008 2009 2010 2011 2012 2013 2014 2015 2016 2017 2018 2019 2020 2021 2022 2023
reclasobs
 0 0 0 370054 412103 1.49427e+06 250295 1.28982e+06 931140 785840 897777 1.04006e+06 184774 17550 25797 100020 73551 82996 120727 218422 84188 347160 605670 569463 516374 1.08416e+06 1.01767e+06
reclaspred
 4.01618e+06 499698 663238 149907 252799 373983 661506 638875 701292 962996 1.02801e+06 722885 398230 151373 89505.3 92890.4 89888.5 107484 135128 148034 213700 232948 392619 545399 811677 548852 281184
pelacesobs
 0 0 0 0 0 0 0 0 0 2.06254e+06 1.5e+06 0 1.87456e+06 323000 250000 174000 83755 137374 0 501740 490994 745055 786931 1.00524e+06 1.33801e+06 1.41789e+06 0
pelacespred
 7.93888e+06 2.89235e+06 785968 431950 727918 621465 1.9433e+06 1.65901e+06 1.78666e+06 2.57255e+06 2.20585e+06 1.64161e+06 928860 280216 172280 177276 174807 230500 277581 287583 548160 540354 704857 1.17061e+06 1.63593e+06 1.2357e+06 426317
mphobs
 0 0 0 0 0 0 112323 0 153150 637223 0 255016 313432 73983 77613 109348 50772 17779 17303 59886 28197 0 207744 136588 643089 65757 70829
mphpred
 1.04282e+06 441468 205885 79994.6 55614.3 156645 172005 292011 277111 330505 435073 310008 179408 130089 57447 45587 37597 44249.2 37269.6 36812.6 49900.3 71655.7 85992.1 133234 199897 146599 108031
desembarqueobs
 350755 77701 442110 56441 14545 235359 269955 359681 431902 328805 639364 411747 362871 311530 167758 66681 60226 58785 57116 73181 50977 67692 138656 160484 209506 203330 245020
desembarquepred
 350742 77675.8 441497 56413.8 14543.3 235170 269836 359014 431291 328487 638103 410964 362089 310876 167213 66600.2 60180.4 58682.1 57017.6 73083 50952.1 67609.3 138537 160356 209309 203055 244701
Reclutas
 10869.6 19453 2265.85 5669.79 40857.3 12788.9 60775.8 57505 72788.7 115355 68461.5 47267.7 52196.7 29047.1 13412.7 9638.41 6609.95 8621.11 9068.48 8833.88 16309.9 20039.3 31295.9 52651.7 12006.3 29017.1 1833.24
log_desv_Rt
 -0.566274 0.0157583 -2.13429 -1.21709 0.75784 -0.403666 1.15495 1.09963 1.33532 1.79577 1.27403 0.903583 1.00277 0.416675 -0.356045 -0.686489 -1.06367 -0.798031 -0.74744 -0.773651 -0.160474 0.0454498 0.491241 1.01145 -0.466817 0.41564 -2.34616
SSB
 1.41127e+06 597443 278626 108258 75263.5 211989 222154 387564 360060 434101 588790 419538 255566 134483 63863.7 50444.6 44998.8 48975 63984.3 69225.8 84722.9 117241 146985 212065 360708 282590 193299
BT
 1.92057e+06 734693 407743 166188 274621 320617 1.00528e+06 925587 1.04518e+06 1.1844e+06 1.21695e+06 852972 678671 388179 201898 109947 104489 125728 124598 140821 219644 197715 291934 484479 516118 505475 284695
Ftot
 0.213267 0.34024 1.3269 0.831314 0.24491 1.57293 1.57512 1.85011 2.05275 1.23196 1.7327 1.52668 2.60817 4.95303 4.95303 2.118 1.98613 1.74669 1.25167 1.40304 0.784763 0.843306 1.00244 0.944517 0.668936 0.919646 1.86542
BD_Bspro_t
 0.972214 0.806635 0.566464 0.214415 0.270641 0.559023 0.397672 0.476976 0.409681 0.411759 0.448589 0.305359 0.211769 0.136527 0.0791397 0.077208 0.0955788 0.142444 0.220033 0.280094 0.35186 0.493476 0.50672 0.523481 0.579952 0.444846 0.348613
BD_Bspro
 3.56826 1.51058 0.704481 0.27372 0.190297 0.535995 0.561697 0.979921 0.910379 1.09759 1.4887 1.06076 0.646175 0.340029 0.161474 0.127545 0.113775 0.123829 0.161778 0.175031 0.214214 0.296433 0.371638 0.536188 0.912017 0.714503 0.488739
BD_Bo
 2.44061 1.03321 0.481849 0.187218 0.130159 0.366609 0.384188 0.670245 0.62268 0.750725 1.01824 0.725539 0.44197 0.232572 0.110444 0.0872378 0.0778199 0.0846963 0.110653 0.119717 0.146518 0.202754 0.254193 0.366741 0.6238 0.488705 0.334287
BD_Brms
 4.43748 1.87855 0.87609 0.340397 0.236653 0.666562 0.698524 1.21863 1.13215 1.36495 1.85135 1.31916 0.803581 0.422859 0.200808 0.158614 0.141491 0.153993 0.201187 0.217668 0.266396 0.368644 0.462168 0.666802 1.13418 0.888554 0.607794
S_f
 0.0820963 0.744508 0.989577 0.999677 0.99999
 0.0820963 0.744508 0.989577 0.999677 0.99999
 0.0820963 0.744508 0.989577 0.999677 0.99999
 0.0820963 0.744508 0.989577 0.999677 0.99999
 0.0820963 0.744508 0.989577 0.999677 0.99999
 0.0820963 0.744508 0.989577 0.999677 0.99999
 0.0820963 0.744508 0.989577 0.999677 0.99999
 0.0820963 0.744508 0.989577 0.999677 0.99999
 0.0820963 0.744508 0.989577 0.999677 0.99999
 0.0820963 0.744508 0.989577 0.999677 0.99999
 0.0820963 0.744508 0.989577 0.999677 0.99999
 0.0820963 0.744508 0.989577 0.999677 0.99999
 0.0820963 0.744508 0.989577 0.999677 0.99999
 0.0820963 0.744508 0.989577 0.999677 0.99999
 0.0820963 0.744508 0.989577 0.999677 0.99999
 0.0820963 0.744508 0.989577 0.999677 0.99999
 0.0820963 0.744508 0.989577 0.999677 0.99999
 0.0820963 0.744508 0.989577 0.999677 0.99999
 0.0820963 0.744508 0.989577 0.999677 0.99999
 0.0820963 0.744508 0.989577 0.999677 0.99999
 0.0820963 0.744508 0.989577 0.999677 0.99999
 0.0820963 0.744508 0.989577 0.999677 0.99999
 0.0820963 0.744508 0.989577 0.999677 0.99999
 0.0820963 0.744508 0.989577 0.999677 0.99999
 0.0820963 0.744508 0.989577 0.999677 0.99999
 0.0820963 0.744508 0.989577 0.999677 0.99999
 0.0820963 0.744508 0.989577 0.999677 0.99999
Scru_reclas
 0.334917 1 1 1 1
 0.334917 1 1 1 1
 0.334917 1 1 1 1
 0.334917 1 1 1 1
 0.334917 1 1 1 1
 0.334917 1 1 1 1
 0.334917 1 1 1 1
 0.334917 1 1 1 1
 0.334917 1 1 1 1
 0.334917 1 1 1 1
 0.334917 1 1 1 1
 0.334917 1 1 1 1
 0.334917 1 1 1 1
 0.334917 1 1 1 1
 0.334917 1 1 1 1
 0.334917 1 1 1 1
 0.334917 1 1 1 1
 0.334917 1 1 1 1
 0.334917 1 1 1 1
 0.334917 1 1 1 1
 0.334917 1 1 1 1
 0.334917 1 1 1 1
 0.334917 1 1 1 1
 0.334917 1 1 1 1
 0.334917 1 1 1 1
 0.334917 1 1 1 1
 0.334917 1 1 1 1
Scru_pelaces
 0.417452 1 1 1 1
 0.417452 1 1 1 1
 0.417452 1 1 1 1
 0.417452 1 1 1 1
 0.417452 1 1 1 1
 0.417452 1 1 1 1
 0.417452 1 1 1 1
 0.417452 1 1 1 1
 0.417452 1 1 1 1
 0.417452 1 1 1 1
 0.417452 1 1 1 1
 0.417452 1 1 1 1
 0.417452 1 1 1 1
 0.417452 1 1 1 1
 0.417452 1 1 1 1
 0.417452 1 1 1 1
 0.417452 1 1 1 1
 0.417452 1 1 1 1
 0.417452 1 1 1 1
 0.417452 1 1 1 1
 0.417452 1 1 1 1
 0.417452 1 1 1 1
 0.417452 1 1 1 1
 0.417452 1 1 1 1
 0.417452 1 1 1 1
 0.417452 1 1 1 1
 0.417452 1 1 1 1
pf_obs 
 0.256992 0.487395 0.22802 0.0275931 0
 0.321318 0.546541 0.124235 0.00734118 0.000564706
 0.182869 0.594174 0.210203 0.0122559 0.00049798
 0.330522 0.361315 0.267642 0.0388342 0.00168674
 0.649043 0.306663 0.0425973 0.00169635 0
 0.582887 0.30429 0.105238 0.00758474 0
 0.465427 0.430635 0.0974691 0.00646863 0
 0.296916 0.608066 0.0921331 0.00288517 0
 0.311714 0.524322 0.152257 0.0117073 0
 0.15457 0.633149 0.183074 0.0267441 0.00246327
 0.131901 0.49318 0.331252 0.0422183 0.00144891
 0.196976 0.569456 0.194076 0.0375587 0.00193317
 0.518974 0.381816 0.0799577 0.0180837 0.00116848
 0.0928022 0.601141 0.25162 0.0475244 0.00691264
 0.122501 0.610282 0.24278 0.0234846 0.000952079
 0.383417 0.481906 0.127806 0.00687128 0
 0.0376549 0.599619 0.316969 0.0457579 0
 0.0361596 0.667082 0.258105 0.0386534 0
 0.158088 0.579412 0.248529 0.0139706 0
 0.0477256 0.309471 0.559284 0.082774 0.000745712
 0.0406174 0.521527 0.379366 0.0568643 0.0016247
 0.151134 0.462217 0.34131 0.0453401 0
 0.294876 0.26143 0.354403 0.0886775 0.000613685
 0.281977 0.475581 0.204845 0.0348837 0.00271318
 0.0841818 0.532909 0.334909 0.0458182 0.00218182
 0.115287 0.27431 0.454777 0.147771 0.00785563
 0 0 0 0 0
pf_pred 
 0.0200236 0.643433 0.297484 0.0390565 2.59852e-06
 0.0613794 0.137728 0.578363 0.196956 0.0255739
 0.0159174 0.421483 0.108669 0.328899 0.125033
 0.138987 0.178524 0.377633 0.0597882 0.245067
 0.555456 0.302186 0.0401764 0.0569301 0.0452523
 0.0894181 0.838777 0.0535353 0.00519914 0.0130709
 0.519306 0.287572 0.183942 0.00688064 0.00229896
 0.266548 0.697379 0.0258994 0.00969955 0.000474037
 0.320393 0.586768 0.0902612 0.00186302 0.00071518
 0.342093 0.591698 0.0610422 0.00502681 0.000140069
 0.165596 0.728944 0.0985964 0.00633703 0.000526756
 0.167814 0.638301 0.17916 0.0137865 0.000938836
 0.285518 0.550999 0.138669 0.0229648 0.0018493
 0.274998 0.668533 0.0495013 0.00593678 0.00103143
 0.286766 0.693053 0.0197127 0.0004134 5.52637e-05
 0.282278 0.696317 0.0212297 0.000171445 3.87133e-06
 0.208645 0.699662 0.0902298 0.00145149 1.16884e-05
 0.307134 0.576486 0.108669 0.00759131 0.000120175
 0.248848 0.661833 0.0801456 0.0085781 0.000595435
 0.220079 0.635102 0.133635 0.0100546 0.00113001
 0.312774 0.547632 0.122672 0.0156379 0.00128368
 0.233349 0.636248 0.111325 0.0167961 0.00228265
 0.273006 0.559815 0.147118 0.0171642 0.00289686
 0.300345 0.572547 0.106494 0.0181758 0.00243802
 0.0517601 0.785322 0.142243 0.0173664 0.00330822
 0.206318 0.283156 0.44702 0.0555459 0.00796006
 0.0188237 0.775787 0.094115 0.0976244 0.0136499
pobs_RECLAS
 0 0 0 0 0
 0 0 0 0 0
 0 0 0 0 0
 0 0 0 0 0
 0.835266 0.146461 0.0176864 0.000547809 3.91292e-05
 0.385257 0.428462 0.181853 0.0044286 0
 0.867414 0.0963971 0.0333333 0.00285562 0
 0.441836 0.489002 0.0689373 0.000224442 0
 0.779404 0.147425 0.0564933 0.0165055 0.000172143
 0.814271 0.122319 0.05973 0.00367925 0
 0.40263 0.566651 0.0304383 0.000280538 0
 0.475488 0.404961 0.113038 0.00651328 0
 0.955842 0.0263864 0.0167828 0.000988607 0
 0.975058 0.0227948 0.00214734 0 0
 0.738997 0.206755 0.0527124 0.00153531 0
 0.850938 0.134255 0.0134407 0.00136685 0
 0.542534 0.407297 0.0501686 0 0
 0.764087 0.199537 0.0359546 0.000420521 0
 0.470689 0.182191 0.310203 0.0369168 0
 0.84361 0.089868 0.0606195 0.00523954 0.000663233
 0.607945 0.314616 0.071237 0.00620181 0
 0.523733 0.453247 0.0230204 0 0
 0.530135 0.295979 0.169645 0.0042399 0
 0.562478 0.366248 0.0663022 0.0049721 0
 0.250443 0.683176 0.0655157 0.000865301 0
 0.195077 0.31981 0.436473 0.0351445 0.0134964
 0.565238 0.351407 0.0832357 0.000118908 0
ppred_RECLAS
 0.0641527 0.672521 0.233042 0.0302819 2.01409e-06
 0.204972 0.149085 0.467821 0.157657 0.0204644
 0.06046 0.482267 0.0892095 0.26671 0.101353
 0.395028 0.159391 0.247809 0.0387977 0.158974
 0.806928 0.142995 0.0142391 0.0199693 0.015868
 0.254853 0.702748 0.0317169 0.00304067 0.00764133
 0.806469 0.13125 0.0593571 0.00219182 0.000732038
 0.564079 0.420863 0.0108534 0.00400922 0.000195856
 0.638948 0.325785 0.034301 0.000697871 0.000267781
 0.637747 0.335227 0.0249408 0.0020293 5.65242e-05
 0.416546 0.529848 0.0501608 0.00318109 0.000264314
 0.42279 0.474993 0.0945444 0.00718279 0.000488941
 0.626513 0.312835 0.0515727 0.00840241 0.000676284
 0.696748 0.290558 0.0111638 0.00130394 0.000226355
 0.703812 0.291782 0.00430649 8.79546e-05 1.17482e-05
 0.589786 0.401802 0.00834431 6.64093e-05 1.49888e-06
 0.493591 0.464547 0.0412036 0.000653501 5.26011e-06
 0.618076 0.334715 0.04412 0.003041 4.81209e-05
 0.530462 0.427979 0.0373369 0.00394823 0.000273958
 0.499147 0.430753 0.064748 0.00481124 0.000540517
 0.604103 0.333399 0.0549952 0.00693327 0.000568942
 0.503936 0.43124 0.0554307 0.00826988 0.00112352
 0.563733 0.358317 0.0686911 0.00792238 0.00133661
 0.591762 0.3513 0.0477919 0.00806435 0.00108134
 0.152437 0.734947 0.0984612 0.0118908 0.00226437
 0.501813 0.214892 0.248406 0.030518 0.00437188
 0.0672463 0.788946 0.066391 0.0679236 0.00949307
pobs_PELACES
 0 0 0 0 0
 0 0 0 0 0
 0 0 0 0 0
 0 0 0 0 0
 0 0 0 0 0
 0 0 0 0 0
 0 0 0 0 0
 0 0 0 0 0
 0 0 0 0 0
 0 0 0 0 0
 0.450072 0.473896 0.0757376 0.000293798 0
 0 0 0 0 0
 0.463077 0.371075 0.160297 0.00555027 0
 0.529543 0.364841 0.0842815 0.0213345 0
 0.631943 0.363953 0.00410389 0 0
 0.735681 0.248677 0.0153453 0.000297389 0
 0.695825 0.281241 0.0229344 0 0
 0.275771 0.60734 0.115278 0.00161068 0
 0 0 0 0 0
 0.896147 0.0623911 0.0374545 0.00400742 0
 0.803859 0.145111 0.0509908 3.86294e-05 0
 0.739449 0.233085 0.0266225 0.000797448 4.60066e-05
 0.878498 0.100942 0.0204185 0.000141795 0
 0.694673 0.275183 0.0284847 0.00165964 0
 0.469039 0.446079 0.0841089 0.000773354 0
 0.822795 0.102175 0.0682046 0.00682512 0
 0 0 0 0 0
ppred_PELACES
 0.082532 0.662516 0.225649 0.0293004 1.94877e-06
 0.261481 0.141647 0.432418 0.14556 0.0188936
 0.101504 0.48603 0.0807574 0.240376 0.0913329
 0.506443 0.136702 0.198715 0.0310253 0.127115
 0.846739 0.114108 0.0111398 0.0156099 0.0124036
 0.377099 0.591519 0.0235079 0.0022419 0.00563307
 0.88403 0.081804 0.0325705 0.0011964 0.000399517
 0.708335 0.282962 0.0062831 0.00230669 0.000112663
 0.778144 0.203225 0.0181241 0.000366229 0.000140496
 0.743132 0.239403 0.0161225 0.00130642 3.63846e-05
 0.568123 0.396978 0.032668 0.00205981 0.000171117
 0.565504 0.365084 0.0642273 0.00485476 0.000330417
 0.792368 0.179488 0.0239626 0.00387028 0.000311423
 0.895559 0.101476 0.00261205 0.000300094 5.20676e-05
 0.897839 0.101138 0.00100004 2.00901e-05 2.68208e-06
 0.740696 0.254809 0.00445866 3.52352e-05 7.95097e-07
 0.655016 0.320399 0.0242013 0.000381307 3.06855e-06
 0.750252 0.22251 0.025466 0.00174507 2.76091e-05
 0.651239 0.320635 0.0252793 0.00266205 0.000184689
 0.631521 0.321751 0.0431758 0.0031933 0.000358698
 0.695133 0.259268 0.0401372 0.00504689 0.000414113
 0.605654 0.345811 0.0415194 0.00617702 0.000839118
 0.670362 0.274579 0.048539 0.00557951 0.000941236
 0.691766 0.268011 0.0337796 0.00568202 0.000761817
 0.207175 0.692351 0.0878701 0.0105881 0.00201616
 0.615476 0.172947 0.18559 0.0227309 0.00325603
 0.121379 0.759903 0.0549923 0.055913 0.00781295
pobs_pel_tallas
 0 0 0 0 0 0 0 0 0 0 0 0 0 0 0 0 0 0 0 0 0 0 0 0 0 0 0 0 0 0 0 0 0 0 0 0
 0 0 0 0 0 0 0 0 0 0 0 0 0 0 0 0 0 0 0 0 0 0 0 0 0 0 0 0 0 0 0 0 0 0 0 0
 0 0 0 0 0 0 0 0 0 0 0 0 0 0 0 0 0 0 0 0 0 0 0 0 0 0 0 0 0 0 0 0 0 0 0 0
 0 0 0 0 0 0 0 0 0 0 0 0 0 0 0 0 0 0 0 0 0 0 0 0 0 0 0 0 0 0 0 0 0 0 0 0
 0 0 0 0 0 0 0 0 0 0 0 0 0 0 0 0 0 0 0 0 0 0 0 0 0 0 0 0 0 0 0 0 0 0 0 0
 0 0 0 0 0 0 0 0 0 0 0 0 0 0 0 0 0 0 0 0 0 0 0 0 0 0 0 0 0 0 0 0 0 0 0 0
 0 0 0 0 0 0 0 0 0 0 0 0 0 0 0 0 0 0 0 0 0 0 0 0 0 0 0 0 0 0 0 0 0 0 0 0
 0 0 0 0 0 0 0 0 0 0 0 0 0 0 0 0 0 0 0 0 0 0 0 0 0 0 0 0 0 0 0 0 0 0 0 0
 0 0 0 0 0 0 0 0 0 0 0 0 0 0 0 0 0 0 0 0 0 0 0 0 0 0 0 0 0 0 0 0 0 0 0 0
 0 0 0 0 0 0 0 0 0 0 0 0 0 0 0 0 0 0 0 0 0 0 0 0 0 0 0 0 0 0 0 0 0 0 0 0
 0 0 0 0 0 0 0 0 1.78061e-05 0.00172719 0.00360574 0.0105946 0.0120993 0.0124554 0.0147524 0.0171206 0.0266825 0.0428682 0.0675386 0.121331 0.153587 0.119568 0.100827 0.0573624 0.0630603 0.0341343 0.0324427 0.0444173 0.0211091 0.0280891 0.0125444 0.00206551 0 0 0 0
 0 0 0 0 0 0 0 0 0 0 0 0 0 0 0 0 0 0 0 0 0 0 0 0 0 0 0 0 0 0 0 0 0 0 0 0
 0 0 0 0 0 0 0.0133647 0.0140871 0.0187388 0.0205184 0.03894 0.0496705 0.03968 0.0493445 0.0407372 0.0367815 0.0215668 0.0243155 0.0234873 0.0199281 0.019796 0.0243948 0.0301388 0.0376714 0.0412746 0.0863199 0.0771752 0.113111 0.0741005 0.0525337 0.0229764 0.00759418 0.00175318 0 0 0
 0 0 0 0 0 0 0 0 0 0 0.00219441 0.00772107 0.0458388 0.0604681 0.0671733 0.0775358 0.0609151 0.0617685 0.073594 0.0568108 0.0755445 0.0548602 0.0670107 0.0636378 0.0643287 0.046367 0.0373049 0.0286899 0.0247887 0.0153202 0.00654259 0.00121912 0.000365735 0 0 0
 0 0 0 0 0 0 0 0 0 0 0 0 0.000112435 0.00938835 0.0111873 0.0202946 0.0414886 0.0713402 0.111592 0.104902 0.108894 0.110636 0.117776 0.105296 0.107544 0.0401394 0.0192827 0.0124803 0.00416011 0.0028671 0.000618394 0 0 0 0 0
 0 0 0 0 0 0 0 0 0 0 0.00291406 0.0102884 0.027416 0.0768956 0.0749926 0.110853 0.0956884 0.0897413 0.0766577 0.0534642 0.0500743 0.0551293 0.0594112 0.0620874 0.0668451 0.0424026 0.0208742 0.0120726 0.0048766 0.00582813 0.00118941 0.000297354 0 0 0 0
 0 0.00264628 0.0354308 0.0461629 0.0458689 0.0383711 0.0214643 0.0164657 0.0346957 0.0420465 0.0363128 0.0245516 0.0311673 0.0291091 0.0169068 0.0133784 0.00837989 0.0085269 0.0148486 0.0160247 0.0276389 0.0546898 0.0760071 0.122758 0.109233 0.0665981 0.0333725 0.0166128 0.00676272 0.00308733 0.000882094 0 0 0 0 0
 0 0 0 0 0 0 0 0.000805153 0.000690131 0.00759144 0.0133425 0.0154129 0.00931677 0.000345066 0.00356568 0.00563607 0.00851162 0.0253048 0.0502646 0.0516448 0.0657925 0.0565908 0.0611916 0.0827007 0.0866115 0.110766 0.145733 0.0935128 0.0569358 0.0249597 0.0138026 0.00621118 0.00161031 0.00115022 0 0
 0 0 0 0 0 0 0 0 0 0 0 0 0 0 0 0 0 0 0 0 0 0 0 0 0 0 0 0 0 0 0 0 0 0 0 0
 0.00147267 0.00158595 0.00478618 0.00569244 0.00954404 0.0108468 0.00647125 0.017049 0.0510054 0.094081 0.124002 0.0959785 0.0687766 0.0820023 0.061753 0.0591476 0.0492212 0.0479892 0.0443925 0.0268479 0.0217502 0.0140895 0.0121071 0.0120363 0.00920419 0.00665534 0.0049561 0.00860946 0.00930331 0.0156896 0.0114698 0.00855282 0.00243557 0.00046729 0 2.83206e-05
 0 0 0 0 0.000772559 0.00158375 0.000888443 0.00281984 0.00712685 0.0440552 0.0773331 0.111326 0.0921469 0.0852325 0.0710754 0.0886704 0.0786465 0.0553345 0.0373146 0.0185414 0.00753245 0.00457741 0.012979 0.0271748 0.0457355 0.0583668 0.034881 0.0177882 0.00938659 0.00492506 0.0015258 0.00185414 0.000309023 5.79419e-05 3.86279e-05 0
 0 0.00173294 0.00326652 0 0.00397197 0.00683976 0.00946217 0.0152591 0.00757587 0.0136028 0.0228656 0.0392903 0.0559909 0.0764795 0.0681675 0.0726916 0.0566044 0.0477403 0.0527397 0.0444891 0.0609904 0.0582453 0.0661739 0.0445044 0.0529084 0.0360697 0.0280645 0.0235558 0.0158879 0.00826598 0.00280645 0.00217768 0.000904811 0.00058276 9.20147e-05 0
 0 0 0 0 0 0 0 0 0 0 0 0 0 0 0 0 0 0 0 0 0 0 0 0 0 0 0 0 0 0 0 0 0 0 0 0
 0 0 0 0 0 0 0 0 0 0 0 0 0 0 0 0 0 0 0 0 0 0 0 0 0 0 0 0 0 0 0 0 0 0 0 0
 0 0 0 0 0 0 0 0 0 0 0 0 0 0 0 0 0 0 0 0 0 0 0 0 0 0 0 0 0 0 0 0 0 0 0 0
 0 0 0 0 0 0 0 0 0 0 0 0 0 0 0 0 0 0 0 0 0 0 0 0 0 0 0 0 0 0 0 0 0 0 0 0
 0 0 0 0 0 0 0 0 0 0 0 0 0 0 0 0 0 0 0 0 0 0 0 0 0 0 0 0 0 0 0 0 0 0 0 0
ppred_pel_tallas
 1.04426e-16 3.63881e-06 2.12622e-05 0.000100872 0.000388032 0.00120975 0.00305644 0.00625914 0.0103951 0.0140207 0.0154164 0.0139767 0.010831 0.00798905 0.00699806 0.00840792 0.0121287 0.0179213 0.0255456 0.0346455 0.0446134 0.0545655 0.0634469 0.0702283 0.0741287 0.0747875 0.0723318 0.0673125 0.0605431 0.0528967 0.04513 0.0377809 0.0311495 0.0253419 0.020343 0.0160848
 1.12069e-16 1.14211e-05 6.69979e-05 0.000318409 0.00122578 0.00382236 0.00965505 0.0197565 0.0327528 0.0439989 0.0479133 0.0423436 0.0304883 0.0181561 0.00950359 0.00540022 0.00470837 0.00608109 0.00873539 0.0123676 0.0168604 0.0220943 0.0278805 0.0339571 0.0400104 0.0457032 0.0507008 0.0546915 0.0574067 0.0586418 0.0582798 0.056315 0.0528674 0.0481797 0.0425945 0.036511
 1.13832e-16 4.45809e-06 2.60904e-05 0.000123867 0.000476635 0.0014861 0.00375428 0.00768558 0.0127543 0.0171728 0.0188038 0.0168634 0.0126762 0.00861999 0.00647232 0.00676316 0.00924032 0.013515 0.0192971 0.0263036 0.0341171 0.0421392 0.0496523 0.0559536 0.0605058 0.0630508 0.0636456 0.0626072 0.0603919 0.0574548 0.054139 0.050628 0.0469622 0.0430993 0.0389885 0.0346259
 1.09871e-16 2.21016e-05 0.000129704 0.000616528 0.00237362 0.00740187 0.0186965 0.0382559 0.0634149 0.0851687 0.092692 0.0817883 0.0586071 0.0343274 0.016898 0.00786637 0.00486413 0.00510314 0.00689799 0.0095344 0.0127353 0.0163241 0.0201094 0.0238775 0.0274183 0.030553 0.0331481 0.0351145 0.0363948 0.0369504 0.036755 0.0357999 0.0341068 0.031741 0.0288176 0.0254956
 1.01312e-16 3.6939e-05 0.000216815 0.00103067 0.00396818 0.0123744 0.0312568 0.0639549 0.10601 0.14236 0.154896 0.136581 0.0976632 0.0567828 0.0271568 0.0112782 0.00507547 0.00377036 0.00444158 0.00582707 0.00745142 0.00907591 0.0105066 0.0115713 0.0121465 0.0121844 0.0117221 0.0108679 0.00977058 0.00858209 0.00742556 0.00637819 0.00547009 0.00469542 0.00402901 0.00344174
 1.00867e-16 1.64799e-05 9.66585e-05 0.000459332 0.00176822 0.00551384 0.0139281 0.0285027 0.0472614 0.063516 0.0692373 0.0613559 0.0445392 0.0272407 0.015549 0.01081 0.0114387 0.0154605 0.0215693 0.0289636 0.0369223 0.0445922 0.0510173 0.0553034 0.0568216 0.0553621 0.0511875 0.0449595 0.0375714 0.0299405 0.022828 0.0167323 0.011869 0.00821961 0.00561676 0.0038299
 1.00549e-16 3.85639e-05 0.000226357 0.00107604 0.00414288 0.0129192 0.0326328 0.0667701 0.110675 0.148622 0.161701 0.142561 0.101894 0.0591528 0.0281218 0.0113884 0.00468733 0.00302012 0.00333812 0.00434054 0.00556533 0.00681225 0.00793399 0.00880009 0.00931213 0.00942311 0.00914579 0.00854521 0.00771931 0.00677427 0.00580324 0.00487377 0.00402525 0.00327396 0.0026215 0.00206259
 1.00266e-16 3.09108e-05 0.000181409 0.00086231 0.00331989 0.0103527 0.0261504 0.053508 0.0886989 0.11913 0.129664 0.114437 0.0820573 0.0481696 0.0238997 0.0114128 0.00737916 0.00785077 0.0103772 0.0138137 0.0175799 0.0212114 0.02424 0.0262372 0.0269036 0.0261417 0.0240813 0.0210436 0.017461 0.0137764 0.0103573 0.00744331 0.005137 0.00342728 0.0022304 0.00143172
 1.00343e-16 3.39516e-05 0.000199269 0.000947232 0.00364689 0.0113725 0.028726 0.0587775 0.0974307 0.130849 0.142394 0.125612 0.0899397 0.0525345 0.025579 0.011406 0.00631424 0.0059385 0.00759067 0.010064 0.0128249 0.0155135 0.0177887 0.0193395 0.0199458 0.0195296 0.0181735 0.0160971 0.0135998 0.0109917 0.00853192 0.00639301 0.00465365 0.00331475 0.0023273 0.00162055
 1.00354e-16 3.24264e-05 0.000190311 0.000904638 0.00348288 0.010861 0.0274342 0.0561345 0.093051 0.124971 0.136008 0.120004 0.0859799 0.0503334 0.0247158 0.0113747 0.00679408 0.00681763 0.00887737 0.0118004 0.015034 0.0181718 0.0208152 0.0225994 0.0232669 0.022729 0.0210869 0.0186033 0.0156352 0.0125504 0.00965609 0.00715505 0.00513796 0.00360249 0.0024867 0.00170295
 1.00672e-16 2.48016e-05 0.000145532 0.000691722 0.00266305 0.00830437 0.0209765 0.0429228 0.0711571 0.0955858 0.104079 0.091954 0.0661483 0.0392591 0.0202748 0.0110083 0.00886433 0.0107287 0.0146397 0.0196096 0.0250178 0.030261 0.0346911 0.0377042 0.0388713 0.0380415 0.0353783 0.0313118 0.0264287 0.0213353 0.0165381 0.0123735 0.00899354 0.00639827 0.00448989 0.00312837
 1.01213e-16 2.46862e-05 0.000144857 0.00068852 0.00265073 0.00826596 0.0208794 0.0427239 0.0708267 0.0951396 0.103587 0.0915048 0.0657936 0.0389856 0.0200187 0.0106882 0.00840284 0.0100609 0.0137176 0.0184117 0.0235618 0.0286145 0.0329746 0.0360817 0.0375283 0.0371542 0.0350813 0.0316732 0.0274377 0.0229063 0.0185287 0.0146108 0.0113026 0.00862539 0.00651845 0.00488504
 1.00547e-16 3.45709e-05 0.000202906 0.000964531 0.00371351 0.0115802 0.0292508 0.0598509 0.0992093 0.133235 0.144984 0.127882 0.0915326 0.0533996 0.0258783 0.0113333 0.00598542 0.00538332 0.00679205 0.00899724 0.0114835 0.0139241 0.0160167 0.0174855 0.0181331 0.017885 0.0168066 0.0150824 0.0129677 0.0107275 0.00858478 0.00668905 0.00511083 0.00385546 0.00288696 0.0021517
 1.00084e-16 3.90673e-05 0.000229312 0.00109008 0.00419693 0.0130878 0.0330586 0.0676415 0.11212 0.150564 0.163817 0.144434 0.103251 0.0599767 0.0285802 0.0116877 0.00498143 0.00339718 0.00383919 0.00497369 0.00630787 0.00760801 0.00869384 0.00940972 0.00964798 0.00937353 0.0086328 0.00754096 0.00625312 0.00492836 0.00369864 0.00265028 0.00182038 0.00120526 0.000775087 0.000488821
 1.00049e-16 3.91667e-05 0.000229895 0.00109286 0.00420762 0.0131211 0.0331428 0.0678136 0.112405 0.150947 0.164233 0.144801 0.103513 0.0601264 0.0286476 0.0117083 0.00497932 0.00338293 0.00381513 0.00493856 0.00625928 0.00754349 0.0086113 0.0093078 0.00952626 0.00923275 0.00847492 0.0073692 0.00607176 0.00474253 0.00351393 0.00247227 0.00165414 0.00105492 0.000643469 0.000377311
 1.00148e-16 3.23208e-05 0.000189689 0.000901681 0.00347149 0.0108255 0.0273445 0.055951 0.0927473 0.124564 0.135569 0.119625 0.0857262 0.050221 0.0247272 0.0114911 0.00701309 0.00715262 0.00934708 0.0124171 0.0157934 0.0190465 0.0217525 0.023525 0.0240949 0.0233755 0.0214855 0.0187164 0.01546 0.0121179 0.00902304 0.00639274 0.00431987 0.00279403 0.00173839 0.00104766
 1.00462e-16 2.85874e-05 0.000167765 0.000797437 0.0030701 0.00957377 0.0241828 0.0494825 0.0820277 0.110176 0.119932 0.105882 0.0759978 0.0447631 0.0224895 0.0112064 0.00786181 0.00882448 0.0118313 0.0158016 0.0201465 0.0243578 0.0279084 0.0303105 0.0312187 0.0305126 0.0283265 0.0250102 0.0210402 0.0169083 0.0130254 0.00966393 0.00694667 0.00487238 0.00336011 0.00229428
 1.00496e-16 3.27362e-05 0.000192131 0.000913295 0.00351622 0.010965 0.0276968 0.0566716 0.0939409 0.126164 0.137302 0.121136 0.086769 0.0507511 0.0248387 0.0112936 0.00655968 0.00643708 0.00833569 0.0110823 0.0141393 0.0171244 0.0196666 0.0214249 0.0221562 0.0217712 0.0203559 0.0181445 0.0154595 0.0126352 0.00995229 0.0075987 0.0056619 0.00414636 0.00300341 0.00216122
 1.00564e-16 2.84228e-05 0.000166798 0.000792841 0.00305241 0.00951859 0.0240434 0.0491973 0.081555 0.109541 0.119242 0.105274 0.0755642 0.0445137 0.0223752 0.0111678 0.00785834 0.00883748 0.0118559 0.0158389 0.0201998 0.0244314 0.0280065 0.0304373 0.0313775 0.0307058 0.0285546 0.0252718 0.0213315 0.0172233 0.0133559 0.0100002 0.00727845 0.00518966 0.00365414 0.00255826
 1.00845e-16 2.75631e-05 0.000161751 0.000768844 0.00296001 0.00923046 0.0233156 0.0477082 0.0790869 0.106227 0.115638 0.1021 0.0733018 0.0432137 0.0217831 0.0109743 0.00785335 0.00892688 0.0120177 0.0160837 0.0205499 0.0249125 0.0286439 0.0312515 0.0323815 0.0319009 0.0299285 0.0267969 0.0229662 0.0189148 0.0150452 0.0116281 0.00879175 0.00654642 0.00482711 0.00353606
 1.00848e-16 3.03343e-05 0.000178026 0.000846232 0.003258 0.0101597 0.0256628 0.0525102 0.0870445 0.116907 0.127241 0.112291 0.0805011 0.0472222 0.0233678 0.0110583 0.00702382 0.00739135 0.00976455 0.0130373 0.0166657 0.0202254 0.0232885 0.025457 0.0264436 0.0261376 0.0246292 0.0221806 0.0191557 0.0159344 0.0128369 0.0100794 0.00776568 0.00590725 0.00445661 0.00334096
 1.00954e-16 2.64361e-05 0.000155132 0.000737374 0.00283884 0.00885257 0.0223611 0.0457554 0.0758509 0.101884 0.110919 0.0979542 0.0703714 0.0415785 0.0211295 0.0109247 0.00816619 0.00951446 0.0128816 0.0172519 0.0220397 0.026711 0.0307005 0.0334803 0.0346719 0.0341348 0.0319994 0.0286259 0.0245106 0.0201685 0.0160318 0.0123893 0.0093757 0.00699851 0.0051842 0.00382469
 1.01015e-16 2.92548e-05 0.000171687 0.000816092 0.00314194 0.00979782 0.0247486 0.05064 0.0839449 0.112747 0.122719 0.108314 0.0776822 0.0456326 0.0227003 0.0109419 0.00721577 0.00779576 0.0103729 0.0138722 0.0177482 0.0215596 0.0248547 0.0272116 0.0283235 0.0280696 0.0265404 0.0240077 0.0208516 0.0174695 0.0141974 0.0112636 0.00877967 0.00676134 0.00516338 0.0039143
 1.00798e-16 3.01878e-05 0.000177166 0.000842138 0.00324223 0.0101106 0.0255386 0.0522562 0.0866236 0.116343 0.126629 0.111756 0.080129 0.0470268 0.0233133 0.0111026 0.0071439 0.0075847 0.0100389 0.0133999 0.0171157 0.0207497 0.0238597 0.0260358 0.0269839 0.0265942 0.0249658 0.0223762 0.0192077 0.0158577 0.0126596 0.00983657 0.00749311 0.00563581 0.00420923 0.00313148
 1.01931e-16 9.07468e-06 5.31736e-05 0.000252579 0.000972133 0.00303124 0.00765739 0.0156732 0.0259994 0.0349752 0.0382147 0.0340762 0.0251958 0.0163242 0.0109488 0.00997614 0.0127007 0.0181547 0.0256332 0.0345507 0.0441811 0.053561 0.0615778 0.0671766 0.0695979 0.0685584 0.0643154 0.057587 0.0493638 0.040675 0.0323847 0.0250723 0.0190095 0.0142143 0.0105432 0.00778335
 1.03625e-16 2.68577e-05 0.000157623 0.000749247 0.00288461 0.00899535 0.0227216 0.0464917 0.0770666 0.103503 0.112643 0.0993876 0.0712066 0.0416825 0.0204686 0.00943478 0.00568537 0.00580627 0.00771368 0.0104942 0.0137581 0.0172368 0.0206505 0.0237115 0.0261676 0.0278448 0.028669 0.0286614 0.0279125 0.0265482 0.024701 0.0224939 0.020039 0.0174418 0.0148069 0.0122376
 1.03315e-16 5.33617e-06 3.12194e-05 0.000148193 0.0005702 0.00177781 0.00449143 0.00919587 0.0152652 0.0205673 0.0225567 0.0203138 0.0154514 0.0108535 0.00869728 0.00967106 0.0135147 0.0197671 0.0280191 0.0377801 0.0483015 0.0585413 0.0672887 0.0733982 0.076052 0.0749556 0.0704067 0.0632027 0.0544312 0.0452103 0.0364656 0.0288012 0.022479 0.0174839 0.0136315 0.0106732
pSPR Fmed_Fpbrs
0.512718   0.6 0.325
Fs Fmed_Fpbrs
0.64   0.440598 1.53102
SSBpbr Bo_Bmed_Bpbrs
578243  267563  318034 159017
Ro
19148.9
SPR SPRFo_SPRFmed_SPRFpbrs
395506 202783 128539
log_Ro
9.68
likeval ReclasPelacesDesembMPH_pf_preclas_ppelaces_ptallas_desvR_qrecl_qpela
 84.8904 12.1041 0.270486 15.0523 381.094 222.666 58.3182 0 40.2433 2.6262e-05 0.000249507 1.38663e-14 0 0 0
q_reclas_q_pelaces
2.06718 9.46182
M
0.7
N
 10869.6 40956.1 14567.9 1895.01 0.126044
 19453 5304.01 17352.2 5857.79 760.403
 2265.85 9393.99 2044.5 6153.54 2338.9
 5669.79 1009.06 1737.04 273.099 1119.17
 40857.3 2629.79 269.846 378.906 301.099
 12788.9 19885.2 1088.25 105.161 264.34
 60775.8 5581.45 3061.55 113.954 38.0683
 57505 26519.5 857.92 319.888 15.6315
 72788.7 24532.2 3321.63 68.2844 26.2099
 115355 30540 2642.42 216.341 6.02714
 68461.5 51773.2 6060.74 387.737 32.2255
 47267.7 29489.2 7077.09 541.826 36.8916
 52196.7 20707.4 4699.23 775.767 62.4646
 29047.1 20924 1475.05 176.65 30.6891
 13412.7 9605.1 260.104 5.44686 0.728108
 9638.41 4435.21 119.4 0.960479 0.0216855
 6609.95 4022.39 455.076 7.2904 0.0586996
 8621.11 2788.55 455.293 31.6594 0.501116
 9068.48 3709.2 377.23 40.1435 2.786
 8833.88 4063.51 725.377 54.2839 6.09985
 16309.9 3909.5 709.976 89.8624 7.37499
 20039.3 7593.89 1082.36 162.171 22.0349
 31295.9 9285.58 2012.74 233.314 39.3693
 52651.7 14313.3 2186.15 370.652 49.7074
 12006.3 24195.3 3518.34 426.334 81.1958
 29017.1 5643.53 7301.86 901.248 129.128
 1833.24 13361.6 1413.16 1459.46 204.036
pred_Ctot
 135.81 4364.1 2017.69 264.901 0.0176245
 385.988 866.109 3637.07 1238.57 160.823
 169.244 4481.47 1155.43 3497.05 1329.42
 270.06 346.884 733.766 116.172 476.181
 585.563 318.565 42.354 60.0159 47.7051
 1122.51 10529.6 672.057 65.2676 164.086
 5341.47 2957.9 1891.99 70.7728 23.6466
 5878.9 15381.2 571.231 213.93 10.4552
 8197.69 15013.3 2309.46 47.6679 18.2989
 8026.82 13883.5 1432.29 117.948 3.28657
 6582.08 28973.9 3918.99 251.883 20.9374
 4033.42 15341.6 4306.12 331.36 22.565
 7325.22 14136.4 3557.69 589.183 47.4455
 7143.9 17367.2 1285.95 154.226 26.7946
 3298.74 7972.34 226.759 4.75544 0.63571
 1117.44 2756.48 84.0413 0.678693 0.0153253
 721.965 2421.01 312.218 5.02255 0.0404448
 835.135 1567.54 295.484 20.6417 0.326771
 640.666 1703.91 206.337 22.0845 1.53296
 695.805 2007.95 422.501 31.7886 3.57266
 734.586 1286.18 288.109 36.7274 3.01487
 967.853 2638.95 461.739 69.6646 9.4677
 1786.54 3663.4 962.732 112.322 18.9569
 2837.85 5409.79 1006.22 171.737 23.036
 462.862 7022.7 1272 155.298 29.5836
 1524.15 2091.79 3302.32 410.34 58.8042
 188.866 7783.76 944.292 979.503 136.955
F
 0.0175084 0.158779 0.211044 0.213198 0.213265
 0.0279324 0.253311 0.336694 0.34013 0.340237
 0.108934 0.987888 1.31307 1.32647 1.32689
 0.0682478 0.61892 0.822649 0.831045 0.831306
 0.0201062 0.182337 0.242357 0.244831 0.244908
 0.129131 1.17106 1.55653 1.57242 1.57291
 0.129312 1.17269 1.55871 1.57462 1.57511
 0.151887 1.37742 1.83083 1.84952 1.85009
 0.168523 1.52829 2.03136 2.05209 2.05273
 0.10114 0.917206 1.21912 1.23156 1.23195
 0.142248 1.29001 1.71464 1.73214 1.73268
 0.125335 1.13662 1.51077 1.52618 1.52666
 0.214121 1.9418 2.58098 2.60733 2.60814
 0.406625 3.68757 4.90141 4.95143 4.95298
 0.406625 3.68757 4.90141 4.95143 4.95298
 0.17388 1.57686 2.09592 2.11731 2.11798
 0.163054 1.47869 1.96543 1.98549 1.98611
 0.143396 1.30042 1.72848 1.74612 1.74667
 0.102758 0.931881 1.23863 1.25127 1.25166
 0.115184 1.04457 1.38841 1.40258 1.40302
 0.0644261 0.584262 0.776583 0.784509 0.784755
 0.0692323 0.627848 0.834517 0.843034 0.843298
 0.0822963 0.746322 0.991988 1.00211 1.00243
 0.0775413 0.7032 0.934672 0.944211 0.944507
 0.0549172 0.498028 0.661964 0.66872 0.66893
 0.0754995 0.684684 0.91006 0.919349 0.919637
 0.153144 1.38882 1.84597 1.86481 1.8654
Np
 12605.9 6037.54 279.407 531.295 46.7355
YTP_r0W_actual
 384.862 59149.2 11562.1 15377.3 2386.27
YTP_p0W_proyectada
 2646.43 3457.76 13537.7 1167.28 1414.14
 2646.43 26727 2286.05 5597.86 546.588
CTP_r0_actual
 46.9344 2738.39 368.221 383.473 53.624
CTP_p0_proyectada
 322.736 160.081 431.137 29.1092 31.7785
 322.736 1237.36 72.804 139.597 12.2829
Wmedp
 8.2 21.6 31.4 40.1 44.5
nmprior
 10.8 10.6 4.6 0
nm_flota  nm_reclas  nm_pelaces    nm_pelaL
inf 21.6562 14.46 42.0956
cv_recla  cv_pelaces  cv_mph
0.797921 0.381116 0.518451
 ------------------------------------------------
Talla a la edad & desviaci?n 
 7.2 14.2025 17.0495 18.207 18.6776
 1.08 2.13037 2.55742 2.73105 2.80164
