years
 1997 1998 1999 2000 2001 2002 2003 2004 2005 2006 2007 2008 2009 2010 2011 2012 2013 2014 2015 2016 2017 2018 2019 2020 2021 2022 2023
reclasobs
 0 0 0 370054 412103 1.49427e+06 250295 1.28982e+06 931140 785840 897777 1.04006e+06 184774 17550 25797 100020 73551 82996 120727 218422 84188 347160 605670 569463 516374 1.08416e+06 1.01767e+06
reclaspred
 771669 173750 366735 184117 302021 370875 786576 612646 726601 891284 848300 608006 345709 130481 80898.6 80265.2 82157.5 103847 122253 150676 233430 242758 414815 534032 737586 649679 422969
pelacesobs
 0 0 0 0 0 0 0 0 0 2.06254e+06 1.5e+06 0 1.87456e+06 323000 250000 174000 83755 137374 0 501740 490994 745055 786931 1.00524e+06 1.33801e+06 1.41789e+06 0
pelacespred
 2.44819e+06 573352 558980 526583 836463 655168 2.16372e+06 1.71809e+06 2.01268e+06 2.46935e+06 1.87944e+06 1.39736e+06 830376 262554 171302 167809 173792 236227 263629 320221 614493 573138 773536 1.18533e+06 1.50782e+06 1.38709e+06 803395
mphobs
 0 0 0 0 0 0 112323 0 153150 637223 0 255016 313432 73983 77613 109348 50772 17779 17303 59886 28197 0 207744 136588 643089 65757 70829
mphpred
 253969 124348 122920 81488.3 85444 156284 205051 300178 281765 342088 390403 271729 163141 121136 55388.2 44941.7 39371.9 47740 33408.1 34582 53373.6 72299.7 87650.4 130926 179164 158281 123745
desembarqueobs
 350755 77701 442110 56441 14545 235359 269955 359681 431902 328805 639364 411747 362871 311530 167758 66681 60226 58785 57116 73181 50977 67692 138656 160484 209506 203330 245020
desembarquepred
 350742 77681.2 441855 56439 14545.1 235415 270013 359426 431710 328699 638828 411461 362615 311323 167403 66655.1 60237 58745.5 57065.4 73149.6 50974.6 67659.5 138631 160466 209458 203257 244928
Reclutas
 29404.7 40817.6 12345.9 17021.8 38821.9 23207.5 63701.6 61415 87702.9 112173 65180.8 48426.6 48386.3 28500.7 14098.5 10501.6 7261.29 9432.2 9929.32 12761.7 19516 24564 37978 55553.9 20682.2 29746.7 22686
log_desv_Rt
 0.0689095 0.396869 -0.798918 -0.477753 0.34674 -0.167771 0.841965 0.805409 1.16171 1.4078 0.864921 0.567805 0.566972 0.0376857 -0.666178 -0.960714 -1.32969 -1.06812 -1.01675 -0.765795 -0.341013 -0.110964 0.324761 0.705109 -0.28297 0.0804748 -0.190495
SSB
 442428 216620 214134 141957 148848 272255 343958 514426 474735 580613 680103 473367 297548 151611 73713.2 59583.8 55804.3 63080.4 81169.7 90628.9 128297 168394 211818 297671 456252 421118 307140
BT
 1.35007e+06 340489 463536 259642 347816 412672 1.17503e+06 1.09179e+06 1.27773e+06 1.33045e+06 1.29716e+06 918198 701601 399345 213246 122660 120206 146523 147562 186001 291087 266447 386865 593212 678738 661389 495272
Ftot
 1.0622 1.16391 2.33169 0.717399 0.134876 1.30008 0.960836 1.53717 1.65425 1.01956 1.6577 1.46189 2.41436 4.95303 4.95303 2.04969 1.79993 1.46386 1.10939 1.17846 0.566973 0.641011 0.75894 0.750779 0.594349 0.632238 1.17535
BD_Bspro_t
 0.905017 0.606587 0.494479 0.250027 0.370505 0.57034 0.483521 0.543631 0.482827 0.486432 0.489297 0.336076 0.24302 0.155711 0.0928591 0.0922081 0.118719 0.179326 0.266696 0.341267 0.453488 0.586147 0.600051 0.60873 0.640942 0.552199 0.468774
BD_Bspro
 0.780447 0.382121 0.377735 0.250414 0.26257 0.480261 0.606745 0.907454 0.837438 1.02421 1.19971 0.835025 0.524878 0.267444 0.130031 0.105106 0.0984395 0.111275 0.143184 0.15987 0.226318 0.29705 0.373648 0.525095 0.804834 0.742857 0.541799
BD_Bo
 0.796004 0.389738 0.385264 0.255405 0.267803 0.489834 0.618839 0.925542 0.854131 1.04462 1.22362 0.851669 0.535341 0.272774 0.132623 0.107202 0.100402 0.113493 0.146038 0.163057 0.230829 0.302971 0.381096 0.535561 0.820876 0.757664 0.552599
BD_Brms
 1.44728 0.708614 0.700481 0.464374 0.486915 0.890608 1.12516 1.6828 1.55297 1.89932 2.22477 1.54849 0.973346 0.495953 0.241132 0.194912 0.182548 0.20635 0.265524 0.296467 0.419689 0.550856 0.692902 0.973748 1.4925 1.37757 1.00472
S_f
 0.0739494 0.602739 0.966474 0.998178 0.999904
 0.0739494 0.602739 0.966474 0.998178 0.999904
 0.0739494 0.602739 0.966474 0.998178 0.999904
 0.0739494 0.602739 0.966474 0.998178 0.999904
 0.0739494 0.602739 0.966474 0.998178 0.999904
 0.0739494 0.602739 0.966474 0.998178 0.999904
 0.0739494 0.602739 0.966474 0.998178 0.999904
 0.0739494 0.602739 0.966474 0.998178 0.999904
 0.0739494 0.602739 0.966474 0.998178 0.999904
 0.0739494 0.602739 0.966474 0.998178 0.999904
 0.0739494 0.602739 0.966474 0.998178 0.999904
 0.0739494 0.602739 0.966474 0.998178 0.999904
 0.0739494 0.602739 0.966474 0.998178 0.999904
 0.0739494 0.602739 0.966474 0.998178 0.999904
 0.0739494 0.602739 0.966474 0.998178 0.999904
 0.0739494 0.602739 0.966474 0.998178 0.999904
 0.0739494 0.602739 0.966474 0.998178 0.999904
 0.0739494 0.602739 0.966474 0.998178 0.999904
 0.0739494 0.602739 0.966474 0.998178 0.999904
 0.0739494 0.602739 0.966474 0.998178 0.999904
 0.0739494 0.602739 0.966474 0.998178 0.999904
 0.0739494 0.602739 0.966474 0.998178 0.999904
 0.0739494 0.602739 0.966474 0.998178 0.999904
 0.0739494 0.602739 0.966474 0.998178 0.999904
 0.0739494 0.602739 0.966474 0.998178 0.999904
 0.0739494 0.602739 0.966474 0.998178 0.999904
 0.0739494 0.602739 0.966474 0.998178 0.999904
Scru_reclas
 0.311212 0.694551 0.919637 0.982933 0.996562
 0.311212 0.694551 0.919637 0.982933 0.996562
 0.311212 0.694551 0.919637 0.982933 0.996562
 0.311212 0.694551 0.919637 0.982933 0.996562
 0.311212 0.694551 0.919637 0.982933 0.996562
 0.311212 0.694551 0.919637 0.982933 0.996562
 0.311212 0.694551 0.919637 0.982933 0.996562
 0.311212 0.694551 0.919637 0.982933 0.996562
 0.311212 0.694551 0.919637 0.982933 0.996562
 0.311212 0.694551 0.919637 0.982933 0.996562
 0.311212 0.694551 0.919637 0.982933 0.996562
 0.311212 0.694551 0.919637 0.982933 0.996562
 0.311212 0.694551 0.919637 0.982933 0.996562
 0.311212 0.694551 0.919637 0.982933 0.996562
 0.311212 0.694551 0.919637 0.982933 0.996562
 0.311212 0.694551 0.919637 0.982933 0.996562
 0.311212 0.694551 0.919637 0.982933 0.996562
 0.311212 0.694551 0.919637 0.982933 0.996562
 0.311212 0.694551 0.919637 0.982933 0.996562
 0.311212 0.694551 0.919637 0.982933 0.996562
 0.311212 0.694551 0.919637 0.982933 0.996562
 0.311212 0.694551 0.919637 0.982933 0.996562
 0.311212 0.694551 0.919637 0.982933 0.996562
 0.311212 0.694551 0.919637 0.982933 0.996562
 0.311212 0.694551 0.919637 0.982933 0.996562
 0.311212 0.694551 0.919637 0.982933 0.996562
 0.311212 0.694551 0.919637 0.982933 0.996562
Scru_pelaces
 0.570013 0.936884 0.99402 0.999463 0.999952
 0.570013 0.936884 0.99402 0.999463 0.999952
 0.570013 0.936884 0.99402 0.999463 0.999952
 0.570013 0.936884 0.99402 0.999463 0.999952
 0.570013 0.936884 0.99402 0.999463 0.999952
 0.570013 0.936884 0.99402 0.999463 0.999952
 0.570013 0.936884 0.99402 0.999463 0.999952
 0.570013 0.936884 0.99402 0.999463 0.999952
 0.570013 0.936884 0.99402 0.999463 0.999952
 0.570013 0.936884 0.99402 0.999463 0.999952
 0.570013 0.936884 0.99402 0.999463 0.999952
 0.570013 0.936884 0.99402 0.999463 0.999952
 0.570013 0.936884 0.99402 0.999463 0.999952
 0.570013 0.936884 0.99402 0.999463 0.999952
 0.570013 0.936884 0.99402 0.999463 0.999952
 0.570013 0.936884 0.99402 0.999463 0.999952
 0.570013 0.936884 0.99402 0.999463 0.999952
 0.570013 0.936884 0.99402 0.999463 0.999952
 0.570013 0.936884 0.99402 0.999463 0.999952
 0.570013 0.936884 0.99402 0.999463 0.999952
 0.570013 0.936884 0.99402 0.999463 0.999952
 0.570013 0.936884 0.99402 0.999463 0.999952
 0.570013 0.936884 0.99402 0.999463 0.999952
 0.570013 0.936884 0.99402 0.999463 0.999952
 0.570013 0.936884 0.99402 0.999463 0.999952
 0.570013 0.936884 0.99402 0.999463 0.999952
 0.570013 0.936884 0.99402 0.999463 0.999952
pf_obs 
 0.256992 0.487395 0.22802 0.0275931 0
 0.321318 0.546541 0.124235 0.00734118 0.000564706
 0.182869 0.594174 0.210203 0.0122559 0.00049798
 0.330522 0.361315 0.267642 0.0388342 0.00168674
 0.649043 0.306663 0.0425973 0.00169635 0
 0.582887 0.30429 0.105238 0.00758474 0
 0.465427 0.430635 0.0974691 0.00646863 0
 0.296916 0.608066 0.0921331 0.00288517 0
 0.311714 0.524322 0.152257 0.0117073 0
 0.15457 0.633149 0.183074 0.0267441 0.00246327
 0.131901 0.49318 0.331252 0.0422183 0.00144891
 0.196976 0.569456 0.194076 0.0375587 0.00193317
 0.518974 0.381816 0.0799577 0.0180837 0.00116848
 0.0928022 0.601141 0.25162 0.0475244 0.00691264
 0.122501 0.610282 0.24278 0.0234846 0.000952079
 0.383417 0.481906 0.127806 0.00687128 0
 0.0376549 0.599619 0.316969 0.0457579 0
 0.0361596 0.667082 0.258105 0.0386534 0
 0.158088 0.579412 0.248529 0.0139706 0
 0.0477256 0.309471 0.559284 0.082774 0.000745712
 0.0406174 0.521527 0.379366 0.0568643 0.0016247
 0.151134 0.462217 0.34131 0.0453401 0
 0.294876 0.26143 0.354403 0.0886775 0.000613685
 0.281977 0.475581 0.204845 0.0348837 0.00271318
 0.0841818 0.532909 0.334909 0.0458182 0.00218182
 0.115287 0.27431 0.454777 0.147771 0.00785563
 0 0 0 0 0
pf_pred 
 0.207183 0.535358 0.22907 0.0283769 1.16204e-05
 0.256154 0.536236 0.167567 0.0358308 0.0042123
 0.0936145 0.718611 0.158434 0.0239319 0.00540852
 0.219165 0.461284 0.292717 0.0229334 0.003901
 0.297294 0.484933 0.157901 0.0550475 0.00482455
 0.129135 0.654309 0.169873 0.0341616 0.0125215
 0.355879 0.385829 0.223809 0.0273875 0.00709511
 0.231724 0.654059 0.0852529 0.0252653 0.00369831
 0.301289 0.538104 0.149308 0.00857056 0.00272959
 0.270674 0.606134 0.109268 0.0130039 0.000919805
 0.145584 0.663507 0.17329 0.0157175 0.00190098
 0.159632 0.563408 0.246824 0.027521 0.00261558
 0.240637 0.539359 0.180561 0.0353858 0.00405735
 0.259243 0.641006 0.0877511 0.00999898 0.00200053
 0.279219 0.681374 0.0385198 0.000794761 9.23414e-05
 0.275208 0.680894 0.0435172 0.000373867 7.32292e-06
 0.19346 0.668686 0.134543 0.00328464 2.66331e-05
 0.271596 0.542324 0.171579 0.0141757 0.000325084
 0.228599 0.61934 0.131768 0.0188003 0.00149304
 0.246468 0.553698 0.178361 0.0187389 0.0027341
 0.260381 0.555795 0.156422 0.024601 0.00280189
 0.21323 0.569381 0.183319 0.0291703 0.00489982
 0.244063 0.514525 0.199426 0.0356445 0.00634105
 0.248143 0.549061 0.162055 0.0339225 0.00681892
 0.0745505 0.670669 0.212603 0.0340119 0.00816606
 0.139845 0.326746 0.440113 0.0783958 0.014901
 0.136328 0.535012 0.173184 0.129252 0.0262247
pobs_RECLAS
 0 0 0 0 0
 0 0 0 0 0
 0 0 0 0 0
 0 0 0 0 0
 0.835266 0.146461 0.0176864 0.000547809 3.91292e-05
 0.385257 0.428462 0.181853 0.0044286 0
 0.867414 0.0963971 0.0333333 0.00285562 0
 0.441836 0.489002 0.0689373 0.000224442 0
 0.779404 0.147425 0.0564933 0.0165055 0.000172143
 0.814271 0.122319 0.05973 0.00367925 0
 0.40263 0.566651 0.0304383 0.000280538 0
 0.475488 0.404961 0.113038 0.00651328 0
 0.955842 0.0263864 0.0167828 0.000988607 0
 0.975058 0.0227948 0.00214734 0 0
 0.738997 0.206755 0.0527124 0.00153531 0
 0.850938 0.134255 0.0134407 0.00136685 0
 0.542534 0.407297 0.0501686 0 0
 0.764087 0.199537 0.0359546 0.000420521 0
 0.470689 0.182191 0.310203 0.0369168 0
 0.84361 0.089868 0.0606195 0.00523954 0.000663233
 0.607945 0.314616 0.071237 0.00620181 0
 0.523733 0.453247 0.0230204 0 0
 0.530135 0.295979 0.169645 0.0042399 0
 0.562478 0.366248 0.0663022 0.0049721 0
 0.250443 0.683176 0.0655157 0.000865301 0
 0.195077 0.31981 0.436473 0.0351445 0.0134964
 0.565238 0.351407 0.0832357 0.000118908 0
ppred_RECLAS
 0.518133 0.349194 0.117654 0.0150131 6.22075e-06
 0.585555 0.317701 0.0776265 0.0170858 0.00203235
 0.31756 0.576333 0.0892432 0.0137271 0.00313707
 0.534131 0.298916 0.152497 0.0123326 0.0021229
 0.62087 0.276085 0.0739913 0.0266868 0.00236722
 0.37917 0.493528 0.099185 0.0205105 0.00760624
 0.696334 0.198086 0.0910802 0.0114882 0.00301158
 0.552994 0.394343 0.0390333 0.0118721 0.00175808
 0.646064 0.288975 0.0602715 0.00354706 0.00114278
 0.595285 0.348574 0.0496209 0.00608461 0.000435494
 0.418688 0.477761 0.0937652 0.00871897 0.00106676
 0.447549 0.401254 0.134336 0.0153823 0.00147901
 0.596819 0.31381 0.0731058 0.0145758 0.00168993
 0.686286 0.291569 0.019516 0.00218714 0.000441655
 0.698739 0.292979 0.00809831 0.000164335 1.92711e-05
 0.614261 0.368539 0.0170469 0.000149581 2.96318e-06
 0.503334 0.430761 0.0642849 0.00160687 1.31792e-05
 0.609605 0.309169 0.0747379 0.00634111 0.000147117
 0.543205 0.382736 0.0639143 0.00939028 0.000754565
 0.572659 0.333122 0.0838179 0.00906345 0.00133802
 0.57947 0.331316 0.0755292 0.0122705 0.00141432
 0.517187 0.36861 0.0957879 0.0157392 0.00267547
 0.564622 0.315816 0.0981906 0.0181115 0.00326051
 0.567343 0.333213 0.0789256 0.0170504 0.00346838
 0.240936 0.579832 0.148693 0.0245692 0.00596973
 0.407946 0.254517 0.276822 0.0509198 0.00979464
 0.398182 0.404706 0.10235 0.0786209 0.0161404
pobs_PELACES
 0 0 0 0 0
 0 0 0 0 0
 0 0 0 0 0
 0 0 0 0 0
 0 0 0 0 0
 0 0 0 0 0
 0 0 0 0 0
 0 0 0 0 0
 0 0 0 0 0
 0 0 0 0 0
 0.450072 0.473896 0.0757376 0.000293798 0
 0 0 0 0 0
 0.463077 0.371075 0.160297 0.00555027 0
 0.529543 0.364841 0.0842815 0.0213345 0
 0.631943 0.363953 0.00410389 0 0
 0.735681 0.248677 0.0153453 0.000297389 0
 0.695825 0.281241 0.0229344 0 0
 0.275771 0.60734 0.115278 0.00161068 0
 0 0 0 0 0
 0.896147 0.0623911 0.0374545 0.00400742 0
 0.803859 0.145111 0.0509908 3.86294e-05 0
 0.739449 0.233085 0.0266225 0.000797448 4.60066e-05
 0.878498 0.100942 0.0204185 0.000141795 0
 0.694673 0.275183 0.0284847 0.00165964 0
 0.469039 0.446079 0.0841089 0.000773354 0
 0.822795 0.102175 0.0682046 0.00682512 0
 0 0 0 0 0
ppred_PELACES
 0.657027 0.270934 0.0643915 0.00764415 3.12372e-06
 0.717179 0.233897 0.0398234 0.00814591 0.000955538
 0.503095 0.447656 0.0419849 0.00592881 0.00133526
 0.661334 0.240496 0.0902028 0.00681108 0.0011565
 0.708033 0.226478 0.0478554 0.0162143 0.00141918
 0.527185 0.40278 0.0554915 0.0106491 0.0038942
 0.803906 0.142423 0.0467582 0.0054927 0.00142011
 0.696063 0.279551 0.0184369 0.0051911 0.000757917
 0.779387 0.192364 0.0263595 0.0014343 0.000455575
 0.713348 0.257488 0.0259881 0.00296603 0.000209365
 0.582004 0.366244 0.0472045 0.00405826 0.000489511
 0.609701 0.311931 0.0702136 0.00744858 0.000706145
 0.771108 0.195939 0.0273744 0.00500633 0.000571991
 0.880124 0.11603 0.00343413 0.000343765 6.83086e-05
 0.883601 0.114965 0.00140515 2.54693e-05 2.93901e-06
 0.758713 0.234437 0.00679413 5.48929e-05 1.07183e-06
 0.664108 0.305749 0.0294581 0.000679771 5.49613e-06
 0.746213 0.215886 0.0350798 0.00275737 6.30757e-05
 0.673382 0.287922 0.033724 0.00460726 0.000365105
 0.705791 0.246165 0.0430849 0.00432905 0.000630233
 0.686099 0.261687 0.0446577 0.00678471 0.000771451
 0.634492 0.297797 0.0574175 0.00881595 0.00147829
 0.685145 0.247227 0.0562297 0.00967977 0.00171886
 0.684382 0.259675 0.0450387 0.00908149 0.0018222
 0.337608 0.539416 0.103211 0.0159437 0.00382155
 0.551913 0.227104 0.183462 0.0315373 0.00598413
 0.552751 0.337029 0.059312 0.0423366 0.00857103
pobs_pel_tallas
 0 0 0 0 0 0 0 0 0 0 0 0 0 0 0 0 0 0 0 0 0 0 0 0 0 0 0 0 0 0 0 0 0 0 0 0
 0 0 0 0 0 0 0 0 0 0 0 0 0 0 0 0 0 0 0 0 0 0 0 0 0 0 0 0 0 0 0 0 0 0 0 0
 0 0 0 0 0 0 0 0 0 0 0 0 0 0 0 0 0 0 0 0 0 0 0 0 0 0 0 0 0 0 0 0 0 0 0 0
 0 0 0 0 0 0 0 0 0 0 0 0 0 0 0 0 0 0 0 0 0 0 0 0 0 0 0 0 0 0 0 0 0 0 0 0
 0 0 0 0 0 0 0 0 0 0 0 0 0 0 0 0 0 0 0 0 0 0 0 0 0 0 0 0 0 0 0 0 0 0 0 0
 0 0 0 0 0 0 0 0 0 0 0 0 0 0 0 0 0 0 0 0 0 0 0 0 0 0 0 0 0 0 0 0 0 0 0 0
 0 0 0 0 0 0 0 0 0 0 0 0 0 0 0 0 0 0 0 0 0 0 0 0 0 0 0 0 0 0 0 0 0 0 0 0
 0 0 0 0 0 0 0 0 0 0 0 0 0 0 0 0 0 0 0 0 0 0 0 0 0 0 0 0 0 0 0 0 0 0 0 0
 0 0 0 0 0 0 0 0 0 0 0 0 0 0 0 0 0 0 0 0 0 0 0 0 0 0 0 0 0 0 0 0 0 0 0 0
 0 0 0 0 0 0 0 0 0 0 0 0 0 0 0 0 0 0 0 0 0 0 0 0 0 0 0 0 0 0 0 0 0 0 0 0
 0 0 0 0 0 0 0 0 1.78061e-05 0.00172719 0.00360574 0.0105946 0.0120993 0.0124554 0.0147524 0.0171206 0.0266825 0.0428682 0.0675386 0.121331 0.153587 0.119568 0.100827 0.0573624 0.0630603 0.0341343 0.0324427 0.0444173 0.0211091 0.0280891 0.0125444 0.00206551 0 0 0 0
 0 0 0 0 0 0 0 0 0 0 0 0 0 0 0 0 0 0 0 0 0 0 0 0 0 0 0 0 0 0 0 0 0 0 0 0
 0 0 0 0 0 0 0.0133647 0.0140871 0.0187388 0.0205184 0.03894 0.0496705 0.03968 0.0493445 0.0407372 0.0367815 0.0215668 0.0243155 0.0234873 0.0199281 0.019796 0.0243948 0.0301388 0.0376714 0.0412746 0.0863199 0.0771752 0.113111 0.0741005 0.0525337 0.0229764 0.00759418 0.00175318 0 0 0
 0 0 0 0 0 0 0 0 0 0 0.00219441 0.00772107 0.0458388 0.0604681 0.0671733 0.0775358 0.0609151 0.0617685 0.073594 0.0568108 0.0755445 0.0548602 0.0670107 0.0636378 0.0643287 0.046367 0.0373049 0.0286899 0.0247887 0.0153202 0.00654259 0.00121912 0.000365735 0 0 0
 0 0 0 0 0 0 0 0 0 0 0 0 0.000112435 0.00938835 0.0111873 0.0202946 0.0414886 0.0713402 0.111592 0.104902 0.108894 0.110636 0.117776 0.105296 0.107544 0.0401394 0.0192827 0.0124803 0.00416011 0.0028671 0.000618394 0 0 0 0 0
 0 0 0 0 0 0 0 0 0 0 0.00291406 0.0102884 0.027416 0.0768956 0.0749926 0.110853 0.0956884 0.0897413 0.0766577 0.0534642 0.0500743 0.0551293 0.0594112 0.0620874 0.0668451 0.0424026 0.0208742 0.0120726 0.0048766 0.00582813 0.00118941 0.000297354 0 0 0 0
 0 0.00264628 0.0354308 0.0461629 0.0458689 0.0383711 0.0214643 0.0164657 0.0346957 0.0420465 0.0363128 0.0245516 0.0311673 0.0291091 0.0169068 0.0133784 0.00837989 0.0085269 0.0148486 0.0160247 0.0276389 0.0546898 0.0760071 0.122758 0.109233 0.0665981 0.0333725 0.0166128 0.00676272 0.00308733 0.000882094 0 0 0 0 0
 0 0 0 0 0 0 0 0.000805153 0.000690131 0.00759144 0.0133425 0.0154129 0.00931677 0.000345066 0.00356568 0.00563607 0.00851162 0.0253048 0.0502646 0.0516448 0.0657925 0.0565908 0.0611916 0.0827007 0.0866115 0.110766 0.145733 0.0935128 0.0569358 0.0249597 0.0138026 0.00621118 0.00161031 0.00115022 0 0
 0 0 0 0 0 0 0 0 0 0 0 0 0 0 0 0 0 0 0 0 0 0 0 0 0 0 0 0 0 0 0 0 0 0 0 0
 0.00147267 0.00158595 0.00478618 0.00569244 0.00954404 0.0108468 0.00647125 0.017049 0.0510054 0.094081 0.124002 0.0959785 0.0687766 0.0820023 0.061753 0.0591476 0.0492212 0.0479892 0.0443925 0.0268479 0.0217502 0.0140895 0.0121071 0.0120363 0.00920419 0.00665534 0.0049561 0.00860946 0.00930331 0.0156896 0.0114698 0.00855282 0.00243557 0.00046729 0 2.83206e-05
 0 0 0 0 0.000772559 0.00158375 0.000888443 0.00281984 0.00712685 0.0440552 0.0773331 0.111326 0.0921469 0.0852325 0.0710754 0.0886704 0.0786465 0.0553345 0.0373146 0.0185414 0.00753245 0.00457741 0.012979 0.0271748 0.0457355 0.0583668 0.034881 0.0177882 0.00938659 0.00492506 0.0015258 0.00185414 0.000309023 5.79419e-05 3.86279e-05 0
 0 0.00173294 0.00326652 0 0.00397197 0.00683976 0.00946217 0.0152591 0.00757587 0.0136028 0.0228656 0.0392903 0.0559909 0.0764795 0.0681675 0.0726916 0.0566044 0.0477403 0.0527397 0.0444891 0.0609904 0.0582453 0.0661739 0.0445044 0.0529084 0.0360697 0.0280645 0.0235558 0.0158879 0.00826598 0.00280645 0.00217768 0.000904811 0.00058276 9.20147e-05 0
 0 0 0 0 0 0 0 0 0 0 0 0 0 0 0 0 0 0 0 0 0 0 0 0 0 0 0 0 0 0 0 0 0 0 0 0
 0 0 0 0 0 0 0 0 0 0 0 0 0 0 0 0 0 0 0 0 0 0 0 0 0 0 0 0 0 0 0 0 0 0 0 0
 0 0 0 0 0 0 0 0 0 0 0 0 0 0 0 0 0 0 0 0 0 0 0 0 0 0 0 0 0 0 0 0 0 0 0 0
 0 0 0 0 0 0 0 0 0 0 0 0 0 0 0 0 0 0 0 0 0 0 0 0 0 0 0 0 0 0 0 0 0 0 0 0
 0 0 0 0 0 0 0 0 0 0 0 0 0 0 0 0 0 0 0 0 0 0 0 0 0 0 0 0 0 0 0 0 0 0 0 0
ppred_pel_tallas
 1.01266e-16 2.86732e-05 0.000168273 0.000799862 0.00307946 0.00960295 0.0242564 0.0496328 0.0822755 0.110505 0.12028 0.106164 0.0761448 0.0447396 0.0222755 0.0107706 0.00714911 0.00776288 0.0103529 0.0138689 0.0177787 0.0216504 0.0250388 0.0275252 0.0288007 0.0287355 0.0274054 0.0250629 0.022068 0.0188002 0.0155838 0.0126425 0.0100917 0.00795743 0.00620948 0.00479287
 1.00967e-16 3.12945e-05 0.000183666 0.00087305 0.00336126 0.0104818 0.0264762 0.0541743 0.0898019 0.120608 0.131261 0.115819 0.0829895 0.0485991 0.0238953 0.0110513 0.00667955 0.00677496 0.0088659 0.0118266 0.0151279 0.0183794 0.0211939 0.0232123 0.0241738 0.0239758 0.0226952 0.020563 0.0179016 0.0150478 0.0122856 0.00980728 0.00770576 0.00599291 0.00462957 0.00355511
 1.01008e-16 2.19682e-05 0.000128892 0.000612605 0.00235841 0.00735435 0.0185769 0.0380134 0.0630213 0.0846657 0.0922117 0.0815244 0.0587657 0.0351185 0.0185793 0.0107968 0.00951526 0.0120067 0.0165362 0.0221901 0.0283318 0.034297 0.0393588 0.0428363 0.0442439 0.0434075 0.0405057 0.0360166 0.030594 0.0249142 0.0195427 0.0148552 0.0110229 0.00804785 0.00582483 0.00420244
 1.01647e-16 2.88599e-05 0.000169371 0.000805089 0.00309959 0.00966575 0.024415 0.0499571 0.0828122 0.111223 0.121055 0.106831 0.076588 0.0449289 0.0222384 0.0105368 0.00671833 0.00710666 0.00943423 0.0126646 0.0162985 0.0199497 0.0232229 0.0257412 0.0272179 0.0275176 0.026681 0.0249026 0.0224724 0.019704 0.0168708 0.0141694 0.0117124 0.00954369 0.00766393 0.00605417
 1.01377e-16 3.08955e-05 0.000181324 0.000861915 0.00331839 0.0103481 0.0261385 0.0534833 0.0886565 0.119069 0.129586 0.11434 0.0819258 0.0479695 0.0235736 0.0108833 0.006554 0.00663337 0.00868456 0.0116018 0.0148709 0.0181156 0.0209627 0.023064 0.0241634 0.0241542 0.0231005 0.0212125 0.0187882 0.0161402 0.0135329 0.011146 0.00906882 0.00731754 0.00586349 0.00466036
 1.01467e-16 2.30168e-05 0.000135053 0.000641903 0.00247123 0.00770618 0.0194655 0.0398313 0.0660332 0.0887063 0.0965972 0.0853654 0.0614557 0.0365686 0.0190599 0.01063 0.00888974 0.010965 0.0150424 0.0201985 0.0258331 0.0313453 0.0360815 0.0394274 0.0409392 0.0404486 0.0380995 0.034302 0.0296239 0.0246551 0.0198909 0.0156632 0.0121278 0.00929639 0.0070896 0.00539019
 1.00966e-16 3.50726e-05 0.000205855 0.000978556 0.00376752 0.0117487 0.0296762 0.0607211 0.100651 0.135167 0.147078 0.129708 0.092795 0.0540455 0.0260231 0.0111119 0.00546451 0.00455832 0.00562462 0.00745513 0.00957022 0.0116975 0.0135951 0.01504 0.0158649 0.0159933 0.0154539 0.0143666 0.0129076 0.0112652 0.00960237 0.00803426 0.00662425 0.00539356 0.00433719 0.0034388
 1.00567e-16 3.03756e-05 0.000178267 0.000847373 0.00326238 0.0101734 0.0256973 0.0525811 0.0871624 0.117067 0.127419 0.112458 0.0806419 0.047347 0.0235073 0.0112526 0.00731358 0.00781378 0.0103484 0.0137958 0.0175875 0.0212677 0.0243754 0.0264854 0.0272974 0.0267071 0.0248318 0.0219759 0.0185536 0.0149914 0.0116444 0.00874651 0.00640153 0.00460567 0.0032869 0.00234442
 1.00508e-16 3.40054e-05 0.000199585 0.000948739 0.0036527 0.0113906 0.0287718 0.058871 0.0975854 0.131055 0.142616 0.125803 0.0900639 0.0525824 0.0255563 0.0113187 0.00615873 0.00570293 0.0072611 0.0096319 0.0122935 0.0149027 0.0171362 0.0186984 0.0193774 0.0190934 0.0179171 0.0160472 0.0137582 0.0113362 0.00902175 0.00697677 0.00527814 0.00393236 0.00290092 0.00212565
 1.00565e-16 3.11285e-05 0.000182689 0.000868399 0.00334335 0.0104259 0.0263351 0.0538858 0.0893244 0.119968 0.13057 0.115223 0.08259 0.0484211 0.0239113 0.0112315 0.00701972 0.0072962 0.0095981 0.01279 0.0163178 0.0197553 0.0226759 0.0246864 0.0255066 0.0250354 0.0233744 0.0207973 0.0176794 0.0144091 0.0113117 0.00860401 0.00638563 0.00465929 0.00336589 0.0024197
 1.00952e-16 2.54057e-05 0.000149081 0.000708601 0.00272805 0.00850707 0.0214885 0.0439701 0.0728922 0.0979131 0.106604 0.0941631 0.0676903 0.0400799 0.0205257 0.0108692 0.00843688 0.0100301 0.0136432 0.0182863 0.0233657 0.0283218 0.0325567 0.0355106 0.0367813 0.0362187 0.0339593 0.0303833 0.0260155 0.0214016 0.017 0.0131187 0.00990265 0.00736231 0.00542211 0.00396925
 1.01388e-16 2.66112e-05 0.000156164 0.000742283 0.00285775 0.00891156 0.0225101 0.04606 0.0763547 0.102558 0.111645 0.098577 0.0707791 0.0417397 0.0210654 0.0106565 0.0076854 0.00878573 0.0118627 0.0159174 0.020401 0.0248309 0.0286972 0.0315187 0.0329414 0.0328185 0.0312407 0.0285028 0.0250229 0.0212416 0.017534 0.0141583 0.0112462 0.00882511 0.00685653 0.00527318
 1.00652e-16 3.36446e-05 0.000197466 0.000938665 0.00361391 0.0112696 0.0284663 0.0582459 0.0965494 0.129665 0.141104 0.124472 0.0891189 0.0520456 0.0253234 0.0112633 0.00619689 0.00579921 0.0074095 0.00983767 0.0125632 0.0152398 0.0175392 0.0191608 0.0198885 0.01964 0.0184856 0.0166251 0.0143351 0.0119037 0.00957267 0.00750469 0.0057766 0.00439482 0.00332121 0.00249872
 1.00102e-16 3.83949e-05 0.000225362 0.0010713 0.00412463 0.0128623 0.0324891 0.0664763 0.110189 0.147972 0.161001 0.141961 0.101503 0.0590021 0.0281921 0.0116614 0.0051734 0.00375595 0.00436659 0.00568743 0.00721889 0.00870889 0.00995406 0.0107768 0.0110538 0.0107448 0.00990243 0.00865801 0.00718849 0.00567546 0.00426962 0.00306963 0.00211807 0.00141101 0.000914714 0.000582656
 1.00059e-16 3.85464e-05 0.000226252 0.00107553 0.00414092 0.0129131 0.0326174 0.0667388 0.110624 0.148556 0.161636 0.14252 0.101901 0.0592286 0.0282919 0.0116878 0.00516222 0.00372246 0.00431354 0.00561249 0.00711865 0.00858064 0.00979662 0.0105908 0.0108419 0.0105111 0.0096524 0.00839787 0.00692482 0.00541485 0.00401838 0.00283351 0.00190193 0.00121854 0.000748174 0.000442797
 1.00175e-16 3.31056e-05 0.000194299 0.000923598 0.00355589 0.0110887 0.0280092 0.057311 0.095001 0.127588 0.138854 0.122509 0.0877609 0.051348 0.0251616 0.0114909 0.00674058 0.00666244 0.00863241 0.0114549 0.0145726 0.0175825 0.0200934 0.0217491 0.022301 0.0216676 0.019956 0.017432 0.0144537 0.0113888 0.00854239 0.00611443 0.00419122 0.00276488 0.001767 0.00110313
 1.00542e-16 2.89833e-05 0.000170091 0.000808496 0.00311269 0.00970657 0.0245182 0.0501687 0.0831646 0.111701 0.121589 0.107334 0.0770172 0.0453181 0.0226845 0.0111662 0.00766158 0.00848463 0.0113423 0.0151487 0.0193262 0.0233867 0.0268267 0.0291797 0.0301136 0.0295097 0.0274908 0.024385 0.0206413 0.0167243 0.0130233 0.00979795 0.00716728 0.00513418 0.00362678 0.00254064
 1.00667e-16 3.25599e-05 0.000191096 0.000908377 0.00349729 0.010906 0.0275476 0.0563664 0.0934349 0.125484 0.136561 0.12048 0.0862941 0.0504632 0.0246793 0.0111908 0.00645977 0.00630948 0.00816621 0.0108681 0.0138879 0.0168548 0.0194089 0.021218 0.022042 0.021788 0.0205305 0.0184872 0.0159611 0.0132686 0.010677 0.00836742 0.00642779 0.0048689 0.00365242 0.00271844
 1.00748e-16 2.9387e-05 0.000172462 0.000819773 0.00315612 0.00984201 0.0248603 0.0508685 0.084324 0.113257 0.123277 0.108812 0.0780516 0.0458743 0.0228659 0.011096 0.00741131 0.00806943 0.0107472 0.0143552 0.0183305 0.0222104 0.0255207 0.0278216 0.028798 0.0283337 0.0265382 0.0237126 0.0202713 0.0166446 0.0131932 0.0101582 0.00765198 0.00568041 0.0041815 0.00306421
 1.00871e-16 3.07985e-05 0.000180753 0.000859196 0.00330792 0.0103154 0.026056 0.0533147 0.0883774 0.118696 0.129184 0.113996 0.0817029 0.0478857 0.0236191 0.0110489 0.00684816 0.00708015 0.00931249 0.0124302 0.0158976 0.0193079 0.0222538 0.0243568 0.0253419 0.0251013 0.0237167 0.0214327 0.018591 0.0155488 0.0126084 0.00997492 0.0077488 0.00594396 0.0045194 0.00341027
 1.00989e-16 2.99405e-05 0.000175714 0.000835238 0.00321567 0.0100277 0.0253293 0.051828 0.0859138 0.115389 0.125591 0.110838 0.0794675 0.0466322 0.0231062 0.0109858 0.00704656 0.00746887 0.00988886 0.0132138 0.0169029 0.0205308 0.0236662 0.0259072 0.026962 0.0267162 0.0252569 0.0228437 0.0198392 0.0166222 0.0135125 0.0107269 0.0083706 0.00645746 0.0049433 0.00375922
 1.01285e-16 2.76916e-05 0.000162508 0.000772448 0.0029739 0.00927376 0.0234249 0.0479318 0.0794568 0.106722 0.116171 0.102557 0.0736018 0.0433336 0.0217386 0.0107814 0.00750605 0.00839918 0.011278 0.0151114 0.0193507 0.0235286 0.0271575 0.0297798 0.031061 0.0308666 0.02929 0.0266197 0.0232617 0.0196411 0.0161179 0.0129373 0.0102205 0.00798701 0.0061922 0.00476425
 1.01292e-16 2.98983e-05 0.000175468 0.00083407 0.00321118 0.0100137 0.025294 0.0517555 0.0857932 0.115226 0.12541 0.110672 0.0793332 0.046523 0.0229961 0.0108411 0.00683431 0.00716002 0.0094611 0.0126562 0.0162222 0.0197564 0.0228519 0.0251272 0.0263015 0.0262573 0.0250644 0.0229532 0.0202512 0.0173033 0.0144027 0.0117506 0.00944921 0.00751966 0.00593252 0.004637
 1.01122e-16 2.98655e-05 0.000175274 0.000833148 0.00320762 0.0100026 0.025266 0.0516983 0.0856987 0.1151 0.125276 0.110559 0.0792666 0.0465116 0.0230416 0.0109472 0.00701178 0.00742543 0.00983081 0.0131393 0.0168136 0.020432 0.0235672 0.0258207 0.0269027 0.0266988 0.0252936 0.0229424 0.020002 0.0168452 0.0137862 0.0110378 0.00870309 0.00679539 0.00527184 0.00406607
 1.02368e-16 1.4756e-05 8.6542e-05 0.000411247 0.0015831 0.00493654 0.0124698 0.0255186 0.042314 0.0568689 0.0619964 0.054951 0.0399155 0.024465 0.0140601 0.00991944 0.0106412 0.014477 0.0202781 0.0273451 0.035044 0.0426135 0.0491863 0.0539359 0.0562573 0.0559071 0.0530547 0.0482235 0.0421483 0.0355992 0.0292276 0.0234768 0.0185654 0.0145277 0.0112821 0.00869816
 1.04042e-16 2.40883e-05 0.000141359 0.000671915 0.00258684 0.00806675 0.0203761 0.0416931 0.0691145 0.0928295 0.101045 0.0891965 0.0639972 0.0376481 0.018834 0.00926526 0.00637919 0.00713911 0.0096813 0.0131611 0.0171678 0.0213662 0.0253933 0.0288815 0.0315229 0.0331249 0.0336373 0.0331399 0.0318011 0.0298251 0.0274071 0.0247089 0.0218556 0.0189461 0.0160677 0.0133033
 1.02808e-16 2.41289e-05 0.000141588 0.000672985 0.00259093 0.00807947 0.0204083 0.0417598 0.069228 0.0929905 0.101243 0.0894244 0.0642767 0.0380445 0.0194584 0.0102669 0.00793224 0.00942171 0.0128411 0.0172674 0.0221601 0.0270153 0.0312918 0.0344774 0.0361961 0.0362927 0.0348635 0.032219 0.0287959 0.0250479 0.0213538 0.0179646 0.0149974 0.0124634 0.0103129 0.00847617
pSPR Fmed_Fpbrs
0.540926   0.6 0.325
Fs Fmed_Fpbrs
0.64   0.493148 1.78674
SSBpbr Bo_Bmed_Bpbrs
555811  272862  305696 152848
Ro
27446.7
SPR SPRFo_SPRFmed_SPRFpbrs
566890 306645 184239
log_Ro
10.04
likeval ReclasPelacesDesembMPH_pf_preclas_ppelaces_ptallas_desvR_qrecl_qpela
 73.3778 11.7953 0.0505989 16.6867 334.493 209.177 56.7826 0 19.4577 1.89094e-05 0.000164123 1.21624e-13 0 0 0
q_reclas_q_pelaces
1.85188 6.18808
M
0.7
N
 29404.7 11758.8 3629.84 440.712 0.180279
 40817.6 13498.9 3078.27 645.711 75.833
 12345.9 18597.8 3323.67 496.325 112.1
 17021.8 5159.81 2265.15 173.349 29.4499
 38821.9 8016.01 1662.79 562.308 49.2024
 23207.5 19087.1 3669.83 724.801 265.412
 63701.6 10468.1 4329.29 518.743 134.237
 61415 29463.6 2913.05 849.404 124.228
 87702.9 27220.8 5792.95 327.444 104.201
 112173 38537.2 4987.31 581.496 41.0864
 65180.8 51657.9 10351.1 924.52 111.727
 48426.6 28633.6 9445 1035.59 98.3347
 48386.3 21583.8 5891.1 1141.8 130.843
 28500.7 20099.1 2501.06 283.662 56.7394
 14098.5 9812.5 504.237 10.3553 1.20286
 10501.6 4853.95 246.171 2.08772 0.0408641
 7261.29 4481.5 700.728 16.8618 0.136618
 9432.2 3156.47 752.066 61.1014 1.39997
 9929.32 4203.33 648.642 90.7436 7.19895
 12761.7 4542.39 1069.51 110.242 16.0686
 19516 5808.39 1108.66 170.036 19.3401
 24564 9293.4 2049.44 318.283 53.3938
 37978 11633.4 3135.98 547.74 97.3219
 55553.9 17830 3656.24 747.849 150.144
 20682.2 26097.4 5631.41 878.822 210.721
 29746.7 9828.86 9057.53 1574.5 298.882
 22686 14097.1 3334.25 2441.36 494.843
pred_Ctot
 1604.77 4146.69 1774.29 219.797 0.0900072
 2432.96 5093.17 1591.55 340.322 40.0085
 1420.27 10902.4 2403.68 363.083 82.0552
 634.439 1335.32 847.357 66.3878 11.2926
 277.243 452.227 147.251 51.3349 4.49915
 1538.37 7794.72 2023.68 406.963 149.167
 3155.06 3420.59 1984.19 242.805 62.902
 4777.05 13483.6 1757.51 520.849 76.2416
 7313.95 13062.8 3624.53 208.055 66.2624
 5884.16 13176.7 2375.36 282.689 19.9955
 5446.45 24822.5 6482.98 588.008 71.1178
 3590.94 12673.9 5552.33 619.089 58.8378
 5748.63 12884.8 4313.45 845.338 96.9267
 6419.56 15873.1 2172.96 247.602 49.5385
 3175.57 7749.3 438.088 9.03886 1.0502
 1071.54 2651.1 169.437 1.45567 0.0285122
 655.821 2266.82 456.096 11.1348 0.090285
 700.32 1398.4 442.423 36.5525 0.838241
 565.111 1531.05 325.738 46.4755 3.69089
 769.813 1729.41 557.088 58.5288 8.53963
 577.69 1233.11 347.044 54.5806 6.21637
 820.094 2189.87 705.054 112.191 18.845
 1495.48 3152.71 1221.97 218.409 38.8543
 2164.62 4789.63 1413.65 295.917 59.4835
 641.203 5768.36 1828.58 292.534 70.2355
 979.813 2289.32 3083.62 549.275 104.403
 1364.99 5356.83 1734.01 1294.14 262.576
F
 0.0785492 0.640231 1.02659 1.06027 1.0621
 0.0860707 0.701537 1.12489 1.16179 1.1638
 0.172427 1.4054 2.25352 2.32744 2.33147
 0.0530512 0.432404 0.693347 0.716092 0.71733
 0.009974 0.081295 0.130354 0.13463 0.134863
 0.0961399 0.783608 1.25649 1.29771 1.29995
 0.0710532 0.579133 0.928623 0.959085 0.960744
 0.113673 0.926515 1.48564 1.53437 1.53703
 0.122331 0.997083 1.59879 1.65124 1.65409
 0.0753957 0.614528 0.985377 1.0177 1.01946
 0.122586 0.999159 1.60212 1.65468 1.65754
 0.108106 0.881136 1.41288 1.45922 1.46175
 0.17854 1.45523 2.33341 2.40996 2.41413
 0.366273 2.98538 4.78698 4.944 4.95256
 0.366274 2.98539 4.78698 4.94401 4.95256
 0.151573 1.23543 1.98097 2.04596 2.0495
 0.133104 1.08489 1.73958 1.79665 1.79976
 0.108252 0.882328 1.41479 1.4612 1.46372
 0.082039 0.668675 1.0722 1.10737 1.10929
 0.0871461 0.710302 1.13895 1.17631 1.17834
 0.0419273 0.341737 0.547965 0.56594 0.566919
 0.0474024 0.386362 0.61952 0.639843 0.640949
 0.0561232 0.457443 0.733496 0.757557 0.758868
 0.0555196 0.452524 0.725608 0.749411 0.750707
 0.0439517 0.358237 0.574423 0.593266 0.594292
 0.0467536 0.381074 0.611042 0.631086 0.632177
 0.0869161 0.708427 1.13594 1.1732 1.17523
Np
 17809.9 8527.44 3809.87 1062.82 210.334
YTP_r0W_actual
 4801.01 57278.3 29333.6 28150.9 6340.8
YTP_p0W_proyectada
 3769.09 41963 30326.6 6130.83 5542.89
 3769.09 34648.2 33517.9 12255.2 2695.17
CTP_r0_actual
 585.49 2651.77 934.192 702.017 142.49
CTP_p0_proyectada
 459.646 1942.73 965.815 152.888 124.559
 459.646 1604.08 1067.45 305.615 60.5656
Wmedp
 8.2 21.6 31.4 40.1 44.5
nmprior
 10.8 10.6 4.6 0
nm_flota  nm_reclas  nm_pelaces    nm_pelaL
inf 23.9965 14.8101 43.5293
cv_recla  cv_pelaces  cv_mph
0.741844 0.376222 0.545872
 ------------------------------------------------
Talla a la edad & desviaci?n 
 7.2 14.2025 17.0495 18.207 18.6776
 1.08 2.13037 2.55742 2.73105 2.80164
