years
 1997 1998 1999 2000 2001 2002 2003 2004 2005 2006 2007 2008 2009 2010 2011 2012 2013 2014 2015 2016 2017 2018 2019 2020 2021 2022 2023
reclasobs
 0 0 0 370054 412103 1.49427e+06 250295 1.28982e+06 931140 785840 897777 1.04006e+06 184774 17550 25797 100020 73551 82996 120727 218422 84188 347160 605670 569463 516374 1.08416e+06 1.01767e+06
reclaspred
 511414 131694 330370 213426 332641 411187 892093 631721 752839 808270 704102 488660 287326 114163 72377.2 70946.5 77489.7 102755 118163 161840 248812 247147 429667 557252 724142 678808 608138
pelacesobs
 0 0 0 0 0 0 0 0 0 2.06254e+06 1.5e+06 0 1.87456e+06 323000 250000 174000 83755 137374 0 501740 490994 745055 786931 1.00524e+06 1.33801e+06 1.41789e+06 0
pelacespred
 2.07918e+06 414049 649306 650696 919797 796819 2.37699e+06 1.85634e+06 2.1416e+06 2.24956e+06 1.6161e+06 1.15851e+06 708137 229971 159260 155058 173886 243128 267502 371983 673991 602973 856106 1.30001e+06 1.56629e+06 1.5855e+06 1.37836e+06
mphobs
 0 0 0 0 0 0 112323 0 153150 637223 0 255016 313432 73983 77613 109348 50772 17779 17303 59886 28197 0 207744 136588 643089 65757 70829
mphpred
 175934 96708.5 106047 97530.5 108452 178585 254526 323543 294369 337776 349375 241699 143238 115724 49877.5 43084.4 42232.3 53965.6 29288.5 33037.6 53311.8 69295.1 86438.9 128556 172315 167712 149898
desembarqueobs
 350755 77701 442110 56441 14545 235359 269955 359681 431902 328805 639364 411747 362871 311530 167758 66681 60226 58785 57116 73181 50977 67692 138656 160484 209506 203330 245020
desembarquepred
 350761 77699.7 442096 56445.3 14545.4 235475 270034 359660 431912 328809 639315 411783 362983 311652 167584 66681.8 60260.8 58777.6 57095 73177.4 50979.4 67679.4 138661 160498 209509 203322 245002
Reclutas
 35916.7 43113.9 20833.4 28895.8 51038.9 36218.9 72541.1 71995 102507 114470 64333.8 45218.9 45937 26401.3 15346.7 12300.1 8615.35 11095.4 12772.4 18649.1 25926.7 34152.8 52285.6 72784.5 30743 43639 62192.4
log_desv_Rt
 0.0289565 0.211601 -0.515688 -0.188547 0.380343 0.0373374 0.731908 0.724351 1.07769 1.18806 0.61184 0.25927 0.275027 -0.278831 -0.821347 -1.04264 -1.3987 -1.14571 -1.00496 -0.626445 -0.296972 -0.0214003 0.404477 0.735258 -0.126582 0.223708 0.577987
SSB
 428651 235623 258375 237626 264234 435110 601530 778044 698407 804550 851227 588883 362989 183880 83858 72050.4 74276.6 89424.1 115090 137709 207798 262798 338012 477793 705809 709114 594344
BT
 1.51122e+06 362825 615473 426326 533234 623757 1.5661e+06 1.4545e+06 1.63139e+06 1.59189e+06 1.47568e+06 1.02277e+06 754331 417576 228494 142717 148369 186507 198029 270284 425474 396426 575469 865604 1.02134e+06 1.05095e+06 980814
Ftot
 1.07633 0.978132 1.71143 0.38299 0.0690265 0.68316 0.447938 0.846906 0.921458 0.62654 1.13381 1.01318 1.68085 3.46684 3.69549 1.44311 1.16004 0.865836 0.675168 0.668877 0.307607 0.362843 0.4227 0.415377 0.342734 0.341166 0.513549
BD_Bspro_t
 0.904536 0.628191 0.544189 0.353146 0.503132 0.679468 0.617247 0.645434 0.584547 0.572087 0.553282 0.392229 0.287359 0.188812 0.107731 0.11303 0.156694 0.241537 0.344544 0.444999 0.575162 0.691168 0.707756 0.715644 0.736344 0.678361 0.636147
BD_Bspro
 0.594805 0.326955 0.358526 0.329735 0.366657 0.603768 0.834696 1.07963 0.969123 1.11641 1.18118 0.817146 0.503691 0.255156 0.116363 0.0999787 0.103068 0.124087 0.159702 0.191087 0.288344 0.364664 0.469033 0.662996 0.979395 0.983981 0.824723
BD_Bo
 0.518063 0.284772 0.312269 0.287192 0.319351 0.52587 0.727004 0.940336 0.844087 0.972372 1.02878 0.711718 0.438705 0.222236 0.10135 0.0870795 0.08977 0.108077 0.139097 0.166433 0.251142 0.317615 0.408518 0.577456 0.853033 0.857028 0.718318
BD_Brms
 0.941933 0.517767 0.567762 0.522168 0.580638 0.956127 1.32182 1.7097 1.5347 1.76795 1.87052 1.29403 0.797646 0.404065 0.184273 0.158326 0.163218 0.196504 0.252904 0.302606 0.456622 0.577482 0.742761 1.04992 1.55097 1.55823 1.30603
S_f
 0.0928939 0.660526 0.973663 0.998578 0.999925
 0.0928939 0.660526 0.973663 0.998578 0.999925
 0.0928939 0.660526 0.973663 0.998578 0.999925
 0.0928939 0.660526 0.973663 0.998578 0.999925
 0.0928939 0.660526 0.973663 0.998578 0.999925
 0.0928939 0.660526 0.973663 0.998578 0.999925
 0.0928939 0.660526 0.973663 0.998578 0.999925
 0.0928939 0.660526 0.973663 0.998578 0.999925
 0.0928939 0.660526 0.973663 0.998578 0.999925
 0.0928939 0.660526 0.973663 0.998578 0.999925
 0.0928939 0.660526 0.973663 0.998578 0.999925
 0.0928939 0.660526 0.973663 0.998578 0.999925
 0.0928939 0.660526 0.973663 0.998578 0.999925
 0.0928939 0.660526 0.973663 0.998578 0.999925
 0.0928939 0.660526 0.973663 0.998578 0.999925
 0.0928939 0.660526 0.973663 0.998578 0.999925
 0.0928939 0.660526 0.973663 0.998578 0.999925
 0.0928939 0.660526 0.973663 0.998578 0.999925
 0.0928939 0.660526 0.973663 0.998578 0.999925
 0.0928939 0.660526 0.973663 0.998578 0.999925
 0.0928939 0.660526 0.973663 0.998578 0.999925
 0.0928939 0.660526 0.973663 0.998578 0.999925
 0.0928939 0.660526 0.973663 0.998578 0.999925
 0.0928939 0.660526 0.973663 0.998578 0.999925
 0.0928939 0.660526 0.973663 0.998578 0.999925
 0.0928939 0.660526 0.973663 0.998578 0.999925
 0.0928939 0.660526 0.973663 0.998578 0.999925
Scru_reclas
 0.536011 0.853239 0.966952 0.993255 0.998652
 0.536011 0.853239 0.966952 0.993255 0.998652
 0.536011 0.853239 0.966952 0.993255 0.998652
 0.536011 0.853239 0.966952 0.993255 0.998652
 0.536011 0.853239 0.966952 0.993255 0.998652
 0.536011 0.853239 0.966952 0.993255 0.998652
 0.536011 0.853239 0.966952 0.993255 0.998652
 0.536011 0.853239 0.966952 0.993255 0.998652
 0.536011 0.853239 0.966952 0.993255 0.998652
 0.536011 0.853239 0.966952 0.993255 0.998652
 0.536011 0.853239 0.966952 0.993255 0.998652
 0.536011 0.853239 0.966952 0.993255 0.998652
 0.536011 0.853239 0.966952 0.993255 0.998652
 0.536011 0.853239 0.966952 0.993255 0.998652
 0.536011 0.853239 0.966952 0.993255 0.998652
 0.536011 0.853239 0.966952 0.993255 0.998652
 0.536011 0.853239 0.966952 0.993255 0.998652
 0.536011 0.853239 0.966952 0.993255 0.998652
 0.536011 0.853239 0.966952 0.993255 0.998652
 0.536011 0.853239 0.966952 0.993255 0.998652
 0.536011 0.853239 0.966952 0.993255 0.998652
 0.536011 0.853239 0.966952 0.993255 0.998652
 0.536011 0.853239 0.966952 0.993255 0.998652
 0.536011 0.853239 0.966952 0.993255 0.998652
 0.536011 0.853239 0.966952 0.993255 0.998652
 0.536011 0.853239 0.966952 0.993255 0.998652
 0.536011 0.853239 0.966952 0.993255 0.998652
Scru_pelaces
 0.872892 1 1 1 1
 0.872892 1 1 1 1
 0.872892 1 1 1 1
 0.872892 1 1 1 1
 0.872892 1 1 1 1
 0.872892 1 1 1 1
 0.872892 1 1 1 1
 0.872892 1 1 1 1
 0.872892 1 1 1 1
 0.872892 1 1 1 1
 0.872892 1 1 1 1
 0.872892 1 1 1 1
 0.872892 1 1 1 1
 0.872892 1 1 1 1
 0.872892 1 1 1 1
 0.872892 1 1 1 1
 0.872892 1 1 1 1
 0.872892 1 1 1 1
 0.872892 1 1 1 1
 0.872892 1 1 1 1
 0.872892 1 1 1 1
 0.872892 1 1 1 1
 0.872892 1 1 1 1
 0.872892 1 1 1 1
 0.872892 1 1 1 1
 0.872892 1 1 1 1
 0.872892 1 1 1 1
pf_obs 
 0.256992 0.487395 0.22802 0.0275931 0
 0.321318 0.546541 0.124235 0.00734118 0.000564706
 0.182869 0.594174 0.210203 0.0122559 0.00049798
 0.330522 0.361315 0.267642 0.0388342 0.00168674
 0.649043 0.306663 0.0425973 0.00169635 0
 0.582887 0.30429 0.105238 0.00758474 0
 0.465427 0.430635 0.0974691 0.00646863 0
 0.296916 0.608066 0.0921331 0.00288517 0
 0.311714 0.524322 0.152257 0.0117073 0
 0.15457 0.633149 0.183074 0.0267441 0.00246327
 0.131901 0.49318 0.331252 0.0422183 0.00144891
 0.196976 0.569456 0.194076 0.0375587 0.00193317
 0.518974 0.381816 0.0799577 0.0180837 0.00116848
 0.0928022 0.601141 0.25162 0.0475244 0.00691264
 0.122501 0.610282 0.24278 0.0234846 0.000952079
 0.383417 0.481906 0.127806 0.00687128 0
 0.0376549 0.599619 0.316969 0.0457579 0
 0.0361596 0.667082 0.258105 0.0386534 0
 0.158088 0.579412 0.248529 0.0139706 0
 0.0477256 0.309471 0.559284 0.082774 0.000745712
 0.0406174 0.521527 0.379366 0.0568643 0.0016247
 0.151134 0.462217 0.34131 0.0453401 0
 0.294876 0.26143 0.354403 0.0886775 0.000613685
 0.281977 0.475581 0.204845 0.0348837 0.00271318
 0.0841818 0.532909 0.334909 0.0458182 0.00218182
 0.115287 0.27431 0.454777 0.147771 0.00785563
 0 0 0 0 0
pf_pred 
 0.297837 0.478799 0.199505 0.0238449 1.38975e-05
 0.272628 0.577039 0.119376 0.0277712 0.00318596
 0.144006 0.656862 0.173661 0.0203916 0.00507924
 0.243509 0.481558 0.239849 0.0308022 0.0042811
 0.261266 0.495421 0.177765 0.0573982 0.0081495
 0.139365 0.585131 0.206667 0.050634 0.0182018
 0.267778 0.397322 0.260781 0.0560832 0.0180362
 0.207442 0.579468 0.13908 0.0580271 0.0159829
 0.268641 0.495813 0.194207 0.0273352 0.0140041
 0.231232 0.577402 0.150318 0.0340747 0.00697295
 0.131873 0.6011 0.22224 0.0354354 0.0093506
 0.14067 0.501936 0.287493 0.0585923 0.0113096
 0.221349 0.481558 0.212506 0.0685817 0.0160048
 0.23115 0.616084 0.118173 0.0251201 0.00947316
 0.291902 0.630445 0.0723233 0.00420744 0.00112207
 0.287639 0.648255 0.0619316 0.00203783 0.000136182
 0.190245 0.641393 0.160233 0.00786601 0.00026304
 0.250995 0.503607 0.214558 0.0294102 0.00142913
 0.232824 0.56063 0.160878 0.0401156 0.00555187
 0.262777 0.508504 0.187083 0.0326772 0.00895887
 0.244817 0.541812 0.16757 0.0376972 0.00810379
 0.218791 0.521526 0.206654 0.0419025 0.0111271
 0.242874 0.488597 0.203284 0.0522339 0.0130103
 0.236461 0.521154 0.179574 0.0479015 0.014909
 0.0829458 0.613411 0.234206 0.0518489 0.0175885
 0.141706 0.314064 0.412195 0.102523 0.0295119
 0.206139 0.436949 0.168402 0.14379 0.0447188
pobs_RECLAS
 0 0 0 0 0
 0 0 0 0 0
 0 0 0 0 0
 0 0 0 0 0
 0.835266 0.146461 0.0176864 0.000547809 3.91292e-05
 0.385257 0.428462 0.181853 0.0044286 0
 0.867414 0.0963971 0.0333333 0.00285562 0
 0.441836 0.489002 0.0689373 0.000224442 0
 0.779404 0.147425 0.0564933 0.0165055 0.000172143
 0.814271 0.122319 0.05973 0.00367925 0
 0.40263 0.566651 0.0304383 0.000280538 0
 0.475488 0.404961 0.113038 0.00651328 0
 0.955842 0.0263864 0.0167828 0.000988607 0
 0.975058 0.0227948 0.00214734 0 0
 0.738997 0.206755 0.0527124 0.00153531 0
 0.850938 0.134255 0.0134407 0.00136685 0
 0.542534 0.407297 0.0501686 0 0
 0.764087 0.199537 0.0359546 0.000420521 0
 0.470689 0.182191 0.310203 0.0369168 0
 0.84361 0.089868 0.0606195 0.00523954 0.000663233
 0.607945 0.314616 0.071237 0.00620181 0
 0.523733 0.453247 0.0230204 0 0
 0.530135 0.295979 0.169645 0.0042399 0
 0.562478 0.366248 0.0663022 0.0049721 0
 0.250443 0.683176 0.0655157 0.000865301 0
 0.195077 0.31981 0.436473 0.0351445 0.0134964
 0.565238 0.351407 0.0832357 0.000118908 0
ppred_RECLAS
 0.686043 0.233666 0.0717313 0.00855471 5.00526e-06
 0.649967 0.293409 0.0449756 0.0104456 0.00120301
 0.472773 0.4345 0.0809232 0.00944341 0.0023608
 0.615151 0.268253 0.101701 0.0130704 0.00182393
 0.631596 0.267489 0.0736894 0.0238283 0.00339697
 0.447491 0.40799 0.108391 0.0265475 0.00958119
 0.651438 0.212492 0.10592 0.0227912 0.00735907
 0.566371 0.340262 0.0609424 0.0254003 0.0070238
 0.651637 0.257453 0.0749552 0.0105356 0.00541864
 0.595272 0.323795 0.063565 0.0144078 0.00296013
 0.439469 0.422709 0.114739 0.0182491 0.00483412
 0.463194 0.35168 0.148953 0.0303015 0.00587161
 0.613219 0.26953 0.0839944 0.0269456 0.00631129
 0.665025 0.292506 0.0330101 0.00686377 0.00259565
 0.730172 0.252092 0.0165459 0.000939281 0.000251161
 0.667745 0.3102 0.0213098 0.000698139 4.68296e-05
 0.541504 0.384523 0.0704098 0.00344738 0.000115724
 0.629891 0.271496 0.0862302 0.0118067 0.000575977
 0.599464 0.313598 0.0677135 0.0168798 0.0023454
 0.639818 0.269078 0.0745114 0.0130112 0.0035814
 0.610925 0.299151 0.070597 0.0158967 0.00343115
 0.579469 0.304865 0.0920152 0.0186723 0.0049784
 0.614314 0.27201 0.0860268 0.0221181 0.0055313
 0.603521 0.29287 0.076729 0.0204805 0.00640011
 0.307655 0.502626 0.146271 0.0324092 0.0110385
 0.468017 0.229163 0.229255 0.0570696 0.0164943
 0.570745 0.265099 0.0774026 0.0661111 0.020643
pobs_PELACES
 0 0 0 0 0
 0 0 0 0 0
 0 0 0 0 0
 0 0 0 0 0
 0 0 0 0 0
 0 0 0 0 0
 0 0 0 0 0
 0 0 0 0 0
 0 0 0 0 0
 0 0 0 0 0
 0.450072 0.473896 0.0757376 0.000293798 0
 0 0 0 0 0
 0.463077 0.371075 0.160297 0.00555027 0
 0.529543 0.364841 0.0842815 0.0213345 0
 0.631943 0.363953 0.00410389 0 0
 0.735681 0.248677 0.0153453 0.000297389 0
 0.695825 0.281241 0.0229344 0 0
 0.275771 0.60734 0.115278 0.00161068 0
 0 0 0 0 0
 0.896147 0.0623911 0.0374545 0.00400742 0
 0.803859 0.145111 0.0509908 3.86294e-05 0
 0.739449 0.233085 0.0266225 0.000797448 4.60066e-05
 0.878498 0.100942 0.0204185 0.000141795 0
 0.694673 0.275183 0.0284847 0.00165964 0
 0.469039 0.446079 0.0841089 0.000773354 0
 0.822795 0.102175 0.0682046 0.00682512 0
 0 0 0 0 0
ppred_PELACES
 0.797117 0.159716 0.0387101 0.00445473 2.59108e-06
 0.762296 0.206194 0.0252086 0.00565402 0.000647369
 0.64294 0.308619 0.0424978 0.00476053 0.00118278
 0.7146 0.208743 0.0671231 0.00837163 0.00116173
 0.714496 0.214977 0.0518873 0.0163247 0.00231461
 0.573364 0.331026 0.0723121 0.0171454 0.00615259
 0.75103 0.162117 0.0680817 0.014209 0.00456223
 0.689747 0.254476 0.0368479 0.0148474 0.00408195
 0.765336 0.183115 0.0427702 0.00580833 0.00296997
 0.704432 0.245226 0.0398164 0.00874073 0.00178561
 0.587494 0.328868 0.0700605 0.0107473 0.00283011
 0.60986 0.275634 0.0927752 0.018221 0.00351007
 0.766568 0.176988 0.0409092 0.0126009 0.00293328
 0.847477 0.140131 0.00975279 0.00191871 0.000720559
 0.88527 0.110083 0.0043518 0.000233305 6.19459e-05
 0.788079 0.201068 0.0104999 0.000330931 2.2064e-05
 0.678863 0.279173 0.040012 0.00188907 6.30385e-05
 0.745862 0.196726 0.0504158 0.0066725 0.000323627
 0.710779 0.23581 0.0419015 0.0101124 0.00139708
 0.745698 0.199119 0.0454052 0.0076764 0.00210091
 0.705414 0.234674 0.0473394 0.0103511 0.00222182
 0.681609 0.241123 0.0618546 0.0121831 0.00323018
 0.715536 0.21066 0.0562764 0.014037 0.00349076
 0.704751 0.227703 0.0504288 0.0130593 0.0040582
 0.407389 0.449211 0.11134 0.0239485 0.00811149
 0.588259 0.194464 0.165718 0.040048 0.0115104
 0.685732 0.208202 0.0508688 0.0421193 0.0130776
pobs_pel_tallas
 0 0 0 0 0 0 0 0 0 0 0 0 0 0 0 0 0 0 0 0 0 0 0 0 0 0 0 0 0 0 0 0 0 0 0 0
 0 0 0 0 0 0 0 0 0 0 0 0 0 0 0 0 0 0 0 0 0 0 0 0 0 0 0 0 0 0 0 0 0 0 0 0
 0 0 0 0 0 0 0 0 0 0 0 0 0 0 0 0 0 0 0 0 0 0 0 0 0 0 0 0 0 0 0 0 0 0 0 0
 0 0 0 0 0 0 0 0 0 0 0 0 0 0 0 0 0 0 0 0 0 0 0 0 0 0 0 0 0 0 0 0 0 0 0 0
 0 0 0 0 0 0 0 0 0 0 0 0 0 0 0 0 0 0 0 0 0 0 0 0 0 0 0 0 0 0 0 0 0 0 0 0
 0 0 0 0 0 0 0 0 0 0 0 0 0 0 0 0 0 0 0 0 0 0 0 0 0 0 0 0 0 0 0 0 0 0 0 0
 0 0 0 0 0 0 0 0 0 0 0 0 0 0 0 0 0 0 0 0 0 0 0 0 0 0 0 0 0 0 0 0 0 0 0 0
 0 0 0 0 0 0 0 0 0 0 0 0 0 0 0 0 0 0 0 0 0 0 0 0 0 0 0 0 0 0 0 0 0 0 0 0
 0 0 0 0 0 0 0 0 0 0 0 0 0 0 0 0 0 0 0 0 0 0 0 0 0 0 0 0 0 0 0 0 0 0 0 0
 0 0 0 0 0 0 0 0 0 0 0 0 0 0 0 0 0 0 0 0 0 0 0 0 0 0 0 0 0 0 0 0 0 0 0 0
 0 0 0 0 0 0 0 0 1.78061e-05 0.00172719 0.00360574 0.0105946 0.0120993 0.0124554 0.0147524 0.0171206 0.0266825 0.0428682 0.0675386 0.121331 0.153587 0.119568 0.100827 0.0573624 0.0630603 0.0341343 0.0324427 0.0444173 0.0211091 0.0280891 0.0125444 0.00206551 0 0 0 0
 0 0 0 0 0 0 0 0 0 0 0 0 0 0 0 0 0 0 0 0 0 0 0 0 0 0 0 0 0 0 0 0 0 0 0 0
 0 0 0 0 0 0 0.0133647 0.0140871 0.0187388 0.0205184 0.03894 0.0496705 0.03968 0.0493445 0.0407372 0.0367815 0.0215668 0.0243155 0.0234873 0.0199281 0.019796 0.0243948 0.0301388 0.0376714 0.0412746 0.0863199 0.0771752 0.113111 0.0741005 0.0525337 0.0229764 0.00759418 0.00175318 0 0 0
 0 0 0 0 0 0 0 0 0 0 0.00219441 0.00772107 0.0458388 0.0604681 0.0671733 0.0775358 0.0609151 0.0617685 0.073594 0.0568108 0.0755445 0.0548602 0.0670107 0.0636378 0.0643287 0.046367 0.0373049 0.0286899 0.0247887 0.0153202 0.00654259 0.00121912 0.000365735 0 0 0
 0 0 0 0 0 0 0 0 0 0 0 0 0.000112435 0.00938835 0.0111873 0.0202946 0.0414886 0.0713402 0.111592 0.104902 0.108894 0.110636 0.117776 0.105296 0.107544 0.0401394 0.0192827 0.0124803 0.00416011 0.0028671 0.000618394 0 0 0 0 0
 0 0 0 0 0 0 0 0 0 0 0.00291406 0.0102884 0.027416 0.0768956 0.0749926 0.110853 0.0956884 0.0897413 0.0766577 0.0534642 0.0500743 0.0551293 0.0594112 0.0620874 0.0668451 0.0424026 0.0208742 0.0120726 0.0048766 0.00582813 0.00118941 0.000297354 0 0 0 0
 0 0.00264628 0.0354308 0.0461629 0.0458689 0.0383711 0.0214643 0.0164657 0.0346957 0.0420465 0.0363128 0.0245516 0.0311673 0.0291091 0.0169068 0.0133784 0.00837989 0.0085269 0.0148486 0.0160247 0.0276389 0.0546898 0.0760071 0.122758 0.109233 0.0665981 0.0333725 0.0166128 0.00676272 0.00308733 0.000882094 0 0 0 0 0
 0 0 0 0 0 0 0 0.000805153 0.000690131 0.00759144 0.0133425 0.0154129 0.00931677 0.000345066 0.00356568 0.00563607 0.00851162 0.0253048 0.0502646 0.0516448 0.0657925 0.0565908 0.0611916 0.0827007 0.0866115 0.110766 0.145733 0.0935128 0.0569358 0.0249597 0.0138026 0.00621118 0.00161031 0.00115022 0 0
 0 0 0 0 0 0 0 0 0 0 0 0 0 0 0 0 0 0 0 0 0 0 0 0 0 0 0 0 0 0 0 0 0 0 0 0
 0.00147267 0.00158595 0.00478618 0.00569244 0.00954404 0.0108468 0.00647125 0.017049 0.0510054 0.094081 0.124002 0.0959785 0.0687766 0.0820023 0.061753 0.0591476 0.0492212 0.0479892 0.0443925 0.0268479 0.0217502 0.0140895 0.0121071 0.0120363 0.00920419 0.00665534 0.0049561 0.00860946 0.00930331 0.0156896 0.0114698 0.00855282 0.00243557 0.00046729 0 2.83206e-05
 0 0 0 0 0.000772559 0.00158375 0.000888443 0.00281984 0.00712685 0.0440552 0.0773331 0.111326 0.0921469 0.0852325 0.0710754 0.0886704 0.0786465 0.0553345 0.0373146 0.0185414 0.00753245 0.00457741 0.012979 0.0271748 0.0457355 0.0583668 0.034881 0.0177882 0.00938659 0.00492506 0.0015258 0.00185414 0.000309023 5.79419e-05 3.86279e-05 0
 0 0.00173294 0.00326652 0 0.00397197 0.00683976 0.00946217 0.0152591 0.00757587 0.0136028 0.0228656 0.0392903 0.0559909 0.0764795 0.0681675 0.0726916 0.0566044 0.0477403 0.0527397 0.0444891 0.0609904 0.0582453 0.0661739 0.0445044 0.0529084 0.0360697 0.0280645 0.0235558 0.0158879 0.00826598 0.00280645 0.00217768 0.000904811 0.00058276 9.20147e-05 0
 0 0 0 0 0 0 0 0 0 0 0 0 0 0 0 0 0 0 0 0 0 0 0 0 0 0 0 0 0 0 0 0 0 0 0 0
 0 0 0 0 0 0 0 0 0 0 0 0 0 0 0 0 0 0 0 0 0 0 0 0 0 0 0 0 0 0 0 0 0 0 0 0
 0 0 0 0 0 0 0 0 0 0 0 0 0 0 0 0 0 0 0 0 0 0 0 0 0 0 0 0 0 0 0 0 0 0 0 0
 0 0 0 0 0 0 0 0 0 0 0 0 0 0 0 0 0 0 0 0 0 0 0 0 0 0 0 0 0 0 0 0 0 0 0 0
 0 0 0 0 0 0 0 0 0 0 0 0 0 0 0 0 0 0 0 0 0 0 0 0 0 0 0 0 0 0 0 0 0 0 0 0
ppred_pel_tallas
 1.00755e-16 3.47772e-05 0.000204119 0.000970302 0.00373573 0.0116495 0.0294258 0.0602089 0.0998022 0.134029 0.145844 0.12863 0.0920447 0.0536515 0.0259134 0.0112017 0.00570779 0.00495073 0.00618287 0.00819549 0.0104933 0.0127787 0.0147817 0.016254 0.0170131 0.016982 0.0162049 0.01483 0.0130689 0.0111448 0.00924857 0.0075122 0.00600393 0.00473963 0.00370207 0.00285949
 1.0065e-16 3.32607e-05 0.000195212 0.000927945 0.00357263 0.0111409 0.0281411 0.0575807 0.0954472 0.128185 0.139497 0.123062 0.0881241 0.051495 0.0251123 0.0112656 0.00633342 0.00604362 0.00776527 0.010316 0.0131691 0.0159648 0.0183587 0.0200351 0.0207679 0.0204728 0.0192264 0.0172418 0.0148131 0.0122454 0.00979437 0.00763097 0.00583469 0.00440992 0.00331356 0.00248257
 1.00923e-16 2.80604e-05 0.000164672 0.000782735 0.0030135 0.00939726 0.0237369 0.0485701 0.0805151 0.108144 0.11772 0.103927 0.0745906 0.0439268 0.0220561 0.0109703 0.00767441 0.00860659 0.0115506 0.0154541 0.0197498 0.0239514 0.0275525 0.0300809 0.0311965 0.030771 0.0289165 0.0259499 0.0223096 0.018452 0.0147606 0.0114933 0.00877215 0.00660717 0.00493715 0.00367027
 1.01363e-16 3.11812e-05 0.000183003 0.0008699 0.00334914 0.010444 0.0263807 0.0539788 0.0894772 0.12017 0.130779 0.115383 0.0826511 0.0483498 0.0236785 0.0107949 0.00631733 0.00625366 0.00814775 0.0108955 0.0139992 0.0171077 0.0198754 0.0219767 0.023167 0.0233352 0.0225244 0.0209119 0.0187572 0.0163381 0.0138943 0.011595 0.00953331 0.00773959 0.00620554 0.00490592
 1.01476e-16 3.11768e-05 0.000182977 0.000869776 0.00334866 0.0104425 0.0263769 0.0539711 0.0894646 0.120153 0.130762 0.115371 0.0826486 0.0483604 0.0237059 0.0108441 0.00639495 0.00636697 0.00830221 0.0110919 0.0142311 0.0173594 0.0201227 0.0221892 0.0233137 0.0233907 0.0224752 0.0207602 0.0185217 0.0160504 0.0135933 0.0113193 0.00931444 0.00759757 0.00614701 0.00492521
 1.02011e-16 2.50275e-05 0.000146864 0.000698069 0.00268751 0.00838066 0.0211691 0.0433164 0.0718078 0.0964542 0.105009 0.0927405 0.0666367 0.0393942 0.0200619 0.0104446 0.00790133 0.00927969 0.0126129 0.0169491 0.0217411 0.0264873 0.0306508 0.0337234 0.0353305 0.0353157 0.0337723 0.0310075 0.0274571 0.0235786 0.0197594 0.0162633 0.0132221 0.0106599 0.00853517 0.0067801
 1.01721e-16 3.27678e-05 0.000192322 0.000914214 0.00351978 0.0109761 0.0277248 0.0567285 0.0940335 0.126284 0.13742 0.121209 0.0867549 0.0506096 0.0245228 0.0107378 0.00567679 0.00512881 0.00651415 0.00869916 0.0112163 0.0137774 0.0161129 0.0179685 0.019148 0.019554 0.0192035 0.0182141 0.0167659 0.0150545 0.0132509 0.0114779 0.00980751 0.00827107 0.00687653 0.00562293
 1.01307e-16 3.00992e-05 0.000176647 0.000839673 0.00323275 0.010081 0.0254639 0.0521032 0.0863697 0.116001 0.126254 0.111418 0.0798729 0.0468481 0.0231723 0.0109489 0.00693275 0.00728112 0.00961764 0.0128478 0.0164367 0.0199698 0.0230292 0.0252266 0.026281 0.0260831 0.0247192 0.0224415 0.0196002 0.0165591 0.0136227 0.010994 0.00876766 0.00695031 0.00549473 0.00433261
 1.01006e-16 3.33924e-05 0.000195987 0.000931634 0.00358685 0.0111852 0.028253 0.0578095 0.0958259 0.128692 0.140044 0.123531 0.0884341 0.0516231 0.0250763 0.0110842 0.00600348 0.00554184 0.00706252 0.00939381 0.0120341 0.0146584 0.0169606 0.0186572 0.01954 0.0195213 0.0186522 0.0171022 0.0151131 0.0129393 0.0107973 0.00883559 0.00712983 0.00569587 0.00451242 0.00354255
 1.01029e-16 3.07392e-05 0.000180405 0.000857542 0.00330155 0.0102955 0.0260058 0.053212 0.0882072 0.118467 0.128935 0.113776 0.0815446 0.0477917 0.0235704 0.0110222 0.00682636 0.0070537 0.00927662 0.0123828 0.0158385 0.019239 0.0221796 0.0242842 0.0252804 0.0250615 0.0237096 0.0214681 0.0186761 0.0156872 0.0127994 0.0102132 0.0080252 0.00624606 0.00483311 0.00372129
 1.01604e-16 2.56436e-05 0.000150481 0.000715265 0.00275372 0.00858714 0.0216906 0.0443835 0.0735764 0.0988288 0.107592 0.0950149 0.0682569 0.0403237 0.0204828 0.010578 0.00789748 0.0092064 0.0124872 0.0167663 0.0214898 0.026155 0.0302263 0.0331979 0.0346982 0.034574 0.0329227 0.030056 0.0264149 0.0224626 0.0185924 0.0150731 0.0120396 0.00951701 0.00746184 0.00580137
 1.02197e-16 2.66168e-05 0.000156199 0.00074246 0.00285844 0.00891372 0.0225155 0.0460708 0.0763717 0.102578 0.111659 0.0985709 0.0707347 0.0416336 0.0208649 0.0103168 0.00715039 0.00799393 0.0107599 0.0144733 0.018628 0.0227977 0.0265346 0.0294099 0.0310994 0.0314523 0.0305193 0.0285256 0.0258042 0.0227116 0.0195556 0.0165533 0.0138243 0.01141 0.00930378 0.00747996
 1.01209e-16 3.34459e-05 0.000196301 0.000933131 0.00359261 0.0112032 0.0282985 0.0579024 0.0959796 0.128898 0.140266 0.123724 0.0885645 0.0516839 0.0250773 0.0110362 0.00590917 0.00539563 0.00685529 0.00911828 0.0116893 0.0142528 0.0165138 0.0181991 0.0191074 0.019153 0.0183829 0.0169575 0.0151056 0.0130677 0.0110477 0.00918453 0.00754809 0.00615249 0.00497808 0.00399212
 1.00284e-16 3.69723e-05 0.000217008 0.00103158 0.00397168 0.0123854 0.0312844 0.0640115 0.106104 0.14249 0.155042 0.136724 0.0977948 0.0569191 0.0273336 0.0115432 0.00548139 0.0043699 0.00528044 0.00693325 0.00882226 0.0106669 0.0122263 0.0132861 0.0136951 0.0134011 0.0124625 0.0110318 0.00931628 0.00752985 0.00585052 0.00439575 0.00321778 0.002315 0.00165157 0.00117717
 1.00109e-16 3.8619e-05 0.000226679 0.00107756 0.00414873 0.0129375 0.032679 0.0668647 0.110833 0.148836 0.161939 0.142785 0.102084 0.0593236 0.0283155 0.0116602 0.00509388 0.00361348 0.00415909 0.00540828 0.00686502 0.00828503 0.00947442 0.0102644 0.0105375 0.0102549 0.00946565 0.0082935 0.00690542 0.00547302 0.00413892 0.00299673 0.00208726 0.00140749 0.000926324 0.000600546
 1.00228e-16 3.43847e-05 0.000201811 0.000959321 0.00369344 0.0115177 0.0290927 0.0595277 0.0986741 0.132518 0.144209 0.12721 0.0910769 0.0531845 0.0258685 0.0114888 0.00629377 0.00585954 0.00746201 0.00987927 0.0125735 0.0151856 0.0173775 0.0188426 0.0193658 0.0188746 0.0174568 0.015336 0.0128152 0.0102063 0.00776888 0.00567394 0.00399697 0.00273417 0.00183083 0.00121026
 1.00727e-16 2.96256e-05 0.000173864 0.00082644 0.00318179 0.00992206 0.0250625 0.0512821 0.0850094 0.114176 0.124275 0.109688 0.0786667 0.0462099 0.0229853 0.0110748 0.00729571 0.00787265 0.0104646 0.0139793 0.0178603 0.0216567 0.0249081 0.0271864 0.0281834 0.0277824 0.0260847 0.0233774 0.0200583 0.0165415 0.0131763 0.010198 0.0077195 0.00575142 0.00423941 0.00310044
 1.01025e-16 3.25438e-05 0.000191004 0.000907941 0.00349561 0.0109007 0.0275344 0.0563393 0.0933894 0.125422 0.136489 0.120407 0.086221 0.0503791 0.0245616 0.0110094 0.00618084 0.00589936 0.00759679 0.0101249 0.0129792 0.0158187 0.0183156 0.0201645 0.0211397 0.0211446 0.0202307 0.0185774 0.0164419 0.0140961 0.0117729 0.00963353 0.00776237 0.00618041 0.0048689 0.00379181
 1.01085e-16 3.10156e-05 0.000182028 0.000865263 0.00333128 0.0103883 0.02624 0.0536911 0.089001 0.119532 0.130092 0.11479 0.0822576 0.0481816 0.0237107 0.0110011 0.00669734 0.00683219 0.00895687 0.0119549 0.0152992 0.0185981 0.0214621 0.0235292 0.0245357 0.0243767 0.0231278 0.0210188 0.0183717 0.0155229 0.0127564 0.0102641 0.0081393 0.00639472 0.00499262 0.00387442
 1.01072e-16 3.25367e-05 0.000190962 0.000907742 0.00349485 0.0108984 0.0275284 0.056327 0.093369 0.125394 0.13646 0.120382 0.0862059 0.050375 0.0245685 0.0110272 0.006211 0.00594406 0.00765809 0.0102033 0.0130724 0.0159211 0.0184179 0.0202552 0.0212066 0.0211777 0.0202241 0.0185314 0.0163628 0.0139955 0.0116651 0.0095333 0.00768199 0.006128 0.00484762 0.00380015
 1.01209e-16 3.07816e-05 0.000180655 0.000858732 0.00330613 0.0103098 0.0260419 0.0532858 0.0883293 0.11863 0.12911 0.113925 0.0816395 0.0478231 0.0235412 0.0109345 0.00667417 0.00682418 0.00895574 0.0119621 0.0153211 0.0186443 0.0215445 0.0236606 0.0247284 0.0246397 0.0234651 0.0214276 0.0188423 0.0160392 0.0132976 0.0108076 0.00866336 0.00688059 0.00542649 0.00424812
 1.01527e-16 2.97439e-05 0.000174562 0.000829764 0.0031946 0.00996203 0.0251634 0.0514883 0.0853501 0.114631 0.124761 0.110097 0.0789165 0.0462692 0.0228535 0.0107459 0.00673835 0.00703519 0.00929345 0.0124418 0.0159663 0.0194752 0.0225722 0.0248848 0.0261363 0.0262076 0.0251594 0.0232083 0.0206647 0.0178567 0.015064 0.0124798 0.0102037 0.00825987 0.00662592 0.00526016
 1.01514e-16 3.1222e-05 0.000183242 0.00087104 0.00335353 0.0104577 0.0264153 0.0540495 0.0895944 0.120327 0.130951 0.115534 0.0827608 0.0484158 0.023714 0.010816 0.00633539 0.0062742 0.00817178 0.0109207 0.0140201 0.0171163 0.0198617 0.0219307 0.0230806 0.0232052 0.0223546 0.0207137 0.0185488 0.0161419 0.0137332 0.0114886 0.00949416 0.00777164 0.00630384 0.00505812
 1.01429e-16 3.07524e-05 0.000180484 0.000857922 0.00330302 0.0103001 0.0260174 0.0532355 0.0882458 0.118518 0.128986 0.113812 0.081551 0.0477564 0.0234808 0.0108606 0.00656803 0.00667013 0.00874182 0.011682 0.0149771 0.0182499 0.0211253 0.0232529 0.0243747 0.0243824 0.0233392 0.0214552 0.0190287 0.016373 0.0137535 0.0113511 0.00925589 0.00748509 0.00601089 0.00478779
 1.02929e-16 1.77952e-05 0.000104393 0.00049613 0.00190995 0.00595584 0.0150444 0.0307857 0.0510415 0.0685803 0.0747158 0.0661113 0.0477754 0.028792 0.0156748 0.00980605 0.00940857 0.0123151 0.0171407 0.0231304 0.0297093 0.0362374 0.041994 0.0462883 0.0486073 0.0487302 0.0467732 0.0431411 0.0384136 0.0332019 0.0280262 0.0232438 0.0190375 0.0154488 0.0124325 0.00990859
 1.0433e-16 2.56717e-05 0.000150658 0.000716133 0.0027571 0.00859772 0.0217172 0.0444369 0.0736614 0.0989321 0.107676 0.0950213 0.0681143 0.0399449 0.0197505 0.00933112 0.00593184 0.00629852 0.00844044 0.0114736 0.0150009 0.0187291 0.0223489 0.0255464 0.0280549 0.0297017 0.0304304 0.0302916 0.0294087 0.0279355 0.0260203 0.0237878 0.0213382 0.0187577 0.0161298 0.0135407
 1.02849e-16 2.99223e-05 0.000175612 0.000834765 0.00321387 0.0100221 0.0253151 0.0517985 0.0858634 0.115317 0.1255 0.11073 0.0793298 0.0464295 0.0227806 0.0104581 0.00622212 0.00624681 0.00817903 0.010961 0.0141144 0.0172992 0.0201795 0.0224388 0.0238397 0.0242742 0.0237827 0.0225321 0.0207636 0.018729 0.0166379 0.0146283 0.0127654 0.0110602 0.00949581 0.00805117
pSPR Fmed_Fpbrs
0.524358   0.6 0.325
Fs Fmed_Fpbrs
0.64   0.462052 1.60759
SSBpbr Bo_Bmed_Bpbrs
827410  392489  455076 227538
Ro
34891.6
SPR SPRFo_SPRFmed_SPRFpbrs
720658 377883 234214
log_Ro
10.28
likeval ReclasPelacesDesembMPH_pf_preclas_ppelaces_ptallas_desvR_qrecl_qpela
 65.7959 13.875 0.0111078 19.2541 330.108 209.578 55.5554 0 17.1493 3.25599e-07 7.3445e-05 2.62483e-14 0 0 0
q_reclas_q_pelaces
0.922324 3.38466
M
0.7
N
 35916.7 10430.6 3344.08 393.496 0.229151
 43113.9 16138.7 2544.17 582.29 66.7435
 20833.4 19550.2 4200.22 487.451 121.341
 28895.8 8824.89 3134.72 394.073 54.7086
 51038.9 13847.7 3402.81 1072.12 152.022
 36218.9 25183.2 6570.08 1579.95 567.394
 72541.1 16879.9 7964 1677.59 538.913
 71995 34554.6 6235.42 2556.89 703.62
 102507 33046.8 9807.42 1357.5 694.846
 114470 46727.7 8928.76 1985.66 405.926
 64333.8 53629.9 15340.4 2409.06 635.186
 45218.9 28753.5 12593.7 2525.77 487.112
 45937 20438 7312.08 2331.93 543.857
 26401.3 19514 3343.94 706.765 266.451
 15346.7 9500.7 981.373 56.7909 15.1413
 12300.1 5406.54 410.819 13.3403 0.890864
 8615.35 5341.73 1034.99 50.0512 1.67238
 11095.4 3841.2 1232.83 166.112 8.0645
 12772.4 5084.02 1076.67 263.495 36.4306
 18649.1 5957.01 1616.29 277.064 75.8849
 25926.7 8702.98 1901.72 418.481 89.8555
 34152.8 12512.1 3527.12 699.95 185.657
 52285.6 16397.7 4889.21 1230.22 306.079
 72784.5 24964.5 6159.12 1608.76 500.156
 30743 34775.6 9422.38 2041.12 691.601
 43639 14788.1 13770.6 3351.41 963.612
 62192.4 20994.5 5861.91 4905.47 1523.97
pred_Ctot
 2471.9 3973.8 1655.79 197.901 0.115342
 2707.25 5730.12 1185.42 275.774 31.6372
 2222.55 10137.8 2680.23 314.719 78.3915
 727.828 1439.33 716.888 92.0652 12.7958
 234.694 445.034 159.685 51.5605 7.32064
 1607.53 6749.27 2383.83 584.044 209.951
 2131.36 3162.46 2075.68 446.392 143.558
 3935.09 10992.2 2638.29 1100.75 303.189
 6077.69 11217.2 4393.72 618.427 316.827
 4670.23 11661.8 3035.99 688.211 140.833
 4653.34 21210.7 7842.08 1250.39 329.95
 2937.02 10479.8 6002.51 1223.34 236.131
 4818.98 10484 4626.47 1493.09 348.439
 5325.39 14193.8 2722.56 578.734 218.249
 3270.75 7064.1 810.379 47.1441 12.5728
 1118.4 2520.55 240.803 7.92352 0.529503
 636.904 2147.26 536.43 26.3339 0.880606
 619.533 1243.05 529.594 72.5933 3.52751
 560.436 1349.5 387.254 96.5632 13.364
 810.88 1569.15 577.304 100.836 27.6454
 526.122 1164.37 360.115 81.0128 17.4154
 815.658 1944.27 770.412 156.214 41.4822
 1451.17 2919.35 1214.61 312.096 77.7359
 1985.7 4376.43 1507.99 402.257 125.2
 694.101 5133.1 1959.86 433.878 147.183
 980.819 2173.79 2853 709.609 204.266
 2089.36 4428.78 1706.87 1457.42 453.256
F
 0.099984 0.71094 1.04798 1.0748 1.07624
 0.0908625 0.646081 0.952371 0.976742 0.978059
 0.158981 1.13044 1.66636 1.709 1.7113
 0.0355774 0.252975 0.372903 0.382446 0.382962
 0.00641214 0.0455938 0.0672085 0.0689283 0.0690213
 0.0634614 0.451245 0.665167 0.682189 0.683109
 0.0416107 0.295875 0.436141 0.447301 0.447905
 0.0786724 0.559403 0.824601 0.845702 0.846842
 0.0855978 0.608647 0.897189 0.920148 0.921389
 0.0582018 0.413846 0.610039 0.62565 0.626493
 0.105324 0.748909 1.10395 1.1322 1.13372
 0.0941186 0.669234 0.9865 1.01174 1.01311
 0.156141 1.11025 1.63658 1.67846 1.68073
 0.322048 2.28993 3.37553 3.46191 3.46658
 0.343289 2.44097 3.59817 3.69024 3.69522
 0.134056 0.953213 1.40511 1.44106 1.443
 0.107761 0.766237 1.12949 1.15839 1.15996
 0.0804309 0.571907 0.843032 0.864605 0.865771
 0.0627189 0.445966 0.657386 0.674208 0.675117
 0.0621345 0.44181 0.65126 0.667926 0.668826
 0.0285748 0.203183 0.299506 0.30717 0.307584
 0.0337059 0.239667 0.353287 0.362327 0.362816
 0.0392662 0.279204 0.411567 0.422099 0.422668
 0.038586 0.274367 0.404438 0.414787 0.415346
 0.0318378 0.226384 0.333707 0.342246 0.342708
 0.0316923 0.225349 0.332181 0.340681 0.341141
 0.0477056 0.339212 0.500024 0.512819 0.513511
Np
 24600.3 11702.9 10776.1 2351.76 725.612
YTP_r0W_actual
 15447.1 87296.4 49208.8 53683.9 18528.1
YTP_p0W_proyectada
 6110.13 122434 62342.6 19321.4 23004.1
 6110.13 48661.4 90461.7 25736.9 8821.84
CTP_r0_actual
 1883.79 4041.5 1567.16 1338.75 416.362
CTP_p0_proyectada
 745.138 5668.26 1985.43 481.83 516.947
 745.138 2252.84 2880.94 641.818 198.244
Wmedp
 8.2 21.6 31.4 40.1 44.5
nmprior
 10.8 10.6 4.6 0
nm_flota  nm_reclas  nm_pelaces    nm_pelaL
inf 22.711 17.1439 53.426
cv_recla  cv_pelaces  cv_mph
0.702474 0.408044 0.586364
 ------------------------------------------------
Talla a la edad & desviaci?n 
 7.2 14.2025 17.0495 18.207 18.6776
 1.08 2.13037 2.55742 2.73105 2.80164
