years
 1997 1998 1999 2000 2001 2002 2003 2004 2005 2006 2007 2008 2009 2010 2011 2012 2013 2014 2015 2016 2017 2018 2019 2020 2021 2022 2023
reclasobs
 0 0 0 370054 412103 1.49427e+06 250295 1.28982e+06 931140 785840 897777 1.04006e+06 184774 17550 25797 100020 73551 82996 120727 218422 84188 347160 605670 569463 516374 1.08416e+06 1.01767e+06
reclaspred
 668057 158277 344999 189933 309946 381489 817748 616710 735934 873368 810326 577188 330966 124307 77163 77454.9 80812.6 103241 120554 153208 237944 244423 419947 539442 730547 655458 477705
pelacesobs
 0 0 0 0 0 0 0 0 0 2.06254e+06 1.5e+06 0 1.87456e+06 323000 250000 174000 83755 137374 0 501740 490994 745055 786931 1.00524e+06 1.33801e+06 1.41789e+06 0
pelacespred
 2.33274e+06 513341 576078 555748 856322 690863 2.2225e+06 1.75312e+06 2.06367e+06 2.42932e+06 1.81556e+06 1.33957e+06 802402 252012 167866 164849 174107 237866 263568 333003 631826 581051 795228 1.21066e+06 1.51151e+06 1.4202e+06 961674
mphobs
 0 0 0 0 0 0 112323 0 153150 637223 0 255016 313432 73983 77613 109348 50772 17779 17303 59886 28197 0 207744 136588 643089 65757 70829
mphpred
 225758 114850 115929 84614.2 91482 160995 216730 303934 283763 341468 379066 263751 158187 119560 53024 44740 40366.9 49502.8 32081.5 34062.5 53428.5 71621.1 87574.8 130391 176351 160623 131492
desembarqueobs
 350755 77701 442110 56441 14545 235359 269955 359681 431902 328805 639364 411747 362871 311530 167758 66681 60226 58785 57116 73181 50977 67692 138656 160484 209506 203330 245020
desembarquepred
 350748 77687.3 441938 56442.1 14545.3 235449 270029 359506 431780 328735 638974 411557 362721 311423 167467 66661.7 60245.4 58756 57074.8 73160 50976.9 67666.9 138644 160480 209479 203285 244962
Reclutas
 31396.9 40589.7 14466.3 19758.6 40722.9 26066.3 64939.1 63372 91257.9 112103 64964.6 47939.1 47484.4 27663.3 14519 10871.6 7505.12 9713.73 10481.8 13967.6 20804 26501.6 40783.7 58366.1 22825 32348.4 32097.4
log_desv_Rt
 0.0744637 0.331269 -0.700423 -0.388657 0.334545 -0.111602 0.801205 0.776778 1.14144 1.34717 0.801597 0.497687 0.488156 -0.0521375 -0.696787 -0.986091 -1.35666 -1.0987 -1.02261 -0.735503 -0.337097 -0.09504 0.336037 0.694491 -0.244387 0.104318 0.0965298
SSB
 425206 216315 218348 159368 172303 303227 393886 563596 517812 627145 713956 496765 311465 156474 73856.3 61887.3 59436 68117 87462.1 99699.8 144172 187480 237431 333539 503119 476882 364396
BT
 1.38557e+06 339314 494669 292785 382837 453490 1.24526e+06 1.15966e+06 1.35101e+06 1.38202e+06 1.33239e+06 940378 711046 400571 215690 126494 125602 153924 157044 202601 317991 292722 424811 645001 744718 736177 597748
Ftot
 1.138 1.17042 2.28083 0.634535 0.115358 1.12626 0.801261 1.36153 1.46752 0.922344 1.54078 1.35911 2.24801 4.71362 4.89069 1.94367 1.65652 1.31886 1.00822 1.04709 0.495198 0.564203 0.664299 0.658754 0.52925 0.548272 0.951356
BD_Bspro_t
 0.900975 0.606785 0.499213 0.271398 0.403008 0.596224 0.516186 0.566745 0.506322 0.507068 0.503474 0.348455 0.252932 0.161075 0.0938048 0.0963444 0.12661 0.192117 0.282646 0.364313 0.483283 0.612982 0.628125 0.636237 0.664332 0.584438 0.513928
BD_Bspro
 0.706387 0.35936 0.362738 0.264755 0.286244 0.503746 0.654356 0.936292 0.860233 1.04187 1.18608 0.825268 0.517431 0.259948 0.122696 0.102812 0.09874 0.113162 0.145299 0.16563 0.239511 0.311458 0.394441 0.554103 0.835824 0.792236 0.605364
BD_Bo
 0.705658 0.358989 0.362364 0.264481 0.285948 0.503226 0.653681 0.935326 0.859345 1.04079 1.18486 0.824416 0.516897 0.25968 0.12257 0.102706 0.0986381 0.113045 0.145149 0.165459 0.239263 0.311137 0.394034 0.553531 0.834961 0.791419 0.60474
BD_Brms
 1.28301 0.652708 0.658844 0.480875 0.519906 0.914957 1.18851 1.70059 1.56245 1.89235 2.15429 1.49894 0.939813 0.472146 0.222854 0.186739 0.179342 0.205536 0.263908 0.300834 0.435024 0.565703 0.716425 1.00642 1.51811 1.43894 1.09953
S_f
 0.0748128 0.605738 0.966878 0.9982 0.999905
 0.0748128 0.605738 0.966878 0.9982 0.999905
 0.0748128 0.605738 0.966878 0.9982 0.999905
 0.0748128 0.605738 0.966878 0.9982 0.999905
 0.0748128 0.605738 0.966878 0.9982 0.999905
 0.0748128 0.605738 0.966878 0.9982 0.999905
 0.0748128 0.605738 0.966878 0.9982 0.999905
 0.0748128 0.605738 0.966878 0.9982 0.999905
 0.0748128 0.605738 0.966878 0.9982 0.999905
 0.0748128 0.605738 0.966878 0.9982 0.999905
 0.0748128 0.605738 0.966878 0.9982 0.999905
 0.0748128 0.605738 0.966878 0.9982 0.999905
 0.0748128 0.605738 0.966878 0.9982 0.999905
 0.0748128 0.605738 0.966878 0.9982 0.999905
 0.0748128 0.605738 0.966878 0.9982 0.999905
 0.0748128 0.605738 0.966878 0.9982 0.999905
 0.0748128 0.605738 0.966878 0.9982 0.999905
 0.0748128 0.605738 0.966878 0.9982 0.999905
 0.0748128 0.605738 0.966878 0.9982 0.999905
 0.0748128 0.605738 0.966878 0.9982 0.999905
 0.0748128 0.605738 0.966878 0.9982 0.999905
 0.0748128 0.605738 0.966878 0.9982 0.999905
 0.0748128 0.605738 0.966878 0.9982 0.999905
 0.0748128 0.605738 0.966878 0.9982 0.999905
 0.0748128 0.605738 0.966878 0.9982 0.999905
 0.0748128 0.605738 0.966878 0.9982 0.999905
 0.0748128 0.605738 0.966878 0.9982 0.999905
Scru_reclas
 0.361753 0.740425 0.934876 0.986347 0.997257
 0.361753 0.740425 0.934876 0.986347 0.997257
 0.361753 0.740425 0.934876 0.986347 0.997257
 0.361753 0.740425 0.934876 0.986347 0.997257
 0.361753 0.740425 0.934876 0.986347 0.997257
 0.361753 0.740425 0.934876 0.986347 0.997257
 0.361753 0.740425 0.934876 0.986347 0.997257
 0.361753 0.740425 0.934876 0.986347 0.997257
 0.361753 0.740425 0.934876 0.986347 0.997257
 0.361753 0.740425 0.934876 0.986347 0.997257
 0.361753 0.740425 0.934876 0.986347 0.997257
 0.361753 0.740425 0.934876 0.986347 0.997257
 0.361753 0.740425 0.934876 0.986347 0.997257
 0.361753 0.740425 0.934876 0.986347 0.997257
 0.361753 0.740425 0.934876 0.986347 0.997257
 0.361753 0.740425 0.934876 0.986347 0.997257
 0.361753 0.740425 0.934876 0.986347 0.997257
 0.361753 0.740425 0.934876 0.986347 0.997257
 0.361753 0.740425 0.934876 0.986347 0.997257
 0.361753 0.740425 0.934876 0.986347 0.997257
 0.361753 0.740425 0.934876 0.986347 0.997257
 0.361753 0.740425 0.934876 0.986347 0.997257
 0.361753 0.740425 0.934876 0.986347 0.997257
 0.361753 0.740425 0.934876 0.986347 0.997257
 0.361753 0.740425 0.934876 0.986347 0.997257
 0.361753 0.740425 0.934876 0.986347 0.997257
 0.361753 0.740425 0.934876 0.986347 0.997257
Scru_pelaces
 0.665865 1 1 1 1
 0.665865 1 1 1 1
 0.665865 1 1 1 1
 0.665865 1 1 1 1
 0.665865 1 1 1 1
 0.665865 1 1 1 1
 0.665865 1 1 1 1
 0.665865 1 1 1 1
 0.665865 1 1 1 1
 0.665865 1 1 1 1
 0.665865 1 1 1 1
 0.665865 1 1 1 1
 0.665865 1 1 1 1
 0.665865 1 1 1 1
 0.665865 1 1 1 1
 0.665865 1 1 1 1
 0.665865 1 1 1 1
 0.665865 1 1 1 1
 0.665865 1 1 1 1
 0.665865 1 1 1 1
 0.665865 1 1 1 1
 0.665865 1 1 1 1
 0.665865 1 1 1 1
 0.665865 1 1 1 1
 0.665865 1 1 1 1
 0.665865 1 1 1 1
 0.665865 1 1 1 1
pf_obs 
 0.256992 0.487395 0.22802 0.0275931 0
 0.321318 0.546541 0.124235 0.00734118 0.000564706
 0.182869 0.594174 0.210203 0.0122559 0.00049798
 0.330522 0.361315 0.267642 0.0388342 0.00168674
 0.649043 0.306663 0.0425973 0.00169635 0
 0.582887 0.30429 0.105238 0.00758474 0
 0.465427 0.430635 0.0974691 0.00646863 0
 0.296916 0.608066 0.0921331 0.00288517 0
 0.311714 0.524322 0.152257 0.0117073 0
 0.15457 0.633149 0.183074 0.0267441 0.00246327
 0.131901 0.49318 0.331252 0.0422183 0.00144891
 0.196976 0.569456 0.194076 0.0375587 0.00193317
 0.518974 0.381816 0.0799577 0.0180837 0.00116848
 0.0928022 0.601141 0.25162 0.0475244 0.00691264
 0.122501 0.610282 0.24278 0.0234846 0.000952079
 0.383417 0.481906 0.127806 0.00687128 0
 0.0376549 0.599619 0.316969 0.0457579 0
 0.0361596 0.667082 0.258105 0.0386534 0
 0.158088 0.579412 0.248529 0.0139706 0
 0.0477256 0.309471 0.559284 0.082774 0.000745712
 0.0406174 0.521527 0.379366 0.0568643 0.0016247
 0.151134 0.462217 0.34131 0.0453401 0
 0.294876 0.26143 0.354403 0.0886775 0.000613685
 0.281977 0.475581 0.204845 0.0348837 0.00271318
 0.0841818 0.532909 0.334909 0.0458182 0.00218182
 0.115287 0.27431 0.454777 0.147771 0.00785563
 0 0 0 0 0
pf_pred 
 0.234353 0.517925 0.2207 0.0270098 1.26107e-05
 0.254677 0.563681 0.147126 0.0309275 0.00358832
 0.107894 0.702269 0.164371 0.0208394 0.00462608
 0.224332 0.482553 0.267115 0.0227533 0.00324578
 0.274414 0.496975 0.170504 0.0531492 0.00495729
 0.129488 0.630467 0.186865 0.0399936 0.0131863
 0.31969 0.396615 0.239038 0.0351738 0.00948291
 0.220539 0.638414 0.102232 0.0329432 0.00587151
 0.288411 0.531466 0.163588 0.012179 0.00435645
 0.253535 0.606219 0.121622 0.0170082 0.0016154
 0.139106 0.649037 0.189288 0.0196978 0.00287081
 0.151948 0.550644 0.259981 0.0336605 0.00376531
 0.228925 0.531637 0.191821 0.0419302 0.00568662
 0.248085 0.639385 0.0970273 0.0126178 0.00288438
 0.287 0.668377 0.0433826 0.00109067 0.00014941
 0.274161 0.682512 0.0428783 0.000438264 1.06947e-05
 0.1878 0.666623 0.142001 0.00354137 3.44503e-05
 0.259895 0.536586 0.186053 0.0170636 0.000402174
 0.224769 0.607758 0.142156 0.0232578 0.00206034
 0.245159 0.545042 0.184119 0.0219631 0.00371683
 0.249187 0.555714 0.163355 0.0280321 0.00371228
 0.208481 0.55802 0.194317 0.0330178 0.00616425
 0.236226 0.509505 0.205676 0.040717 0.00787552
 0.236307 0.544633 0.171807 0.0385373 0.00871558
 0.0750604 0.651444 0.223803 0.0393353 0.0103576
 0.13481 0.324634 0.436243 0.0859864 0.0183263
 0.158593 0.499864 0.176064 0.134601 0.0308774
pobs_RECLAS
 0 0 0 0 0
 0 0 0 0 0
 0 0 0 0 0
 0 0 0 0 0
 0.835266 0.146461 0.0176864 0.000547809 3.91292e-05
 0.385257 0.428462 0.181853 0.0044286 0
 0.867414 0.0963971 0.0333333 0.00285562 0
 0.441836 0.489002 0.0689373 0.000224442 0
 0.779404 0.147425 0.0564933 0.0165055 0.000172143
 0.814271 0.122319 0.05973 0.00367925 0
 0.40263 0.566651 0.0304383 0.000280538 0
 0.475488 0.404961 0.113038 0.00651328 0
 0.955842 0.0263864 0.0167828 0.000988607 0
 0.975058 0.0227948 0.00214734 0 0
 0.738997 0.206755 0.0527124 0.00153531 0
 0.850938 0.134255 0.0134407 0.00136685 0
 0.542534 0.407297 0.0501686 0 0
 0.764087 0.199537 0.0359546 0.000420521 0
 0.470689 0.182191 0.310203 0.0369168 0
 0.84361 0.089868 0.0606195 0.00523954 0.000663233
 0.607945 0.314616 0.071237 0.00620181 0
 0.523733 0.453247 0.0230204 0 0
 0.530135 0.295979 0.169645 0.0042399 0
 0.562478 0.366248 0.0663022 0.0049721 0
 0.250443 0.683176 0.0655157 0.000865301 0
 0.195077 0.31981 0.436473 0.0351445 0.0134964
 0.565238 0.351407 0.0832357 0.000118908 0
ppred_RECLAS
 0.581409 0.30786 0.0984724 0.0122529 5.77256e-06
 0.603376 0.319308 0.0624168 0.0133371 0.00156141
 0.372109 0.530651 0.0841075 0.0107308 0.00240229
 0.561887 0.297888 0.12755 0.0110798 0.00159512
 0.616308 0.281101 0.0760797 0.0242301 0.00228104
 0.399559 0.466456 0.103862 0.0226027 0.00751981
 0.680287 0.206233 0.095304 0.0142886 0.00388756
 0.55699 0.380641 0.0450026 0.0147196 0.00264701
 0.649742 0.280547 0.0632156 0.00477305 0.00172255
 0.594234 0.344872 0.0526752 0.00750018 0.000718853
 0.42624 0.463506 0.0983545 0.0103737 0.00152533
 0.45504 0.389357 0.135749 0.0178405 0.00201355
 0.599952 0.306189 0.075078 0.0165208 0.00225963
 0.685858 0.289385 0.021416 0.0027159 0.000625034
 0.722893 0.268605 0.00827181 0.000202282 2.78936e-05
 0.630121 0.354114 0.0155999 0.000161013 3.96318e-06
 0.513045 0.42075 0.0645592 0.00163022 1.59987e-05
 0.61487 0.30057 0.0771996 0.00718914 0.000170963
 0.558766 0.364886 0.0646263 0.0107596 0.000961839
 0.591099 0.316636 0.0807869 0.00980413 0.00167424
 0.586509 0.32449 0.0742597 0.0130034 0.00173797
 0.532577 0.352521 0.0952751 0.0165144 0.00311164
 0.575962 0.30572 0.0953213 0.0192408 0.00375586
 0.573237 0.325231 0.0792648 0.018129 0.00413782
 0.259457 0.557773 0.148959 0.0267116 0.00709862
 0.421949 0.251464 0.262458 0.0527764 0.0113522
 0.462082 0.352915 0.0944659 0.0735183 0.0170188
pobs_PELACES
 0 0 0 0 0
 0 0 0 0 0
 0 0 0 0 0
 0 0 0 0 0
 0 0 0 0 0
 0 0 0 0 0
 0 0 0 0 0
 0 0 0 0 0
 0 0 0 0 0
 0 0 0 0 0
 0.450072 0.473896 0.0757376 0.000293798 0
 0 0 0 0 0
 0.463077 0.371075 0.160297 0.00555027 0
 0.529543 0.364841 0.0842815 0.0213345 0
 0.631943 0.363953 0.00410389 0 0
 0.735681 0.248677 0.0153453 0.000297389 0
 0.695825 0.281241 0.0229344 0 0
 0.275771 0.60734 0.115278 0.00161068 0
 0 0 0 0 0
 0.896147 0.0623911 0.0374545 0.00400742 0
 0.803859 0.145111 0.0509908 3.86294e-05 0
 0.739449 0.233085 0.0266225 0.000797448 4.60066e-05
 0.878498 0.100942 0.0204185 0.000141795 0
 0.694673 0.275183 0.0284847 0.00165964 0
 0.469039 0.446079 0.0841089 0.000773354 0
 0.822795 0.102175 0.0682046 0.00682512 0
 0 0 0 0 0
ppred_PELACES
 0.715867 0.227854 0.0504017 0.00587469 2.73564e-06
 0.730775 0.231149 0.0311267 0.00622821 0.000720701
 0.562281 0.394537 0.037739 0.0044573 0.000985673
 0.681321 0.237147 0.0745645 0.00609898 0.000868132
 0.704145 0.230937 0.0488266 0.0147214 0.00137063
 0.543182 0.381963 0.0588983 0.0120081 0.00394883
 0.787953 0.152315 0.0506701 0.00714097 0.00192075
 0.695515 0.274739 0.0218725 0.00668607 0.00118828
 0.778087 0.190622 0.0285604 0.00201313 0.000717978
 0.710578 0.257439 0.0279005 0.00372959 0.000353368
 0.586881 0.357484 0.0500007 0.00491955 0.000714822
 0.614681 0.304143 0.0714248 0.00877287 0.000978561
 0.769965 0.194463 0.0288892 0.00588692 0.000795363
 0.876636 0.118835 0.00397162 0.000454682 0.000103221
 0.894978 0.103576 0.00141041 3.10793e-05 4.22714e-06
 0.768323 0.225379 0.00623759 5.98075e-05 1.45441e-06
 0.66839 0.300883 0.0300139 0.000706153 6.84784e-06
 0.747063 0.212673 0.0369698 0.00321894 7.5655e-05
 0.684928 0.275043 0.0342134 0.00534298 0.000472133
 0.717728 0.234818 0.0418836 0.0047658 0.000804474
 0.690751 0.257106 0.0439301 0.0072538 0.000958635
 0.647217 0.284752 0.0569884 0.00930812 0.00173409
 0.692664 0.240133 0.054785 0.0104097 0.00200901
 0.687486 0.255 0.0455052 0.00979764 0.00221096
 0.359178 0.516387 0.102546 0.0173341 0.00455479
 0.563217 0.223727 0.173242 0.0328318 0.0069827
 0.608003 0.288411 0.0545889 0.0398729 0.00912437
pobs_pel_tallas
 0 0 0 0 0 0 0 0 0 0 0 0 0 0 0 0 0 0 0 0 0 0 0 0 0 0 0 0 0 0 0 0 0 0 0 0
 0 0 0 0 0 0 0 0 0 0 0 0 0 0 0 0 0 0 0 0 0 0 0 0 0 0 0 0 0 0 0 0 0 0 0 0
 0 0 0 0 0 0 0 0 0 0 0 0 0 0 0 0 0 0 0 0 0 0 0 0 0 0 0 0 0 0 0 0 0 0 0 0
 0 0 0 0 0 0 0 0 0 0 0 0 0 0 0 0 0 0 0 0 0 0 0 0 0 0 0 0 0 0 0 0 0 0 0 0
 0 0 0 0 0 0 0 0 0 0 0 0 0 0 0 0 0 0 0 0 0 0 0 0 0 0 0 0 0 0 0 0 0 0 0 0
 0 0 0 0 0 0 0 0 0 0 0 0 0 0 0 0 0 0 0 0 0 0 0 0 0 0 0 0 0 0 0 0 0 0 0 0
 0 0 0 0 0 0 0 0 0 0 0 0 0 0 0 0 0 0 0 0 0 0 0 0 0 0 0 0 0 0 0 0 0 0 0 0
 0 0 0 0 0 0 0 0 0 0 0 0 0 0 0 0 0 0 0 0 0 0 0 0 0 0 0 0 0 0 0 0 0 0 0 0
 0 0 0 0 0 0 0 0 0 0 0 0 0 0 0 0 0 0 0 0 0 0 0 0 0 0 0 0 0 0 0 0 0 0 0 0
 0 0 0 0 0 0 0 0 0 0 0 0 0 0 0 0 0 0 0 0 0 0 0 0 0 0 0 0 0 0 0 0 0 0 0 0
 0 0 0 0 0 0 0 0 1.78061e-05 0.00172719 0.00360574 0.0105946 0.0120993 0.0124554 0.0147524 0.0171206 0.0266825 0.0428682 0.0675386 0.121331 0.153587 0.119568 0.100827 0.0573624 0.0630603 0.0341343 0.0324427 0.0444173 0.0211091 0.0280891 0.0125444 0.00206551 0 0 0 0
 0 0 0 0 0 0 0 0 0 0 0 0 0 0 0 0 0 0 0 0 0 0 0 0 0 0 0 0 0 0 0 0 0 0 0 0
 0 0 0 0 0 0 0.0133647 0.0140871 0.0187388 0.0205184 0.03894 0.0496705 0.03968 0.0493445 0.0407372 0.0367815 0.0215668 0.0243155 0.0234873 0.0199281 0.019796 0.0243948 0.0301388 0.0376714 0.0412746 0.0863199 0.0771752 0.113111 0.0741005 0.0525337 0.0229764 0.00759418 0.00175318 0 0 0
 0 0 0 0 0 0 0 0 0 0 0.00219441 0.00772107 0.0458388 0.0604681 0.0671733 0.0775358 0.0609151 0.0617685 0.073594 0.0568108 0.0755445 0.0548602 0.0670107 0.0636378 0.0643287 0.046367 0.0373049 0.0286899 0.0247887 0.0153202 0.00654259 0.00121912 0.000365735 0 0 0
 0 0 0 0 0 0 0 0 0 0 0 0 0.000112435 0.00938835 0.0111873 0.0202946 0.0414886 0.0713402 0.111592 0.104902 0.108894 0.110636 0.117776 0.105296 0.107544 0.0401394 0.0192827 0.0124803 0.00416011 0.0028671 0.000618394 0 0 0 0 0
 0 0 0 0 0 0 0 0 0 0 0.00291406 0.0102884 0.027416 0.0768956 0.0749926 0.110853 0.0956884 0.0897413 0.0766577 0.0534642 0.0500743 0.0551293 0.0594112 0.0620874 0.0668451 0.0424026 0.0208742 0.0120726 0.0048766 0.00582813 0.00118941 0.000297354 0 0 0 0
 0 0.00264628 0.0354308 0.0461629 0.0458689 0.0383711 0.0214643 0.0164657 0.0346957 0.0420465 0.0363128 0.0245516 0.0311673 0.0291091 0.0169068 0.0133784 0.00837989 0.0085269 0.0148486 0.0160247 0.0276389 0.0546898 0.0760071 0.122758 0.109233 0.0665981 0.0333725 0.0166128 0.00676272 0.00308733 0.000882094 0 0 0 0 0
 0 0 0 0 0 0 0 0.000805153 0.000690131 0.00759144 0.0133425 0.0154129 0.00931677 0.000345066 0.00356568 0.00563607 0.00851162 0.0253048 0.0502646 0.0516448 0.0657925 0.0565908 0.0611916 0.0827007 0.0866115 0.110766 0.145733 0.0935128 0.0569358 0.0249597 0.0138026 0.00621118 0.00161031 0.00115022 0 0
 0 0 0 0 0 0 0 0 0 0 0 0 0 0 0 0 0 0 0 0 0 0 0 0 0 0 0 0 0 0 0 0 0 0 0 0
 0.00147267 0.00158595 0.00478618 0.00569244 0.00954404 0.0108468 0.00647125 0.017049 0.0510054 0.094081 0.124002 0.0959785 0.0687766 0.0820023 0.061753 0.0591476 0.0492212 0.0479892 0.0443925 0.0268479 0.0217502 0.0140895 0.0121071 0.0120363 0.00920419 0.00665534 0.0049561 0.00860946 0.00930331 0.0156896 0.0114698 0.00855282 0.00243557 0.00046729 0 2.83206e-05
 0 0 0 0 0.000772559 0.00158375 0.000888443 0.00281984 0.00712685 0.0440552 0.0773331 0.111326 0.0921469 0.0852325 0.0710754 0.0886704 0.0786465 0.0553345 0.0373146 0.0185414 0.00753245 0.00457741 0.012979 0.0271748 0.0457355 0.0583668 0.034881 0.0177882 0.00938659 0.00492506 0.0015258 0.00185414 0.000309023 5.79419e-05 3.86279e-05 0
 0 0.00173294 0.00326652 0 0.00397197 0.00683976 0.00946217 0.0152591 0.00757587 0.0136028 0.0228656 0.0392903 0.0559909 0.0764795 0.0681675 0.0726916 0.0566044 0.0477403 0.0527397 0.0444891 0.0609904 0.0582453 0.0661739 0.0445044 0.0529084 0.0360697 0.0280645 0.0235558 0.0158879 0.00826598 0.00280645 0.00217768 0.000904811 0.00058276 9.20147e-05 0
 0 0 0 0 0 0 0 0 0 0 0 0 0 0 0 0 0 0 0 0 0 0 0 0 0 0 0 0 0 0 0 0 0 0 0 0
 0 0 0 0 0 0 0 0 0 0 0 0 0 0 0 0 0 0 0 0 0 0 0 0 0 0 0 0 0 0 0 0 0 0 0 0
 0 0 0 0 0 0 0 0 0 0 0 0 0 0 0 0 0 0 0 0 0 0 0 0 0 0 0 0 0 0 0 0 0 0 0 0
 0 0 0 0 0 0 0 0 0 0 0 0 0 0 0 0 0 0 0 0 0 0 0 0 0 0 0 0 0 0 0 0 0 0 0 0
 0 0 0 0 0 0 0 0 0 0 0 0 0 0 0 0 0 0 0 0 0 0 0 0 0 0 0 0 0 0 0 0 0 0 0 0
ppred_pel_tallas
 1.00992e-16 3.12371e-05 0.00018333 0.00087145 0.00335511 0.0104626 0.0264277 0.054075 0.0896372 0.120386 0.131019 0.115603 0.0828291 0.0484942 0.0238236 0.0109851 0.00659611 0.00665901 0.0087087 0.0116259 0.0148897 0.0181189 0.020936 0.0229887 0.0240186 0.023919 0.0227569 0.0207482 0.0181993 0.0154325 0.0127222 0.0102574 0.00813388 0.00637133 0.00494102 0.00379313
 1.00765e-16 3.18873e-05 0.000187146 0.000889596 0.00342497 0.0106804 0.026978 0.055201 0.0915036 0.122892 0.133745 0.118007 0.0845464 0.0494896 0.0242934 0.011168 0.0066568 0.006675 0.00870167 0.0115901 0.0148055 0.0179577 0.0206633 0.0225681 0.0234178 0.023116 0.0217463 0.0195452 0.01684 0.0139709 0.0112233 0.008789 0.00675799 0.00513707 0.00388034 0.0029196
 1.00864e-16 2.45468e-05 0.000144036 0.000684611 0.00263567 0.00821899 0.0207608 0.0424815 0.0704256 0.0946034 0.10301 0.0910109 0.065473 0.0388646 0.0200828 0.0109234 0.00881947 0.0106907 0.0145972 0.0195627 0.0249732 0.0302309 0.0346926 0.0377576 0.0389977 0.0382591 0.035699 0.0317385 0.0269541 0.0219419 0.0172007 0.0130625 0.00967856 0.00705166 0.00508939 0.0036586
 1.01386e-16 2.97312e-05 0.000174487 0.000829412 0.00319324 0.0099578 0.0251527 0.0514664 0.0853138 0.114582 0.124707 0.110047 0.0788777 0.0462397 0.0228266 0.010713 0.00669212 0.00697001 0.00920641 0.0123337 0.015843 0.019348 0.0224578 0.0248028 0.0261056 0.0262417 0.025263 0.0233744 0.020875 0.0180844 0.0152789 0.0126535 0.0103148 0.00829707 0.00658884 0.0051582
 1.01339e-16 3.07261e-05 0.000180329 0.000857185 0.00330018 0.0102913 0.025995 0.0531899 0.0881701 0.118416 0.128877 0.113717 0.081487 0.0477268 0.0234808 0.010885 0.00661555 0.00674346 0.00884523 0.0118187 0.0151469 0.0184477 0.0213406 0.0234704 0.0245758 0.0245485 0.0234545 0.0215091 0.0190176 0.0163001 0.0136278 0.0111852 0.00906422 0.00728157 0.00580777 0.00459471
 1.01558e-16 2.37135e-05 0.000139145 0.000661361 0.00254615 0.00793984 0.0200557 0.0410387 0.0680339 0.0913909 0.0995129 0.0879237 0.0632574 0.0375605 0.0194299 0.0106039 0.00860715 0.0104697 0.0143241 0.0192343 0.024614 0.0298901 0.0344428 0.0376884 0.0392038 0.0388252 0.0366834 0.0331603 0.0287875 0.0241185 0.0196187 0.015601 0.0122145 0.00947371 0.00730914 0.0056161
 1.01105e-16 3.43774e-05 0.000201772 0.000959146 0.00369278 0.0115156 0.0290875 0.0595166 0.0986545 0.132488 0.144166 0.127148 0.0909794 0.0530216 0.0255928 0.0110362 0.00558678 0.00481653 0.00601287 0.00798739 0.0102595 0.0125458 0.0145895 0.0161523 0.017055 0.0172152 0.0166625 0.0155237 0.0139853 0.0122471 0.0104818 0.00881133 0.00730285 0.0059792 0.00483578 0.00385639
 1.00686e-16 3.03515e-05 0.000178126 0.000846703 0.00325981 0.0101654 0.025677 0.0525395 0.0870934 0.116974 0.127317 0.112365 0.0805706 0.0472953 0.0234634 0.0112016 0.00724191 0.00771047 0.0102056 0.0136097 0.0173603 0.0210094 0.024104 0.026226 0.0270789 0.0265576 0.0247735 0.0220216 0.0187041 0.0152361 0.0119633 0.00911434 0.00679133 0.0049926 0.00365076 0.00267093
 1.00571e-16 3.39487e-05 0.000199252 0.000947156 0.0036466 0.0113716 0.0287238 0.0587727 0.0974226 0.130837 0.142378 0.125592 0.0899116 0.0524908 0.025507 0.0112887 0.00613146 0.00566896 0.00721623 0.00957526 0.0122271 0.0148317 0.0170687 0.0186451 0.0193497 0.019102 0.0179699 0.0161475 0.0139043 0.0115213 0.00923531 0.00720609 0.0055102 0.00415545 0.00310581 0.00230616
 1.00625e-16 3.10076e-05 0.00018198 0.000865027 0.00333037 0.0103854 0.0262328 0.0536765 0.0889775 0.119503 0.130064 0.114777 0.0822717 0.0482376 0.0238267 0.0112018 0.00701507 0.00730281 0.00961232 0.0128129 0.0163523 0.019805 0.0227451 0.0247791 0.0256262 0.0251839 0.023552 0.021002 0.0179067 0.0146525 0.0115631 0.00885468 0.0066269 0.00488362 0.00356749 0.00259488
 1.01029e-16 2.5618e-05 0.000150328 0.000714533 0.00275089 0.0085783 0.0216684 0.0443381 0.0735019 0.0987311 0.107492 0.094941 0.0682355 0.0403746 0.020625 0.0108388 0.00831544 0.00982691 0.0133516 0.0178975 0.0228778 0.0277452 0.0319161 0.0348437 0.0361337 0.0356373 0.0334839 0.0300406 0.0258155 0.0213374 0.0170515 0.0132572 0.0100969 0.00758304 0.00564532 0.00417763
 1.01461e-16 2.68281e-05 0.000157437 0.000748341 0.00288108 0.0089843 0.0226938 0.0464359 0.0769775 0.103394 0.112552 0.0993723 0.0713377 0.0420442 0.021173 0.0106356 0.0075773 0.00860165 0.0115973 0.0155621 0.0199533 0.0242988 0.0281017 0.0308925 0.0323247 0.0322532 0.0307635 0.0281393 0.0247846 0.0211254 0.0175248 0.0142333 0.0113795 0.00899161 0.00703486 0.00544709
 1.00713e-16 3.35947e-05 0.000197174 0.000937274 0.00360855 0.0112529 0.0284241 0.0581595 0.0964063 0.129472 0.140895 0.124287 0.088985 0.0519652 0.0252802 0.0112373 0.00617327 0.00576981 0.00737058 0.00978837 0.0125052 0.0151772 0.0174791 0.0191122 0.0198613 0.0196438 0.0185274 0.0167083 0.0144589 0.0120628 0.00975865 0.00770682 0.00598367 0.00459647 0.00350895 0.00266652
 1.00116e-16 3.82429e-05 0.00022447 0.00106706 0.00410829 0.0128114 0.0323604 0.0662129 0.109753 0.147387 0.160364 0.141401 0.101108 0.0587802 0.0281017 0.0116509 0.0052097 0.00382658 0.00447123 0.00582971 0.00740148 0.00893103 0.0102106 0.0110583 0.0113478 0.0110374 0.0101806 0.00891157 0.00741093 0.00586426 0.00442563 0.00319597 0.00221897 0.00149087 0.000977519 0.000631726
 1.00056e-16 3.90421e-05 0.000229163 0.00108937 0.00419421 0.0130793 0.0330372 0.0675976 0.112047 0.150466 0.163711 0.144342 0.103188 0.0599449 0.0285742 0.0117011 0.0050112 0.00344398 0.00390532 0.005061 0.00641613 0.00773391 0.00883057 0.00954749 0.00977524 0.00947882 0.00870674 0.00757785 0.00625177 0.00489201 0.003634 0.00256613 0.00172598 0.00110907 0.000683841 0.000407133
 1.00165e-16 3.35242e-05 0.000196757 0.000935289 0.0036009 0.0112291 0.0283638 0.0580365 0.0962031 0.129202 0.140607 0.124049 0.0888491 0.0519548 0.0254032 0.0115072 0.00662104 0.00643904 0.008304 0.0110104 0.0140052 0.0168969 0.0193085 0.0208975 0.0214251 0.0208133 0.0191649 0.0167359 0.0138709 0.0109234 0.00818694 0.00585371 0.00400658 0.00263779 0.00168133 0.00104614
 1.00549e-16 2.91698e-05 0.000171186 0.000813705 0.00313274 0.00976912 0.0246762 0.0504919 0.0837002 0.11242 0.122369 0.10802 0.0775007 0.0455859 0.0227876 0.0111659 0.00759645 0.00836759 0.0111717 0.0149191 0.0190348 0.0230373 0.0264309 0.0287561 0.0296859 0.0291027 0.0271267 0.0240796 0.0204025 0.0165519 0.0129105 0.00973353 0.00713865 0.00512929 0.0036356 0.00255572
 1.00709e-16 3.25968e-05 0.000191313 0.00090941 0.00350126 0.0109184 0.0275789 0.0564305 0.093541 0.125626 0.136715 0.120614 0.0863861 0.0505092 0.0246872 0.0111699 0.00641419 0.00623805 0.00806535 0.010735 0.013723 0.0166633 0.0192012 0.021009 0.0218496 0.0216297 0.0204207 0.0184344 0.0159669 0.013328 0.0107795 0.00849941 0.00657495 0.00501821 0.00379355 0.00284435
 1.00781e-16 2.98899e-05 0.000175416 0.00083382 0.0032102 0.0100107 0.0252863 0.0517401 0.0857683 0.115195 0.125382 0.110661 0.0793558 0.046597 0.0231449 0.0110968 0.00723817 0.00775736 0.0102918 0.0137416 0.017551 0.0212743 0.0244581 0.0266818 0.0276437 0.0272315 0.0255475 0.0228772 0.0196141 0.0161668 0.0128783 0.00997815 0.0075739 0.00567221 0.00421573 0.00311974
 1.00873e-16 3.13186e-05 0.000183807 0.000873719 0.00336384 0.0104898 0.0264965 0.0542158 0.0898708 0.1207 0.131362 0.115909 0.0830546 0.0486391 0.0239184 0.0110679 0.00669754 0.00679938 0.00889981 0.0118716 0.0151844 0.0184457 0.0212666 0.0232855 0.0242402 0.0240268 0.0227228 0.02056 0.0178633 0.0149722 0.012174 0.00966391 0.00753745 0.00580829 0.00443808 0.003366
 1.01002e-16 3.01431e-05 0.000176904 0.000840898 0.00323746 0.0100957 0.025501 0.0521792 0.0864958 0.11617 0.126439 0.111583 0.079994 0.0469252 0.0232218 0.0109914 0.00698505 0.00735524 0.00972205 0.0129881 0.0166148 0.0201827 0.0232679 0.0254755 0.0265189 0.0262855 0.0248606 0.0224987 0.0195555 0.0164025 0.0133533 0.0106203 0.00830667 0.00642569 0.00493416 0.00376477
 1.01303e-16 2.8246e-05 0.000165764 0.000787929 0.00303351 0.00945966 0.0238945 0.0488924 0.0810486 0.108858 0.118492 0.104596 0.0750411 0.0441337 0.0220524 0.0107929 0.00733182 0.00807971 0.01081 0.0144794 0.0185457 0.0225586 0.0260515 0.0285862 0.0298424 0.0296898 0.0282157 0.0256937 0.0225091 0.0190661 0.0157072 0.0126659 0.0100582 0.00790379 0.00616201 0.00476647
 1.01308e-16 3.02259e-05 0.000177391 0.000843217 0.0032464 0.0101236 0.0255714 0.0523231 0.0867338 0.116488 0.126782 0.111876 0.0801845 0.0469975 0.0231847 0.0108531 0.00673938 0.00698297 0.00920068 0.0123034 0.0157712 0.0192105 0.0222257 0.0244465 0.0255999 0.0255716 0.0244287 0.0223942 0.0197852 0.0169353 0.0141284 0.0115588 0.00932526 0.00744816 0.00589918 0.0046297
 1.0117e-16 3.00007e-05 0.000176068 0.000836923 0.00322216 0.010048 0.0253805 0.0519325 0.0860868 0.115621 0.125841 0.111055 0.079615 0.0467019 0.0231096 0.0109356 0.00694677 0.00731415 0.00967011 0.012924 0.0165418 0.0201084 0.0232042 0.0254376 0.0265238 0.0263493 0.0249959 0.0227124 0.0198471 0.0167642 0.013771 0.0110752 0.00877785 0.00689266 0.00537871 0.00417243
 1.02433e-16 1.56956e-05 9.20604e-05 0.000437487 0.00168414 0.00525164 0.0132657 0.0271469 0.0450121 0.0604899 0.0659301 0.058405 0.0423534 0.0258181 0.0145866 0.00992997 0.0103316 0.0139144 0.0194554 0.0262348 0.0336313 0.0409134 0.0472509 0.0518522 0.0541369 0.053869 0.0512071 0.0466471 0.0408873 0.0346598 0.0285846 0.0230837 0.0183663 0.0144668 0.0113109 0.0087777
 1.03987e-16 2.4581e-05 0.000144252 0.00068567 0.0026398 0.00823191 0.0207933 0.0425466 0.0705291 0.0947287 0.10311 0.0910139 0.0652893 0.0383841 0.0191572 0.00934914 0.00633944 0.00702455 0.00949978 0.0129036 0.0168218 0.0209215 0.0248449 0.0282315 0.0307808 0.0323074 0.0327667 0.0322426 0.0309054 0.0289594 0.0265976 0.0239776 0.0212186 0.0184128 0.01564 0.0129762
 1.02666e-16 2.65362e-05 0.000155725 0.000740205 0.00284976 0.00888663 0.0224471 0.0459309 0.0761402 0.102268 0.111324 0.0982811 0.0705397 0.0415446 0.0208673 0.010394 0.00729656 0.0082136 0.0110593 0.0148515 0.0190697 0.0232704 0.026989 0.0297871 0.0313413 0.0315158 0.0303881 0.0282178 0.0253714 0.0222304 0.0191131 0.0162304 0.0136809 0.0114757 0.00957578 0.00792705
pSPR Fmed_Fpbrs
0.540086   0.6 0.325
Fs Fmed_Fpbrs
0.64   0.491486 1.77693
SSBpbr Bo_Bmed_Bpbrs
602566  295309  331411 165706
Ro
29143.9
SPR SPRFo_SPRFmed_SPRFpbrs
601944 325102 195632
log_Ro
10.1
likeval ReclasPelacesDesembMPH_pf_preclas_ppelaces_ptallas_desvR_qrecl_qpela
 70.3646 12.1459 0.029819 17.3127 332.85 208.755 56.6141 0 18.4246 9.44852e-06 0.000132263 1.82152e-13 0 0 0
q_reclas_q_pelaces
1.54585 5.13554
M
0.7
N
 31396.9 10987.2 3418.37 410.401 0.191418
 40589.7 14318.8 2738.48 564.878 65.4735
 14466.3 18466.4 3499.44 438.562 97.2958
 19758.6 6056.83 2303.36 191.536 27.2879
 40722.9 9356.92 2047.92 619.31 57.6702
 26066.3 20048.6 4332.91 909.635 299.608
 64939.1 11898.2 5032.63 724.182 195.009
 63372 30371.5 3636.53 1151.68 205.077
 91257.9 28422 6611.26 484.129 173.023
 112103 40605.4 5802.17 794.425 75.3678
 64964.6 51956.9 11532.9 1181.09 171.99
 47939.1 28748.1 10146.3 1291.05 144.287
 47484.4 21504.3 6267.08 1353.94 183.509
 27663.3 19929.9 2736.15 354.078 80.92
 14519 9654.93 569.5 14.2508 1.95173
 10871.6 5000.67 247.831 2.49943 0.0609489
 7505.12 4668.05 765.072 18.7924 0.182665
 9713.73 3292.53 849.868 76.5787 1.8032
 10481.8 4370.48 735.484 117.908 10.4338
 13967.6 4826.93 1178.4 137.786 23.293
 20804 6413.51 1271.19 212.62 28.1187
 26501.6 9955.25 2359.49 391.079 72.9158
 40783.7 12616.4 3512.54 679.044 131.175
 58366.1 19270.7 4189.6 917.636 207.269
 22825 27590 6420.85 1100.4 289.362
 32348.4 10894.6 9942.97 1911.39 406.831
 32097.4 15418.1 3881.24 2905.93 665.878
pred_Ctot
 1851.88 4092.7 1743.99 213.435 0.0996508
 2459.71 5444.1 1420.96 298.702 34.6565
 1648.16 10727.7 2510.89 318.337 70.6667
 660.601 1420.99 786.586 67.0025 9.55799
 251.787 455.995 156.445 48.7666 4.54852
 1522.18 7411.39 2196.67 470.141 155.01
 2726.7 3382.8 2038.8 300.003 80.8814
 4439.69 12852 2058.05 663.184 118.2
 6867.34 12654.7 3895.2 289.993 103.731
 5396.94 12904.4 2588.93 362.049 34.3865
 5120.59 23891.5 6967.8 725.088 105.676
 3352.78 12150.1 5736.55 742.727 83.0826
 5337.72 12395.9 4472.58 977.663 132.592
 6032.89 15548.5 2359.49 306.838 70.1419
 3267.35 7609.14 493.889 12.4167 1.70096
 1067.02 2656.29 166.88 1.70569 0.041623
 633.624 2249.15 479.102 11.9484 0.116233
 660.106 1362.87 472.554 43.3398 1.02148
 550.06 1487.32 347.887 56.9172 5.04212
 760.283 1690.28 570.986 68.1115 11.5266
 545.307 1216.09 357.476 61.3439 8.12375
 789.655 2113.59 736.009 125.06 23.3481
 1426.11 3075.91 1241.68 245.811 47.545
 2024.26 4665.45 1471.74 330.12 74.6598
 638.705 5543.28 1904.39 334.712 88.1351
 937.141 2256.72 3032.58 597.742 127.397
 1592.35 5018.87 1767.76 1351.46 310.024
F
 0.0851371 0.689331 1.10031 1.13595 1.13789
 0.0875625 0.708969 1.13165 1.16832 1.17031
 0.170635 1.38158 2.20528 2.27672 2.28061
 0.0474713 0.384362 0.613518 0.633393 0.634475
 0.00863022 0.0698765 0.111537 0.11515 0.115347
 0.0842584 0.682217 1.08895 1.12423 1.12615
 0.0599445 0.485354 0.774721 0.799819 0.801185
 0.10186 0.824731 1.31643 1.35908 1.3614
 0.109789 0.888931 1.41891 1.46488 1.46738
 0.0690031 0.558699 0.891794 0.920684 0.922257
 0.11527 0.933307 1.48974 1.538 1.54063
 0.101679 0.823262 1.31409 1.35666 1.35898
 0.16818 1.3617 2.17355 2.24396 2.24779
 0.352639 2.85522 4.55749 4.70514 4.71317
 0.365886 2.96247 4.7287 4.88189 4.89022
 0.145412 1.17736 1.8793 1.94018 1.94349
 0.123929 1.00342 1.60165 1.65354 1.65636
 0.0986676 0.798884 1.27518 1.31649 1.31874
 0.0754276 0.610716 0.974825 1.0064 1.00812
 0.0783355 0.634261 1.01241 1.0452 1.04699
 0.0370472 0.29996 0.478796 0.494307 0.495151
 0.0422096 0.341759 0.545516 0.563188 0.56415
 0.049698 0.402391 0.642296 0.663103 0.664236
 0.0492832 0.399032 0.636935 0.657568 0.658692
 0.0395947 0.320587 0.51172 0.528298 0.5292
 0.0410177 0.332109 0.530112 0.547285 0.548219
 0.0711736 0.576272 0.919845 0.949644 0.951265
Np
 19324.2 9249.7 5473.34 1328.52 304.519
YTP_r0W_actual
 6847.96 62733.2 34064.3 33417.8 8509.36
YTP_p0W_proyectada
 4122.82 60397.4 37764.5 8834.31 8502.81
 4122.82 37635 48037.7 15277.8 3891.5
CTP_r0_actual
 835.118 2904.31 1084.85 833.361 191.222
CTP_p0_proyectada
 502.783 2796.18 1202.69 220.307 191.074
 502.783 1742.36 1529.86 380.992 87.4493
Wmedp
 8.2 21.6 31.4 40.1 44.5
nmprior
 10.8 10.6 4.6 0
nm_flota  nm_reclas  nm_pelaces    nm_pelaL
inf 25.8758 14.968 44.1802
cv_recla  cv_pelaces  cv_mph
0.726453 0.381774 0.556017
 ------------------------------------------------
Talla a la edad & desviaci?n 
 7.2 14.2025 17.0495 18.207 18.6776
 1.08 2.13037 2.55742 2.73105 2.80164
