years
 1997 1998 1999 2000 2001 2002 2003 2004 2005 2006 2007 2008 2009 2010 2011 2012 2013 2014 2015 2016 2017 2018 2019 2020 2021 2022 2023
reclasobs
 0 0 0 370054 412103 1.49427e+06 250295 1.28982e+06 931140 785840 897777 1.04006e+06 184774 17550 25797 100020 73551 82996 120727 218422 84188 347160 605670 569463 516374 1.08416e+06 1.01767e+06
reclaspred
 7.63252e+06 1.3844e+06 1.63242e+06 256585 229242 344456 643323 631059 649973 876899 995666 719129 377206 140378 77980.3 84866.3 83552.9 104001 136068 145414 207183 244034 399887 502867 851722 715930 310076
pelacesobs
 0 0 0 0 0 0 0 0 0 2.06254e+06 1.5e+06 0 1.87456e+06 323000 250000 174000 83755 137374 0 501740 490994 745055 786931 1.00524e+06 1.33801e+06 1.41789e+06 0
pelacespred
 1.34611e+07 6.38578e+06 1.30302e+06 470502 679191 569144 2.04249e+06 1.78393e+06 1.69667e+06 2.52934e+06 2.14128e+06 1.57199e+06 931528 289533 169211 174051 171828 232417 290398 277457 546739 571953 691697 1.10404e+06 1.69484e+06 1.33854e+06 415320
mphobs
 0 0 0 0 0 0 112323 0 153150 637223 0 255016 313432 73983 77613 109348 50772 17779 17303 59886 28197 0 207744 136588 643089 65757 70829
mphpred
 1.35903e+06 568245 225799 67998.4 44450.2 154192 174489 331042 289024 332513 448395 293801 177838 136072 59224.5 45554.7 35626.5 43334.5 40948.8 37066.8 50194.1 75360.3 85333.9 128534 200273 135534 109477
desembarqueobs
 350755 77701 442110 56441 14545 235359 269955 359681 431902 328805 639364 411747 362871 311530 167758 66681 60226 58785 57116 73181 50977 67692 138656 160484 209506 203330 245020
desembarquepred
 350744 77677.1 441478 56401.9 14541.6 235136 269831 358991 431232 328473 638087 410919 362089 310861 167230 66600.1 60184.4 58676.4 57012.2 73075.4 50951.6 67601.1 138520 160346 209300 203004 244647
Reclutas
 7778.4 10823 1279.59 3835.25 38974.5 11845.1 64620 53512.4 66046.8 113353 61549.5 51377.5 56809.2 28781.3 12557.4 9028.26 6567.87 8419.6 8166.4 7998.62 15579.7 17734.6 27128.3 49142.8 10457.1 30679.9 1314.97
log_desv_Rt
 -0.780894 -0.450568 -2.58571 -1.48801 0.830662 -0.360331 1.33628 1.14767 1.35812 1.89826 1.2876 1.10696 1.20745 0.527482 -0.301937 -0.631885 -0.950055 -0.701682 -0.732217 -0.752975 -0.0862786 0.0432702 0.468332 1.06249 -0.484961 0.591363 -2.55843
SSB
 1.60684e+06 671858 266970 80397.1 52555.2 182307 196408 383648 326588 380467 530154 347372 222740 129633 61090.7 46833.3 40044.8 44560.4 59024.7 59389.5 71558.5 103213 122749 170644 304949 224350 165681
BT
 2.05467e+06 804636 385724 127762 240330 287829 1.02161e+06 897440 965870 1.11686e+06 1.11864e+06 804552 673861 387535 197411 104415 99359.3 120000 115274 126057 199887 176431 251713 424394 444337 450965 252874
Ftot
 0.174665 0.299044 1.37691 1.20333 0.363444 1.77118 1.92886 1.77817 2.23904 1.39129 1.87674 1.87834 3.07296 4.95303 4.95303 2.19217 2.1781 1.89499 1.29638 1.61064 0.914731 0.924044 1.17783 1.15683 0.754712 1.19244 2.09974
BD_Bspro_t
 0.975621 0.824072 0.553151 0.170778 0.216018 0.531904 0.373772 0.472759 0.381745 0.379493 0.421243 0.266483 0.189467 0.131119 0.074921 0.0710905 0.0848548 0.13073 0.206419 0.249965 0.31562 0.462375 0.461233 0.469744 0.539309 0.387224 0.313381
BD_Bspro
 4.58073 1.91531 0.761072 0.229194 0.149823 0.519716 0.559914 1.09369 0.931028 1.08462 1.51135 0.990279 0.634981 0.369555 0.174156 0.133511 0.114159 0.127032 0.168266 0.169306 0.203997 0.294236 0.34993 0.486468 0.86934 0.639571 0.47232
BD_Bo
 2.86688 1.19871 0.476323 0.143443 0.0937679 0.325268 0.350426 0.684497 0.582691 0.678821 0.94589 0.619774 0.397407 0.231289 0.108997 0.0835589 0.071447 0.0795037 0.105311 0.105961 0.127673 0.18415 0.219006 0.30446 0.544083 0.400281 0.295605
BD_Brms
 5.21251 2.17948 0.866042 0.260805 0.170487 0.591397 0.637139 1.24454 1.05944 1.23422 1.7198 1.12686 0.722559 0.420525 0.198176 0.151925 0.129904 0.144552 0.191474 0.192657 0.232133 0.334818 0.398193 0.553564 0.989242 0.727783 0.537464
S_f
 0.0752261 0.81734 0.995954 0.999926 0.999999
 0.0752261 0.81734 0.995954 0.999926 0.999999
 0.0752261 0.81734 0.995954 0.999926 0.999999
 0.0752261 0.81734 0.995954 0.999926 0.999999
 0.0752261 0.81734 0.995954 0.999926 0.999999
 0.0752261 0.81734 0.995954 0.999926 0.999999
 0.0752261 0.81734 0.995954 0.999926 0.999999
 0.0752261 0.81734 0.995954 0.999926 0.999999
 0.0752261 0.81734 0.995954 0.999926 0.999999
 0.0752261 0.81734 0.995954 0.999926 0.999999
 0.0752261 0.81734 0.995954 0.999926 0.999999
 0.0752261 0.81734 0.995954 0.999926 0.999999
 0.0752261 0.81734 0.995954 0.999926 0.999999
 0.0752261 0.81734 0.995954 0.999926 0.999999
 0.0752261 0.81734 0.995954 0.999926 0.999999
 0.0752261 0.81734 0.995954 0.999926 0.999999
 0.0752261 0.81734 0.995954 0.999926 0.999999
 0.0752261 0.81734 0.995954 0.999926 0.999999
 0.0752261 0.81734 0.995954 0.999926 0.999999
 0.0752261 0.81734 0.995954 0.999926 0.999999
 0.0752261 0.81734 0.995954 0.999926 0.999999
 0.0752261 0.81734 0.995954 0.999926 0.999999
 0.0752261 0.81734 0.995954 0.999926 0.999999
 0.0752261 0.81734 0.995954 0.999926 0.999999
 0.0752261 0.81734 0.995954 0.999926 0.999999
 0.0752261 0.81734 0.995954 0.999926 0.999999
 0.0752261 0.81734 0.995954 0.999926 0.999999
Scru_reclas
 0.0813673 0.308323 0.691677 0.918633 0.982704
 0.0813673 0.308323 0.691677 0.918633 0.982704
 0.0813673 0.308323 0.691677 0.918633 0.982704
 0.0813673 0.308323 0.691677 0.918633 0.982704
 0.0813673 0.308323 0.691677 0.918633 0.982704
 0.0813673 0.308323 0.691677 0.918633 0.982704
 0.0813673 0.308323 0.691677 0.918633 0.982704
 0.0813673 0.308323 0.691677 0.918633 0.982704
 0.0813673 0.308323 0.691677 0.918633 0.982704
 0.0813673 0.308323 0.691677 0.918633 0.982704
 0.0813673 0.308323 0.691677 0.918633 0.982704
 0.0813673 0.308323 0.691677 0.918633 0.982704
 0.0813673 0.308323 0.691677 0.918633 0.982704
 0.0813673 0.308323 0.691677 0.918633 0.982704
 0.0813673 0.308323 0.691677 0.918633 0.982704
 0.0813673 0.308323 0.691677 0.918633 0.982704
 0.0813673 0.308323 0.691677 0.918633 0.982704
 0.0813673 0.308323 0.691677 0.918633 0.982704
 0.0813673 0.308323 0.691677 0.918633 0.982704
 0.0813673 0.308323 0.691677 0.918633 0.982704
 0.0813673 0.308323 0.691677 0.918633 0.982704
 0.0813673 0.308323 0.691677 0.918633 0.982704
 0.0813673 0.308323 0.691677 0.918633 0.982704
 0.0813673 0.308323 0.691677 0.918633 0.982704
 0.0813673 0.308323 0.691677 0.918633 0.982704
 0.0813673 0.308323 0.691677 0.918633 0.982704
 0.0813673 0.308323 0.691677 0.918633 0.982704
Scru_pelaces
 0.194088 0.547922 0.859147 0.968451 0.993569
 0.194088 0.547922 0.859147 0.968451 0.993569
 0.194088 0.547922 0.859147 0.968451 0.993569
 0.194088 0.547922 0.859147 0.968451 0.993569
 0.194088 0.547922 0.859147 0.968451 0.993569
 0.194088 0.547922 0.859147 0.968451 0.993569
 0.194088 0.547922 0.859147 0.968451 0.993569
 0.194088 0.547922 0.859147 0.968451 0.993569
 0.194088 0.547922 0.859147 0.968451 0.993569
 0.194088 0.547922 0.859147 0.968451 0.993569
 0.194088 0.547922 0.859147 0.968451 0.993569
 0.194088 0.547922 0.859147 0.968451 0.993569
 0.194088 0.547922 0.859147 0.968451 0.993569
 0.194088 0.547922 0.859147 0.968451 0.993569
 0.194088 0.547922 0.859147 0.968451 0.993569
 0.194088 0.547922 0.859147 0.968451 0.993569
 0.194088 0.547922 0.859147 0.968451 0.993569
 0.194088 0.547922 0.859147 0.968451 0.993569
 0.194088 0.547922 0.859147 0.968451 0.993569
 0.194088 0.547922 0.859147 0.968451 0.993569
 0.194088 0.547922 0.859147 0.968451 0.993569
 0.194088 0.547922 0.859147 0.968451 0.993569
 0.194088 0.547922 0.859147 0.968451 0.993569
 0.194088 0.547922 0.859147 0.968451 0.993569
 0.194088 0.547922 0.859147 0.968451 0.993569
 0.194088 0.547922 0.859147 0.968451 0.993569
 0.194088 0.547922 0.859147 0.968451 0.993569
pf_obs 
 0.256992 0.487395 0.22802 0.0275931 0
 0.321318 0.546541 0.124235 0.00734118 0.000564706
 0.182869 0.594174 0.210203 0.0122559 0.00049798
 0.330522 0.361315 0.267642 0.0388342 0.00168674
 0.649043 0.306663 0.0425973 0.00169635 0
 0.582887 0.30429 0.105238 0.00758474 0
 0.465427 0.430635 0.0974691 0.00646863 0
 0.296916 0.608066 0.0921331 0.00288517 0
 0.311714 0.524322 0.152257 0.0117073 0
 0.15457 0.633149 0.183074 0.0267441 0.00246327
 0.131901 0.49318 0.331252 0.0422183 0.00144891
 0.196976 0.569456 0.194076 0.0375587 0.00193317
 0.518974 0.381816 0.0799577 0.0180837 0.00116848
 0.0928022 0.601141 0.25162 0.0475244 0.00691264
 0.122501 0.610282 0.24278 0.0234846 0.000952079
 0.383417 0.481906 0.127806 0.00687128 0
 0.0376549 0.599619 0.316969 0.0457579 0
 0.0361596 0.667082 0.258105 0.0386534 0
 0.158088 0.579412 0.248529 0.0139706 0
 0.0477256 0.309471 0.559284 0.082774 0.000745712
 0.0406174 0.521527 0.379366 0.0568643 0.0016247
 0.151134 0.462217 0.34131 0.0453401 0
 0.294876 0.26143 0.354403 0.0886775 0.000613685
 0.281977 0.475581 0.204845 0.0348837 0.00271318
 0.0841818 0.532909 0.334909 0.0458182 0.00218182
 0.115287 0.27431 0.454777 0.147771 0.00785563
 0 0 0 0 0
pf_pred 
 0.0108863 0.638511 0.309689 0.0409112 1.94082e-06
 0.0289861 0.100804 0.602643 0.236462 0.0311046
 0.00952521 0.28419 0.0897058 0.427606 0.188973
 0.136876 0.155457 0.259266 0.0573306 0.39107
 0.638901 0.275997 0.0200207 0.0239518 0.04113
 0.083624 0.87556 0.0328321 0.00188512 0.00609833
 0.571805 0.289027 0.135 0.00335907 0.000809546
 0.222038 0.757153 0.0158547 0.00480646 0.00014704
 0.29417 0.612309 0.0918511 0.00127473 0.000394767
 0.343128 0.607211 0.045361 0.00422388 7.59831e-05
 0.146556 0.775258 0.0739622 0.00386094 0.00036321
 0.195742 0.649151 0.145516 0.0090766 0.000513669
 0.30761 0.598482 0.0812363 0.0118953 0.000776821
 0.249667 0.718245 0.0295607 0.00218945 0.000337042
 0.252524 0.732312 0.0148978 0.000245322 2.05463e-05
 0.256072 0.728122 0.0156753 0.000127707 2.2334e-06
 0.207199 0.718903 0.0729085 0.000980445 8.04516e-06
 0.29546 0.621295 0.0782119 0.00496584 6.66493e-05
 0.216559 0.713254 0.0645482 0.00530162 0.000338013
 0.209106 0.658573 0.123711 0.00792319 0.000687198
 0.312998 0.581618 0.0927378 0.0118301 0.000816595
 0.206649 0.690574 0.0905872 0.010735 0.00145484
 0.255445 0.592181 0.137229 0.0133597 0.00178652
 0.306896 0.592745 0.0847001 0.0141115 0.00154667
 0.0455355 0.838755 0.103129 0.0106284 0.0019513
 0.245281 0.299101 0.412538 0.0384204 0.0046594
 0.013278 0.85796 0.0615641 0.0608841 0.0063133
pobs_RECLAS
 0 0 0 0 0
 0 0 0 0 0
 0 0 0 0 0
 0 0 0 0 0
 0.835266 0.146461 0.0176864 0.000547809 3.91292e-05
 0.385257 0.428462 0.181853 0.0044286 0
 0.867414 0.0963971 0.0333333 0.00285562 0
 0.441836 0.489002 0.0689373 0.000224442 0
 0.779404 0.147425 0.0564933 0.0165055 0.000172143
 0.814271 0.122319 0.05973 0.00367925 0
 0.40263 0.566651 0.0304383 0.000280538 0
 0.475488 0.404961 0.113038 0.00651328 0
 0.955842 0.0263864 0.0167828 0.000988607 0
 0.975058 0.0227948 0.00214734 0 0
 0.738997 0.206755 0.0527124 0.00153531 0
 0.850938 0.134255 0.0134407 0.00136685 0
 0.542534 0.407297 0.0501686 0 0
 0.764087 0.199537 0.0359546 0.000420521 0
 0.470689 0.182191 0.310203 0.0369168 0
 0.84361 0.089868 0.0606195 0.00523954 0.000663233
 0.607945 0.314616 0.071237 0.00620181 0
 0.523733 0.453247 0.0230204 0 0
 0.530135 0.295979 0.169645 0.0042399 0
 0.562478 0.366248 0.0663022 0.0049721 0
 0.250443 0.683176 0.0655157 0.000865301 0
 0.195077 0.31981 0.436473 0.0351445 0.0134964
 0.565238 0.351407 0.0832357 0.000118908 0
ppred_RECLAS
 0.023519 0.477108 0.425087 0.0742817 3.76943e-06
 0.0434093 0.0518534 0.568292 0.294945 0.0415004
 0.0156143 0.145779 0.0815901 0.514028 0.242988
 0.197756 0.071624 0.213312 0.0623529 0.454954
 0.79646 0.117719 0.0156353 0.0247411 0.0454452
 0.227519 0.710418 0.0463738 0.00351762 0.012172
 0.786459 0.116065 0.0936065 0.00307642 0.00079306
 0.483478 0.491219 0.0178996 0.00716875 0.000234581
 0.577154 0.335377 0.0853854 0.00156457 0.000518266
 0.611537 0.338094 0.044755 0.00550795 0.000105983
 0.353114 0.549271 0.0907298 0.00625625 0.000629531
 0.419038 0.408554 0.158554 0.0130638 0.000790804
 0.62618 0.295827 0.0646394 0.0124814 0.000871835
 0.667048 0.312932 0.0179814 0.00175051 0.000288212
 0.672651 0.318101 0.00903486 0.00019555 1.75167e-05
 0.546744 0.437068 0.0160129 0.000172254 3.22225e-06
 0.465255 0.454784 0.0785541 0.00139485 1.22426e-05
 0.567361 0.349954 0.0762028 0.0063909 9.17494e-05
 0.449086 0.467005 0.0751899 0.0081629 0.000556689
 0.434062 0.416114 0.137141 0.0116058 0.00107671
 0.550466 0.335514 0.0965346 0.0162824 0.00120222
 0.416517 0.456172 0.107945 0.0169138 0.0024519
 0.477682 0.354073 0.146669 0.0188756 0.00269994
 0.550652 0.340792 0.0871188 0.0191875 0.00224951
 0.114747 0.702953 0.156743 0.0213615 0.00419501
 0.402899 0.156852 0.386495 0.0475822 0.00617244
 0.0400728 0.737924 0.0905829 0.118299 0.0131211
pobs_PELACES
 0 0 0 0 0
 0 0 0 0 0
 0 0 0 0 0
 0 0 0 0 0
 0 0 0 0 0
 0 0 0 0 0
 0 0 0 0 0
 0 0 0 0 0
 0 0 0 0 0
 0 0 0 0 0
 0.450072 0.473896 0.0757376 0.000293798 0
 0 0 0 0 0
 0.463077 0.371075 0.160297 0.00555027 0
 0.529543 0.364841 0.0842815 0.0213345 0
 0.631943 0.363953 0.00410389 0 0
 0.735681 0.248677 0.0153453 0.000297389 0
 0.695825 0.281241 0.0229344 0 0
 0.275771 0.60734 0.115278 0.00161068 0
 0 0 0 0 0
 0.896147 0.0623911 0.0374545 0.00400742 0
 0.803859 0.145111 0.0509908 3.86294e-05 0
 0.739449 0.233085 0.0266225 0.000797448 4.60066e-05
 0.878498 0.100942 0.0204185 0.000141795 0
 0.694673 0.275183 0.0284847 0.00165964 0
 0.469039 0.446079 0.0841089 0.000773354 0
 0.822795 0.102175 0.0682046 0.00682512 0
 0 0 0 0 0
ppred_PELACES
 0.0388659 0.562801 0.346894 0.0514367 2.50325e-06
 0.089581 0.0740917 0.557648 0.245545 0.0331344
 0.0461962 0.229351 0.0827267 0.441553 0.200173
 0.423262 0.0850588 0.164939 0.0408556 0.285884
 0.874259 0.0880708 0.00800274 0.0107428 0.0189244
 0.386586 0.582814 0.0239553 0.00153865 0.00510591
 0.905597 0.0620835 0.0312361 0.000869101 0.000214857
 0.664508 0.325418 0.00746351 0.00253106 7.94278e-05
 0.775192 0.193944 0.0302456 0.000468996 0.000148985
 0.757242 0.22184 0.0189095 0.00197156 3.63816e-05
 0.551768 0.40382 0.0417407 0.00243685 0.000235153
 0.633668 0.290567 0.0705574 0.00492197 0.000285731
 0.839882 0.13928 0.0177475 0.00289684 0.000194045
 0.903077 0.0938403 0.00281464 0.000231056 3.64798e-05
 0.903888 0.0946806 0.00140372 2.56193e-05 2.20065e-06
 0.737428 0.256741 0.00577765 5.25988e-05 9.43585e-07
 0.678777 0.289966 0.0307898 0.000462698 3.89458e-06
 0.751275 0.217054 0.0295441 0.00209776 2.88813e-05
 0.61404 0.346316 0.0361058 0.00332121 0.000217215
 0.628874 0.30275 0.063425 0.00454595 0.000404454
 0.693141 0.251581 0.0479386 0.00685445 0.000485364
 0.565599 0.368035 0.057645 0.00765676 0.00106447
 0.649559 0.268823 0.0726128 0.00791909 0.00108632
 0.70555 0.245057 0.0409004 0.00763392 0.000858311
 0.183923 0.697775 0.104018 0.0120197 0.00226375
 0.623021 0.134938 0.216629 0.0226001 0.00281157
 0.0944635 0.774939 0.0587494 0.0649405 0.00690749
pobs_pel_tallas
 0 0 0 0 0 0 0 0 0 0 0 0 0 0 0 0 0 0 0 0 0 0 0 0 0 0 0 0 0 0 0 0 0 0 0 0
 0 0 0 0 0 0 0 0 0 0 0 0 0 0 0 0 0 0 0 0 0 0 0 0 0 0 0 0 0 0 0 0 0 0 0 0
 0 0 0 0 0 0 0 0 0 0 0 0 0 0 0 0 0 0 0 0 0 0 0 0 0 0 0 0 0 0 0 0 0 0 0 0
 0 0 0 0 0 0 0 0 0 0 0 0 0 0 0 0 0 0 0 0 0 0 0 0 0 0 0 0 0 0 0 0 0 0 0 0
 0 0 0 0 0 0 0 0 0 0 0 0 0 0 0 0 0 0 0 0 0 0 0 0 0 0 0 0 0 0 0 0 0 0 0 0
 0 0 0 0 0 0 0 0 0 0 0 0 0 0 0 0 0 0 0 0 0 0 0 0 0 0 0 0 0 0 0 0 0 0 0 0
 0 0 0 0 0 0 0 0 0 0 0 0 0 0 0 0 0 0 0 0 0 0 0 0 0 0 0 0 0 0 0 0 0 0 0 0
 0 0 0 0 0 0 0 0 0 0 0 0 0 0 0 0 0 0 0 0 0 0 0 0 0 0 0 0 0 0 0 0 0 0 0 0
 0 0 0 0 0 0 0 0 0 0 0 0 0 0 0 0 0 0 0 0 0 0 0 0 0 0 0 0 0 0 0 0 0 0 0 0
 0 0 0 0 0 0 0 0 0 0 0 0 0 0 0 0 0 0 0 0 0 0 0 0 0 0 0 0 0 0 0 0 0 0 0 0
 0 0 0 0 0 0 0 0 1.78061e-05 0.00172719 0.00360574 0.0105946 0.0120993 0.0124554 0.0147524 0.0171206 0.0266825 0.0428682 0.0675386 0.121331 0.153587 0.119568 0.100827 0.0573624 0.0630603 0.0341343 0.0324427 0.0444173 0.0211091 0.0280891 0.0125444 0.00206551 0 0 0 0
 0 0 0 0 0 0 0 0 0 0 0 0 0 0 0 0 0 0 0 0 0 0 0 0 0 0 0 0 0 0 0 0 0 0 0 0
 0 0 0 0 0 0 0.0133647 0.0140871 0.0187388 0.0205184 0.03894 0.0496705 0.03968 0.0493445 0.0407372 0.0367815 0.0215668 0.0243155 0.0234873 0.0199281 0.019796 0.0243948 0.0301388 0.0376714 0.0412746 0.0863199 0.0771752 0.113111 0.0741005 0.0525337 0.0229764 0.00759418 0.00175318 0 0 0
 0 0 0 0 0 0 0 0 0 0 0.00219441 0.00772107 0.0458388 0.0604681 0.0671733 0.0775358 0.0609151 0.0617685 0.073594 0.0568108 0.0755445 0.0548602 0.0670107 0.0636378 0.0643287 0.046367 0.0373049 0.0286899 0.0247887 0.0153202 0.00654259 0.00121912 0.000365735 0 0 0
 0 0 0 0 0 0 0 0 0 0 0 0 0.000112435 0.00938835 0.0111873 0.0202946 0.0414886 0.0713402 0.111592 0.104902 0.108894 0.110636 0.117776 0.105296 0.107544 0.0401394 0.0192827 0.0124803 0.00416011 0.0028671 0.000618394 0 0 0 0 0
 0 0 0 0 0 0 0 0 0 0 0.00291406 0.0102884 0.027416 0.0768956 0.0749926 0.110853 0.0956884 0.0897413 0.0766577 0.0534642 0.0500743 0.0551293 0.0594112 0.0620874 0.0668451 0.0424026 0.0208742 0.0120726 0.0048766 0.00582813 0.00118941 0.000297354 0 0 0 0
 0 0.00264628 0.0354308 0.0461629 0.0458689 0.0383711 0.0214643 0.0164657 0.0346957 0.0420465 0.0363128 0.0245516 0.0311673 0.0291091 0.0169068 0.0133784 0.00837989 0.0085269 0.0148486 0.0160247 0.0276389 0.0546898 0.0760071 0.122758 0.109233 0.0665981 0.0333725 0.0166128 0.00676272 0.00308733 0.000882094 0 0 0 0 0
 0 0 0 0 0 0 0 0.000805153 0.000690131 0.00759144 0.0133425 0.0154129 0.00931677 0.000345066 0.00356568 0.00563607 0.00851162 0.0253048 0.0502646 0.0516448 0.0657925 0.0565908 0.0611916 0.0827007 0.0866115 0.110766 0.145733 0.0935128 0.0569358 0.0249597 0.0138026 0.00621118 0.00161031 0.00115022 0 0
 0 0 0 0 0 0 0 0 0 0 0 0 0 0 0 0 0 0 0 0 0 0 0 0 0 0 0 0 0 0 0 0 0 0 0 0
 0.00147267 0.00158595 0.00478618 0.00569244 0.00954404 0.0108468 0.00647125 0.017049 0.0510054 0.094081 0.124002 0.0959785 0.0687766 0.0820023 0.061753 0.0591476 0.0492212 0.0479892 0.0443925 0.0268479 0.0217502 0.0140895 0.0121071 0.0120363 0.00920419 0.00665534 0.0049561 0.00860946 0.00930331 0.0156896 0.0114698 0.00855282 0.00243557 0.00046729 0 2.83206e-05
 0 0 0 0 0.000772559 0.00158375 0.000888443 0.00281984 0.00712685 0.0440552 0.0773331 0.111326 0.0921469 0.0852325 0.0710754 0.0886704 0.0786465 0.0553345 0.0373146 0.0185414 0.00753245 0.00457741 0.012979 0.0271748 0.0457355 0.0583668 0.034881 0.0177882 0.00938659 0.00492506 0.0015258 0.00185414 0.000309023 5.79419e-05 3.86279e-05 0
 0 0.00173294 0.00326652 0 0.00397197 0.00683976 0.00946217 0.0152591 0.00757587 0.0136028 0.0228656 0.0392903 0.0559909 0.0764795 0.0681675 0.0726916 0.0566044 0.0477403 0.0527397 0.0444891 0.0609904 0.0582453 0.0661739 0.0445044 0.0529084 0.0360697 0.0280645 0.0235558 0.0158879 0.00826598 0.00280645 0.00217768 0.000904811 0.00058276 9.20147e-05 0
 0 0 0 0 0 0 0 0 0 0 0 0 0 0 0 0 0 0 0 0 0 0 0 0 0 0 0 0 0 0 0 0 0 0 0 0
 0 0 0 0 0 0 0 0 0 0 0 0 0 0 0 0 0 0 0 0 0 0 0 0 0 0 0 0 0 0 0 0 0 0 0 0
 0 0 0 0 0 0 0 0 0 0 0 0 0 0 0 0 0 0 0 0 0 0 0 0 0 0 0 0 0 0 0 0 0 0 0 0
 0 0 0 0 0 0 0 0 0 0 0 0 0 0 0 0 0 0 0 0 0 0 0 0 0 0 0 0 0 0 0 0 0 0 0 0
 0 0 0 0 0 0 0 0 0 0 0 0 0 0 0 0 0 0 0 0 0 0 0 0 0 0 0 0 0 0 0 0 0 0 0 0
ppred_pel_tallas
 1.06875e-16 1.73101e-06 1.00702e-05 4.76832e-05 0.000183272 0.00057123 0.0014435 0.00295824 0.00492136 0.006663 0.00739249 0.00685827 0.00564667 0.00478602 0.00511636 0.00703236 0.0106345 0.0159297 0.022861 0.0312139 0.0405268 0.0500824 0.0589948 0.0663685 0.0714809 0.0739262 0.0736793 0.0710546 0.0665908 0.0609008 0.0545445 0.0479555 0.041429 0.0351509 0.0292434 0.0238001
 1.17926e-16 3.92285e-06 2.29826e-05 0.000109169 0.000420173 0.00131012 0.00330928 0.0067722 0.0112297 0.0150936 0.0164578 0.0145957 0.0106221 0.00655719 0.00387141 0.00292882 0.00342835 0.00501884 0.00755824 0.0110728 0.015638 0.0212908 0.0279797 0.0355386 0.043677 0.0519847 0.059954 0.0670207 0.0726226 0.0762702 0.0776174 0.0765191 0.073061 0.0675504 0.0604733 0.0524203
 1.25775e-16 2.03552e-06 1.18926e-05 5.64241e-05 0.000217057 0.000676687 0.00170947 0.0034998 0.0058092 0.00782561 0.00857923 0.00771853 0.00585564 0.0040879 0.00324811 0.00361298 0.00511783 0.00765251 0.0111689 0.0156365 0.0209718 0.0270054 0.0334939 0.0401604 0.0467415 0.0530191 0.0588251 0.0640168 0.0684393 0.071896 0.0741463 0.0749381 0.0740656 0.0714308 0.0670913 0.0612723
 1.17132e-16 1.8472e-05 0.000108401 0.000515264 0.00198375 0.00618609 0.0156255 0.031972 0.0529978 0.0711765 0.0774592 0.0683369 0.0489454 0.0286233 0.0140089 0.00639228 0.00379588 0.00390108 0.00532614 0.00752053 0.0103195 0.013658 0.0174632 0.0216316 0.026032 0.0305117 0.0348995 0.039004 0.0426146 0.0455088 0.0474712 0.0483218 0.0479487 0.0463334 0.0435632 0.0398255
 1.01396e-16 3.8138e-05 0.000223857 0.00106415 0.0040971 0.0127765 0.0322722 0.0660324 0.109452 0.146981 0.159916 0.140991 0.100779 0.0585196 0.0278469 0.011322 0.00472799 0.00312239 0.00348864 0.00453618 0.00580163 0.00707931 0.00821693 0.00908253 0.00958167 0.00967741 0.00939719 0.008822 0.00806259 0.00723072 0.00641521 0.00566936 0.00501091 0.0044314 0.0039096 0.00342378
 1.00822e-16 1.68933e-05 9.90861e-05 0.000470875 0.00181267 0.00565245 0.0142782 0.0292189 0.0484483 0.065109 0.0709682 0.0628765 0.0456142 0.0278409 0.0157894 0.0108293 0.0113258 0.0152476 0.0212561 0.0285399 0.0363817 0.0439393 0.0502701 0.054493 0.0559878 0.0545476 0.0504308 0.0442892 0.037003 0.0294763 0.0224599 0.0164454 0.011646 0.0080445 0.00547641 0.0037149
 1.00504e-16 3.95035e-05 0.000231876 0.00110228 0.00424391 0.0132343 0.0334286 0.0683982 0.113373 0.152243 0.165635 0.146017 0.104338 0.0605167 0.0286676 0.0114311 0.00442843 0.00253265 0.00262053 0.00336867 0.00432377 0.00531029 0.00621209 0.00692849 0.00738222 0.00753366 0.00738735 0.00698691 0.00640114 0.00570622 0.00497037 0.00424466 0.00356124 0.0029367 0.00237769 0.00188601
 1.00303e-16 2.90015e-05 0.000170196 0.000808991 0.00311459 0.0097125 0.0245332 0.0501995 0.0832162 0.111772 0.12167 0.107415 0.0770959 0.0454057 0.0228041 0.0113484 0.00794041 0.00889331 0.0119077 0.0158834 0.0202192 0.0243969 0.0278809 0.0301788 0.0309462 0.0300708 0.0277019 0.0242086 0.0200881 0.01585 0.0119166 0.00856376 0.0059096 0.00394154 0.00256345 0.00164362
 1.00516e-16 3.38226e-05 0.000198512 0.000943635 0.00363305 0.0113293 0.028617 0.0585543 0.0970606 0.130351 0.14185 0.125129 0.0895851 0.0523104 0.0254384 0.0112908 0.00617864 0.00575311 0.00733922 0.00974166 0.0124396 0.0150884 0.0173621 0.0189621 0.0196732 0.0194132 0.0182506 0.0163832 0.0140857 0.0116448 0.00930267 0.00722334 0.00548613 0.0041002 0.00302962 0.00221854
 1.00411e-16 3.3041e-05 0.00019392 0.000921802 0.00354898 0.0110671 0.0279548 0.0571995 0.0948158 0.127339 0.13858 0.122261 0.0875706 0.0512109 0.0250469 0.0113594 0.00655694 0.00639866 0.00826882 0.0109829 0.0139994 0.0169353 0.0194202 0.0211153 0.0217806 0.0213312 0.0198575 0.017599 0.0148823 0.0120453 0.00937006 0.00704402 0.00515218 0.00369481 0.00261797 0.00184439
 1.00819e-16 2.40888e-05 0.000141346 0.000671821 0.00258642 0.00806541 0.0203729 0.0416878 0.0691104 0.0928382 0.101092 0.0893259 0.0642817 0.0381995 0.0198162 0.0109019 0.00894482 0.0109276 0.014947 0.0200381 0.0255833 0.0309727 0.0355483 0.0386943 0.0399713 0.0392203 0.0366009 0.0325428 0.0276352 0.0224886 0.0176146 0.0133547 0.00986633 0.0071548 0.00512786 0.00365085
 1.01279e-16 2.76555e-05 0.000162296 0.000771442 0.00297003 0.00926169 0.0233945 0.0478693 0.0793531 0.106582 0.116018 0.102419 0.0734957 0.0432577 0.021676 0.0107107 0.00740846 0.00826031 0.0110886 0.0148691 0.019062 0.0232111 0.02684 0.0294992 0.0308569 0.0307736 0.0293305 0.026799 0.0235659 0.0200397 0.0165699 0.0133984 0.0106506 0.00835572 0.00648198 0.00497026
 1.00407e-16 3.66411e-05 0.000215064 0.00102234 0.00393609 0.0122744 0.031004 0.0634379 0.105154 0.141213 0.153654 0.1355 0.0969212 0.0564144 0.0270985 0.0114569 0.00546112 0.00437729 0.00530529 0.0069787 0.00889755 0.0107846 0.0124008 0.0135318 0.0140245 0.0138216 0.0129746 0.0116277 0.00997948 0.00823659 0.00657238 0.00510305 0.00388309 0.00291615 0.00217359 0.00161296
 1.00081e-16 3.93949e-05 0.000231235 0.00109923 0.00423215 0.0131976 0.033336 0.068209 0.11306 0.151826 0.165188 0.145638 0.104102 0.0604498 0.0287662 0.0116956 0.00488018 0.00321102 0.0035665 0.00460549 0.00583911 0.00704346 0.00805037 0.00871565 0.00893955 0.00868939 0.00800779 0.00700096 0.00581202 0.00458784 0.00345035 0.0024794 0.00170944 0.00113736 0.000735878 0.000467384
 1.00052e-16 3.94302e-05 0.000231443 0.00110021 0.00423595 0.0132095 0.033366 0.0682702 0.113162 0.151962 0.165336 0.14577 0.104196 0.060506 0.0287955 0.0117117 0.00489329 0.00322641 0.00358635 0.00463007 0.00586714 0.00707214 0.00807545 0.00873182 0.00894114 0.00867134 0.00796666 0.00693568 0.00572419 0.00448158 0.00333163 0.0023551 0.00158642 0.00102154 0.000631721 0.00037761
 1.00168e-16 3.21784e-05 0.000188853 0.000897704 0.00345618 0.0107778 0.0272239 0.0557043 0.0923384 0.124015 0.134972 0.1191 0.0853542 0.050011 0.0246388 0.011475 0.00703732 0.00720439 0.00942519 0.0125245 0.015933 0.019219 0.0219557 0.0237536 0.024341 0.0236299 0.0217386 0.0189599 0.0156874 0.0123248 0.00920697 0.00655296 0.00445671 0.00290855 0.00183216 0.00112261
 1.00548e-16 2.96223e-05 0.000173844 0.000826341 0.0031814 0.00992086 0.0250594 0.051276 0.0849996 0.114164 0.124264 0.109683 0.0786751 0.0462383 0.0230427 0.0111735 0.00745148 0.00810292 0.0107846 0.014397 0.018371 0.0222391 0.0255229 0.0277794 0.0286925 0.0281479 0.02626 0.0233373 0.0198035 0.0160973 0.0125871 0.00951882 0.00700662 0.00505502 0.00359823 0.00253966
 1.00564e-16 3.27806e-05 0.000192392 0.000914538 0.00352101 0.0109799 0.0277345 0.0567487 0.0940685 0.126335 0.137487 0.121296 0.0868773 0.0508015 0.0248395 0.0112541 0.00648243 0.00631813 0.00816863 0.0108628 0.0138686 0.0168121 0.0193311 0.0210924 0.0218567 0.0215345 0.0202052 0.0180933 0.0155089 0.0127745 0.0101618 0.00785363 0.00593671 0.00441838 0.00325515 0.00238136
 1.0075e-16 2.68018e-05 0.000157279 0.00074758 0.00287813 0.00897511 0.0226707 0.0463888 0.0769006 0.103294 0.112452 0.0993054 0.0713357 0.0421352 0.0213881 0.0110183 0.00818627 0.00950348 0.0128512 0.0171997 0.0219569 0.0265857 0.030519 0.0332286 0.0343373 0.0337087 0.0314785 0.0280144 0.0238207 0.0194196 0.0152487 0.0116 0.00860825 0.00627794 0.00453045 0.00325116
 1.01175e-16 2.74469e-05 0.000161071 0.000765614 0.00294758 0.0091917 0.0232177 0.0475077 0.0787541 0.105779 0.115146 0.101657 0.0729657 0.042979 0.0215977 0.0107726 0.00757777 0.00853345 0.0114768 0.015383 0.0197015 0.0239584 0.0276574 0.0303319 0.0316401 0.0314427 0.0298327 0.027102 0.0236627 0.019948 0.0163262 0.01305 0.0102471 0.00794136 0.00609115 0.00462558
 1.01021e-16 3.02471e-05 0.000177515 0.000843803 0.00324865 0.0101306 0.0255891 0.0523595 0.0867944 0.116571 0.126874 0.111963 0.0802592 0.047066 0.0232643 0.0109663 0.0069098 0.00723275 0.00954786 0.0127576 0.0163283 0.0198483 0.0229026 0.0251037 0.0261695 0.0259866 0.0246348 0.0223591 0.0195038 0.0164294 0.0134415 0.0107481 0.00845224 0.00657031 0.00506421 0.00387226
 1.01252e-16 2.46904e-05 0.000144882 0.000688637 0.00265118 0.00826736 0.020883 0.0427312 0.0708388 0.0951561 0.103605 0.0915224 0.0658091 0.0390003 0.0200363 0.0107135 0.00844061 0.0101154 0.0137919 0.0185064 0.0236739 0.0287366 0.0330951 0.036186 0.0376011 0.0371829 0.0350586 0.0315991 0.0273201 0.0227595 0.0183706 0.0144598 0.0111743 0.00853024 0.00646099 0.0048641
 1.01442e-16 2.83475e-05 0.000166361 0.000790772 0.00304446 0.00949381 0.0239807 0.0490687 0.0813405 0.109249 0.118914 0.104959 0.0752834 0.0442391 0.0220367 0.0106732 0.00710946 0.00774084 0.0103362 0.0138594 0.0177855 0.0216879 0.0251256 0.027682 0.0290473 0.0290872 0.0278698 0.0256371 0.0227379 0.0195419 0.0163658 0.0134305 0.0108525 0.00866284 0.0068386 0.00533351
 1.00963e-16 3.0788e-05 0.000180691 0.000858903 0.00330679 0.0103119 0.0260471 0.0532965 0.0883473 0.118655 0.12914 0.113956 0.0816731 0.0478656 0.0236043 0.0110338 0.00682779 0.0070507 0.009271 0.0123747 0.0158276 0.0192248 0.0221615 0.0242614 0.0252517 0.0250255 0.0236646 0.0214122 0.0186074 0.0156047 0.0127028 0.0101036 0.00790487 0.0061187 0.00470319 0.00359362
 1.02223e-16 8.06109e-06 4.72223e-05 0.000224284 0.000863189 0.0026915 0.00679925 0.0139174 0.0230894 0.0310684 0.0339664 0.0303362 0.0225347 0.0148041 0.0102728 0.00978479 0.0127524 0.0183449 0.0259414 0.0349917 0.0447789 0.0543373 0.0625471 0.0683428 0.0709531 0.0700828 0.0659785 0.0593492 0.0511789 0.0424928 0.0341545 0.0267462 0.0205463 0.0155823 0.011723 0.00876815
 1.04028e-16 2.71853e-05 0.000159549 0.000758412 0.00291991 0.00910544 0.0229996 0.0470603 0.0780081 0.104764 0.114007 0.10057 0.0720092 0.0420624 0.0204886 0.00916622 0.00515134 0.00498219 0.00655639 0.00897418 0.0118856 0.0150783 0.0183347 0.0214191 0.0241075 0.0262193 0.0276381 0.0283134 0.0282503 0.0274935 0.0261135 0.0242002 0.0218626 0.0192283 0.0164401 0.0136451
 1.03641e-16 4.16315e-06 2.43313e-05 0.000115443 0.0004441 0.00138457 0.00349815 0.00716368 0.0118973 0.0160463 0.0176423 0.0159916 0.0123851 0.00911985 0.00796054 0.00952526 0.0136925 0.02016 0.0286137 0.0385972 0.0493625 0.0598518 0.0688323 0.0751362 0.0779281 0.0769051 0.0723656 0.0651164 0.0562592 0.0469268 0.0380568 0.0302606 0.0238033 0.0186708 0.0146789 0.0115798
pSPR Fmed_Fpbrs
0.502786   0.6 0.325
Fs Fmed_Fpbrs
0.64   0.423461 1.4645
SSBpbr Bo_Bmed_Bpbrs
560482  253779  308265 154133
Ro
16983.5
SPR SPRFo_SPRFmed_SPRFpbrs
350782 176368 114004
log_Ro
9.56
likeval ReclasPelacesDesembMPH_pf_preclas_ppelaces_ptallas_desvR_qrecl_qpela
 75.6123 11.8422 0.292716 15.3316 405.139 226.198 59.3457 0 48.8602 0.000196719 0.000457325 8.26269e-16 0 0 0
q_reclas_q_pelaces
7.29722 20.9568
M
0.7
N
 7778.4 44430.3 17923.3 2359.03 0.111905
 10823 3812.22 19128.2 7479.32 983.78
 1279.59 5255.01 1482.59 7052.12 3116.44
 3835.25 572.902 846.86 186.832 1274.39
 38974.5 1739.7 106.398 126.859 217.829
 11845.1 18832.2 641.886 36.7895 119.01
 64620 5148.34 2198.8 54.6201 13.1632
 53512.4 27755.2 528.424 159.911 4.89186
 66046.8 23246.4 3222.18 44.6533 13.8282
 113353 27713.8 1851.67 172.058 3.09501
 61549.5 50696 4413.98 230.025 21.6385
 51377.5 26540.2 5429.85 338.114 19.1342
 56809.2 22151.4 2838.9 415.267 27.1185
 28781.3 22388.1 892.481 66.0656 10.17
 12557.4 9846.63 194.023 3.19317 0.267433
 9028.26 4296.11 85.3342 0.694187 0.01214
 6567.87 3801.71 355.57 4.77445 0.0391763
 8419.6 2768.59 318.288 20.1747 0.270768
 8166.4 3625.56 292.144 23.9421 1.52641
 7998.62 3678.5 624.018 39.8894 3.45959
 15579.7 3518.76 489.713 62.3058 4.30059
 17734.6 7222.16 827.341 97.7869 13.2518
 27128.3 8215.34 1685.22 163.68 21.887
 49142.8 12329.2 1557.86 258.937 28.3793
 10457.1 22369.7 2378.45 244.428 44.8729
 30679.9 4906.25 5994.54 556.99 67.5456
 1314.97 13928.1 919.321 907.769 94.1272
pred_Ctot
 73.0755 4286.09 2078.83 274.621 0.013028
 173.369 602.92 3604.47 1414.31 186.04
 91.0901 2717.72 857.862 4089.22 1807.16
 239.959 272.535 454.523 100.507 685.59
 757.142 327.076 23.726 28.3845 48.7419
 1070.84 11211.9 420.43 24.1397 78.0918
 6329.55 3199.36 1494.37 37.183 8.96121
 4855.71 16558 346.723 105.111 3.21559
 7434.78 15475.3 2321.42 32.2171 9.97724
 8149.72 14422 1077.38 100.322 1.80469
 5875.81 31082.1 2965.34 154.795 14.562
 4908.68 16278.9 3649.14 227.616 12.8814
 8545.19 16625.4 2256.69 330.442 21.5795
 6577.51 18922.2 778.778 57.6813 8.87939
 2869.78 8322.27 169.304 2.78793 0.233496
 996.523 2833.53 61.0016 0.496978 0.00869142
 720.626 2500.3 253.571 3.40992 0.0279805
 811.109 1705.6 214.71 13.6324 0.182968
 548.785 1807.47 163.573 13.4349 0.856565
 661.004 2081.81 391.062 25.046 2.1723
 748.029 1390 221.632 28.2725 1.95157
 859.899 2873.59 376.948 44.67 6.05384
 1662.75 3854.64 893.254 86.9613 11.6288
 2960.39 5717.75 817.035 136.122 14.9195
 416.433 7670.62 943.141 97.1994 17.8451
 1902.85 2320.38 3200.4 298.059 36.1469
 139.44 9009.9 646.518 639.377 66.2993
F
 0.0131393 0.14276 0.173958 0.174652 0.174664
 0.0224959 0.244421 0.297834 0.299022 0.299044
 0.103579 1.1254 1.37134 1.3768 1.3769
 0.0905219 0.983529 1.19846 1.20324 1.20333
 0.0273405 0.297057 0.361973 0.363417 0.363443
 0.133239 1.44765 1.76401 1.77105 1.77117
 0.145101 1.57653 1.92105 1.92872 1.92885
 0.133765 1.45337 1.77097 1.77803 1.77816
 0.168435 1.83006 2.22998 2.23888 2.23904
 0.104661 1.13715 1.38566 1.39118 1.39128
 0.14118 1.53394 1.86915 1.8766 1.87674
 0.141301 1.53525 1.87074 1.87821 1.87834
 0.231167 2.51165 3.06052 3.07273 3.07295
 0.372598 4.04831 4.93299 4.95267 4.95303
 0.372597 4.04831 4.93299 4.95267 4.95302
 0.164908 1.79174 2.1833 2.192 2.19216
 0.16385 1.78025 2.16929 2.17794 2.1781
 0.142552 1.54885 1.88732 1.89485 1.89498
 0.0975219 1.05959 1.29114 1.29629 1.29638
 0.121162 1.31644 1.60412 1.61052 1.61064
 0.0688117 0.747646 0.911029 0.914663 0.914729
 0.0695123 0.755258 0.920305 0.923976 0.924043
 0.0886037 0.962688 1.17306 1.17774 1.17783
 0.0870238 0.945522 1.15215 1.15674 1.15683
 0.0567741 0.616856 0.751659 0.754657 0.754711
 0.0897027 0.974629 1.18762 1.19235 1.19244
 0.157955 1.7162 2.09124 2.09958 2.09974
Np
 11529.8 5546.04 195.88 404.929 24.3003
YTP_r0W_actual
 243.579 64569.2 7318.15 9258.79 1065.46
YTP_p0W_proyectada
 2135.74 2584.91 9896.5 575.208 663.126
 2135.74 25710.9 1559.28 4130.08 275.063
CTP_r0_actual
 29.7048 2989.32 233.062 230.893 23.9428
CTP_p0_proyectada
 260.456 119.672 315.175 14.3443 14.9017
 260.456 1190.32 49.6585 102.994 6.1812
Wmedp
 8.2 21.6 31.4 40.1 44.5
nmprior
 10.8 10.6 4.6 0
nm_flota  nm_reclas  nm_pelaces    nm_pelaL
inf 17.1326 13.2343 37.186
cv_recla  cv_pelaces  cv_mph
0.753055 0.376969 0.523239
 ------------------------------------------------
Talla a la edad & desviaci?n 
 7.2 14.2025 17.0495 18.207 18.6776
 1.08 2.13037 2.55742 2.73105 2.80164
