years
 1997 1998 1999 2000 2001 2002 2003 2004 2005 2006 2007 2008 2009 2010 2011 2012 2013 2014 2015 2016 2017 2018 2019 2020 2021 2022 2023
reclasobs
 0 0 0 370054 412103 1.49427e+06 250295 1.28982e+06 931140 785840 897777 1.04006e+06 184774 17550 25797 100020 73551 82996 120727 218422 84188 347160 605670 569463 516374 1.08416e+06 1.01767e+06
reclaspred
 431915 127843 438450 311056 398896 464641 997678 649437 704330 592359 458357 309718 190899 95758.7 72638.7 72703.7 85462.3 119929 131648 189052 271186 253350 446965 601097 730521 718147 736895
pelacesobs
 0 0 0 0 0 0 0 0 0 2.06254e+06 1.5e+06 0 1.87456e+06 323000 250000 174000 83755 137374 0 501740 490994 745055 786931 1.00524e+06 1.33801e+06 1.41789e+06 0
pelacespred
 1.62105e+06 433154 876270 958617 1.0412e+06 1.02701e+06 2.41207e+06 2.0233e+06 1.91188e+06 1.64034e+06 1.15234e+06 800817 494812 216183 159539 166968 202824 282252 318740 444731 706034 643250 929164 1.41168e+06 1.70947e+06 1.84935e+06 1.80507e+06
mphobs
 0 0 0 0 0 0 112323 0 153150 637223 0 255016 313432 73983 77613 109348 50772 17779 17303 59886 28197 0 207744 136588 643089 65757 70829
mphpred
 137390 95674.1 126764 173954 163304 226080 345441 391789 333468 324737 277304 195673 119701 91735.6 48556.2 42768.8 46755.9 63630.1 30022.2 34373 52986.2 63831 80988.7 121430 164526 172534 162679
desembarqueobs
 350755 77701 442110 56441 14545 235359 269955 359681 431902 328805 639364 411747 362871 311530 167758 66681 60226 58785 57116 73181 50977 67692 138656 160484 209506 203330 245020
desembarquepred
 350766 77704.8 442155 56442.8 14545.1 235401 269981 359712 431958 328862 639743 412087 363381 312135 167869 66701.5 60249.2 58790.1 57114.6 73183.9 50978 67689.2 138660 160490 209511 203332 245017
Reclutas
 81649.6 102341 65630.6 92301.7 146480 110736 170970 154216 177096 148562 72028.9 42352.2 43280.6 25930 21362.9 26061.5 21548.8 27718.9 33178.7 54976 71129.4 96527.1 152057 209461 89923.9 129237 209748
log_desv_Rt
 0.0701925 0.296069 -0.148202 0.192818 0.654643 0.374908 0.809242 0.706108 0.844446 0.668756 -0.0551775 -0.586225 -0.56454 -1.07684 -1.27059 -1.07179 -1.26193 -1.01013 -0.830336 -0.325348 -0.0677438 0.237579 0.692014 1.01229 0.166719 0.529403 1.01366
SSB
 981445 683448 905538 1.24264e+06 1.16657e+06 1.615e+06 2.41103e+06 2.77489e+06 2.34088e+06 2.28071e+06 1.98092e+06 1.39779e+06 875378 474899 257454 229801 259430 341938 438402 522766 772252 909493 1.18143e+06 1.70346e+06 2.49315e+06 2.67601e+06 2.39253e+06
BT
 3.36889e+06 950710 1.90082e+06 1.87503e+06 1.98256e+06 2.13238e+06 4.75175e+06 4.24227e+06 4.01703e+06 3.42676e+06 2.76998e+06 1.90104e+06 1.29715e+06 713911 447642 372216 434720 581692 652724 901712 1.37876e+06 1.28139e+06 1.85529e+06 2.80421e+06 3.3989e+06 3.67964e+06 3.62817e+06
Ftot
 0.297065 0.214247 0.286964 0.052877 0.0118562 0.129007 0.0810449 0.162798 0.184347 0.154619 0.342418 0.316646 0.486958 0.815068 0.681339 0.271931 0.214219 0.149565 0.122894 0.122817 0.0584352 0.0765609 0.0882103 0.0832709 0.071612 0.0731966 0.0958485
BD_Bspro_t
 0.964315 0.83116 0.812261 0.732563 0.812502 0.888207 0.865534 0.868775 0.82735 0.793361 0.751473 0.614558 0.507922 0.400326 0.289552 0.313439 0.425973 0.581902 0.69058 0.767089 0.839782 0.888951 0.895767 0.899729 0.906961 0.887032 0.874871
BD_Bspro
 0.624291 0.434737 0.576007 0.790436 0.742045 1.02729 1.53364 1.76509 1.48902 1.45075 1.26005 0.889126 0.556822 0.30208 0.163765 0.146175 0.165022 0.217505 0.278865 0.332528 0.491224 0.578522 0.751501 1.08356 1.58588 1.7022 1.52188
BD_Bo
 0.292598 0.203756 0.269968 0.370468 0.347788 0.48148 0.718799 0.827276 0.697887 0.679949 0.590571 0.416723 0.260976 0.141582 0.0767546 0.0685106 0.0773439 0.101942 0.130701 0.155852 0.230231 0.271147 0.35222 0.507851 0.743283 0.797799 0.713286
BD_Brms
 0.531996 0.370466 0.490851 0.673579 0.632342 0.875419 1.30691 1.50414 1.26888 1.23627 1.07377 0.757678 0.474502 0.257421 0.139554 0.124565 0.140625 0.185349 0.237638 0.283368 0.418602 0.492994 0.6404 0.923365 1.35142 1.45054 1.29688
S_f
 0.206288 1 1 1 1
 0.206288 1 1 1 1
 0.206288 1 1 1 1
 0.206288 1 1 1 1
 0.206288 1 1 1 1
 0.206288 1 1 1 1
 0.206288 1 1 1 1
 0.206288 1 1 1 1
 0.206288 1 1 1 1
 0.206288 1 1 1 1
 0.206288 1 1 1 1
 0.206288 1 1 1 1
 0.206288 1 1 1 1
 0.206288 1 1 1 1
 0.206288 1 1 1 1
 0.206288 1 1 1 1
 0.206288 1 1 1 1
 0.206288 1 1 1 1
 0.206288 1 1 1 1
 0.206288 1 1 1 1
 0.206288 1 1 1 1
 0.206288 1 1 1 1
 0.206288 1 1 1 1
 0.206288 1 1 1 1
 0.206288 1 1 1 1
 0.206288 1 1 1 1
 0.206288 1 1 1 1
Scru_reclas
 1 1 1 1 1
 1 1 1 1 1
 1 1 1 1 1
 1 1 1 1 1
 1 1 1 1 1
 1 1 1 1 1
 1 1 1 1 1
 1 1 1 1 1
 1 1 1 1 1
 1 1 1 1 1
 1 1 1 1 1
 1 1 1 1 1
 1 1 1 1 1
 1 1 1 1 1
 1 1 1 1 1
 1 1 1 1 1
 1 1 1 1 1
 1 1 1 1 1
 1 1 1 1 1
 1 1 1 1 1
 1 1 1 1 1
 1 1 1 1 1
 1 1 1 1 1
 1 1 1 1 1
 1 1 1 1 1
 1 1 1 1 1
 1 1 1 1 1
Scru_pelaces
 1 1 1 1 1
 1 1 1 1 1
 1 1 1 1 1
 1 1 1 1 1
 1 1 1 1 1
 1 1 1 1 1
 1 1 1 1 1
 1 1 1 1 1
 1 1 1 1 1
 1 1 1 1 1
 1 1 1 1 1
 1 1 1 1 1
 1 1 1 1 1
 1 1 1 1 1
 1 1 1 1 1
 1 1 1 1 1
 1 1 1 1 1
 1 1 1 1 1
 1 1 1 1 1
 1 1 1 1 1
 1 1 1 1 1
 1 1 1 1 1
 1 1 1 1 1
 1 1 1 1 1
 1 1 1 1 1
 1 1 1 1 1
 1 1 1 1 1
pf_obs 
 0.256992 0.487395 0.22802 0.0275931 0
 0.321318 0.546541 0.124235 0.00734118 0.000564706
 0.182869 0.594174 0.210203 0.0122559 0.00049798
 0.330522 0.361315 0.267642 0.0388342 0.00168674
 0.649043 0.306663 0.0425973 0.00169635 0
 0.582887 0.30429 0.105238 0.00758474 0
 0.465427 0.430635 0.0974691 0.00646863 0
 0.296916 0.608066 0.0921331 0.00288517 0
 0.311714 0.524322 0.152257 0.0117073 0
 0.15457 0.633149 0.183074 0.0267441 0.00246327
 0.131901 0.49318 0.331252 0.0422183 0.00144891
 0.196976 0.569456 0.194076 0.0375587 0.00193317
 0.518974 0.381816 0.0799577 0.0180837 0.00116848
 0.0928022 0.601141 0.25162 0.0475244 0.00691264
 0.122501 0.610282 0.24278 0.0234846 0.000952079
 0.383417 0.481906 0.127806 0.00687128 0
 0.0376549 0.599619 0.316969 0.0457579 0
 0.0361596 0.667082 0.258105 0.0386534 0
 0.158088 0.579412 0.248529 0.0139706 0
 0.0477256 0.309471 0.559284 0.082774 0.000745712
 0.0406174 0.521527 0.379366 0.0568643 0.0016247
 0.151134 0.462217 0.34131 0.0453401 0
 0.294876 0.26143 0.354403 0.0886775 0.000613685
 0.281977 0.475581 0.204845 0.0348837 0.00271318
 0.0841818 0.532909 0.334909 0.0458182 0.00218182
 0.115287 0.27431 0.454777 0.147771 0.00785563
 0 0 0 0 0
pf_pred 
 0.389613 0.431032 0.160423 0.0189222 1.04542e-05
 0.317207 0.53244 0.106173 0.039516 0.00466355
 0.179499 0.584763 0.183828 0.0366569 0.0152532
 0.25675 0.406636 0.239901 0.075416 0.0212963
 0.29711 0.443943 0.141671 0.0835811 0.0336944
 0.181402 0.55107 0.16897 0.0539216 0.0446363
 0.265047 0.391214 0.231401 0.0709523 0.0413856
 0.206172 0.511581 0.15024 0.0888658 0.0431416
 0.232174 0.441717 0.21016 0.0617193 0.0542294
 0.189984 0.497578 0.17974 0.0855168 0.0471809
 0.113646 0.486856 0.245404 0.0886474 0.0654462
 0.10937 0.374796 0.283337 0.142819 0.0896783
 0.178345 0.334761 0.204896 0.154896 0.127103
 0.168773 0.472526 0.146143 0.0894489 0.123109
 0.230098 0.455415 0.178776 0.0552917 0.0804193
 0.298798 0.466997 0.138538 0.0543838 0.0412834
 0.214944 0.549773 0.156697 0.0464853 0.0321004
 0.258828 0.440115 0.21083 0.0600911 0.0301364
 0.256338 0.479044 0.157133 0.0752718 0.0322136
 0.319857 0.434198 0.15843 0.0519672 0.0355477
 0.284463 0.505612 0.134015 0.0488992 0.0270113
 0.280166 0.478112 0.170805 0.0452727 0.025644
 0.311913 0.455013 0.154807 0.0553048 0.022962
 0.294429 0.490828 0.142004 0.0483133 0.0244261
 0.111898 0.601562 0.19933 0.0576691 0.0295402
 0.193786 0.311781 0.334908 0.110973 0.0485521
 0.278778 0.393963 0.126558 0.135946 0.0647546
pobs_RECLAS
 0 0 0 0 0
 0 0 0 0 0
 0 0 0 0 0
 0 0 0 0 0
 0.835266 0.146461 0.0176864 0.000547809 3.91292e-05
 0.385257 0.428462 0.181853 0.0044286 0
 0.867414 0.0963971 0.0333333 0.00285562 0
 0.441836 0.489002 0.0689373 0.000224442 0
 0.779404 0.147425 0.0564933 0.0165055 0.000172143
 0.814271 0.122319 0.05973 0.00367925 0
 0.40263 0.566651 0.0304383 0.000280538 0
 0.475488 0.404961 0.113038 0.00651328 0
 0.955842 0.0263864 0.0167828 0.000988607 0
 0.975058 0.0227948 0.00214734 0 0
 0.738997 0.206755 0.0527124 0.00153531 0
 0.850938 0.134255 0.0134407 0.00136685 0
 0.542534 0.407297 0.0501686 0 0
 0.764087 0.199537 0.0359546 0.000420521 0
 0.470689 0.182191 0.310203 0.0369168 0
 0.84361 0.089868 0.0606195 0.00523954 0.000663233
 0.607945 0.314616 0.071237 0.00620181 0
 0.523733 0.453247 0.0230204 0 0
 0.530135 0.295979 0.169645 0.0042399 0
 0.562478 0.366248 0.0663022 0.0049721 0
 0.250443 0.683176 0.0655157 0.000865301 0
 0.195077 0.31981 0.436473 0.0351445 0.0134964
 0.565238 0.351407 0.0832357 0.000118908 0
ppred_RECLAS
 0.758888 0.170264 0.0633694 0.00747453 4.12956e-06
 0.69497 0.237861 0.0474317 0.0176533 0.00208339
 0.518766 0.342971 0.107817 0.0214997 0.0089462
 0.626701 0.204234 0.120491 0.0378779 0.0106961
 0.672152 0.207068 0.0660796 0.0389846 0.015716
 0.519534 0.323444 0.0991746 0.0316486 0.0261987
 0.637045 0.193201 0.114277 0.0350397 0.0204382
 0.559425 0.283928 0.0833831 0.0493205 0.0239436
 0.596809 0.231949 0.110357 0.0324092 0.0284762
 0.534047 0.286227 0.103394 0.0491927 0.0271403
 0.388103 0.336103 0.169416 0.061198 0.045181
 0.377471 0.261973 0.198046 0.0998268 0.062683
 0.520576 0.195328 0.119553 0.0903797 0.0741626
 0.511699 0.277584 0.085851 0.0525465 0.0723201
 0.603419 0.234587 0.0920883 0.028481 0.0414244
 0.677171 0.215003 0.063782 0.025038 0.0190067
 0.573152 0.298921 0.085199 0.0252749 0.0174535
 0.63045 0.219442 0.10512 0.0299615 0.0150261
 0.62706 0.240237 0.0788008 0.0377482 0.0161549
 0.696414 0.193807 0.0707162 0.0231959 0.015867
 0.659006 0.240953 0.0638656 0.0233032 0.0128724
 0.654434 0.229524 0.0819975 0.0217338 0.0123108
 0.688185 0.206195 0.0701529 0.0250621 0.0104055
 0.670093 0.229499 0.0663972 0.0225901 0.011421
 0.380004 0.419959 0.139155 0.0402596 0.0206224
 0.539035 0.178266 0.191489 0.0634507 0.0277604
 0.653103 0.18949 0.0608727 0.065388 0.031146
pobs_PELACES
 0 0 0 0 0
 0 0 0 0 0
 0 0 0 0 0
 0 0 0 0 0
 0 0 0 0 0
 0 0 0 0 0
 0 0 0 0 0
 0 0 0 0 0
 0 0 0 0 0
 0 0 0 0 0
 0.450072 0.473896 0.0757376 0.000293798 0
 0 0 0 0 0
 0.463077 0.371075 0.160297 0.00555027 0
 0.529543 0.364841 0.0842815 0.0213345 0
 0.631943 0.363953 0.00410389 0 0
 0.735681 0.248677 0.0153453 0.000297389 0
 0.695825 0.281241 0.0229344 0 0
 0.275771 0.60734 0.115278 0.00161068 0
 0 0 0 0 0
 0.896147 0.0623911 0.0374545 0.00400742 0
 0.803859 0.145111 0.0509908 3.86294e-05 0
 0.739449 0.233085 0.0266225 0.000797448 4.60066e-05
 0.878498 0.100942 0.0204185 0.000141795 0
 0.694673 0.275183 0.0284847 0.00165964 0
 0.469039 0.446079 0.0841089 0.000773354 0
 0.822795 0.102175 0.0682046 0.00682512 0
 0 0 0 0 0
ppred_PELACES
 0.772837 0.160414 0.0597033 0.0070421 3.89065e-06
 0.706735 0.228688 0.0456024 0.0169724 0.00200304
 0.537495 0.329623 0.103621 0.020663 0.00859802
 0.629935 0.202465 0.119447 0.0375497 0.0106035
 0.672836 0.206636 0.0659417 0.0389033 0.0156832
 0.527963 0.31777 0.0974349 0.0310935 0.0257392
 0.641938 0.190596 0.112736 0.0345672 0.0201627
 0.569907 0.277173 0.0813993 0.0481472 0.023374
 0.608372 0.225297 0.107192 0.0314798 0.0276596
 0.544109 0.280045 0.101161 0.0481303 0.0265542
 0.409603 0.324293 0.163463 0.0590477 0.0435935
 0.397149 0.253692 0.191786 0.0966713 0.0607016
 0.552283 0.18241 0.111647 0.0844025 0.0692579
 0.564708 0.24745 0.0765312 0.0468421 0.0644692
 0.645243 0.209847 0.0823767 0.0254774 0.0370558
 0.692541 0.204766 0.0607453 0.0238459 0.0181017
 0.586819 0.28935 0.082471 0.0244656 0.0168947
 0.639529 0.214051 0.102537 0.0292254 0.0146569
 0.634556 0.235408 0.0772169 0.0369895 0.0158302
 0.703172 0.189493 0.0691421 0.0226795 0.0155138
 0.662437 0.238529 0.063223 0.0230688 0.0127429
 0.658955 0.226522 0.0809247 0.0214494 0.0121497
 0.693121 0.202931 0.0690423 0.0246653 0.0102408
 0.674897 0.226157 0.0654304 0.0222611 0.0112547
 0.384433 0.416959 0.138161 0.039972 0.0204751
 0.543795 0.176425 0.189511 0.0627955 0.0274737
 0.658769 0.186395 0.0598785 0.06432 0.0306373
pobs_pel_tallas
 0 0 0 0 0 0 0 0 0 0 0 0 0 0 0 0 0 0 0 0 0 0 0 0 0 0 0 0 0 0 0 0 0 0 0 0
 0 0 0 0 0 0 0 0 0 0 0 0 0 0 0 0 0 0 0 0 0 0 0 0 0 0 0 0 0 0 0 0 0 0 0 0
 0 0 0 0 0 0 0 0 0 0 0 0 0 0 0 0 0 0 0 0 0 0 0 0 0 0 0 0 0 0 0 0 0 0 0 0
 0 0 0 0 0 0 0 0 0 0 0 0 0 0 0 0 0 0 0 0 0 0 0 0 0 0 0 0 0 0 0 0 0 0 0 0
 0 0 0 0 0 0 0 0 0 0 0 0 0 0 0 0 0 0 0 0 0 0 0 0 0 0 0 0 0 0 0 0 0 0 0 0
 0 0 0 0 0 0 0 0 0 0 0 0 0 0 0 0 0 0 0 0 0 0 0 0 0 0 0 0 0 0 0 0 0 0 0 0
 0 0 0 0 0 0 0 0 0 0 0 0 0 0 0 0 0 0 0 0 0 0 0 0 0 0 0 0 0 0 0 0 0 0 0 0
 0 0 0 0 0 0 0 0 0 0 0 0 0 0 0 0 0 0 0 0 0 0 0 0 0 0 0 0 0 0 0 0 0 0 0 0
 0 0 0 0 0 0 0 0 0 0 0 0 0 0 0 0 0 0 0 0 0 0 0 0 0 0 0 0 0 0 0 0 0 0 0 0
 0 0 0 0 0 0 0 0 0 0 0 0 0 0 0 0 0 0 0 0 0 0 0 0 0 0 0 0 0 0 0 0 0 0 0 0
 0 0 0 0 0 0 0 0 1.78061e-05 0.00172719 0.00360574 0.0105946 0.0120993 0.0124554 0.0147524 0.0171206 0.0266825 0.0428682 0.0675386 0.121331 0.153587 0.119568 0.100827 0.0573624 0.0630603 0.0341343 0.0324427 0.0444173 0.0211091 0.0280891 0.0125444 0.00206551 0 0 0 0
 0 0 0 0 0 0 0 0 0 0 0 0 0 0 0 0 0 0 0 0 0 0 0 0 0 0 0 0 0 0 0 0 0 0 0 0
 0 0 0 0 0 0 0.0133647 0.0140871 0.0187388 0.0205184 0.03894 0.0496705 0.03968 0.0493445 0.0407372 0.0367815 0.0215668 0.0243155 0.0234873 0.0199281 0.019796 0.0243948 0.0301388 0.0376714 0.0412746 0.0863199 0.0771752 0.113111 0.0741005 0.0525337 0.0229764 0.00759418 0.00175318 0 0 0
 0 0 0 0 0 0 0 0 0 0 0.00219441 0.00772107 0.0458388 0.0604681 0.0671733 0.0775358 0.0609151 0.0617685 0.073594 0.0568108 0.0755445 0.0548602 0.0670107 0.0636378 0.0643287 0.046367 0.0373049 0.0286899 0.0247887 0.0153202 0.00654259 0.00121912 0.000365735 0 0 0
 0 0 0 0 0 0 0 0 0 0 0 0 0.000112435 0.00938835 0.0111873 0.0202946 0.0414886 0.0713402 0.111592 0.104902 0.108894 0.110636 0.117776 0.105296 0.107544 0.0401394 0.0192827 0.0124803 0.00416011 0.0028671 0.000618394 0 0 0 0 0
 0 0 0 0 0 0 0 0 0 0 0.00291406 0.0102884 0.027416 0.0768956 0.0749926 0.110853 0.0956884 0.0897413 0.0766577 0.0534642 0.0500743 0.0551293 0.0594112 0.0620874 0.0668451 0.0424026 0.0208742 0.0120726 0.0048766 0.00582813 0.00118941 0.000297354 0 0 0 0
 0 0.00264628 0.0354308 0.0461629 0.0458689 0.0383711 0.0214643 0.0164657 0.0346957 0.0420465 0.0363128 0.0245516 0.0311673 0.0291091 0.0169068 0.0133784 0.00837989 0.0085269 0.0148486 0.0160247 0.0276389 0.0546898 0.0760071 0.122758 0.109233 0.0665981 0.0333725 0.0166128 0.00676272 0.00308733 0.000882094 0 0 0 0 0
 0 0 0 0 0 0 0 0.000805153 0.000690131 0.00759144 0.0133425 0.0154129 0.00931677 0.000345066 0.00356568 0.00563607 0.00851162 0.0253048 0.0502646 0.0516448 0.0657925 0.0565908 0.0611916 0.0827007 0.0866115 0.110766 0.145733 0.0935128 0.0569358 0.0249597 0.0138026 0.00621118 0.00161031 0.00115022 0 0
 0 0 0 0 0 0 0 0 0 0 0 0 0 0 0 0 0 0 0 0 0 0 0 0 0 0 0 0 0 0 0 0 0 0 0 0
 0.00147267 0.00158595 0.00478618 0.00569244 0.00954404 0.0108468 0.00647125 0.017049 0.0510054 0.094081 0.124002 0.0959785 0.0687766 0.0820023 0.061753 0.0591476 0.0492212 0.0479892 0.0443925 0.0268479 0.0217502 0.0140895 0.0121071 0.0120363 0.00920419 0.00665534 0.0049561 0.00860946 0.00930331 0.0156896 0.0114698 0.00855282 0.00243557 0.00046729 0 2.83206e-05
 0 0 0 0 0.000772559 0.00158375 0.000888443 0.00281984 0.00712685 0.0440552 0.0773331 0.111326 0.0921469 0.0852325 0.0710754 0.0886704 0.0786465 0.0553345 0.0373146 0.0185414 0.00753245 0.00457741 0.012979 0.0271748 0.0457355 0.0583668 0.034881 0.0177882 0.00938659 0.00492506 0.0015258 0.00185414 0.000309023 5.79419e-05 3.86279e-05 0
 0 0.00173294 0.00326652 0 0.00397197 0.00683976 0.00946217 0.0152591 0.00757587 0.0136028 0.0228656 0.0392903 0.0559909 0.0764795 0.0681675 0.0726916 0.0566044 0.0477403 0.0527397 0.0444891 0.0609904 0.0582453 0.0661739 0.0445044 0.0529084 0.0360697 0.0280645 0.0235558 0.0158879 0.00826598 0.00280645 0.00217768 0.000904811 0.00058276 9.20147e-05 0
 0 0 0 0 0 0 0 0 0 0 0 0 0 0 0 0 0 0 0 0 0 0 0 0 0 0 0 0 0 0 0 0 0 0 0 0
 0 0 0 0 0 0 0 0 0 0 0 0 0 0 0 0 0 0 0 0 0 0 0 0 0 0 0 0 0 0 0 0 0 0 0 0
 0 0 0 0 0 0 0 0 0 0 0 0 0 0 0 0 0 0 0 0 0 0 0 0 0 0 0 0 0 0 0 0 0 0 0 0
 0 0 0 0 0 0 0 0 0 0 0 0 0 0 0 0 0 0 0 0 0 0 0 0 0 0 0 0 0 0 0 0 0 0 0 0
 0 0 0 0 0 0 0 0 0 0 0 0 0 0 0 0 0 0 0 0 0 0 0 0 0 0 0 0 0 0 0 0 0 0 0 0
ppred_pel_tallas
 1.01143e-16 3.37186e-05 0.000197904 0.000940753 0.00362196 0.0112948 0.0285296 0.0583753 0.0967631 0.129949 0.141406 0.12472 0.0892576 0.0520484 0.0251799 0.010956 0.00568997 0.00504332 0.00635742 0.00846381 0.0108825 0.0133216 0.0155113 0.0171995 0.0181949 0.0184071 0.0178629 0.0166912 0.0150846 0.0132511 0.011372 0.00957717 0.00794113 0.0064928 0.00523276 0.00414902
 1.01399e-16 3.08389e-05 0.000180992 0.000860336 0.00331231 0.0103291 0.0260906 0.0533854 0.0884941 0.118851 0.129349 0.114132 0.0817803 0.0478903 0.0235458 0.010889 0.00658244 0.0066814 0.00875323 0.0116927 0.0149839 0.0182475 0.0211072 0.0232117 0.0243037 0.0242769 0.0231978 0.0212805 0.0188275 0.0161554 0.0135313 0.011136 0.00905814 0.00731199 0.00586637 0.00467249
 1.02691e-16 2.34635e-05 0.000137682 0.000654416 0.00251943 0.00785652 0.0198452 0.0406075 0.0673179 0.0904254 0.0984516 0.0869625 0.0625148 0.0370177 0.0189638 0.0100575 0.00783703 0.00935999 0.0127916 0.0172408 0.0221862 0.027138 0.0315643 0.0349552 0.0369257 0.0373001 0.0361441 0.0337326 0.0304682 0.0267799 0.023036 0.0194938 0.0162917 0.0134728 0.0110226 0.00890389
 1.03548e-16 2.74892e-05 0.000161328 0.000766857 0.0029524 0.00920675 0.0232556 0.0475846 0.0788787 0.105938 0.115298 0.10174 0.0729138 0.0427253 0.0210599 0.00983615 0.0060927 0.0063315 0.00840673 0.0113589 0.0147538 0.0182745 0.0215962 0.0243995 0.0264269 0.0275315 0.0276989 0.0270319 0.0257084 0.0239296 0.0218756 0.0196816 0.0174375 0.0151997 0.0130103 0.0109093
 1.03074e-16 2.93599e-05 0.000172311 0.000819069 0.00315343 0.00983366 0.0248391 0.0508245 0.084249 0.113149 0.123142 0.108652 0.0778463 0.0455722 0.0223808 0.0103109 0.00618668 0.00625791 0.00821931 0.0110359 0.0142397 0.0174965 0.0204736 0.0228546 0.0243983 0.0249883 0.0246531 0.023545 0.0218905 0.0199295 0.0178636 0.0158291 0.0138956 0.012083 0.0103868 0.00879895
 1.03758e-16 2.30473e-05 0.00013524 0.000642807 0.00247474 0.00771716 0.0194931 0.0398872 0.0661235 0.0888206 0.0967033 0.0854154 0.0613967 0.0363436 0.0185968 0.00982877 0.00762028 0.00908186 0.0124143 0.0167492 0.0215847 0.0264535 0.0308485 0.0342823 0.0363859 0.0369884 0.0361469 0.0341148 0.0312639 0.0279875 0.0246189 0.0213856 0.0184043 0.0157064 0.0132762 0.0110844
 1.03793e-16 2.80121e-05 0.000164399 0.000781459 0.00300863 0.0093821 0.0236985 0.0484906 0.0803802 0.107953 0.117487 0.103662 0.0742712 0.0434796 0.0213551 0.00984532 0.00592493 0.00602367 0.00795375 0.0107432 0.0139634 0.0173131 0.0204874 0.0231872 0.0251707 0.026299 0.0265563 0.026035 0.0248972 0.0233249 0.0214801 0.019483 0.0174118 0.0153162 0.0132346 0.0112066
 1.03993e-16 2.48746e-05 0.000145971 0.000693835 0.00267122 0.00832989 0.0210408 0.0430535 0.0713705 0.0958626 0.104354 0.0921349 0.0661433 0.0389858 0.0196398 0.00988052 0.00706644 0.00805708 0.0109077 0.0147066 0.0189716 0.0232878 0.0272147 0.03033 0.032313 0.0330127 0.0324738 0.0309081 0.0286272 0.025959 0.0231784 0.0204692 0.0179226 0.0155605 0.0133698 0.0113321
 1.0397e-16 2.65498e-05 0.000155811 0.000740624 0.00285139 0.00889175 0.0224599 0.0459568 0.0761813 0.102318 0.111365 0.0982859 0.0704743 0.0413683 0.0205256 0.00981168 0.00637876 0.0068564 0.00917153 0.0123842 0.0160475 0.0198157 0.0233294 0.0262393 0.0282698 0.0292741 0.0292568 0.0283543 0.0267849 0.0247866 0.0225657 0.0202683 0.0179801 0.0157426 0.0135774 0.0115041
 1.04422e-16 2.37498e-05 0.000139368 0.00066244 0.00255035 0.00795294 0.0200887 0.0411053 0.0681416 0.0915272 0.0996392 0.0879826 0.0631854 0.0372889 0.0188717 0.00963812 0.00707656 0.00819804 0.0111518 0.0150674 0.0194764 0.0239664 0.0280941 0.0314303 0.0336442 0.0345715 0.0342419 0.0328517 0.0306979 0.0280971 0.0253175 0.0225423 0.0198681 0.0173282 0.0149248 0.0126564
 1.06492e-16 1.78866e-05 0.000104941 0.000498763 0.00192013 0.00598762 0.0151245 0.0309487 0.0513084 0.0689284 0.0750674 0.0663569 0.0478107 0.0285302 0.0150231 0.0086331 0.00753318 0.00952633 0.013244 0.0180095 0.0233921 0.0289481 0.034173 0.0385657 0.0417265 0.0434357 0.0436867 0.0426581 0.0406442 0.0379673 0.0349067 0.0316606 0.028347 0.0250282 0.021745 0.0185414
 1.08964e-16 1.73407e-05 0.000101743 0.000483571 0.00186166 0.00580532 0.0146639 0.0300058 0.0497436 0.0668215 0.0727604 0.0642878 0.0462553 0.0274732 0.0142334 0.00781887 0.00644232 0.00796953 0.0110907 0.0151958 0.0199446 0.0250087 0.0300091 0.0345533 0.0383056 0.0410446 0.0426891 0.0432823 0.0429466 0.0418301 0.0400643 0.0377482 0.034957 0.031763 0.0282582 0.0245634
 1.07781e-16 2.41022e-05 0.000141445 0.000672339 0.00258849 0.00807192 0.0203891 0.0417193 0.0691565 0.0928818 0.101091 0.0892106 0.0639497 0.0375041 0.0185467 0.00876838 0.00558455 0.00594328 0.00798098 0.010876 0.0142679 0.0178973 0.0214937 0.0247843 0.0275393 0.029611 0.0309507 0.0315933 0.0316235 0.0311349 0.0302002 0.0288623 0.0271438 0.0250678 0.0226784 0.020051
 1.05789e-16 2.46466e-05 0.000144636 0.000687492 0.00264681 0.00825378 0.0208485 0.0426598 0.0707172 0.0949827 0.10339 0.0912695 0.0654908 0.0385384 0.0192988 0.00952077 0.00657771 0.00735353 0.00992622 0.0134105 0.0173616 0.0214141 0.0251837 0.0283001 0.0304788 0.0315792 0.0316269 0.030787 0.0293053 0.0274367 0.0253872 0.0232847 0.0211827 0.0190853 0.0169802 0.0148646
 1.03845e-16 2.81568e-05 0.000165247 0.000785489 0.00302414 0.00943046 0.0238207 0.0487408 0.0807953 0.108512 0.118099 0.10421 0.0746817 0.0437557 0.0215565 0.0100467 0.00618901 0.00639455 0.00845786 0.0113873 0.0147292 0.0181521 0.0213211 0.0239146 0.0256833 0.0265013 0.0263856 0.0254762 0.0239875 0.022148 0.0201507 0.0181264 0.0161435 0.0142256 0.0123761 0.0105982
 1.02595e-16 3.0219e-05 0.000177355 0.00084305 0.00324577 0.0101216 0.0255664 0.0523126 0.0867154 0.116461 0.126744 0.111825 0.0801072 0.0468714 0.022973 0.0105055 0.00619452 0.0061747 0.00806947 0.0108126 0.0139252 0.01707 0.0199145 0.0221446 0.0235233 0.0239408 0.0234338 0.0221647 0.0203709 0.0183034 0.0161733 0.0141237 0.0122265 0.0104996 0.00893157 0.00750393
 1.02896e-16 2.56126e-05 0.000150303 0.000714424 0.00275049 0.00857709 0.0216652 0.0443312 0.0734886 0.0987077 0.107452 0.0948707 0.0681094 0.0401486 0.0202324 0.0101884 0.00729546 0.00831698 0.0112453 0.0151334 0.019474 0.0238271 0.0277266 0.0307279 0.032497 0.0328831 0.0319461 0.0299273 0.0271772 0.0240662 0.0209087 0.0179195 0.0152087 0.0128039 0.0106855 0.00881821
 1.03215e-16 2.7908e-05 0.000163786 0.000778539 0.00299738 0.009347 0.0236099 0.0483095 0.0800806 0.107553 0.117057 0.103295 0.0740354 0.0433965 0.0214159 0.0100431 0.00627183 0.00654892 0.00869067 0.0117136 0.0151633 0.0187025 0.021986 0.0246795 0.0265202 0.027369 0.0272326 0.0262452 0.0246211 0.0225952 0.0203728 0.0181022 0.0158726 0.0137287 0.0116927 0.00978117
 1.03184e-16 2.76919e-05 0.000162515 0.000772495 0.0029741 0.00927441 0.0234265 0.0479345 0.0794597 0.106721 0.116156 0.102512 0.0734991 0.0431325 0.0213789 0.0101802 0.00656055 0.00699733 0.00931935 0.0125362 0.0161717 0.0198573 0.0232146 0.0258823 0.0275845 0.0281892 0.0277301 0.0263839 0.0244136 0.0220981 0.0196741 0.0173029 0.0150689 0.012998 0.0110856 0.00932069
 1.02548e-16 3.0682e-05 0.000180074 0.000855981 0.00329556 0.0102769 0.0259586 0.053115 0.0880449 0.118245 0.128681 0.113524 0.0813028 0.0475272 0.0232132 0.0104788 0.00599255 0.00582553 0.00756604 0.0101408 0.0130817 0.0160722 0.0188035 0.0209827 0.0223853 0.022902 0.0225564 0.0214874 0.0199041 0.01803 0.0160561 0.0141145 0.0122769 0.0105684 0.00898957 0.00753483
 1.02364e-16 2.89078e-05 0.000169653 0.000806429 0.00310475 0.00968185 0.0244557 0.0500402 0.0829499 0.111407 0.121255 0.107006 0.0767079 0.044989 0.0222487 0.0105086 0.0066547 0.00700217 0.00927764 0.0124425 0.0159987 0.0195642 0.0227517 0.025195 0.0266204 0.0269059 0.026104 0.0244166 0.0221354 0.0195677 0.0169729 0.0145275 0.01232 0.0103704 0.00865913 0.00715397
 1.02528e-16 2.87555e-05 0.00016876 0.000802186 0.00308842 0.00963091 0.024327 0.0497769 0.0825131 0.11082 0.120613 0.106435 0.0762882 0.0447218 0.022078 0.0103648 0.00648261 0.00676603 0.0089576 0.0120331 0.0155106 0.0190278 0.0222167 0.0247261 0.0262882 0.0267745 0.0262185 0.0247934 0.0227588 0.0203922 0.0179322 0.0155457 0.0133239 0.0112993 0.00947052 0.0078256
 1.02373e-16 3.02443e-05 0.000177503 0.000843755 0.00324848 0.0101301 0.0255878 0.0523564 0.0867879 0.116558 0.126849 0.111917 0.0801717 0.046906 0.0229841 0.010501 0.00617955 0.00615135 0.00803882 0.0107765 0.0138875 0.0170369 0.0198937 0.0221442 0.0235495 0.0239958 0.0235138 0.022259 0.0204633 0.0183738 0.0162018 0.0140938 0.0121287 0.0103326 0.00870266 0.00722745
 1.02294e-16 2.94506e-05 0.000172841 0.000821587 0.00316312 0.00986387 0.0249154 0.0509808 0.0845086 0.113499 0.123527 0.109002 0.0781182 0.0457744 0.0225596 0.010526 0.00649394 0.00670447 0.00884151 0.0118542 0.0152507 0.0186647 0.0217282 0.0240927 0.0254968 0.0258213 0.0251117 0.0235546 0.0214222 0.0190022 0.016539 0.0141998 0.0120709 0.010175 0.00849826 0.00701507
 1.04428e-16 1.67929e-05 9.85114e-05 0.000468176 0.00180233 0.00562024 0.0141967 0.0290509 0.0481654 0.0647158 0.0705053 0.0623851 0.0450816 0.0271669 0.0147886 0.009253 0.00888737 0.0116543 0.0162588 0.0220052 0.0283714 0.0347749 0.0405536 0.0450651 0.0478204 0.0485898 0.0474435 0.0447108 0.0408793 0.0364684 0.0319227 0.0275508 0.0235183 0.0198784 0.0166202 0.0137116
 1.0619e-16 2.37321e-05 0.000139273 0.000662009 0.00254872 0.00794788 0.0200758 0.0410783 0.068094 0.091455 0.0995389 0.0878426 0.0629732 0.0369403 0.0182858 0.00867818 0.00557825 0.00598847 0.00808314 0.0110632 0.014582 0.018388 0.0222101 0.0257631 0.0287911 0.0311076 0.0326167 0.0333069 0.0332274 0.0324567 0.0310792 0.0291758 0.0268287 0.0241306 0.0211933 0.0181459
 1.04553e-16 2.87456e-05 0.000168706 0.000801938 0.00308748 0.009628 0.0243196 0.0497614 0.0824863 0.110781 0.120561 0.106367 0.0761919 0.0445696 0.0218252 0.00995011 0.00583084 0.00579496 0.00759077 0.0102186 0.013243 0.0163672 0.0192988 0.0217583 0.0235285 0.0244982 0.0246778 0.0241808 0.0231802 0.0218563 0.0203545 0.018766 0.0171305 0.0154558 0.013742 0.0119992
pSPR Fmed_Fpbrs
0.439879   0.6 0.325
Fs Fmed_Fpbrs
0.64   0.341561 1.03498
SSBpbr Bo_Bmed_Bpbrs
3.35424e+06  1.30775e+06  1.84483e+06 922417
Ro
76115
SPR SPRFo_SPRFmed_SPRFpbrs
1.5721e+06 691532 510931
log_Ro
11.06
likeval ReclasPelacesDesembMPH_pf_preclas_ppelaces_ptallas_desvR_qrecl_qpela
 66.9603 22.2394 0.037875 22.9801 342.671 225.887 55.9806 0 19.3488 0.000118395 1.56274e-07 8.89898e-16 0 0 0
q_reclas_q_pelaces
0.213979 0.945311
M
0.7
N
 81649.6 20611 7671.07 904.816 0.499896
 102341 38135.9 7604.65 2830.32 334.026
 65630.6 48624 15285.6 3048.08 1268.33
 92301.7 30717.9 18122.5 5697.03 1608.76
 146480 45338.4 14468.4 8535.86 3441.1
 110736 72562 22249 7100.12 5877.48
 170970 53545.9 31672 9711.31 5664.49
 154216 83493.5 24520.1 14503.5 7041
 177096 74052.1 35232.6 10347 9091.34
 148562 84661.6 30582.3 14550.5 8027.72
 72028.9 71457.6 36018.9 13011.1 9605.78
 42352.2 33329.1 25196 12700.3 7974.73
 43280.6 19701.6 12058.7 9116.08 7480.35
 25930 19438.4 6011.9 3679.68 5064.37
 21362.9 10883.7 4272.43 1321.38 1921.88
 26061.5 9217.49 2734.43 1073.41 814.843
 21548.8 12235.7 3487.45 1034.58 714.426
 27718.9 10238.2 4904.45 1397.87 701.052
 33178.7 13346.6 4377.87 2097.14 897.502
 54976 16063.6 5861.28 1922.58 1315.13
 71129.4 26617.3 7055.03 2574.23 1421.98
 96527.1 34898.6 12467.5 3304.57 1871.82
 152057 47182.8 16052.8 5734.87 2381.06
 209461 74147.9 21452 7298.55 3689.97
 89923.9 102244 33878.9 9801.63 5020.75
 129237 44000.1 47263.8 15661.1 6851.9
 209748 63215.4 20307.6 21813.9 10390.5
pred_Ctot
 3502.73 3875.1 1442.25 170.116 0.0939861
 3190.18 5354.8 1067.8 397.416 46.9018
 2722.27 8868.44 2787.91 555.935 231.329
 720.586 1141.25 673.299 211.66 59.7696
 257.368 384.561 122.721 72.4012 29.1874
 2094.64 6363.17 1951.08 622.63 515.413
 2040.52 3011.85 1781.49 546.242 318.617
 3669.87 9106.17 2674.28 1581.82 767.923
 4762.89 9061.53 4311.3 1266.13 1112.48
 3360.21 8800.55 3179.02 1512.52 834.478
 3547.23 15196.2 7659.79 2766.94 2042.77
 1933.24 6624.92 5008.29 2524.47 1585.16
 2992.1 5616.29 3437.54 2598.7 2132.41
 2914.14 8158.91 2523.38 1544.48 2125.68
 2030.88 4019.56 1577.9 488.012 709.793
 1025.75 1603.17 475.593 186.696 141.724
 671.633 1717.86 489.629 145.252 100.303
 606.739 1031.71 494.223 140.864 70.6453
 598.183 1117.88 366.68 175.652 75.1727
 990.559 1344.66 490.639 160.936 110.087
 613.357 1090.2 288.962 105.436 58.2418
 1088.76 1858 663.769 175.935 99.6555
 1973.97 2879.59 979.712 350.002 145.317
 2568.06 4281.08 1238.58 421.396 213.048
 949.139 5102.57 1690.76 489.161 250.566
 1394.07 2242.91 2409.28 798.326 349.277
 2956.62 4178.24 1342.23 1441.8 686.765
F
 0.0612809 0.297065 0.297065 0.297065 0.297065
 0.0441965 0.214247 0.214247 0.214247 0.214247
 0.0591973 0.286964 0.286964 0.286964 0.286964
 0.0109079 0.052877 0.052877 0.052877 0.052877
 0.00244579 0.0118562 0.0118562 0.0118562 0.0118562
 0.0266127 0.129007 0.129007 0.129007 0.129007
 0.0167186 0.0810449 0.0810449 0.0810449 0.0810449
 0.0335833 0.162798 0.162798 0.162798 0.162798
 0.0380286 0.184347 0.184347 0.184347 0.184347
 0.0318962 0.154619 0.154619 0.154619 0.154619
 0.0706367 0.342418 0.342418 0.342418 0.342418
 0.0653204 0.316646 0.316646 0.316646 0.316646
 0.100454 0.486958 0.486958 0.486958 0.486958
 0.168139 0.815068 0.815068 0.815068 0.815068
 0.140552 0.681339 0.681339 0.681339 0.681339
 0.0560961 0.271931 0.271931 0.271931 0.271931
 0.0441909 0.214219 0.214219 0.214219 0.214219
 0.0308536 0.149565 0.149565 0.149565 0.149565
 0.0253515 0.122894 0.122894 0.122894 0.122894
 0.0253357 0.122817 0.122817 0.122817 0.122817
 0.0120545 0.0584352 0.0584352 0.0584352 0.0584352
 0.0157936 0.0765609 0.0765609 0.0765609 0.0765609
 0.0181967 0.0882103 0.0882103 0.0882103 0.0882103
 0.0171778 0.0832709 0.0832709 0.0832709 0.0832709
 0.0147727 0.071612 0.071612 0.071612 0.071612
 0.0150996 0.0731966 0.0731966 0.0731966 0.0731966
 0.0197724 0.0958485 0.0958485 0.0958485 0.0958485
Np
 64333.2 29773.4 36038 10065.8 4374.7
YTP_r0W_actual
 84496.7 289754 135313 185623 98118.4
YTP_p0W_proyectada
 25916.5 468070 190052 77969.1 134878
 25916.5 136469 240128 85653.1 41310.5
CTP_r0_actual
 10304.5 13414.5 4309.34 4628.99 2204.91
CTP_p0_proyectada
 3160.55 21669.9 6052.61 1944.37 3030.96
 3160.55 6318.02 7647.39 2135.99 928.327
Wmedp
 8.2 21.6 31.4 40.1 44.5
nmprior
 10.8 10.6 4.6 0
nm_flota  nm_reclas  nm_pelaces    nm_pelaL
inf 10.8017 19.4564 63.7803
cv_recla  cv_pelaces  cv_mph
0.708662 0.516598 0.640593
 ------------------------------------------------
Talla a la edad & desviaci?n 
 7.2 14.2025 17.0495 18.207 18.6776
 1.08 2.13037 2.55742 2.73105 2.80164
