years
 1997 1998 1999 2000 2001 2002 2003 2004 2005 2006 2007 2008 2009 2010 2011 2012 2013 2014 2015 2016 2017 2018 2019 2020 2021 2022 2023
reclasobs
 0 0 0 370054 412103 1.49427e+06 250295 1.28982e+06 931140 785840 897777 1.04006e+06 184774 17550 25797 100020 73551 82996 120727 218422 84188 347160 605670 569463 516374 1.08416e+06 1.01767e+06
reclaspred
 451677 130087 424872 298224 396202 463086 1.00054e+06 663132 738996 650405 509569 341106 207291 95921.3 68417.8 67965.4 80731.7 113923 126999 183628 266360 250727 442534 594564 721493 703972 724286
pelacesobs
 0 0 0 0 0 0 0 0 0 2.06254e+06 1.5e+06 0 1.87456e+06 323000 250000 174000 83755 137374 0 501740 490994 745055 786931 1.00524e+06 1.33801e+06 1.41789e+06 0
pelacespred
 1.76679e+06 439522 873052 939783 1.0666e+06 1.03362e+06 2.51532e+06 2.08633e+06 2.05461e+06 1.82568e+06 1.27911e+06 881823 532257 203868 145021 154224 191546 273101 309800 439657 714541 648205 939994 1.4304e+06 1.72146e+06 1.84813e+06 1.80579e+06
mphobs
 0 0 0 0 0 0 112323 0 153150 637223 0 255016 313432 73983 77613 109348 50772 17779 17303 59886 28197 0 207744 136588 643089 65757 70829
mphpred
 142416 94271.9 121402 157199 152452 217751 329713 378484 326528 328361 291822 203449 121822 100096 47080.8 41042 46014.1 63684.1 29173.9 33817.3 52997.4 64674.5 82197.7 123411 166748 172703 162575
desembarqueobs
 350755 77701 442110 56441 14545 235359 269955 359681 431902 328805 639364 411747 362871 311530 167758 66681 60226 58785 57116 73181 50977 67692 138656 160484 209506 203330 245020
desembarquepred
 350767 77705.5 442165 56443.5 14545.2 235415 269990 359714 431962 328861 639696 412057 363346 312071 167822 66701.4 60255.4 58789.8 57112.6 73184.2 50978.3 67687.7 138661 160492 209512 203332 245016
Reclutas
 63089.3 77767.6 48211.2 67947.8 109103 82286.7 130154 122514 149019 134781 67660.4 41241.9 42072.4 24146.9 18511.8 20264.4 15928.4 20532 24749 40103.9 51922.7 71058.3 111289 152785 65347.1 94986.6 155688
log_desv_Rt
 0.0523066 0.26148 -0.216654 0.126495 0.600045 0.317965 0.776472 0.715979 0.911827 0.811403 0.122256 -0.372791 -0.352852 -0.908089 -1.17384 -1.08338 -1.32414 -1.07026 -0.88346 -0.400771 -0.142489 0.171256 0.619886 0.936786 0.0874681 0.461491 0.955609
SSB
 753046 498478 641930 831216 806117 1.15139e+06 1.70181e+06 1.98296e+06 1.69438e+06 1.70534e+06 1.54305e+06 1.07577e+06 661615 344992 167549 147310 170777 227587 295596 357787 535415 638297 831453 1.19835e+06 1.75445e+06 1.86192e+06 1.65891e+06
BT
 2.60806e+06 706182 1.38352e+06 1.2899e+06 1.40704e+06 1.54019e+06 3.47575e+06 3.13974e+06 3.0847e+06 2.70777e+06 2.25604e+06 1.5354e+06 1.0539e+06 566617 332069 256961 300474 404547 454193 634478 976876 911707 1.32568e+06 2.00284e+06 2.41471e+06 2.59657e+06 2.57284e+06
Ftot
 0.403294 0.301671 0.420346 0.0797246 0.0172244 0.183373 0.116402 0.231176 0.259224 0.208205 0.44567 0.417215 0.662571 1.18225 1.1007 0.432103 0.329272 0.229182 0.183643 0.181388 0.0850618 0.110209 0.126535 0.119789 0.102568 0.106179 0.13967
BD_Bspro_t
 0.952187 0.782222 0.753568 0.648146 0.750074 0.849486 0.819344 0.824802 0.775571 0.740793 0.699502 0.547892 0.433776 0.319796 0.204897 0.219918 0.318379 0.468719 0.590547 0.686031 0.780917 0.847029 0.857263 0.862971 0.872736 0.845283 0.829014
BD_Bspro
 0.608938 0.403086 0.519086 0.672149 0.651853 0.931056 1.37614 1.60349 1.37013 1.379 1.24777 0.869903 0.535004 0.278972 0.135486 0.119119 0.138096 0.184035 0.239029 0.289319 0.432954 0.516149 0.672341 0.969024 1.41871 1.50561 1.34145
BD_Bo
 0.317876 0.210418 0.270972 0.350873 0.340278 0.486027 0.718368 0.837047 0.715234 0.71986 0.651355 0.454104 0.279281 0.145628 0.0707259 0.0621824 0.0720886 0.0960693 0.124777 0.151029 0.22601 0.269438 0.350973 0.505847 0.74059 0.785954 0.700262
BD_Brms
 0.577956 0.382577 0.492676 0.637952 0.618688 0.883686 1.30612 1.5219 1.30043 1.30884 1.18428 0.825644 0.507784 0.264779 0.128592 0.113059 0.13107 0.174671 0.226867 0.274599 0.410926 0.489888 0.638134 0.919722 1.34653 1.42901 1.2732
S_f
 0.188336 1 1 1 1
 0.188336 1 1 1 1
 0.188336 1 1 1 1
 0.188336 1 1 1 1
 0.188336 1 1 1 1
 0.188336 1 1 1 1
 0.188336 1 1 1 1
 0.188336 1 1 1 1
 0.188336 1 1 1 1
 0.188336 1 1 1 1
 0.188336 1 1 1 1
 0.188336 1 1 1 1
 0.188336 1 1 1 1
 0.188336 1 1 1 1
 0.188336 1 1 1 1
 0.188336 1 1 1 1
 0.188336 1 1 1 1
 0.188336 1 1 1 1
 0.188336 1 1 1 1
 0.188336 1 1 1 1
 0.188336 1 1 1 1
 0.188336 1 1 1 1
 0.188336 1 1 1 1
 0.188336 1 1 1 1
 0.188336 1 1 1 1
 0.188336 1 1 1 1
 0.188336 1 1 1 1
Scru_reclas
 0.967022 1 1 1 1
 0.967022 1 1 1 1
 0.967022 1 1 1 1
 0.967022 1 1 1 1
 0.967022 1 1 1 1
 0.967022 1 1 1 1
 0.967022 1 1 1 1
 0.967022 1 1 1 1
 0.967022 1 1 1 1
 0.967022 1 1 1 1
 0.967022 1 1 1 1
 0.967022 1 1 1 1
 0.967022 1 1 1 1
 0.967022 1 1 1 1
 0.967022 1 1 1 1
 0.967022 1 1 1 1
 0.967022 1 1 1 1
 0.967022 1 1 1 1
 0.967022 1 1 1 1
 0.967022 1 1 1 1
 0.967022 1 1 1 1
 0.967022 1 1 1 1
 0.967022 1 1 1 1
 0.967022 1 1 1 1
 0.967022 1 1 1 1
 0.967022 1 1 1 1
 0.967022 1 1 1 1
Scru_pelaces
 1 1 1 1 1
 1 1 1 1 1
 1 1 1 1 1
 1 1 1 1 1
 1 1 1 1 1
 1 1 1 1 1
 1 1 1 1 1
 1 1 1 1 1
 1 1 1 1 1
 1 1 1 1 1
 1 1 1 1 1
 1 1 1 1 1
 1 1 1 1 1
 1 1 1 1 1
 1 1 1 1 1
 1 1 1 1 1
 1 1 1 1 1
 1 1 1 1 1
 1 1 1 1 1
 1 1 1 1 1
 1 1 1 1 1
 1 1 1 1 1
 1 1 1 1 1
 1 1 1 1 1
 1 1 1 1 1
 1 1 1 1 1
 1 1 1 1 1
pf_obs 
 0.256992 0.487395 0.22802 0.0275931 0
 0.321318 0.546541 0.124235 0.00734118 0.000564706
 0.182869 0.594174 0.210203 0.0122559 0.00049798
 0.330522 0.361315 0.267642 0.0388342 0.00168674
 0.649043 0.306663 0.0425973 0.00169635 0
 0.582887 0.30429 0.105238 0.00758474 0
 0.465427 0.430635 0.0974691 0.00646863 0
 0.296916 0.608066 0.0921331 0.00288517 0
 0.311714 0.524322 0.152257 0.0117073 0
 0.15457 0.633149 0.183074 0.0267441 0.00246327
 0.131901 0.49318 0.331252 0.0422183 0.00144891
 0.196976 0.569456 0.194076 0.0375587 0.00193317
 0.518974 0.381816 0.0799577 0.0180837 0.00116848
 0.0928022 0.601141 0.25162 0.0475244 0.00691264
 0.122501 0.610282 0.24278 0.0234846 0.000952079
 0.383417 0.481906 0.127806 0.00687128 0
 0.0376549 0.599619 0.316969 0.0457579 0
 0.0361596 0.667082 0.258105 0.0386534 0
 0.158088 0.579412 0.248529 0.0139706 0
 0.0477256 0.309471 0.559284 0.082774 0.000745712
 0.0406174 0.521527 0.379366 0.0568643 0.0016247
 0.151134 0.462217 0.34131 0.0453401 0
 0.294876 0.26143 0.354403 0.0886775 0.000613685
 0.281977 0.475581 0.204845 0.0348837 0.00271318
 0.0841818 0.532909 0.334909 0.0458182 0.00218182
 0.115287 0.27431 0.454777 0.147771 0.00785563
 0 0 0 0 0
pf_pred 
 0.375015 0.441686 0.163991 0.0192978 1.08067e-05
 0.307749 0.549475 0.100902 0.0374632 0.004411
 0.173592 0.60399 0.176545 0.0324195 0.013454
 0.255305 0.428936 0.230776 0.0674552 0.0175276
 0.289072 0.464736 0.141804 0.0762931 0.0280948
 0.173357 0.566357 0.17015 0.0519174 0.0382187
 0.261718 0.404443 0.228723 0.0687148 0.0364013
 0.208305 0.526486 0.145286 0.0821627 0.0377603
 0.242973 0.46067 0.197081 0.0543852 0.0448911
 0.203088 0.524131 0.165994 0.0710145 0.0357724
 0.121225 0.525771 0.232172 0.0735296 0.0473029
 0.120995 0.417137 0.276335 0.122025 0.0635072
 0.197192 0.377779 0.2017 0.133618 0.0897111
 0.186612 0.521903 0.137165 0.0732336 0.0810866
 0.261318 0.50736 0.148426 0.0390087 0.0438876
 0.311494 0.526009 0.11161 0.032651 0.0182357
 0.212904 0.587454 0.152523 0.0323629 0.0147553
 0.260812 0.462772 0.206305 0.0535638 0.0165472
 0.255947 0.502677 0.151114 0.067367 0.0228941
 0.31088 0.458449 0.15584 0.0468484 0.0279827
 0.274508 0.524173 0.13393 0.0455268 0.0218611
 0.270533 0.493281 0.170646 0.0436015 0.0219384
 0.29957 0.472344 0.154237 0.0533569 0.0204927
 0.282134 0.507121 0.142118 0.0464067 0.0222198
 0.105839 0.615114 0.197127 0.0552439 0.0266763
 0.188146 0.322383 0.336718 0.107909 0.0448438
 0.273012 0.409758 0.12597 0.131572 0.0596876
pobs_RECLAS
 0 0 0 0 0
 0 0 0 0 0
 0 0 0 0 0
 0 0 0 0 0
 0.835266 0.146461 0.0176864 0.000547809 3.91292e-05
 0.385257 0.428462 0.181853 0.0044286 0
 0.867414 0.0963971 0.0333333 0.00285562 0
 0.441836 0.489002 0.0689373 0.000224442 0
 0.779404 0.147425 0.0564933 0.0165055 0.000172143
 0.814271 0.122319 0.05973 0.00367925 0
 0.40263 0.566651 0.0304383 0.000280538 0
 0.475488 0.404961 0.113038 0.00651328 0
 0.955842 0.0263864 0.0167828 0.000988607 0
 0.975058 0.0227948 0.00214734 0 0
 0.738997 0.206755 0.0527124 0.00153531 0
 0.850938 0.134255 0.0134407 0.00136685 0
 0.542534 0.407297 0.0501686 0 0
 0.764087 0.199537 0.0359546 0.000420521 0
 0.470689 0.182191 0.310203 0.0369168 0
 0.84361 0.089868 0.0606195 0.00523954 0.000663233
 0.607945 0.314616 0.071237 0.00620181 0
 0.523733 0.453247 0.0230204 0 0
 0.530135 0.295979 0.169645 0.0042399 0
 0.562478 0.366248 0.0663022 0.0049721 0
 0.250443 0.683176 0.0655157 0.000865301 0
 0.195077 0.31981 0.436473 0.0351445 0.0134964
 0.565238 0.351407 0.0832357 0.000118908 0
ppred_RECLAS
 0.759599 0.169895 0.0630791 0.00742292 4.15679e-06
 0.699104 0.238836 0.0438583 0.0162838 0.0019173
 0.525529 0.346772 0.101361 0.0186132 0.00772445
 0.638641 0.208139 0.111983 0.0327322 0.00850517
 0.676322 0.211589 0.0645618 0.0347355 0.0127913
 0.520963 0.328202 0.0986013 0.030086 0.0221476
 0.646784 0.193497 0.109428 0.0328752 0.0174155
 0.577804 0.280765 0.0774782 0.0438159 0.0201369
 0.625823 0.227696 0.0974115 0.0268811 0.0221884
 0.569634 0.283053 0.0896438 0.0383508 0.0193186
 0.421587 0.346065 0.152816 0.0483974 0.0311349
 0.420505 0.275003 0.182178 0.0804465 0.0418679
 0.569563 0.202552 0.108144 0.071641 0.0480999
 0.567604 0.277443 0.0729165 0.0389308 0.0431055
 0.666951 0.228753 0.0669205 0.0175878 0.0197875
 0.704825 0.22551 0.0478494 0.0139981 0.00781798
 0.586173 0.308863 0.0801914 0.0170153 0.0077578
 0.647268 0.22083 0.0984462 0.02556 0.00789611
 0.64079 0.24268 0.0729542 0.0325231 0.0110527
 0.700523 0.199232 0.0677248 0.0203594 0.0121607
 0.661146 0.244825 0.0625547 0.0212642 0.0102106
 0.656948 0.231979 0.0802512 0.0205048 0.0103171
 0.688522 0.210049 0.0685885 0.0237276 0.00911302
 0.670021 0.233107 0.0653271 0.0213316 0.0102137
 0.379247 0.42703 0.136851 0.0383519 0.0185195
 0.54471 0.180794 0.188833 0.0605157 0.0251485
 0.660141 0.191558 0.0588897 0.0615084 0.0279033
pobs_PELACES
 0 0 0 0 0
 0 0 0 0 0
 0 0 0 0 0
 0 0 0 0 0
 0 0 0 0 0
 0 0 0 0 0
 0 0 0 0 0
 0 0 0 0 0
 0 0 0 0 0
 0 0 0 0 0
 0.450072 0.473896 0.0757376 0.000293798 0
 0 0 0 0 0
 0.463077 0.371075 0.160297 0.00555027 0
 0.529543 0.364841 0.0842815 0.0213345 0
 0.631943 0.363953 0.00410389 0 0
 0.735681 0.248677 0.0153453 0.000297389 0
 0.695825 0.281241 0.0229344 0 0
 0.275771 0.60734 0.115278 0.00161068 0
 0 0 0 0 0
 0.896147 0.0623911 0.0374545 0.00400742 0
 0.803859 0.145111 0.0509908 3.86294e-05 0
 0.739449 0.233085 0.0266225 0.000797448 4.60066e-05
 0.878498 0.100942 0.0204185 0.000141795 0
 0.694673 0.275183 0.0284847 0.00165964 0
 0.469039 0.446079 0.0841089 0.000773354 0
 0.822795 0.102175 0.0682046 0.00682512 0
 0 0 0 0 0
ppred_PELACES
 0.784492 0.152303 0.0565474 0.00665429 3.72637e-06
 0.722596 0.22019 0.0404342 0.0150126 0.00176761
 0.561765 0.320289 0.0936196 0.0171917 0.00713453
 0.651209 0.2009 0.108088 0.0315938 0.00820936
 0.684616 0.206168 0.0629074 0.0338454 0.0124635
 0.541542 0.314103 0.0943656 0.0287935 0.0211962
 0.661424 0.185478 0.104892 0.0315126 0.0166937
 0.6009 0.265406 0.0732397 0.0414189 0.0190353
 0.649605 0.213224 0.0912202 0.0251725 0.0207781
 0.591376 0.268753 0.0851149 0.0364133 0.0183426
 0.459251 0.32353 0.142865 0.045246 0.0291075
 0.456258 0.258036 0.170938 0.0754832 0.0392848
 0.620359 0.178649 0.0953823 0.0631867 0.0424237
 0.650737 0.224101 0.0588975 0.031446 0.034818
 0.735514 0.181661 0.0531439 0.0139671 0.015714
 0.734905 0.202529 0.0429732 0.0125716 0.00702128
 0.615359 0.287079 0.0745357 0.0158152 0.00721067
 0.668625 0.207459 0.0924856 0.0240125 0.00741803
 0.659601 0.229972 0.0691338 0.03082 0.0104739
 0.717462 0.187963 0.0638942 0.0192078 0.0114729
 0.673646 0.235793 0.0602471 0.0204797 0.00983395
 0.671014 0.222467 0.0769606 0.019664 0.00989408
 0.702795 0.200424 0.0654455 0.0226403 0.00869542
 0.684363 0.222975 0.0624876 0.0204044 0.00976977
 0.393712 0.41708 0.133662 0.0374583 0.0180879
 0.560032 0.174709 0.182478 0.0584791 0.0243022
 0.675872 0.182691 0.0561639 0.0586613 0.0266118
pobs_pel_tallas
 0 0 0 0 0 0 0 0 0 0 0 0 0 0 0 0 0 0 0 0 0 0 0 0 0 0 0 0 0 0 0 0 0 0 0 0
 0 0 0 0 0 0 0 0 0 0 0 0 0 0 0 0 0 0 0 0 0 0 0 0 0 0 0 0 0 0 0 0 0 0 0 0
 0 0 0 0 0 0 0 0 0 0 0 0 0 0 0 0 0 0 0 0 0 0 0 0 0 0 0 0 0 0 0 0 0 0 0 0
 0 0 0 0 0 0 0 0 0 0 0 0 0 0 0 0 0 0 0 0 0 0 0 0 0 0 0 0 0 0 0 0 0 0 0 0
 0 0 0 0 0 0 0 0 0 0 0 0 0 0 0 0 0 0 0 0 0 0 0 0 0 0 0 0 0 0 0 0 0 0 0 0
 0 0 0 0 0 0 0 0 0 0 0 0 0 0 0 0 0 0 0 0 0 0 0 0 0 0 0 0 0 0 0 0 0 0 0 0
 0 0 0 0 0 0 0 0 0 0 0 0 0 0 0 0 0 0 0 0 0 0 0 0 0 0 0 0 0 0 0 0 0 0 0 0
 0 0 0 0 0 0 0 0 0 0 0 0 0 0 0 0 0 0 0 0 0 0 0 0 0 0 0 0 0 0 0 0 0 0 0 0
 0 0 0 0 0 0 0 0 0 0 0 0 0 0 0 0 0 0 0 0 0 0 0 0 0 0 0 0 0 0 0 0 0 0 0 0
 0 0 0 0 0 0 0 0 0 0 0 0 0 0 0 0 0 0 0 0 0 0 0 0 0 0 0 0 0 0 0 0 0 0 0 0
 0 0 0 0 0 0 0 0 1.78061e-05 0.00172719 0.00360574 0.0105946 0.0120993 0.0124554 0.0147524 0.0171206 0.0266825 0.0428682 0.0675386 0.121331 0.153587 0.119568 0.100827 0.0573624 0.0630603 0.0341343 0.0324427 0.0444173 0.0211091 0.0280891 0.0125444 0.00206551 0 0 0 0
 0 0 0 0 0 0 0 0 0 0 0 0 0 0 0 0 0 0 0 0 0 0 0 0 0 0 0 0 0 0 0 0 0 0 0 0
 0 0 0 0 0 0 0.0133647 0.0140871 0.0187388 0.0205184 0.03894 0.0496705 0.03968 0.0493445 0.0407372 0.0367815 0.0215668 0.0243155 0.0234873 0.0199281 0.019796 0.0243948 0.0301388 0.0376714 0.0412746 0.0863199 0.0771752 0.113111 0.0741005 0.0525337 0.0229764 0.00759418 0.00175318 0 0 0
 0 0 0 0 0 0 0 0 0 0 0.00219441 0.00772107 0.0458388 0.0604681 0.0671733 0.0775358 0.0609151 0.0617685 0.073594 0.0568108 0.0755445 0.0548602 0.0670107 0.0636378 0.0643287 0.046367 0.0373049 0.0286899 0.0247887 0.0153202 0.00654259 0.00121912 0.000365735 0 0 0
 0 0 0 0 0 0 0 0 0 0 0 0 0.000112435 0.00938835 0.0111873 0.0202946 0.0414886 0.0713402 0.111592 0.104902 0.108894 0.110636 0.117776 0.105296 0.107544 0.0401394 0.0192827 0.0124803 0.00416011 0.0028671 0.000618394 0 0 0 0 0
 0 0 0 0 0 0 0 0 0 0 0.00291406 0.0102884 0.027416 0.0768956 0.0749926 0.110853 0.0956884 0.0897413 0.0766577 0.0534642 0.0500743 0.0551293 0.0594112 0.0620874 0.0668451 0.0424026 0.0208742 0.0120726 0.0048766 0.00582813 0.00118941 0.000297354 0 0 0 0
 0 0.00264628 0.0354308 0.0461629 0.0458689 0.0383711 0.0214643 0.0164657 0.0346957 0.0420465 0.0363128 0.0245516 0.0311673 0.0291091 0.0169068 0.0133784 0.00837989 0.0085269 0.0148486 0.0160247 0.0276389 0.0546898 0.0760071 0.122758 0.109233 0.0665981 0.0333725 0.0166128 0.00676272 0.00308733 0.000882094 0 0 0 0 0
 0 0 0 0 0 0 0 0.000805153 0.000690131 0.00759144 0.0133425 0.0154129 0.00931677 0.000345066 0.00356568 0.00563607 0.00851162 0.0253048 0.0502646 0.0516448 0.0657925 0.0565908 0.0611916 0.0827007 0.0866115 0.110766 0.145733 0.0935128 0.0569358 0.0249597 0.0138026 0.00621118 0.00161031 0.00115022 0 0
 0 0 0 0 0 0 0 0 0 0 0 0 0 0 0 0 0 0 0 0 0 0 0 0 0 0 0 0 0 0 0 0 0 0 0 0
 0.00147267 0.00158595 0.00478618 0.00569244 0.00954404 0.0108468 0.00647125 0.017049 0.0510054 0.094081 0.124002 0.0959785 0.0687766 0.0820023 0.061753 0.0591476 0.0492212 0.0479892 0.0443925 0.0268479 0.0217502 0.0140895 0.0121071 0.0120363 0.00920419 0.00665534 0.0049561 0.00860946 0.00930331 0.0156896 0.0114698 0.00855282 0.00243557 0.00046729 0 2.83206e-05
 0 0 0 0 0.000772559 0.00158375 0.000888443 0.00281984 0.00712685 0.0440552 0.0773331 0.111326 0.0921469 0.0852325 0.0710754 0.0886704 0.0786465 0.0553345 0.0373146 0.0185414 0.00753245 0.00457741 0.012979 0.0271748 0.0457355 0.0583668 0.034881 0.0177882 0.00938659 0.00492506 0.0015258 0.00185414 0.000309023 5.79419e-05 3.86279e-05 0
 0 0.00173294 0.00326652 0 0.00397197 0.00683976 0.00946217 0.0152591 0.00757587 0.0136028 0.0228656 0.0392903 0.0559909 0.0764795 0.0681675 0.0726916 0.0566044 0.0477403 0.0527397 0.0444891 0.0609904 0.0582453 0.0661739 0.0445044 0.0529084 0.0360697 0.0280645 0.0235558 0.0158879 0.00826598 0.00280645 0.00217768 0.000904811 0.00058276 9.20147e-05 0
 0 0 0 0 0 0 0 0 0 0 0 0 0 0 0 0 0 0 0 0 0 0 0 0 0 0 0 0 0 0 0 0 0 0 0 0
 0 0 0 0 0 0 0 0 0 0 0 0 0 0 0 0 0 0 0 0 0 0 0 0 0 0 0 0 0 0 0 0 0 0 0 0
 0 0 0 0 0 0 0 0 0 0 0 0 0 0 0 0 0 0 0 0 0 0 0 0 0 0 0 0 0 0 0 0 0 0 0 0
 0 0 0 0 0 0 0 0 0 0 0 0 0 0 0 0 0 0 0 0 0 0 0 0 0 0 0 0 0 0 0 0 0 0 0 0
 0 0 0 0 0 0 0 0 0 0 0 0 0 0 0 0 0 0 0 0 0 0 0 0 0 0 0 0 0 0 0 0 0 0 0 0
ppred_pel_tallas
 1.01082e-16 3.42265e-05 0.000200886 0.000954933 0.00367656 0.011465 0.0289597 0.0592552 0.0982213 0.131906 0.143533 0.12659 0.0905823 0.0527934 0.0254889 0.0110024 0.00558651 0.00483363 0.00604419 0.00803575 0.0103301 0.0126447 0.0147224 0.0163237 0.0172671 0.0174669 0.0169485 0.0158345 0.0143079 0.0125663 0.0107819 0.00907811 0.00752558 0.00615168 0.00495686 0.00392959
 1.01245e-16 3.15302e-05 0.000185051 0.000879635 0.00338662 0.0105609 0.0266759 0.0545829 0.0904788 0.121515 0.132245 0.116679 0.0835876 0.0489125 0.023981 0.0109765 0.00647997 0.00645282 0.00840624 0.0112144 0.0143605 0.0174744 0.0201923 0.0221764 0.0231801 0.0231035 0.0220139 0.0201214 0.0177213 0.015122 0.0125833 0.0102803 0.00829794 0.00664797 0.00529723 0.00419497
 1.02358e-16 2.45214e-05 0.000143894 0.000683948 0.00263314 0.00821113 0.0207409 0.0424401 0.0703551 0.0945028 0.102885 0.0908634 0.0652867 0.0385938 0.0196506 0.0102262 0.00773479 0.00909098 0.0123732 0.0166564 0.0214139 0.0261636 0.0303871 0.0335891 0.0353983 0.0356488 0.0344116 0.0319621 0.0287004 0.0250514 0.0213792 0.0179369 0.0148587 0.0121826 0.00988827 0.0079317
 1.0307e-16 2.84168e-05 0.000166774 0.000792747 0.00305209 0.00951762 0.0240408 0.0491911 0.0815415 0.109513 0.119187 0.105165 0.0753551 0.0441285 0.0217 0.0100474 0.00610267 0.00624321 0.00824592 0.0111171 0.0144102 0.0178047 0.0209758 0.0236074 0.0254475 0.0263582 0.0263359 0.0254962 0.0240301 0.0221507 0.0200471 0.0178596 0.0156776 0.0135522 0.0115156 0.00959482
 1.02706e-16 2.98735e-05 0.000175326 0.000833406 0.00320863 0.0100058 0.0252739 0.0517142 0.0857236 0.115129 0.125296 0.110549 0.0791992 0.0463514 0.0227391 0.0104344 0.0062028 0.00622536 0.00815421 0.0109354 0.0140936 0.017292 0.0201965 0.0224908 0.0239352 0.0244164 0.0239679 0.022748 0.0209911 0.0189445 0.0168174 0.0147513 0.0128189 0.0110402 0.00940765 0.00790769
 1.03422e-16 2.36393e-05 0.000138715 0.000659332 0.00253837 0.00791557 0.0199943 0.0409126 0.067823 0.0911023 0.0991844 0.0875995 0.0629507 0.0372314 0.0189916 0.00994085 0.00759122 0.00897369 0.0122406 0.0165034 0.021256 0.0260325 0.03033 0.0336661 0.0356766 0.0361942 0.0352787 0.0331851 0.0302865 0.0269779 0.0235943 0.0203652 0.0174089 0.0147571 0.0123927 0.0102832
 1.03413e-16 2.88615e-05 0.000169386 0.000805171 0.00309993 0.00966681 0.0244176 0.049962 0.0828189 0.111227 0.121047 0.106796 0.0765009 0.0447531 0.0219208 0.0100046 0.00588047 0.00586369 0.0076965 0.0103781 0.013473 0.0166823 0.0197074 0.0222572 0.024098 0.0250982 0.0252476 0.0246429 0.0234493 0.0218512 0.020012 0.0180525 0.0160502 0.0140517 0.0120902 0.0101983
 1.03439e-16 2.62256e-05 0.000153904 0.00073155 0.00281644 0.00878275 0.0221847 0.0453938 0.0752492 0.10107 0.110016 0.0971169 0.0696839 0.0410001 0.0205199 0.0101011 0.00694447 0.00772711 0.0103939 0.0139899 0.018026 0.0220967 0.0257776 0.0286636 0.0304493 0.0309941 0.0303469 0.028719 0.026418 0.0237675 0.0210389 0.0184141 0.0159829 0.0137652 0.0117442 0.00989503
 1.03201e-16 2.83473e-05 0.000166365 0.0007908 0.00304459 0.00949423 0.0239817 0.0490704 0.0813417 0.109246 0.118898 0.104917 0.0751906 0.0440591 0.0217156 0.0101369 0.00626608 0.0064903 0.00858873 0.0115612 0.0149476 0.0184092 0.0216023 0.024196 0.0259333 0.0266824 0.0264589 0.0254059 0.0237454 0.0217173 0.0195289 0.0173262 0.0151921 0.0131623 0.0112482 0.00945608
 1.03405e-16 2.58104e-05 0.000151466 0.000719961 0.00277182 0.00864359 0.0218332 0.0446747 0.0740574 0.0994696 0.108276 0.0955863 0.0685966 0.0403824 0.0202518 0.0100377 0.00698961 0.00784143 0.0105727 0.0142423 0.018364 0.022529 0.026307 0.0292855 0.0311511 0.0317556 0.0311425 0.0295192 0.0271925 0.0244876 0.0216801 0.0189581 0.0164192 0.0140917 0.0119667 0.010026
 1.05049e-16 2.00515e-05 0.000117651 0.000559186 0.00215278 0.00671312 0.0169571 0.0346982 0.0575231 0.077273 0.0841441 0.0743536 0.0535141 0.0318162 0.0165373 0.00916024 0.00761072 0.00940221 0.0129858 0.0176036 0.022793 0.0280967 0.0330043 0.0370152 0.0397371 0.0409667 0.0407218 0.0392125 0.036768 0.0337459 0.0304548 0.0271135 0.0238477 0.0207145 0.0177364 0.0149299
 1.0694e-16 1.99183e-05 0.000116875 0.000555512 0.00213865 0.00666909 0.0168458 0.03447 0.0571431 0.0767574 0.0835691 0.0738134 0.0530555 0.031404 0.016069 0.00850141 0.00662149 0.00795148 0.0109663 0.0149562 0.0195368 0.0243552 0.029015 0.0331146 0.0363202 0.0384269 0.039385 0.0392821 0.0382939 0.0366223 0.0344469 0.0319016 0.0290787 0.0260484 0.0228822 0.019666
 1.05566e-16 2.70705e-05 0.000158872 0.000755188 0.00290749 0.00906669 0.0229018 0.0468604 0.0776778 0.104323 0.113536 0.100174 0.0717667 0.0420037 0.0206124 0.00947412 0.00566518 0.00573713 0.00758053 0.0102649 0.0133893 0.0166797 0.0198601 0.0226591 0.0248551 0.0263173 0.027022 0.0270377 0.0264886 0.0255104 0.0242158 0.0226794 0.0209433 0.0190338 0.0169816 0.0148338
 1.03617e-16 2.83969e-05 0.000166656 0.000792182 0.00304991 0.00951081 0.0240236 0.0491562 0.0814841 0.109438 0.119109 0.105107 0.0753362 0.0441628 0.0218003 0.0102311 0.00639418 0.00666944 0.00882753 0.0118576 0.0152854 0.0187565 0.0219128 0.0244151 0.026008 0.026574 0.026154 0.024923 0.0231346 0.0210531 0.0188966 0.0168069 0.0148484 0.013029 0.0113294 0.00972796
 1.02028e-16 3.20919e-05 0.000188352 0.000895339 0.0034471 0.0107495 0.0271523 0.0555573 0.0920928 0.123679 0.134591 0.118726 0.0850045 0.0496423 0.0241543 0.0107466 0.00592378 0.00556671 0.00714715 0.00954323 0.0122746 0.0150276 0.0175035 0.0194225 0.0205747 0.0208646 0.020328 0.0191139 0.017439 0.0155324 0.0135879 0.0117372 0.0100474 0.00853487 0.00718754 0.00598485
 1.01437e-16 3.20662e-05 0.000188199 0.000894608 0.00344428 0.0107406 0.0271301 0.055512 0.0920182 0.123581 0.134488 0.118647 0.0849709 0.0496699 0.0242555 0.0109394 0.00623555 0.00603137 0.00779661 0.0103967 0.0133273 0.0162424 0.018807 0.0207102 0.0217233 0.0217508 0.0208493 0.0192052 0.017083 0.0147592 0.0124671 0.0103645 0.00852829 0.00697111 0.00566647 0.00457332
 1.02032e-16 2.6857e-05 0.000157609 0.000749158 0.00288423 0.00899413 0.0227186 0.0464865 0.077061 0.103504 0.112669 0.0994662 0.0713852 0.0420324 0.0210937 0.0104764 0.00731676 0.00821174 0.0110506 0.0148411 0.0190598 0.0232616 0.0269796 0.0297713 0.0313075 0.0314451 0.0302546 0.0279909 0.0250197 0.0217275 0.0184434 0.0153937 0.0126948 0.0103746 0.00840682 0.00674402
 1.02553e-16 2.91764e-05 0.000171233 0.000813946 0.0031337 0.00977214 0.0246837 0.0505066 0.0837221 0.112442 0.122373 0.107976 0.0773669 0.045302 0.0222677 0.0102928 0.00622426 0.00633833 0.0083468 0.0112226 0.0144999 0.017843 0.0209141 0.0233887 0.0250139 0.0256605 0.0253437 0.0242048 0.0224648 0.0203645 0.0181145 0.0158669 0.0137119 0.0116918 0.00982214 0.00810956
 1.02605e-16 2.87838e-05 0.000168926 0.000802973 0.00309145 0.00964036 0.0243509 0.0498258 0.0825942 0.110929 0.120733 0.106541 0.0763673 0.0447737 0.0221137 0.0103977 0.00652373 0.00682224 0.00903209 0.0121252 0.0156152 0.0191348 0.0223112 0.0247908 0.0263065 0.0267341 0.0261148 0.0246321 0.0225549 0.0201683 0.0177138 0.015357 0.0131834 0.0112172 0.00944798 0.00785584
 1.02165e-16 3.13051e-05 0.000183732 0.000873372 0.00336252 0.0104857 0.026486 0.0541942 0.0898336 0.120646 0.131293 0.115824 0.0829421 0.0484688 0.0236415 0.0106181 0.00599537 0.00576096 0.00745152 0.00997122 0.0128444 0.0157527 0.0183877 0.0204586 0.0217444 0.0221401 0.0216752 0.020495 0.0188158 0.016868 0.0148486 0.0128942 0.0110781 0.00942418 0.00792888 0.00658018
 1.02096e-16 2.93964e-05 0.000172522 0.000820069 0.00315727 0.00984563 0.0248694 0.0508867 0.0843528 0.113291 0.123303 0.108809 0.0779912 0.0457226 0.0225761 0.0106035 0.00663446 0.00691834 0.00914164 0.0122492 0.0157385 0.0192289 0.0223358 0.0246968 0.0260421 0.026253 0.0253847 0.0236413 0.0213164 0.0187192 0.0161112 0.0136705 0.0114867 0.00957939 0.00792731 0.00649489
 1.02304e-16 2.92812e-05 0.000171847 0.00081686 0.00314492 0.00980712 0.0247721 0.0506875 0.0840223 0.112846 0.122816 0.108374 0.0776667 0.0455071 0.0224233 0.0104553 0.00644247 0.00664841 0.00877259 0.0117735 0.0151662 0.018591 0.0216853 0.0241041 0.0255851 0.0260042 0.025397 0.0239379 0.0218858 0.0195179 0.0170722 0.0147152 0.0125375 0.0105703 0.00881037 0.00724241
 1.02179e-16 3.0666e-05 0.000179979 0.000855528 0.00329381 0.0102714 0.0259448 0.0530869 0.0879987 0.118184 0.128617 0.113473 0.0812788 0.0475384 0.0232652 0.0105806 0.00615832 0.00607321 0.00791297 0.0105978 0.0136474 0.0167279 0.0195113 0.0216879 0.0230225 0.0234049 0.0228685 0.021571 0.0197457 0.0176412 0.0154697 0.0133783 0.0114453 0.00969591 0.0081247 0.00671681
 1.02118e-16 2.98632e-05 0.000175264 0.000833107 0.00320748 0.0100022 0.0252648 0.0516957 0.0856934 0.11509 0.125257 0.110524 0.0792004 0.0463909 0.0228307 0.0105971 0.00646257 0.00661235 0.0086966 0.011651 0.0149809 0.0183226 0.021312 0.0236056 0.0249461 0.0252178 0.0244679 0.0228837 0.0207372 0.0183157 0.0158631 0.0135466 0.0114519 0.00960092 0.00797815 0.00655556
 1.04166e-16 1.71975e-05 0.000100887 0.000479468 0.00184581 0.00575583 0.0145391 0.0297517 0.0493268 0.0662753 0.0722017 0.0638798 0.0461479 0.0277818 0.0150729 0.0093536 0.00890507 0.0116357 0.0162169 0.0219373 0.0282687 0.0346258 0.0403448 0.0447831 0.0474534 0.0481291 0.0468856 0.0440588 0.0401434 0.0356662 0.0310774 0.0266896 0.0226692 0.0190681 0.0158713 0.0130409
 1.05793e-16 2.44401e-05 0.000143429 0.000681769 0.0026248 0.00818514 0.0206751 0.0423044 0.0701263 0.0941838 0.102507 0.0904565 0.0648358 0.0380099 0.018772 0.00883569 0.00558014 0.0059129 0.0079495 0.0108652 0.0143047 0.0180143 0.0217236 0.0251502 0.0280424 0.0302195 0.0315928 0.0321588 0.0319752 0.0311282 0.029709 0.0278025 0.0254916 0.0228667 0.0200336 0.0171133
 1.04116e-16 2.94912e-05 0.000173084 0.000822752 0.00316762 0.00987792 0.0249509 0.051053 0.084627 0.113655 0.123687 0.109119 0.0781509 0.0456907 0.0223278 0.0101001 0.00580809 0.00567924 0.00740052 0.00994664 0.0128752 0.0158901 0.0187026 0.0210379 0.022684 0.0235344 0.0236037 0.0230093 0.0219282 0.0205449 0.0190092 0.0174159 0.0158073 0.0141913 0.0125654 0.0109345
pSPR Fmed_Fpbrs
0.444565   0.6 0.325
Fs Fmed_Fpbrs
0.64   0.346422 1.06113
SSBpbr Bo_Bmed_Bpbrs
2.36899e+06  934723  1.30295e+06 651473
Ro
59874.1
SPR SPRFo_SPRFmed_SPRFpbrs
1.23665e+06 549774 401913
log_Ro
10.82
likeval ReclasPelacesDesembMPH_pf_preclas_ppelaces_ptallas_desvR_qrecl_qpela
 64.0177 20.9559 0.0310346 22.736 338.029 220.224 54.9918 0 18.2505 7.12971e-05 4.85568e-06 1.83335e-15 0 0 0
q_reclas_q_pelaces
0.302245 1.36821
M
0.7
N
 63089.3 16072 5967.25 702.204 0.39323
 77767.6 29037.7 5332.3 1979.79 233.105
 48211.2 36485.3 10664.6 1958.37 812.72
 67947.8 22118.7 11900.3 3478.42 903.837
 109103 33239 10142.1 5456.67 2009.41
 82286.7 54003.3 16224.1 4950.43 3644.23
 130154 39475.2 22324.2 6706.84 3552.92
 122514 63230.9 17448.8 9867.74 4535.01
 149019 58246.6 24918.7 6876.4 5675.98
 134781 70474.5 22319.5 9548.59 4809.95
 67660.4 64356.3 28418.6 9000.28 5790.04
 41241.9 30894.1 20466 9037.43 4703.48
 42072.4 18932.5 10108.2 6696.26 4495.88
 24146.9 18441.6 4846.74 2587.72 2865.21
 18511.8 9597.43 2807.68 737.904 830.195
 20264.4 7471.57 1585.34 463.783 259.025
 15928.4 9276.48 2408.5 511.042 233.001
 20532 7434.2 3314.18 860.476 265.822
 24749 9765.17 2935.59 1308.69 444.749
 40103.9 11872.2 4035.7 1213.21 724.653
 51922.7 19246.2 4917.55 1671.62 802.677
 71058.3 25374.3 8778.02 2242.85 1128.5
 111289 34561.7 11285.6 3904.16 1499.46
 152785 53963 15122.9 4938.16 2364.42
 65347.1 74178.1 23772 6662 3216.96
 94986.6 31829.6 33244.9 10654.1 4427.52
 155688 46235 14213.8 14845.9 6734.85
pred_Ctot
 3333.16 3925.74 1457.56 171.52 0.0960505
 3099.14 5533.42 1016.12 377.268 44.4204
 2651.09 9224.12 2696.19 495.109 205.47
 728.87 1224.57 658.842 192.578 50.0396
 254.166 408.618 124.681 67.0806 24.7023
 2012.87 6576.03 1975.63 602.818 443.761
 2032.25 3140.51 1776.04 533.572 282.657
 3763.25 9511.51 2624.74 1484.35 682.178
 5120.88 9709.05 4153.66 1146.22 946.122
 3735.75 9641.25 3053.42 1306.29 658.024
 3936.56 17073.5 7539.37 2387.74 1536.08
 2251.55 7762.32 5142.2 2270.71 1181.78
 3575.23 6849.39 3656.96 2422.58 1626.52
 3511.14 9819.71 2580.78 1377.9 1525.66
 2522.47 4897.48 1432.73 376.546 423.641
 1144.38 1932.48 410.04 119.955 66.9954
 691.273 1907.39 495.224 105.078 47.9085
 625.342 1109.58 494.651 128.429 39.6747
 606.28 1190.73 357.955 159.577 54.2309
 970.548 1431.25 486.523 146.258 87.3603
 593.994 1134.23 289.805 98.513 47.3039
 1051.03 1916.41 662.967 169.393 85.2313
 1887.38 2975.9 971.736 336.164 129.11
 2454.35 4411.58 1236.32 403.703 193.296
 900.11 5231.24 1676.47 469.822 226.869
 1354.04 2320.11 2423.28 776.592 322.729
 2911.27 4369.46 1343.28 1403.01 636.479
F
 0.0759549 0.403294 0.403294 0.403294 0.403294
 0.0568156 0.301671 0.301671 0.301671 0.301671
 0.0791664 0.420346 0.420346 0.420346 0.420346
 0.015015 0.0797246 0.0797246 0.0797246 0.0797246
 0.00324397 0.0172244 0.0172244 0.0172244 0.0172244
 0.0345357 0.183373 0.183373 0.183373 0.183373
 0.0219227 0.116402 0.116402 0.116402 0.116402
 0.0435389 0.231176 0.231176 0.231176 0.231176
 0.0488213 0.259224 0.259224 0.259224 0.259224
 0.0392125 0.208205 0.208205 0.208205 0.208205
 0.0839358 0.44567 0.44567 0.44567 0.44567
 0.0785768 0.417215 0.417215 0.417215 0.417215
 0.124786 0.662571 0.662571 0.662571 0.662571
 0.22266 1.18225 1.18225 1.18225 1.18225
 0.207301 1.1007 1.1007 1.1007 1.1007
 0.0813806 0.432103 0.432103 0.432103 0.432103
 0.0620139 0.329272 0.329272 0.329272 0.329272
 0.0431632 0.229182 0.229182 0.229182 0.229182
 0.0345866 0.183643 0.183643 0.183643 0.183643
 0.0341618 0.181388 0.181388 0.181388 0.181388
 0.0160202 0.0850618 0.0850618 0.0850618 0.0850618
 0.0207563 0.110209 0.110209 0.110209 0.110209
 0.0238311 0.126535 0.126535 0.126535 0.126535
 0.0225607 0.119789 0.119789 0.119789 0.119789
 0.0193172 0.102568 0.102568 0.102568 0.102568
 0.0199974 0.106179 0.106179 0.106179 0.106179
 0.026305 0.13967 0.13967 0.13967 0.13967
Np
 48102.5 22378.3 26446.6 7012.16 2912.79
YTP_r0W_actual
 58208.1 214506 95864.1 127869 64372.9
YTP_p0W_proyectada
 17984.4 349376 134664 52869.7 87743.6
 17984.4 103823 178367 60396.4 27841
CTP_r0_actual
 7098.55 9930.85 3053 3188.75 1446.58
CTP_p0_proyectada
 2193.22 16174.8 4288.66 1318.45 1971.77
 2193.22 4806.64 5680.47 1506.14 625.639
Wmedp
 8.2 21.6 31.4 40.1 44.5
nmprior
 10.8 10.6 4.6 0
nm_flota  nm_reclas  nm_pelaces    nm_pelaL
inf 12.1869 19.8038 65.3802
cv_recla  cv_pelaces  cv_mph
0.692916 0.501468 0.637181
 ------------------------------------------------
Talla a la edad & desviaci?n 
 7.2 14.2025 17.0495 18.207 18.6776
 1.08 2.13037 2.55742 2.73105 2.80164
