years
 1997 1998 1999 2000 2001 2002 2003 2004 2005 2006 2007 2008 2009 2010 2011 2012 2013 2014 2015 2016 2017 2018 2019 2020 2021 2022 2023
reclasobs
 0 0 0 370054 412103 1.49427e+06 250295 1.28982e+06 931140 785840 897777 1.04006e+06 184774 17550 25797 100020 73551 82996 120727 218422 84188 347160 605670 569463 516374 1.08416e+06 1.01767e+06
reclaspred
 659369 158585 387732 222120 330056 404711 867622 627810 750102 836959 748954 513119 300990 118320 73235.1 71664.5 78256 103125 118165 158517 244278 244918 424587 553066 720760 651914 534614
pelacesobs
 0 0 0 0 0 0 0 0 0 2.06254e+06 1.5e+06 0 1.87456e+06 323000 250000 174000 83755 137374 0 501740 490994 745055 786931 1.00524e+06 1.33801e+06 1.41789e+06 0
pelacespred
 2.38761e+06 536363 683088 666928 915443 771783 2.33391e+06 1.83451e+06 2.12378e+06 2.34104e+06 1.69915e+06 1.19701e+06 738367 235280 160444 155488 175023 241872 265892 361368 661508 595364 841488 1.28771e+06 1.53799e+06 1.49197e+06 1.17591e+06
mphobs
 0 0 0 0 0 0 112323 0 153150 637223 0 255016 313432 73983 77613 109348 50772 17779 17303 59886 28197 0 207744 136588 643089 65757 70829
mphpred
 225468 119834 123941 104623 106313 175056 242736 317360 292367 340079 366714 249218 145668 117663 50613.2 43058.7 41765.8 52920.4 30231 33605.4 53611.3 70394.3 87229.1 130329 175398 163829 139565
desembarqueobs
 350755 77701 442110 56441 14545 235359 269955 359681 431902 328805 639364 411747 362871 311530 167758 66681 60226 58785 57116 73181 50977 67692 138656 160484 209506 203330 245020
desembarquepred
 350753 77694.5 442033 56443.4 14545.2 235453 270011 359590 431845 328774 639148 411687 362889 311548 167538 66676.6 60255.6 58767 57088.9 73171.8 50977 67672.9 138653 160483 209490 203307 244986
Reclutas
 35486.1 44267.4 18065.8 24309.2 47325.8 32363.2 69769 69632.3 98732.2 117192 63599.2 45280 49092.3 27809.7 15280.1 11835.9 8308.97 10582.9 11958.1 17012.4 24135.2 31218.3 48594 68293.1 26416.3 37670.7 47399.1
log_desv_Rt
 0.0768962 0.298004 -0.598222 -0.30139 0.364811 -0.0152227 0.752945 0.750984 1.10017 1.27157 0.660356 0.320621 0.401458 -0.166858 -0.765691 -1.02111 -1.37491 -1.13301 -1.01084 -0.658302 -0.308572 -0.0512417 0.391255 0.731564 -0.218263 0.136639 0.366358
SSB
 501647 266621 275757 232777 236537 389485 523452 696598 632867 739365 815906 554489 337476 174017 79370.1 67197.8 68505.7 81711.9 104531 123459 183783 234667 300047 425640 632682 611616 487972
BT
 1.57837e+06 398280 597270 397356 485060 562398 1.44402e+06 1.34409e+06 1.5276e+06 1.532e+06 1.42865e+06 983626 740697 411575 222891 135518 139611 174127 182198 244728 385508 356930 519557 786825 910853 911251 796764
Ftot
 0.649178 0.630963 1.14763 0.304796 0.059747 0.593031 0.416108 0.70976 0.774991 0.504986 0.902776 0.872625 1.45496 2.72676 2.73091 1.07598 0.907543 0.717854 0.551748 0.564659 0.25902 0.313665 0.36797 0.353125 0.294771 0.34162 0.516774
BD_Bspro_t
 0.921398 0.65699 0.56221 0.348312 0.476623 0.655761 0.584597 0.618083 0.556996 0.546782 0.538092 0.372847 0.268229 0.176498 0.0997927 0.103015 0.142035 0.22024 0.317701 0.413259 0.540237 0.662037 0.679272 0.68867 0.710086 0.63963 0.584568
BD_Bspro
 0.73914 0.392846 0.406308 0.34298 0.348519 0.573877 0.771267 1.02639 0.932483 1.0894 1.20218 0.816999 0.497246 0.256401 0.116946 0.0990109 0.100938 0.120396 0.154018 0.181908 0.27079 0.345765 0.442097 0.627149 0.93221 0.901171 0.718991
BD_Bo
 0.56471 0.300138 0.310423 0.26204 0.266272 0.438448 0.589256 0.784168 0.712426 0.832312 0.918475 0.624195 0.3799 0.195893 0.0893479 0.0756453 0.0771177 0.0919841 0.117671 0.13898 0.206886 0.264168 0.337766 0.479148 0.712217 0.688503 0.549316
BD_Brms
 1.02675 0.545706 0.564405 0.476436 0.484131 0.797178 1.07137 1.42576 1.29532 1.51329 1.66995 1.1349 0.690728 0.356168 0.162451 0.137537 0.140214 0.167244 0.213948 0.25269 0.376157 0.480305 0.614121 0.871179 1.29494 1.25182 0.998757
S_f
 0.139145 1 1 1 1
 0.139145 1 1 1 1
 0.139145 1 1 1 1
 0.139145 1 1 1 1
 0.139145 1 1 1 1
 0.139145 1 1 1 1
 0.139145 1 1 1 1
 0.139145 1 1 1 1
 0.139145 1 1 1 1
 0.139145 1 1 1 1
 0.139145 1 1 1 1
 0.139145 1 1 1 1
 0.139145 1 1 1 1
 0.139145 1 1 1 1
 0.139145 1 1 1 1
 0.139145 1 1 1 1
 0.139145 1 1 1 1
 0.139145 1 1 1 1
 0.139145 1 1 1 1
 0.139145 1 1 1 1
 0.139145 1 1 1 1
 0.139145 1 1 1 1
 0.139145 1 1 1 1
 0.139145 1 1 1 1
 0.139145 1 1 1 1
 0.139145 1 1 1 1
 0.139145 1 1 1 1
Scru_reclas
 0.474921 0.819881 0.958173 0.991401 0.998279
 0.474921 0.819881 0.958173 0.991401 0.998279
 0.474921 0.819881 0.958173 0.991401 0.998279
 0.474921 0.819881 0.958173 0.991401 0.998279
 0.474921 0.819881 0.958173 0.991401 0.998279
 0.474921 0.819881 0.958173 0.991401 0.998279
 0.474921 0.819881 0.958173 0.991401 0.998279
 0.474921 0.819881 0.958173 0.991401 0.998279
 0.474921 0.819881 0.958173 0.991401 0.998279
 0.474921 0.819881 0.958173 0.991401 0.998279
 0.474921 0.819881 0.958173 0.991401 0.998279
 0.474921 0.819881 0.958173 0.991401 0.998279
 0.474921 0.819881 0.958173 0.991401 0.998279
 0.474921 0.819881 0.958173 0.991401 0.998279
 0.474921 0.819881 0.958173 0.991401 0.998279
 0.474921 0.819881 0.958173 0.991401 0.998279
 0.474921 0.819881 0.958173 0.991401 0.998279
 0.474921 0.819881 0.958173 0.991401 0.998279
 0.474921 0.819881 0.958173 0.991401 0.998279
 0.474921 0.819881 0.958173 0.991401 0.998279
 0.474921 0.819881 0.958173 0.991401 0.998279
 0.474921 0.819881 0.958173 0.991401 0.998279
 0.474921 0.819881 0.958173 0.991401 0.998279
 0.474921 0.819881 0.958173 0.991401 0.998279
 0.474921 0.819881 0.958173 0.991401 0.998279
 0.474921 0.819881 0.958173 0.991401 0.998279
 0.474921 0.819881 0.958173 0.991401 0.998279
Scru_pelaces
 0.808625 1 1 1 1
 0.808625 1 1 1 1
 0.808625 1 1 1 1
 0.808625 1 1 1 1
 0.808625 1 1 1 1
 0.808625 1 1 1 1
 0.808625 1 1 1 1
 0.808625 1 1 1 1
 0.808625 1 1 1 1
 0.808625 1 1 1 1
 0.808625 1 1 1 1
 0.808625 1 1 1 1
 0.808625 1 1 1 1
 0.808625 1 1 1 1
 0.808625 1 1 1 1
 0.808625 1 1 1 1
 0.808625 1 1 1 1
 0.808625 1 1 1 1
 0.808625 1 1 1 1
 0.808625 1 1 1 1
 0.808625 1 1 1 1
 0.808625 1 1 1 1
 0.808625 1 1 1 1
 0.808625 1 1 1 1
 0.808625 1 1 1 1
 0.808625 1 1 1 1
 0.808625 1 1 1 1
pf_obs 
 0.256992 0.487395 0.22802 0.0275931 0
 0.321318 0.546541 0.124235 0.00734118 0.000564706
 0.182869 0.594174 0.210203 0.0122559 0.00049798
 0.330522 0.361315 0.267642 0.0388342 0.00168674
 0.649043 0.306663 0.0425973 0.00169635 0
 0.582887 0.30429 0.105238 0.00758474 0
 0.465427 0.430635 0.0974691 0.00646863 0
 0.296916 0.608066 0.0921331 0.00288517 0
 0.311714 0.524322 0.152257 0.0117073 0
 0.15457 0.633149 0.183074 0.0267441 0.00246327
 0.131901 0.49318 0.331252 0.0422183 0.00144891
 0.196976 0.569456 0.194076 0.0375587 0.00193317
 0.518974 0.381816 0.0799577 0.0180837 0.00116848
 0.0928022 0.601141 0.25162 0.0475244 0.00691264
 0.122501 0.610282 0.24278 0.0234846 0.000952079
 0.383417 0.481906 0.127806 0.00687128 0
 0.0376549 0.599619 0.316969 0.0457579 0
 0.0361596 0.667082 0.258105 0.0386534 0
 0.158088 0.579412 0.248529 0.0139706 0
 0.0477256 0.309471 0.559284 0.082774 0.000745712
 0.0406174 0.521527 0.379366 0.0568643 0.0016247
 0.151134 0.462217 0.34131 0.0453401 0
 0.294876 0.26143 0.354403 0.0886775 0.000613685
 0.281977 0.475581 0.204845 0.0348837 0.00271318
 0.0841818 0.532909 0.334909 0.0458182 0.00218182
 0.115287 0.27431 0.454777 0.147771 0.00785563
 0 0 0 0 0
pf_pred 
 0.270661 0.510629 0.195162 0.0235388 9.3946e-06
 0.273829 0.571775 0.108096 0.0413143 0.00498499
 0.126509 0.688698 0.145503 0.0275079 0.0117821
 0.244853 0.494745 0.205312 0.0433768 0.011713
 0.29831 0.512429 0.123997 0.0514569 0.013807
 0.153404 0.642336 0.149167 0.0360952 0.0189982
 0.3272 0.428623 0.185264 0.0430231 0.0158902
 0.235945 0.619824 0.0918854 0.0397158 0.0126295
 0.3045 0.529221 0.134891 0.0199968 0.0113918
 0.268012 0.602965 0.0981761 0.0250237 0.00582292
 0.146806 0.658728 0.160189 0.0260823 0.00819498
 0.168752 0.551274 0.21616 0.0525656 0.011248
 0.276973 0.502931 0.145965 0.0572344 0.0168964
 0.265178 0.629849 0.0730185 0.0211921 0.0107627
 0.311173 0.637879 0.0436702 0.00506269 0.00221557
 0.300599 0.65756 0.0387463 0.00265264 0.000442099
 0.208776 0.667882 0.115964 0.00683308 0.00054577
 0.281634 0.539997 0.150563 0.0261421 0.00166345
 0.254945 0.597758 0.110723 0.0308722 0.00570138
 0.287156 0.544872 0.134764 0.0249625 0.00824547
 0.27305 0.576898 0.114694 0.0283674 0.00699016
 0.24127 0.572086 0.148118 0.0294476 0.00907802
 0.274923 0.527358 0.149081 0.0385984 0.0100394
 0.26539 0.562534 0.125153 0.0353801 0.0115428
 0.0875086 0.689463 0.170786 0.0379968 0.0142459
 0.17306 0.3667 0.347749 0.0861407 0.02635
 0.221912 0.498236 0.124098 0.117685 0.0380689
pobs_RECLAS
 0 0 0 0 0
 0 0 0 0 0
 0 0 0 0 0
 0 0 0 0 0
 0.835266 0.146461 0.0176864 0.000547809 3.91292e-05
 0.385257 0.428462 0.181853 0.0044286 0
 0.867414 0.0963971 0.0333333 0.00285562 0
 0.441836 0.489002 0.0689373 0.000224442 0
 0.779404 0.147425 0.0564933 0.0165055 0.000172143
 0.814271 0.122319 0.05973 0.00367925 0
 0.40263 0.566651 0.0304383 0.000280538 0
 0.475488 0.404961 0.113038 0.00651328 0
 0.955842 0.0263864 0.0167828 0.000988607 0
 0.975058 0.0227948 0.00214734 0 0
 0.738997 0.206755 0.0527124 0.00153531 0
 0.850938 0.134255 0.0134407 0.00136685 0
 0.542534 0.407297 0.0501686 0 0
 0.764087 0.199537 0.0359546 0.000420521 0
 0.470689 0.182191 0.310203 0.0369168 0
 0.84361 0.089868 0.0606195 0.00523954 0.000663233
 0.607945 0.314616 0.071237 0.00620181 0
 0.523733 0.453247 0.0230204 0 0
 0.530135 0.295979 0.169645 0.0042399 0
 0.562478 0.366248 0.0663022 0.0049721 0
 0.250443 0.683176 0.0655157 0.000865301 0
 0.195077 0.31981 0.436473 0.0351445 0.0134964
 0.565238 0.351407 0.0832357 0.000118908 0
ppred_RECLAS
 0.606638 0.261817 0.116945 0.014594 5.86506e-06
 0.613059 0.293375 0.0648189 0.0256328 0.00311432
 0.39291 0.461302 0.113899 0.0222799 0.00960901
 0.564484 0.268866 0.130395 0.0285043 0.00775037
 0.628489 0.258527 0.0731101 0.0313917 0.00848154
 0.430162 0.41432 0.112445 0.0281528 0.0149206
 0.661496 0.202497 0.102289 0.0245778 0.00914059
 0.567598 0.338995 0.0587307 0.0262656 0.0084103
 0.650414 0.255214 0.0760227 0.0116607 0.00668898
 0.604837 0.315568 0.0600481 0.0158362 0.00371059
 0.426432 0.425741 0.120994 0.0203837 0.00644895
 0.461694 0.33678 0.154329 0.038831 0.00836673
 0.63768 0.23873 0.0809732 0.0328514 0.00976552
 0.686111 0.262235 0.0355288 0.0106691 0.00545606
 0.735039 0.242231 0.0193808 0.00232473 0.00102442
 0.661454 0.315055 0.0216958 0.00153684 0.000257913
 0.536122 0.381391 0.07739 0.0047183 0.000379473
 0.623209 0.271436 0.088448 0.0158897 0.00101809
 0.588669 0.318728 0.0689965 0.0199049 0.00370148
 0.626387 0.274136 0.0792389 0.0151865 0.00505112
 0.605009 0.302314 0.0702412 0.0179753 0.00446013
 0.56397 0.315018 0.0953183 0.0196075 0.00608649
 0.606457 0.272904 0.0901609 0.024153 0.00632578
 0.5961 0.296757 0.0771594 0.0225689 0.00741422
 0.280326 0.521016 0.150829 0.0347205 0.0131078
 0.447386 0.222844 0.246973 0.063299 0.0194972
 0.535194 0.278371 0.0810301 0.0795072 0.0258976
pobs_PELACES
 0 0 0 0 0
 0 0 0 0 0
 0 0 0 0 0
 0 0 0 0 0
 0 0 0 0 0
 0 0 0 0 0
 0 0 0 0 0
 0 0 0 0 0
 0 0 0 0 0
 0 0 0 0 0
 0.450072 0.473896 0.0757376 0.000293798 0
 0 0 0 0 0
 0.463077 0.371075 0.160297 0.00555027 0
 0.529543 0.364841 0.0842815 0.0213345 0
 0.631943 0.363953 0.00410389 0 0
 0.735681 0.248677 0.0153453 0.000297389 0
 0.695825 0.281241 0.0229344 0 0
 0.275771 0.60734 0.115278 0.00161068 0
 0 0 0 0 0
 0.896147 0.0623911 0.0374545 0.00400742 0
 0.803859 0.145111 0.0509908 3.86294e-05 0
 0.739449 0.233085 0.0266225 0.000797448 4.60066e-05
 0.878498 0.100942 0.0204185 0.000141795 0
 0.694673 0.275183 0.0284847 0.00165964 0
 0.469039 0.446079 0.0841089 0.000773354 0
 0.822795 0.102175 0.0682046 0.00682512 0
 0 0 0 0 0
ppred_PELACES
 0.731413 0.188045 0.0718705 0.00866843 3.45967e-06
 0.733178 0.210091 0.0397186 0.0151804 0.00183167
 0.564992 0.342979 0.0724621 0.0136992 0.00586759
 0.676779 0.211763 0.0878783 0.0185663 0.00501343
 0.715969 0.207422 0.0501917 0.0208288 0.00558883
 0.56549 0.329675 0.0765589 0.0185256 0.00975069
 0.765793 0.149207 0.0644919 0.0149767 0.0055315
 0.69877 0.244367 0.036226 0.015658 0.0049792
 0.771365 0.173973 0.0443433 0.00657365 0.00374487
 0.717831 0.232433 0.0378452 0.00964621 0.00224463
 0.582489 0.322349 0.0783885 0.0127634 0.00401022
 0.619226 0.252525 0.0990175 0.024079 0.00515243
 0.796802 0.141342 0.0410217 0.016085 0.00474853
 0.871677 0.109992 0.0127514 0.00370081 0.00187952
 0.894974 0.0972583 0.00665846 0.000771916 0.000337811
 0.789059 0.198322 0.011686 0.000800041 0.000133338
 0.681891 0.26852 0.0466227 0.00274722 0.000219425
 0.747111 0.190097 0.0530034 0.00920292 0.000585589
 0.707565 0.23462 0.043459 0.0121173 0.00223779
 0.741089 0.197902 0.0489475 0.00906659 0.00299483
 0.704696 0.23435 0.0465913 0.0115235 0.00283957
 0.673204 0.246406 0.0637967 0.0126835 0.00391004
 0.714684 0.207514 0.058663 0.0151884 0.0039505
 0.703603 0.226969 0.0504964 0.014275 0.00465724
 0.3816 0.467252 0.115743 0.0257506 0.00965449
 0.577959 0.187151 0.177479 0.0439631 0.0134481
 0.665591 0.214134 0.0533353 0.0505789 0.0163614
pobs_pel_tallas
 0 0 0 0 0 0 0 0 0 0 0 0 0 0 0 0 0 0 0 0 0 0 0 0 0 0 0 0 0 0 0 0 0 0 0 0
 0 0 0 0 0 0 0 0 0 0 0 0 0 0 0 0 0 0 0 0 0 0 0 0 0 0 0 0 0 0 0 0 0 0 0 0
 0 0 0 0 0 0 0 0 0 0 0 0 0 0 0 0 0 0 0 0 0 0 0 0 0 0 0 0 0 0 0 0 0 0 0 0
 0 0 0 0 0 0 0 0 0 0 0 0 0 0 0 0 0 0 0 0 0 0 0 0 0 0 0 0 0 0 0 0 0 0 0 0
 0 0 0 0 0 0 0 0 0 0 0 0 0 0 0 0 0 0 0 0 0 0 0 0 0 0 0 0 0 0 0 0 0 0 0 0
 0 0 0 0 0 0 0 0 0 0 0 0 0 0 0 0 0 0 0 0 0 0 0 0 0 0 0 0 0 0 0 0 0 0 0 0
 0 0 0 0 0 0 0 0 0 0 0 0 0 0 0 0 0 0 0 0 0 0 0 0 0 0 0 0 0 0 0 0 0 0 0 0
 0 0 0 0 0 0 0 0 0 0 0 0 0 0 0 0 0 0 0 0 0 0 0 0 0 0 0 0 0 0 0 0 0 0 0 0
 0 0 0 0 0 0 0 0 0 0 0 0 0 0 0 0 0 0 0 0 0 0 0 0 0 0 0 0 0 0 0 0 0 0 0 0
 0 0 0 0 0 0 0 0 0 0 0 0 0 0 0 0 0 0 0 0 0 0 0 0 0 0 0 0 0 0 0 0 0 0 0 0
 0 0 0 0 0 0 0 0 1.78061e-05 0.00172719 0.00360574 0.0105946 0.0120993 0.0124554 0.0147524 0.0171206 0.0266825 0.0428682 0.0675386 0.121331 0.153587 0.119568 0.100827 0.0573624 0.0630603 0.0341343 0.0324427 0.0444173 0.0211091 0.0280891 0.0125444 0.00206551 0 0 0 0
 0 0 0 0 0 0 0 0 0 0 0 0 0 0 0 0 0 0 0 0 0 0 0 0 0 0 0 0 0 0 0 0 0 0 0 0
 0 0 0 0 0 0 0.0133647 0.0140871 0.0187388 0.0205184 0.03894 0.0496705 0.03968 0.0493445 0.0407372 0.0367815 0.0215668 0.0243155 0.0234873 0.0199281 0.019796 0.0243948 0.0301388 0.0376714 0.0412746 0.0863199 0.0771752 0.113111 0.0741005 0.0525337 0.0229764 0.00759418 0.00175318 0 0 0
 0 0 0 0 0 0 0 0 0 0 0.00219441 0.00772107 0.0458388 0.0604681 0.0671733 0.0775358 0.0609151 0.0617685 0.073594 0.0568108 0.0755445 0.0548602 0.0670107 0.0636378 0.0643287 0.046367 0.0373049 0.0286899 0.0247887 0.0153202 0.00654259 0.00121912 0.000365735 0 0 0
 0 0 0 0 0 0 0 0 0 0 0 0 0.000112435 0.00938835 0.0111873 0.0202946 0.0414886 0.0713402 0.111592 0.104902 0.108894 0.110636 0.117776 0.105296 0.107544 0.0401394 0.0192827 0.0124803 0.00416011 0.0028671 0.000618394 0 0 0 0 0
 0 0 0 0 0 0 0 0 0 0 0.00291406 0.0102884 0.027416 0.0768956 0.0749926 0.110853 0.0956884 0.0897413 0.0766577 0.0534642 0.0500743 0.0551293 0.0594112 0.0620874 0.0668451 0.0424026 0.0208742 0.0120726 0.0048766 0.00582813 0.00118941 0.000297354 0 0 0 0
 0 0.00264628 0.0354308 0.0461629 0.0458689 0.0383711 0.0214643 0.0164657 0.0346957 0.0420465 0.0363128 0.0245516 0.0311673 0.0291091 0.0169068 0.0133784 0.00837989 0.0085269 0.0148486 0.0160247 0.0276389 0.0546898 0.0760071 0.122758 0.109233 0.0665981 0.0333725 0.0166128 0.00676272 0.00308733 0.000882094 0 0 0 0 0
 0 0 0 0 0 0 0 0.000805153 0.000690131 0.00759144 0.0133425 0.0154129 0.00931677 0.000345066 0.00356568 0.00563607 0.00851162 0.0253048 0.0502646 0.0516448 0.0657925 0.0565908 0.0611916 0.0827007 0.0866115 0.110766 0.145733 0.0935128 0.0569358 0.0249597 0.0138026 0.00621118 0.00161031 0.00115022 0 0
 0 0 0 0 0 0 0 0 0 0 0 0 0 0 0 0 0 0 0 0 0 0 0 0 0 0 0 0 0 0 0 0 0 0 0 0
 0.00147267 0.00158595 0.00478618 0.00569244 0.00954404 0.0108468 0.00647125 0.017049 0.0510054 0.094081 0.124002 0.0959785 0.0687766 0.0820023 0.061753 0.0591476 0.0492212 0.0479892 0.0443925 0.0268479 0.0217502 0.0140895 0.0121071 0.0120363 0.00920419 0.00665534 0.0049561 0.00860946 0.00930331 0.0156896 0.0114698 0.00855282 0.00243557 0.00046729 0 2.83206e-05
 0 0 0 0 0.000772559 0.00158375 0.000888443 0.00281984 0.00712685 0.0440552 0.0773331 0.111326 0.0921469 0.0852325 0.0710754 0.0886704 0.0786465 0.0553345 0.0373146 0.0185414 0.00753245 0.00457741 0.012979 0.0271748 0.0457355 0.0583668 0.034881 0.0177882 0.00938659 0.00492506 0.0015258 0.00185414 0.000309023 5.79419e-05 3.86279e-05 0
 0 0.00173294 0.00326652 0 0.00397197 0.00683976 0.00946217 0.0152591 0.00757587 0.0136028 0.0228656 0.0392903 0.0559909 0.0764795 0.0681675 0.0726916 0.0566044 0.0477403 0.0527397 0.0444891 0.0609904 0.0582453 0.0661739 0.0445044 0.0529084 0.0360697 0.0280645 0.0235558 0.0158879 0.00826598 0.00280645 0.00217768 0.000904811 0.00058276 9.20147e-05 0
 0 0 0 0 0 0 0 0 0 0 0 0 0 0 0 0 0 0 0 0 0 0 0 0 0 0 0 0 0 0 0 0 0 0 0 0
 0 0 0 0 0 0 0 0 0 0 0 0 0 0 0 0 0 0 0 0 0 0 0 0 0 0 0 0 0 0 0 0 0 0 0 0
 0 0 0 0 0 0 0 0 0 0 0 0 0 0 0 0 0 0 0 0 0 0 0 0 0 0 0 0 0 0 0 0 0 0 0 0
 0 0 0 0 0 0 0 0 0 0 0 0 0 0 0 0 0 0 0 0 0 0 0 0 0 0 0 0 0 0 0 0 0 0 0 0
 0 0 0 0 0 0 0 0 0 0 0 0 0 0 0 0 0 0 0 0 0 0 0 0 0 0 0 0 0 0 0 0 0 0 0 0
ppred_pel_tallas
 1.0138e-16 3.19135e-05 0.000187304 0.000890352 0.00342789 0.0106896 0.027001 0.0552478 0.09158 0.122991 0.133844 0.118073 0.0845471 0.0493965 0.024075 0.0107801 0.00604033 0.00576297 0.00743508 0.00993868 0.0127891 0.0156627 0.0182467 0.0202459 0.0214353 0.0217079 0.0210932 0.0197405 0.0178738 0.015735 0.0135357 0.011428 0.00949944 0.00778514 0.00628746 0.0049942
 1.0124e-16 3.19912e-05 0.000187759 0.00089251 0.0034362 0.0107154 0.0270664 0.0553818 0.0918027 0.123292 0.134176 0.118375 0.0847858 0.0495803 0.0242463 0.0109932 0.00634627 0.00620374 0.00804025 0.0107191 0.0137285 0.0167108 0.0193185 0.0212289 0.0222065 0.022155 0.0211373 0.0193525 0.0170804 0.0146138 0.0121993 0.0100034 0.00810698 0.00652173 0.00521717 0.00414631
 1.01886e-16 2.4663e-05 0.000144723 0.000687886 0.0026483 0.00825838 0.0208603 0.0426846 0.0707608 0.0950494 0.103484 0.0914027 0.0656959 0.0388791 0.0198753 0.0104701 0.008068 0.00956712 0.0130289 0.0175074 0.0224472 0.0273301 0.0315994 0.0347287 0.0363307 0.0362456 0.0345736 0.0316379 0.0278953 0.0238251 0.0198334 0.0161968 0.0130528 0.0104257 0.00826977 0.00651042
 1.02189e-16 2.95322e-05 0.000173321 0.000823872 0.00317192 0.00989132 0.0249847 0.0511226 0.0847432 0.113813 0.123866 0.109293 0.0783115 0.0458562 0.0225421 0.0104221 0.00630407 0.00641735 0.00844325 0.0113384 0.0146267 0.017963 0.021001 0.0234092 0.0249321 0.0254428 0.0249647 0.0236527 0.0217436 0.0194943 0.0171293 0.0148099 0.0126301 0.0106308 0.00882155 0.00719996
 1.01757e-16 3.12407e-05 0.000183353 0.000871564 0.00335555 0.010464 0.0264312 0.054082 0.0896483 0.120399 0.131028 0.115601 0.082804 0.0484322 0.0237055 0.0107842 0.00627835 0.00618639 0.00804625 0.0107515 0.0138048 0.0168577 0.0195694 0.0216211 0.0227761 0.0229315 0.0221376 0.0205761 0.0185076 0.0162059 0.0139025 0.0117546 0.00984088 0.00817755 0.00674443 0.00550846
 1.02287e-16 2.46842e-05 0.000144848 0.000688486 0.00265061 0.0082656 0.0208785 0.0427217 0.0708221 0.0951305 0.103569 0.091471 0.0657297 0.0388683 0.0198133 0.010347 0.00786707 0.00926685 0.0126085 0.0169539 0.0217628 0.0265378 0.0307457 0.0338804 0.0355672 0.0356473 0.0342084 0.0315503 0.0280997 0.0243053 0.0205471 0.0170841 0.0140457 0.0114576 0.00928196 0.00745669
 1.01738e-16 3.3411e-05 0.000196099 0.000932174 0.00358894 0.0111918 0.0282695 0.057843 0.0958804 0.128762 0.140113 0.123575 0.0884282 0.0515445 0.0248987 0.0107707 0.00550515 0.00480297 0.00603308 0.00804585 0.010379 0.0127604 0.0149414 0.0166877 0.0178182 0.0182416 0.0179712 0.0171118 0.0158256 0.0142887 0.0126552 0.011036 0.00949597 0.00806457 0.00675078 0.00555657
 1.01365e-16 3.04922e-05 0.000178955 0.00085065 0.00327501 0.0102128 0.0257968 0.0527843 0.0874984 0.117515 0.127899 0.112863 0.0808918 0.0474124 0.0233895 0.0109483 0.00679533 0.0070339 0.00925673 0.012361 0.0158177 0.0192254 0.0221829 0.0243172 0.0253582 0.0252002 0.0239246 0.0217716 0.0190751 0.016182 0.0133824 0.0108694 0.00873292 0.00697932 0.00556408 0.00442323
 1.01088e-16 3.36549e-05 0.000197529 0.000938967 0.00361508 0.0112733 0.0284755 0.0582646 0.0965798 0.129704 0.141142 0.124494 0.0891108 0.0519926 0.0252082 0.0110617 0.00587705 0.00532556 0.00675037 0.00897587 0.0115071 0.0140317 0.0162584 0.0179176 0.0188099 0.0188498 0.0180819 0.0166633 0.014819 0.0127867 0.0107689 0.00890532 0.00726795 0.00587374 0.00470564 0.00373259
 1.0105e-16 3.13229e-05 0.000183833 0.000873843 0.00336432 0.0104913 0.0265002 0.0542235 0.0898835 0.120717 0.131379 0.115923 0.0830617 0.048637 0.0239058 0.0110425 0.00665561 0.00673593 0.00880954 0.0117504 0.0150306 0.018262 0.0210603 0.0230691 0.0240302 0.023842 0.0225818 0.020479 0.0178537 0.0150395 0.0123172 0.00987563 0.00780533 0.00611618 0.00476797 0.0036999
 1.01844e-16 2.54251e-05 0.000149199 0.000709171 0.00273026 0.00851397 0.0215058 0.0440053 0.0729494 0.0979864 0.106674 0.0942031 0.0676708 0.0399718 0.0202937 0.0104645 0.00779518 0.00907961 0.01232 0.0165553 0.0212429 0.0258914 0.0299769 0.0330023 0.0345997 0.0346128 0.0331281 0.0304407 0.0269721 0.023167 0.0194041 0.0159442 0.012921 0.0103647 0.00824081 0.00648823
 1.02557e-16 2.70242e-05 0.000158594 0.000753848 0.0029023 0.00905049 0.0228609 0.0467774 0.0775423 0.104148 0.113361 0.100059 0.0717705 0.0421786 0.0210186 0.0101969 0.0068206 0.00746046 0.00999946 0.0134625 0.0173641 0.0213118 0.024896 0.0277231 0.0294905 0.0300501 0.0294339 0.0278309 0.0255276 0.0228334 0.0200174 0.0172715 0.0147058 0.0123652 0.0102567 0.00837315
 1.01404e-16 3.47628e-05 0.000204036 0.00096991 0.00373423 0.0116449 0.029414 0.0601845 0.0997613 0.133973 0.145779 0.128563 0.0919757 0.0535694 0.0257958 0.0110184 0.00542423 0.00453132 0.00559635 0.00742296 0.00953734 0.0116715 0.0135879 0.0150678 0.0159473 0.0161516 0.0157088 0.014735 0.0134001 0.0118838 0.0103387 0.00886979 0.00753152 0.00633873 0.00528359 0.00435077
 1.00432e-16 3.80263e-05 0.000223199 0.00106102 0.00408503 0.0127388 0.0321772 0.0658381 0.109131 0.146551 0.159454 0.140595 0.100523 0.0584236 0.0279005 0.0115153 0.00507192 0.00364692 0.00422996 0.00552126 0.0070339 0.00852764 0.00981026 0.0107125 0.011114 0.0109699 0.010321 0.0092807 0.00800495 0.00665532 0.00536674 0.00422876 0.0032823 0.00252857 0.00194395 0.00149481
 1.00169e-16 3.90416e-05 0.000229161 0.00108937 0.00419418 0.0130792 0.033037 0.0675971 0.112046 0.150465 0.163708 0.144336 0.103177 0.0599246 0.0285389 0.0116426 0.00491964 0.00330884 0.00371754 0.00481585 0.00611627 0.00739181 0.00846923 0.00919876 0.00947559 0.00926346 0.00860333 0.0076015 0.00640251 0.00515537 0.00398429 0.00297128 0.00215291 0.00152814 0.00107189 0.000748855
 1.00265e-16 3.44274e-05 0.000202062 0.000960513 0.00369803 0.011532 0.0291289 0.0596016 0.0987966 0.132682 0.144387 0.127365 0.0911847 0.0532405 0.0258828 0.0114734 0.00625483 0.00579723 0.00737351 0.00976198 0.0124274 0.0150147 0.0171902 0.0186515 0.019186 0.0187211 0.0173421 0.0152682 0.0127967 0.0102338 0.00783451 0.00576712 0.00410622 0.00284882 0.00194213 0.00131196
 1.00855e-16 2.97573e-05 0.000174638 0.00083012 0.00319596 0.00996626 0.0251741 0.0515105 0.0853876 0.114683 0.124824 0.110166 0.0789963 0.0463765 0.0230181 0.0110081 0.00714547 0.00763614 0.0101304 0.0135382 0.0173136 0.0210214 0.0242187 0.0264923 0.0275429 0.0272531 0.0257134 0.0231921 0.0200641 0.0167212 0.0134952 0.0106116 0.00818083 0.00621842 0.00467897 0.00349039
 1.01159e-16 3.2598e-05 0.000191322 0.000909457 0.00350145 0.010919 0.0275804 0.0564334 0.0935451 0.12563 0.136715 0.120602 0.0863529 0.0504402 0.0245618 0.0109597 0.00608407 0.0057501 0.00738649 0.00984736 0.0126351 0.0154188 0.0178819 0.019729 0.0207402 0.020819 0.0200108 0.0184835 0.0164795 0.0142565 0.0120352 0.00996934 0.00814047 0.00657115 0.00524735 0.00413945
 1.01215e-16 3.08754e-05 0.000181205 0.00086135 0.00331622 0.0103413 0.0261213 0.0534483 0.0885986 0.118992 0.129504 0.114271 0.0818862 0.0479647 0.0236055 0.0109549 0.00667345 0.00681224 0.00893448 0.0119297 0.0152744 0.0185798 0.0214588 0.0235514 0.0245947 0.0244828 0.0232883 0.021237 0.0186456 0.0158455 0.0131161 0.0106462 0.00852807 0.00677462 0.00535017 0.00419916
 1.01211e-16 3.23357e-05 0.000189782 0.000902132 0.00347325 0.010831 0.0273583 0.0559788 0.0927919 0.124619 0.135617 0.119639 0.0856742 0.050066 0.024421 0.0109669 0.00618596 0.00592937 0.00764585 0.0101941 0.0130713 0.0159362 0.0184602 0.0203371 0.0213407 0.0213741 0.0204893 0.0188658 0.0167604 0.0144442 0.012148 0.0100307 0.00817372 0.00659571 0.00527646 0.00417982
 1.01267e-16 3.07503e-05 0.000180471 0.000857858 0.00330277 0.0102994 0.0260154 0.0532316 0.0882394 0.11851 0.128979 0.113809 0.0815562 0.0477742 0.0235169 0.0109228 0.0066665 0.00681606 0.00894526 0.0119486 0.015305 0.0186265 0.021527 0.0236461 0.0247203 0.0246418 0.0234808 0.0214599 0.018893 0.0161088 0.013385 0.0109102 0.0087773 0.00700115 0.00554858 0.00436681
 1.01605e-16 2.93776e-05 0.000172411 0.000819537 0.00315522 0.00983922 0.0248532 0.0508537 0.0842984 0.113219 0.123227 0.108748 0.07796 0.0457299 0.0226272 0.0107065 0.00680361 0.00717245 0.00949964 0.0127242 0.0163318 0.0199246 0.0230983 0.0254724 0.026764 0.0268508 0.0257943 0.0238149 0.0212286 0.0183698 0.0155235 0.0128862 0.0105597 0.00856867 0.00689068 0.00548392
 1.01607e-16 3.11847e-05 0.000183024 0.000870001 0.00334953 0.0104452 0.0263838 0.053985 0.0894875 0.120183 0.130794 0.115394 0.0826575 0.0483493 0.0236702 0.0107773 0.00628757 0.0062076 0.00808053 0.0108024 0.0138767 0.0169549 0.0196947 0.0217751 0.0229561 0.0231306 0.0223447 0.0207768 0.0186851 0.0163437 0.0139866 0.0117756 0.00979565 0.00806996 0.00658444 0.00531059
 1.01499e-16 3.07023e-05 0.00018019 0.000856524 0.00329764 0.0102833 0.025975 0.0531488 0.088102 0.118324 0.128776 0.113626 0.0814177 0.0476778 0.0234411 0.0108406 0.00655404 0.00665481 0.00872218 0.0116574 0.0149485 0.0182197 0.0210977 0.0232332 0.0243691 0.0243969 0.0233789 0.0215234 0.0191261 0.0164979 0.0139016 0.0115162 0.00943076 0.00766207 0.00618283 0.00494858
 1.03132e-16 1.66714e-05 9.77935e-05 0.000464753 0.00178913 0.00557907 0.0140927 0.0288387 0.0478149 0.0642493 0.0700087 0.0619733 0.044844 0.0271431 0.0149904 0.00970227 0.00963543 0.0127755 0.017828 0.0240685 0.0309181 0.0377161 0.043714 0.0481936 0.0506215 0.0507679 0.048753 0.044997 0.0401016 0.034701 0.0293347 0.0243729 0.0200045 0.0162721 0.0131286 0.0104913
 1.0472e-16 2.52223e-05 0.00014802 0.000703594 0.00270883 0.00844717 0.0213369 0.0436588 0.0723715 0.0971995 0.10579 0.0933559 0.0669185 0.0392399 0.0193954 0.00915376 0.00580942 0.0061676 0.00827682 0.0112751 0.0147808 0.018515 0.0221818 0.0254773 0.0281381 0.0299859 0.0309496 0.0310576 0.0304081 0.0291304 0.027354 0.0251926 0.022745 0.020104 0.0173658 0.0146324
 1.0333e-16 2.90442e-05 0.000170457 0.000810255 0.00311949 0.00972782 0.0245718 0.0502776 0.0833426 0.111933 0.12182 0.107491 0.0770255 0.0451141 0.0221973 0.0102958 0.00627131 0.00641611 0.00844889 0.011341 0.0146204 0.0179439 0.0209689 0.0233711 0.0249059 0.0254603 0.0250715 0.023905 0.0222009 0.0202096 0.0181381 0.0161213 0.0142217 0.012449 0.0107879 0.00922151
pSPR Fmed_Fpbrs
0.457682   0.6 0.325
Fs Fmed_Fpbrs
0.64   0.360625 1.14284
SSBpbr Bo_Bmed_Bpbrs
888327  362155  488580 244290
Ro
32859.6
SPR SPRFo_SPRFmed_SPRFpbrs
678690 310624 220574
log_Ro
10.22
likeval ReclasPelacesDesembMPH_pf_preclas_ppelaces_ptallas_desvR_qrecl_qpela
 67.0238 13.3739 0.0144903 18.566 337.948 209.19 56.4517 0 17.5105 3.06537e-07 9.00271e-05 1.19676e-15 0 0 0
q_reclas_q_pelaces
1.08162 3.85702
M
0.7
N
 35486.1 11731.4 4483.72 540.79 0.215835
 44267.4 16099.9 3043.74 1163.32 140.366
 18065.8 20134.9 4253.95 804.226 344.462
 24309.2 7647.17 3173.46 670.465 181.045
 47325.8 11570.3 2799.77 1161.86 311.754
 32363.2 23306.7 5412.42 1309.69 689.336
 69769 14798.2 6396.24 1485.37 548.609
 69632.3 32697.2 4847.18 2095.1 666.235
 98732.2 31326.7 7984.73 1183.69 674.324
 117192 44017 7166.94 1826.75 425.078
 63599.2 54246.9 13191.7 2147.91 674.865
 45280 27854.2 10921.9 2655.98 568.328
 49092.3 19914.4 5779.74 2266.29 669.043
 27809.7 19910.6 2308.24 669.918 340.229
 15280.1 9449.59 646.934 74.9991 32.8216
 11835.9 5189.11 305.765 20.9332 3.48881
 8308.97 5060.26 878.608 51.7714 4.13507
 10582.9 3636.62 1013.97 176.055 11.2025
 11958.1 4755.75 880.912 245.618 45.36
 17012.4 5499.36 1360.16 251.945 83.221
 24135.2 7809.76 1552.67 384.023 94.6292
 31218.3 11560.9 2993.23 595.087 183.452
 48594 14840.5 4195.31 1086.2 282.521
 68293.1 22926.6 5100.75 1441.95 470.438
 26416.3 32287.3 7997.86 1779.38 667.129
 37670.7 12590.8 11940.1 2957.67 904.738
 47399.1 17838.3 4443.07 4213.45 1362.98
pred_Ctot
 2215.73 4180.19 1597.66 192.697 0.0769075
 2689.43 5615.74 1061.68 405.772 48.9604
 1935.27 10535.4 2225.83 420.803 180.236
 727.718 1470.41 610.2 128.919 34.8117
 281.912 484.261 117.181 48.6284 13.0481
 1852.25 7755.76 1801.09 435.825 229.39
 2832.08 3709.94 1603.55 372.386 137.537
 4736.15 12441.8 1844.43 797.219 253.512
 7303.8 12694 3235.53 479.649 273.246
 5742.04 12918.3 2103.38 536.122 124.753
 5438.56 24403.2 5934.34 966.242 303.59
 3749.5 12248.8 4802.86 1167.96 249.92
 6546.45 11887.1 3449.99 1352.77 399.359
 6453.61 15328.6 1777.05 515.75 261.932
 3550.5 7278.23 498.279 57.7656 25.2797
 1193.84 2611.52 153.882 10.535 1.75581
 714.073 2284.35 396.628 23.3711 1.86669
 727.665 1395.21 389.015 67.5442 4.29789
 638.35 1496.71 277.238 77.3001 14.2755
 928.687 1762.16 435.838 80.7308 26.6666
 615.719 1300.89 258.631 63.9674 15.7626
 961.221 2279.2 590.105 117.319 36.1669
 1749.46 3355.83 948.672 245.62 63.8857
 2361.61 5005.78 1113.69 314.834 102.715
 765.255 6029.29 1493.51 332.279 124.579
 1261.12 2672.21 2534.11 627.722 192.017
 2374.92 5332.16 1328.11 1259.47 407.416
F
 0.0903298 0.649178 0.649178 0.649178 0.649178
 0.0877953 0.630963 0.630963 0.630963 0.630963
 0.159687 1.14763 1.14763 1.14763 1.14763
 0.0424109 0.304796 0.304796 0.304796 0.304796
 0.00831349 0.059747 0.059747 0.059747 0.059747
 0.0825173 0.593031 0.593031 0.593031 0.593031
 0.0578993 0.416108 0.416108 0.416108 0.416108
 0.0987595 0.70976 0.70976 0.70976 0.70976
 0.107836 0.774991 0.774991 0.774991 0.774991
 0.0702662 0.504986 0.504986 0.504986 0.504986
 0.125617 0.902776 0.902776 0.902776 0.902776
 0.121421 0.872625 0.872625 0.872625 0.872625
 0.20245 1.45496 1.45496 1.45496 1.45496
 0.379415 2.72676 2.72676 2.72676 2.72676
 0.379992 2.73091 2.73091 2.73091 2.73091
 0.149717 1.07598 1.07598 1.07598 1.07598
 0.12628 0.907543 0.907543 0.907543 0.907543
 0.0998857 0.717854 0.717854 0.717854 0.717854
 0.076773 0.551748 0.551748 0.551748 0.551748
 0.0785694 0.564659 0.564659 0.564659 0.564659
 0.0360413 0.25902 0.25902 0.25902 0.25902
 0.0436449 0.313665 0.313665 0.313665 0.313665
 0.0512012 0.36797 0.36797 0.36797 0.36797
 0.0491355 0.353125 0.353125 0.353125 0.353125
 0.0410159 0.294771 0.294771 0.294771 0.294771
 0.0475347 0.34162 0.34162 0.34162 0.34162
 0.0719064 0.516774 0.516774 0.516774 0.516774
Np
 22512.8 10632.4 7584.23 1829.33 613.4
YTP_r0W_actual
 13719.7 85648.7 31011.7 37557.4 13482.2
YTP_p0W_proyectada
 6516.33 105172 36877.2 11730.1 16000.7
 6516.33 51050.1 52936.4 16306.1 6067.6
CTP_r0_actual
 1673.13 3965.22 987.635 936.594 302.971
CTP_p0_proyectada
 794.674 4869.09 1174.43 292.522 359.567
 794.674 2363.43 1685.87 406.635 136.351
Wmedp
 8.2 21.6 31.4 40.1 44.5
nmprior
 10.8 10.6 4.6 0
nm_flota  nm_reclas  nm_pelaces    nm_pelaL
inf 23.76 14.564 42.52
cv_recla  cv_pelaces  cv_mph
0.708998 0.400608 0.575791
 ------------------------------------------------
Talla a la edad & desviaci?n 
 7.2 14.2025 17.0495 18.207 18.6776
 1.08 2.13037 2.55742 2.73105 2.80164
