years
 1997 1998 1999 2000 2001 2002 2003 2004 2005 2006 2007 2008 2009 2010 2011 2012 2013 2014 2015 2016 2017 2018 2019 2020 2021 2022 2023
reclasobs
 0 0 0 370054 412103 1.49427e+06 250295 1.28982e+06 931140 785840 897777 1.04006e+06 184774 17550 25797 100020 73551 82996 120727 218422 84188 347160 605670 569463 516374 1.08416e+06 1.01767e+06
reclaspred
 434441 120498 360245 251507 365773 445200 961001 656653 756820 728058 596980 402523 240182 101898 67912.9 66921.3 76860.5 106061 121527 173313 259266 249953 439202 579607 729726 699657 706330
pelacesobs
 0 0 0 0 0 0 0 0 0 2.06254e+06 1.5e+06 0 1.87456e+06 323000 250000 174000 83755 137374 0 501740 490994 745055 786931 1.00524e+06 1.33801e+06 1.41789e+06 0
pelacespred
 1.8401e+06 383454 761715 789734 1.01321e+06 939147 2.53081e+06 2.02316e+06 2.15412e+06 2.04061e+06 1.43276e+06 997622 602851 203354 145366 148960 178713 256583 288229 414796 711112 636121 921124 1.40113e+06 1.68132e+06 1.78226e+06 1.73573e+06
mphobs
 0 0 0 0 0 0 112323 0 153150 637223 0 255016 313432 73983 77613 109348 50772 17779 17303 59886 28197 0 207744 136588 643089 65757 70829
mphpred
 142766 86039.6 105604 120539 129276 200329 297802 354888 312412 332607 316291 219052 129257 109360 46888.4 41418.3 44439.7 60050.9 28249.4 32973.2 52864.3 66563.7 84337.2 126012 169400 172858 162050
desembarqueobs
 350755 77701 442110 56441 14545 235359 269955 359681 431902 328805 639364 411747 362871 311530 167758 66681 60226 58785 57116 73181 50977 67692 138656 160484 209506 203330 245020
desembarquepred
 350771 77706.7 442177 56445.1 14545.3 235451 270016 359723 431974 328857 639595 411971 363224 311905 167721 66697.3 60264.4 58789.2 57107.8 73184.3 50979.5 67685.8 138665 160499 209517 203333 245014
Reclutas
 43732 52597.6 31369.1 44102.1 72783 53478.5 92521 89841.9 119142 119760 64923.4 42227.3 43132.8 24588.8 16619.6 15007.5 11015.4 14254 17180.7 26459 35332.7 47935.9 73679.5 101418 44755 64277.4 106029
log_desv_Rt
 -0.0141653 0.170425 -0.346422 -0.0057364 0.495238 0.187036 0.735191 0.705807 0.988069 0.993244 0.380963 -0.049178 -0.027962 -0.589952 -0.981661 -1.08369 -1.39295 -1.13521 -0.948457 -0.516648 -0.227435 0.0776192 0.507479 0.827004 0.00895843 0.370964 0.871472
SSB
 494865 298236 366052 417820 448105 694394 1.00521e+06 1.21697e+06 1.05935e+06 1.12997e+06 1.09635e+06 759291 463121 234657 105423 93043.3 103900 133626 174416 213913 324684 398720 519053 741445 1.08756e+06 1.13994e+06 1.00751e+06
BT
 1.79508e+06 445136 863931 705364 839152 955930 2.25289e+06 2.0633e+06 2.15479e+06 1.98349e+06 1.74679e+06 1.1911e+06 844298 456542 255962 176028 195702 256902 284216 398281 623116 583939 849736 1.27897e+06 1.53748e+06 1.63546e+06 1.63057e+06
Ftot
 0.831984 0.672299 1.01312 0.192965 0.0371657 0.378142 0.236782 0.470427 0.518221 0.389715 0.772272 0.696869 1.13888 2.27857 2.41589 0.936384 0.714844 0.497289 0.391662 0.379774 0.176431 0.216505 0.249898 0.241725 0.202914 0.197639 0.273069
BD_Bspro_t
 0.921886 0.682136 0.632495 0.484588 0.627469 0.772041 0.728275 0.742 0.683668 0.655123 0.620882 0.459474 0.345904 0.236424 0.136162 0.146379 0.213361 0.330388 0.449968 0.559613 0.681025 0.774456 0.789176 0.796493 0.811434 0.77236 0.748406
BD_Bspro
 0.540165 0.325536 0.399561 0.456068 0.489125 0.757959 1.09723 1.32837 1.15632 1.23341 1.19671 0.828797 0.505515 0.256138 0.115073 0.101561 0.113411 0.145859 0.190382 0.233495 0.354406 0.435219 0.566568 0.809317 1.18712 1.24429 1.09973
BD_Bo
 0.385131 0.232103 0.284882 0.325171 0.34874 0.540416 0.782313 0.947113 0.824442 0.879409 0.85324 0.590922 0.360426 0.182623 0.0820459 0.0724114 0.0808605 0.103995 0.13574 0.166479 0.252687 0.310306 0.403956 0.577033 0.8464 0.887167 0.784096
BD_Brms
 0.700239 0.422006 0.517968 0.59122 0.634073 0.982574 1.42239 1.72202 1.49899 1.59893 1.55134 1.0744 0.65532 0.332042 0.149174 0.131657 0.147019 0.189083 0.2468 0.302689 0.459431 0.564193 0.734465 1.04915 1.53891 1.61303 1.42563
S_f
 0.12358 0.728195 0.980733 0.998967 0.999946
 0.12358 0.728195 0.980733 0.998967 0.999946
 0.12358 0.728195 0.980733 0.998967 0.999946
 0.12358 0.728195 0.980733 0.998967 0.999946
 0.12358 0.728195 0.980733 0.998967 0.999946
 0.12358 0.728195 0.980733 0.998967 0.999946
 0.12358 0.728195 0.980733 0.998967 0.999946
 0.12358 0.728195 0.980733 0.998967 0.999946
 0.12358 0.728195 0.980733 0.998967 0.999946
 0.12358 0.728195 0.980733 0.998967 0.999946
 0.12358 0.728195 0.980733 0.998967 0.999946
 0.12358 0.728195 0.980733 0.998967 0.999946
 0.12358 0.728195 0.980733 0.998967 0.999946
 0.12358 0.728195 0.980733 0.998967 0.999946
 0.12358 0.728195 0.980733 0.998967 0.999946
 0.12358 0.728195 0.980733 0.998967 0.999946
 0.12358 0.728195 0.980733 0.998967 0.999946
 0.12358 0.728195 0.980733 0.998967 0.999946
 0.12358 0.728195 0.980733 0.998967 0.999946
 0.12358 0.728195 0.980733 0.998967 0.999946
 0.12358 0.728195 0.980733 0.998967 0.999946
 0.12358 0.728195 0.980733 0.998967 0.999946
 0.12358 0.728195 0.980733 0.998967 0.999946
 0.12358 0.728195 0.980733 0.998967 0.999946
 0.12358 0.728195 0.980733 0.998967 0.999946
 0.12358 0.728195 0.980733 0.998967 0.999946
 0.12358 0.728195 0.980733 0.998967 0.999946
Scru_reclas
 0.779226 1 1 1 1
 0.779226 1 1 1 1
 0.779226 1 1 1 1
 0.779226 1 1 1 1
 0.779226 1 1 1 1
 0.779226 1 1 1 1
 0.779226 1 1 1 1
 0.779226 1 1 1 1
 0.779226 1 1 1 1
 0.779226 1 1 1 1
 0.779226 1 1 1 1
 0.779226 1 1 1 1
 0.779226 1 1 1 1
 0.779226 1 1 1 1
 0.779226 1 1 1 1
 0.779226 1 1 1 1
 0.779226 1 1 1 1
 0.779226 1 1 1 1
 0.779226 1 1 1 1
 0.779226 1 1 1 1
 0.779226 1 1 1 1
 0.779226 1 1 1 1
 0.779226 1 1 1 1
 0.779226 1 1 1 1
 0.779226 1 1 1 1
 0.779226 1 1 1 1
 0.779226 1 1 1 1
Scru_pelaces
 1 1 1 1 1
 1 1 1 1 1
 1 1 1 1 1
 1 1 1 1 1
 1 1 1 1 1
 1 1 1 1 1
 1 1 1 1 1
 1 1 1 1 1
 1 1 1 1 1
 1 1 1 1 1
 1 1 1 1 1
 1 1 1 1 1
 1 1 1 1 1
 1 1 1 1 1
 1 1 1 1 1
 1 1 1 1 1
 1 1 1 1 1
 1 1 1 1 1
 1 1 1 1 1
 1 1 1 1 1
 1 1 1 1 1
 1 1 1 1 1
 1 1 1 1 1
 1 1 1 1 1
 1 1 1 1 1
 1 1 1 1 1
 1 1 1 1 1
pf_obs 
 0.256992 0.487395 0.22802 0.0275931 0
 0.321318 0.546541 0.124235 0.00734118 0.000564706
 0.182869 0.594174 0.210203 0.0122559 0.00049798
 0.330522 0.361315 0.267642 0.0388342 0.00168674
 0.649043 0.306663 0.0425973 0.00169635 0
 0.582887 0.30429 0.105238 0.00758474 0
 0.465427 0.430635 0.0974691 0.00646863 0
 0.296916 0.608066 0.0921331 0.00288517 0
 0.311714 0.524322 0.152257 0.0117073 0
 0.15457 0.633149 0.183074 0.0267441 0.00246327
 0.131901 0.49318 0.331252 0.0422183 0.00144891
 0.196976 0.569456 0.194076 0.0375587 0.00193317
 0.518974 0.381816 0.0799577 0.0180837 0.00116848
 0.0928022 0.601141 0.25162 0.0475244 0.00691264
 0.122501 0.610282 0.24278 0.0234846 0.000952079
 0.383417 0.481906 0.127806 0.00687128 0
 0.0376549 0.599619 0.316969 0.0457579 0
 0.0361596 0.667082 0.258105 0.0386534 0
 0.158088 0.579412 0.248529 0.0139706 0
 0.0477256 0.309471 0.559284 0.082774 0.000745712
 0.0406174 0.521527 0.379366 0.0568643 0.0016247
 0.151134 0.462217 0.34131 0.0453401 0
 0.294876 0.26143 0.354403 0.0886775 0.000613685
 0.281977 0.475581 0.204845 0.0348837 0.00271318
 0.0841818 0.532909 0.334909 0.0458182 0.00218182
 0.115287 0.27431 0.454777 0.147771 0.00785563
 0 0 0 0 0
pf_pred 
 0.355461 0.443523 0.179831 0.0211706 1.42592e-05
 0.300413 0.556157 0.110414 0.02962 0.00339592
 0.17329 0.609488 0.185049 0.0249111 0.00726187
 0.255118 0.445284 0.243902 0.0476529 0.00804317
 0.272765 0.467576 0.173923 0.0700508 0.0156855
 0.154242 0.554296 0.206107 0.0575141 0.0278418
 0.251221 0.381076 0.267802 0.0710976 0.0288038
 0.202686 0.525473 0.160017 0.0818925 0.0299313
 0.24965 0.455036 0.217146 0.0464487 0.0317189
 0.21445 0.529281 0.176734 0.0588486 0.0206864
 0.127667 0.540812 0.247124 0.0586033 0.0257934
 0.129117 0.442678 0.304375 0.0929332 0.0308973
 0.208291 0.414605 0.228824 0.106187 0.0420933
 0.210549 0.565669 0.143483 0.0493342 0.0309641
 0.292985 0.562711 0.120818 0.0153208 0.00816524
 0.308157 0.587251 0.0930268 0.00976177 0.00180395
 0.203045 0.601906 0.174874 0.0180008 0.00217464
 0.254291 0.463251 0.231846 0.0454967 0.00511538
 0.246866 0.509184 0.17118 0.0599764 0.0127934
 0.284952 0.467438 0.18495 0.0442559 0.0184039
 0.257608 0.51412 0.16587 0.0468678 0.015534
 0.243783 0.485996 0.203926 0.0484299 0.0178654
 0.267339 0.46409 0.191184 0.0586882 0.0186993
 0.255843 0.49494 0.175649 0.0526769 0.0208911
 0.0959946 0.585672 0.233223 0.0603456 0.0247648
 0.160232 0.302234 0.384919 0.112406 0.0402096
 0.246252 0.39689 0.155341 0.145115 0.0564021
pobs_RECLAS
 0 0 0 0 0
 0 0 0 0 0
 0 0 0 0 0
 0 0 0 0 0
 0.835266 0.146461 0.0176864 0.000547809 3.91292e-05
 0.385257 0.428462 0.181853 0.0044286 0
 0.867414 0.0963971 0.0333333 0.00285562 0
 0.441836 0.489002 0.0689373 0.000224442 0
 0.779404 0.147425 0.0564933 0.0165055 0.000172143
 0.814271 0.122319 0.05973 0.00367925 0
 0.40263 0.566651 0.0304383 0.000280538 0
 0.475488 0.404961 0.113038 0.00651328 0
 0.955842 0.0263864 0.0167828 0.000988607 0
 0.975058 0.0227948 0.00214734 0 0
 0.738997 0.206755 0.0527124 0.00153531 0
 0.850938 0.134255 0.0134407 0.00136685 0
 0.542534 0.407297 0.0501686 0 0
 0.764087 0.199537 0.0359546 0.000420521 0
 0.470689 0.182191 0.310203 0.0369168 0
 0.84361 0.089868 0.0606195 0.00523954 0.000663233
 0.607945 0.314616 0.071237 0.00620181 0
 0.523733 0.453247 0.0230204 0 0
 0.530135 0.295979 0.169645 0.0042399 0
 0.562478 0.366248 0.0663022 0.0049721 0
 0.250443 0.683176 0.0655157 0.000865301 0
 0.195077 0.31981 0.436473 0.0351445 0.0134964
 0.565238 0.351407 0.0832357 0.000118908 0
ppred_RECLAS
 0.7432 0.193392 0.0568457 0.0065578 4.41217e-06
 0.683415 0.266642 0.0386212 0.0101578 0.00116336
 0.523867 0.379245 0.082795 0.010915 0.00317829
 0.6392 0.241157 0.0977391 0.0187426 0.00316037
 0.6555 0.244398 0.0674608 0.0266741 0.00596689
 0.483869 0.372621 0.102056 0.027942 0.0135127
 0.641238 0.209849 0.109013 0.0284038 0.0114958
 0.567762 0.313897 0.0702188 0.0352516 0.0128711
 0.636434 0.246725 0.0863609 0.018119 0.0123604
 0.582784 0.308043 0.0757402 0.0247439 0.00868917
 0.438567 0.389017 0.129188 0.0300266 0.0132016
 0.449 0.323925 0.162343 0.0485933 0.0161387
 0.599833 0.243345 0.0959704 0.0435916 0.0172603
 0.619503 0.30211 0.0507625 0.0169818 0.0106429
 0.714256 0.244808 0.0344328 0.00424457 0.00225873
 0.692001 0.272992 0.031207 0.00320781 0.000592144
 0.565026 0.352047 0.0745019 0.0075178 0.000907248
 0.640645 0.248517 0.0912913 0.0175722 0.00197369
 0.626326 0.27664 0.0684779 0.0235398 0.0050161
 0.672058 0.236224 0.068842 0.0161624 0.00671438
 0.635789 0.274469 0.0655448 0.0181779 0.00601896
 0.622403 0.267932 0.0831442 0.0193796 0.00714185
 0.652104 0.24408 0.0743052 0.0223854 0.00712536
 0.636254 0.265488 0.0696401 0.0204968 0.00812069
 0.351419 0.463249 0.136467 0.0346564 0.0142083
 0.515152 0.209996 0.197872 0.0567137 0.0202673
 0.634837 0.220377 0.0637062 0.0584031 0.0226769
pobs_PELACES
 0 0 0 0 0
 0 0 0 0 0
 0 0 0 0 0
 0 0 0 0 0
 0 0 0 0 0
 0 0 0 0 0
 0 0 0 0 0
 0 0 0 0 0
 0 0 0 0 0
 0 0 0 0 0
 0.450072 0.473896 0.0757376 0.000293798 0
 0 0 0 0 0
 0.463077 0.371075 0.160297 0.00555027 0
 0.529543 0.364841 0.0842815 0.0213345 0
 0.631943 0.363953 0.00410389 0 0
 0.735681 0.248677 0.0153453 0.000297389 0
 0.695825 0.281241 0.0229344 0 0
 0.275771 0.60734 0.115278 0.00161068 0
 0 0 0 0 0
 0.896147 0.0623911 0.0374545 0.00400742 0
 0.803859 0.145111 0.0509908 3.86294e-05 0
 0.739449 0.233085 0.0266225 0.000797448 4.60066e-05
 0.878498 0.100942 0.0204185 0.000141795 0
 0.694673 0.275183 0.0284847 0.00165964 0
 0.469039 0.446079 0.0841089 0.000773354 0
 0.822795 0.102175 0.0682046 0.00682512 0
 0 0 0 0 0
ppred_PELACES
 0.816816 0.14029 0.0384746 0.00441632 2.97056e-06
 0.761673 0.202498 0.0277323 0.00726443 0.000831807
 0.637359 0.293736 0.0589351 0.00772226 0.00224789
 0.703751 0.199079 0.0793979 0.0152078 0.00256417
 0.711175 0.20509 0.0564356 0.0223097 0.00499053
 0.566896 0.315457 0.0837193 0.0228695 0.0110583
 0.708011 0.172216 0.0877153 0.022822 0.00923597
 0.651793 0.255641 0.0549884 0.0275275 0.0100494
 0.716407 0.195154 0.0654224 0.0136833 0.00933283
 0.661504 0.252076 0.0599985 0.0195553 0.00686625
 0.543945 0.322279 0.100354 0.0232167 0.010205
 0.551762 0.269916 0.127643 0.0380467 0.0126331
 0.714752 0.180022 0.0645686 0.029128 0.0115292
 0.773585 0.186574 0.0259275 0.00855551 0.00535798
 0.842158 0.138896 0.0159734 0.00194064 0.0010319
 0.778062 0.198418 0.0209794 0.00214439 0.000395722
 0.660346 0.277987 0.0554267 0.00556896 0.000671907
 0.719019 0.196812 0.0693628 0.0133114 0.00149488
 0.70112 0.223168 0.0534678 0.0183367 0.00390687
 0.74109 0.188167 0.0531286 0.0124448 0.00516934
 0.699615 0.227203 0.0534655 0.0148122 0.00490423
 0.689484 0.221503 0.0675074 0.0157144 0.00579075
 0.717868 0.199191 0.0593898 0.0178651 0.00568606
 0.70315 0.217861 0.0560074 0.0164604 0.00652099
 0.42117 0.415458 0.120337 0.0305226 0.0125127
 0.5888 0.179796 0.166648 0.0477077 0.0170478
 0.703973 0.180327 0.0509558 0.0466374 0.0181069
pobs_pel_tallas
 0 0 0 0 0 0 0 0 0 0 0 0 0 0 0 0 0 0 0 0 0 0 0 0 0 0 0 0 0 0 0 0 0 0 0 0
 0 0 0 0 0 0 0 0 0 0 0 0 0 0 0 0 0 0 0 0 0 0 0 0 0 0 0 0 0 0 0 0 0 0 0 0
 0 0 0 0 0 0 0 0 0 0 0 0 0 0 0 0 0 0 0 0 0 0 0 0 0 0 0 0 0 0 0 0 0 0 0 0
 0 0 0 0 0 0 0 0 0 0 0 0 0 0 0 0 0 0 0 0 0 0 0 0 0 0 0 0 0 0 0 0 0 0 0 0
 0 0 0 0 0 0 0 0 0 0 0 0 0 0 0 0 0 0 0 0 0 0 0 0 0 0 0 0 0 0 0 0 0 0 0 0
 0 0 0 0 0 0 0 0 0 0 0 0 0 0 0 0 0 0 0 0 0 0 0 0 0 0 0 0 0 0 0 0 0 0 0 0
 0 0 0 0 0 0 0 0 0 0 0 0 0 0 0 0 0 0 0 0 0 0 0 0 0 0 0 0 0 0 0 0 0 0 0 0
 0 0 0 0 0 0 0 0 0 0 0 0 0 0 0 0 0 0 0 0 0 0 0 0 0 0 0 0 0 0 0 0 0 0 0 0
 0 0 0 0 0 0 0 0 0 0 0 0 0 0 0 0 0 0 0 0 0 0 0 0 0 0 0 0 0 0 0 0 0 0 0 0
 0 0 0 0 0 0 0 0 0 0 0 0 0 0 0 0 0 0 0 0 0 0 0 0 0 0 0 0 0 0 0 0 0 0 0 0
 0 0 0 0 0 0 0 0 1.78061e-05 0.00172719 0.00360574 0.0105946 0.0120993 0.0124554 0.0147524 0.0171206 0.0266825 0.0428682 0.0675386 0.121331 0.153587 0.119568 0.100827 0.0573624 0.0630603 0.0341343 0.0324427 0.0444173 0.0211091 0.0280891 0.0125444 0.00206551 0 0 0 0
 0 0 0 0 0 0 0 0 0 0 0 0 0 0 0 0 0 0 0 0 0 0 0 0 0 0 0 0 0 0 0 0 0 0 0 0
 0 0 0 0 0 0 0.0133647 0.0140871 0.0187388 0.0205184 0.03894 0.0496705 0.03968 0.0493445 0.0407372 0.0367815 0.0215668 0.0243155 0.0234873 0.0199281 0.019796 0.0243948 0.0301388 0.0376714 0.0412746 0.0863199 0.0771752 0.113111 0.0741005 0.0525337 0.0229764 0.00759418 0.00175318 0 0 0
 0 0 0 0 0 0 0 0 0 0 0.00219441 0.00772107 0.0458388 0.0604681 0.0671733 0.0775358 0.0609151 0.0617685 0.073594 0.0568108 0.0755445 0.0548602 0.0670107 0.0636378 0.0643287 0.046367 0.0373049 0.0286899 0.0247887 0.0153202 0.00654259 0.00121912 0.000365735 0 0 0
 0 0 0 0 0 0 0 0 0 0 0 0 0.000112435 0.00938835 0.0111873 0.0202946 0.0414886 0.0713402 0.111592 0.104902 0.108894 0.110636 0.117776 0.105296 0.107544 0.0401394 0.0192827 0.0124803 0.00416011 0.0028671 0.000618394 0 0 0 0 0
 0 0 0 0 0 0 0 0 0 0 0.00291406 0.0102884 0.027416 0.0768956 0.0749926 0.110853 0.0956884 0.0897413 0.0766577 0.0534642 0.0500743 0.0551293 0.0594112 0.0620874 0.0668451 0.0424026 0.0208742 0.0120726 0.0048766 0.00582813 0.00118941 0.000297354 0 0 0 0
 0 0.00264628 0.0354308 0.0461629 0.0458689 0.0383711 0.0214643 0.0164657 0.0346957 0.0420465 0.0363128 0.0245516 0.0311673 0.0291091 0.0169068 0.0133784 0.00837989 0.0085269 0.0148486 0.0160247 0.0276389 0.0546898 0.0760071 0.122758 0.109233 0.0665981 0.0333725 0.0166128 0.00676272 0.00308733 0.000882094 0 0 0 0 0
 0 0 0 0 0 0 0 0.000805153 0.000690131 0.00759144 0.0133425 0.0154129 0.00931677 0.000345066 0.00356568 0.00563607 0.00851162 0.0253048 0.0502646 0.0516448 0.0657925 0.0565908 0.0611916 0.0827007 0.0866115 0.110766 0.145733 0.0935128 0.0569358 0.0249597 0.0138026 0.00621118 0.00161031 0.00115022 0 0
 0 0 0 0 0 0 0 0 0 0 0 0 0 0 0 0 0 0 0 0 0 0 0 0 0 0 0 0 0 0 0 0 0 0 0 0
 0.00147267 0.00158595 0.00478618 0.00569244 0.00954404 0.0108468 0.00647125 0.017049 0.0510054 0.094081 0.124002 0.0959785 0.0687766 0.0820023 0.061753 0.0591476 0.0492212 0.0479892 0.0443925 0.0268479 0.0217502 0.0140895 0.0121071 0.0120363 0.00920419 0.00665534 0.0049561 0.00860946 0.00930331 0.0156896 0.0114698 0.00855282 0.00243557 0.00046729 0 2.83206e-05
 0 0 0 0 0.000772559 0.00158375 0.000888443 0.00281984 0.00712685 0.0440552 0.0773331 0.111326 0.0921469 0.0852325 0.0710754 0.0886704 0.0786465 0.0553345 0.0373146 0.0185414 0.00753245 0.00457741 0.012979 0.0271748 0.0457355 0.0583668 0.034881 0.0177882 0.00938659 0.00492506 0.0015258 0.00185414 0.000309023 5.79419e-05 3.86279e-05 0
 0 0.00173294 0.00326652 0 0.00397197 0.00683976 0.00946217 0.0152591 0.00757587 0.0136028 0.0228656 0.0392903 0.0559909 0.0764795 0.0681675 0.0726916 0.0566044 0.0477403 0.0527397 0.0444891 0.0609904 0.0582453 0.0661739 0.0445044 0.0529084 0.0360697 0.0280645 0.0235558 0.0158879 0.00826598 0.00280645 0.00217768 0.000904811 0.00058276 9.20147e-05 0
 0 0 0 0 0 0 0 0 0 0 0 0 0 0 0 0 0 0 0 0 0 0 0 0 0 0 0 0 0 0 0 0 0 0 0 0
 0 0 0 0 0 0 0 0 0 0 0 0 0 0 0 0 0 0 0 0 0 0 0 0 0 0 0 0 0 0 0 0 0 0 0 0
 0 0 0 0 0 0 0 0 0 0 0 0 0 0 0 0 0 0 0 0 0 0 0 0 0 0 0 0 0 0 0 0 0 0 0 0
 0 0 0 0 0 0 0 0 0 0 0 0 0 0 0 0 0 0 0 0 0 0 0 0 0 0 0 0 0 0 0 0 0 0 0 0
 0 0 0 0 0 0 0 0 0 0 0 0 0 0 0 0 0 0 0 0 0 0 0 0 0 0 0 0 0 0 0 0 0 0 0 0
ppred_pel_tallas
 1.00744e-16 3.56354e-05 0.000209159 0.000994266 0.00382801 0.0119373 0.0301527 0.061696 0.102266 0.137336 0.149437 0.131786 0.0942741 0.0548927 0.026404 0.0112275 0.00545057 0.00447485 0.00548479 0.00725202 0.00929082 0.0113285 0.0131258 0.0144637 0.0151801 0.0152046 0.0145723 0.013409 0.0118964 0.0102272 0.0085667 0.00703039 0.00567947 0.0045307 0.00357275 0.00278201
 1.00749e-16 3.32334e-05 0.000195052 0.000927186 0.00356971 0.0111318 0.0281181 0.0575336 0.095369 0.12808 0.139382 0.122958 0.0880462 0.0514419 0.0250723 0.0112241 0.00627783 0.00596442 0.00765607 0.0101739 0.012996 0.0157684 0.0181533 0.0198402 0.020606 0.0203659 0.0191917 0.0172893 0.0149435 0.0124504 0.0100584 0.00793387 0.00615513 0.00472806 0.00361314 0.00275194
 1.01303e-16 2.78165e-05 0.000163241 0.000775935 0.00298732 0.00931564 0.0235307 0.0481482 0.0798153 0.107203 0.116693 0.103016 0.0739242 0.0435104 0.0218033 0.010774 0.00745118 0.00830424 0.0111408 0.0149278 0.0191193 0.0232536 0.0268495 0.0294553 0.0307403 0.0305705 0.0290363 0.0264207 0.0231222 0.0195588 0.0160848 0.0129419 0.0102505 0.00803104 0.0062412 0.00481187
 1.01835e-16 3.07077e-05 0.000180224 0.000856692 0.00329829 0.0102854 0.0259801 0.0531591 0.0881183 0.118344 0.128792 0.113627 0.0813881 0.0476006 0.0232929 0.0105889 0.00615809 0.00607077 0.00791243 0.0106035 0.0136646 0.0167631 0.0195708 0.0217761 0.0231395 0.0235445 0.023017 0.0217074 0.0198442 0.0176745 0.0154141 0.0132179 0.0111756 0.00932462 0.0076711 0.00620846
 1.01868e-16 3.10316e-05 0.000182125 0.000865729 0.00333308 0.0103939 0.0262542 0.0537199 0.089048 0.119593 0.130151 0.114827 0.0822495 0.0481079 0.023547 0.010713 0.0062393 0.00615226 0.00800797 0.0107096 0.0137658 0.0168331 0.0195748 0.0216747 0.0228961 0.0231329 0.0224289 0.0209569 0.0189678 0.0167267 0.0144588 0.0123185 0.0103855 0.00868026 0.00718878 0.00588524
 1.02594e-16 2.47449e-05 0.000145206 0.00069019 0.00265718 0.00828608 0.0209302 0.0428274 0.0709969 0.0953641 0.10382 0.091685 0.0658665 0.0389155 0.0197754 0.0102276 0.00765841 0.00895137 0.0121664 0.0163725 0.0210452 0.025709 0.0298547 0.0329972 0.0347742 0.0350261 0.0338264 0.0314489 0.0282881 0.0247608 0.021221 0.0179112 0.0149557 0.0123842 0.0101701 0.00826622
 1.02518e-16 3.08924e-05 0.000181311 0.000861863 0.00331821 0.0103475 0.026137 0.0534799 0.0886493 0.119055 0.129559 0.114289 0.0818303 0.0477947 0.0232679 0.0103764 0.00575997 0.0054603 0.00705258 0.00946776 0.0122551 0.0151228 0.0177893 0.0199835 0.0214918 0.0221995 0.0221085 0.0213238 0.0200152 0.0183706 0.0165556 0.0146919 0.0128548 0.0110848 0.00940404 0.00783
 1.0228e-16 2.84443e-05 0.000166931 0.000793484 0.0030549 0.00952639 0.024063 0.049237 0.081619 0.109622 0.119316 0.105306 0.0755144 0.0443388 0.0220196 0.0105542 0.00688677 0.00739635 0.0098446 0.013199 0.0169483 0.0206873 0.0240013 0.0264995 0.0278934 0.0280596 0.0270642 0.025135 0.0225957 0.0197848 0.0169862 0.0143903 0.012089 0.0100965 0.00838201 0.00690023
 1.01899e-16 3.12594e-05 0.000183463 0.000872092 0.00335759 0.0104703 0.0264472 0.0541148 0.0897022 0.120471 0.131104 0.115661 0.082834 0.0484234 0.0236524 0.0106786 0.00610675 0.00593171 0.0076929 0.0102917 0.013245 0.0162228 0.018904 0.0209857 0.0222386 0.0225558 0.0219713 0.0206417 0.0187982 0.0166877 0.0145221 0.0124494 0.0105496 0.00884896 0.00734198 0.00601193
 1.01927e-16 2.88677e-05 0.000169416 0.000805301 0.0031004 0.00966828 0.0244214 0.0499703 0.0828343 0.111253 0.12109 0.106868 0.0766249 0.0449721 0.0222993 0.0106302 0.00686003 0.00731127 0.00971152 0.013015 0.0167084 0.0203887 0.0236447 0.0260891 0.0274346 0.0275579 0.0265231 0.0245553 0.0219759 0.0191231 0.016283 0.0136506 0.0113234 0.00932132 0.00761791 0.00616937
 1.02805e-16 2.37445e-05 0.000139332 0.000662262 0.00254964 0.00795073 0.0200831 0.0410944 0.0681246 0.091508 0.0996276 0.0879947 0.0632426 0.03742 0.0191171 0.0100538 0.00773332 0.00917467 0.0125207 0.0168744 0.0217185 0.0265731 0.0309188 0.0342577 0.0362139 0.0366154 0.0355259 0.0332123 0.0300659 0.0265031 0.0228804 0.0194463 0.0163332 0.0135815 0.0111765 0.00908294
 1.03798e-16 2.40832e-05 0.000141326 0.00067175 0.00258619 0.00806472 0.020371 0.041683 0.0690988 0.0928119 0.101035 0.0892079 0.0640502 0.0377689 0.019059 0.00964389 0.00697245 0.00801174 0.0108872 0.014724 0.019061 0.023498 0.0276038 0.0309569 0.0332261 0.0342372 0.0340009 0.0326896 0.0305777 0.0279657 0.025117 0.0222224 0.019397 0.0166983 0.0141536 0.011782
 1.02515e-16 3.11866e-05 0.000183037 0.000870071 0.00334981 0.0104461 0.0263859 0.0539893 0.0894938 0.120189 0.130794 0.115381 0.0826165 0.0482627 0.0235116 0.0105106 0.00586727 0.00558376 0.00720793 0.00965351 0.0124559 0.0153102 0.0179228 0.0200159 0.0213763 0.0218994 0.0216068 0.0206281 0.0191596 0.0174105 0.0155592 0.013729 0.0119862 0.0103543 0.00883453 0.00742369
 1.00974e-16 3.37522e-05 0.000198099 0.000941675 0.0036255 0.0113058 0.0285576 0.0584326 0.0968587 0.130079 0.141553 0.124863 0.0893865 0.0521779 0.0253432 0.0111967 0.00605439 0.00557535 0.00709127 0.00941385 0.0120318 0.0146129 0.0168459 0.0184454 0.0192059 0.0190485 0.0180374 0.0163589 0.0142709 0.0120412 0.00989324 0.00797569 0.00635704 0.00504089 0.00399099 0.00315564
 1.00388e-16 3.67404e-05 0.000215647 0.00102511 0.00394676 0.0123076 0.031088 0.0636098 0.105439 0.141596 0.15407 0.135866 0.097182 0.0565637 0.0271654 0.0114768 0.00545786 0.00436128 0.00527864 0.00693995 0.00884417 0.010714 0.012311 0.0134216 0.0138939 0.0136719 0.0128086 0.0114494 0.00979404 0.00804994 0.00639074 0.00493236 0.00372846 0.00278136 0.00206078 0.00152256
 1.00455e-16 3.39479e-05 0.000199247 0.00094713 0.0036465 0.0113713 0.028723 0.0587711 0.0974201 0.130834 0.142377 0.125594 0.089922 0.0525136 0.0255492 0.0113598 0.00624303 0.00583358 0.00744467 0.00987296 0.0125904 0.0152448 0.0175032 0.0190617 0.019704 0.0193517 0.0180822 0.0161057 0.0137104 0.011195 0.00880966 0.00672133 0.00500699 0.00366928 0.00266342 0.00192416
 1.01101e-16 2.88182e-05 0.000169124 0.000803903 0.00309502 0.00965147 0.024379 0.0498836 0.0826914 0.111064 0.120889 0.106704 0.0765378 0.0449813 0.0224154 0.01087 0.00725465 0.00790235 0.0105402 0.0141078 0.0180622 0.0219597 0.0253433 0.0277848 0.0289715 0.028777 0.0272883 0.024775 0.0216166 0.0182115 0.0148977 0.0119063 0.00935264 0.00725667 0.00557794 0.00424958
 1.01577e-16 3.13734e-05 0.000184132 0.000875272 0.00336983 0.0105085 0.0265436 0.0543121 0.0900293 0.12091 0.131582 0.116084 0.0831378 0.0486034 0.0237447 0.0107278 0.0061451 0.00597717 0.0077541 0.0103723 0.0133452 0.016339 0.0190284 0.0211059 0.0223386 0.022617 0.0219749 0.0205705 0.0186395 0.0164345 0.0141749 0.0120159 0.0100447 0.00829298 0.00675902 0.00542708
 1.01645e-16 3.05939e-05 0.000179554 0.000853501 0.003286 0.0102471 0.0258833 0.0529612 0.0877909 0.117906 0.128321 0.113223 0.081126 0.0475011 0.0233437 0.0107781 0.0064935 0.00657725 0.00861847 0.011525 0.0147911 0.0180477 0.0209281 0.0230889 0.0242756 0.0243785 0.0234543 0.0217022 0.0194072 0.0168691 0.0143421 0.0119995 0.00992905 0.00814918 0.00663719 0.00535467
 1.01485e-16 3.23354e-05 0.000189781 0.000902129 0.00347324 0.010831 0.0273582 0.0559786 0.0927913 0.124618 0.135613 0.119631 0.0856574 0.0500343 0.0243651 0.0108738 0.00603973 0.00571277 0.00734356 0.00979718 0.0125822 0.0153727 0.0178569 0.0197434 0.0208146 0.0209738 0.0202629 0.0188438 0.0169507 0.0148321 0.0126999 0.0107006 0.00891079 0.00735091 0.00600776 0.00485512
 1.01572e-16 3.05284e-05 0.000179169 0.00085167 0.00327895 0.0102251 0.0258278 0.0528476 0.0876028 0.117654 0.128047 0.112984 0.0809601 0.0474147 0.0233211 0.0108011 0.00655233 0.00667174 0.00875311 0.0117042 0.0150154 0.0183117 0.0212196 0.0233894 0.0245623 0.024628 0.0236463 0.0218226 0.01945 0.016837 0.014245 0.0118524 0.00974909 0.00795354 0.00644092 0.00516965
 1.01842e-16 3.00865e-05 0.000176575 0.000839339 0.00323147 0.010077 0.0254538 0.0520824 0.0863343 0.11595 0.126193 0.111348 0.079787 0.0467269 0.0229818 0.0106433 0.00645828 0.00658254 0.00864836 0.0115843 0.0148944 0.018215 0.0211829 0.0234549 0.024773 0.0250201 0.0242414 0.0226224 0.020434 0.0179647 0.0154613 0.0130956 0.0109591 0.00907913 0.00744442 0.00602906
 1.01788e-16 3.13232e-05 0.000183838 0.000873872 0.00336444 0.0104917 0.0265012 0.0542252 0.0898854 0.120717 0.131372 0.1159 0.0830086 0.0485326 0.023719 0.0107307 0.00616621 0.00601226 0.00780195 0.0104315 0.0134119 0.0164069 0.0190886 0.0211488 0.022356 0.0226048 0.0219356 0.0205139 0.0185817 0.0163957 0.0141751 0.0120717 0.0101654 0.00847925 0.00700266 0.005713
 1.01737e-16 3.06822e-05 0.000180073 0.000855968 0.0032955 0.0102767 0.0259582 0.0531143 0.0880446 0.118247 0.128689 0.113545 0.0813499 0.0476184 0.0233755 0.0107497 0.00641821 0.00645605 0.00844599 0.0112961 0.0145053 0.0177124 0.0205594 0.0227107 0.0239166 0.0240678 0.0232166 0.0215537 0.0193534 0.0169051 0.0144542 0.0121689 0.0101346 0.00837121 0.00685904 0.0055639
 1.03477e-16 1.83947e-05 0.000107916 0.000512885 0.00197447 0.00615707 0.0155526 0.0318253 0.0527638 0.0708902 0.077221 0.0683012 0.0492998 0.0295946 0.0159022 0.00963156 0.00892639 0.0115346 0.0160279 0.0216507 0.0278584 0.0340602 0.0395917 0.0438131 0.0462433 0.046666 0.0451704 0.0421085 0.0379926 0.0333655 0.0286908 0.0242888 0.0203277 0.0168538 0.013841 0.0112356
 1.04861e-16 2.56947e-05 0.000150794 0.000716783 0.00275961 0.00860555 0.021737 0.0444772 0.0737278 0.09902 0.107768 0.095095 0.06815 0.0399316 0.0196804 0.00919256 0.00570563 0.00595995 0.0079653 0.0108461 0.0142221 0.017823 0.021366 0.0245607 0.0271559 0.0289812 0.0299685 0.0301437 0.0295978 0.0284505 0.02682 0.0248089 0.0225059 0.0199953 0.0173667 0.0147184
 1.03231e-16 3.07165e-05 0.000180277 0.000856951 0.0032993 0.0102885 0.025988 0.0531751 0.0881444 0.118377 0.128823 0.113643 0.0813763 0.0475456 0.0231761 0.0103841 0.00582992 0.00557725 0.00721179 0.00966381 0.0124753 0.015345 0.0179834 0.0201173 0.0215386 0.0221475 0.021968 0.02113 0.0198249 0.018253 0.0165796 0.014912 0.0133004 0.0117545 0.0102669 0.00883155
pSPR Fmed_Fpbrs
0.503337   0.6 0.325
Fs Fmed_Fpbrs
0.64   0.427145 1.41739
SSBpbr Bo_Bmed_Bpbrs
1.28493e+06  582505  706709 353354
Ro
44355.9
SPR SPRFo_SPRFmed_SPRFpbrs
916136 461126 297744
log_Ro
10.52
likeval ReclasPelacesDesembMPH_pf_preclas_ppelaces_ptallas_desvR_qrecl_qpela
 62.8324 17.9114 0.0184673 21.4943 331.67 213.312 54.4885 0 17.1629 2.24006e-05 3.04789e-05 3.77455e-15 0 0 0
q_reclas_q_pelaces
0.511363 2.19337
M
0.7
N
 43732 11403.2 3723.15 432.778 0.291297
 52597.6 19594.8 3089.62 817.597 93.6694
 31369.1 24036.8 5963.74 793.502 231.172
 44102.1 13744.3 5707.83 1096.47 184.903
 72783 21384.4 5930.48 2345.72 524.736
 53478.5 35977.3 10335.6 2839.58 1373.46
 92521 25344.2 13565.5 3542.18 1433.78
 89841.9 44619.6 10592.3 5340.44 1950.36
 119142 42094.5 15730.7 3316.01 2262.68
 119760 55493.8 14332.8 4699.12 1650.47
 64923.4 56674.7 20748.7 4856.62 2136.09
 42227.3 29305.3 16038 4831.18 1605.06
 43132.8 19239.2 8761.03 4020.96 1593.01
 24588.8 18607 4168.78 1423.87 893.366
 16619.6 9213.84 1758.21 221.563 118.043
 15007.5 6122.85 787.782 81.6714 15.083
 11015.4 6638.16 1537.5 156.16 18.8519
 14254 5007.58 1958.72 378.737 42.5496
 17180.7 6656.42 1731.23 597.25 127.293
 26459 8128.58 2485.25 585.502 243.281
 35332.7 12536.7 3061.29 850.372 281.594
 47935.9 17167.3 5474.98 1278.65 471.264
 73679.5 23175.8 7281.58 2198.67 699.932
 101418 35475.5 9593.96 2829.97 1121.35
 44755 48880.4 14773.3 3758.67 1541.11
 64277.4 21674.3 20939 6012.34 2148.79
 106029 31149.1 9320.42 8565.86 3326.42
pred_Ctot
 3091.25 3857.08 1563.9 184.109 0.124005
 3030.21 5609.84 1113.72 298.771 34.2539
 2674.08 9405.12 2855.53 384.407 112.059
 748.422 1306.3 715.516 139.796 23.5957
 239.92 411.274 152.98 61.6158 13.7967
 1760.66 6327.24 2352.69 656.52 317.812
 1922.04 2915.53 2048.89 543.953 220.372
 3661.38 9492.27 2890.58 1479.32 540.686
 5334.95 9724 4640.34 992.596 677.823
 4060.95 10022.8 3346.73 1114.39 391.73
 4273.49 18103 8272.18 1961.68 863.402
 2518.34 8634.14 5936.63 1812.6 602.632
 4105.67 8172.39 4510.41 2093.07 829.711
 4410.61 11849.7 3005.7 1033.46 648.64
 3138.41 6027.66 1294.18 164.113 87.4646
 1187.29 2262.6 358.42 37.6108 6.95037
 673.227 1995.72 579.825 59.6847 7.21038
 613.179 1117.05 559.057 109.708 12.3349
 585.432 1207.51 405.945 142.231 30.3388
 874.786 1435.01 567.784 135.863 56.4989
 548.719 1095.11 353.313 99.8311 33.0882
 911.55 1817.23 762.518 181.089 66.8021
 1614.25 2802.28 1154.41 354.373 112.911
 2150.26 4159.78 1476.26 442.728 175.581
 798.227 4870.06 1939.33 501.794 205.927
 1116.93 2106.79 2683.17 783.553 280.29
 2535.22 4086.07 1599.27 1493.99 580.672
F
 0.102817 0.605847 0.815955 0.831125 0.831939
 0.0830828 0.489565 0.659346 0.671605 0.672263
 0.125201 0.737749 0.993601 1.01207 1.01306
 0.0238467 0.140516 0.189248 0.192766 0.192955
 0.00459294 0.0270639 0.0364497 0.0371273 0.0371637
 0.0467308 0.275361 0.370856 0.377751 0.378121
 0.0292616 0.172424 0.23222 0.236538 0.236769
 0.0581354 0.342563 0.461364 0.469941 0.470402
 0.0640418 0.377366 0.508237 0.517686 0.518193
 0.048161 0.283789 0.382207 0.389313 0.389694
 0.0954374 0.562365 0.757393 0.771475 0.77223
 0.0861191 0.507457 0.683443 0.696149 0.696831
 0.140743 0.829324 1.11693 1.1377 1.13882
 0.281586 1.65925 2.23467 2.27622 2.27845
 0.298556 1.75924 2.36935 2.4134 2.41576
 0.115718 0.68187 0.918343 0.935417 0.936333
 0.0883404 0.520546 0.701071 0.714105 0.714805
 0.061455 0.362123 0.487707 0.496775 0.497262
 0.0484017 0.285206 0.384116 0.391258 0.391641
 0.0469325 0.27655 0.372457 0.379382 0.379753
 0.0218033 0.128476 0.173032 0.176249 0.176421
 0.0267558 0.157658 0.212334 0.216282 0.216494
 0.0308824 0.181974 0.245083 0.24964 0.249884
 0.0298724 0.176023 0.237067 0.241475 0.241712
 0.0250761 0.147761 0.199005 0.202705 0.202903
 0.0244242 0.143919 0.193831 0.197434 0.197628
 0.0337459 0.198848 0.267808 0.272787 0.273054
Np
 33568.4 15812.5 18521.4 4141.35 1519.42
YTP_r0W_actual
 32248.2 131680 73781.2 87925.5 37921.7
YTP_p0W_proyectada
 10209.6 215198 100367 36346.8 50866.5
 10209.6 66845.8 146617 42509.4 17321.6
CTP_r0_actual
 3932.71 6096.28 2349.72 2192.66 852.174
CTP_p0_proyectada
 1245.08 9962.88 3196.4 906.403 1143.07
 1245.08 3094.71 4669.32 1060.09 389.249
Wmedp
 8.2 21.6 31.4 40.1 44.5
nmprior
 10.8 10.6 4.6 0
nm_flota  nm_reclas  nm_pelaces    nm_pelaL
inf 16.2395 18.3672 58.8384
cv_recla  cv_pelaces  cv_mph
0.686471 0.463613 0.619537
 ------------------------------------------------
Talla a la edad & desviaci?n 
 7.2 14.2025 17.0495 18.207 18.6776
 1.08 2.13037 2.55742 2.73105 2.80164
