years
 1997 1998 1999 2000 2001 2002 2003 2004 2005 2006 2007 2008 2009 2010 2011 2012 2013 2014 2015 2016 2017 2018 2019 2020 2021 2022 2023
reclasobs
 0 0 0 370054 412103 1.49427e+06 250295 1.28982e+06 931140 785840 897777 1.04006e+06 184774 17550 25797 100020 73551 82996 120727 218422 84188 347160 605670 569463 516374 1.08416e+06 1.01767e+06
reclaspred
 507910 134649 384527 251431 360464 437853 939887 652799 762809 760655 634768 425882 254084 106559 69259.7 67841.9 77408.9 105331 120160 169393 254982 247050 434260 572643 718139 668029 641613
pelacesobs
 0 0 0 0 0 0 0 0 0 2.06254e+06 1.5e+06 0 1.87456e+06 323000 250000 174000 83755 137374 0 501740 490994 745055 786931 1.00524e+06 1.33801e+06 1.41789e+06 0
pelacespred
 2.06538e+06 444950 775790 785965 1.00183e+06 903196 2.50299e+06 1.99157e+06 2.17795e+06 2.1285e+06 1.50399e+06 1.04317e+06 637758 211910 149516 150029 179029 253509 281783 403343 698081 620302 901973 1.37562e+06 1.61823e+06 1.67195e+06 1.5543e+06
mphobs
 0 0 0 0 0 0 112323 0 153150 637223 0 255016 313432 73983 77613 109348 50772 17779 17303 59886 28197 0 207744 136588 643089 65757 70829
mphpred
 169152 98863.8 114482 122498 125591 194637 284158 343858 306819 334105 328559 226370 132876 112005 47519.6 41315 43983.2 58601 28703.5 33221.5 53149.7 67409.5 85271.9 127686 171202 169972 154641
desembarqueobs
 350755 77701 442110 56441 14545 235359 269955 359681 431902 328805 639364 411747 362871 311530 167758 66681 60226 58785 57116 73181 50977 67692 138656 160484 209506 203330 245020
desembarquepred
 350764 77702.9 442137 56444.4 14545.3 235444 270007 359685 431931 328830 639453 411892 363133 311794 167673 66691.9 60260.7 58782.7 57103.7 73181.1 50978.3 67682.2 138661 160492 209507 203327 245008
Reclutas
 43196.2 52250.2 27907.1 38554.2 67077.7 47952.6 87498.5 86078.5 116542 122575 64834.1 42754.7 45073.1 25613.4 16455.1 14410.3 10396.3 13318.7 15919.9 24204.6 32680.3 43989.2 68120.5 93540.8 38765.4 55536 86571.3
log_desv_Rt
 0.033507 0.223798 -0.403365 -0.0801799 0.473607 0.137968 0.739377 0.723015 1.02601 1.07648 0.439587 0.0232349 0.0760405 -0.489128 -0.931609 -1.0643 -1.39079 -1.14308 -0.964673 -0.545704 -0.245473 0.0516998 0.489033 0.806153 -0.0747172 0.284788 0.728724
SSB
 543820 317845 368059 393829 403772 625755 889185 1.09332e+06 964378 1.05246e+06 1.05631e+06 727774 441827 224411 99953.4 86843.5 96187.5 121898 157556 191825 290088 358700 466416 667245 977601 998199 855309
BT
 1.83412e+06 466291 821385 650056 763209 864506 2.06249e+06 1.8971e+06 2.02765e+06 1.91089e+06 1.69929e+06 1.15837e+06 829868 449133 248775 166780 182951 237261 259366 360671 565271 528620 771336 1.16197e+06 1.37536e+06 1.43242e+06 1.37497e+06
Ftot
 0.591854 0.503231 0.803829 0.172802 0.0345653 0.350194 0.231562 0.43384 0.477575 0.344079 0.671889 0.637779 1.04991 1.98679 2.02657 0.780934 0.612439 0.452413 0.35383 0.348611 0.160126 0.200294 0.230488 0.220297 0.187367 0.202922 0.280216
BD_Bspro_t
 0.929958 0.695923 0.63431 0.470281 0.603605 0.753421 0.703198 0.719503 0.660264 0.635114 0.607696 0.443783 0.330359 0.223853 0.126965 0.134466 0.196028 0.304923 0.419757 0.528363 0.652637 0.752349 0.768731 0.77703 0.791956 0.744811 0.713517
BD_Bspro
 0.630308 0.368395 0.426594 0.456463 0.467987 0.725274 1.0306 1.2672 1.11775 1.21984 1.22431 0.843518 0.512094 0.260101 0.11585 0.100655 0.111485 0.141284 0.182614 0.222332 0.336223 0.415747 0.540594 0.773362 1.13308 1.15695 0.991335
BD_Bo
 0.408048 0.238491 0.276168 0.295505 0.302965 0.469527 0.667188 0.820356 0.723608 0.789696 0.792589 0.546076 0.331519 0.168384 0.0749987 0.0651619 0.072173 0.0914645 0.11822 0.143933 0.217664 0.269146 0.349969 0.500658 0.73353 0.748985 0.641769
BD_Brms
 0.741906 0.43362 0.502124 0.537281 0.550845 0.853685 1.21307 1.49156 1.31565 1.43581 1.44107 0.992865 0.602762 0.306152 0.136361 0.118476 0.131224 0.166299 0.214946 0.261697 0.395752 0.489356 0.636307 0.910287 1.33369 1.36179 1.16685
S_f
 0.159741 1 1 1 1
 0.159741 1 1 1 1
 0.159741 1 1 1 1
 0.159741 1 1 1 1
 0.159741 1 1 1 1
 0.159741 1 1 1 1
 0.159741 1 1 1 1
 0.159741 1 1 1 1
 0.159741 1 1 1 1
 0.159741 1 1 1 1
 0.159741 1 1 1 1
 0.159741 1 1 1 1
 0.159741 1 1 1 1
 0.159741 1 1 1 1
 0.159741 1 1 1 1
 0.159741 1 1 1 1
 0.159741 1 1 1 1
 0.159741 1 1 1 1
 0.159741 1 1 1 1
 0.159741 1 1 1 1
 0.159741 1 1 1 1
 0.159741 1 1 1 1
 0.159741 1 1 1 1
 0.159741 1 1 1 1
 0.159741 1 1 1 1
 0.159741 1 1 1 1
 0.159741 1 1 1 1
Scru_reclas
 0.731933 1 1 1 1
 0.731933 1 1 1 1
 0.731933 1 1 1 1
 0.731933 1 1 1 1
 0.731933 1 1 1 1
 0.731933 1 1 1 1
 0.731933 1 1 1 1
 0.731933 1 1 1 1
 0.731933 1 1 1 1
 0.731933 1 1 1 1
 0.731933 1 1 1 1
 0.731933 1 1 1 1
 0.731933 1 1 1 1
 0.731933 1 1 1 1
 0.731933 1 1 1 1
 0.731933 1 1 1 1
 0.731933 1 1 1 1
 0.731933 1 1 1 1
 0.731933 1 1 1 1
 0.731933 1 1 1 1
 0.731933 1 1 1 1
 0.731933 1 1 1 1
 0.731933 1 1 1 1
 0.731933 1 1 1 1
 0.731933 1 1 1 1
 0.731933 1 1 1 1
 0.731933 1 1 1 1
Scru_pelaces
 1 1 1 1 1
 1 1 1 1 1
 1 1 1 1 1
 1 1 1 1 1
 1 1 1 1 1
 1 1 1 1 1
 1 1 1 1 1
 1 1 1 1 1
 1 1 1 1 1
 1 1 1 1 1
 1 1 1 1 1
 1 1 1 1 1
 1 1 1 1 1
 1 1 1 1 1
 1 1 1 1 1
 1 1 1 1 1
 1 1 1 1 1
 1 1 1 1 1
 1 1 1 1 1
 1 1 1 1 1
 1 1 1 1 1
 1 1 1 1 1
 1 1 1 1 1
 1 1 1 1 1
 1 1 1 1 1
 1 1 1 1 1
 1 1 1 1 1
pf_obs 
 0.256992 0.487395 0.22802 0.0275931 0
 0.321318 0.546541 0.124235 0.00734118 0.000564706
 0.182869 0.594174 0.210203 0.0122559 0.00049798
 0.330522 0.361315 0.267642 0.0388342 0.00168674
 0.649043 0.306663 0.0425973 0.00169635 0
 0.582887 0.30429 0.105238 0.00758474 0
 0.465427 0.430635 0.0974691 0.00646863 0
 0.296916 0.608066 0.0921331 0.00288517 0
 0.311714 0.524322 0.152257 0.0117073 0
 0.15457 0.633149 0.183074 0.0267441 0.00246327
 0.131901 0.49318 0.331252 0.0422183 0.00144891
 0.196976 0.569456 0.194076 0.0375587 0.00193317
 0.518974 0.381816 0.0799577 0.0180837 0.00116848
 0.0928022 0.601141 0.25162 0.0475244 0.00691264
 0.122501 0.610282 0.24278 0.0234846 0.000952079
 0.383417 0.481906 0.127806 0.00687128 0
 0.0376549 0.599619 0.316969 0.0457579 0
 0.0361596 0.667082 0.258105 0.0386534 0
 0.158088 0.579412 0.248529 0.0139706 0
 0.0477256 0.309471 0.559284 0.082774 0.000745712
 0.0406174 0.521527 0.379366 0.0568643 0.0016247
 0.151134 0.462217 0.34131 0.0453401 0
 0.294876 0.26143 0.354403 0.0886775 0.000613685
 0.281977 0.475581 0.204845 0.0348837 0.00271318
 0.0841818 0.532909 0.334909 0.0458182 0.00218182
 0.115287 0.27431 0.454777 0.147771 0.00785563
 0 0 0 0 0
pf_pred 
 0.328844 0.473263 0.176942 0.0209405 1.06385e-05
 0.291029 0.570055 0.0979558 0.0366233 0.00433646
 0.158018 0.645522 0.157966 0.0271442 0.0113502
 0.255333 0.474453 0.207165 0.0506954 0.0123539
 0.289651 0.497052 0.135898 0.0593386 0.0180593
 0.159085 0.606966 0.163701 0.0447572 0.0254904
 0.282672 0.418729 0.215527 0.0581283 0.0249442
 0.219362 0.572775 0.121337 0.0624542 0.0240723
 0.274452 0.496797 0.167841 0.0355554 0.0253549
 0.236333 0.57221 0.131095 0.0442898 0.0160731
 0.136249 0.600974 0.196897 0.0451096 0.0207708
 0.145785 0.494846 0.250039 0.08192 0.0274099
 0.240044 0.451489 0.178694 0.0902917 0.0394802
 0.231783 0.592594 0.104337 0.0412956 0.0299898
 0.30512 0.588666 0.0819323 0.0144258 0.00985595
 0.311977 0.613751 0.0629192 0.00875729 0.00259533
 0.208003 0.639432 0.136096 0.013952 0.00251738
 0.268934 0.504243 0.18313 0.038977 0.00471673
 0.258084 0.550197 0.132236 0.0480251 0.0114585
 0.297089 0.506742 0.145477 0.0349644 0.015728
 0.269529 0.553622 0.127494 0.0366013 0.012754
 0.254271 0.532202 0.161832 0.0372683 0.0144273
 0.28169 0.503783 0.153101 0.0465548 0.0148715
 0.266709 0.537265 0.137482 0.0417811 0.0167632
 0.0957989 0.648012 0.187704 0.0480319 0.0204535
 0.17687 0.345993 0.341949 0.0990491 0.036139
 0.254915 0.444864 0.126195 0.12472 0.0493074
pobs_RECLAS
 0 0 0 0 0
 0 0 0 0 0
 0 0 0 0 0
 0 0 0 0 0
 0.835266 0.146461 0.0176864 0.000547809 3.91292e-05
 0.385257 0.428462 0.181853 0.0044286 0
 0.867414 0.0963971 0.0333333 0.00285562 0
 0.441836 0.489002 0.0689373 0.000224442 0
 0.779404 0.147425 0.0564933 0.0165055 0.000172143
 0.814271 0.122319 0.05973 0.00367925 0
 0.40263 0.566651 0.0304383 0.000280538 0
 0.475488 0.404961 0.113038 0.00651328 0
 0.955842 0.0263864 0.0167828 0.000988607 0
 0.975058 0.0227948 0.00214734 0 0
 0.738997 0.206755 0.0527124 0.00153531 0
 0.850938 0.134255 0.0134407 0.00136685 0
 0.542534 0.407297 0.0501686 0 0
 0.764087 0.199537 0.0359546 0.000420521 0
 0.470689 0.182191 0.310203 0.0369168 0
 0.84361 0.089868 0.0606195 0.00523954 0.000663233
 0.607945 0.314616 0.071237 0.00620181 0
 0.523733 0.453247 0.0230204 0 0
 0.530135 0.295979 0.169645 0.0042399 0
 0.562478 0.366248 0.0663022 0.0049721 0
 0.250443 0.683176 0.0655157 0.000865301 0
 0.195077 0.31981 0.436473 0.0351445 0.0134964
 0.565238 0.351407 0.0832357 0.000118908 0
ppred_RECLAS
 0.700807 0.210975 0.0788783 0.009335 4.74251e-06
 0.660631 0.272873 0.0468893 0.0175308 0.00207576
 0.478306 0.399967 0.0978761 0.0168186 0.00703261
 0.613334 0.246358 0.10757 0.0263234 0.0064147
 0.65176 0.243674 0.0666226 0.02909 0.00885336
 0.469769 0.382717 0.10322 0.0282213 0.0160728
 0.64663 0.206274 0.106173 0.0286351 0.012288
 0.569843 0.315617 0.0668606 0.0344143 0.0132646
 0.641557 0.245433 0.0829185 0.0175655 0.0125261
 0.591609 0.306004 0.0701064 0.0236851 0.00859548
 0.431815 0.395327 0.129521 0.0296736 0.0136633
 0.450395 0.318386 0.160876 0.0527076 0.0176357
 0.613727 0.229484 0.0908273 0.0458937 0.0200671
 0.637753 0.279433 0.0491995 0.0194726 0.0141414
 0.720787 0.236535 0.0329216 0.00579648 0.00396027
 0.688438 0.277929 0.0284921 0.00396562 0.00117526
 0.557128 0.35756 0.0761025 0.00780171 0.00140768
 0.634624 0.252013 0.0915256 0.0194802 0.00235735
 0.619706 0.282021 0.0677819 0.0246168 0.00587345
 0.664332 0.24199 0.0694712 0.0166969 0.00751076
 0.630396 0.280122 0.0645093 0.0185195 0.00645325
 0.61242 0.276603 0.0841094 0.0193696 0.00749833
 0.645506 0.248623 0.075557 0.0229754 0.00733925
 0.627936 0.272602 0.0697568 0.0211992 0.00850546
 0.32912 0.480798 0.139268 0.0356377 0.0151757
 0.498982 0.210597 0.208135 0.0602887 0.0219969
 0.614503 0.230166 0.0652914 0.0645282 0.025511
pobs_PELACES
 0 0 0 0 0
 0 0 0 0 0
 0 0 0 0 0
 0 0 0 0 0
 0 0 0 0 0
 0 0 0 0 0
 0 0 0 0 0
 0 0 0 0 0
 0 0 0 0 0
 0 0 0 0 0
 0.450072 0.473896 0.0757376 0.000293798 0
 0 0 0 0 0
 0.463077 0.371075 0.160297 0.00555027 0
 0.529543 0.364841 0.0842815 0.0213345 0
 0.631943 0.363953 0.00410389 0 0
 0.735681 0.248677 0.0153453 0.000297389 0
 0.695825 0.281241 0.0229344 0 0
 0.275771 0.60734 0.115278 0.00161068 0
 0 0 0 0 0
 0.896147 0.0623911 0.0374545 0.00400742 0
 0.803859 0.145111 0.0509908 3.86294e-05 0
 0.739449 0.233085 0.0266225 0.000797448 4.60066e-05
 0.878498 0.100942 0.0204185 0.000141795 0
 0.694673 0.275183 0.0284847 0.00165964 0
 0.469039 0.446079 0.0841089 0.000773354 0
 0.822795 0.102175 0.0682046 0.00682512 0
 0 0 0 0 0
ppred_PELACES
 0.790398 0.1478 0.0552589 0.00653973 3.32241e-06
 0.753565 0.198149 0.034049 0.0127301 0.00150733
 0.610194 0.298853 0.0731324 0.0125667 0.00525472
 0.694518 0.194633 0.0849843 0.0207966 0.00506787
 0.7208 0.195364 0.0534143 0.0233228 0.00709814
 0.57153 0.309267 0.0834101 0.0228051 0.0129881
 0.727214 0.159234 0.0819607 0.022105 0.00948577
 0.671191 0.241256 0.0511078 0.0263061 0.0101394
 0.73626 0.180588 0.0610109 0.0129246 0.00921664
 0.68527 0.235825 0.0540282 0.0182532 0.00662419
 0.555748 0.309098 0.10127 0.0232012 0.010683
 0.571956 0.247966 0.125293 0.0410498 0.013735
 0.743873 0.152165 0.0602251 0.0304309 0.013306
 0.806683 0.149122 0.0262558 0.0103918 0.00754673
 0.860851 0.11788 0.0164069 0.00288875 0.00197365
 0.789421 0.187847 0.0192573 0.00268029 0.00079434
 0.670711 0.265857 0.0565846 0.00580082 0.00104665
 0.729012 0.18691 0.0678815 0.0144478 0.00174837
 0.710637 0.214588 0.0515748 0.0187308 0.00446907
 0.748643 0.181208 0.0520217 0.0125031 0.00562425
 0.70897 0.220571 0.0507954 0.0145825 0.00508137
 0.695318 0.217441 0.0661196 0.0152267 0.00589454
 0.726178 0.192043 0.0583624 0.0177468 0.00566905
 0.710235 0.212304 0.054327 0.0165101 0.00662409
 0.413831 0.420088 0.121683 0.0311378 0.0132595
 0.590071 0.172309 0.170295 0.0493277 0.0179977
 0.701834 0.178024 0.0505002 0.0499099 0.0197317
pobs_pel_tallas
 0 0 0 0 0 0 0 0 0 0 0 0 0 0 0 0 0 0 0 0 0 0 0 0 0 0 0 0 0 0 0 0 0 0 0 0
 0 0 0 0 0 0 0 0 0 0 0 0 0 0 0 0 0 0 0 0 0 0 0 0 0 0 0 0 0 0 0 0 0 0 0 0
 0 0 0 0 0 0 0 0 0 0 0 0 0 0 0 0 0 0 0 0 0 0 0 0 0 0 0 0 0 0 0 0 0 0 0 0
 0 0 0 0 0 0 0 0 0 0 0 0 0 0 0 0 0 0 0 0 0 0 0 0 0 0 0 0 0 0 0 0 0 0 0 0
 0 0 0 0 0 0 0 0 0 0 0 0 0 0 0 0 0 0 0 0 0 0 0 0 0 0 0 0 0 0 0 0 0 0 0 0
 0 0 0 0 0 0 0 0 0 0 0 0 0 0 0 0 0 0 0 0 0 0 0 0 0 0 0 0 0 0 0 0 0 0 0 0
 0 0 0 0 0 0 0 0 0 0 0 0 0 0 0 0 0 0 0 0 0 0 0 0 0 0 0 0 0 0 0 0 0 0 0 0
 0 0 0 0 0 0 0 0 0 0 0 0 0 0 0 0 0 0 0 0 0 0 0 0 0 0 0 0 0 0 0 0 0 0 0 0
 0 0 0 0 0 0 0 0 0 0 0 0 0 0 0 0 0 0 0 0 0 0 0 0 0 0 0 0 0 0 0 0 0 0 0 0
 0 0 0 0 0 0 0 0 0 0 0 0 0 0 0 0 0 0 0 0 0 0 0 0 0 0 0 0 0 0 0 0 0 0 0 0
 0 0 0 0 0 0 0 0 1.78061e-05 0.00172719 0.00360574 0.0105946 0.0120993 0.0124554 0.0147524 0.0171206 0.0266825 0.0428682 0.0675386 0.121331 0.153587 0.119568 0.100827 0.0573624 0.0630603 0.0341343 0.0324427 0.0444173 0.0211091 0.0280891 0.0125444 0.00206551 0 0 0 0
 0 0 0 0 0 0 0 0 0 0 0 0 0 0 0 0 0 0 0 0 0 0 0 0 0 0 0 0 0 0 0 0 0 0 0 0
 0 0 0 0 0 0 0.0133647 0.0140871 0.0187388 0.0205184 0.03894 0.0496705 0.03968 0.0493445 0.0407372 0.0367815 0.0215668 0.0243155 0.0234873 0.0199281 0.019796 0.0243948 0.0301388 0.0376714 0.0412746 0.0863199 0.0771752 0.113111 0.0741005 0.0525337 0.0229764 0.00759418 0.00175318 0 0 0
 0 0 0 0 0 0 0 0 0 0 0.00219441 0.00772107 0.0458388 0.0604681 0.0671733 0.0775358 0.0609151 0.0617685 0.073594 0.0568108 0.0755445 0.0548602 0.0670107 0.0636378 0.0643287 0.046367 0.0373049 0.0286899 0.0247887 0.0153202 0.00654259 0.00121912 0.000365735 0 0 0
 0 0 0 0 0 0 0 0 0 0 0 0 0.000112435 0.00938835 0.0111873 0.0202946 0.0414886 0.0713402 0.111592 0.104902 0.108894 0.110636 0.117776 0.105296 0.107544 0.0401394 0.0192827 0.0124803 0.00416011 0.0028671 0.000618394 0 0 0 0 0
 0 0 0 0 0 0 0 0 0 0 0.00291406 0.0102884 0.027416 0.0768956 0.0749926 0.110853 0.0956884 0.0897413 0.0766577 0.0534642 0.0500743 0.0551293 0.0594112 0.0620874 0.0668451 0.0424026 0.0208742 0.0120726 0.0048766 0.00582813 0.00118941 0.000297354 0 0 0 0
 0 0.00264628 0.0354308 0.0461629 0.0458689 0.0383711 0.0214643 0.0164657 0.0346957 0.0420465 0.0363128 0.0245516 0.0311673 0.0291091 0.0169068 0.0133784 0.00837989 0.0085269 0.0148486 0.0160247 0.0276389 0.0546898 0.0760071 0.122758 0.109233 0.0665981 0.0333725 0.0166128 0.00676272 0.00308733 0.000882094 0 0 0 0 0
 0 0 0 0 0 0 0 0.000805153 0.000690131 0.00759144 0.0133425 0.0154129 0.00931677 0.000345066 0.00356568 0.00563607 0.00851162 0.0253048 0.0502646 0.0516448 0.0657925 0.0565908 0.0611916 0.0827007 0.0866115 0.110766 0.145733 0.0935128 0.0569358 0.0249597 0.0138026 0.00621118 0.00161031 0.00115022 0 0
 0 0 0 0 0 0 0 0 0 0 0 0 0 0 0 0 0 0 0 0 0 0 0 0 0 0 0 0 0 0 0 0 0 0 0 0
 0.00147267 0.00158595 0.00478618 0.00569244 0.00954404 0.0108468 0.00647125 0.017049 0.0510054 0.094081 0.124002 0.0959785 0.0687766 0.0820023 0.061753 0.0591476 0.0492212 0.0479892 0.0443925 0.0268479 0.0217502 0.0140895 0.0121071 0.0120363 0.00920419 0.00665534 0.0049561 0.00860946 0.00930331 0.0156896 0.0114698 0.00855282 0.00243557 0.00046729 0 2.83206e-05
 0 0 0 0 0.000772559 0.00158375 0.000888443 0.00281984 0.00712685 0.0440552 0.0773331 0.111326 0.0921469 0.0852325 0.0710754 0.0886704 0.0786465 0.0553345 0.0373146 0.0185414 0.00753245 0.00457741 0.012979 0.0271748 0.0457355 0.0583668 0.034881 0.0177882 0.00938659 0.00492506 0.0015258 0.00185414 0.000309023 5.79419e-05 3.86279e-05 0
 0 0.00173294 0.00326652 0 0.00397197 0.00683976 0.00946217 0.0152591 0.00757587 0.0136028 0.0228656 0.0392903 0.0559909 0.0764795 0.0681675 0.0726916 0.0566044 0.0477403 0.0527397 0.0444891 0.0609904 0.0582453 0.0661739 0.0445044 0.0529084 0.0360697 0.0280645 0.0235558 0.0158879 0.00826598 0.00280645 0.00217768 0.000904811 0.00058276 9.20147e-05 0
 0 0 0 0 0 0 0 0 0 0 0 0 0 0 0 0 0 0 0 0 0 0 0 0 0 0 0 0 0 0 0 0 0 0 0 0
 0 0 0 0 0 0 0 0 0 0 0 0 0 0 0 0 0 0 0 0 0 0 0 0 0 0 0 0 0 0 0 0 0 0 0 0
 0 0 0 0 0 0 0 0 0 0 0 0 0 0 0 0 0 0 0 0 0 0 0 0 0 0 0 0 0 0 0 0 0 0 0 0
 0 0 0 0 0 0 0 0 0 0 0 0 0 0 0 0 0 0 0 0 0 0 0 0 0 0 0 0 0 0 0 0 0 0 0 0
 0 0 0 0 0 0 0 0 0 0 0 0 0 0 0 0 0 0 0 0 0 0 0 0 0 0 0 0 0 0 0 0 0 0 0 0
ppred_pel_tallas
 1.01058e-16 3.44838e-05 0.000202398 0.000962119 0.00370423 0.0115513 0.0291777 0.0597011 0.0989602 0.132898 0.144611 0.127538 0.0912529 0.0531697 0.0256433 0.0110223 0.00552838 0.00471896 0.00587377 0.00780357 0.0100315 0.0122803 0.0143001 0.0158582 0.0167783 0.0169769 0.0164785 0.0154017 0.0139236 0.0122357 0.0105047 0.00885048 0.00734166 0.00600502 0.00484134 0.00383981
 1.01056e-16 3.28797e-05 0.000192976 0.000917315 0.00353171 0.0110133 0.0278187 0.056921 0.0943536 0.126716 0.137898 0.121648 0.087107 0.050891 0.0248 0.0110964 0.00619995 0.00588839 0.00756437 0.0100653 0.0128798 0.0156631 0.0180857 0.0198437 0.020716 0.0206142 0.0196012 0.0178684 0.0156843 0.0133287 0.0110369 0.00896738 0.00719606 0.00573212 0.00454368 0.00358255
 1.01813e-16 2.66322e-05 0.000156288 0.000742877 0.00286004 0.0089187 0.0225281 0.0460968 0.0764154 0.102638 0.111729 0.0986447 0.0708125 0.0417291 0.0210041 0.0105346 0.00748635 0.00848806 0.0114456 0.0153675 0.0197201 0.0240412 0.027844 0.0306678 0.0321715 0.0322096 0.0308613 0.0283987 0.0252108 0.0217077 0.0182388 0.0150439 0.012246 0.0098726 0.00789216 0.006249
 1.02222e-16 3.0305e-05 0.00017786 0.000845453 0.00325502 0.0101505 0.0256393 0.0524617 0.0869623 0.116792 0.127102 0.112135 0.0803194 0.0469746 0.0229849 0.010447 0.00607483 0.00599192 0.00781822 0.0104923 0.0135461 0.0166567 0.0195051 0.0217863 0.0232638 0.0238177 0.0234648 0.0223411 0.0206578 0.0186449 0.0165035 0.014379 0.0123574 0.0104781 0.00875419 0.00718908
 1.01956e-16 3.14509e-05 0.000184588 0.000877439 0.00337817 0.0105345 0.0266094 0.0544465 0.0902521 0.121209 0.131907 0.116368 0.0833381 0.0487129 0.023784 0.0107209 0.00610593 0.00590776 0.00764912 0.0102236 0.0131446 0.0160813 0.0187132 0.0207396 0.0219352 0.0221985 0.0215704 0.0202136 0.0183645 0.0162723 0.0141484 0.0121365 0.0103102 0.0086875 0.00725492 0.00598899
 1.02676e-16 2.49467e-05 0.000146392 0.000695827 0.00267888 0.00835377 0.0211012 0.0431772 0.0715765 0.0961418 0.104665 0.0924259 0.066388 0.0392019 0.0198809 0.0102172 0.00757198 0.0088008 0.0119479 0.0160786 0.0206725 0.0252627 0.0293501 0.0324593 0.0342348 0.034519 0.0333825 0.0310911 0.0280291 0.0246023 0.021155 0.0179232 0.0150275 0.0124972 0.010307 0.00841236
 1.02419e-16 3.17292e-05 0.000186225 0.000885227 0.00340817 0.0106281 0.0268457 0.0549297 0.0910521 0.12228 0.133064 0.11737 0.0840136 0.0490234 0.0237791 0.0104561 0.00559468 0.00512239 0.00654693 0.00877596 0.0113611 0.0140256 0.0165079 0.0185576 0.0199767 0.0206583 0.0206032 0.0199064 0.0187231 0.0172248 0.0155629 0.0138483 0.01215 0.0105054 0.00893597 0.00745911
 1.02182e-16 2.92895e-05 0.000171894 0.000817084 0.00314578 0.00980978 0.0247788 0.0507014 0.0840459 0.112879 0.122856 0.108418 0.0777177 0.0455761 0.0225292 0.0106236 0.00670248 0.00702961 0.0092988 0.0124549 0.0159907 0.0195179 0.0226441 0.025001 0.0263163 0.026474 0.025537 0.0237203 0.0213295 0.0186838 0.0160509 0.0136096 0.0114458 0.00957209 0.00795882 0.00656278
 1.018e-16 3.21245e-05 0.000188543 0.000896247 0.00345059 0.0107604 0.0271798 0.0556136 0.0921861 0.123805 0.134727 0.118846 0.0850893 0.0496902 0.0241747 0.010751 0.00592008 0.00555919 0.00713816 0.00953513 0.0122707 0.0150322 0.0175212 0.0194573 0.0206283 0.0209345 0.0204072 0.0191902 0.0174966 0.0155539 0.0135574 0.0116433 0.00988539 0.00830789 0.00690621 0.00566549
 1.01781e-16 2.99033e-05 0.000175498 0.000834216 0.00321174 0.0100155 0.0252984 0.0517645 0.0858078 0.115245 0.125428 0.110681 0.0793267 0.0464924 0.0229313 0.010728 0.00665414 0.00689131 0.00908363 0.0121567 0.0156003 0.0190303 0.0220606 0.024329 0.0255677 0.0256624 0.0246748 0.0228173 0.0203923 0.0177176 0.0150615 0.0126063 0.0104425 0.00858735 0.00701425 0.00568039
 1.02835e-16 2.42586e-05 0.000142352 0.00067662 0.00260493 0.00812315 0.0205186 0.0419853 0.069601 0.0934893 0.10178 0.0898842 0.0645757 0.0381588 0.0194024 0.0100547 0.00755648 0.00885593 0.0120556 0.0162478 0.0209228 0.0256179 0.0298349 0.0330955 0.0350374 0.0354925 0.034517 0.0323618 0.0293965 0.0260157 0.0225579 0.0192597 0.016249 0.0135673 0.0112047 0.00913244
 1.03912e-16 2.49629e-05 0.000146492 0.000696316 0.00268079 0.00835972 0.0211161 0.0432074 0.0716249 0.0962018 0.104717 0.0924411 0.0663317 0.039034 0.0195489 0.00964861 0.00667443 0.0074725 0.010099 0.0136599 0.0177065 0.0218672 0.0257465 0.0289568 0.0311909 0.0322824 0.0322322 0.0311871 0.0293866 0.0270946 0.0245436 0.0219028 0.0192765 0.0167212 0.0142696 0.0119496
 1.02572e-16 3.24552e-05 0.000190488 0.000905498 0.00348622 0.0108715 0.0274604 0.0561876 0.0931367 0.125079 0.136106 0.120046 0.0859132 0.0500995 0.0242401 0.010554 0.00549505 0.00489144 0.00619037 0.00827565 0.0106959 0.0131816 0.0154839 0.017368 0.0186517 0.0192419 0.0191492 0.0184735 0.0173694 0.0160026 0.0145142 0.0130016 0.011518 0.0100846 0.00870803 0.00739398
 1.01132e-16 3.51939e-05 0.000206567 0.000981939 0.00378054 0.0117893 0.0297788 0.060931 0.100999 0.135635 0.147588 0.130161 0.0931237 0.0542473 0.0261392 0.0111928 0.00554801 0.00466558 0.00576411 0.00762528 0.00975956 0.0118841 0.0137479 0.0151225 0.0158418 0.0158382 0.0151567 0.0139379 0.0123787 0.0106839 0.00902463 0.00751453 0.00620665 0.00510563 0.00418742 0.00341801
 1.00463e-16 3.75546e-05 0.000220429 0.00104785 0.00403432 0.0125807 0.0317777 0.0650208 0.107777 0.144733 0.157478 0.138858 0.0992929 0.0577329 0.0276158 0.0114762 0.00517435 0.00385121 0.00453443 0.00593701 0.00757004 0.0091839 0.0105739 0.0115582 0.0120069 0.0118704 0.0111908 0.0100876 0.00872655 0.00727974 0.00589158 0.00465869 0.00362633 0.00279769 0.00214956 0.00164784
 1.00464e-16 3.44427e-05 0.000202153 0.000960948 0.00369971 0.0115372 0.0291421 0.0596286 0.0988411 0.132741 0.144449 0.127415 0.0912084 0.0532311 0.0258351 0.0113797 0.00610246 0.0055704 0.00705739 0.00934823 0.0119197 0.0144329 0.0165719 0.0180489 0.0186597 0.0183299 0.0171332 0.0152684 0.0130082 0.0106351 0.00838514 0.00641576 0.00479907 0.00353692 0.00258649 0.00188585
 1.01139e-16 2.92697e-05 0.000171775 0.000816513 0.00314357 0.00980288 0.0247614 0.0506661 0.083988 0.112804 0.122779 0.108363 0.0777076 0.0456283 0.0226627 0.0108657 0.00709121 0.0076104 0.0101151 0.0135356 0.0173365 0.0210901 0.0243588 0.0267325 0.0279108 0.0277707 0.026392 0.0240291 0.0210413 0.0178064 0.0146455 0.011779 0.00931769 0.00728294 0.005639 0.00432547
 1.01603e-16 3.18087e-05 0.000186689 0.00088743 0.00341664 0.0106545 0.0269124 0.0550665 0.0912794 0.122588 0.133405 0.117685 0.0842686 0.0492326 0.0239927 0.0107394 0.00601217 0.0057319 0.00739417 0.00988541 0.0127238 0.0155885 0.01817 0.0201762 0.021385 0.021691 0.0211237 0.0198307 0.0180324 0.0159657 0.0138364 0.0117904 0.0099102 0.00822685 0.00674062 0.00543932
 1.01655e-16 3.10085e-05 0.000181989 0.000865079 0.00333058 0.0103861 0.0262345 0.0536796 0.0889815 0.119504 0.130057 0.114748 0.0822042 0.048103 0.0235847 0.0107972 0.0063794 0.00636213 0.00830137 0.0110949 0.0142405 0.01738 0.0201606 0.022252 0.0234095 0.0235273 0.0226592 0.0209957 0.0188093 0.0163871 0.0139717 0.0117287 0.00974143 0.00802739 0.00656496 0.00531805
 1.01491e-16 3.26644e-05 0.000191713 0.000911318 0.00350862 0.0109413 0.0276369 0.0565488 0.0937362 0.125886 0.136991 0.120841 0.0865129 0.0505116 0.0245556 0.0108877 0.00594733 0.00553937 0.00708827 0.00945119 0.0121398 0.014837 0.0172421 0.0190744 0.020124 0.0202972 0.0196334 0.018287 0.0164822 0.0144567 0.0124133 0.0104923 0.00876703 0.00725745 0.00595159 0.00482532
 1.01532e-16 3.09361e-05 0.000181563 0.000863052 0.00332277 0.0103617 0.026173 0.0535539 0.0887732 0.119225 0.129754 0.114485 0.0820232 0.0480123 0.0235684 0.010837 0.00646718 0.00650028 0.00849722 0.0113546 0.0145644 0.0177593 0.0205763 0.022676 0.0238076 0.0238647 0.0229059 0.0211315 0.0188266 0.0162911 0.0137788 0.0114626 0.00942901 0.00769511 0.00623589 0.00501015
 1.01809e-16 3.03407e-05 0.000178068 0.000846436 0.0032588 0.0101622 0.0256691 0.0525228 0.0870642 0.11693 0.127257 0.112284 0.0804501 0.0470998 0.0231365 0.0106666 0.00640667 0.00647787 0.00849201 0.0113707 0.0146188 0.0178774 0.0207896 0.0230185 0.0243109 0.0245518 0.023786 0.0221955 0.0200466 0.0176224 0.0151654 0.0128441 0.0107483 0.00890467 0.00730196 0.00591454
 1.01766e-16 3.16853e-05 0.000185964 0.000883982 0.00340337 0.0106131 0.0268078 0.0548526 0.090925 0.122112 0.132889 0.117232 0.0839509 0.0490596 0.0239318 0.0107513 0.0060728 0.00583378 0.00753839 0.0100738 0.012954 0.0158513 0.0184493 0.0204505 0.0216314 0.0218897 0.021263 0.0199097 0.0180615 0.0159647 0.0138297 0.0118021 0.00995912 0.00832346 0.00688599 0.00562613
 1.01718e-16 3.09909e-05 0.000181885 0.000864588 0.00332869 0.0103802 0.0262196 0.0536492 0.088931 0.119436 0.129982 0.114682 0.0821541 0.0480692 0.0235597 0.0107719 0.00634587 0.00631459 0.00823605 0.0110102 0.0141379 0.0172644 0.0200407 0.0221398 0.0233184 0.0234702 0.0226459 0.0210313 0.0188934 0.0165138 0.0141312 0.0119089 0.00992984 0.00821294 0.00673892 0.0054745
 1.03554e-16 1.80749e-05 0.000106038 0.000503956 0.00194009 0.00604985 0.0152818 0.0312712 0.0518456 0.0696575 0.0758813 0.0671232 0.0484647 0.0291237 0.0157045 0.0095971 0.00898318 0.0116541 0.0162073 0.0218963 0.028176 0.0344504 0.0400481 0.0443223 0.0467866 0.0472223 0.0457192 0.042633 0.0384809 0.0338113 0.029092 0.0246465 0.0206443 0.0171318 0.0140827 0.0114429
 1.0501e-16 2.57498e-05 0.000151119 0.000718327 0.00276556 0.0086241 0.0217838 0.044573 0.0738864 0.0992323 0.107998 0.0952932 0.0682832 0.0399916 0.0196767 0.00913536 0.0055967 0.00579266 0.00772996 0.0105359 0.0138381 0.0173778 0.0208846 0.0240793 0.026717 0.0286275 0.0297351 0.0300526 0.0296546 0.0286442 0.0271262 0.0251951 0.0229367 0.0204374 0.0177926 0.0151079
 1.03412e-16 3.06231e-05 0.00017973 0.000854347 0.00328927 0.0102573 0.0259091 0.0530136 0.0878764 0.118017 0.128431 0.113297 0.0811262 0.0473959 0.0230964 0.0103373 0.00578854 0.00552586 0.007143 0.00957516 0.0123683 0.0152258 0.0178626 0.0200098 0.0214619 0.0221194 0.0220041 0.0212409 0.0200148 0.018519 0.0169118 0.0152954 0.0137165 0.0121836 0.0106899 0.009232
pSPR Fmed_Fpbrs
0.45214   0.6 0.325
Fs Fmed_Fpbrs
0.64   0.354513 1.10664
SSBpbr Bo_Bmed_Bpbrs
1.33274e+06  535947  733004 366502
Ro
41772.8
SPR SPRFo_SPRFmed_SPRFpbrs
862784 390100 280405
log_Ro
10.46
likeval ReclasPelacesDesembMPH_pf_preclas_ppelaces_ptallas_desvR_qrecl_qpela
 63.677 16.4733 0.011296 20.7615 334.854 212.502 55.3476 0 16.9765 1.55307e-05 3.74325e-05 9.43104e-16 0 0 0
q_reclas_q_pelaces
0.5721 2.38795
M
0.7
N
 43196.2 12205 4563.15 540.035 0.274357
 52250.2 19515.5 3353.46 1253.78 148.456
 27907.1 23942.5 5858.99 1006.78 420.982
 38554.2 12188.3 5321.88 1302.32 317.36
 67077.7 18624.2 5092.02 2223.37 676.669
 47952.6 33126.4 8934.28 2442.71 1391.19
 87498.5 22517.1 11589.9 3125.84 1341.37
 86078.5 41872.6 8870.32 4565.71 1759.8
 116542 39883.3 13474.4 2854.42 2035.52
 122575 53622.4 12285 4150.45 1506.22
 64834.1 57613.7 18875.9 4324.53 1991.24
 42754.7 28919.1 14612.4 4787.46 1601.85
 45073.1 19174.9 7589.19 3834.71 1676.73
 25613.4 18926.7 3332.4 1318.93 957.834
 16455.1 9260.38 1288.89 226.933 155.045
 14410.3 5911.56 606.029 84.3489 24.9979
 10396.3 6316.7 1344.44 137.826 24.8682
 13318.7 4681.51 1700.22 361.872 43.7912
 15919.9 6152.74 1478.77 537.055 128.138
 24204.6 7471.16 2144.84 515.498 231.886
 32680.3 11368.6 2618.07 751.605 261.902
 43989.2 15818.7 4810.15 1107.73 428.824
 68120.5 21156.5 6429.52 1955.09 624.533
 93540.8 32604.8 8343.32 2535.55 1017.3
 38765.4 44844.8 12989.8 3323.98 1415.46
 55536 18682.7 18464.3 5348.39 1951.41
 86571.3 26698.8 7573.65 7485.12 2959.21
pred_Ctot
 2817.78 4055.27 1516.17 179.434 0.0911587
 2915.93 5711.6 981.456 366.943 43.4486
 2436.44 9953.14 2435.64 418.529 175.006
 756.094 1404.95 613.458 150.12 36.5823
 265.707 455.963 124.664 54.4333 16.5664
 1882.26 7181.48 1936.87 529.556 301.597
 2289.99 3392.23 1746.04 470.912 202.079
 4161.46 10866 2301.85 1184.8 456.67
 6183.34 11192.7 3781.4 801.054 571.239
 4729.37 11450.8 2623.41 886.307 321.646
 4774.62 21060.1 6899.89 1580.79 727.876
 2995.84 10168.9 5138.22 1683.43 563.265
 5053.62 9505.14 3762.03 1900.9 831.171
 5101.38 13042.5 2296.39 908.885 660.053
 3334.12 6432.5 895.294 157.634 107.698
 1224.2 2408.36 246.895 34.3636 10.1841
 700.761 2154.24 458.506 47.0041 8.48104
 670.585 1257.33 456.634 97.1892 11.7612
 631.223 1345.67 323.423 117.46 28.0253
 945.897 1613.41 463.183 111.323 50.0763
 594.416 1220.95 281.174 80.7203 28.1275
 998.002 2088.87 635.182 146.276 56.6264
 1774.7 3173.92 964.562 293.304 93.693
 2330.87 4695.37 1201.51 365.141 146.5
 823.476 5570.23 1613.48 412.876 175.816
 1276.27 2496.64 2467.46 714.726 260.775
 2732.45 4768.51 1352.69 1336.87 528.528
F
 0.0945433 0.591854 0.591854 0.591854 0.591854
 0.0803866 0.503231 0.503231 0.503231 0.503231
 0.128404 0.803829 0.803829 0.803829 0.803829
 0.0276035 0.172801 0.172802 0.172802 0.172802
 0.0055215 0.0345653 0.0345653 0.0345653 0.0345653
 0.0559403 0.350194 0.350194 0.350194 0.350194
 0.03699 0.231562 0.231562 0.231562 0.231562
 0.069302 0.43384 0.43384 0.43384 0.43384
 0.0762882 0.477575 0.477575 0.477575 0.477575
 0.0549635 0.344079 0.344079 0.344079 0.344079
 0.107328 0.671889 0.671889 0.671889 0.671889
 0.101879 0.637779 0.637779 0.637779 0.637779
 0.167713 1.04991 1.04991 1.04991 1.04991
 0.317372 1.98679 1.98679 1.98679 1.98679
 0.323727 2.02657 2.02657 2.02657 2.02657
 0.124747 0.780934 0.780934 0.780934 0.780934
 0.0978316 0.612439 0.612439 0.612439 0.612439
 0.0722688 0.452413 0.452413 0.452413 0.452413
 0.0565211 0.35383 0.35383 0.35383 0.35383
 0.0556874 0.348611 0.348611 0.348611 0.348611
 0.0255786 0.160126 0.160126 0.160126 0.160126
 0.0319951 0.200294 0.200294 0.200294 0.200294
 0.0368184 0.230488 0.230488 0.230488 0.230488
 0.0351905 0.220297 0.220297 0.220297 0.220297
 0.0299302 0.187367 0.187367 0.187367 0.187367
 0.032415 0.202922 0.202922 0.202922 0.202922
 0.044762 0.280216 0.280216 0.280216 0.280216
Np
 30709 14410 14320.5 3489.95 1334.87
YTP_r0W_actual
 28199.8 126337 52098.1 65755.2 28848.5
YTP_p0W_proyectada
 10003.2 194522 68913.6 24965.1 37654.6
 10003.2 68187.7 98508.8 30658.5 13013.3
CTP_r0_actual
 3439.01 5848.95 1659.17 1639.78 648.281
CTP_p0_proyectada
 1219.9 9005.64 2194.7 622.572 846.171
 1219.9 3156.84 3137.22 764.551 292.433
Wmedp
 8.2 21.6 31.4 40.1 44.5
nmprior
 10.8 10.6 4.6 0
nm_flota  nm_reclas  nm_pelaces    nm_pelaL
inf 17.7862 16.6345 51.2168
cv_recla  cv_pelaces  cv_mph
0.69107 0.444612 0.608886
 ------------------------------------------------
Talla a la edad & desviaci?n 
 7.2 14.2025 17.0495 18.207 18.6776
 1.08 2.13037 2.55742 2.73105 2.80164
