years
 1997 1998 1999 2000 2001 2002 2003 2004 2005 2006 2007 2008 2009 2010 2011 2012 2013 2014 2015 2016 2017 2018 2019 2020 2021 2022 2023
reclasobs
 0 0 0 370054 412103 1.49427e+06 250295 1.28982e+06 931140 785840 897777 1.04006e+06 184774 17550 25797 100020 73551 82996 120727 218422 84188 347160 605670 569463 516374 1.08416e+06 1.01767e+06
reclaspred
 482440 126789 334024 222493 340676 420152 912838 638411 756070 786846 673161 463504 274130 110678 70874.5 69361.7 76889.8 103171 118428 164932 251900 248169 432840 563957 726074 687814 640808
pelacesobs
 0 0 0 0 0 0 0 0 0 2.06254e+06 1.5e+06 0 1.87456e+06 323000 250000 174000 83755 137374 0 501740 490994 745055 786931 1.00524e+06 1.33801e+06 1.41789e+06 0
pelacespred
 2.01821e+06 397088 678829 683700 942461 829470 2.42736e+06 1.89859e+06 2.157e+06 2.1924e+06 1.55805e+06 1.10617e+06 678817 222638 156204 152941 174727 246072 271262 384467 686104 610132 874260 1.32965e+06 1.59115e+06 1.63603e+06 1.48646e+06
mphobs
 0 0 0 0 0 0 112323 0 153150 637223 0 255016 313432 73983 77613 109348 50772 17779 17303 59886 28197 0 207744 136588 643089 65757 70829
mphpred
 164926 92765.1 104893 102716 113847 184367 266550 331844 299184 336707 340378 235030 138834 114184 48933 42575.4 42866.6 55580.8 28766.2 32888.9 53214.5 68545.8 85952.1 127975 171621 169586 154066
desembarqueobs
 350755 77701 442110 56441 14545 235359 269955 359681 431902 328805 639364 411747 362871 311530 167758 66681 60226 58785 57116 73181 50977 67692 138656 160484 209506 203330 245020
desembarquepred
 350765 77702.3 442127 56445.5 14545.4 235471 270031 359686 431937 328826 639402 411842 363055 311721 167620 66686.6 60263 58781.8 57099.4 73180.2 50979.5 67681.6 138663 160499 209513 203327 245007
Reclutas
 37522.8 44820.4 23159.1 32346.3 55600.6 40137 76547.3 75786.7 106399 115491 64157.6 44320.3 45409.5 25956 15648.7 12901.4 9105.15 11725.3 13733.3 20462.3 27998.2 37253.5 57030.6 79103.8 33888.7 48225.7 72715.5
log_desv_Rt
 0.0127046 0.190418 -0.469858 -0.135746 0.405949 0.0800543 0.725664 0.715679 1.05495 1.13695 0.549098 0.179198 0.203476 -0.355842 -0.861856 -1.05491 -1.4034 -1.1505 -0.992423 -0.59366 -0.280104 0.00550218 0.431343 0.758516 -0.0891634 0.263646 0.67431
SSB
 438584 246688 278939 273151 302750 490284 688418 871605 775822 875997 905162 625012 383400 194638 88064 76276.4 80502.7 98607.1 127253 153870 233682 293088 378528 536642 790683 805168 687035
BT
 1.56537e+06 377204 666317 483580 597347 694788 1.71034e+06 1.58384e+06 1.74562e+06 1.67699e+06 1.5331e+06 1.05658e+06 772493 425046 233900 149576 158163 200892 215922 298229 469145 438258 636648 957514 1.13621e+06 1.18107e+06 1.12927e+06
Ftot
 1.02539 0.901744 1.51549 0.321943 0.0587272 0.584358 0.376729 0.724974 0.791357 0.553133 1.02684 0.921927 1.52822 3.12661 3.3441 1.30053 1.02725 0.751677 0.588429 0.577343 0.265071 0.316107 0.367138 0.359264 0.297888 0.294224 0.430575
BD_Bspro_t
 0.907903 0.639117 0.564315 0.384243 0.53562 0.704918 0.6481 0.671565 0.610778 0.593616 0.57022 0.407905 0.30022 0.199374 0.113462 0.119866 0.168926 0.261345 0.368816 0.473638 0.60399 0.714499 0.730974 0.738851 0.757917 0.70564 0.669419
BD_Bspro
 0.573147 0.322375 0.364521 0.356956 0.395637 0.640709 0.899633 1.13902 1.01385 1.14476 1.18288 0.816773 0.501031 0.254355 0.115083 0.0996789 0.105202 0.128861 0.166296 0.20108 0.305378 0.383011 0.494665 0.70129 1.03327 1.0522 0.897826
BD_Bo
 0.474669 0.266985 0.301889 0.295624 0.327659 0.530623 0.745059 0.943318 0.839654 0.948071 0.979635 0.676435 0.414944 0.210652 0.0953096 0.0825522 0.0871262 0.10672 0.137723 0.16653 0.252909 0.317202 0.409672 0.580795 0.855738 0.871415 0.743562
BD_Brms
 0.863035 0.485427 0.548889 0.537499 0.595744 0.964769 1.35465 1.71512 1.52664 1.72377 1.78115 1.22988 0.754444 0.383004 0.17329 0.150095 0.158411 0.194037 0.250406 0.302782 0.459834 0.576731 0.744858 1.05599 1.55589 1.58439 1.35193
S_f
 0.0999859 0.678537 0.975672 0.998689 0.999931
 0.0999859 0.678537 0.975672 0.998689 0.999931
 0.0999859 0.678537 0.975672 0.998689 0.999931
 0.0999859 0.678537 0.975672 0.998689 0.999931
 0.0999859 0.678537 0.975672 0.998689 0.999931
 0.0999859 0.678537 0.975672 0.998689 0.999931
 0.0999859 0.678537 0.975672 0.998689 0.999931
 0.0999859 0.678537 0.975672 0.998689 0.999931
 0.0999859 0.678537 0.975672 0.998689 0.999931
 0.0999859 0.678537 0.975672 0.998689 0.999931
 0.0999859 0.678537 0.975672 0.998689 0.999931
 0.0999859 0.678537 0.975672 0.998689 0.999931
 0.0999859 0.678537 0.975672 0.998689 0.999931
 0.0999859 0.678537 0.975672 0.998689 0.999931
 0.0999859 0.678537 0.975672 0.998689 0.999931
 0.0999859 0.678537 0.975672 0.998689 0.999931
 0.0999859 0.678537 0.975672 0.998689 0.999931
 0.0999859 0.678537 0.975672 0.998689 0.999931
 0.0999859 0.678537 0.975672 0.998689 0.999931
 0.0999859 0.678537 0.975672 0.998689 0.999931
 0.0999859 0.678537 0.975672 0.998689 0.999931
 0.0999859 0.678537 0.975672 0.998689 0.999931
 0.0999859 0.678537 0.975672 0.998689 0.999931
 0.0999859 0.678537 0.975672 0.998689 0.999931
 0.0999859 0.678537 0.975672 0.998689 0.999931
 0.0999859 0.678537 0.975672 0.998689 0.999931
 0.0999859 0.678537 0.975672 0.998689 0.999931
Scru_reclas
 0.59221 0.879643 0.973532 0.994627 0.998928
 0.59221 0.879643 0.973532 0.994627 0.998928
 0.59221 0.879643 0.973532 0.994627 0.998928
 0.59221 0.879643 0.973532 0.994627 0.998928
 0.59221 0.879643 0.973532 0.994627 0.998928
 0.59221 0.879643 0.973532 0.994627 0.998928
 0.59221 0.879643 0.973532 0.994627 0.998928
 0.59221 0.879643 0.973532 0.994627 0.998928
 0.59221 0.879643 0.973532 0.994627 0.998928
 0.59221 0.879643 0.973532 0.994627 0.998928
 0.59221 0.879643 0.973532 0.994627 0.998928
 0.59221 0.879643 0.973532 0.994627 0.998928
 0.59221 0.879643 0.973532 0.994627 0.998928
 0.59221 0.879643 0.973532 0.994627 0.998928
 0.59221 0.879643 0.973532 0.994627 0.998928
 0.59221 0.879643 0.973532 0.994627 0.998928
 0.59221 0.879643 0.973532 0.994627 0.998928
 0.59221 0.879643 0.973532 0.994627 0.998928
 0.59221 0.879643 0.973532 0.994627 0.998928
 0.59221 0.879643 0.973532 0.994627 0.998928
 0.59221 0.879643 0.973532 0.994627 0.998928
 0.59221 0.879643 0.973532 0.994627 0.998928
 0.59221 0.879643 0.973532 0.994627 0.998928
 0.59221 0.879643 0.973532 0.994627 0.998928
 0.59221 0.879643 0.973532 0.994627 0.998928
 0.59221 0.879643 0.973532 0.994627 0.998928
 0.59221 0.879643 0.973532 0.994627 0.998928
Scru_pelaces
 0.935167 1 1 1 1
 0.935167 1 1 1 1
 0.935167 1 1 1 1
 0.935167 1 1 1 1
 0.935167 1 1 1 1
 0.935167 1 1 1 1
 0.935167 1 1 1 1
 0.935167 1 1 1 1
 0.935167 1 1 1 1
 0.935167 1 1 1 1
 0.935167 1 1 1 1
 0.935167 1 1 1 1
 0.935167 1 1 1 1
 0.935167 1 1 1 1
 0.935167 1 1 1 1
 0.935167 1 1 1 1
 0.935167 1 1 1 1
 0.935167 1 1 1 1
 0.935167 1 1 1 1
 0.935167 1 1 1 1
 0.935167 1 1 1 1
 0.935167 1 1 1 1
 0.935167 1 1 1 1
 0.935167 1 1 1 1
 0.935167 1 1 1 1
 0.935167 1 1 1 1
 0.935167 1 1 1 1
pf_obs 
 0.256992 0.487395 0.22802 0.0275931 0
 0.321318 0.546541 0.124235 0.00734118 0.000564706
 0.182869 0.594174 0.210203 0.0122559 0.00049798
 0.330522 0.361315 0.267642 0.0388342 0.00168674
 0.649043 0.306663 0.0425973 0.00169635 0
 0.582887 0.30429 0.105238 0.00758474 0
 0.465427 0.430635 0.0974691 0.00646863 0
 0.296916 0.608066 0.0921331 0.00288517 0
 0.311714 0.524322 0.152257 0.0117073 0
 0.15457 0.633149 0.183074 0.0267441 0.00246327
 0.131901 0.49318 0.331252 0.0422183 0.00144891
 0.196976 0.569456 0.194076 0.0375587 0.00193317
 0.518974 0.381816 0.0799577 0.0180837 0.00116848
 0.0928022 0.601141 0.25162 0.0475244 0.00691264
 0.122501 0.610282 0.24278 0.0234846 0.000952079
 0.383417 0.481906 0.127806 0.00687128 0
 0.0376549 0.599619 0.316969 0.0457579 0
 0.0361596 0.667082 0.258105 0.0386534 0
 0.158088 0.579412 0.248529 0.0139706 0
 0.0477256 0.309471 0.559284 0.082774 0.000745712
 0.0406174 0.521527 0.379366 0.0568643 0.0016247
 0.151134 0.462217 0.34131 0.0453401 0
 0.294876 0.26143 0.354403 0.0886775 0.000613685
 0.281977 0.475581 0.204845 0.0348837 0.00271318
 0.0841818 0.532909 0.334909 0.0458182 0.00218182
 0.115287 0.27431 0.454777 0.147771 0.00785563
 0 0 0 0 0
pf_pred 
 0.314495 0.468646 0.193804 0.0230414 1.41299e-05
 0.279756 0.573963 0.115253 0.0278374 0.00318971
 0.152888 0.644068 0.176422 0.021134 0.00548875
 0.247588 0.473698 0.239089 0.0346335 0.00499076
 0.262181 0.490342 0.17746 0.060288 0.00972909
 0.143027 0.575175 0.208496 0.052908 0.0203942
 0.259814 0.394277 0.263879 0.0611751 0.0208542
 0.204903 0.563301 0.146936 0.0651619 0.0196988
 0.262732 0.48452 0.201828 0.0326677 0.0182523
 0.225847 0.565495 0.15832 0.0404717 0.00986657
 0.130146 0.585448 0.230387 0.0412861 0.0127325
 0.137599 0.485874 0.293795 0.0674964 0.0152354
 0.21952 0.464235 0.217082 0.0779868 0.0211758
 0.226014 0.606273 0.12432 0.030223 0.0131702
 0.293312 0.614965 0.0836974 0.00606837 0.00195737
 0.293307 0.634166 0.0690827 0.00316538 0.000279386
 0.192485 0.632425 0.16473 0.00988738 0.000472587
 0.2503 0.492689 0.221282 0.0336882 0.00204055
 0.23631 0.545978 0.164801 0.0457632 0.00714827
 0.268734 0.497399 0.186717 0.0359558 0.0111943
 0.246325 0.535798 0.167653 0.0403434 0.00988032
 0.22429 0.51117 0.207618 0.0440621 0.0128602
 0.247785 0.482299 0.200575 0.054732 0.0146085
 0.239997 0.513939 0.17961 0.0497296 0.016725
 0.0858694 0.604809 0.234859 0.0547529 0.0197096
 0.145452 0.310591 0.405102 0.106099 0.0327558
 0.217316 0.423864 0.165152 0.145202 0.0484653
pobs_RECLAS
 0 0 0 0 0
 0 0 0 0 0
 0 0 0 0 0
 0 0 0 0 0
 0.835266 0.146461 0.0176864 0.000547809 3.91292e-05
 0.385257 0.428462 0.181853 0.0044286 0
 0.867414 0.0963971 0.0333333 0.00285562 0
 0.441836 0.489002 0.0689373 0.000224442 0
 0.779404 0.147425 0.0564933 0.0165055 0.000172143
 0.814271 0.122319 0.05973 0.00367925 0
 0.40263 0.566651 0.0304383 0.000280538 0
 0.475488 0.404961 0.113038 0.00651328 0
 0.955842 0.0263864 0.0167828 0.000988607 0
 0.975058 0.0227948 0.00214734 0 0
 0.738997 0.206755 0.0527124 0.00153531 0
 0.850938 0.134255 0.0134407 0.00136685 0
 0.542534 0.407297 0.0501686 0 0
 0.764087 0.199537 0.0359546 0.000420521 0
 0.470689 0.182191 0.310203 0.0369168 0
 0.84361 0.089868 0.0606195 0.00523954 0.000663233
 0.607945 0.314616 0.071237 0.00620181 0
 0.523733 0.453247 0.0230204 0 0
 0.530135 0.295979 0.169645 0.0042399 0
 0.562478 0.366248 0.0663022 0.0049721 0
 0.250443 0.683176 0.0655157 0.000865301 0
 0.195077 0.31981 0.436473 0.0351445 0.0134964
 0.565238 0.351407 0.0832357 0.000118908 0
ppred_RECLAS
 0.706583 0.218517 0.0669727 0.00792194 4.87213e-06
 0.661841 0.284175 0.0425714 0.010236 0.00117632
 0.492165 0.414134 0.0814923 0.00968629 0.00252257
 0.625282 0.25855 0.0996831 0.0144036 0.00208191
 0.638173 0.260706 0.0725432 0.0245966 0.00398151
 0.459616 0.394267 0.108177 0.0273612 0.0105785
 0.646867 0.211618 0.108004 0.0249725 0.00853882
 0.567652 0.330222 0.0648111 0.0286334 0.00868175
 0.649071 0.252274 0.0788261 0.0127072 0.00712082
 0.593641 0.317603 0.067386 0.0171715 0.00419882
 0.440673 0.411359 0.119964 0.0213885 0.00661526
 0.462139 0.341061 0.153696 0.0351476 0.00795678
 0.614335 0.259216 0.0869977 0.0310085 0.00844294
 0.655862 0.294027 0.0373363 0.00889226 0.00388295
 0.729513 0.248158 0.020415 0.00144714 0.00046769
 0.677392 0.297789 0.0236473 0.00107647 9.52805e-05
 0.548962 0.374273 0.072244 0.00431413 0.000206801
 0.633392 0.263402 0.0889046 0.0134824 0.00081907
 0.609265 0.300204 0.0685766 0.0189804 0.00297366
 0.651255 0.257224 0.0731068 0.0140324 0.00438191
 0.618105 0.2913 0.0697395 0.0167423 0.00411279
 0.592627 0.291975 0.0906024 0.0191806 0.00561521
 0.625426 0.262549 0.0832887 0.0226681 0.0060687
 0.613228 0.283322 0.0755481 0.0208632 0.00703802
 0.320578 0.488514 0.145008 0.0337235 0.0121766
 0.480665 0.222098 0.221459 0.0578608 0.0179177
 0.591949 0.248251 0.073631 0.0645563 0.0216127
pobs_PELACES
 0 0 0 0 0
 0 0 0 0 0
 0 0 0 0 0
 0 0 0 0 0
 0 0 0 0 0
 0 0 0 0 0
 0 0 0 0 0
 0 0 0 0 0
 0 0 0 0 0
 0 0 0 0 0
 0.450072 0.473896 0.0757376 0.000293798 0
 0 0 0 0 0
 0.463077 0.371075 0.160297 0.00555027 0
 0.529543 0.364841 0.0842815 0.0213345 0
 0.631943 0.363953 0.00410389 0 0
 0.735681 0.248677 0.0153453 0.000297389 0
 0.695825 0.281241 0.0229344 0 0
 0.275771 0.60734 0.115278 0.00161068 0
 0 0 0 0 0
 0.896147 0.0623911 0.0374545 0.00400742 0
 0.803859 0.145111 0.0509908 3.86294e-05 0
 0.739449 0.233085 0.0266225 0.000797448 4.60066e-05
 0.878498 0.100942 0.0204185 0.000141795 0
 0.694673 0.275183 0.0284847 0.00165964 0
 0.469039 0.446079 0.0841089 0.000773354 0
 0.822795 0.102175 0.0682046 0.00682512 0
 0 0 0 0 0
ppred_PELACES
 0.810262 0.148322 0.0371457 0.00426727 2.61205e-06
 0.768721 0.200038 0.0247856 0.0057933 0.000662654
 0.652251 0.295846 0.0453379 0.00521426 0.00135125
 0.719595 0.201438 0.0679933 0.00959279 0.0013804
 0.718639 0.208994 0.0522438 0.0173304 0.00279318
 0.579438 0.320059 0.0749281 0.0184675 0.00710751
 0.742921 0.162826 0.0723641 0.0163303 0.0055589
 0.685583 0.250006 0.0412932 0.0177582 0.0053596
 0.758279 0.18242 0.047657 0.00747454 0.00416919
 0.699827 0.242531 0.0440407 0.0109385 0.00266259
 0.583497 0.322316 0.0767961 0.0132976 0.00409338
 0.603709 0.268982 0.100058 0.0222399 0.00501114
 0.762146 0.172926 0.0451425 0.0155671 0.00421768
 0.835026 0.148357 0.0125274 0.0028518 0.00123834
 0.879606 0.113758 0.00609191 0.000412071 0.00013242
 0.791617 0.195446 0.0123445 0.00054462 4.79724e-05
 0.679858 0.274263 0.0432506 0.00250833 0.000119671
 0.743862 0.192927 0.0546568 0.00806671 0.000487802
 0.715281 0.226765 0.0441808 0.0119155 0.00185831
 0.750966 0.191245 0.0464095 0.00868092 0.00269849
 0.70904 0.228691 0.0482011 0.0113034 0.00276445
 0.690174 0.230458 0.0626443 0.0129494 0.0037742
 0.721567 0.203305 0.0562143 0.0149333 0.00398012
 0.709819 0.220443 0.051274 0.0138217 0.00464185
 0.418461 0.433688 0.11297 0.0256574 0.0092231
 0.594658 0.187005 0.163692 0.0417676 0.0128769
 0.698805 0.19433 0.0499265 0.042705 0.014233
pobs_pel_tallas
 0 0 0 0 0 0 0 0 0 0 0 0 0 0 0 0 0 0 0 0 0 0 0 0 0 0 0 0 0 0 0 0 0 0 0 0
 0 0 0 0 0 0 0 0 0 0 0 0 0 0 0 0 0 0 0 0 0 0 0 0 0 0 0 0 0 0 0 0 0 0 0 0
 0 0 0 0 0 0 0 0 0 0 0 0 0 0 0 0 0 0 0 0 0 0 0 0 0 0 0 0 0 0 0 0 0 0 0 0
 0 0 0 0 0 0 0 0 0 0 0 0 0 0 0 0 0 0 0 0 0 0 0 0 0 0 0 0 0 0 0 0 0 0 0 0
 0 0 0 0 0 0 0 0 0 0 0 0 0 0 0 0 0 0 0 0 0 0 0 0 0 0 0 0 0 0 0 0 0 0 0 0
 0 0 0 0 0 0 0 0 0 0 0 0 0 0 0 0 0 0 0 0 0 0 0 0 0 0 0 0 0 0 0 0 0 0 0 0
 0 0 0 0 0 0 0 0 0 0 0 0 0 0 0 0 0 0 0 0 0 0 0 0 0 0 0 0 0 0 0 0 0 0 0 0
 0 0 0 0 0 0 0 0 0 0 0 0 0 0 0 0 0 0 0 0 0 0 0 0 0 0 0 0 0 0 0 0 0 0 0 0
 0 0 0 0 0 0 0 0 0 0 0 0 0 0 0 0 0 0 0 0 0 0 0 0 0 0 0 0 0 0 0 0 0 0 0 0
 0 0 0 0 0 0 0 0 0 0 0 0 0 0 0 0 0 0 0 0 0 0 0 0 0 0 0 0 0 0 0 0 0 0 0 0
 0 0 0 0 0 0 0 0 1.78061e-05 0.00172719 0.00360574 0.0105946 0.0120993 0.0124554 0.0147524 0.0171206 0.0266825 0.0428682 0.0675386 0.121331 0.153587 0.119568 0.100827 0.0573624 0.0630603 0.0341343 0.0324427 0.0444173 0.0211091 0.0280891 0.0125444 0.00206551 0 0 0 0
 0 0 0 0 0 0 0 0 0 0 0 0 0 0 0 0 0 0 0 0 0 0 0 0 0 0 0 0 0 0 0 0 0 0 0 0
 0 0 0 0 0 0 0.0133647 0.0140871 0.0187388 0.0205184 0.03894 0.0496705 0.03968 0.0493445 0.0407372 0.0367815 0.0215668 0.0243155 0.0234873 0.0199281 0.019796 0.0243948 0.0301388 0.0376714 0.0412746 0.0863199 0.0771752 0.113111 0.0741005 0.0525337 0.0229764 0.00759418 0.00175318 0 0 0
 0 0 0 0 0 0 0 0 0 0 0.00219441 0.00772107 0.0458388 0.0604681 0.0671733 0.0775358 0.0609151 0.0617685 0.073594 0.0568108 0.0755445 0.0548602 0.0670107 0.0636378 0.0643287 0.046367 0.0373049 0.0286899 0.0247887 0.0153202 0.00654259 0.00121912 0.000365735 0 0 0
 0 0 0 0 0 0 0 0 0 0 0 0 0.000112435 0.00938835 0.0111873 0.0202946 0.0414886 0.0713402 0.111592 0.104902 0.108894 0.110636 0.117776 0.105296 0.107544 0.0401394 0.0192827 0.0124803 0.00416011 0.0028671 0.000618394 0 0 0 0 0
 0 0 0 0 0 0 0 0 0 0 0.00291406 0.0102884 0.027416 0.0768956 0.0749926 0.110853 0.0956884 0.0897413 0.0766577 0.0534642 0.0500743 0.0551293 0.0594112 0.0620874 0.0668451 0.0424026 0.0208742 0.0120726 0.0048766 0.00582813 0.00118941 0.000297354 0 0 0 0
 0 0.00264628 0.0354308 0.0461629 0.0458689 0.0383711 0.0214643 0.0164657 0.0346957 0.0420465 0.0363128 0.0245516 0.0311673 0.0291091 0.0169068 0.0133784 0.00837989 0.0085269 0.0148486 0.0160247 0.0276389 0.0546898 0.0760071 0.122758 0.109233 0.0665981 0.0333725 0.0166128 0.00676272 0.00308733 0.000882094 0 0 0 0 0
 0 0 0 0 0 0 0 0.000805153 0.000690131 0.00759144 0.0133425 0.0154129 0.00931677 0.000345066 0.00356568 0.00563607 0.00851162 0.0253048 0.0502646 0.0516448 0.0657925 0.0565908 0.0611916 0.0827007 0.0866115 0.110766 0.145733 0.0935128 0.0569358 0.0249597 0.0138026 0.00621118 0.00161031 0.00115022 0 0
 0 0 0 0 0 0 0 0 0 0 0 0 0 0 0 0 0 0 0 0 0 0 0 0 0 0 0 0 0 0 0 0 0 0 0 0
 0.00147267 0.00158595 0.00478618 0.00569244 0.00954404 0.0108468 0.00647125 0.017049 0.0510054 0.094081 0.124002 0.0959785 0.0687766 0.0820023 0.061753 0.0591476 0.0492212 0.0479892 0.0443925 0.0268479 0.0217502 0.0140895 0.0121071 0.0120363 0.00920419 0.00665534 0.0049561 0.00860946 0.00930331 0.0156896 0.0114698 0.00855282 0.00243557 0.00046729 0 2.83206e-05
 0 0 0 0 0.000772559 0.00158375 0.000888443 0.00281984 0.00712685 0.0440552 0.0773331 0.111326 0.0921469 0.0852325 0.0710754 0.0886704 0.0786465 0.0553345 0.0373146 0.0185414 0.00753245 0.00457741 0.012979 0.0271748 0.0457355 0.0583668 0.034881 0.0177882 0.00938659 0.00492506 0.0015258 0.00185414 0.000309023 5.79419e-05 3.86279e-05 0
 0 0.00173294 0.00326652 0 0.00397197 0.00683976 0.00946217 0.0152591 0.00757587 0.0136028 0.0228656 0.0392903 0.0559909 0.0764795 0.0681675 0.0726916 0.0566044 0.0477403 0.0527397 0.0444891 0.0609904 0.0582453 0.0661739 0.0445044 0.0529084 0.0360697 0.0280645 0.0235558 0.0158879 0.00826598 0.00280645 0.00217768 0.000904811 0.00058276 9.20147e-05 0
 0 0 0 0 0 0 0 0 0 0 0 0 0 0 0 0 0 0 0 0 0 0 0 0 0 0 0 0 0 0 0 0 0 0 0 0
 0 0 0 0 0 0 0 0 0 0 0 0 0 0 0 0 0 0 0 0 0 0 0 0 0 0 0 0 0 0 0 0 0 0 0 0
 0 0 0 0 0 0 0 0 0 0 0 0 0 0 0 0 0 0 0 0 0 0 0 0 0 0 0 0 0 0 0 0 0 0 0 0
 0 0 0 0 0 0 0 0 0 0 0 0 0 0 0 0 0 0 0 0 0 0 0 0 0 0 0 0 0 0 0 0 0 0 0 0
 0 0 0 0 0 0 0 0 0 0 0 0 0 0 0 0 0 0 0 0 0 0 0 0 0 0 0 0 0 0 0 0 0 0 0 0
ppred_pel_tallas
 1.00723e-16 3.535e-05 0.000207483 0.000986294 0.00379731 0.0118416 0.0299109 0.0612013 0.101447 0.136236 0.148243 0.130737 0.0935351 0.0544847 0.0262495 0.0112334 0.00555874 0.0046665 0.0057633 0.00762625 0.00976457 0.0118949 0.0137651 0.0151443 0.0158625 0.0158475 0.0151392 0.0138742 0.0122479 0.0104666 0.00870697 0.00709147 0.0056838 0.00449947 0.00352347 0.00272748
 1.00648e-16 3.35406e-05 0.000196856 0.000935762 0.00360273 0.0112348 0.0283782 0.0580657 0.0962509 0.129264 0.140669 0.124091 0.0888515 0.0519004 0.0252732 0.0112755 0.00625188 0.00589184 0.00754231 0.0100143 0.0127842 0.0154998 0.0178267 0.0194584 0.0201756 0.0198961 0.0186938 0.016775 0.0144246 0.0119379 0.00956273 0.00746456 0.00572051 0.00433498 0.00326651 0.00245437
 1.00983e-16 2.84659e-05 0.000167054 0.00079406 0.00305711 0.00953326 0.0240804 0.0492729 0.0816796 0.109707 0.119417 0.105416 0.0756382 0.0445021 0.022268 0.0109492 0.00750076 0.00830477 0.0111139 0.0148686 0.0190108 0.0230713 0.0265641 0.029036 0.0301593 0.029808 0.0280855 0.0252912 0.0218408 0.0181677 0.0146373 0.0114959 0.0088617 0.006747 0.0050971 0.00382844
 1.01426e-16 3.13987e-05 0.00018428 0.000875976 0.00337254 0.0105169 0.026565 0.0543558 0.0901018 0.121008 0.131689 0.116181 0.0832122 0.0486568 0.0237892 0.0107787 0.00621635 0.00608002 0.00789681 0.0105592 0.0135747 0.0166022 0.019308 0.0213776 0.0225737 0.0227868 0.0220554 0.0205466 0.0185069 0.0162008 0.0138568 0.011637 0.00963129 0.00787092 0.00635078 0.00505016
 1.01536e-16 3.13572e-05 0.000184036 0.000874815 0.00336807 0.010503 0.0265298 0.0542837 0.0899827 0.120848 0.131517 0.116033 0.083114 0.0486152 0.0237979 0.010831 0.00631184 0.00622384 0.00809519 0.0108143 0.0138802 0.016941 0.0196523 0.0216915 0.0228195 0.0229323 0.0220814 0.0204517 0.0183084 0.0159316 0.0135589 0.0113533 0.00939773 0.00771149 0.00627517 0.00505467
 1.02135e-16 2.5292e-05 0.000148418 0.000705457 0.00271596 0.00846937 0.0213932 0.0437748 0.0725673 0.097473 0.106115 0.0937093 0.0673155 0.0397609 0.0201848 0.0104054 0.00774796 0.00902336 0.0122449 0.0164578 0.021124 0.0257569 0.029838 0.0328754 0.034505 0.0345722 0.0331621 0.0305659 0.0271984 0.0234962 0.0198295 0.016451 0.013488 0.0109667 0.00885118 0.00708148
 1.01902e-16 3.24142e-05 0.000190246 0.000904345 0.00348178 0.0108576 0.0274255 0.0561161 0.0930185 0.124921 0.135937 0.119904 0.0858245 0.0500751 0.0242794 0.0106583 0.00567464 0.00516491 0.00657885 0.00879579 0.0113527 0.0139628 0.016356 0.0182768 0.0195269 0.0200053 0.0197251 0.0187992 0.0174029 0.0157278 0.0139414 0.0121649 0.0104704 0.00889123 0.00743904 0.00611761
 1.01529e-16 2.99175e-05 0.00017558 0.000834604 0.00321323 0.0100201 0.0253101 0.0517886 0.0858481 0.1153 0.125491 0.110744 0.0793867 0.0465579 0.0230196 0.010862 0.00685934 0.00719259 0.00950151 0.0127015 0.0162655 0.0197873 0.0228573 0.0250935 0.0262182 0.0261203 0.0248788 0.0227347 0.0200246 0.0170988 0.0142509 0.0116769 0.00946934 0.007637 0.00613822 0.00491223
 1.01188e-16 3.30846e-05 0.00019418 0.000923045 0.00355378 0.0110821 0.0279926 0.0572766 0.0949425 0.127506 0.138753 0.122394 0.0876222 0.0511538 0.0248572 0.0110029 0.00598261 0.00554521 0.00707985 0.00942702 0.0120906 0.0147487 0.0170971 0.0188531 0.0198073 0.0198691 0.0190843 0.0176159 0.0156983 0.0135795 0.0114705 0.0095173 0.00779533 0.00632292 0.00508327 0.00404517
 1.01205e-16 3.05383e-05 0.000179226 0.000851937 0.00327997 0.0102282 0.0258358 0.0528642 0.0876306 0.117693 0.128092 0.113032 0.081011 0.0474782 0.0234146 0.0109478 0.00677929 0.00700637 0.00921886 0.0123139 0.0157638 0.0191696 0.0221317 0.0242778 0.0253366 0.0251994 0.0239427 0.0218011 0.0191041 0.0161955 0.0133656 0.0108106 0.00862568 0.00682391 0.00536727 0.00419688
 1.01844e-16 2.54691e-05 0.000149457 0.000710398 0.00273498 0.0085287 0.021543 0.0440814 0.0730756 0.0981558 0.106859 0.0943654 0.0677864 0.0400381 0.0203239 0.0104741 0.00779497 0.00907423 0.0123104 0.0165408 0.0212219 0.0258624 0.0299384 0.0329532 0.0345396 0.034542 0.033048 0.0303538 0.0268817 0.0230771 0.0193186 0.0158668 0.0128545 0.0103107 0.00819989 0.00645961
 1.02507e-16 2.63483e-05 0.000154624 0.000734971 0.00282961 0.00882381 0.0222884 0.0456061 0.0756013 0.101543 0.110531 0.0975743 0.0700166 0.0412049 0.0206394 0.0101886 0.00704216 0.00786361 0.0105892 0.0142587 0.0183776 0.022532 0.026286 0.0292207 0.0310159 0.0315178 0.0307663 0.0289695 0.02644 0.0235143 0.0204842 0.017557 0.0148498 0.0124076 0.010233 0.00831158
 1.0143e-16 3.32529e-05 0.000195169 0.000927747 0.00357188 0.0111386 0.0281352 0.0575683 0.0954258 0.128154 0.139456 0.123008 0.0880494 0.0513779 0.024919 0.0109503 0.00584124 0.00531644 0.0067526 0.00898985 0.0115405 0.0140969 0.0163713 0.0180968 0.0190746 0.0192173 0.0185651 0.0172676 0.0155409 0.0136128 0.0116766 0.00986493 0.00824535 0.00683405 0.00561661 0.00456751
 1.00383e-16 3.64297e-05 0.000213822 0.00101643 0.00391335 0.0122034 0.0308249 0.0630714 0.104546 0.140398 0.152769 0.134725 0.0963787 0.0561216 0.0270007 0.0114888 0.00558426 0.00458242 0.00559878 0.00736871 0.00938481 0.0113572 0.0130324 0.0141833 0.0146493 0.0143734 0.0134154 0.011934 0.010146 0.00827529 0.00650838 0.00496868 0.00371155 0.00273641 0.00200727 0.00147329
 1.00145e-16 3.83722e-05 0.000225229 0.00107067 0.00412219 0.0128547 0.0324699 0.066437 0.110124 0.147885 0.160905 0.141875 0.10144 0.0589606 0.0281638 0.0116352 0.00514027 0.00370964 0.00430332 0.00560586 0.00712069 0.00859937 0.0098423 0.0106749 0.0109753 0.0107023 0.00990523 0.00871044 0.00728895 0.0058168 0.00444053 0.00325668 0.00230783 0.00159182 0.00107788 0.000722876
 1.0026e-16 3.45388e-05 0.000202716 0.000963624 0.00371001 0.0115693 0.0292232 0.0597947 0.0991165 0.133111 0.144853 0.127775 0.0914736 0.0534006 0.0259447 0.0114738 0.00621682 0.0057287 0.00727364 0.00962764 0.0122571 0.0148108 0.0169595 0.018405 0.0189375 0.0184848 0.0171307 0.0150906 0.0126568 0.010131 0.0077642 0.00572262 0.00408016 0.00283445 0.00193414 0.00130671
 1.00796e-16 2.96688e-05 0.000174118 0.000827649 0.00318644 0.00993658 0.0250991 0.0513571 0.0851336 0.114343 0.124455 0.109844 0.0787726 0.0462602 0.0229882 0.0110398 0.00722582 0.00776463 0.0103127 0.0137793 0.0176132 0.0213709 0.0246001 0.0268795 0.0279049 0.0275591 0.0259384 0.0233208 0.0200931 0.0166591 0.0133595 0.0104252 0.00796774 0.00600023 0.00447261 0.00330715
 1.01139e-16 3.24564e-05 0.000190491 0.000905504 0.00348623 0.0108715 0.0274605 0.0561881 0.0931387 0.125085 0.136122 0.120082 0.0859848 0.0502346 0.0244794 0.010953 0.00612267 0.00582317 0.0074945 0.00999434 0.012824 0.0156489 0.0181478 0.0200207 0.0210442 0.02112 0.0202939 0.0187364 0.0166938 0.014428 0.0121638 0.0100582 0.00819477 0.00659719 0.0052517 0.00412842
 1.01198e-16 3.12115e-05 0.000183179 0.000870736 0.00335236 0.010454 0.026406 0.0540307 0.0895637 0.120287 0.130911 0.115507 0.082759 0.0484502 0.0237965 0.0109632 0.00656997 0.00662192 0.00865582 0.0115537 0.0147961 0.0180043 0.0208038 0.0228458 0.0238757 0.0237895 0.0226559 0.020691 0.0181993 0.0154995 0.0128608 0.0104659 0.00840455 0.00669092 0.00529234 0.00415712
 1.01146e-16 3.27661e-05 0.00019231 0.00091415 0.00351952 0.0109753 0.0277228 0.0567246 0.0940278 0.126278 0.13742 0.121224 0.0867974 0.0506982 0.0246842 0.0110085 0.00610187 0.00575702 0.00738796 0.0098414 0.0126158 0.0153775 0.0178081 0.0196119 0.0205705 0.0205909 0.019724 0.0181443 0.0161009 0.0138566 0.011635 0.00958979 0.00779965 0.00628208 0.00501682 0.00396803
 1.01277e-16 3.09395e-05 0.000181582 0.000863142 0.00332312 0.0103628 0.0261757 0.0535595 0.0887827 0.119239 0.129771 0.114504 0.0820456 0.0480437 0.0236176 0.0109161 0.00659052 0.00668279 0.00875213 0.0116897 0.014978 0.018237 0.0210892 0.0231826 0.0242591 0.0242116 0.0231067 0.021159 0.0186724 0.0159658 0.013309 0.010886 0.00878829 0.00703211 0.00558739 0.0044051
 1.01586e-16 3.01169e-05 0.000176753 0.000840182 0.00323471 0.0100871 0.0254794 0.0521347 0.0864213 0.116068 0.126322 0.111467 0.0798818 0.0468016 0.023054 0.0107358 0.00659311 0.00677879 0.00892084 0.0119408 0.0153317 0.0187157 0.021714 0.0239701 0.0252185 0.0253424 0.0243969 0.0225845 0.0201977 0.0175459 0.0148936 0.0124238 0.010232 0.0083431 0.00673874 0.00538304
 1.01564e-16 3.14847e-05 0.000184785 0.000878376 0.00338178 0.0105457 0.0266378 0.0545047 0.0903487 0.121339 0.13205 0.116499 0.0834408 0.0487911 0.0238558 0.01081 0.00623474 0.00609597 0.00791246 0.0105716 0.0135773 0.0165855 0.0192608 0.0212885 0.022434 0.0225932 0.0218124 0.020267 0.0182114 0.0159146 0.0136063 0.0114449 0.00951318 0.00783301 0.00638953 0.00515373
 1.01492e-16 3.09731e-05 0.00018178 0.000864086 0.00332675 0.0103742 0.0262044 0.053618 0.0888796 0.119368 0.12991 0.114622 0.0821206 0.0480683 0.0235939 0.0108455 0.00646778 0.00649722 0.00849174 0.0113467 0.0145536 0.0177451 0.0205582 0.0226533 0.0237797 0.0238308 0.0228652 0.0210833 0.0187703 0.0162266 0.0137065 0.0113836 0.00934528 0.00760907 0.00615035 0.00492794
 1.03058e-16 1.82773e-05 0.000107225 0.000509597 0.00196181 0.00611756 0.0154528 0.0316213 0.0524262 0.0704383 0.0767334 0.0678809 0.0490203 0.0294745 0.0159239 0.00977632 0.00919456 0.0119447 0.0166047 0.0224114 0.0288006 0.0351538 0.0407754 0.0449982 0.0473247 0.0475382 0.045745 0.042329 0.0378424 0.0328688 0.0279048 0.0232925 0.0192082 0.0156947 0.0127131 0.0101926
 1.04422e-16 2.59504e-05 0.000152295 0.000723916 0.00278707 0.00869119 0.0219533 0.0449199 0.0744617 0.100006 0.108843 0.0960452 0.0688361 0.0403437 0.0199022 0.00932658 0.00582779 0.00611313 0.00816988 0.0111082 0.0145356 0.0181687 0.0217106 0.0248594 0.0273571 0.0290341 0.0298314 0.0297909 0.0290242 0.0276723 0.0258721 0.0237396 0.0213703 0.0188486 0.0162588 0.0136897
 1.02905e-16 3.04917e-05 0.000178957 0.000850668 0.0032751 0.0102131 0.0257975 0.0527853 0.0874986 0.117512 0.127884 0.112824 0.0808074 0.0472497 0.0230999 0.0104648 0.00603499 0.00590642 0.00768103 0.0102886 0.0132582 0.0162679 0.0190043 0.0211721 0.0225487 0.0230312 0.0226537 0.0215669 0.0199902 0.0181527 0.0162448 0.0143913 0.0126512 0.0110351 0.00952977 0.00811962
pSPR Fmed_Fpbrs
0.51898   0.6 0.325
Fs Fmed_Fpbrs
0.64   0.452669 1.55534
SSBpbr Bo_Bmed_Bpbrs
923978  433328  508188 254094
Ro
37049.1
SPR SPRFo_SPRFmed_SPRFpbrs
765221 397135 248697
log_Ro
10.34
likeval ReclasPelacesDesembMPH_pf_preclas_ppelaces_ptallas_desvR_qrecl_qpela
 64.7118 14.7573 0.0110234 19.8822 330.062 210.345 55.307 0 17.0153 2.6398e-06 5.89617e-05 8.24671e-15 0 0 0
q_reclas_q_pelaces
0.794348 2.98154
M
0.7
N
 37522.8 10510.1 3389.5 397.087 0.243318
 44820.4 16817.6 2602.76 618.931 70.8609
 23159.1 20338.2 4529.26 536.207 139.172
 32346.3 9883.43 3611.72 512.7 73.8018
 55600.6 15553.9 3944.84 1310.06 211.158
 40137 27448.8 7422.09 1849.86 712.376
 76547.3 18800.3 9168.86 2084.06 709.7
 75786.7 36607 7230.06 3152.67 952.215
 106399 35003.1 11115.3 1769.88 988.017
 115491 48816.7 10160.1 2550.31 621.137
 64157.6 54265.5 16655.7 2941.13 906.327
 44320.3 28751 13425.3 3037.08 684.972
 45409.5 20070.7 7637.82 2711.88 735.904
 25956 19354.4 3533.58 853.914 371.991
 15648.7 9428.96 1151.88 83.0566 26.7824
 12901.4 5562.38 484.176 21.8984 1.93149
 9105.15 5625.44 1142.9 67.5963 3.22838
 11725.3 4080.13 1391.34 208.317 12.6069
 13733.3 5401.05 1216.63 331.834 51.7835
 20462.3 6430.08 1799.16 340.267 105.836
 27998.2 9591.32 2158.12 508.66 124.436
 37253.5 13539.8 3978.87 827.469 241.25
 57030.6 17924 5425.7 1451.48 387.004
 79103.8 27299.8 6938.07 1883.14 632.666
 33888.7 37895.8 10623.9 2426.62 872.57
 48225.7 16334.8 15374.5 3945.06 1216.63
 72715.5 23253.9 6643.6 5729.59 1910.45
pred_Ctot
 2645.15 3941.69 1630.05 193.797 0.118844
 2793.55 5731.39 1150.88 277.974 31.8513
 2362.38 9951.95 2726.02 326.557 84.8105
 738.257 1412.47 712.916 103.27 14.8814
 234.184 437.981 158.51 53.8502 8.69017
 1643.74 6610.2 2396.14 608.045 234.38
 2039.47 3094.97 2071.38 480.208 163.7
 3826.98 10520.8 2744.32 1217.03 367.916
 5847.82 10784.3 4492.23 727.109 406.254
 4483.11 11225.2 3142.69 803.372 195.854
 4528.85 20372.6 8017.06 1436.68 443.067
 2821.73 9963.79 6024.83 1384.14 312.431
 4668.4 9872.61 4616.56 1658.5 450.334
 5102.26 13686.6 2806.52 682.283 297.317
 3260.46 6835.94 930.379 67.4559 21.7581
 1139.87 2464.53 268.473 12.3015 1.08577
 642.976 2112.55 550.264 33.0277 1.57863
 613.183 1206.98 542.095 82.5292 4.99891
 566.238 1308.26 394.89 109.656 17.1284
 828.19 1532.9 575.429 110.809 34.499
 527.451 1147.29 358.991 86.3864 21.1565
 835.059 1903.14 772.985 164.048 47.8801
 1481.42 2883.5 1199.17 327.224 87.3389
 2011.42 4307.34 1505.32 416.786 140.173
 716.426 5046.04 1959.48 456.815 164.441
 1007.14 2150.6 2805.01 734.651 226.808
 2209.07 4308.66 1678.8 1476.01 492.659
F
 0.102525 0.695767 1.00045 1.02405 1.02532
 0.0901617 0.611867 0.879806 0.900562 0.901681
 0.151528 1.02832 1.47862 1.5135 1.51539
 0.0321898 0.21845 0.314111 0.321521 0.321921
 0.00587189 0.0398486 0.0572984 0.0586502 0.0587231
 0.0584276 0.396509 0.570142 0.583592 0.584318
 0.0376676 0.255625 0.367564 0.376235 0.376703
 0.0724872 0.491922 0.707337 0.724024 0.724924
 0.0791245 0.536965 0.772104 0.790319 0.791302
 0.0553055 0.375321 0.539676 0.552408 0.553094
 0.102669 0.696747 1.00186 1.02549 1.02677
 0.0921798 0.625562 0.899498 0.920719 0.921863
 0.1528 1.03695 1.49104 1.52621 1.52811
 0.312617 2.12152 3.05055 3.12251 3.12639
 0.334363 2.26909 3.26274 3.33971 3.34386
 0.130035 0.882461 1.2689 1.29883 1.30044
 0.102711 0.69703 1.00226 1.02591 1.02718
 0.0751571 0.510041 0.73339 0.750692 0.751625
 0.0588346 0.399271 0.574114 0.587658 0.588388
 0.0577262 0.391749 0.563298 0.576587 0.577304
 0.0265034 0.17986 0.258622 0.264723 0.265052
 0.0316062 0.21449 0.308417 0.315693 0.316085
 0.0367086 0.249117 0.358206 0.366656 0.367112
 0.0359214 0.243774 0.350524 0.358793 0.359239
 0.0297846 0.202128 0.290641 0.297498 0.297868
 0.0294183 0.199642 0.287066 0.293838 0.294204
 0.0430514 0.292161 0.4201 0.430011 0.430545
Np
 26630 12638.9 12633.5 2752.9 901.159
YTP_r0W_actual
 19025.4 97231.3 54934.4 61669 22842
YTP_p0W_proyectada
 6967.5 144622 71293 23328.9 29273.8
 6967.5 52846.8 104463 29630.1 10774.6
CTP_r0_actual
 2320.17 4501.45 1749.5 1537.88 513.304
CTP_p0_proyectada
 849.696 6695.46 2270.48 581.767 657.837
 849.696 2446.61 3326.86 738.906 242.125
Wmedp
 8.2 21.6 31.4 40.1 44.5
nmprior
 10.8 10.6 4.6 0
nm_flota  nm_reclas  nm_pelaces    nm_pelaL
inf 20.2019 17.5103 55.0317
cv_recla  cv_pelaces  cv_mph
0.696663 0.420817 0.595852
 ------------------------------------------------
Talla a la edad & desviaci?n 
 7.2 14.2025 17.0495 18.207 18.6776
 1.08 2.13037 2.55742 2.73105 2.80164
