years
 1997 1998 1999 2000 2001 2002 2003 2004 2005 2006 2007 2008 2009 2010 2011 2012 2013 2014 2015 2016 2017 2018 2019 2020 2021 2022 2023
reclasobs
 0 0 0 370054 412103 1.49427e+06 250295 1.28982e+06 931140 785840 897777 1.04006e+06 184774 17550 25797 100020 73551 82996 120727 218422 84188 347160 605670 569463 516374 1.08416e+06 1.01767e+06
reclaspred
 467895 130398 405024 277635 381288 454515 980725 663046 755932 702343 565260 378286 227410 99745.2 67672.5 66612 78157.2 109187 123387 176831 261023 248849 438273 583229 719428 690268 697310
pelacesobs
 0 0 0 0 0 0 0 0 0 2.06254e+06 1.5e+06 0 1.87456e+06 323000 250000 174000 83755 137374 0 501740 490994 745055 786931 1.00524e+06 1.33801e+06 1.41789e+06 0
pelacespred
 1.8907e+06 438832 835799 878990 1.04871e+06 990233 2.54072e+06 2.07259e+06 2.135e+06 1.97421e+06 1.38673e+06 955946 575795 202589 143012 149710 184339 263911 297907 426075 712348 641222 930493 1.41598e+06 1.69021e+06 1.79137e+06 1.73479e+06
mphobs
 0 0 0 0 0 0 112323 0 153150 637223 0 255016 313432 73983 77613 109348 50772 17779 17303 59886 28197 0 207744 136588 643089 65757 70829
mphpred
 151015 94569.1 116855 140373 140052 207338 309972 363644 318237 331192 307414 212913 125960 106365 46771.1 40765.2 45136.8 61917.5 28761.9 33458.6 53040.1 65869.7 83567.7 125235 168554 171906 160433
desembarqueobs
 350755 77701 442110 56441 14545 235359 269955 359681 431902 328805 639364 411747 362871 311530 167758 66681 60226 58785 57116 73181 50977 67692 138656 160484 209506 203330 245020
desembarquepred
 350767 77705.3 442163 56444.1 14545.2 235429 269999 359709 431956 328852 639608 411995 363265 311955 167759 66698.8 60259.7 58788.1 57109.6 73183.8 50978.5 67685.8 138662 160493 209511 203332 245014
Reclutas
 51859.5 63105.5 37096.4 51920.6 85938.1 63562.7 106647 102516 131462 127532 65860.1 41616.8 43042.7 24474.8 17339.8 16929.5 12769.4 16446.5 19808.3 31235.2 41196.6 55946.4 87051 119419 50752.6 73608.3 120467
log_desv_Rt
 0.0362943 0.232562 -0.298725 0.0374711 0.541383 0.239783 0.757282 0.717775 0.966477 0.936124 0.275289 -0.183741 -0.150051 -0.714599 -1.05924 -1.08319 -1.36519 -1.11213 -0.926144 -0.470699 -0.193888 0.112149 0.55425 0.870395 0.0147177 0.386513 0.879133
SSB
 626849 392548 485055 582677 581343 860641 1.25455e+06 1.49451e+06 1.29437e+06 1.34887e+06 1.27605e+06 883783 538713 275630 126154 110386 126659 166346 216541 263820 397707 482105 627633 901127 1.31875e+06 1.38004e+06 1.21647e+06
BT
 2.1618e+06 565660 1.06721e+06 929724 1.04881e+06 1.16684e+06 2.69751e+06 2.45712e+06 2.5069e+06 2.26943e+06 1.9486e+06 1.32424e+06 924159 495619 280835 202665 231556 308169 343094 480130 746359 697691 1.01565e+06 1.53133e+06 1.83371e+06 1.9501e+06 1.92529e+06
Ftot
 0.50033 0.393818 0.579344 0.114908 0.0239423 0.24903 0.160373 0.311152 0.345977 0.265319 0.546381 0.51518 0.834906 1.54602 1.52952 0.592077 0.452455 0.320927 0.253307 0.249057 0.11551 0.14729 0.169268 0.161101 0.13753 0.144679 0.192866
BD_Bspro_t
 0.940994 0.738803 0.697084 0.56524 0.684924 0.807992 0.769614 0.779229 0.724269 0.692094 0.655326 0.495833 0.380167 0.267549 0.158932 0.169691 0.250062 0.382843 0.505675 0.611431 0.722946 0.805169 0.818336 0.825278 0.837375 0.801825 0.780341
BD_Bspro
 0.606859 0.380029 0.469587 0.564095 0.562804 0.833195 1.21454 1.44685 1.25309 1.30585 1.23535 0.855599 0.521534 0.26684 0.122131 0.106866 0.122619 0.161041 0.209636 0.255406 0.385024 0.46673 0.607618 0.87239 1.27669 1.33603 1.17767
BD_Bo
 0.350605 0.219557 0.271298 0.325899 0.325153 0.481369 0.701686 0.835898 0.723958 0.754441 0.713711 0.494312 0.30131 0.154164 0.0705596 0.0617407 0.0708419 0.0930395 0.121115 0.147558 0.222443 0.269648 0.351044 0.504013 0.737595 0.771877 0.680387
BD_Brms
 0.637464 0.399195 0.493269 0.592544 0.591188 0.875216 1.27579 1.51981 1.31629 1.37171 1.29766 0.898749 0.547836 0.280298 0.12829 0.112256 0.128803 0.169163 0.220208 0.268287 0.404441 0.490269 0.638261 0.916387 1.34108 1.40341 1.23707
S_f
 0.174017 1 1 1 1
 0.174017 1 1 1 1
 0.174017 1 1 1 1
 0.174017 1 1 1 1
 0.174017 1 1 1 1
 0.174017 1 1 1 1
 0.174017 1 1 1 1
 0.174017 1 1 1 1
 0.174017 1 1 1 1
 0.174017 1 1 1 1
 0.174017 1 1 1 1
 0.174017 1 1 1 1
 0.174017 1 1 1 1
 0.174017 1 1 1 1
 0.174017 1 1 1 1
 0.174017 1 1 1 1
 0.174017 1 1 1 1
 0.174017 1 1 1 1
 0.174017 1 1 1 1
 0.174017 1 1 1 1
 0.174017 1 1 1 1
 0.174017 1 1 1 1
 0.174017 1 1 1 1
 0.174017 1 1 1 1
 0.174017 1 1 1 1
 0.174017 1 1 1 1
 0.174017 1 1 1 1
Scru_reclas
 0.853127 1 1 1 1
 0.853127 1 1 1 1
 0.853127 1 1 1 1
 0.853127 1 1 1 1
 0.853127 1 1 1 1
 0.853127 1 1 1 1
 0.853127 1 1 1 1
 0.853127 1 1 1 1
 0.853127 1 1 1 1
 0.853127 1 1 1 1
 0.853127 1 1 1 1
 0.853127 1 1 1 1
 0.853127 1 1 1 1
 0.853127 1 1 1 1
 0.853127 1 1 1 1
 0.853127 1 1 1 1
 0.853127 1 1 1 1
 0.853127 1 1 1 1
 0.853127 1 1 1 1
 0.853127 1 1 1 1
 0.853127 1 1 1 1
 0.853127 1 1 1 1
 0.853127 1 1 1 1
 0.853127 1 1 1 1
 0.853127 1 1 1 1
 0.853127 1 1 1 1
 0.853127 1 1 1 1
Scru_pelaces
 1 1 1 1 1
 1 1 1 1 1
 1 1 1 1 1
 1 1 1 1 1
 1 1 1 1 1
 1 1 1 1 1
 1 1 1 1 1
 1 1 1 1 1
 1 1 1 1 1
 1 1 1 1 1
 1 1 1 1 1
 1 1 1 1 1
 1 1 1 1 1
 1 1 1 1 1
 1 1 1 1 1
 1 1 1 1 1
 1 1 1 1 1
 1 1 1 1 1
 1 1 1 1 1
 1 1 1 1 1
 1 1 1 1 1
 1 1 1 1 1
 1 1 1 1 1
 1 1 1 1 1
 1 1 1 1 1
 1 1 1 1 1
 1 1 1 1 1
pf_obs 
 0.256992 0.487395 0.22802 0.0275931 0
 0.321318 0.546541 0.124235 0.00734118 0.000564706
 0.182869 0.594174 0.210203 0.0122559 0.00049798
 0.330522 0.361315 0.267642 0.0388342 0.00168674
 0.649043 0.306663 0.0425973 0.00169635 0
 0.582887 0.30429 0.105238 0.00758474 0
 0.465427 0.430635 0.0974691 0.00646863 0
 0.296916 0.608066 0.0921331 0.00288517 0
 0.311714 0.524322 0.152257 0.0117073 0
 0.15457 0.633149 0.183074 0.0267441 0.00246327
 0.131901 0.49318 0.331252 0.0422183 0.00144891
 0.196976 0.569456 0.194076 0.0375587 0.00193317
 0.518974 0.381816 0.0799577 0.0180837 0.00116848
 0.0928022 0.601141 0.25162 0.0475244 0.00691264
 0.122501 0.610282 0.24278 0.0234846 0.000952079
 0.383417 0.481906 0.127806 0.00687128 0
 0.0376549 0.599619 0.316969 0.0457579 0
 0.0361596 0.667082 0.258105 0.0386534 0
 0.158088 0.579412 0.248529 0.0139706 0
 0.0477256 0.309471 0.559284 0.082774 0.000745712
 0.0406174 0.521527 0.379366 0.0568643 0.0016247
 0.151134 0.462217 0.34131 0.0453401 0
 0.294876 0.26143 0.354403 0.0886775 0.000613685
 0.281977 0.475581 0.204845 0.0348837 0.00271318
 0.0841818 0.532909 0.334909 0.0458182 0.00218182
 0.115287 0.27431 0.454777 0.147771 0.00785563
 0 0 0 0 0
pf_pred 
 0.356765 0.454474 0.168869 0.0198813 1.09223e-05
 0.299847 0.56159 0.0979004 0.0363769 0.00428508
 0.167545 0.622695 0.168248 0.0293301 0.012182
 0.254828 0.45067 0.220294 0.0595218 0.0146859
 0.287079 0.480934 0.140303 0.0685822 0.0231024
 0.166121 0.584196 0.168435 0.0491378 0.0321103
 0.267941 0.41198 0.224239 0.0646528 0.0311865
 0.211521 0.547126 0.135826 0.0739299 0.0315974
 0.255649 0.477176 0.185393 0.0460247 0.0357578
 0.217162 0.547442 0.150903 0.0586291 0.0258631
 0.12832 0.561075 0.217207 0.0598735 0.0335238
 0.132275 0.454687 0.265861 0.102922 0.0442555
 0.216817 0.414145 0.193376 0.113069 0.0625938
 0.207386 0.559548 0.123245 0.0575464 0.0522752
 0.286146 0.54982 0.1158 0.0255059 0.022728
 0.313624 0.573612 0.0868518 0.0182923 0.00761923
 0.210511 0.613914 0.14673 0.0222167 0.00662818
 0.263857 0.482527 0.197214 0.0471358 0.00926617
 0.256284 0.524825 0.143479 0.0586414 0.016771
 0.303457 0.480964 0.15213 0.0415898 0.0218596
 0.270757 0.538083 0.131996 0.0417505 0.0174131
 0.261719 0.511218 0.167542 0.0410994 0.0184217
 0.289577 0.487164 0.154594 0.0506654 0.0179994
 0.273352 0.521103 0.14095 0.0447283 0.0198666
 0.101217 0.628936 0.193516 0.052343 0.0239879
 0.182926 0.333599 0.338318 0.104097 0.04106
 0.267379 0.424325 0.125873 0.127653 0.05477
pobs_RECLAS
 0 0 0 0 0
 0 0 0 0 0
 0 0 0 0 0
 0 0 0 0 0
 0.835266 0.146461 0.0176864 0.000547809 3.91292e-05
 0.385257 0.428462 0.181853 0.0044286 0
 0.867414 0.0963971 0.0333333 0.00285562 0
 0.441836 0.489002 0.0689373 0.000224442 0
 0.779404 0.147425 0.0564933 0.0165055 0.000172143
 0.814271 0.122319 0.05973 0.00367925 0
 0.40263 0.566651 0.0304383 0.000280538 0
 0.475488 0.404961 0.113038 0.00651328 0
 0.955842 0.0263864 0.0167828 0.000988607 0
 0.975058 0.0227948 0.00214734 0 0
 0.738997 0.206755 0.0527124 0.00153531 0
 0.850938 0.134255 0.0134407 0.00136685 0
 0.542534 0.407297 0.0501686 0 0
 0.764087 0.199537 0.0359546 0.000420521 0
 0.470689 0.182191 0.310203 0.0369168 0
 0.84361 0.089868 0.0606195 0.00523954 0.000663233
 0.607945 0.314616 0.071237 0.00620181 0
 0.523733 0.453247 0.0230204 0 0
 0.530135 0.295979 0.169645 0.0042399 0
 0.562478 0.366248 0.0663022 0.0049721 0
 0.250443 0.683176 0.0655157 0.000865301 0
 0.195077 0.31981 0.436473 0.0351445 0.0134964
 0.565238 0.351407 0.0832357 0.000118908 0
ppred_RECLAS
 0.737685 0.185337 0.0688657 0.00810771 4.45417e-06
 0.682786 0.254436 0.0443552 0.0164811 0.00194142
 0.506834 0.368899 0.0996738 0.0173758 0.00721688
 0.627789 0.225108 0.110036 0.029731 0.00733559
 0.66403 0.226644 0.0661189 0.0323199 0.0108872
 0.497679 0.351914 0.101464 0.0296002 0.019343
 0.64413 0.200273 0.109008 0.0314291 0.0151605
 0.57264 0.296545 0.0736187 0.0400704 0.017126
 0.632338 0.235695 0.0915724 0.0227333 0.0176621
 0.580034 0.293684 0.0809545 0.0314526 0.0138747
 0.428389 0.36793 0.142436 0.0392626 0.0219835
 0.436274 0.295392 0.172719 0.0668642 0.028751
 0.591978 0.21576 0.100745 0.0589066 0.03261
 0.60161 0.281245 0.0619462 0.0289245 0.026275
 0.697651 0.232873 0.0490466 0.0108029 0.00962631
 0.700235 0.250517 0.0379313 0.00798891 0.00332759
 0.573833 0.331391 0.0792051 0.0119926 0.0035779
 0.641781 0.234805 0.0959676 0.022937 0.00450906
 0.631581 0.259986 0.0710759 0.0290495 0.00830797
 0.684212 0.218052 0.0689701 0.0188553 0.00991035
 0.646803 0.260612 0.0639302 0.0202212 0.00843374
 0.636589 0.251641 0.0824708 0.0202307 0.00906787
 0.668527 0.227304 0.0721314 0.0236397 0.00839826
 0.650399 0.250711 0.0678131 0.0215195 0.00955812
 0.357392 0.449674 0.13836 0.037424 0.0171508
 0.525189 0.193858 0.1966 0.0604917 0.0238604
 0.643932 0.20623 0.0611765 0.0620418 0.0266193
pobs_PELACES
 0 0 0 0 0
 0 0 0 0 0
 0 0 0 0 0
 0 0 0 0 0
 0 0 0 0 0
 0 0 0 0 0
 0 0 0 0 0
 0 0 0 0 0
 0 0 0 0 0
 0 0 0 0 0
 0.450072 0.473896 0.0757376 0.000293798 0
 0 0 0 0 0
 0.463077 0.371075 0.160297 0.00555027 0
 0.529543 0.364841 0.0842815 0.0213345 0
 0.631943 0.363953 0.00410389 0 0
 0.735681 0.248677 0.0153453 0.000297389 0
 0.695825 0.281241 0.0229344 0 0
 0.275771 0.60734 0.115278 0.00161068 0
 0 0 0 0 0
 0.896147 0.0623911 0.0374545 0.00400742 0
 0.803859 0.145111 0.0509908 3.86294e-05 0
 0.739449 0.233085 0.0266225 0.000797448 4.60066e-05
 0.878498 0.100942 0.0204185 0.000141795 0
 0.694673 0.275183 0.0284847 0.00165964 0
 0.469039 0.446079 0.0841089 0.000773354 0
 0.822795 0.102175 0.0682046 0.00682512 0
 0 0 0 0 0
ppred_PELACES
 0.790708 0.147874 0.0549456 0.00646887 3.55383e-06
 0.737458 0.210584 0.0367106 0.0136406 0.00160682
 0.585186 0.31029 0.0838381 0.0146152 0.0060703
 0.671044 0.198948 0.0972489 0.0262759 0.00648311
 0.69987 0.202466 0.0590656 0.0288721 0.0097258
 0.554147 0.312354 0.090058 0.0262727 0.0171685
 0.689096 0.174967 0.0952341 0.0274579 0.0132449
 0.630949 0.256085 0.0635742 0.0346032 0.0147893
 0.688992 0.199376 0.0774618 0.0192302 0.0149405
 0.635081 0.255189 0.0703433 0.0273299 0.012056
 0.504837 0.318722 0.123386 0.0340115 0.0190434
 0.510742 0.256371 0.149903 0.0580315 0.024953
 0.681043 0.168663 0.0787536 0.0460481 0.0254917
 0.729567 0.190913 0.04205 0.0196343 0.0178358
 0.804064 0.150912 0.0317844 0.00700076 0.00623829
 0.762901 0.198146 0.0300018 0.00631883 0.00263196
 0.640994 0.279166 0.0667229 0.0101027 0.00301405
 0.696234 0.199113 0.0813796 0.0194504 0.00382364
 0.682849 0.223807 0.0611851 0.0250071 0.00715185
 0.731045 0.185714 0.0587415 0.016059 0.0084406
 0.688978 0.229492 0.0562962 0.0178066 0.00742667
 0.681264 0.220707 0.0723325 0.0177437 0.00795315
 0.712287 0.197296 0.0626089 0.0205189 0.00728956
 0.69499 0.218733 0.0591636 0.0187747 0.008339
 0.403628 0.417319 0.128404 0.0347313 0.0159167
 0.574229 0.173836 0.176295 0.054244 0.0213961
 0.690806 0.179081 0.053123 0.0538745 0.023115
pobs_pel_tallas
 0 0 0 0 0 0 0 0 0 0 0 0 0 0 0 0 0 0 0 0 0 0 0 0 0 0 0 0 0 0 0 0 0 0 0 0
 0 0 0 0 0 0 0 0 0 0 0 0 0 0 0 0 0 0 0 0 0 0 0 0 0 0 0 0 0 0 0 0 0 0 0 0
 0 0 0 0 0 0 0 0 0 0 0 0 0 0 0 0 0 0 0 0 0 0 0 0 0 0 0 0 0 0 0 0 0 0 0 0
 0 0 0 0 0 0 0 0 0 0 0 0 0 0 0 0 0 0 0 0 0 0 0 0 0 0 0 0 0 0 0 0 0 0 0 0
 0 0 0 0 0 0 0 0 0 0 0 0 0 0 0 0 0 0 0 0 0 0 0 0 0 0 0 0 0 0 0 0 0 0 0 0
 0 0 0 0 0 0 0 0 0 0 0 0 0 0 0 0 0 0 0 0 0 0 0 0 0 0 0 0 0 0 0 0 0 0 0 0
 0 0 0 0 0 0 0 0 0 0 0 0 0 0 0 0 0 0 0 0 0 0 0 0 0 0 0 0 0 0 0 0 0 0 0 0
 0 0 0 0 0 0 0 0 0 0 0 0 0 0 0 0 0 0 0 0 0 0 0 0 0 0 0 0 0 0 0 0 0 0 0 0
 0 0 0 0 0 0 0 0 0 0 0 0 0 0 0 0 0 0 0 0 0 0 0 0 0 0 0 0 0 0 0 0 0 0 0 0
 0 0 0 0 0 0 0 0 0 0 0 0 0 0 0 0 0 0 0 0 0 0 0 0 0 0 0 0 0 0 0 0 0 0 0 0
 0 0 0 0 0 0 0 0 1.78061e-05 0.00172719 0.00360574 0.0105946 0.0120993 0.0124554 0.0147524 0.0171206 0.0266825 0.0428682 0.0675386 0.121331 0.153587 0.119568 0.100827 0.0573624 0.0630603 0.0341343 0.0324427 0.0444173 0.0211091 0.0280891 0.0125444 0.00206551 0 0 0 0
 0 0 0 0 0 0 0 0 0 0 0 0 0 0 0 0 0 0 0 0 0 0 0 0 0 0 0 0 0 0 0 0 0 0 0 0
 0 0 0 0 0 0 0.0133647 0.0140871 0.0187388 0.0205184 0.03894 0.0496705 0.03968 0.0493445 0.0407372 0.0367815 0.0215668 0.0243155 0.0234873 0.0199281 0.019796 0.0243948 0.0301388 0.0376714 0.0412746 0.0863199 0.0771752 0.113111 0.0741005 0.0525337 0.0229764 0.00759418 0.00175318 0 0 0
 0 0 0 0 0 0 0 0 0 0 0.00219441 0.00772107 0.0458388 0.0604681 0.0671733 0.0775358 0.0609151 0.0617685 0.073594 0.0568108 0.0755445 0.0548602 0.0670107 0.0636378 0.0643287 0.046367 0.0373049 0.0286899 0.0247887 0.0153202 0.00654259 0.00121912 0.000365735 0 0 0
 0 0 0 0 0 0 0 0 0 0 0 0 0.000112435 0.00938835 0.0111873 0.0202946 0.0414886 0.0713402 0.111592 0.104902 0.108894 0.110636 0.117776 0.105296 0.107544 0.0401394 0.0192827 0.0124803 0.00416011 0.0028671 0.000618394 0 0 0 0 0
 0 0 0 0 0 0 0 0 0 0 0.00291406 0.0102884 0.027416 0.0768956 0.0749926 0.110853 0.0956884 0.0897413 0.0766577 0.0534642 0.0500743 0.0551293 0.0594112 0.0620874 0.0668451 0.0424026 0.0208742 0.0120726 0.0048766 0.00582813 0.00118941 0.000297354 0 0 0 0
 0 0.00264628 0.0354308 0.0461629 0.0458689 0.0383711 0.0214643 0.0164657 0.0346957 0.0420465 0.0363128 0.0245516 0.0311673 0.0291091 0.0169068 0.0133784 0.00837989 0.0085269 0.0148486 0.0160247 0.0276389 0.0546898 0.0760071 0.122758 0.109233 0.0665981 0.0333725 0.0166128 0.00676272 0.00308733 0.000882094 0 0 0 0 0
 0 0 0 0 0 0 0 0.000805153 0.000690131 0.00759144 0.0133425 0.0154129 0.00931677 0.000345066 0.00356568 0.00563607 0.00851162 0.0253048 0.0502646 0.0516448 0.0657925 0.0565908 0.0611916 0.0827007 0.0866115 0.110766 0.145733 0.0935128 0.0569358 0.0249597 0.0138026 0.00621118 0.00161031 0.00115022 0 0
 0 0 0 0 0 0 0 0 0 0 0 0 0 0 0 0 0 0 0 0 0 0 0 0 0 0 0 0 0 0 0 0 0 0 0 0
 0.00147267 0.00158595 0.00478618 0.00569244 0.00954404 0.0108468 0.00647125 0.017049 0.0510054 0.094081 0.124002 0.0959785 0.0687766 0.0820023 0.061753 0.0591476 0.0492212 0.0479892 0.0443925 0.0268479 0.0217502 0.0140895 0.0121071 0.0120363 0.00920419 0.00665534 0.0049561 0.00860946 0.00930331 0.0156896 0.0114698 0.00855282 0.00243557 0.00046729 0 2.83206e-05
 0 0 0 0 0.000772559 0.00158375 0.000888443 0.00281984 0.00712685 0.0440552 0.0773331 0.111326 0.0921469 0.0852325 0.0710754 0.0886704 0.0786465 0.0553345 0.0373146 0.0185414 0.00753245 0.00457741 0.012979 0.0271748 0.0457355 0.0583668 0.034881 0.0177882 0.00938659 0.00492506 0.0015258 0.00185414 0.000309023 5.79419e-05 3.86279e-05 0
 0 0.00173294 0.00326652 0 0.00397197 0.00683976 0.00946217 0.0152591 0.00757587 0.0136028 0.0228656 0.0392903 0.0559909 0.0764795 0.0681675 0.0726916 0.0566044 0.0477403 0.0527397 0.0444891 0.0609904 0.0582453 0.0661739 0.0445044 0.0529084 0.0360697 0.0280645 0.0235558 0.0158879 0.00826598 0.00280645 0.00217768 0.000904811 0.00058276 9.20147e-05 0
 0 0 0 0 0 0 0 0 0 0 0 0 0 0 0 0 0 0 0 0 0 0 0 0 0 0 0 0 0 0 0 0 0 0 0 0
 0 0 0 0 0 0 0 0 0 0 0 0 0 0 0 0 0 0 0 0 0 0 0 0 0 0 0 0 0 0 0 0 0 0 0 0
 0 0 0 0 0 0 0 0 0 0 0 0 0 0 0 0 0 0 0 0 0 0 0 0 0 0 0 0 0 0 0 0 0 0 0 0
 0 0 0 0 0 0 0 0 0 0 0 0 0 0 0 0 0 0 0 0 0 0 0 0 0 0 0 0 0 0 0 0 0 0 0 0
 0 0 0 0 0 0 0 0 0 0 0 0 0 0 0 0 0 0 0 0 0 0 0 0 0 0 0 0 0 0 0 0 0 0 0 0
ppred_pel_tallas
 1.01051e-16 3.44973e-05 0.000202477 0.000962496 0.00370568 0.0115558 0.0291891 0.0597245 0.098999 0.13295 0.144668 0.127588 0.0912886 0.0531904 0.0256531 0.0110262 0.00552984 0.00471959 0.00587407 0.00780345 0.0100306 0.0122781 0.0142957 0.0158509 0.0167674 0.0169619 0.0164591 0.0153779 0.0138961 0.0122054 0.0104729 0.00881856 0.00731092 0.0059766 0.00481607 0.00381816
 1.01134e-16 3.21779e-05 0.000188854 0.000897718 0.00345625 0.010778 0.0272244 0.055705 0.0923384 0.124011 0.134958 0.119065 0.0852783 0.0498651 0.0243795 0.0110431 0.00635984 0.00620302 0.00803154 0.0107013 0.0136969 0.016659 0.0192385 0.0211124 0.0220458 0.0219442 0.0208741 0.0190384 0.0167219 0.0142214 0.0117868 0.00958636 0.00770091 0.00614052 0.00487175 0.00384394
 1.02078e-16 2.55423e-05 0.000149888 0.000712448 0.00274288 0.00855333 0.0216052 0.0442086 0.073286 0.0984374 0.107162 0.0946269 0.0679597 0.0401113 0.0203074 0.0103791 0.00762053 0.00880817 0.0119369 0.0160494 0.0206152 0.025161 0.0291832 0.0322027 0.0338621 0.0340054 0.0327078 0.0302436 0.0270083 0.0234208 0.0198386 0.0165092 0.0135617 0.0110292 0.00888599 0.00708211
 1.02652e-16 2.92816e-05 0.000171851 0.000816886 0.00314503 0.00980745 0.0247729 0.050689 0.0840242 0.112847 0.122812 0.108358 0.0776303 0.045435 0.0222938 0.0102393 0.00610391 0.00614887 0.00807904 0.0108691 0.0140616 0.0173334 0.0203609 0.0228314 0.0244994 0.025235 0.0250448 0.0240554 0.0224692 0.0205092 0.0183717 0.0162007 0.0140845 0.012069 0.0101769 0.00842377
 1.02352e-16 3.05386e-05 0.000179231 0.000851969 0.00328011 0.0102287 0.0258369 0.0528661 0.0876327 0.117692 0.128083 0.113003 0.0809456 0.0473498 0.0231848 0.0105638 0.00617549 0.0061116 0.00796955 0.0106727 0.0137401 0.016836 0.0196305 0.0218124 0.023147 0.023526 0.0229863 0.0216896 0.0198729 0.0177865 0.0156421 0.0135839 0.0116857 0.00996684 0.00841729 0.00701868
 1.03086e-16 2.41889e-05 0.000141942 0.000674672 0.00259743 0.00809976 0.0204596 0.0418645 0.0694008 0.0932206 0.101488 0.0896285 0.0643961 0.0380607 0.0193673 0.0100601 0.00758804 0.00890838 0.012128 0.0163388 0.0210284 0.02573 0.0299416 0.0331834 0.0350942 0.0355107 0.0344971 0.0323134 0.0293379 0.0259707 0.0225517 0.0193135 0.0163761 0.0137705 0.0114765 0.00945661
 1.02972e-16 3.00677e-05 0.000176469 0.000838844 0.00322958 0.0100711 0.0254389 0.0520515 0.0862819 0.115876 0.126102 0.111244 0.0796618 0.046551 0.0227056 0.0101998 0.00576853 0.00556418 0.00723022 0.009727 0.012613 0.0155978 0.0183975 0.0207371 0.0223975 0.0232572 0.0233111 0.0226561 0.0214542 0.0198857 0.0181101 0.0162449 0.0143643 0.0125114 0.0107142 0.0089986
 1.02866e-16 2.75354e-05 0.000161595 0.000768115 0.00295723 0.00922179 0.0232936 0.0476628 0.0790098 0.106118 0.115505 0.101949 0.07312 0.0429596 0.0213847 0.0103343 0.00685642 0.00745179 0.00995774 0.0133758 0.017208 0.0210547 0.0245032 0.0271627 0.0287409 0.0291076 0.0283185 0.0265883 0.024226 0.0215557 0.018849 0.0162883 0.0139621 0.0118875 0.0100415 0.00839068
 1.02524e-16 3.00641e-05 0.000176446 0.000838729 0.00322913 0.0100697 0.0254353 0.0520444 0.0862708 0.115863 0.126093 0.111249 0.0796916 0.0466219 0.0228392 0.0104258 0.00612419 0.00608995 0.00796146 0.0106826 0.0137834 0.0169354 0.0198137 0.0221087 0.0235826 0.0241182 0.0237389 0.0225898 0.0208909 0.0188789 0.0167576 0.0146702 0.0126963 0.0108666 0.00918489 0.00764705
 1.02585e-16 2.77156e-05 0.000162653 0.000773144 0.00297659 0.00928218 0.0234462 0.0479749 0.0795271 0.106813 0.116261 0.102614 0.0735943 0.0432323 0.0215094 0.0103763 0.00686062 0.0074395 0.00993602 0.0133459 0.0171697 0.0210073 0.0244459 0.0270934 0.028656 0.0290011 0.028182 0.0264116 0.0239985 0.0212687 0.0184979 0.0158741 0.013493 0.0113778 0.00951056 0.00786015
 1.03914e-16 2.2039e-05 0.00012932 0.000614664 0.00236638 0.00737923 0.0186396 0.0381407 0.0632289 0.0849341 0.0924762 0.0816922 0.0587433 0.0348193 0.0179028 0.00960292 0.00761679 0.00919128 0.0126125 0.0170506 0.0220183 0.0270527 0.0316453 0.0353027 0.0376446 0.0384837 0.0378574 0.0359984 0.0332593 0.0300198 0.0266071 0.0232517 0.0200822 0.0171491 0.014459 0.0120058
 1.05372e-16 2.2294e-05 0.000130823 0.00062182 0.00239395 0.00746524 0.0188568 0.0385846 0.063963 0.0859146 0.0935294 0.0825882 0.059313 0.0350076 0.0177263 0.00907261 0.00669523 0.00779857 0.0106599 0.0144808 0.0188431 0.0233801 0.0276901 0.031373 0.0341039 0.0356952 0.036123 0.0355077 0.0340615 0.0320231 0.0296034 0.0269583 0.0241888 0.0213601 0.0185246 0.0157392
 1.03947e-16 2.97162e-05 0.000174406 0.00082904 0.00319183 0.00995342 0.0251416 0.0514431 0.0852733 0.114521 0.124627 0.10994 0.0787227 0.0459917 0.0224131 0.0100354 0.00562993 0.00539362 0.00699872 0.00942164 0.0122332 0.0151567 0.0179239 0.0202761 0.0220076 0.023005 0.0232633 0.0228712 0.0219742 0.02073 0.0192718 0.0176907 0.0160377 0.014338 0.0126101 0.0108791
 1.02168e-16 3.1833e-05 0.000186831 0.000888106 0.00341925 0.0106626 0.0269329 0.0551084 0.0913491 0.122681 0.133507 0.117776 0.0843362 0.0492763 0.0240215 0.0107639 0.00603984 0.00576558 0.00743188 0.00992004 0.0127427 0.0155741 0.0181016 0.0200345 0.0211574 0.0213772 0.0207405 0.0194126 0.017629 0.0156349 0.0136344 0.0117623 0.0100814 0.00859903 0.00729169 0.00612802
 1.01033e-16 3.50798e-05 0.000205896 0.000978752 0.00376827 0.011751 0.0296821 0.0607333 0.100671 0.135195 0.14711 0.129741 0.0928265 0.0540809 0.0260716 0.0111857 0.00557691 0.00472191 0.00584884 0.00774284 0.00991408 0.0120774 0.0139781 0.0153838 0.0161241 0.0161284 0.0154397 0.0141981 0.0126018 0.0108584 0.00914285 0.00757338 0.00620778 0.00505512 0.00409492 0.00329547
 1.00831e-16 3.32868e-05 0.000195366 0.000928678 0.00357546 0.0111497 0.0281634 0.0576261 0.0955223 0.128286 0.139605 0.123152 0.0881797 0.0515092 0.0250851 0.0111961 0.00621544 0.0058662 0.00751705 0.00998999 0.0127673 0.0155017 0.0178622 0.0195451 0.0203309 0.0201349 0.0190252 0.0172002 0.0149357 0.0125186 0.0101901 0.00811212 0.0063613 0.00494463 0.0038255 0.00294929
 1.01527e-16 2.79744e-05 0.00016417 0.000780353 0.00300434 0.0093687 0.0236647 0.0484222 0.0802692 0.107811 0.117352 0.103588 0.0743168 0.0437044 0.021832 0.0106761 0.00724292 0.00797884 0.0106814 0.0143214 0.0183676 0.0223798 0.0259013 0.0285011 0.0298612 0.0298469 0.0285347 0.0261817 0.0231551 0.0198419 0.0165717 0.0135713 0.0109568 0.00875388 0.00693171 0.00543567
 1.02068e-16 3.03799e-05 0.0001783 0.000847543 0.00326306 0.0101755 0.0257027 0.0525914 0.0871774 0.117081 0.127417 0.112416 0.0805243 0.0471026 0.0230627 0.0105076 0.00614397 0.0060859 0.00794615 0.0106574 0.0137454 0.0168795 0.019733 0.0219943 0.0234234 0.0239017 0.0234515 0.0222187 0.0204262 0.0183156 0.0160974 0.0139228 0.0118796 0.0100053 0.00830844 0.00678639
 1.02135e-16 2.97972e-05 0.000174877 0.000831265 0.00320038 0.00998006 0.0252089 0.0515814 0.0855039 0.114836 0.12498 0.110281 0.0790277 0.0462931 0.0227888 0.0105881 0.00647125 0.00663237 0.00872691 0.0116925 0.0150345 0.0183885 0.0213893 0.0236925 0.0250401 0.0253162 0.0245685 0.0229847 0.0208375 0.0184146 0.0159601 0.0136408 0.0115421 0.00968529 0.00805476 0.00662259
 1.01841e-16 3.18973e-05 0.000187209 0.000889903 0.00342617 0.0106842 0.0269874 0.0552199 0.0915337 0.122929 0.133776 0.11801 0.0844989 0.0493611 0.0240439 0.0107424 0.00598533 0.00568062 0.00731599 0.00977471 0.0125748 0.0153973 0.0179359 0.0199031 0.021082 0.0213723 0.0208082 0.0195404 0.0177898 0.0157918 0.0137475 0.011796 0.0100113 0.00841596 0.00700239 0.00575288
 1.01833e-16 3.00647e-05 0.000176446 0.000838727 0.00322911 0.0100697 0.0254352 0.0520444 0.0862716 0.115867 0.126103 0.111273 0.0797419 0.0467175 0.0230087 0.010708 0.00656687 0.00674436 0.00887248 0.0118749 0.0152465 0.0186117 0.0215949 0.023843 0.025094 0.0252346 0.0243215 0.0225575 0.0202333 0.0176547 0.0150806 0.0126874 0.0105637 0.00872848 0.0071587 0.00581628
 1.02081e-16 2.9728e-05 0.00017447 0.000829334 0.00319295 0.00995689 0.0251504 0.0514615 0.0853052 0.114569 0.124689 0.110023 0.0788412 0.04618 0.0227262 0.0105479 0.00643293 0.00658474 0.00866583 0.0116189 0.0149543 0.0183121 0.0213314 0.02367 0.0250693 0.0254088 0.0247283 0.0232059 0.0211047 0.018705 0.0162474 0.0138999 0.011753 0.00983613 0.0081424 0.00665196
 1.01999e-16 3.10798e-05 0.000182409 0.000867078 0.00333828 0.0104101 0.0262951 0.0538036 0.0891866 0.119778 0.130351 0.114999 0.082364 0.0481568 0.0235374 0.0106526 0.00612794 0.00598246 0.00776997 0.0103971 0.0133809 0.0163895 0.0190992 0.0212047 0.0224754 0.0228041 0.0222261 0.0208998 0.0190586 0.0169506 0.014788 0.0127177 0.0108179 0.00911274 0.00759539 0.00624844
 1.01946e-16 3.03264e-05 0.000177984 0.000846038 0.00325726 0.0101574 0.025657 0.0524981 0.0870232 0.116875 0.127198 0.112232 0.0804138 0.0470807 0.023131 0.0106703 0.00641689 0.00649341 0.00851215 0.0113941 0.0146425 0.0178971 0.0207998 0.0230137 0.0242869 0.0245077 0.0237247 0.0221248 0.0199784 0.0175705 0.0151435 0.012863 0.0108139 0.00901681 0.00745475 0.00609743
 1.03896e-16 1.76299e-05 0.000103425 0.000491537 0.00189228 0.00590074 0.0149052 0.0305006 0.0505682 0.0679421 0.0740148 0.0654773 0.0472876 0.0284391 0.0153771 0.00946181 0.00892505 0.0116174 0.016174 0.021867 0.0281614 0.0344685 0.0401229 0.0444819 0.0470595 0.0476331 0.0462838 0.043355 0.0393496 0.034802 0.030169 0.0257668 0.0217629 0.0182069 0.015079 0.0123349
 1.05423e-16 2.50591e-05 0.000147063 0.000699047 0.00269132 0.0083926 0.0211991 0.0433766 0.0719034 0.0965698 0.105102 0.0927426 0.0664655 0.0389472 0.0192009 0.00897958 0.00559148 0.00586122 0.00785283 0.0107187 0.0140952 0.0177257 0.0213396 0.0246555 0.027425 0.0294724 0.0307156 0.0311594 0.03087 0.0299424 0.0284746 0.0265559 0.0242707 0.0217071 0.0189656 0.0161593
 1.03744e-16 3.01423e-05 0.000176907 0.000840925 0.00323759 0.0100961 0.025502 0.0521807 0.0864961 0.116164 0.126415 0.111521 0.0798607 0.0466685 0.0227645 0.0102275 0.00578266 0.00556996 0.00722295 0.00969417 0.0125357 0.0154524 0.0181595 0.0203869 0.0219273 0.0226784 0.0226581 0.0219865 0.0208431 0.0194152 0.0178557 0.0162623 0.0146793 0.0131148 0.0115642 0.0100287
pSPR Fmed_Fpbrs
0.448342   0.6 0.325
Fs Fmed_Fpbrs
0.64   0.350419 1.08328
SSBpbr Bo_Bmed_Bpbrs
1.7879e+06  712197  983348 491674
Ro
50011.1
SPR SPRFo_SPRFmed_SPRFpbrs
1.03294e+06 463110 335706
log_Ro
10.64
likeval ReclasPelacesDesembMPH_pf_preclas_ppelaces_ptallas_desvR_qrecl_qpela
 63.0037 19.1367 0.0207436 22.0161 335.567 216.235 54.8135 0 17.432 3.93031e-05 1.74092e-05 5.0362e-16 0 0 0
q_reclas_q_pelaces
0.411324 1.81052
M
0.7
N
 51859.5 13667 5078.24 597.872 0.328456
 63105.5 23605.3 4115.05 1529.03 180.115
 37096.4 29261.6 7906.26 1378.28 572.453
 51920.6 16654.9 8141.15 2199.68 542.731
 85938.1 25272.6 7372.79 3603.93 1214.01
 63562.7 42498.2 12253.1 3574.6 2335.91
 106647 30225.7 16451.7 4743.37 2288.06
 102516 51501.9 12785.6 6959.15 2974.32
 131462 48224.8 18736.4 4651.39 3613.79
 127532 61467.9 16943.7 6582.99 2903.96
 65860.1 60473.1 23410.8 6453.21 3613.22
 41616.8 29738.8 17388.7 6731.62 2894.54
 43042.7 18894.2 8822.22 5158.46 2855.66
 24474.8 18484 4071.24 1900.98 1726.85
 17339.8 9286.98 1955.98 430.819 383.897
 16929.5 6598.51 999.094 210.424 87.6473
 12769.4 7583.89 1812.61 274.451 81.8802
 16446.5 5860.98 2395.45 572.531 112.551
 19808.3 7723.51 2111.48 862.987 246.808
 31235.2 9412.34 2977.13 813.9 427.786
 41196.6 14853.1 3643.57 1152.47 480.664
 55946.4 20050.5 6571.19 1611.97 722.519
 87051 27079.1 8593.16 2816.25 1000.5
 119419 41973.5 11353.1 3602.75 1600.2
 50752.6 57662.4 17742.1 4798.93 2199.27
 73608.3 24607 24955 7678.38 3028.67
 120467 35644 10573.5 10723.1 4600.77
pred_Ctot
 3125.51 3981.5 1479.41 174.174 0.0956866
 3017.9 5652.29 985.348 366.126 43.1285
 2573.41 9564.28 2584.2 450.496 187.109
 740.078 1308.85 639.783 172.865 42.6512
 257.022 430.582 125.614 61.4019 20.6837
 1943.51 6834.72 1970.59 574.881 375.671
 2114.25 3250.83 1769.42 510.158 246.085
 3897.98 10082.6 2503.06 1362.41 582.289
 5543.34 10346.8 4019.96 997.974 775.353
 4149.35 10460.1 2883.33 1120.23 494.169
 4319.56 18887.1 7311.7 2015.48 1128.49
 2579.73 8867.68 5185.04 2007.27 863.108
 4221.15 8062.87 3764.78 2201.31 1218.62
 4216.61 11376.8 2505.84 1170.05 1062.87
 2959.06 5685.74 1197.5 263.759 235.032
 1199.07 2193.08 332.058 69.9365 29.1304
 698.483 2036.99 486.856 73.7158 21.9925
 644.513 1178.65 481.727 115.137 22.6341
 615.863 1261.18 344.786 140.918 40.3015
 955.153 1513.87 478.839 130.907 68.8047
 590.267 1173.05 287.759 91.0187 37.9616
 1019.66 1991.71 652.746 160.124 71.7711
 1820.24 3062.24 971.756 318.475 113.142
 2378.06 4533.41 1226.21 389.12 172.832
 864.347 5370.83 1652.54 446.985 204.846
 1318.04 2403.69 2437.69 750.048 295.85
 2864.96 4546.63 1348.72 1367.8 586.859
F
 0.087066 0.50033 0.50033 0.50033 0.50033
 0.068531 0.393818 0.393818 0.393818 0.393818
 0.100816 0.579344 0.579344 0.579344 0.579344
 0.019996 0.114908 0.114908 0.114908 0.114908
 0.00416636 0.0239423 0.0239423 0.0239423 0.0239423
 0.0433355 0.24903 0.24903 0.24903 0.24903
 0.0279077 0.160373 0.160373 0.160373 0.160373
 0.0541458 0.311152 0.311152 0.311152 0.311152
 0.0602059 0.345977 0.345977 0.345977 0.345977
 0.0461701 0.265319 0.265319 0.265319 0.265319
 0.0950795 0.546381 0.546381 0.546381 0.546381
 0.0896501 0.51518 0.51518 0.51518 0.51518
 0.145288 0.834906 0.834906 0.834906 0.834906
 0.269033 1.54602 1.54602 1.54602 1.54602
 0.266162 1.52952 1.52952 1.52952 1.52952
 0.103031 0.592077 0.592077 0.592077 0.592077
 0.0787349 0.452455 0.452455 0.452455 0.452455
 0.0558467 0.320927 0.320927 0.320927 0.320927
 0.0440798 0.253307 0.253307 0.253307 0.253307
 0.0433401 0.249057 0.249057 0.249057 0.249057
 0.0201007 0.11551 0.11551 0.11551 0.11551
 0.0256309 0.14729 0.14729 0.14729 0.14729
 0.0294555 0.169268 0.169268 0.169268 0.169268
 0.0280344 0.161101 0.161101 0.161101 0.161101
 0.0239325 0.13753 0.13753 0.13753 0.13753
 0.0251765 0.144679 0.144679 0.144679 0.144679
 0.0335619 0.192866 0.192866 0.192866 0.192866
Np
 38521.6 17997.6 20234.7 5105.39 2044.22
YTP_r0W_actual
 42174.1 167001 72015.5 93269.8 44408.7
YTP_p0W_proyectada
 13486 271031 99409.3 37659.5 59737.8
 13486 84323.2 137817 44406.9 19731.7
CTP_r0_actual
 5143.18 7731.51 2293.49 2325.93 997.948
CTP_p0_proyectada
 1644.63 12547.7 3165.9 939.139 1342.42
 1644.63 3903.85 4389.08 1107.4 443.41
Wmedp
 8.2 21.6 31.4 40.1 44.5
nmprior
 10.8 10.6 4.6 0
nm_flota  nm_reclas  nm_pelaces    nm_pelaL
inf 14.3938 18.3035 58.5529
cv_recla  cv_pelaces  cv_mph
0.687407 0.479208 0.627012
 ------------------------------------------------
Talla a la edad & desviaci?n 
 7.2 14.2025 17.0495 18.207 18.6776
 1.08 2.13037 2.55742 2.73105 2.80164
