years
 1997 1998 1999 2000 2001 2002 2003 2004 2005 2006 2007 2008 2009 2010 2011 2012 2013 2014 2015 2016 2017 2018 2019 2020 2021 2022 2023
reclasobs
 0 0 0 370054 412103 1.49427e+06 250295 1.28982e+06 931140 785840 897777 1.04006e+06 184774 17550 25797 100020 73551 82996 120727 218422 84188 347160 605670 569463 516374 1.08416e+06 1.01767e+06
reclaspred
 455709 130043 419011 292254 392062 461198 996202 664192 745499 666962 526701 352354 213208 96807 67880.4 67239.9 79702 112292 125808 181471 264695 250139 441173 590866 720986 700437 718222
pelacesobs
 0 0 0 0 0 0 0 0 0 2.06254e+06 1.5e+06 0 1.87456e+06 323000 250000 174000 83755 137374 0 501740 490994 745055 786931 1.00524e+06 1.33801e+06 1.41789e+06 0
pelacespred
 1.80598e+06 439581 864212 924049 1.0644e+06 1.0241e+06 2.53119e+06 2.08924e+06 2.08519e+06 1.87467e+06 1.3138e+06 904969 544810 202321 143380 152178 188993 270295 306433 436211 715198 647406 938956 1.42865e+06 1.71567e+06 1.83603e+06 1.79303e+06
mphobs
 0 0 0 0 0 0 112323 0 153150 637223 0 255016 313432 73983 77613 109348 50772 17779 17303 59886 28197 0 207744 136588 643089 65757 70829
mphpred
 144637 94157.4 119879 151953 148675 214644 323885 374190 324182 329345 296507 206185 122885 102190 46858.7 40853.2 45765.8 63305.7 29008.5 33690.7 53004.1 65036.5 82617.6 123957 167278 172539 162181
desembarqueobs
 350755 77701 442110 56441 14545 235359 269955 359681 431902 328805 639364 411747 362871 311530 167758 66681 60226 58785 57116 73181 50977 67692 138656 160484 209506 203330 245020
desembarquepred
 350768 77705.6 442166 56443.7 14545.2 235420 269993 359714 431961 328859 639673 412041 363325 312039 167804 66700.9 60257.1 58789.5 57111.8 73184.2 50978.4 67687.2 138662 160493 209512 203332 245015
Reclutas
 59076.5 72490.9 44299.7 62295.6 100890 75687.9 121835 115434 142808 132052 66925.2 41249.5 42240.7 24139.2 18072 19053.9 14780.2 19056 22978.1 36920.6 48077.9 65638.3 102564 140763 60183 87505.1 143889
log_desv_Rt
 0.0465893 0.251216 -0.241267 0.0996465 0.581789 0.294374 0.770423 0.716454 0.929259 0.850949 0.17133 -0.312607 -0.28886 -0.848409 -1.13788 -1.08498 -1.33896 -1.08486 -0.897705 -0.423474 -0.159421 0.151915 0.598247 0.914834 0.0651446 0.439452 0.936801
SSB
 706370 459842 585460 742099 726095 1.04827e+06 1.54353e+06 1.81032e+06 1.55301e+06 1.5793e+06 1.44807e+06 1.00696e+06 617021 319252 151540 133050 154210 205028 266766 323800 485849 582235 758327 1.09157e+06 1.59779e+06 1.68934e+06 1.502e+06
BT
 2.44675e+06 654982 1.27065e+06 1.16123e+06 1.27967e+06 1.40783e+06 3.20034e+06 2.89833e+06 2.8804e+06 2.55187e+06 2.14601e+06 1.45888e+06 1.0057e+06 539450 312172 236263 274811 369226 413810 578777 894018 834895 1.21434e+06 1.8333e+06 2.20632e+06 2.3659e+06 2.34614e+06
Ftot
 0.434681 0.329794 0.466563 0.0895682 0.0191398 0.202309 0.128931 0.25432 0.284454 0.225351 0.47693 0.447689 0.716279 1.29618 1.23478 0.482021 0.366597 0.256143 0.204086 0.201167 0.0939936 0.121175 0.139164 0.131986 0.112897 0.117366 0.15479
BD_Bspro_t
 0.948594 0.768175 0.735853 0.622326 0.730187 0.83697 0.804388 0.811008 0.759776 0.725444 0.685168 0.530532 0.415433 0.301287 0.187732 0.201213 0.294027 0.43959 0.56279 0.662332 0.762943 0.83419 0.845355 0.85146 0.861956 0.832115 0.814452
BD_Bspro
 0.606515 0.394837 0.502698 0.637194 0.623452 0.900082 1.32533 1.5544 1.33347 1.35605 1.24337 0.864612 0.529797 0.274121 0.130118 0.114242 0.132411 0.176045 0.229055 0.278026 0.417168 0.499929 0.651127 0.937265 1.37192 1.45053 1.28967
BD_Bo
 0.326983 0.212863 0.271013 0.343522 0.336113 0.485249 0.714509 0.838006 0.718899 0.731068 0.670319 0.466127 0.285623 0.147783 0.0701487 0.0615897 0.0713849 0.0949086 0.123488 0.149889 0.224902 0.26952 0.351034 0.505295 0.739624 0.782004 0.695283
BD_Brms
 0.594514 0.387024 0.492751 0.624585 0.611115 0.882272 1.29911 1.52365 1.30709 1.32921 1.21876 0.847503 0.519314 0.268697 0.127543 0.111981 0.129791 0.172561 0.224523 0.272525 0.408913 0.490036 0.638243 0.918719 1.34477 1.42183 1.26415
S_f
 0.183563 1 1 1 1
 0.183563 1 1 1 1
 0.183563 1 1 1 1
 0.183563 1 1 1 1
 0.183563 1 1 1 1
 0.183563 1 1 1 1
 0.183563 1 1 1 1
 0.183563 1 1 1 1
 0.183563 1 1 1 1
 0.183563 1 1 1 1
 0.183563 1 1 1 1
 0.183563 1 1 1 1
 0.183563 1 1 1 1
 0.183563 1 1 1 1
 0.183563 1 1 1 1
 0.183563 1 1 1 1
 0.183563 1 1 1 1
 0.183563 1 1 1 1
 0.183563 1 1 1 1
 0.183563 1 1 1 1
 0.183563 1 1 1 1
 0.183563 1 1 1 1
 0.183563 1 1 1 1
 0.183563 1 1 1 1
 0.183563 1 1 1 1
 0.183563 1 1 1 1
 0.183563 1 1 1 1
Scru_reclas
 0.92988 1 1 1 1
 0.92988 1 1 1 1
 0.92988 1 1 1 1
 0.92988 1 1 1 1
 0.92988 1 1 1 1
 0.92988 1 1 1 1
 0.92988 1 1 1 1
 0.92988 1 1 1 1
 0.92988 1 1 1 1
 0.92988 1 1 1 1
 0.92988 1 1 1 1
 0.92988 1 1 1 1
 0.92988 1 1 1 1
 0.92988 1 1 1 1
 0.92988 1 1 1 1
 0.92988 1 1 1 1
 0.92988 1 1 1 1
 0.92988 1 1 1 1
 0.92988 1 1 1 1
 0.92988 1 1 1 1
 0.92988 1 1 1 1
 0.92988 1 1 1 1
 0.92988 1 1 1 1
 0.92988 1 1 1 1
 0.92988 1 1 1 1
 0.92988 1 1 1 1
 0.92988 1 1 1 1
Scru_pelaces
 1 1 1 1 1
 1 1 1 1 1
 1 1 1 1 1
 1 1 1 1 1
 1 1 1 1 1
 1 1 1 1 1
 1 1 1 1 1
 1 1 1 1 1
 1 1 1 1 1
 1 1 1 1 1
 1 1 1 1 1
 1 1 1 1 1
 1 1 1 1 1
 1 1 1 1 1
 1 1 1 1 1
 1 1 1 1 1
 1 1 1 1 1
 1 1 1 1 1
 1 1 1 1 1
 1 1 1 1 1
 1 1 1 1 1
 1 1 1 1 1
 1 1 1 1 1
 1 1 1 1 1
 1 1 1 1 1
 1 1 1 1 1
 1 1 1 1 1
pf_obs 
 0.256992 0.487395 0.22802 0.0275931 0
 0.321318 0.546541 0.124235 0.00734118 0.000564706
 0.182869 0.594174 0.210203 0.0122559 0.00049798
 0.330522 0.361315 0.267642 0.0388342 0.00168674
 0.649043 0.306663 0.0425973 0.00169635 0
 0.582887 0.30429 0.105238 0.00758474 0
 0.465427 0.430635 0.0974691 0.00646863 0
 0.296916 0.608066 0.0921331 0.00288517 0
 0.311714 0.524322 0.152257 0.0117073 0
 0.15457 0.633149 0.183074 0.0267441 0.00246327
 0.131901 0.49318 0.331252 0.0422183 0.00144891
 0.196976 0.569456 0.194076 0.0375587 0.00193317
 0.518974 0.381816 0.0799577 0.0180837 0.00116848
 0.0928022 0.601141 0.25162 0.0475244 0.00691264
 0.122501 0.610282 0.24278 0.0234846 0.000952079
 0.383417 0.481906 0.127806 0.00687128 0
 0.0376549 0.599619 0.316969 0.0457579 0
 0.0361596 0.667082 0.258105 0.0386534 0
 0.158088 0.579412 0.248529 0.0139706 0
 0.0477256 0.309471 0.559284 0.082774 0.000745712
 0.0406174 0.521527 0.379366 0.0568643 0.0016247
 0.151134 0.462217 0.34131 0.0453401 0
 0.294876 0.26143 0.354403 0.0886775 0.000613685
 0.281977 0.475581 0.204845 0.0348837 0.00271318
 0.0841818 0.532909 0.334909 0.0458182 0.00218182
 0.115287 0.27431 0.454777 0.147771 0.00785563
 0 0 0 0 0
pf_pred 
 0.369802 0.445391 0.165342 0.0194532 1.08742e-05
 0.305147 0.553775 0.0997066 0.037014 0.00435728
 0.171745 0.609829 0.174078 0.0313426 0.013005
 0.254838 0.435829 0.227756 0.0650139 0.0165627
 0.287979 0.46994 0.141588 0.0739912 0.0265018
 0.170913 0.57182 0.169799 0.0511585 0.0363101
 0.263109 0.406949 0.227561 0.0675729 0.0348089
 0.208948 0.532885 0.142573 0.079725 0.0358691
 0.246571 0.465834 0.193736 0.0518339 0.0420255
 0.207263 0.531613 0.161449 0.067145 0.0325298
 0.123453 0.536985 0.227712 0.0691551 0.0426948
 0.124494 0.429242 0.273387 0.115932 0.0569445
 0.203321 0.389645 0.19956 0.127102 0.0803725
 0.193103 0.534759 0.133099 0.0681679 0.0708711
 0.270066 0.521755 0.137967 0.0343395 0.035872
 0.312765 0.542447 0.103494 0.0273668 0.0139269
 0.212164 0.596424 0.151085 0.0288256 0.0115013
 0.261651 0.469149 0.203795 0.0516251 0.0137795
 0.255925 0.509719 0.148911 0.064686 0.0207599
 0.308266 0.465648 0.154877 0.0452462 0.0259625
 0.273037 0.528604 0.133527 0.0444119 0.0204195
 0.267488 0.498954 0.169829 0.0428995 0.020829
 0.296069 0.477105 0.154503 0.0525884 0.0197338
 0.279044 0.511562 0.141922 0.0459592 0.0215133
 0.104387 0.619248 0.196098 0.0544031 0.0258643
 0.186529 0.326008 0.337043 0.106732 0.0436878
 0.271742 0.414146 0.125884 0.130145 0.0580829
pobs_RECLAS
 0 0 0 0 0
 0 0 0 0 0
 0 0 0 0 0
 0 0 0 0 0
 0.835266 0.146461 0.0176864 0.000547809 3.91292e-05
 0.385257 0.428462 0.181853 0.0044286 0
 0.867414 0.0963971 0.0333333 0.00285562 0
 0.441836 0.489002 0.0689373 0.000224442 0
 0.779404 0.147425 0.0564933 0.0165055 0.000172143
 0.814271 0.122319 0.05973 0.00367925 0
 0.40263 0.566651 0.0304383 0.000280538 0
 0.475488 0.404961 0.113038 0.00651328 0
 0.955842 0.0263864 0.0167828 0.000988607 0
 0.975058 0.0227948 0.00214734 0 0
 0.738997 0.206755 0.0527124 0.00153531 0
 0.850938 0.134255 0.0134407 0.00136685 0
 0.542534 0.407297 0.0501686 0 0
 0.764087 0.199537 0.0359546 0.000420521 0
 0.470689 0.182191 0.310203 0.0369168 0
 0.84361 0.089868 0.0606195 0.00523954 0.000663233
 0.607945 0.314616 0.071237 0.00620181 0
 0.523733 0.453247 0.0230204 0 0
 0.530135 0.295979 0.169645 0.0042399 0
 0.562478 0.366248 0.0663022 0.0049721 0
 0.250443 0.683176 0.0655157 0.000865301 0
 0.195077 0.31981 0.436473 0.0351445 0.0134964
 0.565238 0.351407 0.0832357 0.000118908 0
ppred_RECLAS
 0.753488 0.174222 0.0646764 0.00760942 4.25363e-06
 0.69411 0.243784 0.0438931 0.0162944 0.00191817
 0.519907 0.353483 0.100903 0.0181675 0.00753826
 0.635079 0.213434 0.111537 0.0318386 0.0081111
 0.672209 0.216345 0.0651823 0.0340631 0.0122006
 0.513617 0.335457 0.0996121 0.0300121 0.0213013
 0.645511 0.195767 0.10947 0.0325066 0.0167452
 0.575849 0.285725 0.0764457 0.0427474 0.0192325
 0.627639 0.230225 0.0957483 0.0256174 0.0207699
 0.572883 0.286427 0.0869867 0.0361769 0.0175267
 0.424023 0.352852 0.149629 0.0454417 0.0280547
 0.425773 0.281531 0.179309 0.0760372 0.0373488
 0.576985 0.206891 0.105961 0.0674875 0.0426756
 0.578587 0.279285 0.0695128 0.0356016 0.0370134
 0.677883 0.230248 0.0608844 0.0151539 0.0158302
 0.704132 0.233534 0.0445561 0.0117819 0.00599582
 0.582517 0.316052 0.0800617 0.015275 0.00609469
 0.6456 0.225187 0.0978198 0.0247796 0.00661404
 0.637956 0.248013 0.0724553 0.0314742 0.0101011
 0.695369 0.205065 0.0682058 0.0199259 0.0114336
 0.656563 0.249727 0.063082 0.0209814 0.00964674
 0.650535 0.23804 0.0810219 0.0204664 0.00993704
 0.682165 0.21542 0.0697604 0.0237444 0.00891009
 0.663784 0.238566 0.0661849 0.021433 0.0100327
 0.3726 0.433799 0.137372 0.0381108 0.0181186
 0.538885 0.184797 0.191052 0.0605008 0.0247644
 0.65587 0.1957 0.0594852 0.0614987 0.0274464
pobs_PELACES
 0 0 0 0 0
 0 0 0 0 0
 0 0 0 0 0
 0 0 0 0 0
 0 0 0 0 0
 0 0 0 0 0
 0 0 0 0 0
 0 0 0 0 0
 0 0 0 0 0
 0 0 0 0 0
 0.450072 0.473896 0.0757376 0.000293798 0
 0 0 0 0 0
 0.463077 0.371075 0.160297 0.00555027 0
 0.529543 0.364841 0.0842815 0.0213345 0
 0.631943 0.363953 0.00410389 0 0
 0.735681 0.248677 0.0153453 0.000297389 0
 0.695825 0.281241 0.0229344 0 0
 0.275771 0.60734 0.115278 0.00161068 0
 0 0 0 0 0
 0.896147 0.0623911 0.0374545 0.00400742 0
 0.803859 0.145111 0.0509908 3.86294e-05 0
 0.739449 0.233085 0.0266225 0.000797448 4.60066e-05
 0.878498 0.100942 0.0204185 0.000141795 0
 0.694673 0.275183 0.0284847 0.00165964 0
 0.469039 0.446079 0.0841089 0.000773354 0
 0.822795 0.102175 0.0682046 0.00682512 0
 0 0 0 0 0
ppred_PELACES
 0.78703 0.150516 0.055876 0.00657403 3.67485e-06
 0.727298 0.217334 0.0391308 0.0145265 0.00171005
 0.569074 0.317283 0.0905697 0.016307 0.00676625
 0.657214 0.200488 0.104772 0.0299075 0.00761912
 0.689129 0.205177 0.0618178 0.0323048 0.0115708
 0.545298 0.313607 0.0931239 0.0280572 0.0199138
 0.669694 0.182412 0.102002 0.030289 0.0156028
 0.60992 0.262774 0.070305 0.0393136 0.0176876
 0.661826 0.209088 0.0869576 0.0232655 0.018863
 0.605166 0.264778 0.0804119 0.0334425 0.0162019
 0.473753 0.322386 0.13671 0.0415182 0.0256324
 0.473575 0.258095 0.164383 0.0697075 0.0342397
 0.640167 0.175989 0.0901346 0.0574074 0.0363015
 0.676755 0.214226 0.0533198 0.0273083 0.0283912
 0.759409 0.171974 0.045475 0.0113185 0.0118236
 0.744525 0.201651 0.0384731 0.0101734 0.00517725
 0.623536 0.284999 0.0721954 0.0137742 0.00549587
 0.677316 0.205034 0.0890657 0.022562 0.00602214
 0.666898 0.228187 0.0666632 0.0289581 0.0092936
 0.721566 0.187431 0.0623405 0.0182123 0.0104503
 0.678315 0.23391 0.0590866 0.0196525 0.00903575
 0.674089 0.221996 0.0755609 0.019087 0.00926727
 0.705564 0.199561 0.0646247 0.0219964 0.00825414
 0.687501 0.221737 0.0615161 0.019921 0.00932494
 0.397005 0.416925 0.132028 0.0366283 0.0174138
 0.56468 0.17446 0.180365 0.0571164 0.0233791
 0.681212 0.181288 0.0551047 0.0569699 0.0254252
pobs_pel_tallas
 0 0 0 0 0 0 0 0 0 0 0 0 0 0 0 0 0 0 0 0 0 0 0 0 0 0 0 0 0 0 0 0 0 0 0 0
 0 0 0 0 0 0 0 0 0 0 0 0 0 0 0 0 0 0 0 0 0 0 0 0 0 0 0 0 0 0 0 0 0 0 0 0
 0 0 0 0 0 0 0 0 0 0 0 0 0 0 0 0 0 0 0 0 0 0 0 0 0 0 0 0 0 0 0 0 0 0 0 0
 0 0 0 0 0 0 0 0 0 0 0 0 0 0 0 0 0 0 0 0 0 0 0 0 0 0 0 0 0 0 0 0 0 0 0 0
 0 0 0 0 0 0 0 0 0 0 0 0 0 0 0 0 0 0 0 0 0 0 0 0 0 0 0 0 0 0 0 0 0 0 0 0
 0 0 0 0 0 0 0 0 0 0 0 0 0 0 0 0 0 0 0 0 0 0 0 0 0 0 0 0 0 0 0 0 0 0 0 0
 0 0 0 0 0 0 0 0 0 0 0 0 0 0 0 0 0 0 0 0 0 0 0 0 0 0 0 0 0 0 0 0 0 0 0 0
 0 0 0 0 0 0 0 0 0 0 0 0 0 0 0 0 0 0 0 0 0 0 0 0 0 0 0 0 0 0 0 0 0 0 0 0
 0 0 0 0 0 0 0 0 0 0 0 0 0 0 0 0 0 0 0 0 0 0 0 0 0 0 0 0 0 0 0 0 0 0 0 0
 0 0 0 0 0 0 0 0 0 0 0 0 0 0 0 0 0 0 0 0 0 0 0 0 0 0 0 0 0 0 0 0 0 0 0 0
 0 0 0 0 0 0 0 0 1.78061e-05 0.00172719 0.00360574 0.0105946 0.0120993 0.0124554 0.0147524 0.0171206 0.0266825 0.0428682 0.0675386 0.121331 0.153587 0.119568 0.100827 0.0573624 0.0630603 0.0341343 0.0324427 0.0444173 0.0211091 0.0280891 0.0125444 0.00206551 0 0 0 0
 0 0 0 0 0 0 0 0 0 0 0 0 0 0 0 0 0 0 0 0 0 0 0 0 0 0 0 0 0 0 0 0 0 0 0 0
 0 0 0 0 0 0 0.0133647 0.0140871 0.0187388 0.0205184 0.03894 0.0496705 0.03968 0.0493445 0.0407372 0.0367815 0.0215668 0.0243155 0.0234873 0.0199281 0.019796 0.0243948 0.0301388 0.0376714 0.0412746 0.0863199 0.0771752 0.113111 0.0741005 0.0525337 0.0229764 0.00759418 0.00175318 0 0 0
 0 0 0 0 0 0 0 0 0 0 0.00219441 0.00772107 0.0458388 0.0604681 0.0671733 0.0775358 0.0609151 0.0617685 0.073594 0.0568108 0.0755445 0.0548602 0.0670107 0.0636378 0.0643287 0.046367 0.0373049 0.0286899 0.0247887 0.0153202 0.00654259 0.00121912 0.000365735 0 0 0
 0 0 0 0 0 0 0 0 0 0 0 0 0.000112435 0.00938835 0.0111873 0.0202946 0.0414886 0.0713402 0.111592 0.104902 0.108894 0.110636 0.117776 0.105296 0.107544 0.0401394 0.0192827 0.0124803 0.00416011 0.0028671 0.000618394 0 0 0 0 0
 0 0 0 0 0 0 0 0 0 0 0.00291406 0.0102884 0.027416 0.0768956 0.0749926 0.110853 0.0956884 0.0897413 0.0766577 0.0534642 0.0500743 0.0551293 0.0594112 0.0620874 0.0668451 0.0424026 0.0208742 0.0120726 0.0048766 0.00582813 0.00118941 0.000297354 0 0 0 0
 0 0.00264628 0.0354308 0.0461629 0.0458689 0.0383711 0.0214643 0.0164657 0.0346957 0.0420465 0.0363128 0.0245516 0.0311673 0.0291091 0.0169068 0.0133784 0.00837989 0.0085269 0.0148486 0.0160247 0.0276389 0.0546898 0.0760071 0.122758 0.109233 0.0665981 0.0333725 0.0166128 0.00676272 0.00308733 0.000882094 0 0 0 0 0
 0 0 0 0 0 0 0 0.000805153 0.000690131 0.00759144 0.0133425 0.0154129 0.00931677 0.000345066 0.00356568 0.00563607 0.00851162 0.0253048 0.0502646 0.0516448 0.0657925 0.0565908 0.0611916 0.0827007 0.0866115 0.110766 0.145733 0.0935128 0.0569358 0.0249597 0.0138026 0.00621118 0.00161031 0.00115022 0 0
 0 0 0 0 0 0 0 0 0 0 0 0 0 0 0 0 0 0 0 0 0 0 0 0 0 0 0 0 0 0 0 0 0 0 0 0
 0.00147267 0.00158595 0.00478618 0.00569244 0.00954404 0.0108468 0.00647125 0.017049 0.0510054 0.094081 0.124002 0.0959785 0.0687766 0.0820023 0.061753 0.0591476 0.0492212 0.0479892 0.0443925 0.0268479 0.0217502 0.0140895 0.0121071 0.0120363 0.00920419 0.00665534 0.0049561 0.00860946 0.00930331 0.0156896 0.0114698 0.00855282 0.00243557 0.00046729 0 2.83206e-05
 0 0 0 0 0.000772559 0.00158375 0.000888443 0.00281984 0.00712685 0.0440552 0.0773331 0.111326 0.0921469 0.0852325 0.0710754 0.0886704 0.0786465 0.0553345 0.0373146 0.0185414 0.00753245 0.00457741 0.012979 0.0271748 0.0457355 0.0583668 0.034881 0.0177882 0.00938659 0.00492506 0.0015258 0.00185414 0.000309023 5.79419e-05 3.86279e-05 0
 0 0.00173294 0.00326652 0 0.00397197 0.00683976 0.00946217 0.0152591 0.00757587 0.0136028 0.0228656 0.0392903 0.0559909 0.0764795 0.0681675 0.0726916 0.0566044 0.0477403 0.0527397 0.0444891 0.0609904 0.0582453 0.0661739 0.0445044 0.0529084 0.0360697 0.0280645 0.0235558 0.0158879 0.00826598 0.00280645 0.00217768 0.000904811 0.00058276 9.20147e-05 0
 0 0 0 0 0 0 0 0 0 0 0 0 0 0 0 0 0 0 0 0 0 0 0 0 0 0 0 0 0 0 0 0 0 0 0 0
 0 0 0 0 0 0 0 0 0 0 0 0 0 0 0 0 0 0 0 0 0 0 0 0 0 0 0 0 0 0 0 0 0 0 0 0
 0 0 0 0 0 0 0 0 0 0 0 0 0 0 0 0 0 0 0 0 0 0 0 0 0 0 0 0 0 0 0 0 0 0 0 0
 0 0 0 0 0 0 0 0 0 0 0 0 0 0 0 0 0 0 0 0 0 0 0 0 0 0 0 0 0 0 0 0 0 0 0 0
 0 0 0 0 0 0 0 0 0 0 0 0 0 0 0 0 0 0 0 0 0 0 0 0 0 0 0 0 0 0 0 0 0 0 0 0
ppred_pel_tallas
 1.01069e-16 3.43371e-05 0.000201536 0.000958021 0.00368845 0.0115021 0.0290534 0.0594469 0.0985388 0.132332 0.143996 0.126998 0.0908707 0.0529556 0.0255561 0.0110123 0.00556368 0.00478753 0.00597537 0.00794175 0.0102088 0.0124962 0.0145494 0.0161319 0.0170641 0.0172614 0.016749 0.015648 0.0141392 0.012418 0.0106545 0.00897072 0.00743644 0.00607873 0.00489802 0.0038829
 1.01206e-16 3.17351e-05 0.000186254 0.000885358 0.00340866 0.0106296 0.0268495 0.054938 0.0910673 0.122305 0.133104 0.117434 0.0841229 0.0492145 0.0241081 0.0109993 0.00644465 0.00637776 0.00829322 0.0110592 0.0141594 0.0172265 0.0199013 0.0218502 0.0228303 0.0227433 0.0216566 0.0197784 0.0174009 0.0148295 0.012321 0.0100486 0.00809613 0.00647456 0.00515054 0.00407311
 1.02266e-16 2.484e-05 0.000145764 0.000692842 0.00266739 0.00831792 0.0210106 0.042992 0.0712698 0.0957307 0.10422 0.092038 0.0661211 0.0390677 0.0198562 0.0102751 0.00770091 0.00900537 0.0122408 0.0164719 0.0211707 0.0258578 0.030019 0.0331641 0.0349259 0.0351415 0.0338834 0.0314268 0.0281706 0.0245382 0.0208918 0.0174829 0.0144443 0.0118124 0.00956525 0.00765682
 1.02937e-16 2.86786e-05 0.000168311 0.000800055 0.00308022 0.00960536 0.0242624 0.0496446 0.0822931 0.110523 0.120284 0.106132 0.0760441 0.0445246 0.0218809 0.0101073 0.0061058 0.00621873 0.00820111 0.0110495 0.014314 0.0176728 0.0208013 0.023384 0.0251709 0.0260263 0.02595 0.0250611 0.0235546 0.0216468 0.0195296 0.0173446 0.0151809 0.0130881 0.0110953 0.00922614
 1.02596e-16 3.00703e-05 0.000176481 0.000838898 0.00322978 0.0100717 0.0254405 0.052055 0.0862884 0.115887 0.12612 0.111275 0.0797161 0.0466471 0.0228716 0.0104738 0.00619642 0.00619424 0.00810315 0.0108624 0.013995 0.0171641 0.0200367 0.0222979 0.0237093 0.024159 0.0236816 0.0224366 0.0206593 0.0185982 0.0164634 0.0143976 0.0124737 0.0107117 0.00910337 0.00763359
 1.03319e-16 2.38031e-05 0.000139677 0.000663903 0.00255597 0.00797046 0.020133 0.0411962 0.0682932 0.0917336 0.0998709 0.0882042 0.0633815 0.0374786 0.0191037 0.00997668 0.00759074 0.00895493 0.012208 0.0164557 0.0211899 0.0259444 0.0302166 0.0335248 0.0355055 0.0359927 0.0350475 0.0329264 0.0300041 0.0266771 0.023282 0.0200493 0.0170978 0.0144592 0.0121154 0.0100324
 1.03278e-16 2.9222e-05 0.000171503 0.000815235 0.00313868 0.00978765 0.0247229 0.0505865 0.0838539 0.112617 0.122558 0.108126 0.0774458 0.0452907 0.0221558 0.0100637 0.00584819 0.00577592 0.00755959 0.0101867 0.01322 0.0163628 0.019321 0.021808 0.0235945 0.0245517 0.0246712 0.0240499 0.022852 0.021261 0.0194392 0.0175067 0.0155399 0.0135844 0.0116719 0.00983303
 1.03261e-16 2.66188e-05 0.000156212 0.000742526 0.0028587 0.00891454 0.0225176 0.0460749 0.0763781 0.102585 0.111663 0.0985675 0.0707157 0.0415889 0.0207804 0.0101727 0.00692059 0.00764824 0.0102683 0.0138125 0.0177891 0.0217939 0.0254058 0.0282238 0.0299461 0.0304354 0.0297427 0.0280804 0.0257572 0.0230972 0.020372 0.017764 0.0153628 0.0131875 0.0112191 0.00943024
 1.02984e-16 2.888e-05 0.000169493 0.000805672 0.00310185 0.00967279 0.0244328 0.0499932 0.0828711 0.111299 0.121131 0.106882 0.0765874 0.0448548 0.0220652 0.0102282 0.00622458 0.00636983 0.00839936 0.0112956 0.0145951 0.017962 0.0210583 0.0235594 0.025214 0.0258949 0.0256202 0.0245338 0.0228575 0.0208306 0.0186597 0.0164901 0.0144038 0.0124351 0.0105929 0.00888025
 1.03134e-16 2.64116e-05 0.000154996 0.000736741 0.00283643 0.00884508 0.0223421 0.0457159 0.0757832 0.101787 0.110795 0.097804 0.070174 0.0412826 0.0206504 0.0101475 0.00695361 0.0077216 0.0103816 0.0139724 0.0180032 0.0220675 0.0257399 0.0286139 0.030382 0.0309009 0.0302173 0.0285409 0.0261799 0.0234604 0.0206585 0.0179629 0.0154708 0.0132089 0.0111652 0.00931747
 1.0467e-16 2.06838e-05 0.000121363 0.000576835 0.00222073 0.00692503 0.0174923 0.0357934 0.0593383 0.0797103 0.0867949 0.0766886 0.0551784 0.0327729 0.016974 0.00930494 0.00761875 0.00934418 0.0128798 0.0174445 0.0225675 0.027789 0.0325986 0.0364973 0.0390961 0.0401967 0.0398236 0.0381944 0.0356469 0.0325463 0.0292083 0.0258557 0.0226158 0.0195436 0.0166566 0.0139636
 1.06413e-16 2.06734e-05 0.000121308 0.000576587 0.0022198 0.00692214 0.0174849 0.0357778 0.0593107 0.079668 0.0867351 0.0766029 0.0550455 0.0325514 0.0165993 0.00868892 0.00665432 0.00791688 0.0108886 0.0148312 0.0193488 0.0240833 0.0286355 0.0326031 0.0356547 0.0375905 0.0383694 0.0380905 0.0369421 0.0351393 0.032873 0.030285 0.0274711 0.0245002 0.0214377 0.0183598
 1.05006e-16 2.79341e-05 0.000163943 0.000779295 0.0030003 0.00935614 0.0236329 0.0483563 0.0801571 0.107652 0.117156 0.103362 0.0740384 0.0433075 0.0212039 0.00966345 0.00566334 0.00563941 0.00741089 0.0100165 0.0130455 0.0162219 0.0192713 0.0219251 0.0239664 0.0252698 0.0258179 0.0256869 0.025009 0.0239287 0.0225666 0.0210039 0.0192862 0.0174399 0.0154915 0.0134808
 1.03092e-16 2.9531e-05 0.000173315 0.000823842 0.00317181 0.00989096 0.0249838 0.0511207 0.0847401 0.113809 0.123862 0.109289 0.0783086 0.0458542 0.0225398 0.0104177 0.00629413 0.00639624 0.00840214 0.0112647 0.0145041 0.0177736 0.0207282 0.0230429 0.0244743 0.0249129 0.024402 0.0231153 0.0213027 0.0192249 0.0170974 0.0150616 0.0131822 0.0114674 0.00989611 0.00844269
 1.01644e-16 3.31335e-05 0.000194468 0.000924415 0.00355905 0.0110986 0.0280341 0.0573615 0.095083 0.127694 0.138955 0.122567 0.0877329 0.0511929 0.0248287 0.0109098 0.00581872 0.00529576 0.00672752 0.00895905 0.0115055 0.0140615 0.0163419 0.0180817 0.0190838 0.0192612 0.0186531 0.0174072 0.0157361 0.0138637 0.0119794 0.0102117 0.00862508 0.00723355 0.00602161 0.00496393
 1.01204e-16 3.24857e-05 0.000190662 0.000906315 0.00348935 0.0108812 0.0274851 0.0562385 0.0932223 0.125198 0.136247 0.120195 0.0860747 0.0503041 0.0245443 0.0110338 0.0062384 0.00598911 0.00772087 0.0102838 0.0131682 0.0160265 0.0185243 0.0203518 0.0212829 0.0212258 0.0202414 0.0185215 0.0163356 0.0139655 0.0116484 0.00954436 0.00773093 0.00621881 0.00497779 0.00396168
 1.01848e-16 2.72134e-05 0.000159702 0.000759108 0.00292254 0.00911361 0.0230204 0.047104 0.0780844 0.104878 0.114163 0.100781 0.0723211 0.0425672 0.0213319 0.0105446 0.00730035 0.0081481 0.0109478 0.0146952 0.0188639 0.0230095 0.0266676 0.0293986 0.0308763 0.0309602 0.0297228 0.0274205 0.0244204 0.0211103 0.0178202 0.0147775 0.0120992 0.00981249 0.00788979 0.00628108
 1.02388e-16 2.95553e-05 0.000173458 0.000824522 0.00317443 0.00989913 0.0250045 0.0511629 0.0848098 0.113902 0.123961 0.109374 0.0783612 0.0458695 0.0225193 0.0103625 0.00620229 0.00626379 0.00822762 0.0110539 0.0142739 0.0175533 0.0205572 0.022965 0.0245275 0.0251188 0.0247563 0.0235832 0.0218215 0.0197126 0.0174676 0.0152387 0.0131157 0.0111394 0.00932316 0.00767073
 1.0245e-16 2.91019e-05 0.000170794 0.000811854 0.00312564 0.009747 0.0246202 0.0503769 0.0835076 0.112155 0.122066 0.107715 0.0772027 0.0452511 0.0223265 0.010459 0.00650965 0.0067662 0.0089413 0.011996 0.0154412 0.0189102 0.0220324 0.0244567 0.0259188 0.026297 0.0256348 0.024117 0.0220141 0.0196124 0.0171546 0.0148068 0.0126547 0.0107216 0.00899557 0.00745401
 1.02061e-16 3.1484e-05 0.000184783 0.000878367 0.00338175 0.0105457 0.0266375 0.0545041 0.0903473 0.121336 0.132043 0.116485 0.0834127 0.0487389 0.023764 0.0106571 0.00599465 0.00574013 0.0074154 0.00991823 0.0127709 0.0156545 0.0182612 0.0203009 0.0215535 0.0219155 0.021418 0.0202081 0.0185038 0.0165374 0.0145074 0.0125514 0.0107431 0.00910588 0.0076351 0.00631685
 1.02013e-16 2.95999e-05 0.000173717 0.000825751 0.00317915 0.00991385 0.0250417 0.0512392 0.0849371 0.114075 0.124156 0.109559 0.0785244 0.0460257 0.0227081 0.0106357 0.0066145 0.0068663 0.009061 0.012137 0.015591 0.0190436 0.0221132 0.0244399 0.0257564 0.0259455 0.0250629 0.0233124 0.0209866 0.0183939 0.0157952 0.0133679 0.0112016 0.0093156 0.00768822 0.00628311
 1.02234e-16 2.94152e-05 0.000172634 0.000820603 0.00315933 0.00985205 0.0248856 0.0509197 0.0844072 0.113363 0.123378 0.108869 0.0780191 0.0457092 0.0225145 0.0104837 0.00644048 0.00663062 0.00874239 0.0117296 0.0151056 0.0185108 0.0215829 0.0239776 0.0254338 0.0258283 0.0251981 0.0237187 0.0216506 0.0192719 0.0168215 0.0144665 0.0122975 0.0103451 0.00860497 0.00706048
 1.02124e-16 3.07867e-05 0.000180688 0.000858898 0.00330678 0.0103119 0.026047 0.053296 0.0883452 0.118649 0.129123 0.113918 0.0815955 0.047719 0.0233449 0.0106021 0.00615024 0.0060479 0.00787288 0.0105414 0.0135724 0.0166323 0.0193945 0.0215504 0.0228661 0.0232322 0.0226828 0.0213758 0.0195446 0.0174379 0.015268 0.0131818 0.0112579 0.00952108 0.00796552 0.00657556
 1.02066e-16 3e-05 0.000176067 0.000836925 0.00322218 0.010048 0.0253806 0.0519326 0.086086 0.115617 0.12583 0.111028 0.0795587 0.0465947 0.0229195 0.0106189 0.00644932 0.0065776 0.00864266 0.0115758 0.0148819 0.018198 0.0211619 0.023432 0.0247526 0.025009 0.0242491 0.02266 0.0205131 0.0180952 0.0156498 0.0133435 0.011262 0.00942676 0.00782182 0.00641849
 1.04083e-16 1.73411e-05 0.00010173 0.000483476 0.00186124 0.00580395 0.0146607 0.0300004 0.0497391 0.0668288 0.0728037 0.0644101 0.046526 0.0279993 0.0151725 0.0093873 0.0089082 0.0116244 0.0161954 0.0219044 0.0282214 0.0345601 0.0402567 0.0446689 0.0473101 0.0479549 0.0466805 0.0438247 0.0398845 0.0353886 0.030789 0.0263991 0.0223858 0.0188 0.0156254 0.0128223
 1.05673e-16 2.46427e-05 0.000144619 0.000687425 0.00264658 0.00825306 0.0208466 0.0426555 0.0707081 0.0949649 0.103356 0.091205 0.0653694 0.0383169 0.0189126 0.00888309 0.0055843 0.00589663 0.00791874 0.0108184 0.0142374 0.0179212 0.0215992 0.0249894 0.027841 0.0299751 0.0313052 0.0318306 0.0316118 0.0307382 0.029303 0.0273927 0.0250907 0.0224864 0.0196838 0.0168013
 1.03987e-16 2.9724e-05 0.000174451 0.00082925 0.00319264 0.00995594 0.0251479 0.0514562 0.0852953 0.114552 0.124662 0.109978 0.0787621 0.04604 0.0224833 0.0101446 0.00579728 0.00563762 0.00733347 0.00985167 0.012748 0.0157269 0.0185011 0.0207979 0.022407 0.0232232 0.0232625 0.0226429 0.0215421 0.0201453 0.0186032 0.0170115 0.015413 0.0138159 0.0122169 0.0106196
pSPR Fmed_Fpbrs
0.44582   0.6 0.325
Fs Fmed_Fpbrs
0.64   0.347742 1.06838
SSBpbr Bo_Bmed_Bpbrs
2.16027e+06  855078  1.18815e+06 594074
Ro
56387.3
SPR SPRFo_SPRFmed_SPRFpbrs
1.16464e+06 519219 378507
log_Ro
10.76
likeval ReclasPelacesDesembMPH_pf_preclas_ppelaces_ptallas_desvR_qrecl_qpela
 63.5019 20.4667 0.0279393 22.5587 337.06 218.884 54.8636 0 17.9563 5.98048e-05 8.1944e-06 4.12533e-16 0 0 0
q_reclas_q_pelaces
0.334256 1.50269
M
0.7
N
 59076.5 15168.1 5630.86 662.492 0.37033
 72490.9 27086.7 4876.93 1810.46 213.126
 44299.7 33883.3 9672.13 1741.46 722.583
 62295.6 20192.9 10552.5 3012.24 767.389
 100890 30430.6 9168.42 4791.25 1716.11
 75687.9 49924.9 14824.9 4466.59 3170.2
 121835 36215.3 20251.1 6013.46 3097.72
 115434 59086.4 15808.5 8839.93 3977.18
 142808 54708.2 22752.6 6087.45 4935.53
 132052 67308.6 20441.4 8501.36 4118.66
 66925.2 62917.7 26680.6 8102.8 5002.48
 41249.5 30448.2 19392.7 8223.6 4039.36
 42240.7 18867.8 9663.34 6154.66 3891.89
 24139.2 18391.7 4577.62 2344.47 2437.44
 18072 9448.97 2498.59 621.887 649.641
 19053.9 7154.21 1364.95 360.934 183.679
 14780.2 8660.64 2193.9 418.575 167.01
 19056 6861.97 2980.8 755.091 201.545
 22978.1 9028.29 2637.55 1145.74 367.705
 36920.6 10991 3655.66 1067.98 612.811
 48077.9 17669.6 4463.4 1484.55 682.56
 65638.3 23466.4 7987.28 2017.62 979.611
 102564 31878 10323.2 3513.72 1318.52
 140763 49647.4 13773.6 4460.37 2087.87
 60183 68227.7 21605.8 5994.05 2849.69
 87505.1 29273 30263.8 9583.69 3922.83
 143889 42527.6 12926.8 13364.3 5964.38
pred_Ctot
 3273.34 3942.43 1463.54 172.192 0.0962543
 3073.13 5577.06 1004.14 372.767 43.882
 2627.9 9331.09 2663.6 479.578 198.991
 731.262 1250.62 653.549 186.558 47.527
 254.523 415.344 125.139 65.3952 23.423
 1988.61 6653.23 1975.64 595.239 422.475
 2052.16 3174.06 1774.89 527.044 271.497
 3796.67 9682.72 2590.61 1448.64 651.755
 5240.86 9901.29 4117.85 1101.73 893.25
 3857.48 9894.14 3004.81 1249.67 605.429
 4054.92 17637.7 7479.38 2271.46 1402.35
 2351.51 8107.74 5163.88 2189.78 1075.6
 3771.25 7227.24 3701.5 2357.51 1490.77
 3726.55 10319.9 2568.58 1315.52 1367.69
 2670.48 5159.24 1364.26 339.557 354.711
 1166.3 2022.78 385.928 102.051 51.9335
 694.451 1952.2 494.528 94.3513 37.6459
 631.158 1131.69 491.598 124.531 33.2392
 608.935 1212.8 354.312 153.911 49.3951
 964.656 1457.15 484.656 141.589 81.2444
 592.039 1146.2 289.534 96.3003 44.2766
 1039.74 1939.45 660.133 166.752 80.963
 1863.13 3002.37 972.272 330.933 124.183
 2426.55 4448.52 1234.15 399.659 187.078
 888.79 5272.52 1669.66 463.209 220.219
 1342.96 2347.17 2426.62 768.442 314.541
 2903.65 4425.27 1345.11 1390.64 620.634
F
 0.0797916 0.434681 0.434681 0.434681 0.434681
 0.0605381 0.329794 0.329794 0.329794 0.329794
 0.0856439 0.466563 0.466563 0.466563 0.466563
 0.0164414 0.0895682 0.0895682 0.0895682 0.0895682
 0.00351337 0.0191398 0.0191398 0.0191398 0.0191398
 0.0371365 0.202309 0.202309 0.202309 0.202309
 0.0236671 0.128931 0.128931 0.128931 0.128931
 0.0466839 0.25432 0.25432 0.25432 0.25432
 0.0522154 0.284454 0.284454 0.284454 0.284454
 0.0413661 0.225351 0.225351 0.225351 0.225351
 0.0875468 0.47693 0.47693 0.47693 0.47693
 0.0821792 0.447689 0.447689 0.447689 0.447689
 0.131483 0.716279 0.716279 0.716279 0.716279
 0.237931 1.29618 1.29618 1.29618 1.29618
 0.226661 1.23478 1.23478 1.23478 1.23478
 0.0884814 0.482021 0.482021 0.482021 0.482021
 0.0672938 0.366597 0.366597 0.366597 0.366597
 0.0470184 0.256143 0.256143 0.256143 0.256143
 0.0374627 0.204086 0.204086 0.204086 0.204086
 0.0369268 0.201167 0.201167 0.201167 0.201167
 0.0172538 0.0939936 0.0939936 0.0939936 0.0939936
 0.0222433 0.121175 0.121175 0.121175 0.121175
 0.0255454 0.139164 0.139164 0.139164 0.139164
 0.0242278 0.131986 0.131986 0.131986 0.131986
 0.0207238 0.112897 0.112897 0.112897 0.112897
 0.0215442 0.117366 0.117366 0.117366 0.117366
 0.0284138 0.15479 0.15479 0.15479 0.15479
Np
 44695.3 20822.5 24358.7 6344.7 2604.94
YTP_r0W_actual
 52665.9 197949 87467.8 115483 57194.6
YTP_p0W_proyectada
 16359.2 323270 122405 47515.2 77702.2
 16359.2 96920.7 164821 54825.8 24979.7
CTP_r0_actual
 6422.66 9164.31 2785.6 2879.89 1285.27
CTP_p0_proyectada
 1995.02 14966.2 3898.25 1184.92 1746.12
 1995.02 4487.07 5249.08 1367.23 561.342
Wmedp
 8.2 21.6 31.4 40.1 44.5
nmprior
 10.8 10.6 4.6 0
nm_flota  nm_reclas  nm_pelaces    nm_pelaL
inf 12.8176 19.4165 63.5974
cv_recla  cv_pelaces  cv_mph
0.690119 0.495581 0.634693
 ------------------------------------------------
Talla a la edad & desviaci?n 
 7.2 14.2025 17.0495 18.207 18.6776
 1.08 2.13037 2.55742 2.73105 2.80164
