years
 1997 1998 1999 2000 2001 2002 2003 2004 2005 2006 2007 2008 2009 2010 2011 2012 2013 2014 2015 2016 2017 2018 2019 2020 2021 2022 2023
reclasobs
 0 0 0 370054 412103 1.49427e+06 250295 1.28982e+06 931140 785840 897777 1.04006e+06 184774 17550 25797 100020 73551 82996 120727 218422 84188 347160 605670 569463 516374 1.08416e+06 1.01767e+06
reclaspred
 6.6183e+06 1.20117e+06 1.44681e+06 250413 236386 343983 648066 627575 652524 875889 986823 713314 373819 139487 77682.2 84386.5 83176.8 103684 135225 145490 208877 245535 403370 503234 843047 723822 316735
pelacesobs
 0 0 0 0 0 0 0 0 0 2.06254e+06 1.5e+06 0 1.87456e+06 323000 250000 174000 83755 137374 0 501740 490994 745055 786931 1.00524e+06 1.33801e+06 1.41789e+06 0
pelacespred
 1.16123e+07 5.33124e+06 1.14214e+06 466168 695858 563526 2.0525e+06 1.78134e+06 1.7179e+06 2.53499e+06 2.1214e+06 1.55726e+06 927165 289275 169840 174051 171813 232729 288455 278503 551355 573007 696214 1.10248e+06 1.66546e+06 1.34672e+06 425042
mphobs
 0 0 0 0 0 0 112323 0 153150 637223 0 255016 313432 73983 77613 109348 50772 17779 17303 59886 28197 0 207744 136588 643089 65757 70829
mphpred
 1.2084e+06 507979 215818 68597 47338 152470 175818 329759 288865 334175 444491 292241 176650 135790 59184.1 45519.9 35695.3 43403.3 40607.9 36902.6 50549.8 75367 85604.3 128639 197132 137745 109629
desembarqueobs
 350755 77701 442110 56441 14545 235359 269955 359681 431902 328805 639364 411747 362871 311530 167758 66681 60226 58785 57116 73181 50977 67692 138656 160484 209506 203330 245020
desembarquepred
 350742 77675.7 441485 56405.2 14542.1 235156 269854 359027 431280 328497 638149 410968 362137 310888 167250 66606.5 60190.3 58682.8 57016.9 73083.1 50954.8 67606.7 138532 160359 209315 203031 244668
Reclutas
 10350.2 15033.6 1709.18 4566.04 38285.9 12621.3 64520.6 53635.6 67200.8 112745 61870.4 51140.8 56759.1 28837.2 12665.4 9072.51 6593.02 8466.5 8193.7 8209.97 15691.1 17942 27519.4 48652.4 11454.8 30301.5 1825.15
log_desv_Rt
 -0.555235 -0.181957 -2.35623 -1.3736 0.752837 -0.35686 1.27474 1.08997 1.31544 1.83288 1.2328 1.04234 1.14657 0.469423 -0.353372 -0.686996 -1.00623 -0.756128 -0.788879 -0.786896 -0.139151 -0.00509877 0.422646 0.992455 -0.453834 0.518952 -2.29058
SSB
 1.44994e+06 609514 258955 82308.2 56799.9 182946 200999 387910 331502 388217 533336 350655 224410 130883 61696.9 47309.8 40524.2 45114.2 59700.5 60219.9 73491.6 105325 125559 174324 306223 231620 169038
BT
 1.94963e+06 741472 381658 133157 241974 290520 1.02516e+06 902364 978601 1.12171e+06 1.12348e+06 806198 674536 387948 198103 104989 99964.7 120836 116107 128065 202790 179275 256072 426427 452196 456609 258619
Ftot
 0.197825 0.331478 1.43087 1.16299 0.332684 1.7884 1.85656 1.77465 2.21372 1.36882 1.88434 1.87189 3.06378 4.95303 4.95303 2.19133 2.17026 1.88233 1.29512 1.60116 0.893997 0.913266 1.15907 1.1397 0.762707 1.15077 2.07823
BD_Bspro_t
 0.97294 0.809575 0.545739 0.172962 0.223227 0.524196 0.376654 0.47484 0.385591 0.384151 0.422726 0.268392 0.190741 0.13239 0.0756545 0.0717406 0.0857301 0.132011 0.208052 0.252384 0.321084 0.467125 0.466783 0.474828 0.540244 0.395295 0.317864
BD_Bspro
 3.89273 1.6364 0.695232 0.220978 0.152494 0.491164 0.539633 1.04145 0.890003 1.04227 1.43188 0.941422 0.602486 0.351389 0.165641 0.127015 0.108798 0.121121 0.160281 0.161676 0.197307 0.282772 0.337095 0.468018 0.822134 0.621844 0.453825
BD_Bo
 2.662 1.11903 0.475427 0.151113 0.104281 0.335877 0.369022 0.71218 0.608618 0.712742 0.979173 0.643781 0.412003 0.240294 0.113272 0.0868579 0.0743999 0.082827 0.109607 0.11056 0.134926 0.193371 0.230518 0.320048 0.562207 0.425241 0.310343
BD_Brms
 4.84 2.0346 0.864412 0.274751 0.189602 0.610685 0.670949 1.29487 1.10658 1.29589 1.78032 1.17051 0.749096 0.436897 0.205949 0.157924 0.135273 0.150595 0.199285 0.201018 0.24532 0.351583 0.419124 0.581906 1.02219 0.773165 0.56426
S_f
 0.0761697 0.803039 0.995065 0.9999 0.999998
 0.0761697 0.803039 0.995065 0.9999 0.999998
 0.0761697 0.803039 0.995065 0.9999 0.999998
 0.0761697 0.803039 0.995065 0.9999 0.999998
 0.0761697 0.803039 0.995065 0.9999 0.999998
 0.0761697 0.803039 0.995065 0.9999 0.999998
 0.0761697 0.803039 0.995065 0.9999 0.999998
 0.0761697 0.803039 0.995065 0.9999 0.999998
 0.0761697 0.803039 0.995065 0.9999 0.999998
 0.0761697 0.803039 0.995065 0.9999 0.999998
 0.0761697 0.803039 0.995065 0.9999 0.999998
 0.0761697 0.803039 0.995065 0.9999 0.999998
 0.0761697 0.803039 0.995065 0.9999 0.999998
 0.0761697 0.803039 0.995065 0.9999 0.999998
 0.0761697 0.803039 0.995065 0.9999 0.999998
 0.0761697 0.803039 0.995065 0.9999 0.999998
 0.0761697 0.803039 0.995065 0.9999 0.999998
 0.0761697 0.803039 0.995065 0.9999 0.999998
 0.0761697 0.803039 0.995065 0.9999 0.999998
 0.0761697 0.803039 0.995065 0.9999 0.999998
 0.0761697 0.803039 0.995065 0.9999 0.999998
 0.0761697 0.803039 0.995065 0.9999 0.999998
 0.0761697 0.803039 0.995065 0.9999 0.999998
 0.0761697 0.803039 0.995065 0.9999 0.999998
 0.0761697 0.803039 0.995065 0.9999 0.999998
 0.0761697 0.803039 0.995065 0.9999 0.999998
 0.0761697 0.803039 0.995065 0.9999 0.999998
Scru_reclas
 0.0813673 0.308323 0.691677 0.918633 0.982704
 0.0813673 0.308323 0.691677 0.918633 0.982704
 0.0813673 0.308323 0.691677 0.918633 0.982704
 0.0813673 0.308323 0.691677 0.918633 0.982704
 0.0813673 0.308323 0.691677 0.918633 0.982704
 0.0813673 0.308323 0.691677 0.918633 0.982704
 0.0813673 0.308323 0.691677 0.918633 0.982704
 0.0813673 0.308323 0.691677 0.918633 0.982704
 0.0813673 0.308323 0.691677 0.918633 0.982704
 0.0813673 0.308323 0.691677 0.918633 0.982704
 0.0813673 0.308323 0.691677 0.918633 0.982704
 0.0813673 0.308323 0.691677 0.918633 0.982704
 0.0813673 0.308323 0.691677 0.918633 0.982704
 0.0813673 0.308323 0.691677 0.918633 0.982704
 0.0813673 0.308323 0.691677 0.918633 0.982704
 0.0813673 0.308323 0.691677 0.918633 0.982704
 0.0813673 0.308323 0.691677 0.918633 0.982704
 0.0813673 0.308323 0.691677 0.918633 0.982704
 0.0813673 0.308323 0.691677 0.918633 0.982704
 0.0813673 0.308323 0.691677 0.918633 0.982704
 0.0813673 0.308323 0.691677 0.918633 0.982704
 0.0813673 0.308323 0.691677 0.918633 0.982704
 0.0813673 0.308323 0.691677 0.918633 0.982704
 0.0813673 0.308323 0.691677 0.918633 0.982704
 0.0813673 0.308323 0.691677 0.918633 0.982704
 0.0813673 0.308323 0.691677 0.918633 0.982704
 0.0813673 0.308323 0.691677 0.918633 0.982704
Scru_pelaces
 0.205193 0.565078 0.867351 0.970508 0.993998
 0.205193 0.565078 0.867351 0.970508 0.993998
 0.205193 0.565078 0.867351 0.970508 0.993998
 0.205193 0.565078 0.867351 0.970508 0.993998
 0.205193 0.565078 0.867351 0.970508 0.993998
 0.205193 0.565078 0.867351 0.970508 0.993998
 0.205193 0.565078 0.867351 0.970508 0.993998
 0.205193 0.565078 0.867351 0.970508 0.993998
 0.205193 0.565078 0.867351 0.970508 0.993998
 0.205193 0.565078 0.867351 0.970508 0.993998
 0.205193 0.565078 0.867351 0.970508 0.993998
 0.205193 0.565078 0.867351 0.970508 0.993998
 0.205193 0.565078 0.867351 0.970508 0.993998
 0.205193 0.565078 0.867351 0.970508 0.993998
 0.205193 0.565078 0.867351 0.970508 0.993998
 0.205193 0.565078 0.867351 0.970508 0.993998
 0.205193 0.565078 0.867351 0.970508 0.993998
 0.205193 0.565078 0.867351 0.970508 0.993998
 0.205193 0.565078 0.867351 0.970508 0.993998
 0.205193 0.565078 0.867351 0.970508 0.993998
 0.205193 0.565078 0.867351 0.970508 0.993998
 0.205193 0.565078 0.867351 0.970508 0.993998
 0.205193 0.565078 0.867351 0.970508 0.993998
 0.205193 0.565078 0.867351 0.970508 0.993998
 0.205193 0.565078 0.867351 0.970508 0.993998
 0.205193 0.565078 0.867351 0.970508 0.993998
 0.205193 0.565078 0.867351 0.970508 0.993998
pf_obs 
 0.256992 0.487395 0.22802 0.0275931 0
 0.321318 0.546541 0.124235 0.00734118 0.000564706
 0.182869 0.594174 0.210203 0.0122559 0.00049798
 0.330522 0.361315 0.267642 0.0388342 0.00168674
 0.649043 0.306663 0.0425973 0.00169635 0
 0.582887 0.30429 0.105238 0.00758474 0
 0.465427 0.430635 0.0974691 0.00646863 0
 0.296916 0.608066 0.0921331 0.00288517 0
 0.311714 0.524322 0.152257 0.0117073 0
 0.15457 0.633149 0.183074 0.0267441 0.00246327
 0.131901 0.49318 0.331252 0.0422183 0.00144891
 0.196976 0.569456 0.194076 0.0375587 0.00193317
 0.518974 0.381816 0.0799577 0.0180837 0.00116848
 0.0928022 0.601141 0.25162 0.0475244 0.00691264
 0.122501 0.610282 0.24278 0.0234846 0.000952079
 0.383417 0.481906 0.127806 0.00687128 0
 0.0376549 0.599619 0.316969 0.0457579 0
 0.0361596 0.667082 0.258105 0.0386534 0
 0.158088 0.579412 0.248529 0.0139706 0
 0.0477256 0.309471 0.559284 0.082774 0.000745712
 0.0406174 0.521527 0.379366 0.0568643 0.0016247
 0.151134 0.462217 0.34131 0.0453401 0
 0.294876 0.26143 0.354403 0.0886775 0.000613685
 0.281977 0.475581 0.204845 0.0348837 0.00271318
 0.0841818 0.532909 0.334909 0.0458182 0.00218182
 0.115287 0.27431 0.454777 0.147771 0.00785563
 0 0 0 0 0
pf_pred 
 0.0165065 0.63973 0.303622 0.0401395 2.29697e-06
 0.0437361 0.13999 0.572483 0.215456 0.0283346
 0.0124766 0.372328 0.11108 0.35416 0.149955
 0.147265 0.184282 0.317068 0.0639389 0.287446
 0.597981 0.307945 0.0265931 0.032152 0.0353288
 0.0910405 0.858812 0.0405375 0.0027279 0.00688206
 0.561187 0.300716 0.133125 0.00402741 0.000944388
 0.22487 0.751455 0.0183349 0.00514945 0.000190199
 0.299358 0.60456 0.0941811 0.0014754 0.000425097
 0.341002 0.606924 0.0475376 0.00444799 8.86424e-05
 0.149827 0.767232 0.078363 0.0041822 0.000395469
 0.196836 0.645271 0.147806 0.00953643 0.000550904
 0.310607 0.592164 0.0842074 0.0121976 0.000823255
 0.252783 0.713646 0.0309277 0.00229406 0.00034907
 0.256997 0.726809 0.0159154 0.000257453 2.14658e-05
 0.259647 0.723479 0.0167344 0.000136932 2.34135e-06
 0.209638 0.713883 0.0754204 0.00105067 8.63683e-06
 0.298599 0.615012 0.0811359 0.00518096 7.18805e-05
 0.21944 0.7076 0.0670126 0.00558981 0.000357892
 0.215376 0.649695 0.125989 0.00821716 0.000722839
 0.312469 0.580144 0.0944546 0.012084 0.0008489
 0.209538 0.682606 0.0950618 0.0112638 0.00153074
 0.258156 0.585895 0.13992 0.0141405 0.00188882
 0.304369 0.5912 0.0879985 0.0147563 0.00167629
 0.0510513 0.826745 0.108696 0.0113969 0.00211052
 0.237293 0.316554 0.402197 0.0391286 0.00482806
 0.0185234 0.840765 0.070746 0.0631242 0.00684108
pobs_RECLAS
 0 0 0 0 0
 0 0 0 0 0
 0 0 0 0 0
 0 0 0 0 0
 0.835266 0.146461 0.0176864 0.000547809 3.91292e-05
 0.385257 0.428462 0.181853 0.0044286 0
 0.867414 0.0963971 0.0333333 0.00285562 0
 0.441836 0.489002 0.0689373 0.000224442 0
 0.779404 0.147425 0.0564933 0.0165055 0.000172143
 0.814271 0.122319 0.05973 0.00367925 0
 0.40263 0.566651 0.0304383 0.000280538 0
 0.475488 0.404961 0.113038 0.00651328 0
 0.955842 0.0263864 0.0167828 0.000988607 0
 0.975058 0.0227948 0.00214734 0 0
 0.738997 0.206755 0.0527124 0.00153531 0
 0.850938 0.134255 0.0134407 0.00136685 0
 0.542534 0.407297 0.0501686 0 0
 0.764087 0.199537 0.0359546 0.000420521 0
 0.470689 0.182191 0.310203 0.0369168 0
 0.84361 0.089868 0.0606195 0.00523954 0.000663233
 0.607945 0.314616 0.071237 0.00620181 0
 0.523733 0.453247 0.0230204 0 0
 0.530135 0.295979 0.169645 0.0042399 0
 0.562478 0.366248 0.0663022 0.0049721 0
 0.250443 0.683176 0.0655157 0.000865301 0
 0.195077 0.31981 0.436473 0.0351445 0.0134964
 0.565238 0.351407 0.0832357 0.000118908 0
ppred_RECLAS
 0.0348529 0.480982 0.41215 0.0720107 4.40777e-06
 0.0658306 0.0744734 0.548512 0.272809 0.0383753
 0.0217746 0.208913 0.108118 0.455091 0.206104
 0.217506 0.0900269 0.271887 0.072406 0.348174
 0.764125 0.13907 0.0216292 0.0345584 0.0406173
 0.237206 0.689175 0.0554189 0.00492101 0.0132791
 0.773607 0.126555 0.0950898 0.00379561 0.000951983
 0.478367 0.493213 0.0205164 0.00760357 0.000300393
 0.573758 0.336701 0.0871856 0.00180106 0.000555043
 0.600752 0.346133 0.0471644 0.00582655 0.000124199
 0.351108 0.546893 0.0946599 0.00666535 0.000674146
 0.412909 0.412411 0.160199 0.0136373 0.000842635
 0.620121 0.299403 0.0668136 0.0127428 0.000919875
 0.659535 0.319702 0.0186532 0.00181447 0.000295275
 0.666565 0.323673 0.00954219 0.000202427 1.80503e-05
 0.542321 0.440532 0.0169603 0.000183015 3.34706e-06
 0.459911 0.45796 0.0806345 0.00148138 1.30249e-05
 0.562188 0.352304 0.0787727 0.00663649 9.84831e-05
 0.445124 0.468347 0.0774177 0.00852688 0.000583948
 0.435166 0.413787 0.138045 0.0118836 0.00111814
 0.542125 0.3414 0.0985658 0.0166574 0.00125166
 0.412521 0.455048 0.112299 0.0175769 0.00255499
 0.473071 0.355265 0.148945 0.0198787 0.00284017
 0.53932 0.347298 0.0908241 0.0201135 0.00244395
 0.123917 0.688194 0.161145 0.022322 0.00442152
 0.388971 0.171841 0.383424 0.0492624 0.00650168
 0.0530971 0.713996 0.100682 0.11849 0.013735
pobs_PELACES
 0 0 0 0 0
 0 0 0 0 0
 0 0 0 0 0
 0 0 0 0 0
 0 0 0 0 0
 0 0 0 0 0
 0 0 0 0 0
 0 0 0 0 0
 0 0 0 0 0
 0 0 0 0 0
 0.450072 0.473896 0.0757376 0.000293798 0
 0 0 0 0 0
 0.463077 0.371075 0.160297 0.00555027 0
 0.529543 0.364841 0.0842815 0.0213345 0
 0.631943 0.363953 0.00410389 0 0
 0.735681 0.248677 0.0153453 0.000297389 0
 0.695825 0.281241 0.0229344 0 0
 0.275771 0.60734 0.115278 0.00161068 0
 0 0 0 0 0
 0.896147 0.0623911 0.0374545 0.00400742 0
 0.803859 0.145111 0.0509908 3.86294e-05 0
 0.739449 0.233085 0.0266225 0.000797448 4.60066e-05
 0.878498 0.100942 0.0204185 0.000141795 0
 0.694673 0.275183 0.0284847 0.00165964 0
 0.469039 0.446079 0.0841089 0.000773354 0
 0.822795 0.102175 0.0682046 0.00682512 0
 0 0 0 0 0
ppred_PELACES
 0.0591103 0.565371 0.327345 0.04817 2.82293e-06
 0.137232 0.104205 0.514209 0.215351 0.0290029
 0.0638494 0.315865 0.102151 0.361426 0.156709
 0.451944 0.102854 0.197434 0.0442148 0.203553
 0.853802 0.10427 0.0108642 0.0146166 0.0164477
 0.406412 0.5588 0.0274509 0.00204776 0.00529022
 0.898941 0.0684662 0.0312915 0.00104919 0.00025193
 0.664002 0.325058 0.00826757 0.00257413 9.73607e-05
 0.775035 0.194364 0.0299284 0.000519038 0.000153134
 0.751853 0.226712 0.0193805 0.0020127 4.10745e-05
 0.555251 0.399985 0.0420376 0.00248631 0.000240749
 0.632532 0.293054 0.0691753 0.00494636 0.000292602
 0.838191 0.141042 0.0177349 0.00283578 0.000195974
 0.900247 0.0966686 0.00281951 0.000229247 3.57122e-05
 0.901564 0.096979 0.00142922 2.53426e-05 2.16324e-06
 0.736876 0.257174 0.00589612 5.34152e-05 9.35228e-07
 0.67758 0.291354 0.0305898 0.000471828 3.97162e-06
 0.750662 0.217662 0.0295547 0.00209146 2.97135e-05
 0.615522 0.344987 0.0359436 0.00332843 0.000218228
 0.634763 0.298762 0.0616161 0.00445737 0.00040152
 0.690234 0.254929 0.0475848 0.00676543 0.000486707
 0.567544 0.365478 0.0582419 0.00766894 0.00106727
 0.650397 0.268812 0.0716495 0.0080415 0.00109998
 0.700452 0.249401 0.0415165 0.00773184 0.000899449
 0.202198 0.679662 0.103753 0.0120935 0.00229343
 0.612942 0.149327 0.211939 0.0228989 0.00289344
 0.125162 0.743004 0.0628412 0.0621009 0.00689164
pobs_pel_tallas
 0 0 0 0 0 0 0 0 0 0 0 0 0 0 0 0 0 0 0 0 0 0 0 0 0 0 0 0 0 0 0 0 0 0 0 0
 0 0 0 0 0 0 0 0 0 0 0 0 0 0 0 0 0 0 0 0 0 0 0 0 0 0 0 0 0 0 0 0 0 0 0 0
 0 0 0 0 0 0 0 0 0 0 0 0 0 0 0 0 0 0 0 0 0 0 0 0 0 0 0 0 0 0 0 0 0 0 0 0
 0 0 0 0 0 0 0 0 0 0 0 0 0 0 0 0 0 0 0 0 0 0 0 0 0 0 0 0 0 0 0 0 0 0 0 0
 0 0 0 0 0 0 0 0 0 0 0 0 0 0 0 0 0 0 0 0 0 0 0 0 0 0 0 0 0 0 0 0 0 0 0 0
 0 0 0 0 0 0 0 0 0 0 0 0 0 0 0 0 0 0 0 0 0 0 0 0 0 0 0 0 0 0 0 0 0 0 0 0
 0 0 0 0 0 0 0 0 0 0 0 0 0 0 0 0 0 0 0 0 0 0 0 0 0 0 0 0 0 0 0 0 0 0 0 0
 0 0 0 0 0 0 0 0 0 0 0 0 0 0 0 0 0 0 0 0 0 0 0 0 0 0 0 0 0 0 0 0 0 0 0 0
 0 0 0 0 0 0 0 0 0 0 0 0 0 0 0 0 0 0 0 0 0 0 0 0 0 0 0 0 0 0 0 0 0 0 0 0
 0 0 0 0 0 0 0 0 0 0 0 0 0 0 0 0 0 0 0 0 0 0 0 0 0 0 0 0 0 0 0 0 0 0 0 0
 0 0 0 0 0 0 0 0 1.78061e-05 0.00172719 0.00360574 0.0105946 0.0120993 0.0124554 0.0147524 0.0171206 0.0266825 0.0428682 0.0675386 0.121331 0.153587 0.119568 0.100827 0.0573624 0.0630603 0.0341343 0.0324427 0.0444173 0.0211091 0.0280891 0.0125444 0.00206551 0 0 0 0
 0 0 0 0 0 0 0 0 0 0 0 0 0 0 0 0 0 0 0 0 0 0 0 0 0 0 0 0 0 0 0 0 0 0 0 0
 0 0 0 0 0 0 0.0133647 0.0140871 0.0187388 0.0205184 0.03894 0.0496705 0.03968 0.0493445 0.0407372 0.0367815 0.0215668 0.0243155 0.0234873 0.0199281 0.019796 0.0243948 0.0301388 0.0376714 0.0412746 0.0863199 0.0771752 0.113111 0.0741005 0.0525337 0.0229764 0.00759418 0.00175318 0 0 0
 0 0 0 0 0 0 0 0 0 0 0.00219441 0.00772107 0.0458388 0.0604681 0.0671733 0.0775358 0.0609151 0.0617685 0.073594 0.0568108 0.0755445 0.0548602 0.0670107 0.0636378 0.0643287 0.046367 0.0373049 0.0286899 0.0247887 0.0153202 0.00654259 0.00121912 0.000365735 0 0 0
 0 0 0 0 0 0 0 0 0 0 0 0 0.000112435 0.00938835 0.0111873 0.0202946 0.0414886 0.0713402 0.111592 0.104902 0.108894 0.110636 0.117776 0.105296 0.107544 0.0401394 0.0192827 0.0124803 0.00416011 0.0028671 0.000618394 0 0 0 0 0
 0 0 0 0 0 0 0 0 0 0 0.00291406 0.0102884 0.027416 0.0768956 0.0749926 0.110853 0.0956884 0.0897413 0.0766577 0.0534642 0.0500743 0.0551293 0.0594112 0.0620874 0.0668451 0.0424026 0.0208742 0.0120726 0.0048766 0.00582813 0.00118941 0.000297354 0 0 0 0
 0 0.00264628 0.0354308 0.0461629 0.0458689 0.0383711 0.0214643 0.0164657 0.0346957 0.0420465 0.0363128 0.0245516 0.0311673 0.0291091 0.0169068 0.0133784 0.00837989 0.0085269 0.0148486 0.0160247 0.0276389 0.0546898 0.0760071 0.122758 0.109233 0.0665981 0.0333725 0.0166128 0.00676272 0.00308733 0.000882094 0 0 0 0 0
 0 0 0 0 0 0 0 0.000805153 0.000690131 0.00759144 0.0133425 0.0154129 0.00931677 0.000345066 0.00356568 0.00563607 0.00851162 0.0253048 0.0502646 0.0516448 0.0657925 0.0565908 0.0611916 0.0827007 0.0866115 0.110766 0.145733 0.0935128 0.0569358 0.0249597 0.0138026 0.00621118 0.00161031 0.00115022 0 0
 0 0 0 0 0 0 0 0 0 0 0 0 0 0 0 0 0 0 0 0 0 0 0 0 0 0 0 0 0 0 0 0 0 0 0 0
 0.00147267 0.00158595 0.00478618 0.00569244 0.00954404 0.0108468 0.00647125 0.017049 0.0510054 0.094081 0.124002 0.0959785 0.0687766 0.0820023 0.061753 0.0591476 0.0492212 0.0479892 0.0443925 0.0268479 0.0217502 0.0140895 0.0121071 0.0120363 0.00920419 0.00665534 0.0049561 0.00860946 0.00930331 0.0156896 0.0114698 0.00855282 0.00243557 0.00046729 0 2.83206e-05
 0 0 0 0 0.000772559 0.00158375 0.000888443 0.00281984 0.00712685 0.0440552 0.0773331 0.111326 0.0921469 0.0852325 0.0710754 0.0886704 0.0786465 0.0553345 0.0373146 0.0185414 0.00753245 0.00457741 0.012979 0.0271748 0.0457355 0.0583668 0.034881 0.0177882 0.00938659 0.00492506 0.0015258 0.00185414 0.000309023 5.79419e-05 3.86279e-05 0
 0 0.00173294 0.00326652 0 0.00397197 0.00683976 0.00946217 0.0152591 0.00757587 0.0136028 0.0228656 0.0392903 0.0559909 0.0764795 0.0681675 0.0726916 0.0566044 0.0477403 0.0527397 0.0444891 0.0609904 0.0582453 0.0661739 0.0445044 0.0529084 0.0360697 0.0280645 0.0235558 0.0158879 0.00826598 0.00280645 0.00217768 0.000904811 0.00058276 9.20147e-05 0
 0 0 0 0 0 0 0 0 0 0 0 0 0 0 0 0 0 0 0 0 0 0 0 0 0 0 0 0 0 0 0 0 0 0 0 0
 0 0 0 0 0 0 0 0 0 0 0 0 0 0 0 0 0 0 0 0 0 0 0 0 0 0 0 0 0 0 0 0 0 0 0 0
 0 0 0 0 0 0 0 0 0 0 0 0 0 0 0 0 0 0 0 0 0 0 0 0 0 0 0 0 0 0 0 0 0 0 0 0
 0 0 0 0 0 0 0 0 0 0 0 0 0 0 0 0 0 0 0 0 0 0 0 0 0 0 0 0 0 0 0 0 0 0 0 0
 0 0 0 0 0 0 0 0 0 0 0 0 0 0 0 0 0 0 0 0 0 0 0 0 0 0 0 0 0 0 0 0 0 0 0 0
ppred_pel_tallas
 1.06487e-16 2.61382e-06 1.52529e-05 7.23223e-05 0.000278138 0.000867066 0.00219075 0.00448719 0.00745562 0.010066 0.0110945 0.0101209 0.00797603 0.00613283 0.00574576 0.00726676 0.0106957 0.015921 0.0228108 0.0311149 0.0403551 0.0498048 0.0585724 0.0657609 0.0706526 0.0728535 0.0723562 0.0694976 0.0648393 0.0590147 0.0525974 0.0460259 0.0395913 0.0334674 0.0277585 0.0225382
 1.16089e-16 6.00182e-06 3.51854e-05 0.000167176 0.000643507 0.00200657 0.00506849 0.0103719 0.0171969 0.0231084 0.0251821 0.0222974 0.0161485 0.00980866 0.00549639 0.00371972 0.00394895 0.0055581 0.00822489 0.0118764 0.0165213 0.0221354 0.0286101 0.0357367 0.0432097 0.0506411 0.0575845 0.0635682 0.0681384 0.0709109 0.0716236 0.0701819 0.0666833 0.0614116 0.0548015 0.0473767
 1.21295e-16 2.80903e-06 1.64252e-05 7.79537e-05 0.000299919 0.000935066 0.00236221 0.00483603 0.00802644 0.0108102 0.0118453 0.0106428 0.00804335 0.00555463 0.00431318 0.00467926 0.00653115 0.00967202 0.0139773 0.0193341 0.0255474 0.0323022 0.0391923 0.0457916 0.0517365 0.0567857 0.0608374 0.0638956 0.0660073 0.0671966 0.0674267 0.0666048 0.0646245 0.0614238 0.0570389 0.0516286
 1.13867e-16 1.97237e-05 0.000115747 0.000550183 0.00211819 0.00660532 0.0166845 0.0341389 0.0565899 0.0760016 0.0827125 0.0729767 0.0522799 0.0305961 0.015016 0.00691976 0.00419675 0.00436835 0.00595014 0.00833677 0.0113253 0.0148112 0.0186768 0.0227736 0.0269331 0.0309814 0.0347474 0.0380643 0.0407679 0.0426996 0.0437177 0.0437171 0.0426534 0.0405605 0.0375569 0.0338368
 1.0146e-16 3.72466e-05 0.000218622 0.00103926 0.00400126 0.0124776 0.0315174 0.0644879 0.106893 0.143546 0.156183 0.13771 0.0984572 0.057218 0.0273153 0.0112584 0.00493744 0.00353149 0.00409535 0.00536164 0.00686169 0.00837028 0.00970976 0.0107234 0.0112985 0.0113904 0.0110312 0.010317 0.00937981 0.00835394 0.00734725 0.00642611 0.0056149 0.00490663 0.00427836 0.00370529
 1.0089e-16 1.77568e-05 0.000104158 0.000494992 0.00190553 0.00594204 0.0150096 0.0307154 0.050928 0.0684366 0.0745826 0.0660487 0.0478502 0.0290759 0.0162582 0.0108139 0.0110022 0.0146732 0.0204209 0.0274173 0.0349599 0.0422384 0.0483487 0.0524452 0.0539318 0.0526071 0.0487151 0.0428762 0.0359297 0.0287389 0.0220208 0.0162461 0.0116201 0.008129 0.00561888 0.00387663
 1.00515e-16 3.92135e-05 0.000230173 0.00109418 0.00421273 0.0131371 0.0331831 0.0678958 0.112541 0.151126 0.164421 0.144951 0.103584 0.0600967 0.0285008 0.0114206 0.0045125 0.00268922 0.00285048 0.00367963 0.00472034 0.00578897 0.0067593 0.00752107 0.0079903 0.0081252 0.00793325 0.00746531 0.00679988 0.00602309 0.00521131 0.00442095 0.00368635 0.00302376 0.00243789 0.00192795
 1.00317e-16 2.89794e-05 0.000170066 0.000808376 0.00311222 0.00970511 0.0245145 0.0501613 0.0831529 0.111687 0.121577 0.107334 0.0770373 0.0453711 0.0227867 0.0113399 0.00793468 0.00888734 0.0119004 0.0158747 0.0202099 0.0243884 0.0278753 0.0301785 0.0309538 0.0300886 0.0277311 0.0242495 0.0201395 0.0159096 0.0119813 0.00863009 0.00597414 0.00400142 0.00261658 0.00168882
 1.00514e-16 3.38158e-05 0.000198471 0.000943444 0.00363231 0.011327 0.0286112 0.0585424 0.0970409 0.130324 0.141822 0.125104 0.0895677 0.0523013 0.0254359 0.011293 0.00618441 0.00576237 0.00735236 0.00975902 0.0124611 0.0151134 0.0173894 0.0189897 0.0196989 0.0194348 0.0182664 0.0163922 0.0140878 0.0116407 0.00929377 0.00721132 0.00547273 0.00408689 0.00301752 0.00220829
 1.00421e-16 3.28062e-05 0.000192542 0.000915246 0.00352373 0.0109884 0.0277559 0.0567927 0.0941417 0.126434 0.137597 0.121398 0.08696 0.05087 0.0249102 0.0113483 0.00662095 0.00651947 0.00844677 0.011224 0.0143076 0.0173084 0.0198483 0.0215812 0.0222617 0.021803 0.0202976 0.0179899 0.015214 0.0123149 0.00958092 0.00720366 0.00526996 0.00378012 0.00267909 0.00188793
 1.00824e-16 2.42405e-05 0.000142237 0.000676058 0.00260274 0.00811629 0.0205014 0.0419507 0.0695461 0.0934229 0.101727 0.0898835 0.0646752 0.0384177 0.0199007 0.0109028 0.00889356 0.0108349 0.0148117 0.0198558 0.0253517 0.0306947 0.0352327 0.0383558 0.0396283 0.0388926 0.0363059 0.0322932 0.0274376 0.0223431 0.0175162 0.0132951 0.00983579 0.00714411 0.00512921 0.00365837
 1.01262e-16 2.7606e-05 0.000162006 0.000770061 0.00296471 0.00924511 0.0233526 0.0477837 0.0792112 0.106392 0.115811 0.102238 0.0733694 0.0431904 0.0216552 0.0107217 0.00744276 0.00831644 0.0111687 0.0149752 0.0191944 0.0233664 0.0270107 0.0296743 0.0310233 0.0309183 0.0294428 0.0268722 0.0235983 0.0200347 0.0165344 0.0133416 0.0105822 0.00828431 0.00641418 0.00491043
 1.00405e-16 3.65675e-05 0.000214631 0.00102028 0.00392817 0.0122497 0.0309416 0.0633103 0.104942 0.140929 0.153345 0.135229 0.0967301 0.0563082 0.0270569 0.0114556 0.00548463 0.00442025 0.00536815 0.00706354 0.00900552 0.0109146 0.0125488 0.0136913 0.0141869 0.013978 0.0131169 0.0117498 0.0100782 0.0083115 0.00662545 0.0051378 0.0039037 0.00292669 0.00217755 0.00161305
 1.00082e-16 3.92715e-05 0.000230511 0.00109578 0.00421889 0.0131563 0.0332316 0.0679953 0.112706 0.151351 0.164672 0.145185 0.103782 0.0602715 0.0286959 0.0116922 0.00491767 0.0032802 0.00366791 0.0047425 0.00601366 0.00725386 0.00829044 0.00897497 0.00920472 0.00894607 0.00824302 0.00720503 0.00597961 0.00471815 0.00354628 0.00254624 0.00175354 0.0011649 0.000752151 0.000476478
 1.00053e-16 3.9329e-05 0.000230848 0.00109739 0.00422506 0.0131755 0.0332802 0.0680948 0.112871 0.151572 0.164912 0.145397 0.103934 0.0603596 0.0287377 0.0117088 0.00492374 0.0032827 0.00366892 0.00474164 0.00600933 0.00724361 0.00827122 0.00894344 0.00915773 0.00888129 0.00815941 0.00710332 0.00586235 0.00458953 0.00341165 0.00241144 0.00162415 0.00104563 0.000646438 0.000386255
 1.0017e-16 3.21543e-05 0.000188712 0.000897032 0.00345359 0.0107697 0.0272035 0.0556626 0.0922693 0.123922 0.134871 0.119012 0.0852915 0.0499758 0.0246244 0.0114733 0.00704294 0.00721538 0.0094415 0.0125467 0.0159615 0.0192538 0.021996 0.0237979 0.0243874 0.0236762 0.0217829 0.0190004 0.0157231 0.0123552 0.0092322 0.00657339 0.00447296 0.00292128 0.001842 0.00113011
 1.00546e-16 2.95702e-05 0.000173537 0.000824885 0.00317579 0.00990337 0.0250153 0.0511856 0.0848498 0.113963 0.124046 0.109492 0.07854 0.0461636 0.023014 0.0111738 0.00747007 0.00813619 0.0108331 0.0144622 0.0184536 0.0223381 0.025635 0.0278991 0.0288131 0.0282623 0.0263619 0.0234223 0.0198694 0.0161443 0.0126172 0.0095353 0.00701316 0.0050551 0.00359473 0.00253468
 1.00564e-16 3.27539e-05 0.000192235 0.000913792 0.00351814 0.010971 0.0277119 0.0567025 0.0939919 0.126232 0.137375 0.121198 0.086808 0.0507629 0.0248243 0.0112534 0.00649048 0.00633301 0.00819046 0.0108923 0.0139062 0.0168575 0.0193829 0.0211483 0.021914 0.02159 0.0202562 0.0181376 0.0155453 0.0128029 0.0101828 0.00786834 0.00594647 0.00442451 0.00325879 0.0023834
 1.00748e-16 2.68664e-05 0.000157659 0.000749384 0.00288508 0.00899678 0.0227254 0.0465007 0.0770861 0.103543 0.112723 0.099543 0.0715037 0.042229 0.0214257 0.0110215 0.0081688 0.00947045 0.0128025 0.0171337 0.0218725 0.0264835 0.0304016 0.0331007 0.0342052 0.0335789 0.0313573 0.0279065 0.0237289 0.0193448 0.0151901 0.0115556 0.00857548 0.00625428 0.00451362 0.00323932
 1.01144e-16 2.77035e-05 0.000162578 0.000772779 0.00297517 0.00927773 0.023435 0.0479523 0.0794909 0.106768 0.116221 0.102602 0.0736352 0.0433558 0.0217544 0.010797 0.00752693 0.00842961 0.0113214 0.0151705 0.0194268 0.0236212 0.0272638 0.0298939 0.0311747 0.0309694 0.0293706 0.0266671 0.0232666 0.019597 0.0160224 0.0127922 0.0100319 0.0077648 0.00594869 0.00451282
 1.01014e-16 3.01205e-05 0.000176771 0.000840267 0.00323503 0.0100881 0.0254819 0.0521401 0.0864308 0.116083 0.126344 0.111498 0.079931 0.0468844 0.0231946 0.010967 0.00695474 0.00731329 0.00966521 0.0129155 0.0165286 0.0200885 0.0231745 0.0253945 0.0264629 0.0262653 0.0248836 0.022567 0.0196653 0.0165447 0.0135154 0.0107883 0.00846751 0.00656915 0.00505367 0.00385764
 1.0126e-16 2.47752e-05 0.000145379 0.000691003 0.00266029 0.00829577 0.0209547 0.042878 0.0710821 0.0954825 0.10396 0.0918335 0.0660281 0.0391208 0.0200812 0.0107102 0.00840607 0.010055 0.0137043 0.0183889 0.0235254 0.0285596 0.0328961 0.0359752 0.0373913 0.0369871 0.0348884 0.0314624 0.0272204 0.0226958 0.0183384 0.0144521 0.0111836 0.00854947 0.00648442 0.00488764
 1.01433e-16 2.8384e-05 0.000166576 0.000791791 0.00304838 0.00950605 0.0240117 0.049132 0.0814454 0.10939 0.119067 0.105094 0.0753796 0.0442944 0.022062 0.0106817 0.00710999 0.00773749 0.0103299 0.0138496 0.0177712 0.021668 0.0250988 0.0276471 0.0290037 0.0290349 0.0278093 0.0255699 0.022666 0.0194678 0.0162926 0.013361 0.010789 0.0086072 0.00679186 0.00529589
 1.00979e-16 3.05658e-05 0.000179386 0.0008527 0.0032829 0.0102374 0.025859 0.0529116 0.0877094 0.117799 0.128209 0.113139 0.0810949 0.0475421 0.0234735 0.0110208 0.00688443 0.00715921 0.0094313 0.0125923 0.0161062 0.019563 0.0225508 0.0246868 0.0256935 0.025462 0.0240758 0.0217823 0.0189271 0.0158706 0.0129172 0.0102723 0.00803532 0.00621849 0.00477909 0.00365115
 1.02217e-16 8.85721e-06 5.18979e-05 0.000246516 0.000948795 0.00295846 0.00747355 0.0152969 0.0253755 0.0341365 0.0372998 0.0332638 0.0246028 0.0159552 0.0107273 0.00980776 0.0125123 0.0179012 0.0252907 0.0341123 0.0436582 0.0529859 0.0610043 0.0666752 0.0692464 0.0684288 0.0644605 0.0580296 0.0500922 0.0416449 0.0335275 0.0263066 0.0202538 0.0153978 0.0116126 0.00870558
 1.0398e-16 2.67463e-05 0.000156971 0.000746152 0.0028727 0.00895821 0.0226277 0.0462996 0.0767475 0.103072 0.11217 0.0989593 0.0708758 0.0414411 0.020262 0.00919335 0.00534599 0.00531855 0.00704226 0.00962431 0.0127046 0.0160513 0.0194237 0.0225653 0.0252389 0.0272619 0.0285283 0.0290083 0.0287332 0.0277733 0.0262198 0.0241746 0.0217503 0.0190707 0.0162698 0.0134849
 1.0359e-16 5.50047e-06 3.21855e-05 0.00015279 0.000587903 0.00183302 0.00463086 0.00948105 0.0157374 0.0212 0.0232413 0.0209084 0.0158568 0.0110496 0.00871702 0.00955226 0.0132713 0.0193889 0.0274857 0.0370762 0.0474291 0.0575278 0.0661897 0.0722942 0.0750379 0.0741262 0.0698403 0.0629477 0.0544993 0.0455764 0.0370755 0.0295822 0.023353 0.0183784 0.014487 0.0114472
pSPR Fmed_Fpbrs
0.504804   0.6 0.325
Fs Fmed_Fpbrs
0.64   0.426847 1.47834
SSBpbr Bo_Bmed_Bpbrs
544680  247723  299574 149787
Ro
18033.7
SPR SPRFo_SPRFmed_SPRFpbrs
372473 188026 121054
log_Ro
9.62
likeval ReclasPelacesDesembMPH_pf_preclas_ppelaces_ptallas_desvR_qrecl_qpela
 75.0251 11.7615 0.260825 15.4533 393.55 224.372 59.0919 0 42.8414 0.000192265 0.000439322 7.20225e-15 0 0 0
q_reclas_q_pelaces
7.13394 19.7268
M
0.7
N
 10350.2 40505 15768.4 2075.38 0.118753
 15033.6 5062.91 17159.7 6431.19 845.69
 1709.18 7279.33 1926.59 6127.1 2594.14
 4566.04 761.111 1145.67 230.372 1035.61
 38285.9 2075.21 148.54 178.841 196.495
 12621.3 18536.5 788.916 52.9745 133.64
 64520.6 5469.37 2189.32 66.0948 15.4979
 53635.6 27814.9 611.568 171.391 6.33018
 67200.8 23267.1 3321.64 51.9424 14.9653
 112745 28192.8 1952.94 182.258 3.63195
 61870.4 50443.9 4663.88 248.396 23.4874
 51140.8 26616 5516.06 355.159 20.5161
 56759.1 22021.1 2939.71 425.288 28.7033
 28837.2 22319.2 933.947 69.2278 10.5337
 12665.4 9819.76 207.623 3.35628 0.279834
 9072.51 4312.86 91.3478 0.746127 0.0127572
 6593.02 3812.7 368.573 5.12517 0.0421291
 8466.5 2775.15 331.387 21.1172 0.292967
 8193.7 3642.76 303.955 25.286 1.61886
 8209.97 3686.65 639.357 41.602 3.65943
 15691.1 3608.85 506.071 64.5347 4.53326
 17942 7279.04 874.131 103.244 14.0297
 27519.4 8311.02 1736.05 174.945 23.367
 48652.4 12511 1627.1 272.057 30.9035
 11454.8 22151.2 2487.76 259.949 48.135
 30301.5 5367.25 5962 578.36 71.3595
 1825.15 13784.5 1057.81 942.063 102.092
pred_Ctot
 111.417 4318.1 2049.41 270.937 0.0155043
 269.954 864.07 3533.56 1329.87 174.891
 127.726 3811.62 1137.15 3625.63 1535.12
 279.804 350.136 602.431 121.484 546.148
 689.964 355.314 30.6837 37.0977 40.7631
 1165.06 10990.3 518.763 34.9093 88.0706
 6169.01 3305.71 1463.42 44.2725 10.3815
 4915.2 16425.3 400.763 112.557 4.15737
 7572.32 15292.5 2382.33 37.3204 10.7529
 8076.52 14374.8 1125.91 105.349 2.09947
 5998.66 30717.9 3137.44 167.443 15.8335
 4927.63 16153.9 3700.21 238.737 13.7915
 8610.92 16416.5 2334.47 338.153 22.823
 6660.11 18802.5 814.857 60.442 9.197
 2925.14 8272.53 181.149 2.93032 0.244323
 1012.71 2821.8 65.2695 0.534081 0.00913201
 729.366 2483.72 262.401 3.65544 0.030049
 820.048 1689.02 222.825 14.2286 0.197407
 556.711 1795.16 170.009 14.1812 0.907959
 682.7 2059.41 399.362 26.0468 2.29126
 745.772 1384.63 225.436 28.841 2.02608
 870.576 2836.05 394.957 46.7984 6.35982
 1680.91 3814.9 911.05 92.0719 12.2985
 2923.93 5679.37 845.359 141.756 16.1033
 466.509 7554.83 993.272 104.145 19.286
 1838.09 2452.05 3115.45 303.093 37.3985
 193.931 8802.41 740.677 660.88 71.6228
F
 0.0150682 0.158861 0.196848 0.197805 0.197824
 0.0252486 0.26619 0.329842 0.331445 0.331477
 0.108989 1.14905 1.42381 1.43073 1.43087
 0.0885846 0.933926 1.15725 1.16287 1.16299
 0.0253405 0.267158 0.331042 0.332651 0.332684
 0.136222 1.43615 1.77957 1.78822 1.78839
 0.141414 1.49089 1.8474 1.85638 1.85656
 0.135174 1.42511 1.76589 1.77447 1.77465
 0.168618 1.7777 2.20279 2.2135 2.21371
 0.104263 1.09922 1.36207 1.36869 1.36882
 0.143529 1.5132 1.87504 1.88415 1.88433
 0.142581 1.5032 1.86265 1.8717 1.87189
 0.233367 2.46034 3.04866 3.06348 3.06378
 0.377271 3.97748 4.92859 4.95254 4.95302
 0.377271 3.97748 4.92859 4.95253 4.95302
 0.166913 1.75972 2.18051 2.19111 2.19132
 0.165308 1.74281 2.15955 2.17005 2.17026
 0.143376 1.51158 1.87304 1.88214 1.88232
 0.098649 1.04003 1.28873 1.29499 1.29512
 0.12196 1.2858 1.59326 1.601 1.60116
 0.0680955 0.717914 0.889584 0.893907 0.893995
 0.0695632 0.733388 0.908759 0.913175 0.913264
 0.0882864 0.930782 1.15335 1.15896 1.15907
 0.0868103 0.91522 1.13407 1.13958 1.13969
 0.0580951 0.612483 0.758942 0.76263 0.762705
 0.0876538 0.924113 1.14509 1.15065 1.15077
 0.158298 1.6689 2.06797 2.07802 2.07823
Np
 11965.2 5751.68 272.693 418.911 28.4993
YTP_r0W_actual
 344.961 63375.1 8469.98 9671.81 1163.24
YTP_p0W_proyectada
 2261.48 3556.91 10329.1 681.901 708.704
 2261.48 26443.8 2183.47 4300.81 324.723
CTP_r0_actual
 42.0685 2934.03 269.744 241.192 26.1403
CTP_p0_proyectada
 275.79 164.672 328.954 17.005 15.9259
 275.79 1224.25 69.5373 107.252 7.29714
Wmedp
 8.2 21.6 31.4 40.1 44.5
nmprior
 10.8 10.6 4.6 0
nm_flota  nm_reclas  nm_pelaces    nm_pelaL
inf 16.3573 13.5411 38.3985
cv_recla  cv_pelaces  cv_mph
0.750125 0.375684 0.52531
 ------------------------------------------------
Talla a la edad & desviaci?n 
 7.2 14.2025 17.0495 18.207 18.6776
 1.08 2.13037 2.55742 2.73105 2.80164
