years
 1997 1998 1999 2000 2001 2002 2003 2004 2005 2006 2007 2008 2009 2010 2011 2012 2013 2014 2015 2016 2017 2018 2019 2020 2021 2022 2023
reclasobs
 0 0 0 370054 412103 1.49427e+06 250295 1.28982e+06 931140 785840 897777 1.04006e+06 184774 17550 25797 100020 73551 82996 120727 218422 84188 347160 605670 569463 516374 1.08416e+06 1.01767e+06
reclaspred
 600066 147045 334333 197001 317305 391684 844936 620305 742790 852183 772978 545860 316133 121151 75632.4 75050.4 79494.2 102818 119140 155869 241814 245170 423027 544503 724774 660812 525643
pelacesobs
 0 0 0 0 0 0 0 0 0 2.06254e+06 1.5e+06 0 1.87456e+06 323000 250000 174000 83755 137374 0 501740 490994 745055 786931 1.00524e+06 1.33801e+06 1.41789e+06 0
pelacespred
 2.23483e+06 470911 596872 587113 876800 727427 2.27298e+06 1.7808e+06 2.0946e+06 2.3694e+06 1.746e+06 1.27691e+06 770675 244951 165198 161087 173631 239015 263451 345976 646702 588472 816431 1.23917e+06 1.52391e+06 1.47505e+06 1.11342e+06
mphobs
 0 0 0 0 0 0 112323 0 153150 637223 0 255016 313432 73983 77613 109348 50772 17779 17303 59886 28197 0 207744 136588 643089 65757 70829
mphpred
 205692 107694 111342 88494.2 97321.2 166697 229304 309000 286362 340210 368787 256202 153084 118405 51958.4 44185.1 40971.9 50888.5 30944.5 33630.2 53456.9 70868.4 87288.9 129773 174487 163068 138490
desembarqueobs
 350755 77701 442110 56441 14545 235359 269955 359681 431902 328805 639364 411747 362871 311530 167758 66681 60226 58785 57116 73181 50977 67692 138656 160484 209506 203330 245020
desembarquepred
 350753 77692.3 442003 56443.8 14545.4 235467 270035 359571 431836 328764 639102 411641 362816 311504 167507 66669.5 60252.2 58764.9 57082.8 73167.6 50978.2 67672.3 138653 160489 209494 203303 244983
Reclutas
 32970.3 40973.7 16534.2 22628.4 43537.2 29215.6 66711.2 65806.1 94980.3 112756 64771.1 47081.7 46944.7 27258.5 14776.6 11287.2 7819.53 10093.4 11144.5 15398.2 22319 28764.8 44151.4 62337.9 25187.8 35596.7 41772.6
log_desv_Rt
 0.0633634 0.280687 -0.626813 -0.313038 0.341371 -0.057541 0.768128 0.754468 1.12142 1.29298 0.738615 0.41964 0.416726 -0.12688 -0.739202 -1.00858 -1.37562 -1.12037 -1.0213 -0.697997 -0.326805 -0.0730913 0.35538 0.700325 -0.205886 0.140009 0.299996
SSB
 421453 220661 228136 181321 199407 341554 454276 623882 569512 680358 755627 524946 327332 164860 76852.3 64928.5 63811.1 74269 95292 110680 163042 209917 267338 376035 561442 544228 432000
BT
 1.42399e+06 344096 530467 331709 426134 503158 1.33326e+06 1.24246e+06 1.43454e+06 1.44457e+06 1.37557e+06 965211 723818 405491 219489 131271 132198 163155 168695 222515 349820 323542 469376 708806 824796 827147 713328
Ftot
 1.13844 1.11671 2.10902 0.539536 0.096788 0.950434 0.653959 1.16548 1.25943 0.810674 1.39103 1.23141 2.03959 4.26253 4.47284 1.76584 1.47521 1.14918 0.886042 0.903152 0.421217 0.485619 0.56966 0.563793 0.458402 0.467193 0.764517
BD_Bspro_t
 0.900804 0.61201 0.51091 0.296489 0.436593 0.624561 0.550643 0.592119 0.531715 0.528572 0.519696 0.362443 0.26381 0.169667 0.0980094 0.101373 0.13563 0.206937 0.301273 0.389877 0.514367 0.640061 0.656003 0.663919 0.68891 0.617048 0.557787
BD_Bspro
 0.659379 0.345232 0.356927 0.283683 0.311979 0.534374 0.710732 0.976087 0.891023 1.06445 1.18221 0.821298 0.512123 0.257929 0.120238 0.101583 0.0998348 0.116197 0.149088 0.173163 0.255085 0.328423 0.418261 0.588321 0.878397 0.851466 0.67588
BD_Bo
 0.63209 0.330945 0.342155 0.271943 0.299068 0.512258 0.681318 0.935691 0.854147 1.02039 1.13328 0.787308 0.490929 0.247255 0.115262 0.097379 0.0957031 0.111388 0.142918 0.165997 0.244528 0.314831 0.400951 0.563973 0.842044 0.816227 0.647908
BD_Brms
 1.14925 0.601718 0.6221 0.494441 0.54376 0.931379 1.23876 1.70126 1.553 1.85526 2.06051 1.43147 0.892597 0.449554 0.209568 0.177053 0.174006 0.202523 0.25985 0.301812 0.444596 0.57242 0.729002 1.02541 1.53099 1.48405 1.17801
S_f
 0.0801329 0.623375 0.969181 0.998329 0.999912
 0.0801329 0.623375 0.969181 0.998329 0.999912
 0.0801329 0.623375 0.969181 0.998329 0.999912
 0.0801329 0.623375 0.969181 0.998329 0.999912
 0.0801329 0.623375 0.969181 0.998329 0.999912
 0.0801329 0.623375 0.969181 0.998329 0.999912
 0.0801329 0.623375 0.969181 0.998329 0.999912
 0.0801329 0.623375 0.969181 0.998329 0.999912
 0.0801329 0.623375 0.969181 0.998329 0.999912
 0.0801329 0.623375 0.969181 0.998329 0.999912
 0.0801329 0.623375 0.969181 0.998329 0.999912
 0.0801329 0.623375 0.969181 0.998329 0.999912
 0.0801329 0.623375 0.969181 0.998329 0.999912
 0.0801329 0.623375 0.969181 0.998329 0.999912
 0.0801329 0.623375 0.969181 0.998329 0.999912
 0.0801329 0.623375 0.969181 0.998329 0.999912
 0.0801329 0.623375 0.969181 0.998329 0.999912
 0.0801329 0.623375 0.969181 0.998329 0.999912
 0.0801329 0.623375 0.969181 0.998329 0.999912
 0.0801329 0.623375 0.969181 0.998329 0.999912
 0.0801329 0.623375 0.969181 0.998329 0.999912
 0.0801329 0.623375 0.969181 0.998329 0.999912
 0.0801329 0.623375 0.969181 0.998329 0.999912
 0.0801329 0.623375 0.969181 0.998329 0.999912
 0.0801329 0.623375 0.969181 0.998329 0.999912
 0.0801329 0.623375 0.969181 0.998329 0.999912
 0.0801329 0.623375 0.969181 0.998329 0.999912
Scru_reclas
 0.42033 0.784912 0.948361 0.989296 0.997855
 0.42033 0.784912 0.948361 0.989296 0.997855
 0.42033 0.784912 0.948361 0.989296 0.997855
 0.42033 0.784912 0.948361 0.989296 0.997855
 0.42033 0.784912 0.948361 0.989296 0.997855
 0.42033 0.784912 0.948361 0.989296 0.997855
 0.42033 0.784912 0.948361 0.989296 0.997855
 0.42033 0.784912 0.948361 0.989296 0.997855
 0.42033 0.784912 0.948361 0.989296 0.997855
 0.42033 0.784912 0.948361 0.989296 0.997855
 0.42033 0.784912 0.948361 0.989296 0.997855
 0.42033 0.784912 0.948361 0.989296 0.997855
 0.42033 0.784912 0.948361 0.989296 0.997855
 0.42033 0.784912 0.948361 0.989296 0.997855
 0.42033 0.784912 0.948361 0.989296 0.997855
 0.42033 0.784912 0.948361 0.989296 0.997855
 0.42033 0.784912 0.948361 0.989296 0.997855
 0.42033 0.784912 0.948361 0.989296 0.997855
 0.42033 0.784912 0.948361 0.989296 0.997855
 0.42033 0.784912 0.948361 0.989296 0.997855
 0.42033 0.784912 0.948361 0.989296 0.997855
 0.42033 0.784912 0.948361 0.989296 0.997855
 0.42033 0.784912 0.948361 0.989296 0.997855
 0.42033 0.784912 0.948361 0.989296 0.997855
 0.42033 0.784912 0.948361 0.989296 0.997855
 0.42033 0.784912 0.948361 0.989296 0.997855
 0.42033 0.784912 0.948361 0.989296 0.997855
Scru_pelaces
 0.735004 1 1 1 1
 0.735004 1 1 1 1
 0.735004 1 1 1 1
 0.735004 1 1 1 1
 0.735004 1 1 1 1
 0.735004 1 1 1 1
 0.735004 1 1 1 1
 0.735004 1 1 1 1
 0.735004 1 1 1 1
 0.735004 1 1 1 1
 0.735004 1 1 1 1
 0.735004 1 1 1 1
 0.735004 1 1 1 1
 0.735004 1 1 1 1
 0.735004 1 1 1 1
 0.735004 1 1 1 1
 0.735004 1 1 1 1
 0.735004 1 1 1 1
 0.735004 1 1 1 1
 0.735004 1 1 1 1
 0.735004 1 1 1 1
 0.735004 1 1 1 1
 0.735004 1 1 1 1
 0.735004 1 1 1 1
 0.735004 1 1 1 1
 0.735004 1 1 1 1
 0.735004 1 1 1 1
pf_obs 
 0.256992 0.487395 0.22802 0.0275931 0
 0.321318 0.546541 0.124235 0.00734118 0.000564706
 0.182869 0.594174 0.210203 0.0122559 0.00049798
 0.330522 0.361315 0.267642 0.0388342 0.00168674
 0.649043 0.306663 0.0425973 0.00169635 0
 0.582887 0.30429 0.105238 0.00758474 0
 0.465427 0.430635 0.0974691 0.00646863 0
 0.296916 0.608066 0.0921331 0.00288517 0
 0.311714 0.524322 0.152257 0.0117073 0
 0.15457 0.633149 0.183074 0.0267441 0.00246327
 0.131901 0.49318 0.331252 0.0422183 0.00144891
 0.196976 0.569456 0.194076 0.0375587 0.00193317
 0.518974 0.381816 0.0799577 0.0180837 0.00116848
 0.0928022 0.601141 0.25162 0.0475244 0.00691264
 0.122501 0.610282 0.24278 0.0234846 0.000952079
 0.383417 0.481906 0.127806 0.00687128 0
 0.0376549 0.599619 0.316969 0.0457579 0
 0.0361596 0.667082 0.258105 0.0386534 0
 0.158088 0.579412 0.248529 0.0139706 0
 0.0477256 0.309471 0.559284 0.082774 0.000745712
 0.0406174 0.521527 0.379366 0.0568643 0.0016247
 0.151134 0.462217 0.34131 0.0453401 0
 0.294876 0.26143 0.354403 0.0886775 0.000613685
 0.281977 0.475581 0.204845 0.0348837 0.00271318
 0.0841818 0.532909 0.334909 0.0458182 0.00218182
 0.115287 0.27431 0.454777 0.147771 0.00785563
 0 0 0 0 0
pf_pred 
 0.258272 0.503045 0.212862 0.0258071 1.31523e-05
 0.259467 0.57382 0.134301 0.0290596 0.00335289
 0.121658 0.685617 0.168029 0.0200855 0.0046101
 0.232076 0.48816 0.251682 0.0247049 0.00337689
 0.265982 0.499768 0.175035 0.0534701 0.00574468
 0.132708 0.611733 0.196682 0.0443289 0.0145482
 0.296376 0.399719 0.248709 0.0429298 0.0122667
 0.215323 0.617447 0.116824 0.0415528 0.00885329
 0.281666 0.519789 0.174872 0.0167903 0.00688319
 0.244721 0.598521 0.13184 0.0220839 0.00283441
 0.136249 0.633045 0.201786 0.0244894 0.00443061
 0.147722 0.534631 0.270609 0.041424 0.00561357
 0.225441 0.515884 0.200056 0.0503212 0.00829799
 0.241975 0.632638 0.104679 0.0162701 0.00443778
 0.28826 0.657607 0.0520387 0.00178441 0.000309759
 0.277635 0.672762 0.048822 0.000755383 2.65435e-05
 0.187657 0.658644 0.148921 0.00470677 7.0694e-05
 0.25547 0.525939 0.197 0.020957 0.0006348
 0.226757 0.591927 0.149678 0.0286515 0.00298641
 0.250818 0.532426 0.186017 0.0255721 0.00516755
 0.245762 0.552155 0.165624 0.0314854 0.00497287
 0.210536 0.544925 0.20044 0.0363734 0.00772453
 0.236702 0.502224 0.206254 0.0452326 0.00958805
 0.233985 0.536789 0.176064 0.0423372 0.0108249
 0.0774861 0.636339 0.229227 0.0441286 0.0128192
 0.135969 0.321313 0.427995 0.0925578 0.0221651
 0.177788 0.473412 0.174285 0.13869 0.0358251
pobs_RECLAS
 0 0 0 0 0
 0 0 0 0 0
 0 0 0 0 0
 0 0 0 0 0
 0.835266 0.146461 0.0176864 0.000547809 3.91292e-05
 0.385257 0.428462 0.181853 0.0044286 0
 0.867414 0.0963971 0.0333333 0.00285562 0
 0.441836 0.489002 0.0689373 0.000224442 0
 0.779404 0.147425 0.0564933 0.0165055 0.000172143
 0.814271 0.122319 0.05973 0.00367925 0
 0.40263 0.566651 0.0304383 0.000280538 0
 0.475488 0.404961 0.113038 0.00651328 0
 0.955842 0.0263864 0.0167828 0.000988607 0
 0.975058 0.0227948 0.00214734 0 0
 0.738997 0.206755 0.0527124 0.00153531 0
 0.850938 0.134255 0.0134407 0.00136685 0
 0.542534 0.407297 0.0501686 0 0
 0.764087 0.199537 0.0359546 0.000420521 0
 0.470689 0.182191 0.310203 0.0369168 0
 0.84361 0.089868 0.0606195 0.00523954 0.000663233
 0.607945 0.314616 0.071237 0.00620181 0
 0.523733 0.453247 0.0230204 0 0
 0.530135 0.295979 0.169645 0.0042399 0
 0.562478 0.366248 0.0663022 0.0049721 0
 0.250443 0.683176 0.0655157 0.000865301 0
 0.195077 0.31981 0.436473 0.0351445 0.0134964
 0.565238 0.351407 0.0832357 0.000118908 0
ppred_RECLAS
 0.625988 0.27687 0.0865594 0.0105771 5.42708e-06
 0.620653 0.312134 0.0540535 0.0117898 0.00136955
 0.41464 0.491323 0.0819752 0.00979854 0.00226329
 0.584513 0.288872 0.113769 0.0112916 0.00155419
 0.619747 0.278637 0.0756763 0.0234072 0.00253252
 0.418249 0.443017 0.106508 0.0242224 0.00800396
 0.667772 0.210402 0.0994796 0.0173534 0.00499296
 0.56174 0.365132 0.0509487 0.0182614 0.00391718
 0.6527 0.271296 0.0668691 0.00646576 0.00266852
 0.595727 0.337525 0.0560426 0.00947974 0.00122509
 0.432689 0.448595 0.103742 0.0126673 0.00230711
 0.46011 0.37579 0.139633 0.0215297 0.00293732
 0.605803 0.293339 0.0779757 0.0196257 0.00325697
 0.68032 0.289881 0.024975 0.00378583 0.00103775
 0.726897 0.262212 0.0104807 0.000349532 6.09688e-05
 0.64419 0.338269 0.0172637 0.000267932 9.47633e-06
 0.523768 0.407656 0.0664331 0.00211116 3.19199e-05
 0.620876 0.290051 0.0802116 0.00859961 0.000262256
 0.574447 0.345887 0.0656495 0.0126851 0.00133128
 0.61024 0.2985 0.0782011 0.0108507 0.00220775
 0.595165 0.31589 0.0727334 0.0139868 0.00222455
 0.549567 0.335054 0.0943587 0.0173171 0.00370326
 0.589728 0.293558 0.0919705 0.0203913 0.00435247
 0.583324 0.314047 0.0786004 0.0191088 0.00491983
 0.277301 0.537085 0.148293 0.0288745 0.00844652
 0.438587 0.24434 0.249375 0.0545446 0.0131532
 0.508973 0.314771 0.0875661 0.0703836 0.0183066
pobs_PELACES
 0 0 0 0 0
 0 0 0 0 0
 0 0 0 0 0
 0 0 0 0 0
 0 0 0 0 0
 0 0 0 0 0
 0 0 0 0 0
 0 0 0 0 0
 0 0 0 0 0
 0 0 0 0 0
 0.450072 0.473896 0.0757376 0.000293798 0
 0 0 0 0 0
 0.463077 0.371075 0.160297 0.00555027 0
 0.529543 0.364841 0.0842815 0.0213345 0
 0.631943 0.363953 0.00410389 0 0
 0.735681 0.248677 0.0153453 0.000297389 0
 0.695825 0.281241 0.0229344 0 0
 0.275771 0.60734 0.115278 0.00161068 0
 0 0 0 0 0
 0.896147 0.0623911 0.0374545 0.00400742 0
 0.803859 0.145111 0.0509908 3.86294e-05 0
 0.739449 0.233085 0.0266225 0.000797448 4.60066e-05
 0.878498 0.100942 0.0204185 0.000141795 0
 0.694673 0.275183 0.0284847 0.00165964 0
 0.469039 0.446079 0.0841089 0.000773354 0
 0.822795 0.102175 0.0682046 0.00682512 0
 0 0 0 0 0
ppred_PELACES
 0.752228 0.197653 0.0449126 0.00520369 2.64553e-06
 0.74266 0.222751 0.0281064 0.00581393 0.000669186
 0.600745 0.355358 0.0385749 0.00433133 0.000990789
 0.695487 0.227339 0.0696786 0.00659514 0.000899728
 0.705725 0.227198 0.0505097 0.0149626 0.0016049
 0.555451 0.361504 0.0645382 0.0139422 0.00456522
 0.772707 0.157761 0.0572957 0.00952114 0.00271501
 0.694857 0.267024 0.0269972 0.00917272 0.00194954
 0.775293 0.187336 0.0331003 0.00303119 0.00123947
 0.709321 0.253201 0.031721 0.00510371 0.000653632
 0.588966 0.346697 0.0566181 0.0065392 0.00117991
 0.615065 0.293502 0.0784285 0.0114558 0.00154853
 0.769723 0.18839 0.0328407 0.00776973 0.001277
 0.86802 0.125503 0.00550217 0.000767416 0.000208092
 0.892618 0.105218 0.00208929 6.39821e-05 1.10389e-05
 0.776071 0.216345 0.00747053 0.000109273 3.82813e-06
 0.672758 0.292846 0.0333784 0.00100251 1.50159e-05
 0.747144 0.206958 0.041547 0.00422307 0.000127607
 0.695323 0.260236 0.0369487 0.00678589 0.000705735
 0.728971 0.220962 0.0432188 0.00569893 0.00114905
 0.69563 0.249438 0.0453034 0.00831768 0.00131126
 0.65963 0.268575 0.059226 0.0103711 0.00219828
 0.700567 0.229414 0.0557429 0.0117829 0.00249272
 0.692787 0.245623 0.0477095 0.0110588 0.00282198
 0.37746 0.490628 0.106404 0.0197736 0.00573329
 0.571575 0.213363 0.170871 0.0356667 0.00852501
 0.642868 0.252568 0.0532939 0.0407631 0.0105072
pobs_pel_tallas
 0 0 0 0 0 0 0 0 0 0 0 0 0 0 0 0 0 0 0 0 0 0 0 0 0 0 0 0 0 0 0 0 0 0 0 0
 0 0 0 0 0 0 0 0 0 0 0 0 0 0 0 0 0 0 0 0 0 0 0 0 0 0 0 0 0 0 0 0 0 0 0 0
 0 0 0 0 0 0 0 0 0 0 0 0 0 0 0 0 0 0 0 0 0 0 0 0 0 0 0 0 0 0 0 0 0 0 0 0
 0 0 0 0 0 0 0 0 0 0 0 0 0 0 0 0 0 0 0 0 0 0 0 0 0 0 0 0 0 0 0 0 0 0 0 0
 0 0 0 0 0 0 0 0 0 0 0 0 0 0 0 0 0 0 0 0 0 0 0 0 0 0 0 0 0 0 0 0 0 0 0 0
 0 0 0 0 0 0 0 0 0 0 0 0 0 0 0 0 0 0 0 0 0 0 0 0 0 0 0 0 0 0 0 0 0 0 0 0
 0 0 0 0 0 0 0 0 0 0 0 0 0 0 0 0 0 0 0 0 0 0 0 0 0 0 0 0 0 0 0 0 0 0 0 0
 0 0 0 0 0 0 0 0 0 0 0 0 0 0 0 0 0 0 0 0 0 0 0 0 0 0 0 0 0 0 0 0 0 0 0 0
 0 0 0 0 0 0 0 0 0 0 0 0 0 0 0 0 0 0 0 0 0 0 0 0 0 0 0 0 0 0 0 0 0 0 0 0
 0 0 0 0 0 0 0 0 0 0 0 0 0 0 0 0 0 0 0 0 0 0 0 0 0 0 0 0 0 0 0 0 0 0 0 0
 0 0 0 0 0 0 0 0 1.78061e-05 0.00172719 0.00360574 0.0105946 0.0120993 0.0124554 0.0147524 0.0171206 0.0266825 0.0428682 0.0675386 0.121331 0.153587 0.119568 0.100827 0.0573624 0.0630603 0.0341343 0.0324427 0.0444173 0.0211091 0.0280891 0.0125444 0.00206551 0 0 0 0
 0 0 0 0 0 0 0 0 0 0 0 0 0 0 0 0 0 0 0 0 0 0 0 0 0 0 0 0 0 0 0 0 0 0 0 0
 0 0 0 0 0 0 0.0133647 0.0140871 0.0187388 0.0205184 0.03894 0.0496705 0.03968 0.0493445 0.0407372 0.0367815 0.0215668 0.0243155 0.0234873 0.0199281 0.019796 0.0243948 0.0301388 0.0376714 0.0412746 0.0863199 0.0771752 0.113111 0.0741005 0.0525337 0.0229764 0.00759418 0.00175318 0 0 0
 0 0 0 0 0 0 0 0 0 0 0.00219441 0.00772107 0.0458388 0.0604681 0.0671733 0.0775358 0.0609151 0.0617685 0.073594 0.0568108 0.0755445 0.0548602 0.0670107 0.0636378 0.0643287 0.046367 0.0373049 0.0286899 0.0247887 0.0153202 0.00654259 0.00121912 0.000365735 0 0 0
 0 0 0 0 0 0 0 0 0 0 0 0 0.000112435 0.00938835 0.0111873 0.0202946 0.0414886 0.0713402 0.111592 0.104902 0.108894 0.110636 0.117776 0.105296 0.107544 0.0401394 0.0192827 0.0124803 0.00416011 0.0028671 0.000618394 0 0 0 0 0
 0 0 0 0 0 0 0 0 0 0 0.00291406 0.0102884 0.027416 0.0768956 0.0749926 0.110853 0.0956884 0.0897413 0.0766577 0.0534642 0.0500743 0.0551293 0.0594112 0.0620874 0.0668451 0.0424026 0.0208742 0.0120726 0.0048766 0.00582813 0.00118941 0.000297354 0 0 0 0
 0 0.00264628 0.0354308 0.0461629 0.0458689 0.0383711 0.0214643 0.0164657 0.0346957 0.0420465 0.0363128 0.0245516 0.0311673 0.0291091 0.0169068 0.0133784 0.00837989 0.0085269 0.0148486 0.0160247 0.0276389 0.0546898 0.0760071 0.122758 0.109233 0.0665981 0.0333725 0.0166128 0.00676272 0.00308733 0.000882094 0 0 0 0 0
 0 0 0 0 0 0 0 0.000805153 0.000690131 0.00759144 0.0133425 0.0154129 0.00931677 0.000345066 0.00356568 0.00563607 0.00851162 0.0253048 0.0502646 0.0516448 0.0657925 0.0565908 0.0611916 0.0827007 0.0866115 0.110766 0.145733 0.0935128 0.0569358 0.0249597 0.0138026 0.00621118 0.00161031 0.00115022 0 0
 0 0 0 0 0 0 0 0 0 0 0 0 0 0 0 0 0 0 0 0 0 0 0 0 0 0 0 0 0 0 0 0 0 0 0 0
 0.00147267 0.00158595 0.00478618 0.00569244 0.00954404 0.0108468 0.00647125 0.017049 0.0510054 0.094081 0.124002 0.0959785 0.0687766 0.0820023 0.061753 0.0591476 0.0492212 0.0479892 0.0443925 0.0268479 0.0217502 0.0140895 0.0121071 0.0120363 0.00920419 0.00665534 0.0049561 0.00860946 0.00930331 0.0156896 0.0114698 0.00855282 0.00243557 0.00046729 0 2.83206e-05
 0 0 0 0 0.000772559 0.00158375 0.000888443 0.00281984 0.00712685 0.0440552 0.0773331 0.111326 0.0921469 0.0852325 0.0710754 0.0886704 0.0786465 0.0553345 0.0373146 0.0185414 0.00753245 0.00457741 0.012979 0.0271748 0.0457355 0.0583668 0.034881 0.0177882 0.00938659 0.00492506 0.0015258 0.00185414 0.000309023 5.79419e-05 3.86279e-05 0
 0 0.00173294 0.00326652 0 0.00397197 0.00683976 0.00946217 0.0152591 0.00757587 0.0136028 0.0228656 0.0392903 0.0559909 0.0764795 0.0681675 0.0726916 0.0566044 0.0477403 0.0527397 0.0444891 0.0609904 0.0582453 0.0661739 0.0445044 0.0529084 0.0360697 0.0280645 0.0235558 0.0158879 0.00826598 0.00280645 0.00217768 0.000904811 0.00058276 9.20147e-05 0
 0 0 0 0 0 0 0 0 0 0 0 0 0 0 0 0 0 0 0 0 0 0 0 0 0 0 0 0 0 0 0 0 0 0 0 0
 0 0 0 0 0 0 0 0 0 0 0 0 0 0 0 0 0 0 0 0 0 0 0 0 0 0 0 0 0 0 0 0 0 0 0 0
 0 0 0 0 0 0 0 0 0 0 0 0 0 0 0 0 0 0 0 0 0 0 0 0 0 0 0 0 0 0 0 0 0 0 0 0
 0 0 0 0 0 0 0 0 0 0 0 0 0 0 0 0 0 0 0 0 0 0 0 0 0 0 0 0 0 0 0 0 0 0 0 0
 0 0 0 0 0 0 0 0 0 0 0 0 0 0 0 0 0 0 0 0 0 0 0 0 0 0 0 0 0 0 0 0 0 0 0 0
ppred_pel_tallas
 1.00881e-16 3.28214e-05 0.000192633 0.000915688 0.00352544 0.0109938 0.0277694 0.0568201 0.0941863 0.126492 0.137653 0.121433 0.0869538 0.0508031 0.0247605 0.0110848 0.00620278 0.00590074 0.00758698 0.010102 0.012936 0.0157448 0.0181984 0.0199907 0.0208971 0.0208243 0.0198293 0.0180984 0.0158962 0.0135014 0.0111516 0.00901032 0.00716128 0.00562221 0.00436921 0.00336017
 1.00703e-16 3.24052e-05 0.000190188 0.000904056 0.00348065 0.0108541 0.0274165 0.0560983 0.0929906 0.124888 0.135915 0.119914 0.0858971 0.050249 0.0246078 0.0112141 0.00654957 0.00645865 0.00837878 0.0111491 0.0142367 0.0172614 0.0198526 0.0216694 0.0224672 0.0221545 0.0208133 0.0186735 0.0160521 0.0132783 0.0106284 0.00828714 0.00634087 0.00479493 0.00360346 0.00269897
 1.00859e-16 2.62224e-05 0.000153877 0.000731404 0.00281585 0.00878088 0.0221801 0.045385 0.0752372 0.101061 0.110025 0.0971719 0.069824 0.0412843 0.0210338 0.0109624 0.00829947 0.00973531 0.0131978 0.0176732 0.0225678 0.027334 0.0313908 0.0341965 0.0353634 0.0347503 0.0324948 0.0289721 0.0246971 0.0202032 0.0159376 0.0121987 0.0091243 0.00671956 0.0049052 0.00356555
 1.01332e-16 3.03485e-05 0.000178113 0.000846648 0.00325961 0.0101648 0.0256755 0.052536 0.0870862 0.116961 0.127293 0.11232 0.0804879 0.0471452 0.023202 0.0107691 0.00656587 0.00671424 0.00882413 0.0118108 0.0151675 0.0185194 0.0214909 0.023728 0.0249655 0.025085 0.0241372 0.0223198 0.0199206 0.0172465 0.0145624 0.0120548 0.00982491 0.00790431 0.00628063 0.00492204
 1.01381e-16 3.07949e-05 0.000180733 0.000859107 0.00330758 0.0103144 0.0260533 0.0533091 0.0883677 0.118681 0.129164 0.113969 0.0816622 0.0478194 0.023508 0.0108668 0.00656315 0.00665836 0.00872399 0.0116577 0.014946 0.0182121 0.0210815 0.0232045 0.0243232 0.0243293 0.0232855 0.0214012 0.018974 0.0163166 0.0136942 0.0112877 0.00918799 0.00741298 0.00593574 0.00471146
 1.01727e-16 2.42477e-05 0.000142283 0.000676283 0.00260362 0.00811904 0.0205083 0.0419646 0.069568 0.0934492 0.101747 0.0898819 0.0646316 0.0383068 0.0196884 0.0105418 0.00832435 0.00999209 0.0136372 0.018317 0.0234607 0.0285241 0.0329204 0.0360962 0.0376479 0.0374144 0.0355113 0.0322906 0.0282454 0.0238907 0.019661 0.0158496 0.0125989 0.00992766 0.00777783 0.00605961
 1.01319e-16 3.37128e-05 0.00019787 0.000940593 0.00362135 0.0112928 0.0285248 0.0583654 0.0967465 0.129926 0.141381 0.124697 0.0892375 0.0520302 0.025159 0.0109264 0.005645 0.00497666 0.0062634 0.00833847 0.0107251 0.0131356 0.0153056 0.0169879 0.0179953 0.0182389 0.0177448 0.0166382 0.0151064 0.0133507 0.0115458 0.00981577 0.00823057 0.00681626 0.00557244 0.00448781
 1.00877e-16 3.03225e-05 0.000177957 0.000845899 0.00325671 0.0101557 0.0256527 0.0524896 0.0870104 0.116862 0.127194 0.112253 0.0804817 0.0472269 0.0233996 0.011122 0.00712701 0.00754376 0.00997459 0.0133082 0.0169915 0.0205889 0.0236604 0.0257994 0.0267153 0.0263019 0.024662 0.0220751 0.0189249 0.015608 0.0124555 0.00968696 0.00740188 0.00560166 0.004226 0.00318927
 1.00694e-16 3.38267e-05 0.000198536 0.000943754 0.00363351 0.0113308 0.0286206 0.0585616 0.0970726 0.130366 0.141866 0.125139 0.0895851 0.0522955 0.0254035 0.0112288 0.00607973 0.00560616 0.00713401 0.00947217 0.0121074 0.0147055 0.016952 0.0185581 0.0193147 0.0191392 0.0180937 0.0163638 0.014209 0.0119007 0.00966824 0.00766743 0.00597439 0.00459966 0.00351217 0.00266287
 1.00739e-16 3.09527e-05 0.000181657 0.000863495 0.00332447 0.010367 0.0261864 0.0535815 0.0888199 0.11929 0.129832 0.11457 0.08212 0.0481409 0.0237645 0.0111489 0.00695121 0.00721455 0.00949182 0.0126572 0.0161643 0.0195947 0.0225295 0.0245813 0.0254724 0.025099 0.0235552 0.0211034 0.0181053 0.0149366 0.0119126 0.0092445 0.00703104 0.0052784 0.00393399 0.00292015
 1.01197e-16 2.57085e-05 0.000150861 0.000717065 0.00276064 0.00860873 0.0217452 0.0444952 0.0737621 0.0990796 0.107869 0.0952675 0.0684566 0.0404782 0.020628 0.0107603 0.00816095 0.00958858 0.0130164 0.0174561 0.0223323 0.0271138 0.0312349 0.0341642 0.0355165 0.0351419 0.0331587 0.0299146 0.0258938 0.0216017 0.0174649 0.0137722 0.0106631 0.00815458 0.00618546 0.00466107
 1.01675e-16 2.68444e-05 0.000157534 0.000748803 0.00288286 0.00898987 0.0227079 0.0464645 0.0770247 0.103456 0.112618 0.0994249 0.0713635 0.0420355 0.0211247 0.01054 0.00742175 0.0083699 0.0112741 0.0151388 0.0194333 0.0237021 0.0274662 0.0302714 0.0317799 0.0318451 0.0305407 0.0281301 0.0249925 0.0215296 0.0180851 0.014898 0.0120938 0.00970523 0.0077072 0.00604975
 1.00855e-16 3.35839e-05 0.000197111 0.000936976 0.00360741 0.0112494 0.028415 0.058141 0.0963754 0.12943 0.140848 0.124242 0.0889467 0.0519296 0.0252384 0.0111776 0.00608337 0.00563807 0.00718756 0.00954914 0.012212 0.0148421 0.0171242 0.0187685 0.0195649 0.0194297 0.0184239 0.0167319 0.0146116 0.0123323 0.0101211 0.00813167 0.00643827 0.00505058 0.00393788 0.00305269
 1.00156e-16 3.78675e-05 0.000222265 0.00105658 0.00406792 0.0126855 0.0320424 0.0655624 0.108675 0.14594 0.158792 0.14002 0.100129 0.0582315 0.0278769 0.0116226 0.00529559 0.00399543 0.00472194 0.006171 0.00784003 0.00946552 0.0108293 0.0117392 0.0120614 0.011751 0.0108633 0.00953866 0.00796642 0.0063414 0.00482545 0.00352486 0.00248603 0.00170575 0.00114907 0.000767496
 1.00067e-16 3.89392e-05 0.000228559 0.0010865 0.00418316 0.0130448 0.0329501 0.0674195 0.111752 0.15007 0.16328 0.143964 0.10292 0.0597941 0.0285117 0.0116917 0.00503218 0.00348649 0.00396882 0.0051478 0.00652817 0.00787123 0.00899065 0.00972524 0.00996358 0.00966973 0.00889242 0.00775179 0.00640938 0.00503082 0.0037534 0.00266683 0.00180952 0.0011773 0.000738686 0.000450439
 1.00181e-16 3.38618e-05 0.00019874 0.000944715 0.0036372 0.0113423 0.0286497 0.0586213 0.0971723 0.130503 0.14202 0.125289 0.0897237 0.0524387 0.0255885 0.0115046 0.00649992 0.00622243 0.00798859 0.0105861 0.0134673 0.0162526 0.0185795 0.0201189 0.0206409 0.0200696 0.0185028 0.0161846 0.0134446 0.0106212 0.00799528 0.00575138 0.00396949 0.0026431 0.0017101 0.00108443
 1.00605e-16 2.936e-05 0.000172303 0.000819017 0.0031532 0.00983291 0.0248373 0.0508215 0.0842464 0.113153 0.123165 0.108716 0.0779887 0.0458494 0.0228757 0.0111374 0.00748581 0.00818299 0.0109071 0.0145667 0.0185934 0.0225169 0.0258543 0.028158 0.0291079 0.0285872 0.0267092 0.0237833 0.0202349 0.0165052 0.0129648 0.00986172 0.00731167 0.00532066 0.00382423 0.00272714
 1.00809e-16 3.26001e-05 0.000191333 0.000909506 0.00350164 0.0109195 0.0275819 0.0564365 0.0935507 0.125639 0.136728 0.120622 0.0863858 0.0504964 0.0246578 0.0111179 0.00633142 0.00611547 0.00789486 0.0105123 0.0134503 0.0163518 0.0188716 0.0206901 0.0215743 0.0214298 0.0203212 0.0184492 0.0160963 0.0135591 0.0110892 0.00885895 0.00695456 0.0053912 0.00413903 0.00314848
 1.00876e-16 3.03426e-05 0.000178075 0.000846464 0.00325889 0.0101625 0.0256698 0.0525246 0.0870683 0.116939 0.127276 0.112322 0.0805243 0.0472374 0.023378 0.0110676 0.00703531 0.00740699 0.00978522 0.0130628 0.0166945 0.0202546 0.0233139 0.0254737 0.0264469 0.0261239 0.0245975 0.0221325 0.0190958 0.0158692 0.012774 0.0100259 0.00772714 0.00588668 0.00445437 0.00335504
 1.00936e-16 3.18083e-05 0.000186683 0.000887396 0.0034165 0.010654 0.0269113 0.0550645 0.091277 0.122587 0.133411 0.117707 0.0843222 0.0493385 0.0241826 0.0110564 0.00650956 0.00646684 0.00841645 0.0112218 0.0143612 0.0174607 0.0201537 0.0220994 0.0230497 0.0229042 0.0217322 0.0197477 0.0172519 0.0145605 0.011941 0.00957584 0.00755541 0.00589469 0.00456096 0.00350108
 1.01072e-16 3.03556e-05 0.000178152 0.000846831 0.00326031 0.0101669 0.025681 0.0525474 0.0871058 0.116989 0.127328 0.112362 0.0805411 0.0472233 0.023327 0.0109706 0.00687876 0.00717434 0.00946127 0.0126392 0.0161752 0.0196605 0.0226837 0.0248615 0.0259148 0.0257324 0.0243944 0.0221444 0.019324 0.0162906 0.0133459 0.0106949 0.0084375 0.00658826 0.00510762 0.00393335
 1.01388e-16 2.87866e-05 0.000168939 0.000803028 0.00309165 0.00964097 0.0243525 0.0498293 0.0826011 0.110942 0.120754 0.106581 0.076439 0.0449031 0.0223392 0.010772 0.00711156 0.0076938 0.0102503 0.0137279 0.0175953 0.0214237 0.0247727 0.0272284 0.0284866 0.0284207 0.0271079 0.0248003 0.0218552 0.0186482 0.0154985 0.0126247 0.010137 0.00805699 0.00635113 0.00496259
 1.01388e-16 3.05701e-05 0.000179413 0.000852831 0.00328342 0.010239 0.025863 0.0529196 0.0877222 0.117815 0.128222 0.11314 0.0810739 0.0474859 0.0233646 0.0108353 0.00659206 0.00672666 0.00882931 0.0118049 0.0151408 0.018458 0.0213785 0.0235478 0.0247042 0.0247359 0.0237035 0.0218157 0.0193709 0.0166835 0.0140214 0.0115686 0.00941941 0.00759489 0.00607118 0.00480587
 1.0127e-16 3.02314e-05 0.000177424 0.000843369 0.00324698 0.0101254 0.025576 0.0523326 0.0867496 0.11651 0.126806 0.111901 0.0802077 0.0470225 0.0232179 0.0109033 0.00681589 0.00709485 0.00935509 0.0125034 0.0160133 0.0194827 0.0225075 0.0247101 0.0258148 0.0257094 0.024469 0.0223284 0.0196184 0.0166852 0.0138213 0.0112252 0.00899429 0.00714382 0.00563782 0.00441945
 1.02618e-16 1.64918e-05 9.6737e-05 0.000459725 0.00176977 0.00551868 0.0139402 0.0285268 0.0472986 0.0635579 0.0692617 0.0613271 0.0444091 0.026945 0.0149978 0.00988058 0.00997786 0.0133025 0.0185702 0.025048 0.0321326 0.0391276 0.0452447 0.0497309 0.0520314 0.0519159 0.0495263 0.0453232 0.0399593 0.0341202 0.0283877 0.0231591 0.0186338 0.0148494 0.0117431 0.00921008
 1.04119e-16 2.4945e-05 0.00014639 0.000695837 0.00267895 0.008354 0.0211016 0.0431775 0.0715745 0.0961315 0.104634 0.0923509 0.0662311 0.0389031 0.0193517 0.00933734 0.00619431 0.00676876 0.00912738 0.0124016 0.0161834 0.0201544 0.0239738 0.0272978 0.0298375 0.0314118 0.0319719 0.0315891 0.030417 0.0286414 0.0264393 0.0239564 0.0213054 0.0185764 0.0158507 0.0132085
 1.02731e-16 2.8055e-05 0.000164645 0.000782619 0.00301308 0.00939595 0.0237335 0.0485628 0.0805015 0.108121 0.117683 0.103865 0.0744827 0.0437362 0.0217265 0.0104244 0.00681726 0.0073354 0.00977307 0.0131142 0.016857 0.0206042 0.0239486 0.0265061 0.0279916 0.0282815 0.0274367 0.0256751 0.0233072 0.0206569 0.0179939 0.015497 0.0132504 0.0112653 0.00951307 0.00795454
pSPR Fmed_Fpbrs
0.535107   0.6 0.325
Fs Fmed_Fpbrs
0.64   0.48183 1.72046
SSBpbr Bo_Bmed_Bpbrs
666761  323450  366718 183359
Ro
30946
SPR SPRFo_SPRFmed_SPRFpbrs
639166 342022 207729
log_Ro
10.16
likeval ReclasPelacesDesembMPH_pf_preclas_ppelaces_ptallas_desvR_qrecl_qpela
 68.6566 12.5445 0.0192202 17.9481 331.389 208.698 56.1914 0 17.7999 3.11864e-06 0.000110124 5.28769e-14 0 0 0
q_reclas_q_pelaces
1.28434 4.45033
M
0.7
N
 32970.3 10638.9 3351.74 399.185 0.203248
 40973.7 14945.1 2598.26 552.18 63.6495
 16534.2 18605.3 3699.71 437.162 100.278
 22628.4 6933.95 2481.19 237.932 32.4824
 43537.2 10761.5 2459.84 730.394 78.3526
 29215.6 21452.9 5031.09 1112.15 364.616
 66711.2 13444.1 5890.75 994.509 283.834
 65806.1 31436.5 4441.01 1552.05 330.374
 94980.3 29764.6 7549.18 712.71 291.914
 112756 42638.1 6741.1 1106.08 141.807
 64771.1 52471.2 12773.8 1525.82 275.818
 47081.7 28771.7 10947.7 1647.46 223.054
 46944.7 21183.2 6631.06 1648.19 271.616
 27258.5 19797 2949.92 456.134 124.38
 14776.6 9619.53 689.616 23.5322 4.08394
 11287.2 5127.51 293.917 4.48682 0.157551
 7819.53 4865.48 846.911 26.3608 0.395609
 10093.4 3450.13 963.25 100.67 3.04651
 11144.5 4571.27 836.978 157.048 16.352
 15398.2 5154.9 1306.63 176.102 35.5488
 22319 7112.66 1457.83 270.397 42.6512
 28764.8 10715.4 2716.38 481.288 102.08
 44151.4 13739 3931.27 842.524 178.373
 62337.9 20946.6 4783.29 1123.96 287.025
 25187.8 29588.7 7319.35 1375.35 399.02
 35596.7 12056.8 11041.2 2330.88 557.467
 41772.6 17027.3 4474.48 3486.3 899.541
pred_Ctot
 2078.28 4047.93 1712.87 207.666 0.105834
 2535.38 5607.09 1312.32 283.956 32.7627
 1867.04 10521.9 2578.68 308.244 70.7493
 690.31 1452.03 748.628 73.4847 10.0446
 242.01 454.725 159.259 48.6509 5.22692
 1547.58 7133.75 2293.61 516.943 169.654
 2456.83 3313.49 2061.69 355.869 101.685
 4242.58 12165.8 2301.83 818.73 174.44
 6595.49 12171.4 4094.8 393.162 161.177
 5119.47 12520.8 2758.04 461.987 59.2948
 4945.05 22975.9 7323.66 888.824 160.806
 3199.76 11580.4 5861.56 897.27 121.594
 5138.73 11759.1 4560.11 1147.03 189.146
 5784.46 15123.3 2502.38 388.941 106.086
 3267.53 7454.21 589.878 20.227 3.51123
 1079.83 2616.64 189.889 2.93799 0.103238
 631.277 2215.67 500.968 15.8335 0.237814
 641.992 1321.68 495.058 52.6645 1.59524
 551.582 1439.85 364.089 69.6942 7.26437
 776.361 1648.03 575.78 79.1539 15.9952
 533.775 1199.24 359.723 68.3836 10.8007
 791.318 2048.15 753.371 136.713 29.0333
 1420.6 3014.17 1237.86 271.469 57.544
 1985.51 4554.98 1494.01 359.257 91.8561
 654.705 5376.63 1936.82 372.857 108.314
 942.718 2227.76 2967.42 641.732 153.677
 1791.51 4770.43 1756.22 1397.53 360.999
F
 0.0912269 0.709678 1.10336 1.13654 1.13834
 0.0894852 0.696128 1.08229 1.11484 1.11661
 0.169002 1.31471 2.04402 2.1055 2.10883
 0.0432346 0.336333 0.522908 0.538634 0.539488
 0.00775591 0.0603352 0.0938051 0.0966263 0.0967795
 0.076161 0.592476 0.921143 0.948846 0.95035
 0.0524037 0.407662 0.633805 0.652867 0.653902
 0.0933933 0.726531 1.12956 1.16353 1.16538
 0.100922 0.785096 1.22062 1.25732 1.25932
 0.0649617 0.505354 0.78569 0.80932 0.810603
 0.111467 0.867131 1.34816 1.3887 1.3909
 0.0986763 0.767628 1.19346 1.22935 1.2313
 0.163438 1.27143 1.97673 2.03618 2.03941
 0.341569 2.65715 4.13116 4.25541 4.26215
 0.358422 2.78825 4.33499 4.46536 4.47244
 0.141502 1.10078 1.71142 1.76289 1.76568
 0.118213 0.919608 1.42974 1.47274 1.47508
 0.0920871 0.716369 1.11376 1.14726 1.14908
 0.0710011 0.552336 0.858735 0.884561 0.885964
 0.0723722 0.563002 0.875318 0.901643 0.903072
 0.0337533 0.262576 0.408235 0.420513 0.42118
 0.0389141 0.302723 0.470653 0.484808 0.485577
 0.0456485 0.355111 0.552104 0.568708 0.56961
 0.0451784 0.351454 0.546418 0.562851 0.563744
 0.0367331 0.285756 0.444275 0.457636 0.458362
 0.0374376 0.291236 0.452795 0.466413 0.467152
 0.061263 0.47658 0.740955 0.763239 0.764449
Np
 20947.2 10008.1 7175.1 1634.37 424.831
YTP_r0W_actual
 9350.85 69819.5 38719.9 39461.5 11313.6
YTP_p0W_proyectada
 4689.05 80003.8 45431.2 11988.2 12496.7
 4689.05 41037.7 62089.8 18499.4 5343.12
CTP_r0_actual
 1140.35 3232.38 1233.12 984.077 254.238
CTP_p0_proyectada
 571.835 3703.88 1446.85 298.956 280.826
 571.835 1899.89 1977.38 461.332 120.07
Wmedp
 8.2 21.6 31.4 40.1 44.5
nmprior
 10.8 10.6 4.6 0
nm_flota  nm_reclas  nm_pelaces    nm_pelaL
inf 26.7889 15.6873 47.1811
cv_recla  cv_pelaces  cv_mph
0.717582 0.387988 0.566128
 ------------------------------------------------
Talla a la edad & desviaci?n 
 7.2 14.2025 17.0495 18.207 18.6776
 1.08 2.13037 2.55742 2.73105 2.80164
