years
 1997 1998 1999 2000 2001 2002 2003 2004 2005 2006 2007 2008 2009 2010 2011 2012 2013 2014 2015 2016 2017 2018 2019 2020 2021 2022 2023
reclasobs
 0 0 0 370054 412103 1.49427e+06 250295 1.28982e+06 931140 785840 897777 1.04006e+06 184774 17550 25797 100020 73551 82996 120727 218422 84188 347160 605670 569463 516374 1.08416e+06 1.01767e+06
reclaspred
 1.8193e+06 312796 600271 195515 266020 348985 680445 614307 674445 901564 960124 693196 378693 146520 83752.8 85343.3 84168.6 104517 131002 145477 216858 242282 402384 515395 800132 682576 320009
pelacesobs
 0 0 0 0 0 0 0 0 0 2.06254e+06 1.5e+06 0 1.87456e+06 323000 250000 174000 83755 137374 0 501740 490994 745055 786931 1.00524e+06 1.33801e+06 1.41789e+06 0
pelacespred
 3.69852e+06 1.15942e+06 630463 469823 761404 570795 2.03419e+06 1.69681e+06 1.79739e+06 2.53073e+06 2.06027e+06 1.52996e+06 913319 289708 173075 172847 171750 232415 275778 286882 565822 562800 711703 1.12315e+06 1.57979e+06 1.35881e+06 471068
mphobs
 0 0 0 0 0 0 112323 0 153150 637223 0 255016 313432 73983 77613 109348 50772 17779 17303 59886 28197 0 207744 136588 643089 65757 70829
mphpred
 460549 187285 169399 74264.6 61024.7 150397 178997 311485 283682 338720 430423 291363 174838 133937 59258 44907.5 36401.5 43684.1 38299.4 36269.9 51746.8 74198.5 86416.7 130088 191201 146897 109409
desembarqueobs
 350755 77701 442110 56441 14545 235359 269955 359681 431902 328805 639364 411747 362871 311530 167758 66681 60226 58785 57116 73181 50977 67692 138656 160484 209506 203330 245020
desembarquepred
 350731 77662.6 441557 56420.3 14543.6 235230 269912 359132 431418 328560 638330 411113 362259 310934 167285 66622.4 60203.5 58702.6 57031.1 73103.9 50961.7 67624.2 138566 160394 209359 203113 244740
Reclutas
 17209.7 44319.8 4069.1 7731.11 37444.5 15170.2 63504.5 55824.1 73960.2 113237 63758.9 49567.6 54783.8 28866.2 13047.1 9507.82 6718.93 8787.85 8619.57 9429.2 16587.7 19628.4 30417.6 50310.1 14189.1 28630.4 4346.47
log_desv_Rt
 -0.22677 0.719187 -1.66882 -1.02699 0.550616 -0.352913 1.07887 0.94996 1.23128 1.65724 1.08286 0.831092 0.931149 0.290426 -0.50368 -0.82013 -1.16732 -0.898875 -0.918209 -0.828433 -0.263583 -0.0952657 0.342777 0.845961 -0.419769 0.282225 -1.60288
SSB
 620531 252343 228243 100062 82222.9 202640 230495 411873 367114 443003 579940 392575 248216 142371 67595.9 51229.2 45015 49828.6 65541.4 68174.3 87566.5 121066 147355 206347 344810 282316 195049
BT
 1.21314e+06 387727 371739 167112 266773 317607 1.04602e+06 941098 1.06233e+06 1.18345e+06 1.18169e+06 839350 685641 393954 203413 110331 105321 127834 124343 143213 224776 201012 289797 468987 512703 503098 297302
Ftot
 0.575827 0.872266 1.85198 0.929599 0.233614 1.75313 1.58214 1.83613 2.11662 1.28138 1.8713 1.74579 2.88496 4.95303 4.95303 2.21638 2.11278 1.81453 1.29247 1.51369 0.798071 0.858035 1.05359 1.03224 0.743649 0.950798 1.92691
BD_Bspro_t
 0.934146 0.63962 0.516774 0.19346 0.255845 0.503771 0.392513 0.48648 0.412305 0.416011 0.444561 0.291877 0.207818 0.144102 0.0832609 0.0779514 0.0951418 0.14447 0.224268 0.277083 0.359967 0.50189 0.507472 0.516955 0.570214 0.445943 0.351556
BD_Bspro
 1.39154 0.565879 0.511835 0.224389 0.184385 0.45442 0.516885 0.923625 0.823253 0.993433 1.30051 0.880348 0.556624 0.319268 0.151584 0.114881 0.100946 0.111741 0.146976 0.152881 0.196368 0.27149 0.330444 0.462732 0.773236 0.633094 0.437397
BD_Bo
 1.31326 0.534047 0.483043 0.211767 0.174013 0.428858 0.487809 0.871668 0.776943 0.93755 1.22736 0.830826 0.525312 0.301308 0.143057 0.108419 0.0952676 0.105455 0.138709 0.144281 0.185322 0.256218 0.311855 0.436702 0.729739 0.597481 0.412792
BD_Brms
 2.38775 0.970995 0.87826 0.38503 0.316387 0.779742 0.886926 1.58485 1.41262 1.70464 2.23156 1.51059 0.955114 0.547833 0.260103 0.197126 0.173214 0.191736 0.252198 0.262329 0.336948 0.465852 0.56701 0.794004 1.3268 1.08633 0.750531
S_f
 0.0759099 0.696195 0.984598 0.99944 0.99998
 0.0759099 0.696195 0.984598 0.99944 0.99998
 0.0759099 0.696195 0.984598 0.99944 0.99998
 0.0759099 0.696195 0.984598 0.99944 0.99998
 0.0759099 0.696195 0.984598 0.99944 0.99998
 0.0759099 0.696195 0.984598 0.99944 0.99998
 0.0759099 0.696195 0.984598 0.99944 0.99998
 0.0759099 0.696195 0.984598 0.99944 0.99998
 0.0759099 0.696195 0.984598 0.99944 0.99998
 0.0759099 0.696195 0.984598 0.99944 0.99998
 0.0759099 0.696195 0.984598 0.99944 0.99998
 0.0759099 0.696195 0.984598 0.99944 0.99998
 0.0759099 0.696195 0.984598 0.99944 0.99998
 0.0759099 0.696195 0.984598 0.99944 0.99998
 0.0759099 0.696195 0.984598 0.99944 0.99998
 0.0759099 0.696195 0.984598 0.99944 0.99998
 0.0759099 0.696195 0.984598 0.99944 0.99998
 0.0759099 0.696195 0.984598 0.99944 0.99998
 0.0759099 0.696195 0.984598 0.99944 0.99998
 0.0759099 0.696195 0.984598 0.99944 0.99998
 0.0759099 0.696195 0.984598 0.99944 0.99998
 0.0759099 0.696195 0.984598 0.99944 0.99998
 0.0759099 0.696195 0.984598 0.99944 0.99998
 0.0759099 0.696195 0.984598 0.99944 0.99998
 0.0759099 0.696195 0.984598 0.99944 0.99998
 0.0759099 0.696195 0.984598 0.99944 0.99998
 0.0759099 0.696195 0.984598 0.99944 0.99998
Scru_reclas
 0.144275 0.45902 0.810253 0.955536 0.990838
 0.144275 0.45902 0.810253 0.955536 0.990838
 0.144275 0.45902 0.810253 0.955536 0.990838
 0.144275 0.45902 0.810253 0.955536 0.990838
 0.144275 0.45902 0.810253 0.955536 0.990838
 0.144275 0.45902 0.810253 0.955536 0.990838
 0.144275 0.45902 0.810253 0.955536 0.990838
 0.144275 0.45902 0.810253 0.955536 0.990838
 0.144275 0.45902 0.810253 0.955536 0.990838
 0.144275 0.45902 0.810253 0.955536 0.990838
 0.144275 0.45902 0.810253 0.955536 0.990838
 0.144275 0.45902 0.810253 0.955536 0.990838
 0.144275 0.45902 0.810253 0.955536 0.990838
 0.144275 0.45902 0.810253 0.955536 0.990838
 0.144275 0.45902 0.810253 0.955536 0.990838
 0.144275 0.45902 0.810253 0.955536 0.990838
 0.144275 0.45902 0.810253 0.955536 0.990838
 0.144275 0.45902 0.810253 0.955536 0.990838
 0.144275 0.45902 0.810253 0.955536 0.990838
 0.144275 0.45902 0.810253 0.955536 0.990838
 0.144275 0.45902 0.810253 0.955536 0.990838
 0.144275 0.45902 0.810253 0.955536 0.990838
 0.144275 0.45902 0.810253 0.955536 0.990838
 0.144275 0.45902 0.810253 0.955536 0.990838
 0.144275 0.45902 0.810253 0.955536 0.990838
 0.144275 0.45902 0.810253 0.955536 0.990838
 0.144275 0.45902 0.810253 0.955536 0.990838
Scru_pelaces
 0.293129 0.676057 0.913066 0.981432 0.996255
 0.293129 0.676057 0.913066 0.981432 0.996255
 0.293129 0.676057 0.913066 0.981432 0.996255
 0.293129 0.676057 0.913066 0.981432 0.996255
 0.293129 0.676057 0.913066 0.981432 0.996255
 0.293129 0.676057 0.913066 0.981432 0.996255
 0.293129 0.676057 0.913066 0.981432 0.996255
 0.293129 0.676057 0.913066 0.981432 0.996255
 0.293129 0.676057 0.913066 0.981432 0.996255
 0.293129 0.676057 0.913066 0.981432 0.996255
 0.293129 0.676057 0.913066 0.981432 0.996255
 0.293129 0.676057 0.913066 0.981432 0.996255
 0.293129 0.676057 0.913066 0.981432 0.996255
 0.293129 0.676057 0.913066 0.981432 0.996255
 0.293129 0.676057 0.913066 0.981432 0.996255
 0.293129 0.676057 0.913066 0.981432 0.996255
 0.293129 0.676057 0.913066 0.981432 0.996255
 0.293129 0.676057 0.913066 0.981432 0.996255
 0.293129 0.676057 0.913066 0.981432 0.996255
 0.293129 0.676057 0.913066 0.981432 0.996255
 0.293129 0.676057 0.913066 0.981432 0.996255
 0.293129 0.676057 0.913066 0.981432 0.996255
 0.293129 0.676057 0.913066 0.981432 0.996255
 0.293129 0.676057 0.913066 0.981432 0.996255
 0.293129 0.676057 0.913066 0.981432 0.996255
 0.293129 0.676057 0.913066 0.981432 0.996255
 0.293129 0.676057 0.913066 0.981432 0.996255
pf_obs 
 0.256992 0.487395 0.22802 0.0275931 0
 0.321318 0.546541 0.124235 0.00734118 0.000564706
 0.182869 0.594174 0.210203 0.0122559 0.00049798
 0.330522 0.361315 0.267642 0.0388342 0.00168674
 0.649043 0.306663 0.0425973 0.00169635 0
 0.582887 0.30429 0.105238 0.00758474 0
 0.465427 0.430635 0.0974691 0.00646863 0
 0.296916 0.608066 0.0921331 0.00288517 0
 0.311714 0.524322 0.152257 0.0117073 0
 0.15457 0.633149 0.183074 0.0267441 0.00246327
 0.131901 0.49318 0.331252 0.0422183 0.00144891
 0.196976 0.569456 0.194076 0.0375587 0.00193317
 0.518974 0.381816 0.0799577 0.0180837 0.00116848
 0.0928022 0.601141 0.25162 0.0475244 0.00691264
 0.122501 0.610282 0.24278 0.0234846 0.000952079
 0.383417 0.481906 0.127806 0.00687128 0
 0.0376549 0.599619 0.316969 0.0457579 0
 0.0361596 0.667082 0.258105 0.0386534 0
 0.158088 0.579412 0.248529 0.0139706 0
 0.0477256 0.309471 0.559284 0.082774 0.000745712
 0.0406174 0.521527 0.379366 0.0568643 0.0016247
 0.151134 0.462217 0.34131 0.0453401 0
 0.294876 0.26143 0.354403 0.0886775 0.000613685
 0.281977 0.475581 0.204845 0.0348837 0.00271318
 0.0841818 0.532909 0.334909 0.0458182 0.00218182
 0.115287 0.27431 0.454777 0.147771 0.00785563
 0 0 0 0 0
pf_pred 
 0.0751528 0.619165 0.269957 0.0357188 6.53678e-06
 0.248355 0.335835 0.31533 0.0889405 0.0115399
 0.0267085 0.795514 0.101551 0.0581253 0.0181021
 0.156916 0.257484 0.527679 0.0335655 0.0243554
 0.461746 0.379902 0.0666039 0.0828637 0.00888413
 0.109292 0.790487 0.0781309 0.00938168 0.0127084
 0.50379 0.325892 0.16008 0.00803903 0.00219862
 0.24202 0.715743 0.0331288 0.00857625 0.000531838
 0.315545 0.573746 0.107571 0.0024797 0.000659186
 0.327149 0.601595 0.065354 0.0057411 0.000161412
 0.155529 0.729348 0.107959 0.00658646 0.000578898
 0.184795 0.616058 0.184753 0.013527 0.000867738
 0.296828 0.56445 0.119216 0.0181379 0.00136781
 0.256691 0.690408 0.0483284 0.00395489 0.000617343
 0.264428 0.708658 0.0264597 0.000417783 3.66351e-05
 0.272978 0.698416 0.0283626 0.000239684 3.81634e-06
 0.209137 0.693174 0.0958956 0.00177831 1.46944e-05
 0.302327 0.579793 0.110588 0.00716177 0.000129054
 0.22995 0.673671 0.0874737 0.00837109 0.000533837
 0.233741 0.608174 0.146368 0.0106609 0.00105604
 0.301026 0.565024 0.117575 0.0151937 0.00118063
 0.219286 0.636729 0.125561 0.0162159 0.0022092
 0.262532 0.553077 0.161999 0.0195829 0.00280921
 0.2927 0.572094 0.113038 0.0195337 0.00263408
 0.0626159 0.770583 0.146361 0.0171568 0.00328336
 0.193955 0.324339 0.424287 0.0505139 0.00690426
 0.0421747 0.743633 0.113392 0.0890337 0.0117661
pobs_RECLAS
 0 0 0 0 0
 0 0 0 0 0
 0 0 0 0 0
 0 0 0 0 0
 0.835266 0.146461 0.0176864 0.000547809 3.91292e-05
 0.385257 0.428462 0.181853 0.0044286 0
 0.867414 0.0963971 0.0333333 0.00285562 0
 0.441836 0.489002 0.0689373 0.000224442 0
 0.779404 0.147425 0.0564933 0.0165055 0.000172143
 0.814271 0.122319 0.05973 0.00367925 0
 0.40263 0.566651 0.0304383 0.000280538 0
 0.475488 0.404961 0.113038 0.00651328 0
 0.955842 0.0263864 0.0167828 0.000988607 0
 0.975058 0.0227948 0.00214734 0 0
 0.738997 0.206755 0.0527124 0.00153531 0
 0.850938 0.134255 0.0134407 0.00136685 0
 0.542534 0.407297 0.0501686 0 0
 0.764087 0.199537 0.0359546 0.000420521 0
 0.470689 0.182191 0.310203 0.0369168 0
 0.84361 0.089868 0.0606195 0.00523954 0.000663233
 0.607945 0.314616 0.071237 0.00620181 0
 0.523733 0.453247 0.0230204 0 0
 0.530135 0.295979 0.169645 0.0042399 0
 0.562478 0.366248 0.0663022 0.0049721 0
 0.250443 0.683176 0.0655157 0.000865301 0
 0.195077 0.31981 0.436473 0.0351445 0.0134964
 0.565238 0.351407 0.0832357 0.000118908 0
ppred_RECLAS
 0.181806 0.505742 0.270846 0.0415979 7.88943e-06
 0.465673 0.208651 0.237521 0.077707 0.0104486
 0.079761 0.723302 0.105036 0.06948 0.0224212
 0.327164 0.177171 0.438937 0.0323801 0.0243485
 0.692935 0.195915 0.042658 0.0616423 0.0068493
 0.280863 0.624728 0.0707875 0.00982757 0.0137943
 0.754019 0.152512 0.0869822 0.00505409 0.00143234
 0.50902 0.459071 0.0242023 0.00724135 0.000465307
 0.604544 0.325282 0.0678708 0.00180587 0.000497407
 0.597175 0.352675 0.0453955 0.00461943 0.000134587
 0.372731 0.531107 0.0892931 0.00629528 0.000573325
 0.414804 0.425581 0.146398 0.0123934 0.000823801
 0.608039 0.311152 0.0679893 0.0118905 0.000928948
 0.644743 0.334222 0.0189868 0.00176247 0.000284875
 0.65254 0.337047 0.0102131 0.00018292 1.66092e-05
 0.56102 0.419978 0.0188154 0.000183438 3.02627e-06
 0.46825 0.459461 0.0707615 0.00151464 1.2968e-05
 0.580244 0.340099 0.0740132 0.0055403 0.000103448
 0.47583 0.447278 0.0687659 0.00762277 0.000503748
 0.483086 0.395528 0.111062 0.00936227 0.000961013
 0.552804 0.345539 0.087485 0.0131157 0.00105619
 0.447856 0.431313 0.10319 0.0154584 0.00218251
 0.50753 0.34967 0.123 0.0172368 0.00256243
 0.547329 0.350415 0.0832473 0.0166781 0.00233067
 0.160747 0.661124 0.153164 0.0208325 0.00413166
 0.39082 0.215357 0.340201 0.0469691 0.00665288
 0.12207 0.650202 0.112108 0.101695 0.0139253
pobs_PELACES
 0 0 0 0 0
 0 0 0 0 0
 0 0 0 0 0
 0 0 0 0 0
 0 0 0 0 0
 0 0 0 0 0
 0 0 0 0 0
 0 0 0 0 0
 0 0 0 0 0
 0 0 0 0 0
 0.450072 0.473896 0.0757376 0.000293798 0
 0 0 0 0 0
 0.463077 0.371075 0.160297 0.00555027 0
 0.529543 0.364841 0.0842815 0.0213345 0
 0.631943 0.363953 0.00410389 0 0
 0.735681 0.248677 0.0153453 0.000297389 0
 0.695825 0.281241 0.0229344 0 0
 0.275771 0.60734 0.115278 0.00161068 0
 0 0 0 0 0
 0.896147 0.0623911 0.0374545 0.00400742 0
 0.803859 0.145111 0.0509908 3.86294e-05 0
 0.739449 0.233085 0.0266225 0.000797448 4.60066e-05
 0.878498 0.100942 0.0204185 0.000141795 0
 0.694673 0.275183 0.0284847 0.00165964 0
 0.469039 0.446079 0.0841089 0.000773354 0
 0.822795 0.102175 0.0682046 0.00682512 0
 0 0 0 0 0
ppred_PELACES
 0.27897 0.5 0.193951 0.0270738 5.02612e-06
 0.639935 0.173866 0.139371 0.0413817 0.00544621
 0.160044 0.720136 0.067083 0.0400801 0.0126573
 0.512014 0.16617 0.288316 0.0192974 0.0142028
 0.785142 0.153405 0.0249945 0.032882 0.00357653
 0.447732 0.504252 0.0369982 0.00464166 0.00637598
 0.870666 0.0923438 0.0346632 0.00182158 0.000505223
 0.680955 0.305716 0.0103545 0.00279847 0.000175976
 0.777052 0.196518 0.0256489 0.000615604 0.000165927
 0.734877 0.242024 0.0210991 0.00194467 5.54516e-05
 0.56013 0.394461 0.0424642 0.00270379 0.000240972
 0.607649 0.31614 0.0704695 0.00539107 0.000350693
 0.809029 0.166273 0.021124 0.00331994 0.000253777
 0.876892 0.119554 0.0032433 0.000267826 4.23406e-05
 0.878852 0.11939 0.0017276 2.7526e-05 2.44456e-06
 0.738333 0.254538 0.00706577 6.21086e-05 1.00266e-06
 0.663609 0.306298 0.0295185 0.000569962 4.7753e-06
 0.747968 0.219207 0.0307105 0.00207675 3.79478e-05
 0.631621 0.330345 0.0343615 0.0034498 0.000223125
 0.656526 0.28584 0.0531714 0.00405512 0.00040737
 0.68303 0.262847 0.0471934 0.00642356 0.00050631
 0.588314 0.344563 0.058127 0.00790338 0.00109217
 0.660145 0.26574 0.0646974 0.00822108 0.00119618
 0.689466 0.25904 0.0426794 0.00775409 0.00106057
 0.247179 0.632886 0.104518 0.01291 0.00250615
 0.573521 0.188577 0.208208 0.0260785 0.00361544
 0.240733 0.626555 0.0688069 0.0563542 0.00755161
pobs_pel_tallas
 0 0 0 0 0 0 0 0 0 0 0 0 0 0 0 0 0 0 0 0 0 0 0 0 0 0 0 0 0 0 0 0 0 0 0 0
 0 0 0 0 0 0 0 0 0 0 0 0 0 0 0 0 0 0 0 0 0 0 0 0 0 0 0 0 0 0 0 0 0 0 0 0
 0 0 0 0 0 0 0 0 0 0 0 0 0 0 0 0 0 0 0 0 0 0 0 0 0 0 0 0 0 0 0 0 0 0 0 0
 0 0 0 0 0 0 0 0 0 0 0 0 0 0 0 0 0 0 0 0 0 0 0 0 0 0 0 0 0 0 0 0 0 0 0 0
 0 0 0 0 0 0 0 0 0 0 0 0 0 0 0 0 0 0 0 0 0 0 0 0 0 0 0 0 0 0 0 0 0 0 0 0
 0 0 0 0 0 0 0 0 0 0 0 0 0 0 0 0 0 0 0 0 0 0 0 0 0 0 0 0 0 0 0 0 0 0 0 0
 0 0 0 0 0 0 0 0 0 0 0 0 0 0 0 0 0 0 0 0 0 0 0 0 0 0 0 0 0 0 0 0 0 0 0 0
 0 0 0 0 0 0 0 0 0 0 0 0 0 0 0 0 0 0 0 0 0 0 0 0 0 0 0 0 0 0 0 0 0 0 0 0
 0 0 0 0 0 0 0 0 0 0 0 0 0 0 0 0 0 0 0 0 0 0 0 0 0 0 0 0 0 0 0 0 0 0 0 0
 0 0 0 0 0 0 0 0 0 0 0 0 0 0 0 0 0 0 0 0 0 0 0 0 0 0 0 0 0 0 0 0 0 0 0 0
 0 0 0 0 0 0 0 0 1.78061e-05 0.00172719 0.00360574 0.0105946 0.0120993 0.0124554 0.0147524 0.0171206 0.0266825 0.0428682 0.0675386 0.121331 0.153587 0.119568 0.100827 0.0573624 0.0630603 0.0341343 0.0324427 0.0444173 0.0211091 0.0280891 0.0125444 0.00206551 0 0 0 0
 0 0 0 0 0 0 0 0 0 0 0 0 0 0 0 0 0 0 0 0 0 0 0 0 0 0 0 0 0 0 0 0 0 0 0 0
 0 0 0 0 0 0 0.0133647 0.0140871 0.0187388 0.0205184 0.03894 0.0496705 0.03968 0.0493445 0.0407372 0.0367815 0.0215668 0.0243155 0.0234873 0.0199281 0.019796 0.0243948 0.0301388 0.0376714 0.0412746 0.0863199 0.0771752 0.113111 0.0741005 0.0525337 0.0229764 0.00759418 0.00175318 0 0 0
 0 0 0 0 0 0 0 0 0 0 0.00219441 0.00772107 0.0458388 0.0604681 0.0671733 0.0775358 0.0609151 0.0617685 0.073594 0.0568108 0.0755445 0.0548602 0.0670107 0.0636378 0.0643287 0.046367 0.0373049 0.0286899 0.0247887 0.0153202 0.00654259 0.00121912 0.000365735 0 0 0
 0 0 0 0 0 0 0 0 0 0 0 0 0.000112435 0.00938835 0.0111873 0.0202946 0.0414886 0.0713402 0.111592 0.104902 0.108894 0.110636 0.117776 0.105296 0.107544 0.0401394 0.0192827 0.0124803 0.00416011 0.0028671 0.000618394 0 0 0 0 0
 0 0 0 0 0 0 0 0 0 0 0.00291406 0.0102884 0.027416 0.0768956 0.0749926 0.110853 0.0956884 0.0897413 0.0766577 0.0534642 0.0500743 0.0551293 0.0594112 0.0620874 0.0668451 0.0424026 0.0208742 0.0120726 0.0048766 0.00582813 0.00118941 0.000297354 0 0 0 0
 0 0.00264628 0.0354308 0.0461629 0.0458689 0.0383711 0.0214643 0.0164657 0.0346957 0.0420465 0.0363128 0.0245516 0.0311673 0.0291091 0.0169068 0.0133784 0.00837989 0.0085269 0.0148486 0.0160247 0.0276389 0.0546898 0.0760071 0.122758 0.109233 0.0665981 0.0333725 0.0166128 0.00676272 0.00308733 0.000882094 0 0 0 0 0
 0 0 0 0 0 0 0 0.000805153 0.000690131 0.00759144 0.0133425 0.0154129 0.00931677 0.000345066 0.00356568 0.00563607 0.00851162 0.0253048 0.0502646 0.0516448 0.0657925 0.0565908 0.0611916 0.0827007 0.0866115 0.110766 0.145733 0.0935128 0.0569358 0.0249597 0.0138026 0.00621118 0.00161031 0.00115022 0 0
 0 0 0 0 0 0 0 0 0 0 0 0 0 0 0 0 0 0 0 0 0 0 0 0 0 0 0 0 0 0 0 0 0 0 0 0
 0.00147267 0.00158595 0.00478618 0.00569244 0.00954404 0.0108468 0.00647125 0.017049 0.0510054 0.094081 0.124002 0.0959785 0.0687766 0.0820023 0.061753 0.0591476 0.0492212 0.0479892 0.0443925 0.0268479 0.0217502 0.0140895 0.0121071 0.0120363 0.00920419 0.00665534 0.0049561 0.00860946 0.00930331 0.0156896 0.0114698 0.00855282 0.00243557 0.00046729 0 2.83206e-05
 0 0 0 0 0.000772559 0.00158375 0.000888443 0.00281984 0.00712685 0.0440552 0.0773331 0.111326 0.0921469 0.0852325 0.0710754 0.0886704 0.0786465 0.0553345 0.0373146 0.0185414 0.00753245 0.00457741 0.012979 0.0271748 0.0457355 0.0583668 0.034881 0.0177882 0.00938659 0.00492506 0.0015258 0.00185414 0.000309023 5.79419e-05 3.86279e-05 0
 0 0.00173294 0.00326652 0 0.00397197 0.00683976 0.00946217 0.0152591 0.00757587 0.0136028 0.0228656 0.0392903 0.0559909 0.0764795 0.0681675 0.0726916 0.0566044 0.0477403 0.0527397 0.0444891 0.0609904 0.0582453 0.0661739 0.0445044 0.0529084 0.0360697 0.0280645 0.0235558 0.0158879 0.00826598 0.00280645 0.00217768 0.000904811 0.00058276 9.20147e-05 0
 0 0 0 0 0 0 0 0 0 0 0 0 0 0 0 0 0 0 0 0 0 0 0 0 0 0 0 0 0 0 0 0 0 0 0 0
 0 0 0 0 0 0 0 0 0 0 0 0 0 0 0 0 0 0 0 0 0 0 0 0 0 0 0 0 0 0 0 0 0 0 0 0
 0 0 0 0 0 0 0 0 0 0 0 0 0 0 0 0 0 0 0 0 0 0 0 0 0 0 0 0 0 0 0 0 0 0 0 0
 0 0 0 0 0 0 0 0 0 0 0 0 0 0 0 0 0 0 0 0 0 0 0 0 0 0 0 0 0 0 0 0 0 0 0 0
 0 0 0 0 0 0 0 0 0 0 0 0 0 0 0 0 0 0 0 0 0 0 0 0 0 0 0 0 0 0 0 0 0 0 0 0
ppred_pel_tallas
 1.03847e-16 1.21978e-05 7.15258e-05 0.000339865 0.00130827 0.00407952 0.010305 0.021089 0.034971 0.0470062 0.0512606 0.0454737 0.0331151 0.0204645 0.0120623 0.00895095 0.0100113 0.0138356 0.0195 0.0264308 0.0340795 0.0417613 0.0486776 0.0540477 0.0572733 0.0580667 0.0565034 0.0529751 0.0480719 0.0424324 0.0366142 0.0310193 0.0258797 0.02129 0.0172597 0.0137608
 1.03712e-16 2.79241e-05 0.000163884 0.000779013 0.00299922 0.00935275 0.0236243 0.0483388 0.0801281 0.107613 0.117114 0.103326 0.0740142 0.0432973 0.0212068 0.00968004 0.00569769 0.00570062 0.00751329 0.0101794 0.0132916 0.0165746 0.0197493 0.0225361 0.0246993 0.0260891 0.0266611 0.0264672 0.0256242 0.0242748 0.0225545 0.0205751 0.0184241 0.0161739 0.0138936 0.0116541
 1.03156e-16 7.02058e-06 4.11119e-05 0.000195231 0.000751322 0.00234264 0.00591809 0.0121146 0.0201019 0.0270585 0.029609 0.0265073 0.0198256 0.0132868 0.00965512 0.00971369 0.0129982 0.0188175 0.0266303 0.0359089 0.0459258 0.0556892 0.06405 0.0699198 0.0725182 0.0715594 0.0673171 0.0605387 0.0522483 0.0435017 0.0351761 0.0278479 0.0217723 0.0169445 0.0131992 0.0103089
 1.05474e-16 2.23463e-05 0.000131137 0.000623329 0.00239979 0.00748347 0.0189027 0.038678 0.0641155 0.0861125 0.0937266 0.0827192 0.0593135 0.0348208 0.0172896 0.00829965 0.00547148 0.00599751 0.00817567 0.0112707 0.0149699 0.0190425 0.0232267 0.0272304 0.0307706 0.0336129 0.0355973 0.0366428 0.0367372 0.0359193 0.0342656 0.0318834 0.028911 0.0255162 0.0218899 0.0182308
 1.01702e-16 3.42547e-05 0.000201053 0.000955724 0.00367961 0.0114745 0.0289837 0.0593043 0.0983026 0.132015 0.143652 0.126694 0.0906553 0.0528331 0.0255023 0.0109974 0.00556611 0.00479513 0.00598009 0.0079351 0.0101799 0.0124318 0.0144366 0.0159616 0.0168359 0.0169876 0.016457 0.0153798 0.0139467 0.0123548 0.010767 0.00928874 0.00796705 0.00680412 0.00577817 0.0048621
 1.01147e-16 1.95563e-05 0.000114728 0.000545254 0.00209907 0.0065456 0.0165341 0.0338342 0.0560958 0.0753712 0.0821139 0.0726564 0.0525029 0.0316354 0.0172097 0.0107392 0.0102609 0.0133769 0.0185419 0.0248961 0.0317732 0.0384365 0.0440697 0.0479084 0.0494099 0.0483845 0.0450412 0.0399267 0.033785 0.027383 0.0213596 0.0161359 0.011899 0.0086433 0.00624047 0.00451081
 1.00609e-16 3.79816e-05 0.000222938 0.00105978 0.00408027 0.012724 0.0321397 0.0657612 0.109003 0.146378 0.159262 0.140417 0.100377 0.0583024 0.0277742 0.0113464 0.00482329 0.00328604 0.00373252 0.00487709 0.00625426 0.00765107 0.00890375 0.00986575 0.0104268 0.010535 0.0102064 0.00951582 0.00857531 0.00750579 0.00641283 0.00537238 0.00442799 0.00359662 0.00287838 0.00226565
 1.00352e-16 2.97179e-05 0.000174403 0.000828998 0.00319163 0.00995275 0.02514 0.051441 0.0852734 0.114533 0.124668 0.110047 0.0789514 0.046431 0.0231943 0.0113378 0.00767544 0.00842188 0.011222 0.0149615 0.0190513 0.0229992 0.0263014 0.0284945 0.0292537 0.0284714 0.0262849 0.023038 0.0191942 0.0152297 0.0115395 0.0083823 0.00586983 0.00399238 0.00266248 0.00175963
 1.00458e-16 3.39037e-05 0.000198988 0.000945899 0.00364176 0.0113565 0.0286856 0.0586947 0.0972935 0.130664 0.142191 0.12543 0.0898029 0.0524413 0.0255088 0.0113333 0.00621706 0.00580058 0.00740142 0.00981934 0.0125292 0.015182 0.0174475 0.0190238 0.019695 0.0193805 0.0181539 0.0162199 0.013861 0.0113711 0.00899734 0.0069061 0.00517601 0.0038131 0.00277684 0.0020062
 1.00448e-16 3.20666e-05 0.000188198 0.000894592 0.0034442 0.0107404 0.0271295 0.0555111 0.0920179 0.123584 0.1345 0.118677 0.0850363 0.0497959 0.0244796 0.0113131 0.00682232 0.00689969 0.00900693 0.0119832 0.0152782 0.0184837 0.0211973 0.0230496 0.0237786 0.0232914 0.0216863 0.0192243 0.0162616 0.0131664 0.0102466 0.00770671 0.00563973 0.00404626 0.00286782 0.00202042
 1.00836e-16 2.4453e-05 0.000143485 0.000681993 0.00262559 0.00818756 0.0206814 0.042319 0.0701564 0.0942419 0.102617 0.0906645 0.0652261 0.0387228 0.0200182 0.0109025 0.00881941 0.0107017 0.0146174 0.0195941 0.0250195 0.0302962 0.0347809 0.0378718 0.0391392 0.0384266 0.0358884 0.0319427 0.0271633 0.0221452 0.0173872 0.0132224 0.00980526 0.00714187 0.00514361 0.00368062
 1.01305e-16 2.6522e-05 0.000155639 0.000739789 0.00284814 0.0088816 0.0224344 0.0459052 0.0760983 0.102214 0.111272 0.0982504 0.0705509 0.0416179 0.0210274 0.0106755 0.00774638 0.00888612 0.0120067 0.0161098 0.0206431 0.0251179 0.0290171 0.0318529 0.0332668 0.0331108 0.0314782 0.0286699 0.025112 0.0212535 0.0174768 0.0140455 0.0110937 0.00864943 0.00667258 0.00509329
 1.00481e-16 3.52969e-05 0.00020717 0.000984802 0.00379156 0.0118236 0.0298656 0.0611087 0.101294 0.136033 0.148024 0.130554 0.0934237 0.0544596 0.0263111 0.0113849 0.00581447 0.0050496 0.00629721 0.00832405 0.0106191 0.0128717 0.0148001 0.0161488 0.0167353 0.0164913 0.0154784 0.0138685 0.0118993 0.00981738 0.00782983 0.00607546 0.00461936 0.00346584 0.00258062 0.00191292
 1.00097e-16 3.82541e-05 0.000224536 0.00106737 0.00410949 0.0128151 0.0323698 0.0662323 0.109785 0.14743 0.160411 0.141443 0.101138 0.0587995 0.0281135 0.0116603 0.00522055 0.00384135 0.00449131 0.00585554 0.00743251 0.00896553 0.0102456 0.0110898 0.0113713 0.0110487 0.0101766 0.00889058 0.00737328 0.00581213 0.00436261 0.00312647 0.00214753 0.00142159 0.000913615 0.000575359
 1.00065e-16 3.83395e-05 0.000225037 0.00106976 0.00411867 0.0128437 0.0324422 0.0663803 0.11003 0.147759 0.16077 0.141759 0.101363 0.0589286 0.0281722 0.0116792 0.00522055 0.00383177 0.00447432 0.00583015 0.00739661 0.00891672 0.0101816 0.0110089 0.0112723 0.0109316 0.0100426 0.0087421 0.00721411 0.005647 0.00419688 0.0029656 0.00199656 0.00128462 0.000793507 0.000473561
 1.00186e-16 3.22178e-05 0.000189084 0.000898805 0.00346042 0.010791 0.0272572 0.0557726 0.0924516 0.124167 0.135137 0.119244 0.0854545 0.0500639 0.0246541 0.0114643 0.00700678 0.00715493 0.00935484 0.0124313 0.0158169 0.0190833 0.0218071 0.0236019 0.0241979 0.0235071 0.0216456 0.0189024 0.0156668 0.012338 0.00924748 0.00661229 0.00452604 0.00297999 0.0018996 0.00118205
 1.00539e-16 2.89616e-05 0.000169963 0.000807888 0.00311035 0.00969928 0.0244998 0.050131 0.0831022 0.111617 0.121498 0.107254 0.0769608 0.0452869 0.0226724 0.0111661 0.00766905 0.00849811 0.011362 0.0151753 0.01936 0.0234274 0.026873 0.0292295 0.0301642 0.0295582 0.0275346 0.0244221 0.0206705 0.0167455 0.0130371 0.00980539 0.0071698 0.00513319 0.00362357 0.00253623
 1.00581e-16 3.26365e-05 0.000191546 0.000910514 0.00350552 0.0109316 0.0276124 0.0564991 0.0936548 0.12578 0.136884 0.120766 0.0865012 0.0505897 0.0247511 0.0112397 0.0065098 0.00637472 0.00825351 0.0109791 0.0140192 0.0169974 0.019548 0.0213345 0.0221151 0.0217984 0.0204644 0.0183388 0.0157341 0.0129755 0.010337 0.00800316 0.00606199 0.0045214 0.00333822 0.00244688
 1.00725e-16 2.75677e-05 0.000161778 0.000768969 0.00296049 0.00923195 0.0233194 0.047716 0.0791 0.106246 0.11566 0.102123 0.0733276 0.0432472 0.0218334 0.0110537 0.00797601 0.00910716 0.0122676 0.0164088 0.020946 0.0253619 0.0291148 0.0317008 0.0327601 0.0321624 0.0300375 0.0267357 0.0227379 0.0185422 0.0145658 0.0110871 0.0082342 0.0060115 0.00434395 0.00312227
 1.01007e-16 2.8652e-05 0.000168147 0.000799258 0.00307713 0.00959569 0.0242381 0.0495954 0.082214 0.110423 0.120194 0.106096 0.0761126 0.0447538 0.0223435 0.0109036 0.00736508 0.00808419 0.0108004 0.0144542 0.0184962 0.0224714 0.0259099 0.0283718 0.029537 0.0292781 0.0276884 0.0250495 0.0217565 0.018223 0.0147998 0.0117258 0.00911941 0.00699894 0.00531932 0.00400754
 1.01001e-16 2.98067e-05 0.000174928 0.000831504 0.00320129 0.00998288 0.0252161 0.0515963 0.0855297 0.114874 0.12503 0.110345 0.0791171 0.0464331 0.0230198 0.0109652 0.00706081 0.00750508 0.00994522 0.0132929 0.0170081 0.0206644 0.0238285 0.0260965 0.0271744 0.0269458 0.0254966 0.0230859 0.0200762 0.0168469 0.013719 0.0109103 0.00852793 0.00658725 0.00504586 0.0038364
 1.01261e-16 2.568e-05 0.000150693 0.000716271 0.00275759 0.00859919 0.0217211 0.0444459 0.0736803 0.0989696 0.107748 0.0951606 0.068378 0.0404281 0.020596 0.0107332 0.00812833 0.00954349 0.0129547 0.0173763 0.0222356 0.0270052 0.031123 0.0340607 0.0354348 0.0350948 0.0331565 0.0299628 0.0259925 0.0217456 0.0176442 0.0139743 0.0108748 0.00836345 0.00638135 0.00483671
 1.01344e-16 2.8809e-05 0.000169071 0.000803654 0.00309406 0.00964849 0.0243714 0.0498681 0.0826654 0.111028 0.120848 0.106661 0.0764938 0.044929 0.0223406 0.0107539 0.00707569 0.00763898 0.0101743 0.0136298 0.0174773 0.0212919 0.0246373 0.0271027 0.0283847 0.0283548 0.0270856 0.0248225 0.0219159 0.0187357 0.0155976 0.0127198 0.0102149 0.00810872 0.00637299 0.00495573
 1.01007e-16 3.00872e-05 0.000176576 0.000839335 0.00323144 0.0100769 0.0254536 0.0520822 0.0863351 0.115955 0.126205 0.111378 0.0798496 0.0468462 0.0231932 0.0109954 0.00701059 0.00739909 0.00978516 0.0130722 0.0167202 0.0203072 0.023406 0.0256194 0.0266592 0.0264126 0.0249667 0.0225792 0.0196092 0.0164319 0.0133634 0.0106172 0.00829661 0.00641393 0.00492435 0.00375887
 1.02251e-16 1.08167e-05 6.34061e-05 0.000301237 0.0011595 0.00361555 0.00913325 0.0186924 0.0310022 0.0416878 0.0455036 0.0404679 0.0296892 0.0187816 0.0118337 0.00984373 0.011889 0.0167614 0.0236226 0.0318608 0.0407932 0.0495374 0.0570771 0.0624442 0.0649355 0.0642765 0.0606819 0.0547844 0.0474661 0.0396479 0.0321069 0.0253693 0.0196896 0.0150992 0.0114876 0.00868349
 1.04083e-16 2.5029e-05 0.000146885 0.000698194 0.00268803 0.00838233 0.0211732 0.0433237 0.0718162 0.0964541 0.10498 0.092644 0.0664146 0.0389575 0.0192807 0.00914235 0.0058613 0.00627105 0.00843823 0.0115089 0.0151033 0.0189396 0.0227154 0.0261162 0.0288651 0.0307683 0.03174 0.0317974 0.031033 0.0295792 0.0275768 0.025159 0.0224492 0.0195662 0.0166289 0.0137562
 1.03471e-16 1.05352e-05 6.17544e-05 0.000293387 0.00112928 0.00352131 0.00889518 0.0182053 0.0301945 0.0406026 0.0443212 0.0394215 0.0289327 0.0183249 0.0115833 0.00968421 0.0117325 0.0165538 0.0233318 0.0314674 0.0402888 0.0489283 0.0563875 0.0617195 0.0642408 0.0636924 0.060297 0.0546849 0.0477245 0.0403124 0.0331937 0.0268577 0.0215231 0.0171907 0.0137299 0.0109618
pSPR Fmed_Fpbrs
0.522928   0.6 0.325
Fs Fmed_Fpbrs
0.64   0.458441 1.62218
SSBpbr Bo_Bmed_Bpbrs
472511  223464  259881 129941
Ro
21590.3
SPR SPRFo_SPRFmed_SPRFpbrs
445931 233190 144928
log_Ro
9.8
likeval ReclasPelacesDesembMPH_pf_preclas_ppelaces_ptallas_desvR_qrecl_qpela
 78.7546 11.4557 0.184378 15.6408 356.248 217.441 57.7539 0 31.0316 9.87454e-05 0.000327661 3.65972e-14 0 0 0
q_reclas_q_pelaces
4.08828 13.1351
M
0.7
N
 17209.7 17989.2 5930.33 775.635 0.141887
 44319.8 8180.59 5982.78 1670.5 216.667
 4069.1 20598.5 2213.33 1258.67 391.898
 7731.11 1755.65 2817.58 177.469 128.727
 37444.5 3577.58 456.418 560.232 60.0353
 15170.2 18267.6 1509.9 180.079 243.875
 63504.5 6594.6 2676.76 133.442 36.486
 55824.1 27966.6 1088.47 279.944 17.3561
 73960.2 24114.8 3867.87 88.6482 23.5607
 113237 31276.1 2743.53 238.995 6.71733
 63758.9 51019.7 6364.68 385.814 33.9022
 49567.6 27469 6885.53 500.717 32.1125
 54783.8 21559.4 4045.66 612.943 46.2162
 28866.2 21854.3 1436.65 117.316 18.3112
 13047.1 9842.27 345.114 5.43753 0.476776
 9507.82 4448.56 155.425 1.30621 0.0207939
 6718.93 3990.31 472.152 8.70518 0.0719174
 8787.85 2842.11 455.19 29.2845 0.527576
 8619.57 3802.39 399.03 37.869 2.41424
 9429.2 3880.35 767.836 55.5052 5.49672
 16587.7 4174.13 671.728 85.9011 6.67245
 19628.4 7753 1189.22 152.029 20.7044
 30417.6 9132.56 2118.53 253.72 36.3845
 50310.1 13943.9 2177.85 372.826 50.2579
 14189.1 23100.3 3375.02 391.408 74.8763
 28630.4 6659.37 6835.45 805.9 110.112
 4346.47 13227.5 1705.89 1331.05 175.863
pred_Ctot
 530.68 4372.14 1906.26 252.223 0.0461585
 2049.92 2771.98 2602.73 734.114 95.2506
 386.914 11524.3 1471.12 842.036 262.237
 380.366 624.145 1279.1 81.3632 59.0377
 473.821 389.837 68.3457 85.0307 9.11646
 1369.9 9908.21 979.317 117.593 159.291
 5204.37 3366.61 1653.7 83.0468 22.7127
 5265.39 15571.7 720.749 186.585 11.5707
 7968.36 14488.6 2716.45 62.6192 16.6462
 7590.69 13958.5 1516.38 133.208 3.74516
 6121.94 28708.7 4249.48 259.257 22.7867
 4458.4 14863.1 4457.38 326.354 20.9352
 7847.11 14922.1 3151.67 479.503 36.1602
 6647.58 17879.6 1251.57 102.421 15.9874
 3004.61 8052.24 300.652 4.74713 0.416272
 1069.16 2735.46 111.087 0.93876 0.0149473
 722.667 2395.24 331.364 6.14488 0.0507761
 819.706 1572 299.841 19.4178 0.349905
 582.589 1706.78 221.619 21.2085 1.3525
 740.983 1927.97 464.002 33.796 3.34775
 703.698 1320.84 274.851 35.5177 2.75992
 893.481 2594.35 511.597 66.0717 9.00141
 1689.19 3558.63 1042.34 126.001 18.0751
 2739.22 5353.9 1057.86 182.804 24.6508
 561.91 6915.14 1313.43 153.964 29.4646
 1439.71 2407.53 3149.44 374.959 51.2495
 428.958 7563.46 1153.31 905.558 119.672
F
 0.043711 0.400888 0.566958 0.575504 0.575815
 0.0662136 0.607267 0.858831 0.871777 0.872248
 0.140584 1.28934 1.82346 1.85094 1.85195
 0.0705658 0.647183 0.915282 0.929078 0.929581
 0.0177336 0.162641 0.230016 0.233483 0.23361
 0.13308 1.22052 1.72613 1.75215 1.7531
 0.1201 1.10148 1.55777 1.58125 1.58211
 0.139381 1.27831 1.80785 1.8351 1.8361
 0.160672 1.47358 2.08402 2.11543 2.11657
 0.0972696 0.892092 1.26165 1.28066 1.28136
 0.14205 1.30279 1.84248 1.87025 1.87126
 0.132523 1.21541 1.7189 1.74481 1.74576
 0.218997 2.0085 2.84053 2.88335 2.8849
 0.375984 3.44828 4.87675 4.95026 4.95293
 0.375984 3.44828 4.87675 4.95026 4.95293
 0.168245 1.54303 2.18225 2.21514 2.21634
 0.160381 1.47091 2.08024 2.1116 2.11274
 0.137741 1.26327 1.78658 1.81351 1.81449
 0.098111 0.899809 1.27256 1.29174 1.29244
 0.114904 1.05383 1.49038 1.51284 1.51366
 0.0605815 0.555613 0.785779 0.797624 0.798055
 0.0651334 0.59736 0.84482 0.857554 0.858018
 0.0799781 0.733506 1.03736 1.053 1.05357
 0.0783576 0.718644 1.01635 1.03167 1.03222
 0.0564504 0.517725 0.732196 0.743232 0.743634
 0.072175 0.661941 0.936154 0.950265 0.950779
 0.146272 1.34151 1.89723 1.92583 1.92687
Np
 13559.4 6503.09 672.958 543.029 52.4302
YTP_r0W_actual
 878.415 57183.6 14359.3 14484.1 2124.59
YTP_p0W_proyectada
 2740.33 8061.23 14455.9 1382.55 1248.05
 2740.33 28113.5 5664.62 5909.07 633.408
CTP_r0_actual
 107.124 2647.39 457.302 361.199 47.7437
CTP_p0_proyectada
 334.186 373.205 460.378 34.4776 28.046
 334.186 1301.55 180.402 147.358 14.2339
Wmedp
 8.2 21.6 31.4 40.1 44.5
nmprior
 10.8 10.6 4.6 0
nm_flota  nm_reclas  nm_pelaces    nm_pelaL
inf 17.9826 14.7547 43.3013
cv_recla  cv_pelaces  cv_mph
0.768544 0.370768 0.528489
 ------------------------------------------------
Talla a la edad & desviaci?n 
 7.2 14.2025 17.0495 18.207 18.6776
 1.08 2.13037 2.55742 2.73105 2.80164
