years
 1997 1998 1999 2000 2001 2002 2003 2004 2005 2006 2007 2008 2009 2010 2011 2012 2013 2014 2015 2016 2017 2018 2019 2020 2021 2022 2023
reclasobs
 0 0 0 370054 412103 1.49427e+06 250295 1.28982e+06 931140 785840 897777 1.04006e+06 184774 17550 25797 100020 73551 82996 120727 218422 84188 347160 605670 569463 516374 1.08416e+06 1.01767e+06
reclaspred
 1.73684e+06 300716 583584 191684 265753 338970 654675 574538 668067 944082 972627 697255 401138 146662 87333.6 93264.3 85555.5 96019.6 120666 145297 213484 245687 437650 551207 829849 667403 289366
pelacesobs
 0 0 0 0 0 0 0 0 0 2.06254e+06 1.5e+06 0 1.87456e+06 323000 250000 174000 83755 137374 0 501740 490994 745055 786931 1.00524e+06 1.33801e+06 1.41789e+06 0
pelacespred
 3.48758e+06 1.06531e+06 601889 450370 745123 533760 1.96481e+06 1.53822e+06 1.84065e+06 2.60382e+06 2.02119e+06 1.53832e+06 938480 285476 182717 186266 167961 207729 249200 279023 549675 556250 758577 1.18289e+06 1.57531e+06 1.27903e+06 402241
mphobs
 0 0 0 0 0 0 112323 0 153150 637223 0 255016 313432 73983 77613 109348 50772 17779 17303 59886 28197 0 207744 136588 643089 65757 70829
mphpred
 448061 182760 166927 74295.8 61324.3 147313 171599 294997 268308 357536 431936 287590 185074 131956 58934.6 48339.7 37438.7 40270.1 34910.5 36646.5 50510.6 74267.9 93537 137943 199848 144744 102958
desembarqueobs
 350755 77701 442110 56441 14545 235359 269955 359681 431902 328805 639364 411747 362871 311530 167758 66681 60226 58785 57116 73181 50977 67692 138656 160484 209506 203330 245020
desembarquepred
 350731 77662.9 441561 56420.9 14543.7 235236 269897 359093 431356 328589 638380 411108 362324 310822 167324 66635 60212 58694.2 57016.7 73109.8 50960.7 67621.2 138587 160404 209403 203132 244703
Reclutas
 17463.5 44505.2 4240.98 7973.22 37044.4 14610.5 62444.9 52718.7 83413.9 110784 61344.5 54087.4 51928.5 28520 13947.3 9423.56 6156.16 8325.95 9543.21 8912.66 16950.7 22025.5 30653.5 52240.2 11770.8 27715.3 4457.42
log_desv_Rt
 -0.212132 0.723362 -1.62745 -0.996156 0.539872 -0.390501 1.06204 0.892726 1.35157 1.63534 1.04426 0.918357 0.877623 0.27836 -0.436962 -0.829032 -1.25479 -0.952868 -0.816415 -0.884772 -0.241936 0.0199559 0.350504 0.883607 -0.606624 0.249739 -1.57767
SSB
 613238 250134 228464 101685 83931.4 201619 224295 396000 352614 475526 591168 393609 266183 142211 67973.2 55413.4 46812.2 46921.5 60713.5 69623.7 86717.9 122914 161386 222129 364725 282522 186871
BT
 1.21199e+06 385463 374138 170069 266850 315274 1.02676e+06 903397 1.11436e+06 1.20578e+06 1.17975e+06 867211 687816 392251 208187 114254 104019 121737 123205 141585 226470 209106 305680 494900 519408 499406 290217
Ftot
 0.590412 0.884567 1.87183 0.916545 0.229423 1.78505 1.64654 1.95166 2.24573 1.19804 1.83287 1.74668 2.67473 4.95303 4.95303 2.03033 2.04088 1.96349 1.43084 1.48247 0.814704 0.849508 0.951073 0.960985 0.704131 0.948823 2.06485
BD_Bspro_t
 0.933311 0.637721 0.516901 0.195831 0.259331 0.501725 0.385928 0.476131 0.403895 0.433237 0.448227 0.292071 0.219856 0.144023 0.083861 0.083943 0.0989452 0.137464 0.211882 0.282246 0.357477 0.505084 0.529773 0.53413 0.583871 0.446329 0.341912
BD_Bspro
 1.37519 0.560926 0.51233 0.228028 0.188216 0.452131 0.502981 0.888029 0.790737 1.06637 1.32569 0.882668 0.596914 0.318908 0.15243 0.124265 0.104976 0.105221 0.13615 0.156131 0.194465 0.275633 0.361907 0.498123 0.817896 0.633554 0.419058
BD_Bo
 1.28928 0.525884 0.480324 0.213783 0.176458 0.423886 0.47156 0.832553 0.741339 0.999749 1.24288 0.827528 0.559625 0.298986 0.142907 0.116502 0.0984184 0.0986481 0.127645 0.146377 0.182316 0.258415 0.339299 0.467005 0.766801 0.593976 0.392879
BD_Brms
 2.34414 0.956154 0.873317 0.388697 0.320833 0.770702 0.857381 1.51373 1.34789 1.81773 2.25978 1.5046 1.0175 0.54361 0.259832 0.211821 0.178942 0.17936 0.232081 0.266141 0.331484 0.469845 0.616907 0.8491 1.39418 1.07996 0.714326
S_f
 0.0764403 0.685751 0.982916 0.999341 0.999975
 0.0764403 0.685751 0.982916 0.999341 0.999975
 0.0764403 0.685751 0.982916 0.999341 0.999975
 0.0764403 0.685751 0.982916 0.999341 0.999975
 0.0764403 0.685751 0.982916 0.999341 0.999975
 0.0764403 0.685751 0.982916 0.999341 0.999975
 0.0764403 0.685751 0.982916 0.999341 0.999975
 0.0764403 0.685751 0.982916 0.999341 0.999975
 0.0764403 0.685751 0.982916 0.999341 0.999975
 0.0764403 0.685751 0.982916 0.999341 0.999975
 0.0764403 0.685751 0.982916 0.999341 0.999975
 0.0764403 0.685751 0.982916 0.999341 0.999975
 0.0764403 0.685751 0.982916 0.999341 0.999975
 0.0764403 0.685751 0.982916 0.999341 0.999975
 0.0764403 0.685751 0.982916 0.999341 0.999975
 0.0764403 0.685751 0.982916 0.999341 0.999975
 0.0764403 0.685751 0.982916 0.999341 0.999975
 0.0764403 0.685751 0.982916 0.999341 0.999975
 0.0764403 0.685751 0.982916 0.999341 0.999975
 0.0764403 0.685751 0.982916 0.999341 0.999975
 0.0764403 0.685751 0.982916 0.999341 0.999975
 0.0764403 0.685751 0.982916 0.999341 0.999975
 0.0764403 0.685751 0.982916 0.999341 0.999975
 0.0764403 0.685751 0.982916 0.999341 0.999975
 0.0764403 0.685751 0.982916 0.999341 0.999975
 0.0764403 0.685751 0.982916 0.999341 0.999975
 0.0764403 0.685751 0.982916 0.999341 0.999975
Scru_reclas
 0.157491 0.484736 0.825616 0.959721 0.991729
 0.157491 0.484736 0.825616 0.959721 0.991729
 0.157491 0.484736 0.825616 0.959721 0.991729
 0.157491 0.484736 0.825616 0.959721 0.991729
 0.157491 0.484736 0.825616 0.959721 0.991729
 0.157491 0.484736 0.825616 0.959721 0.991729
 0.157491 0.484736 0.825616 0.959721 0.991729
 0.157491 0.484736 0.825616 0.959721 0.991729
 0.157491 0.484736 0.825616 0.959721 0.991729
 0.157491 0.484736 0.825616 0.959721 0.991729
 0.157491 0.484736 0.825616 0.959721 0.991729
 0.157491 0.484736 0.825616 0.959721 0.991729
 0.157491 0.484736 0.825616 0.959721 0.991729
 0.157491 0.484736 0.825616 0.959721 0.991729
 0.157491 0.484736 0.825616 0.959721 0.991729
 0.157491 0.484736 0.825616 0.959721 0.991729
 0.157491 0.484736 0.825616 0.959721 0.991729
 0.157491 0.484736 0.825616 0.959721 0.991729
 0.157491 0.484736 0.825616 0.959721 0.991729
 0.157491 0.484736 0.825616 0.959721 0.991729
 0.157491 0.484736 0.825616 0.959721 0.991729
 0.157491 0.484736 0.825616 0.959721 0.991729
 0.157491 0.484736 0.825616 0.959721 0.991729
 0.157491 0.484736 0.825616 0.959721 0.991729
 0.157491 0.484736 0.825616 0.959721 0.991729
 0.157491 0.484736 0.825616 0.959721 0.991729
 0.157491 0.484736 0.825616 0.959721 0.991729
Scru_pelaces
 0.329259 0.711854 0.925556 0.984269 0.996834
 0.329259 0.711854 0.925556 0.984269 0.996834
 0.329259 0.711854 0.925556 0.984269 0.996834
 0.329259 0.711854 0.925556 0.984269 0.996834
 0.329259 0.711854 0.925556 0.984269 0.996834
 0.329259 0.711854 0.925556 0.984269 0.996834
 0.329259 0.711854 0.925556 0.984269 0.996834
 0.329259 0.711854 0.925556 0.984269 0.996834
 0.329259 0.711854 0.925556 0.984269 0.996834
 0.329259 0.711854 0.925556 0.984269 0.996834
 0.329259 0.711854 0.925556 0.984269 0.996834
 0.329259 0.711854 0.925556 0.984269 0.996834
 0.329259 0.711854 0.925556 0.984269 0.996834
 0.329259 0.711854 0.925556 0.984269 0.996834
 0.329259 0.711854 0.925556 0.984269 0.996834
 0.329259 0.711854 0.925556 0.984269 0.996834
 0.329259 0.711854 0.925556 0.984269 0.996834
 0.329259 0.711854 0.925556 0.984269 0.996834
 0.329259 0.711854 0.925556 0.984269 0.996834
 0.329259 0.711854 0.925556 0.984269 0.996834
 0.329259 0.711854 0.925556 0.984269 0.996834
 0.329259 0.711854 0.925556 0.984269 0.996834
 0.329259 0.711854 0.925556 0.984269 0.996834
 0.329259 0.711854 0.925556 0.984269 0.996834
 0.329259 0.711854 0.925556 0.984269 0.996834
 0.329259 0.711854 0.925556 0.984269 0.996834
 0.329259 0.711854 0.925556 0.984269 0.996834
pf_obs 
 0.256992 0.487395 0.22802 0.0275931 0
 0.321318 0.546541 0.124235 0.00734118 0.000564706
 0.182869 0.594174 0.210203 0.0122559 0.00049798
 0.330522 0.361315 0.267642 0.0388342 0.00168674
 0.649043 0.306663 0.0425973 0.00169635 0
 0.582887 0.30429 0.105238 0.00758474 0
 0.465427 0.430635 0.0974691 0.00646863 0
 0.296916 0.608066 0.0921331 0.00288517 0
 0.311714 0.524322 0.152257 0.0117073 0
 0.15457 0.633149 0.183074 0.0267441 0.00246327
 0.131901 0.49318 0.331252 0.0422183 0.00144891
 0.196976 0.569456 0.194076 0.0375587 0.00193317
 0.518974 0.381816 0.0799577 0.0180837 0.00116848
 0.0928022 0.601141 0.25162 0.0475244 0.00691264
 0.122501 0.610282 0.24278 0.0234846 0.000952079
 0.383417 0.481906 0.127806 0.00687128 0
 0.0376549 0.599619 0.316969 0.0457579 0
 0.0361596 0.667082 0.258105 0.0386534 0
 0.158088 0.579412 0.248529 0.0139706 0
 0.0477256 0.309471 0.559284 0.082774 0.000745712
 0.0406174 0.521527 0.379366 0.0568643 0.0016247
 0.151134 0.462217 0.34131 0.0453401 0
 0.294876 0.26143 0.354403 0.0886775 0.000613685
 0.281977 0.475581 0.204845 0.0348837 0.00271318
 0.0841818 0.532909 0.334909 0.0458182 0.00218182
 0.115287 0.27431 0.454777 0.147771 0.00785563
 0 0 0 0 0
pf_pred 
 0.0785078 0.617171 0.268824 0.0354911 6.64809e-06
 0.252904 0.337854 0.311809 0.0862867 0.011146
 0.0282502 0.794313 0.103186 0.0569143 0.0173363
 0.159851 0.260483 0.523814 0.0329923 0.02286
 0.454879 0.382653 0.0697704 0.0839726 0.00872499
 0.108189 0.786565 0.0819685 0.010102 0.0131751
 0.514418 0.31541 0.15972 0.00820687 0.00224539
 0.243188 0.716469 0.0316751 0.00815238 0.000515175
 0.367085 0.532136 0.098182 0.00205581 0.000541143
 0.303219 0.636979 0.0551738 0.00451355 0.00011437
 0.149843 0.713528 0.129812 0.00630252 0.000513491
 0.20309 0.588949 0.190234 0.0168731 0.000853617
 0.266708 0.597781 0.115367 0.0184828 0.00166123
 0.258957 0.671724 0.0636443 0.00486647 0.000809046
 0.282177 0.690647 0.0265887 0.000542515 4.44771e-05
 0.254532 0.716392 0.0288313 0.000240055 4.87404e-06
 0.189702 0.689016 0.119036 0.00222883 1.8196e-05
 0.311549 0.55463 0.123719 0.00992184 0.000179969
 0.272443 0.643515 0.0754462 0.00796981 0.000625984
 0.217488 0.649355 0.124503 0.00779376 0.000860035
 0.314962 0.535479 0.134937 0.0137001 0.000921775
 0.240529 0.624674 0.115255 0.0176735 0.00186875
 0.244147 0.576423 0.158805 0.0176985 0.00292694
 0.289601 0.552766 0.13317 0.0217145 0.00274742
 0.0502408 0.770589 0.1534 0.0218585 0.00391135
 0.192861 0.27229 0.467518 0.0578396 0.00949195
 0.0465156 0.741879 0.0982188 0.0994373 0.0139491
pobs_RECLAS
 0 0 0 0 0
 0 0 0 0 0
 0 0 0 0 0
 0 0 0 0 0
 0.835266 0.146461 0.0176864 0.000547809 3.91292e-05
 0.385257 0.428462 0.181853 0.0044286 0
 0.867414 0.0963971 0.0333333 0.00285562 0
 0.441836 0.489002 0.0689373 0.000224442 0
 0.779404 0.147425 0.0564933 0.0165055 0.000172143
 0.814271 0.122319 0.05973 0.00367925 0
 0.40263 0.566651 0.0304383 0.000280538 0
 0.475488 0.404961 0.113038 0.00651328 0
 0.955842 0.0263864 0.0167828 0.000988607 0
 0.975058 0.0227948 0.00214734 0 0
 0.738997 0.206755 0.0527124 0.00153531 0
 0.850938 0.134255 0.0134407 0.00136685 0
 0.542534 0.407297 0.0501686 0 0
 0.764087 0.199537 0.0359546 0.000420521 0
 0.470689 0.182191 0.310203 0.0369168 0
 0.84361 0.089868 0.0606195 0.00523954 0.000663233
 0.607945 0.314616 0.071237 0.00620181 0
 0.523733 0.453247 0.0230204 0 0
 0.530135 0.295979 0.169645 0.0042399 0
 0.562478 0.366248 0.0663022 0.0049721 0
 0.250443 0.683176 0.0655157 0.000865301 0
 0.195077 0.31981 0.436473 0.0351445 0.0134964
 0.565238 0.351407 0.0832357 0.000118908 0
ppred_RECLAS
 0.193753 0.508484 0.25874 0.0390163 7.54708e-06
 0.48301 0.211486 0.224976 0.0710501 0.00947726
 0.0858979 0.72802 0.102016 0.0639531 0.0201127
 0.342675 0.182621 0.422599 0.0303733 0.0217318
 0.693681 0.198396 0.0427711 0.0588385 0.0063133
 0.282239 0.623908 0.0706277 0.00989729 0.0133274
 0.768134 0.145123 0.0806928 0.00471764 0.00133269
 0.516648 0.455078 0.0215585 0.00630378 0.00041128
 0.665281 0.279288 0.0538057 0.00127793 0.000347276
 0.572999 0.385562 0.0378201 0.003527 9.22832e-05
 0.364741 0.525595 0.103473 0.00571093 0.000480399
 0.448508 0.396957 0.139706 0.0140924 0.0007361
 0.568341 0.35048 0.0677577 0.0122822 0.00113955
 0.648703 0.325398 0.0235497 0.00200499 0.000343874
 0.67224 0.318173 0.00935635 0.000212566 1.79782e-05
 0.534573 0.446132 0.0191106 0.0001807 3.78787e-06
 0.439051 0.472316 0.0867726 0.00184499 1.55508e-05
 0.598691 0.318259 0.0759961 0.00692369 0.00012966
 0.540014 0.400765 0.0524049 0.00630481 0.000511323
 0.465408 0.43463 0.0926088 0.00660102 0.000752115
 0.573649 0.321145 0.0936036 0.0108481 0.000753699
 0.483027 0.412128 0.0878009 0.0153668 0.00167785
 0.487725 0.375687 0.118888 0.0151179 0.00258171
 0.546263 0.339939 0.0940212 0.0174918 0.00228532
 0.133511 0.679038 0.157156 0.0255699 0.00472482
 0.396917 0.182859 0.360682 0.0509138 0.00862787
 0.138029 0.650356 0.0913711 0.105032 0.0152117
pobs_PELACES
 0 0 0 0 0
 0 0 0 0 0
 0 0 0 0 0
 0 0 0 0 0
 0 0 0 0 0
 0 0 0 0 0
 0 0 0 0 0
 0 0 0 0 0
 0 0 0 0 0
 0 0 0 0 0
 0.450072 0.473896 0.0757376 0.000293798 0
 0 0 0 0 0
 0.463077 0.371075 0.160297 0.00555027 0
 0.529543 0.364841 0.0842815 0.0213345 0
 0.631943 0.363953 0.00410389 0 0
 0.735681 0.248677 0.0153453 0.000297389 0
 0.695825 0.281241 0.0229344 0 0
 0.275771 0.60734 0.115278 0.00161068 0
 0 0 0 0 0
 0.896147 0.0623911 0.0374545 0.00400742 0
 0.803859 0.145111 0.0509908 3.86294e-05 0
 0.739449 0.233085 0.0266225 0.000797448 4.60066e-05
 0.878498 0.100942 0.0204185 0.000141795 0
 0.694673 0.275183 0.0284847 0.00165964 0
 0.469039 0.446079 0.0841089 0.000773354 0
 0.822795 0.102175 0.0682046 0.00682512 0
 0 0 0 0 0
ppred_PELACES
 0.301224 0.493134 0.180778 0.024859 4.7122e-06
 0.661611 0.170329 0.126826 0.036467 0.00476648
 0.174824 0.714346 0.0635995 0.0361065 0.0111246
 0.53476 0.166492 0.268829 0.0175884 0.0123312
 0.790144 0.151582 0.0243913 0.0306584 0.00322393
 0.457387 0.496036 0.0359818 0.00456843 0.00602692
 0.883347 0.0841883 0.0304064 0.00161185 0.000446107
 0.697404 0.291442 0.0087037 0.00230376 0.000147251
 0.826113 0.155089 0.0183001 0.000392817 0.000104572
 0.715126 0.265649 0.0176869 0.0014992 3.84352e-05
 0.557767 0.390543 0.0490372 0.00245151 0.000202033
 0.646771 0.283008 0.0640651 0.00585631 0.000299693
 0.777107 0.196593 0.0223198 0.00364799 0.000331535
 0.881082 0.114675 0.00389792 0.00029556 4.96298e-05
 0.889253 0.109206 0.00150829 3.0518e-05 2.52709e-06
 0.714152 0.278325 0.00745818 6.38089e-05 1.31037e-06
 0.641036 0.321355 0.036894 0.000709753 5.8606e-06
 0.773626 0.194649 0.029267 0.0024135 4.42792e-05
 0.699846 0.273618 0.0237371 0.00259241 0.000205996
 0.640903 0.312051 0.0438895 0.00283906 0.000316937
 0.709157 0.236732 0.0486285 0.00513307 0.000349469
 0.627291 0.316921 0.0474217 0.00755798 0.00080865
 0.641634 0.28674 0.0631011 0.00730288 0.00122204
 0.693109 0.249739 0.047987 0.00812484 0.00104016
 0.212685 0.659523 0.108747 0.0161251 0.00291982
 0.591988 0.158298 0.217178 0.0279021 0.00463319
 0.277487 0.606338 0.0531095 0.0552292 0.00783604
pobs_pel_tallas
 0 0 0 0 0 0 0 0 0 0 0 0 0 0 0 0 0 0 0 0 0 0 0 0 0 0 0 0 0 0 0 0 0 0 0 0
 0 0 0 0 0 0 0 0 0 0 0 0 0 0 0 0 0 0 0 0 0 0 0 0 0 0 0 0 0 0 0 0 0 0 0 0
 0 0 0 0 0 0 0 0 0 0 0 0 0 0 0 0 0 0 0 0 0 0 0 0 0 0 0 0 0 0 0 0 0 0 0 0
 0 0 0 0 0 0 0 0 0 0 0 0 0 0 0 0 0 0 0 0 0 0 0 0 0 0 0 0 0 0 0 0 0 0 0 0
 0 0 0 0 0 0 0 0 0 0 0 0 0 0 0 0 0 0 0 0 0 0 0 0 0 0 0 0 0 0 0 0 0 0 0 0
 0 0 0 0 0 0 0 0 0 0 0 0 0 0 0 0 0 0 0 0 0 0 0 0 0 0 0 0 0 0 0 0 0 0 0 0
 0 0 0 0 0 0 0 0 0 0 0 0 0 0 0 0 0 0 0 0 0 0 0 0 0 0 0 0 0 0 0 0 0 0 0 0
 0 0 0 0 0 0 0 0 0 0 0 0 0 0 0 0 0 0 0 0 0 0 0 0 0 0 0 0 0 0 0 0 0 0 0 0
 0 0 0 0 0 0 0 0 0 0 0 0 0 0 0 0 0 0 0 0 0 0 0 0 0 0 0 0 0 0 0 0 0 0 0 0
 0 0 0 0 0 0 0 0 0 0 0 0 0 0 0 0 0 0 0 0 0 0 0 0 0 0 0 0 0 0 0 0 0 0 0 0
 0 0 0 0 0 0 0 0 1.78061e-05 0.00172719 0.00360574 0.0105946 0.0120993 0.0124554 0.0147524 0.0171206 0.0266825 0.0428682 0.0675386 0.121331 0.153587 0.119568 0.100827 0.0573624 0.0630603 0.0341343 0.0324427 0.0444173 0.0211091 0.0280891 0.0125444 0.00206551 0 0 0 0
 0 0 0 0 0 0 0 0 0 0 0 0 0 0 0 0 0 0 0 0 0 0 0 0 0 0 0 0 0 0 0 0 0 0 0 0
 0 0 0 0 0 0 0.0133647 0.0140871 0.0187388 0.0205184 0.03894 0.0496705 0.03968 0.0493445 0.0407372 0.0367815 0.0215668 0.0243155 0.0234873 0.0199281 0.019796 0.0243948 0.0301388 0.0376714 0.0412746 0.0863199 0.0771752 0.113111 0.0741005 0.0525337 0.0229764 0.00759418 0.00175318 0 0 0
 0 0 0 0 0 0 0 0 0 0 0.00219441 0.00772107 0.0458388 0.0604681 0.0671733 0.0775358 0.0609151 0.0617685 0.073594 0.0568108 0.0755445 0.0548602 0.0670107 0.0636378 0.0643287 0.046367 0.0373049 0.0286899 0.0247887 0.0153202 0.00654259 0.00121912 0.000365735 0 0 0
 0 0 0 0 0 0 0 0 0 0 0 0 0.000112435 0.00938835 0.0111873 0.0202946 0.0414886 0.0713402 0.111592 0.104902 0.108894 0.110636 0.117776 0.105296 0.107544 0.0401394 0.0192827 0.0124803 0.00416011 0.0028671 0.000618394 0 0 0 0 0
 0 0 0 0 0 0 0 0 0 0 0.00291406 0.0102884 0.027416 0.0768956 0.0749926 0.110853 0.0956884 0.0897413 0.0766577 0.0534642 0.0500743 0.0551293 0.0594112 0.0620874 0.0668451 0.0424026 0.0208742 0.0120726 0.0048766 0.00582813 0.00118941 0.000297354 0 0 0 0
 0 0.00264628 0.0354308 0.0461629 0.0458689 0.0383711 0.0214643 0.0164657 0.0346957 0.0420465 0.0363128 0.0245516 0.0311673 0.0291091 0.0169068 0.0133784 0.00837989 0.0085269 0.0148486 0.0160247 0.0276389 0.0546898 0.0760071 0.122758 0.109233 0.0665981 0.0333725 0.0166128 0.00676272 0.00308733 0.000882094 0 0 0 0 0
 0 0 0 0 0 0 0 0.000805153 0.000690131 0.00759144 0.0133425 0.0154129 0.00931677 0.000345066 0.00356568 0.00563607 0.00851162 0.0253048 0.0502646 0.0516448 0.0657925 0.0565908 0.0611916 0.0827007 0.0866115 0.110766 0.145733 0.0935128 0.0569358 0.0249597 0.0138026 0.00621118 0.00161031 0.00115022 0 0
 0 0 0 0 0 0 0 0 0 0 0 0 0 0 0 0 0 0 0 0 0 0 0 0 0 0 0 0 0 0 0 0 0 0 0 0
 0.00147267 0.00158595 0.00478618 0.00569244 0.00954404 0.0108468 0.00647125 0.017049 0.0510054 0.094081 0.124002 0.0959785 0.0687766 0.0820023 0.061753 0.0591476 0.0492212 0.0479892 0.0443925 0.0268479 0.0217502 0.0140895 0.0121071 0.0120363 0.00920419 0.00665534 0.0049561 0.00860946 0.00930331 0.0156896 0.0114698 0.00855282 0.00243557 0.00046729 0 2.83206e-05
 0 0 0 0 0.000772559 0.00158375 0.000888443 0.00281984 0.00712685 0.0440552 0.0773331 0.111326 0.0921469 0.0852325 0.0710754 0.0886704 0.0786465 0.0553345 0.0373146 0.0185414 0.00753245 0.00457741 0.012979 0.0271748 0.0457355 0.0583668 0.034881 0.0177882 0.00938659 0.00492506 0.0015258 0.00185414 0.000309023 5.79419e-05 3.86279e-05 0
 0 0.00173294 0.00326652 0 0.00397197 0.00683976 0.00946217 0.0152591 0.00757587 0.0136028 0.0228656 0.0392903 0.0559909 0.0764795 0.0681675 0.0726916 0.0566044 0.0477403 0.0527397 0.0444891 0.0609904 0.0582453 0.0661739 0.0445044 0.0529084 0.0360697 0.0280645 0.0235558 0.0158879 0.00826598 0.00280645 0.00217768 0.000904811 0.00058276 9.20147e-05 0
 0 0 0 0 0 0 0 0 0 0 0 0 0 0 0 0 0 0 0 0 0 0 0 0 0 0 0 0 0 0 0 0 0 0 0 0
 0 0 0 0 0 0 0 0 0 0 0 0 0 0 0 0 0 0 0 0 0 0 0 0 0 0 0 0 0 0 0 0 0 0 0 0
 0 0 0 0 0 0 0 0 0 0 0 0 0 0 0 0 0 0 0 0 0 0 0 0 0 0 0 0 0 0 0 0 0 0 0 0
 0 0 0 0 0 0 0 0 0 0 0 0 0 0 0 0 0 0 0 0 0 0 0 0 0 0 0 0 0 0 0 0 0 0 0 0
 0 0 0 0 0 0 0 0 0 0 0 0 0 0 0 0 0 0 0 0 0 0 0 0 0 0 0 0 0 0 0 0 0 0 0 0
ppred_pel_tallas
 1.03582e-16 1.31678e-05 7.72217e-05 0.000366946 0.00141254 0.00440468 0.0111263 0.0227695 0.0377561 0.0507453 0.0553261 0.0490519 0.0356593 0.0219144 0.0127004 0.00911921 0.00993855 0.0136195 0.0191579 0.0259475 0.0334332 0.0409347 0.0476631 0.05285 0.055909 0.0565635 0.0548966 0.0513052 0.0463818 0.0407647 0.0350098 0.0295149 0.0245063 0.0200708 0.0162085 0.0128816
 1.03332e-16 2.88692e-05 0.000169432 0.000805393 0.00310078 0.00966949 0.0244244 0.0499757 0.0828412 0.111256 0.121076 0.106814 0.0764981 0.0447202 0.0218471 0.00987523 0.00567613 0.00556332 0.00728274 0.00984433 0.0128306 0.0159654 0.0189737 0.0215825 0.0235644 0.0247794 0.0251935 0.0248685 0.0239307 0.0225302 0.0208073 0.018875 0.0168179 0.0147016 0.0125847 0.0105261
 1.02896e-16 7.66482e-06 4.48947e-05 0.000213216 0.00082057 0.00255859 0.00646356 0.0132307 0.0219516 0.0295416 0.0323087 0.0288829 0.0215137 0.0142468 0.0100739 0.00981733 0.0129376 0.0186566 0.0263804 0.0355608 0.0454671 0.0551125 0.0633557 0.0691166 0.0716225 0.0705921 0.066301 0.0594961 0.0511991 0.0424635 0.0341645 0.0268775 0.0208573 0.0160982 0.0124331 0.00963189
 1.05051e-16 2.33381e-05 0.000136959 0.000651011 0.00250637 0.00781584 0.0197422 0.0403958 0.0669626 0.0899355 0.0978849 0.0863828 0.0619263 0.036326 0.0179828 0.00853983 0.005504 0.0059344 0.00804543 0.0110635 0.0146606 0.018599 0.0226148 0.0264178 0.0297321 0.0323353 0.0340841 0.0349172 0.0348418 0.0339135 0.0322198 0.0298717 0.0270029 0.0237697 0.0203465 0.0169134
 1.016e-16 3.44728e-05 0.000202333 0.00096181 0.00370304 0.0115476 0.0291683 0.059682 0.0989286 0.132855 0.144565 0.127498 0.0912269 0.0531586 0.0256451 0.0110342 0.00554837 0.00474486 0.00590153 0.00782545 0.0100352 0.0122494 0.0142163 0.0157056 0.0165485 0.0166746 0.0161248 0.0150344 0.0135937 0.0119996 0.0104145 0.00894438 0.00763641 0.00649298 0.00549198 0.00460544
 1.01111e-16 1.9977e-05 0.000117198 0.000557001 0.0021443 0.00668666 0.0168904 0.0345631 0.0573038 0.0769925 0.0838757 0.0742044 0.0535979 0.032248 0.0174575 0.0107641 0.0101541 0.013172 0.0182393 0.0244854 0.0312473 0.0377985 0.0433355 0.0471063 0.0485772 0.047562 0.0442665 0.0392291 0.033182 0.0268803 0.0209526 0.0158135 0.0116471 0.00844762 0.00608852 0.00439264
 1.00536e-16 3.85342e-05 0.000226183 0.00107521 0.00413968 0.0129093 0.0326077 0.0667187 0.11059 0.148508 0.161577 0.142453 0.10182 0.0591151 0.028114 0.0114028 0.00472011 0.00307169 0.00341083 0.00443616 0.00568333 0.00694859 0.00808086 0.00894648 0.00944533 0.00953086 0.00921855 0.00857787 0.00771197 0.00673197 0.00573465 0.00478935 0.00393539 0.00318749 0.00254473 0.00199908
 1.00305e-16 3.04345e-05 0.000178612 0.00084901 0.00326868 0.010193 0.025747 0.0526827 0.0873312 0.117295 0.127669 0.112684 0.0808163 0.0474737 0.0236148 0.0113775 0.00748904 0.00806642 0.0106974 0.0142498 0.0181405 0.0218949 0.0250316 0.0271088 0.0278175 0.0270558 0.0249556 0.0218459 0.01817 0.0143829 0.0108618 0.00785371 0.00546496 0.00368556 0.00243111 0.0015855
 1.00329e-16 3.60414e-05 0.000211542 0.00100559 0.0038716 0.0120732 0.030496 0.0623986 0.103431 0.138902 0.151143 0.133296 0.0953671 0.0555544 0.026769 0.0114611 0.00567593 0.004762 0.00586625 0.00773463 0.00985785 0.0119378 0.0137097 0.014935 0.015444 0.0151743 0.0141855 0.012641 0.0107655 0.00879232 0.00691745 0.00527228 0.0039183 0.00285905 0.00206089 0.00147389
 1.00392e-16 3.12063e-05 0.000183145 0.000870567 0.00335169 0.0104519 0.0264008 0.0540203 0.0895476 0.120269 0.130899 0.115516 0.0828081 0.0485645 0.0240108 0.0113254 0.00714002 0.00746508 0.00982939 0.013089 0.0166791 0.0201602 0.0230921 0.0250703 0.0258094 0.0252108 0.0233872 0.0206301 0.0173357 0.0139125 0.0107011 0.00792666 0.00568971 0.0039875 0.00275115 0.00188324
 1.00918e-16 2.43498e-05 0.00014288 0.000679115 0.00261451 0.00815301 0.0205941 0.0421404 0.0698603 0.093844 0.102183 0.0902806 0.0649482 0.0385544 0.0199251 0.0108426 0.00876144 0.0106279 0.0145197 0.0194712 0.0248761 0.0301439 0.0346375 0.0377603 0.0390838 0.0384493 0.0360038 0.0321553 0.0274662 0.0225209 0.0178105 0.0136649 0.0102393 0.00754446 0.00549833 0.0039785
 1.01217e-16 2.82265e-05 0.000165649 0.000787385 0.00303141 0.00945313 0.023878 0.0488586 0.0809927 0.108783 0.11841 0.104522 0.0749875 0.0440998 0.0220314 0.0107761 0.00731274 0.00805469 0.0107778 0.0144409 0.0185045 0.0225205 0.0260245 0.0285792 0.0298635 0.0297439 0.028303 0.0258086 0.0226405 0.0191992 0.0158259 0.0127557 0.0101088 0.00791045 0.00612602 0.00469427
 1.00522e-16 3.39062e-05 0.000199002 0.000945967 0.00364202 0.0113573 0.0286877 0.058699 0.0973004 0.130673 0.142201 0.125439 0.0898091 0.0524445 0.0255096 0.0113323 0.00621431 0.00579569 0.00739353 0.00980729 0.0125117 0.0151577 0.0174155 0.0189841 0.0196484 0.0193296 0.0181027 0.0161735 0.0138254 0.011352 0.00899945 0.0069321 0.00522614 0.00388498 0.00286583 0.00210612
 1.00106e-16 3.84366e-05 0.000225607 0.00107247 0.00412912 0.0128763 0.0325244 0.0665486 0.110309 0.148133 0.161175 0.142114 0.101611 0.0590612 0.0282138 0.0116589 0.00515511 0.0037243 0.00432087 0.00562625 0.00714182 0.00861733 0.00985158 0.0106689 0.0109473 0.0106466 0.00981848 0.00859231 0.00714257 0.00564845 0.00425871 0.00307091 0.0021273 0.00142437 0.000929159 0.000596128
 1.00059e-16 3.87926e-05 0.000227698 0.00108241 0.00416739 0.0129957 0.0328259 0.0671655 0.111331 0.149505 0.162667 0.143425 0.10254 0.0595842 0.0284316 0.0116935 0.00508574 0.00358197 0.00410777 0.00533465 0.00676494 0.00815464 0.00931108 0.0100671 0.0103074 0.0099951 0.00918122 0.00799111 0.00659305 0.00515942 0.00383301 0.00270701 0.00182107 0.00117045 0.000721911 0.000429969
 1.00199e-16 3.11643e-05 0.000182898 0.000869387 0.00334714 0.0104377 0.026365 0.0539472 0.0894266 0.120107 0.130726 0.11537 0.0827177 0.0485401 0.0240516 0.0114321 0.00732173 0.00773795 0.0102102 0.0135874 0.0172905 0.0208608 0.023837 0.0257971 0.026446 0.0256877 0.0236496 0.0206477 0.0171079 0.013467 0.0100876 0.00720689 0.00492728 0.00323899 0.0020603 0.00127853
 1.00654e-16 2.79779e-05 0.000164187 0.000780423 0.0030046 0.00936949 0.0236668 0.0484268 0.0802778 0.107826 0.117377 0.103632 0.074394 0.043842 0.0220706 0.0110708 0.00786086 0.0088917 0.0119515 0.0159823 0.0204036 0.0247093 0.0283715 0.0308991 0.0319409 0.0313683 0.029306 0.0260932 0.0221969 0.0181015 0.0142136 0.0108058 0.00800533 0.005819 0.00417623 0.00297255
 1.00564e-16 3.37543e-05 0.000198111 0.000941729 0.00362571 0.0113064 0.0285592 0.058436 0.0968646 0.130088 0.141564 0.124877 0.0894062 0.0522087 0.025394 0.0112798 0.00618493 0.00576976 0.00736479 0.00977675 0.012485 0.0151444 0.0174281 0.0190369 0.0197551 0.0195005 0.0183422 0.0164784 0.0141845 0.0117475 0.00940942 0.00733371 0.00559886 0.00421315 0.00313999 0.00232325
 1.00525e-16 3.05404e-05 0.000179235 0.000851975 0.0032801 0.0102287 0.0258369 0.0528666 0.0876356 0.117702 0.128109 0.113062 0.0810668 0.0475792 0.0235907 0.0112398 0.00723668 0.0076824 0.0101599 0.0135454 0.017275 0.0209008 0.0239707 0.0260675 0.0268949 0.0263479 0.0245378 0.0217592 0.0184147 0.0149202 0.0116233 0.00875501 0.00642006 0.00461896 0.00328558 0.00232505
 1.00838e-16 2.79718e-05 0.000164151 0.000780258 0.00300396 0.00936752 0.0236618 0.0484165 0.0802605 0.107802 0.117349 0.103602 0.0743629 0.0438036 0.0220144 0.0109828 0.00772492 0.00869155 0.0116733 0.015619 0.0199589 0.0242015 0.0278346 0.0303801 0.0314941 0.0310464 0.0291506 0.0261279 0.0224227 0.0184981 0.0147437 0.0114222 0.00865882 0.00646482 0.00477884 0.00350771
 1.00961e-16 3.09449e-05 0.000181613 0.000863288 0.00332368 0.0103646 0.0261801 0.0535686 0.088798 0.11926 0.129796 0.11453 0.0820736 0.0480786 0.0236691 0.0109972 0.00671639 0.00686932 0.00901344 0.0120347 0.0154061 0.0187346 0.0216283 0.023722 0.0247486 0.0245997 0.0233481 0.0212219 0.0185431 0.0156498 0.012829 0.0102774 0.00809369 0.00629587 0.00485074 0.00370278
 1.01074e-16 2.73784e-05 0.000160667 0.000763693 0.00294018 0.00916862 0.0231594 0.0473886 0.078557 0.105515 0.114863 0.101414 0.0728073 0.042918 0.0216263 0.0108831 0.0077742 0.00883015 0.0118903 0.0159224 0.0203604 0.0247091 0.0284497 0.0310969 0.0323004 0.0319252 0.0300828 0.0270937 0.0234034 0.0194758 0.0157017 0.0123442 0.00952905 0.00726876 0.00550419 0.0041456
 1.01298e-16 2.80026e-05 0.000164335 0.000781135 0.00300735 0.00937808 0.0236884 0.0484708 0.0803499 0.10792 0.117472 0.103698 0.0744035 0.0437714 0.0218951 0.0107554 0.00735769 0.00814573 0.0109132 0.0146249 0.0187401 0.0228068 0.0263548 0.028942 0.0302435 0.030125 0.0286708 0.0261527 0.0229556 0.0194847 0.0160846 0.012992 0.0103268 0.00811308 0.00631421 0.00486742
 1.01091e-16 3.02457e-05 0.000177507 0.000843764 0.0032485 0.0101301 0.025588 0.0523571 0.0867903 0.116565 0.126867 0.111956 0.0802522 0.0470578 0.0232524 0.0109478 0.00688112 0.0071903 0.00948845 0.0126792 0.0162312 0.0197356 0.0227807 0.0249821 0.0260596 0.0259001 0.0245819 0.0223468 0.019535 0.0165027 0.0135514 0.0108864 0.00860915 0.00673582 0.00522907 0.0040288
 1.02449e-16 9.3137e-06 5.45797e-05 0.00025927 0.000997907 0.00311162 0.00786039 0.0160883 0.0266866 0.0358953 0.0392086 0.0349353 0.0257726 0.0165843 0.0109326 0.00972866 0.0122297 0.0174324 0.0246187 0.0332163 0.042534 0.0516578 0.0595298 0.065142 0.0677613 0.0671014 0.0633851 0.0572703 0.0496742 0.0415541 0.0337176 0.0267111 0.0207983 0.0160114 0.0122356 0.00929347
 1.0431e-16 2.5833e-05 0.000151608 0.000720655 0.00277453 0.00865206 0.0218544 0.0447174 0.0741254 0.0995524 0.108343 0.0955921 0.068484 0.0400827 0.019673 0.0090542 0.00544418 0.00556499 0.00742233 0.0101521 0.0133975 0.0169188 0.0204628 0.0237595 0.0265603 0.0286756 0.0299972 0.0304973 0.0302122 0.0292175 0.0276085 0.0254903 0.0229769 0.0201936 0.017277 0.0143678
 1.03216e-16 1.2137e-05 7.11604e-05 0.000338109 0.00130148 0.0040583 0.0102516 0.0209804 0.0347936 0.0467762 0.051032 0.0453235 0.0331193 0.0206911 0.0125871 0.00987906 0.0114822 0.0160044 0.0224991 0.0303192 0.0387922 0.0470718 0.0541908 0.059235 0.0615481 0.0608875 0.057479 0.0519439 0.0451335 0.0379238 0.0310402 0.0249558 0.0198772 0.0157963 0.0125754 0.0100297
pSPR Fmed_Fpbrs
0.52463   0.6 0.325
Fs Fmed_Fpbrs
0.64   0.461608 1.6357
SSBpbr Bo_Bmed_Bpbrs
475645  225756  261605 130802
Ro
21590.3
SPR SPRFo_SPRFmed_SPRFpbrs
445931 233949 144928
log_Ro
9.8
likeval ReclasPelacesDesembMPH_pf_preclas_ppelaces_ptallas_desvR_qrecl_qpela
 81.4399 10.5716 0.186698 37.7613 355.9 219.091 58.1324 0 31.3231 8.90719e-05 0.000300519 2.92358e-14 0 0 0
q_reclas_q_pelaces
3.80903 11.779
M
0.7
N
 17463.5 17825 5813.54 757.814 0.141882
 44505.2 8289.43 5904.55 1615.86 208.638
 4240.98 20655.7 2244.29 1229.08 374.282
 7973.22 1825.24 2841.64 177.025 122.607
 37044.4 3691.48 483.448 573.208 59.5238
 14610.5 18075.9 1566.28 191.606 249.825
 62444.9 6329.96 2639.22 134.546 36.8005
 52718.7 27342 1016.31 259.779 16.412
 83413.9 22551.1 3561.11 74.1152 19.5046
 110784 34888.3 2400.73 194.506 4.92682
 61344.5 50199.5 7618.63 367.219 29.9106
 54087.4 26480.3 7093.05 624.404 31.5798
 51928.5 23502 3969.4 632.723 56.858
 28520 21018.6 1864.3 142.214 23.6408
 13947.3 9698.72 349.54 7.11513 0.58327
 9423.56 4743.01 161.29 1.33403 0.0270791
 6156.16 4006.88 585.3 10.8869 0.0888576
 8325.95 2615.48 490.897 39.0997 0.70903
 9543.21 3558.31 337.896 35.3851 2.77838
 8912.66 4248.04 662.384 41.1139 4.53543
 16950.7 3951.73 763.267 76.6083 5.15211
 22025.5 7909.25 1122.4 170.174 17.986
 30653.5 10249.9 2193.46 241.828 39.9766
 52240.2 14154.7 2651.34 427.696 54.0919
 11770.8 24104.4 3636.61 511.963 91.5681
 27715.3 5538.91 7385.62 903.888 148.274
 4457.42 12800.1 1434.97 1443.29 202.415
pred_Ctot
 555.657 4368.16 1902.66 251.197 0.0470533
 2100.82 2806.49 2590.14 716.768 92.5879
 409.986 11527.6 1497.51 825.98 251.597
 389.557 634.799 1276.54 80.4025 55.7099
 463.604 389.994 71.1088 85.5834 8.89236
 1350.81 9820.71 1023.42 126.129 164.499
 5349.71 3280.12 1661.01 85.3477 23.351
 5299.85 15614.2 690.303 177.666 11.2273
 9556.58 13853.4 2556.04 53.5203 14.0879
 7009.07 14724.1 1275.37 104.333 2.64372
 5814.32 27686.8 5037.06 244.555 19.9248
 4899.32 14207.7 4589.19 407.045 20.5926
 6987.33 15660.9 3022.44 484.221 43.5216
 6606.59 17137.3 1623.72 124.155 20.6407
 3230.85 7907.72 304.433 6.21164 0.509251
 983.003 2766.71 111.347 0.927092 0.0188235
 645.282 2343.73 404.908 7.58149 0.0618949
 841.761 1498.53 334.271 26.8074 0.486249
 715.556 1690.15 198.155 20.9322 1.64411
 691.209 2063.74 395.689 24.7697 2.73331
 738.665 1255.84 316.461 32.1303 2.1618
 999.651 2596.18 479.006 73.4521 7.76662
 1552.31 3664.96 1009.7 112.529 18.6098
 2672.15 5100.38 1228.76 200.36 25.3505
 444.964 6824.82 1358.61 193.593 34.6414
 1400.3 1977 3394.5 419.955 68.9179
 472.338 7533.33 997.351 1009.72 141.645
F
 0.0451313 0.404875 0.580325 0.590023 0.590397
 0.0676166 0.606593 0.869455 0.883984 0.884545
 0.143083 1.28361 1.83985 1.8706 1.87179
 0.0700609 0.628521 0.900887 0.915941 0.916522
 0.0175372 0.157327 0.225504 0.229272 0.229417
 0.136449 1.2241 1.75455 1.78387 1.785
 0.125862 1.12911 1.61841 1.64545 1.6465
 0.149185 1.33835 1.91831 1.95037 1.95161
 0.171664 1.54001 2.20737 2.24425 2.24568
 0.0915782 0.821554 1.17757 1.19725 1.19801
 0.140105 1.25689 1.80155 1.83166 1.83282
 0.133517 1.19779 1.71684 1.74553 1.74663
 0.204457 1.8342 2.62904 2.67297 2.67467
 0.378611 3.39655 4.86841 4.94977 4.95291
 0.378611 3.39655 4.86841 4.94977 4.95291
 0.155199 1.3923 1.99564 2.02899 2.03028
 0.156005 1.39953 2.00601 2.03953 2.04083
 0.15009 1.34646 1.92995 1.9622 1.96344
 0.109373 0.981197 1.40639 1.42989 1.4308
 0.11332 1.0166 1.45714 1.48149 1.48243
 0.0622762 0.558684 0.800786 0.814167 0.814684
 0.0649366 0.582551 0.834995 0.848948 0.849486
 0.0727003 0.652199 0.934825 0.950447 0.951049
 0.073458 0.658997 0.944568 0.960352 0.960961
 0.053824 0.482859 0.692102 0.703667 0.704113
 0.0725283 0.650656 0.932613 0.948197 0.948799
 0.157838 1.41597 2.02957 2.06349 2.0648
Np
 13507.2 6474.93 683.988 486.636 38.4871
YTP_r0W_actual
 913.203 54942.5 12129.9 15792.3 2459.09
YTP_p0W_proyectada
 2767.26 8113.78 13040 1024.46 1175.56
 2767.26 27792.6 5781.83 5324.73 467.572
CTP_r0_actual
 111.366 2543.63 386.303 393.823 55.2606
CTP_p0_proyectada
 337.47 375.638 415.285 25.5477 26.4172
 337.47 1286.69 184.135 132.786 10.5072
Wmedp
 8.2 21.6 31.4 40.1 44.5
nmprior
 10.8 10.6 4.6 0
nm_flota  nm_reclas  nm_pelaces    nm_pelaL
inf 18.2336 11.2347 29.5654
cv_recla  cv_pelaces  cv_mph
0.781537 0.356173 0.492698
 ------------------------------------------------
Talla a la edad & desviaci?n 
 7.2 14.2025 17.0495 18.207 18.6776
 1.08 2.13037 2.55742 2.73105 2.80164
