years
 1997 1998 1999 2000 2001 2002 2003 2004 2005 2006 2007 2008 2009 2010 2011 2012 2013 2014 2015 2016 2017 2018 2019 2020 2021 2022 2023
reclasobs
 0 0 0 370054 412103 1.49427e+06 250295 1.28982e+06 931140 785840 897777 1.04006e+06 184774 17550 25797 100020 73551 82996 120727 218422 84188 347160 605670 569463 516374 1.08416e+06 1.01767e+06
reclaspred
 751050 171780 364196 186050 299369 353642 739578 572207 729050 917803 861101 625208 358906 128531 84737.8 85929.6 80254.2 95298 116282 151056 232805 252802 455408 570384 757482 629635 393540
pelacesobs
 0 0 0 0 0 0 0 0 0 2.06254e+06 1.5e+06 0 1.87456e+06 323000 250000 174000 83755 137374 0 501740 490994 745055 786931 1.00524e+06 1.33801e+06 1.41789e+06 0
pelacespred
 2.42132e+06 552510 560654 522391 810061 605097 2.03473e+06 1.57682e+06 2.06162e+06 2.51398e+06 1.87394e+06 1.42901e+06 837190 257768 181805 178095 164791 213369 248678 313894 608344 585529 832481 1.24655e+06 1.49851e+06 1.28329e+06 729990
mphobs
 0 0 0 0 0 0 112323 0 153150 637223 0 255016 313432 73983 77613 109348 50772 17779 17303 59886 28197 0 207744 136588 643089 65757 70829
mphpred
 247572 122775 121677 82298.5 85766.8 150983 192954 281451 269869 356945 394488 274595 171666 119027 55916.1 48678.2 39844.7 43905.9 30817.4 34745.4 52484.1 73173.9 95352.4 140588 185731 154984 114510
desembarqueobs
 350755 77701 442110 56441 14545 235359 269955 359681 431902 328805 639364 411747 362871 311530 167758 66681 60226 58785 57116 73181 50977 67692 138656 160484 209506 203330 245020
desembarquepred
 350744 77683.2 441882 56440.2 14545.2 235440 270012 359406 431670 328721 638917 411478 362698 311301 167450 66667.1 60249.5 58743.2 57056.2 73155.1 50974.9 67657.7 138643 160473 209500 203285 244924
Reclutas
 30076.8 40592.9 12841.9 17290.8 37340.8 22023.4 61868 59547.4 96825.3 109951 64461.5 51623.7 45217.5 28338.8 15040.6 10148.9 6560.39 9087.62 10883.5 12204.9 20223.3 27879.9 39119.8 56348.2 17992.9 27125.1 25258.9
log_desv_Rt
 0.0915088 0.391348 -0.759532 -0.462072 0.307843 -0.220141 0.812759 0.774528 1.26066 1.38779 0.853823 0.631736 0.49924 0.0319866 -0.601494 -0.994882 -1.43119 -1.10533 -0.924992 -0.810406 -0.305409 0.0156613 0.354383 0.719306 -0.42227 -0.011787 -0.0830673
SSB
 435228 215837 213906 144680 150777 265427 326294 486454 458735 611760 693504 482735 315381 149719 74515.7 64370.2 56791.7 58640.2 75905.7 92014 127747 172560 232912 323858 478271 418041 288602
BT
 1.36057e+06 339153 469659 264011 343164 402587 1.13395e+06 1.04873e+06 1.32646e+06 1.35275e+06 1.30771e+06 947400 702680 397732 218912 126365 117304 139482 146015 184177 295555 279550 413826 626093 686268 645374 486960
Ftot
 1.09461 1.17455 2.34321 0.706036 0.133069 1.33908 1.02796 1.6511 1.7372 0.972648 1.6058 1.42318 2.25198 4.95303 4.8817 1.86982 1.76899 1.59163 1.2034 1.16112 0.569506 0.62436 0.681759 0.684839 0.562203 0.632382 1.27029
BD_Bspro_t
 0.903283 0.605869 0.493909 0.253373 0.372901 0.562999 0.470393 0.529715 0.475327 0.499138 0.492926 0.339893 0.253858 0.153976 0.0941159 0.099297 0.121302 0.169573 0.255084 0.346075 0.452597 0.591653 0.622264 0.62757 0.651641 0.551085 0.454049
BD_Bspro
 0.767747 0.380738 0.377333 0.255217 0.265972 0.468215 0.575587 0.85811 0.809214 1.07915 1.22335 0.85155 0.556335 0.264106 0.131447 0.11355 0.100181 0.103442 0.133898 0.162314 0.225347 0.304398 0.410859 0.571289 0.843676 0.737429 0.509096
BD_Bo
 0.778454 0.386048 0.382595 0.258776 0.269682 0.474745 0.583614 0.870078 0.820499 1.0942 1.24041 0.863426 0.564094 0.267789 0.13328 0.115133 0.101578 0.104885 0.135766 0.164577 0.22849 0.308644 0.416589 0.579257 0.855443 0.747714 0.516196
BD_Brms
 1.41537 0.701906 0.695628 0.470502 0.49033 0.863173 1.06112 1.58196 1.49182 1.98946 2.25529 1.56987 1.02563 0.486889 0.242327 0.209333 0.184688 0.190699 0.246847 0.299232 0.415436 0.56117 0.757435 1.05319 1.55535 1.35948 0.938539
S_f
 0.0736863 0.601817 0.966349 0.998171 0.999904
 0.0736863 0.601817 0.966349 0.998171 0.999904
 0.0736863 0.601817 0.966349 0.998171 0.999904
 0.0736863 0.601817 0.966349 0.998171 0.999904
 0.0736863 0.601817 0.966349 0.998171 0.999904
 0.0736863 0.601817 0.966349 0.998171 0.999904
 0.0736863 0.601817 0.966349 0.998171 0.999904
 0.0736863 0.601817 0.966349 0.998171 0.999904
 0.0736863 0.601817 0.966349 0.998171 0.999904
 0.0736863 0.601817 0.966349 0.998171 0.999904
 0.0736863 0.601817 0.966349 0.998171 0.999904
 0.0736863 0.601817 0.966349 0.998171 0.999904
 0.0736863 0.601817 0.966349 0.998171 0.999904
 0.0736863 0.601817 0.966349 0.998171 0.999904
 0.0736863 0.601817 0.966349 0.998171 0.999904
 0.0736863 0.601817 0.966349 0.998171 0.999904
 0.0736863 0.601817 0.966349 0.998171 0.999904
 0.0736863 0.601817 0.966349 0.998171 0.999904
 0.0736863 0.601817 0.966349 0.998171 0.999904
 0.0736863 0.601817 0.966349 0.998171 0.999904
 0.0736863 0.601817 0.966349 0.998171 0.999904
 0.0736863 0.601817 0.966349 0.998171 0.999904
 0.0736863 0.601817 0.966349 0.998171 0.999904
 0.0736863 0.601817 0.966349 0.998171 0.999904
 0.0736863 0.601817 0.966349 0.998171 0.999904
 0.0736863 0.601817 0.966349 0.998171 0.999904
 0.0736863 0.601817 0.966349 0.998171 0.999904
Scru_reclas
 0.320092 0.703202 0.922623 0.983609 0.9967
 0.320092 0.703202 0.922623 0.983609 0.9967
 0.320092 0.703202 0.922623 0.983609 0.9967
 0.320092 0.703202 0.922623 0.983609 0.9967
 0.320092 0.703202 0.922623 0.983609 0.9967
 0.320092 0.703202 0.922623 0.983609 0.9967
 0.320092 0.703202 0.922623 0.983609 0.9967
 0.320092 0.703202 0.922623 0.983609 0.9967
 0.320092 0.703202 0.922623 0.983609 0.9967
 0.320092 0.703202 0.922623 0.983609 0.9967
 0.320092 0.703202 0.922623 0.983609 0.9967
 0.320092 0.703202 0.922623 0.983609 0.9967
 0.320092 0.703202 0.922623 0.983609 0.9967
 0.320092 0.703202 0.922623 0.983609 0.9967
 0.320092 0.703202 0.922623 0.983609 0.9967
 0.320092 0.703202 0.922623 0.983609 0.9967
 0.320092 0.703202 0.922623 0.983609 0.9967
 0.320092 0.703202 0.922623 0.983609 0.9967
 0.320092 0.703202 0.922623 0.983609 0.9967
 0.320092 0.703202 0.922623 0.983609 0.9967
 0.320092 0.703202 0.922623 0.983609 0.9967
 0.320092 0.703202 0.922623 0.983609 0.9967
 0.320092 0.703202 0.922623 0.983609 0.9967
 0.320092 0.703202 0.922623 0.983609 0.9967
 0.320092 0.703202 0.922623 0.983609 0.9967
 0.320092 0.703202 0.922623 0.983609 0.9967
 0.320092 0.703202 0.922623 0.983609 0.9967
Scru_pelaces
 0.623909 1 1 1 1
 0.623909 1 1 1 1
 0.623909 1 1 1 1
 0.623909 1 1 1 1
 0.623909 1 1 1 1
 0.623909 1 1 1 1
 0.623909 1 1 1 1
 0.623909 1 1 1 1
 0.623909 1 1 1 1
 0.623909 1 1 1 1
 0.623909 1 1 1 1
 0.623909 1 1 1 1
 0.623909 1 1 1 1
 0.623909 1 1 1 1
 0.623909 1 1 1 1
 0.623909 1 1 1 1
 0.623909 1 1 1 1
 0.623909 1 1 1 1
 0.623909 1 1 1 1
 0.623909 1 1 1 1
 0.623909 1 1 1 1
 0.623909 1 1 1 1
 0.623909 1 1 1 1
 0.623909 1 1 1 1
 0.623909 1 1 1 1
 0.623909 1 1 1 1
 0.623909 1 1 1 1
pf_obs 
 0.256992 0.487395 0.22802 0.0275931 0
 0.321318 0.546541 0.124235 0.00734118 0.000564706
 0.182869 0.594174 0.210203 0.0122559 0.00049798
 0.330522 0.361315 0.267642 0.0388342 0.00168674
 0.649043 0.306663 0.0425973 0.00169635 0
 0.582887 0.30429 0.105238 0.00758474 0
 0.465427 0.430635 0.0974691 0.00646863 0
 0.296916 0.608066 0.0921331 0.00288517 0
 0.311714 0.524322 0.152257 0.0117073 0
 0.15457 0.633149 0.183074 0.0267441 0.00246327
 0.131901 0.49318 0.331252 0.0422183 0.00144891
 0.196976 0.569456 0.194076 0.0375587 0.00193317
 0.518974 0.381816 0.0799577 0.0180837 0.00116848
 0.0928022 0.601141 0.25162 0.0475244 0.00691264
 0.122501 0.610282 0.24278 0.0234846 0.000952079
 0.383417 0.481906 0.127806 0.00687128 0
 0.0376549 0.599619 0.316969 0.0457579 0
 0.0361596 0.667082 0.258105 0.0386534 0
 0.158088 0.579412 0.248529 0.0139706 0
 0.0477256 0.309471 0.559284 0.082774 0.000745712
 0.0406174 0.521527 0.379366 0.0568643 0.0016247
 0.151134 0.462217 0.34131 0.0453401 0
 0.294876 0.26143 0.354403 0.0886775 0.000613685
 0.281977 0.475581 0.204845 0.0348837 0.00271318
 0.0841818 0.532909 0.334909 0.0458182 0.00218182
 0.115287 0.27431 0.454777 0.147771 0.00785563
 0 0 0 0 0
pf_pred 
 0.216014 0.529643 0.2264 0.0279312 1.17603e-05
 0.254643 0.547217 0.160279 0.0338964 0.00396486
 0.0973036 0.714164 0.16081 0.0226619 0.0050603
 0.217595 0.471037 0.285098 0.0226812 0.00358921
 0.284083 0.4911 0.165039 0.0549372 0.00484011
 0.126579 0.646713 0.177138 0.0367165 0.012854
 0.36509 0.381358 0.21838 0.0278372 0.00733505
 0.237706 0.656202 0.0797184 0.0228793 0.00349478
 0.337773 0.518761 0.134364 0.00695254 0.00214956
 0.252091 0.639813 0.096924 0.0105082 0.00066375
 0.140986 0.647065 0.195268 0.0150345 0.00164631
 0.165893 0.550905 0.24824 0.0323741 0.00258802
 0.213073 0.563336 0.181736 0.0369623 0.00489253
 0.261832 0.617797 0.105664 0.0121359 0.00257014
 0.291474 0.671175 0.0363087 0.000932002 0.000110139
 0.24827 0.706735 0.0446103 0.000374543 9.15808e-06
 0.174315 0.658767 0.162766 0.0041195 3.29422e-05
 0.282733 0.51929 0.179258 0.0182843 0.000434851
 0.261607 0.607245 0.112603 0.0168926 0.00165196
 0.230778 0.5937 0.159109 0.0142024 0.00221055
 0.269637 0.532902 0.172609 0.0226414 0.0022099
 0.230643 0.565539 0.168724 0.0308382 0.00425639
 0.227462 0.539081 0.194675 0.0323417 0.00644096
 0.234154 0.537953 0.184348 0.0365779 0.00696783
 0.0622794 0.662584 0.223514 0.0421113 0.00951189
 0.13022 0.291642 0.468939 0.0894052 0.0197942
 0.161652 0.511085 0.156828 0.139378 0.0310568
pobs_RECLAS
 0 0 0 0 0
 0 0 0 0 0
 0 0 0 0 0
 0 0 0 0 0
 0.835266 0.146461 0.0176864 0.000547809 3.91292e-05
 0.385257 0.428462 0.181853 0.0044286 0
 0.867414 0.0963971 0.0333333 0.00285562 0
 0.441836 0.489002 0.0689373 0.000224442 0
 0.779404 0.147425 0.0564933 0.0165055 0.000172143
 0.814271 0.122319 0.05973 0.00367925 0
 0.40263 0.566651 0.0304383 0.000280538 0
 0.475488 0.404961 0.113038 0.00651328 0
 0.955842 0.0263864 0.0167828 0.000988607 0
 0.975058 0.0227948 0.00214734 0 0
 0.738997 0.206755 0.0527124 0.00153531 0
 0.850938 0.134255 0.0134407 0.00136685 0
 0.542534 0.407297 0.0501686 0 0
 0.764087 0.199537 0.0359546 0.000420521 0
 0.470689 0.182191 0.310203 0.0369168 0
 0.84361 0.089868 0.0606195 0.00523954 0.000663233
 0.607945 0.314616 0.071237 0.00620181 0
 0.523733 0.453247 0.0230204 0 0
 0.530135 0.295979 0.169645 0.0042399 0
 0.562478 0.366248 0.0663022 0.0049721 0
 0.250443 0.683176 0.0655157 0.000865301 0
 0.195077 0.31981 0.436473 0.0351445 0.0134964
 0.565238 0.351407 0.0832357 0.000118908 0
ppred_RECLAS
 0.537109 0.336787 0.111917 0.014181 6.03821e-06
 0.587993 0.321531 0.0728026 0.0158044 0.00186943
 0.331544 0.564742 0.0882384 0.0126261 0.00284937
 0.536402 0.303493 0.146212 0.0119753 0.00191667
 0.610827 0.282809 0.0774082 0.026587 0.0023694
 0.379871 0.48855 0.10218 0.0217133 0.00768656
 0.710206 0.190485 0.0851791 0.0111568 0.00297305
 0.56765 0.385687 0.034855 0.0102285 0.00157963
 0.688579 0.258561 0.0494303 0.00261322 0.000816823
 0.574504 0.375615 0.0445937 0.00496964 0.000317461
 0.414712 0.470071 0.105949 0.00834435 0.000923827
 0.463788 0.38545 0.131738 0.0176017 0.00142277
 0.558197 0.345401 0.0780976 0.0161443 0.00215981
 0.696305 0.277608 0.0229498 0.002585 0.000552228
 0.712328 0.280058 0.00740584 0.000186627 2.22482e-05
 0.581194 0.40023 0.0184146 0.000157762 3.89961e-06
 0.477639 0.440229 0.0800466 0.00206927 1.67288e-05
 0.631381 0.286701 0.0740093 0.00772287 0.000185704
 0.592355 0.349235 0.049958 0.00769152 0.000760622
 0.553874 0.36289 0.075254 0.00689587 0.0010854
 0.597003 0.310448 0.0805844 0.0108896 0.00107504
 0.546497 0.351658 0.0838564 0.0157855 0.00220368
 0.544848 0.337912 0.0972536 0.0166357 0.0033509
 0.553937 0.332981 0.0909267 0.0185759 0.00357897
 0.211058 0.591005 0.159826 0.0310226 0.00708749
 0.39625 0.232801 0.299075 0.0587243 0.0131501
 0.45491 0.363718 0.0856728 0.0781011 0.0175979
pobs_PELACES
 0 0 0 0 0
 0 0 0 0 0
 0 0 0 0 0
 0 0 0 0 0
 0 0 0 0 0
 0 0 0 0 0
 0 0 0 0 0
 0 0 0 0 0
 0 0 0 0 0
 0 0 0 0 0
 0.450072 0.473896 0.0757376 0.000293798 0
 0 0 0 0 0
 0.463077 0.371075 0.160297 0.00555027 0
 0.529543 0.364841 0.0842815 0.0213345 0
 0.631943 0.363953 0.00410389 0 0
 0.735681 0.248677 0.0153453 0.000297389 0
 0.695825 0.281241 0.0229344 0 0
 0.275771 0.60734 0.115278 0.00161068 0
 0 0 0 0 0
 0.896147 0.0623911 0.0374545 0.00400742 0
 0.803859 0.145111 0.0509908 3.86294e-05 0
 0.739449 0.233085 0.0266225 0.000797448 4.60066e-05
 0.878498 0.100942 0.0204185 0.000141795 0
 0.694673 0.275183 0.0284847 0.00165964 0
 0.469039 0.446079 0.0841089 0.000773354 0
 0.822795 0.102175 0.0682046 0.00682512 0
 0 0 0 0 0
ppred_PELACES
 0.679433 0.256839 0.0570254 0.00670024 2.8137e-06
 0.722149 0.234773 0.0351775 0.00707523 0.000825352
 0.522965 0.432012 0.0388099 0.00508241 0.00113038
 0.66712 0.243498 0.0821298 0.00626303 0.000988845
 0.70347 0.232178 0.0476672 0.0153354 0.00134863
 0.534601 0.39721 0.053898 0.0105932 0.00369795
 0.819394 0.13404 0.04037 0.0049066 0.00128957
 0.714647 0.265673 0.0150028 0.00405875 0.000617993
 0.814435 0.164835 0.0194885 0.000948943 0.000292428
 0.695119 0.279874 0.0225286 0.00233105 0.00014687
 0.581143 0.36327 0.0514429 0.0037368 0.000407903
 0.628592 0.29742 0.0652855 0.00806066 0.000642476
 0.73879 0.225257 0.0296071 0.00560672 0.000739272
 0.886943 0.108819 0.00377871 0.000379 7.96754e-05
 0.889752 0.108997 0.00122112 2.74218e-05 3.21708e-06
 0.72837 0.264172 0.00739792 5.8294e-05 1.42049e-06
 0.644868 0.318587 0.0356886 0.00084945 6.77024e-06
 0.771699 0.193726 0.0314738 0.00302959 7.18271e-05
 0.721082 0.251482 0.0237235 0.00338299 0.000329926
 0.689956 0.269385 0.0370272 0.00314403 0.000488041
 0.706323 0.242651 0.0448277 0.00564824 0.000550102
 0.663913 0.279549 0.0471315 0.00826774 0.00113863
 0.667338 0.268129 0.0541857 0.00863205 0.00171523
 0.67535 0.262861 0.0503819 0.00958541 0.00182183
 0.304113 0.563306 0.108514 0.0196406 0.00442676
 0.55246 0.212091 0.192458 0.0352122 0.00777868
 0.619656 0.289677 0.0446359 0.0376623 0.0083686
pobs_pel_tallas
 0 0 0 0 0 0 0 0 0 0 0 0 0 0 0 0 0 0 0 0 0 0 0 0 0 0 0 0 0 0 0 0 0 0 0 0
 0 0 0 0 0 0 0 0 0 0 0 0 0 0 0 0 0 0 0 0 0 0 0 0 0 0 0 0 0 0 0 0 0 0 0 0
 0 0 0 0 0 0 0 0 0 0 0 0 0 0 0 0 0 0 0 0 0 0 0 0 0 0 0 0 0 0 0 0 0 0 0 0
 0 0 0 0 0 0 0 0 0 0 0 0 0 0 0 0 0 0 0 0 0 0 0 0 0 0 0 0 0 0 0 0 0 0 0 0
 0 0 0 0 0 0 0 0 0 0 0 0 0 0 0 0 0 0 0 0 0 0 0 0 0 0 0 0 0 0 0 0 0 0 0 0
 0 0 0 0 0 0 0 0 0 0 0 0 0 0 0 0 0 0 0 0 0 0 0 0 0 0 0 0 0 0 0 0 0 0 0 0
 0 0 0 0 0 0 0 0 0 0 0 0 0 0 0 0 0 0 0 0 0 0 0 0 0 0 0 0 0 0 0 0 0 0 0 0
 0 0 0 0 0 0 0 0 0 0 0 0 0 0 0 0 0 0 0 0 0 0 0 0 0 0 0 0 0 0 0 0 0 0 0 0
 0 0 0 0 0 0 0 0 0 0 0 0 0 0 0 0 0 0 0 0 0 0 0 0 0 0 0 0 0 0 0 0 0 0 0 0
 0 0 0 0 0 0 0 0 0 0 0 0 0 0 0 0 0 0 0 0 0 0 0 0 0 0 0 0 0 0 0 0 0 0 0 0
 0 0 0 0 0 0 0 0 1.78061e-05 0.00172719 0.00360574 0.0105946 0.0120993 0.0124554 0.0147524 0.0171206 0.0266825 0.0428682 0.0675386 0.121331 0.153587 0.119568 0.100827 0.0573624 0.0630603 0.0341343 0.0324427 0.0444173 0.0211091 0.0280891 0.0125444 0.00206551 0 0 0 0
 0 0 0 0 0 0 0 0 0 0 0 0 0 0 0 0 0 0 0 0 0 0 0 0 0 0 0 0 0 0 0 0 0 0 0 0
 0 0 0 0 0 0 0.0133647 0.0140871 0.0187388 0.0205184 0.03894 0.0496705 0.03968 0.0493445 0.0407372 0.0367815 0.0215668 0.0243155 0.0234873 0.0199281 0.019796 0.0243948 0.0301388 0.0376714 0.0412746 0.0863199 0.0771752 0.113111 0.0741005 0.0525337 0.0229764 0.00759418 0.00175318 0 0 0
 0 0 0 0 0 0 0 0 0 0 0.00219441 0.00772107 0.0458388 0.0604681 0.0671733 0.0775358 0.0609151 0.0617685 0.073594 0.0568108 0.0755445 0.0548602 0.0670107 0.0636378 0.0643287 0.046367 0.0373049 0.0286899 0.0247887 0.0153202 0.00654259 0.00121912 0.000365735 0 0 0
 0 0 0 0 0 0 0 0 0 0 0 0 0.000112435 0.00938835 0.0111873 0.0202946 0.0414886 0.0713402 0.111592 0.104902 0.108894 0.110636 0.117776 0.105296 0.107544 0.0401394 0.0192827 0.0124803 0.00416011 0.0028671 0.000618394 0 0 0 0 0
 0 0 0 0 0 0 0 0 0 0 0.00291406 0.0102884 0.027416 0.0768956 0.0749926 0.110853 0.0956884 0.0897413 0.0766577 0.0534642 0.0500743 0.0551293 0.0594112 0.0620874 0.0668451 0.0424026 0.0208742 0.0120726 0.0048766 0.00582813 0.00118941 0.000297354 0 0 0 0
 0 0.00264628 0.0354308 0.0461629 0.0458689 0.0383711 0.0214643 0.0164657 0.0346957 0.0420465 0.0363128 0.0245516 0.0311673 0.0291091 0.0169068 0.0133784 0.00837989 0.0085269 0.0148486 0.0160247 0.0276389 0.0546898 0.0760071 0.122758 0.109233 0.0665981 0.0333725 0.0166128 0.00676272 0.00308733 0.000882094 0 0 0 0 0
 0 0 0 0 0 0 0 0.000805153 0.000690131 0.00759144 0.0133425 0.0154129 0.00931677 0.000345066 0.00356568 0.00563607 0.00851162 0.0253048 0.0502646 0.0516448 0.0657925 0.0565908 0.0611916 0.0827007 0.0866115 0.110766 0.145733 0.0935128 0.0569358 0.0249597 0.0138026 0.00621118 0.00161031 0.00115022 0 0
 0 0 0 0 0 0 0 0 0 0 0 0 0 0 0 0 0 0 0 0 0 0 0 0 0 0 0 0 0 0 0 0 0 0 0 0
 0.00147267 0.00158595 0.00478618 0.00569244 0.00954404 0.0108468 0.00647125 0.017049 0.0510054 0.094081 0.124002 0.0959785 0.0687766 0.0820023 0.061753 0.0591476 0.0492212 0.0479892 0.0443925 0.0268479 0.0217502 0.0140895 0.0121071 0.0120363 0.00920419 0.00665534 0.0049561 0.00860946 0.00930331 0.0156896 0.0114698 0.00855282 0.00243557 0.00046729 0 2.83206e-05
 0 0 0 0 0.000772559 0.00158375 0.000888443 0.00281984 0.00712685 0.0440552 0.0773331 0.111326 0.0921469 0.0852325 0.0710754 0.0886704 0.0786465 0.0553345 0.0373146 0.0185414 0.00753245 0.00457741 0.012979 0.0271748 0.0457355 0.0583668 0.034881 0.0177882 0.00938659 0.00492506 0.0015258 0.00185414 0.000309023 5.79419e-05 3.86279e-05 0
 0 0.00173294 0.00326652 0 0.00397197 0.00683976 0.00946217 0.0152591 0.00757587 0.0136028 0.0228656 0.0392903 0.0559909 0.0764795 0.0681675 0.0726916 0.0566044 0.0477403 0.0527397 0.0444891 0.0609904 0.0582453 0.0661739 0.0445044 0.0529084 0.0360697 0.0280645 0.0235558 0.0158879 0.00826598 0.00280645 0.00217768 0.000904811 0.00058276 9.20147e-05 0
 0 0 0 0 0 0 0 0 0 0 0 0 0 0 0 0 0 0 0 0 0 0 0 0 0 0 0 0 0 0 0 0 0 0 0 0
 0 0 0 0 0 0 0 0 0 0 0 0 0 0 0 0 0 0 0 0 0 0 0 0 0 0 0 0 0 0 0 0 0 0 0 0
 0 0 0 0 0 0 0 0 0 0 0 0 0 0 0 0 0 0 0 0 0 0 0 0 0 0 0 0 0 0 0 0 0 0 0 0
 0 0 0 0 0 0 0 0 0 0 0 0 0 0 0 0 0 0 0 0 0 0 0 0 0 0 0 0 0 0 0 0 0 0 0 0
 0 0 0 0 0 0 0 0 0 0 0 0 0 0 0 0 0 0 0 0 0 0 0 0 0 0 0 0 0 0 0 0 0 0 0 0
ppred_pel_tallas
 1.01124e-16 2.96496e-05 0.000174007 0.000827123 0.00318442 0.00993029 0.0250832 0.0513245 0.085079 0.114268 0.12437 0.10976 0.078694 0.0461766 0.0228778 0.0108736 0.00697182 0.00739164 0.00979496 0.0131037 0.0167873 0.0204294 0.0236069 0.0259233 0.027087 0.0269778 0.0256707 0.0234092 0.0205383 0.017421 0.0143666 0.0115879 0.00919312 0.00720444 0.00558971 0.00429298
 1.00858e-16 3.15113e-05 0.000184939 0.000879099 0.00338455 0.0105544 0.0266596 0.0545497 0.0904241 0.121443 0.13217 0.11662 0.0835619 0.0489306 0.0240513 0.0111114 0.00669859 0.00677881 0.00886202 0.0118135 0.0150998 0.0183278 0.0211084 0.0230817 0.0239878 0.0237268 0.0223803 0.0201849 0.0174694 0.014576 0.0117928 0.00931363 0.00723087 0.00555352 0.00423806 0.00321881
 1.0092e-16 2.2834e-05 0.000133977 0.00063678 0.0024515 0.00764464 0.0193101 0.0395135 0.0655073 0.0880025 0.0958378 0.0847111 0.0610212 0.0363831 0.0190963 0.0108597 0.00931347 0.0116119 0.0159505 0.0213933 0.0273085 0.033051 0.0379182 0.0412529 0.0425874 0.0417547 0.0389288 0.034573 0.0293204 0.0238254 0.018635 0.0141124 0.0104226 0.00756685 0.00544185 0.00389969
 1.01507e-16 2.91123e-05 0.000170853 0.000812132 0.00312671 0.00975032 0.0246286 0.0503942 0.0835367 0.112196 0.122114 0.107766 0.0772577 0.0453209 0.0224307 0.0106244 0.00676796 0.00715152 0.00948549 0.0127217 0.0163534 0.0199883 0.0232256 0.0256852 0.0270802 0.0272793 0.0263313 0.0244417 0.0219127 0.0190686 0.0161908 0.0134791 0.0110448 0.00892675 0.0071177 0.00558991
 1.01343e-16 3.06968e-05 0.000180157 0.000856365 0.00329702 0.0102814 0.0259702 0.053139 0.0880858 0.118303 0.128754 0.11361 0.0814116 0.047686 0.023467 0.0108889 0.00663188 0.00677074 0.00888419 0.0118703 0.0152111 0.0185228 0.0214229 0.0235546 0.0246559 0.0246184 0.0235096 0.0215468 0.0190379 0.0163052 0.0136216 0.0111723 0.00904904 0.00726761 0.0057973 0.00458874
 1.01432e-16 2.33399e-05 0.000136951 0.000650925 0.00250597 0.00781452 0.0197392 0.0403911 0.066961 0.0899516 0.0979505 0.0865549 0.0622979 0.0370414 0.0192542 0.0106558 0.00881813 0.0108231 0.0148314 0.0199109 0.025463 0.0308935 0.0355576 0.0388493 0.0403315 0.0398386 0.0375132 0.0337605 0.029141 0.0242372 0.019538 0.0153706 0.0118886 0.00910283 0.00693455 0.00526734
 1.00846e-16 3.57476e-05 0.000209818 0.000997401 0.00384008 0.011975 0.0302477 0.0618904 0.102589 0.137769 0.149906 0.132196 0.0945594 0.0550431 0.026447 0.0111956 0.00536149 0.00433051 0.00527897 0.00697836 0.00894854 0.0109259 0.0126815 0.0140058 0.0147427 0.0148224 0.014275 0.0132167 0.0118166 0.0102548 0.00868631 0.00721987 0.00591405 0.00478656 0.0038296 0.0030244
 1.00468e-16 3.11854e-05 0.000183023 0.000869984 0.00334945 0.0104449 0.0263831 0.0539842 0.0894876 0.120188 0.130811 0.115439 0.0827528 0.0485322 0.0239951 0.0113184 0.00713594 0.00746086 0.00982346 0.0130804 0.0166671 0.0201443 0.0230725 0.0250478 0.0257858 0.025189 0.0233712 0.0206246 0.0173455 0.0139419 0.010753 0.0080019 0.00578679 0.00410263 0.0028787 0.00201652
 1.00377e-16 3.55325e-05 0.000208553 0.000991381 0.00381689 0.0119026 0.0300651 0.061517 0.10197 0.136941 0.149012 0.131423 0.0940423 0.0548129 0.0264681 0.0114291 0.00580223 0.00500539 0.00622614 0.00822328 0.0104839 0.0126979 0.0145853 0.0158929 0.0164401 0.0161607 0.0151176 0.0134841 0.0114986 0.00940835 0.00742115 0.00567614 0.00423835 0.00311142 0.00225971 0.00163046
 1.00499e-16 3.03345e-05 0.000178026 0.000846225 0.00325796 0.0101596 0.0256625 0.0525099 0.0870444 0.116909 0.127247 0.112306 0.0805345 0.0472865 0.0234819 0.0112484 0.00732158 0.00783081 0.010375 0.013834 0.0176395 0.0213356 0.0244598 0.0265858 0.0274111 0.0268296 0.0249565 0.0220949 0.0186585 0.0150741 0.0116984 0.00876788 0.00638931 0.00456217 0.00321728 0.00225589
 1.00997e-16 2.5368e-05 0.00014886 0.000707552 0.00272401 0.00849448 0.0214566 0.0439049 0.0727842 0.0977678 0.106445 0.0940219 0.0675865 0.0400138 0.0204834 0.0108335 0.00839406 0.00997126 0.0135634 0.0181842 0.0232438 0.0281875 0.0324224 0.0353922 0.0366965 0.0361835 0.033985 0.0304743 0.0261682 0.021605 0.017238 0.0133725 0.0101542 0.00759641 0.00562803 0.00414114
 1.01331e-16 2.74344e-05 0.000160998 0.000765268 0.00294625 0.00918755 0.0232072 0.0474862 0.0787183 0.10573 0.115092 0.101607 0.0729239 0.0429428 0.0215583 0.0107184 0.00749682 0.00841487 0.0113117 0.0151665 0.0194351 0.0236521 0.0273307 0.0300122 0.0313597 0.031234 0.0297227 0.0271077 0.0237886 0.0201856 0.0166565 0.0134469 0.0106814 0.0083849 0.00651958 0.00502023
 1.00721e-16 3.22365e-05 0.000189197 0.000899347 0.00346252 0.0107975 0.0272738 0.0558061 0.0925064 0.124238 0.135208 0.119292 0.085457 0.0500011 0.0245043 0.0111972 0.00658155 0.00652482 0.00847807 0.0112852 0.014413 0.0174784 0.0201069 0.0219534 0.0227704 0.0224646 0.021118 0.0189621 0.0163168 0.0135143 0.0108336 0.00846168 0.00648633 0.00491371 0.00369839 0.00277304
 1.00106e-16 3.86919e-05 0.000227107 0.0010796 0.00415657 0.0129619 0.0327407 0.066991 0.111042 0.149117 0.162244 0.143053 0.102274 0.0594302 0.0283592 0.0116658 0.00507735 0.00358087 0.00411057 0.00534208 0.00677974 0.00818078 0.00935332 0.0101306 0.0103966 0.0101134 0.0093297 0.00816825 0.00679445 0.00537815 0.00406041 0.00293368 0.00203806 0.0013702 0.000898932 0.000581156
 1.00055e-16 3.88144e-05 0.000227826 0.00108302 0.00416973 0.013003 0.0328444 0.0672031 0.111394 0.149589 0.162758 0.143505 0.102597 0.0596165 0.0284456 0.0116967 0.00508326 0.00357587 0.00409834 0.0053215 0.00674758 0.00813279 0.00928476 0.0100367 0.0102737 0.00995893 0.00914373 0.00795341 0.00655615 0.00512422 0.00380024 0.00267724 0.0017947 0.0011477 0.000702842 0.000414456
 1.00194e-16 3.17837e-05 0.000186535 0.000886684 0.00341375 0.0106454 0.0268896 0.0550205 0.0912052 0.122494 0.133319 0.117648 0.0843266 0.0494356 0.0244049 0.0114495 0.00713418 0.00739165 0.00970241 0.0129013 0.0164164 0.019807 0.0226343 0.0244976 0.0251168 0.0244004 0.0224691 0.0196226 0.0162648 0.0128102 0.0096027 0.00686755 0.00470194 0.00309684 0.00197496 0.00122962
 1.0064e-16 2.81449e-05 0.000165167 0.000785087 0.00302255 0.00942549 0.0238082 0.0487161 0.0807574 0.10847 0.118077 0.104247 0.0748294 0.0440866 0.0221716 0.0110849 0.00782508 0.00882011 0.0118447 0.0158365 0.0202155 0.0244791 0.0281037 0.0306024 0.0316273 0.0310519 0.0289999 0.0258087 0.0219417 0.0178796 0.014026 0.0106509 0.00788004 0.00571967 0.00409907 0.00291395
 1.00618e-16 3.36702e-05 0.000197617 0.000939383 0.00361668 0.0112783 0.028488 0.0582904 0.0966232 0.129763 0.141211 0.124566 0.0891833 0.0520782 0.0253302 0.0112511 0.00616901 0.00575567 0.00734877 0.00975891 0.0124678 0.0151322 0.0174272 0.0190545 0.0197987 0.0195762 0.0184538 0.0166264 0.0143655 0.0119546 0.00963314 0.00756324 0.00582355 0.00442369 0.00332934 0.00248702
 1.00551e-16 3.14654e-05 0.000184668 0.000877808 0.00337958 0.0105389 0.0266204 0.0544696 0.0902919 0.121267 0.131982 0.116463 0.0834679 0.0489133 0.0241126 0.0112559 0.00694116 0.00714233 0.00936957 0.0124786 0.0159172 0.0192664 0.0221091 0.0240617 0.024851 0.0243792 0.0227467 0.020222 0.0171724 0.0139782 0.0109571 0.00832062 0.00616511 0.00449209 0.00324253 0.00233146
 1.00745e-16 3.0109e-05 0.000176702 0.000839936 0.00323375 0.0100841 0.0254718 0.0521196 0.0863972 0.116039 0.126299 0.111466 0.0799238 0.0469121 0.0232671 0.0110986 0.00716513 0.00762537 0.0100997 0.0134837 0.0172252 0.0208854 0.0240199 0.0262157 0.0271761 0.0267892 0.0251535 0.0225464 0.0193519 0.0159694 0.012735 0.00987485 0.00749631 0.00560841 0.00415755 0.00306289
 1.00936e-16 3.08216e-05 0.000180888 0.000859842 0.00331041 0.0103232 0.0260756 0.0533547 0.0884438 0.118785 0.12928 0.114079 0.081758 0.0479096 0.0236154 0.0110215 0.00679708 0.00700204 0.00920275 0.0122857 0.015719 0.0191012 0.022031 0.0241348 0.0251409 0.0249412 0.0236139 0.0213972 0.018625 0.0156467 0.0127582 0.0101609 0.00795404 0.00615259 0.00471843 0.00359039
 1.01098e-16 2.89738e-05 0.000170037 0.000808245 0.00311173 0.0097036 0.0245107 0.0501531 0.0831381 0.111664 0.121542 0.10728 0.0769497 0.0452213 0.0225309 0.0109187 0.00727664 0.00791667 0.0105522 0.0141154 0.0180593 0.0219369 0.025289 0.0276867 0.0288188 0.0285629 0.0270123 0.0244439 0.0212447 0.0178187 0.0145067 0.0115395 0.00902856 0.00698805 0.00537047 0.00410226
 1.01234e-16 2.91227e-05 0.000170912 0.000812408 0.00312776 0.0097536 0.0246369 0.0504114 0.0835659 0.112237 0.122163 0.107822 0.0773237 0.0454117 0.0225715 0.0108491 0.00711583 0.00766263 0.0101929 0.0136409 0.0174708 0.0212523 0.024545 0.0269362 0.0281239 0.0279852 0.0266019 0.0242311 0.0212353 0.0179949 0.014832 0.0119667 0.00950825 0.00747562 0.00583084 0.00451185
 1.01216e-16 2.94718e-05 0.000172962 0.000822157 0.0031653 0.00987066 0.0249326 0.0510163 0.0845684 0.113583 0.123626 0.109108 0.0782347 0.0459245 0.022785 0.0108828 0.00704747 0.00752232 0.00998249 0.0133523 0.0170968 0.0207918 0.0240052 0.0263329 0.02748 0.0273275 0.0259571 0.0236228 0.0206813 0.0175064 0.0144141 0.0116193 0.00922768 0.00725586 0.00566452 0.00439093
 1.02606e-16 1.32965e-05 7.7971e-05 0.000370495 0.00142618 0.0044472 0.0112338 0.0229899 0.0381233 0.0512438 0.055883 0.049577 0.036109 0.0223249 0.0131739 0.0097891 0.0109428 0.0150854 0.0211853 0.0285826 0.0366378 0.0445616 0.0514501 0.0564404 0.0589006 0.0585755 0.0556402 0.0506386 0.0443351 0.0375306 0.0309025 0.0249113 0.0197839 0.0155561 0.0121439 0.00941295
 1.04375e-16 2.41115e-05 0.000141496 0.000672573 0.00258938 0.00807467 0.0203961 0.0417339 0.0691817 0.0929186 0.101139 0.0892714 0.0640341 0.037636 0.0187656 0.00912973 0.0061584 0.00680998 0.00922194 0.0125588 0.0164269 0.0205147 0.0244843 0.0279902 0.0307368 0.0325303 0.0333044 0.0331105 0.0320822 0.0303894 0.0281998 0.0256581 0.0228841 0.0199825 0.017053 0.0141953
 1.02414e-16 2.70443e-05 0.000158709 0.000754387 0.00290436 0.00905692 0.0228772 0.046811 0.0775989 0.104227 0.113455 0.100159 0.0718803 0.0423194 0.021229 0.0105278 0.00733025 0.00820654 0.0110279 0.014792 0.018969 0.0231102 0.0267479 0.0294428 0.0308741 0.030912 0.0296436 0.0273404 0.0243814 0.0211594 0.0180005 0.0151193 0.012613 0.0104867 0.00869241 0.00716534
pSPR Fmed_Fpbrs
0.541184   0.6 0.325
Fs Fmed_Fpbrs
0.64   0.49366 1.78977
SSBpbr Bo_Bmed_Bpbrs
559092  274617  307501 153750
Ro
27446.7
SPR SPRFo_SPRFmed_SPRFpbrs
566890 306792 184239
log_Ro
10.04
likeval ReclasPelacesDesembMPH_pf_preclas_ppelaces_ptallas_desvR_qrecl_qpela
 74.4398 10.7749 0.0444051 40.629 335.6 211.005 57.2033 0 19.8682 1.75321e-05 0.000148222 1.02961e-13 0 0 0
q_reclas_q_pelaces
1.81002 5.65243
M
0.7
N
 30076.8 11461.8 3543.99 428.617 0.180278
 40592.9 13778.3 2945.44 611.08 71.4053
 12841.9 18486.6 3374.43 470.118 104.912
 17290.8 5365.83 2240.86 174.1 27.5158
 37340.8 8151.06 1742.2 562.471 49.4742
 22023.4 18362 3736.18 760.754 266.081
 61868 9908.88 4073.08 508.671 133.888
 59547.4 28481.6 2650.61 749.038 114.321
 96825.3 26183 5236.2 266.935 82.4648
 109951 42304.8 4570.54 485.223 30.6148
 64461.5 50823.8 11699.5 886.667 97.011
 51623.7 28438.5 9601.97 1230.95 98.3138
 45217.5 23083.3 5996.92 1205.24 159.432
 28338.8 19021 2955.99 337.919 71.5471
 15040.6 9769.45 479.373 12.2464 1.44685
 10148.9 5212.38 257.012 2.12773 0.0519872
 6560.39 4391.11 840.085 20.9519 0.167415
 9087.62 2859.65 751.995 75.4931 1.79393
 10883.5 4013.37 544.892 80.2112 7.83615
 12204.9 4945.99 965.994 84.5784 13.1508
 20223.3 5563.79 1221.15 156.195 15.2249
 27879.9 9629.88 1961.17 349.746 48.2099
 39119.8 13222.2 3284.19 532.694 105.953
 56348.2 18474.5 4356.22 843.92 160.556
 17992.9 26604.7 6075.37 1116.07 251.752
 27125.1 8572.4 9419.14 1752.35 387.463
 25258.9 12856.6 2909.47 2538.67 565.128
pred_Ctot
 1683.97 4128.91 1764.94 217.742 0.0916796
 2432.49 5227.33 1531.07 323.797 37.8745
 1479.19 10856.6 2444.61 344.502 76.9258
 632.286 1368.74 828.437 65.907 10.4295
 262.177 453.23 152.312 50.7009 4.46688
 1496.68 7646.79 2094.49 434.14 151.988
 3259.97 3405.23 1949.96 248.564 65.4963
 4940.27 13637.9 1656.8 475.502 72.6324
 8428.74 12945.1 3352.89 173.493 53.6397
 5491.6 13937.8 2111.41 228.913 14.4592
 5208.73 23905.9 7214.2 555.449 60.823
 3718.62 12348.9 5564.5 725.69 58.0124
 5020.03 13272.3 4281.73 870.836 115.269
 6363.8 15015.5 2568.15 294.961 62.4669
 3336.13 7682.06 415.579 10.6674 1.26062
 946.913 2695.52 170.145 1.42852 0.0349293
 580.951 2195.52 542.461 13.7294 0.109789
 728.162 1337.4 461.67 47.0901 1.11994
 667.588 1549.61 287.348 43.1076 4.21558
 723.317 1860.8 498.688 44.5137 6.9284
 599.154 1184.15 383.551 50.3109 4.91057
 903.949 2216.5 661.273 120.863 16.6819
 1382.42 3276.32 1183.16 196.56 39.1456
 2000.04 4594.96 1574.62 312.433 59.5162
 526.361 5599.9 1889.05 355.908 80.3908
 890.544 1994.48 3206.97 611.423 135.368
 1631.97 5159.7 1583.27 1407.1 313.537
F
 0.0806582 0.658758 1.05778 1.09261 1.09451
 0.0865487 0.706868 1.13503 1.17241 1.17444
 0.172662 1.41018 2.26436 2.33892 2.34298
 0.0520252 0.424905 0.682277 0.704744 0.705968
 0.00980536 0.0800832 0.128591 0.132825 0.133056
 0.0986719 0.805882 1.29402 1.33663 1.33895
 0.0757465 0.618643 0.993366 1.02608 1.02786
 0.121664 0.993661 1.59554 1.64808 1.65094
 0.128008 1.04548 1.67874 1.73402 1.73703
 0.0716708 0.585356 0.939917 0.970868 0.972554
 0.118325 0.966397 1.55176 1.60286 1.60564
 0.104869 0.856496 1.37529 1.42058 1.42305
 0.16594 1.35528 2.1762 2.24786 2.25176
 0.364971 2.98082 4.78636 4.94397 4.95255
 0.359714 2.93789 4.71742 4.87277 4.88123
 0.13778 1.12529 1.8069 1.8664 1.86964
 0.13035 1.06461 1.70946 1.76575 1.76882
 0.117281 0.957868 1.53807 1.58871 1.59147
 0.0886745 0.72423 1.16291 1.2012 1.20329
 0.085559 0.698785 1.12205 1.159 1.16101
 0.0419648 0.342739 0.550342 0.568464 0.569451
 0.0460068 0.37575 0.603349 0.623217 0.624299
 0.0502363 0.410295 0.658817 0.680512 0.681694
 0.0504633 0.412148 0.661793 0.683586 0.684773
 0.0414267 0.338344 0.543284 0.561174 0.562149
 0.0465979 0.380579 0.611102 0.631225 0.632321
 0.0936028 0.764481 1.22754 1.26796 1.27017
Np
 17838.5 8541.92 4214.29 916.064 167.367
YTP_r0W_actual
 5332.23 52215.7 25615.3 29297.2 7247.44
YTP_p0W_proyectada
 3765.78 46390.7 26169.6 4885.53 5183.92
 3765.78 34692 37103.1 10571.7 2146.39
CTP_r0_actual
 650.272 2417.4 815.774 730.603 162.864
CTP_p0_proyectada
 459.241 2147.72 833.427 121.834 116.493
 459.241 1606.11 1181.63 263.633 48.2335
Wmedp
 8.2 21.6 31.4 40.1 44.5
nmprior
 10.8 10.6 4.6 0
nm_flota  nm_reclas  nm_pelaces    nm_pelaL
inf 25.1216 14.451 42.059
cv_recla  cv_pelaces  cv_mph
0.747194 0.359582 0.511064
 ------------------------------------------------
Talla a la edad & desviaci?n 
 7.2 14.2025 17.0495 18.207 18.6776
 1.08 2.13037 2.55742 2.73105 2.80164
