years
 1997 1998 1999 2000 2001 2002 2003 2004 2005 2006 2007 2008 2009 2010 2011 2012 2013 2014 2015 2016 2017 2018 2019 2020 2021 2022 2023
reclasobs
 0 0 0 370054 412103 1.49427e+06 250295 1.28982e+06 931140 785840 897777 1.04006e+06 184774 17550 25797 100020 73551 82996 120727 218422 84188 347160 605670 569463 516374 1.08416e+06 1.01767e+06
reclaspred
 436252 121424 363628 248326 343951 402765 866559 606368 757330 745077 617094 419635 246894 107074 74955 70277.9 73002.3 99968.7 119797 174924 266075 269113 482991 611605 732236 665187 670905
pelacesobs
 0 0 0 0 0 0 0 0 0 2.06254e+06 1.5e+06 0 1.87456e+06 323000 250000 174000 83755 137374 0 501740 490994 745055 786931 1.00524e+06 1.33801e+06 1.41789e+06 0
pelacespred
 1.79681e+06 377619 744537 758866 925371 827540 2.2309e+06 1.80189e+06 2.1179e+06 2.02952e+06 1.45031e+06 1.01935e+06 602079 210417 156536 152138 165170 235061 276298 404282 713912 664170 982351 1.44894e+06 1.65013e+06 1.6636e+06 1.61514e+06
mphobs
 0 0 0 0 0 0 112323 0 153150 637223 0 255016 313432 73983 77613 109348 50772 17779 17303 59886 28197 0 207744 136588 643089 65757 70829
mphpred
 143220 87392 107342 122677 126671 186812 269893 322941 297088 342094 329773 231705 137857 109684 49695.9 44450.6 43211.5 54133.5 26419.7 32762.3 52703.6 68297.4 91656.3 135459 173764 168205 150004
desembarqueobs
 350755 77701 442110 56441 14545 235359 269955 359681 431902 328805 639364 411747 362871 311530 167758 66681 60226 58785 57116 73181 50977 67692 138656 160484 209506 203330 245020
desembarquepred
 350773 77707.9 442192 56445.7 14545.4 235478 270020 359722 431937 328859 639626 411980 363321 311953 167741 66708.1 60278.2 58791.4 57104.5 73185.8 50979.2 67684.2 138666 160499 209537 203350 245018
Reclutas
 44986.7 53509.2 31813.1 42605.9 66505.7 48559.2 87704.1 89867.6 133071 123787 66080.2 42387.3 40625.9 25323.6 17416.4 13979.9 9958.43 14146 18831.3 26629.7 38172.3 56354.4 78784.7 102729 39813.9 56924.1 109714
log_desv_Rt
 0.0141223 0.187609 -0.332367 -0.0402518 0.405043 0.0905394 0.681724 0.706092 1.09864 1.02632 0.398625 -0.0453949 -0.0878401 -0.560506 -0.934833 -1.15462 -1.49382 -1.14281 -0.856724 -0.510218 -0.150134 0.239416 0.574474 0.839852 -0.108028 0.249474 0.905636
SSB
 503025 306942 377013 430873 444899 656131 922633 1.12178e+06 1.02065e+06 1.17799e+06 1.15824e+06 813806 499753 248276 117200 105047 106866 127560 169211 220223 335687 424325 584638 826985 1.15632e+06 1.15064e+06 967731
BT
 1.83805e+06 456055 881461 712320 806647 900771 2.1036e+06 1.95658e+06 2.21386e+06 2.05846e+06 1.82113e+06 1.25208e+06 870354 472961 272448 185326 192761 249395 285859 406091 655626 634320 940079 1.38035e+06 1.58289e+06 1.61083e+06 1.60239e+06
Ftot
 0.809021 0.644155 0.966697 0.185461 0.037157 0.399225 0.257847 0.508449 0.534646 0.371681 0.716999 0.637944 1.03195 2.08356 2.08776 0.807183 0.694377 0.515334 0.399691 0.363921 0.168694 0.200401 0.218197 0.215192 0.189333 0.195221 0.283604
BD_Bspro_t
 0.923727 0.688301 0.6393 0.491757 0.625437 0.761562 0.711557 0.727039 0.676424 0.663639 0.631991 0.474665 0.36194 0.247181 0.149961 0.163456 0.22032 0.3233 0.446355 0.569651 0.689132 0.784913 0.807762 0.812696 0.820192 0.774322 0.741675
BD_Bspro
 0.549073 0.33504 0.411526 0.470316 0.485626 0.716194 1.00709 1.22447 1.11408 1.28583 1.26427 0.888302 0.5455 0.271003 0.127929 0.114663 0.116649 0.139237 0.184701 0.240382 0.366416 0.463168 0.638157 0.902687 1.26217 1.25597 1.05632
BD_Bo
 0.383303 0.233889 0.287283 0.328324 0.339012 0.499969 0.703043 0.854796 0.777732 0.897627 0.882578 0.620117 0.38081 0.189185 0.0893063 0.0800457 0.0814317 0.0972004 0.128938 0.167809 0.255792 0.323334 0.445492 0.630159 0.881109 0.876781 0.737408
BD_Brms
 0.696915 0.425253 0.522332 0.596952 0.616385 0.909035 1.27826 1.55417 1.41406 1.63205 1.60469 1.12749 0.692381 0.343973 0.162375 0.145538 0.148058 0.176728 0.234434 0.305107 0.465077 0.587881 0.809986 1.14574 1.60202 1.59415 1.34074
S_f
 0.127794 0.735718 0.981445 0.999006 0.999948
 0.127794 0.735718 0.981445 0.999006 0.999948
 0.127794 0.735718 0.981445 0.999006 0.999948
 0.127794 0.735718 0.981445 0.999006 0.999948
 0.127794 0.735718 0.981445 0.999006 0.999948
 0.127794 0.735718 0.981445 0.999006 0.999948
 0.127794 0.735718 0.981445 0.999006 0.999948
 0.127794 0.735718 0.981445 0.999006 0.999948
 0.127794 0.735718 0.981445 0.999006 0.999948
 0.127794 0.735718 0.981445 0.999006 0.999948
 0.127794 0.735718 0.981445 0.999006 0.999948
 0.127794 0.735718 0.981445 0.999006 0.999948
 0.127794 0.735718 0.981445 0.999006 0.999948
 0.127794 0.735718 0.981445 0.999006 0.999948
 0.127794 0.735718 0.981445 0.999006 0.999948
 0.127794 0.735718 0.981445 0.999006 0.999948
 0.127794 0.735718 0.981445 0.999006 0.999948
 0.127794 0.735718 0.981445 0.999006 0.999948
 0.127794 0.735718 0.981445 0.999006 0.999948
 0.127794 0.735718 0.981445 0.999006 0.999948
 0.127794 0.735718 0.981445 0.999006 0.999948
 0.127794 0.735718 0.981445 0.999006 0.999948
 0.127794 0.735718 0.981445 0.999006 0.999948
 0.127794 0.735718 0.981445 0.999006 0.999948
 0.127794 0.735718 0.981445 0.999006 0.999948
 0.127794 0.735718 0.981445 0.999006 0.999948
 0.127794 0.735718 0.981445 0.999006 0.999948
Scru_reclas
 0.799101 1 1 1 1
 0.799101 1 1 1 1
 0.799101 1 1 1 1
 0.799101 1 1 1 1
 0.799101 1 1 1 1
 0.799101 1 1 1 1
 0.799101 1 1 1 1
 0.799101 1 1 1 1
 0.799101 1 1 1 1
 0.799101 1 1 1 1
 0.799101 1 1 1 1
 0.799101 1 1 1 1
 0.799101 1 1 1 1
 0.799101 1 1 1 1
 0.799101 1 1 1 1
 0.799101 1 1 1 1
 0.799101 1 1 1 1
 0.799101 1 1 1 1
 0.799101 1 1 1 1
 0.799101 1 1 1 1
 0.799101 1 1 1 1
 0.799101 1 1 1 1
 0.799101 1 1 1 1
 0.799101 1 1 1 1
 0.799101 1 1 1 1
 0.799101 1 1 1 1
 0.799101 1 1 1 1
Scru_pelaces
 1 1 1 1 1
 1 1 1 1 1
 1 1 1 1 1
 1 1 1 1 1
 1 1 1 1 1
 1 1 1 1 1
 1 1 1 1 1
 1 1 1 1 1
 1 1 1 1 1
 1 1 1 1 1
 1 1 1 1 1
 1 1 1 1 1
 1 1 1 1 1
 1 1 1 1 1
 1 1 1 1 1
 1 1 1 1 1
 1 1 1 1 1
 1 1 1 1 1
 1 1 1 1 1
 1 1 1 1 1
 1 1 1 1 1
 1 1 1 1 1
 1 1 1 1 1
 1 1 1 1 1
 1 1 1 1 1
 1 1 1 1 1
 1 1 1 1 1
pf_obs 
 0.256992 0.487395 0.22802 0.0275931 0
 0.321318 0.546541 0.124235 0.00734118 0.000564706
 0.182869 0.594174 0.210203 0.0122559 0.00049798
 0.330522 0.361315 0.267642 0.0388342 0.00168674
 0.649043 0.306663 0.0425973 0.00169635 0
 0.582887 0.30429 0.105238 0.00758474 0
 0.465427 0.430635 0.0974691 0.00646863 0
 0.296916 0.608066 0.0921331 0.00288517 0
 0.311714 0.524322 0.152257 0.0117073 0
 0.15457 0.633149 0.183074 0.0267441 0.00246327
 0.131901 0.49318 0.331252 0.0422183 0.00144891
 0.196976 0.569456 0.194076 0.0375587 0.00193317
 0.518974 0.381816 0.0799577 0.0180837 0.00116848
 0.0928022 0.601141 0.25162 0.0475244 0.00691264
 0.122501 0.610282 0.24278 0.0234846 0.000952079
 0.383417 0.481906 0.127806 0.00687128 0
 0.0376549 0.599619 0.316969 0.0457579 0
 0.0361596 0.667082 0.258105 0.0386534 0
 0.158088 0.579412 0.248529 0.0139706 0
 0.0477256 0.309471 0.559284 0.082774 0.000745712
 0.0406174 0.521527 0.379366 0.0568643 0.0016247
 0.151134 0.462217 0.34131 0.0453401 0
 0.294876 0.26143 0.354403 0.0886775 0.000613685
 0.281977 0.475581 0.204845 0.0348837 0.00271318
 0.0841818 0.532909 0.334909 0.0458182 0.00218182
 0.115287 0.27431 0.454777 0.147771 0.00785563
 0 0 0 0 0
pf_pred 
 0.364783 0.437676 0.176771 0.0207562 1.38794e-05
 0.302327 0.555944 0.108793 0.0295524 0.00338372
 0.173835 0.605406 0.187916 0.0253514 0.00749184
 0.247518 0.444585 0.248572 0.0507069 0.00861815
 0.262261 0.464432 0.180653 0.075071 0.0175826
 0.154233 0.541702 0.210742 0.0620512 0.0312729
 0.265729 0.37346 0.257537 0.0720459 0.0312285
 0.221712 0.524943 0.148655 0.0751489 0.0295407
 0.286152 0.451133 0.196418 0.0392649 0.027032
 0.213941 0.557325 0.16251 0.0497986 0.016425
 0.125244 0.533247 0.263983 0.0554167 0.0221095
 0.124696 0.430869 0.309763 0.10469 0.0299817
 0.190676 0.406174 0.236258 0.117171 0.0497205
 0.213077 0.534154 0.154934 0.0580293 0.039805
 0.282608 0.560917 0.125493 0.0193131 0.011669
 0.269076 0.59892 0.115043 0.0137191 0.00324175
 0.188893 0.573161 0.207316 0.026783 0.00384685
 0.270725 0.436541 0.228027 0.0565554 0.00815253
 0.276982 0.501893 0.150327 0.0554208 0.0153767
 0.281278 0.491362 0.172973 0.0372251 0.0171615
 0.272406 0.495909 0.173801 0.0442573 0.0136267
 0.267348 0.480517 0.187318 0.0488508 0.0159665
 0.258193 0.485818 0.184598 0.0532981 0.0180927
 0.242754 0.488998 0.193375 0.0542827 0.0205907
 0.0840637 0.573785 0.243811 0.0712727 0.0270679
 0.148615 0.275455 0.399944 0.126089 0.0498975
 0.272253 0.365596 0.142578 0.153368 0.0662051
pobs_RECLAS
 0 0 0 0 0
 0 0 0 0 0
 0 0 0 0 0
 0 0 0 0 0
 0.835266 0.146461 0.0176864 0.000547809 3.91292e-05
 0.385257 0.428462 0.181853 0.0044286 0
 0.867414 0.0963971 0.0333333 0.00285562 0
 0.441836 0.489002 0.0689373 0.000224442 0
 0.779404 0.147425 0.0564933 0.0165055 0.000172143
 0.814271 0.122319 0.05973 0.00367925 0
 0.40263 0.566651 0.0304383 0.000280538 0
 0.475488 0.404961 0.113038 0.00651328 0
 0.955842 0.0263864 0.0167828 0.000988607 0
 0.975058 0.0227948 0.00214734 0 0
 0.738997 0.206755 0.0527124 0.00153531 0
 0.850938 0.134255 0.0134407 0.00136685 0
 0.542534 0.407297 0.0501686 0 0
 0.764087 0.199537 0.0359546 0.000420521 0
 0.470689 0.182191 0.310203 0.0369168 0
 0.84361 0.089868 0.0606195 0.00523954 0.000663233
 0.607945 0.314616 0.071237 0.00620181 0
 0.523733 0.453247 0.0230204 0 0
 0.530135 0.295979 0.169645 0.0042399 0
 0.562478 0.366248 0.0663022 0.0049721 0
 0.250443 0.683176 0.0655157 0.000865301 0
 0.195077 0.31981 0.436473 0.0351445 0.0134964
 0.565238 0.351407 0.0832357 0.000118908 0
ppred_RECLAS
 0.750423 0.187627 0.055549 0.00639687 4.27307e-06
 0.684987 0.265335 0.0383014 0.0102087 0.00116771
 0.52425 0.376175 0.0850136 0.0112422 0.00331876
 0.629923 0.244163 0.102006 0.0204378 0.00347029
 0.643963 0.247551 0.0721432 0.0294512 0.00689131
 0.485072 0.363933 0.10525 0.0304261 0.0153193
 0.658299 0.199009 0.102383 0.0281283 0.0121806
 0.594816 0.299062 0.0627543 0.0311389 0.0122285
 0.676716 0.226215 0.0729212 0.0143076 0.00984033
 0.579206 0.32277 0.0700164 0.0210662 0.0069415
 0.43262 0.386211 0.140657 0.0289669 0.0115451
 0.438768 0.319488 0.169466 0.0561993 0.0160785
 0.571852 0.249734 0.105444 0.0512477 0.0217232
 0.620451 0.287775 0.0568127 0.0207482 0.014213
 0.696203 0.255538 0.0389004 0.00583725 0.00352211
 0.649916 0.301493 0.0424546 0.00496529 0.00117206
 0.54602 0.347897 0.0926543 0.0117434 0.001685
 0.66154 0.226433 0.0876237 0.0213314 0.00307191
 0.660902 0.25581 0.056957 0.0206162 0.00571446
 0.665787 0.248896 0.0651957 0.0137763 0.00634499
 0.653678 0.256984 0.0673207 0.0168379 0.00517941
 0.649844 0.251886 0.0733477 0.0187873 0.00613461
 0.639309 0.259216 0.0735465 0.0208554 0.00707285
 0.620705 0.269468 0.0795746 0.0219387 0.00831392
 0.319956 0.471199 0.149596 0.0429519 0.0162967
 0.494841 0.197842 0.214597 0.0664493 0.026271
 0.667012 0.192435 0.0559545 0.0591075 0.0254906
pobs_PELACES
 0 0 0 0 0
 0 0 0 0 0
 0 0 0 0 0
 0 0 0 0 0
 0 0 0 0 0
 0 0 0 0 0
 0 0 0 0 0
 0 0 0 0 0
 0 0 0 0 0
 0 0 0 0 0
 0.450072 0.473896 0.0757376 0.000293798 0
 0 0 0 0 0
 0.463077 0.371075 0.160297 0.00555027 0
 0.529543 0.364841 0.0842815 0.0213345 0
 0.631943 0.363953 0.00410389 0 0
 0.735681 0.248677 0.0153453 0.000297389 0
 0.695825 0.281241 0.0229344 0 0
 0.275771 0.60734 0.115278 0.00161068 0
 0 0 0 0 0
 0.896147 0.0623911 0.0374545 0.00400742 0
 0.803859 0.145111 0.0509908 3.86294e-05 0
 0.739449 0.233085 0.0266225 0.000797448 4.60066e-05
 0.878498 0.100942 0.0204185 0.000141795 0
 0.694673 0.275183 0.0284847 0.00165964 0
 0.469039 0.446079 0.0841089 0.000773354 0
 0.822795 0.102175 0.0682046 0.00682512 0
 0 0 0 0 0
ppred_PELACES
 0.818087 0.138964 0.0385295 0.0044162 2.94925e-06
 0.757398 0.206023 0.0282261 0.00749527 0.000857165
 0.629797 0.297461 0.0621561 0.0081736 0.00241217
 0.689658 0.205812 0.0847 0.0169522 0.00287828
 0.695353 0.212019 0.0616022 0.0251426 0.00588307
 0.563214 0.311679 0.0872666 0.0251691 0.0126709
 0.719216 0.164985 0.0831231 0.0228027 0.00987361
 0.672855 0.24412 0.0491563 0.0243198 0.00954903
 0.747117 0.179277 0.0553386 0.0108242 0.0074433
 0.651452 0.269254 0.0566733 0.0170149 0.00560592
 0.528825 0.32671 0.112267 0.0230243 0.00917453
 0.532083 0.272407 0.137209 0.045334 0.0129674
 0.680422 0.193047 0.0749661 0.0362178 0.0153473
 0.763692 0.186352 0.0310706 0.0112109 0.00767475
 0.81724 0.157679 0.020265 0.00300433 0.00181159
 0.733759 0.231339 0.0305119 0.00355188 0.000838215
 0.636722 0.28203 0.0709997 0.00896269 0.00128573
 0.733346 0.180882 0.0671319 0.0162941 0.00234612
 0.727071 0.207556 0.0447393 0.0161564 0.00447772
 0.729886 0.20269 0.0515487 0.0108697 0.0050057
 0.710318 0.215725 0.0557444 0.0139289 0.00428435
 0.708362 0.210762 0.0603833 0.0154486 0.00504412
 0.699612 0.21697 0.0604806 0.0171287 0.00580857
 0.68246 0.226753 0.0658023 0.0181191 0.00686597
 0.380616 0.431228 0.13482 0.0386669 0.01467
 0.562818 0.172907 0.184605 0.0570978 0.0225725
 0.728282 0.158615 0.045072 0.0475335 0.0204974
pobs_pel_tallas
 0 0 0 0 0 0 0 0 0 0 0 0 0 0 0 0 0 0 0 0 0 0 0 0 0 0 0 0 0 0 0 0 0 0 0 0
 0 0 0 0 0 0 0 0 0 0 0 0 0 0 0 0 0 0 0 0 0 0 0 0 0 0 0 0 0 0 0 0 0 0 0 0
 0 0 0 0 0 0 0 0 0 0 0 0 0 0 0 0 0 0 0 0 0 0 0 0 0 0 0 0 0 0 0 0 0 0 0 0
 0 0 0 0 0 0 0 0 0 0 0 0 0 0 0 0 0 0 0 0 0 0 0 0 0 0 0 0 0 0 0 0 0 0 0 0
 0 0 0 0 0 0 0 0 0 0 0 0 0 0 0 0 0 0 0 0 0 0 0 0 0 0 0 0 0 0 0 0 0 0 0 0
 0 0 0 0 0 0 0 0 0 0 0 0 0 0 0 0 0 0 0 0 0 0 0 0 0 0 0 0 0 0 0 0 0 0 0 0
 0 0 0 0 0 0 0 0 0 0 0 0 0 0 0 0 0 0 0 0 0 0 0 0 0 0 0 0 0 0 0 0 0 0 0 0
 0 0 0 0 0 0 0 0 0 0 0 0 0 0 0 0 0 0 0 0 0 0 0 0 0 0 0 0 0 0 0 0 0 0 0 0
 0 0 0 0 0 0 0 0 0 0 0 0 0 0 0 0 0 0 0 0 0 0 0 0 0 0 0 0 0 0 0 0 0 0 0 0
 0 0 0 0 0 0 0 0 0 0 0 0 0 0 0 0 0 0 0 0 0 0 0 0 0 0 0 0 0 0 0 0 0 0 0 0
 0 0 0 0 0 0 0 0 1.78061e-05 0.00172719 0.00360574 0.0105946 0.0120993 0.0124554 0.0147524 0.0171206 0.0266825 0.0428682 0.0675386 0.121331 0.153587 0.119568 0.100827 0.0573624 0.0630603 0.0341343 0.0324427 0.0444173 0.0211091 0.0280891 0.0125444 0.00206551 0 0 0 0
 0 0 0 0 0 0 0 0 0 0 0 0 0 0 0 0 0 0 0 0 0 0 0 0 0 0 0 0 0 0 0 0 0 0 0 0
 0 0 0 0 0 0 0.0133647 0.0140871 0.0187388 0.0205184 0.03894 0.0496705 0.03968 0.0493445 0.0407372 0.0367815 0.0215668 0.0243155 0.0234873 0.0199281 0.019796 0.0243948 0.0301388 0.0376714 0.0412746 0.0863199 0.0771752 0.113111 0.0741005 0.0525337 0.0229764 0.00759418 0.00175318 0 0 0
 0 0 0 0 0 0 0 0 0 0 0.00219441 0.00772107 0.0458388 0.0604681 0.0671733 0.0775358 0.0609151 0.0617685 0.073594 0.0568108 0.0755445 0.0548602 0.0670107 0.0636378 0.0643287 0.046367 0.0373049 0.0286899 0.0247887 0.0153202 0.00654259 0.00121912 0.000365735 0 0 0
 0 0 0 0 0 0 0 0 0 0 0 0 0.000112435 0.00938835 0.0111873 0.0202946 0.0414886 0.0713402 0.111592 0.104902 0.108894 0.110636 0.117776 0.105296 0.107544 0.0401394 0.0192827 0.0124803 0.00416011 0.0028671 0.000618394 0 0 0 0 0
 0 0 0 0 0 0 0 0 0 0 0.00291406 0.0102884 0.027416 0.0768956 0.0749926 0.110853 0.0956884 0.0897413 0.0766577 0.0534642 0.0500743 0.0551293 0.0594112 0.0620874 0.0668451 0.0424026 0.0208742 0.0120726 0.0048766 0.00582813 0.00118941 0.000297354 0 0 0 0
 0 0.00264628 0.0354308 0.0461629 0.0458689 0.0383711 0.0214643 0.0164657 0.0346957 0.0420465 0.0363128 0.0245516 0.0311673 0.0291091 0.0169068 0.0133784 0.00837989 0.0085269 0.0148486 0.0160247 0.0276389 0.0546898 0.0760071 0.122758 0.109233 0.0665981 0.0333725 0.0166128 0.00676272 0.00308733 0.000882094 0 0 0 0 0
 0 0 0 0 0 0 0 0.000805153 0.000690131 0.00759144 0.0133425 0.0154129 0.00931677 0.000345066 0.00356568 0.00563607 0.00851162 0.0253048 0.0502646 0.0516448 0.0657925 0.0565908 0.0611916 0.0827007 0.0866115 0.110766 0.145733 0.0935128 0.0569358 0.0249597 0.0138026 0.00621118 0.00161031 0.00115022 0 0
 0 0 0 0 0 0 0 0 0 0 0 0 0 0 0 0 0 0 0 0 0 0 0 0 0 0 0 0 0 0 0 0 0 0 0 0
 0.00147267 0.00158595 0.00478618 0.00569244 0.00954404 0.0108468 0.00647125 0.017049 0.0510054 0.094081 0.124002 0.0959785 0.0687766 0.0820023 0.061753 0.0591476 0.0492212 0.0479892 0.0443925 0.0268479 0.0217502 0.0140895 0.0121071 0.0120363 0.00920419 0.00665534 0.0049561 0.00860946 0.00930331 0.0156896 0.0114698 0.00855282 0.00243557 0.00046729 0 2.83206e-05
 0 0 0 0 0.000772559 0.00158375 0.000888443 0.00281984 0.00712685 0.0440552 0.0773331 0.111326 0.0921469 0.0852325 0.0710754 0.0886704 0.0786465 0.0553345 0.0373146 0.0185414 0.00753245 0.00457741 0.012979 0.0271748 0.0457355 0.0583668 0.034881 0.0177882 0.00938659 0.00492506 0.0015258 0.00185414 0.000309023 5.79419e-05 3.86279e-05 0
 0 0.00173294 0.00326652 0 0.00397197 0.00683976 0.00946217 0.0152591 0.00757587 0.0136028 0.0228656 0.0392903 0.0559909 0.0764795 0.0681675 0.0726916 0.0566044 0.0477403 0.0527397 0.0444891 0.0609904 0.0582453 0.0661739 0.0445044 0.0529084 0.0360697 0.0280645 0.0235558 0.0158879 0.00826598 0.00280645 0.00217768 0.000904811 0.00058276 9.20147e-05 0
 0 0 0 0 0 0 0 0 0 0 0 0 0 0 0 0 0 0 0 0 0 0 0 0 0 0 0 0 0 0 0 0 0 0 0 0
 0 0 0 0 0 0 0 0 0 0 0 0 0 0 0 0 0 0 0 0 0 0 0 0 0 0 0 0 0 0 0 0 0 0 0 0
 0 0 0 0 0 0 0 0 0 0 0 0 0 0 0 0 0 0 0 0 0 0 0 0 0 0 0 0 0 0 0 0 0 0 0 0
 0 0 0 0 0 0 0 0 0 0 0 0 0 0 0 0 0 0 0 0 0 0 0 0 0 0 0 0 0 0 0 0 0 0 0 0
 0 0 0 0 0 0 0 0 0 0 0 0 0 0 0 0 0 0 0 0 0 0 0 0 0 0 0 0 0 0 0 0 0 0 0 0
ppred_pel_tallas
 1.00745e-16 3.56908e-05 0.000209485 0.000995813 0.00383396 0.0119559 0.0301996 0.0617919 0.102425 0.13755 0.149669 0.131989 0.0944179 0.0549726 0.0264353 0.0112285 0.00543294 0.0044426 0.00543761 0.00718837 0.00920985 0.0112311 0.0130149 0.0143443 0.0150585 0.0150876 0.0144659 0.0133177 0.0118226 0.010171 0.00852667 0.00700381 0.00566322 0.00452173 0.00356851 0.00278054
 1.00766e-16 3.30472e-05 0.000193958 0.000921985 0.00354968 0.0110694 0.0279603 0.0572108 0.0948341 0.127362 0.138602 0.122273 0.0875612 0.0511703 0.024962 0.011212 0.00632348 0.00605267 0.00778665 0.0103513 0.0132233 0.0160447 0.0184718 0.020189 0.0209692 0.0207261 0.0195328 0.0175986 0.0152133 0.0126779 0.0102451 0.00808409 0.00627451 0.00482232 0.00368734 0.00281019
 1.01373e-16 2.74869e-05 0.000161306 0.000766735 0.0029519 0.00920516 0.0232517 0.0475772 0.0788692 0.105933 0.115313 0.101801 0.0730621 0.0430221 0.0215942 0.0107296 0.00749588 0.00840716 0.0112979 0.0151453 0.019404 0.0236085 0.0272721 0.029937 0.0312674 0.0311261 0.0296024 0.0269805 0.0236615 0.0200665 0.016553 0.0133655 0.0106262 0.00835747 0.00651852 0.00504178
 1.01987e-16 3.00935e-05 0.000176617 0.000839543 0.00323226 0.0100795 0.02546 0.052095 0.0863548 0.115977 0.126218 0.111363 0.0797808 0.0466897 0.0229016 0.0105035 0.00623731 0.00625642 0.00819649 0.0109969 0.0141798 0.0174059 0.0203372 0.022651 0.0240993 0.0245594 0.0240557 0.0227405 0.0208466 0.0186267 0.0163016 0.0140304 0.011906 0.00996856 0.00822676 0.00667678
 1.02083e-16 3.0342e-05 0.000178076 0.000846477 0.00325896 0.0101627 0.0256703 0.0525253 0.0870681 0.116935 0.127261 0.112284 0.0804439 0.047083 0.0231037 0.0106104 0.00631741 0.00634445 0.00830388 0.0111205 0.0143054 0.0175086 0.0203837 0.0226036 0.0239225 0.0242282 0.0235626 0.0220998 0.0200945 0.0178162 0.0154943 0.0132864 0.0112745 0.00948136 0.00789552 0.00649435
 1.02798e-16 2.45842e-05 0.000144263 0.000685707 0.00263992 0.00823225 0.0207942 0.0425492 0.0705357 0.0947445 0.103146 0.0910885 0.0654369 0.0386593 0.0196412 0.0101521 0.0075956 0.00887615 0.0120678 0.0162483 0.0208999 0.025554 0.0297087 0.0328843 0.0347214 0.0350589 0.0339644 0.0317021 0.0286552 0.0252288 0.0217674 0.0185075 0.0155713 0.0129898 0.0107409 0.00878366
 1.02479e-16 3.13807e-05 0.000184178 0.000875496 0.0033707 0.0105112 0.0265505 0.0543259 0.0900513 0.120937 0.131604 0.116087 0.0831047 0.0485125 0.0235676 0.0104253 0.00566723 0.00526841 0.00676454 0.00907269 0.011743 0.0144922 0.0170497 0.0191564 0.0206081 0.0212949 0.0212191 0.0204809 0.0192426 0.0176833 0.0159604 0.0141892 0.0124404 0.0107516 0.00914362 0.00763277
 1.0206e-16 2.93622e-05 0.000172321 0.000819111 0.00315358 0.00983411 0.0248403 0.0508272 0.0842545 0.11316 0.123162 0.108688 0.077914 0.0456957 0.0225965 0.0106688 0.00674831 0.00708944 0.0093794 0.0125584 0.0161147 0.0196552 0.0227822 0.025123 0.026403 0.026507 0.0255016 0.0236083 0.0211406 0.0184257 0.0157376 0.0132597 0.0110793 0.00920823 0.00761393 0.00624915
 1.01564e-16 3.25978e-05 0.000191322 0.000909459 0.00350147 0.010919 0.0275805 0.0564335 0.093545 0.125629 0.136711 0.120594 0.0863343 0.0504046 0.0244985 0.0108539 0.00591754 0.00550285 0.00704037 0.00939113 0.01207 0.0147634 0.0171738 0.019023 0.0201023 0.0203165 0.0197017 0.0184073 0.016652 0.0146679 0.012654 0.0107483 0.00902437 0.00750374 0.00617734 0.00502441
 1.01739e-16 2.843e-05 0.000166846 0.000793075 0.00305333 0.00952147 0.0240506 0.0492117 0.0815775 0.109567 0.11926 0.105264 0.0754999 0.0443624 0.0220906 0.0106863 0.00709992 0.00771495 0.0102921 0.0137908 0.0176844 0.0215458 0.0249354 0.0274402 0.0287562 0.0287568 0.0275184 0.0252908 0.0224277 0.0192997 0.01622 0.0134007 0.0109466 0.00887524 0.00715167 0.00572029
 1.0292e-16 2.30854e-05 0.000135462 0.000643862 0.0024788 0.00772981 0.0195251 0.0399526 0.0662323 0.0889676 0.0968653 0.0855635 0.061514 0.0364348 0.0186835 0.00993944 0.00778295 0.00932237 0.0127552 0.017207 0.0221653 0.0271474 0.0316271 0.0350978 0.0371744 0.0376764 0.0366603 0.0343881 0.0312486 0.0276577 0.0239743 0.0204508 0.0172261 0.0143483 0.0118115 0.00958883
 1.04201e-16 2.32252e-05 0.000136288 0.000647801 0.00249398 0.00777717 0.0196447 0.0401969 0.0666357 0.0895047 0.097438 0.0860403 0.0617937 0.0364743 0.0184728 0.00945835 0.00697878 0.00811643 0.0110681 0.0149899 0.0194309 0.0239925 0.0282419 0.0317531 0.0341885 0.0353661 0.0352872 0.0341144 0.0321122 0.0295724 0.0267518 0.0238379 0.0209465 0.01814 0.0154543 0.0129195
 1.03089e-16 2.96901e-05 0.000174251 0.000828295 0.00318896 0.00994445 0.0251189 0.051397 0.0851975 0.114422 0.124523 0.109862 0.0786948 0.0460318 0.0225374 0.0102673 0.00600415 0.00595214 0.00778153 0.0104542 0.0135129 0.0166425 0.0195315 0.0218822 0.0234642 0.0241607 0.0239877 0.0230751 0.0216229 0.0198454 0.0179254 0.0159891 0.0141056 0.0123019 0.0105847 0.0089587
 1.01246e-16 3.33208e-05 0.000195566 0.000929635 0.00357914 0.0111612 0.0281924 0.0576855 0.0956203 0.128416 0.139744 0.123269 0.0882495 0.0515221 0.0250398 0.0110888 0.00603456 0.00559377 0.00713422 0.00948409 0.0121389 0.0147697 0.0170668 0.0187452 0.0195978 0.0195418 0.018636 0.0170591 0.0150611 0.0129019 0.0107988 0.0088965 0.00726249 0.00590241 0.00478464 0.0038639
 1.00528e-16 3.56546e-05 0.00020927 0.000994791 0.00383002 0.0119436 0.0301685 0.0617286 0.102321 0.137411 0.149522 0.131869 0.094352 0.054975 0.0265122 0.01139 0.00569822 0.00483762 0.00598681 0.00790461 0.0100846 0.0122271 0.0140644 0.0153544 0.0159239 0.0157079 0.0147643 0.0132555 0.0114058 0.00944769 0.00757648 0.00592264 0.00454704 0.00345331 0.00260895 0.00196624
 1.0067e-16 3.20174e-05 0.00018791 0.000893227 0.00343895 0.010724 0.0270881 0.0554264 0.0918772 0.123394 0.134291 0.118488 0.0848897 0.049688 0.0243859 0.0112022 0.00666558 0.00667371 0.00869488 0.0115774 0.0147842 0.0179239 0.0206123 0.0224948 0.0233169 0.0229832 0.0215789 0.0193427 0.0166046 0.0137074 0.0109393 0.00849378 0.00646183 0.00485016 0.00361176 0.00267656
 1.01468e-16 2.77883e-05 0.000163077 0.000775155 0.00298432 0.00930628 0.0235071 0.0480997 0.0797347 0.107094 0.116572 0.102903 0.0738314 0.0434317 0.0217195 0.0106605 0.00728338 0.00806004 0.0108033 0.0144894 0.0185866 0.0226512 0.0262215 0.0288613 0.0302477 0.0302429 0.028922 0.0265433 0.0234764 0.0201121 0.0167843 0.0137243 0.0110521 0.00879698 0.00693062 0.00540014
 1.01682e-16 3.19974e-05 0.000187797 0.000892701 0.00343694 0.0107178 0.0270723 0.0553935 0.0918214 0.123315 0.134194 0.118377 0.0847558 0.0494996 0.02409 0.0107272 0.00592743 0.00558526 0.00718162 0.00959968 0.0123617 0.0151553 0.0176809 0.019656 0.020865 0.0212045 0.0207011 0.0194947 0.0177951 0.0158285 0.0137909 0.0118216 0.00999933 0.00835463 0.00688929 0.00559403
 1.01468e-16 3.17248e-05 0.000186195 0.000885076 0.00340757 0.0106262 0.026841 0.0549205 0.091038 0.122265 0.133058 0.117389 0.0840797 0.0491678 0.0240454 0.0109042 0.0062988 0.00616303 0.00799425 0.0106676 0.0136782 0.0166741 0.0193129 0.0212757 0.0223277 0.0223701 0.0214597 0.0197863 0.0176195 0.0152417 0.0128911 0.0107294 0.00883611 0.00722505 0.00587064 0.00473247
 1.01406e-16 3.18474e-05 0.000186915 0.0008885 0.00342076 0.0106673 0.0269448 0.0551329 0.09139 0.122737 0.133571 0.117839 0.0843954 0.0493396 0.0241059 0.0108921 0.00623778 0.00606003 0.00784738 0.0104738 0.0134383 0.0163954 0.0190099 0.0209684 0.022039 0.0221211 0.0212658 0.019654 0.0175451 0.0152132 0.0128912 0.0107393 0.00883944 0.0072107 0.00583362 0.00467358
 1.01541e-16 3.09947e-05 0.000181907 0.000864691 0.00332909 0.0103814 0.0262227 0.0536556 0.0889416 0.119451 0.129999 0.114698 0.08217 0.0480866 0.0235833 0.0108078 0.00640134 0.00639689 0.00835174 0.0111637 0.0143294 0.0174888 0.0202864 0.0223891 0.0235492 0.0236592 0.0227719 0.0210781 0.0188522 0.016384 0.0139202 0.0116304 0.00960175 0.00785521 0.0063714 0.00511514
 1.01693e-16 3.09092e-05 0.000181406 0.000862308 0.00331991 0.0103528 0.0261505 0.0535077 0.0886964 0.119121 0.129639 0.114379 0.0819368 0.0479412 0.0234956 0.0107406 0.00632557 0.00629439 0.00821261 0.0109846 0.0141142 0.0172495 0.0200437 0.0221707 0.0233864 0.0235816 0.0228024 0.0212286 0.0191212 0.0167573 0.0143733 0.0121327 0.0101215 0.00836326 0.00684429 0.00553657
 1.0179e-16 3.05279e-05 0.000179167 0.000851662 0.00327892 0.010225 0.0258276 0.0528471 0.0876016 0.117652 0.128042 0.112975 0.0809422 0.0473818 0.0232634 0.0107052 0.00640214 0.0064498 0.00844424 0.0113001 0.0145198 0.0177443 0.0206174 0.022804 0.0240536 0.0242544 0.0234546 0.0218399 0.0196792 0.0172573 0.0148169 0.0125253 0.0104692 0.0086716 0.00711707 0.00577599
 1.01952e-16 2.97804e-05 0.000174777 0.000830792 0.00319856 0.00997439 0.0251946 0.0515521 0.0854554 0.114771 0.124911 0.110221 0.0789888 0.0462782 0.0227961 0.0106161 0.0065216 0.00670973 0.00883718 0.0118405 0.0152222 0.0186126 0.0216407 0.0239563 0.0252965 0.025543 0.0247437 0.0230899 0.0208599 0.0183487 0.0158081 0.0134119 0.0112514 0.00935162 0.00769867 0.00626416
 1.04069e-16 1.6627e-05 9.75362e-05 0.000463537 0.00178446 0.00556452 0.0140559 0.0287631 0.0476887 0.0640769 0.0698135 0.0617829 0.0446682 0.0269611 0.0147547 0.00934986 0.00909731 0.0119839 0.0167261 0.022625 0.0291446 0.0356809 0.0415475 0.0460797 0.0487747 0.0494004 0.0480386 0.0450412 0.0409252 0.0362404 0.031457 0.0269014 0.0227474 0.0190476 0.0157845 0.0129149
 1.05694e-16 2.45615e-05 0.000144142 0.000685159 0.00263785 0.00822585 0.0207779 0.0425148 0.0704749 0.0946517 0.103015 0.0909039 0.0651531 0.0381892 0.018848 0.00885045 0.00556146 0.0058723 0.00788891 0.0107833 0.0142005 0.0178886 0.0215797 0.0249931 0.0278782 0.0300539 0.0314298 0.0320002 0.0318198 0.0309732 0.0295507 0.0276379 0.0253194 0.0226879 0.0198514 0.0169328
 1.03283e-16 3.17756e-05 0.000186497 0.000886526 0.00341317 0.0106437 0.026885 0.0550103 0.0911855 0.122459 0.133258 0.11754 0.0841308 0.0490835 0.0237923 0.0104338 0.00554009 0.00502996 0.00640454 0.00856803 0.0110715 0.0136412 0.0160224 0.0179759 0.0193188 0.0199617 0.0199222 0.0193083 0.0182811 0.0170078 0.0156248 0.0142188 0.0128283 0.0114595 0.0101066 0.00876849
pSPR Fmed_Fpbrs
0.500832   0.6 0.325
Fs Fmed_Fpbrs
0.64   0.423287 1.39707
SSBpbr Bo_Bmed_Bpbrs
1.31234e+06  591646  721788 360894
Ro
44355.9
SPR SPRFo_SPRFmed_SPRFpbrs
916136 458831 297744
log_Ro
10.52
likeval ReclasPelacesDesembMPH_pf_preclas_ppelaces_ptallas_desvR_qrecl_qpela
 65.0716 16.19 0.0265746 52.6085 333.042 215.238 54.7765 0 17.7423 2.45658e-05 2.66883e-05 4.49029e-15 0 0 0
q_reclas_q_pelaces
0.495424 2.08543
M
0.7
N
 44986.7 11494 3758.57 435.912 0.291298
 53509.2 20145.5 3147.52 843.689 96.5335
 31813.1 24472.1 6228.04 830.617 245.314
 42605.9 13962 5967.44 1197.58 203.364
 66505.7 20661.9 6048.99 2470.2 578.015
 48559.2 32869.3 9983.71 2896.27 1458.53
 87704.1 22914.4 12168.2 3350.6 1451.1
 89867.6 42140.8 9412.73 4691.54 1842.84
 133071 41819.4 14395.9 2837.85 1952.28
 123787 61716.8 14013.4 4230.06 1394.08
 66080.2 58619.4 23315.1 4831.84 1926.43
 42387.3 29941.4 17176.8 5728.24 1639.33
 40625.9 19401 9298.88 4560.58 1934.11
 25323.6 17681.7 4509.12 1677.15 1150.01
 17416.4 9635.67 1895.75 289.732 174.992
 13979.9 6623.4 1029.91 121.31 28.6463
 9958.43 6261.8 1816.21 231.602 33.2422
 14146 4525.29 1865.63 456.237 65.718
 18831.3 6576.97 1538.09 558.685 154.887
 26629.7 8885.69 2433.94 515.957 237.676
 38172.3 12623 3376.03 845.645 260.145
 56354.4 18551.5 5536.75 1420.68 463.938
 78784.7 27277.2 7949.54 2258.56 766.039
 102729 38047.5 11536.5 3186.64 1207.73
 39813.9 49630.1 16127.3 4638.17 1759.96
 56924.1 19298.4 21440.9 6650.51 2629.55
 109714 27571.2 8301.15 8790.77 3791.6
pred_Ctot
 3196.82 3835.62 1549.15 181.899 0.121633
 3055.41 5618.54 1099.5 298.666 34.197
 2677.82 9325.88 2894.72 390.523 115.407
 718.653 1290.82 721.715 147.225 25.0223
 226.635 401.342 156.113 64.8731 15.1941
 1742.11 6118.72 2380.41 700.892 353.239
 2048.39 2878.83 1985.23 555.37 240.726
 4081.19 9662.93 2736.38 1383.31 543.772
 6345.26 10003.6 4355.48 870.68 599.421
 4140.99 10787.4 3145.5 963.887 317.918
 4182.94 17809.5 8816.6 1850.82 738.419
 2397.84 8285.39 5956.59 2013.13 576.533
 3637.32 7748.13 4506.83 2235.14 948.463
 4323.01 10837.2 3143.37 1177.32 807.582
 2978.47 5911.65 1322.6 203.545 122.982
 991.276 2206.42 423.818 50.541 11.9426
 611.257 1854.75 670.875 86.6696 12.4484
 650.864 1049.51 548.212 135.968 19.5999
 676.365 1225.58 367.085 135.333 37.5486
 872.608 1524.35 536.613 115.483 53.2401
 586.211 1067.19 374.015 95.2406 29.3243
 1026.26 1844.55 719.054 187.523 61.2904
 1560.59 2936.41 1115.76 322.147 109.357
 2007.2 4043.27 1598.91 448.835 170.254
 685.433 4678.49 1987.97 581.138 220.705
 1010.14 1872.28 2718.42 857.03 339.154
 2814.35 3779.26 1473.86 1585.4 684.378
F
 0.103388 0.595212 0.79401 0.808217 0.808979
 0.0823191 0.473917 0.632203 0.643515 0.644122
 0.123538 0.711217 0.94876 0.965736 0.966646
 0.0237008 0.136447 0.18202 0.185277 0.185451
 0.00474844 0.0273371 0.0364675 0.0371201 0.0371551
 0.0510185 0.293717 0.391817 0.398828 0.399204
 0.0329513 0.189703 0.253062 0.257591 0.257833
 0.0649768 0.374076 0.499015 0.507944 0.508423
 0.0683245 0.393349 0.524726 0.534115 0.534618
 0.0474986 0.273453 0.364785 0.371312 0.371662
 0.0916281 0.527509 0.703695 0.716286 0.716961
 0.0815254 0.469347 0.626107 0.63731 0.637911
 0.131877 0.759223 1.0128 1.03092 1.03189
 0.266266 1.53291 2.0449 2.08149 2.08345
 0.266803 1.536 2.04902 2.08568 2.08765
 0.103153 0.59386 0.792206 0.806381 0.807141
 0.0887372 0.510866 0.681493 0.693687 0.694341
 0.0658565 0.37914 0.505771 0.514821 0.515307
 0.0510781 0.29406 0.392275 0.399294 0.39967
 0.0465069 0.267744 0.357169 0.363559 0.363902
 0.021558 0.124111 0.165563 0.168526 0.168685
 0.02561 0.147439 0.196682 0.200202 0.20039
 0.0278843 0.160532 0.214148 0.21798 0.218186
 0.0275003 0.158321 0.211199 0.214978 0.215181
 0.0241957 0.139296 0.18582 0.189145 0.189324
 0.024948 0.143627 0.191598 0.195026 0.19521
 0.0362428 0.208653 0.278341 0.283322 0.283589
Np
 33776.2 15889.6 19110.1 3642.56 1345.5
YTP_r0W_actual
 34175.5 116677 65259 89562.7 42902
YTP_p0W_proyectada
 10521.1 222355 87364.4 31794.4 51121.8
 10521.1 67242.1 150233 37111.3 15224.3
CTP_r0_actual
 4167.74 5401.7 2078.31 2233.48 964.089
CTP_p0_proyectada
 1283.06 10294.2 2782.31 792.877 1148.8
 1283.06 3113.06 4784.5 925.469 342.119
Wmedp
 8.2 21.6 31.4 40.1 44.5
nmprior
 10.8 10.6 4.6 0
nm_flota  nm_reclas  nm_pelaces    nm_pelaL
inf 14.8012 20.5638 68.9201
cv_recla  cv_pelaces  cv_mph
0.698596 0.440772 0.581547
 ------------------------------------------------
Talla a la edad & desviaci?n 
 7.2 14.2025 17.0495 18.207 18.6776
 1.08 2.13037 2.55742 2.73105 2.80164
