years
 1997 1998 1999 2000 2001 2002 2003 2004 2005 2006 2007 2008 2009 2010 2011 2012 2013 2014 2015 2016 2017 2018 2019 2020 2021 2022 2023
reclasobs
 0 0 0 370054 412103 1.49427e+06 250295 1.28982e+06 931140 785840 897777 1.04006e+06 184774 17550 25797 100020 73551 82996 120727 218422 84188 347160 605670 569463 516374 1.08416e+06 1.01767e+06
reclaspred
 5.26413e+06 635287 796646 170059 245847 369329 635733 612295 678712 1.00307e+06 1.04897e+06 721072 404949 140094 90504.2 100781 89412.9 98020.7 127118 150435 206531 241854 428932 567420 858307 525381 264217
pelacesobs
 0 0 0 0 0 0 0 0 0 2.06254e+06 1.5e+06 0 1.87456e+06 323000 250000 174000 83755 137374 0 501740 490994 745055 786931 1.00524e+06 1.33801e+06 1.41789e+06 0
pelacespred
 1.07685e+07 4.48086e+06 1.1202e+06 578220 746245 566855 1.93857e+06 1.51601e+06 1.75957e+06 2.61341e+06 2.15781e+06 1.64161e+06 932146 270229 177537 183011 169121 204329 250272 279304 533293 546177 763798 1.23289e+06 1.67191e+06 1.26421e+06 378126
mphobs
 0 0 0 0 0 0 112323 0 153150 637223 0 255016 313432 73983 77613 109348 50772 17779 17303 59886 28197 0 207744 136588 643089 65757 70829
mphpred
 1.3114e+06 550288 236349 89840 54888.2 154208 167910 289099 265982 347626 445599 303687 185833 122828 58947.4 49476.5 38230.9 41384.1 34666 37486.5 48422.6 72627.2 92743.5 140237 208386 140448 103671
desembarqueobs
 350755 77701 442110 56441 14545 235359 269955 359681 431902 328805 639364 411747 362871 311530 167758 66681 60226 58785 57116 73181 50977 67692 138656 160484 209506 203330 245020
desembarquepred
 350744 77677.2 441525 56413.6 14542.9 235164 269795 358963 431197 328524 638137 410916 362159 310893 167210 66616.2 60191.2 58666.6 57002.3 73088.8 50949.2 67602.5 138559 160355 209346 203051 244650
Reclutas
 9202.74 13949.8 1767.31 4600.81 39447.7 12185.5 60594.5 52939.5 77709.2 112822 63964.3 52379.2 50771.1 30119.9 13571 9166.5 6156.67 7939.65 9678.67 7833.59 16223.6 21216.5 30051 52420.9 9248.22 29345 1673.65
log_desv_Rt
 -0.672744 -0.256781 -2.32279 -1.36601 0.78273 -0.391996 1.21196 1.07691 1.46073 1.83357 1.26608 1.06626 1.03508 0.51294 -0.284313 -0.676689 -1.07471 -0.820376 -0.62232 -0.833824 -0.105778 0.162533 0.510651 1.06706 -0.667814 0.486877 -2.37724
SSB
 1.68562e+06 707320 303794 115477 70551.3 198214 205786 363974 327339 433528 572757 390348 251693 121157 62335.3 51752.5 43646.9 43958.3 56049.6 66271.8 77234.2 111470 148571 209374 352980 256402 175137
BT
 2.18155e+06 848713 428573 168788 262818 304850 983493 872268 1.04736e+06 1.17114e+06 1.17462e+06 852822 667769 384236 202780 109702 100451 115998 118726 131688 210652 194159 288762 480225 489513 478439 264389
Ftot
 0.149289 0.277013 1.11887 0.747599 0.226934 1.32472 1.4947 1.55498 1.85485 0.974566 1.41709 1.37829 2.21044 4.37116 3.92229 1.56976 1.63543 1.60421 1.14506 1.16124 0.71006 0.709939 0.79259 0.77732 0.543747 0.944987 1.70697
BD_Bspro_t
 0.976811 0.831766 0.589488 0.228026 0.265466 0.550389 0.384125 0.459664 0.386078 0.410988 0.440313 0.289527 0.208571 0.123317 0.0767307 0.0783784 0.0924704 0.129262 0.198278 0.272037 0.331131 0.480376 0.509065 0.519614 0.574395 0.420019 0.325577
BD_Bspro
 4.52549 1.89898 0.815614 0.310028 0.189413 0.532156 0.552486 0.977181 0.878825 1.16392 1.53771 1.04799 0.675734 0.325277 0.167355 0.138943 0.117181 0.118017 0.15048 0.177924 0.207355 0.299269 0.398878 0.562119 0.947666 0.688378 0.4702
BD_Bo
 2.57744 1.08155 0.464524 0.176573 0.107878 0.303084 0.314662 0.556543 0.500525 0.662897 0.875788 0.596872 0.384857 0.185258 0.0953153 0.0791335 0.0667394 0.0672155 0.0857041 0.101335 0.118097 0.170445 0.227176 0.320149 0.539733 0.392058 0.267797
BD_Brms
 4.68626 1.96645 0.844589 0.321042 0.196142 0.551062 0.572113 1.0119 0.910046 1.20527 1.59234 1.08522 0.69974 0.336833 0.173301 0.143879 0.121344 0.12221 0.155826 0.184245 0.214721 0.3099 0.413048 0.582088 0.981332 0.712833 0.486904
S_f
 0.0970465 1 1 1 1
 0.0970465 1 1 1 1
 0.0970465 1 1 1 1
 0.0970465 1 1 1 1
 0.0970465 1 1 1 1
 0.0970465 1 1 1 1
 0.0970465 1 1 1 1
 0.0970465 1 1 1 1
 0.0970465 1 1 1 1
 0.0970465 1 1 1 1
 0.0970465 1 1 1 1
 0.0970465 1 1 1 1
 0.0970465 1 1 1 1
 0.0970465 1 1 1 1
 0.0970465 1 1 1 1
 0.0970465 1 1 1 1
 0.0970465 1 1 1 1
 0.0970465 1 1 1 1
 0.0970465 1 1 1 1
 0.0970465 1 1 1 1
 0.0970465 1 1 1 1
 0.0970465 1 1 1 1
 0.0970465 1 1 1 1
 0.0970465 1 1 1 1
 0.0970465 1 1 1 1
 0.0970465 1 1 1 1
 0.0970465 1 1 1 1
Scru_reclas
 0.301712 1 1 1 1
 0.301712 1 1 1 1
 0.301712 1 1 1 1
 0.301712 1 1 1 1
 0.301712 1 1 1 1
 0.301712 1 1 1 1
 0.301712 1 1 1 1
 0.301712 1 1 1 1
 0.301712 1 1 1 1
 0.301712 1 1 1 1
 0.301712 1 1 1 1
 0.301712 1 1 1 1
 0.301712 1 1 1 1
 0.301712 1 1 1 1
 0.301712 1 1 1 1
 0.301712 1 1 1 1
 0.301712 1 1 1 1
 0.301712 1 1 1 1
 0.301712 1 1 1 1
 0.301712 1 1 1 1
 0.301712 1 1 1 1
 0.301712 1 1 1 1
 0.301712 1 1 1 1
 0.301712 1 1 1 1
 0.301712 1 1 1 1
 0.301712 1 1 1 1
 0.301712 1 1 1 1
Scru_pelaces
 0.320611 0.753188 0.95177 0.992225 0.99879
 0.320611 0.753188 0.95177 0.992225 0.99879
 0.320611 0.753188 0.95177 0.992225 0.99879
 0.320611 0.753188 0.95177 0.992225 0.99879
 0.320611 0.753188 0.95177 0.992225 0.99879
 0.320611 0.753188 0.95177 0.992225 0.99879
 0.320611 0.753188 0.95177 0.992225 0.99879
 0.320611 0.753188 0.95177 0.992225 0.99879
 0.320611 0.753188 0.95177 0.992225 0.99879
 0.320611 0.753188 0.95177 0.992225 0.99879
 0.320611 0.753188 0.95177 0.992225 0.99879
 0.320611 0.753188 0.95177 0.992225 0.99879
 0.320611 0.753188 0.95177 0.992225 0.99879
 0.320611 0.753188 0.95177 0.992225 0.99879
 0.320611 0.753188 0.95177 0.992225 0.99879
 0.320611 0.753188 0.95177 0.992225 0.99879
 0.320611 0.753188 0.95177 0.992225 0.99879
 0.320611 0.753188 0.95177 0.992225 0.99879
 0.320611 0.753188 0.95177 0.992225 0.99879
 0.320611 0.753188 0.95177 0.992225 0.99879
 0.320611 0.753188 0.95177 0.992225 0.99879
 0.320611 0.753188 0.95177 0.992225 0.99879
 0.320611 0.753188 0.95177 0.992225 0.99879
 0.320611 0.753188 0.95177 0.992225 0.99879
 0.320611 0.753188 0.95177 0.992225 0.99879
 0.320611 0.753188 0.95177 0.992225 0.99879
 0.320611 0.753188 0.95177 0.992225 0.99879
pf_obs 
 0.256992 0.487395 0.22802 0.0275931 0
 0.321318 0.546541 0.124235 0.00734118 0.000564706
 0.182869 0.594174 0.210203 0.0122559 0.00049798
 0.330522 0.361315 0.267642 0.0388342 0.00168674
 0.649043 0.306663 0.0425973 0.00169635 0
 0.582887 0.30429 0.105238 0.00758474 0
 0.465427 0.430635 0.0974691 0.00646863 0
 0.296916 0.608066 0.0921331 0.00288517 0
 0.311714 0.524322 0.152257 0.0117073 0
 0.15457 0.633149 0.183074 0.0267441 0.00246327
 0.131901 0.49318 0.331252 0.0422183 0.00144891
 0.196976 0.569456 0.194076 0.0375587 0.00193317
 0.518974 0.381816 0.0799577 0.0180837 0.00116848
 0.0928022 0.601141 0.25162 0.0475244 0.00691264
 0.122501 0.610282 0.24278 0.0234846 0.000952079
 0.383417 0.481906 0.127806 0.00687128 0
 0.0376549 0.599619 0.316969 0.0457579 0
 0.0361596 0.667082 0.258105 0.0386534 0
 0.158088 0.579412 0.248529 0.0139706 0
 0.0477256 0.309471 0.559284 0.082774 0.000745712
 0.0406174 0.521527 0.379366 0.0568643 0.0016247
 0.151134 0.462217 0.34131 0.0453401 0
 0.294876 0.26143 0.354403 0.0886775 0.000613685
 0.281977 0.475581 0.204845 0.0348837 0.00271318
 0.0841818 0.532909 0.334909 0.0458182 0.00218182
 0.115287 0.27431 0.454777 0.147771 0.00785563
 0 0 0 0 0
pf_pred 
 0.0141805 0.63398 0.310381 0.0414564 1.77978e-06
 0.0441122 0.131806 0.529967 0.259459 0.0346564
 0.013234 0.349489 0.087873 0.353321 0.196082
 0.131856 0.176353 0.245016 0.0616049 0.38517
 0.579412 0.294344 0.0256449 0.0356296 0.0649689
 0.084332 0.861638 0.0378121 0.0032944 0.0129231
 0.55037 0.298702 0.142023 0.00623252 0.00267311
 0.244567 0.730395 0.0166336 0.00790872 0.000495922
 0.353298 0.574906 0.0694171 0.00158087 0.000798782
 0.312752 0.64755 0.0352907 0.00426118 0.000146075
 0.149907 0.755124 0.0894832 0.00487673 0.000609027
 0.191474 0.647067 0.143421 0.0169956 0.00104191
 0.268451 0.614624 0.0935759 0.020741 0.00260851
 0.291049 0.661035 0.0402577 0.0061292 0.00152938
 0.274708 0.715285 0.00933107 0.000568272 0.000108107
 0.243684 0.74063 0.01547 0.00020181 1.46286e-05
 0.190882 0.719637 0.0876244 0.00183027 2.5607e-05
 0.304038 0.598406 0.0867674 0.010565 0.000223765
 0.277162 0.663296 0.0511952 0.00742318 0.000923003
 0.190245 0.713375 0.0884408 0.00682613 0.00111284
 0.32612 0.553087 0.106416 0.0131929 0.00118427
 0.238555 0.66942 0.0755293 0.0145321 0.00196334
 0.246675 0.621369 0.116008 0.013089 0.0028586
 0.291115 0.593727 0.0949863 0.0177338 0.00243785
 0.037993 0.83219 0.108728 0.0173946 0.00369399
 0.244351 0.265444 0.424055 0.055404 0.010746
 0.0179943 0.832178 0.0526312 0.0840801 0.013116
pobs_RECLAS
 0 0 0 0 0
 0 0 0 0 0
 0 0 0 0 0
 0 0 0 0 0
 0.835266 0.146461 0.0176864 0.000547809 3.91292e-05
 0.385257 0.428462 0.181853 0.0044286 0
 0.867414 0.0963971 0.0333333 0.00285562 0
 0.441836 0.489002 0.0689373 0.000224442 0
 0.779404 0.147425 0.0564933 0.0165055 0.000172143
 0.814271 0.122319 0.05973 0.00367925 0
 0.40263 0.566651 0.0304383 0.000280538 0
 0.475488 0.404961 0.113038 0.00651328 0
 0.955842 0.0263864 0.0167828 0.000988607 0
 0.975058 0.0227948 0.00214734 0 0
 0.738997 0.206755 0.0527124 0.00153531 0
 0.850938 0.134255 0.0134407 0.00136685 0
 0.542534 0.407297 0.0501686 0 0
 0.764087 0.199537 0.0359546 0.000420521 0
 0.470689 0.182191 0.310203 0.0369168 0
 0.84361 0.089868 0.0606195 0.00523954 0.000663233
 0.607945 0.314616 0.071237 0.00620181 0
 0.523733 0.453247 0.0230204 0 0
 0.530135 0.295979 0.169645 0.0042399 0
 0.562478 0.366248 0.0663022 0.0049721 0
 0.250443 0.683176 0.0655157 0.000865301 0
 0.195077 0.31981 0.436473 0.0351445 0.0134964
 0.565238 0.351407 0.0832357 0.000118908 0
ppred_RECLAS
 0.0431641 0.615341 0.301256 0.0402375 1.72746e-06
 0.127408 0.12032 0.483786 0.23685 0.0316364
 0.0443526 0.338468 0.0851018 0.342179 0.189899
 0.334196 0.13525 0.187909 0.0472466 0.295397
 0.812839 0.130983 0.0114119 0.0158551 0.028911
 0.247178 0.708401 0.0310875 0.00270851 0.0106248
 0.817586 0.121183 0.0576183 0.00252852 0.00108448
 0.544891 0.440024 0.0100209 0.00476459 0.000298767
 0.680526 0.284006 0.0342923 0.000780954 0.000394601
 0.607081 0.370223 0.0201767 0.00243624 8.35153e-05
 0.389392 0.542393 0.0642743 0.00350287 0.000437454
 0.459819 0.432309 0.0958207 0.0113549 0.000696109
 0.605421 0.331512 0.0504724 0.0111871 0.00140696
 0.749808 0.233282 0.0142071 0.00216302 0.000539726
 0.707981 0.287989 0.00375689 0.000228799 4.35264e-05
 0.544318 0.446231 0.00932072 0.000121591 8.81375e-06
 0.469339 0.471975 0.0574686 0.00120038 1.67944e-05
 0.619636 0.327047 0.0474209 0.00577406 0.000122294
 0.57113 0.393543 0.0303749 0.00440428 0.000547631
 0.44989 0.484634 0.0600825 0.00463735 0.000756012
 0.614318 0.316549 0.060905 0.0075507 0.000677795
 0.507663 0.432836 0.0488359 0.00939618 0.00126946
 0.520987 0.395107 0.0737657 0.00832282 0.00181768
 0.576572 0.354643 0.0567368 0.0105927 0.00145617
 0.113328 0.767022 0.100213 0.0160325 0.00340471
 0.522396 0.167772 0.268022 0.0350178 0.00679197
 0.0650354 0.792315 0.05011 0.0800524 0.0124877
pobs_PELACES
 0 0 0 0 0
 0 0 0 0 0
 0 0 0 0 0
 0 0 0 0 0
 0 0 0 0 0
 0 0 0 0 0
 0 0 0 0 0
 0 0 0 0 0
 0 0 0 0 0
 0 0 0 0 0
 0.450072 0.473896 0.0757376 0.000293798 0
 0 0 0 0 0
 0.463077 0.371075 0.160297 0.00555027 0
 0.529543 0.364841 0.0842815 0.0213345 0
 0.631943 0.363953 0.00410389 0 0
 0.735681 0.248677 0.0153453 0.000297389 0
 0.695825 0.281241 0.0229344 0 0
 0.275771 0.60734 0.115278 0.00161068 0
 0 0 0 0 0
 0.896147 0.0623911 0.0374545 0.00400742 0
 0.803859 0.145111 0.0509908 3.86294e-05 0
 0.739449 0.233085 0.0266225 0.000797448 4.60066e-05
 0.878498 0.100942 0.0204185 0.000141795 0
 0.694673 0.275183 0.0284847 0.00165964 0
 0.469039 0.446079 0.0841089 0.000773354 0
 0.822795 0.102175 0.0682046 0.00682512 0
 0 0 0 0 0
ppred_PELACES
 0.0572196 0.553015 0.342125 0.0476386 2.05873e-06
 0.152415 0.0939379 0.477292 0.243602 0.0327537
 0.0706635 0.273855 0.0870102 0.364723 0.203749
 0.416122 0.095528 0.167714 0.0439611 0.276674
 0.857068 0.0914904 0.0100728 0.0145894 0.0267791
 0.403407 0.552207 0.0306222 0.00278138 0.0109828
 0.900593 0.0606075 0.0364146 0.00166594 0.000719244
 0.726769 0.26173 0.00753201 0.00373344 0.000235657
 0.83535 0.142179 0.0216937 0.000515039 0.000261961
 0.741579 0.239759 0.0165117 0.00207845 7.17214e-05
 0.571314 0.369773 0.0553716 0.00314595 0.00039548
 0.632128 0.279363 0.078246 0.00966636 0.000596516
 0.800274 0.160749 0.0309265 0.00714618 0.000904693
 0.938545 0.0562648 0.00433003 0.000687263 0.000172624
 0.916434 0.08211 0.00135356 8.59369e-05 1.64567e-05
 0.727943 0.264961 0.00699359 9.5111e-05 6.93991e-06
 0.663706 0.290595 0.0447123 0.000973632 1.37121e-05
 0.781276 0.181216 0.0332036 0.00421478 8.98591e-05
 0.721065 0.250363 0.0244186 0.00369112 0.000461994
 0.612463 0.33085 0.0518316 0.00417056 0.00068441
 0.725914 0.214567 0.0521679 0.00674242 0.000609244
 0.635034 0.310592 0.0442829 0.00888231 0.00120797
 0.649786 0.275809 0.0650693 0.00765369 0.00168261
 0.698697 0.241631 0.048849 0.00950766 0.00131566
 0.169792 0.692693 0.114364 0.0190739 0.00407741
 0.634928 0.109062 0.220167 0.0299881 0.0058549
 0.135007 0.701011 0.0560247 0.0933056 0.0146514
pobs_pel_tallas
 0 0 0 0 0 0 0 0 0 0 0 0 0 0 0 0 0 0 0 0 0 0 0 0 0 0 0 0 0 0 0 0 0 0 0 0
 0 0 0 0 0 0 0 0 0 0 0 0 0 0 0 0 0 0 0 0 0 0 0 0 0 0 0 0 0 0 0 0 0 0 0 0
 0 0 0 0 0 0 0 0 0 0 0 0 0 0 0 0 0 0 0 0 0 0 0 0 0 0 0 0 0 0 0 0 0 0 0 0
 0 0 0 0 0 0 0 0 0 0 0 0 0 0 0 0 0 0 0 0 0 0 0 0 0 0 0 0 0 0 0 0 0 0 0 0
 0 0 0 0 0 0 0 0 0 0 0 0 0 0 0 0 0 0 0 0 0 0 0 0 0 0 0 0 0 0 0 0 0 0 0 0
 0 0 0 0 0 0 0 0 0 0 0 0 0 0 0 0 0 0 0 0 0 0 0 0 0 0 0 0 0 0 0 0 0 0 0 0
 0 0 0 0 0 0 0 0 0 0 0 0 0 0 0 0 0 0 0 0 0 0 0 0 0 0 0 0 0 0 0 0 0 0 0 0
 0 0 0 0 0 0 0 0 0 0 0 0 0 0 0 0 0 0 0 0 0 0 0 0 0 0 0 0 0 0 0 0 0 0 0 0
 0 0 0 0 0 0 0 0 0 0 0 0 0 0 0 0 0 0 0 0 0 0 0 0 0 0 0 0 0 0 0 0 0 0 0 0
 0 0 0 0 0 0 0 0 0 0 0 0 0 0 0 0 0 0 0 0 0 0 0 0 0 0 0 0 0 0 0 0 0 0 0 0
 0 0 0 0 0 0 0 0 1.78061e-05 0.00172719 0.00360574 0.0105946 0.0120993 0.0124554 0.0147524 0.0171206 0.0266825 0.0428682 0.0675386 0.121331 0.153587 0.119568 0.100827 0.0573624 0.0630603 0.0341343 0.0324427 0.0444173 0.0211091 0.0280891 0.0125444 0.00206551 0 0 0 0
 0 0 0 0 0 0 0 0 0 0 0 0 0 0 0 0 0 0 0 0 0 0 0 0 0 0 0 0 0 0 0 0 0 0 0 0
 0 0 0 0 0 0 0.0133647 0.0140871 0.0187388 0.0205184 0.03894 0.0496705 0.03968 0.0493445 0.0407372 0.0367815 0.0215668 0.0243155 0.0234873 0.0199281 0.019796 0.0243948 0.0301388 0.0376714 0.0412746 0.0863199 0.0771752 0.113111 0.0741005 0.0525337 0.0229764 0.00759418 0.00175318 0 0 0
 0 0 0 0 0 0 0 0 0 0 0.00219441 0.00772107 0.0458388 0.0604681 0.0671733 0.0775358 0.0609151 0.0617685 0.073594 0.0568108 0.0755445 0.0548602 0.0670107 0.0636378 0.0643287 0.046367 0.0373049 0.0286899 0.0247887 0.0153202 0.00654259 0.00121912 0.000365735 0 0 0
 0 0 0 0 0 0 0 0 0 0 0 0 0.000112435 0.00938835 0.0111873 0.0202946 0.0414886 0.0713402 0.111592 0.104902 0.108894 0.110636 0.117776 0.105296 0.107544 0.0401394 0.0192827 0.0124803 0.00416011 0.0028671 0.000618394 0 0 0 0 0
 0 0 0 0 0 0 0 0 0 0 0.00291406 0.0102884 0.027416 0.0768956 0.0749926 0.110853 0.0956884 0.0897413 0.0766577 0.0534642 0.0500743 0.0551293 0.0594112 0.0620874 0.0668451 0.0424026 0.0208742 0.0120726 0.0048766 0.00582813 0.00118941 0.000297354 0 0 0 0
 0 0.00264628 0.0354308 0.0461629 0.0458689 0.0383711 0.0214643 0.0164657 0.0346957 0.0420465 0.0363128 0.0245516 0.0311673 0.0291091 0.0169068 0.0133784 0.00837989 0.0085269 0.0148486 0.0160247 0.0276389 0.0546898 0.0760071 0.122758 0.109233 0.0665981 0.0333725 0.0166128 0.00676272 0.00308733 0.000882094 0 0 0 0 0
 0 0 0 0 0 0 0 0.000805153 0.000690131 0.00759144 0.0133425 0.0154129 0.00931677 0.000345066 0.00356568 0.00563607 0.00851162 0.0253048 0.0502646 0.0516448 0.0657925 0.0565908 0.0611916 0.0827007 0.0866115 0.110766 0.145733 0.0935128 0.0569358 0.0249597 0.0138026 0.00621118 0.00161031 0.00115022 0 0
 0 0 0 0 0 0 0 0 0 0 0 0 0 0 0 0 0 0 0 0 0 0 0 0 0 0 0 0 0 0 0 0 0 0 0 0
 0.00147267 0.00158595 0.00478618 0.00569244 0.00954404 0.0108468 0.00647125 0.017049 0.0510054 0.094081 0.124002 0.0959785 0.0687766 0.0820023 0.061753 0.0591476 0.0492212 0.0479892 0.0443925 0.0268479 0.0217502 0.0140895 0.0121071 0.0120363 0.00920419 0.00665534 0.0049561 0.00860946 0.00930331 0.0156896 0.0114698 0.00855282 0.00243557 0.00046729 0 2.83206e-05
 0 0 0 0 0.000772559 0.00158375 0.000888443 0.00281984 0.00712685 0.0440552 0.0773331 0.111326 0.0921469 0.0852325 0.0710754 0.0886704 0.0786465 0.0553345 0.0373146 0.0185414 0.00753245 0.00457741 0.012979 0.0271748 0.0457355 0.0583668 0.034881 0.0177882 0.00938659 0.00492506 0.0015258 0.00185414 0.000309023 5.79419e-05 3.86279e-05 0
 0 0.00173294 0.00326652 0 0.00397197 0.00683976 0.00946217 0.0152591 0.00757587 0.0136028 0.0228656 0.0392903 0.0559909 0.0764795 0.0681675 0.0726916 0.0566044 0.0477403 0.0527397 0.0444891 0.0609904 0.0582453 0.0661739 0.0445044 0.0529084 0.0360697 0.0280645 0.0235558 0.0158879 0.00826598 0.00280645 0.00217768 0.000904811 0.00058276 9.20147e-05 0
 0 0 0 0 0 0 0 0 0 0 0 0 0 0 0 0 0 0 0 0 0 0 0 0 0 0 0 0 0 0 0 0 0 0 0 0
 0 0 0 0 0 0 0 0 0 0 0 0 0 0 0 0 0 0 0 0 0 0 0 0 0 0 0 0 0 0 0 0 0 0 0 0
 0 0 0 0 0 0 0 0 0 0 0 0 0 0 0 0 0 0 0 0 0 0 0 0 0 0 0 0 0 0 0 0 0 0 0 0
 0 0 0 0 0 0 0 0 0 0 0 0 0 0 0 0 0 0 0 0 0 0 0 0 0 0 0 0 0 0 0 0 0 0 0 0
 0 0 0 0 0 0 0 0 0 0 0 0 0 0 0 0 0 0 0 0 0 0 0 0 0 0 0 0 0 0 0 0 0 0 0 0
ppred_pel_tallas
 1.06674e-16 2.53092e-06 1.47672e-05 7.00155e-05 0.00026926 0.000839384 0.00212082 0.00434401 0.00721798 0.00974596 0.0107438 0.0098059 0.0077382 0.00596931 0.00562067 0.00713491 0.010518 0.0156685 0.0224645 0.0306674 0.039815 0.0492001 0.0579513 0.0651881 0.0701998 0.0725878 0.0723272 0.0697278 0.0653195 0.0597064 0.0534404 0.0469492 0.0405247 0.0343507 0.0285479 0.023208
 1.16707e-16 6.66329e-06 3.90701e-05 0.000185647 0.00071463 0.00222837 0.00562872 0.0115181 0.0190963 0.0256578 0.0279525 0.0247318 0.0178709 0.0107728 0.0058871 0.00375912 0.00377835 0.00522642 0.0077254 0.0111822 0.015607 0.0209895 0.0272422 0.0341812 0.0415256 0.048908 0.0558949 0.0620179 0.0668163 0.0698893 0.0709511 0.069878 0.0667373 0.061784 0.0554303 0.0481854
 1.23377e-16 3.10431e-06 1.8163e-05 8.62247e-05 0.000331781 0.00103444 0.00261316 0.00534916 0.00887574 0.011947 0.0130722 0.0117009 0.00874828 0.00586021 0.00426416 0.00432272 0.00586491 0.00864575 0.0125212 0.0173926 0.0231084 0.0294196 0.0359974 0.0424893 0.048585 0.0540629 0.0588011 0.0627467 0.0658638 0.0680829 0.0692779 0.0692826 0.067939 0.0651588 0.060974 0.0555589
 1.16851e-16 1.81612e-05 0.000106575 0.00050658 0.00195031 0.00608181 0.0153621 0.0314332 0.052105 0.0699785 0.0761586 0.0671965 0.0481441 0.028186 0.0138532 0.00642007 0.00394795 0.00416177 0.00570417 0.00802988 0.0109668 0.0144353 0.0183447 0.0225739 0.026979 0.0314024 0.0356763 0.0396214 0.043044 0.0457407 0.0475137 0.0481967 0.0476871 0.0459708 0.0431358 0.039367
 1.01926e-16 3.73885e-05 0.000219456 0.00104323 0.00401655 0.0125253 0.0316378 0.0647342 0.107301 0.144092 0.156775 0.138224 0.0988094 0.0573911 0.027339 0.0111664 0.0047431 0.00322676 0.00366235 0.0047851 0.0061389 0.00751801 0.00876738 0.00975133 0.0103716 0.0105877 0.0104238 0.0099575 0.00929566 0.0085451 0.00778899 0.00707491 0.00641592 0.00580105 0.00520959 0.00462356
 1.01224e-16 1.76255e-05 0.000103388 0.000491332 0.00189144 0.0058981 0.0148987 0.0304883 0.0505513 0.0679303 0.0740304 0.0655588 0.0474933 0.028855 0.0161277 0.0107173 0.0108958 0.0145297 0.0202252 0.0271635 0.0346516 0.0418906 0.0479884 0.0521101 0.0536654 0.0524529 0.0487092 0.0430415 0.0362722 0.0292471 0.0226682 0.0169955 0.0124292 0.00895546 0.00642458 0.00463062
 1.00628e-16 3.92852e-05 0.000230594 0.00109619 0.00422046 0.0131612 0.0332439 0.0680203 0.112747 0.151402 0.16472 0.14521 0.103761 0.060181 0.0285071 0.0113651 0.00440058 0.00251593 0.00260658 0.00335847 0.00432338 0.00532942 0.00626335 0.00702606 0.00753993 0.00776246 0.00769299 0.00736813 0.00684905 0.00620502 0.0054992 0.0047803 0.004081 0.00342098 0.00281178 0.00226096
 1.00332e-16 3.17138e-05 0.000186125 0.000884734 0.00340624 0.010622 0.0268305 0.0548994 0.0910045 0.122225 0.133025 0.117388 0.0841381 0.0493212 0.0243413 0.0114079 0.00709294 0.00733806 0.00962996 0.0128077 0.0163032 0.0196801 0.0225045 0.0243797 0.0250281 0.0243581 0.0224878 0.0197118 0.0164273 0.0130415 0.00989218 0.00719977 0.00505894 0.00346027 0.00232803 0.00155851
 1.00385e-16 3.64436e-05 0.000213904 0.00101682 0.00391486 0.0122082 0.0308368 0.0630958 0.104587 0.140452 0.152826 0.134773 0.096406 0.0561245 0.0269779 0.0114383 0.00550066 0.00445822 0.00542699 0.00714628 0.00911579 0.0110549 0.0127195 0.0138902 0.0144093 0.0142167 0.013363 0.0119934 0.0103095 0.00852154 0.00680702 0.00528597 0.0040162 0.00300403 0.00222274 0.00163108
 1.00388e-16 3.23587e-05 0.000189913 0.000902748 0.00347561 0.0108383 0.0273769 0.0560172 0.0928567 0.12471 0.135724 0.119754 0.0858021 0.0502317 0.0246704 0.0113614 0.00679661 0.00682884 0.00889567 0.0118265 0.0150693 0.0182175 0.0208721 0.022668 0.023347 0.0228198 0.0211875 0.0187121 0.0157503 0.0126698 0.00977705 0.00727488 0.00525379 0.00371157 0.00258663 0.0017919
 1.01034e-16 2.49397e-05 0.000146345 0.000695593 0.00267796 0.00835088 0.0210939 0.0431628 0.0715543 0.096117 0.104651 0.0924445 0.0664688 0.0393846 0.0202213 0.010792 0.00847764 0.0101428 0.0138205 0.0185365 0.0236999 0.0287485 0.0330791 0.036125 0.0374775 0.0369803 0.0347656 0.0312108 0.0268402 0.0221999 0.0177508 0.0138041 0.0105092 0.00788172 0.00585177 0.00431182
 1.01562e-16 2.75879e-05 0.0001619 0.000769563 0.0029628 0.00923915 0.0233375 0.0477527 0.0791595 0.106321 0.115731 0.102161 0.0732995 0.0431197 0.0215656 0.010589 0.00724082 0.0080199 0.0107566 0.0144367 0.0185346 0.0226121 0.0262119 0.0289009 0.0303559 0.0304357 0.0292082 0.026922 0.0239362 0.0206324 0.0173381 0.0142821 0.0115859 0.00928378 0.00735457 0.00575321
 1.0078e-16 3.49149e-05 0.000204928 0.000974144 0.00375052 0.0116957 0.0295423 0.0604473 0.100197 0.13456 0.146421 0.129139 0.0924085 0.0538626 0.0260133 0.011241 0.00572117 0.0049543 0.00618053 0.00818494 0.0104688 0.0127325 0.0147045 0.0161367 0.0168486 0.0167671 0.0159416 0.0145267 0.0127396 0.010808 0.00892426 0.00721901 0.00575657 0.00454708 0.00356684 0.00277818
 1.00112e-16 4.09399e-05 0.000240309 0.00114237 0.00439829 0.0137157 0.0346447 0.0708864 0.117497 0.15778 0.171656 0.151318 0.108112 0.0626763 0.0296349 0.0117178 0.00437913 0.00229814 0.00223167 0.00280492 0.00354936 0.00428977 0.00491789 0.00534586 0.00551271 0.00539713 0.00502234 0.00444929 0.00376103 0.00304324 0.00236743 0.00178088 0.0013048 0.000938894 0.000669096 0.000475512
 1.0005e-16 3.99768e-05 0.000234653 0.00111548 0.00429472 0.0133928 0.0338289 0.0692173 0.114731 0.154069 0.167625 0.147779 0.105616 0.0612959 0.0291068 0.0117263 0.00472652 0.00291894 0.00313565 0.00402118 0.00509148 0.00613722 0.00700877 0.00757978 0.00776333 0.00753153 0.00692261 0.00603055 0.00498161 0.00390522 0.00290858 0.00206168 0.00139439 0.00090327 0.000563516 0.00034116
 1.0019e-16 3.17651e-05 0.000186426 0.000886165 0.00341175 0.0106392 0.0268739 0.0549882 0.0911518 0.122423 0.133242 0.11758 0.0842789 0.0494098 0.0243963 0.0114523 0.00714495 0.00740963 0.00972815 0.0129356 0.0164593 0.0198574 0.0226901 0.0245553 0.0251724 0.0244498 0.0225088 0.0196506 0.0162805 0.0128144 0.00959746 0.00685562 0.00468617 0.00307977 0.00195854 0.00121513
 1.00764e-16 2.89652e-05 0.000169986 0.000807999 0.00311078 0.00970063 0.0245032 0.0501378 0.0831131 0.111631 0.121509 0.107257 0.0769455 0.0452441 0.0225888 0.0110236 0.00744451 0.0081666 0.0109019 0.0145757 0.0186284 0.0225954 0.0259982 0.0283905 0.0294506 0.0290553 0.0273079 0.0245053 0.0210594 0.0174001 0.0138906 0.0107766 0.00817677 0.00610446 0.00450544 0.00329555
 1.0068e-16 3.40873e-05 0.000200067 0.000951033 0.00366153 0.0114182 0.0288414 0.0590133 0.097821 0.131371 0.142957 0.126097 0.0902618 0.0526718 0.0255514 0.0112347 0.00599873 0.00545742 0.00691625 0.0091783 0.0117336 0.0142556 0.0164398 0.0180064 0.0187525 0.0185975 0.0176001 0.0159387 0.0138629 0.0116342 0.00947398 0.00753282 0.0058849 0.00454147 0.00347382 0.00263595
 1.00577e-16 3.14647e-05 0.000184663 0.000877788 0.0033795 0.0105386 0.0266198 0.0544684 0.0902898 0.121264 0.131978 0.11646 0.0834641 0.0489086 0.0241058 0.0112452 0.00692461 0.00711793 0.00933561 0.0124342 0.0158627 0.0192038 0.0220427 0.023997 0.0247947 0.0243378 0.0227254 0.0202238 0.0171979 0.0140252 0.0110214 0.0083966 0.0062469 0.00457419 0.00332042 0.00240189
 1.01019e-16 2.67324e-05 0.000156874 0.000745654 0.00287072 0.00895201 0.0226123 0.0462692 0.0767021 0.103026 0.112158 0.0990382 0.0711285 0.0419823 0.0212546 0.0108599 0.00796221 0.00918073 0.0124062 0.0166221 0.0212557 0.0257941 0.0296958 0.0324538 0.0337011 0.0332964 0.0313555 0.0282132 0.0243353 0.0202078 0.0162405 0.0127107 0.00975222 0.00738008 0.00553383 0.00412006
 1.01071e-16 3.16747e-05 0.0001859 0.000883671 0.00340216 0.0106093 0.0267983 0.0548333 0.0908938 0.122072 0.13285 0.11721 0.0839603 0.0491163 0.0240546 0.0109663 0.00641472 0.00634202 0.00824914 0.011009 0.0141096 0.0171877 0.0198871 0.0218756 0.0229081 0.022881 0.0218529 0.0200222 0.0176719 0.015101 0.0125647 0.0102392 0.00821562 0.00651503 0.00511448 0.00397195
 1.01092e-16 2.77158e-05 0.000162649 0.000773114 0.00297646 0.00928175 0.0234451 0.0479732 0.0795257 0.106816 0.116275 0.102656 0.0736857 0.0434095 0.0218255 0.0109039 0.00768956 0.00866704 0.0116485 0.0155931 0.0199369 0.0241924 0.0278513 0.0304386 0.0316113 0.0312388 0.0294309 0.026503 0.0228921 0.019053 0.0153679 0.0120936 0.00935153 0.00715233 0.00543639 0.00411459
 1.01356e-16 2.83577e-05 0.00016642 0.000791051 0.00304553 0.00949715 0.0239892 0.0490861 0.0813695 0.109288 0.118958 0.105002 0.0753212 0.0442758 0.0220818 0.010739 0.00720884 0.00788612 0.0105371 0.0141203 0.0181026 0.0220465 0.0254996 0.0280359 0.0293414 0.0292841 0.0279411 0.0255695 0.0225351 0.0192235 0.0159637 0.0129823 0.0103956 0.00822916 0.00645158 0.00500675
 1.01161e-16 3.0489e-05 0.000178936 0.00085056 0.00327467 0.0102117 0.0257941 0.0527788 0.0874891 0.117503 0.127885 0.112849 0.08088 0.0474013 0.0233766 0.0109302 0.00676901 0.0069973 0.00920944 0.0123052 0.0157589 0.019173 0.0221489 0.0243146 0.0253979 0.0252878 0.0240572 0.0219371 0.0192529 0.0163462 0.0135061 0.01093 0.0087157 0.00688024 0.00538974 0.00418906
 1.02695e-16 7.44469e-06 4.36039e-05 0.000207083 0.000796962 0.00248497 0.00627758 0.01285 0.0213201 0.0286922 0.0313807 0.0280555 0.0209024 0.0138521 0.0098125 0.00958619 0.0126543 0.0182682 0.0258595 0.0349047 0.0447025 0.0542991 0.062585 0.0685021 0.0712805 0.0706188 0.0667501 0.0603634 0.0524197 0.0439221 0.0357162 0.0283736 0.0221698 0.017138 0.0131581 0.0100451
 1.04465e-16 2.77034e-05 0.000162593 0.00077289 0.00297566 0.00927931 0.0234387 0.0479587 0.0794964 0.10676 0.116173 0.102465 0.0733316 0.0427659 0.0207029 0.0090449 0.00478072 0.0043755 0.0056885 0.00781724 0.010434 0.013364 0.0164328 0.0194448 0.0222016 0.0245277 0.0262878 0.0273928 0.0277975 0.0274947 0.0265113 0.0249078 0.02278 0.020257 0.0174934 0.0146552
 1.04915e-16 5.92797e-06 3.46994e-05 0.00016475 0.000633968 0.00197668 0.00499369 0.0102231 0.0169662 0.0228463 0.0250227 0.0224558 0.0169121 0.0115599 0.00876817 0.00924158 0.0126329 0.0183926 0.0260723 0.0351969 0.0450773 0.0547614 0.0631412 0.0691651 0.0720763 0.0715921 0.0679655 0.0619003 0.0543608 0.0463355 0.0386375 0.0317904 0.026015 0.0212923 0.0174635 0.0143254
pSPR Fmed_Fpbrs
0.469235   0.6 0.325
Fs Fmed_Fpbrs
0.64   0.373939 1.22805
SSBpbr Bo_Bmed_Bpbrs
653990  274176  359695 179847
Ro
18033.7
SPR SPRFo_SPRFmed_SPRFpbrs
372473 174777 121054
log_Ro
9.62
likeval ReclasPelacesDesembMPH_pf_preclas_ppelaces_ptallas_desvR_qrecl_qpela
 82.9831 11.2837 0.279497 36.2775 400.455 225.64 59.9327 0 44.3964 3.39069e-05 0.000318284 3.02749e-15 0 0 0
q_reclas_q_pelaces
2.2822 12.6565
M
0.7
N
 9202.74 42342.4 20729.8 2768.79 0.118868
 13949.8 4504.21 18110.6 8866.52 1184.32
 1767.31 6743.51 1695.54 6817.46 3783.47
 4600.81 787.316 1093.85 275.03 1719.56
 39447.7 2124.81 185.125 257.202 468.996
 12185.5 19162.4 840.924 73.266 287.404
 60594.5 5321.15 2530.03 111.028 47.6195
 52939.5 26027.4 592.732 281.824 17.672
 77709.2 22606.7 2729.65 62.1634 31.41
 112822 32232.2 1756.62 212.103 7.27098
 63964.3 50969.7 6039.98 329.172 41.1084
 52379.2 27682.5 6135.79 727.099 44.5747
 50771.1 22754.2 3464.31 767.859 96.5706
 30119.9 20344.5 1239 188.637 47.0696
 13571 9786.26 127.664 7.77488 1.47908
 9166.5 4605.67 96.2016 1.25497 0.0909691
 6156.67 3908.74 475.936 9.94118 0.139086
 7939.65 2608.63 378.244 46.0557 0.975455
 9678.67 3374.29 260.438 37.7629 4.69546
 7833.59 4300.8 533.192 41.1534 6.70909
 16223.6 3475.46 668.689 82.9008 7.44167
 21216.5 7519.94 848.459 163.246 22.0552
 30051 9834.34 1836.05 207.158 45.2428
 52420.9 13818.1 2210.66 412.726 56.7371
 9248.22 24140 3153.96 504.58 107.154
 29345 4356.47 6959.61 909.292 176.364
 1673.65 13295.3 840.864 1343.31 209.548
pred_Ctot
 95.2739 4259.48 2085.34 278.53 0.0119577
 266.517 796.344 3201.96 1567.6 209.387
 131.601 3475.37 873.82 3513.48 1949.87
 232.526 310.996 432.081 108.639 679.239
 618.741 314.323 27.3856 38.048 69.3787
 1065.08 10882.1 477.552 41.6069 163.214
 5933.52 3220.29 1531.14 67.1926 28.8187
 5379.42 16065.5 365.867 173.958 10.9081
 9302.4 15137.4 1827.77 41.6245 21.0321
 7362.22 15243.4 830.747 100.309 3.43862
 5957.57 30010 3556.22 193.81 24.2038
 4752.66 16061.1 3559.93 421.856 25.8618
 7137.09 16340.5 2487.83 551.424 69.3504
 7672.65 17426.2 1061.28 161.578 40.3177
 3157.92 8222.59 107.266 6.5326 1.24275
 939.725 2856.11 59.6575 0.778247 0.0564126
 655.773 2472.3 301.032 6.28785 0.0879724
 830.622 1634.83 237.046 28.8632 0.611319
 736.769 1763.21 136.09 19.7327 2.45358
 604.329 2266.1 280.939 21.6838 3.53503
 780.013 1322.87 254.525 31.5547 2.83254
 1019.9 2861.98 322.911 62.129 8.39387
 1607.12 4048.3 755.811 85.2765 18.6242
 2751.23 5611.13 897.686 167.596 23.0393
 342.909 7510.99 981.332 156.997 33.3403
 1859.11 2019.59 3226.37 421.534 81.7597
 185.513 8579.35 542.601 866.824 135.219
F
 0.014488 0.149289 0.149289 0.149289 0.149289
 0.0268831 0.277013 0.277013 0.277013 0.277013
 0.108583 1.11887 1.11887 1.11887 1.11887
 0.0725518 0.747599 0.747599 0.747599 0.747599
 0.0220232 0.226934 0.226934 0.226934 0.226934
 0.128559 1.32472 1.32472 1.32472 1.32472
 0.145056 1.4947 1.4947 1.4947 1.4947
 0.150905 1.55498 1.55498 1.55498 1.55498
 0.180007 1.85485 1.85485 1.85485 1.85485
 0.0945782 0.974566 0.974566 0.974566 0.974566
 0.137524 1.41709 1.41709 1.41709 1.41709
 0.133758 1.37829 1.37829 1.37829 1.37829
 0.214516 2.21044 2.21044 2.21044 2.21044
 0.424206 4.37116 4.37116 4.37116 4.37116
 0.380644 3.92229 3.92229 3.92229 3.92229
 0.15234 1.56976 1.56976 1.56976 1.56976
 0.158713 1.63543 1.63543 1.63543 1.63543
 0.155683 1.60421 1.60421 1.60421 1.60421
 0.111124 1.14506 1.14506 1.14506 1.14506
 0.112694 1.16124 1.16124 1.16124 1.16124
 0.0689088 0.71006 0.71006 0.71006 0.71006
 0.0688971 0.709939 0.709939 0.709939 0.709939
 0.076918 0.79259 0.79259 0.79259 0.79259
 0.0754362 0.77732 0.77732 0.77732 0.77732
 0.0527687 0.543747 0.543747 0.543747 0.543747
 0.0917077 0.944987 0.944987 0.944987 0.944987
 0.165656 1.70697 1.70697 1.70697 1.70697
Np
 12055 5773 240.608 409.222 34.7238
YTP_r0W_actual
 352.487 65830.1 6052.39 12347.9 2137.54
YTP_p0W_proyectada
 2538.89 3486.91 8621.15 696.316 1345.65
 2538.89 28584.2 1731.85 3761.61 354.208
CTP_r0_actual
 42.9862 3047.69 192.751 307.927 48.0347
CTP_p0_proyectada
 309.621 161.431 274.559 17.3645 30.2394
 309.621 1323.34 55.1546 93.8058 7.95974
Wmedp
 8.2 21.6 31.4 40.1 44.5
nmprior
 10.8 10.6 4.6 0
nm_flota  nm_reclas  nm_pelaces    nm_pelaL
inf 25.2696 11.4658 30.4206
cv_recla  cv_pelaces  cv_mph
0.788907 0.367974 0.482921
 ------------------------------------------------
Talla a la edad & desviaci?n 
 7.2 14.2025 17.0495 18.207 18.6776
 1.08 2.13037 2.55742 2.73105 2.80164
