years
 1997 1998 1999 2000 2001 2002 2003 2004 2005 2006 2007 2008 2009 2010 2011 2012 2013 2014 2015 2016 2017 2018 2019 2020 2021 2022 2023
reclasobs
 0 0 0 370054 412103 1.49427e+06 250295 1.28982e+06 931140 785840 897777 1.04006e+06 184774 17550 25797 100020 73551 82996 120727 218422 84188 347160 605670 569463 516374 1.08416e+06 1.01767e+06
reclaspred
 445890 122359 354385 239465 338366 398381 854867 602410 759012 765649 641272 437396 255999 108833 75678.8 71159.3 72904.8 98521.9 118670 172449 263476 267973 481754 607840 732282 658277 652807
pelacesobs
 0 0 0 0 0 0 0 0 0 2.06254e+06 1.5e+06 0 1.87456e+06 323000 250000 174000 83755 137374 0 501740 490994 745055 786931 1.00524e+06 1.33801e+06 1.41789e+06 0
pelacespred
 1.85559e+06 376663 724677 728868 913244 801427 2.22615e+06 1.7769e+06 2.14051e+06 2.08427e+06 1.49113e+06 1.05284e+06 621864 213471 159773 152922 163405 231736 271447 396593 708629 656368 971393 1.43274e+06 1.62376e+06 1.62297e+06 1.5587e+06
mphobs
 0 0 0 0 0 0 112323 0 153150 637223 0 255016 313432 73983 77613 109348 50772 17779 17303 59886 28197 0 207744 136588 643089 65757 70829
mphpred
 148096 88298 106030 116291 121965 183038 262028 316885 293262 343695 336707 236280 140405 110943 50025.6 44885.3 42901.5 53032.6 26404.6 32744.7 52728.8 68804.9 92309.2 136315 174581 167422 148097
desembarqueobs
 350755 77701 442110 56441 14545 235359 269955 359681 431902 328805 639364 411747 362871 311530 167758 66681 60226 58785 57116 73181 50977 67692 138656 160484 209506 203330 245020
desembarquepred
 350772 77707.2 442185 56446 14545.4 235486 270025 359714 431928 328853 639580 411945 363275 311898 167710 66705.7 60278.9 58789.5 57101.8 73185.2 50979.3 67683.1 138666 160500 209539 203351 245017
Reclutas
 42446.6 50236.9 29002.7 38762.4 61419.6 44302 82261.5 84590.3 127719 121517 65756.8 43014.5 40975.4 25728.2 17129.8 13284.5 9298.52 13194.7 17522.1 24336.9 35195.9 51832.1 72298.4 94420.6 36352.7 51892.3 98875.8
log_desv_Rt
 0.0160015 0.184504 -0.364857 -0.0747938 0.385485 0.0587842 0.677658 0.705575 1.11758 1.06781 0.453719 0.0292927 -0.0192724 -0.484658 -0.891427 -1.14564 -1.50239 -1.15243 -0.868784 -0.54025 -0.171315 0.215765 0.548558 0.815515 -0.138976 0.216926 0.86162
SSB
 476857 284313 341408 374449 392720 589370 820548 1.00864e+06 922797 1.08445e+06 1.08417e+06 760805 467284 229861 108255 97157.7 97430.6 114485 151666 197717 300989 382930 527763 745178 1.0422e+06 1.02842e+06 857026
BT
 1.7404e+06 426218 807061 629567 724831 815543 1.92528e+06 1.79489e+06 2.0653e+06 1.94169e+06 1.73775e+06 1.19743e+06 837406 456789 261670 173911 178258 228404 260295 368283 595632 576319 854605 1.25439e+06 1.43319e+06 1.44904e+06 1.432e+06
Ftot
 0.880974 0.719081 1.1135 0.218898 0.042882 0.455776 0.29722 0.582554 0.611552 0.415189 0.786704 0.698873 1.137 2.34551 2.37063 0.907852 0.786131 0.593702 0.458544 0.416245 0.192584 0.22685 0.246633 0.243843 0.213901 0.221464 0.327081
BD_Bspro_t
 0.918276 0.671537 0.615311 0.457881 0.596599 0.741336 0.68693 0.704852 0.653446 0.644448 0.61525 0.45685 0.345233 0.231307 0.13905 0.151662 0.202911 0.297675 0.417248 0.541383 0.664492 0.766511 0.791144 0.796307 0.804465 0.75421 0.717719
BD_Bspro
 0.552696 0.32953 0.395704 0.434001 0.455178 0.683103 0.951047 1.16905 1.06956 1.25692 1.2566 0.881802 0.5416 0.266418 0.125472 0.112609 0.112926 0.132693 0.175787 0.229162 0.348857 0.44383 0.611698 0.86369 1.20795 1.19198 0.993326
BD_Bo
 0.405169 0.241571 0.290082 0.318156 0.33368 0.500767 0.69719 0.857003 0.784067 0.921419 0.921183 0.646428 0.397034 0.195305 0.0919803 0.0825514 0.0827833 0.0972742 0.128865 0.167993 0.255739 0.325362 0.448422 0.633151 0.885521 0.87381 0.728184
BD_Brms
 0.73667 0.43922 0.527421 0.578466 0.606691 0.910485 1.26762 1.55819 1.42558 1.67531 1.67488 1.17532 0.721881 0.3551 0.167237 0.150093 0.150515 0.176862 0.2343 0.305443 0.46498 0.591567 0.815312 1.15118 1.61004 1.58875 1.32397
S_f
 0.119315 0.72021 0.979963 0.998925 0.999943
 0.119315 0.72021 0.979963 0.998925 0.999943
 0.119315 0.72021 0.979963 0.998925 0.999943
 0.119315 0.72021 0.979963 0.998925 0.999943
 0.119315 0.72021 0.979963 0.998925 0.999943
 0.119315 0.72021 0.979963 0.998925 0.999943
 0.119315 0.72021 0.979963 0.998925 0.999943
 0.119315 0.72021 0.979963 0.998925 0.999943
 0.119315 0.72021 0.979963 0.998925 0.999943
 0.119315 0.72021 0.979963 0.998925 0.999943
 0.119315 0.72021 0.979963 0.998925 0.999943
 0.119315 0.72021 0.979963 0.998925 0.999943
 0.119315 0.72021 0.979963 0.998925 0.999943
 0.119315 0.72021 0.979963 0.998925 0.999943
 0.119315 0.72021 0.979963 0.998925 0.999943
 0.119315 0.72021 0.979963 0.998925 0.999943
 0.119315 0.72021 0.979963 0.998925 0.999943
 0.119315 0.72021 0.979963 0.998925 0.999943
 0.119315 0.72021 0.979963 0.998925 0.999943
 0.119315 0.72021 0.979963 0.998925 0.999943
 0.119315 0.72021 0.979963 0.998925 0.999943
 0.119315 0.72021 0.979963 0.998925 0.999943
 0.119315 0.72021 0.979963 0.998925 0.999943
 0.119315 0.72021 0.979963 0.998925 0.999943
 0.119315 0.72021 0.979963 0.998925 0.999943
 0.119315 0.72021 0.979963 0.998925 0.999943
 0.119315 0.72021 0.979963 0.998925 0.999943
Scru_reclas
 0.756331 1 1 1 1
 0.756331 1 1 1 1
 0.756331 1 1 1 1
 0.756331 1 1 1 1
 0.756331 1 1 1 1
 0.756331 1 1 1 1
 0.756331 1 1 1 1
 0.756331 1 1 1 1
 0.756331 1 1 1 1
 0.756331 1 1 1 1
 0.756331 1 1 1 1
 0.756331 1 1 1 1
 0.756331 1 1 1 1
 0.756331 1 1 1 1
 0.756331 1 1 1 1
 0.756331 1 1 1 1
 0.756331 1 1 1 1
 0.756331 1 1 1 1
 0.756331 1 1 1 1
 0.756331 1 1 1 1
 0.756331 1 1 1 1
 0.756331 1 1 1 1
 0.756331 1 1 1 1
 0.756331 1 1 1 1
 0.756331 1 1 1 1
 0.756331 1 1 1 1
 0.756331 1 1 1 1
Scru_pelaces
 1 1 1 1 1
 1 1 1 1 1
 1 1 1 1 1
 1 1 1 1 1
 1 1 1 1 1
 1 1 1 1 1
 1 1 1 1 1
 1 1 1 1 1
 1 1 1 1 1
 1 1 1 1 1
 1 1 1 1 1
 1 1 1 1 1
 1 1 1 1 1
 1 1 1 1 1
 1 1 1 1 1
 1 1 1 1 1
 1 1 1 1 1
 1 1 1 1 1
 1 1 1 1 1
 1 1 1 1 1
 1 1 1 1 1
 1 1 1 1 1
 1 1 1 1 1
 1 1 1 1 1
 1 1 1 1 1
 1 1 1 1 1
 1 1 1 1 1
pf_obs 
 0.256992 0.487395 0.22802 0.0275931 0
 0.321318 0.546541 0.124235 0.00734118 0.000564706
 0.182869 0.594174 0.210203 0.0122559 0.00049798
 0.330522 0.361315 0.267642 0.0388342 0.00168674
 0.649043 0.306663 0.0425973 0.00169635 0
 0.582887 0.30429 0.105238 0.00758474 0
 0.465427 0.430635 0.0974691 0.00646863 0
 0.296916 0.608066 0.0921331 0.00288517 0
 0.311714 0.524322 0.152257 0.0117073 0
 0.15457 0.633149 0.183074 0.0267441 0.00246327
 0.131901 0.49318 0.331252 0.0422183 0.00144891
 0.196976 0.569456 0.194076 0.0375587 0.00193317
 0.518974 0.381816 0.0799577 0.0180837 0.00116848
 0.0928022 0.601141 0.25162 0.0475244 0.00691264
 0.122501 0.610282 0.24278 0.0234846 0.000952079
 0.383417 0.481906 0.127806 0.00687128 0
 0.0376549 0.599619 0.316969 0.0457579 0
 0.0361596 0.667082 0.258105 0.0386534 0
 0.158088 0.579412 0.248529 0.0139706 0
 0.0477256 0.309471 0.559284 0.082774 0.000745712
 0.0406174 0.521527 0.379366 0.0568643 0.0016247
 0.151134 0.462217 0.34131 0.0453401 0
 0.294876 0.26143 0.354403 0.0886775 0.000613685
 0.281977 0.475581 0.204845 0.0348837 0.00271318
 0.0841818 0.532909 0.334909 0.0458182 0.00218182
 0.115287 0.27431 0.454777 0.147771 0.00785563
 0 0 0 0 0
pf_pred 
 0.353071 0.444927 0.180727 0.021261 1.39885e-05
 0.295932 0.563239 0.108923 0.0286319 0.00327455
 0.169387 0.615559 0.184596 0.0237008 0.00675721
 0.245927 0.456101 0.244905 0.0457562 0.00731051
 0.259204 0.472314 0.182412 0.0710004 0.0150692
 0.14944 0.549712 0.211988 0.0607393 0.0281207
 0.266378 0.377013 0.25863 0.0695226 0.0284563
 0.220935 0.536131 0.145411 0.0711545 0.0263693
 0.289465 0.459162 0.192535 0.0355769 0.0232615
 0.216044 0.568654 0.157216 0.0447582 0.0133284
 0.126102 0.546159 0.25947 0.0501631 0.0181053
 0.12725 0.445279 0.306979 0.0959458 0.0245456
 0.192801 0.423444 0.234759 0.107807 0.0411891
 0.220094 0.547102 0.150275 0.0511345 0.0313945
 0.286997 0.579847 0.110807 0.0146897 0.00765946
 0.26577 0.618424 0.104332 0.00962995 0.00184412
 0.185158 0.584663 0.205477 0.0223185 0.00238313
 0.269448 0.445773 0.226294 0.0523624 0.00612249
 0.274452 0.513127 0.148271 0.051239 0.0129119
 0.274103 0.503194 0.173156 0.034831 0.0147164
 0.267586 0.501806 0.176155 0.0425565 0.0118972
 0.260456 0.488304 0.188567 0.0481058 0.0145677
 0.250978 0.492257 0.187422 0.0523161 0.0170269
 0.2365 0.494611 0.195731 0.0537055 0.0194526
 0.0808902 0.578463 0.245105 0.0699465 0.025595
 0.143756 0.277727 0.406228 0.12469 0.0475994
 0.264721 0.372643 0.145246 0.1536 0.0637897
pobs_RECLAS
 0 0 0 0 0
 0 0 0 0 0
 0 0 0 0 0
 0 0 0 0 0
 0.835266 0.146461 0.0176864 0.000547809 3.91292e-05
 0.385257 0.428462 0.181853 0.0044286 0
 0.867414 0.0963971 0.0333333 0.00285562 0
 0.441836 0.489002 0.0689373 0.000224442 0
 0.779404 0.147425 0.0564933 0.0165055 0.000172143
 0.814271 0.122319 0.05973 0.00367925 0
 0.40263 0.566651 0.0304383 0.000280538 0
 0.475488 0.404961 0.113038 0.00651328 0
 0.955842 0.0263864 0.0167828 0.000988607 0
 0.975058 0.0227948 0.00214734 0 0
 0.738997 0.206755 0.0527124 0.00153531 0
 0.850938 0.134255 0.0134407 0.00136685 0
 0.542534 0.407297 0.0501686 0 0
 0.764087 0.199537 0.0359546 0.000420521 0
 0.470689 0.182191 0.310203 0.0369168 0
 0.84361 0.089868 0.0606195 0.00523954 0.000663233
 0.607945 0.314616 0.071237 0.00620181 0
 0.523733 0.453247 0.0230204 0 0
 0.530135 0.295979 0.169645 0.0042399 0
 0.562478 0.366248 0.0663022 0.0049721 0
 0.250443 0.683176 0.0655157 0.000865301 0
 0.195077 0.31981 0.436473 0.0351445 0.0134964
 0.565238 0.351407 0.0832357 0.000118908 0
ppred_RECLAS
 0.741303 0.195367 0.0567856 0.00653975 4.29791e-06
 0.678188 0.272882 0.0380216 0.00978961 0.00111837
 0.517852 0.386829 0.0820769 0.010307 0.0029351
 0.627087 0.252566 0.0992569 0.0181867 0.0029027
 0.63944 0.254828 0.0722813 0.0275986 0.00585159
 0.475699 0.375669 0.105357 0.02959 0.0136848
 0.659303 0.201927 0.101191 0.0266728 0.010906
 0.593238 0.306883 0.0602771 0.0289027 0.0106996
 0.679984 0.229543 0.0696324 0.0126071 0.00823405
 0.580868 0.328937 0.0662176 0.0184807 0.00549749
 0.434226 0.395848 0.135122 0.0255817 0.00922289
 0.44435 0.329138 0.163618 0.0500931 0.0128011
 0.575808 0.259465 0.101653 0.0456531 0.0174217
 0.63499 0.286549 0.0511746 0.0169163 0.0103698
 0.704289 0.257529 0.0319305 0.00411153 0.00214048
 0.644916 0.313249 0.0377697 0.00341249 0.000652745
 0.539884 0.358836 0.0906138 0.00963837 0.00102802
 0.66017 0.232674 0.0855049 0.0193867 0.00226434
 0.657283 0.263787 0.0554276 0.0187756 0.0047263
 0.657186 0.259547 0.0650307 0.0128237 0.00541239
 0.647542 0.264013 0.0678719 0.0160813 0.00449107
 0.641234 0.260983 0.0737494 0.0184512 0.00558172
 0.630174 0.268087 0.0746575 0.0204366 0.00664441
 0.612324 0.277797 0.080412 0.0216373 0.00782907
 0.310633 0.482518 0.149655 0.041884 0.0153104
 0.486547 0.204108 0.218492 0.0657711 0.0250817
 0.658892 0.200426 0.0570237 0.059128 0.02453
pobs_PELACES
 0 0 0 0 0
 0 0 0 0 0
 0 0 0 0 0
 0 0 0 0 0
 0 0 0 0 0
 0 0 0 0 0
 0 0 0 0 0
 0 0 0 0 0
 0 0 0 0 0
 0 0 0 0 0
 0.450072 0.473896 0.0757376 0.000293798 0
 0 0 0 0 0
 0.463077 0.371075 0.160297 0.00555027 0
 0.529543 0.364841 0.0842815 0.0213345 0
 0.631943 0.363953 0.00410389 0 0
 0.735681 0.248677 0.0153453 0.000297389 0
 0.695825 0.281241 0.0229344 0 0
 0.275771 0.60734 0.115278 0.00161068 0
 0 0 0 0 0
 0.896147 0.0623911 0.0374545 0.00400742 0
 0.803859 0.145111 0.0509908 3.86294e-05 0
 0.739449 0.233085 0.0266225 0.000797448 4.60066e-05
 0.878498 0.100942 0.0204185 0.000141795 0
 0.694673 0.275183 0.0284847 0.00165964 0
 0.469039 0.446079 0.0841089 0.000773354 0
 0.822795 0.102175 0.0682046 0.00682512 0
 0 0 0 0 0
ppred_PELACES
 0.821247 0.137459 0.0370479 0.00424319 2.78779e-06
 0.764336 0.201695 0.0264229 0.00677269 0.000773532
 0.643332 0.291452 0.0562104 0.00700974 0.0019954
 0.700256 0.204251 0.0787774 0.0144145 0.00230047
 0.70304 0.21011 0.0593784 0.0226659 0.00480567
 0.570411 0.311259 0.0839481 0.0235101 0.0108713
 0.732806 0.160035 0.0781806 0.0205691 0.00840952
 0.686658 0.239346 0.0447219 0.021366 0.00790799
 0.76297 0.172551 0.0496706 0.00895861 0.00584993
 0.667221 0.263185 0.0511288 0.0142325 0.00423319
 0.547536 0.322988 0.103062 0.0194162 0.0069982
 0.554484 0.270438 0.12662 0.0385968 0.00986096
 0.70016 0.190455 0.0676871 0.0301834 0.0115139
 0.792317 0.169844 0.0248079 0.00808103 0.00494984
 0.837734 0.14479 0.014651 0.00185875 0.000966904
 0.743642 0.228181 0.0254529 0.00228664 0.000437257
 0.647848 0.278663 0.0657829 0.00696283 0.000742454
 0.745936 0.176757 0.0617331 0.013945 0.00162843
 0.737018 0.204268 0.041267 0.0139388 0.00350821
 0.735222 0.202214 0.0488898 0.00961572 0.00405786
 0.717056 0.212832 0.0538186 0.0127362 0.00355665
 0.71307 0.209848 0.0581574 0.0145297 0.00439506
 0.704127 0.215744 0.058824 0.0160775 0.00522675
 0.687985 0.224925 0.0637607 0.0171306 0.0061979
 0.384641 0.433125 0.131895 0.0368641 0.0134745
 0.569793 0.173018 0.181729 0.0546287 0.020831
 0.733893 0.15824 0.0437766 0.0452992 0.0187909
pobs_pel_tallas
 0 0 0 0 0 0 0 0 0 0 0 0 0 0 0 0 0 0 0 0 0 0 0 0 0 0 0 0 0 0 0 0 0 0 0 0
 0 0 0 0 0 0 0 0 0 0 0 0 0 0 0 0 0 0 0 0 0 0 0 0 0 0 0 0 0 0 0 0 0 0 0 0
 0 0 0 0 0 0 0 0 0 0 0 0 0 0 0 0 0 0 0 0 0 0 0 0 0 0 0 0 0 0 0 0 0 0 0 0
 0 0 0 0 0 0 0 0 0 0 0 0 0 0 0 0 0 0 0 0 0 0 0 0 0 0 0 0 0 0 0 0 0 0 0 0
 0 0 0 0 0 0 0 0 0 0 0 0 0 0 0 0 0 0 0 0 0 0 0 0 0 0 0 0 0 0 0 0 0 0 0 0
 0 0 0 0 0 0 0 0 0 0 0 0 0 0 0 0 0 0 0 0 0 0 0 0 0 0 0 0 0 0 0 0 0 0 0 0
 0 0 0 0 0 0 0 0 0 0 0 0 0 0 0 0 0 0 0 0 0 0 0 0 0 0 0 0 0 0 0 0 0 0 0 0
 0 0 0 0 0 0 0 0 0 0 0 0 0 0 0 0 0 0 0 0 0 0 0 0 0 0 0 0 0 0 0 0 0 0 0 0
 0 0 0 0 0 0 0 0 0 0 0 0 0 0 0 0 0 0 0 0 0 0 0 0 0 0 0 0 0 0 0 0 0 0 0 0
 0 0 0 0 0 0 0 0 0 0 0 0 0 0 0 0 0 0 0 0 0 0 0 0 0 0 0 0 0 0 0 0 0 0 0 0
 0 0 0 0 0 0 0 0 1.78061e-05 0.00172719 0.00360574 0.0105946 0.0120993 0.0124554 0.0147524 0.0171206 0.0266825 0.0428682 0.0675386 0.121331 0.153587 0.119568 0.100827 0.0573624 0.0630603 0.0341343 0.0324427 0.0444173 0.0211091 0.0280891 0.0125444 0.00206551 0 0 0 0
 0 0 0 0 0 0 0 0 0 0 0 0 0 0 0 0 0 0 0 0 0 0 0 0 0 0 0 0 0 0 0 0 0 0 0 0
 0 0 0 0 0 0 0.0133647 0.0140871 0.0187388 0.0205184 0.03894 0.0496705 0.03968 0.0493445 0.0407372 0.0367815 0.0215668 0.0243155 0.0234873 0.0199281 0.019796 0.0243948 0.0301388 0.0376714 0.0412746 0.0863199 0.0771752 0.113111 0.0741005 0.0525337 0.0229764 0.00759418 0.00175318 0 0 0
 0 0 0 0 0 0 0 0 0 0 0.00219441 0.00772107 0.0458388 0.0604681 0.0671733 0.0775358 0.0609151 0.0617685 0.073594 0.0568108 0.0755445 0.0548602 0.0670107 0.0636378 0.0643287 0.046367 0.0373049 0.0286899 0.0247887 0.0153202 0.00654259 0.00121912 0.000365735 0 0 0
 0 0 0 0 0 0 0 0 0 0 0 0 0.000112435 0.00938835 0.0111873 0.0202946 0.0414886 0.0713402 0.111592 0.104902 0.108894 0.110636 0.117776 0.105296 0.107544 0.0401394 0.0192827 0.0124803 0.00416011 0.0028671 0.000618394 0 0 0 0 0
 0 0 0 0 0 0 0 0 0 0 0.00291406 0.0102884 0.027416 0.0768956 0.0749926 0.110853 0.0956884 0.0897413 0.0766577 0.0534642 0.0500743 0.0551293 0.0594112 0.0620874 0.0668451 0.0424026 0.0208742 0.0120726 0.0048766 0.00582813 0.00118941 0.000297354 0 0 0 0
 0 0.00264628 0.0354308 0.0461629 0.0458689 0.0383711 0.0214643 0.0164657 0.0346957 0.0420465 0.0363128 0.0245516 0.0311673 0.0291091 0.0169068 0.0133784 0.00837989 0.0085269 0.0148486 0.0160247 0.0276389 0.0546898 0.0760071 0.122758 0.109233 0.0665981 0.0333725 0.0166128 0.00676272 0.00308733 0.000882094 0 0 0 0 0
 0 0 0 0 0 0 0 0.000805153 0.000690131 0.00759144 0.0133425 0.0154129 0.00931677 0.000345066 0.00356568 0.00563607 0.00851162 0.0253048 0.0502646 0.0516448 0.0657925 0.0565908 0.0611916 0.0827007 0.0866115 0.110766 0.145733 0.0935128 0.0569358 0.0249597 0.0138026 0.00621118 0.00161031 0.00115022 0 0
 0 0 0 0 0 0 0 0 0 0 0 0 0 0 0 0 0 0 0 0 0 0 0 0 0 0 0 0 0 0 0 0 0 0 0 0
 0.00147267 0.00158595 0.00478618 0.00569244 0.00954404 0.0108468 0.00647125 0.017049 0.0510054 0.094081 0.124002 0.0959785 0.0687766 0.0820023 0.061753 0.0591476 0.0492212 0.0479892 0.0443925 0.0268479 0.0217502 0.0140895 0.0121071 0.0120363 0.00920419 0.00665534 0.0049561 0.00860946 0.00930331 0.0156896 0.0114698 0.00855282 0.00243557 0.00046729 0 2.83206e-05
 0 0 0 0 0.000772559 0.00158375 0.000888443 0.00281984 0.00712685 0.0440552 0.0773331 0.111326 0.0921469 0.0852325 0.0710754 0.0886704 0.0786465 0.0553345 0.0373146 0.0185414 0.00753245 0.00457741 0.012979 0.0271748 0.0457355 0.0583668 0.034881 0.0177882 0.00938659 0.00492506 0.0015258 0.00185414 0.000309023 5.79419e-05 3.86279e-05 0
 0 0.00173294 0.00326652 0 0.00397197 0.00683976 0.00946217 0.0152591 0.00757587 0.0136028 0.0228656 0.0392903 0.0559909 0.0764795 0.0681675 0.0726916 0.0566044 0.0477403 0.0527397 0.0444891 0.0609904 0.0582453 0.0661739 0.0445044 0.0529084 0.0360697 0.0280645 0.0235558 0.0158879 0.00826598 0.00280645 0.00217768 0.000904811 0.00058276 9.20147e-05 0
 0 0 0 0 0 0 0 0 0 0 0 0 0 0 0 0 0 0 0 0 0 0 0 0 0 0 0 0 0 0 0 0 0 0 0 0
 0 0 0 0 0 0 0 0 0 0 0 0 0 0 0 0 0 0 0 0 0 0 0 0 0 0 0 0 0 0 0 0 0 0 0 0
 0 0 0 0 0 0 0 0 0 0 0 0 0 0 0 0 0 0 0 0 0 0 0 0 0 0 0 0 0 0 0 0 0 0 0 0
 0 0 0 0 0 0 0 0 0 0 0 0 0 0 0 0 0 0 0 0 0 0 0 0 0 0 0 0 0 0 0 0 0 0 0 0
 0 0 0 0 0 0 0 0 0 0 0 0 0 0 0 0 0 0 0 0 0 0 0 0 0 0 0 0 0 0 0 0 0 0 0 0
ppred_pel_tallas
 1.00717e-16 3.58285e-05 0.000210293 0.000999658 0.00384877 0.0120021 0.0303162 0.0620305 0.102821 0.138081 0.150246 0.132497 0.0947782 0.0551768 0.0265229 0.0112475 0.00541487 0.00440048 0.00537313 0.00709897 0.00909263 0.0110846 0.0128401 0.0141443 0.014839 0.0148554 0.0142284 0.0130821 0.0115949 0.00995619 0.0083284 0.00682467 0.0055048 0.00438478 0.003453 0.00268566
 1.0071e-16 3.33495e-05 0.000195734 0.000930426 0.00358219 0.0111707 0.0282164 0.0577346 0.0957022 0.128527 0.139869 0.123386 0.0883507 0.0516155 0.0251489 0.0112446 0.00626974 0.00593952 0.00761656 0.0101181 0.0129214 0.015673 0.0180361 0.0197017 0.020448 0.0201912 0.0190042 0.0170933 0.0147436 0.0122512 0.00986442 0.00774949 0.00598413 0.00457353 0.00347726 0.00263582
 1.01228e-16 2.80769e-05 0.00016477 0.000783204 0.00301531 0.00940292 0.0237512 0.0485992 0.0805629 0.108207 0.117785 0.103976 0.0746065 0.0438983 0.0219723 0.0108154 0.00742588 0.00823777 0.0110374 0.0147832 0.0189281 0.0230121 0.0265575 0.0291161 0.0303609 0.0301601 0.0286058 0.0259811 0.0226841 0.0191317 0.0156771 0.0125609 0.00990206 0.00771971 0.00596985 0.00458151
 1.01788e-16 3.05555e-05 0.00017933 0.000852441 0.00328192 0.0102343 0.0258512 0.0528953 0.0876813 0.117758 0.128155 0.113068 0.0809956 0.0473861 0.0232158 0.0106008 0.00622971 0.0061937 0.00809002 0.0108414 0.013965 0.0171207 0.0199721 0.0221995 0.0235586 0.0239314 0.0233473 0.0219638 0.0200186 0.0177684 0.0154368 0.0131839 0.0111016 0.00922681 0.00756337 0.00610152
 1.01915e-16 3.06771e-05 0.000180043 0.000855831 0.00329497 0.010275 0.025954 0.0531057 0.0880302 0.118227 0.128666 0.113521 0.0813238 0.0475859 0.0233279 0.0106749 0.00630254 0.00628542 0.00820833 0.0109847 0.0141226 0.0172731 0.0200916 0.022254 0.0235173 0.0237716 0.0230608 0.021561 0.0195279 0.0172326 0.0149055 0.0127052 0.0107139 0.00895385 0.00741208 0.00606331
 1.02609e-16 2.4898e-05 0.000146106 0.000694466 0.00267364 0.00833742 0.0210599 0.0430928 0.0714366 0.0959541 0.104461 0.0922474 0.0662631 0.0391346 0.0198587 0.0102252 0.00760157 0.00885026 0.0120192 0.0161746 0.0207942 0.0254083 0.0295144 0.0326338 0.0344085 0.0346799 0.0335193 0.0311948 0.0280943 0.024627 0.0211411 0.0178753 0.0149522 0.0124019 0.0101994 0.00829985
 1.02262e-16 3.19731e-05 0.000187656 0.000892034 0.00343438 0.0107098 0.0270521 0.0553521 0.0917521 0.12322 0.134087 0.118272 0.0846574 0.0493961 0.0239542 0.0105231 0.00561522 0.00512569 0.00654158 0.00876077 0.0113302 0.0139703 0.0164175 0.0184204 0.0197815 0.0203964 0.0202699 0.0195028 0.0182565 0.0167085 0.0150146 0.0132886 0.0115998 0.00998369 0.00845821 0.0070361
 1.01817e-16 2.99639e-05 0.000175854 0.000835907 0.00321825 0.0100358 0.0253497 0.0518695 0.0859818 0.115479 0.125683 0.110907 0.0794915 0.0465941 0.0229909 0.0107711 0.00670017 0.00695154 0.00916302 0.0122552 0.0157127 0.0191459 0.0221636 0.0244002 0.0255878 0.0256161 0.0245544 0.0226249 0.0201407 0.0174281 0.0147602 0.0123197 0.0101931 0.0083906 0.00687707 0.00560161
 1.01343e-16 3.32888e-05 0.00019538 0.000928749 0.00357574 0.0111506 0.0281656 0.0576305 0.0955288 0.128292 0.139607 0.123141 0.0881438 0.0514322 0.0249438 0.0109586 0.00584225 0.00531465 0.00674991 0.00898724 0.0115389 0.0140972 0.0163744 0.0181028 0.0190827 0.019225 0.0185683 0.0172609 0.015518 0.013568 0.0116058 0.00976656 0.00812109 0.0066887 0.00545746 0.00440326
 1.01499e-16 2.91173e-05 0.000170881 0.000812263 0.00312721 0.00975186 0.0246326 0.0504023 0.0835508 0.112216 0.12214 0.107798 0.0773009 0.0453865 0.0225372 0.0107966 0.00703469 0.00754211 0.0100233 0.0134156 0.017189 0.0209213 0.0241816 0.0265661 0.0277793 0.0277005 0.026409 0.0241547 0.0212893 0.0181811 0.0151407 0.0123782 0.00999625 0.0080103 0.00638216 0.00505232
 1.02563e-16 2.39011e-05 0.000140251 0.000666632 0.00256647 0.00800321 0.0202157 0.0413656 0.0685741 0.0921117 0.100284 0.0885739 0.063657 0.0376612 0.019233 0.0101028 0.00775639 0.00919238 0.0125407 0.0168983 0.0217448 0.0265979 0.0309355 0.0342574 0.0361858 0.0365476 0.0354068 0.0330323 0.0298188 0.0261875 0.0225003 0.0190109 0.0158569 0.0130819 0.0106731 0.00859473
 1.03673e-16 2.4202e-05 0.000142023 0.000675063 0.00259895 0.00810451 0.0204715 0.0418886 0.0694397 0.0932696 0.101533 0.0896469 0.064364 0.0379511 0.0191456 0.00967874 0.00698611 0.00801899 0.0108929 0.0147283 0.0190616 0.0234909 0.0275837 0.0309175 0.0331607 0.0341395 0.0338662 0.0325155 0.0303648 0.0277178 0.0248406 0.0219265 0.0190917 0.0163942 0.0138606 0.0115087
 1.02599e-16 3.05507e-05 0.000179303 0.000852317 0.00328145 0.0102329 0.0258475 0.0528876 0.0876681 0.117739 0.128131 0.11304 0.0809583 0.0473307 0.0231261 0.0104547 0.00600012 0.00585109 0.00760658 0.0101976 0.0131571 0.0161678 0.0189201 0.0211201 0.0225423 0.0230769 0.0227473 0.0216921 0.0201201 0.0182543 0.0162847 0.0143426 0.0124988 0.0107778 0.00918072 0.00770296
 1.00917e-16 3.45683e-05 0.000202892 0.000964464 0.00371325 0.0115794 0.0292488 0.0598467 0.0992021 0.133224 0.14497 0.127865 0.0915095 0.0533639 0.0258197 0.0112378 0.0058358 0.00516132 0.00648114 0.0085871 0.010975 0.0133336 0.0153778 0.0168474 0.017555 0.0174279 0.0165234 0.0150098 0.0131208 0.0110988 0.0091466 0.00739921 0.00591919 0.00471053 0.00374129 0.00296564
 1.00365e-16 3.65477e-05 0.000214515 0.00101973 0.00392603 0.012243 0.0309248 0.0632758 0.104885 0.140853 0.153263 0.135158 0.0966839 0.0562897 0.0270637 0.0114851 0.00553769 0.0045007 0.00548061 0.00721079 0.00918624 0.0111218 0.0127694 0.0139069 0.0143767 0.0141217 0.0131988 0.0117615 0.01002 0.00819194 0.00645949 0.0049437 0.00369999 0.00272957 0.00199916 0.00146085
 1.00535e-16 3.24482e-05 0.00019044 0.000905253 0.00348526 0.0108684 0.0274529 0.0561726 0.093114 0.125054 0.136096 0.120077 0.0860194 0.0503317 0.024669 0.0112765 0.00663266 0.00657694 0.00854212 0.0113621 0.014497 0.0175577 0.0201643 0.0219674 0.0227179 0.0223247 0.0208761 0.0186125 0.0158645 0.0129747 0.0102306 0.00782408 0.00584432 0.00429522 0.00312633 0.00226373
 1.01299e-16 2.82733e-05 0.000165925 0.000788694 0.00303646 0.00946885 0.0239177 0.0489399 0.0811272 0.108963 0.118605 0.104692 0.0751037 0.0441571 0.0220395 0.0107464 0.00724984 0.00795639 0.0106389 0.0142573 0.0182763 0.0222546 0.0257348 0.0282863 0.0295918 0.0295181 0.0281437 0.025729 0.0226446 0.0192816 0.0159737 0.0129511 0.0103322 0.00814334 0.00635281 0.00490339
 1.0149e-16 3.25463e-05 0.00019102 0.000908021 0.00349593 0.0109017 0.0275369 0.0563443 0.093397 0.12543 0.136494 0.120401 0.086195 0.0503196 0.0244504 0.0108216 0.00588523 0.00546176 0.006987 0.00932596 0.0119974 0.0146917 0.0171151 0.0189915 0.0201119 0.0203779 0.0198195 0.0185781 0.016864 0.014903 0.0128903 0.0109639 0.00920085 0.00762889 0.00624629 0.00503946
 1.01296e-16 3.21584e-05 0.000188741 0.00089718 0.00345418 0.0107715 0.0272081 0.0556716 0.0922828 0.123936 0.134875 0.118988 0.0852168 0.0498157 0.0243303 0.0109791 0.00626608 0.00606651 0.00784223 0.0104541 0.0133944 0.0163136 0.0188736 0.0207605 0.0217443 0.0217299 0.0207762 0.0190741 0.0168931 0.0145153 0.0121788 0.0100444 0.00819107 0.00663124 0.00533715 0.00426544
 1.0128e-16 3.20801e-05 0.000188281 0.000894994 0.00344576 0.0107453 0.0271418 0.0555359 0.092058 0.123634 0.134546 0.118698 0.0850076 0.0496914 0.0242661 0.0109444 0.00623931 0.0060365 0.00780519 0.0104108 0.0133494 0.0162749 0.0188518 0.020768 0.0217927 0.0218276 0.0209262 0.0192723 0.0171286 0.0147718 0.0124369 0.0102855 0.00839958 0.00679706 0.0054563 0.0043397
 1.01438e-16 3.12884e-05 0.000183632 0.00087289 0.00336066 0.0104799 0.0264714 0.0541644 0.0897849 0.120583 0.13123 0.115781 0.0829392 0.0485234 0.0237725 0.0108523 0.00636941 0.00631708 0.00822869 0.0109928 0.014105 0.0172078 0.0199497 0.0220021 0.0231211 0.0232014 0.0222966 0.0205969 0.0183752 0.0159196 0.013475 0.0112101 0.00921144 0.00749927 0.00605337 0.00483738
 1.01599e-16 3.11145e-05 0.000182611 0.000868038 0.00334197 0.0104216 0.0263242 0.0538632 0.0892857 0.119912 0.1305 0.115136 0.0824761 0.04825 0.0236341 0.010782 0.00631936 0.00626242 0.00815969 0.0109084 0.0140102 0.0171135 0.0198724 0.0219622 0.0231407 0.0233005 0.0224895 0.0208892 0.0187623 0.016387 0.0140008 0.0117675 0.00977294 0.0080396 0.00655213 0.00528034
 1.01703e-16 3.07247e-05 0.000180323 0.000857157 0.00330008 0.010291 0.0259942 0.0531881 0.0881667 0.11841 0.128867 0.113701 0.0814588 0.0476768 0.0233943 0.0107418 0.00639136 0.00641202 0.00838366 0.0112143 0.0144047 0.0175966 0.0204351 0.0225872 0.023804 0.0239757 0.0231515 0.021518 0.0193448 0.0169173 0.0144784 0.0121954 0.0101552 0.00837984 0.00685295 0.00554328
 1.01857e-16 3.00213e-05 0.000176192 0.000837516 0.00322445 0.0100551 0.0253985 0.0519693 0.0861469 0.115699 0.12592 0.111109 0.0796204 0.0466381 0.0229544 0.0106577 0.0065033 0.00665593 0.00875245 0.0117215 0.015064 0.0184116 0.0213958 0.023669 0.0249713 0.0251862 0.024363 0.0226934 0.0204559 0.0179452 0.0154129 0.0130324 0.0108946 0.00902358 0.00740432 0.00600675
 1.0391e-16 1.68026e-05 9.85671e-05 0.000468437 0.00180333 0.00562336 0.0142045 0.0290672 0.0481928 0.0647539 0.0705503 0.0624331 0.045134 0.0272339 0.0148886 0.00941099 0.00913242 0.0120165 0.0167645 0.0226697 0.0291912 0.035721 0.0415685 0.0460667 0.0487114 0.0492724 0.0478355 0.0447589 0.0405672 0.0358175 0.0309861 0.0264033 0.0222438 0.0185594 0.015329 0.0125051
 1.05487e-16 2.48657e-05 0.000145928 0.000693648 0.00267054 0.00832778 0.0210354 0.0430416 0.0713481 0.0958242 0.104291 0.0920276 0.0659548 0.0386516 0.0190621 0.00892662 0.00557567 0.00585977 0.0078595 0.0107353 0.0141274 0.0177818 0.0214292 0.0247887 0.0276106 0.029716 0.0310182 0.0315163 0.0312705 0.0303709 0.0289123 0.0269835 0.0246704 0.0220649 0.0192723 0.0164112
 1.03108e-16 3.20202e-05 0.000187934 0.000893354 0.00343946 0.0107257 0.0270921 0.055434 0.0918878 0.123402 0.134284 0.118443 0.0847749 0.0494541 0.0239622 0.0104913 0.00554565 0.00501134 0.00636924 0.00851458 0.0109952 0.0135362 0.0158825 0.0177952 0.0190922 0.0196855 0.0195946 0.0189305 0.0178573 0.0165455 0.0151349 0.0137145 0.0123244 0.0109708 0.00964682 0.00834897
pSPR Fmed_Fpbrs
0.505952   0.6 0.325
Fs Fmed_Fpbrs
0.64   0.431237 1.43909
SSBpbr Bo_Bmed_Bpbrs
1.17694e+06  536626  647315 323657
Ro
41772.8
SPR SPRFo_SPRFmed_SPRFpbrs
862784 436527 280405
log_Ro
10.46
likeval ReclasPelacesDesembMPH_pf_preclas_ppelaces_ptallas_desvR_qrecl_qpela
 65.3309 15.3222 0.0227614 51.4145 332.243 214.032 54.9604 0 17.6431 1.72217e-05 3.40837e-05 1.35055e-15 0 0 0
q_reclas_q_pelaces
0.555404 2.29467
M
0.7
N
 42446.6 11024.6 3592.85 417.244 0.274335
 50236.9 18975.2 2902.7 752.484 85.996
 29002.7 22895.8 5613.89 712.459 203
 38762.4 12610.5 5098.76 936.181 149.436
 61419.6 18752.6 5348.83 2043.14 433.205
 44302 30344.4 9029.07 2546.84 1178.14
 82261.5 20835.3 10852.1 2868.55 1173.08
 84590.3 39426.6 8352.72 4027.29 1491.31
 127719 39185.7 12869.7 2343.64 1531.18
 121517 58960.2 12526.8 3509.88 1044.31
 65756.8 57427 21711.4 4141.24 1493.63
 43014.5 29728.3 16182.4 4987.32 1274.95
 40975.4 19651.5 8924.17 4051.36 1546.93
 25728.2 17766.4 4302.82 1454.33 892.581
 17129.8 9657.49 1629.14 214.545 111.828
 13284.5 6410.69 869.691 79.2558 15.1671
 9298.52 5919.67 1655.53 177.412 18.9302
 13194.7 4204.09 1668.79 380.505 44.4559
 17522.1 6104.22 1361.34 463.15 116.614
 24336.9 8237.93 2178.71 431.327 182.085
 35195.9 11499.8 3031.22 719.518 200.962
 51832.1 17080.7 4971.05 1246.38 377.087
 72298.4 25051.7 7203.54 1976.5 642.687
 94420.6 34861.2 10415.7 2809.15 1016.57
 36352.7 45543.4 14523.3 4072.91 1488.99
 51892.3 17597.3 19387.2 5848.25 2230.47
 98875.8 25097 7450.24 7749.17 3215.38
pred_Ctot
 3064.35 3861.57 1568.55 184.527 0.121408
 2985.22 5681.7 1098.76 288.826 33.0321
 2614.87 9502.55 2849.65 365.876 104.313
 719.732 1334.83 716.741 133.911 21.395
 225.487 410.875 158.684 61.7646 13.109
 1691.63 6222.63 2399.66 687.557 318.32
 2065.42 2923.25 2005.34 539.058 220.642
 4101.25 9952.3 2699.28 1320.85 489.499
 6490.7 10295.8 4317.22 797.743 521.595
 4235.8 11149.1 3082.4 877.537 261.319
 4259.96 18450.2 8765.34 1694.59 611.628
 2486.83 8702.01 5999.24 1875.05 479.69
 3767.74 8274.97 4587.67 2106.77 804.92
 4589.9 11409.4 3133.87 1066.37 654.709
 3084.8 6232.51 1191.01 157.893 82.3281
 986.939 2296.52 387.437 35.7609 6.84816
 601.97 1900.8 668.028 72.5599 7.74781
 651.594 1077.99 547.237 126.626 14.8057
 673.031 1258.33 363.6 125.652 31.6636
 850.44 1561.23 537.24 108.068 45.6596
 575.746 1079.7 379.021 91.5658 25.5983
 996.955 1869.09 721.782 184.136 55.761
 1510.31 2962.25 1127.85 314.822 102.463
 1950.42 4079.07 1614.2 442.911 160.426
 659.753 4718.03 1999.12 570.495 208.757
 974.69 1883.03 2754.29 845.416 322.732
 2727.72 3839.76 1496.64 1582.72 657.298
F
 0.105113 0.634486 0.863323 0.880027 0.880925
 0.0857969 0.517889 0.704673 0.718308 0.71904
 0.132857 0.801955 1.09119 1.1123 1.11344
 0.0261177 0.157652 0.214512 0.218663 0.218886
 0.00511645 0.030884 0.0420228 0.0428359 0.0428796
 0.0543808 0.328255 0.446644 0.455286 0.45575
 0.0354627 0.214061 0.291265 0.296901 0.297203
 0.0695072 0.419561 0.570881 0.581928 0.582521
 0.0729671 0.440446 0.599298 0.610894 0.611517
 0.0495381 0.299023 0.40687 0.414743 0.415166
 0.0938653 0.566592 0.770941 0.785858 0.786659
 0.0833858 0.503335 0.68487 0.698122 0.698833
 0.135661 0.81888 1.11422 1.13578 1.13694
 0.279853 1.68926 2.29851 2.34298 2.34537
 0.282851 1.70735 2.32313 2.36808 2.3705
 0.10832 0.653844 0.889662 0.906876 0.907801
 0.0937969 0.566179 0.770379 0.785286 0.786086
 0.0708373 0.42759 0.581806 0.593064 0.593668
 0.054711 0.330248 0.449356 0.458051 0.458518
 0.0496641 0.299784 0.407905 0.415798 0.416222
 0.0229781 0.138701 0.188725 0.192377 0.192573
 0.0270666 0.16338 0.222305 0.226606 0.226837
 0.0294269 0.177627 0.241691 0.246367 0.246619
 0.0290941 0.175618 0.238958 0.243581 0.24383
 0.0255215 0.154053 0.209615 0.213671 0.213889
 0.0264239 0.159501 0.217027 0.221226 0.221452
 0.0390255 0.235567 0.320527 0.326729 0.327063
Np
 31298.4 14762.8 17188.8 3204.59 1146.34
YTP_r0W_actual
 29329.7 105957 59405.5 80167.8 36945.1
YTP_p0W_proyectada
 9284.09 199363 78517.3 27778.3 43310.7
 9284.09 62327.4 137057 33152.6 13171.6
CTP_r0_actual
 3576.8 4905.42 1891.89 1999.2 830.228
CTP_p0_proyectada
 1132.21 9229.77 2500.55 692.726 973.275
 1132.21 2885.53 4364.88 826.747 295.992
Wmedp
 8.2 21.6 31.4 40.1 44.5
nmprior
 10.8 10.6 4.6 0
nm_flota  nm_reclas  nm_pelaces    nm_pelaL
inf 15.8824 20.126 66.8747
cv_recla  cv_pelaces  cv_mph
0.699987 0.428797 0.57491
 ------------------------------------------------
Talla a la edad & desviaci?n 
 7.2 14.2025 17.0495 18.207 18.6776
 1.08 2.13037 2.55742 2.73105 2.80164
