years
 1997 1998 1999 2000 2001 2002 2003 2004 2005 2006 2007 2008 2009 2010 2011 2012 2013 2014 2015 2016 2017 2018 2019 2020 2021 2022 2023
reclasobs
 0 0 0 370054 412103 1.49427e+06 250295 1.28982e+06 931140 785840 897777 1.04006e+06 184774 17550 25797 100020 73551 82996 120727 218422 84188 347160 605670 569463 516374 1.08416e+06 1.01767e+06
reclaspred
 478931 127140 339243 222910 326583 386976 831307 590986 756975 805056 693316 480721 278538 112667 77299.6 73277.5 73241.6 96331.6 116194 166609 257175 265288 476942 598151 733519 654333 609786
pelacesobs
 0 0 0 0 0 0 0 0 0 2.06254e+06 1.5e+06 0 1.87456e+06 323000 250000 174000 83755 137374 0 501740 490994 745055 786931 1.00524e+06 1.33801e+06 1.41789e+06 0
pelacespred
 1.99588e+06 388799 680129 670031 882154 742216 2.19434e+06 1.71352e+06 2.16472e+06 2.19698e+06 1.57588e+06 1.12899e+06 667892 223713 167829 156767 161363 225571 261654 377867 692254 638196 940384 1.38725e+06 1.56591e+06 1.52863e+06 1.4026e+06
mphobs
 0 0 0 0 0 0 112323 0 153150 637223 0 255016 313432 73983 77613 109348 50772 17779 17303 59886 28197 0 207744 136588 643089 65757 70829
mphpred
 163440 93226.7 106203 105248 112899 174470 244587 304791 285829 348173 352376 245945 146358 112510 51281.5 46018 42219 50561.7 26754.5 32855.1 52925.6 70102.6 93562 137760 176226 164935 142477
desembarqueobs
 350755 77701 442110 56441 14545 235359 269955 359681 431902 328805 639364 411747 362871 311530 167758 66681 60226 58785 57116 73181 50977 67692 138656 160484 209506 203330 245020
desembarquepred
 350767 77704.4 442153 56446.3 14545.5 235503 270035 359683 431900 328835 639468 411861 363165 311779 167641 66699.4 60278.3 58783.7 57094.7 73183.1 50979.5 67680 138666 160501 209542 203351 245013
Reclutas
 38444.2 45309.1 23819.1 31761.7 51776.6 36885.1 73055.5 75198 117827 117127 64841.9 44778 42130.7 26766.5 16516.4 12092.5 8203.18 11584.6 15113 20294 29900.6 43467.2 60471.1 79811.8 30015.7 42800.3 77631.9
log_desv_Rt
 0.0369623 0.201263 -0.441757 -0.153984 0.334693 -0.00443807 0.678974 0.70788 1.15697 1.15101 0.559707 0.189471 0.128533 -0.325094 -0.80789 -1.11966 -1.50772 -1.16257 -0.896686 -0.601921 -0.214365 0.159762 0.48992 0.767427 -0.210523 0.144301 0.739733
SSB
 439359 250611 285493 282927 303495 469009 638133 808933 749149 916055 947255 661147 407978 197671 94499.8 84550.7 81899.2 92799.9 122199 158415 239847 309381 424840 596540 837278 808492 656274
BT
 1.59114e+06 382108 681564 491526 580571 663051 1.61295e+06 1.50972e+06 1.79952e+06 1.73007e+06 1.58268e+06 1.09878e+06 780893 431196 244691 155489 154463 193507 216484 302151 489585 472473 699731 1.0277e+06 1.1637e+06 1.15795e+06 1.11662e+06
Ftot
 1.02086 0.878746 1.46012 0.308204 0.0581172 0.609917 0.407686 0.782989 0.819976 0.527367 0.962092 0.854647 1.40343 3.00103 3.02181 1.14136 1.00746 0.794311 0.610052 0.554676 0.255847 0.295853 0.321875 0.320338 0.278474 0.291493 0.45072
BD_Bspro_t
 0.9085 0.642801 0.570114 0.392004 0.535601 0.694906 0.631026 0.65565 0.603399 0.603646 0.579814 0.420007 0.312543 0.202137 0.121542 0.132052 0.172813 0.251583 0.362009 0.483042 0.610731 0.725024 0.752536 0.757785 0.76791 0.70703 0.660356
BD_Bspro
 0.57416 0.327502 0.373086 0.369733 0.39661 0.612906 0.833919 1.05712 0.978996 1.19711 1.23788 0.863995 0.533151 0.258318 0.123493 0.110492 0.107027 0.121272 0.159691 0.207018 0.313435 0.404303 0.555186 0.779565 1.09417 1.05655 0.857627
BD_Bo
 0.467241 0.266515 0.303611 0.300882 0.322754 0.498772 0.678629 0.860268 0.79669 0.974188 1.00737 0.703103 0.433868 0.210215 0.100497 0.0899162 0.0870965 0.0986889 0.129954 0.168468 0.255067 0.329014 0.4518 0.634396 0.890412 0.859799 0.697921
BD_Brms
 0.849529 0.484573 0.55202 0.547058 0.586826 0.906858 1.23387 1.56412 1.44853 1.77125 1.83158 1.27837 0.788852 0.382209 0.182721 0.163484 0.158357 0.179434 0.23628 0.306305 0.463759 0.598208 0.821455 1.15345 1.61893 1.56327 1.26895
S_f
 0.102303 0.684071 0.97627 0.998722 0.999933
 0.102303 0.684071 0.97627 0.998722 0.999933
 0.102303 0.684071 0.97627 0.998722 0.999933
 0.102303 0.684071 0.97627 0.998722 0.999933
 0.102303 0.684071 0.97627 0.998722 0.999933
 0.102303 0.684071 0.97627 0.998722 0.999933
 0.102303 0.684071 0.97627 0.998722 0.999933
 0.102303 0.684071 0.97627 0.998722 0.999933
 0.102303 0.684071 0.97627 0.998722 0.999933
 0.102303 0.684071 0.97627 0.998722 0.999933
 0.102303 0.684071 0.97627 0.998722 0.999933
 0.102303 0.684071 0.97627 0.998722 0.999933
 0.102303 0.684071 0.97627 0.998722 0.999933
 0.102303 0.684071 0.97627 0.998722 0.999933
 0.102303 0.684071 0.97627 0.998722 0.999933
 0.102303 0.684071 0.97627 0.998722 0.999933
 0.102303 0.684071 0.97627 0.998722 0.999933
 0.102303 0.684071 0.97627 0.998722 0.999933
 0.102303 0.684071 0.97627 0.998722 0.999933
 0.102303 0.684071 0.97627 0.998722 0.999933
 0.102303 0.684071 0.97627 0.998722 0.999933
 0.102303 0.684071 0.97627 0.998722 0.999933
 0.102303 0.684071 0.97627 0.998722 0.999933
 0.102303 0.684071 0.97627 0.998722 0.999933
 0.102303 0.684071 0.97627 0.998722 0.999933
 0.102303 0.684071 0.97627 0.998722 0.999933
 0.102303 0.684071 0.97627 0.998722 0.999933
Scru_reclas
 0.618811 0.906767 0.983128 0.997144 0.999522
 0.618811 0.906767 0.983128 0.997144 0.999522
 0.618811 0.906767 0.983128 0.997144 0.999522
 0.618811 0.906767 0.983128 0.997144 0.999522
 0.618811 0.906767 0.983128 0.997144 0.999522
 0.618811 0.906767 0.983128 0.997144 0.999522
 0.618811 0.906767 0.983128 0.997144 0.999522
 0.618811 0.906767 0.983128 0.997144 0.999522
 0.618811 0.906767 0.983128 0.997144 0.999522
 0.618811 0.906767 0.983128 0.997144 0.999522
 0.618811 0.906767 0.983128 0.997144 0.999522
 0.618811 0.906767 0.983128 0.997144 0.999522
 0.618811 0.906767 0.983128 0.997144 0.999522
 0.618811 0.906767 0.983128 0.997144 0.999522
 0.618811 0.906767 0.983128 0.997144 0.999522
 0.618811 0.906767 0.983128 0.997144 0.999522
 0.618811 0.906767 0.983128 0.997144 0.999522
 0.618811 0.906767 0.983128 0.997144 0.999522
 0.618811 0.906767 0.983128 0.997144 0.999522
 0.618811 0.906767 0.983128 0.997144 0.999522
 0.618811 0.906767 0.983128 0.997144 0.999522
 0.618811 0.906767 0.983128 0.997144 0.999522
 0.618811 0.906767 0.983128 0.997144 0.999522
 0.618811 0.906767 0.983128 0.997144 0.999522
 0.618811 0.906767 0.983128 0.997144 0.999522
 0.618811 0.906767 0.983128 0.997144 0.999522
 0.618811 0.906767 0.983128 0.997144 0.999522
Scru_pelaces
 0.959328 1 1 1 1
 0.959328 1 1 1 1
 0.959328 1 1 1 1
 0.959328 1 1 1 1
 0.959328 1 1 1 1
 0.959328 1 1 1 1
 0.959328 1 1 1 1
 0.959328 1 1 1 1
 0.959328 1 1 1 1
 0.959328 1 1 1 1
 0.959328 1 1 1 1
 0.959328 1 1 1 1
 0.959328 1 1 1 1
 0.959328 1 1 1 1
 0.959328 1 1 1 1
 0.959328 1 1 1 1
 0.959328 1 1 1 1
 0.959328 1 1 1 1
 0.959328 1 1 1 1
 0.959328 1 1 1 1
 0.959328 1 1 1 1
 0.959328 1 1 1 1
 0.959328 1 1 1 1
 0.959328 1 1 1 1
 0.959328 1 1 1 1
 0.959328 1 1 1 1
 0.959328 1 1 1 1
pf_obs 
 0.256992 0.487395 0.22802 0.0275931 0
 0.321318 0.546541 0.124235 0.00734118 0.000564706
 0.182869 0.594174 0.210203 0.0122559 0.00049798
 0.330522 0.361315 0.267642 0.0388342 0.00168674
 0.649043 0.306663 0.0425973 0.00169635 0
 0.582887 0.30429 0.105238 0.00758474 0
 0.465427 0.430635 0.0974691 0.00646863 0
 0.296916 0.608066 0.0921331 0.00288517 0
 0.311714 0.524322 0.152257 0.0117073 0
 0.15457 0.633149 0.183074 0.0267441 0.00246327
 0.131901 0.49318 0.331252 0.0422183 0.00144891
 0.196976 0.569456 0.194076 0.0375587 0.00193317
 0.518974 0.381816 0.0799577 0.0180837 0.00116848
 0.0928022 0.601141 0.25162 0.0475244 0.00691264
 0.122501 0.610282 0.24278 0.0234846 0.000952079
 0.383417 0.481906 0.127806 0.00687128 0
 0.0376549 0.599619 0.316969 0.0457579 0
 0.0361596 0.667082 0.258105 0.0386534 0
 0.158088 0.579412 0.248529 0.0139706 0
 0.0477256 0.309471 0.559284 0.082774 0.000745712
 0.0406174 0.521527 0.379366 0.0568643 0.0016247
 0.151134 0.462217 0.34131 0.0453401 0
 0.294876 0.26143 0.354403 0.0886775 0.000613685
 0.281977 0.475581 0.204845 0.0348837 0.00271318
 0.0841818 0.532909 0.334909 0.0458182 0.00218182
 0.115287 0.27431 0.454777 0.147771 0.00785563
 0 0 0 0 0
pf_pred 
 0.325166 0.461966 0.190318 0.0225356 1.39707e-05
 0.281021 0.577037 0.111665 0.0271732 0.00310418
 0.155161 0.639434 0.17895 0.0209648 0.00549092
 0.240054 0.476429 0.241702 0.0366327 0.00518252
 0.25121 0.48849 0.185509 0.064 0.0107906
 0.141544 0.564464 0.213988 0.0573874 0.0226165
 0.27225 0.387316 0.255657 0.0622145 0.0225617
 0.220342 0.563703 0.136703 0.0599236 0.0193281
 0.297705 0.477437 0.182163 0.0273548 0.0153405
 0.220221 0.593659 0.144461 0.0339631 0.00769511
 0.12715 0.573794 0.248765 0.0392897 0.0110023
 0.133935 0.474767 0.29877 0.0774274 0.0151
 0.198129 0.462723 0.22648 0.0867187 0.0259489
 0.234724 0.573446 0.137943 0.0365061 0.017382
 0.290159 0.617766 0.0820691 0.00734314 0.00266282
 0.257255 0.653879 0.0842224 0.00417146 0.000472193
 0.177543 0.607895 0.199016 0.0147634 0.000783088
 0.266798 0.466679 0.220516 0.0427839 0.00322282
 0.267081 0.539403 0.143192 0.0418718 0.00845229
 0.260145 0.526989 0.173313 0.029497 0.0100565
 0.258285 0.515578 0.179347 0.0383024 0.00848681
 0.245199 0.506444 0.191222 0.0455479 0.0115865
 0.236485 0.505075 0.194106 0.0498261 0.0145076
 0.225452 0.506383 0.199519 0.0518927 0.0167539
 0.0742601 0.591512 0.246435 0.0657545 0.0220382
 0.134155 0.28214 0.422104 0.119951 0.0416501
 0.246429 0.391411 0.151148 0.153681 0.0573309
pobs_RECLAS
 0 0 0 0 0
 0 0 0 0 0
 0 0 0 0 0
 0 0 0 0 0
 0.835266 0.146461 0.0176864 0.000547809 3.91292e-05
 0.385257 0.428462 0.181853 0.0044286 0
 0.867414 0.0963971 0.0333333 0.00285562 0
 0.441836 0.489002 0.0689373 0.000224442 0
 0.779404 0.147425 0.0564933 0.0165055 0.000172143
 0.814271 0.122319 0.05973 0.00367925 0
 0.40263 0.566651 0.0304383 0.000280538 0
 0.475488 0.404961 0.113038 0.00651328 0
 0.955842 0.0263864 0.0167828 0.000988607 0
 0.975058 0.0227948 0.00214734 0 0
 0.738997 0.206755 0.0527124 0.00153531 0
 0.850938 0.134255 0.0134407 0.00136685 0
 0.542534 0.407297 0.0501686 0 0
 0.764087 0.199537 0.0359546 0.000420521 0
 0.470689 0.182191 0.310203 0.0369168 0
 0.84361 0.089868 0.0606195 0.00523954 0.000663233
 0.607945 0.314616 0.071237 0.00620181 0
 0.523733 0.453247 0.0230204 0 0
 0.530135 0.295979 0.169645 0.0042399 0
 0.562478 0.366248 0.0663022 0.0049721 0
 0.250443 0.683176 0.0655157 0.000865301 0
 0.195077 0.31981 0.436473 0.0351445 0.0134964
 0.565238 0.351407 0.0832357 0.000118908 0
ppred_RECLAS
 0.717049 0.211642 0.0638334 0.00747063 4.63598e-06
 0.662823 0.2855 0.0407488 0.00980699 0.00112148
 0.495936 0.410316 0.0818178 0.0094518 0.0024777
 0.616404 0.264857 0.10136 0.0152224 0.00215601
 0.62624 0.266322 0.0767549 0.0262518 0.0044313
 0.458701 0.390042 0.110386 0.0293079 0.011563
 0.662796 0.203193 0.100867 0.0243163 0.00882806
 0.590796 0.318997 0.0573203 0.0248598 0.00802689
 0.687239 0.232074 0.0654954 0.00972943 0.00546198
 0.583885 0.337128 0.0614386 0.0143041 0.00324451
 0.434589 0.409109 0.130261 0.0203397 0.00570153
 0.455195 0.339006 0.157535 0.0403808 0.00788334
 0.582412 0.274385 0.0960577 0.0362798 0.0108657
 0.666672 0.276298 0.0413023 0.0106537 0.00507389
 0.717677 0.258499 0.0212936 0.00185665 0.000673429
 0.634857 0.332323 0.0311246 0.00152275 0.000172537
 0.527435 0.375536 0.0900745 0.00660461 0.000350679
 0.655884 0.241966 0.0846724 0.0162528 0.00122559
 0.64697 0.278603 0.0552125 0.015984 0.00323008
 0.639407 0.277024 0.0681608 0.011487 0.00392062
 0.634344 0.274775 0.0722086 0.0152826 0.00339011
 0.620099 0.27744 0.0790507 0.0186584 0.00475177
 0.609754 0.281769 0.0816545 0.0207687 0.006054
 0.595362 0.28935 0.0859709 0.0221558 0.00716127
 0.288872 0.49882 0.156901 0.0414862 0.0139204
 0.461812 0.210427 0.237597 0.0669062 0.0232582
 0.633875 0.216497 0.0627831 0.0632301 0.0236145
pobs_PELACES
 0 0 0 0 0
 0 0 0 0 0
 0 0 0 0 0
 0 0 0 0 0
 0 0 0 0 0
 0 0 0 0 0
 0 0 0 0 0
 0 0 0 0 0
 0 0 0 0 0
 0 0 0 0 0
 0.450072 0.473896 0.0757376 0.000293798 0
 0 0 0 0 0
 0.463077 0.371075 0.160297 0.00555027 0
 0.529543 0.364841 0.0842815 0.0213345 0
 0.631943 0.363953 0.00410389 0 0
 0.735681 0.248677 0.0153453 0.000297389 0
 0.695825 0.281241 0.0229344 0 0
 0.275771 0.60734 0.115278 0.00161068 0
 0 0 0 0 0
 0.896147 0.0623911 0.0374545 0.00400742 0
 0.803859 0.145111 0.0509908 3.86294e-05 0
 0.739449 0.233085 0.0266225 0.000797448 4.60066e-05
 0.878498 0.100942 0.0204185 0.000141795 0
 0.694673 0.275183 0.0284847 0.00165964 0
 0.469039 0.446079 0.0841089 0.000773354 0
 0.822795 0.102175 0.0682046 0.00682512 0
 0 0 0 0 0
ppred_PELACES
 0.818937 0.141346 0.0356339 0.00408075 2.5253e-06
 0.770196 0.19936 0.024112 0.00568431 0.000648258
 0.655386 0.291437 0.04656 0.00524607 0.00137113
 0.712526 0.205279 0.0703365 0.010391 0.00146803
 0.709526 0.212268 0.0561093 0.0189127 0.00318479
 0.581881 0.313082 0.0770555 0.0200801 0.00790149
 0.758096 0.152882 0.0672991 0.0159477 0.00577513
 0.709306 0.23442 0.0360258 0.0153156 0.0049319
 0.790013 0.162137 0.0389954 0.00567679 0.00317826
 0.691032 0.256502 0.0409768 0.00936942 0.0021197
 0.57641 0.320901 0.0858901 0.0131289 0.00367007
 0.595121 0.267579 0.105613 0.0265227 0.00516381
 0.733823 0.187846 0.0529771 0.0195235 0.00583006
 0.840981 0.139357 0.0143859 0.00357815 0.00169803
 0.867666 0.124459 0.00706577 0.000593976 0.00021467
 0.755586 0.225996 0.0174877 0.000836446 9.45057e-05
 0.663327 0.276889 0.0555844 0.00398849 0.000211184
 0.765518 0.172485 0.0515657 0.00970163 0.000729603
 0.7488 0.204032 0.0351632 0.00999137 0.00201378
 0.7408 0.205253 0.0441533 0.0073064 0.00248726
 0.724432 0.212527 0.0502571 0.0104673 0.00231618
 0.714354 0.214807 0.0548633 0.0127395 0.00323628
 0.706735 0.2184 0.0565909 0.0141577 0.00411657
 0.694228 0.2257 0.0599694 0.0152015 0.00490117
 0.38351 0.446572 0.126124 0.0328119 0.0109824
 0.577155 0.176897 0.179118 0.0496225 0.017207
 0.736702 0.164156 0.0420395 0.0416045 0.0154982
pobs_pel_tallas
 0 0 0 0 0 0 0 0 0 0 0 0 0 0 0 0 0 0 0 0 0 0 0 0 0 0 0 0 0 0 0 0 0 0 0 0
 0 0 0 0 0 0 0 0 0 0 0 0 0 0 0 0 0 0 0 0 0 0 0 0 0 0 0 0 0 0 0 0 0 0 0 0
 0 0 0 0 0 0 0 0 0 0 0 0 0 0 0 0 0 0 0 0 0 0 0 0 0 0 0 0 0 0 0 0 0 0 0 0
 0 0 0 0 0 0 0 0 0 0 0 0 0 0 0 0 0 0 0 0 0 0 0 0 0 0 0 0 0 0 0 0 0 0 0 0
 0 0 0 0 0 0 0 0 0 0 0 0 0 0 0 0 0 0 0 0 0 0 0 0 0 0 0 0 0 0 0 0 0 0 0 0
 0 0 0 0 0 0 0 0 0 0 0 0 0 0 0 0 0 0 0 0 0 0 0 0 0 0 0 0 0 0 0 0 0 0 0 0
 0 0 0 0 0 0 0 0 0 0 0 0 0 0 0 0 0 0 0 0 0 0 0 0 0 0 0 0 0 0 0 0 0 0 0 0
 0 0 0 0 0 0 0 0 0 0 0 0 0 0 0 0 0 0 0 0 0 0 0 0 0 0 0 0 0 0 0 0 0 0 0 0
 0 0 0 0 0 0 0 0 0 0 0 0 0 0 0 0 0 0 0 0 0 0 0 0 0 0 0 0 0 0 0 0 0 0 0 0
 0 0 0 0 0 0 0 0 0 0 0 0 0 0 0 0 0 0 0 0 0 0 0 0 0 0 0 0 0 0 0 0 0 0 0 0
 0 0 0 0 0 0 0 0 1.78061e-05 0.00172719 0.00360574 0.0105946 0.0120993 0.0124554 0.0147524 0.0171206 0.0266825 0.0428682 0.0675386 0.121331 0.153587 0.119568 0.100827 0.0573624 0.0630603 0.0341343 0.0324427 0.0444173 0.0211091 0.0280891 0.0125444 0.00206551 0 0 0 0
 0 0 0 0 0 0 0 0 0 0 0 0 0 0 0 0 0 0 0 0 0 0 0 0 0 0 0 0 0 0 0 0 0 0 0 0
 0 0 0 0 0 0 0.0133647 0.0140871 0.0187388 0.0205184 0.03894 0.0496705 0.03968 0.0493445 0.0407372 0.0367815 0.0215668 0.0243155 0.0234873 0.0199281 0.019796 0.0243948 0.0301388 0.0376714 0.0412746 0.0863199 0.0771752 0.113111 0.0741005 0.0525337 0.0229764 0.00759418 0.00175318 0 0 0
 0 0 0 0 0 0 0 0 0 0 0.00219441 0.00772107 0.0458388 0.0604681 0.0671733 0.0775358 0.0609151 0.0617685 0.073594 0.0568108 0.0755445 0.0548602 0.0670107 0.0636378 0.0643287 0.046367 0.0373049 0.0286899 0.0247887 0.0153202 0.00654259 0.00121912 0.000365735 0 0 0
 0 0 0 0 0 0 0 0 0 0 0 0 0.000112435 0.00938835 0.0111873 0.0202946 0.0414886 0.0713402 0.111592 0.104902 0.108894 0.110636 0.117776 0.105296 0.107544 0.0401394 0.0192827 0.0124803 0.00416011 0.0028671 0.000618394 0 0 0 0 0
 0 0 0 0 0 0 0 0 0 0 0.00291406 0.0102884 0.027416 0.0768956 0.0749926 0.110853 0.0956884 0.0897413 0.0766577 0.0534642 0.0500743 0.0551293 0.0594112 0.0620874 0.0668451 0.0424026 0.0208742 0.0120726 0.0048766 0.00582813 0.00118941 0.000297354 0 0 0 0
 0 0.00264628 0.0354308 0.0461629 0.0458689 0.0383711 0.0214643 0.0164657 0.0346957 0.0420465 0.0363128 0.0245516 0.0311673 0.0291091 0.0169068 0.0133784 0.00837989 0.0085269 0.0148486 0.0160247 0.0276389 0.0546898 0.0760071 0.122758 0.109233 0.0665981 0.0333725 0.0166128 0.00676272 0.00308733 0.000882094 0 0 0 0 0
 0 0 0 0 0 0 0 0.000805153 0.000690131 0.00759144 0.0133425 0.0154129 0.00931677 0.000345066 0.00356568 0.00563607 0.00851162 0.0253048 0.0502646 0.0516448 0.0657925 0.0565908 0.0611916 0.0827007 0.0866115 0.110766 0.145733 0.0935128 0.0569358 0.0249597 0.0138026 0.00621118 0.00161031 0.00115022 0 0
 0 0 0 0 0 0 0 0 0 0 0 0 0 0 0 0 0 0 0 0 0 0 0 0 0 0 0 0 0 0 0 0 0 0 0 0
 0.00147267 0.00158595 0.00478618 0.00569244 0.00954404 0.0108468 0.00647125 0.017049 0.0510054 0.094081 0.124002 0.0959785 0.0687766 0.0820023 0.061753 0.0591476 0.0492212 0.0479892 0.0443925 0.0268479 0.0217502 0.0140895 0.0121071 0.0120363 0.00920419 0.00665534 0.0049561 0.00860946 0.00930331 0.0156896 0.0114698 0.00855282 0.00243557 0.00046729 0 2.83206e-05
 0 0 0 0 0.000772559 0.00158375 0.000888443 0.00281984 0.00712685 0.0440552 0.0773331 0.111326 0.0921469 0.0852325 0.0710754 0.0886704 0.0786465 0.0553345 0.0373146 0.0185414 0.00753245 0.00457741 0.012979 0.0271748 0.0457355 0.0583668 0.034881 0.0177882 0.00938659 0.00492506 0.0015258 0.00185414 0.000309023 5.79419e-05 3.86279e-05 0
 0 0.00173294 0.00326652 0 0.00397197 0.00683976 0.00946217 0.0152591 0.00757587 0.0136028 0.0228656 0.0392903 0.0559909 0.0764795 0.0681675 0.0726916 0.0566044 0.0477403 0.0527397 0.0444891 0.0609904 0.0582453 0.0661739 0.0445044 0.0529084 0.0360697 0.0280645 0.0235558 0.0158879 0.00826598 0.00280645 0.00217768 0.000904811 0.00058276 9.20147e-05 0
 0 0 0 0 0 0 0 0 0 0 0 0 0 0 0 0 0 0 0 0 0 0 0 0 0 0 0 0 0 0 0 0 0 0 0 0
 0 0 0 0 0 0 0 0 0 0 0 0 0 0 0 0 0 0 0 0 0 0 0 0 0 0 0 0 0 0 0 0 0 0 0 0
 0 0 0 0 0 0 0 0 0 0 0 0 0 0 0 0 0 0 0 0 0 0 0 0 0 0 0 0 0 0 0 0 0 0 0 0
 0 0 0 0 0 0 0 0 0 0 0 0 0 0 0 0 0 0 0 0 0 0 0 0 0 0 0 0 0 0 0 0 0 0 0 0
 0 0 0 0 0 0 0 0 0 0 0 0 0 0 0 0 0 0 0 0 0 0 0 0 0 0 0 0 0 0 0 0 0 0 0 0
ppred_pel_tallas
 1.00693e-16 3.57279e-05 0.000209703 0.000996849 0.00383795 0.0119683 0.030231 0.0618562 0.102532 0.137693 0.149826 0.132128 0.0945195 0.0550363 0.0264743 0.0112592 0.0054682 0.00449046 0.00550244 0.00727149 0.00930922 0.0113408 0.0131249 0.0144415 0.0151284 0.0151167 0.0144443 0.013241 0.0116928 0.00999626 0.0083196 0.00677945 0.00543661 0.00430599 0.00337351 0.00261239
 1.00633e-16 3.36049e-05 0.000197233 0.000937556 0.00360964 0.0112563 0.0284326 0.0581771 0.0964355 0.129512 0.140939 0.124328 0.0890198 0.0519958 0.0253143 0.0112846 0.00624386 0.00587279 0.00751307 0.00997374 0.0127309 0.0154331 0.0177469 0.019367 0.0200749 0.0197892 0.018584 0.0166655 0.0143181 0.0118368 0.0094687 0.00737892 0.00564413 0.00426837 0.0032098 0.00240733
 1.01001e-16 2.86025e-05 0.000167856 0.000797874 0.0030718 0.00957906 0.0241961 0.0495095 0.0820717 0.110233 0.119988 0.105917 0.0759908 0.0446955 0.0223388 0.0109413 0.00744094 0.00820119 0.0109641 0.0146681 0.018758 0.0227706 0.0262271 0.0286806 0.0298077 0.029483 0.0278068 0.0250722 0.0216872 0.0180772 0.0146012 0.0115017 0.00889571 0.00679654 0.0051519 0.00388123
 1.01492e-16 3.10906e-05 0.000182471 0.000867374 0.00333942 0.0104136 0.0263041 0.053822 0.0892172 0.11982 0.130398 0.115045 0.0824068 0.0482014 0.0235956 0.0107402 0.0062629 0.0061832 0.00805331 0.0107749 0.0138556 0.0169504 0.0197197 0.0218431 0.0230783 0.0233129 0.0225852 0.0210641 0.0189995 0.0166595 0.0142761 0.012014 0.00996494 0.00816118 0.00659856 0.00525721
 1.01665e-16 3.096e-05 0.000181704 0.000863725 0.00332537 0.0103698 0.0261934 0.0535956 0.0888422 0.119317 0.129853 0.114568 0.0820728 0.0480226 0.0235387 0.0107655 0.00634683 0.00631983 0.00824531 0.0110246 0.014159 0.0172941 0.0200808 0.0221913 0.0233817 0.0235441 0.0227278 0.0211171 0.0189777 0.0165905 0.0141942 0.0119532 0.00995204 0.0082119 0.00671581 0.00543258
 1.02256e-16 2.53982e-05 0.000149042 0.000708426 0.00272739 0.00850504 0.0214833 0.043959 0.0728725 0.0978823 0.106559 0.0940966 0.067584 0.0398999 0.0202194 0.010365 0.00764775 0.0088632 0.0120172 0.0161557 0.0207469 0.0253148 0.0293524 0.0323782 0.0340348 0.0341681 0.0328576 0.030383 0.027145 0.0235657 0.0200033 0.016703 0.013789 0.0112885 0.00917006 0.0073794
 1.01824e-16 3.30755e-05 0.000194129 0.000922809 0.00355287 0.0110793 0.0279854 0.0572618 0.0949172 0.127469 0.138707 0.122339 0.0875504 0.051047 0.024685 0.010724 0.00554826 0.00490411 0.00618784 0.00826015 0.0106596 0.0131105 0.0153586 0.017164 0.0183406 0.0187941 0.0185367 0.0176745 0.016372 0.0148083 0.0131403 0.011481 0.00989705 0.0084192 0.00705783 0.00581634
 1.01345e-16 3.09513e-05 0.000181651 0.000863469 0.00332437 0.0103667 0.0261856 0.0535798 0.0888165 0.119284 0.129822 0.114551 0.0820851 0.0480778 0.0236545 0.0109664 0.00666454 0.00678942 0.00889742 0.0118749 0.0151974 0.0184763 0.0213257 0.0233879 0.0244031 0.0242693 0.0230631 0.0210137 0.0184401 0.0156737 0.012992 0.01058 0.0085239 0.00683068 0.0054587 0.00434791
 1.00951e-16 3.44676e-05 0.000202301 0.000961657 0.00370245 0.0115458 0.0291636 0.0596725 0.0989131 0.132836 0.144546 0.127488 0.0912325 0.0531884 0.0257093 0.011147 0.00572896 0.00501594 0.00628541 0.00833866 0.0106822 0.0130168 0.0150697 0.0165895 0.0173913 0.0173967 0.0166497 0.015299 0.0135568 0.0116469 0.00975952 0.0080255 0.00651152 0.0052321 0.00416933 0.00329191
 1.01087e-16 3.01554e-05 0.000176976 0.00084124 0.00323878 0.0100998 0.0255114 0.0522004 0.0865309 0.116217 0.12649 0.111628 0.0800248 0.0469411 0.0232256 0.0109863 0.00697245 0.00733467 0.00969188 0.0129464 0.0165602 0.0201149 0.0231879 0.0253863 0.0264254 0.0261939 0.0247781 0.022433 0.0195134 0.0163894 0.0133725 0.0106723 0.008389 0.00653351 0.00506053 0.0039016
 1.01947e-16 2.516e-05 0.000147643 0.000701772 0.00270177 0.00842514 0.0212814 0.0435462 0.0721884 0.0969644 0.105562 0.0932229 0.0669703 0.0395654 0.0201014 0.0103886 0.0077684 0.00907001 0.0123184 0.016564 0.0212696 0.0259479 0.0300775 0.0331625 0.0348335 0.0349302 0.0335321 0.0309262 0.0275251 0.023766 0.0200226 0.0165544 0.013497 0.0108854 0.00869231 0.00686383
 1.0274e-16 2.59738e-05 0.000152425 0.000724518 0.00278937 0.00869831 0.0219714 0.0449575 0.0745262 0.100099 0.108961 0.0961898 0.0690275 0.0406319 0.0203694 0.0100841 0.00700804 0.00785475 0.0105921 0.0142752 0.0184166 0.0226075 0.0264151 0.0294223 0.0313083 0.0319155 0.0312772 0.0295923 0.0271633 0.0243172 0.021338 0.0184287 0.015706 0.0132178 0.0109724 0.00896323
 1.01757e-16 3.20185e-05 0.00018792 0.000893284 0.00343919 0.0107248 0.0270899 0.0554298 0.0918816 0.123396 0.134284 0.11846 0.0848214 0.0495513 0.0241397 0.0107903 0.00601829 0.00571553 0.007359 0.00982583 0.0126297 0.0154477 0.01797 0.0199067 0.0210405 0.0212736 0.0206451 0.0193121 0.0175033 0.0154603 0.0133887 0.0114294 0.00965548 0.00808605 0.00670915 0.00550206
 1.00453e-16 3.6689e-05 0.000215345 0.00102367 0.00394124 0.0122904 0.0310446 0.0635209 0.105291 0.141398 0.153854 0.135677 0.0970473 0.0564867 0.0271312 0.0114671 0.0054603 0.00437024 0.00529258 0.00695886 0.00886825 0.0107432 0.012345 0.0134598 0.0139358 0.0137177 0.0128591 0.011506 0.00985892 0.0081251 0.00647763 0.00503131 0.0038383 0.00289941 0.0021831 0.00164452
 1.00172e-16 3.7852e-05 0.000222174 0.00105615 0.00406626 0.0126803 0.0320294 0.0655357 0.10863 0.14588 0.158727 0.139962 0.100087 0.058205 0.0278605 0.0116096 0.00528054 0.00397501 0.00469435 0.00613577 0.00779815 0.00941968 0.0107839 0.0116999 0.0120344 0.0117419 0.0108761 0.00957476 0.00802443 0.0064173 0.00491337 0.0036181 0.00257808 0.00179119 0.0012241 0.000830054
 1.00356e-16 3.29689e-05 0.000193497 0.000919788 0.00354122 0.011043 0.0278937 0.0570746 0.0946088 0.127061 0.138279 0.121998 0.0873875 0.0511147 0.0250199 0.011381 0.00661585 0.0064938 0.0084043 0.0111628 0.014224 0.0171988 0.0197101 0.0214128 0.0220631 0.0215758 0.0200449 0.0177165 0.0149259 0.0120191 0.00928534 0.00691623 0.00499826 0.00353069 0.00245688 0.00169595
 1.01027e-16 2.89482e-05 0.000169887 0.000807531 0.00310898 0.00969503 0.024489 0.0501088 0.0830646 0.111565 0.121434 0.107184 0.0768785 0.0451754 0.0225006 0.0108923 0.00724459 0.00787324 0.0104948 0.0140445 0.0179789 0.0218551 0.0252174 0.027639 0.0288082 0.0285991 0.0270989 0.0245768 0.021412 0.0180026 0.0146866 0.0116957 0.00914576 0.00705736 0.00539024 0.00407733
 1.01156e-16 3.33999e-05 0.000196032 0.000931851 0.00358768 0.0111879 0.0282597 0.057823 0.0958479 0.128721 0.140073 0.123552 0.088437 0.0516016 0.0250229 0.0109882 0.00585057 0.00531537 0.00674778 0.00898308 0.011532 0.0140861 0.0163567 0.0180753 0.019041 0.0191639 0.0184817 0.017143 0.0153636 0.0133736 0.0113708 0.00949336 0.00781583 0.00636062 0.00511813 0.00406527
 1.01004e-16 3.26722e-05 0.000191757 0.000911519 0.00350939 0.0109437 0.0276429 0.0565614 0.0937576 0.125917 0.137029 0.120886 0.08657 0.0505949 0.0246887 0.0111025 0.00628162 0.00603254 0.00777413 0.0103479 0.0132386 0.0160938 0.0185741 0.0203662 0.0212428 0.0211131 0.0200429 0.0182309 0.0159554 0.0135065 0.0111288 0.00898687 0.00716015 0.00565835 0.00444809 0.00347846
 1.01062e-16 3.23234e-05 0.000189709 0.000901784 0.00347191 0.0108268 0.0273477 0.0559573 0.0927564 0.124572 0.135567 0.119599 0.0856537 0.0500705 0.0244536 0.0110327 0.00629345 0.00608962 0.0078694 0.010487 0.0134312 0.0163494 0.0189004 0.0207677 0.021719 0.0216583 0.0206457 0.0188748 0.0166194 0.0141674 0.011763 0.00957307 0.00768118 0.00610295 0.00481157 0.0037625
 1.01251e-16 3.161e-05 0.00018552 0.000881868 0.00339522 0.0105877 0.0267436 0.0547214 0.0907082 0.121823 0.132578 0.116969 0.0837861 0.0490108 0.0239961 0.0109283 0.0063771 0.00629284 0.00818199 0.0109211 0.0140013 0.0170634 0.0197555 0.0217494 0.0228029 0.0228135 0.0218385 0.0200729 0.0177944 0.0152958 0.012826 0.010556 0.00857268 0.00689485 0.00549913 0.00434479
 1.01438e-16 3.11706e-05 0.00018294 0.000869602 0.00334799 0.0104404 0.0263717 0.0539603 0.0894467 0.120129 0.130736 0.115348 0.0826322 0.048351 0.0237016 0.0108428 0.00639532 0.00636863 0.00830552 0.0110977 0.0142405 0.0173738 0.0201431 0.0222166 0.0233478 0.0234302 0.0225177 0.0208018 0.0185579 0.0160765 0.0136054 0.0113148 0.00929267 0.00755987 0.00609649 0.00486621
 1.01554e-16 3.08385e-05 0.00018099 0.000860332 0.0033123 0.0103291 0.0260905 0.053385 0.0884933 0.118849 0.129345 0.114124 0.0817631 0.0478581 0.0234893 0.0107953 0.00643586 0.00646538 0.00845365 0.0113026 0.0145083 0.0177074 0.0205401 0.0226693 0.0238442 0.0239557 0.0230572 0.0213419 0.0190876 0.0165875 0.0140916 0.0117715 0.00971591 0.00794605 0.00644249 0.00516976
 1.01677e-16 3.02935e-05 0.00017779 0.000845114 0.0032537 0.0101463 0.0256289 0.0524408 0.0869284 0.116749 0.127062 0.112115 0.080339 0.0470539 0.0231493 0.0107316 0.00652493 0.00665776 0.00874401 0.0117015 0.0150261 0.0183464 0.0212919 0.0235139 0.024753 0.0248953 0.0239944 0.022248 0.0199412 0.0173751 0.0148063 0.0124114 0.0102818 0.00844003 0.00686737 0.00552885
 1.03577e-16 1.67538e-05 9.82793e-05 0.000467067 0.00179805 0.00560689 0.014163 0.0289822 0.0480523 0.0645663 0.0703491 0.0622627 0.0450275 0.0272027 0.0149311 0.00952707 0.00933175 0.0123171 0.0171858 0.0232241 0.0298763 0.0365133 0.0424218 0.0469142 0.0494746 0.0498727 0.0482073 0.0448608 0.040388 0.0353765 0.0303277 0.0255882 0.021339 0.017629 0.0144274 0.0116735
 1.0511e-16 2.51868e-05 0.000147813 0.00070261 0.00270504 0.00843538 0.0213071 0.0435977 0.07227 0.0970624 0.105638 0.0932171 0.0668078 0.0391524 0.0193105 0.00904461 0.00564989 0.00593463 0.00795205 0.0108481 0.0142535 0.0179059 0.0215279 0.0248321 0.0275652 0.02955 0.0307065 0.0310447 0.0306391 0.0295945 0.0280185 0.0260095 0.0236584 0.0210573 0.0183075 0.0155206
 1.02805e-16 3.2143e-05 0.000188654 0.000896776 0.00345264 0.0107667 0.0271959 0.0556464 0.0922399 0.123875 0.1348 0.118901 0.0851083 0.04966 0.024083 0.0105797 0.00564225 0.00514126 0.00654641 0.00874456 0.0112748 0.013852 0.0162101 0.0181005 0.0193355 0.0198269 0.0196008 0.0187799 0.0175437 0.0160788 0.0145387 0.0130229 0.0115764 0.0102059 0.00890081 0.00765122
pSPR Fmed_Fpbrs
0.517301   0.6 0.325
Fs Fmed_Fpbrs
0.64   0.449805 1.53956
SSBpbr Bo_Bmed_Bpbrs
940327  439416  517180 258590
Ro
37049.1
SPR SPRFo_SPRFmed_SPRFpbrs
765221 395850 248697
log_Ro
10.34
likeval ReclasPelacesDesembMPH_pf_preclas_ppelaces_ptallas_desvR_qrecl_qpela
 66.3079 13.557 0.0171669 48.6531 331.319 212.171 55.5713 0 17.611 3.85431e-06 5.36651e-05 1.50066e-14 0 0 0
q_reclas_q_pelaces
0.757146 2.8355
M
0.7
N
 38444.2 10421.1 3365.25 392.786 0.243318
 45309.1 17197.6 2574.06 616.845 70.4092
 23819.1 20565.4 4681.62 542.044 141.879
 31761.7 10187 3761.36 558.876 78.9821
 51776.6 15282.8 4097.1 1382.5 232.818
 36885.1 25559.1 7293.43 1922.33 756.901
 73055.5 17208.6 8362.57 1996.77 723.385
 75198 34796.3 6465.78 2789.2 898.878
 117827 34467.7 10113.7 1494.98 837.684
 117127 53803 9767.9 2255.5 510.547
 64841.9 55108.5 18626.3 2898.66 811.079
 44778 29181.3 14170.5 3615.79 704.578
 42130.7 20374.5 8075.92 3055.06 913.582
 26766.5 18123.4 3873.8 1018.94 485
 16516.4 9778.01 1155.21 102.737 37.2433
 12092.5 6020.76 614.47 30.0222 3.39595
 8203.18 5343.18 1369.49 100.131 5.30715
 11584.6 3674.64 1331.95 254.332 19.1421
 15113 5303.76 1059.81 304.581 61.4266
 20294 7050.85 1735.16 290.113 98.8159
 29900.6 9521.75 2395.78 501.367 110.97
 43467.2 14464.6 3969.19 926.756 235.499
 60471.1 20941.6 5866.87 1476.58 429.477
 79811.8 29056.3 8344.1 2127.79 686.249
 30015.7 38355.6 11589.5 3030.78 1014.71
 42800.3 14486.7 15743.1 4385.21 1521.04
 77631.9 20629.6 5893.39 5881.6 2191.97
pred_Ctot
 2758.37 3918.85 1614.46 191.169 0.118513
 2816.08 5782.43 1118.98 272.299 31.1067
 2397.4 9879.95 2764.97 323.929 84.8406
 710.267 1409.65 715.142 108.388 15.3339
 220.807 429.37 163.057 56.2543 9.48464
 1610.37 6422 2434.58 652.906 257.312
 2151.38 3060.65 2020.26 491.632 178.287
 4182.25 10699.5 2594.71 1137.39 366.861
 6851.37 10987.7 4192.3 629.544 353.047
 4437.89 11963.4 2911.17 684.423 155.072
 4396.02 19838.1 8600.68 1358.39 380.39
 2709.65 9605.04 6044.43 1566.44 305.489
 4086.02 9542.76 4670.71 1788.4 535.145
 5179.38 12653.6 3043.82 805.538 383.549
 3215.24 6845.45 909.405 81.3691 29.5066
 964.884 2452.49 315.892 15.6458 1.77105
 581.199 1989.99 651.493 48.329 2.5635
 653.282 1142.71 539.956 104.761 7.8914
 659.963 1332.87 353.829 103.466 20.8858
 807.762 1636.32 538.144 91.5896 31.226
 556.369 1110.6 386.33 82.5067 18.2813
 933.596 1928.29 728.077 173.424 44.1157
 1411.39 3014.39 1158.46 297.372 86.5842
 1854.04 4164.32 1640.77 426.748 137.778
 607.287 4837.29 2015.31 537.73 180.225
 905.902 1905.19 2850.32 809.984 281.248
 2522.59 4006.71 1547.24 1573.17 586.872
F
 0.104437 0.698343 0.996638 1.01956 1.02079
 0.0898983 0.601125 0.857893 0.877623 0.878686
 0.149375 0.998828 1.42547 1.45826 1.46002
 0.0315302 0.210834 0.300891 0.307811 0.308184
 0.00594556 0.0397563 0.056738 0.0580429 0.0581133
 0.0623963 0.417226 0.595443 0.609137 0.609876
 0.0417075 0.278886 0.398012 0.407165 0.407659
 0.0801021 0.53562 0.764409 0.781989 0.782936
 0.083886 0.560922 0.800517 0.818928 0.81992
 0.0539512 0.360757 0.514852 0.526693 0.527332
 0.0984249 0.65814 0.939262 0.960863 0.962028
 0.087433 0.58464 0.834366 0.853555 0.85459
 0.143575 0.960048 1.37013 1.40164 1.40334
 0.307015 2.05292 2.92982 2.9972 3.00083
 0.30914 2.06713 2.9501 3.01795 3.0216
 0.116765 0.780773 1.11428 1.1399 1.14129
 0.103067 0.689177 0.983557 1.00618 1.0074
 0.0812604 0.543365 0.775462 0.793296 0.794258
 0.0624101 0.417319 0.595575 0.609272 0.610011
 0.0567451 0.379438 0.541514 0.553968 0.554639
 0.0261739 0.175017 0.249775 0.25552 0.255829
 0.0302667 0.202385 0.288833 0.295475 0.295834
 0.0329287 0.220185 0.314236 0.321463 0.321853
 0.0327715 0.219134 0.312736 0.319929 0.320316
 0.0284888 0.190496 0.271866 0.278119 0.278456
 0.0298206 0.199402 0.284576 0.291121 0.291473
 0.04611 0.308324 0.440024 0.450144 0.450689
Np
 26778.9 12700 13439.1 2409.14 786.4
YTP_r0W_actual
 20644.1 86391.9 48502.3 62979.4 26072.5
YTP_p0W_proyectada
 7121.13 154167 61940.9 20181.9 29156.6
 7121.13 53184.5 110603 25796.8 9353.9
CTP_r0_actual
 2517.57 3999.62 1544.66 1570.56 585.899
CTP_p0_proyectada
 868.43 7137.36 1972.64 503.289 655.205
 868.43 2462.24 3522.4 643.311 210.2
Wmedp
 8.2 21.6 31.4 40.1 44.5
nmprior
 10.8 10.6 4.6 0
nm_flota  nm_reclas  nm_pelaces    nm_pelaL
inf 18.0994 18.8578 61.0502
cv_recla  cv_pelaces  cv_mph
0.705202 0.403341 0.559259
 ------------------------------------------------
Talla a la edad & desviaci?n 
 7.2 14.2025 17.0495 18.207 18.6776
 1.08 2.13037 2.55742 2.73105 2.80164
