years
 1997 1998 1999 2000 2001 2002 2003 2004 2005 2006 2007 2008 2009 2010 2011 2012 2013 2014 2015 2016 2017 2018 2019 2020 2021 2022 2023
reclasobs
 0 0 0 370054 412103 1.49427e+06 250295 1.28982e+06 931140 785840 897777 1.04006e+06 184774 17550 25797 100020 73551 82996 120727 218422 84188 347160 605670 569463 516374 1.08416e+06 1.01767e+06
reclaspred
 437096 126414 414659 286227 361765 409813 888137 607664 729932 649907 516074 351352 214787 105279 77908.1 72998.8 78831.9 109900 125950 185070 275060 272007 486319 626279 724033 672889 684533
pelacesobs
 0 0 0 0 0 0 0 0 0 2.06254e+06 1.5e+06 0 1.87456e+06 323000 250000 174000 83755 137374 0 501740 490994 745055 786931 1.00524e+06 1.33801e+06 1.41789e+06 0
pelacespred
 1.61621e+06 409832 808513 862727 929632 879455 2.12906e+06 1.80554e+06 1.93303e+06 1.74008e+06 1.25253e+06 881678 539135 226010 163783 162382 182143 251533 292787 420551 703046 663362 981746 1.45127e+06 1.668e+06 1.71219e+06 1.63985e+06
mphobs
 0 0 0 0 0 0 112323 0 153150 637223 0 255016 313432 73983 77613 109348 50772 17779 17303 59886 28197 0 207744 136588 643089 65757 70829
mphpred
 138386 93166.3 120310 157239 147198 200000 296725 342812 310119 334127 301580 215708 132108 100071 51073.8 44043.7 44419.7 56681.7 27632.8 33339.5 52620.7 66110.5 88867.2 132116 170639 168951 151335
desembarqueobs
 350755 77701 442110 56441 14545 235359 269955 359681 431902 328805 639364 411747 362871 311530 167758 66681 60226 58785 57116 73181 50977 67692 138656 160484 209506 203330 245020
desembarquepred
 350768 77705.7 442168 56443.6 14545.2 235428 269990 359713 431931 328856 639697 412052 363399 312095 167844 66707.6 60261.8 58791.7 57111.4 73184.5 50977.8 67686.9 138661 160491 209523 203342 245019
Reclutas
 67687.4 83006.7 51356.4 69365.5 105158 78897 131219 131499 176798 146582 71428.7 42373.2 41529.1 25404.3 19828.5 20138.3 15628 21847.2 28839.4 44177.8 61481 91561.1 130117 168491 63528.1 90659.9 166921
log_desv_Rt
 0.0626551 0.266677 -0.213454 0.0871455 0.503218 0.215899 0.724619 0.726756 1.02276 0.835337 0.116455 -0.405729 -0.425851 -0.917326 -1.16513 -1.14962 -1.40318 -1.06817 -0.790501 -0.364023 -0.033516 0.364762 0.716191 0.974638 -0.000762002 0.354871 0.965276
SSB
 805083 542012 699923 914767 856348 1.16354e+06 1.685e+06 1.97614e+06 1.77112e+06 1.91011e+06 1.75449e+06 1.25492e+06 787704 419277 219706 191840 200516 247036 320130 402834 607935 746371 1.02754e+06 1.46808e+06 2.05157e+06 2.08145e+06 1.76597e+06
BT
 2.79126e+06 762777 1.48836e+06 1.39065e+06 1.44507e+06 1.54516e+06 3.46958e+06 3.19286e+06 3.37636e+06 3.00073e+06 2.51304e+06 1.74151e+06 1.19039e+06 651403 396987 306326 332150 435320 500395 707408 1.12611e+06 1.08586e+06 1.60865e+06 2.37042e+06 2.73566e+06 2.82079e+06 2.74182e+06
Ftot
 0.377063 0.278945 0.386146 0.0731009 0.0164506 0.184566 0.118678 0.232455 0.246644 0.185932 0.390026 0.355551 0.550274 0.949342 0.822395 0.335714 0.290052 0.212842 0.170537 0.160849 0.0754675 0.0939066 0.102046 0.0995226 0.0893502 0.0965605 0.133477
BD_Bspro_t
 0.955759 0.796065 0.769275 0.669216 0.761133 0.850894 0.81847 0.825434 0.784167 0.761664 0.724947 0.584419 0.476555 0.366021 0.255069 0.272774 0.360813 0.497957 0.617887 0.716299 0.80412 0.866925 0.881213 0.884723 0.888911 0.859662 0.838474
BD_Bspro
 0.613104 0.412765 0.533021 0.696633 0.652145 0.886082 1.2832 1.50491 1.34878 1.45463 1.33612 0.955673 0.59987 0.319297 0.167316 0.146095 0.152701 0.188128 0.243793 0.306775 0.462968 0.568393 0.782517 1.11801 1.56236 1.58511 1.34486
BD_Bo
 0.308949 0.207996 0.268594 0.35104 0.328622 0.446505 0.646617 0.758339 0.679663 0.733001 0.673284 0.481573 0.30228 0.160897 0.084312 0.0736185 0.0769476 0.0947997 0.122849 0.154587 0.233294 0.286419 0.394318 0.563374 0.787286 0.798752 0.677688
BD_Brms
 0.561726 0.378175 0.488353 0.638255 0.597495 0.811828 1.17567 1.3788 1.23575 1.33273 1.22415 0.875587 0.5496 0.29254 0.153295 0.133852 0.139905 0.172363 0.223363 0.281067 0.424171 0.520762 0.716942 1.02432 1.43143 1.45228 1.23216
S_f
 0.194322 0.976308 0.999858 0.999999 1
 0.194322 0.976308 0.999858 0.999999 1
 0.194322 0.976308 0.999858 0.999999 1
 0.194322 0.976308 0.999858 0.999999 1
 0.194322 0.976308 0.999858 0.999999 1
 0.194322 0.976308 0.999858 0.999999 1
 0.194322 0.976308 0.999858 0.999999 1
 0.194322 0.976308 0.999858 0.999999 1
 0.194322 0.976308 0.999858 0.999999 1
 0.194322 0.976308 0.999858 0.999999 1
 0.194322 0.976308 0.999858 0.999999 1
 0.194322 0.976308 0.999858 0.999999 1
 0.194322 0.976308 0.999858 0.999999 1
 0.194322 0.976308 0.999858 0.999999 1
 0.194322 0.976308 0.999858 0.999999 1
 0.194322 0.976308 0.999858 0.999999 1
 0.194322 0.976308 0.999858 0.999999 1
 0.194322 0.976308 0.999858 0.999999 1
 0.194322 0.976308 0.999858 0.999999 1
 0.194322 0.976308 0.999858 0.999999 1
 0.194322 0.976308 0.999858 0.999999 1
 0.194322 0.976308 0.999858 0.999999 1
 0.194322 0.976308 0.999858 0.999999 1
 0.194322 0.976308 0.999858 0.999999 1
 0.194322 0.976308 0.999858 0.999999 1
 0.194322 0.976308 0.999858 0.999999 1
 0.194322 0.976308 0.999858 0.999999 1
Scru_reclas
 1 1 1 1 1
 1 1 1 1 1
 1 1 1 1 1
 1 1 1 1 1
 1 1 1 1 1
 1 1 1 1 1
 1 1 1 1 1
 1 1 1 1 1
 1 1 1 1 1
 1 1 1 1 1
 1 1 1 1 1
 1 1 1 1 1
 1 1 1 1 1
 1 1 1 1 1
 1 1 1 1 1
 1 1 1 1 1
 1 1 1 1 1
 1 1 1 1 1
 1 1 1 1 1
 1 1 1 1 1
 1 1 1 1 1
 1 1 1 1 1
 1 1 1 1 1
 1 1 1 1 1
 1 1 1 1 1
 1 1 1 1 1
 1 1 1 1 1
Scru_pelaces
 1 1 1 1 1
 1 1 1 1 1
 1 1 1 1 1
 1 1 1 1 1
 1 1 1 1 1
 1 1 1 1 1
 1 1 1 1 1
 1 1 1 1 1
 1 1 1 1 1
 1 1 1 1 1
 1 1 1 1 1
 1 1 1 1 1
 1 1 1 1 1
 1 1 1 1 1
 1 1 1 1 1
 1 1 1 1 1
 1 1 1 1 1
 1 1 1 1 1
 1 1 1 1 1
 1 1 1 1 1
 1 1 1 1 1
 1 1 1 1 1
 1 1 1 1 1
 1 1 1 1 1
 1 1 1 1 1
 1 1 1 1 1
 1 1 1 1 1
pf_obs 
 0.256992 0.487395 0.22802 0.0275931 0
 0.321318 0.546541 0.124235 0.00734118 0.000564706
 0.182869 0.594174 0.210203 0.0122559 0.00049798
 0.330522 0.361315 0.267642 0.0388342 0.00168674
 0.649043 0.306663 0.0425973 0.00169635 0
 0.582887 0.30429 0.105238 0.00758474 0
 0.465427 0.430635 0.0974691 0.00646863 0
 0.296916 0.608066 0.0921331 0.00288517 0
 0.311714 0.524322 0.152257 0.0117073 0
 0.15457 0.633149 0.183074 0.0267441 0.00246327
 0.131901 0.49318 0.331252 0.0422183 0.00144891
 0.196976 0.569456 0.194076 0.0375587 0.00193317
 0.518974 0.381816 0.0799577 0.0180837 0.00116848
 0.0928022 0.601141 0.25162 0.0475244 0.00691264
 0.122501 0.610282 0.24278 0.0234846 0.000952079
 0.383417 0.481906 0.127806 0.00687128 0
 0.0376549 0.599619 0.316969 0.0457579 0
 0.0361596 0.667082 0.258105 0.0386534 0
 0.158088 0.579412 0.248529 0.0139706 0
 0.0477256 0.309471 0.559284 0.082774 0.000745712
 0.0406174 0.521527 0.379366 0.0568643 0.0016247
 0.151134 0.462217 0.34131 0.0453401 0
 0.294876 0.26143 0.354403 0.0886775 0.000613685
 0.281977 0.475581 0.204845 0.0348837 0.00271318
 0.0841818 0.532909 0.334909 0.0458182 0.00218182
 0.115287 0.27431 0.454777 0.147771 0.00785563
 0 0 0 0 0
pf_pred 
 0.385538 0.433324 0.162065 0.0190619 1.07597e-05
 0.313612 0.539994 0.104114 0.0378288 0.00445113
 0.176306 0.592528 0.182923 0.0343111 0.0139312
 0.250194 0.418129 0.240529 0.0721291 0.0190193
 0.281111 0.453528 0.149593 0.083957 0.0318109
 0.175186 0.545488 0.177775 0.0572518 0.0442999
 0.277266 0.385347 0.225105 0.0714652 0.0408173
 0.228941 0.514995 0.138142 0.0786817 0.0392406
 0.275359 0.4495 0.185405 0.0484147 0.0413217
 0.201119 0.541668 0.161188 0.06471 0.0313147
 0.117149 0.508371 0.256049 0.0742219 0.0442095
 0.112897 0.391061 0.289162 0.141461 0.0654192
 0.177283 0.352091 0.210801 0.151473 0.108352
 0.176006 0.479957 0.149905 0.0869638 0.107168
 0.234031 0.479755 0.169347 0.0509282 0.0659388
 0.269588 0.504684 0.143266 0.0487951 0.0336664
 0.199345 0.544812 0.178319 0.049206 0.0283174
 0.271254 0.425829 0.207939 0.0662017 0.0287761
 0.281421 0.48164 0.139981 0.0665614 0.0303976
 0.312055 0.465528 0.150354 0.0425764 0.0294864
 0.294513 0.498669 0.141119 0.0444144 0.021284
 0.298711 0.477544 0.159294 0.043979 0.0204715
 0.292191 0.486432 0.151944 0.049435 0.0199985
 0.271738 0.496103 0.160794 0.0489834 0.0223805
 0.0947209 0.596251 0.212189 0.067074 0.0297644
 0.174007 0.28926 0.35651 0.123753 0.0564699
 0.291657 0.370622 0.1202 0.144489 0.0730316
pobs_RECLAS
 0 0 0 0 0
 0 0 0 0 0
 0 0 0 0 0
 0 0 0 0 0
 0.835266 0.146461 0.0176864 0.000547809 3.91292e-05
 0.385257 0.428462 0.181853 0.0044286 0
 0.867414 0.0963971 0.0333333 0.00285562 0
 0.441836 0.489002 0.0689373 0.000224442 0
 0.779404 0.147425 0.0564933 0.0165055 0.000172143
 0.814271 0.122319 0.05973 0.00367925 0
 0.40263 0.566651 0.0304383 0.000280538 0
 0.475488 0.404961 0.113038 0.00651328 0
 0.955842 0.0263864 0.0167828 0.000988607 0
 0.975058 0.0227948 0.00214734 0 0
 0.738997 0.206755 0.0527124 0.00153531 0
 0.850938 0.134255 0.0134407 0.00136685 0
 0.542534 0.407297 0.0501686 0 0
 0.764087 0.199537 0.0359546 0.000420521 0
 0.470689 0.182191 0.310203 0.0369168 0
 0.84361 0.089868 0.0606195 0.00523954 0.000663233
 0.607945 0.314616 0.071237 0.00620181 0
 0.523733 0.453247 0.0230204 0 0
 0.530135 0.295979 0.169645 0.0042399 0
 0.562478 0.366248 0.0663022 0.0049721 0
 0.250443 0.683176 0.0655157 0.000865301 0
 0.195077 0.31981 0.436473 0.0351445 0.0134964
 0.565238 0.351407 0.0832357 0.000118908 0
ppred_RECLAS
 0.764526 0.167258 0.0610344 0.00717774 4.05153e-06
 0.700909 0.236517 0.0445044 0.0161679 0.00190239
 0.525607 0.343607 0.103495 0.0194099 0.00788093
 0.629654 0.208711 0.11722 0.0351468 0.00926765
 0.664814 0.213321 0.0687037 0.0385535 0.0146077
 0.520662 0.319597 0.101671 0.0327382 0.025332
 0.662232 0.182113 0.103858 0.0329677 0.0188295
 0.6036 0.266887 0.0698743 0.0397926 0.0198456
 0.661333 0.212012 0.0853504 0.0222843 0.0190195
 0.562761 0.298764 0.0867833 0.0348348 0.0168574
 0.408107 0.344392 0.169235 0.0490497 0.0292159
 0.398245 0.268928 0.19403 0.0949074 0.0438903
 0.532393 0.203011 0.118527 0.0851557 0.0609139
 0.539243 0.271382 0.0825225 0.0478659 0.0589866
 0.622481 0.238766 0.0821028 0.0246871 0.0319634
 0.655753 0.239657 0.0663854 0.022607 0.0155978
 0.561645 0.3006 0.0960174 0.0264915 0.0152455
 0.656404 0.202794 0.0966586 0.0307688 0.0133744
 0.666754 0.225137 0.0638729 0.0303675 0.0138684
 0.698405 0.205674 0.0648455 0.01836 0.0127152
 0.679462 0.228156 0.0630383 0.0198372 0.00950627
 0.684169 0.216707 0.070574 0.0194818 0.00906845
 0.677423 0.223346 0.0681112 0.0221568 0.00896333
 0.65496 0.23684 0.0749437 0.0228271 0.0104297
 0.347381 0.43335 0.150565 0.0475873 0.0211171
 0.51925 0.170995 0.205756 0.0714127 0.0325863
 0.678099 0.170364 0.0539393 0.0648299 0.032768
pobs_PELACES
 0 0 0 0 0
 0 0 0 0 0
 0 0 0 0 0
 0 0 0 0 0
 0 0 0 0 0
 0 0 0 0 0
 0 0 0 0 0
 0 0 0 0 0
 0 0 0 0 0
 0 0 0 0 0
 0.450072 0.473896 0.0757376 0.000293798 0
 0 0 0 0 0
 0.463077 0.371075 0.160297 0.00555027 0
 0.529543 0.364841 0.0842815 0.0213345 0
 0.631943 0.363953 0.00410389 0 0
 0.735681 0.248677 0.0153453 0.000297389 0
 0.695825 0.281241 0.0229344 0 0
 0.275771 0.60734 0.115278 0.00161068 0
 0 0 0 0 0
 0.896147 0.0623911 0.0374545 0.00400742 0
 0.803859 0.145111 0.0509908 3.86294e-05 0
 0.739449 0.233085 0.0266225 0.000797448 4.60066e-05
 0.878498 0.100942 0.0204185 0.000141795 0
 0.694673 0.275183 0.0284847 0.00165964 0
 0.469039 0.446079 0.0841089 0.000773354 0
 0.822795 0.102175 0.0682046 0.00682512 0
 0 0 0 0 0
ppred_PELACES
 0.781735 0.155166 0.0564561 0.00663921 3.74755e-06
 0.71587 0.224788 0.0422058 0.0153326 0.00180411
 0.550574 0.325792 0.0978356 0.0183481 0.00744981
 0.6341 0.206257 0.115776 0.0347137 0.00915345
 0.66577 0.212723 0.0685023 0.0384404 0.0145649
 0.532654 0.31175 0.099033 0.0318884 0.0246744
 0.669142 0.178463 0.101683 0.032277 0.018435
 0.618 0.257344 0.0672543 0.0383002 0.0191013
 0.675596 0.203229 0.0816579 0.02132 0.0181965
 0.574641 0.290779 0.084342 0.0338546 0.0163831
 0.432936 0.330364 0.16185 0.0469085 0.0279405
 0.420797 0.259245 0.186528 0.0912365 0.0421926
 0.568119 0.187956 0.109269 0.0785022 0.0561545
 0.599964 0.236334 0.0713369 0.041376 0.0509889
 0.671431 0.208296 0.0711689 0.0213986 0.0277057
 0.675211 0.22629 0.0625194 0.0212901 0.0146892
 0.580153 0.288113 0.0918215 0.0253335 0.0145791
 0.668834 0.19559 0.0930712 0.0296266 0.0128779
 0.676554 0.218611 0.0619391 0.0294479 0.0134484
 0.707158 0.199784 0.06291 0.0178118 0.0123356
 0.683725 0.22516 0.062174 0.0195652 0.00937589
 0.689431 0.213145 0.0693635 0.0191475 0.00891286
 0.683203 0.219397 0.0668541 0.0217478 0.00879785
 0.660795 0.232891 0.0736372 0.0224291 0.0102478
 0.35268 0.429932 0.149273 0.047179 0.0209359
 0.525588 0.168823 0.202989 0.0704522 0.032148
 0.685677 0.166435 0.0526408 0.0632687 0.0319789
pobs_pel_tallas
 0 0 0 0 0 0 0 0 0 0 0 0 0 0 0 0 0 0 0 0 0 0 0 0 0 0 0 0 0 0 0 0 0 0 0 0
 0 0 0 0 0 0 0 0 0 0 0 0 0 0 0 0 0 0 0 0 0 0 0 0 0 0 0 0 0 0 0 0 0 0 0 0
 0 0 0 0 0 0 0 0 0 0 0 0 0 0 0 0 0 0 0 0 0 0 0 0 0 0 0 0 0 0 0 0 0 0 0 0
 0 0 0 0 0 0 0 0 0 0 0 0 0 0 0 0 0 0 0 0 0 0 0 0 0 0 0 0 0 0 0 0 0 0 0 0
 0 0 0 0 0 0 0 0 0 0 0 0 0 0 0 0 0 0 0 0 0 0 0 0 0 0 0 0 0 0 0 0 0 0 0 0
 0 0 0 0 0 0 0 0 0 0 0 0 0 0 0 0 0 0 0 0 0 0 0 0 0 0 0 0 0 0 0 0 0 0 0 0
 0 0 0 0 0 0 0 0 0 0 0 0 0 0 0 0 0 0 0 0 0 0 0 0 0 0 0 0 0 0 0 0 0 0 0 0
 0 0 0 0 0 0 0 0 0 0 0 0 0 0 0 0 0 0 0 0 0 0 0 0 0 0 0 0 0 0 0 0 0 0 0 0
 0 0 0 0 0 0 0 0 0 0 0 0 0 0 0 0 0 0 0 0 0 0 0 0 0 0 0 0 0 0 0 0 0 0 0 0
 0 0 0 0 0 0 0 0 0 0 0 0 0 0 0 0 0 0 0 0 0 0 0 0 0 0 0 0 0 0 0 0 0 0 0 0
 0 0 0 0 0 0 0 0 1.78061e-05 0.00172719 0.00360574 0.0105946 0.0120993 0.0124554 0.0147524 0.0171206 0.0266825 0.0428682 0.0675386 0.121331 0.153587 0.119568 0.100827 0.0573624 0.0630603 0.0341343 0.0324427 0.0444173 0.0211091 0.0280891 0.0125444 0.00206551 0 0 0 0
 0 0 0 0 0 0 0 0 0 0 0 0 0 0 0 0 0 0 0 0 0 0 0 0 0 0 0 0 0 0 0 0 0 0 0 0
 0 0 0 0 0 0 0.0133647 0.0140871 0.0187388 0.0205184 0.03894 0.0496705 0.03968 0.0493445 0.0407372 0.0367815 0.0215668 0.0243155 0.0234873 0.0199281 0.019796 0.0243948 0.0301388 0.0376714 0.0412746 0.0863199 0.0771752 0.113111 0.0741005 0.0525337 0.0229764 0.00759418 0.00175318 0 0 0
 0 0 0 0 0 0 0 0 0 0 0.00219441 0.00772107 0.0458388 0.0604681 0.0671733 0.0775358 0.0609151 0.0617685 0.073594 0.0568108 0.0755445 0.0548602 0.0670107 0.0636378 0.0643287 0.046367 0.0373049 0.0286899 0.0247887 0.0153202 0.00654259 0.00121912 0.000365735 0 0 0
 0 0 0 0 0 0 0 0 0 0 0 0 0.000112435 0.00938835 0.0111873 0.0202946 0.0414886 0.0713402 0.111592 0.104902 0.108894 0.110636 0.117776 0.105296 0.107544 0.0401394 0.0192827 0.0124803 0.00416011 0.0028671 0.000618394 0 0 0 0 0
 0 0 0 0 0 0 0 0 0 0 0.00291406 0.0102884 0.027416 0.0768956 0.0749926 0.110853 0.0956884 0.0897413 0.0766577 0.0534642 0.0500743 0.0551293 0.0594112 0.0620874 0.0668451 0.0424026 0.0208742 0.0120726 0.0048766 0.00582813 0.00118941 0.000297354 0 0 0 0
 0 0.00264628 0.0354308 0.0461629 0.0458689 0.0383711 0.0214643 0.0164657 0.0346957 0.0420465 0.0363128 0.0245516 0.0311673 0.0291091 0.0169068 0.0133784 0.00837989 0.0085269 0.0148486 0.0160247 0.0276389 0.0546898 0.0760071 0.122758 0.109233 0.0665981 0.0333725 0.0166128 0.00676272 0.00308733 0.000882094 0 0 0 0 0
 0 0 0 0 0 0 0 0.000805153 0.000690131 0.00759144 0.0133425 0.0154129 0.00931677 0.000345066 0.00356568 0.00563607 0.00851162 0.0253048 0.0502646 0.0516448 0.0657925 0.0565908 0.0611916 0.0827007 0.0866115 0.110766 0.145733 0.0935128 0.0569358 0.0249597 0.0138026 0.00621118 0.00161031 0.00115022 0 0
 0 0 0 0 0 0 0 0 0 0 0 0 0 0 0 0 0 0 0 0 0 0 0 0 0 0 0 0 0 0 0 0 0 0 0 0
 0.00147267 0.00158595 0.00478618 0.00569244 0.00954404 0.0108468 0.00647125 0.017049 0.0510054 0.094081 0.124002 0.0959785 0.0687766 0.0820023 0.061753 0.0591476 0.0492212 0.0479892 0.0443925 0.0268479 0.0217502 0.0140895 0.0121071 0.0120363 0.00920419 0.00665534 0.0049561 0.00860946 0.00930331 0.0156896 0.0114698 0.00855282 0.00243557 0.00046729 0 2.83206e-05
 0 0 0 0 0.000772559 0.00158375 0.000888443 0.00281984 0.00712685 0.0440552 0.0773331 0.111326 0.0921469 0.0852325 0.0710754 0.0886704 0.0786465 0.0553345 0.0373146 0.0185414 0.00753245 0.00457741 0.012979 0.0271748 0.0457355 0.0583668 0.034881 0.0177882 0.00938659 0.00492506 0.0015258 0.00185414 0.000309023 5.79419e-05 3.86279e-05 0
 0 0.00173294 0.00326652 0 0.00397197 0.00683976 0.00946217 0.0152591 0.00757587 0.0136028 0.0228656 0.0392903 0.0559909 0.0764795 0.0681675 0.0726916 0.0566044 0.0477403 0.0527397 0.0444891 0.0609904 0.0582453 0.0661739 0.0445044 0.0529084 0.0360697 0.0280645 0.0235558 0.0158879 0.00826598 0.00280645 0.00217768 0.000904811 0.00058276 9.20147e-05 0
 0 0 0 0 0 0 0 0 0 0 0 0 0 0 0 0 0 0 0 0 0 0 0 0 0 0 0 0 0 0 0 0 0 0 0 0
 0 0 0 0 0 0 0 0 0 0 0 0 0 0 0 0 0 0 0 0 0 0 0 0 0 0 0 0 0 0 0 0 0 0 0 0
 0 0 0 0 0 0 0 0 0 0 0 0 0 0 0 0 0 0 0 0 0 0 0 0 0 0 0 0 0 0 0 0 0 0 0 0
 0 0 0 0 0 0 0 0 0 0 0 0 0 0 0 0 0 0 0 0 0 0 0 0 0 0 0 0 0 0 0 0 0 0 0 0
 0 0 0 0 0 0 0 0 0 0 0 0 0 0 0 0 0 0 0 0 0 0 0 0 0 0 0 0 0 0 0 0 0 0 0 0
ppred_pel_tallas
 1.01081e-16 3.41064e-05 0.000200181 0.000951579 0.00366365 0.0114248 0.028858 0.0590471 0.0978764 0.131443 0.14303 0.126149 0.0902705 0.0526201 0.025421 0.0110001 0.0056246 0.00490332 0.00614617 0.00817338 0.0105052 0.0128554 0.0149624 0.0165822 0.0175304 0.0177205 0.0171792 0.0160327 0.0144685 0.0126887 0.0108693 0.00913635 0.00756134 0.0061715 0.0049663 0.00393286
 1.01284e-16 3.12371e-05 0.00018333 0.000871452 0.00335511 0.0104626 0.0264277 0.0540751 0.0896373 0.120386 0.131018 0.1156 0.082823 0.0484823 0.0238021 0.0109489 0.00653832 0.00657181 0.00858416 0.0114576 0.0146746 0.0178595 0.0206415 0.0226756 0.0237097 0.0236413 0.0225383 0.0206145 0.0181704 0.0155202 0.0129288 0.010575 0.00854569 0.00685352 0.00546542 0.00433038
 1.02474e-16 2.40337e-05 0.00014103 0.000670331 0.00258071 0.00804762 0.0203279 0.0415951 0.0689547 0.0926229 0.100841 0.0890657 0.0640107 0.037871 0.0193408 0.01016 0.00780012 0.00924199 0.0126038 0.0169754 0.0218312 0.0266835 0.0310058 0.034294 0.0361696 0.0364619 0.0352407 0.0327832 0.0294935 0.0258012 0.0220748 0.0185707 0.015426 0.0126808 0.0103166 0.00829165
 1.03332e-16 2.76709e-05 0.000162395 0.000771927 0.00297192 0.00926762 0.0234093 0.0478992 0.0794003 0.106639 0.116061 0.102414 0.0733989 0.0430134 0.0212089 0.00991695 0.00615662 0.00640604 0.0085035 0.0114801 0.0148945 0.0184226 0.0217323 0.0244986 0.0264615 0.0274755 0.0275324 0.0267448 0.0253028 0.0234192 0.0212842 0.0190393 0.0167765 0.0145509 0.0123998 0.0103565
 1.03044e-16 2.9052e-05 0.000170503 0.000810473 0.00312033 0.00973043 0.0245784 0.0502911 0.083365 0.111963 0.121853 0.107519 0.0770453 0.0451247 0.0222008 0.0102949 0.00626859 0.00641368 0.00844959 0.0113491 0.0146419 0.0179861 0.0210391 0.0234748 0.0250444 0.0256283 0.0252562 0.0240859 0.0223523 0.0203041 0.0181514 0.0160368 0.0140336 0.0121636 0.0104227 0.00880195
 1.03757e-16 2.32516e-05 0.00013644 0.000648514 0.00249672 0.00778568 0.0196662 0.0402413 0.0667103 0.089608 0.0975585 0.0861658 0.0619253 0.036635 0.0187061 0.00982255 0.00753975 0.00894021 0.012209 0.0164739 0.0212371 0.0260394 0.030383 0.0337895 0.0358955 0.0365308 0.0357485 0.0337935 0.0310269 0.0278316 0.0245326 0.0213522 0.0184061 0.0157274 0.0133036 0.0111098
 1.03473e-16 2.91978e-05 0.000171361 0.000814561 0.00313608 0.00977956 0.0247024 0.0505447 0.0837844 0.112523 0.122455 0.108033 0.0773751 0.0452406 0.0221151 0.0100181 0.0057847 0.0056841 0.00743158 0.010018 0.013011 0.0161206 0.0190597 0.0215486 0.0233623 0.0243732 0.0245696 0.0240418 0.0229453 0.0214535 0.0197201 0.0178581 0.0159399 0.0140097 0.0121002 0.0102449
 1.03248e-16 2.69708e-05 0.00015828 0.000752356 0.00289655 0.00903258 0.0228157 0.0466849 0.077389 0.103942 0.113138 0.099864 0.0716342 0.0421058 0.0209953 0.0102059 0.00685043 0.00750501 0.0100538 0.0135186 0.0174087 0.0213261 0.0248584 0.0276131 0.0292957 0.0297724 0.0290941 0.0274698 0.0252021 0.0226083 0.019954 0.0174164 0.0150819 0.0129672 0.0110525 0.0093096
 1.02809e-16 2.94802e-05 0.000173017 0.000822428 0.00316636 0.00987399 0.024941 0.0510329 0.0845943 0.113613 0.123646 0.109095 0.0781592 0.0457472 0.0224517 0.0103186 0.00615826 0.00620491 0.00814487 0.0109416 0.0141294 0.0173776 0.0203567 0.0227515 0.0243187 0.0249367 0.0246259 0.0235295 0.0218665 0.0198727 0.0177511 0.0156441 0.0136311 0.0117437 0.00998811 0.00836388
 1.03221e-16 2.50816e-05 0.000147185 0.000699604 0.00269343 0.00839914 0.0212157 0.0434115 0.0719644 0.0966611 0.105226 0.0929103 0.0667124 0.0393463 0.0198674 0.0100697 0.00729297 0.00837165 0.011342 0.015276 0.0196729 0.024094 0.028073 0.0311639 0.0330302 0.0335178 0.0326824 0.0307602 0.0280958 0.0250535 0.0219416 0.0189703 0.0162472 0.0138 0.011612 0.00965335
 1.05323e-16 1.89044e-05 0.000110916 0.000527164 0.00202948 0.00632862 0.0159859 0.0327111 0.0542298 0.0728516 0.0793363 0.0701216 0.0505039 0.0300982 0.0157767 0.00895126 0.00768127 0.00963544 0.0133601 0.0181369 0.0235127 0.0290268 0.0341589 0.0383951 0.0413288 0.0427425 0.0426419 0.0412277 0.0388229 0.0357823 0.0324156 0.0289463 0.0255092 0.0221732 0.0189751 0.015946
 1.07839e-16 1.83722e-05 0.000107798 0.000512355 0.00197249 0.00615091 0.0155369 0.031792 0.0527043 0.0707975 0.0770865 0.0681025 0.0489834 0.0290598 0.0149925 0.00813327 0.00657951 0.00806051 0.0111801 0.0152863 0.0200169 0.0250275 0.0299244 0.0343042 0.0378258 0.0402714 0.041573 0.0417955 0.0410897 0.0396341 0.0375887 0.0350753 0.0321832 0.0289893 0.0255803 0.0220638
 1.06934e-16 2.4793e-05 0.0001455 0.000691615 0.00266271 0.00830336 0.0209737 0.0429155 0.0711393 0.0955447 0.103989 0.0917669 0.06578 0.038573 0.0190664 0.00899782 0.00570626 0.00604873 0.00810358 0.01102 0.0144206 0.0180323 0.0215716 0.0247548 0.0273461 0.0291995 0.0302759 0.0306278 0.0303626 0.0295986 0.0284322 0.0269248 0.0251111 0.0230184 0.0206874 0.0181836
 1.04894e-16 2.61835e-05 0.00015366 0.000730395 0.00281201 0.00876893 0.0221497 0.0453221 0.0751296 0.100906 0.109831 0.0969392 0.0695231 0.0408387 0.0203158 0.00979833 0.00648136 0.00704217 0.00943322 0.0127189 0.0164442 0.0202505 0.0237668 0.0266373 0.0285902 0.0294936 0.029377 0.028406 0.0268256 0.0248912 0.022811 0.0207178 0.0186703 0.0166758 0.0147216 0.0127999
 1.03109e-16 2.92987e-05 0.000171951 0.00081736 0.00314685 0.00981314 0.0247873 0.0507185 0.0840733 0.112913 0.122886 0.108427 0.077688 0.0454852 0.0223485 0.0103135 0.00621219 0.00630278 0.00828489 0.0111248 0.0143533 0.0176338 0.0206303 0.0230231 0.0245683 0.0251486 0.0247927 0.0236552 0.0219661 0.0199695 0.0178716 0.015812 0.0138625 0.0120439 0.010351 0.0087738
 1.0238e-16 2.94643e-05 0.000172922 0.00082197 0.00316459 0.00986846 0.024927 0.0510046 0.084548 0.113552 0.123585 0.109052 0.0781542 0.0457949 0.0225686 0.0105281 0.00649225 0.00669985 0.00883343 0.0118414 0.0152312 0.0186368 0.02169 0.0240434 0.0254365 0.025752 0.0250373 0.0234809 0.0213563 0.0189516 0.0165107 0.014199 0.0121001 0.0102335 0.00858248 0.00711891
 1.0295e-16 2.53219e-05 0.000148596 0.000706311 0.00271926 0.00847967 0.0214192 0.0438277 0.0726541 0.0975871 0.106233 0.0937962 0.0673421 0.0397046 0.0200243 0.0101098 0.00727342 0.0083176 0.0112597 0.0151649 0.0195318 0.0239241 0.0278777 0.0309482 0.0327991 0.0332743 0.0324259 0.0304859 0.0277957 0.0247182 0.0215636 0.0185465 0.0157807 0.0133008 0.0110958 0.00913921
 1.03005e-16 2.9185e-05 0.000171285 0.000814194 0.00313467 0.00977514 0.0246913 0.050522 0.0837473 0.112475 0.122406 0.107999 0.0773696 0.0452759 0.0222038 0.0101779 0.00604025 0.00606394 0.00796198 0.0107144 0.0138692 0.0171093 0.0201185 0.0225913 0.0242876 0.0250802 0.0249748 0.0240931 0.0226297 0.0207975 0.0187826 0.0167191 0.0146872 0.0127273 0.0108596 0.00910007
 1.02591e-16 2.95225e-05 0.000173264 0.0008236 0.00317087 0.00988804 0.0249765 0.0511057 0.0847154 0.113776 0.123827 0.109262 0.0782947 0.0458581 0.0225644 0.0104672 0.00637604 0.00652085 0.00858057 0.0115063 0.0148137 0.0181484 0.021156 0.0235013 0.024932 0.0253321 0.0247431 0.0233409 0.0213825 0.0191386 0.0168376 0.0146341 0.0126059 0.010772 0.00911937 0.00762617
 1.02147e-16 3.08563e-05 0.000181096 0.000860838 0.00331425 0.0103352 0.0261059 0.0534164 0.0885448 0.118917 0.129414 0.114175 0.0817789 0.0478249 0.0233942 0.01062 0.00615404 0.00604549 0.00786614 0.0105293 0.0135524 0.0166013 0.0193489 0.0214867 0.0227817 0.0231259 0.0225555 0.0212309 0.019388 0.0172772 0.0151119 0.0130389 0.0111356 0.00942452 0.00789708 0.00653487
 1.02067e-16 2.98355e-05 0.000175101 0.000832331 0.00320449 0.00999287 0.0252413 0.0516475 0.0856136 0.114983 0.125141 0.110423 0.0791309 0.0463559 0.0228239 0.0106114 0.0064947 0.00666308 0.00876859 0.0117466 0.0151003 0.0184627 0.0214659 0.0237631 0.0250948 0.0253449 0.0245624 0.0229379 0.0207481 0.0182847 0.0157958 0.0134512 0.0113381 0.00947803 0.00785467 0.00643823
 1.02129e-16 3.00838e-05 0.00017656 0.00083927 0.00323121 0.0100762 0.0254517 0.0520781 0.0863269 0.11594 0.126179 0.111332 0.079766 0.0466956 0.0229312 0.0105613 0.00633019 0.00639274 0.00838295 0.0112349 0.0144622 0.0177147 0.0206439 0.0229198 0.0242926 0.024646 0.0240178 0.0225788 0.0205811 0.0182934 0.0159456 0.0136978 0.0116355 0.00978592 0.00814248 0.00668664
 1.02179e-16 2.98125e-05 0.000174967 0.000831693 0.00320203 0.00998522 0.0252219 0.051608 0.0855479 0.114894 0.125043 0.110334 0.0790611 0.046303 0.0227758 0.0105524 0.00641015 0.00654077 0.00859954 0.0115265 0.0148323 0.0181586 0.0211476 0.0234603 0.0248416 0.025174 0.0244993 0.0229964 0.0209275 0.0185709 0.0161639 0.0138701 0.0117756 0.00990542 0.00824922 0.00678485
 1.02371e-16 2.8836e-05 0.000169232 0.000804428 0.00309705 0.00965783 0.024395 0.0499161 0.082744 0.111131 0.120952 0.106737 0.0765103 0.0448636 0.0221694 0.0104428 0.00657703 0.00689641 0.00913531 0.0122621 0.0157862 0.0193349 0.0225295 0.0250101 0.0265049 0.0268878 0.0262008 0.0246317 0.0224564 0.0199682 0.0174177 0.0149784 0.0127422 0.010737 0.0089539 0.00737172
 1.04859e-16 1.54088e-05 9.03845e-05 0.000429537 0.00165356 0.00515629 0.0130248 0.0266533 0.0441917 0.0593812 0.0647055 0.0572819 0.0414562 0.0251071 0.0138938 0.00903863 0.00903095 0.0120206 0.0168258 0.022795 0.0294119 0.0360829 0.0421274 0.0468825 0.0498417 0.0507626 0.0497101 0.0470144 0.0431681 0.0386974 0.0340535 0.0295506 0.0253591 0.0215376 0.0180816 0.0149671
 1.0686e-16 2.29379e-05 0.000134611 0.000639847 0.00246339 0.0076818 0.0194037 0.039703 0.0658143 0.0883934 0.0962071 0.0849033 0.0608683 0.0357102 0.0176864 0.00841166 0.00543514 0.00586466 0.00794244 0.0109046 0.0144254 0.0182705 0.0221842 0.0258924 0.0291422 0.0317398 0.0335708 0.0345969 0.0348353 0.0343336 0.033151 0.0313528 0.0290167 0.0262416 0.0231537 0.0199023
 1.0447e-16 2.99181e-05 0.000175592 0.000834676 0.00321354 0.0100211 0.0253125 0.0517929 0.0858529 0.115299 0.125472 0.110683 0.0792481 0.0462854 0.0225312 0.0100449 0.00557255 0.00528195 0.00682705 0.00917667 0.0119008 0.0147264 0.0173926 0.0196509 0.0213081 0.022264 0.0225252 0.0221887 0.0214024 0.02032 0.0190633 0.0177063 0.0162788 0.0147847 0.0132238 0.0116082
pSPR Fmed_Fpbrs
0.446134   0.6 0.325
Fs Fmed_Fpbrs
0.64   0.348722 1.06614
SSBpbr Bo_Bmed_Bpbrs
2.60587e+06  1.03227e+06  1.43323e+06 716615
Ro
63576.6
SPR SPRFo_SPRFmed_SPRFpbrs
1.31312e+06 585829 426766
log_Ro
10.88
likeval ReclasPelacesDesembMPH_pf_preclas_ppelaces_ptallas_desvR_qrecl_qpela
 67.7232 18.5353 0.0359783 55.4936 340.769 223.751 55.9465 0 18.9268 8.70068e-05 1.09969e-06 1.33774e-15 0 0 0
q_reclas_q_pelaces
0.26666 1.1609
M
0.7
N
 67687.4 17160.5 6289.94 739.726 0.417544
 83006.7 31237.8 5897.23 2142.43 252.089
 51356.4 39045.1 11814.1 2215.72 899.639
 69365.5 23659.2 13299.4 3987.65 1051.48
 105158 33960.1 10939.6 6138.8 2325.96
 78897 52053.2 16595.4 5343.8 4134.89
 131219 37798.8 21586.6 6852.3 3913.69
 131499 63675.6 16716.8 9520.17 4747.96
 176798 62416.5 25200.3 6579.71 5615.74
 146582 83686.6 24362.1 9779.08 4732.33
 71428.7 70207.2 34658.8 10045.5 5983.49
 42373.2 32881.5 23823.3 11653.2 5389.06
 41529.1 19637.2 11539.6 8290.95 5930.72
 25404.3 18531.3 5698.41 3305.5 4073.46
 19828.5 10490.2 3642.29 1095.25 1418.06
 20138.3 8392.26 2333.88 794.8 548.376
 15628 9368.81 3002.81 828.501 476.791
 21847.2 7335.34 3505.05 1115.76 484.991
 28839.4 10409.4 2959.16 1406.91 642.514
 44177.8 13854.4 4376.35 1239.11 858.147
 61481 21262.9 5880.06 1850.38 886.726
 91561.1 30086.1 9808.86 2707.73 1260.4
 130117 44645.7 13631.5 4434.4 1793.89
 168491 63345.6 20068.1 6112.59 2792.84
 63528.1 82067.6 28543.8 9021.6 4003.38
 90659.9 31004.1 37349.1 12963.1 5915.16
 166921 44183.5 14011.1 16840.1 8511.76
pred_Ctot
 3453.79 3881.89 1451.84 170.764 0.0963891
 3159.55 5440.28 1048.92 381.114 44.8438
 2681.55 9012.14 2782.19 521.86 211.889
 704.193 1176.86 676.987 203.013 53.5314
 241.412 389.48 128.467 72.1004 27.3185
 2003.07 6237.12 2032.68 654.618 506.526
 2154.25 2993.99 1748.97 555.256 317.135
 4187.67 9420.04 2526.83 1439.21 717.771
 5966.71 9740.14 4017.51 1049.09 895.393
 3748.6 10096 3004.32 1206.11 583.665
 3765.86 16342.1 8230.97 2385.94 1421.16
 2042.49 7074.93 5231.42 2559.26 1183.54
 3047.54 6052.53 3623.72 2603.85 1862.6
 3110.67 8482.6 2649.37 1536.97 1894.05
 2125.6 4357.41 1538.11 462.559 598.894
 918.1 1718.73 487.902 166.175 114.653
 617.963 1688.9 552.786 152.537 87.7831
 638.101 1001.73 489.158 155.734 67.6931
 677.348 1159.25 336.918 160.206 73.1637
 979.461 1461.17 471.922 133.636 92.5502
 644.226 1090.8 308.688 97.1531 46.5571
 1191.95 1905.55 635.634 175.49 81.6878
 1839.41 3062.2 956.523 311.205 125.895
 2323.49 4241.91 1374.87 418.831 191.364
 787.195 4955.25 1763.44 557.43 247.362
 1213.3 2016.92 2485.83 862.894 393.747
 3078.21 3911.63 1268.62 1524.97 770.791
F
 0.0732716 0.36813 0.37701 0.377063 0.377063
 0.0542051 0.272336 0.278905 0.278945 0.278945
 0.0750366 0.376997 0.386091 0.386146 0.386146
 0.0142051 0.071369 0.0730905 0.0731008 0.0731009
 0.0031967 0.0160608 0.0164482 0.0164506 0.0164506
 0.0358652 0.180193 0.18454 0.184566 0.184566
 0.0230617 0.115866 0.118661 0.118678 0.118678
 0.045171 0.226947 0.232422 0.232454 0.232455
 0.0479284 0.240801 0.246609 0.246644 0.246644
 0.0361307 0.181527 0.185906 0.185932 0.185932
 0.0757906 0.380786 0.389971 0.390026 0.390026
 0.0690913 0.347127 0.3555 0.355551 0.355551
 0.10693 0.537237 0.550196 0.550274 0.550274
 0.184478 0.92685 0.949207 0.949341 0.949342
 0.159809 0.802911 0.822278 0.822394 0.822395
 0.0652366 0.327761 0.335667 0.335714 0.335714
 0.0563634 0.28318 0.29001 0.290051 0.290052
 0.0413598 0.207799 0.212811 0.212841 0.212842
 0.0331391 0.166497 0.170513 0.170537 0.170537
 0.0312565 0.157038 0.160826 0.160849 0.160849
 0.014665 0.0736795 0.0754568 0.0754674 0.0754675
 0.0182481 0.0916817 0.0938932 0.0939065 0.0939066
 0.0198297 0.099628 0.102031 0.102046 0.102046
 0.0193394 0.0971647 0.0995084 0.0995225 0.0995226
 0.0173627 0.0872333 0.0893375 0.0893501 0.0893502
 0.0187638 0.0942728 0.0965468 0.0965605 0.0965605
 0.0259375 0.130315 0.133458 0.133477 0.133477
Np
 52055.4 24156.3 28534.8 6748.8 2880.77
YTP_r0W_actual
 64747.4 201959 95021.6 145869 81818.9
YTP_p0W_proyectada
 20191.9 369184 130620 52738 100906
 20191.9 110416 193520 58458.2 27691.3
CTP_r0_actual
 7896.02 9349.94 3026.17 3637.63 1838.63
CTP_p0_proyectada
 2462.43 17091.8 4159.88 1315.16 2267.55
 2462.43 5111.86 6163.05 1457.81 622.276
Wmedp
 8.2 21.6 31.4 40.1 44.5
nmprior
 10.8 10.6 4.6 0
nm_flota  nm_reclas  nm_pelaces    nm_pelaL
inf 11.0533 18.8128 60.8464
cv_recla  cv_pelaces  cv_mph
0.712688 0.471618 0.597281
 ------------------------------------------------
Talla a la edad & desviaci?n 
 7.2 14.2025 17.0495 18.207 18.6776
 1.08 2.13037 2.55742 2.73105 2.80164
