years
 1997 1998 1999 2000 2001 2002 2003 2004 2005 2006 2007 2008 2009 2010 2011 2012 2013 2014 2015 2016 2017 2018 2019 2020 2021 2022 2023
reclasobs
 0 0 0 370054 412103 1.49427e+06 250295 1.28982e+06 931140 785840 897777 1.04006e+06 184774 17550 25797 100020 73551 82996 120727 218422 84188 347160 605670 569463 516374 1.08416e+06 1.01767e+06
reclaspred
 428490 122755 391713 271304 357103 409860 887215 611759 747518 691903 557190 377455 226293 104333 74992.7 70155.7 75098 105041 123235 181316 272014 271302 485368 621464 728512 674027 692983
pelacesobs
 0 0 0 0 0 0 0 0 0 2.06254e+06 1.5e+06 0 1.87456e+06 323000 250000 174000 83755 137374 0 501740 490994 745055 786931 1.00524e+06 1.33801e+06 1.41789e+06 0
pelacespred
 1.67796e+06 390543 789684 828820 942639 875270 2.20466e+06 1.8327e+06 2.03424e+06 1.87682e+06 1.34185e+06 938940 560498 212140 154531 154325 172809 244566 287520 418514 715899 672280 994537 1.46899e+06 1.68632e+06 1.72432e+06 1.67796e+06
mphobs
 0 0 0 0 0 0 112323 0 153150 637223 0 255016 313432 73983 77613 109348 50772 17779 17303 59886 28197 0 207744 136588 643089 65757 70829
mphpred
 136455 88379.8 113246 141338 138874 195604 287673 336165 305608 337811 313091 221465 133212 105129 49760.2 43722.1 43985.7 56337 26865 32990 52650 66969 90001.1 133463 171967 169274 152196
desembarqueobs
 350755 77701 442110 56441 14545 235359 269955 359681 431902 328805 639364 411747 362871 311530 167758 66681 60226 58785 57116 73181 50977 67692 138656 160484 209506 203330 245020
desembarquepred
 350772 77707.6 442188 56444.6 14545.3 235451 270004 359724 431941 328863 639695 412041 363397 312063 167810 66710.2 60271.3 58793 57109.3 73185.7 50978.5 67686.1 138663 160495 209530 203346 245019
Reclutas
 54655.2 66194.1 41100.2 55371 84167.5 62861.6 106936 108569 152288 133078 67862.5 41520.1 40266 24656 18355.9 16630.6 12414.8 17557.2 23375.4 34590.4 48516 72226.1 101782 132256 51086.5 73051.5 139474
log_desv_Rt
 0.0287993 0.220346 -0.256233 0.0418107 0.460564 0.168691 0.699983 0.715145 1.05353 0.918693 0.245239 -0.246066 -0.276737 -0.767223 -1.06229 -1.161 -1.45336 -1.10678 -0.820562 -0.42867 -0.090351 0.307557 0.650592 0.912497 -0.0387252 0.318919 0.965632
SSB
 619869 401480 514438 642051 630858 888563 1.27415e+06 1.512e+06 1.36086e+06 1.50647e+06 1.42227e+06 1.00604e+06 622184 319366 156273 138372 144804 177977 234529 301129 457844 568670 783505 1.11472e+06 1.55873e+06 1.5741e+06 1.33818e+06
BT
 2.23008e+06 580190 1.15108e+06 1.01388e+06 1.09608e+06 1.19675e+06 2.72355e+06 2.51863e+06 2.73585e+06 2.47596e+06 2.12333e+06 1.45969e+06 1.00142e+06 542295 319246 232754 250095 328841 379635 540570 865901 836906 1.24007e+06 1.82471e+06 2.10495e+06 2.16511e+06 2.14493e+06
Ftot
 0.578317 0.436932 0.616398 0.1146 0.0244782 0.27049 0.172575 0.342419 0.361499 0.264683 0.534345 0.479255 0.758694 1.42146 1.34399 0.536363 0.458851 0.332366 0.262266 0.242558 0.113327 0.138011 0.1504 0.147265 0.130782 0.135917 0.191617
BD_Bspro_t
 0.940734 0.74295 0.709074 0.588081 0.701786 0.812839 0.773181 0.783169 0.736665 0.716682 0.680646 0.52971 0.417126 0.302301 0.193904 0.209614 0.284056 0.408978 0.535402 0.649207 0.753702 0.831503 0.849615 0.853854 0.85958 0.82366 0.798308
BD_Bspro
 0.565155 0.366042 0.469029 0.585378 0.575174 0.810131 1.16168 1.37854 1.24074 1.37349 1.29673 0.917242 0.567265 0.291176 0.142479 0.126158 0.132022 0.162267 0.213827 0.274549 0.417431 0.518475 0.714346 1.01632 1.42115 1.43515 1.22006
BD_Bo
 0.337765 0.218765 0.280315 0.349852 0.343753 0.484175 0.694279 0.823885 0.741529 0.820868 0.77499 0.54819 0.339026 0.174021 0.0851528 0.0753982 0.0789031 0.0969791 0.127794 0.164084 0.249477 0.309866 0.426929 0.607407 0.849349 0.85772 0.729167
BD_Brms
 0.614118 0.397755 0.509665 0.636094 0.625005 0.880318 1.26233 1.49797 1.34824 1.49249 1.40907 0.996709 0.616411 0.316402 0.154823 0.137088 0.14346 0.176326 0.232352 0.298335 0.453595 0.563394 0.776235 1.10438 1.54427 1.55949 1.32576
S_f
 0.157601 0.816025 0.99058 0.999599 0.999983
 0.157601 0.816025 0.99058 0.999599 0.999983
 0.157601 0.816025 0.99058 0.999599 0.999983
 0.157601 0.816025 0.99058 0.999599 0.999983
 0.157601 0.816025 0.99058 0.999599 0.999983
 0.157601 0.816025 0.99058 0.999599 0.999983
 0.157601 0.816025 0.99058 0.999599 0.999983
 0.157601 0.816025 0.99058 0.999599 0.999983
 0.157601 0.816025 0.99058 0.999599 0.999983
 0.157601 0.816025 0.99058 0.999599 0.999983
 0.157601 0.816025 0.99058 0.999599 0.999983
 0.157601 0.816025 0.99058 0.999599 0.999983
 0.157601 0.816025 0.99058 0.999599 0.999983
 0.157601 0.816025 0.99058 0.999599 0.999983
 0.157601 0.816025 0.99058 0.999599 0.999983
 0.157601 0.816025 0.99058 0.999599 0.999983
 0.157601 0.816025 0.99058 0.999599 0.999983
 0.157601 0.816025 0.99058 0.999599 0.999983
 0.157601 0.816025 0.99058 0.999599 0.999983
 0.157601 0.816025 0.99058 0.999599 0.999983
 0.157601 0.816025 0.99058 0.999599 0.999983
 0.157601 0.816025 0.99058 0.999599 0.999983
 0.157601 0.816025 0.99058 0.999599 0.999983
 0.157601 0.816025 0.99058 0.999599 0.999983
 0.157601 0.816025 0.99058 0.999599 0.999983
 0.157601 0.816025 0.99058 0.999599 0.999983
 0.157601 0.816025 0.99058 0.999599 0.999983
Scru_reclas
 0.925634 1 1 1 1
 0.925634 1 1 1 1
 0.925634 1 1 1 1
 0.925634 1 1 1 1
 0.925634 1 1 1 1
 0.925634 1 1 1 1
 0.925634 1 1 1 1
 0.925634 1 1 1 1
 0.925634 1 1 1 1
 0.925634 1 1 1 1
 0.925634 1 1 1 1
 0.925634 1 1 1 1
 0.925634 1 1 1 1
 0.925634 1 1 1 1
 0.925634 1 1 1 1
 0.925634 1 1 1 1
 0.925634 1 1 1 1
 0.925634 1 1 1 1
 0.925634 1 1 1 1
 0.925634 1 1 1 1
 0.925634 1 1 1 1
 0.925634 1 1 1 1
 0.925634 1 1 1 1
 0.925634 1 1 1 1
 0.925634 1 1 1 1
 0.925634 1 1 1 1
 0.925634 1 1 1 1
Scru_pelaces
 1 1 1 1 1
 1 1 1 1 1
 1 1 1 1 1
 1 1 1 1 1
 1 1 1 1 1
 1 1 1 1 1
 1 1 1 1 1
 1 1 1 1 1
 1 1 1 1 1
 1 1 1 1 1
 1 1 1 1 1
 1 1 1 1 1
 1 1 1 1 1
 1 1 1 1 1
 1 1 1 1 1
 1 1 1 1 1
 1 1 1 1 1
 1 1 1 1 1
 1 1 1 1 1
 1 1 1 1 1
 1 1 1 1 1
 1 1 1 1 1
 1 1 1 1 1
 1 1 1 1 1
 1 1 1 1 1
 1 1 1 1 1
 1 1 1 1 1
pf_obs 
 0.256992 0.487395 0.22802 0.0275931 0
 0.321318 0.546541 0.124235 0.00734118 0.000564706
 0.182869 0.594174 0.210203 0.0122559 0.00049798
 0.330522 0.361315 0.267642 0.0388342 0.00168674
 0.649043 0.306663 0.0425973 0.00169635 0
 0.582887 0.30429 0.105238 0.00758474 0
 0.465427 0.430635 0.0974691 0.00646863 0
 0.296916 0.608066 0.0921331 0.00288517 0
 0.311714 0.524322 0.152257 0.0117073 0
 0.15457 0.633149 0.183074 0.0267441 0.00246327
 0.131901 0.49318 0.331252 0.0422183 0.00144891
 0.196976 0.569456 0.194076 0.0375587 0.00193317
 0.518974 0.381816 0.0799577 0.0180837 0.00116848
 0.0928022 0.601141 0.25162 0.0475244 0.00691264
 0.122501 0.610282 0.24278 0.0234846 0.000952079
 0.383417 0.481906 0.127806 0.00687128 0
 0.0376549 0.599619 0.316969 0.0457579 0
 0.0361596 0.667082 0.258105 0.0386534 0
 0.158088 0.579412 0.248529 0.0139706 0
 0.0477256 0.309471 0.559284 0.082774 0.000745712
 0.0406174 0.521527 0.379366 0.0568643 0.0016247
 0.151134 0.462217 0.34131 0.0453401 0
 0.294876 0.26143 0.354403 0.0886775 0.000613685
 0.281977 0.475581 0.204845 0.0348837 0.00271318
 0.0841818 0.532909 0.334909 0.0458182 0.00218182
 0.115287 0.27431 0.454777 0.147771 0.00785563
 0 0 0 0 0
pf_pred 
 0.385573 0.426835 0.167892 0.0196864 1.27511e-05
 0.31452 0.539407 0.108773 0.0334245 0.00387539
 0.180003 0.587219 0.191723 0.0306587 0.0103967
 0.250761 0.420175 0.251567 0.063966 0.0135315
 0.272668 0.449759 0.169023 0.0831679 0.0253825
 0.167317 0.531359 0.199618 0.0621486 0.0395581
 0.26937 0.371325 0.246634 0.0749 0.0377712
 0.226256 0.506255 0.149665 0.0811236 0.0367001
 0.280084 0.439337 0.197364 0.0467796 0.0364358
 0.208215 0.536772 0.168935 0.0607432 0.0253353
 0.121815 0.507971 0.26779 0.0680861 0.0343377
 0.118051 0.399016 0.307559 0.127268 0.0481055
 0.183499 0.367091 0.230349 0.140092 0.0789686
 0.192456 0.498735 0.160134 0.0766981 0.0719765
 0.260655 0.509194 0.160722 0.0363096 0.0331187
 0.273901 0.542023 0.139422 0.0313441 0.0133104
 0.197068 0.548732 0.200826 0.0405417 0.0128324
 0.272791 0.420019 0.224888 0.0651743 0.0171268
 0.282188 0.480002 0.149986 0.0644764 0.023348
 0.300393 0.467388 0.165961 0.041946 0.0243121
 0.285837 0.488138 0.161246 0.0464293 0.0183497
 0.286931 0.467862 0.177763 0.0482435 0.0192001
 0.278791 0.476689 0.171186 0.0533023 0.0200312
 0.26058 0.48269 0.180968 0.0531927 0.0225694
 0.0915639 0.573526 0.233505 0.071682 0.0297234
 0.162347 0.275001 0.380798 0.127155 0.0546984
 0.286629 0.357669 0.133138 0.151092 0.0714707
pobs_RECLAS
 0 0 0 0 0
 0 0 0 0 0
 0 0 0 0 0
 0 0 0 0 0
 0.835266 0.146461 0.0176864 0.000547809 3.91292e-05
 0.385257 0.428462 0.181853 0.0044286 0
 0.867414 0.0963971 0.0333333 0.00285562 0
 0.441836 0.489002 0.0689373 0.000224442 0
 0.779404 0.147425 0.0564933 0.0165055 0.000172143
 0.814271 0.122319 0.05973 0.00367925 0
 0.40263 0.566651 0.0304383 0.000280538 0
 0.475488 0.404961 0.113038 0.00651328 0
 0.955842 0.0263864 0.0167828 0.000988607 0
 0.975058 0.0227948 0.00214734 0 0
 0.738997 0.206755 0.0527124 0.00153531 0
 0.850938 0.134255 0.0134407 0.00136685 0
 0.542534 0.407297 0.0501686 0 0
 0.764087 0.199537 0.0359546 0.000420521 0
 0.470689 0.182191 0.310203 0.0369168 0
 0.84361 0.089868 0.0606195 0.00523954 0.000663233
 0.607945 0.314616 0.071237 0.00620181 0
 0.523733 0.453247 0.0230204 0 0
 0.530135 0.295979 0.169645 0.0042399 0
 0.562478 0.366248 0.0663022 0.0049721 0
 0.250443 0.683176 0.0655157 0.000865301 0
 0.195077 0.31981 0.436473 0.0351445 0.0134964
 0.565238 0.351407 0.0832357 0.000118908 0
ppred_RECLAS
 0.766743 0.171756 0.0550983 0.00639887 4.14292e-06
 0.700475 0.245305 0.0404726 0.01232 0.00142787
 0.534559 0.351958 0.0936287 0.0148284 0.00502641
 0.63626 0.2214 0.109053 0.0274769 0.00581025
 0.658773 0.226509 0.0701057 0.0341839 0.0104288
 0.510649 0.334262 0.103068 0.0317931 0.0202287
 0.661392 0.188838 0.103105 0.0310258 0.0156399
 0.603295 0.27716 0.0671656 0.0360682 0.0163107
 0.671318 0.215975 0.0795031 0.0186687 0.0145349
 0.575321 0.305799 0.0790011 0.0281444 0.0117341
 0.425804 0.360353 0.155094 0.0390583 0.0196902
 0.422461 0.290816 0.183236 0.0751082 0.0283783
 0.557198 0.222642 0.113396 0.0682874 0.0384769
 0.579877 0.282321 0.07185 0.0340311 0.031921
 0.665513 0.246269 0.0618131 0.0138119 0.0125922
 0.661101 0.265469 0.0557468 0.0124136 0.00526936
 0.561009 0.31855 0.0953421 0.0190661 0.00603245
 0.664229 0.210102 0.0922308 0.0264813 0.00695613
 0.669829 0.234947 0.0602644 0.0256681 0.00929121
 0.688778 0.221211 0.0645001 0.0161523 0.00935831
 0.671403 0.238124 0.0647135 0.0184643 0.0072946
 0.673991 0.227987 0.0712419 0.0191585 0.00762178
 0.665058 0.235769 0.0696225 0.0214807 0.00806941
 0.644471 0.247551 0.0763212 0.022229 0.00942798
 0.342183 0.444781 0.148948 0.0453082 0.0187801
 0.515183 0.181055 0.206198 0.068226 0.0293375
 0.681182 0.175896 0.0538078 0.0605054 0.0286095
pobs_PELACES
 0 0 0 0 0
 0 0 0 0 0
 0 0 0 0 0
 0 0 0 0 0
 0 0 0 0 0
 0 0 0 0 0
 0 0 0 0 0
 0 0 0 0 0
 0 0 0 0 0
 0 0 0 0 0
 0.450072 0.473896 0.0757376 0.000293798 0
 0 0 0 0 0
 0.463077 0.371075 0.160297 0.00555027 0
 0.529543 0.364841 0.0842815 0.0213345 0
 0.631943 0.363953 0.00410389 0 0
 0.735681 0.248677 0.0153453 0.000297389 0
 0.695825 0.281241 0.0229344 0 0
 0.275771 0.60734 0.115278 0.00161068 0
 0 0 0 0 0
 0.896147 0.0623911 0.0374545 0.00400742 0
 0.803859 0.145111 0.0509908 3.86294e-05 0
 0.739449 0.233085 0.0266225 0.000797448 4.60066e-05
 0.878498 0.100942 0.0204185 0.000141795 0
 0.694673 0.275183 0.0284847 0.00165964 0
 0.469039 0.446079 0.0841089 0.000773354 0
 0.822795 0.102175 0.0682046 0.00682512 0
 0 0 0 0 0
ppred_PELACES
 0.802448 0.146739 0.0455307 0.00527864 3.41738e-06
 0.736206 0.217031 0.0349177 0.0106153 0.00123022
 0.588625 0.313767 0.0805573 0.0127349 0.00431642
 0.660149 0.2074 0.101485 0.0255614 0.00540512
 0.677195 0.214384 0.0662594 0.0323061 0.00985586
 0.545783 0.311817 0.0946605 0.0291763 0.018563
 0.687559 0.175023 0.0946164 0.028457 0.0143446
 0.640361 0.252786 0.0600624 0.0322209 0.0145702
 0.706237 0.194425 0.0700954 0.0164419 0.0128006
 0.608903 0.282837 0.0719634 0.025617 0.01068
 0.476493 0.332347 0.138705 0.0348753 0.0175803
 0.470683 0.270255 0.165645 0.0678008 0.0256158
 0.621037 0.194788 0.094967 0.0570603 0.0321478
 0.675938 0.223676 0.0524496 0.0247374 0.0231994
 0.746003 0.190814 0.044326 0.00986491 0.00899224
 0.704479 0.233045 0.0474491 0.010549 0.00447757
 0.605753 0.288167 0.0839985 0.0167747 0.00530716
 0.698236 0.190192 0.0819071 0.0234939 0.00617114
 0.699747 0.214604 0.0542209 0.023076 0.00835267
 0.716766 0.202141 0.058122 0.0145446 0.00842657
 0.693867 0.22225 0.0600064 0.0171154 0.00676163
 0.697616 0.211977 0.0657145 0.0176648 0.00702743
 0.689647 0.219029 0.0641211 0.0197745 0.00742833
 0.669673 0.230604 0.0704958 0.0205233 0.00870438
 0.366929 0.429108 0.142621 0.0433668 0.0179751
 0.543029 0.171508 0.193803 0.0640986 0.0275623
 0.707488 0.162206 0.0490755 0.0551526 0.0260779
pobs_pel_tallas
 0 0 0 0 0 0 0 0 0 0 0 0 0 0 0 0 0 0 0 0 0 0 0 0 0 0 0 0 0 0 0 0 0 0 0 0
 0 0 0 0 0 0 0 0 0 0 0 0 0 0 0 0 0 0 0 0 0 0 0 0 0 0 0 0 0 0 0 0 0 0 0 0
 0 0 0 0 0 0 0 0 0 0 0 0 0 0 0 0 0 0 0 0 0 0 0 0 0 0 0 0 0 0 0 0 0 0 0 0
 0 0 0 0 0 0 0 0 0 0 0 0 0 0 0 0 0 0 0 0 0 0 0 0 0 0 0 0 0 0 0 0 0 0 0 0
 0 0 0 0 0 0 0 0 0 0 0 0 0 0 0 0 0 0 0 0 0 0 0 0 0 0 0 0 0 0 0 0 0 0 0 0
 0 0 0 0 0 0 0 0 0 0 0 0 0 0 0 0 0 0 0 0 0 0 0 0 0 0 0 0 0 0 0 0 0 0 0 0
 0 0 0 0 0 0 0 0 0 0 0 0 0 0 0 0 0 0 0 0 0 0 0 0 0 0 0 0 0 0 0 0 0 0 0 0
 0 0 0 0 0 0 0 0 0 0 0 0 0 0 0 0 0 0 0 0 0 0 0 0 0 0 0 0 0 0 0 0 0 0 0 0
 0 0 0 0 0 0 0 0 0 0 0 0 0 0 0 0 0 0 0 0 0 0 0 0 0 0 0 0 0 0 0 0 0 0 0 0
 0 0 0 0 0 0 0 0 0 0 0 0 0 0 0 0 0 0 0 0 0 0 0 0 0 0 0 0 0 0 0 0 0 0 0 0
 0 0 0 0 0 0 0 0 1.78061e-05 0.00172719 0.00360574 0.0105946 0.0120993 0.0124554 0.0147524 0.0171206 0.0266825 0.0428682 0.0675386 0.121331 0.153587 0.119568 0.100827 0.0573624 0.0630603 0.0341343 0.0324427 0.0444173 0.0211091 0.0280891 0.0125444 0.00206551 0 0 0 0
 0 0 0 0 0 0 0 0 0 0 0 0 0 0 0 0 0 0 0 0 0 0 0 0 0 0 0 0 0 0 0 0 0 0 0 0
 0 0 0 0 0 0 0.0133647 0.0140871 0.0187388 0.0205184 0.03894 0.0496705 0.03968 0.0493445 0.0407372 0.0367815 0.0215668 0.0243155 0.0234873 0.0199281 0.019796 0.0243948 0.0301388 0.0376714 0.0412746 0.0863199 0.0771752 0.113111 0.0741005 0.0525337 0.0229764 0.00759418 0.00175318 0 0 0
 0 0 0 0 0 0 0 0 0 0 0.00219441 0.00772107 0.0458388 0.0604681 0.0671733 0.0775358 0.0609151 0.0617685 0.073594 0.0568108 0.0755445 0.0548602 0.0670107 0.0636378 0.0643287 0.046367 0.0373049 0.0286899 0.0247887 0.0153202 0.00654259 0.00121912 0.000365735 0 0 0
 0 0 0 0 0 0 0 0 0 0 0 0 0.000112435 0.00938835 0.0111873 0.0202946 0.0414886 0.0713402 0.111592 0.104902 0.108894 0.110636 0.117776 0.105296 0.107544 0.0401394 0.0192827 0.0124803 0.00416011 0.0028671 0.000618394 0 0 0 0 0
 0 0 0 0 0 0 0 0 0 0 0.00291406 0.0102884 0.027416 0.0768956 0.0749926 0.110853 0.0956884 0.0897413 0.0766577 0.0534642 0.0500743 0.0551293 0.0594112 0.0620874 0.0668451 0.0424026 0.0208742 0.0120726 0.0048766 0.00582813 0.00118941 0.000297354 0 0 0 0
 0 0.00264628 0.0354308 0.0461629 0.0458689 0.0383711 0.0214643 0.0164657 0.0346957 0.0420465 0.0363128 0.0245516 0.0311673 0.0291091 0.0169068 0.0133784 0.00837989 0.0085269 0.0148486 0.0160247 0.0276389 0.0546898 0.0760071 0.122758 0.109233 0.0665981 0.0333725 0.0166128 0.00676272 0.00308733 0.000882094 0 0 0 0 0
 0 0 0 0 0 0 0 0.000805153 0.000690131 0.00759144 0.0133425 0.0154129 0.00931677 0.000345066 0.00356568 0.00563607 0.00851162 0.0253048 0.0502646 0.0516448 0.0657925 0.0565908 0.0611916 0.0827007 0.0866115 0.110766 0.145733 0.0935128 0.0569358 0.0249597 0.0138026 0.00621118 0.00161031 0.00115022 0 0
 0 0 0 0 0 0 0 0 0 0 0 0 0 0 0 0 0 0 0 0 0 0 0 0 0 0 0 0 0 0 0 0 0 0 0 0
 0.00147267 0.00158595 0.00478618 0.00569244 0.00954404 0.0108468 0.00647125 0.017049 0.0510054 0.094081 0.124002 0.0959785 0.0687766 0.0820023 0.061753 0.0591476 0.0492212 0.0479892 0.0443925 0.0268479 0.0217502 0.0140895 0.0121071 0.0120363 0.00920419 0.00665534 0.0049561 0.00860946 0.00930331 0.0156896 0.0114698 0.00855282 0.00243557 0.00046729 0 2.83206e-05
 0 0 0 0 0.000772559 0.00158375 0.000888443 0.00281984 0.00712685 0.0440552 0.0773331 0.111326 0.0921469 0.0852325 0.0710754 0.0886704 0.0786465 0.0553345 0.0373146 0.0185414 0.00753245 0.00457741 0.012979 0.0271748 0.0457355 0.0583668 0.034881 0.0177882 0.00938659 0.00492506 0.0015258 0.00185414 0.000309023 5.79419e-05 3.86279e-05 0
 0 0.00173294 0.00326652 0 0.00397197 0.00683976 0.00946217 0.0152591 0.00757587 0.0136028 0.0228656 0.0392903 0.0559909 0.0764795 0.0681675 0.0726916 0.0566044 0.0477403 0.0527397 0.0444891 0.0609904 0.0582453 0.0661739 0.0445044 0.0529084 0.0360697 0.0280645 0.0235558 0.0158879 0.00826598 0.00280645 0.00217768 0.000904811 0.00058276 9.20147e-05 0
 0 0 0 0 0 0 0 0 0 0 0 0 0 0 0 0 0 0 0 0 0 0 0 0 0 0 0 0 0 0 0 0 0 0 0 0
 0 0 0 0 0 0 0 0 0 0 0 0 0 0 0 0 0 0 0 0 0 0 0 0 0 0 0 0 0 0 0 0 0 0 0 0
 0 0 0 0 0 0 0 0 0 0 0 0 0 0 0 0 0 0 0 0 0 0 0 0 0 0 0 0 0 0 0 0 0 0 0 0
 0 0 0 0 0 0 0 0 0 0 0 0 0 0 0 0 0 0 0 0 0 0 0 0 0 0 0 0 0 0 0 0 0 0 0 0
 0 0 0 0 0 0 0 0 0 0 0 0 0 0 0 0 0 0 0 0 0 0 0 0 0 0 0 0 0 0 0 0 0 0 0 0
ppred_pel_tallas
 1.00876e-16 3.50092e-05 0.000205482 0.000976784 0.00376069 0.0117274 0.0296224 0.0606111 0.100468 0.134923 0.146813 0.129477 0.092635 0.0539631 0.0260034 0.0111377 0.00552699 0.00465792 0.00576621 0.00764313 0.009805 0.0119731 0.0138982 0.0153508 0.0161593 0.0162469 0.0156456 0.014482 0.0129412 0.0112204 0.00949007 0.00787025 0.00642648 0.00517955 0.0041222 0.00323475
 1.00989e-16 3.21235e-05 0.000188535 0.000896198 0.00345039 0.0107597 0.0271783 0.0556107 0.0921823 0.123802 0.134732 0.118869 0.0851458 0.0498033 0.0243784 0.0110915 0.00645478 0.0063497 0.00823846 0.0109748 0.0140366 0.0170547 0.019669 0.0215467 0.0224467 0.0222742 0.0211013 0.0191421 0.016695 0.0140713 0.0115327 0.0092552 0.00732299 0.0057452 0.00448432 0.00348379
 1.01886e-16 2.56923e-05 0.000150769 0.000716634 0.00275899 0.00860359 0.0217322 0.0444684 0.0737167 0.099016 0.107792 0.0951838 0.0683609 0.0403503 0.0204324 0.0104491 0.0076785 0.00887742 0.0120276 0.0161637 0.0207488 0.0253034 0.0293173 0.032306 0.0339099 0.0339742 0.0325793 0.0300084 0.0266677 0.0229866 0.0193313 0.0159551 0.0129892 0.0104653 0.00835365 0.00659866
 1.0264e-16 2.88068e-05 0.000169063 0.00080363 0.00309399 0.00964828 0.0243708 0.0498665 0.0826611 0.111017 0.120824 0.106611 0.0763936 0.0447417 0.0220107 0.0102056 0.00621593 0.00636786 0.00840446 0.011313 0.0146335 0.0180324 0.0211725 0.0237277 0.0254417 0.0261795 0.0259491 0.0248838 0.0231967 0.0211225 0.0188686 0.0165873 0.0143723 0.0122722 0.0103106 0.00850271
 1.02582e-16 2.95503e-05 0.000173428 0.000824378 0.00317387 0.00989739 0.0250001 0.051154 0.0847953 0.113883 0.123943 0.109361 0.0783614 0.0458876 0.0225612 0.0104363 0.00631824 0.0064328 0.00845775 0.0113462 0.0146183 0.0179261 0.0209218 0.0232757 0.0247378 0.0251909 0.0246704 0.0233437 0.0214574 0.0192728 0.0170117 0.0148259 0.012794 0.0109392 0.00925415 0.0077235
 1.03316e-16 2.38241e-05 0.000139801 0.000664493 0.00255824 0.00797754 0.0201508 0.0412328 0.0683538 0.0918148 0.0999589 0.0882809 0.0634343 0.0375052 0.0191088 0.00996573 0.00756633 0.00891668 0.0121542 0.0163852 0.0211031 0.0258446 0.0301098 0.0334193 0.0354109 0.0359181 0.0349998 0.032909 0.0300163 0.0267144 0.023337 0.0201134 0.0171628 0.0145181 0.0121635 0.0100676
 1.03049e-16 3.00007e-05 0.000176075 0.000836974 0.00322238 0.0100487 0.0253822 0.0519355 0.0860895 0.115618 0.125821 0.110997 0.0794852 0.0464491 0.0226583 0.0101828 0.00576494 0.00556602 0.007235 0.00973464 0.0126244 0.0156142 0.0184205 0.0207687 0.0224399 0.0233126 0.0233817 0.0227437 0.0215599 0.0200093 0.0182501 0.0163984 0.0145273 0.0126785 0.0108799 0.00915742
 1.02723e-16 2.79457e-05 0.000164004 0.000779568 0.00300133 0.00935931 0.023641 0.0483735 0.0801877 0.1077 0.117224 0.103462 0.0741956 0.043572 0.0216531 0.0104031 0.00682208 0.00735538 0.00980666 0.013164 0.0169271 0.0206987 0.0240707 0.0266574 0.0281714 0.0284861 0.0276595 0.0259068 0.0235369 0.0208731 0.0181864 0.0156578 0.013375 0.0113532 0.00956723 0.00798059
 1.02222e-16 3.08159e-05 0.000180859 0.000859714 0.00330993 0.0103217 0.0260718 0.0533467 0.0884291 0.118761 0.129244 0.114022 0.0816641 0.0477474 0.0233371 0.0105622 0.00607757 0.00593744 0.0077183 0.0103388 0.0133232 0.0163459 0.0190884 0.0212491 0.022598 0.0230247 0.0225576 0.0213449 0.0196089 0.0175871 0.0154838 0.0134417 0.0115386 0.00980198 0.00823084 0.00681483
 1.02493e-16 2.65752e-05 0.000155955 0.000741297 0.00285396 0.00889976 0.0224802 0.0459987 0.0762524 0.102418 0.111486 0.098422 0.0706351 0.0415893 0.0208689 0.0103612 0.00723274 0.0081172 0.0109276 0.0146848 0.0188743 0.0230602 0.0267851 0.0296147 0.0312256 0.0314754 0.0304304 0.0283355 0.0255432 0.0224245 0.0192933 0.0163633 0.0137421 0.0114536 0.00947201 0.00775486
 1.04098e-16 2.08037e-05 0.000122066 0.000580175 0.00223358 0.00696512 0.0175936 0.0360006 0.0596821 0.0801728 0.0873003 0.0771392 0.0555116 0.0329887 0.0171186 0.00943581 0.00778359 0.00957656 0.013202 0.0178682 0.0230911 0.028394 0.0332476 0.0371353 0.0396567 0.0406105 0.0400287 0.0381461 0.0353236 0.0319524 0.0283719 0.0248241 0.0214484 0.0183045 0.0154083 0.0127613
 1.05967e-16 2.05479e-05 0.00012057 0.000573074 0.00220626 0.00687993 0.0173783 0.0355598 0.0589497 0.0791843 0.0862117 0.0761482 0.0547352 0.032401 0.0165835 0.00877896 0.00684 0.00820696 0.0113005 0.0153794 0.0200359 0.024893 0.02953 0.0335246 0.0365314 0.0383466 0.0389369 0.0384189 0.0370053 0.0349375 0.0324303 0.0296437 0.0266846 0.0236257 0.0205301 0.0174675
 1.04875e-16 2.71008e-05 0.000159048 0.000756022 0.00291069 0.00907668 0.022927 0.0469122 0.0777641 0.104441 0.113667 0.100298 0.0718739 0.0421031 0.0207293 0.00964171 0.00591879 0.00611087 0.00810348 0.0109549 0.014245 0.0176738 0.020936 0.0237337 0.0258277 0.0270839 0.0274914 0.0271455 0.0262065 0.0248485 0.0232186 0.0214172 0.0195011 0.0175005 0.0154404 0.0133558
 1.02752e-16 2.94958e-05 0.000173107 0.000822852 0.00316799 0.00987906 0.0249538 0.0510593 0.0846386 0.113674 0.123716 0.109166 0.0782316 0.0458317 0.0225706 0.0105019 0.00643895 0.00661528 0.00871033 0.0116723 0.015011 0.0183649 0.0213721 0.0236926 0.0250729 0.0254016 0.0247296 0.0232458 0.0212207 0.0189363 0.0166273 0.0144485 0.0124725 0.0107086 0.00913203 0.00771025
 1.01451e-16 3.25497e-05 0.000191039 0.000908109 0.00349626 0.0109028 0.0275395 0.0563497 0.0934065 0.125444 0.136512 0.120424 0.0862257 0.0503669 0.0245278 0.010947 0.00607994 0.00574752 0.00738154 0.00983685 0.0126155 0.0153864 0.0178334 0.0196627 0.0206578 0.0207266 0.0199194 0.0184087 0.0164403 0.014272 0.0121217 0.0101373 0.00839199 0.00689942 0.00563721 0.00456967
 1.01322e-16 3.07408e-05 0.000180415 0.000857593 0.00330175 0.0102962 0.0260074 0.0532152 0.0882121 0.118473 0.128939 0.113773 0.081529 0.0477556 0.0235027 0.0109079 0.00664641 0.00678733 0.00890548 0.0118966 0.0152412 0.0185535 0.0214495 0.0235711 0.0246557 0.0245956 0.0234598 0.0214683 0.0189321 0.0161767 0.0134772 0.0110206 0.00889881 0.0071269 0.00567242 0.00448379
 1.02111e-16 2.64382e-05 0.00015515 0.000737467 0.00283922 0.00885376 0.0223641 0.0457611 0.0758586 0.10189 0.110913 0.0979201 0.0702841 0.0414012 0.020809 0.0103883 0.00732418 0.00827013 0.0111506 0.0149889 0.0192667 0.0235397 0.0273396 0.0302205 0.0318484 0.0320739 0.0309608 0.0287567 0.0258217 0.0225381 0.0192331 0.0161347 0.0133634 0.0109539 0.00888782 0.00712583
 1.02321e-16 3.04669e-05 0.000178811 0.000849975 0.00327243 0.0102048 0.0257765 0.0527423 0.0874273 0.117416 0.12778 0.11273 0.0807384 0.0472056 0.0230716 0.0104419 0.00601034 0.0058779 0.00765165 0.0102667 0.0132578 0.016308 0.0191061 0.0213546 0.022823 0.0233941 0.0230838 0.0220237 0.0204181 0.0184891 0.0164301 0.0143803 0.0124212 0.0105897 0.00889805 0.00735029
 1.02023e-16 3.05337e-05 0.000179201 0.000851825 0.00327955 0.0102269 0.0258325 0.0528572 0.0876183 0.117674 0.128066 0.112994 0.0809526 0.0473813 0.0232508 0.0106786 0.0063576 0.00638191 0.008347 0.0111684 0.0143512 0.0175403 0.020385 0.0225556 0.0238065 0.0240296 0.0232738 0.0217231 0.0196427 0.0173109 0.0149633 0.0127593 0.0107788 0.00903886 0.00752053 0.00619288
 1.01785e-16 3.12753e-05 0.000183556 0.000872532 0.00335928 0.0104756 0.0264605 0.0541421 0.0897476 0.120532 0.131172 0.115725 0.0828869 0.048469 0.0237018 0.0107463 0.00620714 0.00607797 0.00789515 0.0105547 0.0135648 0.016585 0.0192825 0.0213449 0.0225384 0.022758 0.0220469 0.020576 0.0185936 0.0163629 0.0141077 0.0119825 0.0100675 0.00838419 0.00691906 0.00564603
 1.01829e-16 3.02776e-05 0.000177697 0.000844673 0.00325201 0.0101411 0.0256156 0.0524134 0.0868829 0.116687 0.126994 0.112054 0.0802912 0.0470183 0.0231177 0.0106934 0.00647027 0.00657823 0.0086331 0.0115554 0.0148453 0.0181371 0.0210664 0.0232904 0.0245533 0.0247418 0.0239068 0.0222401 0.0200188 0.0175357 0.0150397 0.012702 0.0106105 0.00878712 0.00721436 0.00586005
 1.01938e-16 3.04407e-05 0.000178655 0.000849231 0.00326956 0.0101958 0.0257538 0.0526962 0.0873514 0.117315 0.127675 0.112649 0.0807044 0.0472338 0.0231746 0.0106377 0.0063264 0.00634761 0.00830572 0.0111221 0.0143063 0.0175076 0.0203784 0.0225906 0.023897 0.024184 0.023493 0.0219981 0.0199551 0.0176359 0.0152731 0.0130281 0.0109868 0.00917517 0.00758365 0.00618999
 1.02009e-16 3.00935e-05 0.000176616 0.000839536 0.00323223 0.0100794 0.0254598 0.0520946 0.0863545 0.115977 0.126221 0.111372 0.0798009 0.0467286 0.0229706 0.010618 0.00641583 0.00651812 0.00855681 0.0114616 0.0147392 0.0180301 0.020976 0.0232388 0.0245643 0.0248375 0.0241033 0.0225441 0.0204263 0.018032 0.0156017 0.0133013 0.0112176 0.00937444 0.00775933 0.00634653
 1.02188e-16 2.9223e-05 0.000171504 0.000815232 0.00313865 0.00978755 0.0247227 0.0505865 0.0838551 0.112622 0.122574 0.108165 0.0775264 0.0454441 0.0224276 0.0105162 0.00655797 0.00682536 0.0090208 0.0120995 0.0155677 0.0190537 0.0221815 0.0245947 0.026025 0.0263492 0.0256121 0.0240031 0.0217996 0.0192963 0.0167446 0.0143187 0.0121104 0.0101466 0.00841626 0.00689516
 1.04495e-16 1.60301e-05 9.40321e-05 0.000446878 0.00172033 0.00536451 0.0135507 0.0277294 0.0459753 0.061776 0.0673103 0.0595764 0.043092 0.0260479 0.0143245 0.00918325 0.00904262 0.0119691 0.0167292 0.0226482 0.0292016 0.0357928 0.0417407 0.0463839 0.0492188 0.0500085 0.0488248 0.0460061 0.0420542 0.0375039 0.0328131 0.0283004 0.0241373 0.0203799 0.017018 0.0140193
 1.06298e-16 2.36985e-05 0.000139076 0.000661074 0.00254512 0.00793667 0.0200474 0.0410203 0.0679977 0.0913254 0.0993969 0.087715 0.0628769 0.036874 0.0182349 0.00862442 0.0055056 0.0058849 0.00794054 0.0108781 0.0143572 0.0181341 0.021946 0.0255148 0.0285879 0.0309776 0.0325818 0.0333787 0.0334051 0.0327276 0.0314214 0.0295622 0.027231 0.0245235 0.0215567 0.0184666
 1.03864e-16 3.0869e-05 0.000181174 0.000861219 0.00331574 0.0103398 0.0261175 0.05344 0.0885828 0.118965 0.129458 0.114193 0.0817473 0.0477172 0.0231756 0.010242 0.00555283 0.00514838 0.00660445 0.00885694 0.0114664 0.0141598 0.0166797 0.0187827 0.020281 0.0210798 0.021191 0.0207167 0.0198111 0.0186342 0.0173151 0.015934 0.0145252 0.0130941 0.0116378 0.0101622
pSPR Fmed_Fpbrs
0.479246   0.6 0.325
Fs Fmed_Fpbrs
0.64   0.391689 1.24657
SSBpbr Bo_Bmed_Bpbrs
1.83521e+06  787757  1.00937e+06 504683
Ro
53103.6
SPR SPRFo_SPRFmed_SPRFpbrs
1.09681e+06 525644 356465
log_Ro
10.7
likeval ReclasPelacesDesembMPH_pf_preclas_ppelaces_ptallas_desvR_qrecl_qpela
 65.7018 17.9719 0.0350572 54.9263 336.634 219.305 54.9382 0 18.2828 5.29657e-05 9.67312e-06 1.7647e-15 0 0 0
q_reclas_q_pelaces
0.356547 1.55657
M
0.7
N
 54655.2 13709.4 4625.56 538.595 0.34875
 66194.1 24776.6 4246.77 1295.28 150.134
 41100.2 30683.7 8613.7 1367.99 463.765
 55371 18520.3 9214.09 2322.77 491.184
 84167.5 27004.3 8375.84 4084.56 1246.11
 62861.6 41635.4 13144.7 4059.68 2583.14
 106936 29913.4 16580.4 4993.2 2517.12
 108569 51677.9 12903.3 6939.81 3138.52
 152288 51081.6 19406.5 4564.4 3553.97
 133078 71435.7 18886.2 6736.32 2808.68
 67862.5 63384.8 28582.9 7215.58 3637.91
 41520.1 30977.8 20352.1 8360.34 3159.1
 40266 19118.3 10404 6286.76 3542.82
 24656 17742 5111.71 2436.69 2286.22
 18355.9 9786.45 2762.09 620.93 566.244
 16630.6 7375.32 1623 362.281 153.798
 12414.8 7589.12 2364.23 473.768 149.912
 17557.2 5734.92 2591.62 745.221 195.768
 23375.4 8273.72 2171.36 925.932 335.181
 34590.4 11137.9 3317.02 831.57 481.816
 48516 16532.8 4537.68 1295.37 511.766
 72226.1 23665.9 7484.77 2014.07 801.275
 101782 35094.7 10500.4 3241.9 1217.88
 132256 49359.6 15414.7 4492.59 1905.5
 51086.5 64169.8 21735.8 6615.69 2742.24
 73051.5 24851.3 28640.2 9482.15 4077.48
 139474 35507.5 11045.2 12430.8 5878.01
pred_Ctot
 3442.14 3810.5 1498.83 175.747 0.113833
 3180.38 5454.41 1099.9 337.984 39.1875
 2751.71 8976.85 2930.88 468.681 158.935
 713.494 1195.53 715.787 182.004 38.5014
 233.114 384.515 144.504 71.1033 21.7004
 1891.33 6006.44 2256.47 702.523 447.162
 2066.7 2848.94 1892.26 574.659 289.794
 4114.71 9206.8 2721.81 1475.32 667.43
 6085.2 9545.19 4288 1016.35 791.616
 3919.58 10104.6 3180.16 1143.47 476.93
 3960.88 16517 8707.36 2213.86 1116.51
 2181.77 7374.4 5684.15 2352.11 889.06
 3286.11 6573.87 4125.1 2508.77 1414.17
 3605.03 9342.17 2999.59 1436.69 1348.24
 2550.78 4982.99 1572.83 355.327 324.1
 974.199 1927.85 495.892 111.484 47.342
 625.466 1741.6 637.392 128.674 40.7282
 646.321 995.147 532.825 154.417 40.5783
 682.307 1160.6 362.653 155.898 56.4534
 935.066 1454.89 516.606 130.57 75.6791
 618.272 1055.86 348.779 100.428 39.6909
 1118.99 1824.59 693.248 188.143 74.8775
 1716.98 2935.76 1054.28 328.27 123.365
 2185.01 4047.44 1517.45 446.03 189.248
 750.396 4700.23 1913.65 587.457 243.593
 1114.77 1888.31 2614.78 873.117 375.59
 2989.03 3729.85 1388.39 1575.62 745.312
F
 0.0911432 0.471921 0.57287 0.578086 0.578308
 0.0688607 0.356547 0.432816 0.436756 0.436924
 0.0971447 0.502996 0.610592 0.616151 0.616388
 0.018061 0.0935165 0.113521 0.114554 0.114598
 0.00385777 0.0199748 0.0242476 0.0244683 0.0244777
 0.0426293 0.220726 0.267942 0.270381 0.270485
 0.0271979 0.140826 0.170949 0.172506 0.172572
 0.0539654 0.279422 0.339193 0.342282 0.342413
 0.0569725 0.294992 0.358094 0.361354 0.361493
 0.0417142 0.215988 0.26219 0.264577 0.264678
 0.084213 0.436039 0.529311 0.534131 0.534336
 0.0755308 0.391084 0.47474 0.479063 0.479247
 0.119571 0.619113 0.751547 0.75839 0.758681
 0.224023 1.15995 1.40807 1.42089 1.42144
 0.211813 1.09673 1.33133 1.34345 1.34396
 0.0845312 0.437686 0.531311 0.536148 0.536354
 0.0723152 0.374434 0.454529 0.458667 0.458843
 0.0523811 0.271219 0.329236 0.332233 0.332361
 0.0413333 0.214016 0.259796 0.262161 0.262262
 0.0382273 0.197934 0.240274 0.242461 0.242554
 0.0178604 0.0924775 0.112259 0.113281 0.113325
 0.0217507 0.112621 0.136711 0.137956 0.138009
 0.0237032 0.12273 0.148983 0.15034 0.150398
 0.023209 0.120171 0.145877 0.147205 0.147262
 0.0206114 0.106722 0.12955 0.13073 0.13078
 0.0214207 0.110912 0.134637 0.135863 0.135915
 0.030199 0.156364 0.189812 0.191541 0.191614
Np
 42139 19672.9 24241.1 5080.35 2034.14
YTP_r0W_actual
 49413.7 153696 82014.7 118778 62348.3
YTP_p0W_proyectada
 14929.3 290879 111976 43348.2 76228.5
 14929.3 85155 179999 48543.6 21576.1
CTP_r0_actual
 6026.06 7115.54 2611.93 2962.04 1401.08
CTP_p0_proyectada
 1820.64 13466.6 3566.1 1081 1713
 1820.64 3942.36 5732.45 1210.56 484.857
Wmedp
 8.2 21.6 31.4 40.1 44.5
nmprior
 10.8 10.6 4.6 0
nm_flota  nm_reclas  nm_pelaces    nm_pelaL
inf 12.4185 19.7653 65.2028
cv_recla  cv_pelaces  cv_mph
0.701971 0.464395 0.59422
 ------------------------------------------------
Talla a la edad & desviaci?n 
 7.2 14.2025 17.0495 18.207 18.6776
 1.08 2.13037 2.55742 2.73105 2.80164
