years
 1997 1998 1999 2000 2001 2002 2003 2004 2005 2006 2007 2008 2009 2010 2011 2012 2013 2014 2015 2016 2017 2018 2019 2020 2021 2022 2023
reclasobs
 0 0 0 370054 412103 1.49427e+06 250295 1.28982e+06 931140 785840 897777 1.04006e+06 184774 17550 25797 100020 73551 82996 120727 218422 84188 347160 605670 569463 516374 1.08416e+06 1.01767e+06
reclaspred
 453620 128840 409904 279868 360072 408590 885720 611167 746848 683544 547337 371164 224777 106009 76496.1 71146.7 76520.8 106706 123648 181888 271821 270088 483390 621194 718834 662707 672531
pelacesobs
 0 0 0 0 0 0 0 0 0 2.06254e+06 1.5e+06 0 1.87456e+06 323000 250000 174000 83755 137374 0 501740 490994 745055 786931 1.00524e+06 1.33801e+06 1.41789e+06 0
pelacespred
 1.71433e+06 418532 808270 852331 940262 876396 2.1692e+06 1.82241e+06 2.00713e+06 1.84285e+06 1.32469e+06 928886 560492 220445 158399 157046 176337 246318 287992 416921 706270 664584 985299 1.45628e+06 1.66435e+06 1.69559e+06 1.62231e+06
mphobs
 0 0 0 0 0 0 112323 0 153150 637223 0 255016 313432 73983 77613 109348 50772 17779 17303 59886 28197 0 207744 136588 643089 65757 70829
mphpred
 143997 94082.5 118872 149499 141966 196106 288411 335570 305853 336669 310583 220670 133696 104228 50505.2 43571.6 43981.1 56184.9 27242.1 33173.3 52704.6 66705.1 89756 133403 171876 168535 150315
desembarqueobs
 350755 77701 442110 56441 14545 235359 269955 359681 431902 328805 639364 411747 362871 311530 167758 66681 60226 58785 57116 73181 50977 67692 138656 160484 209506 203330 245020
desembarquepred
 350768 77705.9 442171 56444 14545.2 235439 269995 359711 431927 328854 639663 412028 363377 312045 167813 66707.8 60266.2 58791 57109.4 73184.7 50977.9 67685.7 138661 160492 209525 203343 245018
Reclutas
 60020.1 72886 43889 59208.4 90759.8 67659.9 114529 116708 162058 139658 69307.7 42045.8 41084.3 24957.9 18759.6 17800.5 13428.7 18840.7 24975.8 37506.3 52362.9 78133.8 110710 143270 53663.8 77005.2 142903
log_desv_Rt
 0.0624349 0.256652 -0.250581 0.048819 0.475972 0.18225 0.708582 0.72743 1.05571 0.906955 0.206312 -0.293486 -0.316619 -0.815055 -1.10054 -1.15302 -1.43485 -1.09622 -0.814335 -0.407736 -0.0740455 0.326178 0.674669 0.932485 -0.0495069 0.311628 0.929922
SSB
 717222 468609 592082 744629 707108 976769 1.4013e+06 1.65541e+06 1.49423e+06 1.64687e+06 1.54696e+06 1.09912e+06 683683 356030 177832 154985 162411 199663 260723 331611 502687 621447 856907 1.2228e+06 1.70764e+06 1.7172e+06 1.44909e+06
BT
 2.48444e+06 665312 1.2727e+06 1.14825e+06 1.21174e+06 1.30731e+06 2.95484e+06 2.73312e+06 2.9568e+06 2.66838e+06 2.2692e+06 1.56592e+06 1.07288e+06 581643 344711 255872 275837 361761 416157 590634 943356 911142 1.35198e+06 1.99082e+06 2.28758e+06 2.34465e+06 2.28308e+06
Ftot
 0.425454 0.322524 0.459527 0.0893348 0.0197334 0.218936 0.142514 0.276558 0.292136 0.213754 0.441078 0.406237 0.639437 1.13837 1.02896 0.413951 0.356283 0.2635 0.207443 0.193848 0.0904553 0.111952 0.121248 0.118571 0.106387 0.11689 0.162175
BD_Bspro_t
 0.949591 0.771453 0.737903 0.622965 0.72492 0.826989 0.78926 0.797816 0.753426 0.732975 0.697534 0.549967 0.438749 0.325101 0.214198 0.228684 0.308256 0.438098 0.562476 0.671229 0.770415 0.84314 0.860307 0.864525 0.869339 0.834644 0.809721
BD_Bspro
 0.615833 0.402364 0.508383 0.639366 0.607149 0.83869 1.2032 1.4214 1.283 1.41407 1.32827 0.943743 0.587035 0.305701 0.152693 0.133076 0.139452 0.171438 0.223866 0.284733 0.431625 0.533597 0.735772 1.04994 1.46624 1.47445 1.24424
BD_Bo
 0.325848 0.212898 0.268994 0.338299 0.321253 0.443765 0.636635 0.752085 0.678857 0.748206 0.702812 0.49935 0.31061 0.161751 0.0807924 0.0704125 0.0737862 0.0907108 0.118451 0.150657 0.22838 0.282335 0.389309 0.555543 0.775814 0.780158 0.658348
BD_Brms
 0.59245 0.387087 0.48908 0.615089 0.584096 0.806845 1.15752 1.36743 1.23428 1.36037 1.27784 0.907909 0.564745 0.294093 0.146895 0.128023 0.134157 0.164929 0.215366 0.273922 0.415236 0.513336 0.707835 1.01008 1.41057 1.41847 1.197
S_f
 0.187942 1 1 1 1
 0.187942 1 1 1 1
 0.187942 1 1 1 1
 0.187942 1 1 1 1
 0.187942 1 1 1 1
 0.187942 1 1 1 1
 0.187942 1 1 1 1
 0.187942 1 1 1 1
 0.187942 1 1 1 1
 0.187942 1 1 1 1
 0.187942 1 1 1 1
 0.187942 1 1 1 1
 0.187942 1 1 1 1
 0.187942 1 1 1 1
 0.187942 1 1 1 1
 0.187942 1 1 1 1
 0.187942 1 1 1 1
 0.187942 1 1 1 1
 0.187942 1 1 1 1
 0.187942 1 1 1 1
 0.187942 1 1 1 1
 0.187942 1 1 1 1
 0.187942 1 1 1 1
 0.187942 1 1 1 1
 0.187942 1 1 1 1
 0.187942 1 1 1 1
 0.187942 1 1 1 1
Scru_reclas
 0.966333 1 1 1 1
 0.966333 1 1 1 1
 0.966333 1 1 1 1
 0.966333 1 1 1 1
 0.966333 1 1 1 1
 0.966333 1 1 1 1
 0.966333 1 1 1 1
 0.966333 1 1 1 1
 0.966333 1 1 1 1
 0.966333 1 1 1 1
 0.966333 1 1 1 1
 0.966333 1 1 1 1
 0.966333 1 1 1 1
 0.966333 1 1 1 1
 0.966333 1 1 1 1
 0.966333 1 1 1 1
 0.966333 1 1 1 1
 0.966333 1 1 1 1
 0.966333 1 1 1 1
 0.966333 1 1 1 1
 0.966333 1 1 1 1
 0.966333 1 1 1 1
 0.966333 1 1 1 1
 0.966333 1 1 1 1
 0.966333 1 1 1 1
 0.966333 1 1 1 1
 0.966333 1 1 1 1
Scru_pelaces
 1 1 1 1 1
 1 1 1 1 1
 1 1 1 1 1
 1 1 1 1 1
 1 1 1 1 1
 1 1 1 1 1
 1 1 1 1 1
 1 1 1 1 1
 1 1 1 1 1
 1 1 1 1 1
 1 1 1 1 1
 1 1 1 1 1
 1 1 1 1 1
 1 1 1 1 1
 1 1 1 1 1
 1 1 1 1 1
 1 1 1 1 1
 1 1 1 1 1
 1 1 1 1 1
 1 1 1 1 1
 1 1 1 1 1
 1 1 1 1 1
 1 1 1 1 1
 1 1 1 1 1
 1 1 1 1 1
 1 1 1 1 1
 1 1 1 1 1
pf_obs 
 0.256992 0.487395 0.22802 0.0275931 0
 0.321318 0.546541 0.124235 0.00734118 0.000564706
 0.182869 0.594174 0.210203 0.0122559 0.00049798
 0.330522 0.361315 0.267642 0.0388342 0.00168674
 0.649043 0.306663 0.0425973 0.00169635 0
 0.582887 0.30429 0.105238 0.00758474 0
 0.465427 0.430635 0.0974691 0.00646863 0
 0.296916 0.608066 0.0921331 0.00288517 0
 0.311714 0.524322 0.152257 0.0117073 0
 0.15457 0.633149 0.183074 0.0267441 0.00246327
 0.131901 0.49318 0.331252 0.0422183 0.00144891
 0.196976 0.569456 0.194076 0.0375587 0.00193317
 0.518974 0.381816 0.0799577 0.0180837 0.00116848
 0.0928022 0.601141 0.25162 0.0475244 0.00691264
 0.122501 0.610282 0.24278 0.0234846 0.000952079
 0.383417 0.481906 0.127806 0.00687128 0
 0.0376549 0.599619 0.316969 0.0457579 0
 0.0361596 0.667082 0.258105 0.0386534 0
 0.158088 0.579412 0.248529 0.0139706 0
 0.0477256 0.309471 0.559284 0.082774 0.000745712
 0.0406174 0.521527 0.379366 0.0568643 0.0016247
 0.151134 0.462217 0.34131 0.0453401 0
 0.294876 0.26143 0.354403 0.0886775 0.000613685
 0.281977 0.475581 0.204845 0.0348837 0.00271318
 0.0841818 0.532909 0.334909 0.0458182 0.00218182
 0.115287 0.27431 0.454777 0.147771 0.00785563
 0 0 0 0 0
pf_pred 
 0.374924 0.441904 0.163893 0.0192683 1.06394e-05
 0.307017 0.551473 0.100042 0.0371033 0.0043645
 0.171842 0.60668 0.176252 0.0319735 0.0132532
 0.249375 0.434003 0.231946 0.0673848 0.0172911
 0.278 0.467888 0.146924 0.0785216 0.0286657
 0.17087 0.558804 0.175183 0.0550104 0.0401322
 0.277886 0.395827 0.219906 0.0689398 0.0374415
 0.230341 0.528072 0.132426 0.0735708 0.0355904
 0.283007 0.461863 0.175047 0.043897 0.0361852
 0.207813 0.559556 0.149853 0.0567947 0.025983
 0.121156 0.532904 0.244352 0.0654393 0.0361482
 0.119749 0.417577 0.280551 0.128641 0.0534815
 0.187507 0.379321 0.20549 0.13806 0.0896227
 0.188439 0.507212 0.142089 0.0769738 0.0852868
 0.251151 0.512846 0.147498 0.0413197 0.0471857
 0.272948 0.543492 0.12571 0.036155 0.0216946
 0.198156 0.56777 0.174977 0.0404723 0.0186247
 0.274632 0.441228 0.201194 0.0620047 0.0209415
 0.2826 0.498418 0.133203 0.0607388 0.0250408
 0.306172 0.483982 0.145792 0.0389632 0.0250913
 0.2894 0.511398 0.138954 0.0418578 0.0183905
 0.292912 0.490077 0.156176 0.0424354 0.0183993
 0.28546 0.499313 0.149172 0.0475376 0.0185171
 0.265587 0.50823 0.158055 0.0472195 0.0209092
 0.0916325 0.60872 0.207362 0.0644878 0.0277971
 0.172276 0.298316 0.35477 0.120853 0.0537848
 0.290581 0.382237 0.117918 0.140233 0.0690308
pobs_RECLAS
 0 0 0 0 0
 0 0 0 0 0
 0 0 0 0 0
 0 0 0 0 0
 0.835266 0.146461 0.0176864 0.000547809 3.91292e-05
 0.385257 0.428462 0.181853 0.0044286 0
 0.867414 0.0963971 0.0333333 0.00285562 0
 0.441836 0.489002 0.0689373 0.000224442 0
 0.779404 0.147425 0.0564933 0.0165055 0.000172143
 0.814271 0.122319 0.05973 0.00367925 0
 0.40263 0.566651 0.0304383 0.000280538 0
 0.475488 0.404961 0.113038 0.00651328 0
 0.955842 0.0263864 0.0167828 0.000988607 0
 0.975058 0.0227948 0.00214734 0 0
 0.738997 0.206755 0.0527124 0.00153531 0
 0.850938 0.134255 0.0134407 0.00136685 0
 0.542534 0.407297 0.0501686 0 0
 0.764087 0.199537 0.0359546 0.000420521 0
 0.470689 0.182191 0.310203 0.0369168 0
 0.84361 0.089868 0.0606195 0.00523954 0.000663233
 0.607945 0.314616 0.071237 0.00620181 0
 0.523733 0.453247 0.0230204 0 0
 0.530135 0.295979 0.169645 0.0042399 0
 0.562478 0.366248 0.0663022 0.0049721 0
 0.250443 0.683176 0.0655157 0.000865301 0
 0.195077 0.31981 0.436473 0.0351445 0.0134964
 0.565238 0.351407 0.0832357 0.000118908 0
ppred_RECLAS
 0.760101 0.169599 0.0629007 0.007395 4.08333e-06
 0.698986 0.239546 0.0434555 0.0161167 0.00189583
 0.523611 0.348986 0.101387 0.0183924 0.00762376
 0.631797 0.212891 0.113776 0.0330542 0.00848178
 0.664611 0.217347 0.0682505 0.0364754 0.013316
 0.517507 0.325183 0.101944 0.032012 0.023354
 0.665943 0.183113 0.101731 0.0318923 0.0173208
 0.609916 0.267641 0.067117 0.0372876 0.0180382
 0.673669 0.210211 0.0796707 0.0199792 0.0164692
 0.577139 0.298685 0.07999 0.0303164 0.0138694
 0.421677 0.350677 0.160796 0.0430623 0.0237873
 0.417768 0.276201 0.185568 0.0850883 0.0353747
 0.554007 0.208217 0.112797 0.0757835 0.0491956
 0.569466 0.269076 0.0753783 0.0408347 0.0452448
 0.653269 0.237457 0.0682943 0.0191318 0.0218478
 0.664576 0.250739 0.057996 0.0166801 0.0100088
 0.564928 0.308066 0.0949409 0.0219598 0.0101056
 0.664009 0.204377 0.0931933 0.0287206 0.00970013
 0.671989 0.227887 0.0609033 0.0277711 0.0114492
 0.696327 0.211828 0.0638098 0.0170533 0.0109819
 0.677791 0.231884 0.0630062 0.0189796 0.00833882
 0.681753 0.220574 0.0702919 0.0190994 0.00828117
 0.673951 0.22784 0.068068 0.0216917 0.00844948
 0.651664 0.241056 0.0749662 0.0223964 0.00991736
 0.342753 0.440438 0.150036 0.04666 0.0201125
 0.518446 0.173555 0.206398 0.0703102 0.031291
 0.679932 0.172454 0.0532011 0.0632689 0.0311446
pobs_PELACES
 0 0 0 0 0
 0 0 0 0 0
 0 0 0 0 0
 0 0 0 0 0
 0 0 0 0 0
 0 0 0 0 0
 0 0 0 0 0
 0 0 0 0 0
 0 0 0 0 0
 0 0 0 0 0
 0.450072 0.473896 0.0757376 0.000293798 0
 0 0 0 0 0
 0.463077 0.371075 0.160297 0.00555027 0
 0.529543 0.364841 0.0842815 0.0213345 0
 0.631943 0.363953 0.00410389 0 0
 0.735681 0.248677 0.0153453 0.000297389 0
 0.695825 0.281241 0.0229344 0 0
 0.275771 0.60734 0.115278 0.00161068 0
 0 0 0 0 0
 0.896147 0.0623911 0.0374545 0.00400742 0
 0.803859 0.145111 0.0509908 3.86294e-05 0
 0.739449 0.233085 0.0266225 0.000797448 4.60066e-05
 0.878498 0.100942 0.0204185 0.000141795 0
 0.694673 0.275183 0.0284847 0.00165964 0
 0.469039 0.446079 0.0841089 0.000773354 0
 0.822795 0.102175 0.0682046 0.00682512 0
 0 0 0 0 0
ppred_PELACES
 0.786086 0.151229 0.0560874 0.00659399 3.64104e-06
 0.723752 0.219837 0.0398802 0.0147907 0.00173985
 0.562645 0.320391 0.0930797 0.0168854 0.00699908
 0.645227 0.205126 0.109626 0.0318486 0.00817243
 0.673366 0.211674 0.066469 0.0355233 0.0129684
 0.540653 0.309583 0.0970533 0.0304763 0.0222337
 0.681859 0.174389 0.0968838 0.0303727 0.0164955
 0.635369 0.250178 0.0627377 0.0348547 0.0168612
 0.697909 0.194597 0.0737527 0.0184951 0.0152459
 0.599305 0.283029 0.0757971 0.0287273 0.0131424
 0.459229 0.327907 0.150355 0.0402661 0.0222427
 0.452932 0.25952 0.17436 0.0799494 0.0332383
 0.604076 0.184841 0.100134 0.0672758 0.0436727
 0.649986 0.218753 0.0612808 0.0331976 0.0367829
 0.719792 0.191899 0.0551916 0.0154612 0.0176562
 0.696129 0.227152 0.0525404 0.015111 0.00906726
 0.596502 0.285709 0.0880509 0.0203662 0.00937219
 0.686987 0.1904 0.0868199 0.0267565 0.00903674
 0.691477 0.214348 0.0572849 0.0261211 0.010769
 0.71424 0.199333 0.0600459 0.0160474 0.0103341
 0.69043 0.222789 0.0605349 0.0182352 0.00801174
 0.695527 0.211028 0.0672496 0.0182727 0.00792275
 0.688443 0.217713 0.0650427 0.0207276 0.00807393
 0.666497 0.230791 0.071774 0.0214427 0.00949505
 0.357027 0.430873 0.146778 0.0456467 0.0196758
 0.534791 0.167664 0.199393 0.0679237 0.0302289
 0.696601 0.163472 0.0504303 0.0599738 0.0295226
pobs_pel_tallas
 0 0 0 0 0 0 0 0 0 0 0 0 0 0 0 0 0 0 0 0 0 0 0 0 0 0 0 0 0 0 0 0 0 0 0 0
 0 0 0 0 0 0 0 0 0 0 0 0 0 0 0 0 0 0 0 0 0 0 0 0 0 0 0 0 0 0 0 0 0 0 0 0
 0 0 0 0 0 0 0 0 0 0 0 0 0 0 0 0 0 0 0 0 0 0 0 0 0 0 0 0 0 0 0 0 0 0 0 0
 0 0 0 0 0 0 0 0 0 0 0 0 0 0 0 0 0 0 0 0 0 0 0 0 0 0 0 0 0 0 0 0 0 0 0 0
 0 0 0 0 0 0 0 0 0 0 0 0 0 0 0 0 0 0 0 0 0 0 0 0 0 0 0 0 0 0 0 0 0 0 0 0
 0 0 0 0 0 0 0 0 0 0 0 0 0 0 0 0 0 0 0 0 0 0 0 0 0 0 0 0 0 0 0 0 0 0 0 0
 0 0 0 0 0 0 0 0 0 0 0 0 0 0 0 0 0 0 0 0 0 0 0 0 0 0 0 0 0 0 0 0 0 0 0 0
 0 0 0 0 0 0 0 0 0 0 0 0 0 0 0 0 0 0 0 0 0 0 0 0 0 0 0 0 0 0 0 0 0 0 0 0
 0 0 0 0 0 0 0 0 0 0 0 0 0 0 0 0 0 0 0 0 0 0 0 0 0 0 0 0 0 0 0 0 0 0 0 0
 0 0 0 0 0 0 0 0 0 0 0 0 0 0 0 0 0 0 0 0 0 0 0 0 0 0 0 0 0 0 0 0 0 0 0 0
 0 0 0 0 0 0 0 0 1.78061e-05 0.00172719 0.00360574 0.0105946 0.0120993 0.0124554 0.0147524 0.0171206 0.0266825 0.0428682 0.0675386 0.121331 0.153587 0.119568 0.100827 0.0573624 0.0630603 0.0341343 0.0324427 0.0444173 0.0211091 0.0280891 0.0125444 0.00206551 0 0 0 0
 0 0 0 0 0 0 0 0 0 0 0 0 0 0 0 0 0 0 0 0 0 0 0 0 0 0 0 0 0 0 0 0 0 0 0 0
 0 0 0 0 0 0 0.0133647 0.0140871 0.0187388 0.0205184 0.03894 0.0496705 0.03968 0.0493445 0.0407372 0.0367815 0.0215668 0.0243155 0.0234873 0.0199281 0.019796 0.0243948 0.0301388 0.0376714 0.0412746 0.0863199 0.0771752 0.113111 0.0741005 0.0525337 0.0229764 0.00759418 0.00175318 0 0 0
 0 0 0 0 0 0 0 0 0 0 0.00219441 0.00772107 0.0458388 0.0604681 0.0671733 0.0775358 0.0609151 0.0617685 0.073594 0.0568108 0.0755445 0.0548602 0.0670107 0.0636378 0.0643287 0.046367 0.0373049 0.0286899 0.0247887 0.0153202 0.00654259 0.00121912 0.000365735 0 0 0
 0 0 0 0 0 0 0 0 0 0 0 0 0.000112435 0.00938835 0.0111873 0.0202946 0.0414886 0.0713402 0.111592 0.104902 0.108894 0.110636 0.117776 0.105296 0.107544 0.0401394 0.0192827 0.0124803 0.00416011 0.0028671 0.000618394 0 0 0 0 0
 0 0 0 0 0 0 0 0 0 0 0.00291406 0.0102884 0.027416 0.0768956 0.0749926 0.110853 0.0956884 0.0897413 0.0766577 0.0534642 0.0500743 0.0551293 0.0594112 0.0620874 0.0668451 0.0424026 0.0208742 0.0120726 0.0048766 0.00582813 0.00118941 0.000297354 0 0 0 0
 0 0.00264628 0.0354308 0.0461629 0.0458689 0.0383711 0.0214643 0.0164657 0.0346957 0.0420465 0.0363128 0.0245516 0.0311673 0.0291091 0.0169068 0.0133784 0.00837989 0.0085269 0.0148486 0.0160247 0.0276389 0.0546898 0.0760071 0.122758 0.109233 0.0665981 0.0333725 0.0166128 0.00676272 0.00308733 0.000882094 0 0 0 0 0
 0 0 0 0 0 0 0 0.000805153 0.000690131 0.00759144 0.0133425 0.0154129 0.00931677 0.000345066 0.00356568 0.00563607 0.00851162 0.0253048 0.0502646 0.0516448 0.0657925 0.0565908 0.0611916 0.0827007 0.0866115 0.110766 0.145733 0.0935128 0.0569358 0.0249597 0.0138026 0.00621118 0.00161031 0.00115022 0 0
 0 0 0 0 0 0 0 0 0 0 0 0 0 0 0 0 0 0 0 0 0 0 0 0 0 0 0 0 0 0 0 0 0 0 0 0
 0.00147267 0.00158595 0.00478618 0.00569244 0.00954404 0.0108468 0.00647125 0.017049 0.0510054 0.094081 0.124002 0.0959785 0.0687766 0.0820023 0.061753 0.0591476 0.0492212 0.0479892 0.0443925 0.0268479 0.0217502 0.0140895 0.0121071 0.0120363 0.00920419 0.00665534 0.0049561 0.00860946 0.00930331 0.0156896 0.0114698 0.00855282 0.00243557 0.00046729 0 2.83206e-05
 0 0 0 0 0.000772559 0.00158375 0.000888443 0.00281984 0.00712685 0.0440552 0.0773331 0.111326 0.0921469 0.0852325 0.0710754 0.0886704 0.0786465 0.0553345 0.0373146 0.0185414 0.00753245 0.00457741 0.012979 0.0271748 0.0457355 0.0583668 0.034881 0.0177882 0.00938659 0.00492506 0.0015258 0.00185414 0.000309023 5.79419e-05 3.86279e-05 0
 0 0.00173294 0.00326652 0 0.00397197 0.00683976 0.00946217 0.0152591 0.00757587 0.0136028 0.0228656 0.0392903 0.0559909 0.0764795 0.0681675 0.0726916 0.0566044 0.0477403 0.0527397 0.0444891 0.0609904 0.0582453 0.0661739 0.0445044 0.0529084 0.0360697 0.0280645 0.0235558 0.0158879 0.00826598 0.00280645 0.00217768 0.000904811 0.00058276 9.20147e-05 0
 0 0 0 0 0 0 0 0 0 0 0 0 0 0 0 0 0 0 0 0 0 0 0 0 0 0 0 0 0 0 0 0 0 0 0 0
 0 0 0 0 0 0 0 0 0 0 0 0 0 0 0 0 0 0 0 0 0 0 0 0 0 0 0 0 0 0 0 0 0 0 0 0
 0 0 0 0 0 0 0 0 0 0 0 0 0 0 0 0 0 0 0 0 0 0 0 0 0 0 0 0 0 0 0 0 0 0 0 0
 0 0 0 0 0 0 0 0 0 0 0 0 0 0 0 0 0 0 0 0 0 0 0 0 0 0 0 0 0 0 0 0 0 0 0 0
 0 0 0 0 0 0 0 0 0 0 0 0 0 0 0 0 0 0 0 0 0 0 0 0 0 0 0 0 0 0 0 0 0 0 0 0
ppred_pel_tallas
 1.01073e-16 3.42959e-05 0.000201294 0.000956873 0.00368403 0.0114883 0.0290186 0.0593756 0.0984208 0.132174 0.143824 0.126846 0.0907636 0.0528954 0.0255314 0.0110091 0.00557287 0.00480571 0.0060024 0.00797858 0.0102562 0.012554 0.0146165 0.0162059 0.0171419 0.0173395 0.016824 0.0157171 0.0142008 0.0124712 0.0106992 0.00900756 0.00746632 0.00610264 0.00491692 0.00389763
 1.01228e-16 3.15806e-05 0.000185347 0.000881043 0.00339204 0.0105777 0.0267186 0.0546703 0.0906236 0.12171 0.132457 0.116865 0.0837198 0.0489879 0.0240142 0.0109854 0.00647641 0.00644195 0.008389 0.01119 0.014328 0.0174328 0.0201413 0.0221162 0.0231115 0.0230277 0.0219326 0.0200365 0.0176347 0.0150357 0.0124992 0.0102003 0.00822371 0.00658081 0.00523809 0.00414434
 1.02333e-16 2.45598e-05 0.000144119 0.000685019 0.00263727 0.00822398 0.0207733 0.0425066 0.0704652 0.0946507 0.103046 0.0910052 0.0653879 0.0386523 0.019678 0.0102366 0.00773771 0.00909103 0.0123717 0.0166532 0.0214081 0.0261538 0.0303717 0.0335665 0.0353668 0.0356072 0.0343592 0.031899 0.0286277 0.0249712 0.0212942 0.0178501 0.0147733 0.0121015 0.0098139 0.00786575
 1.031e-16 2.81561e-05 0.000165243 0.000785468 0.00302406 0.00943021 0.02382 0.0487395 0.080793 0.108509 0.118095 0.104205 0.0746752 0.0437462 0.0215418 0.0100242 0.00615667 0.00635215 0.00840851 0.0113392 0.0146966 0.0181554 0.0213842 0.0240601 0.0259265 0.0268427 0.0268061 0.0259355 0.0244272 0.0224996 0.0203466 0.018112 0.015887 0.0137236 0.0116538 0.00970458
 1.0284e-16 2.93832e-05 0.000172447 0.000819717 0.00315592 0.00984143 0.0248587 0.0508647 0.0843158 0.113239 0.123241 0.108742 0.0779163 0.0456245 0.0224273 0.0103671 0.0062672 0.00637515 0.008383 0.0112517 0.0145072 0.017807 0.020809 0.0231884 0.0246983 0.0252212 0.0247895 0.0235638 0.0217821 0.0196967 0.0175204 0.0153983 0.0134048 0.0115616 0.00986269 0.00829623
 1.03565e-16 2.36004e-05 0.000138487 0.000658249 0.0025342 0.00790257 0.0199615 0.0408453 0.0677115 0.0909521 0.0990201 0.0874525 0.0628408 0.0371579 0.0189386 0.00988835 0.00752225 0.00887589 0.0121057 0.0163278 0.0210417 0.025789 0.0300746 0.033423 0.0354737 0.0360588 0.035233 0.0332424 0.0304488 0.0272359 0.0239298 0.020754 0.0178246 0.0151749 0.0127914 0.0106471
 1.03247e-16 2.97521e-05 0.000174616 0.000830036 0.00319567 0.00996538 0.0251718 0.051505 0.085376 0.11466 0.124779 0.110078 0.078829 0.0460694 0.0224801 0.010115 0.00574462 0.00556328 0.00724079 0.00974968 0.0126539 0.0156661 0.0185047 0.0208964 0.0226219 0.0235586 0.0236976 0.0231309 0.022014 0.0205205 0.0188034 0.0169753 0.0151076 0.0132426 0.0114101 0.00963976
 1.02958e-16 2.77279e-05 0.000162725 0.000773491 0.00297793 0.00928635 0.0234567 0.0479964 0.0795626 0.10686 0.116311 0.102655 0.0736174 0.0432327 0.0214851 0.0103239 0.00677323 0.00730696 0.00974745 0.0130927 0.0168487 0.0206238 0.0240153 0.0266417 0.0282174 0.0286144 0.0278858 0.026239 0.0239733 0.0214022 0.018788 0.0163063 0.014042 0.0120108 0.0101909 0.008551
 1.02459e-16 3.04528e-05 0.000178728 0.000849579 0.00327091 0.0102 0.0257644 0.0527178 0.0873867 0.117361 0.127721 0.112681 0.0807076 0.0471964 0.0230835 0.0104743 0.00606547 0.00595964 0.0077636 0.0104096 0.0134272 0.016493 0.0192894 0.0215146 0.0229372 0.0234439 0.0230591 0.0219257 0.02026 0.0182941 0.0162273 0.014199 0.012286 0.0105169 0.00889365 0.00741069
 1.0277e-16 2.61567e-05 0.000153498 0.000729616 0.00280899 0.00875951 0.022126 0.0452739 0.075051 0.100805 0.109732 0.0968761 0.0695325 0.0409542 0.0205764 0.0102596 0.00721835 0.00814208 0.0109787 0.0147648 0.0189921 0.023227 0.0270133 0.0299167 0.0316121 0.0319541 0.0310044 0.0290017 0.0262919 0.0232393 0.020152 0.01724 0.0146093 0.0122846 0.0102439 0.00844979
 1.04665e-16 2.00508e-05 0.000117646 0.000559162 0.00215268 0.00671283 0.0169563 0.0346967 0.0575208 0.0772704 0.0841423 0.0743546 0.0535205 0.0318314 0.0165661 0.00920949 0.00768931 0.00952048 0.0131541 0.01783 0.0230807 0.0284415 0.0333927 0.0374244 0.0401363 0.0413205 0.0409943 0.0393721 0.0367911 0.0336197 0.0301787 0.0266989 0.0233166 0.0200968 0.0170668 0.014244
 1.0686e-16 1.97734e-05 0.000116024 0.000551464 0.00212307 0.00662049 0.016723 0.0342188 0.0567268 0.0761986 0.0829616 0.0732791 0.0526763 0.0311895 0.0159775 0.00848278 0.00664288 0.0079999 0.0110409 0.0150609 0.0196761 0.0245321 0.0292298 0.0333645 0.0365989 0.038725 0.039691 0.0395831 0.0385767 0.0368745 0.0346581 0.0320642 0.0291886 0.0261055 0.0228903 0.0196323
 1.05835e-16 2.63607e-05 0.000154705 0.000735375 0.0028312 0.00882878 0.0223008 0.0456309 0.0756401 0.101588 0.110562 0.0975565 0.0699068 0.0409456 0.0201504 0.00935883 0.00573028 0.0059121 0.00785293 0.0106451 0.0138912 0.0173122 0.0206238 0.023545 0.0258461 0.0273906 0.0281519 0.0281988 0.0276574 0.0266656 0.025338 0.023751 0.0219477 0.0199561 0.0178095 0.015559
 1.03801e-16 2.8364e-05 0.000166463 0.000791265 0.00304638 0.00949981 0.0239958 0.0490992 0.0813897 0.109311 0.118969 0.104981 0.0752405 0.0440955 0.0217464 0.0101716 0.00631206 0.00655137 0.00866392 0.0116436 0.0150229 0.018456 0.0215943 0.0241067 0.0257427 0.0263848 0.026068 0.0249574 0.0232938 0.0213284 0.0192685 0.0172483 0.0153294 0.0135204 0.0118057 0.0101693
 1.02203e-16 3.14068e-05 0.000184329 0.000876209 0.00337344 0.0105198 0.0265721 0.0543702 0.0901255 0.121039 0.131721 0.116203 0.0832158 0.0486343 0.0237323 0.0106753 0.00604928 0.00582826 0.00753906 0.010079 0.012966 0.0158752 0.0184923 0.0205223 0.021744 0.0220567 0.0214987 0.0202272 0.018471 0.0164713 0.0144317 0.0124903 0.0107164 0.00912642 0.00770675 0.00643536
 1.01763e-16 3.03764e-05 0.000178277 0.000847428 0.00326261 0.0101741 0.0256991 0.0525844 0.0871664 0.117068 0.12741 0.112423 0.0805591 0.047183 0.023213 0.0107608 0.00654154 0.00667201 0.00875849 0.0117143 0.0150322 0.0183384 0.0212604 0.0234494 0.0246475 0.0247446 0.0238 0.0220181 0.01969 0.0171213 0.0145703 0.012212 0.0101332 0.00834993 0.00683634 0.00555098
 1.02481e-16 2.60347e-05 0.000152781 0.000726207 0.00279586 0.00871857 0.0220226 0.0450623 0.0747004 0.100334 0.109221 0.0964277 0.0692167 0.0407801 0.0205114 0.0102645 0.00726938 0.00823331 0.0111147 0.0149537 0.0192409 0.0235386 0.0273844 0.0303365 0.0320621 0.0324093 0.0314353 0.0293776 0.0265836 0.0234232 0.0202128 0.0171725 0.0144192 0.0119882 0.00986552 0.00801905
 1.02637e-16 2.99764e-05 0.000175931 0.000836284 0.00321972 0.0100404 0.0253612 0.0518927 0.0860191 0.115525 0.125723 0.110918 0.0794462 0.0464612 0.0227289 0.010323 0.00599374 0.00590752 0.00771233 0.0103617 0.0133976 0.0165061 0.019377 0.0217129 0.0232813 0.023961 0.0237624 0.0228099 0.0212997 0.0194461 0.0174361 0.0154045 0.0134311 0.0115546 0.00979141 0.00815215
 1.02284e-16 3.0173e-05 0.000177084 0.00084176 0.0032408 0.0101061 0.0255273 0.0522326 0.0865831 0.116284 0.126554 0.111662 0.0800019 0.0468326 0.0229962 0.0105868 0.00633831 0.00639307 0.00837658 0.0112182 0.0144286 0.0176557 0.0205505 0.022784 0.0241099 0.0244173 0.0237512 0.0222899 0.0202914 0.0180278 0.0157285 0.0135487 0.0115665 0.00979956 0.00823183 0.00683719
 1.01952e-16 3.1165e-05 0.000182909 0.000869456 0.00334744 0.0104387 0.0263673 0.0539512 0.0894312 0.120107 0.130709 0.115315 0.0825917 0.0482924 0.0236082 0.0106919 0.00615987 0.00602003 0.00781846 0.0104571 0.0134493 0.0164595 0.0191603 0.0212438 0.0224784 0.0227586 0.0221236 0.0207378 0.0188413 0.0166886 0.0144966 0.0124147 0.0105211 0.00883754 0.00735311 0.00604576
 1.01933e-16 3.01277e-05 0.000176817 0.00084049 0.0032359 0.0100908 0.0254887 0.0521538 0.0864527 0.116109 0.126366 0.111501 0.0798971 0.0467922 0.0230154 0.010661 0.00647128 0.00659614 0.00866374 0.0115999 0.0149064 0.0182176 0.0211691 0.0234172 0.0247057 0.0249204 0.0241113 0.0224693 0.0202701 0.0178054 0.0153226 0.0129916 0.0108996 0.00906803 0.00747972 0.00610357
 1.02022e-16 3.03496e-05 0.00017812 0.000846688 0.00325977 0.0101653 0.0256767 0.0525384 0.0870898 0.116964 0.127293 0.112312 0.0804627 0.0470924 0.0231053 0.0106063 0.00630867 0.00633144 0.00828681 0.0111002 0.0142836 0.0174885 0.0203692 0.0225989 0.0239309 0.024251 0.0235982 0.0221437 0.0201393 0.0178533 0.0155152 0.0132844 0.0112463 0.00942726 0.00781948 0.00640289
 1.02084e-16 3.00409e-05 0.000176308 0.000838069 0.00322658 0.0100618 0.0254153 0.0520036 0.0862036 0.115775 0.126 0.111176 0.0796601 0.0466445 0.0229262 0.0105924 0.00639373 0.00649117 0.00852121 0.0114164 0.0146857 0.0179723 0.0209201 0.0231931 0.0245383 0.0248403 0.024142 0.0226228 0.0205451 0.0181871 0.0157859 0.0135051 0.0114305 0.00958633 0.00796126 0.00653158
 1.02275e-16 2.90845e-05 0.000170691 0.000811367 0.00312377 0.00974115 0.0246054 0.0503466 0.0834576 0.112089 0.121994 0.107653 0.0771618 0.0452344 0.0223316 0.0104838 0.00655514 0.00683647 0.00904175 0.0121313 0.0156133 0.0191166 0.0222654 0.024703 0.0261605 0.0265136 0.0258058 0.0242246 0.0220454 0.0195611 0.0170215 0.0145996 0.0123868 0.0104104 0.0086605 0.00711449
 1.04712e-16 1.55984e-05 9.14975e-05 0.000434828 0.00167393 0.00521982 0.0131852 0.0269816 0.0447359 0.0601121 0.0655007 0.057983 0.0419574 0.025398 0.0140321 0.0090942 0.00905249 0.0120315 0.0168336 0.0227991 0.0294081 0.036064 0.042084 0.046804 0.0497171 0.0505827 0.0494689 0.0467105 0.0428057 0.0382862 0.0336074 0.0290864 0.0248948 0.02109 0.0176652 0.0145925
 1.06632e-16 2.33392e-05 0.000136967 0.000651046 0.00250651 0.00781627 0.0197433 0.040398 0.0669662 0.08994 0.0978891 0.0863847 0.0619236 0.0363159 0.0179611 0.0084994 0.00543383 0.00581836 0.00786195 0.0107863 0.014261 0.0180508 0.0219007 0.0255382 0.028713 0.0312343 0.0329916 0.0339505 0.0341326 0.0335895 0.032384 0.0305835 0.0282665 0.0255307 0.0224995 0.0193177
 1.0421e-16 3.03943e-05 0.000178388 0.00084797 0.00326472 0.0101807 0.0257157 0.0526178 0.0872201 0.117135 0.127468 0.11244 0.0804983 0.0469996 0.0228488 0.0101349 0.00554895 0.00519459 0.00668675 0.00897827 0.0116354 0.0143865 0.0169739 0.0191533 0.0207353 0.0216225 0.021824 0.021438 0.0206137 0.0195059 0.0182382 0.016886 0.0154805 0.0140255 0.0125197 0.0109724
pSPR Fmed_Fpbrs
0.444669   0.6 0.325
Fs Fmed_Fpbrs
0.64   0.346531 1.06172
SSBpbr Bo_Bmed_Bpbrs
2.2011e+06  868704  1.2106e+06 605302
Ro
56387.3
SPR SPRFo_SPRFmed_SPRFpbrs
1.16464e+06 517878 378507
log_Ro
10.76
likeval ReclasPelacesDesembMPH_pf_preclas_ppelaces_ptallas_desvR_qrecl_qpela
 66.6389 17.7375 0.0315743 54.7723 338.592 221.007 55.5126 0 18.4552 6.45338e-05 5.65831e-06 2.63219e-15 0 0 0
q_reclas_q_pelaces
0.320347 1.40273
M
0.7
N
 60020.1 15381.5 5704.67 670.676 0.370331
 72886 27514.7 4991.37 1851.19 217.758
 43889 34065.4 9896.64 1795.33 744.173
 59208.4 19991.3 10684.1 3103.93 796.475
 90759.8 28912.5 9079 4852.13 1771.35
 67659.9 44903.2 14077 4420.4 3224.86
 114529 32244.5 17913.8 5615.91 3050.02
 116708 55370.3 13885.3 7714.16 3731.78
 162058 55020 20852.7 5229.29 4310.6
 139658 76176.3 20400.5 7731.86 3537.24
 69307.7 66621.4 30547.9 8180.95 4519.09
 42045.8 31679.2 21283.8 9759.27 4057.34
 41084.3 19344.5 10479.5 7040.72 4570.55
 24957.9 18091.6 5068.13 2745.56 3042.07
 18759.6 10006.6 2877.96 806.224 920.681
 17800.5 7677.68 1775.85 510.746 306.471
 13428.7 8177.82 2520.27 582.939 268.259
 18840.7 6236.6 2843.81 876.414 296.001
 24975.8 8903.98 2379.61 1085.07 447.341
 37506.3 11928.4 3593.24 960.301 618.411
 52362.9 17958.7 4879.65 1469.92 645.817
 78133.8 25564.4 8146.76 2213.6 959.779
 110710 37992.2 11350.3 3617.09 1408.95
 143270 53738.3 16712.1 4992.81 2210.86
 53663.8 69577.8 23701.9 7371.07 3177.26
 77005.2 26121.1 31064.3 10582.1 4709.5
 142903 37408.8 11540.4 13724.3 6755.9
pred_Ctot
 3332.43 3927.77 1456.72 171.262 0.0945663
 3093.74 5557.06 1008.09 373.88 43.98
 2624.63 9266.14 2691.99 488.348 202.423
 709.64 1235.03 660.043 191.755 49.2048
 241.677 406.755 127.728 68.2621 24.9203
 1966.21 6430.2 2015.85 633.008 461.805
 2180.19 3105.51 1725.3 540.876 293.752
 4263.89 9775.24 2451.36 1361.88 658.821
 6246.24 10193.8 3863.46 968.849 798.64
 3964.14 10673.8 2858.53 1083.39 495.638
 3984.31 17525 8035.75 2152.03 1188.76
 2232.53 7785.03 5230.42 2398.3 997.074
 3369.02 6815.44 3692.13 2480.58 1610.29
 3499.97 9420.7 2639.09 1429.67 1584.08
 2398.83 4898.38 1408.81 394.66 450.688
 962.501 1916.53 443.292 127.494 76.5021
 627.919 1799.16 554.471 128.249 59.0182
 656.547 1054.82 480.984 148.231 50.0638
 688.355 1214.04 324.456 147.947 60.9942
 967.044 1528.66 460.484 123.065 79.251
 635.407 1122.83 305.089 91.9032 40.3782
 1171.36 1959.83 624.553 169.7 73.5793
 1796.17 3141.77 938.615 299.115 116.513
 2273.61 4350.81 1353.06 404.233 178.998
 764.875 5081.11 1730.9 538.293 232.028
 1204.87 2086.37 2481.19 845.226 376.161
 3090.59 4065.43 1254.16 1491.5 734.203
F
 0.0799609 0.425454 0.425454 0.425454 0.425454
 0.0606159 0.322524 0.322524 0.322524 0.322524
 0.0863647 0.459527 0.459527 0.459527 0.459527
 0.0167898 0.0893348 0.0893348 0.0893348 0.0893348
 0.00370874 0.0197334 0.0197334 0.0197334 0.0197334
 0.0411474 0.218936 0.218936 0.218936 0.218936
 0.0267844 0.142514 0.142514 0.142514 0.142514
 0.0519769 0.276558 0.276558 0.276558 0.276558
 0.0549047 0.292136 0.292136 0.292136 0.292136
 0.0401735 0.213754 0.213754 0.213754 0.213754
 0.0828973 0.441078 0.441078 0.441078 0.441078
 0.0763492 0.406237 0.406237 0.406237 0.406237
 0.120177 0.639437 0.639437 0.639437 0.639437
 0.213947 1.13837 1.13837 1.13837 1.13837
 0.193386 1.02896 1.02896 1.02896 1.02896
 0.077799 0.413951 0.413951 0.413951 0.413951
 0.0669607 0.356283 0.356283 0.356283 0.356283
 0.0495229 0.2635 0.2635 0.2635 0.2635
 0.0389874 0.207443 0.207443 0.207443 0.207443
 0.0364323 0.193848 0.193848 0.193848 0.193848
 0.0170004 0.0904553 0.0904553 0.0904553 0.0904553
 0.0210406 0.111952 0.111952 0.111952 0.111952
 0.0227876 0.121248 0.121248 0.121248 0.121248
 0.0222845 0.118571 0.118571 0.118571 0.118571
 0.0199947 0.106387 0.106387 0.106387 0.106387
 0.0219685 0.11689 0.11689 0.11689 0.11689
 0.0304795 0.162175 0.162175 0.162175 0.162175
Np
 44921.1 20900.7 24171.1 5546.68 2311.99
YTP_r0W_actual
 53335.8 173603 77854.1 118241 64591.4
YTP_p0W_proyectada
 16765.9 319436 106561 41981.6 78798.5
 16765.9 96994 163064 47786.9 22104.3
CTP_r0_actual
 6504.37 8037.2 2479.43 2948.64 1451.49
CTP_p0_proyectada
 2044.63 14788.7 3393.65 1046.92 1770.75
 2044.63 4490.46 5193.11 1191.69 496.726
Wmedp
 8.2 21.6 31.4 40.1 44.5
nmprior
 10.8 10.6 4.6 0
nm_flota  nm_reclas  nm_pelaces    nm_pelaL
inf 11.8679 18.9983 61.6881
cv_recla  cv_pelaces  cv_mph
0.706959 0.461357 0.593387
 ------------------------------------------------
Talla a la edad & desviaci?n 
 7.2 14.2025 17.0495 18.207 18.6776
 1.08 2.13037 2.55742 2.73105 2.80164
