years
 1997 1998 1999 2000 2001 2002 2003 2004 2005 2006 2007 2008 2009 2010 2011 2012 2013 2014 2015 2016 2017 2018 2019 2020 2021 2022 2023
reclasobs
 0 0 0 370054 412103 1.49427e+06 250295 1.28982e+06 931140 785840 897777 1.04006e+06 184774 17550 25797 100020 73551 82996 120727 218422 84188 347160 605670 569463 516374 1.08416e+06 1.01767e+06
reclaspred
 426874 124679 418280 289595 359686 408485 883247 600771 711630 622365 493366 338294 208957 106469 80575.2 75799 81540.3 112802 127758 186698 276696 272820 487668 627684 728261 678462 684487
pelacesobs
 0 0 0 0 0 0 0 0 0 2.06254e+06 1.5e+06 0 1.87456e+06 323000 250000 174000 83755 137374 0 501740 490994 745055 786931 1.00524e+06 1.33801e+06 1.41789e+06 0
pelacespred
 1.5431e+06 405883 801152 861750 909674 869028 2.0758e+06 1.77321e+06 1.85932e+06 1.65009e+06 1.19255e+06 844745 525739 235030 172559 169510 188406 255700 295446 420215 695708 657267 970801 1.4347e+06 1.65344e+06 1.70329e+06 1.62351e+06
mphobs
 0 0 0 0 0 0 112323 0 153150 637223 0 255016 313432 73983 77613 109348 50772 17779 17303 59886 28197 0 207744 136588 643089 65757 70829
mphpred
 136434 93797.4 122205 163769 150701 201964 301459 347409 312826 331795 294721 212490 131780 96331.2 51927.3 44783 44734.4 56557.6 28121.5 33549.4 52567.1 65743.5 88219.1 131100 169576 168833 151212
desembarqueobs
 350755 77701 442110 56441 14545 235359 269955 359681 431902 328805 639364 411747 362871 311530 167758 66681 60226 58785 57116 73181 50977 67692 138656 160484 209506 203330 245020
desembarquepred
 350766 77705.1 442160 56443.2 14545.2 235418 269985 359710 431930 328855 639703 412056 363393 312106 167861 66706.2 60257 58791.5 57112.6 73184.2 50977.7 67687.7 138660 160490 209520 203340 245019
Reclutas
 76659.2 94776.8 59175.2 79905.3 121135 90780.9 150713 148194 194092 155787 74491.1 43470.5 42957.7 26638 21358.1 22903.5 18208.9 25302.5 33170.9 51643.1 72124.4 106652 152036 196999 74102.7 105044 190625
log_desv_Rt
 0.0671248 0.27928 -0.191742 0.108598 0.52466 0.236205 0.743131 0.726279 0.996085 0.776242 0.0384352 -0.500162 -0.512028 -0.989906 -1.21081 -1.14095 -1.37033 -1.04134 -0.770572 -0.327889 0.00614714 0.397324 0.751873 1.01096 0.0332072 0.382136 0.978062
SSB
 924247 635412 827851 1.10942e+06 1.02089e+06 1.36816e+06 1.99439e+06 2.33275e+06 2.08178e+06 2.20972e+06 1.99653e+06 1.43947e+06 913529 497950 274704 240350 248482 304176 389929 484604 727255 889120 1.22135e+06 1.74564e+06 2.43954e+06 2.48736e+06 2.11196e+06
BT
 3.16883e+06 885281 1.73124e+06 1.66245e+06 1.70278e+06 1.80469e+06 4.04607e+06 3.70566e+06 3.8527e+06 3.38616e+06 2.80096e+06 1.95393e+06 1.33773e+06 742021 466805 371565 401874 522901 598402 840366 1.33546e+06 1.28483e+06 1.89967e+06 2.79971e+06 3.23751e+06 3.34718e+06 3.23169e+06
Ftot
 0.316526 0.231381 0.315815 0.0594117 0.0136188 0.153874 0.0985225 0.192647 0.205256 0.157996 0.336603 0.305633 0.465011 0.772213 0.636594 0.262565 0.22932 0.169207 0.137654 0.131257 0.0618306 0.0773471 0.0842765 0.0820788 0.0738992 0.0799112 0.110018
BD_Bspro_t
 0.961966 0.820657 0.797997 0.70997 0.791474 0.87052 0.842278 0.848316 0.810357 0.787216 0.750721 0.618301 0.515259 0.409778 0.302165 0.323156 0.416387 0.555406 0.667694 0.755031 0.83208 0.886495 0.898385 0.901266 0.90481 0.879681 0.861145
BD_Bspro
 0.624262 0.429175 0.559153 0.749334 0.689539 0.924094 1.34706 1.5756 1.40609 1.49251 1.34851 0.972258 0.617022 0.336329 0.185542 0.162339 0.167831 0.205449 0.263369 0.327314 0.491208 0.600536 0.824932 1.17905 1.64773 1.68003 1.42648
BD_Bo
 0.295522 0.203169 0.2647 0.35473 0.326424 0.437461 0.637692 0.74588 0.665636 0.706544 0.638377 0.460261 0.292095 0.159216 0.0878347 0.0768504 0.0794503 0.0972582 0.124677 0.154949 0.232535 0.28429 0.390518 0.558156 0.780026 0.795315 0.675287
BD_Brms
 0.537312 0.369398 0.481273 0.644965 0.593498 0.795383 1.15944 1.35615 1.21025 1.28463 1.16069 0.836838 0.531081 0.289484 0.159699 0.139728 0.144455 0.176833 0.226686 0.281725 0.422791 0.516891 0.710032 1.01483 1.41823 1.44603 1.22779
S_f
 0.206558 1 1 1 1
 0.206558 1 1 1 1
 0.206558 1 1 1 1
 0.206558 1 1 1 1
 0.206558 1 1 1 1
 0.206558 1 1 1 1
 0.206558 1 1 1 1
 0.206558 1 1 1 1
 0.206558 1 1 1 1
 0.206558 1 1 1 1
 0.206558 1 1 1 1
 0.206558 1 1 1 1
 0.206558 1 1 1 1
 0.206558 1 1 1 1
 0.206558 1 1 1 1
 0.206558 1 1 1 1
 0.206558 1 1 1 1
 0.206558 1 1 1 1
 0.206558 1 1 1 1
 0.206558 1 1 1 1
 0.206558 1 1 1 1
 0.206558 1 1 1 1
 0.206558 1 1 1 1
 0.206558 1 1 1 1
 0.206558 1 1 1 1
 0.206558 1 1 1 1
 0.206558 1 1 1 1
Scru_reclas
 1 1 1 1 1
 1 1 1 1 1
 1 1 1 1 1
 1 1 1 1 1
 1 1 1 1 1
 1 1 1 1 1
 1 1 1 1 1
 1 1 1 1 1
 1 1 1 1 1
 1 1 1 1 1
 1 1 1 1 1
 1 1 1 1 1
 1 1 1 1 1
 1 1 1 1 1
 1 1 1 1 1
 1 1 1 1 1
 1 1 1 1 1
 1 1 1 1 1
 1 1 1 1 1
 1 1 1 1 1
 1 1 1 1 1
 1 1 1 1 1
 1 1 1 1 1
 1 1 1 1 1
 1 1 1 1 1
 1 1 1 1 1
 1 1 1 1 1
Scru_pelaces
 1 1 1 1 1
 1 1 1 1 1
 1 1 1 1 1
 1 1 1 1 1
 1 1 1 1 1
 1 1 1 1 1
 1 1 1 1 1
 1 1 1 1 1
 1 1 1 1 1
 1 1 1 1 1
 1 1 1 1 1
 1 1 1 1 1
 1 1 1 1 1
 1 1 1 1 1
 1 1 1 1 1
 1 1 1 1 1
 1 1 1 1 1
 1 1 1 1 1
 1 1 1 1 1
 1 1 1 1 1
 1 1 1 1 1
 1 1 1 1 1
 1 1 1 1 1
 1 1 1 1 1
 1 1 1 1 1
 1 1 1 1 1
 1 1 1 1 1
pf_obs 
 0.256992 0.487395 0.22802 0.0275931 0
 0.321318 0.546541 0.124235 0.00734118 0.000564706
 0.182869 0.594174 0.210203 0.0122559 0.00049798
 0.330522 0.361315 0.267642 0.0388342 0.00168674
 0.649043 0.306663 0.0425973 0.00169635 0
 0.582887 0.30429 0.105238 0.00758474 0
 0.465427 0.430635 0.0974691 0.00646863 0
 0.296916 0.608066 0.0921331 0.00288517 0
 0.311714 0.524322 0.152257 0.0117073 0
 0.15457 0.633149 0.183074 0.0267441 0.00246327
 0.131901 0.49318 0.331252 0.0422183 0.00144891
 0.196976 0.569456 0.194076 0.0375587 0.00193317
 0.518974 0.381816 0.0799577 0.0180837 0.00116848
 0.0928022 0.601141 0.25162 0.0475244 0.00691264
 0.122501 0.610282 0.24278 0.0234846 0.000952079
 0.383417 0.481906 0.127806 0.00687128 0
 0.0376549 0.599619 0.316969 0.0457579 0
 0.0361596 0.667082 0.258105 0.0386534 0
 0.158088 0.579412 0.248529 0.0139706 0
 0.0477256 0.309471 0.559284 0.082774 0.000745712
 0.0406174 0.521527 0.379366 0.0568643 0.0016247
 0.151134 0.462217 0.34131 0.0453401 0
 0.294876 0.26143 0.354403 0.0886775 0.000613685
 0.281977 0.475581 0.204845 0.0348837 0.00271318
 0.0841818 0.532909 0.334909 0.0458182 0.00218182
 0.115287 0.27431 0.454777 0.147771 0.00785563
 0 0 0 0 0
pf_pred 
 0.389557 0.431213 0.160326 0.0188939 1.0405e-05
 0.316995 0.533482 0.105622 0.0392706 0.00463047
 0.177909 0.586831 0.183757 0.0363813 0.0151216
 0.250971 0.410031 0.241986 0.0757742 0.0212378
 0.286116 0.446067 0.146607 0.0865225 0.0346867
 0.178965 0.542913 0.173783 0.0571166 0.0472219
 0.281325 0.381379 0.223039 0.0713934 0.0428642
 0.228588 0.512578 0.137355 0.0803284 0.0411504
 0.270637 0.444959 0.188978 0.0506402 0.0447869
 0.196137 0.533244 0.165095 0.0701172 0.0354068
 0.114044 0.495328 0.259124 0.0802261 0.0512782
 0.108296 0.375217 0.288762 0.151062 0.0766631
 0.170875 0.334294 0.208219 0.160242 0.126371
 0.167479 0.460194 0.150118 0.0935026 0.128706
 0.219416 0.455644 0.179618 0.0585925 0.0867302
 0.264644 0.47569 0.151573 0.059751 0.0483425
 0.200085 0.529879 0.174682 0.0556602 0.0396939
 0.269124 0.418944 0.20663 0.0681184 0.037184
 0.280386 0.47346 0.141097 0.0695916 0.0354651
 0.31754 0.45545 0.149358 0.0445106 0.0331412
 0.30066 0.492979 0.137718 0.0451624 0.0234801
 0.303681 0.474521 0.15635 0.0436776 0.0217702
 0.298566 0.481234 0.15006 0.0494433 0.0206969
 0.277754 0.492202 0.157826 0.0492139 0.0230033
 0.0971299 0.594849 0.209913 0.0673093 0.030799
 0.177223 0.287899 0.3524 0.124357 0.0581213
 0.292814 0.367292 0.118933 0.145579 0.0753827
pobs_RECLAS
 0 0 0 0 0
 0 0 0 0 0
 0 0 0 0 0
 0 0 0 0 0
 0.835266 0.146461 0.0176864 0.000547809 3.91292e-05
 0.385257 0.428462 0.181853 0.0044286 0
 0.867414 0.0963971 0.0333333 0.00285562 0
 0.441836 0.489002 0.0689373 0.000224442 0
 0.779404 0.147425 0.0564933 0.0165055 0.000172143
 0.814271 0.122319 0.05973 0.00367925 0
 0.40263 0.566651 0.0304383 0.000280538 0
 0.475488 0.404961 0.113038 0.00651328 0
 0.955842 0.0263864 0.0167828 0.000988607 0
 0.975058 0.0227948 0.00214734 0 0
 0.738997 0.206755 0.0527124 0.00153531 0
 0.850938 0.134255 0.0134407 0.00136685 0
 0.542534 0.407297 0.0501686 0 0
 0.764087 0.199537 0.0359546 0.000420521 0
 0.470689 0.182191 0.310203 0.0369168 0
 0.84361 0.089868 0.0606195 0.00523954 0.000663233
 0.607945 0.314616 0.071237 0.00620181 0
 0.523733 0.453247 0.0230204 0 0
 0.530135 0.295979 0.169645 0.0042399 0
 0.562478 0.366248 0.0663022 0.0049721 0
 0.250443 0.683176 0.0655157 0.000865301 0
 0.195077 0.31981 0.436473 0.0351445 0.0134964
 0.565238 0.351407 0.0832357 0.000118908 0
ppred_RECLAS
 0.758853 0.170344 0.0633345 0.00746379 4.11036e-06
 0.694714 0.238453 0.0472103 0.0175529 0.0020697
 0.516231 0.345328 0.108134 0.021409 0.00889849
 0.619305 0.208399 0.12299 0.0385123 0.0107941
 0.660043 0.212421 0.0698154 0.0412027 0.0165181
 0.515442 0.320416 0.102563 0.0337091 0.0278694
 0.655698 0.182711 0.106853 0.0342031 0.0205354
 0.591738 0.271276 0.0726938 0.0425129 0.0217784
 0.644932 0.216614 0.0919978 0.0246526 0.0218031
 0.543585 0.302764 0.0937372 0.039811 0.0201031
 0.388628 0.341811 0.178813 0.0553616 0.0353855
 0.374386 0.26325 0.202594 0.105984 0.0537864
 0.506848 0.198833 0.123845 0.0953096 0.0751635
 0.507928 0.272003 0.0887292 0.0552659 0.0760735
 0.587301 0.240901 0.0949649 0.0309782 0.0458547
 0.638747 0.233689 0.0744621 0.0293535 0.0237489
 0.550817 0.297547 0.0980904 0.0312553 0.0222896
 0.642672 0.204823 0.101022 0.0333033 0.0181794
 0.655134 0.2269 0.0676192 0.0333509 0.0169962
 0.693976 0.20423 0.0669741 0.0199592 0.014861
 0.676122 0.228308 0.0637797 0.0209156 0.0108741
 0.679425 0.218462 0.0719813 0.0201085 0.0100227
 0.674188 0.223531 0.069702 0.0229662 0.00961359
 0.651486 0.237508 0.0761579 0.0237478 0.0111001
 0.343272 0.43268 0.152686 0.0489593 0.0224025
 0.511453 0.170948 0.209248 0.0738402 0.0345112
 0.668396 0.172225 0.0557682 0.0682627 0.0353474
pobs_PELACES
 0 0 0 0 0
 0 0 0 0 0
 0 0 0 0 0
 0 0 0 0 0
 0 0 0 0 0
 0 0 0 0 0
 0 0 0 0 0
 0 0 0 0 0
 0 0 0 0 0
 0 0 0 0 0
 0.450072 0.473896 0.0757376 0.000293798 0
 0 0 0 0 0
 0.463077 0.371075 0.160297 0.00555027 0
 0.529543 0.364841 0.0842815 0.0213345 0
 0.631943 0.363953 0.00410389 0 0
 0.735681 0.248677 0.0153453 0.000297389 0
 0.695825 0.281241 0.0229344 0 0
 0.275771 0.60734 0.115278 0.00161068 0
 0 0 0 0 0
 0.896147 0.0623911 0.0374545 0.00400742 0
 0.803859 0.145111 0.0509908 3.86294e-05 0
 0.739449 0.233085 0.0266225 0.000797448 4.60066e-05
 0.878498 0.100942 0.0204185 0.000141795 0
 0.694673 0.275183 0.0284847 0.00165964 0
 0.469039 0.446079 0.0841089 0.000773354 0
 0.822795 0.102175 0.0682046 0.00682512 0
 0 0 0 0 0
ppred_PELACES
 0.773693 0.159862 0.0594371 0.00700449 3.85742e-06
 0.70741 0.228537 0.0452471 0.016823 0.00198363
 0.536843 0.330614 0.103527 0.0204968 0.00851935
 0.622966 0.206395 0.121807 0.038142 0.0106903
 0.660843 0.211921 0.0696512 0.0411058 0.0164792
 0.525497 0.313767 0.100435 0.0330096 0.0272911
 0.661498 0.179633 0.105053 0.0336269 0.0201894
 0.603866 0.263218 0.0705345 0.0412501 0.0211315
 0.657141 0.209166 0.0888345 0.0238049 0.0210534
 0.553829 0.295968 0.0916334 0.0389174 0.019652
 0.409763 0.329995 0.172632 0.0534478 0.0341623
 0.39331 0.255287 0.196465 0.102778 0.0521594
 0.537219 0.186588 0.116218 0.08944 0.0705346
 0.558212 0.244208 0.0796622 0.0496184 0.0682997
 0.627031 0.21771 0.0858227 0.0279959 0.0414403
 0.654455 0.223528 0.0712244 0.0280771 0.0227163
 0.565624 0.287739 0.0948571 0.0302251 0.0215549
 0.652781 0.199029 0.0981642 0.0323612 0.0176651
 0.663231 0.221572 0.0660316 0.0325679 0.0165972
 0.701225 0.199392 0.0653875 0.0194863 0.0145089
 0.679658 0.225816 0.0630835 0.0206873 0.0107554
 0.68382 0.215467 0.0709945 0.0198329 0.00988528
 0.679016 0.220218 0.0686691 0.0226258 0.00947112
 0.656349 0.234194 0.0750951 0.0234164 0.0109452
 0.347647 0.429798 0.151669 0.0486331 0.0222533
 0.51668 0.169119 0.207009 0.0730503 0.0341419
 0.67475 0.168925 0.0546997 0.0669548 0.0346701
pobs_pel_tallas
 0 0 0 0 0 0 0 0 0 0 0 0 0 0 0 0 0 0 0 0 0 0 0 0 0 0 0 0 0 0 0 0 0 0 0 0
 0 0 0 0 0 0 0 0 0 0 0 0 0 0 0 0 0 0 0 0 0 0 0 0 0 0 0 0 0 0 0 0 0 0 0 0
 0 0 0 0 0 0 0 0 0 0 0 0 0 0 0 0 0 0 0 0 0 0 0 0 0 0 0 0 0 0 0 0 0 0 0 0
 0 0 0 0 0 0 0 0 0 0 0 0 0 0 0 0 0 0 0 0 0 0 0 0 0 0 0 0 0 0 0 0 0 0 0 0
 0 0 0 0 0 0 0 0 0 0 0 0 0 0 0 0 0 0 0 0 0 0 0 0 0 0 0 0 0 0 0 0 0 0 0 0
 0 0 0 0 0 0 0 0 0 0 0 0 0 0 0 0 0 0 0 0 0 0 0 0 0 0 0 0 0 0 0 0 0 0 0 0
 0 0 0 0 0 0 0 0 0 0 0 0 0 0 0 0 0 0 0 0 0 0 0 0 0 0 0 0 0 0 0 0 0 0 0 0
 0 0 0 0 0 0 0 0 0 0 0 0 0 0 0 0 0 0 0 0 0 0 0 0 0 0 0 0 0 0 0 0 0 0 0 0
 0 0 0 0 0 0 0 0 0 0 0 0 0 0 0 0 0 0 0 0 0 0 0 0 0 0 0 0 0 0 0 0 0 0 0 0
 0 0 0 0 0 0 0 0 0 0 0 0 0 0 0 0 0 0 0 0 0 0 0 0 0 0 0 0 0 0 0 0 0 0 0 0
 0 0 0 0 0 0 0 0 1.78061e-05 0.00172719 0.00360574 0.0105946 0.0120993 0.0124554 0.0147524 0.0171206 0.0266825 0.0428682 0.0675386 0.121331 0.153587 0.119568 0.100827 0.0573624 0.0630603 0.0341343 0.0324427 0.0444173 0.0211091 0.0280891 0.0125444 0.00206551 0 0 0 0
 0 0 0 0 0 0 0 0 0 0 0 0 0 0 0 0 0 0 0 0 0 0 0 0 0 0 0 0 0 0 0 0 0 0 0 0
 0 0 0 0 0 0 0.0133647 0.0140871 0.0187388 0.0205184 0.03894 0.0496705 0.03968 0.0493445 0.0407372 0.0367815 0.0215668 0.0243155 0.0234873 0.0199281 0.019796 0.0243948 0.0301388 0.0376714 0.0412746 0.0863199 0.0771752 0.113111 0.0741005 0.0525337 0.0229764 0.00759418 0.00175318 0 0 0
 0 0 0 0 0 0 0 0 0 0 0.00219441 0.00772107 0.0458388 0.0604681 0.0671733 0.0775358 0.0609151 0.0617685 0.073594 0.0568108 0.0755445 0.0548602 0.0670107 0.0636378 0.0643287 0.046367 0.0373049 0.0286899 0.0247887 0.0153202 0.00654259 0.00121912 0.000365735 0 0 0
 0 0 0 0 0 0 0 0 0 0 0 0 0.000112435 0.00938835 0.0111873 0.0202946 0.0414886 0.0713402 0.111592 0.104902 0.108894 0.110636 0.117776 0.105296 0.107544 0.0401394 0.0192827 0.0124803 0.00416011 0.0028671 0.000618394 0 0 0 0 0
 0 0 0 0 0 0 0 0 0 0 0.00291406 0.0102884 0.027416 0.0768956 0.0749926 0.110853 0.0956884 0.0897413 0.0766577 0.0534642 0.0500743 0.0551293 0.0594112 0.0620874 0.0668451 0.0424026 0.0208742 0.0120726 0.0048766 0.00582813 0.00118941 0.000297354 0 0 0 0
 0 0.00264628 0.0354308 0.0461629 0.0458689 0.0383711 0.0214643 0.0164657 0.0346957 0.0420465 0.0363128 0.0245516 0.0311673 0.0291091 0.0169068 0.0133784 0.00837989 0.0085269 0.0148486 0.0160247 0.0276389 0.0546898 0.0760071 0.122758 0.109233 0.0665981 0.0333725 0.0166128 0.00676272 0.00308733 0.000882094 0 0 0 0 0
 0 0 0 0 0 0 0 0.000805153 0.000690131 0.00759144 0.0133425 0.0154129 0.00931677 0.000345066 0.00356568 0.00563607 0.00851162 0.0253048 0.0502646 0.0516448 0.0657925 0.0565908 0.0611916 0.0827007 0.0866115 0.110766 0.145733 0.0935128 0.0569358 0.0249597 0.0138026 0.00621118 0.00161031 0.00115022 0 0
 0 0 0 0 0 0 0 0 0 0 0 0 0 0 0 0 0 0 0 0 0 0 0 0 0 0 0 0 0 0 0 0 0 0 0 0
 0.00147267 0.00158595 0.00478618 0.00569244 0.00954404 0.0108468 0.00647125 0.017049 0.0510054 0.094081 0.124002 0.0959785 0.0687766 0.0820023 0.061753 0.0591476 0.0492212 0.0479892 0.0443925 0.0268479 0.0217502 0.0140895 0.0121071 0.0120363 0.00920419 0.00665534 0.0049561 0.00860946 0.00930331 0.0156896 0.0114698 0.00855282 0.00243557 0.00046729 0 2.83206e-05
 0 0 0 0 0.000772559 0.00158375 0.000888443 0.00281984 0.00712685 0.0440552 0.0773331 0.111326 0.0921469 0.0852325 0.0710754 0.0886704 0.0786465 0.0553345 0.0373146 0.0185414 0.00753245 0.00457741 0.012979 0.0271748 0.0457355 0.0583668 0.034881 0.0177882 0.00938659 0.00492506 0.0015258 0.00185414 0.000309023 5.79419e-05 3.86279e-05 0
 0 0.00173294 0.00326652 0 0.00397197 0.00683976 0.00946217 0.0152591 0.00757587 0.0136028 0.0228656 0.0392903 0.0559909 0.0764795 0.0681675 0.0726916 0.0566044 0.0477403 0.0527397 0.0444891 0.0609904 0.0582453 0.0661739 0.0445044 0.0529084 0.0360697 0.0280645 0.0235558 0.0158879 0.00826598 0.00280645 0.00217768 0.000904811 0.00058276 9.20147e-05 0
 0 0 0 0 0 0 0 0 0 0 0 0 0 0 0 0 0 0 0 0 0 0 0 0 0 0 0 0 0 0 0 0 0 0 0 0
 0 0 0 0 0 0 0 0 0 0 0 0 0 0 0 0 0 0 0 0 0 0 0 0 0 0 0 0 0 0 0 0 0 0 0 0
 0 0 0 0 0 0 0 0 0 0 0 0 0 0 0 0 0 0 0 0 0 0 0 0 0 0 0 0 0 0 0 0 0 0 0 0
 0 0 0 0 0 0 0 0 0 0 0 0 0 0 0 0 0 0 0 0 0 0 0 0 0 0 0 0 0 0 0 0 0 0 0 0
 0 0 0 0 0 0 0 0 0 0 0 0 0 0 0 0 0 0 0 0 0 0 0 0 0 0 0 0 0 0 0 0 0 0 0 0
ppred_pel_tallas
 1.01137e-16 3.37559e-05 0.000198123 0.000941794 0.00362597 0.0113073 0.0285612 0.0584399 0.0968701 0.130092 0.141562 0.124858 0.0893549 0.0521032 0.0252028 0.0109598 0.00568301 0.00502887 0.00633574 0.0084341 0.0108441 0.0132743 0.0154559 0.0171377 0.0181289 0.0183396 0.0177965 0.0166282 0.0150266 0.0131991 0.0113262 0.00953773 0.00790766 0.00646484 0.0052098 0.00413052
 1.01388e-16 3.08684e-05 0.000181165 0.000861158 0.00331548 0.010339 0.0261155 0.0534364 0.0885786 0.118965 0.129473 0.114241 0.0818576 0.0479345 0.0235655 0.0108947 0.00658118 0.00667626 0.00874484 0.0116807 0.0149676 0.0182264 0.0210807 0.0231798 0.0242665 0.0242348 0.0231514 0.0212309 0.0187758 0.0161028 0.0134791 0.0110856 0.00901084 0.00726879 0.00582806 0.00463951
 1.0268e-16 2.34351e-05 0.000137515 0.000653622 0.00251638 0.00784699 0.0198211 0.0405583 0.0672363 0.0903159 0.0983328 0.0868583 0.0624416 0.0369777 0.0189495 0.0100601 0.00785083 0.0093836 0.0128257 0.0172865 0.0222439 0.0272066 0.0316413 0.0350363 0.0370059 0.037374 0.036207 0.0337811 0.0305006 0.0267965 0.0230386 0.0194852 0.0162752 0.0134516 0.0109993 0.00888073
 1.03607e-16 2.71855e-05 0.000159544 0.000758377 0.00291975 0.00910492 0.0229984 0.0470583 0.0780066 0.104767 0.114026 0.100621 0.07212 0.0422768 0.0208699 0.00979969 0.00614088 0.00643664 0.0085658 0.0115778 0.0150386 0.018627 0.0220121 0.0248685 0.0269336 0.0280577 0.0282262 0.0275437 0.0261921 0.0243764 0.0222804 0.0200423 0.0177536 0.0154722 0.0132408 0.0111002
 1.03241e-16 2.88372e-05 0.000169241 0.000804476 0.00309724 0.00965843 0.0243965 0.049919 0.0827482 0.111134 0.120952 0.106725 0.0764776 0.0447954 0.0220449 0.0102333 0.00624611 0.00640388 0.00844396 0.0113477 0.0146489 0.0180086 0.0210864 0.0235578 0.0251747 0.0258163 0.0255097 0.0244083 0.0227417 0.0207531 0.0186473 0.016563 0.0145712 0.0126936 0.0109272 0.0092664
 1.03938e-16 2.29396e-05 0.000134608 0.000639805 0.00246318 0.00768111 0.0194021 0.0397008 0.0658146 0.0884054 0.0962508 0.0850147 0.0611064 0.0361673 0.0184984 0.00976412 0.00755605 0.00899864 0.0123025 0.0166058 0.0214131 0.0262641 0.030659 0.0341162 0.0362703 0.036949 0.0362042 0.0342803 0.0315378 0.0283592 0.0250683 0.0218867 0.0189289 0.0162276 0.0137709 0.0115352
 1.03649e-16 2.88645e-05 0.000169404 0.000805258 0.00310027 0.00966786 0.0244203 0.0499674 0.0828277 0.111239 0.121058 0.106803 0.0764989 0.0447383 0.0218883 0.0099475 0.00578941 0.00572798 0.00750612 0.0101266 0.0131606 0.0163185 0.0193124 0.0218607 0.023736 0.0248078 0.0250614 0.0245842 0.0235282 0.0220643 0.0203437 0.0184781 0.0165398 0.0145742 0.0126164 0.0107035
 1.03492e-16 2.63548e-05 0.000154663 0.000735157 0.00283033 0.00882606 0.0222941 0.0456177 0.0756202 0.101568 0.110557 0.0975924 0.0700205 0.0411888 0.0205968 0.01011 0.00691336 0.00766627 0.010303 0.013865 0.0178638 0.0218965 0.0255424 0.0284006 0.0301691 0.0307096 0.0300717 0.0284656 0.026197 0.0235863 0.0209016 0.0183215 0.0159329 0.0137534 0.0117641 0.0099392
 1.03131e-16 2.86757e-05 0.000168293 0.00079997 0.00307989 0.00960433 0.0242598 0.0496394 0.0822847 0.110512 0.120274 0.106127 0.0760493 0.0445447 0.0219222 0.0101783 0.00621704 0.00638118 0.00842312 0.0113329 0.0146502 0.0180403 0.0211658 0.0237022 0.0253975 0.0261231 0.0258949 0.024854 0.0232191 0.0212263 0.0190792 0.0169212 0.0148333 0.01285 0.0109818 0.00923375
 1.03653e-16 2.41743e-05 0.000141858 0.000674277 0.00259591 0.00809504 0.0204476 0.0418399 0.0693596 0.093164 0.101423 0.0895624 0.0643302 0.037985 0.0192612 0.00989615 0.00733498 0.00853425 0.0116049 0.0156499 0.020176 0.0247428 0.0288776 0.0321267 0.0341456 0.0347729 0.0340585 0.0322336 0.0296391 0.026636 0.0235299 0.0205294 0.017742 0.0151979 0.0128855 0.0107821
 1.05991e-16 1.78939e-05 0.000104983 0.000498961 0.00192089 0.00598999 0.0151305 0.030961 0.0513289 0.0689565 0.0750994 0.0663885 0.0478406 0.0285623 0.0150662 0.008699 0.0076354 0.00967922 0.0134612 0.0183013 0.0237624 0.0293909 0.0346706 0.0390881 0.0422336 0.0438817 0.0440253 0.0428487 0.0406568 0.0377863 0.034532 0.0311078 0.0276449 0.024216 0.0208676 0.0176448
 1.08841e-16 1.71734e-05 0.00010076 0.0004789 0.00184368 0.00574922 0.0145222 0.0297159 0.0492632 0.0661765 0.0720592 0.063671 0.0458176 0.0272254 0.0141275 0.00779698 0.00646649 0.00802483 0.0111763 0.0153166 0.0201062 0.0252152 0.0302616 0.034849 0.0386377 0.0414021 0.0430579 0.0436459 0.0432878 0.0421323 0.0403131 0.0379331 0.0350722 0.0318083 0.0282388 0.0244892
 1.0808e-16 2.34455e-05 0.00013759 0.000654007 0.00251791 0.00785181 0.0198331 0.0405818 0.0672712 0.0903507 0.0983388 0.0867878 0.0622262 0.0365201 0.0181102 0.00864657 0.00562095 0.00606981 0.00818353 0.0111626 0.0146516 0.0183891 0.0220995 0.0255039 0.0283662 0.0305337 0.0319538 0.0326589 0.0327318 0.0322644 0.0313283 0.0299653 0.0281982 0.0260517 0.0235729 0.0208425
 1.06107e-16 2.43632e-05 0.000142972 0.000679585 0.00261637 0.00815884 0.0206087 0.0421691 0.0699038 0.0938902 0.102201 0.0902202 0.0647386 0.0380973 0.019081 0.00941892 0.00651583 0.00729294 0.00985239 0.0133217 0.017264 0.0213211 0.0251155 0.028282 0.0305388 0.0317437 0.0319161 0.0312117 0.029864 0.0281158 0.0261621 0.0241231 0.0220488 0.0199435 0.0177985 0.0156175
 1.04188e-16 2.73631e-05 0.000160586 0.000763329 0.00293881 0.00916437 0.0231486 0.0473657 0.0785163 0.105453 0.114773 0.101284 0.0726028 0.0425749 0.0210443 0.00992518 0.00627322 0.00660676 0.00878489 0.0118407 0.0153234 0.0188945 0.0222084 0.024932 0.026807 0.0277019 0.0276328 0.0267426 0.0252503 0.0233894 0.0213563 0.0192834 0.0172392 0.015247 0.0133106 0.0114348
 1.03111e-16 2.85591e-05 0.000167607 0.000796707 0.00306733 0.00956513 0.0241608 0.0494369 0.0819495 0.110063 0.119789 0.105706 0.0757642 0.0444107 0.0219172 0.0102772 0.00641171 0.00668022 0.00884109 0.0118786 0.0153172 0.0188013 0.0219708 0.0244833 0.0260782 0.0266323 0.0261803 0.0248925 0.0230209 0.0208319 0.0185503 0.0163284 0.0142436 0.012317 0.0105405 0.0088998
 1.03487e-16 2.46883e-05 0.000144877 0.000688628 0.00265117 0.00826736 0.0208829 0.0427304 0.0708354 0.0951449 0.103576 0.0914553 0.0656715 0.0387402 0.0195762 0.00994713 0.00723713 0.00833315 0.0113051 0.0152421 0.0196528 0.0241058 0.0281406 0.0313143 0.0332904 0.0339096 0.033218 0.0314387 0.0289022 0.0259598 0.0229104 0.0199595 0.0172154 0.0147113 0.0124388 0.0103782
 1.03396e-16 2.84852e-05 0.000167176 0.000794659 0.00305945 0.00954057 0.0240988 0.0493098 0.0817381 0.109777 0.119473 0.105416 0.075531 0.0442238 0.0217324 0.0100377 0.00606265 0.00617432 0.00814337 0.010974 0.0142207 0.0175659 0.0206897 0.0232818 0.0250968 0.0260027 0.0260005 0.0252079 0.0238154 0.0220325 0.0200414 0.0179736 0.0159081 0.013886 0.0119308 0.0100637
 1.02905e-16 2.89417e-05 0.000169854 0.000807387 0.00310845 0.00969337 0.0244848 0.0500997 0.0830479 0.111538 0.121393 0.107118 0.076769 0.0449853 0.0221738 0.0103519 0.00639638 0.00661506 0.00873479 0.0117267 0.0151116 0.0185346 0.0216382 0.0240828 0.0256117 0.0261047 0.0255997 0.0242692 0.022367 0.020161 0.0178769 0.015667 0.0136084 0.0117209 0.00999402 0.00841056
 1.02341e-16 3.05975e-05 0.000179577 0.000853617 0.00328645 0.0102485 0.0258869 0.0529683 0.0878021 0.11792 0.12833 0.113219 0.0810964 0.0474306 0.0232104 0.0105522 0.00613718 0.00604904 0.00788116 0.0105569 0.013598 0.0166727 0.0194556 0.0216388 0.022989 0.0233965 0.022894 0.0216375 0.0198576 0.0177994 0.0156718 0.0136184 0.0117151 0.00998501 0.00842182 0.00701071
 1.02183e-16 2.96582e-05 0.00017406 0.000827381 0.00318543 0.00993343 0.0250911 0.0513404 0.0851045 0.1143 0.124398 0.109768 0.0786646 0.0460885 0.022703 0.0105735 0.00649655 0.0066853 0.00880639 0.0118014 0.0151754 0.0185617 0.0215919 0.0239185 0.0252808 0.025562 0.0248096 0.0232133 0.021048 0.0186043 0.0161286 0.0137893 0.0116729 0.00980098 0.00815757 0.0067143
 1.02222e-16 2.98393e-05 0.000175124 0.000832442 0.00320492 0.00999422 0.0252447 0.0516544 0.0856248 0.114997 0.125154 0.11043 0.0791254 0.0463316 0.0227731 0.0105233 0.00635537 0.0064571 0.00848246 0.0113733 0.0146441 0.0179429 0.0209178 0.0232353 0.0246428 0.0250218 0.0244096 0.0229774 0.0209784 0.0186826 0.0163211 0.0140545 0.0119689 0.0100921 0.00841788 0.00692887
 1.02267e-16 2.963e-05 0.000173895 0.000826598 0.00318241 0.00992403 0.0250674 0.0512917 0.0850238 0.114191 0.124278 0.10966 0.0785815 0.0460285 0.0226526 0.0105155 0.00641556 0.00656903 0.00864628 0.0115938 0.0149239 0.0182784 0.0212984 0.0236438 0.0250578 0.0254214 0.0247749 0.0232957 0.0212447 0.0188991 0.0164952 0.0141963 0.0120885 0.0101975 0.00851433 0.00701875
 1.02459e-16 2.86422e-05 0.000168094 0.000799019 0.00307622 0.00959288 0.0242309 0.0495804 0.0821876 0.110384 0.12014 0.106022 0.0760019 0.0445735 0.022041 0.0104076 0.00658889 0.00693541 0.00919742 0.0123497 0.0159033 0.0194845 0.0227131 0.0252273 0.0267533 0.0271634 0.0264988 0.0249464 0.0227819 0.0202983 0.017746 0.0152983 0.0130472 0.0110212 0.00921223 0.0076004
 1.05004e-16 1.51894e-05 8.90961e-05 0.000423412 0.00162997 0.00508275 0.012839 0.0262732 0.0435617 0.0585353 0.0637854 0.0564712 0.0408778 0.0247734 0.0137392 0.00898335 0.00902022 0.0120289 0.0168462 0.0228287 0.0294636 0.0361592 0.0422356 0.0470303 0.0500359 0.0510084 0.05001 0.0473669 0.0435678 0.039135 0.0345161 0.0300233 0.0258262 0.0219843 0.0184953 0.0153381
 1.071e-16 2.25495e-05 0.00013233 0.000629005 0.00242165 0.00755162 0.0190748 0.0390302 0.0646992 0.0868962 0.0945785 0.0834686 0.0598452 0.0351212 0.0174158 0.00831898 0.00542425 0.00589151 0.00799531 0.0109863 0.0145442 0.018437 0.0224096 0.0261875 0.029516 0.0321982 0.0341153 0.0352234 0.0355335 0.0350875 0.0339397 0.0321522 0.0298018 0.0269888 0.0238431 0.0205189
 1.04753e-16 2.94417e-05 0.000172795 0.000821379 0.00316234 0.00986145 0.0249092 0.0509678 0.0844853 0.113463 0.123475 0.108925 0.0779968 0.0455695 0.0222107 0.00995 0.00558859 0.00535806 0.00695154 0.00935413 0.0121401 0.0150358 0.0177779 0.0201148 0.0218499 0.0228801 0.0232097 0.0229333 0.0221969 0.0211516 0.0199166 0.0185634 0.0171203 0.0155906 0.0139756 0.0122903
pSPR Fmed_Fpbrs
0.439809   0.6 0.325
Fs Fmed_Fpbrs
0.64   0.341489 1.0346
SSBpbr Bo_Bmed_Bpbrs
3.12751e+06  1.21913e+06  1.72013e+06 860065
Ro
71682.4
SPR SPRFo_SPRFmed_SPRFpbrs
1.48054e+06 651157 481177
log_Ro
11
likeval ReclasPelacesDesembMPH_pf_preclas_ppelaces_ptallas_desvR_qrecl_qpela
 69.324 18.9933 0.0362893 55.6335 343.277 226.666 56.6182 0 19.3203 0.000110345 7.14157e-08 9.65246e-16 0 0 0
q_reclas_q_pelaces
0.225703 0.962694
M
0.7
N
 76659.2 19510.6 7254.08 854.872 0.470784
 94776.8 35658.5 7059.9 2624.89 309.506
 59175.2 44868.3 14049.8 2781.66 1156.18
 79905.3 27529.8 16247.1 5087.53 1425.92
 121135 39195.8 12882.3 7602.71 3047.92
 90780.9 59984.8 19200.8 6310.65 5217.4
 150713 43670.2 25539.3 8174.98 4908.21
 148194 73334 19651.3 11492.5 5887.35
 194092 70720.2 30035.5 8048.59 7118.27
 155787 92382.1 28602 12147.5 6134.06
 74491.1 74877.3 39171 12127.5 7751.58
 43470.5 34506.6 26555.8 13892.3 7050.28
 42957.7 20266.1 12623 9714.46 7661.06
 26638 19378.5 6321.4 3937.35 5419.76
 21358.1 11277.8 4445.77 1450.24 2146.68
 22903.5 9299.29 2963.1 1168.08 945.051
 18208.9 10773.1 3551.51 1131.65 807.028
 25302.5 8623.94 4253.47 1402.21 765.431
 33170.9 12133.3 3615.88 1783.41 908.859
 51643.1 16010.4 5250.36 1564.68 1165.01
 72124.4 24959.2 6972.55 2286.54 1188.78
 106652 35361.4 11651.2 3254.87 1622.32
 152036 52122.2 16252.9 5355.19 2241.67
 196999 74196 23791.2 7418.65 3467.58
 74102.7 96182.4 33941.2 10883.4 4979.95
 105044 36240.9 44360.4 15654.1 7316.34
 190625 51309.4 16614.5 20336.9 10530.7
pred_Ctot
 3502.38 3876.89 1441.44 169.869 0.0935483
 3189.79 5368.22 1062.83 395.164 46.5946
 2697.68 8898.26 2786.35 551.658 229.293
 701.395 1145.93 676.286 211.768 59.3539
 244.757 381.587 125.415 74.0155 29.6727
 2046.17 6207.31 1986.92 653.034 539.904
 2186.02 2963.48 1733.11 554.757 333.073
 4167.24 9344.49 2504.04 1464.42 750.187
 5808.47 9549.8 4055.88 1086.85 961.225
 3604.11 9798.59 3033.7 1288.44 650.615
 3612.65 15690.8 8208.43 2541.37 1624.37
 1919.61 6650.91 5118.44 2677.64 1358.89
 2845.07 5566.01 3466.85 2668.03 2104.08
 2850.54 7832.61 2555.05 1591.44 2190.61
 1907 3960.11 1561.1 509.241 753.793
 872.26 1567.86 499.579 196.937 159.335
 607.489 1608.8 530.362 168.993 120.517
 626.27 974.911 480.843 158.516 86.5298
 669.839 1131.09 337.08 166.254 84.7259
 994.972 1427.09 467.994 139.468 103.844
 658.726 1080.08 301.73 98.9476 51.4434
 1216.8 1901.32 626.466 175.008 87.2293
 1888.79 3044.39 949.311 312.789 130.933
 2384.04 4224.71 1354.67 422.417 197.444
 808.008 4948.45 1746.23 559.935 256.212
 1237.9 2010.95 2461.5 868.623 405.974
 3084.31 3868.8 1252.76 1533.43 794.031
F
 0.0653808 0.316526 0.316526 0.316526 0.316526
 0.0477935 0.231381 0.231381 0.231381 0.231381
 0.0652339 0.315815 0.315815 0.315815 0.315815
 0.0122719 0.0594117 0.0594117 0.0594117 0.0594117
 0.00281306 0.0136188 0.0136188 0.0136188 0.0136188
 0.0317837 0.153874 0.153874 0.153874 0.153874
 0.0203506 0.0985225 0.0985225 0.0985225 0.0985225
 0.0397926 0.192647 0.192647 0.192647 0.192647
 0.0423971 0.205256 0.205256 0.205256 0.205256
 0.0326353 0.157996 0.157996 0.157996 0.157996
 0.0695278 0.336603 0.336603 0.336603 0.336603
 0.0631308 0.305633 0.305633 0.305633 0.305633
 0.0960515 0.465011 0.465011 0.465011 0.465011
 0.159506 0.772213 0.772213 0.772213 0.772213
 0.131493 0.636594 0.636594 0.636594 0.636594
 0.0542348 0.262565 0.262565 0.262565 0.262565
 0.0473677 0.22932 0.22932 0.22932 0.22932
 0.034951 0.169207 0.169207 0.169207 0.169207
 0.0284336 0.137654 0.137654 0.137654 0.137654
 0.0271122 0.131257 0.131257 0.131257 0.131257
 0.0127716 0.0618306 0.0618306 0.0618306 0.0618306
 0.0159766 0.0773471 0.0773471 0.0773471 0.0773471
 0.0174079 0.0842765 0.0842765 0.0842765 0.0842765
 0.016954 0.0820788 0.0820788 0.0820788 0.0820788
 0.0152644 0.0738992 0.0738992 0.0738992 0.0738992
 0.0165063 0.0799112 0.0799112 0.0799112 0.0799112
 0.022725 0.110018 0.110018 0.110018 0.110018
Np
 60048.5 27788.3 32658.1 8055.6 3529.09
YTP_r0W_actual
 76874.5 235139 110686 173023 99424.2
YTP_p0W_proyectada
 24216.1 424064 152060 62881 123411
 24216.1 127347 217568 68535.6 33319.4
CTP_r0_actual
 9374.94 10886.1 3525.02 4314.78 2234.25
CTP_p0_proyectada
 2953.19 19632.6 4842.67 1568.11 2773.29
 2953.19 5895.71 6928.91 1709.12 748.751
Wmedp
 8.2 21.6 31.4 40.1 44.5
nmprior
 10.8 10.6 4.6 0
nm_flota  nm_reclas  nm_pelaces    nm_pelaL
inf 10.5444 18.013 57.2558
cv_recla  cv_pelaces  cv_mph
0.721062 0.477409 0.598034
 ------------------------------------------------
Talla a la edad & desviaci?n 
 7.2 14.2025 17.0495 18.207 18.6776
 1.08 2.13037 2.55742 2.73105 2.80164
