years
 1997 1998 1999 2000 2001 2002 2003 2004 2005 2006 2007 2008 2009 2010 2011 2012 2013 2014 2015 2016 2017 2018 2019 2020 2021 2022 2023
reclasobs
 0 0 0 370054 412103 1.49427e+06 250295 1.28982e+06 931140 785840 897777 1.04006e+06 184774 17550 25797 100020 73551 82996 120727 218422 84188 347160 605670 569463 516374 1.08416e+06 1.01767e+06
reclaspred
 505237 131650 335236 215015 321075 381035 817529 585409 753899 826188 722940 506243 291747 114927 78464.5 74962.7 73897.1 95597.9 115344 163314 253233 263339 473340 591795 733589 649503 579984
pelacesobs
 0 0 0 0 0 0 0 0 0 2.06254e+06 1.5e+06 0 1.87456e+06 323000 250000 174000 83755 137374 0 501740 490994 745055 786931 1.00524e+06 1.33801e+06 1.41789e+06 0
pelacespred
 2.06147e+06 404705 654044 642141 867309 716310 2.1656e+06 1.68088e+06 2.1591e+06 2.25787e+06 1.62975e+06 1.18079e+06 695374 229599 171096 159741 160981 222485 257490 366144 679523 629549 922267 1.35956e+06 1.54343e+06 1.48141e+06 1.30207e+06
mphobs
 0 0 0 0 0 0 112323 0 153150 637223 0 255016 313432 73983 77613 109348 50772 17779 17303 59886 28197 0 207744 136588 643089 65757 70829
mphpred
 173838 96990.3 107300 100176 108087 169741 234787 298607 281953 350226 360464 251391 150328 113255 52157.3 46654.9 41790.9 49210.6 27208.3 33048.3 52999.6 70824.3 94115.8 138368 177068 163109 138540
desembarqueobs
 350755 77701 442110 56441 14545 235359 269955 359681 431902 328805 639364 411747 362871 311530 167758 66681 60226 58785 57116 73181 50977 67692 138656 160484 209506 203330 245020
desembarquepred
 350764 77702.1 442126 56446.3 14545.5 235508 270039 359656 431876 328822 639394 411806 363094 311710 167605 66695.3 60276.5 58779.3 57089.8 73181 50979.5 67677.9 138666 160500 209542 203349 245009
Reclutas
 36798.9 43499.1 21486.9 28554.7 47705 33539.4 69454.6 71199.8 113246 115182 64706 45970 42618.7 27247.3 16201.7 11574 7761.2 10927.3 14037.1 18414.1 27554.9 39637.9 55168.4 73373.8 27151.2 38762.4 67231.7
log_desv_Rt
 0.0532231 0.220496 -0.484801 -0.200422 0.312792 -0.0395239 0.688429 0.713246 1.17732 1.19427 0.61761 0.275745 0.200047 -0.247291 -0.767128 -1.10348 -1.50311 -1.16098 -0.910539 -0.639127 -0.236065 0.12754 0.458146 0.743322 -0.250823 0.105206 0.655899
SSB
 427426 238475 263824 246307 265760 417352 559547 724338 674979 842228 886293 618108 383915 184387 89231.6 79475.2 75447.9 83864.1 110061 141510 212531 276377 378250 529441 745595 709936 565760
BT
 1.53378e+06 366379 629399 434286 519593 597487 1.48283e+06 1.38919e+06 1.68381e+06 1.63731e+06 1.51574e+06 1.05908e+06 758500 421541 238028 147985 144727 179244 198098 272996 442366 425709 629851 926071 1.04301e+06 1.02782e+06 971200
Ftot
 1.08129 0.959427 1.65673 0.366752 0.0681383 0.711769 0.484127 0.914486 0.95694 0.597752 1.06873 0.947931 1.55622 3.38366 3.38439 1.27439 1.13981 0.920967 0.705267 0.64508 0.298398 0.341462 0.371986 0.371528 0.321136 0.338839 0.540519
BD_Bspro_t
 0.904584 0.631089 0.54947 0.360804 0.503877 0.669506 0.600394 0.629553 0.577227 0.582587 0.561795 0.402501 0.298263 0.189453 0.114569 0.123977 0.159967 0.231371 0.336707 0.453648 0.58108 0.701404 0.72997 0.735105 0.746561 0.679236 0.625871
BD_Bspro
 0.593105 0.330913 0.366087 0.341781 0.368774 0.579127 0.776439 1.00511 0.936614 1.16869 1.22984 0.857699 0.532728 0.25586 0.12382 0.110281 0.104693 0.116371 0.152723 0.196362 0.294913 0.383507 0.524867 0.734663 1.0346 0.985122 0.78506
BD_Bo
 0.508832 0.283895 0.314071 0.293218 0.316376 0.49684 0.666117 0.862294 0.803533 1.00264 1.05509 0.735831 0.457034 0.219505 0.106226 0.0946118 0.0898175 0.0998366 0.131023 0.168462 0.253009 0.329015 0.45029 0.630277 0.887599 0.845149 0.673513
BD_Brms
 0.925149 0.516172 0.571038 0.533124 0.57523 0.903346 1.21112 1.56781 1.46097 1.82297 1.91835 1.33787 0.830971 0.399101 0.193139 0.172021 0.163305 0.181521 0.238224 0.306294 0.460017 0.598209 0.818709 1.14596 1.61382 1.53663 1.22457
S_f
 0.0944899 0.664728 0.97414 0.998605 0.999926
 0.0944899 0.664728 0.97414 0.998605 0.999926
 0.0944899 0.664728 0.97414 0.998605 0.999926
 0.0944899 0.664728 0.97414 0.998605 0.999926
 0.0944899 0.664728 0.97414 0.998605 0.999926
 0.0944899 0.664728 0.97414 0.998605 0.999926
 0.0944899 0.664728 0.97414 0.998605 0.999926
 0.0944899 0.664728 0.97414 0.998605 0.999926
 0.0944899 0.664728 0.97414 0.998605 0.999926
 0.0944899 0.664728 0.97414 0.998605 0.999926
 0.0944899 0.664728 0.97414 0.998605 0.999926
 0.0944899 0.664728 0.97414 0.998605 0.999926
 0.0944899 0.664728 0.97414 0.998605 0.999926
 0.0944899 0.664728 0.97414 0.998605 0.999926
 0.0944899 0.664728 0.97414 0.998605 0.999926
 0.0944899 0.664728 0.97414 0.998605 0.999926
 0.0944899 0.664728 0.97414 0.998605 0.999926
 0.0944899 0.664728 0.97414 0.998605 0.999926
 0.0944899 0.664728 0.97414 0.998605 0.999926
 0.0944899 0.664728 0.97414 0.998605 0.999926
 0.0944899 0.664728 0.97414 0.998605 0.999926
 0.0944899 0.664728 0.97414 0.998605 0.999926
 0.0944899 0.664728 0.97414 0.998605 0.999926
 0.0944899 0.664728 0.97414 0.998605 0.999926
 0.0944899 0.664728 0.97414 0.998605 0.999926
 0.0944899 0.664728 0.97414 0.998605 0.999926
 0.0944899 0.664728 0.97414 0.998605 0.999926
Scru_reclas
 0.549496 0.859914 0.968645 0.993609 0.998724
 0.549496 0.859914 0.968645 0.993609 0.998724
 0.549496 0.859914 0.968645 0.993609 0.998724
 0.549496 0.859914 0.968645 0.993609 0.998724
 0.549496 0.859914 0.968645 0.993609 0.998724
 0.549496 0.859914 0.968645 0.993609 0.998724
 0.549496 0.859914 0.968645 0.993609 0.998724
 0.549496 0.859914 0.968645 0.993609 0.998724
 0.549496 0.859914 0.968645 0.993609 0.998724
 0.549496 0.859914 0.968645 0.993609 0.998724
 0.549496 0.859914 0.968645 0.993609 0.998724
 0.549496 0.859914 0.968645 0.993609 0.998724
 0.549496 0.859914 0.968645 0.993609 0.998724
 0.549496 0.859914 0.968645 0.993609 0.998724
 0.549496 0.859914 0.968645 0.993609 0.998724
 0.549496 0.859914 0.968645 0.993609 0.998724
 0.549496 0.859914 0.968645 0.993609 0.998724
 0.549496 0.859914 0.968645 0.993609 0.998724
 0.549496 0.859914 0.968645 0.993609 0.998724
 0.549496 0.859914 0.968645 0.993609 0.998724
 0.549496 0.859914 0.968645 0.993609 0.998724
 0.549496 0.859914 0.968645 0.993609 0.998724
 0.549496 0.859914 0.968645 0.993609 0.998724
 0.549496 0.859914 0.968645 0.993609 0.998724
 0.549496 0.859914 0.968645 0.993609 0.998724
 0.549496 0.859914 0.968645 0.993609 0.998724
 0.549496 0.859914 0.968645 0.993609 0.998724
Scru_pelaces
 0.899705 1 1 1 1
 0.899705 1 1 1 1
 0.899705 1 1 1 1
 0.899705 1 1 1 1
 0.899705 1 1 1 1
 0.899705 1 1 1 1
 0.899705 1 1 1 1
 0.899705 1 1 1 1
 0.899705 1 1 1 1
 0.899705 1 1 1 1
 0.899705 1 1 1 1
 0.899705 1 1 1 1
 0.899705 1 1 1 1
 0.899705 1 1 1 1
 0.899705 1 1 1 1
 0.899705 1 1 1 1
 0.899705 1 1 1 1
 0.899705 1 1 1 1
 0.899705 1 1 1 1
 0.899705 1 1 1 1
 0.899705 1 1 1 1
 0.899705 1 1 1 1
 0.899705 1 1 1 1
 0.899705 1 1 1 1
 0.899705 1 1 1 1
 0.899705 1 1 1 1
 0.899705 1 1 1 1
pf_obs 
 0.256992 0.487395 0.22802 0.0275931 0
 0.321318 0.546541 0.124235 0.00734118 0.000564706
 0.182869 0.594174 0.210203 0.0122559 0.00049798
 0.330522 0.361315 0.267642 0.0388342 0.00168674
 0.649043 0.306663 0.0425973 0.00169635 0
 0.582887 0.30429 0.105238 0.00758474 0
 0.465427 0.430635 0.0974691 0.00646863 0
 0.296916 0.608066 0.0921331 0.00288517 0
 0.311714 0.524322 0.152257 0.0117073 0
 0.15457 0.633149 0.183074 0.0267441 0.00246327
 0.131901 0.49318 0.331252 0.0422183 0.00144891
 0.196976 0.569456 0.194076 0.0375587 0.00193317
 0.518974 0.381816 0.0799577 0.0180837 0.00116848
 0.0928022 0.601141 0.25162 0.0475244 0.00691264
 0.122501 0.610282 0.24278 0.0234846 0.000952079
 0.383417 0.481906 0.127806 0.00687128 0
 0.0376549 0.599619 0.316969 0.0457579 0
 0.0361596 0.667082 0.258105 0.0386534 0
 0.158088 0.579412 0.248529 0.0139706 0
 0.0477256 0.309471 0.559284 0.082774 0.000745712
 0.0406174 0.521527 0.379366 0.0568643 0.0016247
 0.151134 0.462217 0.34131 0.0453401 0
 0.294876 0.26143 0.354403 0.0886775 0.000613685
 0.281977 0.475581 0.204845 0.0348837 0.00271318
 0.0841818 0.532909 0.334909 0.0458182 0.00218182
 0.115287 0.27431 0.454777 0.147771 0.00785563
 0 0 0 0 0
pf_pred 
 0.308839 0.471882 0.19595 0.0233154 1.38162e-05
 0.273341 0.581832 0.114926 0.0268336 0.00306676
 0.146363 0.652346 0.176283 0.0200036 0.00500418
 0.236125 0.48503 0.241983 0.0324859 0.00437603
 0.249187 0.494784 0.186236 0.060796 0.0089967
 0.137905 0.574027 0.212925 0.0550294 0.0201141
 0.279411 0.391659 0.25242 0.0570632 0.019447
 0.221235 0.58025 0.129789 0.0531225 0.0156037
 0.303026 0.487257 0.175251 0.0228319 0.0116337
 0.223198 0.606125 0.136803 0.0284867 0.00538651
 0.128446 0.588055 0.241564 0.0338313 0.00810396
 0.138078 0.490844 0.292141 0.0676641 0.0112736
 0.199547 0.483952 0.221014 0.0757925 0.0196946
 0.241557 0.583966 0.131919 0.0301684 0.0123902
 0.290075 0.634346 0.0691996 0.0049261 0.00145294
 0.252776 0.669496 0.0749135 0.00259598 0.000218943
 0.174655 0.618876 0.194338 0.0117093 0.000420801
 0.266752 0.478116 0.21533 0.0375547 0.00224771
 0.263253 0.554116 0.1395 0.0366157 0.00651501
 0.252972 0.539538 0.173019 0.0265439 0.00792717
 0.255601 0.521555 0.180204 0.0357522 0.00688721
 0.238251 0.517162 0.190953 0.0436033 0.0100308
 0.230549 0.511379 0.197296 0.0477474 0.0130295
 0.221566 0.512871 0.200176 0.0503317 0.0150559
 0.0712736 0.600216 0.246031 0.0626172 0.019862
 0.130383 0.284737 0.430802 0.116217 0.0378611
 0.236294 0.404264 0.153949 0.152508 0.0529859
pobs_RECLAS
 0 0 0 0 0
 0 0 0 0 0
 0 0 0 0 0
 0 0 0 0 0
 0.835266 0.146461 0.0176864 0.000547809 3.91292e-05
 0.385257 0.428462 0.181853 0.0044286 0
 0.867414 0.0963971 0.0333333 0.00285562 0
 0.441836 0.489002 0.0689373 0.000224442 0
 0.779404 0.147425 0.0564933 0.0165055 0.000172143
 0.814271 0.122319 0.05973 0.00367925 0
 0.40263 0.566651 0.0304383 0.000280538 0
 0.475488 0.404961 0.113038 0.00651328 0
 0.955842 0.0263864 0.0167828 0.000988607 0
 0.975058 0.0227948 0.00214734 0 0
 0.738997 0.206755 0.0527124 0.00153531 0
 0.850938 0.134255 0.0134407 0.00136685 0
 0.542534 0.407297 0.0501686 0 0
 0.764087 0.199537 0.0359546 0.000420521 0
 0.470689 0.182191 0.310203 0.0369168 0
 0.84361 0.089868 0.0606195 0.00523954 0.000663233
 0.607945 0.314616 0.071237 0.00620181 0
 0.523733 0.453247 0.0230204 0 0
 0.530135 0.295979 0.169645 0.0042399 0
 0.562478 0.366248 0.0663022 0.0049721 0
 0.250443 0.683176 0.0655157 0.000865301 0
 0.195077 0.31981 0.436473 0.0351445 0.0134964
 0.565238 0.351407 0.0832357 0.000118908 0
ppred_RECLAS
 0.698602 0.224551 0.068694 0.00814866 4.8462e-06
 0.65153 0.294171 0.0431072 0.0100404 0.00115168
 0.478122 0.428364 0.0819563 0.00923869 0.0023191
 0.606954 0.273361 0.103859 0.013941 0.00188502
 0.618904 0.272731 0.078803 0.0257387 0.00382338
 0.447531 0.401222 0.111803 0.0288566 0.0105867
 0.666532 0.203706 0.0995685 0.0224978 0.00769599
 0.588286 0.32824 0.0546014 0.0222986 0.00657377
 0.689632 0.235255 0.062781 0.00815935 0.00417267
 0.583515 0.343469 0.058529 0.0121768 0.00231108
 0.433565 0.417939 0.126574 0.0176738 0.00424891
 0.459152 0.346478 0.153083 0.0353718 0.00591489
 0.5811 0.285767 0.0931135 0.031743 0.00827695
 0.67996 0.271894 0.0365879 0.00818738 0.0033713
 0.720826 0.260706 0.0169399 0.00117996 0.000348932
 0.626644 0.344269 0.0280375 0.000967566 8.18942e-05
 0.519718 0.385811 0.0889378 0.00534061 0.000192618
 0.652616 0.248739 0.0832824 0.0144922 0.000870555
 0.63864 0.289637 0.0547941 0.0143635 0.00256518
 0.627076 0.289143 0.0698646 0.010707 0.00320948
 0.626915 0.281336 0.074184 0.0147187 0.00284611
 0.606702 0.289082 0.0813513 0.018575 0.00428927
 0.597702 0.290613 0.0853699 0.0206572 0.0056583
 0.58565 0.297168 0.0883137 0.022202 0.00666644
 0.276037 0.510731 0.159659 0.0406343 0.0129379
 0.448382 0.214969 0.247907 0.0668738 0.0218684
 0.616422 0.229279 0.0660752 0.0654117 0.0228112
pobs_PELACES
 0 0 0 0 0
 0 0 0 0 0
 0 0 0 0 0
 0 0 0 0 0
 0 0 0 0 0
 0 0 0 0 0
 0 0 0 0 0
 0 0 0 0 0
 0 0 0 0 0
 0 0 0 0 0
 0.450072 0.473896 0.0757376 0.000293798 0
 0 0 0 0 0
 0.463077 0.371075 0.160297 0.00555027 0
 0.529543 0.364841 0.0842815 0.0213345 0
 0.631943 0.363953 0.00410389 0 0
 0.735681 0.248677 0.0153453 0.000297389 0
 0.695825 0.281241 0.0229344 0 0
 0.275771 0.60734 0.115278 0.00161068 0
 0 0 0 0 0
 0.896147 0.0623911 0.0374545 0.00400742 0
 0.803859 0.145111 0.0509908 3.86294e-05 0
 0.739449 0.233085 0.0266225 0.000797448 4.60066e-05
 0.878498 0.100942 0.0204185 0.000141795 0
 0.694673 0.275183 0.0284847 0.00165964 0
 0.469039 0.446079 0.0841089 0.000773354 0
 0.822795 0.102175 0.0682046 0.00682512 0
 0 0 0 0 0
ppred_PELACES
 0.808567 0.150606 0.0366259 0.00419868 2.4831e-06
 0.764986 0.204795 0.0241554 0.00544251 0.000620827
 0.648608 0.302183 0.0433374 0.00469928 0.00117273
 0.709269 0.211752 0.0687957 0.00897583 0.00120725
 0.705988 0.218147 0.0555682 0.017684 0.00261336
 0.578438 0.322151 0.0741066 0.0185396 0.00676474
 0.766828 0.151959 0.0627575 0.01377 0.00468531
 0.713546 0.238067 0.032022 0.0126551 0.00371022
 0.797395 0.161361 0.0346692 0.00435878 0.00221673
 0.694678 0.259524 0.0369356 0.0074552 0.00140734
 0.582253 0.326015 0.0785899 0.0106061 0.00253554
 0.606184 0.271809 0.0967765 0.0216334 0.00359754
 0.739922 0.19283 0.0475835 0.0156165 0.00404839
 0.857083 0.128771 0.0108893 0.0023115 0.000945532
 0.875735 0.118991 0.00485832 0.000321017 9.43038e-05
 0.753472 0.231315 0.0146833 0.00048893 4.11479e-05
 0.663294 0.282209 0.0514079 0.00298186 0.000106942
 0.769108 0.175072 0.0473672 0.00797586 0.000476471
 0.74663 0.210608 0.0329133 0.00836322 0.00148548
 0.735539 0.213348 0.0428468 0.00636817 0.00189859
 0.721767 0.217488 0.0493832 0.00952887 0.00183289
 0.706801 0.224309 0.0541176 0.0120131 0.0027594
 0.700761 0.225636 0.0566493 0.0133231 0.00363011
 0.690368 0.232002 0.0589295 0.0143994 0.00430076
 0.373476 0.462011 0.124081 0.0307062 0.00972537
 0.572984 0.183058 0.181036 0.0474782 0.0154441
 0.729305 0.174033 0.0421334 0.0404853 0.0140429
pobs_pel_tallas
 0 0 0 0 0 0 0 0 0 0 0 0 0 0 0 0 0 0 0 0 0 0 0 0 0 0 0 0 0 0 0 0 0 0 0 0
 0 0 0 0 0 0 0 0 0 0 0 0 0 0 0 0 0 0 0 0 0 0 0 0 0 0 0 0 0 0 0 0 0 0 0 0
 0 0 0 0 0 0 0 0 0 0 0 0 0 0 0 0 0 0 0 0 0 0 0 0 0 0 0 0 0 0 0 0 0 0 0 0
 0 0 0 0 0 0 0 0 0 0 0 0 0 0 0 0 0 0 0 0 0 0 0 0 0 0 0 0 0 0 0 0 0 0 0 0
 0 0 0 0 0 0 0 0 0 0 0 0 0 0 0 0 0 0 0 0 0 0 0 0 0 0 0 0 0 0 0 0 0 0 0 0
 0 0 0 0 0 0 0 0 0 0 0 0 0 0 0 0 0 0 0 0 0 0 0 0 0 0 0 0 0 0 0 0 0 0 0 0
 0 0 0 0 0 0 0 0 0 0 0 0 0 0 0 0 0 0 0 0 0 0 0 0 0 0 0 0 0 0 0 0 0 0 0 0
 0 0 0 0 0 0 0 0 0 0 0 0 0 0 0 0 0 0 0 0 0 0 0 0 0 0 0 0 0 0 0 0 0 0 0 0
 0 0 0 0 0 0 0 0 0 0 0 0 0 0 0 0 0 0 0 0 0 0 0 0 0 0 0 0 0 0 0 0 0 0 0 0
 0 0 0 0 0 0 0 0 0 0 0 0 0 0 0 0 0 0 0 0 0 0 0 0 0 0 0 0 0 0 0 0 0 0 0 0
 0 0 0 0 0 0 0 0 1.78061e-05 0.00172719 0.00360574 0.0105946 0.0120993 0.0124554 0.0147524 0.0171206 0.0266825 0.0428682 0.0675386 0.121331 0.153587 0.119568 0.100827 0.0573624 0.0630603 0.0341343 0.0324427 0.0444173 0.0211091 0.0280891 0.0125444 0.00206551 0 0 0 0
 0 0 0 0 0 0 0 0 0 0 0 0 0 0 0 0 0 0 0 0 0 0 0 0 0 0 0 0 0 0 0 0 0 0 0 0
 0 0 0 0 0 0 0.0133647 0.0140871 0.0187388 0.0205184 0.03894 0.0496705 0.03968 0.0493445 0.0407372 0.0367815 0.0215668 0.0243155 0.0234873 0.0199281 0.019796 0.0243948 0.0301388 0.0376714 0.0412746 0.0863199 0.0771752 0.113111 0.0741005 0.0525337 0.0229764 0.00759418 0.00175318 0 0 0
 0 0 0 0 0 0 0 0 0 0 0.00219441 0.00772107 0.0458388 0.0604681 0.0671733 0.0775358 0.0609151 0.0617685 0.073594 0.0568108 0.0755445 0.0548602 0.0670107 0.0636378 0.0643287 0.046367 0.0373049 0.0286899 0.0247887 0.0153202 0.00654259 0.00121912 0.000365735 0 0 0
 0 0 0 0 0 0 0 0 0 0 0 0 0.000112435 0.00938835 0.0111873 0.0202946 0.0414886 0.0713402 0.111592 0.104902 0.108894 0.110636 0.117776 0.105296 0.107544 0.0401394 0.0192827 0.0124803 0.00416011 0.0028671 0.000618394 0 0 0 0 0
 0 0 0 0 0 0 0 0 0 0 0.00291406 0.0102884 0.027416 0.0768956 0.0749926 0.110853 0.0956884 0.0897413 0.0766577 0.0534642 0.0500743 0.0551293 0.0594112 0.0620874 0.0668451 0.0424026 0.0208742 0.0120726 0.0048766 0.00582813 0.00118941 0.000297354 0 0 0 0
 0 0.00264628 0.0354308 0.0461629 0.0458689 0.0383711 0.0214643 0.0164657 0.0346957 0.0420465 0.0363128 0.0245516 0.0311673 0.0291091 0.0169068 0.0133784 0.00837989 0.0085269 0.0148486 0.0160247 0.0276389 0.0546898 0.0760071 0.122758 0.109233 0.0665981 0.0333725 0.0166128 0.00676272 0.00308733 0.000882094 0 0 0 0 0
 0 0 0 0 0 0 0 0.000805153 0.000690131 0.00759144 0.0133425 0.0154129 0.00931677 0.000345066 0.00356568 0.00563607 0.00851162 0.0253048 0.0502646 0.0516448 0.0657925 0.0565908 0.0611916 0.0827007 0.0866115 0.110766 0.145733 0.0935128 0.0569358 0.0249597 0.0138026 0.00621118 0.00161031 0.00115022 0 0
 0 0 0 0 0 0 0 0 0 0 0 0 0 0 0 0 0 0 0 0 0 0 0 0 0 0 0 0 0 0 0 0 0 0 0 0
 0.00147267 0.00158595 0.00478618 0.00569244 0.00954404 0.0108468 0.00647125 0.017049 0.0510054 0.094081 0.124002 0.0959785 0.0687766 0.0820023 0.061753 0.0591476 0.0492212 0.0479892 0.0443925 0.0268479 0.0217502 0.0140895 0.0121071 0.0120363 0.00920419 0.00665534 0.0049561 0.00860946 0.00930331 0.0156896 0.0114698 0.00855282 0.00243557 0.00046729 0 2.83206e-05
 0 0 0 0 0.000772559 0.00158375 0.000888443 0.00281984 0.00712685 0.0440552 0.0773331 0.111326 0.0921469 0.0852325 0.0710754 0.0886704 0.0786465 0.0553345 0.0373146 0.0185414 0.00753245 0.00457741 0.012979 0.0271748 0.0457355 0.0583668 0.034881 0.0177882 0.00938659 0.00492506 0.0015258 0.00185414 0.000309023 5.79419e-05 3.86279e-05 0
 0 0.00173294 0.00326652 0 0.00397197 0.00683976 0.00946217 0.0152591 0.00757587 0.0136028 0.0228656 0.0392903 0.0559909 0.0764795 0.0681675 0.0726916 0.0566044 0.0477403 0.0527397 0.0444891 0.0609904 0.0582453 0.0661739 0.0445044 0.0529084 0.0360697 0.0280645 0.0235558 0.0158879 0.00826598 0.00280645 0.00217768 0.000904811 0.00058276 9.20147e-05 0
 0 0 0 0 0 0 0 0 0 0 0 0 0 0 0 0 0 0 0 0 0 0 0 0 0 0 0 0 0 0 0 0 0 0 0 0
 0 0 0 0 0 0 0 0 0 0 0 0 0 0 0 0 0 0 0 0 0 0 0 0 0 0 0 0 0 0 0 0 0 0 0 0
 0 0 0 0 0 0 0 0 0 0 0 0 0 0 0 0 0 0 0 0 0 0 0 0 0 0 0 0 0 0 0 0 0 0 0 0
 0 0 0 0 0 0 0 0 0 0 0 0 0 0 0 0 0 0 0 0 0 0 0 0 0 0 0 0 0 0 0 0 0 0 0 0
 0 0 0 0 0 0 0 0 0 0 0 0 0 0 0 0 0 0 0 0 0 0 0 0 0 0 0 0 0 0 0 0 0 0 0 0
ppred_pel_tallas
 1.00714e-16 3.52761e-05 0.000207049 0.000984233 0.00378937 0.0118168 0.0298483 0.0610734 0.101235 0.135952 0.147934 0.130466 0.0933443 0.0543799 0.0262107 0.0112368 0.00558969 0.00472046 0.00584145 0.00773101 0.00989684 0.0120525 0.0139422 0.0153316 0.0160487 0.0160207 0.0152891 0.0139937 0.0123338 0.0105199 0.00873184 0.00709414 0.00567115 0.00447794 0.00349834 0.00270254
 1.00626e-16 3.3378e-05 0.0001959 0.000931219 0.00358524 0.0111802 0.0282404 0.0577838 0.0957839 0.128637 0.139989 0.123494 0.0884307 0.0516685 0.0251863 0.0112807 0.00631648 0.00600546 0.00770723 0.0102358 0.0130645 0.0158347 0.0182044 0.0198599 0.0205772 0.020273 0.0190241 0.0170432 0.0146231 0.0120678 0.00963171 0.0074847 0.00570556 0.00429811 0.0032188 0.0024041
 1.0093e-16 2.83073e-05 0.000166122 0.00078963 0.00304005 0.00948006 0.023946 0.048998 0.0812241 0.109095 0.118753 0.104835 0.0752307 0.0442813 0.0221926 0.01097 0.00758839 0.00845196 0.0113253 0.0151507 0.019365 0.0234901 0.0270299 0.0295218 0.0306321 0.0302341 0.0284362 0.025547 0.0219945 0.0182241 0.0146106 0.0114066 0.00873195 0.00659767 0.00494527 0.00368636
 1.01411e-16 3.09488e-05 0.000181638 0.000863413 0.00332416 0.0103661 0.0261839 0.0535762 0.0888101 0.119274 0.129806 0.114526 0.0820439 0.0480067 0.0235331 0.010767 0.00635408 0.00633389 0.00826913 0.0110625 0.0142164 0.0173764 0.0201924 0.0223341 0.023553 0.0237359 0.0229259 0.0213018 0.019126 0.0166793 0.0142043 0.0118721 0.00977725 0.00795091 0.00638534 0.00505581
 1.0159e-16 3.0806e-05 0.000180799 0.000859422 0.0033088 0.0103182 0.0260629 0.0533286 0.0883998 0.118724 0.129208 0.114003 0.0816767 0.0478076 0.0234646 0.0107841 0.00642947 0.00645935 0.00844625 0.0112935 0.0144978 0.0176967 0.0205311 0.0226644 0.0238466 0.0239685 0.0230834 0.0213835 0.0191456 0.0166615 0.0141796 0.0118702 0.009821 0.00805268 0.0065459 0.00526573
 1.02111e-16 2.52485e-05 0.000148162 0.00070424 0.00271127 0.00845477 0.0213563 0.0436993 0.0724422 0.0973054 0.105933 0.09355 0.0672043 0.0397014 0.0201661 0.0104144 0.00777723 0.00907147 0.0123137 0.0165493 0.0212385 0.0258918 0.0299871 0.0330295 0.0346531 0.0347029 0.0332659 0.0306364 0.0272335 0.0234978 0.0198027 0.016403 0.0134268 0.0108996 0.00878421 0.00701907
 1.01633e-16 3.34562e-05 0.000196365 0.000933436 0.00359379 0.0112069 0.0283078 0.0579212 0.0960102 0.128937 0.140304 0.123745 0.0885519 0.051622 0.0249461 0.0108081 0.00554818 0.00486169 0.00611323 0.00814962 0.0105047 0.0129018 0.0150871 0.0168223 0.0179242 0.0183018 0.0179716 0.0170444 0.0156893 0.0140898 0.0124058 0.0107521 0.00919507 0.00776335 0.0064635 0.00529401
 1.01141e-16 3.11363e-05 0.000182737 0.00086863 0.00334425 0.0104287 0.0263421 0.0539001 0.0893475 0.119998 0.130598 0.115237 0.0825785 0.0483703 0.0238049 0.0110463 0.00672589 0.00685974 0.00898804 0.0119878 0.0153273 0.0186111 0.0214465 0.0234704 0.0244206 0.0241969 0.0228822 0.0207154 0.0180273 0.0151609 0.0124033 0.00994517 0.00787489 0.00619738 0.00486616 0.00381452
 1.00799e-16 3.47894e-05 0.000204191 0.00097064 0.00373704 0.0116536 0.0294361 0.0602299 0.0998371 0.134076 0.145895 0.128676 0.0920791 0.0536745 0.0259299 0.0112177 0.00572839 0.00497927 0.00622106 0.00824331 0.0105485 0.0128367 0.0148354 0.0162948 0.0170326 0.0169735 0.0161651 0.0147603 0.0129755 0.0110378 0.00914009 0.00741426 0.00592646 0.00468902 0.00368053 0.00286533
 1.00931e-16 3.03145e-05 0.00017791 0.000845678 0.00325587 0.0101531 0.025646 0.0524759 0.0869875 0.116831 0.127158 0.112218 0.0804489 0.0471921 0.0233539 0.0110534 0.00702264 0.00739122 0.00976412 0.0130356 0.0166617 0.0202182 0.023277 0.0254409 0.0264236 0.0261155 0.0246087 0.0221664 0.0191536 0.01595 0.0128747 0.010142 0.00785295 0.00601631 0.00458216 0.00347606
 1.01705e-16 2.5415e-05 0.000149139 0.000708886 0.00272916 0.00851054 0.0214972 0.0439876 0.0729202 0.0979474 0.106633 0.0941685 0.0676503 0.0399685 0.0203083 0.0104983 0.00785205 0.00916527 0.0124405 0.0167148 0.0214413 0.0261231 0.0302294 0.0332571 0.0348346 0.0348045 0.033256 0.0304902 0.0269367 0.0230485 0.019212 0.0156937 0.0126306 0.0100535 0.00792696 0.00618695
 1.02374e-16 2.64563e-05 0.000155258 0.000737984 0.00284121 0.00885999 0.0223798 0.0457931 0.0759113 0.101959 0.110985 0.0979754 0.0703058 0.0413778 0.0207309 0.0102416 0.00708783 0.00791919 0.0106622 0.0143507 0.0184853 0.0226469 0.0263945 0.0293052 0.0310569 0.0314971 0.0306701 0.0287914 0.0261819 0.0231865 0.0201035 0.0171443 0.0144271 0.0119953 0.00984777 0.0079655
 1.01465e-16 3.22846e-05 0.000189482 0.000900709 0.00346777 0.0108139 0.0273151 0.0558905 0.0926454 0.124422 0.135401 0.119446 0.0855308 0.0499713 0.0243545 0.010903 0.00610295 0.0058114 0.00748207 0.00997871 0.0128052 0.0156288 0.0181305 0.0200129 0.0210556 0.021163 0.0203829 0.018886 0.0169172 0.0147342 0.0125558 0.0105313 0.00873664 0.00718842 0.00586803 0.00474359
 1.00321e-16 3.73907e-05 0.000219466 0.00104327 0.00401668 0.0125257 0.0316388 0.0647366 0.107306 0.144102 0.156794 0.138261 0.0988787 0.0575183 0.0275622 0.011538 0.00532819 0.00409679 0.00488289 0.00639839 0.00814414 0.00985461 0.0113072 0.0123043 0.0127066 0.0124645 0.0116301 0.0103412 0.00878619 0.00715961 0.0056236 0.00428546 0.00319342 0.00234705 0.0017151 0.00125336
 1.00124e-16 3.82036e-05 0.000224239 0.00106596 0.00410407 0.0127982 0.0323271 0.0661449 0.10964 0.147235 0.1602 0.141257 0.101005 0.0587213 0.0280753 0.0116432 0.00521119 0.00383322 0.00448223 0.00584569 0.00742346 0.00896004 0.0102474 0.0111034 0.011401 0.011098 0.0102475 0.00898288 0.0074845 0.00593767 0.00449639 0.00326181 0.00227803 0.00154187 0.00101984 0.000665424
 1.00303e-16 3.28769e-05 0.000192956 0.000917218 0.00353132 0.0110121 0.0278157 0.0569151 0.0943446 0.126707 0.137895 0.121662 0.0871537 0.0509917 0.0249853 0.011408 0.00669012 0.00661373 0.00857484 0.0113888 0.0145055 0.0175282 0.0200709 0.0217812 0.0224107 0.0218741 0.0202704 0.0178546 0.0149729 0.0119822 0.00917983 0.00676255 0.00481795 0.00334328 0.00227783 0.00153573
 1.0093e-16 2.89469e-05 0.000169879 0.000807494 0.00310884 0.00969458 0.0244879 0.0501065 0.0830609 0.11156 0.12143 0.107183 0.0768839 0.0451901 0.0225294 0.0109413 0.00732186 0.00798747 0.0106536 0.014252 0.018233 0.0221453 0.0255244 0.0279361 0.0290645 0.0287849 0.0271907 0.0245615 0.0212893 0.0177842 0.0143941 0.0113558 0.0087863 0.00670344 0.00506157 0.0037871
 1.01026e-16 3.35566e-05 0.000196952 0.000936222 0.00360451 0.0112403 0.0283922 0.0580942 0.0962974 0.129325 0.14073 0.124132 0.0888538 0.0518475 0.0251468 0.0110503 0.00589359 0.00536151 0.00680544 0.00905299 0.0116095 0.0141613 0.0164152 0.0180991 0.019011 0.019063 0.0182983 0.0168729 0.015012 0.0129542 0.0109038 0.00900293 0.00732632 0.00589399 0.00469169 0.00369061
 1.00893e-16 3.25778e-05 0.000191202 0.000908882 0.00349923 0.010912 0.0275629 0.0563977 0.0934866 0.125553 0.136635 0.120542 0.0863322 0.0504726 0.02466 0.0111417 0.00637601 0.00618272 0.00798731 0.0106305 0.0135909 0.0165062 0.0190261 0.0208275 0.0216769 0.0214833 0.0203179 0.0183904 0.0159926 0.0134283 0.0109534 0.00873964 0.00686909 0.00535011 0.00414511 0.00319747
 1.00986e-16 3.20943e-05 0.000188363 0.000895384 0.00344726 0.01075 0.0271536 0.0555602 0.0920985 0.12369 0.134609 0.118759 0.0850633 0.0497484 0.0243393 0.0110535 0.00640564 0.00628113 0.0081457 0.0108569 0.0138975 0.0169038 0.0195214 0.0214213 0.0223636 0.0222504 0.0211473 0.019259 0.0168744 0.0142961 0.0117807 0.00950318 0.00755027 0.00593674 0.00463201 0.0035863
 1.01186e-16 3.1494e-05 0.000184838 0.000878626 0.00338274 0.0105487 0.0266453 0.0545203 0.0903749 0.121376 0.132093 0.116544 0.0834885 0.0488505 0.0239432 0.0109472 0.00644705 0.0064093 0.00834913 0.0111442 0.0142818 0.0173954 0.020125 0.022135 0.0231782 0.0231512 0.0221149 0.0202714 0.0179081 0.0153272 0.0127857 0.0104597 0.00843838 0.00674007 0.00533895 0.00419082
 1.01384e-16 3.08417e-05 0.000181008 0.000860415 0.00331262 0.0103301 0.026093 0.0533903 0.0885021 0.118862 0.12936 0.114139 0.0817811 0.0478818 0.0235253 0.0108526 0.00652485 0.00659687 0.00863708 0.0115434 0.014805 0.0180491 0.0209058 0.0230289 0.0241623 0.0241969 0.0231921 0.0213519 0.0189677 0.0163467 0.0137502 0.0113576 0.00926059 0.00747933 0.0059902 0.00475168
 1.01506e-16 3.05784e-05 0.000179462 0.000853065 0.00328432 0.0102418 0.0258701 0.0529342 0.0877462 0.117847 0.128256 0.113168 0.0810894 0.0474863 0.0233485 0.0108008 0.0065348 0.0066408 0.00870894 0.0116463 0.0149444 0.0182302 0.0211322 0.0233022 0.0244818 0.0245596 0.023593 0.021784 0.0194225 0.0168145 0.0142201 0.0118184 0.00970111 0.0078895 0.00636182 0.00507902
 1.01608e-16 3.01255e-05 0.000176803 0.00084042 0.00323563 0.01009 0.0254866 0.0521495 0.0864458 0.116101 0.126359 0.111499 0.0799065 0.0468189 0.0230676 0.0107504 0.00661282 0.00680652 0.00895827 0.0119881 0.015387 0.018775 0.021771 0.0240169 0.025247 0.0253461 0.0243723 0.0225321 0.0201221 0.0174555 0.0147984 0.0123341 0.0101564 0.0082873 0.00670511 0.00537074
 1.03422e-16 1.63169e-05 9.5713e-05 0.000454863 0.00175106 0.00546033 0.0137928 0.0282249 0.0467975 0.0628828 0.0685212 0.0606602 0.0439017 0.0265886 0.0147132 0.00956715 0.00954632 0.0126833 0.0177142 0.0239317 0.0307687 0.0375748 0.0436112 0.0481671 0.0507111 0.0510095 0.0491711 0.0456 0.0408787 0.0356236 0.0303598 0.0254495 0.0210803 0.0172996 0.01407 0.0113209
 1.04983e-16 2.50052e-05 0.000146746 0.000697536 0.00268551 0.00837445 0.0211532 0.0432829 0.0717483 0.0963624 0.104878 0.0925508 0.0663396 0.0388969 0.0192196 0.0090609 0.00573877 0.00608688 0.00817261 0.0111449 0.0146302 0.0183573 0.0220385 0.025376 0.0281096 0.0300592 0.0311474 0.0313916 0.030877 0.0297197 0.0280378 0.0259377 0.0235151 0.020864 0.0180853 0.0152881
 1.02703e-16 3.18208e-05 0.000186762 0.000887778 0.00341799 0.0106587 0.026923 0.0550881 0.0913149 0.122634 0.133452 0.117718 0.0842759 0.0492027 0.0239142 0.0105957 0.00577921 0.00537998 0.00689271 0.00921003 0.0118645 0.0145573 0.0170063 0.0189478 0.0201834 0.020622 0.020295 0.0193378 0.0179468 0.0163263 0.0146448 0.0130119 0.0114777 0.0100491 0.00871253 0.00745302
pSPR Fmed_Fpbrs
0.523115   0.6 0.325
Fs Fmed_Fpbrs
0.64   0.459853 1.59527
SSBpbr Bo_Bmed_Bpbrs
840013  397423  462007 231004
Ro
34891.6
SPR SPRFo_SPRFmed_SPRFpbrs
720658 376987 234214
log_Ro
10.28
likeval ReclasPelacesDesembMPH_pf_preclas_ppelaces_ptallas_desvR_qrecl_qpela
 67.1253 12.7634 0.0157861 47.0893 331.333 211.454 55.8692 0 17.7351 5.98293e-07 6.76585e-05 1.57225e-14 0 0 0
q_reclas_q_pelaces
0.896186 3.22276
M
0.7
N
 36798.9 10287.7 3302.67 387.013 0.229151
 43499.1 16499 2489.77 572.011 65.318
 21486.9 19728.9 4329.88 485.572 121.397
 28554.7 9123.92 3257.01 428.121 57.6057
 47705 13696.9 3550.57 1131.5 167.226
 33539.4 23537.6 6500.47 1649.93 602.497
 69454.6 15571.9 7282.44 1613.67 549.351
 71199.8 32947.9 5604.97 2256.6 662.253
 113246 32429.9 8908.84 1142.04 581.413
 115182 51374.4 8524.78 1741.68 328.999
 64706 54056.7 17146.6 2364.77 565.997
 45970 29045.7 13192.1 3006.27 500.448
 42618.7 20872.2 7681.03 2601.79 675.632
 27247.3 18269.7 3683.86 837.597 343.897
 16201.7 9827.96 956.983 67.7315 19.9712
 11574 5843.48 514.55 17.5828 1.48182
 7761.2 5095.44 1243.84 73.8371 2.65142
 10927.3 3460.58 1186.12 203.493 12.1688
 14037.1 4974.11 931.69 240.156 42.6897
 18414.1 6521.24 1545.64 232.751 69.441
 27554.9 8603.46 2109.1 409.441 78.7823
 39637.9 13302.9 3503.67 783.159 179.959
 55168.4 19058.6 5264.6 1247.55 340.055
 73373.8 26449.6 7390.91 1819.64 543.705
 27151.2 35179.4 10260.2 2555.71 809.738
 38762.4 13079.9 14111.5 3726.41 1212.6
 67231.7 18642.3 5185.37 5037.53 1748.38
pred_Ctot
 2585.56 3950.55 1640.47 195.194 0.115668
 2725.48 5801.44 1145.93 267.558 30.5787
 2259.49 10070.7 2721.39 308.808 77.2527
 700.859 1439.65 718.245 96.4234 12.9888
 220.259 437.345 164.616 53.7382 7.95227
 1574.97 6555.81 2431.76 628.476 229.718
 2239.37 3139 2023.06 457.34 155.861
 4259.99 11173 2499.15 1022.9 300.457
 7077.86 11381 4093.38 533.291 271.731
 4563.84 12393.7 2797.28 582.482 110.141
 4495.9 20583.2 8455.25 1184.17 283.656
 2847.13 10121.1 6023.87 1395.22 232.459
 4226.96 10251.4 4681.67 1605.49 417.186
 5461.62 13203.5 2982.7 682.111 280.143
 3248.18 7103.22 774.877 55.161 16.2696
 950.893 2518.51 281.81 9.76556 0.823622
 573.453 2031.98 638.08 38.4456 1.38163
 658.257 1179.83 531.364 92.6727 5.54661
 653.322 1375.16 346.201 90.87 16.1685
 785.849 1676.06 537.477 82.4578 24.6255
 551.833 1126.02 389.053 77.1876 14.8692
 906.753 1968.26 726.744 165.949 38.176
 1373.1 3045.67 1175.05 284.374 77.6011
 1824.01 4222.13 1647.92 414.349 123.945
 584.63 4923.35 2018.1 513.625 162.921
 880.011 1921.82 2907.67 784.401 255.541
 2414.55 4130.94 1573.12 1558.39 541.433
F
 0.102171 0.718763 1.05333 1.07978 1.08121
 0.0906562 0.637758 0.934617 0.958089 0.959357
 0.156544 1.10127 1.61389 1.65442 1.65661
 0.0346544 0.24379 0.357268 0.36624 0.366725
 0.00643839 0.0452934 0.0663763 0.0680433 0.0681333
 0.0672549 0.473132 0.693362 0.710775 0.711716
 0.0457451 0.321813 0.471608 0.483452 0.484092
 0.0864097 0.607884 0.890837 0.91321 0.914418
 0.0904211 0.636104 0.932194 0.955605 0.956869
 0.0564816 0.397342 0.582295 0.596918 0.597708
 0.100985 0.710417 1.0411 1.06724 1.06866
 0.0895699 0.630116 0.923418 0.946608 0.947861
 0.147047 1.03446 1.51597 1.55404 1.5561
 0.319722 2.24921 3.29616 3.37894 3.38342
 0.31979 2.24969 3.29687 3.37966 3.38414
 0.120417 0.84712 1.24143 1.27261 1.27429
 0.1077 0.757661 1.11033 1.13822 1.13972
 0.0870221 0.612192 0.897151 0.919682 0.920899
 0.0666406 0.46881 0.687029 0.704283 0.705215
 0.0609535 0.428802 0.628398 0.64418 0.645033
 0.0281956 0.198354 0.290682 0.297982 0.298376
 0.0322647 0.226979 0.332632 0.340986 0.341437
 0.0351489 0.247269 0.362366 0.371467 0.371958
 0.0351057 0.246965 0.361921 0.37101 0.371501
 0.0303441 0.213468 0.312832 0.320688 0.321113
 0.0320169 0.225236 0.330077 0.338367 0.338815
 0.0510735 0.359298 0.526541 0.539764 0.540479
Np
 24718.3 11752.8 11604.5 2050.69 626.765
YTP_r0W_actual
 16900.9 77622.3 43377.4 54916.8 21174.2
YTP_p0W_proyectada
 6213.75 132091 54067.5 16580.1 22766.8
 6213.75 48935.9 97075.7 22355.6 7590.59
CTP_r0_actual
 2061.09 3593.62 1381.45 1369.5 475.824
CTP_p0_proyectada
 757.775 6115.32 1721.9 413.469 511.612
 757.775 2265.55 3091.58 557.497 170.575
Wmedp
 8.2 21.6 31.4 40.1 44.5
nmprior
 10.8 10.6 4.6 0
nm_flota  nm_reclas  nm_pelaces    nm_pelaL
inf 19.5926 18.6783 60.2381
cv_recla  cv_pelaces  cv_mph
0.709535 0.391358 0.550197
 ------------------------------------------------
Talla a la edad & desviaci?n 
 7.2 14.2025 17.0495 18.207 18.6776
 1.08 2.13037 2.55742 2.73105 2.80164
