years
 1997 1998 1999 2000 2001 2002 2003 2004 2005 2006 2007 2008 2009 2010 2011 2012 2013 2014 2015 2016 2017 2018 2019 2020 2021 2022 2023
reclasobs
 0 0 0 370054 412103 1.49427e+06 250295 1.28982e+06 931140 785840 897777 1.04006e+06 184774 17550 25797 100020 73551 82996 120727 218422 84188 347160 605670 569463 516374 1.08416e+06 1.01767e+06
reclaspred
 4.76724e+06 826543 1.05954e+06 226195 246556 337549 633864 585907 641598 924783 998924 706279 393788 140265 82426.2 92633.3 85814.9 95692.1 122045 144775 207823 247315 438270 542850 870720 707087 288358
pelacesobs
 0 0 0 0 0 0 0 0 0 2.06254e+06 1.5e+06 0 1.87456e+06 323000 250000 174000 83755 137374 0 501740 490994 745055 786931 1.00524e+06 1.33801e+06 1.41789e+06 0
pelacespred
 8.22479e+06 3.42133e+06 865508 443392 706402 526354 1.99976e+06 1.5995e+06 1.7696e+06 2.62208e+06 2.06299e+06 1.53832e+06 943841 285317 180245 187604 169696 207916 253932 272692 538858 559751 744122 1.16578e+06 1.63809e+06 1.27133e+06 367191
mphobs
 0 0 0 0 0 0 112323 0 153150 637223 0 255016 313432 73983 77613 109348 50772 17779 17303 59886 28197 0 207744 136588 643089 65757 70829
mphpred
 961807 405529 200709 71188.4 51620 148942 170684 310774 272237 355366 443272 287012 184872 132344 59203.9 48662.3 36973 40204.7 36391.7 37217.3 49687.2 75161.5 92665.6 136020 204491 138513 103357
desembarqueobs
 350755 77701 442110 56441 14545 235359 269955 359681 431902 328805 639364 411747 362871 311530 167758 66681 60226 58785 57116 73181 50977 67692 138656 160484 209506 203330 245020
desembarquepred
 350740 77672.8 441491 56410.5 14542.7 235179 269854 359017 431250 328555 638248 411003 362249 310802 167292 66626.3 60203 58678.2 57005.4 73096.8 50955.7 67609 138569 160381 209375 203074 244645
Reclutas
 13377.2 23253.5 2317.29 5493.12 37580.4 12901.3 63533.2 50861.4 77611.9 110524 59763.2 54689.7 53933.8 28858.3 13545.3 9126.17 6134.83 8076.54 9165.6 8028.96 16217.6 20365.7 28194.7 51037.2 9950.32 29107.1 2469.92
log_desv_Rt
 -0.358694 0.194212 -2.11185 -1.24875 0.674238 -0.394914 1.19932 0.976859 1.39948 1.75299 1.13815 1.04943 1.03551 0.410153 -0.346205 -0.741099 -1.13826 -0.863281 -0.736788 -0.86919 -0.166145 0.0616053 0.386888 0.980311 -0.65464 0.418738 -2.04806
SSB
 1.20145e+06 506571 250718 88925.9 64481.8 186053 203219 380484 325486 430632 553719 358525 243599 132361 63675.5 51905.6 43225 43622.8 56384.3 63422.1 75971.5 110535 142478 194287 332924 243953 167946
BT
 1.75485e+06 639156 378451 144426 247411 294543 1.01573e+06 875486 1.04554e+06 1.15557e+06 1.13185e+06 834694 676934 387624 203493 109667 100094 116659 116845 130064 209301 191109 276463 458681 472162 464488 261322
Ftot
 0.24897 0.40378 1.50151 1.05007 0.289171 1.79784 1.81725 1.86044 2.30146 1.23137 1.82701 1.84175 2.80088 4.95303 4.86293 1.9899 2.05289 1.99173 1.42046 1.51663 0.877371 0.879744 1.00991 1.03093 0.710627 1.08899 2.16358
BD_Bspro_t
 0.967198 0.779603 0.538732 0.182069 0.235378 0.514329 0.374895 0.468374 0.382903 0.408904 0.43124 0.272536 0.204188 0.134078 0.0781732 0.0782988 0.0911908 0.128231 0.199023 0.262945 0.327669 0.478309 0.498053 0.500729 0.560899 0.408242 0.316657
BD_Bspro
 3.03776 1.28082 0.633918 0.224841 0.163036 0.470418 0.51382 0.962019 0.822962 1.08881 1.40003 0.906497 0.615917 0.334663 0.160998 0.131239 0.109291 0.110296 0.142563 0.160357 0.192087 0.279477 0.360243 0.491238 0.841768 0.616812 0.424637
BD_Bo
 2.28234 0.962306 0.476276 0.168928 0.122493 0.353435 0.386044 0.722785 0.618308 0.818048 1.05187 0.68107 0.462752 0.251439 0.120961 0.0986023 0.0821122 0.082868 0.10711 0.12048 0.144319 0.209977 0.270658 0.369077 0.632438 0.463424 0.319038
BD_Brms
 4.1497 1.74965 0.865957 0.307141 0.222714 0.642608 0.701898 1.31415 1.1242 1.48736 1.91249 1.23831 0.841367 0.457162 0.219929 0.179277 0.149295 0.150669 0.194746 0.219054 0.262398 0.381777 0.492106 0.671049 1.14989 0.842589 0.58007
S_f
 0.0783637 0.776476 0.993003 0.999828 0.999996
 0.0783637 0.776476 0.993003 0.999828 0.999996
 0.0783637 0.776476 0.993003 0.999828 0.999996
 0.0783637 0.776476 0.993003 0.999828 0.999996
 0.0783637 0.776476 0.993003 0.999828 0.999996
 0.0783637 0.776476 0.993003 0.999828 0.999996
 0.0783637 0.776476 0.993003 0.999828 0.999996
 0.0783637 0.776476 0.993003 0.999828 0.999996
 0.0783637 0.776476 0.993003 0.999828 0.999996
 0.0783637 0.776476 0.993003 0.999828 0.999996
 0.0783637 0.776476 0.993003 0.999828 0.999996
 0.0783637 0.776476 0.993003 0.999828 0.999996
 0.0783637 0.776476 0.993003 0.999828 0.999996
 0.0783637 0.776476 0.993003 0.999828 0.999996
 0.0783637 0.776476 0.993003 0.999828 0.999996
 0.0783637 0.776476 0.993003 0.999828 0.999996
 0.0783637 0.776476 0.993003 0.999828 0.999996
 0.0783637 0.776476 0.993003 0.999828 0.999996
 0.0783637 0.776476 0.993003 0.999828 0.999996
 0.0783637 0.776476 0.993003 0.999828 0.999996
 0.0783637 0.776476 0.993003 0.999828 0.999996
 0.0783637 0.776476 0.993003 0.999828 0.999996
 0.0783637 0.776476 0.993003 0.999828 0.999996
 0.0783637 0.776476 0.993003 0.999828 0.999996
 0.0783637 0.776476 0.993003 0.999828 0.999996
 0.0783637 0.776476 0.993003 0.999828 0.999996
 0.0783637 0.776476 0.993003 0.999828 0.999996
Scru_reclas
 0.102174 0.364158 0.742419 0.935506 0.986487
 0.102174 0.364158 0.742419 0.935506 0.986487
 0.102174 0.364158 0.742419 0.935506 0.986487
 0.102174 0.364158 0.742419 0.935506 0.986487
 0.102174 0.364158 0.742419 0.935506 0.986487
 0.102174 0.364158 0.742419 0.935506 0.986487
 0.102174 0.364158 0.742419 0.935506 0.986487
 0.102174 0.364158 0.742419 0.935506 0.986487
 0.102174 0.364158 0.742419 0.935506 0.986487
 0.102174 0.364158 0.742419 0.935506 0.986487
 0.102174 0.364158 0.742419 0.935506 0.986487
 0.102174 0.364158 0.742419 0.935506 0.986487
 0.102174 0.364158 0.742419 0.935506 0.986487
 0.102174 0.364158 0.742419 0.935506 0.986487
 0.102174 0.364158 0.742419 0.935506 0.986487
 0.102174 0.364158 0.742419 0.935506 0.986487
 0.102174 0.364158 0.742419 0.935506 0.986487
 0.102174 0.364158 0.742419 0.935506 0.986487
 0.102174 0.364158 0.742419 0.935506 0.986487
 0.102174 0.364158 0.742419 0.935506 0.986487
 0.102174 0.364158 0.742419 0.935506 0.986487
 0.102174 0.364158 0.742419 0.935506 0.986487
 0.102174 0.364158 0.742419 0.935506 0.986487
 0.102174 0.364158 0.742419 0.935506 0.986487
 0.102174 0.364158 0.742419 0.935506 0.986487
 0.102174 0.364158 0.742419 0.935506 0.986487
 0.102174 0.364158 0.742419 0.935506 0.986487
Scru_pelaces
 0.260235 0.639039 0.899089 0.978185 0.995588
 0.260235 0.639039 0.899089 0.978185 0.995588
 0.260235 0.639039 0.899089 0.978185 0.995588
 0.260235 0.639039 0.899089 0.978185 0.995588
 0.260235 0.639039 0.899089 0.978185 0.995588
 0.260235 0.639039 0.899089 0.978185 0.995588
 0.260235 0.639039 0.899089 0.978185 0.995588
 0.260235 0.639039 0.899089 0.978185 0.995588
 0.260235 0.639039 0.899089 0.978185 0.995588
 0.260235 0.639039 0.899089 0.978185 0.995588
 0.260235 0.639039 0.899089 0.978185 0.995588
 0.260235 0.639039 0.899089 0.978185 0.995588
 0.260235 0.639039 0.899089 0.978185 0.995588
 0.260235 0.639039 0.899089 0.978185 0.995588
 0.260235 0.639039 0.899089 0.978185 0.995588
 0.260235 0.639039 0.899089 0.978185 0.995588
 0.260235 0.639039 0.899089 0.978185 0.995588
 0.260235 0.639039 0.899089 0.978185 0.995588
 0.260235 0.639039 0.899089 0.978185 0.995588
 0.260235 0.639039 0.899089 0.978185 0.995588
 0.260235 0.639039 0.899089 0.978185 0.995588
 0.260235 0.639039 0.899089 0.978185 0.995588
 0.260235 0.639039 0.899089 0.978185 0.995588
 0.260235 0.639039 0.899089 0.978185 0.995588
 0.260235 0.639039 0.899089 0.978185 0.995588
 0.260235 0.639039 0.899089 0.978185 0.995588
 0.260235 0.639039 0.899089 0.978185 0.995588
pf_obs 
 0.256992 0.487395 0.22802 0.0275931 0
 0.321318 0.546541 0.124235 0.00734118 0.000564706
 0.182869 0.594174 0.210203 0.0122559 0.00049798
 0.330522 0.361315 0.267642 0.0388342 0.00168674
 0.649043 0.306663 0.0425973 0.00169635 0
 0.582887 0.30429 0.105238 0.00758474 0
 0.465427 0.430635 0.0974691 0.00646863 0
 0.296916 0.608066 0.0921331 0.00288517 0
 0.311714 0.524322 0.152257 0.0117073 0
 0.15457 0.633149 0.183074 0.0267441 0.00246327
 0.131901 0.49318 0.331252 0.0422183 0.00144891
 0.196976 0.569456 0.194076 0.0375587 0.00193317
 0.518974 0.381816 0.0799577 0.0180837 0.00116848
 0.0928022 0.601141 0.25162 0.0475244 0.00691264
 0.122501 0.610282 0.24278 0.0234846 0.000952079
 0.383417 0.481906 0.127806 0.00687128 0
 0.0376549 0.599619 0.316969 0.0457579 0
 0.0361596 0.667082 0.258105 0.0386534 0
 0.158088 0.579412 0.248529 0.0139706 0
 0.0477256 0.309471 0.559284 0.082774 0.000745712
 0.0406174 0.521527 0.379366 0.0568643 0.0016247
 0.151134 0.462217 0.34131 0.0453401 0
 0.294876 0.26143 0.354403 0.0886775 0.000613685
 0.281977 0.475581 0.204845 0.0348837 0.00271318
 0.0841818 0.532909 0.334909 0.0458182 0.00218182
 0.115287 0.27431 0.454777 0.147771 0.00785563
 0 0 0 0 0
pf_pred 
 0.0273046 0.639533 0.294168 0.0389911 2.97274e-06
 0.0797406 0.196186 0.518375 0.181786 0.0239125
 0.0162716 0.516203 0.12485 0.245912 0.0967637
 0.150494 0.206143 0.410191 0.0628949 0.170278
 0.550037 0.333912 0.0372117 0.0504745 0.0283646
 0.0966813 0.8382 0.0516212 0.0043515 0.00914598
 0.559075 0.298896 0.135693 0.00503782 0.00129701
 0.228963 0.744544 0.0206123 0.00562234 0.000258464
 0.357042 0.551715 0.0893536 0.00147467 0.000414218
 0.313388 0.640758 0.0420139 0.0037616 7.80889e-05
 0.146698 0.74504 0.103377 0.0044802 0.000404462
 0.21424 0.611565 0.160237 0.013337 0.000620539
 0.283653 0.614887 0.0867146 0.0135813 0.00116479
 0.261753 0.69021 0.0443646 0.00314793 0.000524136
 0.275179 0.707113 0.017313 0.000365768 2.92372e-05
 0.247703 0.732429 0.0197027 0.000161812 3.56781e-06
 0.193004 0.7066 0.0988329 0.00155057 1.28046e-05
 0.309702 0.583869 0.0983681 0.0079378 0.000123489
 0.265706 0.666524 0.0612621 0.00602292 0.000485603
 0.204826 0.680132 0.108004 0.00637089 0.000667952
 0.325772 0.547422 0.114557 0.0115084 0.000739812
 0.232335 0.659814 0.0928455 0.0135702 0.00143575
 0.241479 0.600904 0.141497 0.0138978 0.00222268
 0.302681 0.567083 0.110429 0.0178023 0.00200567
 0.043154 0.816536 0.121315 0.0161334 0.00286157
 0.228764 0.26746 0.448708 0.0476755 0.00739232
 0.0269279 0.818344 0.0681495 0.0772118 0.00936666
pobs_RECLAS
 0 0 0 0 0
 0 0 0 0 0
 0 0 0 0 0
 0 0 0 0 0
 0.835266 0.146461 0.0176864 0.000547809 3.91292e-05
 0.385257 0.428462 0.181853 0.0044286 0
 0.867414 0.0963971 0.0333333 0.00285562 0
 0.441836 0.489002 0.0689373 0.000224442 0
 0.779404 0.147425 0.0564933 0.0165055 0.000172143
 0.814271 0.122319 0.05973 0.00367925 0
 0.40263 0.566651 0.0304383 0.000280538 0
 0.475488 0.404961 0.113038 0.00651328 0
 0.955842 0.0263864 0.0167828 0.000988607 0
 0.975058 0.0227948 0.00214734 0 0
 0.738997 0.206755 0.0527124 0.00153531 0
 0.850938 0.134255 0.0134407 0.00136685 0
 0.542534 0.407297 0.0501686 0 0
 0.764087 0.199537 0.0359546 0.000420521 0
 0.470689 0.182191 0.310203 0.0369168 0
 0.84361 0.089868 0.0606195 0.00523954 0.000663233
 0.607945 0.314616 0.071237 0.00620181 0
 0.523733 0.453247 0.0230204 0 0
 0.530135 0.295979 0.169645 0.0042399 0
 0.562478 0.366248 0.0663022 0.0049721 0
 0.250443 0.683176 0.0655157 0.000865301 0
 0.195077 0.31981 0.436473 0.0351445 0.0134964
 0.565238 0.351407 0.0832357 0.000118908 0
ppred_RECLAS
 0.0609051 0.507227 0.370425 0.0614379 4.93852e-06
 0.13691 0.118733 0.496365 0.217788 0.0302041
 0.035831 0.36505 0.133687 0.328963 0.136469
 0.254853 0.11725 0.361095 0.0692216 0.197581
 0.737251 0.158798 0.0280734 0.0476476 0.0282303
 0.248691 0.669193 0.0613508 0.00645726 0.0143082
 0.778893 0.12894 0.0870369 0.00403447 0.00109505
 0.486057 0.486821 0.0199862 0.00680583 0.000329844
 0.642478 0.288444 0.0672836 0.00138491 0.000410103
 0.571128 0.38562 0.0388139 0.00434349 9.50631e-05
 0.343198 0.539066 0.111149 0.00601407 0.000572394
 0.442199 0.389688 0.151588 0.0157519 0.000772666
 0.580345 0.339158 0.0663773 0.0129497 0.00117081
 0.662413 0.312246 0.022969 0.00201728 0.000354029
 0.674727 0.316084 0.00893483 0.000233712 1.96909e-05
 0.517655 0.463801 0.0183512 0.000188101 4.37243e-06
 0.429152 0.47219 0.096747 0.00189411 1.64901e-05
 0.579001 0.330677 0.0819342 0.00825181 0.000135338
 0.515105 0.418591 0.0585061 0.00718701 0.00061091
 0.427109 0.454708 0.109243 0.00805021 0.000889826
 0.560324 0.32095 0.104683 0.0131512 0.00089132
 0.449796 0.435339 0.0954697 0.0174496 0.00194643
 0.456847 0.383188 0.139889 0.0171791 0.00289663
 0.53667 0.338283 0.102038 0.0205665 0.00244289
 0.106874 0.698322 0.162683 0.0270606 0.00506035
 0.39026 0.152711 0.395852 0.0525813 0.00859561
 0.0779633 0.701627 0.0849606 0.120091 0.0153585
pobs_PELACES
 0 0 0 0 0
 0 0 0 0 0
 0 0 0 0 0
 0 0 0 0 0
 0 0 0 0 0
 0 0 0 0 0
 0 0 0 0 0
 0 0 0 0 0
 0 0 0 0 0
 0 0 0 0 0
 0.450072 0.473896 0.0757376 0.000293798 0
 0 0 0 0 0
 0.463077 0.371075 0.160297 0.00555027 0
 0.529543 0.364841 0.0842815 0.0213345 0
 0.631943 0.363953 0.00410389 0 0
 0.735681 0.248677 0.0153453 0.000297389 0
 0.695825 0.281241 0.0229344 0 0
 0.275771 0.60734 0.115278 0.00161068 0
 0 0 0 0 0
 0.896147 0.0623911 0.0374545 0.00400742 0
 0.803859 0.145111 0.0509908 3.86294e-05 0
 0.739449 0.233085 0.0266225 0.000797448 4.60066e-05
 0.878498 0.100942 0.0204185 0.000141795 0
 0.694673 0.275183 0.0284847 0.00165964 0
 0.469039 0.446079 0.0841089 0.000773354 0
 0.822795 0.102175 0.0682046 0.00682512 0
 0 0 0 0 0
ppred_PELACES
 0.105434 0.571257 0.282826 0.0404793 3.14052e-06
 0.268429 0.146143 0.409632 0.155043 0.0207534
 0.0958065 0.47585 0.108026 0.228738 0.0915802
 0.489284 0.121768 0.240089 0.0396448 0.109214
 0.837785 0.116316 0.0139006 0.0203572 0.0116412
 0.432378 0.529772 0.029477 0.00266792 0.00570535
 0.903109 0.0677708 0.0277255 0.00110511 0.000289484
 0.683018 0.307032 0.007616 0.00222987 0.000104298
 0.828187 0.150757 0.0205884 0.000364003 0.000104024
 0.727393 0.254804 0.0162083 0.00156173 3.29886e-05
 0.554435 0.39388 0.0491867 0.00228846 0.000210204
 0.666905 0.264914 0.0623468 0.00557062 0.000263713
 0.807232 0.170487 0.0188499 0.00315522 0.000275299
 0.902707 0.0936629 0.00333754 0.00025028 4.23831e-05
 0.903534 0.0951232 0.00131093 2.92844e-05 2.38078e-06
 0.71447 0.278865 0.0066053 5.8196e-05 1.30554e-06
 0.653136 0.308549 0.0376752 0.000633924 5.32621e-06
 0.775905 0.19296 0.0286179 0.00247739 3.92131e-05
 0.693082 0.27975 0.0243791 0.00257748 0.000211449
 0.625176 0.323345 0.0481035 0.00305021 0.000325391
 0.715078 0.230558 0.0487425 0.00527665 0.00034516
 0.611474 0.332952 0.0473189 0.00745274 0.000802348
 0.633519 0.290114 0.0680014 0.00719394 0.00117071
 0.703469 0.240925 0.0465895 0.00808909 0.000927327
 0.181655 0.694292 0.106094 0.0152129 0.0027457
 0.62385 0.130873 0.216588 0.0247793 0.00390952
 0.185038 0.696977 0.0499006 0.0606042 0.00748003
pobs_pel_tallas
 0 0 0 0 0 0 0 0 0 0 0 0 0 0 0 0 0 0 0 0 0 0 0 0 0 0 0 0 0 0 0 0 0 0 0 0
 0 0 0 0 0 0 0 0 0 0 0 0 0 0 0 0 0 0 0 0 0 0 0 0 0 0 0 0 0 0 0 0 0 0 0 0
 0 0 0 0 0 0 0 0 0 0 0 0 0 0 0 0 0 0 0 0 0 0 0 0 0 0 0 0 0 0 0 0 0 0 0 0
 0 0 0 0 0 0 0 0 0 0 0 0 0 0 0 0 0 0 0 0 0 0 0 0 0 0 0 0 0 0 0 0 0 0 0 0
 0 0 0 0 0 0 0 0 0 0 0 0 0 0 0 0 0 0 0 0 0 0 0 0 0 0 0 0 0 0 0 0 0 0 0 0
 0 0 0 0 0 0 0 0 0 0 0 0 0 0 0 0 0 0 0 0 0 0 0 0 0 0 0 0 0 0 0 0 0 0 0 0
 0 0 0 0 0 0 0 0 0 0 0 0 0 0 0 0 0 0 0 0 0 0 0 0 0 0 0 0 0 0 0 0 0 0 0 0
 0 0 0 0 0 0 0 0 0 0 0 0 0 0 0 0 0 0 0 0 0 0 0 0 0 0 0 0 0 0 0 0 0 0 0 0
 0 0 0 0 0 0 0 0 0 0 0 0 0 0 0 0 0 0 0 0 0 0 0 0 0 0 0 0 0 0 0 0 0 0 0 0
 0 0 0 0 0 0 0 0 0 0 0 0 0 0 0 0 0 0 0 0 0 0 0 0 0 0 0 0 0 0 0 0 0 0 0 0
 0 0 0 0 0 0 0 0 1.78061e-05 0.00172719 0.00360574 0.0105946 0.0120993 0.0124554 0.0147524 0.0171206 0.0266825 0.0428682 0.0675386 0.121331 0.153587 0.119568 0.100827 0.0573624 0.0630603 0.0341343 0.0324427 0.0444173 0.0211091 0.0280891 0.0125444 0.00206551 0 0 0 0
 0 0 0 0 0 0 0 0 0 0 0 0 0 0 0 0 0 0 0 0 0 0 0 0 0 0 0 0 0 0 0 0 0 0 0 0
 0 0 0 0 0 0 0.0133647 0.0140871 0.0187388 0.0205184 0.03894 0.0496705 0.03968 0.0493445 0.0407372 0.0367815 0.0215668 0.0243155 0.0234873 0.0199281 0.019796 0.0243948 0.0301388 0.0376714 0.0412746 0.0863199 0.0771752 0.113111 0.0741005 0.0525337 0.0229764 0.00759418 0.00175318 0 0 0
 0 0 0 0 0 0 0 0 0 0 0.00219441 0.00772107 0.0458388 0.0604681 0.0671733 0.0775358 0.0609151 0.0617685 0.073594 0.0568108 0.0755445 0.0548602 0.0670107 0.0636378 0.0643287 0.046367 0.0373049 0.0286899 0.0247887 0.0153202 0.00654259 0.00121912 0.000365735 0 0 0
 0 0 0 0 0 0 0 0 0 0 0 0 0.000112435 0.00938835 0.0111873 0.0202946 0.0414886 0.0713402 0.111592 0.104902 0.108894 0.110636 0.117776 0.105296 0.107544 0.0401394 0.0192827 0.0124803 0.00416011 0.0028671 0.000618394 0 0 0 0 0
 0 0 0 0 0 0 0 0 0 0 0.00291406 0.0102884 0.027416 0.0768956 0.0749926 0.110853 0.0956884 0.0897413 0.0766577 0.0534642 0.0500743 0.0551293 0.0594112 0.0620874 0.0668451 0.0424026 0.0208742 0.0120726 0.0048766 0.00582813 0.00118941 0.000297354 0 0 0 0
 0 0.00264628 0.0354308 0.0461629 0.0458689 0.0383711 0.0214643 0.0164657 0.0346957 0.0420465 0.0363128 0.0245516 0.0311673 0.0291091 0.0169068 0.0133784 0.00837989 0.0085269 0.0148486 0.0160247 0.0276389 0.0546898 0.0760071 0.122758 0.109233 0.0665981 0.0333725 0.0166128 0.00676272 0.00308733 0.000882094 0 0 0 0 0
 0 0 0 0 0 0 0 0.000805153 0.000690131 0.00759144 0.0133425 0.0154129 0.00931677 0.000345066 0.00356568 0.00563607 0.00851162 0.0253048 0.0502646 0.0516448 0.0657925 0.0565908 0.0611916 0.0827007 0.0866115 0.110766 0.145733 0.0935128 0.0569358 0.0249597 0.0138026 0.00621118 0.00161031 0.00115022 0 0
 0 0 0 0 0 0 0 0 0 0 0 0 0 0 0 0 0 0 0 0 0 0 0 0 0 0 0 0 0 0 0 0 0 0 0 0
 0.00147267 0.00158595 0.00478618 0.00569244 0.00954404 0.0108468 0.00647125 0.017049 0.0510054 0.094081 0.124002 0.0959785 0.0687766 0.0820023 0.061753 0.0591476 0.0492212 0.0479892 0.0443925 0.0268479 0.0217502 0.0140895 0.0121071 0.0120363 0.00920419 0.00665534 0.0049561 0.00860946 0.00930331 0.0156896 0.0114698 0.00855282 0.00243557 0.00046729 0 2.83206e-05
 0 0 0 0 0.000772559 0.00158375 0.000888443 0.00281984 0.00712685 0.0440552 0.0773331 0.111326 0.0921469 0.0852325 0.0710754 0.0886704 0.0786465 0.0553345 0.0373146 0.0185414 0.00753245 0.00457741 0.012979 0.0271748 0.0457355 0.0583668 0.034881 0.0177882 0.00938659 0.00492506 0.0015258 0.00185414 0.000309023 5.79419e-05 3.86279e-05 0
 0 0.00173294 0.00326652 0 0.00397197 0.00683976 0.00946217 0.0152591 0.00757587 0.0136028 0.0228656 0.0392903 0.0559909 0.0764795 0.0681675 0.0726916 0.0566044 0.0477403 0.0527397 0.0444891 0.0609904 0.0582453 0.0661739 0.0445044 0.0529084 0.0360697 0.0280645 0.0235558 0.0158879 0.00826598 0.00280645 0.00217768 0.000904811 0.00058276 9.20147e-05 0
 0 0 0 0 0 0 0 0 0 0 0 0 0 0 0 0 0 0 0 0 0 0 0 0 0 0 0 0 0 0 0 0 0 0 0 0
 0 0 0 0 0 0 0 0 0 0 0 0 0 0 0 0 0 0 0 0 0 0 0 0 0 0 0 0 0 0 0 0 0 0 0 0
 0 0 0 0 0 0 0 0 0 0 0 0 0 0 0 0 0 0 0 0 0 0 0 0 0 0 0 0 0 0 0 0 0 0 0 0
 0 0 0 0 0 0 0 0 0 0 0 0 0 0 0 0 0 0 0 0 0 0 0 0 0 0 0 0 0 0 0 0 0 0 0 0
 0 0 0 0 0 0 0 0 0 0 0 0 0 0 0 0 0 0 0 0 0 0 0 0 0 0 0 0 0 0 0 0 0 0 0 0
ppred_pel_tallas
 1.05592e-16 4.6339e-06 2.71123e-05 0.000128702 0.000495215 0.00154401 0.00390066 0.00798581 0.0132546 0.0178529 0.0195655 0.0175866 0.0133062 0.00921473 0.00718611 0.0078033 0.010836 0.0159015 0.0226966 0.0308893 0.0399639 0.0491718 0.0576082 0.0643736 0.0687607 0.0704022 0.0693319 0.0659374 0.0608335 0.0546995 0.0481408 0.0416078 0.0353821 0.0296096 0.0243542 0.0196432
 1.1216e-16 1.17241e-05 6.87769e-05 0.000326867 0.00125834 0.0039239 0.00991154 0.0202814 0.0336228 0.0451673 0.0491849 0.0434657 0.0312924 0.0186268 0.00973428 0.00550447 0.00476546 0.00612908 0.00878488 0.0124138 0.0168883 0.0220811 0.0277972 0.0337729 0.0396986 0.0452475 0.0501011 0.0539671 0.0565956 0.0577956 0.0574565 0.0555691 0.0522427 0.0477029 0.0422734 0.0363359
 1.13828e-16 4.20932e-06 2.46306e-05 0.000116929 0.000449924 0.00140281 0.00354387 0.007255 0.0120404 0.0162134 0.0177584 0.0159378 0.0120061 0.00821403 0.00624811 0.00661962 0.00910285 0.0133423 0.0190721 0.0260263 0.0338036 0.0418219 0.049379 0.0557817 0.0604935 0.0632448 0.0640709 0.0632587 0.0612339 0.0584256 0.0551618 0.0516236 0.0478617 0.0438534 0.0395715 0.0350355
 1.09914e-16 2.1353e-05 0.00012531 0.00059564 0.0022932 0.00715108 0.0180631 0.0369597 0.061266 0.0822824 0.0895496 0.0790131 0.0566132 0.0331495 0.0163009 0.0075628 0.00464966 0.00487375 0.00661743 0.00920649 0.0123932 0.016028 0.019943 0.0239384 0.0278029 0.0313367 0.0343673 0.0367539 0.038385 0.0391757 0.0390713 0.0380567 0.0361698 0.033509 0.0302322 0.0265427
 1.01479e-16 3.65487e-05 0.000214524 0.00101977 0.00392623 0.0122436 0.0309263 0.0632787 0.104889 0.140856 0.15326 0.135141 0.0966383 0.0561971 0.0268959 0.0112033 0.00509332 0.00384001 0.00455434 0.00598758 0.00766769 0.00935516 0.0108534 0.011987 0.012629 0.0127282 0.012319 0.0115075 0.0104405 0.00926837 0.00811278 0.00705021 0.00611094 0.00529044 0.00456611 0.00391249
 1.0095e-16 1.88879e-05 0.000110801 0.00052658 0.00202716 0.00632135 0.0159677 0.0326755 0.054176 0.0727954 0.0793176 0.0702057 0.0507831 0.030701 0.0168855 0.0108159 0.0106129 0.0139717 0.0193974 0.0260384 0.0332089 0.0401368 0.0459642 0.049889 0.0513449 0.0501386 0.0464982 0.0410081 0.0344603 0.0276695 0.0213131 0.0158362 0.0114339 0.00809477 0.00567595 0.00397898
 1.00468e-16 3.93952e-05 0.00023124 0.00109925 0.00423226 0.013198 0.0333369 0.0682106 0.113062 0.151826 0.165183 0.145621 0.104062 0.06037 0.0286233 0.0114572 0.00450669 0.00266016 0.00280208 0.00360928 0.00462343 0.0056609 0.00659641 0.0073213 0.00775368 0.00785413 0.00763261 0.0071423 0.00646363 0.005684 0.00488023 0.0041082 0.00340076 0.0027719 0.00222358 0.00175213
 1.0029e-16 2.98079e-05 0.000174931 0.000831509 0.0032013 0.00998289 0.0252162 0.0515968 0.0855317 0.11488 0.125046 0.110381 0.0791905 0.0465716 0.0232644 0.0113716 0.00769711 0.0084438 0.0112486 0.0149929 0.0190847 0.0230292 0.0263201 0.0284925 0.0292213 0.0284002 0.0261694 0.0228772 0.0189919 0.0149942 0.0112823 0.00811671 0.00560899 0.00374767 0.0024425 0.00156967
 1.00359e-16 3.61316e-05 0.000212072 0.00100811 0.00388131 0.0121035 0.0305725 0.062555 0.103691 0.13925 0.15152 0.133626 0.0955979 0.0556779 0.026808 0.011443 0.00561624 0.00466382 0.0057261 0.00754851 0.00962545 0.0116649 0.0134092 0.014626 0.015149 0.0149161 0.0139829 0.0125057 0.0107007 0.00879264 0.00697097 0.00536332 0.00403039 0.00297743 0.00217406 0.00157426
 1.00369e-16 3.17408e-05 0.000186284 0.000885491 0.00340916 0.0106311 0.0268534 0.0549464 0.0910822 0.122328 0.133137 0.117483 0.0841985 0.0493413 0.0243232 0.0113529 0.00699761 0.0071949 0.00943096 0.0125487 0.0159878 0.0193223 0.0221292 0.0240206 0.0247229 0.0241419 0.0223864 0.0197366 0.016573 0.0132879 0.0102082 0.00754982 0.00540887 0.00378222 0.00260319 0.00177773
 1.00916e-16 2.42047e-05 0.000142028 0.000675062 0.00259891 0.00810434 0.0204712 0.0418889 0.0694435 0.0932847 0.101575 0.089747 0.0645713 0.0383447 0.0198425 0.0108388 0.00880587 0.0107097 0.0146397 0.0196334 0.0250829 0.0303932 0.0349221 0.0380678 0.0393984 0.0387539 0.036283 0.0323974 0.0276646 0.0226744 0.0179224 0.0137414 0.010288 0.00757269 0.00551262 0.00398399
 1.01176e-16 2.91037e-05 0.000170801 0.000811881 0.00312573 0.00974727 0.0246209 0.0503786 0.0835115 0.112164 0.122083 0.10775 0.0772691 0.0453741 0.0225426 0.0108187 0.00707532 0.00760588 0.0101166 0.0135448 0.0173589 0.0211334 0.0244324 0.0268462 0.028073 0.0279868 0.0266627 0.0243492 0.0213999 0.0181878 0.0150315 0.0121507 0.00965885 0.00758108 0.00588691 0.00452122
 1.00445e-16 3.52187e-05 0.00020671 0.000982617 0.00378315 0.0117974 0.0297993 0.0609732 0.101069 0.135731 0.147698 0.130268 0.0932245 0.054354 0.0262799 0.0114049 0.00587297 0.00514467 0.00643256 0.00850354 0.0108428 0.0131337 0.0150875 0.016443 0.0170139 0.0167319 0.0156626 0.013985 0.0119451 0.00979815 0.00775765 0.00596622 0.00448975 0.00333091 0.00245215 0.00179875
 1.00089e-16 3.93787e-05 0.00023114 0.00109878 0.00423041 0.0131922 0.0333224 0.068181 0.113014 0.151764 0.16512 0.145579 0.104059 0.0604247 0.028754 0.0116901 0.00487724 0.0032085 0.00356371 0.0046025 0.00583642 0.00704195 0.00805125 0.00872031 0.00894936 0.00870545 0.00803072 0.00703067 0.00584768 0.00462798 0.00349302 0.00252245 0.00175084 0.0011754 0.000769366 0.000495668
 1.00051e-16 3.94148e-05 0.000231352 0.00109978 0.00423429 0.0132043 0.0333529 0.0682435 0.113118 0.151903 0.165272 0.145713 0.104157 0.060484 0.0287872 0.0117121 0.00489924 0.00323692 0.00360161 0.00465055 0.00589305 0.00710308 0.00811033 0.00876888 0.0089782 0.00870613 0.0079972 0.00696058 0.00574282 0.00449407 0.00333874 0.00235796 0.00158628 0.00101959 0.000628905 0.00037462
 1.00187e-16 3.11782e-05 0.000182979 0.000869775 0.00334864 0.0104424 0.0263768 0.0539712 0.0894665 0.120161 0.130784 0.115422 0.0827552 0.0485628 0.0240642 0.0114403 0.00732977 0.00774824 0.0102238 0.0136046 0.0173107 0.0208823 0.0238575 0.0258133 0.0264547 0.0256858 0.0236349 0.0206196 0.0170672 0.0134161 0.0100297 0.00714602 0.00486717 0.00318284 0.00201045 0.00123629
 1.00658e-16 2.8505e-05 0.000167282 0.000795144 0.00306128 0.00954625 0.0241133 0.0493402 0.0817915 0.109858 0.119584 0.10557 0.075762 0.0446017 0.0223672 0.0110787 0.00769047 0.00858112 0.0114973 0.0153698 0.0196248 0.023773 0.0273067 0.029754 0.0307766 0.0302501 0.028292 0.0252264 0.0214995 0.017575 0.0138424 0.0105634 0.00786103 0.00574314 0.00414389 0.00296495
 1.00557e-16 3.38536e-05 0.000198694 0.000944502 0.00363639 0.0113397 0.0286433 0.0586081 0.0971497 0.13047 0.14198 0.125242 0.0896651 0.052354 0.0254538 0.0112878 0.00616307 0.00572634 0.00730015 0.00968857 0.0123714 0.0150055 0.0172668 0.0188585 0.0195672 0.0193114 0.01816 0.0163098 0.0140341 0.0116175 0.00930014 0.00724396 0.00552663 0.00415607 0.0030957 0.00228957
 1.00536e-16 3.02457e-05 0.000177504 0.000843746 0.00324842 0.0101298 0.0255873 0.052356 0.0867894 0.116566 0.126875 0.111978 0.0803004 0.0471514 0.0234193 0.011226 0.00731734 0.00783452 0.010384 0.013849 0.017663 0.0213706 0.0245098 0.026654 0.0275005 0.0269417 0.0250914 0.0222507 0.0188312 0.0152581 0.0118869 0.00895366 0.00656562 0.00472339 0.0033594 0.00237674
 1.00909e-16 2.72865e-05 0.000160127 0.000761123 0.00293028 0.00913775 0.0230814 0.0472291 0.0782928 0.105161 0.114479 0.101079 0.0725759 0.0427994 0.0215995 0.0109236 0.00786987 0.00898244 0.0121071 0.0162112 0.0207224 0.0251359 0.0289217 0.0315843 0.032766 0.0323307 0.0303938 0.0272857 0.0234646 0.0194084 0.0155198 0.0120707 0.0091917 0.0068962 0.0051228 0.00377736
 1.00965e-16 3.12028e-05 0.000183128 0.000870492 0.00335141 0.010451 0.0263986 0.0540156 0.0895387 0.120254 0.130876 0.115478 0.0827431 0.0484506 0.0238146 0.0110018 0.00663411 0.00671892 0.00879337 0.0117377 0.0150282 0.0182798 0.0211104 0.0231642 0.0241805 0.0240527 0.0228505 0.0207949 0.018198 0.0153877 0.0126429 0.010155 0.00802041 0.00625744 0.00483499 0.00370038
 1.01074e-16 2.66894e-05 0.000156621 0.000744452 0.00286609 0.00893757 0.0225758 0.0461946 0.0765784 0.10286 0.111978 0.0988806 0.0710181 0.0419227 0.0212348 0.0108665 0.00798708 0.00922166 0.0124638 0.0166971 0.0213468 0.0258975 0.0298047 0.0325592 0.0337936 0.0333681 0.0314017 0.0282338 0.0243349 0.0201947 0.0162249 0.0127025 0.00975911 0.00740621 0.00557955 0.00418236
 1.01362e-16 2.7649e-05 0.000162258 0.000771261 0.00296933 0.00925952 0.023389 0.0478581 0.0793345 0.106557 0.11599 0.102394 0.0734775 0.0432457 0.0216677 0.0107027 0.00739782 0.00824477 0.0110663 0.0148385 0.0190222 0.0231622 0.0267833 0.0294374 0.0307942 0.0307154 0.0292832 0.0267688 0.0235584 0.0200593 0.0166185 0.0134757 0.0107538 0.00847959 0.00661969 0.00511413
 1.01062e-16 3.0697e-05 0.000180158 0.000856368 0.00329703 0.0102815 0.0259702 0.0531391 0.0880864 0.118305 0.128757 0.113617 0.081427 0.0477149 0.0235182 0.0109743 0.00676606 0.00696984 0.00916271 0.0122371 0.0156648 0.0190481 0.021989 0.0241168 0.0251608 0.0250117 0.0237449 0.0215932 0.0188843 0.0159615 0.0131156 0.0105443 0.00834566 0.0065354 0.00507783 0.00391532
 1.02384e-16 7.96203e-06 4.66411e-05 0.000221522 0.000852554 0.00265834 0.00671548 0.013746 0.0228052 0.0306864 0.0335502 0.0299677 0.022268 0.0146424 0.0101833 0.00972694 0.0126958 0.018272 0.0258435 0.0348662 0.0446287 0.0541716 0.0623813 0.0681978 0.0708527 0.07005 0.0660316 0.0594987 0.0514255 0.0428272 0.0345593 0.0271982 0.0210201 0.0160537 0.0121709 0.00917653
 1.04152e-16 2.72212e-05 0.000159761 0.000759418 0.00292378 0.00911752 0.0230301 0.0471227 0.0781114 0.104902 0.114157 0.1007 0.072097 0.0421036 0.02049 0.00913515 0.00508992 0.00488698 0.00642164 0.00879538 0.0116624 0.0148166 0.0180475 0.0211261 0.0238325 0.0259873 0.0274709 0.0282263 0.0282504 0.0275787 0.0262738 0.0244199 0.022123 0.0195099 0.016725 0.0139186
 1.03368e-16 8.10945e-06 4.75068e-05 0.000225638 0.000868405 0.00270777 0.00684034 0.0140014 0.0232286 0.0312549 0.0341684 0.030512 0.0226552 0.0148632 0.01028 0.00974987 0.0126761 0.0182175 0.0257456 0.034706 0.0443814 0.0538103 0.0618825 0.0675485 0.0700581 0.0691399 0.0650638 0.0585562 0.050608 0.0422375 0.0342863 0.027302 0.0215204 0.0169261 0.0133512 0.0105714
pSPR Fmed_Fpbrs
0.508487   0.6 0.325
Fs Fmed_Fpbrs
0.64   0.433144 1.50337
SSBpbr Bo_Bmed_Bpbrs
526414  241354  289528 144764
Ro
19148.9
SPR SPRFo_SPRFmed_SPRFpbrs
395506 201110 128539
log_Ro
9.68
likeval ReclasPelacesDesembMPH_pf_preclas_ppelaces_ptallas_desvR_qrecl_qpela
 78.2088 10.9365 0.239635 37.4191 380.291 224.082 59.265 0 38.6199 0.000152151 0.000371771 2.02451e-14 0 0 0
q_reclas_q_pelaces
5.74261 15.5359
M
0.7
N
 13377.2 34096.1 12547.3 1652.94 0.126003
 23253.5 6514.57 13955.3 4866.01 639.994
 2317.29 11187.7 2364.38 4640.9 1825.99
 5493.12 1022.99 1731.39 264.347 715.602
 37580.4 2512.32 224.783 303.068 170.286
 12901.3 18243.7 996.679 83.7625 176.039
 63533.2 5564.72 2243.07 83.0274 21.3742
 50861.4 27362 673.945 183.289 8.42532
 77611.9 21830.6 3204.54 52.7585 14.8184
 110524 32180.8 1815.36 161.898 3.36058
 59763.2 49835.9 6142.57 265.413 23.9591
 54689.7 25718.7 5990.08 497.089 23.1268
 53933.8 23508.2 3056.12 477.708 40.9684
 28858.3 21504.7 1326.49 94.0304 15.6559
 13545.3 9720.72 228.176 4.81585 0.384938
 9126.17 4594.97 110.616 0.905932 0.0199736
 6134.83 3877.58 486.682 7.6148 0.062879
 8076.54 2593.76 391.093 31.4716 0.489572
 9165.6 3431.11 274.331 26.8738 2.16653
 8028.96 4072.04 565.486 33.242 3.48494
 16217.6 3540.28 622.83 62.2816 4.00329
 20365.7 7518.34 889.54 129.417 13.6909
 28194.7 9439.57 1885.6 184.401 29.4883
 51037.2 12935.7 2139.86 343.49 38.6947
 9950.32 23377.4 2884.93 381.756 67.7034
 29107.1 4673.54 6685.78 707.404 109.675
 2469.92 13271.8 996.349 1125.93 136.58
pred_Ctot
 186.087 4358.56 2004.82 265.733 0.0202599
 521.816 1283.82 3392.21 1189.6 156.481
 186.252 5908.71 1429.1 2814.83 1107.61
 313.544 429.486 854.609 131.038 354.763
 606.341 368.093 41.0208 55.6413 31.2681
 1229.21 10656.9 656.312 55.325 116.282
 6114.65 3269.05 1484.09 55.099 14.1855
 5004.1 16272.4 450.492 122.879 5.64887
 9307.15 14381.7 2329.21 38.4407 10.7976
 7352.27 15032.6 985.67 88.2495 1.83201
 5780.79 29359.1 4073.69 176.547 15.9383
 5330.05 15215 3986.52 331.808 15.4383
 7741.04 16780.6 2366.49 370.641 31.7878
 6826.36 18000.2 1157 82.096 13.6691
 3154.97 8107.17 198.496 4.19359 0.335209
 956.197 2827.37 76.0576 0.624638 0.0137727
 661.723 2422.61 338.854 5.31619 0.0439012
 846.949 1596.72 269.009 21.7077 0.337708
 698.839 1753.04 161.127 15.841 1.2772
 651.493 2163.31 343.531 20.264 2.12457
 778.027 1307.38 273.592 27.485 1.76686
 979.589 2781.96 391.462 57.2159 6.05351
 1549.91 3856.84 908.182 89.2015 14.2661
 2861.95 5361.96 1044.14 168.327 18.9643
 388.851 7357.62 1093.14 145.374 25.7849
 1720.71 2011.77 3375.08 358.604 55.6033
 279.736 8501.23 707.96 802.102 97.304
F
 0.0195102 0.193319 0.247228 0.248927 0.248969
 0.0316417 0.313525 0.400954 0.40371 0.403778
 0.117664 1.16589 1.49101 1.50126 1.50151
 0.0822874 0.815354 1.04272 1.04989 1.05007
 0.0226605 0.224534 0.287148 0.289121 0.28917
 0.140885 1.39598 1.78526 1.79753 1.79783
 0.142407 1.41105 1.80454 1.81694 1.81725
 0.145791 1.44459 1.84742 1.86012 1.86043
 0.180351 1.78703 2.28536 2.30107 2.30145
 0.0964945 0.956127 1.22275 1.23115 1.23136
 0.143171 1.41863 1.81423 1.8267 1.827
 0.144326 1.43007 1.82886 1.84143 1.84174
 0.219487 2.17482 2.78128 2.8004 2.80087
 0.388138 3.84591 4.91838 4.95218 4.95301
 0.381077 3.77595 4.82891 4.86209 4.86291
 0.155936 1.54511 1.97597 1.98955 1.98989
 0.160872 1.59402 2.03853 2.05254 2.05288
 0.156079 1.54653 1.97779 1.99139 1.99172
 0.111313 1.10295 1.41052 1.42022 1.42046
 0.118849 1.17763 1.50602 1.51637 1.51662
 0.068754 0.681257 0.871232 0.877219 0.877367
 0.06894 0.6831 0.873589 0.879593 0.879741
 0.0791401 0.784169 1.00284 1.00973 1.0099
 0.0807874 0.800491 1.02372 1.03075 1.03092
 0.0556874 0.551785 0.705655 0.710505 0.710624
 0.0853374 0.845575 1.08137 1.0888 1.08899
 0.169546 1.67997 2.14844 2.1632 2.16357
Np
 12336.3 5921.56 367.261 396.756 24.5755
YTP_r0W_actual
 487.052 60030.6 8061.07 11699.3 1575.1
YTP_p0W_proyectada
 2432.62 4682.59 9938.18 599.787 783.543
 2432.62 26784.1 2971.36 4122.6 283.417
CTP_r0_actual
 59.3966 2779.2 256.722 291.753 35.3955
CTP_p0_proyectada
 296.661 216.787 316.503 14.9573 17.6077
 296.661 1240.01 94.6294 102.808 6.36891
Wmedp
 8.2 21.6 31.4 40.1 44.5
nmprior
 10.8 10.6 4.6 0
nm_flota  nm_reclas  nm_pelaces    nm_pelaL
inf 16.0459 10.3579 26.3864
cv_recla  cv_pelaces  cv_mph
0.765876 0.362269 0.49046
 ------------------------------------------------
Talla a la edad & desviaci?n 
 7.2 14.2025 17.0495 18.207 18.6776
 1.08 2.13037 2.55742 2.73105 2.80164
