years
 1997 1998 1999 2000 2001 2002 2003 2004 2005 2006 2007 2008 2009 2010 2011 2012 2013 2014 2015 2016 2017 2018 2019 2020 2021 2022 2023
reclasobs
 0 0 0 370054 412103 1.49427e+06 250295 1.28982e+06 931140 785840 897777 1.04006e+06 184774 17550 25797 100020 73551 82996 120727 218422 84188 347160 605670 569463 516374 1.08416e+06 1.01767e+06
reclaspred
 2.38845e+06 396718 686904 203957 257842 339128 640763 581217 652093 935441 989514 703769 399437 145003 84823.1 93222.6 85931.9 95897.2 121619 144921 209956 246233 437225 546152 852195 686157 286970
pelacesobs
 0 0 0 0 0 0 0 0 0 2.06254e+06 1.5e+06 0 1.87456e+06 323000 250000 174000 83755 137374 0 501740 490994 745055 786931 1.00524e+06 1.33801e+06 1.41789e+06 0
pelacespred
 4.38397e+06 1.46327e+06 659046 444676 728860 529668 1.97921e+06 1.56922e+06 1.79608e+06 2.61504e+06 2.0474e+06 1.54153e+06 946330 287012 181077 187218 169028 207622 251846 274908 542212 557237 749150 1.17154e+06 1.60887e+06 1.27269e+06 379052
mphobs
 0 0 0 0 0 0 112323 0 153150 637223 0 255016 313432 73983 77613 109348 50772 17779 17303 59886 28197 0 207744 136588 643089 65757 70829
mphpred
 553624 220911 178744 72667.5 56255.7 148236 170429 303741 270221 356451 438847 287712 185510 133288 59013.1 48412.8 37109.1 40107.8 35796.2 37012.5 49996.6 74749.3 93053.5 136866 202573 141007 103047
desembarqueobs
 350755 77701 442110 56441 14545 235359 269955 359681 431902 328805 639364 411747 362871 311530 167758 66681 60226 58785 57116 73181 50977 67692 138656 160484 209506 203330 245020
desembarquepred
 350732 77662.4 441509 56415.9 14543.2 235200 269872 359044 431291 328567 638296 411042 362273 310786 167308 66629.1 60206.1 58684.4 57009.6 73101.4 50957.7 67613.7 138576 160390 209386 203098 244667
Reclutas
 14437.5 42207.3 3036.63 6439.29 37292.7 13484.1 63178.9 51574.3 80082.5 110758 60395.2 54438.4 53295 28520.4 13680.3 9255.73 6136 8179.76 9323.2 8363.73 16520.4 21045.7 29186.9 51553.1 10602.8 28553.3 3086.07
log_desv_Rt
 -0.342417 0.730348 -1.9015 -1.14983 0.606554 -0.410731 1.13372 0.93078 1.37081 1.69511 1.08867 0.984826 0.963598 0.338376 -0.396291 -0.787001 -1.19807 -0.910581 -0.779739 -0.88834 -0.207647 0.034452 0.361477 0.930367 -0.651126 0.339526 -1.88535
SSB
 719449 287081 232283 94433.4 73105.8 192637 211231 386982 336551 449702 570294 373890 253848 138025 65622.4 53435.3 44797.1 45024.6 58236.3 66035.9 80284.3 115558 150216 205661 346105 259363 175468
BT
 1.24707e+06 423646 363345 154654 255828 302997 1.02087e+06 886829 1.07456e+06 1.17766e+06 1.15274e+06 849100 683468 390173 205506 111676 101780 118822 119558 134730 216272 198440 288395 473648 491104 478500 272072
Ftot
 0.463285 0.746041 1.73943 0.976306 0.260302 1.8124 1.77182 1.92363 2.30757 1.23046 1.84558 1.81239 2.7656 4.95303 4.95303 2.02838 2.06572 2.00152 1.4398 1.51639 0.860169 0.876697 0.99366 1.01098 0.714898 1.03233 2.14671
BD_Bspro_t
 0.943759 0.66794 0.522091 0.186051 0.238693 0.495638 0.374434 0.470194 0.391164 0.419362 0.438848 0.281213 0.21137 0.139662 0.0807415 0.0808079 0.0946481 0.132301 0.204745 0.271378 0.340156 0.48973 0.511685 0.515049 0.570896 0.424172 0.327062
BD_Bspro
 1.71313 0.683587 0.553105 0.224862 0.174077 0.458701 0.502977 0.921468 0.801385 1.07081 1.35797 0.890294 0.604454 0.32866 0.156258 0.127238 0.106669 0.107211 0.13867 0.157242 0.19117 0.275162 0.357689 0.489712 0.824133 0.617587 0.417818
BD_Bo
 1.5166 0.605165 0.489653 0.199065 0.154107 0.406079 0.445275 0.815756 0.70945 0.94797 1.20218 0.788159 0.535111 0.290956 0.138332 0.112642 0.0944321 0.0949118 0.122762 0.139203 0.169239 0.243596 0.316655 0.433532 0.729589 0.546737 0.369886
BD_Brms
 2.75745 1.1003 0.890278 0.361937 0.280194 0.738325 0.809591 1.48319 1.28991 1.72358 2.18578 1.43302 0.972929 0.52901 0.251512 0.204803 0.171695 0.172567 0.223204 0.253097 0.307707 0.442901 0.575736 0.78824 1.32652 0.994068 0.67252
S_f
 0.0759719 0.728361 0.988694 0.999649 0.999989
 0.0759719 0.728361 0.988694 0.999649 0.999989
 0.0759719 0.728361 0.988694 0.999649 0.999989
 0.0759719 0.728361 0.988694 0.999649 0.999989
 0.0759719 0.728361 0.988694 0.999649 0.999989
 0.0759719 0.728361 0.988694 0.999649 0.999989
 0.0759719 0.728361 0.988694 0.999649 0.999989
 0.0759719 0.728361 0.988694 0.999649 0.999989
 0.0759719 0.728361 0.988694 0.999649 0.999989
 0.0759719 0.728361 0.988694 0.999649 0.999989
 0.0759719 0.728361 0.988694 0.999649 0.999989
 0.0759719 0.728361 0.988694 0.999649 0.999989
 0.0759719 0.728361 0.988694 0.999649 0.999989
 0.0759719 0.728361 0.988694 0.999649 0.999989
 0.0759719 0.728361 0.988694 0.999649 0.999989
 0.0759719 0.728361 0.988694 0.999649 0.999989
 0.0759719 0.728361 0.988694 0.999649 0.999989
 0.0759719 0.728361 0.988694 0.999649 0.999989
 0.0759719 0.728361 0.988694 0.999649 0.999989
 0.0759719 0.728361 0.988694 0.999649 0.999989
 0.0759719 0.728361 0.988694 0.999649 0.999989
 0.0759719 0.728361 0.988694 0.999649 0.999989
 0.0759719 0.728361 0.988694 0.999649 0.999989
 0.0759719 0.728361 0.988694 0.999649 0.999989
 0.0759719 0.728361 0.988694 0.999649 0.999989
 0.0759719 0.728361 0.988694 0.999649 0.999989
 0.0759719 0.728361 0.988694 0.999649 0.999989
Scru_reclas
 0.125011 0.418272 0.783481 0.947946 0.989206
 0.125011 0.418272 0.783481 0.947946 0.989206
 0.125011 0.418272 0.783481 0.947946 0.989206
 0.125011 0.418272 0.783481 0.947946 0.989206
 0.125011 0.418272 0.783481 0.947946 0.989206
 0.125011 0.418272 0.783481 0.947946 0.989206
 0.125011 0.418272 0.783481 0.947946 0.989206
 0.125011 0.418272 0.783481 0.947946 0.989206
 0.125011 0.418272 0.783481 0.947946 0.989206
 0.125011 0.418272 0.783481 0.947946 0.989206
 0.125011 0.418272 0.783481 0.947946 0.989206
 0.125011 0.418272 0.783481 0.947946 0.989206
 0.125011 0.418272 0.783481 0.947946 0.989206
 0.125011 0.418272 0.783481 0.947946 0.989206
 0.125011 0.418272 0.783481 0.947946 0.989206
 0.125011 0.418272 0.783481 0.947946 0.989206
 0.125011 0.418272 0.783481 0.947946 0.989206
 0.125011 0.418272 0.783481 0.947946 0.989206
 0.125011 0.418272 0.783481 0.947946 0.989206
 0.125011 0.418272 0.783481 0.947946 0.989206
 0.125011 0.418272 0.783481 0.947946 0.989206
 0.125011 0.418272 0.783481 0.947946 0.989206
 0.125011 0.418272 0.783481 0.947946 0.989206
 0.125011 0.418272 0.783481 0.947946 0.989206
 0.125011 0.418272 0.783481 0.947946 0.989206
 0.125011 0.418272 0.783481 0.947946 0.989206
 0.125011 0.418272 0.783481 0.947946 0.989206
Scru_pelaces
 0.287232 0.669755 0.910766 0.980903 0.996146
 0.287232 0.669755 0.910766 0.980903 0.996146
 0.287232 0.669755 0.910766 0.980903 0.996146
 0.287232 0.669755 0.910766 0.980903 0.996146
 0.287232 0.669755 0.910766 0.980903 0.996146
 0.287232 0.669755 0.910766 0.980903 0.996146
 0.287232 0.669755 0.910766 0.980903 0.996146
 0.287232 0.669755 0.910766 0.980903 0.996146
 0.287232 0.669755 0.910766 0.980903 0.996146
 0.287232 0.669755 0.910766 0.980903 0.996146
 0.287232 0.669755 0.910766 0.980903 0.996146
 0.287232 0.669755 0.910766 0.980903 0.996146
 0.287232 0.669755 0.910766 0.980903 0.996146
 0.287232 0.669755 0.910766 0.980903 0.996146
 0.287232 0.669755 0.910766 0.980903 0.996146
 0.287232 0.669755 0.910766 0.980903 0.996146
 0.287232 0.669755 0.910766 0.980903 0.996146
 0.287232 0.669755 0.910766 0.980903 0.996146
 0.287232 0.669755 0.910766 0.980903 0.996146
 0.287232 0.669755 0.910766 0.980903 0.996146
 0.287232 0.669755 0.910766 0.980903 0.996146
 0.287232 0.669755 0.910766 0.980903 0.996146
 0.287232 0.669755 0.910766 0.980903 0.996146
 0.287232 0.669755 0.910766 0.980903 0.996146
 0.287232 0.669755 0.910766 0.980903 0.996146
 0.287232 0.669755 0.910766 0.980903 0.996146
 0.287232 0.669755 0.910766 0.980903 0.996146
pf_obs 
 0.256992 0.487395 0.22802 0.0275931 0
 0.321318 0.546541 0.124235 0.00734118 0.000564706
 0.182869 0.594174 0.210203 0.0122559 0.00049798
 0.330522 0.361315 0.267642 0.0388342 0.00168674
 0.649043 0.306663 0.0425973 0.00169635 0
 0.582887 0.30429 0.105238 0.00758474 0
 0.465427 0.430635 0.0974691 0.00646863 0
 0.296916 0.608066 0.0921331 0.00288517 0
 0.311714 0.524322 0.152257 0.0117073 0
 0.15457 0.633149 0.183074 0.0267441 0.00246327
 0.131901 0.49318 0.331252 0.0422183 0.00144891
 0.196976 0.569456 0.194076 0.0375587 0.00193317
 0.518974 0.381816 0.0799577 0.0180837 0.00116848
 0.0928022 0.601141 0.25162 0.0475244 0.00691264
 0.122501 0.610282 0.24278 0.0234846 0.000952079
 0.383417 0.481906 0.127806 0.00687128 0
 0.0376549 0.599619 0.316969 0.0457579 0
 0.0361596 0.667082 0.258105 0.0386534 0
 0.158088 0.579412 0.248529 0.0139706 0
 0.0477256 0.309471 0.559284 0.082774 0.000745712
 0.0406174 0.521527 0.379366 0.0568643 0.0016247
 0.151134 0.462217 0.34131 0.0453401 0
 0.294876 0.26143 0.354403 0.0886775 0.000613685
 0.281977 0.475581 0.204845 0.0348837 0.00271318
 0.0841818 0.532909 0.334909 0.0458182 0.00218182
 0.115287 0.27431 0.454777 0.147771 0.00785563
 0 0 0 0 0
pf_pred 
 0.0518146 0.631296 0.2794 0.0374838 5.27021e-06
 0.217149 0.278541 0.374515 0.114626 0.0151695
 0.0193602 0.779803 0.0918635 0.0812573 0.0277155
 0.143345 0.217062 0.561396 0.0362348 0.0419622
 0.499976 0.354531 0.0507491 0.08334 0.0114038
 0.0998994 0.817654 0.0639227 0.0065144 0.0120099
 0.539448 0.305508 0.147097 0.00619562 0.00175101
 0.23304 0.735435 0.0247213 0.00646333 0.000340758
 0.359481 0.544788 0.0936303 0.00165603 0.000444264
 0.306873 0.641489 0.0475713 0.00397965 8.67025e-05
 0.146441 0.733033 0.114954 0.00514164 0.000430945
 0.207145 0.602939 0.174574 0.0146493 0.000692679
 0.274425 0.60931 0.0994505 0.0154869 0.00132789
 0.255058 0.687758 0.0527889 0.00377779 0.000617655
 0.275532 0.701986 0.0220056 0.000441631 3.47686e-05
 0.248748 0.727571 0.0234846 0.000193038 3.95218e-06
 0.18947 0.700843 0.107878 0.00179384 1.46531e-05
 0.308194 0.572936 0.110067 0.00866168 0.000141361
 0.266422 0.658606 0.0676997 0.0067469 0.000525639
 0.207636 0.668763 0.115958 0.0069154 0.000727152
 0.319002 0.543014 0.124792 0.0123933 0.000799045
 0.233971 0.646397 0.102773 0.015271 0.00158761
 0.240332 0.591608 0.150189 0.0153888 0.00248213
 0.294802 0.562334 0.121177 0.0194172 0.00226972
 0.0452326 0.797499 0.135624 0.0184084 0.00323618
 0.210708 0.267848 0.461295 0.0519826 0.0081669
 0.032797 0.789322 0.0803305 0.0864775 0.0110729
pobs_RECLAS
 0 0 0 0 0
 0 0 0 0 0
 0 0 0 0 0
 0 0 0 0 0
 0.835266 0.146461 0.0176864 0.000547809 3.91292e-05
 0.385257 0.428462 0.181853 0.0044286 0
 0.867414 0.0963971 0.0333333 0.00285562 0
 0.441836 0.489002 0.0689373 0.000224442 0
 0.779404 0.147425 0.0564933 0.0165055 0.000172143
 0.814271 0.122319 0.05973 0.00367925 0
 0.40263 0.566651 0.0304383 0.000280538 0
 0.475488 0.404961 0.113038 0.00651328 0
 0.955842 0.0263864 0.0167828 0.000988607 0
 0.975058 0.0227948 0.00214734 0 0
 0.738997 0.206755 0.0527124 0.00153531 0
 0.850938 0.134255 0.0134407 0.00136685 0
 0.542534 0.407297 0.0501686 0 0
 0.764087 0.199537 0.0359546 0.000420521 0
 0.470689 0.182191 0.310203 0.0369168 0
 0.84361 0.089868 0.0606195 0.00523954 0.000663233
 0.607945 0.314616 0.071237 0.00620181 0
 0.523733 0.453247 0.0230204 0 0
 0.530135 0.295979 0.169645 0.0042399 0
 0.562478 0.366248 0.0663022 0.0049721 0
 0.250443 0.683176 0.0655157 0.000865301 0
 0.195077 0.31981 0.436473 0.0351445 0.0134964
 0.565238 0.351407 0.0832357 0.000118908 0
ppred_RECLAS
 0.123829 0.515056 0.311175 0.0499324 7.32346e-06
 0.394154 0.169552 0.308026 0.112709 0.0155592
 0.055868 0.691248 0.104066 0.109766 0.0390513
 0.284062 0.141832 0.490564 0.0378358 0.0457059
 0.713904 0.174691 0.0343295 0.0674472 0.0096275
 0.261071 0.651216 0.0647267 0.00786389 0.0151219
 0.777174 0.134733 0.0827149 0.0041539 0.00122452
 0.499153 0.474142 0.020099 0.00626226 0.000344367
 0.653769 0.284745 0.059873 0.00126023 0.000352618
 0.572193 0.386154 0.0377913 0.00377551 8.58005e-05
 0.352138 0.535233 0.106457 0.00567597 0.000496208
 0.444861 0.394624 0.145266 0.0145323 0.000716729
 0.575282 0.34516 0.0662135 0.0122483 0.00109529
 0.649576 0.324899 0.023236 0.00195501 0.000333252
 0.672613 0.317865 0.0092844 0.000219064 1.79811e-05
 0.524859 0.456521 0.0184358 0.000180524 3.855e-06
 0.43297 0.474162 0.0910495 0.00180337 1.53646e-05
 0.587938 0.326047 0.0785274 0.0073624 0.000125326
 0.525977 0.411757 0.055171 0.00656242 0.000533295
 0.442854 0.448339 0.100843 0.00717633 0.000787096
 0.567096 0.32111 0.0992233 0.011778 0.000792128
 0.464564 0.426414 0.0910901 0.0161772 0.00175436
 0.470621 0.38147 0.1294 0.0158429 0.00266557
 0.541578 0.3397 0.0977292 0.0187114 0.00228153
 0.116955 0.692991 0.159436 0.0258731 0.00474468
 0.395893 0.165202 0.379444 0.0510883 0.00837251
 0.0976554 0.689095 0.0869312 0.111436 0.0148825
pobs_PELACES
 0 0 0 0 0
 0 0 0 0 0
 0 0 0 0 0
 0 0 0 0 0
 0 0 0 0 0
 0 0 0 0 0
 0 0 0 0 0
 0 0 0 0 0
 0 0 0 0 0
 0 0 0 0 0
 0.450072 0.473896 0.0757376 0.000293798 0
 0 0 0 0 0
 0.463077 0.371075 0.160297 0.00555027 0
 0.529543 0.364841 0.0842815 0.0213345 0
 0.631943 0.363953 0.00410389 0 0
 0.735681 0.248677 0.0153453 0.000297389 0
 0.695825 0.281241 0.0229344 0 0
 0.275771 0.60734 0.115278 0.00161068 0
 0 0 0 0 0
 0.896147 0.0623911 0.0374545 0.00400742 0
 0.803859 0.145111 0.0509908 3.86294e-05 0
 0.739449 0.233085 0.0266225 0.000797448 4.60066e-05
 0.878498 0.100942 0.0204185 0.000141795 0
 0.694673 0.275183 0.0284847 0.00165964 0
 0.469039 0.446079 0.0841089 0.000773354 0
 0.822795 0.102175 0.0682046 0.00682512 0
 0 0 0 0 0
ppred_PELACES
 0.204623 0.536836 0.226271 0.0322658 4.60518e-06
 0.5926 0.151292 0.187149 0.0607926 0.00816654
 0.122124 0.724116 0.0681563 0.0635912 0.0220127
 0.492603 0.138914 0.320746 0.0219432 0.0257938
 0.814005 0.131248 0.0183103 0.0319926 0.00444406
 0.440175 0.517972 0.0319863 0.00343666 0.00643
 0.896149 0.0739341 0.0282989 0.00125697 0.000360531
 0.688593 0.301267 0.00785902 0.00216456 0.000115814
 0.827566 0.152845 0.019136 0.000355558 9.67937e-05
 0.721492 0.26036 0.0166424 0.00147344 3.25823e-05
 0.554277 0.39461 0.0486252 0.00229242 0.000194994
 0.656572 0.274762 0.06284 0.0055594 0.00026678
 0.79344 0.182914 0.0200866 0.0032746 0.000284887
 0.889345 0.106723 0.00362072 0.00026636 4.41616e-05
 0.89687 0.10169 0.001409 2.9068e-05 2.32067e-06
 0.713562 0.279493 0.00688358 5.95616e-05 1.23752e-06
 0.646275 0.316166 0.0369075 0.000645867 5.35394e-06
 0.77443 0.19452 0.0286383 0.00237284 3.92995e-05
 0.695189 0.278182 0.0239112 0.00251859 0.000199152
 0.630089 0.32073 0.0459752 0.00289643 0.000309106
 0.712308 0.233567 0.048663 0.0051259 0.000335465
 0.617627 0.327125 0.0470505 0.00741456 0.000782442
 0.636029 0.290089 0.0655924 0.00712293 0.00116616
 0.698448 0.245592 0.0470267 0.00798554 0.000947475
 0.192649 0.682031 0.10713 0.0154353 0.00275443
 0.610735 0.142213 0.217008 0.0259116 0.00413211
 0.215729 0.668263 0.0508945 0.0576257 0.00748779
pobs_pel_tallas
 0 0 0 0 0 0 0 0 0 0 0 0 0 0 0 0 0 0 0 0 0 0 0 0 0 0 0 0 0 0 0 0 0 0 0 0
 0 0 0 0 0 0 0 0 0 0 0 0 0 0 0 0 0 0 0 0 0 0 0 0 0 0 0 0 0 0 0 0 0 0 0 0
 0 0 0 0 0 0 0 0 0 0 0 0 0 0 0 0 0 0 0 0 0 0 0 0 0 0 0 0 0 0 0 0 0 0 0 0
 0 0 0 0 0 0 0 0 0 0 0 0 0 0 0 0 0 0 0 0 0 0 0 0 0 0 0 0 0 0 0 0 0 0 0 0
 0 0 0 0 0 0 0 0 0 0 0 0 0 0 0 0 0 0 0 0 0 0 0 0 0 0 0 0 0 0 0 0 0 0 0 0
 0 0 0 0 0 0 0 0 0 0 0 0 0 0 0 0 0 0 0 0 0 0 0 0 0 0 0 0 0 0 0 0 0 0 0 0
 0 0 0 0 0 0 0 0 0 0 0 0 0 0 0 0 0 0 0 0 0 0 0 0 0 0 0 0 0 0 0 0 0 0 0 0
 0 0 0 0 0 0 0 0 0 0 0 0 0 0 0 0 0 0 0 0 0 0 0 0 0 0 0 0 0 0 0 0 0 0 0 0
 0 0 0 0 0 0 0 0 0 0 0 0 0 0 0 0 0 0 0 0 0 0 0 0 0 0 0 0 0 0 0 0 0 0 0 0
 0 0 0 0 0 0 0 0 0 0 0 0 0 0 0 0 0 0 0 0 0 0 0 0 0 0 0 0 0 0 0 0 0 0 0 0
 0 0 0 0 0 0 0 0 1.78061e-05 0.00172719 0.00360574 0.0105946 0.0120993 0.0124554 0.0147524 0.0171206 0.0266825 0.0428682 0.0675386 0.121331 0.153587 0.119568 0.100827 0.0573624 0.0630603 0.0341343 0.0324427 0.0444173 0.0211091 0.0280891 0.0125444 0.00206551 0 0 0 0
 0 0 0 0 0 0 0 0 0 0 0 0 0 0 0 0 0 0 0 0 0 0 0 0 0 0 0 0 0 0 0 0 0 0 0 0
 0 0 0 0 0 0 0.0133647 0.0140871 0.0187388 0.0205184 0.03894 0.0496705 0.03968 0.0493445 0.0407372 0.0367815 0.0215668 0.0243155 0.0234873 0.0199281 0.019796 0.0243948 0.0301388 0.0376714 0.0412746 0.0863199 0.0771752 0.113111 0.0741005 0.0525337 0.0229764 0.00759418 0.00175318 0 0 0
 0 0 0 0 0 0 0 0 0 0 0.00219441 0.00772107 0.0458388 0.0604681 0.0671733 0.0775358 0.0609151 0.0617685 0.073594 0.0568108 0.0755445 0.0548602 0.0670107 0.0636378 0.0643287 0.046367 0.0373049 0.0286899 0.0247887 0.0153202 0.00654259 0.00121912 0.000365735 0 0 0
 0 0 0 0 0 0 0 0 0 0 0 0 0.000112435 0.00938835 0.0111873 0.0202946 0.0414886 0.0713402 0.111592 0.104902 0.108894 0.110636 0.117776 0.105296 0.107544 0.0401394 0.0192827 0.0124803 0.00416011 0.0028671 0.000618394 0 0 0 0 0
 0 0 0 0 0 0 0 0 0 0 0.00291406 0.0102884 0.027416 0.0768956 0.0749926 0.110853 0.0956884 0.0897413 0.0766577 0.0534642 0.0500743 0.0551293 0.0594112 0.0620874 0.0668451 0.0424026 0.0208742 0.0120726 0.0048766 0.00582813 0.00118941 0.000297354 0 0 0 0
 0 0.00264628 0.0354308 0.0461629 0.0458689 0.0383711 0.0214643 0.0164657 0.0346957 0.0420465 0.0363128 0.0245516 0.0311673 0.0291091 0.0169068 0.0133784 0.00837989 0.0085269 0.0148486 0.0160247 0.0276389 0.0546898 0.0760071 0.122758 0.109233 0.0665981 0.0333725 0.0166128 0.00676272 0.00308733 0.000882094 0 0 0 0 0
 0 0 0 0 0 0 0 0.000805153 0.000690131 0.00759144 0.0133425 0.0154129 0.00931677 0.000345066 0.00356568 0.00563607 0.00851162 0.0253048 0.0502646 0.0516448 0.0657925 0.0565908 0.0611916 0.0827007 0.0866115 0.110766 0.145733 0.0935128 0.0569358 0.0249597 0.0138026 0.00621118 0.00161031 0.00115022 0 0
 0 0 0 0 0 0 0 0 0 0 0 0 0 0 0 0 0 0 0 0 0 0 0 0 0 0 0 0 0 0 0 0 0 0 0 0
 0.00147267 0.00158595 0.00478618 0.00569244 0.00954404 0.0108468 0.00647125 0.017049 0.0510054 0.094081 0.124002 0.0959785 0.0687766 0.0820023 0.061753 0.0591476 0.0492212 0.0479892 0.0443925 0.0268479 0.0217502 0.0140895 0.0121071 0.0120363 0.00920419 0.00665534 0.0049561 0.00860946 0.00930331 0.0156896 0.0114698 0.00855282 0.00243557 0.00046729 0 2.83206e-05
 0 0 0 0 0.000772559 0.00158375 0.000888443 0.00281984 0.00712685 0.0440552 0.0773331 0.111326 0.0921469 0.0852325 0.0710754 0.0886704 0.0786465 0.0553345 0.0373146 0.0185414 0.00753245 0.00457741 0.012979 0.0271748 0.0457355 0.0583668 0.034881 0.0177882 0.00938659 0.00492506 0.0015258 0.00185414 0.000309023 5.79419e-05 3.86279e-05 0
 0 0.00173294 0.00326652 0 0.00397197 0.00683976 0.00946217 0.0152591 0.00757587 0.0136028 0.0228656 0.0392903 0.0559909 0.0764795 0.0681675 0.0726916 0.0566044 0.0477403 0.0527397 0.0444891 0.0609904 0.0582453 0.0661739 0.0445044 0.0529084 0.0360697 0.0280645 0.0235558 0.0158879 0.00826598 0.00280645 0.00217768 0.000904811 0.00058276 9.20147e-05 0
 0 0 0 0 0 0 0 0 0 0 0 0 0 0 0 0 0 0 0 0 0 0 0 0 0 0 0 0 0 0 0 0 0 0 0 0
 0 0 0 0 0 0 0 0 0 0 0 0 0 0 0 0 0 0 0 0 0 0 0 0 0 0 0 0 0 0 0 0 0 0 0 0
 0 0 0 0 0 0 0 0 0 0 0 0 0 0 0 0 0 0 0 0 0 0 0 0 0 0 0 0 0 0 0 0 0 0 0 0
 0 0 0 0 0 0 0 0 0 0 0 0 0 0 0 0 0 0 0 0 0 0 0 0 0 0 0 0 0 0 0 0 0 0 0 0
 0 0 0 0 0 0 0 0 0 0 0 0 0 0 0 0 0 0 0 0 0 0 0 0 0 0 0 0 0 0 0 0 0 0 0 0
ppred_pel_tallas
 1.04496e-16 8.95747e-06 5.24989e-05 0.000249401 0.000959948 0.00299327 0.00756132 0.0154755 0.0256677 0.0345175 0.0376843 0.0335316 0.0246392 0.0156647 0.0100082 0.00851722 0.0104553 0.0148545 0.0210552 0.028583 0.0368961 0.0452726 0.052858 0.058812 0.0624851 0.0635572 0.0620935 0.0584969 0.0533832 0.0474228 0.0412048 0.035158 0.0295361 0.0244519 0.0199311 0.0159615
 1.05177e-16 2.58593e-05 0.000151763 0.000721395 0.00277738 0.00866096 0.0218769 0.0447633 0.0742012 0.0996535 0.108451 0.0956826 0.0685383 0.0400931 0.019638 0.00897009 0.00530006 0.00534319 0.00710206 0.00971442 0.012831 0.0162248 0.0196598 0.0228856 0.0256719 0.0278436 0.0292998 0.0300111 0.0300028 0.0293309 0.0280648 0.0262802 0.0240625 0.0215122 0.0187486 0.0159051
 1.04417e-16 5.3672e-06 3.14049e-05 0.000149082 0.000573636 0.00178853 0.00451847 0.00925095 0.0153555 0.0206856 0.0226776 0.0204019 0.0154739 0.0107853 0.0085129 0.00933434 0.0129744 0.0189627 0.0268941 0.0363001 0.0464733 0.0564279 0.0650154 0.0711455 0.0740336 0.0733869 0.0694693 0.0630147 0.0550296 0.0465496 0.0384307 0.0312299 0.0251882 0.0202945 0.0163863 0.0132487
 1.06558e-16 2.14988e-05 0.000126164 0.000599692 0.00230879 0.00719969 0.0181859 0.0372111 0.0616834 0.0828447 0.0901664 0.0795689 0.0570367 0.0334488 0.0165442 0.00783891 0.00504241 0.00545749 0.00745887 0.0103618 0.0138984 0.0178858 0.0221102 0.026318 0.030243 0.033639 0.0363036 0.0380888 0.0389034 0.0387099 0.0375246 0.0354196 0.0325259 0.0290284 0.0251531 0.021143
 1.0161e-16 3.55124e-05 0.000208438 0.00099084 0.00381482 0.0118962 0.0300488 0.0614833 0.101914 0.136862 0.148919 0.131324 0.0939324 0.0546714 0.0262557 0.0110925 0.00527896 0.00423005 0.00514051 0.00679123 0.00870861 0.0106366 0.0123559 0.0136681 0.0144281 0.0145756 0.0141458 0.0132545 0.012064 0.0107411 0.00942199 0.00819352 0.00709234 0.0061173 0.00524774 0.00445985
 1.01042e-16 1.92274e-05 0.000112795 0.000536063 0.00206368 0.00643523 0.0162554 0.0332639 0.055151 0.0741037 0.0807381 0.0714512 0.0516584 0.0311791 0.0170564 0.0107874 0.0104504 0.0136936 0.0189961 0.0255013 0.032532 0.0393323 0.0450635 0.0489412 0.0504103 0.0492799 0.0457699 0.040448 0.0340849 0.0274735 0.0212735 0.0159189 0.0116005 0.00830873 0.00590669 0.00420367
 1.00486e-16 3.9092e-05 0.000229459 0.00109079 0.00419966 0.0130963 0.0330801 0.0676852 0.112192 0.150658 0.163913 0.144506 0.103273 0.0599292 0.028446 0.0114415 0.0045873 0.00281313 0.00302762 0.00391501 0.00501442 0.00613452 0.00714034 0.00791388 0.00836659 0.00845664 0.00819641 0.0076456 0.00689356 0.00603692 0.00516018 0.00432431 0.00356446 0.00289461 0.00231527 0.00182073
 1.0029e-16 3.00507e-05 0.000176358 0.000838292 0.00322741 0.0100643 0.0254219 0.0520177 0.0862291 0.115816 0.126063 0.111274 0.0798211 0.0469221 0.0234018 0.0113765 0.00762055 0.00830358 0.0110434 0.0147159 0.0187322 0.022605 0.0258371 0.0279722 0.0286911 0.0278893 0.0257043 0.0224771 0.0186672 0.0147458 0.0111038 0.00799644 0.00553352 0.003704 0.00241962 0.00155924
 1.00339e-16 3.61046e-05 0.000211913 0.00100736 0.0038784 0.0120945 0.0305496 0.0625083 0.103613 0.139146 0.151408 0.133528 0.0955302 0.0556435 0.0268007 0.0114556 0.00564543 0.00470991 0.00579122 0.00763441 0.00973185 0.0117885 0.0135432 0.0147607 0.0152731 0.0150185 0.0140547 0.0125417 0.0107001 0.00875912 0.00691145 0.00528661 0.00394556 0.00289251 0.00209523 0.00150547
 1.00374e-16 3.14836e-05 0.000184774 0.000878311 0.00338151 0.0105449 0.0266357 0.0545009 0.0903439 0.121337 0.13206 0.116537 0.0835302 0.0489687 0.0241748 0.0113428 0.00707103 0.00733212 0.0096327 0.0128218 0.0163364 0.0197437 0.0226118 0.0245443 0.0252617 0.0246677 0.0228734 0.0201652 0.0169318 0.0135742 0.0104265 0.00770942 0.00552114 0.00385858 0.00265365 0.00181027
 1.00907e-16 2.41978e-05 0.000141987 0.000674871 0.00259817 0.00810203 0.0204654 0.041877 0.0694238 0.0932583 0.101547 0.0897221 0.0645544 0.0383365 0.0198417 0.0108439 0.00881616 0.0107257 0.0146622 0.0196629 0.0251193 0.0304352 0.0349673 0.0381128 0.0394391 0.0387864 0.0363042 0.0324055 0.0276595 0.0226575 0.0178963 0.0137094 0.0102534 0.00753852 0.0054811 0.00395655
 1.01186e-16 2.86535e-05 0.000168157 0.000799309 0.00307733 0.00959631 0.0242397 0.0495985 0.0822188 0.110429 0.120198 0.106094 0.0760991 0.0447219 0.0222834 0.0108021 0.0072054 0.00784838 0.0104729 0.0140269 0.017974 0.0218764 0.0252824 0.0277676 0.0290197 0.0289089 0.0275149 0.025097 0.0220239 0.0186837 0.0154078 0.0124244 0.00985047 0.00771108 0.005973 0.00457733
 1.00471e-16 3.46178e-05 0.000203181 0.000965838 0.00371854 0.0115959 0.0292904 0.059932 0.0993438 0.133416 0.145181 0.128058 0.0916616 0.0534813 0.0259299 0.0113761 0.00603616 0.00545294 0.00688673 0.009119 0.0116296 0.0140863 0.0161809 0.0176331 0.0182431 0.017938 0.0167881 0.0149857 0.012795 0.0104899 0.00829976 0.0063776 0.00479415 0.00355219 0.00261129 0.0019126
 1.00098e-16 3.87966e-05 0.000227722 0.00108252 0.00416782 0.012997 0.0328293 0.0671724 0.111343 0.14952 0.162683 0.143438 0.102547 0.0595824 0.0284206 0.0116716 0.00505006 0.00352887 0.00403386 0.00523808 0.0066467 0.00801957 0.0091681 0.00992862 0.0101876 0.00990753 0.00913664 0.00799531 0.00664593 0.00525528 0.00396182 0.00285634 0.00197819 0.00132406 0.000863307 0.000553516
 1.00055e-16 3.91245e-05 0.000229647 0.00109168 0.00420307 0.013107 0.033107 0.0677405 0.112284 0.150784 0.164056 0.144645 0.103402 0.0600641 0.0286212 0.0117034 0.0049862 0.00339784 0.00383767 0.0049696 0.00629969 0.00759354 0.00867039 0.00937446 0.00959828 0.00930748 0.00854967 0.00744152 0.00613972 0.00480477 0.00356966 0.00252115 0.00169615 0.00109027 0.000672559 0.000400658
 1.00191e-16 3.11386e-05 0.000182747 0.00086867 0.00334438 0.0104291 0.0263432 0.0539027 0.0893529 0.120008 0.130619 0.115276 0.082652 0.0485048 0.0240401 0.0114367 0.00733782 0.00776456 0.0102482 0.013638 0.0173538 0.0209351 0.0239191 0.0258817 0.0265273 0.0257594 0.0237065 0.0206867 0.0171281 0.0134696 0.0100758 0.0071848 0.00489924 0.00320892 0.00203128 0.0012526
 1.0065e-16 2.82062e-05 0.000165527 0.000786797 0.00302914 0.00944603 0.0238601 0.0488223 0.0809333 0.108706 0.118333 0.104471 0.0749869 0.0441721 0.022201 0.0110775 0.00779221 0.00876478 0.0117653 0.0157308 0.0200831 0.0243229 0.0279305 0.0304225 0.0314532 0.0308958 0.0288722 0.0257161 0.0218862 0.0178585 0.0140332 0.0106784 0.00791944 0.00576343 0.00414145 0.00295121
 1.00554e-16 3.37894e-05 0.000198317 0.000942707 0.00362947 0.0113182 0.0285888 0.0584967 0.0969651 0.130223 0.141711 0.125006 0.0894983 0.0522614 0.0254177 0.0112869 0.00618395 0.00576439 0.0073558 0.00976367 0.012467 0.0151205 0.0173977 0.0189995 0.0197107 0.0194495 0.0182853 0.016417 0.0141202 0.0116822 0.0093451 0.00727238 0.00554226 0.00416262 0.00309638 0.00228688
 1.00526e-16 3.03375e-05 0.000178043 0.000846309 0.00325829 0.0101606 0.0256651 0.0525151 0.0870529 0.11692 0.127259 0.112316 0.0805396 0.0472857 0.0234746 0.0112335 0.00729719 0.00779449 0.0103244 0.0137678 0.0175585 0.0212429 0.0243616 0.0264904 0.0273283 0.0267686 0.0249248 0.0220965 0.0186934 0.0151386 0.0117858 0.00886971 0.00649693 0.00466786 0.00331502 0.00234173
 1.00872e-16 2.75006e-05 0.000161384 0.000767101 0.0029533 0.00920953 0.0232627 0.0476001 0.0789076 0.105986 0.115376 0.101868 0.0731357 0.043116 0.0217342 0.0109505 0.00783775 0.00891098 0.0119986 0.0160614 0.0205268 0.0248929 0.0286336 0.0312577 0.0324111 0.0319597 0.0300195 0.0269198 0.0231168 0.0190857 0.0152269 0.0118103 0.00896473 0.00670253 0.00496127 0.00364597
 1.00959e-16 3.10822e-05 0.000182419 0.000867122 0.00333844 0.0104106 0.0262964 0.0538065 0.0891923 0.119789 0.13037 0.115035 0.0824301 0.048277 0.0237473 0.0110008 0.00667445 0.00679202 0.00890015 0.0118816 0.0152112 0.0184997 0.0213604 0.0234328 0.0244531 0.0243139 0.0230864 0.0209952 0.0183572 0.0155055 0.012723 0.0102037 0.0080451 0.00626548 0.00483264 0.00369244
 1.01066e-16 2.69574e-05 0.000158195 0.000751937 0.00289492 0.00902746 0.0228028 0.0466591 0.0773482 0.103893 0.1131 0.0998665 0.0717148 0.0423112 0.0213894 0.0108768 0.00791025 0.00907819 0.012253 0.0164118 0.0209828 0.0254576 0.0293013 0.0320134 0.0332326 0.0328213 0.0308958 0.0277892 0.0239631 0.0198981 0.0159986 0.0125365 0.00964135 0.00732479 0.00552413 0.00414486
 1.01325e-16 2.77584e-05 0.000162901 0.000774316 0.00298109 0.0092962 0.0234816 0.0480477 0.0796487 0.106979 0.116449 0.102798 0.0737657 0.0434115 0.0217437 0.0107284 0.00740009 0.00823581 0.0110491 0.0148117 0.018983 0.023107 0.0267084 0.0293396 0.0306713 0.0305666 0.0291096 0.0265737 0.0233472 0.0198389 0.0163971 0.0132615 0.010554 0.00830018 0.00646448 0.00498478
 1.01067e-16 3.04783e-05 0.000178873 0.00085026 0.00327351 0.0102081 0.025785 0.0527601 0.0874583 0.117462 0.127842 0.112813 0.0808584 0.0473977 0.0233916 0.0109652 0.00682767 0.00708532 0.00933261 0.0124671 0.0159586 0.0194035 0.0223963 0.0245592 0.0256165 0.0254572 0.0241584 0.0219582 0.0191911 0.0162077 0.0133046 0.0106838 0.00844497 0.00660402 0.00512409 0.00394588
 1.02402e-16 8.44094e-06 4.94538e-05 0.000234896 0.000904054 0.00281894 0.00712113 0.0145759 0.0241804 0.032532 0.035555 0.0317278 0.0235098 0.0153306 0.0104492 0.0097282 0.0125317 0.0179761 0.0254117 0.0342846 0.0438903 0.0532854 0.061376 0.0671204 0.0697625 0.0690097 0.0650973 0.058711 0.0508051 0.0423743 0.0342574 0.0270202 0.0209347 0.0160309 0.0121854 0.00920946
 1.04211e-16 2.66498e-05 0.000156405 0.000743462 0.00286235 0.00892593 0.0225462 0.0461326 0.0764707 0.1027 0.111764 0.0985975 0.0706099 0.041272 0.0201541 0.00910247 0.00523677 0.00516762 0.00683579 0.00935687 0.0123805 0.0156867 0.0190472 0.022216 0.0249613 0.0270994 0.0285152 0.0291641 0.029059 0.0282521 0.0268196 0.0248547 0.0224666 0.0197819 0.0169418 0.0140926
 1.03271e-16 9.44654e-06 5.53594e-05 0.000262976 0.00101217 0.00315611 0.00797279 0.0163183 0.027068 0.0364078 0.0397672 0.0354302 0.0261314 0.0168025 0.011054 0.00980626 0.012301 0.0175144 0.024712 0.0333079 0.042598 0.0516568 0.0594193 0.0648785 0.067314 0.0664639 0.0625845 0.0563698 0.0487675 0.0407518 0.0331287 0.0264231 0.0208622 0.0164331 0.012977 0.0102819
pSPR Fmed_Fpbrs
0.517298   0.6 0.325
Fs Fmed_Fpbrs
0.64   0.448284 1.57564
SSBpbr Bo_Bmed_Bpbrs
474384  221678  260911 130456
Ro
20333
SPR SPRFo_SPRFmed_SPRFpbrs
419962 217246 136488
log_Ro
9.74
likeval ReclasPelacesDesembMPH_pf_preclas_ppelaces_ptallas_desvR_qrecl_qpela
 80.1395 10.7501 0.220491 37.5498 365.724 222.136 58.7061 0 35.833 0.000120904 0.000340183 1.32911e-14 0 0 0
q_reclas_q_pelaces
4.74992 13.7912
M
0.7
N
 14437.5 20875.8 7151.76 950.907 0.13366
 42207.3 6921.49 7397.56 2246.36 297.209
 3036.63 19804.6 1996.2 1756.89 599.152
 6439.29 1321.28 2770.37 177.547 205.565
 37292.7 2969.06 322.226 523.987 71.6781
 13484.1 18156.4 1219.76 123.704 228.026
 63178.9 5834.7 2408.35 100.938 28.5228
 51574.3 27422.4 797.161 207.455 10.9359
 80082.5 22128.9 3354.38 59.0969 15.8521
 110758 33373 2046.51 170.126 3.70572
 60395.2 50092.5 6763.4 301.07 25.2304
 54438.4 26067.7 6485.85 541.623 25.6063
 53295 23556 3457.78 536.724 46.0158
 28520.4 21450.2 1560.53 111.503 18.2294
 13680.3 9721.4 288.846 5.78779 0.455638
 9255.73 4663.02 130.907 1.07129 0.0219302
 6136 3939.85 528.49 8.74991 0.0714644
 8179.76 2604.49 434.55 34.0443 0.555537
 9323.2 3488.96 301.016 29.8272 2.32337
 8363.73 4150.05 607.082 36.0043 3.78519
 16520.4 3701.36 682.932 67.3171 4.33921
 21045.7 7684.83 982.346 144.887 15.0593
 29186.9 9777.58 2015.16 205.03 33.0631
 51553.1 13439.9 2354.55 374.663 43.7856
 10602.8 23707.8 3195.91 430.33 75.6327
 28553.3 4986.86 6994.34 782.748 122.95
 3086.07 13109.6 1167.54 1251.62 160.242
pred_Ctot
 359.819 4383.94 1940.25 260.301 0.0365982
 1678.05 2152.46 2894.11 885.789 117.224
 272.404 10972 1292.54 1143.31 389.964
 332.475 503.457 1302.11 84.0434 97.3276
 525.766 372.819 53.3669 87.639 11.9921
 1257.34 10291 804.533 81.9905 151.157
 5766.91 3266 1572.53 66.2336 18.719
 5085.69 16049.6 539.498 141.051 7.43644
 9355.16 14177.6 2436.64 43.0965 11.5616
 7147.1 14940.3 1107.94 92.6863 2.01931
 5728.47 28674.7 4496.73 201.13 16.8577
 5076.12 14775.1 4277.96 358.984 16.9742
 7351.69 16323.1 2664.22 414.885 35.5735
 6572.49 17722.6 1360.3 97.3486 15.9161
 3152.59 8032 251.784 5.05307 0.397817
 959.111 2805.34 90.5509 0.744307 0.0152387
 646.748 2392.3 368.237 6.1232 0.0500176
 837.125 1556.23 298.968 23.5271 0.383969
 699.126 1728.27 177.653 17.7048 1.37935
 658.879 2122.15 367.963 21.9442 2.30743
 754.42 1284.2 295.127 29.3094 1.88969
 979.001 2704.7 430.03 63.8982 6.643
 1532.89 3773.41 957.939 98.1533 15.8316
 2753.18 5251.68 1131.69 181.339 21.1971
 404.361 7129.31 1212.42 164.564 28.9301
 1555.98 1977.94 3406.47 383.869 60.309
 337.141 8113.93 825.767 888.956 113.826
F
 0.0351966 0.337438 0.458047 0.463122 0.46328
 0.0566782 0.543387 0.737606 0.74578 0.746033
 0.132148 1.26693 1.71977 1.73882 1.73941
 0.0741718 0.711103 0.965267 0.975964 0.976295
 0.0197756 0.189594 0.257359 0.260211 0.260299
 0.137691 1.32008 1.79191 1.81176 1.81238
 0.134608 1.29052 1.75178 1.77119 1.7718
 0.146142 1.4011 1.90188 1.92295 1.92361
 0.175311 1.68075 2.28148 2.30676 2.30755
 0.0934805 0.896221 1.21655 1.23003 1.23045
 0.140212 1.34425 1.82471 1.84493 1.84556
 0.13769 1.32007 1.79189 1.81175 1.81237
 0.210108 2.01435 2.73433 2.76463 2.76557
 0.376291 3.6076 4.89703 4.9513 4.95298
 0.376291 3.60759 4.89703 4.95129 4.95298
 0.1541 1.47739 2.00545 2.02767 2.02836
 0.156936 1.50459 2.04236 2.06499 2.06569
 0.152059 1.45783 1.97889 2.00082 2.0015
 0.109385 1.0487 1.42352 1.4393 1.43979
 0.115203 1.10448 1.49925 1.51586 1.51638
 0.0653487 0.626514 0.850444 0.859868 0.86016
 0.0666043 0.638552 0.866785 0.87639 0.876688
 0.0754902 0.723743 0.982425 0.993311 0.993649
 0.0768063 0.736361 0.999553 1.01063 1.01097
 0.0543122 0.520704 0.706815 0.714648 0.714891
 0.0784283 0.751911 1.02066 1.03197 1.03232
 0.163089 1.56358 2.12244 2.14596 2.14669
Np
 12778.4 6133.11 466.404 434.547 29.0083
YTP_r0W_actual
 610.568 57801.7 9682.02 13375.3 1900.83
YTP_p0W_proyectada
 2528.17 5740.15 11303.8 741.875 912.34
 2528.17 27041.6 3867.75 4643.72 344.103
CTP_r0_actual
 74.4596 2676.01 308.345 333.548 42.7152
CTP_p0_proyectada
 308.313 265.748 359.994 18.5006 20.502
 308.313 1251.93 123.177 115.804 7.73264
Wmedp
 8.2 21.6 31.4 40.1 44.5
nmprior
 10.8 10.6 4.6 0
nm_flota  nm_reclas  nm_pelaces    nm_pelaL
inf 16.9052 10.6967 27.6024
cv_recla  cv_pelaces  cv_mph
0.775272 0.359167 0.491316
 ------------------------------------------------
Talla a la edad & desviaci?n 
 7.2 14.2025 17.0495 18.207 18.6776
 1.08 2.13037 2.55742 2.73105 2.80164
