years
 1997 1998 1999 2000 2001 2002 2003 2004 2005 2006 2007 2008 2009 2010 2011 2012 2013 2014 2015 2016 2017 2018 2019 2020 2021 2022 2023
reclasobs
 0 0 0 370054 412103 1.49427e+06 250295 1.28982e+06 931140 785840 897777 1.04006e+06 184774 17550 25797 100020 73551 82996 120727 218422 84188 347160 605670 569463 516374 1.08416e+06 1.01767e+06
reclaspred
 429918 121123 372793 256598 349016 406223 876016 609281 754633 725659 594785 403592 238789 105643 74567.1 69821.6 73410.3 101566 120985 177290 268426 270110 484109 615303 731963 670521 684154
pelacesobs
 0 0 0 0 0 0 0 0 0 2.06254e+06 1.5e+06 0 1.87456e+06 323000 250000 174000 83755 137374 0 501740 490994 745055 786931 1.00524e+06 1.33801e+06 1.41789e+06 0
pelacespred
 1.74686e+06 379935 762012 785641 934637 848834 2.22983e+06 1.82002e+06 2.09249e+06 1.97623e+06 1.41121e+06 988939 585033 209068 154497 152104 167345 238413 280736 410656 717100 669610 990089 1.46084e+06 1.67023e+06 1.69516e+06 1.6549e+06
mphobs
 0 0 0 0 0 0 112323 0 153150 637223 0 255016 313432 73983 77613 109348 50772 17779 17303 59886 28197 0 207744 136588 643089 65757 70829
mphpred
 139562 87042.7 108935 128979 131112 190256 276946 328348 300516 340588 323453 227650 135778 108239 49526.7 44111.8 43508.9 55087.5 26503.3 32810.1 52678.8 67815.6 91044.2 134682 173056 168798 151340
desembarqueobs
 350755 77701 442110 56441 14545 235359 269955 359681 431902 328805 639364 411747 362871 311530 167758 66681 60226 58785 57116 73181 50977 67692 138656 160484 209506 203330 245020
desembarquepred
 350773 77708.1 442195 56445.4 14545.4 235469 270015 359727 431942 328862 639661 412008 363357 312000 167769 66709.6 60276.7 58792.6 57106.6 73186.1 50979 67685.1 138665 160498 209536 203349 245019
Reclutas
 47817.8 57200.5 34792.4 46684.2 71992.7 53092.4 93624.3 95581.4 138833 126336 66506.6 41905.4 40346 24980.6 17711.3 14763.9 10693.8 15189.3 20246.2 29101.2 41378.3 61255.5 85839.1 111804 43483.4 62192.4 120352
log_desv_Rt
 0.0151542 0.194318 -0.302844 -0.00883808 0.42432 0.119788 0.687045 0.707734 1.08102 0.986699 0.345056 -0.116831 -0.154753 -0.634144 -0.978044 -1.16006 -1.48258 -1.13165 -0.844279 -0.481467 -0.129489 0.262809 0.60023 0.864504 -0.0798661 0.277988 0.938175
SSB
 534206 333175 416974 493698 501859 728249 1.03247e+06 1.24354e+06 1.12607e+06 1.27875e+06 1.23809e+06 871380 535711 268854 127843 114311 117725 142357 188776 244922 373372 469043 646150 915685 1.28037e+06 1.28278e+06 1.08569e+06
BT
 1.94929e+06 490630 963125 803453 895657 992790 2.29627e+06 2.13104e+06 2.37406e+06 2.18486e+06 1.91172e+06 1.31281e+06 907699 491985 285231 198652 209346 272969 314182 447364 720602 697034 1.03268e+06 1.51723e+06 1.74508e+06 1.78496e+06 1.78014e+06
Ftot
 0.737981 0.575213 0.840827 0.158302 0.0323989 0.351792 0.225467 0.446809 0.470522 0.334072 0.654984 0.583362 0.937279 1.85134 1.8304 0.71515 0.612299 0.44816 0.349543 0.319546 0.148496 0.177827 0.193838 0.190673 0.168229 0.172955 0.248164
BD_Bspro_t
 0.929262 0.705676 0.662824 0.524795 0.652602 0.780185 0.734109 0.747486 0.697979 0.68209 0.648418 0.492703 0.379446 0.264194 0.162557 0.176927 0.239639 0.350576 0.476024 0.597241 0.712266 0.801863 0.82301 0.827703 0.834604 0.792604 0.763029
BD_Bspro
 0.54915 0.342496 0.428639 0.507508 0.515898 0.748621 1.06136 1.27833 1.15757 1.31452 1.27272 0.895757 0.550697 0.276375 0.131419 0.117509 0.121018 0.14634 0.194057 0.251773 0.383817 0.482164 0.664225 0.941301 1.31619 1.31866 1.11606
BD_Bo
 0.365594 0.228015 0.285364 0.337871 0.343456 0.498391 0.706593 0.851042 0.770645 0.875136 0.847309 0.596346 0.366624 0.183995 0.0874917 0.0782309 0.0805673 0.097425 0.129192 0.167617 0.255524 0.320998 0.442205 0.626667 0.876248 0.877895 0.74301
BD_Brms
 0.664716 0.414572 0.518844 0.614311 0.624466 0.906166 1.28471 1.54735 1.40117 1.59116 1.54056 1.08426 0.666589 0.334537 0.159076 0.142238 0.146486 0.177136 0.234895 0.304758 0.464589 0.583633 0.804009 1.13939 1.59318 1.59617 1.35093
S_f
 0.13645 0.750138 0.982771 0.999078 0.999951
 0.13645 0.750138 0.982771 0.999078 0.999951
 0.13645 0.750138 0.982771 0.999078 0.999951
 0.13645 0.750138 0.982771 0.999078 0.999951
 0.13645 0.750138 0.982771 0.999078 0.999951
 0.13645 0.750138 0.982771 0.999078 0.999951
 0.13645 0.750138 0.982771 0.999078 0.999951
 0.13645 0.750138 0.982771 0.999078 0.999951
 0.13645 0.750138 0.982771 0.999078 0.999951
 0.13645 0.750138 0.982771 0.999078 0.999951
 0.13645 0.750138 0.982771 0.999078 0.999951
 0.13645 0.750138 0.982771 0.999078 0.999951
 0.13645 0.750138 0.982771 0.999078 0.999951
 0.13645 0.750138 0.982771 0.999078 0.999951
 0.13645 0.750138 0.982771 0.999078 0.999951
 0.13645 0.750138 0.982771 0.999078 0.999951
 0.13645 0.750138 0.982771 0.999078 0.999951
 0.13645 0.750138 0.982771 0.999078 0.999951
 0.13645 0.750138 0.982771 0.999078 0.999951
 0.13645 0.750138 0.982771 0.999078 0.999951
 0.13645 0.750138 0.982771 0.999078 0.999951
 0.13645 0.750138 0.982771 0.999078 0.999951
 0.13645 0.750138 0.982771 0.999078 0.999951
 0.13645 0.750138 0.982771 0.999078 0.999951
 0.13645 0.750138 0.982771 0.999078 0.999951
 0.13645 0.750138 0.982771 0.999078 0.999951
 0.13645 0.750138 0.982771 0.999078 0.999951
Scru_reclas
 0.841785 1 1 1 1
 0.841785 1 1 1 1
 0.841785 1 1 1 1
 0.841785 1 1 1 1
 0.841785 1 1 1 1
 0.841785 1 1 1 1
 0.841785 1 1 1 1
 0.841785 1 1 1 1
 0.841785 1 1 1 1
 0.841785 1 1 1 1
 0.841785 1 1 1 1
 0.841785 1 1 1 1
 0.841785 1 1 1 1
 0.841785 1 1 1 1
 0.841785 1 1 1 1
 0.841785 1 1 1 1
 0.841785 1 1 1 1
 0.841785 1 1 1 1
 0.841785 1 1 1 1
 0.841785 1 1 1 1
 0.841785 1 1 1 1
 0.841785 1 1 1 1
 0.841785 1 1 1 1
 0.841785 1 1 1 1
 0.841785 1 1 1 1
 0.841785 1 1 1 1
 0.841785 1 1 1 1
Scru_pelaces
 1 1 1 1 1
 1 1 1 1 1
 1 1 1 1 1
 1 1 1 1 1
 1 1 1 1 1
 1 1 1 1 1
 1 1 1 1 1
 1 1 1 1 1
 1 1 1 1 1
 1 1 1 1 1
 1 1 1 1 1
 1 1 1 1 1
 1 1 1 1 1
 1 1 1 1 1
 1 1 1 1 1
 1 1 1 1 1
 1 1 1 1 1
 1 1 1 1 1
 1 1 1 1 1
 1 1 1 1 1
 1 1 1 1 1
 1 1 1 1 1
 1 1 1 1 1
 1 1 1 1 1
 1 1 1 1 1
 1 1 1 1 1
 1 1 1 1 1
pf_obs 
 0.256992 0.487395 0.22802 0.0275931 0
 0.321318 0.546541 0.124235 0.00734118 0.000564706
 0.182869 0.594174 0.210203 0.0122559 0.00049798
 0.330522 0.361315 0.267642 0.0388342 0.00168674
 0.649043 0.306663 0.0425973 0.00169635 0
 0.582887 0.30429 0.105238 0.00758474 0
 0.465427 0.430635 0.0974691 0.00646863 0
 0.296916 0.608066 0.0921331 0.00288517 0
 0.311714 0.524322 0.152257 0.0117073 0
 0.15457 0.633149 0.183074 0.0267441 0.00246327
 0.131901 0.49318 0.331252 0.0422183 0.00144891
 0.196976 0.569456 0.194076 0.0375587 0.00193317
 0.518974 0.381816 0.0799577 0.0180837 0.00116848
 0.0928022 0.601141 0.25162 0.0475244 0.00691264
 0.122501 0.610282 0.24278 0.0234846 0.000952079
 0.383417 0.481906 0.127806 0.00687128 0
 0.0376549 0.599619 0.316969 0.0457579 0
 0.0361596 0.667082 0.258105 0.0386534 0
 0.158088 0.579412 0.248529 0.0139706 0
 0.0477256 0.309471 0.559284 0.082774 0.000745712
 0.0406174 0.521527 0.379366 0.0568643 0.0016247
 0.151134 0.462217 0.34131 0.0453401 0
 0.294876 0.26143 0.354403 0.0886775 0.000613685
 0.281977 0.475581 0.204845 0.0348837 0.00271318
 0.0841818 0.532909 0.334909 0.0458182 0.00218182
 0.115287 0.27431 0.454777 0.147771 0.00785563
 0 0 0 0 0
pf_pred 
 0.374919 0.431357 0.173374 0.0203365 1.36968e-05
 0.308314 0.548241 0.109333 0.0306022 0.00350968
 0.177672 0.595933 0.190969 0.0271398 0.00828637
 0.249278 0.433429 0.251802 0.0554524 0.0100379
 0.265895 0.456629 0.178536 0.0787957 0.0201439
 0.159112 0.534474 0.209052 0.0630066 0.0343558
 0.266237 0.36995 0.256043 0.0739777 0.033792
 0.223163 0.514857 0.151056 0.0784852 0.03244
 0.283744 0.443765 0.199324 0.0425515 0.0306162
 0.212219 0.546671 0.167068 0.0544608 0.0195811
 0.124426 0.52098 0.267851 0.0604601 0.0262836
 0.122354 0.416917 0.311864 0.113068 0.0357968
 0.188342 0.38979 0.236914 0.126077 0.0588771
 0.206244 0.520534 0.159001 0.0648791 0.0493424
 0.27711 0.541368 0.139974 0.0245597 0.0169882
 0.272112 0.578172 0.125534 0.018804 0.00537753
 0.192497 0.561924 0.208074 0.0315646 0.00594064
 0.272028 0.427748 0.229287 0.0603038 0.0106334
 0.279572 0.49121 0.151945 0.0592953 0.0179778
 0.288482 0.480086 0.172404 0.0393819 0.0196456
 0.277513 0.490184 0.171293 0.0456689 0.0153415
 0.274512 0.473039 0.185827 0.0493469 0.0172753
 0.265656 0.479645 0.181662 0.0540106 0.0190267
 0.249302 0.483623 0.190903 0.0546041 0.021568
 0.0871453 0.569754 0.242438 0.0723147 0.028348
 0.153309 0.273056 0.394495 0.127228 0.0519109
 0.278633 0.359397 0.140201 0.153347 0.0684218
pobs_RECLAS
 0 0 0 0 0
 0 0 0 0 0
 0 0 0 0 0
 0 0 0 0 0
 0.835266 0.146461 0.0176864 0.000547809 3.91292e-05
 0.385257 0.428462 0.181853 0.0044286 0
 0.867414 0.0963971 0.0333333 0.00285562 0
 0.441836 0.489002 0.0689373 0.000224442 0
 0.779404 0.147425 0.0564933 0.0165055 0.000172143
 0.814271 0.122319 0.05973 0.00367925 0
 0.40263 0.566651 0.0304383 0.000280538 0
 0.475488 0.404961 0.113038 0.00651328 0
 0.955842 0.0263864 0.0167828 0.000988607 0
 0.975058 0.0227948 0.00214734 0 0
 0.738997 0.206755 0.0527124 0.00153531 0
 0.850938 0.134255 0.0134407 0.00136685 0
 0.542534 0.407297 0.0501686 0 0
 0.764087 0.199537 0.0359546 0.000420521 0
 0.470689 0.182191 0.310203 0.0369168 0
 0.84361 0.089868 0.0606195 0.00523954 0.000663233
 0.607945 0.314616 0.071237 0.00620181 0
 0.523733 0.453247 0.0230204 0 0
 0.530135 0.295979 0.169645 0.0042399 0
 0.562478 0.366248 0.0663022 0.0049721 0
 0.250443 0.683176 0.0655157 0.000865301 0
 0.195077 0.31981 0.436473 0.0351445 0.0134964
 0.565238 0.351407 0.0832357 0.000118908 0
ppred_RECLAS
 0.757742 0.181351 0.05461 0.00629238 4.23396e-06
 0.69102 0.258278 0.0388049 0.0106739 0.00122302
 0.529497 0.366805 0.0877214 0.0122425 0.0037343
 0.632586 0.236213 0.10448 0.022629 0.00409265
 0.648723 0.240456 0.0717281 0.031139 0.00795365
 0.494083 0.353223 0.104746 0.0310391 0.0169096
 0.658369 0.19589 0.103084 0.0292895 0.0133672
 0.596953 0.291638 0.0647101 0.0330507 0.0136483
 0.674073 0.222947 0.0756827 0.0158813 0.0114163
 0.577589 0.316939 0.0734671 0.023547 0.00845861
 0.430723 0.377201 0.145722 0.0323182 0.0140364
 0.43321 0.310122 0.174725 0.0622522 0.0196905
 0.567189 0.240723 0.108759 0.0568201 0.0265086
 0.60615 0.287949 0.0622133 0.0248273 0.0188595
 0.686979 0.253198 0.0463683 0.00795765 0.00549791
 0.654295 0.28963 0.0471536 0.00693873 0.00198245
 0.551579 0.337671 0.0940878 0.0140252 0.00263717
 0.662707 0.22065 0.0894449 0.0231248 0.0040739
 0.664214 0.248403 0.0582587 0.022353 0.00677116
 0.673878 0.239062 0.0651386 0.0146303 0.00729176
 0.659698 0.250352 0.0666188 0.0174686 0.005863
 0.658205 0.24338 0.0727645 0.0190035 0.00664683
 0.648165 0.25094 0.0723109 0.0211432 0.00744164
 0.62893 0.261653 0.0785865 0.0221063 0.00872399
 0.32855 0.461117 0.149358 0.043815 0.0171607
 0.502437 0.192063 0.211202 0.0669894 0.0273084
 0.673446 0.185806 0.0550857 0.0592488 0.0264127
pobs_PELACES
 0 0 0 0 0
 0 0 0 0 0
 0 0 0 0 0
 0 0 0 0 0
 0 0 0 0 0
 0 0 0 0 0
 0 0 0 0 0
 0 0 0 0 0
 0 0 0 0 0
 0 0 0 0 0
 0.450072 0.473896 0.0757376 0.000293798 0
 0 0 0 0 0
 0.463077 0.371075 0.160297 0.00555027 0
 0.529543 0.364841 0.0842815 0.0213345 0
 0.631943 0.363953 0.00410389 0 0
 0.735681 0.248677 0.0153453 0.000297389 0
 0.695825 0.281241 0.0229344 0 0
 0.275771 0.60734 0.115278 0.00161068 0
 0 0 0 0 0
 0.896147 0.0623911 0.0374545 0.00400742 0
 0.803859 0.145111 0.0509908 3.86294e-05 0
 0.739449 0.233085 0.0266225 0.000797448 4.60066e-05
 0.878498 0.100942 0.0204185 0.000141795 0
 0.694673 0.275183 0.0284847 0.00165964 0
 0.469039 0.446079 0.0841089 0.000773354 0
 0.822795 0.102175 0.0682046 0.00682512 0
 0 0 0 0 0
ppred_PELACES
 0.813978 0.141223 0.040184 0.00461181 3.10249e-06
 0.750418 0.210141 0.0302086 0.00828366 0.000948994
 0.616486 0.30321 0.0679799 0.0094445 0.00288014
 0.679614 0.206883 0.0904013 0.0195632 0.003538
 0.688481 0.213412 0.0635029 0.0275634 0.00704029
 0.556769 0.312021 0.0900625 0.0266375 0.0145102
 0.707117 0.169202 0.0875124 0.0248349 0.0113334
 0.660414 0.248099 0.0531931 0.0271032 0.0111908
 0.732171 0.185321 0.0606782 0.0127006 0.00912861
 0.636278 0.274677 0.0620586 0.0198548 0.00713157
 0.510733 0.329733 0.121137 0.0267713 0.0116251
 0.51052 0.273363 0.14727 0.0523057 0.0165416
 0.660311 0.195121 0.0820359 0.0426431 0.0198891
 0.734115 0.201777 0.0378194 0.0149429 0.011345
 0.794898 0.170232 0.027088 0.00460323 0.00317868
 0.723888 0.23337 0.0359643 0.00527188 0.00150591
 0.625933 0.284946 0.0757508 0.0112547 0.00211585
 0.721181 0.184591 0.0722972 0.0186464 0.00328452
 0.717526 0.210448 0.0480502 0.0184015 0.00557361
 0.724985 0.202934 0.0539546 0.0120975 0.00602887
 0.704185 0.21829 0.0574286 0.0150467 0.00504994
 0.704232 0.211446 0.0623601 0.0162707 0.00569067
 0.695677 0.217994 0.0618894 0.0180771 0.00636215
 0.67762 0.228318 0.0675781 0.0189901 0.00749382
 0.376521 0.429936 0.137472 0.0402915 0.0157799
 0.556092 0.172781 0.187494 0.0594141 0.0242191
 0.722084 0.159485 0.04639 0.0498293 0.022212
pobs_pel_tallas
 0 0 0 0 0 0 0 0 0 0 0 0 0 0 0 0 0 0 0 0 0 0 0 0 0 0 0 0 0 0 0 0 0 0 0 0
 0 0 0 0 0 0 0 0 0 0 0 0 0 0 0 0 0 0 0 0 0 0 0 0 0 0 0 0 0 0 0 0 0 0 0 0
 0 0 0 0 0 0 0 0 0 0 0 0 0 0 0 0 0 0 0 0 0 0 0 0 0 0 0 0 0 0 0 0 0 0 0 0
 0 0 0 0 0 0 0 0 0 0 0 0 0 0 0 0 0 0 0 0 0 0 0 0 0 0 0 0 0 0 0 0 0 0 0 0
 0 0 0 0 0 0 0 0 0 0 0 0 0 0 0 0 0 0 0 0 0 0 0 0 0 0 0 0 0 0 0 0 0 0 0 0
 0 0 0 0 0 0 0 0 0 0 0 0 0 0 0 0 0 0 0 0 0 0 0 0 0 0 0 0 0 0 0 0 0 0 0 0
 0 0 0 0 0 0 0 0 0 0 0 0 0 0 0 0 0 0 0 0 0 0 0 0 0 0 0 0 0 0 0 0 0 0 0 0
 0 0 0 0 0 0 0 0 0 0 0 0 0 0 0 0 0 0 0 0 0 0 0 0 0 0 0 0 0 0 0 0 0 0 0 0
 0 0 0 0 0 0 0 0 0 0 0 0 0 0 0 0 0 0 0 0 0 0 0 0 0 0 0 0 0 0 0 0 0 0 0 0
 0 0 0 0 0 0 0 0 0 0 0 0 0 0 0 0 0 0 0 0 0 0 0 0 0 0 0 0 0 0 0 0 0 0 0 0
 0 0 0 0 0 0 0 0 1.78061e-05 0.00172719 0.00360574 0.0105946 0.0120993 0.0124554 0.0147524 0.0171206 0.0266825 0.0428682 0.0675386 0.121331 0.153587 0.119568 0.100827 0.0573624 0.0630603 0.0341343 0.0324427 0.0444173 0.0211091 0.0280891 0.0125444 0.00206551 0 0 0 0
 0 0 0 0 0 0 0 0 0 0 0 0 0 0 0 0 0 0 0 0 0 0 0 0 0 0 0 0 0 0 0 0 0 0 0 0
 0 0 0 0 0 0 0.0133647 0.0140871 0.0187388 0.0205184 0.03894 0.0496705 0.03968 0.0493445 0.0407372 0.0367815 0.0215668 0.0243155 0.0234873 0.0199281 0.019796 0.0243948 0.0301388 0.0376714 0.0412746 0.0863199 0.0771752 0.113111 0.0741005 0.0525337 0.0229764 0.00759418 0.00175318 0 0 0
 0 0 0 0 0 0 0 0 0 0 0.00219441 0.00772107 0.0458388 0.0604681 0.0671733 0.0775358 0.0609151 0.0617685 0.073594 0.0568108 0.0755445 0.0548602 0.0670107 0.0636378 0.0643287 0.046367 0.0373049 0.0286899 0.0247887 0.0153202 0.00654259 0.00121912 0.000365735 0 0 0
 0 0 0 0 0 0 0 0 0 0 0 0 0.000112435 0.00938835 0.0111873 0.0202946 0.0414886 0.0713402 0.111592 0.104902 0.108894 0.110636 0.117776 0.105296 0.107544 0.0401394 0.0192827 0.0124803 0.00416011 0.0028671 0.000618394 0 0 0 0 0
 0 0 0 0 0 0 0 0 0 0 0.00291406 0.0102884 0.027416 0.0768956 0.0749926 0.110853 0.0956884 0.0897413 0.0766577 0.0534642 0.0500743 0.0551293 0.0594112 0.0620874 0.0668451 0.0424026 0.0208742 0.0120726 0.0048766 0.00582813 0.00118941 0.000297354 0 0 0 0
 0 0.00264628 0.0354308 0.0461629 0.0458689 0.0383711 0.0214643 0.0164657 0.0346957 0.0420465 0.0363128 0.0245516 0.0311673 0.0291091 0.0169068 0.0133784 0.00837989 0.0085269 0.0148486 0.0160247 0.0276389 0.0546898 0.0760071 0.122758 0.109233 0.0665981 0.0333725 0.0166128 0.00676272 0.00308733 0.000882094 0 0 0 0 0
 0 0 0 0 0 0 0 0.000805153 0.000690131 0.00759144 0.0133425 0.0154129 0.00931677 0.000345066 0.00356568 0.00563607 0.00851162 0.0253048 0.0502646 0.0516448 0.0657925 0.0565908 0.0611916 0.0827007 0.0866115 0.110766 0.145733 0.0935128 0.0569358 0.0249597 0.0138026 0.00621118 0.00161031 0.00115022 0 0
 0 0 0 0 0 0 0 0 0 0 0 0 0 0 0 0 0 0 0 0 0 0 0 0 0 0 0 0 0 0 0 0 0 0 0 0
 0.00147267 0.00158595 0.00478618 0.00569244 0.00954404 0.0108468 0.00647125 0.017049 0.0510054 0.094081 0.124002 0.0959785 0.0687766 0.0820023 0.061753 0.0591476 0.0492212 0.0479892 0.0443925 0.0268479 0.0217502 0.0140895 0.0121071 0.0120363 0.00920419 0.00665534 0.0049561 0.00860946 0.00930331 0.0156896 0.0114698 0.00855282 0.00243557 0.00046729 0 2.83206e-05
 0 0 0 0 0.000772559 0.00158375 0.000888443 0.00281984 0.00712685 0.0440552 0.0773331 0.111326 0.0921469 0.0852325 0.0710754 0.0886704 0.0786465 0.0553345 0.0373146 0.0185414 0.00753245 0.00457741 0.012979 0.0271748 0.0457355 0.0583668 0.034881 0.0177882 0.00938659 0.00492506 0.0015258 0.00185414 0.000309023 5.79419e-05 3.86279e-05 0
 0 0.00173294 0.00326652 0 0.00397197 0.00683976 0.00946217 0.0152591 0.00757587 0.0136028 0.0228656 0.0392903 0.0559909 0.0764795 0.0681675 0.0726916 0.0566044 0.0477403 0.0527397 0.0444891 0.0609904 0.0582453 0.0661739 0.0445044 0.0529084 0.0360697 0.0280645 0.0235558 0.0158879 0.00826598 0.00280645 0.00217768 0.000904811 0.00058276 9.20147e-05 0
 0 0 0 0 0 0 0 0 0 0 0 0 0 0 0 0 0 0 0 0 0 0 0 0 0 0 0 0 0 0 0 0 0 0 0 0
 0 0 0 0 0 0 0 0 0 0 0 0 0 0 0 0 0 0 0 0 0 0 0 0 0 0 0 0 0 0 0 0 0 0 0 0
 0 0 0 0 0 0 0 0 0 0 0 0 0 0 0 0 0 0 0 0 0 0 0 0 0 0 0 0 0 0 0 0 0 0 0 0
 0 0 0 0 0 0 0 0 0 0 0 0 0 0 0 0 0 0 0 0 0 0 0 0 0 0 0 0 0 0 0 0 0 0 0 0
 0 0 0 0 0 0 0 0 0 0 0 0 0 0 0 0 0 0 0 0 0 0 0 0 0 0 0 0 0 0 0 0 0 0 0 0
ppred_pel_tallas
 1.00776e-16 3.55117e-05 0.000208433 0.000990813 0.00381471 0.0118959 0.0300479 0.0614817 0.101911 0.13686 0.148919 0.13133 0.0939498 0.0547081 0.026323 0.0112066 0.00546077 0.00450378 0.00553034 0.0073162 0.00937642 0.0114377 0.0132592 0.0146205 0.0153579 0.0153994 0.0147792 0.0136227 0.0121112 0.0104377 0.00876784 0.00721771 0.00584934 0.00468049 0.00370103 0.00288855
 1.00827e-16 3.27429e-05 0.000192172 0.000913491 0.00351698 0.0109674 0.0277027 0.0566838 0.0939607 0.12619 0.137328 0.121152 0.0867664 0.0507217 0.0247726 0.011177 0.00637409 0.0061614 0.00795066 0.0105766 0.0135158 0.0164056 0.0188963 0.0206658 0.021482 0.0212557 0.0200603 0.0181076 0.0156913 0.013117 0.0106413 0.00843626 0.00658321 0.00508904 0.00391407 0.00299932
 1.01523e-16 2.69067e-05 0.000157899 0.000750537 0.00288953 0.00901067 0.0227604 0.0465721 0.0772033 0.103697 0.112881 0.099662 0.071543 0.0421599 0.0212214 0.0106435 0.0075622 0.00856999 0.0115489 0.0154944 0.0198633 0.0241848 0.0279639 0.0307332 0.0321489 0.0320679 0.0305774 0.0279618 0.024625 0.0209919 0.017424 0.014169 0.0113524 0.00899964 0.00707319 0.0055089
 1.02189e-16 2.96556e-05 0.000174046 0.00082732 0.0031852 0.00993272 0.0250893 0.0513365 0.0850977 0.114289 0.124382 0.109746 0.0786289 0.0460285 0.0226016 0.0104074 0.00623829 0.00630662 0.00828447 0.0111272 0.0143623 0.0176518 0.0206569 0.0230529 0.0245884 0.0251364 0.0247161 0.0234743 0.0216383 0.0194559 0.0171445 0.0148615 0.0127008 0.0107054 0.00888879 0.00725325
 1.02248e-16 3.00424e-05 0.000176317 0.000838114 0.00322676 0.0100623 0.0254167 0.0520063 0.086208 0.11578 0.126006 0.111179 0.0796567 0.0466323 0.0229014 0.0105496 0.0063257 0.00638977 0.00837881 0.011228 0.0144514 0.0176989 0.0206226 0.0228937 0.0242642 0.0246196 0.0239999 0.0225773 0.0206046 0.0183494 0.0160392 0.0138304 0.0118042 0.00998377 0.00835922 0.00691033
 1.02974e-16 2.43032e-05 0.000142613 0.000677863 0.00260972 0.00813807 0.0205563 0.0420625 0.0697289 0.0936612 0.101967 0.0900506 0.0646969 0.0382336 0.0194461 0.0100861 0.00758945 0.00889809 0.0121096 0.0163119 0.0209912 0.0256805 0.0298778 0.0331033 0.034996 0.0353928 0.0343582 0.0321528 0.0291556 0.0257678 0.0223308 0.0190787 0.0161329 0.0135254 0.0112365 0.00922847
 1.02681e-16 3.08533e-05 0.000181081 0.000860774 0.00331402 0.0103344 0.026104 0.0534123 0.0885372 0.118904 0.129394 0.114142 0.0817221 0.0477252 0.0232224 0.0103364 0.00571053 0.00539101 0.00695677 0.00934209 0.0121003 0.0149447 0.0175994 0.0197985 0.0213318 0.0220849 0.0220577 0.0213494 0.0201229 0.018558 0.0168134 0.0150052 0.0132053 0.0114532 0.00977202 0.00818161
 1.02291e-16 2.88199e-05 0.000169137 0.000803972 0.00309529 0.00965233 0.0243811 0.0498878 0.0826975 0.111069 0.120889 0.106688 0.0764915 0.0448848 0.0222392 0.0105735 0.00678669 0.00720631 0.00956404 0.012818 0.0164601 0.0200945 0.0233184 0.0257531 0.0271185 0.0272948 0.026346 0.0244923 0.022047 0.0193372 0.0166372 0.0141304 0.0119049 0.0099735 0.00830634 0.00685969
 1.01785e-16 3.19464e-05 0.000187497 0.000891273 0.00343144 0.0107006 0.0270289 0.055305 0.0916747 0.123118 0.133981 0.118191 0.0846278 0.0494348 0.0240769 0.0107522 0.00598389 0.00567338 0.00730454 0.00975911 0.0125549 0.0153729 0.0179073 0.0198704 0.0210451 0.0213307 0.0207608 0.0194853 0.0177252 0.015716 0.0136594 0.0116961 0.00990144 0.00829938 0.00688349 0.00563645
 1.01986e-16 2.77686e-05 0.000162962 0.000774611 0.00298223 0.00929976 0.0234906 0.0480659 0.0796785 0.107018 0.116488 0.102824 0.073766 0.0433754 0.0216583 0.010576 0.00715625 0.00787171 0.0105374 0.0141342 0.0181392 0.0221212 0.0256333 0.0282539 0.0296714 0.0297537 0.0285739 0.026381 0.0235297 0.020392 0.0172826 0.014415 0.0118956 0.00974403 0.00792856 0.00639771
 1.03291e-16 2.22966e-05 0.000130831 0.000621846 0.00239403 0.00746545 0.0188574 0.0385865 0.063968 0.0859274 0.0935591 0.0826522 0.0594408 0.0352471 0.0181488 0.00977578 0.0077996 0.00943462 0.0129438 0.0174805 0.0225409 0.0276426 0.0322566 0.035871 0.0380944 0.0387389 0.0378537 0.0356932 0.0326389 0.0291008 0.0254331 0.0218862 0.0185998 0.0156261 0.0129661 0.0106019
 1.0475e-16 2.2285e-05 0.000130768 0.000621558 0.00239294 0.00746207 0.0188488 0.0385684 0.0639366 0.0858806 0.0934962 0.0825679 0.0593179 0.0350496 0.0178195 0.00923678 0.00695686 0.0081881 0.0112056 0.0152006 0.0197351 0.0244157 0.0288103 0.0324917 0.0351177 0.036498 0.0366233 0.0356426 0.0338063 0.0313923 0.0286463 0.0257491 0.0228147 0.0199097 0.0170789 0.0143651
 1.03623e-16 2.88133e-05 0.000169103 0.00080382 0.00309472 0.00965058 0.0243766 0.0498783 0.0826802 0.111042 0.120848 0.106625 0.0763876 0.0447064 0.0219341 0.0100704 0.00599889 0.0060411 0.00794004 0.0106893 0.0138425 0.0170873 0.0201114 0.0226147 0.0243619 0.0252301 0.0252268 0.0244728 0.0231577 0.0214858 0.0196309 0.0177132 0.0157991 0.0139174 0.0120809 0.0103035
 1.01647e-16 3.20317e-05 0.000187997 0.000893646 0.00344058 0.0107291 0.0271009 0.0554523 0.0919193 0.123448 0.134343 0.118518 0.0848782 0.0496137 0.0242243 0.0109189 0.00621477 0.00600328 0.00775675 0.010342 0.0132561 0.0161546 0.0187051 0.0205994 0.021612 0.0216501 0.0207721 0.019165 0.017092 0.0148273 0.0125996 0.0105615 0.00878418 0.00727492 0.00600314 0.00492548
 1.00747e-16 3.46809e-05 0.000203553 0.000967606 0.00372535 0.0116172 0.029344 0.0600417 0.0995253 0.133658 0.145443 0.128281 0.0918072 0.0535369 0.0259024 0.0112719 0.00585076 0.00517165 0.00649225 0.00860007 0.0109888 0.0133456 0.0153838 0.0168416 0.0175301 0.0173759 0.0164365 0.0148812 0.012946 0.0108763 0.00887895 0.00709262 0.00558347 0.00435807 0.00338582 0.00262076
 1.00839e-16 3.15871e-05 0.000185384 0.000881215 0.0033927 0.0105798 0.0267238 0.054681 0.0906417 0.121735 0.132487 0.116899 0.0837594 0.0490414 0.0240967 0.0111172 0.00668148 0.00674521 0.00881234 0.0117462 0.015014 0.018224 0.0209893 0.022952 0.0238532 0.0235935 0.0222535 0.0200684 0.017365 0.0144836 0.0117112 0.0092409 0.00716522 0.00549373 0.0041836 0.00316972
 1.01654e-16 2.7318e-05 0.000160315 0.000762026 0.00293377 0.00914864 0.0231089 0.047285 0.0783845 0.105281 0.114601 0.101168 0.072597 0.042727 0.021407 0.0105736 0.00731006 0.00815179 0.0109504 0.014698 0.0188667 0.0230112 0.0266663 0.0293908 0.0308572 0.0309233 0.0296607 0.0273252 0.0242848 0.0209291 0.0175915 0.0145035 0.0117862 0.00947102 0.00753314 0.00592392
 1.01881e-16 3.14671e-05 0.000184684 0.000877897 0.00337994 0.01054 0.0266233 0.0544749 0.0902989 0.121271 0.131972 0.116421 0.0833647 0.0487064 0.02374 0.0106332 0.0059638 0.00569803 0.00736045 0.00985193 0.0126985 0.0155854 0.0182082 0.0202783 0.0215744 0.0219883 0.0215432 0.0203767 0.0186979 0.0167327 0.0146772 0.0126715 0.0107958 0.009083 0.00753839 0.00615703
 1.01644e-16 3.13088e-05 0.000183752 0.000873461 0.00336285 0.0104867 0.0264887 0.0541998 0.0898435 0.120661 0.131314 0.115854 0.0829882 0.0485452 0.0237704 0.0108296 0.00632607 0.00624949 0.0081315 0.0108611 0.0139363 0.0170035 0.0197165 0.021752 0.0228709 0.0229711 0.0221069 0.020467 0.0183201 0.0159483 0.01359 0.0114065 0.00947789 0.00781933 0.00640736 0.00520457
 1.0153e-16 3.16337e-05 0.00018566 0.000882536 0.0033978 0.0105957 0.0267639 0.0547628 0.0907766 0.121914 0.132675 0.117049 0.0838327 0.0490159 0.0239576 0.010842 0.00623329 0.00607706 0.0078797 0.0105231 0.0135092 0.0164938 0.0191415 0.0211388 0.0222525 0.0223804 0.0215709 0.0200019 0.0179299 0.0156256 0.0133197 0.0111709 0.00926076 0.00760939 0.00619939 0.00499894
 1.0164e-16 3.07274e-05 0.000180338 0.000857228 0.00330035 0.0102918 0.0259964 0.0531925 0.0881742 0.118421 0.128879 0.113713 0.0814699 0.0476888 0.0234105 0.0107666 0.00642925 0.0064678 0.0084613 0.0113159 0.0145296 0.0177397 0.0205874 0.0227356 0.0239335 0.0240712 0.023201 0.0215142 0.0192864 0.0168089 0.0143296 0.0120188 0.0099643 0.00818751 0.00666975 0.00537696
 1.0178e-16 3.07292e-05 0.000180349 0.000857283 0.00330056 0.0102925 0.025998 0.0531958 0.0881796 0.118427 0.128885 0.113714 0.0814636 0.0476701 0.0233735 0.0107032 0.0063292 0.00631975 0.00825525 0.0110464 0.0141991 0.0173616 0.0201862 0.0223458 0.0235949 0.0238227 0.0230735 0.0215254 0.0194379 0.0170865 0.0147067 0.0124615 0.0104369 0.00865734 0.00711073 0.00577101
 1.01869e-16 3.03564e-05 0.00017816 0.000846874 0.00326049 0.0101675 0.0256823 0.05255 0.0871092 0.116991 0.127323 0.112342 0.0804919 0.0471246 0.023149 0.0106729 0.0064108 0.0064816 0.00849545 0.0113728 0.0146175 0.01787 0.0207729 0.0229895 0.0242677 0.0244945 0.0237168 0.0221194 0.0199708 0.0175551 0.0151147 0.0128164 0.0107474 0.0089309 0.00735256 0.0059841
 1.02037e-16 2.95694e-05 0.000173538 0.000824902 0.00317588 0.00990367 0.025016 0.0511866 0.0848496 0.113958 0.124026 0.109443 0.0784354 0.0459628 0.0226573 0.0105794 0.00653705 0.00675601 0.00891021 0.0119432 0.0153587 0.0187863 0.0218527 0.0242053 0.0255789 0.0258535 0.0250758 0.0234366 0.021214 0.0187033 0.0161563 0.0137472 0.0115673 0.00964266 0.00796035 0.00649346
 1.04214e-16 1.64484e-05 9.64877e-05 0.000458552 0.00176527 0.00550468 0.0139048 0.0284538 0.047176 0.0633884 0.0690643 0.0611222 0.0441954 0.0266858 0.0146222 0.00929375 0.00907112 0.0119649 0.0167067 0.0226053 0.0291289 0.0356767 0.041565 0.0461312 0.0488727 0.049556 0.0482592 0.045329 0.0412762 0.0366448 0.0318999 0.0273648 0.0232122 0.0194961 0.0162016 0.0132894
 1.05892e-16 2.42682e-05 0.00014242 0.000676973 0.00260633 0.00812756 0.0205296 0.0420068 0.0696329 0.0935212 0.101786 0.0898203 0.06438 0.0377433 0.0186416 0.0087769 0.00554762 0.00588418 0.00791705 0.0108294 0.0142708 0.0179915 0.0217249 0.0251905 0.0281369 0.0303808 0.0318281 0.0324683 0.0323509 0.0315552 0.030167 0.0282689 0.0259444 0.023287 0.0204077 0.0174331
 1.03461e-16 3.15053e-05 0.000184911 0.000878982 0.00338413 0.0105531 0.0266563 0.0545422 0.0904097 0.121417 0.132125 0.116542 0.08342 0.0486756 0.0236074 0.0103747 0.00554092 0.00506087 0.00645802 0.00864615 0.0111794 0.0137845 0.0162063 0.0182046 0.0195954 0.0202873 0.0202963 0.0197282 0.0187414 0.0175007 0.0161399 0.0147434 0.0133487 0.0119614 0.010577 0.00919667
pSPR Fmed_Fpbrs
0.495906   0.6 0.325
Fs Fmed_Fpbrs
0.64   0.41587 1.35842
SSBpbr Bo_Bmed_Bpbrs
1.4612e+06  651557  803660 401830
Ro
47098.7
SPR SPRFo_SPRFmed_SPRFpbrs
972787 482410 316156
log_Ro
10.58
likeval ReclasPelacesDesembMPH_pf_preclas_ppelaces_ptallas_desvR_qrecl_qpela
 65.0447 16.9556 0.0302883 53.6166 334.064 216.521 54.7016 0 17.8903 3.30116e-05 2.01499e-05 1.15513e-15 0 0 0
q_reclas_q_pelaces
0.443006 1.89389
M
0.7
N
 47817.8 12081.8 3964.29 459.538 0.309309
 57200.5 21471 3449.11 953.19 109.245
 34792.4 26260.7 6925.51 973.18 296.956
 46684.2 15404.6 6940.26 1505.12 272.232
 71992.7 22687.3 6793.19 2949.88 753.48
 53092.4 35592.8 10995.7 3267.68 1780.45
 93624.3 25129.2 13575.3 3864.26 1763.75
 95581.4 45083.9 10537.1 5401.46 2230.97
 138833 44657 16012.3 3372.95 2425.15
 126336 64655.1 15581 5007.52 1799.07
 66506.6 59940.9 24989.8 5571.92 2420.69
 41905.4 30202.6 18211.1 6519.3 2062.59
 40346 19217.4 9682.56 5097.35 2379.07
 24980.6 17630 4724.33 1914 1455.1
 17711.3 9635.79 2183.3 380.328 262.977
 14763.9 6851.32 1212.19 179.419 51.2774
 10693.8 6649.91 1989.69 298.078 56.0629
 15189.3 4884.76 2086.1 541.307 95.3808
 20246.2 7095.36 1733.15 666.881 202.042
 29101.2 9585.69 2710.78 610.435 304.284
 41378.3 13834.6 3745.55 983.334 330.06
 61255.5 20135.7 6145.89 1607.42 562.268
 85839.1 29689.4 8750.39 2562.6 902.018
 111804 41513.8 12748.1 3591.61 1417.5
 43483.4 54094.4 17867.7 5248.78 2055.9
 62192.4 21103.2 23677.8 7520.74 3066.08
 120352 30163.5 9204.42 9920.09 4422.79
pred_Ctot
 3313.45 3812.24 1532.24 179.73 0.121049
 3119.38 5546.85 1106.18 309.619 35.5094
 2730.2 9157.42 2934.53 417.044 127.333
 718.323 1248.98 725.597 159.793 28.9254
 228.44 392.307 153.387 67.6963 17.3064
 1794.5 6027.91 2357.73 710.603 387.472
 2043.53 2839.6 1965.29 567.824 259.374
 4079.96 9412.84 2761.67 1434.9 593.082
 6231.86 9746.41 4377.76 934.559 672.423
 4059.31 10456.7 3195.67 1041.72 374.546
 4110.33 17210.2 8848.29 1997.26 868.264
 2316.52 7893.46 5904.5 2140.71 677.738
 3509.14 7262.46 4414.11 2349.03 1096.98
 4069.16 10270.1 3137.07 1280.06 973.52
 2855.85 5579.24 1442.54 253.108 175.078
 992.728 2109.3 457.978 68.6014 19.6185
 619.411 1808.14 669.534 101.568 19.1156
 650.274 1022.52 548.103 144.154 25.4188
 680.029 1194.82 369.59 144.23 43.7292
 895.173 1489.73 534.976 122.204 60.9612
 597.591 1055.55 368.86 98.3427 33.0361
 1057.54 1822.35 715.883 190.105 66.5517
 1613.84 2913.81 1103.59 328.111 115.586
 2068.06 4011.85 1583.62 452.964 178.915
 710.604 4645.91 1976.9 589.672 231.157
 1044.6 1860.51 2687.96 866.892 353.704
 2887.42 3724.37 1452.87 1589.1 709.043
F
 0.100698 0.553588 0.725267 0.737301 0.737946
 0.0784879 0.431489 0.565303 0.574683 0.575185
 0.114731 0.630736 0.82634 0.840052 0.840786
 0.0216004 0.118749 0.155575 0.158156 0.158295
 0.00442084 0.0243036 0.0318407 0.0323691 0.0323973
 0.0480021 0.263893 0.345731 0.351468 0.351775
 0.030765 0.169131 0.221582 0.225259 0.225456
 0.0609671 0.335168 0.439111 0.446397 0.446787
 0.0642028 0.352956 0.462415 0.470088 0.470499
 0.0455841 0.2506 0.328316 0.333764 0.334056
 0.0893727 0.491328 0.6437 0.65438 0.654952
 0.0795998 0.437602 0.573311 0.582824 0.583334
 0.127892 0.703088 0.92113 0.936415 0.937233
 0.252616 1.38876 1.81945 1.84964 1.85125
 0.249759 1.37305 1.79887 1.82872 1.83032
 0.0975822 0.536461 0.702828 0.71449 0.715115
 0.0835482 0.459308 0.601749 0.611734 0.612269
 0.0611514 0.336181 0.440438 0.447746 0.448138
 0.0476952 0.262206 0.343521 0.349221 0.349526
 0.0436021 0.239704 0.314041 0.319252 0.319531
 0.0202623 0.111392 0.145937 0.148359 0.148489
 0.0242645 0.133395 0.174763 0.177663 0.177818
 0.0264493 0.145405 0.190499 0.19366 0.193829
 0.0260173 0.143031 0.187388 0.190497 0.190663
 0.0229549 0.126195 0.165331 0.168074 0.168221
 0.0235997 0.12974 0.169975 0.172795 0.172946
 0.0338619 0.186157 0.243888 0.247935 0.248152
Np
 36417 17086.5 21001.6 4103.22 1558.48
YTP_r0W_actual
 39281.3 127840 71384.5 99604.6 49316.3
YTP_p0W_proyectada
 11886 244863 96435.3 35961.3 59476.7
 11886 72416.3 162877 41199.2 17377.8
CTP_r0_actual
 4790.41 5918.5 2273.39 2483.91 1108.23
CTP_p0_proyectada
 1449.52 11336.3 3071.19 896.79 1336.55
 1449.52 3352.61 5187.16 1027.41 390.513
Wmedp
 8.2 21.6 31.4 40.1 44.5
nmprior
 10.8 10.6 4.6 0
nm_flota  nm_reclas  nm_pelaces    nm_pelaL
inf 13.8829 20.3989 68.1474
cv_recla  cv_pelaces  cv_mph
0.698452 0.451074 0.587093
 ------------------------------------------------
Talla a la edad & desviaci?n 
 7.2 14.2025 17.0495 18.207 18.6776
 1.08 2.13037 2.55742 2.73105 2.80164
