years
 1997 1998 1999 2000 2001 2002 2003 2004 2005 2006 2007 2008 2009 2010 2011 2012 2013 2014 2015 2016 2017 2018 2019 2020 2021 2022 2023
reclasobs
 0 0 0 370054 412103 1.49427e+06 250295 1.28982e+06 931140 785840 897777 1.04006e+06 184774 17550 25797 100020 73551 82996 120727 218422 84188 347160 605670 569463 516374 1.08416e+06 1.01767e+06
reclaspred
 459694 124132 345722 230669 332356 392937 842374 597123 759090 786198 666843 457393 266358 110720 76521.3 72256.7 73042.6 97279.8 117478 169782 260601 266794 480174 603910 732958 653675 631455
pelacesobs
 0 0 0 0 0 0 0 0 0 2.06254e+06 1.5e+06 0 1.87456e+06 323000 250000 174000 83755 137374 0 501740 490994 745055 786931 1.00524e+06 1.33801e+06 1.41789e+06 0
pelacespred
 1.92912e+06 378673 704141 697610 898261 770003 2.21748e+06 1.74622e+06 2.16084e+06 2.1403e+06 1.53129e+06 1.08756e+06 643973 218297 164213 154513 162187 228682 266318 387939 701828 646459 956962 1.41224e+06 1.59125e+06 1.57362e+06 1.48568e+06
mphobs
 0 0 0 0 0 0 112323 0 153150 637223 0 255016 313432 73983 77613 109348 50772 17779 17303 59886 28197 0 207744 136588 643089 65757 70829
mphpred
 154716 90135 105485 110312 117295 178946 253547 310670 289416 345741 344392 241122 143225 111851 50523.4 45413.5 42600.6 51841.4 26479.7 32759.6 52791 69379.6 92986 137179 175497 166410 145562
desembarqueobs
 350755 77701 442110 56441 14545 235359 269955 359681 431902 328805 639364 411747 362871 311530 167758 66681 60226 58785 57116 73181 50977 67692 138656 160484 209506 203330 245020
desembarquepred
 350770 77706 442172 56446.2 14545.5 235494 270030 359702 431915 328845 639527 411905 363223 311840 167676 66702.6 60278.8 58786.8 57098.5 73184.2 50979.3 67681.6 138666 160500 209540 203351 245016
Reclutas
 40245.1 47474.1 26334.1 35151.3 56536.2 40389 77339.8 79701.2 122682 119375 65321.6 43770.3 41484.9 26212.7 16839.2 12670.7 8710.42 12332.2 16297.1 22242.3 32441 47615.1 66273.7 86861.8 33091.3 47134.1 88022.4
log_desv_Rt
 0.0227433 0.187939 -0.40138 -0.112583 0.362636 0.0263121 0.675964 0.70604 1.13735 1.11003 0.507077 0.106711 0.053084 -0.406002 -0.848535 -1.13295 -1.50772 -1.16003 -0.881256 -0.570249 -0.192823 0.190904 0.521549 0.792074 -0.172976 0.180753 0.805346
SSB
 455690 265478 310690 324906 345474 527057 725599 904008 832141 997307 1.01435e+06 710186 436693 212980 100708 90390.2 89219.8 102969 135994 177201 269231 344795 475058 669309 937084 915388 753442
BT
 1.6576e+06 401466 740167 555729 649469 736300 1.76115e+06 1.64554e+06 1.92733e+06 1.83283e+06 1.65866e+06 1.14636e+06 807624 442880 252494 164097 165596 209794 237234 333824 540512 522774 775380 1.13823e+06 1.29486e+06 1.29896e+06 1.26964e+06
Ftot
 0.952052 0.798267 1.28015 0.259721 0.0498011 0.524674 0.346099 0.672801 0.705182 0.466339 0.866984 0.769746 1.25925 2.64932 2.68264 1.01861 0.889058 0.685513 0.528074 0.478717 0.221064 0.258098 0.280312 0.277905 0.242854 0.252757 0.381329
BD_Bspro_t
 0.913126 0.656099 0.591791 0.424136 0.566432 0.719181 0.660046 0.680925 0.62902 0.624454 0.597958 0.438694 0.328727 0.216247 0.129583 0.141263 0.187211 0.273765 0.388935 0.512512 0.638456 0.746633 0.772986 0.778305 0.787289 0.732063 0.690809
BD_Bspro
 0.560822 0.326726 0.382369 0.399864 0.425178 0.648654 0.893001 1.11257 1.02412 1.2274 1.24837 0.874032 0.537442 0.262117 0.123942 0.111244 0.109804 0.126725 0.167369 0.218083 0.331345 0.424343 0.584658 0.823724 1.15328 1.12658 0.927268
BD_Bo
 0.432581 0.252015 0.294935 0.308429 0.327955 0.500329 0.688802 0.858164 0.789942 0.946732 0.96291 0.674171 0.414548 0.20218 0.0956004 0.0858064 0.0846953 0.0977476 0.129097 0.168215 0.255578 0.32731 0.450967 0.635367 0.889562 0.868966 0.715233
BD_Brms
 0.786511 0.458209 0.536245 0.56078 0.596281 0.909689 1.25237 1.5603 1.43626 1.72133 1.75075 1.22576 0.753723 0.3676 0.173819 0.156012 0.153991 0.177723 0.234723 0.305845 0.464687 0.595109 0.819939 1.15521 1.61739 1.57994 1.30042
S_f
 0.110846 0.703144 0.978263 0.998832 0.999938
 0.110846 0.703144 0.978263 0.998832 0.999938
 0.110846 0.703144 0.978263 0.998832 0.999938
 0.110846 0.703144 0.978263 0.998832 0.999938
 0.110846 0.703144 0.978263 0.998832 0.999938
 0.110846 0.703144 0.978263 0.998832 0.999938
 0.110846 0.703144 0.978263 0.998832 0.999938
 0.110846 0.703144 0.978263 0.998832 0.999938
 0.110846 0.703144 0.978263 0.998832 0.999938
 0.110846 0.703144 0.978263 0.998832 0.999938
 0.110846 0.703144 0.978263 0.998832 0.999938
 0.110846 0.703144 0.978263 0.998832 0.999938
 0.110846 0.703144 0.978263 0.998832 0.999938
 0.110846 0.703144 0.978263 0.998832 0.999938
 0.110846 0.703144 0.978263 0.998832 0.999938
 0.110846 0.703144 0.978263 0.998832 0.999938
 0.110846 0.703144 0.978263 0.998832 0.999938
 0.110846 0.703144 0.978263 0.998832 0.999938
 0.110846 0.703144 0.978263 0.998832 0.999938
 0.110846 0.703144 0.978263 0.998832 0.999938
 0.110846 0.703144 0.978263 0.998832 0.999938
 0.110846 0.703144 0.978263 0.998832 0.999938
 0.110846 0.703144 0.978263 0.998832 0.999938
 0.110846 0.703144 0.978263 0.998832 0.999938
 0.110846 0.703144 0.978263 0.998832 0.999938
 0.110846 0.703144 0.978263 0.998832 0.999938
 0.110846 0.703144 0.978263 0.998832 0.999938
Scru_reclas
 0.700965 0.9774 0.998748 0.999932 0.999996
 0.700965 0.9774 0.998748 0.999932 0.999996
 0.700965 0.9774 0.998748 0.999932 0.999996
 0.700965 0.9774 0.998748 0.999932 0.999996
 0.700965 0.9774 0.998748 0.999932 0.999996
 0.700965 0.9774 0.998748 0.999932 0.999996
 0.700965 0.9774 0.998748 0.999932 0.999996
 0.700965 0.9774 0.998748 0.999932 0.999996
 0.700965 0.9774 0.998748 0.999932 0.999996
 0.700965 0.9774 0.998748 0.999932 0.999996
 0.700965 0.9774 0.998748 0.999932 0.999996
 0.700965 0.9774 0.998748 0.999932 0.999996
 0.700965 0.9774 0.998748 0.999932 0.999996
 0.700965 0.9774 0.998748 0.999932 0.999996
 0.700965 0.9774 0.998748 0.999932 0.999996
 0.700965 0.9774 0.998748 0.999932 0.999996
 0.700965 0.9774 0.998748 0.999932 0.999996
 0.700965 0.9774 0.998748 0.999932 0.999996
 0.700965 0.9774 0.998748 0.999932 0.999996
 0.700965 0.9774 0.998748 0.999932 0.999996
 0.700965 0.9774 0.998748 0.999932 0.999996
 0.700965 0.9774 0.998748 0.999932 0.999996
 0.700965 0.9774 0.998748 0.999932 0.999996
 0.700965 0.9774 0.998748 0.999932 0.999996
 0.700965 0.9774 0.998748 0.999932 0.999996
 0.700965 0.9774 0.998748 0.999932 0.999996
 0.700965 0.9774 0.998748 0.999932 0.999996
Scru_pelaces
 1 1 1 1 1
 1 1 1 1 1
 1 1 1 1 1
 1 1 1 1 1
 1 1 1 1 1
 1 1 1 1 1
 1 1 1 1 1
 1 1 1 1 1
 1 1 1 1 1
 1 1 1 1 1
 1 1 1 1 1
 1 1 1 1 1
 1 1 1 1 1
 1 1 1 1 1
 1 1 1 1 1
 1 1 1 1 1
 1 1 1 1 1
 1 1 1 1 1
 1 1 1 1 1
 1 1 1 1 1
 1 1 1 1 1
 1 1 1 1 1
 1 1 1 1 1
 1 1 1 1 1
 1 1 1 1 1
 1 1 1 1 1
 1 1 1 1 1
pf_obs 
 0.256992 0.487395 0.22802 0.0275931 0
 0.321318 0.546541 0.124235 0.00734118 0.000564706
 0.182869 0.594174 0.210203 0.0122559 0.00049798
 0.330522 0.361315 0.267642 0.0388342 0.00168674
 0.649043 0.306663 0.0425973 0.00169635 0
 0.582887 0.30429 0.105238 0.00758474 0
 0.465427 0.430635 0.0974691 0.00646863 0
 0.296916 0.608066 0.0921331 0.00288517 0
 0.311714 0.524322 0.152257 0.0117073 0
 0.15457 0.633149 0.183074 0.0267441 0.00246327
 0.131901 0.49318 0.331252 0.0422183 0.00144891
 0.196976 0.569456 0.194076 0.0375587 0.00193317
 0.518974 0.381816 0.0799577 0.0180837 0.00116848
 0.0928022 0.601141 0.25162 0.0475244 0.00691264
 0.122501 0.610282 0.24278 0.0234846 0.000952079
 0.383417 0.481906 0.127806 0.00687128 0
 0.0376549 0.599619 0.316969 0.0457579 0
 0.0361596 0.667082 0.258105 0.0386534 0
 0.158088 0.579412 0.248529 0.0139706 0
 0.0477256 0.309471 0.559284 0.082774 0.000745712
 0.0406174 0.521527 0.379366 0.0568643 0.0016247
 0.151134 0.462217 0.34131 0.0453401 0
 0.294876 0.26143 0.354403 0.0886775 0.000613685
 0.281977 0.475581 0.204845 0.0348837 0.00271318
 0.0841818 0.532909 0.334909 0.0458182 0.00218182
 0.115287 0.27431 0.454777 0.147771 0.00785563
 0 0 0 0 0
pf_pred 
 0.339735 0.453114 0.185279 0.0218585 1.40193e-05
 0.288893 0.570205 0.109869 0.0278496 0.00318291
 0.163432 0.626828 0.18142 0.0222301 0.00609004
 0.24383 0.467077 0.242011 0.0409277 0.00615388
 0.255786 0.480467 0.183908 0.067084 0.0127542
 0.145099 0.557566 0.213056 0.059134 0.0251456
 0.268421 0.381406 0.258333 0.0663042 0.0255357
 0.220595 0.548878 0.141423 0.0661547 0.0229488
 0.293481 0.467915 0.18771 0.0315694 0.0193246
 0.218261 0.580781 0.151158 0.0394209 0.0103785
 0.126656 0.559807 0.254416 0.0447558 0.0143657
 0.130197 0.459708 0.303611 0.0869146 0.0195694
 0.195398 0.441977 0.231577 0.0977777 0.0332708
 0.227433 0.560294 0.144483 0.0438816 0.0239092
 0.289846 0.598663 0.0961407 0.0106519 0.00469856
 0.262073 0.636681 0.0938087 0.00646696 0.000970637
 0.181176 0.596542 0.202617 0.0182652 0.00140027
 0.267966 0.455596 0.224154 0.0477892 0.00449414
 0.271518 0.525216 0.145863 0.0467964 0.0106064
 0.267133 0.515279 0.173018 0.0322227 0.0123468
 0.262773 0.508407 0.178116 0.0405312 0.0101722
 0.253379 0.496599 0.189886 0.0470443 0.0130914
 0.243748 0.498909 0.190358 0.0511551 0.0158293
 0.230629 0.500376 0.197933 0.0528848 0.0181776
 0.077556 0.584184 0.246114 0.068221 0.0239249
 0.138698 0.279813 0.41372 0.122829 0.0449405
 0.255874 0.380871 0.148211 0.15402 0.0610237
pobs_RECLAS
 0 0 0 0 0
 0 0 0 0 0
 0 0 0 0 0
 0 0 0 0 0
 0.835266 0.146461 0.0176864 0.000547809 3.91292e-05
 0.385257 0.428462 0.181853 0.0044286 0
 0.867414 0.0963971 0.0333333 0.00285562 0
 0.441836 0.489002 0.0689373 0.000224442 0
 0.779404 0.147425 0.0564933 0.0165055 0.000172143
 0.814271 0.122319 0.05973 0.00367925 0
 0.40263 0.566651 0.0304383 0.000280538 0
 0.475488 0.404961 0.113038 0.00651328 0
 0.955842 0.0263864 0.0167828 0.000988607 0
 0.975058 0.0227948 0.00214734 0 0
 0.738997 0.206755 0.0527124 0.00153531 0
 0.850938 0.134255 0.0134407 0.00136685 0
 0.542534 0.407297 0.0501686 0 0
 0.764087 0.199537 0.0359546 0.000420521 0
 0.470689 0.182191 0.310203 0.0369168 0
 0.84361 0.089868 0.0606195 0.00523954 0.000663233
 0.607945 0.314616 0.071237 0.00620181 0
 0.523733 0.453247 0.0230204 0 0
 0.530135 0.295979 0.169645 0.0042399 0
 0.562478 0.366248 0.0663022 0.0049721 0
 0.250443 0.683176 0.0655157 0.000865301 0
 0.195077 0.31981 0.436473 0.0351445 0.0134964
 0.565238 0.351407 0.0832357 0.000118908 0
ppred_RECLAS
 0.730264 0.203638 0.0592566 0.00683746 4.38015e-06
 0.670915 0.279765 0.0386404 0.00958533 0.00109424
 0.509071 0.398117 0.0805371 0.00963757 0.00263693
 0.623198 0.259742 0.0983149 0.0162966 0.00244774
 0.634027 0.261327 0.0734056 0.0262541 0.0049863
 0.466809 0.385207 0.106667 0.0289992 0.0123178
 0.660989 0.203542 0.100475 0.0252716 0.00972238
 0.592123 0.313708 0.0582484 0.0266771 0.00924375
 0.683718 0.231657 0.0668813 0.0110116 0.0067329
 0.582585 0.333942 0.0631087 0.0161238 0.00424037
 0.434778 0.404145 0.131245 0.0225892 0.00724222
 0.449816 0.336158 0.159341 0.0446448 0.0100406
 0.579706 0.267826 0.0982061 0.0404988 0.0137632
 0.650489 0.282894 0.0458188 0.0134709 0.00732696
 0.711634 0.258374 0.0259795 0.00278564 0.0012266
 0.640024 0.323545 0.0338104 0.00227903 0.000341654
 0.533337 0.368766 0.0894076 0.00788491 0.000603775
 0.658239 0.238114 0.0843804 0.0176125 0.00165442
 0.653124 0.271254 0.0545846 0.0171532 0.0038835
 0.648517 0.269296 0.0656298 0.011974 0.00458309
 0.641093 0.270333 0.0692531 0.0154473 0.00387275
 0.631887 0.269477 0.0752759 0.0182796 0.00508141
 0.620493 0.276079 0.0769096 0.020257 0.00626158
 0.603923 0.284857 0.0822764 0.021546 0.00739789
 0.300268 0.492472 0.151629 0.0411979 0.0144326
 0.475757 0.208898 0.225672 0.065671 0.0240021
 0.648112 0.208713 0.0591311 0.0602128 0.0238309
pobs_PELACES
 0 0 0 0 0
 0 0 0 0 0
 0 0 0 0 0
 0 0 0 0 0
 0 0 0 0 0
 0 0 0 0 0
 0 0 0 0 0
 0 0 0 0 0
 0 0 0 0 0
 0 0 0 0 0
 0.450072 0.473896 0.0757376 0.000293798 0
 0 0 0 0 0
 0.463077 0.371075 0.160297 0.00555027 0
 0.529543 0.364841 0.0842815 0.0213345 0
 0.631943 0.363953 0.00410389 0 0
 0.735681 0.248677 0.0153453 0.000297389 0
 0.695825 0.281241 0.0229344 0 0
 0.275771 0.60734 0.115278 0.00161068 0
 0 0 0 0 0
 0.896147 0.0623911 0.0374545 0.00400742 0
 0.803859 0.145111 0.0509908 3.86294e-05 0
 0.739449 0.233085 0.0266225 0.000797448 4.60066e-05
 0.878498 0.100942 0.0204185 0.000141795 0
 0.694673 0.275183 0.0284847 0.00165964 0
 0.469039 0.446079 0.0841089 0.000773354 0
 0.822795 0.102175 0.0682046 0.00682512 0
 0 0 0 0 0
ppred_PELACES
 0.823476 0.136722 0.0357103 0.00408913 2.61846e-06
 0.771101 0.197287 0.0248021 0.00611204 0.000697489
 0.655614 0.28631 0.0504618 0.00597924 0.00163511
 0.711014 0.202009 0.0730842 0.0120787 0.00181393
 0.710792 0.208073 0.0569394 0.0203339 0.00386158
 0.579599 0.309577 0.0799893 0.0216435 0.009191
 0.748194 0.154425 0.0722924 0.0181189 0.00696931
 0.701754 0.233782 0.0399629 0.0181976 0.00630361
 0.779663 0.165059 0.0437431 0.00715915 0.00437597
 0.683445 0.25648 0.0454674 0.0115662 0.00304105
 0.566465 0.318766 0.0936374 0.0160028 0.00512864
 0.578516 0.266752 0.115387 0.0321231 0.00722197
 0.720813 0.186723 0.0597653 0.0244077 0.00829043
 0.820145 0.152408 0.0189925 0.00547787 0.00297639
 0.856295 0.131983 0.0101799 0.00107057 0.000470911
 0.753623 0.223898 0.0208746 0.00139573 0.000209145
 0.659372 0.274811 0.0601477 0.0052663 0.000403102
 0.758942 0.172204 0.056116 0.0116447 0.0010935
 0.747153 0.200719 0.037677 0.0117837 0.00266715
 0.741461 0.201087 0.0459194 0.00834082 0.00319171
 0.724327 0.209784 0.0515479 0.0114673 0.0028745
 0.718141 0.208836 0.0557674 0.0135026 0.00375288
 0.709238 0.214248 0.0569414 0.0149514 0.00462082
 0.694607 0.222545 0.0613373 0.0160133 0.00549733
 0.388609 0.435908 0.12848 0.0348095 0.0121928
 0.577337 0.17304 0.178789 0.0518772 0.0189576
 0.739063 0.158429 0.0424309 0.0430443 0.0170326
pobs_pel_tallas
 0 0 0 0 0 0 0 0 0 0 0 0 0 0 0 0 0 0 0 0 0 0 0 0 0 0 0 0 0 0 0 0 0 0 0 0
 0 0 0 0 0 0 0 0 0 0 0 0 0 0 0 0 0 0 0 0 0 0 0 0 0 0 0 0 0 0 0 0 0 0 0 0
 0 0 0 0 0 0 0 0 0 0 0 0 0 0 0 0 0 0 0 0 0 0 0 0 0 0 0 0 0 0 0 0 0 0 0 0
 0 0 0 0 0 0 0 0 0 0 0 0 0 0 0 0 0 0 0 0 0 0 0 0 0 0 0 0 0 0 0 0 0 0 0 0
 0 0 0 0 0 0 0 0 0 0 0 0 0 0 0 0 0 0 0 0 0 0 0 0 0 0 0 0 0 0 0 0 0 0 0 0
 0 0 0 0 0 0 0 0 0 0 0 0 0 0 0 0 0 0 0 0 0 0 0 0 0 0 0 0 0 0 0 0 0 0 0 0
 0 0 0 0 0 0 0 0 0 0 0 0 0 0 0 0 0 0 0 0 0 0 0 0 0 0 0 0 0 0 0 0 0 0 0 0
 0 0 0 0 0 0 0 0 0 0 0 0 0 0 0 0 0 0 0 0 0 0 0 0 0 0 0 0 0 0 0 0 0 0 0 0
 0 0 0 0 0 0 0 0 0 0 0 0 0 0 0 0 0 0 0 0 0 0 0 0 0 0 0 0 0 0 0 0 0 0 0 0
 0 0 0 0 0 0 0 0 0 0 0 0 0 0 0 0 0 0 0 0 0 0 0 0 0 0 0 0 0 0 0 0 0 0 0 0
 0 0 0 0 0 0 0 0 1.78061e-05 0.00172719 0.00360574 0.0105946 0.0120993 0.0124554 0.0147524 0.0171206 0.0266825 0.0428682 0.0675386 0.121331 0.153587 0.119568 0.100827 0.0573624 0.0630603 0.0341343 0.0324427 0.0444173 0.0211091 0.0280891 0.0125444 0.00206551 0 0 0 0
 0 0 0 0 0 0 0 0 0 0 0 0 0 0 0 0 0 0 0 0 0 0 0 0 0 0 0 0 0 0 0 0 0 0 0 0
 0 0 0 0 0 0 0.0133647 0.0140871 0.0187388 0.0205184 0.03894 0.0496705 0.03968 0.0493445 0.0407372 0.0367815 0.0215668 0.0243155 0.0234873 0.0199281 0.019796 0.0243948 0.0301388 0.0376714 0.0412746 0.0863199 0.0771752 0.113111 0.0741005 0.0525337 0.0229764 0.00759418 0.00175318 0 0 0
 0 0 0 0 0 0 0 0 0 0 0.00219441 0.00772107 0.0458388 0.0604681 0.0671733 0.0775358 0.0609151 0.0617685 0.073594 0.0568108 0.0755445 0.0548602 0.0670107 0.0636378 0.0643287 0.046367 0.0373049 0.0286899 0.0247887 0.0153202 0.00654259 0.00121912 0.000365735 0 0 0
 0 0 0 0 0 0 0 0 0 0 0 0 0.000112435 0.00938835 0.0111873 0.0202946 0.0414886 0.0713402 0.111592 0.104902 0.108894 0.110636 0.117776 0.105296 0.107544 0.0401394 0.0192827 0.0124803 0.00416011 0.0028671 0.000618394 0 0 0 0 0
 0 0 0 0 0 0 0 0 0 0 0.00291406 0.0102884 0.027416 0.0768956 0.0749926 0.110853 0.0956884 0.0897413 0.0766577 0.0534642 0.0500743 0.0551293 0.0594112 0.0620874 0.0668451 0.0424026 0.0208742 0.0120726 0.0048766 0.00582813 0.00118941 0.000297354 0 0 0 0
 0 0.00264628 0.0354308 0.0461629 0.0458689 0.0383711 0.0214643 0.0164657 0.0346957 0.0420465 0.0363128 0.0245516 0.0311673 0.0291091 0.0169068 0.0133784 0.00837989 0.0085269 0.0148486 0.0160247 0.0276389 0.0546898 0.0760071 0.122758 0.109233 0.0665981 0.0333725 0.0166128 0.00676272 0.00308733 0.000882094 0 0 0 0 0
 0 0 0 0 0 0 0 0.000805153 0.000690131 0.00759144 0.0133425 0.0154129 0.00931677 0.000345066 0.00356568 0.00563607 0.00851162 0.0253048 0.0502646 0.0516448 0.0657925 0.0565908 0.0611916 0.0827007 0.0866115 0.110766 0.145733 0.0935128 0.0569358 0.0249597 0.0138026 0.00621118 0.00161031 0.00115022 0 0
 0 0 0 0 0 0 0 0 0 0 0 0 0 0 0 0 0 0 0 0 0 0 0 0 0 0 0 0 0 0 0 0 0 0 0 0
 0.00147267 0.00158595 0.00478618 0.00569244 0.00954404 0.0108468 0.00647125 0.017049 0.0510054 0.094081 0.124002 0.0959785 0.0687766 0.0820023 0.061753 0.0591476 0.0492212 0.0479892 0.0443925 0.0268479 0.0217502 0.0140895 0.0121071 0.0120363 0.00920419 0.00665534 0.0049561 0.00860946 0.00930331 0.0156896 0.0114698 0.00855282 0.00243557 0.00046729 0 2.83206e-05
 0 0 0 0 0.000772559 0.00158375 0.000888443 0.00281984 0.00712685 0.0440552 0.0773331 0.111326 0.0921469 0.0852325 0.0710754 0.0886704 0.0786465 0.0553345 0.0373146 0.0185414 0.00753245 0.00457741 0.012979 0.0271748 0.0457355 0.0583668 0.034881 0.0177882 0.00938659 0.00492506 0.0015258 0.00185414 0.000309023 5.79419e-05 3.86279e-05 0
 0 0.00173294 0.00326652 0 0.00397197 0.00683976 0.00946217 0.0152591 0.00757587 0.0136028 0.0228656 0.0392903 0.0559909 0.0764795 0.0681675 0.0726916 0.0566044 0.0477403 0.0527397 0.0444891 0.0609904 0.0582453 0.0661739 0.0445044 0.0529084 0.0360697 0.0280645 0.0235558 0.0158879 0.00826598 0.00280645 0.00217768 0.000904811 0.00058276 9.20147e-05 0
 0 0 0 0 0 0 0 0 0 0 0 0 0 0 0 0 0 0 0 0 0 0 0 0 0 0 0 0 0 0 0 0 0 0 0 0
 0 0 0 0 0 0 0 0 0 0 0 0 0 0 0 0 0 0 0 0 0 0 0 0 0 0 0 0 0 0 0 0 0 0 0 0
 0 0 0 0 0 0 0 0 0 0 0 0 0 0 0 0 0 0 0 0 0 0 0 0 0 0 0 0 0 0 0 0 0 0 0 0
 0 0 0 0 0 0 0 0 0 0 0 0 0 0 0 0 0 0 0 0 0 0 0 0 0 0 0 0 0 0 0 0 0 0 0 0
 0 0 0 0 0 0 0 0 0 0 0 0 0 0 0 0 0 0 0 0 0 0 0 0 0 0 0 0 0 0 0 0 0 0 0 0
ppred_pel_tallas
 1.00693e-16 3.59257e-05 0.000210864 0.00100237 0.00385921 0.0120346 0.0303985 0.0621988 0.1031 0.138455 0.150653 0.132855 0.095033 0.0553219 0.0265865 0.0112638 0.0054068 0.00437766 0.00533722 0.0070484 0.0090252 0.0109987 0.012735 0.0140209 0.0146992 0.0147023 0.0140658 0.0129142 0.0114263 0.00979103 0.00817065 0.0066778 0.00537165 0.00426739 0.00335247 0.00260216
 1.0066e-16 3.36443e-05 0.000197465 0.000938658 0.00361388 0.0112696 0.028466 0.0582454 0.0965487 0.129664 0.141104 0.124472 0.0891202 0.0520491 0.0253301 0.0112747 0.00621461 0.00582514 0.00744508 0.00988337 0.0126179 0.0153003 0.0176004 0.0192161 0.0199307 0.019663 0.0184855 0.016601 0.0142899 0.0118428 0.00950367 0.00743537 0.00571388 0.00434372 0.00328436 0.00247641
 1.01092e-16 2.86122e-05 0.000167913 0.000798148 0.00307285 0.00958236 0.0242044 0.0495265 0.0820998 0.11027 0.120028 0.105949 0.0760082 0.0446943 0.022317 0.0108961 0.00736673 0.00809051 0.0108099 0.0144663 0.0185104 0.022487 0.0259258 0.0283871 0.0295515 0.0292926 0.027705 0.0250718 0.0217889 0.0182701 0.0148654 0.011812 0.00922596 0.00712312 0.00545619 0.00415071
 1.01604e-16 3.10245e-05 0.000182084 0.000865532 0.00333233 0.0103915 0.0262482 0.0537077 0.0890277 0.119565 0.130121 0.114799 0.0822274 0.0480907 0.0235309 0.0106933 0.00621216 0.00611548 0.00796165 0.010657 0.0137141 0.0167934 0.0195612 0.0217017 0.0229749 0.0232677 0.0226138 0.0211747 0.0191916 0.0169238 0.0145963 0.0123696 0.0103341 0.00852373 0.00693791 0.0055615
 1.01756e-16 3.1015e-05 0.000182028 0.000865265 0.0033313 0.0103883 0.0262401 0.0536911 0.0890004 0.119529 0.130082 0.114768 0.082211 0.0480927 0.0235532 0.0107387 0.00628554 0.00622288 0.00810769 0.0108419 0.013931 0.0170268 0.0197872 0.0218911 0.0230985 0.0233021 0.0225481 0.0210137 0.0189562 0.0166474 0.0143189 0.0121296 0.010162 0.00843756 0.00694146 0.00564589
 1.0241e-16 2.52986e-05 0.000148457 0.000705647 0.00271669 0.00847168 0.021399 0.0437866 0.0725865 0.0974981 0.10614 0.0937259 0.0673157 0.0397374 0.0201297 0.0103073 0.00759162 0.00879114 0.0119207 0.0160323 0.0205998 0.0251533 0.0291922 0.0322402 0.0339425 0.034144 0.0329194 0.0305402 0.0273972 0.0239028 0.0204071 0.0171501 0.0142544 0.0117485 0.00960458 0.00777354
 1.02025e-16 3.26438e-05 0.000191595 0.000910759 0.00350648 0.0109346 0.02762 0.056514 0.0936779 0.125805 0.136898 0.120745 0.0864155 0.0503966 0.0243917 0.0106335 0.00555586 0.00496332 0.00628796 0.00840588 0.0108604 0.0133762 0.0156977 0.0175821 0.0188402 0.0193733 0.0191896 0.0183906 0.0171366 0.0156034 0.0139448 0.0122729 0.0106548 0.00912356 0.00769357 0.00637328
 1.01564e-16 3.06219e-05 0.000179717 0.000854277 0.00328898 0.0102564 0.0259068 0.0530094 0.0878711 0.118015 0.128441 0.113334 0.0812162 0.0475756 0.0234201 0.0108795 0.00664226 0.00679291 0.00891543 0.0119091 0.0152552 0.0185683 0.0214648 0.0235876 0.0246764 0.0246261 0.0235089 0.0215472 0.0190529 0.0163502 0.0137109 0.0113162 0.00925153 0.00752534 0.0060999 0.0049206
 1.01126e-16 3.40164e-05 0.000199652 0.000949062 0.00365395 0.0113945 0.0287816 0.058891 0.0976178 0.131097 0.142655 0.125823 0.0900486 0.0525129 0.0254103 0.0110649 0.0057566 0.00510702 0.00643081 0.00854449 0.010958 0.0133706 0.0155055 0.0171066 0.0179844 0.0180562 0.0173626 0.0160504 0.0143303 0.0124254 0.0105258 0.00876266 0.007204 0.0058665 0.00473546 0.00378352
 1.01269e-16 2.98245e-05 0.000175034 0.000832006 0.00320322 0.00998892 0.0252313 0.0516274 0.0855812 0.114942 0.125103 0.110406 0.0791532 0.0464388 0.022994 0.0109055 0.00696043 0.00735366 0.00973185 0.01301 0.016655 0.0202506 0.0233755 0.0256362 0.0267464 0.0265918 0.0252539 0.0229821 0.0201252 0.0170478 0.0140568 0.0113597 0.00905674 0.00716083 0.00563084 0.00440356
 1.02223e-16 2.47263e-05 0.000145097 0.000689668 0.00265517 0.0082798 0.0209143 0.042795 0.0709433 0.0952925 0.103743 0.0916192 0.0658242 0.0389004 0.0197862 0.0102634 0.00772222 0.00904999 0.0123084 0.0165658 0.0212942 0.0260124 0.0302036 0.0333745 0.0351553 0.0353808 0.0341222 0.0316545 0.0283776 0.0247166 0.0210358 0.0175895 0.0145131 0.0118456 0.00956733 0.00763383
 1.03167e-16 2.52497e-05 0.000148174 0.000704309 0.00271156 0.00845567 0.0213585 0.0437034 0.0724476 0.0973081 0.105925 0.0935145 0.0671185 0.0395301 0.019858 0.00989967 0.00696959 0.00787825 0.0106543 0.0143808 0.0185825 0.0228564 0.0267734 0.029917 0.0319636 0.0327489 0.0322952 0.0307881 0.0285147 0.0257881 0.0228813 0.019991 0.0172329 0.0146598 0.0122893 0.0101268
 1.02136e-16 3.14511e-05 0.00018459 0.00087745 0.00337822 0.0105347 0.0266097 0.0544472 0.090253 0.121209 0.131905 0.116363 0.0833247 0.0486862 0.0237358 0.0106404 0.00597954 0.00572097 0.00738923 0.00988369 0.012728 0.0156047 0.0182078 0.0202488 0.0215095 0.0218868 0.0214119 0.0202306 0.0185589 0.0166263 0.0146282 0.0126995 0.0109112 0.00928533 0.00781656 0.00649156
 1.00647e-16 3.5781e-05 0.000210013 0.000998324 0.00384363 0.011986 0.0302757 0.0619478 0.102684 0.137898 0.150051 0.132332 0.0946763 0.0551497 0.0265697 0.011369 0.00562124 0.00470922 0.0058019 0.00765666 0.00977123 0.0118536 0.0136452 0.0149123 0.0154878 0.0153089 0.0144306 0.0130086 0.0112573 0.00939915 0.00762004 0.00604347 0.0047262 0.00367054 0.0028449 0.00220411
 1.00247e-16 3.73565e-05 0.000219265 0.00104231 0.00401299 0.0125142 0.0316098 0.0646772 0.107208 0.14397 0.156651 0.138137 0.0987939 0.0574768 0.0275567 0.0115605 0.00537543 0.0041706 0.00498735 0.00653677 0.0083165 0.0100561 0.0115276 0.0125283 0.0129159 0.0126404 0.0117564 0.0104073 0.00878801 0.00710009 0.00551154 0.00413362 0.00301629 0.00215888 0.00152832 0.00107773
 1.00428e-16 3.28832e-05 0.000192994 0.000917398 0.00353202 0.0110143 0.0278212 0.0569262 0.0943629 0.126731 0.137919 0.12168 0.0871585 0.0509782 0.0249486 0.0113411 0.00658307 0.00645501 0.00835408 0.0111005 0.0141526 0.0171252 0.0196448 0.021369 0.022055 0.021616 0.0201421 0.0178737 0.0151392 0.0122788 0.00957667 0.00722228 0.00530213 0.00381765 0.00271578 0.00191986
 1.01144e-16 2.87756e-05 0.000168874 0.000802717 0.00309045 0.00963722 0.024343 0.04981 0.0825693 0.110899 0.12071 0.106545 0.0764207 0.0449071 0.0223686 0.0108315 0.0072091 0.00784009 0.010456 0.0140001 0.017934 0.0218191 0.0252035 0.0276631 0.0288865 0.0287458 0.0273226 0.0248791 0.0217863 0.0184345 0.0151562 0.0121801 0.00962205 0.00750554 0.00579496 0.00442887
 1.01305e-16 3.31132e-05 0.000194349 0.000923847 0.00355687 0.0110918 0.0280169 0.0573263 0.0950246 0.127615 0.13887 0.122492 0.0876811 0.0511655 0.024821 0.0109162 0.00583701 0.00532729 0.00677628 0.00903041 0.0116051 0.0141943 0.0165103 0.0182847 0.0193152 0.0195088 0.0188987 0.0176278 0.0159059 0.0139578 0.0119771 0.0101003 0.00840196 0.00690718 0.00561055 0.00449419
 1.0113e-16 3.26002e-05 0.000191335 0.000909514 0.00350167 0.0109196 0.0275821 0.0564369 0.0935513 0.125639 0.136727 0.120618 0.0863751 0.0504752 0.0246195 0.0110534 0.00622954 0.00596341 0.00768063 0.0102276 0.0130942 0.0159333 0.0184118 0.0202212 0.0211366 0.0210666 0.0200724 0.0183455 0.0161551 0.0137824 0.0114646 0.00936185 0.00755194 0.0060459 0.00481374 0.00380923
 1.01154e-16 3.2352e-05 0.000189878 0.000902586 0.003475 0.0108364 0.027372 0.056007 0.0928388 0.124683 0.135686 0.119702 0.0857224 0.0501007 0.02445 0.0110001 0.00623238 0.00599603 0.00773773 0.0103133 0.0132161 0.0160997 0.0186302 0.020497 0.0214718 0.0214587 0.0205137 0.018823 0.0166515 0.0142778 0.0119385 0.0097957 0.00793114 0.00636138 0.00506252 0.003994
 1.01329e-16 3.16053e-05 0.000185493 0.000881738 0.00339472 0.0105861 0.0267397 0.0547133 0.0906947 0.121804 0.132558 0.11695 0.0837692 0.0489948 0.0239771 0.0109009 0.00633581 0.00623221 0.00809757 0.0108104 0.0138653 0.0169071 0.0195888 0.0215865 0.0226602 0.0227073 0.0217825 0.0200753 0.0178573 0.0154146 0.012991 0.0107537 0.00878844 0.00711463 0.00571094 0.00453956
 1.015e-16 3.13355e-05 0.000183909 0.000874209 0.00336573 0.0104957 0.0265114 0.0542461 0.0899203 0.120764 0.131426 0.115952 0.0830569 0.0485823 0.023783 0.0108263 0.00631226 0.00622735 0.00810183 0.0108251 0.0138969 0.0169654 0.0196861 0.0217358 0.0228743 0.0229963 0.0221515 0.0205233 0.018376 0.0159892 0.0136011 0.0113763 0.00939993 0.00769363 0.00624017 0.00500706
 1.01608e-16 3.09475e-05 0.000181631 0.000863377 0.00332402 0.0103656 0.0261828 0.053574 0.0888064 0.119269 0.129801 0.114523 0.0820434 0.0480103 0.0235418 0.0107822 0.00637744 0.00636672 0.00831154 0.0111124 0.0142686 0.0174225 0.0202214 0.0223342 0.0235148 0.0236547 0.0228049 0.0211525 0.0189679 0.0165365 0.0141015 0.0118302 0.00980906 0.00805962 0.00656409 0.00528956
 1.01751e-16 3.03099e-05 0.000177886 0.000845574 0.00325548 0.0101519 0.0256429 0.0524693 0.0869756 0.116812 0.12713 0.112174 0.080377 0.0470687 0.0231429 0.0107056 0.00647843 0.00658709 0.00864479 0.0115708 0.0148644 0.0181591 0.0210897 0.0233123 0.0245702 0.0247496 0.0239011 0.0222168 0.0199747 0.017469 0.0149503 0.0125916 0.0104827 0.00864718 0.00706828 0.00571418
 1.03732e-16 1.69758e-05 9.95833e-05 0.000473268 0.00182193 0.00568136 0.014351 0.029367 0.0486897 0.0654214 0.0712769 0.0630747 0.0455948 0.0275056 0.0150257 0.00947984 0.00918053 0.0120685 0.0168301 0.0227502 0.029282 0.0358118 0.041644 0.0461072 0.0486958 0.0491811 0.0476539 0.0444805 0.0401949 0.0353636 0.0304708 0.0258513 0.0216816 0.0180118 0.0148169 0.0120439
 1.05263e-16 2.51946e-05 0.000147859 0.000702829 0.00270589 0.00843801 0.0213138 0.0436113 0.0722923 0.0970921 0.10567 0.0932427 0.0668216 0.0391513 0.019293 0.00900815 0.00558972 0.00584429 0.00782502 0.01068 0.0140443 0.0176617 0.0212618 0.0245634 0.0273178 0.0293486 0.0305728 0.0309945 0.0306796 0.0297239 0.028227 0.0262812 0.0239737 0.0213956 0.0186495 0.0158497
 1.02929e-16 3.22457e-05 0.000189257 0.000899646 0.00346369 0.0108012 0.027283 0.0558245 0.092535 0.124271 0.135229 0.119276 0.0853694 0.0497974 0.0241218 0.0105494 0.00555891 0.00500625 0.00635356 0.0084875 0.0109523 0.0134711 0.0157877 0.0176625 0.0189137 0.0194544 0.0193067 0.0185849 0.0174572 0.0160988 0.014653 0.0132121 0.0118178 0.0104766 0.00918003 0.00792196
pSPR Fmed_Fpbrs
0.511401   0.6 0.325
Fs Fmed_Fpbrs
0.64   0.439986 1.48603
SSBpbr Bo_Bmed_Bpbrs
1.05342e+06  486050  579382 289691
Ro
39340.1
SPR SPRFo_SPRFmed_SPRFpbrs
812540 415534 264075
log_Ro
10.4
likeval ReclasPelacesDesembMPH_pf_preclas_ppelaces_ptallas_desvR_qrecl_qpela
 65.7701 14.4046 0.0194317 50.0754 331.669 212.976 55.271 0 17.5939 1.03153e-05 4.23601e-05 6.17802e-15 0 0 0
q_reclas_q_pelaces
0.634373 2.52429
M
0.7
N
 40245.1 10670 3463.66 403.118 0.258361
 47474.1 17983.5 2712.87 677.714 77.3955
 26334.1 21578.5 5094.49 616.987 168.922
 35151.3 11347.1 4356.07 723.133 108.623
 56536.2 16960.3 4694.27 1677.82 318.647
 40389 27920.5 8132.39 2220.26 943.298
 77339.8 18923.4 9587.3 2417.14 930.032
 79701.2 36960.3 7367.23 3393.51 1176.23
 122682 36734.2 11436 1894.33 1158.64
 119375 56341.4 11110.2 2848.85 749.357
 65321.6 56293.4 20156.5 3496.15 1121.35
 43770.3 29465.5 15195 4286.15 964.301
 41484.9 19958 8516.27 3553.56 1208.42
 26212.7 17916.9 4088.58 1233.8 672.018
 16839.2 9704.37 1381.12 152.052 67.0482
 12670.7 6211.17 730.733 49.7156 7.4567
 8710.42 5620.3 1507 133.965 10.2625
 12332.2 3919.53 1493.69 313.607 29.4679
 16297.1 5675.89 1201.96 379.325 85.899
 22242.3 7632.79 1944.33 356.067 136.313
 32441 10474.4 2707.02 604.475 151.555
 47615.1 15719.7 4452.62 1082.84 301.035
 66273.7 22978.1 6510.64 1717.73 531.012
 86861.8 31903.7 9369.32 2457.68 843.93
 33091.3 41825.8 13030.8 3545.13 1242.04
 47134.1 15996.2 17509.6 5102.55 1865.07
 88022.4 22759.4 6650.05 6790.26 2687.84
pred_Ctot
 2916.45 3889.75 1590.53 187.644 0.120349
 2906.03 5735.82 1105.2 280.145 32.0176
 2526.01 9688.24 2804.02 343.588 94.1276
 718.596 1376.53 713.234 120.619 18.1362
 223.9 420.572 160.982 58.7214 11.1643
 1646.62 6327.41 2417.82 671.069 285.359
 2098.03 2981.13 2019.18 518.245 199.592
 4136.93 10293.4 2652.18 1240.63 430.371
 6663.92 10624.7 4262.24 716.83 438.794
 4337.95 11543.1 3004.27 783.493 206.274
 4328.39 19131 8694.48 1529.5 490.937
 2587.14 9134.89 6033.07 1727.08 388.865
 3918.24 8862.78 4643.72 1960.7 667.167
 4878.84 12019.3 3099.41 941.341 512.896
 3168.72 6544.84 1051.05 116.451 51.3667
 979.27 2379.04 350.529 24.1647 3.62691
 591.243 1946.74 661.214 59.6061 4.56958
 651.802 1108.2 545.235 116.243 10.9316
 668.613 1293.34 359.188 115.236 26.1183
 829.216 1599.5 537.072 100.023 38.3262
 565.542 1094.2 383.343 87.2315 21.8927
 967.385 1895.98 724.971 179.612 49.9822
 1460.77 2989.95 1140.81 306.571 94.8645
 1898.35 4118.69 1629.23 435.304 149.623
 633.07 4768.54 2008.96 556.87 195.293
 938.04 1892.43 2798.07 830.714 303.941
 2626.38 3909.39 1521.29 1580.91 626.367
F
 0.105531 0.669429 0.931357 0.95094 0.951994
 0.0884849 0.561296 0.780915 0.797335 0.798218
 0.1419 0.900129 1.25232 1.27865 1.28007
 0.0287891 0.182621 0.254076 0.259418 0.259705
 0.00552026 0.0350173 0.0487185 0.0497429 0.049798
 0.0581581 0.368921 0.513269 0.524061 0.524642
 0.0383637 0.243357 0.338576 0.345695 0.346078
 0.0745775 0.473076 0.658177 0.672016 0.67276
 0.0781668 0.495844 0.689854 0.704359 0.705139
 0.0516919 0.327903 0.456202 0.465794 0.46631
 0.0961019 0.609615 0.848139 0.865972 0.866931
 0.0853234 0.541242 0.753014 0.768847 0.769699
 0.139583 0.885433 1.23188 1.25778 1.25917
 0.293667 1.86285 2.59173 2.64622 2.64916
 0.297361 1.88628 2.62433 2.67951 2.68248
 0.112909 0.71623 0.99647 1.01742 1.01855
 0.0985487 0.625135 0.869732 0.888019 0.889003
 0.0759865 0.482014 0.670612 0.684712 0.685471
 0.058535 0.371312 0.516595 0.527457 0.528041
 0.0530639 0.336607 0.468311 0.478158 0.478687
 0.0245041 0.155439 0.216258 0.220805 0.22105
 0.0286092 0.18148 0.252488 0.257797 0.258082
 0.0310716 0.1971 0.274219 0.279985 0.280295
 0.0308047 0.195407 0.271864 0.27758 0.277888
 0.0269195 0.170761 0.237575 0.242571 0.242839
 0.0280171 0.177724 0.247263 0.252462 0.252741
 0.0422689 0.268129 0.37304 0.380884 0.381306
Np
 28974.2 13703.3 15270.9 2791.08 960.422
YTP_r0W_actual
 24778.3 95763 53834.8 71412.6 31398
YTP_p0W_proyectada
 8156.23 176306 69975.6 23916.5 36040.7
 8156.23 57658.1 123624 29353.6 11219.2
CTP_r0_actual
 3021.74 4433.47 1714.48 1780.86 705.573
CTP_p0_proyectada
 994.662 8162.3 2228.52 596.422 809.904
 994.662 2669.36 3937.07 732.009 252.116
Wmedp
 8.2 21.6 31.4 40.1 44.5
nmprior
 10.8 10.6 4.6 0
nm_flota  nm_reclas  nm_pelaces    nm_pelaL
inf 17.0437 19.2224 62.709
cv_recla  cv_pelaces  cv_mph
0.702336 0.415758 0.567374
 ------------------------------------------------
Talla a la edad & desviaci?n 
 7.2 14.2025 17.0495 18.207 18.6776
 1.08 2.13037 2.55742 2.73105 2.80164
