years
 1997 1998 1999 2000 2001 2002 2003 2004 2005 2006 2007 2008 2009 2010 2011 2012 2013 2014 2015 2016 2017 2018 2019 2020 2021 2022 2023
reclasobs
 0 0 0 370054 412103 1.49427e+06 250295 1.28982e+06 931140 785840 897777 1.04006e+06 184774 17550 25797 100020 73551 82996 120727 218422 84188 347160 605670 569463 516374 1.08416e+06 1.01767e+06
reclaspred
 652547 156973 345831 192711 305565 361449 763704 574828 737419 896243 825714 594699 338267 122263 82778.9 82893.2 78296.3 94998.9 115509 153828 238637 256099 461107 574460 745930 630971 448662
pelacesobs
 0 0 0 0 0 0 0 0 0 2.06254e+06 1.5e+06 0 1.87456e+06 323000 250000 174000 83755 137374 0 501740 490994 745055 786931 1.00524e+06 1.33801e+06 1.41789e+06 0
pelacespred
 2.31358e+06 497923 580460 555370 827214 633864 2.07703e+06 1.60138e+06 2.10189e+06 2.45647e+06 1.81562e+06 1.36805e+06 793573 248488 179873 173190 163398 215466 249850 327066 629331 598677 858156 1.27253e+06 1.49777e+06 1.32836e+06 894039
mphobs
 0 0 0 0 0 0 112323 0 153150 637223 0 255016 313432 73983 77613 109348 50772 17779 17303 59886 28197 0 207744 136588 643089 65757 70829
mphpred
 221007 114050 115697 86261.1 91952.6 155161 203244 284375 272420 355842 385702 269001 165318 115305 55080.1 48574 40522.6 45338.3 29709.9 34216.7 52799.7 72795.4 95337.3 140169 182136 156627 121358
desembarqueobs
 350755 77701 442110 56441 14545 235359 269955 359681 431902 328805 639364 411747 362871 311530 167758 66681 60226 58785 57116 73181 50977 67692 138656 160484 209506 203330 245020
desembarquepred
 350750 77689.7 441971 56443.4 14545.4 235479 270031 359493 431744 328757 639071 411579 362816 311461 167484 66676.4 60259.7 58755.5 57066.9 73165.3 50977.4 67665.5 138654 160487 209521 203315 244964
Reclutas
 32130.1 40504.6 15039.5 19934.1 38871.6 24616.7 62877.5 61817.8 100493 110615 64642.3 50096.8 43984.4 28420.1 15307.7 10398.1 6775.83 9426.53 11472.3 13490.1 21693.6 30199.4 42259 58902.8 19934.2 29097.1 35907.1
log_desv_Rt
 0.09755 0.329171 -0.661567 -0.379812 0.288018 -0.168818 0.768944 0.751947 1.23784 1.33382 0.796624 0.541713 0.411591 -0.0251493 -0.64389 -1.03062 -1.45888 -1.12872 -0.932309 -0.770287 -0.295228 0.0355773 0.371572 0.703644 -0.37981 -0.00160641 0.20869
SSB
 419537 216502 219628 163749 174554 294543 371935 531188 500925 659081 732177 510644 327584 152687 77048.7 67425.6 60394.5 63403 82329.8 101503 144676 193501 262064 364336 527064 472771 342284
BT
 1.39936e+06 339213 503222 298533 376838 440625 1.19662e+06 1.11352e+06 1.39958e+06 1.4091e+06 1.35021e+06 968210 708701 400620 222529 130579 122509 146915 155785 201689 324917 308891 456882 681931 753131 715803 590504
Ftot
 1.16518 1.16998 2.26243 0.6162 0.113309 1.1606 0.857777 1.46106 1.53321 0.87902 1.47793 1.30558 2.10416 4.75832 4.624 1.74327 1.62515 1.42487 1.08075 1.02477 0.491433 0.543628 0.593237 0.596812 0.499661 0.548711 1.02352
BD_Bspro_t
 0.899603 0.607164 0.50054 0.276433 0.405428 0.588123 0.501964 0.552321 0.49904 0.519032 0.508515 0.353968 0.262339 0.15776 0.0979373 0.104466 0.129095 0.181913 0.271916 0.3699 0.484315 0.619975 0.650471 0.655382 0.674441 0.583004 0.499224
BD_Bspro
 0.696969 0.359671 0.364864 0.272034 0.289983 0.489319 0.617889 0.882454 0.832178 1.09492 1.21635 0.848324 0.544209 0.253657 0.128 0.112013 0.100332 0.10533 0.136773 0.168626 0.240348 0.321459 0.435363 0.605265 0.875603 0.785406 0.56863
BD_Bo
 0.690432 0.356297 0.361441 0.269482 0.287263 0.484729 0.612093 0.874176 0.824372 1.08465 1.20494 0.840366 0.539104 0.251277 0.126799 0.110962 0.0993912 0.104342 0.13549 0.167044 0.238093 0.318444 0.431279 0.599588 0.86739 0.778039 0.563296
BD_Brms
 1.25533 0.647813 0.657166 0.489968 0.522296 0.881325 1.1129 1.58941 1.49886 1.97209 2.19081 1.52794 0.98019 0.456868 0.230544 0.20175 0.180711 0.189713 0.246346 0.303716 0.432897 0.578989 0.784144 1.09016 1.57707 1.41462 1.02417
S_f
 0.0752553 0.60726 0.967081 0.998212 0.999906
 0.0752553 0.60726 0.967081 0.998212 0.999906
 0.0752553 0.60726 0.967081 0.998212 0.999906
 0.0752553 0.60726 0.967081 0.998212 0.999906
 0.0752553 0.60726 0.967081 0.998212 0.999906
 0.0752553 0.60726 0.967081 0.998212 0.999906
 0.0752553 0.60726 0.967081 0.998212 0.999906
 0.0752553 0.60726 0.967081 0.998212 0.999906
 0.0752553 0.60726 0.967081 0.998212 0.999906
 0.0752553 0.60726 0.967081 0.998212 0.999906
 0.0752553 0.60726 0.967081 0.998212 0.999906
 0.0752553 0.60726 0.967081 0.998212 0.999906
 0.0752553 0.60726 0.967081 0.998212 0.999906
 0.0752553 0.60726 0.967081 0.998212 0.999906
 0.0752553 0.60726 0.967081 0.998212 0.999906
 0.0752553 0.60726 0.967081 0.998212 0.999906
 0.0752553 0.60726 0.967081 0.998212 0.999906
 0.0752553 0.60726 0.967081 0.998212 0.999906
 0.0752553 0.60726 0.967081 0.998212 0.999906
 0.0752553 0.60726 0.967081 0.998212 0.999906
 0.0752553 0.60726 0.967081 0.998212 0.999906
 0.0752553 0.60726 0.967081 0.998212 0.999906
 0.0752553 0.60726 0.967081 0.998212 0.999906
 0.0752553 0.60726 0.967081 0.998212 0.999906
 0.0752553 0.60726 0.967081 0.998212 0.999906
 0.0752553 0.60726 0.967081 0.998212 0.999906
 0.0752553 0.60726 0.967081 0.998212 0.999906
Scru_reclas
 0.36974 0.746988 0.936941 0.986803 0.99735
 0.36974 0.746988 0.936941 0.986803 0.99735
 0.36974 0.746988 0.936941 0.986803 0.99735
 0.36974 0.746988 0.936941 0.986803 0.99735
 0.36974 0.746988 0.936941 0.986803 0.99735
 0.36974 0.746988 0.936941 0.986803 0.99735
 0.36974 0.746988 0.936941 0.986803 0.99735
 0.36974 0.746988 0.936941 0.986803 0.99735
 0.36974 0.746988 0.936941 0.986803 0.99735
 0.36974 0.746988 0.936941 0.986803 0.99735
 0.36974 0.746988 0.936941 0.986803 0.99735
 0.36974 0.746988 0.936941 0.986803 0.99735
 0.36974 0.746988 0.936941 0.986803 0.99735
 0.36974 0.746988 0.936941 0.986803 0.99735
 0.36974 0.746988 0.936941 0.986803 0.99735
 0.36974 0.746988 0.936941 0.986803 0.99735
 0.36974 0.746988 0.936941 0.986803 0.99735
 0.36974 0.746988 0.936941 0.986803 0.99735
 0.36974 0.746988 0.936941 0.986803 0.99735
 0.36974 0.746988 0.936941 0.986803 0.99735
 0.36974 0.746988 0.936941 0.986803 0.99735
 0.36974 0.746988 0.936941 0.986803 0.99735
 0.36974 0.746988 0.936941 0.986803 0.99735
 0.36974 0.746988 0.936941 0.986803 0.99735
 0.36974 0.746988 0.936941 0.986803 0.99735
 0.36974 0.746988 0.936941 0.986803 0.99735
 0.36974 0.746988 0.936941 0.986803 0.99735
Scru_pelaces
 0.690307 1 1 1 1
 0.690307 1 1 1 1
 0.690307 1 1 1 1
 0.690307 1 1 1 1
 0.690307 1 1 1 1
 0.690307 1 1 1 1
 0.690307 1 1 1 1
 0.690307 1 1 1 1
 0.690307 1 1 1 1
 0.690307 1 1 1 1
 0.690307 1 1 1 1
 0.690307 1 1 1 1
 0.690307 1 1 1 1
 0.690307 1 1 1 1
 0.690307 1 1 1 1
 0.690307 1 1 1 1
 0.690307 1 1 1 1
 0.690307 1 1 1 1
 0.690307 1 1 1 1
 0.690307 1 1 1 1
 0.690307 1 1 1 1
 0.690307 1 1 1 1
 0.690307 1 1 1 1
 0.690307 1 1 1 1
 0.690307 1 1 1 1
 0.690307 1 1 1 1
 0.690307 1 1 1 1
pf_obs 
 0.256992 0.487395 0.22802 0.0275931 0
 0.321318 0.546541 0.124235 0.00734118 0.000564706
 0.182869 0.594174 0.210203 0.0122559 0.00049798
 0.330522 0.361315 0.267642 0.0388342 0.00168674
 0.649043 0.306663 0.0425973 0.00169635 0
 0.582887 0.30429 0.105238 0.00758474 0
 0.465427 0.430635 0.0974691 0.00646863 0
 0.296916 0.608066 0.0921331 0.00288517 0
 0.311714 0.524322 0.152257 0.0117073 0
 0.15457 0.633149 0.183074 0.0267441 0.00246327
 0.131901 0.49318 0.331252 0.0422183 0.00144891
 0.196976 0.569456 0.194076 0.0375587 0.00193317
 0.518974 0.381816 0.0799577 0.0180837 0.00116848
 0.0928022 0.601141 0.25162 0.0475244 0.00691264
 0.122501 0.610282 0.24278 0.0234846 0.000952079
 0.383417 0.481906 0.127806 0.00687128 0
 0.0376549 0.599619 0.316969 0.0457579 0
 0.0361596 0.667082 0.258105 0.0386534 0
 0.158088 0.579412 0.248529 0.0139706 0
 0.0477256 0.309471 0.559284 0.082774 0.000745712
 0.0406174 0.521527 0.379366 0.0568643 0.0016247
 0.151134 0.462217 0.34131 0.0453401 0
 0.294876 0.26143 0.354403 0.0886775 0.000613685
 0.281977 0.475581 0.204845 0.0348837 0.00271318
 0.0841818 0.532909 0.334909 0.0458182 0.00218182
 0.115287 0.27431 0.454777 0.147771 0.00785563
 0 0 0 0 0
pf_pred 
 0.244812 0.51123 0.217457 0.0264895 1.26886e-05
 0.254064 0.573038 0.140202 0.0293107 0.00338405
 0.111754 0.697208 0.166762 0.0198854 0.00438947
 0.22106 0.490339 0.262441 0.0230654 0.00309464
 0.261958 0.500491 0.178279 0.0541008 0.00517113
 0.127608 0.621316 0.19397 0.0432054 0.0139004
 0.330092 0.392008 0.232164 0.0357655 0.00997036
 0.229032 0.639955 0.0954997 0.0298989 0.00561381
 0.323706 0.515512 0.147303 0.00998696 0.00349174
 0.2389 0.6373 0.108684 0.0139202 0.00119545
 0.135304 0.632949 0.210379 0.0188677 0.00250079
 0.154684 0.539495 0.262511 0.0395347 0.00377487
 0.20407 0.547935 0.196038 0.0449574 0.00699964
 0.261426 0.607539 0.11219 0.0151349 0.00370947
 0.289056 0.67084 0.0387584 0.00117662 0.000169374
 0.244279 0.705206 0.049999 0.000501407 1.49995e-05
 0.170414 0.651281 0.173087 0.00516809 4.9864e-05
 0.273114 0.512626 0.191479 0.0221556 0.000625846
 0.256478 0.598359 0.121863 0.0209522 0.00234726
 0.232067 0.581689 0.166152 0.0170063 0.00308543
 0.258793 0.533717 0.178386 0.0261049 0.00299964
 0.22609 0.55428 0.179392 0.0347831 0.00545412
 0.221708 0.532792 0.200342 0.0371575 0.00800074
 0.22229 0.533876 0.193654 0.0412621 0.00891862
 0.0634535 0.641011 0.235172 0.0483503 0.0120139
 0.125015 0.29179 0.461092 0.0979491 0.024154
 0.189348 0.470839 0.159574 0.14372 0.0365182
pobs_RECLAS
 0 0 0 0 0
 0 0 0 0 0
 0 0 0 0 0
 0 0 0 0 0
 0.835266 0.146461 0.0176864 0.000547809 3.91292e-05
 0.385257 0.428462 0.181853 0.0044286 0
 0.867414 0.0963971 0.0333333 0.00285562 0
 0.441836 0.489002 0.0689373 0.000224442 0
 0.779404 0.147425 0.0564933 0.0165055 0.000172143
 0.814271 0.122319 0.05973 0.00367925 0
 0.40263 0.566651 0.0304383 0.000280538 0
 0.475488 0.404961 0.113038 0.00651328 0
 0.955842 0.0263864 0.0167828 0.000988607 0
 0.975058 0.0227948 0.00214734 0 0
 0.738997 0.206755 0.0527124 0.00153531 0
 0.850938 0.134255 0.0134407 0.00136685 0
 0.542534 0.407297 0.0501686 0 0
 0.764087 0.199537 0.0359546 0.000420521 0
 0.470689 0.182191 0.310203 0.0369168 0
 0.84361 0.089868 0.0606195 0.00523954 0.000663233
 0.607945 0.314616 0.071237 0.00620181 0
 0.523733 0.453247 0.0230204 0 0
 0.530135 0.295979 0.169645 0.0042399 0
 0.562478 0.366248 0.0663022 0.0049721 0
 0.250443 0.683176 0.0655157 0.000865301 0
 0.195077 0.31981 0.436473 0.0351445 0.0134964
 0.565238 0.351407 0.0832357 0.000118908 0
ppred_RECLAS
 0.598449 0.295994 0.0939364 0.0116144 5.61168e-06
 0.604381 0.322767 0.0588988 0.0124976 0.00145543
 0.38363 0.519987 0.0840658 0.010075 0.00224204
 0.559216 0.303038 0.12504 0.0111907 0.00151474
 0.604153 0.287934 0.0805665 0.0249411 0.00240531
 0.399552 0.460899 0.10739 0.0242797 0.00787929
 0.693697 0.198742 0.0895791 0.0140346 0.00394683
 0.572797 0.371511 0.0404411 0.0128221 0.00242808
 0.68919 0.253428 0.052508 0.00360306 0.00127048
 0.575404 0.369866 0.0479445 0.00624439 0.000540973
 0.421201 0.45681 0.110603 0.010044 0.00134265
 0.462586 0.378601 0.136039 0.0207736 0.00200062
 0.563005 0.333185 0.0819265 0.0189144 0.0029691
 0.707927 0.26461 0.0235991 0.00309872 0.000764312
 0.718507 0.27344 0.00778884 0.000230587 3.34078e-05
 0.591937 0.388263 0.0195952 0.00019852 5.98868e-06
 0.488037 0.427698 0.0817715 0.00246917 2.40256e-05
 0.636708 0.278126 0.0760036 0.00890854 0.000253804
 0.603532 0.335267 0.0512418 0.00894746 0.00101111
 0.573532 0.343476 0.0739006 0.00768475 0.00140641
 0.602418 0.305301 0.0791166 0.0117963 0.00136754
 0.559943 0.33653 0.0842537 0.0166408 0.00263252
 0.556319 0.326974 0.0948903 0.0179234 0.00389349
 0.557061 0.327162 0.0915735 0.0198706 0.00433303
 0.228727 0.567595 0.161396 0.0338073 0.00847502
 0.406491 0.232536 0.284183 0.0614925 0.0152985
 0.520769 0.309422 0.0789971 0.0722846 0.0185275
pobs_PELACES
 0 0 0 0 0
 0 0 0 0 0
 0 0 0 0 0
 0 0 0 0 0
 0 0 0 0 0
 0 0 0 0 0
 0 0 0 0 0
 0 0 0 0 0
 0 0 0 0 0
 0 0 0 0 0
 0.450072 0.473896 0.0757376 0.000293798 0
 0 0 0 0 0
 0.463077 0.371075 0.160297 0.00555027 0
 0.529543 0.364841 0.0842815 0.0213345 0
 0.631943 0.363953 0.00410389 0 0
 0.735681 0.248677 0.0153453 0.000297389 0
 0.695825 0.281241 0.0229344 0 0
 0.275771 0.60734 0.115278 0.00161068 0
 0 0 0 0 0
 0.896147 0.0623911 0.0374545 0.00400742 0
 0.803859 0.145111 0.0509908 3.86294e-05 0
 0.739449 0.233085 0.0266225 0.000797448 4.60066e-05
 0.878498 0.100942 0.0204185 0.000141795 0
 0.694673 0.275183 0.0284847 0.00165964 0
 0.469039 0.446079 0.0841089 0.000773354 0
 0.822795 0.102175 0.0682046 0.00682512 0
 0 0 0 0 0
ppred_PELACES
 0.735233 0.212511 0.0468217 0.00543119 2.59472e-06
 0.735255 0.229272 0.0290292 0.00577854 0.000665396
 0.579236 0.378423 0.037285 0.00414524 0.000911549
 0.682337 0.237944 0.0727533 0.00614317 0.000822443
 0.698105 0.233867 0.051474 0.0151121 0.0014419
 0.551133 0.371826 0.0601791 0.0127653 0.00409615
 0.803297 0.14195 0.0460701 0.0067931 0.00188926
 0.71667 0.257889 0.0188165 0.00558007 0.00104465
 0.811965 0.163566 0.0225216 0.0014444 0.000503491
 0.696057 0.274939 0.0255978 0.00313699 0.000268762
 0.586015 0.351569 0.0569413 0.00483567 0.000639052
 0.625366 0.291823 0.0715939 0.0102419 0.000975213
 0.741202 0.217379 0.0331933 0.00712052 0.00110463
 0.891558 0.103636 0.00418811 0.00049723 0.000121025
 0.89062 0.107921 0.00141535 3.79383e-05 5.4244e-06
 0.736508 0.255066 0.00834411 7.88383e-05 2.35085e-06
 0.652117 0.308064 0.0387169 0.00109164 1.05001e-05
 0.772905 0.188507 0.0346772 0.00380312 0.00010712
 0.729273 0.240281 0.0257526 0.00422237 0.00047182
 0.704483 0.252707 0.0383816 0.00374986 0.000678627
 0.709965 0.236668 0.046125 0.00649689 0.00074501
 0.675299 0.264526 0.0494994 0.00923086 0.00144441
 0.675963 0.256698 0.0553527 0.00986671 0.00211997
 0.676734 0.256634 0.0533514 0.0109246 0.00235627
 0.326358 0.531935 0.113644 0.0224863 0.00557584
 0.55582 0.207051 0.189012 0.0386143 0.00950223
 0.671469 0.23902 0.0430837 0.0370394 0.00938789
pobs_pel_tallas
 0 0 0 0 0 0 0 0 0 0 0 0 0 0 0 0 0 0 0 0 0 0 0 0 0 0 0 0 0 0 0 0 0 0 0 0
 0 0 0 0 0 0 0 0 0 0 0 0 0 0 0 0 0 0 0 0 0 0 0 0 0 0 0 0 0 0 0 0 0 0 0 0
 0 0 0 0 0 0 0 0 0 0 0 0 0 0 0 0 0 0 0 0 0 0 0 0 0 0 0 0 0 0 0 0 0 0 0 0
 0 0 0 0 0 0 0 0 0 0 0 0 0 0 0 0 0 0 0 0 0 0 0 0 0 0 0 0 0 0 0 0 0 0 0 0
 0 0 0 0 0 0 0 0 0 0 0 0 0 0 0 0 0 0 0 0 0 0 0 0 0 0 0 0 0 0 0 0 0 0 0 0
 0 0 0 0 0 0 0 0 0 0 0 0 0 0 0 0 0 0 0 0 0 0 0 0 0 0 0 0 0 0 0 0 0 0 0 0
 0 0 0 0 0 0 0 0 0 0 0 0 0 0 0 0 0 0 0 0 0 0 0 0 0 0 0 0 0 0 0 0 0 0 0 0
 0 0 0 0 0 0 0 0 0 0 0 0 0 0 0 0 0 0 0 0 0 0 0 0 0 0 0 0 0 0 0 0 0 0 0 0
 0 0 0 0 0 0 0 0 0 0 0 0 0 0 0 0 0 0 0 0 0 0 0 0 0 0 0 0 0 0 0 0 0 0 0 0
 0 0 0 0 0 0 0 0 0 0 0 0 0 0 0 0 0 0 0 0 0 0 0 0 0 0 0 0 0 0 0 0 0 0 0 0
 0 0 0 0 0 0 0 0 1.78061e-05 0.00172719 0.00360574 0.0105946 0.0120993 0.0124554 0.0147524 0.0171206 0.0266825 0.0428682 0.0675386 0.121331 0.153587 0.119568 0.100827 0.0573624 0.0630603 0.0341343 0.0324427 0.0444173 0.0211091 0.0280891 0.0125444 0.00206551 0 0 0 0
 0 0 0 0 0 0 0 0 0 0 0 0 0 0 0 0 0 0 0 0 0 0 0 0 0 0 0 0 0 0 0 0 0 0 0 0
 0 0 0 0 0 0 0.0133647 0.0140871 0.0187388 0.0205184 0.03894 0.0496705 0.03968 0.0493445 0.0407372 0.0367815 0.0215668 0.0243155 0.0234873 0.0199281 0.019796 0.0243948 0.0301388 0.0376714 0.0412746 0.0863199 0.0771752 0.113111 0.0741005 0.0525337 0.0229764 0.00759418 0.00175318 0 0 0
 0 0 0 0 0 0 0 0 0 0 0.00219441 0.00772107 0.0458388 0.0604681 0.0671733 0.0775358 0.0609151 0.0617685 0.073594 0.0568108 0.0755445 0.0548602 0.0670107 0.0636378 0.0643287 0.046367 0.0373049 0.0286899 0.0247887 0.0153202 0.00654259 0.00121912 0.000365735 0 0 0
 0 0 0 0 0 0 0 0 0 0 0 0 0.000112435 0.00938835 0.0111873 0.0202946 0.0414886 0.0713402 0.111592 0.104902 0.108894 0.110636 0.117776 0.105296 0.107544 0.0401394 0.0192827 0.0124803 0.00416011 0.0028671 0.000618394 0 0 0 0 0
 0 0 0 0 0 0 0 0 0 0 0.00291406 0.0102884 0.027416 0.0768956 0.0749926 0.110853 0.0956884 0.0897413 0.0766577 0.0534642 0.0500743 0.0551293 0.0594112 0.0620874 0.0668451 0.0424026 0.0208742 0.0120726 0.0048766 0.00582813 0.00118941 0.000297354 0 0 0 0
 0 0.00264628 0.0354308 0.0461629 0.0458689 0.0383711 0.0214643 0.0164657 0.0346957 0.0420465 0.0363128 0.0245516 0.0311673 0.0291091 0.0169068 0.0133784 0.00837989 0.0085269 0.0148486 0.0160247 0.0276389 0.0546898 0.0760071 0.122758 0.109233 0.0665981 0.0333725 0.0166128 0.00676272 0.00308733 0.000882094 0 0 0 0 0
 0 0 0 0 0 0 0 0.000805153 0.000690131 0.00759144 0.0133425 0.0154129 0.00931677 0.000345066 0.00356568 0.00563607 0.00851162 0.0253048 0.0502646 0.0516448 0.0657925 0.0565908 0.0611916 0.0827007 0.0866115 0.110766 0.145733 0.0935128 0.0569358 0.0249597 0.0138026 0.00621118 0.00161031 0.00115022 0 0
 0 0 0 0 0 0 0 0 0 0 0 0 0 0 0 0 0 0 0 0 0 0 0 0 0 0 0 0 0 0 0 0 0 0 0 0
 0.00147267 0.00158595 0.00478618 0.00569244 0.00954404 0.0108468 0.00647125 0.017049 0.0510054 0.094081 0.124002 0.0959785 0.0687766 0.0820023 0.061753 0.0591476 0.0492212 0.0479892 0.0443925 0.0268479 0.0217502 0.0140895 0.0121071 0.0120363 0.00920419 0.00665534 0.0049561 0.00860946 0.00930331 0.0156896 0.0114698 0.00855282 0.00243557 0.00046729 0 2.83206e-05
 0 0 0 0 0.000772559 0.00158375 0.000888443 0.00281984 0.00712685 0.0440552 0.0773331 0.111326 0.0921469 0.0852325 0.0710754 0.0886704 0.0786465 0.0553345 0.0373146 0.0185414 0.00753245 0.00457741 0.012979 0.0271748 0.0457355 0.0583668 0.034881 0.0177882 0.00938659 0.00492506 0.0015258 0.00185414 0.000309023 5.79419e-05 3.86279e-05 0
 0 0.00173294 0.00326652 0 0.00397197 0.00683976 0.00946217 0.0152591 0.00757587 0.0136028 0.0228656 0.0392903 0.0559909 0.0764795 0.0681675 0.0726916 0.0566044 0.0477403 0.0527397 0.0444891 0.0609904 0.0582453 0.0661739 0.0445044 0.0529084 0.0360697 0.0280645 0.0235558 0.0158879 0.00826598 0.00280645 0.00217768 0.000904811 0.00058276 9.20147e-05 0
 0 0 0 0 0 0 0 0 0 0 0 0 0 0 0 0 0 0 0 0 0 0 0 0 0 0 0 0 0 0 0 0 0 0 0 0
 0 0 0 0 0 0 0 0 0 0 0 0 0 0 0 0 0 0 0 0 0 0 0 0 0 0 0 0 0 0 0 0 0 0 0 0
 0 0 0 0 0 0 0 0 0 0 0 0 0 0 0 0 0 0 0 0 0 0 0 0 0 0 0 0 0 0 0 0 0 0 0 0
 0 0 0 0 0 0 0 0 0 0 0 0 0 0 0 0 0 0 0 0 0 0 0 0 0 0 0 0 0 0 0 0 0 0 0 0
 0 0 0 0 0 0 0 0 0 0 0 0 0 0 0 0 0 0 0 0 0 0 0 0 0 0 0 0 0 0 0 0 0 0 0 0
ppred_pel_tallas
 1.00921e-16 3.2081e-05 0.000188285 0.000895012 0.00344583 0.0107455 0.0271423 0.0555371 0.0920602 0.123638 0.134553 0.118709 0.0850272 0.0497263 0.0243267 0.011045 0.00639732 0.00627094 0.00813319 0.0108429 0.0138841 0.0168942 0.0195198 0.0214323 0.0223906 0.0222953 0.021209 0.0193334 0.0169544 0.0143728 0.0118447 0.00954613 0.00756666 0.00592443 0.00459251 0.00352422
 1.00717e-16 3.20826e-05 0.000188293 0.000895047 0.00344596 0.0107459 0.0271433 0.0555393 0.0920642 0.123645 0.134564 0.118727 0.0850578 0.04978 0.0244191 0.0111974 0.00663517 0.00662121 0.00861856 0.0114743 0.0146529 0.0177659 0.0204325 0.0223018 0.0231221 0.0227991 0.0214172 0.0192131 0.0165132 0.0136565 0.0109273 0.00851614 0.00651192 0.00492025 0.00369398 0.00276363
 1.00838e-16 2.52854e-05 0.000148374 0.000705238 0.00271509 0.00846668 0.0213864 0.0437614 0.0725466 0.0974501 0.106103 0.0937276 0.0673929 0.0399349 0.0205085 0.0109514 0.00860717 0.0102946 0.0140151 0.0187753 0.0239686 0.0290177 0.0333048 0.0362535 0.0374526 0.036754 0.0343077 0.0305167 0.0259329 0.0211279 0.0165795 0.0126062 0.00935365 0.0068252 0.00493307 0.00355048
 1.0136e-16 2.97755e-05 0.000174748 0.000830649 0.003198 0.00997265 0.0251902 0.0515432 0.085441 0.114752 0.124893 0.110212 0.0789957 0.0463094 0.0228618 0.0107308 0.00670454 0.00698333 0.00922292 0.0123534 0.0158643 0.019368 0.0224719 0.0248057 0.0260918 0.0262065 0.0252036 0.0232903 0.0207688 0.0179611 0.0151452 0.0125169 0.0101825 0.00817508 0.00648141 0.00506763
 1.01394e-16 3.04629e-05 0.000178783 0.000849837 0.00327189 0.010203 0.0257722 0.0527338 0.0874144 0.117402 0.127774 0.112747 0.0807984 0.0473367 0.0233136 0.0108491 0.00665067 0.0068248 0.00896957 0.0119909 0.0153724 0.0187292 0.0216761 0.0238533 0.0249955 0.0249916 0.0239068 0.0219572 0.01945 0.0167078 0.0140042 0.0115259 0.00936634 0.00754384 0.00603023 0.00477873
 1.01606e-16 2.40598e-05 0.000141179 0.000671034 0.0025834 0.008056 0.0203491 0.0416389 0.0690284 0.0927255 0.100962 0.0891956 0.0641534 0.0380541 0.0196149 0.0105927 0.00846941 0.0102274 0.0139724 0.018762 0.0240163 0.0291759 0.0336373 0.036832 0.0383472 0.0380212 0.0359786 0.0325883 0.0283641 0.0238418 0.0194724 0.0155594 0.0122483 0.00955485 0.00741382 0.0057265
 1.01023e-16 3.5046e-05 0.000205699 0.000977815 0.00376467 0.0117398 0.0296537 0.0606751 0.100574 0.135065 0.146967 0.12961 0.092724 0.0540034 0.0260013 0.0111 0.00545489 0.00454681 0.00560925 0.00743519 0.00954591 0.01167 0.0135668 0.0150142 0.0158457 0.0159852 0.0154611 0.0143923 0.0129536 0.0113319 0.00968824 0.00813619 0.00673788 0.00551376 0.00445861 0.00355637
 1.00592e-16 3.12733e-05 0.000183539 0.000872442 0.00335891 0.0104744 0.0264577 0.0541367 0.0897402 0.120527 0.131178 0.115758 0.0829717 0.0486411 0.0240128 0.0112668 0.00702443 0.00728621 0.00957669 0.0127544 0.0162625 0.0196735 0.0225606 0.0245314 0.0253082 0.0247935 0.0230935 0.0204871 0.0173539 0.0140852 0.011007 0.00833423 0.00616271 0.00448984 0.00325078 0.00235463
 1.00447e-16 3.54248e-05 0.000207921 0.000988373 0.00380531 0.0118665 0.0299739 0.0613303 0.101661 0.136525 0.14856 0.131025 0.0937564 0.0546455 0.0263859 0.0113916 0.0057807 0.00498566 0.00620332 0.00819747 0.0104583 0.0126784 0.0145802 0.0159118 0.016493 0.0162559 0.0152604 0.013675 0.0117331 0.00967738 0.00771211 0.00597477 0.0045306 0.0033851 0.00250564 0.001843
 1.00574e-16 3.03752e-05 0.000178265 0.000847364 0.00326235 0.0101733 0.0256971 0.0525805 0.0871614 0.117065 0.127417 0.112453 0.0806338 0.0473328 0.0234828 0.0112123 0.00725094 0.00772193 0.0102219 0.0136324 0.0173905 0.0210475 0.0241492 0.0262763 0.0271303 0.0266048 0.0248097 0.0220394 0.0186963 0.0151968 0.0118889 0.00900438 0.00664868 0.00482339 0.00346359 0.00247581
 1.01119e-16 2.558e-05 0.000150106 0.000713476 0.00274682 0.00856562 0.0216363 0.0442725 0.0733931 0.0985845 0.107331 0.0947965 0.0681262 0.0402989 0.0205663 0.010776 0.00823034 0.00970577 0.0131853 0.0176826 0.0226182 0.0274543 0.0316169 0.034567 0.035914 0.0355067 0.0334663 0.0301468 0.0260415 0.0216649 0.0174519 0.0136967 0.0105419 0.00800482 0.00602277 0.00449836
 1.01509e-16 2.72935e-05 0.000160171 0.000761339 0.00293113 0.00914038 0.023088 0.0472424 0.078314 0.105187 0.1145 0.101083 0.0725438 0.0427115 0.0214286 0.0106322 0.00741055 0.00830312 0.0111621 0.014976 0.0192092 0.023406 0.0270892 0.0298081 0.0312291 0.0312106 0.0298316 0.0273605 0.024181 0.0206982 0.0172579 0.014099 0.0113451 0.00902493 0.00710814 0.00553866
 1.00839e-16 3.23414e-05 0.000189814 0.000902279 0.00347381 0.0108327 0.0273627 0.0559881 0.0928077 0.124642 0.135646 0.119674 0.0857205 0.0501354 0.0245333 0.0111488 0.00646921 0.00634704 0.00822623 0.010952 0.0139987 0.0169949 0.0195792 0.0214181 0.0222709 0.0220443 0.0208133 0.018796 0.0162954 0.0136275 0.0110579 0.00876555 0.00683562 0.00527667 0.004049 0.00309267
 1.00117e-16 3.88929e-05 0.000228288 0.00108521 0.00417819 0.0130293 0.032911 0.0673394 0.111619 0.149892 0.163086 0.143792 0.102796 0.0597189 0.0284706 0.011666 0.00500784 0.00345572 0.00392803 0.00509622 0.00646762 0.00780624 0.00892852 0.00967539 0.00993628 0.00967441 0.0089359 0.00783689 0.00653429 0.00518932 0.00393594 0.00286206 0.00200595 0.00136478 0.000909383 0.000599308
 1.00057e-16 3.88522e-05 0.000228048 0.00108407 0.0041738 0.0130157 0.0328764 0.0672687 0.111502 0.149735 0.162916 0.143644 0.102695 0.0596705 0.028466 0.0116958 0.00506878 0.00355025 0.00406113 0.00527151 0.00668432 0.0080572 0.00919948 0.00994603 0.0101828 0.00987348 0.00906853 0.00789189 0.00650991 0.00509297 0.00378223 0.00266976 0.00179471 0.00115237 0.000709801 0.000422008
 1.00205e-16 3.21382e-05 0.000188617 0.000896585 0.00345187 0.0107643 0.0271899 0.0556348 0.0922232 0.12386 0.134803 0.118951 0.0852458 0.049945 0.0246016 0.0114503 0.00701245 0.00717224 0.00938237 0.0124703 0.0158693 0.0191507 0.0218901 0.0237004 0.0243106 0.0236317 0.0217793 0.0190417 0.0158077 0.0124767 0.00938036 0.006736 0.00463789 0.00307806 0.0019829 0.00125049
 1.00689e-16 2.84606e-05 0.000167021 0.000793903 0.0030565 0.00953136 0.0240756 0.0492632 0.0816638 0.109686 0.119397 0.105405 0.0756441 0.0445327 0.0223334 0.0110634 0.00768195 0.00857349 0.0114886 0.01536 0.0196151 0.0237657 0.0273051 0.0297619 0.030798 0.0302884 0.0283493 0.0253031 0.0215941 0.017684 0.013961 0.010686 0.00798187 0.00585726 0.00424739 0.00305528
 1.0069e-16 3.37227e-05 0.000197925 0.000940849 0.00362232 0.0112959 0.0285325 0.0583814 0.0967738 0.129965 0.14143 0.124755 0.089313 0.0521415 0.0253378 0.0112153 0.00609477 0.00564017 0.007186 0.0095444 0.0122024 0.0148245 0.0170945 0.0187214 0.0194941 0.0193288 0.0182867 0.0165535 0.0143892 0.0120662 0.00981504 0.00779286 0.0060771 0.00467959 0.00357048 0.00270177
 1.00612e-16 3.18221e-05 0.000186763 0.000887771 0.00341794 0.0106585 0.0269226 0.0550878 0.0913163 0.122641 0.133474 0.117773 0.0843895 0.0494194 0.024299 0.0112374 0.00678839 0.00687673 0.00898507 0.011963 0.0152661 0.0184903 0.021237 0.0231388 0.0239339 0.0235265 0.0220098 0.0196368 0.0167552 0.0137252 0.0108483 0.00832549 0.00624953 0.0046236 0.00339405 0.00248296
 1.00788e-16 3.07417e-05 0.000180419 0.000857608 0.0033018 0.0102963 0.0260078 0.0532161 0.0882143 0.118477 0.128948 0.113791 0.0815639 0.0478199 0.0236156 0.0110955 0.00694083 0.00722325 0.00951363 0.0126947 0.016224 0.0196849 0.0226594 0.0247598 0.0257062 0.0253913 0.0239042 0.0215015 0.0185393 0.015389 0.0123639 0.00967505 0.00742398 0.00562129 0.00421988 0.00314761
 1.0099e-16 3.09801e-05 0.00018182 0.000864272 0.00332746 0.0103764 0.02621 0.0536296 0.0888992 0.119396 0.129943 0.11466 0.0821661 0.0481314 0.0236925 0.0110036 0.00671407 0.00686161 0.00900061 0.0120156 0.0153791 0.018698 0.0215809 0.0236632 0.0246789 0.0245207 0.0232628 0.0211347 0.0184591 0.0155742 0.0127668 0.0102323 0.00806765 0.00628895 0.00486114 0.00372721
 1.01174e-16 2.94697e-05 0.00017295 0.000822096 0.00316507 0.00986992 0.0249308 0.0510125 0.0845622 0.113574 0.123617 0.109101 0.0782318 0.0459266 0.022793 0.010898 0.00707217 0.00755911 0.0100339 0.0134198 0.0171799 0.0208875 0.0241076 0.0264337 0.0275693 0.0273956 0.0259961 0.0236277 0.0206512 0.0174438 0.014325 0.0115114 0.00910959 0.00713563 0.00554894 0.00428502
 1.01308e-16 2.94983e-05 0.000173118 0.0008229 0.00316816 0.00987959 0.0249552 0.0510624 0.0846446 0.113685 0.123735 0.109201 0.0782947 0.0459456 0.0227695 0.0108324 0.00695934 0.0073893 0.00979663 0.0131089 0.0167978 0.0204486 0.0236395 0.0259749 0.0271645 0.027088 0.0258205 0.0236037 0.0207804 0.0177104 0.0146995 0.0119564 0.00958625 0.0076088 0.00599092 0.00467716
 1.01327e-16 2.95319e-05 0.000173316 0.000823838 0.00317178 0.00989085 0.0249836 0.0511206 0.0847411 0.113814 0.123876 0.109325 0.078383 0.0459961 0.022792 0.0108388 0.00695759 0.0073827 0.00978557 0.0130924 0.0167745 0.0204172 0.0235987 0.0259242 0.027104 0.0270192 0.0257456 0.0235262 0.0207043 0.0176402 0.0146391 0.0119091 0.00955382 0.0075917 0.00598805 0.0046862
 1.0282e-16 1.42652e-05 8.3661e-05 0.000397552 0.00153037 0.00477212 0.0120545 0.0246688 0.0409052 0.0549767 0.0599366 0.0531324 0.0386101 0.0236961 0.0136743 0.00972907 0.0105125 0.0143412 0.0201088 0.0271395 0.0348159 0.0423913 0.0490127 0.0538642 0.0563448 0.0562058 0.0536022 0.0490345 0.0432115 0.0368774 0.0306632 0.0249997 0.0201024 0.016011 0.0126562 0.00992335
 1.04522e-16 2.42578e-05 0.000142356 0.00067666 0.00260512 0.00812375 0.02052 0.0419875 0.0696019 0.0934823 0.101751 0.089808 0.0644109 0.0378411 0.0188376 0.00911445 0.00608324 0.00668173 0.00903585 0.0123077 0.0161071 0.0201298 0.0240469 0.0275215 0.0302647 0.0320859 0.0329173 0.0328048 0.0318738 0.0302845 0.0281953 0.0257431 0.0230423 0.0201944 0.0172984 0.0144548
 1.02401e-16 2.93016e-05 0.000171965 0.000817422 0.00314708 0.00981384 0.0247891 0.0507224 0.0840806 0.112926 0.122906 0.10846 0.0777449 0.0455854 0.0225214 0.0105991 0.00665906 0.00696258 0.00920231 0.0123237 0.0158218 0.0193124 0.0224083 0.0247468 0.0260607 0.026238 0.0253427 0.0235888 0.0212778 0.0187231 0.0161843 0.0138325 0.0117459 0.00993089 0.00835391 0.00697048
pSPR Fmed_Fpbrs
0.539659   0.6 0.325
Fs Fmed_Fpbrs
0.64   0.490645 1.77197
SSBpbr Bo_Bmed_Bpbrs
607644  297538  334204 167102
Ro
29143.9
SPR SPRFo_SPRFmed_SPRFpbrs
601944 324844 195632
log_Ro
10.1
likeval ReclasPelacesDesembMPH_pf_preclas_ppelaces_ptallas_desvR_qrecl_qpela
 71.3617 11.1385 0.0278929 42.0896 334.072 210.582 57.0412 0 18.9284 8.53243e-06 0.000125559 8.72494e-14 0 0 0
q_reclas_q_pelaces
1.51274 4.92429
M
0.7
N
 32130.1 10724 3346.17 400.01 0.191416
 40504.6 14615.9 2624.58 538.482 62.108
 15039.5 18418.7 3566.65 420.401 92.7417
 19934.1 6299.17 2315.18 198.627 26.6151
 38871.6 9450.43 2151.63 633.542 60.4584
 24616.7 19139.2 4380.89 957.572 307.769
 62877.5 11201.9 4697.12 708.119 197.175
 61817.8 29272.2 3304.19 1017.56 190.891
 100493 27501.5 5985.82 399.407 139.527
 110615 44465 5382.64 674.793 57.8845
 64642.3 51413.9 12947.6 1142.36 151.281
 50096.8 28721.5 10406.4 1539.77 146.883
 43984.4 22549.3 6454.77 1462.02 227.48
 28420.1 18643.3 3120.32 418.922 102.649
 15307.7 9865.14 514.764 15.5493 2.23772
 10398.1 5367.56 295.537 2.92099 0.0873138
 6775.83 4528.7 924.738 27.1916 0.262144
 9426.53 2977.43 838.238 95.379 2.69186
 11472.3 4205.1 622.379 104.934 11.7435
 13490.1 5251.97 1083.29 108.676 19.696
 21693.6 6201.79 1399.77 199.682 22.9137
 30199.4 10381.6 2285.1 432.163 67.6749
 42259 14395.4 3705.84 670.775 144.244
 58902.8 20068.9 4986.14 1036.86 223.823
 19934.2 27965.6 6936.19 1390.27 344.981
 29097.1 9533.7 10252.8 2124.51 523.204
 35907.1 13864.7 3392.69 2994.88 760.167
pred_Ctot
 1949.7 4071.47 1731.84 210.964 0.101053
 2467.62 5565.68 1361.72 284.683 32.8678
 1709.97 10668.1 2551.66 304.27 67.164
 651.354 1444.79 773.285 67.9625 9.11837
 237.479 453.721 161.619 49.0453 4.6879
 1488.13 7245.62 2262.03 503.85 162.102
 2837.35 3369.56 1995.59 307.427 85.7016
 4658.51 13016.7 1942.46 608.143 114.185
 7928.33 12626.1 3607.8 244.604 85.5209
 5111.57 13635.8 2325.42 297.84 25.5782
 4924.88 23038.5 7657.49 686.758 91.0252
 3390.65 11825.7 5754.21 866.595 82.7446
 4674.95 12552.4 4490.96 1029.91 160.352
 6279.54 14593.3 2694.84 363.545 89.1025
 3300.6 7660.03 442.565 13.4353 1.93401
 926.396 2674.4 189.615 1.90152 0.0568836
 564.937 2159.05 573.796 17.1326 0.165303
 693.594 1301.85 486.277 56.2658 1.58939
 647.502 1510.61 307.653 52.8957 5.92587
 723.273 1812.92 517.84 53.0029 9.61623
 567.654 1170.69 391.284 57.2602 6.57961
 872.648 2139.37 692.406 134.253 21.0515
 1330.38 3197.07 1202.17 222.967 48.0091
 1865.31 4479.93 1625.02 346.244 74.8391
 530.204 5356.15 1965.05 404.005 100.386
 848.515 1980.47 3129.58 664.812 163.941
 1922.9 4781.55 1620.54 1459.53 370.856
F
 0.0876856 0.707564 1.12682 1.16309 1.16507
 0.0880473 0.710482 1.13147 1.16789 1.16987
 0.17026 1.37388 2.18795 2.25838 2.26222
 0.0463723 0.374193 0.595915 0.615098 0.616141
 0.0085271 0.068808 0.109579 0.113106 0.113298
 0.0873414 0.704786 1.1224 1.15853 1.16049
 0.0645523 0.520893 0.82954 0.856243 0.857696
 0.109953 0.887243 1.41296 1.45845 1.46092
 0.115383 0.931059 1.48274 1.53047 1.53307
 0.0661509 0.533793 0.850084 0.877448 0.878937
 0.111222 0.897485 1.42928 1.47528 1.47779
 0.0982519 0.792827 1.2626 1.30325 1.30546
 0.158349 1.27777 2.03489 2.10039 2.10396
 0.358089 2.88953 4.60168 4.74981 4.75787
 0.347981 2.80797 4.47179 4.61573 4.62356
 0.13119 1.05862 1.68589 1.74015 1.74311
 0.122301 0.986888 1.57165 1.62224 1.625
 0.107229 0.865267 1.37797 1.42232 1.42474
 0.0813323 0.656297 1.04517 1.07882 1.08065
 0.0771191 0.622299 0.991033 1.02293 1.02467
 0.036983 0.298428 0.475256 0.490555 0.491387
 0.0409109 0.330124 0.525733 0.542656 0.543577
 0.0446442 0.360249 0.573708 0.592176 0.593181
 0.0449133 0.36242 0.577166 0.595744 0.596756
 0.0376021 0.303424 0.483213 0.498767 0.499614
 0.0412934 0.33321 0.530648 0.54773 0.548659
 0.0770257 0.621545 0.989832 1.02169 1.02343
Np
 19353.4 9262.25 6085.81 1142.6 248.451
YTP_r0W_actual
 7692.37 56451.8 29740.4 34393.7 9700.96
YTP_p0W_proyectada
 4146.09 67218.7 32417 7190.49 8051.47
 4146.09 37712.4 53348.4 13121.8 3170.64
CTP_r0_actual
 938.094 2613.51 947.146 857.697 217.999
CTP_p0_proyectada
 505.62 3111.98 1032.39 179.314 180.932
 505.62 1745.94 1698.99 327.227 71.2503
Wmedp
 8.2 21.6 31.4 40.1 44.5
nmprior
 10.8 10.6 4.6 0
nm_flota  nm_reclas  nm_pelaces    nm_pelaL
inf 25.6097 17.0874 53.1796
cv_recla  cv_pelaces  cv_mph
0.731582 0.365598 0.520169
 ------------------------------------------------
Talla a la edad & desviaci?n 
 7.2 14.2025 17.0495 18.207 18.6776
 1.08 2.13037 2.55742 2.73105 2.80164
