years
 1997 1998 1999 2000 2001 2002 2003 2004 2005 2006 2007 2008 2009 2010 2011 2012 2013 2014 2015 2016 2017 2018 2019 2020 2021 2022 2023
reclasobs
 0 0 0 370054 412103 1.49427e+06 250295 1.28982e+06 931140 785840 897777 1.04006e+06 184774 17550 25797 100020 73551 82996 120727 218422 84188 347160 605670 569463 516374 1.08416e+06 1.01767e+06
reclaspred
 1.09041e+06 216802 441924 178422 282902 341277 690994 566933 704220 946771 926008 674129 393778 144876 90101.6 91538.5 83805.2 96122 118391 147012 221826 246185 441542 560165 785653 636148 310826
pelacesobs
 0 0 0 0 0 0 0 0 0 2.06254e+06 1.5e+06 0 1.87456e+06 323000 250000 174000 83755 137374 0 501740 490994 745055 786931 1.00524e+06 1.33801e+06 1.41789e+06 0
pelacespred
 2.745e+06 729880 543848 471514 777699 555747 1.96122e+06 1.51202e+06 1.94329e+06 2.56193e+06 1.95665e+06 1.51485e+06 907801 278174 184646 182826 165773 209049 245371 291365 570457 561499 785951 1.2093e+06 1.52331e+06 1.29058e+06 495154
mphobs
 0 0 0 0 0 0 112323 0 153150 637223 0 255016 313432 73983 77613 109348 50772 17779 17303 59886 28197 0 207744 136588 643089 65757 70829
mphpred
 328172 146741 141266 76721.1 72876 146812 177685 281007 266112 357913 414225 284338 182080 127620 58277.2 48291.8 38282.4 41221.1 33010.1 35795.6 51650.7 73524 94515.6 139835 193763 151260 105039
desembarqueobs
 350755 77701 442110 56441 14545 235359 269955 359681 431902 328805 639364 411747 362871 311530 167758 66681 60226 58785 57116 73181 50977 67692 138656 160484 209506 203330 245020
desembarquepred
 350734 77670.2 441688 56430.5 14544.6 235328 269952 359223 431501 328644 638601 411268 362466 310970 167368 66649.3 60227.6 58717.1 57033.8 73129.6 50967.3 67638.3 138613 160436 209446 203205 244800
Reclutas
 24136.2 42734.6 8126.67 12244.9 36641.6 17687.4 61163.5 55800.6 90499.2 110509 63405.4 53382.2 48474.6 28433.5 14495.3 9788.5 6275.3 8655.42 10089.3 10332.1 18133 24486.4 34289.2 53962.7 14577.5 26246.5 10111.1
log_desv_Rt
 -0.00853184 0.562764 -1.09709 -0.687138 0.408941 -0.319389 0.921307 0.829541 1.3131 1.51285 0.957305 0.785232 0.688795 0.155325 -0.518423 -0.911037 -1.35562 -1.03406 -0.880773 -0.856993 -0.29451 0.00587312 0.342586 0.796048 -0.512765 0.0752882 -0.878615
SSB
 506221 226354 217909 118346 112415 226464 262610 425588 395643 537478 638961 438604 294077 149543 72615 59905.3 51513.5 51863.1 67001.3 78750.9 103535 142441 190280 264115 412005 340067 220774
BT
 1.27612e+06 355129 413344 209566 296945 349598 1.05446e+06 955454 1.21039e+06 1.27241e+06 1.24232e+06 910273 697206 396495 214077 120209 109803 129169 132533 159295 253616 237175 350043 549150 590323 555024 350547
Ftot
 0.842123 1.06417 2.20971 0.83883 0.178081 1.6509 1.36631 1.93103 2.06897 1.12033 1.78105 1.60697 2.47335 4.95303 4.95303 2.01334 1.96794 1.84194 1.38128 1.38215 0.712876 0.770886 0.848235 0.849011 0.663034 0.794216 1.78107
BD_Bspro_t
 0.918043 0.615889 0.501192 0.218918 0.312488 0.526225 0.419995 0.495214 0.435465 0.464586 0.46919 0.316266 0.238822 0.152096 0.0903742 0.0913746 0.109309 0.151083 0.230036 0.309183 0.399413 0.542338 0.571377 0.577057 0.614214 0.495387 0.383237
BD_Bspro
 1.00683 0.4502 0.433404 0.23538 0.223584 0.450418 0.52231 0.846459 0.786901 1.069 1.27084 0.872348 0.584894 0.29743 0.144425 0.119147 0.102456 0.103151 0.13326 0.156629 0.205922 0.283304 0.378451 0.525302 0.819443 0.676366 0.439101
BD_Bo
 1.01117 0.452138 0.43527 0.236394 0.224546 0.452357 0.524559 0.850103 0.790289 1.0736 1.27631 0.876103 0.587412 0.29871 0.145047 0.11966 0.102897 0.103595 0.133834 0.157303 0.206809 0.284523 0.380081 0.527564 0.822971 0.679278 0.440991
BD_Brms
 1.83849 0.82207 0.791399 0.429807 0.408266 0.822467 0.953743 1.54564 1.43689 1.952 2.32057 1.59292 1.06802 0.543109 0.263722 0.217563 0.187086 0.188355 0.243334 0.286006 0.376016 0.517315 0.691056 0.959207 1.49631 1.23505 0.801802
S_f
 0.0763121 0.610852 0.967558 0.998238 0.999907
 0.0763121 0.610852 0.967558 0.998238 0.999907
 0.0763121 0.610852 0.967558 0.998238 0.999907
 0.0763121 0.610852 0.967558 0.998238 0.999907
 0.0763121 0.610852 0.967558 0.998238 0.999907
 0.0763121 0.610852 0.967558 0.998238 0.999907
 0.0763121 0.610852 0.967558 0.998238 0.999907
 0.0763121 0.610852 0.967558 0.998238 0.999907
 0.0763121 0.610852 0.967558 0.998238 0.999907
 0.0763121 0.610852 0.967558 0.998238 0.999907
 0.0763121 0.610852 0.967558 0.998238 0.999907
 0.0763121 0.610852 0.967558 0.998238 0.999907
 0.0763121 0.610852 0.967558 0.998238 0.999907
 0.0763121 0.610852 0.967558 0.998238 0.999907
 0.0763121 0.610852 0.967558 0.998238 0.999907
 0.0763121 0.610852 0.967558 0.998238 0.999907
 0.0763121 0.610852 0.967558 0.998238 0.999907
 0.0763121 0.610852 0.967558 0.998238 0.999907
 0.0763121 0.610852 0.967558 0.998238 0.999907
 0.0763121 0.610852 0.967558 0.998238 0.999907
 0.0763121 0.610852 0.967558 0.998238 0.999907
 0.0763121 0.610852 0.967558 0.998238 0.999907
 0.0763121 0.610852 0.967558 0.998238 0.999907
 0.0763121 0.610852 0.967558 0.998238 0.999907
 0.0763121 0.610852 0.967558 0.998238 0.999907
 0.0763121 0.610852 0.967558 0.998238 0.999907
 0.0763121 0.610852 0.967558 0.998238 0.999907
Scru_reclas
 0.239651 0.613334 0.888676 0.975713 0.995078
 0.239651 0.613334 0.888676 0.975713 0.995078
 0.239651 0.613334 0.888676 0.975713 0.995078
 0.239651 0.613334 0.888676 0.975713 0.995078
 0.239651 0.613334 0.888676 0.975713 0.995078
 0.239651 0.613334 0.888676 0.975713 0.995078
 0.239651 0.613334 0.888676 0.975713 0.995078
 0.239651 0.613334 0.888676 0.975713 0.995078
 0.239651 0.613334 0.888676 0.975713 0.995078
 0.239651 0.613334 0.888676 0.975713 0.995078
 0.239651 0.613334 0.888676 0.975713 0.995078
 0.239651 0.613334 0.888676 0.975713 0.995078
 0.239651 0.613334 0.888676 0.975713 0.995078
 0.239651 0.613334 0.888676 0.975713 0.995078
 0.239651 0.613334 0.888676 0.975713 0.995078
 0.239651 0.613334 0.888676 0.975713 0.995078
 0.239651 0.613334 0.888676 0.975713 0.995078
 0.239651 0.613334 0.888676 0.975713 0.995078
 0.239651 0.613334 0.888676 0.975713 0.995078
 0.239651 0.613334 0.888676 0.975713 0.995078
 0.239651 0.613334 0.888676 0.975713 0.995078
 0.239651 0.613334 0.888676 0.975713 0.995078
 0.239651 0.613334 0.888676 0.975713 0.995078
 0.239651 0.613334 0.888676 0.975713 0.995078
 0.239651 0.613334 0.888676 0.975713 0.995078
 0.239651 0.613334 0.888676 0.975713 0.995078
 0.239651 0.613334 0.888676 0.975713 0.995078
Scru_pelaces
 0.430561 0.791897 0.950375 0.989731 0.997943
 0.430561 0.791897 0.950375 0.989731 0.997943
 0.430561 0.791897 0.950375 0.989731 0.997943
 0.430561 0.791897 0.950375 0.989731 0.997943
 0.430561 0.791897 0.950375 0.989731 0.997943
 0.430561 0.791897 0.950375 0.989731 0.997943
 0.430561 0.791897 0.950375 0.989731 0.997943
 0.430561 0.791897 0.950375 0.989731 0.997943
 0.430561 0.791897 0.950375 0.989731 0.997943
 0.430561 0.791897 0.950375 0.989731 0.997943
 0.430561 0.791897 0.950375 0.989731 0.997943
 0.430561 0.791897 0.950375 0.989731 0.997943
 0.430561 0.791897 0.950375 0.989731 0.997943
 0.430561 0.791897 0.950375 0.989731 0.997943
 0.430561 0.791897 0.950375 0.989731 0.997943
 0.430561 0.791897 0.950375 0.989731 0.997943
 0.430561 0.791897 0.950375 0.989731 0.997943
 0.430561 0.791897 0.950375 0.989731 0.997943
 0.430561 0.791897 0.950375 0.989731 0.997943
 0.430561 0.791897 0.950375 0.989731 0.997943
 0.430561 0.791897 0.950375 0.989731 0.997943
 0.430561 0.791897 0.950375 0.989731 0.997943
 0.430561 0.791897 0.950375 0.989731 0.997943
 0.430561 0.791897 0.950375 0.989731 0.997943
 0.430561 0.791897 0.950375 0.989731 0.997943
 0.430561 0.791897 0.950375 0.989731 0.997943
 0.430561 0.791897 0.950375 0.989731 0.997943
pf_obs 
 0.256992 0.487395 0.22802 0.0275931 0
 0.321318 0.546541 0.124235 0.00734118 0.000564706
 0.182869 0.594174 0.210203 0.0122559 0.00049798
 0.330522 0.361315 0.267642 0.0388342 0.00168674
 0.649043 0.306663 0.0425973 0.00169635 0
 0.582887 0.30429 0.105238 0.00758474 0
 0.465427 0.430635 0.0974691 0.00646863 0
 0.296916 0.608066 0.0921331 0.00288517 0
 0.311714 0.524322 0.152257 0.0117073 0
 0.15457 0.633149 0.183074 0.0267441 0.00246327
 0.131901 0.49318 0.331252 0.0422183 0.00144891
 0.196976 0.569456 0.194076 0.0375587 0.00193317
 0.518974 0.381816 0.0799577 0.0180837 0.00116848
 0.0928022 0.601141 0.25162 0.0475244 0.00691264
 0.122501 0.610282 0.24278 0.0234846 0.000952079
 0.383417 0.481906 0.127806 0.00687128 0
 0.0376549 0.599619 0.316969 0.0457579 0
 0.0361596 0.667082 0.258105 0.0386534 0
 0.158088 0.579412 0.248529 0.0139706 0
 0.0477256 0.309471 0.559284 0.082774 0.000745712
 0.0406174 0.521527 0.379366 0.0568643 0.0016247
 0.151134 0.462217 0.34131 0.0453401 0
 0.294876 0.26143 0.354403 0.0886775 0.000613685
 0.281977 0.475581 0.204845 0.0348837 0.00271318
 0.0841818 0.532909 0.334909 0.0458182 0.00218182
 0.115287 0.27431 0.454777 0.147771 0.00785563
 0 0 0 0 0
pf_pred 
 0.146229 0.574504 0.247681 0.0315762 9.25612e-06
 0.266531 0.443658 0.230162 0.0531748 0.00647449
 0.0615395 0.754338 0.138866 0.0363188 0.00893772
 0.20227 0.37359 0.389119 0.0269173 0.00810456
 0.367196 0.438874 0.120277 0.0678249 0.00582837
 0.124216 0.710575 0.130119 0.0220403 0.0130494
 0.451047 0.340088 0.189869 0.0151668 0.00382891
 0.257455 0.675611 0.0520482 0.0136024 0.00128315
 0.371471 0.51232 0.111818 0.00346753 0.000922708
 0.289451 0.628902 0.0750281 0.00638571 0.000232429
 0.1537 0.671781 0.163954 0.00974902 0.000815837
 0.191597 0.560713 0.223384 0.0229263 0.00137993
 0.244087 0.574535 0.152097 0.0265693 0.00271134
 0.264728 0.635789 0.0898933 0.00815019 0.00143896
 0.292875 0.669787 0.0364573 0.000807005 7.35406e-05
 0.262092 0.696246 0.0413 0.000354844 7.32887e-06
 0.188235 0.66461 0.143771 0.00335749 2.73462e-05
 0.309931 0.522282 0.154188 0.0133074 0.000291346
 0.279299 0.613881 0.0943328 0.0115378 0.00094936
 0.235376 0.609836 0.143203 0.010299 0.00128577
 0.301696 0.523485 0.156233 0.0172685 0.00131777
 0.248135 0.581603 0.14379 0.0237654 0.00270659
 0.247126 0.547032 0.177642 0.0239791 0.00422063
 0.273169 0.534794 0.159964 0.0278526 0.00421981
 0.0598976 0.710862 0.192413 0.030911 0.00591572
 0.158643 0.278558 0.477198 0.072337 0.0132645
 0.093274 0.622478 0.136547 0.126097 0.0216039
pobs_RECLAS
 0 0 0 0 0
 0 0 0 0 0
 0 0 0 0 0
 0 0 0 0 0
 0.835266 0.146461 0.0176864 0.000547809 3.91292e-05
 0.385257 0.428462 0.181853 0.0044286 0
 0.867414 0.0963971 0.0333333 0.00285562 0
 0.441836 0.489002 0.0689373 0.000224442 0
 0.779404 0.147425 0.0564933 0.0165055 0.000172143
 0.814271 0.122319 0.05973 0.00367925 0
 0.40263 0.566651 0.0304383 0.000280538 0
 0.475488 0.404961 0.113038 0.00651328 0
 0.955842 0.0263864 0.0167828 0.000988607 0
 0.975058 0.0227948 0.00214734 0 0
 0.738997 0.206755 0.0527124 0.00153531 0
 0.850938 0.134255 0.0134407 0.00136685 0
 0.542534 0.407297 0.0501686 0 0
 0.764087 0.199537 0.0359546 0.000420521 0
 0.470689 0.182191 0.310203 0.0369168 0
 0.84361 0.089868 0.0606195 0.00523954 0.000663233
 0.607945 0.314616 0.071237 0.00620181 0
 0.523733 0.453247 0.0230204 0 0
 0.530135 0.295979 0.169645 0.0042399 0
 0.562478 0.366248 0.0663022 0.0049721 0
 0.250443 0.683176 0.0655157 0.000865301 0
 0.195077 0.31981 0.436473 0.0351445 0.0134964
 0.565238 0.351407 0.0832357 0.000118908 0
ppred_RECLAS
 0.365539 0.44271 0.168902 0.0228427 6.81633e-06
 0.555884 0.281549 0.127495 0.0312047 0.00386743
 0.196825 0.671892 0.0977501 0.0268187 0.00671429
 0.466244 0.265512 0.244776 0.0179627 0.0055056
 0.650822 0.247219 0.0617051 0.037015 0.00323844
 0.33345 0.557088 0.0850994 0.0152022 0.00915955
 0.744318 0.167393 0.0798178 0.00673995 0.00173177
 0.552441 0.413834 0.0259159 0.0071247 0.000683851
 0.684977 0.266459 0.0466336 0.00151919 0.0004113
 0.576859 0.380031 0.0394249 0.00355344 0.000131651
 0.394504 0.498391 0.100288 0.00628189 0.000534933
 0.459434 0.394013 0.131447 0.0142332 0.000871825
 0.55699 0.356035 0.0723771 0.0132259 0.00137286
 0.658634 0.314448 0.0242874 0.00223072 0.000399913
 0.680982 0.309586 0.0092055 0.000206425 1.91008e-05
 0.558875 0.420811 0.0201278 0.000181773 3.81982e-06
 0.457643 0.459798 0.0805638 0.00197843 1.63956e-05
 0.620018 0.300497 0.0727294 0.00660863 0.000147224
 0.570528 0.37363 0.0489796 0.00633202 0.000530272
 0.515518 0.397941 0.079712 0.0060594 0.000769921
 0.58824 0.316832 0.0842721 0.00988811 0.000768155
 0.521955 0.378604 0.0831631 0.0145869 0.00169116
 0.523235 0.356919 0.102534 0.0146819 0.00263064
 0.556505 0.335726 0.0888312 0.0164073 0.00253045
 0.173351 0.640248 0.154842 0.0264132 0.00514603
 0.396019 0.21492 0.326701 0.0525501 0.00980945
 0.272004 0.524691 0.0948962 0.0923144 0.0160941
pobs_PELACES
 0 0 0 0 0
 0 0 0 0 0
 0 0 0 0 0
 0 0 0 0 0
 0 0 0 0 0
 0 0 0 0 0
 0 0 0 0 0
 0 0 0 0 0
 0 0 0 0 0
 0 0 0 0 0
 0.450072 0.473896 0.0757376 0.000293798 0
 0 0 0 0 0
 0.463077 0.371075 0.160297 0.00555027 0
 0.529543 0.364841 0.0842815 0.0213345 0
 0.631943 0.363953 0.00410389 0 0
 0.735681 0.248677 0.0153453 0.000297389 0
 0.695825 0.281241 0.0229344 0 0
 0.275771 0.60734 0.115278 0.00161068 0
 0 0 0 0 0
 0.896147 0.0623911 0.0374545 0.00400742 0
 0.803859 0.145111 0.0509908 3.86294e-05 0
 0.739449 0.233085 0.0266225 0.000797448 4.60066e-05
 0.878498 0.100942 0.0204185 0.000141795 0
 0.694673 0.275183 0.0284847 0.00165964 0
 0.469039 0.446079 0.0841089 0.000773354 0
 0.822795 0.102175 0.0682046 0.00682512 0
 0 0 0 0 0
ppred_PELACES
 0.501949 0.376572 0.107768 0.0137071 4.04204e-06
 0.700643 0.211377 0.0699478 0.0160645 0.00196728
 0.349083 0.579939 0.0538783 0.0137108 0.00338961
 0.617629 0.217998 0.150812 0.0104086 0.00315267
 0.740113 0.19579 0.0396375 0.0225125 0.00194712
 0.496124 0.44517 0.0463779 0.00772813 0.0045994
 0.851829 0.108187 0.0363806 0.00287384 0.000729495
 0.712663 0.272902 0.0112774 0.00288377 0.000273368
 0.821711 0.159473 0.0181203 0.000548312 0.000146599
 0.704043 0.273551 0.0206013 0.00174137 6.37459e-05
 0.568697 0.377113 0.050966 0.00297394 0.000250132
 0.63222 0.29347 0.0671171 0.00678206 0.000410353
 0.745554 0.221392 0.0278616 0.00470976 0.000482684
 0.870456 0.124659 0.00445169 0.000368853 6.51992e-05
 0.878514 0.119802 0.00164703 3.33183e-05 3.03976e-06
 0.718743 0.272661 0.00852285 7.15335e-05 1.48455e-06
 0.636798 0.324935 0.0374062 0.000854112 6.99044e-06
 0.771719 0.194224 0.0313465 0.00265177 5.83467e-05
 0.710551 0.262095 0.0241878 0.00292479 0.000241977
 0.666259 0.289634 0.0408391 0.00290368 0.000364492
 0.704867 0.240595 0.048739 0.00538537 0.00041346
 0.647454 0.294592 0.0489482 0.00808024 0.000925794
 0.654712 0.276349 0.0595074 0.00801311 0.00141883
 0.683958 0.255282 0.0506264 0.00879345 0.0013402
 0.257559 0.608165 0.112679 0.0181095 0.003487
 0.556334 0.188612 0.216282 0.0327336 0.0060385
 0.441277 0.446798 0.0542729 0.0491832 0.00846916
pobs_pel_tallas
 0 0 0 0 0 0 0 0 0 0 0 0 0 0 0 0 0 0 0 0 0 0 0 0 0 0 0 0 0 0 0 0 0 0 0 0
 0 0 0 0 0 0 0 0 0 0 0 0 0 0 0 0 0 0 0 0 0 0 0 0 0 0 0 0 0 0 0 0 0 0 0 0
 0 0 0 0 0 0 0 0 0 0 0 0 0 0 0 0 0 0 0 0 0 0 0 0 0 0 0 0 0 0 0 0 0 0 0 0
 0 0 0 0 0 0 0 0 0 0 0 0 0 0 0 0 0 0 0 0 0 0 0 0 0 0 0 0 0 0 0 0 0 0 0 0
 0 0 0 0 0 0 0 0 0 0 0 0 0 0 0 0 0 0 0 0 0 0 0 0 0 0 0 0 0 0 0 0 0 0 0 0
 0 0 0 0 0 0 0 0 0 0 0 0 0 0 0 0 0 0 0 0 0 0 0 0 0 0 0 0 0 0 0 0 0 0 0 0
 0 0 0 0 0 0 0 0 0 0 0 0 0 0 0 0 0 0 0 0 0 0 0 0 0 0 0 0 0 0 0 0 0 0 0 0
 0 0 0 0 0 0 0 0 0 0 0 0 0 0 0 0 0 0 0 0 0 0 0 0 0 0 0 0 0 0 0 0 0 0 0 0
 0 0 0 0 0 0 0 0 0 0 0 0 0 0 0 0 0 0 0 0 0 0 0 0 0 0 0 0 0 0 0 0 0 0 0 0
 0 0 0 0 0 0 0 0 0 0 0 0 0 0 0 0 0 0 0 0 0 0 0 0 0 0 0 0 0 0 0 0 0 0 0 0
 0 0 0 0 0 0 0 0 1.78061e-05 0.00172719 0.00360574 0.0105946 0.0120993 0.0124554 0.0147524 0.0171206 0.0266825 0.0428682 0.0675386 0.121331 0.153587 0.119568 0.100827 0.0573624 0.0630603 0.0341343 0.0324427 0.0444173 0.0211091 0.0280891 0.0125444 0.00206551 0 0 0 0
 0 0 0 0 0 0 0 0 0 0 0 0 0 0 0 0 0 0 0 0 0 0 0 0 0 0 0 0 0 0 0 0 0 0 0 0
 0 0 0 0 0 0 0.0133647 0.0140871 0.0187388 0.0205184 0.03894 0.0496705 0.03968 0.0493445 0.0407372 0.0367815 0.0215668 0.0243155 0.0234873 0.0199281 0.019796 0.0243948 0.0301388 0.0376714 0.0412746 0.0863199 0.0771752 0.113111 0.0741005 0.0525337 0.0229764 0.00759418 0.00175318 0 0 0
 0 0 0 0 0 0 0 0 0 0 0.00219441 0.00772107 0.0458388 0.0604681 0.0671733 0.0775358 0.0609151 0.0617685 0.073594 0.0568108 0.0755445 0.0548602 0.0670107 0.0636378 0.0643287 0.046367 0.0373049 0.0286899 0.0247887 0.0153202 0.00654259 0.00121912 0.000365735 0 0 0
 0 0 0 0 0 0 0 0 0 0 0 0 0.000112435 0.00938835 0.0111873 0.0202946 0.0414886 0.0713402 0.111592 0.104902 0.108894 0.110636 0.117776 0.105296 0.107544 0.0401394 0.0192827 0.0124803 0.00416011 0.0028671 0.000618394 0 0 0 0 0
 0 0 0 0 0 0 0 0 0 0 0.00291406 0.0102884 0.027416 0.0768956 0.0749926 0.110853 0.0956884 0.0897413 0.0766577 0.0534642 0.0500743 0.0551293 0.0594112 0.0620874 0.0668451 0.0424026 0.0208742 0.0120726 0.0048766 0.00582813 0.00118941 0.000297354 0 0 0 0
 0 0.00264628 0.0354308 0.0461629 0.0458689 0.0383711 0.0214643 0.0164657 0.0346957 0.0420465 0.0363128 0.0245516 0.0311673 0.0291091 0.0169068 0.0133784 0.00837989 0.0085269 0.0148486 0.0160247 0.0276389 0.0546898 0.0760071 0.122758 0.109233 0.0665981 0.0333725 0.0166128 0.00676272 0.00308733 0.000882094 0 0 0 0 0
 0 0 0 0 0 0 0 0.000805153 0.000690131 0.00759144 0.0133425 0.0154129 0.00931677 0.000345066 0.00356568 0.00563607 0.00851162 0.0253048 0.0502646 0.0516448 0.0657925 0.0565908 0.0611916 0.0827007 0.0866115 0.110766 0.145733 0.0935128 0.0569358 0.0249597 0.0138026 0.00621118 0.00161031 0.00115022 0 0
 0 0 0 0 0 0 0 0 0 0 0 0 0 0 0 0 0 0 0 0 0 0 0 0 0 0 0 0 0 0 0 0 0 0 0 0
 0.00147267 0.00158595 0.00478618 0.00569244 0.00954404 0.0108468 0.00647125 0.017049 0.0510054 0.094081 0.124002 0.0959785 0.0687766 0.0820023 0.061753 0.0591476 0.0492212 0.0479892 0.0443925 0.0268479 0.0217502 0.0140895 0.0121071 0.0120363 0.00920419 0.00665534 0.0049561 0.00860946 0.00930331 0.0156896 0.0114698 0.00855282 0.00243557 0.00046729 0 2.83206e-05
 0 0 0 0 0.000772559 0.00158375 0.000888443 0.00281984 0.00712685 0.0440552 0.0773331 0.111326 0.0921469 0.0852325 0.0710754 0.0886704 0.0786465 0.0553345 0.0373146 0.0185414 0.00753245 0.00457741 0.012979 0.0271748 0.0457355 0.0583668 0.034881 0.0177882 0.00938659 0.00492506 0.0015258 0.00185414 0.000309023 5.79419e-05 3.86279e-05 0
 0 0.00173294 0.00326652 0 0.00397197 0.00683976 0.00946217 0.0152591 0.00757587 0.0136028 0.0228656 0.0392903 0.0559909 0.0764795 0.0681675 0.0726916 0.0566044 0.0477403 0.0527397 0.0444891 0.0609904 0.0582453 0.0661739 0.0445044 0.0529084 0.0360697 0.0280645 0.0235558 0.0158879 0.00826598 0.00280645 0.00217768 0.000904811 0.00058276 9.20147e-05 0
 0 0 0 0 0 0 0 0 0 0 0 0 0 0 0 0 0 0 0 0 0 0 0 0 0 0 0 0 0 0 0 0 0 0 0 0
 0 0 0 0 0 0 0 0 0 0 0 0 0 0 0 0 0 0 0 0 0 0 0 0 0 0 0 0 0 0 0 0 0 0 0 0
 0 0 0 0 0 0 0 0 0 0 0 0 0 0 0 0 0 0 0 0 0 0 0 0 0 0 0 0 0 0 0 0 0 0 0 0
 0 0 0 0 0 0 0 0 0 0 0 0 0 0 0 0 0 0 0 0 0 0 0 0 0 0 0 0 0 0 0 0 0 0 0 0
 0 0 0 0 0 0 0 0 0 0 0 0 0 0 0 0 0 0 0 0 0 0 0 0 0 0 0 0 0 0 0 0 0 0 0 0
ppred_pel_tallas
 1.02124e-16 2.19155e-05 0.000128589 0.000611177 0.00235294 0.0073373 0.0185337 0.0379246 0.0628722 0.0844599 0.0919731 0.0812789 0.0585139 0.034819 0.0181511 0.0101321 0.00849211 0.0105032 0.0144514 0.0194738 0.025018 0.0305302 0.0354007 0.0390462 0.0410304 0.0411613 0.0395286 0.0364653 0.0324536 0.0280062 0.0235638 0.0194348 0.0157842 0.0126596 0.0100348 0.00785124
 1.01706e-16 3.05727e-05 0.00017943 0.000852915 0.00328374 0.01024 0.0258656 0.0529248 0.0877303 0.117824 0.128229 0.113137 0.0810518 0.0474337 0.0232662 0.010669 0.00633032 0.00633989 0.00829165 0.0111027 0.0142815 0.017477 0.0203413 0.0225454 0.0238409 0.0241126 0.0233996 0.0218749 0.0197937 0.0174292 0.0150168 0.0127221 0.0106362 0.00878985 0.00717764 0.00577955
 1.01584e-16 1.52579e-05 8.9485e-05 0.000425231 0.00163693 0.0051044 0.0128939 0.0263865 0.0437536 0.0588051 0.0641107 0.0568337 0.0413016 0.0253508 0.0146321 0.0104094 0.0112345 0.0152957 0.0213922 0.0287775 0.0367624 0.0445198 0.0511151 0.0556681 0.0575501 0.0565347 0.052851 0.0471145 0.0401676 0.0328806 0.0259801 0.0199477 0.0150012 0.0111419 0.00823359 0.00608302
 1.02717e-16 2.69534e-05 0.00015818 0.000751889 0.00289476 0.009027 0.0228016 0.0466557 0.0773397 0.103873 0.113056 0.0997734 0.0715309 0.0419685 0.0207868 0.00987689 0.00634554 0.00677087 0.00905113 0.0122387 0.0158898 0.0196648 0.0232083 0.0261686 0.0282598 0.0293162 0.029318 0.0283763 0.0266907 0.0244925 0.0219972 0.0193758 0.0167502 0.0142031 0.0117933 0.00956809
 1.01492e-16 3.2293e-05 0.000189532 0.000900942 0.00346867 0.0108167 0.0273222 0.055905 0.0926695 0.124455 0.135437 0.119479 0.0855572 0.0499922 0.0243749 0.0109289 0.00614022 0.00586468 0.00755432 0.0100703 0.0129128 0.015745 0.0182435 0.0201082 0.0211183 0.0211809 0.0203496 0.0188023 0.0167917 0.0145818 0.0123946 0.0103793 0.00860856 0.00709373 0.00581012 0.00472032
 1.01284e-16 2.16641e-05 0.000127108 0.00060412 0.00232574 0.00725248 0.0183196 0.0374869 0.0621485 0.0834936 0.0909363 0.0803994 0.0579604 0.0346488 0.0183519 0.0106982 0.00946571 0.0119669 0.0164926 0.0221424 0.028287 0.0342683 0.0393644 0.0428984 0.0443858 0.0436502 0.0408641 0.0364962 0.0311897 0.0256098 0.0203131 0.0156693 0.0118471 0.00885043 0.00657817 0.00488549
 1.00685e-16 3.71608e-05 0.000218118 0.00103686 0.00399203 0.0124488 0.0314446 0.0643392 0.106647 0.143215 0.155825 0.137397 0.0982408 0.0571066 0.0272895 0.0112959 0.0050287 0.00368111 0.00431646 0.00566972 0.00726942 0.00888317 0.0103224 0.0114166 0.0120383 0.0121291 0.0117108 0.0108745 0.0097543 0.00849421 0.00721888 0.00601685 0.00493735 0.00399737 0.00319361 0.00251377
 1.00361e-16 3.10992e-05 0.000182516 0.000867573 0.00334016 0.0104159 0.02631 0.0538345 0.0892398 0.119856 0.130451 0.115126 0.0825373 0.048424 0.0239753 0.011365 0.00723903 0.00762284 0.0100524 0.0133829 0.0170425 0.0205814 0.0235478 0.0255276 0.0262301 0.0255579 0.0236318 0.0207566 0.0173439 0.0138171 0.0105275 0.00770561 0.00545166 0.00375816 0.00254881 0.00171804
 1.00335e-16 3.58496e-05 0.000210415 0.00100023 0.00385098 0.0120089 0.0303336 0.0620663 0.102881 0.138163 0.15034 0.132591 0.0948689 0.0552772 0.0266595 0.0114556 0.00573379 0.00486886 0.00602291 0.00794623 0.0101273 0.0122624 0.0140799 0.0153348 0.0158526 0.0155697 0.0145479 0.0129557 0.0110245 0.0089948 0.00706808 0.00537942 0.0039917 0.00290809 0.00209344 0.00149585
 1.00445e-16 3.07233e-05 0.000180309 0.000857082 0.00329977 0.01029 0.0259918 0.0531835 0.0881608 0.118407 0.128876 0.113738 0.0815486 0.0478566 0.023718 0.0112831 0.00724122 0.00766864 0.0101331 0.0135037 0.0172138 0.0208147 0.0238538 0.0259144 0.0267015 0.0261123 0.0242608 0.0214449 0.0180703 0.014556 0.0112516 0.00838851 0.0060711 0.00429799 0.0030003 0.00207995
 1.00961e-16 2.48259e-05 0.000145676 0.000692412 0.00266571 0.00831267 0.0209974 0.0429655 0.0712274 0.0956786 0.104176 0.0920294 0.0661807 0.0392347 0.0201825 0.0108323 0.00858016 0.0103069 0.0140532 0.0188443 0.0240824 0.0291947 0.0335658 0.036619 0.0379393 0.0373709 0.0350528 0.0313753 0.0268779 0.0221219 0.0175795 0.0135687 0.0102404 0.00760696 0.00559244 0.00408215
 1.01301e-16 2.75925e-05 0.000161926 0.000769682 0.00296325 0.00924055 0.0233411 0.0477601 0.0791721 0.10634 0.115754 0.102188 0.0733341 0.0431706 0.0216473 0.0107209 0.00744601 0.00832243 0.011177 0.0149856 0.0192062 0.0233785 0.0270218 0.0296829 0.0310283 0.0309193 0.0294405 0.0268686 0.0235963 0.0200379 0.016546 0.0133642 0.0106167 0.00833019 0.00646933 0.00497162
 1.00653e-16 3.25313e-05 0.000190928 0.000907578 0.00349421 0.0108964 0.0275234 0.0563169 0.0933528 0.125374 0.136443 0.120379 0.0862274 0.0504363 0.0246886 0.0112325 0.00653471 0.00642275 0.00832381 0.0110732 0.0141376 0.0171381 0.0197061 0.0215025 0.0222843 0.0219607 0.0206139 0.0184728 0.0158538 0.0130849 0.0104418 0.00810901 0.00617282 0.00463874 0.00346095 0.00257176
 1.0012e-16 3.79736e-05 0.000222888 0.00105954 0.00407933 0.0127211 0.0321323 0.0657464 0.108979 0.146349 0.159237 0.140411 0.100408 0.05839 0.0279464 0.0116405 0.00528671 0.00397047 0.00468279 0.00611608 0.0077671 0.009373 0.0107167 0.0116076 0.0119129 0.0115888 0.0106914 0.00936096 0.00778702 0.00616414 0.00465392 0.00336235 0.00233542 0.00156942 0.00102872 0.000664033
 1.00064e-16 3.83248e-05 0.000224951 0.00106935 0.00411709 0.0128388 0.0324297 0.0663548 0.109988 0.147702 0.160708 0.141705 0.101325 0.0589075 0.0281642 0.0116795 0.00522608 0.00384158 0.00448858 0.00584931 0.00742086 0.0089457 0.0102143 0.0110437 0.0113072 0.0109645 0.0100716 0.00876592 0.00723215 0.00565938 0.00420427 0.00296904 0.00199717 0.00128349 0.000791504 0.000471314
 1.00213e-16 3.13643e-05 0.000184072 0.000874972 0.00336865 0.0105048 0.0265344 0.0542937 0.0900008 0.120878 0.131563 0.116105 0.0832354 0.0488258 0.0241597 0.0114277 0.00724555 0.0076031 0.0100143 0.0133242 0.0169575 0.0204629 0.0233881 0.0253195 0.0259677 0.0252377 0.0232533 0.0203233 0.0168635 0.0133012 0.00999098 0.00716533 0.00492484 0.00326074 0.00209401 0.00131534
 1.00667e-16 2.77933e-05 0.000163102 0.000775267 0.00298474 0.00930758 0.0235104 0.0481068 0.0797476 0.107115 0.116604 0.102952 0.0739133 0.0435731 0.0219617 0.0110597 0.00790749 0.00898122 0.0120838 0.0161619 0.0206337 0.0249886 0.0286932 0.0312509 0.0323064 0.0317299 0.029647 0.0264009 0.0224633 0.0183238 0.0143936 0.0109481 0.00811607 0.00590427 0.00424153 0.00302234
 1.00603e-16 3.36712e-05 0.000197623 0.000939408 0.00361677 0.0112786 0.0284888 0.058292 0.0966258 0.129767 0.141215 0.124569 0.0891865 0.0520812 0.0253337 0.0112561 0.00617662 0.00576684 0.00736435 0.00977938 0.0124931 0.0151613 0.0174584 0.0190851 0.0198257 0.0195967 0.0184651 0.0166268 0.0143546 0.0119331 0.00960266 0.00752625 0.00578275 0.00438174 0.00328857 0.00244924
 1.00541e-16 3.10067e-05 0.000181973 0.000864997 0.00333025 0.010385 0.0262319 0.0536747 0.0889745 0.119499 0.130061 0.114776 0.0822765 0.0482506 0.0238518 0.0112447 0.00708263 0.00740267 0.00975117 0.0129942 0.0165742 0.0200585 0.0230132 0.0250384 0.0258497 0.0253457 0.0236315 0.0209878 0.0177987 0.0144611 0.0113072 0.00855763 0.00631311 0.00457499 0.00328118 0.00234236
 1.00791e-16 2.90765e-05 0.000170639 0.000811105 0.00312274 0.00973793 0.0245974 0.0503306 0.0834325 0.11206 0.121975 0.107667 0.0772367 0.0454093 0.02266 0.0110394 0.00743056 0.00813309 0.0108498 0.0145021 0.0185299 0.0224696 0.0258443 0.0282102 0.029248 0.0288368 0.0270818 0.0242808 0.020846 0.0172069 0.0137248 0.0106434 0.00807852 0.00604086 0.0044735 0.00329022
 1.00975e-16 3.0758e-05 0.000180516 0.00085807 0.00330358 0.0103019 0.0260218 0.0532448 0.0882614 0.11854 0.129013 0.113842 0.0815875 0.0478071 0.0235601 0.010988 0.00676677 0.00696459 0.00915376 0.0122247 0.0156488 0.0190283 0.0219651 0.0240882 0.0251265 0.0249702 0.0236937 0.0215293 0.0188048 0.0158639 0.0129986 0.0104086 0.00819387 0.00637216 0.00490921 0.0037481
 1.01112e-16 2.82567e-05 0.000165826 0.000788222 0.00303463 0.00946316 0.0239034 0.0489106 0.0810791 0.1089 0.118539 0.104642 0.0750851 0.0441806 0.0221146 0.0108867 0.00747517 0.00829023 0.0111022 0.0148607 0.0190119 0.0230901 0.0266121 0.0291261 0.0303043 0.0300185 0.0283677 0.0256449 0.0222592 0.0186376 0.0151401 0.0120106 0.00936682 0.00722339 0.00552958 0.00420686
 1.01277e-16 2.85725e-05 0.000167681 0.000797046 0.00306861 0.00956914 0.024171 0.0494581 0.0819861 0.110117 0.119859 0.105795 0.0758878 0.0446031 0.0222342 0.0107947 0.00722151 0.00788059 0.0105199 0.0140893 0.0180518 0.0219676 0.0253834 0.0278731 0.0291242 0.029008 0.0276061 0.0251811 0.0221043 0.0187659 0.0154978 0.0125272 0.00996883 0.00784464 0.0061185 0.00472921
 1.01167e-16 2.98469e-05 0.000175165 0.00083263 0.00320563 0.00999641 0.0252503 0.0516661 0.0856453 0.115028 0.125197 0.110487 0.0792106 0.04647 0.023005 0.0109033 0.0069497 0.00733616 0.0097081 0.0129807 0.0166221 0.0202175 0.0233466 0.0256166 0.0267402 0.0266009 0.0252772 0.0230147 0.0201589 0.0170724 0.0140621 0.0113375 0.00900208 0.00707344 0.00551472 0.0042662
 1.02583e-16 1.12683e-05 6.60597e-05 0.000313858 0.0012081 0.00376712 0.00951605 0.0194755 0.0322995 0.0434277 0.0473908 0.042118 0.0308388 0.0193889 0.0120099 0.00972058 0.011539 0.0161934 0.0228128 0.0307848 0.0394483 0.0479571 0.0553354 0.0606523 0.0632269 0.0627871 0.0595272 0.0540404 0.0471592 0.0397545 0.0325629 0.0260849 0.0205662 0.0160434 0.0124217 0.00955022
 1.04539e-16 2.42795e-05 0.000142485 0.000677277 0.0026075 0.00813119 0.0205388 0.0420257 0.0696648 0.0935654 0.101838 0.0898756 0.06444 0.0378196 0.0187558 0.00895871 0.00583276 0.00631177 0.00852493 0.0116467 0.0153087 0.019234 0.0231224 0.0266595 0.0295652 0.0316395 0.0327873 0.0330134 0.0323976 0.0310594 0.0291293 0.0267339 0.0239951 0.0210346 0.0179796 0.0149594
 1.03002e-16 1.92725e-05 0.000113067 0.00053737 0.00206874 0.00645101 0.0162951 0.0333448 0.0552831 0.0742751 0.0809092 0.0715653 0.0516598 0.0310186 0.0166789 0.010115 0.0093777 0.0120988 0.0167673 0.0225716 0.0289167 0.0351591 0.0405843 0.0445168 0.0464672 0.046246 0.0440037 0.0401786 0.0353772 0.0302259 0.0252441 0.0207724 0.0169626 0.0138163 0.0112459 0.0091335
pSPR Fmed_Fpbrs
0.538649   0.6 0.325
Fs Fmed_Fpbrs
0.64   0.488665 1.76034
SSBpbr Bo_Bmed_Bpbrs
500631  244633  275347 137673
Ro
24343
SPR SPRFo_SPRFmed_SPRFpbrs
502786 270825 163406
log_Ro
9.92
likeval ReclasPelacesDesembMPH_pf_preclas_ppelaces_ptallas_desvR_qrecl_qpela
 81.5712 10.3341 0.113892 38.5942 341.199 213.791 57.2223 0 23.9411 4.28419e-05 0.000228676 6.26348e-14 0 0 0
q_reclas_q_pelaces
2.5282 8.59697
M
0.7
N
 24136.2 14304.9 4377.06 546.171 0.159919
 42734.6 11239.7 4246.91 962.303 117.048
 8126.67 19566.1 2913.63 753.18 185.236
 12244.9 3409.36 2519.33 170.568 51.2979
 36641.6 5703.58 1014.22 555.646 47.6745
 17687.4 17950.1 2540.38 423.932 250.801
 61163.5 7743.64 3251.57 255.373 64.4121
 55800.6 27365.6 1669.06 430.484 40.5805
 90499.2 23913 4177.48 127.948 34.0247
 110509 38376.8 3355.45 280.23 10.1897
 63405.4 50380.3 9612.84 563.61 47.1301
 53382.2 27484.8 8428.68 851.995 51.2402
 48474.6 23449.4 5114.16 884.09 90.1697
 28433.5 19931.3 2570.23 231.982 40.9482
 14495.3 9675.47 480.332 10.5846 0.964327
 9788.5 4932.5 233.172 1.97809 0.0408276
 6275.3 4168.54 716.048 16.5065 0.134351
 8655.42 2681.68 622.161 52.9659 1.15877
 10089.3 3734.53 432.269 51.9882 4.27392
 10332.1 4508.95 797.611 56.4062 7.03573
 18133 4617.15 962.498 103.992 7.92608
 24486.4 8527.82 1483.37 239.794 27.2775
 34289.2 11464.9 2644.38 349.391 61.4276
 53962.7 15960.2 3391.06 577.943 87.4617
 14577.5 25115.9 4718.45 740.578 141.556
 26246.5 6881.82 8318.54 1233.62 225.947
 10111.1 12267.1 2103.78 1915.61 327.955
pred_Ctot
 1084.42 4260.47 1836.78 234.166 0.0686425
 2408.42 4008.98 2079.79 480.497 58.5047
 915.777 11225.4 2066.49 540.465 133.003
 548.062 1012.26 1054.34 72.934 21.9598
 355.966 425.452 116.599 65.7507 5.65013
 1516.69 8676.15 1588.76 269.113 159.334
 4381.6 3303.71 1844.44 147.334 37.1951
 5545.44 14552.3 1121.09 292.987 27.6382
 9592.72 13229.9 2887.55 89.5441 23.8276
 6544.47 14219.4 1696.38 144.38 5.25521
 5840.52 25527.3 6230.14 370.457 31.0013
 4462.13 13058.5 5202.42 533.934 32.1374
 6061.83 14268.4 3777.29 659.842 67.3352
 6577.24 15796.3 2233.42 202.493 35.7514
 3353.04 7668.18 417.388 9.23915 0.841943
 1011.5 2687.05 159.391 1.36947 0.0282846
 634.787 2241.28 484.841 11.3225 0.09222
 822.889 1386.7 409.378 35.3321 0.773543
 730.327 1605.21 246.666 30.1696 2.48244
 748.35 1938.9 455.298 32.7444 4.08795
 692.647 1201.84 358.686 39.6458 3.02539
 1009.49 2366.13 584.979 96.6846 11.0112
 1551.45 3434.26 1115.24 150.54 26.4971
 2443.77 4784.28 1431.04 249.17 37.7505
 518.764 6156.67 1666.46 267.715 51.2351
 1113.93 1955.92 3350.7 507.922 93.1382
 931.377 6215.69 1363.48 1259.12 215.724
F
 0.0642641 0.514413 0.814803 0.84064 0.842045
 0.0812087 0.650048 1.02964 1.06229 1.06407
 0.168627 1.34981 2.13802 2.20582 2.2095
 0.0640129 0.512401 0.811617 0.837353 0.838752
 0.0135898 0.108781 0.172304 0.177768 0.178065
 0.125984 1.00846 1.59734 1.64799 1.65075
 0.104266 0.834613 1.32198 1.3639 1.36618
 0.147361 1.17958 1.86839 1.92763 1.93085
 0.157888 1.26384 2.00185 2.06533 2.06878
 0.0854944 0.684353 1.08398 1.11835 1.12022
 0.135916 1.08796 1.72327 1.77792 1.78089
 0.122631 0.98162 1.55484 1.60414 1.60682
 0.188746 1.51085 2.39311 2.46899 2.47312
 0.377976 3.02557 4.79235 4.94431 4.95257
 0.377976 3.02557 4.79235 4.94431 4.95257
 0.153642 1.22985 1.94802 2.00979 2.01315
 0.150178 1.20212 1.9041 1.96448 1.96776
 0.140562 1.12515 1.78218 1.83869 1.84177
 0.105408 0.843757 1.33647 1.37885 1.38115
 0.105474 0.844287 1.33731 1.37971 1.38202
 0.0544011 0.435462 0.689749 0.71162 0.71281
 0.0588279 0.470898 0.745877 0.769528 0.770815
 0.0647306 0.518146 0.820717 0.846741 0.848156
 0.0647898 0.51862 0.821467 0.847515 0.848932
 0.0505975 0.405016 0.641524 0.661866 0.662972
 0.0606083 0.485149 0.76845 0.792817 0.794142
 0.135917 1.08797 1.72329 1.77793 1.7809
Np
 15316.6 7327.58 1614.8 635.173 74.1673
YTP_r0W_actual
 2187.29 50028.4 18388.9 21928.4 4171.68
YTP_p0W_proyectada
 3313.39 17874.6 17938.8 2134.41 2215.89
 3313.39 29883.7 14114.8 7270.94 943.43
CTP_r0_actual
 266.743 2316.13 585.634 546.842 93.7456
CTP_p0_proyectada
 404.072 827.527 571.3 53.2271 49.7952
 404.072 1383.5 449.516 181.32 21.2007
Wmedp
 8.2 21.6 31.4 40.1 44.5
nmprior
 10.8 10.6 4.6 0
nm_flota  nm_reclas  nm_pelaces    nm_pelaL
inf 21.6249 12.6437 34.8838
cv_recla  cv_pelaces  cv_mph
0.782166 0.352149 0.498102
 ------------------------------------------------
Talla a la edad & desviaci?n 
 7.2 14.2025 17.0495 18.207 18.6776
 1.08 2.13037 2.55742 2.73105 2.80164
