years
 1997 1998 1999 2000 2001 2002 2003 2004 2005 2006 2007 2008 2009 2010 2011 2012 2013 2014 2015 2016 2017 2018 2019 2020 2021 2022 2023
reclasobs
 0 0 0 370054 412103 1.49427e+06 250295 1.28982e+06 931140 785840 897777 1.04006e+06 184774 17550 25797 100020 73551 82996 120727 218422 84188 347160 605670 569463 516374 1.08416e+06 1.01767e+06
reclaspred
 894471 191510 395829 180849 291875 346613 714532 569280 717962 935489 895913 653017 379192 137225 87422.1 88922.1 82204 95794.2 117287 148719 226999 249054 447883 565054 770026 630408 344522
pelacesobs
 0 0 0 0 0 0 0 0 0 2.06254e+06 1.5e+06 0 1.87456e+06 323000 250000 174000 83755 137374 0 501740 490994 745055 786931 1.00524e+06 1.33801e+06 1.41789e+06 0
pelacespred
 2.5588e+06 627311 545953 494030 794866 578041 1.9947e+06 1.54032e+06 2.00272e+06 2.54255e+06 1.92048e+06 1.48126e+06 878306 268255 183044 180492 165361 211027 246442 301441 587750 572327 807927 1.22653e+06 1.50883e+06 1.28426e+06 593196
mphobs
 0 0 0 0 0 0 112323 0 153150 637223 0 255016 313432 73983 77613 109348 50772 17779 17303 59886 28197 0 207744 136588 643089 65757 70829
mphpred
 283208 133695 130240 79075.2 79325.6 148129 184195 279980 267532 357399 404294 280038 177649 123842 56978.9 48476.2 39028.2 42454.1 31974.5 35299.8 52124.9 73396.9 95013.4 140433 189776 153258 108761
desembarqueobs
 350755 77701 442110 56441 14545 235359 269955 359681 431902 328805 639364 411747 362871 311530 167758 66681 60226 58785 57116 73181 50977 67692 138656 160484 209506 203330 245020
desembarquepred
 350738 77676.3 441783 56435.7 14544.9 235387 269985 359313 431586 328682 638755 411370 362576 311121 167412 66657.9 60238.5 58730.1 57044.8 73142.6 50971.4 67648.3 138629 160455 209474 203246 244865
Reclutas
 27416.9 41376 10524.6 14719 36654.9 19702.5 61283.9 57566.6 93489.2 110103 64077.6 52716.9 46867 28263.8 14762.4 9954.12 6398.48 8835.53 10422.6 11168.1 19020.7 25965 36462.6 54797 16206.8 26223.2 16341.9
log_desv_Rt
 0.0589163 0.470456 -0.89853 -0.563106 0.349302 -0.2715 0.863272 0.800698 1.2856 1.44917 0.907851 0.712691 0.595069 0.0893379 -0.560159 -0.954259 -1.39618 -1.07346 -0.908271 -0.839182 -0.306719 0.00450364 0.344042 0.751391 -0.466816 0.0144006 -0.45851
SSB
 464701 219373 213704 129751 130161 243058 290122 451332 423755 571298 663386 459501 304902 149864 73229.3 61902.9 53897.1 54877.1 70879.3 84489.2 114139 155518 208875 290370 440298 374175 248228
BT
 1.32015e+06 344771 439856 234536 316905 372576 1.08669e+06 996188 1.26336e+06 1.30822e+06 1.27281e+06 928843 700260 396893 216202 122978 113157 133680 138350 170193 271787 255587 378078 582105 632399 592434 405902
Ftot
 0.973323 1.13116 2.31023 0.780547 0.15432 1.50333 1.19961 1.80726 1.91354 1.05093 1.70161 1.51816 2.36199 4.95303 4.95303 1.95187 1.8769 1.72607 1.30091 1.27967 0.643361 0.700888 0.767881 0.769602 0.616823 0.715189 1.53443
BD_Bspro_t
 0.910005 0.609126 0.49462 0.234199 0.341764 0.54217 0.442674 0.510367 0.453935 0.480806 0.48003 0.327581 0.246397 0.153148 0.091793 0.0949696 0.114802 0.159461 0.241222 0.325714 0.423952 0.565145 0.595185 0.600828 0.631202 0.521373 0.414025
BD_Bspro
 0.870428 0.410907 0.400288 0.243035 0.243804 0.45527 0.543426 0.845386 0.793732 1.07009 1.24258 0.860688 0.571109 0.28071 0.137165 0.11595 0.100954 0.10279 0.132763 0.158256 0.213792 0.291299 0.391242 0.54389 0.824719 0.700864 0.464954
BD_Bo
 0.885467 0.418006 0.407204 0.247234 0.248016 0.463135 0.552815 0.859991 0.807445 1.08858 1.26405 0.875558 0.580976 0.28556 0.139535 0.117953 0.102698 0.104566 0.135057 0.16099 0.217486 0.296332 0.398002 0.553287 0.838968 0.712973 0.472987
BD_Brms
 1.60994 0.76001 0.74037 0.449515 0.450939 0.842064 1.00512 1.56362 1.46808 1.97924 2.29827 1.59192 1.05632 0.519199 0.2537 0.21446 0.186724 0.190119 0.245558 0.292709 0.395429 0.538785 0.723639 1.00598 1.5254 1.29631 0.859976
S_f
 0.0747151 0.605401 0.966833 0.998198 0.999905
 0.0747151 0.605401 0.966833 0.998198 0.999905
 0.0747151 0.605401 0.966833 0.998198 0.999905
 0.0747151 0.605401 0.966833 0.998198 0.999905
 0.0747151 0.605401 0.966833 0.998198 0.999905
 0.0747151 0.605401 0.966833 0.998198 0.999905
 0.0747151 0.605401 0.966833 0.998198 0.999905
 0.0747151 0.605401 0.966833 0.998198 0.999905
 0.0747151 0.605401 0.966833 0.998198 0.999905
 0.0747151 0.605401 0.966833 0.998198 0.999905
 0.0747151 0.605401 0.966833 0.998198 0.999905
 0.0747151 0.605401 0.966833 0.998198 0.999905
 0.0747151 0.605401 0.966833 0.998198 0.999905
 0.0747151 0.605401 0.966833 0.998198 0.999905
 0.0747151 0.605401 0.966833 0.998198 0.999905
 0.0747151 0.605401 0.966833 0.998198 0.999905
 0.0747151 0.605401 0.966833 0.998198 0.999905
 0.0747151 0.605401 0.966833 0.998198 0.999905
 0.0747151 0.605401 0.966833 0.998198 0.999905
 0.0747151 0.605401 0.966833 0.998198 0.999905
 0.0747151 0.605401 0.966833 0.998198 0.999905
 0.0747151 0.605401 0.966833 0.998198 0.999905
 0.0747151 0.605401 0.966833 0.998198 0.999905
 0.0747151 0.605401 0.966833 0.998198 0.999905
 0.0747151 0.605401 0.966833 0.998198 0.999905
 0.0747151 0.605401 0.966833 0.998198 0.999905
 0.0747151 0.605401 0.966833 0.998198 0.999905
Scru_reclas
 0.277867 0.659457 0.906939 0.980018 0.995965
 0.277867 0.659457 0.906939 0.980018 0.995965
 0.277867 0.659457 0.906939 0.980018 0.995965
 0.277867 0.659457 0.906939 0.980018 0.995965
 0.277867 0.659457 0.906939 0.980018 0.995965
 0.277867 0.659457 0.906939 0.980018 0.995965
 0.277867 0.659457 0.906939 0.980018 0.995965
 0.277867 0.659457 0.906939 0.980018 0.995965
 0.277867 0.659457 0.906939 0.980018 0.995965
 0.277867 0.659457 0.906939 0.980018 0.995965
 0.277867 0.659457 0.906939 0.980018 0.995965
 0.277867 0.659457 0.906939 0.980018 0.995965
 0.277867 0.659457 0.906939 0.980018 0.995965
 0.277867 0.659457 0.906939 0.980018 0.995965
 0.277867 0.659457 0.906939 0.980018 0.995965
 0.277867 0.659457 0.906939 0.980018 0.995965
 0.277867 0.659457 0.906939 0.980018 0.995965
 0.277867 0.659457 0.906939 0.980018 0.995965
 0.277867 0.659457 0.906939 0.980018 0.995965
 0.277867 0.659457 0.906939 0.980018 0.995965
 0.277867 0.659457 0.906939 0.980018 0.995965
 0.277867 0.659457 0.906939 0.980018 0.995965
 0.277867 0.659457 0.906939 0.980018 0.995965
 0.277867 0.659457 0.906939 0.980018 0.995965
 0.277867 0.659457 0.906939 0.980018 0.995965
 0.277867 0.659457 0.906939 0.980018 0.995965
 0.277867 0.659457 0.906939 0.980018 0.995965
Scru_pelaces
 0.517544 0.890534 0.98405 0.997867 0.999718
 0.517544 0.890534 0.98405 0.997867 0.999718
 0.517544 0.890534 0.98405 0.997867 0.999718
 0.517544 0.890534 0.98405 0.997867 0.999718
 0.517544 0.890534 0.98405 0.997867 0.999718
 0.517544 0.890534 0.98405 0.997867 0.999718
 0.517544 0.890534 0.98405 0.997867 0.999718
 0.517544 0.890534 0.98405 0.997867 0.999718
 0.517544 0.890534 0.98405 0.997867 0.999718
 0.517544 0.890534 0.98405 0.997867 0.999718
 0.517544 0.890534 0.98405 0.997867 0.999718
 0.517544 0.890534 0.98405 0.997867 0.999718
 0.517544 0.890534 0.98405 0.997867 0.999718
 0.517544 0.890534 0.98405 0.997867 0.999718
 0.517544 0.890534 0.98405 0.997867 0.999718
 0.517544 0.890534 0.98405 0.997867 0.999718
 0.517544 0.890534 0.98405 0.997867 0.999718
 0.517544 0.890534 0.98405 0.997867 0.999718
 0.517544 0.890534 0.98405 0.997867 0.999718
 0.517544 0.890534 0.98405 0.997867 0.999718
 0.517544 0.890534 0.98405 0.997867 0.999718
 0.517544 0.890534 0.98405 0.997867 0.999718
 0.517544 0.890534 0.98405 0.997867 0.999718
 0.517544 0.890534 0.98405 0.997867 0.999718
 0.517544 0.890534 0.98405 0.997867 0.999718
 0.517544 0.890534 0.98405 0.997867 0.999718
 0.517544 0.890534 0.98405 0.997867 0.999718
pf_obs 
 0.256992 0.487395 0.22802 0.0275931 0
 0.321318 0.546541 0.124235 0.00734118 0.000564706
 0.182869 0.594174 0.210203 0.0122559 0.00049798
 0.330522 0.361315 0.267642 0.0388342 0.00168674
 0.649043 0.306663 0.0425973 0.00169635 0
 0.582887 0.30429 0.105238 0.00758474 0
 0.465427 0.430635 0.0974691 0.00646863 0
 0.296916 0.608066 0.0921331 0.00288517 0
 0.311714 0.524322 0.152257 0.0117073 0
 0.15457 0.633149 0.183074 0.0267441 0.00246327
 0.131901 0.49318 0.331252 0.0422183 0.00144891
 0.196976 0.569456 0.194076 0.0375587 0.00193317
 0.518974 0.381816 0.0799577 0.0180837 0.00116848
 0.0928022 0.601141 0.25162 0.0475244 0.00691264
 0.122501 0.610282 0.24278 0.0234846 0.000952079
 0.383417 0.481906 0.127806 0.00687128 0
 0.0376549 0.599619 0.316969 0.0457579 0
 0.0361596 0.667082 0.258105 0.0386534 0
 0.158088 0.579412 0.248529 0.0139706 0
 0.0477256 0.309471 0.559284 0.082774 0.000745712
 0.0406174 0.521527 0.379366 0.0568643 0.0016247
 0.151134 0.462217 0.34131 0.0453401 0
 0.294876 0.26143 0.354403 0.0886775 0.000613685
 0.281977 0.475581 0.204845 0.0348837 0.00271318
 0.0841818 0.532909 0.334909 0.0458182 0.00218182
 0.115287 0.27431 0.454777 0.147771 0.00785563
 0 0 0 0 0
pf_pred 
 0.18252 0.551271 0.236555 0.0296438 1.05437e-05
 0.259798 0.503133 0.19016 0.0419127 0.00499688
 0.0804758 0.733123 0.151728 0.0281072 0.00656612
 0.21268 0.432528 0.325451 0.0242457 0.00509652
 0.32007 0.470672 0.144883 0.0592711 0.00510408
 0.12607 0.677121 0.154806 0.0293836 0.0126198
 0.407585 0.363063 0.203205 0.020841 0.00530693
 0.248566 0.667224 0.0646136 0.0174713 0.00212536
 0.355209 0.516868 0.121706 0.00484664 0.00136971
 0.270458 0.635951 0.0851508 0.00805786 0.000382434
 0.147769 0.660212 0.178871 0.012017 0.00113047
 0.178849 0.557498 0.234803 0.0269954 0.00185425
 0.227556 0.571126 0.166608 0.0311218 0.00358882
 0.261571 0.62824 0.0982927 0.00998638 0.00191001
 0.292957 0.669425 0.0366525 0.000875139 9.0157e-05
 0.255228 0.702227 0.0421815 0.000355549 7.97884e-06
 0.181023 0.662753 0.152574 0.0036216 2.89871e-05
 0.296115 0.521825 0.166258 0.015458 0.000344191
 0.270205 0.611714 0.102995 0.013856 0.00123035
 0.233161 0.602381 0.150801 0.0119991 0.00165862
 0.285035 0.529432 0.164202 0.0196498 0.0016806
 0.239239 0.574246 0.156143 0.0270112 0.00336071
 0.237368 0.543642 0.185998 0.0278163 0.00517543
 0.252771 0.538065 0.171922 0.0318472 0.00539511
 0.0614796 0.687059 0.207983 0.0360242 0.00745362
 0.142189 0.287629 0.473624 0.080446 0.0161121
 0.127741 0.564112 0.148762 0.133392 0.0259919
pobs_RECLAS
 0 0 0 0 0
 0 0 0 0 0
 0 0 0 0 0
 0 0 0 0 0
 0.835266 0.146461 0.0176864 0.000547809 3.91292e-05
 0.385257 0.428462 0.181853 0.0044286 0
 0.867414 0.0963971 0.0333333 0.00285562 0
 0.441836 0.489002 0.0689373 0.000224442 0
 0.779404 0.147425 0.0564933 0.0165055 0.000172143
 0.814271 0.122319 0.05973 0.00367925 0
 0.40263 0.566651 0.0304383 0.000280538 0
 0.475488 0.404961 0.113038 0.00651328 0
 0.955842 0.0263864 0.0167828 0.000988607 0
 0.975058 0.0227948 0.00214734 0 0
 0.738997 0.206755 0.0527124 0.00153531 0
 0.850938 0.134255 0.0134407 0.00136685 0
 0.542534 0.407297 0.0501686 0 0
 0.764087 0.199537 0.0359546 0.000420521 0
 0.470689 0.182191 0.310203 0.0369168 0
 0.84361 0.089868 0.0606195 0.00523954 0.000663233
 0.607945 0.314616 0.071237 0.00620181 0
 0.523733 0.453247 0.0230204 0 0
 0.530135 0.295979 0.169645 0.0042399 0
 0.562478 0.366248 0.0663022 0.0049721 0
 0.250443 0.683176 0.0655157 0.000865301 0
 0.195077 0.31981 0.436473 0.0351445 0.0134964
 0.565238 0.351407 0.0832357 0.000118908 0
ppred_RECLAS
 0.457367 0.38736 0.137327 0.0179389 6.47183e-06
 0.572465 0.307914 0.0951437 0.0218369 0.00264052
 0.267373 0.616705 0.0937845 0.0178992 0.00423854
 0.506814 0.292151 0.183707 0.0142827 0.00304543
 0.627208 0.268777 0.0709796 0.0303811 0.00265422
 0.357981 0.520675 0.0945839 0.0186412 0.00811895
 0.72804 0.179331 0.081661 0.00871709 0.00225128
 0.561787 0.398936 0.0298788 0.00836622 0.00103193
 0.687744 0.262438 0.0473101 0.00194897 0.000558448
 0.576033 0.378056 0.0416109 0.0041026 0.000197495
 0.40595 0.48386 0.10238 0.00712951 0.000680077
 0.462743 0.390191 0.130415 0.0155668 0.00108431
 0.556758 0.352081 0.0750406 0.0144335 0.00168708
 0.675871 0.29746 0.0237971 0.00240619 0.000465615
 0.698932 0.292659 0.00819339 0.000194696 2.02931e-05
 0.570629 0.410401 0.0188025 0.00016389 3.72884e-06
 0.467815 0.450526 0.0796861 0.0019574 1.58848e-05
 0.626097 0.293779 0.0729375 0.00702773 0.000158669
 0.581638 0.361687 0.0491751 0.00688036 0.000619611
 0.535295 0.380412 0.0770246 0.00637514 0.000893734
 0.592625 0.314207 0.0820276 0.0102514 0.000889422
 0.53453 0.365182 0.0833373 0.0150515 0.00189966
 0.53477 0.347393 0.0993952 0.0155139 0.00292799
 0.555075 0.335107 0.0895341 0.0173097 0.00297453
 0.192773 0.615741 0.157099 0.0284211 0.00596531
 0.393799 0.226568 0.312881 0.0554802 0.0112718
 0.367583 0.438583 0.0916584 0.0853171 0.0168583
pobs_PELACES
 0 0 0 0 0
 0 0 0 0 0
 0 0 0 0 0
 0 0 0 0 0
 0 0 0 0 0
 0 0 0 0 0
 0 0 0 0 0
 0 0 0 0 0
 0 0 0 0 0
 0 0 0 0 0
 0.450072 0.473896 0.0757376 0.000293798 0
 0 0 0 0 0
 0.463077 0.371075 0.160297 0.00555027 0
 0.529543 0.364841 0.0842815 0.0213345 0
 0.631943 0.363953 0.00410389 0 0
 0.735681 0.248677 0.0153453 0.000297389 0
 0.695825 0.281241 0.0229344 0 0
 0.275771 0.60734 0.115278 0.00161068 0
 0 0 0 0 0
 0.896147 0.0623911 0.0374545 0.00400742 0
 0.803859 0.145111 0.0509908 3.86294e-05 0
 0.739449 0.233085 0.0266225 0.000797448 4.60066e-05
 0.878498 0.100942 0.0204185 0.000141795 0
 0.694673 0.275183 0.0284847 0.00165964 0
 0.469039 0.446079 0.0841089 0.000773354 0
 0.822795 0.102175 0.0682046 0.00682512 0
 0 0 0 0 0
ppred_PELACES
 0.600567 0.310984 0.0788742 0.00957194 3.40242e-06
 0.71133 0.227547 0.0493633 0.0105082 0.00125183
 0.446095 0.497774 0.0461735 0.00807439 0.00188245
 0.646394 0.235638 0.108469 0.00785022 0.00164939
 0.717955 0.217116 0.0452289 0.0181381 0.001562
 0.516784 0.418824 0.0510958 0.00930428 0.00399151
 0.835879 0.120992 0.0383667 0.00379593 0.000965781
 0.714983 0.268241 0.0130121 0.00335573 0.000407626
 0.818458 0.161962 0.0186722 0.000707691 0.000199686
 0.69945 0.276878 0.0216011 0.00197699 9.37644e-05
 0.575786 0.369354 0.0512592 0.00329129 0.000309203
 0.630516 0.295476 0.0662074 0.00730051 0.000500877
 0.740722 0.224564 0.0290148 0.00511066 0.00058811
 0.877719 0.117643 0.00418862 0.000377582 7.18275e-05
 0.885627 0.112933 0.00140713 2.98099e-05 3.05447e-06
 0.723921 0.268193 0.0078221 6.27028e-05 1.40483e-06
 0.6406 0.321985 0.0365806 0.000827011 6.60921e-06
 0.771614 0.194023 0.0315028 0.00279804 6.22162e-05
 0.715659 0.256919 0.0240324 0.00311325 0.000276185
 0.678275 0.279314 0.0390083 0.00298995 0.000412919
 0.70492 0.242101 0.0470317 0.00547926 0.000468472
 0.655317 0.287101 0.0484211 0.00814751 0.00101331
 0.66095 0.272128 0.0570843 0.00829508 0.00154268
 0.678795 0.259651 0.0508517 0.00915265 0.00154982
 0.281278 0.584692 0.111359 0.0187854 0.00388558
 0.550258 0.202511 0.206328 0.0340801 0.00682299
 0.540937 0.357678 0.0500156 0.0430003 0.00836891
pobs_pel_tallas
 0 0 0 0 0 0 0 0 0 0 0 0 0 0 0 0 0 0 0 0 0 0 0 0 0 0 0 0 0 0 0 0 0 0 0 0
 0 0 0 0 0 0 0 0 0 0 0 0 0 0 0 0 0 0 0 0 0 0 0 0 0 0 0 0 0 0 0 0 0 0 0 0
 0 0 0 0 0 0 0 0 0 0 0 0 0 0 0 0 0 0 0 0 0 0 0 0 0 0 0 0 0 0 0 0 0 0 0 0
 0 0 0 0 0 0 0 0 0 0 0 0 0 0 0 0 0 0 0 0 0 0 0 0 0 0 0 0 0 0 0 0 0 0 0 0
 0 0 0 0 0 0 0 0 0 0 0 0 0 0 0 0 0 0 0 0 0 0 0 0 0 0 0 0 0 0 0 0 0 0 0 0
 0 0 0 0 0 0 0 0 0 0 0 0 0 0 0 0 0 0 0 0 0 0 0 0 0 0 0 0 0 0 0 0 0 0 0 0
 0 0 0 0 0 0 0 0 0 0 0 0 0 0 0 0 0 0 0 0 0 0 0 0 0 0 0 0 0 0 0 0 0 0 0 0
 0 0 0 0 0 0 0 0 0 0 0 0 0 0 0 0 0 0 0 0 0 0 0 0 0 0 0 0 0 0 0 0 0 0 0 0
 0 0 0 0 0 0 0 0 0 0 0 0 0 0 0 0 0 0 0 0 0 0 0 0 0 0 0 0 0 0 0 0 0 0 0 0
 0 0 0 0 0 0 0 0 0 0 0 0 0 0 0 0 0 0 0 0 0 0 0 0 0 0 0 0 0 0 0 0 0 0 0 0
 0 0 0 0 0 0 0 0 1.78061e-05 0.00172719 0.00360574 0.0105946 0.0120993 0.0124554 0.0147524 0.0171206 0.0266825 0.0428682 0.0675386 0.121331 0.153587 0.119568 0.100827 0.0573624 0.0630603 0.0341343 0.0324427 0.0444173 0.0211091 0.0280891 0.0125444 0.00206551 0 0 0 0
 0 0 0 0 0 0 0 0 0 0 0 0 0 0 0 0 0 0 0 0 0 0 0 0 0 0 0 0 0 0 0 0 0 0 0 0
 0 0 0 0 0 0 0.0133647 0.0140871 0.0187388 0.0205184 0.03894 0.0496705 0.03968 0.0493445 0.0407372 0.0367815 0.0215668 0.0243155 0.0234873 0.0199281 0.019796 0.0243948 0.0301388 0.0376714 0.0412746 0.0863199 0.0771752 0.113111 0.0741005 0.0525337 0.0229764 0.00759418 0.00175318 0 0 0
 0 0 0 0 0 0 0 0 0 0 0.00219441 0.00772107 0.0458388 0.0604681 0.0671733 0.0775358 0.0609151 0.0617685 0.073594 0.0568108 0.0755445 0.0548602 0.0670107 0.0636378 0.0643287 0.046367 0.0373049 0.0286899 0.0247887 0.0153202 0.00654259 0.00121912 0.000365735 0 0 0
 0 0 0 0 0 0 0 0 0 0 0 0 0.000112435 0.00938835 0.0111873 0.0202946 0.0414886 0.0713402 0.111592 0.104902 0.108894 0.110636 0.117776 0.105296 0.107544 0.0401394 0.0192827 0.0124803 0.00416011 0.0028671 0.000618394 0 0 0 0 0
 0 0 0 0 0 0 0 0 0 0 0.00291406 0.0102884 0.027416 0.0768956 0.0749926 0.110853 0.0956884 0.0897413 0.0766577 0.0534642 0.0500743 0.0551293 0.0594112 0.0620874 0.0668451 0.0424026 0.0208742 0.0120726 0.0048766 0.00582813 0.00118941 0.000297354 0 0 0 0
 0 0.00264628 0.0354308 0.0461629 0.0458689 0.0383711 0.0214643 0.0164657 0.0346957 0.0420465 0.0363128 0.0245516 0.0311673 0.0291091 0.0169068 0.0133784 0.00837989 0.0085269 0.0148486 0.0160247 0.0276389 0.0546898 0.0760071 0.122758 0.109233 0.0665981 0.0333725 0.0166128 0.00676272 0.00308733 0.000882094 0 0 0 0 0
 0 0 0 0 0 0 0 0.000805153 0.000690131 0.00759144 0.0133425 0.0154129 0.00931677 0.000345066 0.00356568 0.00563607 0.00851162 0.0253048 0.0502646 0.0516448 0.0657925 0.0565908 0.0611916 0.0827007 0.0866115 0.110766 0.145733 0.0935128 0.0569358 0.0249597 0.0138026 0.00621118 0.00161031 0.00115022 0 0
 0 0 0 0 0 0 0 0 0 0 0 0 0 0 0 0 0 0 0 0 0 0 0 0 0 0 0 0 0 0 0 0 0 0 0 0
 0.00147267 0.00158595 0.00478618 0.00569244 0.00954404 0.0108468 0.00647125 0.017049 0.0510054 0.094081 0.124002 0.0959785 0.0687766 0.0820023 0.061753 0.0591476 0.0492212 0.0479892 0.0443925 0.0268479 0.0217502 0.0140895 0.0121071 0.0120363 0.00920419 0.00665534 0.0049561 0.00860946 0.00930331 0.0156896 0.0114698 0.00855282 0.00243557 0.00046729 0 2.83206e-05
 0 0 0 0 0.000772559 0.00158375 0.000888443 0.00281984 0.00712685 0.0440552 0.0773331 0.111326 0.0921469 0.0852325 0.0710754 0.0886704 0.0786465 0.0553345 0.0373146 0.0185414 0.00753245 0.00457741 0.012979 0.0271748 0.0457355 0.0583668 0.034881 0.0177882 0.00938659 0.00492506 0.0015258 0.00185414 0.000309023 5.79419e-05 3.86279e-05 0
 0 0.00173294 0.00326652 0 0.00397197 0.00683976 0.00946217 0.0152591 0.00757587 0.0136028 0.0228656 0.0392903 0.0559909 0.0764795 0.0681675 0.0726916 0.0566044 0.0477403 0.0527397 0.0444891 0.0609904 0.0582453 0.0661739 0.0445044 0.0529084 0.0360697 0.0280645 0.0235558 0.0158879 0.00826598 0.00280645 0.00217768 0.000904811 0.00058276 9.20147e-05 0
 0 0 0 0 0 0 0 0 0 0 0 0 0 0 0 0 0 0 0 0 0 0 0 0 0 0 0 0 0 0 0 0 0 0 0 0
 0 0 0 0 0 0 0 0 0 0 0 0 0 0 0 0 0 0 0 0 0 0 0 0 0 0 0 0 0 0 0 0 0 0 0 0
 0 0 0 0 0 0 0 0 0 0 0 0 0 0 0 0 0 0 0 0 0 0 0 0 0 0 0 0 0 0 0 0 0 0 0 0
 0 0 0 0 0 0 0 0 0 0 0 0 0 0 0 0 0 0 0 0 0 0 0 0 0 0 0 0 0 0 0 0 0 0 0 0
 0 0 0 0 0 0 0 0 0 0 0 0 0 0 0 0 0 0 0 0 0 0 0 0 0 0 0 0 0 0 0 0 0 0 0 0
ppred_pel_tallas
 1.01551e-16 2.6213e-05 0.000153825 0.000731167 0.00281495 0.00877809 0.0221729 0.0453702 0.0752114 0.101023 0.109975 0.0971052 0.0697285 0.0411328 0.0207827 0.0105528 0.00766108 0.00879456 0.0118922 0.0159711 0.0204897 0.0249693 0.0289021 0.0318073 0.0333285 0.0333134 0.031845 0.0292081 0.025811 0.0220856 0.018401 0.0150136 0.0120571 0.00956449 0.00750529 0.00582126
 1.01195e-16 3.10393e-05 0.000182168 0.000865928 0.00333384 0.0103963 0.0262602 0.0537324 0.0890692 0.119623 0.130189 0.114872 0.0823069 0.048192 0.0236818 0.0109312 0.00657971 0.00665606 0.00871148 0.0116342 0.0149066 0.0181496 0.0209871 0.0230685 0.024136 0.0240827 0.0229741 0.0210238 0.0185343 0.0158236 0.0131614 0.0107324 0.0086292 0.00686975 0.00542527 0.00424757
 1.01184e-16 1.94848e-05 0.000114308 0.000543259 0.00209139 0.00652166 0.0164736 0.0337104 0.0558905 0.075095 0.0818122 0.0723875 0.0523044 0.0315074 0.0171252 0.0106648 0.0101693 0.0132503 0.0183703 0.0246766 0.0315119 0.0381499 0.0437846 0.0476596 0.0492351 0.0483177 0.0451057 0.0401299 0.0341168 0.0278171 0.0218583 0.016657 0.0124024 0.00909619 0.00662115 0.00480923
 1.01964e-16 2.82083e-05 0.000165546 0.000786904 0.00302958 0.00944742 0.0238635 0.0488287 0.0809417 0.108711 0.118321 0.104421 0.0748642 0.0439259 0.0217579 0.0103374 0.00663183 0.00705228 0.00938719 0.0126286 0.0162927 0.020005 0.023379 0.0260426 0.0277072 0.0282277 0.0276276 0.0260785 0.0238462 0.0212227 0.0184667 0.0157687 0.0132449 0.0109509 0.00890424 0.00710503
 1.0141e-16 3.13277e-05 0.000183862 0.000873986 0.00336487 0.010493 0.0265046 0.0542323 0.0898977 0.120735 0.131396 0.115929 0.0830492 0.0485955 0.0238222 0.0108986 0.00642793 0.00639844 0.00833891 0.0111333 0.0142716 0.0173896 0.0201294 0.0221573 0.0232281 0.0232394 0.0222522 0.0204669 0.0181679 0.0156529 0.0131736 0.0109003 0.00891725 0.00723907 0.00583822 0.00467099
 1.01368e-16 2.25639e-05 0.000132393 0.000629252 0.00242251 0.00755426 0.0190818 0.0390463 0.0647325 0.0869611 0.0947023 0.0837041 0.0602884 0.0359317 0.0188332 0.0106701 0.00910965 0.0113405 0.0155836 0.0209221 0.0267439 0.0324259 0.0372888 0.0406944 0.0421841 0.041587 0.0390587 0.0350326 0.0301061 0.0248986 0.0199292 0.0155445 0.0119053 0.00901941 0.00679871 0.00511445
 1.0076e-16 3.64659e-05 0.000214037 0.00101746 0.00391731 0.0122158 0.0308561 0.063135 0.104651 0.140537 0.152914 0.134839 0.0964307 0.0560922 0.0268758 0.0112475 0.00519381 0.00400264 0.00479284 0.0063173 0.00810018 0.0098936 0.0114889 0.0126964 0.0133742 0.0134584 0.0129749 0.0120274 0.0107672 0.00935654 0.00793503 0.00660133 0.00540938 0.00437655 0.00349732 0.00275613
 1.00407e-16 3.12002e-05 0.000183109 0.000870394 0.00335102 0.0104498 0.0263956 0.0540096 0.0895298 0.120245 0.130874 0.115495 0.0827958 0.0485627 0.0240198 0.011346 0.0071741 0.00751562 0.00989904 0.0131787 0.0167869 0.0202803 0.0232148 0.025183 0.0258985 0.0252644 0.0233975 0.0205953 0.0172605 0.0138071 0.0105793 0.0078032 0.00557751 0.00389604 0.00268547 0.00184405
 1.00352e-16 3.57079e-05 0.000209583 0.000996276 0.00383574 0.0119614 0.0302136 0.0618207 0.102474 0.137617 0.149747 0.132069 0.0944996 0.0550699 0.0265744 0.0114446 0.00576573 0.00493189 0.00611655 0.00807372 0.0102912 0.0124622 0.0143113 0.0155896 0.0161199 0.0158373 0.0148044 0.0131918 0.0112345 0.00917594 0.0072208 0.005506 0.00409544 0.00299245 0.00216158 0.00155045
 1.0047e-16 3.05232e-05 0.000179134 0.000851493 0.00327825 0.0102229 0.0258223 0.0528368 0.0875862 0.117636 0.128038 0.113001 0.0810268 0.0475634 0.0235969 0.011266 0.00728372 0.00775381 0.01026 0.0136768 0.0174368 0.0210873 0.0241706 0.0262649 0.0270713 0.0264851 0.0246211 0.0217801 0.018372 0.0148199 0.0114773 0.00857834 0.00622867 0.00442738 0.00310539 0.00216423
 1.00976e-16 2.51347e-05 0.00014749 0.000701036 0.00269892 0.00841623 0.021259 0.0435006 0.0721141 0.0968686 0.105469 0.0931645 0.0669817 0.0396789 0.0203547 0.0108343 0.00847615 0.0101187 0.0137783 0.0184738 0.0236115 0.0286289 0.0329231 0.0359289 0.0372393 0.0367009 0.0344487 0.0308634 0.0264719 0.0218227 0.0173775 0.0134474 0.0101803 0.00758925 0.00560094 0.00410447
 1.01311e-16 2.75182e-05 0.00016149 0.000767608 0.00295526 0.00921565 0.0232782 0.0476314 0.0789589 0.106053 0.115443 0.101915 0.0731416 0.0430641 0.0216063 0.0107211 0.00747215 0.00836922 0.0112449 0.0150768 0.0193213 0.0235158 0.0271763 0.0298469 0.0311923 0.0310735 0.0295767 0.0269814 0.0236838 0.0201013 0.0165894 0.0133926 0.0106355 0.008344 0.00648139 0.00498376
 1.00689e-16 3.23208e-05 0.000189692 0.000901698 0.00347157 0.0108258 0.0273451 0.055952 0.0927482 0.124563 0.135561 0.119603 0.0856778 0.0501268 0.0245593 0.0112113 0.00657445 0.00650498 0.00844702 0.0112418 0.0143555 0.0174057 0.0200187 0.0218508 0.022655 0.0223388 0.0209847 0.0188243 0.0161772 0.0133755 0.0106981 0.00833175 0.00636418 0.00480131 0.00359735 0.00268449
 1.00115e-16 3.82901e-05 0.000224747 0.00106838 0.00411336 0.0128272 0.0324004 0.0662947 0.109888 0.147568 0.160562 0.141575 0.10123 0.0588482 0.028128 0.0116513 0.00519393 0.00379802 0.00442957 0.00577363 0.00733032 0.00884572 0.0101139 0.0109548 0.0112431 0.0109375 0.0100909 0.00883567 0.00735066 0.00581945 0.00439454 0.0031759 0.00220693 0.0014841 0.000973793 0.000629484
 1.00059e-16 3.86347e-05 0.000226771 0.001078 0.00415041 0.0129427 0.0326922 0.0668917 0.110878 0.148897 0.162005 0.142844 0.10213 0.0593562 0.0283421 0.0116901 0.00513526 0.00367278 0.00424072 0.00551411 0.00699334 0.00842962 0.00962433 0.0104048 0.0106517 0.0103271 0.0094839 0.00825184 0.00680505 0.00532192 0.00395018 0.0027862 0.00187093 0.00119939 0.000737051 0.000436754
 1.00201e-16 3.15899e-05 0.000185397 0.000881271 0.00339291 0.0105804 0.0267255 0.0546846 0.0906486 0.121747 0.132508 0.116935 0.0838225 0.0491541 0.0242921 0.0114403 0.00718704 0.00749143 0.00984939 0.0131005 0.016671 0.0201152 0.0229881 0.0248826 0.0255145 0.0247904 0.0228329 0.0199458 0.016539 0.013033 0.0097768 0.0069991 0.00479867 0.00316654 0.00202449 0.00126452
 1.00653e-16 2.7959e-05 0.000164075 0.000779894 0.00300256 0.00936313 0.0236507 0.0483939 0.0802234 0.107753 0.117298 0.103562 0.0743451 0.0438152 0.0220609 0.011072 0.00786928 0.00890623 0.0119724 0.0160103 0.0204387 0.0247509 0.028418 0.0309478 0.0319887 0.0314121 0.029343 0.0261219 0.0222167 0.0181128 0.014218 0.0108052 0.00800173 0.00581411 0.00417134 0.00296846
 1.0061e-16 3.36666e-05 0.000197596 0.00093928 0.00361628 0.011277 0.0284849 0.058284 0.0966126 0.129749 0.141196 0.124552 0.0891741 0.0520736 0.0253294 0.0112531 0.00617346 0.00576268 0.00735873 0.00977216 0.0124844 0.0151518 0.0174488 0.0190766 0.0198197 0.0195943 0.0184674 0.0166344 0.0143673 0.0119504 0.00962354 0.00754941 0.0058068 0.00440539 0.00331075 0.00246917
 1.00545e-16 3.12292e-05 0.00018328 0.000871211 0.00335417 0.0104597 0.0264204 0.0540603 0.0896135 0.120356 0.130993 0.115594 0.0828544 0.048572 0.0239782 0.0112499 0.00701367 0.0072759 0.0095654 0.0127433 0.0162545 0.0196732 0.0225736 0.0245637 0.0253647 0.0248767 0.0232026 0.0206171 0.017496 0.0142282 0.0111387 0.00844389 0.00624227 0.00453536 0.00326262 0.0023369
 1.00767e-16 2.96e-05 0.000173713 0.000825724 0.00317903 0.00991347 0.0250408 0.0512377 0.0849358 0.114077 0.124168 0.109593 0.0785992 0.0461711 0.0229676 0.011069 0.00729529 0.00787465 0.0104681 0.013984 0.0178662 0.021664 0.0249169 0.0271968 0.0281959 0.0277978 0.0261041 0.0234024 0.0200903 0.0165818 0.0132256 0.0102563 0.00778567 0.00582345 0.00431457 0.00317563
 1.00957e-16 3.07604e-05 0.000180529 0.000858134 0.00330383 0.0103027 0.0260238 0.0532488 0.0882681 0.118549 0.129023 0.113852 0.081596 0.0478152 0.0235699 0.0110022 0.00678813 0.00699578 0.00919687 0.0122807 0.0157168 0.0191051 0.022045 0.0241637 0.025189 0.0250116 0.023708 0.0215139 0.0187604 0.0157949 0.0129119 0.0103124 0.00809611 0.00627973 0.00482705 0.00367902
 1.01109e-16 2.85993e-05 0.000167838 0.000797788 0.00307146 0.00957803 0.0241935 0.0495042 0.0820627 0.11022 0.119974 0.105902 0.0759753 0.0446768 0.0223118 0.0108993 0.00737603 0.00810545 0.0108307 0.0144933 0.018543 0.0225235 0.0259636 0.0284229 0.0295816 0.0293143 0.0277166 0.0250735 0.0217827 0.0182594 0.0148541 0.011804 0.009224 0.0071287 0.0054693 0.00417006
 1.01257e-16 2.88443e-05 0.000169278 0.000804636 0.00309784 0.00966028 0.0244012 0.0499291 0.0827666 0.111164 0.120997 0.106796 0.0765969 0.0450021 0.0224 0.0108201 0.00716708 0.00776964 0.0103538 0.0138619 0.0177576 0.0216062 0.0249609 0.0274024 0.0286236 0.0284985 0.0271086 0.0247134 0.0216795 0.018392 0.0151775 0.0122597 0.00975055 0.00767083 0.00598366 0.00462765
 1.01194e-16 2.96219e-05 0.000173844 0.000826348 0.00318144 0.00992098 0.0250597 0.0512764 0.0849993 0.114161 0.124254 0.10966 0.078625 0.0461423 0.0228722 0.0108895 0.00700607 0.00744451 0.00986817 0.0131979 0.0169 0.0205545 0.0237342 0.0260397 0.0271792 0.0270346 0.0256859 0.0233834 0.0204788 0.0173411 0.0142823 0.0115152 0.00914476 0.00718828 0.00560778 0.00434206
 1.02599e-16 1.23016e-05 7.21284e-05 0.000342714 0.00131921 0.00411362 0.0103913 0.0212661 0.0352666 0.0474099 0.0517173 0.0459178 0.0335229 0.0208829 0.0125996 0.00975 0.0112267 0.0156163 0.0219662 0.0296402 0.037989 0.0461963 0.0533239 0.0584763 0.0609981 0.0606252 0.0575415 0.0523137 0.0457381 0.0386484 0.0317502 0.0255231 0.0202035 0.015828 0.0123082 0.00950274
 1.04485e-16 2.40152e-05 0.000140932 0.000669889 0.00257905 0.00804246 0.0203147 0.0415673 0.0689054 0.0925468 0.100733 0.0889089 0.0637655 0.037461 0.0186471 0.00902127 0.00602219 0.00662043 0.00896403 0.012228 0.0160314 0.0200779 0.0240452 0.0275996 0.0304503 0.0323985 0.0333629 0.0333725 0.0325355 0.0309987 0.0289132 0.0264165 0.0236308 0.0206706 0.0176501 0.0146848
 1.02696e-16 2.36146e-05 0.000138567 0.000658616 0.0025356 0.00790692 0.0199725 0.0408683 0.0677508 0.0910087 0.0990917 0.0875394 0.0629547 0.0373281 0.0192136 0.0103333 0.00821448 0.00989568 0.0135211 0.0181735 0.0232958 0.0283554 0.032778 0.0360218 0.0376927 0.0376342 0.0359597 0.0330116 0.0292663 0.0252164 0.0212712 0.0176992 0.0146218 0.0120433 0.00989953 0.00810403
pSPR Fmed_Fpbrs
0.54018   0.6 0.325
Fs Fmed_Fpbrs
0.64   0.491672 1.77803
SSBpbr Bo_Bmed_Bpbrs
524810  257251  288645 144323
Ro
25848.3
SPR SPRFo_SPRFmed_SPRFpbrs
533877 288390 173510
log_Ro
9.98
likeval ReclasPelacesDesembMPH_pf_preclas_ppelaces_ptallas_desvR_qrecl_qpela
 78.2997 10.4758 0.0738296 39.4827 337.734 211.983 57.1972 0 21.4431 2.90106e-05 0.000187092 6.56312e-14 0 0 0
q_reclas_q_pelaces
2.14522 7.00056
M
0.7
N
 27416.9 12667.2 3893.32 477.897 0.169792
 41376 12659.9 3489.54 754.442 89.8536
 10524.6 18881.6 3169.68 580.493 135.527
 14719 4397.8 2315.38 168.643 35.4066
 36654.9 6895.16 1361.47 540.594 46.4785
 19702.5 17993.6 3118.63 582.375 249.906
 61283.9 8744.48 3596.27 362.012 92.0909
 57566.6 27823.7 2100.51 559.943 68.0652
 93489.2 24975.9 4626.35 181.747 51.3267
 110103 40240.6 3894.07 361.208 17.1251
 64077.6 50546.5 10576.6 700.038 65.8022
 52716.9 28021.1 8959.72 1013.56 69.5596
 46867 23371.3 5550.38 1025.25 118.157
 28263.8 19508.2 2777.51 280.892 53.7109
 14762.4 9694.09 483.003 11.4794 1.18233
 9954.12 5063.31 240.016 1.99625 0.0447661
 6398.48 4272.3 771.329 18.0578 0.144428
 8835.53 2761.65 681.046 62.3936 1.38818
 10422.6 3856.72 482.325 63.7396 5.65445
 11168.1 4696.31 871.311 68.0915 9.40321
 19020.7 5040.23 1074.72 125.558 10.725
 25965 9002.09 1695.47 286.516 35.6037
 36462.6 12236 2924.55 427.551 79.4531
 54797 17097.2 3817.16 691.237 116.958
 16206.8 25690.8 5328.11 900.711 186.121
 26223.2 7685.56 8782.04 1457.37 291.526
 16341.9 12344.5 2475.31 2184.18 425.232
pred_Ctot
 1388.81 4194.66 1799.97 225.562 0.0802278
 2423.3 4693.05 1773.74 390.946 46.6091
 1211.93 11040.5 2284.95 423.281 98.8826
 601.693 1223.67 920.735 68.5938 14.4186
 302.398 444.686 136.884 55.9987 4.82227
 1515.19 8138.09 1860.56 353.151 151.673
 3797.97 3383.11 1893.51 194.202 49.4512
 5270.13 14146.6 1369.95 370.428 45.0622
 9031.11 13141.2 3094.35 123.225 34.8245
 6006.77 14124.2 1891.17 178.962 8.49372
 5542.09 24761.2 6708.57 450.698 42.3982
 4092.12 12755.7 5372.37 617.664 42.4259
 5508.61 13825.7 4033.2 753.39 86.8773
 6422.06 15424.5 2413.27 245.184 46.8944
 3354.3 7664.77 419.663 10.0201 1.03228
 979.626 2695.31 161.903 1.36468 0.0306246
 606.98 2222.25 511.59 12.1434 0.0971956
 774.564 1364.96 434.889 40.4343 0.900318
 698.172 1580.58 266.124 35.8019 3.17905
 736.404 1902.53 476.281 37.8974 5.23851
 643.765 1195.75 370.858 44.3798 3.79572
 955.576 2293.67 623.671 107.889 13.4234
 1466.96 3359.77 1149.49 171.908 31.9847
 2209.41 4703.1 1502.73 278.369 47.1574
 526.358 5882.26 1780.65 308.422 63.8142
 984.312 1991.14 3278.7 556.894 111.537
 1281.46 5659 1492.34 1338.15 260.743
F
 0.0727219 0.58925 0.941041 0.971569 0.973231
 0.084515 0.684807 1.09365 1.12913 1.13106
 0.172609 1.39861 2.2336 2.30607 2.31001
 0.0583186 0.472544 0.754658 0.77914 0.780473
 0.0115301 0.0934257 0.149202 0.154042 0.154306
 0.112322 0.910119 1.45347 1.50062 1.50319
 0.0896286 0.726242 1.15982 1.19744 1.19949
 0.13503 1.09412 1.74732 1.80401 1.80709
 0.14297 1.15846 1.85007 1.91009 1.91336
 0.0785206 0.636236 1.01608 1.04904 1.05083
 0.127136 1.03015 1.64517 1.69854 1.70145
 0.113429 0.919093 1.4678 1.51542 1.51801
 0.176476 1.42995 2.28365 2.35773 2.36177
 0.370066 2.99857 4.78875 4.94411 4.95256
 0.370066 2.99857 4.78875 4.9441 4.95256
 0.145834 1.18166 1.88713 1.94835 1.95168
 0.140233 1.13628 1.81465 1.87352 1.87673
 0.128964 1.04496 1.66882 1.72296 1.72591
 0.0971979 0.787574 1.25777 1.29857 1.30079
 0.0956107 0.774713 1.23723 1.27736 1.27955
 0.0480688 0.389491 0.622023 0.642202 0.6433
 0.0523669 0.424318 0.677641 0.699625 0.700821
 0.0573723 0.464876 0.742413 0.766497 0.767808
 0.0575009 0.465918 0.744077 0.768215 0.769529
 0.046086 0.373425 0.596365 0.615712 0.616765
 0.0534354 0.432976 0.691468 0.7139 0.715121
 0.114645 0.928946 1.48354 1.53167 1.53429
Np
 16482.6 7889.79 2668.27 747.44 110.501
YTP_r0W_actual
 3483.37 50219.3 21730.9 25125.4 5435.76
YTP_p0W_proyectada
 3513.35 29437.8 21255.8 3207.41 3318.16
 3513.35 32096.9 23424.8 8598.04 1412.54
CTP_r0_actual
 424.801 2324.97 692.066 626.567 122.152
CTP_p0_proyectada
 428.457 1362.86 676.936 79.9853 74.5653
 428.457 1485.97 746.014 214.415 31.7424
Wmedp
 8.2 21.6 31.4 40.1 44.5
nmprior
 10.8 10.6 4.6 0
nm_flota  nm_reclas  nm_pelaces    nm_pelaL
inf 23.4663 13.4375 37.9879
cv_recla  cv_pelaces  cv_mph
0.766321 0.354556 0.503803
 ------------------------------------------------
Talla a la edad & desviaci?n 
 7.2 14.2025 17.0495 18.207 18.6776
 1.08 2.13037 2.55742 2.73105 2.80164
