years
 1997 1998 1999 2000 2001 2002 2003 2004 2005 2006 2007 2008 2009 2010 2011 2012 2013 2014 2015 2016 2017 2018 2019 2020 2021 2022 2023
reclasobs
 0 0 0 370054 412103 1.49427e+06 250295 1.28982e+06 931140 785840 897777 1.04006e+06 184774 17550 25797 100020 73551 82996 120727 218422 84188 347160 605670 569463 516374 1.08416e+06 1.01767e+06
reclaspred
 419454 123106 417138 289607 357635 406802 879152 596607 702680 609998 483561 333067 207031 107531 82315.4 77483.5 83016.2 114236 128576 187334 277260 273004 487938 627961 729706 680248 682511
pelacesobs
 0 0 0 0 0 0 0 0 0 2.06254e+06 1.5e+06 0 1.87456e+06 323000 250000 174000 83755 137374 0 501740 490994 745055 786931 1.00524e+06 1.33801e+06 1.41789e+06 0
pelacespred
 1.49921e+06 400308 791930 855202 896539 860523 2.04528e+06 1.75282e+06 1.82247e+06 1.60815e+06 1.16546e+06 829015 521022 240220 177674 173524 191576 257491 296248 419261 691080 653169 963876 1.42443e+06 1.64353e+06 1.69511e+06 1.60965e+06
mphobs
 0 0 0 0 0 0 112323 0 153150 637223 0 255016 313432 73983 77613 109348 50772 17779 17303 59886 28197 0 207744 136588 643089 65757 70829
mphpred
 134708 93427 122292 165694 151670 202369 302999 348916 313652 330559 291721 211322 131979 94654.1 52400.8 45212.3 44857.9 56342.4 28372.4 33652.3 52541.9 65575.7 87922.8 130638 169106 168752 151015
desembarqueobs
 350755 77701 442110 56441 14545 235359 269955 359681 431902 328805 639364 411747 362871 311530 167758 66681 60226 58785 57116 73181 50977 67692 138656 160484 209506 203330 245020
desembarquepred
 350766 77704.8 442156 56443 14545.2 235414 269982 359709 431929 328853 639702 412053 363383 312102 167866 66705.3 60254.8 58791.3 57113.1 73184 50977.6 67688 138659 160489 209519 203339 245019
Reclutas
 81151.3 100817 63300.9 85636.8 129835 97208.3 161291 157270 203611 161052 76424.7 44305.7 43978.6 27481.4 22290.9 24465 19652.5 27216.4 35548.7 55762.6 78004.5 114978 164129 212803 79923.1 112786 202665
log_desv_Rt
 0.0640704 0.281067 -0.184345 0.117871 0.534017 0.244612 0.750968 0.725722 0.983968 0.749484 0.00406084 -0.541132 -0.548542 -1.01874 -1.22806 -1.135 -1.35404 -1.02843 -0.76134 -0.311142 0.024522 0.4125 0.76841 1.02812 0.0488203 0.393245 0.979309
SSB
 983628 682195 892962 1.20988e+06 1.10748e+06 1.47768e+06 2.16116e+06 2.5257e+06 2.25049e+06 2.37345e+06 2.13012e+06 1.54306e+06 985474 543887 307747 269601 276688 336892 429257 530126 793318 968015 1.32838e+06 1.89892e+06 2.65416e+06 2.71173e+06 2.30144e+06
BT
 3.35764e+06 946904 1.85684e+06 1.80421e+06 1.83974e+06 1.94382e+06 4.35771e+06 3.98356e+06 4.11244e+06 3.59811e+06 2.9615e+06 2.07457e+06 1.42329e+06 795855 509021 410509 442444 572624 653349 914204 1.45129e+06 1.39478e+06 2.06039e+06 3.03709e+06 3.51499e+06 3.63715e+06 3.49595e+06
Ftot
 0.294635 0.214378 0.290617 0.0543784 0.0125387 0.14202 0.0906276 0.17725 0.189076 0.146854 0.314446 0.284206 0.428318 0.698856 0.563269 0.23362 0.20551 0.152224 0.124935 0.119771 0.0565481 0.0708712 0.0773374 0.0752621 0.0678193 0.0731718 0.100807
BD_Bspro_t
 0.964452 0.830871 0.810027 0.727312 0.804559 0.879054 0.852698 0.858375 0.822122 0.799055 0.763052 0.635111 0.535054 0.432815 0.327909 0.350607 0.445195 0.583272 0.690856 0.772595 0.844517 0.895107 0.905936 0.908537 0.911819 0.888512 0.871084
BD_Bspro
 0.625679 0.43394 0.568008 0.769597 0.70446 0.939941 1.3747 1.60658 1.43152 1.50973 1.35496 0.981528 0.626853 0.345963 0.195756 0.171492 0.176 0.214295 0.273047 0.337209 0.504624 0.615748 0.844977 1.20789 1.6883 1.72491 1.46393
BD_Bo
 0.289383 0.200702 0.262709 0.355947 0.32582 0.434733 0.635812 0.743061 0.662095 0.698268 0.626681 0.453967 0.289926 0.160012 0.0905392 0.0793167 0.0814017 0.0991135 0.126287 0.155963 0.233394 0.28479 0.390811 0.558661 0.780855 0.79779 0.677084
BD_Brms
 0.526151 0.364912 0.477653 0.647176 0.5924 0.790423 1.15602 1.35102 1.20381 1.26958 1.13942 0.825395 0.527139 0.29093 0.164617 0.144212 0.148003 0.180206 0.229613 0.283569 0.424353 0.5178 0.710565 1.01575 1.41974 1.45053 1.23106
S_f
 0.210807 1 1 1 1
 0.210807 1 1 1 1
 0.210807 1 1 1 1
 0.210807 1 1 1 1
 0.210807 1 1 1 1
 0.210807 1 1 1 1
 0.210807 1 1 1 1
 0.210807 1 1 1 1
 0.210807 1 1 1 1
 0.210807 1 1 1 1
 0.210807 1 1 1 1
 0.210807 1 1 1 1
 0.210807 1 1 1 1
 0.210807 1 1 1 1
 0.210807 1 1 1 1
 0.210807 1 1 1 1
 0.210807 1 1 1 1
 0.210807 1 1 1 1
 0.210807 1 1 1 1
 0.210807 1 1 1 1
 0.210807 1 1 1 1
 0.210807 1 1 1 1
 0.210807 1 1 1 1
 0.210807 1 1 1 1
 0.210807 1 1 1 1
 0.210807 1 1 1 1
 0.210807 1 1 1 1
Scru_reclas
 1 1 1 1 1
 1 1 1 1 1
 1 1 1 1 1
 1 1 1 1 1
 1 1 1 1 1
 1 1 1 1 1
 1 1 1 1 1
 1 1 1 1 1
 1 1 1 1 1
 1 1 1 1 1
 1 1 1 1 1
 1 1 1 1 1
 1 1 1 1 1
 1 1 1 1 1
 1 1 1 1 1
 1 1 1 1 1
 1 1 1 1 1
 1 1 1 1 1
 1 1 1 1 1
 1 1 1 1 1
 1 1 1 1 1
 1 1 1 1 1
 1 1 1 1 1
 1 1 1 1 1
 1 1 1 1 1
 1 1 1 1 1
 1 1 1 1 1
Scru_pelaces
 1 1 1 1 1
 1 1 1 1 1
 1 1 1 1 1
 1 1 1 1 1
 1 1 1 1 1
 1 1 1 1 1
 1 1 1 1 1
 1 1 1 1 1
 1 1 1 1 1
 1 1 1 1 1
 1 1 1 1 1
 1 1 1 1 1
 1 1 1 1 1
 1 1 1 1 1
 1 1 1 1 1
 1 1 1 1 1
 1 1 1 1 1
 1 1 1 1 1
 1 1 1 1 1
 1 1 1 1 1
 1 1 1 1 1
 1 1 1 1 1
 1 1 1 1 1
 1 1 1 1 1
 1 1 1 1 1
 1 1 1 1 1
 1 1 1 1 1
pf_obs 
 0.256992 0.487395 0.22802 0.0275931 0
 0.321318 0.546541 0.124235 0.00734118 0.000564706
 0.182869 0.594174 0.210203 0.0122559 0.00049798
 0.330522 0.361315 0.267642 0.0388342 0.00168674
 0.649043 0.306663 0.0425973 0.00169635 0
 0.582887 0.30429 0.105238 0.00758474 0
 0.465427 0.430635 0.0974691 0.00646863 0
 0.296916 0.608066 0.0921331 0.00288517 0
 0.311714 0.524322 0.152257 0.0117073 0
 0.15457 0.633149 0.183074 0.0267441 0.00246327
 0.131901 0.49318 0.331252 0.0422183 0.00144891
 0.196976 0.569456 0.194076 0.0375587 0.00193317
 0.518974 0.381816 0.0799577 0.0180837 0.00116848
 0.0928022 0.601141 0.25162 0.0475244 0.00691264
 0.122501 0.610282 0.24278 0.0234846 0.000952079
 0.383417 0.481906 0.127806 0.00687128 0
 0.0376549 0.599619 0.316969 0.0457579 0
 0.0361596 0.667082 0.258105 0.0386534 0
 0.158088 0.579412 0.248529 0.0139706 0
 0.0477256 0.309471 0.559284 0.082774 0.000745712
 0.0406174 0.521527 0.379366 0.0568643 0.0016247
 0.151134 0.462217 0.34131 0.0453401 0
 0.294876 0.26143 0.354403 0.0886775 0.000613685
 0.281977 0.475581 0.204845 0.0348837 0.00271318
 0.0841818 0.532909 0.334909 0.0458182 0.00218182
 0.115287 0.27431 0.454777 0.147771 0.00785563
 0 0 0 0 0
pf_pred 
 0.391683 0.429584 0.159867 0.0188557 1.03619e-05
 0.319365 0.529014 0.107072 0.0398463 0.0047023
 0.179297 0.582851 0.184867 0.037417 0.0155678
 0.252061 0.405105 0.243475 0.0772248 0.0221334
 0.288747 0.441592 0.146056 0.0877822 0.0358225
 0.180769 0.540245 0.173212 0.0572898 0.0484833
 0.283055 0.377986 0.223528 0.0716671 0.043764
 0.228579 0.509895 0.137881 0.0815379 0.0421066
 0.268595 0.441341 0.191727 0.0518448 0.0464919
 0.193935 0.527715 0.16796 0.0729653 0.0374239
 0.112589 0.487415 0.261869 0.0833473 0.0547787
 0.106009 0.366205 0.289889 0.155746 0.0821502
 0.167508 0.324711 0.208002 0.164655 0.135124
 0.163439 0.449393 0.151013 0.0967356 0.139418
 0.212445 0.442789 0.185205 0.0622361 0.0973244
 0.261699 0.460721 0.156065 0.065277 0.0562384
 0.200149 0.520918 0.174063 0.058962 0.045909
 0.267826 0.414053 0.207182 0.0692291 0.0417099
 0.279805 0.468128 0.142547 0.071327 0.0381932
 0.320102 0.449296 0.149891 0.0456424 0.0350676
 0.303618 0.488854 0.137141 0.0457519 0.0246354
 0.306039 0.471582 0.156109 0.0437939 0.0224772
 0.301563 0.477321 0.150259 0.0497406 0.0211158
 0.280651 0.488759 0.157588 0.0496082 0.0233933
 0.0982178 0.592264 0.210301 0.0678064 0.0314108
 0.178001 0.285591 0.352297 0.125094 0.0590174
 0.292249 0.364363 0.119305 0.147171 0.0769119
pobs_RECLAS
 0 0 0 0 0
 0 0 0 0 0
 0 0 0 0 0
 0 0 0 0 0
 0.835266 0.146461 0.0176864 0.000547809 3.91292e-05
 0.385257 0.428462 0.181853 0.0044286 0
 0.867414 0.0963971 0.0333333 0.00285562 0
 0.441836 0.489002 0.0689373 0.000224442 0
 0.779404 0.147425 0.0564933 0.0165055 0.000172143
 0.814271 0.122319 0.05973 0.00367925 0
 0.40263 0.566651 0.0304383 0.000280538 0
 0.475488 0.404961 0.113038 0.00651328 0
 0.955842 0.0263864 0.0167828 0.000988607 0
 0.975058 0.0227948 0.00214734 0 0
 0.738997 0.206755 0.0527124 0.00153531 0
 0.850938 0.134255 0.0134407 0.00136685 0
 0.542534 0.407297 0.0501686 0 0
 0.764087 0.199537 0.0359546 0.000420521 0
 0.470689 0.182191 0.310203 0.0369168 0
 0.84361 0.089868 0.0606195 0.00523954 0.000663233
 0.607945 0.314616 0.071237 0.00620181 0
 0.523733 0.453247 0.0230204 0 0
 0.530135 0.295979 0.169645 0.0042399 0
 0.562478 0.366248 0.0663022 0.0049721 0
 0.250443 0.683176 0.0655157 0.000865301 0
 0.195077 0.31981 0.436473 0.0351445 0.0134964
 0.565238 0.351407 0.0832357 0.000118908 0
ppred_RECLAS
 0.756461 0.171984 0.0640028 0.00754888 4.14839e-06
 0.692469 0.239024 0.0483782 0.0180037 0.00212464
 0.513054 0.345822 0.109687 0.0222006 0.00923681
 0.615801 0.208093 0.125068 0.0396686 0.0113694
 0.658342 0.212123 0.0701596 0.0421671 0.0172077
 0.513231 0.321002 0.102919 0.0340404 0.0288077
 0.652923 0.182985 0.108211 0.0346944 0.0211864
 0.586563 0.273275 0.0738961 0.0436997 0.0225668
 0.637625 0.218663 0.0949914 0.0256866 0.0230345
 0.534872 0.30451 0.096919 0.0421035 0.0215949
 0.379993 0.340542 0.18296 0.0582322 0.0382722
 0.363718 0.26064 0.206324 0.11085 0.0584689
 0.495007 0.196971 0.126175 0.0998806 0.0819665
 0.493616 0.272025 0.0914109 0.0585556 0.0843922
 0.570629 0.241406 0.100973 0.0339308 0.0530607
 0.63005 0.230859 0.0782013 0.0327092 0.0281801
 0.545491 0.296007 0.0989097 0.0335047 0.0260875
 0.636217 0.205724 0.102939 0.0343967 0.0207237
 0.649694 0.2277 0.0693354 0.0346938 0.0185773
 0.692011 0.203528 0.0678997 0.0206757 0.0158854
 0.674672 0.228378 0.0640679 0.0213739 0.0115089
 0.677333 0.219269 0.072585 0.0203626 0.0104511
 0.672764 0.223638 0.0704003 0.0233048 0.00989332
 0.650045 0.237776 0.0766649 0.0241338 0.0113806
 0.341392 0.432554 0.153591 0.0495217 0.0229405
 0.507603 0.171076 0.211034 0.074934 0.0353528
 0.663141 0.173421 0.0567839 0.070047 0.0366067
pobs_PELACES
 0 0 0 0 0
 0 0 0 0 0
 0 0 0 0 0
 0 0 0 0 0
 0 0 0 0 0
 0 0 0 0 0
 0 0 0 0 0
 0 0 0 0 0
 0 0 0 0 0
 0 0 0 0 0
 0.450072 0.473896 0.0757376 0.000293798 0
 0 0 0 0 0
 0.463077 0.371075 0.160297 0.00555027 0
 0.529543 0.364841 0.0842815 0.0213345 0
 0.631943 0.363953 0.00410389 0 0
 0.735681 0.248677 0.0153453 0.000297389 0
 0.695825 0.281241 0.0229344 0 0
 0.275771 0.60734 0.115278 0.00161068 0
 0 0 0 0 0
 0.896147 0.0623911 0.0374545 0.00400742 0
 0.803859 0.145111 0.0509908 3.86294e-05 0
 0.739449 0.233085 0.0266225 0.000797448 4.60066e-05
 0.878498 0.100942 0.0204185 0.000141795 0
 0.694673 0.275183 0.0284847 0.00165964 0
 0.469039 0.446079 0.0841089 0.000773354 0
 0.822795 0.102175 0.0682046 0.00682512 0
 0 0 0 0 0
ppred_PELACES
 0.770317 0.162198 0.0603612 0.00711937 3.91235e-06
 0.70423 0.229884 0.0465282 0.0173152 0.00204339
 0.531935 0.332413 0.105434 0.0213397 0.00887865
 0.619146 0.206282 0.123979 0.0393232 0.0112704
 0.659076 0.211668 0.0700089 0.0420765 0.0171707
 0.522466 0.314912 0.100966 0.0333946 0.0282612
 0.658252 0.180175 0.10655 0.0341617 0.0208611
 0.597711 0.265906 0.0719036 0.0425214 0.0219583
 0.648924 0.211845 0.0920296 0.0248857 0.0223163
 0.544373 0.29829 0.0949393 0.0412435 0.0211538
 0.399467 0.329846 0.177213 0.0564032 0.0370701
 0.381014 0.253555 0.200715 0.107836 0.0568795
 0.522878 0.1861 0.119211 0.0943681 0.0774427
 0.539038 0.247625 0.0832116 0.0533033 0.0768224
 0.60614 0.221441 0.092622 0.0311246 0.0486724
 0.644116 0.222082 0.075228 0.0314655 0.0271086
 0.558725 0.287388 0.0960297 0.0325291 0.0253279
 0.645342 0.200563 0.100357 0.033534 0.0202039
 0.657063 0.22291 0.0678769 0.033964 0.0181866
 0.698619 0.199162 0.0664429 0.0202321 0.0155446
 0.677896 0.226114 0.0634329 0.0211621 0.0113949
 0.681353 0.216536 0.0716806 0.0201089 0.0103209
 0.677183 0.220618 0.0694497 0.0229901 0.00975973
 0.654491 0.234755 0.075691 0.0238272 0.011236
 0.345375 0.429939 0.152663 0.0492223 0.0228018
 0.512366 0.169421 0.208993 0.0742093 0.0350109
 0.668981 0.170415 0.0557996 0.0688328 0.0359722
pobs_pel_tallas
 0 0 0 0 0 0 0 0 0 0 0 0 0 0 0 0 0 0 0 0 0 0 0 0 0 0 0 0 0 0 0 0 0 0 0 0
 0 0 0 0 0 0 0 0 0 0 0 0 0 0 0 0 0 0 0 0 0 0 0 0 0 0 0 0 0 0 0 0 0 0 0 0
 0 0 0 0 0 0 0 0 0 0 0 0 0 0 0 0 0 0 0 0 0 0 0 0 0 0 0 0 0 0 0 0 0 0 0 0
 0 0 0 0 0 0 0 0 0 0 0 0 0 0 0 0 0 0 0 0 0 0 0 0 0 0 0 0 0 0 0 0 0 0 0 0
 0 0 0 0 0 0 0 0 0 0 0 0 0 0 0 0 0 0 0 0 0 0 0 0 0 0 0 0 0 0 0 0 0 0 0 0
 0 0 0 0 0 0 0 0 0 0 0 0 0 0 0 0 0 0 0 0 0 0 0 0 0 0 0 0 0 0 0 0 0 0 0 0
 0 0 0 0 0 0 0 0 0 0 0 0 0 0 0 0 0 0 0 0 0 0 0 0 0 0 0 0 0 0 0 0 0 0 0 0
 0 0 0 0 0 0 0 0 0 0 0 0 0 0 0 0 0 0 0 0 0 0 0 0 0 0 0 0 0 0 0 0 0 0 0 0
 0 0 0 0 0 0 0 0 0 0 0 0 0 0 0 0 0 0 0 0 0 0 0 0 0 0 0 0 0 0 0 0 0 0 0 0
 0 0 0 0 0 0 0 0 0 0 0 0 0 0 0 0 0 0 0 0 0 0 0 0 0 0 0 0 0 0 0 0 0 0 0 0
 0 0 0 0 0 0 0 0 1.78061e-05 0.00172719 0.00360574 0.0105946 0.0120993 0.0124554 0.0147524 0.0171206 0.0266825 0.0428682 0.0675386 0.121331 0.153587 0.119568 0.100827 0.0573624 0.0630603 0.0341343 0.0324427 0.0444173 0.0211091 0.0280891 0.0125444 0.00206551 0 0 0 0
 0 0 0 0 0 0 0 0 0 0 0 0 0 0 0 0 0 0 0 0 0 0 0 0 0 0 0 0 0 0 0 0 0 0 0 0
 0 0 0 0 0 0 0.0133647 0.0140871 0.0187388 0.0205184 0.03894 0.0496705 0.03968 0.0493445 0.0407372 0.0367815 0.0215668 0.0243155 0.0234873 0.0199281 0.019796 0.0243948 0.0301388 0.0376714 0.0412746 0.0863199 0.0771752 0.113111 0.0741005 0.0525337 0.0229764 0.00759418 0.00175318 0 0 0
 0 0 0 0 0 0 0 0 0 0 0.00219441 0.00772107 0.0458388 0.0604681 0.0671733 0.0775358 0.0609151 0.0617685 0.073594 0.0568108 0.0755445 0.0548602 0.0670107 0.0636378 0.0643287 0.046367 0.0373049 0.0286899 0.0247887 0.0153202 0.00654259 0.00121912 0.000365735 0 0 0
 0 0 0 0 0 0 0 0 0 0 0 0 0.000112435 0.00938835 0.0111873 0.0202946 0.0414886 0.0713402 0.111592 0.104902 0.108894 0.110636 0.117776 0.105296 0.107544 0.0401394 0.0192827 0.0124803 0.00416011 0.0028671 0.000618394 0 0 0 0 0
 0 0 0 0 0 0 0 0 0 0 0.00291406 0.0102884 0.027416 0.0768956 0.0749926 0.110853 0.0956884 0.0897413 0.0766577 0.0534642 0.0500743 0.0551293 0.0594112 0.0620874 0.0668451 0.0424026 0.0208742 0.0120726 0.0048766 0.00582813 0.00118941 0.000297354 0 0 0 0
 0 0.00264628 0.0354308 0.0461629 0.0458689 0.0383711 0.0214643 0.0164657 0.0346957 0.0420465 0.0363128 0.0245516 0.0311673 0.0291091 0.0169068 0.0133784 0.00837989 0.0085269 0.0148486 0.0160247 0.0276389 0.0546898 0.0760071 0.122758 0.109233 0.0665981 0.0333725 0.0166128 0.00676272 0.00308733 0.000882094 0 0 0 0 0
 0 0 0 0 0 0 0 0.000805153 0.000690131 0.00759144 0.0133425 0.0154129 0.00931677 0.000345066 0.00356568 0.00563607 0.00851162 0.0253048 0.0502646 0.0516448 0.0657925 0.0565908 0.0611916 0.0827007 0.0866115 0.110766 0.145733 0.0935128 0.0569358 0.0249597 0.0138026 0.00621118 0.00161031 0.00115022 0 0
 0 0 0 0 0 0 0 0 0 0 0 0 0 0 0 0 0 0 0 0 0 0 0 0 0 0 0 0 0 0 0 0 0 0 0 0
 0.00147267 0.00158595 0.00478618 0.00569244 0.00954404 0.0108468 0.00647125 0.017049 0.0510054 0.094081 0.124002 0.0959785 0.0687766 0.0820023 0.061753 0.0591476 0.0492212 0.0479892 0.0443925 0.0268479 0.0217502 0.0140895 0.0121071 0.0120363 0.00920419 0.00665534 0.0049561 0.00860946 0.00930331 0.0156896 0.0114698 0.00855282 0.00243557 0.00046729 0 2.83206e-05
 0 0 0 0 0.000772559 0.00158375 0.000888443 0.00281984 0.00712685 0.0440552 0.0773331 0.111326 0.0921469 0.0852325 0.0710754 0.0886704 0.0786465 0.0553345 0.0373146 0.0185414 0.00753245 0.00457741 0.012979 0.0271748 0.0457355 0.0583668 0.034881 0.0177882 0.00938659 0.00492506 0.0015258 0.00185414 0.000309023 5.79419e-05 3.86279e-05 0
 0 0.00173294 0.00326652 0 0.00397197 0.00683976 0.00946217 0.0152591 0.00757587 0.0136028 0.0228656 0.0392903 0.0559909 0.0764795 0.0681675 0.0726916 0.0566044 0.0477403 0.0527397 0.0444891 0.0609904 0.0582453 0.0661739 0.0445044 0.0529084 0.0360697 0.0280645 0.0235558 0.0158879 0.00826598 0.00280645 0.00217768 0.000904811 0.00058276 9.20147e-05 0
 0 0 0 0 0 0 0 0 0 0 0 0 0 0 0 0 0 0 0 0 0 0 0 0 0 0 0 0 0 0 0 0 0 0 0 0
 0 0 0 0 0 0 0 0 0 0 0 0 0 0 0 0 0 0 0 0 0 0 0 0 0 0 0 0 0 0 0 0 0 0 0 0
 0 0 0 0 0 0 0 0 0 0 0 0 0 0 0 0 0 0 0 0 0 0 0 0 0 0 0 0 0 0 0 0 0 0 0 0
 0 0 0 0 0 0 0 0 0 0 0 0 0 0 0 0 0 0 0 0 0 0 0 0 0 0 0 0 0 0 0 0 0 0 0 0
 0 0 0 0 0 0 0 0 0 0 0 0 0 0 0 0 0 0 0 0 0 0 0 0 0 0 0 0 0 0 0 0 0 0 0 0
ppred_pel_tallas
 1.01155e-16 3.36088e-05 0.000197259 0.000937687 0.00361016 0.0112579 0.0284367 0.0581851 0.0964478 0.129525 0.140946 0.124316 0.0889712 0.0518874 0.0251133 0.0109463 0.00571279 0.00508933 0.00642607 0.00855756 0.0110035 0.0134697 0.0156837 0.0173906 0.018397 0.0186115 0.0180612 0.0168763 0.0152518 0.0133979 0.0114978 0.00968307 0.00802887 0.00656448 0.00529049 0.00419476
 1.01426e-16 3.07298e-05 0.000180351 0.000857288 0.00330058 0.0102925 0.0259982 0.0531962 0.0881807 0.11843 0.128892 0.11373 0.0814946 0.0477284 0.0234762 0.0108738 0.00659649 0.00671436 0.00880365 0.0117626 0.0150754 0.0183616 0.0212432 0.023367 0.0244741 0.0244571 0.0233822 0.021464 0.0190056 0.0163247 0.0136892 0.0112806 0.00918826 0.00742679 0.00596552 0.00475612
 1.02754e-16 2.32212e-05 0.000136259 0.00064765 0.00249338 0.00777528 0.01964 0.0401877 0.0666221 0.0894913 0.0974362 0.0860693 0.0618809 0.0366587 0.0188101 0.010025 0.00786998 0.00943571 0.012907 0.0174003 0.0223945 0.0273971 0.0318721 0.0353051 0.0373076 0.0377017 0.0365528 0.0341368 0.0308583 0.027149 0.0233792 0.019808 0.0165748 0.0137235 0.0112404 0.00908909
 1.03705e-16 2.70189e-05 0.000158567 0.000753728 0.00290185 0.00904911 0.0228574 0.0467699 0.0775285 0.104125 0.113327 0.100006 0.071681 0.0420236 0.0207527 0.00975795 0.00613311 0.00644362 0.00858227 0.011605 0.0150802 0.0186881 0.0220985 0.024986 0.0270873 0.0282513 0.0284609 0.0278178 0.0265005 0.0247112 0.0226311 0.0203971 0.0181004 0.0158 0.0135406 0.0113656
 1.03311e-16 2.87601e-05 0.000168789 0.000802326 0.00308896 0.00963262 0.0243313 0.0497856 0.082527 0.110837 0.120629 0.10644 0.0762741 0.0446775 0.0219892 0.0102115 0.00623851 0.00640104 0.00844287 0.0113484 0.0146529 0.0180182 0.021105 0.0235891 0.0252226 0.0258845 0.0256007 0.0245234 0.0228802 0.0209125 0.0188233 0.0167498 0.0147622 0.012882 0.0111069 0.00943202
 1.04004e-16 2.28075e-05 0.000133832 0.000636116 0.00244898 0.00763682 0.0192902 0.0394719 0.0654352 0.0878961 0.0956971 0.0845274 0.0607601 0.0359702 0.0184122 0.00974221 0.00756742 0.00903 0.0123513 0.0166738 0.0215028 0.0263768 0.0307947 0.0342734 0.0364459 0.0371393 0.0364053 0.0344883 0.0317494 0.0285714 0.0252786 0.0220922 0.0191268 0.0164148 0.0139443 0.0116923
 1.0372e-16 2.8723e-05 0.000168574 0.000801309 0.00308506 0.00962044 0.0243005 0.0497223 0.0824215 0.110693 0.120465 0.106281 0.076127 0.0445252 0.0217924 0.00991804 0.00579222 0.00574783 0.0075395 0.010175 0.013227 0.0164061 0.0194237 0.0219974 0.0238986 0.0249958 0.0252729 0.024816 0.0237758 0.0223222 0.0206056 0.0187371 0.0167892 0.0148076 0.0128289 0.0108914
 1.03595e-16 2.60865e-05 0.000153087 0.000727668 0.00280149 0.00873614 0.0220669 0.0451529 0.07485 0.100534 0.109432 0.0966034 0.0693179 0.0407899 0.020424 0.0100695 0.00694273 0.00773939 0.0104156 0.0140211 0.0180685 0.0221524 0.0258483 0.0287515 0.0305565 0.0311231 0.0305005 0.0288997 0.0266278 0.0240071 0.0213069 0.0187067 0.0162936 0.0140855 0.012064 0.0102041
 1.03274e-16 2.83175e-05 0.00016619 0.000789971 0.00304139 0.00948427 0.0239566 0.0490189 0.0812563 0.109131 0.118773 0.104806 0.0751098 0.0440094 0.0216867 0.0101162 0.00624377 0.00646048 0.00854816 0.0115087 0.014884 0.0183376 0.0215284 0.0241279 0.0258799 0.026653 0.026461 0.0254441 0.0238209 0.0218277 0.0196685 0.0174872 0.0153657 0.0133395 0.0114211 0.00961813
 1.03851e-16 2.37621e-05 0.000139438 0.000662771 0.00255161 0.00795688 0.0200986 0.0411259 0.0681762 0.0915752 0.0996953 0.0880414 0.0632479 0.0373664 0.0189855 0.00981693 0.0073535 0.00860728 0.0117231 0.0158182 0.0204026 0.0250352 0.0292407 0.0325616 0.0346501 0.0353413 0.0346824 0.0329026 0.0303407 0.0273563 0.0242537 0.0212405 0.0184243 0.0158364 0.0134675 0.0112982
 1.06294e-16 1.7445e-05 0.000102348 0.000486431 0.00187265 0.00583954 0.0147505 0.0301835 0.0500402 0.067226 0.0732171 0.0647299 0.0466574 0.02788 0.0147505 0.0085869 0.00761497 0.00969855 0.0135058 0.0183739 0.0238725 0.0295515 0.0348963 0.0393938 0.0426329 0.0443846 0.0446364 0.0435656 0.0414688 0.0386749 0.035472 0.0320695 0.028597 0.0251286 0.0217148 0.018407
 1.09295e-16 1.66372e-05 9.76123e-05 0.000463935 0.00178606 0.00556954 0.0140684 0.0287873 0.047724 0.0641096 0.0698106 0.0616888 0.0444016 0.026405 0.0137407 0.00764674 0.00641621 0.00800925 0.011175 0.0153306 0.0201464 0.0252993 0.030412 0.0350918 0.0389991 0.0419054 0.043719 0.0444701 0.0442676 0.0432469 0.0415301 0.0392114 0.0363662 0.0330729 0.0294334 0.025581
 1.08615e-16 2.28201e-05 0.000133918 0.000636553 0.00245071 0.00764225 0.0193038 0.0394987 0.065476 0.0879402 0.0957166 0.0844771 0.0605771 0.0355678 0.0176672 0.00848479 0.00558327 0.00608239 0.00822448 0.0112337 0.0147647 0.0185611 0.022351 0.0258573 0.0288439 0.031155 0.0327321 0.0335984 0.0338259 0.0334945 0.0326646 0.0313688 0.0296244 0.0274544 0.0249091 0.0220754
 1.06684e-16 2.35272e-05 0.000138064 0.00065625 0.00252653 0.00787866 0.019901 0.0407212 0.0675039 0.090668 0.098697 0.0871344 0.0625409 0.0368376 0.0185126 0.00924245 0.0065281 0.00740274 0.0100373 0.0135882 0.0176274 0.0217971 0.0257171 0.0290187 0.0314153 0.0327607 0.0330695 0.0324925 0.0312579 0.029602 0.0277132 0.0257057 0.0236247 0.0214728 0.0192429 0.016944
 1.04731e-16 2.64522e-05 0.000155239 0.000737904 0.00284092 0.0088591 0.0223775 0.045788 0.0759014 0.101942 0.110955 0.0979217 0.0702087 0.0412031 0.0204264 0.0097354 0.00629081 0.00673322 0.00899685 0.0121467 0.0157413 0.0194426 0.0229016 0.0257803 0.0278142 0.0288655 0.0289439 0.0281856 0.0268032 0.0250235 0.0230367 0.0209706 0.0188913 0.0168231 0.0147741 0.0127565
 1.03489e-16 2.81082e-05 0.000164961 0.000784124 0.00301888 0.00941405 0.0237792 0.0486561 0.0806553 0.108325 0.117898 0.10404 0.0745736 0.0437209 0.0215922 0.0101512 0.00637001 0.00666801 0.00884137 0.0118923 0.0153537 0.0188753 0.0221014 0.024692 0.0263871 0.0270605 0.0267406 0.025589 0.0238466 0.021769 0.0195713 0.0173986 0.015325 0.0133723 0.011536 0.00980855
 1.03759e-16 2.43875e-05 0.00014311 0.000680232 0.00261884 0.00816655 0.0206282 0.0422094 0.0699718 0.0939853 0.102315 0.0903436 0.064878 0.0382816 0.0193622 0.0098679 0.00721677 0.00833581 0.0113199 0.0152697 0.0196987 0.0241783 0.0282498 0.0314717 0.0335075 0.0341967 0.0335828 0.0318843 0.0294263 0.026554 0.0235607 0.020647 0.0179183 0.0154064 0.0131044 0.0109953
 1.03587e-16 2.81609e-05 0.000165271 0.000785605 0.00302459 0.00943187 0.0238242 0.048748 0.080807 0.108527 0.118113 0.104219 0.0746788 0.043736 0.0215135 0.00997204 0.00607184 0.00622366 0.00822483 0.0110908 0.014379 0.0177718 0.0209478 0.0235946 0.0254646 0.0264234 0.0264701 0.0257204 0.0243631 0.0226056 0.0206286 0.0185618 0.0164834 0.0144348 0.0124407 0.0105247
 1.03054e-16 2.86728e-05 0.000168275 0.00079988 0.00307955 0.00960324 0.0242571 0.0496339 0.0822759 0.110501 0.120265 0.106126 0.0760626 0.044581 0.0219928 0.0102982 0.00640517 0.00665775 0.00880487 0.0118269 0.0152473 0.0187107 0.0218582 0.0243487 0.0259231 0.0264595 0.0259939 0.0246975 0.0228224 0.0206352 0.0183601 0.0161485 0.0140769 0.0121655 0.0104048 0.0087798
 1.0243e-16 3.04839e-05 0.00017891 0.000850445 0.00327424 0.0102104 0.0257907 0.0527715 0.0874758 0.117481 0.127853 0.112799 0.0807965 0.0472571 0.0231292 0.0105218 0.00612882 0.00604917 0.00788574 0.0105663 0.0136146 0.0167001 0.019498 0.0217011 0.0230759 0.0235117 0.0230401 0.0218149 0.0200642 0.0180308 0.0159212 0.0138778 0.0119755 0.0102377 0.00865917 0.00722658
 1.02234e-16 2.95813e-05 0.000173609 0.000825237 0.00317717 0.00990769 0.0250261 0.0512073 0.084884 0.114003 0.124076 0.109485 0.0784626 0.0459727 0.0226507 0.0105571 0.0064975 0.00669513 0.00882303 0.0118254 0.0152084 0.018605 0.0216468 0.0239859 0.0253614 0.0256557 0.0249162 0.0233319 0.0211772 0.0187419 0.016272 0.0139353 0.0118179 0.00994111 0.00828937 0.00683477
 1.02262e-16 2.97317e-05 0.000174493 0.000829441 0.00319336 0.00995817 0.0251536 0.0514681 0.085316 0.114583 0.124704 0.110034 0.0788438 0.0461717 0.0227038 0.0105071 0.00636715 0.00648644 0.00852766 0.011436 0.0147265 0.0180459 0.0210411 0.0233768 0.0247991 0.0251888 0.0245828 0.0231525 0.021152 0.0188518 0.0164835 0.0142082 0.0121122 0.0102234 0.00853586 0.00703261
 1.02304e-16 2.955e-05 0.000173425 0.000824367 0.00317382 0.00989724 0.0249997 0.0511533 0.0847943 0.113883 0.123943 0.109365 0.0783715 0.0459084 0.0225989 0.0104998 0.00641854 0.00658231 0.00866802 0.0116249 0.0149661 0.0183332 0.021367 0.0237266 0.0251547 0.0255314 0.0248965 0.0234269 0.0213829 0.0190412 0.016638 0.0143363 0.0122223 0.0103221 0.00862731 0.00711829
 1.02495e-16 2.85611e-05 0.000167618 0.000796757 0.00306751 0.00956572 0.0241623 0.04944 0.081955 0.110071 0.119801 0.105723 0.0757893 0.0444522 0.0219874 0.010393 0.00659409 0.00695207 0.00922388 0.012387 0.015953 0.0195479 0.0227908 0.025319 0.0268579 0.0272792 0.0266237 0.025078 0.0229176 0.0204356 0.0178823 0.015431 0.0131737 0.011139 0.00931924 0.00769514
 1.05064e-16 1.50903e-05 8.85145e-05 0.000420647 0.00161933 0.00504955 0.0127551 0.0261016 0.0432773 0.0581534 0.06337 0.0561053 0.0406169 0.0246233 0.0136706 0.00896032 0.00901841 0.0120372 0.0168617 0.0228521 0.0294971 0.0362053 0.0422969 0.0471093 0.0501345 0.0511277 0.05015 0.0475266 0.0437444 0.0393245 0.0347136 0.0302228 0.0260219 0.0221703 0.0186669 0.0154917
 1.07208e-16 2.23614e-05 0.000131226 0.000623755 0.00240143 0.00748858 0.0189156 0.0387045 0.0641592 0.0861712 0.09379 0.082774 0.0593501 0.0348366 0.0172858 0.00827569 0.00542151 0.00590826 0.00802619 0.0110328 0.0146105 0.0185279 0.0225299 0.0263416 0.0297073 0.0324286 0.0343845 0.0355287 0.0358697 0.0354468 0.0343123 0.0325271 0.0301677 0.0273353 0.0241612 0.0208022
 1.04894e-16 2.91902e-05 0.000171318 0.000814358 0.00313531 0.00977715 0.0246963 0.0505321 0.0837633 0.112494 0.122421 0.107997 0.0773364 0.0451921 0.0220426 0.00990166 0.00559981 0.00540233 0.007023 0.00945541 0.0122759 0.0152102 0.0179934 0.0203718 0.022147 0.0232143 0.0235768 0.0233284 0.0226141 0.0215842 0.020357 0.0190029 0.0175494 0.0159998 0.0143559 0.0126344
pSPR Fmed_Fpbrs
0.438708   0.6 0.325
Fs Fmed_Fpbrs
0.64   0.340362 1.02866
SSBpbr Bo_Bmed_Bpbrs
3.39905e+06  1.32124e+06  1.86948e+06 934739
Ro
76115
SPR SPRFo_SPRFmed_SPRFpbrs
1.5721e+06 689691 510931
log_Ro
11.06
likeval ReclasPelacesDesembMPH_pf_preclas_ppelaces_ptallas_desvR_qrecl_qpela
 70.3018 19.1762 0.0355127 55.582 344.529 228.079 56.9667 0 19.481 0.000122844 8.41544e-07 6.44537e-16 0 0 0
q_reclas_q_pelaces
0.207925 0.877646
M
0.7
N
 81151.3 20724.7 7712.59 909.67 0.499897
 100817 37871.7 7665.2 2852.56 336.634
 63300.9 47852.3 15177.7 3071.95 1278.12
 85636.8 29566.3 17769.8 5636.19 1615.39
 129835 42041.3 13905.1 8357.21 3410.44
 97208.3 64303.8 20616.9 6819.04 5770.83
 161291 46848.4 27704.6 8882.59 5424.21
 157270 78579.3 21248.6 12565.7 6488.99
 203611 75233.9 32683.1 8837.82 7925.32
 161052 97159.5 30923.8 13433.9 6890.24
 76424.7 77538.2 41658.3 13258.9 8714.21
 44305.7 35517.2 28115.6 15105.4 7967.53
 43978.6 20722.1 13274.1 10507.8 8623.19
 27481.4 19953.6 6705.19 4295.19 6190.35
 22290.9 11777.4 4926.13 1655.37 2588.66
 24465 9830 3329.82 1392.76 1199.91
 19652.5 11565.1 3864.45 1309.04 1019.25
 27216.4 9345.37 4676.2 1562.53 941.412
 35548.7 13088.4 3985.48 1994.24 1067.85
 55762.6 17194.1 5736.19 1746.69 1342
 78004.5 27000.5 7574.57 2526.98 1360.67
 114978 38276.9 12670.9 3554.62 1824.41
 164129 56249.9 17707.3 5861.67 2488.39
 212803 80186.2 25854.1 8138.76 3837.93
 79923.1 104011 36932.4 11907.9 5516.26
 112786 39125.3 48263.8 17137.5 8085.24
 202665 55150.4 18058.1 22276 11641.5
pred_Ctot
 3527.23 3868.54 1439.66 169.802 0.0933124
 3212.08 5320.66 1076.9 400.762 47.2943
 2714.85 8825.29 2799.18 566.552 235.721
 702.425 1128.92 678.498 215.204 61.6796
 246.518 377.01 124.696 74.9442 30.5835
 2065.53 6173.02 1979.18 654.613 553.987
 2197.46 2934.45 1735.33 556.379 339.756
 4157.15 9273.42 2507.62 1482.92 765.789
 5734.89 9423.25 4093.65 1106.96 992.669
 3537.02 9624.55 3063.29 1330.75 682.542
 3538.68 15319.5 8230.55 2619.61 1721.69
 1859.36 6423.08 5084.54 2731.72 1440.88
 2744.89 5320.92 3408.45 2698.15 2214.22
 2730.44 7507.6 2522.85 1616.07 2329.14
 1807.19 3766.64 1575.47 529.419 827.902
 847.919 1492.76 505.659 211.501 182.215
 600.726 1563.48 522.43 176.968 137.791
 619.271 957.38 479.05 160.073 96.4423
 665.541 1113.48 339.06 169.658 90.8459
 1001.31 1405.44 468.874 142.774 109.695
 665.217 1071.06 300.471 100.241 53.9755
 1227.25 1891.1 626.015 175.619 90.1364
 1910.57 3024.09 951.971 315.133 133.78
 2411.15 4199.06 1353.88 426.197 200.978
 816.576 4924.04 1748.43 563.737 261.147
 1242.66 1993.76 2459.45 873.301 412.011
 3068.37 3825.51 1252.6 1545.17 807.511
F
 0.062111 0.294635 0.294635 0.294635 0.294635
 0.0451923 0.214378 0.214378 0.214378 0.214378
 0.061264 0.290617 0.290617 0.290617 0.290617
 0.0114633 0.0543784 0.0543784 0.0543784 0.0543784
 0.00264325 0.0125387 0.0125387 0.0125387 0.0125387
 0.0299387 0.14202 0.14202 0.14202 0.14202
 0.0191049 0.0906276 0.0906276 0.0906276 0.0906276
 0.0373655 0.17725 0.17725 0.17725 0.17725
 0.0398585 0.189076 0.189076 0.189076 0.189076
 0.0309578 0.146854 0.146854 0.146854 0.146854
 0.0662874 0.314446 0.314446 0.314446 0.314446
 0.0599124 0.284206 0.284206 0.284206 0.284206
 0.0902922 0.428318 0.428318 0.428318 0.428318
 0.147324 0.698856 0.698856 0.698856 0.698856
 0.118741 0.563269 0.563269 0.563269 0.563269
 0.0492487 0.23362 0.23362 0.23362 0.23362
 0.0433228 0.20551 0.20551 0.20551 0.20551
 0.0320897 0.152224 0.152224 0.152224 0.152224
 0.0263371 0.124935 0.124935 0.124935 0.124935
 0.0252484 0.119771 0.119771 0.119771 0.119771
 0.0119207 0.0565481 0.0565481 0.0565481 0.0565481
 0.0149401 0.0708712 0.0708712 0.0708712 0.0708712
 0.0163032 0.0773374 0.0773374 0.0773374 0.0773374
 0.0158658 0.0752621 0.0752621 0.0752621 0.0752621
 0.0142968 0.0678193 0.0678193 0.0678193 0.0678193
 0.0154251 0.0731718 0.0731718 0.0731718 0.0731718
 0.0212507 0.100807 0.100807 0.100807 0.100807
Np
 64447.7 29787.9 34811.2 8748.61 3876.73
YTP_r0W_actual
 83091.9 252025 119962 188983 109600
YTP_p0W_proyectada
 26423.3 450234 164488 68781.7 136430
 26423.3 136124 231255 74220.8 36497.9
CTP_r0_actual
 10133.2 11667.8 3820.45 4712.8 2462.92
CTP_p0_proyectada
 3222.36 20844.2 5238.47 1715.25 3065.85
 3222.36 6302.05 7364.8 1850.89 820.177
Wmedp
 8.2 21.6 31.4 40.1 44.5
nmprior
 10.8 10.6 4.6 0
nm_flota  nm_reclas  nm_pelaces    nm_pelaL
inf 10.3371 17.4885 54.9357
cv_recla  cv_pelaces  cv_mph
0.726129 0.479702 0.597756
 ------------------------------------------------
Talla a la edad & desviaci?n 
 7.2 14.2025 17.0495 18.207 18.6776
 1.08 2.13037 2.55742 2.73105 2.80164
