years
 1997 1998 1999 2000 2001 2002 2003 2004 2005 2006 2007 2008 2009 2010 2011 2012 2013 2014 2015 2016 2017 2018 2019 2020 2021 2022 2023
reclasobs
 0 0 0 370054 412103 1.49427e+06 250295 1.28982e+06 931140 785840 897777 1.04006e+06 184774 17550 25797 100020 73551 82996 120727 218422 84188 347160 605670 569463 516374 1.08416e+06 1.01767e+06
reclaspred
 447764 128164 412847 283576 361731 408795 887444 610109 740309 667118 530898 360632 219809 105746 77284.5 72021.2 77698 108391 124757 183703 273480 270883 484513 624244 718968 665601 676382
pelacesobs
 0 0 0 0 0 0 0 0 0 2.06254e+06 1.5e+06 0 1.87456e+06 323000 250000 174000 83755 137374 0 501740 490994 745055 786931 1.00524e+06 1.33801e+06 1.41789e+06 0
pelacespred
 1.66623e+06 415376 809020 859066 935534 879143 2.14643e+06 1.8142e+06 1.97062e+06 1.79166e+06 1.28953e+06 906307 550699 223818 160970 159571 179196 248797 290221 418675 703604 663283 983213 1.45381e+06 1.6655e+06 1.70245e+06 1.62615e+06
mphobs
 0 0 0 0 0 0 112323 0 153150 637223 0 255016 313432 73983 77613 109348 50772 17779 17303 59886 28197 0 207744 136588 643089 65757 70829
mphpred
 141423 93766.2 119645 153465 144625 197985 292495 338662 307728 335277 306007 218255 133025 102334 50847.2 43726.8 44163 56404.7 27438 33254.3 52670.4 66347.3 89290.5 132818 171354 168744 150683
desembarqueobs
 350755 77701 442110 56441 14545 235359 269955 359681 431902 328805 639364 411747 362871 311530 167758 66681 60226 58785 57116 73181 50977 67692 138656 160484 209506 203330 245020
desembarquepred
 350768 77705.7 442169 56443.8 14545.2 235433 269992 359711 431928 328855 639678 412039 363387 312068 167828 66707.5 60263.7 58791.2 57110.4 73184.5 50977.8 67686.3 138661 160491 209524 203342 245018
Reclutas
 63815 77865.4 47473.2 64253.1 97806.6 73257.9 122335 124129 169626 143342 70412.5 42240.1 41290.9 25080.3 19216.8 18947.1 14487.9 20278.3 26833.1 40766.8 56646 84685.4 120226 155538 58244 83411.8 153550
log_desv_Rt
 0.0637434 0.262738 -0.232079 0.0705852 0.490748 0.201741 0.714518 0.729078 1.04135 0.872988 0.162126 -0.348874 -0.371601 -0.87016 -1.13646 -1.15059 -1.41893 -1.08269 -0.80261 -0.384377 -0.0554242 0.346699 0.697129 0.954646 -0.0276037 0.331545 0.941779
SSB
 763239 506042 645706 828227 780517 1.0685e+06 1.54038e+06 1.81063e+06 1.6297e+06 1.77758e+06 1.65147e+06 1.17789e+06 736375 387907 198255 172459 180650 222429 289229 365844 553503 681198 939173 1.34196e+06 1.87478e+06 1.89256e+06 1.59994e+06
BT
 2.63909e+06 714720 1.37822e+06 1.26763e+06 1.32635e+06 1.42429e+06 3.2027e+06 2.95731e+06 3.16464e+06 2.83471e+06 2.39209e+06 1.65482e+06 1.13221e+06 616221 369764 279933 302811 397050 456583 647043 1.03074e+06 995033 1.47623e+06 2.17525e+06 2.50393e+06 2.57301e+06 2.498e+06
Ftot
 0.395321 0.296295 0.416516 0.0800803 0.0178592 0.199197 0.129011 0.251543 0.266151 0.197521 0.41132 0.377412 0.588855 1.02956 0.911285 0.369961 0.318644 0.234932 0.186518 0.175127 0.0818943 0.101805 0.110308 0.107669 0.096689 0.105764 0.146414
BD_Bspro_t
 0.953004 0.784715 0.754526 0.647216 0.743999 0.839598 0.804623 0.812136 0.769421 0.74793 0.711845 0.567846 0.458291 0.346059 0.23445 0.250042 0.334208 0.468274 0.590707 0.694397 0.787916 0.855419 0.871192 0.875114 0.879586 0.847632 0.824513
BD_Bspro
 0.617181 0.409202 0.522139 0.669732 0.631152 0.864022 1.2456 1.46413 1.31783 1.43741 1.33544 0.952481 0.595458 0.313674 0.160315 0.139456 0.14608 0.179863 0.23388 0.295834 0.447581 0.550839 0.759447 1.08516 1.51601 1.53039 1.29376
BD_Bo
 0.316453 0.209814 0.267721 0.343398 0.323616 0.443018 0.638667 0.750719 0.675701 0.737017 0.684731 0.488374 0.305314 0.160833 0.0822 0.0715048 0.0749008 0.0922229 0.11992 0.151686 0.229492 0.282437 0.389398 0.556403 0.777318 0.78469 0.663363
BD_Brms
 0.575369 0.38148 0.486766 0.624359 0.588394 0.805487 1.16121 1.36494 1.22855 1.34003 1.24497 0.887953 0.555117 0.292424 0.149454 0.130009 0.136183 0.167678 0.218036 0.275792 0.417259 0.513522 0.707997 1.01164 1.41331 1.42671 1.20611
S_f
 0.192908 1 1 1 1
 0.192908 1 1 1 1
 0.192908 1 1 1 1
 0.192908 1 1 1 1
 0.192908 1 1 1 1
 0.192908 1 1 1 1
 0.192908 1 1 1 1
 0.192908 1 1 1 1
 0.192908 1 1 1 1
 0.192908 1 1 1 1
 0.192908 1 1 1 1
 0.192908 1 1 1 1
 0.192908 1 1 1 1
 0.192908 1 1 1 1
 0.192908 1 1 1 1
 0.192908 1 1 1 1
 0.192908 1 1 1 1
 0.192908 1 1 1 1
 0.192908 1 1 1 1
 0.192908 1 1 1 1
 0.192908 1 1 1 1
 0.192908 1 1 1 1
 0.192908 1 1 1 1
 0.192908 1 1 1 1
 0.192908 1 1 1 1
 0.192908 1 1 1 1
 0.192908 1 1 1 1
Scru_reclas
 1 1 1 1 1
 1 1 1 1 1
 1 1 1 1 1
 1 1 1 1 1
 1 1 1 1 1
 1 1 1 1 1
 1 1 1 1 1
 1 1 1 1 1
 1 1 1 1 1
 1 1 1 1 1
 1 1 1 1 1
 1 1 1 1 1
 1 1 1 1 1
 1 1 1 1 1
 1 1 1 1 1
 1 1 1 1 1
 1 1 1 1 1
 1 1 1 1 1
 1 1 1 1 1
 1 1 1 1 1
 1 1 1 1 1
 1 1 1 1 1
 1 1 1 1 1
 1 1 1 1 1
 1 1 1 1 1
 1 1 1 1 1
 1 1 1 1 1
Scru_pelaces
 1 1 1 1 1
 1 1 1 1 1
 1 1 1 1 1
 1 1 1 1 1
 1 1 1 1 1
 1 1 1 1 1
 1 1 1 1 1
 1 1 1 1 1
 1 1 1 1 1
 1 1 1 1 1
 1 1 1 1 1
 1 1 1 1 1
 1 1 1 1 1
 1 1 1 1 1
 1 1 1 1 1
 1 1 1 1 1
 1 1 1 1 1
 1 1 1 1 1
 1 1 1 1 1
 1 1 1 1 1
 1 1 1 1 1
 1 1 1 1 1
 1 1 1 1 1
 1 1 1 1 1
 1 1 1 1 1
 1 1 1 1 1
 1 1 1 1 1
pf_obs 
 0.256992 0.487395 0.22802 0.0275931 0
 0.321318 0.546541 0.124235 0.00734118 0.000564706
 0.182869 0.594174 0.210203 0.0122559 0.00049798
 0.330522 0.361315 0.267642 0.0388342 0.00168674
 0.649043 0.306663 0.0425973 0.00169635 0
 0.582887 0.30429 0.105238 0.00758474 0
 0.465427 0.430635 0.0974691 0.00646863 0
 0.296916 0.608066 0.0921331 0.00288517 0
 0.311714 0.524322 0.152257 0.0117073 0
 0.15457 0.633149 0.183074 0.0267441 0.00246327
 0.131901 0.49318 0.331252 0.0422183 0.00144891
 0.196976 0.569456 0.194076 0.0375587 0.00193317
 0.518974 0.381816 0.0799577 0.0180837 0.00116848
 0.0928022 0.601141 0.25162 0.0475244 0.00691264
 0.122501 0.610282 0.24278 0.0234846 0.000952079
 0.383417 0.481906 0.127806 0.00687128 0
 0.0376549 0.599619 0.316969 0.0457579 0
 0.0361596 0.667082 0.258105 0.0386534 0
 0.158088 0.579412 0.248529 0.0139706 0
 0.0477256 0.309471 0.559284 0.082774 0.000745712
 0.0406174 0.521527 0.379366 0.0568643 0.0016247
 0.151134 0.462217 0.34131 0.0453401 0
 0.294876 0.26143 0.354403 0.0886775 0.000613685
 0.281977 0.475581 0.204845 0.0348837 0.00271318
 0.0841818 0.532909 0.334909 0.0458182 0.00218182
 0.115287 0.27431 0.454777 0.147771 0.00785563
 0 0 0 0 0
pf_pred 
 0.379444 0.43865 0.162753 0.0191423 1.05898e-05
 0.309806 0.546708 0.101425 0.0376319 0.00442855
 0.173704 0.601026 0.178439 0.0331039 0.013728
 0.250295 0.427027 0.234707 0.0696823 0.0182884
 0.279596 0.462625 0.146829 0.080702 0.030248
 0.173303 0.553694 0.175315 0.0556422 0.0420454
 0.277138 0.392865 0.221021 0.0699817 0.0389945
 0.230217 0.522078 0.134624 0.075738 0.0373432
 0.27959 0.457535 0.178286 0.0459733 0.0386164
 0.204559 0.5525 0.154292 0.0601225 0.0285258
 0.119203 0.522647 0.248765 0.0694706 0.0399142
 0.116516 0.405884 0.283398 0.134889 0.0593124
 0.182501 0.367029 0.206952 0.144499 0.0990195
 0.181454 0.494865 0.145321 0.0819406 0.0964186
 0.241915 0.496829 0.157947 0.0463823 0.0569271
 0.271812 0.524411 0.13355 0.0424568 0.0277701
 0.198762 0.55828 0.174968 0.0445586 0.023431
 0.27297 0.435073 0.203428 0.0637554 0.0247742
 0.282071 0.491319 0.135609 0.0634069 0.027594
 0.309562 0.475892 0.146826 0.0405255 0.0271947
 0.291464 0.507127 0.138824 0.042831 0.0197548
 0.296391 0.484627 0.156734 0.0429051 0.0193429
 0.28919 0.494561 0.148946 0.0481708 0.0191314
 0.268743 0.50398 0.158133 0.0476247 0.0215195
 0.0929408 0.60477 0.208336 0.0653695 0.028583
 0.173545 0.29497 0.354361 0.122073 0.0550508
 0.290614 0.378226 0.118194 0.141992 0.0709735
pobs_RECLAS
 0 0 0 0 0
 0 0 0 0 0
 0 0 0 0 0
 0 0 0 0 0
 0.835266 0.146461 0.0176864 0.000547809 3.91292e-05
 0.385257 0.428462 0.181853 0.0044286 0
 0.867414 0.0963971 0.0333333 0.00285562 0
 0.441836 0.489002 0.0689373 0.000224442 0
 0.779404 0.147425 0.0564933 0.0165055 0.000172143
 0.814271 0.122319 0.05973 0.00367925 0
 0.40263 0.566651 0.0304383 0.000280538 0
 0.475488 0.404961 0.113038 0.00651328 0
 0.955842 0.0263864 0.0167828 0.000988607 0
 0.975058 0.0227948 0.00214734 0 0
 0.738997 0.206755 0.0527124 0.00153531 0
 0.850938 0.134255 0.0134407 0.00136685 0
 0.542534 0.407297 0.0501686 0 0
 0.764087 0.199537 0.0359546 0.000420521 0
 0.470689 0.182191 0.310203 0.0369168 0
 0.84361 0.089868 0.0606195 0.00523954 0.000663233
 0.607945 0.314616 0.071237 0.00620181 0
 0.523733 0.453247 0.0230204 0 0
 0.530135 0.295979 0.169645 0.0042399 0
 0.562478 0.366248 0.0663022 0.0049721 0
 0.250443 0.683176 0.0655157 0.000865301 0
 0.195077 0.31981 0.436473 0.0351445 0.0134964
 0.565238 0.351407 0.0832357 0.000118908 0
ppred_RECLAS
 0.764615 0.166386 0.0617343 0.00726092 4.01685e-06
 0.70303 0.235233 0.0436403 0.0161919 0.00190548
 0.527998 0.343322 0.101929 0.0189098 0.0078418
 0.634715 0.208064 0.114359 0.0339519 0.00891081
 0.66817 0.213092 0.0676319 0.0371726 0.0139327
 0.523482 0.319156 0.101054 0.0320728 0.0242355
 0.666748 0.181118 0.101894 0.0322627 0.0179771
 0.611272 0.26364 0.0679831 0.0382464 0.0188577
 0.671336 0.208736 0.0813372 0.0209739 0.0176175
 0.574014 0.295883 0.0826289 0.0321977 0.0152766
 0.418559 0.345015 0.164217 0.0458597 0.0263486
 0.411648 0.270296 0.188728 0.0898288 0.0394988
 0.546589 0.203566 0.114782 0.0801437 0.0549193
 0.556574 0.268081 0.0787241 0.0443892 0.0522323
 0.640493 0.235611 0.0749031 0.0219959 0.0269965
 0.664336 0.241732 0.0615609 0.0195708 0.0128008
 0.567171 0.301583 0.0945179 0.0240705 0.0126574
 0.663529 0.201353 0.0941468 0.0295062 0.0114656
 0.672914 0.223843 0.0617829 0.0288879 0.0125717
 0.701144 0.20599 0.0635537 0.0175415 0.0117713
 0.681646 0.227859 0.0623752 0.0192445 0.0088761
 0.687006 0.215582 0.0697214 0.0190859 0.0086045
 0.679582 0.222938 0.0671418 0.0217144 0.00862403
 0.657014 0.236385 0.0741702 0.0223377 0.0100934
 0.348005 0.434709 0.149752 0.0469877 0.0205455
 0.522537 0.170411 0.204723 0.0705247 0.0318042
 0.68153 0.1698 0.0530618 0.0637456 0.0318626
pobs_PELACES
 0 0 0 0 0
 0 0 0 0 0
 0 0 0 0 0
 0 0 0 0 0
 0 0 0 0 0
 0 0 0 0 0
 0 0 0 0 0
 0 0 0 0 0
 0 0 0 0 0
 0 0 0 0 0
 0.450072 0.473896 0.0757376 0.000293798 0
 0 0 0 0 0
 0.463077 0.371075 0.160297 0.00555027 0
 0.529543 0.364841 0.0842815 0.0213345 0
 0.631943 0.363953 0.00410389 0 0
 0.735681 0.248677 0.0153453 0.000297389 0
 0.695825 0.281241 0.0229344 0 0
 0.275771 0.60734 0.115278 0.00161068 0
 0 0 0 0 0
 0.896147 0.0623911 0.0374545 0.00400742 0
 0.803859 0.145111 0.0509908 3.86294e-05 0
 0.739449 0.233085 0.0266225 0.000797448 4.60066e-05
 0.878498 0.100942 0.0204185 0.000141795 0
 0.694673 0.275183 0.0284847 0.00165964 0
 0.469039 0.446079 0.0841089 0.000773354 0
 0.822795 0.102175 0.0682046 0.00682512 0
 0 0 0 0 0
ppred_PELACES
 0.783035 0.153365 0.0569034 0.00669272 3.70251e-06
 0.719237 0.222394 0.0412585 0.0153082 0.00180148
 0.555531 0.323295 0.0959831 0.0178067 0.00738437
 0.639645 0.205256 0.112815 0.0334937 0.00879053
 0.669224 0.212416 0.0674171 0.0370546 0.0138884
 0.536697 0.310305 0.0982515 0.0311834 0.0235634
 0.674339 0.176992 0.0995736 0.0315279 0.0175677
 0.627068 0.252928 0.0652206 0.0366923 0.0180914
 0.686782 0.198926 0.0775145 0.0199881 0.0167895
 0.586825 0.286985 0.080144 0.0312294 0.0148171
 0.445433 0.329069 0.156627 0.0437401 0.0251308
 0.436191 0.259021 0.180855 0.0860817 0.0378511
 0.585097 0.186277 0.105034 0.073337 0.050255
 0.622808 0.228038 0.0669652 0.0377588 0.0444304
 0.694282 0.200359 0.0636961 0.0187049 0.0229573
 0.685941 0.226172 0.0575985 0.0183111 0.0119769
 0.587875 0.287157 0.0899968 0.0229192 0.012052
 0.677352 0.19308 0.0902789 0.0282939 0.0109945
 0.683753 0.216426 0.0597356 0.0279306 0.0121551
 0.710825 0.199317 0.061495 0.0169732 0.0113899
 0.68636 0.224484 0.0614515 0.0189595 0.00874465
 0.692807 0.211586 0.0684293 0.0187322 0.00844503
 0.685945 0.218511 0.0658084 0.0212831 0.00845276
 0.663447 0.231951 0.0727791 0.0219187 0.00990411
 0.353871 0.430799 0.148405 0.0465649 0.0203606
 0.52956 0.167905 0.201712 0.0694873 0.0313364
 0.689934 0.165319 0.0516617 0.0620635 0.0310219
pobs_pel_tallas
 0 0 0 0 0 0 0 0 0 0 0 0 0 0 0 0 0 0 0 0 0 0 0 0 0 0 0 0 0 0 0 0 0 0 0 0
 0 0 0 0 0 0 0 0 0 0 0 0 0 0 0 0 0 0 0 0 0 0 0 0 0 0 0 0 0 0 0 0 0 0 0 0
 0 0 0 0 0 0 0 0 0 0 0 0 0 0 0 0 0 0 0 0 0 0 0 0 0 0 0 0 0 0 0 0 0 0 0 0
 0 0 0 0 0 0 0 0 0 0 0 0 0 0 0 0 0 0 0 0 0 0 0 0 0 0 0 0 0 0 0 0 0 0 0 0
 0 0 0 0 0 0 0 0 0 0 0 0 0 0 0 0 0 0 0 0 0 0 0 0 0 0 0 0 0 0 0 0 0 0 0 0
 0 0 0 0 0 0 0 0 0 0 0 0 0 0 0 0 0 0 0 0 0 0 0 0 0 0 0 0 0 0 0 0 0 0 0 0
 0 0 0 0 0 0 0 0 0 0 0 0 0 0 0 0 0 0 0 0 0 0 0 0 0 0 0 0 0 0 0 0 0 0 0 0
 0 0 0 0 0 0 0 0 0 0 0 0 0 0 0 0 0 0 0 0 0 0 0 0 0 0 0 0 0 0 0 0 0 0 0 0
 0 0 0 0 0 0 0 0 0 0 0 0 0 0 0 0 0 0 0 0 0 0 0 0 0 0 0 0 0 0 0 0 0 0 0 0
 0 0 0 0 0 0 0 0 0 0 0 0 0 0 0 0 0 0 0 0 0 0 0 0 0 0 0 0 0 0 0 0 0 0 0 0
 0 0 0 0 0 0 0 0 1.78061e-05 0.00172719 0.00360574 0.0105946 0.0120993 0.0124554 0.0147524 0.0171206 0.0266825 0.0428682 0.0675386 0.121331 0.153587 0.119568 0.100827 0.0573624 0.0630603 0.0341343 0.0324427 0.0444173 0.0211091 0.0280891 0.0125444 0.00206551 0 0 0 0
 0 0 0 0 0 0 0 0 0 0 0 0 0 0 0 0 0 0 0 0 0 0 0 0 0 0 0 0 0 0 0 0 0 0 0 0
 0 0 0 0 0 0 0.0133647 0.0140871 0.0187388 0.0205184 0.03894 0.0496705 0.03968 0.0493445 0.0407372 0.0367815 0.0215668 0.0243155 0.0234873 0.0199281 0.019796 0.0243948 0.0301388 0.0376714 0.0412746 0.0863199 0.0771752 0.113111 0.0741005 0.0525337 0.0229764 0.00759418 0.00175318 0 0 0
 0 0 0 0 0 0 0 0 0 0 0.00219441 0.00772107 0.0458388 0.0604681 0.0671733 0.0775358 0.0609151 0.0617685 0.073594 0.0568108 0.0755445 0.0548602 0.0670107 0.0636378 0.0643287 0.046367 0.0373049 0.0286899 0.0247887 0.0153202 0.00654259 0.00121912 0.000365735 0 0 0
 0 0 0 0 0 0 0 0 0 0 0 0 0.000112435 0.00938835 0.0111873 0.0202946 0.0414886 0.0713402 0.111592 0.104902 0.108894 0.110636 0.117776 0.105296 0.107544 0.0401394 0.0192827 0.0124803 0.00416011 0.0028671 0.000618394 0 0 0 0 0
 0 0 0 0 0 0 0 0 0 0 0.00291406 0.0102884 0.027416 0.0768956 0.0749926 0.110853 0.0956884 0.0897413 0.0766577 0.0534642 0.0500743 0.0551293 0.0594112 0.0620874 0.0668451 0.0424026 0.0208742 0.0120726 0.0048766 0.00582813 0.00118941 0.000297354 0 0 0 0
 0 0.00264628 0.0354308 0.0461629 0.0458689 0.0383711 0.0214643 0.0164657 0.0346957 0.0420465 0.0363128 0.0245516 0.0311673 0.0291091 0.0169068 0.0133784 0.00837989 0.0085269 0.0148486 0.0160247 0.0276389 0.0546898 0.0760071 0.122758 0.109233 0.0665981 0.0333725 0.0166128 0.00676272 0.00308733 0.000882094 0 0 0 0 0
 0 0 0 0 0 0 0 0.000805153 0.000690131 0.00759144 0.0133425 0.0154129 0.00931677 0.000345066 0.00356568 0.00563607 0.00851162 0.0253048 0.0502646 0.0516448 0.0657925 0.0565908 0.0611916 0.0827007 0.0866115 0.110766 0.145733 0.0935128 0.0569358 0.0249597 0.0138026 0.00621118 0.00161031 0.00115022 0 0
 0 0 0 0 0 0 0 0 0 0 0 0 0 0 0 0 0 0 0 0 0 0 0 0 0 0 0 0 0 0 0 0 0 0 0 0
 0.00147267 0.00158595 0.00478618 0.00569244 0.00954404 0.0108468 0.00647125 0.017049 0.0510054 0.094081 0.124002 0.0959785 0.0687766 0.0820023 0.061753 0.0591476 0.0492212 0.0479892 0.0443925 0.0268479 0.0217502 0.0140895 0.0121071 0.0120363 0.00920419 0.00665534 0.0049561 0.00860946 0.00930331 0.0156896 0.0114698 0.00855282 0.00243557 0.00046729 0 2.83206e-05
 0 0 0 0 0.000772559 0.00158375 0.000888443 0.00281984 0.00712685 0.0440552 0.0773331 0.111326 0.0921469 0.0852325 0.0710754 0.0886704 0.0786465 0.0553345 0.0373146 0.0185414 0.00753245 0.00457741 0.012979 0.0271748 0.0457355 0.0583668 0.034881 0.0177882 0.00938659 0.00492506 0.0015258 0.00185414 0.000309023 5.79419e-05 3.86279e-05 0
 0 0.00173294 0.00326652 0 0.00397197 0.00683976 0.00946217 0.0152591 0.00757587 0.0136028 0.0228656 0.0392903 0.0559909 0.0764795 0.0681675 0.0726916 0.0566044 0.0477403 0.0527397 0.0444891 0.0609904 0.0582453 0.0661739 0.0445044 0.0529084 0.0360697 0.0280645 0.0235558 0.0158879 0.00826598 0.00280645 0.00217768 0.000904811 0.00058276 9.20147e-05 0
 0 0 0 0 0 0 0 0 0 0 0 0 0 0 0 0 0 0 0 0 0 0 0 0 0 0 0 0 0 0 0 0 0 0 0 0
 0 0 0 0 0 0 0 0 0 0 0 0 0 0 0 0 0 0 0 0 0 0 0 0 0 0 0 0 0 0 0 0 0 0 0 0
 0 0 0 0 0 0 0 0 0 0 0 0 0 0 0 0 0 0 0 0 0 0 0 0 0 0 0 0 0 0 0 0 0 0 0 0
 0 0 0 0 0 0 0 0 0 0 0 0 0 0 0 0 0 0 0 0 0 0 0 0 0 0 0 0 0 0 0 0 0 0 0 0
 0 0 0 0 0 0 0 0 0 0 0 0 0 0 0 0 0 0 0 0 0 0 0 0 0 0 0 0 0 0 0 0 0 0 0 0
ppred_pel_tallas
 1.01088e-16 3.4163e-05 0.000200514 0.000953161 0.00366974 0.0114437 0.028906 0.0591452 0.098039 0.131661 0.143267 0.126357 0.0904168 0.0527004 0.0254505 0.0109971 0.00560015 0.00486089 0.00608479 0.00809116 0.0104015 0.012732 0.0148238 0.0164359 0.0173854 0.0175861 0.0170636 0.0159414 0.0144039 0.0126499 0.010853 0.00913737 0.00757422 0.00619107 0.00498834 0.00395437
 1.01269e-16 3.13838e-05 0.000184191 0.000875549 0.00337089 0.0105118 0.026552 0.0543294 0.0900587 0.120951 0.131632 0.116141 0.0832057 0.0486974 0.0238911 0.0109618 0.00650761 0.00651002 0.00849195 0.0113317 0.0145122 0.0176606 0.0204099 0.0224188 0.0234382 0.0233668 0.0222722 0.0203662 0.0179465 0.0153242 0.0127613 0.0104348 0.00843035 0.0067601 0.00539096 0.00427208
 1.02425e-16 2.42497e-05 0.000142298 0.000676362 0.00260393 0.00812004 0.0205108 0.0419694 0.069575 0.0934555 0.101746 0.0898619 0.0645757 0.0381909 0.0194777 0.0101888 0.00777025 0.00917372 0.0124997 0.0168316 0.0216432 0.0264496 0.0307277 0.0339778 0.0358243 0.0360988 0.0348716 0.0324189 0.029143 0.0254713 0.0217701 0.0182944 0.0151798 0.0124655 0.0101324 0.00813755
 1.0323e-16 2.79127e-05 0.000163814 0.000778676 0.00299791 0.00934866 0.023614 0.048318 0.0800944 0.107571 0.117074 0.103306 0.0740342 0.0433772 0.0213723 0.00996615 0.00614996 0.00636927 0.00844229 0.0113916 0.0147733 0.0182633 0.0215307 0.0242522 0.0261698 0.0271407 0.0271588 0.0263392 0.0248741 0.022978 0.020842 0.0186083 0.016368 0.0141749 0.0120637 0.0100651
 1.02949e-16 2.92026e-05 0.000171387 0.000814677 0.00313652 0.00978091 0.0247059 0.050552 0.0837974 0.112543 0.122484 0.108076 0.0774417 0.0453525 0.0223047 0.0103293 0.00627038 0.00639973 0.00842426 0.0113113 0.0145885 0.0179136 0.0209438 0.0233535 0.0248945 0.0254484 0.0250462 0.0238473 0.0220885 0.0200206 0.0178551 0.0157358 0.0137368 0.0118795 0.0101588 0.00856418
 1.03669e-16 2.34279e-05 0.000137475 0.000653434 0.00251566 0.00784476 0.0198154 0.0405466 0.0672163 0.0902873 0.098297 0.0868158 0.0623874 0.0368981 0.0188216 0.0098525 0.00752572 0.00890002 0.0121461 0.016386 0.0211211 0.025893 0.0302061 0.0335837 0.0356642 0.0362787 0.0354806 0.0335148 0.030742 0.0275446 0.0242475 0.0210733 0.0181377 0.015474 0.0130695 0.0108986
 1.03376e-16 2.94243e-05 0.000172691 0.000820885 0.00316043 0.00985549 0.0248942 0.0509371 0.0844348 0.113396 0.123405 0.108869 0.0779696 0.0455799 0.0222654 0.0100595 0.00577117 0.00563893 0.00735947 0.00991603 0.0128745 0.0159456 0.0188443 0.0212932 0.0230694 0.0240474 0.024217 0.0236694 0.0225605 0.0210644 0.0193348 0.0174847 0.0155861 0.0136825 0.0118052 0.00998584
 1.03115e-16 2.73661e-05 0.000160601 0.000763391 0.00293904 0.00916507 0.0231504 0.0473696 0.0785238 0.105465 0.114794 0.101321 0.0726684 0.0426919 0.0212472 0.0102611 0.00680002 0.00738665 0.00987296 0.0132689 0.0170826 0.0209206 0.0243767 0.0270652 0.0286967 0.0291405 0.028448 0.0268261 0.024574 0.0220056 0.0193834 0.0168829 0.0145895 0.0125195 0.0106525 0.00895937
 1.02637e-16 2.99678e-05 0.00017588 0.000836039 0.00321877 0.0100374 0.0253538 0.0518776 0.0859942 0.115492 0.125689 0.110892 0.0794368 0.0464737 0.0227685 0.0103968 0.00611188 0.00608212 0.00795391 0.010675 0.0137774 0.0169339 0.0198211 0.0221304 0.0236246 0.0241864 0.023838 0.022723 0.0210588 0.0190796 0.0169864 0.01492 0.0129585 0.0111317 0.00944355 0.00789095
 1.02997e-16 2.56127e-05 0.000150304 0.00071443 0.00275052 0.00857716 0.0216654 0.0443315 0.0734891 0.0987081 0.107452 0.0948694 0.0681056 0.0401407 0.0202179 0.0101639 0.00725666 0.00825906 0.0111637 0.015025 0.0193384 0.0236679 0.0275519 0.0305502 0.0323319 0.0327471 0.0318546 0.0298919 0.0272042 0.0241559 0.0210555 0.0181129 0.015435 0.0130482 0.0109329 0.00905576
 1.05008e-16 1.94492e-05 0.000114114 0.000542372 0.00208804 0.00651123 0.0164471 0.0336548 0.0557939 0.0749517 0.0816205 0.0721334 0.0519374 0.0309216 0.0161513 0.00907293 0.00768344 0.00957839 0.0132589 0.0179868 0.0233024 0.0287431 0.0337892 0.0379288 0.0407584 0.0420649 0.0418593 0.0403485 0.0378619 0.0347605 0.0313591 0.0278846 0.0244727 0.0211905 0.0180707 0.0151381
 1.07379e-16 1.90434e-05 0.000111738 0.00053109 0.00204462 0.00637586 0.0161051 0.0329545 0.0546312 0.0733848 0.0799008 0.070582 0.0507518 0.0300788 0.0154623 0.00829732 0.00660456 0.00802362 0.0111025 0.015164 0.019836 0.0247699 0.02957 0.0338328 0.0372195 0.0395167 0.0406639 0.0407356 0.0398934 0.0383267 0.036205 0.033657 0.0307749 0.0276343 0.0243169 0.0209218
 1.0642e-16 2.55332e-05 0.000149847 0.000712278 0.00274227 0.00855145 0.0216003 0.0441977 0.0732645 0.0983982 0.107092 0.0945005 0.0677282 0.0396926 0.019577 0.00916629 0.00571447 0.00597958 0.00797876 0.0108345 0.0141602 0.0176803 0.0211112 0.0241709 0.0266266 0.0283369 0.0292682 0.0294805 0.0290894 0.0282221 0.026983 0.0254405 0.0236331 0.0215884 0.0193439 0.0169584
 1.04399e-16 2.71792e-05 0.000159506 0.000758193 0.00291904 0.0091027 0.0229928 0.047047 0.0779884 0.104744 0.114004 0.100612 0.0721336 0.0423252 0.0209676 0.00996634 0.00640019 0.00681235 0.00907401 0.0122175 0.0157826 0.0194167 0.0227596 0.0254672 0.0272775 0.0280652 0.0278619 0.0268325 0.0252194 0.0232755 0.0212081 0.0191504 0.0171622 0.0152518 0.0134055 0.0116119
 1.02685e-16 3.02948e-05 0.0001778 0.000845168 0.00325392 0.010147 0.0256306 0.052444 0.0869331 0.116753 0.12706 0.112101 0.0802997 0.0469726 0.0230013 0.0104827 0.00613238 0.00607437 0.00792662 0.0106229 0.0136884 0.016792 0.0196084 0.02183 0.0232237 0.02368 0.023232 0.0220351 0.0203184 0.0183242 0.0162569 0.0142553 0.0123901 0.0106798 0.0091154 0.00768152
 1.02081e-16 2.99322e-05 0.000175668 0.000835029 0.00321487 0.0100253 0.0253231 0.0518149 0.0858911 0.115356 0.125547 0.110781 0.0793869 0.0465051 0.0228959 0.0106421 0.00650906 0.006673 0.00877743 0.0117531 0.0151006 0.0184508 0.0214343 0.0237038 0.0250007 0.0252113 0.0243887 0.0227285 0.0205119 0.0180348 0.0155473 0.0132189 0.0111346 0.0093122 0.00773064 0.00635549
 1.02722e-16 2.56585e-05 0.000150573 0.000715708 0.00275544 0.00859251 0.0217042 0.0444108 0.0736206 0.0988848 0.107644 0.0950393 0.0682278 0.0402132 0.0202554 0.0101846 0.00727426 0.00828186 0.0111969 0.0150726 0.0194037 0.0237528 0.0276563 0.0306707 0.0324613 0.0328738 0.0319629 0.0299634 0.0272201 0.0240996 0.0209153 0.0178847 0.0151233 0.0126658 0.0104999 0.00859621
 1.02831e-16 2.95564e-05 0.000173465 0.00082456 0.00317458 0.0098996 0.0250056 0.0511652 0.0848133 0.113906 0.123963 0.109369 0.0783439 0.0458319 0.0224498 0.0102454 0.00601746 0.00598914 0.00784292 0.0105465 0.013645 0.0168231 0.0197674 0.0221764 0.0238134 0.0245541 0.0244063 0.0234927 0.0220084 0.0201669 0.0181547 0.0161059 0.0141009 0.0121793 0.0103596 0.00865556
 1.02447e-16 2.98363e-05 0.000175107 0.000832361 0.00320461 0.00999324 0.0252422 0.0516494 0.0856164 0.114986 0.125142 0.110419 0.0791181 0.0463278 0.0227719 0.0105236 0.0063559 0.00645633 0.00847815 0.011362 0.0146214 0.0179032 0.0208559 0.0231474 0.0245283 0.0248854 0.0242615 0.0228336 0.0208587 0.0186079 0.0163099 0.0141194 0.0121143 0.010313 0.00870095 0.00725453
 1.02054e-16 3.10161e-05 0.000182035 0.0008653 0.00333144 0.0103888 0.0262412 0.0536933 0.0890037 0.119533 0.130085 0.114765 0.0821993 0.0480662 0.0235036 0.010655 0.0061535 0.00602703 0.00783407 0.0104822 0.013487 0.016514 0.0192363 0.0213461 0.0226114 0.0229254 0.0223258 0.0209745 0.019109 0.0169815 0.0148066 0.0127323 0.0108359 0.00913983 0.00763436 0.00629939
 1.02006e-16 2.99504e-05 0.000175775 0.000835538 0.00321683 0.0100314 0.0253385 0.0518465 0.0859434 0.115426 0.125623 0.110847 0.0794325 0.0465282 0.0229006 0.0106334 0.00648939 0.00664256 0.00873547 0.0116996 0.0150372 0.0183816 0.0213656 0.0236434 0.0249564 0.0251893 0.0243917 0.0227549 0.0205556 0.0180863 0.0155952 0.0132525 0.0111456 0.00929591 0.00768669 0.00628738
 1.02079e-16 3.0231e-05 0.000177424 0.000843378 0.00324703 0.0101255 0.0255763 0.052333 0.0867494 0.116507 0.126796 0.111874 0.0801512 0.0469141 0.0230254 0.0105826 0.00631256 0.00635034 0.00831793 0.0111449 0.0143444 0.0175677 0.0204686 0.0227195 0.0240725 0.0244125 0.0237775 0.0223379 0.0203446 0.0180653 0.0157289 0.0134946 0.0114478 0.00961545 0.00799045 0.00655391
 1.02132e-16 2.9932e-05 0.000175668 0.00083503 0.00321488 0.0100253 0.0253231 0.051815 0.085891 0.115355 0.125544 0.110775 0.0793746 0.0464817 0.0228544 0.0105732 0.00640135 0.00651448 0.00855806 0.0114682 0.0147546 0.0180599 0.021027 0.0233188 0.024681 0.0249975 0.0243105 0.0227995 0.0207265 0.0183699 0.0159667 0.0136806 0.0115974 0.00974158 0.00810224 0.00665637
 1.02325e-16 2.89516e-05 0.000169911 0.000807655 0.00310948 0.00969658 0.0244929 0.0501163 0.0830759 0.111576 0.121437 0.107163 0.0768134 0.0450362 0.0222451 0.0104623 0.00656743 0.00686938 0.009093 0.0122028 0.0157078 0.0192357 0.0224091 0.0248698 0.026347 0.0267155 0.0260182 0.0244427 0.0222647 0.0197774 0.0172313 0.0147994 0.0125737 0.0105817 0.00881412 0.00724894
 1.04799e-16 1.54608e-05 9.06896e-05 0.000430987 0.00165914 0.0051737 0.0130688 0.0267433 0.0443409 0.0595816 0.0649237 0.0574746 0.0415946 0.0251888 0.0139353 0.00905974 0.00904611 0.0120373 0.0168472 0.0228214 0.029442 0.0361138 0.0421543 0.0468995 0.0498419 0.0507399 0.0496598 0.046934 0.0430579 0.038561 0.0338965 0.0293805 0.0251839 0.021365 0.0179185 0.0148185
 1.0677e-16 2.31111e-05 0.000135628 0.00064468 0.002482 0.00773984 0.0195503 0.040003 0.0663114 0.0890609 0.0969329 0.0855423 0.0613231 0.0359703 0.0178026 0.00844561 0.00542843 0.0058356 0.00789507 0.010837 0.0143342 0.0181525 0.0220372 0.0257156 0.0289361 0.0315063 0.0333129 0.0343186 0.0345414 0.0340296 0.0328433 0.0310483 0.0287224 0.0259642 0.0228991 0.0196749
 1.0437e-16 3.01037e-05 0.000176681 0.000839857 0.00323349 0.0100833 0.0254696 0.0521144 0.0863857 0.116015 0.12625 0.111368 0.0797354 0.0465638 0.0226552 0.0100802 0.00556381 0.00524856 0.00677326 0.00910048 0.0117987 0.0145953 0.0172307 0.019458 0.0210855 0.022014 0.0222513 0.0218949 0.0210934 0.0200008 0.0187399 0.0173851 0.0159667 0.0144884 0.0129496 0.0113612
pSPR Fmed_Fpbrs
0.443367   0.6 0.325
Fs Fmed_Fpbrs
0.64   0.345169 1.0543
SSBpbr Bo_Bmed_Bpbrs
2.41186e+06  948746  1.32652e+06 663261
Ro
59874.1
SPR SPRFo_SPRFmed_SPRFpbrs
1.23665e+06 548292 401913
log_Ro
10.82
likeval ReclasPelacesDesembMPH_pf_preclas_ppelaces_ptallas_desvR_qrecl_qpela
 67.2378 18.0728 0.0334301 55.1147 339.679 222.359 55.7336 0 18.6896 7.62872e-05 2.89491e-06 2.54569e-15 0 0 0
q_reclas_q_pelaces
0.290056 1.27388
M
0.7
N
 63815 16288.4 6043.52 710.811 0.393231
 77865.4 29362.8 5447.37 2021.15 237.85
 47473.2 36518.7 10842.1 2011.41 834.123
 64253.1 21754.4 11956.9 3549.89 931.681
 97806.6 31418 9971.55 5480.68 2054.21
 73257.9 48402.3 15325.6 4864.08 3675.48
 122335 35007.4 19694.7 6235.91 3474.71
 124129 59256.5 15280.1 8596.36 4238.5
 169626 58721 22881.6 5900.31 4956.12
 143342 80018 22346 8707.48 4131.36
 70412.5 68520.2 32613.6 9107.76 5232.84
 42240.1 32298.6 22551.7 10733.9 4719.84
 41290.9 19502.9 10996.9 7678.29 5261.63
 25080.3 18302.7 5374.74 3030.59 3566.06
 19216.8 10211.1 3246.2 953.273 1169.99
 18947.1 8004.38 2038.45 648.041 423.87
 14487.9 8760.77 2745.68 699.232 367.689
 20278.3 6765.55 3163.38 991.421 385.248
 26833.1 9623.72 2656.24 1241.98 540.498
 40766.8 12854 3965.82 1094.61 734.539
 56646 19571.7 5357.66 1652.99 762.404
 84685.4 27688.6 8954.8 2451.33 1105.14
 120226 41235.7 12418.9 4016.4 1595.14
 155538 58445.5 18338.4 5522.93 2495.57
 58244 75650.2 26060.6 8177.02 3575.42
 83411.8 28388.6 34104.6 11748.6 5298.23
 153550 40584.5 12682.5 15236.1 7615.62
pred_Ctot
 3384.61 3912.72 1451.74 170.748 0.0944602
 3121.25 5508.01 1021.84 379.136 44.617
 2648.15 9162.77 2720.34 504.676 209.287
 708.982 1209.59 664.827 197.381 51.8033
 241.961 400.355 127.066 69.8394 26.1765
 1990.5 6359.53 2013.61 639.086 482.918
 2165.63 3069.96 1727.12 546.857 304.714
 4240.2 9615.8 2479.56 1394.97 687.8
 6123.28 10020.4 3904.62 1006.86 845.734
 3862.53 10432.4 2913.39 1135.25 538.632
 3880.45 17013.8 8098.08 2261.49 1299.33
 2142.06 7461.88 5210.07 2479.84 1090.42
 3209.63 6454.93 3639.66 2541.3 1741.45
 3286.4 8962.74 2631.98 1484.06 1746.28
 2250.61 4622.15 1469.42 431.509 529.609
 942.459 1818.3 463.061 147.211 96.2878
 623.377 1750.93 548.752 139.749 73.4865
 647.864 1032.6 482.812 151.316 58.7987
 683.411 1190.39 328.559 153.625 66.8558
 975.823 1500.14 462.836 127.747 85.7252
 639.102 1111.99 304.403 93.917 43.3171
 1185.74 1938.8 627.028 171.646 77.3831
 1822.66 3117.04 938.753 303.603 120.578
 2302.09 4317.15 1354.59 407.959 184.339
 774.872 5042.13 1736.95 545.002 238.304
 1212.92 2061.58 2476.67 853.183 384.756
 3080.33 4008.97 1252.79 1505.03 752.277
F
 0.0762604 0.395321 0.395321 0.395321 0.395321
 0.0571576 0.296295 0.296295 0.296295 0.296295
 0.0803491 0.416516 0.416516 0.416516 0.416516
 0.0154481 0.0800803 0.0800803 0.0800803 0.0800803
 0.00344518 0.0178592 0.0178592 0.0178592 0.0178592
 0.0384267 0.199197 0.199197 0.199197 0.199197
 0.0248871 0.129011 0.129011 0.129011 0.129011
 0.0485245 0.251543 0.251543 0.251543 0.251543
 0.0513425 0.266151 0.266151 0.266151 0.266151
 0.0381032 0.197521 0.197521 0.197521 0.197521
 0.0793468 0.41132 0.41132 0.41132 0.41132
 0.0728056 0.377412 0.377412 0.377412 0.377412
 0.113595 0.588855 0.588855 0.588855 0.588855
 0.198611 1.02956 1.02956 1.02956 1.02956
 0.175794 0.911285 0.911285 0.911285 0.911285
 0.0713683 0.369961 0.369961 0.369961 0.369961
 0.0614688 0.318644 0.318644 0.318644 0.318644
 0.0453201 0.234932 0.234932 0.234932 0.234932
 0.0359807 0.186518 0.186518 0.186518 0.186518
 0.0337834 0.175127 0.175127 0.175127 0.175127
 0.015798 0.0818943 0.0818943 0.0818943 0.0818943
 0.0196389 0.101805 0.101805 0.101805 0.101805
 0.0212793 0.110308 0.110308 0.110308 0.110308
 0.0207701 0.107669 0.107669 0.107669 0.107669
 0.018652 0.096689 0.096689 0.096689 0.096689
 0.0204027 0.105764 0.105764 0.105764 0.105764
 0.0282443 0.146414 0.146414 0.146414 0.146414
Np
 48321.1 22449.8 26065.5 6121.48 2585.59
YTP_r0W_actual
 58555 187707 85271.1 130823 72565.8
YTP_p0W_proyectada
 18426.9 342844 117048 46711.5 88986.6
 18426.9 103832 175251 52561.5 24636.9
CTP_r0_actual
 7140.85 8690.14 2715.64 3262.42 1630.69
CTP_p0_proyectada
 2247.18 15872.4 3727.64 1164.88 1999.7
 2247.18 4807.06 5581.25 1310.76 553.639
Wmedp
 8.2 21.6 31.4 40.1 44.5
nmprior
 10.8 10.6 4.6 0
nm_flota  nm_reclas  nm_pelaces    nm_pelaL
inf 11.3784 18.9166 61.317
cv_recla  cv_pelaces  cv_mph
0.710129 0.465696 0.595239
 ------------------------------------------------
Talla a la edad & desviaci?n 
 7.2 14.2025 17.0495 18.207 18.6776
 1.08 2.13037 2.55742 2.73105 2.80164
