years
 1997 1998 1999 2000 2001 2002 2003 2004 2005 2006 2007 2008 2009 2010 2011 2012 2013 2014 2015 2016 2017 2018 2019 2020 2021 2022 2023
reclasobs
 0 0 0 370054 412103 1.49427e+06 250295 1.28982e+06 931140 785840 897777 1.04006e+06 184774 17550 25797 100020 73551 82996 120727 218422 84188 347160 605670 569463 516374 1.08416e+06 1.01767e+06
reclaspred
 7.533e+06 1.36373e+06 1.61436e+06 257807 229222 336097 621661 594639 627704 913028 1.01379e+06 711933 392019 138480 81234.7 92496.5 86038.2 95673.6 122896 144426 203428 246301 435101 536119 896023 722443 283915
pelacesobs
 0 0 0 0 0 0 0 0 0 2.06254e+06 1.5e+06 0 1.87456e+06 323000 250000 174000 83755 137374 0 501740 490994 745055 786931 1.00524e+06 1.33801e+06 1.41789e+06 0
pelacespred
 1.24813e+07 5.74174e+06 1.18068e+06 437430 668653 530759 2.00952e+06 1.6376e+06 1.7154e+06 2.61983e+06 2.09392e+06 1.54444e+06 949473 287676 179035 188260 170688 207524 256781 268919 528789 560123 732775 1.15501e+06 1.69859e+06 1.26071e+06 347843
mphobs
 0 0 0 0 0 0 112323 0 153150 637223 0 255016 313432 73983 77613 109348 50772 17779 17303 59886 28197 0 207744 136588 643089 65757 70829
mphpred
 1.34138e+06 560927 224592 68280.8 44651.8 151531 169780 320284 273865 352850 450871 286937 186118 132587 59982.8 48663.3 36566.3 40049.6 37332.8 37629.2 49008.7 75596 91952.7 134733 209724 133808 103742
desembarqueobs
 350755 77701 442110 56441 14545 235359 269955 359681 431902 328805 639364 411747 362871 311530 167758 66681 60226 58785 57116 73181 50977 67692 138656 160484 209506 203330 245020
desembarquepred
 350743 77676.9 441480 56402.4 14541.7 235140 269813 358954 431154 328520 638135 410912 362176 310768 167251 66617.5 60193.9 58665.3 56995.7 73084.2 50950.5 67598.5 138551 160359 209350 203021 244601
Reclutas
 8085.47 11300.9 1333.68 3937.24 38522.7 11515.7 64300.7 49940.1 74147.3 110908 58649.6 55412.3 54686.4 29012.4 13113.7 8960.07 6126.58 7913.33 8983.5 7494.23 15825 19476.6 26784.3 51083.9 8377.74 30024.9 1377.91
log_desv_Rt
 -0.742176 -0.407363 -2.5443 -1.46176 0.819003 -0.38853 1.33133 1.07858 1.47381 1.87645 1.23934 1.18256 1.16937 0.535477 -0.258588 -0.639466 -1.01961 -0.763696 -0.636855 -0.818111 -0.0706554 0.13697 0.455571 1.10122 -0.706666 0.569781 -2.51168
SSB
 1.59334e+06 666291 266780 81106.6 53039.2 179994 191917 372704 310628 406095 535563 340835 233722 127703 62256 50090.6 41385.3 41965.5 54098.2 60236.9 70081 103801 132271 179464 319409 222637 158134
BT
 2.04798e+06 799140 386034 128965 238800 284751 1.0126e+06 862319 1.0072e+06 1.13161e+06 1.1075e+06 821697 672822 386599 201052 107360 98204.6 113990 113645 123804 200037 181437 260553 442442 446959 446513 246308
Ftot
 0.175116 0.301263 1.37457 1.18682 0.354843 1.78105 1.97238 1.82299 2.3683 1.27113 1.82643 1.90642 2.86687 4.95303 4.7774 1.98197 2.07441 2.02027 1.42613 1.54491 0.932229 0.905553 1.0568 1.08779 0.707143 1.20082 2.21735
BD_Bspro_t
 0.975412 0.822882 0.553123 0.17195 0.216873 0.527203 0.368415 0.464542 0.370625 0.394974 0.42282 0.262441 0.19721 0.129382 0.0762719 0.0755871 0.0874962 0.123961 0.192727 0.253294 0.310777 0.46315 0.479548 0.481333 0.550828 0.385153 0.303086
BD_Bspro
 4.54226 1.89945 0.760528 0.231217 0.151203 0.513123 0.547112 1.0625 0.885529 1.15769 1.52677 0.971644 0.666288 0.364052 0.177478 0.142797 0.11798 0.119634 0.154222 0.171722 0.199785 0.295912 0.377075 0.511612 0.910563 0.634688 0.450805
BD_Bo
 2.82851 1.1828 0.473589 0.143981 0.0941555 0.319527 0.340692 0.661627 0.551428 0.720903 0.950734 0.605053 0.414904 0.226699 0.110517 0.0889211 0.0734674 0.0744973 0.0960355 0.106933 0.124408 0.184267 0.234808 0.318586 0.567017 0.395227 0.280721
BD_Brms
 5.14275 2.15055 0.861071 0.261784 0.171192 0.580958 0.61944 1.20296 1.0026 1.31073 1.72861 1.1001 0.754372 0.41218 0.20094 0.161675 0.133577 0.13545 0.17461 0.194424 0.226197 0.335031 0.426924 0.579247 1.03094 0.718594 0.510402
S_f
 0.0767934 0.827275 0.996387 0.999937 0.999999
 0.0767934 0.827275 0.996387 0.999937 0.999999
 0.0767934 0.827275 0.996387 0.999937 0.999999
 0.0767934 0.827275 0.996387 0.999937 0.999999
 0.0767934 0.827275 0.996387 0.999937 0.999999
 0.0767934 0.827275 0.996387 0.999937 0.999999
 0.0767934 0.827275 0.996387 0.999937 0.999999
 0.0767934 0.827275 0.996387 0.999937 0.999999
 0.0767934 0.827275 0.996387 0.999937 0.999999
 0.0767934 0.827275 0.996387 0.999937 0.999999
 0.0767934 0.827275 0.996387 0.999937 0.999999
 0.0767934 0.827275 0.996387 0.999937 0.999999
 0.0767934 0.827275 0.996387 0.999937 0.999999
 0.0767934 0.827275 0.996387 0.999937 0.999999
 0.0767934 0.827275 0.996387 0.999937 0.999999
 0.0767934 0.827275 0.996387 0.999937 0.999999
 0.0767934 0.827275 0.996387 0.999937 0.999999
 0.0767934 0.827275 0.996387 0.999937 0.999999
 0.0767934 0.827275 0.996387 0.999937 0.999999
 0.0767934 0.827275 0.996387 0.999937 0.999999
 0.0767934 0.827275 0.996387 0.999937 0.999999
 0.0767934 0.827275 0.996387 0.999937 0.999999
 0.0767934 0.827275 0.996387 0.999937 0.999999
 0.0767934 0.827275 0.996387 0.999937 0.999999
 0.0767934 0.827275 0.996387 0.999937 0.999999
 0.0767934 0.827275 0.996387 0.999937 0.999999
 0.0767934 0.827275 0.996387 0.999937 0.999999
Scru_reclas
 0.0813673 0.308323 0.691677 0.918633 0.982704
 0.0813673 0.308323 0.691677 0.918633 0.982704
 0.0813673 0.308323 0.691677 0.918633 0.982704
 0.0813673 0.308323 0.691677 0.918633 0.982704
 0.0813673 0.308323 0.691677 0.918633 0.982704
 0.0813673 0.308323 0.691677 0.918633 0.982704
 0.0813673 0.308323 0.691677 0.918633 0.982704
 0.0813673 0.308323 0.691677 0.918633 0.982704
 0.0813673 0.308323 0.691677 0.918633 0.982704
 0.0813673 0.308323 0.691677 0.918633 0.982704
 0.0813673 0.308323 0.691677 0.918633 0.982704
 0.0813673 0.308323 0.691677 0.918633 0.982704
 0.0813673 0.308323 0.691677 0.918633 0.982704
 0.0813673 0.308323 0.691677 0.918633 0.982704
 0.0813673 0.308323 0.691677 0.918633 0.982704
 0.0813673 0.308323 0.691677 0.918633 0.982704
 0.0813673 0.308323 0.691677 0.918633 0.982704
 0.0813673 0.308323 0.691677 0.918633 0.982704
 0.0813673 0.308323 0.691677 0.918633 0.982704
 0.0813673 0.308323 0.691677 0.918633 0.982704
 0.0813673 0.308323 0.691677 0.918633 0.982704
 0.0813673 0.308323 0.691677 0.918633 0.982704
 0.0813673 0.308323 0.691677 0.918633 0.982704
 0.0813673 0.308323 0.691677 0.918633 0.982704
 0.0813673 0.308323 0.691677 0.918633 0.982704
 0.0813673 0.308323 0.691677 0.918633 0.982704
 0.0813673 0.308323 0.691677 0.918633 0.982704
Scru_pelaces
 0.219887 0.586525 0.877133 0.97292 0.9945
 0.219887 0.586525 0.877133 0.97292 0.9945
 0.219887 0.586525 0.877133 0.97292 0.9945
 0.219887 0.586525 0.877133 0.97292 0.9945
 0.219887 0.586525 0.877133 0.97292 0.9945
 0.219887 0.586525 0.877133 0.97292 0.9945
 0.219887 0.586525 0.877133 0.97292 0.9945
 0.219887 0.586525 0.877133 0.97292 0.9945
 0.219887 0.586525 0.877133 0.97292 0.9945
 0.219887 0.586525 0.877133 0.97292 0.9945
 0.219887 0.586525 0.877133 0.97292 0.9945
 0.219887 0.586525 0.877133 0.97292 0.9945
 0.219887 0.586525 0.877133 0.97292 0.9945
 0.219887 0.586525 0.877133 0.97292 0.9945
 0.219887 0.586525 0.877133 0.97292 0.9945
 0.219887 0.586525 0.877133 0.97292 0.9945
 0.219887 0.586525 0.877133 0.97292 0.9945
 0.219887 0.586525 0.877133 0.97292 0.9945
 0.219887 0.586525 0.877133 0.97292 0.9945
 0.219887 0.586525 0.877133 0.97292 0.9945
 0.219887 0.586525 0.877133 0.97292 0.9945
 0.219887 0.586525 0.877133 0.97292 0.9945
 0.219887 0.586525 0.877133 0.97292 0.9945
 0.219887 0.586525 0.877133 0.97292 0.9945
 0.219887 0.586525 0.877133 0.97292 0.9945
 0.219887 0.586525 0.877133 0.97292 0.9945
 0.219887 0.586525 0.877133 0.97292 0.9945
pf_obs 
 0.256992 0.487395 0.22802 0.0275931 0
 0.321318 0.546541 0.124235 0.00734118 0.000564706
 0.182869 0.594174 0.210203 0.0122559 0.00049798
 0.330522 0.361315 0.267642 0.0388342 0.00168674
 0.649043 0.306663 0.0425973 0.00169635 0
 0.582887 0.30429 0.105238 0.00758474 0
 0.465427 0.430635 0.0974691 0.00646863 0
 0.296916 0.608066 0.0921331 0.00288517 0
 0.311714 0.524322 0.152257 0.0117073 0
 0.15457 0.633149 0.183074 0.0267441 0.00246327
 0.131901 0.49318 0.331252 0.0422183 0.00144891
 0.196976 0.569456 0.194076 0.0375587 0.00193317
 0.518974 0.381816 0.0799577 0.0180837 0.00116848
 0.0928022 0.601141 0.25162 0.0475244 0.00691264
 0.122501 0.610282 0.24278 0.0234846 0.000952079
 0.383417 0.481906 0.127806 0.00687128 0
 0.0376549 0.599619 0.316969 0.0457579 0
 0.0361596 0.667082 0.258105 0.0386534 0
 0.158088 0.579412 0.248529 0.0139706 0
 0.0477256 0.309471 0.559284 0.082774 0.000745712
 0.0406174 0.521527 0.379366 0.0568643 0.0016247
 0.151134 0.462217 0.34131 0.0453401 0
 0.294876 0.26143 0.354403 0.0886775 0.000613685
 0.281977 0.475581 0.204845 0.0348837 0.00271318
 0.0841818 0.532909 0.334909 0.0458182 0.00218182
 0.115287 0.27431 0.454777 0.147771 0.00785563
 0 0 0 0 0
pf_pred 
 0.0115755 0.638022 0.309465 0.0409351 1.94469e-06
 0.0310207 0.106265 0.595165 0.236398 0.0311511
 0.0100256 0.295937 0.091945 0.415903 0.186189
 0.139982 0.159867 0.262575 0.0583115 0.379265
 0.632321 0.281523 0.0205417 0.0247048 0.0409103
 0.0834198 0.874339 0.0339307 0.00198797 0.00632271
 0.584963 0.281144 0.129653 0.00341068 0.000828736
 0.216614 0.764034 0.0147212 0.00448587 0.000145444
 0.344801 0.568436 0.0853098 0.00110778 0.00034573
 0.315991 0.645215 0.0354115 0.00332571 5.61201e-05
 0.140337 0.766584 0.0892005 0.00354269 0.000336143
 0.217082 0.624028 0.146877 0.0115161 0.000496771
 0.283708 0.630881 0.0730284 0.011453 0.000929023
 0.257112 0.703377 0.0366324 0.00246552 0.000413382
 0.259353 0.726641 0.0136837 0.000299503 2.31149e-05
 0.238984 0.744057 0.016819 0.000137054 3.17529e-06
 0.190596 0.719474 0.0885977 0.00132138 1.09243e-05
 0.301324 0.605359 0.0862907 0.00692343 0.000103208
 0.257293 0.682715 0.0544807 0.00509973 0.000411728
 0.19162 0.702616 0.0995573 0.00564026 0.000566665
 0.328356 0.555095 0.105448 0.0104544 0.000647092
 0.22313 0.683496 0.0806152 0.0115503 0.00120921
 0.234904 0.618569 0.132812 0.0118495 0.00186512
 0.308984 0.574976 0.098679 0.0157448 0.00161625
 0.0351787 0.846194 0.103213 0.0131204 0.00229453
 0.250453 0.247071 0.453345 0.0427749 0.00635615
 0.0149091 0.86216 0.0495058 0.0662861 0.0071385
pobs_RECLAS
 0 0 0 0 0
 0 0 0 0 0
 0 0 0 0 0
 0 0 0 0 0
 0.835266 0.146461 0.0176864 0.000547809 3.91292e-05
 0.385257 0.428462 0.181853 0.0044286 0
 0.867414 0.0963971 0.0333333 0.00285562 0
 0.441836 0.489002 0.0689373 0.000224442 0
 0.779404 0.147425 0.0564933 0.0165055 0.000172143
 0.814271 0.122319 0.05973 0.00367925 0
 0.40263 0.566651 0.0304383 0.000280538 0
 0.475488 0.404961 0.113038 0.00651328 0
 0.955842 0.0263864 0.0167828 0.000988607 0
 0.975058 0.0227948 0.00214734 0 0
 0.738997 0.206755 0.0527124 0.00153531 0
 0.850938 0.134255 0.0134407 0.00136685 0
 0.542534 0.407297 0.0501686 0 0
 0.764087 0.199537 0.0359546 0.000420521 0
 0.470689 0.182191 0.310203 0.0369168 0
 0.84361 0.089868 0.0606195 0.00523954 0.000663233
 0.607945 0.314616 0.071237 0.00620181 0
 0.523733 0.453247 0.0230204 0 0
 0.530135 0.295979 0.169645 0.0042399 0
 0.562478 0.366248 0.0663022 0.0049721 0
 0.250443 0.683176 0.0655157 0.000865301 0
 0.195077 0.31981 0.436473 0.0351445 0.0134964
 0.565238 0.351407 0.0832357 0.000118908 0
ppred_RECLAS
 0.0246364 0.473625 0.426991 0.0747442 3.79827e-06
 0.0456551 0.0541621 0.562721 0.295771 0.0416907
 0.0162748 0.151381 0.0845369 0.505664 0.242143
 0.199457 0.0732835 0.217928 0.0640084 0.445323
 0.789817 0.121379 0.0164134 0.0261211 0.0462697
 0.225828 0.709039 0.0485733 0.00376176 0.0127977
 0.794761 0.111438 0.0898648 0.00312416 0.000811993
 0.475928 0.500026 0.016973 0.00683627 0.00023709
 0.636089 0.288186 0.0740308 0.00126984 0.000423907
 0.580187 0.377673 0.0374097 0.00464638 8.38683e-05
 0.33569 0.545943 0.111897 0.00587407 0.000596176
 0.447642 0.378919 0.156475 0.016215 0.000748186
 0.590315 0.331574 0.0637646 0.0132008 0.00114537
 0.675571 0.299733 0.0223608 0.0019803 0.000355128
 0.672385 0.318632 0.00871137 0.000250964 2.07164e-05
 0.514588 0.466767 0.0184409 0.000198589 4.92143e-06
 0.430626 0.467291 0.100092 0.00197262 1.74441e-05
 0.573915 0.334071 0.0830659 0.00880729 0.000140435
 0.508621 0.422737 0.0605061 0.0074892 0.000646764
 0.409452 0.463599 0.117225 0.00878066 0.000943628
 0.562298 0.313657 0.108827 0.0142726 0.000944981
 0.43903 0.444846 0.0959103 0.0181784 0.0020357
 0.446414 0.383264 0.149683 0.0176645 0.00297413
 0.544186 0.329136 0.102638 0.0216611 0.00237848
 0.0887151 0.718102 0.161033 0.0270832 0.00506639
 0.396618 0.125688 0.417337 0.0520792 0.00827786
 0.0453203 0.737404 0.0730885 0.129294 0.0148937
pobs_PELACES
 0 0 0 0 0
 0 0 0 0 0
 0 0 0 0 0
 0 0 0 0 0
 0 0 0 0 0
 0 0 0 0 0
 0 0 0 0 0
 0 0 0 0 0
 0 0 0 0 0
 0 0 0 0 0
 0.450072 0.473896 0.0757376 0.000293798 0
 0 0 0 0 0
 0.463077 0.371075 0.160297 0.00555027 0
 0.529543 0.364841 0.0842815 0.0213345 0
 0.631943 0.363953 0.00410389 0 0
 0.735681 0.248677 0.0153453 0.000297389 0
 0.695825 0.281241 0.0229344 0 0
 0.275771 0.60734 0.115278 0.00161068 0
 0 0 0 0 0
 0.896147 0.0623911 0.0374545 0.00400742 0
 0.803859 0.145111 0.0509908 3.86294e-05 0
 0.739449 0.233085 0.0266225 0.000797448 4.60066e-05
 0.878498 0.100942 0.0204185 0.000141795 0
 0.694673 0.275183 0.0284847 0.00165964 0
 0.469039 0.446079 0.0841089 0.000773354 0
 0.822795 0.102175 0.0682046 0.00682512 0
 0 0 0 0 0
ppred_PELACES
 0.0438637 0.568406 0.338283 0.0494451 2.40091e-06
 0.103286 0.0800527 0.545197 0.239241 0.0322228
 0.0527963 0.245949 0.0847983 0.422938 0.193518
 0.450361 0.0868156 0.161073 0.0394562 0.262294
 0.87784 0.0869757 0.00768664 0.0102122 0.017285
 0.400514 0.56948 0.0235462 0.00151978 0.00494028
 0.916778 0.0555201 0.0267352 0.000774456 0.000192329
 0.673928 0.317337 0.00648612 0.00217716 7.21465e-05
 0.830205 0.14728 0.0220987 0.000315697 0.000100697
 0.736804 0.246441 0.0151584 0.00157004 2.70788e-05
 0.548712 0.399613 0.0493088 0.0021572 0.000209198
 0.6794 0.252478 0.0624883 0.005396 0.000237901
 0.819947 0.159391 0.0174125 0.00300052 0.000248749
 0.912954 0.0836201 0.00315428 0.000231952 3.97424e-05
 0.906091 0.0925834 0.00129248 3.09236e-05 2.43892e-06
 0.714215 0.279143 0.00658194 5.90598e-05 1.39848e-06
 0.659602 0.301428 0.0383355 0.00062945 5.31857e-06
 0.776076 0.192811 0.0285518 0.00252231 3.84291e-05
 0.689068 0.283191 0.0249532 0.00257519 0.000212498
 0.612187 0.332805 0.0514642 0.00321366 0.000329995
 0.720401 0.224557 0.0493057 0.00539463 0.000341287
 0.601873 0.343047 0.0468752 0.0074122 0.000793128
 0.62798 0.292127 0.0716994 0.00705797 0.00113547
 0.713672 0.232091 0.0454057 0.00799282 0.000838603
 0.151894 0.726443 0.104394 0.0146512 0.00261885
 0.645251 0.106911 0.221307 0.0230322 0.00349804
 0.115853 0.766236 0.0447349 0.0659204 0.00725558
pobs_pel_tallas
 0 0 0 0 0 0 0 0 0 0 0 0 0 0 0 0 0 0 0 0 0 0 0 0 0 0 0 0 0 0 0 0 0 0 0 0
 0 0 0 0 0 0 0 0 0 0 0 0 0 0 0 0 0 0 0 0 0 0 0 0 0 0 0 0 0 0 0 0 0 0 0 0
 0 0 0 0 0 0 0 0 0 0 0 0 0 0 0 0 0 0 0 0 0 0 0 0 0 0 0 0 0 0 0 0 0 0 0 0
 0 0 0 0 0 0 0 0 0 0 0 0 0 0 0 0 0 0 0 0 0 0 0 0 0 0 0 0 0 0 0 0 0 0 0 0
 0 0 0 0 0 0 0 0 0 0 0 0 0 0 0 0 0 0 0 0 0 0 0 0 0 0 0 0 0 0 0 0 0 0 0 0
 0 0 0 0 0 0 0 0 0 0 0 0 0 0 0 0 0 0 0 0 0 0 0 0 0 0 0 0 0 0 0 0 0 0 0 0
 0 0 0 0 0 0 0 0 0 0 0 0 0 0 0 0 0 0 0 0 0 0 0 0 0 0 0 0 0 0 0 0 0 0 0 0
 0 0 0 0 0 0 0 0 0 0 0 0 0 0 0 0 0 0 0 0 0 0 0 0 0 0 0 0 0 0 0 0 0 0 0 0
 0 0 0 0 0 0 0 0 0 0 0 0 0 0 0 0 0 0 0 0 0 0 0 0 0 0 0 0 0 0 0 0 0 0 0 0
 0 0 0 0 0 0 0 0 0 0 0 0 0 0 0 0 0 0 0 0 0 0 0 0 0 0 0 0 0 0 0 0 0 0 0 0
 0 0 0 0 0 0 0 0 1.78061e-05 0.00172719 0.00360574 0.0105946 0.0120993 0.0124554 0.0147524 0.0171206 0.0266825 0.0428682 0.0675386 0.121331 0.153587 0.119568 0.100827 0.0573624 0.0630603 0.0341343 0.0324427 0.0444173 0.0211091 0.0280891 0.0125444 0.00206551 0 0 0 0
 0 0 0 0 0 0 0 0 0 0 0 0 0 0 0 0 0 0 0 0 0 0 0 0 0 0 0 0 0 0 0 0 0 0 0 0
 0 0 0 0 0 0 0.0133647 0.0140871 0.0187388 0.0205184 0.03894 0.0496705 0.03968 0.0493445 0.0407372 0.0367815 0.0215668 0.0243155 0.0234873 0.0199281 0.019796 0.0243948 0.0301388 0.0376714 0.0412746 0.0863199 0.0771752 0.113111 0.0741005 0.0525337 0.0229764 0.00759418 0.00175318 0 0 0
 0 0 0 0 0 0 0 0 0 0 0.00219441 0.00772107 0.0458388 0.0604681 0.0671733 0.0775358 0.0609151 0.0617685 0.073594 0.0568108 0.0755445 0.0548602 0.0670107 0.0636378 0.0643287 0.046367 0.0373049 0.0286899 0.0247887 0.0153202 0.00654259 0.00121912 0.000365735 0 0 0
 0 0 0 0 0 0 0 0 0 0 0 0 0.000112435 0.00938835 0.0111873 0.0202946 0.0414886 0.0713402 0.111592 0.104902 0.108894 0.110636 0.117776 0.105296 0.107544 0.0401394 0.0192827 0.0124803 0.00416011 0.0028671 0.000618394 0 0 0 0 0
 0 0 0 0 0 0 0 0 0 0 0.00291406 0.0102884 0.027416 0.0768956 0.0749926 0.110853 0.0956884 0.0897413 0.0766577 0.0534642 0.0500743 0.0551293 0.0594112 0.0620874 0.0668451 0.0424026 0.0208742 0.0120726 0.0048766 0.00582813 0.00118941 0.000297354 0 0 0 0
 0 0.00264628 0.0354308 0.0461629 0.0458689 0.0383711 0.0214643 0.0164657 0.0346957 0.0420465 0.0363128 0.0245516 0.0311673 0.0291091 0.0169068 0.0133784 0.00837989 0.0085269 0.0148486 0.0160247 0.0276389 0.0546898 0.0760071 0.122758 0.109233 0.0665981 0.0333725 0.0166128 0.00676272 0.00308733 0.000882094 0 0 0 0 0
 0 0 0 0 0 0 0 0.000805153 0.000690131 0.00759144 0.0133425 0.0154129 0.00931677 0.000345066 0.00356568 0.00563607 0.00851162 0.0253048 0.0502646 0.0516448 0.0657925 0.0565908 0.0611916 0.0827007 0.0866115 0.110766 0.145733 0.0935128 0.0569358 0.0249597 0.0138026 0.00621118 0.00161031 0.00115022 0 0
 0 0 0 0 0 0 0 0 0 0 0 0 0 0 0 0 0 0 0 0 0 0 0 0 0 0 0 0 0 0 0 0 0 0 0 0
 0.00147267 0.00158595 0.00478618 0.00569244 0.00954404 0.0108468 0.00647125 0.017049 0.0510054 0.094081 0.124002 0.0959785 0.0687766 0.0820023 0.061753 0.0591476 0.0492212 0.0479892 0.0443925 0.0268479 0.0217502 0.0140895 0.0121071 0.0120363 0.00920419 0.00665534 0.0049561 0.00860946 0.00930331 0.0156896 0.0114698 0.00855282 0.00243557 0.00046729 0 2.83206e-05
 0 0 0 0 0.000772559 0.00158375 0.000888443 0.00281984 0.00712685 0.0440552 0.0773331 0.111326 0.0921469 0.0852325 0.0710754 0.0886704 0.0786465 0.0553345 0.0373146 0.0185414 0.00753245 0.00457741 0.012979 0.0271748 0.0457355 0.0583668 0.034881 0.0177882 0.00938659 0.00492506 0.0015258 0.00185414 0.000309023 5.79419e-05 3.86279e-05 0
 0 0.00173294 0.00326652 0 0.00397197 0.00683976 0.00946217 0.0152591 0.00757587 0.0136028 0.0228656 0.0392903 0.0559909 0.0764795 0.0681675 0.0726916 0.0566044 0.0477403 0.0527397 0.0444891 0.0609904 0.0582453 0.0661739 0.0445044 0.0529084 0.0360697 0.0280645 0.0235558 0.0158879 0.00826598 0.00280645 0.00217768 0.000904811 0.00058276 9.20147e-05 0
 0 0 0 0 0 0 0 0 0 0 0 0 0 0 0 0 0 0 0 0 0 0 0 0 0 0 0 0 0 0 0 0 0 0 0 0
 0 0 0 0 0 0 0 0 0 0 0 0 0 0 0 0 0 0 0 0 0 0 0 0 0 0 0 0 0 0 0 0 0 0 0 0
 0 0 0 0 0 0 0 0 0 0 0 0 0 0 0 0 0 0 0 0 0 0 0 0 0 0 0 0 0 0 0 0 0 0 0 0
 0 0 0 0 0 0 0 0 0 0 0 0 0 0 0 0 0 0 0 0 0 0 0 0 0 0 0 0 0 0 0 0 0 0 0 0
 0 0 0 0 0 0 0 0 0 0 0 0 0 0 0 0 0 0 0 0 0 0 0 0 0 0 0 0 0 0 0 0 0 0 0 0
ppred_pel_tallas
 1.06687e-16 1.94915e-06 1.13503e-05 5.37682e-05 0.000206699 0.000644285 0.00162804 0.00333585 0.00554739 0.00750404 0.00830847 0.00766802 0.00623021 0.00513432 0.00529956 0.00713642 0.010722 0.0160344 0.0229972 0.0313836 0.040722 0.0502853 0.0591777 0.0664964 0.0715161 0.0738349 0.0734379 0.0706549 0.066042 0.0602287 0.0537873 0.0471576 0.0406349 0.0343996 0.0285646 0.0232124
 1.17492e-16 4.52067e-06 2.64918e-05 0.000125851 0.000484401 0.00151041 0.00381521 0.0078074 0.0129457 0.0173982 0.0189658 0.0168083 0.0122067 0.00748329 0.00432282 0.00312972 0.00353628 0.00511185 0.00766303 0.0111892 0.01575 0.0213689 0.0279828 0.0354178 0.0433819 0.0514717 0.0591949 0.0660091 0.0713772 0.0748336 0.0760507 0.0748938 0.0714499 0.0660193 0.0590743 0.051189
 1.24859e-16 2.32403e-06 1.35848e-05 6.44653e-05 0.000248011 0.000773213 0.0019533 0.00399883 0.0066368 0.00893829 0.00979329 0.00879711 0.00664447 0.00458194 0.00355037 0.0038515 0.00539366 0.00803125 0.0116897 0.0163175 0.0218074 0.0279611 0.0345038 0.0411299 0.0475578 0.0535664 0.0590024 0.0637539 0.0677074 0.0707113 0.0725658 0.0730505 0.0719783 0.0692569 0.0649375 0.05923
 1.15927e-16 1.96538e-05 0.000115339 0.000548246 0.00211074 0.0065821 0.0166258 0.0340187 0.0563901 0.0757317 0.0824147 0.0727043 0.0520636 0.0304265 0.0148526 0.00670917 0.00388506 0.00390474 0.00528855 0.00744091 0.0101774 0.0134218 0.0170926 0.02108 0.0252509 0.0294559 0.0335336 0.037309 0.0405924 0.0431855 0.0448967 0.0455666 0.0450982 0.0434799 0.0407977 0.0372292
 1.01297e-16 3.82941e-05 0.000224773 0.00106851 0.00411388 0.0128288 0.0324044 0.0663028 0.109901 0.147583 0.160571 0.141567 0.101189 0.0587534 0.0279505 0.0113507 0.00471906 0.00309208 0.00344048 0.0044686 0.00571197 0.00696555 0.00807828 0.00891956 0.00939611 0.00947173 0.00917416 0.0085844 0.00781314 0.00697223 0.00615095 0.00540326 0.00474765 0.00417626 0.00366803 0.00320082
 1.00803e-16 1.75001e-05 0.00010265 0.000487819 0.00187791 0.00585591 0.0147921 0.0302704 0.0501906 0.0674474 0.0735089 0.0651082 0.0471911 0.0287197 0.0161385 0.0108513 0.0111498 0.0149199 0.0207748 0.0278889 0.0355513 0.0429367 0.0491236 0.0532509 0.0547127 0.0533067 0.0492851 0.0432849 0.0361659 0.0288116 0.0219554 0.0160778 0.0113872 0.00786685 0.00535616 0.00363363
 1.00434e-16 3.99908e-05 0.000234737 0.00111588 0.00429629 0.0133977 0.0338413 0.0692425 0.114772 0.154122 0.167677 0.147812 0.105611 0.0612352 0.0289706 0.0114866 0.00434625 0.00235661 0.00235481 0.00300318 0.00384864 0.00472284 0.00551984 0.00614945 0.00654303 0.00666585 0.00652294 0.00615438 0.0056227 0.00499689 0.00433841 0.00369299 0.003089 0.00254048 0.00205239 0.00162527
 1.00274e-16 2.94119e-05 0.000172606 0.000820452 0.00315872 0.00985011 0.0248808 0.0509106 0.0843947 0.113354 0.123388 0.108925 0.0781641 0.0460031 0.0230454 0.011372 0.00783506 0.00869182 0.0116102 0.0154797 0.0197023 0.0237698 0.0271595 0.0293909 0.0301287 0.0292639 0.0269427 0.0235261 0.0194997 0.0153612 0.0115231 0.00825459 0.00567066 0.00375863 0.00242402 0.00153756
 1.00378e-16 3.62195e-05 0.000212588 0.00101056 0.00389076 0.012133 0.0306469 0.0627073 0.103943 0.139588 0.151888 0.133948 0.0958238 0.0558004 0.0268501 0.0114321 0.00556873 0.00458389 0.00561136 0.00739558 0.00943371 0.0114385 0.013158 0.0143647 0.0148954 0.0146883 0.0137962 0.0123699 0.010619 0.00876173 0.00698244 0.00540574 0.00409161 0.00304645 0.00224225 0.0016358
 1.00351e-16 3.21507e-05 0.000188692 0.00089694 0.00345324 0.0107686 0.0272007 0.0556568 0.0922594 0.123908 0.134854 0.118991 0.085265 0.0499371 0.0245625 0.0113735 0.00688781 0.00698682 0.00912417 0.0121327 0.0154557 0.0186776 0.0213886 0.0232136 0.023888 0.0233212 0.0216187 0.0190519 0.0159893 0.0128107 0.00983228 0.00726294 0.00519542 0.00362636 0.00249084 0.00169747
 1.00915e-16 2.39553e-05 0.000140563 0.000668099 0.00257209 0.00802073 0.02026 0.0414569 0.0687275 0.0923238 0.100531 0.0888301 0.0639237 0.0379844 0.0197005 0.0108322 0.00888205 0.0108502 0.0148456 0.0199116 0.0254373 0.0308204 0.0354097 0.0385946 0.0399371 0.0392753 0.0367607 0.0328115 0.0280042 0.0229377 0.0181151 0.0138743 0.0103739 0.00762432 0.00554095 0.00399754
 1.01166e-16 2.9648e-05 0.000173998 0.000827081 0.00318426 0.00992979 0.025082 0.0513218 0.0850745 0.114261 0.124362 0.109751 0.078683 0.046161 0.0228532 0.0108342 0.00691076 0.00730198 0.00967098 0.0129428 0.016592 0.0202091 0.0233777 0.0257069 0.026908 0.0268587 0.0256283 0.0234509 0.0206608 0.0176113 0.0146047 0.0118503 0.00945704 0.00745105 0.00580577 0.00447146
 1.00414e-16 3.57727e-05 0.000209964 0.000998087 0.00384271 0.0119832 0.0302685 0.0619331 0.10266 0.137866 0.150018 0.132306 0.094666 0.0551597 0.0266045 0.0114348 0.00572772 0.00486815 0.00602453 0.00795007 0.0101345 0.0122749 0.0141001 0.0153657 0.0158977 0.0156323 0.0146309 0.0130611 0.0111531 0.00914541 0.00723794 0.0055639 0.00418483 0.00310306 0.00228333 0.00167434
 1.00082e-16 3.98251e-05 0.000233762 0.00111124 0.00427841 0.0133419 0.0337004 0.0689546 0.114296 0.153484 0.166989 0.14722 0.105219 0.0610706 0.0290095 0.0117041 0.00474433 0.00296226 0.0032024 0.00411409 0.00521382 0.00629087 0.00719334 0.00779233 0.00799868 0.00778286 0.00718234 0.00629115 0.00523625 0.00414806 0.00313493 0.00226795 0.00157805 0.00106284 0.000698579 0.000452324
 1.0005e-16 3.95262e-05 0.000232006 0.00110289 0.00424627 0.0132417 0.0334472 0.0684365 0.113437 0.152332 0.165738 0.146123 0.104446 0.060645 0.0288508 0.0117153 0.00486559 0.00317475 0.00351045 0.00452737 0.00573609 0.00691384 0.00789433 0.00853546 0.00873938 0.00847477 0.00778497 0.00677619 0.00559108 0.00437576 0.00325129 0.00229667 0.0015455 0.000993791 0.000613364 0.000365676
 1.00187e-16 3.11671e-05 0.000182914 0.000869464 0.00334744 0.0104387 0.0263673 0.0539519 0.0894346 0.120118 0.130738 0.115381 0.0827263 0.0485468 0.024058 0.0114402 0.00733348 0.00775495 0.0102336 0.0136178 0.0173275 0.0209025 0.0238804 0.0258379 0.0264796 0.0257096 0.0236564 0.0206378 0.0170817 0.0134268 0.0100371 0.00715066 0.00486972 0.00318397 0.00201069 0.00123607
 1.00665e-16 2.87867e-05 0.000168937 0.000803009 0.00309157 0.00964071 0.0243518 0.0498282 0.0826002 0.110943 0.120763 0.106605 0.0764925 0.0450068 0.0225241 0.0110804 0.0075954 0.00840922 0.0112464 0.0150318 0.0191956 0.0232577 0.0267219 0.0291268 0.0301415 0.0296433 0.0277459 0.0247644 0.0211336 0.0173053 0.0136595 0.0104517 0.0078025 0.00572071 0.00414325 0.00297542
 1.00557e-16 3.38611e-05 0.000198738 0.00094471 0.00363719 0.0113422 0.0286496 0.058621 0.097171 0.130499 0.142011 0.12527 0.0896844 0.0523648 0.0254582 0.0112882 0.00616107 0.00572254 0.00729453 0.00968093 0.0123616 0.0149936 0.017253 0.0188435 0.0195515 0.019296 0.0181455 0.0162968 0.014023 0.0116086 0.00929332 0.00723906 0.00552337 0.00415414 0.0030948 0.0022894
 1.00545e-16 3.00708e-05 0.000176477 0.000838861 0.00322961 0.0100712 0.0254392 0.0520529 0.0862871 0.115892 0.126142 0.111335 0.0798451 0.0468968 0.0233165 0.011216 0.00736239 0.00792064 0.0105112 0.0140217 0.0178842 0.021639 0.0248187 0.0269916 0.027851 0.0272879 0.0254172 0.0225436 0.0190834 0.015467 0.0120542 0.00908386 0.00666475 0.00479763 0.00341433 0.00241698
 1.00965e-16 2.67205e-05 0.000156803 0.000745319 0.00286943 0.00894799 0.0226021 0.0462485 0.0766677 0.10298 0.112108 0.0989955 0.0711002 0.0419705 0.0212576 0.0108759 0.00799151 0.0092255 0.0124693 0.0167054 0.0213592 0.0259147 0.029827 0.0325859 0.0338227 0.0333958 0.0314226 0.0282413 0.0243219 0.0201547 0.0161534 0.0125979 0.00962303 0.00724393 0.00539904 0.00399324
 1.00975e-16 3.14347e-05 0.00018449 0.000876967 0.00337635 0.0105288 0.026595 0.0544174 0.0902046 0.121147 0.131846 0.11633 0.0833443 0.0487836 0.023943 0.0110018 0.00655374 0.00657428 0.00858244 0.0114536 0.0146677 0.0178473 0.0206202 0.0226391 0.0236497 0.023547 0.0223973 0.020414 0.0178992 0.0151711 0.0125003 0.0100728 0.00798317 0.00625033 0.00484557 0.00371935
 1.01069e-16 2.62711e-05 0.000154164 0.000732771 0.00282112 0.00879731 0.0222215 0.0454698 0.0753774 0.101248 0.110227 0.0973429 0.0699325 0.0413197 0.0209992 0.0108597 0.00812148 0.00946694 0.0128226 0.0171811 0.0219624 0.0266379 0.0306472 0.0334658 0.0347161 0.0342551 0.032207 0.0289235 0.024891 0.0206157 0.0165227 0.0128977 0.00987576 0.00746766 0.00560551 0.00418782
 1.01409e-16 2.74075e-05 0.00016084 0.000764521 0.00294338 0.00917859 0.0231845 0.0474398 0.0786413 0.105627 0.114978 0.101504 0.0728448 0.0428859 0.0215108 0.0106641 0.00742113 0.00830638 0.0111625 0.0149735 0.0192017 0.0233901 0.0270603 0.0297609 0.031158 0.0311104 0.0296982 0.027192 0.0239779 0.020464 0.0169987 0.0138233 0.0110627 0.00874619 0.00684261 0.00529445
 1.01035e-16 3.11416e-05 0.000182768 0.000868781 0.00334483 0.0104305 0.0263467 0.0539094 0.0893628 0.120018 0.130619 0.115253 0.0825838 0.0483617 0.0237791 0.0109989 0.00665058 0.00674954 0.00883752 0.0117959 0.0151 0.0183631 0.0212012 0.0232568 0.0242691 0.0241325 0.0229189 0.0208522 0.0182475 0.0154351 0.0126946 0.0102166 0.00809542 0.00634673 0.00493655 0.00380995
 1.02345e-16 6.6656e-06 3.90269e-05 0.000185317 0.000713145 0.00222358 0.00561737 0.0114994 0.0190824 0.0256903 0.0281227 0.0252023 0.0189046 0.0127761 0.00945786 0.00971411 0.0131254 0.0190515 0.0269823 0.0364015 0.04658 0.0565165 0.0650461 0.0710607 0.0737588 0.0728349 0.0685481 0.0616385 0.0531324 0.0440977 0.0354333 0.0277437 0.0213163 0.0161772 0.0121865 0.00913363
 1.04132e-16 2.81535e-05 0.000165236 0.000785454 0.00302403 0.00943016 0.0238198 0.0487382 0.0807885 0.108495 0.11806 0.104126 0.0745146 0.0434437 0.0210081 0.00913867 0.00477235 0.00431414 0.0055865 0.0076716 0.0102375 0.0131093 0.0161144 0.0190587 0.0217458 0.0240015 0.0256918 0.026729 0.02707 0.0267108 0.0256824 0.0240497 0.0219128 0.0194032 0.0166765 0.0138965
 1.03489e-16 5.09546e-06 2.98057e-05 0.000141471 0.000544317 0.00169709 0.00428756 0.00877878 0.014574 0.0196397 0.0215489 0.0194289 0.0148265 0.0105061 0.00856079 0.00966527 0.0135883 0.0199011 0.0282128 0.0380371 0.0486218 0.058917 0.0677032 0.0738281 0.0764709 0.0753396 0.0707393 0.0634785 0.0546564 0.0454007 0.036642 0.0289839 0.0226833 0.0177171 0.0138921 0.0109526
pSPR Fmed_Fpbrs
0.500741   0.6 0.325
Fs Fmed_Fpbrs
0.64   0.420209 1.4478
SSBpbr Bo_Bmed_Bpbrs
563315  253909  309823 154912
Ro
16983.5
SPR SPRFo_SPRFmed_SPRFpbrs
350782 175651 114004
log_Ro
9.56
likeval ReclasPelacesDesembMPH_pf_preclas_ppelaces_ptallas_desvR_qrecl_qpela
 77.46 11.1683 0.294994 36.9781 404.75 228.579 59.9959 0 48.7726 0.000195579 0.00042406 1.18102e-15 0 0 0
q_reclas_q_pelaces
7.25525 18.7224
M
0.7
N
 8085.47 43807.1 17867.4 2355.69 0.111904
 11300.9 3961.49 18820.1 7452.1 981.939
 1333.68 5483.52 1533.26 6922.32 3098.84
 3937.24 595.941 873.364 193.551 1258.83
 38522.7 1784.86 110.865 132.929 220.115
 11515.7 18615.6 660.861 38.6579 122.948
 64300.7 4987.54 2118.24 55.6417 13.5196
 49940.1 27442.8 484.441 147.39 4.77866
 74147.3 21559.8 3016.17 39.1183 12.2082
 110908 30697.6 1509.22 141.457 2.38696
 58649.6 49953.1 5326.05 211.201 20.039
 55412.3 25313.1 5474.63 428.604 18.4882
 54686.4 23769.4 2596.56 406.81 32.9984
 29012.4 21790.2 1101.55 74.1015 12.4241
 13113.7 9848.92 179.773 3.93273 0.303515
 8960.07 4512.2 93.9628 0.764572 0.0177133
 6126.58 3821.24 434.808 6.4759 0.0535368
 7913.33 2594.35 341.117 27.3302 0.407401
 8983.5 3364.92 242.202 22.6294 1.82693
 7494.23 3998.31 513.557 29.0435 2.91785
 15825 3305.19 553.114 54.7093 3.3862
 19476.6 7315.54 759.03 108.495 11.3579
 26784.3 9022.07 1717.48 152.896 24.0651
 51083.9 12263.9 1869.01 297.565 30.5446
 8377.74 23334.5 2476.28 313.972 54.9057
 30024.9 3940.37 6455.5 607.847 90.32
 1377.91 13596.5 724.6 968.941 104.345
pred_Ctot
 77.7327 4284.49 2078.14 274.89 0.0130591
 186.114 637.553 3570.79 1418.31 186.896
 96.6718 2853.57 886.579 4010.34 1795.33
 247.957 283.18 465.112 103.29 671.812
 745.909 332.095 24.2317 29.1427 48.2593
 1067.05 11184 434.019 25.4288 80.876
 6556.59 3151.22 1453.23 38.2288 9.28893
 4729.88 16683.1 321.446 97.9514 3.17585
 8960.74 14772.6 2217.05 28.7892 8.98488
 7459.82 15232 835.984 78.5122 1.32486
 5564.6 30396.4 3536.95 140.474 13.3286
 5473.22 15733.4 3703.16 290.352 12.5249
 7870.75 17502.2 2025.98 317.733 25.7733
 6746.84 18457.3 961.268 64.6974 10.8475
 2957.85 8287.17 156.059 3.41576 0.26362
 917.79 2857.47 64.5915 0.526341 0.0121944
 654.82 2471.86 304.39 4.5398 0.0375318
 825.191 1657.81 236.312 18.9602 0.282639
 674.432 1789.57 142.808 13.3677 1.07925
 607.084 2226 315.414 17.8693 1.79529
 789.517 1334.7 253.545 25.1371 1.55591
 944.738 2893.94 341.327 48.9044 5.11982
 1508.54 3972.43 852.917 76.0971 11.9778
 2958.46 5505.28 944.832 150.754 15.4752
 319.456 7684.24 937.268 119.146 20.8365
 1912.29 1886.48 3461.45 326.601 48.5314
 156.682 9060.54 520.262 696.609 75.0193
F
 0.0134478 0.144869 0.174483 0.175105 0.175116
 0.023135 0.249227 0.300175 0.301244 0.301263
 0.105558 1.13715 1.36961 1.37449 1.37457
 0.0911402 0.981828 1.18253 1.18675 1.18682
 0.0272496 0.293553 0.353561 0.354821 0.354843
 0.136773 1.47341 1.77461 1.78093 1.78104
 0.151466 1.6317 1.96525 1.97226 1.97238
 0.139994 1.50812 1.81641 1.82288 1.82299
 0.18187 1.95924 2.35975 2.36815 2.3683
 0.0976145 1.05157 1.26654 1.27105 1.27113
 0.140258 1.51096 1.81983 1.82631 1.82643
 0.146401 1.57713 1.89953 1.9063 1.90642
 0.220157 2.37169 2.85651 2.86669 2.86686
 0.38036 4.09752 4.93514 4.95272 4.95303
 0.366873 3.95222 4.76014 4.7771 4.77739
 0.152203 1.63964 1.97481 1.98185 1.98197
 0.159301 1.7161 2.06691 2.07428 2.07441
 0.155144 1.67132 2.01297 2.02015 2.02027
 0.109517 1.1798 1.42098 1.42604 1.42613
 0.118639 1.27806 1.53933 1.54481 1.54491
 0.0715891 0.771209 0.928861 0.93217 0.932228
 0.0695405 0.749141 0.902281 0.905496 0.905552
 0.0811553 0.874264 1.05298 1.05673 1.0568
 0.0835353 0.899903 1.08386 1.08772 1.08779
 0.054304 0.585002 0.704589 0.707099 0.707143
 0.0922153 0.99341 1.19648 1.20075 1.20082
 0.170278 1.83435 2.20934 2.21721 2.21734
Np
 11417.9 5489.93 202.434 352.313 17.0889
YTP_r0W_actual
 258.507 63268.4 5733.44 9819.94 1173.6
YTP_p0W_proyectada
 2142.1 2685.49 8532.71 400.315 621.287
 2142.1 25546.3 1601.77 3570.59 192.204
CTP_r0_actual
 31.5253 2929.09 182.594 244.886 26.3731
CTP_p0_proyectada
 261.232 124.328 271.742 9.98291 13.9615
 261.232 1182.7 51.0118 89.0422 4.3192
Wmedp
 8.2 21.6 31.4 40.1 44.5
nmprior
 10.8 10.6 4.6 0
nm_flota  nm_reclas  nm_pelaces    nm_pelaL
inf 15.6286 9.86086 24.6309
cv_recla  cv_pelaces  cv_mph
0.762201 0.366087 0.487562
 ------------------------------------------------
Talla a la edad & desviaci?n 
 7.2 14.2025 17.0495 18.207 18.6776
 1.08 2.13037 2.55742 2.73105 2.80164
