years
 1997 1998 1999 2000 2001 2002 2003 2004 2005 2006 2007 2008 2009 2010 2011 2012 2013 2014 2015 2016 2017 2018 2019 2020 2021 2022 2023
reclasobs
 0 0 0 370054 412103 1.49427e+06 250295 1.28982e+06 931140 785840 897777 1.04006e+06 184774 17550 25797 100020 73551 82996 120727 218422 84188 347160 605670 569463 516374 1.08416e+06 1.01767e+06
reclaspred
 425973 121233 381413 264094 353430 408731 883225 611093 750970 707270 574203 389136 231627 104563 74522 69764.6 74092.9 103274 122195 179538 270555 270987 485120 618882 731397 674420 693211
pelacesobs
 0 0 0 0 0 0 0 0 0 2.06254e+06 1.5e+06 0 1.87456e+06 323000 250000 174000 83755 137374 0 501740 490994 745055 786931 1.00524e+06 1.33801e+06 1.41789e+06 0
pelacespred
 1.70309e+06 382818 776391 808475 940595 865164 2.22217e+06 1.83073e+06 2.0639e+06 1.92389e+06 1.37358e+06 961169 570427 209300 153687 152798 169851 241678 284660 415712 718288 672815 994730 1.46842e+06 1.68419e+06 1.71809e+06 1.67999e+06
mphobs
 0 0 0 0 0 0 112323 0 153150 637223 0 255016 313432 73983 77613 109348 50772 17779 17303 59886 28197 0 207744 136588 643089 65757 70829
mphpred
 136861 87102 110665 135040 135225 193334 283176 333059 303501 339140 317705 224098 134138 106636 49519.7 43881.6 43782.9 55864.9 26641.2 32880.6 52655.7 67362.5 90473.7 133978 172433 169226 152206
desembarqueobs
 350755 77701 442110 56441 14545 235359 269955 359681 431902 328805 639364 411747 362871 311530 167758 66681 60226 58785 57116 73181 50977 67692 138656 160484 209506 203330 245020
desembarquepred
 350773 77708.2 442194 56445 14545.3 235460 270010 359728 431944 328864 639687 412030 363385 312041 167793 66710.5 60274.5 58793.3 57108.2 73186.1 50978.8 67685.8 138664 160497 209533 203348 245019
Reclutas
 50936.1 61286.9 37939.5 51005 77875.7 57904.6 100001 101731 145030 129182 67064.2 41578.7 40161.5 24726.7 18022.7 15639.6 11509 16328.8 21770.1 31763.1 44827.5 66555.1 93490.3 121671 47366.9 67694.8 130795
log_desv_Rt
 0.018327 0.203321 -0.276253 0.0196783 0.442869 0.146553 0.692935 0.710085 1.0647 0.948979 0.293406 -0.184658 -0.219335 -0.70436 -1.02061 -1.16244 -1.46911 -1.11931 -0.831708 -0.45394 -0.109424 0.285785 0.625613 0.889074 -0.0543211 0.302765 0.961387
SSB
 570326 362970 461162 562735 563505 805657 1.14998e+06 1.37376e+06 1.23898e+06 1.38682e+06 1.32393e+06 933857 575454 291880 140493 125214 130194 159027 210489 271929 414207 517275 712557 1.01165e+06 1.41482e+06 1.42526e+06 1.21115e+06
BT
 2.07396e+06 529863 1.05188e+06 902792 991736 1.09152e+06 2.50294e+06 2.31805e+06 2.546e+06 2.32109e+06 2.00994e+06 1.38004e+06 949907 514298 300423 214201 228252 299319 345426 492294 790841 764727 1.13279e+06 1.66555e+06 1.92029e+06 1.97186e+06 1.96552e+06
Ftot
 0.670097 0.513081 0.734045 0.136221 0.0284321 0.311825 0.198608 0.395226 0.416739 0.301461 0.599692 0.534321 0.8519 1.64552 1.59828 0.631458 0.539264 0.390668 0.306771 0.281781 0.131324 0.158451 0.172869 0.169598 0.150036 0.153951 0.218897
BD_Bspro_t
 0.934693 0.723174 0.685452 0.556467 0.677934 0.79723 0.754662 0.766222 0.718078 0.699727 0.664464 0.510891 0.397683 0.282365 0.177028 0.192271 0.260891 0.379254 0.505911 0.623948 0.7339 0.817453 0.836986 0.841427 0.847784 0.809214 0.782125
BD_Bspro
 0.552138 0.351395 0.446456 0.544789 0.545535 0.779964 1.11331 1.32995 1.19947 1.34259 1.28171 0.904076 0.557103 0.282572 0.136013 0.121221 0.126042 0.153955 0.203777 0.263257 0.400998 0.500779 0.689834 0.979385 1.3697 1.37981 1.17253
BD_Bo
 0.351191 0.223507 0.283971 0.346516 0.346991 0.496101 0.708126 0.845921 0.762932 0.853965 0.815242 0.575043 0.354348 0.179732 0.0865119 0.0771031 0.0801698 0.0979243 0.129613 0.167446 0.255057 0.318524 0.438773 0.622944 0.871207 0.877634 0.745792
BD_Brms
 0.638529 0.406376 0.516311 0.63003 0.630892 0.902001 1.2875 1.53804 1.38715 1.55266 1.48226 1.04553 0.64427 0.326785 0.157294 0.140188 0.145763 0.178044 0.235661 0.304447 0.46374 0.579134 0.797769 1.13263 1.58401 1.5957 1.35598
S_f
 0.145191 0.763436 0.983953 0.999142 0.999955
 0.145191 0.763436 0.983953 0.999142 0.999955
 0.145191 0.763436 0.983953 0.999142 0.999955
 0.145191 0.763436 0.983953 0.999142 0.999955
 0.145191 0.763436 0.983953 0.999142 0.999955
 0.145191 0.763436 0.983953 0.999142 0.999955
 0.145191 0.763436 0.983953 0.999142 0.999955
 0.145191 0.763436 0.983953 0.999142 0.999955
 0.145191 0.763436 0.983953 0.999142 0.999955
 0.145191 0.763436 0.983953 0.999142 0.999955
 0.145191 0.763436 0.983953 0.999142 0.999955
 0.145191 0.763436 0.983953 0.999142 0.999955
 0.145191 0.763436 0.983953 0.999142 0.999955
 0.145191 0.763436 0.983953 0.999142 0.999955
 0.145191 0.763436 0.983953 0.999142 0.999955
 0.145191 0.763436 0.983953 0.999142 0.999955
 0.145191 0.763436 0.983953 0.999142 0.999955
 0.145191 0.763436 0.983953 0.999142 0.999955
 0.145191 0.763436 0.983953 0.999142 0.999955
 0.145191 0.763436 0.983953 0.999142 0.999955
 0.145191 0.763436 0.983953 0.999142 0.999955
 0.145191 0.763436 0.983953 0.999142 0.999955
 0.145191 0.763436 0.983953 0.999142 0.999955
 0.145191 0.763436 0.983953 0.999142 0.999955
 0.145191 0.763436 0.983953 0.999142 0.999955
 0.145191 0.763436 0.983953 0.999142 0.999955
 0.145191 0.763436 0.983953 0.999142 0.999955
Scru_reclas
 0.884203 1 1 1 1
 0.884203 1 1 1 1
 0.884203 1 1 1 1
 0.884203 1 1 1 1
 0.884203 1 1 1 1
 0.884203 1 1 1 1
 0.884203 1 1 1 1
 0.884203 1 1 1 1
 0.884203 1 1 1 1
 0.884203 1 1 1 1
 0.884203 1 1 1 1
 0.884203 1 1 1 1
 0.884203 1 1 1 1
 0.884203 1 1 1 1
 0.884203 1 1 1 1
 0.884203 1 1 1 1
 0.884203 1 1 1 1
 0.884203 1 1 1 1
 0.884203 1 1 1 1
 0.884203 1 1 1 1
 0.884203 1 1 1 1
 0.884203 1 1 1 1
 0.884203 1 1 1 1
 0.884203 1 1 1 1
 0.884203 1 1 1 1
 0.884203 1 1 1 1
 0.884203 1 1 1 1
Scru_pelaces
 1 1 1 1 1
 1 1 1 1 1
 1 1 1 1 1
 1 1 1 1 1
 1 1 1 1 1
 1 1 1 1 1
 1 1 1 1 1
 1 1 1 1 1
 1 1 1 1 1
 1 1 1 1 1
 1 1 1 1 1
 1 1 1 1 1
 1 1 1 1 1
 1 1 1 1 1
 1 1 1 1 1
 1 1 1 1 1
 1 1 1 1 1
 1 1 1 1 1
 1 1 1 1 1
 1 1 1 1 1
 1 1 1 1 1
 1 1 1 1 1
 1 1 1 1 1
 1 1 1 1 1
 1 1 1 1 1
 1 1 1 1 1
 1 1 1 1 1
pf_obs 
 0.256992 0.487395 0.22802 0.0275931 0
 0.321318 0.546541 0.124235 0.00734118 0.000564706
 0.182869 0.594174 0.210203 0.0122559 0.00049798
 0.330522 0.361315 0.267642 0.0388342 0.00168674
 0.649043 0.306663 0.0425973 0.00169635 0
 0.582887 0.30429 0.105238 0.00758474 0
 0.465427 0.430635 0.0974691 0.00646863 0
 0.296916 0.608066 0.0921331 0.00288517 0
 0.311714 0.524322 0.152257 0.0117073 0
 0.15457 0.633149 0.183074 0.0267441 0.00246327
 0.131901 0.49318 0.331252 0.0422183 0.00144891
 0.196976 0.569456 0.194076 0.0375587 0.00193317
 0.518974 0.381816 0.0799577 0.0180837 0.00116848
 0.0928022 0.601141 0.25162 0.0475244 0.00691264
 0.122501 0.610282 0.24278 0.0234846 0.000952079
 0.383417 0.481906 0.127806 0.00687128 0
 0.0376549 0.599619 0.316969 0.0457579 0
 0.0361596 0.667082 0.258105 0.0386534 0
 0.158088 0.579412 0.248529 0.0139706 0
 0.0477256 0.309471 0.559284 0.082774 0.000745712
 0.0406174 0.521527 0.379366 0.0568643 0.0016247
 0.151134 0.462217 0.34131 0.0453401 0
 0.294876 0.26143 0.354403 0.0886775 0.000613685
 0.281977 0.475581 0.204845 0.0348837 0.00271318
 0.0841818 0.532909 0.334909 0.0458182 0.00218182
 0.115287 0.27431 0.454777 0.147771 0.00785563
 0 0 0 0 0
pf_pred 
 0.383631 0.425886 0.170479 0.0199905 1.3459e-05
 0.313904 0.540387 0.110337 0.0317258 0.00364575
 0.181077 0.587131 0.193667 0.0290061 0.00911903
 0.251288 0.422868 0.254443 0.0598678 0.0115326
 0.26994 0.449107 0.176183 0.0820948 0.0226751
 0.164021 0.527915 0.207108 0.0636622 0.0372928
 0.267578 0.366553 0.254308 0.0754349 0.036126
 0.225137 0.505734 0.15281 0.0812602 0.0350585
 0.282093 0.437048 0.201444 0.0454513 0.0339638
 0.210797 0.536758 0.171001 0.0587239 0.0227199
 0.123644 0.509371 0.271185 0.0652615 0.0305393
 0.120192 0.403535 0.313359 0.121027 0.0418856
 0.185837 0.374336 0.236864 0.134445 0.0685188
 0.199687 0.506435 0.162439 0.0715491 0.0598895
 0.270581 0.521576 0.15383 0.0302907 0.023722
 0.274709 0.556488 0.135522 0.0248347 0.00844658
 0.195915 0.550935 0.207811 0.0365483 0.00879077
 0.273301 0.419444 0.230107 0.0635535 0.0135944
 0.282136 0.481126 0.153209 0.0628419 0.0206873
 0.295636 0.469365 0.171555 0.041312 0.0221314
 0.282768 0.484674 0.168708 0.0468293 0.0170199
 0.281791 0.465881 0.184197 0.0496408 0.0184901
 0.273215 0.473728 0.178708 0.0545104 0.0198387
 0.255982 0.478484 0.188401 0.0547311 0.0224019
 0.0901036 0.566237 0.241066 0.0731346 0.0294581
 0.157771 0.270566 0.389801 0.128182 0.0536797
 0.283975 0.353877 0.13811 0.153549 0.070489
pobs_RECLAS
 0 0 0 0 0
 0 0 0 0 0
 0 0 0 0 0
 0 0 0 0 0
 0.835266 0.146461 0.0176864 0.000547809 3.91292e-05
 0.385257 0.428462 0.181853 0.0044286 0
 0.867414 0.0963971 0.0333333 0.00285562 0
 0.441836 0.489002 0.0689373 0.000224442 0
 0.779404 0.147425 0.0564933 0.0165055 0.000172143
 0.814271 0.122319 0.05973 0.00367925 0
 0.40263 0.566651 0.0304383 0.000280538 0
 0.475488 0.404961 0.113038 0.00651328 0
 0.955842 0.0263864 0.0167828 0.000988607 0
 0.975058 0.0227948 0.00214734 0 0
 0.738997 0.206755 0.0527124 0.00153531 0
 0.850938 0.134255 0.0134407 0.00136685 0
 0.542534 0.407297 0.0501686 0 0
 0.764087 0.199537 0.0359546 0.000420521 0
 0.470689 0.182191 0.310203 0.0369168 0
 0.84361 0.089868 0.0606195 0.00523954 0.000663233
 0.607945 0.314616 0.071237 0.00620181 0
 0.523733 0.453247 0.0230204 0 0
 0.530135 0.295979 0.169645 0.0042399 0
 0.562478 0.366248 0.0663022 0.0049721 0
 0.250443 0.683176 0.0655157 0.000865301 0
 0.195077 0.31981 0.436473 0.0351445 0.0134964
 0.565238 0.351407 0.0832357 0.000118908 0
ppred_RECLAS
 0.763649 0.176232 0.0538975 0.00621702 4.18207e-06
 0.696429 0.251676 0.0394508 0.0111625 0.00128164
 0.534018 0.358406 0.0901286 0.0132766 0.00417026
 0.635273 0.228722 0.106564 0.0246888 0.00475201
 0.653627 0.233655 0.0710928 0.0326221 0.0090031
 0.502748 0.34342 0.103962 0.0314583 0.0184126
 0.659251 0.192697 0.103402 0.030199 0.0144505
 0.599561 0.284606 0.0662268 0.0346636 0.0149425
 0.67203 0.219764 0.0779659 0.0173139 0.012927
 0.576051 0.311465 0.0765854 0.0258908 0.0100086
 0.428661 0.368765 0.150336 0.0355948 0.0166423
 0.427755 0.3011 0.179393 0.0681772 0.0235749
 0.562005 0.232371 0.111616 0.0622906 0.0317174
 0.592306 0.28708 0.067272 0.0290507 0.024291
 0.676711 0.250532 0.0541285 0.0104518 0.00817675
 0.657977 0.277775 0.0517485 0.00932921 0.00317023
 0.556617 0.328075 0.0949316 0.0164286 0.00394809
 0.663707 0.215303 0.0909736 0.024731 0.00528565
 0.667241 0.241547 0.0593597 0.0239683 0.00788371
 0.681503 0.229971 0.0649035 0.0153865 0.00823586
 0.665557 0.244123 0.0658034 0.0179853 0.00653132
 0.666262 0.235449 0.0720533 0.0191198 0.00711587
 0.656689 0.24323 0.0710022 0.0213241 0.00775441
 0.636913 0.254351 0.0775021 0.0221682 0.00906616
 0.336458 0.452113 0.149005 0.0445107 0.0179138
 0.509349 0.186745 0.208259 0.0674316 0.0282156
 0.67852 0.180249 0.0543887 0.0595346 0.0273076
pobs_PELACES
 0 0 0 0 0
 0 0 0 0 0
 0 0 0 0 0
 0 0 0 0 0
 0 0 0 0 0
 0 0 0 0 0
 0 0 0 0 0
 0 0 0 0 0
 0 0 0 0 0
 0 0 0 0 0
 0.450072 0.473896 0.0757376 0.000293798 0
 0 0 0 0 0
 0.463077 0.371075 0.160297 0.00555027 0
 0.529543 0.364841 0.0842815 0.0213345 0
 0.631943 0.363953 0.00410389 0 0
 0.735681 0.248677 0.0153453 0.000297389 0
 0.695825 0.281241 0.0229344 0 0
 0.275771 0.60734 0.115278 0.00161068 0
 0 0 0 0 0
 0.896147 0.0623911 0.0374545 0.00400742 0
 0.803859 0.145111 0.0509908 3.86294e-05 0
 0.739449 0.233085 0.0266225 0.000797448 4.60066e-05
 0.878498 0.100942 0.0204185 0.000141795 0
 0.694673 0.275183 0.0284847 0.00165964 0
 0.469039 0.446079 0.0841089 0.000773354 0
 0.822795 0.102175 0.0682046 0.00682512 0
 0 0 0 0 0
ppred_PELACES
 0.809203 0.144021 0.0419501 0.00482266 3.24354e-06
 0.743547 0.213975 0.0323119 0.00911906 0.00104687
 0.603801 0.308479 0.0735383 0.0107929 0.00338946
 0.670292 0.207536 0.0957397 0.0221658 0.00426625
 0.682347 0.214429 0.0651082 0.0298717 0.00824398
 0.551022 0.312296 0.0924189 0.0279217 0.0163413
 0.69634 0.172823 0.0914069 0.0266691 0.0127607
 0.649267 0.251401 0.0568415 0.0296924 0.0127982
 0.718203 0.19074 0.0656478 0.014548 0.0108607
 0.621767 0.279523 0.0672398 0.0226971 0.00877333
 0.493408 0.332092 0.129604 0.030594 0.0143019
 0.489933 0.273439 0.1567 0.0593935 0.0205346
 0.640078 0.196673 0.0887899 0.0493409 0.0251178
 0.704176 0.215719 0.0448451 0.0192068 0.0160528
 0.770883 0.182131 0.0350296 0.00670996 0.00524716
 0.713977 0.234298 0.0416884 0.00749184 0.00254543
 0.615553 0.287377 0.0799553 0.0137995 0.00331578
 0.709496 0.187915 0.0771755 0.020939 0.00447472
 0.708396 0.212993 0.0511871 0.0206366 0.00678728
 0.720513 0.20297 0.0561205 0.0132855 0.00711077
 0.6986 0.220581 0.0588922 0.0160857 0.00584129
 0.700602 0.211951 0.0641188 0.0170008 0.00632697
 0.692245 0.218853 0.0630875 0.0189307 0.00688373
 0.673358 0.22968 0.0691265 0.0197557 0.00807914
 0.372407 0.429134 0.139895 0.0417582 0.0168054
 0.549575 0.172652 0.190397 0.0616007 0.0257747
 0.715443 0.16071 0.0477266 0.0521849 0.023935
pobs_pel_tallas
 0 0 0 0 0 0 0 0 0 0 0 0 0 0 0 0 0 0 0 0 0 0 0 0 0 0 0 0 0 0 0 0 0 0 0 0
 0 0 0 0 0 0 0 0 0 0 0 0 0 0 0 0 0 0 0 0 0 0 0 0 0 0 0 0 0 0 0 0 0 0 0 0
 0 0 0 0 0 0 0 0 0 0 0 0 0 0 0 0 0 0 0 0 0 0 0 0 0 0 0 0 0 0 0 0 0 0 0 0
 0 0 0 0 0 0 0 0 0 0 0 0 0 0 0 0 0 0 0 0 0 0 0 0 0 0 0 0 0 0 0 0 0 0 0 0
 0 0 0 0 0 0 0 0 0 0 0 0 0 0 0 0 0 0 0 0 0 0 0 0 0 0 0 0 0 0 0 0 0 0 0 0
 0 0 0 0 0 0 0 0 0 0 0 0 0 0 0 0 0 0 0 0 0 0 0 0 0 0 0 0 0 0 0 0 0 0 0 0
 0 0 0 0 0 0 0 0 0 0 0 0 0 0 0 0 0 0 0 0 0 0 0 0 0 0 0 0 0 0 0 0 0 0 0 0
 0 0 0 0 0 0 0 0 0 0 0 0 0 0 0 0 0 0 0 0 0 0 0 0 0 0 0 0 0 0 0 0 0 0 0 0
 0 0 0 0 0 0 0 0 0 0 0 0 0 0 0 0 0 0 0 0 0 0 0 0 0 0 0 0 0 0 0 0 0 0 0 0
 0 0 0 0 0 0 0 0 0 0 0 0 0 0 0 0 0 0 0 0 0 0 0 0 0 0 0 0 0 0 0 0 0 0 0 0
 0 0 0 0 0 0 0 0 1.78061e-05 0.00172719 0.00360574 0.0105946 0.0120993 0.0124554 0.0147524 0.0171206 0.0266825 0.0428682 0.0675386 0.121331 0.153587 0.119568 0.100827 0.0573624 0.0630603 0.0341343 0.0324427 0.0444173 0.0211091 0.0280891 0.0125444 0.00206551 0 0 0 0
 0 0 0 0 0 0 0 0 0 0 0 0 0 0 0 0 0 0 0 0 0 0 0 0 0 0 0 0 0 0 0 0 0 0 0 0
 0 0 0 0 0 0 0.0133647 0.0140871 0.0187388 0.0205184 0.03894 0.0496705 0.03968 0.0493445 0.0407372 0.0367815 0.0215668 0.0243155 0.0234873 0.0199281 0.019796 0.0243948 0.0301388 0.0376714 0.0412746 0.0863199 0.0771752 0.113111 0.0741005 0.0525337 0.0229764 0.00759418 0.00175318 0 0 0
 0 0 0 0 0 0 0 0 0 0 0.00219441 0.00772107 0.0458388 0.0604681 0.0671733 0.0775358 0.0609151 0.0617685 0.073594 0.0568108 0.0755445 0.0548602 0.0670107 0.0636378 0.0643287 0.046367 0.0373049 0.0286899 0.0247887 0.0153202 0.00654259 0.00121912 0.000365735 0 0 0
 0 0 0 0 0 0 0 0 0 0 0 0 0.000112435 0.00938835 0.0111873 0.0202946 0.0414886 0.0713402 0.111592 0.104902 0.108894 0.110636 0.117776 0.105296 0.107544 0.0401394 0.0192827 0.0124803 0.00416011 0.0028671 0.000618394 0 0 0 0 0
 0 0 0 0 0 0 0 0 0 0 0.00291406 0.0102884 0.027416 0.0768956 0.0749926 0.110853 0.0956884 0.0897413 0.0766577 0.0534642 0.0500743 0.0551293 0.0594112 0.0620874 0.0668451 0.0424026 0.0208742 0.0120726 0.0048766 0.00582813 0.00118941 0.000297354 0 0 0 0
 0 0.00264628 0.0354308 0.0461629 0.0458689 0.0383711 0.0214643 0.0164657 0.0346957 0.0420465 0.0363128 0.0245516 0.0311673 0.0291091 0.0169068 0.0133784 0.00837989 0.0085269 0.0148486 0.0160247 0.0276389 0.0546898 0.0760071 0.122758 0.109233 0.0665981 0.0333725 0.0166128 0.00676272 0.00308733 0.000882094 0 0 0 0 0
 0 0 0 0 0 0 0 0.000805153 0.000690131 0.00759144 0.0133425 0.0154129 0.00931677 0.000345066 0.00356568 0.00563607 0.00851162 0.0253048 0.0502646 0.0516448 0.0657925 0.0565908 0.0611916 0.0827007 0.0866115 0.110766 0.145733 0.0935128 0.0569358 0.0249597 0.0138026 0.00621118 0.00161031 0.00115022 0 0
 0 0 0 0 0 0 0 0 0 0 0 0 0 0 0 0 0 0 0 0 0 0 0 0 0 0 0 0 0 0 0 0 0 0 0 0
 0.00147267 0.00158595 0.00478618 0.00569244 0.00954404 0.0108468 0.00647125 0.017049 0.0510054 0.094081 0.124002 0.0959785 0.0687766 0.0820023 0.061753 0.0591476 0.0492212 0.0479892 0.0443925 0.0268479 0.0217502 0.0140895 0.0121071 0.0120363 0.00920419 0.00665534 0.0049561 0.00860946 0.00930331 0.0156896 0.0114698 0.00855282 0.00243557 0.00046729 0 2.83206e-05
 0 0 0 0 0.000772559 0.00158375 0.000888443 0.00281984 0.00712685 0.0440552 0.0773331 0.111326 0.0921469 0.0852325 0.0710754 0.0886704 0.0786465 0.0553345 0.0373146 0.0185414 0.00753245 0.00457741 0.012979 0.0271748 0.0457355 0.0583668 0.034881 0.0177882 0.00938659 0.00492506 0.0015258 0.00185414 0.000309023 5.79419e-05 3.86279e-05 0
 0 0.00173294 0.00326652 0 0.00397197 0.00683976 0.00946217 0.0152591 0.00757587 0.0136028 0.0228656 0.0392903 0.0559909 0.0764795 0.0681675 0.0726916 0.0566044 0.0477403 0.0527397 0.0444891 0.0609904 0.0582453 0.0661739 0.0445044 0.0529084 0.0360697 0.0280645 0.0235558 0.0158879 0.00826598 0.00280645 0.00217768 0.000904811 0.00058276 9.20147e-05 0
 0 0 0 0 0 0 0 0 0 0 0 0 0 0 0 0 0 0 0 0 0 0 0 0 0 0 0 0 0 0 0 0 0 0 0 0
 0 0 0 0 0 0 0 0 0 0 0 0 0 0 0 0 0 0 0 0 0 0 0 0 0 0 0 0 0 0 0 0 0 0 0 0
 0 0 0 0 0 0 0 0 0 0 0 0 0 0 0 0 0 0 0 0 0 0 0 0 0 0 0 0 0 0 0 0 0 0 0 0
 0 0 0 0 0 0 0 0 0 0 0 0 0 0 0 0 0 0 0 0 0 0 0 0 0 0 0 0 0 0 0 0 0 0 0 0
 0 0 0 0 0 0 0 0 0 0 0 0 0 0 0 0 0 0 0 0 0 0 0 0 0 0 0 0 0 0 0 0 0 0 0 0
ppred_pel_tallas
 1.00809e-16 3.53036e-05 0.000207211 0.000985003 0.00379234 0.0118261 0.0298717 0.0611211 0.101314 0.136058 0.148047 0.130563 0.0934061 0.0544011 0.0261935 0.0111828 0.00549561 0.00457855 0.00564321 0.00747141 0.00957813 0.011687 0.0135529 0.014951 0.0157137 0.0157675 0.015146 0.0139763 0.0124424 0.0107403 0.00903858 0.00745536 0.00605423 0.00485391 0.00384489 0.00300525
 1.00891e-16 3.24435e-05 0.000190413 0.000905131 0.00348479 0.010867 0.0274492 0.056165 0.0931009 0.125036 0.136073 0.120049 0.0859838 0.0502793 0.0245849 0.0111405 0.00642069 0.00626368 0.00810551 0.0107897 0.013793 0.0167487 0.0193013 0.0211226 0.0219759 0.0217691 0.0205756 0.018609 0.0161668 0.0135583 0.0110435 0.00879724 0.00690236 0.00536677 0.0041515 0.00319823
 1.01674e-16 2.63538e-05 0.000154653 0.000735101 0.0028301 0.00882533 0.0222923 0.0456143 0.0756159 0.101566 0.110565 0.0976235 0.070095 0.0413375 0.0208648 0.0105595 0.00762214 0.00872033 0.0117813 0.0158181 0.02029 0.0247212 0.0286092 0.031478 0.0329763 0.0329555 0.0315002 0.0288952 0.0255464 0.0218819 0.0182661 0.01495 0.0120619 0.00962999 0.00762008 0.00597144
 1.02388e-16 2.92491e-05 0.00017166 0.000815975 0.00314152 0.0097965 0.0247452 0.0506325 0.0839308 0.112722 0.122678 0.108245 0.0775592 0.0454137 0.022321 0.0103148 0.00623394 0.0063454 0.00835519 0.0112337 0.0145139 0.0178594 0.0209313 0.0234037 0.0250222 0.0256561 0.0253194 0.0241532 0.0223788 0.0202388 0.0179465 0.0156577 0.0134664 0.0114186 0.00953234 0.00781582
 1.02406e-16 2.9775e-05 0.000174747 0.000830649 0.00319801 0.00997268 0.0251903 0.0515431 0.0854402 0.114749 0.124885 0.110191 0.0789536 0.0462292 0.0227195 0.0104929 0.00632943 0.00642474 0.008438 0.0113138 0.014569 0.0178538 0.0208195 0.023136 0.0245536 0.0249561 0.0243815 0.0230001 0.0210622 0.0188334 0.0165391 0.0143338 0.0122982 0.0104555 0.00879709 0.00730514
 1.03137e-16 2.40526e-05 0.000141142 0.000670869 0.00258279 0.0080541 0.0203442 0.0416285 0.0690096 0.0926954 0.100917 0.0891251 0.0640371 0.0378538 0.0192719 0.0100269 0.00758329 0.00891663 0.0121453 0.0163665 0.02107 0.0257898 0.0300246 0.0332941 0.0352363 0.0356861 0.0347055 0.0325517 0.0296002 0.0262487 0.0228352 0.019592 0.0166396 0.0140106 0.0116871 0.00963447
 1.02867e-16 3.03835e-05 0.000178323 0.00084766 0.00326352 0.010177 0.0257063 0.0525986 0.0871885 0.117094 0.127426 0.112409 0.0804902 0.0470234 0.022914 0.0102559 0.00574695 0.00549702 0.00712349 0.0095761 0.012411 0.0153392 0.0180796 0.0203609 0.0219676 0.0227815 0.0227999 0.0221213 0.0209086 0.0193421 0.0175811 0.0157424 0.0138988 0.0120913 0.0103452 0.00868361
 1.02508e-16 2.8334e-05 0.000166283 0.000790406 0.00304306 0.00948945 0.0239697 0.049046 0.0813024 0.109196 0.118852 0.104895 0.0752165 0.0441573 0.0219174 0.0104855 0.00681702 0.00730499 0.00972102 0.0130395 0.0167557 0.020472 0.0237815 0.0263004 0.0277438 0.0279882 0.0270949 0.0252824 0.0228632 0.020164 0.0174585 0.0149298 0.0126664 0.0106823 0.00894979 0.00742868
 1.02002e-16 3.13375e-05 0.000183922 0.000874276 0.003366 0.0104965 0.0265135 0.0542503 0.0899267 0.120772 0.13143 0.115946 0.0830326 0.0485277 0.0236815 0.0106549 0.00604226 0.00582736 0.00754384 0.010093 0.0129955 0.0159281 0.018577 0.0206464 0.0219117 0.0222667 0.0217429 0.0204902 0.0187312 0.0167039 0.0146124 0.0125991 0.0107413 0.00906464 0.00756544 0.00622971
 1.02236e-16 2.7136e-05 0.000159248 0.000756953 0.00291424 0.00908773 0.022955 0.0469702 0.0778625 0.10458 0.113837 0.100491 0.0721073 0.0424304 0.021243 0.0104672 0.00720483 0.00801377 0.0107609 0.0144481 0.0185561 0.0226506 0.026278 0.0290094 0.0305261 0.0306907 0.029573 0.0274208 0.0245887 0.0214495 0.0183184 0.01541 0.0128315 0.010605 0.00870167 0.00707432
 1.03668e-16 2.15413e-05 0.000126396 0.000600761 0.00231285 0.00721229 0.0182179 0.0372781 0.0617995 0.0830158 0.0903927 0.0798636 0.0574545 0.0341078 0.0176335 0.00961371 0.00780712 0.00952959 0.0131068 0.0177191 0.0228717 0.0280832 0.0328228 0.0365746 0.0389417 0.0397294 0.0389792 0.0369375 0.0339777 0.0305027 0.0268613 0.0233009 0.0199617 0.0168995 0.0141221 0.0116204
 1.05314e-16 2.13874e-05 0.000125498 0.000596504 0.00229647 0.00716125 0.0180889 0.0370137 0.0613597 0.0824205 0.0897325 0.0792519 0.0569527 0.0336865 0.0171908 0.0090168 0.00692261 0.00823669 0.0113091 0.0153648 0.0199797 0.0247659 0.0292944 0.0331377 0.0359501 0.0375341 0.0378694 0.0370911 0.0354336 0.0331603 0.0305043 0.0276381 0.0246735 0.0216806 0.018713 0.015826
 1.04194e-16 2.79311e-05 0.000163923 0.000779197 0.00299992 0.00935494 0.0236299 0.0483503 0.0801477 0.107641 0.117149 0.103367 0.0740654 0.0433711 0.0213237 0.00986676 0.00598471 0.00611733 0.00808076 0.0109008 0.0141428 0.0174977 0.0206539 0.0233095 0.0252253 0.0262722 0.0264495 0.0258676 0.0247049 0.023154 0.0213789 0.0194921 0.0175569 0.0156032 0.0136496 0.0117198
 1.02117e-16 3.07268e-05 0.000180335 0.000857216 0.00330031 0.0102917 0.025996 0.0531917 0.0881728 0.118419 0.128876 0.113708 0.0814626 0.0476763 0.023389 0.0107304 0.00637127 0.00637929 0.00833295 0.0111392 0.0142987 0.0174538 0.0202523 0.0223653 0.0235503 0.0237044 0.0228845 0.0212832 0.0191734 0.0168396 0.0145189 0.0123691 0.010464 0.0088121 0.00738463 0.00614151
 1.01033e-16 3.36342e-05 0.000197407 0.000938384 0.00361283 0.0112663 0.0284578 0.0582284 0.0965201 0.129624 0.141057 0.124424 0.0890689 0.0519858 0.0252376 0.0111297 0.00599061 0.00549496 0.00698561 0.00928199 0.0118798 0.0144545 0.0167015 0.0183409 0.0191683 0.0191009 0.0181944 0.0166229 0.014631 0.0124747 0.0103695 0.00846136 0.00682094 0.00545823 0.00434567 0.00344072
 1.01045e-16 3.11549e-05 0.000182847 0.000869153 0.00334626 0.010435 0.026358 0.0539325 0.0894011 0.120069 0.130676 0.115304 0.0826224 0.0483884 0.0237998 0.0110211 0.00668046 0.00679179 0.00889501 0.0118693 0.0151873 0.0184588 0.0212963 0.0233399 0.0243279 0.0241564 0.022901 0.0207911 0.0181477 0.0153063 0.01255 0.0100703 0.00796046 0.00623282 0.00484939 0.00375105
 1.01858e-16 2.68654e-05 0.000157658 0.000749394 0.00288514 0.00899696 0.0227258 0.0465011 0.0770853 0.103537 0.112704 0.099498 0.0714087 0.0420476 0.021104 0.010486 0.00732938 0.00823058 0.0110785 0.0148808 0.0191136 0.0233309 0.0270645 0.0298696 0.0314144 0.0315528 0.0303532 0.0280684 0.0250639 0.0217275 0.0183911 0.0152854 0.0125321 0.0101642 0.00816009 0.00647525
 1.02086e-16 3.09578e-05 0.000181693 0.000863678 0.00332519 0.0103693 0.026192 0.0535926 0.0888365 0.119308 0.129837 0.114542 0.0820281 0.0479436 0.0234024 0.0105404 0.00599486 0.00580057 0.00752408 0.0100834 0.0130085 0.0159826 0.0186972 0.0208582 0.0222392 0.0227274 0.0223424 0.0212198 0.0195671 0.0176094 0.0155426 0.0135069 0.0115836 0.00980768 0.00818791 0.00672357
 1.01823e-16 3.09107e-05 0.000181415 0.00086235 0.00332007 0.0103533 0.0261517 0.0535103 0.0887008 0.119127 0.129646 0.114386 0.0819436 0.0479489 0.023506 0.0107561 0.00634864 0.00632697 0.00825545 0.0110364 0.0141711 0.0173044 0.0200872 0.022192 0.0233762 0.0235344 0.0227185 0.0211154 0.018993 0.0166325 0.0142715 0.0120711 0.0101115 0.00840914 0.00694251 0.00567726
 1.01652e-16 3.14387e-05 0.000184515 0.000877093 0.00337684 0.0105303 0.0265988 0.0544251 0.0902167 0.121162 0.131857 0.116329 0.083319 0.0487199 0.0238211 0.0107945 0.00622624 0.00608821 0.00790301 0.0105599 0.0135638 0.0165716 0.0192486 0.0212812 0.0224353 0.0226072 0.0218428 0.0203172 0.0182832 0.0160087 0.0137217 0.0115789 0.00966188 0.00799125 0.00655157 0.00531375
 1.01734e-16 3.04839e-05 0.000178908 0.000850433 0.00327419 0.0102102 0.0257903 0.0527708 0.0874753 0.117482 0.127859 0.112815 0.0808322 0.0473264 0.023253 0.0107285 0.00645385 0.00653115 0.00855933 0.0114523 0.0147089 0.0179647 0.0208575 0.0230469 0.0242793 0.0244428 0.0235889 0.0219096 0.0196815 0.0171971 0.0147052 0.0123767 0.0102999 0.00849651 0.00694841 0.00562255
 1.0186e-16 3.05709e-05 0.00017942 0.000852865 0.00328355 0.0102394 0.025864 0.0529217 0.0877252 0.117817 0.128221 0.11313 0.0810474 0.0474314 0.0232656 0.0106693 0.0063309 0.00633983 0.00828965 0.0110968 0.0142688 0.0174543 0.0203052 0.0224935 0.0237726 0.0240302 0.023309 0.0217856 0.0197178 0.0173796 0.0150053 0.0127574 0.010722 0.00892422 0.00735331 0.00598508
 1.0194e-16 3.02068e-05 0.000177281 0.000842698 0.0032444 0.0101173 0.0255557 0.0522908 0.0866796 0.116414 0.126696 0.11179 0.0800991 0.0469001 0.0230491 0.0106443 0.00641778 0.00650849 0.00853891 0.0114346 0.0147006 0.0179771 0.0209058 0.0231485 0.0244519 0.0247017 0.0239438 0.0223624 0.0202252 0.017816 0.0153764 0.0130733 0.0109936 0.00916112 0.00756222 0.00616989
 1.02113e-16 2.93836e-05 0.000172448 0.000819717 0.00315592 0.0098414 0.0248587 0.0508648 0.0843163 0.113242 0.123248 0.108757 0.0779482 0.0456851 0.0225349 0.0105468 0.00655038 0.00679633 0.0089739 0.0120328 0.015478 0.018938 0.022038 0.0244231 0.0258262 0.0261257 0.0253673 0.0237414 0.0215259 0.0190161 0.0164639 0.0140437 0.0118472 0.00990095 0.00819294 0.00669757
 1.04346e-16 1.6269e-05 9.54346e-05 0.000453546 0.001746 0.00544456 0.0137529 0.0281431 0.046661 0.0626968 0.0683119 0.0604589 0.0437214 0.0264108 0.014492 0.0092421 0.00905222 0.0119568 0.0167026 0.0226056 0.0291378 0.0357009 0.041613 0.0462127 0.0489974 0.0497321 0.0484918 0.0456188 0.0416189 0.0370311 0.0323168 0.0277965 0.0236423 0.0199091 0.0165844 0.0136325
 1.06081e-16 2.39841e-05 0.000140752 0.000669042 0.0025758 0.00803234 0.0202891 0.0415147 0.0688173 0.0924259 0.100594 0.0887706 0.0636311 0.0373113 0.0184416 0.00870566 0.00553422 0.00589574 0.00794439 0.0108742 0.0143391 0.0180917 0.0218663 0.0253828 0.0283888 0.0306989 0.0322154 0.0329232 0.0328666 0.0321198 0.0307642 0.0288795 0.0265484 0.0238652 0.0209436 0.0179144
 1.03642e-16 3.12158e-05 0.000183211 0.000870901 0.00335301 0.0104561 0.0264112 0.0540408 0.0895785 0.120301 0.130912 0.115473 0.082659 0.0482395 0.0234109 0.0103143 0.00554629 0.00510063 0.00652459 0.00874204 0.0113101 0.0139555 0.0164221 0.0184684 0.0199083 0.0206492 0.0207048 0.0201794 0.0192294 0.0180174 0.0166749 0.0152847 0.0138827 0.0124747 0.0110569 0.00963275
pSPR Fmed_Fpbrs
0.491196   0.6 0.325
Fs Fmed_Fpbrs
0.64   0.408985 1.32301
SSBpbr Bo_Bmed_Bpbrs
1.62398e+06  716492  893188 446594
Ro
50011.1
SPR SPRFo_SPRFmed_SPRFpbrs
1.03294e+06 507376 335706
log_Ro
10.64
likeval ReclasPelacesDesembMPH_pf_preclas_ppelaces_ptallas_desvR_qrecl_qpela
 65.232 17.599 0.0336432 54.4339 335.278 217.861 54.7281 0 18.0766 4.24831e-05 1.44945e-05 1.61958e-15 0 0 0
q_reclas_q_pelaces
0.397081 1.71883
M
0.7
N
 50936.1 12785.8 4210.18 488.117 0.328437
 61286.9 22949.1 3806.7 1081.3 124.177
 37939.5 28249.4 7702.74 1141.01 358.506
 51005 16935.6 8009.88 1857.65 357.574
 77875.7 24832.3 7579.29 3478.64 960.05
 57904.6 38512.6 12066.6 3659.93 2142.44
 100001 27481.8 15073.3 4408.87 2109.85
 101731 48247.5 11727.1 6156.49 2654.32
 145030 47700.7 17718.6 3947.23 2947.61
 129182 67791.3 17232.4 5839.02 2257.48
 67064.2 61402.7 26743.4 6360.9 2974.75
 41578.7 30526.1 19290.8 7361.17 2545.96
 40161.5 19106.1 10081.1 5662.59 2884.3
 24726.7 17623.3 4951.24 2165.03 1811.52
 18022.7 9669.43 2491.71 487.005 381.247
 15639.6 7096.33 1417.34 256.747 87.2696
 11509 7086.03 2176.02 378.121 90.8894
 16328.8 5284.8 2331.31 635.648 135.875
 21770.1 7661.53 1947.58 788.229 259.298
 31763.1 10339.8 3010.22 715.15 382.84
 44827.5 15140.8 4140.74 1132.87 411.421
 66555.1 21840.2 6801.45 1806.98 672.552
 93490.3 32298.6 9609.83 2889.92 1050.98
 121671 45275.2 14056 4025.67 1646.5
 47366.9 58950.3 19752.5 5907.21 2377.57
 67694.8 23014.9 26105.7 8462.58 3541.24
 130795 32873.2 10161.5 11141.4 5110.86
pred_Ctot
 3415.19 3791.36 1517.65 177.961 0.119816
 3177.7 5470.42 1116.96 321.165 36.9065
 2775.34 8998.87 2968.3 444.572 139.766
 719.169 1210.22 728.199 171.338 33.0056
 230.773 383.942 150.619 70.183 19.385
 1848.13 5948.37 2333.63 717.324 420.202
 2047.6 2804.99 1946.05 577.254 276.449
 4093.58 9195.57 2778.48 1477.52 637.455
 6145.18 9520.75 4388.29 990.12 739.875
 3988.68 10156.5 3235.68 1111.17 429.905
 4042.04 16651.9 8865.3 2133.46 998.36
 2242.07 7527.54 5845.4 2257.64 781.333
 3384.42 6817.33 4313.71 2448.49 1247.85
 3831.45 9717.09 3116.75 1372.83 1149.11
 2720.36 5243.81 1546.57 304.535 238.496
 990.56 2006.61 488.672 89.5501 30.4571
 626.153 1760.82 664.175 116.81 28.0957
 649.672 997.072 546.994 151.075 32.3156
 683.79 1166.06 371.319 152.305 50.1381
 917.856 1457.23 532.624 128.261 68.7108
 609.537 1044.77 363.669 100.945 36.6883
 1090.02 1802.11 712.506 192.019 71.5231
 1668.94 2893.78 1091.65 332.978 121.186
 2131.36 3983.97 1568.67 455.704 186.523
 734.956 4618.68 1966.33 596.544 240.283
 1077.51 1847.85 2662.18 875.43 366.61
 2947.89 3673.53 1433.7 1593.97 731.733
F
 0.0972918 0.511576 0.659344 0.669522 0.670067
 0.0744945 0.391704 0.504847 0.512641 0.513057
 0.106576 0.560396 0.722266 0.733415 0.734012
 0.019778 0.103996 0.134035 0.136104 0.136214
 0.00412807 0.0217061 0.0279758 0.0284077 0.0284308
 0.0452741 0.238059 0.306821 0.311558 0.311811
 0.028836 0.151624 0.195421 0.198438 0.198599
 0.0573831 0.30173 0.388884 0.394887 0.395208
 0.0605066 0.318153 0.410051 0.416381 0.41672
 0.0437693 0.230146 0.296624 0.301203 0.301448
 0.0870696 0.457826 0.590069 0.599178 0.599665
 0.0775784 0.40792 0.525746 0.533863 0.534297
 0.123688 0.650371 0.838229 0.851169 0.851861
 0.238915 1.25625 1.61912 1.64411 1.64545
 0.232055 1.22019 1.57263 1.59691 1.59821
 0.0916818 0.482078 0.621325 0.630917 0.63143
 0.0782961 0.411694 0.530611 0.538802 0.53924
 0.0567213 0.29825 0.384398 0.390332 0.39065
 0.0445402 0.2342 0.301848 0.306508 0.306757
 0.0409119 0.215122 0.277259 0.281539 0.281768
 0.019067 0.100257 0.129217 0.131211 0.131318
 0.0230056 0.120967 0.155908 0.158315 0.158444
 0.0250989 0.131974 0.170095 0.17272 0.172861
 0.0246241 0.129478 0.166877 0.169453 0.169591
 0.0217838 0.114543 0.147628 0.149907 0.150029
 0.0223523 0.117532 0.151481 0.153819 0.153944
 0.0317817 0.167113 0.215384 0.218709 0.218887
Np
 39230.6 18358.2 22865.2 4586.52 1785.49
YTP_r0W_actual
 44621 139430 77795.8 110332 56203.6
YTP_p0W_proyectada
 13383.6 266869 105744 40287.7 68395.4
 13383.6 77865.6 175054 45419.6 19634.8
CTP_r0_actual
 5441.59 6455.11 2477.57 2751.42 1263
CTP_p0_proyectada
 1632.15 12355.1 3367.65 1004.68 1536.98
 1632.15 3604.89 5574.97 1132.66 441.232
Wmedp
 8.2 21.6 31.4 40.1 44.5
nmprior
 10.8 10.6 4.6 0
nm_flota  nm_reclas  nm_pelaces    nm_pelaL
inf 13.0898 20.1178 66.8361
cv_recla  cv_pelaces  cv_mph
0.699457 0.459551 0.591551
 ------------------------------------------------
Talla a la edad & desviaci?n 
 7.2 14.2025 17.0495 18.207 18.6776
 1.08 2.13037 2.55742 2.73105 2.80164
