years
 1997 1998 1999 2000 2001 2002 2003 2004 2005 2006 2007 2008 2009 2010 2011 2012 2013 2014 2015 2016 2017 2018 2019 2020 2021 2022 2023
reclasobs
 0 0 0 370054 412103 1.49427e+06 250295 1.28982e+06 931140 785840 897777 1.04006e+06 184774 17550 25797 100020 73551 82996 120727 218422 84188 347160 605670 569463 516374 1.08416e+06 1.01767e+06
reclaspred
 8.34746e+06 1.50803e+06 1.76209e+06 262524 223537 337192 618514 598471 624552 914528 1.02199e+06 715157 394467 139309 81870.4 92988.7 86426.6 95889.5 123355 144397 201720 244780 431545 534893 905027 715798 278846
pelacesobs
 0 0 0 0 0 0 0 0 0 2.06254e+06 1.5e+06 0 1.87456e+06 323000 250000 174000 83755 137374 0 501740 490994 745055 786931 1.00524e+06 1.33801e+06 1.41789e+06 0
pelacespred
 1.39017e+07 6.53497e+06 1.30441e+06 439432 655731 536528 2.00551e+06 1.64148e+06 1.69327e+06 2.61753e+06 2.11101e+06 1.55184e+06 952792 288491 178717 188382 170992 207051 257320 267879 524042 558108 727781 1.15545e+06 1.7278e+06 1.25314e+06 340564
mphobs
 0 0 0 0 0 0 112323 0 153150 637223 0 255016 313432 73983 77613 109348 50772 17779 17303 59886 28197 0 207744 136588 643089 65757 70829
mphpred
 1.45872e+06 607111 232832 67913.5 42236.9 153373 168896 322311 273690 351800 454948 287740 187246 132595 60263.7 48641 36486.1 39966.6 37559.1 37810.7 48662.4 75574.7 91676.9 134413 213073 131936 103729
desembarqueobs
 350755 77701 442110 56441 14545 235359 269955 359681 431902 328805 639364 411747 362871 311530 167758 66681 60226 58785 57116 73181 50977 67692 138656 160484 209506 203330 245020
desembarquepred
 350744 77677.7 441473 56399.5 14541.2 235121 269789 358920 431105 328499 638073 410862 362132 310742 167228 66612 60188.1 58658.8 56990.8 73077.2 50947.3 67593.2 138540 160346 209335 202994 244581
Reclutas
 6040.21 8377.61 1000.24 3286.34 39161 10796.1 64560 49693.5 73124.3 111562 58146.8 55692.8 54730.7 29036.5 12970.6 8925.82 6116.16 7861.35 8964.92 7306.55 15725.9 19263.6 26368.5 51681.7 7469.45 30370.7 994.019
log_desv_Rt
 -0.973806 -0.646682 -2.772 -1.58247 0.895438 -0.39306 1.39535 1.13363 1.51992 1.94233 1.29073 1.24761 1.23018 0.596308 -0.209563 -0.583297 -0.96131 -0.710286 -0.578925 -0.783473 -0.0169351 0.18597 0.499924 1.17286 -0.761424 0.641235 -2.77824
SSB
 1.70959e+06 711520 272873 79593.1 49500.6 179750 188240 369993 306040 399334 533188 337224 232114 126559 62009.2 49643.7 40974.3 41539.1 53489.6 59546.2 68393.3 101935 129618 175812 318783 216555 155525
BT
 2.12202e+06 845179 388984 124347 237715 282623 1.01191e+06 858238 995865 1.12805e+06 1.10238e+06 820017 672101 386507 200424 106837 97747.5 113262 112939 122064 197499 178854 256269 440885 440371 442038 241915
Ftot
 0.160508 0.281238 1.33832 1.22076 0.384496 1.75969 2.04175 1.81915 2.39822 1.28629 1.81658 1.91798 2.87267 4.95303 4.74849 1.98054 2.07792 2.03006 1.42954 1.54873 0.95277 0.91451 1.07079 1.10456 0.698272 1.24076 2.23167
BD_Bspro_t
 0.977101 0.832209 0.558654 0.170119 0.209782 0.533242 0.365737 0.463143 0.366749 0.391086 0.421759 0.260321 0.196035 0.12824 0.0759597 0.0749766 0.0867458 0.122957 0.191172 0.251323 0.305867 0.45892 0.474594 0.476442 0.550479 0.378121 0.299433
BD_Bspro
 5.17502 2.15381 0.826003 0.240933 0.149841 0.544112 0.569814 1.11999 0.926399 1.2088 1.61399 1.0208 0.702621 0.383101 0.187705 0.150274 0.124032 0.125741 0.161916 0.18025 0.20703 0.308564 0.39236 0.532193 0.964975 0.655523 0.470784
BD_Bo
 2.97274 1.23723 0.474489 0.138401 0.0860747 0.312559 0.327324 0.643366 0.53216 0.694385 0.92714 0.586386 0.403613 0.220068 0.107825 0.0863234 0.0712486 0.0722307 0.0930109 0.103542 0.118926 0.177251 0.225387 0.305712 0.554319 0.376558 0.270437
BD_Brms
 5.40497 2.24952 0.862706 0.251638 0.156499 0.56829 0.595134 1.16976 0.967564 1.26252 1.68571 1.06616 0.733842 0.400124 0.196046 0.156952 0.129543 0.131329 0.169111 0.188259 0.21623 0.322275 0.409794 0.555841 1.00785 0.684652 0.491703
S_f
 0.0759137 0.840961 0.997071 0.999954 0.999999
 0.0759137 0.840961 0.997071 0.999954 0.999999
 0.0759137 0.840961 0.997071 0.999954 0.999999
 0.0759137 0.840961 0.997071 0.999954 0.999999
 0.0759137 0.840961 0.997071 0.999954 0.999999
 0.0759137 0.840961 0.997071 0.999954 0.999999
 0.0759137 0.840961 0.997071 0.999954 0.999999
 0.0759137 0.840961 0.997071 0.999954 0.999999
 0.0759137 0.840961 0.997071 0.999954 0.999999
 0.0759137 0.840961 0.997071 0.999954 0.999999
 0.0759137 0.840961 0.997071 0.999954 0.999999
 0.0759137 0.840961 0.997071 0.999954 0.999999
 0.0759137 0.840961 0.997071 0.999954 0.999999
 0.0759137 0.840961 0.997071 0.999954 0.999999
 0.0759137 0.840961 0.997071 0.999954 0.999999
 0.0759137 0.840961 0.997071 0.999954 0.999999
 0.0759137 0.840961 0.997071 0.999954 0.999999
 0.0759137 0.840961 0.997071 0.999954 0.999999
 0.0759137 0.840961 0.997071 0.999954 0.999999
 0.0759137 0.840961 0.997071 0.999954 0.999999
 0.0759137 0.840961 0.997071 0.999954 0.999999
 0.0759137 0.840961 0.997071 0.999954 0.999999
 0.0759137 0.840961 0.997071 0.999954 0.999999
 0.0759137 0.840961 0.997071 0.999954 0.999999
 0.0759137 0.840961 0.997071 0.999954 0.999999
 0.0759137 0.840961 0.997071 0.999954 0.999999
 0.0759137 0.840961 0.997071 0.999954 0.999999
Scru_reclas
 0.0813673 0.308323 0.691677 0.918633 0.982704
 0.0813673 0.308323 0.691677 0.918633 0.982704
 0.0813673 0.308323 0.691677 0.918633 0.982704
 0.0813673 0.308323 0.691677 0.918633 0.982704
 0.0813673 0.308323 0.691677 0.918633 0.982704
 0.0813673 0.308323 0.691677 0.918633 0.982704
 0.0813673 0.308323 0.691677 0.918633 0.982704
 0.0813673 0.308323 0.691677 0.918633 0.982704
 0.0813673 0.308323 0.691677 0.918633 0.982704
 0.0813673 0.308323 0.691677 0.918633 0.982704
 0.0813673 0.308323 0.691677 0.918633 0.982704
 0.0813673 0.308323 0.691677 0.918633 0.982704
 0.0813673 0.308323 0.691677 0.918633 0.982704
 0.0813673 0.308323 0.691677 0.918633 0.982704
 0.0813673 0.308323 0.691677 0.918633 0.982704
 0.0813673 0.308323 0.691677 0.918633 0.982704
 0.0813673 0.308323 0.691677 0.918633 0.982704
 0.0813673 0.308323 0.691677 0.918633 0.982704
 0.0813673 0.308323 0.691677 0.918633 0.982704
 0.0813673 0.308323 0.691677 0.918633 0.982704
 0.0813673 0.308323 0.691677 0.918633 0.982704
 0.0813673 0.308323 0.691677 0.918633 0.982704
 0.0813673 0.308323 0.691677 0.918633 0.982704
 0.0813673 0.308323 0.691677 0.918633 0.982704
 0.0813673 0.308323 0.691677 0.918633 0.982704
 0.0813673 0.308323 0.691677 0.918633 0.982704
 0.0813673 0.308323 0.691677 0.918633 0.982704
Scru_pelaces
 0.209997 0.572241 0.870676 0.971332 0.99417
 0.209997 0.572241 0.870676 0.971332 0.99417
 0.209997 0.572241 0.870676 0.971332 0.99417
 0.209997 0.572241 0.870676 0.971332 0.99417
 0.209997 0.572241 0.870676 0.971332 0.99417
 0.209997 0.572241 0.870676 0.971332 0.99417
 0.209997 0.572241 0.870676 0.971332 0.99417
 0.209997 0.572241 0.870676 0.971332 0.99417
 0.209997 0.572241 0.870676 0.971332 0.99417
 0.209997 0.572241 0.870676 0.971332 0.99417
 0.209997 0.572241 0.870676 0.971332 0.99417
 0.209997 0.572241 0.870676 0.971332 0.99417
 0.209997 0.572241 0.870676 0.971332 0.99417
 0.209997 0.572241 0.870676 0.971332 0.99417
 0.209997 0.572241 0.870676 0.971332 0.99417
 0.209997 0.572241 0.870676 0.971332 0.99417
 0.209997 0.572241 0.870676 0.971332 0.99417
 0.209997 0.572241 0.870676 0.971332 0.99417
 0.209997 0.572241 0.870676 0.971332 0.99417
 0.209997 0.572241 0.870676 0.971332 0.99417
 0.209997 0.572241 0.870676 0.971332 0.99417
 0.209997 0.572241 0.870676 0.971332 0.99417
 0.209997 0.572241 0.870676 0.971332 0.99417
 0.209997 0.572241 0.870676 0.971332 0.99417
 0.209997 0.572241 0.870676 0.971332 0.99417
 0.209997 0.572241 0.870676 0.971332 0.99417
 0.209997 0.572241 0.870676 0.971332 0.99417
pf_obs 
 0.256992 0.487395 0.22802 0.0275931 0
 0.321318 0.546541 0.124235 0.00734118 0.000564706
 0.182869 0.594174 0.210203 0.0122559 0.00049798
 0.330522 0.361315 0.267642 0.0388342 0.00168674
 0.649043 0.306663 0.0425973 0.00169635 0
 0.582887 0.30429 0.105238 0.00758474 0
 0.465427 0.430635 0.0974691 0.00646863 0
 0.296916 0.608066 0.0921331 0.00288517 0
 0.311714 0.524322 0.152257 0.0117073 0
 0.15457 0.633149 0.183074 0.0267441 0.00246327
 0.131901 0.49318 0.331252 0.0422183 0.00144891
 0.196976 0.569456 0.194076 0.0375587 0.00193317
 0.518974 0.381816 0.0799577 0.0180837 0.00116848
 0.0928022 0.601141 0.25162 0.0475244 0.00691264
 0.122501 0.610282 0.24278 0.0234846 0.000952079
 0.383417 0.481906 0.127806 0.00687128 0
 0.0376549 0.599619 0.316969 0.0457579 0
 0.0361596 0.667082 0.258105 0.0386534 0
 0.158088 0.579412 0.248529 0.0139706 0
 0.0477256 0.309471 0.559284 0.082774 0.000745712
 0.0406174 0.521527 0.379366 0.0568643 0.0016247
 0.151134 0.462217 0.34131 0.0453401 0
 0.294876 0.26143 0.354403 0.0886775 0.000613685
 0.281977 0.475581 0.204845 0.0348837 0.00271318
 0.0841818 0.532909 0.334909 0.0458182 0.00218182
 0.115287 0.27431 0.454777 0.147771 0.00785563
 0 0 0 0 0
pf_pred 
 0.00787148 0.636232 0.314309 0.0415863 1.69705e-06
 0.0217137 0.0775323 0.614376 0.253006 0.0333726
 0.00762449 0.229728 0.0722349 0.471408 0.219004
 0.127413 0.132888 0.2153 0.0499138 0.474486
 0.671349 0.249082 0.0154584 0.0187296 0.0453817
 0.0764915 0.889107 0.0273093 0.00138186 0.00571071
 0.595899 0.268887 0.131648 0.00283442 0.000731413
 0.212857 0.77011 0.0127084 0.00421164 0.000113277
 0.340725 0.573999 0.0839859 0.000964267 0.000326035
 0.317285 0.646005 0.0334924 0.00316936 4.83086e-05
 0.136796 0.774543 0.0850781 0.00327035 0.000312526
 0.216786 0.626106 0.145516 0.0111269 0.00046555
 0.280878 0.637154 0.069918 0.0111664 0.000883597
 0.254753 0.707252 0.0352493 0.00234498 0.000400486
 0.253304 0.733542 0.0128435 0.000287696 2.20803e-05
 0.235861 0.747743 0.0162605 0.00013201 3.13935e-06
 0.18857 0.724112 0.0860314 0.00127597 1.05326e-05
 0.297724 0.61176 0.0837155 0.00670092 9.94958e-05
 0.254829 0.687189 0.0526983 0.00488972 0.000394439
 0.185702 0.711101 0.0972165 0.00543765 0.000542191
 0.329152 0.555781 0.104191 0.0102491 0.000626738
 0.220122 0.690825 0.0768149 0.0110867 0.00115197
 0.231831 0.624663 0.13051 0.0112171 0.00177912
 0.312344 0.575389 0.0955872 0.0151766 0.00150398
 0.030596 0.857256 0.0977181 0.0122949 0.00213502
 0.258383 0.227363 0.466075 0.0420022 0.006177
 0.0106747 0.876494 0.0420309 0.0641988 0.00660186
pobs_RECLAS
 0 0 0 0 0
 0 0 0 0 0
 0 0 0 0 0
 0 0 0 0 0
 0.835266 0.146461 0.0176864 0.000547809 3.91292e-05
 0.385257 0.428462 0.181853 0.0044286 0
 0.867414 0.0963971 0.0333333 0.00285562 0
 0.441836 0.489002 0.0689373 0.000224442 0
 0.779404 0.147425 0.0564933 0.0165055 0.000172143
 0.814271 0.122319 0.05973 0.00367925 0
 0.40263 0.566651 0.0304383 0.000280538 0
 0.475488 0.404961 0.113038 0.00651328 0
 0.955842 0.0263864 0.0167828 0.000988607 0
 0.975058 0.0227948 0.00214734 0 0
 0.738997 0.206755 0.0527124 0.00153531 0
 0.850938 0.134255 0.0134407 0.00136685 0
 0.542534 0.407297 0.0501686 0 0
 0.764087 0.199537 0.0359546 0.000420521 0
 0.470689 0.182191 0.310203 0.0369168 0
 0.84361 0.089868 0.0606195 0.00523954 0.000663233
 0.607945 0.314616 0.071237 0.00620181 0
 0.523733 0.453247 0.0230204 0 0
 0.530135 0.295979 0.169645 0.0042399 0
 0.562478 0.366248 0.0663022 0.0049721 0
 0.250443 0.683176 0.0655157 0.000865301 0
 0.195077 0.31981 0.436473 0.0351445 0.0134964
 0.565238 0.351407 0.0832357 0.000118908 0
ppred_RECLAS
 0.01709 0.468812 0.437448 0.0766463 3.34577e-06
 0.0318704 0.038358 0.573132 0.312541 0.0440989
 0.0118369 0.109446 0.0630841 0.544863 0.27077
 0.178345 0.0578466 0.17253 0.0529413 0.538337
 0.818059 0.101641 0.0118739 0.0190502 0.0493756
 0.215669 0.729316 0.0403661 0.00270237 0.011946
 0.806542 0.101689 0.0885516 0.00252179 0.000696081
 0.478722 0.499771 0.0148218 0.00649849 0.000186964
 0.640559 0.285076 0.0728586 0.00110607 0.000400036
 0.589615 0.370604 0.0352888 0.00441974 7.2062e-05
 0.33612 0.549343 0.108457 0.00551551 0.000563811
 0.454629 0.373606 0.155347 0.0157137 0.000703276
 0.59588 0.32871 0.0613623 0.0129514 0.00109623
 0.683139 0.292955 0.0216603 0.00189938 0.000346968
 0.674264 0.317112 0.00835683 0.000246814 2.02616e-05
 0.518417 0.463409 0.0179761 0.000193044 4.91069e-06
 0.435407 0.464641 0.0980127 0.00192272 1.69771e-05
 0.577944 0.332401 0.0809485 0.00857046 0.000136122
 0.513187 0.420109 0.0588532 0.00722681 0.000623591
 0.407588 0.466861 0.116046 0.00858913 0.000916107
 0.570155 0.307821 0.107157 0.0139542 0.000912776
 0.442569 0.445732 0.0921377 0.0176048 0.00195672
 0.449561 0.382783 0.147966 0.0168343 0.00285612
 0.55568 0.322346 0.0989685 0.0207997 0.00220487
 0.0799643 0.732953 0.156224 0.0260245 0.00483414
 0.409023 0.111683 0.421157 0.0502352 0.00790261
 0.0340296 0.758261 0.0640652 0.129409 0.0142349
pobs_PELACES
 0 0 0 0 0
 0 0 0 0 0
 0 0 0 0 0
 0 0 0 0 0
 0 0 0 0 0
 0 0 0 0 0
 0 0 0 0 0
 0 0 0 0 0
 0 0 0 0 0
 0 0 0 0 0
 0.450072 0.473896 0.0757376 0.000293798 0
 0 0 0 0 0
 0.463077 0.371075 0.160297 0.00555027 0
 0.529543 0.364841 0.0842815 0.0213345 0
 0.631943 0.363953 0.00410389 0 0
 0.735681 0.248677 0.0153453 0.000297389 0
 0.695825 0.281241 0.0229344 0 0
 0.275771 0.60734 0.115278 0.00161068 0
 0 0 0 0 0
 0.896147 0.0623911 0.0374545 0.00400742 0
 0.803859 0.145111 0.0509908 3.86294e-05 0
 0.739449 0.233085 0.0266225 0.000797448 4.60066e-05
 0.878498 0.100942 0.0204185 0.000141795 0
 0.694673 0.275183 0.0284847 0.00165964 0
 0.469039 0.446079 0.0841089 0.000773354 0
 0.822795 0.102175 0.0682046 0.00682512 0
 0 0 0 0 0
ppred_PELACES
 0.0297765 0.564079 0.354044 0.0520988 2.17592e-06
 0.0712049 0.0574052 0.573373 0.26257 0.0354468
 0.038499 0.182591 0.0666251 0.482753 0.229531
 0.417326 0.0715242 0.135865 0.0349788 0.340306
 0.895328 0.0725972 0.00563922 0.00759694 0.0188392
 0.380415 0.593273 0.0203407 0.00114193 0.00482968
 0.922675 0.0499618 0.026562 0.000634163 0.000167475
 0.672834 0.319114 0.00584459 0.00214875 5.91469e-05
 0.832012 0.145341 0.0222655 0.00028328 9.80232e-05
 0.74155 0.242246 0.0146415 0.00153846 2.39993e-05
 0.54412 0.404274 0.0492978 0.00210222 0.000205601
 0.682407 0.248493 0.063485 0.00538427 0.000230554
 0.821647 0.157826 0.0172335 0.00304701 0.000246749
 0.915717 0.0808705 0.00314208 0.000230351 4.02577e-05
 0.906246 0.092426 0.00129349 3.19449e-05 2.50892e-06
 0.714676 0.278643 0.00661985 5.96023e-05 1.4506e-06
 0.660722 0.300067 0.038572 0.000634336 5.35879e-06
 0.776446 0.192359 0.0286167 0.00254009 3.85986e-05
 0.689365 0.282881 0.0249694 0.00257197 0.000212335
 0.606135 0.337703 0.0525661 0.00326331 0.00033301
 0.723678 0.220899 0.0496569 0.0054268 0.000339631
 0.600424 0.345214 0.0461712 0.00740388 0.000787341
 0.626541 0.292763 0.0726355 0.00693446 0.00112564
 0.719529 0.227116 0.0446774 0.00787888 0.000799091
 0.134702 0.744394 0.103808 0.0145161 0.00257985
 0.654612 0.0939699 0.225459 0.0225627 0.00339593
 0.0872622 0.795991 0.0406595 0.0688421 0.00724507
pobs_pel_tallas
 0 0 0 0 0 0 0 0 0 0 0 0 0 0 0 0 0 0 0 0 0 0 0 0 0 0 0 0 0 0 0 0 0 0 0 0
 0 0 0 0 0 0 0 0 0 0 0 0 0 0 0 0 0 0 0 0 0 0 0 0 0 0 0 0 0 0 0 0 0 0 0 0
 0 0 0 0 0 0 0 0 0 0 0 0 0 0 0 0 0 0 0 0 0 0 0 0 0 0 0 0 0 0 0 0 0 0 0 0
 0 0 0 0 0 0 0 0 0 0 0 0 0 0 0 0 0 0 0 0 0 0 0 0 0 0 0 0 0 0 0 0 0 0 0 0
 0 0 0 0 0 0 0 0 0 0 0 0 0 0 0 0 0 0 0 0 0 0 0 0 0 0 0 0 0 0 0 0 0 0 0 0
 0 0 0 0 0 0 0 0 0 0 0 0 0 0 0 0 0 0 0 0 0 0 0 0 0 0 0 0 0 0 0 0 0 0 0 0
 0 0 0 0 0 0 0 0 0 0 0 0 0 0 0 0 0 0 0 0 0 0 0 0 0 0 0 0 0 0 0 0 0 0 0 0
 0 0 0 0 0 0 0 0 0 0 0 0 0 0 0 0 0 0 0 0 0 0 0 0 0 0 0 0 0 0 0 0 0 0 0 0
 0 0 0 0 0 0 0 0 0 0 0 0 0 0 0 0 0 0 0 0 0 0 0 0 0 0 0 0 0 0 0 0 0 0 0 0
 0 0 0 0 0 0 0 0 0 0 0 0 0 0 0 0 0 0 0 0 0 0 0 0 0 0 0 0 0 0 0 0 0 0 0 0
 0 0 0 0 0 0 0 0 1.78061e-05 0.00172719 0.00360574 0.0105946 0.0120993 0.0124554 0.0147524 0.0171206 0.0266825 0.0428682 0.0675386 0.121331 0.153587 0.119568 0.100827 0.0573624 0.0630603 0.0341343 0.0324427 0.0444173 0.0211091 0.0280891 0.0125444 0.00206551 0 0 0 0
 0 0 0 0 0 0 0 0 0 0 0 0 0 0 0 0 0 0 0 0 0 0 0 0 0 0 0 0 0 0 0 0 0 0 0 0
 0 0 0 0 0 0 0.0133647 0.0140871 0.0187388 0.0205184 0.03894 0.0496705 0.03968 0.0493445 0.0407372 0.0367815 0.0215668 0.0243155 0.0234873 0.0199281 0.019796 0.0243948 0.0301388 0.0376714 0.0412746 0.0863199 0.0771752 0.113111 0.0741005 0.0525337 0.0229764 0.00759418 0.00175318 0 0 0
 0 0 0 0 0 0 0 0 0 0 0.00219441 0.00772107 0.0458388 0.0604681 0.0671733 0.0775358 0.0609151 0.0617685 0.073594 0.0568108 0.0755445 0.0548602 0.0670107 0.0636378 0.0643287 0.046367 0.0373049 0.0286899 0.0247887 0.0153202 0.00654259 0.00121912 0.000365735 0 0 0
 0 0 0 0 0 0 0 0 0 0 0 0 0.000112435 0.00938835 0.0111873 0.0202946 0.0414886 0.0713402 0.111592 0.104902 0.108894 0.110636 0.117776 0.105296 0.107544 0.0401394 0.0192827 0.0124803 0.00416011 0.0028671 0.000618394 0 0 0 0 0
 0 0 0 0 0 0 0 0 0 0 0.00291406 0.0102884 0.027416 0.0768956 0.0749926 0.110853 0.0956884 0.0897413 0.0766577 0.0534642 0.0500743 0.0551293 0.0594112 0.0620874 0.0668451 0.0424026 0.0208742 0.0120726 0.0048766 0.00582813 0.00118941 0.000297354 0 0 0 0
 0 0.00264628 0.0354308 0.0461629 0.0458689 0.0383711 0.0214643 0.0164657 0.0346957 0.0420465 0.0363128 0.0245516 0.0311673 0.0291091 0.0169068 0.0133784 0.00837989 0.0085269 0.0148486 0.0160247 0.0276389 0.0546898 0.0760071 0.122758 0.109233 0.0665981 0.0333725 0.0166128 0.00676272 0.00308733 0.000882094 0 0 0 0 0
 0 0 0 0 0 0 0 0.000805153 0.000690131 0.00759144 0.0133425 0.0154129 0.00931677 0.000345066 0.00356568 0.00563607 0.00851162 0.0253048 0.0502646 0.0516448 0.0657925 0.0565908 0.0611916 0.0827007 0.0866115 0.110766 0.145733 0.0935128 0.0569358 0.0249597 0.0138026 0.00621118 0.00161031 0.00115022 0 0
 0 0 0 0 0 0 0 0 0 0 0 0 0 0 0 0 0 0 0 0 0 0 0 0 0 0 0 0 0 0 0 0 0 0 0 0
 0.00147267 0.00158595 0.00478618 0.00569244 0.00954404 0.0108468 0.00647125 0.017049 0.0510054 0.094081 0.124002 0.0959785 0.0687766 0.0820023 0.061753 0.0591476 0.0492212 0.0479892 0.0443925 0.0268479 0.0217502 0.0140895 0.0121071 0.0120363 0.00920419 0.00665534 0.0049561 0.00860946 0.00930331 0.0156896 0.0114698 0.00855282 0.00243557 0.00046729 0 2.83206e-05
 0 0 0 0 0.000772559 0.00158375 0.000888443 0.00281984 0.00712685 0.0440552 0.0773331 0.111326 0.0921469 0.0852325 0.0710754 0.0886704 0.0786465 0.0553345 0.0373146 0.0185414 0.00753245 0.00457741 0.012979 0.0271748 0.0457355 0.0583668 0.034881 0.0177882 0.00938659 0.00492506 0.0015258 0.00185414 0.000309023 5.79419e-05 3.86279e-05 0
 0 0.00173294 0.00326652 0 0.00397197 0.00683976 0.00946217 0.0152591 0.00757587 0.0136028 0.0228656 0.0392903 0.0559909 0.0764795 0.0681675 0.0726916 0.0566044 0.0477403 0.0527397 0.0444891 0.0609904 0.0582453 0.0661739 0.0445044 0.0529084 0.0360697 0.0280645 0.0235558 0.0158879 0.00826598 0.00280645 0.00217768 0.000904811 0.00058276 9.20147e-05 0
 0 0 0 0 0 0 0 0 0 0 0 0 0 0 0 0 0 0 0 0 0 0 0 0 0 0 0 0 0 0 0 0 0 0 0 0
 0 0 0 0 0 0 0 0 0 0 0 0 0 0 0 0 0 0 0 0 0 0 0 0 0 0 0 0 0 0 0 0 0 0 0 0
 0 0 0 0 0 0 0 0 0 0 0 0 0 0 0 0 0 0 0 0 0 0 0 0 0 0 0 0 0 0 0 0 0 0 0 0
 0 0 0 0 0 0 0 0 0 0 0 0 0 0 0 0 0 0 0 0 0 0 0 0 0 0 0 0 0 0 0 0 0 0 0 0
 0 0 0 0 0 0 0 0 0 0 0 0 0 0 0 0 0 0 0 0 0 0 0 0 0 0 0 0 0 0 0 0 0 0 0 0
ppred_pel_tallas
 1.07e-16 1.33474e-06 7.74356e-06 3.66218e-05 0.000140682 0.000438415 0.00110802 0.00227184 0.00378371 0.00513557 0.00573137 0.00539551 0.004605 0.0041891 0.00484746 0.00694988 0.0106427 0.0159864 0.022957 0.0313544 0.0407215 0.0503417 0.0593274 0.0667802 0.0719733 0.0744962 0.0743184 0.0717491 0.0673222 0.0616473 0.0552827 0.0486621 0.0420834 0.0357369 0.0297506 0.0242242
 1.18837e-16 3.1209e-06 1.8276e-05 8.67961e-05 0.000334038 0.00104151 0.0026308 0.00538385 0.00892808 0.0120018 0.0130911 0.011621 0.00848164 0.00528604 0.00321431 0.00257307 0.00314765 0.00469197 0.0071343 0.0105423 0.0150232 0.0206456 0.0273892 0.0351131 0.0435383 0.052247 0.0607044 0.068302 0.0744245 0.0785297 0.080228 0.0793465 0.0759612 0.0703874 0.0631322 0.0548161
 1.28319e-16 1.69784e-06 9.91481e-06 4.70318e-05 0.000180912 0.000563983 0.00142473 0.00291685 0.00484162 0.00652236 0.00715095 0.00643471 0.00488439 0.00341593 0.00272633 0.00305206 0.00434969 0.00654474 0.00962321 0.0135958 0.0184378 0.0240583 0.0303024 0.0369756 0.0438712 0.0507871 0.0575233 0.0638613 0.0695402 0.0742452 0.0776248 0.0793379 0.0791203 0.0768489 0.0725872 0.0665914
 1.19055e-16 1.82125e-05 0.000106879 0.000508031 0.00195591 0.00609927 0.0154062 0.0315232 0.0522534 0.0701756 0.076367 0.067366 0.0482341 0.0281753 0.0137299 0.00616425 0.00352324 0.00351755 0.00478607 0.006794 0.00939513 0.0125498 0.0162165 0.0203248 0.0247728 0.0294279 0.0341253 0.0386642 0.0428097 0.0463025 0.0488819 0.0503199 0.050458 0.0492391 0.0467231 0.0430854
 1.01246e-16 3.9056e-05 0.000229248 0.00108978 0.0041958 0.0130843 0.0330497 0.067623 0.112088 0.150519 0.163762 0.144371 0.103173 0.0598644 0.0284021 0.0114002 0.00453244 0.0027312 0.00290637 0.00374282 0.00478127 0.00583418 0.00677308 0.00748921 0.00790534 0.0079916 0.00777112 0.00731085 0.0067019 0.00603566 0.00538415 0.00478966 0.00426501 0.00380148 0.00338019 0.0029824
 1.00747e-16 1.66246e-05 9.75076e-05 0.000463369 0.00178376 0.00556231 0.0140505 0.0287532 0.0476766 0.0640737 0.0698442 0.0618915 0.0449231 0.0274658 0.01566 0.0108616 0.0114697 0.0154902 0.0216046 0.029005 0.0369657 0.0446302 0.0510386 0.0552948 0.056769 0.055253 0.0510135 0.0447177 0.0372659 0.0295817 0.0224315 0.0163167 0.0114532 0.0078212 0.00524975 0.00350411
 1.00424e-16 4.02477e-05 0.000236246 0.00112306 0.00432392 0.0134838 0.0340588 0.0696876 0.11551 0.155112 0.168752 0.148757 0.106278 0.0616076 0.0291189 0.0114967 0.00427311 0.00221986 0.00215381 0.00273122 0.00350159 0.00430359 0.00504005 0.00562917 0.00600817 0.00614431 0.00604014 0.00572953 0.00526666 0.00471193 0.00411971 0.0035311 0.00297248 0.00245812 0.00199455 0.00158447
 1.00264e-16 2.93643e-05 0.000172326 0.000819121 0.00315359 0.00983414 0.0248404 0.0508281 0.0842579 0.11317 0.123189 0.108751 0.0780415 0.0459364 0.023022 0.011377 0.00785937 0.00873302 0.0116694 0.0155588 0.0198017 0.0238875 0.0272905 0.0295278 0.0302624 0.0293852 0.0270436 0.0236014 0.0195474 0.0153828 0.0115226 0.00823749 0.00564304 0.00372602 0.00239085 0.0015069
 1.00378e-16 3.62982e-05 0.00021305 0.00101276 0.00389922 0.0121594 0.0307136 0.0628438 0.104169 0.139891 0.152217 0.134238 0.0960281 0.0559138 0.0268943 0.011433 0.00554293 0.00453699 0.00554283 0.0073032 0.00931631 0.0112975 0.0129977 0.0141925 0.0147207 0.0145208 0.0136447 0.0122409 0.0105157 0.00868429 0.00692836 0.00537091 0.0040713 0.00303614 0.00223816 0.00163512
 1.00341e-16 3.23575e-05 0.000189906 0.000902714 0.00347547 0.0108379 0.0273758 0.0560151 0.0928532 0.124705 0.13572 0.119752 0.085803 0.0502377 0.0246834 0.0113842 0.0068328 0.00688243 0.00897023 0.011924 0.0151887 0.018354 0.0210168 0.0228082 0.0234685 0.0229086 0.0212324 0.0187069 0.0156947 0.0125691 0.00964128 0.00711641 0.00508561 0.00354542 0.00243181 0.00165471
 1.00914e-16 2.37553e-05 0.000139389 0.000662514 0.00255059 0.00795366 0.0200906 0.0411103 0.0681532 0.091553 0.099694 0.0880947 0.0634044 0.0376955 0.019587 0.0108275 0.00894399 0.010964 0.0150124 0.0201368 0.0257241 0.031166 0.0358037 0.0390198 0.0403713 0.0396948 0.037144 0.0331428 0.0282747 0.0231461 0.0182665 0.0139775 0.0104397 0.0076631 0.00556162 0.00400698
 1.01178e-16 2.9779e-05 0.000174767 0.000830739 0.00319835 0.00997372 0.0251929 0.0515488 0.0854507 0.114766 0.12491 0.110232 0.0790217 0.0463473 0.0229225 0.0108288 0.00685696 0.00720791 0.00953471 0.0127601 0.0163613 0.0199341 0.0230687 0.0253799 0.0265827 0.0265557 0.0253654 0.0232404 0.020508 0.0175145 0.0145564 0.0118398 0.0094726 0.00748159 0.00584238 0.00450783
 1.00413e-16 3.58467e-05 0.000210399 0.00100015 0.00385067 0.012008 0.0303312 0.0620614 0.102873 0.138152 0.150328 0.132579 0.0948585 0.0552672 0.0266474 0.011438 0.00570705 0.00482932 0.00596739 0.00787267 0.0100356 0.0121552 0.0139629 0.0152165 0.0157438 0.0154816 0.0144908 0.0129372 0.0110486 0.00906139 0.00717319 0.00551596 0.00415058 0.00307936 0.00226739 0.00166388
 1.00081e-16 3.99455e-05 0.000234469 0.0011146 0.00429136 0.0133823 0.0338024 0.0691631 0.114641 0.153948 0.167493 0.147663 0.105532 0.0612446 0.0290782 0.0117075 0.00470789 0.00289498 0.00310375 0.00398079 0.00504399 0.00608612 0.00695966 0.00753985 0.00774041 0.00753272 0.00695294 0.00609195 0.00507241 0.00402041 0.00304068 0.00220198 0.00153423 0.00103519 0.000681971 0.0004428
 1.0005e-16 3.9533e-05 0.000232046 0.00110308 0.004247 0.0132439 0.033453 0.0684483 0.113457 0.152358 0.165767 0.146148 0.104463 0.0606548 0.0288546 0.0117155 0.0048635 0.00317091 0.00350482 0.00451976 0.0057264 0.00690217 0.00788102 0.0085211 0.00872471 0.0084606 0.00777202 0.006765 0.00558193 0.0043687 0.00324616 0.00229315 0.00154324 0.000992441 0.000612624 0.000365315
 1.00187e-16 3.11872e-05 0.000183032 0.000870025 0.0033496 0.0104454 0.0263843 0.0539867 0.0894922 0.120195 0.130822 0.115455 0.0827784 0.0485757 0.0240692 0.0114404 0.00732682 0.00774288 0.010216 0.013594 0.0172973 0.0208662 0.0238391 0.0257936 0.0264347 0.0256666 0.0236176 0.0206049 0.0170554 0.0134073 0.0100236 0.0071422 0.00486504 0.00318188 0.00201021 0.00123645
 1.00668e-16 2.88354e-05 0.000169223 0.000804371 0.00309681 0.00965706 0.0243931 0.0499128 0.0827403 0.111131 0.120967 0.106784 0.0766187 0.0450765 0.0225506 0.0110795 0.0075771 0.00837675 0.0111992 0.0149684 0.0191153 0.0231617 0.0266135 0.0290114 0.0300257 0.0295341 0.0276495 0.0246851 0.0210735 0.017264 0.0136348 0.0104403 0.00780067 0.00572485 0.00415043 0.00298353
 1.00559e-16 3.38772e-05 0.000198832 0.00094516 0.00363892 0.0113476 0.0286632 0.0586489 0.0972173 0.130561 0.142079 0.125329 0.0897261 0.0523878 0.0254669 0.0112879 0.00615496 0.00571172 0.0072788 0.00965979 0.0123349 0.0149615 0.0172169 0.018805 0.0195129 0.0192596 0.0181133 0.0162704 0.0140031 0.011595 0.0092854 0.00723568 0.00552326 0.0041561 0.00309783 0.00229276
 1.00545e-16 3.00837e-05 0.000176553 0.000839223 0.003231 0.0100755 0.0254502 0.0520754 0.0863243 0.115942 0.126196 0.111382 0.0798788 0.0469155 0.0233238 0.0112163 0.00735826 0.0079131 0.0105002 0.0140068 0.0178652 0.0216162 0.0247928 0.0269637 0.0278226 0.0272606 0.0253923 0.0225223 0.0190662 0.0154539 0.0120448 0.00907761 0.00666089 0.00479545 0.00341324 0.00241653
 1.00984e-16 2.64568e-05 0.000155254 0.000737955 0.00284108 0.00885956 0.0223788 0.0457915 0.0759104 0.101963 0.111004 0.0980249 0.0704134 0.0415857 0.0211009 0.0108582 0.00805521 0.00934912 0.0126524 0.0169545 0.0216788 0.0263036 0.0302762 0.0330789 0.0343374 0.0339078 0.031909 0.0286839 0.0247091 0.0204818 0.0164217 0.0128128 0.00979214 0.00737515 0.0054997 0.0040696
 1.0098e-16 3.15774e-05 0.000185328 0.000880953 0.0033917 0.0105767 0.0267159 0.0546647 0.0906144 0.121697 0.132444 0.116855 0.0837144 0.0489887 0.0240223 0.0110022 0.00650481 0.00648607 0.00845376 0.0112803 0.0144476 0.0175833 0.0203207 0.0223183 0.0233252 0.0232375 0.0221194 0.0201798 0.0177148 0.0150364 0.0124104 0.0100196 0.00795727 0.0062428 0.00484896 0.00372806
 1.0106e-16 2.6208e-05 0.000153793 0.000731008 0.00281433 0.00877614 0.0221681 0.0453605 0.0751961 0.101005 0.109962 0.0971114 0.0697697 0.0412307 0.0209672 0.0108645 0.00815097 0.00951752 0.0128955 0.0172786 0.0220852 0.0267836 0.03081 0.0336368 0.0348843 0.0344092 0.0323375 0.0290238 0.0249586 0.020652 0.0165323 0.0128871 0.00985195 0.00743706 0.00557331 0.0041576
 1.01418e-16 2.73448e-05 0.000160472 0.00076277 0.00293663 0.00915756 0.0231314 0.0473312 0.0784612 0.105385 0.114716 0.101273 0.0726807 0.0427928 0.0214707 0.0106551 0.00742891 0.00832494 0.0111911 0.0150133 0.0192541 0.023456 0.0271395 0.0298521 0.0312589 0.0312179 0.0298089 0.0273024 0.0240848 0.0205646 0.017091 0.0139056 0.0111341 0.00880625 0.00689155 0.00533296
 1.01017e-16 3.13968e-05 0.000184267 0.000875907 0.00337227 0.0105161 0.0265628 0.0543516 0.0900956 0.121001 0.131688 0.116192 0.0832481 0.0487333 0.0239294 0.011014 0.0065857 0.00662516 0.00865375 0.0115464 0.0147805 0.0179753 0.0207547 0.0227688 0.0237621 0.0236314 0.0224466 0.0204268 0.0178799 0.015129 0.0124475 0.010022 0.0079448 0.00623142 0.00484882 0.00374348
 1.02336e-16 5.9167e-06 3.46286e-05 0.000164403 0.000632615 0.00197245 0.00498306 0.0102017 0.016932 0.0228043 0.0249873 0.022449 0.0169607 0.0116961 0.00903532 0.00970087 0.0133643 0.0194882 0.0276213 0.0372638 0.047677 0.0578365 0.0665487 0.0726787 0.0754064 0.0744207 0.0699898 0.0628754 0.0541321 0.044857 0.0359729 0.0280998 0.0215314 0.0162925 0.0122371 0.00914625
 1.04166e-16 2.85612e-05 0.00016763 0.00079684 0.00306788 0.00956689 0.0241651 0.0494448 0.0819592 0.110066 0.119766 0.105623 0.0755678 0.044022 0.0212211 0.00911748 0.00459786 0.00401106 0.00514825 0.00708484 0.00949779 0.0122298 0.0151287 0.0180193 0.0207172 0.0230499 0.0248742 0.0260839 0.0266128 0.0264339 0.0255598 0.0240449 0.0219859 0.0195181 0.0168044 0.0140177
 1.03541e-16 3.84994e-06 2.24907e-05 0.000106689 0.000410386 0.00127943 0.0032326 0.0066205 0.0109975 0.0148398 0.0163343 0.0148496 0.011593 0.00870882 0.00785621 0.00964007 0.0139805 0.0206191 0.029263 0.0394532 0.0504216 0.0610801 0.0701624 0.0764725 0.0791598 0.0779243 0.0730878 0.0654951 0.056293 0.046657 0.0375562 0.0296176 0.0231063 0.0179947 0.0140773 0.0110833
pSPR Fmed_Fpbrs
0.498841   0.6 0.325
Fs Fmed_Fpbrs
0.64   0.417085 1.43508
SSBpbr Bo_Bmed_Bpbrs
575090  258124  316299 158150
Ro
15994.5
SPR SPRFo_SPRFmed_SPRFpbrs
330354 164794 107365
log_Ro
9.5
likeval ReclasPelacesDesembMPH_pf_preclas_ppelaces_ptallas_desvR_qrecl_qpela
 78.0462 11.27 0.328327 36.6242 416.241 230.882 60.3165 0 55.6238 0.000199458 0.000438705 1.08898e-15 0 0 0
q_reclas_q_pelaces
7.39852 19.6855
M
0.7
N
 6040.21 46496.1 19583.4 2584.13 0.105448
 8377.61 2963.15 20173.8 8286.64 1093
 1000.24 4072.32 1161.54 7568.33 3515.97
 3286.34 448.72 656.218 151.881 1443.76
 39161 1487.51 79.8213 96.4775 233.756
 10796.1 18887.4 534.597 27.0158 111.643
 64560 4690.78 2135.42 45.9236 11.8502
 49693.5 27456.4 418.352 138.47 3.72423
 73124.3 21494 2952.83 33.869 11.4515
 111562 30268.4 1420.44 134.199 2.04545
 58146.8 50246.1 5095.65 195.626 18.6943
 55692.8 25155.3 5415.5 413.596 17.3046
 54730.7 23908.9 2489.6 397.288 31.4369
 29036.5 21853.2 1060.19 70.5009 12.0404
 12970.6 9900.15 168.477 3.77229 0.289517
 8925.82 4491.59 90.6507 0.735079 0.0174807
 6116.16 3813.69 421.747 6.24809 0.0515746
 7861.35 2593.98 329.938 26.3791 0.391673
 8964.92 3346.28 233.632 21.6454 1.74603
 7306.55 3994.02 499.406 27.8937 2.78123
 15725.9 3225.87 539.224 52.9435 3.23742
 19263.6 7264.37 718.895 103.56 10.7601
 26368.5 8924.42 1671.82 143.435 22.7493
 51681.7 12071.9 1800.92 285.436 28.2856
 7469.45 23600.1 2367.87 297.298 51.6245
 30370.7 3517.72 6514.52 586.118 86.1944
 994.019 13726 615.318 938.86 96.5456
pred_Ctot
 52.6452 4255.18 2102.13 278.133 0.01135
 127.424 454.987 3605.37 1484.73 195.842
 69.9016 2106.16 662.252 4321.88 2007.84
 210.304 219.341 355.368 82.3863 783.172
 811.529 301.091 18.6862 22.6404 54.8576
 978.394 11372.5 349.31 17.6753 73.045
 6726.27 3035.09 1485.99 31.9938 8.25591
 4646.6 16811.3 277.42 91.9389 2.4728
 8845.53 14901.5 2180.35 25.0333 8.46416
 7506.19 15282.9 792.348 74.9793 1.14286
 5429.78 30743.5 3376.96 129.808 12.4049
 5472.76 15806 3673.54 280.898 11.7528
 7809.54 17715.5 1944.01 310.472 24.5676
 6687.08 18564.9 925.268 61.5539 10.5125
 2882.16 8346.42 146.136 3.27347 0.251236
 903.873 2865.52 62.3138 0.505892 0.0120307
 647.745 2487.36 295.522 4.38303 0.0361801
 814.666 1673.97 229.072 18.3358 0.272252
 667.205 1799.23 137.977 12.8025 1.03274
 586.82 2247.08 307.204 17.183 1.71332
 792.421 1338.02 250.835 24.6744 1.50885
 932.882 2927.74 325.544 46.9857 4.88207
 1487.46 4007.92 837.37 71.9706 11.4151
 3003.97 5533.81 919.312 145.961 14.4645
 278.184 7794.32 888.47 111.787 19.412
 1974.06 1737.06 3560.84 320.899 47.1926
 112.498 9237.16 442.954 676.577 69.5754
F
 0.0121847 0.134981 0.160038 0.160501 0.160508
 0.0213498 0.23651 0.280414 0.281225 0.281238
 0.101597 1.12548 1.3344 1.33826 1.33832
 0.0926723 1.02661 1.21718 1.2207 1.22076
 0.0291885 0.323346 0.383369 0.384478 0.384495
 0.133584 1.47983 1.75453 1.75961 1.75969
 0.154997 1.71703 2.03577 2.04166 2.04175
 0.138099 1.52983 1.81382 1.81907 1.81915
 0.182058 2.01681 2.3912 2.39811 2.39822
 0.0976467 1.08172 1.28252 1.28623 1.28628
 0.137903 1.52767 1.81125 1.81649 1.81657
 0.145601 1.61294 1.91236 1.91789 1.91798
 0.218075 2.4158 2.86425 2.87254 2.87267
 0.376003 4.1653 4.93852 4.95281 4.95303
 0.360475 3.99329 4.73458 4.74827 4.74848
 0.15035 1.66556 1.97474 1.98045 1.98054
 0.157743 1.74745 2.07183 2.07783 2.07792
 0.154109 1.7072 2.02411 2.02997 2.03006
 0.108521 1.20218 1.42535 1.42947 1.42954
 0.11757 1.30242 1.54419 1.54866 1.54873
 0.0723283 0.801242 0.949979 0.952727 0.95277
 0.0694238 0.769066 0.91183 0.914468 0.914509
 0.0812875 0.900491 1.06765 1.07074 1.07079
 0.083851 0.928889 1.10132 1.10451 1.10456
 0.0530084 0.587219 0.696226 0.69824 0.698271
 0.0941905 1.04343 1.23712 1.2407 1.24076
 0.169414 1.87674 2.22513 2.23156 2.23166
Np
 10985.7 5285.31 145.706 341.873 14.3398
YTP_r0W_actual
 183.029 64361.7 4841.46 9456.55 1079.19
YTP_p0W_proyectada
 2022.8 1953.88 8210.2 332.556 589.329
 2022.8 24783.1 1146.45 3443.47 160.29
CTP_r0_actual
 22.3206 2979.71 154.187 235.824 24.2514
CTP_p0_proyectada
 246.682 90.4574 261.471 8.29316 13.2434
 246.682 1147.36 36.511 85.872 3.60203
Wmedp
 8.2 21.6 31.4 40.1 44.5
nmprior
 10.8 10.6 4.6 0
nm_flota  nm_reclas  nm_pelaces    nm_pelaL
inf 15.7674 9.68452 24.0165
cv_recla  cv_pelaces  cv_mph
0.765079 0.36775 0.485223
 ------------------------------------------------
Talla a la edad & desviaci?n 
 7.2 14.2025 17.0495 18.207 18.6776
 1.08 2.13037 2.55742 2.73105 2.80164
