years
 1997 1998 1999 2000 2001 2002 2003 2004 2005 2006 2007 2008 2009 2010 2011 2012 2013 2014 2015 2016 2017 2018 2019 2020 2021 2022 2023
reclasobs
 0 0 0 370054 412103 1.49427e+06 250295 1.28982e+06 931140 785840 897777 1.04006e+06 184774 17550 25797 100020 73551 82996 120727 218422 84188 347160 605670 569463 516374 1.08416e+06 1.01767e+06
reclaspred
 587937 146155 337032 199684 310643 368257 783747 577031 744560 872850 789842 563703 321814 119901 81385 79921.5 76491.3 94937.2 114978 156811 243903 258586 465277 579434 737741 634245 497499
pelacesobs
 0 0 0 0 0 0 0 0 0 2.06254e+06 1.5e+06 0 1.87456e+06 323000 250000 174000 83755 137374 0 501740 490994 745055 786931 1.00524e+06 1.33801e+06 1.41789e+06 0
pelacespred
 2.21741e+06 457668 602889 585030 840366 662622 2.10573e+06 1.62278e+06 2.12781e+06 2.3892e+06 1.75239e+06 1.30341e+06 759051 242227 177224 168042 162012 217350 251370 340274 647617 609735 881189 1.30106e+06 1.50672e+06 1.37826e+06 1.04475e+06
mphobs
 0 0 0 0 0 0 112323 0 153150 637223 0 255016 313432 73983 77613 109348 50772 17779 17303 59886 28197 0 207744 136588 643089 65757 70829
mphpred
 201833 107233 111687 90567.2 97592.4 159920 213796 287740 274936 353976 377110 263174 160007 114665 54088.4 47955.9 40932.1 46555 28685.4 33734.5 52961.3 72202.4 95070.9 139651 179828 158781 127812
desembarqueobs
 350755 77701 442110 56441 14545 235359 269955 359681 431902 328805 639364 411747 362871 311530 167758 66681 60226 58785 57116 73181 50977 67692 138656 160484 209506 203330 245020
desembarquepred
 350755 77694.9 442037 56445 14545.5 235498 270038 359562 431800 328784 639197 411665 362918 311552 167526 66683.8 60267.4 58765.4 57076.1 73172.5 50978.6 67670.9 138660 160494 209533 203333 244988
Reclutas
 33736.2 41044.2 17151.5 22670.3 41258.7 27413.7 64345.8 64560.3 104624 111936 64729.4 48680.4 43479.8 28061.4 15596.5 10730.6 7050.93 9850.95 12214.8 14994.2 23438.6 33002.7 46073 62819.9 22089.7 31776.6 46269.3
log_desv_Rt
 0.086326 0.282405 -0.590157 -0.311187 0.287617 -0.121203 0.732027 0.735355 1.21813 1.28568 0.73797 0.453032 0.340052 -0.0978492 -0.685196 -1.05915 -1.47909 -1.14468 -0.929594 -0.724578 -0.27786 0.0643448 0.397982 0.708027 -0.337135 0.0264849 0.402233
SSB
 417003 221552 230755 187119 201634 330408 426718 585512 551262 714190 779141 543740 344505 162091 80629.7 71010.9 64784.1 69263.9 90219.2 113093 164835 218263 296732 413235 589892 541287 407564
BT
 1.43995e+06 345000 540923 338376 418140 486610 1.27472e+06 1.19157e+06 1.48461e+06 1.47738e+06 1.40068e+06 995073 722925 406495 227098 135658 128876 156081 167848 222709 359817 343720 508315 752664 836937 805185 706249
Ftot
 1.15953 1.10963 2.07309 0.520387 0.0951351 0.982758 0.702351 1.25351 1.31184 0.772634 1.32545 1.17091 1.90318 4.26265 4.18826 1.57548 1.4489 1.23563 0.94083 0.878812 0.414254 0.463574 0.505649 0.507827 0.431459 0.46635 0.815907
BD_Bspro_t
 0.899827 0.61312 0.513756 0.30264 0.438587 0.615722 0.535312 0.577055 0.524606 0.540112 0.526034 0.369666 0.273468 0.167347 0.102898 0.110331 0.13826 0.196598 0.291481 0.396581 0.517336 0.648529 0.678705 0.683628 0.699187 0.616453 0.544497
BD_Bspro
 0.652418 0.346627 0.361024 0.292755 0.315464 0.516936 0.667616 0.916056 0.862471 1.11738 1.219 0.850701 0.538992 0.253598 0.126148 0.111099 0.101357 0.108366 0.141151 0.176939 0.257891 0.341481 0.464248 0.646521 0.922909 0.846864 0.63765
BD_Bo
 0.618607 0.328664 0.342315 0.277584 0.299116 0.490147 0.633018 0.868583 0.817775 1.05947 1.15582 0.806615 0.511059 0.240456 0.119611 0.105342 0.0961045 0.10275 0.133836 0.167769 0.244527 0.323785 0.44019 0.613017 0.875081 0.802977 0.604605
BD_Brms
 1.12474 0.59757 0.622391 0.504698 0.543846 0.891176 1.15094 1.57924 1.48686 1.92631 2.1015 1.46657 0.929199 0.437192 0.217474 0.191531 0.174735 0.186819 0.243339 0.305035 0.444594 0.5887 0.800345 1.11458 1.59106 1.45996 1.09928
S_f
 0.0809165 0.625856 0.969496 0.998347 0.999913
 0.0809165 0.625856 0.969496 0.998347 0.999913
 0.0809165 0.625856 0.969496 0.998347 0.999913
 0.0809165 0.625856 0.969496 0.998347 0.999913
 0.0809165 0.625856 0.969496 0.998347 0.999913
 0.0809165 0.625856 0.969496 0.998347 0.999913
 0.0809165 0.625856 0.969496 0.998347 0.999913
 0.0809165 0.625856 0.969496 0.998347 0.999913
 0.0809165 0.625856 0.969496 0.998347 0.999913
 0.0809165 0.625856 0.969496 0.998347 0.999913
 0.0809165 0.625856 0.969496 0.998347 0.999913
 0.0809165 0.625856 0.969496 0.998347 0.999913
 0.0809165 0.625856 0.969496 0.998347 0.999913
 0.0809165 0.625856 0.969496 0.998347 0.999913
 0.0809165 0.625856 0.969496 0.998347 0.999913
 0.0809165 0.625856 0.969496 0.998347 0.999913
 0.0809165 0.625856 0.969496 0.998347 0.999913
 0.0809165 0.625856 0.969496 0.998347 0.999913
 0.0809165 0.625856 0.969496 0.998347 0.999913
 0.0809165 0.625856 0.969496 0.998347 0.999913
 0.0809165 0.625856 0.969496 0.998347 0.999913
 0.0809165 0.625856 0.969496 0.998347 0.999913
 0.0809165 0.625856 0.969496 0.998347 0.999913
 0.0809165 0.625856 0.969496 0.998347 0.999913
 0.0809165 0.625856 0.969496 0.998347 0.999913
 0.0809165 0.625856 0.969496 0.998347 0.999913
 0.0809165 0.625856 0.969496 0.998347 0.999913
Scru_reclas
 0.429881 0.791437 0.950242 0.989702 0.997937
 0.429881 0.791437 0.950242 0.989702 0.997937
 0.429881 0.791437 0.950242 0.989702 0.997937
 0.429881 0.791437 0.950242 0.989702 0.997937
 0.429881 0.791437 0.950242 0.989702 0.997937
 0.429881 0.791437 0.950242 0.989702 0.997937
 0.429881 0.791437 0.950242 0.989702 0.997937
 0.429881 0.791437 0.950242 0.989702 0.997937
 0.429881 0.791437 0.950242 0.989702 0.997937
 0.429881 0.791437 0.950242 0.989702 0.997937
 0.429881 0.791437 0.950242 0.989702 0.997937
 0.429881 0.791437 0.950242 0.989702 0.997937
 0.429881 0.791437 0.950242 0.989702 0.997937
 0.429881 0.791437 0.950242 0.989702 0.997937
 0.429881 0.791437 0.950242 0.989702 0.997937
 0.429881 0.791437 0.950242 0.989702 0.997937
 0.429881 0.791437 0.950242 0.989702 0.997937
 0.429881 0.791437 0.950242 0.989702 0.997937
 0.429881 0.791437 0.950242 0.989702 0.997937
 0.429881 0.791437 0.950242 0.989702 0.997937
 0.429881 0.791437 0.950242 0.989702 0.997937
 0.429881 0.791437 0.950242 0.989702 0.997937
 0.429881 0.791437 0.950242 0.989702 0.997937
 0.429881 0.791437 0.950242 0.989702 0.997937
 0.429881 0.791437 0.950242 0.989702 0.997937
 0.429881 0.791437 0.950242 0.989702 0.997937
 0.429881 0.791437 0.950242 0.989702 0.997937
Scru_pelaces
 0.761397 1 1 1 1
 0.761397 1 1 1 1
 0.761397 1 1 1 1
 0.761397 1 1 1 1
 0.761397 1 1 1 1
 0.761397 1 1 1 1
 0.761397 1 1 1 1
 0.761397 1 1 1 1
 0.761397 1 1 1 1
 0.761397 1 1 1 1
 0.761397 1 1 1 1
 0.761397 1 1 1 1
 0.761397 1 1 1 1
 0.761397 1 1 1 1
 0.761397 1 1 1 1
 0.761397 1 1 1 1
 0.761397 1 1 1 1
 0.761397 1 1 1 1
 0.761397 1 1 1 1
 0.761397 1 1 1 1
 0.761397 1 1 1 1
 0.761397 1 1 1 1
 0.761397 1 1 1 1
 0.761397 1 1 1 1
 0.761397 1 1 1 1
 0.761397 1 1 1 1
 0.761397 1 1 1 1
pf_obs 
 0.256992 0.487395 0.22802 0.0275931 0
 0.321318 0.546541 0.124235 0.00734118 0.000564706
 0.182869 0.594174 0.210203 0.0122559 0.00049798
 0.330522 0.361315 0.267642 0.0388342 0.00168674
 0.649043 0.306663 0.0425973 0.00169635 0
 0.582887 0.30429 0.105238 0.00758474 0
 0.465427 0.430635 0.0974691 0.00646863 0
 0.296916 0.608066 0.0921331 0.00288517 0
 0.311714 0.524322 0.152257 0.0117073 0
 0.15457 0.633149 0.183074 0.0267441 0.00246327
 0.131901 0.49318 0.331252 0.0422183 0.00144891
 0.196976 0.569456 0.194076 0.0375587 0.00193317
 0.518974 0.381816 0.0799577 0.0180837 0.00116848
 0.0928022 0.601141 0.25162 0.0475244 0.00691264
 0.122501 0.610282 0.24278 0.0234846 0.000952079
 0.383417 0.481906 0.127806 0.00687128 0
 0.0376549 0.599619 0.316969 0.0457579 0
 0.0361596 0.667082 0.258105 0.0386534 0
 0.158088 0.579412 0.248529 0.0139706 0
 0.0477256 0.309471 0.559284 0.082774 0.000745712
 0.0406174 0.521527 0.379366 0.0568643 0.0016247
 0.151134 0.462217 0.34131 0.0453401 0
 0.294876 0.26143 0.354403 0.0886775 0.000613685
 0.281977 0.475581 0.204845 0.0348837 0.00271318
 0.0841818 0.532909 0.334909 0.0458182 0.00218182
 0.115287 0.27431 0.454777 0.147771 0.00785563
 0 0 0 0 0
pf_pred 
 0.269231 0.496088 0.209401 0.0252662 1.31855e-05
 0.259403 0.581572 0.128182 0.0276667 0.00317719
 0.125166 0.680702 0.170396 0.0193134 0.0044227
 0.227094 0.494316 0.249826 0.0254594 0.00330371
 0.253625 0.501632 0.183272 0.0553317 0.0061388
 0.130966 0.60175 0.203604 0.0480433 0.0156371
 0.307127 0.394897 0.24126 0.0436794 0.0130375
 0.225863 0.618628 0.109128 0.0378443 0.0085362
 0.316207 0.506806 0.157526 0.0138688 0.00559256
 0.232344 0.628472 0.118798 0.0182501 0.00213643
 0.132621 0.617628 0.222409 0.0234796 0.00386171
 0.148229 0.523769 0.273935 0.0484264 0.0056406
 0.201772 0.526956 0.206282 0.0547237 0.0102661
 0.254729 0.600548 0.11941 0.0195561 0.00575772
 0.289342 0.660831 0.0474812 0.00197758 0.000368342
 0.246054 0.695355 0.057656 0.000896491 3.90347e-05
 0.170958 0.640645 0.18137 0.00692091 0.000105838
 0.26977 0.501343 0.200838 0.027058 0.000990927
 0.257812 0.583954 0.128843 0.0259496 0.00344184
 0.238806 0.567013 0.169597 0.0201852 0.0043991
 0.255588 0.530756 0.179963 0.0295896 0.00410332
 0.228571 0.541028 0.185275 0.0382193 0.00690699
 0.222986 0.525214 0.200717 0.0413667 0.00971597
 0.219343 0.52691 0.197648 0.0450517 0.0110472
 0.0658869 0.624314 0.241086 0.0539572 0.0147557
 0.125372 0.289883 0.450341 0.105416 0.0289872
 0.209511 0.441728 0.15856 0.147706 0.0424951
pobs_RECLAS
 0 0 0 0 0
 0 0 0 0 0
 0 0 0 0 0
 0 0 0 0 0
 0.835266 0.146461 0.0176864 0.000547809 3.91292e-05
 0.385257 0.428462 0.181853 0.0044286 0
 0.867414 0.0963971 0.0333333 0.00285562 0
 0.441836 0.489002 0.0689373 0.000224442 0
 0.779404 0.147425 0.0564933 0.0165055 0.000172143
 0.814271 0.122319 0.05973 0.00367925 0
 0.40263 0.566651 0.0304383 0.000280538 0
 0.475488 0.404961 0.113038 0.00651328 0
 0.955842 0.0263864 0.0167828 0.000988607 0
 0.975058 0.0227948 0.00214734 0 0
 0.738997 0.206755 0.0527124 0.00153531 0
 0.850938 0.134255 0.0134407 0.00136685 0
 0.542534 0.407297 0.0501686 0 0
 0.764087 0.199537 0.0359546 0.000420521 0
 0.470689 0.182191 0.310203 0.0369168 0
 0.84361 0.089868 0.0606195 0.00523954 0.000663233
 0.607945 0.314616 0.071237 0.00620181 0
 0.523733 0.453247 0.0230204 0 0
 0.530135 0.295979 0.169645 0.0042399 0
 0.562478 0.366248 0.0663022 0.0049721 0
 0.250443 0.683176 0.0655157 0.000865301 0
 0.195077 0.31981 0.436473 0.0351445 0.0134964
 0.565238 0.351407 0.0832357 0.000118908 0
ppred_RECLAS
 0.641623 0.265772 0.082571 0.0100279 5.26706e-06
 0.621925 0.314479 0.0511871 0.0111238 0.00128573
 0.4241 0.482138 0.0822954 0.00931985 0.00214717
 0.579402 0.294074 0.113335 0.0116645 0.00152371
 0.607186 0.284958 0.080525 0.0245847 0.00274592
 0.418258 0.436938 0.110062 0.0261688 0.00857308
 0.6817 0.202514 0.0935575 0.0170929 0.00513566
 0.579883 0.354768 0.0457623 0.0159632 0.00362386
 0.690952 0.246354 0.055756 0.00493574 0.00200309
 0.579169 0.36058 0.0513542 0.00795848 0.000937795
 0.427417 0.442371 0.115878 0.012299 0.00203579
 0.46302 0.367514 0.141365 0.0251517 0.00294856
 0.570714 0.316368 0.0858311 0.022786 0.00430095
 0.700469 0.26628 0.0275533 0.004397 0.00130064
 0.721026 0.268344 0.0101404 0.000411927 7.70893e-05
 0.604801 0.372791 0.022049 0.000344035 1.50743e-05
 0.499937 0.412609 0.0841775 0.00322649 4.96547e-05
 0.643229 0.26734 0.0784121 0.0106276 0.000391715
 0.616949 0.318529 0.0524538 0.0106476 0.0014215
 0.594273 0.322817 0.0723267 0.00867899 0.00190389
 0.610932 0.297265 0.0771901 0.0128228 0.00179008
 0.576729 0.319156 0.0835398 0.0174079 0.00316695
 0.571069 0.313855 0.0915213 0.0190505 0.00450427
 0.56596 0.317201 0.0907812 0.0208992 0.00515886
 0.246107 0.546 0.161363 0.0364855 0.0100443
 0.420877 0.227485 0.270095 0.063865 0.0176787
 0.564019 0.273044 0.0736739 0.069218 0.0200452
pobs_PELACES
 0 0 0 0 0
 0 0 0 0 0
 0 0 0 0 0
 0 0 0 0 0
 0 0 0 0 0
 0 0 0 0 0
 0 0 0 0 0
 0 0 0 0 0
 0 0 0 0 0
 0 0 0 0 0
 0.450072 0.473896 0.0757376 0.000293798 0
 0 0 0 0 0
 0.463077 0.371075 0.160297 0.00555027 0
 0.529543 0.364841 0.0842815 0.0213345 0
 0.631943 0.363953 0.00410389 0 0
 0.735681 0.248677 0.0153453 0.000297389 0
 0.695825 0.281241 0.0229344 0 0
 0.275771 0.60734 0.115278 0.00161068 0
 0 0 0 0 0
 0.896147 0.0623911 0.0374545 0.00400742 0
 0.803859 0.145111 0.0509908 3.86294e-05 0
 0.739449 0.233085 0.0266225 0.000797448 4.60066e-05
 0.878498 0.100942 0.0204185 0.000141795 0
 0.694673 0.275183 0.0284847 0.00165964 0
 0.469039 0.446079 0.0841089 0.000773354 0
 0.822795 0.102175 0.0682046 0.00682512 0
 0 0 0 0 0
ppred_PELACES
 0.768886 0.18444 0.0418454 0.00482577 2.51226e-06
 0.746872 0.220678 0.0263793 0.00544626 0.000623945
 0.61364 0.342793 0.038523 0.00410687 0.000937355
 0.694163 0.228885 0.0692596 0.00681019 0.000882023
 0.698971 0.230043 0.0535619 0.0156865 0.00173752
 0.562799 0.351477 0.0659624 0.0149179 0.00484443
 0.788547 0.147285 0.0523327 0.00911876 0.00271619
 0.717366 0.249901 0.0232905 0.00770795 0.00173424
 0.808162 0.162359 0.0263745 0.00221386 0.000890444
 0.696643 0.269269 0.0292611 0.00432195 0.000504877
 0.586939 0.341454 0.0640988 0.00645012 0.00105812
 0.620473 0.284624 0.0798465 0.0134887 0.00156729
 0.742295 0.208465 0.037961 0.00950215 0.00177702
 0.88186 0.111112 0.00590532 0.000868824 0.000254318
 0.886862 0.110871 0.00217016 8.13339e-05 1.50628e-05
 0.743445 0.246252 0.010146 0.000149735 6.50138e-06
 0.657227 0.298197 0.0429917 0.00156048 2.37993e-05
 0.772465 0.183399 0.0389443 0.00500859 0.000182969
 0.736535 0.229053 0.0282365 0.00545412 0.00072179
 0.717088 0.237263 0.0400749 0.00457867 0.000995671
 0.713926 0.230024 0.0474648 0.00754067 0.00104377
 0.686818 0.249453 0.0515977 0.0102777 0.00185391
 0.684816 0.245157 0.0562234 0.0111825 0.00262148
 0.680488 0.24833 0.0558809 0.0122921 0.00300842
 0.344559 0.504611 0.118277 0.0255719 0.00698022
 0.560875 0.198867 0.186527 0.0421589 0.0115711
 0.699445 0.20859 0.0427339 0.0382502 0.010981
pobs_pel_tallas
 0 0 0 0 0 0 0 0 0 0 0 0 0 0 0 0 0 0 0 0 0 0 0 0 0 0 0 0 0 0 0 0 0 0 0 0
 0 0 0 0 0 0 0 0 0 0 0 0 0 0 0 0 0 0 0 0 0 0 0 0 0 0 0 0 0 0 0 0 0 0 0 0
 0 0 0 0 0 0 0 0 0 0 0 0 0 0 0 0 0 0 0 0 0 0 0 0 0 0 0 0 0 0 0 0 0 0 0 0
 0 0 0 0 0 0 0 0 0 0 0 0 0 0 0 0 0 0 0 0 0 0 0 0 0 0 0 0 0 0 0 0 0 0 0 0
 0 0 0 0 0 0 0 0 0 0 0 0 0 0 0 0 0 0 0 0 0 0 0 0 0 0 0 0 0 0 0 0 0 0 0 0
 0 0 0 0 0 0 0 0 0 0 0 0 0 0 0 0 0 0 0 0 0 0 0 0 0 0 0 0 0 0 0 0 0 0 0 0
 0 0 0 0 0 0 0 0 0 0 0 0 0 0 0 0 0 0 0 0 0 0 0 0 0 0 0 0 0 0 0 0 0 0 0 0
 0 0 0 0 0 0 0 0 0 0 0 0 0 0 0 0 0 0 0 0 0 0 0 0 0 0 0 0 0 0 0 0 0 0 0 0
 0 0 0 0 0 0 0 0 0 0 0 0 0 0 0 0 0 0 0 0 0 0 0 0 0 0 0 0 0 0 0 0 0 0 0 0
 0 0 0 0 0 0 0 0 0 0 0 0 0 0 0 0 0 0 0 0 0 0 0 0 0 0 0 0 0 0 0 0 0 0 0 0
 0 0 0 0 0 0 0 0 1.78061e-05 0.00172719 0.00360574 0.0105946 0.0120993 0.0124554 0.0147524 0.0171206 0.0266825 0.0428682 0.0675386 0.121331 0.153587 0.119568 0.100827 0.0573624 0.0630603 0.0341343 0.0324427 0.0444173 0.0211091 0.0280891 0.0125444 0.00206551 0 0 0 0
 0 0 0 0 0 0 0 0 0 0 0 0 0 0 0 0 0 0 0 0 0 0 0 0 0 0 0 0 0 0 0 0 0 0 0 0
 0 0 0 0 0 0 0.0133647 0.0140871 0.0187388 0.0205184 0.03894 0.0496705 0.03968 0.0493445 0.0407372 0.0367815 0.0215668 0.0243155 0.0234873 0.0199281 0.019796 0.0243948 0.0301388 0.0376714 0.0412746 0.0863199 0.0771752 0.113111 0.0741005 0.0525337 0.0229764 0.00759418 0.00175318 0 0 0
 0 0 0 0 0 0 0 0 0 0 0.00219441 0.00772107 0.0458388 0.0604681 0.0671733 0.0775358 0.0609151 0.0617685 0.073594 0.0568108 0.0755445 0.0548602 0.0670107 0.0636378 0.0643287 0.046367 0.0373049 0.0286899 0.0247887 0.0153202 0.00654259 0.00121912 0.000365735 0 0 0
 0 0 0 0 0 0 0 0 0 0 0 0 0.000112435 0.00938835 0.0111873 0.0202946 0.0414886 0.0713402 0.111592 0.104902 0.108894 0.110636 0.117776 0.105296 0.107544 0.0401394 0.0192827 0.0124803 0.00416011 0.0028671 0.000618394 0 0 0 0 0
 0 0 0 0 0 0 0 0 0 0 0.00291406 0.0102884 0.027416 0.0768956 0.0749926 0.110853 0.0956884 0.0897413 0.0766577 0.0534642 0.0500743 0.0551293 0.0594112 0.0620874 0.0668451 0.0424026 0.0208742 0.0120726 0.0048766 0.00582813 0.00118941 0.000297354 0 0 0 0
 0 0.00264628 0.0354308 0.0461629 0.0458689 0.0383711 0.0214643 0.0164657 0.0346957 0.0420465 0.0363128 0.0245516 0.0311673 0.0291091 0.0169068 0.0133784 0.00837989 0.0085269 0.0148486 0.0160247 0.0276389 0.0546898 0.0760071 0.122758 0.109233 0.0665981 0.0333725 0.0166128 0.00676272 0.00308733 0.000882094 0 0 0 0 0
 0 0 0 0 0 0 0 0.000805153 0.000690131 0.00759144 0.0133425 0.0154129 0.00931677 0.000345066 0.00356568 0.00563607 0.00851162 0.0253048 0.0502646 0.0516448 0.0657925 0.0565908 0.0611916 0.0827007 0.0866115 0.110766 0.145733 0.0935128 0.0569358 0.0249597 0.0138026 0.00621118 0.00161031 0.00115022 0 0
 0 0 0 0 0 0 0 0 0 0 0 0 0 0 0 0 0 0 0 0 0 0 0 0 0 0 0 0 0 0 0 0 0 0 0 0
 0.00147267 0.00158595 0.00478618 0.00569244 0.00954404 0.0108468 0.00647125 0.017049 0.0510054 0.094081 0.124002 0.0959785 0.0687766 0.0820023 0.061753 0.0591476 0.0492212 0.0479892 0.0443925 0.0268479 0.0217502 0.0140895 0.0121071 0.0120363 0.00920419 0.00665534 0.0049561 0.00860946 0.00930331 0.0156896 0.0114698 0.00855282 0.00243557 0.00046729 0 2.83206e-05
 0 0 0 0 0.000772559 0.00158375 0.000888443 0.00281984 0.00712685 0.0440552 0.0773331 0.111326 0.0921469 0.0852325 0.0710754 0.0886704 0.0786465 0.0553345 0.0373146 0.0185414 0.00753245 0.00457741 0.012979 0.0271748 0.0457355 0.0583668 0.034881 0.0177882 0.00938659 0.00492506 0.0015258 0.00185414 0.000309023 5.79419e-05 3.86279e-05 0
 0 0.00173294 0.00326652 0 0.00397197 0.00683976 0.00946217 0.0152591 0.00757587 0.0136028 0.0228656 0.0392903 0.0559909 0.0764795 0.0681675 0.0726916 0.0566044 0.0477403 0.0527397 0.0444891 0.0609904 0.0582453 0.0661739 0.0445044 0.0529084 0.0360697 0.0280645 0.0235558 0.0158879 0.00826598 0.00280645 0.00217768 0.000904811 0.00058276 9.20147e-05 0
 0 0 0 0 0 0 0 0 0 0 0 0 0 0 0 0 0 0 0 0 0 0 0 0 0 0 0 0 0 0 0 0 0 0 0 0
 0 0 0 0 0 0 0 0 0 0 0 0 0 0 0 0 0 0 0 0 0 0 0 0 0 0 0 0 0 0 0 0 0 0 0 0
 0 0 0 0 0 0 0 0 0 0 0 0 0 0 0 0 0 0 0 0 0 0 0 0 0 0 0 0 0 0 0 0 0 0 0 0
 0 0 0 0 0 0 0 0 0 0 0 0 0 0 0 0 0 0 0 0 0 0 0 0 0 0 0 0 0 0 0 0 0 0 0 0
 0 0 0 0 0 0 0 0 0 0 0 0 0 0 0 0 0 0 0 0 0 0 0 0 0 0 0 0 0 0 0 0 0 0 0 0
ppred_pel_tallas
 1.00821e-16 3.35473e-05 0.000196896 0.000935956 0.00360348 0.0112371 0.0283841 0.0580777 0.0962704 0.129289 0.140693 0.124105 0.0888445 0.0518629 0.0251932 0.0111361 0.00603156 0.00556659 0.00709146 0.00942782 0.0120702 0.0146904 0.0169793 0.018651 0.0194959 0.019427 0.0184975 0.0168815 0.0148257 0.0125905 0.0103976 0.00839953 0.00667444 0.00523886 0.00407041 0.00312973
 1.00663e-16 3.25888e-05 0.000191266 0.000909181 0.00350038 0.0109156 0.027572 0.0564163 0.0935177 0.125596 0.136684 0.12059 0.0863774 0.050521 0.0247243 0.0112389 0.00652478 0.00640148 0.00829149 0.0110283 0.0140787 0.0170643 0.019618 0.0214019 0.0221745 0.0218459 0.0204988 0.0183623 0.015752 0.0129955 0.0103671 0.00805034 0.00613036 0.00461157 0.00344726 0.00256911
 1.00844e-16 2.67842e-05 0.000157176 0.000747092 0.00287626 0.00896926 0.0226559 0.0463585 0.0768503 0.103226 0.112378 0.0992379 0.0712837 0.0420974 0.0213559 0.0109809 0.00813357 0.00942747 0.0127461 0.0170625 0.0217893 0.0263948 0.0303181 0.0330359 0.0341742 0.0335956 0.0314322 0.0280445 0.0239282 0.0195971 0.0154821 0.0118711 0.00889732 0.00656679 0.00480405 0.00349866
 1.01334e-16 3.02908e-05 0.000177774 0.000845037 0.00325341 0.0101454 0.0256266 0.052436 0.0869206 0.116738 0.127051 0.112109 0.0803384 0.0470625 0.0231703 0.0107695 0.00658636 0.00675091 0.00887749 0.0118825 0.0152583 0.0186279 0.0216135 0.0238586 0.0250967 0.025209 0.0242474 0.0224115 0.0199916 0.0172975 0.0145958 0.0120744 0.0098348 0.00790824 0.00628152 0.00492188
 1.01456e-16 3.05005e-05 0.000179004 0.000850888 0.00327593 0.0102157 0.0258041 0.0527991 0.0875224 0.117546 0.12793 0.112883 0.0808912 0.0473817 0.0233184 0.0108225 0.00659584 0.00673958 0.00884942 0.0118324 0.0151761 0.0185012 0.0214292 0.0236054 0.0247681 0.0248059 0.0237801 0.0219004 0.0194653 0.0167896 0.01414 0.0116993 0.00956003 0.00774172 0.00621923 0.00494965
 1.0179e-16 2.45677e-05 0.000144163 0.000685221 0.00263803 0.00822636 0.0207794 0.0425192 0.0704869 0.0946823 0.103087 0.0910567 0.0654583 0.0387608 0.0198555 0.0105251 0.00818711 0.00975348 0.0132916 0.0178534 0.022875 0.0278255 0.0321347 0.0352641 0.03682 0.0366436 0.0348441 0.03176 0.0278667 0.0236613 0.0195634 0.0158571 0.0126809 0.0100548 0.00792536 0.00620874
 1.01232e-16 3.44031e-05 0.000201924 0.000959866 0.00369556 0.0115243 0.0291093 0.0595613 0.0987285 0.132587 0.144272 0.127239 0.0910389 0.0530445 0.025582 0.0109943 0.00551203 0.00470293 0.00585325 0.00777691 0.00999877 0.0122433 0.0142622 0.0158249 0.0167569 0.0169761 0.0165074 0.0154688 0.0140355 0.0123963 0.0107142 0.00910487 0.00763296 0.006322 0.00517068 0.00416752
 1.00758e-16 3.13033e-05 0.000183716 0.000873286 0.00336216 0.0104846 0.0264833 0.054189 0.0898267 0.120642 0.131302 0.115863 0.0830379 0.0486615 0.0239888 0.0111989 0.00690755 0.00711 0.00933003 0.0124304 0.0158631 0.019213 0.0220667 0.0240436 0.0248726 0.0244558 0.0228909 0.0204422 0.017471 0.0143507 0.0113926 0.00880293 0.00667463 0.00500788 0.00374444 0.00280196
 1.00546e-16 3.52589e-05 0.000206947 0.000983745 0.00378749 0.011811 0.0298335 0.0610431 0.101185 0.135886 0.147864 0.130411 0.0933176 0.0543901 0.0262634 0.0113405 0.00575811 0.00497084 0.00618974 0.00818575 0.010453 0.0126871 0.0146126 0.0159793 0.0166066 0.0164246 0.015489 0.0139631 0.0120742 0.0100595 0.00811924 0.00638896 0.00493414 0.00376255 0.00284528 0.00213751
 1.00676e-16 3.04005e-05 0.000178414 0.000848074 0.00326509 0.0101818 0.0257186 0.0526246 0.0872343 0.117163 0.127521 0.112543 0.0806914 0.0473535 0.0234688 0.0111656 0.00716883 0.00759777 0.0100481 0.0134043 0.0171096 0.020724 0.0238028 0.0259348 0.0268262 0.0263697 0.0246694 0.022009 0.0187778 0.0153797 0.0121527 0.00932234 0.00699288 0.00516819 0.00378843 0.00276643
 1.01293e-16 2.56199e-05 0.000150341 0.000714596 0.00275114 0.00857908 0.0216703 0.044342 0.0735079 0.0987379 0.107496 0.0949365 0.068215 0.0403278 0.0205378 0.0106917 0.00808435 0.00948568 0.0128776 0.0172791 0.022122 0.026884 0.0310079 0.033969 0.0353847 0.0351023 0.033232 0.0301085 0.0262017 0.0220036 0.0179313 0.0142688 0.0111564 0.00861613 0.0065948 0.00500662
 1.01763e-16 2.70799e-05 0.000158918 0.000755381 0.00290819 0.00906886 0.0229074 0.0468727 0.077701 0.104363 0.113603 0.100288 0.0719694 0.0423648 0.0212391 0.0105133 0.00729805 0.00816066 0.0109728 0.0147359 0.018926 0.0231002 0.0267938 0.029566 0.0310879 0.0312145 0.0300134 0.0277353 0.0247428 0.0214208 0.0180994 0.0150085 0.0122699 0.00991753 0.00793064 0.00626534
 1.01017e-16 3.23887e-05 0.000190092 0.000903604 0.00347891 0.0108487 0.0274029 0.0560702 0.0929437 0.124824 0.135842 0.119842 0.0858306 0.050179 0.0245161 0.0110764 0.00633923 0.00614954 0.00794922 0.0105877 0.0135489 0.0164751 0.0190199 0.0208631 0.0217711 0.0216506 0.0205672 0.0187229 0.0164006 0.0138965 0.0114601 0.00926039 0.00737964 0.00582927 0.00457677 0.00357156
 1.00162e-16 3.84704e-05 0.000225806 0.00107341 0.00413275 0.0128877 0.0325531 0.0666072 0.110406 0.148263 0.161316 0.142236 0.101694 0.0591012 0.0282174 0.0116338 0.00510406 0.0036451 0.00420926 0.0054791 0.00695966 0.00840601 0.00962288 0.0104398 0.0107376 0.0104761 0.00970336 0.00854241 0.00715994 0.00572748 0.0043877 0.0032345 0.00230915 0.00160944 0.00110531 0.000754868
 1.00071e-16 3.86885e-05 0.000227087 0.0010795 0.00415619 0.0129608 0.0327377 0.066985 0.111032 0.149104 0.16223 0.143042 0.102269 0.0594313 0.0283682 0.011684 0.00510701 0.00362505 0.00417211 0.00542258 0.00687841 0.00829369 0.00947313 0.010247 0.010498 0.0101882 0.00936898 0.00816698 0.00675242 0.00529983 0.00395389 0.00280912 0.00190596 0.00124002 0.000778067 0.000474537
 1.0023e-16 3.24403e-05 0.000190392 0.000905023 0.00348436 0.0108656 0.0274458 0.0561584 0.0930908 0.125025 0.136068 0.12006 0.0860276 0.0503759 0.0247635 0.0114413 0.0068936 0.00696297 0.0090787 0.0120627 0.0153539 0.0185354 0.021197 0.0229645 0.0235755 0.0229428 0.0211762 0.0185522 0.0154444 0.0122368 0.0092487 0.00668982 0.00465181 0.00312832 0.00205004 0.00132047
 1.00763e-16 2.8683e-05 0.000168328 0.000800118 0.00308043 0.00960599 0.0242641 0.0496488 0.0823028 0.110543 0.120328 0.10622 0.0762143 0.0448395 0.0224339 0.0110257 0.00754572 0.0083475 0.0111651 0.0149295 0.0190764 0.0231313 0.0266035 0.0290359 0.0300992 0.0296687 0.0278526 0.0249577 0.0214088 0.0176486 0.0140504 0.0108662 0.00821639 0.00611291 0.00449773 0.00328218
 1.00794e-16 3.37033e-05 0.000197812 0.000940311 0.00362025 0.0112894 0.0285162 0.058348 0.0967183 0.12989 0.141347 0.12468 0.0892537 0.0520961 0.0252958 0.0111632 0.00601985 0.00553168 0.00703599 0.00934913 0.0119644 0.0145544 0.0168115 0.0184518 0.0192681 0.0191753 0.0182284 0.0166025 0.0145452 0.0123168 0.0101385 0.00816196 0.00646363 0.00505818 0.00392116 0.00301118
 1.00697e-16 3.21383e-05 0.00018862 0.000896604 0.00345195 0.0107646 0.0271905 0.0556359 0.0922244 0.12386 0.134797 0.118932 0.0852044 0.0498639 0.0244568 0.0112087 0.00663366 0.00661273 0.0086044 0.0114538 0.0146247 0.0177287 0.0203852 0.0222438 0.0230533 0.02272 0.021329 0.0191175 0.0164125 0.0135534 0.0108249 0.0084173 0.00641938 0.00483628 0.00362019 0.00270085
 1.00851e-16 3.12907e-05 0.000183643 0.000872941 0.00336084 0.0104804 0.0264729 0.0541676 0.0897908 0.120593 0.131246 0.115808 0.0829852 0.0486044 0.0239124 0.0110836 0.00673173 0.00685291 0.00897527 0.011971 0.0153072 0.0185879 0.02142 0.0234388 0.02438 0.0241403 0.0227995 0.0205942 0.0178543 0.0149248 0.0120967 0.00956742 0.00743273 0.00570494 0.00434337 0.00328448
 1.01057e-16 3.11526e-05 0.000182833 0.00086909 0.00334602 0.0104342 0.0263561 0.0539286 0.0893945 0.12006 0.130665 0.115292 0.0826096 0.0483721 0.0237755 0.0109828 0.00662157 0.00670557 0.0087761 0.0117155 0.0150016 0.0182504 0.0210815 0.0231401 0.0241668 0.0240555 0.0228757 0.0208471 0.01828 0.0155003 0.0127843 0.0103208 0.0082042 0.00645151 0.00503106 0.00389046
 1.01254e-16 2.99713e-05 0.000175896 0.000836107 0.00321902 0.0100382 0.0253557 0.0518819 0.0860027 0.115508 0.125717 0.110943 0.0795289 0.0466403 0.0230588 0.0108781 0.00686686 0.00719965 0.0095126 0.01272 0.0162949 0.0198308 0.0229172 0.0251701 0.026308 0.0262155 0.0249668 0.0227987 0.0200457 0.0170586 0.0141349 0.0114774 0.00918727 0.00728236 0.00572877 0.00447093
 1.01385e-16 2.98839e-05 0.000175383 0.000833669 0.00320963 0.0100089 0.0252818 0.0517306 0.0857518 0.11517 0.125349 0.110617 0.0792916 0.0464942 0.0229737 0.010817 0.00680129 0.00711251 0.00939503 0.0125694 0.016115 0.0196326 0.0227191 0.0249964 0.026186 0.0261708 0.0250186 0.0229565 0.0203069 0.0174097 0.0145533 0.0119356 0.00965686 0.00773766 0.00614943 0.00484317
 1.01438e-16 2.96953e-05 0.000174276 0.000828403 0.00318936 0.00994568 0.0251221 0.0514039 0.0852104 0.114444 0.124559 0.109922 0.0787999 0.0462177 0.0228593 0.0108002 0.00684028 0.00719098 0.00951173 0.0127281 0.0163186 0.0198803 0.0230054 0.0253114 0.0265164 0.0265023 0.0253383 0.0232545 0.0205777 0.0176516 0.0147681 0.0121266 0.00982753 0.00789099 0.00628721 0.00496614
 1.03049e-16 1.50577e-05 8.83165e-05 0.00041969 0.00161562 0.00503797 0.012726 0.0260425 0.0431813 0.0580307 0.0632526 0.0560401 0.0406537 0.0248126 0.014074 0.0096639 0.0101352 0.0136948 0.0191756 0.02589 0.0332401 0.0405171 0.0469125 0.0516513 0.0541596 0.0541941 0.0518916 0.0477144 0.0423217 0.0364078 0.0305623 0.0251893 0.0204939 0.0165193 0.0132091 0.0104661
 1.04702e-16 2.44779e-05 0.000143649 0.000682808 0.00262879 0.00819759 0.0207065 0.042369 0.070234 0.0943304 0.102672 0.0906148 0.0649769 0.0381483 0.0189434 0.00908754 0.00596424 0.00648045 0.00874502 0.0119168 0.0156121 0.0195378 0.0233794 0.0268133 0.0295604 0.0314332 0.0323605 0.0323779 0.0315963 0.0301604 0.0282144 0.0258842 0.0232778 0.0204941 0.0176331 0.0147987
 1.02503e-16 3.05202e-05 0.000179123 0.000851454 0.00327812 0.0102225 0.0258213 0.0528341 0.0875799 0.117622 0.128008 0.112939 0.0809058 0.0473385 0.0232011 0.0106075 0.00624934 0.00622067 0.00811827 0.0108614 0.0139621 0.0170759 0.0198646 0.0220116 0.0232819 0.0235732 0.0229347 0.0215439 0.0196535 0.0175266 0.015381 0.0133596 0.0115279 0.00989316 0.00843105 0.00711074
pSPR Fmed_Fpbrs
0.534401   0.6 0.325
Fs Fmed_Fpbrs
0.64   0.480487 1.71268
SSBpbr Bo_Bmed_Bpbrs
674100  326535  370755 185378
Ro
30946
SPR SPRFo_SPRFmed_SPRFpbrs
639166 341571 207729
log_Ro
10.16
likeval ReclasPelacesDesembMPH_pf_preclas_ppelaces_ptallas_desvR_qrecl_qpela
 69.6793 11.5178 0.0195935 43.7407 332.618 210.565 56.5875 0 18.3525 2.54625e-06 0.000103594 3.37874e-14 0 0 0
q_reclas_q_pelaces
1.25372 4.25476
M
0.7
N
 33736.2 10410.4 3287.7 389.825 0.203246
 41044.2 15252.5 2502.04 530.48 60.8617
 17151.5 18631.7 3782.1 423.724 96.9722
 22670.3 7201.87 2527.95 251.686 32.6193
 41258.7 10793.6 2582.23 757.975 83.9675
 27413.7 20331.3 5050.11 1169.32 380.208
 64345.8 12572.6 5458.09 967.18 288.355
 64560.3 30187.9 4022.69 1371.87 309.165
 104624 28967.4 6840.92 592.547 238.737
 111936 46722.5 6329.01 952.271 111.353
 64729.4 52217 14305.8 1485.99 244.192
 48680.4 28874.7 11312 1965.31 228.704
 43479.8 21988.8 6890.52 1805.21 338.433
 28061.4 18509.7 3318.17 540.65 159.136
 15596.5 9869.77 637.941 26.4311 4.9217
 10730.6 5518.74 356.375 5.46161 0.237626
 7050.93 4690.86 1022.37 38.4194 0.58705
 9850.95 3114.04 940.651 124.609 4.55941
 12214.8 4426.39 713.618 140.982 18.6802
 14994.2 5621.07 1219.89 142.34 30.9884
 23438.6 6934.83 1610.45 258.401 35.7869
 33002.7 11255.6 2657.25 535.205 96.5991
 46073 15785.3 4181.77 841.861 197.485
 62819.9 21961.9 5712.26 1271.9 311.495
 22089.7 29939.6 7936.6 1733.74 473.514
 31776.6 10593 11349.2 2593.96 712.381
 46269.3 15195.4 3928.78 3585.96 1030.56
pred_Ctot
 2184.65 4025.46 1699.17 205.021 0.106992
 2547.97 5712.46 1259.06 271.755 31.2078
 1923.4 10460.2 2618.45 296.785 67.9629
 673.899 1466.88 741.357 75.5505 9.80371
 227.637 450.233 164.494 49.6622 5.50979
 1513.98 6956.32 2353.69 555.387 180.768
 2564.98 3297.99 2014.89 364.789 108.883
 4504.68 12338.1 2176.48 754.777 170.248
 7624.22 12219.8 3798.18 334.397 134.845
 4896.35 13244.2 2503.51 384.597 45.0224
 4763.63 22184.7 7988.75 843.366 138.709
 3182.04 11243.8 5880.61 1039.58 121.088
 4502.77 11759.6 4603.43 1221.22 229.1
 6004.91 14157.1 2814.93 461.011 135.731
 3287.48 7508.31 539.477 22.469 4.18508
 930.484 2629.57 218.034 3.3902 0.147615
 564.778 2116.44 599.177 22.864 0.349646
 677.968 1259.94 504.734 68.0003 2.49033
 646.767 1464.95 323.225 65.099 8.63447
 743.225 1764.69 527.829 62.8216 13.6911
 556.732 1156.11 392.002 64.4532 8.938
 875.7 2072.79 709.826 146.426 26.4621
 1331.47 3136.11 1198.51 247.005 58.0151
 1823.13 4379.55 1642.8 374.459 91.8218
 546.149 5175.06 1998.4 447.261 122.313
 848.131 1961.03 3046.51 713.127 196.095
 2134.02 4499.31 1615.04 1504.49 432.842
F
 0.0938252 0.725699 1.12416 1.15761 1.15943
 0.0897871 0.694466 1.07578 1.10779 1.10953
 0.167747 1.29745 2.00985 2.06966 2.07291
 0.0421079 0.325687 0.504513 0.519526 0.520341
 0.007698 0.0595409 0.0922331 0.0949778 0.0951268
 0.0795213 0.615065 0.95278 0.981133 0.982672
 0.0568317 0.43957 0.680926 0.701189 0.702289
 0.10143 0.784518 1.21527 1.25144 1.2534
 0.10615 0.821026 1.27183 1.30968 1.31173
 0.0625188 0.483557 0.749065 0.771356 0.772566
 0.107251 0.829541 1.28502 1.32326 1.32534
 0.0947455 0.732818 1.13519 1.16897 1.1708
 0.153999 1.19112 1.84513 1.90004 1.90302
 0.344919 2.66781 4.13263 4.25561 4.26228
 0.338899 2.62125 4.0605 4.18134 4.18789
 0.127482 0.986024 1.52742 1.57288 1.57534
 0.11724 0.9068 1.4047 1.4465 1.44877
 0.0999829 0.773327 1.19794 1.23359 1.23552
 0.0761286 0.588824 0.912131 0.939274 0.940748
 0.0711104 0.55001 0.852005 0.877359 0.878736
 0.0335199 0.259263 0.401617 0.413569 0.414217
 0.0375108 0.29013 0.449433 0.462807 0.463533
 0.0409153 0.316463 0.490224 0.504813 0.505604
 0.0410915 0.317826 0.492336 0.506987 0.507782
 0.0349121 0.270031 0.418298 0.430746 0.431421
 0.0377354 0.291868 0.452124 0.465579 0.466309
 0.0660203 0.51064 0.791019 0.814558 0.815836
Np
 21003.5 10032.3 7906.95 1411.32 355.39
YTP_r0W_actual
 10428.3 62372.5 33929.8 40498.9 12932.4
YTP_p0W_proyectada
 4733.85 88286.5 39107.6 9989.76 12068.9
 4733.85 41179.5 68286 15939.1 4459.73
CTP_r0_actual
 1271.75 2887.61 1080.57 1009.95 290.615
CTP_p0_proyectada
 577.298 4087.34 1245.47 249.121 271.212
 577.298 1906.46 2174.71 397.483 100.219
Wmedp
 8.2 21.6 31.4 40.1 44.5
nmprior
 10.8 10.6 4.6 0
nm_flota  nm_reclas  nm_pelaces    nm_pelaL
inf 23.8101 18.6335 60.0361
cv_recla  cv_pelaces  cv_mph
0.722907 0.371771 0.530274
 ------------------------------------------------
Talla a la edad & desviaci?n 
 7.2 14.2025 17.0495 18.207 18.6776
 1.08 2.13037 2.55742 2.73105 2.80164
