years
 1997 1998 1999 2000 2001 2002 2003 2004 2005 2006 2007 2008 2009 2010 2011 2012 2013 2014 2015 2016 2017 2018 2019 2020 2021 2022 2023
reclasobs
 0 0 0 370054 412103 1.49427e+06 250295 1.28982e+06 931140 785840 897777 1.04006e+06 184774 17550 25797 100020 73551 82996 120727 218422 84188 347160 605670 569463 516374 1.08416e+06 1.01767e+06
reclaspred
 1.35432e+06 250529 505989 182334 273989 339130 671263 568839 686629 949047 951210 687915 400396 147496 89697.9 92872.4 84871.9 96123.6 119544 145935 217416 245348 438654 556019 806783 649686 295178
pelacesobs
 0 0 0 0 0 0 0 0 0 2.06254e+06 1.5e+06 0 1.87456e+06 323000 250000 174000 83755 137374 0 501740 490994 745055 786931 1.00524e+06 1.33801e+06 1.41789e+06 0
pelacespred
 3.026e+06 864570 564143 457451 760299 541884 1.95319e+06 1.51466e+06 1.89027e+06 2.58547e+06 1.99042e+06 1.53088e+06 926759 283335 184337 184970 166747 208050 246769 284304 558427 556785 770018 1.19521e+06 1.5461e+06 1.28449e+06 436761
mphobs
 0 0 0 0 0 0 112323 0 153150 637223 0 255016 313432 73983 77613 109348 50772 17779 17303 59886 28197 0 207744 136588 643089 65757 70829
mphpred
 381377 162211 154292 75476.8 66859.2 146736 173735 286539 266591 358093 423574 286662 184284 130218 58815.2 48272.8 37797.1 40558.9 33960.1 36233.4 51072.6 73807.9 94025.4 138981 197085 148398 103388
desembarqueobs
 350755 77701 442110 56441 14545 235359 269955 359681 431902 328805 639364 411747 362871 311530 167758 66681 60226 58785 57116 73181 50977 67692 138656 160484 209506 203330 245020
desembarquepred
 350731 77665.8 441616 56425.6 14544.1 235278 269923 359151 431425 328613 638477 411181 362385 310875 167341 66641.7 60218.7 58705.1 57024.5 73118.8 50963.8 67629.3 138599 160419 209422 203166 244746
Reclutas
 20747.5 44153.4 5932.09 9928.48 36839.9 15993.5 61661.1 54154.8 87090.7 110726 62413.3 53782.9 50234.5 28510.9 14236 9610.93 6196.67 8490.58 9805.97 9580.3 17479.6 23199.9 32380.1 53143.7 13098.1 26859.8 6550.67
log_desv_Rt
 -0.099819 0.655426 -1.35187 -0.836838 0.474336 -0.360063 0.989409 0.859602 1.3347 1.57481 1.00153 0.852711 0.784458 0.218042 -0.476474 -0.869344 -1.30823 -0.993287 -0.849253 -0.872536 -0.27121 0.0119023 0.345299 0.840755 -0.559775 0.158386 -1.25268
SSB
 553559 235445 223951 109553 97044.5 212984 241205 408125 372298 505583 614807 416082 280510 146605 70606.1 57680.3 49127.1 49218.1 63665.1 73909.2 94537.7 131878 174856 241869 387388 310053 201590
BT
 1.23573e+06 367964 391197 188366 280621 330839 1.03637e+06 925436 1.16081e+06 1.23826e+06 1.2107e+06 888767 692724 394634 211266 117232 106734 125228 127585 149881 238929 222086 326444 520762 553279 525171 315024
Ftot
 0.712522 0.979394 2.03666 0.874825 0.202442 1.73996 1.51219 1.96902 2.17277 1.16493 1.81854 1.68025 2.57598 4.95303 4.95303 2.03303 2.01573 1.91633 1.41853 1.44381 0.767552 0.817642 0.905794 0.909339 0.689325 0.868994 1.953
BD_Bspro_t
 0.925577 0.624486 0.51011 0.206784 0.284693 0.512864 0.401321 0.484222 0.418869 0.448733 0.4586 0.304189 0.229592 0.148692 0.0874231 0.0876046 0.10396 0.143742 0.220353 0.294942 0.37744 0.522669 0.549921 0.55515 0.59873 0.470677 0.360258
BD_Bspro
 1.16906 0.497238 0.472964 0.231365 0.204949 0.449801 0.509403 0.861922 0.786259 1.06774 1.29841 0.878726 0.59241 0.309616 0.149113 0.121815 0.103752 0.103944 0.134455 0.156089 0.199655 0.278514 0.36928 0.510804 0.818127 0.654802 0.42574
BD_Bo
 1.14085 0.485239 0.461551 0.225782 0.200003 0.438947 0.497111 0.841123 0.767286 1.04198 1.26708 0.857522 0.578115 0.302145 0.145515 0.118876 0.101248 0.101436 0.13121 0.152323 0.194837 0.271793 0.360369 0.498478 0.798385 0.639001 0.415466
BD_Brms
 2.07428 0.882252 0.839184 0.410513 0.363642 0.798085 0.903837 1.52931 1.39507 1.8945 2.30378 1.55913 1.05112 0.549355 0.264573 0.216138 0.184087 0.184429 0.238564 0.27695 0.354249 0.494169 0.655216 0.906324 1.45161 1.16182 0.755394
S_f
 0.0768878 0.640878 0.974513 0.998781 0.999943
 0.0768878 0.640878 0.974513 0.998781 0.999943
 0.0768878 0.640878 0.974513 0.998781 0.999943
 0.0768878 0.640878 0.974513 0.998781 0.999943
 0.0768878 0.640878 0.974513 0.998781 0.999943
 0.0768878 0.640878 0.974513 0.998781 0.999943
 0.0768878 0.640878 0.974513 0.998781 0.999943
 0.0768878 0.640878 0.974513 0.998781 0.999943
 0.0768878 0.640878 0.974513 0.998781 0.999943
 0.0768878 0.640878 0.974513 0.998781 0.999943
 0.0768878 0.640878 0.974513 0.998781 0.999943
 0.0768878 0.640878 0.974513 0.998781 0.999943
 0.0768878 0.640878 0.974513 0.998781 0.999943
 0.0768878 0.640878 0.974513 0.998781 0.999943
 0.0768878 0.640878 0.974513 0.998781 0.999943
 0.0768878 0.640878 0.974513 0.998781 0.999943
 0.0768878 0.640878 0.974513 0.998781 0.999943
 0.0768878 0.640878 0.974513 0.998781 0.999943
 0.0768878 0.640878 0.974513 0.998781 0.999943
 0.0768878 0.640878 0.974513 0.998781 0.999943
 0.0768878 0.640878 0.974513 0.998781 0.999943
 0.0768878 0.640878 0.974513 0.998781 0.999943
 0.0768878 0.640878 0.974513 0.998781 0.999943
 0.0768878 0.640878 0.974513 0.998781 0.999943
 0.0768878 0.640878 0.974513 0.998781 0.999943
 0.0768878 0.640878 0.974513 0.998781 0.999943
 0.0768878 0.640878 0.974513 0.998781 0.999943
Scru_reclas
 0.197817 0.553779 0.861987 0.969166 0.993718
 0.197817 0.553779 0.861987 0.969166 0.993718
 0.197817 0.553779 0.861987 0.969166 0.993718
 0.197817 0.553779 0.861987 0.969166 0.993718
 0.197817 0.553779 0.861987 0.969166 0.993718
 0.197817 0.553779 0.861987 0.969166 0.993718
 0.197817 0.553779 0.861987 0.969166 0.993718
 0.197817 0.553779 0.861987 0.969166 0.993718
 0.197817 0.553779 0.861987 0.969166 0.993718
 0.197817 0.553779 0.861987 0.969166 0.993718
 0.197817 0.553779 0.861987 0.969166 0.993718
 0.197817 0.553779 0.861987 0.969166 0.993718
 0.197817 0.553779 0.861987 0.969166 0.993718
 0.197817 0.553779 0.861987 0.969166 0.993718
 0.197817 0.553779 0.861987 0.969166 0.993718
 0.197817 0.553779 0.861987 0.969166 0.993718
 0.197817 0.553779 0.861987 0.969166 0.993718
 0.197817 0.553779 0.861987 0.969166 0.993718
 0.197817 0.553779 0.861987 0.969166 0.993718
 0.197817 0.553779 0.861987 0.969166 0.993718
 0.197817 0.553779 0.861987 0.969166 0.993718
 0.197817 0.553779 0.861987 0.969166 0.993718
 0.197817 0.553779 0.861987 0.969166 0.993718
 0.197817 0.553779 0.861987 0.969166 0.993718
 0.197817 0.553779 0.861987 0.969166 0.993718
 0.197817 0.553779 0.861987 0.969166 0.993718
 0.197817 0.553779 0.861987 0.969166 0.993718
Scru_pelaces
 0.377945 0.753556 0.938981 0.987252 0.997441
 0.377945 0.753556 0.938981 0.987252 0.997441
 0.377945 0.753556 0.938981 0.987252 0.997441
 0.377945 0.753556 0.938981 0.987252 0.997441
 0.377945 0.753556 0.938981 0.987252 0.997441
 0.377945 0.753556 0.938981 0.987252 0.997441
 0.377945 0.753556 0.938981 0.987252 0.997441
 0.377945 0.753556 0.938981 0.987252 0.997441
 0.377945 0.753556 0.938981 0.987252 0.997441
 0.377945 0.753556 0.938981 0.987252 0.997441
 0.377945 0.753556 0.938981 0.987252 0.997441
 0.377945 0.753556 0.938981 0.987252 0.997441
 0.377945 0.753556 0.938981 0.987252 0.997441
 0.377945 0.753556 0.938981 0.987252 0.997441
 0.377945 0.753556 0.938981 0.987252 0.997441
 0.377945 0.753556 0.938981 0.987252 0.997441
 0.377945 0.753556 0.938981 0.987252 0.997441
 0.377945 0.753556 0.938981 0.987252 0.997441
 0.377945 0.753556 0.938981 0.987252 0.997441
 0.377945 0.753556 0.938981 0.987252 0.997441
 0.377945 0.753556 0.938981 0.987252 0.997441
 0.377945 0.753556 0.938981 0.987252 0.997441
 0.377945 0.753556 0.938981 0.987252 0.997441
 0.377945 0.753556 0.938981 0.987252 0.997441
 0.377945 0.753556 0.938981 0.987252 0.997441
 0.377945 0.753556 0.938981 0.987252 0.997441
 0.377945 0.753556 0.938981 0.987252 0.997441
pf_obs 
 0.256992 0.487395 0.22802 0.0275931 0
 0.321318 0.546541 0.124235 0.00734118 0.000564706
 0.182869 0.594174 0.210203 0.0122559 0.00049798
 0.330522 0.361315 0.267642 0.0388342 0.00168674
 0.649043 0.306663 0.0425973 0.00169635 0
 0.582887 0.30429 0.105238 0.00758474 0
 0.465427 0.430635 0.0974691 0.00646863 0
 0.296916 0.608066 0.0921331 0.00288517 0
 0.311714 0.524322 0.152257 0.0117073 0
 0.15457 0.633149 0.183074 0.0267441 0.00246327
 0.131901 0.49318 0.331252 0.0422183 0.00144891
 0.196976 0.569456 0.194076 0.0375587 0.00193317
 0.518974 0.381816 0.0799577 0.0180837 0.00116848
 0.0928022 0.601141 0.25162 0.0475244 0.00691264
 0.122501 0.610282 0.24278 0.0234846 0.000952079
 0.383417 0.481906 0.127806 0.00687128 0
 0.0376549 0.599619 0.316969 0.0457579 0
 0.0361596 0.667082 0.258105 0.0386534 0
 0.158088 0.579412 0.248529 0.0139706 0
 0.0477256 0.309471 0.559284 0.082774 0.000745712
 0.0406174 0.521527 0.379366 0.0568643 0.0016247
 0.151134 0.462217 0.34131 0.0453401 0
 0.294876 0.26143 0.354403 0.0886775 0.000613685
 0.281977 0.475581 0.204845 0.0348837 0.00271318
 0.0841818 0.532909 0.334909 0.0458182 0.00218182
 0.115287 0.27431 0.454777 0.147771 0.00785563
 0 0 0 0 0
pf_pred 
 0.110297 0.597745 0.258434 0.0335165 7.94442e-06
 0.265664 0.389158 0.269326 0.0674044 0.00844765
 0.0424211 0.778738 0.121083 0.045452 0.0123065
 0.181677 0.312735 0.461728 0.0302567 0.0136043
 0.412361 0.409176 0.0936213 0.0777287 0.00711289
 0.117382 0.749191 0.104602 0.0153155 0.0135095
 0.486292 0.324897 0.174863 0.0110602 0.00288734
 0.254086 0.69364 0.0409337 0.0105394 0.000800307
 0.3741 0.518472 0.104127 0.00261662 0.000684217
 0.299389 0.630453 0.0647262 0.00527445 0.000157153
 0.153641 0.690763 0.147106 0.00785736 0.000631984
 0.199195 0.57233 0.207772 0.0196308 0.00107261
 0.25727 0.584293 0.134053 0.0222774 0.00210713
 0.2635 0.651811 0.0772345 0.00637448 0.00108061
 0.289337 0.677649 0.0322778 0.000678172 5.7802e-05
 0.260995 0.702931 0.0357641 0.000303987 6.12459e-06
 0.190516 0.6747 0.131948 0.00281318 2.29997e-05
 0.31438 0.534535 0.139374 0.0114787 0.000232729
 0.279073 0.625838 0.0847539 0.00957474 0.000760461
 0.228843 0.627084 0.134123 0.008914 0.0010371
 0.311013 0.526454 0.146133 0.0153156 0.00108382
 0.247554 0.600015 0.129597 0.0206013 0.0022315
 0.248356 0.559203 0.16836 0.0205836 0.00349711
 0.284588 0.540814 0.146705 0.0245163 0.00337621
 0.055677 0.739898 0.173492 0.0261467 0.00478665
 0.175633 0.27404 0.474401 0.0647671 0.0111585
 0.0660204 0.684016 0.118393 0.113998 0.0175722
pobs_RECLAS
 0 0 0 0 0
 0 0 0 0 0
 0 0 0 0 0
 0 0 0 0 0
 0.835266 0.146461 0.0176864 0.000547809 3.91292e-05
 0.385257 0.428462 0.181853 0.0044286 0
 0.867414 0.0963971 0.0333333 0.00285562 0
 0.441836 0.489002 0.0689373 0.000224442 0
 0.779404 0.147425 0.0564933 0.0165055 0.000172143
 0.814271 0.122319 0.05973 0.00367925 0
 0.40263 0.566651 0.0304383 0.000280538 0
 0.475488 0.404961 0.113038 0.00651328 0
 0.955842 0.0263864 0.0167828 0.000988607 0
 0.975058 0.0227948 0.00214734 0 0
 0.738997 0.206755 0.0527124 0.00153531 0
 0.850938 0.134255 0.0134407 0.00136685 0
 0.542534 0.407297 0.0501686 0 0
 0.764087 0.199537 0.0359546 0.000420521 0
 0.470689 0.182191 0.310203 0.0369168 0
 0.84361 0.089868 0.0606195 0.00523954 0.000663233
 0.607945 0.314616 0.071237 0.00620181 0
 0.523733 0.453247 0.0230204 0 0
 0.530135 0.295979 0.169645 0.0042399 0
 0.562478 0.366248 0.0663022 0.0049721 0
 0.250443 0.683176 0.0655157 0.000865301 0
 0.195077 0.31981 0.436473 0.0351445 0.0134964
 0.565238 0.351407 0.0832357 0.000118908 0
ppred_RECLAS
 0.27522 0.485404 0.209607 0.0297631 7.22437e-06
 0.529805 0.248568 0.169334 0.0463445 0.00594757
 0.132248 0.714626 0.100694 0.0410534 0.0113784
 0.407952 0.226388 0.331002 0.0237316 0.0109266
 0.673511 0.222828 0.05194 0.0472896 0.00443182
 0.307021 0.592594 0.0770239 0.0122759 0.0110856
 0.757438 0.155972 0.0796311 0.00549109 0.00146765
 0.536084 0.433546 0.0233336 0.00652857 0.000507481
 0.676854 0.272508 0.0489461 0.00133443 0.000357172
 0.575116 0.383108 0.0382653 0.00340663 0.000103931
 0.379813 0.512855 0.10098 0.00586776 0.000483155
 0.454078 0.396576 0.13471 0.0138602 0.000775316
 0.561301 0.355075 0.0698565 0.0125518 0.00121503
 0.650238 0.323236 0.0240671 0.00209565 0.000363149
 0.673362 0.316924 0.00948565 0.000210264 1.83194e-05
 0.546449 0.433374 0.0199886 0.000184534 3.80582e-06
 0.447557 0.467488 0.0830154 0.00192265 1.60908e-05
 0.61044 0.30898 0.0738324 0.0066105 0.000137203
 0.556048 0.387177 0.050099 0.00617404 0.000502066
 0.49106 0.416988 0.0850524 0.0061654 0.000734428
 0.581506 0.319341 0.0882893 0.0101288 0.000733996
 0.50383 0.39503 0.084759 0.0147454 0.00163556
 0.506587 0.367023 0.109238 0.0146101 0.0025418
 0.552659 0.337861 0.0905854 0.0165598 0.00233525
 0.152798 0.661668 0.155134 0.0256005 0.00479938
 0.397181 0.199857 0.342734 0.0511962 0.0090322
 0.194229 0.597031 0.0943851 0.0987702 0.0155855
pobs_PELACES
 0 0 0 0 0
 0 0 0 0 0
 0 0 0 0 0
 0 0 0 0 0
 0 0 0 0 0
 0 0 0 0 0
 0 0 0 0 0
 0 0 0 0 0
 0 0 0 0 0
 0 0 0 0 0
 0.450072 0.473896 0.0757376 0.000293798 0
 0 0 0 0 0
 0.463077 0.371075 0.160297 0.00555027 0
 0.529543 0.364841 0.0842815 0.0213345 0
 0.631943 0.363953 0.00410389 0 0
 0.735681 0.248677 0.0153453 0.000297389 0
 0.695825 0.281241 0.0229344 0 0
 0.275771 0.60734 0.115278 0.00161068 0
 0 0 0 0 0
 0.896147 0.0623911 0.0374545 0.00400742 0
 0.803859 0.145111 0.0509908 3.86294e-05 0
 0.739449 0.233085 0.0266225 0.000797448 4.60066e-05
 0.878498 0.100942 0.0204185 0.000141795 0
 0.694673 0.275183 0.0284847 0.00165964 0
 0.469039 0.446079 0.0841089 0.000773354 0
 0.822795 0.102175 0.0682046 0.00682512 0
 0 0 0 0 0
ppred_PELACES
 0.400293 0.440376 0.140745 0.0185824 4.44323e-06
 0.687848 0.191546 0.0937819 0.0238144 0.00301031
 0.250925 0.66104 0.0595861 0.0223501 0.00609913
 0.578904 0.194426 0.20667 0.0137596 0.00624041
 0.765238 0.17365 0.0316886 0.0269362 0.00248721
 0.475385 0.472726 0.0406123 0.00596909 0.00530784
 0.868006 0.0960746 0.0332441 0.00211789 0.000557457
 0.705738 0.281777 0.00977416 0.00251734 0.000192668
 0.823914 0.157673 0.0178476 0.000447172 0.000117839
 0.708663 0.270682 0.0190379 0.00157022 4.71822e-05
 0.56207 0.385335 0.0497167 0.00266248 0.00021587
 0.63771 0.290149 0.0655735 0.00622484 0.000342887
 0.758727 0.211646 0.0251016 0.00413158 0.000393697
 0.872488 0.122877 0.00424541 0.000332247 5.66235e-05
 0.880875 0.117459 0.00163133 3.25002e-05 2.78485e-06
 0.715093 0.27667 0.00816671 6.93656e-05 1.40855e-06
 0.636668 0.325476 0.0370596 0.000789778 6.50791e-06
 0.772361 0.194907 0.0301919 0.00248935 5.08732e-05
 0.704847 0.26844 0.0237857 0.00271017 0.000217043
 0.652961 0.301848 0.0420429 0.00281721 0.000330492
 0.706266 0.239466 0.0487048 0.0051931 0.000370705
 0.637603 0.305789 0.0480019 0.00775814 0.000847672
 0.64782 0.282419 0.0609031 0.00756209 0.00129591
 0.688327 0.25304 0.0491366 0.00833901 0.00115833
 0.23416 0.635233 0.110514 0.0169603 0.0031322
 0.572368 0.174494 0.217693 0.0301978 0.00524784
 0.350832 0.533995 0.0545051 0.0525098 0.00815839
pobs_pel_tallas
 0 0 0 0 0 0 0 0 0 0 0 0 0 0 0 0 0 0 0 0 0 0 0 0 0 0 0 0 0 0 0 0 0 0 0 0
 0 0 0 0 0 0 0 0 0 0 0 0 0 0 0 0 0 0 0 0 0 0 0 0 0 0 0 0 0 0 0 0 0 0 0 0
 0 0 0 0 0 0 0 0 0 0 0 0 0 0 0 0 0 0 0 0 0 0 0 0 0 0 0 0 0 0 0 0 0 0 0 0
 0 0 0 0 0 0 0 0 0 0 0 0 0 0 0 0 0 0 0 0 0 0 0 0 0 0 0 0 0 0 0 0 0 0 0 0
 0 0 0 0 0 0 0 0 0 0 0 0 0 0 0 0 0 0 0 0 0 0 0 0 0 0 0 0 0 0 0 0 0 0 0 0
 0 0 0 0 0 0 0 0 0 0 0 0 0 0 0 0 0 0 0 0 0 0 0 0 0 0 0 0 0 0 0 0 0 0 0 0
 0 0 0 0 0 0 0 0 0 0 0 0 0 0 0 0 0 0 0 0 0 0 0 0 0 0 0 0 0 0 0 0 0 0 0 0
 0 0 0 0 0 0 0 0 0 0 0 0 0 0 0 0 0 0 0 0 0 0 0 0 0 0 0 0 0 0 0 0 0 0 0 0
 0 0 0 0 0 0 0 0 0 0 0 0 0 0 0 0 0 0 0 0 0 0 0 0 0 0 0 0 0 0 0 0 0 0 0 0
 0 0 0 0 0 0 0 0 0 0 0 0 0 0 0 0 0 0 0 0 0 0 0 0 0 0 0 0 0 0 0 0 0 0 0 0
 0 0 0 0 0 0 0 0 1.78061e-05 0.00172719 0.00360574 0.0105946 0.0120993 0.0124554 0.0147524 0.0171206 0.0266825 0.0428682 0.0675386 0.121331 0.153587 0.119568 0.100827 0.0573624 0.0630603 0.0341343 0.0324427 0.0444173 0.0211091 0.0280891 0.0125444 0.00206551 0 0 0 0
 0 0 0 0 0 0 0 0 0 0 0 0 0 0 0 0 0 0 0 0 0 0 0 0 0 0 0 0 0 0 0 0 0 0 0 0
 0 0 0 0 0 0 0.0133647 0.0140871 0.0187388 0.0205184 0.03894 0.0496705 0.03968 0.0493445 0.0407372 0.0367815 0.0215668 0.0243155 0.0234873 0.0199281 0.019796 0.0243948 0.0301388 0.0376714 0.0412746 0.0863199 0.0771752 0.113111 0.0741005 0.0525337 0.0229764 0.00759418 0.00175318 0 0 0
 0 0 0 0 0 0 0 0 0 0 0.00219441 0.00772107 0.0458388 0.0604681 0.0671733 0.0775358 0.0609151 0.0617685 0.073594 0.0568108 0.0755445 0.0548602 0.0670107 0.0636378 0.0643287 0.046367 0.0373049 0.0286899 0.0247887 0.0153202 0.00654259 0.00121912 0.000365735 0 0 0
 0 0 0 0 0 0 0 0 0 0 0 0 0.000112435 0.00938835 0.0111873 0.0202946 0.0414886 0.0713402 0.111592 0.104902 0.108894 0.110636 0.117776 0.105296 0.107544 0.0401394 0.0192827 0.0124803 0.00416011 0.0028671 0.000618394 0 0 0 0 0
 0 0 0 0 0 0 0 0 0 0 0.00291406 0.0102884 0.027416 0.0768956 0.0749926 0.110853 0.0956884 0.0897413 0.0766577 0.0534642 0.0500743 0.0551293 0.0594112 0.0620874 0.0668451 0.0424026 0.0208742 0.0120726 0.0048766 0.00582813 0.00118941 0.000297354 0 0 0 0
 0 0.00264628 0.0354308 0.0461629 0.0458689 0.0383711 0.0214643 0.0164657 0.0346957 0.0420465 0.0363128 0.0245516 0.0311673 0.0291091 0.0169068 0.0133784 0.00837989 0.0085269 0.0148486 0.0160247 0.0276389 0.0546898 0.0760071 0.122758 0.109233 0.0665981 0.0333725 0.0166128 0.00676272 0.00308733 0.000882094 0 0 0 0 0
 0 0 0 0 0 0 0 0.000805153 0.000690131 0.00759144 0.0133425 0.0154129 0.00931677 0.000345066 0.00356568 0.00563607 0.00851162 0.0253048 0.0502646 0.0516448 0.0657925 0.0565908 0.0611916 0.0827007 0.0866115 0.110766 0.145733 0.0935128 0.0569358 0.0249597 0.0138026 0.00621118 0.00161031 0.00115022 0 0
 0 0 0 0 0 0 0 0 0 0 0 0 0 0 0 0 0 0 0 0 0 0 0 0 0 0 0 0 0 0 0 0 0 0 0 0
 0.00147267 0.00158595 0.00478618 0.00569244 0.00954404 0.0108468 0.00647125 0.017049 0.0510054 0.094081 0.124002 0.0959785 0.0687766 0.0820023 0.061753 0.0591476 0.0492212 0.0479892 0.0443925 0.0268479 0.0217502 0.0140895 0.0121071 0.0120363 0.00920419 0.00665534 0.0049561 0.00860946 0.00930331 0.0156896 0.0114698 0.00855282 0.00243557 0.00046729 0 2.83206e-05
 0 0 0 0 0.000772559 0.00158375 0.000888443 0.00281984 0.00712685 0.0440552 0.0773331 0.111326 0.0921469 0.0852325 0.0710754 0.0886704 0.0786465 0.0553345 0.0373146 0.0185414 0.00753245 0.00457741 0.012979 0.0271748 0.0457355 0.0583668 0.034881 0.0177882 0.00938659 0.00492506 0.0015258 0.00185414 0.000309023 5.79419e-05 3.86279e-05 0
 0 0.00173294 0.00326652 0 0.00397197 0.00683976 0.00946217 0.0152591 0.00757587 0.0136028 0.0228656 0.0392903 0.0559909 0.0764795 0.0681675 0.0726916 0.0566044 0.0477403 0.0527397 0.0444891 0.0609904 0.0582453 0.0661739 0.0445044 0.0529084 0.0360697 0.0280645 0.0235558 0.0158879 0.00826598 0.00280645 0.00217768 0.000904811 0.00058276 9.20147e-05 0
 0 0 0 0 0 0 0 0 0 0 0 0 0 0 0 0 0 0 0 0 0 0 0 0 0 0 0 0 0 0 0 0 0 0 0 0
 0 0 0 0 0 0 0 0 0 0 0 0 0 0 0 0 0 0 0 0 0 0 0 0 0 0 0 0 0 0 0 0 0 0 0 0
 0 0 0 0 0 0 0 0 0 0 0 0 0 0 0 0 0 0 0 0 0 0 0 0 0 0 0 0 0 0 0 0 0 0 0 0
 0 0 0 0 0 0 0 0 0 0 0 0 0 0 0 0 0 0 0 0 0 0 0 0 0 0 0 0 0 0 0 0 0 0 0 0
 0 0 0 0 0 0 0 0 0 0 0 0 0 0 0 0 0 0 0 0 0 0 0 0 0 0 0 0 0 0 0 0 0 0 0 0
ppred_pel_tallas
 1.02781e-16 1.74855e-05 0.000102575 0.00048749 0.00187668 0.00585211 0.0147824 0.0302495 0.0501527 0.0673862 0.0734154 0.0649618 0.0469474 0.0282986 0.0154171 0.0096632 0.00929369 0.0121833 0.0169765 0.0229371 0.0295057 0.036057 0.0418828 0.0462991 0.0487904 0.0491227 0.0473881 0.0439616 0.0393925 0.0342683 0.0290963 0.0242351 0.0198813 0.0160997 0.0128725 0.0101456
 1.02353e-16 3.0014e-05 0.000176152 0.000837333 0.00322376 0.010053 0.025393 0.0519578 0.086127 0.11567 0.125881 0.111058 0.0795482 0.0465239 0.0227654 0.0103497 0.00602341 0.00594884 0.00777125 0.0104426 0.0135029 0.0166358 0.0195278 0.0218772 0.0234471 0.0241131 0.0238826 0.0228795 0.0213016 0.019367 0.0172686 0.0151483 0.0130939 0.0111512 0.00934218 0.00768065
 1.02115e-16 1.0981e-05 6.43687e-05 0.000305809 0.00117709 0.00367041 0.00927183 0.0189762 0.0314732 0.0423224 0.0461995 0.0410944 0.0301651 0.0191143 0.0120966 0.0101294 0.012278 0.0173139 0.0243774 0.03283 0.0419531 0.0508208 0.0583725 0.0636065 0.0658071 0.064716 0.0605927 0.0541357 0.0463004 0.0380732 0.0302758 0.0234512 0.0178427 0.0134487 0.0101136 0.00761911
 1.03762e-16 2.52639e-05 0.000148264 0.000704749 0.00271327 0.00846103 0.0213719 0.0437305 0.0724905 0.0973601 0.105967 0.0935165 0.0670437 0.0393336 0.0194798 0.00925766 0.00596116 0.00639333 0.00860014 0.0117151 0.0153478 0.0192056 0.0229747 0.0263312 0.0289928 0.030767 0.0315761 0.0314511 0.0305026 0.0288811 0.0267434 0.0242339 0.0214812 0.0186033 0.0157136 0.0129215
 1.01549e-16 3.33877e-05 0.00019596 0.00093151 0.00358637 0.0111838 0.0282493 0.0578018 0.0958128 0.128674 0.140021 0.123507 0.0884046 0.0515825 0.025013 0.0109822 0.00584361 0.00530318 0.00672543 0.00894432 0.0114692 0.013991 0.0162222 0.0178978 0.0188231 0.0189167 0.0182258 0.0169073 0.0151825 0.013282 0.0113977 0.00965725 0.00812018 0.0067932 0.00565272 0.00466592
 1.01184e-16 2.07609e-05 0.000121802 0.000578894 0.0022286 0.00694955 0.0175544 0.0359215 0.0595548 0.0800131 0.0871563 0.077083 0.0556254 0.0333645 0.0178749 0.0107365 0.00983901 0.0126192 0.0174376 0.0234097 0.0298877 0.0361764 0.0415098 0.0451701 0.0466463 0.0457568 0.0426922 0.0379592 0.0322494 0.0262769 0.0206374 0.015725 0.0117168 0.00861136 0.00629375 0.00460143
 1.00603e-16 3.78657e-05 0.000222257 0.00105655 0.00406781 0.0126851 0.0320416 0.0655605 0.108671 0.145932 0.158777 0.139992 0.100078 0.0581381 0.0277139 0.0113527 0.00487341 0.00337291 0.00385804 0.005045 0.00646573 0.00790221 0.00918475 0.0101615 0.0107187 0.0108042 0.0104366 0.00969631 0.00870213 0.00758156 0.00644539 0.00537256 0.00440734 0.0035655 0.00284485 0.00223505
 1.00327e-16 3.07976e-05 0.000180744 0.000859149 0.00330773 0.0103148 0.0260545 0.0533119 0.0883737 0.118694 0.129189 0.114018 0.0817571 0.0479942 0.0238143 0.011375 0.00735924 0.00783411 0.010359 0.0137944 0.017563 0.0212029 0.0242481 0.0262713 0.0269731 0.0262542 0.0242409 0.0212498 0.0177083 0.0140548 0.0106535 0.00774269 0.00542563 0.00369342 0.00246563 0.00163137
 1.00326e-16 3.59456e-05 0.000210979 0.00100291 0.0038613 0.0120411 0.0304149 0.0622326 0.103156 0.138533 0.150742 0.132944 0.0951189 0.0554171 0.0267164 0.011462 0.00571049 0.00482373 0.0059561 0.00785544 0.0100109 0.0121209 0.0139167 0.015156 0.0156662 0.0153847 0.0143724 0.0127962 0.0108852 0.00887693 0.00697101 0.005301 0.0039291 0.00285844 0.00205419 0.00146492
 1.00415e-16 3.09247e-05 0.000181491 0.000862703 0.00332141 0.0103575 0.0261623 0.0535323 0.0887389 0.119183 0.129719 0.11448 0.0820743 0.048153 0.0238424 0.0113047 0.0072052 0.00759289 0.0100191 0.0133473 0.0170111 0.0205649 0.0235606 0.025586 0.0263499 0.0257511 0.0239036 0.0211037 0.017754 0.0142701 0.0109986 0.00816878 0.00588345 0.00414045 0.00287043 0.00197508
 1.00933e-16 2.45373e-05 0.000143981 0.00068435 0.00263467 0.00821587 0.0207529 0.0424653 0.0703985 0.0945663 0.102968 0.0909692 0.0654336 0.0388225 0.0200269 0.0108393 0.00869121 0.0105032 0.0143384 0.0192274 0.0245673 0.0297744 0.03422 0.0373152 0.0386368 0.0380272 0.0356305 0.0318478 0.0272326 0.0223604 0.0177152 0.0136221 0.0102346 0.00756412 0.00553088 0.00401543
 1.01256e-16 2.78317e-05 0.000163331 0.000776361 0.00298897 0.00932076 0.0235437 0.0481746 0.0798591 0.107262 0.116756 0.103069 0.073959 0.0435232 0.0217957 0.0107476 0.00740495 0.00823504 0.0110453 0.0148049 0.0189719 0.0230897 0.0266827 0.0293027 0.0306203 0.0304991 0.0290235 0.0264679 0.0232219 0.0196958 0.0162392 0.0130931 0.0103805 0.00812726 0.0062977 0.00482911
 1.00586e-16 3.31053e-05 0.000194299 0.000923605 0.00355592 0.0110888 0.0280095 0.0573114 0.0950009 0.127587 0.138847 0.122492 0.0877237 0.0512766 0.0250348 0.0112798 0.00640982 0.00617407 0.00795366 0.0105685 0.013488 0.0163447 0.0187852 0.0204854 0.0212135 0.0208839 0.0195763 0.0175114 0.014993 0.0123364 0.00980583 0.00757815 0.00573558 0.00428244 0.00317359 0.00234275
 1.00115e-16 3.80622e-05 0.000223409 0.00106201 0.00408886 0.0127508 0.0322073 0.0658998 0.109234 0.14669 0.159608 0.140737 0.100638 0.0585188 0.0279982 0.0116452 0.00526341 0.00392614 0.0046174 0.00602739 0.00765363 0.00923545 0.0105587 0.0114352 0.0117344 0.0114131 0.0105266 0.00921352 0.00766073 0.00606016 0.00457118 0.0032983 0.00228682 0.00153301 0.00100161 0.000643906
 1.00063e-16 3.84277e-05 0.000225555 0.00107222 0.00412815 0.0128733 0.0325168 0.066533 0.110283 0.148099 0.161139 0.142083 0.101592 0.0590562 0.0282229 0.0116824 0.00519503 0.00378421 0.00440445 0.00573563 0.00727601 0.00877106 0.010015 0.0108283 0.0110868 0.010751 0.00987567 0.0085957 0.00709204 0.0055501 0.00412346 0.00291233 0.00195938 0.00125952 0.000777001 0.000462904
 1.00209e-16 3.12053e-05 0.000183138 0.000870531 0.00335155 0.0104515 0.0263997 0.0540181 0.0895442 0.120265 0.130897 0.11552 0.0828229 0.0485971 0.024071 0.0114267 0.00729906 0.00769991 0.0101556 0.0135147 0.0171994 0.0207532 0.0237177 0.025673 0.0263258 0.02558 0.0235616 0.0205842 0.0170704 0.0134539 0.0100949 0.00722912 0.00495856 0.00327402 0.00209489 0.00130984
 1.0066e-16 2.77876e-05 0.000163069 0.000775109 0.00298413 0.00930568 0.0235056 0.048097 0.0797314 0.107093 0.11658 0.102932 0.0738993 0.0435662 0.0219608 0.0110633 0.00791516 0.00899318 0.0121006 0.0161841 0.0206611 0.0250205 0.0287277 0.0312854 0.0323379 0.0317555 0.0296644 0.0264085 0.022461 0.0183126 0.0143752 0.010925 0.00809051 0.00587857 0.00421741 0.00300097
 1.00581e-16 3.36992e-05 0.000197787 0.00094019 0.00361978 0.011288 0.0285125 0.0583405 0.0967062 0.129875 0.141333 0.124673 0.0892614 0.0521259 0.025357 0.0112691 0.00618722 0.00577934 0.00738049 0.00979937 0.0125159 0.0151847 0.0174789 0.0190985 0.0198274 0.0195825 0.0184323 0.0165746 0.0142843 0.011848 0.00950773 0.00742699 0.00568467 0.0042896 0.00320592 0.00237823
 1.00529e-16 3.07582e-05 0.000180514 0.000858058 0.00330353 0.0103017 0.0260214 0.0532441 0.088261 0.118541 0.129021 0.113863 0.0816322 0.0478935 0.0237138 0.011244 0.0071677 0.00755614 0.00997511 0.013296 0.0169574 0.0205185 0.0235352 0.0255982 0.0264165 0.0258868 0.0241179 0.0213982 0.0181221 0.0146972 0.0114642 0.00864958 0.00635612 0.00458466 0.00327074 0.00232184
 1.00808e-16 2.84971e-05 0.000167237 0.000794927 0.00306045 0.00954367 0.0241067 0.0493267 0.081769 0.109827 0.119549 0.105536 0.0757303 0.0445686 0.022324 0.0110139 0.00759154 0.00843573 0.0112952 0.0151056 0.0193009 0.0234025 0.0269141 0.0293733 0.0304474 0.0300109 0.028174 0.0252475 0.0216618 0.0178649 0.0142339 0.0110227 0.00835234 0.0062334 0.00460619 0.00338027
 1.00966e-16 3.0819e-05 0.000180873 0.000859771 0.00331013 0.0103223 0.0260734 0.0533503 0.0884364 0.118774 0.129268 0.114067 0.0817462 0.047896 0.0235964 0.0109923 0.00675237 0.00693653 0.00911221 0.0121683 0.0155766 0.0189405 0.0218639 0.0239774 0.0250111 0.0248556 0.0235848 0.0214301 0.0187174 0.0157891 0.0129357 0.0103563 0.00815033 0.00633582 0.00487875 0.00372252
 1.01088e-16 2.78276e-05 0.000163306 0.000776239 0.00298849 0.00931927 0.0235399 0.048167 0.0798469 0.107247 0.116743 0.103065 0.0739728 0.0435647 0.0218777 0.0108876 0.00762549 0.00856026 0.0114959 0.0153908 0.0196847 0.023897 0.0275268 0.0301054 0.0312938 0.0309605 0.0292109 0.0263522 0.0228117 0.0190352 0.0153984 0.0121547 0.00942587 0.00722544 0.00549827 0.00416
 1.01277e-16 2.82722e-05 0.000165918 0.000788662 0.00303633 0.00946846 0.0239167 0.0489379 0.0811239 0.108959 0.118601 0.104691 0.0751066 0.0441667 0.0220588 0.0107794 0.00730187 0.008033 0.0107448 0.0143946 0.0184427 0.022442 0.0259292 0.0284691 0.0297421 0.0296168 0.0281768 0.0256908 0.0225387 0.01912 0.0157742 0.0127342 0.0101175 0.00794695 0.00618546 0.00477026
 1.01121e-16 3.00373e-05 0.000176283 0.000837945 0.00322609 0.0100602 0.0254115 0.051996 0.0861919 0.115762 0.125994 0.111189 0.0797086 0.0467519 0.0231254 0.0109284 0.00692295 0.00727538 0.00961558 0.012853 0.0164554 0.0200103 0.0231007 0.0253374 0.026436 0.0262818 0.0249536 0.0226958 0.0198525 0.016784 0.0137956 0.0110951 0.00878523 0.00688276 0.00535027 0.00412739
 1.02505e-16 1.02491e-05 6.00737e-05 0.000285394 0.0010985 0.00342532 0.00865274 0.0177093 0.0293728 0.0395001 0.0431244 0.038373 0.0281976 0.0179274 0.0114498 0.00972756 0.0119035 0.0168459 0.0237634 0.0320644 0.0410718 0.0499035 0.0575405 0.0630111 0.065607 0.0650487 0.0615457 0.0557254 0.048465 0.0406814 0.0331486 0.0263915 0.0206653 0.0160042 0.0123027 0.00939611
 1.0443e-16 2.49781e-05 0.000146588 0.000696784 0.00268261 0.00836543 0.0211304 0.0432362 0.0716707 0.0962578 0.104763 0.092446 0.0662579 0.0388359 0.0191658 0.00899762 0.00565175 0.00596679 0.00801657 0.0109586 0.0144302 0.0181719 0.0219055 0.0253369 0.0282004 0.0303002 0.0315345 0.0318923 0.0314325 0.0302538 0.0284703 0.0261987 0.023558 0.0206722 0.0176735 0.0146975
 1.03134e-16 1.53322e-05 8.99259e-05 0.000427337 0.00164505 0.00512975 0.0129578 0.0265171 0.0439687 0.05909 0.0644105 0.0570737 0.0414202 0.0253129 0.0144144 0.00997645 0.0105269 0.0142364 0.019906 0.0268154 0.034328 0.0416896 0.0480477 0.0525961 0.054754 0.0543023 0.0514319 0.0466804 0.0407873 0.0345147 0.0284942 0.0231388 0.0186305 0.0149662 0.0120315 0.00967289
pSPR Fmed_Fpbrs
0.532729   0.6 0.325
Fs Fmed_Fpbrs
0.64   0.476991 1.70538
SSBpbr Bo_Bmed_Bpbrs
485215  234227  266868 133434
Ro
22925.4
SPR SPRFo_SPRFmed_SPRFpbrs
473506 252250 153890
log_Ro
9.86
likeval ReclasPelacesDesembMPH_pf_preclas_ppelaces_ptallas_desvR_qrecl_qpela
 82.3574 10.4036 0.15225 38.0599 347.436 216.259 57.5699 0 27.3129 6.2349e-05 0.000262371 4.15763e-14 0 0 0
q_reclas_q_pelaces
3.06153 10.0188
M
0.7
N
 20747.5 15980.1 4992.72 636.016 0.150628
 44153.4 9753.65 5026.4 1238.15 155.059
 5932.09 20335.5 2585.63 961.051 260.093
 9928.48 2518.8 2737.69 176.439 79.2701
 36839.9 4609.61 714 579.603 52.9827
 15993.5 18011.6 2010.54 291.081 256.621
 61661.1 6947.62 2932.66 183.193 47.7959
 54154.8 27259 1309.01 333.625 25.3216
 87090.7 23114.4 3832.38 95.4111 24.9381
 110726 36594.2 2851.86 229.028 6.81925
 62413.3 50274.1 8613.32 455.085 36.5848
 53782.9 26949.2 7783.67 726.962 39.699
 50234.5 23471 4559.08 751.718 71.0757
 28510.9 20463.5 2236.43 183.93 31.1749
 14236 9674.17 425.009 8.89815 0.758283
 9610.93 4830.47 200.924 1.69099 0.0340536
 6196.67 4081.99 651.825 13.7593 0.112439
 8490.58 2635.38 556.967 45.396 0.919951
 9805.97 3638.66 383.236 42.735 3.3921
 9580.3 4366.33 727.975 47.7642 5.55379
 17479.6 4257.57 859.522 88.5228 6.2592
 23199.9 8182.68 1292.77 202.024 21.8654
 32380.1 10818.7 2406.11 289.381 49.1273
 53143.7 14997.7 3006.5 494.259 68.0135
 13098.1 24608.3 4158.38 615.461 112.576
 26859.8 6168.58 7856.25 1054.82 181.588
 6550.67 12476.1 1755.14 1672.74 257.722
pred_Ctot
 797.962 4324.5 1869.69 242.482 0.0574755
 2313.38 3388.76 2345.27 586.952 73.5615
 623.985 11454.7 1781.04 668.567 181.02
 466.286 802.655 1185.06 77.656 34.9165
 409.561 406.398 92.9856 77.2008 7.06459
 1451.43 9263.7 1293.4 189.375 167.044
 4900.22 3273.89 1762.05 111.45 29.0948
 5519.56 15068.1 889.209 228.949 17.3852
 9729.35 13484.1 2708.08 68.0513 17.7947
 6857.7 14440.9 1482.6 120.815 3.59969
 5904.46 26546.2 5653.34 301.96 24.2873
 4722.69 13569.3 4926.06 465.425 25.4304
 6565.79 14911.8 3421.17 568.543 53.776
 6637.09 16418 1945.4 160.562 27.2186
 3314 7761.63 369.702 7.76763 0.662051
 1009.27 2718.25 138.301 1.17553 0.0236839
 645.562 2286.21 447.103 9.53244 0.0779342
 843.689 1434.51 374.032 30.8049 0.624567
 733.298 1644.46 222.701 25.1588 1.9982
 728.574 1996.47 427.011 28.3798 3.30186
 722.859 1223.59 339.644 35.5967 2.51901
 1020.31 2473 534.143 84.9093 9.19725
 1572.91 3541.6 1066.28 130.362 22.1483
 2591.33 4924.41 1335.83 223.234 30.7423
 487.743 6481.66 1519.83 229.05 41.9321
 1253.29 1955.52 3385.26 462.169 79.6256
 662.577 6864.75 1188.19 1144.07 176.354
F
 0.0547842 0.456639 0.694362 0.711653 0.712481
 0.0753034 0.627671 0.954431 0.9782 0.979338
 0.156594 1.30525 1.98475 2.03418 2.03655
 0.0672633 0.560656 0.852528 0.873758 0.874775
 0.0155653 0.12974 0.197282 0.202195 0.20243
 0.133782 1.1151 1.69562 1.73784 1.73987
 0.116269 0.96913 1.47365 1.51035 1.51211
 0.151393 1.2619 1.91883 1.96661 1.9689
 0.16706 1.39248 2.1174 2.17013 2.17265
 0.0895692 0.74658 1.13524 1.16351 1.16487
 0.139823 1.16546 1.77219 1.81632 1.81844
 0.12919 1.07683 1.63742 1.6782 1.68015
 0.198061 1.65088 2.51032 2.57283 2.57583
 0.380828 3.17429 4.82679 4.94699 4.95275
 0.380828 3.17429 4.82679 4.94699 4.95275
 0.156315 1.30292 1.98121 2.03055 2.03291
 0.154985 1.29183 1.96435 2.01327 2.01561
 0.147342 1.22813 1.86749 1.91399 1.91622
 0.109067 0.909103 1.38237 1.4168 1.41845
 0.111011 0.925303 1.40701 1.44205 1.44372
 0.0590153 0.491907 0.747989 0.766616 0.767508
 0.0628667 0.524009 0.796803 0.816645 0.817596
 0.0696444 0.580503 0.882707 0.904689 0.905742
 0.069917 0.582775 0.886162 0.90823 0.909287
 0.0530006 0.441773 0.671756 0.688484 0.689286
 0.066815 0.556919 0.846845 0.867934 0.868944
 0.150162 1.25164 1.90323 1.95062 1.95289
Np
 14343.4 6866.21 1024 552.858 52.4223
YTP_r0W_actual
 1394.04 51950 15131.4 18787.1 3215.19
YTP_p0W_proyectada
 3052.4 11656.6 15277.9 1459.41 1577.24
 3052.4 28590.6 8828.08 6209.33 653.99
CTP_r0_actual
 170.005 2405.09 481.893 468.507 72.2515
CTP_p0_proyectada
 372.244 539.657 486.556 36.3943 35.4437
 372.244 1323.64 281.149 154.846 14.6964
Wmedp
 8.2 21.6 31.4 40.1 44.5
nmprior
 10.8 10.6 4.6 0
nm_flota  nm_reclas  nm_pelaces    nm_pelaL
inf 19.8681 11.8675 31.9231
cv_recla  cv_pelaces  cv_mph
0.785926 0.353332 0.494642
 ------------------------------------------------
Talla a la edad & desviaci?n 
 7.2 14.2025 17.0495 18.207 18.6776
 1.08 2.13037 2.55742 2.73105 2.80164
