years
 1997 1998 1999 2000 2001 2002 2003 2004 2005 2006 2007 2008 2009 2010 2011 2012 2013 2014 2015 2016 2017 2018 2019 2020 2021 2022 2023
reclasobs
 0 0 0 370054 412103 1.49427e+06 250295 1.28982e+06 931140 785840 897777 1.04006e+06 184774 17550 25797 100020 73551 82996 120727 218422 84188 347160 605670 569463 516374 1.08416e+06 1.01767e+06
reclaspred
 434016 126049 418041 288655 361113 409460 886160 604506 720953 635996 504494 344585 211676 105781 79126.4 74302.5 80144.5 111338 126845 185884 275886 272414 487020 626978 726024 675509 684374
pelacesobs
 0 0 0 0 0 0 0 0 0 2.06254e+06 1.5e+06 0 1.87456e+06 323000 250000 174000 83755 137374 0 501740 490994 745055 786931 1.00524e+06 1.33801e+06 1.41789e+06 0
pelacespred
 1.58578e+06 410336 807460 864978 920888 875330 2.10356e+06 1.79089e+06 1.89677e+06 1.69487e+06 1.22235e+06 862844 532163 230478 167989 165794 185259 253660 294207 420510 699470 660455 976522 1.44328e+06 1.66078e+06 1.70775e+06 1.63178e+06
mphobs
 0 0 0 0 0 0 112323 0 153150 637223 0 255016 313432 73983 77613 109348 50772 17779 17303 59886 28197 0 207744 136588 643089 65757 70829
mphpred
 138086 93961.5 121733 161104 149218 201109 299221 345227 311583 332998 298085 214016 131867 98180.4 51499.9 44382.9 44578.8 56654.4 27879.5 33447.6 52596.3 65927.3 88544.2 131614 170102 168867 151248
desembarqueobs
 350755 77701 442110 56441 14545 235359 269955 359681 431902 328805 639364 411747 362871 311530 167758 66681 60226 58785 57116 73181 50977 67692 138656 160484 209506 203330 245020
desembarquepred
 350767 77705.3 442163 56443.4 14545.2 235423 269987 359711 431930 328855 639700 412054 363397 312102 167853 66706.9 60259.3 58791.5 57112 73184.3 50977.7 67687.3 138660 160490 209522 203341 245019
Reclutas
 72260.2 88926 55160.1 74434.9 112907 84653.5 140710 139666 185296 151116 72863.9 42855.3 42178.8 25962.6 20542.2 21467.3 16868.8 23509.8 30927 47774.9 66611.6 98835.8 140701 182204 68550.4 97565.3 178407
log_desv_Rt
 0.0680285 0.275559 -0.202004 0.0976808 0.514317 0.226322 0.734454 0.727011 1.00971 0.805802 0.0763492 -0.454415 -0.470328 -0.955589 -1.18976 -1.14571 -1.38678 -1.05483 -0.780617 -0.345744 -0.0133658 0.381215 0.734391 0.992881 0.0153242 0.368277 0.971823
SSB
 867532 590318 764795 1.01215e+06 937468 1.26348e+06 1.83545e+06 2.14947e+06 1.92237e+06 2.05629e+06 1.87273e+06 1.34457e+06 848402 456895 245638 214575 223192 274278 353548 442101 665333 815105 1.12091e+06 1.60189e+06 2.23833e+06 2.27623e+06 1.93198e+06
BT
 2.98559e+06 825864 1.60941e+06 1.52558e+06 1.57153e+06 1.67177e+06 3.75001e+06 3.44237e+06 3.6088e+06 3.18898e+06 2.65323e+06 1.84434e+06 1.26117e+06 694451 429788 337020 365222 477169 547371 771308 1.22689e+06 1.18167e+06 1.74891e+06 2.5772e+06 2.97677e+06 3.07338e+06 2.97729e+06
Ftot
 0.340577 0.250522 0.344718 0.0652483 0.0148465 0.167187 0.107427 0.209935 0.22329 0.170084 0.360089 0.328295 0.504041 0.851917 0.718964 0.294909 0.255992 0.188459 0.152008 0.144176 0.0677556 0.0845908 0.0920149 0.0896842 0.0806774 0.0874994 0.120516
BD_Bspro_t
 0.959236 0.809575 0.784803 0.690945 0.777111 0.861162 0.830871 0.837329 0.797704 0.774765 0.738067 0.601449 0.495796 0.38753 0.27786 0.297059 0.38806 0.526754 0.643193 0.736142 0.81854 0.877056 0.890117 0.893311 0.89714 0.869983 0.850162
BD_Bspro
 0.622188 0.423372 0.548506 0.725905 0.672346 0.90616 1.31637 1.54159 1.37871 1.47475 1.34311 0.964314 0.608468 0.327682 0.17617 0.153891 0.160072 0.19671 0.253563 0.317072 0.477173 0.584588 0.803913 1.14886 1.60531 1.6325 1.3856
BD_Bo
 0.30198 0.205485 0.266219 0.35232 0.326324 0.439807 0.638904 0.748213 0.669162 0.715775 0.651882 0.468032 0.295321 0.159041 0.0855044 0.0746916 0.0776912 0.0954736 0.123067 0.153892 0.231597 0.283731 0.390181 0.557603 0.779142 0.792337 0.672506
BD_Brms
 0.549055 0.373608 0.484034 0.640581 0.593317 0.799648 1.16164 1.36039 1.21666 1.30141 1.18524 0.850967 0.536948 0.289166 0.155462 0.135803 0.141257 0.173588 0.223758 0.279803 0.421085 0.515874 0.70942 1.01382 1.41662 1.44061 1.22274
S_f
 0.202136 1 1 1 1
 0.202136 1 1 1 1
 0.202136 1 1 1 1
 0.202136 1 1 1 1
 0.202136 1 1 1 1
 0.202136 1 1 1 1
 0.202136 1 1 1 1
 0.202136 1 1 1 1
 0.202136 1 1 1 1
 0.202136 1 1 1 1
 0.202136 1 1 1 1
 0.202136 1 1 1 1
 0.202136 1 1 1 1
 0.202136 1 1 1 1
 0.202136 1 1 1 1
 0.202136 1 1 1 1
 0.202136 1 1 1 1
 0.202136 1 1 1 1
 0.202136 1 1 1 1
 0.202136 1 1 1 1
 0.202136 1 1 1 1
 0.202136 1 1 1 1
 0.202136 1 1 1 1
 0.202136 1 1 1 1
 0.202136 1 1 1 1
 0.202136 1 1 1 1
 0.202136 1 1 1 1
Scru_reclas
 1 1 1 1 1
 1 1 1 1 1
 1 1 1 1 1
 1 1 1 1 1
 1 1 1 1 1
 1 1 1 1 1
 1 1 1 1 1
 1 1 1 1 1
 1 1 1 1 1
 1 1 1 1 1
 1 1 1 1 1
 1 1 1 1 1
 1 1 1 1 1
 1 1 1 1 1
 1 1 1 1 1
 1 1 1 1 1
 1 1 1 1 1
 1 1 1 1 1
 1 1 1 1 1
 1 1 1 1 1
 1 1 1 1 1
 1 1 1 1 1
 1 1 1 1 1
 1 1 1 1 1
 1 1 1 1 1
 1 1 1 1 1
 1 1 1 1 1
Scru_pelaces
 1 1 1 1 1
 1 1 1 1 1
 1 1 1 1 1
 1 1 1 1 1
 1 1 1 1 1
 1 1 1 1 1
 1 1 1 1 1
 1 1 1 1 1
 1 1 1 1 1
 1 1 1 1 1
 1 1 1 1 1
 1 1 1 1 1
 1 1 1 1 1
 1 1 1 1 1
 1 1 1 1 1
 1 1 1 1 1
 1 1 1 1 1
 1 1 1 1 1
 1 1 1 1 1
 1 1 1 1 1
 1 1 1 1 1
 1 1 1 1 1
 1 1 1 1 1
 1 1 1 1 1
 1 1 1 1 1
 1 1 1 1 1
 1 1 1 1 1
pf_obs 
 0.256992 0.487395 0.22802 0.0275931 0
 0.321318 0.546541 0.124235 0.00734118 0.000564706
 0.182869 0.594174 0.210203 0.0122559 0.00049798
 0.330522 0.361315 0.267642 0.0388342 0.00168674
 0.649043 0.306663 0.0425973 0.00169635 0
 0.582887 0.30429 0.105238 0.00758474 0
 0.465427 0.430635 0.0974691 0.00646863 0
 0.296916 0.608066 0.0921331 0.00288517 0
 0.311714 0.524322 0.152257 0.0117073 0
 0.15457 0.633149 0.183074 0.0267441 0.00246327
 0.131901 0.49318 0.331252 0.0422183 0.00144891
 0.196976 0.569456 0.194076 0.0375587 0.00193317
 0.518974 0.381816 0.0799577 0.0180837 0.00116848
 0.0928022 0.601141 0.25162 0.0475244 0.00691264
 0.122501 0.610282 0.24278 0.0234846 0.000952079
 0.383417 0.481906 0.127806 0.00687128 0
 0.0376549 0.599619 0.316969 0.0457579 0
 0.0361596 0.667082 0.258105 0.0386534 0
 0.158088 0.579412 0.248529 0.0139706 0
 0.0477256 0.309471 0.559284 0.082774 0.000745712
 0.0406174 0.521527 0.379366 0.0568643 0.0016247
 0.151134 0.462217 0.34131 0.0453401 0
 0.294876 0.26143 0.354403 0.0886775 0.000613685
 0.281977 0.475581 0.204845 0.0348837 0.00271318
 0.0841818 0.532909 0.334909 0.0458182 0.00218182
 0.115287 0.27431 0.454777 0.147771 0.00785563
 0 0 0 0 0
pf_pred 
 0.386868 0.43323 0.16094 0.0189515 1.04605e-05
 0.314598 0.537965 0.104177 0.0387006 0.00455971
 0.176512 0.591178 0.182338 0.0353097 0.0146626
 0.250253 0.415329 0.240077 0.0740471 0.0202937
 0.283669 0.451046 0.146958 0.0849472 0.033381
 0.177105 0.546022 0.174337 0.0568015 0.0457358
 0.279718 0.384992 0.222477 0.0710337 0.041779
 0.228821 0.5155 0.136661 0.0789727 0.0400451
 0.273109 0.448862 0.185851 0.0492695 0.0429089
 0.198626 0.539226 0.161879 0.0670256 0.0332434
 0.115631 0.503849 0.256043 0.0768654 0.0476111
 0.110801 0.384861 0.287336 0.146016 0.0709866
 0.174501 0.344558 0.208159 0.155411 0.11737
 0.17184 0.471448 0.148889 0.0899494 0.117874
 0.226737 0.469042 0.173184 0.0546938 0.0763428
 0.267357 0.491446 0.146304 0.0540198 0.0408731
 0.199832 0.539144 0.175091 0.0521248 0.0338081
 0.270404 0.424085 0.205849 0.0668511 0.0328099
 0.280941 0.47911 0.139473 0.0676995 0.0327764
 0.314905 0.461941 0.148688 0.0432842 0.0311819
 0.297623 0.497402 0.138209 0.0444862 0.0222797
 0.301258 0.477682 0.156548 0.0434987 0.0210133
 0.295477 0.485414 0.14979 0.0490898 0.0202295
 0.274775 0.49589 0.158011 0.0487593 0.0225647
 0.0958874 0.597773 0.209467 0.0667448 0.0301277
 0.176221 0.290244 0.352758 0.123611 0.0571664
 0.292767 0.370558 0.118621 0.14417 0.0738827
pobs_RECLAS
 0 0 0 0 0
 0 0 0 0 0
 0 0 0 0 0
 0 0 0 0 0
 0.835266 0.146461 0.0176864 0.000547809 3.91292e-05
 0.385257 0.428462 0.181853 0.0044286 0
 0.867414 0.0963971 0.0333333 0.00285562 0
 0.441836 0.489002 0.0689373 0.000224442 0
 0.779404 0.147425 0.0564933 0.0165055 0.000172143
 0.814271 0.122319 0.05973 0.00367925 0
 0.40263 0.566651 0.0304383 0.000280538 0
 0.475488 0.404961 0.113038 0.00651328 0
 0.955842 0.0263864 0.0167828 0.000988607 0
 0.975058 0.0227948 0.00214734 0 0
 0.738997 0.206755 0.0527124 0.00153531 0
 0.850938 0.134255 0.0134407 0.00136685 0
 0.542534 0.407297 0.0501686 0 0
 0.764087 0.199537 0.0359546 0.000420521 0
 0.470689 0.182191 0.310203 0.0369168 0
 0.84361 0.089868 0.0606195 0.00523954 0.000663233
 0.607945 0.314616 0.071237 0.00620181 0
 0.523733 0.453247 0.0230204 0 0
 0.530135 0.295979 0.169645 0.0042399 0
 0.562478 0.366248 0.0663022 0.0049721 0
 0.250443 0.683176 0.0655157 0.000865301 0
 0.195077 0.31981 0.436473 0.0351445 0.0134964
 0.565238 0.351407 0.0832357 0.000118908 0
ppred_RECLAS
 0.761064 0.168828 0.0627178 0.00738535 4.07643e-06
 0.697222 0.237647 0.0460204 0.0170961 0.00201426
 0.51978 0.344747 0.106331 0.020591 0.00855056
 0.623571 0.208527 0.120537 0.0371772 0.010189
 0.662213 0.212691 0.069298 0.0400569 0.0157408
 0.517875 0.319908 0.102142 0.0332794 0.0267961
 0.658892 0.182323 0.10536 0.0336398 0.0197855
 0.597543 0.269025 0.0713193 0.0412136 0.0208984
 0.652977 0.21429 0.0887265 0.0235216 0.020485
 0.553022 0.300761 0.0902901 0.0373845 0.018542
 0.397949 0.343005 0.174306 0.0523276 0.0324122
 0.38593 0.26578 0.19843 0.100837 0.0490224
 0.51944 0.200582 0.121179 0.0904719 0.0683266
 0.523254 0.271398 0.085711 0.051781 0.0678563
 0.60466 0.239803 0.0885424 0.0279629 0.0390312
 0.647421 0.236505 0.0704078 0.0259966 0.0196699
 0.556218 0.299015 0.0971074 0.028909 0.0187504
 0.649382 0.203801 0.098924 0.0321263 0.0157673
 0.660816 0.225999 0.0657901 0.0319342 0.0154608
 0.696142 0.204883 0.065947 0.0191977 0.01383
 0.677756 0.228203 0.0634089 0.0204098 0.0102217
 0.68172 0.217586 0.0713084 0.0198139 0.00957167
 0.675784 0.223384 0.0689321 0.0225908 0.00930945
 0.65311 0.237194 0.0755798 0.0233225 0.0107931
 0.345024 0.433051 0.151746 0.0483526 0.0218257
 0.515242 0.170796 0.207582 0.0727394 0.0336399
 0.673259 0.171198 0.054803 0.0666066 0.0341337
pobs_PELACES
 0 0 0 0 0
 0 0 0 0 0
 0 0 0 0 0
 0 0 0 0 0
 0 0 0 0 0
 0 0 0 0 0
 0 0 0 0 0
 0 0 0 0 0
 0 0 0 0 0
 0 0 0 0 0
 0.450072 0.473896 0.0757376 0.000293798 0
 0 0 0 0 0
 0.463077 0.371075 0.160297 0.00555027 0
 0.529543 0.364841 0.0842815 0.0213345 0
 0.631943 0.363953 0.00410389 0 0
 0.735681 0.248677 0.0153453 0.000297389 0
 0.695825 0.281241 0.0229344 0 0
 0.275771 0.60734 0.115278 0.00161068 0
 0 0 0 0 0
 0.896147 0.0623911 0.0374545 0.00400742 0
 0.803859 0.145111 0.0509908 3.86294e-05 0
 0.739449 0.233085 0.0266225 0.000797448 4.60066e-05
 0.878498 0.100942 0.0204185 0.000141795 0
 0.694673 0.275183 0.0284847 0.00165964 0
 0.469039 0.446079 0.0841089 0.000773354 0
 0.822795 0.102175 0.0682046 0.00682512 0
 0 0 0 0 0
ppred_PELACES
 0.776987 0.157577 0.0585382 0.00689318 3.80477e-06
 0.710963 0.226862 0.0439319 0.0163202 0.00192285
 0.54238 0.328523 0.101327 0.019622 0.00814817
 0.627594 0.206298 0.119248 0.0367798 0.0100801
 0.663087 0.212141 0.0691187 0.0399533 0.0157001
 0.528856 0.312622 0.0998155 0.0325214 0.0261858
 0.665221 0.17894 0.103405 0.0330157 0.0194184
 0.610762 0.260189 0.0689769 0.03986 0.020212
 0.666176 0.206139 0.0853517 0.022627 0.0197058
 0.564064 0.293332 0.0880597 0.036461 0.018084
 0.420869 0.329947 0.16767 0.0503355 0.0311783
 0.406606 0.256831 0.191749 0.0974419 0.0473718
 0.552434 0.186811 0.112859 0.0842603 0.0636354
 0.578688 0.239841 0.0757449 0.0457602 0.0599663
 0.648903 0.212967 0.0786335 0.0248335 0.0346632
 0.664936 0.224756 0.0669101 0.0247052 0.0186927
 0.572787 0.287851 0.0934819 0.0278297 0.0180503
 0.660594 0.197283 0.0957605 0.031099 0.0152631
 0.669728 0.22006 0.0640614 0.0310951 0.0150546
 0.704112 0.199509 0.0642173 0.0186942 0.0134673
 0.68164 0.225453 0.0626447 0.0201638 0.0100985
 0.686533 0.214296 0.0702301 0.0195143 0.00942693
 0.681069 0.219742 0.0678084 0.0222225 0.00915768
 0.658441 0.233549 0.0744184 0.0229642 0.0106273
 0.34984 0.429867 0.150631 0.0479971 0.0216652
 0.520994 0.168769 0.205119 0.0718763 0.0332407
 0.6802 0.167561 0.0536388 0.0651916 0.0334086
pobs_pel_tallas
 0 0 0 0 0 0 0 0 0 0 0 0 0 0 0 0 0 0 0 0 0 0 0 0 0 0 0 0 0 0 0 0 0 0 0 0
 0 0 0 0 0 0 0 0 0 0 0 0 0 0 0 0 0 0 0 0 0 0 0 0 0 0 0 0 0 0 0 0 0 0 0 0
 0 0 0 0 0 0 0 0 0 0 0 0 0 0 0 0 0 0 0 0 0 0 0 0 0 0 0 0 0 0 0 0 0 0 0 0
 0 0 0 0 0 0 0 0 0 0 0 0 0 0 0 0 0 0 0 0 0 0 0 0 0 0 0 0 0 0 0 0 0 0 0 0
 0 0 0 0 0 0 0 0 0 0 0 0 0 0 0 0 0 0 0 0 0 0 0 0 0 0 0 0 0 0 0 0 0 0 0 0
 0 0 0 0 0 0 0 0 0 0 0 0 0 0 0 0 0 0 0 0 0 0 0 0 0 0 0 0 0 0 0 0 0 0 0 0
 0 0 0 0 0 0 0 0 0 0 0 0 0 0 0 0 0 0 0 0 0 0 0 0 0 0 0 0 0 0 0 0 0 0 0 0
 0 0 0 0 0 0 0 0 0 0 0 0 0 0 0 0 0 0 0 0 0 0 0 0 0 0 0 0 0 0 0 0 0 0 0 0
 0 0 0 0 0 0 0 0 0 0 0 0 0 0 0 0 0 0 0 0 0 0 0 0 0 0 0 0 0 0 0 0 0 0 0 0
 0 0 0 0 0 0 0 0 0 0 0 0 0 0 0 0 0 0 0 0 0 0 0 0 0 0 0 0 0 0 0 0 0 0 0 0
 0 0 0 0 0 0 0 0 1.78061e-05 0.00172719 0.00360574 0.0105946 0.0120993 0.0124554 0.0147524 0.0171206 0.0266825 0.0428682 0.0675386 0.121331 0.153587 0.119568 0.100827 0.0573624 0.0630603 0.0341343 0.0324427 0.0444173 0.0211091 0.0280891 0.0125444 0.00206551 0 0 0 0
 0 0 0 0 0 0 0 0 0 0 0 0 0 0 0 0 0 0 0 0 0 0 0 0 0 0 0 0 0 0 0 0 0 0 0 0
 0 0 0 0 0 0 0.0133647 0.0140871 0.0187388 0.0205184 0.03894 0.0496705 0.03968 0.0493445 0.0407372 0.0367815 0.0215668 0.0243155 0.0234873 0.0199281 0.019796 0.0243948 0.0301388 0.0376714 0.0412746 0.0863199 0.0771752 0.113111 0.0741005 0.0525337 0.0229764 0.00759418 0.00175318 0 0 0
 0 0 0 0 0 0 0 0 0 0 0.00219441 0.00772107 0.0458388 0.0604681 0.0671733 0.0775358 0.0609151 0.0617685 0.073594 0.0568108 0.0755445 0.0548602 0.0670107 0.0636378 0.0643287 0.046367 0.0373049 0.0286899 0.0247887 0.0153202 0.00654259 0.00121912 0.000365735 0 0 0
 0 0 0 0 0 0 0 0 0 0 0 0 0.000112435 0.00938835 0.0111873 0.0202946 0.0414886 0.0713402 0.111592 0.104902 0.108894 0.110636 0.117776 0.105296 0.107544 0.0401394 0.0192827 0.0124803 0.00416011 0.0028671 0.000618394 0 0 0 0 0
 0 0 0 0 0 0 0 0 0 0 0.00291406 0.0102884 0.027416 0.0768956 0.0749926 0.110853 0.0956884 0.0897413 0.0766577 0.0534642 0.0500743 0.0551293 0.0594112 0.0620874 0.0668451 0.0424026 0.0208742 0.0120726 0.0048766 0.00582813 0.00118941 0.000297354 0 0 0 0
 0 0.00264628 0.0354308 0.0461629 0.0458689 0.0383711 0.0214643 0.0164657 0.0346957 0.0420465 0.0363128 0.0245516 0.0311673 0.0291091 0.0169068 0.0133784 0.00837989 0.0085269 0.0148486 0.0160247 0.0276389 0.0546898 0.0760071 0.122758 0.109233 0.0665981 0.0333725 0.0166128 0.00676272 0.00308733 0.000882094 0 0 0 0 0
 0 0 0 0 0 0 0 0.000805153 0.000690131 0.00759144 0.0133425 0.0154129 0.00931677 0.000345066 0.00356568 0.00563607 0.00851162 0.0253048 0.0502646 0.0516448 0.0657925 0.0565908 0.0611916 0.0827007 0.0866115 0.110766 0.145733 0.0935128 0.0569358 0.0249597 0.0138026 0.00621118 0.00161031 0.00115022 0 0
 0 0 0 0 0 0 0 0 0 0 0 0 0 0 0 0 0 0 0 0 0 0 0 0 0 0 0 0 0 0 0 0 0 0 0 0
 0.00147267 0.00158595 0.00478618 0.00569244 0.00954404 0.0108468 0.00647125 0.017049 0.0510054 0.094081 0.124002 0.0959785 0.0687766 0.0820023 0.061753 0.0591476 0.0492212 0.0479892 0.0443925 0.0268479 0.0217502 0.0140895 0.0121071 0.0120363 0.00920419 0.00665534 0.0049561 0.00860946 0.00930331 0.0156896 0.0114698 0.00855282 0.00243557 0.00046729 0 2.83206e-05
 0 0 0 0 0.000772559 0.00158375 0.000888443 0.00281984 0.00712685 0.0440552 0.0773331 0.111326 0.0921469 0.0852325 0.0710754 0.0886704 0.0786465 0.0553345 0.0373146 0.0185414 0.00753245 0.00457741 0.012979 0.0271748 0.0457355 0.0583668 0.034881 0.0177882 0.00938659 0.00492506 0.0015258 0.00185414 0.000309023 5.79419e-05 3.86279e-05 0
 0 0.00173294 0.00326652 0 0.00397197 0.00683976 0.00946217 0.0152591 0.00757587 0.0136028 0.0228656 0.0392903 0.0559909 0.0764795 0.0681675 0.0726916 0.0566044 0.0477403 0.0527397 0.0444891 0.0609904 0.0582453 0.0661739 0.0445044 0.0529084 0.0360697 0.0280645 0.0235558 0.0158879 0.00826598 0.00280645 0.00217768 0.000904811 0.00058276 9.20147e-05 0
 0 0 0 0 0 0 0 0 0 0 0 0 0 0 0 0 0 0 0 0 0 0 0 0 0 0 0 0 0 0 0 0 0 0 0 0
 0 0 0 0 0 0 0 0 0 0 0 0 0 0 0 0 0 0 0 0 0 0 0 0 0 0 0 0 0 0 0 0 0 0 0 0
 0 0 0 0 0 0 0 0 0 0 0 0 0 0 0 0 0 0 0 0 0 0 0 0 0 0 0 0 0 0 0 0 0 0 0 0
 0 0 0 0 0 0 0 0 0 0 0 0 0 0 0 0 0 0 0 0 0 0 0 0 0 0 0 0 0 0 0 0 0 0 0 0
 0 0 0 0 0 0 0 0 0 0 0 0 0 0 0 0 0 0 0 0 0 0 0 0 0 0 0 0 0 0 0 0 0 0 0 0
ppred_pel_tallas
 1.0112e-16 3.38995e-05 0.000198966 0.000945803 0.0036414 0.0113554 0.0286828 0.0586887 0.0972823 0.130646 0.142163 0.125386 0.0897294 0.0523138 0.0252902 0.010973 0.00565389 0.00496977 0.00624743 0.00831341 0.0106883 0.0130834 0.0152334 0.0168905 0.017867 0.0180741 0.0175382 0.016386 0.0148068 0.0130051 0.0111589 0.0093961 0.00778962 0.00636785 0.00513129 0.00406803
 1.01349e-16 3.10232e-05 0.000182074 0.000865481 0.00333212 0.0103909 0.0262466 0.0537046 0.0890232 0.119561 0.130121 0.114812 0.0822629 0.0481642 0.0236643 0.0109164 0.00656158 0.00663002 0.00867402 0.0115826 0.0148391 0.0180659 0.0208892 0.0229609 0.0240261 0.0239802 0.0228905 0.0209708 0.0185228 0.0158619 0.013254 0.0108789 0.00882449 0.00710407 0.00568557 0.00451914
 1.02601e-16 2.36765e-05 0.000138932 0.000660359 0.00254232 0.00792789 0.0200254 0.0409764 0.0679292 0.0912461 0.0993441 0.0877482 0.063074 0.0373374 0.0191065 0.010099 0.00782821 0.00932329 0.0127317 0.0171552 0.0220703 0.0269874 0.0313762 0.0347284 0.0366611 0.0370005 0.0358143 0.0333787 0.0300976 0.0264011 0.0226582 0.0191263 0.0159434 0.0131516 0.0107344 0.0086527
 1.03495e-16 2.73873e-05 0.000160729 0.00076401 0.00294144 0.00917256 0.0231692 0.0474079 0.078586 0.105545 0.114872 0.101366 0.0726516 0.0425829 0.0210106 0.00984801 0.00614674 0.00642289 0.00853844 0.0115353 0.0149762 0.0185391 0.0218925 0.0247114 0.0267341 0.0278129 0.0279357 0.0272105 0.0258224 0.0239798 0.0218687 0.0196289 0.0173518 0.0150942 0.0128964 0.0107963
 1.03157e-16 2.8935e-05 0.000169816 0.000807208 0.00310776 0.00969123 0.0244793 0.0500885 0.0830292 0.111512 0.121362 0.107087 0.076736 0.0449449 0.022115 0.0102599 0.00625406 0.00640494 0.00844175 0.011342 0.0146379 0.0179892 0.0210549 0.02351 0.0251062 0.0257233 0.0253895 0.0242599 0.0225662 0.0205539 0.0184299 0.0163342 0.0143389 0.0124657 0.0107111 0.00906806
 1.0386e-16 2.3086e-05 0.000135468 0.000643892 0.00247892 0.00773018 0.019526 0.0399544 0.0662349 0.0889697 0.0968644 0.0855547 0.0614904 0.0363861 0.0185947 0.00978959 0.00754533 0.00896666 0.0122522 0.0165355 0.0213201 0.0261466 0.0305164 0.0339499 0.0360826 0.0367434 0.0359846 0.0340504 0.0313012 0.0281192 0.0248283 0.0216502 0.0186999 0.0160101 0.0135688 0.0113519
 1.03569e-16 2.90268e-05 0.000170357 0.000809789 0.00311771 0.00972226 0.0245577 0.0502486 0.0832936 0.111864 0.121739 0.107402 0.0769254 0.0449825 0.0219981 0.00998065 0.00578518 0.00570373 0.00746578 0.0100684 0.0130811 0.0162144 0.0191809 0.0217003 0.0235462 0.0245899 0.0248179 0.0243188 0.023246 0.0217714 0.0200471 0.0181854 0.0162583 0.0143107 0.0123766 0.0104914
 1.03379e-16 2.66553e-05 0.000156427 0.000743548 0.00286264 0.00892682 0.0225486 0.0461384 0.0764832 0.102726 0.111816 0.0987006 0.0708075 0.0416356 0.0207903 0.0101552 0.00688017 0.00758389 0.0101762 0.0136892 0.0176333 0.0216085 0.0251982 0.028006 0.0297336 0.030245 0.0295904 0.0279789 0.0257144 0.0231154 0.0204486 0.0178915 0.0155307 0.0133834 0.0114304 0.00964468
 1.02978e-16 2.90695e-05 0.000170606 0.000810965 0.00312223 0.00973635 0.0245933 0.0503216 0.0834154 0.11203 0.121925 0.10758 0.077082 0.045133 0.0221807 0.0102458 0.00618643 0.00629215 0.00828308 0.0111363 0.014389 0.0177087 0.020762 0.0232291 0.0248624 0.0255369 0.0252704 0.0242049 0.022559 0.0205683 0.0184359 0.0163045 0.0142544 0.0123185 0.0105052 0.00881724
 1.03444e-16 2.46205e-05 0.000144478 0.000686732 0.00264387 0.00824458 0.0208253 0.0426128 0.0706405 0.0948837 0.103293 0.0912087 0.0655016 0.0386541 0.0195588 0.00998068 0.00731301 0.00845235 0.0114729 0.0154625 0.0199241 0.0244186 0.0284764 0.0316477 0.0335921 0.0341518 0.0333794 0.0315084 0.0288815 0.025861 0.0227537 0.0197689 0.0170139 0.0145178 0.0122666 0.010234
 1.05675e-16 1.83781e-05 0.000107826 0.000512477 0.00197293 0.00615228 0.0155404 0.0317997 0.0527191 0.0708231 0.0771298 0.0681773 0.0491166 0.0292977 0.0154055 0.00881783 0.00765415 0.00965348 0.0134061 0.0182139 0.0236322 0.0292044 0.0344127 0.0387439 0.0417897 0.0433284 0.0433589 0.042073 0.0397835 0.0368353 0.0335301 0.0300861 0.0266361 0.0232513 0.0199737 0.016842
 1.08368e-16 1.77533e-05 0.000104164 0.000495083 0.00190599 0.00594353 0.0150131 0.0307202 0.0509278 0.0684118 0.0744909 0.0658144 0.0473483 0.0281115 0.0145437 0.00795606 0.00651552 0.00803372 0.0111664 0.0152865 0.020044 0.0251025 0.0300749 0.0345621 0.0382241 0.0408391 0.0423302 0.0427493 0.0422314 0.0409385 0.0390165 0.0365769 0.0337038 0.0304747 0.0269822 0.0233433
 1.07532e-16 2.4109e-05 0.000141485 0.000672525 0.00258921 0.00807416 0.0203947 0.0417309 0.0691759 0.0929082 0.101121 0.0892392 0.0639753 0.0375295 0.0185784 0.00881511 0.005656 0.00604911 0.00812971 0.0110733 0.0145142 0.0181861 0.02181 0.0251056 0.0278372 0.0298558 0.0311148 0.0316557 0.0315725 0.030969 0.0299282 0.0285007 0.026715 0.0245969 0.0221907 0.0195699
 1.05528e-16 2.52559e-05 0.000148213 0.000704502 0.00271231 0.00845803 0.0213644 0.0437153 0.0724665 0.0973309 0.105943 0.0935148 0.067084 0.0394401 0.0196836 0.00960011 0.00649126 0.0071586 0.00963095 0.0130052 0.0168362 0.0207663 0.0244221 0.0274438 0.0295549 0.0306185 0.0306582 0.0298337 0.0283832 0.0265543 0.0245475 0.0224886 0.0204314 0.0183818 0.0163295 0.014273
 1.03659e-16 2.83166e-05 0.000166185 0.000789945 0.00304129 0.00948396 0.0239558 0.0490173 0.0812537 0.109128 0.118769 0.104803 0.0751076 0.0440082 0.0216861 0.0101155 0.00624156 0.00645466 0.00853528 0.0114837 0.0148402 0.0182673 0.0214244 0.0239851 0.0256984 0.0264397 0.0262312 0.0252214 0.0236345 0.021709 0.0196458 0.0175807 0.0155839 0.0136774 0.0118607 0.0101314
 1.02746e-16 2.90162e-05 0.000170291 0.000809464 0.00311644 0.0097183 0.0245477 0.0502285 0.0832616 0.111825 0.121706 0.107396 0.0769708 0.0451091 0.0222452 0.0104023 0.00644989 0.00668645 0.00883209 0.0118531 0.0152655 0.0187087 0.0218188 0.0242511 0.0257453 0.0261811 0.0255994 0.0241795 0.0221837 0.0198891 0.0175298 0.0152644 0.0131736 0.0112775 0.00956392 0.00801165
 1.03221e-16 2.50006e-05 0.00014671 0.000697346 0.00268474 0.00837203 0.0211473 0.0432714 0.071732 0.0963489 0.104886 0.0926093 0.066495 0.0392154 0.0197967 0.0100267 0.00725407 0.00832409 0.0112808 0.0152016 0.0195902 0.024013 0.0280077 0.0311309 0.033046 0.0335952 0.0328276 0.0309704 0.0283592 0.0253511 0.0222502 0.0192667 0.0165115 0.0140186 0.0117786 0.00976834
 1.03206e-16 2.88258e-05 0.000169176 0.000804167 0.00309606 0.00965474 0.0243871 0.0498998 0.082716 0.11109 0.120901 0.106673 0.0764257 0.0447357 0.0219615 0.0101053 0.00605075 0.00611912 0.00805305 0.0108451 0.0140464 0.0173401 0.020408 0.0229422 0.0247001 0.0255519 0.0255007 0.0246662 0.0232405 0.0214346 0.0194327 0.0173673 0.0153181 0.0133258 0.0114125 0.00959706
 1.02754e-16 2.92249e-05 0.000171517 0.000815294 0.00313889 0.00978831 0.0247246 0.0505903 0.0838611 0.112629 0.12258 0.108164 0.077513 0.0454107 0.0223639 0.0104075 0.00638545 0.00656761 0.00865749 0.0116165 0.0149629 0.0183424 0.0213989 0.0237951 0.0252766 0.0257252 0.0251804 0.0238164 0.0218883 0.0196652 0.0173739 0.0151679 0.0131246 0.0112633 0.00957239 0.00803252
 1.02249e-16 3.07234e-05 0.000180316 0.00085713 0.00329998 0.0102907 0.0259934 0.0531863 0.0881635 0.118405 0.128857 0.113684 0.0814283 0.0476222 0.0232994 0.0105845 0.00614428 0.00604568 0.00787158 0.0105405 0.0135721 0.0166338 0.0193992 0.0215604 0.0228842 0.0232619 0.0227276 0.0214396 0.0196306 0.0175483 0.0154035 0.0133415 0.0114387 0.00971792 0.00817193 0.00678418
 1.02128e-16 2.97446e-05 0.000174567 0.000829794 0.00319472 0.0099624 0.0251643 0.0514901 0.0853527 0.114633 0.12476 0.110087 0.0788918 0.0462187 0.0227617 0.0105915 0.00649497 0.00667347 0.00878657 0.0117728 0.0151365 0.0185108 0.0215276 0.0238399 0.0251876 0.0254541 0.0246878 0.0230788 0.0209025 0.0184502 0.0159689 0.0136277 0.0115133 0.00964734 0.00801369 0.00658329
 1.02178e-16 2.99575e-05 0.000175818 0.000835743 0.00321763 0.0100338 0.0253448 0.0518592 0.0859642 0.115453 0.12565 0.110866 0.079435 0.0465074 0.0228493 0.0105412 0.00634247 0.00642491 0.00843285 0.0113044 0.0145538 0.0178298 0.0207824 0.0230799 0.0244709 0.0248382 0.0242191 0.0227846 0.0207873 0.0184964 0.0161423 0.0138854 0.0118113 0.00994777 0.00828831 0.00681505
 1.02226e-16 2.97195e-05 0.00017442 0.000829097 0.00319204 0.00995404 0.0251432 0.0514468 0.0852808 0.114536 0.124653 0.109991 0.0788165 0.0461629 0.0227126 0.0105329 0.0064118 0.00655353 0.00862108 0.0115578 0.0148753 0.0182154 0.0212199 0.0235493 0.0249478 0.025297 0.024638 0.0231487 0.0210906 0.0187411 0.0163369 0.0140414 0.0119407 0.01006 0.0083899 0.00690921
 1.02419e-16 2.87333e-05 0.00016863 0.000801563 0.00308602 0.00962343 0.0243081 0.0497383 0.0824494 0.110735 0.120522 0.106358 0.076241 0.0447099 0.0221012 0.0104239 0.00658283 0.00691635 0.0091672 0.0123072 0.0158466 0.0194123 0.0226247 0.0251231 0.0266347 0.0270323 0.0263578 0.0247982 0.0226293 0.0201442 0.0175933 0.01515 0.0129062 0.0108901 0.00909324 0.00749519
 1.0494e-16 1.5285e-05 8.96575e-05 0.000426081 0.00164025 0.00511479 0.01292 0.0264388 0.0438362 0.0589039 0.0641863 0.0568245 0.0411298 0.0249188 0.0138067 0.00900755 0.00902508 0.0120256 0.0168377 0.0228145 0.0294417 0.0361267 0.0421892 0.0469668 0.0499521 0.050902 0.0498798 0.0472136 0.0433936 0.038944 0.0343139 0.0298164 0.0256216 0.0217884 0.0183138 0.0151752
 1.0699e-16 2.27376e-05 0.000133435 0.000634256 0.00244186 0.00761467 0.0192341 0.0393561 0.0652393 0.0876213 0.0953672 0.0841633 0.0603404 0.0354058 0.0175457 0.00836187 0.00542639 0.00587385 0.00796319 0.0109382 0.0144761 0.0183441 0.0222873 0.0260315 0.0293233 0.0319671 0.0338463 0.034919 0.035199 0.0347304 0.0335695 0.0317796 0.0294378 0.0266438 0.0235258 0.0202358
 1.04618e-16 2.96793e-05 0.00017419 0.000828012 0.00318788 0.00994109 0.0251104 0.0513794 0.0851675 0.114379 0.124471 0.109802 0.0786208 0.0459262 0.0223699 0.00999607 0.00557863 0.00531717 0.00688534 0.00926018 0.012014 0.0148736 0.0175771 0.0198746 0.0215716 0.0225661 0.0228639 0.0225602 0.021802 0.0207412 0.0194982 0.0181454 0.0167117 0.0152007 0.0136129 0.0119621
pSPR Fmed_Fpbrs
0.440959   0.6 0.325
Fs Fmed_Fpbrs
0.64   0.342671 1.04087
SSBpbr Bo_Bmed_Bpbrs
2.87281e+06  1.12315e+06  1.58005e+06 790023
Ro
67507.9
SPR SPRFo_SPRFmed_SPRFpbrs
1.39432e+06 614839 453155
log_Ro
10.94
likeval ReclasPelacesDesembMPH_pf_preclas_ppelaces_ptallas_desvR_qrecl_qpela
 68.4671 18.7571 0.0362409 55.5843 342.037 225.229 56.291 0 19.1305 9.83974e-05 1.50002e-07 2.91832e-16 0 0 0
q_reclas_q_pelaces
0.24521 1.05665
M
0.7
N
 72260.2 18362.4 6821.43 803.258 0.443368
 88926 33496.1 6486.53 2409.67 283.908
 55160.1 41978.8 12947.6 2507.3 1041.17
 74434.9 25548 14767.8 4554.84 1248.32
 112907 36479 11885.4 6870.23 2699.74
 84653.5 55899.8 17848 5815.14 4682.27
 140710 40640.8 23485.3 7498.5 4410.3
 139666 68373.4 18126 10474.5 5311.38
 185296 66474.6 27523.7 7296.61 6354.63
 151116 87954.5 26404.4 10932.7 5422.41
 72863.9 72505.8 36845.5 11061.2 6851.42
 42855.3 33643.1 25117.8 12764.2 6205.38
 42178.8 19914.9 12031.3 8982.54 6783.83
 25962.6 18916.5 5974.07 3609.14 4729.59
 20542.2 10853.1 4007.29 1265.55 1766.49
 21467.3 8821.17 2626.07 969.622 733.647
 16868.8 10043.5 3261.69 971.009 629.796
 23509.8 7954.36 3861.01 1253.89 615.398
 30927 11238.2 3271.54 1587.99 768.819
 47774.9 14893.2 4793.76 1395.5 1005.32
 66611.6 23042.9 6402.74 2060.89 1032.14
 98835.8 32628.4 10693.1 2971.21 1435.33
 140701 48248.3 14888.5 4879.34 2010.73
 182204 68582.4 21853.2 6743.49 3120.73
 68550.4 88854.2 31135.6 9921.08 4478.24
 97565.3 33490.5 40703.7 14263.1 6596.26
 178407 47600.1 15237.5 18519.4 9490.61
pred_Ctot
 3470.96 3886.93 1443.95 170.033 0.0938515
 3167.14 5415.84 1048.78 389.609 45.9038
 2680.81 8978.64 2769.29 536.273 222.692
 701.919 1164.93 673.376 207.69 56.9205
 243.354 386.943 126.072 72.8746 28.6369
 2026.98 6249.26 1995.3 650.098 523.45
 2176.43 2995.55 1731.06 552.7 325.075
 4183.42 9424.61 2498.49 1443.81 732.122
 5896.25 9690.66 4012.4 1063.7 926.376
 3680.15 9990.79 2999.29 1241.85 615.934
 3694.12 16096.7 8179.9 2455.65 1521.05
 1986.44 6899.81 5151.38 2617.79 1272.65
 2955.63 5835.98 3525.72 2632.3 1987.97
 2983.13 8184.31 2584.71 1561.52 2046.28
 2015.08 4168.5 1539.13 486.078 678.479
 896.506 1647.93 490.59 181.14 137.057
 613.61 1655.51 537.64 160.056 103.812
 633.354 993.313 482.15 156.582 76.8488
 674.203 1149.77 334.707 162.465 78.6568
 988.517 1450.07 466.745 135.873 97.8828
 652.138 1089.88 302.837 97.4761 48.8182
 1206.23 1912.62 626.814 174.168 84.1368
 1866.64 3066.54 946.279 310.119 127.797
 2356.51 4252.82 1355.12 418.166 193.518
 798.19 4976.01 1743.65 555.6 250.79
 1231.35 2028.09 2464.91 863.733 399.452
 3092.16 3913.78 1252.86 1522.71 780.337
F
 0.0688428 0.340577 0.340577 0.340577 0.340577
 0.0506395 0.250522 0.250522 0.250522 0.250522
 0.0696799 0.344718 0.344718 0.344718 0.344718
 0.013189 0.0652483 0.0652483 0.0652483 0.0652483
 0.003001 0.0148465 0.0148465 0.0148465 0.0148465
 0.0337944 0.167187 0.167187 0.167187 0.167187
 0.0217147 0.107427 0.107427 0.107427 0.107427
 0.0424354 0.209935 0.209935 0.209935 0.209935
 0.0451349 0.22329 0.22329 0.22329 0.22329
 0.0343802 0.170084 0.170084 0.170084 0.170084
 0.0727869 0.360089 0.360089 0.360089 0.360089
 0.0663602 0.328295 0.328295 0.328295 0.328295
 0.101885 0.504041 0.504041 0.504041 0.504041
 0.172203 0.851917 0.851917 0.851917 0.851917
 0.145328 0.718964 0.718964 0.718964 0.718964
 0.0596116 0.294909 0.294909 0.294909 0.294909
 0.0517451 0.255992 0.255992 0.255992 0.255992
 0.0380942 0.188459 0.188459 0.188459 0.188459
 0.0307262 0.152008 0.152008 0.152008 0.152008
 0.0291432 0.144176 0.144176 0.144176 0.144176
 0.0136958 0.0677556 0.0677556 0.0677556 0.0677556
 0.0170988 0.0845908 0.0845908 0.0845908 0.0845908
 0.0185995 0.0920149 0.0920149 0.0920149 0.0920149
 0.0181284 0.0896842 0.0896842 0.0896842 0.0896842
 0.0163078 0.0806774 0.0806774 0.0806774 0.0806774
 0.0176868 0.0874994 0.0874994 0.0874994 0.0874994
 0.0243607 0.120516 0.120516 0.120516 0.120516
Np
 55899.8 25901.3 30479 7386.46 3198.04
YTP_r0W_actual
 70690.1 218788 101814 158028 89870.2
YTP_p0W_proyectada
 22149.1 397413 140008 57236.8 111180
 22149.1 119052 203653 63029.3 30283.5
CTP_r0_actual
 8620.74 10129.1 3242.47 3940.85 2019.56
CTP_p0_proyectada
 2701.11 18398.7 4458.86 1427.35 2498.43
 2701.11 5511.68 6485.78 1571.8 680.527
Wmedp
 8.2 21.6 31.4 40.1 44.5
nmprior
 10.8 10.6 4.6 0
nm_flota  nm_reclas  nm_pelaces    nm_pelaL
inf 10.7829 18.4289 59.1152
cv_recla  cv_pelaces  cv_mph
0.716591 0.474432 0.597769
 ------------------------------------------------
Talla a la edad & desviaci?n 
 7.2 14.2025 17.0495 18.207 18.6776
 1.08 2.13037 2.55742 2.73105 2.80164
