years
 1997 1998 1999 2000 2001 2002 2003 2004 2005 2006 2007 2008 2009 2010 2011 2012 2013 2014 2015 2016 2017 2018 2019 2020 2021 2022 2023
reclasobs
 0 0 0 370054 412103 1.49427e+06 250295 1.28982e+06 931140 785840 897777 1.04006e+06 184774 17550 25797 100020 73551 82996 120727 218422 84188 347160 605670 569463 516374 1.08416e+06 1.01767e+06
reclaspred
 540549 137872 334107 207148 315750 374833 801458 580682 749913 849251 755449 533973 306160 117399 79900.5 77249.5 75010.3 95127.2 114949 160030 248799 261051 469442 585402 734358 641323 541859
pelacesobs
 0 0 0 0 0 0 0 0 0 2.06254e+06 1.5e+06 0 1.87456e+06 323000 250000 174000 83755 137374 0 501740 490994 745055 786931 1.00524e+06 1.33801e+06 1.41789e+06 0
pelacespred
 2.13388e+06 427041 627777 613676 853535 690103 2.13555e+06 1.64993e+06 2.14676e+06 2.32244e+06 1.68977e+06 1.24003e+06 726001 235827 174250 163502 161177 219694 253984 353432 664451 620032 902587 1.33051e+06 1.52302e+06 1.43063e+06 1.18232e+06
mphobs
 0 0 0 0 0 0 112323 0 153150 637223 0 255016 313432 73983 77613 109348 50772 17779 17303 59886 28197 0 207744 136588 643089 65757 70829
mphpred
 186392 101574 108985 95204.5 102947 164860 224416 292674 278172 352087 368711 257254 154956 113989 53099.4 47308.3 41357.7 47858.6 27846.7 33341 53010.7 71526.2 94638.4 139024 178213 161019 133637
desembarqueobs
 350755 77701 442110 56441 14545 235359 269955 359681 431902 328805 639364 411747 362871 311530 167758 66681 60226 58785 57116 73181 50977 67692 138656 160484 209506 203330 245020
desembarquepred
 350760 77699 442088 56445.9 14545.5 235507 270040 359616 431844 328805 639304 411740 363011 311635 167566 66690.1 60272.9 58773.3 57083.7 73177.6 50979.2 67675 138664 160498 209539 203343 245001
Reclutas
 35247 42057.7 19283.1 25532 44227.9 30375.2 66542.1 67670.8 108868 113481 64729.8 47280.3 43033.2 27671.9 15896.9 11121.3 7378.16 10350.7 13072.5 16638.6 25399.1 36156.2 50379.3 67678.9 24504 35053.9 56749.1
log_desv_Rt
 0.0701364 0.246798 -0.533014 -0.252313 0.297111 -0.0786196 0.70559 0.72241 1.19789 1.23939 0.677977 0.363849 0.269727 -0.171827 -0.726121 -1.08338 -1.49372 -1.15519 -0.921732 -0.68052 -0.257533 0.0956027 0.427336 0.72253 -0.293408 0.0646433 0.546395
SSB
 419878 228812 245507 214464 231905 371374 489248 649907 609165 775155 830581 579506 363155 172623 84650.7 75000.6 69776 76053.3 99435.9 126429 187485 245955 335549 468381 663011 620681 482562
BT
 1.48377e+06 354007 582722 383374 465692 538894 1.37017e+06 1.28332e+06 1.57917e+06 1.55348e+06 1.45578e+06 1.02515e+06 739419 413401 232225 141423 136243 166816 181932 246493 399049 382751 566080 834311 933919 909848 833918
Ftot
 1.12908 1.03769 1.86516 0.437183 0.0802971 0.834245 0.580135 1.07056 1.11974 0.678942 1.18889 1.05196 1.72078 3.80259 3.77311 1.41872 1.28665 1.06746 0.815199 0.752291 0.35049 0.396678 0.432435 0.433217 0.371799 0.396514 0.65863
BD_Bspro_t
 0.901603 0.621109 0.530363 0.33084 0.471452 0.643079 0.568369 0.603115 0.550833 0.561377 0.543893 0.385868 0.285404 0.177905 0.108401 0.116798 0.148512 0.213068 0.313144 0.424698 0.5498 0.675834 0.705342 0.710362 0.723519 0.648896 0.587165
BD_Bspro
 0.61866 0.337138 0.361736 0.315996 0.341696 0.547192 0.72087 0.95759 0.897559 1.14213 1.2238 0.853859 0.535082 0.254347 0.124727 0.110508 0.10281 0.112059 0.146511 0.186283 0.276245 0.362396 0.494407 0.690125 0.976898 0.914527 0.711019
BD_Bo
 0.558672 0.304447 0.326661 0.285356 0.308563 0.494134 0.650972 0.864738 0.810528 1.03139 1.10514 0.771066 0.483199 0.229684 0.112633 0.0997925 0.092841 0.101193 0.132305 0.168221 0.249459 0.327257 0.446467 0.623208 0.882174 0.825851 0.642076
BD_Brms
 1.01577 0.553541 0.593929 0.518829 0.561024 0.898426 1.18359 1.57225 1.47369 1.87525 2.00934 1.40194 0.878543 0.417608 0.204786 0.181441 0.168802 0.183988 0.240555 0.305856 0.453562 0.595012 0.811758 1.1331 1.60395 1.50155 1.16741
S_f
 0.0873815 0.645291 0.971883 0.99848 0.99992
 0.0873815 0.645291 0.971883 0.99848 0.99992
 0.0873815 0.645291 0.971883 0.99848 0.99992
 0.0873815 0.645291 0.971883 0.99848 0.99992
 0.0873815 0.645291 0.971883 0.99848 0.99992
 0.0873815 0.645291 0.971883 0.99848 0.99992
 0.0873815 0.645291 0.971883 0.99848 0.99992
 0.0873815 0.645291 0.971883 0.99848 0.99992
 0.0873815 0.645291 0.971883 0.99848 0.99992
 0.0873815 0.645291 0.971883 0.99848 0.99992
 0.0873815 0.645291 0.971883 0.99848 0.99992
 0.0873815 0.645291 0.971883 0.99848 0.99992
 0.0873815 0.645291 0.971883 0.99848 0.99992
 0.0873815 0.645291 0.971883 0.99848 0.99992
 0.0873815 0.645291 0.971883 0.99848 0.99992
 0.0873815 0.645291 0.971883 0.99848 0.99992
 0.0873815 0.645291 0.971883 0.99848 0.99992
 0.0873815 0.645291 0.971883 0.99848 0.99992
 0.0873815 0.645291 0.971883 0.99848 0.99992
 0.0873815 0.645291 0.971883 0.99848 0.99992
 0.0873815 0.645291 0.971883 0.99848 0.99992
 0.0873815 0.645291 0.971883 0.99848 0.99992
 0.0873815 0.645291 0.971883 0.99848 0.99992
 0.0873815 0.645291 0.971883 0.99848 0.99992
 0.0873815 0.645291 0.971883 0.99848 0.99992
 0.0873815 0.645291 0.971883 0.99848 0.99992
 0.0873815 0.645291 0.971883 0.99848 0.99992
Scru_reclas
 0.48996 0.828606 0.960522 0.991899 0.99838
 0.48996 0.828606 0.960522 0.991899 0.99838
 0.48996 0.828606 0.960522 0.991899 0.99838
 0.48996 0.828606 0.960522 0.991899 0.99838
 0.48996 0.828606 0.960522 0.991899 0.99838
 0.48996 0.828606 0.960522 0.991899 0.99838
 0.48996 0.828606 0.960522 0.991899 0.99838
 0.48996 0.828606 0.960522 0.991899 0.99838
 0.48996 0.828606 0.960522 0.991899 0.99838
 0.48996 0.828606 0.960522 0.991899 0.99838
 0.48996 0.828606 0.960522 0.991899 0.99838
 0.48996 0.828606 0.960522 0.991899 0.99838
 0.48996 0.828606 0.960522 0.991899 0.99838
 0.48996 0.828606 0.960522 0.991899 0.99838
 0.48996 0.828606 0.960522 0.991899 0.99838
 0.48996 0.828606 0.960522 0.991899 0.99838
 0.48996 0.828606 0.960522 0.991899 0.99838
 0.48996 0.828606 0.960522 0.991899 0.99838
 0.48996 0.828606 0.960522 0.991899 0.99838
 0.48996 0.828606 0.960522 0.991899 0.99838
 0.48996 0.828606 0.960522 0.991899 0.99838
 0.48996 0.828606 0.960522 0.991899 0.99838
 0.48996 0.828606 0.960522 0.991899 0.99838
 0.48996 0.828606 0.960522 0.991899 0.99838
 0.48996 0.828606 0.960522 0.991899 0.99838
 0.48996 0.828606 0.960522 0.991899 0.99838
 0.48996 0.828606 0.960522 0.991899 0.99838
Scru_pelaces
 0.832457 1 1 1 1
 0.832457 1 1 1 1
 0.832457 1 1 1 1
 0.832457 1 1 1 1
 0.832457 1 1 1 1
 0.832457 1 1 1 1
 0.832457 1 1 1 1
 0.832457 1 1 1 1
 0.832457 1 1 1 1
 0.832457 1 1 1 1
 0.832457 1 1 1 1
 0.832457 1 1 1 1
 0.832457 1 1 1 1
 0.832457 1 1 1 1
 0.832457 1 1 1 1
 0.832457 1 1 1 1
 0.832457 1 1 1 1
 0.832457 1 1 1 1
 0.832457 1 1 1 1
 0.832457 1 1 1 1
 0.832457 1 1 1 1
 0.832457 1 1 1 1
 0.832457 1 1 1 1
 0.832457 1 1 1 1
 0.832457 1 1 1 1
 0.832457 1 1 1 1
 0.832457 1 1 1 1
pf_obs 
 0.256992 0.487395 0.22802 0.0275931 0
 0.321318 0.546541 0.124235 0.00734118 0.000564706
 0.182869 0.594174 0.210203 0.0122559 0.00049798
 0.330522 0.361315 0.267642 0.0388342 0.00168674
 0.649043 0.306663 0.0425973 0.00169635 0
 0.582887 0.30429 0.105238 0.00758474 0
 0.465427 0.430635 0.0974691 0.00646863 0
 0.296916 0.608066 0.0921331 0.00288517 0
 0.311714 0.524322 0.152257 0.0117073 0
 0.15457 0.633149 0.183074 0.0267441 0.00246327
 0.131901 0.49318 0.331252 0.0422183 0.00144891
 0.196976 0.569456 0.194076 0.0375587 0.00193317
 0.518974 0.381816 0.0799577 0.0180837 0.00116848
 0.0928022 0.601141 0.25162 0.0475244 0.00691264
 0.122501 0.610282 0.24278 0.0234846 0.000952079
 0.383417 0.481906 0.127806 0.00687128 0
 0.0376549 0.599619 0.316969 0.0457579 0
 0.0361596 0.667082 0.258105 0.0386534 0
 0.158088 0.579412 0.248529 0.0139706 0
 0.0477256 0.309471 0.559284 0.082774 0.000745712
 0.0406174 0.521527 0.379366 0.0568643 0.0016247
 0.151134 0.462217 0.34131 0.0453401 0
 0.294876 0.26143 0.354403 0.0886775 0.000613685
 0.281977 0.475581 0.204845 0.0348837 0.00271318
 0.0841818 0.532909 0.334909 0.0458182 0.00218182
 0.115287 0.27431 0.454777 0.147771 0.00785563
 0 0 0 0 0
pf_pred 
 0.290333 0.483155 0.20228 0.0242189 1.35552e-05
 0.266062 0.583717 0.120188 0.0269484 0.00308497
 0.136604 0.665922 0.173413 0.0194183 0.00464255
 0.232006 0.491673 0.243913 0.0286646 0.00374269
 0.249921 0.499315 0.185624 0.0577174 0.00742184
 0.134328 0.586414 0.209593 0.0519337 0.0177322
 0.290697 0.394267 0.247933 0.0508638 0.0162395
 0.223189 0.598557 0.120579 0.0457341 0.0119416
 0.309302 0.497159 0.166956 0.0182412 0.00834262
 0.227252 0.61784 0.128207 0.0231763 0.00352489
 0.13034 0.602662 0.232764 0.0285141 0.0057202
 0.14274 0.507366 0.283856 0.0579119 0.00812642
 0.200463 0.505371 0.214553 0.0651221 0.0144913
 0.248188 0.592702 0.125913 0.0245912 0.00860619
 0.289839 0.648577 0.0576384 0.00318982 0.00075507
 0.249003 0.683365 0.0659816 0.0015544 9.56678e-05
 0.172452 0.629779 0.188459 0.00909448 0.000216044
 0.267758 0.489703 0.208762 0.0322585 0.00151814
 0.260196 0.569021 0.134705 0.0312421 0.004836
 0.245811 0.55294 0.171818 0.0234065 0.00602485
 0.254698 0.526551 0.180499 0.0328392 0.00541255
 0.232741 0.528652 0.188983 0.0411695 0.00845422
 0.226036 0.518081 0.199559 0.0449072 0.0114167
 0.21936 0.519769 0.199673 0.0480708 0.0131274
 0.0685023 0.610904 0.244458 0.0587223 0.0174139
 0.127381 0.287391 0.440147 0.11146 0.033621
 0.224445 0.420445 0.156505 0.150565 0.0480398
pobs_RECLAS
 0 0 0 0 0
 0 0 0 0 0
 0 0 0 0 0
 0 0 0 0 0
 0.835266 0.146461 0.0176864 0.000547809 3.91292e-05
 0.385257 0.428462 0.181853 0.0044286 0
 0.867414 0.0963971 0.0333333 0.00285562 0
 0.441836 0.489002 0.0689373 0.000224442 0
 0.779404 0.147425 0.0564933 0.0165055 0.000172143
 0.814271 0.122319 0.05973 0.00367925 0
 0.40263 0.566651 0.0304383 0.000280538 0
 0.475488 0.404961 0.113038 0.00651328 0
 0.955842 0.0263864 0.0167828 0.000988607 0
 0.975058 0.0227948 0.00214734 0 0
 0.738997 0.206755 0.0527124 0.00153531 0
 0.850938 0.134255 0.0134407 0.00136685 0
 0.542534 0.407297 0.0501686 0 0
 0.764087 0.199537 0.0359546 0.000420521 0
 0.470689 0.182191 0.310203 0.0369168 0
 0.84361 0.089868 0.0606195 0.00523954 0.000663233
 0.607945 0.314616 0.071237 0.00620181 0
 0.523733 0.453247 0.0230204 0 0
 0.530135 0.295979 0.169645 0.0042399 0
 0.562478 0.366248 0.0663022 0.0049721 0
 0.250443 0.683176 0.0655157 0.000865301 0
 0.195077 0.31981 0.436473 0.0351445 0.0134964
 0.565238 0.351407 0.0832357 0.000118908 0
ppred_RECLAS
 0.673959 0.242568 0.0745359 0.00893165 5.02323e-06
 0.637699 0.304446 0.0462706 0.010389 0.0011951
 0.454804 0.452202 0.0816979 0.00910842 0.00218759
 0.594909 0.283778 0.107027 0.0126291 0.00165725
 0.612504 0.279486 0.0798365 0.0249488 0.00322443
 0.433913 0.41749 0.111424 0.0276763 0.00949643
 0.672748 0.203945 0.0969437 0.019959 0.00640422
 0.584739 0.340507 0.0505307 0.0191883 0.00503465
 0.690923 0.240342 0.0592734 0.00648187 0.00297887
 0.581849 0.351741 0.0549275 0.00996068 0.00152246
 0.431317 0.429534 0.121287 0.0148651 0.00299648
 0.461697 0.35678 0.14721 0.0300723 0.00424042
 0.576834 0.300412 0.0895889 0.0271051 0.00605945
 0.69104 0.268824 0.0319127 0.00608563 0.00213723
 0.721772 0.264177 0.0131696 0.000711875 0.000169102
 0.61633 0.35817 0.0248792 0.000585514 3.62073e-05
 0.510421 0.398658 0.0866412 0.0041805 9.9786e-05
 0.648434 0.257559 0.0808988 0.0125157 0.000591878
 0.628595 0.303313 0.0536711 0.0124795 0.00194125
 0.611932 0.304826 0.0710286 0.00970344 0.00251005
 0.619081 0.289212 0.0756036 0.013815 0.00228845
 0.592266 0.303372 0.0825703 0.0180636 0.00372805
 0.584783 0.301761 0.088383 0.0199705 0.00510262
 0.575619 0.307058 0.0896911 0.0216814 0.00595059
 0.261814 0.527116 0.160736 0.0387769 0.0115571
 0.435034 0.221339 0.258096 0.0656343 0.0198976
 0.594202 0.247773 0.0694727 0.0670524 0.0215005
pobs_PELACES
 0 0 0 0 0
 0 0 0 0 0
 0 0 0 0 0
 0 0 0 0 0
 0 0 0 0 0
 0 0 0 0 0
 0 0 0 0 0
 0 0 0 0 0
 0 0 0 0 0
 0 0 0 0 0
 0.450072 0.473896 0.0757376 0.000293798 0
 0 0 0 0 0
 0.463077 0.371075 0.160297 0.00555027 0
 0.529543 0.364841 0.0842815 0.0213345 0
 0.631943 0.363953 0.00410389 0 0
 0.735681 0.248677 0.0153453 0.000297389 0
 0.695825 0.281241 0.0229344 0 0
 0.275771 0.60734 0.115278 0.00161068 0
 0 0 0 0 0
 0.896147 0.0623911 0.0374545 0.00400742 0
 0.803859 0.145111 0.0509908 3.86294e-05 0
 0.739449 0.233085 0.0266225 0.000797448 4.60066e-05
 0.878498 0.100942 0.0204185 0.000141795 0
 0.694673 0.275183 0.0284847 0.00165964 0
 0.469039 0.446079 0.0841089 0.000773354 0
 0.822795 0.102175 0.0682046 0.00682512 0
 0 0 0 0 0
ppred_PELACES
 0.792384 0.164554 0.0386218 0.00443746 2.47813e-06
 0.757079 0.212088 0.0248646 0.00535712 0.000611956
 0.635628 0.31844 0.0405925 0.0043113 0.00102782
 0.703165 0.219827 0.0682295 0.00776651 0.00101233
 0.702246 0.22427 0.0547891 0.0165682 0.00212733
 0.57177 0.335129 0.0705238 0.0168394 0.00573822
 0.77666 0.150299 0.0578962 0.0114841 0.00365996
 0.716246 0.243264 0.0277484 0.0101083 0.00263367
 0.803369 0.161523 0.0304574 0.00319378 0.00145746
 0.696412 0.263902 0.0330425 0.00576797 0.000875609
 0.58573 0.33288 0.0713343 0.00837837 0.00167698
 0.614217 0.277782 0.088276 0.0173022 0.00242269
 0.742181 0.200003 0.0427436 0.0123352 0.00273746
 0.870491 0.119435 0.00811866 0.00145001 0.000505015
 0.882034 0.114483 0.00327834 0.000166013 3.91093e-05
 0.749267 0.238191 0.0122492 0.000275703 1.69269e-05
 0.661115 0.289416 0.047235 0.00218224 5.17191e-05
 0.77132 0.17879 0.0431804 0.0064087 0.000300952
 0.742466 0.219011 0.0306196 0.00684522 0.00105749
 0.727482 0.224115 0.0415413 0.0054594 0.00140255
 0.718117 0.223404 0.0485124 0.00855782 0.00140817
 0.697517 0.23591 0.0530724 0.0112041 0.00229691
 0.693276 0.234665 0.056592 0.0123358 0.00313078
 0.685415 0.239801 0.0576691 0.0134483 0.00366627
 0.360381 0.481281 0.121631 0.0283221 0.00838486
 0.567166 0.190542 0.183652 0.0450686 0.0135717
 0.71741 0.188224 0.0424081 0.0394074 0.0125501
pobs_pel_tallas
 0 0 0 0 0 0 0 0 0 0 0 0 0 0 0 0 0 0 0 0 0 0 0 0 0 0 0 0 0 0 0 0 0 0 0 0
 0 0 0 0 0 0 0 0 0 0 0 0 0 0 0 0 0 0 0 0 0 0 0 0 0 0 0 0 0 0 0 0 0 0 0 0
 0 0 0 0 0 0 0 0 0 0 0 0 0 0 0 0 0 0 0 0 0 0 0 0 0 0 0 0 0 0 0 0 0 0 0 0
 0 0 0 0 0 0 0 0 0 0 0 0 0 0 0 0 0 0 0 0 0 0 0 0 0 0 0 0 0 0 0 0 0 0 0 0
 0 0 0 0 0 0 0 0 0 0 0 0 0 0 0 0 0 0 0 0 0 0 0 0 0 0 0 0 0 0 0 0 0 0 0 0
 0 0 0 0 0 0 0 0 0 0 0 0 0 0 0 0 0 0 0 0 0 0 0 0 0 0 0 0 0 0 0 0 0 0 0 0
 0 0 0 0 0 0 0 0 0 0 0 0 0 0 0 0 0 0 0 0 0 0 0 0 0 0 0 0 0 0 0 0 0 0 0 0
 0 0 0 0 0 0 0 0 0 0 0 0 0 0 0 0 0 0 0 0 0 0 0 0 0 0 0 0 0 0 0 0 0 0 0 0
 0 0 0 0 0 0 0 0 0 0 0 0 0 0 0 0 0 0 0 0 0 0 0 0 0 0 0 0 0 0 0 0 0 0 0 0
 0 0 0 0 0 0 0 0 0 0 0 0 0 0 0 0 0 0 0 0 0 0 0 0 0 0 0 0 0 0 0 0 0 0 0 0
 0 0 0 0 0 0 0 0 1.78061e-05 0.00172719 0.00360574 0.0105946 0.0120993 0.0124554 0.0147524 0.0171206 0.0266825 0.0428682 0.0675386 0.121331 0.153587 0.119568 0.100827 0.0573624 0.0630603 0.0341343 0.0324427 0.0444173 0.0211091 0.0280891 0.0125444 0.00206551 0 0 0 0
 0 0 0 0 0 0 0 0 0 0 0 0 0 0 0 0 0 0 0 0 0 0 0 0 0 0 0 0 0 0 0 0 0 0 0 0
 0 0 0 0 0 0 0.0133647 0.0140871 0.0187388 0.0205184 0.03894 0.0496705 0.03968 0.0493445 0.0407372 0.0367815 0.0215668 0.0243155 0.0234873 0.0199281 0.019796 0.0243948 0.0301388 0.0376714 0.0412746 0.0863199 0.0771752 0.113111 0.0741005 0.0525337 0.0229764 0.00759418 0.00175318 0 0 0
 0 0 0 0 0 0 0 0 0 0 0.00219441 0.00772107 0.0458388 0.0604681 0.0671733 0.0775358 0.0609151 0.0617685 0.073594 0.0568108 0.0755445 0.0548602 0.0670107 0.0636378 0.0643287 0.046367 0.0373049 0.0286899 0.0247887 0.0153202 0.00654259 0.00121912 0.000365735 0 0 0
 0 0 0 0 0 0 0 0 0 0 0 0 0.000112435 0.00938835 0.0111873 0.0202946 0.0414886 0.0713402 0.111592 0.104902 0.108894 0.110636 0.117776 0.105296 0.107544 0.0401394 0.0192827 0.0124803 0.00416011 0.0028671 0.000618394 0 0 0 0 0
 0 0 0 0 0 0 0 0 0 0 0.00291406 0.0102884 0.027416 0.0768956 0.0749926 0.110853 0.0956884 0.0897413 0.0766577 0.0534642 0.0500743 0.0551293 0.0594112 0.0620874 0.0668451 0.0424026 0.0208742 0.0120726 0.0048766 0.00582813 0.00118941 0.000297354 0 0 0 0
 0 0.00264628 0.0354308 0.0461629 0.0458689 0.0383711 0.0214643 0.0164657 0.0346957 0.0420465 0.0363128 0.0245516 0.0311673 0.0291091 0.0169068 0.0133784 0.00837989 0.0085269 0.0148486 0.0160247 0.0276389 0.0546898 0.0760071 0.122758 0.109233 0.0665981 0.0333725 0.0166128 0.00676272 0.00308733 0.000882094 0 0 0 0 0
 0 0 0 0 0 0 0 0.000805153 0.000690131 0.00759144 0.0133425 0.0154129 0.00931677 0.000345066 0.00356568 0.00563607 0.00851162 0.0253048 0.0502646 0.0516448 0.0657925 0.0565908 0.0611916 0.0827007 0.0866115 0.110766 0.145733 0.0935128 0.0569358 0.0249597 0.0138026 0.00621118 0.00161031 0.00115022 0 0
 0 0 0 0 0 0 0 0 0 0 0 0 0 0 0 0 0 0 0 0 0 0 0 0 0 0 0 0 0 0 0 0 0 0 0 0
 0.00147267 0.00158595 0.00478618 0.00569244 0.00954404 0.0108468 0.00647125 0.017049 0.0510054 0.094081 0.124002 0.0959785 0.0687766 0.0820023 0.061753 0.0591476 0.0492212 0.0479892 0.0443925 0.0268479 0.0217502 0.0140895 0.0121071 0.0120363 0.00920419 0.00665534 0.0049561 0.00860946 0.00930331 0.0156896 0.0114698 0.00855282 0.00243557 0.00046729 0 2.83206e-05
 0 0 0 0 0.000772559 0.00158375 0.000888443 0.00281984 0.00712685 0.0440552 0.0773331 0.111326 0.0921469 0.0852325 0.0710754 0.0886704 0.0786465 0.0553345 0.0373146 0.0185414 0.00753245 0.00457741 0.012979 0.0271748 0.0457355 0.0583668 0.034881 0.0177882 0.00938659 0.00492506 0.0015258 0.00185414 0.000309023 5.79419e-05 3.86279e-05 0
 0 0.00173294 0.00326652 0 0.00397197 0.00683976 0.00946217 0.0152591 0.00757587 0.0136028 0.0228656 0.0392903 0.0559909 0.0764795 0.0681675 0.0726916 0.0566044 0.0477403 0.0527397 0.0444891 0.0609904 0.0582453 0.0661739 0.0445044 0.0529084 0.0360697 0.0280645 0.0235558 0.0158879 0.00826598 0.00280645 0.00217768 0.000904811 0.00058276 9.20147e-05 0
 0 0 0 0 0 0 0 0 0 0 0 0 0 0 0 0 0 0 0 0 0 0 0 0 0 0 0 0 0 0 0 0 0 0 0 0
 0 0 0 0 0 0 0 0 0 0 0 0 0 0 0 0 0 0 0 0 0 0 0 0 0 0 0 0 0 0 0 0 0 0 0 0
 0 0 0 0 0 0 0 0 0 0 0 0 0 0 0 0 0 0 0 0 0 0 0 0 0 0 0 0 0 0 0 0 0 0 0 0
 0 0 0 0 0 0 0 0 0 0 0 0 0 0 0 0 0 0 0 0 0 0 0 0 0 0 0 0 0 0 0 0 0 0 0 0
 0 0 0 0 0 0 0 0 0 0 0 0 0 0 0 0 0 0 0 0 0 0 0 0 0 0 0 0 0 0 0 0 0 0 0 0
ppred_pel_tallas
 1.00755e-16 3.45711e-05 0.000202909 0.000964544 0.00371356 0.0115804 0.0292512 0.0598517 0.0992102 0.133235 0.144981 0.127872 0.0915094 0.0533539 0.0257965 0.0111971 0.00577206 0.00506872 0.00635565 0.00842878 0.0107902 0.0131364 0.0151892 0.0166935 0.0174615 0.0174148 0.0165999 0.0151707 0.0133464 0.0113581 0.00940289 0.00761702 0.00607041 0.00477861 0.00372279 0.00286905
 1.00635e-16 3.30335e-05 0.000193877 0.000921599 0.0035482 0.0110647 0.0279486 0.0571869 0.0947946 0.12731 0.138546 0.122227 0.087535 0.0511687 0.0249866 0.0112658 0.00641265 0.00618609 0.00797306 0.0105959 0.0135245 0.0163912 0.0188424 0.0205533 0.021292 0.0209724 0.0196743 0.0176181 0.0151077 0.0124579 0.00993273 0.00770825 0.00586615 0.00441034 0.00329553 0.00245567
 1.00877e-16 2.7742e-05 0.000162802 0.000773841 0.00297925 0.00929046 0.0234672 0.0480183 0.0796007 0.106917 0.116387 0.102758 0.0737676 0.0434744 0.0218887 0.010985 0.00780793 0.00883942 0.0118879 0.0159064 0.0203212 0.0246326 0.0283184 0.0308918 0.0320034 0.0315226 0.029568 0.0264699 0.0226843 0.0186845 0.0148685 0.0115029 0.00871301 0.00650721 0.00481954 0.00355199
 1.01355e-16 3.0683e-05 0.000180077 0.000855988 0.00329558 0.0102769 0.0259588 0.0531155 0.0880467 0.11825 0.128693 0.11355 0.0813567 0.0476289 0.023393 0.0107788 0.00646486 0.00652742 0.00854978 0.0114394 0.0146933 0.0179462 0.0208346 0.0230163 0.0242343 0.0243735 0.0234818 0.0217485 0.0194502 0.0168818 0.014298 0.0118779 0.00971906 0.00785234 0.00626671 0.00493285
 1.0152e-16 3.0643e-05 0.000179842 0.000854871 0.00329127 0.0102635 0.0259249 0.0530462 0.0879319 0.118096 0.128527 0.113406 0.0812575 0.0475798 0.0233855 0.0108026 0.00651512 0.00660428 0.00865501 0.0115728 0.0148497 0.0181147 0.0209986 0.0231555 0.0243292 0.0244093 0.0234531 0.0216615 0.0193225 0.0167395 0.0141703 0.011792 0.00969465 0.00789862 0.00638176 0.00510523
 1.01958e-16 2.49582e-05 0.000146457 0.000696131 0.00268005 0.00835739 0.0211103 0.0431962 0.0716086 0.0961871 0.10472 0.0924874 0.0664607 0.0393019 0.0200364 0.0104662 0.00795925 0.00937303 0.0127457 0.0171252 0.0219608 0.0267447 0.0309335 0.0340127 0.0356044 0.0355518 0.0339517 0.0311182 0.0274955 0.0235492 0.0196735 0.0161364 0.0130706 0.0104995 0.00837851 0.00663627
 1.01437e-16 3.38849e-05 0.000198881 0.000945401 0.00363986 0.0113506 0.0286706 0.0586637 0.0972408 0.130589 0.1421 0.125327 0.0896786 0.0522675 0.0252366 0.0108968 0.00553875 0.0048001 0.0060099 0.00799978 0.010299 0.0126306 0.0147426 0.0163994 0.0174214 0.0177214 0.0173204 0.016333 0.0149323 0.0133052 0.011614 0.00997433 0.0084522 0.00707386 0.00584201 0.00475021
 1.00944e-16 3.12542e-05 0.000183429 0.000871919 0.0033569 0.0104682 0.0264418 0.0541041 0.0896859 0.120452 0.131094 0.115677 0.0828977 0.0485659 0.0239169 0.0111243 0.00680746 0.00696738 0.00913331 0.0121743 0.0155509 0.0188585 0.0216955 0.0236907 0.0245785 0.0242598 0.0228248 0.020524 0.0177024 0.0147173 0.0118669 0.00934915 0.00725461 0.00558595 0.00429112 0.00329593
 1.00663e-16 3.50499e-05 0.00020572 0.000977911 0.00376503 0.0117409 0.0296566 0.0606811 0.100585 0.13508 0.146988 0.129638 0.0927656 0.0540703 0.0261128 0.0112823 0.00573929 0.00496635 0.00619226 0.00819649 0.0104774 0.0127331 0.0146902 0.0160991 0.0167788 0.0166568 0.0157847 0.0143205 0.0124855 0.0105116 0.0085952 0.0068697 0.00540094 0.004199 0.00323875 0.00248
 1.00795e-16 3.03902e-05 0.000178354 0.00084779 0.003264 0.0101784 0.02571 0.0526069 0.0872049 0.117123 0.127477 0.112501 0.0806556 0.047321 0.0234315 0.0111129 0.00708971 0.00748196 0.00988734 0.0131943 0.0168526 0.0204306 0.0234927 0.0256355 0.0265692 0.026186 0.0245835 0.0220349 0.0189168 0.0156203 0.0124735 0.00969611 0.00739066 0.00556349 0.00415981 0.00309893
 1.01488e-16 2.55669e-05 0.00015003 0.000713121 0.00274546 0.00856138 0.0216256 0.0442504 0.073356 0.0985331 0.107271 0.0947344 0.0680615 0.0402205 0.0204529 0.0105991 0.00795751 0.0093042 0.0126275 0.016954 0.0217265 0.0264364 0.030541 0.0335278 0.0350203 0.034864 0.0331582 0.0302199 0.0264978 0.0224632 0.0185171 0.0149339 0.0118524 0.00929893 0.00722947 0.0055694
 1.02052e-16 2.68068e-05 0.000157315 0.000747764 0.00287886 0.00897741 0.0226764 0.0464 0.0769174 0.103311 0.112456 0.0992746 0.071239 0.0419288 0.0210097 0.0103829 0.00718819 0.00802862 0.0108003 0.0145195 0.0186747 0.0228352 0.0265487 0.0293841 0.0310162 0.0312966 0.0302812 0.0282026 0.0254025 0.0222453 0.0190451 0.0160223 0.0132971 0.0109081 0.00884462 0.00707509
 1.01224e-16 3.23834e-05 0.000190062 0.000903461 0.00347837 0.010847 0.0273986 0.0560614 0.0929288 0.124803 0.135817 0.119816 0.0858028 0.0501441 0.0244645 0.0109952 0.00621351 0.0059641 0.00769101 0.0102495 0.0131335 0.0159984 0.0185127 0.0203681 0.0213386 0.0213299 0.0203986 0.0187305 0.0165888 0.0142497 0.0119468 0.00983925 0.00800581 0.00646074 0.00517862 0.00411832
 1.00228e-16 3.7975e-05 0.000222897 0.00105958 0.00407949 0.0127216 0.0321336 0.0657489 0.108983 0.146354 0.159241 0.140412 0.100403 0.0583757 0.027918 0.011592 0.00521025 0.00385731 0.00452527 0.00591002 0.00751439 0.00908368 0.0104097 0.0113091 0.0116534 0.011398 0.0105929 0.0093686 0.00790207 0.00637591 0.0049422 0.00370126 0.00269769 0.00193009 0.0013677 0.000967356
 1.00092e-16 3.84781e-05 0.000225851 0.00107363 0.00413357 0.0128902 0.0325595 0.0666204 0.110428 0.148293 0.161349 0.142267 0.10172 0.0591235 0.0282416 0.0116671 0.00515352 0.0037173 0.00430936 0.00560968 0.00711923 0.00858777 0.00981437 0.0106237 0.0108943 0.0105863 0.00975192 0.00852095 0.00706818 0.00557303 0.00418439 0.00299976 0.00206118 0.00136476 0.000877086 0.00055206
 1.00262e-16 3.26939e-05 0.000191881 0.000912104 0.00351163 0.0109507 0.0276606 0.0565978 0.0938189 0.126002 0.137129 0.120991 0.0866825 0.0507354 0.0248957 0.0114276 0.00678428 0.00677322 0.00880423 0.011695 0.0148901 0.0179834 0.0205778 0.0223108 0.0229277 0.0223426 0.0206598 0.0181445 0.0151558 0.0120633 0.00917488 0.00669314 0.0047075 0.00321334 0.00214568 0.00141344
 1.00843e-16 2.88522e-05 0.000169322 0.000804846 0.00309864 0.00966277 0.0244075 0.0499422 0.0827887 0.111195 0.121035 0.106838 0.0766459 0.0450689 0.0225033 0.0109852 0.00742355 0.00814821 0.010881 0.0145524 0.0186058 0.0225792 0.0259963 0.0284126 0.0295063 0.0291531 0.0274531 0.0246989 0.0212977 0.0176746 0.0141893 0.0110855 0.00848179 0.00639308 0.00476781 0.00352516
 1.00906e-16 3.36531e-05 0.000197518 0.000938915 0.00361488 0.0112727 0.0284739 0.0582613 0.0965746 0.129697 0.141136 0.124492 0.0891142 0.0520056 0.0252351 0.0111083 0.00595105 0.00543564 0.00690453 0.00917911 0.0117589 0.0143239 0.0165743 0.0182328 0.0190953 0.0190754 0.018222 0.0167003 0.014746 0.0126078 0.010498 0.00856314 0.00687887 0.00546249 0.00429483 0.00334095
 1.00791e-16 3.23966e-05 0.000190138 0.000903818 0.00347973 0.0108512 0.0274094 0.0560836 0.0929661 0.124855 0.135878 0.119879 0.0858684 0.0502242 0.0245808 0.0111769 0.00649419 0.0063777 0.00826642 0.0110023 0.014057 0.0170561 0.0196355 0.0214597 0.022287 0.0220254 0.0207528 0.0186915 0.0161497 0.013448 0.0108553 0.0085523 0.00662409 0.00507753 0.00387021 0.00293904
 1.00916e-16 3.17434e-05 0.000186302 0.000885585 0.00340953 0.0106323 0.0268564 0.0549521 0.0910909 0.122337 0.13314 0.11747 0.0841565 0.0492499 0.0241548 0.0110698 0.00655296 0.00653811 0.00851815 0.0113568 0.0145296 0.0176584 0.0203711 0.0223227 0.0232623 0.0230898 0.0218771 0.0198435 0.0172964 0.0145579 0.0119002 0.00950836 0.00747343 0.00580903 0.00447998 0.00343018
 1.01122e-16 3.13351e-05 0.000183905 0.000874187 0.00336564 0.0104954 0.0265107 0.0542448 0.0899186 0.120763 0.131428 0.115961 0.0830796 0.0486281 0.0238656 0.0109646 0.00652958 0.00654913 0.00855058 0.0114137 0.0146213 0.0177986 0.020576 0.0226086 0.0236437 0.0235765 0.0224719 0.0205405 0.0180803 0.0154049 0.0127803 0.0103888 0.00832201 0.00659776 0.00518745 0.00404303
 1.01323e-16 3.04373e-05 0.000178633 0.000849122 0.00326913 0.0101945 0.0257505 0.0526895 0.0873409 0.117303 0.127667 0.112654 0.0807346 0.0473048 0.0233082 0.0108637 0.00668266 0.00687533 0.00904165 0.0120872 0.0154938 0.0188731 0.0218364 0.0240201 0.0251564 0.0251331 0.0240164 0.0220254 0.0194711 0.0166811 0.0139332 0.0114177 0.00923069 0.00739136 0.00587147 0.0046231
 1.01451e-16 3.02524e-05 0.000177547 0.00084396 0.00324926 0.0101325 0.0255939 0.0523692 0.08681 0.11659 0.126891 0.11197 0.0802453 0.0470201 0.0231718 0.0108072 0.006658 0.00685943 0.00902713 0.0120746 0.0154877 0.0188815 0.0218699 0.0240906 0.025276 0.025312 0.0242606 0.0223354 0.0198413 0.0170997 0.0143839 0.0118816 0.00968866 0.00782608 0.00626907 0.00497411
 1.01531e-16 2.99098e-05 0.000175536 0.000834396 0.00321243 0.0100176 0.0253038 0.0517757 0.0858264 0.11527 0.125456 0.110708 0.0793511 0.0465163 0.022961 0.0107717 0.00672118 0.00699088 0.00922408 0.0123438 0.0158353 0.0193077 0.0223672 0.0246438 0.0258643 0.0259118 0.0248495 0.022895 0.0203593 0.0175698 0.0148048 0.0122554 0.0100186 0.00811551 0.00652084 0.00519044
 1.03249e-16 1.57467e-05 9.23635e-05 0.000438935 0.00168972 0.00526907 0.0133097 0.0272366 0.04516 0.0606855 0.0661354 0.058568 0.0424308 0.0257843 0.0144237 0.00961089 0.00981291 0.0131412 0.0183759 0.0248185 0.031888 0.0389076 0.0451069 0.0497462 0.0522745 0.0524538 0.0504056 0.0465601 0.0415345 0.0359804 0.0304522 0.0253311 0.0208128 0.0169429 0.0136756 0.0109285
 1.04852e-16 2.47518e-05 0.000145258 0.000690459 0.00265825 0.00828947 0.0209386 0.0428438 0.0710207 0.095386 0.103818 0.0916204 0.0656846 0.0385368 0.0190862 0.00907258 0.00584535 0.00627338 0.00844399 0.011511 0.015096 0.0189176 0.0226752 0.026059 0.0287998 0.0307139 0.0317268 0.0318646 0.0312244 0.0299358 0.0281293 0.0259204 0.0234107 0.0206964 0.0178781 0.0150625
 1.02604e-16 3.13027e-05 0.000183719 0.000873309 0.00336227 0.0104849 0.0264841 0.0541902 0.0898271 0.120637 0.131283 0.115815 0.0829342 0.0484615 0.0236327 0.0106046 0.00597319 0.00572484 0.0073949 0.00988635 0.0127231 0.0155874 0.0181741 0.0201976 0.0214446 0.0218193 0.0213606 0.0202212 0.0186211 0.0167887 0.0149133 0.0131183 0.0114606 0.00994714 0.00856003 0.00727769
pSPR Fmed_Fpbrs
0.528816   0.6 0.325
Fs Fmed_Fpbrs
0.64   0.470083 1.65297
SSBpbr Bo_Bmed_Bpbrs
751565  359861  413361 206680
Ro
32859.6
SPR SPRFo_SPRFmed_SPRFpbrs
678690 358902 220574
log_Ro
10.22
likeval ReclasPelacesDesembMPH_pf_preclas_ppelaces_ptallas_desvR_qrecl_qpela
 68.2582 12.0691 0.016165 45.4299 331.747 210.886 56.2013 0 17.9742 1.35927e-07 8.42506e-05 1.92668e-14 0 0 0
q_reclas_q_pelaces
1.05363 3.69089
M
0.7
N
 35247 10278.3 3276.18 385.918 0.21581
 42057.7 15858.7 2463.17 542.994 62.1043
 19283.1 19074.8 4031.38 446.167 106.604
 25532 8135.61 2842.82 326.734 42.6106
 44227.9 12203.6 3046.95 923.03 118.527
 30375.2 21809.4 5754.12 1399.48 477.366
 66542.1 14023.4 6321.83 1270.14 405.072
 67670.8 31410.5 4789.24 1786.37 466.025
 108868 30603.3 7817.16 840.227 383.946
 113481 49023 7378.32 1307.43 198.636
 64729.8 53106.8 15708.1 1894.01 379.637
 47280.3 28972.1 12245.1 2456.44 344.389
 43033.2 21416.7 7297.35 2187.46 486.443
 27671.9 18386.3 3503.52 680.531 238.098
 15896.9 9856.6 784.923 43.2006 10.2232
 11121.3 5677.01 428.866 9.95992 0.612533
 7378.16 4878.75 1128.55 53.6408 1.27324
 10350.7 3274.27 1056.15 160.488 7.54612
 13072.5 4682.24 816.499 185.848 28.739
 16638.6 6045.29 1374.01 183.598 47.2097
 25399.1 7736.8 1847.5 328.439 54.0665
 36156.2 12232.4 3064.3 652.592 133.849
 50379.3 17342.9 4702.58 1034.89 262.788
 67678.9 24089.9 6515.2 1533.93 418.396
 24504 32359.9 9045.27 2123.58 628.972
 35053.9 11779.4 12641.7 3129.58 942.869
 56749.1 16814.5 4528.91 4270.09 1360.97
pred_Ctot
 2395.09 3985.77 1668.71 199.793 0.111823
 2635.69 5782.47 1190.61 266.958 30.5606
 2105.3 10263 2672.59 299.269 71.5497
 689.74 1461.71 725.138 85.2181 11.1268
 222.483 444.497 165.245 51.3808 6.60703
 1542.25 6732.79 2406.4 596.266 203.589
 2372.38 3217.62 2023.38 415.1 132.531
 4369.68 11718.8 2360.74 895.401 233.798
 7339.17 11796.7 3961.55 432.829 197.955
 4717.07 12824.5 2661.2 481.071 73.1661
 4621 21366.4 8252.26 1010.92 202.8
 3002.11 10670.9 5970.08 1218.01 170.915
 4358.14 10987 4664.46 1415.78 315.046
 5734.51 13694.7 2909.27 568.192 198.85
 3272.31 7322.49 650.742 36.0133 8.5248
 939.217 2577.59 248.876 5.86306 0.36085
 567.924 2074 620.637 29.9502 0.711482
 666.519 1219 519.663 80.2998 3.77905
 649.056 1419.42 336.019 77.933 12.0633
 764.194 1719.02 534.161 72.7677 18.7305
 551.921 1141.01 391.134 71.1612 11.7288
 887.634 2016.19 720.747 157.013 32.2429
 1346.45 3086.11 1188.73 267.503 68.0072
 1812.02 4293.55 1649.4 397.089 108.439
 564.382 5033.16 2014.05 483.805 143.471
 860.224 1940.8 2972.39 752.713 227.049
 2290.1 4289.97 1596.88 1536.27 490.168
F
 0.098661 0.728587 1.09734 1.12737 1.12899
 0.0906749 0.669612 1.00851 1.03611 1.03761
 0.162981 1.20357 1.81272 1.86232 1.86501
 0.0382017 0.28211 0.42489 0.436518 0.437148
 0.00701648 0.051815 0.0780393 0.080175 0.0802907
 0.0728977 0.538331 0.810789 0.832977 0.834179
 0.0506931 0.374356 0.563823 0.579253 0.580089
 0.0935469 0.690821 1.04046 1.06893 1.07047
 0.097845 0.722561 1.08826 1.11804 1.11965
 0.059327 0.438115 0.659852 0.677909 0.678887
 0.103887 0.767181 1.15546 1.18708 1.1888
 0.0919222 0.678823 1.02239 1.05036 1.05188
 0.150364 1.1104 1.67239 1.71816 1.72064
 0.332276 2.45378 3.69567 3.79681 3.80228
 0.3297 2.43475 3.66702 3.76737 3.7728
 0.12397 0.91549 1.37883 1.41657 1.41861
 0.112429 0.830264 1.25047 1.28469 1.28655
 0.0932767 0.688825 1.03745 1.06584 1.06738
 0.0712334 0.526041 0.792278 0.81396 0.815134
 0.0657363 0.485447 0.731138 0.751147 0.752231
 0.0306264 0.226168 0.340635 0.349957 0.350462
 0.0346624 0.255973 0.385525 0.396075 0.396647
 0.0377868 0.279047 0.420276 0.431778 0.4324
 0.0378552 0.279551 0.421036 0.432559 0.433183
 0.0324883 0.239918 0.361345 0.371233 0.371769
 0.034648 0.255867 0.385365 0.395911 0.396483
 0.0575521 0.425008 0.640111 0.657628 0.658577
Np
 22793.3 10863.3 9754.68 1716.64 482.535
YTP_r0W_actual
 13500.1 69544.2 38499.5 47384.8 16779.3
YTP_p0W_proyectada
 5422.33 110036 46404.4 13158.1 17025.3
 5422.33 44930.3 82922.9 19049.3 5949.12
CTP_r0_actual
 1646.35 3219.64 1226.1 1181.66 377.062
CTP_p0_proyectada
 661.259 5094.27 1477.85 328.131 382.591
 661.259 2080.11 2640.86 475.045 133.688
Wmedp
 8.2 21.6 31.4 40.1 44.5
nmprior
 10.8 10.6 4.6 0
nm_flota  nm_reclas  nm_pelaces    nm_pelaL
inf 21.5519 18.5325 59.5808
cv_recla  cv_pelaces  cv_mph
0.715497 0.380565 0.540416
 ------------------------------------------------
Talla a la edad & desviaci?n 
 7.2 14.2025 17.0495 18.207 18.6776
 1.08 2.13037 2.55742 2.73105 2.80164
