years
 1991 1992 1993 1994 1995 1996 1997 1998 1999 2000 2001 2002 2003 2004 2005 2006 2007 2008 2009 2010 2011 2012 2013 2014 2015 2016 2017 2018 2019 2020 2021 2022
reclasobs
 0 0 0 0 0 0 0 0 0 252601 567819 844713 477998 351125 339783 2.1784e+06 2.13404e+06 4.81314e+06 1.55562e+06 2.62356e+06 3.21686e+06 3.843e+06 1.13348e+06 3.07943e+06 1.97215e+06 2.03268e+06 2.025e+06 2.42433e+06 2.27542e+06 1.05018e+06 2.36338e+06 3.18982e+06
reclaspred
 4.93395e+06 2.70321e+06 1.30045e+06 1.30791e+06 1.54951e+06 2.86626e+06 1.83359e+06 1.33018e+06 769892 334750 574481 1.46003e+06 1.36637e+06 193529 651870 1.91857e+06 2.05586e+06 1.60726e+06 2.32066e+06 2.98188e+06 5.83187e+06 3.25693e+06 1.60062e+06 1.51254e+06 1.4639e+06 1.36901e+06 2.66756e+06 2.37993e+06 1.69387e+06 1.81107e+06 994040 2.54813e+06
pelacesobs
 0 0 0 0 0 0 0 0 0 0 0 0 0 0 0 552880 188675 0 991730 2.46772e+06 1.41603e+06 1.21717e+06 2.29649e+06 1.80582e+06 0 1.4828e+06 1.56532e+06 1.57751e+06 1.42118e+06 867257 1.10002e+06 1.06204e+06
pelacespred
 444022 245957 113200 96929.5 136434 260660 139876 138189 69907.3 22864.7 55047.7 119376 113939 7935.04 59362.7 153723 159130 117164 196318 241781 487650 285188 130660 133102 117394 108112 301481 243636 140358 177702 72177.1 257724
mphobs
 0 0 0 0 0 0 0 0 0 0 0 0 498337 0 5186 125008 0 168611 109162 213762 579715 649985 157893 87575 83554 210694 70296 0 107559 103333 445601 22526
mphpred
 969338 656784 296907 168780 220867 303223 479860 211182 180091 76741.8 30274.1 147163 279821 101477 6512.14 118841 411794 235964 166319 348762 645591 695919 297979 143682 191806 217353 156409 480966 352794 204539 235285 90084.1
desembarqueobs
 494567 514787 250237 358949 120608 361735 552515 73892 212993 205616 52469 317467 293654 387597 252695 516296 358380 742168 942051 627588 828172 859565 418607 520667 417249 300574 415391 372974 316634 284311 391294 218835
desembarquepred
 494557 514346 250428 358948 120609 361716 552479 73897.6 213071 205684 52470.1 317412 293835 387940 252593 516122 358589 742164 941185 627206 828230 859817 418619 520934 417180 300589 415368 373107 316444 284102 392058 218861
Reclutas
 147332 93359.6 83626.6 126694 94146.6 195447 70217.2 25002.1 24126.7 33939.2 65826.4 164084 62947.1 32177.1 75976.3 297405 40577.9 182432 394075 320437 301495 215828 48309.4 109538 171953 40726.1 214946 90114.5 51557.8 125565 28516.5 192086
log_desv_Rt
 0.425667 -0.0305659 -0.140664 0.274746 -0.0221725 0.708264 -0.315432 -1.34806 -1.38371 -1.04245 -0.380004 0.533355 -0.42473 -1.09577 -0.236604 1.12807 -0.863803 0.63935 1.40952 1.20266 1.14173 0.807458 -0.689399 0.129244 0.580197 -0.860156 0.803361 -0.0659445 -0.624322 0.265801 -1.21654 0.690917
SSB
 969338 656784 296907 168780 220867 303223 479860 211182 180091 76741.8 30274.1 147163 265400 96785.8 6256.51 114729 411794 235964 173488 360509 685137 795800 368317 168711 202880 250606 163400 480966 371236 198505 283425 103396
BT
 1.56288e+06 1.13425e+06 523792 620305 506433 1.24019e+06 850635 488768 419096 271793 267488 701030 597425 409102 517660 1.04427e+06 703330 1.09115e+06 1.70124e+06 1.33509e+06 2.3464e+06 1.62084e+06 747673 1.02128e+06 755156 577510 1.68944e+06 1.09356e+06 641829 917735 548149 1.27886e+06
Ftot
 0.382278 0.710313 0.704378 0.867476 0.280036 0.414259 1.06812 0.208884 0.933507 1.74524 0.270037 0.674241 0.763728 3.7328 1.00226 0.760575 0.658756 1.34114 1.1101 0.656359 0.486322 0.915912 0.926569 1.00734 0.87107 0.779495 0.457488 0.54606 0.698413 0.497269 1.32689 0.252943
BD_Bspro_t
 0.940668 0.62877 0.364904 0.270119 0.300733 0.420562 0.467373 0.252473 0.28676 0.176612 0.103734 0.448695 0.432571 0.177658 0.0166585 0.232538 0.390159 0.250566 0.178237 0.266388 0.342484 0.365204 0.239981 0.153988 0.204908 0.26787 0.226562 0.479099 0.407848 0.286404 0.364168 0.174328
BD_Bspro
 1.39902 0.947918 0.428517 0.243595 0.318771 0.437633 0.692568 0.304794 0.25992 0.110759 0.0436937 0.212396 0.383045 0.139688 0.00902985 0.165586 0.594331 0.340561 0.25039 0.520312 0.988839 1.14856 0.531582 0.243496 0.292811 0.361693 0.235831 0.694165 0.535794 0.286497 0.409059 0.149229
BD_Bo
 1.6209 1.09825 0.496478 0.282228 0.369326 0.507039 0.802406 0.353132 0.301142 0.128325 0.0506233 0.246081 0.443794 0.161842 0.0104619 0.191847 0.688589 0.394572 0.290101 0.602831 1.14566 1.33071 0.615888 0.282113 0.33925 0.419056 0.273232 0.804256 0.620769 0.331933 0.473934 0.172896
BD_Brms
 9.82193 6.65494 3.00844 1.71018 2.23795 3.07244 4.86223 2.13983 1.82479 0.777595 0.306755 1.49114 2.6892 0.980693 0.0633948 1.16251 4.17255 2.39093 1.75789 3.65289 6.94223 8.06353 3.73201 1.70948 2.05571 2.5393 1.65567 4.87344 3.76159 2.01137 2.87183 1.04767
Sel_flota
 0.78576 1 1 1 1
 0.78576 1 1 1 1
 0.78576 1 1 1 1
 0.78576 1 1 1 1
 0.78576 1 1 1 1
 0.78576 1 1 1 1
 0.78576 1 1 1 1
 0.78576 1 1 1 1
 0.78576 1 1 1 1
 0.78576 1 1 1 1
 0.78576 1 1 1 1
 0.78576 1 1 1 1
 0.78576 1 1 1 1
 0.78576 1 1 1 1
 0.78576 1 1 1 1
 0.78576 1 1 1 1
 0.78576 1 1 1 1
 0.78576 1 1 1 1
 0.78576 1 1 1 1
 0.78576 1 1 1 1
 0.78576 1 1 1 1
 0.78576 1 1 1 1
 0.78576 1 1 1 1
 0.78576 1 1 1 1
 0.78576 1 1 1 1
 0.78576 1 1 1 1
 0.78576 1 1 1 1
 0.78576 1 1 1 1
 0.78576 1 1 1 1
 0.78576 1 1 1 1
 0.78576 1 1 1 1
 0.78576 1 1 1 1
Sel_reclas
 0.5 1 1 1 1
 0.5 1 1 1 1
 0.5 1 1 1 1
 0.5 1 1 1 1
 0.5 1 1 1 1
 0.5 1 1 1 1
 0.5 1 1 1 1
 0.5 1 1 1 1
 0.5 1 1 1 1
 0.5 1 1 1 1
 0.5 1 1 1 1
 0.5 1 1 1 1
 0.5 1 1 1 1
 0.5 1 1 1 1
 0.5 1 1 1 1
 0.5 1 1 1 1
 0.5 1 1 1 1
 0.5 1 1 1 1
 0.5 1 1 1 1
 0.5 1 1 1 1
 0.5 1 1 1 1
 0.5 1 1 1 1
 0.5 1 1 1 1
 0.5 1 1 1 1
 0.5 1 1 1 1
 0.5 1 1 1 1
 0.5 1 1 1 1
 0.5 1 1 1 1
 0.5 1 1 1 1
 0.5 1 1 1 1
 0.5 1 1 1 1
 0.5 1 1 1 1
Sel_pelaces
 0.5 1 1 1 1
 0.5 1 1 1 1
 0.5 1 1 1 1
 0.5 1 1 1 1
 0.5 1 1 1 1
 0.5 1 1 1 1
 0.5 1 1 1 1
 0.5 1 1 1 1
 0.5 1 1 1 1
 0.5 1 1 1 1
 0.5 1 1 1 1
 0.5 1 1 1 1
 0.5 1 1 1 1
 0.5 1 1 1 1
 0.5 1 1 1 1
 0.5 1 1 1 1
 0.5 1 1 1 1
 0.5 1 1 1 1
 0.5 1 1 1 1
 0.5 1 1 1 1
 0.5 1 1 1 1
 0.5 1 1 1 1
 0.5 1 1 1 1
 0.5 1 1 1 1
 0.5 1 1 1 1
 0.5 1 1 1 1
 0.5 1 1 1 1
 0.5 1 1 1 1
 0.5 1 1 1 1
 0.5 1 1 1 1
 0.5 1 1 1 1
 0.5 1 1 1 1
pf_obs 
 0.8446 0.082 0.0669 0.0065 0
 0.8095 0.147 0.0364 0.0071 0
 0.9664 0.0169 0.016 0.0007 0
 0.9276 0.0648 0.0075 0.0001 0
 0.7033 0.2144 0.0806 0.0017 0
 0.9318 0.0425 0.0243 0.0014 0
 0.5671 0.3108 0.0964 0.0239 0.0018
 0.0768 0.2599 0.5324 0.112 0.0189
 0.490249 0.384438 0.106611 0.0170017 0.00170017
 0.7925 0.1577 0.0466 0.003 0.0002
 0.840416 0.127587 0.0312969 0.00059994 9.999e-05
 0.8084 0.0986 0.0794 0.0134 0.0002
 0.7335 0.1905 0.0724 0.0035 0.0001
 0.4001 0.4547 0.1325 0.0127 0
 0.49795 0.308269 0.164784 0.0264974 0.00249975
 0.9179 0.0499 0.0305 0.0017 0
 0.2467 0.6533 0.0926 0.0074 0
 0.9418 0.0223 0.034 0.0019 0
 0.707729 0.231977 0.0356964 0.0245975 0
 0.517169 0.277429 0.184464 0.0207286 0.00020938
 0.811772 0.124168 0.05621 0.00726502 0.000585176
 0.764997 0.148141 0.077277 0.00933861 0.000247198
 0.163321 0.427699 0.378323 0.0303852 0.000271297
 0.753843 0.0900009 0.118128 0.0371064 0.000921714
 0.721811 0.176058 0.0630433 0.0369309 0.00215725
 0.143369 0.312575 0.442814 0.0836902 0.0175525
 0.692698 0.0596174 0.167031 0.0765114 0.00414204
 0.394062 0.376323 0.152708 0.0712218 0.00568511
 0.125707 0.32114 0.495352 0.0537591 0.00404204
 0.23352 0.215282 0.420074 0.123614 0.00750983
 0.796117 0.104755 0.0508955 0.0450114 0.00322123
 0.162477 0.292055 0.404252 0.121198 0.0200186
pf_pred 
 0.627714 0.149433 0.20535 0.0175018 8.14446e-07
 0.572559 0.296142 0.0527024 0.0724234 0.00617285
 0.697531 0.197313 0.0728547 0.0129654 0.0193357
 0.821226 0.136487 0.0275855 0.0101855 0.00451588
 0.736166 0.229051 0.0265549 0.00536702 0.00286029
 0.818115 0.143034 0.0337296 0.00391043 0.00121154
 0.49673 0.431815 0.0561917 0.0132509 0.0020122
 0.515371 0.287518 0.169125 0.0220081 0.00597795
 0.602628 0.231108 0.0986402 0.0580226 0.00960131
 0.828232 0.118018 0.0312604 0.0133424 0.00914702
 0.936868 0.056079 0.00484572 0.00128353 0.000923399
 0.86856 0.125046 0.00568046 0.000490842 0.000223548
 0.57136 0.386651 0.0399461 0.00181464 0.000228214
 0.60729 0.256438 0.122923 0.0126996 0.000649457
 0.987703 0.0096688 0.00171622 0.000822666 8.93386e-05
 0.950842 0.048743 0.000326145 5.78908e-05 3.07634e-05
 0.350077 0.626953 0.0227761 0.000152398 4.14255e-05
 0.883544 0.0498694 0.0642331 0.00233348 1.98577e-05
 0.929742 0.0647275 0.00236809 0.00305016 0.00011175
 0.806467 0.184176 0.00861997 0.000315366 0.000421082
 0.749226 0.213852 0.035137 0.00164451 0.000140499
 0.658406 0.274006 0.0576364 0.00946993 0.000481087
 0.436679 0.414422 0.119438 0.0251234 0.00433759
 0.85115 0.0786765 0.051625 0.0148785 0.00366999
 0.876052 0.110723 0.00699025 0.00458678 0.001648
 0.492471 0.461961 0.0407064 0.00256991 0.00229217
 0.925919 0.0428631 0.0284149 0.00250382 0.000299063
 0.558742 0.416597 0.0142691 0.00945928 0.000933076
 0.557094 0.280826 0.153021 0.00524121 0.00381724
 0.856748 0.0913288 0.0329221 0.0179391 0.00106195
 0.412254 0.523356 0.0410511 0.0147981 0.00854075
 0.955854 0.0229183 0.0189021 0.00148265 0.000842931
pobs_RECLAS
 0 0 0 0 0
 0 0 0 0 0
 0 0 0 0 0
 0 0 0 0 0
 0 0 0 0 0
 0 0 0 0 0
 0 0 0 0 0
 0 0 0 0 0
 0 0 0 0 0
 0 0 0 0 0
 0.991045 0.00858322 0.000360255 1.14367e-05 0
 0.934742 0.0480273 0.0164251 0.00080598 0
 0.827803 0.169806 0.00239088 0 0
 0.941827 0.0461693 0.0120037 0 0
 0.791401 0.0380133 0.147996 0.0225897 0
 0.846168 0.0940531 0.0597789 0 0
 0.134021 0.677848 0.182769 0.00536245 0
 0.80878 0.0450904 0.141981 0.00414843 0
 0.846168 0.0940531 0.0597789 0 0
 0.905697 0.0802665 0.012482 0.00150086 5.37128e-05
 0.989698 0.0102097 9.19794e-05 0 0
 0.975433 0.0193895 0.00387452 0.00125025 5.28907e-05
 0.303575 0.632131 0.0575291 0.00676475 0
 0.966965 0.00978017 0.0227588 0.000495775 0
 0.843318 0.132988 0.00938335 0.0141283 0.000182051
 0.564624 0.303363 0.111486 0.0197234 0.00080311
 0.826376 0.0876187 0.0782897 0.00655872 0.00115652
 0.89761 0.0855135 0.0140674 0.00269457 0.000114338
 0.34875 0.467042 0.161289 0.0227151 0.000203297
 0.318654 0.224769 0.449479 0.00709798 0
 0.937255 0.0296025 0.0250945 0.00804832 0
 0.456809 0.399803 0.12412 0.0192676 0
ppred_RECLAS
 0.519807 0.192746 0.264871 0.0225747 1.05051e-06
 0.465085 0.370603 0.0659537 0.0906333 0.00772494
 0.599446 0.261298 0.0964802 0.0171699 0.0256059
 0.750029 0.190843 0.0385713 0.0142419 0.00631432
 0.64111 0.311576 0.0361224 0.00730069 0.00389082
 0.74296 0.202135 0.0476667 0.00552621 0.00171214
 0.394115 0.519861 0.067649 0.0159527 0.00242248
 0.404629 0.353218 0.207772 0.0270371 0.00734397
 0.498338 0.291762 0.124528 0.0732506 0.0121212
 0.767324 0.159867 0.0423453 0.0180736 0.0123905
 0.904746 0.0846125 0.00731127 0.0019366 0.00139323
 0.810728 0.180064 0.00817979 0.000706806 0.000321907
 0.464379 0.483152 0.0499159 0.00226754 0.000285172
 0.552207 0.292407 0.140165 0.0144808 0.000740553
 0.981404 0.0146219 0.00259539 0.00124409 0.000135104
 0.926359 0.0730194 0.000488581 8.67233e-05 4.60851e-05
 0.258687 0.715113 0.0259789 0.000173828 4.72507e-05
 0.835234 0.0705569 0.0908791 0.00330149 2.80954e-05
 0.897318 0.0946002 0.003461 0.00445785 0.000163325
 0.729685 0.257247 0.0120399 0.000440485 0.000588143
 0.658021 0.291629 0.047916 0.00224261 0.000191597
 0.55783 0.354683 0.0746065 0.0122582 0.000622734
 0.336702 0.487973 0.140636 0.0295823 0.00510742
 0.789824 0.111091 0.0728943 0.0210084 0.00518201
 0.821978 0.159027 0.0100398 0.00658782 0.00236695
 0.387075 0.557893 0.0491596 0.00310358 0.00276816
 0.88941 0.0639874 0.0424186 0.00373778 0.00044645
 0.449673 0.51957 0.0177961 0.0117974 0.00116371
 0.449359 0.349136 0.190243 0.00651611 0.00474577
 0.793948 0.131366 0.0473547 0.0258034 0.00152749
 0.318938 0.606449 0.0475688 0.0171475 0.00989676
 0.932671 0.0349537 0.0288285 0.00226126 0.00128559
pobs_PELACES
 0 0 0 0 0
 0 0 0 0 0
 0 0 0 0 0
 0 0 0 0 0
 0 0 0 0 0
 0 0 0 0 0
 0 0 0 0 0
 0 0 0 0 0
 0 0 0 0 0
 0 0 0 0 0
 0 0 0 0 0
 0 0 0 0 0
 0 0 0 0 0
 0 0 0 0 0
 0 0 0 0 0
 0 0 0 0 0
 0.505614 0.472636 0.0217494 0 0
 0 0 0 0 0
 0.443492 0.261883 0.143347 0.151278 0
 0.227955 0.32914 0.350689 0.0885471 0.00366901
 0.970185 0.0296113 0.000203453 0 0
 0.997202 0.00247181 0.000326279 0 0
 0.445219 0.490057 0.0546422 0.010081 0
 0.90214 0.0892962 0.00764917 0.000914606 0
 0 0 0 0 0
 0.581667 0.319106 0.0959925 0.00289975 0.000334073
 0.762889 0.0836404 0.116647 0.0363945 0.000428098
 0.88444 0.0763242 0.0277011 0.0115352 0
 0.521256 0.241999 0.230069 0.00667565 0
 0.616807 0.101726 0.260614 0.0208532 0
 0.833518 0.0704572 0.0857862 0.0102388 0
 0.697417 0.212968 0.0787535 0.0105354 0.000325836
ppred_PELACES
 0.526549 0.19004 0.261152 0.0222577 1.03576e-06
 0.477598 0.361934 0.0644109 0.0885132 0.00754424
 0.611342 0.253538 0.0936149 0.01666 0.0248454
 0.76135 0.1822 0.0368244 0.0135968 0.00602834
 0.645653 0.307632 0.0356652 0.00720828 0.00384158
 0.748513 0.197768 0.0466369 0.00540682 0.00167515
 0.412284 0.504271 0.0656204 0.0154743 0.00234983
 0.408191 0.351105 0.206528 0.0268754 0.00730003
 0.514833 0.282169 0.120434 0.070842 0.0117226
 0.788623 0.145232 0.0384689 0.0164191 0.0112563
 0.906379 0.0831623 0.00718596 0.00190341 0.00136935
 0.817934 0.173208 0.00786835 0.000679895 0.00030965
 0.477832 0.471017 0.0486622 0.00221058 0.000278009
 0.616211 0.250612 0.120131 0.0124111 0.000634704
 0.982654 0.013639 0.00242093 0.00116047 0.000126023
 0.929944 0.0694645 0.000464794 8.25013e-05 4.38415e-05
 0.267718 0.706401 0.0256624 0.00017171 4.6675e-05
 0.847872 0.0651452 0.0839087 0.00304826 2.59405e-05
 0.904327 0.0881428 0.00322475 0.00415356 0.000152176
 0.73874 0.24863 0.0116366 0.00042573 0.000568442
 0.665716 0.285067 0.0468379 0.00219215 0.000187286
 0.573737 0.341923 0.0719225 0.0118172 0.000600332
 0.351484 0.477098 0.137501 0.028923 0.00499359
 0.801403 0.104971 0.0688786 0.0198511 0.00489653
 0.830812 0.151136 0.00954164 0.00626092 0.0022495
 0.400229 0.545921 0.0481047 0.00303698 0.00270876
 0.892551 0.0621697 0.0412137 0.00363161 0.000433768
 0.459244 0.510534 0.0174866 0.0115922 0.00114347
 0.461605 0.341371 0.186012 0.0063712 0.00464023
 0.79964 0.127737 0.0460466 0.0250907 0.0014853
 0.339652 0.588004 0.046122 0.016626 0.00959576
 0.933785 0.0343752 0.0283514 0.00222383 0.00126432
pobs_pel_tallas
 0 0 0 0 0 0 0 0 0 0 0 0 0 0 0 0 0 0 0 0 0 0 0 0 0 0
 0 0 0 0 0 0 0 0 0 0 0 0 0 0 0 0 0 0 0 0 0 0 0 0 0 0
 0 0 0 0 0 0 0 0 0 0 0 0 0 0 0 0 0 0 0 0 0 0 0 0 0 0
 0 0 0 0 0 0 0 0 0 0 0 0 0 0 0 0 0 0 0 0 0 0 0 0 0 0
 0 0 0 0 0 0 0 0 0 0 0 0 0 0 0 0 0 0 0 0 0 0 0 0 0 0
 0 0 0 0 0 0 0 0 0 0 0 0 0 0 0 0 0 0 0 0 0 0 0 0 0 0
 0 0 0 0 0 0 0 0 0 0 0 0 0 0 0 0 0 0 0 0 0 0 0 0 0 0
 0 0 0 0 0 0 0 0 0 0 0 0 0 0 0 0 0 0 0 0 0 0 0 0 0 0
 0 0 0 0 0 0 0 0 0 0 0 0 0 0 0 0 0 0 0 0 0 0 0 0 0 0
 0 0 0 0 0 0 0 0 0 0 0 0 0 0 0 0 0 0 0 0 0 0 0 0 0 0
 0 0 0 0 0 0 0 0 0 0 0 0 0 0 0 0 0 0 0 0 0 0 0 0 0 0
 0 0 0 0 0 0 0 0 0 0 0 0 0 0 0 0 0 0 0 0 0 0 0 0 0 0
 0.00862536 0 0 0.000197151 0.00414017 0.0128641 0.00837892 0.0270097 0.101434 0.158115 0.152841 0.127902 0.109271 0.109419 0.0830992 0.0579132 0.0238553 0.00714673 0.00463305 0.00128148 0.00103504 0.000492878 0.000147863 0.000147863 4.92878e-05 0
 0 0 0 0 0 0 0 0 0 0 0 0 0 0 0 0 0 0 0 0 0 0 0 0 0 0
 0 0 0 0 0 0 0 0.0054083 0.00873648 0.0413646 0.0450493 0.0745869 0.0622846 0.0627006 0.0613931 0.0827291 0.12552 0.122667 0.0946155 0.0697135 0.0546179 0.0294188 0.0215738 0.0213955 0.0102223 0.00600262
 0 0 0 0 0.00359764 0.0251062 0.0480494 0.140153 0.205849 0.193036 0.1447 0.116669 0.0760912 0.0342217 0.00950174 0.001854 0.000860785 0 0 0 0.000165536 0 0.000143464 0 0 0
 0 0 0 0 0 0 0 0.000145254 0.000435761 0.0275982 0.070085 0.0708112 0.156366 0.174668 0.174014 0.160142 0.0824315 0.0480064 0.0283245 0.00493863 0.00203355 0 0 0 0 0
 0 0 0 0 0 0 0 0 0 0 0 0 0 0 0 0 0 0 0 0 0 0 0 0 0 0
 0 0 1.00437e-05 0.000401748 0.00122533 0.00171747 0.00176769 0.0269171 0.070346 0.194647 0.189555 0.159765 0.064822 0.0314167 0.0384472 0.0292271 0.0345202 0.0313363 0.0194345 0.0106764 0.0143323 0.0359363 0.0279516 0.0138201 0.00172751 0
 0 0.0021121 0.0136068 0.0755702 0.200478 0.177729 0.0527432 0.0373336 0.0318909 0.0142505 0.0149659 0.0166563 0.0217959 0.0798694 0.0677717 0.0528807 0.04013 0.0224614 0.0357745 0.0225083 0.00881397 0.00855152 0.00135912 0.000746735 0 0
 0 0 0 0 5.4009e-05 0.00500934 0.000945158 0.0243581 0.138947 0.33067 0.221406 0.137944 0.0707744 0.0437923 0.0131692 0.00525238 0.0047753 0.00276346 9.45158e-05 9.00151e-06 2.25038e-05 9.00151e-06 4.50075e-06 0 0 0
 0.000866109 0.00284123 0.00948549 0.0512746 0.133035 0.25785 0.225252 0.132002 0.0553304 0.0519788 0.0540692 0.017754 0.00435017 0.00159236 0.00146478 0.000404838 0.000125132 0.000115318 0.000107957 0.000100596 0 0 0 0 0 0
 0 0 0 0 0.00144013 0.00171154 0.00461396 0.0210425 0.0478622 0.0707936 0.0888783 0.103762 0.0637923 0.0337046 0.0602308 0.124433 0.169614 0.0934646 0.0462172 0.0250306 0.0313229 0.00938855 0.002487 0.000210481 0 0
 0 0.00764035 0.051015 0.0998891 0.058973 0.0496711 0.0374665 0.0718981 0.12319 0.153886 0.159021 0.0857701 0.0377988 0.023471 0.0147837 0.00900784 0.00315554 0.000888139 0.00291439 0.00214683 0.00393193 0.00274676 0.000635225 9.99891e-05 0 0
 0 0 0 0 0 0 0 0 0 0 0 0 0 0 0 0 0 0 0 0 0 0 0 0 0 0
 0 0 0 0 0 0 0 0 0 0 0 0 0 0 0 0 0 0 0 0 0 0 0 0 0 0
 0 0 0 0 0 0 0 0 0 0 0 0 0 0 0 0 0 0 0 0 0 0 0 0 0 0
 0 0 0 0 0 0 0 0 0 0 0 0 0 0 0 0 0 0 0 0 0 0 0 0 0 0
 0 0 0 0 0 0 0 0 0 0 0 0 0 0 0 0 0 0 0 0 0 0 0 0 0 0
 0 0 0 0 0 0 0 0 0 0 0 0 0 0 0 0 0 0 0 0 0 0 0 0 0 0
 0 0 0 0 0 0 0 0 0 0 0 0 0 0 0 0 0 0 0 0 0 0 0 0 0 0
 0 0 0 0 0 0 0 0 0 0 0 0 0 0 0 0 0 0 0 0 0 0 0 0 0 0
ppred_pel_tallas
 1.09818e-16 4.33712e-05 0.000421583 0.00280157 0.0127355 0.0396251 0.0844261 0.123226 0.123245 0.0845176 0.0399333 0.0136303 0.00506519 0.00542126 0.00970885 0.0164249 0.0246855 0.0331805 0.0405224 0.0459445 0.0495268 0.0516975 0.0525092 0.0514213 0.0477798 0.0415064
 1.12105e-16 3.93392e-05 0.000382391 0.00254112 0.0115516 0.0359415 0.0765784 0.111776 0.111811 0.0767491 0.0365149 0.0132084 0.00670269 0.00947674 0.0173408 0.0286879 0.0415277 0.0526867 0.0589879 0.0590541 0.0541501 0.0472862 0.0413021 0.0374213 0.0351419 0.0331406
 1.08642e-16 5.03555e-05 0.000489473 0.00325272 0.0147864 0.0460062 0.0980219 0.143071 0.143095 0.0981418 0.0464091 0.0159515 0.00618205 0.00690009 0.0122721 0.020332 0.0295756 0.0378099 0.0428275 0.0436159 0.0409214 0.0366416 0.0325607 0.0294422 0.0270221 0.024621
 1.03494e-16 6.27115e-05 0.000609578 0.00405086 0.0184146 0.0572948 0.122073 0.178173 0.178191 0.122159 0.0575834 0.0192483 0.00614463 0.0051838 0.00876048 0.0144115 0.020821 0.0263265 0.0292787 0.028924 0.0258435 0.0215326 0.0174708 0.014412 0.012311 0.0107182
 1.02481e-16 5.31816e-05 0.000516945 0.00343528 0.0156163 0.0485883 0.103524 0.151102 0.151131 0.103668 0.0490745 0.0170204 0.00695921 0.00820759 0.0146529 0.0241236 0.0347072 0.0435636 0.047832 0.046191 0.0396422 0.0308311 0.0224712 0.0160969 0.0118612 0.00913021
 1.02223e-16 6.16541e-05 0.0005993 0.00398256 0.0181041 0.0563288 0.120015 0.17517 0.175189 0.120108 0.0566421 0.0190095 0.00625647 0.00556769 0.00951044 0.0156585 0.0226276 0.0286129 0.0318089 0.0313671 0.0278754 0.0229135 0.0180676 0.0141837 0.0112969 0.00904326
 1.03973e-16 3.39594e-05 0.000330097 0.00219362 0.00997189 0.0310265 0.066107 0.0964953 0.0965439 0.0663445 0.0318237 0.0122744 0.00797272 0.0129443 0.0239858 0.0395867 0.056992 0.0716021 0.0787419 0.0762443 0.065731 0.0514953 0.0379285 0.0274962 0.0204282 0.0157061
 1.09981e-16 3.36223e-05 0.00032682 0.00217184 0.00987288 0.0307184 0.06545 0.0955333 0.0955674 0.0656167 0.0312788 0.0114947 0.00625471 0.00927935 0.017152 0.0286049 0.0419071 0.054166 0.0624015 0.0651633 0.0632431 0.0588325 0.053886 0.0490739 0.043975 0.0379961
 1.12636e-16 4.24062e-05 0.000412203 0.00273924 0.0124522 0.0387435 0.0825481 0.120487 0.120515 0.0826818 0.0391928 0.0137519 0.00600915 0.00757548 0.0137212 0.0228147 0.0333329 0.0429277 0.0492378 0.0512119 0.0496885 0.046672 0.043908 0.0419119 0.0400557 0.0373671
 1.04699e-16 6.49579e-05 0.000631414 0.00419597 0.0190743 0.0593472 0.126446 0.184555 0.184569 0.126515 0.0595776 0.0197401 0.00586903 0.00428953 0.00702973 0.0115651 0.0167648 0.0213224 0.0239569 0.0240948 0.0222031 0.01944 0.0169101 0.0151106 0.0138977 0.0128308
 1.00652e-16 7.46573e-05 0.000725695 0.0048225 0.0219224 0.0682087 0.145326 0.21211 0.212118 0.145365 0.0683401 0.0223017 0.00577426 0.00280225 0.00401502 0.00651064 0.00935094 0.0117158 0.0128252 0.0123221 0.0104839 0.00803862 0.0057361 0.00400476 0.00289062 0.00221537
 1.00393e-16 6.73722e-05 0.000654882 0.00435192 0.0197832 0.061553 0.131146 0.191415 0.191431 0.131227 0.0618263 0.0205723 0.00633125 0.00497126 0.00825159 0.0134998 0.0193576 0.0241676 0.0262896 0.024967 0.0207824 0.0152832 0.0100864 0.00615164 0.00363471 0.00219838
 1.01794e-16 3.93585e-05 0.000382579 0.00254237 0.0115573 0.0359592 0.0766166 0.111834 0.111879 0.0768383 0.0367034 0.0137061 0.00793463 0.0121482 0.0223675 0.0368705 0.053001 0.0664159 0.0727032 0.0698076 0.0592487 0.0450957 0.0315652 0.0211074 0.0140749 0.00960134
 1.04883e-16 5.07566e-05 0.000493372 0.00327863 0.0149042 0.0463726 0.0988027 0.14421 0.144235 0.0989214 0.0467717 0.0160585 0.00618231 0.00685297 0.0121897 0.0202299 0.029504 0.0378628 0.0431172 0.0442053 0.0417336 0.037395 0.0327821 0.0285844 0.0246535 0.0206083
 1.00212e-16 8.09399e-05 0.000786764 0.00522833 0.0237672 0.0739486 0.157555 0.229957 0.229958 0.157562 0.0739702 0.0238296 0.00538494 0.00112882 0.000731096 0.00108195 0.00155407 0.00196133 0.00217487 0.0021376 0.00189322 0.00155476 0.00123484 0.000992076 0.000824995 0.000701166
 1.00047e-16 7.65983e-05 0.000744563 0.00494788 0.0224924 0.0699821 0.149105 0.217624 0.21763 0.149137 0.0700916 0.0228085 0.00574071 0.00247281 0.00335153 0.00540028 0.00772666 0.00962113 0.0104185 0.00981429 0.00804813 0.00575384 0.0035982 0.00198311 0.000980086 0.00045121
 1.00947e-16 2.20517e-05 0.000214351 0.00142444 0.00647533 0.0201475 0.0429289 0.0626703 0.0627382 0.043261 0.021262 0.00969264 0.00949424 0.0178105 0.0333804 0.054992 0.0788445 0.0983637 0.106859 0.101238 0.0838839 0.0611368 0.039641 0.0233661 0.0129917 0.00716095
 1.02749e-16 6.98381e-05 0.000678851 0.0045112 0.0205073 0.0638058 0.135945 0.198417 0.198424 0.135977 0.0639112 0.0208133 0.00528474 0.0023857 0.00336463 0.00558999 0.00836588 0.0111832 0.0135461 0.0151816 0.016123 0.016545 0.0165143 0.0159036 0.0145379 0.0124139
 1.00558e-16 7.44882e-05 0.000724052 0.00481158 0.0218728 0.0680543 0.144997 0.211629 0.211638 0.145039 0.0681934 0.0222743 0.00581891 0.00292087 0.00424027 0.00687559 0.00985899 0.0123185 0.013423 0.0127952 0.0107399 0.00804841 0.00553917 0.0036841 0.00253585 0.00189337
 1.00539e-16 6.0849e-05 0.000591474 0.00393056 0.0178678 0.0555933 0.118448 0.172884 0.172908 0.118565 0.0559857 0.0190005 0.00677185 0.00678758 0.0118093 0.0193768 0.0277888 0.034695 0.0377427 0.0358453 0.0298376 0.0219392 0.0144704 0.00880939 0.00518223 0.00310838
 1.01677e-16 5.48342e-05 0.000533008 0.00354202 0.0161015 0.050098 0.10674 0.155796 0.155824 0.106874 0.050549 0.0174041 0.00681178 0.00767177 0.013615 0.0224268 0.0323116 0.0406486 0.0447928 0.0435034 0.0376606 0.0296398 0.021876 0.0157458 0.0114101 0.00836905
 1.0345e-16 4.7258e-05 0.000459365 0.00305264 0.0138769 0.0431763 0.0919929 0.134273 0.134306 0.0921541 0.0437177 0.0154412 0.00698103 0.0090407 0.0163611 0.0270158 0.0390102 0.0492565 0.0546243 0.0536466 0.0473584 0.0385309 0.0299573 0.0231449 0.0181737 0.0144008
 1.07836e-16 2.89514e-05 0.000281418 0.00187012 0.00850134 0.0264511 0.0563585 0.0822666 0.0823127 0.0565838 0.0272079 0.0106887 0.00736616 0.0122974 0.0229026 0.0379556 0.0549974 0.069837 0.0781934 0.0780582 0.0708188 0.0601637 0.0497134 0.0412724 0.0347341 0.0291386
 1.04835e-16 6.60105e-05 0.000641646 0.00426396 0.0193834 0.0603089 0.128495 0.187544 0.187554 0.128545 0.0604767 0.0198694 0.00548842 0.00332931 0.00521359 0.00862816 0.0126895 0.0165195 0.0192608 0.0205113 0.020517 0.019903 0.0191765 0.0184226 0.0173899 0.0158025
 1.01323e-16 6.84329e-05 0.000665192 0.00442044 0.0200947 0.0625221 0.13321 0.194428 0.194442 0.133281 0.0627607 0.0207837 0.00614913 0.00443621 0.00722231 0.011811 0.01696 0.0212298 0.0232064 0.0222463 0.0188659 0.0144057 0.0102445 0.00716687 0.00524602 0.00413315
 1.02291e-16 3.29664e-05 0.000320445 0.00212947 0.00968031 0.0301193 0.0641743 0.0936754 0.0937279 0.0644312 0.0309815 0.01217 0.00837646 0.0139492 0.0258915 0.0426854 0.0613296 0.0767883 0.0839416 0.0804131 0.0679902 0.0514355 0.0356895 0.0236307 0.0156706 0.0107655
 1.01643e-16 7.35183e-05 0.000714624 0.00474893 0.0215879 0.0671681 0.143109 0.208873 0.208879 0.143139 0.0672675 0.0218756 0.00547338 0.00230411 0.00311564 0.00509526 0.00747398 0.00969158 0.0112196 0.011797 0.011549 0.0108388 0.00998458 0.00908688 0.00807286 0.00686165
 1.01992e-16 3.78274e-05 0.000367696 0.00244347 0.0111077 0.0345604 0.0736364 0.107485 0.107534 0.0738764 0.0353659 0.0134331 0.00827647 0.0130872 0.0241536 0.039764 0.0570279 0.0711911 0.0774385 0.0735612 0.0613062 0.0452638 0.0302134 0.0189637 0.0119149 0.00799013
 1.0688e-16 3.80219e-05 0.000369586 0.00245603 0.0111648 0.034738 0.0740141 0.108033 0.108066 0.074176 0.0352822 0.0127394 0.00641848 0.0090528 0.0166258 0.0276765 0.0404461 0.0520623 0.0595647 0.0614948 0.0586185 0.0531352 0.0470935 0.0413482 0.0356932 0.0296933
 1.0413e-16 6.58653e-05 0.000640234 0.00425458 0.0193407 0.0601762 0.128212 0.187132 0.187145 0.128273 0.0603793 0.0199279 0.00573099 0.00387176 0.00622837 0.0102595 0.0149318 0.0191165 0.02171 0.0222121 0.0210014 0.0190204 0.0171332 0.015673 0.014455 0.0131094
 1.04773e-16 2.79768e-05 0.000271945 0.00180717 0.00821517 0.0255608 0.054462 0.0795007 0.0795573 0.0547386 0.0264894 0.0108966 0.00853529 0.0149504 0.0278786 0.045976 0.0660677 0.0827505 0.0905379 0.0869132 0.0738537 0.0565308 0.0402692 0.0281081 0.0203619 0.0157391
 1.01265e-16 7.69147e-05 0.000747638 0.00496832 0.0225852 0.0702711 0.14972 0.218522 0.218525 0.149737 0.0703262 0.0227449 0.00537094 0.00163242 0.00177439 0.00285625 0.00421065 0.00551027 0.00647099 0.00695158 0.00701112 0.00682426 0.00652973 0.00614617 0.00561045 0.00487705
pSPR Fmed_Fpbrs
0.545302   0.215028 0.215028
Fs Fmed_Fpbrs
0.34   1.005 1.005
SSBpbr Bo_Bmed_Bpbrs
598026  296204  98691.3 98691.3
Ro
96257.3
SPR SPRFo_SPRFmed_SPRFpbrs
692870 377824 148987
Fref
1.005
Nvult_r0
 160005 3200.25 2639.44 207.033 117.705
CTP_r0
 70601.3 1604.12 1323.01 103.775 58.9991
YTP_r0
690090
Np
 94700.3 15816.1 7800.52 142.263 133.133
Nvult_p0
 78884.2 13686.3 6750.1 123.106 115.205
CTP_p0
 34807.2 25125.9 458.237 377.936 38.113
 34807.2 6860.21 3383.46 61.7063 57.7462
YTP_p0
 725104 467565
CBA_c0
700594
log_Ro
11.2948
likeval ReclasPelacesDesembMPH_pf_preclas_ppelaces_ptallas_desvR_qrecl_qpela
 34.2786 323.904 0.049158 158.211 274.354 163.459 138.659 0 27.7996 0.000115943 0 0.0403492 0 0 0
q_reclas_q_pelaces
4.58496 1
M
1
N
 147332 28457.5 39106.2 3332.98 0.1551
 93359.6 40137.6 7143 9815.89 836.637
 83626.6 19654.8 7257.24 1291.52 1926.07
 126694 17688 3574.93 1319.99 585.234
 94146.6 23574 2733.04 552.374 294.382
 195447 27793.7 6554.21 759.859 235.421
 70217.2 51924 6756.82 1593.37 241.958
 25002.1 11159.7 6564.39 854.218 232.027
 24126.7 7805.5 3331.5 1959.67 324.277
 33939.2 4262.28 1128.99 481.868 330.35
 65826.4 3168.4 273.778 72.518 52.171
 164084 19586.4 889.756 76.8828 35.0154
 62947.1 35537.5 3671.49 166.785 20.9753
 32177.1 12707.4 6091.29 629.31 32.183
 75976.3 630.129 111.848 53.6143 5.82232
 297405 12716.3 85.086 15.1028 8.02569
 40577.9 60187.5 2186.51 14.6302 3.97685
 182432 8895.97 11458.2 416.259 3.54233
 394075 23395.8 855.949 1102.48 40.3922
 320437 60598.5 2836.19 103.763 138.546
 301495 70382.5 11564.2 541.236 46.2405
 215828 75688 15920.7 2615.85 132.889
 48309.4 38659.7 11141.8 2343.65 404.635
 109538 8581.13 5630.66 1622.78 400.28
 171953 18260.6 1152.84 756.458 271.79
 40726.1 31905.2 2811.38 177.49 158.308
 214946 8120.35 5383.16 474.345 56.6569
 90114.5 55197.1 1890.58 1253.31 123.628
 51557.8 21585.2 11761.7 402.856 293.406
 125565 10956.3 3949.53 2152.08 127.398
 28516.5 31252.3 2451.38 883.669 510.012
 192086 3698.26 3050.18 239.251 136.021
pred_Ctot
 24761.3 5894.66 8100.42 690.39 0.0321273
 26401.6 13655.6 2430.19 3339.56 284.64
 23492.6 6645.43 2453.72 436.672 651.219
 41798.3 6946.87 1404.03 518.416 229.847
 11967.1 3723.45 431.677 87.2461 46.4969
 35245.3 6162.05 1453.11 168.465 52.1943
 26948.6 23426.8 3048.51 718.888 109.166
 2424.58 1352.64 795.654 103.538 28.1235
 8405.35 3223.45 1375.82 809.289 133.917
 17794.7 2535.63 671.634 286.663 196.525
 8093.98 484.489 41.8641 11.0889 7.97761
 44517.8 6409.18 291.151 25.158 11.4579
 18842 12750.8 1317.32 59.8421 7.5259
 23526.1 9934.26 4761.97 491.973 25.1596
 27870.5 272.829 48.4274 23.2136 2.52091
 88736.6 4548.9 30.4372 5.40262 2.87097
 10805.9 19352.3 703.036 4.70409 1.27869
 81601.5 4605.79 5932.38 215.513 1.834
 155363 10816.2 395.716 509.692 18.6739
 85082.7 19430.7 909.411 33.2712 44.4243
 62431.1 17819.8 2927.87 137.033 11.7074
 74144.9 30856.6 6490.59 1066.44 54.1765
 16738.2 15885 4578.12 962.994 166.262
 40327.7 3727.72 2446.01 704.948 173.885
 56906.4 7192.32 454.071 297.947 107.05
 12385.1 11617.8 1023.72 64.6303 57.6453
 42241.2 1955.45 1296.31 114.226 13.6435
 20575.6 15341.1 525.457 348.337 34.3604
 14386.4 7252.05 3951.62 135.349 98.5764
 26497.8 2824.64 1018.22 554.827 32.8443
 12668 16082 1261.45 454.725 262.446
 22243.4 533.324 439.865 34.5023 19.6156
F
 0.300379 0.382278 0.382278 0.382278 0.382278
 0.558136 0.710313 0.710313 0.710313 0.710313
 0.553472 0.704378 0.704378 0.704378 0.704378
 0.681628 0.867476 0.867476 0.867476 0.867476
 0.220042 0.280036 0.280036 0.280036 0.280036
 0.325508 0.414259 0.414259 0.414259 0.414259
 0.839287 1.06812 1.06812 1.06812 1.06812
 0.164133 0.208884 0.208884 0.208884 0.208884
 0.733513 0.933507 0.933507 0.933507 0.933507
 1.37134 1.74524 1.74524 1.74524 1.74524
 0.212184 0.270037 0.270037 0.270037 0.270037
 0.529792 0.674241 0.674241 0.674241 0.674241
 0.600107 0.763728 0.763728 0.763728 0.763728
 2.93309 3.7328 3.7328 3.7328 3.7328
 0.787538 1.00226 1.00226 1.00226 1.00226
 0.59763 0.760575 0.760575 0.760575 0.760575
 0.517625 0.658756 0.658756 0.658756 0.658756
 1.05382 1.34114 1.34114 1.34114 1.34114
 0.872271 1.1101 1.1101 1.1101 1.1101
 0.515741 0.656359 0.656359 0.656359 0.656359
 0.382133 0.486322 0.486322 0.486322 0.486322
 0.719687 0.915912 0.915912 0.915912 0.915912
 0.728061 0.926569 0.926569 0.926569 0.926569
 0.791525 1.00734 1.00734 1.00734 1.00734
 0.684452 0.87107 0.87107 0.87107 0.87107
 0.612496 0.779495 0.779495 0.779495 0.779495
 0.359476 0.457488 0.457488 0.457488 0.457488
 0.429073 0.54606 0.54606 0.54606 0.54606
 0.548785 0.698413 0.698413 0.698413 0.698413
 0.390734 0.497269 0.497269 0.497269 0.497269
 1.04262 1.32689 1.32689 1.32689 1.32689
 0.198752 0.252943 0.252943 0.252943 0.252943
YTP_r0W_actual
 607171 39782.1 36912.1 3870.8 2354.06
YTP_p0W_proyectada
 262446 438447 11029.8 11836.9 1343.48
 262446 119711 81440 1932.64 2035.55
CTP_r0_actual
 70601.3 1604.12 1323.01 103.775 58.9991
CTP_p0_proyectada
 34807.2 25125.9 458.237 377.936 38.113
 34807.2 6860.21 3383.46 61.7063 57.7462
Wmedp
 7.54 17.45 24.07 31.32 35.25
Frms_r0
 0.789689 1.005 1.005 1.005 1.005
Zrms_r0
 1.78969 2.005 2.005 2.005 2.005
nmprior
 7.29 8.9 8.7 0
nm_flota  nm_reclas  nm_pelaces    nm_pelaL
inf 6.2109 3.94433 6.82909
cv_recla  cv_pelaces  cv_mph
0.517945 1.97151 0.513502
 ------------------------------------------------
Talla a la edad & desviaci?n 
 8 13.2811 15.8009 17.003 17.5766
 0.8 1.32811 1.58009 1.7003 1.75766
