years
 1991 1992 1993 1994 1995 1996 1997 1998 1999 2000 2001 2002 2003 2004 2005 2006 2007 2008 2009 2010 2011 2012 2013 2014 2015 2016 2017 2018 2019
reclasobs
 0 0 0 0 0 0 0 0 0 252601 567819 844713 477998 351125 339783 2.1784e+06 2.13404e+06 4.81314e+06 1.55562e+06 2.62356e+06 3.21686e+06 3.843e+06 1.13348e+06 3.07943e+06 1.97215e+06 2.03268e+06 2.025e+06 2.42433e+06 2.27542e+06
reclaspred
 2.13623e+06 1.40394e+06 1.00343e+06 1.09504e+06 1.18539e+06 1.40791e+06 1.10464e+06 1.65218e+06 1.80029e+06 1.93858e+06 1.43712e+06 1.43138e+06 1.27731e+06 1.16629e+06 1.21764e+06 1.17735e+06 1.217e+06 1.36669e+06 624025 397017 595864 265775 501564 936954 863349 1.17002e+06 1.31807e+06 1.12061e+06 1.3371e+06
pelacesobs
 0 0 0 0 0 0 0 0 0 0 0 0 0 0 0 552880 188675 0 991730 2.46772e+06 1.41603e+06 1.21717e+06 2.29649e+06 1.80582e+06 0 1.4828e+06 1.56532e+06 1.57751e+06 1.42118e+06
pelacespred
 994805 681529 469736 445703 537925 625197 481359 850648 969518 974966 813767 665797 626416 620118 657376 527949 525210 548602 252405 132740 209715 73790.3 209057 436874 389486 543282 686724 577582 584492
mphobs
 0 0 0 0 0 0 0 0 0 0 0 0 498337 0 5186 125008 0 168611 109162 213762 579715 649985 157893 87575 83554 210694 70296 0 107559
mphpred
 2.02857e+06 1.39229e+06 932797 776692 897756 1.02756e+06 1.02532e+06 888986 1.39553e+06 1.63512e+06 1.31932e+06 1.21152e+06 1.0951e+06 910536 870570 1.09405e+06 850737 1.08772e+06 661990 281792 295213 229933 115582 432979 721397 625854 948319 889933 1.01107e+06
desembarqueobs
 494567 514787 250237 358949 120608 361735 552515 73892 212993 205616 52469 317467 293654 387597 252695 516296 358380 742168 942051 627588 828172 859565 418607 520667 417249 300574 415391 372974 316634
desembarquepred
 495014 506407 261334 358699 120535 361448 552031 73852.6 212932 205595 52452.6 318055 294393 390151 253093 516095 358036 737557 919689 609767 808070 839016 419944 523175 418524 301054 415555 373288 316501
Reclutas
 205123 205123 205123 205123 205123 205123 205123 205123 205123 205123 205123 205123 205123 205123 205123 205123 205123 205123 205123 205123 205123 205123 205123 205123 205123 205123 205123 205123 205123
log_desv_Rt
 0 0 0 0 0 0 0 0 0 0 0 0 0 0 0 0 0 0 0 0 0 0 0 0 0 0 0 0 0
SSB
 2.02857e+06 1.39229e+06 932797 776692 897756 1.02756e+06 1.02532e+06 888986 1.39553e+06 1.63512e+06 1.31932e+06 1.21152e+06 1.05583e+06 898654 849981 1.06371e+06 850737 1.08772e+06 692406 295129 322029 290237 140349 488821 753431 691268 985911 889933 1.04886e+06
BT
 2.95747e+06 2.31904e+06 1.46658e+06 1.59317e+06 1.58279e+06 2.15593e+06 1.8286e+06 2.95804e+06 3.14433e+06 2.87314e+06 2.27485e+06 2.1061e+06 2.08287e+06 2.4011e+06 2.40368e+06 1.94748e+06 1.88451e+06 2.22279e+06 1.75078e+06 981079 1.46107e+06 1.00707e+06 1.23227e+06 2.09993e+06 1.52425e+06 2.07406e+06 2.62841e+06 2.18503e+06 1.89095e+06
Ftot
 0.218336 0.33627 0.244874 0.306628 0.0968543 0.24169 0.460734 0.0427687 0.112589 0.100967 0.0349313 0.209628 0.217393 0.313467 0.196732 0.406272 0.276449 0.495601 1.24608 1.31217 1.17355 2.32733 0.764993 0.51634 0.448246 0.242638 0.295822 0.312424 0.22311
BD_Bspro_t
 0.965669 0.789295 0.657818 0.641007 0.653615 0.730538 0.683899 0.606346 0.774371 0.823955 0.82937 0.864277 0.77686 0.713725 0.687099 0.707224 0.594271 0.637959 0.460348 0.254955 0.230825 0.19681 0.121784 0.342972 0.469495 0.505926 0.637107 0.645945 0.675931
BD_Bspro
 1.39152 0.955053 0.639862 0.532779 0.615825 0.704862 0.70333 0.609809 0.95728 1.12163 0.905003 0.831052 0.724258 0.616441 0.583053 0.729661 0.583572 0.746131 0.474963 0.202447 0.220899 0.199091 0.0962736 0.335312 0.516823 0.474182 0.676295 0.610458 0.719478
BD_Bo
 1.20107 0.824341 0.552288 0.459861 0.531541 0.608392 0.607069 0.526348 0.826262 0.968116 0.781141 0.717311 0.625133 0.532072 0.503254 0.629797 0.503702 0.644013 0.409957 0.174739 0.190666 0.171843 0.0830972 0.28942 0.446089 0.409284 0.583735 0.526908 0.621007
BD_Brms
 5.09607 3.49764 2.34333 1.95117 2.2553 2.58137 2.57576 2.23327 3.50579 4.10767 3.31434 3.04351 2.65241 2.25756 2.13528 2.6722 2.13718 2.73251 1.73943 0.741408 0.808984 0.72912 0.352577 1.22799 1.89273 1.73657 2.47676 2.23565 2.6349
Sel_flota
 0.5 1 1 1 1
 0.5 1 1 1 1
 0.5 1 1 1 1
 0.5 1 1 1 1
 0.5 1 1 1 1
 0.5 1 1 1 1
 0.5 1 1 1 1
 0.5 1 1 1 1
 0.5 1 1 1 1
 0.5 1 1 1 1
 0.5 1 1 1 1
 0.5 1 1 1 1
 0.5 1 1 1 1
 0.5 1 1 1 1
 0.5 1 1 1 1
 0.5 1 1 1 1
 0.5 1 1 1 1
 0.5 1 1 1 1
 0.5 1 1 1 1
 0.5 1 1 1 1
 0.5 1 1 1 1
 0.5 1 1 1 1
 0.5 1 1 1 1
 0.5 1 1 1 1
 0.5 1 1 1 1
 0.5 1 1 1 1
 0.5 1 1 1 1
 0.5 1 1 1 1
 0.5 1 1 1 1
Sel_reclas
 0.5 1 1 1 1
 0.5 1 1 1 1
 0.5 1 1 1 1
 0.5 1 1 1 1
 0.5 1 1 1 1
 0.5 1 1 1 1
 0.5 1 1 1 1
 0.5 1 1 1 1
 0.5 1 1 1 1
 0.5 1 1 1 1
 0.5 1 1 1 1
 0.5 1 1 1 1
 0.5 1 1 1 1
 0.5 1 1 1 1
 0.5 1 1 1 1
 0.5 1 1 1 1
 0.5 1 1 1 1
 0.5 1 1 1 1
 0.5 1 1 1 1
 0.5 1 1 1 1
 0.5 1 1 1 1
 0.5 1 1 1 1
 0.5 1 1 1 1
 0.5 1 1 1 1
 0.5 1 1 1 1
 0.5 1 1 1 1
 0.5 1 1 1 1
 0.5 1 1 1 1
 0.5 1 1 1 1
Sel_pelaces
 0.5 1 1 1 1
 0.5 1 1 1 1
 0.5 1 1 1 1
 0.5 1 1 1 1
 0.5 1 1 1 1
 0.5 1 1 1 1
 0.5 1 1 1 1
 0.5 1 1 1 1
 0.5 1 1 1 1
 0.5 1 1 1 1
 0.5 1 1 1 1
 0.5 1 1 1 1
 0.5 1 1 1 1
 0.5 1 1 1 1
 0.5 1 1 1 1
 0.5 1 1 1 1
 0.5 1 1 1 1
 0.5 1 1 1 1
 0.5 1 1 1 1
 0.5 1 1 1 1
 0.5 1 1 1 1
 0.5 1 1 1 1
 0.5 1 1 1 1
 0.5 1 1 1 1
 0.5 1 1 1 1
 0.5 1 1 1 1
 0.5 1 1 1 1
 0.5 1 1 1 1
 0.5 1 1 1 1
pf_obs 
 0.8446 0.082 0.0669 0.0065 0
 0.8095 0.147 0.0364 0.0071 0
 0.9664 0.0169 0.016 0.0007 0
 0.9276 0.0648 0.0075 0.0001 0
 0.7033 0.2144 0.0806 0.0017 0
 0.9318 0.0425 0.0243 0.0014 0
 0.5671 0.3108 0.0964 0.0239 0.0018
 0.0768 0.2599 0.5324 0.112 0.0189
 0.490249 0.384438 0.106611 0.0170017 0.00170017
 0.7925 0.1577 0.0466 0.003 0.0002
 0.840416 0.127587 0.0312969 0.00059994 9.999e-05
 0.8084 0.0986 0.0794 0.0134 0.0002
 0.7335 0.1905 0.0724 0.0035 0.0001
 0.4001 0.4547 0.1325 0.0127 0
 0.49795 0.308269 0.164784 0.0264974 0.00249975
 0.9179 0.0499 0.0305 0.0017 0
 0.2467 0.6533 0.0926 0.0074 0
 0.9418 0.0223 0.034 0.0019 0
 0.707729 0.231977 0.0356964 0.0245975 0
 0.517169 0.277429 0.184464 0.0207286 0.00020938
 0.811772 0.124168 0.05621 0.00726502 0.000585176
 0.764997 0.148141 0.077277 0.00933861 0.000247198
 0.163321 0.427699 0.378323 0.0303852 0.000271297
 0.753843 0.0900009 0.118128 0.0371064 0.000921714
 0.721811 0.176058 0.0630433 0.0369309 0.00215725
 0.143369 0.312575 0.442814 0.0836902 0.0175525
 0.692698 0.0596174 0.167031 0.0765114 0.00414204
 0.394062 0.376323 0.152708 0.0712218 0.00568511
 0.125707 0.32114 0.495352 0.0537591 0.00404204
pf_pred 
 0.483951 0.0503981 0.407083 0.0536687 0.00489828
 0.519431 0.320457 0.0156368 0.126304 0.0181714
 0.543663 0.321799 0.0897137 0.00437762 0.0404468
 0.540217 0.330747 0.090993 0.0253678 0.0126747
 0.537966 0.33284 0.0929361 0.025568 0.0106895
 0.513813 0.343019 0.103136 0.0287976 0.0112349
 0.538176 0.32066 0.0995949 0.0299452 0.0116234
 0.557043 0.32264 0.08354 0.0259469 0.0108296
 0.505045 0.355403 0.101647 0.026319 0.0115863
 0.498985 0.339892 0.115694 0.0330889 0.0123393
 0.491902 0.341613 0.112945 0.0384447 0.0150956
 0.488482 0.33848 0.11634 0.0384646 0.0182337
 0.513902 0.325812 0.106064 0.0364555 0.0177666
 0.527777 0.327174 0.0972205 0.0316488 0.0161796
 0.540403 0.326605 0.0921413 0.02738 0.0134698
 0.536942 0.330492 0.094206 0.0265772 0.0117827
 0.560333 0.318305 0.086618 0.0246903 0.0100537
 0.558025 0.324698 0.0849051 0.0231046 0.00926765
 0.617429 0.285418 0.0713738 0.0186635 0.00711594
 0.724812 0.228104 0.0351267 0.00878404 0.0031727
 0.741358 0.23021 0.0235675 0.00362925 0.00123536
 0.755066 0.218835 0.0232302 0.00237816 0.000490881
 0.824119 0.164142 0.0104886 0.00111341 0.000137511
 0.67015 0.304293 0.0238511 0.00152408 0.000181768
 0.613516 0.319373 0.0619108 0.00485269 0.000347068
 0.583494 0.326712 0.0742016 0.014384 0.00120809
 0.550019 0.337823 0.0879775 0.0199811 0.00419867
 0.549639 0.327689 0.0920963 0.0239841 0.00659182
 0.54766 0.32945 0.0894162 0.0251302 0.00834324
pobs_RECLAS
 0 0 0 0 0
 0 0 0 0 0
 0 0 0 0 0
 0 0 0 0 0
 0 0 0 0 0
 0 0 0 0 0
 0 0 0 0 0
 0 0 0 0 0
 0 0 0 0 0
 0 0 0 0 0
 0.991045 0.00858322 0.000360255 1.14367e-05 0
 0.934742 0.0480273 0.0164251 0.00080598 0
 0.827803 0.169806 0.00239088 0 0
 0.941827 0.0461693 0.0120037 0 0
 0.791401 0.0380133 0.147996 0.0225897 0
 0.846168 0.0940531 0.0597789 0 0
 0.134021 0.677848 0.182769 0.00536245 0
 0.80878 0.0450904 0.141981 0.00414843 0
 0.846168 0.0940531 0.0597789 0 0
 0.905697 0.0802665 0.012482 0.00150086 5.37128e-05
 0.989698 0.0102097 9.19794e-05 0 0
 0.975433 0.0193895 0.00387452 0.00125025 5.28907e-05
 0.303575 0.632131 0.0575291 0.00676475 0
 0.966965 0.00978017 0.0227588 0.000495775 0
 0.843318 0.132988 0.00938335 0.0141283 0.000182051
 0.564624 0.303363 0.111486 0.0197234 0.00080311
 0.826376 0.0876187 0.0782897 0.00655872 0.00115652
 0.89761 0.0855135 0.0140674 0.00269457 0.000114338
 0.34875 0.467042 0.161289 0.0227151 0.000203297
ppred_RECLAS
 0.486538 0.0501455 0.405043 0.0533997 0.00487373
 0.523698 0.317611 0.015498 0.125183 0.01801
 0.54659 0.319735 0.0891383 0.00434955 0.0401874
 0.544023 0.32801 0.0902399 0.0251578 0.0125698
 0.539022 0.33208 0.0927238 0.0255095 0.0106651
 0.516717 0.34097 0.102519 0.0286256 0.0111678
 0.544403 0.316337 0.098252 0.0295415 0.0114667
 0.557489 0.322315 0.0834559 0.0259208 0.0108187
 0.506292 0.354508 0.10139 0.0262526 0.0115571
 0.500096 0.339139 0.115438 0.0330156 0.0123119
 0.492269 0.341366 0.112863 0.038417 0.0150847
 0.490953 0.336845 0.115778 0.0382788 0.0181457
 0.516476 0.324087 0.105502 0.0362625 0.0176725
 0.531697 0.324458 0.0964135 0.0313861 0.0160453
 0.542689 0.324981 0.091683 0.0272438 0.0134028
 0.542278 0.326684 0.0931204 0.0262709 0.0116469
 0.563676 0.315885 0.0859595 0.0245026 0.00997723
 0.564788 0.319729 0.0836058 0.022751 0.00912582
 0.639504 0.268949 0.0672552 0.0175865 0.00670533
 0.744651 0.21166 0.0325943 0.00815078 0.00294398
 0.757657 0.215703 0.0220823 0.00340054 0.00115751
 0.796213 0.182072 0.0193277 0.00197865 0.000408417
 0.830994 0.157726 0.0100786 0.00106989 0.000132136
 0.676512 0.298424 0.0233911 0.00149468 0.000178263
 0.619247 0.314637 0.0609927 0.00478073 0.000341921
 0.58633 0.324488 0.0736964 0.0142861 0.00119986
 0.553654 0.335095 0.0872669 0.0198197 0.00416476
 0.553515 0.324868 0.0913036 0.0237777 0.00653508
 0.550288 0.327536 0.0888968 0.0249843 0.00829477
pobs_PELACES
 0 0 0 0 0
 0 0 0 0 0
 0 0 0 0 0
 0 0 0 0 0
 0 0 0 0 0
 0 0 0 0 0
 0 0 0 0 0
 0 0 0 0 0
 0 0 0 0 0
 0 0 0 0 0
 0 0 0 0 0
 0 0 0 0 0
 0 0 0 0 0
 0 0 0 0 0
 0 0 0 0 0
 0 0 0 0 0
 0.505614 0.472636 0.0217494 0 0
 0 0 0 0 0
 0.443492 0.261883 0.143347 0.151278 0
 0.227955 0.32914 0.350689 0.0885471 0.00366901
 0.970185 0.0296113 0.000203453 0 0
 0.997202 0.00247181 0.000326279 0 0
 0.445219 0.490057 0.0546422 0.010081 0
 0.90214 0.0892962 0.00764917 0.000914606 0
 0 0 0 0 0
 0.581667 0.319106 0.0959925 0.00289975 0.000334073
 0.762889 0.0836404 0.116647 0.0363945 0.000428098
 0.88444 0.0763242 0.0277011 0.0115352 0
 0.521256 0.241999 0.230069 0.00667565 0
ppred_PELACES
 0.495541 0.0492662 0.397941 0.0524634 0.00478828
 0.537517 0.308397 0.0150484 0.121551 0.0174875
 0.556583 0.312688 0.0871737 0.00425368 0.0393017
 0.556542 0.319004 0.0877622 0.0244671 0.0122247
 0.54299 0.329221 0.0919255 0.0252899 0.0105733
 0.526668 0.333949 0.100409 0.0280362 0.0109379
 0.563186 0.303295 0.0942014 0.0283236 0.0109939
 0.559229 0.321048 0.0831277 0.0258189 0.0107762
 0.510935 0.351174 0.100437 0.0260057 0.0114484
 0.50426 0.336314 0.114476 0.0327405 0.0122094
 0.493709 0.340398 0.112543 0.038308 0.0150419
 0.499599 0.331124 0.113811 0.0376286 0.0178374
 0.525427 0.318087 0.103549 0.0355912 0.0173454
 0.544551 0.315552 0.093767 0.0305246 0.0156048
 0.550733 0.319265 0.0900703 0.0267646 0.0131671
 0.558864 0.314846 0.0897461 0.025319 0.0112249
 0.57486 0.307788 0.0837561 0.0238745 0.00972149
 0.584772 0.305048 0.0797669 0.0217064 0.0087068
 0.685425 0.234689 0.0586881 0.0153463 0.00585119
 0.783604 0.179371 0.0276222 0.0069074 0.00249488
 0.791421 0.18565 0.0190057 0.00292677 0.000996239
 0.851549 0.132633 0.0140795 0.00144137 0.000297517
 0.847988 0.141865 0.00906515 0.000962302 0.000118849
 0.694869 0.281489 0.0220637 0.00140986 0.000168147
 0.636526 0.300359 0.0582249 0.00456379 0.000326405
 0.596006 0.316898 0.0719727 0.013952 0.0011718
 0.565682 0.326064 0.0849152 0.0192856 0.00405252
 0.566217 0.315626 0.0887061 0.0231012 0.00634916
 0.55938 0.320914 0.0870995 0.0244791 0.00812707
pobs_pel_tallas
 0 0 0 0 0 0 0 0 0 0 0 0 0 0 0 0 0 0 0 0 0 0 0 0 0 0
 0 0 0 0 0 0 0 0 0 0 0 0 0 0 0 0 0 0 0 0 0 0 0 0 0 0
 0 0 0 0 0 0 0 0 0 0 0 0 0 0 0 0 0 0 0 0 0 0 0 0 0 0
 0 0 0 0 0 0 0 0 0 0 0 0 0 0 0 0 0 0 0 0 0 0 0 0 0 0
 0 0 0 0 0 0 0 0 0 0 0 0 0 0 0 0 0 0 0 0 0 0 0 0 0 0
 0 0 0 0 0 0 0 0 0 0 0 0 0 0 0 0 0 0 0 0 0 0 0 0 0 0
 0 0 0 0 0 0 0 0 0 0 0 0 0 0 0 0 0 0 0 0 0 0 0 0 0 0
 0 0 0 0 0 0 0 0 0 0 0 0 0 0 0 0 0 0 0 0 0 0 0 0 0 0
 0 0 0 0 0 0 0 0 0 0 0 0 0 0 0 0 0 0 0 0 0 0 0 0 0 0
 0 0 0 0 0 0 0 0 0 0 0 0 0 0 0 0 0 0 0 0 0 0 0 0 0 0
 0 0 0 0 0 0 0 0 0 0 0 0 0 0 0 0 0 0 0 0 0 0 0 0 0 0
 0 0 0 0 0 0 0 0 0 0 0 0 0 0 0 0 0 0 0 0 0 0 0 0 0 0
 0.00862536 0 0 0.000197151 0.00414017 0.0128641 0.00837892 0.0270097 0.101434 0.158115 0.152841 0.127902 0.109271 0.109419 0.0830992 0.0579132 0.0238553 0.00714673 0.00463305 0.00128148 0.00103504 0.000492878 0.000147863 0.000147863 4.92878e-05 0
 0 0 0 0 0 0 0 0 0 0 0 0 0 0 0 0 0 0 0 0 0 0 0 0 0 0
 0 0 0 0 0 0 0 0.0054083 0.00873648 0.0413646 0.0450493 0.0745869 0.0622846 0.0627006 0.0613931 0.0827291 0.12552 0.122667 0.0946155 0.0697135 0.0546179 0.0294188 0.0215738 0.0213955 0.0102223 0.00600262
 0 0 0 0 0.00359764 0.0251062 0.0480494 0.140153 0.205849 0.193036 0.1447 0.116669 0.0760912 0.0342217 0.00950174 0.001854 0.000860785 0 0 0 0.000165536 0 0.000143464 0 0 0
 0 0 0 0 0 0 0 0.000145254 0.000435761 0.0275982 0.070085 0.0708112 0.156366 0.174668 0.174014 0.160142 0.0824315 0.0480064 0.0283245 0.00493863 0.00203355 0 0 0 0 0
 0 0 0 0 0 0 0 0 0 0 0 0 0 0 0 0 0 0 0 0 0 0 0 0 0 0
 0 0 1.00437e-05 0.000401748 0.00122533 0.00171747 0.00176769 0.0269171 0.070346 0.194647 0.189555 0.159765 0.064822 0.0314167 0.0384472 0.0292271 0.0345202 0.0313363 0.0194345 0.0106764 0.0143323 0.0359363 0.0279516 0.0138201 0.00172751 0
 0 0.0021121 0.0136068 0.0755702 0.200478 0.177729 0.0527432 0.0373336 0.0318909 0.0142505 0.0149659 0.0166563 0.0217959 0.0798694 0.0677717 0.0528807 0.04013 0.0224614 0.0357745 0.0225083 0.00881397 0.00855152 0.00135912 0.000746735 0 0
 0 0 0 0 5.4009e-05 0.00500934 0.000945158 0.0243581 0.138947 0.33067 0.221406 0.137944 0.0707744 0.0437923 0.0131692 0.00525238 0.0047753 0.00276346 9.45158e-05 9.00151e-06 2.25038e-05 9.00151e-06 4.50075e-06 0 0 0
 0.000866109 0.00284123 0.00948549 0.0512746 0.133035 0.25785 0.225252 0.132002 0.0553304 0.0519788 0.0540692 0.017754 0.00435017 0.00159236 0.00146478 0.000404838 0.000125132 0.000115318 0.000107957 0.000100596 0 0 0 0 0 0
 0 0 0 0 0.00144013 0.00171154 0.00461396 0.0210425 0.0478622 0.0707936 0.0888783 0.103762 0.0637923 0.0337046 0.0602308 0.124433 0.169614 0.0934646 0.0462172 0.0250306 0.0313229 0.00938855 0.002487 0.000210481 0 0
 0 0.00764035 0.051015 0.0998891 0.058973 0.0496711 0.0374665 0.0718981 0.12319 0.153886 0.159021 0.0857701 0.0377988 0.023471 0.0147837 0.00900784 0.00315554 0.000888139 0.00291439 0.00214683 0.00393193 0.00274676 0.000635225 9.99891e-05 0 0
 0 0 0 0 0 0 0 0 0 0 0 0 0 0 0 0 0 0 0 0 0 0 0 0 0 0
 0 0 0 0 0 0 0 0 0 0 0 0 0 0 0 0 0 0 0 0 0 0 0 0 0 0
 0 0 0 0 0 0 0 0 0 0 0 0 0 0 0 0 0 0 0 0 0 0 0 0 0 0
 0 0 0 0 0 0 0 0 0 0 0 0 0 0 0 0 0 0 0 0 0 0 0 0 0 0
 0 0 0 0 0 0 0 0 0 0 0 0 0 0 0 0 0 0 0 0 0 0 0 0 0 0
ppred_pel_tallas
 1.17568e-16 4.08171e-05 0.000396757 0.00263659 0.0119855 0.0372915 0.0794537 0.115966 0.115971 0.0794802 0.0373824 0.0122561 0.00334566 0.0020441 0.00346089 0.00641753 0.0110138 0.0175495 0.0262429 0.0370291 0.0492409 0.0613402 0.0710413 0.0760016 0.0747992 0.0676122
 1.15663e-16 4.42746e-05 0.000430365 0.00285993 0.0130008 0.0404506 0.0861853 0.125796 0.125826 0.0863305 0.0409382 0.0144095 0.00639661 0.00815379 0.0147231 0.0243061 0.0351158 0.0444404 0.0496179 0.0495948 0.0456455 0.040559 0.0368994 0.0356538 0.03608 0.0365419
 1.09674e-16 4.58451e-05 0.00044563 0.00296137 0.013462 0.0418854 0.0892424 0.130258 0.130288 0.08939 0.0423814 0.0148954 0.006563 0.0083198 0.0150353 0.0248761 0.0360497 0.045801 0.0513513 0.051435 0.0470338 0.0406452 0.0346976 0.030361 0.0274513 0.0251239
 1.07137e-16 4.58417e-05 0.000445598 0.00296116 0.013461 0.0418823 0.0892359 0.130249 0.13028 0.0893865 0.0423883 0.0149234 0.00663546 0.0084786 0.0153373 0.0253763 0.036771 0.0467066 0.0523373 0.0523511 0.0477158 0.0409354 0.0344449 0.0294195 0.0257028 0.0225293
 1.07063e-16 4.47254e-05 0.000434747 0.00288905 0.0131332 0.0408625 0.087063 0.127078 0.12711 0.0872185 0.0413847 0.0146425 0.00668142 0.00872609 0.0158286 0.0261948 0.0379603 0.0482228 0.054044 0.0540653 0.0492775 0.0422542 0.0354992 0.0302239 0.026276 0.0228857
 1.07646e-16 4.3381e-05 0.000421679 0.00280221 0.0127384 0.0396342 0.0844461 0.123258 0.123291 0.0846038 0.0401642 0.0142703 0.00665182 0.00884012 0.0160749 0.0266205 0.0386126 0.0491246 0.0551917 0.0554418 0.0508676 0.0440441 0.0374578 0.0322817 0.0283232 0.0247946
 1.07497e-16 4.63889e-05 0.000450917 0.0029965 0.0136217 0.0423823 0.090301 0.131803 0.131832 0.0904443 0.0428637 0.0150134 0.00649415 0.00810067 0.0146171 0.0242035 0.0351253 0.0447297 0.050335 0.0507037 0.0467375 0.0407622 0.0350089 0.030506 0.0270426 0.023878
 1.06894e-16 4.6063e-05 0.000447749 0.00297545 0.013526 0.0420846 0.0896667 0.130878 0.130909 0.0898183 0.0425936 0.0149971 0.00667148 0.008527 0.015422 0.025507 0.0369387 0.0468749 0.0524435 0.0523227 0.0474971 0.04051 0.0338433 0.0287083 0.0249622 0.0218298
 1.07534e-16 4.20851e-05 0.000409082 0.0027185 0.0123579 0.0384503 0.0819236 0.119577 0.119611 0.0820894 0.0390074 0.0139681 0.00676451 0.00925548 0.016884 0.0279541 0.0405189 0.0514901 0.0577359 0.0578057 0.0527495 0.0453008 0.0381172 0.0324816 0.0282317 0.0245561
 1.0874e-16 4.15353e-05 0.000403738 0.00268298 0.0121965 0.0379479 0.0808533 0.118015 0.118047 0.0810123 0.0384821 0.0137408 0.0065651 0.0088969 0.0162261 0.0269028 0.0390884 0.0498689 0.0562886 0.0569788 0.0529182 0.0466354 0.0405349 0.0356911 0.0318335 0.0281485
 1.09723e-16 4.06663e-05 0.000395291 0.00262685 0.0119413 0.0371539 0.0791616 0.115546 0.115578 0.0793225 0.0376946 0.0135042 0.00655554 0.00899012 0.0164184 0.0272228 0.0395526 0.0504632 0.0569723 0.0577115 0.0536943 0.047502 0.0415767 0.0369889 0.0334169 0.0299697
 1.10162e-16 4.11514e-05 0.000400006 0.00265818 0.0120837 0.0375971 0.0801059 0.116924 0.116956 0.0802624 0.0381232 0.0136046 0.0064816 0.00876574 0.015986 0.0265131 0.0385444 0.0492258 0.0556687 0.0565503 0.0528549 0.0470775 0.0415642 0.0373189 0.033994 0.0306992
 1.09575e-16 4.32788e-05 0.000420685 0.0027956 0.0127084 0.0395408 0.084247 0.122967 0.122998 0.0843973 0.0400459 0.0141688 0.00646639 0.00845104 0.0153448 0.0254327 0.0369483 0.047136 0.0532114 0.0539027 0.0501685 0.0444352 0.0389961 0.0348516 0.031686 0.028636
 1.08489e-16 4.4854e-05 0.000435997 0.00289736 0.013171 0.04098 0.0873133 0.127443 0.127473 0.0874624 0.0414808 0.0146185 0.00653517 0.00839158 0.0151961 0.0251625 0.036507 0.0464702 0.052265 0.0526154 0.0484816 0.0423124 0.0364541 0.0319831 0.0286559 0.0256498
 1.07594e-16 4.53632e-05 0.000440947 0.00293025 0.0133205 0.0414452 0.0883045 0.128889 0.12892 0.0884553 0.0419517 0.0147844 0.00660862 0.00848361 0.0153575 0.0254168 0.0368447 0.0468325 0.0525411 0.0526647 0.0481726 0.0415615 0.0352476 0.0303789 0.0267696 0.0236324
 1.0711e-16 4.60329e-05 0.000447457 0.00297351 0.0135172 0.042057 0.0896081 0.130792 0.130822 0.0897568 0.0425565 0.0149608 0.00660111 0.00837915 0.015147 0.0250664 0.0363362 0.0461839 0.0518062 0.0519088 0.0474396 0.0408526 0.0345275 0.0296021 0.0259104 0.0227011
 1.06536e-16 4.73505e-05 0.000460264 0.00305862 0.013904 0.0432608 0.0921728 0.134535 0.134565 0.0923181 0.043749 0.0153149 0.00660332 0.00820962 0.014798 0.0244765 0.0354607 0.0450289 0.0504307 0.050396 0.0458562 0.0392279 0.032866 0.0279147 0.0242369 0.0211088
 1.06031e-16 4.81669e-05 0.0004682 0.00311135 0.0141438 0.0440067 0.093762 0.136855 0.136884 0.093906 0.0444904 0.0155416 0.00662312 0.00814455 0.0146569 0.0242333 0.0350897 0.0445181 0.0497828 0.0496183 0.0449498 0.038187 0.0316902 0.0266261 0.022888 0.0197754
 1.04283e-16 5.64576e-05 0.000548788 0.00364689 0.0165782 0.0515812 0.1099 0.160407 0.16043 0.110011 0.0519532 0.0176533 0.00634755 0.00645134 0.0112871 0.0186247 0.0269516 0.0341614 0.0381403 0.0379095 0.034183 0.0288265 0.023677 0.0196578 0.0167098 0.0143065
 1.01958e-16 6.45445e-05 0.000627395 0.00416926 0.0189529 0.0589695 0.125641 0.183381 0.183398 0.125726 0.0592532 0.0197724 0.00622666 0.00511938 0.00859759 0.0141165 0.0203412 0.025605 0.0282534 0.0275226 0.0239856 0.0191512 0.0145496 0.0110199 0.00861134 0.00694412
 1.01059e-16 6.51883e-05 0.000633654 0.00421085 0.0191419 0.0595578 0.126895 0.18521 0.185228 0.126982 0.0598511 0.019989 0.00633638 0.00527162 0.00886741 0.0145402 0.0209009 0.0262012 0.0287042 0.0276061 0.0235118 0.0180277 0.0128118 0.00881662 0.0061605 0.0044786
 1.00636e-16 7.0141e-05 0.000681795 0.00453077 0.0205962 0.0640826 0.136535 0.19928 0.199293 0.136598 0.0642921 0.0212014 0.00604939 0.00399553 0.00635926 0.0103908 0.0149343 0.0187217 0.0205095 0.019721 0.0167851 0.0128461 0.00908694 0.00619007 0.00424622 0.00300411
 1.00415e-16 6.98477e-05 0.000678945 0.00451183 0.0205101 0.0638147 0.135964 0.198447 0.198461 0.136031 0.0640386 0.0211567 0.00613395 0.00421702 0.0067803 0.0110749 0.015891 0.0198645 0.0216554 0.0206447 0.017304 0.0128869 0.00869973 0.00551127 0.00344004 0.00221266
 1.00879e-16 5.72355e-05 0.00055635 0.00369714 0.0168067 0.052292 0.111415 0.162618 0.162646 0.111547 0.0527365 0.0180901 0.00691717 0.0075806 0.0133825 0.0219934 0.0315821 0.0395134 0.0431385 0.0412288 0.0347088 0.026046 0.0178061 0.0114941 0.00733855 0.00480844
 1.02271e-16 5.24298e-05 0.000509637 0.00338672 0.0153955 0.0479014 0.10206 0.148966 0.148995 0.102202 0.0483768 0.016769 0.00683525 0.00804108 0.0143653 0.0236895 0.0341738 0.0430801 0.0476394 0.0465501 0.0407228 0.0326159 0.0247309 0.0184533 0.0139118 0.0105773
 1.03756e-16 4.90923e-05 0.000477194 0.00317113 0.0144155 0.0448521 0.0955633 0.139484 0.139514 0.0957128 0.0453541 0.015866 0.0068142 0.00843684 0.0151857 0.0250789 0.0362419 0.0458228 0.0509345 0.0502255 0.0446489 0.0367477 0.029068 0.0229573 0.018449 0.0149291
 1.05154e-16 4.65946e-05 0.000452916 0.00300979 0.0136821 0.0425702 0.0907014 0.132388 0.132419 0.0908553 0.0430871 0.015176 0.00676272 0.00865577 0.0156551 0.0258854 0.0374669 0.0474975 0.0530365 0.0527113 0.0474921 0.0399463 0.0326094 0.0267683 0.0223733 0.0187505
 1.06032e-16 4.66386e-05 0.000453344 0.00301263 0.013695 0.0426104 0.0907872 0.132513 0.132543 0.0909362 0.0431111 0.015142 0.00664829 0.00840192 0.0151775 0.0251096 0.0363829 0.0462069 0.0517572 0.0517201 0.0470329 0.040153 0.0334801 0.02819 0.0241685 0.0207204
 1.06426e-16 4.60755e-05 0.00044787 0.00297625 0.0135296 0.0420959 0.0896909 0.130913 0.130944 0.0898424 0.0426048 0.0150006 0.0066719 0.00852702 0.0154238 0.0255152 0.0369616 0.0469246 0.0525325 0.0524554 0.0476592 0.0406613 0.0339194 0.0286364 0.0246861 0.0213342
pSPR Fmed_Fpbrs
0.599947   0.285685 0.285685
Fs Fmed_Fpbrs
0.34   1.005 1.005
SSBpbr Bo_Bmed_Bpbrs
1.68897e+06  928844  398065 398065
Ro
205123
SPR SPRFo_SPRFmed_SPRFpbrs
1.45781e+06 874609 416475
Fref
1.005
Nvult_r0
 159468 55855.4 15159.7 4260.62 1414.52
CTP_r0
 53333 27997.4 7598.78 2135.62 709.025
YTP_r0
1.10179e+06
Np
 205123 45654.9 9088.92 2558.16 787.809
Nvult_p0
 159468 39507 7865 2213.68 681.722
CTP_p0
 53333 29276 8239.99 2236.42 813.53
 53333 19802.8 3942.31 1109.6 341.711
YTP_p0
 1.21005e+06 889379
CBA_c0
1.13427e+06
log_Ro
12.0514
likeval ReclasPelacesDesembMPH_pf_preclas_ppelaces_ptallas_desvR_qrecl_qpela
 167.326 190.07 24.4667 1337.41 232.615 132.392 94.4813 0 0 0 0 53.6967 0 0 0
q_reclas_q_pelaces
1 1
M
1
N
 205123 11163.6 90172.7 11888.1 1085.01
 205123 67656.5 3301.33 26666 3836.44
 205123 63782.3 17781.8 867.669 8016.79
 205123 66764.7 18367.9 5120.74 2558.52
 205123 64734.7 18075.3 4972.76 2079.02
 205123 71893.4 21616.2 6035.7 2354.73
 205123 66871.1 20769.7 6244.82 2423.96
 205123 59934 15518.5 4819.93 2011.73
 205123 73864.1 21125.4 5469.92 2408.01
 205123 71330 24279.6 6944.06 2589.53
 205123 71745.7 23720.8 8074.18 3170.39
 205123 74154.1 25487.7 8426.82 3994.64
 205123 67951.7 22120.8 7603.19 3705.42
 205123 67688.4 20113.8 6547.77 3347.36
 205123 64513.7 18200.5 5408.31 2660.66
 205123 68391.3 19494.8 5499.83 2438.28
 205123 61588.5 16759.6 4777.3 1945.27
 205123 65718.9 17184.8 4676.38 1875.77
 205123 58898.2 14728.5 3851.36 1468.43
 205123 40470.4 6232.21 1558.47 562.903
 205123 39154.9 4008.42 617.274 210.113
 205123 41964.9 4454.75 456.049 94.1339
 205123 23569.4 1506.07 159.876 19.7454
 205123 51475.9 4034.79 257.822 30.749
 205123 58290.6 11299.7 885.692 63.3453
 205123 60309.4 13697.3 2655.22 223.007
 205123 66839.4 17406.6 3953.33 830.72
 205123 65085.4 18292.1 4763.72 1309.26
 205123 64547.4 17518.8 4923.63 1634.65
pred_Ctot
 13530 1408.99 11380.9 1500.43 136.943
 20343.9 12550.9 612.426 4946.79 711.693
 15092.4 8933.3 2490.5 121.525 1122.82
 18662.3 11426 3143.44 876.354 437.86
 6153.93 3807.45 1063.12 292.478 122.28
 14905.8 9951.04 2991.98 835.425 325.927
 27184.5 16197.3 5030.75 1512.6 587.122
 2748.13 1591.72 412.138 128.007 53.4272
 7130.4 5017.71 1435.08 371.58 163.58
 6409.77 4366.12 1486.16 425.047 158.505
 2248.2 1561.31 516.206 175.709 68.9933
 13013.5 9017.37 3099.38 1024.73 485.761
 13474.1 8542.56 2780.92 955.836 465.828
 19052.1 11810.6 3509.54 1142.49 584.063
 12245.2 7400.7 2087.87 620.415 305.218
 24234.2 14916.4 4251.88 1199.53 531.799
 16929.1 9616.81 2616.95 745.956 303.747
 29038.8 16896.8 4418.34 1202.33 482.275
 63205.7 29218.1 7306.48 1910.57 728.454
 65751.2 20692.4 3186.51 796.842 287.811
 60334.6 18735.4 1918.01 295.363 100.538
 97643.5 28299.3 3004.09 307.539 63.4798
 42509.8 8466.78 541.025 57.432 7.09312
 30129.3 13680.7 1072.32 68.521 8.17213
 26513.8 13802.1 2675.55 209.715 14.9989
 14961.4 8377.22 1902.6 368.821 30.9765
 18044.2 11082.8 2886.24 655.511 137.744
 18992.7 11323.3 3182.38 828.77 227.78
 13812.3 8308.92 2255.13 633.799 210.421
F
 0.109168 0.218336 0.218336 0.218336 0.218336
 0.168135 0.33627 0.33627 0.33627 0.33627
 0.122437 0.244874 0.244874 0.244874 0.244874
 0.153314 0.306628 0.306628 0.306628 0.306628
 0.0484272 0.0968543 0.0968543 0.0968543 0.0968543
 0.120845 0.24169 0.24169 0.24169 0.24169
 0.230367 0.460734 0.460734 0.460734 0.460734
 0.0213844 0.0427687 0.0427687 0.0427687 0.0427687
 0.0562943 0.112589 0.112589 0.112589 0.112589
 0.0504834 0.100967 0.100967 0.100967 0.100967
 0.0174657 0.0349313 0.0349313 0.0349313 0.0349313
 0.104814 0.209628 0.209628 0.209628 0.209628
 0.108697 0.217393 0.217393 0.217393 0.217393
 0.156733 0.313467 0.313467 0.313467 0.313467
 0.0983658 0.196732 0.196732 0.196732 0.196732
 0.203136 0.406272 0.406272 0.406272 0.406272
 0.138225 0.276449 0.276449 0.276449 0.276449
 0.2478 0.495601 0.495601 0.495601 0.495601
 0.62304 1.24608 1.24608 1.24608 1.24608
 0.656086 1.31217 1.31217 1.31217 1.31217
 0.586777 1.17355 1.17355 1.17355 1.17355
 1.16366 2.32733 2.32733 2.32733 2.32733
 0.382497 0.764993 0.764993 0.764993 0.764993
 0.25817 0.51634 0.51634 0.51634 0.51634
 0.224123 0.448246 0.448246 0.448246 0.448246
 0.121319 0.242638 0.242638 0.242638 0.242638
 0.147911 0.295822 0.295822 0.295822 0.295822
 0.156212 0.312424 0.312424 0.312424 0.312424
 0.111555 0.22311 0.22311 0.22311 0.22311
YTP_r0W_actual
 277332 573946 164893 61933 23681.5
YTP_p0W_proyectada
 402131 510865 198337 70044.7 28676.9
 402131 345558 94891.4 34752.7 12045.3
CTP_r0_actual
 53333 27997.4 7598.78 2135.62 709.025
CTP_p0_proyectada
 53333 29276 8239.99 2236.42 813.53
 53333 19802.8 3942.31 1109.6 341.711
Wmedp
 7.54 17.45 24.07 31.32 35.25
Frms_r0
 0.5025 1.005 1.005 1.005 1.005
Zrms_r0
 1.5025 2.005 2.005 2.005 2.005
nmprior
 7.29 8.9 8.7 0
nm_flota  nm_reclas  nm_pelaces    nm_pelaL
inf 4.39015 7.33578 8.95346
cv_recla  cv_pelaces  cv_mph
1.22716 1.68851 1.58355
 ------------------------------------------------
Talla a la edad & desviaci?n 
 8 13.2811 15.8009 17.003 17.5766
 0.8 1.32811 1.58009 1.7003 1.75766
