years
 1991 1992 1993 1994 1995 1996 1997 1998 1999 2000 2001 2002 2003 2004 2005 2006 2007 2008 2009 2010 2011 2012 2013 2014 2015 2016 2017 2018 2019 2020 2021
reclasobs
 0 0 0 0 0 0 0 0 0 252601 567819 844713 477998 351125 339783 2.1784e+06 2.13404e+06 4.81314e+06 1.55562e+06 2.62356e+06 3.21686e+06 3.843e+06 1.13348e+06 3.07943e+06 1.97215e+06 2.03268e+06 2.025e+06 2.42433e+06 2.27542e+06 1.05018e+06 2.36338e+06
reclaspred
 4.66104e+06 2.57172e+06 1.23999e+06 1.22898e+06 1.452e+06 2.62233e+06 1.68606e+06 1.23464e+06 727366 339443 568395 1.35744e+06 1.24856e+06 176338 589956 1.73912e+06 1.87362e+06 1.45754e+06 2.09513e+06 2.70012e+06 5.27688e+06 2.94314e+06 1.44758e+06 1.36932e+06 1.32448e+06 1.24057e+06 2.41547e+06 2.13873e+06 1.46736e+06 1.89207e+06 4.56357e+06
pelacesobs
 0 0 0 0 0 0 0 0 0 0 0 0 0 0 0 552880 188675 0 991730 2.46772e+06 1.41603e+06 1.21717e+06 2.29649e+06 1.80582e+06 0 1.4828e+06 1.56532e+06 1.57751e+06 1.42118e+06 867257 1.10002e+06
pelacespred
 474356 266196 123412 103535 144096 267549 145527 144061 75056.3 27205.6 61713.1 124853 117425 8133.11 60342.4 156559 163093 119424 199113 246020 494339 289928 132892 135369 119469 110098 306158 245792 135477 214282 472565
mphobs
 0 0 0 0 0 0 0 0 0 0 0 0 498337 0 5186 125008 0 168611 109162 213762 579715 649985 157893 87575 83554 210694 70296 0 107559 103333 445601
mphpred
 1.02788e+06 698993 319314 180285 233643 317738 490444 219698 188960 84435.3 36336.5 163225 286715 104722 6605.45 121260 419666 242068 169010 354085 656576 705543 302288 146277 195320 220623 159321 488523 351163 193703 390174
desembarqueobs
 494567 514787 250237 358949 120608 361735 552515 73892 212993 205616 52469 317467 293654 387597 252695 516296 358380 742168 942051 627588 828172 859565 418607 520667 417249 300574 415391 372974 316634 284311 391294
desembarquepred
 494560 514307 250456 358953 120610 361721 552493 73897.8 213072 205685 52470.3 317424 293841 387995 252605 516142 358606 742206 941236 627228 828248 859862 418642 520954 417194 300602 415377 373128 316485 284171 391253
Reclutas
 149743 93570.1 83244.3 128859 96470 195264 71504.9 25764.3 24720.4 35200 70660.6 161252 63416.8 31485.8 76621.2 299971 40691 182046 396054 322956 302386 215849 48346.7 110163 172567 40968.1 217049 88949.3 46201.8 160348 318432
log_desv_Rt
 0.373972 -0.0962357 -0.213167 0.223772 -0.0657146 0.639406 -0.365181 -1.38596 -1.42732 -1.0739 -0.377058 0.448022 -0.485218 -1.18541 -0.296073 1.06874 -0.92894 0.569313 1.3466 1.14257 1.07676 0.739631 -0.756549 0.0670146 0.515839 -0.922153 0.745176 -0.14688 -0.801928 0.442399 1.12846
SSB
 1.02788e+06 698993 319314 180285 233643 317738 490444 219698 188960 84435.3 36336.5 163225 272085 99930.8 6349.18 117106 419666 242068 176222 365915 696565 806115 373129 171486 206500 254116 166389 488523 369772 188310 430814
BT
 1.63756e+06 1.18456e+06 549943 640915 527305 1.25691e+06 865535 505826 433479 285930 291646 712476 607088 409776 522076 1.05468e+06 712904 1.09711e+06 1.71156e+06 1.34793e+06 2.3641e+06 1.63277e+06 753396 1.02886e+06 761053 582937 1.70738e+06 1.09661e+06 625613 1.08588e+06 2.05371e+06
Ftot
 0.362109 0.670745 0.664481 0.825816 0.26658 0.403666 1.03891 0.200404 0.885341 1.57727 0.243329 0.651621 0.745811 3.68343 0.978521 0.742906 0.645555 1.3174 1.0891 0.643153 0.478079 0.903681 0.914043 0.987527 0.855231 0.766708 0.447071 0.541557 0.721215 0.411917 0.238551
BD_Bspro_t
 0.943709 0.643209 0.382499 0.284983 0.314472 0.433698 0.474145 0.260302 0.297093 0.191161 0.121591 0.472595 0.439404 0.182684 0.0169719 0.236801 0.394879 0.255311 0.180594 0.269366 0.346223 0.368209 0.24233 0.156156 0.207831 0.270637 0.229755 0.482781 0.406339 0.278026 0.492252
BD_Bspro
 1.39782 0.950568 0.434238 0.245172 0.317733 0.432095 0.666959 0.298769 0.256969 0.114824 0.0494144 0.221971 0.370011 0.135897 0.00863431 0.159254 0.570709 0.32919 0.239645 0.497611 0.947266 1.09624 0.507422 0.233206 0.280821 0.345575 0.226275 0.664347 0.502857 0.256085 0.585869
BD_Bo
 1.59952 1.08773 0.496896 0.280548 0.36358 0.494443 0.763197 0.34188 0.294048 0.131393 0.0565445 0.254 0.4234 0.155506 0.00988018 0.182233 0.653058 0.37669 0.274224 0.569413 1.08395 1.25442 0.58064 0.266856 0.321341 0.395439 0.258924 0.760207 0.575415 0.293036 0.670405
BD_Brms
 9.87243 6.71361 3.06691 1.73158 2.24407 3.05177 4.71055 2.11013 1.8149 0.810974 0.349 1.56772 2.61329 0.959804 0.0609818 1.12477 4.03076 2.32498 1.69255 3.51449 6.69028 7.74247 3.58379 1.64707 1.98336 2.4407 1.59812 4.6921 3.55154 1.80866 4.13783
Sel_flota
 0.795579 1 1 1 1
 0.795579 1 1 1 1
 0.795579 1 1 1 1
 0.795579 1 1 1 1
 0.795579 1 1 1 1
 0.795579 1 1 1 1
 0.795579 1 1 1 1
 0.795579 1 1 1 1
 0.795579 1 1 1 1
 0.795579 1 1 1 1
 0.795579 1 1 1 1
 0.795579 1 1 1 1
 0.795579 1 1 1 1
 0.795579 1 1 1 1
 0.795579 1 1 1 1
 0.795579 1 1 1 1
 0.795579 1 1 1 1
 0.795579 1 1 1 1
 0.795579 1 1 1 1
 0.795579 1 1 1 1
 0.795579 1 1 1 1
 0.795579 1 1 1 1
 0.795579 1 1 1 1
 0.795579 1 1 1 1
 0.795579 1 1 1 1
 0.795579 1 1 1 1
 0.795579 1 1 1 1
 0.795579 1 1 1 1
 0.795579 1 1 1 1
 0.795579 1 1 1 1
 0.795579 1 1 1 1
Sel_reclas
 0.5 1 1 1 1
 0.5 1 1 1 1
 0.5 1 1 1 1
 0.5 1 1 1 1
 0.5 1 1 1 1
 0.5 1 1 1 1
 0.5 1 1 1 1
 0.5 1 1 1 1
 0.5 1 1 1 1
 0.5 1 1 1 1
 0.5 1 1 1 1
 0.5 1 1 1 1
 0.5 1 1 1 1
 0.5 1 1 1 1
 0.5 1 1 1 1
 0.5 1 1 1 1
 0.5 1 1 1 1
 0.5 1 1 1 1
 0.5 1 1 1 1
 0.5 1 1 1 1
 0.5 1 1 1 1
 0.5 1 1 1 1
 0.5 1 1 1 1
 0.5 1 1 1 1
 0.5 1 1 1 1
 0.5 1 1 1 1
 0.5 1 1 1 1
 0.5 1 1 1 1
 0.5 1 1 1 1
 0.5 1 1 1 1
 0.5 1 1 1 1
Sel_pelaces
 0.5 1 1 1 1
 0.5 1 1 1 1
 0.5 1 1 1 1
 0.5 1 1 1 1
 0.5 1 1 1 1
 0.5 1 1 1 1
 0.5 1 1 1 1
 0.5 1 1 1 1
 0.5 1 1 1 1
 0.5 1 1 1 1
 0.5 1 1 1 1
 0.5 1 1 1 1
 0.5 1 1 1 1
 0.5 1 1 1 1
 0.5 1 1 1 1
 0.5 1 1 1 1
 0.5 1 1 1 1
 0.5 1 1 1 1
 0.5 1 1 1 1
 0.5 1 1 1 1
 0.5 1 1 1 1
 0.5 1 1 1 1
 0.5 1 1 1 1
 0.5 1 1 1 1
 0.5 1 1 1 1
 0.5 1 1 1 1
 0.5 1 1 1 1
 0.5 1 1 1 1
 0.5 1 1 1 1
 0.5 1 1 1 1
 0.5 1 1 1 1
pf_obs 
 0.8446 0.082 0.0669 0.0065 0
 0.8095 0.147 0.0364 0.0071 0
 0.9664 0.0169 0.016 0.0007 0
 0.9276 0.0648 0.0075 0.0001 0
 0.7033 0.2144 0.0806 0.0017 0
 0.9318 0.0425 0.0243 0.0014 0
 0.5671 0.3108 0.0964 0.0239 0.0018
 0.0768 0.2599 0.5324 0.112 0.0189
 0.490249 0.384438 0.106611 0.0170017 0.00170017
 0.7925 0.1577 0.0466 0.003 0.0002
 0.840416 0.127587 0.0312969 0.00059994 9.999e-05
 0.8084 0.0986 0.0794 0.0134 0.0002
 0.7335 0.1905 0.0724 0.0035 0.0001
 0.4001 0.4547 0.1325 0.0127 0
 0.49795 0.308269 0.164784 0.0264974 0.00249975
 0.9179 0.0499 0.0305 0.0017 0
 0.2467 0.6533 0.0926 0.0074 0
 0.9418 0.0223 0.034 0.0019 0
 0.707729 0.231977 0.0356964 0.0245975 0
 0.517169 0.277429 0.184464 0.0207286 0.00020938
 0.811772 0.124168 0.05621 0.00726502 0.000585176
 0.764997 0.148141 0.077277 0.00933861 0.000247198
 0.163321 0.427699 0.378323 0.0303852 0.000271297
 0.753843 0.0900009 0.118128 0.0371064 0.000921714
 0.721811 0.176058 0.0630433 0.0369309 0.00215725
 0.143369 0.312575 0.442814 0.0836902 0.0175525
 0.692698 0.0596174 0.167031 0.0765114 0.00414204
 0.394062 0.376323 0.152708 0.0712218 0.00568511
 0.125707 0.32114 0.495352 0.0537591 0.00404204
 0.23352 0.215282 0.420074 0.123614 0.00750983
 0.796117 0.104755 0.0508955 0.0450114 0.00322123
pf_pred 
 0.622233 0.148059 0.212086 0.0176212 8.41659e-07
 0.564767 0.297743 0.0538868 0.0771897 0.00641362
 0.688323 0.199472 0.0767597 0.0138923 0.0215534
 0.819385 0.135719 0.0287332 0.011057 0.00510582
 0.733874 0.229924 0.0272036 0.00575929 0.00323967
 0.813732 0.145612 0.0351257 0.00415591 0.00137478
 0.500528 0.425746 0.0576344 0.0139031 0.0021891
 0.517029 0.285567 0.168265 0.0227785 0.00636001
 0.6008 0.231388 0.0992227 0.058465 0.0101244
 0.824229 0.119521 0.0326039 0.0139811 0.00966467
 0.931843 0.059993 0.00555126 0.00151432 0.00109825
 0.856282 0.136035 0.00676315 0.000625807 0.00029452
 0.573606 0.379748 0.0441519 0.00219507 0.000298704
 0.59854 0.261199 0.124917 0.0145236 0.000820317
 0.987895 0.00933774 0.00180027 0.000860966 0.000105755
 0.95082 0.048762 0.000322107 6.21006e-05 3.33472e-05
 0.349161 0.627387 0.0232521 0.000153596 4.55141e-05
 0.881992 0.0498916 0.0656624 0.00243356 2.08389e-05
 0.930108 0.0641858 0.00241243 0.003175 0.000118679
 0.80729 0.183242 0.00869532 0.000326814 0.000446199
 0.749059 0.213584 0.0355211 0.00168557 0.000149847
 0.658477 0.273006 0.0583172 0.0096987 0.000501144
 0.437439 0.411711 0.120587 0.0257586 0.00450526
 0.851624 0.0777995 0.0516513 0.0151282 0.00379677
 0.875876 0.110666 0.0070561 0.00468456 0.00171642
 0.493745 0.459894 0.0413342 0.00263547 0.00239078
 0.926283 0.0424023 0.0284475 0.00255679 0.000310907
 0.554512 0.420325 0.0144737 0.00971031 0.000978864
 0.533315 0.292264 0.164569 0.00566684 0.00418511
 0.893879 0.0649337 0.0257938 0.014524 0.000869483
 0.847966 0.139517 0.00765891 0.00304237 0.00181566
pobs_RECLAS
 0 0 0 0 0
 0 0 0 0 0
 0 0 0 0 0
 0 0 0 0 0
 0 0 0 0 0
 0 0 0 0 0
 0 0 0 0 0
 0 0 0 0 0
 0 0 0 0 0
 0 0 0 0 0
 0.991045 0.00858322 0.000360255 1.14367e-05 0
 0.934742 0.0480273 0.0164251 0.00080598 0
 0.827803 0.169806 0.00239088 0 0
 0.941827 0.0461693 0.0120037 0 0
 0.791401 0.0380133 0.147996 0.0225897 0
 0.846168 0.0940531 0.0597789 0 0
 0.134021 0.677848 0.182769 0.00536245 0
 0.80878 0.0450904 0.141981 0.00414843 0
 0.846168 0.0940531 0.0597789 0 0
 0.905697 0.0802665 0.012482 0.00150086 5.37128e-05
 0.989698 0.0102097 9.19794e-05 0 0
 0.975433 0.0193895 0.00387452 0.00125025 5.28907e-05
 0.303575 0.632131 0.0575291 0.00676475 0
 0.966965 0.00978017 0.0227588 0.000495775 0
 0.843318 0.132988 0.00938335 0.0141283 0.000182051
 0.564624 0.303363 0.111486 0.0197234 0.00080311
 0.826376 0.0876187 0.0782897 0.00655872 0.00115652
 0.89761 0.0855135 0.0140674 0.00269457 0.000114338
 0.34875 0.467042 0.161289 0.0227151 0.000203297
 0.318654 0.224769 0.449479 0.00709798 0
 0.937255 0.0296025 0.0250945 0.00804832 0
ppred_RECLAS
 0.510628 0.1918 0.274743 0.022827 1.09031e-06
 0.453544 0.373831 0.0676575 0.0969154 0.00805261
 0.585447 0.265312 0.102096 0.0184778 0.0286675
 0.744799 0.191765 0.0405987 0.015623 0.00721429
 0.635386 0.315014 0.037271 0.00789068 0.00443861
 0.734792 0.207321 0.0500119 0.00591718 0.00195741
 0.394101 0.516463 0.069915 0.0168655 0.00265555
 0.403144 0.352904 0.207942 0.0281497 0.0078597
 0.492514 0.294153 0.126138 0.0743241 0.0128707
 0.757708 0.164754 0.044943 0.0192723 0.0133223
 0.896212 0.0913567 0.0084534 0.00230598 0.0016724
 0.792026 0.196856 0.00978693 0.000905602 0.000426199
 0.463168 0.478105 0.0555875 0.0027636 0.00037607
 0.536603 0.301497 0.144189 0.0167643 0.000946876
 0.981424 0.0143298 0.00276272 0.00132125 0.000162293
 0.925364 0.0740024 0.000488838 9.42453e-05 5.06085e-05
 0.255308 0.717859 0.0266051 0.000175746 5.20774e-05
 0.83096 0.0714668 0.0940576 0.00348594 2.98505e-05
 0.89645 0.095096 0.00357419 0.004704 0.000175831
 0.728028 0.258609 0.0122717 0.000461234 0.000629722
 0.654844 0.293774 0.0488574 0.00231842 0.000206107
 0.554413 0.356192 0.0760867 0.0126539 0.000653846
 0.334226 0.487247 0.142711 0.0304846 0.00533184
 0.788003 0.111158 0.0737985 0.0216149 0.00542476
 0.819652 0.160795 0.0102523 0.00680655 0.00249392
 0.384992 0.558689 0.0502136 0.00320162 0.00290437
 0.888629 0.0640604 0.0429778 0.00386274 0.000469711
 0.442182 0.52631 0.0181232 0.0121588 0.00122569
 0.422718 0.361526 0.203569 0.00700979 0.00517691
 0.842355 0.0964607 0.0383173 0.0215758 0.00129164
 0.77887 0.202924 0.0111397 0.00442506 0.00264084
pobs_PELACES
 0 0 0 0 0
 0 0 0 0 0
 0 0 0 0 0
 0 0 0 0 0
 0 0 0 0 0
 0 0 0 0 0
 0 0 0 0 0
 0 0 0 0 0
 0 0 0 0 0
 0 0 0 0 0
 0 0 0 0 0
 0 0 0 0 0
 0 0 0 0 0
 0 0 0 0 0
 0 0 0 0 0
 0 0 0 0 0
 0.505614 0.472636 0.0217494 0 0
 0 0 0 0 0
 0.443492 0.261883 0.143347 0.151278 0
 0.227955 0.32914 0.350689 0.0885471 0.00366901
 0.970185 0.0296113 0.000203453 0 0
 0.997202 0.00247181 0.000326279 0 0
 0.445219 0.490057 0.0546422 0.010081 0
 0.90214 0.0892962 0.00764917 0.000914606 0
 0 0 0 0 0
 0.581667 0.319106 0.0959925 0.00289975 0.000334073
 0.762889 0.0836404 0.116647 0.0363945 0.000428098
 0.88444 0.0763242 0.0277011 0.0115352 0
 0.521256 0.241999 0.230069 0.00667565 0
 0.616807 0.101726 0.260614 0.0208532 0
 0.833518 0.0704572 0.0857862 0.0102388 0
ppred_PELACES
 0.516731 0.189409 0.271317 0.0225424 1.07672e-06
 0.46478 0.366144 0.0662663 0.0949227 0.00788704
 0.596283 0.258377 0.0994273 0.0179948 0.0279182
 0.755243 0.183917 0.0389372 0.0149836 0.00691906
 0.639542 0.311423 0.0368462 0.00780074 0.00438802
 0.740065 0.2032 0.0490176 0.00579954 0.00191849
 0.410954 0.502098 0.0679703 0.0163964 0.00258168
 0.406401 0.350979 0.206807 0.0279961 0.00781681
 0.507444 0.285499 0.122427 0.0721375 0.0124921
 0.776703 0.151838 0.0414196 0.0177614 0.0122779
 0.897728 0.0900214 0.00832985 0.00227228 0.00164795
 0.799173 0.19009 0.00945056 0.000874478 0.000411551
 0.475698 0.466946 0.05429 0.0026991 0.000367292
 0.597523 0.261861 0.125233 0.0145604 0.000822396
 0.98259 0.0134304 0.00258931 0.00123832 0.000152107
 0.928752 0.0706429 0.000466645 8.99667e-05 4.8311e-05
 0.263675 0.709793 0.0263062 0.000173771 5.14923e-05
 0.843079 0.0663432 0.0873144 0.00323603 2.77105e-05
 0.903074 0.0890127 0.00334555 0.00440309 0.000164584
 0.736533 0.250522 0.011888 0.00044681 0.000610029
 0.662097 0.287601 0.0478308 0.0022697 0.000201777
 0.569419 0.344197 0.0735244 0.0122278 0.000631827
 0.348084 0.477105 0.13974 0.02985 0.00522086
 0.798919 0.105435 0.0699987 0.020502 0.00514545
 0.828023 0.153331 0.00977642 0.0064906 0.00237815
 0.397309 0.5475 0.0492079 0.0031375 0.00284621
 0.891579 0.0623635 0.0418394 0.00376042 0.000457269
 0.451211 0.517791 0.0178299 0.011962 0.00120585
 0.434633 0.354064 0.199367 0.00686511 0.00507006
 0.84601 0.0942243 0.0374289 0.0210756 0.00126169
 0.781629 0.200392 0.0110007 0.00436985 0.00260789
pobs_pel_tallas
 0 0 0 0 0 0 0 0 0 0 0 0 0 0 0 0 0 0 0 0 0 0 0 0 0 0
 0 0 0 0 0 0 0 0 0 0 0 0 0 0 0 0 0 0 0 0 0 0 0 0 0 0
 0 0 0 0 0 0 0 0 0 0 0 0 0 0 0 0 0 0 0 0 0 0 0 0 0 0
 0 0 0 0 0 0 0 0 0 0 0 0 0 0 0 0 0 0 0 0 0 0 0 0 0 0
 0 0 0 0 0 0 0 0 0 0 0 0 0 0 0 0 0 0 0 0 0 0 0 0 0 0
 0 0 0 0 0 0 0 0 0 0 0 0 0 0 0 0 0 0 0 0 0 0 0 0 0 0
 0 0 0 0 0 0 0 0 0 0 0 0 0 0 0 0 0 0 0 0 0 0 0 0 0 0
 0 0 0 0 0 0 0 0 0 0 0 0 0 0 0 0 0 0 0 0 0 0 0 0 0 0
 0 0 0 0 0 0 0 0 0 0 0 0 0 0 0 0 0 0 0 0 0 0 0 0 0 0
 0 0 0 0 0 0 0 0 0 0 0 0 0 0 0 0 0 0 0 0 0 0 0 0 0 0
 0 0 0 0 0 0 0 0 0 0 0 0 0 0 0 0 0 0 0 0 0 0 0 0 0 0
 0 0 0 0 0 0 0 0 0 0 0 0 0 0 0 0 0 0 0 0 0 0 0 0 0 0
 0.00862536 0 0 0.000197151 0.00414017 0.0128641 0.00837892 0.0270097 0.101434 0.158115 0.152841 0.127902 0.109271 0.109419 0.0830992 0.0579132 0.0238553 0.00714673 0.00463305 0.00128148 0.00103504 0.000492878 0.000147863 0.000147863 4.92878e-05 0
 0 0 0 0 0 0 0 0 0 0 0 0 0 0 0 0 0 0 0 0 0 0 0 0 0 0
 0 0 0 0 0 0 0 0.0054083 0.00873648 0.0413646 0.0450493 0.0745869 0.0622846 0.0627006 0.0613931 0.0827291 0.12552 0.122667 0.0946155 0.0697135 0.0546179 0.0294188 0.0215738 0.0213955 0.0102223 0.00600262
 0 0 0 0 0.00359764 0.0251062 0.0480494 0.140153 0.205849 0.193036 0.1447 0.116669 0.0760912 0.0342217 0.00950174 0.001854 0.000860785 0 0 0 0.000165536 0 0.000143464 0 0 0
 0 0 0 0 0 0 0 0.000145254 0.000435761 0.0275982 0.070085 0.0708112 0.156366 0.174668 0.174014 0.160142 0.0824315 0.0480064 0.0283245 0.00493863 0.00203355 0 0 0 0 0
 0 0 0 0 0 0 0 0 0 0 0 0 0 0 0 0 0 0 0 0 0 0 0 0 0 0
 0 0 1.00437e-05 0.000401748 0.00122533 0.00171747 0.00176769 0.0269171 0.070346 0.194647 0.189555 0.159765 0.064822 0.0314167 0.0384472 0.0292271 0.0345202 0.0313363 0.0194345 0.0106764 0.0143323 0.0359363 0.0279516 0.0138201 0.00172751 0
 0 0.0021121 0.0136068 0.0755702 0.200478 0.177729 0.0527432 0.0373336 0.0318909 0.0142505 0.0149659 0.0166563 0.0217959 0.0798694 0.0677717 0.0528807 0.04013 0.0224614 0.0357745 0.0225083 0.00881397 0.00855152 0.00135912 0.000746735 0 0
 0 0 0 0 5.4009e-05 0.00500934 0.000945158 0.0243581 0.138947 0.33067 0.221406 0.137944 0.0707744 0.0437923 0.0131692 0.00525238 0.0047753 0.00276346 9.45158e-05 9.00151e-06 2.25038e-05 9.00151e-06 4.50075e-06 0 0 0
 0.000866109 0.00284123 0.00948549 0.0512746 0.133035 0.25785 0.225252 0.132002 0.0553304 0.0519788 0.0540692 0.017754 0.00435017 0.00159236 0.00146478 0.000404838 0.000125132 0.000115318 0.000107957 0.000100596 0 0 0 0 0 0
 0 0 0 0 0.00144013 0.00171154 0.00461396 0.0210425 0.0478622 0.0707936 0.0888783 0.103762 0.0637923 0.0337046 0.0602308 0.124433 0.169614 0.0934646 0.0462172 0.0250306 0.0313229 0.00938855 0.002487 0.000210481 0 0
 0 0.00764035 0.051015 0.0998891 0.058973 0.0496711 0.0374665 0.0718981 0.12319 0.153886 0.159021 0.0857701 0.0377988 0.023471 0.0147837 0.00900784 0.00315554 0.000888139 0.00291439 0.00214683 0.00393193 0.00274676 0.000635225 9.99891e-05 0 0
 0 0 0 0 0 0 0 0 0 0 0 0 0 0 0 0 0 0 0 0 0 0 0 0 0 0
 0 0 0 0 0 0 0 0 0 0 0 0 0 0 0 0 0 0 0 0 0 0 0 0 0 0
 0 0 0 0 0 0 0 0 0 0 0 0 0 0 0 0 0 0 0 0 0 0 0 0 0 0
 0 0 0 0 0 0 0 0 0 0 0 0 0 0 0 0 0 0 0 0 0 0 0 0 0 0
 0 0 0 0 0 0 0 0 0 0 0 0 0 0 0 0 0 0 0 0 0 0 0 0 0 0
 0 0 0 0 0 0 0 0 0 0 0 0 0 0 0 0 0 0 0 0 0 0 0 0 0 0
 0 0 0 0 0 0 0 0 0 0 0 0 0 0 0 0 0 0 0 0 0 0 0 0 0 0
ppred_pel_tallas
 1.10139e-16 4.25625e-05 0.000413722 0.00274933 0.0124981 0.0388862 0.0828519 0.120929 0.120947 0.0829432 0.0391937 0.0133911 0.00500939 0.00540816 0.00970544 0.0164397 0.0247513 0.0333555 0.0408861 0.0465806 0.0504936 0.0529961 0.054067 0.0531009 0.0494142 0.042946
 1.12861e-16 3.82834e-05 0.000372128 0.00247292 0.0112416 0.0349769 0.0745233 0.108776 0.108812 0.074696 0.035557 0.0129179 0.0066838 0.00957496 0.0175484 0.0290397 0.0420522 0.053386 0.0598393 0.0600308 0.055247 0.0485285 0.0427269 0.0390431 0.036924 0.0349913
 1.09465e-16 4.91151e-05 0.000477416 0.0031726 0.0144222 0.0448729 0.0956074 0.139547 0.139572 0.0957296 0.0452837 0.0156101 0.00615951 0.00701522 0.0125169 0.0207505 0.0302066 0.0386636 0.0438843 0.0448451 0.0423052 0.0381833 0.034268 0.0313005 0.0289766 0.0265806
 1.03845e-16 6.22084e-05 0.000604688 0.00401836 0.0182669 0.0568352 0.121094 0.176744 0.176762 0.121181 0.0571266 0.0191087 0.00613265 0.00522432 0.00884804 0.0145619 0.0210493 0.0266389 0.0296719 0.0293926 0.0263875 0.0221588 0.0181849 0.0152073 0.0131606 0.0115774
 1.02668e-16 5.26783e-05 0.000512052 0.00340276 0.0154685 0.0481284 0.102544 0.149672 0.149702 0.10269 0.0486206 0.01689 0.00697046 0.00829847 0.0148349 0.0244272 0.0351488 0.0441282 0.0484725 0.0468459 0.040263 0.031399 0.0229945 0.0165943 0.0123443 0.00959597
 1.02373e-16 6.09582e-05 0.000592535 0.00393761 0.0178998 0.055693 0.118661 0.173193 0.173212 0.118756 0.056015 0.0188302 0.00627439 0.00569861 0.00977245 0.016096 0.0232654 0.0294308 0.0327395 0.0323209 0.0287772 0.0237265 0.0187905 0.0148301 0.0118755 0.00955101
 1.04172e-16 3.38498e-05 0.000329033 0.00218654 0.00993972 0.0309264 0.0658938 0.0961841 0.0962325 0.0661302 0.0317203 0.0122326 0.00794178 0.0128919 0.0238903 0.0394348 0.0567867 0.0713727 0.0785438 0.0761452 0.0657876 0.051733 0.038334 0.0280238 0.0210154 0.01629
 1.10189e-16 3.34748e-05 0.000325387 0.00216231 0.00982958 0.0305837 0.065163 0.0951144 0.0951485 0.0653296 0.0311439 0.0114509 0.00624398 0.00927547 0.0171478 0.0285998 0.0419038 0.0541711 0.0624261 0.0652228 0.0633546 0.0590117 0.0541428 0.0494081 0.0443734 0.0384338
 1.12955e-16 4.17976e-05 0.000406287 0.00269992 0.0122735 0.0381875 0.0813635 0.118758 0.118786 0.0814988 0.0386421 0.0135886 0.00600872 0.00765494 0.0138843 0.0230892 0.0337381 0.0434583 0.0498635 0.0518923 0.0503941 0.0473954 0.0446574 0.0426936 0.0408598 0.0381642
 1.05094e-16 6.3976e-05 0.00062187 0.00413254 0.018786 0.0584502 0.124535 0.181765 0.18178 0.124606 0.058691 0.0194822 0.00588222 0.00444786 0.00734945 0.0121002 0.0175477 0.0223328 0.0251201 0.0253126 0.0233978 0.0205817 0.0180097 0.0161896 0.0149601 0.013854
 1.00771e-16 7.39447e-05 0.000718769 0.00477647 0.0217132 0.0675577 0.143939 0.210085 0.210094 0.143982 0.0677 0.0221238 0.00580696 0.00296724 0.00434102 0.00705123 0.010131 0.0126996 0.0139145 0.01339 0.011426 0.00880806 0.00634367 0.0044917 0.00329783 0.00256702
 1.00479e-16 6.58269e-05 0.000639861 0.0042521 0.0193294 0.0601412 0.128138 0.187025 0.187043 0.128227 0.0604412 0.0201955 0.00642466 0.00537781 0.00905003 0.0148204 0.0212559 0.0265458 0.0288919 0.0274646 0.0229018 0.0168975 0.0112207 0.00691894 0.00415958 0.00257236
 1.02019e-16 3.91827e-05 0.00038087 0.00253102 0.0115057 0.0357986 0.0762744 0.111334 0.111379 0.0764942 0.0365365 0.0136367 0.00787887 0.0120512 0.0221908 0.0365906 0.0526257 0.0660021 0.0723559 0.0696512 0.0593813 0.0455502 0.0322967 0.0220113 0.0150235 0.0104802
 1.05281e-16 4.92172e-05 0.000478409 0.0031792 0.0144522 0.0449662 0.0958062 0.139837 0.139863 0.0959303 0.0453832 0.0156583 0.00621326 0.00712365 0.0127336 0.0211393 0.0308327 0.0395728 0.0450753 0.0462343 0.0436874 0.0392052 0.0344497 0.0301337 0.0260898 0.0219063
 1.00229e-16 8.09346e-05 0.000786713 0.00522799 0.0237657 0.0739438 0.157545 0.229942 0.229943 0.157552 0.0739651 0.0238271 0.00538229 0.00112378 0.000721782 0.001067 0.00153358 0.00193778 0.00215317 0.00212379 0.00189244 0.00156943 0.00126406 0.00103224 0.000871081 0.000748047
 1.00049e-16 7.65001e-05 0.000743608 0.00494154 0.0224635 0.0698924 0.148913 0.217345 0.217352 0.148947 0.0700038 0.022785 0.00574781 0.00250117 0.00340698 0.00549177 0.00785769 0.00978428 0.0105951 0.0099807 0.00818463 0.00585157 0.00365963 0.00201753 0.000997916 0.000460468
 1.00967e-16 2.17187e-05 0.000211114 0.00140293 0.00637755 0.0198433 0.0422808 0.0617243 0.0617926 0.0426144 0.0209631 0.00961037 0.00951166 0.0178923 0.0335416 0.0552593 0.07923 0.0988493 0.107396 0.101761 0.0843393 0.0614986 0.0399115 0.0235637 0.0131364 0.00726739
 1.02866e-16 6.94433e-05 0.000675013 0.0044857 0.0203914 0.0634451 0.135177 0.197296 0.197302 0.135209 0.0635525 0.0207032 0.00527414 0.00241519 0.00342986 0.00570453 0.00854503 0.0114377 0.0138808 0.0155967 0.0166151 0.0171046 0.0171204 0.0165214 0.0151234 0.0129254
 1.00589e-16 7.4385e-05 0.000723049 0.00480492 0.0218425 0.06796 0.144796 0.211336 0.211345 0.144838 0.0681005 0.022248 0.00582224 0.0029417 0.00428169 0.00694438 0.00995852 0.0124446 0.0135639 0.012936 0.0108687 0.00816076 0.0056376 0.0037741 0.00262152 0.00197537
 1.00556e-16 6.06673e-05 0.000589708 0.00391882 0.0178144 0.0554273 0.118095 0.172368 0.172392 0.118212 0.0558226 0.0189557 0.0067818 0.00683315 0.011899 0.0195253 0.0280027 0.0349637 0.0380382 0.0361313 0.0300841 0.0221323 0.0146126 0.00891263 0.00525935 0.00316839
 1.01716e-16 5.45361e-05 0.00053011 0.00352277 0.016014 0.0498257 0.10616 0.154949 0.154977 0.106295 0.0502806 0.0173282 0.0068218 0.00773294 0.0137368 0.0226298 0.0326068 0.0410253 0.045218 0.0439332 0.0380576 0.029985 0.0221681 0.0159918 0.0116166 0.00853849
 1.03543e-16 4.69023e-05 0.000455907 0.00302967 0.0137724 0.0428514 0.0913006 0.133263 0.133296 0.0914629 0.0433965 0.0153473 0.00698461 0.00909555 0.0164725 0.0272031 0.0392862 0.0496164 0.0550449 0.0540958 0.0478088 0.0389681 0.0303772 0.023545 0.0185463 0.0147331
 1.08032e-16 2.86713e-05 0.000278696 0.00185203 0.0084191 0.0261952 0.0558133 0.0814708 0.0815169 0.0560386 0.0269521 0.0106068 0.00734904 0.0122975 0.0229095 0.0379723 0.0550331 0.0699065 0.0783168 0.0782584 0.0711153 0.0605655 0.0502123 0.0418414 0.0353317 0.0297186
 1.04974e-16 6.58059e-05 0.000639657 0.00425074 0.0193233 0.0601219 0.128096 0.186963 0.186973 0.128147 0.0602906 0.0198116 0.00548097 0.00334024 0.00523887 0.00867281 0.0127599 0.0166209 0.0193974 0.0206873 0.0207372 0.0201715 0.0194925 0.0187773 0.0177655 0.0161753
 1.01375e-16 6.82032e-05 0.00066296 0.0044056 0.0200272 0.0623122 0.132763 0.193775 0.19379 0.132835 0.0625543 0.0207263 0.00615946 0.00448891 0.0073264 0.0119835 0.0172086 0.0215428 0.0235521 0.0225843 0.0191633 0.0146491 0.0104394 0.00732844 0.00538868 0.00426453
 1.02357e-16 3.27259e-05 0.000318107 0.00211394 0.00960969 0.0298996 0.0637062 0.0929921 0.0930448 0.0639638 0.0307643 0.0121067 0.00837935 0.0139873 0.0259687 0.0428152 0.0615206 0.0770368 0.0842311 0.0807206 0.0682962 0.0517296 0.035969 0.0238946 0.0159152 0.0109839
 1.01678e-16 7.34382e-05 0.000713846 0.00474376 0.0215644 0.067095 0.142953 0.208646 0.208652 0.142983 0.0671947 0.021853 0.00547066 0.00230884 0.00312647 0.00511449 0.0075045 0.00973587 0.0112795 0.0118738 0.0116436 0.0109506 0.0101106 0.00922067 0.00820545 0.00698365
 1.02051e-16 3.71658e-05 0.000361264 0.00240073 0.0109134 0.0339559 0.0723486 0.105605 0.105655 0.0725919 0.0347729 0.0132719 0.0083167 0.0132618 0.0244962 0.0403302 0.057841 0.072208 0.0785485 0.0746227 0.0622026 0.0459435 0.0306916 0.0192935 0.0121531 0.00817659
 1.07391e-16 3.58002e-05 0.000347991 0.00231252 0.0105124 0.0327082 0.0696896 0.101721 0.101756 0.0698576 0.0332729 0.0121463 0.00642463 0.00936076 0.0172577 0.0287463 0.0420373 0.0541669 0.0620751 0.064251 0.0614746 0.0559954 0.0498949 0.0440199 0.0381361 0.0317993
 1.03432e-16 6.96847e-05 0.00067736 0.0045013 0.0204622 0.0636657 0.135647 0.197982 0.197992 0.135691 0.0638156 0.0208958 0.00559184 0.00306535 0.0046267 0.00759631 0.0110732 0.0142176 0.0162243 0.0167304 0.0160116 0.0147462 0.0135422 0.0126104 0.0117851 0.010779
 1.01249e-16 6.43818e-05 0.000625814 0.00415876 0.0189051 0.0588209 0.125325 0.182919 0.182939 0.125419 0.0591372 0.0198184 0.00644987 0.00562296 0.00954206 0.0156396 0.0224453 0.0280628 0.0306085 0.0292201 0.0245787 0.0184692 0.0127407 0.00846566 0.00577779 0.00424395
pSPR Fmed_Fpbrs
0.542542   0.212018 0.212018
Fs Fmed_Fpbrs
0.34   1.005 1.005
SSBpbr Bo_Bmed_Bpbrs
642618  316516  104116 104116
Ro
103022
SPR SPRFo_SPRFmed_SPRFpbrs
735343 398955 155906
Fref
1.005
Nvult_r0
 265772 36781.7 2019.17 802.078 478.673
CTP_r0
 118085 18436.7 1012.1 402.039 239.933
YTP_r0
1.29069e+06
Np
 124555 20597.9 13047.8 1658.78 103.323
Nvult_p0
 103957 17824.1 11290.8 1435.41 89.4091
CTP_p0
 46188.7 42027.9 5343.03 293.311 150.278
 46188.7 8934.3 5659.49 719.494 44.8161
YTP_p0
 1.22474e+06 664505
CBA_c0
1.27091e+06
log_Ro
11.3627
likeval ReclasPelacesDesembMPH_pf_preclas_ppelaces_ptallas_desvR_qrecl_qpela
 33.617 269.88 0.0309084 107.864 246.626 141.336 125.349 0 27.0981 9.93696e-05 0 0.0494491 0 0 0
q_reclas_q_pelaces
4.09493 1
M
1
N
 149743 29183.3 41803.3 3473.23 0.165896
 93570.1 41298.7 7474.42 10706.7 889.608
 83244.3 20187.8 7768.58 1405.99 2181.34
 128859 18049.8 3821.33 1470.5 679.041
 96470 24574.7 2907.57 615.563 346.262
 195264 28707.2 6924.99 819.334 271.036
 71504.9 52102 7053.19 1701.43 267.898
 25764.3 11510.1 6782.12 918.114 256.348
 24720.4 8081.29 3465.38 2041.91 353.598
 35200 4496.37 1226.56 525.967 363.584
 70660.6 3692.14 341.641 93.1954 67.5893
 161252 21419.5 1064.9 98.5368 46.3739
 63416.8 35323.7 4106.95 204.182 27.785
 31485.8 12889 6164.09 716.676 40.479
 76621.2 618.215 119.189 57.0011 7.00163
 299971 12940.8 85.4829 16.4806 8.8499
 40691 61108.2 2264.78 14.9604 4.43312
 182046 8956.83 11788.1 436.888 3.74112
 396054 23480.4 882.511 1161.47 43.4149
 322956 61257.5 2906.84 109.254 149.164
 302386 71224.5 11845.3 562.093 49.97
 215849 76047.3 16244.6 2701.63 139.597
 48346.7 38691.8 11332.5 2420.75 423.396
 110163 8595.2 5706.38 1671.35 419.463
 172567 18472.9 1177.83 781.967 286.512
 40968.1 32149 2889.47 184.233 167.128
 217049 8189.2 5494.09 493.796 60.0458
 88949.3 55949.1 1926.58 1292.53 130.296
 46201.8 21268.3 11975.8 412.379 304.553
 160348 9575.76 3803.8 2141.85 128.222
 318432 42505.5 2333.38 926.894 553.162
pred_Ctot
 24254 5771.17 8266.87 686.854 0.0328069
 25533.5 13461.2 2436.26 3489.8 289.965
 22546 6533.71 2514.27 455.043 705.982
 41348.8 6848.81 1449.97 557.969 257.656
 11856.8 3714.77 439.515 93.0501 52.3418
 34800.2 6227.24 1502.19 177.732 58.794
 27148.6 23092.4 3126.09 754.101 118.737
 2431.63 1343.05 791.365 107.129 29.9117
 8357.97 3218.93 1380.33 813.331 140.845
 17534.4 2542.66 693.608 297.43 205.604
 7986.4 514.172 47.5773 12.9785 9.41256
 42994.3 6830.38 339.581 31.4221 14.788
 18816.1 12457 1448.33 72.0053 9.79846
 23014.1 10043.2 4803.11 558.44 31.5416
 27874.5 263.474 50.7964 24.2931 2.98399
 88733 4550.6 30.0599 5.79538 3.11205
 10768 19348.4 717.086 4.73685 1.40364
 81144.7 4590.1 6041.05 223.892 1.91721
 155422 10725.5 403.118 530.545 19.8313
 85207.1 19340.6 917.765 34.4943 47.095
 62366.8 17783.1 2957.49 140.341 12.4763
 74095.7 30720.3 6562.19 1091.35 56.3917
 16736.4 15752 4613.64 985.525 172.371
 40341.9 3685.41 2446.75 716.634 179.855
 56855.9 7183.71 458.034 304.09 111.418
 12419 11567.6 1039.67 66.2892 60.1347
 42266.6 1934.83 1298.07 116.667 14.1868
 20379.8 15448.1 531.946 356.88 35.9759
 13353.4 7317.87 4120.56 141.889 104.789
 29086.4 2112.91 839.318 472.605 28.2926
 35338 5814.2 319.176 126.787 75.6654
F
 0.288086 0.362109 0.362109 0.362109 0.362109
 0.533631 0.670745 0.670745 0.670745 0.670745
 0.528647 0.664481 0.664481 0.664481 0.664481
 0.657002 0.825816 0.825816 0.825816 0.825816
 0.212085 0.26658 0.26658 0.26658 0.26658
 0.321148 0.403666 0.403666 0.403666 0.403666
 0.826538 1.03891 1.03891 1.03891 1.03891
 0.159437 0.200404 0.200404 0.200404 0.200404
 0.704359 0.885341 0.885341 0.885341 0.885341
 1.25484 1.57727 1.57727 1.57727 1.57727
 0.193587 0.243329 0.243329 0.243329 0.243329
 0.518416 0.651621 0.651621 0.651621 0.651621
 0.593352 0.745811 0.745811 0.745811 0.745811
 2.93046 3.68343 3.68343 3.68343 3.68343
 0.77849 0.978521 0.978521 0.978521 0.978521
 0.591041 0.742906 0.742906 0.742906 0.742906
 0.51359 0.645555 0.645555 0.645555 0.645555
 1.0481 1.3174 1.3174 1.3174 1.3174
 0.866464 1.0891 1.0891 1.0891 1.0891
 0.511679 0.643153 0.643153 0.643153 0.643153
 0.38035 0.478079 0.478079 0.478079 0.478079
 0.71895 0.903681 0.903681 0.903681 0.903681
 0.727193 0.914043 0.914043 0.914043 0.914043
 0.785655 0.987527 0.987527 0.987527 0.987527
 0.680403 0.855231 0.855231 0.855231 0.855231
 0.609977 0.766708 0.766708 0.766708 0.766708
 0.35568 0.447071 0.447071 0.447071 0.447071
 0.430851 0.541557 0.541557 0.541557 0.541557
 0.573783 0.721215 0.721215 0.721215 0.721215
 0.327712 0.411917 0.411917 0.411917 0.411917
 0.189786 0.238551 0.238551 0.238551 0.238551
YTP_r0W_actual
 980102 259957 27934 13749.7 8949.52
YTP_p0W_proyectada
 348263 733387 128607 9186.5 5297.31
 348263 155903 136224 22534.5 1579.77
CTP_r0_actual
 118085 18436.7 1012.1 402.039 239.933
CTP_p0_proyectada
 46188.7 42027.9 5343.03 293.311 150.278
 46188.7 8934.3 5659.49 719.494 44.8161
Wmedp
 7.54 17.45 24.07 31.32 35.25
Frms_r0
 0.799557 1.005 1.005 1.005 1.005
Zrms_r0
 1.79956 2.005 2.005 2.005 2.005
nmprior
 7.29 8.9 8.7 0
nm_flota  nm_reclas  nm_pelaces    nm_pelaL
inf 7.75447 4.85426 7.79757
cv_recla  cv_pelaces  cv_mph
0.524451 1.86276 0.432075
 ------------------------------------------------
Talla a la edad & desviaci?n 
 8 13.2811 15.8009 17.003 17.5766
 0.8 1.32811 1.58009 1.7003 1.75766
