years
 1991 1992 1993 1994 1995 1996 1997 1998 1999 2000 2001 2002 2003 2004 2005 2006 2007 2008 2009 2010 2011 2012 2013 2014 2015 2016 2017 2018 2019 2020
reclasobs
 0 0 0 0 0 0 0 0 0 252601 567819 844713 477998 351125 339783 2.1784e+06 2.13404e+06 4.81314e+06 1.55562e+06 2.62356e+06 3.21686e+06 3.843e+06 1.13348e+06 3.07943e+06 1.97215e+06 2.03268e+06 2.025e+06 2.42433e+06 2.27542e+06 1.05018e+06
reclaspred
 4.61806e+06 2.53587e+06 1.22008e+06 1.23334e+06 1.4659e+06 2.71409e+06 1.74845e+06 1.27247e+06 743615 336018 569615 1.40336e+06 1.30028e+06 184566 617487 1.82047e+06 1.95469e+06 1.52481e+06 2.1961e+06 2.82681e+06 5.5269e+06 3.08634e+06 1.516e+06 1.4337e+06 1.388e+06 1.29792e+06 2.53879e+06 2.25811e+06 1.53136e+06 1.62859e+06
pelacesobs
 0 0 0 0 0 0 0 0 0 0 0 0 0 0 0 552880 188675 0 991730 2.46772e+06 1.41603e+06 1.21717e+06 2.29649e+06 1.80582e+06 0 1.4828e+06 1.56532e+06 1.57751e+06 1.42118e+06 867257
pelacespred
 440945 244929 112781 97261.5 137197 262394 142337 140616 72248.2 24985.1 58339.1 122203 115589 8060.55 59818.7 155268 161105 118341 197718 244053 491048 288000 131798 134272 118610 109103 305241 246204 133824 170357
mphobs
 0 0 0 0 0 0 0 0 0 0 0 0 498337 0 5186 125008 0 168611 109162 213762 579715 649985 157893 87575 83554 210694 70296 0 107559 103333
mphpred
 962168 653181 296004 167977 221792 305040 483785 214828 183841 80345.2 33175 155246 283293 103159 6556.38 120077 415801 238955 167643 351335 651105 700915 300328 144978 193627 219030 157840 487540 351945 185735
desembarqueobs
 494567 514787 250237 358949 120608 361735 552515 73892 212993 205616 52469 317467 293654 387597 252695 516296 358380 742168 942051 627588 828172 859565 418607 520667 417249 300574 415391 372974 316634 284311
desembarquepred
 494558 514346 250431 358948 120610 361717 552482 73897.6 213070 205683 52470.2 317417 293837 387966 252599 516133 358597 742184 941213 627217 828236 859835 418629 520942 417186 300595 415371 373115 316465 284172
Reclutas
 147504 94048 83376.1 127612 94574.5 196222 71026.8 25284 24441.1 34643.8 68261 162700 63036 31938.7 76273.7 298751 40556.2 182330 395040 321749 301975 216273 48277.9 109885 172359 40844.5 216919 89554.6 43453.3 126903
log_desv_Rt
 0.410409 -0.0396403 -0.160084 0.265549 -0.0340581 0.695803 -0.320388 -1.35328 -1.38718 -1.03833 -0.360107 0.508465 -0.439739 -1.11963 -0.249118 1.11616 -0.880756 0.622372 1.39554 1.19033 1.1269 0.793096 -0.706472 0.115988 0.566134 -0.873672 0.796077 -0.0885972 -0.811758 0.259978
SSB
 962168 653181 296004 167977 221792 305040 483785 214828 183841 80345.2 33175 155246 268781 98435 6301.76 115959 415801 238955 174800 363087 690803 800956 370871 169997 204718 252361 164839 487540 370693 180219
BT
 1.55438e+06 1.1314e+06 522149 621691 508492 1.24549e+06 856517 495630 425416 278674 279458 706777 601632 409597 519685 1.04955e+06 707788 1.09396e+06 1.70587e+06 1.34114e+06 2.355e+06 1.62723e+06 750295 1.0249e+06 758144 580080 1.7045e+06 1.09832e+06 619269 901968
Ftot
 0.382456 0.709483 0.703491 0.857012 0.276666 0.407859 1.05244 0.204519 0.907176 1.65023 0.253838 0.657908 0.752806 3.68741 0.980536 0.744731 0.65094 1.32084 1.0903 0.645191 0.47962 0.905994 0.917986 0.989986 0.856817 0.770676 0.446427 0.539211 0.730017 0.507605
BD_Bspro_t
 0.940642 0.627563 0.363705 0.268599 0.300895 0.421214 0.469183 0.255297 0.290576 0.18321 0.112201 0.46079 0.435909 0.180387 0.0168062 0.23476 0.392535 0.252932 0.179346 0.267782 0.344305 0.366672 0.241093 0.154882 0.20629 0.269112 0.227992 0.482277 0.406472 0.26865
BD_Bspro
 1.38133 0.937737 0.424957 0.241156 0.318415 0.43793 0.694545 0.308418 0.263931 0.115347 0.0476276 0.222878 0.385875 0.141318 0.0090471 0.166476 0.596944 0.343056 0.250952 0.521265 0.99175 1.14989 0.53244 0.244056 0.293904 0.362302 0.236651 0.699936 0.532185 0.25873
BD_Bo
 1.55467 1.05541 0.478282 0.271417 0.358371 0.492883 0.781699 0.347119 0.29705 0.129822 0.0536041 0.250845 0.434296 0.159051 0.0101824 0.187366 0.671851 0.386103 0.282442 0.586676 1.1162 1.29418 0.599252 0.274682 0.330784 0.407764 0.266347 0.787766 0.598965 0.291197
BD_Brms
 9.63771 6.54269 2.96497 1.68257 2.22162 3.05549 4.84591 2.15186 1.84147 0.804791 0.332303 1.55504 2.69229 0.98599 0.0631226 1.16152 4.16494 2.39354 1.75092 3.63692 6.91955 8.02291 3.71489 1.70281 2.0506 2.52782 1.65114 4.88353 3.71311 1.80519
Sel_flota
 0.799064 1 1 1 1
 0.799064 1 1 1 1
 0.799064 1 1 1 1
 0.799064 1 1 1 1
 0.799064 1 1 1 1
 0.799064 1 1 1 1
 0.799064 1 1 1 1
 0.799064 1 1 1 1
 0.799064 1 1 1 1
 0.799064 1 1 1 1
 0.799064 1 1 1 1
 0.799064 1 1 1 1
 0.799064 1 1 1 1
 0.799064 1 1 1 1
 0.799064 1 1 1 1
 0.799064 1 1 1 1
 0.799064 1 1 1 1
 0.799064 1 1 1 1
 0.799064 1 1 1 1
 0.799064 1 1 1 1
 0.799064 1 1 1 1
 0.799064 1 1 1 1
 0.799064 1 1 1 1
 0.799064 1 1 1 1
 0.799064 1 1 1 1
 0.799064 1 1 1 1
 0.799064 1 1 1 1
 0.799064 1 1 1 1
 0.799064 1 1 1 1
 0.799064 1 1 1 1
Sel_reclas
 0.5 1 1 1 1
 0.5 1 1 1 1
 0.5 1 1 1 1
 0.5 1 1 1 1
 0.5 1 1 1 1
 0.5 1 1 1 1
 0.5 1 1 1 1
 0.5 1 1 1 1
 0.5 1 1 1 1
 0.5 1 1 1 1
 0.5 1 1 1 1
 0.5 1 1 1 1
 0.5 1 1 1 1
 0.5 1 1 1 1
 0.5 1 1 1 1
 0.5 1 1 1 1
 0.5 1 1 1 1
 0.5 1 1 1 1
 0.5 1 1 1 1
 0.5 1 1 1 1
 0.5 1 1 1 1
 0.5 1 1 1 1
 0.5 1 1 1 1
 0.5 1 1 1 1
 0.5 1 1 1 1
 0.5 1 1 1 1
 0.5 1 1 1 1
 0.5 1 1 1 1
 0.5 1 1 1 1
 0.5 1 1 1 1
Sel_pelaces
 0.5 1 1 1 1
 0.5 1 1 1 1
 0.5 1 1 1 1
 0.5 1 1 1 1
 0.5 1 1 1 1
 0.5 1 1 1 1
 0.5 1 1 1 1
 0.5 1 1 1 1
 0.5 1 1 1 1
 0.5 1 1 1 1
 0.5 1 1 1 1
 0.5 1 1 1 1
 0.5 1 1 1 1
 0.5 1 1 1 1
 0.5 1 1 1 1
 0.5 1 1 1 1
 0.5 1 1 1 1
 0.5 1 1 1 1
 0.5 1 1 1 1
 0.5 1 1 1 1
 0.5 1 1 1 1
 0.5 1 1 1 1
 0.5 1 1 1 1
 0.5 1 1 1 1
 0.5 1 1 1 1
 0.5 1 1 1 1
 0.5 1 1 1 1
 0.5 1 1 1 1
 0.5 1 1 1 1
 0.5 1 1 1 1
pf_obs 
 0.8446 0.082 0.0669 0.0065 0
 0.8095 0.147 0.0364 0.0071 0
 0.9664 0.0169 0.016 0.0007 0
 0.9276 0.0648 0.0075 0.0001 0
 0.7033 0.2144 0.0806 0.0017 0
 0.9318 0.0425 0.0243 0.0014 0
 0.5671 0.3108 0.0964 0.0239 0.0018
 0.0768 0.2599 0.5324 0.112 0.0189
 0.490249 0.384438 0.106611 0.0170017 0.00170017
 0.7925 0.1577 0.0466 0.003 0.0002
 0.840416 0.127587 0.0312969 0.00059994 9.999e-05
 0.8084 0.0986 0.0794 0.0134 0.0002
 0.7335 0.1905 0.0724 0.0035 0.0001
 0.4001 0.4547 0.1325 0.0127 0
 0.49795 0.308269 0.164784 0.0264974 0.00249975
 0.9179 0.0499 0.0305 0.0017 0
 0.2467 0.6533 0.0926 0.0074 0
 0.9418 0.0223 0.034 0.0019 0
 0.707729 0.231977 0.0356964 0.0245975 0
 0.517169 0.277429 0.184464 0.0207286 0.00020938
 0.811772 0.124168 0.05621 0.00726502 0.000585176
 0.764997 0.148141 0.077277 0.00933861 0.000247198
 0.163321 0.427699 0.378323 0.0303852 0.000271297
 0.753843 0.0900009 0.118128 0.0371064 0.000921714
 0.721811 0.176058 0.0630433 0.0369309 0.00215725
 0.143369 0.312575 0.442814 0.0836902 0.0175525
 0.692698 0.0596174 0.167031 0.0765114 0.00414204
 0.394062 0.376323 0.152708 0.0712218 0.00568511
 0.125707 0.32114 0.495352 0.0537591 0.00404204
 0.23352 0.215282 0.420074 0.123614 0.00750983
pf_pred 
 0.632583 0.148594 0.201718 0.017105 8.20551e-07
 0.578648 0.292017 0.0523065 0.0710067 0.0060214
 0.70014 0.195755 0.07215 0.0129236 0.0190317
 0.82535 0.13301 0.027183 0.0100189 0.00443737
 0.739243 0.226464 0.0261177 0.0053376 0.00283861
 0.820168 0.141312 0.0334541 0.00385821 0.00120782
 0.501171 0.427572 0.0559935 0.0132559 0.00200737
 0.518487 0.284452 0.168912 0.0221201 0.00602973
 0.604788 0.229226 0.0980554 0.0582268 0.00970374
 0.827974 0.117475 0.03164 0.0135346 0.00937643
 0.935163 0.0572695 0.00516774 0.00139185 0.00100786
 0.863423 0.129613 0.00615146 0.000555079 0.000257758
 0.574091 0.381524 0.042122 0.00199912 0.000264159
 0.605453 0.256427 0.123726 0.0136599 0.00073397
 0.987943 0.00933386 0.00177015 0.000854099 9.93633e-05
 0.951239 0.0483458 0.000321217 6.09183e-05 3.28127e-05
 0.351164 0.62553 0.0231076 0.000153531 4.48002e-05
 0.883706 0.0492733 0.0646131 0.00238686 2.04863e-05
 0.930568 0.0638133 0.00238044 0.00312153 0.000116302
 0.808416 0.182175 0.00864767 0.000322586 0.000438775
 0.751 0.211988 0.0351944 0.00167064 0.000147087
 0.660861 0.27138 0.0576866 0.00957717 0.000494643
 0.438986 0.411081 0.119977 0.0255032 0.00445274
 0.852723 0.0772395 0.0513197 0.014978 0.00373973
 0.877 0.109694 0.00697814 0.00463644 0.00169104
 0.49536 0.458609 0.0410514 0.00261146 0.00236796
 0.927124 0.0419354 0.0281185 0.00251697 0.000305302
 0.557549 0.417624 0.0142864 0.00957933 0.000961482
 0.517934 0.302625 0.169372 0.00579402 0.00427495
 0.875693 0.0740862 0.0315268 0.0176448 0.00104896
pobs_RECLAS
 0 0 0 0 0
 0 0 0 0 0
 0 0 0 0 0
 0 0 0 0 0
 0 0 0 0 0
 0 0 0 0 0
 0 0 0 0 0
 0 0 0 0 0
 0 0 0 0 0
 0 0 0 0 0
 0.991045 0.00858322 0.000360255 1.14367e-05 0
 0.934742 0.0480273 0.0164251 0.00080598 0
 0.827803 0.169806 0.00239088 0 0
 0.941827 0.0461693 0.0120037 0 0
 0.791401 0.0380133 0.147996 0.0225897 0
 0.846168 0.0940531 0.0597789 0 0
 0.134021 0.677848 0.182769 0.00536245 0
 0.80878 0.0450904 0.141981 0.00414843 0
 0.846168 0.0940531 0.0597789 0 0
 0.905697 0.0802665 0.012482 0.00150086 5.37128e-05
 0.989698 0.0102097 9.19794e-05 0 0
 0.975433 0.0193895 0.00387452 0.00125025 5.28907e-05
 0.303575 0.632131 0.0575291 0.00676475 0
 0.966965 0.00978017 0.0227588 0.000495775 0
 0.843318 0.132988 0.00938335 0.0141283 0.000182051
 0.564624 0.303363 0.111486 0.0197234 0.00080311
 0.826376 0.0876187 0.0782897 0.00655872 0.00115652
 0.89761 0.0855135 0.0140674 0.00269457 0.000114338
 0.34875 0.467042 0.161289 0.0227151 0.000203297
 0.318654 0.224769 0.449479 0.00709798 0
ppred_RECLAS
 0.520698 0.193843 0.263145 0.0223137 1.07042e-06
 0.466808 0.369528 0.0661903 0.0898542 0.00761968
 0.598101 0.262368 0.0967017 0.0173213 0.0255079
 0.751825 0.189006 0.0386267 0.0142367 0.00630546
 0.640801 0.311958 0.0359776 0.00735266 0.00391024
 0.742253 0.202538 0.0479488 0.00552985 0.00173113
 0.393688 0.519702 0.0680584 0.0161122 0.0024399
 0.403503 0.352378 0.209247 0.0274023 0.0074696
 0.4957 0.292498 0.125121 0.0742988 0.0123822
 0.762235 0.162368 0.0437311 0.0187068 0.0129596
 0.900707 0.087704 0.007914 0.00213151 0.00154346
 0.800914 0.188934 0.00896685 0.000809128 0.000375729
 0.462555 0.481436 0.0531528 0.00252265 0.000333336
 0.54192 0.297718 0.143649 0.0158596 0.00085216
 0.981409 0.0143914 0.00272931 0.00131689 0.000153203
 0.925664 0.073703 0.000489695 9.28698e-05 5.00228e-05
 0.256134 0.717147 0.026492 0.000176017 5.13617e-05
 0.832589 0.0709315 0.093014 0.00343602 2.94911e-05
 0.896656 0.0949812 0.00354311 0.00464615 0.000173106
 0.728557 0.258112 0.0122523 0.00045705 0.000621669
 0.656162 0.292729 0.048599 0.00230694 0.000203109
 0.555874 0.355392 0.0755448 0.012542 0.000647771
 0.33459 0.487576 0.142303 0.030249 0.00528133
 0.788666 0.110834 0.073641 0.0214927 0.00536631
 0.820488 0.160093 0.0101842 0.00676665 0.00246799
 0.38544 0.558503 0.0499932 0.00318029 0.00288375
 0.889401 0.0636421 0.0426733 0.00381981 0.000463333
 0.444067 0.524738 0.0179507 0.0120363 0.00120809
 0.406685 0.372463 0.208459 0.00713114 0.0052615
 0.816886 0.109135 0.0464415 0.0259922 0.00154521
pobs_PELACES
 0 0 0 0 0
 0 0 0 0 0
 0 0 0 0 0
 0 0 0 0 0
 0 0 0 0 0
 0 0 0 0 0
 0 0 0 0 0
 0 0 0 0 0
 0 0 0 0 0
 0 0 0 0 0
 0 0 0 0 0
 0 0 0 0 0
 0 0 0 0 0
 0 0 0 0 0
 0 0 0 0 0
 0 0 0 0 0
 0.505614 0.472636 0.0217494 0 0
 0 0 0 0 0
 0.443492 0.261883 0.143347 0.151278 0
 0.227955 0.32914 0.350689 0.0885471 0.00366901
 0.970185 0.0296113 0.000203453 0 0
 0.997202 0.00247181 0.000326279 0 0
 0.445219 0.490057 0.0546422 0.010081 0
 0.90214 0.0892962 0.00764917 0.000914606 0
 0 0 0 0 0
 0.581667 0.319106 0.0959925 0.00289975 0.000334073
 0.762889 0.0836404 0.116647 0.0363945 0.000428098
 0.88444 0.0763242 0.0277011 0.0115352 0
 0.521256 0.241999 0.230069 0.00667565 0
 0.616807 0.101726 0.260614 0.0208532 0
ppred_PELACES
 0.527023 0.191285 0.259672 0.0220192 1.0563e-06
 0.478533 0.361402 0.0647347 0.0878782 0.00745211
 0.609261 0.255083 0.0940165 0.0168403 0.0247996
 0.762275 0.181047 0.0370002 0.0136372 0.00603994
 0.645013 0.308301 0.0355558 0.00726645 0.00386439
 0.747393 0.198498 0.0469926 0.00541957 0.00169661
 0.410463 0.505322 0.0661754 0.0156664 0.00237239
 0.406771 0.350447 0.208101 0.0272522 0.00742868
 0.510737 0.283776 0.12139 0.0720834 0.012013
 0.781494 0.149216 0.0401888 0.0171915 0.0119099
 0.902202 0.0863833 0.00779483 0.00209941 0.00152022
 0.807779 0.182419 0.00865766 0.000781227 0.000362773
 0.474985 0.470301 0.0519235 0.0024643 0.000325626
 0.601707 0.258861 0.124901 0.0137896 0.000740939
 0.982559 0.0135013 0.0025605 0.00123544 0.000143728
 0.928992 0.070404 0.000467776 8.87128e-05 4.77837e-05
 0.264444 0.709135 0.0261961 0.000174051 5.0788e-05
 0.844444 0.0659086 0.0864274 0.0031927 2.74027e-05
 0.903166 0.0889983 0.00331992 0.00435349 0.000162202
 0.736935 0.250146 0.0118741 0.000442944 0.000602483
 0.663301 0.286651 0.0475899 0.00225904 0.000198891
 0.570651 0.343567 0.0730312 0.0121247 0.000626218
 0.348276 0.477548 0.139376 0.0296268 0.0051727
 0.7994 0.105205 0.0699007 0.020401 0.00509375
 0.828704 0.152766 0.00971811 0.00645694 0.00235503
 0.397614 0.54744 0.0490029 0.00311729 0.00282663
 0.89228 0.0619858 0.0415627 0.0037204 0.000451274
 0.45291 0.516391 0.0176651 0.0118448 0.00118887
 0.418416 0.365099 0.204337 0.00699014 0.00515747
 0.821868 0.106166 0.0451782 0.0252851 0.00150317
pobs_pel_tallas
 0 0 0 0 0 0 0 0 0 0 0 0 0 0 0 0 0 0 0 0 0 0 0 0 0 0
 0 0 0 0 0 0 0 0 0 0 0 0 0 0 0 0 0 0 0 0 0 0 0 0 0 0
 0 0 0 0 0 0 0 0 0 0 0 0 0 0 0 0 0 0 0 0 0 0 0 0 0 0
 0 0 0 0 0 0 0 0 0 0 0 0 0 0 0 0 0 0 0 0 0 0 0 0 0 0
 0 0 0 0 0 0 0 0 0 0 0 0 0 0 0 0 0 0 0 0 0 0 0 0 0 0
 0 0 0 0 0 0 0 0 0 0 0 0 0 0 0 0 0 0 0 0 0 0 0 0 0 0
 0 0 0 0 0 0 0 0 0 0 0 0 0 0 0 0 0 0 0 0 0 0 0 0 0 0
 0 0 0 0 0 0 0 0 0 0 0 0 0 0 0 0 0 0 0 0 0 0 0 0 0 0
 0 0 0 0 0 0 0 0 0 0 0 0 0 0 0 0 0 0 0 0 0 0 0 0 0 0
 0 0 0 0 0 0 0 0 0 0 0 0 0 0 0 0 0 0 0 0 0 0 0 0 0 0
 0 0 0 0 0 0 0 0 0 0 0 0 0 0 0 0 0 0 0 0 0 0 0 0 0 0
 0 0 0 0 0 0 0 0 0 0 0 0 0 0 0 0 0 0 0 0 0 0 0 0 0 0
 0.00862536 0 0 0.000197151 0.00414017 0.0128641 0.00837892 0.0270097 0.101434 0.158115 0.152841 0.127902 0.109271 0.109419 0.0830992 0.0579132 0.0238553 0.00714673 0.00463305 0.00128148 0.00103504 0.000492878 0.000147863 0.000147863 4.92878e-05 0
 0 0 0 0 0 0 0 0 0 0 0 0 0 0 0 0 0 0 0 0 0 0 0 0 0 0
 0 0 0 0 0 0 0 0.0054083 0.00873648 0.0413646 0.0450493 0.0745869 0.0622846 0.0627006 0.0613931 0.0827291 0.12552 0.122667 0.0946155 0.0697135 0.0546179 0.0294188 0.0215738 0.0213955 0.0102223 0.00600262
 0 0 0 0 0.00359764 0.0251062 0.0480494 0.140153 0.205849 0.193036 0.1447 0.116669 0.0760912 0.0342217 0.00950174 0.001854 0.000860785 0 0 0 0.000165536 0 0.000143464 0 0 0
 0 0 0 0 0 0 0 0.000145254 0.000435761 0.0275982 0.070085 0.0708112 0.156366 0.174668 0.174014 0.160142 0.0824315 0.0480064 0.0283245 0.00493863 0.00203355 0 0 0 0 0
 0 0 0 0 0 0 0 0 0 0 0 0 0 0 0 0 0 0 0 0 0 0 0 0 0 0
 0 0 1.00437e-05 0.000401748 0.00122533 0.00171747 0.00176769 0.0269171 0.070346 0.194647 0.189555 0.159765 0.064822 0.0314167 0.0384472 0.0292271 0.0345202 0.0313363 0.0194345 0.0106764 0.0143323 0.0359363 0.0279516 0.0138201 0.00172751 0
 0 0.0021121 0.0136068 0.0755702 0.200478 0.177729 0.0527432 0.0373336 0.0318909 0.0142505 0.0149659 0.0166563 0.0217959 0.0798694 0.0677717 0.0528807 0.04013 0.0224614 0.0357745 0.0225083 0.00881397 0.00855152 0.00135912 0.000746735 0 0
 0 0 0 0 5.4009e-05 0.00500934 0.000945158 0.0243581 0.138947 0.33067 0.221406 0.137944 0.0707744 0.0437923 0.0131692 0.00525238 0.0047753 0.00276346 9.45158e-05 9.00151e-06 2.25038e-05 9.00151e-06 4.50075e-06 0 0 0
 0.000866109 0.00284123 0.00948549 0.0512746 0.133035 0.25785 0.225252 0.132002 0.0553304 0.0519788 0.0540692 0.017754 0.00435017 0.00159236 0.00146478 0.000404838 0.000125132 0.000115318 0.000107957 0.000100596 0 0 0 0 0 0
 0 0 0 0 0.00144013 0.00171154 0.00461396 0.0210425 0.0478622 0.0707936 0.0888783 0.103762 0.0637923 0.0337046 0.0602308 0.124433 0.169614 0.0934646 0.0462172 0.0250306 0.0313229 0.00938855 0.002487 0.000210481 0 0
 0 0.00764035 0.051015 0.0998891 0.058973 0.0496711 0.0374665 0.0718981 0.12319 0.153886 0.159021 0.0857701 0.0377988 0.023471 0.0147837 0.00900784 0.00315554 0.000888139 0.00291439 0.00214683 0.00393193 0.00274676 0.000635225 9.99891e-05 0 0
 0 0 0 0 0 0 0 0 0 0 0 0 0 0 0 0 0 0 0 0 0 0 0 0 0 0
 0 0 0 0 0 0 0 0 0 0 0 0 0 0 0 0 0 0 0 0 0 0 0 0 0 0
 0 0 0 0 0 0 0 0 0 0 0 0 0 0 0 0 0 0 0 0 0 0 0 0 0 0
 0 0 0 0 0 0 0 0 0 0 0 0 0 0 0 0 0 0 0 0 0 0 0 0 0 0
 0 0 0 0 0 0 0 0 0 0 0 0 0 0 0 0 0 0 0 0 0 0 0 0 0 0
 0 0 0 0 0 0 0 0 0 0 0 0 0 0 0 0 0 0 0 0 0 0 0 0 0 0
ppred_pel_tallas
 1.09751e-16 4.34102e-05 0.000421963 0.00280409 0.012747 0.0396608 0.0845022 0.123337 0.123356 0.0845942 0.0399709 0.0136473 0.00508137 0.00545103 0.00976343 0.0165118 0.0248031 0.0333124 0.0406378 0.0460066 0.0495061 0.0515833 0.0523134 0.0511727 0.0475145 0.0412571
 1.12035e-16 3.94162e-05 0.00038314 0.0025461 0.0115742 0.0360119 0.0767285 0.111995 0.11203 0.0768989 0.0365844 0.0132286 0.00670164 0.00946438 0.0173161 0.0286472 0.0414694 0.052614 0.058908 0.0589751 0.0540762 0.0472149 0.0412251 0.0373294 0.0350295 0.0330095
 1.08665e-16 5.01841e-05 0.000487807 0.00324165 0.0147361 0.0458496 0.0976882 0.142584 0.142609 0.0978089 0.046255 0.0159083 0.00618877 0.0069373 0.0123459 0.0204547 0.0297533 0.0380354 0.0430797 0.0438671 0.0411487 0.036834 0.0327191 0.0295732 0.0271319 0.0247126
 1.03504e-16 6.27877e-05 0.000610318 0.00405578 0.018437 0.0573645 0.122222 0.17839 0.178407 0.122307 0.0576512 0.0192655 0.00613646 0.00515607 0.00870674 0.0143232 0.0206955 0.0261721 0.029115 0.0287759 0.0257317 0.0214661 0.0174464 0.0144185 0.012335 0.0107486
 1.02488e-16 5.31289e-05 0.000516432 0.00343187 0.0156008 0.0485401 0.103421 0.150952 0.150982 0.103566 0.0490273 0.017008 0.0069634 0.00822362 0.0146841 0.024175 0.0347804 0.043654 0.0479288 0.0462803 0.039713 0.0308792 0.0224993 0.0161118 0.0118702 0.00913853
 1.02238e-16 6.15618e-05 0.000598403 0.0039766 0.018077 0.0562445 0.119836 0.174907 0.174927 0.119929 0.056559 0.0189858 0.00625897 0.00558533 0.00954573 0.0157174 0.0227136 0.0287233 0.0319346 0.031496 0.0279971 0.0230226 0.0181633 0.0142672 0.0113692 0.00910401
 1.04012e-16 3.38094e-05 0.00032864 0.00218393 0.00992785 0.0308895 0.0658151 0.0960693 0.096118 0.0660531 0.0316884 0.0122352 0.00797525 0.0129696 0.0240368 0.0396722 0.0571171 0.0717638 0.0789282 0.0764392 0.0659211 0.0516741 0.0380956 0.0276529 0.0205738 0.0158373
 1.10086e-16 3.35053e-05 0.000325683 0.00216428 0.00983854 0.0306115 0.0652223 0.095201 0.0952351 0.0653887 0.0311709 0.0114575 0.00624025 0.00926359 0.0171255 0.0285646 0.0418571 0.05412 0.0623828 0.0651993 0.063356 0.0590309 0.054161 0.0494009 0.0443209 0.0383281
 1.12838e-16 4.20688e-05 0.000408923 0.00271744 0.0123531 0.0384353 0.0818914 0.119529 0.119556 0.0820259 0.0388871 0.0136603 0.00600617 0.00761356 0.0138003 0.0229483 0.0335311 0.0431896 0.0495512 0.051561 0.0500636 0.047074 0.0443437 0.0423841 0.0405553 0.0378717
 1.04938e-16 6.43707e-05 0.000625706 0.00415804 0.0189018 0.0588107 0.125303 0.182886 0.182901 0.125373 0.0590474 0.019586 0.00587728 0.00438499 0.00722235 0.0118874 0.017236 0.0219301 0.0246555 0.0248246 0.0229171 0.0201202 0.0175638 0.0157517 0.0145299 0.0134414
 1.00715e-16 7.43132e-05 0.000722351 0.00480028 0.0218214 0.0678944 0.144657 0.211132 0.21114 0.144697 0.0680309 0.0222154 0.00578904 0.00287972 0.00416832 0.00676502 0.00971839 0.01218 0.0133407 0.0128301 0.010936 0.00841319 0.00603805 0.00425267 0.00310244 0.00240096
 1.00437e-16 6.65357e-05 0.000646751 0.00429789 0.0195376 0.0607888 0.129518 0.189038 0.189056 0.129603 0.0610767 0.0203687 0.00638262 0.00519307 0.00868704 0.0142199 0.0203924 0.0254632 0.0277061 0.0263243 0.0219309 0.0161537 0.010693 0.00655701 0.00390798 0.00239062
 1.01921e-16 3.9124e-05 0.000380299 0.00252722 0.0114884 0.035745 0.0761602 0.111167 0.111213 0.0763815 0.0364881 0.0136344 0.0079125 0.0121316 0.0223424 0.0368358 0.0529661 0.0664031 0.0727472 0.0699471 0.0595126 0.0454903 0.0320676 0.0216699 0.0146382 0.0101112
 1.05179e-16 4.95619e-05 0.000481759 0.00320146 0.0145534 0.0452811 0.0964772 0.140816 0.140842 0.0965998 0.0456934 0.0157458 0.0062011 0.00705181 0.012591 0.0209027 0.0304909 0.0391407 0.0445942 0.045757 0.0432555 0.0388342 0.0341305 0.0298461 0.0258177 0.0216451
 1.00226e-16 8.09321e-05 0.000786689 0.00522782 0.0237649 0.0739415 0.15754 0.229935 0.229936 0.157547 0.0739629 0.0238267 0.00538292 0.00112549 0.000725038 0.0010723 0.00154104 0.00194676 0.00216231 0.00213139 0.00189709 0.00157049 0.00126178 0.0010275 0.00086496 0.000741556
 1.00049e-16 7.65198e-05 0.0007438 0.00494281 0.0224693 0.0699104 0.148952 0.217401 0.217408 0.148985 0.0700214 0.0227897 0.00574636 0.00249542 0.00339574 0.00547323 0.00783115 0.00975124 0.0105594 0.00994709 0.00815714 0.00583201 0.00364749 0.00201091 0.000994678 0.000458958
 1.00964e-16 2.1782e-05 0.000211729 0.00140702 0.00639614 0.0199011 0.042404 0.0619042 0.0619724 0.0427373 0.0210199 0.00962595 0.0095082 0.0178764 0.0335104 0.0552075 0.0791554 0.0987555 0.107292 0.101661 0.0842525 0.0614304 0.0398614 0.0235279 0.0131109 0.00724896
 1.02836e-16 6.95557e-05 0.000676107 0.00449297 0.0204244 0.0635478 0.135396 0.197615 0.197622 0.135427 0.0636546 0.0207341 0.00527613 0.00240456 0.00340711 0.0056652 0.00848478 0.0113545 0.0137754 0.0154716 0.0164732 0.0169493 0.0169571 0.0163582 0.0149705 0.0127929
 1.00583e-16 7.43926e-05 0.000723123 0.00480541 0.0218447 0.0679669 0.144811 0.211358 0.211366 0.144853 0.0681074 0.0222502 0.00582255 0.00294137 0.00428091 0.006943 0.00995632 0.0124414 0.0135595 0.0129302 0.0108611 0.00815119 0.00562581 0.00376026 0.00260627 0.00195969
 1.00554e-16 6.07004e-05 0.00059003 0.00392095 0.0178241 0.0554575 0.118159 0.172462 0.172486 0.118277 0.0558523 0.0189637 0.00677963 0.00682409 0.0118813 0.019496 0.0279606 0.0349111 0.037981 0.036077 0.0300388 0.0220987 0.0145899 0.00889814 0.00524987 0.00316163
 1.01707e-16 5.46353e-05 0.000531075 0.00352918 0.0160432 0.0499164 0.106353 0.155231 0.155259 0.106488 0.0503698 0.017353 0.00681728 0.00771002 0.0136914 0.0225545 0.0324979 0.0408876 0.0450648 0.043782 0.0379232 0.0298747 0.0220815 0.0159246 0.0115641 0.00849772
 1.03518e-16 4.70038e-05 0.000456894 0.00303622 0.0138022 0.0429441 0.0914981 0.133551 0.133584 0.0916601 0.0434882 0.0153742 0.00698379 0.00908033 0.0164415 0.0271509 0.0392091 0.0495155 0.0549264 0.0539683 0.0476799 0.0388418 0.0302552 0.0234286 0.0184383 0.0146377
 1.07991e-16 2.86871e-05 0.000278849 0.00185305 0.00842374 0.0262096 0.0558441 0.0815158 0.0815619 0.0560696 0.0269672 0.0106134 0.00735497 0.0123082 0.0229292 0.0380039 0.0550763 0.0699559 0.0783616 0.0782853 0.0711131 0.0605285 0.0501422 0.041746 0.0352222 0.0296067
 1.04953e-16 6.58455e-05 0.000640042 0.0042533 0.0193349 0.0601581 0.128174 0.187075 0.187085 0.128224 0.0603264 0.0198221 0.00548086 0.00333476 0.0052277 0.00865406 0.0127324 0.0165852 0.0193557 0.0206426 0.0206918 0.0201256 0.0194454 0.0187279 0.017714 0.0161234
 1.01366e-16 6.82593e-05 0.000663505 0.00440922 0.0200437 0.0623635 0.132872 0.193934 0.193949 0.132944 0.0626047 0.0207402 0.0061566 0.0044753 0.0072996 0.0119391 0.0171448 0.0214626 0.0234638 0.0224986 0.019089 0.01459 0.0103943 0.00729351 0.00535999 0.00423962
 1.02346e-16 3.2751e-05 0.000318352 0.00211556 0.00961707 0.0299225 0.0637551 0.0930635 0.0931162 0.0640127 0.0307872 0.0121138 0.00838021 0.0139859 0.0259653 0.0428092 0.061511 0.0770229 0.0842122 0.0806964 0.0682663 0.0516943 0.0359294 0.0238527 0.0158737 0.0109458
 1.01665e-16 7.34959e-05 0.000714407 0.00474748 0.0215814 0.0671477 0.143065 0.208809 0.208816 0.143095 0.0672468 0.0218682 0.00546997 0.0022997 0.00310796 0.00508336 0.00745864 0.0096761 0.0112097 0.0117995 0.0115695 0.0108793 0.010043 0.0091574 0.00814773 0.00693332
 1.02031e-16 3.73057e-05 0.000362625 0.00240977 0.0109545 0.0340838 0.072621 0.106003 0.106053 0.0728637 0.0348986 0.0133066 0.00830969 0.0132281 0.0244298 0.0402202 0.0576825 0.0720087 0.0783289 0.074409 0.0620165 0.0457946 0.0305773 0.0192048 0.012081 0.00811531
 1.07564e-16 3.44644e-05 0.000335007 0.00222624 0.0101202 0.0314878 0.0670894 0.0979264 0.0979618 0.0672626 0.03207 0.0118048 0.00646605 0.00962736 0.0177897 0.029634 0.0433303 0.0558219 0.0639516 0.0661606 0.0632563 0.0575642 0.0512391 0.045162 0.039096 0.0325821
 1.04122e-16 6.76962e-05 0.000658031 0.00437285 0.0198783 0.0618489 0.131776 0.192333 0.192343 0.131826 0.0620179 0.0203672 0.00560282 0.00335219 0.00521148 0.00858025 0.012524 0.0161128 0.0184475 0.0191228 0.018445 0.0171636 0.0159399 0.0149849 0.0140919 0.0129308
pSPR Fmed_Fpbrs
0.541876   0.211311 0.211311
Fs Fmed_Fpbrs
0.34   1.005 1.005
SSBpbr Bo_Bmed_Bpbrs
618889  304417  99833.6 99833.6
Ro
97851
SPR SPRFo_SPRFmed_SPRFpbrs
696550 377443 147189
Fref
1.005
Nvult_r0
 105990 7719.31 3284.89 1838.48 109.295
CTP_r0
 47206.7 3869.28 1646.54 921.531 54.7839
YTP_r0
480954
Np
 121355 19998.5 4190.48 266.003 128.439
Nvult_p0
 101356 17305.5 3626.19 230.183 111.143
CTP_p0
 45142.8 13497.8 856.812 364.61 249.251
 45142.8 8674.34 1817.61 115.379 55.7101
YTP_p0
 616742 541071
CBA_c0
521690
log_Ro
11.3112
likeval ReclasPelacesDesembMPH_pf_preclas_ppelaces_ptallas_desvR_qrecl_qpela
 29.6491 271.525 0.0286987 105.021 239.174 136.227 118.35 0 25.308 0.000106938 0 0.0410483 0 0 0
q_reclas_q_pelaces
4.31651 1
M
1
N
 147504 28531.6 38732 3284.33 0.157554
 94048 39974.7 7160.32 9720.23 824.28
 83376.1 19626.5 7233.8 1295.73 1908.13
 127612 17483 3572.95 1316.89 583.251
 94574.5 23669.5 2729.76 557.875 296.685
 196222 27891.3 6602.98 761.511 238.393
 71026.8 52109.3 6824.06 1615.53 244.643
 25284 11269.4 6691.93 876.354 238.885
 24441.1 7899.08 3378.97 2006.48 334.389
 34643.8 4355.21 1173.01 501.774 347.618
 68261 3409.21 307.631 82.8556 59.997
 162700 20501.6 973.013 87.8002 40.7712
 63036 35381.9 3906.33 185.395 24.4976
 31938.7 12707.2 6131.22 676.916 36.3717
 76273.7 617.137 117.039 56.4714 6.56971
 298751 12817.6 85.162 16.1508 8.69938
 40556.2 60613.7 2239.12 14.8771 4.34113
 182330 8868.86 11629.9 429.62 3.68739
 395040 23345.1 870.847 1141.96 42.5471
 321749 60811 2886.63 107.681 146.465
 301975 70684.2 11735 557.05 49.044
 216273 75724.2 16096.5 2672.35 138.022
 48277.9 38574.6 11258.3 2393.14 417.832
 109885 8528.75 5666.7 1653.87 412.939
 172359 18326.9 1165.86 774.624 282.527
 40844.5 31974.2 2862.1 182.071 165.094
 216919 8116.94 5442.57 487.18 59.0937
 89554.6 55857.2 1910.81 1281.24 128.598
 43453.3 21412.7 11984.2 409.965 302.48
 126903 8920.55 3796.07 2124.57 126.303
pred_Ctot
 25169.7 5912.35 8026.1 680.584 0.0326487
 26926.1 13588.4 2433.97 3304.14 280.193
 23711.7 6629.66 2443.51 437.684 644.547
 42248.5 6808.61 1391.46 512.853 227.143
 12072.9 3698.48 426.54 87.1709 46.3586
 35422.8 6103.2 1444.87 166.635 52.1655
 27297.6 23288.9 3049.84 722.018 109.337
 2442.02 1339.74 795.556 104.183 28.3994
 8441.16 3199.36 1368.58 812.684 135.437
 17763.5 2520.32 678.809 290.372 201.163
 8053.63 493.206 44.5046 11.9866 8.67968
 43869.8 6585.52 312.551 28.2031 13.0965
 18903.6 12562.8 1386.99 65.8268 8.69818
 23384.9 9904.18 4778.78 527.6 28.3487
 27876.8 263.374 49.9483 24.1001 2.80374
 88843.1 4515.36 30.0008 5.6896 3.06461
 10842.4 19313.6 713.46 4.74034 1.38323
 81636.2 4551.83 5968.92 220.497 1.89251
 155613 10671.1 398.066 521.993 19.4484
 85405.4 19246 913.586 34.0797 46.3545
 62685.9 17694.6 2937.68 139.448 12.2774
 74621.9 30643.2 6513.74 1081.42 55.8532
 16819.5 15750.4 4596.86 977.144 170.605
 40438.6 3662.92 2433.73 710.303 177.349
 57053.2 7136.15 453.963 301.623 110.011
 12473.1 11547.7 1033.67 65.7563 59.625
 42347.9 1915.47 1284.36 114.967 13.9452
 20519 15369.4 525.77 352.54 35.3846
 12722.6 7433.7 4160.47 142.325 105.01
 27639.9 2338.42 995.096 556.932 33.1089
F
 0.305607 0.382456 0.382456 0.382456 0.382456
 0.566922 0.709483 0.709483 0.709483 0.709483
 0.562135 0.703491 0.703491 0.703491 0.703491
 0.684808 0.857012 0.857012 0.857012 0.857012
 0.221074 0.276666 0.276666 0.276666 0.276666
 0.325905 0.407859 0.407859 0.407859 0.407859
 0.840967 1.05244 1.05244 1.05244 1.05244
 0.163424 0.204519 0.204519 0.204519 0.204519
 0.724892 0.907176 0.907176 0.907176 0.907176
 1.31864 1.65023 1.65023 1.65023 1.65023
 0.202833 0.253838 0.253838 0.253838 0.253838
 0.52571 0.657908 0.657908 0.657908 0.657908
 0.60154 0.752806 0.752806 0.752806 0.752806
 2.94648 3.68741 3.68741 3.68741 3.68741
 0.783511 0.980536 0.980536 0.980536 0.980536
 0.595088 0.744731 0.744731 0.744731 0.744731
 0.520143 0.65094 0.65094 0.65094 0.65094
 1.05543 1.32084 1.32084 1.32084 1.32084
 0.871216 1.0903 1.0903 1.0903 1.0903
 0.515549 0.645191 0.645191 0.645191 0.645191
 0.383247 0.47962 0.47962 0.47962 0.47962
 0.723947 0.905994 0.905994 0.905994 0.905994
 0.73353 0.917986 0.917986 0.917986 0.917986
 0.791062 0.989986 0.989986 0.989986 0.989986
 0.684652 0.856817 0.856817 0.856817 0.856817
 0.61582 0.770676 0.770676 0.770676 0.770676
 0.356724 0.446427 0.446427 0.446427 0.446427
 0.430864 0.539211 0.539211 0.539211 0.539211
 0.58333 0.730017 0.730017 0.730017 0.730017
 0.405609 0.507605 0.507605 0.507605 0.507605
YTP_r0W_actual
 344609 61521.5 43633.4 29212.5 1977.7
YTP_p0W_proyectada
 340376 235536 20623.5 11419.6 8786.11
 340376 151367 43750 3613.66 1963.78
CTP_r0_actual
 47206.7 3869.28 1646.54 921.531 54.7839
CTP_p0_proyectada
 45142.8 13497.8 856.812 364.61 249.251
 45142.8 8674.34 1817.61 115.379 55.7101
Wmedp
 7.54 17.45 24.07 31.32 35.25
Frms_r0
 0.80306 1.005 1.005 1.005 1.005
Zrms_r0
 1.80306 2.005 2.005 2.005 2.005
nmprior
 7.29 8.9 8.7 0
nm_flota  nm_reclas  nm_pelaces    nm_pelaL
inf 8.06261 4.47375 6.03679
cv_recla  cv_pelaces  cv_mph
0.504118 1.93896 0.434786
 ------------------------------------------------
Talla a la edad & desviaci?n 
 8 13.2811 15.8009 17.003 17.5766
 0.8 1.32811 1.58009 1.7003 1.75766
