years
 1991 1992 1993 1994 1995 1996 1997 1998 1999 2000 2001 2002 2003 2004 2005 2006 2007 2008 2009 2010 2011 2012 2013 2014 2015 2016 2017 2018 2019 2020 2021
reclasobs
 0 0 0 0 0 0 0 0 0 252601 567819 844713 477998 351125 339783 2.1784e+06 2.13404e+06 4.81314e+06 1.55562e+06 2.62356e+06 3.21686e+06 3.843e+06 1.13348e+06 3.07943e+06 1.97215e+06 2.03268e+06 2.025e+06 2.42433e+06 2.27542e+06 1.05018e+06 2.36338e+06
reclaspred
 3.83063e+06 2.06939e+06 1.0264e+06 1.12298e+06 1.21171e+06 2.31751e+06 1.26448e+06 1.01594e+06 653219 357588 663579 1.35019e+06 1.02157e+06 160545 676503 1.45631e+06 1.11782e+06 1.45932e+06 1.70251e+06 2.10619e+06 3.76262e+06 2.75587e+06 1.75921e+06 2.17562e+06 2.02812e+06 1.7521e+06 2.1426e+06 2.16839e+06 1.82406e+06 2.6514e+06 3.15358e+06
pelacesobs
 0 0 0 0 0 0 0 0 0 0 0 0 0 0 0 552880 188675 0 991730 2.46772e+06 1.41603e+06 1.21717e+06 2.29649e+06 1.80582e+06 0 1.4828e+06 1.56532e+06 1.57751e+06 1.42118e+06 867257 1.10002e+06
pelacespred
 2.50245e+06 1.41527e+06 666889 549457 702143 1.32344e+06 677621 728940 412006 180780 375862 688327 592744 47142.8 343982 646203 557857 675559 795453 952151 1.98519e+06 1.55057e+06 1.07307e+06 1.31754e+06 1.15589e+06 1.07777e+06 1.4562e+06 1.3431e+06 1.10573e+06 1.71764e+06 1.90417e+06
mphobs
 0 0 0 0 0 0 0 0 0 0 0 0 498337 0 5186 125008 0 168611 109162 213762 579715 649985 157893 87575 83554 210694 70296 0 107559 103333 445601
mphpred
 974350 660799 305109 171334 210155 279373 419555 196876 173819 88083.3 43187.4 162309 275096 98635.1 6764.71 108512 272900 173256 169962 251395 530251 604242 146202 94899.4 123554 136834 101926 125166 160898 122723 179515
desembarqueobs
 494567 514787 250237 358949 120608 361735 552515 73892 212993 205616 52469 317467 293654 387597 252695 516296 358380 742168 942051 627588 828172 859565 418607 520667 417249 300574 415391 372974 316634 284311 391294
desembarquepred
 494563 514220 250501 358963 120611 361726 552504 73897.7 213067 205680 52469.6 317406 293857 388127 252601 516179 358448 742085 941228 627223 828258 859502 418655 520806 417115 300664 415402 372941 316514 284177 391262
Reclutas
 153940 91547.4 84258.4 129717 100389 197695 73751 28036.9 27154.4 37053.9 80812.4 171143 58088.5 28578.7 80984.7 260231 49037.1 217489 331493 318706 287076 356915 56567.3 141568 223223 49810.7 157010 151374 81576.1 197903 171873
log_desv_Rt
 0.333395 -0.186312 -0.269281 0.162189 -0.0941179 0.583556 -0.402474 -1.36965 -1.40163 -1.09079 -0.311039 0.439331 -0.641202 -1.35051 -0.308909 0.8584 -0.810593 0.678977 1.10044 1.0611 0.956578 1.17433 -0.667738 0.249608 0.705001 -0.794939 0.353142 0.316582 -0.301633 0.584609 0.443587
SSB
 1.20188e+06 815111 376360 211345 259232 344613 517531 242851 214410 108653 53272.8 200212 322641 116340 8026.29 128909 336629 213716 219519 278328 603127 730473 585555 363568 435785 516530 359272 421860 565915 403194 672127
BT
 1.85427e+06 1.31758e+06 620082 683066 567663 1.30081e+06 903162 554255 480700 323612 347491 788667 648811 418243 553551 954889 646578 1.19558e+06 1.54367e+06 1.22834e+06 2.1791e+06 1.85945e+06 1.04108e+06 1.48904e+06 1.18031e+06 946805 1.53961e+06 1.33318e+06 955150 1.54349e+06 1.65444e+06
Ftot
 0.321255 0.59506 0.588484 0.779096 0.251259 0.397308 0.988612 0.184185 0.78286 1.29533 0.209531 0.587868 0.681853 3.47863 0.943578 0.881745 0.751708 1.19989 1.29949 0.742667 0.546334 0.754193 0.568493 0.601439 0.514615 0.416664 0.493378 0.436913 0.421336 0.277177 0.314432
BD_Bspro_t
 0.949898 0.677565 0.425569 0.324916 0.344415 0.461047 0.491818 0.28192 0.3265 0.233791 0.168617 0.523653 0.481789 0.20577 0.0216361 0.25475 0.348158 0.237354 0.209612 0.220076 0.316144 0.351851 0.329033 0.266698 0.341215 0.425504 0.38867 0.461237 0.518122 0.44964 0.592664
BD_Bspro
 1.52667 1.03538 0.478062 0.268456 0.329283 0.437737 0.657382 0.308476 0.27235 0.138014 0.0676685 0.254315 0.409827 0.147778 0.0101952 0.163743 0.427595 0.271467 0.278838 0.35354 0.766108 0.927866 0.743787 0.461814 0.553545 0.65611 0.456357 0.535858 0.71884 0.512147 0.853753
BD_Bo
 1.57214 1.06622 0.492303 0.276453 0.339093 0.450777 0.676965 0.317665 0.280463 0.142125 0.0696843 0.261891 0.422036 0.15218 0.0104989 0.168621 0.440333 0.279554 0.287145 0.364072 0.78893 0.955507 0.765945 0.475571 0.570035 0.675655 0.469952 0.551821 0.740254 0.527404 0.879186
BD_Brms
 9.26854 6.28587 2.90236 1.62982 1.99911 2.65755 3.99103 1.87279 1.65346 0.837896 0.410822 1.54397 2.4881 0.897176 0.0618962 0.994102 2.59597 1.6481 1.69286 2.14638 4.65112 5.63317 4.51561 2.80372 3.36063 3.98331 2.77059 3.25325 4.36415 3.1093 5.18322
Sel_flota
 0.760522 1 1 1 1
 0.760522 1 1 1 1
 0.760522 1 1 1 1
 0.760522 1 1 1 1
 0.760522 1 1 1 1
 0.760522 1 1 1 1
 0.760522 1 1 1 1
 0.760522 1 1 1 1
 0.760522 1 1 1 1
 0.760522 1 1 1 1
 0.760522 1 1 1 1
 0.760522 1 1 1 1
 0.760522 1 1 1 1
 0.760522 1 1 1 1
 0.760522 1 1 1 1
 0.760522 1 1 1 1
 0.760522 1 1 1 1
 0.760522 1 1 1 1
 0.760522 1 1 1 1
 0.760522 1 1 1 1
 0.760522 1 1 1 1
 0.760522 1 1 1 1
 0.760522 1 1 1 1
 0.760522 1 1 1 1
 0.760522 1 1 1 1
 0.760522 1 1 1 1
 0.760522 1 1 1 1
 0.760522 1 1 1 1
 0.760522 1 1 1 1
 0.760522 1 1 1 1
 0.760522 1 1 1 1
Sel_reclas
 0.820811 0.958425 0.991454 0.99829 0.99966
 0.820811 0.958425 0.991454 0.99829 0.99966
 0.820811 0.958425 0.991454 0.99829 0.99966
 0.820811 0.958425 0.991454 0.99829 0.99966
 0.820811 0.958425 0.991454 0.99829 0.99966
 0.820811 0.958425 0.991454 0.99829 0.99966
 0.820811 0.958425 0.991454 0.99829 0.99966
 0.820811 0.958425 0.991454 0.99829 0.99966
 0.820811 0.958425 0.991454 0.99829 0.99966
 0.820811 0.958425 0.991454 0.99829 0.99966
 0.820811 0.958425 0.991454 0.99829 0.99966
 0.820811 0.958425 0.991454 0.99829 0.99966
 0.820811 0.958425 0.991454 0.99829 0.99966
 0.820811 0.958425 0.991454 0.99829 0.99966
 0.820811 0.958425 0.991454 0.99829 0.99966
 0.820811 0.958425 0.991454 0.99829 0.99966
 0.820811 0.958425 0.991454 0.99829 0.99966
 0.820811 0.958425 0.991454 0.99829 0.99966
 0.820811 0.958425 0.991454 0.99829 0.99966
 0.820811 0.958425 0.991454 0.99829 0.99966
 0.820811 0.958425 0.991454 0.99829 0.99966
 0.820811 0.958425 0.991454 0.99829 0.99966
 0.820811 0.958425 0.991454 0.99829 0.99966
 0.820811 0.958425 0.991454 0.99829 0.99966
 0.820811 0.958425 0.991454 0.99829 0.99966
 0.820811 0.958425 0.991454 0.99829 0.99966
 0.820811 0.958425 0.991454 0.99829 0.99966
 0.820811 0.958425 0.991454 0.99829 0.99966
 0.820811 0.958425 0.991454 0.99829 0.99966
 0.820811 0.958425 0.991454 0.99829 0.99966
 0.820811 0.958425 0.991454 0.99829 0.99966
Sel_pelaces
 0.560089 0.865001 0.969922 0.993876 0.998777
 0.560089 0.865001 0.969922 0.993876 0.998777
 0.560089 0.865001 0.969922 0.993876 0.998777
 0.560089 0.865001 0.969922 0.993876 0.998777
 0.560089 0.865001 0.969922 0.993876 0.998777
 0.560089 0.865001 0.969922 0.993876 0.998777
 0.560089 0.865001 0.969922 0.993876 0.998777
 0.560089 0.865001 0.969922 0.993876 0.998777
 0.560089 0.865001 0.969922 0.993876 0.998777
 0.560089 0.865001 0.969922 0.993876 0.998777
 0.560089 0.865001 0.969922 0.993876 0.998777
 0.560089 0.865001 0.969922 0.993876 0.998777
 0.560089 0.865001 0.969922 0.993876 0.998777
 0.560089 0.865001 0.969922 0.993876 0.998777
 0.560089 0.865001 0.969922 0.993876 0.998777
 0.560089 0.865001 0.969922 0.993876 0.998777
 0.560089 0.865001 0.969922 0.993876 0.998777
 0.560089 0.865001 0.969922 0.993876 0.998777
 0.560089 0.865001 0.969922 0.993876 0.998777
 0.560089 0.865001 0.969922 0.993876 0.998777
 0.560089 0.865001 0.969922 0.993876 0.998777
 0.560089 0.865001 0.969922 0.993876 0.998777
 0.560089 0.865001 0.969922 0.993876 0.998777
 0.560089 0.865001 0.969922 0.993876 0.998777
 0.560089 0.865001 0.969922 0.993876 0.998777
 0.560089 0.865001 0.969922 0.993876 0.998777
 0.560089 0.865001 0.969922 0.993876 0.998777
 0.560089 0.865001 0.969922 0.993876 0.998777
 0.560089 0.865001 0.969922 0.993876 0.998777
 0.560089 0.865001 0.969922 0.993876 0.998777
 0.560089 0.865001 0.969922 0.993876 0.998777
pf_obs 
 0.8446 0.082 0.0669 0.0065 0
 0.8095 0.147 0.0364 0.0071 0
 0.9664 0.0169 0.016 0.0007 0
 0.9276 0.0648 0.0075 0.0001 0
 0.7033 0.2144 0.0806 0.0017 0
 0.9318 0.0425 0.0243 0.0014 0
 0.5671 0.3108 0.0964 0.0239 0.0018
 0.0768 0.2599 0.5324 0.112 0.0189
 0.490249 0.384438 0.106611 0.0170017 0.00170017
 0.7925 0.1577 0.0466 0.003 0.0002
 0.840416 0.127587 0.0312969 0.00059994 9.999e-05
 0.8084 0.0986 0.0794 0.0134 0.0002
 0.7335 0.1905 0.0724 0.0035 0.0001
 0.4001 0.4547 0.1325 0.0127 0
 0.49795 0.308269 0.164784 0.0264974 0.00249975
 0.9179 0.0499 0.0305 0.0017 0
 0.2467 0.6533 0.0926 0.0074 0
 0.9418 0.0223 0.034 0.0019 0
 0.707729 0.231977 0.0356964 0.0245975 0
 0.517169 0.277429 0.184464 0.0207286 0.00020938
 0.811772 0.124168 0.05621 0.00726502 0.000585176
 0.764997 0.148141 0.077277 0.00933861 0.000247198
 0.163321 0.427699 0.378323 0.0303852 0.000271297
 0.753843 0.0900009 0.118128 0.0371064 0.000921714
 0.721811 0.176058 0.0630433 0.0369309 0.00215725
 0.143369 0.312575 0.442814 0.0836902 0.0175525
 0.692698 0.0596174 0.167031 0.0765114 0.00414204
 0.394062 0.376323 0.152708 0.0712218 0.00568511
 0.125707 0.32114 0.495352 0.0537591 0.00404204
 0.23352 0.215282 0.420074 0.123614 0.00750983
 0.796117 0.104755 0.0508955 0.0450114 0.00322123
pf_pred 
 0.588095 0.147984 0.244491 0.0194292 8.66704e-07
 0.523378 0.315961 0.0577203 0.0953625 0.00757859
 0.658858 0.208802 0.0877303 0.0160267 0.0285828
 0.796651 0.149441 0.0329959 0.0138636 0.00704941
 0.716561 0.241747 0.0306395 0.00676508 0.00428775
 0.798576 0.156122 0.0386386 0.00489713 0.00176658
 0.489869 0.43194 0.0606051 0.0149992 0.0025868
 0.50259 0.296178 0.170388 0.023907 0.00693716
 0.587322 0.238102 0.103949 0.059801 0.0108253
 0.793767 0.139871 0.0382885 0.0167158 0.0113572
 0.91391 0.0741696 0.00808438 0.00221303 0.00162258
 0.83507 0.154209 0.00923728 0.00100685 0.000477697
 0.506154 0.434106 0.0558565 0.00334587 0.000537724
 0.553203 0.267589 0.157529 0.0202693 0.00140929
 0.985424 0.011016 0.00213194 0.00125507 0.000172718
 0.935677 0.0637036 0.000468182 9.0608e-05 6.06812e-05
 0.437663 0.537779 0.0243217 0.000178749 5.77613e-05
 0.905347 0.0505623 0.0421652 0.00190697 1.85439e-05
 0.890944 0.102326 0.00359505 0.002998 0.000136907
 0.841274 0.147562 0.0104755 0.000368038 0.000320932
 0.753194 0.218754 0.0260793 0.00185138 0.000121765
 0.771884 0.185487 0.0377829 0.00450439 0.0003408
 0.337756 0.551645 0.0899311 0.0183186 0.00234912
 0.78027 0.0926988 0.105816 0.0172505 0.00396445
 0.818681 0.151631 0.0125249 0.0142972 0.00286643
 0.380246 0.536071 0.0699812 0.00578055 0.00792143
 0.812084 0.0867451 0.0875102 0.011424 0.00223676
 0.721914 0.23898 0.0180521 0.0182113 0.00284287
 0.558926 0.345997 0.0817066 0.00617197 0.00719838
 0.819353 0.115482 0.0511183 0.0120715 0.00197536
 0.662955 0.290276 0.0298976 0.0132343 0.00363666
pobs_RECLAS
 0 0 0 0 0
 0 0 0 0 0
 0 0 0 0 0
 0 0 0 0 0
 0 0 0 0 0
 0 0 0 0 0
 0 0 0 0 0
 0 0 0 0 0
 0 0 0 0 0
 0 0 0 0 0
 0.991045 0.00858322 0.000360255 1.14367e-05 0
 0.934742 0.0480273 0.0164251 0.00080598 0
 0.827803 0.169806 0.00239088 0 0
 0.941827 0.0461693 0.0120037 0 0
 0.791401 0.0380133 0.147996 0.0225897 0
 0.846168 0.0940531 0.0597789 0 0
 0.134021 0.677848 0.182769 0.00536245 0
 0.80878 0.0450904 0.141981 0.00414843 0
 0.846168 0.0940531 0.0597789 0 0
 0.905697 0.0802665 0.012482 0.00150086 5.37128e-05
 0.989698 0.0102097 9.19794e-05 0 0
 0.975433 0.0193895 0.00387452 0.00125025 5.28907e-05
 0.303575 0.632131 0.0575291 0.00676475 0
 0.966965 0.00978017 0.0227588 0.000495775 0
 0.843318 0.132988 0.00938335 0.0141283 0.000182051
 0.564624 0.303363 0.111486 0.0197234 0.00080311
 0.826376 0.0876187 0.0782897 0.00655872 0.00115652
 0.89761 0.0855135 0.0140674 0.00269457 0.000114338
 0.34875 0.467042 0.161289 0.0227151 0.000203297
 0.318654 0.224769 0.449479 0.00709798 0
 0.937255 0.0296025 0.0250945 0.00804832 0
ppred_RECLAS
 0.613176 0.135926 0.232309 0.0185883 8.30333e-07
 0.553956 0.291844 0.0551518 0.0917472 0.00730128
 0.685642 0.189673 0.0824396 0.0151641 0.0270814
 0.817488 0.13281 0.0303345 0.0128332 0.00653447
 0.740167 0.220429 0.0289004 0.0064251 0.00407785
 0.817365 0.140435 0.0359542 0.00458833 0.00165745
 0.526876 0.3984 0.0578255 0.0144099 0.00248858
 0.529712 0.276052 0.164283 0.0232093 0.00674395
 0.618021 0.216954 0.0979809 0.056756 0.0102882
 0.818463 0.121645 0.0344469 0.0151423 0.0103023
 0.922787 0.0661833 0.00746249 0.00205687 0.00151016
 0.852657 0.137448 0.00851701 0.000934742 0.000444094
 0.539927 0.402717 0.0536033 0.00323304 0.000520304
 0.632757 0.21687 0.132071 0.0171107 0.00119131
 0.987334 0.00948631 0.00189917 0.00112575 0.000155133
 0.944037 0.0554047 0.000421222 8.20819e-05 5.50466e-05
 0.472638 0.503572 0.0235595 0.000174341 5.64143e-05
 0.917349 0.0434474 0.0374805 0.00170679 1.662e-05
 0.906241 0.087768 0.00318983 0.00267843 0.000122481
 0.859059 0.130707 0.00959872 0.000339559 0.000296504
 0.776622 0.197204 0.0243204 0.00173843 0.000114492
 0.794965 0.165628 0.0349003 0.00418941 0.000317404
 0.367232 0.523957 0.0883608 0.0181228 0.00232721
 0.799512 0.0828711 0.0978575 0.0160631 0.00369663
 0.836756 0.135655 0.0115914 0.0133228 0.00267475
 0.410102 0.507794 0.0685743 0.00570339 0.00782642
 0.828795 0.0775506 0.0809308 0.0106379 0.00208571
 0.746313 0.216841 0.0169442 0.0172116 0.00269049
 0.588822 0.320091 0.0781938 0.00594735 0.00694592
 0.835417 0.103862 0.0475593 0.0113085 0.00185304
 0.689526 0.266021 0.0283436 0.0126329 0.00347618
pobs_PELACES
 0 0 0 0 0
 0 0 0 0 0
 0 0 0 0 0
 0 0 0 0 0
 0 0 0 0 0
 0 0 0 0 0
 0 0 0 0 0
 0 0 0 0 0
 0 0 0 0 0
 0 0 0 0 0
 0 0 0 0 0
 0 0 0 0 0
 0 0 0 0 0
 0 0 0 0 0
 0 0 0 0 0
 0 0 0 0 0
 0.505614 0.472636 0.0217494 0 0
 0 0 0 0 0
 0.443492 0.261883 0.143347 0.151278 0
 0.227955 0.32914 0.350689 0.0885471 0.00366901
 0.970185 0.0296113 0.000203453 0 0
 0.997202 0.00247181 0.000326279 0 0
 0.445219 0.490057 0.0546422 0.010081 0
 0.90214 0.0892962 0.00764917 0.000914606 0
 0 0 0 0 0
 0.581667 0.319106 0.0959925 0.00289975 0.000334073
 0.762889 0.0836404 0.116647 0.0363945 0.000428098
 0.88444 0.0763242 0.0277011 0.0115352 0
 0.521256 0.241999 0.230069 0.00667565 0
 0.616807 0.101726 0.260614 0.0208532 0
 0.833518 0.0704572 0.0857862 0.0102388 0
ppred_PELACES
 0.538063 0.153804 0.284929 0.0232019 1.0401e-06
 0.487818 0.324305 0.0664308 0.112464 0.00898175
 0.62507 0.218315 0.102854 0.0192535 0.034507
 0.778445 0.157283 0.0389398 0.0167651 0.00856682
 0.684296 0.264243 0.037553 0.00849633 0.00541158
 0.7739 0.170433 0.0472969 0.00614255 0.00222678
 0.473084 0.437586 0.0688444 0.0174591 0.0030259
 0.454772 0.308936 0.199285 0.028652 0.00835505
 0.555871 0.242614 0.118766 0.0700125 0.0127364
 0.785592 0.139406 0.0427898 0.0191423 0.01307
 0.900687 0.0840377 0.010271 0.00288105 0.00212279
 0.820037 0.166903 0.0112104 0.00125209 0.000596981
 0.480941 0.449572 0.0648629 0.00398132 0.000643005
 0.623541 0.214724 0.14174 0.0186882 0.00130576
 0.984144 0.0116078 0.00251897 0.00151954 0.000210144
 0.931797 0.0674622 0.000555944 0.00011025 7.41998e-05
 0.417371 0.554242 0.0281067 0.000211668 6.87361e-05
 0.898678 0.0512031 0.0478788 0.00221885 2.16831e-05
 0.889507 0.102822 0.00405064 0.00346136 0.000158846
 0.829258 0.157369 0.0125268 0.000450976 0.000395194
 0.730996 0.235134 0.0314323 0.0022865 0.000151124
 0.75374 0.195689 0.0446959 0.00546013 0.000415148
 0.311359 0.561757 0.102688 0.0214336 0.00276215
 0.750485 0.0981122 0.12558 0.020978 0.00484488
 0.798882 0.164475 0.0152338 0.0178188 0.0035901
 0.349246 0.553442 0.0810123 0.00685699 0.00944289
 0.784175 0.0933389 0.105584 0.0141238 0.002779
 0.694298 0.25776 0.0218324 0.0225689 0.00354049
 0.523403 0.364007 0.0963859 0.00746063 0.00874426
 0.791626 0.127352 0.0632106 0.0152957 0.00251531
 0.629517 0.313347 0.0361885 0.0164146 0.00453283
pobs_pel_tallas
 0 0 0 0 0 0 0 0 0 0 0 0 0 0 0 0 0 0 0 0 0 0 0 0 0 0
 0 0 0 0 0 0 0 0 0 0 0 0 0 0 0 0 0 0 0 0 0 0 0 0 0 0
 0 0 0 0 0 0 0 0 0 0 0 0 0 0 0 0 0 0 0 0 0 0 0 0 0 0
 0 0 0 0 0 0 0 0 0 0 0 0 0 0 0 0 0 0 0 0 0 0 0 0 0 0
 0 0 0 0 0 0 0 0 0 0 0 0 0 0 0 0 0 0 0 0 0 0 0 0 0 0
 0 0 0 0 0 0 0 0 0 0 0 0 0 0 0 0 0 0 0 0 0 0 0 0 0 0
 0 0 0 0 0 0 0 0 0 0 0 0 0 0 0 0 0 0 0 0 0 0 0 0 0 0
 0 0 0 0 0 0 0 0 0 0 0 0 0 0 0 0 0 0 0 0 0 0 0 0 0 0
 0 0 0 0 0 0 0 0 0 0 0 0 0 0 0 0 0 0 0 0 0 0 0 0 0 0
 0 0 0 0 0 0 0 0 0 0 0 0 0 0 0 0 0 0 0 0 0 0 0 0 0 0
 0 0 0 0 0 0 0 0 0 0 0 0 0 0 0 0 0 0 0 0 0 0 0 0 0 0
 0 0 0 0 0 0 0 0 0 0 0 0 0 0 0 0 0 0 0 0 0 0 0 0 0 0
 0.00862536 0 0 0.000197151 0.00414017 0.0128641 0.00837892 0.0270097 0.101434 0.158115 0.152841 0.127902 0.109271 0.109419 0.0830992 0.0579132 0.0238553 0.00714673 0.00463305 0.00128148 0.00103504 0.000492878 0.000147863 0.000147863 4.92878e-05 0
 0 0 0 0 0 0 0 0 0 0 0 0 0 0 0 0 0 0 0 0 0 0 0 0 0 0
 0 0 0 0 0 0 0 0.0054083 0.00873648 0.0413646 0.0450493 0.0745869 0.0622846 0.0627006 0.0613931 0.0827291 0.12552 0.122667 0.0946155 0.0697135 0.0546179 0.0294188 0.0215738 0.0213955 0.0102223 0.00600262
 0 0 0 0 0.00359764 0.0251062 0.0480494 0.140153 0.205849 0.193036 0.1447 0.116669 0.0760912 0.0342217 0.00950174 0.001854 0.000860785 0 0 0 0.000165536 0 0.000143464 0 0 0
 0 0 0 0 0 0 0 0.000145254 0.000435761 0.0275982 0.070085 0.0708112 0.156366 0.174668 0.174014 0.160142 0.0824315 0.0480064 0.0283245 0.00493863 0.00203355 0 0 0 0 0
 0 0 0 0 0 0 0 0 0 0 0 0 0 0 0 0 0 0 0 0 0 0 0 0 0 0
 0 0 1.00437e-05 0.000401748 0.00122533 0.00171747 0.00176769 0.0269171 0.070346 0.194647 0.189555 0.159765 0.064822 0.0314167 0.0384472 0.0292271 0.0345202 0.0313363 0.0194345 0.0106764 0.0143323 0.0359363 0.0279516 0.0138201 0.00172751 0
 0 0.0021121 0.0136068 0.0755702 0.200478 0.177729 0.0527432 0.0373336 0.0318909 0.0142505 0.0149659 0.0166563 0.0217959 0.0798694 0.0677717 0.0528807 0.04013 0.0224614 0.0357745 0.0225083 0.00881397 0.00855152 0.00135912 0.000746735 0 0
 0 0 0 0 5.4009e-05 0.00500934 0.000945158 0.0243581 0.138947 0.33067 0.221406 0.137944 0.0707744 0.0437923 0.0131692 0.00525238 0.0047753 0.00276346 9.45158e-05 9.00151e-06 2.25038e-05 9.00151e-06 4.50075e-06 0 0 0
 0.000866109 0.00284123 0.00948549 0.0512746 0.133035 0.25785 0.225252 0.132002 0.0553304 0.0519788 0.0540692 0.017754 0.00435017 0.00159236 0.00146478 0.000404838 0.000125132 0.000115318 0.000107957 0.000100596 0 0 0 0 0 0
 0 0 0 0 0.00144013 0.00171154 0.00461396 0.0210425 0.0478622 0.0707936 0.0888783 0.103762 0.0637923 0.0337046 0.0602308 0.124433 0.169614 0.0934646 0.0462172 0.0250306 0.0313229 0.00938855 0.002487 0.000210481 0 0
 0 0.00764035 0.051015 0.0998891 0.058973 0.0496711 0.0374665 0.0718981 0.12319 0.153886 0.159021 0.0857701 0.0377988 0.023471 0.0147837 0.00900784 0.00315554 0.000888139 0.00291439 0.00214683 0.00393193 0.00274676 0.000635225 9.99891e-05 0 0
 0 0 0 0 0 0 0 0 0 0 0 0 0 0 0 0 0 0 0 0 0 0 0 0 0 0
 0 0 0 0 0 0 0 0 0 0 0 0 0 0 0 0 0 0 0 0 0 0 0 0 0 0
 0 0 0 0 0 0 0 0 0 0 0 0 0 0 0 0 0 0 0 0 0 0 0 0 0 0
 0 0 0 0 0 0 0 0 0 0 0 0 0 0 0 0 0 0 0 0 0 0 0 0 0 0
 0 0 0 0 0 0 0 0 0 0 0 0 0 0 0 0 0 0 0 0 0 0 0 0 0 0
 0 0 0 0 0 0 0 0 0 0 0 0 0 0 0 0 0 0 0 0 0 0 0 0 0 0
 0 0 0 0 0 0 0 0 0 0 0 0 0 0 0 0 0 0 0 0 0 0 0 0 0 0
ppred_pel_tallas
 1.10589e-16 4.43196e-05 0.000430802 0.00286283 0.013014 0.0404916 0.0862721 0.12592 0.125935 0.0863468 0.0407434 0.0137466 0.00472153 0.00455376 0.00806587 0.0137623 0.020978 0.0287849 0.0361772 0.0425508 0.0478059 0.0519194 0.054435 0.0544565 0.0512217 0.0447595
 1.14799e-16 4.0181e-05 0.000390574 0.0025955 0.0117988 0.0367106 0.0782169 0.114166 0.114198 0.07837 0.0372249 0.0132853 0.00633071 0.00855812 0.0155935 0.0258308 0.0374931 0.047795 0.0539675 0.0548525 0.0516227 0.0469379 0.0432002 0.0412654 0.0403965 0.039159
 1.10795e-16 5.14863e-05 0.000500465 0.00332577 0.0151185 0.0470393 0.100223 0.146283 0.146304 0.100326 0.047387 0.0161246 0.00585724 0.00604682 0.0106446 0.0176735 0.0258269 0.0332704 0.0381667 0.0396856 0.0384581 0.036031 0.0337804 0.0321665 0.0307816 0.0289279
 1.04296e-16 6.41195e-05 0.000623264 0.00414181 0.0188281 0.0585812 0.124814 0.182173 0.182188 0.124888 0.0588306 0.0195488 0.00595245 0.00458125 0.00759703 0.0125006 0.0181034 0.0229856 0.0257482 0.0257595 0.023521 0.0202941 0.0172957 0.0150968 0.01358 0.0123029
 1.0292e-16 5.63646e-05 0.000547884 0.00364088 0.0165509 0.0514962 0.109719 0.160144 0.160169 0.109844 0.0519141 0.0177579 0.00667059 0.00716192 0.0126181 0.0207725 0.0299216 0.0376352 0.0414733 0.040311 0.0350015 0.0277864 0.0209447 0.0157349 0.0122391 0.00988944
 1.02402e-16 6.37452e-05 0.000619626 0.00411763 0.0187182 0.0582393 0.124086 0.18111 0.181126 0.124166 0.0585095 0.0194992 0.00607996 0.00490912 0.00822695 0.0135433 0.0196039 0.0248606 0.0277712 0.0276101 0.0248713 0.0208822 0.0169589 0.0137784 0.0113362 0.00931299
 1.04362e-16 3.89674e-05 0.000378777 0.00251711 0.0114424 0.0356019 0.0758552 0.110722 0.110764 0.0760613 0.0362941 0.0134419 0.00753665 0.0113383 0.0208586 0.0344361 0.0496356 0.0624863 0.0689574 0.0671799 0.0585421 0.0467118 0.0354107 0.0266836 0.0206617 0.016444
 1.10118e-16 3.7459e-05 0.000364115 0.00241967 0.0109995 0.0342237 0.0729184 0.106433 0.106463 0.0730652 0.0347174 0.0124287 0.00601901 0.00826109 0.0151514 0.025292 0.0371368 0.0481748 0.0558215 0.0588172 0.05783 0.054704 0.0510302 0.0472622 0.0429328 0.0374974
 1.12667e-16 4.57864e-05 0.00044506 0.00295758 0.0134448 0.0418318 0.0891278 0.13009 0.130113 0.0892429 0.0422186 0.0145643 0.00577553 0.00662274 0.0118559 0.019734 0.0289142 0.0374127 0.0432421 0.0455251 0.0449682 0.0432241 0.0416696 0.0406006 0.0393515 0.0370224
 1.05403e-16 6.47082e-05 0.000628987 0.00417984 0.019001 0.0591191 0.12596 0.183845 0.183859 0.126026 0.0593405 0.0196409 0.00578831 0.00414768 0.00676939 0.0111476 0.0161934 0.0206683 0.0233612 0.0237344 0.0222334 0.0199451 0.0178822 0.016462 0.0154909 0.0145116
 1.00967e-16 7.41884e-05 0.000721138 0.00479222 0.0217847 0.0677804 0.144414 0.210778 0.210786 0.144453 0.0679133 0.0221684 0.0057552 0.00282302 0.00406513 0.00660074 0.0094962 0.0119313 0.0131252 0.0127211 0.0109956 0.00867082 0.00648201 0.00483701 0.0037624 0.00306972
 1.00593e-16 6.75454e-05 0.000656566 0.00436311 0.0198341 0.0617113 0.131483 0.191907 0.191923 0.131561 0.0619747 0.0205949 0.00627176 0.00481975 0.00796409 0.0130328 0.0187049 0.0233889 0.025511 0.0243445 0.0204439 0.0152826 0.0103932 0.00667512 0.00426243 0.00282955
 1.02495e-16 3.96145e-05 0.000385068 0.00255891 0.0116325 0.0361932 0.0771149 0.112561 0.112604 0.0773267 0.036904 0.0136856 0.00771242 0.0116344 0.0214017 0.0353109 0.0508421 0.0638841 0.0702571 0.0680054 0.0585401 0.0456534 0.0332436 0.0235301 0.0167844 0.0121952
 1.06241e-16 5.13603e-05 0.000499241 0.00331763 0.0150815 0.0469242 0.0999777 0.145925 0.145946 0.10008 0.0472674 0.0160751 0.00582012 0.00599018 0.0105616 0.0175926 0.0258344 0.0335208 0.0388489 0.0409306 0.0402093 0.0379422 0.0352171 0.0323511 0.0290493 0.0249876
 1.00264e-16 8.10626e-05 0.000787957 0.00523625 0.0238032 0.0740607 0.157794 0.230306 0.230307 0.1578 0.0740791 0.0238564 0.00536976 0.00107971 0.000636085 0.000925755 0.00133165 0.00168726 0.00188403 0.0018747 0.00169653 0.00144364 0.00120748 0.00103201 0.000910089 0.000810101
 1.00057e-16 7.67509e-05 0.000746046 0.00495774 0.0225372 0.0701215 0.149402 0.218057 0.218064 0.149433 0.0702279 0.0228442 0.00572775 0.0024246 0.00325761 0.00524554 0.00750559 0.00934702 0.0101239 0.00954082 0.0078302 0.00560721 0.00351862 0.0019539 0.000981762 0.00046797
 1.00986e-16 3.43784e-05 0.00033417 0.00222068 0.0100949 0.0314093 0.0669229 0.0976871 0.0977404 0.0671835 0.032284 0.0126201 0.00855509 0.0141483 0.0262285 0.0431977 0.0619675 0.0773805 0.0841986 0.0799954 0.0666228 0.0490153 0.032333 0.0196433 0.0114577 0.00672492
 1.01622e-16 7.40229e-05 0.000719529 0.00478152 0.0217361 0.0676291 0.144091 0.210306 0.210311 0.144116 0.0677114 0.0219746 0.00538306 0.00204258 0.00261566 0.00428213 0.00633535 0.00832695 0.0098393 0.010656 0.0108455 0.0106358 0.0101993 0.00954242 0.00857659 0.00726853
 1.00518e-16 7.32675e-05 0.000712187 0.00473273 0.0215143 0.0669391 0.142621 0.208162 0.208172 0.142669 0.0671013 0.0219828 0.00590779 0.00327476 0.00493247 0.00801862 0.0114979 0.0143627 0.0156421 0.0148932 0.0124684 0.00928927 0.00631218 0.00409365 0.00270489 0.00192225
 1.00514e-16 6.83049e-05 0.000663948 0.00441217 0.0200571 0.0624051 0.132961 0.194064 0.194079 0.133035 0.0626536 0.0207746 0.00621241 0.00459108 0.0075183 0.0122991 0.0176583 0.0220939 0.0241231 0.0230587 0.0194176 0.0145786 0.0099758 0.00645034 0.00413005 0.00271829
 1.01223e-16 6.02112e-05 0.000585274 0.00388936 0.0176805 0.0550106 0.117207 0.171071 0.171094 0.117317 0.0553823 0.018754 0.00658385 0.00646638 0.0112264 0.0184557 0.0265588 0.0333498 0.0366363 0.0353954 0.0303706 0.0235577 0.0170115 0.0119067 0.00839156 0.00603747
 1.01958e-16 6.20846e-05 0.000603485 0.00401037 0.0182306 0.0567221 0.120853 0.176393 0.176412 0.120946 0.0570321 0.0191262 0.0062598 0.00551798 0.00940716 0.0154835 0.022367 0.0282673 0.0313935 0.0309037 0.0273797 0.02239 0.0175131 0.0135981 0.0106907 0.00843822
 1.05724e-16 2.56463e-05 0.000249292 0.00165663 0.00753085 0.0234316 0.0499254 0.0728789 0.0729331 0.0501902 0.0243206 0.0100993 0.00810549 0.0143329 0.0267898 0.0442916 0.0639014 0.0805643 0.0891243 0.0871787 0.0764717 0.0616377 0.0473627 0.0361969 0.0282859 0.0225152
 1.06573e-16 6.18165e-05 0.000600878 0.00399305 0.0181518 0.0564771 0.120331 0.175628 0.175638 0.120378 0.056636 0.0186131 0.00515954 0.00317615 0.00503725 0.00845067 0.0126834 0.0170286 0.0207797 0.0235712 0.0254938 0.0268245 0.0276271 0.0276093 0.0263551 0.0236947
 1.02877e-16 6.58029e-05 0.000639628 0.00425055 0.0193224 0.0601192 0.128091 0.186956 0.186972 0.128168 0.0603792 0.0200731 0.00613463 0.00475174 0.00787324 0.0129071 0.018578 0.0233509 0.025717 0.0250023 0.0217781 0.017482 0.0135542 0.0107558 0.00906346 0.00801492
 1.04765e-16 2.8767e-05 0.000279626 0.00185822 0.00844721 0.0262827 0.056 0.0817449 0.0817982 0.0562607 0.0271579 0.0109751 0.00820347 0.0141313 0.0263352 0.0434903 0.062641 0.0787564 0.0867119 0.0841239 0.0727515 0.0572734 0.0424753 0.0310453 0.0232441 0.0179836
 1.04958e-16 6.45915e-05 0.000627852 0.0041723 0.0189667 0.0590124 0.125732 0.183512 0.183521 0.125777 0.059163 0.0194037 0.00527645 0.00306169 0.00475564 0.00793917 0.0118484 0.0157716 0.0190019 0.0211739 0.0223925 0.0229874 0.0231258 0.0226487 0.0212526 0.0188107
 1.03559e-16 5.71885e-05 0.000555892 0.0036941 0.0167929 0.052249 0.111323 0.162484 0.162509 0.111444 0.0526562 0.0179689 0.00664543 0.00699629 0.012282 0.0201979 0.0290551 0.0364714 0.0400689 0.0387751 0.0334764 0.0264313 0.0199245 0.0151964 0.01227 0.0104748
 1.05103e-16 4.31121e-05 0.000419065 0.00278483 0.0126595 0.0393885 0.0839227 0.122495 0.12253 0.0840945 0.0399655 0.014327 0.00697396 0.00957478 0.017463 0.0288835 0.0417931 0.0529479 0.0590489 0.0585436 0.0524987 0.0437794 0.0352414 0.0283766 0.0232043 0.0190412
 1.03817e-16 6.52052e-05 0.000633818 0.00421195 0.0191469 0.0595732 0.126927 0.185257 0.185269 0.126988 0.0597761 0.019734 0.00568922 0.00387067 0.00624772 0.0103176 0.0150721 0.0194057 0.0222272 0.023021 0.0221104 0.0203494 0.0185101 0.0168737 0.0152773 0.0134453
 1.03538e-16 5.18525e-05 0.000504025 0.00334943 0.015226 0.047374 0.100936 0.147326 0.147356 0.101084 0.0478693 0.0166565 0.00693965 0.00834009 0.01493 0.0245902 0.035396 0.0444689 0.0489129 0.0474024 0.0409746 0.0323265 0.0241996 0.0181059 0.0141291 0.0115509
pSPR Fmed_Fpbrs
0.549048   0.219622 0.219622
Fs Fmed_Fpbrs
0.34   1.005 1.005
SSBpbr Bo_Bmed_Bpbrs
764487  381516  129673 129673
Ro
110296
SPR SPRFo_SPRFmed_SPRFpbrs
787261 432244 172900
Fref
1.005
Nvult_r0
 142431 51026.5 5255.59 2326.4 639.275
CTP_r0
 61702.6 25576.9 2634.35 1166.1 320.435
YTP_r0
997306
Np
 145131 24861.3 6703.46 2133.04 249.281
Nvult_p0
 120270 21513.4 5800.77 1845.8 215.713
CTP_p0
 52102.1 21592.2 6870.64 707.656 397.393
 52102.1 10783.5 2907.62 925.202 108.125
YTP_p0
 971182 683798
CBA_c0
989469
log_Ro
11.4309
likeval ReclasPelacesDesembMPH_pf_preclas_ppelaces_ptallas_desvR_qrecl_qpela
 30.926 22.0562 0.03474 48.6243 240.592 132.309 118.509 0 24.1446 4.73957e-05 0.000115931 0.0681729 0 0 0
q_reclas_q_pelaces
2.64748 4.5846
M
1
N
 153940 30371 50177.4 3987.49 0.177875
 91547.4 44355.8 8103 13387.3 1063.91
 84258.4 21419.5 8999.63 1644.07 2932.11
 129717 19812.9 4374.61 1838.04 934.615
 100389 26386.1 3344.23 738.393 467.998
 197695 30507.2 7550.24 956.933 345.202
 73751 53761.9 7543.27 1866.89 321.968
 28036.9 12792.2 7359.21 1032.56 299.622
 27154.4 8966.05 3914.35 2251.88 407.642
 37053.9 5507.76 1507.7 658.223 447.217
 80812.4 5089.86 554.787 151.868 111.349
 171143 25350 1518.49 165.514 78.5275
 58088.5 40262.2 5180.54 310.321 49.8725
 28578.7 12722.9 7489.94 963.731 67.0064
 80984.7 746.087 144.391 85.0028 11.6978
 260231 14536.3 106.833 20.6755 13.8466
 49037.1 48959 2214.23 16.2732 5.25855
 217489 10184.7 8493.28 384.119 3.73527
 331493 32123.9 1128.62 941.182 42.98
 318706 45391.1 3222.34 113.211 98.7209
 287076 66649.9 7945.84 564.08 37.0993
 356915 69703.4 14198.3 1692.68 128.068
 56567.3 73989.1 12062 2456.97 315.075
 141568 13505.3 15416.3 2513.22 577.579
 223223 32962.5 2722.75 3108.02 623.123
 49810.7 55522.8 7248.21 598.712 820.451
 157010 13347.8 13465.5 1757.85 344.178
 151374 39689.5 2998.08 3024.52 472.142
 81576.1 39943.7 9432.62 712.523 831.017
 197903 21782.4 9642.05 2276.95 372.597
 171873 58967.1 6073.44 2688.43 738.756
pred_Ctot
 21516.8 5414.33 8945.27 710.862 0.0317104
 21849 13190.1 2409.6 3981.01 316.376
 19925.2 6314.59 2653.14 484.681 864.403
 38445.9 7211.91 1592.36 669.047 340.201
 11211.2 3782.34 479.382 105.846 67.0856
 33399.1 6529.53 1616 204.815 73.8844
 26162.2 23068.5 3236.71 801.055 138.152
 2343.17 1380.84 794.382 111.459 32.3424
 8078.33 3274.99 1429.78 822.535 148.898
 15862.3 2795.12 765.14 334.04 226.957
 7623.31 618.68 67.4352 18.4598 13.5347
 40436.5 7467.23 447.296 48.7546 23.1315
 15491.6 13286.5 1709.57 102.405 16.4578
 20198 9769.95 5751.55 740.051 51.4544
 27761.9 310.348 60.0622 35.3585 4.8659
 84806.2 5773.86 42.4342 8.21236 5.49992
 14132.2 17365 785.352 5.77185 1.86513
 88444.3 4939.48 4119.16 186.294 1.81157
 142209 16332.9 573.827 478.529 21.8525
 90978.7 15957.9 1132.86 39.801 34.7068
 63806.6 18531.7 2209.3 156.839 10.3153
 103128 24782.2 5048.03 601.813 45.533
 12998.2 21229.4 3460.89 704.969 90.4034
 34085.7 4049.5 4622.51 753.577 173.185
 47171.8 8736.85 721.676 823.794 165.162
 8774.11 12369.8 1614.81 133.385 182.786
 32010.5 3419.3 3449.46 450.309 88.1682
 27791.6 9200.02 694.953 701.083 109.442
 14510.4 8982.51 2121.2 160.232 186.879
 24188.7 3409.21 1509.1 356.371 58.316
 23561.9 10316.6 1062.58 470.356 129.25
F
 0.244321 0.321255 0.321255 0.321255 0.321255
 0.452556 0.59506 0.59506 0.59506 0.59506
 0.447555 0.588484 0.588484 0.588484 0.588484
 0.59252 0.779096 0.779096 0.779096 0.779096
 0.191088 0.251259 0.251259 0.251259 0.251259
 0.302162 0.397308 0.397308 0.397308 0.397308
 0.751861 0.988612 0.988612 0.988612 0.988612
 0.140077 0.184185 0.184185 0.184185 0.184185
 0.595382 0.78286 0.78286 0.78286 0.78286
 0.985125 1.29533 1.29533 1.29533 1.29533
 0.159353 0.209531 0.209531 0.209531 0.209531
 0.447087 0.587868 0.587868 0.587868 0.587868
 0.518564 0.681853 0.681853 0.681853 0.681853
 2.64557 3.47863 3.47863 3.47863 3.47863
 0.717611 0.943578 0.943578 0.943578 0.943578
 0.670586 0.881745 0.881745 0.881745 0.881745
 0.57169 0.751708 0.751708 0.751708 0.751708
 0.912546 1.19989 1.19989 1.19989 1.19989
 0.988293 1.29949 1.29949 1.29949 1.29949
 0.564814 0.742667 0.742667 0.742667 0.742667
 0.415499 0.546334 0.546334 0.546334 0.546334
 0.57358 0.754193 0.754193 0.754193 0.754193
 0.432351 0.568493 0.568493 0.568493 0.568493
 0.457407 0.601439 0.601439 0.601439 0.601439
 0.391376 0.514615 0.514615 0.514615 0.514615
 0.316882 0.416664 0.416664 0.416664 0.416664
 0.375225 0.493378 0.493378 0.493378 0.493378
 0.332282 0.436913 0.436913 0.436913 0.436913
 0.320435 0.421336 0.421336 0.421336 0.421336
 0.210799 0.277177 0.277177 0.277177 0.277177
 0.239133 0.314432 0.314432 0.314432 0.314432
YTP_r0W_actual
 512131 360634 72708 39880.7 11952.2
YTP_p0W_proyectada
 392850 376785 165376 22163.8 14008.1
 392850 188173 69986.4 28977.3 3811.42
CTP_r0_actual
 61702.6 25576.9 2634.35 1166.1 320.435
CTP_p0_proyectada
 52102.1 21592.2 6870.64 707.656 397.393
 52102.1 10783.5 2907.62 925.202 108.125
Wmedp
 7.54 17.45 24.07 31.32 35.25
Frms_r0
 0.764324 1.005 1.005 1.005 1.005
Zrms_r0
 1.76432 2.005 2.005 2.005 2.005
nmprior
 7.29 8.9 8.7 0
nm_flota  nm_reclas  nm_pelaces    nm_pelaL
inf 11.9382 7.58498 13.9297
cv_recla  cv_pelaces  cv_mph
0.503022 0.532522 0.290099
 ------------------------------------------------
Talla a la edad & desviaci?n 
 8 13.2811 15.8009 17.003 17.5766
 0.8 1.32811 1.58009 1.7003 1.75766
