years
 1991 1992 1993 1994 1995 1996 1997 1998 1999 2000 2001 2002 2003 2004 2005 2006 2007 2008 2009 2010 2011 2012 2013 2014 2015 2016 2017 2018 2019 2020
reclasobs
 0 0 0 0 0 0 0 0 0 252601 567819 844713 477998 351125 339783 2.1784e+06 2.13404e+06 4.81314e+06 1.55562e+06 2.62356e+06 3.21686e+06 3.843e+06 1.13348e+06 3.07943e+06 1.97215e+06 2.03268e+06 2.025e+06 2.42433e+06 2.27542e+06 1.05018e+06
reclaspred
 5.30952e+06 2.78912e+06 1.32565e+06 1.45544e+06 1.83005e+06 3.65296e+06 2.31284e+06 1.72996e+06 973756 326905 574894 1.72702e+06 1.73028e+06 251663 802289 1.51753e+06 1.53099e+06 1.95926e+06 2.27298e+06 2.68669e+06 5.24329e+06 3.04254e+06 1.57146e+06 1.54428e+06 1.58307e+06 1.40123e+06 1.9046e+06 1.84091e+06 1.45385e+06 927926
pelacesobs
 0 0 0 0 0 0 0 0 0 0 0 0 0 0 0 552880 188675 0 991730 2.46772e+06 1.41603e+06 1.21717e+06 2.29649e+06 1.80582e+06 0 1.4828e+06 1.56532e+06 1.57751e+06 1.42118e+06 867257
pelacespred
 5.99329e+06 2.95118e+06 1.27395e+06 887107 1.46219e+06 2.78983e+06 1.84814e+06 2.02284e+06 1.00651e+06 178976 346274 949003 1.28664e+06 90262.8 391768 685099 872074 1.00901e+06 1.13286e+06 1.44374e+06 3.26711e+06 2.23023e+06 1.15685e+06 944552 887555 917727 1.37671e+06 1.28477e+06 1.02416e+06 636643
mphobs
 0 0 0 0 0 0 0 0 0 0 0 0 498337 0 5186 125008 0 168611 109162 213762 579715 649985 157893 87575 83554 210694 70296 0 107559 103333
mphpred
 676318 466383 201625 120235 184134 271626 450705 189146 159574 59732.1 18593.1 110549 262917 92600.6 6272.82 102512 192350 149574 156654 213268 405600 433882 194273 93677.7 133917 173793 101646 206971 211391 117442
desembarqueobs
 494567 514787 250237 358949 120608 361735 552515 73892 212993 205616 52469 317467 293654 387597 252695 516296 358380 742168 942051 627588 828172 859565 418607 520667 417249 300574 415391 372974 316634 284311
desembarquepred
 494552 514463 250370 358937 120609 361712 552468 73897.9 213076 205690 52470.3 317398 293837 387820 252568 516197 358405 741818 941086 627157 828436 859952 418488 520758 417065 300690 415353 372951 316303 284140
Reclutas
 143706 94448.3 85412.6 125496 91415.1 193355 66613 23639 22974.2 31302.8 54428.7 170130 62328.9 33474.5 73381.1 204264 63840 207455 320143 273850 258302 236322 52761.9 100417 169500 33445.1 129225 95052.8 57682.5 52615.8
log_desv_Rt
 0.45274 0.0330209 -0.0675386 0.317242 0.000378617 0.749497 -0.316133 -1.35213 -1.38066 -1.07133 -0.518141 0.621532 -0.382607 -1.00425 -0.219365 0.804383 -0.358652 0.819881 1.25374 1.09755 1.0391 0.950163 -0.549242 0.094302 0.617818 -1.00513 0.346526 0.0394008 -0.460078 -0.552015
SSB
 676318 466383 201625 120235 184134 271626 450705 189146 159574 59732.1 18593.1 110549 248917 88090.1 6009.32 97919.3 192350 149574 164813 221790 434460 508060 248446 112977 142513 204166 107588 206971 224718 112122
BT
 1.20751e+06 912467 412466 556307 456189 1.19381e+06 811039 450341 388175 242439 213664 674072 576350 406734 500125 754084 528470 1.0729e+06 1.43192e+06 1.04283e+06 1.83763e+06 1.31957e+06 624394 887326 673183 482433 1.03732e+06 782799 484395 441318
Ftot
 0.520667 0.963871 0.958039 1.06344 0.325931 0.459075 1.17052 0.235761 1.08495 2.3184 0.373551 0.766948 0.823921 3.99352 1.14572 1.29176 1.04315 1.47752 1.53845 0.95906 0.71839 1.25468 1.236 1.34152 1.07362 1.01334 0.893872 0.866901 1.0379 1.31751
BD_Bspro_t
 0.920069 0.545378 0.27633 0.200625 0.254353 0.382808 0.445052 0.231395 0.262168 0.142748 0.0671405 0.383931 0.415436 0.163192 0.0158822 0.201366 0.236984 0.179174 0.165351 0.182646 0.249681 0.270605 0.174515 0.105285 0.149268 0.223923 0.157854 0.289281 0.294903 0.179724
BD_Bspro
 1.03971 0.716972 0.309959 0.184838 0.28307 0.417571 0.69287 0.290775 0.245314 0.0918263 0.0285833 0.169948 0.382661 0.135421 0.00923815 0.150532 0.2957 0.22994 0.253367 0.340959 0.667896 0.781042 0.381936 0.173679 0.219085 0.313865 0.165395 0.318177 0.34546 0.172366
BD_Bo
 1.61099 1.11092 0.48027 0.2864 0.438607 0.647011 1.07358 0.450546 0.380104 0.142281 0.0442888 0.263328 0.592919 0.20983 0.0143142 0.233243 0.458176 0.356283 0.392583 0.528303 1.03488 1.2102 0.591796 0.26911 0.339464 0.486322 0.256274 0.493003 0.535277 0.267075
BD_Brms
 9.01439 6.21625 2.68738 1.60257 2.45426 3.6204 6.00728 2.52106 2.1269 0.796146 0.247821 1.47347 3.31772 1.17412 0.080096 1.30513 2.56376 1.99361 2.19673 2.95616 5.79075 6.77174 3.31144 1.50582 1.8995 2.72125 1.434 2.75863 2.99518 1.49444
Sel_flota
 0.720322 1 1 1 1
 0.720322 1 1 1 1
 0.720322 1 1 1 1
 0.720322 1 1 1 1
 0.720322 1 1 1 1
 0.720322 1 1 1 1
 0.720322 1 1 1 1
 0.720322 1 1 1 1
 0.720322 1 1 1 1
 0.720322 1 1 1 1
 0.720322 1 1 1 1
 0.720322 1 1 1 1
 0.720322 1 1 1 1
 0.720322 1 1 1 1
 0.720322 1 1 1 1
 0.720322 1 1 1 1
 0.720322 1 1 1 1
 0.720322 1 1 1 1
 0.720322 1 1 1 1
 0.720322 1 1 1 1
 0.720322 1 1 1 1
 0.720322 1 1 1 1
 0.720322 1 1 1 1
 0.720322 1 1 1 1
 0.720322 1 1 1 1
 0.720322 1 1 1 1
 0.720322 1 1 1 1
 0.720322 1 1 1 1
 0.720322 1 1 1 1
 0.720322 1 1 1 1
Sel_reclas
 0.369408 0.746718 0.936857 0.986785 0.997346
 0.369408 0.746718 0.936857 0.986785 0.997346
 0.369408 0.746718 0.936857 0.986785 0.997346
 0.369408 0.746718 0.936857 0.986785 0.997346
 0.369408 0.746718 0.936857 0.986785 0.997346
 0.369408 0.746718 0.936857 0.986785 0.997346
 0.369408 0.746718 0.936857 0.986785 0.997346
 0.369408 0.746718 0.936857 0.986785 0.997346
 0.369408 0.746718 0.936857 0.986785 0.997346
 0.369408 0.746718 0.936857 0.986785 0.997346
 0.369408 0.746718 0.936857 0.986785 0.997346
 0.369408 0.746718 0.936857 0.986785 0.997346
 0.369408 0.746718 0.936857 0.986785 0.997346
 0.369408 0.746718 0.936857 0.986785 0.997346
 0.369408 0.746718 0.936857 0.986785 0.997346
 0.369408 0.746718 0.936857 0.986785 0.997346
 0.369408 0.746718 0.936857 0.986785 0.997346
 0.369408 0.746718 0.936857 0.986785 0.997346
 0.369408 0.746718 0.936857 0.986785 0.997346
 0.369408 0.746718 0.936857 0.986785 0.997346
 0.369408 0.746718 0.936857 0.986785 0.997346
 0.369408 0.746718 0.936857 0.986785 0.997346
 0.369408 0.746718 0.936857 0.986785 0.997346
 0.369408 0.746718 0.936857 0.986785 0.997346
 0.369408 0.746718 0.936857 0.986785 0.997346
 0.369408 0.746718 0.936857 0.986785 0.997346
 0.369408 0.746718 0.936857 0.986785 0.997346
 0.369408 0.746718 0.936857 0.986785 0.997346
 0.369408 0.746718 0.936857 0.986785 0.997346
 0.369408 0.746718 0.936857 0.986785 0.997346
Sel_pelaces
 0.0962176 0.348865 0.729465 0.931365 0.985568
 0.0962176 0.348865 0.729465 0.931365 0.985568
 0.0962176 0.348865 0.729465 0.931365 0.985568
 0.0962176 0.348865 0.729465 0.931365 0.985568
 0.0962176 0.348865 0.729465 0.931365 0.985568
 0.0962176 0.348865 0.729465 0.931365 0.985568
 0.0962176 0.348865 0.729465 0.931365 0.985568
 0.0962176 0.348865 0.729465 0.931365 0.985568
 0.0962176 0.348865 0.729465 0.931365 0.985568
 0.0962176 0.348865 0.729465 0.931365 0.985568
 0.0962176 0.348865 0.729465 0.931365 0.985568
 0.0962176 0.348865 0.729465 0.931365 0.985568
 0.0962176 0.348865 0.729465 0.931365 0.985568
 0.0962176 0.348865 0.729465 0.931365 0.985568
 0.0962176 0.348865 0.729465 0.931365 0.985568
 0.0962176 0.348865 0.729465 0.931365 0.985568
 0.0962176 0.348865 0.729465 0.931365 0.985568
 0.0962176 0.348865 0.729465 0.931365 0.985568
 0.0962176 0.348865 0.729465 0.931365 0.985568
 0.0962176 0.348865 0.729465 0.931365 0.985568
 0.0962176 0.348865 0.729465 0.931365 0.985568
 0.0962176 0.348865 0.729465 0.931365 0.985568
 0.0962176 0.348865 0.729465 0.931365 0.985568
 0.0962176 0.348865 0.729465 0.931365 0.985568
 0.0962176 0.348865 0.729465 0.931365 0.985568
 0.0962176 0.348865 0.729465 0.931365 0.985568
 0.0962176 0.348865 0.729465 0.931365 0.985568
 0.0962176 0.348865 0.729465 0.931365 0.985568
 0.0962176 0.348865 0.729465 0.931365 0.985568
 0.0962176 0.348865 0.729465 0.931365 0.985568
pf_obs 
 0.8446 0.082 0.0669 0.0065 0
 0.8095 0.147 0.0364 0.0071 0
 0.9664 0.0169 0.016 0.0007 0
 0.9276 0.0648 0.0075 0.0001 0
 0.7033 0.2144 0.0806 0.0017 0
 0.9318 0.0425 0.0243 0.0014 0
 0.5671 0.3108 0.0964 0.0239 0.0018
 0.0768 0.2599 0.5324 0.112 0.0189
 0.490249 0.384438 0.106611 0.0170017 0.00170017
 0.7925 0.1577 0.0466 0.003 0.0002
 0.840416 0.127587 0.0312969 0.00059994 9.999e-05
 0.8084 0.0986 0.0794 0.0134 0.0002
 0.7335 0.1905 0.0724 0.0035 0.0001
 0.4001 0.4547 0.1325 0.0127 0
 0.49795 0.308269 0.164784 0.0264974 0.00249975
 0.9179 0.0499 0.0305 0.0017 0
 0.2467 0.6533 0.0926 0.0074 0
 0.9418 0.0223 0.034 0.0019 0
 0.707729 0.231977 0.0356964 0.0245975 0
 0.517169 0.277429 0.184464 0.0207286 0.00020938
 0.811772 0.124168 0.05621 0.00726502 0.000585176
 0.764997 0.148141 0.077277 0.00933861 0.000247198
 0.163321 0.427699 0.378323 0.0303852 0.000271297
 0.753843 0.0900009 0.118128 0.0371064 0.000921714
 0.721811 0.176058 0.0630433 0.0369309 0.00215725
 0.143369 0.312575 0.442814 0.0836902 0.0175525
 0.692698 0.0596174 0.167031 0.0765114 0.00414204
 0.394062 0.376323 0.152708 0.0712218 0.00568511
 0.125707 0.32114 0.495352 0.0537591 0.00404204
 0.23352 0.215282 0.420074 0.123614 0.00750983
pf_pred 
 0.675221 0.147946 0.162173 0.0146585 9.01449e-07
 0.610154 0.296074 0.0427158 0.0468234 0.00423252
 0.737691 0.189142 0.0555674 0.00801693 0.00958222
 0.839643 0.131923 0.0205024 0.00602332 0.00190769
 0.74074 0.232861 0.021718 0.00337523 0.00130565
 0.816316 0.148299 0.0317825 0.00296423 0.000638879
 0.477439 0.45447 0.0549732 0.0117815 0.00133565
 0.503363 0.303598 0.167886 0.0203076 0.00484562
 0.598248 0.23868 0.099687 0.0551256 0.00825912
 0.833556 0.119151 0.0280969 0.011735 0.00746153
 0.945306 0.0501658 0.00324165 0.000764413 0.000522265
 0.892946 0.103025 0.00369624 0.000238847 9.48031e-05
 0.557608 0.411372 0.029852 0.00107101 9.6677e-05
 0.618137 0.255667 0.117347 0.00851548 0.00033309
 0.986267 0.0115892 0.00143524 0.00065875 4.96732e-05
 0.933034 0.0664257 0.00045573 5.64387e-05 2.78577e-05
 0.62289 0.362372 0.0146195 0.000100301 1.85526e-05
 0.918954 0.0595557 0.0206501 0.000833106 6.77296e-06
 0.905651 0.0900211 0.00317998 0.00110261 4.48454e-05
 0.840885 0.150669 0.00805801 0.000284648 0.000102712
 0.780785 0.196663 0.0213546 0.00114208 5.49013e-05
 0.741758 0.21918 0.0350437 0.00380521 0.000213291
 0.503062 0.414529 0.0699441 0.0111831 0.00128238
 0.867852 0.0843724 0.0398527 0.00672441 0.00119842
 0.898856 0.0931855 0.00508113 0.00240003 0.000477134
 0.464489 0.502045 0.0308328 0.00168122 0.000951985
 0.910358 0.0530041 0.0343483 0.00210948 0.000180155
 0.738395 0.246695 0.00881605 0.00571307 0.00038083
 0.668431 0.272091 0.0560885 0.00200442 0.00138551
 0.767032 0.179765 0.0436588 0.00899978 0.000543936
pobs_RECLAS
 0 0 0 0 0
 0 0 0 0 0
 0 0 0 0 0
 0 0 0 0 0
 0 0 0 0 0
 0 0 0 0 0
 0 0 0 0 0
 0 0 0 0 0
 0 0 0 0 0
 0 0 0 0 0
 0.991045 0.00858322 0.000360255 1.14367e-05 0
 0.934742 0.0480273 0.0164251 0.00080598 0
 0.827803 0.169806 0.00239088 0 0
 0.941827 0.0461693 0.0120037 0 0
 0.791401 0.0380133 0.147996 0.0225897 0
 0.846168 0.0940531 0.0597789 0 0
 0.134021 0.677848 0.182769 0.00536245 0
 0.80878 0.0450904 0.141981 0.00414843 0
 0.846168 0.0940531 0.0597789 0 0
 0.905697 0.0802665 0.012482 0.00150086 5.37128e-05
 0.989698 0.0102097 9.19794e-05 0 0
 0.975433 0.0193895 0.00387452 0.00125025 5.28907e-05
 0.303575 0.632131 0.0575291 0.00676475 0
 0.966965 0.00978017 0.0227588 0.000495775 0
 0.843318 0.132988 0.00938335 0.0141283 0.000182051
 0.564624 0.303363 0.111486 0.0197234 0.00080311
 0.826376 0.0876187 0.0782897 0.00655872 0.00115652
 0.89761 0.0855135 0.0140674 0.00269457 0.000114338
 0.34875 0.467042 0.161289 0.0227151 0.000203297
 0.318654 0.224769 0.449479 0.00709798 0
ppred_RECLAS
 0.559878 0.175612 0.241515 0.0229934 1.42915e-06
 0.510844 0.347142 0.0628365 0.0725497 0.0066282
 0.651042 0.233843 0.0861932 0.0130982 0.0158231
 0.781963 0.171058 0.0333537 0.0103211 0.00330384
 0.658522 0.298584 0.0349387 0.00571924 0.00223607
 0.746708 0.194682 0.0523473 0.00514242 0.0011202
 0.389609 0.512958 0.0778473 0.0175729 0.00201352
 0.388552 0.339032 0.235219 0.0299687 0.00722737
 0.490097 0.271884 0.14247 0.0829828 0.0125658
 0.785732 0.141933 0.0419914 0.0184728 0.0118714
 0.921483 0.0704115 0.00570846 0.00141785 0.000979076
 0.85372 0.139406 0.00627506 0.000427096 0.000171338
 0.467339 0.486538 0.0442967 0.00167394 0.000152719
 0.584941 0.255955 0.147393 0.0112658 0.000445389
 0.980274 0.015957 0.00247934 0.00119862 9.13496e-05
 0.910165 0.0889199 0.000765397 9.98401e-05 4.98077e-05
 0.539851 0.437799 0.02216 0.000160136 2.99374e-05
 0.886822 0.0778572 0.0338699 0.00143927 1.18262e-05
 0.87546 0.117361 0.00520139 0.00189962 7.80882e-05
 0.788214 0.197838 0.0132748 0.000493922 0.000180133
 0.709772 0.253634 0.0345536 0.00194646 9.45706e-05
 0.66761 0.271374 0.054437 0.00622605 0.00035272
 0.413163 0.468914 0.0992674 0.0167173 0.00193751
 0.814142 0.108252 0.0641517 0.0114013 0.00205368
 0.862056 0.124354 0.00850722 0.00423247 0.000850434
 0.379342 0.572557 0.044117 0.00253377 0.00145009
 0.867239 0.0709887 0.0577167 0.00373354 0.000322267
 0.663637 0.312169 0.0139965 0.00955356 0.00064365
 0.580115 0.329279 0.085161 0.00320556 0.00223949
 0.69376 0.222735 0.067869 0.014736 0.000900162
pobs_PELACES
 0 0 0 0 0
 0 0 0 0 0
 0 0 0 0 0
 0 0 0 0 0
 0 0 0 0 0
 0 0 0 0 0
 0 0 0 0 0
 0 0 0 0 0
 0 0 0 0 0
 0 0 0 0 0
 0 0 0 0 0
 0 0 0 0 0
 0 0 0 0 0
 0 0 0 0 0
 0 0 0 0 0
 0 0 0 0 0
 0.505614 0.472636 0.0217494 0 0
 0 0 0 0 0
 0.443492 0.261883 0.143347 0.151278 0
 0.227955 0.32914 0.350689 0.0885471 0.00366901
 0.970185 0.0296113 0.000203453 0 0
 0.997202 0.00247181 0.000326279 0 0
 0.445219 0.490057 0.0546422 0.010081 0
 0.90214 0.0892962 0.00764917 0.000914606 0
 0 0 0 0 0
 0.581667 0.319106 0.0959925 0.00289975 0.000334073
 0.762889 0.0836404 0.116647 0.0363945 0.000428098
 0.88444 0.0763242 0.0277011 0.0115352 0
 0.521256 0.241999 0.230069 0.00667565 0
 0.616807 0.101726 0.260614 0.0208532 0
ppred_PELACES
 0.343986 0.184451 0.42277 0.0487898 3.17504e-06
 0.336991 0.375799 0.113368 0.158665 0.0151769
 0.475473 0.280409 0.172255 0.0317304 0.0401329
 0.653946 0.232609 0.0755887 0.0283533 0.0095026
 0.50349 0.39735 0.0774899 0.015376 0.00629411
 0.595767 0.267057 0.119675 0.0142509 0.00325024
 0.261766 0.554881 0.140344 0.0384025 0.00460697
 0.2153 0.329714 0.381241 0.058879 0.0148668
 0.300339 0.270383 0.236129 0.166717 0.0264318
 0.664167 0.173744 0.0856681 0.0456833 0.0307377
 0.862376 0.114191 0.015429 0.00464532 0.0033585
 0.771752 0.210598 0.0157987 0.00130346 0.000547478
 0.33262 0.575651 0.0873463 0.0040011 0.000382188
 0.472984 0.25679 0.246446 0.0228337 0.000945139
 0.963972 0.0253219 0.0065571 0.00384259 0.000306614
 0.863325 0.134285 0.0019264 0.000304601 0.000159099
 0.410892 0.542836 0.0457925 0.000401126 7.85143e-05
 0.805027 0.110612 0.0801951 0.00413087 3.55375e-05
 0.812246 0.169457 0.0125167 0.00554119 0.000238487
 0.68445 0.282044 0.0315404 0.00142254 0.000543179
 0.572796 0.343594 0.0780121 0.00532698 0.000270979
 0.526766 0.342077 0.114362 0.015855 0.000940431
 0.277488 0.503993 0.177815 0.0362989 0.00440469
 0.679284 0.143142 0.141374 0.0304567 0.00574388
 0.78091 0.182996 0.0208642 0.0125827 0.00264706
 0.261954 0.645872 0.0829401 0.0057742 0.0034599
 0.749592 0.101344 0.137322 0.0107678 0.00097312
 0.529488 0.4124 0.0308163 0.0254972 0.00179854
 0.42456 0.39277 0.169296 0.0077246 0.0056502
 0.543058 0.27693 0.140631 0.0370134 0.00236724
pobs_pel_tallas
 0 0 0 0 0 0 0 0 0 0 0 0 0 0 0 0 0 0 0 0 0 0 0 0 0 0
 0 0 0 0 0 0 0 0 0 0 0 0 0 0 0 0 0 0 0 0 0 0 0 0 0 0
 0 0 0 0 0 0 0 0 0 0 0 0 0 0 0 0 0 0 0 0 0 0 0 0 0 0
 0 0 0 0 0 0 0 0 0 0 0 0 0 0 0 0 0 0 0 0 0 0 0 0 0 0
 0 0 0 0 0 0 0 0 0 0 0 0 0 0 0 0 0 0 0 0 0 0 0 0 0 0
 0 0 0 0 0 0 0 0 0 0 0 0 0 0 0 0 0 0 0 0 0 0 0 0 0 0
 0 0 0 0 0 0 0 0 0 0 0 0 0 0 0 0 0 0 0 0 0 0 0 0 0 0
 0 0 0 0 0 0 0 0 0 0 0 0 0 0 0 0 0 0 0 0 0 0 0 0 0 0
 0 0 0 0 0 0 0 0 0 0 0 0 0 0 0 0 0 0 0 0 0 0 0 0 0 0
 0 0 0 0 0 0 0 0 0 0 0 0 0 0 0 0 0 0 0 0 0 0 0 0 0 0
 0 0 0 0 0 0 0 0 0 0 0 0 0 0 0 0 0 0 0 0 0 0 0 0 0 0
 0 0 0 0 0 0 0 0 0 0 0 0 0 0 0 0 0 0 0 0 0 0 0 0 0 0
 0.00862536 0 0 0.000197151 0.00414017 0.0128641 0.00837892 0.0270097 0.101434 0.158115 0.152841 0.127902 0.109271 0.109419 0.0830992 0.0579132 0.0238553 0.00714673 0.00463305 0.00128148 0.00103504 0.000492878 0.000147863 0.000147863 4.92878e-05 0
 0 0 0 0 0 0 0 0 0 0 0 0 0 0 0 0 0 0 0 0 0 0 0 0 0 0
 0 0 0 0 0 0 0 0.0054083 0.00873648 0.0413646 0.0450493 0.0745869 0.0622846 0.0627006 0.0613931 0.0827291 0.12552 0.122667 0.0946155 0.0697135 0.0546179 0.0294188 0.0215738 0.0213955 0.0102223 0.00600262
 0 0 0 0 0.00359764 0.0251062 0.0480494 0.140153 0.205849 0.193036 0.1447 0.116669 0.0760912 0.0342217 0.00950174 0.001854 0.000860785 0 0 0 0.000165536 0 0.000143464 0 0 0
 0 0 0 0 0 0 0 0.000145254 0.000435761 0.0275982 0.070085 0.0708112 0.156366 0.174668 0.174014 0.160142 0.0824315 0.0480064 0.0283245 0.00493863 0.00203355 0 0 0 0 0
 0 0 0 0 0 0 0 0 0 0 0 0 0 0 0 0 0 0 0 0 0 0 0 0 0 0
 0 0 1.00437e-05 0.000401748 0.00122533 0.00171747 0.00176769 0.0269171 0.070346 0.194647 0.189555 0.159765 0.064822 0.0314167 0.0384472 0.0292271 0.0345202 0.0313363 0.0194345 0.0106764 0.0143323 0.0359363 0.0279516 0.0138201 0.00172751 0
 0 0.0021121 0.0136068 0.0755702 0.200478 0.177729 0.0527432 0.0373336 0.0318909 0.0142505 0.0149659 0.0166563 0.0217959 0.0798694 0.0677717 0.0528807 0.04013 0.0224614 0.0357745 0.0225083 0.00881397 0.00855152 0.00135912 0.000746735 0 0
 0 0 0 0 5.4009e-05 0.00500934 0.000945158 0.0243581 0.138947 0.33067 0.221406 0.137944 0.0707744 0.0437923 0.0131692 0.00525238 0.0047753 0.00276346 9.45158e-05 9.00151e-06 2.25038e-05 9.00151e-06 4.50075e-06 0 0 0
 0.000866109 0.00284123 0.00948549 0.0512746 0.133035 0.25785 0.225252 0.132002 0.0553304 0.0519788 0.0540692 0.017754 0.00435017 0.00159236 0.00146478 0.000404838 0.000125132 0.000115318 0.000107957 0.000100596 0 0 0 0 0 0
 0 0 0 0 0.00144013 0.00171154 0.00461396 0.0210425 0.0478622 0.0707936 0.0888783 0.103762 0.0637923 0.0337046 0.0602308 0.124433 0.169614 0.0934646 0.0462172 0.0250306 0.0313229 0.00938855 0.002487 0.000210481 0 0
 0 0.00764035 0.051015 0.0998891 0.058973 0.0496711 0.0374665 0.0718981 0.12319 0.153886 0.159021 0.0857701 0.0377988 0.023471 0.0147837 0.00900784 0.00315554 0.000888139 0.00291439 0.00214683 0.00393193 0.00274676 0.000635225 9.99891e-05 0 0
 0 0 0 0 0 0 0 0 0 0 0 0 0 0 0 0 0 0 0 0 0 0 0 0 0 0
 0 0 0 0 0 0 0 0 0 0 0 0 0 0 0 0 0 0 0 0 0 0 0 0 0 0
 0 0 0 0 0 0 0 0 0 0 0 0 0 0 0 0 0 0 0 0 0 0 0 0 0 0
 0 0 0 0 0 0 0 0 0 0 0 0 0 0 0 0 0 0 0 0 0 0 0 0 0 0
 0 0 0 0 0 0 0 0 0 0 0 0 0 0 0 0 0 0 0 0 0 0 0 0 0 0
 0 0 0 0 0 0 0 0 0 0 0 0 0 0 0 0 0 0 0 0 0 0 0 0 0 0
ppred_pel_tallas
 1.17141e-16 2.83337e-05 0.000275414 0.00183022 0.00831993 0.0258865 0.0551546 0.0805036 0.080522 0.0552448 0.0261913 0.00920821 0.00409011 0.00530863 0.00987971 0.0170504 0.0263329 0.0368082 0.0474296 0.057523 0.0668126 0.0748641 0.0805419 0.0821817 0.078498 0.0695144
 1.21848e-16 2.77576e-05 0.000269814 0.00179301 0.00815078 0.0253603 0.0540342 0.078872 0.0789084 0.0542119 0.0259577 0.00987826 0.00613716 0.00978022 0.018172 0.0302216 0.0440804 0.0566436 0.064818 0.0673351 0.0655266 0.0623023 0.060133 0.0596266 0.0595887 0.0581704
 1.15017e-16 3.91641e-05 0.000380689 0.00252981 0.0115002 0.0357815 0.0762373 0.111276 0.111303 0.0763705 0.0362295 0.0127971 0.00579602 0.00754682 0.0137551 0.0229572 0.0337247 0.0438006 0.0508913 0.0539391 0.053661 0.0518344 0.0499444 0.0483214 0.0463106 0.0430722
 1.06693e-16 5.38647e-05 0.000523584 0.0034794 0.0158169 0.0492123 0.104853 0.15304 0.153063 0.104963 0.0495817 0.0168848 0.00616375 0.00639596 0.0112434 0.0185997 0.0270188 0.0344674 0.0389069 0.0394047 0.0366581 0.0324365 0.0284119 0.0253137 0.0229143 0.0205933
 1.04945e-16 4.14719e-05 0.000403121 0.00267888 0.0121778 0.03789 0.08073 0.117836 0.117874 0.0809174 0.038519 0.0139952 0.00724237 0.0103707 0.0189878 0.0313669 0.0452789 0.0571432 0.0633264 0.0621393 0.0548157 0.044617 0.0348252 0.027201 0.0218049 0.0178175
 1.05502e-16 4.90726e-05 0.000477003 0.00316986 0.0144097 0.0448341 0.0955248 0.139427 0.139453 0.0956513 0.0452591 0.0156389 0.00626134 0.00724612 0.0129645 0.0215105 0.0313427 0.0401638 0.0456355 0.0466335 0.0438319 0.0390813 0.0341313 0.0297517 0.0257819 0.0217707
 1.08823e-16 2.15614e-05 0.000209585 0.00139277 0.00633135 0.0196995 0.0419738 0.0612732 0.0613267 0.0422356 0.0205791 0.00887323 0.00777825 0.0141658 0.0265758 0.0440292 0.0637239 0.0807649 0.090152 0.0895555 0.0806398 0.0677912 0.0553377 0.0454698 0.0380868 0.0320132
 1.19507e-16 1.7734e-05 0.000172381 0.00114553 0.00520745 0.0162025 0.0345223 0.0503931 0.0504254 0.0346805 0.0167351 0.00675258 0.00504994 0.0087816 0.0166201 0.0281063 0.0420223 0.0560538 0.0677542 0.0758647 0.0807635 0.0835836 0.0848379 0.0838512 0.079429 0.0710275
 1.28076e-16 2.47386e-05 0.000240468 0.001598 0.00726428 0.022602 0.0481569 0.070292 0.0703184 0.0482863 0.0230373 0.00852629 0.00478436 0.00725845 0.0135382 0.0228343 0.0340657 0.0453596 0.054841 0.061755 0.0668212 0.0713878 0.0760773 0.0800862 0.0816517 0.0791925
 1.123e-16 5.47066e-05 0.000531767 0.00353378 0.0160641 0.0499814 0.106491 0.155431 0.155447 0.106574 0.0502585 0.0168661 0.00555279 0.00495885 0.00852101 0.0141565 0.0207619 0.026917 0.0312263 0.0331011 0.0330924 0.0324201 0.0320767 0.0322285 0.0322909 0.0314625
 1.01509e-16 7.10328e-05 0.000690464 0.00458838 0.0208581 0.0648974 0.138271 0.201813 0.201824 0.138325 0.0650779 0.0213796 0.00589751 0.00354831 0.00549867 0.00897832 0.012928 0.0162609 0.0179225 0.0174305 0.0151598 0.012085 0.00919379 0.00702605 0.00560551 0.00466913
 1.00734e-16 6.35683e-05 0.000617906 0.0041062 0.0186662 0.0580776 0.123741 0.180608 0.180629 0.12384 0.0584102 0.0196264 0.00651509 0.00587257 0.0100315 0.0164526 0.0236216 0.0295498 0.0322544 0.0308175 0.025934 0.0194542 0.0133019 0.00860429 0.00552972 0.00367414
 1.03134e-16 2.73976e-05 0.000266314 0.00176975 0.00804507 0.0250315 0.0533343 0.0778546 0.0779101 0.0536054 0.0259419 0.0106745 0.00836993 0.0146745 0.0273906 0.0452359 0.0651504 0.0818948 0.0901217 0.0873242 0.075296 0.0588705 0.0430135 0.0305493 0.0218255 0.0158224
 1.09628e-16 3.89591e-05 0.000378697 0.00251657 0.01144 0.0355942 0.0758382 0.110693 0.110718 0.0759609 0.0360071 0.0126369 0.00553674 0.00702393 0.0128121 0.0215166 0.0319146 0.0420509 0.0498836 0.0543556 0.0558161 0.05538 0.0538394 0.051123 0.0466758 0.0402486
 1.00634e-16 7.94011e-05 0.000771807 0.00512893 0.0233154 0.0725428 0.15456 0.225586 0.225588 0.154572 0.0725829 0.0234314 0.00542058 0.00140946 0.00129331 0.00202013 0.00292073 0.00371219 0.00416587 0.00417987 0.00383343 0.00332628 0.00284958 0.00249057 0.00222788 0.00199186
 1.00148e-16 7.1111e-05 0.000691224 0.00459343 0.0208811 0.0649688 0.138423 0.202036 0.202049 0.138486 0.0651805 0.0214923 0.00612645 0.00403329 0.00640492 0.0104409 0.0149511 0.0186273 0.0201903 0.0190524 0.0156746 0.0112772 0.00714215 0.00403926 0.00210251 0.00106538
 1.01514e-16 3.38448e-05 0.000328983 0.00218621 0.00993823 0.0309218 0.0658841 0.0961707 0.096223 0.0661395 0.0317791 0.0124135 0.00839678 0.0138775 0.0257374 0.0424228 0.060935 0.076256 0.0832825 0.07964 0.0670997 0.0504025 0.0344814 0.0222329 0.0141082 0.00910847
 1.02763e-16 6.6309e-05 0.000644547 0.00428324 0.019471 0.0605816 0.129076 0.188392 0.188403 0.129128 0.0607586 0.0199835 0.00557437 0.00347878 0.00549481 0.00909794 0.0133748 0.0173886 0.0202077 0.0213617 0.0210516 0.0198875 0.0183962 0.0167315 0.0147681 0.012398
 1.01001e-16 6.69037e-05 0.000650328 0.00432166 0.0196456 0.0611249 0.130234 0.190083 0.1901 0.130313 0.0613925 0.0204183 0.0062603 0.00487953 0.00809052 0.0132474 0.0190256 0.0238179 0.0260354 0.0249486 0.0211239 0.0160512 0.0112682 0.00765897 0.00532683 0.00391501
 1.01217e-16 5.63773e-05 0.000548007 0.0036417 0.0165547 0.0515079 0.109744 0.16018 0.160207 0.109877 0.0519535 0.0178417 0.00687146 0.0075958 0.0134331 0.0220959 0.0317705 0.0398347 0.0436491 0.041984 0.0357449 0.0273571 0.0193292 0.0131127 0.00890924 0.00620024
 1.0292e-16 4.71805e-05 0.000458612 0.00304764 0.0138541 0.0431055 0.0918421 0.134053 0.134086 0.0920042 0.0436498 0.0154266 0.00699663 0.00908581 0.0164506 0.0271696 0.039244 0.0495724 0.0550049 0.0540532 0.047732 0.0387964 0.030032 0.0229571 0.0176885 0.0136415
 1.05137e-16 4.33891e-05 0.000421757 0.00280273 0.0127408 0.0396416 0.0844618 0.123281 0.123314 0.0846234 0.0401847 0.0143107 0.00674838 0.00905144 0.0164803 0.0273003 0.0396098 0.050405 0.0566247 0.0568136 0.0519148 0.0444885 0.037039 0.030803 0.0257163 0.021178
 1.09646e-16 2.28564e-05 0.000222172 0.00147642 0.0067116 0.0208825 0.0444943 0.0649509 0.0649996 0.0447325 0.0216831 0.00902608 0.00729437 0.0129503 0.0242764 0.0403081 0.058554 0.0746586 0.0841569 0.08494 0.0784041 0.0682808 0.058165 0.0497436 0.0427806 0.0362851
 1.08143e-16 5.59517e-05 0.000543871 0.00361421 0.0164297 0.0511189 0.108915 0.158967 0.158981 0.108983 0.0513494 0.0170979 0.00530109 0.0042581 0.0072033 0.0120643 0.0179455 0.0237657 0.0284322 0.0314056 0.0329128 0.0335663 0.0337355 0.0332436 0.0316034 0.0285059
 1.02359e-16 6.43225e-05 0.000625238 0.00415493 0.0188877 0.0587667 0.125209 0.182751 0.182768 0.125296 0.059056 0.0197232 0.00625182 0.00520212 0.00875489 0.0143676 0.0206825 0.0259946 0.0286158 0.0277783 0.0240932 0.0191371 0.0145054 0.0110659 0.00884587 0.00740306
 1.03724e-16 2.15769e-05 0.000209735 0.00139377 0.00633591 0.0197137 0.0420044 0.0613197 0.0613819 0.0423085 0.0207346 0.00928445 0.00879399 0.016361 0.0306853 0.0506662 0.0729142 0.0915358 0.100518 0.0970548 0.0832055 0.0644738 0.0465275 0.0326069 0.0231123 0.0168369
 1.05234e-16 6.1743e-05 0.000600164 0.0039883 0.0181302 0.0564099 0.120188 0.17542 0.175429 0.120236 0.0565742 0.0186072 0.00519469 0.00326425 0.00521057 0.00874867 0.0131364 0.0176403 0.0215148 0.0243508 0.026196 0.0272903 0.0276773 0.0270833 0.0251665 0.0218813
 1.03857e-16 4.36133e-05 0.000423937 0.00281721 0.0128067 0.0398465 0.0848986 0.12392 0.12396 0.0850926 0.0404978 0.0146875 0.0075365 0.0107203 0.0195814 0.0322596 0.0463681 0.0581081 0.0636456 0.0612333 0.052272 0.0403883 0.0292916 0.0210614 0.0158498 0.0126897
 1.06717e-16 3.49705e-05 0.000339926 0.00225893 0.0102688 0.0319502 0.0680747 0.099365 0.099403 0.0682606 0.0325749 0.0120754 0.0068021 0.010285 0.0190022 0.0315658 0.0459465 0.0587666 0.0665561 0.0676354 0.062992 0.0553821 0.0474571 0.0404584 0.034262 0.0282822
 1.08242e-16 4.47311e-05 0.000434802 0.00288941 0.0131349 0.0408676 0.0870737 0.127092 0.127119 0.087205 0.041309 0.0144119 0.00610308 0.00747719 0.0134986 0.0224525 0.0328247 0.0422962 0.0485066 0.050336 0.0484786 0.0447698 0.040858 0.0373254 0.0338007 0.0296902
pSPR Fmed_Fpbrs
0.556579   0.228713 0.228713
Fs Fmed_Fpbrs
0.34   1.005 1.005
SSBpbr Bo_Bmed_Bpbrs
419816  212670  75026.5 75026.5
Ro
91380.5
SPR SPRFo_SPRFmed_SPRFpbrs
650490 362049 148775
Fref
1.005
Nvult_r0
 43231 8694.54 2111.6 435.284 26.3081
CTP_r0
 18153.9 4358.11 1058.43 218.185 13.1868
YTP_r0
237259
Np
 105864 18882.5 1009.03 133.296 36.7325
Nvult_p0
 86981.9 16339.8 873.152 115.347 31.7861
CTP_p0
 36526.1 3250.14 429.356 104.276 23.613
 36526.1 8190.26 437.665 57.8172 15.9327
YTP_p0
 346555 431234
CBA_c0
270047
log_Ro
11.2428
likeval ReclasPelacesDesembMPH_pf_preclas_ppelaces_ptallas_desvR_qrecl_qpela
 31.2988 28.567 0.0301037 40.8053 248.465 130.569 111.752 0 22.5839 0.000217473 0.000636231 0.0223199 0 0 0
q_reclas_q_pelaces
8.0489 35.4158
M
1
N
 143706 23983.1 26289.4 2376.24 0.146131
 94448.3 36332.9 5241.9 5745.97 519.397
 85412.6 17352.8 5098.02 735.512 879.12
 125496 15758.8 2449.09 719.509 227.881
 91415.1 21461.4 2001.62 311.074 120.334
 193355 26592.7 5699.19 531.541 114.563
 66613 51103.2 6181.5 1324.78 150.188
 23639 10546 5831.82 705.423 168.321
 22974.2 7338.07 3064.82 1694.81 253.922
 31302.8 3868.48 912.224 381 242.254
 54428.7 2167.8 140.081 33.0324 22.5686
 170130 15299.4 548.901 35.4693 14.0785
 62328.9 36021.4 2613.96 93.7818 8.46543
 33474.5 12666.2 5813.56 421.872 16.5019
 73381.1 693.615 85.8989 39.4261 2.97294
 204264 11826.9 81.1413 10.0487 4.95998
 63840 29634.3 1195.57 8.20247 1.51721
 207455 11078.2 3841.19 154.969 1.25986
 320143 26327.7 930.022 322.472 13.1155
 273850 38884.1 2079.58 73.4609 26.5075
 258302 50488.7 5482.31 293.202 14.0946
 236322 56636.6 9055.38 983.277 55.1151
 52761.9 35213.2 5941.59 949.974 108.935
 100417 7968.28 3763.76 635.065 113.181
 169500 14055.4 766.401 362.004 71.9675
 33445.1 28774.6 1767.18 96.359 54.5629
 129225 5929.72 3842.64 235.993 20.1545
 95052.8 24970.2 892.351 578.271 38.5472
 57682.5 18727.4 3860.44 137.959 95.3614
 52615.8 10047.5 2440.2 503.021 30.402
pred_Ctot
 29286.4 6416.88 7033.94 635.782 0.0390986
 31592.6 15330.1 2211.74 2424.43 219.152
 28440.9 7292.17 2142.34 309.084 369.432
 45125.6 7090.06 1101.87 323.716 102.526
 12325.1 3874.55 361.364 56.16 21.7246
 35350.5 6422.06 1376.34 128.366 27.6666
 25647.9 24414 2953.14 632.9 71.7504
 2366.42 1427.28 789.268 95.4706 22.7803
 8381.27 3343.83 1396.58 772.292 115.708
 18223 2604.84 614.247 256.546 163.122
 8296.42 440.277 28.4502 6.70883 4.58363
 47723.5 5506.15 197.546 12.7652 5.06676
 18496.7 13645.8 990.233 35.5269 3.20692
 24324.8 10061 4617.81 335.1 13.1077
 27831.3 327.034 40.5007 18.5891 1.40172
 84170.7 5992.39 41.1122 5.09143 2.51309
 22636.4 13168.9 531.287 3.64502 0.67422
 93384.1 6052.05 2098.46 84.6602 0.688269
 147846 14695.8 519.127 180 7.32094
 91260 16351.9 874.524 30.8924 11.1472
 68769.7 17321.6 1880.86 100.591 4.83557
 95471.9 28210.7 4510.48 489.77 27.4528
 21097.3 17384.4 2933.31 468.993 53.7801
 42441.4 4126.15 1948.95 328.85 58.6076
 61369.8 6362.28 346.916 163.863 32.5765
 11609.9 12548.6 770.664 42.022 23.7948
 40834.8 2377.54 1540.72 94.6224 8.08102
 29340 9802.37 350.304 227.008 15.1322
 20378 8295.05 1709.93 61.1074 42.2391
 21971.3 5149.31 1250.59 257.795 15.5809
F
 0.375048 0.520667 0.520667 0.520667 0.520667
 0.694298 0.963871 0.963871 0.963871 0.963871
 0.690097 0.958039 0.958039 0.958039 0.958039
 0.76602 1.06344 1.06344 1.06344 1.06344
 0.234775 0.325931 0.325931 0.325931 0.325931
 0.330682 0.459075 0.459075 0.459075 0.459075
 0.84315 1.17052 1.17052 1.17052 1.17052
 0.169824 0.235761 0.235761 0.235761 0.235761
 0.781511 1.08495 1.08495 1.08495 1.08495
 1.66999 2.3184 2.3184 2.3184 2.3184
 0.269077 0.373551 0.373551 0.373551 0.373551
 0.55245 0.766948 0.766948 0.766948 0.766948
 0.593488 0.823921 0.823921 0.823921 0.823921
 2.87662 3.99352 3.99352 3.99352 3.99352
 0.825291 1.14572 1.14572 1.14572 1.14572
 0.930481 1.29176 1.29176 1.29176 1.29176
 0.751405 1.04315 1.04315 1.04315 1.04315
 1.06429 1.47752 1.47752 1.47752 1.47752
 1.10818 1.53845 1.53845 1.53845 1.53845
 0.690832 0.95906 0.95906 0.95906 0.95906
 0.517472 0.71839 0.71839 0.71839 0.71839
 0.903773 1.25468 1.25468 1.25468 1.25468
 0.890322 1.236 1.236 1.236 1.236
 0.966325 1.34152 1.34152 1.34152 1.34152
 0.773356 1.07362 1.07362 1.07362 1.07362
 0.729928 1.01334 1.01334 1.01334 1.01334
 0.643876 0.893872 0.893872 0.893872 0.893872
 0.624448 0.866901 0.866901 0.866901 0.866901
 0.747626 1.0379 1.0379 1.0379 1.0379
 0.94903 1.31751 1.31751 1.31751 1.31751
YTP_r0W_actual
 132524 69294 28048.5 6916.46 476.045
YTP_p0W_proyectada
 275407 56714.9 10334.6 3265.91 832.358
 275407 142920 10534.6 1810.83 561.627
CTP_r0_actual
 18153.9 4358.11 1058.43 218.185 13.1868
CTP_p0_proyectada
 36526.1 3250.14 429.356 104.276 23.613
 36526.1 8190.26 437.665 57.8172 15.9327
Wmedp
 7.54 17.45 24.07 31.32 35.25
Frms_r0
 0.723924 1.005 1.005 1.005 1.005
Zrms_r0
 1.72392 2.005 2.005 2.005 2.005
nmprior
 7.29 8.9 8.7 0
nm_flota  nm_reclas  nm_pelaces    nm_pelaL
inf 8.64161 6.79038 9.96031
cv_recla  cv_pelaces  cv_mph
0.517953 0.628922 0.271016
 ------------------------------------------------
Talla a la edad & desviaci?n 
 8 13.2811 15.8009 17.003 17.5766
 0.8 1.32811 1.58009 1.7003 1.75766
