    unsorted:	 2.267224232e-06 1.855459219e-06 5.269923019e-05 9.652750788e-05 6.854421986 12.37972778 5.017740792 14.21032907 44.86246698 66.23745921 80.14570293 171.3696456 181.3600490 193.9929248 212.4681688 230.7416396 443.6734453 666.6614515 907.4921405 1009.489113 1106.305601 1226.213894 1285.981402 1536.350928 1840.984251 1935.310965 1980.117873 2126.537649 2211.598513 2407.400062 2843.261596 3164.453478 2995.124482 3233.236932 3394.408748 3476.867881 3666.572328 3787.227464 3933.056527 3997.696227 4155.350662 4789.098563 4904.977875 4993.435986 12955.76655 29202.18331 43609.11118 163458.0065 376409.5812 375617.9633 352941.0577 349480.9618 363622.0765 320750.4825 424680.5651 476538.1015 509388.9317 512462.4081 657205.6961 676482.1657 741119.6519 767064.1866 1052245.027 1070481.200 1124681.157 1308980.392 1528368.736 1622157.651 1835953.610 2044145.823 2149007.672 2403480.302 2758962.754 2857397.663 3022714.314 3184879.932 5291287.069 43933576.09
      sorted:	 1.855459219e-06 2.267224232e-06 5.269923019e-05 9.652750788e-05 5.017740792 6.854421986 12.37972778 14.21032907 44.86246698 66.23745921 80.14570293 171.3696456 181.3600490 193.9929248 212.4681688 230.7416396 443.6734453 666.6614515 907.4921405 1009.489113 1106.305601 1226.213894 1285.981402 1536.350928 1840.984251 1935.310965 1980.117873 2126.537649 2211.598513 2407.400062 2843.261596 2995.124482 3164.453478 3233.236932 3394.408748 3476.867881 3666.572328 3787.227464 3933.056527 3997.696227 4155.350662 4789.098563 4904.977875 4993.435986 12955.76655 29202.18331 43609.11118 163458.0065 320750.4825 349480.9618 352941.0577 363622.0765 375617.9633 376409.5812 424680.5651 476538.1015 509388.9317 512462.4081 657205.6961 676482.1657 741119.6519 767064.1866 1052245.027 1070481.200 1124681.157 1308980.392 1528368.736 1622157.651 1835953.610 2044145.823 2149007.672 2403480.302 2758962.754 2857397.663 3022714.314 3184879.932 5291287.069 43933576.09
