years
 1991 1992 1993 1994 1995 1996 1997 1998 1999 2000 2001 2002 2003 2004 2005 2006 2007 2008 2009 2010 2011 2012 2013 2014 2015 2016 2017 2018 2019 2020 2021
reclasobs
 0 0 0 0 0 0 0 0 0 252601 567819 844713 477998 351125 339783 2.1784e+06 2.13404e+06 4.81314e+06 1.55562e+06 2.62356e+06 3.21686e+06 3.843e+06 1.13348e+06 3.07943e+06 1.97215e+06 2.03268e+06 2.025e+06 2.42433e+06 2.27542e+06 1.05018e+06 2.36338e+06
reclaspred
 2.13302e+06 1.40842e+06 996063 1.07986e+06 1.16676e+06 1.38493e+06 1.08293e+06 1.6232e+06 1.77149e+06 1.9085e+06 1.41549e+06 1.4093e+06 1.25595e+06 1.14563e+06 1.19665e+06 1.1544e+06 1.19293e+06 1.33786e+06 604722 382514 572089 248674 483317 910823 840107 1.14457e+06 1.29193e+06 1.09905e+06 1.31084e+06 1.40623e+06 1.42865e+06
pelacesobs
 0 0 0 0 0 0 0 0 0 0 0 0 0 0 0 552880 188675 0 991730 2.46772e+06 1.41603e+06 1.21717e+06 2.29649e+06 1.80582e+06 0 1.4828e+06 1.56532e+06 1.57751e+06 1.42118e+06 867257 1.10002e+06
pelacespred
 980936 682049 467275 439233 529167 614206 470441 835676 953394 959175 801165 654735 615199 608242 645381 516410 513655 535401 242565 126446 200345 67344.3 200760 423770 377196 530421 671993 565035 571914 673712 665682
mphobs
 0 0 0 0 0 0 0 0 0 0 0 0 498337 0 5186 125008 0 168611 109162 213762 579715 649985 157893 87575 83554 210694 70296 0 107559 103333 445601
mphpred
 2.00035e+06 1.39601e+06 930022 767610 883438 1.01091e+06 1.00645e+06 870182 1.37207e+06 1.60928e+06 1.29863e+06 1.1933e+06 1.07693e+06 894062 854199 1.07407e+06 832351 1.06545e+06 643335 269686 280977 214772 105719 416392 700414 608644 927782 871289 990617 1.04102e+06 998119
desembarqueobs
 494567 514787 250237 358949 120608 361735 552515 73892 212993 205616 52469 317467 293654 387597 252695 516296 358380 742168 942051 627588 828172 859565 418607 520667 417249 300574 415391 372974 316634 284311 391294
desembarquepred
 494761 506394 260956 358716 120544 361474 552068 73856.6 212948 205607 52456.2 318084 294422 390195 253095 515962 357912 736722 916969 607894 805669 835808 419970 523305 418657 301157 415870 373897 317169 284376 391130
Reclutas
 202476 202476 202476 202476 202476 202476 202476 202476 202476 202476 202476 202476 202476 202476 202476 202476 202476 202476 202476 202476 202476 202476 202476 202476 202476 202476 202476 202476 202476 202476 202476
log_desv_Rt
 0 0 0 0 0 0 0 0 0 0 0 0 0 0 0 0 0 0 0 0 0 0 0 0 0 0 0 0 0 0 0
SSB
 2.00035e+06 1.39601e+06 930022 767610 883438 1.01091e+06 1.00645e+06 870182 1.37207e+06 1.60928e+06 1.29863e+06 1.1933e+06 1.0382e+06 882347 833940 1.04412e+06 832351 1.06545e+06 673312 282678 306996 273254 128765 470637 731780 672549 964735 871289 1.02779e+06 1.01652e+06 1.10376e+06
BT
 2.91691e+06 2.31568e+06 1.45922e+06 1.57441e+06 1.55936e+06 2.12476e+06 1.79967e+06 2.91133e+06 3.09771e+06 2.83089e+06 2.2413e+06 2.07654e+06 2.05185e+06 2.36527e+06 2.36707e+06 1.91661e+06 1.85198e+06 2.18573e+06 1.71844e+06 958552 1.42963e+06 980025 1.20417e+06 2.05908e+06 1.49132e+06 2.03605e+06 2.58524e+06 2.14912e+06 1.85836e+06 2.30308e+06 2.32167e+06
Ftot
 0.218545 0.335211 0.246293 0.310835 0.0983965 0.245637 0.469589 0.0435324 0.114413 0.102551 0.0354661 0.212871 0.221045 0.319013 0.200136 0.413941 0.28181 0.505216 1.27714 1.35245 1.21403 2.44035 0.79275 0.530747 0.460301 0.248022 0.30189 0.318913 0.227966 0.191262 0.257605
BD_Bspro_t
 0.965637 0.788848 0.656976 0.639285 0.650744 0.727744 0.679973 0.601241 0.771291 0.821529 0.827032 0.862408 0.773873 0.709935 0.682946 0.703276 0.58903 0.633068 0.453506 0.247392 0.222927 0.187717 0.113194 0.334531 0.461966 0.498662 0.631574 0.640682 0.671011 0.673761 0.706642
BD_Bspro
 1.38412 0.965957 0.643519 0.53114 0.611285 0.699487 0.6964 0.602113 0.949389 1.11352 0.898573 0.825689 0.718371 0.61053 0.577036 0.722466 0.575937 0.737226 0.465891 0.195596 0.212423 0.189075 0.0890975 0.325652 0.506348 0.465363 0.667538 0.602879 0.711169 0.703367 0.763737
BD_Bo
 1.19403 0.833291 0.555136 0.458192 0.52733 0.603418 0.600755 0.519417 0.818998 0.960589 0.775162 0.712287 0.619708 0.526679 0.497785 0.623241 0.496836 0.635974 0.401905 0.168732 0.183248 0.163107 0.0768607 0.280927 0.436805 0.401449 0.575857 0.520079 0.613496 0.606765 0.658844
BD_Brms
 5.07332 3.54059 2.35873 1.94682 2.24058 2.56388 2.55256 2.20696 3.47986 4.08147 3.2936 3.02645 2.63309 2.23782 2.11505 2.6481 2.11102 2.7022 1.70766 0.716931 0.778607 0.69303 0.326575 1.19364 1.85595 1.70573 2.44677 2.20977 2.6067 2.5781 2.79938
Sel_flota
 0.5 1 1 1 1
 0.5 1 1 1 1
 0.5 1 1 1 1
 0.5 1 1 1 1
 0.5 1 1 1 1
 0.5 1 1 1 1
 0.5 1 1 1 1
 0.5 1 1 1 1
 0.5 1 1 1 1
 0.5 1 1 1 1
 0.5 1 1 1 1
 0.5 1 1 1 1
 0.5 1 1 1 1
 0.5 1 1 1 1
 0.5 1 1 1 1
 0.5 1 1 1 1
 0.5 1 1 1 1
 0.5 1 1 1 1
 0.5 1 1 1 1
 0.5 1 1 1 1
 0.5 1 1 1 1
 0.5 1 1 1 1
 0.5 1 1 1 1
 0.5 1 1 1 1
 0.5 1 1 1 1
 0.5 1 1 1 1
 0.5 1 1 1 1
 0.5 1 1 1 1
 0.5 1 1 1 1
 0.5 1 1 1 1
 0.5 1 1 1 1
Sel_reclas
 0.5 1 1 1 1
 0.5 1 1 1 1
 0.5 1 1 1 1
 0.5 1 1 1 1
 0.5 1 1 1 1
 0.5 1 1 1 1
 0.5 1 1 1 1
 0.5 1 1 1 1
 0.5 1 1 1 1
 0.5 1 1 1 1
 0.5 1 1 1 1
 0.5 1 1 1 1
 0.5 1 1 1 1
 0.5 1 1 1 1
 0.5 1 1 1 1
 0.5 1 1 1 1
 0.5 1 1 1 1
 0.5 1 1 1 1
 0.5 1 1 1 1
 0.5 1 1 1 1
 0.5 1 1 1 1
 0.5 1 1 1 1
 0.5 1 1 1 1
 0.5 1 1 1 1
 0.5 1 1 1 1
 0.5 1 1 1 1
 0.5 1 1 1 1
 0.5 1 1 1 1
 0.5 1 1 1 1
 0.5 1 1 1 1
 0.5 1 1 1 1
Sel_pelaces
 0.5 1 1 1 1
 0.5 1 1 1 1
 0.5 1 1 1 1
 0.5 1 1 1 1
 0.5 1 1 1 1
 0.5 1 1 1 1
 0.5 1 1 1 1
 0.5 1 1 1 1
 0.5 1 1 1 1
 0.5 1 1 1 1
 0.5 1 1 1 1
 0.5 1 1 1 1
 0.5 1 1 1 1
 0.5 1 1 1 1
 0.5 1 1 1 1
 0.5 1 1 1 1
 0.5 1 1 1 1
 0.5 1 1 1 1
 0.5 1 1 1 1
 0.5 1 1 1 1
 0.5 1 1 1 1
 0.5 1 1 1 1
 0.5 1 1 1 1
 0.5 1 1 1 1
 0.5 1 1 1 1
 0.5 1 1 1 1
 0.5 1 1 1 1
 0.5 1 1 1 1
 0.5 1 1 1 1
 0.5 1 1 1 1
 0.5 1 1 1 1
pf_obs 
 0.8446 0.082 0.0669 0.0065 0
 0.8095 0.147 0.0364 0.0071 0
 0.9664 0.0169 0.016 0.0007 0
 0.9276 0.0648 0.0075 0.0001 0
 0.7033 0.2144 0.0806 0.0017 0
 0.9318 0.0425 0.0243 0.0014 0
 0.5671 0.3108 0.0964 0.0239 0.0018
 0.0768 0.2599 0.5324 0.112 0.0189
 0.490249 0.384438 0.106611 0.0170017 0.00170017
 0.7925 0.1577 0.0466 0.003 0.0002
 0.840416 0.127587 0.0312969 0.00059994 9.999e-05
 0.8084 0.0986 0.0794 0.0134 0.0002
 0.7335 0.1905 0.0724 0.0035 0.0001
 0.4001 0.4547 0.1325 0.0127 0
 0.49795 0.308269 0.164784 0.0264974 0.00249975
 0.9179 0.0499 0.0305 0.0017 0
 0.2467 0.6533 0.0926 0.0074 0
 0.9418 0.0223 0.034 0.0019 0
 0.707729 0.231977 0.0356964 0.0245975 0
 0.517169 0.277429 0.184464 0.0207286 0.00020938
 0.811772 0.124168 0.05621 0.00726502 0.000585176
 0.764997 0.148141 0.077277 0.00933861 0.000247198
 0.163321 0.427699 0.378323 0.0303852 0.000271297
 0.753843 0.0900009 0.118128 0.0371064 0.000921714
 0.721811 0.176058 0.0630433 0.0369309 0.00215725
 0.143369 0.312575 0.442814 0.0836902 0.0175525
 0.692698 0.0596174 0.167031 0.0765114 0.00414204
 0.394062 0.376323 0.152708 0.0712218 0.00568511
 0.125707 0.32114 0.495352 0.0537591 0.00404204
 0.23352 0.215282 0.420074 0.123614 0.00750983
 0.796117 0.104755 0.0508955 0.0450114 0.00322123
pf_pred 
 0.476983 0.0466523 0.449148 0.0191756 0.00804185
 0.517068 0.31903 0.0146198 0.140753 0.00852934
 0.542881 0.321418 0.0896455 0.00410808 0.0419475
 0.540403 0.330361 0.0908704 0.0253444 0.0130207
 0.538709 0.332496 0.092579 0.0254651 0.0107513
 0.514451 0.342916 0.102809 0.0286257 0.0111982
 0.539352 0.320211 0.0991827 0.0297357 0.0115184
 0.558678 0.322107 0.0828698 0.0256682 0.0106765
 0.505714 0.355607 0.101217 0.0260405 0.0114207
 0.499553 0.339859 0.115533 0.0328844 0.0121708
 0.492352 0.341617 0.112754 0.0383301 0.0149478
 0.488873 0.338445 0.116205 0.0383544 0.018123
 0.514696 0.325554 0.10578 0.0363193 0.0176518
 0.528823 0.326879 0.0967985 0.031452 0.0160475
 0.541683 0.326253 0.0916195 0.0271312 0.0133134
 0.538157 0.330208 0.0937046 0.0263145 0.0116163
 0.562027 0.317717 0.0859806 0.0243991 0.00987655
 0.559669 0.32422 0.0842297 0.0227943 0.00908681
 0.620177 0.284067 0.0705059 0.0183169 0.00693296
 0.729759 0.224871 0.0339316 0.00842188 0.00301607
 0.747115 0.226049 0.0223305 0.00336954 0.00113583
 0.7616 0.213992 0.0218173 0.00215525 0.000434838
 0.833527 0.156177 0.00924238 0.000942293 0.000111866
 0.67502 0.301502 0.022026 0.00130348 0.000148671
 0.61683 0.318092 0.0603761 0.00441074 0.000290795
 0.586139 0.325879 0.0730395 0.0138634 0.00107956
 0.551742 0.337578 0.0871503 0.0195331 0.00399622
 0.551289 0.327272 0.091454 0.0236101 0.00637438
 0.549281 0.329042 0.0887465 0.0247996 0.0081309
 0.533753 0.33704 0.0943264 0.0254409 0.00944018
 0.527195 0.334688 0.0998416 0.0279424 0.0103329
pobs_RECLAS
 0 0 0 0 0
 0 0 0 0 0
 0 0 0 0 0
 0 0 0 0 0
 0 0 0 0 0
 0 0 0 0 0
 0 0 0 0 0
 0 0 0 0 0
 0 0 0 0 0
 0 0 0 0 0
 0.991045 0.00858322 0.000360255 1.14367e-05 0
 0.934742 0.0480273 0.0164251 0.00080598 0
 0.827803 0.169806 0.00239088 0 0
 0.941827 0.0461693 0.0120037 0 0
 0.791401 0.0380133 0.147996 0.0225897 0
 0.846168 0.0940531 0.0597789 0 0
 0.134021 0.677848 0.182769 0.00536245 0
 0.80878 0.0450904 0.141981 0.00414843 0
 0.846168 0.0940531 0.0597789 0 0
 0.905697 0.0802665 0.012482 0.00150086 5.37128e-05
 0.989698 0.0102097 9.19794e-05 0 0
 0.975433 0.0193895 0.00387452 0.00125025 5.28907e-05
 0.303575 0.632131 0.0575291 0.00676475 0
 0.966965 0.00978017 0.0227588 0.000495775 0
 0.843318 0.132988 0.00938335 0.0141283 0.000182051
 0.564624 0.303363 0.111486 0.0197234 0.00080311
 0.826376 0.0876187 0.0782897 0.00655872 0.00115652
 0.89761 0.0855135 0.0140674 0.00269457 0.000114338
 0.34875 0.467042 0.161289 0.0227151 0.000203297
 0.318654 0.224769 0.449479 0.00709798 0
 0.937255 0.0296025 0.0250945 0.00804832 0
ppred_RECLAS
 0.479569 0.0464215 0.446926 0.0190807 0.00800207
 0.521321 0.31622 0.014491 0.139513 0.00845422
 0.545828 0.319345 0.0890676 0.00408159 0.041677
 0.54427 0.327582 0.0901059 0.0251311 0.0129112
 0.539782 0.331722 0.0923636 0.0254059 0.0107263
 0.51741 0.340827 0.102182 0.0284513 0.01113
 0.545726 0.315781 0.0978104 0.0293243 0.011359
 0.559132 0.321776 0.0827846 0.0256418 0.0106655
 0.506984 0.354694 0.100957 0.0259736 0.0113914
 0.500681 0.339092 0.115273 0.0328102 0.0121433
 0.492724 0.341366 0.112671 0.0383019 0.0149368
 0.491388 0.33678 0.115633 0.0381658 0.0180339
 0.517318 0.323794 0.105208 0.036123 0.0175564
 0.532824 0.324103 0.0959766 0.031185 0.0159113
 0.544012 0.324595 0.0911539 0.0269934 0.0132458
 0.543615 0.326306 0.0925973 0.0260035 0.011479
 0.565442 0.315239 0.0853102 0.0242089 0.00979953
 0.566592 0.319123 0.0829055 0.0224359 0.00894395
 0.642964 0.267025 0.066276 0.017218 0.00651702
 0.750214 0.207851 0.0313633 0.00778444 0.00278779
 0.76394 0.21101 0.0208448 0.00314535 0.00106026
 0.804702 0.175303 0.0178728 0.00176559 0.000356221
 0.840422 0.149708 0.00885959 0.000903266 0.000107233
 0.681555 0.295439 0.0215831 0.00127727 0.000145682
 0.622733 0.313192 0.059446 0.00434279 0.000286315
 0.589041 0.323593 0.0725273 0.0137662 0.00107198
 0.555462 0.334777 0.0864271 0.019371 0.00396306
 0.555258 0.324377 0.090645 0.0234012 0.006318
 0.551972 0.327077 0.0882166 0.0246515 0.00808235
 0.535972 0.335436 0.0938775 0.0253199 0.00939525
 0.530313 0.332481 0.0991832 0.0277581 0.0102647
pobs_PELACES
 0 0 0 0 0
 0 0 0 0 0
 0 0 0 0 0
 0 0 0 0 0
 0 0 0 0 0
 0 0 0 0 0
 0 0 0 0 0
 0 0 0 0 0
 0 0 0 0 0
 0 0 0 0 0
 0 0 0 0 0
 0 0 0 0 0
 0 0 0 0 0
 0 0 0 0 0
 0 0 0 0 0
 0 0 0 0 0
 0.505614 0.472636 0.0217494 0 0
 0 0 0 0 0
 0.443492 0.261883 0.143347 0.151278 0
 0.227955 0.32914 0.350689 0.0885471 0.00366901
 0.970185 0.0296113 0.000203453 0 0
 0.997202 0.00247181 0.000326279 0 0
 0.445219 0.490057 0.0546422 0.010081 0
 0.90214 0.0892962 0.00764917 0.000914606 0
 0 0 0 0 0
 0.581667 0.319106 0.0959925 0.00289975 0.000334073
 0.762889 0.0836404 0.116647 0.0363945 0.000428098
 0.88444 0.0763242 0.0277011 0.0115352 0
 0.521256 0.241999 0.230069 0.00667565 0
 0.616807 0.101726 0.260614 0.0208532 0
 0.833518 0.0704572 0.0857862 0.0102388 0
ppred_PELACES
 0.488575 0.0456182 0.439193 0.0187506 0.00786361
 0.535104 0.307115 0.0140738 0.135496 0.0082108
 0.555883 0.312276 0.0870959 0.00399124 0.0407544
 0.55696 0.31846 0.0875969 0.0244314 0.0125517
 0.543813 0.328817 0.0915547 0.0251834 0.0106323
 0.527521 0.333685 0.100041 0.0278552 0.0108968
 0.564857 0.302482 0.0936913 0.0280893 0.0108807
 0.560902 0.320484 0.0824523 0.0255389 0.0106227
 0.511701 0.3513 0.099991 0.0257251 0.0112824
 0.504911 0.33622 0.114296 0.0325322 0.0120405
 0.494187 0.340382 0.112346 0.0381915 0.0148937
 0.500168 0.330966 0.113637 0.0375069 0.0177226
 0.526419 0.31769 0.103224 0.035442 0.0172254
 0.545901 0.315031 0.0932901 0.030312 0.0154659
 0.552191 0.318773 0.0895189 0.0265092 0.0130082
 0.560503 0.314231 0.0891708 0.0250413 0.0110543
 0.576831 0.306978 0.0830744 0.0235744 0.00954271
 0.586937 0.304142 0.0790136 0.0213827 0.00852408
 0.689757 0.232029 0.05759 0.0149614 0.00566292
 0.789665 0.175023 0.0264098 0.00655496 0.00234748
 0.798141 0.180438 0.0178248 0.00268964 0.000906647
 0.860398 0.125309 0.0127757 0.00126206 0.000254631
 0.857193 0.133974 0.00792844 0.000808332 9.59628e-05
 0.700252 0.278092 0.0203159 0.00120227 0.000137128
 0.640403 0.298523 0.0566617 0.00413939 0.000272905
 0.59891 0.315822 0.0707856 0.0134356 0.00104624
 0.567725 0.325541 0.0840429 0.0188366 0.00385373
 0.568212 0.314929 0.0880049 0.0227196 0.00613397
 0.561255 0.320301 0.0863888 0.0241408 0.00791489
 0.543811 0.329769 0.0922915 0.0248921 0.00923653
 0.540885 0.324997 0.0969507 0.0271333 0.0100337
pobs_pel_tallas
 0 0 0 0 0 0 0 0 0 0 0 0 0 0 0 0 0 0 0 0 0 0 0 0 0 0
 0 0 0 0 0 0 0 0 0 0 0 0 0 0 0 0 0 0 0 0 0 0 0 0 0 0
 0 0 0 0 0 0 0 0 0 0 0 0 0 0 0 0 0 0 0 0 0 0 0 0 0 0
 0 0 0 0 0 0 0 0 0 0 0 0 0 0 0 0 0 0 0 0 0 0 0 0 0 0
 0 0 0 0 0 0 0 0 0 0 0 0 0 0 0 0 0 0 0 0 0 0 0 0 0 0
 0 0 0 0 0 0 0 0 0 0 0 0 0 0 0 0 0 0 0 0 0 0 0 0 0 0
 0 0 0 0 0 0 0 0 0 0 0 0 0 0 0 0 0 0 0 0 0 0 0 0 0 0
 0 0 0 0 0 0 0 0 0 0 0 0 0 0 0 0 0 0 0 0 0 0 0 0 0 0
 0 0 0 0 0 0 0 0 0 0 0 0 0 0 0 0 0 0 0 0 0 0 0 0 0 0
 0 0 0 0 0 0 0 0 0 0 0 0 0 0 0 0 0 0 0 0 0 0 0 0 0 0
 0 0 0 0 0 0 0 0 0 0 0 0 0 0 0 0 0 0 0 0 0 0 0 0 0 0
 0 0 0 0 0 0 0 0 0 0 0 0 0 0 0 0 0 0 0 0 0 0 0 0 0 0
 0.00862536 0 0 0.000197151 0.00414017 0.0128641 0.00837892 0.0270097 0.101434 0.158115 0.152841 0.127902 0.109271 0.109419 0.0830992 0.0579132 0.0238553 0.00714673 0.00463305 0.00128148 0.00103504 0.000492878 0.000147863 0.000147863 4.92878e-05 0
 0 0 0 0 0 0 0 0 0 0 0 0 0 0 0 0 0 0 0 0 0 0 0 0 0 0
 0 0 0 0 0 0 0 0.0054083 0.00873648 0.0413646 0.0450493 0.0745869 0.0622846 0.0627006 0.0613931 0.0827291 0.12552 0.122667 0.0946155 0.0697135 0.0546179 0.0294188 0.0215738 0.0213955 0.0102223 0.00600262
 0 0 0 0 0.00359764 0.0251062 0.0480494 0.140153 0.205849 0.193036 0.1447 0.116669 0.0760912 0.0342217 0.00950174 0.001854 0.000860785 0 0 0 0.000165536 0 0.000143464 0 0 0
 0 0 0 0 0 0 0 0.000145254 0.000435761 0.0275982 0.070085 0.0708112 0.156366 0.174668 0.174014 0.160142 0.0824315 0.0480064 0.0283245 0.00493863 0.00203355 0 0 0 0 0
 0 0 0 0 0 0 0 0 0 0 0 0 0 0 0 0 0 0 0 0 0 0 0 0 0 0
 0 0 1.00437e-05 0.000401748 0.00122533 0.00171747 0.00176769 0.0269171 0.070346 0.194647 0.189555 0.159765 0.064822 0.0314167 0.0384472 0.0292271 0.0345202 0.0313363 0.0194345 0.0106764 0.0143323 0.0359363 0.0279516 0.0138201 0.00172751 0
 0 0.0021121 0.0136068 0.0755702 0.200478 0.177729 0.0527432 0.0373336 0.0318909 0.0142505 0.0149659 0.0166563 0.0217959 0.0798694 0.0677717 0.0528807 0.04013 0.0224614 0.0357745 0.0225083 0.00881397 0.00855152 0.00135912 0.000746735 0 0
 0 0 0 0 5.4009e-05 0.00500934 0.000945158 0.0243581 0.138947 0.33067 0.221406 0.137944 0.0707744 0.0437923 0.0131692 0.00525238 0.0047753 0.00276346 9.45158e-05 9.00151e-06 2.25038e-05 9.00151e-06 4.50075e-06 0 0 0
 0.000866109 0.00284123 0.00948549 0.0512746 0.133035 0.25785 0.225252 0.132002 0.0553304 0.0519788 0.0540692 0.017754 0.00435017 0.00159236 0.00146478 0.000404838 0.000125132 0.000115318 0.000107957 0.000100596 0 0 0 0 0 0
 0 0 0 0 0.00144013 0.00171154 0.00461396 0.0210425 0.0478622 0.0707936 0.0888783 0.103762 0.0637923 0.0337046 0.0602308 0.124433 0.169614 0.0934646 0.0462172 0.0250306 0.0313229 0.00938855 0.002487 0.000210481 0 0
 0 0.00764035 0.051015 0.0998891 0.058973 0.0496711 0.0374665 0.0718981 0.12319 0.153886 0.159021 0.0857701 0.0377988 0.023471 0.0147837 0.00900784 0.00315554 0.000888139 0.00291439 0.00214683 0.00393193 0.00274676 0.000635225 9.99891e-05 0 0
 0 0 0 0 0 0 0 0 0 0 0 0 0 0 0 0 0 0 0 0 0 0 0 0 0 0
 0 0 0 0 0 0 0 0 0 0 0 0 0 0 0 0 0 0 0 0 0 0 0 0 0 0
 0 0 0 0 0 0 0 0 0 0 0 0 0 0 0 0 0 0 0 0 0 0 0 0 0 0
 0 0 0 0 0 0 0 0 0 0 0 0 0 0 0 0 0 0 0 0 0 0 0 0 0 0
 0 0 0 0 0 0 0 0 0 0 0 0 0 0 0 0 0 0 0 0 0 0 0 0 0 0
 0 0 0 0 0 0 0 0 0 0 0 0 0 0 0 0 0 0 0 0 0 0 0 0 0 0
 0 0 0 0 0 0 0 0 0 0 0 0 0 0 0 0 0 0 0 0 0 0 0 0 0 0
ppred_pel_tallas
 1.15897e-16 4.02433e-05 0.000391179 0.00259952 0.0118171 0.0367673 0.0783367 0.114336 0.114341 0.0783618 0.0368535 0.0120747 0.00327869 0.00198085 0.00337233 0.00632601 0.0110013 0.0177659 0.0268757 0.0382204 0.0509759 0.0633662 0.0728844 0.0771018 0.0747182 0.0662137
 1.15463e-16 4.40759e-05 0.000428433 0.00284709 0.0129425 0.040269 0.0857985 0.125232 0.125261 0.0859431 0.0407547 0.0143455 0.0063696 0.00812138 0.0146666 0.0242171 0.0349985 0.0443177 0.0495342 0.0496082 0.0458119 0.0409111 0.037429 0.0363024 0.0367453 0.0371016
 1.09891e-16 4.57874e-05 0.00044507 0.00295765 0.013445 0.0418327 0.0891301 0.130094 0.130124 0.0892775 0.042328 0.0148766 0.00655459 0.00830908 0.0150161 0.024845 0.0360062 0.0457497 0.0513025 0.0514035 0.0470365 0.0406982 0.034814 0.0305491 0.0277116 0.0254469
 1.07184e-16 4.58761e-05 0.000445932 0.00296338 0.0134711 0.0419138 0.0893029 0.130347 0.130377 0.0894532 0.0424189 0.014931 0.00663144 0.00846529 0.0153114 0.0253334 0.0367093 0.0466292 0.0522528 0.0522711 0.0476512 0.0408936 0.034429 0.0294298 0.0257376 0.022585
 1.07051e-16 4.47932e-05 0.000435406 0.00289343 0.0131531 0.0409244 0.087195 0.12727 0.127302 0.0873502 0.041446 0.0146606 0.00668104 0.00871629 0.0158086 0.0261609 0.0379102 0.0481567 0.0539656 0.0539799 0.0491899 0.0421674 0.035415 0.0301443 0.0262041 0.0228249
 1.0761e-16 4.34513e-05 0.000422362 0.00280675 0.0127591 0.0396984 0.0845828 0.123458 0.12349 0.0847405 0.0402279 0.0142897 0.0066532 0.00883381 0.0160614 0.0265974 0.0385774 0.0490765 0.0551315 0.0553708 0.0507867 0.0439536 0.0373582 0.0321754 0.0282148 0.0246903
 1.0744e-16 4.65266e-05 0.000452255 0.00300539 0.0136621 0.042508 0.0905689 0.132194 0.132223 0.0907118 0.0429882 0.01505 0.00649355 0.00808118 0.0145773 0.0241365 0.0350267 0.0446009 0.050184 0.0505411 0.0465719 0.0405969 0.0348432 0.0303393 0.0268772 0.0237195
 1.06821e-16 4.62008e-05 0.000449088 0.00298435 0.0135665 0.0422104 0.0899349 0.131269 0.1313 0.0900862 0.0427186 0.015035 0.00667367 0.00851352 0.0153934 0.0254583 0.0368653 0.0467756 0.0523209 0.0521808 0.0473386 0.0403357 0.0336535 0.0285062 0.0247552 0.0216287
 1.07465e-16 4.21482e-05 0.000409696 0.00272258 0.0123765 0.0385079 0.0820464 0.119756 0.11979 0.0822123 0.0390652 0.0139872 0.00676983 0.00925867 0.0168886 0.0279603 0.0405252 0.0514921 0.0577267 0.0577767 0.0526928 0.0452117 0.0379957 0.0323331 0.0280662 0.024386
 1.08685e-16 4.1589e-05 0.00040426 0.00268645 0.0122122 0.0379969 0.0809577 0.118167 0.118199 0.0811166 0.038531 0.0137561 0.0065674 0.00889481 0.016221 0.0268937 0.039074 0.0498479 0.0562596 0.0569401 0.0528674 0.0465697 0.0404524 0.0355921 0.0317213 0.0280293
 1.0968e-16 4.07056e-05 0.000395673 0.00262939 0.0119528 0.0371899 0.0792382 0.115657 0.11569 0.0793991 0.0377305 0.0135157 0.00655781 0.00898984 0.016417 0.0272199 0.0395472 0.0504537 0.0569565 0.0576867 0.0536576 0.0474511 0.0415109 0.0369093 0.0333273 0.0298755
 1.10125e-16 4.11982e-05 0.000400461 0.00266121 0.0120975 0.0376399 0.0801971 0.117057 0.117089 0.0803535 0.0381657 0.0136176 0.00648275 0.00876205 0.015978 0.0264994 0.0385236 0.0491975 0.0556331 0.0565079 0.0528056 0.0470203 0.0414982 0.0372442 0.0339126 0.0306152
 1.0953e-16 4.33605e-05 0.000421479 0.00280088 0.0127324 0.0396154 0.084406 0.123199 0.12323 0.0845561 0.0401199 0.0141909 0.00646699 0.00844155 0.0153251 0.0253993 0.0368987 0.0470703 0.0531325 0.0538147 0.0500744 0.0443357 0.0388905 0.0347402 0.0315712 0.0285227
 1.0843e-16 4.49652e-05 0.000437078 0.00290454 0.0132036 0.0410815 0.0875297 0.127758 0.127789 0.0876785 0.0415815 0.0146487 0.0065362 0.00837913 0.0151701 0.0251185 0.0364413 0.0463827 0.0521593 0.0524965 0.0483531 0.0421752 0.036308 0.031829 0.028498 0.0254954
 1.07525e-16 4.54833e-05 0.000442114 0.002938 0.0133558 0.0415549 0.0885382 0.129231 0.129261 0.0886888 0.0420606 0.0148173 0.00661053 0.00847188 0.0153327 0.0253745 0.036781 0.0467465 0.0524353 0.0525424 0.0480361 0.0414111 0.0350831 0.0302023 0.0265868 0.0234527
 1.07036e-16 4.61679e-05 0.000448769 0.00298223 0.0135568 0.0421804 0.0898709 0.131176 0.131206 0.0900193 0.0426789 0.0149976 0.00660257 0.00836446 0.0151163 0.0250143 0.0362583 0.04608 0.0516801 0.0517663 0.0472845 0.0406859 0.0343486 0.0294122 0.0257149 0.0225092
 1.06455e-16 4.75129e-05 0.000461842 0.0030691 0.0139517 0.0434091 0.0924888 0.134996 0.135026 0.0926338 0.043896 0.0153588 0.00660428 0.00819023 0.0147578 0.0244085 0.0353596 0.044895 0.0502702 0.0502175 0.0456661 0.0390285 0.0326568 0.0276968 0.0240158 0.020894
 1.05945e-16 4.83453e-05 0.000469934 0.00312288 0.0141962 0.0441697 0.0941093 0.137361 0.137391 0.0942528 0.0446519 0.0155898 0.006624 0.00812286 0.014612 0.0241574 0.0349769 0.0443689 0.0496042 0.0494202 0.0447398 0.0379678 0.0314615 0.0263891 0.0226486 0.0195439
 1.04181e-16 5.68144e-05 0.000552256 0.00366994 0.016683 0.0519072 0.110595 0.161421 0.161443 0.110704 0.052275 0.0177458 0.0063398 0.00638738 0.0111588 0.0184104 0.026639 0.0337601 0.0376824 0.0374379 0.0337324 0.0284125 0.0232979 0.0193055 0.0163802 0.0140036
 1.01862e-16 6.50437e-05 0.000632248 0.00420151 0.0190995 0.0594256 0.126613 0.184799 0.184816 0.126696 0.0597024 0.0198991 0.00620881 0.0050147 0.00838958 0.0137706 0.0198397 0.0249678 0.0275392 0.0268076 0.0233333 0.0185909 0.0140775 0.0106164 0.00825888 0.00663571
 1.00984e-16 6.57419e-05 0.000639034 0.00424661 0.0193045 0.0600635 0.127972 0.186783 0.1868 0.128057 0.0603485 0.0201276 0.00631221 0.00514607 0.00861895 0.0141277 0.0203045 0.0254469 0.0278653 0.0267779 0.0227735 0.017417 0.012324 0.00842558 0.00583974 0.00421248
 1.00571e-16 7.08699e-05 0.000688881 0.00457786 0.0208103 0.0647485 0.137954 0.201351 0.201363 0.138013 0.0649465 0.021382 0.00601242 0.00381906 0.00601122 0.00981382 0.0141022 0.0176733 0.0193511 0.0185905 0.0157976 0.0120563 0.00848774 0.0057405 0.00390258 0.00273662
 1.00361e-16 7.06059e-05 0.000686315 0.0045608 0.0207328 0.0645074 0.13744 0.200601 0.200614 0.137503 0.0647188 0.0213433 0.00609246 0.0040269 0.00640601 0.010455 0.0149982 0.0187422 0.0204203 0.0194476 0.0162706 0.0120766 0.00810338 0.00508144 0.00312519 0.00197621
 1.00802e-16 5.76789e-05 0.00056066 0.00372578 0.0169369 0.0526971 0.112278 0.163878 0.163905 0.112408 0.0531361 0.0182046 0.00690641 0.00749858 0.013218 0.0217184 0.0311803 0.0389966 0.0425477 0.0406191 0.0341275 0.0255178 0.0173353 0.0110763 0.00697229 0.00449769
 1.02173e-16 5.27492e-05 0.000512741 0.00340735 0.0154893 0.0481932 0.102682 0.149873 0.149902 0.102822 0.0486657 0.0168542 0.00683433 0.00799678 0.0142746 0.0235363 0.0339467 0.0427813 0.0472854 0.0461641 0.0403246 0.0322163 0.0243342 0.018065 0.0135428 0.0102432
 1.03648e-16 4.93315e-05 0.00047952 0.00318658 0.0144858 0.0450707 0.096029 0.140164 0.140194 0.096178 0.045571 0.0159312 0.0068169 0.00841103 0.0151316 0.0249868 0.0361037 0.0456374 0.0507081 0.0499674 0.0443665 0.0364442 0.0287453 0.0226212 0.0181121 0.014609
 1.0505e-16 4.67629e-05 0.000454552 0.00302066 0.0137315 0.0427239 0.091029 0.132866 0.132898 0.0911826 0.04324 0.0152229 0.00676726 0.00864334 0.0156279 0.0258383 0.0373944 0.0473967 0.0529071 0.0525536 0.0473054 0.0397293 0.0323626 0.0264972 0.02209 0.0184714
 1.05937e-16 4.6803e-05 0.000454941 0.00302325 0.0137433 0.0427605 0.091107 0.13298 0.13301 0.0912557 0.0432601 0.015187 0.00665065 0.00838532 0.0151425 0.0250501 0.0362936 0.0460871 0.0516105 0.051552 0.0468469 0.0399492 0.0332578 0.027951 0.0239201 0.0204748
 1.06336e-16 4.62299e-05 0.000449371 0.00298623 0.013575 0.042237 0.0899915 0.131352 0.131383 0.0901427 0.0427449 0.015043 0.00667458 0.0085124 0.0153928 0.0254622 0.0368817 0.0468165 0.0523988 0.0523001 0.0474847 0.0404676 0.0337062 0.0284064 0.0244472 0.0210985
 1.06808e-16 4.47931e-05 0.000435404 0.00289342 0.0131531 0.0409243 0.0871947 0.12727 0.127302 0.0873504 0.0414473 0.0146649 0.00669205 0.0087404 0.0158545 0.026237 0.0380199 0.0482941 0.0541138 0.0541143 0.0492832 0.0421949 0.0353573 0.0299888 0.0259487 0.0224813
 1.073e-16 4.4552e-05 0.000433062 0.00287785 0.0130823 0.0407041 0.0867255 0.126585 0.126616 0.086879 0.0412198 0.014573 0.00662395 0.0086249 0.0156439 0.0259012 0.0375647 0.0477822 0.0536658 0.0538784 0.049386 0.0426974 0.036238 0.0311564 0.0272723 0.0238244
pSPR Fmed_Fpbrs
0.5999   0.285354 0.285354
Fs Fmed_Fpbrs
0.34   1.005 1.005
SSBpbr Bo_Bmed_Bpbrs
1.6753e+06  921249  394289 394289
Ro
202476
SPR SPRFo_SPRFmed_SPRFpbrs
1.44521e+06 866984 412397
Fref
1.005
Nvult_r0
 157410 58577.9 17474.5 4890.55 1808.48
CTP_r0
 52644.7 29362 8759.05 2451.37 906.497
YTP_r0
1.21035e+06
Np
 202476 45065.7 8818.21 2591.89 877.31
Nvult_p0
 157410 38997.2 7630.75 2242.86 759.171
CTP_p0
 52644.7 28404 8348.62 2490.5 895.192
 52644.7 19547.2 3824.89 1124.23 380.532
YTP_p0
 1.2031e+06 878730
CBA_c0
1.20818e+06
log_Ro
12.0384
likeval ReclasPelacesDesembMPH_pf_preclas_ppelaces_ptallas_desvR_qrecl_qpela
 173.893 200.178 27.4846 1454.08 253.884 152.372 112.367 0 0 0 0 50.5421 0 0 0
q_reclas_q_pelaces
1 1
M
1
N
 202476 10350 99645.2 4254.18 1784.12
 202476 66776.4 3060.08 29461.1 1785.28
 202476 62992.5 17569 805.115 8221.01
 202476 65856.3 18114.7 5052.31 2595.63
 202476 63765 17754.5 4883.63 2061.85
 202476 70910.9 21259.6 5919.45 2315.66
 202476 65877.9 20405.1 6117.61 2369.72
 202476 58899.2 15153.2 4693.59 1952.25
 202476 72883 20744.8 5337.1 2340.72
 202476 70345.3 23913.5 6806.53 2519.15
 202476 70763.7 23356.2 7939.83 3096.34
 202476 73177.6 25125.4 8292.88 3918.51
 202476 66966.1 21758.8 7470.85 3630.96
 202476 66693 19749.8 6417.14 3274.17
 202476 63504.8 17833.6 5281.07 2591.45
 202476 67393.9 19124.7 5370.66 2370.83
 202476 60561 16389 4650.8 1882.6
 202476 64697.1 16807.8 4548.52 1813.24
 202476 57859.3 14360.8 3730.81 1412.12
 202476 39332.4 5935.01 1473.08 527.544
 202476 37879 3741.92 564.632 190.331
 202476 40593.5 4138.65 408.842 82.4871
 202476 21986.9 1301.16 132.658 15.7488
 202476 50111.3 3660.86 216.646 24.71
 202476 57125.4 10842.8 792.114 52.2231
 202476 59173.3 13262.6 2517.33 196.027
 202476 65799.4 16987 3807.32 778.928
 202476 64050.8 17898.6 4620.76 1247.54
 202476 63508 17128.8 4786.54 1569.33
 202476 66462.6 18600.7 5016.83 1861.56
 202476 67693.5 20193.8 5651.59 2089.91
pred_Ctot
 13367.5 1307.44 12587.4 537.399 225.374
 20022.3 12353.7 566.119 5450.35 330.28
 14979.6 8868.78 2473.56 113.353 1157.44
 18658.3 11406.3 3137.45 875.055 449.561
 6169.26 3807.72 1060.21 291.625 123.123
 14941.6 9959.61 2985.96 831.402 325.24
 27301 16208.5 5020.44 1505.16 583.04
 2760.66 1591.66 409.494 126.837 52.7568
 7149.73 5027.53 1430.99 368.157 161.465
 6424.23 4370.58 1485.75 422.892 156.516
 2252.91 1563.17 515.94 175.391 68.3982
 13035.6 9024.52 3098.56 1022.71 483.245
 13513.5 8547.53 2777.29 953.578 463.455
 19117.5 11817 3499.36 1137.02 580.133
 12287.8 7400.87 2078.34 615.458 302.008
 24335.5 14932 4237.32 1189.94 525.29
 17016.1 9619.3 2603.18 738.716 299.026
 29164.3 16895.1 4389.2 1187.81 473.512
 63579.1 29121.9 7228.11 1877.8 710.751
 66402 20461.4 3087.49 766.321 274.437
 61147.5 18501 1827.64 275.779 92.962
 99194.2 27871.3 2841.58 280.709 56.6352
 43250.3 8103.73 479.571 48.8939 5.80454
 30482.9 13615.4 994.662 58.8631 6.71376
 26810.7 13826 2624.27 191.714 12.6395
 15079.4 8383.79 1879.07 356.66 27.7734
 18154.3 11107.5 2867.56 642.709 131.49
 19111.8 11345.7 3170.48 818.503 220.984
 13916.9 8336.83 2248.54 628.339 206.01
 11764.3 7428.63 2079.03 560.739 208.069
 15631.4 9923.56 2960.32 828.497 306.371
F
 0.109272 0.218545 0.218545 0.218545 0.218545
 0.167605 0.335211 0.335211 0.335211 0.335211
 0.123146 0.246293 0.246293 0.246293 0.246293
 0.155417 0.310835 0.310835 0.310835 0.310835
 0.0491982 0.0983965 0.0983965 0.0983965 0.0983965
 0.122818 0.245637 0.245637 0.245637 0.245637
 0.234795 0.469589 0.469589 0.469589 0.469589
 0.0217662 0.0435324 0.0435324 0.0435324 0.0435324
 0.0572065 0.114413 0.114413 0.114413 0.114413
 0.0512757 0.102551 0.102551 0.102551 0.102551
 0.017733 0.0354661 0.0354661 0.0354661 0.0354661
 0.106436 0.212871 0.212871 0.212871 0.212871
 0.110522 0.221045 0.221045 0.221045 0.221045
 0.159506 0.319013 0.319013 0.319013 0.319013
 0.100068 0.200136 0.200136 0.200136 0.200136
 0.20697 0.413941 0.413941 0.413941 0.413941
 0.140905 0.28181 0.28181 0.28181 0.28181
 0.252608 0.505216 0.505216 0.505216 0.505216
 0.638572 1.27714 1.27714 1.27714 1.27714
 0.676225 1.35245 1.35245 1.35245 1.35245
 0.607013 1.21403 1.21403 1.21403 1.21403
 1.22018 2.44035 2.44035 2.44035 2.44035
 0.396375 0.79275 0.79275 0.79275 0.79275
 0.265374 0.530747 0.530747 0.530747 0.530747
 0.230151 0.460301 0.460301 0.460301 0.460301
 0.124011 0.248022 0.248022 0.248022 0.248022
 0.150945 0.30189 0.30189 0.30189 0.30189
 0.159456 0.318913 0.318913 0.318913 0.318913
 0.113983 0.227966 0.227966 0.227966 0.227966
 0.0956309 0.191262 0.191262 0.191262 0.191262
 0.128802 0.257605 0.257605 0.257605 0.257605
YTP_r0W_actual
 436951 414004 241750 83836.9 33812.3
YTP_p0W_proyectada
 396941 495650 200951 78002.4 31555.5
 396941 341099 92065.1 35210.8 13413.8
CTP_r0_actual
 52644.7 29362 8759.05 2451.37 906.497
CTP_p0_proyectada
 52644.7 28404 8348.62 2490.5 895.192
 52644.7 19547.2 3824.89 1124.23 380.532
Wmedp
 7.54 17.45 24.07 31.32 35.25
Frms_r0
 0.5025 1.005 1.005 1.005 1.005
Zrms_r0
 1.5025 2.005 2.005 2.005 2.005
nmprior
 7.29 8.9 8.7 0
nm_flota  nm_reclas  nm_pelaces    nm_pelaL
inf 4.19837 6.84854 12.1977
cv_recla  cv_pelaces  cv_mph
1.19279 1.60428 1.5864
 ------------------------------------------------
Talla a la edad & desviaci?n 
 8 13.2811 15.8009 17.003 17.5766
 0.8 1.32811 1.58009 1.7003 1.75766
