    unsorted:	 2.273345548e-06 3.326956851e-06 5.313665193e-05 0.0001030739574 8.624421158 5.548688441 12.38260759 16.17861572 43.91688684 63.81463797 78.29003946 168.5801233 185.0961773 191.8474383 204.8024912 227.4416129 441.8375077 654.8207091 877.0046923 956.0520821 1107.410279 1183.951350 1378.694507 1492.012010 1770.191136 1899.615781 1931.428858 2101.057294 2245.689047 2450.899732 2957.031704 2900.311978 3077.667744 3305.989406 3340.045420 3464.838069 3713.123454 3942.875852 4000.549016 4082.967518 4725.737524 4788.796301 4961.419032 13636.56064 29777.13869 43729.96267 169123.4388 376551.2431 372516.1569 364554.1746 357533.9522 383902.5086 324397.6618 434308.9326 502300.1920 540608.4929 666231.1459 704544.4850 749011.6923 790739.7085 1067365.687 1087149.537 1169712.996 1323110.749 1566737.464 1639325.471 1853623.536 2009766.685 2121861.473 2317697.742 2659884.355 2758511.207 2918039.058 3148561.977 4446395.556 41888768.90
      sorted:	 2.273345548e-06 3.326956851e-06 5.313665193e-05 0.0001030739574 5.548688441 8.624421158 12.38260759 16.17861572 43.91688684 63.81463797 78.29003946 168.5801233 185.0961773 191.8474383 204.8024912 227.4416129 441.8375077 654.8207091 877.0046923 956.0520821 1107.410279 1183.951350 1378.694507 1492.012010 1770.191136 1899.615781 1931.428858 2101.057294 2245.689047 2450.899732 2900.311978 2957.031704 3077.667744 3305.989406 3340.045420 3464.838069 3713.123454 3942.875852 4000.549016 4082.967518 4725.737524 4788.796301 4961.419032 13636.56064 29777.13869 43729.96267 169123.4388 324397.6618 357533.9522 364554.1746 372516.1569 376551.2431 383902.5086 434308.9326 502300.1920 540608.4929 666231.1459 704544.4850 749011.6923 790739.7085 1067365.687 1087149.537 1169712.996 1323110.749 1566737.464 1639325.471 1853623.536 2009766.685 2121861.473 2317697.742 2659884.355 2758511.207 2918039.058 3148561.977 4446395.556 41888768.90
