years
 1991 1992 1993 1994 1995 1996 1997 1998 1999 2000 2001 2002 2003 2004 2005 2006 2007 2008 2009 2010 2011 2012 2013 2014 2015 2016 2017 2018 2019 2020
reclasobs
 0 0 0 0 0 0 0 0 0 252601 567819 844713 477998 351125 339783 2.1784e+06 2.13404e+06 4.81314e+06 1.55562e+06 2.62356e+06 3.21686e+06 3.843e+06 1.13348e+06 3.07943e+06 1.97215e+06 2.03268e+06 2.025e+06 2.42433e+06 2.27542e+06 1.05018e+06
reclaspred
 4.81741e+06 2.6025e+06 1.25131e+06 1.50296e+06 1.82044e+06 3.63172e+06 2.219e+06 1.59554e+06 903975 339052 621741 1.7832e+06 1.59623e+06 243024 840091 1.66822e+06 1.49242e+06 1.93284e+06 2.28822e+06 2.82588e+06 5.23389e+06 2.95419e+06 1.46279e+06 1.51167e+06 1.61722e+06 1.34449e+06 1.8943e+06 1.86561e+06 1.39558e+06 916119
pelacesobs
 0 0 0 0 0 0 0 0 0 0 0 0 0 0 0 552880 188675 0 991730 2.46772e+06 1.41603e+06 1.21717e+06 2.29649e+06 1.80582e+06 0 1.4828e+06 1.56532e+06 1.57751e+06 1.42118e+06 867257
pelacespred
 3.45547e+06 1.85999e+06 836353 862191 1.29774e+06 2.63702e+06 1.42381e+06 1.37878e+06 667616 171064 445272 1.13922e+06 1.08907e+06 80754.4 564899 939487 850757 1.09075e+06 1.35796e+06 1.65779e+06 3.4073e+06 1.90834e+06 897975 970805 965585 825769 1.49009e+06 1.341e+06 857325 570711
mphobs
 0 0 0 0 0 0 0 0 0 0 0 0 498337 0 5186 125008 0 168611 109162 213762 579715 649985 157893 87575 83554 210694 70296 0 107559 103333
mphpred
 743382 503643 222335 129230 198893 284237 471470 204468 170939 66199.1 20446.5 116731 265487 93814.7 6291.2 103032 210280 144625 157415 208806 435488 448119 201962 96387.2 132583 178673 104976 205563 219241 122844
desembarqueobs
 494567 514787 250237 358949 120608 361735 552515 73892 212993 205616 52469 317467 293654 387597 252695 516296 358380 742168 942051 627588 828172 859565 418607 520667 417249 300574 415391 372974 316634 284311
desembarquepred
 494553 514460 250376 358933 120608 361711 552469 73897.3 213072 205684 52469.5 317381 293825 387841 252567 516147 358310 741882 941089 627117 828185 859683 418487 520811 417081 300675 415337 372927 316280 284125
Reclutas
 141234 97985.1 84546 130950 92055.2 197127 70390.3 23925.7 23081.6 31571.3 55996.9 169619 59550.5 35161.6 72556.5 213611 57407.2 210695 316627 288117 253933 242544 52381 99273.8 173349 33752 127448 97723.3 58623.1 53662.5
log_desv_Rt
 0.42734 0.0617349 -0.0857849 0.351732 -0.000692265 0.760768 -0.269025 -1.34813 -1.38404 -1.07083 -0.497784 0.610475 -0.436256 -0.963126 -0.238715 0.841075 -0.472911 0.82733 1.23465 1.14028 1.01399 0.968104 -0.564536 0.0748011 0.632228 -1.00404 0.324627 0.0590594 -0.451952 -0.540366
SSB
 743382 503643 222335 129230 198893 284237 471470 204468 170939 66199.1 20446.5 116731 251585 89561.5 6045.03 98842.9 210280 144625 165089 216546 465059 520548 255980 114959 140542 208778 110777 205563 232475 117633
BT
 1.27847e+06 962277 434374 581265 474606 1.22314e+06 839293 470734 400315 249117 221212 678386 567419 409670 494447 778605 523869 1.07363e+06 1.41312e+06 1.06766e+06 1.84911e+06 1.3395e+06 628495 878298 677174 487573 1.02697e+06 790624 493654 450809
Ftot
 0.46338 0.859106 0.853708 0.906418 0.289506 0.403096 1.06706 0.212049 0.966009 2.00374 0.312244 0.673342 0.792901 3.63954 0.995709 1.07545 0.976585 1.32448 1.37997 0.820042 0.642444 1.14034 1.15472 1.20252 0.943262 0.946433 0.792959 0.766148 0.95368 1.16759
BD_Bspro_t
 0.928541 0.565856 0.295924 0.21243 0.267992 0.392107 0.456478 0.243298 0.273053 0.154665 0.0725643 0.396575 0.417808 0.167561 0.0159436 0.204322 0.252065 0.174721 0.165533 0.179182 0.261752 0.275337 0.177663 0.105917 0.146911 0.226387 0.160393 0.287835 0.301322 0.185956
BD_Bspro
 1.13364 0.768045 0.339057 0.197073 0.303307 0.433455 0.718982 0.311809 0.260678 0.100952 0.0311804 0.178012 0.383662 0.13658 0.00921856 0.150733 0.320673 0.22055 0.251758 0.330229 0.709206 0.793825 0.390364 0.17531 0.214324 0.318382 0.168933 0.31348 0.35452 0.179387
BD_Bo
 1.61264 1.09256 0.482318 0.280342 0.431463 0.616602 1.02277 0.443557 0.370822 0.143607 0.044355 0.253227 0.545769 0.194288 0.0131136 0.214422 0.456165 0.313738 0.358132 0.46976 1.00886 1.12924 0.555303 0.249383 0.304882 0.452908 0.240312 0.445934 0.504315 0.255183
BD_Brms
 10.6208 7.1956 3.17653 1.84632 2.8416 4.06092 6.73594 2.92125 2.44222 0.945793 0.292121 1.66774 3.59442 1.27958 0.0863661 1.41218 3.00429 2.06627 2.35865 3.09382 6.64435 7.43712 3.65721 1.64243 2.00795 2.98284 1.58269 2.9369 3.3214 1.68063
Sel_flota
 0.844702 1 1 1 1
 0.844702 1 1 1 1
 0.844702 1 1 1 1
 0.844702 1 1 1 1
 0.844702 1 1 1 1
 0.844702 1 1 1 1
 0.844702 1 1 1 1
 0.844702 1 1 1 1
 0.844702 1 1 1 1
 0.844702 1 1 1 1
 0.844702 1 1 1 1
 0.844702 1 1 1 1
 0.844702 1 1 1 1
 0.844702 1 1 1 1
 0.844702 1 1 1 1
 0.844702 1 1 1 1
 0.844702 1 1 1 1
 0.844702 1 1 1 1
 0.844702 1 1 1 1
 0.844702 1 1 1 1
 0.844702 1 1 1 1
 0.844702 1 1 1 1
 0.844702 1 1 1 1
 0.844702 1 1 1 1
 0.844702 1 1 1 1
 0.844702 1 1 1 1
 0.844702 1 1 1 1
 0.844702 1 1 1 1
 0.844702 1 1 1 1
 0.844702 1 1 1 1
Sel_reclas
 0.579226 1 1 1 1
 0.579226 1 1 1 1
 0.579226 1 1 1 1
 0.579226 1 1 1 1
 0.579226 1 1 1 1
 0.579226 1 1 1 1
 0.579226 1 1 1 1
 0.579226 1 1 1 1
 0.579226 1 1 1 1
 0.579226 1 1 1 1
 0.579226 1 1 1 1
 0.579226 1 1 1 1
 0.579226 1 1 1 1
 0.579226 1 1 1 1
 0.579226 1 1 1 1
 0.579226 1 1 1 1
 0.579226 1 1 1 1
 0.579226 1 1 1 1
 0.579226 1 1 1 1
 0.579226 1 1 1 1
 0.579226 1 1 1 1
 0.579226 1 1 1 1
 0.579226 1 1 1 1
 0.579226 1 1 1 1
 0.579226 1 1 1 1
 0.579226 1 1 1 1
 0.579226 1 1 1 1
 0.579226 1 1 1 1
 0.579226 1 1 1 1
 0.579226 1 1 1 1
Sel_pelaces
 0.5 1 1 1 1
 0.5 1 1 1 1
 0.5 1 1 1 1
 0.5 1 1 1 1
 0.5 1 1 1 1
 0.5 1 1 1 1
 0.5 1 1 1 1
 0.5 1 1 1 1
 0.5 1 1 1 1
 0.5 1 1 1 1
 0.5 1 1 1 1
 0.5 1 1 1 1
 0.5 1 1 1 1
 0.5 1 1 1 1
 0.5 1 1 1 1
 0.5 1 1 1 1
 0.5 1 1 1 1
 0.5 1 1 1 1
 0.5 1 1 1 1
 0.5 1 1 1 1
 0.5 1 1 1 1
 0.5 1 1 1 1
 0.5 1 1 1 1
 0.5 1 1 1 1
 0.5 1 1 1 1
 0.5 1 1 1 1
 0.5 1 1 1 1
 0.5 1 1 1 1
 0.5 1 1 1 1
 0.5 1 1 1 1
pf_obs 
 0.8446 0.082 0.0669 0.0065 0
 0.8095 0.147 0.0364 0.0071 0
 0.9664 0.0169 0.016 0.0007 0
 0.9276 0.0648 0.0075 0.0001 0
 0.7033 0.2144 0.0806 0.0017 0
 0.9318 0.0425 0.0243 0.0014 0
 0.5671 0.3108 0.0964 0.0239 0.0018
 0.0768 0.2599 0.5324 0.112 0.0189
 0.490249 0.384438 0.106611 0.0170017 0.00170017
 0.7925 0.1577 0.0466 0.003 0.0002
 0.840416 0.127587 0.0312969 0.00059994 9.999e-05
 0.8084 0.0986 0.0794 0.0134 0.0002
 0.7335 0.1905 0.0724 0.0035 0.0001
 0.4001 0.4547 0.1325 0.0127 0
 0.49795 0.308269 0.164784 0.0264974 0.00249975
 0.9179 0.0499 0.0305 0.0017 0
 0.2467 0.6533 0.0926 0.0074 0
 0.9418 0.0223 0.034 0.0019 0
 0.707729 0.231977 0.0356964 0.0245975 0
 0.517169 0.277429 0.184464 0.0207286 0.00020938
 0.811772 0.124168 0.05621 0.00726502 0.000585176
 0.764997 0.148141 0.077277 0.00933861 0.000247198
 0.163321 0.427699 0.378323 0.0303852 0.000271297
 0.753843 0.0900009 0.118128 0.0371064 0.000921714
 0.721811 0.176058 0.0630433 0.0369309 0.00215725
 0.143369 0.312575 0.442814 0.0836902 0.0175525
 0.692698 0.0596174 0.167031 0.0765114 0.00414204
 0.394062 0.376323 0.152708 0.0712218 0.00568511
 0.125707 0.32114 0.495352 0.0537591 0.00404204
 0.23352 0.215282 0.420074 0.123614 0.00750983
pf_pred 
 0.681688 0.144358 0.159697 0.0142561 8.21398e-07
 0.642137 0.25982 0.0444637 0.0491885 0.0043913
 0.749841 0.174678 0.0548013 0.00937832 0.0113011
 0.859321 0.111754 0.0201974 0.00633648 0.00239109
 0.758302 0.214598 0.0215281 0.00389078 0.00168126
 0.836014 0.129937 0.0302309 0.0030327 0.000784943
 0.512764 0.420222 0.0530999 0.0123541 0.00156011
 0.531057 0.272635 0.169308 0.021394 0.00560605
 0.617319 0.221027 0.0939826 0.0583637 0.00930744
 0.840487 0.108139 0.0296719 0.0126167 0.00908453
 0.952353 0.0422209 0.00367862 0.00100936 0.000738219
 0.900408 0.0956662 0.00347906 0.000303123 0.000144003
 0.577871 0.388172 0.0326181 0.00118621 0.000152451
 0.655934 0.219087 0.114926 0.00965724 0.000396337
 0.988267 0.0091339 0.00165514 0.000868234 7.59518e-05
 0.942704 0.0567806 0.000400847 7.26366e-05 4.14361e-05
 0.606789 0.375914 0.0171411 0.000121009 3.44366e-05
 0.932211 0.045313 0.0214877 0.000979804 8.88543e-06
 0.914893 0.0807848 0.00288907 0.00137002 6.30371e-05
 0.867919 0.123672 0.00798224 0.000285465 0.000141598
 0.789649 0.188065 0.0208662 0.00134678 7.20552e-05
 0.767896 0.191606 0.0362077 0.00401731 0.000273164
 0.52945 0.383449 0.0719037 0.0135876 0.00161008
 0.880566 0.0716539 0.0389359 0.00730119 0.00154319
 0.913699 0.0783691 0.00475857 0.00258575 0.00058736
 0.493368 0.472355 0.0311261 0.00188998 0.00126027
 0.918529 0.045549 0.0334919 0.00220697 0.000223365
 0.770624 0.214517 0.0083072 0.00610822 0.000443242
 0.692101 0.249693 0.0544349 0.002108 0.00166247
 0.788517 0.157659 0.0436488 0.00951575 0.000659115
pobs_RECLAS
 0 0 0 0 0
 0 0 0 0 0
 0 0 0 0 0
 0 0 0 0 0
 0 0 0 0 0
 0 0 0 0 0
 0 0 0 0 0
 0 0 0 0 0
 0 0 0 0 0
 0 0 0 0 0
 0.991045 0.00858322 0.000360255 1.14367e-05 0
 0.934742 0.0480273 0.0164251 0.00080598 0
 0.827803 0.169806 0.00239088 0 0
 0.941827 0.0461693 0.0120037 0 0
 0.791401 0.0380133 0.147996 0.0225897 0
 0.846168 0.0940531 0.0597789 0 0
 0.134021 0.677848 0.182769 0.00536245 0
 0.80878 0.0450904 0.141981 0.00414843 0
 0.846168 0.0940531 0.0597789 0 0
 0.905697 0.0802665 0.012482 0.00150086 5.37128e-05
 0.989698 0.0102097 9.19794e-05 0 0
 0.975433 0.0193895 0.00387452 0.00125025 5.28907e-05
 0.303575 0.632131 0.0575291 0.00676475 0
 0.966965 0.00978017 0.0227588 0.000495775 0
 0.843318 0.132988 0.00938335 0.0141283 0.000182051
 0.564624 0.303363 0.111486 0.0197234 0.00080311
 0.826376 0.0876187 0.0782897 0.00655872 0.00115652
 0.89761 0.0855135 0.0140674 0.00269457 0.000114338
 0.34875 0.467042 0.161289 0.0227151 0.000203297
 0.318654 0.224769 0.449479 0.00709798 0
ppred_RECLAS
 0.596892 0.182814 0.202239 0.0180539 1.04021e-06
 0.556334 0.322115 0.0551246 0.0609822 0.00544418
 0.67683 0.225659 0.0707955 0.0121155 0.0145994
 0.810427 0.150595 0.0272172 0.00853878 0.00322213
 0.683677 0.280855 0.0281749 0.00509206 0.00220035
 0.77877 0.175296 0.0407838 0.00409135 0.00105895
 0.425443 0.495533 0.0626164 0.0145682 0.00183971
 0.437897 0.326796 0.202942 0.0256441 0.00671974
 0.530769 0.271016 0.115238 0.0715636 0.0114125
 0.794134 0.139564 0.0382944 0.0162831 0.0117245
 0.93232 0.0599722 0.00522525 0.00143373 0.0010486
 0.862714 0.131874 0.00479582 0.00041785 0.000198505
 0.488423 0.470425 0.0395298 0.00143756 0.000184755
 0.605413 0.251256 0.131801 0.0110752 0.000454533
 0.983366 0.0129486 0.00234639 0.00123085 0.000107673
 0.920509 0.0787765 0.000556128 0.000100775 5.74879e-05
 0.519798 0.459079 0.0209333 0.00014778 4.20551e-05
 0.907134 0.0620751 0.0294364 0.00134225 1.21723e-05
 0.884431 0.1097 0.00392315 0.00186038 8.55997e-05
 0.821 0.167604 0.0108178 0.000386871 0.000191898
 0.722768 0.247861 0.0275007 0.00177499 9.49652e-05
 0.700047 0.247616 0.0467919 0.00519166 0.000353016
 0.442631 0.454197 0.0851703 0.0160946 0.00190715
 0.839043 0.0965652 0.0524723 0.00983953 0.0020797
 0.881213 0.107869 0.00654983 0.0035591 0.000808459
 0.405616 0.554171 0.0365174 0.00221734 0.00147856
 0.887172 0.0630803 0.0463825 0.0030564 0.000309336
 0.700714 0.279898 0.0108391 0.00796992 0.000578335
 0.611734 0.314868 0.0686435 0.00265823 0.00209641
 0.724731 0.205211 0.0568139 0.0123858 0.000857914
pobs_PELACES
 0 0 0 0 0
 0 0 0 0 0
 0 0 0 0 0
 0 0 0 0 0
 0 0 0 0 0
 0 0 0 0 0
 0 0 0 0 0
 0 0 0 0 0
 0 0 0 0 0
 0 0 0 0 0
 0 0 0 0 0
 0 0 0 0 0
 0 0 0 0 0
 0 0 0 0 0
 0 0 0 0 0
 0 0 0 0 0
 0.505614 0.472636 0.0217494 0 0
 0 0 0 0 0
 0.443492 0.261883 0.143347 0.151278 0
 0.227955 0.32914 0.350689 0.0885471 0.00366901
 0.970185 0.0296113 0.000203453 0 0
 0.997202 0.00247181 0.000326279 0 0
 0.445219 0.490057 0.0546422 0.010081 0
 0.90214 0.0892962 0.00764917 0.000914606 0
 0 0 0 0 0
 0.581667 0.319106 0.0959925 0.00289975 0.000334073
 0.762889 0.0836404 0.116647 0.0363945 0.000428098
 0.88444 0.0763242 0.0277011 0.0115352 0
 0.521256 0.241999 0.230069 0.00667565 0
 0.616807 0.101726 0.260614 0.0208532 0
ppred_PELACES
 0.566895 0.196417 0.217289 0.0193973 1.11762e-06
 0.530771 0.340675 0.0583008 0.0644958 0.00575786
 0.653829 0.241721 0.0758345 0.0129778 0.0156385
 0.794481 0.163262 0.0295064 0.00925699 0.00349315
 0.654409 0.306842 0.0307818 0.00556321 0.00240394
 0.756224 0.19316 0.0449402 0.00450831 0.00116687
 0.403027 0.514866 0.0650593 0.0151365 0.00191149
 0.404701 0.346096 0.214928 0.0271586 0.00711659
 0.506414 0.285083 0.12122 0.0752782 0.0120049
 0.786781 0.144549 0.0396621 0.0168647 0.0121432
 0.923565 0.06773 0.00590117 0.00161919 0.00118424
 0.848828 0.145212 0.00528089 0.000460113 0.000218583
 0.461883 0.49483 0.0415805 0.00151214 0.000194339
 0.614794 0.245283 0.128668 0.0108119 0.000443727
 0.98172 0.0142302 0.00257863 0.00135267 0.00011833
 0.913514 0.0857088 0.000605067 0.000109643 6.25467e-05
 0.49555 0.482261 0.0219903 0.000155242 4.41787e-05
 0.900243 0.0666814 0.0316207 0.00144185 1.30756e-05
 0.876394 0.117329 0.00419598 0.00198976 9.15527e-05
 0.805037 0.182551 0.0117825 0.000421371 0.000209011
 0.699323 0.268823 0.0298264 0.0019251 0.000102996
 0.681111 0.263249 0.049746 0.00551942 0.000375303
 0.421066 0.47177 0.0884655 0.0167173 0.00198094
 0.827165 0.103691 0.0563445 0.0105656 0.00223317
 0.870482 0.117614 0.00714155 0.00388063 0.000881496
 0.382087 0.576108 0.0379629 0.00230511 0.00153709
 0.876069 0.0692873 0.0509464 0.00335714 0.000339774
 0.677626 0.301491 0.0116753 0.00858477 0.000622951
 0.588168 0.333979 0.0728098 0.00281957 0.00222365
 0.706989 0.218438 0.0604757 0.0131841 0.000913209
pobs_pel_tallas
 0 0 0 0 0 0 0 0 0 0 0 0 0 0 0 0 0 0 0 0 0 0 0 0 0 0
 0 0 0 0 0 0 0 0 0 0 0 0 0 0 0 0 0 0 0 0 0 0 0 0 0 0
 0 0 0 0 0 0 0 0 0 0 0 0 0 0 0 0 0 0 0 0 0 0 0 0 0 0
 0 0 0 0 0 0 0 0 0 0 0 0 0 0 0 0 0 0 0 0 0 0 0 0 0 0
 0 0 0 0 0 0 0 0 0 0 0 0 0 0 0 0 0 0 0 0 0 0 0 0 0 0
 0 0 0 0 0 0 0 0 0 0 0 0 0 0 0 0 0 0 0 0 0 0 0 0 0 0
 0 0 0 0 0 0 0 0 0 0 0 0 0 0 0 0 0 0 0 0 0 0 0 0 0 0
 0 0 0 0 0 0 0 0 0 0 0 0 0 0 0 0 0 0 0 0 0 0 0 0 0 0
 0 0 0 0 0 0 0 0 0 0 0 0 0 0 0 0 0 0 0 0 0 0 0 0 0 0
 0 0 0 0 0 0 0 0 0 0 0 0 0 0 0 0 0 0 0 0 0 0 0 0 0 0
 0 0 0 0 0 0 0 0 0 0 0 0 0 0 0 0 0 0 0 0 0 0 0 0 0 0
 0 0 0 0 0 0 0 0 0 0 0 0 0 0 0 0 0 0 0 0 0 0 0 0 0 0
 0.00862536 0 0 0.000197151 0.00414017 0.0128641 0.00837892 0.0270097 0.101434 0.158115 0.152841 0.127902 0.109271 0.109419 0.0830992 0.0579132 0.0238553 0.00714673 0.00463305 0.00128148 0.00103504 0.000492878 0.000147863 0.000147863 4.92878e-05 0
 0 0 0 0 0 0 0 0 0 0 0 0 0 0 0 0 0 0 0 0 0 0 0 0 0 0
 0 0 0 0 0 0 0 0.0054083 0.00873648 0.0413646 0.0450493 0.0745869 0.0622846 0.0627006 0.0613931 0.0827291 0.12552 0.122667 0.0946155 0.0697135 0.0546179 0.0294188 0.0215738 0.0213955 0.0102223 0.00600262
 0 0 0 0 0.00359764 0.0251062 0.0480494 0.140153 0.205849 0.193036 0.1447 0.116669 0.0760912 0.0342217 0.00950174 0.001854 0.000860785 0 0 0 0.000165536 0 0.000143464 0 0 0
 0 0 0 0 0 0 0 0.000145254 0.000435761 0.0275982 0.070085 0.0708112 0.156366 0.174668 0.174014 0.160142 0.0824315 0.0480064 0.0283245 0.00493863 0.00203355 0 0 0 0 0
 0 0 0 0 0 0 0 0 0 0 0 0 0 0 0 0 0 0 0 0 0 0 0 0 0 0
 0 0 1.00437e-05 0.000401748 0.00122533 0.00171747 0.00176769 0.0269171 0.070346 0.194647 0.189555 0.159765 0.064822 0.0314167 0.0384472 0.0292271 0.0345202 0.0313363 0.0194345 0.0106764 0.0143323 0.0359363 0.0279516 0.0138201 0.00172751 0
 0 0.0021121 0.0136068 0.0755702 0.200478 0.177729 0.0527432 0.0373336 0.0318909 0.0142505 0.0149659 0.0166563 0.0217959 0.0798694 0.0677717 0.0528807 0.04013 0.0224614 0.0357745 0.0225083 0.00881397 0.00855152 0.00135912 0.000746735 0 0
 0 0 0 0 5.4009e-05 0.00500934 0.000945158 0.0243581 0.138947 0.33067 0.221406 0.137944 0.0707744 0.0437923 0.0131692 0.00525238 0.0047753 0.00276346 9.45158e-05 9.00151e-06 2.25038e-05 9.00151e-06 4.50075e-06 0 0 0
 0.000866109 0.00284123 0.00948549 0.0512746 0.133035 0.25785 0.225252 0.132002 0.0553304 0.0519788 0.0540692 0.017754 0.00435017 0.00159236 0.00146478 0.000404838 0.000125132 0.000115318 0.000107957 0.000100596 0 0 0 0 0 0
 0 0 0 0 0.00144013 0.00171154 0.00461396 0.0210425 0.0478622 0.0707936 0.0888783 0.103762 0.0637923 0.0337046 0.0602308 0.124433 0.169614 0.0934646 0.0462172 0.0250306 0.0313229 0.00938855 0.002487 0.000210481 0 0
 0 0.00764035 0.051015 0.0998891 0.058973 0.0496711 0.0374665 0.0718981 0.12319 0.153886 0.159021 0.0857701 0.0377988 0.023471 0.0147837 0.00900784 0.00315554 0.000888139 0.00291439 0.00214683 0.00393193 0.00274676 0.000635225 9.99891e-05 0 0
 0 0 0 0 0 0 0 0 0 0 0 0 0 0 0 0 0 0 0 0 0 0 0 0 0 0
 0 0 0 0 0 0 0 0 0 0 0 0 0 0 0 0 0 0 0 0 0 0 0 0 0 0
 0 0 0 0 0 0 0 0 0 0 0 0 0 0 0 0 0 0 0 0 0 0 0 0 0 0
 0 0 0 0 0 0 0 0 0 0 0 0 0 0 0 0 0 0 0 0 0 0 0 0 0 0
 0 0 0 0 0 0 0 0 0 0 0 0 0 0 0 0 0 0 0 0 0 0 0 0 0 0
 0 0 0 0 0 0 0 0 0 0 0 0 0 0 0 0 0 0 0 0 0 0 0 0 0 0
ppred_pel_tallas
 1.08267e-16 4.66945e-05 0.000453887 0.00301624 0.0137114 0.0426613 0.0908952 0.132668 0.132687 0.0909893 0.0429781 0.0146302 0.00533674 0.0055666 0.00989423 0.0166413 0.0247996 0.0329138 0.0394656 0.0436513 0.0456713 0.0462327 0.0457463 0.0439809 0.0404264 0.0349353
 1.09212e-16 4.3719e-05 0.000424964 0.00282404 0.0128377 0.039943 0.0851039 0.124219 0.124251 0.0852645 0.0404824 0.0143963 0.00673851 0.00897718 0.0163072 0.0269485 0.0389623 0.0493257 0.0550071 0.0546671 0.0494676 0.04225 0.0357506 0.0312427 0.0284103 0.0261547
 1.06199e-16 5.3855e-05 0.00052349 0.00347878 0.015814 0.0492034 0.104834 0.153013 0.153037 0.104948 0.0495871 0.0169231 0.00626609 0.00661942 0.0116642 0.0192849 0.0279798 0.035617 0.040053 0.0402969 0.0370671 0.0322253 0.0275687 0.0239445 0.0212103 0.0187871
 1.02413e-16 6.54404e-05 0.000636104 0.00422714 0.019216 0.0597881 0.127385 0.185926 0.185942 0.127462 0.0600465 0.0199625 0.00610166 0.00473016 0.00784665 0.012884 0.0185904 0.0234567 0.0259905 0.0255058 0.0225221 0.018393 0.0144748 0.0114857 0.00942861 0.00793296
 1.01932e-16 5.39029e-05 0.000523955 0.00348187 0.0158281 0.0492472 0.104927 0.153151 0.15318 0.105072 0.049732 0.017228 0.00699481 0.00818926 0.0146014 0.0240267 0.0345423 0.0433022 0.0474407 0.0456325 0.038882 0.029849 0.0212759 0.0147346 0.0104119 0.00769149
 1.01996e-16 6.22892e-05 0.000605474 0.00402359 0.0182906 0.0569091 0.121252 0.176974 0.176993 0.121343 0.0572151 0.0191748 0.0062442 0.00545719 0.00928847 0.0152878 0.0220871 0.0279193 0.0310175 0.0305505 0.0270913 0.0221851 0.017387 0.0135327 0.010667 0.008443
 1.03851e-16 3.31969e-05 0.000322686 0.00214436 0.00974799 0.0303299 0.0646229 0.0943294 0.094379 0.0648653 0.0311438 0.0120986 0.0080441 0.0131997 0.0244823 0.0404042 0.0581588 0.0730464 0.0802887 0.0776705 0.0668498 0.0522188 0.0382757 0.0275544 0.0203028 0.0154867
 1.10219e-16 3.33347e-05 0.000324026 0.00215327 0.00978845 0.0304557 0.0648903 0.0947163 0.09475 0.0650547 0.0310085 0.0113884 0.006182 0.00916061 0.0169381 0.0282687 0.0414625 0.0536892 0.0620288 0.065054 0.0635193 0.0595278 0.0549296 0.0503159 0.0452368 0.0391236
 1.13152e-16 4.17127e-05 0.000405462 0.00269444 0.0122485 0.0381099 0.0811983 0.118517 0.118545 0.0813333 0.0385639 0.0135617 0.00599832 0.00764335 0.0138636 0.0230552 0.0336896 0.0433994 0.0498057 0.0518543 0.0504 0.0474709 0.044824 0.0429617 0.041222 0.0385929
 1.04928e-16 6.48061e-05 0.000629939 0.00418617 0.0190297 0.0592086 0.126151 0.184123 0.184137 0.126219 0.0594379 0.0196926 0.00585195 0.00427256 0.00700133 0.0115215 0.0167096 0.0212694 0.0239304 0.0241251 0.0223183 0.0196577 0.0172322 0.0155229 0.0143729 0.0133341
 1.00551e-16 7.60729e-05 0.000739455 0.00491394 0.0223381 0.0695021 0.148082 0.216131 0.216137 0.148114 0.069609 0.022647 0.00568912 0.00243075 0.00328545 0.00530408 0.00761695 0.00954421 0.0104499 0.0100436 0.00855126 0.00656581 0.00469742 0.00329411 0.00239227 0.00184566
 1.00273e-16 6.99169e-05 0.000679617 0.00451629 0.0205304 0.0638778 0.136099 0.198643 0.198657 0.136167 0.0641069 0.0211918 0.00617523 0.00429696 0.00692773 0.0113103 0.0162108 0.0202264 0.021979 0.0208338 0.0172821 0.0126276 0.00823505 0.00491737 0.00280972 0.00162819
 1.01511e-16 3.80448e-05 0.000369809 0.00245751 0.0111715 0.034759 0.0740595 0.108102 0.10815 0.0742923 0.0355405 0.0134279 0.00811891 0.0127203 0.0234691 0.0386731 0.05555 0.069521 0.075936 0.0726328 0.0612287 0.0460466 0.0315813 0.0204673 0.013107 0.00857996
 1.04936e-16 5.06398e-05 0.000492237 0.00327109 0.0148699 0.0462659 0.0985754 0.143879 0.143902 0.0986916 0.0466568 0.0160008 0.00611684 0.0067275 0.0119596 0.0198658 0.0290164 0.0373253 0.0426632 0.0439886 0.0418664 0.037897 0.0335697 0.0295021 0.0255312 0.0213149
 1.00234e-16 8.0863e-05 0.000786017 0.00522336 0.0237446 0.0738784 0.157406 0.229739 0.22974 0.157412 0.0739009 0.0238097 0.00538679 0.00114299 0.00075945 0.0011292 0.00162277 0.00204909 0.00227427 0.00223899 0.00198896 0.00164181 0.00131434 0.00106665 0.000896091 0.000767978
 1.00062e-16 7.5245e-05 0.000731408 0.00486046 0.022095 0.0687457 0.14647 0.213779 0.213788 0.14651 0.0688808 0.022485 0.0058387 0.00286385 0.00411612 0.00666201 0.00953396 0.011872 0.0128565 0.0121121 0.0099343 0.00710497 0.00444662 0.00245489 0.0012178 0.000565127
 1.00781e-16 4.08179e-05 0.000396764 0.00263664 0.0119858 0.0372926 0.0794575 0.11598 0.116027 0.0796842 0.0380535 0.0141828 0.00814749 0.0124142 0.0228265 0.0375728 0.0538867 0.0672675 0.0731528 0.0694312 0.0577198 0.0423245 0.0277516 0.0166849 0.00957613 0.00550652
 1.01077e-16 7.41518e-05 0.000720782 0.00478985 0.021774 0.0677469 0.144342 0.210673 0.21068 0.144374 0.0678531 0.022081 0.00556214 0.002412 0.00330153 0.00538076 0.00783641 0.0100449 0.011416 0.0116625 0.0109432 0.00970991 0.00839333 0.00718968 0.0060754 0.00496357
 1.00367e-16 7.21874e-05 0.000701688 0.00466296 0.0211971 0.0659523 0.140519 0.205093 0.205105 0.140574 0.0661374 0.0217316 0.00600347 0.0036248 0.00561423 0.00914236 0.0131047 0.0163571 0.0177879 0.0168874 0.0140552 0.0103449 0.00685558 0.00423581 0.00258331 0.00165741
 1.00465e-16 6.63098e-05 0.000644555 0.0042833 0.0194713 0.0605824 0.129078 0.188397 0.188414 0.129164 0.0608706 0.0203033 0.0063706 0.0051972 0.00870092 0.0142486 0.0204461 0.0255562 0.0278549 0.0265442 0.0222292 0.0165228 0.0111069 0.0069748 0.00428425 0.00268929
 1.01141e-16 5.76023e-05 0.000559915 0.00372084 0.0169144 0.0526271 0.112129 0.16366 0.163686 0.112255 0.0530519 0.0181411 0.00679914 0.00727719 0.0128069 0.0210596 0.0302795 0.0379644 0.0415981 0.0400091 0.0340606 0.0260648 0.0184129 0.0124878 0.0084807 0.00589636
 1.0212e-16 5.61022e-05 0.000545334 0.00362394 0.0164739 0.0512565 0.109208 0.159398 0.159424 0.109333 0.0516732 0.0176775 0.00664608 0.00714537 0.0125984 0.0207585 0.0299421 0.0377411 0.0417292 0.0407688 0.0356636 0.0285752 0.0217006 0.0162529 0.0123362 0.00947256
 1.04686e-16 3.46828e-05 0.000337129 0.00224034 0.0101843 0.0316874 0.067515 0.0985497 0.0985952 0.0677374 0.0324341 0.0123415 0.00765681 0.0121666 0.0225162 0.0372083 0.0536874 0.0676997 0.0749148 0.0733114 0.0643463 0.0518995 0.039895 0.0304695 0.0237512 0.0188207
 1.03091e-16 6.81325e-05 0.000662273 0.00440103 0.0200065 0.0622476 0.132625 0.193573 0.193583 0.132675 0.062413 0.020485 0.00560542 0.00330222 0.00511351 0.00842848 0.012328 0.0159063 0.018278 0.0190202 0.0183818 0.017034 0.0155779 0.0142239 0.0128395 0.0112213
 1.00775e-16 7.17005e-05 0.000696954 0.00463151 0.0210542 0.0655074 0.139571 0.20371 0.203721 0.139626 0.065693 0.0215903 0.00597654 0.00363085 0.0056369 0.00918773 0.0131871 0.0164972 0.0180129 0.0172293 0.0145451 0.0110032 0.00768121 0.00519925 0.00362825 0.00271125
 1.01735e-16 3.14721e-05 0.00030592 0.00203295 0.00924153 0.0287541 0.0612657 0.0894308 0.0894862 0.0615367 0.0296636 0.0118674 0.00862065 0.0146748 0.0272846 0.0449623 0.0645427 0.0806888 0.087975 0.0838876 0.0703382 0.0524147 0.0354177 0.0224684 0.0140503 0.00905783
 1.01883e-16 7.21607e-05 0.000701428 0.00466123 0.0211893 0.0659278 0.140466 0.205016 0.205023 0.140499 0.0660387 0.0215104 0.00547034 0.00247779 0.00347523 0.00570752 0.00839221 0.0109208 0.0127106 0.0134695 0.0133237 0.0126523 0.0117788 0.0107901 0.00959792 0.00812742
 1.01381e-16 5.58152e-05 0.000542544 0.00360539 0.0163896 0.0509943 0.10865 0.158584 0.158613 0.108792 0.0514701 0.0177631 0.00705066 0.00805581 0.0143021 0.0234965 0.0337036 0.0420935 0.0458261 0.0436003 0.0364475 0.0270715 0.0182815 0.0117189 0.00760354 0.00528963
 1.02846e-16 4.84467e-05 0.000470919 0.00312942 0.0142259 0.0442623 0.0943068 0.13765 0.137682 0.0944642 0.0447912 0.015754 0.00696673 0.00885328 0.0159839 0.0263884 0.0381007 0.0480976 0.0533116 0.0522954 0.0460435 0.0372522 0.0286554 0.0217533 0.0166725 0.0128395
 1.03278e-16 5.82338e-05 0.000566053 0.00376162 0.0170998 0.053204 0.113357 0.165453 0.165474 0.113461 0.0535504 0.018101 0.006277 0.00606476 0.0105236 0.0173637 0.0251431 0.031901 0.0356685 0.0355227 0.0321009 0.0271019 0.0221999 0.0182402 0.0151897 0.0126172
pSPR Fmed_Fpbrs
0.533533   0.201838 0.201838
Fs Fmed_Fpbrs
0.34   1.005 1.005
SSBpbr Bo_Bmed_Bpbrs
460973  222895  69993.2 69993.2
Ro
92118.9
SPR SPRFo_SPRFmed_SPRFpbrs
655746 349862 132354
Fref
1.005
Nvult_r0
 45215.7 8338.81 2308.65 503.301 34.8615
CTP_r0
 20760.6 4179.8 1157.2 252.278 17.4742
YTP_r0
257305
Np
 107048 16850.1 991.482 148.519 46.6554
Nvult_p0
 90198.3 14581 857.969 128.52 40.3728
CTP_p0
 41414.1 3193.62 478.39 132.445 32.1786
 41414.1 7308.7 430.054 64.4201 20.2367
YTP_p0
 384788 452882
CBA_c0
295550
log_Ro
11.2508
likeval ReclasPelacesDesembMPH_pf_preclas_ppelaces_ptallas_desvR_qrecl_qpela
 31.4787 32.4924 0.0304346 41.2773 249.55 130.36 113.569 0 22.759 0.000145345 0.000274191 0.0231128 0 0 0
q_reclas_q_pelaces
5.50118 10.3995
M
1
N
 141234 25973.3 28733.2 2565.01 0.147789
 97985.1 35128.2 6011.59 6650.38 593.713
 84546 17446.3 5473.38 936.677 1128.72
 130950 15122.2 2733.05 857.434 323.555
 92055.2 22402.2 2247.34 406.164 175.509
 197127 26518.5 6169.72 618.934 160.197
 70390.3 51591.3 6519.16 1516.73 191.537
 23925.7 10514 6529.24 825.046 216.193
 23081.6 7358.33 3128.82 1943.02 309.859
 31571.3 3754.84 1030.27 438.081 315.435
 55996.9 2137.6 186.244 51.1027 37.3752
 169619 15824.2 575.474 50.1398 23.8196
 59550.5 35331.8 2968.93 107.97 13.8762
 35161.6 11212.8 5881.91 494.257 20.2845
 72556.5 597.874 108.34 56.8317 4.97155
 213611 11510.8 81.2615 14.7252 8.40013
 57407.2 31681.1 1444.61 10.1983 2.90222
 210695 9255.76 4389.14 200.138 1.81497
 316627 25320.6 905.53 429.408 19.7579
 288117 36308.7 2343.5 83.8095 41.5716
 253933 53020.3 5882.71 379.691 20.3141
 242544 54293.2 10259.8 1138.34 77.4036
 52381 34053.7 6385.69 1206.7 142.99
 99273.8 7265.59 3948.03 740.328 156.477
 173349 13225 803.023 436.353 99.1188
 33752 28747 1894.3 115.022 76.6988
 127448 5582.22 4104.57 270.473 27.3744
 97723.3 23996.2 929.255 683.274 49.5817
 58623.1 18821 4103.11 158.894 125.311
 53662.5 9636.46 2667.91 581.623 40.2865
pred_Ctot
 29848.6 6320.89 6992.54 624.223 0.035966
 33868.3 13703.7 2345.15 2594.35 231.61
 29087.6 6776.04 2125.83 363.8 438.387
 47070.2 6121.45 1106.33 347.087 130.974
 12877.6 3644.34 365.593 66.0738 28.5514
 36967.2 5745.61 1336.76 134.101 34.7089
 28384.8 23262 2939.43 683.879 86.3623
 2516.72 1292.04 802.363 101.388 26.5675
 8684.21 3109.33 1322.11 821.038 130.934
 18502.2 2380.55 653.187 277.74 199.984
 8384.29 371.703 32.3857 8.88614 6.4991
 48687.1 5172.89 188.121 16.3906 7.78655
 19388.9 13024 1094.41 39.8 5.11506
 26080.4 8711.05 4569.55 383.979 15.7587
 27888.1 257.751 46.7065 24.5008 2.1433
 86600.5 5216.09 36.8233 6.67268 3.80648
 21766 13484.3 614.862 4.34066 1.23526
 97883.6 4757.93 2256.24 102.881 0.932985
 150881 13322.8 476.456 225.939 10.3959
 96207.2 13708.8 884.816 31.6433 15.6959
 70228.4 16725.8 1855.76 119.778 6.40831
 102294 25524.3 4823.33 535.158 36.389
 22276.8 16133.7 3025.37 571.703 67.7447
 43361 3528.4 1917.29 359.527 75.9902
 64123.5 5499.95 333.957 181.468 41.221
 12515.2 11982.1 789.568 47.9426 31.9691
 41497.7 2057.83 1513.11 99.7072 10.0913
 31000.4 8629.52 334.179 245.72 17.8306
 21855.9 7885.06 1719 66.5685 52.4992
 22989.8 4596.67 1272.61 277.439 19.217
F
 0.391418 0.46338 0.46338 0.46338 0.46338
 0.725688 0.859106 0.859106 0.859106 0.859106
 0.721128 0.853708 0.853708 0.853708 0.853708
 0.765653 0.906418 0.906418 0.906418 0.906418
 0.244546 0.289506 0.289506 0.289506 0.289506
 0.340496 0.403096 0.403096 0.403096 0.403096
 0.90135 1.06706 1.06706 1.06706 1.06706
 0.179118 0.212049 0.212049 0.212049 0.212049
 0.81599 0.966009 0.966009 0.966009 0.966009
 1.69256 2.00374 2.00374 2.00374 2.00374
 0.263753 0.312244 0.312244 0.312244 0.312244
 0.568773 0.673342 0.673342 0.673342 0.673342
 0.669765 0.792901 0.792901 0.792901 0.792901
 3.07433 3.63954 3.63954 3.63954 3.63954
 0.841077 0.995709 0.995709 0.995709 0.995709
 0.908436 1.07545 1.07545 1.07545 1.07545
 0.824923 0.976585 0.976585 0.976585 0.976585
 1.11879 1.32448 1.32448 1.32448 1.32448
 1.16567 1.37997 1.37997 1.37997 1.37997
 0.692691 0.820042 0.820042 0.820042 0.820042
 0.542674 0.642444 0.642444 0.642444 0.642444
 0.963246 1.14034 1.14034 1.14034 1.14034
 0.975395 1.15472 1.15472 1.15472 1.15472
 1.01577 1.20252 1.20252 1.20252 1.20252
 0.796775 0.943262 0.943262 0.943262 0.943262
 0.799453 0.946433 0.946433 0.946433 0.946433
 0.669814 0.792959 0.792959 0.792959 0.792959
 0.647166 0.766148 0.766148 0.766148 0.766148
 0.805575 0.95368 0.95368 0.95368 0.95368
 0.986269 1.16759 1.16759 1.16759 1.16759
YTP_r0W_actual
 151552 66458.9 30665.8 7997.22 630.819
YTP_p0W_proyectada
 312262 55728.7 11514.8 4148.17 1134.3
 312262 127537 10351.4 2017.64 713.344
CTP_r0_actual
 20760.6 4179.8 1157.2 252.278 17.4742
CTP_p0_proyectada
 41414.1 3193.62 478.39 132.445 32.1786
 41414.1 7308.7 430.054 64.4201 20.2367
Wmedp
 7.54 17.45 24.07 31.32 35.25
Frms_r0
 0.848925 1.005 1.005 1.005 1.005
Zrms_r0
 1.84893 2.005 2.005 2.005 2.005
nmprior
 7.29 8.9 8.7 0
nm_flota  nm_reclas  nm_pelaces    nm_pelaL
inf 7.6986 11.2669 18.288
cv_recla  cv_pelaces  cv_mph
0.51944 0.670742 0.272579
 ------------------------------------------------
Talla a la edad & desviaci?n 
 8 13.2811 15.8009 17.003 17.5766
 0.8 1.32811 1.58009 1.7003 1.75766
