years
 1991 1992 1993 1994 1995 1996 1997 1998 1999 2000 2001 2002 2003 2004 2005 2006 2007 2008 2009 2010 2011 2012 2013 2014 2015 2016 2017 2018 2019
reclasobs
 0 0 0 0 0 0 0 0 0 252601 567819 844713 477998 351125 339783 2.1784e+06 2.13404e+06 4.81314e+06 1.55562e+06 2.62356e+06 3.21686e+06 3.843e+06 1.13348e+06 3.07943e+06 1.97215e+06 2.03268e+06 2.025e+06 2.42433e+06 2.27542e+06
reclaspred
 4.9768e+06 2.63648e+06 1.26754e+06 1.46798e+06 1.79172e+06 3.62725e+06 2.18275e+06 1.63591e+06 933706 332190 609553 1.77596e+06 1.64912e+06 245818 844151 1.58681e+06 1.48983e+06 1.97386e+06 2.3325e+06 2.75348e+06 5.19385e+06 2.96912e+06 1.49477e+06 1.55743e+06 1.6082e+06 1.33683e+06 2.01963e+06 1.72337e+06 1.23057e+06
pelacesobs
 0 0 0 0 0 0 0 0 0 0 0 0 0 0 0 552880 188675 0 991730 2.46772e+06 1.41603e+06 1.21717e+06 2.29649e+06 1.80582e+06 0 1.4828e+06 1.56532e+06 1.57751e+06 1.42118e+06
pelacespred
 5.48291e+06 2.73834e+06 1.20026e+06 876695 1.42515e+06 2.71022e+06 1.76118e+06 1.87955e+06 941109 183034 360249 974244 1.2498e+06 88557.5 404309 711467 862364 1.00173e+06 1.14855e+06 1.45932e+06 3.25135e+06 2.16925e+06 1.10105e+06 927578 885110 892481 1.42176e+06 1.20681e+06 837034
mphobs
 0 0 0 0 0 0 0 0 0 0 0 0 498337 0 5186 125008 0 168611 109162 213762 579715 649985 157893 87575 83554 210694 70296 0 107559
mphpred
 696940 480475 209375 123786 188779 276519 456634 193981 164079 62785.2 19613.7 113068 266958 93714.7 6295.84 101799 196718 148724 157387 213623 414225 440404 198459 94258.8 134190 175516 103280 217138 184989
desembarqueobs
 494567 514787 250237 358949 120608 361735 552515 73892 212993 205616 52469 317467 293654 387597 252695 516296 358380 742168 942051 627588 828172 859565 418607 520667 417249 300574 415391 372974 316634
desembarquepred
 494553 514454 250378 358938 120609 361713 552472 73897.9 213076 205690 52469.9 317387 293824 387823 252565 516184 358392 741847 941077 627140 828374 859888 418484 520768 417068 300687 415342 372940 316436
Reclutas
 144055 95069.6 84935.7 126757 92032.6 194031 67739.7 23923 23171.7 31235.9 55053 171136 61202.4 33634.3 72908.8 206821 62365.1 208380 319925 277351 258043 238576 51789.5 100368 170512 33426.5 133609 85379.3 60834.4
log_desv_Rt
 0.434899 0.0193124 -0.0934019 0.306973 -0.0131544 0.732722 -0.319624 -1.36046 -1.39237 -1.09373 -0.527 0.607162 -0.421111 -1.01975 -0.246088 0.796555 -0.40229 0.804067 1.23279 1.08999 1.01783 0.939389 -0.588109 0.0735511 0.603512 -1.02595 0.359617 -0.0881936 -0.427141
SSB
 696940 480475 209375 123786 188779 276519 456634 193981 164079 62785.2 19613.7 113068 252836 89226.2 6034.55 97334.5 196718 148724 165456 222010 443347 514481 253251 113383 142672 205922 109134 217138 197145
BT
 1.23216e+06 930045 420770 564027 463092 1.20222e+06 819505 458596 394395 245500 217054 679877 576541 407573 496959 759799 527774 1.07422e+06 1.43055e+06 1.05096e+06 1.84621e+06 1.33044e+06 625168 886712 675270 484008 1.06834e+06 747099 459324
Ftot
 0.503119 0.930357 0.924479 1.02238 0.315676 0.445681 1.14285 0.228435 1.04414 2.21032 0.35658 0.739596 0.811675 3.90806 1.11939 1.24217 1.02696 1.44307 1.50001 0.925475 0.698535 1.22094 1.21632 1.30911 1.04304 0.997107 0.83784 0.906547 1.12143
BD_Bspro_t
 0.922656 0.552981 0.28388 0.205608 0.259292 0.387224 0.448696 0.235531 0.267136 0.148653 0.070387 0.389483 0.419175 0.165313 0.0159545 0.200993 0.240793 0.17841 0.165852 0.18277 0.253261 0.273075 0.176949 0.105433 0.149322 0.225157 0.159645 0.297379 0.269639
BD_Bspro
 1.05161 0.724986 0.315925 0.18678 0.284847 0.417238 0.689014 0.292697 0.247578 0.0947364 0.0295951 0.170608 0.381503 0.134633 0.00910551 0.146868 0.296827 0.22441 0.249656 0.33499 0.668964 0.776299 0.382129 0.171083 0.215277 0.310715 0.164672 0.327639 0.297472
BD_Bo
 1.59545 1.09992 0.479307 0.283375 0.432157 0.633014 1.04534 0.444067 0.375614 0.14373 0.0449003 0.258839 0.578798 0.204259 0.0138145 0.222821 0.450332 0.340464 0.378766 0.508231 1.01492 1.17776 0.579748 0.25956 0.326609 0.471402 0.249833 0.497079 0.451311
BD_Brms
 9.19679 6.34032 2.76291 1.63348 2.49112 3.64893 6.02573 2.55977 2.16518 0.828512 0.258822 1.49204 3.33641 1.17743 0.0796317 1.28442 2.59588 1.96256 2.18335 2.92963 5.85038 6.78907 3.34189 1.4962 1.8827 2.71734 1.44013 2.86535 2.60152
Sel_flota
 0.744349 1 1 1 1
 0.744349 1 1 1 1
 0.744349 1 1 1 1
 0.744349 1 1 1 1
 0.744349 1 1 1 1
 0.744349 1 1 1 1
 0.744349 1 1 1 1
 0.744349 1 1 1 1
 0.744349 1 1 1 1
 0.744349 1 1 1 1
 0.744349 1 1 1 1
 0.744349 1 1 1 1
 0.744349 1 1 1 1
 0.744349 1 1 1 1
 0.744349 1 1 1 1
 0.744349 1 1 1 1
 0.744349 1 1 1 1
 0.744349 1 1 1 1
 0.744349 1 1 1 1
 0.744349 1 1 1 1
 0.744349 1 1 1 1
 0.744349 1 1 1 1
 0.744349 1 1 1 1
 0.744349 1 1 1 1
 0.744349 1 1 1 1
 0.744349 1 1 1 1
 0.744349 1 1 1 1
 0.744349 1 1 1 1
 0.744349 1 1 1 1
Sel_reclas
 0.473167 0.81884 0.95789 0.99134 0.998267
 0.473167 0.81884 0.95789 0.99134 0.998267
 0.473167 0.81884 0.95789 0.99134 0.998267
 0.473167 0.81884 0.95789 0.99134 0.998267
 0.473167 0.81884 0.95789 0.99134 0.998267
 0.473167 0.81884 0.95789 0.99134 0.998267
 0.473167 0.81884 0.95789 0.99134 0.998267
 0.473167 0.81884 0.95789 0.99134 0.998267
 0.473167 0.81884 0.95789 0.99134 0.998267
 0.473167 0.81884 0.95789 0.99134 0.998267
 0.473167 0.81884 0.95789 0.99134 0.998267
 0.473167 0.81884 0.95789 0.99134 0.998267
 0.473167 0.81884 0.95789 0.99134 0.998267
 0.473167 0.81884 0.95789 0.99134 0.998267
 0.473167 0.81884 0.95789 0.99134 0.998267
 0.473167 0.81884 0.95789 0.99134 0.998267
 0.473167 0.81884 0.95789 0.99134 0.998267
 0.473167 0.81884 0.95789 0.99134 0.998267
 0.473167 0.81884 0.95789 0.99134 0.998267
 0.473167 0.81884 0.95789 0.99134 0.998267
 0.473167 0.81884 0.95789 0.99134 0.998267
 0.473167 0.81884 0.95789 0.99134 0.998267
 0.473167 0.81884 0.95789 0.99134 0.998267
 0.473167 0.81884 0.95789 0.99134 0.998267
 0.473167 0.81884 0.95789 0.99134 0.998267
 0.473167 0.81884 0.95789 0.99134 0.998267
 0.473167 0.81884 0.95789 0.99134 0.998267
 0.473167 0.81884 0.95789 0.99134 0.998267
 0.473167 0.81884 0.95789 0.99134 0.998267
Sel_pelaces
 0.126823 0.422285 0.786262 0.948753 0.989381
 0.126823 0.422285 0.786262 0.948753 0.989381
 0.126823 0.422285 0.786262 0.948753 0.989381
 0.126823 0.422285 0.786262 0.948753 0.989381
 0.126823 0.422285 0.786262 0.948753 0.989381
 0.126823 0.422285 0.786262 0.948753 0.989381
 0.126823 0.422285 0.786262 0.948753 0.989381
 0.126823 0.422285 0.786262 0.948753 0.989381
 0.126823 0.422285 0.786262 0.948753 0.989381
 0.126823 0.422285 0.786262 0.948753 0.989381
 0.126823 0.422285 0.786262 0.948753 0.989381
 0.126823 0.422285 0.786262 0.948753 0.989381
 0.126823 0.422285 0.786262 0.948753 0.989381
 0.126823 0.422285 0.786262 0.948753 0.989381
 0.126823 0.422285 0.786262 0.948753 0.989381
 0.126823 0.422285 0.786262 0.948753 0.989381
 0.126823 0.422285 0.786262 0.948753 0.989381
 0.126823 0.422285 0.786262 0.948753 0.989381
 0.126823 0.422285 0.786262 0.948753 0.989381
 0.126823 0.422285 0.786262 0.948753 0.989381
 0.126823 0.422285 0.786262 0.948753 0.989381
 0.126823 0.422285 0.786262 0.948753 0.989381
 0.126823 0.422285 0.786262 0.948753 0.989381
 0.126823 0.422285 0.786262 0.948753 0.989381
 0.126823 0.422285 0.786262 0.948753 0.989381
 0.126823 0.422285 0.786262 0.948753 0.989381
 0.126823 0.422285 0.786262 0.948753 0.989381
 0.126823 0.422285 0.786262 0.948753 0.989381
 0.126823 0.422285 0.786262 0.948753 0.989381
pf_obs 
 0.8446 0.082 0.0669 0.0065 0
 0.8095 0.147 0.0364 0.0071 0
 0.9664 0.0169 0.016 0.0007 0
 0.9276 0.0648 0.0075 0.0001 0
 0.7033 0.2144 0.0806 0.0017 0
 0.9318 0.0425 0.0243 0.0014 0
 0.5671 0.3108 0.0964 0.0239 0.0018
 0.0768 0.2599 0.5324 0.112 0.0189
 0.490249 0.384438 0.106611 0.0170017 0.00170017
 0.7925 0.1577 0.0466 0.003 0.0002
 0.840416 0.127587 0.0312969 0.00059994 9.999e-05
 0.8084 0.0986 0.0794 0.0134 0.0002
 0.7335 0.1905 0.0724 0.0035 0.0001
 0.4001 0.4547 0.1325 0.0127 0
 0.49795 0.308269 0.164784 0.0264974 0.00249975
 0.9179 0.0499 0.0305 0.0017 0
 0.2467 0.6533 0.0926 0.0074 0
 0.9418 0.0223 0.034 0.0019 0
 0.707729 0.231977 0.0356964 0.0245975 0
 0.517169 0.277429 0.184464 0.0207286 0.00020938
 0.811772 0.124168 0.05621 0.00726502 0.000585176
 0.764997 0.148141 0.077277 0.00933861 0.000247198
 0.163321 0.427699 0.378323 0.0303852 0.000271297
 0.753843 0.0900009 0.118128 0.0371064 0.000921714
 0.721811 0.176058 0.0630433 0.0369309 0.00215725
 0.143369 0.312575 0.442814 0.0836902 0.0175525
 0.692698 0.0596174 0.167031 0.0765114 0.00414204
 0.394062 0.376323 0.152708 0.0712218 0.00568511
 0.125707 0.32114 0.495352 0.0537591 0.00404204
pf_pred 
 0.675813 0.147103 0.162527 0.0145563 8.96473e-07
 0.613829 0.290384 0.0434646 0.0480219 0.00430123
 0.73714 0.187509 0.0566602 0.00848089 0.0102094
 0.842855 0.127967 0.0208141 0.00628946 0.00207468
 0.744002 0.229157 0.0218571 0.00355511 0.00142862
 0.819285 0.145276 0.0317234 0.00302579 0.000689922
 0.485531 0.446152 0.0549196 0.0119926 0.00140467
 0.509162 0.297279 0.167856 0.0206624 0.00504045
 0.601032 0.235665 0.0989059 0.0558463 0.00855145
 0.831229 0.119242 0.0292561 0.0122785 0.00799453
 0.945653 0.0493653 0.00351954 0.000863526 0.00059838
 0.8942 0.101684 0.00373869 0.000266553 0.000110718
 0.556584 0.411271 0.0308949 0.00113593 0.000114627
 0.623991 0.247422 0.119265 0.00895924 0.000362651
 0.986612 0.0111131 0.00149705 0.000721623 5.6403e-05
 0.935809 0.0636575 0.000442517 5.96117e-05 3.09805e-05
 0.618236 0.366596 0.0150419 0.000104564 2.14064e-05
 0.921887 0.0562931 0.0209527 0.000859717 7.19983e-06
 0.907496 0.0881676 0.00312533 0.00116327 4.81302e-05
 0.846328 0.145176 0.00809785 0.000287049 0.000111262
 0.782104 0.195233 0.0214102 0.00119425 5.8742e-05
 0.746884 0.213535 0.0354635 0.0038891 0.000227602
 0.501229 0.413837 0.0716523 0.0118998 0.00138137
 0.871194 0.0803455 0.0402082 0.0069617 0.00129039
 0.901857 0.0902003 0.00495466 0.00247952 0.000508881
 0.46896 0.497178 0.0311216 0.00170949 0.00103108
 0.914585 0.0498144 0.0333302 0.00208635 0.000183725
 0.711921 0.271607 0.00960612 0.00642734 0.000437758
 0.712743 0.228059 0.0558132 0.00197398 0.00141072
pobs_RECLAS
 0 0 0 0 0
 0 0 0 0 0
 0 0 0 0 0
 0 0 0 0 0
 0 0 0 0 0
 0 0 0 0 0
 0 0 0 0 0
 0 0 0 0 0
 0 0 0 0 0
 0 0 0 0 0
 0.991045 0.00858322 0.000360255 1.14367e-05 0
 0.934742 0.0480273 0.0164251 0.00080598 0
 0.827803 0.169806 0.00239088 0 0
 0.941827 0.0461693 0.0120037 0 0
 0.791401 0.0380133 0.147996 0.0225897 0
 0.846168 0.0940531 0.0597789 0 0
 0.134021 0.677848 0.182769 0.00536245 0
 0.80878 0.0450904 0.141981 0.00414843 0
 0.846168 0.0940531 0.0597789 0 0
 0.905697 0.0802665 0.012482 0.00150086 5.37128e-05
 0.989698 0.0102097 9.19794e-05 0 0
 0.975433 0.0193895 0.00387452 0.00125025 5.28907e-05
 0.303575 0.632131 0.0575291 0.00676475 0
 0.966965 0.00978017 0.0227588 0.000495775 0
 0.843318 0.132988 0.00938335 0.0141283 0.000182051
 0.564624 0.303363 0.111486 0.0197234 0.00080311
 0.826376 0.0876187 0.0782897 0.00655872 0.00115652
 0.89761 0.0855135 0.0140674 0.00269457 0.000114338
 0.34875 0.467042 0.161289 0.0227151 0.000203297
ppred_RECLAS
 0.600112 0.165772 0.214255 0.0198593 1.23161e-06
 0.549257 0.323492 0.0566426 0.0647671 0.00584159
 0.681598 0.215921 0.076325 0.0118233 0.0143324
 0.807228 0.151843 0.0288917 0.00903515 0.00300122
 0.690734 0.271772 0.0303236 0.00510444 0.00206555
 0.775127 0.174801 0.0446524 0.00440769 0.00101204
 0.428299 0.484336 0.0697443 0.0157616 0.00185903
 0.431007 0.322313 0.212896 0.0271218 0.0066624
 0.530754 0.257532 0.126437 0.0738847 0.0113926
 0.803589 0.131518 0.0377478 0.0163956 0.0107498
 0.930627 0.0619756 0.00516894 0.0013125 0.000915848
 0.869808 0.124287 0.00534573 0.000394438 0.000164982
 0.497487 0.460362 0.0404552 0.00153939 0.000156425
 0.617915 0.237392 0.133862 0.0104069 0.000424193
 0.983047 0.0136452 0.0021503 0.0010727 8.44297e-05
 0.92247 0.0767732 0.000624319 8.70392e-05 4.55508e-05
 0.564959 0.414951 0.0199172 0.00014329 2.95394e-05
 0.903125 0.0666238 0.0290089 0.00123184 1.03883e-05
 0.889897 0.104057 0.00431492 0.00166213 6.9251e-05
 0.814158 0.173915 0.0113482 0.000416315 0.000162494
 0.736917 0.231575 0.0297082 0.00171497 8.49444e-05
 0.701036 0.24553 0.0477015 0.00541385 0.000319049
 0.443268 0.448462 0.0908329 0.0156121 0.00182496
 0.838822 0.0942613 0.0551827 0.00988805 0.00184562
 0.879739 0.108891 0.00699703 0.00362388 0.00074894
 0.413154 0.543417 0.0397923 0.0022621 0.00137392
 0.888726 0.0605439 0.0473882 0.00306992 0.000272227
 0.662345 0.314981 0.0130319 0.00902397 0.000618905
 0.660399 0.260368 0.0745408 0.0027284 0.0019635
pobs_PELACES
 0 0 0 0 0
 0 0 0 0 0
 0 0 0 0 0
 0 0 0 0 0
 0 0 0 0 0
 0 0 0 0 0
 0 0 0 0 0
 0 0 0 0 0
 0 0 0 0 0
 0 0 0 0 0
 0 0 0 0 0
 0 0 0 0 0
 0 0 0 0 0
 0 0 0 0 0
 0 0 0 0 0
 0 0 0 0 0
 0.505614 0.472636 0.0217494 0 0
 0 0 0 0 0
 0.443492 0.261883 0.143347 0.151278 0
 0.227955 0.32914 0.350689 0.0885471 0.00366901
 0.970185 0.0296113 0.000203453 0 0
 0.997202 0.00247181 0.000326279 0 0
 0.445219 0.490057 0.0546422 0.010081 0
 0.90214 0.0892962 0.00764917 0.000914606 0
 0 0 0 0 0
 0.581667 0.319106 0.0959925 0.00289975 0.000334073
 0.762889 0.0836404 0.116647 0.0363945 0.000428098
 0.88444 0.0763242 0.0277011 0.0115352 0
 0.521256 0.241999 0.230069 0.00667565 0
ppred_PELACES
 0.374448 0.190747 0.392396 0.0424068 2.72353e-06
 0.36163 0.378867 0.105587 0.140767 0.0131482
 0.497463 0.280464 0.157795 0.0284999 0.0357777
 0.674835 0.224058 0.0678551 0.0247414 0.00851083
 0.52507 0.38705 0.0687366 0.0134907 0.00565337
 0.620346 0.259237 0.105401 0.0121308 0.00288444
 0.280695 0.554606 0.127114 0.0334936 0.00409105
 0.239712 0.338326 0.355689 0.0528325 0.01344
 0.327791 0.280221 0.218973 0.149193 0.0238234
 0.674663 0.17631 0.0805431 0.0407888 0.0276949
 0.870125 0.108189 0.0143619 0.00425192 0.00307254
 0.782372 0.202087 0.0138346 0.00119019 0.000515537
 0.344044 0.572024 0.0800084 0.00354966 0.000373535
 0.486913 0.258835 0.232305 0.0210573 0.000888856
 0.966903 0.0234962 0.00589334 0.00342784 0.000279398
 0.872193 0.125771 0.00162788 0.000264612 0.000143409
 0.417376 0.540882 0.0413219 0.000346614 7.39975e-05
 0.821618 0.103253 0.0715562 0.00354281 3.09404e-05
 0.821386 0.162832 0.010747 0.0048268 0.000208261
 0.70324 0.267329 0.027764 0.00118756 0.000480017
 0.590087 0.336371 0.0686827 0.00462282 0.000237122
 0.548755 0.333603 0.103158 0.0136507 0.000833095
 0.289825 0.509159 0.164141 0.0328937 0.0039819
 0.704731 0.136441 0.127133 0.0265611 0.00513409
 0.795702 0.173538 0.0177485 0.0107177 0.00229382
 0.275712 0.641454 0.0747614 0.00495528 0.00311676
 0.777104 0.0949087 0.118237 0.00893072 0.000820119
 0.51237 0.4343 0.0285995 0.0230902 0.00163999
 0.493099 0.340291 0.155061 0.0066175 0.00493177
pobs_pel_tallas
 0 0 0 0 0 0 0 0 0 0 0 0 0 0 0 0 0 0 0 0 0 0 0 0 0 0
 0 0 0 0 0 0 0 0 0 0 0 0 0 0 0 0 0 0 0 0 0 0 0 0 0 0
 0 0 0 0 0 0 0 0 0 0 0 0 0 0 0 0 0 0 0 0 0 0 0 0 0 0
 0 0 0 0 0 0 0 0 0 0 0 0 0 0 0 0 0 0 0 0 0 0 0 0 0 0
 0 0 0 0 0 0 0 0 0 0 0 0 0 0 0 0 0 0 0 0 0 0 0 0 0 0
 0 0 0 0 0 0 0 0 0 0 0 0 0 0 0 0 0 0 0 0 0 0 0 0 0 0
 0 0 0 0 0 0 0 0 0 0 0 0 0 0 0 0 0 0 0 0 0 0 0 0 0 0
 0 0 0 0 0 0 0 0 0 0 0 0 0 0 0 0 0 0 0 0 0 0 0 0 0 0
 0 0 0 0 0 0 0 0 0 0 0 0 0 0 0 0 0 0 0 0 0 0 0 0 0 0
 0 0 0 0 0 0 0 0 0 0 0 0 0 0 0 0 0 0 0 0 0 0 0 0 0 0
 0 0 0 0 0 0 0 0 0 0 0 0 0 0 0 0 0 0 0 0 0 0 0 0 0 0
 0 0 0 0 0 0 0 0 0 0 0 0 0 0 0 0 0 0 0 0 0 0 0 0 0 0
 0.00862536 0 0 0.000197151 0.00414017 0.0128641 0.00837892 0.0270097 0.101434 0.158115 0.152841 0.127902 0.109271 0.109419 0.0830992 0.0579132 0.0238553 0.00714673 0.00463305 0.00128148 0.00103504 0.000492878 0.000147863 0.000147863 4.92878e-05 0
 0 0 0 0 0 0 0 0 0 0 0 0 0 0 0 0 0 0 0 0 0 0 0 0 0 0
 0 0 0 0 0 0 0 0.0054083 0.00873648 0.0413646 0.0450493 0.0745869 0.0622846 0.0627006 0.0613931 0.0827291 0.12552 0.122667 0.0946155 0.0697135 0.0546179 0.0294188 0.0215738 0.0213955 0.0102223 0.00600262
 0 0 0 0 0.00359764 0.0251062 0.0480494 0.140153 0.205849 0.193036 0.1447 0.116669 0.0760912 0.0342217 0.00950174 0.001854 0.000860785 0 0 0 0.000165536 0 0.000143464 0 0 0
 0 0 0 0 0 0 0 0.000145254 0.000435761 0.0275982 0.070085 0.0708112 0.156366 0.174668 0.174014 0.160142 0.0824315 0.0480064 0.0283245 0.00493863 0.00203355 0 0 0 0 0
 0 0 0 0 0 0 0 0 0 0 0 0 0 0 0 0 0 0 0 0 0 0 0 0 0 0
 0 0 1.00437e-05 0.000401748 0.00122533 0.00171747 0.00176769 0.0269171 0.070346 0.194647 0.189555 0.159765 0.064822 0.0314167 0.0384472 0.0292271 0.0345202 0.0313363 0.0194345 0.0106764 0.0143323 0.0359363 0.0279516 0.0138201 0.00172751 0
 0 0.0021121 0.0136068 0.0755702 0.200478 0.177729 0.0527432 0.0373336 0.0318909 0.0142505 0.0149659 0.0166563 0.0217959 0.0798694 0.0677717 0.0528807 0.04013 0.0224614 0.0357745 0.0225083 0.00881397 0.00855152 0.00135912 0.000746735 0 0
 0 0 0 0 5.4009e-05 0.00500934 0.000945158 0.0243581 0.138947 0.33067 0.221406 0.137944 0.0707744 0.0437923 0.0131692 0.00525238 0.0047753 0.00276346 9.45158e-05 9.00151e-06 2.25038e-05 9.00151e-06 4.50075e-06 0 0 0
 0.000866109 0.00284123 0.00948549 0.0512746 0.133035 0.25785 0.225252 0.132002 0.0553304 0.0519788 0.0540692 0.017754 0.00435017 0.00159236 0.00146478 0.000404838 0.000125132 0.000115318 0.000107957 0.000100596 0 0 0 0 0 0
 0 0 0 0 0.00144013 0.00171154 0.00461396 0.0210425 0.0478622 0.0707936 0.0888783 0.103762 0.0637923 0.0337046 0.0602308 0.124433 0.169614 0.0934646 0.0462172 0.0250306 0.0313229 0.00938855 0.002487 0.000210481 0 0
 0 0.00764035 0.051015 0.0998891 0.058973 0.0496711 0.0374665 0.0718981 0.12319 0.153886 0.159021 0.0857701 0.0377988 0.023471 0.0147837 0.00900784 0.00315554 0.000888139 0.00291439 0.00214683 0.00393193 0.00274676 0.000635225 9.99891e-05 0 0
 0 0 0 0 0 0 0 0 0 0 0 0 0 0 0 0 0 0 0 0 0 0 0 0 0 0
 0 0 0 0 0 0 0 0 0 0 0 0 0 0 0 0 0 0 0 0 0 0 0 0 0 0
 0 0 0 0 0 0 0 0 0 0 0 0 0 0 0 0 0 0 0 0 0 0 0 0 0 0
 0 0 0 0 0 0 0 0 0 0 0 0 0 0 0 0 0 0 0 0 0 0 0 0 0 0
 0 0 0 0 0 0 0 0 0 0 0 0 0 0 0 0 0 0 0 0 0 0 0 0 0 0
ppred_pel_tallas
 1.15626e-16 3.08428e-05 0.000299803 0.0019923 0.00905671 0.0281789 0.0600388 0.0876324 0.0876513 0.0601317 0.0284926 0.00997004 0.00431261 0.00545678 0.0100934 0.0173371 0.0265994 0.0368373 0.0468874 0.056032 0.0640785 0.0708025 0.0753456 0.0762932 0.0724946 0.0639541
 1.19486e-16 2.97871e-05 0.000289541 0.0019241 0.00874672 0.0272145 0.0579847 0.084638 0.0846747 0.0581638 0.0278163 0.0104868 0.00629872 0.00986288 0.0182827 0.0303722 0.0442253 0.0566673 0.0645274 0.0664807 0.0638533 0.0596174 0.0563705 0.0548887 0.0541496 0.0524343
 1.13539e-16 4.09754e-05 0.000398296 0.00264682 0.0120321 0.0374364 0.0797631 0.116422 0.11645 0.0798963 0.037884 0.0133274 0.00590796 0.00754937 0.0137165 0.0228593 0.0335098 0.0433741 0.0501235 0.052682 0.0517848 0.0492743 0.04674 0.0446285 0.0423753 0.0391775
 1.05937e-16 5.55853e-05 0.000540309 0.00359054 0.0163221 0.0507842 0.108202 0.157928 0.15795 0.108308 0.0511399 0.0173501 0.00617417 0.00619091 0.0108183 0.0178792 0.0259454 0.0330424 0.0371929 0.0374916 0.0346159 0.0302937 0.0261748 0.023007 0.0206076 0.0183948
 1.04393e-16 4.32494e-05 0.000420399 0.0027937 0.0126998 0.039514 0.0841901 0.122886 0.122923 0.0843725 0.0401265 0.0144692 0.00723632 0.0101222 0.0184791 0.0305083 0.0440071 0.0554708 0.0613465 0.0599842 0.0525977 0.0423971 0.0326274 0.0250529 0.0197646 0.0159674
 1.04813e-16 5.10972e-05 0.000496683 0.00330063 0.0150042 0.0466838 0.0994657 0.145178 0.145203 0.0995884 0.047096 0.0161961 0.00629758 0.00705607 0.0125583 0.0208101 0.0302733 0.0386933 0.0437806 0.0444387 0.041344 0.0363464 0.0312197 0.0267842 0.0229271 0.0192063
 1.07862e-16 2.31206e-05 0.000224741 0.00149348 0.00678919 0.021124 0.0450089 0.065703 0.0657565 0.0452705 0.0220027 0.00932819 0.00787063 0.0141591 0.0265252 0.0439149 0.0634928 0.0803342 0.0894122 0.0883856 0.0789396 0.0655234 0.0525621 0.0423506 0.0348632 0.0289422
 1.17924e-16 1.97448e-05 0.000191927 0.00127542 0.00579791 0.0180396 0.0384366 0.0561062 0.0561393 0.0385985 0.0185849 0.00737916 0.00526837 0.00898732 0.0169548 0.0286017 0.0426073 0.0565197 0.0677588 0.0750103 0.0787288 0.0802515 0.0803588 0.0786126 0.0739497 0.0658211
 1.25385e-16 2.69997e-05 0.000262447 0.00174405 0.00792824 0.0246678 0.0525584 0.0767163 0.0767436 0.0526922 0.0251179 0.00923256 0.00503479 0.00750218 0.0139434 0.023452 0.0348388 0.0460803 0.0551455 0.0611921 0.064979 0.0680245 0.0712045 0.0739775 0.0747855 0.0721495
 1.11147e-16 5.55711e-05 0.000540171 0.00358963 0.0163179 0.0507713 0.108174 0.157887 0.157904 0.108258 0.0510522 0.0171309 0.00563547 0.00502394 0.00862384 0.0143098 0.0209459 0.027068 0.0312346 0.0328279 0.0324045 0.0312275 0.0303606 0.0300513 0.029788 0.028818
 1.01389e-16 7.1671e-05 0.000696668 0.0046296 0.0210455 0.0654805 0.139513 0.203626 0.203637 0.139564 0.0656515 0.0215396 0.00586981 0.00340398 0.00521318 0.00850469 0.012244 0.0153974 0.0169643 0.0164875 0.0143222 0.0113927 0.00863691 0.0065691 0.00521419 0.0043246
 1.00658e-16 6.4443e-05 0.000626409 0.00416271 0.0189231 0.0588768 0.125444 0.183093 0.183113 0.125539 0.0591959 0.0198443 0.00647376 0.00566735 0.00962595 0.0157796 0.0226491 0.0283211 0.0308905 0.0294763 0.0247484 0.0184888 0.0125525 0.00802935 0.00508482 0.00332938
 1.02875e-16 2.83386e-05 0.000275461 0.00183054 0.0083214 0.0258913 0.0551661 0.0805281 0.0805832 0.0554354 0.0267956 0.0109335 0.00838667 0.0145858 0.0272008 0.0449078 0.064648 0.0812012 0.089243 0.0862807 0.0741122 0.0575743 0.0416476 0.0291805 0.0205396 0.0147029
 1.09033e-16 4.01065e-05 0.000389849 0.00259069 0.0117769 0.0366424 0.0780715 0.113953 0.113978 0.0781951 0.0370581 0.0129815 0.00562898 0.00707099 0.0128707 0.0215837 0.0319458 0.041954 0.0495225 0.0535806 0.0545145 0.0535288 0.0515333 0.0485612 0.0441107 0.0379169
 1.00568e-16 7.96425e-05 0.000774154 0.00514452 0.0233863 0.0727634 0.15503 0.226271 0.226274 0.155041 0.0728006 0.0234939 0.00541507 0.0013656 0.00120542 0.00187342 0.00270696 0.0034382 0.00385408 0.0038597 0.00352882 0.0030477 0.00259532 0.00225454 0.0020071 0.0017891
 1.00131e-16 7.18414e-05 0.000698324 0.00464061 0.0210955 0.0656361 0.139845 0.204111 0.204123 0.139904 0.0658345 0.0216681 0.00607638 0.00382831 0.00600358 0.00977815 0.0140007 0.0174415 0.0189018 0.017831 0.0146614 0.0105368 0.00665884 0.00374991 0.00193607 0.00096762
 1.01379e-16 3.43788e-05 0.000334174 0.00222071 0.0100951 0.0314097 0.0669237 0.097688 0.09774 0.0671781 0.0322637 0.0125609 0.00840738 0.0138295 0.025634 0.0422432 0.0606583 0.0758711 0.08279 0.0790486 0.0664219 0.0496553 0.0336927 0.0214455 0.013375 0.00847899
 1.02452e-16 6.76756e-05 0.000657831 0.00437152 0.0198723 0.0618301 0.131736 0.192275 0.192285 0.131785 0.0619952 0.0203503 0.00557554 0.00330003 0.005126 0.00847183 0.0124396 0.0161442 0.0187097 0.0196963 0.0192991 0.0181037 0.0166249 0.0150271 0.0132044 0.0110525
 1.00872e-16 6.76565e-05 0.000657645 0.00437028 0.0198667 0.0618127 0.131699 0.192222 0.192238 0.131776 0.0620698 0.020609 0.00623263 0.00472005 0.00777378 0.0127207 0.0182624 0.0228486 0.0249498 0.0238636 0.0201366 0.0152066 0.010561 0.00705952 0.0048088 0.00346757
 1.0107e-16 5.7925e-05 0.000563051 0.00374168 0.0170091 0.0529219 0.112757 0.164577 0.164603 0.112882 0.0533442 0.0182288 0.00680215 0.00724091 0.0127309 0.0209298 0.0300838 0.0377001 0.0412731 0.0396368 0.0336539 0.0256338 0.017969 0.0120486 0.00807064 0.00554138
 1.02572e-16 4.86047e-05 0.000472455 0.00313963 0.0142723 0.0444067 0.0946144 0.138099 0.138132 0.094773 0.0449392 0.0158108 0.00700282 0.00891026 0.0160863 0.0265495 0.0383142 0.0483278 0.0534937 0.0523532 0.0459168 0.0369201 0.0281425 0.0211186 0.0159877 0.0121683
 1.04573e-16 4.52003e-05 0.000439363 0.00291972 0.0132726 0.0412963 0.0879873 0.128427 0.128459 0.0881449 0.0418257 0.0148027 0.00676448 0.0088462 0.0160513 0.0265683 0.0385088 0.0489233 0.0548106 0.0547468 0.0496681 0.0421131 0.0345839 0.0283458 0.0233725 0.0190772
 1.0884e-16 2.38726e-05 0.00023205 0.00154206 0.00701 0.021811 0.0464724 0.0678382 0.0678874 0.046713 0.0226192 0.00934635 0.00741374 0.0130736 0.0244817 0.0406164 0.0589291 0.0749855 0.0842441 0.0845644 0.0773859 0.0665552 0.0558161 0.0469856 0.0398975 0.0335554
 1.07237e-16 5.80478e-05 0.000564245 0.00374961 0.0170452 0.0530339 0.112995 0.164922 0.164935 0.11306 0.0532533 0.0176812 0.00535455 0.00409606 0.00684848 0.0114469 0.0169914 0.0224304 0.0267055 0.029296 0.0304313 0.0307327 0.030609 0.0299509 0.0283347 0.025474
 1.0202e-16 6.5541e-05 0.000637082 0.00423363 0.0192455 0.0598799 0.127581 0.186212 0.186229 0.127663 0.0601542 0.0200375 0.00622129 0.00497493 0.00830044 0.0136099 0.0195799 0.0245847 0.0270175 0.0261468 0.0225546 0.0177457 0.0132495 0.00990839 0.00776391 0.00640412
 1.03346e-16 2.27102e-05 0.000220751 0.00146697 0.00666868 0.0207491 0.0442103 0.0645392 0.064601 0.0445123 0.0217628 0.00959616 0.00881377 0.0162535 0.0304557 0.0502703 0.0723099 0.0907051 0.0994703 0.0958173 0.0818056 0.0629394 0.0448999 0.0309552 0.0215308 0.0154231
 1.04471e-16 6.4009e-05 0.000622191 0.00413468 0.0187956 0.0584803 0.124599 0.181857 0.181867 0.124644 0.0586338 0.0192411 0.00526066 0.00310618 0.00485746 0.00812655 0.0121591 0.016243 0.019662 0.0220296 0.0234129 0.0240882 0.0241679 0.0234626 0.0216892 0.0187958
 1.0353e-16 4.22033e-05 0.000410231 0.00272613 0.0123926 0.0385583 0.0821541 0.119915 0.119957 0.0823583 0.0392441 0.0143728 0.00769429 0.0112484 0.0206042 0.0339405 0.0487604 0.0610543 0.0667717 0.0640638 0.054408 0.041642 0.0297075 0.0208382 0.0152346 0.0119014
 1.0606e-16 4.0616e-05 0.000394802 0.0026236 0.0119265 0.037108 0.0790638 0.115403 0.115436 0.079225 0.0376496 0.0134927 0.00656273 0.00901966 0.0164958 0.0274011 0.0399182 0.051128 0.0580354 0.0591858 0.055415 0.0490689 0.0423894 0.0364034 0.0309816 0.0256317
pSPR Fmed_Fpbrs
0.552118   0.223479 0.223479
Fs Fmed_Fpbrs
0.34   1.005 1.005
SSBpbr Bo_Bmed_Bpbrs
436829  219340  75780.8 75780.8
Ro
93251.2
SPR SPRFo_SPRFmed_SPRFpbrs
662736 365909 148108
Fref
1.005
Nvult_r0
 50242.6 13841.7 3387.49 119.808 85.6215
CTP_r0
 21500.9 6938.09 1697.97 60.0531 42.9175
YTP_r0
294056
Np
 124593 21692.8 1307.9 258.176 71.6921
Nvult_p0
 102900 18771.6 1131.78 223.41 62.038
CTP_p0
 44035.1 4212.82 831.601 203.519 8.06074
 44035.1 9409.21 567.299 111.984 31.0964
YTP_p0
 432213 514474
CBA_c0
335503
log_Ro
11.2631
likeval ReclasPelacesDesembMPH_pf_preclas_ppelaces_ptallas_desvR_qrecl_qpela
 32.5581 29.436 0.0246013 36.4688 231.052 115.39 102.228 0 22.22 0.000181118 0.000558065 0.0240071 0 0 0
q_reclas_q_pelaces
6.70764 28.2432
M
1
N
 144055 24521.8 27093 2426.51 0.149441
 95069.6 36441.2 5454.51 6026.43 539.775
 84935.7 17498.2 5287.48 791.43 952.732
 126757 15701.6 2553.9 771.718 254.564
 92032.6 21785.9 2077.95 337.983 135.818
 194031 26767 5845 557.498 127.117
 67739.7 51227.5 6305.92 1377 161.286
 23923 10644 6010.04 739.814 180.472
 23171.7 7424.63 3116.04 1759.44 269.414
 31235.9 3918.55 961.423 403.499 262.719
 55053 2217.36 158.089 38.7874 26.8777
 171136 15531.6 571.06 40.7142 16.9114
 61202.4 36304.5 2727.21 100.273 10.1186
 33634.3 12305.1 5931.43 445.573 18.0358
 72908.8 674.751 90.896 43.8146 3.4246
 206821 11658 81.0409 10.9171 5.67366
 62365.1 30182 1238.41 8.60883 1.7624
 208380 10682.3 3976.02 163.141 1.36625
 319925 26185.7 928.221 345.491 14.2947
 277351 38534.6 2149.44 76.1924 29.5327
 258043 51234.2 5618.6 313.402 15.4154
 238576 56439.7 9373.38 1027.93 60.1577
 51789.5 35370.4 6124.08 1017.07 118.065
 100368 7704.6 3855.7 667.58 123.74
 170512 13935.2 765.452 383.064 78.6177
 33426.5 28858.9 1806.47 99.2283 59.8494
 133609 5854.15 3916.95 245.187 21.5912
 85379.3 26344.7 931.752 623.424 42.4606
 60834.4 15995.6 3914.63 138.451 98.9455
pred_Ctot
 29320.6 6382.14 7051.32 631.533 0.038894
 31739.2 15014.9 2247.42 2483.07 222.404
 28222 7178.93 2169.28 324.697 390.874
 45362.5 6887.19 1120.22 338.499 111.659
 12417.8 3824.77 364.808 59.3368 23.8445
 35573 6307.83 1377.42 131.378 29.9561
 26244.4 24115.9 2968.57 648.235 75.9268
 2397.62 1399.87 790.424 97.2982 23.7352
 8419.77 3301.39 1385.56 782.343 119.796
 18048.5 2589.1 635.239 266.603 173.585
 8289.56 432.734 30.8522 7.56963 5.24537
 47872.5 5443.83 200.157 14.2704 5.92745
 18415.9 13607.9 1022.23 37.585 3.7927
 24527.7 9725.62 4688.04 352.168 14.255
 27839.1 313.577 42.2422 20.362 1.59152
 84859.4 5772.48 40.1276 5.40561 2.80932
 22391.2 13277.3 544.785 3.78709 0.775295
 94353.8 5761.52 2144.48 87.9908 0.736892
 148441 14421.8 511.218 190.279 7.87279
 92230.9 15821 882.486 31.282 12.1251
 68965.6 17215.6 1887.94 105.309 5.17985
 96748.6 27660.6 4593.8 503.779 29.4827
 20947.7 17295.4 2994.54 497.327 57.7311
 42657 3934.02 1968.75 340.871 63.1827
 61911.1 6192.12 340.13 170.215 34.9339
 11746.1 12452.9 779.509 42.818 25.8256
 41200.2 2244.04 1501.46 93.9861 8.27643
 27955.3 10665.3 377.208 252.385 17.1896
 23258.5 7442.11 1821.32 64.4158 46.0353
F
 0.374496 0.503119 0.503119 0.503119 0.503119
 0.692511 0.930357 0.930357 0.930357 0.930357
 0.688135 0.924479 0.924479 0.924479 0.924479
 0.761008 1.02238 1.02238 1.02238 1.02238
 0.234973 0.315676 0.315676 0.315676 0.315676
 0.331742 0.445681 0.445681 0.445681 0.445681
 0.850676 1.14284 1.14285 1.14285 1.14285
 0.170035 0.228435 0.228435 0.228435 0.228435
 0.777208 1.04414 1.04414 1.04414 1.04414
 1.64525 2.21032 2.21032 2.21032 2.21032
 0.26542 0.35658 0.35658 0.35658 0.35658
 0.550518 0.739596 0.739596 0.739596 0.739596
 0.60417 0.811675 0.811675 0.811675 0.811675
 2.90896 3.90805 3.90806 3.90806 3.90806
 0.833217 1.11939 1.11939 1.11939 1.11939
 0.924605 1.24217 1.24217 1.24217 1.24217
 0.764421 1.02696 1.02696 1.02696 1.02696
 1.07415 1.44307 1.44307 1.44307 1.44307
 1.11653 1.50001 1.50001 1.50001 1.50001
 0.688876 0.925475 0.925475 0.925475 0.925475
 0.519954 0.698535 0.698535 0.698535 0.698535
 0.908809 1.22094 1.22094 1.22094 1.22094
 0.905371 1.21632 1.21632 1.21632 1.21632
 0.974432 1.30911 1.30911 1.30911 1.30911
 0.776389 1.04304 1.04304 1.04304 1.04304
 0.742196 0.997107 0.997107 0.997107 0.997107
 0.623646 0.83784 0.83784 0.83784 0.83784
 0.674788 0.906547 0.906547 0.906547 0.906547
 0.834735 1.12143 1.12143 1.12143 1.12143
YTP_r0W_actual
 111804 142231 36845.9 1741.54 1433.45
YTP_p0W_proyectada
 332025 73513.7 20016.6 6374.21 284.141
 332025 164191 13654.9 3507.33 1096.15
CTP_r0_actual
 21500.9 6938.09 1697.97 60.0531 42.9175
CTP_p0_proyectada
 44035.1 4212.82 831.601 203.519 8.06074
 44035.1 9409.21 567.299 111.984 31.0964
Wmedp
 7.54 17.45 24.07 31.32 35.25
Frms_r0
 0.748071 1.005 1.005 1.005 1.005
Zrms_r0
 1.74807 2.005 2.005 2.005 2.005
nmprior
 7.29 8.9 8.7 0
nm_flota  nm_reclas  nm_pelaces    nm_pelaL
inf 8.12201 7.30342 8.91002
cv_recla  cv_pelaces  cv_mph
0.541316 0.664485 0.261494
 ------------------------------------------------
Talla a la edad & desviaci?n 
 8 13.2811 15.8009 17.003 17.5766
 0.8 1.32811 1.58009 1.7003 1.75766
