years
 1991 1992 1993 1994 1995 1996 1997 1998 1999 2000 2001 2002 2003 2004 2005 2006 2007 2008 2009 2010 2011 2012 2013 2014 2015 2016 2017 2018 2019
reclasobs
 0 0 0 0 0 0 0 0 0 252601 567819 844713 477998 351125 339783 2.1784e+06 2.13404e+06 4.81314e+06 1.55562e+06 2.62356e+06 3.21686e+06 3.843e+06 1.13348e+06 3.07943e+06 1.97215e+06 2.03268e+06 2.025e+06 2.42433e+06 2.27542e+06
reclaspred
 4.66568e+06 2.56988e+06 1.23717e+06 1.25323e+06 1.4926e+06 2.74655e+06 1.7677e+06 1.28519e+06 750328 337680 571672 1.41166e+06 1.30584e+06 186391 621914 1.83238e+06 1.96584e+06 1.53675e+06 2.21161e+06 2.8473e+06 5.56629e+06 3.10914e+06 1.52696e+06 1.44487e+06 1.39739e+06 1.30422e+06 2.64621e+06 2.22323e+06 2.07114e+06
pelacesobs
 0 0 0 0 0 0 0 0 0 0 0 0 0 0 0 552880 188675 0 991730 2.46772e+06 1.41603e+06 1.21717e+06 2.29649e+06 1.80582e+06 0 1.4828e+06 1.56532e+06 1.57751e+06 1.42118e+06
pelacespred
 441843 246463 113661 98315.2 138709 263365 142945 140930 72350.6 24878.9 58048.9 121890 115034 8074.98 59729.5 154987 160651 118282 197456 243879 490354 287860 131691 134199 118482 108705 317068 240927 189219
mphobs
 0 0 0 0 0 0 0 0 0 0 0 0 498337 0 5186 125008 0 168611 109162 213762 579715 649985 157893 87575 83554 210694 70296 0 107559
mphpred
 962757 655315 297992 168758 224122 308054 484563 215327 184218 80235.7 32889.6 154598 282388 102817 6546.11 119973 414518 238538 167478 350677 650218 699839 299916 144959 193437 218249 157675 507575 341567
desembarqueobs
 494567 514787 250237 358949 120608 361735 552515 73892 212993 205616 52469 317467 293654 387597 252695 516296 358380 742168 942051 627588 828172 859565 418607 520667 417249 300574 415391 372974 316634
desembarquepred
 494560 514340 250438 358949 120610 361719 552487 73897.8 213072 205684 52470.3 317418 293840 387970 252599 516135 358597 742190 941221 627221 828238 859841 418632 520944 417188 300598 415370 373113 316468
Reclutas
 148094 94576.1 83112.5 128584 95130.5 195668 71319.1 25314.4 24374.4 34593.1 68048.2 162606 62843.5 32181.7 76212.4 298273 40672.1 182446 394760 321653 301752 216741 48400.2 109854 172147 40877.3 224720 78434.3 125914
log_desv_Rt
 0.389266 -0.0591774 -0.188387 0.247997 -0.0533324 0.667835 -0.341419 -1.37721 -1.41505 -1.06493 -0.388366 0.482751 -0.467935 -1.13718 -0.275058 1.08943 -0.90304 0.597871 1.3697 1.16489 1.10102 0.77012 -0.729079 0.0905663 0.539766 -0.898007 0.806273 -0.246321 0.227014
SSB
 962757 655315 297992 168758 224122 308054 484563 215327 184218 80235.7 32889.6 154598 267924 98129.8 6293.25 115873 414518 238538 174594 362373 689796 799552 370265 169865 204484 251445 164571 507575 357326
BT
 1.55613e+06 1.13501e+06 524003 625308 512565 1.24658e+06 857789 496467 425272 278179 278354 705510 599738 409774 519248 1.04785e+06 706567 1.09332e+06 1.70416e+06 1.33961e+06 2.3523e+06 1.62596e+06 749904 1.0242e+06 756992 579015 1.75734e+06 1.06703e+06 832247
Ftot
 0.380374 0.70422 0.698118 0.844711 0.272695 0.403943 1.04716 0.203311 0.90278 1.64515 0.252218 0.653864 0.752651 3.66604 0.969682 0.738237 0.650647 1.31159 1.08045 0.640514 0.477216 0.902876 0.915603 0.981932 0.851306 0.769822 0.426867 0.558584 0.503506
BD_Bspro_t
 0.940955 0.628369 0.364927 0.269261 0.302792 0.423204 0.469528 0.255607 0.290849 0.182946 0.111289 0.459829 0.435061 0.180119 0.016774 0.234602 0.391778 0.252635 0.179119 0.267358 0.343929 0.366221 0.240641 0.154624 0.205946 0.268228 0.227697 0.490295 0.40555
BD_Bspro
 1.35005 0.918928 0.417866 0.236645 0.314279 0.431975 0.679489 0.301946 0.258324 0.112512 0.0461202 0.216788 0.375702 0.137605 0.00882484 0.162486 0.581267 0.334495 0.244828 0.508146 0.967281 1.12119 0.519212 0.238197 0.286742 0.352594 0.230773 0.711758 0.501068
BD_Bo
 1.52682 1.03925 0.472581 0.267631 0.355431 0.488538 0.768461 0.341483 0.292149 0.127244 0.0521591 0.245174 0.424896 0.155622 0.00998037 0.183762 0.657378 0.378294 0.276885 0.574682 1.09394 1.268 0.587198 0.269387 0.324289 0.398762 0.26099 0.804955 0.566678
BD_Brms
 9.57896 6.52006 2.96488 1.67906 2.2299 3.06498 4.82116 2.14239 1.83288 0.798305 0.327235 1.53817 2.66571 0.976343 0.0626148 1.15288 4.12425 2.37334 1.73712 3.60544 6.86313 7.95515 3.68396 1.69008 2.03452 2.50175 1.6374 5.05012 3.55522
Sel_flota
 0.809131 1 1 1 1
 0.809131 1 1 1 1
 0.809131 1 1 1 1
 0.809131 1 1 1 1
 0.809131 1 1 1 1
 0.809131 1 1 1 1
 0.809131 1 1 1 1
 0.809131 1 1 1 1
 0.809131 1 1 1 1
 0.809131 1 1 1 1
 0.809131 1 1 1 1
 0.809131 1 1 1 1
 0.809131 1 1 1 1
 0.809131 1 1 1 1
 0.809131 1 1 1 1
 0.809131 1 1 1 1
 0.809131 1 1 1 1
 0.809131 1 1 1 1
 0.809131 1 1 1 1
 0.809131 1 1 1 1
 0.809131 1 1 1 1
 0.809131 1 1 1 1
 0.809131 1 1 1 1
 0.809131 1 1 1 1
 0.809131 1 1 1 1
 0.809131 1 1 1 1
 0.809131 1 1 1 1
 0.809131 1 1 1 1
 0.809131 1 1 1 1
Sel_reclas
 0.5 1 1 1 1
 0.5 1 1 1 1
 0.5 1 1 1 1
 0.5 1 1 1 1
 0.5 1 1 1 1
 0.5 1 1 1 1
 0.5 1 1 1 1
 0.5 1 1 1 1
 0.5 1 1 1 1
 0.5 1 1 1 1
 0.5 1 1 1 1
 0.5 1 1 1 1
 0.5 1 1 1 1
 0.5 1 1 1 1
 0.5 1 1 1 1
 0.5 1 1 1 1
 0.5 1 1 1 1
 0.5 1 1 1 1
 0.5 1 1 1 1
 0.5 1 1 1 1
 0.5 1 1 1 1
 0.5 1 1 1 1
 0.5 1 1 1 1
 0.5 1 1 1 1
 0.5 1 1 1 1
 0.5 1 1 1 1
 0.5 1 1 1 1
 0.5 1 1 1 1
 0.5 1 1 1 1
Sel_pelaces
 0.5 1 1 1 1
 0.5 1 1 1 1
 0.5 1 1 1 1
 0.5 1 1 1 1
 0.5 1 1 1 1
 0.5 1 1 1 1
 0.5 1 1 1 1
 0.5 1 1 1 1
 0.5 1 1 1 1
 0.5 1 1 1 1
 0.5 1 1 1 1
 0.5 1 1 1 1
 0.5 1 1 1 1
 0.5 1 1 1 1
 0.5 1 1 1 1
 0.5 1 1 1 1
 0.5 1 1 1 1
 0.5 1 1 1 1
 0.5 1 1 1 1
 0.5 1 1 1 1
 0.5 1 1 1 1
 0.5 1 1 1 1
 0.5 1 1 1 1
 0.5 1 1 1 1
 0.5 1 1 1 1
 0.5 1 1 1 1
 0.5 1 1 1 1
 0.5 1 1 1 1
 0.5 1 1 1 1
pf_obs 
 0.8446 0.082 0.0669 0.0065 0
 0.8095 0.147 0.0364 0.0071 0
 0.9664 0.0169 0.016 0.0007 0
 0.9276 0.0648 0.0075 0.0001 0
 0.7033 0.2144 0.0806 0.0017 0
 0.9318 0.0425 0.0243 0.0014 0
 0.5671 0.3108 0.0964 0.0239 0.0018
 0.0768 0.2599 0.5324 0.112 0.0189
 0.490249 0.384438 0.106611 0.0170017 0.00170017
 0.7925 0.1577 0.0466 0.003 0.0002
 0.840416 0.127587 0.0312969 0.00059994 9.999e-05
 0.8084 0.0986 0.0794 0.0134 0.0002
 0.7335 0.1905 0.0724 0.0035 0.0001
 0.4001 0.4547 0.1325 0.0127 0
 0.49795 0.308269 0.164784 0.0264974 0.00249975
 0.9179 0.0499 0.0305 0.0017 0
 0.2467 0.6533 0.0926 0.0074 0
 0.9418 0.0223 0.034 0.0019 0
 0.707729 0.231977 0.0356964 0.0245975 0
 0.517169 0.277429 0.184464 0.0207286 0.00020938
 0.811772 0.124168 0.05621 0.00726502 0.000585176
 0.764997 0.148141 0.077277 0.00933861 0.000247198
 0.163321 0.427699 0.378323 0.0303852 0.000271297
 0.753843 0.0900009 0.118128 0.0371064 0.000921714
 0.721811 0.176058 0.0630433 0.0369309 0.00215725
 0.143369 0.312575 0.442814 0.0836902 0.0175525
 0.692698 0.0596174 0.167031 0.0765114 0.00414204
 0.394062 0.376323 0.152708 0.0712218 0.00568511
 0.125707 0.32114 0.495352 0.0537591 0.00404204
pf_pred 
 0.635716 0.147738 0.199724 0.0168217 8.32718e-07
 0.581766 0.289714 0.0521221 0.0704628 0.005935
 0.700551 0.195156 0.0722446 0.0129975 0.019051
 0.827983 0.130513 0.0270485 0.010013 0.00444188
 0.740763 0.225106 0.025896 0.00536686 0.00286809
 0.820178 0.141099 0.0336248 0.00386817 0.00123008
 0.504706 0.423602 0.0562542 0.0134057 0.0020326
 0.521625 0.28191 0.168027 0.022314 0.00612381
 0.606115 0.22833 0.0975624 0.0581504 0.00984166
 0.82933 0.116054 0.0316606 0.0135281 0.00942786
 0.936393 0.0560845 0.00511544 0.00139554 0.00101186
 0.865051 0.128109 0.00603171 0.00055015 0.000258909
 0.576588 0.379157 0.0420119 0.00197804 0.000265322
 0.610015 0.252833 0.122817 0.0136086 0.000726673
 0.988108 0.00915218 0.00177626 0.000862845 0.000100711
 0.951681 0.0479049 0.000318447 6.18046e-05 3.35266e-05
 0.354913 0.621725 0.0231618 0.000153968 4.60923e-05
 0.884887 0.048767 0.0639437 0.00238217 2.0576e-05
 0.931321 0.063065 0.00237846 0.00311866 0.000117187
 0.81038 0.180225 0.00862711 0.000325367 0.000442654
 0.753254 0.20993 0.0349912 0.00167498 0.000149114
 0.66401 0.268663 0.0572816 0.0095477 0.000497722
 0.442623 0.407906 0.11952 0.0254827 0.00446889
 0.854113 0.0763655 0.0508778 0.0149076 0.00373584
 0.878137 0.108575 0.00695551 0.00463404 0.00169807
 0.499122 0.454851 0.0410082 0.00262705 0.0023916
 0.93043 0.0399912 0.0268611 0.00242173 0.000296375
 0.516358 0.45732 0.0151309 0.0101631 0.00102841
 0.771042 0.133947 0.0898402 0.00297246 0.00219856
pobs_RECLAS
 0 0 0 0 0
 0 0 0 0 0
 0 0 0 0 0
 0 0 0 0 0
 0 0 0 0 0
 0 0 0 0 0
 0 0 0 0 0
 0 0 0 0 0
 0 0 0 0 0
 0 0 0 0 0
 0.991045 0.00858322 0.000360255 1.14367e-05 0
 0.934742 0.0480273 0.0164251 0.00080598 0
 0.827803 0.169806 0.00239088 0 0
 0.941827 0.0461693 0.0120037 0 0
 0.791401 0.0380133 0.147996 0.0225897 0
 0.846168 0.0940531 0.0597789 0 0
 0.134021 0.677848 0.182769 0.00536245 0
 0.80878 0.0450904 0.141981 0.00414843 0
 0.846168 0.0940531 0.0597789 0 0
 0.905697 0.0802665 0.012482 0.00150086 5.37128e-05
 0.989698 0.0102097 9.19794e-05 0 0
 0.975433 0.0193895 0.00387452 0.00125025 5.28907e-05
 0.303575 0.632131 0.0575291 0.00676475 0
 0.966965 0.00978017 0.0227588 0.000495775 0
 0.843318 0.132988 0.00938335 0.0141283 0.000182051
 0.564624 0.303363 0.111486 0.0197234 0.00080311
 0.826376 0.0876187 0.0782897 0.00655872 0.00115652
 0.89761 0.0855135 0.0140674 0.00269457 0.000114338
 0.34875 0.467042 0.161289 0.0227151 0.000203297
ppred_RECLAS
 0.520828 0.194331 0.262712 0.0221269 1.09534e-06
 0.46661 0.369483 0.0664734 0.089864 0.00756914
 0.595302 0.263748 0.0976367 0.0175657 0.0257469
 0.752614 0.187698 0.0388997 0.0144002 0.00638809
 0.639653 0.312904 0.0359962 0.0074601 0.00398674
 0.739758 0.204201 0.0486624 0.00559808 0.00178019
 0.393653 0.51858 0.0688672 0.0164114 0.00248833
 0.403463 0.351543 0.209531 0.0278257 0.00763643
 0.493603 0.293552 0.125431 0.0747608 0.0126529
 0.761108 0.162444 0.0443162 0.0189357 0.0131964
 0.90139 0.0869478 0.00793046 0.00216351 0.00156868
 0.800979 0.188932 0.00889544 0.000811349 0.000381833
 0.46174 0.482001 0.0534073 0.00251457 0.000337289
 0.540681 0.297783 0.144652 0.016028 0.000855864
 0.981402 0.0143128 0.00277785 0.00134938 0.000157499
 0.92538 0.0739813 0.00049179 9.54472e-05 5.17765e-05
 0.256722 0.71636 0.0266874 0.000177404 5.31082e-05
 0.832092 0.0711329 0.0932701 0.0034747 3.00127e-05
 0.896391 0.0951392 0.00358813 0.00470478 0.000176787
 0.728413 0.25813 0.0123563 0.000466013 0.000634
 0.655929 0.292734 0.048793 0.00233565 0.000207929
 0.55592 0.355093 0.0757094 0.0126193 0.000657842
 0.334784 0.486826 0.142644 0.030413 0.00533351
 0.78814 0.1109 0.0738857 0.0216491 0.00542526
 0.820001 0.160372 0.0102737 0.00684476 0.00250816
 0.385794 0.557765 0.0502866 0.00322144 0.00293272
 0.892935 0.0615442 0.0413378 0.0037269 0.000456104
 0.400591 0.566786 0.0187527 0.0125958 0.00127458
 0.677895 0.188441 0.12639 0.00418174 0.00309299
pobs_PELACES
 0 0 0 0 0
 0 0 0 0 0
 0 0 0 0 0
 0 0 0 0 0
 0 0 0 0 0
 0 0 0 0 0
 0 0 0 0 0
 0 0 0 0 0
 0 0 0 0 0
 0 0 0 0 0
 0 0 0 0 0
 0 0 0 0 0
 0 0 0 0 0
 0 0 0 0 0
 0 0 0 0 0
 0 0 0 0 0
 0.505614 0.472636 0.0217494 0 0
 0 0 0 0 0
 0.443492 0.261883 0.143347 0.151278 0
 0.227955 0.32914 0.350689 0.0885471 0.00366901
 0.970185 0.0296113 0.000203453 0 0
 0.997202 0.00247181 0.000326279 0 0
 0.445219 0.490057 0.0546422 0.010081 0
 0.90214 0.0892962 0.00764917 0.000914606 0
 0 0 0 0 0
 0.581667 0.319106 0.0959925 0.00289975 0.000334073
 0.762889 0.0836404 0.116647 0.0363945 0.000428098
 0.88444 0.0763242 0.0277011 0.0115352 0
 0.521256 0.241999 0.230069 0.00667565 0
ppred_PELACES
 0.526804 0.191908 0.259436 0.0218509 1.08168e-06
 0.477664 0.361826 0.0650958 0.0880016 0.00741227
 0.60585 0.256874 0.0950919 0.0171079 0.0250758
 0.762387 0.180283 0.0373631 0.0138314 0.00613574
 0.643602 0.309474 0.0356017 0.00737833 0.00394304
 0.744626 0.200381 0.0477521 0.00549336 0.00174689
 0.409502 0.505025 0.0670671 0.0159825 0.00242329
 0.406549 0.349725 0.208448 0.0276818 0.00759693
 0.507818 0.285312 0.12191 0.0726623 0.0122977
 0.779437 0.14998 0.0409161 0.0174829 0.012184
 0.902793 0.0857106 0.00781762 0.00213272 0.00154636
 0.807464 0.182777 0.00860563 0.000784916 0.000369393
 0.473542 0.471432 0.0522364 0.00245943 0.000329894
 0.597245 0.261112 0.126839 0.0140542 0.000750468
 0.982485 0.0134796 0.00261614 0.00127083 0.000148331
 0.928528 0.0708603 0.000471043 9.14205e-05 4.95922e-05
 0.264619 0.708749 0.0264038 0.000175519 5.25439e-05
 0.84332 0.0663763 0.0870332 0.00324235 2.80058e-05
 0.902543 0.08949 0.00337507 0.00442542 0.000166289
 0.736321 0.250615 0.0119966 0.000452445 0.000615541
 0.662681 0.28699 0.0478355 0.00228982 0.000203849
 0.569911 0.343906 0.0733241 0.0122217 0.000637116
 0.347747 0.477339 0.139864 0.0298204 0.00522957
 0.798284 0.10559 0.0703482 0.0206126 0.00516552
 0.82778 0.153441 0.00982971 0.00654894 0.00239976
 0.397345 0.547275 0.0493409 0.00316086 0.00287756
 0.895478 0.0600822 0.0403557 0.00363836 0.000445269
 0.409068 0.558771 0.0184875 0.0124176 0.00125655
 0.68478 0.184413 0.123688 0.00409235 0.00302688
pobs_pel_tallas
 0 0 0 0 0 0 0 0 0 0 0 0 0 0 0 0 0 0 0 0 0 0 0 0 0 0
 0 0 0 0 0 0 0 0 0 0 0 0 0 0 0 0 0 0 0 0 0 0 0 0 0 0
 0 0 0 0 0 0 0 0 0 0 0 0 0 0 0 0 0 0 0 0 0 0 0 0 0 0
 0 0 0 0 0 0 0 0 0 0 0 0 0 0 0 0 0 0 0 0 0 0 0 0 0 0
 0 0 0 0 0 0 0 0 0 0 0 0 0 0 0 0 0 0 0 0 0 0 0 0 0 0
 0 0 0 0 0 0 0 0 0 0 0 0 0 0 0 0 0 0 0 0 0 0 0 0 0 0
 0 0 0 0 0 0 0 0 0 0 0 0 0 0 0 0 0 0 0 0 0 0 0 0 0 0
 0 0 0 0 0 0 0 0 0 0 0 0 0 0 0 0 0 0 0 0 0 0 0 0 0 0
 0 0 0 0 0 0 0 0 0 0 0 0 0 0 0 0 0 0 0 0 0 0 0 0 0 0
 0 0 0 0 0 0 0 0 0 0 0 0 0 0 0 0 0 0 0 0 0 0 0 0 0 0
 0 0 0 0 0 0 0 0 0 0 0 0 0 0 0 0 0 0 0 0 0 0 0 0 0 0
 0 0 0 0 0 0 0 0 0 0 0 0 0 0 0 0 0 0 0 0 0 0 0 0 0 0
 0.00862536 0 0 0.000197151 0.00414017 0.0128641 0.00837892 0.0270097 0.101434 0.158115 0.152841 0.127902 0.109271 0.109419 0.0830992 0.0579132 0.0238553 0.00714673 0.00463305 0.00128148 0.00103504 0.000492878 0.000147863 0.000147863 4.92878e-05 0
 0 0 0 0 0 0 0 0 0 0 0 0 0 0 0 0 0 0 0 0 0 0 0 0 0 0
 0 0 0 0 0 0 0 0.0054083 0.00873648 0.0413646 0.0450493 0.0745869 0.0622846 0.0627006 0.0613931 0.0827291 0.12552 0.122667 0.0946155 0.0697135 0.0546179 0.0294188 0.0215738 0.0213955 0.0102223 0.00600262
 0 0 0 0 0.00359764 0.0251062 0.0480494 0.140153 0.205849 0.193036 0.1447 0.116669 0.0760912 0.0342217 0.00950174 0.001854 0.000860785 0 0 0 0.000165536 0 0.000143464 0 0 0
 0 0 0 0 0 0 0 0.000145254 0.000435761 0.0275982 0.070085 0.0708112 0.156366 0.174668 0.174014 0.160142 0.0824315 0.0480064 0.0283245 0.00493863 0.00203355 0 0 0 0 0
 0 0 0 0 0 0 0 0 0 0 0 0 0 0 0 0 0 0 0 0 0 0 0 0 0 0
 0 0 1.00437e-05 0.000401748 0.00122533 0.00171747 0.00176769 0.0269171 0.070346 0.194647 0.189555 0.159765 0.064822 0.0314167 0.0384472 0.0292271 0.0345202 0.0313363 0.0194345 0.0106764 0.0143323 0.0359363 0.0279516 0.0138201 0.00172751 0
 0 0.0021121 0.0136068 0.0755702 0.200478 0.177729 0.0527432 0.0373336 0.0318909 0.0142505 0.0149659 0.0166563 0.0217959 0.0798694 0.0677717 0.0528807 0.04013 0.0224614 0.0357745 0.0225083 0.00881397 0.00855152 0.00135912 0.000746735 0 0
 0 0 0 0 5.4009e-05 0.00500934 0.000945158 0.0243581 0.138947 0.33067 0.221406 0.137944 0.0707744 0.0437923 0.0131692 0.00525238 0.0047753 0.00276346 9.45158e-05 9.00151e-06 2.25038e-05 9.00151e-06 4.50075e-06 0 0 0
 0.000866109 0.00284123 0.00948549 0.0512746 0.133035 0.25785 0.225252 0.132002 0.0553304 0.0519788 0.0540692 0.017754 0.00435017 0.00159236 0.00146478 0.000404838 0.000125132 0.000115318 0.000107957 0.000100596 0 0 0 0 0 0
 0 0 0 0 0.00144013 0.00171154 0.00461396 0.0210425 0.0478622 0.0707936 0.0888783 0.103762 0.0637923 0.0337046 0.0602308 0.124433 0.169614 0.0934646 0.0462172 0.0250306 0.0313229 0.00938855 0.002487 0.000210481 0 0
 0 0.00764035 0.051015 0.0998891 0.058973 0.0496711 0.0374665 0.0718981 0.12319 0.153886 0.159021 0.0857701 0.0377988 0.023471 0.0147837 0.00900784 0.00315554 0.000888139 0.00291439 0.00214683 0.00393193 0.00274676 0.000635225 9.99891e-05 0 0
 0 0 0 0 0 0 0 0 0 0 0 0 0 0 0 0 0 0 0 0 0 0 0 0 0 0
 0 0 0 0 0 0 0 0 0 0 0 0 0 0 0 0 0 0 0 0 0 0 0 0 0 0
 0 0 0 0 0 0 0 0 0 0 0 0 0 0 0 0 0 0 0 0 0 0 0 0 0 0
 0 0 0 0 0 0 0 0 0 0 0 0 0 0 0 0 0 0 0 0 0 0 0 0 0 0
 0 0 0 0 0 0 0 0 0 0 0 0 0 0 0 0 0 0 0 0 0 0 0 0 0 0
ppred_pel_tallas
 1.09728e-16 4.33922e-05 0.000421788 0.00280293 0.0127417 0.0396443 0.0844671 0.123286 0.123305 0.0845594 0.0399554 0.0136448 0.00508721 0.00546605 0.00979201 0.0165584 0.0248684 0.0333908 0.0407171 0.0460713 0.0495434 0.0515872 0.0522856 0.0511214 0.0474499 0.0411894
 1.12051e-16 3.93447e-05 0.000382444 0.00254148 0.0115532 0.0359465 0.0765891 0.111791 0.111826 0.0767598 0.0365197 0.0132096 0.006702 0.00947463 0.0173371 0.0286825 0.0415218 0.0526829 0.0589895 0.0590637 0.0541671 0.0473053 0.0413136 0.0374143 0.0351082 0.0330783
 1.0877e-16 4.99031e-05 0.000485076 0.0032235 0.0146536 0.0455929 0.0971414 0.141786 0.141811 0.0972629 0.0460012 0.0158341 0.00619149 0.00698034 0.0124333 0.0206014 0.0299688 0.0383154 0.0434053 0.044213 0.0414941 0.0371699 0.0330458 0.029893 0.0274422 0.0250048
 1.0355e-16 6.27968e-05 0.000610408 0.00405637 0.0184397 0.0573728 0.12224 0.178416 0.178433 0.122325 0.0576584 0.0192647 0.00612849 0.00513759 0.0086719 0.0142667 0.0206166 0.0260783 0.0290223 0.028704 0.0256975 0.0214779 0.0175021 0.0145082 0.012445 0.010865
 1.02514e-16 5.30127e-05 0.000515303 0.00342437 0.0155667 0.048434 0.103195 0.150622 0.150652 0.10334 0.0489231 0.0169792 0.00696932 0.00825178 0.0147396 0.0242667 0.0349123 0.0438193 0.04811 0.0464552 0.0398639 0.0309988 0.0225911 0.0161851 0.0119341 0.00919815
 1.02276e-16 6.13339e-05 0.000596188 0.00396188 0.0180101 0.0560363 0.119392 0.17426 0.174279 0.119486 0.0563538 0.0189275 0.00626602 0.00563076 0.00963634 0.0158685 0.0229334 0.0290043 0.0322525 0.0318187 0.0282974 0.0232869 0.0183909 0.0144634 0.0115385 0.00924738
 1.04078e-16 3.37303e-05 0.00032787 0.00217881 0.0099046 0.0308172 0.065661 0.0958444 0.095893 0.0658988 0.0316156 0.0122107 0.00796709 0.0129625 0.0240254 0.0396553 0.0570975 0.071749 0.0789307 0.0764735 0.0659993 0.0518011 0.0382668 0.0278548 0.0207877 0.0160436
 1.10167e-16 3.3487e-05 0.000325505 0.0021631 0.00983315 0.0305948 0.0651867 0.0951489 0.0951829 0.0653527 0.0311531 0.0114489 0.006231 0.00924595 0.0170928 0.0285118 0.041784 0.0540347 0.0623016 0.0651432 0.0633438 0.0590732 0.0542582 0.0495443 0.0444956 0.0385167
 1.1296e-16 4.18284e-05 0.000406587 0.00270191 0.0122825 0.0382156 0.0814235 0.118846 0.118873 0.0815586 0.03867 0.0135968 0.00600842 0.00765017 0.0138744 0.0230723 0.0337124 0.0434233 0.0498205 0.0518439 0.050344 0.0473479 0.0446168 0.0426641 0.0408438 0.0381617
 1.05035e-16 6.42012e-05 0.000624059 0.00414709 0.0188521 0.0586559 0.124973 0.182405 0.182419 0.125044 0.0588938 0.0195398 0.00587536 0.00440323 0.00726052 0.0119522 0.017333 0.0220594 0.0248125 0.0250024 0.0231108 0.0203291 0.0177885 0.0159911 0.0147775 0.0136861
 1.00724e-16 7.43619e-05 0.000722824 0.00480342 0.0218356 0.0679388 0.144751 0.21127 0.211279 0.144792 0.0680742 0.0222266 0.00578452 0.0028635 0.00413676 0.00671305 0.00964418 0.0120881 0.0132421 0.012739 0.0108643 0.0083666 0.00601547 0.00424872 0.00311054 0.00241543
 1.00437e-16 6.65097e-05 0.000646498 0.00429621 0.01953 0.060765 0.129467 0.188965 0.188982 0.129553 0.0610535 0.0203627 0.006385 0.00520166 0.00870373 0.0142473 0.0204314 0.0255114 0.0277574 0.0263713 0.0219674 0.0161771 0.0107045 0.00656013 0.00390672 0.00238807
 1.01931e-16 3.90051e-05 0.000379144 0.00251954 0.0114535 0.0356364 0.0759287 0.11083 0.110875 0.0761506 0.0363813 0.0136047 0.00791784 0.0121589 0.0223965 0.0369256 0.0530959 0.0665675 0.0729304 0.0701282 0.0596741 0.0456234 0.0321723 0.0217511 0.0147012 0.0101594
 1.05264e-16 4.91943e-05 0.000478186 0.00317772 0.0144455 0.0449453 0.0957616 0.139772 0.139798 0.0958854 0.0453611 0.0156483 0.00620376 0.00710627 0.0127021 0.02109 0.030768 0.0395043 0.0450229 0.0462203 0.0437266 0.0392971 0.0345776 0.0302699 0.0262062 0.021983
 1.00232e-16 8.0926e-05 0.000786629 0.00522743 0.0237631 0.0739359 0.157528 0.229918 0.229919 0.157535 0.0739573 0.0238248 0.0053823 0.00112496 0.000724189 0.00107105 0.00153955 0.00194559 0.00216235 0.00213374 0.00190268 0.00157981 0.00127465 0.00104306 0.000881918 0.000758432
 1.0005e-16 7.64816e-05 0.000743428 0.00494034 0.0224581 0.0698755 0.148877 0.217292 0.217299 0.148911 0.0699872 0.0227806 0.0057491 0.00250641 0.00341722 0.00550868 0.00788192 0.00981448 0.0106279 0.0100117 0.00821025 0.00587017 0.00367165 0.00202463 0.00100196 0.000462868
 1.0097e-16 2.17965e-05 0.00021187 0.00140795 0.00640039 0.0199144 0.0424322 0.0619453 0.0620135 0.0427653 0.0210325 0.00962847 0.0095048 0.0178671 0.0334927 0.0551788 0.0791152 0.0987074 0.107244 0.101621 0.084229 0.0614261 0.039874 0.0235516 0.013139 0.00727593
 1.02859e-16 6.94632e-05 0.000675207 0.00448699 0.0203972 0.0634633 0.135215 0.197352 0.197359 0.135247 0.0635707 0.0207091 0.0052757 0.00241592 0.0034307 0.00570537 0.00854502 0.0114352 0.0138734 0.0155819 0.0165911 0.0170713 0.0170801 0.0164779 0.0150814 0.012889
 1.00593e-16 7.43413e-05 0.000722624 0.00480209 0.0218296 0.0679201 0.144711 0.211212 0.211221 0.144753 0.0680613 0.0222373 0.00582487 0.00295318 0.00430423 0.00698166 0.0100121 0.0125116 0.0136371 0.0130062 0.0109281 0.00820597 0.00566953 0.00379612 0.00263729 0.00198746
 1.0056e-16 6.06498e-05 0.000589538 0.00391769 0.0178092 0.0554113 0.118061 0.172318 0.172342 0.118178 0.0558068 0.018951 0.00678176 0.0068354 0.0119037 0.0195332 0.0280145 0.0349794 0.0380571 0.0361523 0.0301064 0.022155 0.0146353 0.00893472 0.00527989 0.00318639
 1.01718e-16 5.45842e-05 0.000530578 0.00352588 0.0160281 0.0498697 0.106254 0.155086 0.155114 0.106389 0.0503237 0.0173395 0.00681794 0.00771822 0.0137081 0.0225825 0.032539 0.0409411 0.0451272 0.0438483 0.0379892 0.0299378 0.022141 0.0159799 0.0116143 0.00854121
 1.03538e-16 4.69429e-05 0.000456302 0.00303229 0.0137844 0.0428884 0.0913796 0.133378 0.133411 0.0915418 0.0434331 0.0153579 0.00698384 0.00908849 0.0164583 0.0271793 0.0392511 0.0495709 0.0549923 0.0540406 0.047755 0.038918 0.0303318 0.0235045 0.0185113 0.0147045
 1.08034e-16 2.86436e-05 0.000278426 0.00185024 0.00841095 0.0261698 0.0557593 0.081392 0.0814381 0.0559847 0.0269271 0.0105997 0.00734996 0.0123031 0.0229208 0.0379911 0.0550606 0.0699418 0.0783569 0.0782991 0.0711533 0.0605986 0.05024 0.041864 0.0353496 0.0297321
 1.04999e-16 6.57536e-05 0.000639148 0.00424737 0.0193079 0.0600741 0.127995 0.186814 0.186824 0.128045 0.0602431 0.019797 0.0054795 0.00334397 0.00524714 0.00868725 0.0127823 0.0166526 0.0194387 0.0207384 0.0207982 0.0202421 0.0195714 0.0188614 0.0178499 0.0162545
 1.01386e-16 6.81832e-05 0.000662765 0.00440431 0.0200213 0.0622939 0.132724 0.193718 0.193733 0.132797 0.0625362 0.0207209 0.00615944 0.00449152 0.00733176 0.0119925 0.0172219 0.0215601 0.0235725 0.0226063 0.0191862 0.0146726 0.0104639 0.00735433 0.00541572 0.00429172
 1.02368e-16 3.27289e-05 0.000318137 0.00211413 0.00961058 0.0299024 0.0637121 0.0930007 0.0930534 0.0639696 0.0307668 0.0121066 0.00837704 0.0139819 0.0259585 0.0427987 0.0614976 0.0770097 0.0842044 0.0807001 0.0682868 0.0517334 0.0359852 0.0239198 0.0159452 0.0110147
 1.01621e-16 7.37594e-05 0.000716967 0.0047645 0.0216587 0.0673884 0.143578 0.209558 0.209564 0.143607 0.0674844 0.0219368 0.00546483 0.00225366 0.00301524 0.00492794 0.0072307 0.00938111 0.0108693 0.0114435 0.0112236 0.010558 0.00975064 0.00889457 0.00791696 0.0067394
 1.02135e-16 3.36945e-05 0.000327522 0.0021765 0.00989411 0.0307845 0.0655917 0.0957442 0.095798 0.0658543 0.0316661 0.0124392 0.00856036 0.0142481 0.0264261 0.0435158 0.0624061 0.077898 0.0847206 0.0804556 0.0670162 0.0494297 0.0329321 0.0206027 0.0128832 0.00859573
 1.0454e-16 5.64045e-05 0.000548272 0.00364346 0.0165626 0.0515326 0.109796 0.160255 0.160273 0.109884 0.0518274 0.0174159 0.00579237 0.005263 0.00907953 0.0151001 0.0221616 0.028727 0.0332312 0.0348902 0.0340658 0.0318302 0.0291355 0.0263024 0.0231504 0.0194761
pSPR Fmed_Fpbrs
0.54009   0.209393 0.209393
Fs Fmed_Fpbrs
0.34   1.005 1.005
SSBpbr Bo_Bmed_Bpbrs
630563  309033  100508 100508
Ro
100342
SPR SPRFo_SPRFmed_SPRFpbrs
713129 385154 149324
Fref
1.005
Nvult_r0
 105373 15889.5 10657.3 352.609 260.805
CTP_r0
 47257.7 7964.58 5341.95 176.744 130.728
YTP_r0
534426
Np
 146941 23971.3 4150.36 549.793 418.41
Nvult_p0
 122970 20743.3 3591.47 475.758 362.067
CTP_p0
 55149.7 13368.5 1770.92 1187.78 48.037
 55149.7 10397.5 1800.21 238.472 181.485
YTP_p0
 730630 654463
CBA_c0
593288
log_Ro
11.3363
likeval ReclasPelacesDesembMPH_pf_preclas_ppelaces_ptallas_desvR_qrecl_qpela
 27.8092 248.396 0.0278898 95.6684 224.446 121.548 108.538 0 24.4726 0.000108169 0 0.0429564 0 0 0
q_reclas_q_pelaces
4.35289 1
M
1
N
 148094 28649.8 38731.1 3262.11 0.161483
 94576.1 40047.9 7204.98 9740.26 820.411
 83112.5 19679.9 7285.28 1310.69 1921.14
 128584 17380.1 3601.97 1333.41 591.513
 95130.5 23881.4 2747.29 569.367 304.274
 195668 28067.3 6688.59 769.45 244.686
 71319.1 51913.3 6894.07 1642.9 249.099
 25314.4 11244.5 6702.07 890.033 244.259
 24374.4 7900.03 3375.57 2011.95 340.513
 34593.1 4319.19 1178.32 503.478 350.878
 68048.2 3361.91 306.638 83.6539 60.6545
 162606 20412.3 961.069 87.6587 41.2535
 62843.5 35243.2 3905.07 183.861 24.6621
 32181.7 12574.3 6108.13 676.802 36.14
 76212.4 609.626 118.317 57.474 6.70838
 298273 12793.3 85.0436 16.5054 8.95353
 40672.1 60381.3 2249.46 14.9532 4.47644
 182446 8838.21 11588.7 431.728 3.72905
 394760 23224.5 875.9 1148.49 43.1555
 321653 60585.2 2900.13 109.377 148.805
 301752 70471.9 11746.3 562.277 50.0563
 216741 75450.5 16086.8 2681.35 139.779
 48400.2 38403.9 11252.6 2399.17 420.74
 109854 8488.06 5655.08 1656.98 415.24
 172147 18258.6 1169.68 779.286 285.558
 40877.3 31802 2867.19 183.677 167.214
 224720 8066.25 5417.9 488.463 59.779
 78434.3 58525.6 1936.38 1300.62 131.611
 125914 18362.2 12315.8 407.48 301.39
pred_Ctot
 25427.7 5909.3 7988.66 672.842 0.0333075
 27185.7 13538.2 2435.65 3292.7 277.341
 23727.3 6609.85 2446.89 440.218 645.248
 42508.4 6700.51 1388.66 514.066 228.045
 12122.5 3683.83 423.785 87.8279 46.936
 35411.1 6091.96 1451.75 167.008 53.1087
 27554.2 23126.4 3071.17 731.878 110.969
 2460.06 1329.53 792.442 105.236 28.8808
 8465.74 3189.14 1362.67 812.198 137.46
 17833.8 2495.6 680.825 290.907 202.736
 8073.74 483.571 44.1062 12.0326 8.72443
 44068.2 6526.23 307.273 28.0262 13.1896
 19026.5 12511.6 1386.33 65.2724 8.75525
 23612 9786.48 4753.91 526.75 28.1275
 27882.2 258.254 50.1222 24.3475 2.84185
 88960.9 4478.04 29.7677 5.77735 3.13399
 10979.1 19232.9 716.506 4.76297 1.42585
 81976.1 4517.79 5923.76 220.685 1.90616
 155875 10555.2 398.083 521.969 19.6135
 85741.1 19068.4 912.778 34.425 46.8344
 63040.2 17569.2 2928.43 140.18 12.4794
 75284.5 30460.6 6494.5 1082.5 56.431
 16985.2 15653 4586.44 977.875 171.489
 40553.3 3625.83 2415.67 707.811 177.378
 57242.4 7077.61 453.403 302.075 110.691
 12593.3 11476.4 1034.68 66.2831 60.3424
 42665.7 1833.83 1231.74 111.05 13.5905
 18699.2 16561.2 547.947 368.042 37.2425
 27526.6 4781.99 3207.34 106.118 78.4898
F
 0.307772 0.380374 0.380374 0.380374 0.380374
 0.569806 0.70422 0.70422 0.70422 0.70422
 0.564868 0.698118 0.698118 0.698118 0.698118
 0.683481 0.844711 0.844711 0.844711 0.844711
 0.220646 0.272695 0.272695 0.272695 0.272695
 0.326842 0.403943 0.403943 0.403943 0.403943
 0.847288 1.04716 1.04716 1.04716 1.04716
 0.164505 0.203311 0.203311 0.203311 0.203311
 0.730467 0.90278 0.90278 0.90278 0.90278
 1.33114 1.64515 1.64515 1.64515 1.64515
 0.204077 0.252218 0.252218 0.252218 0.252218
 0.529061 0.653864 0.653864 0.653864 0.653864
 0.608993 0.752651 0.752651 0.752651 0.752651
 2.96631 3.66604 3.66604 3.66604 3.66604
 0.784599 0.969682 0.969682 0.969682 0.969682
 0.59733 0.738237 0.738237 0.738237 0.738237
 0.526458 0.650647 0.650647 0.650647 0.650647
 1.06125 1.31159 1.31159 1.31159 1.31159
 0.874228 1.08045 1.08045 1.08045 1.08045
 0.51826 0.640514 0.640514 0.640514 0.640514
 0.38613 0.477216 0.477216 0.477216 0.477216
 0.730544 0.902876 0.902876 0.902876 0.902876
 0.740843 0.915603 0.915603 0.915603 0.915603
 0.794512 0.981932 0.981932 0.981932 0.981932
 0.688818 0.851306 0.851306 0.851306 0.851306
 0.622887 0.769822 0.769822 0.769822 0.769822
 0.345391 0.426867 0.426867 0.426867 0.426867
 0.451968 0.558584 0.558584 0.558584 0.558584
 0.407402 0.503506 0.503506 0.503506 0.503506
YTP_r0W_actual
 245740 163274 115920 5125.58 4366.3
YTP_p0W_proyectada
 415829 233281 42626 37201.2 1693.3
 415829 181436 43331.1 7468.95 6397.34
CTP_r0_actual
 47257.7 7964.58 5341.95 176.744 130.728
CTP_p0_proyectada
 55149.7 13368.5 1770.92 1187.78 48.037
 55149.7 10397.5 1800.21 238.472 181.485
Wmedp
 7.54 17.45 24.07 31.32 35.25
Frms_r0
 0.813176 1.005 1.005 1.005 1.005
Zrms_r0
 1.81318 2.005 2.005 2.005 2.005
nmprior
 7.29 8.9 8.7 0
nm_flota  nm_reclas  nm_pelaces    nm_pelaL
inf 7.73624 4.16145 4.7992
cv_recla  cv_pelaces  cv_mph
0.500282 1.93027 0.423531
 ------------------------------------------------
Talla a la edad & desviaci?n 
 8 13.2811 15.8009 17.003 17.5766
 0.8 1.32811 1.58009 1.7003 1.75766
