years
 1991 1992 1993 1994 1995 1996 1997 1998 1999 2000 2001 2002 2003 2004 2005 2006 2007 2008 2009 2010 2011 2012 2013 2014 2015 2016 2017 2018 2019 2020 2021 2022 2023
reclasobs
 0 0 0 0 0 0 0 0 0 252601 567819 844713 477998 351125 339783 2.1784e+06 2.13404e+06 4.81314e+06 1.55562e+06 2.62356e+06 3.21686e+06 3.843e+06 1.13348e+06 3.07943e+06 1.97215e+06 2.03268e+06 2.025e+06 2.42433e+06 2.27542e+06 1.05018e+06 2.36338e+06 3.18982e+06 1.53035e+06
reclaspred
 4.13359e+06 2.22297e+06 1.09929e+06 1.20553e+06 1.30368e+06 2.55568e+06 1.38685e+06 1.09534e+06 688395 348992 655189 1.42894e+06 1.10415e+06 170034 701379 1.56127e+06 1.16767e+06 1.52584e+06 1.76648e+06 2.2023e+06 3.91307e+06 3.18989e+06 2.16599e+06 2.664e+06 2.48422e+06 2.16972e+06 2.40719e+06 2.59683e+06 2.35272e+06 2.50584e+06 1.53222e+06 1.08978e+06 1.32805e+06
pelacesobs
 0 0 0 0 0 0 0 0 0 0 0 0 0 0 0 552880 188675 0 991730 2.46772e+06 1.41603e+06 1.21717e+06 2.29649e+06 1.80582e+06 0 1.4828e+06 1.56532e+06 1.57751e+06 1.42118e+06 867257 1.10002e+06 1.06204e+06 0
pelacespred
 2.44794e+06 1.37415e+06 643721 571856 724759 1.45483e+06 688953 751258 406699 164116 376690 725589 604403 46988.5 374271 710259 547501 704122 831470 990768 2.04672e+06 1.72581e+06 1.24881e+06 1.63073e+06 1.41899e+06 1.28494e+06 1.64634e+06 1.5991e+06 1.35638e+06 1.61933e+06 886653 633705 694154
mphobs
 0 0 0 0 0 0 0 0 0 0 0 0 498337 0 5186 125008 0 168611 109162 213762 579715 649985 157893 87575 83554 210694 70296 0 107559 103333 445601 22526 28222
mphpred
 1.0189e+06 688690 315123 177713 219452 294305 453949 207605 181038 86577.7 38664.8 157089 285239 101535 6677.63 108522 284458 170285 168937 247119 533102 611410 130390 88598.9 113949 125859 93324.3 102989 146529 119052 107411 57275.3 32468.3
desembarqueobs
 494567 514787 250237 358949 120608 361735 552515 73892 212993 205616 52469 317467 293654 387597 252695 516296 358380 742168 942051 627588 828172 859565 418607 520667 417249 300574 415391 372974 316634 284311 391294 218835 356480
desembarquepred
 494560 514273 250464 358957 120610 361720 552488 73897.4 213066 205680 52469.4 317398 293827 388023 252591 516152 358415 742040 941161 627197 828232 859377 418627 520767 417097 300652 415401 372910 316490 284126 391690 218935 356510
Reclutas
 150904 91611.3 84133.5 126993 97156.8 197259 71997.2 26751.3 26065.7 35160.8 73028.3 170070 59426.9 29998.1 76977 255377 46074 214154 321459 308165 274509 397427 58561.4 146426 233058 50771.3 148062 164963 96069.4 133257 46303 36706.5 119698
log_desv_Rt
 0.39925 -0.0998395 -0.18499 0.226737 -0.0410687 0.667125 -0.340768 -1.33081 -1.35677 -1.05746 -0.326547 0.518817 -0.532647 -1.21626 -0.273888 0.925346 -0.787146 0.7493 1.15548 1.11324 0.99759 1.36762 -0.547318 0.369123 0.833894 -0.690064 0.380237 0.488326 -0.0523232 0.274881 -0.782188 -1.01444 0.167577
SSB
 1.12531e+06 760615 348033 196273 242371 325042 501358 229287 199945 95619.6 42702.8 173495 299208 107069 7084.14 115337 314166 188069 195732 245905 545426 663124 620353 403543 478960 565396 392481 414125 614022 466180 494534 273372 140061
BT
 1.75666e+06 1.25332e+06 586085 656267 539650 1.2751e+06 880337 526371 456082 300192 307660 752302 625604 413462 525520 922990 608837 1.14907e+06 1.47649e+06 1.15987e+06 2.04886e+06 1.87008e+06 1.09098e+06 1.57203e+06 1.25922e+06 1.01031e+06 1.5202e+06 1.3936e+06 1.05337e+06 1.28268e+06 870600 571022 789992
Ftot
 0.340416 0.632512 0.626333 0.819278 0.265294 0.407767 1.02448 0.194669 0.840455 1.47015 0.238495 0.627026 0.717524 3.6268 1.01206 0.921835 0.813592 1.28404 1.39417 0.797139 0.593015 0.743699 0.529188 0.557711 0.477218 0.385242 0.49535 0.414452 0.375334 0.326612 0.692548 0.558337 0.75668
BD_Bspro_t
 0.94699 0.662262 0.405613 0.30662 0.327025 0.444342 0.482185 0.269867 0.310528 0.211274 0.140164 0.489528 0.462555 0.192369 0.0190175 0.23378 0.331778 0.215241 0.191316 0.199728 0.294697 0.331275 0.339721 0.282942 0.358356 0.445547 0.408462 0.458698 0.53959 0.481776 0.505546 0.348811 0.305848
BD_Bspro
 1.54301 1.04295 0.477219 0.269127 0.332336 0.445693 0.687457 0.314396 0.274162 0.131112 0.0585536 0.237894 0.41027 0.146811 0.00971368 0.158148 0.430781 0.257878 0.268385 0.337182 0.747882 0.909267 0.85062 0.553334 0.656743 0.775265 0.538165 0.567843 0.841939 0.63922 0.678099 0.374845 0.19205
BD_Bo
 1.57649 1.06557 0.487571 0.274965 0.339546 0.455361 0.702369 0.321216 0.280109 0.133957 0.0598238 0.243055 0.41917 0.149996 0.0099244 0.161579 0.440125 0.263472 0.274207 0.344496 0.764105 0.928991 0.869072 0.565337 0.67099 0.792082 0.549839 0.580161 0.860203 0.653086 0.692808 0.382976 0.196216
BD_Brms
 2.86634 1.9374 0.886492 0.499936 0.617356 0.82793 1.27703 0.584029 0.509289 0.243557 0.10877 0.441918 0.762127 0.27272 0.0180444 0.29378 0.800228 0.47904 0.498557 0.626356 1.38928 1.68907 1.58013 1.02788 1.21998 1.44015 0.999708 1.05484 1.564 1.18743 1.25965 0.69632 0.356757
Sel_flota
 0.761462 1 1 1 1
 0.761462 1 1 1 1
 0.761462 1 1 1 1
 0.761462 1 1 1 1
 0.761462 1 1 1 1
 0.761462 1 1 1 1
 0.761462 1 1 1 1
 0.761462 1 1 1 1
 0.761462 1 1 1 1
 0.761462 1 1 1 1
 0.761462 1 1 1 1
 0.761462 1 1 1 1
 0.761462 1 1 1 1
 0.761462 1 1 1 1
 0.761462 1 1 1 1
 0.761462 1 1 1 1
 0.761462 1 1 1 1
 0.761462 1 1 1 1
 0.761462 1 1 1 1
 0.761462 1 1 1 1
 0.761462 1 1 1 1
 0.761462 1 1 1 1
 0.761462 1 1 1 1
 0.761462 1 1 1 1
 0.761462 1 1 1 1
 0.761462 1 1 1 1
 0.761462 1 1 1 1
 0.761462 1 1 1 1
 0.761462 1 1 1 1
 0.761462 1 1 1 1
 0.761462 1 1 1 1
 0.761462 1 1 1 1
 0.761462 1 1 1 1
Sel_reclas
 0.794791 0.9512 0.989909 0.997978 0.999598
 0.794791 0.9512 0.989909 0.997978 0.999598
 0.794791 0.9512 0.989909 0.997978 0.999598
 0.794791 0.9512 0.989909 0.997978 0.999598
 0.794791 0.9512 0.989909 0.997978 0.999598
 0.794791 0.9512 0.989909 0.997978 0.999598
 0.794791 0.9512 0.989909 0.997978 0.999598
 0.794791 0.9512 0.989909 0.997978 0.999598
 0.794791 0.9512 0.989909 0.997978 0.999598
 0.794791 0.9512 0.989909 0.997978 0.999598
 0.794791 0.9512 0.989909 0.997978 0.999598
 0.794791 0.9512 0.989909 0.997978 0.999598
 0.794791 0.9512 0.989909 0.997978 0.999598
 0.794791 0.9512 0.989909 0.997978 0.999598
 0.794791 0.9512 0.989909 0.997978 0.999598
 0.794791 0.9512 0.989909 0.997978 0.999598
 0.794791 0.9512 0.989909 0.997978 0.999598
 0.794791 0.9512 0.989909 0.997978 0.999598
 0.794791 0.9512 0.989909 0.997978 0.999598
 0.794791 0.9512 0.989909 0.997978 0.999598
 0.794791 0.9512 0.989909 0.997978 0.999598
 0.794791 0.9512 0.989909 0.997978 0.999598
 0.794791 0.9512 0.989909 0.997978 0.999598
 0.794791 0.9512 0.989909 0.997978 0.999598
 0.794791 0.9512 0.989909 0.997978 0.999598
 0.794791 0.9512 0.989909 0.997978 0.999598
 0.794791 0.9512 0.989909 0.997978 0.999598
 0.794791 0.9512 0.989909 0.997978 0.999598
 0.794791 0.9512 0.989909 0.997978 0.999598
 0.794791 0.9512 0.989909 0.997978 0.999598
 0.794791 0.9512 0.989909 0.997978 0.999598
 0.794791 0.9512 0.989909 0.997978 0.999598
 0.794791 0.9512 0.989909 0.997978 0.999598
Sel_pelaces
 0.666813 0.909681 0.980653 0.996095 0.999222
 0.666813 0.909681 0.980653 0.996095 0.999222
 0.666813 0.909681 0.980653 0.996095 0.999222
 0.666813 0.909681 0.980653 0.996095 0.999222
 0.666813 0.909681 0.980653 0.996095 0.999222
 0.666813 0.909681 0.980653 0.996095 0.999222
 0.666813 0.909681 0.980653 0.996095 0.999222
 0.666813 0.909681 0.980653 0.996095 0.999222
 0.666813 0.909681 0.980653 0.996095 0.999222
 0.666813 0.909681 0.980653 0.996095 0.999222
 0.666813 0.909681 0.980653 0.996095 0.999222
 0.666813 0.909681 0.980653 0.996095 0.999222
 0.666813 0.909681 0.980653 0.996095 0.999222
 0.666813 0.909681 0.980653 0.996095 0.999222
 0.666813 0.909681 0.980653 0.996095 0.999222
 0.666813 0.909681 0.980653 0.996095 0.999222
 0.666813 0.909681 0.980653 0.996095 0.999222
 0.666813 0.909681 0.980653 0.996095 0.999222
 0.666813 0.909681 0.980653 0.996095 0.999222
 0.666813 0.909681 0.980653 0.996095 0.999222
 0.666813 0.909681 0.980653 0.996095 0.999222
 0.666813 0.909681 0.980653 0.996095 0.999222
 0.666813 0.909681 0.980653 0.996095 0.999222
 0.666813 0.909681 0.980653 0.996095 0.999222
 0.666813 0.909681 0.980653 0.996095 0.999222
 0.666813 0.909681 0.980653 0.996095 0.999222
 0.666813 0.909681 0.980653 0.996095 0.999222
 0.666813 0.909681 0.980653 0.996095 0.999222
 0.666813 0.909681 0.980653 0.996095 0.999222
 0.666813 0.909681 0.980653 0.996095 0.999222
 0.666813 0.909681 0.980653 0.996095 0.999222
 0.666813 0.909681 0.980653 0.996095 0.999222
 0.666813 0.909681 0.980653 0.996095 0.999222
pf_obs 
 0.8446 0.082 0.0669 0.0065 0
 0.8095 0.147 0.0364 0.0071 0
 0.9664 0.0169 0.016 0.0007 0
 0.9276 0.0648 0.0075 0.0001 0
 0.7033 0.2144 0.0806 0.0017 0
 0.9318 0.0425 0.0243 0.0014 0
 0.5671 0.3108 0.0964 0.0239 0.0018
 0.0768 0.2599 0.5324 0.112 0.0189
 0.490249 0.384438 0.106611 0.0170017 0.00170017
 0.7925 0.1577 0.0466 0.003 0.0002
 0.840416 0.127587 0.0312969 0.00059994 9.999e-05
 0.8084 0.0986 0.0794 0.0134 0.0002
 0.7335 0.1905 0.0724 0.0035 0.0001
 0.4001 0.4547 0.1325 0.0127 0
 0.49795 0.308269 0.164784 0.0264974 0.00249975
 0.9179 0.0499 0.0305 0.0017 0
 0.2467 0.6533 0.0926 0.0074 0
 0.9418 0.0223 0.034 0.0019 0
 0.707729 0.231977 0.0356964 0.0245975 0
 0.517169 0.277429 0.184464 0.0207286 0.00020938
 0.811772 0.124168 0.05621 0.00726502 0.000585176
 0.764997 0.148141 0.077277 0.00933861 0.000247198
 0.163321 0.427699 0.378323 0.0303852 0.000271297
 0.753843 0.0900009 0.118128 0.0371064 0.000921714
 0.721811 0.176058 0.0630433 0.0369309 0.00215725
 0.143369 0.312575 0.442814 0.0836902 0.0175525
 0.692698 0.0596174 0.167031 0.0765114 0.00414204
 0.394062 0.376323 0.152708 0.0712218 0.00568511
 0.125707 0.32114 0.495352 0.0537591 0.00404204
 0.23352 0.215282 0.420074 0.123614 0.00750983
 0.796117 0.104755 0.0508955 0.0450114 0.00322123
 0.162477 0.292055 0.404252 0.121198 0.0200186
 0 0 0 0 0
pf_pred 
 0.59714 0.149772 0.233865 0.0192227 8.2252e-07
 0.536451 0.311299 0.0566018 0.0883825 0.00726499
 0.670587 0.206039 0.0828526 0.0150646 0.0254567
 0.801213 0.148267 0.031599 0.0127066 0.0062145
 0.722028 0.238231 0.0296409 0.00631715 0.00378264
 0.806439 0.150957 0.036513 0.00454299 0.00154797
 0.489198 0.435749 0.0585332 0.0141578 0.00236175
 0.504628 0.295151 0.170802 0.0229434 0.00647523
 0.592871 0.235729 0.102124 0.0590981 0.010179
 0.802469 0.135285 0.0360402 0.0156135 0.0105917
 0.921493 0.0683939 0.00692619 0.00184515 0.00134163
 0.851929 0.139334 0.00761106 0.000770765 0.000354633
 0.525712 0.423265 0.0480124 0.00262266 0.000387795
 0.575213 0.262745 0.144609 0.0164035 0.00102853
 0.986126 0.010778 0.00191481 0.00105387 0.00012704
 0.940848 0.0586147 0.000417084 7.40992e-05 4.56988e-05
 0.437029 0.540509 0.0222589 0.000158387 4.54932e-05
 0.913856 0.0461424 0.0384059 0.00158161 1.44867e-05
 0.896937 0.0973632 0.0030532 0.00254128 0.000105612
 0.85177 0.138536 0.00915816 0.00028719 0.000248971
 0.761557 0.213385 0.0234196 0.0015482 9.06385e-05
 0.804849 0.16018 0.0312963 0.00343487 0.000240361
 0.32614 0.578396 0.0783567 0.0153095 0.00179785
 0.768387 0.0943341 0.117831 0.0159628 0.00348511
 0.812916 0.154442 0.013295 0.0166065 0.00274089
 0.366224 0.544761 0.0734839 0.00632579 0.00920552
 0.790399 0.0933171 0.0999512 0.0134826 0.00284964
 0.746346 0.213557 0.0178517 0.0191208 0.00312438
 0.579203 0.33836 0.0694056 0.00580175 0.00722963
 0.721121 0.183002 0.0770941 0.0158138 0.00296915
 0.433611 0.442168 0.0815139 0.0343397 0.00836644
 0.606634 0.207415 0.145168 0.0267618 0.0140208
 0.883518 0.0800764 0.019196 0.0134351 0.00377437
pobs_RECLAS
 0 0 0 0 0
 0 0 0 0 0
 0 0 0 0 0
 0 0 0 0 0
 0 0 0 0 0
 0 0 0 0 0
 0 0 0 0 0
 0 0 0 0 0
 0 0 0 0 0
 0 0 0 0 0
 0.991045 0.00858322 0.000360255 1.14367e-05 0
 0.934742 0.0480273 0.0164251 0.00080598 0
 0.827803 0.169806 0.00239088 0 0
 0.941827 0.0461693 0.0120037 0 0
 0.791401 0.0380133 0.147996 0.0225897 0
 0.846168 0.0940531 0.0597789 0 0
 0.134021 0.677848 0.182769 0.00536245 0
 0.80878 0.0450904 0.141981 0.00414843 0
 0.846168 0.0940531 0.0597789 0 0
 0.905697 0.0802665 0.012482 0.00150086 5.37128e-05
 0.989698 0.0102097 9.19794e-05 0 0
 0.975433 0.0193895 0.00387452 0.00125025 5.28907e-05
 0.303575 0.632131 0.0575291 0.00676475 0
 0.966965 0.00978017 0.0227588 0.000495775 0
 0.843318 0.132988 0.00938335 0.0141283 0.000182051
 0.564624 0.303363 0.111486 0.0197234 0.00080311
 0.826376 0.0876187 0.0782897 0.00655872 0.00115652
 0.89761 0.0855135 0.0140674 0.00269457 0.000114338
 0.34875 0.467042 0.161289 0.0227151 0.000203297
 0.318654 0.224769 0.449479 0.00709798 0
 0.937255 0.0296025 0.0250945 0.00804832 0
 0.456809 0.399803 0.12412 0.0192676 0
 0.883104 0.0372192 0.0704036 0.00927362 0
ppred_RECLAS
 0.61523 0.139425 0.226569 0.0187749 8.0466e-07
 0.560387 0.290821 0.0550303 0.0866291 0.00713242
 0.691259 0.18999 0.0795082 0.0145744 0.0246682
 0.817927 0.134296 0.0297863 0.0120753 0.00591535
 0.74032 0.221195 0.0286412 0.00615385 0.00369084
 0.820745 0.138521 0.0348684 0.00437373 0.00149271
 0.519988 0.406936 0.0568872 0.0138719 0.00231781
 0.524726 0.278451 0.167695 0.0227097 0.00641966
 0.617268 0.217552 0.0980845 0.0572234 0.00987207
 0.823833 0.118983 0.0329873 0.0144074 0.00978935
 0.927954 0.0624147 0.0065779 0.00176665 0.00128663
 0.86516 0.126571 0.00719525 0.000734597 0.00033854
 0.553219 0.396957 0.0468606 0.00258061 0.000382197
 0.650109 0.213037 0.122023 0.0139543 0.000876374
 0.987664 0.00949002 0.00175461 0.000973572 0.000117551
 0.947383 0.0521189 0.000385953 6.91276e-05 4.27018e-05
 0.466176 0.511692 0.0219297 0.000157317 4.52591e-05
 0.923176 0.0403807 0.034978 0.00145219 1.33229e-05
 0.9098 0.0850013 0.00277402 0.00232773 9.68941e-05
 0.865818 0.12507 0.00860441 0.000272024 0.000236207
 0.780239 0.195817 0.0223661 0.0014906 8.74081e-05
 0.821382 0.145525 0.0295901 0.00327408 0.000229481
 0.348896 0.555539 0.078323 0.0154277 0.00181466
 0.783044 0.0862214 0.11208 0.0153075 0.00334747
 0.827356 0.141389 0.0126667 0.0159506 0.00263692
 0.388992 0.522085 0.0732911 0.00636062 0.00927122
 0.803906 0.0853192 0.0951037 0.0129333 0.00273797
 0.764197 0.19711 0.0171473 0.0185161 0.00303048
 0.601996 0.317409 0.0677577 0.00571017 0.00712706
 0.738186 0.169335 0.0742395 0.0153524 0.0028872
 0.459453 0.417986 0.0801917 0.0340581 0.00831129
 0.627627 0.192463 0.140185 0.0260538 0.013672
 0.893699 0.0720669 0.017979 0.0126859 0.00356968
pobs_PELACES
 0 0 0 0 0
 0 0 0 0 0
 0 0 0 0 0
 0 0 0 0 0
 0 0 0 0 0
 0 0 0 0 0
 0 0 0 0 0
 0 0 0 0 0
 0 0 0 0 0
 0 0 0 0 0
 0 0 0 0 0
 0 0 0 0 0
 0 0 0 0 0
 0 0 0 0 0
 0 0 0 0 0
 0 0 0 0 0
 0.505614 0.472636 0.0217494 0 0
 0 0 0 0 0
 0.443492 0.261883 0.143347 0.151278 0
 0.227955 0.32914 0.350689 0.0885471 0.00366901
 0.970185 0.0296113 0.000203453 0 0
 0.997202 0.00247181 0.000326279 0 0
 0.445219 0.490057 0.0546422 0.010081 0
 0.90214 0.0892962 0.00764917 0.000914606 0
 0 0 0 0 0
 0.581667 0.319106 0.0959925 0.00289975 0.000334073
 0.762889 0.0836404 0.116647 0.0363945 0.000428098
 0.88444 0.0763242 0.0277011 0.0115352 0
 0.521256 0.241999 0.230069 0.00667565 0
 0.616807 0.101726 0.260614 0.0208532 0
 0.833518 0.0704572 0.0857862 0.0102388 0
 0.697417 0.212968 0.0787535 0.0105354 0.000325836
 0 0 0 0 0
ppred_PELACES
 0.584731 0.147058 0.247543 0.0206674 8.87112e-07
 0.536895 0.302183 0.059231 0.0939442 0.00774641
 0.670307 0.199903 0.0866566 0.0160044 0.0271296
 0.806236 0.141472 0.0325031 0.013276 0.00651336
 0.717472 0.239308 0.0320979 0.00694851 0.00417375
 0.804424 0.149871 0.0390785 0.00493875 0.0016881
 0.505996 0.416411 0.0602995 0.0148147 0.00247909
 0.492034 0.293104 0.18285 0.0249486 0.00706325
 0.597832 0.224804 0.104989 0.0617129 0.0106627
 0.819742 0.120207 0.0345219 0.0151912 0.0103376
 0.919707 0.0692026 0.00755485 0.00204432 0.00149111
 0.855076 0.135729 0.00799259 0.000822148 0.000379462
 0.533745 0.412588 0.0504527 0.00279935 0.000415221
 0.681313 0.191291 0.113496 0.013077 0.000822522
 0.986909 0.00998164 0.0019117 0.00106872 0.000129235
 0.944378 0.0550766 0.000422483 7.62404e-05 4.71669e-05
 0.449204 0.527174 0.0234036 0.000169155 4.87384e-05
 0.919784 0.041452 0.0371936 0.0015558 1.42951e-05
 0.907855 0.0866364 0.00292878 0.00247611 0.000103227
 0.857395 0.132593 0.00944916 0.000300981 0.000261746
 0.76474 0.208799 0.0247042 0.00165883 9.74205e-05
 0.809469 0.154182 0.0324747 0.00362033 0.000254134
 0.327693 0.570507 0.0833179 0.0165352 0.00194787
 0.763938 0.0917672 0.123567 0.0170035 0.00372398
 0.812495 0.152439 0.0141464 0.0179481 0.00297163
 0.364104 0.540409 0.0785842 0.00687136 0.0100308
 0.78554 0.0913991 0.105535 0.01446 0.0030658
 0.744771 0.211945 0.0190991 0.0207791 0.00340601
 0.575635 0.335898 0.0742763 0.00630667 0.00788348
 0.714673 0.182133 0.0827142 0.0172338 0.00324592
 0.43839 0.430499 0.0855544 0.0366094 0.00894742
 0.602767 0.201638 0.152135 0.0284878 0.014972
 0.885441 0.0766836 0.0198168 0.014088 0.00397022
pobs_pel_tallas
 0 0 0 0 0 0 0 0 0 0 0 0 0 0 0 0 0 0 0 0 0 0 0 0 0 0
 0 0 0 0 0 0 0 0 0 0 0 0 0 0 0 0 0 0 0 0 0 0 0 0 0 0
 0 0 0 0 0 0 0 0 0 0 0 0 0 0 0 0 0 0 0 0 0 0 0 0 0 0
 0 0 0 0 0 0 0 0 0 0 0 0 0 0 0 0 0 0 0 0 0 0 0 0 0 0
 0 0 0 0 0 0 0 0 0 0 0 0 0 0 0 0 0 0 0 0 0 0 0 0 0 0
 0 0 0 0 0 0 0 0 0 0 0 0 0 0 0 0 0 0 0 0 0 0 0 0 0 0
 0 0 0 0 0 0 0 0 0 0 0 0 0 0 0 0 0 0 0 0 0 0 0 0 0 0
 0 0 0 0 0 0 0 0 0 0 0 0 0 0 0 0 0 0 0 0 0 0 0 0 0 0
 0 0 0 0 0 0 0 0 0 0 0 0 0 0 0 0 0 0 0 0 0 0 0 0 0 0
 0 0 0 0 0 0 0 0 0 0 0 0 0 0 0 0 0 0 0 0 0 0 0 0 0 0
 0 0 0 0 0 0 0 0 0 0 0 0 0 0 0 0 0 0 0 0 0 0 0 0 0 0
 0 0 0 0 0 0 0 0 0 0 0 0 0 0 0 0 0 0 0 0 0 0 0 0 0 0
 0.00862536 0 0 0.000197151 0.00414017 0.0128641 0.00837892 0.0270097 0.101434 0.158115 0.152841 0.127902 0.109271 0.109419 0.0830992 0.0579132 0.0238553 0.00714673 0.00463305 0.00128148 0.00103504 0.000492878 0.000147863 0.000147863 4.92878e-05 0
 0 0 0 0 0 0 0 0 0 0 0 0 0 0 0 0 0 0 0 0 0 0 0 0 0 0
 0 0 0 0 0 0 0 0.0054083 0.00873648 0.0413646 0.0450493 0.0745869 0.0622846 0.0627006 0.0613931 0.0827291 0.12552 0.122667 0.0946155 0.0697135 0.0546179 0.0294188 0.0215738 0.0213955 0.0102223 0.00600262
 0 0 0 0 0.00359764 0.0251062 0.0480494 0.140153 0.205849 0.193036 0.1447 0.116669 0.0760912 0.0342217 0.00950174 0.001854 0.000860785 0 0 0 0.000165536 0 0.000143464 0 0 0
 0 0 0 0 0 0 0 0.000145254 0.000435761 0.0275982 0.070085 0.0708112 0.156366 0.174668 0.174014 0.160142 0.0824315 0.0480064 0.0283245 0.00493863 0.00203355 0 0 0 0 0
 0 0 0 0 0 0 0 0 0 0 0 0 0 0 0 0 0 0 0 0 0 0 0 0 0 0
 0 0 1.00437e-05 0.000401748 0.00122533 0.00171747 0.00176769 0.0269171 0.070346 0.194647 0.189555 0.159765 0.064822 0.0314167 0.0384472 0.0292271 0.0345202 0.0313363 0.0194345 0.0106764 0.0143323 0.0359363 0.0279516 0.0138201 0.00172751 0
 0 0.0021121 0.0136068 0.0755702 0.200478 0.177729 0.0527432 0.0373336 0.0318909 0.0142505 0.0149659 0.0166563 0.0217959 0.0798694 0.0677717 0.0528807 0.04013 0.0224614 0.0357745 0.0225083 0.00881397 0.00855152 0.00135912 0.000746735 0 0
 0 0 0 0 5.4009e-05 0.00500934 0.000945158 0.0243581 0.138947 0.33067 0.221406 0.137944 0.0707744 0.0437923 0.0131692 0.00525238 0.0047753 0.00276346 9.45158e-05 9.00151e-06 2.25038e-05 9.00151e-06 4.50075e-06 0 0 0
 0.000866109 0.00284123 0.00948549 0.0512746 0.133035 0.25785 0.225252 0.132002 0.0553304 0.0519788 0.0540692 0.017754 0.00435017 0.00159236 0.00146478 0.000404838 0.000125132 0.000115318 0.000107957 0.000100596 0 0 0 0 0 0
 0 0 0 0 0.00144013 0.00171154 0.00461396 0.0210425 0.0478622 0.0707936 0.0888783 0.103762 0.0637923 0.0337046 0.0602308 0.124433 0.169614 0.0934646 0.0462172 0.0250306 0.0313229 0.00938855 0.002487 0.000210481 0 0
 0 0.00764035 0.051015 0.0998891 0.058973 0.0496711 0.0374665 0.0718981 0.12319 0.153886 0.159021 0.0857701 0.0377988 0.023471 0.0147837 0.00900784 0.00315554 0.000888139 0.00291439 0.00214683 0.00393193 0.00274676 0.000635225 9.99891e-05 0 0
 0 0 0 0 0 0 0 0 0 0 0 0 0 0 0 0 0 0 0 0 0 0 0 0 0 0
 0 0 0 0 0 0 0 0 0 0 0 0 0 0 0 0 0 0 0 0 0 0 0 0 0 0
 0 0 0 0 0 0 0 0 0 0 0 0 0 0 0 0 0 0 0 0 0 0 0 0 0 0
 0 0 0 0 0 0 0 0 0 0 0 0 0 0 0 0 0 0 0 0 0 0 0 0 0 0
 0 0 0 0 0 0 0 0 0 0 0 0 0 0 0 0 0 0 0 0 0 0 0 0 0 0
 0 0 0 0 0 0 0 0 0 0 0 0 0 0 0 0 0 0 0 0 0 0 0 0 0 0
 0 0 0 0 0 0 0 0 0 0 0 0 0 0 0 0 0 0 0 0 0 0 0 0 0 0
 0 0 0 0 0 0 0 0 0 0 0 0 0 0 0 0 0 0 0 0 0 0 0 0 0 0
 0 0 0 0 0 0 0 0 0 0 0 0 0 0 0 0 0 0 0 0 0 0 0 0 0 0
ppred_pel_tallas
 1.09254e-16 4.81635e-05 0.000468167 0.00311113 0.0141428 0.0440035 0.0937546 0.136841 0.136855 0.0938258 0.0442434 0.0148404 0.00487929 0.00438444 0.00765072 0.0130011 0.0197209 0.0268716 0.0334515 0.0388779 0.0431117 0.0462557 0.0480418 0.0477668 0.0447793 0.0390736
 1.12519e-16 4.42234e-05 0.000429867 0.00285662 0.0129858 0.0404038 0.0860856 0.125651 0.12568 0.0862282 0.0408828 0.0143703 0.00633505 0.00803436 0.0145206 0.0240296 0.0348458 0.0443485 0.049932 0.0504927 0.0471101 0.0422742 0.0382686 0.035968 0.0347786 0.0334445
 1.08748e-16 5.52123e-05 0.000536683 0.00356645 0.0162126 0.0504435 0.107476 0.156868 0.156888 0.10757 0.0507616 0.0171329 0.00588135 0.00560636 0.00973149 0.0161276 0.023527 0.0302233 0.0345121 0.0356189 0.0341256 0.0314778 0.0289898 0.0271494 0.0256444 0.023874
 1.03408e-16 6.64086e-05 0.000645515 0.00428968 0.0195003 0.0606726 0.12927 0.188676 0.18869 0.129337 0.0608968 0.0201481 0.00591716 0.00420231 0.00683333 0.0112236 0.0162376 0.020583 0.022992 0.0228896 0.0207268 0.0176487 0.0147711 0.012636 0.0111656 0.00998151
 1.02391e-16 5.90973e-05 0.000574447 0.0038174 0.0173534 0.0539929 0.115038 0.167907 0.16793 0.115151 0.0543712 0.0184462 0.00656041 0.00656205 0.0114294 0.0187985 0.0270668 0.0340219 0.0374481 0.0363233 0.0314216 0.0247813 0.0184809 0.0136777 0.0104613 0.00832616
 1.01948e-16 6.62594e-05 0.000644065 0.00428004 0.0194564 0.0605363 0.128979 0.188252 0.188267 0.12905 0.0607738 0.020143 0.00600466 0.00441329 0.00723743 0.0118931 0.0172024 0.0217904 0.0242952 0.024077 0.0215748 0.0179679 0.0144314 0.0115785 0.00941726 0.00766829
 1.03752e-16 4.16783e-05 0.000405128 0.00269222 0.0122385 0.0380786 0.081132 0.118423 0.118463 0.0813281 0.0387371 0.0141405 0.00746681 0.0108284 0.0198384 0.0327333 0.0471547 0.0593078 0.065345 0.0634826 0.0550501 0.0435631 0.0326024 0.0241552 0.0183764 0.0144161
 1.09049e-16 4.05282e-05 0.000393949 0.00261793 0.0119007 0.0370278 0.0788927 0.115152 0.115181 0.0790319 0.037496 0.0132559 0.00603034 0.0078791 0.0143612 0.0239518 0.0351378 0.0455177 0.0526245 0.0552558 0.0540545 0.0507995 0.0470472 0.0432793 0.0390914 0.0339798
 1.11081e-16 4.92427e-05 0.000478656 0.00318084 0.0144597 0.0449895 0.0958556 0.139909 0.13993 0.0959622 0.0453478 0.0154963 0.00578976 0.00619658 0.0109759 0.0182463 0.0267057 0.0344958 0.0397597 0.0416745 0.040899 0.0389874 0.0372573 0.0360332 0.0347428 0.0325769
 1.043e-16 6.75211e-05 0.000656329 0.00436154 0.0198269 0.061689 0.131435 0.191836 0.191848 0.131492 0.0618798 0.0203784 0.00574748 0.00368748 0.00584107 0.00959457 0.0139226 0.0177409 0.0199969 0.0202219 0.0188012 0.016682 0.0147567 0.0134092 0.0124947 0.0116325
 1.00694e-16 7.57551e-05 0.000736366 0.00489341 0.0222447 0.0692117 0.147463 0.215228 0.215235 0.147496 0.0693211 0.0225606 0.00568604 0.00246615 0.0033594 0.00542992 0.00780554 0.00979674 0.0107573 0.0103921 0.00892975 0.00696889 0.00512192 0.00373249 0.00282902 0.00225941
 1.00413e-16 7.04315e-05 0.00068462 0.00454954 0.0206816 0.064348 0.137101 0.200105 0.200118 0.137165 0.0645623 0.0213001 0.00610127 0.00406899 0.00648889 0.0105921 0.0151951 0.0189889 0.0206904 0.019708 0.0164946 0.0122538 0.00823995 0.00519244 0.00322541 0.00207448
 1.01913e-16 4.39639e-05 0.000427345 0.00283986 0.0129096 0.0401668 0.0855811 0.124916 0.124956 0.0857754 0.0408189 0.0147928 0.0075661 0.0107418 0.0196239 0.0323482 0.0465347 0.058387 0.0640533 0.0617358 0.0527492 0.0406188 0.0289844 0.0199412 0.0137698 0.0097172
 1.04775e-16 5.61189e-05 0.000545496 0.00362501 0.0164788 0.0512717 0.10924 0.159444 0.159462 0.109331 0.051577 0.0173624 0.0058495 0.00542308 0.00938248 0.0155861 0.0228275 0.0294968 0.0339613 0.0354204 0.0342925 0.031761 0.0288885 0.0260528 0.023054 0.0196101
 1.00187e-16 8.12904e-05 0.000790171 0.00525097 0.0238701 0.0742688 0.158238 0.230953 0.230954 0.158242 0.0742846 0.0239158 0.00536565 0.00104072 0.000557669 0.000794738 0.00114045 0.00144153 0.00160303 0.00158365 0.00141549 0.00118066 0.000960087 0.000794533 0.000680652 0.000593013
 1.00042e-16 7.77871e-05 0.000756119 0.00502467 0.0228414 0.0710682 0.151419 0.221001 0.221006 0.151444 0.0711551 0.0230921 0.00565331 0.00212646 0.00267455 0.00428331 0.00612713 0.00762992 0.00826333 0.00778606 0.0063879 0.00457119 0.00286422 0.00158524 0.000790629 0.000370954
 1.00836e-16 3.70005e-05 0.000359658 0.00239005 0.0108649 0.0338049 0.0720268 0.105136 0.105187 0.0722746 0.0346368 0.0132664 0.00841392 0.0134957 0.024943 0.0410675 0.0588968 0.073516 0.0799375 0.0758528 0.0630316 0.0461837 0.0302394 0.018136 0.0103692 0.00593336
 1.01243e-16 7.57614e-05 0.000736428 0.00489382 0.0222466 0.0692175 0.147475 0.215245 0.215249 0.147495 0.069284 0.0224395 0.00538022 0.00180585 0.00212902 0.00345751 0.00510698 0.00669865 0.00789072 0.00850735 0.0086071 0.00838261 0.00798427 0.00742785 0.00664753 0.00561545
 1.00373e-16 7.47789e-05 0.000726877 0.00483036 0.0219581 0.0683198 0.145563 0.212455 0.212463 0.145604 0.0684565 0.0223527 0.00582023 0.00288544 0.00416743 0.00675334 0.0096794 0.0120847 0.0131487 0.0124972 0.0104274 0.00771831 0.00517997 0.00328666 0.00210318 0.00144374
 1.00382e-16 7.06225e-05 0.000686476 0.00456187 0.0207376 0.0645225 0.137473 0.200648 0.200661 0.137535 0.0647319 0.0213421 0.00607828 0.00399416 0.00634467 0.0103565 0.014863 0.0185859 0.0202733 0.0193456 0.0162408 0.0121258 0.00821662 0.00522901 0.00327465 0.00210286
 1.0095e-16 6.29907e-05 0.000612292 0.0040689 0.0184966 0.05755 0.122617 0.178967 0.178988 0.122715 0.05788 0.0194496 0.00646043 0.00583133 0.00996977 0.0163685 0.0235399 0.0295286 0.0323821 0.0311905 0.0266213 0.0204625 0.0145609 0.00998077 0.00686513 0.00483071
 1.01383e-16 6.66749e-05 0.000648104 0.00430688 0.0195785 0.0609159 0.129788 0.189433 0.189448 0.129861 0.06116 0.0202838 0.00607815 0.0045172 0.00742177 0.0121821 0.0175831 0.0221941 0.0245975 0.0241282 0.0212497 0.0172115 0.013277 0.0101352 0.00783503 0.0060994
 1.04539e-16 2.69917e-05 0.000262369 0.00174354 0.0079259 0.0246607 0.0525443 0.0767015 0.0767565 0.052813 0.0255629 0.0105318 0.00828483 0.0145423 0.0271478 0.0448392 0.064591 0.0812231 0.0894575 0.0868392 0.0751784 0.059285 0.0440701 0.0322773 0.0241548 0.0185799
 1.05925e-16 6.29246e-05 0.000611649 0.00406463 0.0184772 0.0574895 0.122488 0.178776 0.178785 0.122532 0.0576383 0.0189092 0.00515757 0.00302573 0.0047303 0.00793612 0.0119289 0.0160499 0.019641 0.0223531 0.0242505 0.02556 0.0263076 0.026201 0.0248601 0.0221633
 1.02751e-16 6.69241e-05 0.000650527 0.00432298 0.0196516 0.0611436 0.130274 0.190141 0.190156 0.130345 0.0613846 0.0203474 0.00606931 0.0044621 0.00730407 0.0119656 0.0172247 0.0216553 0.0238608 0.0232188 0.0202602 0.0163166 0.0127191 0.010166 0.00862726 0.00766693
 1.04793e-16 2.99909e-05 0.000291522 0.00193727 0.00880658 0.0274008 0.0583823 0.0852216 0.0852737 0.0586368 0.0282554 0.0112749 0.00813298 0.0138167 0.0257161 0.0424645 0.0611625 0.0768963 0.0846627 0.0821365 0.0710389 0.0559425 0.0415233 0.0304057 0.022839 0.0177515
 1.05038e-16 6.47039e-05 0.000628945 0.00417956 0.0189997 0.0591151 0.125951 0.183832 0.183841 0.125995 0.0592628 0.0194279 0.00526161 0.00301463 0.00466461 0.00778937 0.0116348 0.0155077 0.0187207 0.0209185 0.0222005 0.0228794 0.0231034 0.0226994 0.0213576 0.0189502
 1.03266e-16 6.13458e-05 0.000596303 0.00396265 0.0180136 0.0560472 0.119415 0.174294 0.174315 0.119515 0.0563821 0.0189809 0.00639004 0.00589386 0.0101184 0.0166212 0.0239183 0.030045 0.0330518 0.0320626 0.0278084 0.0221419 0.016928 0.0131665 0.010853 0.00941784
 1.04196e-16 4.74144e-05 0.000460885 0.00306274 0.0139228 0.0433192 0.0922973 0.134717 0.13475 0.0924557 0.0438512 0.0154599 0.0069231 0.00889443 0.0160828 0.026561 0.0383683 0.0484778 0.0538218 0.052965 0.0469248 0.0384185 0.0301796 0.0236743 0.0189645 0.0153997
 1.04712e-16 5.88667e-05 0.000572205 0.00380251 0.0172857 0.0537822 0.114589 0.16725 0.167268 0.114676 0.0540721 0.0181243 0.00591204 0.00519218 0.00887659 0.0146955 0.02143 0.0275059 0.0313443 0.0321968 0.0305352 0.0276187 0.024614 0.021995 0.0195862 0.017017
 1.07765e-16 3.61097e-05 0.000350999 0.00233251 0.0106033 0.032991 0.0702923 0.102602 0.102644 0.0704953 0.0336727 0.012573 0.00727924 0.0111578 0.0205842 0.0340367 0.0491807 0.0621756 0.0691284 0.0682563 0.06093 0.0506804 0.0410016 0.0336754 0.0285989 0.0247211
 1.09833e-16 4.96491e-05 0.000482607 0.0032071 0.014579 0.0453608 0.0966467 0.141063 0.141082 0.0967428 0.0456839 0.0155147 0.00556562 0.00566378 0.00998519 0.0166793 0.0246086 0.032177 0.0377626 0.0405872 0.0410746 0.0403358 0.0392379 0.037865 0.0357187 0.0323261
 1.02677e-16 7.29327e-05 0.000708931 0.0047111 0.021416 0.0666331 0.141969 0.20721 0.207217 0.142005 0.0667547 0.0217676 0.00559471 0.00264114 0.00375242 0.00611461 0.00886543 0.0112884 0.0127107 0.0128365 0.0119175 0.0105643 0.00934991 0.00851577 0.00795915 0.00742409
pSPR Fmed_Fpbrs
0.550269   0.6 0.325
Fs Fmed_Fpbrs
0.34   0.286155 0.702173
SSBpbr Bo_Bmed_Bpbrs
713811  357097  392596 196298
Ro
101230
SPR SPRFo_SPRFmed_SPRFpbrs
729295 401308 237021
Fref
0.286155
Nvult_r0
 84285.1 6387.73 1531.27 1071.72 301.083
CTP_r0
 15079.6 1421.2 340.691 238.446 66.9876
YTP_r0
156530
Np
 96097.9 28430.7 6838.94 421.037 128.822
Nvult_p0
 67667.2 20574.4 4949.13 304.691 93.2242
CTP_p0
 12106.5 3984.8 245.323 58.809 48.2647
 12106.5 4577.58 1101.13 67.7904 20.7413
YTP_p0
 170266 200520
CBA_c0
160651
log_Ro
11.3451
likeval ReclasPelacesDesembMPH_pf_preclas_ppelaces_ptallas_desvR_qrecl_qpela
 37.3271 19.0508 0.0370301 91.7112 254.699 147.867 128.763 0 26.3567 6.27206e-05 0.000117457 0.0542499 1.42406e-15 0 0
q_reclas_q_pelaces
3.06487 4.63061
M
1
N
 150904 29759 46468.1 3819.49 0.163432
 91611.3 42838.2 7789.03 12162.4 999.743
 84133.5 20820.1 8372.22 1522.27 2572.38
 126993 19210.9 4094.27 1646.39 805.212
 97156.8 25035.2 3114.9 663.856 397.51
 197259 29204.3 7063.84 878.89 299.471
 71997.2 53198 7145.96 1728.44 288.332
 26751.3 12140.2 7025.43 943.71 266.339
 26065.7 8485.43 3676.1 2127.33 366.408
 35160.8 5056.35 1347.02 583.563 395.869
 73028.3 4222.66 427.625 113.92 82.8323
 170070 22404.1 1223.81 123.934 57.0228
 59426.9 38813 4402.69 240.495 35.5604
 29998.1 12659.2 6967.32 790.327 49.5547
 76977 697.303 123.883 68.1826 8.21913
 255377 13103.3 93.2389 16.5649 10.2159
 46074 46562.6 1917.51 13.6444 3.91905
 214154 9122.36 7592.84 312.684 2.86403
 321459 29634.7 929.312 773.497 32.1455
 308165 40905.4 2704.12 84.7981 73.5134
 274509 61784 6780.98 448.268 26.2437
 397427 64291.4 12561.4 1378.65 96.4738
 58561.4 82989.4 11242.8 2196.64 257.959
 146426 14398.4 17984.8 2436.44 531.941
 233058 35228 3032.57 3787.91 625.194
 50771.3 59614.9 8041.57 692.25 1007.39
 148062 13929.1 14919.4 2012.51 425.356
 164963 37354.1 3122.5 3344.49 546.497
 96069.4 44262.2 9079.24 758.951 945.738
 133257 26556.3 11187.5 2294.82 430.869
 46303 38228.2 7047.38 2968.88 723.33
 36706.5 10052.9 7035.89 1297.07 679.551
 119698 8826.87 2115.98 1480.96 416.051
pred_Ctot
 22245.8 5579.56 8712.36 716.121 0.030642
 23012.1 13353.8 2428.04 3791.33 311.645
 20964.8 6441.46 2590.25 470.97 795.859
 39170.1 7248.52 1544.82 621.206 303.817
 11420.2 3768.05 468.824 99.917 59.8292
 34132.7 6389.3 1545.42 192.283 65.5182
 26231.5 23365.5 3138.63 759.163 126.64
 2358.06 1379.21 798.136 107.212 30.2579
 8198.57 3259.8 1412.23 817.244 140.761
 16341 2754.87 733.901 317.944 215.682
 7780.62 577.484 58.4813 15.5795 11.328
 42417.2 6937.4 378.952 38.3761 17.6571
 16524.1 13304 1509.12 82.4351 12.1892
 21511.5 9825.99 5408.01 613.45 38.4642
 27799.9 303.842 53.9806 29.7098 3.58139
 86122.6 5365.42 38.1786 6.78283 4.18313
 14135.2 17482.2 719.94 5.12286 1.47143
 91221.5 4605.96 3833.69 157.877 1.44607
 144469 15682.2 491.777 409.322 17.0109
 93062.8 15136.2 1000.6 31.3778 27.2022
 65395.6 18323.6 2011.07 132.945 7.78322
 113686 22625.6 4420.64 485.179 33.9513
 12684.5 22495.4 3047.5 595.429 69.9231
 33146.4 4069.35 5082.93 688.598 150.339
 46227.9 8782.63 756.043 944.356 155.866
 8356.26 12430 1676.71 144.338 210.046
 30321.1 3579.81 3834.31 517.217 109.317
 28954.2 8284.87 692.548 741.783 121.209
 15451.1 9026.22 1851.49 154.77 192.861
 18926.7 4803.11 2023.43 415.053 77.9291
 12516.1 12763.1 2352.88 991.21 241.496
 8317.06 2843.7 1990.28 366.909 192.228
 34709.1 3145.81 754.117 527.799 148.277
F
 0.259214 0.340416 0.340416 0.340416 0.340416
 0.481634 0.632512 0.632512 0.632512 0.632512
 0.476929 0.626333 0.626333 0.626333 0.626333
 0.623849 0.819278 0.819278 0.819278 0.819278
 0.202011 0.265294 0.265294 0.265294 0.265294
 0.310499 0.407767 0.407767 0.407767 0.407767
 0.780106 1.02448 1.02448 1.02448 1.02448
 0.148233 0.194669 0.194669 0.194669 0.194669
 0.639975 0.840455 0.840455 0.840455 0.840455
 1.11947 1.47015 1.47015 1.47015 1.47015
 0.181605 0.238495 0.238495 0.238495 0.238495
 0.477457 0.627026 0.627026 0.627026 0.627026
 0.546367 0.717524 0.717524 0.717524 0.717524
 2.76167 3.6268 3.6268 3.6268 3.6268
 0.770642 1.01206 1.01206 1.01206 1.01206
 0.701943 0.921835 0.921835 0.921835 0.921835
 0.61952 0.813592 0.813592 0.813592 0.813592
 0.977747 1.28404 1.28404 1.28404 1.28404
 1.06161 1.39417 1.39417 1.39417 1.39417
 0.606991 0.797139 0.797139 0.797139 0.797139
 0.451559 0.593015 0.593015 0.593015 0.593015
 0.566299 0.743699 0.743699 0.743699 0.743699
 0.402956 0.529188 0.529188 0.529188 0.529188
 0.424676 0.557711 0.557711 0.557711 0.557711
 0.363383 0.477218 0.477218 0.477218 0.477218
 0.293347 0.385242 0.385242 0.385242 0.385242
 0.37719 0.49535 0.49535 0.49535 0.49535
 0.315589 0.414452 0.414452 0.414452 0.414452
 0.285803 0.375334 0.375334 0.375334 0.375334
 0.248703 0.326612 0.326612 0.326612 0.326612
 0.527349 0.692548 0.692548 0.692548 0.692548
 0.425152 0.558337 0.558337 0.558337 0.558337
 0.576183 0.75668 0.75668 0.75668 0.75668
YTP_r0W_actual
 113700 24799.9 8200.42 7468.13 2361.31
YTP_p0W_proyectada
 91282.8 69534.8 5904.92 1841.9 1701.33
 91282.8 79878.8 26504.1 2123.19 731.133
CTP_r0_actual
 15079.6 1421.2 340.691 238.446 66.9876
CTP_p0_proyectada
 12106.5 3984.8 245.323 58.809 48.2647
 12106.5 4577.58 1101.13 67.7904 20.7413
Wmedp
 7.54 17.45 24.07 31.32 35.25
Frms_r0
 0.217896 0.286155 0.286155 0.286155 0.286155
Zrms_r0
 1.2179 1.28616 1.28616 1.28616 1.28616
nmprior
 7.29 8.9 8.7 0
nm_flota  nm_reclas  nm_pelaces    nm_pelaL
inf 11.0844 9.37966 22.9647
cv_recla  cv_pelaces  cv_mph
0.529106 0.478131 0.383918
 ------------------------------------------------
Talla a la edad & desviaci?n 
 8 13.2811 15.8009 17.003 17.5766
 0.8 1.32811 1.58009 1.7003 1.75766
