    unsorted:	 0.0001064592665 1.359504077e-05 4.056881557 3.397211141 9.120341215 12.38425706 19.64390127 23.84006731 45.94845818 72.67924540 86.37213734 179.7033912 194.1127416 215.6858992 247.7990524 300.7932884 445.8880086 668.9791795 880.8800335 966.7122252 1042.029243 1204.859475 1234.480102 1565.708533 1784.433806 2020.902780 1901.502919 2188.553048 2172.921055 2355.446229 2863.163153 3004.622357 3159.420618 3264.244382 3349.922619 3467.686937 3731.949841 3825.484264 3905.460960 4008.357361 4035.385947 4122.898304 4964.363961 5011.712008 5142.553124 13316.44096 35902.02206 44258.20569 158289.6403 373686.8350 368162.6214 381842.4902 352605.0114 344612.7684 317203.7541 415856.9144 483049.4539 515466.9079 657038.3155 671853.5107 701473.2944 750507.0307 799279.9367 1070254.307 1111365.222 1155507.503 1344788.446 1496588.763 1637153.337 1729962.362 1888924.423 2011062.091 2149469.813 2381695.837 2681723.278 2760262.169 2944847.638 3167440.949 16647719.99 64979987.18
      sorted:	 1.359504077e-05 0.0001064592665 3.397211141 4.056881557 9.120341215 12.38425706 19.64390127 23.84006731 45.94845818 72.67924540 86.37213734 179.7033912 194.1127416 215.6858992 247.7990524 300.7932884 445.8880086 668.9791795 880.8800335 966.7122252 1042.029243 1204.859475 1234.480102 1565.708533 1784.433806 1901.502919 2020.902780 2172.921055 2188.553048 2355.446229 2863.163153 3004.622357 3159.420618 3264.244382 3349.922619 3467.686937 3731.949841 3825.484264 3905.460960 4008.357361 4035.385947 4122.898304 4964.363961 5011.712008 5142.553124 13316.44096 35902.02206 44258.20569 158289.6403 317203.7541 344612.7684 352605.0114 368162.6214 373686.8350 381842.4902 415856.9144 483049.4539 515466.9079 657038.3155 671853.5107 701473.2944 750507.0307 799279.9367 1070254.307 1111365.222 1155507.503 1344788.446 1496588.763 1637153.337 1729962.362 1888924.423 2011062.091 2149469.813 2381695.837 2681723.278 2760262.169 2944847.638 3167440.949 16647719.99 64979987.18
