years
 1991 1992 1993 1994 1995 1996 1997 1998 1999 2000 2001 2002 2003 2004 2005 2006 2007 2008 2009 2010 2011 2012 2013 2014 2015 2016 2017 2018 2019 2020 2021
reclasobs
 0 0 0 0 0 0 0 0 0 252601 567819 844713 477998 351125 339783 2.1784e+06 2.13404e+06 4.81314e+06 1.55562e+06 2.62356e+06 3.21686e+06 3.843e+06 1.13348e+06 3.07943e+06 1.97215e+06 2.03268e+06 2.025e+06 2.42433e+06 2.27542e+06 1.05018e+06 2.36338e+06
reclaspred
 4.73915e+06 2.57648e+06 1.24384e+06 1.45033e+06 1.74082e+06 3.41828e+06 2.07009e+06 1.50563e+06 862855 340063 621565 1.70289e+06 1.51407e+06 227289 796839 1.62938e+06 1.44652e+06 1.82743e+06 2.19002e+06 2.70833e+06 5.01345e+06 2.81329e+06 1.39151e+06 1.4448e+06 1.53255e+06 1.27438e+06 1.86974e+06 1.77708e+06 1.29521e+06 1.87997e+06 2.67836e+06
pelacesobs
 0 0 0 0 0 0 0 0 0 0 0 0 0 0 0 552880 188675 0 991730 2.46772e+06 1.41603e+06 1.21717e+06 2.29649e+06 1.80582e+06 0 1.4828e+06 1.56532e+06 1.57751e+06 1.42118e+06 867257 1.10002e+06
pelacespred
 3.22286e+06 1.75844e+06 797347 783585 1.16497e+06 2.31565e+06 1.24716e+06 1.21838e+06 599436 165064 416677 1.01675e+06 972597 70613.6 497237 860124 780452 962827 1.21536e+06 1.48605e+06 3.05779e+06 1.71122e+06 805149 867631 854292 736889 1.38056e+06 1.20146e+06 745760 1.30423e+06 1.71929e+06
mphobs
 0 0 0 0 0 0 0 0 0 0 0 0 498337 0 5186 125008 0 168611 109162 213762 579715 649985 157893 87575 83554 210694 70296 0 107559 103333 445601
mphpred
 791439 540272 240901 139048 205893 292331 474502 207076 174640 69778.1 23144.2 124918 270614 96135 6358.03 104822 224871 149887 159774 216722 450119 464132 208297 99377.6 136643 182143 108697 220880 221591 133569 246407
desembarqueobs
 494567 514787 250237 358949 120608 361735 552515 73892 212993 205616 52469 317467 293654 387597 252695 516296 358380 742168 942051 627588 828172 859565 418607 520667 417249 300574 415391 372974 316634 284311 391294
desembarquepred
 494555 514424 250398 358939 120609 361714 552478 73897.6 213074 205687 52469.7 317388 293825 387870 252573 516150 358341 741908 941108 627132 828205 859716 418508 520833 417094 300678 415345 372949 316323 284113 391261
Reclutas
 144135 96721.6 83819.2 130426 93486 196067 70443.5 24391 23413.3 32022 58641.9 168671 60335.3 34228 73038.1 219892 55494.9 210166 320346 291127 256955 240168 51901.8 100005 173526 34014.2 132569 95860.6 57491.6 124119 127752
log_desv_Rt
 0.406496 0.00758517 -0.135589 0.306556 -0.0264392 0.714206 -0.309441 -1.37004 -1.41095 -1.09783 -0.492802 0.563698 -0.464333 -1.03121 -0.27327 0.828885 -0.54796 0.783646 1.20515 1.10951 0.98465 0.917088 -0.614897 0.0409692 0.592075 -1.03747 0.322854 -0.00135621 -0.512613 0.256986 0.285836
SSB
 791439 540272 240901 139048 205893 292331 474502 207076 174640 69778.1 23144.2 124918 256510 91742.3 6107.22 100596 224871 149887 167571 224749 480555 538891 263702 118546 144879 212670 114628 220880 235036 129492 278987
BT
 1.34289e+06 1.00331e+06 456106 592709 486625 1.22884e+06 843669 478167 407290 255523 233746 686201 576562 409527 497782 799493 535104 1.0796e+06 1.43061e+06 1.08668e+06 1.8834e+06 1.35856e+06 636320 888722 683823 494014 1.0669e+06 801233 494263 823767 970849
Ftot
 0.442937 0.819237 0.813448 0.898013 0.285482 0.407172 1.06722 0.210509 0.953366 1.92514 0.300855 0.675413 0.784128 3.67692 1.01234 1.05763 0.957449 1.33908 1.38238 0.818318 0.635763 1.1335 1.1441 1.20464 0.950749 0.936851 0.770943 0.769628 0.963473 0.549992 0.552282
BD_Bspro_t
 0.931583 0.582555 0.313909 0.22711 0.27784 0.402132 0.459839 0.246612 0.278375 0.16211 0.081379 0.411975 0.423018 0.17057 0.0161537 0.207594 0.264295 0.179808 0.167937 0.184738 0.268091 0.282135 0.18238 0.109327 0.151234 0.230306 0.165555 0.302121 0.303729 0.205464 0.372106
BD_Bspro
 1.15513 0.788543 0.351601 0.202944 0.300507 0.426665 0.69255 0.302234 0.254892 0.101843 0.0337796 0.182321 0.374384 0.133901 0.00891367 0.146822 0.328206 0.218765 0.244575 0.328027 0.701384 0.786527 0.38488 0.173021 0.211455 0.310397 0.167303 0.322381 0.343042 0.188997 0.40719
BD_Bo
 1.65134 1.12728 0.502641 0.290125 0.429598 0.609951 0.990053 0.432067 0.364388 0.145593 0.0482906 0.260642 0.535211 0.191421 0.0127428 0.209894 0.469195 0.312741 0.349639 0.46894 1.00268 1.1244 0.550216 0.247347 0.302291 0.443737 0.239172 0.460868 0.490405 0.270185 0.582109
BD_Brms
 10.5622 7.21025 3.21496 1.85568 2.74776 3.90132 6.33251 2.76355 2.33067 0.93123 0.308873 1.6671 3.42328 1.22435 0.0815045 1.34251 3.00103 2.00033 2.23633 2.9994 6.41329 7.19181 3.51925 1.58206 1.93349 2.8382 1.52978 2.94777 3.13669 1.72814 3.72325
Sel_flota
 0.82257 1 1 1 1
 0.82257 1 1 1 1
 0.82257 1 1 1 1
 0.82257 1 1 1 1
 0.82257 1 1 1 1
 0.82257 1 1 1 1
 0.82257 1 1 1 1
 0.82257 1 1 1 1
 0.82257 1 1 1 1
 0.82257 1 1 1 1
 0.82257 1 1 1 1
 0.82257 1 1 1 1
 0.82257 1 1 1 1
 0.82257 1 1 1 1
 0.82257 1 1 1 1
 0.82257 1 1 1 1
 0.82257 1 1 1 1
 0.82257 1 1 1 1
 0.82257 1 1 1 1
 0.82257 1 1 1 1
 0.82257 1 1 1 1
 0.82257 1 1 1 1
 0.82257 1 1 1 1
 0.82257 1 1 1 1
 0.82257 1 1 1 1
 0.82257 1 1 1 1
 0.82257 1 1 1 1
 0.82257 1 1 1 1
 0.82257 1 1 1 1
 0.82257 1 1 1 1
 0.82257 1 1 1 1
Sel_reclas
 0.588861 1 1 1 1
 0.588861 1 1 1 1
 0.588861 1 1 1 1
 0.588861 1 1 1 1
 0.588861 1 1 1 1
 0.588861 1 1 1 1
 0.588861 1 1 1 1
 0.588861 1 1 1 1
 0.588861 1 1 1 1
 0.588861 1 1 1 1
 0.588861 1 1 1 1
 0.588861 1 1 1 1
 0.588861 1 1 1 1
 0.588861 1 1 1 1
 0.588861 1 1 1 1
 0.588861 1 1 1 1
 0.588861 1 1 1 1
 0.588861 1 1 1 1
 0.588861 1 1 1 1
 0.588861 1 1 1 1
 0.588861 1 1 1 1
 0.588861 1 1 1 1
 0.588861 1 1 1 1
 0.588861 1 1 1 1
 0.588861 1 1 1 1
 0.588861 1 1 1 1
 0.588861 1 1 1 1
 0.588861 1 1 1 1
 0.588861 1 1 1 1
 0.588861 1 1 1 1
 0.588861 1 1 1 1
Sel_pelaces
 0.5 1 1 1 1
 0.5 1 1 1 1
 0.5 1 1 1 1
 0.5 1 1 1 1
 0.5 1 1 1 1
 0.5 1 1 1 1
 0.5 1 1 1 1
 0.5 1 1 1 1
 0.5 1 1 1 1
 0.5 1 1 1 1
 0.5 1 1 1 1
 0.5 1 1 1 1
 0.5 1 1 1 1
 0.5 1 1 1 1
 0.5 1 1 1 1
 0.5 1 1 1 1
 0.5 1 1 1 1
 0.5 1 1 1 1
 0.5 1 1 1 1
 0.5 1 1 1 1
 0.5 1 1 1 1
 0.5 1 1 1 1
 0.5 1 1 1 1
 0.5 1 1 1 1
 0.5 1 1 1 1
 0.5 1 1 1 1
 0.5 1 1 1 1
 0.5 1 1 1 1
 0.5 1 1 1 1
 0.5 1 1 1 1
 0.5 1 1 1 1
pf_obs 
 0.8446 0.082 0.0669 0.0065 0
 0.8095 0.147 0.0364 0.0071 0
 0.9664 0.0169 0.016 0.0007 0
 0.9276 0.0648 0.0075 0.0001 0
 0.7033 0.2144 0.0806 0.0017 0
 0.9318 0.0425 0.0243 0.0014 0
 0.5671 0.3108 0.0964 0.0239 0.0018
 0.0768 0.2599 0.5324 0.112 0.0189
 0.490249 0.384438 0.106611 0.0170017 0.00170017
 0.7925 0.1577 0.0466 0.003 0.0002
 0.840416 0.127587 0.0312969 0.00059994 9.999e-05
 0.8084 0.0986 0.0794 0.0134 0.0002
 0.7335 0.1905 0.0724 0.0035 0.0001
 0.4001 0.4547 0.1325 0.0127 0
 0.49795 0.308269 0.164784 0.0264974 0.00249975
 0.9179 0.0499 0.0305 0.0017 0
 0.2467 0.6533 0.0926 0.0074 0
 0.9418 0.0223 0.034 0.0019 0
 0.707729 0.231977 0.0356964 0.0245975 0
 0.517169 0.277429 0.184464 0.0207286 0.00020938
 0.811772 0.124168 0.05621 0.00726502 0.000585176
 0.764997 0.148141 0.077277 0.00933861 0.000247198
 0.163321 0.427699 0.378323 0.0303852 0.000271297
 0.753843 0.0900009 0.118128 0.0371064 0.000921714
 0.721811 0.176058 0.0630433 0.0369309 0.00215725
 0.143369 0.312575 0.442814 0.0836902 0.0175525
 0.692698 0.0596174 0.167031 0.0765114 0.00414204
 0.394062 0.376323 0.152708 0.0712218 0.00568511
 0.125707 0.32114 0.495352 0.0537591 0.00404204
 0.23352 0.215282 0.420074 0.123614 0.00750983
 0.796117 0.104755 0.0508955 0.0450114 0.00322123
pf_pred 
 0.669953 0.145573 0.16957 0.0149034 8.44427e-07
 0.621542 0.273025 0.0465029 0.0541685 0.00476111
 0.73333 0.183094 0.0602925 0.0102693 0.0130135
 0.849602 0.118163 0.0221322 0.00728807 0.00281439
 0.751576 0.219569 0.0226706 0.00424624 0.00193824
 0.828383 0.135803 0.0316542 0.00326831 0.000891586
 0.507577 0.423387 0.0546292 0.0127334 0.00167339
 0.525838 0.278104 0.168571 0.0217506 0.00573607
 0.610909 0.225511 0.0959425 0.058155 0.00948255
 0.8345 0.112619 0.0306492 0.0130395 0.00919262
 0.947539 0.0464989 0.00405732 0.0011042 0.000800958
 0.891866 0.103567 0.00404809 0.000353221 0.000165858
 0.573063 0.390793 0.0346177 0.00135309 0.000173505
 0.640859 0.230086 0.11813 0.0104643 0.000461463
 0.987939 0.00944817 0.00167414 0.000859526 7.94973e-05
 0.942437 0.0570532 0.00039928 7.07491e-05 3.96832e-05
 0.577908 0.404133 0.0178002 0.000124573 3.44541e-05
 0.928993 0.0461626 0.0237875 0.00104773 9.36042e-06
 0.913364 0.0822282 0.00286546 0.00147657 6.56171e-05
 0.862306 0.129153 0.00810698 0.00028251 0.000152046
 0.782791 0.193986 0.021783 0.00136733 7.32925e-05
 0.756921 0.200448 0.0380723 0.00427521 0.000282742
 0.516512 0.392638 0.0749166 0.0142294 0.00170351
 0.876394 0.0738604 0.0403981 0.00770807 0.00163931
 0.909724 0.0820179 0.00493439 0.00269887 0.00062447
 0.486342 0.47863 0.0318242 0.00191462 0.00128951
 0.91749 0.0463465 0.0336971 0.00224053 0.000225581
 0.750035 0.23409 0.00891703 0.0064833 0.000474478
 0.681883 0.254218 0.059841 0.00227948 0.00177863
 0.89173 0.0805874 0.0221221 0.00520738 0.000353138
 0.774387 0.206227 0.0144294 0.00396103 0.000995628
pobs_RECLAS
 0 0 0 0 0
 0 0 0 0 0
 0 0 0 0 0
 0 0 0 0 0
 0 0 0 0 0
 0 0 0 0 0
 0 0 0 0 0
 0 0 0 0 0
 0 0 0 0 0
 0 0 0 0 0
 0.991045 0.00858322 0.000360255 1.14367e-05 0
 0.934742 0.0480273 0.0164251 0.00080598 0
 0.827803 0.169806 0.00239088 0 0
 0.941827 0.0461693 0.0120037 0 0
 0.791401 0.0380133 0.147996 0.0225897 0
 0.846168 0.0940531 0.0597789 0 0
 0.134021 0.677848 0.182769 0.00536245 0
 0.80878 0.0450904 0.141981 0.00414843 0
 0.846168 0.0940531 0.0597789 0 0
 0.905697 0.0802665 0.012482 0.00150086 5.37128e-05
 0.989698 0.0102097 9.19794e-05 0 0
 0.975433 0.0193895 0.00387452 0.00125025 5.28907e-05
 0.303575 0.632131 0.0575291 0.00676475 0
 0.966965 0.00978017 0.0227588 0.000495775 0
 0.843318 0.132988 0.00938335 0.0141283 0.000182051
 0.564624 0.303363 0.111486 0.0197234 0.00080311
 0.826376 0.0876187 0.0782897 0.00655872 0.00115652
 0.89761 0.0855135 0.0140674 0.00269457 0.000114338
 0.34875 0.467042 0.161289 0.0227151 0.000203297
 0.318654 0.224769 0.449479 0.00709798 0
 0.937255 0.0296025 0.0250945 0.00804832 0
ppred_RECLAS
 0.594508 0.178849 0.208332 0.0183101 1.03745e-06
 0.545377 0.327972 0.0558616 0.0650701 0.00571929
 0.667588 0.228233 0.0751564 0.012801 0.0162217
 0.805362 0.152922 0.0286424 0.00943189 0.00364226
 0.685243 0.278197 0.028724 0.00538004 0.00245577
 0.776949 0.176504 0.041141 0.00424783 0.0011588
 0.431764 0.488571 0.0630398 0.0146939 0.00193102
 0.443449 0.326427 0.197862 0.0255299 0.00673275
 0.535395 0.269278 0.114563 0.0694416 0.0113229
 0.794716 0.139691 0.0380168 0.0161741 0.0114024
 0.928579 0.0633034 0.00552362 0.00150325 0.00109042
 0.857071 0.136892 0.00535067 0.000466879 0.000219228
 0.494771 0.462457 0.0409659 0.00160122 0.000205322
 0.605754 0.252576 0.129676 0.0114871 0.000506569
 0.983674 0.0127891 0.00226612 0.00116346 0.000107608
 0.923455 0.075867 0.000530946 9.40792e-05 5.27691e-05
 0.501256 0.477523 0.0210327 0.000147195 4.0711e-05
 0.907021 0.0604465 0.031148 0.00137193 1.22568e-05
 0.88734 0.106929 0.00372621 0.00192011 8.53277e-05
 0.820605 0.168266 0.0105622 0.000368068 0.000198093
 0.723527 0.246913 0.0277263 0.00174039 9.32897e-05
 0.697108 0.249772 0.0474407 0.0053272 0.000352315
 0.44132 0.453702 0.0865676 0.0164423 0.00196844
 0.840151 0.0955172 0.0522433 0.00996819 0.00211998
 0.880887 0.108217 0.00651059 0.00356098 0.000823947
 0.409853 0.549903 0.0365632 0.00219972 0.00148153
 0.890222 0.0616632 0.0448334 0.00298099 0.000300131
 0.686336 0.293744 0.0111894 0.00813546 0.000595391
 0.611471 0.310487 0.0730863 0.00278403 0.00217232
 0.856444 0.106851 0.0293318 0.0069045 0.000468228
 0.713173 0.262181 0.0183445 0.00503575 0.00126577
pobs_PELACES
 0 0 0 0 0
 0 0 0 0 0
 0 0 0 0 0
 0 0 0 0 0
 0 0 0 0 0
 0 0 0 0 0
 0 0 0 0 0
 0 0 0 0 0
 0 0 0 0 0
 0 0 0 0 0
 0 0 0 0 0
 0 0 0 0 0
 0 0 0 0 0
 0 0 0 0 0
 0 0 0 0 0
 0 0 0 0 0
 0.505614 0.472636 0.0217494 0 0
 0 0 0 0 0
 0.443492 0.261883 0.143347 0.151278 0
 0.227955 0.32914 0.350689 0.0885471 0.00366901
 0.970185 0.0296113 0.000203453 0 0
 0.997202 0.00247181 0.000326279 0 0
 0.445219 0.490057 0.0546422 0.010081 0
 0.90214 0.0892962 0.00764917 0.000914606 0
 0 0 0 0 0
 0.581667 0.319106 0.0959925 0.00289975 0.000334073
 0.762889 0.0836404 0.116647 0.0363945 0.000428098
 0.88444 0.0763242 0.0277011 0.0115352 0
 0.521256 0.241999 0.230069 0.00667565 0
 0.616807 0.101726 0.260614 0.0208532 0
 0.833518 0.0704572 0.0857862 0.0102388 0
ppred_PELACES
 0.560942 0.193654 0.225577 0.0198258 1.12333e-06
 0.516593 0.348737 0.0593985 0.06919 0.0060814
 0.641377 0.246229 0.0810828 0.0138104 0.0175009
 0.78737 0.167057 0.03129 0.0103037 0.00397893
 0.65274 0.306924 0.0316901 0.0059356 0.00270937
 0.751799 0.196405 0.0457798 0.00472678 0.00128945
 0.407152 0.509733 0.0657703 0.0153303 0.00201466
 0.406505 0.348095 0.210996 0.0272245 0.00717967
 0.508513 0.284858 0.121191 0.0734595 0.011978
 0.786294 0.145422 0.0395765 0.0168376 0.0118702
 0.918272 0.072439 0.00632075 0.00172019 0.00124778
 0.841194 0.152099 0.00594505 0.000518742 0.00024358
 0.465409 0.489333 0.0433467 0.00169428 0.000217255
 0.618033 0.24471 0.125638 0.0111294 0.000490792
 0.981911 0.0141697 0.00251076 0.00128906 0.000119225
 0.915953 0.0833027 0.000582984 0.0001033 5.7941e-05
 0.474398 0.503238 0.0221654 0.000155122 4.29033e-05
 0.899585 0.0652811 0.0336392 0.00148166 1.32371e-05
 0.87881 0.115024 0.00400833 0.00206548 9.1788e-05
 0.802942 0.184834 0.0116021 0.000404307 0.000217597
 0.697552 0.270111 0.0303312 0.00190391 0.000102054
 0.676197 0.267016 0.0507159 0.00569498 0.000376638
 0.417657 0.472918 0.0902343 0.0171387 0.00205182
 0.827256 0.103223 0.0564578 0.0107723 0.002291
 0.869091 0.118935 0.00715537 0.00391364 0.000905547
 0.383835 0.574146 0.0381751 0.0022967 0.00154685
 0.878101 0.0684717 0.0497836 0.00331013 0.00033327
 0.660276 0.318149 0.012119 0.00881137 0.000644857
 0.585727 0.331059 0.077929 0.0029685 0.00231625
 0.839523 0.119446 0.0327891 0.00771833 0.000523418
 0.685594 0.287391 0.0201083 0.00551995 0.00138747
pobs_pel_tallas
 0 0 0 0 0 0 0 0 0 0 0 0 0 0 0 0 0 0 0 0 0 0 0 0 0 0
 0 0 0 0 0 0 0 0 0 0 0 0 0 0 0 0 0 0 0 0 0 0 0 0 0 0
 0 0 0 0 0 0 0 0 0 0 0 0 0 0 0 0 0 0 0 0 0 0 0 0 0 0
 0 0 0 0 0 0 0 0 0 0 0 0 0 0 0 0 0 0 0 0 0 0 0 0 0 0
 0 0 0 0 0 0 0 0 0 0 0 0 0 0 0 0 0 0 0 0 0 0 0 0 0 0
 0 0 0 0 0 0 0 0 0 0 0 0 0 0 0 0 0 0 0 0 0 0 0 0 0 0
 0 0 0 0 0 0 0 0 0 0 0 0 0 0 0 0 0 0 0 0 0 0 0 0 0 0
 0 0 0 0 0 0 0 0 0 0 0 0 0 0 0 0 0 0 0 0 0 0 0 0 0 0
 0 0 0 0 0 0 0 0 0 0 0 0 0 0 0 0 0 0 0 0 0 0 0 0 0 0
 0 0 0 0 0 0 0 0 0 0 0 0 0 0 0 0 0 0 0 0 0 0 0 0 0 0
 0 0 0 0 0 0 0 0 0 0 0 0 0 0 0 0 0 0 0 0 0 0 0 0 0 0
 0 0 0 0 0 0 0 0 0 0 0 0 0 0 0 0 0 0 0 0 0 0 0 0 0 0
 0.00862536 0 0 0.000197151 0.00414017 0.0128641 0.00837892 0.0270097 0.101434 0.158115 0.152841 0.127902 0.109271 0.109419 0.0830992 0.0579132 0.0238553 0.00714673 0.00463305 0.00128148 0.00103504 0.000492878 0.000147863 0.000147863 4.92878e-05 0
 0 0 0 0 0 0 0 0 0 0 0 0 0 0 0 0 0 0 0 0 0 0 0 0 0 0
 0 0 0 0 0 0 0 0.0054083 0.00873648 0.0413646 0.0450493 0.0745869 0.0622846 0.0627006 0.0613931 0.0827291 0.12552 0.122667 0.0946155 0.0697135 0.0546179 0.0294188 0.0215738 0.0213955 0.0102223 0.00600262
 0 0 0 0 0.00359764 0.0251062 0.0480494 0.140153 0.205849 0.193036 0.1447 0.116669 0.0760912 0.0342217 0.00950174 0.001854 0.000860785 0 0 0 0.000165536 0 0.000143464 0 0 0
 0 0 0 0 0 0 0 0.000145254 0.000435761 0.0275982 0.070085 0.0708112 0.156366 0.174668 0.174014 0.160142 0.0824315 0.0480064 0.0283245 0.00493863 0.00203355 0 0 0 0 0
 0 0 0 0 0 0 0 0 0 0 0 0 0 0 0 0 0 0 0 0 0 0 0 0 0 0
 0 0 1.00437e-05 0.000401748 0.00122533 0.00171747 0.00176769 0.0269171 0.070346 0.194647 0.189555 0.159765 0.064822 0.0314167 0.0384472 0.0292271 0.0345202 0.0313363 0.0194345 0.0106764 0.0143323 0.0359363 0.0279516 0.0138201 0.00172751 0
 0 0.0021121 0.0136068 0.0755702 0.200478 0.177729 0.0527432 0.0373336 0.0318909 0.0142505 0.0149659 0.0166563 0.0217959 0.0798694 0.0677717 0.0528807 0.04013 0.0224614 0.0357745 0.0225083 0.00881397 0.00855152 0.00135912 0.000746735 0 0
 0 0 0 0 5.4009e-05 0.00500934 0.000945158 0.0243581 0.138947 0.33067 0.221406 0.137944 0.0707744 0.0437923 0.0131692 0.00525238 0.0047753 0.00276346 9.45158e-05 9.00151e-06 2.25038e-05 9.00151e-06 4.50075e-06 0 0 0
 0.000866109 0.00284123 0.00948549 0.0512746 0.133035 0.25785 0.225252 0.132002 0.0553304 0.0519788 0.0540692 0.017754 0.00435017 0.00159236 0.00146478 0.000404838 0.000125132 0.000115318 0.000107957 0.000100596 0 0 0 0 0 0
 0 0 0 0 0.00144013 0.00171154 0.00461396 0.0210425 0.0478622 0.0707936 0.0888783 0.103762 0.0637923 0.0337046 0.0602308 0.124433 0.169614 0.0934646 0.0462172 0.0250306 0.0313229 0.00938855 0.002487 0.000210481 0 0
 0 0.00764035 0.051015 0.0998891 0.058973 0.0496711 0.0374665 0.0718981 0.12319 0.153886 0.159021 0.0857701 0.0377988 0.023471 0.0147837 0.00900784 0.00315554 0.000888139 0.00291439 0.00214683 0.00393193 0.00274676 0.000635225 9.99891e-05 0 0
 0 0 0 0 0 0 0 0 0 0 0 0 0 0 0 0 0 0 0 0 0 0 0 0 0 0
 0 0 0 0 0 0 0 0 0 0 0 0 0 0 0 0 0 0 0 0 0 0 0 0 0 0
 0 0 0 0 0 0 0 0 0 0 0 0 0 0 0 0 0 0 0 0 0 0 0 0 0 0
 0 0 0 0 0 0 0 0 0 0 0 0 0 0 0 0 0 0 0 0 0 0 0 0 0 0
 0 0 0 0 0 0 0 0 0 0 0 0 0 0 0 0 0 0 0 0 0 0 0 0 0 0
 0 0 0 0 0 0 0 0 0 0 0 0 0 0 0 0 0 0 0 0 0 0 0 0 0 0
 0 0 0 0 0 0 0 0 0 0 0 0 0 0 0 0 0 0 0 0 0 0 0 0 0 0
ppred_pel_tallas
 1.08548e-16 4.62041e-05 0.00044912 0.00298456 0.0135674 0.0422133 0.0899406 0.131275 0.131294 0.0900335 0.042526 0.0144745 0.00527652 0.00550169 0.00978583 0.0164792 0.0246043 0.0327475 0.0394298 0.043861 0.0462134 0.0471269 0.04693 0.0453245 0.0417723 0.036143
 1.09772e-16 4.25511e-05 0.000413612 0.0027486 0.0124948 0.038876 0.0828307 0.120901 0.120934 0.0829951 0.0394283 0.0140904 0.00675592 0.00916887 0.0166928 0.0275911 0.0398966 0.0505204 0.0563652 0.056067 0.0508215 0.0435392 0.0370152 0.0325362 0.0297546 0.0275201
 1.0675e-16 5.28294e-05 0.00051352 0.00341253 0.0155129 0.0482664 0.102838 0.150099 0.150123 0.102954 0.0486574 0.0166431 0.00625333 0.0067275 0.0118911 0.0196715 0.0285603 0.0363966 0.0410065 0.0413859 0.0382621 0.0335153 0.0289496 0.0253972 0.0226884 0.0202221
 1.02653e-16 6.48547e-05 0.000630411 0.0041893 0.019044 0.0592529 0.126245 0.184262 0.184278 0.126324 0.0595174 0.019808 0.00610788 0.00482106 0.00803071 0.0131924 0.0190424 0.0240416 0.0266669 0.0262191 0.0232296 0.0190788 0.0151452 0.0121511 0.0100881 0.00856899
 1.02047e-16 5.37654e-05 0.000522619 0.00347299 0.0157877 0.0491216 0.10466 0.15276 0.15279 0.104804 0.0496066 0.0171881 0.00698725 0.00819106 0.014608 0.0240399 0.0345662 0.0433428 0.0475058 0.0457309 0.0390221 0.0300361 0.021509 0.0150049 0.0107034 0.00798451
 1.02064e-16 6.19247e-05 0.00060193 0.00400004 0.0181836 0.0565761 0.120542 0.175939 0.175958 0.120635 0.0568872 0.0190826 0.00625801 0.00553529 0.00944347 0.0155455 0.0224602 0.0283926 0.0315468 0.031078 0.0275692 0.0225914 0.0177249 0.0138176 0.0109133 0.00865746
 1.03907e-16 3.35367e-05 0.000325988 0.00216631 0.00984776 0.0306403 0.0652842 0.0952945 0.0953436 0.0655242 0.0314461 0.0121751 0.00800776 0.0130761 0.0242429 0.0400108 0.0575991 0.0723574 0.0795578 0.0770084 0.0663482 0.0519191 0.0381647 0.0275832 0.0204132 0.0156297
 1.10124e-16 3.34834e-05 0.00032547 0.00216287 0.0098321 0.0305915 0.0651796 0.0951387 0.0951725 0.0653449 0.0311473 0.0114407 0.00621301 0.00920778 0.0170221 0.0283996 0.0416331 0.0538664 0.0621553 0.0650634 0.0633617 0.0591915 0.0544481 0.0497565 0.0446787 0.0386338
 1.12965e-16 4.18856e-05 0.000407143 0.00270561 0.0122993 0.0382679 0.0815349 0.119008 0.119036 0.0816699 0.0387215 0.0136114 0.00600674 0.00763886 0.0138516 0.0230338 0.0336552 0.0433482 0.0497323 0.0517506 0.0502539 0.0472684 0.0445536 0.042621 0.0408223 0.0381594
 1.04877e-16 6.4766e-05 0.000629549 0.00418357 0.0190179 0.0591719 0.126072 0.184009 0.184023 0.126141 0.0594026 0.0196848 0.00585927 0.00429374 0.00704205 0.0115883 0.0168045 0.0213857 0.0240526 0.024233 0.0223944 0.0196923 0.0172247 0.0154793 0.0143022 0.0132462
 1.00585e-16 7.56369e-05 0.000735217 0.00488578 0.02221 0.0691037 0.147233 0.214892 0.214899 0.147267 0.0692182 0.0225405 0.00571485 0.0025441 0.00350816 0.00567246 0.00814652 0.0102078 0.0111764 0.0107415 0.00914503 0.0070208 0.00502143 0.00351922 0.00255328 0.00196744
 1.00304e-16 6.92881e-05 0.000673505 0.00447568 0.0203458 0.0633034 0.134875 0.196857 0.196872 0.134947 0.0635433 0.0210386 0.00621343 0.00446282 0.00725344 0.011849 0.0169852 0.0211966 0.0230406 0.0218526 0.0181463 0.0132851 0.00869562 0.00522674 0.00301852 0.00177396
 1.01583e-16 3.83352e-05 0.000372632 0.00247627 0.0112568 0.0350243 0.0746248 0.108927 0.108974 0.074855 0.0357972 0.0134884 0.00807559 0.0125883 0.0232152 0.0382579 0.0549635 0.0688079 0.0751961 0.0719908 0.0607864 0.0458466 0.031601 0.0206407 0.0133561 0.00883937
 1.04888e-16 5.09066e-05 0.00049483 0.00328832 0.0149482 0.0465097 0.0990947 0.144637 0.14466 0.0992107 0.0468996 0.0160762 0.00612648 0.00671285 0.0119251 0.0198032 0.0289143 0.0371724 0.04245 0.0437085 0.0415186 0.037491 0.0331284 0.0290611 0.0251306 0.0209878
 1.00226e-16 8.08787e-05 0.00078617 0.00522438 0.0237493 0.0738928 0.157436 0.229783 0.229785 0.157443 0.0739152 0.0238141 0.00538709 0.00114155 0.000756384 0.00112395 0.00161484 0.00203833 0.00226088 0.00222331 0.00197117 0.00162188 0.00129225 0.00104281 0.000871454 0.000743986
 1.00059e-16 7.54459e-05 0.000733361 0.00487344 0.022154 0.0689292 0.146861 0.21435 0.214358 0.1469 0.0690606 0.0225331 0.00582421 0.00280593 0.00400286 0.0064751 0.00926623 0.0115385 0.0124953 0.0117715 0.00965454 0.00690428 0.00432019 0.00238406 0.00118147 0.000547038
 1.00792e-16 3.90757e-05 0.000379829 0.0025241 0.0114742 0.0357009 0.0760662 0.111031 0.111079 0.0763028 0.0364949 0.0137667 0.00827439 0.0129192 0.0238138 0.039202 0.0562203 0.0701735 0.0762999 0.0723961 0.0601514 0.0440629 0.0288382 0.0172823 0.00986886 0.00563772
 1.01139e-16 7.40976e-05 0.000720255 0.00478635 0.0217581 0.0676974 0.144237 0.210519 0.210525 0.144268 0.0678014 0.0220589 0.00554338 0.00237872 0.00324087 0.00528471 0.00770772 0.00990317 0.0112971 0.0116087 0.0109874 0.00986188 0.00863595 0.00748564 0.00638029 0.00523905
 1.00368e-16 7.23864e-05 0.000703622 0.00467582 0.0212556 0.0661341 0.140906 0.205659 0.20567 0.14096 0.0663156 0.0217795 0.00598997 0.00356924 0.00550538 0.00896248 0.0128465 0.0160343 0.0174362 0.0165527 0.013776 0.0101395 0.006721 0.00415646 0.00254104 0.00163774
 1.0046e-16 6.61373e-05 0.000642878 0.00427215 0.0194206 0.0604248 0.128742 0.187906 0.187924 0.128829 0.0607165 0.020263 0.00638545 0.00525213 0.00880787 0.0144246 0.0206974 0.0258673 0.0281884 0.0268525 0.0224732 0.0166851 0.0111936 0.00700605 0.00428347 0.00267499
 1.01153e-16 5.74565e-05 0.000558498 0.00371141 0.0168716 0.0524938 0.111845 0.163246 0.163272 0.111972 0.0529207 0.0181041 0.00680459 0.00730832 0.0128687 0.0211626 0.0304293 0.0381552 0.0418129 0.040225 0.0342582 0.0262337 0.0185519 0.0126005 0.00857086 0.0059662
 1.02167e-16 5.56975e-05 0.000541399 0.00359779 0.0163551 0.0508868 0.108421 0.158248 0.158274 0.108546 0.0513094 0.017576 0.00666328 0.00723617 0.0127783 0.0210573 0.0303744 0.0382888 0.0423398 0.0413739 0.0362058 0.0290268 0.0220633 0.0165438 0.0125724 0.00966431
 1.04791e-16 3.44019e-05 0.000334399 0.0022222 0.0101018 0.0314308 0.0669683 0.0977518 0.0977974 0.0671913 0.0321794 0.0122645 0.00765245 0.0121943 0.0225751 0.0373094 0.0538407 0.0679086 0.0751752 0.0736154 0.0646867 0.0522708 0.0402901 0.030875 0.0241468 0.0191831
 1.03124e-16 6.814e-05 0.000662345 0.00440152 0.0200087 0.0622544 0.13264 0.193594 0.193604 0.132689 0.0624191 0.0204851 0.00560061 0.00329082 0.00509192 0.00839331 0.0122786 0.0158469 0.0182181 0.0189717 0.0183554 0.0170355 0.0156074 0.0142768 0.0129084 0.0112979
 1.00783e-16 7.15859e-05 0.00069584 0.0046241 0.0210205 0.0654027 0.139348 0.203385 0.203396 0.139404 0.0655904 0.0215626 0.00598421 0.00366259 0.00569907 0.00929037 0.0133342 0.0166807 0.0182122 0.0174181 0.0147017 0.0111183 0.00775766 0.0052475 0.00365966 0.00273412
 1.01741e-16 3.16161e-05 0.00030732 0.00204225 0.00928381 0.0288857 0.061546 0.0898398 0.0898951 0.061816 0.0297921 0.0119008 0.00860764 0.0146276 0.0271928 0.0448113 0.0643275 0.0804229 0.0876909 0.0836264 0.0701338 0.0522818 0.035351 0.0224498 0.014059 0.0090772
 1.01843e-16 7.23281e-05 0.000703054 0.00467204 0.0212384 0.0660807 0.140792 0.205492 0.205498 0.140825 0.0661903 0.0215557 0.00547142 0.00245793 0.00343384 0.00563689 0.00828593 0.0107778 0.0125357 0.013271 0.0131097 0.0124292 0.0115529 0.0105701 0.00939514 0.00795306
 1.01424e-16 5.43861e-05 0.000528652 0.00351308 0.01597 0.0496887 0.105868 0.154524 0.154555 0.106018 0.0501907 0.0174193 0.0071486 0.00845676 0.0150871 0.0247926 0.0355618 0.0444114 0.0483437 0.0459853 0.0384245 0.0285157 0.0192251 0.0122872 0.00793682 0.00549384
 1.03024e-16 4.82456e-05 0.000468965 0.00311644 0.0141669 0.0440786 0.0939154 0.137079 0.137111 0.0940715 0.0446031 0.0156822 0.00692227 0.00878399 0.0158598 0.0261941 0.037845 0.0478266 0.053107 0.0522525 0.046236 0.0377018 0.029321 0.022546 0.0174851 0.0135777
 1.0184e-16 6.91505e-05 0.000672167 0.00446679 0.0203054 0.0631776 0.134607 0.196465 0.196477 0.134663 0.063367 0.0208528 0.00584219 0.00367882 0.00579147 0.00949673 0.0137476 0.0174424 0.0195027 0.0194248 0.0175588 0.0148352 0.01217 0.010024 0.00837604 0.00698578
 1.01443e-16 5.64715e-05 0.000548923 0.00364779 0.0165823 0.0515939 0.109927 0.160448 0.160476 0.110063 0.0520477 0.0178925 0.00693491 0.00771934 0.0136585 0.0224493 0.0322358 0.0403317 0.0440387 0.0421137 0.0355161 0.0267795 0.0185294 0.0122898 0.0082618 0.00585833
pSPR Fmed_Fpbrs
0.537586   0.206345 0.206345
Fs Fmed_Fpbrs
0.34   1.005 1.005
SSBpbr Bo_Bmed_Bpbrs
479269  233685  74931.2 74931.2
Ro
95990.7
SPR SPRFo_SPRFmed_SPRFpbrs
685153 368329 141378
Fref
1.005
Nvult_r0
 107190 25133.4 1758.55 482.74 121.34
CTP_r0
 48510 12598 881.467 241.972 60.8211
YTP_r0
615138
Np
 107387 17283.7 4018.05 828.24 65.7545
Nvult_p0
 90103.8 14956.2 3476.98 716.709 56.9
CTP_p0
 40777.3 12942.4 2667.81 186.663 62.092
 40777.3 7496.76 1742.82 359.248 28.5209
YTP_p0
 605555 492487
CBA_c0
612263
log_Ro
11.292
likeval ReclasPelacesDesembMPH_pf_preclas_ppelaces_ptallas_desvR_qrecl_qpela
 33.8336 34.5278 0.0299439 50.3797 257.737 138.243 121.8 0 22.6227 0.000132089 0.00024223 0.028976 0 0 0
q_reclas_q_pelaces
5.08021 9.03445
M
1
N
 144135 26556.9 30934.6 2718.82 0.154048
 96721.6 36833.2 6273.6 7307.76 642.311
 83819.2 18137 5972.49 1017.26 1289.1
 130426 15792.7 2957.99 974.058 376.146
 93486 22922.7 2366.78 443.302 202.35
 196067 27193.6 6338.53 654.456 178.534
 70443.5 51600.5 6657.95 1551.89 203.945
 24391 10772 6529.36 842.476 222.178
 23413.3 7546.29 3210.53 1946.05 317.315
 32022 3931.79 1070.03 455.241 320.936
 58641.9 2417.8 210.968 57.4149 41.6474
 168671 16843.7 658.365 57.4464 26.9745
 60335.3 35601 3153.66 123.266 15.8062
 34228 11645.5 5978.96 529.636 23.3563
 73038.1 611.724 108.392 55.6502 5.14707
 219892 11684.5 81.7723 14.4894 8.12709
 55494.9 33891.4 1492.76 10.4469 2.8894
 210166 9288 4786.09 210.805 1.88333
 320346 25697.9 895.512 461.455 20.5066
 291127 37799.7 2372.7 82.6833 44.4999
 256955 54632.9 6134.83 385.086 20.6416
 240168 56033.1 10642.7 1195.09 79.0373
 51901.8 34777.1 6635.57 1260.33 150.885
 100005 7450.27 4074.94 777.511 165.357
 173526 13657.9 821.69 449.425 103.989
 34014.2 29202.9 1941.71 116.818 78.6775
 132569 5790.11 4209.81 279.911 28.182
 95860.6 25866.5 985.317 716.393 52.429
 57491.6 18724.3 4407.57 167.894 131.004
 124119 9574.61 2628.33 618.69 41.9565
 127752 29044.5 2032.21 557.862 140.222
pred_Ctot
 28654.7 6226.34 7252.7 637.435 0.0361171
 31637 13897.2 2367.03 2757.22 242.344
 27270.6 6808.78 2242.12 381.887 483.938
 45672.9 6352.23 1189.78 391.792 151.296
 12606.9 3683.05 380.276 71.2263 32.512
 36246 5942.1 1385.04 143.006 39.0115
 27895.2 23268.4 3002.29 699.8 91.9655
 2486.28 1314.94 797.044 102.842 27.1215
 8562.67 3160.82 1344.76 815.116 132.91
 18145.5 2448.81 666.441 283.534 199.886
 8291.95 406.914 35.5058 9.66287 7.00921
 47526 5518.89 215.716 18.8225 8.8383
 19091.2 13019 1153.26 45.0773 5.78018
 25263.4 9070.27 4656.81 412.516 18.1914
 27876.9 266.601 47.2394 24.2534 2.24319
 86533.7 5238.57 36.6615 6.49611 3.64367
 20357.9 14236.3 627.045 4.3883 1.21371
 96688.4 4804.55 2475.77 109.047 0.974221
 150336 13534.5 471.645 243.038 10.8003
 95145.4 14250.5 894.51 31.1716 16.7765
 68993.3 17097.4 1919.9 120.513 6.45982
 99101.9 26244.2 4984.72 559.743 37.0187
 21551.4 16382.8 3125.88 593.718 71.0788
 42976.3 3621.94 1981.02 377.985 80.388
 63336.2 5710.2 343.538 187.899 43.4764
 12283.9 12089.1 803.809 48.359 32.5701
 41407.3 2091.67 1520.79 101.117 10.1807
 29902.5 9332.72 355.505 258.476 18.9165
 21185.4 7898.27 1859.2 70.8211 55.2602
 29614.4 2676.31 734.676 172.937 11.7277
 30586.1 8145.38 569.921 156.449 39.3245
F
 0.364347 0.442937 0.442937 0.442937 0.442937
 0.67388 0.819237 0.819237 0.819237 0.819237
 0.669118 0.813448 0.813448 0.813448 0.813448
 0.738678 0.898013 0.898013 0.898013 0.898013
 0.234829 0.285482 0.285482 0.285482 0.285482
 0.334927 0.407172 0.407172 0.407172 0.407172
 0.877864 1.06722 1.06722 1.06722 1.06722
 0.173158 0.210509 0.210509 0.210509 0.210509
 0.78421 0.953366 0.953366 0.953366 0.953366
 1.58356 1.92514 1.92514 1.92514 1.92514
 0.247474 0.300855 0.300855 0.300855 0.300855
 0.555574 0.675413 0.675413 0.675413 0.675413
 0.645 0.784128 0.784128 0.784128 0.784128
 3.02452 3.67692 3.67692 3.67692 3.67692
 0.832722 1.01234 1.01234 1.01234 1.01234
 0.869975 1.05763 1.05763 1.05763 1.05763
 0.787568 0.957449 0.957449 0.957449 0.957449
 1.10149 1.33908 1.33908 1.33908 1.33908
 1.1371 1.38238 1.38238 1.38238 1.38238
 0.673124 0.818318 0.818318 0.818318 0.818318
 0.522959 0.635763 0.635763 0.635763 0.635763
 0.932381 1.1335 1.1335 1.1335 1.1335
 0.941103 1.1441 1.1441 1.1441 1.1441
 0.990902 1.20464 1.20464 1.20464 1.20464
 0.782058 0.950749 0.950749 0.950749 0.950749
 0.770625 0.936851 0.936851 0.936851 0.936851
 0.634154 0.770943 0.770943 0.770943 0.770943
 0.633073 0.769628 0.769628 0.769628 0.769628
 0.792524 0.963473 0.963473 0.963473 0.963473
 0.452407 0.549992 0.549992 0.549992 0.549992
 0.454291 0.552282 0.552282 0.552282 0.552282
YTP_r0W_actual
 402633 177632 24328.5 8275.45 2268.63
YTP_p0W_proyectada
 307461 225844 64214.2 5846.29 2188.74
 307461 130819 41949.8 11251.7 1005.36
CTP_r0_actual
 48510 12598 881.467 241.972 60.8211
CTP_p0_proyectada
 40777.3 12942.4 2667.81 186.663 62.092
 40777.3 7496.76 1742.82 359.248 28.5209
Wmedp
 7.54 17.45 24.07 31.32 35.25
Frms_r0
 0.826682 1.005 1.005 1.005 1.005
Zrms_r0
 1.82668 2.005 2.005 2.005 2.005
nmprior
 7.29 8.9 8.7 0
nm_flota  nm_reclas  nm_pelaces    nm_pelaL
inf 7.02778 8.21259 15.4463
cv_recla  cv_pelaces  cv_mph
0.526137 0.666279 0.295289
 ------------------------------------------------
Talla a la edad & desviaci?n 
 8 13.2811 15.8009 17.003 17.5766
 0.8 1.32811 1.58009 1.7003 1.75766
