years
 1991 1992 1993 1994 1995 1996 1997 1998 1999 2000 2001 2002 2003 2004 2005 2006 2007 2008 2009 2010 2011 2012 2013 2014 2015 2016 2017 2018 2019 2020 2021 2022 2023
reclasobs
 0 0 0 0 0 0 0 0 0 252601 567819 844713 477998 351125 339783 2.1784e+06 2.13404e+06 4.81314e+06 1.55562e+06 2.62356e+06 3.21686e+06 3.843e+06 1.13348e+06 3.07943e+06 1.97215e+06 2.03268e+06 2.025e+06 2.42433e+06 2.27542e+06 1.05018e+06 2.36338e+06 3.18982e+06 1.53035e+06
reclaspred
 2.31524e+06 1.42273e+06 985098 1.05085e+06 1.13029e+06 1.33935e+06 1.03968e+06 1.56531e+06 1.71389e+06 1.84832e+06 1.37223e+06 1.36514e+06 1.21323e+06 1.10433e+06 1.15469e+06 1.10851e+06 1.14486e+06 1.28035e+06 566633 354437 526700 216642 448751 860116 794506 1.09421e+06 1.24013e+06 1.0566e+06 1.25953e+06 1.35424e+06 1.37554e+06 1.86152e+06 1.49768e+06
pelacesobs
 0 0 0 0 0 0 0 0 0 0 0 0 0 0 0 552880 188675 0 991730 2.46772e+06 1.41603e+06 1.21717e+06 2.29649e+06 1.80582e+06 0 1.4828e+06 1.56532e+06 1.57751e+06 1.42118e+06 867257 1.10002e+06 1.06204e+06 0
pelacespred
 1.14057e+06 704838 464673 427013 512103 592454 448721 805775 921158 927589 775956 632612 592776 584516 621413 493368 490612 509142 223364 114473 182612 55724.3 185127 398385 353216 505055 642890 540481 547474 646839 638207 854249 691690
mphobs
 0 0 0 0 0 0 0 0 0 0 0 0 498337 0 5186 125008 0 168611 109162 213762 579715 649985 157893 87575 83554 210694 70296 0 107559 103333 445601 22526 28222
mphpred
 2.33928e+06 1.45563e+06 929275 750956 855691 978073 968902 832662 1.32516e+06 1.55759e+06 1.25723e+06 1.15685e+06 1.04059e+06 861125 821475 1.03411e+06 795632 1.02098e+06 606343 246207 253840 186359 87686.2 384614 659433 574793 887109 834505 950603 999507 958931 1.13337e+06 1.06827e+06
desembarqueobs
 494567 514787 250237 358949 120608 361735 552515 73892 212993 205616 52469 317467 293654 387597 252695 516296 358380 742168 942051 627588 828172 859565 418607 520667 417249 300574 415391 372974 316634 284311 391294 218835 356480
desembarquepred
 495105 506859 260305 358771 120552 361521 552169 73863.6 212978 205637 52460.3 318131 294460 390258 253074 515651 357577 734749 910715 603163 799277 827783 419786 523354 418714 301213 416021 374210 317568 284953 393180 219156 356604
Reclutas
 197181 197181 197181 197181 197181 197181 197181 197181 197181 197181 197181 197181 197181 197181 197181 197181 197181 197181 197181 197181 197181 197181 197181 197181 197181 197181 197181 197181 197181 197181 197181 197181 197181
log_desv_Rt
 0 0 0 0 0 0 0 0 0 0 0 0 0 0 0 0 0 0 0 0 0 0 0 0 0 0 0 0 0 0 0 0 0
SSB
 2.33928e+06 1.45563e+06 929275 750956 855691 978073 968902 832662 1.32516e+06 1.55759e+06 1.25723e+06 1.15685e+06 1.00293e+06 849742 801877 1.00495e+06 795632 1.02098e+06 635429 258502 278277 241180 107486 435769 689490 635716 922786 834505 986553 975827 1.06137e+06 1.28084e+06 1.1219e+06
BT
 3.30847e+06 2.37327e+06 1.45021e+06 1.53869e+06 1.51356e+06 2.06295e+06 1.74208e+06 2.818e+06 3.0045e+06 2.74639e+06 2.17417e+06 2.01739e+06 1.98982e+06 2.2936e+06 2.29385e+06 1.85489e+06 1.78695e+06 2.11166e+06 1.65395e+06 914129 1.36811e+06 927779 1.15015e+06 1.9791e+06 1.42661e+06 1.9607e+06 2.4993e+06 2.07773e+06 1.79409e+06 2.22723e+06 2.24672e+06 2.71335e+06 2.36048e+06
Ftot
 0.201762 0.332205 0.248358 0.319217 0.101553 0.253851 0.48831 0.0451423 0.118242 0.105878 0.0365841 0.219661 0.228711 0.330686 0.207287 0.430148 0.293108 0.525421 1.34268 1.4365 1.29785 2.68379 0.850845 0.560896 0.485684 0.259278 0.314305 0.331679 0.237364 0.198889 0.268713 0.112024 0.224532
BD_Bspro_t
 0.968234 0.798986 0.661531 0.638977 0.646135 0.722557 0.672042 0.590719 0.76491 0.816488 0.822165 0.858517 0.767663 0.702063 0.674324 0.695073 0.578166 0.622939 0.439484 0.232309 0.2075 0.170132 0.0970252 0.318065 0.446957 0.48401 0.620335 0.630113 0.661386 0.664162 0.69775 0.716135 0.768469
BD_Bspro
 1.64674 1.02469 0.654163 0.528635 0.602363 0.688514 0.682058 0.586151 0.932849 1.09646 0.885026 0.814361 0.706014 0.598176 0.564481 0.707435 0.560085 0.718721 0.44731 0.181972 0.195893 0.169778 0.0756645 0.306759 0.485366 0.447512 0.649595 0.587449 0.694484 0.686932 0.747151 0.901647 0.789761
BD_Bo
 1.40262 0.872782 0.557187 0.450268 0.513066 0.586445 0.580946 0.499258 0.794559 0.933917 0.753825 0.693636 0.601351 0.509499 0.480799 0.602561 0.477055 0.612174 0.380998 0.154996 0.166853 0.14461 0.0644476 0.261284 0.413413 0.381171 0.553295 0.500363 0.59153 0.585098 0.63639 0.767983 0.672683
BD_Brms
 5.91688 3.68179 2.35047 1.89944 2.16435 2.47389 2.4507 2.1061 3.35181 3.93969 3.17998 2.92608 2.53677 2.1493 2.02823 2.54188 2.01244 2.58243 1.60723 0.653843 0.703862 0.610029 0.27187 1.10222 1.74396 1.60795 2.33405 2.11076 2.49534 2.46821 2.68458 3.2397 2.83769
Sel_flota
 0.5 1 1 1 1
 0.5 1 1 1 1
 0.5 1 1 1 1
 0.5 1 1 1 1
 0.5 1 1 1 1
 0.5 1 1 1 1
 0.5 1 1 1 1
 0.5 1 1 1 1
 0.5 1 1 1 1
 0.5 1 1 1 1
 0.5 1 1 1 1
 0.5 1 1 1 1
 0.5 1 1 1 1
 0.5 1 1 1 1
 0.5 1 1 1 1
 0.5 1 1 1 1
 0.5 1 1 1 1
 0.5 1 1 1 1
 0.5 1 1 1 1
 0.5 1 1 1 1
 0.5 1 1 1 1
 0.5 1 1 1 1
 0.5 1 1 1 1
 0.5 1 1 1 1
 0.5 1 1 1 1
 0.5 1 1 1 1
 0.5 1 1 1 1
 0.5 1 1 1 1
 0.5 1 1 1 1
 0.5 1 1 1 1
 0.5 1 1 1 1
 0.5 1 1 1 1
 0.5 1 1 1 1
Sel_reclas
 0.5 1 1 1 1
 0.5 1 1 1 1
 0.5 1 1 1 1
 0.5 1 1 1 1
 0.5 1 1 1 1
 0.5 1 1 1 1
 0.5 1 1 1 1
 0.5 1 1 1 1
 0.5 1 1 1 1
 0.5 1 1 1 1
 0.5 1 1 1 1
 0.5 1 1 1 1
 0.5 1 1 1 1
 0.5 1 1 1 1
 0.5 1 1 1 1
 0.5 1 1 1 1
 0.5 1 1 1 1
 0.5 1 1 1 1
 0.5 1 1 1 1
 0.5 1 1 1 1
 0.5 1 1 1 1
 0.5 1 1 1 1
 0.5 1 1 1 1
 0.5 1 1 1 1
 0.5 1 1 1 1
 0.5 1 1 1 1
 0.5 1 1 1 1
 0.5 1 1 1 1
 0.5 1 1 1 1
 0.5 1 1 1 1
 0.5 1 1 1 1
 0.5 1 1 1 1
 0.5 1 1 1 1
Sel_pelaces
 0.5 1 1 1 1
 0.5 1 1 1 1
 0.5 1 1 1 1
 0.5 1 1 1 1
 0.5 1 1 1 1
 0.5 1 1 1 1
 0.5 1 1 1 1
 0.5 1 1 1 1
 0.5 1 1 1 1
 0.5 1 1 1 1
 0.5 1 1 1 1
 0.5 1 1 1 1
 0.5 1 1 1 1
 0.5 1 1 1 1
 0.5 1 1 1 1
 0.5 1 1 1 1
 0.5 1 1 1 1
 0.5 1 1 1 1
 0.5 1 1 1 1
 0.5 1 1 1 1
 0.5 1 1 1 1
 0.5 1 1 1 1
 0.5 1 1 1 1
 0.5 1 1 1 1
 0.5 1 1 1 1
 0.5 1 1 1 1
 0.5 1 1 1 1
 0.5 1 1 1 1
 0.5 1 1 1 1
 0.5 1 1 1 1
 0.5 1 1 1 1
 0.5 1 1 1 1
 0.5 1 1 1 1
pf_obs 
 0.8446 0.082 0.0669 0.0065 0
 0.8095 0.147 0.0364 0.0071 0
 0.9664 0.0169 0.016 0.0007 0
 0.9276 0.0648 0.0075 0.0001 0
 0.7033 0.2144 0.0806 0.0017 0
 0.9318 0.0425 0.0243 0.0014 0
 0.5671 0.3108 0.0964 0.0239 0.0018
 0.0768 0.2599 0.5324 0.112 0.0189
 0.490249 0.384438 0.106611 0.0170017 0.00170017
 0.7925 0.1577 0.0466 0.003 0.0002
 0.840416 0.127587 0.0312969 0.00059994 9.999e-05
 0.8084 0.0986 0.0794 0.0134 0.0002
 0.7335 0.1905 0.0724 0.0035 0.0001
 0.4001 0.4547 0.1325 0.0127 0
 0.49795 0.308269 0.164784 0.0264974 0.00249975
 0.9179 0.0499 0.0305 0.0017 0
 0.2467 0.6533 0.0926 0.0074 0
 0.9418 0.0223 0.034 0.0019 0
 0.707729 0.231977 0.0356964 0.0245975 0
 0.517169 0.277429 0.184464 0.0207286 0.00020938
 0.811772 0.124168 0.05621 0.00726502 0.000585176
 0.764997 0.148141 0.077277 0.00933861 0.000247198
 0.163321 0.427699 0.378323 0.0303852 0.000271297
 0.753843 0.0900009 0.118128 0.0371064 0.000921714
 0.721811 0.176058 0.0630433 0.0369309 0.00215725
 0.143369 0.312575 0.442814 0.0836902 0.0175525
 0.692698 0.0596174 0.167031 0.0765114 0.00414204
 0.394062 0.376323 0.152708 0.0712218 0.00568511
 0.125707 0.32114 0.495352 0.0537591 0.00404204
 0.23352 0.215282 0.420074 0.123614 0.00750983
 0.796117 0.104755 0.0508955 0.0450114 0.00322123
 0.162477 0.292055 0.404252 0.121198 0.0200186
 0 0 0 0 0
pf_pred 
 0.467424 0.0223895 0.380174 0.0869503 0.0430621
 0.511093 0.318182 0.00717727 0.12187 0.0416773
 0.54076 0.320515 0.0902826 0.00203652 0.0464058
 0.540502 0.329554 0.090691 0.0255459 0.013707
 0.540117 0.331757 0.0918923 0.0252881 0.0109452
 0.515728 0.342677 0.102146 0.0282931 0.011156
 0.541791 0.319254 0.0983258 0.0293092 0.0113193
 0.562111 0.32096 0.08147 0.0250916 0.0103679
 0.507114 0.356029 0.100312 0.0254625 0.0110824
 0.500739 0.339785 0.115195 0.0324563 0.0118242
 0.493293 0.341622 0.112353 0.03809 0.0146418
 0.489691 0.33837 0.115921 0.0381242 0.0178932
 0.516356 0.325009 0.105186 0.0360353 0.0174136
 0.531014 0.326252 0.0959172 0.0310427 0.0157739
 0.544364 0.325501 0.0905287 0.0266152 0.0129907
 0.540703 0.329598 0.0926554 0.0257694 0.011274
 0.565585 0.31646 0.0846461 0.0237954 0.00951335
 0.56311 0.323203 0.0828185 0.0221521 0.00871699
 0.625887 0.281232 0.0687115 0.0176069 0.00656264
 0.73989 0.218157 0.0315371 0.00770524 0.00271034
 0.758707 0.217519 0.0199394 0.00288246 0.000951974
 0.774551 0.204212 0.0191439 0.00175487 0.00033747
 0.852189 0.140043 0.00703659 0.000659646 7.20962e-05
 0.684853 0.295548 0.0185694 0.000933038 9.70276e-05
 0.623614 0.315321 0.0572668 0.00359809 0.000199591
 0.591611 0.324064 0.0706439 0.0128299 0.000850824
 0.555293 0.337044 0.0854329 0.0186238 0.00360665
 0.554633 0.326427 0.0901445 0.0228496 0.00594569
 0.552475 0.328246 0.0874242 0.0241427 0.007712
 0.536378 0.336602 0.0931656 0.0248135 0.00904126
 0.529613 0.334224 0.0988579 0.0273622 0.00994293
 0.530162 0.333263 0.0970407 0.028703 0.0108314
 0.512877 0.340947 0.103685 0.0301914 0.0123
pobs_RECLAS
 0 0 0 0 0
 0 0 0 0 0
 0 0 0 0 0
 0 0 0 0 0
 0 0 0 0 0
 0 0 0 0 0
 0 0 0 0 0
 0 0 0 0 0
 0 0 0 0 0
 0 0 0 0 0
 0.991045 0.00858322 0.000360255 1.14367e-05 0
 0.934742 0.0480273 0.0164251 0.00080598 0
 0.827803 0.169806 0.00239088 0 0
 0.941827 0.0461693 0.0120037 0 0
 0.791401 0.0380133 0.147996 0.0225897 0
 0.846168 0.0940531 0.0597789 0 0
 0.134021 0.677848 0.182769 0.00536245 0
 0.80878 0.0450904 0.141981 0.00414843 0
 0.846168 0.0940531 0.0597789 0 0
 0.905697 0.0802665 0.012482 0.00150086 5.37128e-05
 0.989698 0.0102097 9.19794e-05 0 0
 0.975433 0.0193895 0.00387452 0.00125025 5.28907e-05
 0.303575 0.632131 0.0575291 0.00676475 0
 0.966965 0.00978017 0.0227588 0.000495775 0
 0.843318 0.132988 0.00938335 0.0141283 0.000182051
 0.564624 0.303363 0.111486 0.0197234 0.00080311
 0.826376 0.0876187 0.0782897 0.00655872 0.00115652
 0.89761 0.0855135 0.0140674 0.00269457 0.000114338
 0.34875 0.467042 0.161289 0.0227151 0.000203297
 0.318654 0.224769 0.449479 0.00709798 0
 0.937255 0.0296025 0.0250945 0.00804832 0
 0.456809 0.399803 0.12412 0.0192676 0
 0.883104 0.0372192 0.0704036 0.00927362 0
ppred_RECLAS
 0.469783 0.0222904 0.37849 0.0865653 0.0428714
 0.515304 0.315441 0.00711546 0.12082 0.0413184
 0.543738 0.318436 0.0896972 0.00202331 0.0461049
 0.544492 0.326692 0.0899035 0.025324 0.0135879
 0.541227 0.330957 0.0916705 0.0252271 0.0109188
 0.5188 0.340503 0.101498 0.0281136 0.0110853
 0.548477 0.314596 0.0968911 0.0288815 0.0111541
 0.562581 0.320615 0.0813826 0.0250647 0.0103568
 0.508429 0.355079 0.100044 0.0253945 0.0110529
 0.501907 0.338991 0.114925 0.0323804 0.0117966
 0.493678 0.341363 0.112268 0.0380611 0.0146306
 0.492297 0.336643 0.115329 0.0379296 0.0178019
 0.519082 0.323177 0.104593 0.0358322 0.0173155
 0.535186 0.32335 0.0950638 0.0307665 0.0156336
 0.546785 0.323772 0.0900477 0.0264737 0.0129217
 0.546419 0.325497 0.0915024 0.0254488 0.0111337
 0.569154 0.31386 0.0839507 0.0235999 0.00943519
 0.57037 0.317832 0.0814423 0.021784 0.00857214
 0.650186 0.262966 0.0642486 0.0164633 0.00613639
 0.761593 0.199955 0.0289058 0.00706235 0.0024842
 0.776579 0.201408 0.0184625 0.00266897 0.000881464
 0.821684 0.16152 0.0151417 0.001388 0.000266918
 0.859056 0.133536 0.00670969 0.000629 6.87468e-05
 0.691745 0.289084 0.0181632 0.000912632 9.49055e-05
 0.629879 0.310073 0.0563136 0.0035382 0.000196268
 0.594653 0.32165 0.0701176 0.0127344 0.000844486
 0.559187 0.334092 0.0846848 0.0184607 0.00357507
 0.558785 0.323384 0.0893042 0.0226366 0.00589026
 0.555289 0.326182 0.0868744 0.0239908 0.0076635
 0.538695 0.33492 0.0927001 0.0246895 0.00899608
 0.532885 0.331899 0.0981703 0.0271719 0.00987377
 0.531398 0.332386 0.0967854 0.0286275 0.0108029
 0.515547 0.339078 0.103117 0.0300259 0.0122326
pobs_PELACES
 0 0 0 0 0
 0 0 0 0 0
 0 0 0 0 0
 0 0 0 0 0
 0 0 0 0 0
 0 0 0 0 0
 0 0 0 0 0
 0 0 0 0 0
 0 0 0 0 0
 0 0 0 0 0
 0 0 0 0 0
 0 0 0 0 0
 0 0 0 0 0
 0 0 0 0 0
 0 0 0 0 0
 0 0 0 0 0
 0.505614 0.472636 0.0217494 0 0
 0 0 0 0 0
 0.443492 0.261883 0.143347 0.151278 0
 0.227955 0.32914 0.350689 0.0885471 0.00366901
 0.970185 0.0296113 0.000203453 0 0
 0.997202 0.00247181 0.000326279 0 0
 0.445219 0.490057 0.0546422 0.010081 0
 0.90214 0.0892962 0.00764917 0.000914606 0
 0 0 0 0 0
 0.581667 0.319106 0.0959925 0.00289975 0.000334073
 0.762889 0.0836404 0.116647 0.0363945 0.000428098
 0.88444 0.0763242 0.0277011 0.0115352 0
 0.521256 0.241999 0.230069 0.00667565 0
 0.616807 0.101726 0.260614 0.0208532 0
 0.833518 0.0704572 0.0857862 0.0102388 0
 0.697417 0.212968 0.0787535 0.0105354 0.000325836
 0 0 0 0 0
ppred_PELACES
 0.478083 0.0219414 0.372566 0.0852102 0.0422003
 0.52898 0.306541 0.00691469 0.117411 0.0401526
 0.553885 0.311355 0.0877025 0.00197832 0.0450796
 0.557522 0.317347 0.0873318 0.0245996 0.0131993
 0.545384 0.327958 0.0908398 0.0249985 0.0108198
 0.529246 0.333111 0.0992946 0.0275032 0.0108446
 0.568342 0.300755 0.0926283 0.0276109 0.0106634
 0.564413 0.319272 0.0810417 0.0249597 0.0103134
 0.513304 0.351558 0.0990523 0.0251427 0.0109433
 0.506275 0.336018 0.113917 0.0320965 0.0116932
 0.495187 0.340345 0.111933 0.0379477 0.014587
 0.501357 0.330635 0.113271 0.0372527 0.0174842
 0.528495 0.316852 0.102546 0.0351309 0.0169766
 0.54873 0.313928 0.0922938 0.02987 0.0151781
 0.555247 0.317727 0.0883666 0.0259795 0.0126804
 0.563944 0.31292 0.0879669 0.0244655 0.0107035
 0.580972 0.305251 0.081648 0.0229526 0.00917639
 0.591472 0.302221 0.077442 0.020714 0.0081511
 0.69876 0.226451 0.0553273 0.0141772 0.00528431
 0.801938 0.166117 0.0240141 0.00586718 0.0020638
 0.811531 0.1699 0.0155743 0.00225144 0.00074357
 0.877678 0.1108 0.010387 0.000952144 0.000183102
 0.875213 0.118228 0.00594052 0.000556894 6.08659e-05
 0.711122 0.270913 0.0170215 0.000855265 8.89399e-05
 0.64836 0.29459 0.0535018 0.00336153 0.000186468
 0.604922 0.313502 0.0683413 0.0124118 0.000823093
 0.571929 0.324435 0.082237 0.0179271 0.00347173
 0.572231 0.313529 0.0865826 0.0219467 0.00571075
 0.564939 0.319104 0.0849894 0.0234703 0.00749722
 0.546838 0.329007 0.0910635 0.0242536 0.00883726
 0.543904 0.32407 0.0958546 0.0265309 0.00964086
 0.535998 0.329123 0.0958353 0.0283465 0.0106969
 0.524793 0.332606 0.101149 0.0294528 0.0119991
pobs_pel_tallas
 0 0 0 0 0 0 0 0 0 0 0 0 0 0 0 0 0 0 0 0 0 0 0 0 0 0
 0 0 0 0 0 0 0 0 0 0 0 0 0 0 0 0 0 0 0 0 0 0 0 0 0 0
 0 0 0 0 0 0 0 0 0 0 0 0 0 0 0 0 0 0 0 0 0 0 0 0 0 0
 0 0 0 0 0 0 0 0 0 0 0 0 0 0 0 0 0 0 0 0 0 0 0 0 0 0
 0 0 0 0 0 0 0 0 0 0 0 0 0 0 0 0 0 0 0 0 0 0 0 0 0 0
 0 0 0 0 0 0 0 0 0 0 0 0 0 0 0 0 0 0 0 0 0 0 0 0 0 0
 0 0 0 0 0 0 0 0 0 0 0 0 0 0 0 0 0 0 0 0 0 0 0 0 0 0
 0 0 0 0 0 0 0 0 0 0 0 0 0 0 0 0 0 0 0 0 0 0 0 0 0 0
 0 0 0 0 0 0 0 0 0 0 0 0 0 0 0 0 0 0 0 0 0 0 0 0 0 0
 0 0 0 0 0 0 0 0 0 0 0 0 0 0 0 0 0 0 0 0 0 0 0 0 0 0
 0 0 0 0 0 0 0 0 0 0 0 0 0 0 0 0 0 0 0 0 0 0 0 0 0 0
 0 0 0 0 0 0 0 0 0 0 0 0 0 0 0 0 0 0 0 0 0 0 0 0 0 0
 0.00862536 0 0 0.000197151 0.00414017 0.0128641 0.00837892 0.0270097 0.101434 0.158115 0.152841 0.127902 0.109271 0.109419 0.0830992 0.0579132 0.0238553 0.00714673 0.00463305 0.00128148 0.00103504 0.000492878 0.000147863 0.000147863 4.92878e-05 0
 0 0 0 0 0 0 0 0 0 0 0 0 0 0 0 0 0 0 0 0 0 0 0 0 0 0
 0 0 0 0 0 0 0 0.0054083 0.00873648 0.0413646 0.0450493 0.0745869 0.0622846 0.0627006 0.0613931 0.0827291 0.12552 0.122667 0.0946155 0.0697135 0.0546179 0.0294188 0.0215738 0.0213955 0.0102223 0.00600262
 0 0 0 0 0.00359764 0.0251062 0.0480494 0.140153 0.205849 0.193036 0.1447 0.116669 0.0760912 0.0342217 0.00950174 0.001854 0.000860785 0 0 0 0.000165536 0 0.000143464 0 0 0
 0 0 0 0 0 0 0 0.000145254 0.000435761 0.0275982 0.070085 0.0708112 0.156366 0.174668 0.174014 0.160142 0.0824315 0.0480064 0.0283245 0.00493863 0.00203355 0 0 0 0 0
 0 0 0 0 0 0 0 0 0 0 0 0 0 0 0 0 0 0 0 0 0 0 0 0 0 0
 0 0 1.00437e-05 0.000401748 0.00122533 0.00171747 0.00176769 0.0269171 0.070346 0.194647 0.189555 0.159765 0.064822 0.0314167 0.0384472 0.0292271 0.0345202 0.0313363 0.0194345 0.0106764 0.0143323 0.0359363 0.0279516 0.0138201 0.00172751 0
 0 0.0021121 0.0136068 0.0755702 0.200478 0.177729 0.0527432 0.0373336 0.0318909 0.0142505 0.0149659 0.0166563 0.0217959 0.0798694 0.0677717 0.0528807 0.04013 0.0224614 0.0357745 0.0225083 0.00881397 0.00855152 0.00135912 0.000746735 0 0
 0 0 0 0 5.4009e-05 0.00500934 0.000945158 0.0243581 0.138947 0.33067 0.221406 0.137944 0.0707744 0.0437923 0.0131692 0.00525238 0.0047753 0.00276346 9.45158e-05 9.00151e-06 2.25038e-05 9.00151e-06 4.50075e-06 0 0 0
 0.000866109 0.00284123 0.00948549 0.0512746 0.133035 0.25785 0.225252 0.132002 0.0553304 0.0519788 0.0540692 0.017754 0.00435017 0.00159236 0.00146478 0.000404838 0.000125132 0.000115318 0.000107957 0.000100596 0 0 0 0 0 0
 0 0 0 0 0.00144013 0.00171154 0.00461396 0.0210425 0.0478622 0.0707936 0.0888783 0.103762 0.0637923 0.0337046 0.0602308 0.124433 0.169614 0.0934646 0.0462172 0.0250306 0.0313229 0.00938855 0.002487 0.000210481 0 0
 0 0.00764035 0.051015 0.0998891 0.058973 0.0496711 0.0374665 0.0718981 0.12319 0.153886 0.159021 0.0857701 0.0377988 0.023471 0.0147837 0.00900784 0.00315554 0.000888139 0.00291439 0.00214683 0.00393193 0.00274676 0.000635225 9.99891e-05 0 0
 0 0 0 0 0 0 0 0 0 0 0 0 0 0 0 0 0 0 0 0 0 0 0 0 0 0
 0 0 0 0 0 0 0 0 0 0 0 0 0 0 0 0 0 0 0 0 0 0 0 0 0 0
 0 0 0 0 0 0 0 0 0 0 0 0 0 0 0 0 0 0 0 0 0 0 0 0 0 0
 0 0 0 0 0 0 0 0 0 0 0 0 0 0 0 0 0 0 0 0 0 0 0 0 0 0
 0 0 0 0 0 0 0 0 0 0 0 0 0 0 0 0 0 0 0 0 0 0 0 0 0 0
 0 0 0 0 0 0 0 0 0 0 0 0 0 0 0 0 0 0 0 0 0 0 0 0 0 0
 0 0 0 0 0 0 0 0 0 0 0 0 0 0 0 0 0 0 0 0 0 0 0 0 0 0
 0 0 0 0 0 0 0 0 0 0 0 0 0 0 0 0 0 0 0 0 0 0 0 0 0 0
 0 0 0 0 0 0 0 0 0 0 0 0 0 0 0 0 0 0 0 0 0 0 0 0 0 0
ppred_pel_tallas
 1.26444e-16 3.9379e-05 0.000382778 0.0025437 0.0115633 0.0359776 0.0766543 0.11188 0.111882 0.0766679 0.0360251 0.0117081 0.00293701 0.00134024 0.00214887 0.00425422 0.00791858 0.0137353 0.0222694 0.0337281 0.0475564 0.0621644 0.0750851 0.0836694 0.0860442 0.0818246
 1.18848e-16 4.35715e-05 0.00042353 0.00281451 0.0127944 0.0398082 0.0848166 0.123798 0.123828 0.0849609 0.0402927 0.014194 0.00632797 0.00809517 0.0146212 0.0241323 0.034854 0.044096 0.0492325 0.0492603 0.0455161 0.0408542 0.0378842 0.0375829 0.0391124 0.0406559
 1.10438e-16 4.56228e-05 0.00044347 0.00294702 0.0133967 0.0416824 0.0888098 0.129627 0.129657 0.0889568 0.0421762 0.0148242 0.00653372 0.00828535 0.0149746 0.0247788 0.0359159 0.0456478 0.0512146 0.051365 0.0470855 0.0408692 0.0351336 0.0310327 0.0283593 0.0262382
 1.07303e-16 4.59224e-05 0.000446383 0.00296637 0.0134847 0.0419561 0.089393 0.130478 0.130509 0.0895429 0.0424594 0.0149395 0.00662169 0.00843794 0.0152588 0.0252466 0.0365849 0.0464749 0.0520877 0.0521209 0.0475404 0.0408391 0.0344381 0.0295021 0.0258666 0.022759
 1.07044e-16 4.49226e-05 0.000436664 0.00290179 0.0131911 0.0410427 0.0874469 0.127638 0.12767 0.0876018 0.0415628 0.0146946 0.00667934 0.00869543 0.0157663 0.0260897 0.0378049 0.0480191 0.0538042 0.0538072 0.0490171 0.0420018 0.035261 0.0300056 0.0260857 0.022732
 1.07545e-16 4.35934e-05 0.000423743 0.00281592 0.0128008 0.0398282 0.0848594 0.123862 0.123894 0.0850168 0.0403568 0.0143287 0.00665553 0.00882003 0.0160322 0.0265474 0.0385018 0.048974 0.0550042 0.0552226 0.0506205 0.0437706 0.0371601 0.0319667 0.0280046 0.0244905
 1.07324e-16 4.68137e-05 0.000455045 0.00302394 0.0137464 0.0427703 0.0911278 0.13301 0.133039 0.0912699 0.0432477 0.0151263 0.00649196 0.00803976 0.0144929 0.0239946 0.0348177 0.0443284 0.049865 0.0501989 0.0462247 0.0402522 0.0345 0.0299961 0.0265384 0.0233966
 1.06669e-16 4.649e-05 0.0004519 0.00300303 0.0136514 0.0424746 0.0904979 0.132091 0.132122 0.0906485 0.0429808 0.0151142 0.00667795 0.00848454 0.0153323 0.0253539 0.0367082 0.0465637 0.0520601 0.0518801 0.0470046 0.0399703 0.0332577 0.0280863 0.0243263 0.0212129
 1.07322e-16 4.22803e-05 0.000410979 0.0027311 0.0124152 0.0386285 0.0823034 0.120131 0.120165 0.0824694 0.0391862 0.014027 0.00678089 0.00926518 0.0168977 0.0279729 0.0405375 0.0514952 0.0577062 0.057715 0.0525736 0.045025 0.0377418 0.0320236 0.0277218 0.0240328
 1.08571e-16 4.17012e-05 0.000405351 0.0026937 0.0122452 0.0380995 0.0811762 0.118486 0.118518 0.0813351 0.0386332 0.0137881 0.00657216 0.00889033 0.0162101 0.0268744 0.0390434 0.0498033 0.0561983 0.0568585 0.0527605 0.046432 0.0402799 0.0353855 0.0314875 0.0277813
 1.09592e-16 4.0788e-05 0.000396473 0.00263471 0.011977 0.0372651 0.0793985 0.115891 0.115924 0.0795594 0.0378056 0.0135396 0.00656253 0.0089892 0.0164139 0.0272136 0.0395355 0.0504334 0.056923 0.0576345 0.0535807 0.0473447 0.0413732 0.0367433 0.0331404 0.0296793
 1.10049e-16 4.12962e-05 0.000401414 0.00266754 0.0121263 0.0377295 0.0803878 0.117335 0.117367 0.0805441 0.0382547 0.0136449 0.00648513 0.00875428 0.0159612 0.0264706 0.03848 0.049138 0.0555584 0.0564191 0.0527022 0.0469007 0.0413601 0.0370881 0.0337428 0.0304401
 1.09437e-16 4.35315e-05 0.000423141 0.00281193 0.0127826 0.0397716 0.0847388 0.123685 0.123716 0.0848886 0.0402748 0.0142372 0.00646819 0.00842155 0.0152836 0.0253292 0.0367943 0.0469321 0.0529667 0.0536301 0.0498772 0.0441275 0.03867 0.0345077 0.0313318 0.0282866
 1.08308e-16 4.51982e-05 0.000439343 0.00291959 0.0132721 0.0412944 0.0879833 0.128421 0.128451 0.0881316 0.0417926 0.014712 0.00653826 0.00835276 0.0151152 0.0250254 0.0363025 0.046198 0.0519364 0.0522461 0.048083 0.0418879 0.0360025 0.0315074 0.0281691 0.0251739
 1.07383e-16 4.5735e-05 0.00044456 0.00295426 0.0134297 0.0417848 0.0890281 0.129946 0.129976 0.0891782 0.0422888 0.0148863 0.00661438 0.00844693 0.0152801 0.0252846 0.0366459 0.0465646 0.0522115 0.0522846 0.0477494 0.0410962 0.0347396 0.0298343 0.0262065 0.0230791
 1.06884e-16 4.64514e-05 0.000451524 0.00300054 0.01364 0.0424394 0.0904227 0.131981 0.132011 0.0905704 0.0429357 0.0150747 0.00660541 0.00833316 0.015051 0.0249034 0.0360928 0.0458594 0.0514131 0.0514651 0.0469579 0.0403361 0.0339744 0.0290163 0.0253082 0.0221103
 1.06289e-16 4.78539e-05 0.000465157 0.00309114 0.0140519 0.0437207 0.0931528 0.135965 0.135995 0.0932969 0.0442048 0.0154509 0.00660603 0.00814891 0.0146723 0.0242639 0.0351447 0.0446106 0.0499299 0.04984 0.0452657 0.0386099 0.0322194 0.0272426 0.0235558 0.020448
 1.05769e-16 4.87188e-05 0.000473564 0.003147 0.0143058 0.0445109 0.0948363 0.138423 0.138452 0.094979 0.0449901 0.0156905 0.00662556 0.00807684 0.014517 0.0239966 0.0347381 0.0440533 0.0492272 0.0490031 0.044299 0.0375093 0.0309848 0.0258965 0.0221521 0.0190646
 1.03971e-16 5.7556e-05 0.000559464 0.00371784 0.0169008 0.0525847 0.112038 0.163527 0.163549 0.112145 0.0529436 0.0179379 0.00632316 0.00625326 0.0108899 0.0179613 0.0259842 0.0329199 0.036725 0.036453 0.0327937 0.0275532 0.0225143 0.0185801 0.0157039 0.0133835
 1.01674e-16 6.60546e-05 0.000642074 0.00426681 0.0193963 0.0603492 0.128581 0.187671 0.187687 0.128659 0.0606119 0.0201551 0.00617156 0.00480032 0.00796385 0.0130627 0.018814 0.0236656 0.0260812 0.0253514 0.0220093 0.0174595 0.0131308 0.00981324 0.00756199 0.00602873
 1.00845e-16 6.68447e-05 0.000649755 0.00431785 0.0196283 0.0610711 0.130119 0.189916 0.189932 0.130199 0.0613395 0.0204033 0.00626235 0.00489224 0.00811705 0.0132947 0.019101 0.0239262 0.0261767 0.0251152 0.0212985 0.0162056 0.011367 0.00766781 0.00522547 0.00370749
 1.00455e-16 7.22932e-05 0.000702715 0.00466979 0.0212282 0.0660489 0.140725 0.205394 0.205404 0.140777 0.0662239 0.0217336 0.00593791 0.00346948 0.00532227 0.00867213 0.0124564 0.0156017 0.017066 0.0163666 0.0138645 0.0105224 0.00733827 0.00489179 0.00326473 0.00224715
 1.00268e-16 7.20902e-05 0.000700742 0.00465668 0.0211686 0.0658634 0.140329 0.204817 0.204829 0.140385 0.06605 0.0217073 0.00600794 0.0036476 0.00565999 0.00922006 0.0132207 0.0165108 0.0179698 0.0170812 0.0142411 0.0105026 0.0069653 0.00428103 0.00255483 0.00155817
 1.00662e-16 5.85742e-05 0.000569362 0.00378361 0.0171998 0.053515 0.11402 0.166422 0.166448 0.114148 0.0539427 0.0184345 0.0068811 0.00732524 0.0128715 0.0211399 0.030337 0.0379155 0.0413187 0.0393624 0.0329457 0.024464 0.0164159 0.0102774 0.00628384 0.00392102
 1.01988e-16 5.34046e-05 0.000519112 0.00344968 0.0156818 0.048792 0.103957 0.151735 0.151763 0.104096 0.0492581 0.0170284 0.00683059 0.00790188 0.0140809 0.0232098 0.0334638 0.042148 0.0465388 0.0453565 0.0395005 0.0314001 0.0235351 0.0172922 0.0128161 0.00959125
 1.03437e-16 4.98267e-05 0.000484333 0.00321857 0.0146312 0.0455231 0.0969929 0.14157 0.141601 0.0971408 0.0460196 0.0160658 0.00682143 0.0083553 0.0150154 0.0247891 0.0358078 0.0452418 0.0502274 0.0494237 0.0437772 0.0358173 0.0280854 0.0219396 0.0174336 0.013968
 1.04842e-16 4.71091e-05 0.000457917 0.00304302 0.0138332 0.0430402 0.091703 0.13385 0.133881 0.0918561 0.0435545 0.0153193 0.00677626 0.00861703 0.0155704 0.0257388 0.037242 0.0471854 0.0526366 0.0522254 0.0469191 0.0392827 0.0318569 0.0259441 0.0215141 0.0179063
 1.05747e-16 4.7134e-05 0.000458159 0.00304463 0.0138405 0.043063 0.0917514 0.13392 0.13395 0.0918994 0.0435602 0.0152776 0.00665545 0.00835196 0.0150723 0.0249305 0.036114 0.0458459 0.0513151 0.0512133 0.0464718 0.0395383 0.0328093 0.0274692 0.0234198 0.0199805
 1.06157e-16 4.65333e-05 0.00045232 0.00300583 0.0136641 0.0425142 0.0905821 0.132214 0.132245 0.0907328 0.0430202 0.0151265 0.00667995 0.00848391 0.0153323 0.0253587 0.0367256 0.0466053 0.0521373 0.0519958 0.0471423 0.0400869 0.0332864 0.0279531 0.023976 0.0206336
 1.0664e-16 4.50424e-05 0.000437828 0.00290953 0.0132263 0.0411521 0.0876801 0.127978 0.12801 0.0878354 0.0416739 0.0147345 0.00669895 0.00872237 0.0158149 0.0261684 0.0379146 0.0481478 0.0539259 0.0538849 0.0490109 0.0418767 0.0349924 0.029584 0.0255207 0.0220543
 1.07142e-16 4.48007e-05 0.000435479 0.00289391 0.0131553 0.0409312 0.0872095 0.127291 0.127323 0.0873626 0.0414455 0.0146417 0.00662896 0.0086029 0.0155968 0.0258207 0.0374429 0.0476168 0.0534597 0.0536365 0.0491106 0.0423869 0.0358907 0.0307761 0.0268719 0.0234244
 1.07503e-16 4.41495e-05 0.000429149 0.00285185 0.0129641 0.0403363 0.085942 0.125442 0.125473 0.0860975 0.0408585 0.0144735 0.00664478 0.00872293 0.0158362 0.0262179 0.0380164 0.0483419 0.0542688 0.054446 0.0498601 0.0430645 0.0365285 0.0314228 0.0275609 0.0241564
 1.07989e-16 4.32266e-05 0.000420178 0.00279223 0.0126931 0.0394931 0.0841455 0.12282 0.122852 0.0843026 0.040021 0.014219 0.00662697 0.00880655 0.0160151 0.0265252 0.0384833 0.0489801 0.0550691 0.0553894 0.0509322 0.0442587 0.0378338 0.0328073 0.0289657 0.0255055
pSPR Fmed_Fpbrs
0.601426   0.287053 0.287053
Fs Fmed_Fpbrs
0.34   1.005 1.005
SSBpbr Bo_Bmed_Bpbrs
1.6678e+06  919668  395358 395358
Ro
197181
SPR SPRFo_SPRFmed_SPRFpbrs
1.42056e+06 854360 407776
Fref
1.005
Nvult_r0
 153294 59351.4 18049.3 5255.66 2141.16
CTP_r0
 51267.9 29749.7 9047.16 2634.38 1073.25
YTP_r0
1.2438e+06
Np
 197181 43887.1 8730.78 2714.41 936.638
Nvult_p0
 153294 37977.3 7555.09 2348.89 810.51
CTP_p0
 51267.9 28122.4 8743.29 2658.92 1001.78
 51267.9 19036 3786.96 1177.37 406.265
YTP_p0
 1.20634e+06 861086
CBA_c0
1.23256e+06
log_Ro
12.0119
likeval ReclasPelacesDesembMPH_pf_preclas_ppelaces_ptallas_desvR_qrecl_qpela
 185.776 218.594 37.362 2053.07 270.358 169.365 120.96 0 0 0 0 44.7904 0 0 0
q_reclas_q_pelaces
1 1
M
1
N
 197181 4919.95 83540.7 19106.8 9462.61
 197181 65578 1479.25 25117.7 8589.79
 197181 61437.4 17305.7 390.367 8895.23
 197181 64067.8 17631 4966.31 2664.74
 197181 61837.6 17128.2 4713.56 2040.12
 197181 68947.4 20552 5692.63 2244.62
 197181 63892 19677.8 5865.62 2265.32
 197181 56824.4 14423.9 4442.35 1835.59
 197181 70919.8 19981.8 5072.04 2207.59
 197181 68374.5 23180.4 6531.14 2379.37
 197181 68798.5 22626.5 7670.87 2948.67
 197181 71223.9 24400.4 8024.81 3766.37
 197181 64993.7 21034.6 7206.16 3482.29
 197181 64700.2 19021.7 6156.18 3128.18
 197181 61484 17100 5027.35 2453.82
 197181 65397 18384.2 5113.03 2236.92
 197181 58501.1 15647.8 4398.85 1758.65
 197181 62650.2 16053.7 4294.01 1689.72
 197181 55779.7 13628.3 3492.15 1301.64
 197181 37068.9 5358.74 1309.26 460.537
 197181 35370.3 3242.29 468.71 154.798
 197181 37909.2 3553.8 325.767 62.6466
 197181 18958 952.565 89.2983 9.75988
 197181 47403.6 2978.38 149.652 15.5625
 197181 54799 9952.28 625.305 34.6864
 197181 56899.1 12403.6 2252.67 149.387
 197181 63718.9 16151.3 3520.88 681.846
 197181 61989.7 17118.8 4339.22 1129.11
 197181 61453.5 16367.4 4519.93 1443.82
 197181 64420.9 17830.6 4748.95 1730.37
 197181 65672.2 19424.8 5376.44 1953.7
 197181 63419 18466.6 5462.12 2061.19
 197181 68587.4 20858.1 6073.53 2474.36
pred_Ctot
 12059.6 577.652 9808.54 2243.33 1111.01
 19335.6 12037.4 271.529 4610.57 1576.73
 14703.9 8715.16 2454.89 55.3752 1261.83
 18628.6 11358.2 3125.7 880.448 472.416
 6196.59 3806.15 1054.25 290.123 125.571
 15012.3 9974.99 2973.37 823.583 324.741
 27543.7 16230.4 4998.72 1490.03 575.453
 2786.95 1591.32 403.929 124.404 51.4042
 7190.09 5047.94 1422.27 361.018 157.132
 6454.7 4379.95 1484.9 418.373 152.418
 2262.62 1566.94 515.337 174.71 67.1583
 13081.4 9039.11 3096.68 1018.44 477.994
 13595.2 8557.19 2769.45 948.776 458.485
 19253.1 11829 3477.7 1125.52 571.921
 12375.9 7400.1 2058.12 605.082 295.337
 24547 14963.2 4206.39 1169.89 511.82
 17195.9 9621.55 2573.55 723.468 289.241
 29418.9 16885.3 4326.73 1157.31 455.407
 64313.4 28898.2 7060.5 1809.2 674.349
 67638.7 19943.3 2883.04 704.392 247.772
 62680.5 17970.3 1647.29 238.134 78.6472
 102121 26924.4 2524.03 231.371 44.4937
 44701.5 7345.92 369.104 34.6017 3.7818
 31184.9 13457.8 845.56 42.4861 4.41817
 27410 13859.4 2517.07 158.148 8.77269
 15316.3 8389.73 1828.91 332.156 22.0271
 18360.2 11144 2824.76 615.779 119.25
 19307.1 11363.1 3137.98 795.406 206.972
 14084.6 8368.21 2228.77 615.486 196.607
 11894.9 7464.62 2066.08 550.273 200.503
 15843.1 9998.13 2957.28 818.525 297.438
 6820.73 4287.55 1248.46 369.275 139.35
 13358.2 8880.18 2700.55 786.355 320.362
F
 0.100881 0.201762 0.201762 0.201762 0.201762
 0.166102 0.332205 0.332205 0.332205 0.332205
 0.124179 0.248358 0.248358 0.248358 0.248358
 0.159609 0.319217 0.319217 0.319217 0.319217
 0.0507764 0.101553 0.101553 0.101553 0.101553
 0.126926 0.253851 0.253851 0.253851 0.253851
 0.244155 0.48831 0.48831 0.48831 0.48831
 0.0225711 0.0451423 0.0451423 0.0451423 0.0451423
 0.0591212 0.118242 0.118242 0.118242 0.118242
 0.0529388 0.105878 0.105878 0.105878 0.105878
 0.0182921 0.0365841 0.0365841 0.0365841 0.0365841
 0.109831 0.219661 0.219661 0.219661 0.219661
 0.114356 0.228711 0.228711 0.228711 0.228711
 0.165343 0.330686 0.330686 0.330686 0.330686
 0.103644 0.207287 0.207287 0.207287 0.207287
 0.215074 0.430148 0.430148 0.430148 0.430148
 0.146554 0.293108 0.293108 0.293108 0.293108
 0.26271 0.525421 0.525421 0.525421 0.525421
 0.671341 1.34268 1.34268 1.34268 1.34268
 0.718249 1.4365 1.4365 1.4365 1.4365
 0.648927 1.29785 1.29785 1.29785 1.29785
 1.3419 2.68379 2.68379 2.68379 2.68379
 0.425423 0.850845 0.850845 0.850845 0.850845
 0.280448 0.560896 0.560896 0.560896 0.560896
 0.242842 0.485684 0.485684 0.485684 0.485684
 0.129639 0.259278 0.259278 0.259278 0.259278
 0.157152 0.314305 0.314305 0.314305 0.314305
 0.16584 0.331679 0.331679 0.331679 0.331679
 0.118682 0.237364 0.237364 0.237364 0.237364
 0.0994446 0.198889 0.198889 0.198889 0.198889
 0.134356 0.268713 0.268713 0.268713 0.268713
 0.0560121 0.112024 0.112024 0.112024 0.112024
 0.112266 0.224532 0.224532 0.224532 0.224532
YTP_r0W_actual
 386560 519132 217765 82508.9 37832.1
YTP_p0W_proyectada
 386560 490735 210451 83277.2 35312.6
 386560 332178 91152.2 36875.4 14320.9
CTP_r0_actual
 51267.9 29749.7 9047.16 2634.38 1073.25
CTP_p0_proyectada
 51267.9 28122.4 8743.29 2658.92 1001.78
 51267.9 19036 3786.96 1177.37 406.265
Wmedp
 7.54 17.45 24.07 31.32 35.25
Frms_r0
 0.5025 1.005 1.005 1.005 1.005
Zrms_r0
 1.5025 2.005 2.005 2.005 2.005
nmprior
 7.29 8.9 8.7 0
nm_flota  nm_reclas  nm_pelaces    nm_pelaL
inf 4.62013 7.03926 15.3652
cv_recla  cv_pelaces  cv_mph
1.18039 1.61961 1.81648
 ------------------------------------------------
Talla a la edad & desviaci?n 
 8 13.2811 15.8009 17.003 17.5766
 0.8 1.32811 1.58009 1.7003 1.75766
