years
 1991 1992 1993 1994 1995 1996 1997 1998 1999 2000 2001 2002 2003 2004 2005 2006 2007 2008 2009 2010 2011 2012 2013 2014 2015 2016 2017 2018 2019 2020 2021 2022
reclasobs
 0 0 0 0 0 0 0 0 0 252601 567819 844713 477998 351125 339783 2.1784e+06 2.13404e+06 4.81314e+06 1.55562e+06 2.62356e+06 3.21686e+06 3.843e+06 1.13348e+06 3.07943e+06 1.97215e+06 2.03268e+06 2.025e+06 2.42433e+06 2.27542e+06 1.05018e+06 2.36338e+06 3.18982e+06
reclaspred
 5.93334e+06 3.07449e+06 1.45027e+06 1.52548e+06 1.97181e+06 3.91928e+06 2.55368e+06 1.9238e+06 1.06202e+06 320785 554052 1.77163e+06 1.90948e+06 265373 826814 1.54892e+06 1.64842e+06 2.085e+06 2.37247e+06 2.81687e+06 5.64094e+06 3.30053e+06 1.74936e+06 1.63674e+06 1.66721e+06 1.55442e+06 1.9744e+06 1.88789e+06 1.5434e+06 2.0598e+06 1.13773e+06 1.10418e+06
pelacesobs
 0 0 0 0 0 0 0 0 0 0 0 0 0 0 0 552880 188675 0 991730 2.46772e+06 1.41603e+06 1.21717e+06 2.29649e+06 1.80582e+06 0 1.4828e+06 1.56532e+06 1.57751e+06 1.42118e+06 867257 1.10002e+06 1.06204e+06
pelacespred
 6.10406e+06 2.91633e+06 1.2457e+06 867640 1.47939e+06 2.86493e+06 1.85648e+06 2.07106e+06 993987 152374 325257 941171 1.31311e+06 84924.5 412501 689269 880684 1.03256e+06 1.16024e+06 1.47004e+06 3.35446e+06 2.24278e+06 1.18106e+06 963472 903190 947913 1.39321e+06 1.258e+06 986189 1.44521e+06 658258 696330
mphobs
 0 0 0 0 0 0 0 0 0 0 0 0 498337 0 5186 125008 0 168611 109162 213762 579715 649985 157893 87575 83554 210694 70296 0 107559 103333 445601 22526
mphpred
 645686 446971 191086 115748 176746 264182 440149 181360 152960 54722.4 16266 101383 256656 89268.5 6234.94 102386 184547 147720 155477 210417 396318 423365 188939 92418 131989 171276 99467.4 199069 196949 124356 176275 55255.5
desembarqueobs
 494567 514787 250237 358949 120608 361735 552515 73892 212993 205616 52469 317467 293654 387597 252695 516296 358380 742168 942051 627588 828172 859565 418607 520667 417249 300574 415391 372974 316634 284311 391294 218835
desembarquepred
 494549 514468 250362 358938 120608 361710 552461 73898 213077 205692 52470.6 317401 293845 387786 252563 516182 358395 741745 941040 627139 828468 859955 418475 520736 417050 300683 415347 372939 316336 284102 391826 218887
Reclutas
 143551 92836.9 85906.2 122696 90648.5 191772 64658.4 23365.1 22671.9 30703.3 51581.4 170615 63467.5 33224.6 73839.5 200275 65264.9 207340 318614 271050 257282 233429 53731.7 99890.5 168337 33307.4 127147 91967.4 59451.6 118856 30447.6 58290.7
log_desv_Rt
 0.481039 0.0451905 -0.0323969 0.324054 0.0213365 0.770652 -0.316536 -1.33441 -1.36453 -1.06128 -0.542492 0.653754 -0.335125 -0.982361 -0.183759 0.814038 -0.307198 0.848705 1.27833 1.11665 1.06452 0.967223 -0.50165 0.118421 0.640315 -0.979872 0.359688 0.0357811 -0.40049 0.292262 -1.06965 -0.420211
SSB
 645686 446971 191086 115748 176746 264182 440149 181360 152960 54722.4 16266 101383 242779 84722.8 5963.82 97591.7 184547 147720 163899 219106 425203 498072 242750 112288 140748 201736 105543 199069 209823 120253 218899 68549.4
BT
 1.17267e+06 887328 401473 543732 445857 1.17911e+06 796614 438819 379549 235442 200976 664746 574080 404832 503236 744058 525530 1.07272e+06 1.42882e+06 1.03469e+06 1.82407e+06 1.3057e+06 623549 884977 669619 479716 1.0221e+06 759318 472474 787218 483713 443542
Ftot
 0.560029 1.04069 1.03468 1.17383 0.354278 0.499078 1.25239 0.253445 1.18017 2.64074 0.437619 0.850222 0.873398 4.2879 1.25037 1.43662 1.12078 1.59404 1.67801 1.04912 0.776446 1.34954 1.3029 1.45675 1.16988 1.07174 0.989861 0.97232 1.13551 0.689307 1.74707 0.975031
BD_Bspro_t
 0.914957 0.534208 0.266259 0.194798 0.247401 0.377096 0.439073 0.225074 0.255184 0.132785 0.0597086 0.365053 0.409384 0.156984 0.0157551 0.199849 0.229917 0.177407 0.164524 0.180979 0.24596 0.266803 0.171881 0.105108 0.148076 0.222471 0.155703 0.281481 0.281711 0.194593 0.300102 0.118403
BD_Bspro
 1.0109 0.699789 0.299169 0.181218 0.276717 0.41361 0.689108 0.283942 0.239478 0.0856748 0.0254664 0.158728 0.380101 0.132644 0.0093371 0.152792 0.288931 0.231274 0.256604 0.343037 0.665708 0.779793 0.380055 0.175801 0.220358 0.315843 0.16524 0.311667 0.328504 0.188271 0.342714 0.107323
BD_Bo
 1.66937 1.15561 0.494038 0.299258 0.456962 0.683022 1.13797 0.468894 0.395467 0.141481 0.0420544 0.262119 0.627687 0.219044 0.015419 0.252316 0.477131 0.381918 0.423748 0.566481 1.09933 1.28773 0.62761 0.290313 0.363893 0.521573 0.272872 0.514677 0.542482 0.310904 0.565948 0.177229
BD_Brms
 8.42604 5.83286 2.49362 1.51049 2.30649 3.44751 5.74384 2.36671 1.99609 0.714114 0.212267 1.32303 3.16821 1.10561 0.0778264 1.27355 2.40829 1.92771 2.13884 2.85928 5.54879 6.49972 3.16782 1.46533 1.83672 2.6326 1.3773 2.5978 2.73814 1.56927 2.85658 0.894553
Sel_flota
 0.653374 0.972837 0.998533 0.999923 0.999996
 0.653374 0.972837 0.998533 0.999923 0.999996
 0.653374 0.972837 0.998533 0.999923 0.999996
 0.653374 0.972837 0.998533 0.999923 0.999996
 0.653374 0.972837 0.998533 0.999923 0.999996
 0.653374 0.972837 0.998533 0.999923 0.999996
 0.653374 0.972837 0.998533 0.999923 0.999996
 0.653374 0.972837 0.998533 0.999923 0.999996
 0.653374 0.972837 0.998533 0.999923 0.999996
 0.653374 0.972837 0.998533 0.999923 0.999996
 0.653374 0.972837 0.998533 0.999923 0.999996
 0.653374 0.972837 0.998533 0.999923 0.999996
 0.653374 0.972837 0.998533 0.999923 0.999996
 0.653374 0.972837 0.998533 0.999923 0.999996
 0.653374 0.972837 0.998533 0.999923 0.999996
 0.653374 0.972837 0.998533 0.999923 0.999996
 0.653374 0.972837 0.998533 0.999923 0.999996
 0.653374 0.972837 0.998533 0.999923 0.999996
 0.653374 0.972837 0.998533 0.999923 0.999996
 0.653374 0.972837 0.998533 0.999923 0.999996
 0.653374 0.972837 0.998533 0.999923 0.999996
 0.653374 0.972837 0.998533 0.999923 0.999996
 0.653374 0.972837 0.998533 0.999923 0.999996
 0.653374 0.972837 0.998533 0.999923 0.999996
 0.653374 0.972837 0.998533 0.999923 0.999996
 0.653374 0.972837 0.998533 0.999923 0.999996
 0.653374 0.972837 0.998533 0.999923 0.999996
 0.653374 0.972837 0.998533 0.999923 0.999996
 0.653374 0.972837 0.998533 0.999923 0.999996
 0.653374 0.972837 0.998533 0.999923 0.999996
 0.653374 0.972837 0.998533 0.999923 0.999996
 0.653374 0.972837 0.998533 0.999923 0.999996
Sel_reclas
 0.297248 0.680377 0.914624 0.98179 0.996328
 0.297248 0.680377 0.914624 0.98179 0.996328
 0.297248 0.680377 0.914624 0.98179 0.996328
 0.297248 0.680377 0.914624 0.98179 0.996328
 0.297248 0.680377 0.914624 0.98179 0.996328
 0.297248 0.680377 0.914624 0.98179 0.996328
 0.297248 0.680377 0.914624 0.98179 0.996328
 0.297248 0.680377 0.914624 0.98179 0.996328
 0.297248 0.680377 0.914624 0.98179 0.996328
 0.297248 0.680377 0.914624 0.98179 0.996328
 0.297248 0.680377 0.914624 0.98179 0.996328
 0.297248 0.680377 0.914624 0.98179 0.996328
 0.297248 0.680377 0.914624 0.98179 0.996328
 0.297248 0.680377 0.914624 0.98179 0.996328
 0.297248 0.680377 0.914624 0.98179 0.996328
 0.297248 0.680377 0.914624 0.98179 0.996328
 0.297248 0.680377 0.914624 0.98179 0.996328
 0.297248 0.680377 0.914624 0.98179 0.996328
 0.297248 0.680377 0.914624 0.98179 0.996328
 0.297248 0.680377 0.914624 0.98179 0.996328
 0.297248 0.680377 0.914624 0.98179 0.996328
 0.297248 0.680377 0.914624 0.98179 0.996328
 0.297248 0.680377 0.914624 0.98179 0.996328
 0.297248 0.680377 0.914624 0.98179 0.996328
 0.297248 0.680377 0.914624 0.98179 0.996328
 0.297248 0.680377 0.914624 0.98179 0.996328
 0.297248 0.680377 0.914624 0.98179 0.996328
 0.297248 0.680377 0.914624 0.98179 0.996328
 0.297248 0.680377 0.914624 0.98179 0.996328
 0.297248 0.680377 0.914624 0.98179 0.996328
 0.297248 0.680377 0.914624 0.98179 0.996328
 0.297248 0.680377 0.914624 0.98179 0.996328
Sel_pelaces
 0.0898063 0.331799 0.714202 0.926343 0.984446
 0.0898063 0.331799 0.714202 0.926343 0.984446
 0.0898063 0.331799 0.714202 0.926343 0.984446
 0.0898063 0.331799 0.714202 0.926343 0.984446
 0.0898063 0.331799 0.714202 0.926343 0.984446
 0.0898063 0.331799 0.714202 0.926343 0.984446
 0.0898063 0.331799 0.714202 0.926343 0.984446
 0.0898063 0.331799 0.714202 0.926343 0.984446
 0.0898063 0.331799 0.714202 0.926343 0.984446
 0.0898063 0.331799 0.714202 0.926343 0.984446
 0.0898063 0.331799 0.714202 0.926343 0.984446
 0.0898063 0.331799 0.714202 0.926343 0.984446
 0.0898063 0.331799 0.714202 0.926343 0.984446
 0.0898063 0.331799 0.714202 0.926343 0.984446
 0.0898063 0.331799 0.714202 0.926343 0.984446
 0.0898063 0.331799 0.714202 0.926343 0.984446
 0.0898063 0.331799 0.714202 0.926343 0.984446
 0.0898063 0.331799 0.714202 0.926343 0.984446
 0.0898063 0.331799 0.714202 0.926343 0.984446
 0.0898063 0.331799 0.714202 0.926343 0.984446
 0.0898063 0.331799 0.714202 0.926343 0.984446
 0.0898063 0.331799 0.714202 0.926343 0.984446
 0.0898063 0.331799 0.714202 0.926343 0.984446
 0.0898063 0.331799 0.714202 0.926343 0.984446
 0.0898063 0.331799 0.714202 0.926343 0.984446
 0.0898063 0.331799 0.714202 0.926343 0.984446
 0.0898063 0.331799 0.714202 0.926343 0.984446
 0.0898063 0.331799 0.714202 0.926343 0.984446
 0.0898063 0.331799 0.714202 0.926343 0.984446
 0.0898063 0.331799 0.714202 0.926343 0.984446
 0.0898063 0.331799 0.714202 0.926343 0.984446
 0.0898063 0.331799 0.714202 0.926343 0.984446
pf_obs 
 0.8446 0.082 0.0669 0.0065 0
 0.8095 0.147 0.0364 0.0071 0
 0.9664 0.0169 0.016 0.0007 0
 0.9276 0.0648 0.0075 0.0001 0
 0.7033 0.2144 0.0806 0.0017 0
 0.9318 0.0425 0.0243 0.0014 0
 0.5671 0.3108 0.0964 0.0239 0.0018
 0.0768 0.2599 0.5324 0.112 0.0189
 0.490249 0.384438 0.106611 0.0170017 0.00170017
 0.7925 0.1577 0.0466 0.003 0.0002
 0.840416 0.127587 0.0312969 0.00059994 9.999e-05
 0.8084 0.0986 0.0794 0.0134 0.0002
 0.7335 0.1905 0.0724 0.0035 0.0001
 0.4001 0.4547 0.1325 0.0127 0
 0.49795 0.308269 0.164784 0.0264974 0.00249975
 0.9179 0.0499 0.0305 0.0017 0
 0.2467 0.6533 0.0926 0.0074 0
 0.9418 0.0223 0.034 0.0019 0
 0.707729 0.231977 0.0356964 0.0245975 0
 0.517169 0.277429 0.184464 0.0207286 0.00020938
 0.811772 0.124168 0.05621 0.00726502 0.000585176
 0.764997 0.148141 0.077277 0.00933861 0.000247198
 0.163321 0.427699 0.378323 0.0303852 0.000271297
 0.753843 0.0900009 0.118128 0.0371064 0.000921714
 0.721811 0.176058 0.0630433 0.0369309 0.00215725
 0.143369 0.312575 0.442814 0.0836902 0.0175525
 0.692698 0.0596174 0.167031 0.0765114 0.00414204
 0.394062 0.376323 0.152708 0.0712218 0.00568511
 0.125707 0.32114 0.495352 0.0537591 0.00404204
 0.23352 0.215282 0.420074 0.123614 0.00750983
 0.796117 0.104755 0.0508955 0.0450114 0.00322123
 0.162477 0.292055 0.404252 0.121198 0.0200186
pf_pred 
 0.667826 0.15169 0.165352 0.0151314 9.3999e-07
 0.595908 0.311159 0.043231 0.0455423 0.00416023
 0.732372 0.195344 0.0562167 0.00748345 0.00858387
 0.829599 0.142097 0.0208975 0.00576251 0.0016431
 0.732416 0.24115 0.022208 0.00312232 0.00110377
 0.80762 0.155981 0.0329016 0.002939 0.000558355
 0.460365 0.470708 0.0562348 0.0114745 0.00121752
 0.488754 0.316392 0.170967 0.0194979 0.00438958
 0.587492 0.246625 0.103802 0.0544801 0.0076
 0.831392 0.123511 0.0274666 0.0110425 0.00658775
 0.944244 0.0519197 0.00286764 0.000591138 0.00037786
 0.895389 0.100877 0.00348421 0.000186377 6.28679e-05
 0.551105 0.420645 0.0272797 0.000905992 6.46725e-05
 0.607799 0.268718 0.116 0.00722578 0.00025655
 0.985283 0.0128586 0.00131826 0.000507276 3.25177e-05
 0.928335 0.0711117 0.00048627 4.75678e-05 1.94286e-05
 0.62399 0.361974 0.0139329 9.05867e-05 1.24463e-05
 0.91482 0.0643116 0.0201219 0.000740832 5.46526e-06
 0.900328 0.0954415 0.00323547 0.000959294 3.54762e-05
 0.832598 0.15907 0.00799672 0.000256502 7.86285e-05
 0.772434 0.204907 0.0215764 0.0010392 4.34501e-05
 0.730907 0.229771 0.0355388 0.00360246 0.000180394
 0.496108 0.424397 0.0683569 0.0100692 0.00106898
 0.859061 0.092617 0.0410035 0.00629525 0.00102311
 0.893572 0.0984884 0.00530827 0.00223351 0.000397543
 0.451462 0.51578 0.0304161 0.00156685 0.00077471
 0.904287 0.0575378 0.0359874 0.0020322 0.000156077
 0.727031 0.257989 0.00915502 0.00549163 0.000333177
 0.676405 0.267544 0.0530963 0.00180752 0.00114745
 0.868827 0.104373 0.0223267 0.00423839 0.000235305
 0.445598 0.509172 0.0362575 0.00747704 0.00149526
 0.885787 0.0723907 0.0385859 0.00259618 0.000640475
pobs_RECLAS
 0 0 0 0 0
 0 0 0 0 0
 0 0 0 0 0
 0 0 0 0 0
 0 0 0 0 0
 0 0 0 0 0
 0 0 0 0 0
 0 0 0 0 0
 0 0 0 0 0
 0 0 0 0 0
 0.991045 0.00858322 0.000360255 1.14367e-05 0
 0.934742 0.0480273 0.0164251 0.00080598 0
 0.827803 0.169806 0.00239088 0 0
 0.941827 0.0461693 0.0120037 0 0
 0.791401 0.0380133 0.147996 0.0225897 0
 0.846168 0.0940531 0.0597789 0 0
 0.134021 0.677848 0.182769 0.00536245 0
 0.80878 0.0450904 0.141981 0.00414843 0
 0.846168 0.0940531 0.0597789 0 0
 0.905697 0.0802665 0.012482 0.00150086 5.37128e-05
 0.989698 0.0102097 9.19794e-05 0 0
 0.975433 0.0193895 0.00387452 0.00125025 5.28907e-05
 0.303575 0.632131 0.0575291 0.00676475 0
 0.966965 0.00978017 0.0227588 0.000495775 0
 0.843318 0.132988 0.00938335 0.0141283 0.000182051
 0.564624 0.303363 0.111486 0.0197234 0.00080311
 0.826376 0.0876187 0.0782897 0.00655872 0.00115652
 0.89761 0.0855135 0.0140674 0.00269457 0.000114338
 0.34875 0.467042 0.161289 0.0227151 0.000203297
 0.318654 0.224769 0.449479 0.00709798 0
 0.937255 0.0296025 0.0250945 0.00804832 0
 0.456809 0.399803 0.12412 0.0192676 0
ppred_RECLAS
 0.532759 0.182167 0.259608 0.0254635 1.60513e-06
 0.4821 0.368684 0.0668037 0.0754209 0.00699102
 0.631808 0.24691 0.0926727 0.0132209 0.0153882
 0.760805 0.189138 0.0362467 0.0107112 0.00309911
 0.635803 0.31803 0.0383205 0.00577493 0.00207157
 0.72401 0.211109 0.058231 0.00557535 0.00107481
 0.362195 0.534494 0.0831683 0.0181855 0.00195801
 0.358375 0.353814 0.250233 0.0305899 0.00698816
 0.463502 0.282281 0.154815 0.0870756 0.0123259
 0.781281 0.147359 0.0421954 0.0181676 0.0109976
 0.916215 0.0762676 0.00550985 0.00121743 0.000789655
 0.851002 0.142097 0.00640751 0.000367344 0.000125736
 0.448638 0.506819 0.0429059 0.0015272 0.000110621
 0.579419 0.265543 0.145024 0.00966539 0.000348189
 0.978034 0.0184248 0.00246023 0.00101452 6.59905e-05
 0.900786 0.0982108 0.000873604 9.15717e-05 3.79519e-05
 0.529721 0.447641 0.0224604 0.000156495 2.18184e-05
 0.876768 0.0866185 0.0352137 0.00138914 1.03987e-05
 0.864619 0.127895 0.00562989 0.00178848 6.71135e-05
 0.769931 0.215317 0.014116 0.000485245 0.000150938
 0.688678 0.271915 0.0373949 0.00193037 8.18991e-05
 0.64454 0.290337 0.0584507 0.0063491 0.000322611
 0.394764 0.485594 0.101836 0.0160749 0.00173167
 0.794702 0.121754 0.0701085 0.0115338 0.00190205
 0.849446 0.135925 0.00954682 0.00430474 0.000777478
 0.356018 0.59448 0.0457118 0.00252359 0.00126613
 0.851238 0.0795872 0.0649382 0.00393002 0.000306277
 0.639931 0.334049 0.0154658 0.00994249 0.00061209
 0.576886 0.332065 0.0858967 0.00313367 0.0020186
 0.806018 0.144809 0.0404737 0.00823503 0.000463922
 0.360965 0.572111 0.0528721 0.0116819 0.00237051
 0.825541 0.099231 0.0690064 0.00497596 0.00124564
pobs_PELACES
 0 0 0 0 0
 0 0 0 0 0
 0 0 0 0 0
 0 0 0 0 0
 0 0 0 0 0
 0 0 0 0 0
 0 0 0 0 0
 0 0 0 0 0
 0 0 0 0 0
 0 0 0 0 0
 0 0 0 0 0
 0 0 0 0 0
 0 0 0 0 0
 0 0 0 0 0
 0 0 0 0 0
 0 0 0 0 0
 0.505614 0.472636 0.0217494 0 0
 0 0 0 0 0
 0.443492 0.261883 0.143347 0.151278 0
 0.227955 0.32914 0.350689 0.0885471 0.00366901
 0.970185 0.0296113 0.000203453 0 0
 0.997202 0.00247181 0.000326279 0 0
 0.445219 0.490057 0.0546422 0.010081 0
 0.90214 0.0892962 0.00764917 0.000914606 0
 0 0 0 0 0
 0.581667 0.319106 0.0959925 0.00289975 0.000334073
 0.762889 0.0836404 0.116647 0.0363945 0.000428098
 0.88444 0.0763242 0.0277011 0.0115352 0
 0.521256 0.241999 0.230069 0.00667565 0
 0.616807 0.101726 0.260614 0.0208532 0
 0.833518 0.0704572 0.0857862 0.0102388 0
 0.697417 0.212968 0.0787535 0.0105354 0.000325836
ppred_PELACES
 0.351877 0.183074 0.415782 0.0492638 3.25201e-06
 0.344817 0.381414 0.109689 0.149562 0.0145176
 0.492274 0.278436 0.165875 0.0285798 0.0348348
 0.661207 0.234443 0.0712291 0.0254195 0.00770176
 0.508937 0.395847 0.0761446 0.013863 0.00520769
 0.598725 0.267348 0.117582 0.0135998 0.00274552
 0.266444 0.556164 0.137107 0.0362036 0.00408192
 0.21618 0.335417 0.379031 0.05598 0.0133922
 0.311397 0.270302 0.235011 0.159628 0.0236622
 0.703474 0.162125 0.0726887 0.0377701 0.0239418
 0.869777 0.111597 0.0128615 0.0034331 0.0023319
 0.790052 0.19468 0.0139555 0.000966354 0.000346377
 0.345164 0.574026 0.0772382 0.00332056 0.000251873
 0.526104 0.247646 0.208833 0.0167841 0.00063312
 0.965913 0.025744 0.00544626 0.00271212 0.000184736
 0.866727 0.131094 0.00184459 0.000233472 0.000101328
 0.433014 0.524817 0.0417658 0.000351444 5.13102e-05
 0.815978 0.109992 0.0706389 0.00336462 2.63748e-05
 0.820013 0.164044 0.0113993 0.00437224 0.00017181
 0.690368 0.279005 0.0290292 0.00120517 0.000392565
 0.580028 0.340608 0.0745122 0.00464596 0.000206415
 0.537801 0.339175 0.108092 0.0141782 0.000754416
 0.291766 0.504959 0.167702 0.0319669 0.00360613
 0.689543 0.146245 0.133186 0.0264571 0.00456894
 0.787275 0.179749 0.0200156 0.0108993 0.00206141
 0.268031 0.645237 0.0787256 0.0052489 0.00275773
 0.75413 0.102531 0.132837 0.0097094 0.000792388
 0.536876 0.408293 0.0300197 0.0233083 0.00150265
 0.457166 0.376839 0.15459 0.00681092 0.00459438
 0.70379 0.189789 0.0844431 0.0207536 0.00122434
 0.282599 0.601361 0.0876802 0.0233892 0.00497005
 0.719604 0.125979 0.139124 0.0121163 0.00317623
pobs_pel_tallas
 0 0 0 0 0 0 0 0 0 0 0 0 0 0 0 0 0 0 0 0 0 0 0 0 0 0
 0 0 0 0 0 0 0 0 0 0 0 0 0 0 0 0 0 0 0 0 0 0 0 0 0 0
 0 0 0 0 0 0 0 0 0 0 0 0 0 0 0 0 0 0 0 0 0 0 0 0 0 0
 0 0 0 0 0 0 0 0 0 0 0 0 0 0 0 0 0 0 0 0 0 0 0 0 0 0
 0 0 0 0 0 0 0 0 0 0 0 0 0 0 0 0 0 0 0 0 0 0 0 0 0 0
 0 0 0 0 0 0 0 0 0 0 0 0 0 0 0 0 0 0 0 0 0 0 0 0 0 0
 0 0 0 0 0 0 0 0 0 0 0 0 0 0 0 0 0 0 0 0 0 0 0 0 0 0
 0 0 0 0 0 0 0 0 0 0 0 0 0 0 0 0 0 0 0 0 0 0 0 0 0 0
 0 0 0 0 0 0 0 0 0 0 0 0 0 0 0 0 0 0 0 0 0 0 0 0 0 0
 0 0 0 0 0 0 0 0 0 0 0 0 0 0 0 0 0 0 0 0 0 0 0 0 0 0
 0 0 0 0 0 0 0 0 0 0 0 0 0 0 0 0 0 0 0 0 0 0 0 0 0 0
 0 0 0 0 0 0 0 0 0 0 0 0 0 0 0 0 0 0 0 0 0 0 0 0 0 0
 0.00862536 0 0 0.000197151 0.00414017 0.0128641 0.00837892 0.0270097 0.101434 0.158115 0.152841 0.127902 0.109271 0.109419 0.0830992 0.0579132 0.0238553 0.00714673 0.00463305 0.00128148 0.00103504 0.000492878 0.000147863 0.000147863 4.92878e-05 0
 0 0 0 0 0 0 0 0 0 0 0 0 0 0 0 0 0 0 0 0 0 0 0 0 0 0
 0 0 0 0 0 0 0 0.0054083 0.00873648 0.0413646 0.0450493 0.0745869 0.0622846 0.0627006 0.0613931 0.0827291 0.12552 0.122667 0.0946155 0.0697135 0.0546179 0.0294188 0.0215738 0.0213955 0.0102223 0.00600262
 0 0 0 0 0.00359764 0.0251062 0.0480494 0.140153 0.205849 0.193036 0.1447 0.116669 0.0760912 0.0342217 0.00950174 0.001854 0.000860785 0 0 0 0.000165536 0 0.000143464 0 0 0
 0 0 0 0 0 0 0 0.000145254 0.000435761 0.0275982 0.070085 0.0708112 0.156366 0.174668 0.174014 0.160142 0.0824315 0.0480064 0.0283245 0.00493863 0.00203355 0 0 0 0 0
 0 0 0 0 0 0 0 0 0 0 0 0 0 0 0 0 0 0 0 0 0 0 0 0 0 0
 0 0 1.00437e-05 0.000401748 0.00122533 0.00171747 0.00176769 0.0269171 0.070346 0.194647 0.189555 0.159765 0.064822 0.0314167 0.0384472 0.0292271 0.0345202 0.0313363 0.0194345 0.0106764 0.0143323 0.0359363 0.0279516 0.0138201 0.00172751 0
 0 0.0021121 0.0136068 0.0755702 0.200478 0.177729 0.0527432 0.0373336 0.0318909 0.0142505 0.0149659 0.0166563 0.0217959 0.0798694 0.0677717 0.0528807 0.04013 0.0224614 0.0357745 0.0225083 0.00881397 0.00855152 0.00135912 0.000746735 0 0
 0 0 0 0 5.4009e-05 0.00500934 0.000945158 0.0243581 0.138947 0.33067 0.221406 0.137944 0.0707744 0.0437923 0.0131692 0.00525238 0.0047753 0.00276346 9.45158e-05 9.00151e-06 2.25038e-05 9.00151e-06 4.50075e-06 0 0 0
 0.000866109 0.00284123 0.00948549 0.0512746 0.133035 0.25785 0.225252 0.132002 0.0553304 0.0519788 0.0540692 0.017754 0.00435017 0.00159236 0.00146478 0.000404838 0.000125132 0.000115318 0.000107957 0.000100596 0 0 0 0 0 0
 0 0 0 0 0.00144013 0.00171154 0.00461396 0.0210425 0.0478622 0.0707936 0.0888783 0.103762 0.0637923 0.0337046 0.0602308 0.124433 0.169614 0.0934646 0.0462172 0.0250306 0.0313229 0.00938855 0.002487 0.000210481 0 0
 0 0.00764035 0.051015 0.0998891 0.058973 0.0496711 0.0374665 0.0718981 0.12319 0.153886 0.159021 0.0857701 0.0377988 0.023471 0.0147837 0.00900784 0.00315554 0.000888139 0.00291439 0.00214683 0.00393193 0.00274676 0.000635225 9.99891e-05 0 0
 0 0 0 0 0 0 0 0 0 0 0 0 0 0 0 0 0 0 0 0 0 0 0 0 0 0
 0 0 0 0 0 0 0 0 0 0 0 0 0 0 0 0 0 0 0 0 0 0 0 0 0 0
 0 0 0 0 0 0 0 0 0 0 0 0 0 0 0 0 0 0 0 0 0 0 0 0 0 0
 0 0 0 0 0 0 0 0 0 0 0 0 0 0 0 0 0 0 0 0 0 0 0 0 0 0
 0 0 0 0 0 0 0 0 0 0 0 0 0 0 0 0 0 0 0 0 0 0 0 0 0 0
 0 0 0 0 0 0 0 0 0 0 0 0 0 0 0 0 0 0 0 0 0 0 0 0 0 0
 0 0 0 0 0 0 0 0 0 0 0 0 0 0 0 0 0 0 0 0 0 0 0 0 0 0
 0 0 0 0 0 0 0 0 0 0 0 0 0 0 0 0 0 0 0 0 0 0 0 0 0 0
ppred_pel_tallas
 1.16987e-16 2.89837e-05 0.000281732 0.00187221 0.00851079 0.0264803 0.0564198 0.0823501 0.0823684 0.0565093 0.0267827 0.00939202 0.00411393 0.00527369 0.00979733 0.016901 0.0260896 0.0364445 0.0469225 0.0568562 0.0659822 0.0738888 0.079472 0.0810976 0.0774937 0.0686705
 1.20719e-16 2.84022e-05 0.00027608 0.00183465 0.00834007 0.0259492 0.055289 0.0807036 0.0807405 0.0554693 0.0265553 0.0100924 0.00624068 0.00991969 0.0184199 0.0306151 0.0446096 0.0572263 0.065295 0.0675016 0.0651893 0.061336 0.0585142 0.0574383 0.0570025 0.0554132
 1.1362e-16 4.0548e-05 0.000394141 0.00261921 0.0119066 0.0370459 0.0789311 0.115208 0.115235 0.0790634 0.0374905 0.0131936 0.00586004 0.00750288 0.0136415 0.0227511 0.0333888 0.0432938 0.050167 0.05294 0.0523198 0.0500879 0.0477607 0.045728 0.0434078 0.0400228
 1.05969e-16 5.44628e-05 0.000529397 0.00351803 0.0159925 0.0497587 0.106017 0.15474 0.154762 0.106128 0.0501308 0.0170681 0.00622139 0.0064418 0.0113156 0.0187066 0.027145 0.0345662 0.0388992 0.0391928 0.0361517 0.0315803 0.0272047 0.0238123 0.0212227 0.0188415
 1.04571e-16 4.19206e-05 0.000407483 0.00270787 0.0123096 0.0383 0.0816035 0.119111 0.119149 0.0817901 0.0389266 0.0141199 0.00725352 0.0103357 0.0189121 0.0312374 0.0450833 0.0568773 0.0629937 0.0617443 0.0543553 0.0440793 0.0341965 0.0264784 0.0210059 0.0169807
 1.05291e-16 4.93162e-05 0.000479371 0.00318559 0.0144813 0.0450567 0.095999 0.140119 0.140145 0.0961256 0.0454821 0.0157115 0.00627956 0.00725332 0.0129722 0.0215181 0.0313426 0.0401403 0.0455648 0.0464881 0.0435877 0.0387266 0.0336725 0.0292144 0.0252058 0.0212003
 1.08421e-16 2.19467e-05 0.00021333 0.00141766 0.00644449 0.0200515 0.0427238 0.0623679 0.0624216 0.0429862 0.020933 0.00899177 0.00781639 0.0141974 0.026626 0.0441034 0.0638113 0.0808329 0.0901463 0.0894098 0.0802951 0.0672155 0.0545382 0.0444939 0.0370118 0.030929
 1.18905e-16 1.78065e-05 0.000173086 0.00115022 0.00522874 0.0162687 0.0346634 0.0505992 0.050632 0.0348242 0.0168102 0.00679946 0.00511857 0.00892084 0.0168801 0.0285274 0.0426081 0.0567453 0.0684268 0.0763592 0.0809373 0.0833544 0.0842006 0.0828672 0.0782032 0.0696838
 1.26864e-16 2.56494e-05 0.000249321 0.00165683 0.00753172 0.0234341 0.0499298 0.0728796 0.072906 0.0500591 0.0238691 0.008793 0.00484106 0.00726166 0.0135253 0.022803 0.0339988 0.0452257 0.0545898 0.0613153 0.0661056 0.0703081 0.0745703 0.0781423 0.0793354 0.0766435
 1.09979e-16 5.79443e-05 0.000563239 0.00374292 0.0170148 0.0529394 0.112794 0.164629 0.164645 0.11287 0.0531977 0.0177622 0.00562362 0.00468467 0.00793266 0.013149 0.0192389 0.024847 0.028643 0.0300561 0.0295977 0.0284335 0.0275501 0.0271864 0.0268834 0.0259581
 1.01139e-16 7.16424e-05 0.000696389 0.00462775 0.0210371 0.0654543 0.139458 0.203545 0.203556 0.13951 0.0656307 0.0215465 0.00590619 0.00348657 0.00536875 0.0087572 0.0125965 0.0158165 0.0173793 0.0168092 0.0144733 0.0113336 0.00837272 0.00614036 0.00468 0.00374721
 1.00609e-16 6.50755e-05 0.000632557 0.00420357 0.0191088 0.0594547 0.126675 0.18489 0.184909 0.126767 0.0597621 0.0199963 0.00643011 0.00548929 0.00927757 0.0152048 0.0218259 0.0272961 0.0297802 0.0284289 0.0238852 0.0178625 0.0121441 0.00777775 0.00492343 0.00320969
 1.02752e-16 2.84308e-05 0.000276358 0.0018365 0.00834848 0.0259755 0.0553456 0.0807901 0.0808454 0.0556159 0.026883 0.0109693 0.00841445 0.0146336 0.0272876 0.0450453 0.0648322 0.081404 0.0894126 0.0863555 0.0740434 0.0573449 0.0412791 0.0287237 0.0200573 0.0142517
 1.07881e-16 4.33345e-05 0.000421227 0.0027992 0.0127248 0.0395916 0.0843551 0.123124 0.123148 0.0844732 0.0399889 0.0138757 0.00570104 0.00679885 0.0122809 0.0205602 0.0303701 0.039761 0.0467109 0.0501866 0.0505831 0.0491201 0.0467651 0.0436475 0.0393495 0.0336206
 1.00468e-16 7.9561e-05 0.000773361 0.00513926 0.0233623 0.0726888 0.154871 0.22604 0.226042 0.154883 0.0727296 0.0234801 0.00543522 0.00142004 0.00130946 0.00204352 0.00294707 0.00372952 0.00415423 0.0041147 0.0036921 0.00309532 0.00252979 0.00209834 0.00179226 0.00154854
 1.00128e-16 7.13912e-05 0.000693947 0.00461153 0.0209633 0.0652248 0.138969 0.202832 0.202844 0.13903 0.0654315 0.0215601 0.0061081 0.00395653 0.00625451 0.0101925 0.0145948 0.0181827 0.0197067 0.0185931 0.0152916 0.0109937 0.00695121 0.0039164 0.00202098 0.00100565
 1.01384e-16 3.56669e-05 0.000346695 0.00230391 0.0104733 0.0325866 0.069431 0.101347 0.101398 0.0696779 0.0334153 0.0128661 0.00830744 0.0134429 0.0248794 0.0409991 0.0588789 0.0736603 0.0804055 0.0768182 0.0646169 0.0483977 0.0329464 0.0210782 0.0132364 0.00845145
 1.02409e-16 6.72111e-05 0.000653316 0.00434151 0.0197359 0.0614058 0.130832 0.190955 0.190966 0.130884 0.0615814 0.0202444 0.00562209 0.00346214 0.00544055 0.0089888 0.0131755 0.017051 0.0196736 0.0205735 0.0199708 0.0185177 0.0168003 0.0150288 0.0131082 0.0109204
 1.00839e-16 6.75434e-05 0.000656546 0.00436298 0.0198335 0.0617094 0.131479 0.191901 0.191916 0.131556 0.0619684 0.0205814 0.00623934 0.00474962 0.00783213 0.0128179 0.0184034 0.0230279 0.0251502 0.0240617 0.0203108 0.015343 0.0106543 0.00711026 0.00482077 0.00344695
 1.01097e-16 5.68648e-05 0.000552746 0.00367319 0.0166978 0.0519532 0.110693 0.161565 0.161592 0.110824 0.052394 0.0179707 0.00686735 0.0075223 0.0132834 0.0218438 0.031398 0.0393469 0.0430758 0.0413672 0.0351213 0.0267478 0.0187433 0.0125579 0.00839917 0.00575302
 1.02739e-16 4.77762e-05 0.000464401 0.00308611 0.014029 0.0436497 0.0930016 0.135745 0.135778 0.0931622 0.0441891 0.0155875 0.00699972 0.00901355 0.0163006 0.0269146 0.0388623 0.0490626 0.0543872 0.0533592 0.04699 0.0380247 0.029245 0.0221761 0.0169465 0.0129767
 1.04756e-16 4.4298e-05 0.000430592 0.00286144 0.0130077 0.040472 0.086231 0.125864 0.125896 0.0863913 0.0410103 0.0145637 0.00677157 0.00898118 0.0163264 0.0270324 0.0391956 0.0498247 0.0558737 0.0558954 0.0508345 0.0432556 0.0356808 0.0293762 0.0243049 0.0198748
 1.08785e-16 2.40325e-05 0.000233605 0.00155239 0.00705696 0.0219571 0.0467837 0.0682924 0.0683412 0.0470223 0.0227588 0.00937456 0.00737731 0.012974 0.0242925 0.0403102 0.0585039 0.074483 0.0837491 0.0841774 0.077182 0.0665525 0.055971 0.0472156 0.0401155 0.0336991
 1.07308e-16 5.67968e-05 0.000552085 0.0036688 0.0166778 0.051891 0.11056 0.161368 0.161383 0.11063 0.0521261 0.0173591 0.00538774 0.00433382 0.00732496 0.0122446 0.0181589 0.0239357 0.0284314 0.0310809 0.032132 0.0322642 0.0319411 0.0310777 0.0292491 0.026166
 1.02066e-16 6.48468e-05 0.000630334 0.00418879 0.0190417 0.0592458 0.12623 0.18424 0.184257 0.126315 0.0595299 0.0198622 0.00624813 0.00512499 0.00859847 0.0141061 0.0203003 0.0255019 0.0280482 0.0271805 0.0234968 0.0185469 0.0139046 0.0104351 0.0081807 0.00672181
 1.0343e-16 2.20775e-05 0.000214601 0.0014261 0.0064829 0.020171 0.0429788 0.0627419 0.0628041 0.0432826 0.0211908 0.00942805 0.00881748 0.0163455 0.0306439 0.0505886 0.072783 0.0913299 0.100213 0.096629 0.0826394 0.0637629 0.0456905 0.0316883 0.0221756 0.0159496
 1.04968e-16 6.21167e-05 0.000603796 0.00401244 0.01824 0.0567514 0.120915 0.176481 0.176491 0.120964 0.0569174 0.0187218 0.00523067 0.00329249 0.00525407 0.0088105 0.0132032 0.0176777 0.0214681 0.0241572 0.0258052 0.026685 0.026884 0.0261679 0.0242172 0.0209855
 1.03563e-16 4.42219e-05 0.000429852 0.00285652 0.0129854 0.0404025 0.0860832 0.125649 0.125689 0.0862753 0.0410473 0.0148473 0.00752844 0.0106226 0.0193845 0.031931 0.0458895 0.0574946 0.0629454 0.0605073 0.0515646 0.0397094 0.0286224 0.0203769 0.0151409 0.0119731
 1.06019e-16 3.76562e-05 0.000366032 0.00243241 0.0110574 0.0344039 0.0733026 0.106995 0.107031 0.0734809 0.0350031 0.0127899 0.00678842 0.00989944 0.0182139 0.0302347 0.0439735 0.0561708 0.0634829 0.0642945 0.0595686 0.0519875 0.0441481 0.0372936 0.0313351 0.0257086
 1.04774e-16 5.79703e-05 0.000563492 0.0037446 0.0170224 0.0529632 0.112844 0.164703 0.164722 0.112934 0.0532653 0.0178962 0.00594233 0.00537631 0.00924289 0.0153051 0.0223143 0.0286313 0.03261 0.0334713 0.0317103 0.0286441 0.0254929 0.022752 0.020236 0.0175541
 1.05871e-16 2.32775e-05 0.000226265 0.00150361 0.00683525 0.0212673 0.0453144 0.0661498 0.0662078 0.0455976 0.0222184 0.00958229 0.00839934 0.0152805 0.0286166 0.0472789 0.0681204 0.0856957 0.0944572 0.0918367 0.0797595 0.0633021 0.0476268 0.0355848 0.027374 0.0217411
 1.058e-16 5.92729e-05 0.000576153 0.00382874 0.0174049 0.0541532 0.11538 0.168402 0.168415 0.11544 0.0543564 0.0179942 0.00531713 0.00385557 0.00637598 0.0106775 0.0159115 0.0211237 0.0253428 0.0280598 0.0294112 0.0298574 0.0296643 0.0286771 0.026551 0.0231654
pSPR Fmed_Fpbrs
0.573267   0.24812 0.24812
Fs Fmed_Fpbrs
0.34   1.005 1.005
SSBpbr Bo_Bmed_Bpbrs
386784  202391  76629.8 76629.8
Ro
88734.9
SPR SPRFo_SPRFmed_SPRFpbrs
638723 366159 158480
Fref
1.005
Nvult_r0
 47170 3081.96 1621.03 108.991 26.887
CTP_r0
 18696.7 1523.61 811.943 54.6294 13.477
YTP_r0
223806
Np
 81332.5 15516.5 1569.38 68.731 39.7851
Nvult_p0
 65816 13369.2 1357.74 59.4749 34.4276
CTP_p0
 26087.4 4830.48 220.848 112.927 8.63309
 26087.4 6609.24 680.062 29.8105 17.2567
YTP_p0
 290148 329942
CBA_c0
243709
log_Ro
11.2134
likeval ReclasPelacesDesembMPH_pf_preclas_ppelaces_ptallas_desvR_qrecl_qpela
 43.41 32.0587 0.0406436 76.8507 282.123 156.846 131.22 0 24.1609 0.000269126 0.000677221 0.02095 0 0 0
q_reclas_q_pelaces
10.1759 39.6573
M
1
N
 143551 23451.2 25040.6 2288.96 0.142185
 92836.9 36626.9 5003.34 5266.11 481.029
 85906.2 17303.1 4895.72 651.122 746.832
 122696 16074.4 2326.38 640.954 182.752
 90648.5 20963 1887.55 265.061 93.696
 191772 26456.8 5463.57 487.494 92.6092
 64658.4 50918.2 5989.41 1221.11 129.562
 23365.1 10494.3 5539.18 630.928 142.032
 22671.9 7283.77 3017.04 1582.13 220.699
 30703.3 3857.55 850.047 341.584 203.777
 51581.4 2011.7 108.721 22.3858 14.3083
 170615 14256.8 483.476 25.8369 8.71476
 63467.5 36013.5 2293.56 76.0985 5.43187
 33224.6 13195.5 5664.51 352.745 12.5239
 73839.5 742.071 74.9037 28.7998 1.84606
 200275 12000.3 80.8856 7.90634 3.22914
 65264.9 28819.1 1091.26 7.08883 0.973939
 207340 11544 3563.36 131.099 0.967108
 318614 26919.6 900.708 266.869 9.86887
 271050 39158.3 1935.61 62.031 19.0142
 257282 50241.1 5191.31 249.783 10.4431
 233429 56989.3 8683.97 879.572 44.0429
 53731.7 35556.5 5640.57 830.208 88.1339
 99890.5 8437.78 3682.56 564.955 91.8133
 168337 14186.3 752.423 316.321 56.2994
 33307.4 28835.2 1672.25 86.0674 42.5531
 127147 6083.22 3739.56 210.979 16.2028
 91967.4 24498 854.328 511.995 31.0612
 59451.6 17924.1 3499.72 119.036 75.5628
 118856 10415 2184.69 414.3 22.9996
 30447.6 27869.7 1959.45 403.806 80.7504
 58290.7 3576.97 1873.72 125.954 31.0711
pred_Ctot
 28643.6 6506.09 7092.09 649 0.0403169
 30572.2 15963.5 2217.9 2336.48 213.434
 28166.8 7512.86 2162.08 287.811 330.133
 44157.4 7563.47 1112.32 306.723 87.4581
 12065.9 3972.72 365.857 51.4374 18.1837
 34635.9 6689.48 1411.03 126.043 23.9458
 24375.4 24923.1 2977.52 607.55 64.4652
 2284.65 1478.96 799.174 91.142 20.5188
 8191.32 3438.66 1447.3 759.607 105.966
 18164.1 2698.45 600.086 241.255 143.928
 8299.22 456.336 25.2045 5.19567 3.32111
 48069.4 5415.66 187.051 10.0057 3.3751
 18265 13941.2 904.119 30.0269 2.14341
 23938.1 10583.4 4568.67 284.587 10.1042
 27804.8 362.871 37.2014 14.3154 0.917653
 83015.1 6359.06 43.484 4.25368 1.73738
 22709.4 13173.6 507.07 3.29679 0.452969
 92044.1 6470.67 2024.55 74.5383 0.549884
 146151 15493.1 525.217 155.723 5.75889
 89801.8 17156.9 862.504 27.6656 8.48066
 67411.8 17882.6 1883.01 90.6932 3.79197
 92719 29147.5 4508.26 456.988 22.8838
 20827.7 17817.2 2869.78 422.729 44.8783
 41793.9 4505.88 1994.85 306.268 49.7749
 60435.9 6661.17 359.02 151.061 26.8874
 11212.3 12809.7 755.399 38.9135 19.2403
 40314.6 2565.13 1604.38 90.5987 6.95816
 28764.9 10207.3 362.217 217.276 13.1821
 20885.6 8261.07 1639.48 55.8115 35.4303
 28253.5 3394.11 726.044 137.829 7.6519
 14323 16366.5 1165.44 240.337 48.0625
 18270.6 1493.16 795.888 53.5499 13.2107
F
 0.365908 0.544817 0.559207 0.559986 0.560027
 0.679961 1.01242 1.03916 1.04061 1.04069
 0.676031 1.00657 1.03316 1.0346 1.03467
 0.76695 1.14194 1.17211 1.17374 1.17382
 0.231476 0.344655 0.353758 0.354251 0.354276
 0.326085 0.485521 0.498346 0.499039 0.499076
 0.818281 1.21837 1.25056 1.2523 1.25239
 0.165594 0.246561 0.253073 0.253425 0.253444
 0.771092 1.14811 1.17844 1.18008 1.18016
 1.72539 2.56901 2.63686 2.64053 2.64073
 0.285929 0.425732 0.436977 0.437586 0.437618
 0.555513 0.827127 0.848974 0.850156 0.850218
 0.570656 0.849673 0.872116 0.87333 0.873394
 2.8016 4.17143 4.28161 4.28757 4.28788
 0.816962 1.21641 1.24854 1.25028 1.25037
 0.938652 1.3976 1.43451 1.43651 1.43662
 0.732288 1.09033 1.11913 1.12069 1.12077
 1.04151 1.55074 1.5917 1.59392 1.59403
 1.09637 1.63243 1.67555 1.67788 1.678
 0.685471 1.02063 1.04759 1.04904 1.04912
 0.507309 0.755355 0.775306 0.776386 0.776442
 0.881753 1.31288 1.34756 1.34943 1.34953
 0.851284 1.26751 1.30099 1.3028 1.3029
 0.9518 1.41718 1.45461 1.45663 1.45674
 0.764372 1.13811 1.16817 1.16979 1.16988
 0.700247 1.04263 1.07017 1.07166 1.07174
 0.64675 0.962973 0.988409 0.989785 0.989857
 0.635289 0.945909 0.970893 0.972245 0.972316
 0.741916 1.10467 1.13385 1.13543 1.13551
 0.450375 0.670583 0.688295 0.689253 0.689304
 1.14149 1.69961 1.74451 1.74694 1.74706
 0.63706 0.948546 0.9736 0.974956 0.975027
YTP_r0W_actual
 160792 37785.4 22653.2 2037.68 537.733
YTP_p0W_proyectada
 196699 84291.9 5315.8 3536.87 304.317
 196699 115331 16369.1 933.664 608.299
CTP_r0_actual
 18696.7 1523.61 811.943 54.6294 13.477
CTP_p0_proyectada
 26087.4 4830.48 220.848 112.927 8.63309
 26087.4 6609.24 680.062 29.8105 17.2567
Wmedp
 7.54 17.45 24.07 31.32 35.25
Frms_r0
 0.656641 0.977701 1.00353 1.00492 1.005
Zrms_r0
 1.65664 1.9777 2.00353 2.00492 2.005
nmprior
 7.29 8.9 8.7 0
nm_flota  nm_reclas  nm_pelaces    nm_pelaL
inf 7.62749 7.1135 15.5925
cv_recla  cv_pelaces  cv_mph
0.582864 0.620245 0.357889
 ------------------------------------------------
Talla a la edad & desviaci?n 
 8 13.2811 15.8009 17.003 17.5766
 0.8 1.32811 1.58009 1.7003 1.75766
