years
 1991 1992 1993 1994 1995 1996 1997 1998 1999 2000 2001 2002 2003 2004 2005 2006 2007 2008 2009 2010 2011 2012 2013 2014 2015 2016 2017 2018 2019 2020 2021 2022
reclasobs
 0 0 0 0 0 0 0 0 0 252601 567819 844713 477998 351125 339783 2.1784e+06 2.13404e+06 4.81314e+06 1.55562e+06 2.62356e+06 3.21686e+06 3.843e+06 1.13348e+06 3.07943e+06 1.97215e+06 2.03268e+06 2.025e+06 2.42433e+06 2.27542e+06 1.05018e+06 2.36338e+06 3.18982e+06
reclaspred
 2.35618e+06 1.43659e+06 999485 1.06842e+06 1.14923e+06 1.3612e+06 1.05981e+06 1.59182e+06 1.74014e+06 1.87566e+06 1.39187e+06 1.38517e+06 1.2326e+06 1.12306e+06 1.17371e+06 1.12931e+06 1.16664e+06 1.30636e+06 583660 366999 547106 230942 464180 882896 815062 1.11698e+06 1.26358e+06 1.07582e+06 1.28274e+06 1.37775e+06 1.39949e+06 1.89222e+06
pelacesobs
 0 0 0 0 0 0 0 0 0 0 0 0 0 0 0 552880 188675 0 991730 2.46772e+06 1.41603e+06 1.21717e+06 2.29649e+06 1.80582e+06 0 1.4828e+06 1.56532e+06 1.57751e+06 1.42118e+06 867257 1.10002e+06 1.06204e+06
pelacespred
 1.17604e+06 715212 471792 434863 521196 602986 458855 819483 935848 941941 787399 642644 602944 595271 632279 503804 501045 520995 231893 119804 190574 60836.3 192088 409781 364006 516510 656059 551586 558522 658980 650563 869075
mphobs
 0 0 0 0 0 0 0 0 0 0 0 0 498337 0 5186 125008 0 168611 109162 213762 579715 649985 157893 87575 83554 210694 70296 0 107559 103333 445601 22526
mphpred
 2.40988e+06 1.47409e+06 941604 763271 870964 994347 986571 849968 1.34659e+06 1.58109e+06 1.27603e+06 1.17338e+06 1.05707e+06 876062 836311 1.05223e+06 812264 1.04112e+06 622962 256644 266000 199069 95651.6 398835 677879 590066 905510 851157 968708 1.01828e+06 976611 1.15377e+06
desembarqueobs
 494567 514787 250237 358949 120608 361735 552515 73892 212993 205616 52469 317467 293654 387597 252695 516296 358380 742168 942051 627588 828172 859565 418607 520667 417249 300574 415391 372974 316634 284311 391294 218835
desembarquepred
 494657 506542 260402 358734 120547 361524 552180 73858.8 212977 205632 52457.4 318121 294436 390237 253081 515819 357740 735782 913913 605266 802166 831706 419937 523369 418716 301201 415965 374107 317432 284752 392455 218828
Reclutas
 199582 199582 199582 199582 199582 199582 199582 199582 199582 199582 199582 199582 199582 199582 199582 199582 199582 199582 199582 199582 199582 199582 199582 199582 199582 199582 199582 199582 199582 199582 199582 199582
log_desv_Rt
 0 0 0 0 0 0 0 0 0 0 0 0 0 0 0 0 0 0 0 0 0 0 0 0 0 0 0 0 0 0 0 0
SSB
 2.40988e+06 1.47409e+06 941604 763271 870964 994347 986571 849968 1.34659e+06 1.58109e+06 1.27603e+06 1.17338e+06 1.01892e+06 864528 816413 1.02271e+06 812264 1.04112e+06 652456 269250 291151 255573 116904 451378 708527 652336 941765 851157 1.00521e+06 994224 1.08051e+06 1.30361e+06
BT
 3.39811e+06 2.40212e+06 1.46848e+06 1.56057e+06 1.53751e+06 2.09263e+06 1.76898e+06 2.86067e+06 3.04695e+06 2.78478e+06 2.20463e+06 2.04422e+06 2.01795e+06 2.3261e+06 2.32705e+06 1.88288e+06 1.81642e+06 2.14523e+06 1.68311e+06 934008 1.39584e+06 951373 1.17439e+06 2.01513e+06 1.45579e+06 1.99478e+06 2.53822e+06 2.11008e+06 1.82319e+06 2.26157e+06 2.28063e+06 2.75447e+06
Ftot
 0.19814 0.328902 0.244949 0.314079 0.0998881 0.249863 0.479464 0.0443895 0.116474 0.104345 0.0360673 0.216537 0.225165 0.325296 0.20398 0.422667 0.287886 0.516168 1.31296 1.39745 1.25863 2.56937 0.824009 0.546976 0.473935 0.254077 0.308571 0.325811 0.233053 0.19541 0.263734 0.110059
BD_Bspro_t
 0.968795 0.801929 0.665206 0.642896 0.650182 0.72592 0.676121 0.595761 0.767932 0.81884 0.824419 0.860313 0.770518 0.705685 0.678288 0.698845 0.58315 0.627581 0.445831 0.239057 0.214487 0.178116 0.104257 0.325494 0.453772 0.490689 0.625477 0.634954 0.665787 0.668542 0.701785 0.720097
BD_Bspro
 1.67748 1.02609 0.655434 0.5313 0.606263 0.692148 0.686735 0.591648 0.937337 1.10057 0.88822 0.816772 0.709254 0.601783 0.568291 0.71189 0.565403 0.724704 0.454164 0.18742 0.202665 0.1779 0.0813749 0.314196 0.493193 0.45408 0.655546 0.592475 0.699711 0.692062 0.752123 0.907421
BD_Bo
 1.42487 0.871573 0.556735 0.451294 0.514968 0.58792 0.583323 0.502554 0.796187 0.93484 0.754467 0.693778 0.602451 0.511163 0.482715 0.60469 0.480261 0.615574 0.385773 0.159197 0.172147 0.151111 0.069121 0.266883 0.418925 0.385702 0.556831 0.503257 0.594345 0.587848 0.638864 0.770776
BD_Brms
 6.02323 3.68431 2.35343 1.90771 2.17687 2.48526 2.46582 2.1244 3.36564 3.95176 3.18928 2.93274 2.54668 2.16079 2.04053 2.55615 2.03016 2.60215 1.63074 0.672959 0.727699 0.638775 0.292188 1.12817 1.77088 1.63044 2.35383 2.12737 2.51241 2.48495 2.70061 3.25823
Sel_flota
 0.5 1 1 1 1
 0.5 1 1 1 1
 0.5 1 1 1 1
 0.5 1 1 1 1
 0.5 1 1 1 1
 0.5 1 1 1 1
 0.5 1 1 1 1
 0.5 1 1 1 1
 0.5 1 1 1 1
 0.5 1 1 1 1
 0.5 1 1 1 1
 0.5 1 1 1 1
 0.5 1 1 1 1
 0.5 1 1 1 1
 0.5 1 1 1 1
 0.5 1 1 1 1
 0.5 1 1 1 1
 0.5 1 1 1 1
 0.5 1 1 1 1
 0.5 1 1 1 1
 0.5 1 1 1 1
 0.5 1 1 1 1
 0.5 1 1 1 1
 0.5 1 1 1 1
 0.5 1 1 1 1
 0.5 1 1 1 1
 0.5 1 1 1 1
 0.5 1 1 1 1
 0.5 1 1 1 1
 0.5 1 1 1 1
 0.5 1 1 1 1
 0.5 1 1 1 1
Sel_reclas
 0.5 1 1 1 1
 0.5 1 1 1 1
 0.5 1 1 1 1
 0.5 1 1 1 1
 0.5 1 1 1 1
 0.5 1 1 1 1
 0.5 1 1 1 1
 0.5 1 1 1 1
 0.5 1 1 1 1
 0.5 1 1 1 1
 0.5 1 1 1 1
 0.5 1 1 1 1
 0.5 1 1 1 1
 0.5 1 1 1 1
 0.5 1 1 1 1
 0.5 1 1 1 1
 0.5 1 1 1 1
 0.5 1 1 1 1
 0.5 1 1 1 1
 0.5 1 1 1 1
 0.5 1 1 1 1
 0.5 1 1 1 1
 0.5 1 1 1 1
 0.5 1 1 1 1
 0.5 1 1 1 1
 0.5 1 1 1 1
 0.5 1 1 1 1
 0.5 1 1 1 1
 0.5 1 1 1 1
 0.5 1 1 1 1
 0.5 1 1 1 1
 0.5 1 1 1 1
Sel_pelaces
 0.5 1 1 1 1
 0.5 1 1 1 1
 0.5 1 1 1 1
 0.5 1 1 1 1
 0.5 1 1 1 1
 0.5 1 1 1 1
 0.5 1 1 1 1
 0.5 1 1 1 1
 0.5 1 1 1 1
 0.5 1 1 1 1
 0.5 1 1 1 1
 0.5 1 1 1 1
 0.5 1 1 1 1
 0.5 1 1 1 1
 0.5 1 1 1 1
 0.5 1 1 1 1
 0.5 1 1 1 1
 0.5 1 1 1 1
 0.5 1 1 1 1
 0.5 1 1 1 1
 0.5 1 1 1 1
 0.5 1 1 1 1
 0.5 1 1 1 1
 0.5 1 1 1 1
 0.5 1 1 1 1
 0.5 1 1 1 1
 0.5 1 1 1 1
 0.5 1 1 1 1
 0.5 1 1 1 1
 0.5 1 1 1 1
 0.5 1 1 1 1
 0.5 1 1 1 1
pf_obs 
 0.8446 0.082 0.0669 0.0065 0
 0.8095 0.147 0.0364 0.0071 0
 0.9664 0.0169 0.016 0.0007 0
 0.9276 0.0648 0.0075 0.0001 0
 0.7033 0.2144 0.0806 0.0017 0
 0.9318 0.0425 0.0243 0.0014 0
 0.5671 0.3108 0.0964 0.0239 0.0018
 0.0768 0.2599 0.5324 0.112 0.0189
 0.490249 0.384438 0.106611 0.0170017 0.00170017
 0.7925 0.1577 0.0466 0.003 0.0002
 0.840416 0.127587 0.0312969 0.00059994 9.999e-05
 0.8084 0.0986 0.0794 0.0134 0.0002
 0.7335 0.1905 0.0724 0.0035 0.0001
 0.4001 0.4547 0.1325 0.0127 0
 0.49795 0.308269 0.164784 0.0264974 0.00249975
 0.9179 0.0499 0.0305 0.0017 0
 0.2467 0.6533 0.0926 0.0074 0
 0.9418 0.0223 0.034 0.0019 0
 0.707729 0.231977 0.0356964 0.0245975 0
 0.517169 0.277429 0.184464 0.0207286 0.00020938
 0.811772 0.124168 0.05621 0.00726502 0.000585176
 0.764997 0.148141 0.077277 0.00933861 0.000247198
 0.163321 0.427699 0.378323 0.0303852 0.000271297
 0.753843 0.0900009 0.118128 0.0371064 0.000921714
 0.721811 0.176058 0.0630433 0.0369309 0.00215725
 0.143369 0.312575 0.442814 0.0836902 0.0175525
 0.692698 0.0596174 0.167031 0.0765114 0.00414204
 0.394062 0.376323 0.152708 0.0712218 0.00568511
 0.125707 0.32114 0.495352 0.0537591 0.00404204
 0.23352 0.215282 0.420074 0.123614 0.00750983
 0.796117 0.104755 0.0508955 0.0450114 0.00322123
 0.162477 0.292055 0.404252 0.121198 0.0200186
pf_pred 
 0.47059 0.0192125 0.352928 0.111168 0.0461005
 0.511494 0.319208 0.00614387 0.112861 0.0502922
 0.540229 0.320942 0.0907164 0.00174604 0.0463669
 0.539612 0.329895 0.0910901 0.0257473 0.0136555
 0.539036 0.332057 0.0923692 0.0255048 0.0110326
 0.514972 0.342725 0.102508 0.028515 0.0112794
 0.540578 0.319687 0.0987378 0.0295323 0.0114646
 0.560475 0.321495 0.0821311 0.0253668 0.0105325
 0.506453 0.355826 0.100737 0.025735 0.0112487
 0.500187 0.339817 0.11535 0.0326566 0.0119892
 0.492858 0.341619 0.112537 0.0382007 0.0147854
 0.489314 0.338404 0.116052 0.0382302 0.018
 0.515591 0.32526 0.105459 0.0361659 0.0175234
 0.530003 0.326543 0.0963235 0.031231 0.0158997
 0.543127 0.32585 0.0910316 0.0268524 0.0131388
 0.539529 0.329881 0.0931392 0.02602 0.0114309
 0.563945 0.317042 0.0852606 0.0240726 0.00967948
 0.561527 0.323673 0.0834675 0.0224465 0.00888588
 0.623292 0.282521 0.0695276 0.0179295 0.00673045
 0.735315 0.221207 0.0326072 0.00802456 0.00284614
 0.753391 0.221467 0.0210115 0.00309722 0.00103256
 0.76861 0.208731 0.0203485 0.00193054 0.000379445
 0.843683 0.147448 0.00800029 0.00077992 8.85375e-05
 0.680363 0.298312 0.0201147 0.00109139 0.000118474
 0.620505 0.316614 0.0586855 0.00395707 0.000238011
 0.589093 0.324914 0.071744 0.013298 0.000950596
 0.553659 0.337296 0.0862245 0.0190392 0.00378124
 0.553094 0.32682 0.0907478 0.0231983 0.00613972
 0.551009 0.328614 0.0880313 0.0244436 0.00790241
 0.535176 0.336804 0.0936972 0.0251002 0.00922277
 0.528515 0.334433 0.0993059 0.0276264 0.0101201
 0.529012 0.333501 0.0975217 0.0289579 0.011007
pobs_RECLAS
 0 0 0 0 0
 0 0 0 0 0
 0 0 0 0 0
 0 0 0 0 0
 0 0 0 0 0
 0 0 0 0 0
 0 0 0 0 0
 0 0 0 0 0
 0 0 0 0 0
 0 0 0 0 0
 0.991045 0.00858322 0.000360255 1.14367e-05 0
 0.934742 0.0480273 0.0164251 0.00080598 0
 0.827803 0.169806 0.00239088 0 0
 0.941827 0.0461693 0.0120037 0 0
 0.791401 0.0380133 0.147996 0.0225897 0
 0.846168 0.0940531 0.0597789 0 0
 0.134021 0.677848 0.182769 0.00536245 0
 0.80878 0.0450904 0.141981 0.00414843 0
 0.846168 0.0940531 0.0597789 0 0
 0.905697 0.0802665 0.012482 0.00150086 5.37128e-05
 0.989698 0.0102097 9.19794e-05 0 0
 0.975433 0.0193895 0.00387452 0.00125025 5.28907e-05
 0.303575 0.632131 0.0575291 0.00676475 0
 0.966965 0.00978017 0.0227588 0.000495775 0
 0.843318 0.132988 0.00938335 0.0141283 0.000182051
 0.564624 0.303363 0.111486 0.0197234 0.00080311
 0.826376 0.0876187 0.0782897 0.00655872 0.00115652
 0.89761 0.0855135 0.0140674 0.00269457 0.000114338
 0.34875 0.467042 0.161289 0.0227151 0.000203297
 0.318654 0.224769 0.449479 0.00709798 0
 0.937255 0.0296025 0.0250945 0.00804832 0
 0.456809 0.399803 0.12412 0.0192676 0
ppred_RECLAS
 0.472903 0.0191286 0.351387 0.110682 0.0458992
 0.515655 0.316489 0.00609154 0.1119 0.0498638
 0.54316 0.318895 0.0901381 0.00173491 0.0460712
 0.543528 0.327089 0.0903154 0.0255283 0.0135393
 0.540127 0.331272 0.0921506 0.0254445 0.0110065
 0.517988 0.340594 0.101871 0.0283377 0.0112092
 0.547116 0.315138 0.0973327 0.029112 0.0113015
 0.560938 0.321156 0.0820447 0.0253401 0.0105215
 0.507747 0.354893 0.100473 0.0256675 0.0112192
 0.501337 0.339035 0.115085 0.0325815 0.0119617
 0.493237 0.341363 0.112453 0.0381722 0.0147744
 0.491877 0.336706 0.115469 0.0380383 0.0179096
 0.518269 0.323462 0.104876 0.035966 0.0174265
 0.534096 0.3237 0.0954846 0.030959 0.0157612
 0.545506 0.324154 0.0905577 0.0267126 0.0130704
 0.545125 0.325872 0.0920073 0.0257038 0.0112919
 0.567443 0.314499 0.0845766 0.0238795 0.00960184
 0.568632 0.318428 0.0821149 0.0220827 0.00874189
 0.646904 0.264812 0.0651696 0.0168057 0.00630858
 0.756439 0.203553 0.0300049 0.00738414 0.002619
 0.770778 0.205853 0.0195301 0.00287885 0.000959761
 0.813885 0.16789 0.016367 0.0015528 0.000305201
 0.850576 0.140946 0.00764749 0.000745527 8.46331e-05
 0.687091 0.292033 0.0196913 0.00106842 0.00011598
 0.626602 0.311527 0.0577426 0.0038935 0.000234187
 0.592071 0.322559 0.0712241 0.0132016 0.000943707
 0.557473 0.334414 0.0854878 0.0188765 0.00374893
 0.557162 0.323845 0.0899219 0.0229871 0.00608384
 0.553767 0.326595 0.0874906 0.0242935 0.00785387
 0.537448 0.335157 0.0932392 0.0249775 0.00917769
 0.531717 0.332161 0.0986313 0.0274388 0.0100513
 0.530225 0.332642 0.0972705 0.0288833 0.0109786
pobs_PELACES
 0 0 0 0 0
 0 0 0 0 0
 0 0 0 0 0
 0 0 0 0 0
 0 0 0 0 0
 0 0 0 0 0
 0 0 0 0 0
 0 0 0 0 0
 0 0 0 0 0
 0 0 0 0 0
 0 0 0 0 0
 0 0 0 0 0
 0 0 0 0 0
 0 0 0 0 0
 0 0 0 0 0
 0 0 0 0 0
 0.505614 0.472636 0.0217494 0 0
 0 0 0 0 0
 0.443492 0.261883 0.143347 0.151278 0
 0.227955 0.32914 0.350689 0.0885471 0.00366901
 0.970185 0.0296113 0.000203453 0 0
 0.997202 0.00247181 0.000326279 0 0
 0.445219 0.490057 0.0546422 0.010081 0
 0.90214 0.0892962 0.00764917 0.000914606 0
 0 0 0 0 0
 0.581667 0.319106 0.0959925 0.00289975 0.000334073
 0.762889 0.0836404 0.116647 0.0363945 0.000428098
 0.88444 0.0763242 0.0277011 0.0115352 0
 0.521256 0.241999 0.230069 0.00667565 0
 0.616807 0.101726 0.260614 0.0208532 0
 0.833518 0.0704572 0.0857862 0.0102388 0
 0.697417 0.212968 0.0787535 0.0105354 0.000325836
ppred_PELACES
 0.481059 0.0188326 0.34595 0.10897 0.045189
 0.529194 0.307643 0.00592126 0.108772 0.0484699
 0.55317 0.311908 0.088163 0.00169689 0.0450618
 0.556353 0.317899 0.0877777 0.024811 0.0131589
 0.544218 0.328325 0.0913309 0.0252181 0.0109086
 0.528273 0.333327 0.0996974 0.027733 0.01097
 0.566635 0.301555 0.0931376 0.0278573 0.0108144
 0.562741 0.319837 0.0817078 0.0252361 0.0104783
 0.512549 0.351431 0.0994929 0.0254171 0.0111098
 0.505641 0.336109 0.114092 0.0323003 0.0118584
 0.494724 0.340361 0.112123 0.0380601 0.014731
 0.500809 0.330787 0.113439 0.0373697 0.0175948
 0.527537 0.317239 0.102858 0.035274 0.0170912
 0.547424 0.314439 0.092753 0.0300733 0.0153103
 0.553837 0.318212 0.0888978 0.026223 0.0128308
 0.562357 0.313527 0.0885218 0.02473 0.0108642
 0.579063 0.306051 0.0823047 0.023238 0.00934391
 0.589389 0.303106 0.0781637 0.0210201 0.00832124
 0.694681 0.228981 0.0563516 0.0145317 0.00545497
 0.796382 0.170171 0.0250842 0.00617317 0.00218949
 0.805399 0.174762 0.0165804 0.00244405 0.000814804
 0.869824 0.117429 0.0114477 0.00108609 0.00021347
 0.867046 0.125411 0.00680457 0.000663353 7.53047e-05
 0.70616 0.274236 0.0184913 0.00100331 0.000108912
 0.64471 0.29642 0.0549424 0.00370468 0.00022283
 0.602156 0.314585 0.0694633 0.0128752 0.000920377
 0.569994 0.324952 0.083069 0.0183424 0.00364286
 0.570382 0.314177 0.0872374 0.0223009 0.00590222
 0.563248 0.319656 0.0856316 0.0237773 0.00768699
 0.545453 0.329357 0.0916256 0.0245453 0.00901886
 0.542536 0.324487 0.0963527 0.0268049 0.00981911
 0.534746 0.329441 0.0963344 0.0286054 0.010873
pobs_pel_tallas
 0 0 0 0 0 0 0 0 0 0 0 0 0 0 0 0 0 0 0 0 0 0 0 0 0 0
 0 0 0 0 0 0 0 0 0 0 0 0 0 0 0 0 0 0 0 0 0 0 0 0 0 0
 0 0 0 0 0 0 0 0 0 0 0 0 0 0 0 0 0 0 0 0 0 0 0 0 0 0
 0 0 0 0 0 0 0 0 0 0 0 0 0 0 0 0 0 0 0 0 0 0 0 0 0 0
 0 0 0 0 0 0 0 0 0 0 0 0 0 0 0 0 0 0 0 0 0 0 0 0 0 0
 0 0 0 0 0 0 0 0 0 0 0 0 0 0 0 0 0 0 0 0 0 0 0 0 0 0
 0 0 0 0 0 0 0 0 0 0 0 0 0 0 0 0 0 0 0 0 0 0 0 0 0 0
 0 0 0 0 0 0 0 0 0 0 0 0 0 0 0 0 0 0 0 0 0 0 0 0 0 0
 0 0 0 0 0 0 0 0 0 0 0 0 0 0 0 0 0 0 0 0 0 0 0 0 0 0
 0 0 0 0 0 0 0 0 0 0 0 0 0 0 0 0 0 0 0 0 0 0 0 0 0 0
 0 0 0 0 0 0 0 0 0 0 0 0 0 0 0 0 0 0 0 0 0 0 0 0 0 0
 0 0 0 0 0 0 0 0 0 0 0 0 0 0 0 0 0 0 0 0 0 0 0 0 0 0
 0.00862536 0 0 0.000197151 0.00414017 0.0128641 0.00837892 0.0270097 0.101434 0.158115 0.152841 0.127902 0.109271 0.109419 0.0830992 0.0579132 0.0238553 0.00714673 0.00463305 0.00128148 0.00103504 0.000492878 0.000147863 0.000147863 4.92878e-05 0
 0 0 0 0 0 0 0 0 0 0 0 0 0 0 0 0 0 0 0 0 0 0 0 0 0 0
 0 0 0 0 0 0 0 0.0054083 0.00873648 0.0413646 0.0450493 0.0745869 0.0622846 0.0627006 0.0613931 0.0827291 0.12552 0.122667 0.0946155 0.0697135 0.0546179 0.0294188 0.0215738 0.0213955 0.0102223 0.00600262
 0 0 0 0 0.00359764 0.0251062 0.0480494 0.140153 0.205849 0.193036 0.1447 0.116669 0.0760912 0.0342217 0.00950174 0.001854 0.000860785 0 0 0 0.000165536 0 0.000143464 0 0 0
 0 0 0 0 0 0 0 0.000145254 0.000435761 0.0275982 0.070085 0.0708112 0.156366 0.174668 0.174014 0.160142 0.0824315 0.0480064 0.0283245 0.00493863 0.00203355 0 0 0 0 0
 0 0 0 0 0 0 0 0 0 0 0 0 0 0 0 0 0 0 0 0 0 0 0 0 0 0
 0 0 1.00437e-05 0.000401748 0.00122533 0.00171747 0.00176769 0.0269171 0.070346 0.194647 0.189555 0.159765 0.064822 0.0314167 0.0384472 0.0292271 0.0345202 0.0313363 0.0194345 0.0106764 0.0143323 0.0359363 0.0279516 0.0138201 0.00172751 0
 0 0.0021121 0.0136068 0.0755702 0.200478 0.177729 0.0527432 0.0373336 0.0318909 0.0142505 0.0149659 0.0166563 0.0217959 0.0798694 0.0677717 0.0528807 0.04013 0.0224614 0.0357745 0.0225083 0.00881397 0.00855152 0.00135912 0.000746735 0 0
 0 0 0 0 5.4009e-05 0.00500934 0.000945158 0.0243581 0.138947 0.33067 0.221406 0.137944 0.0707744 0.0437923 0.0131692 0.00525238 0.0047753 0.00276346 9.45158e-05 9.00151e-06 2.25038e-05 9.00151e-06 4.50075e-06 0 0 0
 0.000866109 0.00284123 0.00948549 0.0512746 0.133035 0.25785 0.225252 0.132002 0.0553304 0.0519788 0.0540692 0.017754 0.00435017 0.00159236 0.00146478 0.000404838 0.000125132 0.000115318 0.000107957 0.000100596 0 0 0 0 0 0
 0 0 0 0 0.00144013 0.00171154 0.00461396 0.0210425 0.0478622 0.0707936 0.0888783 0.103762 0.0637923 0.0337046 0.0602308 0.124433 0.169614 0.0934646 0.0462172 0.0250306 0.0313229 0.00938855 0.002487 0.000210481 0 0
 0 0.00764035 0.051015 0.0998891 0.058973 0.0496711 0.0374665 0.0718981 0.12319 0.153886 0.159021 0.0857701 0.0377988 0.023471 0.0147837 0.00900784 0.00315554 0.000888139 0.00291439 0.00214683 0.00393193 0.00274676 0.000635225 9.99891e-05 0 0
 0 0 0 0 0 0 0 0 0 0 0 0 0 0 0 0 0 0 0 0 0 0 0 0 0 0
 0 0 0 0 0 0 0 0 0 0 0 0 0 0 0 0 0 0 0 0 0 0 0 0 0 0
 0 0 0 0 0 0 0 0 0 0 0 0 0 0 0 0 0 0 0 0 0 0 0 0 0 0
 0 0 0 0 0 0 0 0 0 0 0 0 0 0 0 0 0 0 0 0 0 0 0 0 0 0
 0 0 0 0 0 0 0 0 0 0 0 0 0 0 0 0 0 0 0 0 0 0 0 0 0 0
 0 0 0 0 0 0 0 0 0 0 0 0 0 0 0 0 0 0 0 0 0 0 0 0 0 0
 0 0 0 0 0 0 0 0 0 0 0 0 0 0 0 0 0 0 0 0 0 0 0 0 0 0
 0 0 0 0 0 0 0 0 0 0 0 0 0 0 0 0 0 0 0 0 0 0 0 0 0 0
ppred_pel_tallas
 1.28564e-16 3.96242e-05 0.000385161 0.00255953 0.0116353 0.0362016 0.0771315 0.112576 0.112579 0.0771434 0.0362435 0.0117637 0.00291026 0.00124539 0.00195249 0.00389984 0.00734512 0.012897 0.0211602 0.0324108 0.0461919 0.0610262 0.0745316 0.084056 0.0875949 0.0845205
 1.19361e-16 4.35891e-05 0.000423702 0.00281565 0.0127995 0.0398243 0.0848509 0.123849 0.123878 0.0849958 0.0403105 0.0142039 0.00634097 0.00812068 0.0146677 0.0242047 0.0349479 0.0441922 0.0492979 0.0492574 0.0454201 0.0406701 0.0376559 0.0373886 0.0390453 0.0407956
 1.1042e-16 4.5564e-05 0.000442898 0.00294321 0.0133794 0.0416286 0.0886952 0.12946 0.12949 0.0888425 0.0421233 0.0148095 0.00653637 0.00829893 0.0150016 0.024824 0.0359821 0.045733 0.0513118 0.051464 0.0471766 0.0409453 0.0351906 0.0310688 0.0283741 0.0262334
 1.0733e-16 4.58262e-05 0.000445447 0.00296015 0.0134564 0.0418681 0.0892056 0.130205 0.130235 0.0893557 0.0423724 0.0149138 0.00662194 0.00845124 0.015286 0.0252926 0.0366531 0.0465645 0.0521939 0.0522368 0.0476601 0.0409595 0.0345581 0.0296199 0.0259786 0.0228602
 1.07095e-16 4.48266e-05 0.00043573 0.00289558 0.0131629 0.0409549 0.0872599 0.127365 0.127397 0.0874149 0.0414757 0.0146681 0.00667752 0.0087042 0.015785 0.0261218 0.0378536 0.0480853 0.0538869 0.0539043 0.0491272 0.0421247 0.0353961 0.0301501 0.0262338 0.0228754
 1.076e-16 4.35132e-05 0.000422964 0.00281075 0.0127773 0.039755 0.0847034 0.123634 0.123666 0.0848608 0.0402839 0.0143062 0.00665298 0.00882511 0.0160436 0.0265672 0.0385326 0.0490174 0.055061 0.0552936 0.0507068 0.0438737 0.0372801 0.0321011 0.0281476 0.0246336
 1.07389e-16 4.66731e-05 0.000453679 0.00301486 0.0137051 0.0426419 0.0908541 0.13261 0.132639 0.0909965 0.0431205 0.0150888 0.00649222 0.00805891 0.0145321 0.0240606 0.0349151 0.0444557 0.0500149 0.0503611 0.0463915 0.0404208 0.0346714 0.0301712 0.0267148 0.023568
 1.06744e-16 4.63523e-05 0.000450561 0.00299413 0.0136109 0.0423488 0.0902297 0.131699 0.13173 0.0903807 0.0428559 0.0150764 0.00667577 0.00849804 0.0153608 0.0254027 0.0367816 0.046663 0.0521825 0.0520218 0.0471626 0.0401441 0.033447 0.0282883 0.0245337 0.021415
 1.07391e-16 4.22181e-05 0.000410375 0.00272709 0.012397 0.0385717 0.0821824 0.119955 0.119989 0.0823484 0.0391292 0.0140082 0.00677562 0.00926197 0.0168932 0.0279665 0.0405311 0.051493 0.057715 0.0577434 0.0526293 0.0451128 0.0378618 0.0321702 0.0278853 0.0242008
 1.08625e-16 4.1649e-05 0.000404844 0.00269033 0.0122299 0.0380518 0.0810747 0.118338 0.11837 0.0812335 0.0385857 0.0137732 0.00656991 0.00889233 0.016215 0.0268831 0.0390573 0.0498236 0.0562263 0.056896 0.0528099 0.046496 0.0403603 0.0354821 0.031597 0.0278977
 1.09633e-16 4.07499e-05 0.000396103 0.00263225 0.0119658 0.0372303 0.0793243 0.115783 0.115816 0.0794852 0.0377709 0.0135285 0.00656034 0.00898948 0.0164153 0.0272164 0.0395408 0.0504427 0.0569384 0.0576585 0.0536162 0.0473939 0.0414369 0.0368202 0.0332271 0.0297704
 1.10084e-16 4.1251e-05 0.000400975 0.00266462 0.012113 0.0376882 0.0802999 0.117207 0.117239 0.0804563 0.0382137 0.0136323 0.00648403 0.00875785 0.015969 0.0264838 0.0385 0.0491653 0.0555928 0.05646 0.0527498 0.0469558 0.0414238 0.0371601 0.0338212 0.0305209
 1.0948e-16 4.34526e-05 0.000422375 0.00280683 0.0127595 0.0396996 0.0845853 0.123461 0.123492 0.0847353 0.0402034 0.0142159 0.00646765 0.00843079 0.0153027 0.0253616 0.0368426 0.0469959 0.0530433 0.0537153 0.0499682 0.0442235 0.0387716 0.0346148 0.0314421 0.0283953
 1.08364e-16 4.50907e-05 0.000438297 0.00291264 0.0132405 0.0411962 0.0877739 0.128115 0.128145 0.0879224 0.0416951 0.0146828 0.00653733 0.00836498 0.0151407 0.0250685 0.0363668 0.0462836 0.0520395 0.0523618 0.0482078 0.0420205 0.0361434 0.0316556 0.0283205 0.0253219
 1.07448e-16 4.56189e-05 0.000443432 0.00294676 0.0133956 0.0416787 0.0888021 0.129616 0.129646 0.0889523 0.0421835 0.0148545 0.00661263 0.0084585 0.0153045 0.0253263 0.0367085 0.0466488 0.0523151 0.0524038 0.0478818 0.0412415 0.0348979 0.0300037 0.0263815 0.023251
 1.06954e-16 4.63206e-05 0.000450253 0.00299209 0.0136016 0.0423199 0.0901681 0.131609 0.13164 0.0903162 0.0428173 0.0150391 0.00660413 0.00834766 0.0150813 0.0249548 0.0361694 0.0459615 0.0515366 0.0516043 0.0471087 0.0404974 0.0341468 0.0291985 0.0254953 0.0222937
 1.06366e-16 4.76967e-05 0.000463629 0.00308098 0.0140057 0.0435771 0.0928466 0.135519 0.135548 0.0929911 0.0440624 0.0154084 0.00660527 0.00816805 0.0147119 0.0243308 0.0352442 0.0447422 0.0500872 0.0500144 0.0454505 0.0388028 0.0324207 0.0274515 0.0237672 0.0206528
 1.0585e-16 4.85473e-05 0.000471897 0.00313592 0.0142555 0.0443542 0.0945024 0.137935 0.137964 0.0946455 0.0448348 0.0156442 0.00662487 0.00809804 0.0145607 0.0240706 0.034848 0.0441986 0.0494007 0.0491949 0.0445016 0.0377198 0.0312035 0.0261224 0.0223796 0.0192842
 1.04066e-16 5.722e-05 0.000556199 0.00369614 0.0168021 0.0522778 0.111384 0.162573 0.162595 0.111492 0.0526407 0.0178509 0.00633072 0.00631408 0.0110118 0.0181649 0.0262811 0.0333008 0.0371591 0.0368994 0.0332191 0.0279425 0.0228691 0.0189084 0.0160099 0.0136639
 1.01758e-16 6.5597e-05 0.000637626 0.00423725 0.0192619 0.0599311 0.12769 0.186371 0.186387 0.12777 0.0602002 0.0200393 0.00618867 0.00489791 0.00815759 0.0133848 0.0192806 0.0242578 0.0267438 0.0260125 0.0226093 0.0179709 0.0135572 0.0101736 0.00787374 0.00629969
 1.00907e-16 6.63397e-05 0.000644845 0.00428522 0.01948 0.0606096 0.129136 0.188481 0.188498 0.129218 0.0608857 0.0202772 0.00628559 0.00500935 0.00834853 0.0136788 0.0196558 0.0246269 0.0269541 0.0258796 0.021975 0.0167591 0.0118018 0.00800979 0.00550091 0.00393281
 1.00506e-16 7.16462e-05 0.000696427 0.004628 0.0210382 0.0654578 0.139465 0.203556 0.203567 0.13952 0.0656433 0.0215739 0.00597216 0.0036292 0.00563696 0.00919355 0.0132079 0.0165473 0.0181085 0.0173802 0.014744 0.0112183 0.00785743 0.00527282 0.00354924 0.00246424
 1.00308e-16 7.14175e-05 0.000694203 0.00461323 0.0209711 0.0652488 0.13902 0.202906 0.202918 0.139079 0.0654468 0.0215425 0.00604676 0.00382061 0.00600016 0.00978309 0.0140309 0.0175274 0.0190855 0.0181572 0.015162 0.011214 0.00747657 0.00463746 0.00280624 0.00174074
 1.00723e-16 5.81655e-05 0.00056539 0.00375721 0.0170798 0.0531416 0.113225 0.165261 0.165287 0.113354 0.0535746 0.0183298 0.00689317 0.00740548 0.0130318 0.0214074 0.0307266 0.0384144 0.0418849 0.0399397 0.0334863 0.0249432 0.0168311 0.0106357 0.00659074 0.00417694
 1.02071e-16 5.3104e-05 0.00051619 0.00343026 0.0155935 0.0485173 0.103372 0.150881 0.150909 0.103512 0.0489864 0.0169486 0.00683259 0.00794604 0.0141709 0.0233615 0.033688 0.0424417 0.0468844 0.0457293 0.0398795 0.0317738 0.0238993 0.0176429 0.0131447 0.00988518
 1.03532e-16 4.95989e-05 0.000482119 0.00320385 0.0145643 0.045315 0.0965494 0.140923 0.140953 0.0966978 0.0458132 0.0160039 0.00681952 0.00838132 0.0150696 0.0248813 0.0359456 0.0454258 0.0504505 0.0496754 0.0440491 0.0361055 0.0283877 0.0222509 0.0177427 0.0142594
 1.04937e-16 4.69497e-05 0.000456368 0.00303273 0.0137864 0.0428946 0.0913927 0.133397 0.133428 0.0915461 0.0434097 0.0152749 0.0067722 0.00862933 0.0155972 0.0257852 0.037313 0.0472837 0.0527621 0.0523773 0.0470974 0.0394883 0.0320891 0.0261976 0.0217776 0.0181645
 1.05834e-16 4.69817e-05 0.000456679 0.00303479 0.0137957 0.0429239 0.0914549 0.133488 0.133518 0.0916033 0.0434222 0.0152359 0.00665329 0.00836741 0.0151048 0.0249858 0.0361971 0.0459574 0.0514516 0.0513696 0.0466446 0.0397273 0.0330153 0.0276902 0.023649 0.0202068
 1.06239e-16 4.63941e-05 0.000450967 0.00299684 0.0136232 0.042387 0.0903111 0.131818 0.131849 0.090462 0.0428939 0.0150882 0.00667751 0.00849705 0.0153602 0.0254064 0.0367975 0.0467026 0.0522576 0.0521357 0.0472996 0.0402616 0.0334788 0.0281607 0.0241917 0.0208463
 1.06717e-16 4.49283e-05 0.000436719 0.00290216 0.0131928 0.0410479 0.087458 0.127654 0.127686 0.0876135 0.0415703 0.0147027 0.00669581 0.00873066 0.0158331 0.0261999 0.0379629 0.0482149 0.0540121 0.05399 0.0491356 0.0420223 0.0351592 0.029769 0.0257162 0.0222493
 1.07214e-16 4.4688e-05 0.000434384 0.00288663 0.0131222 0.0408283 0.0869902 0.126971 0.127003 0.0871435 0.0413432 0.0146105 0.00662666 0.00861281 0.015618 0.025857 0.0374978 0.0476914 0.0535528 0.0537459 0.0492353 0.0425277 0.0360483 0.0309488 0.0270538 0.0236061
 1.07573e-16 4.40464e-05 0.000428147 0.00284519 0.0129338 0.0402421 0.0857412 0.125148 0.12518 0.0858968 0.0407648 0.0144447 0.00664196 0.00873045 0.0158527 0.0262464 0.0380602 0.0484026 0.0543467 0.0545408 0.0499724 0.0431956 0.036679 0.0315899 0.027738 0.0243336
pSPR Fmed_Fpbrs
0.600942   0.286563 0.286563
Fs Fmed_Fpbrs
0.34   1.005 1.005
SSBpbr Bo_Bmed_Bpbrs
1.6913e+06  931806  400098 400098
Ro
199582
SPR SPRFo_SPRFmed_SPRFpbrs
1.43661e+06 863320 411680
Fref
1.005
Nvult_r0
 155160 55685.8 16283.5 4835.19 1837.87
CTP_r0
 51892.2 27912.3 8162.05 2423.62 921.228
YTP_r0
1.49338e+06
Np
 199582 44421.5 9357.66 2855.65 947.489
Nvult_p0
 155160 38439.7 8097.56 2471.11 819.9
CTP_p0
 51892.2 30141.6 9198.21 2689.72 1061.88
 51892.2 19267.8 4058.87 1238.63 410.972
YTP_p0
 1.26031e+06 878468
CBA_c0
1.42346e+06
log_Ro
12.024
likeval ReclasPelacesDesembMPH_pf_preclas_ppelaces_ptallas_desvR_qrecl_qpela
 180.859 210.096 32.0148 1778.39 269.601 162.053 120.586 0 0 0 0 46.1014 0 0 0
q_reclas_q_pelaces
1 1
M
1
N
 199582 4241.45 77914.3 24542 10177.4
 199582 66496.9 1279.88 23511 10476.8
 199582 62288.3 17606.2 338.871 8998.87
 199582 64958.6 17936.3 5069.81 2688.86
 199582 62751.7 17455.8 4819.86 2084.92
 199582 69845.1 20890.5 5811.17 2298.66
 199582 64799.2 20013.7 5986.06 2323.82
 199582 57771.3 14758.7 4558.32 1892.66
 199582 71810.4 20330.1 5193.67 2270.14
 199582 69268.3 23513.1 6656.74 2443.89
 199582 69689.7 22957.5 7792.89 3016.2
 199582 72109.9 24729.2 8146.4 3835.58
 199582 65888 21362.9 7326.14 3549.71
 199582 65604.4 19351.9 6274.47 3194.34
 199582 62400.7 17432.7 5142.28 2516.09
 199582 66303 18720.1 5229.77 2297.49
 199582 59435.5 15983.7 4512.85 1814.6
 199582 63578.9 16395.5 4409.15 1745.45
 199582 56720.8 13958.8 3599.65 1351.25
 199582 38082.1 5613.53 1381.48 489.98
 199582 36506.8 3463.54 510.547 170.208
 199582 39130.8 3814.72 361.917 71.1344
 199582 20318.7 1102.46 107.475 12.2007
 199582 48629 3278.98 177.912 19.3129
 199582 55853.8 10352.7 698.065 41.9874
 199582 57931.3 12791.8 2370.99 169.489
 199582 64662.8 16530 3649.99 724.899
 199582 62924.7 17472.3 4466.52 1182.12
 199582 62384.6 16712 4640.42 1500.21
 199582 65346.1 18179 4869.91 1789.39
 199582 66587.7 19772.4 5500.59 2014.97
 199582 64351.3 18817.5 5587.62 2123.87
pred_Ctot
 11996.3 489.764 8996.83 2833.89 1175.19
 19389.4 12100.4 232.899 4278.28 1906.45
 14688.9 8726.46 2466.6 47.4751 1260.72
 18571.3 11353.7 3134.96 886.12 469.968
 6171.36 3801.68 1057.52 292.002 126.311
 14968.6 9961.92 2979.59 828.84 327.855
 27422.5 16217.1 5008.77 1498.11 581.577
 2774.28 1591.36 406.539 125.563 52.1348
 7171.41 5038.52 1426.44 364.409 159.282
 6440.74 4375.7 1485.33 420.509 154.382
 2258.07 1565.15 515.6 175.02 67.7407
 13060.8 9032.69 3097.65 1020.44 480.455
 13557.2 8552.55 2772.99 950.964 460.768
 19190.9 11823.8 3487.78 1130.84 575.712
 12335.1 7400.44 2067.44 609.85 298.397
 24450.5 14949.6 4220.9 1179.18 518.026
 17113.3 9620.89 2587.3 730.501 293.731
 29306.6 16892.8 4356.24 1171.5 463.762
 64004 29011.2 7139.59 1841.13 691.13
 67076.7 20178.8 2974.48 732.014 259.629
 61973.5 18217.8 1728.39 254.775 84.9378
 100800 27374.2 2668.62 253.182 49.7626
 44046.1 7697.81 417.67 40.7172 4.62227
 30866.3 13533.7 912.554 49.5137 5.37487
 27136.2 13846.3 2566.46 173.053 10.4088
 15207.9 8387.93 1852.13 343.299 24.5404
 18266 11127.9 2844.67 628.13 124.748
 19219.3 11356.5 3153.36 806.109 213.347
 14009.6 8355.09 2238.22 621.485 200.921
 11837.6 7449.8 2072.5 555.195 203.999
 15754.9 9969.37 2960.29 823.538 301.677
 6785.43 4277.69 1250.87 371.431 141.182
F
 0.09907 0.19814 0.19814 0.19814 0.19814
 0.164451 0.328902 0.328902 0.328902 0.328902
 0.122475 0.244949 0.244949 0.244949 0.244949
 0.15704 0.314079 0.314079 0.314079 0.314079
 0.049944 0.0998881 0.0998881 0.0998881 0.0998881
 0.124932 0.249863 0.249863 0.249863 0.249863
 0.239732 0.479464 0.479464 0.479464 0.479464
 0.0221947 0.0443895 0.0443895 0.0443895 0.0443895
 0.0582368 0.116474 0.116474 0.116474 0.116474
 0.0521723 0.104345 0.104345 0.104345 0.104345
 0.0180337 0.0360673 0.0360673 0.0360673 0.0360673
 0.108268 0.216537 0.216537 0.216537 0.216537
 0.112582 0.225165 0.225165 0.225165 0.225165
 0.162648 0.325296 0.325296 0.325296 0.325296
 0.10199 0.20398 0.20398 0.20398 0.20398
 0.211334 0.422667 0.422667 0.422667 0.422667
 0.143943 0.287886 0.287886 0.287886 0.287886
 0.258084 0.516168 0.516168 0.516168 0.516168
 0.65648 1.31296 1.31296 1.31296 1.31296
 0.698727 1.39745 1.39745 1.39745 1.39745
 0.629315 1.25863 1.25863 1.25863 1.25863
 1.28468 2.56937 2.56937 2.56937 2.56937
 0.412004 0.824009 0.824009 0.824009 0.824009
 0.273488 0.546976 0.546976 0.546976 0.546976
 0.236967 0.473935 0.473935 0.473935 0.473935
 0.127039 0.254077 0.254077 0.254077 0.254077
 0.154285 0.308571 0.308571 0.308571 0.308571
 0.162906 0.325811 0.325811 0.325811 0.325811
 0.116527 0.233053 0.233053 0.233053 0.233053
 0.097705 0.19541 0.19541 0.19541 0.19541
 0.131867 0.263734 0.263734 0.263734 0.263734
 0.0550294 0.110059 0.110059 0.110059 0.110059
YTP_r0W_actual
 446273 692225 227721 90401.2 36757
YTP_p0W_proyectada
 391267 525971 221401 84242 37431.2
 391267 336223 97697.1 38794 14486.8
CTP_r0_actual
 51892.2 27912.3 8162.05 2423.62 921.228
CTP_p0_proyectada
 51892.2 30141.6 9198.21 2689.72 1061.88
 51892.2 19267.8 4058.87 1238.63 410.972
Wmedp
 7.54 17.45 24.07 31.32 35.25
Frms_r0
 0.5025 1.005 1.005 1.005 1.005
Zrms_r0
 1.5025 2.005 2.005 2.005 2.005
nmprior
 7.29 8.9 8.7 0
nm_flota  nm_reclas  nm_pelaces    nm_pelaL
inf 4.7314 7.12078 15.6149
cv_recla  cv_pelaces  cv_mph
1.18971 1.58781 1.72162
 ------------------------------------------------
Talla a la edad & desviaci?n 
 8 13.2811 15.8009 17.003 17.5766
 0.8 1.32811 1.58009 1.7003 1.75766
