years
 1991 1992 1993 1994 1995 1996 1997 1998 1999 2000 2001 2002 2003 2004 2005 2006 2007 2008 2009 2010 2011 2012 2013 2014 2015 2016 2017 2018 2019 2020 2021 2022
reclasobs
 0 0 0 0 0 0 0 0 0 252601 567819 844713 477998 351125 339783 2.1784e+06 2.13404e+06 4.81314e+06 1.55562e+06 2.62356e+06 3.21686e+06 3.843e+06 1.13348e+06 3.07943e+06 1.97215e+06 2.03268e+06 2.025e+06 2.42433e+06 2.27542e+06 1.05018e+06 2.36338e+06 3.18982e+06
reclaspred
 4.02282e+06 2.16048e+06 1.07227e+06 1.17089e+06 1.26109e+06 2.45885e+06 1.3216e+06 1.05489e+06 669449 349491 659296 1.41029e+06 1.07842e+06 166146 700390 1.54405e+06 1.1542e+06 1.51505e+06 1.75711e+06 2.1919e+06 3.89069e+06 3.11937e+06 2.10033e+06 2.60097e+06 2.42052e+06 2.10602e+06 2.37409e+06 2.54713e+06 2.28296e+06 2.44183e+06 1.49622e+06 1.33525e+06
pelacesobs
 0 0 0 0 0 0 0 0 0 0 0 0 0 0 0 552880 188675 0 991730 2.46772e+06 1.41603e+06 1.21717e+06 2.29649e+06 1.80582e+06 0 1.4828e+06 1.56532e+06 1.57751e+06 1.42118e+06 867257 1.10002e+06 1.06204e+06
pelacespred
 2.40109e+06 1.34898e+06 633719 555195 700986 1.39359e+06 657120 723917 396324 166230 377296 715390 593993 46518.7 372034 700026 546064 700807 828172 986052 2.03826e+06 1.69328e+06 1.21953e+06 1.59031e+06 1.38049e+06 1.25294e+06 1.62213e+06 1.56516e+06 1.32265e+06 1.5779e+06 871220 796004
mphobs
 0 0 0 0 0 0 0 0 0 0 0 0 498337 0 5186 125008 0 168611 109162 213762 579715 649985 157893 87575 83554 210694 70296 0 107559 103333 445601 22526
mphpred
 1.00511e+06 678418 310812 175392 213484 285218 435411 199920 175669 85786.9 39739.4 157449 281940 100151 6713.85 108364 281946 171108 169421 247560 532613 610880 131874 89577.8 115178 126906 94547.3 105364 148304 120150 108725 60359
desembarqueobs
 494567 514787 250237 358949 120608 361735 552515 73892 212993 205616 52469 317467 293654 387597 252695 516296 358380 742168 942051 627588 828172 859565 418607 520667 417249 300574 415391 372974 316634 284311 391294 218835
desembarquepred
 494561 514251 250474 358961 120611 361722 552491 73897.5 213066 205680 52469.5 317400 293835 388053 252593 516155 358420 742044 941165 627200 828236 859395 418632 520774 417101 300651 415403 372914 316495 284129 391687 218894
Reclutas
 151130 90752.5 84312.5 126287 97680.8 196406 72027.4 27134.2 26433 35697.6 75350.2 171398 58968.5 29160.5 78455 258250 46565.4 215610 324502 313077 279299 394362 58757.3 147773 234540 51453.5 151273 166330 96121.6 134998 46947.8 57504.5
log_desv_Rt
 0.385454 -0.124554 -0.198159 0.205866 -0.0509838 0.647495 -0.355643 -1.33189 -1.35808 -1.05761 -0.310542 0.511302 -0.555686 -1.25988 -0.270163 0.92124 -0.791831 0.740782 1.1496 1.11376 0.999593 1.34458 -0.559274 0.36299 0.824936 -0.69201 0.386399 0.481283 -0.0670754 0.272568 -0.783652 -0.580825
SSB
 1.15797e+06 781592 358081 202065 245951 328594 501628 230324 202384 98833.4 45783 181394 308605 110166 7430.03 120147 324825 197130 204713 257318 569029 692030 633650 412382 489252 575937 401806 428173 627971 475480 505450 287706
BT
 1.79652e+06 1.27652e+06 598710 662004 545343 1.2762e+06 881381 531205 461845 306586 319502 766421 635483 414664 535898 938035 623639 1.16777e+06 1.50037e+06 1.18777e+06 2.10128e+06 1.90008e+06 1.10818e+06 1.5932e+06 1.27634e+06 1.02703e+06 1.55395e+06 1.41834e+06 1.07035e+06 1.30335e+06 886836 707873
Ftot
 0.336896 0.627463 0.621082 0.830647 0.268918 0.418616 1.04407 0.19666 0.843559 1.45198 0.236976 0.631076 0.717218 3.65669 1.02357 0.934731 0.806434 1.28823 1.40503 0.799696 0.589286 0.74998 0.530231 0.562719 0.483052 0.385933 0.495518 0.41872 0.376297 0.328797 0.689422 0.45397
BD_Bspro_t
 0.94775 0.668261 0.413712 0.314702 0.332436 0.449241 0.483476 0.271549 0.313989 0.217275 0.14891 0.500366 0.470399 0.196428 0.0199919 0.241373 0.339469 0.223169 0.19835 0.207137 0.303703 0.340735 0.345341 0.288613 0.364546 0.451416 0.415129 0.4673 0.545592 0.487305 0.511793 0.363146
BD_Bspro
 1.56505 1.05636 0.483962 0.273101 0.332414 0.444109 0.677974 0.311294 0.273532 0.133578 0.0618778 0.245162 0.417093 0.148894 0.010042 0.162385 0.439015 0.26643 0.276679 0.347777 0.769068 0.93531 0.856406 0.557353 0.661246 0.778405 0.543059 0.578695 0.848731 0.642632 0.683138 0.388848
BD_Bo
 1.57097 1.06036 0.485794 0.274134 0.333672 0.44579 0.68054 0.312472 0.274567 0.134083 0.062112 0.24609 0.418672 0.149458 0.01008 0.162999 0.440677 0.267439 0.277726 0.349094 0.771979 0.938851 0.859648 0.559463 0.663749 0.781352 0.545115 0.580885 0.851944 0.645065 0.685724 0.390319
BD_Brms
 2.85631 1.92792 0.883262 0.498426 0.606676 0.810528 1.23735 0.568132 0.499213 0.243788 0.112931 0.447436 0.761222 0.271741 0.0183273 0.296362 0.801231 0.486252 0.504956 0.634716 1.4036 1.707 1.563 1.01721 1.20682 1.42064 0.991118 1.05616 1.54899 1.17285 1.24677 0.709672
Sel_flota
 0.732416 0.981134 0.998989 0.999947 0.999997
 0.732416 0.981134 0.998989 0.999947 0.999997
 0.732416 0.981134 0.998989 0.999947 0.999997
 0.732416 0.981134 0.998989 0.999947 0.999997
 0.732416 0.981134 0.998989 0.999947 0.999997
 0.732416 0.981134 0.998989 0.999947 0.999997
 0.732416 0.981134 0.998989 0.999947 0.999997
 0.732416 0.981134 0.998989 0.999947 0.999997
 0.732416 0.981134 0.998989 0.999947 0.999997
 0.732416 0.981134 0.998989 0.999947 0.999997
 0.732416 0.981134 0.998989 0.999947 0.999997
 0.732416 0.981134 0.998989 0.999947 0.999997
 0.732416 0.981134 0.998989 0.999947 0.999997
 0.732416 0.981134 0.998989 0.999947 0.999997
 0.732416 0.981134 0.998989 0.999947 0.999997
 0.732416 0.981134 0.998989 0.999947 0.999997
 0.732416 0.981134 0.998989 0.999947 0.999997
 0.732416 0.981134 0.998989 0.999947 0.999997
 0.732416 0.981134 0.998989 0.999947 0.999997
 0.732416 0.981134 0.998989 0.999947 0.999997
 0.732416 0.981134 0.998989 0.999947 0.999997
 0.732416 0.981134 0.998989 0.999947 0.999997
 0.732416 0.981134 0.998989 0.999947 0.999997
 0.732416 0.981134 0.998989 0.999947 0.999997
 0.732416 0.981134 0.998989 0.999947 0.999997
 0.732416 0.981134 0.998989 0.999947 0.999997
 0.732416 0.981134 0.998989 0.999947 0.999997
 0.732416 0.981134 0.998989 0.999947 0.999997
 0.732416 0.981134 0.998989 0.999947 0.999997
 0.732416 0.981134 0.998989 0.999947 0.999997
 0.732416 0.981134 0.998989 0.999947 0.999997
 0.732416 0.981134 0.998989 0.999947 0.999997
Sel_reclas
 0.819557 0.958085 0.991382 0.998276 0.999657
 0.819557 0.958085 0.991382 0.998276 0.999657
 0.819557 0.958085 0.991382 0.998276 0.999657
 0.819557 0.958085 0.991382 0.998276 0.999657
 0.819557 0.958085 0.991382 0.998276 0.999657
 0.819557 0.958085 0.991382 0.998276 0.999657
 0.819557 0.958085 0.991382 0.998276 0.999657
 0.819557 0.958085 0.991382 0.998276 0.999657
 0.819557 0.958085 0.991382 0.998276 0.999657
 0.819557 0.958085 0.991382 0.998276 0.999657
 0.819557 0.958085 0.991382 0.998276 0.999657
 0.819557 0.958085 0.991382 0.998276 0.999657
 0.819557 0.958085 0.991382 0.998276 0.999657
 0.819557 0.958085 0.991382 0.998276 0.999657
 0.819557 0.958085 0.991382 0.998276 0.999657
 0.819557 0.958085 0.991382 0.998276 0.999657
 0.819557 0.958085 0.991382 0.998276 0.999657
 0.819557 0.958085 0.991382 0.998276 0.999657
 0.819557 0.958085 0.991382 0.998276 0.999657
 0.819557 0.958085 0.991382 0.998276 0.999657
 0.819557 0.958085 0.991382 0.998276 0.999657
 0.819557 0.958085 0.991382 0.998276 0.999657
 0.819557 0.958085 0.991382 0.998276 0.999657
 0.819557 0.958085 0.991382 0.998276 0.999657
 0.819557 0.958085 0.991382 0.998276 0.999657
 0.819557 0.958085 0.991382 0.998276 0.999657
 0.819557 0.958085 0.991382 0.998276 0.999657
 0.819557 0.958085 0.991382 0.998276 0.999657
 0.819557 0.958085 0.991382 0.998276 0.999657
 0.819557 0.958085 0.991382 0.998276 0.999657
 0.819557 0.958085 0.991382 0.998276 0.999657
 0.819557 0.958085 0.991382 0.998276 0.999657
Sel_pelaces
 0.671763 0.911502 0.981073 0.996181 0.999239
 0.671763 0.911502 0.981073 0.996181 0.999239
 0.671763 0.911502 0.981073 0.996181 0.999239
 0.671763 0.911502 0.981073 0.996181 0.999239
 0.671763 0.911502 0.981073 0.996181 0.999239
 0.671763 0.911502 0.981073 0.996181 0.999239
 0.671763 0.911502 0.981073 0.996181 0.999239
 0.671763 0.911502 0.981073 0.996181 0.999239
 0.671763 0.911502 0.981073 0.996181 0.999239
 0.671763 0.911502 0.981073 0.996181 0.999239
 0.671763 0.911502 0.981073 0.996181 0.999239
 0.671763 0.911502 0.981073 0.996181 0.999239
 0.671763 0.911502 0.981073 0.996181 0.999239
 0.671763 0.911502 0.981073 0.996181 0.999239
 0.671763 0.911502 0.981073 0.996181 0.999239
 0.671763 0.911502 0.981073 0.996181 0.999239
 0.671763 0.911502 0.981073 0.996181 0.999239
 0.671763 0.911502 0.981073 0.996181 0.999239
 0.671763 0.911502 0.981073 0.996181 0.999239
 0.671763 0.911502 0.981073 0.996181 0.999239
 0.671763 0.911502 0.981073 0.996181 0.999239
 0.671763 0.911502 0.981073 0.996181 0.999239
 0.671763 0.911502 0.981073 0.996181 0.999239
 0.671763 0.911502 0.981073 0.996181 0.999239
 0.671763 0.911502 0.981073 0.996181 0.999239
 0.671763 0.911502 0.981073 0.996181 0.999239
 0.671763 0.911502 0.981073 0.996181 0.999239
 0.671763 0.911502 0.981073 0.996181 0.999239
 0.671763 0.911502 0.981073 0.996181 0.999239
 0.671763 0.911502 0.981073 0.996181 0.999239
 0.671763 0.911502 0.981073 0.996181 0.999239
 0.671763 0.911502 0.981073 0.996181 0.999239
pf_obs 
 0.8446 0.082 0.0669 0.0065 0
 0.8095 0.147 0.0364 0.0071 0
 0.9664 0.0169 0.016 0.0007 0
 0.9276 0.0648 0.0075 0.0001 0
 0.7033 0.2144 0.0806 0.0017 0
 0.9318 0.0425 0.0243 0.0014 0
 0.5671 0.3108 0.0964 0.0239 0.0018
 0.0768 0.2599 0.5324 0.112 0.0189
 0.490249 0.384438 0.106611 0.0170017 0.00170017
 0.7925 0.1577 0.0466 0.003 0.0002
 0.840416 0.127587 0.0312969 0.00059994 9.999e-05
 0.8084 0.0986 0.0794 0.0134 0.0002
 0.7335 0.1905 0.0724 0.0035 0.0001
 0.4001 0.4547 0.1325 0.0127 0
 0.49795 0.308269 0.164784 0.0264974 0.00249975
 0.9179 0.0499 0.0305 0.0017 0
 0.2467 0.6533 0.0926 0.0074 0
 0.9418 0.0223 0.034 0.0019 0
 0.707729 0.231977 0.0356964 0.0245975 0
 0.517169 0.277429 0.184464 0.0207286 0.00020938
 0.811772 0.124168 0.05621 0.00726502 0.000585176
 0.764997 0.148141 0.077277 0.00933861 0.000247198
 0.163321 0.427699 0.378323 0.0303852 0.000271297
 0.753843 0.0900009 0.118128 0.0371064 0.000921714
 0.721811 0.176058 0.0630433 0.0369309 0.00215725
 0.143369 0.312575 0.442814 0.0836902 0.0175525
 0.692698 0.0596174 0.167031 0.0765114 0.00414204
 0.394062 0.376323 0.152708 0.0712218 0.00568511
 0.125707 0.32114 0.495352 0.0537591 0.00404204
 0.23352 0.215282 0.420074 0.123614 0.00750983
 0.796117 0.104755 0.0508955 0.0450114 0.00322123
 0.162477 0.292055 0.404252 0.121198 0.0200186
pf_pred 
 0.584421 0.151362 0.244412 0.0198035 8.45594e-07
 0.523592 0.316572 0.0589964 0.0932888 0.00755063
 0.661416 0.209042 0.0868043 0.0157877 0.02695
 0.792971 0.153554 0.0333273 0.0135064 0.00664087
 0.716428 0.24186 0.0311549 0.00658349 0.00397412
 0.800772 0.154761 0.0380392 0.00480236 0.00162562
 0.485138 0.438001 0.0599997 0.0144265 0.00243494
 0.499632 0.298268 0.172685 0.0229693 0.00644474
 0.587528 0.238472 0.104541 0.0593589 0.0101002
 0.796927 0.139309 0.037297 0.0159111 0.0105562
 0.916989 0.0721856 0.00750932 0.00194143 0.00137508
 0.845305 0.145121 0.00834758 0.000851323 0.000375583
 0.512732 0.43299 0.0509946 0.00286252 0.00042017
 0.560349 0.268868 0.152195 0.0174655 0.00112275
 0.985429 0.0113347 0.00203205 0.00107334 0.000130605
 0.938339 0.0610858 0.000450221 7.83756e-05 4.63623e-05
 0.428145 0.548393 0.0232501 0.000166592 4.60849e-05
 0.909216 0.048129 0.0409491 0.00169033 1.54397e-05
 0.892545 0.101378 0.00327156 0.00269307 0.000111984
 0.846083 0.143594 0.00975822 0.000304234 0.000260371
 0.754053 0.219361 0.0248461 0.00164439 9.50059e-05
 0.79419 0.168053 0.0337628 0.00373375 0.000261053
 0.319397 0.579901 0.0826153 0.0161749 0.00191116
 0.761757 0.0959742 0.121635 0.0169317 0.00370208
 0.807522 0.158519 0.0138744 0.0171751 0.00290985
 0.360676 0.547762 0.0757142 0.00647911 0.00936795
 0.785764 0.0946778 0.102752 0.0139011 0.00290608
 0.737467 0.220775 0.0186898 0.0198281 0.00323933
 0.568979 0.344163 0.0733016 0.00607151 0.00748483
 0.715699 0.184562 0.0799822 0.016676 0.00308044
 0.427067 0.446212 0.0828718 0.0351713 0.00867792
 0.692803 0.161023 0.114481 0.0207358 0.010957
pobs_RECLAS
 0 0 0 0 0
 0 0 0 0 0
 0 0 0 0 0
 0 0 0 0 0
 0 0 0 0 0
 0 0 0 0 0
 0 0 0 0 0
 0 0 0 0 0
 0 0 0 0 0
 0 0 0 0 0
 0.991045 0.00858322 0.000360255 1.14367e-05 0
 0.934742 0.0480273 0.0164251 0.00080598 0
 0.827803 0.169806 0.00239088 0 0
 0.941827 0.0461693 0.0120037 0 0
 0.791401 0.0380133 0.147996 0.0225897 0
 0.846168 0.0940531 0.0597789 0 0
 0.134021 0.677848 0.182769 0.00536245 0
 0.80878 0.0450904 0.141981 0.00414843 0
 0.846168 0.0940531 0.0597789 0 0
 0.905697 0.0802665 0.012482 0.00150086 5.37128e-05
 0.989698 0.0102097 9.19794e-05 0 0
 0.975433 0.0193895 0.00387452 0.00125025 5.28907e-05
 0.303575 0.632131 0.0575291 0.00676475 0
 0.966965 0.00978017 0.0227588 0.000495775 0
 0.843318 0.132988 0.00938335 0.0141283 0.000182051
 0.564624 0.303363 0.111486 0.0197234 0.00080311
 0.826376 0.0876187 0.0782897 0.00655872 0.00115652
 0.89761 0.0855135 0.0140674 0.00269457 0.000114338
 0.34875 0.467042 0.161289 0.0227151 0.000203297
 0.318654 0.224769 0.449479 0.00709798 0
 0.937255 0.0296025 0.0250945 0.00804832 0
 0.456809 0.399803 0.12412 0.0192676 0
ppred_RECLAS
 0.616742 0.13818 0.226607 0.0184702 7.89711e-07
 0.560611 0.290159 0.0548735 0.0872823 0.00707387
 0.693871 0.187778 0.079129 0.0144768 0.0247451
 0.818019 0.134403 0.0295818 0.0120589 0.00593703
 0.744051 0.217742 0.0284902 0.00605629 0.00366075
 0.822754 0.137185 0.0342383 0.00434819 0.00147384
 0.528289 0.40042 0.0555787 0.0134414 0.00227168
 0.533101 0.276437 0.162593 0.021756 0.00611245
 0.625213 0.215187 0.0956583 0.054634 0.00930855
 0.82656 0.11846 0.0320761 0.0137622 0.00914254
 0.927017 0.0633173 0.00669103 0.00174019 0.00123419
 0.864463 0.127026 0.0074147 0.000760653 0.000336028
 0.551935 0.397497 0.0474928 0.00268167 0.000394147
 0.652237 0.212879 0.120137 0.0138549 0.000891785
 0.987684 0.00954783 0.00173454 0.000921533 0.000112281
 0.947432 0.0520707 0.000389033 6.81202e-05 4.03493e-05
 0.468337 0.509552 0.0219097 0.00015791 4.37413e-05
 0.923217 0.0404706 0.0348524 0.00144697 1.32343e-05
 0.909856 0.0849775 0.00277414 0.00229672 9.5629e-05
 0.866007 0.124884 0.00860731 0.00026993 0.000231319
 0.781188 0.194837 0.0223973 0.00149109 8.62635e-05
 0.818802 0.147549 0.0300697 0.00334491 0.000234178
 0.352675 0.550229 0.0795704 0.0156711 0.0018541
 0.786803 0.0850772 0.10944 0.0153244 0.0033551
 0.829283 0.14013 0.0124516 0.0155052 0.00263043
 0.394537 0.517517 0.0726407 0.00625307 0.00905316
 0.808609 0.0838302 0.0923602 0.0125694 0.00263118
 0.764496 0.197455 0.0169729 0.0181136 0.00296317
 0.603619 0.31545 0.0682278 0.00568488 0.00701752
 0.743077 0.165808 0.0729774 0.0153061 0.00283116
 0.465178 0.414993 0.0781978 0.0333834 0.00824774
 0.721958 0.144592 0.104371 0.019017 0.0100621
pobs_PELACES
 0 0 0 0 0
 0 0 0 0 0
 0 0 0 0 0
 0 0 0 0 0
 0 0 0 0 0
 0 0 0 0 0
 0 0 0 0 0
 0 0 0 0 0
 0 0 0 0 0
 0 0 0 0 0
 0 0 0 0 0
 0 0 0 0 0
 0 0 0 0 0
 0 0 0 0 0
 0 0 0 0 0
 0 0 0 0 0
 0.505614 0.472636 0.0217494 0 0
 0 0 0 0 0
 0.443492 0.261883 0.143347 0.151278 0
 0.227955 0.32914 0.350689 0.0885471 0.00366901
 0.970185 0.0296113 0.000203453 0 0
 0.997202 0.00247181 0.000326279 0 0
 0.445219 0.490057 0.0546422 0.010081 0
 0.90214 0.0892962 0.00764917 0.000914606 0
 0 0 0 0 0
 0.581667 0.319106 0.0959925 0.00289975 0.000334073
 0.762889 0.0836404 0.116647 0.0363945 0.000428098
 0.88444 0.0763242 0.0277011 0.0115352 0
 0.521256 0.241999 0.230069 0.00667565 0
 0.616807 0.101726 0.260614 0.0208532 0
 0.833518 0.0704572 0.0857862 0.0102388 0
 0.697417 0.212968 0.0787535 0.0105354 0.000325836
ppred_PELACES
 0.581733 0.147155 0.250522 0.0205886 8.8176e-07
 0.532961 0.304102 0.0596002 0.0955769 0.00775907
 0.669309 0.199789 0.0872527 0.0160938 0.027555
 0.804102 0.14324 0.0326333 0.0134109 0.00661369
 0.717907 0.238527 0.0324123 0.00694724 0.00420633
 0.804035 0.150351 0.0389356 0.00498556 0.00169271
 0.511142 0.412749 0.0592262 0.0144389 0.00244433
 0.495855 0.293663 0.179456 0.0242122 0.00681398
 0.602453 0.224573 0.103327 0.059493 0.0101533
 0.820621 0.121171 0.0338377 0.0146331 0.00973721
 0.917336 0.0713234 0.00782894 0.00205306 0.00145853
 0.852368 0.138037 0.00835002 0.000863618 0.000382152
 0.528532 0.416551 0.0515506 0.00293454 0.000432034
 0.684111 0.191967 0.110286 0.0128107 0.000825909
 0.986759 0.0101796 0.00191203 0.00102402 0.000124977
 0.943694 0.0557538 0.000430906 7.60625e-05 4.51289e-05
 0.447416 0.528826 0.0235398 0.000171039 4.7457e-05
 0.918958 0.0420657 0.0373966 0.00156498 1.43374e-05
 0.906883 0.0876023 0.0029502 0.00246187 0.000102676
 0.855734 0.134133 0.00957096 0.000302592 0.000259742
 0.762765 0.210386 0.0250692 0.00168265 9.7509e-05
 0.804402 0.158202 0.0333883 0.00374433 0.000262579
 0.327711 0.568168 0.0851989 0.0169175 0.00200492
 0.76501 0.0916794 0.122265 0.0172607 0.00378536
 0.812084 0.153083 0.0141089 0.0177136 0.00301011
 0.365553 0.539197 0.0785457 0.00681727 0.00988655
 0.787732 0.0910109 0.103996 0.0142694 0.00299205
 0.741925 0.214903 0.0191676 0.0206246 0.0033796
 0.573081 0.337044 0.0756591 0.00635619 0.00785936
 0.716249 0.180565 0.0825051 0.0174477 0.00323271
 0.440127 0.430666 0.0840693 0.0361832 0.00895439
 0.695023 0.155656 0.11656 0.0214128 0.0113487
pobs_pel_tallas
 0 0 0 0 0 0 0 0 0 0 0 0 0 0 0 0 0 0 0 0 0 0 0 0 0 0
 0 0 0 0 0 0 0 0 0 0 0 0 0 0 0 0 0 0 0 0 0 0 0 0 0 0
 0 0 0 0 0 0 0 0 0 0 0 0 0 0 0 0 0 0 0 0 0 0 0 0 0 0
 0 0 0 0 0 0 0 0 0 0 0 0 0 0 0 0 0 0 0 0 0 0 0 0 0 0
 0 0 0 0 0 0 0 0 0 0 0 0 0 0 0 0 0 0 0 0 0 0 0 0 0 0
 0 0 0 0 0 0 0 0 0 0 0 0 0 0 0 0 0 0 0 0 0 0 0 0 0 0
 0 0 0 0 0 0 0 0 0 0 0 0 0 0 0 0 0 0 0 0 0 0 0 0 0 0
 0 0 0 0 0 0 0 0 0 0 0 0 0 0 0 0 0 0 0 0 0 0 0 0 0 0
 0 0 0 0 0 0 0 0 0 0 0 0 0 0 0 0 0 0 0 0 0 0 0 0 0 0
 0 0 0 0 0 0 0 0 0 0 0 0 0 0 0 0 0 0 0 0 0 0 0 0 0 0
 0 0 0 0 0 0 0 0 0 0 0 0 0 0 0 0 0 0 0 0 0 0 0 0 0 0
 0 0 0 0 0 0 0 0 0 0 0 0 0 0 0 0 0 0 0 0 0 0 0 0 0 0
 0.00862536 0 0 0.000197151 0.00414017 0.0128641 0.00837892 0.0270097 0.101434 0.158115 0.152841 0.127902 0.109271 0.109419 0.0830992 0.0579132 0.0238553 0.00714673 0.00463305 0.00128148 0.00103504 0.000492878 0.000147863 0.000147863 4.92878e-05 0
 0 0 0 0 0 0 0 0 0 0 0 0 0 0 0 0 0 0 0 0 0 0 0 0 0 0
 0 0 0 0 0 0 0 0.0054083 0.00873648 0.0413646 0.0450493 0.0745869 0.0622846 0.0627006 0.0613931 0.0827291 0.12552 0.122667 0.0946155 0.0697135 0.0546179 0.0294188 0.0215738 0.0213955 0.0102223 0.00600262
 0 0 0 0 0.00359764 0.0251062 0.0480494 0.140153 0.205849 0.193036 0.1447 0.116669 0.0760912 0.0342217 0.00950174 0.001854 0.000860785 0 0 0 0.000165536 0 0.000143464 0 0 0
 0 0 0 0 0 0 0 0.000145254 0.000435761 0.0275982 0.070085 0.0708112 0.156366 0.174668 0.174014 0.160142 0.0824315 0.0480064 0.0283245 0.00493863 0.00203355 0 0 0 0 0
 0 0 0 0 0 0 0 0 0 0 0 0 0 0 0 0 0 0 0 0 0 0 0 0 0 0
 0 0 1.00437e-05 0.000401748 0.00122533 0.00171747 0.00176769 0.0269171 0.070346 0.194647 0.189555 0.159765 0.064822 0.0314167 0.0384472 0.0292271 0.0345202 0.0313363 0.0194345 0.0106764 0.0143323 0.0359363 0.0279516 0.0138201 0.00172751 0
 0 0.0021121 0.0136068 0.0755702 0.200478 0.177729 0.0527432 0.0373336 0.0318909 0.0142505 0.0149659 0.0166563 0.0217959 0.0798694 0.0677717 0.0528807 0.04013 0.0224614 0.0357745 0.0225083 0.00881397 0.00855152 0.00135912 0.000746735 0 0
 0 0 0 0 5.4009e-05 0.00500934 0.000945158 0.0243581 0.138947 0.33067 0.221406 0.137944 0.0707744 0.0437923 0.0131692 0.00525238 0.0047753 0.00276346 9.45158e-05 9.00151e-06 2.25038e-05 9.00151e-06 4.50075e-06 0 0 0
 0.000866109 0.00284123 0.00948549 0.0512746 0.133035 0.25785 0.225252 0.132002 0.0553304 0.0519788 0.0540692 0.017754 0.00435017 0.00159236 0.00146478 0.000404838 0.000125132 0.000115318 0.000107957 0.000100596 0 0 0 0 0 0
 0 0 0 0 0.00144013 0.00171154 0.00461396 0.0210425 0.0478622 0.0707936 0.0888783 0.103762 0.0637923 0.0337046 0.0602308 0.124433 0.169614 0.0934646 0.0462172 0.0250306 0.0313229 0.00938855 0.002487 0.000210481 0 0
 0 0.00764035 0.051015 0.0998891 0.058973 0.0496711 0.0374665 0.0718981 0.12319 0.153886 0.159021 0.0857701 0.0377988 0.023471 0.0147837 0.00900784 0.00315554 0.000888139 0.00291439 0.00214683 0.00393193 0.00274676 0.000635225 9.99891e-05 0 0
 0 0 0 0 0 0 0 0 0 0 0 0 0 0 0 0 0 0 0 0 0 0 0 0 0 0
 0 0 0 0 0 0 0 0 0 0 0 0 0 0 0 0 0 0 0 0 0 0 0 0 0 0
 0 0 0 0 0 0 0 0 0 0 0 0 0 0 0 0 0 0 0 0 0 0 0 0 0 0
 0 0 0 0 0 0 0 0 0 0 0 0 0 0 0 0 0 0 0 0 0 0 0 0 0 0
 0 0 0 0 0 0 0 0 0 0 0 0 0 0 0 0 0 0 0 0 0 0 0 0 0 0
 0 0 0 0 0 0 0 0 0 0 0 0 0 0 0 0 0 0 0 0 0 0 0 0 0 0
 0 0 0 0 0 0 0 0 0 0 0 0 0 0 0 0 0 0 0 0 0 0 0 0 0 0
 0 0 0 0 0 0 0 0 0 0 0 0 0 0 0 0 0 0 0 0 0 0 0 0 0 0
ppred_pel_tallas
 1.09333e-16 4.79166e-05 0.000465767 0.00309518 0.0140703 0.0437779 0.093274 0.136139 0.136154 0.0933452 0.0440181 0.0147687 0.0048655 0.00438746 0.00766287 0.0130269 0.0197708 0.0269601 0.0335969 0.0390979 0.0434172 0.0466435 0.0484902 0.0482378 0.0452275 0.0394595
 1.12696e-16 4.38994e-05 0.000426718 0.00283569 0.0128907 0.0401078 0.0854549 0.12473 0.124759 0.0855984 0.0405899 0.014284 0.0063363 0.00807979 0.014613 0.0241842 0.0350719 0.0446405 0.0502698 0.0508512 0.0474727 0.0426401 0.038649 0.0363741 0.03521 0.0338859
 1.08847e-16 5.51302e-05 0.000535885 0.00356114 0.0161885 0.0503684 0.107316 0.156635 0.156654 0.107411 0.0506864 0.0171083 0.00587499 0.00560344 0.00972791 0.0161232 0.023524 0.0302268 0.0345298 0.0356605 0.0342 0.0315907 0.0291416 0.0273346 0.0258524 0.024091
 1.03443e-16 6.62328e-05 0.000643807 0.00427832 0.0194486 0.060512 0.128928 0.188177 0.188191 0.128995 0.060739 0.0201046 0.00592605 0.00424478 0.006917 0.011362 0.0164368 0.0208331 0.0232668 0.0231557 0.0209572 0.0178319 0.0149117 0.012747 0.0112599 0.0100668
 1.02405e-16 5.91331e-05 0.000574795 0.00381971 0.0173639 0.0540256 0.115108 0.168008 0.168031 0.11522 0.0544027 0.0184532 0.00655393 0.00654331 0.0113935 0.0187399 0.0269843 0.0339221 0.0373458 0.0362364 0.031365 0.024761 0.0184934 0.013713 0.0105076 0.00837333
 1.01949e-16 6.62273e-05 0.000643753 0.00427797 0.019447 0.060507 0.128917 0.188161 0.188176 0.128988 0.0607453 0.0201357 0.00600803 0.0044248 0.0072597 0.0119296 0.0172541 0.0218537 0.0243618 0.0241365 0.021619 0.0179936 0.0144409 0.0115776 0.00941211 0.0076635
 1.03677e-16 4.21022e-05 0.000409248 0.0027196 0.0123629 0.0384659 0.0819571 0.119627 0.119667 0.0821515 0.0391186 0.0142482 0.00745199 0.0107403 0.0196631 0.0324416 0.0467315 0.0587697 0.0647408 0.0628764 0.0544951 0.0430842 0.0321972 0.0238086 0.0180751 0.0141553
 1.08836e-16 4.0843e-05 0.000397009 0.00263826 0.0119932 0.0373154 0.0795054 0.116046 0.116075 0.0796449 0.0377843 0.0133504 0.00605575 0.00789234 0.0143782 0.0239722 0.0351506 0.0454988 0.052538 0.0550607 0.053718 0.0503105 0.0464242 0.0425688 0.0383566 0.0332843
 1.10724e-16 4.96233e-05 0.000482356 0.00320543 0.0145714 0.0453372 0.0965966 0.14099 0.141012 0.0967031 0.0456951 0.0156068 0.0058109 0.00619214 0.010959 0.0182129 0.0266458 0.0343947 0.0395974 0.0414261 0.0405379 0.0384921 0.0366206 0.0352703 0.0338929 0.0316976
 1.04123e-16 6.75935e-05 0.000657033 0.00436621 0.0198482 0.0617551 0.131576 0.192042 0.192054 0.131633 0.0619474 0.0204039 0.00576282 0.0037112 0.00588401 0.00966319 0.014016 0.0178466 0.0200901 0.0202709 0.0187769 0.0165665 0.0145474 0.0131179 0.0121441 0.0112517
 1.00697e-16 7.55598e-05 0.000734468 0.0048808 0.0221874 0.0690333 0.147083 0.214673 0.21468 0.147117 0.069146 0.0225129 0.00569772 0.00251727 0.00345987 0.00559621 0.00804479 0.0100969 0.0110866 0.0107093 0.00920023 0.00717613 0.00526795 0.00383019 0.00289293 0.00230058
 1.00428e-16 7.02084e-05 0.000682451 0.00453513 0.020616 0.0641442 0.136666 0.199472 0.199485 0.136731 0.0643621 0.0212451 0.00611332 0.00412459 0.00659839 0.0107735 0.0154565 0.0193176 0.0210525 0.0200595 0.0167988 0.0124933 0.00841713 0.00532082 0.00331969 0.0021451
 1.01962e-16 4.35346e-05 0.000423172 0.00281213 0.0127835 0.0397745 0.0847454 0.123697 0.123737 0.0849415 0.0404329 0.0146849 0.00758398 0.0108373 0.0198132 0.0326628 0.0469904 0.0589647 0.0646983 0.0623764 0.053325 0.0411005 0.029373 0.0202537 0.0140234 0.00992219
 1.04657e-16 5.63493e-05 0.000547736 0.0036399 0.0165465 0.0514823 0.109689 0.160098 0.160117 0.10978 0.0517885 0.0174328 0.00587092 0.00543877 0.00940583 0.015618 0.0228588 0.0295056 0.0339141 0.0352798 0.0340309 0.0313728 0.0283966 0.0255043 0.0225071 0.0191179
 1.00182e-16 8.12781e-05 0.000790052 0.00525017 0.0238665 0.0742576 0.158214 0.230918 0.230919 0.158219 0.0742737 0.0239131 0.00536711 0.00104551 0.000566947 0.000810003 0.00116222 0.00146842 0.00163167 0.00160971 0.00143523 0.00119216 0.000963423 0.000791208 0.00067274 0.000582564
 1.00043e-16 7.77308e-05 0.000755572 0.00502104 0.0228249 0.0710168 0.151309 0.220841 0.220846 0.151335 0.0711047 0.0230787 0.0056574 0.00214277 0.00270643 0.00433592 0.00620249 0.00772379 0.00836502 0.00788191 0.00646656 0.00462749 0.00289945 0.00160459 0.000800015 0.00037498
 1.0084e-16 3.68532e-05 0.000358226 0.00238054 0.0108216 0.0336704 0.0717401 0.104717 0.104768 0.0719887 0.0345048 0.0132307 0.00842329 0.0135355 0.0250211 0.0411965 0.0590821 0.0737479 0.0801906 0.0760949 0.0632353 0.0463365 0.0303437 0.018203 0.0104114 0.0059604
 1.0125e-16 7.56934e-05 0.000735767 0.00488943 0.0222266 0.0691553 0.147343 0.215052 0.215056 0.147363 0.0692229 0.0224223 0.0053829 0.00182067 0.00215842 0.00350642 0.00517791 0.00678881 0.00799178 0.00860834 0.0086987 0.00846011 0.00804751 0.00747901 0.00668885 0.00564823
 1.00372e-16 7.46988e-05 0.000726099 0.00482518 0.0219346 0.0682467 0.145407 0.212228 0.212236 0.145448 0.0683849 0.0223336 0.00582608 0.0029087 0.00421291 0.00682841 0.00978695 0.0122187 0.0132939 0.0126341 0.0105398 0.00779866 0.00523001 0.0033137 0.0021156 0.00144816
 1.00385e-16 7.04857e-05 0.000685146 0.00455304 0.0206974 0.0643975 0.137206 0.200259 0.200272 0.137269 0.0646093 0.0213089 0.00608706 0.00403126 0.00641743 0.0104768 0.0150357 0.018802 0.0205091 0.019571 0.0164302 0.0122676 0.00831299 0.00529046 0.003313 0.0021271
 1.00963e-16 6.28279e-05 0.00061071 0.00405838 0.0184488 0.0574013 0.1223 0.178505 0.178525 0.122399 0.0577338 0.0194091 0.00646816 0.0058696 0.0100454 0.016494 0.0237212 0.0297577 0.0326363 0.0314404 0.0268421 0.0206421 0.0147001 0.0100872 0.00694712 0.00489384
 1.01424e-16 6.62576e-05 0.000644047 0.00427992 0.0194559 0.0605346 0.128976 0.188247 0.188263 0.129051 0.0607852 0.0201797 0.0060974 0.00461411 0.00761334 0.0125 0.0180426 0.0227748 0.0252425 0.0247632 0.0218125 0.017672 0.0136377 0.0104159 0.00805643 0.00627484
 1.0464e-16 2.69932e-05 0.000262384 0.00174364 0.00792635 0.0246621 0.0525473 0.0767058 0.0767605 0.0528149 0.0255607 0.0105218 0.00825894 0.0144862 0.0270429 0.0446702 0.064358 0.080952 0.0891999 0.0866584 0.0751255 0.0593807 0.0442989 0.0325969 0.0245123 0.0189268
 1.05924e-16 6.30129e-05 0.000612507 0.00407033 0.0185031 0.0575701 0.12266 0.179027 0.179036 0.122704 0.0577188 0.0189346 0.00516183 0.00302316 0.00472303 0.00792182 0.0119033 0.0160077 0.0195762 0.0222608 0.0241291 0.0254138 0.0261478 0.0260447 0.024725 0.0220627
 1.02733e-16 6.68903e-05 0.000650198 0.00432079 0.0196417 0.0611127 0.130208 0.190045 0.19006 0.13028 0.0613547 0.0203404 0.00607444 0.00447769 0.00733412 0.0120149 0.0172947 0.0217412 0.0239512 0.023299 0.0203176 0.0163447 0.0127184 0.0101424 0.0085886 0.00762135
 1.04762e-16 3.01103e-05 0.000292682 0.00194498 0.00884163 0.0275099 0.0586146 0.0855606 0.0856126 0.0588686 0.0283625 0.0113044 0.00812683 0.0137876 0.0256589 0.0423699 0.0610265 0.076726 0.0844763 0.081957 0.0708847 0.0558209 0.0414303 0.0303312 0.022773 0.0176881
 1.04962e-16 6.48844e-05 0.0006307 0.00419122 0.0190527 0.05928 0.126303 0.184344 0.184353 0.126346 0.059427 0.019479 0.00526827 0.00300509 0.00464224 0.00774919 0.0115701 0.0154122 0.0185891 0.0207464 0.0219853 0.0226227 0.0228133 0.0223925 0.0210559 0.0186756
 1.03249e-16 6.11114e-05 0.000594025 0.0039475 0.0179448 0.055833 0.118959 0.173628 0.173649 0.11906 0.0561726 0.0189255 0.00640866 0.00596518 0.0102576 0.0168509 0.0242471 0.0304541 0.0334939 0.0324771 0.0281446 0.0223754 0.0170632 0.0132255 0.0108623 0.00939935
 1.04238e-16 4.7204e-05 0.00045884 0.00304915 0.013861 0.043127 0.0918878 0.13412 0.134152 0.0920467 0.0436608 0.0154035 0.00692308 0.00892231 0.0161402 0.0266586 0.0385141 0.0486719 0.0540555 0.0532246 0.0471975 0.038695 0.0304522 0.0239339 0.0191993 0.0155978
 1.04724e-16 5.89966e-05 0.000573468 0.00381089 0.0173238 0.0539008 0.114842 0.167619 0.167636 0.114928 0.0541883 0.0181553 0.00590248 0.00515428 0.00880243 0.014573 0.0212539 0.0272859 0.0311046 0.0319691 0.0303467 0.0274831 0.0245307 0.0219545 0.0195762 0.0170266
 1.07681e-16 3.62528e-05 0.00035239 0.00234176 0.0106453 0.0331217 0.0705709 0.103009 0.103051 0.070774 0.0338037 0.0126156 0.00728982 0.0111617 0.0205879 0.0340396 0.0491776 0.0621565 0.0690785 0.0681594 0.0607732 0.0504597 0.0407255 0.0333645 0.028281 0.024424
 1.07472e-16 5.72482e-05 0.000556473 0.00369796 0.0168104 0.0523034 0.111439 0.162651 0.162666 0.111513 0.0525528 0.0175326 0.00551825 0.00455501 0.00772414 0.01287 0.0189817 0.0248091 0.0290966 0.0312415 0.0315716 0.0309484 0.0300489 0.0289467 0.0272652 0.0246439
pSPR Fmed_Fpbrs
0.557213   0.6 0.325
Fs Fmed_Fpbrs
0.34   0.292833 0.721136
SSBpbr Bo_Bmed_Bpbrs
737104  373869  405407 202703
Ro
102790
SPR SPRFo_SPRFmed_SPRFpbrs
739894 412279 240465
Fref
0.292833
Nvult_r0
 40433.4 7546.71 5296.41 958.678 506.554
CTP_r0
 7140.52 1684.32 1198.73 217.136 114.737
YTP_r0
149301
Np
 112469 33388.3 4187.32 674.456 597.05
Nvult_p0
 79081.1 24172.7 3037.59 489.32 433.164
CTP_p0
 13965.7 2451.34 403.299 280.438 62.5893
 13965.7 5395 687.492 110.829 98.1136
YTP_p0
 168774 222922
CBA_c0
155143
log_Ro
11.3604
likeval ReclasPelacesDesembMPH_pf_preclas_ppelaces_ptallas_desvR_qrecl_qpela
 34.7445 18.0446 0.0377395 93.4563 254.998 144.058 128.536 0 25.3702 5.60238e-05 0.000109929 0.0587638 1.35772e-15 0 0
q_reclas_q_pelaces
2.88212 4.40509
M
1
N
 151130 30204 48013.4 3887.05 0.165966
 90752.5 43440.6 7983.97 12615.5 1021.03
 84312.5 21085.2 8634.53 1569.26 2678.66
 126287 19680.7 4217.35 1707.99 839.762
 97680.8 25284.1 3204.85 676.651 408.442
 196406 29510.5 7144.42 901.241 305.061
 72027.4 53174.7 7199.61 1730.03 291.989
 27134.2 12333.9 7023.16 933.342 261.866
 26433 8643.08 3741.19 2122.83 361.197
 35697.6 5242.39 1389.74 592.561 393.121
 75350.2 4534.12 464.029 119.864 84.894
 171398 23303 1321.97 134.722 59.4337
 58968.5 39717 4615.46 258.9 38.0008
 29160.5 12828.9 7228.95 829.376 53.3148
 78455 736.825 130.549 68.9137 8.3852
 258250 13637.8 99.2946 17.2743 10.2181
 46565.4 47909.7 2005.21 14.358 3.97176
 215610 9489.75 7989.25 329.602 3.01055
 324502 30875 986.376 811.529 33.7444
 313077 42658.3 2861.72 89.1593 76.302
 279299 64118.9 7160.74 473.565 27.3595
 394362 66731.6 13231.1 1462.17 102.227
 58757.3 83761.3 11761.7 2301.01 271.867
 147773 14659.2 18315.4 2547.6 557.005
 234540 36000.5 3104.84 3840.46 650.635
 51453.5 60571.9 8244.91 704.97 1019.25
 151273 14267.9 15259.1 2062.78 431.215
 166330 38712.5 3227.95 3421.78 558.997
 96121.6 45028.5 9443.65 781.57 963.462
 134998 26843.1 11451.2 2385.54 440.645
 46947.8 39034.3 7152.15 3033.24 748.372
 57504.5 10423.8 7301.1 1321.4 698.206
pred_Ctot
 21313.3 5520.04 8913.48 722.216 0.030838
 21935.7 13262.7 2471.63 3908.3 316.331
 20208 6386.79 2652.1 482.355 823.391
 38204.9 7398.14 1605.69 650.728 319.953
 11217.4 3786.9 487.807 103.081 62.2246
 33610 6495.61 1596.58 201.564 68.2304
 25866.9 23353.6 3199.1 769.202 129.828
 2328.08 1389.81 804.643 107.027 30.0299
 8092.5 3284.66 1439.93 817.598 139.118
 16060.9 2807.57 751.665 320.665 212.744
 7697.55 605.953 63.0361 16.2971 11.543
 41625 7146.11 411.056 41.9213 18.4947
 15890.1 13418.8 1580.37 88.7125 13.0215
 20696.1 9930.45 5621.23 645.078 41.4681
 27772 319.443 57.2687 30.2495 3.68078
 85480.6 5564.78 41.0142 7.13984 4.22351
 13767.1 17633.7 747.613 5.3568 1.48187
 89683.4 4747.35 4039.14 166.731 1.52295
 142941 16235.7 523.938 431.294 17.9342
 91957.2 15606.6 1060.58 33.0659 28.2987
 64085.2 18643 2111.61 139.753 8.07433
 110122 23302.2 4681.55 517.721 36.1976
 12335.2 22395.8 3190.61 624.677 73.8093
 32621.7 4110.02 5208.91 725.087 158.539
 45464 8924.7 781.14 966.969 163.827
 8194.67 12445.3 1720.25 147.207 212.842
 29973.1 3611.5 3919.48 530.26 110.853
 28469.4 8522.88 721.507 765.449 125.052
 14968.2 9053.95 1928.36 159.724 196.905
 18624.5 4802.81 2081.36 433.954 80.1614
 12254.7 12804 2378 1009.24 249.012
 10563.5 2455.19 1745.54 316.168 167.065
F
 0.246748 0.330541 0.336556 0.336878 0.336895
 0.459564 0.615625 0.626829 0.62743 0.627461
 0.45489 0.609364 0.620454 0.621049 0.62108
 0.608379 0.814976 0.829807 0.830603 0.830645
 0.19696 0.263844 0.268646 0.268903 0.268917
 0.306601 0.410718 0.418192 0.418593 0.418615
 0.764692 1.02437 1.04301 1.04401 1.04406
 0.144037 0.19295 0.196461 0.19665 0.19666
 0.617836 0.827645 0.842706 0.843514 0.843557
 1.06345 1.42459 1.45051 1.4519 1.45197
 0.173565 0.232505 0.236736 0.236963 0.236975
 0.46221 0.61917 0.630438 0.631043 0.631075
 0.525302 0.703687 0.716493 0.71718 0.717216
 2.67822 3.5877 3.65299 3.6565 3.65668
 0.749679 1.00426 1.02253 1.02352 1.02357
 0.684612 0.917096 0.933786 0.934681 0.934728
 0.590646 0.79122 0.805619 0.806391 0.806432
 0.943523 1.26393 1.28693 1.28817 1.28823
 1.02907 1.37853 1.40361 1.40496 1.40503
 0.58571 0.784609 0.798888 0.799654 0.799694
 0.431603 0.578169 0.58869 0.589255 0.589285
 0.549298 0.735831 0.749222 0.74994 0.749978
 0.38835 0.520228 0.529695 0.530203 0.53023
 0.412145 0.552103 0.56215 0.562689 0.562718
 0.353795 0.473938 0.482563 0.483026 0.48305
 0.282663 0.378652 0.385543 0.385912 0.385932
 0.362925 0.486169 0.495017 0.495491 0.495516
 0.306677 0.410821 0.418297 0.418698 0.418719
 0.275606 0.369198 0.375917 0.376277 0.376296
 0.240816 0.322594 0.328465 0.32878 0.328796
 0.504944 0.676415 0.688725 0.689385 0.68942
 0.332495 0.445405 0.453511 0.453945 0.453968
YTP_r0W_actual
 61408.4 41771.1 33444.5 8099.18 4577.99
YTP_p0W_proyectada
 105301 42775.9 9707.4 8783.31 2206.27
 105301 94142.7 16547.9 3471.16 3458.51
CTP_r0_actual
 7140.52 1684.32 1198.73 217.136 114.737
CTP_p0_proyectada
 13965.7 2451.34 403.299 280.438 62.5893
 13965.7 5395 687.492 110.829 98.1136
Wmedp
 7.54 17.45 24.07 31.32 35.25
Frms_r0
 0.214476 0.287309 0.292537 0.292818 0.292832
Zrms_r0
 1.21448 1.28731 1.29254 1.29282 1.29283
nmprior
 7.29 8.9 8.7 0
nm_flota  nm_reclas  nm_pelaces    nm_pelaL
inf 10.2109 9.89761 24.7595
cv_recla  cv_pelaces  cv_mph
0.521453 0.465334 0.394665
 ------------------------------------------------
Talla a la edad & desviaci?n 
 8 13.2811 15.8009 17.003 17.5766
 0.8 1.32811 1.58009 1.7003 1.75766
