years
 1991 1992 1993 1994 1995 1996 1997 1998 1999 2000 2001 2002 2003 2004 2005 2006 2007 2008 2009 2010 2011 2012 2013 2014 2015 2016 2017 2018 2019 2020
reclasobs
 0 0 0 0 0 0 0 0 0 252601 567819 844713 477998 351125 339783 2.1784e+06 2.13404e+06 4.81314e+06 1.55562e+06 2.62356e+06 3.21686e+06 3.843e+06 1.13348e+06 3.07943e+06 1.97215e+06 2.03268e+06 2.025e+06 2.42433e+06 2.27542e+06 1.05018e+06
reclaspred
 3.57483e+06 1.9248e+06 961279 1.08541e+06 1.13364e+06 2.23581e+06 1.17074e+06 955862 631300 361929 687866 1.32882e+06 935569 152733 691987 1.49795e+06 1.04859e+06 1.44183e+06 1.70836e+06 2.15038e+06 3.74503e+06 3.10674e+06 2.05887e+06 2.71265e+06 2.49547e+06 2.09059e+06 2.40495e+06 2.6362e+06 1.97204e+06 1.11e+06
pelacesobs
 0 0 0 0 0 0 0 0 0 0 0 0 0 0 0 552880 188675 0 991730 2.46772e+06 1.41603e+06 1.21717e+06 2.29649e+06 1.80582e+06 0 1.4828e+06 1.56532e+06 1.57751e+06 1.42118e+06 867257
pelacespred
 2.23918e+06 1.28164e+06 606861 535383 648922 1.29219e+06 614520 681877 392830 188185 400108 692664 540596 45958.2 370735 690036 523935 689309 829776 991431 2.03215e+06 1.76229e+06 1.27971e+06 1.73304e+06 1.49329e+06 1.32807e+06 1.70747e+06 1.66522e+06 1.22977e+06 750662
mphobs
 0 0 0 0 0 0 0 0 0 0 0 0 498337 0 5186 125008 0 168611 109162 213762 579715 649985 157893 87575 83554 210694 70296 0 107559 103333
mphpred
 1.00439e+06 675210 313644 174755 208022 271722 413285 198044 175127 92386.9 46689.6 165698 273256 97744.4 6821.66 107641 278726 173691 170622 245248 531028 618479 126261 89420.3 113936 122742 93433.9 99577.9 140847 91531.4
desembarqueobs
 494567 514787 250237 358949 120608 361735 552515 73892 212993 205616 52469 317467 293654 387597 252695 516296 358380 742168 942051 627588 828172 859565 418607 520667 417249 300574 415391 372974 316634 284311
desembarquepred
 494564 514209 250498 358961 120611 361724 552495 73897.2 213060 205673 52469.3 317400 293859 388165 252600 516172 358434 742121 941239 627235 828221 859398 418638 520760 417116 300640 415403 372915 316521 284283
Reclutas
 153256 92656.1 84636.6 129903 100239 201566 75564.2 28692.7 28158.8 37941.1 84165.2 172290 56293.2 28478.7 82014.4 268631 46792.5 219940 335187 331060 296055 433216 62371.2 164977 258957 57269.8 163599 188670 64021.2 41992.1
log_desv_Rt
 0.362354 -0.140858 -0.231386 0.197032 -0.0621908 0.636363 -0.34477 -1.31311 -1.33189 -1.03372 -0.236971 0.479429 -0.639178 -1.3206 -0.262858 0.923586 -0.824029 0.7236 1.14494 1.13255 1.02079 1.40148 -0.53665 0.436053 0.886908 -0.621978 0.427665 0.570245 -0.510539 -0.932271
SSB
 1.29287e+06 869142 403728 224948 267770 349766 531988 254926 225427 118922 60099.6 213289 334625 120455 8454.82 133606 358781 223578 229645 291470 648033 796280 765003 519619 614742 705512 504396 515388 758893 459342
BT
 1.95971e+06 1.38389e+06 652924 699866 577296 1.32317e+06 923065 574481 500087 339229 367301 807683 656151 421242 560941 984646 663994 1.21661e+06 1.5683e+06 1.2757e+06 2.27519e+06 2.11582e+06 1.28012e+06 1.84283e+06 1.49246e+06 1.21375e+06 1.7603e+06 1.63832e+06 1.13247e+06 810561
Ftot
 0.300393 0.557924 0.551741 0.740177 0.243166 0.381395 0.948458 0.1747 0.730585 1.1777 0.191609 0.555973 0.662653 3.35586 0.892435 0.819404 0.716094 1.13974 1.23006 0.687784 0.505403 0.625366 0.432274 0.447107 0.386135 0.310784 0.404265 0.337496 0.340311 0.543352
BD_Bspro_t
 0.953074 0.691759 0.443822 0.34048 0.353267 0.466589 0.499839 0.291328 0.336948 0.24972 0.185508 0.539029 0.490864 0.212138 0.0228183 0.262492 0.362338 0.245635 0.217217 0.228051 0.331593 0.373097 0.388273 0.337265 0.417955 0.502157 0.471771 0.514581 0.590449 0.474975
BD_Bspro
 1.70263 1.14461 0.531684 0.296242 0.352636 0.46062 0.700595 0.335722 0.296873 0.156613 0.0791474 0.280888 0.44068 0.158632 0.0111345 0.175951 0.472492 0.294439 0.302428 0.383848 0.853419 1.04865 1.00746 0.684305 0.809576 0.929115 0.664258 0.678733 0.999414 0.604925
BD_Bo
 1.49522 1.00517 0.466914 0.260154 0.309678 0.404507 0.615248 0.294824 0.260708 0.137534 0.0695056 0.24667 0.386996 0.139308 0.00977806 0.154517 0.414932 0.25857 0.265586 0.337087 0.749455 0.920903 0.884731 0.600943 0.710953 0.81593 0.583338 0.59605 0.877665 0.531232
BD_Brms
 9.16445 6.16087 2.8618 1.59453 1.89807 2.4793 3.77097 1.80703 1.59793 0.842972 0.426013 1.51189 2.37197 0.853842 0.0599315 0.947062 2.5432 1.58482 1.62782 2.06607 4.59355 5.64438 5.42268 3.68329 4.35756 5.00098 3.57538 3.6533 5.37937 3.25602
Sel_flota
 0.790424 1 1 1 1
 0.790424 1 1 1 1
 0.790424 1 1 1 1
 0.790424 1 1 1 1
 0.790424 1 1 1 1
 0.790424 1 1 1 1
 0.790424 1 1 1 1
 0.790424 1 1 1 1
 0.790424 1 1 1 1
 0.790424 1 1 1 1
 0.790424 1 1 1 1
 0.790424 1 1 1 1
 0.790424 1 1 1 1
 0.790424 1 1 1 1
 0.790424 1 1 1 1
 0.790424 1 1 1 1
 0.790424 1 1 1 1
 0.790424 1 1 1 1
 0.790424 1 1 1 1
 0.790424 1 1 1 1
 0.790424 1 1 1 1
 0.790424 1 1 1 1
 0.790424 1 1 1 1
 0.790424 1 1 1 1
 0.790424 1 1 1 1
 0.790424 1 1 1 1
 0.790424 1 1 1 1
 0.790424 1 1 1 1
 0.790424 1 1 1 1
 0.790424 1 1 1 1
Sel_reclas
 1 1 1 1 1
 1 1 1 1 1
 1 1 1 1 1
 1 1 1 1 1
 1 1 1 1 1
 1 1 1 1 1
 1 1 1 1 1
 1 1 1 1 1
 1 1 1 1 1
 1 1 1 1 1
 1 1 1 1 1
 1 1 1 1 1
 1 1 1 1 1
 1 1 1 1 1
 1 1 1 1 1
 1 1 1 1 1
 1 1 1 1 1
 1 1 1 1 1
 1 1 1 1 1
 1 1 1 1 1
 1 1 1 1 1
 1 1 1 1 1
 1 1 1 1 1
 1 1 1 1 1
 1 1 1 1 1
 1 1 1 1 1
 1 1 1 1 1
 1 1 1 1 1
 1 1 1 1 1
 1 1 1 1 1
Sel_pelaces
 0.766349 0.942878 0.988105 0.997614 0.999525
 0.766349 0.942878 0.988105 0.997614 0.999525
 0.766349 0.942878 0.988105 0.997614 0.999525
 0.766349 0.942878 0.988105 0.997614 0.999525
 0.766349 0.942878 0.988105 0.997614 0.999525
 0.766349 0.942878 0.988105 0.997614 0.999525
 0.766349 0.942878 0.988105 0.997614 0.999525
 0.766349 0.942878 0.988105 0.997614 0.999525
 0.766349 0.942878 0.988105 0.997614 0.999525
 0.766349 0.942878 0.988105 0.997614 0.999525
 0.766349 0.942878 0.988105 0.997614 0.999525
 0.766349 0.942878 0.988105 0.997614 0.999525
 0.766349 0.942878 0.988105 0.997614 0.999525
 0.766349 0.942878 0.988105 0.997614 0.999525
 0.766349 0.942878 0.988105 0.997614 0.999525
 0.766349 0.942878 0.988105 0.997614 0.999525
 0.766349 0.942878 0.988105 0.997614 0.999525
 0.766349 0.942878 0.988105 0.997614 0.999525
 0.766349 0.942878 0.988105 0.997614 0.999525
 0.766349 0.942878 0.988105 0.997614 0.999525
 0.766349 0.942878 0.988105 0.997614 0.999525
 0.766349 0.942878 0.988105 0.997614 0.999525
 0.766349 0.942878 0.988105 0.997614 0.999525
 0.766349 0.942878 0.988105 0.997614 0.999525
 0.766349 0.942878 0.988105 0.997614 0.999525
 0.766349 0.942878 0.988105 0.997614 0.999525
 0.766349 0.942878 0.988105 0.997614 0.999525
 0.766349 0.942878 0.988105 0.997614 0.999525
 0.766349 0.942878 0.988105 0.997614 0.999525
 0.766349 0.942878 0.988105 0.997614 0.999525
pf_obs 
 0.8446 0.082 0.0669 0.0065 0
 0.8095 0.147 0.0364 0.0071 0
 0.9664 0.0169 0.016 0.0007 0
 0.9276 0.0648 0.0075 0.0001 0
 0.7033 0.2144 0.0806 0.0017 0
 0.9318 0.0425 0.0243 0.0014 0
 0.5671 0.3108 0.0964 0.0239 0.0018
 0.0768 0.2599 0.5324 0.112 0.0189
 0.490249 0.384438 0.106611 0.0170017 0.00170017
 0.7925 0.1577 0.0466 0.003 0.0002
 0.840416 0.127587 0.0312969 0.00059994 9.999e-05
 0.8084 0.0986 0.0794 0.0134 0.0002
 0.7335 0.1905 0.0724 0.0035 0.0001
 0.4001 0.4547 0.1325 0.0127 0
 0.49795 0.308269 0.164784 0.0264974 0.00249975
 0.9179 0.0499 0.0305 0.0017 0
 0.2467 0.6533 0.0926 0.0074 0
 0.9418 0.0223 0.034 0.0019 0
 0.707729 0.231977 0.0356964 0.0245975 0
 0.517169 0.277429 0.184464 0.0207286 0.00020938
 0.811772 0.124168 0.05621 0.00726502 0.000585176
 0.764997 0.148141 0.077277 0.00933861 0.000247198
 0.163321 0.427699 0.378323 0.0303852 0.000271297
 0.753843 0.0900009 0.118128 0.0371064 0.000921714
 0.721811 0.176058 0.0630433 0.0369309 0.00215725
 0.143369 0.312575 0.442814 0.0836902 0.0175525
 0.692698 0.0596174 0.167031 0.0765114 0.00414204
 0.394062 0.376323 0.152708 0.0712218 0.00568511
 0.125707 0.32114 0.495352 0.0537591 0.00404204
 0.23352 0.215282 0.420074 0.123614 0.00750983
pf_pred 
 0.579611 0.147381 0.253078 0.019929 8.04757e-07
 0.525955 0.305455 0.0591049 0.101493 0.00799258
 0.657203 0.206187 0.0880256 0.0170328 0.0315516
 0.79601 0.147418 0.0340275 0.0145271 0.008018
 0.719603 0.236896 0.0314366 0.00725631 0.0048077
 0.806195 0.149227 0.0376628 0.00499792 0.00191799
 0.497291 0.425666 0.0593212 0.0149719 0.00274924
 0.507191 0.289419 0.17222 0.0240007 0.00716976
 0.593876 0.231875 0.102334 0.060894 0.0110214
 0.790028 0.140856 0.0394614 0.0174156 0.0122389
 0.912493 0.0742539 0.00889084 0.00249081 0.00187179
 0.832786 0.155691 0.00977755 0.00117072 0.000574454
 0.499922 0.435744 0.0599004 0.00376179 0.000671436
 0.555982 0.257448 0.162568 0.0223477 0.00165395
 0.985641 0.0104993 0.00223812 0.00141328 0.000208658
 0.937539 0.0618295 0.000461654 9.84106e-05 7.13169e-05
 0.419248 0.554577 0.0259101 0.000193459 7.11255e-05
 0.90628 0.0469541 0.044658 0.00208644 2.1306e-05
 0.891512 0.101404 0.00354879 0.00337525 0.000159303
 0.845561 0.142858 0.0108248 0.000378831 0.000377311
 0.752765 0.218434 0.0266414 0.00201871 0.000141012
 0.798422 0.162147 0.0348375 0.00424897 0.000344449
 0.307326 0.585096 0.0865342 0.0185921 0.00245141
 0.755399 0.0910847 0.129674 0.0191785 0.00466384
 0.799677 0.161335 0.0145181 0.020669 0.00380027
 0.357615 0.540508 0.0820497 0.00738343 0.0124442
 0.774225 0.0954615 0.109647 0.0166445 0.00402222
 0.742097 0.211589 0.0195823 0.0224922 0.00423944
 0.436662 0.445968 0.0962929 0.0089118 0.0121654
 0.493504 0.256245 0.198112 0.0427761 0.00936312
pobs_RECLAS
 0 0 0 0 0
 0 0 0 0 0
 0 0 0 0 0
 0 0 0 0 0
 0 0 0 0 0
 0 0 0 0 0
 0 0 0 0 0
 0 0 0 0 0
 0 0 0 0 0
 0 0 0 0 0
 0.991045 0.00858322 0.000360255 1.14367e-05 0
 0.934742 0.0480273 0.0164251 0.00080598 0
 0.827803 0.169806 0.00239088 0 0
 0.941827 0.0461693 0.0120037 0 0
 0.791401 0.0380133 0.147996 0.0225897 0
 0.846168 0.0940531 0.0597789 0 0
 0.134021 0.677848 0.182769 0.00536245 0
 0.80878 0.0450904 0.141981 0.00414843 0
 0.846168 0.0940531 0.0597789 0 0
 0.905697 0.0802665 0.012482 0.00150086 5.37128e-05
 0.989698 0.0102097 9.19794e-05 0 0
 0.975433 0.0193895 0.00387452 0.00125025 5.28907e-05
 0.303575 0.632131 0.0575291 0.00676475 0
 0.966965 0.00978017 0.0227588 0.000495775 0
 0.843318 0.132988 0.00938335 0.0141283 0.000182051
 0.564624 0.303363 0.111486 0.0197234 0.00080311
 0.826376 0.0876187 0.0782897 0.00655872 0.00115652
 0.89761 0.0855135 0.0140674 0.00269457 0.000114338
 0.34875 0.467042 0.161289 0.0227151 0.000203297
 0.318654 0.224769 0.449479 0.00709798 0
ppred_RECLAS
 0.637111 0.127222 0.218463 0.0172032 6.94683e-07
 0.587391 0.265868 0.0514449 0.0883399 0.00695674
 0.710935 0.173868 0.0742281 0.014363 0.026606
 0.834421 0.119659 0.0276202 0.0117917 0.00650823
 0.765438 0.198172 0.0262978 0.00607016 0.00402182
 0.841487 0.122052 0.0308043 0.00408779 0.00156872
 0.563004 0.370025 0.0515669 0.0130148 0.00238987
 0.566456 0.254614 0.151509 0.0211144 0.00630754
 0.653712 0.197711 0.0872564 0.0519222 0.00939752
 0.831994 0.112704 0.0315745 0.0139348 0.00979276
 0.929791 0.0595758 0.00713336 0.00199844 0.00150179
 0.864679 0.125996 0.00791262 0.000947423 0.000464886
 0.562811 0.380946 0.0523675 0.00328872 0.000586998
 0.656778 0.199005 0.125664 0.0172746 0.00127849
 0.988912 0.0081076 0.00172829 0.00109135 0.000161127
 0.951086 0.0484191 0.000361525 7.70661e-05 5.58488e-05
 0.482253 0.494412 0.0230991 0.000172471 6.34092e-05
 0.92703 0.0365583 0.0347705 0.00162449 1.65888e-05
 0.915567 0.0789198 0.00276191 0.00262685 0.000123981
 0.875882 0.114811 0.00869961 0.000304455 0.000303234
 0.79592 0.180306 0.0219911 0.00166634 0.000116398
 0.8359 0.132 0.0283605 0.003459 0.000280409
 0.361857 0.539035 0.0797218 0.0171284 0.00225843
 0.797928 0.0752476 0.107127 0.0158439 0.00385293
 0.835933 0.132135 0.0118905 0.0169281 0.00311246
 0.41489 0.492316 0.0747342 0.00672514 0.0113347
 0.814095 0.0786038 0.0902843 0.0137053 0.00331194
 0.785759 0.175768 0.0162671 0.0186844 0.00352172
 0.497002 0.398199 0.0859788 0.00795724 0.0108624
 0.555474 0.224893 0.173873 0.0375425 0.00821754
pobs_PELACES
 0 0 0 0 0
 0 0 0 0 0
 0 0 0 0 0
 0 0 0 0 0
 0 0 0 0 0
 0 0 0 0 0
 0 0 0 0 0
 0 0 0 0 0
 0 0 0 0 0
 0 0 0 0 0
 0 0 0 0 0
 0 0 0 0 0
 0 0 0 0 0
 0 0 0 0 0
 0 0 0 0 0
 0 0 0 0 0
 0.505614 0.472636 0.0217494 0 0
 0 0 0 0 0
 0.443492 0.261883 0.143347 0.151278 0
 0.227955 0.32914 0.350689 0.0885471 0.00366901
 0.970185 0.0296113 0.000203453 0 0
 0.997202 0.00247181 0.000326279 0 0
 0.445219 0.490057 0.0546422 0.010081 0
 0.90214 0.0892962 0.00764917 0.000914606 0
 0 0 0 0 0
 0.581667 0.319106 0.0959925 0.00289975 0.000334073
 0.762889 0.0836404 0.116647 0.0363945 0.000428098
 0.88444 0.0763242 0.0277011 0.0115352 0
 0.521256 0.241999 0.230069 0.00667565 0
 0.616807 0.101726 0.260614 0.0208532 0
ppred_PELACES
 0.58545 0.140878 0.253516 0.0201556 8.15465e-07
 0.541216 0.289989 0.0588038 0.101948 0.00804376
 0.67046 0.194187 0.0868793 0.0169727 0.0315006
 0.809503 0.135699 0.0328251 0.0141486 0.00782405
 0.727974 0.22802 0.0317102 0.0073899 0.00490559
 0.814129 0.141502 0.0374264 0.00501434 0.00192798
 0.525969 0.398309 0.0581713 0.0148229 0.00272711
 0.512979 0.280284 0.174784 0.0245924 0.00736061
 0.612172 0.216573 0.100165 0.0601772 0.0109125
 0.811041 0.1246 0.0365816 0.0163 0.0114768
 0.915417 0.0712161 0.00893612 0.00252758 0.00190307
 0.843229 0.145471 0.00957389 0.00115737 0.00056899
 0.521203 0.414604 0.0597283 0.00378708 0.000677243
 0.657746 0.194418 0.128656 0.0178561 0.00132406
 0.987019 0.00936018 0.00209101 0.00133309 0.000197196
 0.943556 0.0558447 0.000436969 9.40449e-05 6.82837e-05
 0.442516 0.531207 0.0260087 0.000196064 7.22213e-05
 0.91603 0.0410769 0.0409422 0.00193124 1.9759e-05
 0.90533 0.0881832 0.00323413 0.00310558 0.000146856
 0.857004 0.131792 0.0104654 0.000369775 0.000368997
 0.765484 0.206027 0.0263335 0.00201458 0.000140993
 0.810677 0.150839 0.0339626 0.00418212 0.000339679
 0.320287 0.569725 0.0883026 0.0191546 0.00253042
 0.762487 0.0857751 0.127973 0.0191089 0.00465584
 0.80801 0.153001 0.0144286 0.0207392 0.00382048
 0.368765 0.526933 0.0838259 0.00761586 0.0128606
 0.780615 0.0901763 0.108545 0.0166358 0.00402781
 0.751372 0.202021 0.0195937 0.0227218 0.00429092
 0.448653 0.431976 0.0977459 0.00913332 0.0124917
 0.507154 0.243311 0.197136 0.0429749 0.00942465
pobs_pel_tallas
 0 0 0 0 0 0 0 0 0 0 0 0 0 0 0 0 0 0 0 0 0 0 0 0 0 0
 0 0 0 0 0 0 0 0 0 0 0 0 0 0 0 0 0 0 0 0 0 0 0 0 0 0
 0 0 0 0 0 0 0 0 0 0 0 0 0 0 0 0 0 0 0 0 0 0 0 0 0 0
 0 0 0 0 0 0 0 0 0 0 0 0 0 0 0 0 0 0 0 0 0 0 0 0 0 0
 0 0 0 0 0 0 0 0 0 0 0 0 0 0 0 0 0 0 0 0 0 0 0 0 0 0
 0 0 0 0 0 0 0 0 0 0 0 0 0 0 0 0 0 0 0 0 0 0 0 0 0 0
 0 0 0 0 0 0 0 0 0 0 0 0 0 0 0 0 0 0 0 0 0 0 0 0 0 0
 0 0 0 0 0 0 0 0 0 0 0 0 0 0 0 0 0 0 0 0 0 0 0 0 0 0
 0 0 0 0 0 0 0 0 0 0 0 0 0 0 0 0 0 0 0 0 0 0 0 0 0 0
 0 0 0 0 0 0 0 0 0 0 0 0 0 0 0 0 0 0 0 0 0 0 0 0 0 0
 0 0 0 0 0 0 0 0 0 0 0 0 0 0 0 0 0 0 0 0 0 0 0 0 0 0
 0 0 0 0 0 0 0 0 0 0 0 0 0 0 0 0 0 0 0 0 0 0 0 0 0 0
 0.00862536 0 0 0.000197151 0.00414017 0.0128641 0.00837892 0.0270097 0.101434 0.158115 0.152841 0.127902 0.109271 0.109419 0.0830992 0.0579132 0.0238553 0.00714673 0.00463305 0.00128148 0.00103504 0.000492878 0.000147863 0.000147863 4.92878e-05 0
 0 0 0 0 0 0 0 0 0 0 0 0 0 0 0 0 0 0 0 0 0 0 0 0 0 0
 0 0 0 0 0 0 0 0.0054083 0.00873648 0.0413646 0.0450493 0.0745869 0.0622846 0.0627006 0.0613931 0.0827291 0.12552 0.122667 0.0946155 0.0697135 0.0546179 0.0294188 0.0215738 0.0213955 0.0102223 0.00600262
 0 0 0 0 0.00359764 0.0251062 0.0480494 0.140153 0.205849 0.193036 0.1447 0.116669 0.0760912 0.0342217 0.00950174 0.001854 0.000860785 0 0 0 0.000165536 0 0.000143464 0 0 0
 0 0 0 0 0 0 0 0.000145254 0.000435761 0.0275982 0.070085 0.0708112 0.156366 0.174668 0.174014 0.160142 0.0824315 0.0480064 0.0283245 0.00493863 0.00203355 0 0 0 0 0
 0 0 0 0 0 0 0 0 0 0 0 0 0 0 0 0 0 0 0 0 0 0 0 0 0 0
 0 0 1.00437e-05 0.000401748 0.00122533 0.00171747 0.00176769 0.0269171 0.070346 0.194647 0.189555 0.159765 0.064822 0.0314167 0.0384472 0.0292271 0.0345202 0.0313363 0.0194345 0.0106764 0.0143323 0.0359363 0.0279516 0.0138201 0.00172751 0
 0 0.0021121 0.0136068 0.0755702 0.200478 0.177729 0.0527432 0.0373336 0.0318909 0.0142505 0.0149659 0.0166563 0.0217959 0.0798694 0.0677717 0.0528807 0.04013 0.0224614 0.0357745 0.0225083 0.00881397 0.00855152 0.00135912 0.000746735 0 0
 0 0 0 0 5.4009e-05 0.00500934 0.000945158 0.0243581 0.138947 0.33067 0.221406 0.137944 0.0707744 0.0437923 0.0131692 0.00525238 0.0047753 0.00276346 9.45158e-05 9.00151e-06 2.25038e-05 9.00151e-06 4.50075e-06 0 0 0
 0.000866109 0.00284123 0.00948549 0.0512746 0.133035 0.25785 0.225252 0.132002 0.0553304 0.0519788 0.0540692 0.017754 0.00435017 0.00159236 0.00146478 0.000404838 0.000125132 0.000115318 0.000107957 0.000100596 0 0 0 0 0 0
 0 0 0 0 0.00144013 0.00171154 0.00461396 0.0210425 0.0478622 0.0707936 0.0888783 0.103762 0.0637923 0.0337046 0.0602308 0.124433 0.169614 0.0934646 0.0462172 0.0250306 0.0313229 0.00938855 0.002487 0.000210481 0 0
 0 0.00764035 0.051015 0.0998891 0.058973 0.0496711 0.0374665 0.0718981 0.12319 0.153886 0.159021 0.0857701 0.0377988 0.023471 0.0147837 0.00900784 0.00315554 0.000888139 0.00291439 0.00214683 0.00393193 0.00274676 0.000635225 9.99891e-05 0 0
 0 0 0 0 0 0 0 0 0 0 0 0 0 0 0 0 0 0 0 0 0 0 0 0 0 0
 0 0 0 0 0 0 0 0 0 0 0 0 0 0 0 0 0 0 0 0 0 0 0 0 0 0
 0 0 0 0 0 0 0 0 0 0 0 0 0 0 0 0 0 0 0 0 0 0 0 0 0 0
 0 0 0 0 0 0 0 0 0 0 0 0 0 0 0 0 0 0 0 0 0 0 0 0 0 0
 0 0 0 0 0 0 0 0 0 0 0 0 0 0 0 0 0 0 0 0 0 0 0 0 0 0
 0 0 0 0 0 0 0 0 0 0 0 0 0 0 0 0 0 0 0 0 0 0 0 0 0 0
ppred_pel_tallas
 1.09374e-16 4.82227e-05 0.000468742 0.00311496 0.0141602 0.0440576 0.0938698 0.137009 0.137023 0.0939381 0.044288 0.0148303 0.00481468 0.00423725 0.00737496 0.0125575 0.0191108 0.0261638 0.0327817 0.0384083 0.0429681 0.0464772 0.0485698 0.0484747 0.0455219 0.0397324
 1.13357e-16 4.45793e-05 0.000433327 0.00287961 0.0130903 0.0407289 0.0867784 0.126661 0.126689 0.0869153 0.0411888 0.0144195 0.00621949 0.0077364 0.0139516 0.0230972 0.0335246 0.0427369 0.0482593 0.0490593 0.046189 0.04203 0.0387306 0.0370519 0.0363258 0.0352584
 1.0959e-16 5.5225e-05 0.000536806 0.00356727 0.0162163 0.050455 0.1075 0.156904 0.156923 0.107592 0.0507642 0.0171107 0.00581735 0.00546556 0.00946564 0.015693 0.0229133 0.02948 0.0337524 0.0349933 0.0337766 0.0315025 0.0294262 0.027982 0.0268154 0.0252916
 1.03725e-16 6.66777e-05 0.000648131 0.00430706 0.0195793 0.0609185 0.129794 0.189441 0.189454 0.129858 0.0611336 0.020201 0.00586894 0.00406215 0.00656375 0.010781 0.0156087 0.0198114 0.0221803 0.0221708 0.0202179 0.0174144 0.0148162 0.0129209 0.0116287 0.0105551
 1.02545e-16 5.99623e-05 0.000582855 0.00387328 0.0176074 0.0547832 0.116722 0.170364 0.170386 0.11683 0.0551437 0.0186488 0.00648743 0.00628957 0.0108981 0.0179219 0.0258118 0.0324606 0.0357619 0.0347453 0.0301495 0.0239126 0.0180057 0.0135178 0.0105197 0.00851747
 1.01946e-16 6.70587e-05 0.000651835 0.00433167 0.0196912 0.0612666 0.130535 0.190523 0.190537 0.130602 0.0614909 0.0203394 0.00596024 0.0042113 0.00683965 0.0112338 0.0162516 0.0205933 0.0229745 0.0227929 0.020463 0.0170962 0.0137975 0.0111401 0.00912521 0.00748442
 1.03729e-16 4.33235e-05 0.00042112 0.00279849 0.0127215 0.0395817 0.0843343 0.123096 0.123135 0.084522 0.0402116 0.014541 0.00736579 0.0103921 0.0189815 0.0313155 0.0451157 0.0567516 0.0625453 0.0607927 0.0527665 0.0418274 0.0313958 0.0233649 0.0178745 0.0141043
 1.08828e-16 4.22535e-05 0.000410719 0.00272937 0.0124074 0.038604 0.082251 0.120053 0.120081 0.0823841 0.0390517 0.0137032 0.0059926 0.00756871 0.0137372 0.0229062 0.0336054 0.0435371 0.0503441 0.0528796 0.0517613 0.0486917 0.0451578 0.0416146 0.0376661 0.0328198
 1.10828e-16 5.04239e-05 0.000490138 0.00325714 0.0148065 0.0460686 0.0981548 0.143264 0.143285 0.0982575 0.0464138 0.0158051 0.00577029 0.00599803 0.0105754 0.0175747 0.0257205 0.03322 0.0382851 0.0401259 0.0393821 0.0375574 0.0359254 0.0347988 0.033619 0.0315938
 1.04665e-16 6.68044e-05 0.000649363 0.00431525 0.0196165 0.0610342 0.13004 0.1898 0.189812 0.130099 0.061232 0.0201882 0.00575221 0.00379239 0.00605427 0.00995205 0.014447 0.0184209 0.0207862 0.0210601 0.0196429 0.0175138 0.0155913 0.0142631 0.0133678 0.0125017
 1.00852e-16 7.54017e-05 0.000732932 0.00487059 0.022141 0.0688889 0.146775 0.214224 0.214231 0.146809 0.0690015 0.0224662 0.00568675 0.00251441 0.00345818 0.0055963 0.00805124 0.0101185 0.0111364 0.0108029 0.0093522 0.00739532 0.00555364 0.00417056 0.00326668 0.00268117
 1.00526e-16 6.94557e-05 0.000675134 0.0044865 0.020395 0.0634565 0.135201 0.197333 0.197347 0.13527 0.0636861 0.0210581 0.00615 0.00430354 0.00695154 0.0113589 0.0163008 0.0203814 0.0222284 0.0212084 0.0178056 0.0133051 0.00904387 0.00580654 0.00370963 0.0024681
 1.02325e-16 4.29309e-05 0.000417304 0.00277313 0.0126063 0.039223 0.0835702 0.121982 0.122022 0.0837655 0.0398786 0.0144997 0.00752578 0.0107917 0.0197434 0.0325647 0.0468872 0.0589148 0.0647922 0.0627165 0.0539896 0.0421093 0.0306709 0.021721 0.0155088 0.0112842
 1.05778e-16 5.41777e-05 0.000526626 0.00349962 0.0159088 0.0494982 0.105462 0.153929 0.153947 0.105554 0.049809 0.0168085 0.00576566 0.00549891 0.00957213 0.0159335 0.0234005 0.0303698 0.0352109 0.037122 0.0365058 0.0344992 0.0320827 0.029536 0.0265831 0.0229231
 1.0023e-16 8.12994e-05 0.000790259 0.00525155 0.0238728 0.0742771 0.158255 0.230978 0.230979 0.15826 0.0742919 0.0239157 0.00535924 0.00102562 0.000529109 0.000748247 0.00107525 0.00136341 0.00152454 0.0015208 0.00138233 0.00118478 0.00100122 0.000866072 0.000772433 0.000693868
 1.00048e-16 7.77195e-05 0.000755461 0.0050203 0.0228216 0.0710064 0.151287 0.220809 0.220814 0.151313 0.0710945 0.0230757 0.00565771 0.00214494 0.00271075 0.00434308 0.00621284 0.00773688 0.00837962 0.00789648 0.00647997 0.00463943 0.0029104 0.00161538 0.000811244 0.00038675
 1.00919e-16 3.64496e-05 0.000354303 0.00235447 0.0107031 0.0333016 0.0709545 0.103571 0.103622 0.0712042 0.0341399 0.0131233 0.00842528 0.0135933 0.0251395 0.0413968 0.0593797 0.0741407 0.0806578 0.0766052 0.0637603 0.046857 0.0308472 0.0186763 0.0108368 0.00631962
 1.0139e-16 7.54522e-05 0.000733422 0.00487385 0.0221558 0.068935 0.146873 0.214367 0.214371 0.146893 0.069001 0.0223474 0.00535734 0.00179745 0.00212127 0.00345248 0.00511676 0.00674636 0.00800927 0.00873238 0.00896477 0.00887682 0.0085896 0.0080927 0.00730718 0.00620972
 1.00453e-16 7.45709e-05 0.000724855 0.00481692 0.021897 0.0681298 0.145158 0.211864 0.211873 0.1452 0.068269 0.0222987 0.00582461 0.00292239 0.00424145 0.00687664 0.00985853 0.0123133 0.0134075 0.0127616 0.0106784 0.00794987 0.00539721 0.0034984 0.00231401 0.00165072
 1.00436e-16 7.05903e-05 0.000686163 0.00455979 0.0207282 0.0644931 0.13741 0.200556 0.200569 0.137472 0.0647012 0.0213291 0.00606744 0.003975 0.00630969 0.0103009 0.0147881 0.0185025 0.0202017 0.01931 0.0162606 0.0122083 0.00835433 0.00540321 0.00346188 0.00228158
 1.01039e-16 6.30519e-05 0.000612887 0.00407285 0.0185146 0.0576059 0.122736 0.179141 0.179161 0.122833 0.0579316 0.0194551 0.00643337 0.00576476 0.00984383 0.0161643 0.0232553 0.0291908 0.0320478 0.0309296 0.0264909 0.0204862 0.0147241 0.0102407 0.00716914 0.00513142
 1.01496e-16 6.67744e-05 0.000649071 0.0043133 0.0196077 0.0610068 0.129982 0.189716 0.18973 0.130053 0.0612457 0.020298 0.00604701 0.00443671 0.00726875 0.0119331 0.0172343 0.0217761 0.0241764 0.023786 0.0210547 0.0171938 0.0134235 0.010401 0.00816319 0.00643718
 1.05044e-16 2.63818e-05 0.00025644 0.00170414 0.0077468 0.0241035 0.051357 0.0749685 0.0750235 0.0516254 0.0250046 0.0103498 0.00823856 0.0145229 0.0271259 0.0448156 0.0645846 0.0812738 0.0896256 0.087196 0.0757861 0.0601752 0.045227 0.0336353 0.0256108 0.0200166
 1.0642e-16 6.28051e-05 0.000610488 0.00405691 0.0184421 0.0573803 0.122255 0.178437 0.178445 0.122297 0.0575198 0.0188474 0.00508329 0.00288079 0.0044616 0.00750396 0.0113344 0.0153623 0.0189982 0.0219263 0.0241857 0.0259278 0.0270864 0.0272941 0.0261308 0.023471
 1.03182e-16 6.65548e-05 0.000646936 0.00429912 0.0195432 0.0608061 0.129554 0.189092 0.189106 0.129627 0.061048 0.0202417 0.00605227 0.00447372 0.00733358 0.0120178 0.0173071 0.0217756 0.0240284 0.0234485 0.0205748 0.0167442 0.0132843 0.0108772 0.00946593 0.00858595
 1.05494e-16 3.03748e-05 0.000295254 0.00196207 0.0089193 0.0277515 0.0591294 0.0863118 0.0863626 0.0593777 0.028585 0.0113269 0.00800609 0.0134913 0.0250973 0.0414563 0.0597469 0.0751942 0.0829372 0.0807182 0.0702077 0.0558336 0.0421055 0.0315258 0.0242915 0.0193366
 1.05506e-16 6.42983e-05 0.000625002 0.00415336 0.0188806 0.0587445 0.125162 0.182679 0.182688 0.125205 0.0588903 0.0193037 0.00522278 0.00298412 0.00461676 0.00771887 0.0115523 0.015445 0.0187314 0.0210685 0.0225503 0.0234652 0.0239239 0.0237139 0.0224935 0.020118
 1.03622e-16 6.18896e-05 0.000601589 0.00399777 0.0181733 0.056544 0.120474 0.175839 0.175858 0.120569 0.0568633 0.0190955 0.00631233 0.00565352 0.00965454 0.0158592 0.0228342 0.0287118 0.0316425 0.0308001 0.0268854 0.0216594 0.0168831 0.0134822 0.01142 0.0101251
 1.05962e-16 3.6955e-05 0.000359216 0.00238712 0.0108515 0.0337633 0.0719379 0.105004 0.105046 0.0721416 0.0344476 0.0128286 0.00735269 0.011208 0.0206668 0.0341756 0.0493847 0.0624284 0.0693723 0.068378 0.0607564 0.0499954 0.0395927 0.031408 0.0254924 0.0209847
 1.11656e-16 4.17736e-05 0.000406055 0.00269838 0.0122664 0.0381656 0.0813167 0.118689 0.118713 0.0814327 0.0385559 0.0133972 0.0055495 0.00667285 0.0120692 0.0202159 0.0298881 0.0392009 0.0462198 0.0500052 0.0510296 0.0505496 0.0495008 0.0478845 0.0450544 0.0404772
pSPR Fmed_Fpbrs
0.54347   0.213154 0.213154
Fs Fmed_Fpbrs
0.34   1.005 1.005
SSBpbr Bo_Bmed_Bpbrs
864672  426690  141075 141075
Ro
106671
SPR SPRFo_SPRFmed_SPRFpbrs
759337 412677 161856
Fref
1.005
Nvult_r0
 35011.7 15573.8 12040.7 2599.81 569.063
CTP_r0
 15499.8 7806.33 6035.34 1303.15 285.241
YTP_r0
448813
Np
 143655 23879.9 1353.92 517.82 454.255
Nvult_p0
 119775 20664.2 1171.6 448.09 393.085
CTP_p0
 53024.7 4361.06 1667.93 1289.53 337.926
 53024.7 10357.9 587.261 224.604 197.033
YTP_p0
 568354 608666
CBA_c0
484675
log_Ro
11.3975
likeval ReclasPelacesDesembMPH_pf_preclas_ppelaces_ptallas_desvR_qrecl_qpela
 26.2487 14.6171 0.0344023 28.7754 226.477 120.499 111.025 0 26.0978 3.05928e-05 8.01272e-05 0.0684336 0 0 0
q_reclas_q_pelaces
2.1863 3.54634
M
1
N
 153256 31581.6 54231.1 4270.51 0.172448
 92656.1 44463.5 8603.6 14773.9 1163.44
 84636.6 21930.9 9362.8 1811.68 3355.97
 129903 20130.9 4646.7 1983.78 1094.92
 100239 26621.8 3532.76 815.446 540.278
 201566 30427.8 7679.58 1019.09 391.085
 75564.2 54852.7 7644.32 1929.32 354.276
 28692.7 13135.2 7816.17 1089.27 325.399
 28158.8 9194.04 4057.63 2414.51 437.007
 37941.1 5814.68 1629.01 718.933 505.233
 84165.2 5502.21 658.811 184.569 138.7
 172290 26611.1 1671.2 200.102 98.187
 56293.2 40842.7 5614.52 352.596 62.9342
 28478.7 12265.6 7745.21 1064.71 78.7992
 82014.4 738.31 157.385 99.3822 14.6729
 268631 14902 111.267 23.7186 17.1886
 46792.5 51710.6 2415.94 18.0388 6.63197
 219940 9773.81 9295.86 434.306 4.43499
 335187 32867.2 1150.23 1093.99 51.6334
 331060 46638.4 3533.96 123.676 123.18
 296055 70715.1 8624.79 653.53 45.6507
 433216 73044 15693.7 1914.08 155.168
 62371.2 97215.7 14378 3089.13 407.31
 164977 16304.2 23211.7 3432.96 834.83
 258957 42623.3 3835.56 5460.56 1004
 57269.8 70207.1 10657.5 959.043 1616.39
 163599 16479.6 18928.5 2873.36 694.36
 188670 43723.1 4046.52 4647.83 876.045
 64021.2 53156.1 11477.4 1062.22 1450.03
 41992.1 17997.3 13914.4 3004.38 657.618
pred_Ctot
 20874.9 5307.96 9114.69 717.75 0.0289835
 21644.4 12570.3 2432.32 4176.72 328.916
 19588.7 6145.63 2623.71 507.682 940.431
 38121.6 7059.96 1629.61 695.716 383.989
 11254.9 3705.15 491.68 113.491 75.1943
 33983.7 6290.39 1587.61 210.679 80.8495
 26748.8 22896.2 3190.83 805.322 147.879
 2365.82 1350.01 803.327 111.952 33.4437
 8179.59 3193.66 1409.47 838.708 151.8
 15638.9 2788.3 781.153 344.748 242.273
 7570.18 616.022 73.7598 20.6641 15.5287
 40130 7502.41 471.157 56.4143 27.6816
 15133.9 13191.1 1813.33 113.879 20.326
 20145.6 9328.45 5890.53 809.753 59.9298
 27759.6 295.701 63.0345 39.8037 5.87665
 85268.2 5623.32 41.9869 8.95033 6.4862
 13380 17698.9 826.898 6.1741 2.26991
 88658.8 4593.38 4368.76 204.11 2.0843
 142246 16179.6 566.229 538.54 25.4177
 91688.6 15490.8 1173.8 41.0786 40.9138
 63658.4 18472.1 2252.96 170.715 11.9248
 111146 22572 4849.64 591.488 47.9498
 11731.7 22335.1 3303.31 709.722 93.5787
 31949.3 3852.39 5484.52 811.146 197.255
 44137.2 8904.7 801.311 1140.8 209.751
 8044.12 12158.1 1845.61 166.081 279.918
 29029.2 3579.28 4111.16 624.079 150.811
 28537.4 8136.68 753.041 864.942 163.028
 9755.74 9963.64 2151.34 199.104 271.795
 9595.51 4982.33 3852.02 831.723 182.053
F
 0.237438 0.300393 0.300393 0.300393 0.300393
 0.440996 0.557924 0.557924 0.557924 0.557924
 0.436109 0.551741 0.551741 0.551741 0.551741
 0.585054 0.740177 0.740177 0.740177 0.740177
 0.192204 0.243166 0.243166 0.243166 0.243166
 0.301463 0.381395 0.381395 0.381395 0.381395
 0.749684 0.948458 0.948458 0.948458 0.948458
 0.138087 0.1747 0.1747 0.1747 0.1747
 0.577472 0.730585 0.730585 0.730585 0.730585
 0.930886 1.1777 1.1777 1.1777 1.1777
 0.151452 0.191609 0.191609 0.191609 0.191609
 0.439454 0.555973 0.555973 0.555973 0.555973
 0.523777 0.662653 0.662653 0.662653 0.662653
 2.65255 3.35586 3.35586 3.35586 3.35586
 0.705402 0.892435 0.892435 0.892435 0.892435
 0.647677 0.819404 0.819404 0.819404 0.819404
 0.566017 0.716094 0.716094 0.716094 0.716094
 0.900879 1.13974 1.13974 1.13974 1.13974
 0.972265 1.23006 1.23006 1.23006 1.23006
 0.543641 0.687784 0.687784 0.687784 0.687784
 0.399482 0.505403 0.505403 0.505403 0.505403
 0.494304 0.625366 0.625366 0.625366 0.625366
 0.34168 0.432274 0.432274 0.432274 0.432274
 0.353404 0.447107 0.447107 0.447107 0.447107
 0.30521 0.386135 0.386135 0.386135 0.386135
 0.245651 0.310784 0.310784 0.310784 0.310784
 0.319541 0.404265 0.404265 0.404265 0.404265
 0.266765 0.337496 0.337496 0.337496 0.337496
 0.26899 0.340311 0.340311 0.340311 0.340311
 0.429478 0.543352 0.543352 0.543352 0.543352
YTP_r0W_actual
 113149 124121 159937 41309.7 10297.2
YTP_p0W_proyectada
 399806 76100.4 40147.1 40388.2 11911.9
 399806 180745 14135.4 7034.59 6945.4
CTP_r0_actual
 15499.8 7806.33 6035.34 1303.15 285.241
CTP_p0_proyectada
 53024.7 4361.06 1667.93 1289.53 337.926
 53024.7 10357.9 587.261 224.604 197.033
Wmedp
 7.54 17.45 24.07 31.32 35.25
Frms_r0
 0.794376 1.005 1.005 1.005 1.005
Zrms_r0
 1.79438 2.005 2.005 2.005 2.005
nmprior
 7.29 8.9 8.7 0
nm_flota  nm_reclas  nm_pelaces    nm_pelaL
inf 14.9807 9.90588 15.6701
cv_recla  cv_pelaces  cv_mph
0.47433 0.449878 0.227587
 ------------------------------------------------
Talla a la edad & desviaci?n 
 8 13.2811 15.8009 17.003 17.5766
 0.8 1.32811 1.58009 1.7003 1.75766
