years
 1991 1992 1993 1994 1995 1996 1997 1998 1999 2000 2001 2002 2003 2004 2005 2006 2007 2008 2009 2010 2011 2012 2013 2014 2015 2016 2017 2018 2019
reclasobs
 0 0 0 0 0 0 0 0 0 252601 567819 844713 477998 351125 339783 2.1784e+06 2.13404e+06 4.81314e+06 1.55562e+06 2.62356e+06 3.21686e+06 3.843e+06 1.13348e+06 3.07943e+06 1.97215e+06 2.03268e+06 2.025e+06 2.42433e+06 2.27542e+06
reclaspred
 4.66658e+06 2.52056e+06 1.21992e+06 1.50427e+06 1.7857e+06 3.61724e+06 2.12341e+06 1.55144e+06 890691 341420 642247 1.808e+06 1.55021e+06 238985 868203 1.71196e+06 1.46006e+06 1.95374e+06 2.32832e+06 2.86506e+06 5.18609e+06 2.90641e+06 1.42196e+06 1.53004e+06 1.63166e+06 1.30032e+06 1.99293e+06 1.72945e+06 1.22385e+06
pelacesobs
 0 0 0 0 0 0 0 0 0 0 0 0 0 0 0 552880 188675 0 991730 2.46772e+06 1.41603e+06 1.21717e+06 2.29649e+06 1.80582e+06 0 1.4828e+06 1.56532e+06 1.57751e+06 1.42118e+06
pelacespred
 3.39272e+06 1.8352e+06 827196 845440 1.27213e+06 2.57466e+06 1.39141e+06 1.35394e+06 662290 172254 438521 1.12027e+06 1.07124e+06 78796.7 547786 924272 835569 1.06677e+06 1.32744e+06 1.62575e+06 3.33972e+06 1.87629e+06 880362 948127 943265 808968 1.51372e+06 1.21186e+06 733960
mphobs
 0 0 0 0 0 0 0 0 0 0 0 0 498337 0 5186 125008 0 168611 109162 213762 579715 649985 157893 87575 83554 210694 70296 0 107559
mphpred
 748264 509321 225575 130912 200123 286327 472606 205796 172914 67948.7 21187.1 117714 268610 94516.7 6311.68 102616 213559 145135 158228 209942 439518 451466 204473 96739.4 133065 179672 106158 213730 191639
desembarqueobs
 494567 514787 250237 358949 120608 361735 552515 73892 212993 205616 52469 317467 293654 387597 252695 516296 358380 742168 942051 627588 828172 859565 418607 520667 417249 300574 415391 372974 316634
desembarquepred
 494554 514451 250383 358935 120608 361712 552473 73897.5 213072 205686 52469.4 317377 293817 387841 252564 516141 358315 741892 941075 627112 828178 859680 418488 520814 417081 300675 415331 372925 316410
Reclutas
 142313 97778.9 84278.6 130817 92587.6 196920 70552.3 24166.3 23291.8 31435.7 56208.4 170629 59210.2 34878 72411.6 215333 56694.7 211057 316881 289374 254099 243163 51696.2 99347.1 173629 33725.8 131198 87879.1 63125.1
log_desv_Rt
 0.416046 0.0407248 -0.107856 0.331814 -0.0138282 0.740816 -0.285629 -1.35702 -1.39388 -1.09404 -0.512917 0.597508 -0.46089 -0.990129 -0.259617 0.8302 -0.504304 0.810143 1.21654 1.12574 0.995739 0.951749 -0.596599 0.0566365 0.614939 -1.02372 0.334723 -0.0660217 -0.396865
SSB
 748264 509321 225575 130912 200123 286327 472606 205796 172914 67948.7 21187.1 117714 254567 90219.2 6063.23 98445 213559 145135 165965 217729 469365 524340 259160 115436 141070 209924 111957 213730 203667
BT
 1.28691e+06 968715 438027 583185 477430 1.22494e+06 841211 474541 404183 250937 222867 682787 569904 409686 493518 783199 525435 1.07604e+06 1.41561e+06 1.07269e+06 1.85553e+06 1.34608e+06 629486 879668 678800 488920 1.05394e+06 752233 471162
Ftot
 0.461284 0.853549 0.847991 0.908175 0.288998 0.404755 1.06625 0.210955 0.956744 1.98096 0.312488 0.67275 0.789931 3.6534 1.00801 1.07469 0.976337 1.33017 1.38683 0.821059 0.642561 1.13771 1.15462 1.20871 0.947207 0.945135 0.772941 0.830845 1.02915
BD_Bspro_t
 0.928852 0.568441 0.298996 0.21491 0.269782 0.394504 0.457457 0.244711 0.275598 0.158085 0.0750146 0.398874 0.420711 0.168399 0.016007 0.203895 0.254837 0.175241 0.166286 0.180002 0.263505 0.276822 0.179501 0.106388 0.147489 0.227486 0.162007 0.29434 0.275802
BD_Bspro
 1.12153 0.763391 0.338101 0.196216 0.299953 0.429158 0.708361 0.308455 0.25917 0.101844 0.0317561 0.176434 0.381555 0.135224 0.00908781 0.147553 0.320091 0.217534 0.248755 0.326341 0.703503 0.785902 0.388439 0.17302 0.211442 0.314642 0.167806 0.320347 0.305264
BD_Bo
 1.59512 1.08575 0.480874 0.279074 0.426616 0.610382 1.00749 0.438709 0.368612 0.144851 0.045166 0.250938 0.542678 0.192326 0.0129254 0.209862 0.455258 0.309394 0.353798 0.464148 1.00058 1.11777 0.552468 0.246083 0.300729 0.447508 0.238666 0.455622 0.434171
BD_Brms
 10.3773 7.06351 3.12838 1.81555 2.7754 3.97091 6.55432 2.85408 2.39805 0.942345 0.293833 1.63251 3.53046 1.2512 0.0840877 1.36528 2.96174 2.0128 2.30168 3.01957 6.50938 7.2718 3.59415 1.60092 1.95643 2.91132 1.55267 2.96411 2.82455
Sel_flota
 0.836495 1 1 1 1
 0.836495 1 1 1 1
 0.836495 1 1 1 1
 0.836495 1 1 1 1
 0.836495 1 1 1 1
 0.836495 1 1 1 1
 0.836495 1 1 1 1
 0.836495 1 1 1 1
 0.836495 1 1 1 1
 0.836495 1 1 1 1
 0.836495 1 1 1 1
 0.836495 1 1 1 1
 0.836495 1 1 1 1
 0.836495 1 1 1 1
 0.836495 1 1 1 1
 0.836495 1 1 1 1
 0.836495 1 1 1 1
 0.836495 1 1 1 1
 0.836495 1 1 1 1
 0.836495 1 1 1 1
 0.836495 1 1 1 1
 0.836495 1 1 1 1
 0.836495 1 1 1 1
 0.836495 1 1 1 1
 0.836495 1 1 1 1
 0.836495 1 1 1 1
 0.836495 1 1 1 1
 0.836495 1 1 1 1
 0.836495 1 1 1 1
Sel_reclas
 0.644905 1 1 1 1
 0.644905 1 1 1 1
 0.644905 1 1 1 1
 0.644905 1 1 1 1
 0.644905 1 1 1 1
 0.644905 1 1 1 1
 0.644905 1 1 1 1
 0.644905 1 1 1 1
 0.644905 1 1 1 1
 0.644905 1 1 1 1
 0.644905 1 1 1 1
 0.644905 1 1 1 1
 0.644905 1 1 1 1
 0.644905 1 1 1 1
 0.644905 1 1 1 1
 0.644905 1 1 1 1
 0.644905 1 1 1 1
 0.644905 1 1 1 1
 0.644905 1 1 1 1
 0.644905 1 1 1 1
 0.644905 1 1 1 1
 0.644905 1 1 1 1
 0.644905 1 1 1 1
 0.644905 1 1 1 1
 0.644905 1 1 1 1
 0.644905 1 1 1 1
 0.644905 1 1 1 1
 0.644905 1 1 1 1
 0.644905 1 1 1 1
Sel_pelaces
 0.5 1 1 1 1
 0.5 1 1 1 1
 0.5 1 1 1 1
 0.5 1 1 1 1
 0.5 1 1 1 1
 0.5 1 1 1 1
 0.5 1 1 1 1
 0.5 1 1 1 1
 0.5 1 1 1 1
 0.5 1 1 1 1
 0.5 1 1 1 1
 0.5 1 1 1 1
 0.5 1 1 1 1
 0.5 1 1 1 1
 0.5 1 1 1 1
 0.5 1 1 1 1
 0.5 1 1 1 1
 0.5 1 1 1 1
 0.5 1 1 1 1
 0.5 1 1 1 1
 0.5 1 1 1 1
 0.5 1 1 1 1
 0.5 1 1 1 1
 0.5 1 1 1 1
 0.5 1 1 1 1
 0.5 1 1 1 1
 0.5 1 1 1 1
 0.5 1 1 1 1
 0.5 1 1 1 1
pf_obs 
 0.8446 0.082 0.0669 0.0065 0
 0.8095 0.147 0.0364 0.0071 0
 0.9664 0.0169 0.016 0.0007 0
 0.9276 0.0648 0.0075 0.0001 0
 0.7033 0.2144 0.0806 0.0017 0
 0.9318 0.0425 0.0243 0.0014 0
 0.5671 0.3108 0.0964 0.0239 0.0018
 0.0768 0.2599 0.5324 0.112 0.0189
 0.490249 0.384438 0.106611 0.0170017 0.00170017
 0.7925 0.1577 0.0466 0.003 0.0002
 0.840416 0.127587 0.0312969 0.00059994 9.999e-05
 0.8084 0.0986 0.0794 0.0134 0.0002
 0.7335 0.1905 0.0724 0.0035 0.0001
 0.4001 0.4547 0.1325 0.0127 0
 0.49795 0.308269 0.164784 0.0264974 0.00249975
 0.9179 0.0499 0.0305 0.0017 0
 0.2467 0.6533 0.0926 0.0074 0
 0.9418 0.0223 0.034 0.0019 0
 0.707729 0.231977 0.0356964 0.0245975 0
 0.517169 0.277429 0.184464 0.0207286 0.00020938
 0.811772 0.124168 0.05621 0.00726502 0.000585176
 0.764997 0.148141 0.077277 0.00933861 0.000247198
 0.163321 0.427699 0.378323 0.0303852 0.000271297
 0.753843 0.0900009 0.118128 0.0371064 0.000921714
 0.721811 0.176058 0.0630433 0.0369309 0.00215725
 0.143369 0.312575 0.442814 0.0836902 0.0175525
 0.692698 0.0596174 0.167031 0.0765114 0.00414204
 0.394062 0.376323 0.152708 0.0712218 0.00568511
 0.125707 0.32114 0.495352 0.0537591 0.00404204
pf_pred 
 0.68039 0.144452 0.160883 0.0142739 8.35907e-07
 0.637265 0.263781 0.0447235 0.0498104 0.00441955
 0.745591 0.177243 0.0561159 0.00951431 0.0115367
 0.857072 0.113331 0.0206199 0.00652835 0.00244901
 0.756748 0.215887 0.0216987 0.00394793 0.00171883
 0.833611 0.131915 0.0305959 0.00307518 0.000803105
 0.511251 0.421208 0.053547 0.0124195 0.00157427
 0.52932 0.274709 0.16889 0.0214704 0.00561099
 0.615096 0.22266 0.0946925 0.0582164 0.00933498
 0.83599 0.111345 0.0304655 0.0129563 0.00924272
 0.950605 0.0436949 0.00386972 0.00105881 0.000771511
 0.8996 0.0963402 0.00359162 0.000318082 0.000150448
 0.571791 0.393895 0.0329261 0.00122751 0.000160129
 0.651808 0.2208 0.117184 0.00979553 0.000412822
 0.988094 0.00930251 0.00165103 0.000876242 7.63329e-05
 0.942998 0.0564904 0.000399593 7.09206e-05 4.09182e-05
 0.598169 0.384505 0.0171711 0.000121462 3.39951e-05
 0.93177 0.045287 0.0219533 0.000980383 8.87584e-06
 0.913937 0.0817363 0.00287158 0.00139202 6.27274e-05
 0.866893 0.124679 0.00800378 0.000281191 0.000142452
 0.786845 0.190679 0.0210537 0.00135154 7.15375e-05
 0.766007 0.193039 0.0366354 0.00404508 0.000273418
 0.521263 0.390481 0.0728095 0.013818 0.00162884
 0.879662 0.0717081 0.0396652 0.00739602 0.0015691
 0.91292 0.0791379 0.00473269 0.00261788 0.000591693
 0.48999 0.475677 0.0312019 0.00186597 0.00126545
 0.919497 0.0450293 0.0330858 0.00217026 0.000217807
 0.740932 0.242669 0.00917309 0.00674003 0.000486481
 0.732338 0.211068 0.0530119 0.0020039 0.00157866
pobs_RECLAS
 0 0 0 0 0
 0 0 0 0 0
 0 0 0 0 0
 0 0 0 0 0
 0 0 0 0 0
 0 0 0 0 0
 0 0 0 0 0
 0 0 0 0 0
 0 0 0 0 0
 0 0 0 0 0
 0.991045 0.00858322 0.000360255 1.14367e-05 0
 0.934742 0.0480273 0.0164251 0.00080598 0
 0.827803 0.169806 0.00239088 0 0
 0.941827 0.0461693 0.0120037 0 0
 0.791401 0.0380133 0.147996 0.0225897 0
 0.846168 0.0940531 0.0597789 0 0
 0.134021 0.677848 0.182769 0.00536245 0
 0.80878 0.0450904 0.141981 0.00414843 0
 0.846168 0.0940531 0.0597789 0 0
 0.905697 0.0802665 0.012482 0.00150086 5.37128e-05
 0.989698 0.0102097 9.19794e-05 0 0
 0.975433 0.0193895 0.00387452 0.00125025 5.28907e-05
 0.303575 0.632131 0.0575291 0.00676475 0
 0.966965 0.00978017 0.0227588 0.000495775 0
 0.843318 0.132988 0.00938335 0.0141283 0.000182051
 0.564624 0.303363 0.111486 0.0197234 0.00080311
 0.826376 0.0876187 0.0782897 0.00655872 0.00115652
 0.89761 0.0855135 0.0140674 0.00269457 0.000114338
 0.34875 0.467042 0.161289 0.0227151 0.000203297
ppred_RECLAS
 0.623424 0.170199 0.189558 0.016818 9.84897e-07
 0.580084 0.305364 0.0517737 0.0576625 0.00511624
 0.697338 0.210859 0.066759 0.0113188 0.0137248
 0.825285 0.138535 0.0252056 0.00798022 0.00299365
 0.706754 0.260257 0.0261583 0.00475933 0.00207209
 0.795541 0.162097 0.0375962 0.00377878 0.000986854
 0.453119 0.471307 0.0599158 0.0138966 0.00176152
 0.465218 0.312122 0.19189 0.0243944 0.00637514
 0.557697 0.255864 0.108813 0.0668978 0.010727
 0.807859 0.130443 0.0356911 0.0151786 0.0108281
 0.937172 0.0555778 0.00492209 0.00134675 0.000981324
 0.875107 0.119843 0.00446781 0.000395679 0.00018715
 0.511686 0.449184 0.0375478 0.0013998 0.000182605
 0.630895 0.234061 0.124222 0.0103839 0.000437616
 0.984985 0.0117318 0.00208219 0.00110507 9.62672e-05
 0.929117 0.070247 0.000496903 8.81913e-05 5.08827e-05
 0.540302 0.439877 0.0196439 0.000138954 3.88907e-05
 0.916168 0.0556433 0.0269735 0.00120458 1.09056e-05
 0.89494 0.0997787 0.00350545 0.0016993 7.65737e-05
 0.836489 0.153159 0.00983203 0.000345421 0.000174991
 0.742549 0.230303 0.0254289 0.0016324 8.64037e-05
 0.722214 0.229168 0.0434921 0.00480216 0.000324591
 0.463891 0.437276 0.0815351 0.015474 0.00182404
 0.8534 0.0873568 0.0483212 0.00901004 0.00191152
 0.892115 0.0980449 0.00586339 0.00324333 0.000733056
 0.431091 0.530611 0.0348053 0.00208147 0.00141159
 0.899583 0.0561682 0.0412703 0.00270711 0.000271686
 0.692044 0.288462 0.0109041 0.00801192 0.000578283
 0.683973 0.249206 0.0625907 0.00236599 0.00186391
pobs_PELACES
 0 0 0 0 0
 0 0 0 0 0
 0 0 0 0 0
 0 0 0 0 0
 0 0 0 0 0
 0 0 0 0 0
 0 0 0 0 0
 0 0 0 0 0
 0 0 0 0 0
 0 0 0 0 0
 0 0 0 0 0
 0 0 0 0 0
 0 0 0 0 0
 0 0 0 0 0
 0 0 0 0 0
 0 0 0 0 0
 0.505614 0.472636 0.0217494 0 0
 0 0 0 0 0
 0.443492 0.261883 0.143347 0.151278 0
 0.227955 0.32914 0.350689 0.0885471 0.00366901
 0.970185 0.0296113 0.000203453 0 0
 0.997202 0.00247181 0.000326279 0 0
 0.445219 0.490057 0.0546422 0.010081 0
 0.90214 0.0892962 0.00764917 0.000914606 0
 0 0 0 0 0
 0.581667 0.319106 0.0959925 0.00289975 0.000334073
 0.762889 0.0836404 0.116647 0.0363945 0.000428098
 0.88444 0.0763242 0.0277011 0.0115352 0
 0.521256 0.241999 0.230069 0.00667565 0
ppred_PELACES
 0.568198 0.195159 0.217357 0.0192844 1.12934e-06
 0.528638 0.342775 0.0581167 0.064727 0.00574306
 0.651563 0.24275 0.0768558 0.0130307 0.0158005
 0.793652 0.163618 0.0297692 0.00942508 0.00353567
 0.654927 0.306253 0.0307814 0.00560046 0.0024383
 0.7551 0.194159 0.0450325 0.0045262 0.00118205
 0.404913 0.512852 0.0651973 0.0151216 0.00191679
 0.405533 0.346957 0.213307 0.027117 0.00708666
 0.507237 0.285055 0.121227 0.0745298 0.0119508
 0.783902 0.146708 0.0401412 0.0170712 0.0121782
 0.921639 0.069318 0.00613895 0.0016797 0.00122393
 0.849245 0.144659 0.00539296 0.000477612 0.000225903
 0.458814 0.497819 0.0416133 0.00155137 0.000202377
 0.617439 0.242594 0.128751 0.0107624 0.000453571
 0.981719 0.0142833 0.00253503 0.0013454 0.000117204
 0.915033 0.0842047 0.000595635 0.000105714 6.09929e-05
 0.489937 0.48807 0.0217961 0.000154178 4.31516e-05
 0.901024 0.0656946 0.031846 0.00142217 1.28755e-05
 0.87681 0.116998 0.00411039 0.00199255 8.97882e-05
 0.805673 0.182023 0.011685 0.000410519 0.00020797
 0.698346 0.269845 0.0297948 0.00191268 0.000101239
 0.681866 0.262453 0.0498091 0.00549965 0.000371737
 0.416567 0.475876 0.0887325 0.0168399 0.00198505
 0.828104 0.102431 0.0566593 0.0105648 0.00224136
 0.870923 0.117304 0.00701516 0.00388042 0.000877052
 0.382039 0.57636 0.0378062 0.00226093 0.0015333
 0.878661 0.0678709 0.049869 0.00327114 0.000328292
 0.645663 0.331907 0.0125464 0.0092186 0.000665378
 0.639484 0.284288 0.071402 0.00269906 0.0021263
pobs_pel_tallas
 0 0 0 0 0 0 0 0 0 0 0 0 0 0 0 0 0 0 0 0 0 0 0 0 0 0
 0 0 0 0 0 0 0 0 0 0 0 0 0 0 0 0 0 0 0 0 0 0 0 0 0 0
 0 0 0 0 0 0 0 0 0 0 0 0 0 0 0 0 0 0 0 0 0 0 0 0 0 0
 0 0 0 0 0 0 0 0 0 0 0 0 0 0 0 0 0 0 0 0 0 0 0 0 0 0
 0 0 0 0 0 0 0 0 0 0 0 0 0 0 0 0 0 0 0 0 0 0 0 0 0 0
 0 0 0 0 0 0 0 0 0 0 0 0 0 0 0 0 0 0 0 0 0 0 0 0 0 0
 0 0 0 0 0 0 0 0 0 0 0 0 0 0 0 0 0 0 0 0 0 0 0 0 0 0
 0 0 0 0 0 0 0 0 0 0 0 0 0 0 0 0 0 0 0 0 0 0 0 0 0 0
 0 0 0 0 0 0 0 0 0 0 0 0 0 0 0 0 0 0 0 0 0 0 0 0 0 0
 0 0 0 0 0 0 0 0 0 0 0 0 0 0 0 0 0 0 0 0 0 0 0 0 0 0
 0 0 0 0 0 0 0 0 0 0 0 0 0 0 0 0 0 0 0 0 0 0 0 0 0 0
 0 0 0 0 0 0 0 0 0 0 0 0 0 0 0 0 0 0 0 0 0 0 0 0 0 0
 0.00862536 0 0 0.000197151 0.00414017 0.0128641 0.00837892 0.0270097 0.101434 0.158115 0.152841 0.127902 0.109271 0.109419 0.0830992 0.0579132 0.0238553 0.00714673 0.00463305 0.00128148 0.00103504 0.000492878 0.000147863 0.000147863 4.92878e-05 0
 0 0 0 0 0 0 0 0 0 0 0 0 0 0 0 0 0 0 0 0 0 0 0 0 0 0
 0 0 0 0 0 0 0 0.0054083 0.00873648 0.0413646 0.0450493 0.0745869 0.0622846 0.0627006 0.0613931 0.0827291 0.12552 0.122667 0.0946155 0.0697135 0.0546179 0.0294188 0.0215738 0.0213955 0.0102223 0.00600262
 0 0 0 0 0.00359764 0.0251062 0.0480494 0.140153 0.205849 0.193036 0.1447 0.116669 0.0760912 0.0342217 0.00950174 0.001854 0.000860785 0 0 0 0.000165536 0 0.000143464 0 0 0
 0 0 0 0 0 0 0 0.000145254 0.000435761 0.0275982 0.070085 0.0708112 0.156366 0.174668 0.174014 0.160142 0.0824315 0.0480064 0.0283245 0.00493863 0.00203355 0 0 0 0 0
 0 0 0 0 0 0 0 0 0 0 0 0 0 0 0 0 0 0 0 0 0 0 0 0 0 0
 0 0 1.00437e-05 0.000401748 0.00122533 0.00171747 0.00176769 0.0269171 0.070346 0.194647 0.189555 0.159765 0.064822 0.0314167 0.0384472 0.0292271 0.0345202 0.0313363 0.0194345 0.0106764 0.0143323 0.0359363 0.0279516 0.0138201 0.00172751 0
 0 0.0021121 0.0136068 0.0755702 0.200478 0.177729 0.0527432 0.0373336 0.0318909 0.0142505 0.0149659 0.0166563 0.0217959 0.0798694 0.0677717 0.0528807 0.04013 0.0224614 0.0357745 0.0225083 0.00881397 0.00855152 0.00135912 0.000746735 0 0
 0 0 0 0 5.4009e-05 0.00500934 0.000945158 0.0243581 0.138947 0.33067 0.221406 0.137944 0.0707744 0.0437923 0.0131692 0.00525238 0.0047753 0.00276346 9.45158e-05 9.00151e-06 2.25038e-05 9.00151e-06 4.50075e-06 0 0 0
 0.000866109 0.00284123 0.00948549 0.0512746 0.133035 0.25785 0.225252 0.132002 0.0553304 0.0519788 0.0540692 0.017754 0.00435017 0.00159236 0.00146478 0.000404838 0.000125132 0.000115318 0.000107957 0.000100596 0 0 0 0 0 0
 0 0 0 0 0.00144013 0.00171154 0.00461396 0.0210425 0.0478622 0.0707936 0.0888783 0.103762 0.0637923 0.0337046 0.0602308 0.124433 0.169614 0.0934646 0.0462172 0.0250306 0.0313229 0.00938855 0.002487 0.000210481 0 0
 0 0.00764035 0.051015 0.0998891 0.058973 0.0496711 0.0374665 0.0718981 0.12319 0.153886 0.159021 0.0857701 0.0377988 0.023471 0.0147837 0.00900784 0.00315554 0.000888139 0.00291439 0.00214683 0.00393193 0.00274676 0.000635225 9.99891e-05 0 0
 0 0 0 0 0 0 0 0 0 0 0 0 0 0 0 0 0 0 0 0 0 0 0 0 0 0
 0 0 0 0 0 0 0 0 0 0 0 0 0 0 0 0 0 0 0 0 0 0 0 0 0 0
 0 0 0 0 0 0 0 0 0 0 0 0 0 0 0 0 0 0 0 0 0 0 0 0 0 0
 0 0 0 0 0 0 0 0 0 0 0 0 0 0 0 0 0 0 0 0 0 0 0 0 0 0
 0 0 0 0 0 0 0 0 0 0 0 0 0 0 0 0 0 0 0 0 0 0 0 0 0 0
ppred_pel_tallas
 1.08257e-16 4.68017e-05 0.00045493 0.00302317 0.0137429 0.0427594 0.091104 0.132973 0.132992 0.0911975 0.0430742 0.014656 0.00532933 0.00553639 0.00983515 0.0165438 0.0246601 0.0327403 0.0392781 0.0434747 0.0455262 0.0461276 0.0456776 0.0439377 0.0403971 0.0349119
 1.09228e-16 4.35433e-05 0.000423256 0.00281269 0.0127861 0.0397824 0.0847619 0.123719 0.123753 0.0849236 0.0403252 0.0143543 0.00675108 0.00902759 0.0164057 0.0271108 0.0391944 0.0496139 0.0553178 0.0549582 0.0497048 0.0424193 0.0358588 0.0313086 0.028454 0.0261901
 1.06261e-16 5.36684e-05 0.000521676 0.00346672 0.0157592 0.049033 0.104471 0.152483 0.152507 0.104585 0.0494183 0.0168731 0.00626616 0.00664429 0.0117153 0.0193714 0.0281084 0.0357871 0.040256 0.0405203 0.0372999 0.0324612 0.0278045 0.0241761 0.0214307 0.0189872
 1.02445e-16 6.53721e-05 0.00063544 0.00422272 0.0191959 0.0597257 0.127252 0.185732 0.185748 0.12733 0.0599846 0.0199441 0.00610142 0.00473868 0.00786421 0.0129137 0.0186344 0.0235147 0.0260596 0.025582 0.0226023 0.0184763 0.0145615 0.0115755 0.00951947 0.00802091
 1.01941e-16 5.39455e-05 0.00052437 0.00348462 0.0158406 0.0492862 0.105011 0.153272 0.153302 0.105155 0.04977 0.0172379 0.00699085 0.00817503 0.0145738 0.0239811 0.034477 0.0432212 0.0473537 0.0455519 0.0388182 0.0298072 0.0212556 0.0147313 0.0104201 0.0077064
 1.02004e-16 6.21966e-05 0.000604573 0.0040176 0.0182635 0.0568245 0.121071 0.176711 0.17673 0.121163 0.0571321 0.0191522 0.00624965 0.00548124 0.00933572 0.015366 0.0221994 0.0280601 0.0311717 0.0306987 0.0272174 0.0222819 0.017456 0.0135807 0.0107013 0.00846894
 1.03854e-16 3.33522e-05 0.000324195 0.0021544 0.0097936 0.0304718 0.0649252 0.0947706 0.09482 0.0651666 0.0312825 0.0121351 0.0080312 0.0131512 0.0243879 0.0402488 0.0579368 0.0727713 0.0799933 0.0773963 0.0666312 0.052071 0.0381936 0.0275203 0.0202968 0.0154931
 1.10164e-16 3.34033e-05 0.000324692 0.00215769 0.00980858 0.0305183 0.0650237 0.0949111 0.0949448 0.0651885 0.0310724 0.0114123 0.00619566 0.009181 0.0169744 0.0283253 0.0415364 0.0537662 0.0620841 0.0650588 0.0634512 0.0593807 0.0547163 0.0500641 0.0449797 0.0388907
 1.13068e-16 4.17805e-05 0.000406122 0.00269882 0.0122685 0.0381719 0.0813303 0.11871 0.118737 0.0814654 0.0386258 0.0135815 0.00600231 0.00764307 0.0138618 0.0230515 0.0336827 0.0433874 0.0497853 0.0518208 0.050347 0.0473917 0.0447134 0.0428187 0.0410515 0.0384057
 1.04969e-16 6.4569e-05 0.000627633 0.00417085 0.0189601 0.0589919 0.125689 0.18345 0.183464 0.125758 0.0592246 0.0196328 0.00586146 0.0043245 0.00710428 0.0116925 0.016957 0.0215826 0.0242796 0.0244715 0.0226298 0.0199198 0.0174474 0.0157022 0.0145267 0.0134674
 1.00571e-16 7.59142e-05 0.000737913 0.00490369 0.0222915 0.0693571 0.147773 0.21568 0.215687 0.147806 0.0694666 0.0226077 0.00569708 0.00246897 0.00336083 0.00542899 0.007797 0.00977084 0.0107 0.0102873 0.0087638 0.00673591 0.00482736 0.0033936 0.00247136 0.00191088
 1.00279e-16 6.99512e-05 0.000679951 0.00451851 0.0205405 0.0639092 0.136166 0.198741 0.198755 0.136234 0.0641374 0.0211994 0.00617117 0.00428363 0.00690198 0.011268 0.0161508 0.0201529 0.0219015 0.0207645 0.0172311 0.0125992 0.0082275 0.00492492 0.00282554 0.00164658
 1.01518e-16 3.7792e-05 0.000367352 0.00244118 0.0110973 0.0345281 0.0735674 0.107384 0.107432 0.0738016 0.0353142 0.0133673 0.0081367 0.0127923 0.0236098 0.0389054 0.0558828 0.0699358 0.0763857 0.0730575 0.0615789 0.0462999 0.0317438 0.0205622 0.0131601 0.00861104
 1.04934e-16 5.08577e-05 0.000494355 0.00328516 0.0149339 0.046465 0.0989994 0.144497 0.144521 0.0991144 0.0468516 0.0160526 0.00610026 0.00666283 0.0118333 0.0196576 0.0287185 0.0369551 0.0422638 0.0436145 0.0415627 0.0376839 0.0334409 0.0294355 0.0255018 0.0213036
 1.00232e-16 8.08629e-05 0.000786016 0.00522335 0.0237446 0.0738783 0.157406 0.229738 0.22974 0.157412 0.0739009 0.0238099 0.00538737 0.00114427 0.000761829 0.00113303 0.00162805 0.00205524 0.0022801 0.00224309 0.00199016 0.00163967 0.00130922 0.00105953 0.000888175 0.000760354
 1.0006e-16 7.53701e-05 0.000732624 0.00486854 0.0221317 0.06886 0.146714 0.214135 0.214143 0.146753 0.0689927 0.0225149 0.00582962 0.00282764 0.00404533 0.0065452 0.00936666 0.0116637 0.0126309 0.0118996 0.00975993 0.0069802 0.00436843 0.00241156 0.00119608 0.000554782
 1.00777e-16 4.03556e-05 0.000392271 0.00260678 0.0118501 0.0368702 0.0785576 0.114667 0.114714 0.078787 0.0376403 0.0140734 0.00818385 0.012554 0.0230992 0.0380224 0.0545297 0.068066 0.0740135 0.0702351 0.0583686 0.0427741 0.0280153 0.0168107 0.00961904 0.00550955
 1.01081e-16 7.42162e-05 0.000721408 0.00479401 0.0217929 0.0678058 0.144468 0.210856 0.210862 0.144499 0.0679104 0.0220954 0.00555512 0.00238831 0.00325567 0.00530553 0.00772963 0.00991399 0.0112779 0.0115387 0.010851 0.00965656 0.00837508 0.00719581 0.00609373 0.0049844
 1.00364e-16 7.22217e-05 0.00070202 0.00466517 0.0212072 0.0659835 0.140585 0.205191 0.205202 0.14064 0.0661681 0.0217401 0.00600187 0.00361681 0.00559843 0.00911612 0.0130667 0.0163091 0.0177345 0.0168348 0.0140086 0.0103068 0.00682595 0.00421314 0.00256598 0.00164428
 1.00461e-16 6.63623e-05 0.000645065 0.00428668 0.0194867 0.0606303 0.12918 0.188546 0.188563 0.129266 0.0609176 0.0203163 0.00636794 0.0051845 0.00867586 0.014207 0.0203862 0.0254807 0.0277714 0.0264627 0.022158 0.0164658 0.0110638 0.00694258 0.00425986 0.00267057
 1.01138e-16 5.75219e-05 0.000559133 0.00371564 0.0168908 0.0525536 0.111972 0.163432 0.163458 0.112099 0.05298 0.0181221 0.0068056 0.0073018 0.0128549 0.0211387 0.0303927 0.0381048 0.0417494 0.0401503 0.0341742 0.0261429 0.0184578 0.0125079 0.00848569 0.00589398
 1.02119e-16 5.61645e-05 0.000545939 0.00362796 0.0164922 0.0513134 0.10933 0.159575 0.1596 0.109453 0.0517288 0.0176922 0.00664104 0.00712625 0.0125612 0.0206971 0.0298544 0.0376325 0.0416125 0.0406604 0.0355769 0.0285161 0.0216668 0.0162373 0.0123309 0.00947146
 1.04708e-16 3.43121e-05 0.000333526 0.0022164 0.0100755 0.0313488 0.0667935 0.0974968 0.0975427 0.0670178 0.032102 0.0122514 0.00767983 0.0122654 0.0227101 0.0375289 0.0541478 0.0682757 0.0755437 0.0739129 0.0648537 0.0522825 0.0401607 0.0306468 0.0238718 0.0189075
 1.03101e-16 6.82098e-05 0.000663024 0.00440603 0.0200292 0.0623182 0.132776 0.193792 0.193802 0.132825 0.0624816 0.020502 0.00559614 0.00327194 0.00505502 0.00833261 0.0121921 0.01574 0.0181035 0.0188651 0.0182688 0.0169724 0.0155631 0.014242 0.0128743 0.0112595
 1.00771e-16 7.17368e-05 0.000697307 0.00463385 0.0210648 0.0655406 0.139642 0.203813 0.203825 0.139697 0.0657258 0.0215995 0.0059753 0.00362335 0.00562197 0.00916285 0.0131509 0.016451 0.0179608 0.0171766 0.0144964 0.010961 0.00764566 0.00516953 0.00360358 0.00269127
 1.01725e-16 3.14682e-05 0.000305882 0.0020327 0.00924038 0.0287506 0.0612581 0.0894197 0.0894752 0.0615292 0.0296604 0.0118674 0.00862322 0.0146808 0.027296 0.0449808 0.0645684 0.0807192 0.0880048 0.0839103 0.0703485 0.0524103 0.0353999 0.0224413 0.0140189 0.00902663
 1.01841e-16 7.23741e-05 0.000703502 0.00467502 0.021252 0.0661228 0.140882 0.205623 0.205629 0.140914 0.0662314 0.0215665 0.00546757 0.00244351 0.00340577 0.00559071 0.0082201 0.0106964 0.0124487 0.0131908 0.0130463 0.0123869 0.0115296 0.0105598 0.00939138 0.00795114
 1.01485e-16 5.31825e-05 0.000516952 0.00343533 0.0156165 0.048589 0.103525 0.151105 0.151137 0.103681 0.0491128 0.0171285 0.00722803 0.0087878 0.0157357 0.0258639 0.0370984 0.0463297 0.0504304 0.0479679 0.0400777 0.0297382 0.0200444 0.0128063 0.00826885 0.00572237
 1.02764e-16 5.26735e-05 0.000512005 0.00340246 0.0154671 0.048124 0.102534 0.149658 0.149685 0.102668 0.0485745 0.0167689 0.00667223 0.00765696 0.0136425 0.0225227 0.032559 0.0411867 0.0458088 0.0451951 0.040171 0.0329848 0.0259006 0.0201378 0.0157759 0.0123388
pSPR Fmed_Fpbrs
0.535089   0.203713 0.203713
Fs Fmed_Fpbrs
0.34   1.005 1.005
SSBpbr Bo_Bmed_Bpbrs
469094  227552  72106 72106
Ro
93876.8
SPR SPRFo_SPRFmed_SPRFpbrs
667182 357002 135914
Fref
1.005
Nvult_r0
 53106.5 13961.9 3506.67 132.555 104.426
CTP_r0
 24254.9 6998.35 1757.71 66.4429 52.3434
YTP_r0
311409
Np
 125721 19953.1 1322.13 285.594 81.3891
Nvult_p0
 105768 17266.2 1144.09 247.136 70.4292
CTP_p0
 48306.3 4258.65 919.916 231.046 9.88179
 48306.3 8654.64 573.471 123.876 35.3024
YTP_p0
 468270 534181
CBA_c0
358467
log_Ro
11.2697
likeval ReclasPelacesDesembMPH_pf_preclas_ppelaces_ptallas_desvR_qrecl_qpela
 32.5775 32.6109 0.0249873 36.705 231.899 114.861 103.617 0 22.3505 0.000133821 0.000267913 0.0247776 0 0 0
q_reclas_q_pelaces
5.13448 10.1228
M
1
N
 142313 26019.1 28978.5 2571.04 0.150565
 97778.9 35593.7 6034.82 6721.23 596.357
 84278.6 17614.4 5576.82 945.536 1146.52
 130817 15253.2 2775.21 878.646 329.61
 92587.6 22513.5 2262.82 411.706 179.246
 196920 26746.7 6203.52 623.513 162.835
 70552.3 51636.3 6564.36 1522.51 192.991
 24166.3 10638.1 6540.22 831.438 217.285
 23291.8 7452.11 3169.22 1948.41 312.428
 31435.7 3848.92 1053.12 447.867 319.497
 56208.4 2205.33 195.309 53.4391 38.939
 170629 15921.5 593.564 52.5673 24.8635
 59210.2 35756.8 2988.95 111.43 14.5361
 34878 11249.5 5970.37 499.07 21.0327
 72411.6 603.99 107.197 56.8923 4.95612
 215333 11463.6 81.0891 14.3919 8.30351
 56694.7 32240.1 1439.77 10.1844 2.85044
 211057 9216.35 4467.71 199.518 1.80632
 316881 25519.7 896.563 434.617 19.5847
 289374 36541.7 2345.79 82.413 41.7507
 254099 53565.7 5914.44 379.677 20.0964
 243163 54610.4 10364.1 1144.35 77.3497
 51696.2 34537.3 6439.88 1222.18 144.068
 99347.1 7239.52 4004.53 746.689 158.413
 173629 13297 795.201 439.864 99.418
 33725.8 28921.6 1897.11 113.453 76.9405
 131198 5627.49 4134.87 271.225 27.2202
 87879.1 25283.3 955.733 702.236 50.6858
 63125.1 16134.6 4052.36 153.183 120.677
pred_Ctot
 29713.6 6308.44 7025.97 623.359 0.0365053
 33393.8 13822.6 2343.59 2610.15 231.592
 28644.1 6809.3 2155.86 365.52 443.216
 46756.3 6182.62 1124.89 356.144 133.602
 12818 3656.76 367.539 66.8713 29.114
 36747.7 5815.17 1348.75 135.562 35.403
 28245.7 23271 2958.37 686.154 86.9758
 2507.04 1301.12 799.917 101.691 26.5755
 8643.16 3128.77 1330.59 818.041 131.173
 18229.4 2427.96 664.323 282.522 201.544
 8348.51 383.743 33.9851 9.29878 6.77565
 48567.9 5201.25 193.906 17.1727 8.12243
 19082.2 13145.3 1098.83 40.9651 5.34393
 25823.9 8747.83 4642.69 388.088 16.3555
 27881.5 262.493 46.5878 24.7253 2.15392
 86675.8 5192.32 36.7286 6.51867 3.761
 21344 13720 612.702 4.33404 1.21302
 97716.1 4749.32 2302.27 102.814 0.930822
 150557 13464.8 473.048 229.314 10.3334
 96013.1 13808.9 886.461 31.1434 15.7773
 69739.7 16900.2 1866.03 119.79 6.34051
 101731 25636.8 4865.43 537.215 36.3118
 21842 16361.9 3050.87 579.002 68.2515
 43262.2 3526.64 1950.75 363.74 77.1689
 63970.7 5545.4 331.632 183.442 41.4615
 12406.2 12043.8 790.011 47.2451 32.0403
 41589.8 2036.73 1496.51 98.1631 9.85164
 29417.3 9634.7 364.2 267.6 19.3148
 24660.8 7107.51 1785.12 67.4793 53.1599
F
 0.385862 0.461284 0.461284 0.461284 0.461284
 0.713989 0.853549 0.853549 0.853549 0.853549
 0.70934 0.847991 0.847991 0.847991 0.847991
 0.759683 0.908175 0.908175 0.908175 0.908175
 0.241745 0.288998 0.288998 0.288998 0.288998
 0.338575 0.404755 0.404755 0.404755 0.404755
 0.891916 1.06625 1.06625 1.06625 1.06625
 0.176463 0.210955 0.210955 0.210955 0.210955
 0.800311 0.956744 0.956744 0.956744 0.956744
 1.65707 1.98096 1.98096 1.98096 1.98096
 0.261394 0.312488 0.312488 0.312488 0.312488
 0.562752 0.67275 0.67275 0.67275 0.67275
 0.660773 0.789931 0.789931 0.789931 0.789931
 3.05605 3.6534 3.6534 3.6534 3.6534
 0.843194 1.00801 1.00801 1.00801 1.00801
 0.898971 1.07469 1.07469 1.07469 1.07469
 0.816701 0.976337 0.976337 0.976337 0.976337
 1.11268 1.33017 1.33017 1.33017 1.33017
 1.16007 1.38683 1.38683 1.38683 1.38683
 0.686811 0.821059 0.821059 0.821059 0.821059
 0.537499 0.642561 0.642561 0.642561 0.642561
 0.951692 1.13771 1.13771 1.13771 1.13771
 0.96583 1.15462 1.15462 1.15462 1.15462
 1.01108 1.20871 1.20871 1.20871 1.20871
 0.792334 0.947207 0.947207 0.947207 0.947207
 0.7906 0.945135 0.945135 0.945135 0.945135
 0.646561 0.772941 0.772941 0.772941 0.772941
 0.694998 0.830845 0.830845 0.830845 0.830845
 0.860877 1.02915 1.02915 1.02915 1.02915
YTP_r0W_actual
 126126 143466 38142.3 1926.85 1748.27
YTP_p0W_proyectada
 364230 74313.5 22142.4 7236.37 348.333
 364230 151023 13803.5 3879.8 1244.41
CTP_r0_actual
 24254.9 6998.35 1757.71 66.4429 52.3434
CTP_p0_proyectada
 48306.3 4258.65 919.916 231.046 9.88179
 48306.3 8654.64 573.471 123.876 35.3024
Wmedp
 7.54 17.45 24.07 31.32 35.25
Frms_r0
 0.840677 1.005 1.005 1.005 1.005
Zrms_r0
 1.84068 2.005 2.005 2.005 2.005
nmprior
 7.29 8.9 8.7 0
nm_flota  nm_reclas  nm_pelaces    nm_pelaL
inf 7.83236 10.3296 13.0465
cv_recla  cv_pelaces  cv_mph
0.541477 0.699402 0.262339
 ------------------------------------------------
Talla a la edad & desviaci?n 
 8 13.2811 15.8009 17.003 17.5766
 0.8 1.32811 1.58009 1.7003 1.75766
