years
 1991 1992 1993 1994 1995 1996 1997 1998 1999 2000 2001 2002 2003 2004 2005 2006 2007 2008 2009 2010 2011 2012 2013 2014 2015 2016 2017 2018 2019
reclasobs
 0 0 0 0 0 0 0 0 0 252601 567819 844713 477998 351125 339783 2.1784e+06 2.13404e+06 4.81314e+06 1.55562e+06 2.62356e+06 3.21686e+06 3.843e+06 1.13348e+06 3.07943e+06 1.97215e+06 2.03268e+06 2.025e+06 2.42433e+06 2.27542e+06
reclaspred
 3.67195e+06 1.98007e+06 986003 1.14626e+06 1.20495e+06 2.40272e+06 1.25321e+06 1.01298e+06 659533 362268 689558 1.38261e+06 975926 158711 708832 1.54523e+06 1.06468e+06 1.47999e+06 1.75149e+06 2.18805e+06 3.78141e+06 3.16155e+06 2.05861e+06 2.7155e+06 2.5171e+06 2.09551e+06 2.45543e+06 2.38606e+06 1.6684e+06
pelacesobs
 0 0 0 0 0 0 0 0 0 0 0 0 0 0 0 552880 188675 0 991730 2.46772e+06 1.41603e+06 1.21717e+06 2.29649e+06 1.80582e+06 0 1.4828e+06 1.56532e+06 1.57751e+06 1.42118e+06
pelacespred
 2.37986e+06 1.35665e+06 638792 565850 701728 1.39205e+06 680525 740287 419469 186861 394915 714049 572929 47069.3 366024 694530 537019 692027 826638 991244 2.03934e+06 1.78545e+06 1.30546e+06 1.72749e+06 1.508e+06 1.35937e+06 1.7402e+06 1.51923e+06 1.05279e+06
mphobs
 0 0 0 0 0 0 0 0 0 0 0 0 498337 0 5186 125008 0 168611 109162 213762 579715 649985 157893 87575 83554 210694 70296 0 107559
mphpred
 1.01598e+06 685264 317864 177204 217809 287943 441761 209714 184118 93948 44758 164303 280607 99976.5 6757.91 107539 280363 171779 169748 245696 531674 616601 127461 88780.9 113647 123999 93759.4 101377 123099
desembarqueobs
 494567 514787 250237 358949 120608 361735 552515 73892 212993 205616 52469 317467 293654 387597 252695 516296 358380 742168 942051 627588 828172 859565 418607 520667 417249 300574 415391 372974 316634
desembarquepred
 494564 514238 250489 358958 120611 361723 552496 73897.3 213062 205676 52469.3 317397 293843 388107 252596 516169 358431 742113 941223 627225 828222 859390 418634 520761 417109 300643 415393 372909 316587
Reclutas
 151964 93889.6 83698.7 130948 99560.8 201065 75432.7 28072.2 27407.7 36623.9 78898.9 171004 56925.1 29831.2 78956.5 261299 46618.7 216850 328416 319242 285025 423660 60182.3 157296 249496 54842.2 158919 154990 55059
log_desv_Rt
 0.351022 -0.130499 -0.245396 0.202182 -0.0718503 0.631009 -0.349378 -1.33784 -1.36179 -1.07192 -0.304452 0.469066 -0.630882 -1.27707 -0.303722 0.893045 -0.830617 0.706588 1.12166 1.09333 0.979959 1.37631 -0.57524 0.385511 0.846823 -0.668158 0.395773 0.37074 -0.664213
SSB
 1.2089e+06 815385 378221 210852 259168 342619 525645 249535 219079 111787 53256.9 195502 317454 113837 7739.67 123345 333600 204398 211322 267259 594188 727686 703698 469452 557102 648308 459797 476396 603852
BT
 1.85672e+06 1.32291e+06 620772 684819 565196 1.3118e+06 914537 562305 487029 324853 340697 781386 637536 418188 539516 949360 632960 1.1784e+06 1.51855e+06 1.21353e+06 2.15598e+06 2.00734e+06 1.19649e+06 1.72693e+06 1.39649e+06 1.13156e+06 1.67377e+06 1.41665e+06 924401
Ftot
 0.315066 0.584265 0.578033 0.747662 0.244986 0.377635 0.952603 0.176775 0.746175 1.24286 0.201995 0.568606 0.682607 3.40253 0.910603 0.836038 0.756053 1.17159 1.26071 0.713765 0.532966 0.654293 0.464855 0.474859 0.408331 0.333624 0.42164 0.391556 0.431051
BD_Bspro_t
 0.950839 0.678029 0.425879 0.323037 0.342342 0.457692 0.494925 0.285801 0.329298 0.237607 0.167801 0.51836 0.477382 0.20319 0.0208182 0.246999 0.345459 0.22947 0.203366 0.213066 0.312505 0.352146 0.367493 0.313456 0.392799 0.479046 0.4471 0.492098 0.533846
BD_Bspro
 1.59005 1.07247 0.49747 0.277331 0.34088 0.450643 0.691375 0.328211 0.288152 0.147033 0.0700482 0.257141 0.417544 0.149728 0.0101799 0.162235 0.43878 0.268842 0.27795 0.351523 0.781529 0.957117 0.925566 0.617464 0.73275 0.852713 0.604767 0.626599 0.794239
BD_Bo
 1.50395 1.01439 0.470531 0.262313 0.32242 0.426239 0.653935 0.310438 0.272548 0.13907 0.0662549 0.243216 0.394933 0.14162 0.00962863 0.153449 0.415018 0.254284 0.262898 0.332487 0.739207 0.905286 0.875443 0.584027 0.693069 0.806536 0.572016 0.592666 0.751229
BD_Brms
 2.73445 1.84434 0.855511 0.476932 0.586219 0.77498 1.18897 0.564432 0.495542 0.252855 0.120463 0.442211 0.718059 0.257491 0.0175066 0.278998 0.754579 0.462334 0.477996 0.604521 1.34401 1.64597 1.59172 1.06187 1.26013 1.46643 1.04003 1.07758 1.36587
Sel_flota
 0.817314 1 1 1 1
 0.817314 1 1 1 1
 0.817314 1 1 1 1
 0.817314 1 1 1 1
 0.817314 1 1 1 1
 0.817314 1 1 1 1
 0.817314 1 1 1 1
 0.817314 1 1 1 1
 0.817314 1 1 1 1
 0.817314 1 1 1 1
 0.817314 1 1 1 1
 0.817314 1 1 1 1
 0.817314 1 1 1 1
 0.817314 1 1 1 1
 0.817314 1 1 1 1
 0.817314 1 1 1 1
 0.817314 1 1 1 1
 0.817314 1 1 1 1
 0.817314 1 1 1 1
 0.817314 1 1 1 1
 0.817314 1 1 1 1
 0.817314 1 1 1 1
 0.817314 1 1 1 1
 0.817314 1 1 1 1
 0.817314 1 1 1 1
 0.817314 1 1 1 1
 0.817314 1 1 1 1
 0.817314 1 1 1 1
 0.817314 1 1 1 1
Sel_reclas
 1 1 1 1 1
 1 1 1 1 1
 1 1 1 1 1
 1 1 1 1 1
 1 1 1 1 1
 1 1 1 1 1
 1 1 1 1 1
 1 1 1 1 1
 1 1 1 1 1
 1 1 1 1 1
 1 1 1 1 1
 1 1 1 1 1
 1 1 1 1 1
 1 1 1 1 1
 1 1 1 1 1
 1 1 1 1 1
 1 1 1 1 1
 1 1 1 1 1
 1 1 1 1 1
 1 1 1 1 1
 1 1 1 1 1
 1 1 1 1 1
 1 1 1 1 1
 1 1 1 1 1
 1 1 1 1 1
 1 1 1 1 1
 1 1 1 1 1
 1 1 1 1 1
 1 1 1 1 1
Sel_pelaces
 0.696275 0.920237 0.983069 0.996589 0.99932
 0.696275 0.920237 0.983069 0.996589 0.99932
 0.696275 0.920237 0.983069 0.996589 0.99932
 0.696275 0.920237 0.983069 0.996589 0.99932
 0.696275 0.920237 0.983069 0.996589 0.99932
 0.696275 0.920237 0.983069 0.996589 0.99932
 0.696275 0.920237 0.983069 0.996589 0.99932
 0.696275 0.920237 0.983069 0.996589 0.99932
 0.696275 0.920237 0.983069 0.996589 0.99932
 0.696275 0.920237 0.983069 0.996589 0.99932
 0.696275 0.920237 0.983069 0.996589 0.99932
 0.696275 0.920237 0.983069 0.996589 0.99932
 0.696275 0.920237 0.983069 0.996589 0.99932
 0.696275 0.920237 0.983069 0.996589 0.99932
 0.696275 0.920237 0.983069 0.996589 0.99932
 0.696275 0.920237 0.983069 0.996589 0.99932
 0.696275 0.920237 0.983069 0.996589 0.99932
 0.696275 0.920237 0.983069 0.996589 0.99932
 0.696275 0.920237 0.983069 0.996589 0.99932
 0.696275 0.920237 0.983069 0.996589 0.99932
 0.696275 0.920237 0.983069 0.996589 0.99932
 0.696275 0.920237 0.983069 0.996589 0.99932
 0.696275 0.920237 0.983069 0.996589 0.99932
 0.696275 0.920237 0.983069 0.996589 0.99932
 0.696275 0.920237 0.983069 0.996589 0.99932
 0.696275 0.920237 0.983069 0.996589 0.99932
 0.696275 0.920237 0.983069 0.996589 0.99932
 0.696275 0.920237 0.983069 0.996589 0.99932
 0.696275 0.920237 0.983069 0.996589 0.99932
pf_obs 
 0.8446 0.082 0.0669 0.0065 0
 0.8095 0.147 0.0364 0.0071 0
 0.9664 0.0169 0.016 0.0007 0
 0.9276 0.0648 0.0075 0.0001 0
 0.7033 0.2144 0.0806 0.0017 0
 0.9318 0.0425 0.0243 0.0014 0
 0.5671 0.3108 0.0964 0.0239 0.0018
 0.0768 0.2599 0.5324 0.112 0.0189
 0.490249 0.384438 0.106611 0.0170017 0.00170017
 0.7925 0.1577 0.0466 0.003 0.0002
 0.840416 0.127587 0.0312969 0.00059994 9.999e-05
 0.8084 0.0986 0.0794 0.0134 0.0002
 0.7335 0.1905 0.0724 0.0035 0.0001
 0.4001 0.4547 0.1325 0.0127 0
 0.49795 0.308269 0.164784 0.0264974 0.00249975
 0.9179 0.0499 0.0305 0.0017 0
 0.2467 0.6533 0.0926 0.0074 0
 0.9418 0.0223 0.034 0.0019 0
 0.707729 0.231977 0.0356964 0.0245975 0
 0.517169 0.277429 0.184464 0.0207286 0.00020938
 0.811772 0.124168 0.05621 0.00726502 0.000585176
 0.764997 0.148141 0.077277 0.00933861 0.000247198
 0.163321 0.427699 0.378323 0.0303852 0.000271297
 0.753843 0.0900009 0.118128 0.0371064 0.000921714
 0.721811 0.176058 0.0630433 0.0369309 0.00215725
 0.143369 0.312575 0.442814 0.0836902 0.0175525
 0.692698 0.0596174 0.167031 0.0765114 0.00414204
 0.394062 0.376323 0.152708 0.0712218 0.00568511
 0.125707 0.32114 0.495352 0.0537591 0.00404204
pf_pred 
 0.598281 0.146759 0.236137 0.0188222 8.12955e-07
 0.547165 0.295965 0.057309 0.0922108 0.00735032
 0.670492 0.201793 0.0834725 0.0161632 0.0280797
 0.809851 0.138179 0.031827 0.0131654 0.00697806
 0.729311 0.23018 0.0294373 0.00678037 0.00429132
 0.812996 0.144369 0.0362549 0.00463657 0.00174387
 0.505549 0.418931 0.0583015 0.0146411 0.00257666
 0.515622 0.282562 0.170991 0.0237964 0.0070276
 0.600439 0.227906 0.100135 0.0605964 0.0109235
 0.797264 0.135259 0.0384881 0.0169106 0.0120781
 0.919237 0.0685187 0.00816879 0.00232444 0.00175073
 0.846613 0.14332 0.00854119 0.00101828 0.00050799
 0.519807 0.42166 0.0546916 0.00325937 0.000582434
 0.579808 0.247459 0.151678 0.0196735 0.00138196
 0.986606 0.00980182 0.00211542 0.00129663 0.000179994
 0.941828 0.0575981 0.000420149 9.06761e-05 6.32945e-05
 0.441187 0.534349 0.0242229 0.000176694 6.47525e-05
 0.913645 0.0443212 0.0401932 0.00182203 1.81614e-05
 0.898697 0.0949367 0.00326755 0.00296322 0.000135667
 0.854746 0.134616 0.00996899 0.000343114 0.000325404
 0.765838 0.207607 0.0246108 0.00182256 0.00012222
 0.812059 0.152145 0.0317366 0.00376223 0.000297296
 0.321369 0.577319 0.0820155 0.017108 0.00218834
 0.768925 0.0875908 0.122064 0.0173407 0.00407987
 0.812661 0.151956 0.0134121 0.0186907 0.00327998
 0.371807 0.532358 0.0777346 0.00686108 0.0112393
 0.788939 0.0905505 0.102126 0.0149123 0.00347232
 0.722384 0.229703 0.020556 0.0231837 0.00417353
 0.46281 0.413002 0.102754 0.00919544 0.0122379
pobs_RECLAS
 0 0 0 0 0
 0 0 0 0 0
 0 0 0 0 0
 0 0 0 0 0
 0 0 0 0 0
 0 0 0 0 0
 0 0 0 0 0
 0 0 0 0 0
 0 0 0 0 0
 0 0 0 0 0
 0.991045 0.00858322 0.000360255 1.14367e-05 0
 0.934742 0.0480273 0.0164251 0.00080598 0
 0.827803 0.169806 0.00239088 0 0
 0.941827 0.0461693 0.0120037 0 0
 0.791401 0.0380133 0.147996 0.0225897 0
 0.846168 0.0940531 0.0597789 0 0
 0.134021 0.677848 0.182769 0.00536245 0
 0.80878 0.0450904 0.141981 0.00414843 0
 0.846168 0.0940531 0.0597789 0 0
 0.905697 0.0802665 0.012482 0.00150086 5.37128e-05
 0.989698 0.0102097 9.19794e-05 0 0
 0.975433 0.0193895 0.00387452 0.00125025 5.28907e-05
 0.303575 0.632131 0.0575291 0.00676475 0
 0.966965 0.00978017 0.0227588 0.000495775 0
 0.843318 0.132988 0.00938335 0.0141283 0.000182051
 0.564624 0.303363 0.111486 0.0197234 0.00080311
 0.826376 0.0876187 0.0782897 0.00655872 0.00115652
 0.89761 0.0855135 0.0140674 0.00269457 0.000114338
 0.34875 0.467042 0.161289 0.0227151 0.000203297
ppred_RECLAS
 0.647038 0.128947 0.207477 0.0165377 7.14286e-07
 0.599665 0.261652 0.0506649 0.0815203 0.00649816
 0.716074 0.173878 0.0719254 0.0139272 0.0241954
 0.841448 0.115217 0.0265383 0.0109777 0.0058185
 0.768046 0.197242 0.0252249 0.00581011 0.00367724
 0.842749 0.121399 0.0304866 0.00389887 0.00146641
 0.562062 0.37105 0.0516381 0.0129677 0.00228216
 0.566429 0.252924 0.153056 0.0213004 0.00629047
 0.651865 0.198573 0.0872472 0.0527972 0.00951757
 0.83321 0.111277 0.0316641 0.0139123 0.00993663
 0.933225 0.0566516 0.00675399 0.00192186 0.00144752
 0.872435 0.119192 0.00710332 0.000846856 0.000422472
 0.573744 0.374297 0.0485485 0.00289327 0.000517012
 0.666645 0.196319 0.120332 0.0156078 0.00109636
 0.989284 0.00784222 0.0016925 0.00103741 0.000144009
 0.95291 0.0466251 0.000340106 7.34014e-05 5.12363e-05
 0.495985 0.48195 0.0218476 0.000159367 5.84028e-05
 0.930549 0.0356454 0.0323255 0.00146537 1.46063e-05
 0.918556 0.0763259 0.002627 0.00238233 0.000109071
 0.879871 0.111332 0.00824468 0.000283767 0.000269119
 0.801916 0.17562 0.020819 0.00154175 0.000103389
 0.842961 0.127129 0.0265184 0.00314364 0.000248414
 0.369116 0.5367 0.0762452 0.0159043 0.00203437
 0.804395 0.0741456 0.103327 0.0146789 0.00345361
 0.842559 0.127705 0.0112716 0.0157078 0.00275652
 0.421577 0.490181 0.0715759 0.0063175 0.0103488
 0.821842 0.0764341 0.0862049 0.0125876 0.002931
 0.762402 0.196591 0.0175929 0.0198418 0.00357192
 0.515382 0.372584 0.0926984 0.00829554 0.0110402
pobs_PELACES
 0 0 0 0 0
 0 0 0 0 0
 0 0 0 0 0
 0 0 0 0 0
 0 0 0 0 0
 0 0 0 0 0
 0 0 0 0 0
 0 0 0 0 0
 0 0 0 0 0
 0 0 0 0 0
 0 0 0 0 0
 0 0 0 0 0
 0 0 0 0 0
 0 0 0 0 0
 0 0 0 0 0
 0 0 0 0 0
 0.505614 0.472636 0.0217494 0 0
 0 0 0 0 0
 0.443492 0.261883 0.143347 0.151278 0
 0.227955 0.32914 0.350689 0.0885471 0.00366901
 0.970185 0.0296113 0.000203453 0 0
 0.997202 0.00247181 0.000326279 0 0
 0.445219 0.490057 0.0546422 0.010081 0
 0.90214 0.0892962 0.00764917 0.000914606 0
 0 0 0 0 0
 0.581667 0.319106 0.0959925 0.00289975 0.000334073
 0.762889 0.0836404 0.116647 0.0363945 0.000428098
 0.88444 0.0763242 0.0277011 0.0115352 0
 0.521256 0.241999 0.230069 0.00667565 0
ppred_PELACES
 0.575193 0.14865 0.25551 0.0206465 8.94192e-07
 0.533408 0.296959 0.0614276 0.100197 0.00800881
 0.657629 0.203822 0.0900688 0.0176803 0.0307996
 0.804571 0.139186 0.0342481 0.0143618 0.00763302
 0.715528 0.2393 0.0326932 0.00763387 0.00484475
 0.803251 0.149486 0.0401031 0.00519924 0.00196085
 0.504295 0.415443 0.0617636 0.0157238 0.00277479
 0.492517 0.287578 0.185909 0.0262283 0.00776702
 0.589477 0.226888 0.106495 0.065331 0.0118093
 0.798974 0.130847 0.0397748 0.0177163 0.0126882
 0.913688 0.0724192 0.00922329 0.0026606 0.00200942
 0.842032 0.146918 0.00935347 0.00113045 0.000565497
 0.512747 0.424276 0.0587884 0.00355171 0.000636412
 0.643568 0.204031 0.133598 0.0175667 0.00123735
 0.986366 0.00978213 0.00225532 0.00140139 0.00019507
 0.94149 0.0578912 0.00045112 9.86993e-05 6.90838e-05
 0.437243 0.536513 0.0259816 0.000192129 7.0602e-05
 0.913244 0.0430819 0.041737 0.00191803 1.91707e-05
 0.901612 0.0917692 0.00337419 0.00310201 0.00014241
 0.851989 0.136479 0.010797 0.000376725 0.000358258
 0.758362 0.212563 0.0269188 0.00202089 0.000135892
 0.80655 0.154545 0.0344384 0.00413867 0.000327939
 0.310574 0.580339 0.0880738 0.0186244 0.00238884
 0.754147 0.0892808 0.132914 0.0191419 0.00451597
 0.803538 0.157052 0.0148083 0.0209202 0.00368129
 0.357574 0.538554 0.0840086 0.00751683 0.0123472
 0.774848 0.0928526 0.111873 0.0165602 0.00386659
 0.71042 0.236463 0.0226058 0.0258462 0.00466557
 0.448271 0.41732 0.110918 0.0100625 0.0134285
pobs_pel_tallas
 0 0 0 0 0 0 0 0 0 0 0 0 0 0 0 0 0 0 0 0 0 0 0 0 0 0
 0 0 0 0 0 0 0 0 0 0 0 0 0 0 0 0 0 0 0 0 0 0 0 0 0 0
 0 0 0 0 0 0 0 0 0 0 0 0 0 0 0 0 0 0 0 0 0 0 0 0 0 0
 0 0 0 0 0 0 0 0 0 0 0 0 0 0 0 0 0 0 0 0 0 0 0 0 0 0
 0 0 0 0 0 0 0 0 0 0 0 0 0 0 0 0 0 0 0 0 0 0 0 0 0 0
 0 0 0 0 0 0 0 0 0 0 0 0 0 0 0 0 0 0 0 0 0 0 0 0 0 0
 0 0 0 0 0 0 0 0 0 0 0 0 0 0 0 0 0 0 0 0 0 0 0 0 0 0
 0 0 0 0 0 0 0 0 0 0 0 0 0 0 0 0 0 0 0 0 0 0 0 0 0 0
 0 0 0 0 0 0 0 0 0 0 0 0 0 0 0 0 0 0 0 0 0 0 0 0 0 0
 0 0 0 0 0 0 0 0 0 0 0 0 0 0 0 0 0 0 0 0 0 0 0 0 0 0
 0 0 0 0 0 0 0 0 0 0 0 0 0 0 0 0 0 0 0 0 0 0 0 0 0 0
 0 0 0 0 0 0 0 0 0 0 0 0 0 0 0 0 0 0 0 0 0 0 0 0 0 0
 0.00862536 0 0 0.000197151 0.00414017 0.0128641 0.00837892 0.0270097 0.101434 0.158115 0.152841 0.127902 0.109271 0.109419 0.0830992 0.0579132 0.0238553 0.00714673 0.00463305 0.00128148 0.00103504 0.000492878 0.000147863 0.000147863 4.92878e-05 0
 0 0 0 0 0 0 0 0 0 0 0 0 0 0 0 0 0 0 0 0 0 0 0 0 0 0
 0 0 0 0 0 0 0 0.0054083 0.00873648 0.0413646 0.0450493 0.0745869 0.0622846 0.0627006 0.0613931 0.0827291 0.12552 0.122667 0.0946155 0.0697135 0.0546179 0.0294188 0.0215738 0.0213955 0.0102223 0.00600262
 0 0 0 0 0.00359764 0.0251062 0.0480494 0.140153 0.205849 0.193036 0.1447 0.116669 0.0760912 0.0342217 0.00950174 0.001854 0.000860785 0 0 0 0.000165536 0 0.000143464 0 0 0
 0 0 0 0 0 0 0 0.000145254 0.000435761 0.0275982 0.070085 0.0708112 0.156366 0.174668 0.174014 0.160142 0.0824315 0.0480064 0.0283245 0.00493863 0.00203355 0 0 0 0 0
 0 0 0 0 0 0 0 0 0 0 0 0 0 0 0 0 0 0 0 0 0 0 0 0 0 0
 0 0 1.00437e-05 0.000401748 0.00122533 0.00171747 0.00176769 0.0269171 0.070346 0.194647 0.189555 0.159765 0.064822 0.0314167 0.0384472 0.0292271 0.0345202 0.0313363 0.0194345 0.0106764 0.0143323 0.0359363 0.0279516 0.0138201 0.00172751 0
 0 0.0021121 0.0136068 0.0755702 0.200478 0.177729 0.0527432 0.0373336 0.0318909 0.0142505 0.0149659 0.0166563 0.0217959 0.0798694 0.0677717 0.0528807 0.04013 0.0224614 0.0357745 0.0225083 0.00881397 0.00855152 0.00135912 0.000746735 0 0
 0 0 0 0 5.4009e-05 0.00500934 0.000945158 0.0243581 0.138947 0.33067 0.221406 0.137944 0.0707744 0.0437923 0.0131692 0.00525238 0.0047753 0.00276346 9.45158e-05 9.00151e-06 2.25038e-05 9.00151e-06 4.50075e-06 0 0 0
 0.000866109 0.00284123 0.00948549 0.0512746 0.133035 0.25785 0.225252 0.132002 0.0553304 0.0519788 0.0540692 0.017754 0.00435017 0.00159236 0.00146478 0.000404838 0.000125132 0.000115318 0.000107957 0.000100596 0 0 0 0 0 0
 0 0 0 0 0.00144013 0.00171154 0.00461396 0.0210425 0.0478622 0.0707936 0.0888783 0.103762 0.0637923 0.0337046 0.0602308 0.124433 0.169614 0.0934646 0.0462172 0.0250306 0.0313229 0.00938855 0.002487 0.000210481 0 0
 0 0.00764035 0.051015 0.0998891 0.058973 0.0496711 0.0374665 0.0718981 0.12319 0.153886 0.159021 0.0857701 0.0377988 0.023471 0.0147837 0.00900784 0.00315554 0.000888139 0.00291439 0.00214683 0.00393193 0.00274676 0.000635225 9.99891e-05 0 0
 0 0 0 0 0 0 0 0 0 0 0 0 0 0 0 0 0 0 0 0 0 0 0 0 0 0
 0 0 0 0 0 0 0 0 0 0 0 0 0 0 0 0 0 0 0 0 0 0 0 0 0 0
 0 0 0 0 0 0 0 0 0 0 0 0 0 0 0 0 0 0 0 0 0 0 0 0 0 0
 0 0 0 0 0 0 0 0 0 0 0 0 0 0 0 0 0 0 0 0 0 0 0 0 0 0
 0 0 0 0 0 0 0 0 0 0 0 0 0 0 0 0 0 0 0 0 0 0 0 0 0 0
ppred_pel_tallas
 1.09483e-16 4.73779e-05 0.00046053 0.00306039 0.0139121 0.0432857 0.0922253 0.134609 0.134623 0.0922973 0.0435284 0.0146178 0.00484955 0.00442452 0.00774605 0.0131741 0.0200032 0.0272948 0.0340437 0.039661 0.0440941 0.0474203 0.0493344 0.0490963 0.0460349 0.0401562
 1.13253e-16 4.39361e-05 0.000427075 0.00283806 0.0129014 0.0401413 0.0855264 0.124834 0.124863 0.0856666 0.0406123 0.0142626 0.00625826 0.00790569 0.014285 0.0236509 0.0343254 0.0437493 0.0493822 0.0501571 0.0471414 0.042767 0.0392367 0.0373466 0.0364426 0.0352347
 1.09637e-16 5.41681e-05 0.000526533 0.003499 0.0159059 0.0494894 0.105443 0.153902 0.153921 0.10554 0.0498139 0.0168446 0.00586019 0.00569828 0.00992733 0.0164612 0.0240275 0.0308965 0.0353405 0.0365803 0.0352149 0.0327158 0.0304079 0.0287615 0.0274233 0.0257458
 1.03756e-16 6.62714e-05 0.000644182 0.00428082 0.01946 0.0605473 0.129003 0.188286 0.1883 0.129069 0.060768 0.0200977 0.005883 0.00414642 0.00673153 0.0110607 0.0160155 0.0203309 0.0227671 0.0227642 0.0207659 0.0178895 0.0152145 0.01325 0.0118958 0.010763
 1.02591e-16 5.89372e-05 0.00057289 0.00380706 0.0173063 0.0538466 0.114727 0.167452 0.167475 0.114839 0.054225 0.0183992 0.00655029 0.00656122 0.0114314 0.0188038 0.0270793 0.034048 0.0374978 0.0364095 0.0315587 0.0249818 0.0187516 0.0140159 0.0108534 0.00874852
 1.02049e-16 6.61627e-05 0.000643125 0.0042738 0.0194281 0.060448 0.128791 0.187978 0.187992 0.128862 0.060685 0.020113 0.00599443 0.00440395 0.00722225 0.0118704 0.0171753 0.021768 0.0242927 0.0241126 0.0216641 0.0181182 0.0146389 0.0118291 0.00968976 0.00793983
 1.03936e-16 4.15382e-05 0.000403766 0.00268317 0.0121973 0.0379506 0.0808593 0.118025 0.118065 0.081055 0.0386077 0.0140952 0.00744734 0.0108048 0.0197974 0.0326695 0.0470718 0.0592229 0.0652886 0.0634924 0.0551589 0.0437884 0.03294 0.0245811 0.0188529 0.0149006
 1.09384e-16 4.05681e-05 0.000394336 0.0026205 0.0119124 0.0370642 0.0789702 0.115265 0.115293 0.0791068 0.0375238 0.0132428 0.00597111 0.00774566 0.0141103 0.0235455 0.0345726 0.0448499 0.0519709 0.054762 0.0538436 0.0509301 0.047501 0.0439787 0.0399307 0.034854
 1.11682e-16 4.85545e-05 0.000471967 0.00313639 0.0142576 0.0443608 0.0945161 0.137954 0.137976 0.0946237 0.0447224 0.015304 0.00577003 0.00624449 0.0110809 0.0184263 0.0269785 0.0348687 0.0402312 0.0422444 0.0415796 0.0398048 0.0382383 0.0371847 0.0360352 0.0339422
 1.05106e-16 6.58105e-05 0.000639701 0.00425104 0.0193246 0.0601261 0.128106 0.186976 0.186989 0.128167 0.0603339 0.0199252 0.00576062 0.00394196 0.00635784 0.0104612 0.0151942 0.0193899 0.0219108 0.0222526 0.0208351 0.018681 0.0167441 0.0154186 0.0145228 0.0136248
 1.00892e-16 7.52592e-05 0.000731547 0.00486139 0.0220992 0.0687587 0.146498 0.21382 0.213826 0.146532 0.0688732 0.0224298 0.00569139 0.0025433 0.00351565 0.00569188 0.00818972 0.0102944 0.0113336 0.0110005 0.00953345 0.00755307 0.00569017 0.00429243 0.00337928 0.00278607
 1.00517e-16 6.93571e-05 0.000674176 0.00448014 0.0203661 0.0633664 0.135009 0.197053 0.197067 0.135079 0.0635984 0.0210357 0.00616007 0.00433835 0.00701905 0.0114698 0.0164586 0.0205757 0.0224346 0.0213955 0.0179481 0.0133918 0.00907924 0.0058047 0.00368715 0.0024385
 1.02269e-16 4.22344e-05 0.000410534 0.00272814 0.0124018 0.0385867 0.0822146 0.120003 0.120044 0.0824143 0.0392575 0.0143391 0.0075908 0.0110244 0.0201957 0.033309 0.0479484 0.0602258 0.0661923 0.0640017 0.0549911 0.0427516 0.0309786 0.021782 0.0154258 0.011141
 1.05879e-16 5.30099e-05 0.000515275 0.00342418 0.0155659 0.0484312 0.103189 0.150611 0.150631 0.103286 0.0487573 0.0165098 0.00580164 0.00573159 0.0100368 0.0167096 0.0245325 0.0318217 0.0368619 0.0388086 0.0380856 0.0358927 0.0332712 0.0305298 0.0273926 0.0235513
 1.00242e-16 8.12457e-05 0.000789737 0.00524808 0.023857 0.074228 0.158151 0.230826 0.230827 0.158155 0.0742435 0.0239018 0.00536065 0.00103578 0.000549429 0.000782155 0.00112465 0.00142666 0.00159639 0.00159427 0.00145164 0.00124717 0.00105676 0.000915959 0.000817369 0.000733529
 1.0005e-16 7.75493e-05 0.000753807 0.00500931 0.0227716 0.0708509 0.150956 0.220325 0.220331 0.150983 0.0709422 0.0230351 0.00567007 0.0021942 0.00280706 0.00450202 0.00644048 0.00802036 0.00868662 0.00818572 0.00671724 0.00480918 0.00301672 0.00167419 0.000840549 0.000400486
 1.00919e-16 3.60152e-05 0.000350081 0.00232641 0.0105756 0.0329048 0.070109 0.102337 0.102389 0.0703612 0.0337514 0.0130199 0.00845776 0.013721 0.025389 0.0418084 0.0599689 0.0748739 0.0814505 0.0773499 0.0643678 0.0472869 0.0311104 0.0188149 0.0108986 0.00634189
 1.01412e-16 7.52227e-05 0.000731191 0.00485902 0.0220884 0.0687253 0.146427 0.213715 0.213719 0.146447 0.0687946 0.0222892 0.00536567 0.0018459 0.00221763 0.00361301 0.00535005 0.00704383 0.00834441 0.00906992 0.00927449 0.00914287 0.00881025 0.00827334 0.00745334 0.00632447
 1.00457e-16 7.42646e-05 0.000721879 0.00479714 0.0218071 0.06785 0.144562 0.210994 0.211003 0.144605 0.0679948 0.0222252 0.0058458 0.00300875 0.0044105 0.00715582 0.0102589 0.0128128 0.0139502 0.0132759 0.0111047 0.00826067 0.00559873 0.00361697 0.00237947 0.00168609
 1.00445e-16 7.01773e-05 0.000682148 0.00453311 0.0206069 0.0641157 0.136606 0.199383 0.199396 0.13667 0.0643312 0.0212291 0.00609435 0.00408789 0.00653102 0.0106667 0.0153133 0.0191592 0.0209177 0.0199929 0.0168331 0.0126345 0.00864133 0.00558343 0.00357189 0.00234928
 1.01057e-16 6.24653e-05 0.000607185 0.00403496 0.0183423 0.05707 0.121594 0.177475 0.177495 0.121694 0.0574059 0.0193127 0.00647026 0.0059222 0.0101528 0.0166752 0.0239893 0.0301097 0.0330519 0.0318907 0.0273019 0.0210971 0.0151438 0.0105131 0.00734322 0.00524438
 1.01504e-16 6.64345e-05 0.000645767 0.00429135 0.0195079 0.0606963 0.12932 0.18875 0.188765 0.129393 0.060941 0.0202151 0.00606751 0.00452606 0.00744429 0.0122236 0.0176522 0.0223004 0.0247512 0.0243391 0.0215256 0.0175536 0.0136759 0.0105688 0.00827227 0.00650742
 1.04963e-16 2.55817e-05 0.000248663 0.00165246 0.00751186 0.0233725 0.0497996 0.0726957 0.0727517 0.050073 0.0242904 0.0101631 0.00830785 0.0147787 0.0276242 0.0456367 0.0657582 0.0827295 0.0911907 0.0886496 0.0769435 0.0609497 0.0456372 0.0337663 0.0255646 0.0198788
 1.06543e-16 6.21181e-05 0.00060381 0.00401253 0.0182404 0.0567527 0.120918 0.176485 0.176494 0.120961 0.0568979 0.0186622 0.00508068 0.00296633 0.00463917 0.00780666 0.0117892 0.0159726 0.0197412 0.0227641 0.0250805 0.0268488 0.0280039 0.0281703 0.0269192 0.0241279
 1.03189e-16 6.61864e-05 0.000643356 0.00427532 0.019435 0.0604696 0.128837 0.188045 0.18806 0.128911 0.0607179 0.020152 0.00607484 0.00457129 0.00752517 0.0123347 0.0177627 0.0223464 0.0246531 0.0240481 0.0210834 0.0171309 0.0135542 0.0110562 0.00958285 0.00866216
 1.05406e-16 2.9453e-05 0.000286294 0.00190252 0.00864863 0.0269094 0.0573352 0.0836933 0.0837452 0.0575889 0.0277612 0.0111091 0.00807917 0.0137714 0.0256442 0.0423585 0.0610386 0.0768014 0.0846746 0.082348 0.0715306 0.0567549 0.0426415 0.0317616 0.0243283 0.0192581
 1.05568e-16 6.38232e-05 0.000620384 0.00412267 0.0187411 0.0583105 0.124237 0.181329 0.181339 0.124282 0.0584606 0.0191767 0.0052238 0.00304942 0.00475109 0.00794692 0.0118929 0.0158982 0.019276 0.0216715 0.0231795 0.024096 0.0245357 0.0242831 0.0229923 0.020521
 1.04095e-16 5.85164e-05 0.0005688 0.00377988 0.0171828 0.0534622 0.113908 0.166256 0.166279 0.114019 0.0538359 0.0182621 0.00648883 0.0064814 0.0112849 0.0185579 0.026718 0.0335879 0.0370014 0.0359891 0.0313698 0.0252058 0.0195624 0.01553 0.0130747 0.0115359
 1.0659e-16 3.69236e-05 0.000358911 0.00238509 0.0108423 0.0337346 0.0718766 0.104914 0.104955 0.0720736 0.0343962 0.0127543 0.00718824 0.010857 0.0200122 0.0331231 0.0479378 0.0607537 0.0677984 0.067303 0.0605006 0.0506801 0.0411088 0.0334759 0.027769 0.0231643
pSPR Fmed_Fpbrs
0.53859   0.6 0.325
Fs Fmed_Fpbrs
0.34   0.275475 0.671556
SSBpbr Bo_Bmed_Bpbrs
803819  392737  442100 221050
Ro
106978
SPR SPRFo_SPRFmed_SPRFpbrs
760289 409484 247094
Fref
0.275475
Nvult_r0
 38887.4 29838.7 7423.81 664.354 884.165
CTP_r0
 7146.48 6444.51 1603.39 143.486 190.961
YTP_r0
214607
Np
 163446 48006.3 3977.39 2764.36 879.86
Nvult_p0
 115440 34598.2 2866.51 1992.28 634.117
CTP_p0
 21214.8 2216.65 1540.61 383.301 42.5015
 21214.8 7472.48 619.106 430.289 136.956
YTP_p0
 249225 323560
CBA_c0
224992
log_Ro
11.4004
likeval ReclasPelacesDesembMPH_pf_preclas_ppelaces_ptallas_desvR_qrecl_qpela
 26.4486 15.1238 0.0309474 26.0079 215.573 108.737 101.968 0 24.5375 3.73496e-05 0.000100556 0.063389 8.30085e-16 0 0
q_reclas_q_pelaces
2.37331 4.12942
M
1
N
 151964 31168.8 50150.9 3997.46 0.172656
 93889.6 43212.7 8367.46 13463.3 1073.19
 83698.7 21425.7 8862.85 1716.15 2981.42
 130948 19197.7 4421.85 1829.12 969.488
 99560.8 26146.8 3343.86 770.201 487.464
 201065 29980.2 7528.84 962.848 362.138
 75432.7 54324.8 7560.24 1898.58 334.127
 28072.2 12739 7708.92 1072.83 316.83
 27407.7 8937.89 3927.06 2376.44 428.392
 36623.9 5479.24 1559.13 685.035 489.275
 78898.9 4878.77 581.645 165.508 124.658
 171004 24608.1 1466.53 174.839 87.2222
 56925.1 39525.9 5126.73 305.529 54.5966
 29831.2 11987.1 7347.41 953.001 66.9434
 78956.5 680.188 146.798 89.9785 12.4905
 261299 13799.7 100.662 21.7247 15.1645
 46618.7 48538.5 2200.33 16.0503 5.88191
 216850 9244.87 8383.83 380.053 3.78825
 328416 30619.8 1053.88 955.721 43.7563
 319242 43115.7 3192.94 109.895 104.222
 285025 65534.8 7768.86 575.323 38.581
 423660 67828.1 14148.6 1677.25 132.538
 60182.3 91301.7 12970.6 2705.59 346.081
 157296 15141.6 21100.9 2997.65 705.277
 249496 39252.7 3464.56 4828.11 847.27
 54842.2 65740 9599.31 847.263 1387.92
 158919 15360.3 17323.8 2529.62 589.017
 154990 41420.6 3706.71 4180.55 752.582
 55059 41402.2 10300.8 921.815 1226.81
pred_Ctot
 22269.6 5462.78 8789.66 700.613 0.0302604
 23419.9 12668 2452.95 3946.83 314.61
 20695.3 6228.51 2576.45 498.891 866.706
 39750.8 6782.36 1562.2 646.212 342.511
 11607.9 3663.61 468.532 107.918 68.3019
 34608.9 6145.73 1543.36 197.377 74.2357
 27444.3 22742.2 3164.97 794.808 139.877
 2415.55 1323.73 801.047 111.48 32.9224
 8307.12 3153.09 1385.38 838.355 151.127
 15997 2713.95 772.26 339.309 242.346
 7693.02 573.427 68.3638 19.453 14.6517
 41715.3 7061.81 420.852 50.1738 25.0303
 16092.9 13054.3 1693.21 100.908 18.0317
 21441 9150.89 5608.97 727.514 51.1041
 27801.6 276.205 59.6104 36.5377 5.07205
 86365.9 5281.76 38.5278 8.31503 5.80413
 14274.1 17288.3 783.706 5.71674 2.095
 91096.5 4419.11 4007.53 181.668 1.81081
 144785 15294.9 526.421 477.391 21.8567
 93475 14721.6 1090.21 37.523 35.5861
 65903.6 17865.4 2117.87 156.839 10.5176
 115805 21696.8 4525.84 536.518 42.3963
 12400.9 22277.4 3164.8 660.16 84.4432
 33004.4 3759.64 5239.32 744.313 175.12
 45980.4 8597.7 758.859 1057.52 185.581
 8459.15 12111.9 1768.58 156.1 255.711
 30113.7 3456.3 3898.13 569.202 132.538
 27538 8756.5 783.615 883.788 159.099
 10634.1 9489.63 2361.01 211.285 281.192
F
 0.257508 0.315066 0.315066 0.315066 0.315066
 0.477528 0.584265 0.584265 0.584265 0.584265
 0.472435 0.578033 0.578033 0.578033 0.578033
 0.611075 0.747662 0.747662 0.747662 0.747662
 0.200231 0.244986 0.244986 0.244986 0.244986
 0.308647 0.377635 0.377635 0.377635 0.377635
 0.778576 0.952603 0.952603 0.952603 0.952603
 0.144481 0.176775 0.176775 0.176775 0.176775
 0.609859 0.746175 0.746175 0.746175 0.746175
 1.01581 1.24286 1.24286 1.24286 1.24286
 0.165094 0.201995 0.201995 0.201995 0.201995
 0.46473 0.568606 0.568606 0.568606 0.568606
 0.557905 0.682607 0.682607 0.682607 0.682607
 2.78094 3.40253 3.40253 3.40253 3.40253
 0.744249 0.910603 0.910603 0.910603 0.910603
 0.683306 0.836038 0.836038 0.836038 0.836038
 0.617933 0.756053 0.756053 0.756053 0.756053
 0.95756 1.17159 1.17159 1.17159 1.17159
 1.03039 1.26071 1.26071 1.26071 1.26071
 0.58337 0.713765 0.713765 0.713765 0.713765
 0.435601 0.532966 0.532966 0.532966 0.532966
 0.534763 0.654293 0.654293 0.654293 0.654293
 0.379933 0.464855 0.464855 0.464855 0.464855
 0.388109 0.474859 0.474859 0.474859 0.474859
 0.333734 0.408331 0.408331 0.408331 0.408331
 0.272675 0.333624 0.333624 0.333624 0.333624
 0.344612 0.42164 0.42164 0.42164 0.42164
 0.320025 0.391556 0.391556 0.391556 0.391556
 0.352304 0.431051 0.431051 0.431051 0.431051
YTP_r0W_actual
 37161.7 132113 34793.5 4161.1 6378.09
YTP_p0W_proyectada
 159959 38680.5 37082.5 12005 1498.18
 159959 130395 14901.9 13476.7 4827.69
CTP_r0_actual
 7146.48 6444.51 1603.39 143.486 190.961
CTP_p0_proyectada
 21214.8 2216.65 1540.61 383.301 42.5015
 21214.8 7472.48 619.106 430.289 136.956
Wmedp
 7.54 17.45 24.07 31.32 35.25
Frms_r0
 0.22515 0.275475 0.275475 0.275475 0.275475
Zrms_r0
 1.22515 1.27548 1.27548 1.27548 1.27548
nmprior
 7.29 8.9 8.7 0
nm_flota  nm_reclas  nm_pelaces    nm_pelaL
inf 16.646 8.99167 11.2002
cv_recla  cv_pelaces  cv_mph
0.487891 0.476295 0.220827
 ------------------------------------------------
Talla a la edad & desviaci?n 
 8 13.2811 15.8009 17.003 17.5766
 0.8 1.32811 1.58009 1.7003 1.75766
