    unsorted:	 0.0001015059847 4.745940526 7.802502082 11.97039309 12.41857272 9.221248907 2.996021234 20.94719563 44.44045268 60.20055929 79.45645486 144.2690408 180.7109220 194.0288621 256.0202644 249.9543040 429.2186600 642.6925296 853.8328838 905.2937668 957.5401083 1010.420384 1199.723995 1540.301057 1596.646408 2171.697271 1988.670549 1811.730759 2117.022260 2243.784222 2805.452463 2896.376705 3069.077083 3163.375225 3230.216074 3374.317566 3439.670778 3820.943915 3872.878344 3931.517582 3967.083055 4145.519519 4671.171128 4921.888173 5103.744384 6232.844994 6779.207283 13545.62189 43036.04239 153327.6957 369881.0065 362932.5383 350355.3775 347622.6389 341723.7205 383863.3063 392118.5526 304218.9971 411564.6971 499326.1304 567308.8461 672711.6506 692279.5289 745347.5980 756913.0925 892145.2144 1057902.434 1131140.595 1193400.224 1533541.543 1597066.632 1681073.546 1666131.652 1994234.721 2016958.898 2348230.669 2428809.136 2782379.494 2807052.380 2989944.405 3218609.595 44107071.33
      sorted:	 0.0001015059847 2.996021234 4.745940526 7.802502082 9.221248907 11.97039309 12.41857272 20.94719563 44.44045268 60.20055929 79.45645486 144.2690408 180.7109220 194.0288621 249.9543040 256.0202644 429.2186600 642.6925296 853.8328838 905.2937668 957.5401083 1010.420384 1199.723995 1540.301057 1596.646408 1811.730759 1988.670549 2117.022260 2171.697271 2243.784222 2805.452463 2896.376705 3069.077083 3163.375225 3230.216074 3374.317566 3439.670778 3820.943915 3872.878344 3931.517582 3967.083055 4145.519519 4671.171128 4921.888173 5103.744384 6232.844994 6779.207283 13545.62189 43036.04239 153327.6957 304218.9971 341723.7205 347622.6389 350355.3775 362932.5383 369881.0065 383863.3063 392118.5526 411564.6971 499326.1304 567308.8461 672711.6506 692279.5289 745347.5980 756913.0925 892145.2144 1057902.434 1131140.595 1193400.224 1533541.543 1597066.632 1666131.652 1681073.546 1994234.721 2016958.898 2348230.669 2428809.136 2782379.494 2807052.380 2989944.405 3218609.595 44107071.33
