years
 1991 1992 1993 1994 1995 1996 1997 1998 1999 2000 2001 2002 2003 2004 2005 2006 2007 2008 2009 2010 2011 2012 2013 2014 2015 2016 2017 2018 2019 2020 2021 2022 2023
reclasobs
 0 0 0 0 0 0 0 0 0 252601 567819 844713 477998 351125 339783 2.1784e+06 2.13404e+06 4.81314e+06 1.55562e+06 2.62356e+06 3.21686e+06 3.843e+06 1.13348e+06 3.07943e+06 1.97215e+06 2.03268e+06 2.025e+06 2.42433e+06 2.27542e+06 1.05018e+06 2.36338e+06 3.18982e+06 1.53035e+06
reclaspred
 4.96795e+06 2.70128e+06 1.29625e+06 1.34723e+06 1.61592e+06 3.07291e+06 1.96493e+06 1.41628e+06 809040 332018 579252 1.54736e+06 1.46552e+06 208224 705031 2.07254e+06 2.21137e+06 1.73582e+06 2.51459e+06 3.22368e+06 6.30829e+06 3.52679e+06 1.7321e+06 1.63549e+06 1.58403e+06 1.48014e+06 2.86698e+06 2.55524e+06 1.81094e+06 2.04609e+06 1.33181e+06 706003 948588
pelacesobs
 0 0 0 0 0 0 0 0 0 0 0 0 0 0 0 552880 188675 0 991730 2.46772e+06 1.41603e+06 1.21717e+06 2.29649e+06 1.80582e+06 0 1.4828e+06 1.56532e+06 1.57751e+06 1.42118e+06 867257 1.10002e+06 1.06204e+06 0
pelacespred
 402806 219664 100173 89813.3 129220 255314 136152 134332 66512.6 19989.2 50318.2 115380 111194 7787.34 58610.1 151563 156103 115458 194172 238545 482485 281589 128956 131368 115851 106682 295870 238464 136574 184817 94344.8 48254.7 67359.6
mphobs
 0 0 0 0 0 0 0 0 0 0 0 0 498337 0 5186 125008 0 168611 109162 213762 579715 649985 157893 87575 83554 210694 70296 0 107559 103333 445601 22526 28222
mphpred
 888169 600366 267905 153876 208221 290464 472732 205688 174240 71551.3 26244.1 135470 274546 98882.6 6440.02 117000 405741 231327 164254 344644 637140 688473 294676 141702 189116 214924 154246 470914 345969 199750 262602 100725 47563.1
desembarqueobs
 494567 514787 250237 358949 120608 361735 552515 73892 212993 205616 52469 317467 293654 387597 252695 516296 358380 742168 942051 627588 828172 859565 418607 520667 417249 300574 415391 372974 316634 284311 391294 218835 356480
desembarquepred
 494554 514390 250401 358942 120609 361712 552468 73897.3 213069 205682 52469.9 317402 293831 387897 252583 516106 358575 742131 941144 627187 828215 859780 418601 520918 417168 300577 415360 373094 316433 284106 391793 218953 356632
Reclutas
 144777 93641.5 84094.6 125803 92397.6 196276 69375.5 24475.6 23723.1 33056.4 62210.2 166098 62500.6 32767.5 75480.3 295430 40500.1 182728 392544 318508 300787 215892 48286.5 109057 171526 40582.2 211976 89855.7 50995.9 133324 36482 27416.3 102950
log_desv_Rt
 0.462038 0.0263193 -0.081212 0.321564 0.0129462 0.766367 -0.273621 -1.31548 -1.3467 -1.01494 -0.382636 0.599426 -0.377979 -1.02372 -0.189283 1.17528 -0.811851 0.694843 1.45949 1.25049 1.19325 0.861623 -0.636003 0.178716 0.631581 -0.809826 0.843316 -0.0149498 -0.58141 0.379626 -0.916335 -1.20202 0.121091
SSB
 888169 600366 267905 153876 208221 290464 472732 205688 174240 71551.3 26244.1 135470 260283 94277.1 6185.1 112923 405741 231327 171386 356321 676334 787786 364614 166579 200103 247986 161191 470914 364218 193922 310843 127106 51775.6
BT
 1.46081e+06 1.06821e+06 489724 598965 487073 1.22829e+06 840616 477439 409538 262201 250010 692481 589699 408655 514262 1.03626e+06 695986 1.08656e+06 1.69321e+06 1.32514e+06 2.33261e+06 1.61167e+06 743267 1.01541e+06 750705 573647 1.6665e+06 1.08029e+06 632087 952370 610655 342781 592600
Ftot
 0.41229 0.767987 0.762323 0.912927 0.293032 0.422077 1.08796 0.214803 0.968161 1.88076 0.292733 0.691547 0.778206 3.76947 1.01942 0.773478 0.669003 1.35851 1.12518 0.666076 0.492449 0.924993 0.936012 1.02181 0.882436 0.788649 0.467945 0.556149 0.713479 0.480454 1.10813 1.11474 1.12154
BD_Bspro_t
 0.936162 0.60758 0.340298 0.249813 0.285561 0.406966 0.461685 0.246921 0.279431 0.166354 0.091382 0.429734 0.427273 0.173696 0.0164209 0.229298 0.386488 0.246924 0.176411 0.264062 0.33957 0.362846 0.238142 0.152297 0.202633 0.265767 0.224131 0.47393 0.403232 0.282149 0.388805 0.196997 0.138756
BD_Bspro
 1.35165 0.913658 0.407707 0.234174 0.316878 0.442038 0.719421 0.313022 0.265164 0.108889 0.0399391 0.206163 0.396108 0.143474 0.0094127 0.17185 0.617471 0.352042 0.260821 0.542262 1.02927 1.19888 0.554882 0.253506 0.304523 0.377394 0.245306 0.716654 0.55428 0.295117 0.473052 0.193434 0.0787939
BD_Bo
 1.57332 1.0635 0.474573 0.27258 0.368848 0.514535 0.837409 0.364359 0.308653 0.126748 0.0464893 0.239975 0.461072 0.167005 0.0109564 0.200034 0.718739 0.409778 0.303597 0.631195 1.19807 1.3955 0.645885 0.295083 0.354467 0.439289 0.285537 0.834188 0.645184 0.343518 0.550635 0.225158 0.0917165
BD_Brms
 9.43537 6.37792 2.84606 1.63469 2.21201 3.08571 5.02202 2.1851 1.85102 0.760118 0.278801 1.43915 2.76509 1.00154 0.0657067 1.19962 4.31034 2.45748 1.8207 3.78534 7.18496 8.36895 3.87344 1.76964 2.12577 2.63446 1.71239 5.00271 3.86923 2.06011 3.30221 1.35029 0.550032
Sel_flota
 0.779538 1 1 1 1
 0.779538 1 1 1 1
 0.779538 1 1 1 1
 0.779538 1 1 1 1
 0.779538 1 1 1 1
 0.779538 1 1 1 1
 0.779538 1 1 1 1
 0.779538 1 1 1 1
 0.779538 1 1 1 1
 0.779538 1 1 1 1
 0.779538 1 1 1 1
 0.779538 1 1 1 1
 0.779538 1 1 1 1
 0.779538 1 1 1 1
 0.779538 1 1 1 1
 0.779538 1 1 1 1
 0.779538 1 1 1 1
 0.779538 1 1 1 1
 0.779538 1 1 1 1
 0.779538 1 1 1 1
 0.779538 1 1 1 1
 0.779538 1 1 1 1
 0.779538 1 1 1 1
 0.779538 1 1 1 1
 0.779538 1 1 1 1
 0.779538 1 1 1 1
 0.779538 1 1 1 1
 0.779538 1 1 1 1
 0.779538 1 1 1 1
 0.779538 1 1 1 1
 0.779538 1 1 1 1
 0.779538 1 1 1 1
 0.779538 1 1 1 1
Sel_reclas
 0.5 1 1 1 1
 0.5 1 1 1 1
 0.5 1 1 1 1
 0.5 1 1 1 1
 0.5 1 1 1 1
 0.5 1 1 1 1
 0.5 1 1 1 1
 0.5 1 1 1 1
 0.5 1 1 1 1
 0.5 1 1 1 1
 0.5 1 1 1 1
 0.5 1 1 1 1
 0.5 1 1 1 1
 0.5 1 1 1 1
 0.5 1 1 1 1
 0.5 1 1 1 1
 0.5 1 1 1 1
 0.5 1 1 1 1
 0.5 1 1 1 1
 0.5 1 1 1 1
 0.5 1 1 1 1
 0.5 1 1 1 1
 0.5 1 1 1 1
 0.5 1 1 1 1
 0.5 1 1 1 1
 0.5 1 1 1 1
 0.5 1 1 1 1
 0.5 1 1 1 1
 0.5 1 1 1 1
 0.5 1 1 1 1
 0.5 1 1 1 1
 0.5 1 1 1 1
 0.5 1 1 1 1
Sel_pelaces
 0.5 1 1 1 1
 0.5 1 1 1 1
 0.5 1 1 1 1
 0.5 1 1 1 1
 0.5 1 1 1 1
 0.5 1 1 1 1
 0.5 1 1 1 1
 0.5 1 1 1 1
 0.5 1 1 1 1
 0.5 1 1 1 1
 0.5 1 1 1 1
 0.5 1 1 1 1
 0.5 1 1 1 1
 0.5 1 1 1 1
 0.5 1 1 1 1
 0.5 1 1 1 1
 0.5 1 1 1 1
 0.5 1 1 1 1
 0.5 1 1 1 1
 0.5 1 1 1 1
 0.5 1 1 1 1
 0.5 1 1 1 1
 0.5 1 1 1 1
 0.5 1 1 1 1
 0.5 1 1 1 1
 0.5 1 1 1 1
 0.5 1 1 1 1
 0.5 1 1 1 1
 0.5 1 1 1 1
 0.5 1 1 1 1
 0.5 1 1 1 1
 0.5 1 1 1 1
 0.5 1 1 1 1
pf_obs 
 0.8446 0.082 0.0669 0.0065 0
 0.8095 0.147 0.0364 0.0071 0
 0.9664 0.0169 0.016 0.0007 0
 0.9276 0.0648 0.0075 0.0001 0
 0.7033 0.2144 0.0806 0.0017 0
 0.9318 0.0425 0.0243 0.0014 0
 0.5671 0.3108 0.0964 0.0239 0.0018
 0.0768 0.2599 0.5324 0.112 0.0189
 0.490249 0.384438 0.106611 0.0170017 0.00170017
 0.7925 0.1577 0.0466 0.003 0.0002
 0.840416 0.127587 0.0312969 0.00059994 9.999e-05
 0.8084 0.0986 0.0794 0.0134 0.0002
 0.7335 0.1905 0.0724 0.0035 0.0001
 0.4001 0.4547 0.1325 0.0127 0
 0.49795 0.308269 0.164784 0.0264974 0.00249975
 0.9179 0.0499 0.0305 0.0017 0
 0.2467 0.6533 0.0926 0.0074 0
 0.9418 0.0223 0.034 0.0019 0
 0.707729 0.231977 0.0356964 0.0245975 0
 0.517169 0.277429 0.184464 0.0207286 0.00020938
 0.811772 0.124168 0.05621 0.00726502 0.000585176
 0.764997 0.148141 0.077277 0.00933861 0.000247198
 0.163321 0.427699 0.378323 0.0303852 0.000271297
 0.753843 0.0900009 0.118128 0.0371064 0.000921714
 0.721811 0.176058 0.0630433 0.0369309 0.00215725
 0.143369 0.312575 0.442814 0.0836902 0.0175525
 0.692698 0.0596174 0.167031 0.0765114 0.00414204
 0.394062 0.376323 0.152708 0.0712218 0.00568511
 0.125707 0.32114 0.495352 0.0537591 0.00404204
 0.23352 0.215282 0.420074 0.123614 0.00750983
 0.796117 0.104755 0.0508955 0.0450114 0.00322123
 0.162477 0.292055 0.404252 0.121198 0.0200186
 0 0 0 0 0
pf_pred 
 0.639403 0.149942 0.1937 0.0169547 8.04342e-07
 0.586816 0.291818 0.050466 0.0651935 0.0057067
 0.711537 0.193209 0.0672748 0.0116343 0.0163451
 0.827741 0.134147 0.0255268 0.00888833 0.00369663
 0.74009 0.227487 0.0252492 0.00480466 0.00236875
 0.822772 0.140288 0.0323319 0.00358857 0.00101953
 0.493917 0.436794 0.0548476 0.0126406 0.0018016
 0.51396 0.288839 0.170201 0.0213719 0.00562754
 0.604006 0.23068 0.0982416 0.0578897 0.00918321
 0.831122 0.116857 0.0303042 0.0129059 0.0088113
 0.940646 0.0530656 0.00435102 0.00112834 0.000808612
 0.877775 0.116703 0.00493657 0.000404765 0.00018019
 0.569851 0.391536 0.0368686 0.00155954 0.000184797
 0.614999 0.252011 0.121053 0.0113988 0.000539304
 0.987577 0.00990241 0.00165013 0.000792633 7.81687e-05
 0.950925 0.0486628 0.000328669 5.4769e-05 2.89026e-05
 0.351199 0.626192 0.0224188 0.000151417 3.85473e-05
 0.884868 0.0497808 0.0630742 0.00225817 1.91345e-05
 0.929569 0.0650348 0.00233314 0.00295618 0.000106733
 0.806092 0.184641 0.00855653 0.000306968 0.000402983
 0.749653 0.213786 0.0348136 0.00161331 0.000133859
 0.658779 0.274406 0.0570572 0.00929137 0.0004663
 0.436488 0.416162 0.118497 0.0246392 0.00421368
 0.850981 0.0792227 0.0515456 0.014677 0.0035737
 0.876387 0.110575 0.00693131 0.0045098 0.00159678
 0.49205 0.463013 0.0401976 0.00251976 0.00221994
 0.925257 0.0434411 0.0285328 0.00247715 0.00029208
 0.561342 0.414178 0.0142279 0.00934513 0.000906984
 0.556886 0.283219 0.150972 0.00518622 0.00373699
 0.865664 0.0860184 0.0308824 0.0164621 0.000972997
 0.451728 0.492457 0.0357398 0.0128313 0.00724413
 0.694759 0.169002 0.122369 0.00888087 0.00498849
 0.941155 0.0455633 0.00735367 0.00532455 0.000603487
pobs_RECLAS
 0 0 0 0 0
 0 0 0 0 0
 0 0 0 0 0
 0 0 0 0 0
 0 0 0 0 0
 0 0 0 0 0
 0 0 0 0 0
 0 0 0 0 0
 0 0 0 0 0
 0 0 0 0 0
 0.991045 0.00858322 0.000360255 1.14367e-05 0
 0.934742 0.0480273 0.0164251 0.00080598 0
 0.827803 0.169806 0.00239088 0 0
 0.941827 0.0461693 0.0120037 0 0
 0.791401 0.0380133 0.147996 0.0225897 0
 0.846168 0.0940531 0.0597789 0 0
 0.134021 0.677848 0.182769 0.00536245 0
 0.80878 0.0450904 0.141981 0.00414843 0
 0.846168 0.0940531 0.0597789 0 0
 0.905697 0.0802665 0.012482 0.00150086 5.37128e-05
 0.989698 0.0102097 9.19794e-05 0 0
 0.975433 0.0193895 0.00387452 0.00125025 5.28907e-05
 0.303575 0.632131 0.0575291 0.00676475 0
 0.966965 0.00978017 0.0227588 0.000495775 0
 0.843318 0.132988 0.00938335 0.0141283 0.000182051
 0.564624 0.303363 0.111486 0.0197234 0.00080311
 0.826376 0.0876187 0.0782897 0.00655872 0.00115652
 0.89761 0.0855135 0.0140674 0.00269457 0.000114338
 0.34875 0.467042 0.161289 0.0227151 0.000203297
 0.318654 0.224769 0.449479 0.00709798 0
 0.937255 0.0296025 0.0250945 0.00804832 0
 0.456809 0.399803 0.12412 0.0192676 0
 0.883104 0.0372192 0.0704036 0.00927362 0
ppred_RECLAS
 0.534625 0.19351 0.249982 0.0218811 1.03806e-06
 0.482363 0.36559 0.0632238 0.0816744 0.00714935
 0.618039 0.255833 0.08908 0.0154052 0.0216429
 0.760325 0.186648 0.0355172 0.012367 0.00514338
 0.647703 0.30835 0.0342242 0.00651252 0.00321074
 0.750539 0.197465 0.0455093 0.00505115 0.00143505
 0.393786 0.523215 0.0656994 0.0151416 0.00215805
 0.405248 0.353444 0.20827 0.0261522 0.00688625
 0.502357 0.289894 0.123459 0.0727496 0.0115405
 0.774243 0.156215 0.0405107 0.0172526 0.011779
 0.910972 0.0795959 0.00652632 0.00169245 0.00121288
 0.824496 0.167575 0.00708845 0.000581204 0.000258735
 0.465123 0.486863 0.045845 0.00193925 0.00022979
 0.564512 0.285058 0.136927 0.0128936 0.000610026
 0.981391 0.0148332 0.00247179 0.00118732 0.000117092
 0.927096 0.0722917 0.000488259 8.13629e-05 4.29367e-05
 0.261335 0.712925 0.025524 0.00017239 4.38865e-05
 0.838398 0.0698733 0.0885322 0.00316961 2.68575e-05
 0.897967 0.0942159 0.00338002 0.00428262 0.000154625
 0.730947 0.256196 0.0118724 0.000425927 0.000559151
 0.660439 0.289971 0.0472198 0.00218823 0.000181561
 0.56049 0.353449 0.0734927 0.0119678 0.000600619
 0.338577 0.488471 0.139087 0.0289203 0.00494582
 0.79118 0.111015 0.0722307 0.0205669 0.00500782
 0.823765 0.157647 0.00988197 0.00642962 0.00227654
 0.388801 0.557128 0.0483685 0.00303194 0.00267118
 0.88931 0.0643339 0.0422555 0.00366852 0.000432554
 0.454439 0.515115 0.0176954 0.0116226 0.00112802
 0.451397 0.350643 0.186913 0.00642088 0.00462664
 0.807096 0.123521 0.0443466 0.0236393 0.0013972
 0.354391 0.579884 0.0420848 0.0151093 0.0085302
 0.602691 0.219978 0.159279 0.0115596 0.00649315
 0.914257 0.0663899 0.010715 0.00775835 0.000879335
pobs_PELACES
 0 0 0 0 0
 0 0 0 0 0
 0 0 0 0 0
 0 0 0 0 0
 0 0 0 0 0
 0 0 0 0 0
 0 0 0 0 0
 0 0 0 0 0
 0 0 0 0 0
 0 0 0 0 0
 0 0 0 0 0
 0 0 0 0 0
 0 0 0 0 0
 0 0 0 0 0
 0 0 0 0 0
 0 0 0 0 0
 0.505614 0.472636 0.0217494 0 0
 0 0 0 0 0
 0.443492 0.261883 0.143347 0.151278 0
 0.227955 0.32914 0.350689 0.0885471 0.00366901
 0.970185 0.0296113 0.000203453 0 0
 0.997202 0.00247181 0.000326279 0 0
 0.445219 0.490057 0.0546422 0.010081 0
 0.90214 0.0892962 0.00764917 0.000914606 0
 0 0 0 0 0
 0.581667 0.319106 0.0959925 0.00289975 0.000334073
 0.762889 0.0836404 0.116647 0.0363945 0.000428098
 0.88444 0.0763242 0.0277011 0.0115352 0
 0.521256 0.241999 0.230069 0.00667565 0
 0.616807 0.101726 0.260614 0.0208532 0
 0.833518 0.0704572 0.0857862 0.0102388 0
 0.697417 0.212968 0.0787535 0.0105354 0.000325836
 0 0 0 0 0
ppred_PELACES
 0.54208 0.190411 0.245978 0.0215306 1.02143e-06
 0.496324 0.355729 0.0615187 0.0794716 0.00695653
 0.631043 0.247123 0.0860473 0.0148807 0.0209061
 0.772218 0.177386 0.0337547 0.0117533 0.00488815
 0.652552 0.304105 0.0337531 0.00642288 0.00316654
 0.756244 0.192949 0.0444685 0.00493563 0.00140224
 0.412831 0.506777 0.0636353 0.0146659 0.00209025
 0.40902 0.351202 0.206949 0.0259863 0.00684257
 0.519955 0.279642 0.119094 0.0701769 0.0111324
 0.79726 0.140288 0.0363805 0.0154937 0.0105781
 0.912685 0.0780651 0.0064008 0.0016599 0.00118955
 0.831658 0.160737 0.00679919 0.000557487 0.000248177
 0.479232 0.474021 0.0446356 0.00188809 0.000223728
 0.630353 0.24196 0.116225 0.0109442 0.000517796
 0.982698 0.0137913 0.00229816 0.00110392 0.000108867
 0.930809 0.0686097 0.000463391 7.72189e-05 4.07498e-05
 0.270839 0.703752 0.0251956 0.000170172 4.33218e-05
 0.851345 0.0642751 0.0814391 0.00291567 2.47057e-05
 0.905226 0.0875125 0.00313953 0.00397791 0.000143623
 0.74037 0.247223 0.0114567 0.00041101 0.000539569
 0.668427 0.28315 0.046109 0.00213675 0.00017729
 0.576994 0.340176 0.0707329 0.0115184 0.000578065
 0.35399 0.477088 0.135845 0.0282463 0.00483056
 0.803196 0.104626 0.0680743 0.0193834 0.00471965
 0.832892 0.149482 0.00937018 0.00609663 0.00215863
 0.402519 0.544623 0.0472829 0.00296389 0.00261123
 0.892617 0.0624118 0.040993 0.00355891 0.000419631
 0.464487 0.505628 0.0173694 0.0114085 0.00110724
 0.464281 0.342408 0.182523 0.00627009 0.00451798
 0.81248 0.120073 0.0431089 0.0229796 0.00135821
 0.373046 0.563129 0.0408688 0.0146728 0.00828373
 0.62194 0.20932 0.151562 0.0109995 0.00617857
 0.920441 0.0616018 0.00994218 0.00719881 0.000815916
pobs_pel_tallas
 0 0 0 0 0 0 0 0 0 0 0 0 0 0 0 0 0 0 0 0 0 0 0 0 0 0
 0 0 0 0 0 0 0 0 0 0 0 0 0 0 0 0 0 0 0 0 0 0 0 0 0 0
 0 0 0 0 0 0 0 0 0 0 0 0 0 0 0 0 0 0 0 0 0 0 0 0 0 0
 0 0 0 0 0 0 0 0 0 0 0 0 0 0 0 0 0 0 0 0 0 0 0 0 0 0
 0 0 0 0 0 0 0 0 0 0 0 0 0 0 0 0 0 0 0 0 0 0 0 0 0 0
 0 0 0 0 0 0 0 0 0 0 0 0 0 0 0 0 0 0 0 0 0 0 0 0 0 0
 0 0 0 0 0 0 0 0 0 0 0 0 0 0 0 0 0 0 0 0 0 0 0 0 0 0
 0 0 0 0 0 0 0 0 0 0 0 0 0 0 0 0 0 0 0 0 0 0 0 0 0 0
 0 0 0 0 0 0 0 0 0 0 0 0 0 0 0 0 0 0 0 0 0 0 0 0 0 0
 0 0 0 0 0 0 0 0 0 0 0 0 0 0 0 0 0 0 0 0 0 0 0 0 0 0
 0 0 0 0 0 0 0 0 0 0 0 0 0 0 0 0 0 0 0 0 0 0 0 0 0 0
 0 0 0 0 0 0 0 0 0 0 0 0 0 0 0 0 0 0 0 0 0 0 0 0 0 0
 0.00862536 0 0 0.000197151 0.00414017 0.0128641 0.00837892 0.0270097 0.101434 0.158115 0.152841 0.127902 0.109271 0.109419 0.0830992 0.0579132 0.0238553 0.00714673 0.00463305 0.00128148 0.00103504 0.000492878 0.000147863 0.000147863 4.92878e-05 0
 0 0 0 0 0 0 0 0 0 0 0 0 0 0 0 0 0 0 0 0 0 0 0 0 0 0
 0 0 0 0 0 0 0 0.0054083 0.00873648 0.0413646 0.0450493 0.0745869 0.0622846 0.0627006 0.0613931 0.0827291 0.12552 0.122667 0.0946155 0.0697135 0.0546179 0.0294188 0.0215738 0.0213955 0.0102223 0.00600262
 0 0 0 0 0.00359764 0.0251062 0.0480494 0.140153 0.205849 0.193036 0.1447 0.116669 0.0760912 0.0342217 0.00950174 0.001854 0.000860785 0 0 0 0.000165536 0 0.000143464 0 0 0
 0 0 0 0 0 0 0 0.000145254 0.000435761 0.0275982 0.070085 0.0708112 0.156366 0.174668 0.174014 0.160142 0.0824315 0.0480064 0.0283245 0.00493863 0.00203355 0 0 0 0 0
 0 0 0 0 0 0 0 0 0 0 0 0 0 0 0 0 0 0 0 0 0 0 0 0 0 0
 0 0 1.00437e-05 0.000401748 0.00122533 0.00171747 0.00176769 0.0269171 0.070346 0.194647 0.189555 0.159765 0.064822 0.0314167 0.0384472 0.0292271 0.0345202 0.0313363 0.0194345 0.0106764 0.0143323 0.0359363 0.0279516 0.0138201 0.00172751 0
 0 0.0021121 0.0136068 0.0755702 0.200478 0.177729 0.0527432 0.0373336 0.0318909 0.0142505 0.0149659 0.0166563 0.0217959 0.0798694 0.0677717 0.0528807 0.04013 0.0224614 0.0357745 0.0225083 0.00881397 0.00855152 0.00135912 0.000746735 0 0
 0 0 0 0 5.4009e-05 0.00500934 0.000945158 0.0243581 0.138947 0.33067 0.221406 0.137944 0.0707744 0.0437923 0.0131692 0.00525238 0.0047753 0.00276346 9.45158e-05 9.00151e-06 2.25038e-05 9.00151e-06 4.50075e-06 0 0 0
 0.000866109 0.00284123 0.00948549 0.0512746 0.133035 0.25785 0.225252 0.132002 0.0553304 0.0519788 0.0540692 0.017754 0.00435017 0.00159236 0.00146478 0.000404838 0.000125132 0.000115318 0.000107957 0.000100596 0 0 0 0 0 0
 0 0 0 0 0.00144013 0.00171154 0.00461396 0.0210425 0.0478622 0.0707936 0.0888783 0.103762 0.0637923 0.0337046 0.0602308 0.124433 0.169614 0.0934646 0.0462172 0.0250306 0.0313229 0.00938855 0.002487 0.000210481 0 0
 0 0.00764035 0.051015 0.0998891 0.058973 0.0496711 0.0374665 0.0718981 0.12319 0.153886 0.159021 0.0857701 0.0377988 0.023471 0.0147837 0.00900784 0.00315554 0.000888139 0.00291439 0.00214683 0.00393193 0.00274676 0.000635225 9.99891e-05 0 0
 0 0 0 0 0 0 0 0 0 0 0 0 0 0 0 0 0 0 0 0 0 0 0 0 0 0
 0 0 0 0 0 0 0 0 0 0 0 0 0 0 0 0 0 0 0 0 0 0 0 0 0 0
 0 0 0 0 0 0 0 0 0 0 0 0 0 0 0 0 0 0 0 0 0 0 0 0 0 0
 0 0 0 0 0 0 0 0 0 0 0 0 0 0 0 0 0 0 0 0 0 0 0 0 0 0
 0 0 0 0 0 0 0 0 0 0 0 0 0 0 0 0 0 0 0 0 0 0 0 0 0 0
 0 0 0 0 0 0 0 0 0 0 0 0 0 0 0 0 0 0 0 0 0 0 0 0 0 0
 0 0 0 0 0 0 0 0 0 0 0 0 0 0 0 0 0 0 0 0 0 0 0 0 0 0
 0 0 0 0 0 0 0 0 0 0 0 0 0 0 0 0 0 0 0 0 0 0 0 0 0 0
 0 0 0 0 0 0 0 0 0 0 0 0 0 0 0 0 0 0 0 0 0 0 0 0 0 0
ppred_pel_tallas
 1.09307e-16 4.46504e-05 0.000434018 0.0028842 0.0131112 0.0407939 0.0869163 0.126861 0.12688 0.0870078 0.0411021 0.0140059 0.00514658 0.00542722 0.00968681 0.0163578 0.0245222 0.0328371 0.0398876 0.0449028 0.0479985 0.0496825 0.0501131 0.0488444 0.0452684 0.0392845
 1.11014e-16 4.08816e-05 0.000397384 0.00264076 0.0120045 0.0373507 0.0795809 0.116158 0.116192 0.0797486 0.0379141 0.0136325 0.00672962 0.00933178 0.0170348 0.0281691 0.0407542 0.0516557 0.0577334 0.0576166 0.0525392 0.0454675 0.0392236 0.0350634 0.0325578 0.0304629
 1.07577e-16 5.19782e-05 0.000505247 0.00335755 0.0152629 0.0474888 0.101181 0.147681 0.147705 0.101298 0.0478813 0.0163979 0.0062106 0.0067474 0.011948 0.0197783 0.0287413 0.0366825 0.0414345 0.0419996 0.0391069 0.0346261 0.0303341 0.0270231 0.0244811 0.0220761
 1.03026e-16 6.36066e-05 0.000618279 0.00410868 0.0186775 0.0581127 0.123816 0.180716 0.180733 0.123899 0.0583935 0.0194889 0.00614619 0.00506892 0.00852435 0.0140136 0.0202328 0.0255548 0.0283661 0.0279276 0.024805 0.0204629 0.0163592 0.0132516 0.0111191 0.0095397
 1.02232e-16 5.37499e-05 0.000522468 0.00347199 0.0157832 0.0491074 0.10463 0.152716 0.152746 0.104773 0.049588 0.017171 0.00695488 0.00812311 0.0144812 0.0238356 0.0342841 0.0430139 0.0471927 0.0455108 0.0389595 0.0301602 0.0218068 0.0154309 0.0111972 0.00848704
 1.02065e-16 6.22909e-05 0.00060549 0.00402369 0.0182911 0.0569106 0.121255 0.176979 0.176997 0.121346 0.0572163 0.0191743 0.00624178 0.00545164 0.00927773 0.0152697 0.0220602 0.0278842 0.0309774 0.0305107 0.0270589 0.0221682 0.0173935 0.0135689 0.0107357 0.0085412
 1.03791e-16 3.40045e-05 0.000330536 0.00219653 0.00998513 0.0310677 0.0661948 0.0966235 0.0966723 0.0664334 0.0318688 0.0122988 0.00800343 0.0130048 0.0240979 0.0397669 0.0572394 0.0718877 0.0790078 0.0764193 0.0657551 0.0513409 0.0376076 0.027052 0.0199197 0.015192
 1.09826e-16 3.36905e-05 0.000327484 0.00217625 0.00989293 0.0307808 0.0655829 0.0957273 0.0957614 0.0657497 0.0313413 0.0115152 0.00626027 0.00928253 0.0171569 0.0286126 0.0419177 0.0541776 0.0624093 0.0651595 0.0632164 0.0587695 0.0537738 0.0489042 0.0437478 0.0377229
 1.1243e-16 4.28281e-05 0.000416304 0.00276649 0.0125761 0.039129 0.0833694 0.121686 0.121713 0.0835019 0.0395743 0.0138641 0.006007 0.00751508 0.0135982 0.0226081 0.0330292 0.0425328 0.0487773 0.0507197 0.0491903 0.0461761 0.0434088 0.0414023 0.0395384 0.0368576
 1.0443e-16 6.56693e-05 0.000638329 0.00424192 0.0192832 0.0599971 0.127831 0.186576 0.186589 0.127897 0.0602196 0.0199262 0.0058577 0.00417096 0.00679083 0.0111656 0.016181 0.0205707 0.0230946 0.0231973 0.0213304 0.0186161 0.0161274 0.014352 0.0131578 0.0121231
 1.00573e-16 7.51766e-05 0.000730744 0.00485605 0.0220749 0.0686832 0.146337 0.213585 0.213593 0.146374 0.0688065 0.0224309 0.00574934 0.00267962 0.00377297 0.00610942 0.00877234 0.0109869 0.0120197 0.0115351 0.00979369 0.00748057 0.0053022 0.00366373 0.00261085 0.00197736
 1.00336e-16 6.85026e-05 0.00066587 0.00442494 0.0201151 0.0625858 0.133346 0.194626 0.194641 0.133422 0.0628394 0.0208473 0.00626157 0.00467092 0.00766204 0.0125249 0.0179567 0.0224136 0.0243722 0.0231301 0.0192289 0.0141069 0.00926836 0.00560722 0.00327019 0.00194431
 1.01637e-16 3.94738e-05 0.000383699 0.00254982 0.0115911 0.0360646 0.0768411 0.112161 0.112207 0.0770641 0.0368133 0.0137532 0.00797488 0.0122199 0.0224982 0.0370779 0.0532798 0.0667248 0.072966 0.0699336 0.0591664 0.0447814 0.0310514 0.0204696 0.0134054 0.00898187
 1.04602e-16 5.19214e-05 0.000504694 0.00335387 0.0152462 0.0474368 0.10107 0.147519 0.147543 0.101185 0.0478221 0.0163606 0.00615729 0.00664468 0.0117715 0.0195309 0.0284833 0.0365503 0.0416163 0.0426539 0.0402461 0.0360257 0.0315317 0.0274341 0.0235977 0.0196632
 1.002e-16 8.09435e-05 0.0007868 0.00522856 0.0237683 0.073952 0.157563 0.229967 0.229969 0.157569 0.0739738 0.0238313 0.00538686 0.0011325 0.000737899 0.00109287 0.00156904 0.00197855 0.00219077 0.00214777 0.00189393 0.00154426 0.00121381 0.000963167 0.000791871 0.000667544
 1.00046e-16 7.66695e-05 0.000745255 0.00495248 0.0225133 0.0700472 0.149243 0.217826 0.217833 0.149275 0.0701553 0.0228255 0.00573555 0.00245224 0.00331131 0.00533391 0.00763161 0.00950278 0.0102903 0.0096936 0.00794912 0.00568296 0.00355366 0.00195819 0.000967205 0.000444558
 1.00932e-16 2.23088e-05 0.000216849 0.00144104 0.00655081 0.0203824 0.0434293 0.0634005 0.0634682 0.0437601 0.0214926 0.00975602 0.00948045 0.0177466 0.0332546 0.0547835 0.0785439 0.0979853 0.106442 0.100832 0.0835318 0.060859 0.0394353 0.0232178 0.0128844 0.00708283
 1.02664e-16 7.01242e-05 0.000681632 0.00452969 0.0205913 0.0640672 0.136502 0.19923 0.199237 0.136533 0.0641712 0.020893 0.0052924 0.00236428 0.00331726 0.00550683 0.00823584 0.0109984 0.0133032 0.0148806 0.0157663 0.0161394 0.0160751 0.0154562 0.014114 0.0120439
 1.00537e-16 7.45623e-05 0.000724772 0.00481637 0.0218945 0.068122 0.145141 0.21184 0.211848 0.145183 0.0682601 0.0222932 0.00581646 0.00290578 0.00421027 0.00682577 0.00978694 0.0122273 0.0133211 0.0126936 0.0106471 0.00796785 0.00546897 0.00362027 0.00247533 0.00183558
 1.00527e-16 6.09833e-05 0.00059278 0.00393923 0.0179072 0.055716 0.11871 0.173265 0.173289 0.118826 0.0561061 0.0190335 0.0067644 0.00675371 0.0117427 0.0192664 0.02763 0.0344955 0.0375235 0.0356333 0.0296553 0.0217969 0.0143662 0.00873431 0.00512665 0.00306549
 1.01648e-16 5.50575e-05 0.000535178 0.00355645 0.0161671 0.0503021 0.107175 0.156431 0.156458 0.107308 0.05075 0.0174608 0.00680407 0.0076255 0.0135229 0.0222734 0.0320886 0.0403642 0.0444722 0.04318 0.0373627 0.0293819 0.0216591 0.0155641 0.0112584 0.00824491
 1.03382e-16 4.75263e-05 0.000461973 0.00306997 0.0139557 0.0434215 0.0925152 0.135036 0.135068 0.0926756 0.0439601 0.0155119 0.00697797 0.00899855 0.0162757 0.0268722 0.0387988 0.0489812 0.0543033 0.0533051 0.0470176 0.0382021 0.0296434 0.0228475 0.0178978 0.0141554
 1.07693e-16 2.91578e-05 0.000283424 0.00188346 0.00856194 0.0266396 0.0567602 0.0828529 0.082899 0.0569855 0.0273964 0.010749 0.00737871 0.0122973 0.0228973 0.0379429 0.0549706 0.0697851 0.0781017 0.07791 0.0705998 0.0598675 0.0493461 0.040854 0.0342952 0.0287131
 1.04734e-16 6.61582e-05 0.000643082 0.0042735 0.0194267 0.0604438 0.128782 0.187964 0.187974 0.128832 0.0606111 0.0199111 0.00549369 0.00332119 0.00519492 0.00859524 0.0126378 0.0164452 0.019161 0.0203833 0.0203576 0.0197095 0.0189493 0.0181679 0.0171204 0.0155353
 1.01286e-16 6.86043e-05 0.000666858 0.00443151 0.020145 0.0626786 0.133544 0.194914 0.194929 0.133614 0.0629146 0.0208265 0.00614125 0.0043965 0.00714391 0.0116811 0.0167729 0.0209943 0.0229465 0.0219926 0.0186432 0.0142243 0.0101005 0.00704866 0.00514263 0.00403859
 1.02243e-16 3.31551e-05 0.000322279 0.00214166 0.00973571 0.0302917 0.0645416 0.0942113 0.0942638 0.0647978 0.0311518 0.0122194 0.00837353 0.0139179 0.0258282 0.0425793 0.0611738 0.0765863 0.0837078 0.080167 0.0677486 0.051207 0.0354761 0.023432 0.0154883 0.010604
 1.01627e-16 7.35237e-05 0.000714676 0.00474928 0.0215895 0.067173 0.143119 0.208888 0.208894 0.143149 0.0672728 0.0218782 0.0054764 0.00230994 0.00312641 0.00511251 0.00749756 0.00971857 0.0112442 0.0118124 0.0115493 0.0108215 0.00995131 0.0090422 0.00802289 0.00681231
 1.01963e-16 3.82593e-05 0.000371894 0.00247137 0.0112345 0.034955 0.0744772 0.108712 0.10876 0.0747148 0.0357528 0.0135376 0.00824832 0.0129692 0.0239223 0.039382 0.0564801 0.0705073 0.0766947 0.0728543 0.0607162 0.0448262 0.0299176 0.0187723 0.0117872 0.00789661
 1.06749e-16 3.82422e-05 0.000371728 0.00247027 0.0112295 0.0349393 0.0744431 0.108659 0.108692 0.0746055 0.035485 0.0128084 0.00644328 0.00907711 0.0166655 0.0277349 0.0405142 0.0521147 0.0595607 0.0613882 0.0583746 0.0527459 0.0465842 0.0407716 0.0351138 0.0291693
 1.0381e-16 6.69229e-05 0.000650515 0.0043229 0.0196513 0.0611425 0.130271 0.190137 0.190148 0.130328 0.0613333 0.0202032 0.00571061 0.00368779 0.00585873 0.00964188 0.0140305 0.0179584 0.0203864 0.020843 0.0196832 0.0177939 0.0159901 0.0145892 0.0134231 0.0121486
 1.04197e-16 3.07274e-05 0.000298681 0.00198485 0.00902285 0.0280737 0.0598161 0.0873147 0.0873689 0.0600809 0.028963 0.0115905 0.008427 0.0143523 0.026693 0.044007 0.0632201 0.079146 0.0865211 0.0829306 0.0702714 0.053511 0.0377738 0.0259995 0.0185132 0.0140893
 1.06576e-16 5.12284e-05 0.000497958 0.00330911 0.0150427 0.0468037 0.0997209 0.14555 0.14557 0.0998205 0.0471386 0.0160127 0.00575298 0.00586315 0.010329 0.0172248 0.0253421 0.0329783 0.03839 0.0407084 0.0403348 0.0384357 0.0360016 0.0332878 0.0299945 0.0258393
 1.01163e-16 7.58155e-05 0.000736954 0.00489732 0.0222625 0.0692669 0.147581 0.2154 0.215406 0.14761 0.0693644 0.0225442 0.0056045 0.00228147 0.00301136 0.0048645 0.00701525 0.0088555 0.00982341 0.00966658 0.00858863 0.00710564 0.00572778 0.00471409 0.00404414 0.00355307
pSPR Fmed_Fpbrs
0.546897   0.216747 0.216747
Fs Fmed_Fpbrs
0.34   1.005 1.005
SSBpbr Bo_Bmed_Bpbrs
564518  280507  94131.9 94131.9
Ro
91209.1
SPR SPRFo_SPRFmed_SPRFpbrs
657102 359367 142425
Fref
1.005
Nvult_r0
 85648.4 3660.23 590.741 427.736 48.4798
CTP_r0
 37624 1834.68 296.107 214.401 24.3003
YTP_r0
330399
Np
 76002.9 12773 2127.53 68.2635 12.501
Nvult_p0
 63229.9 11053 1841.04 59.0712 10.8176
CTP_p0
 27775.9 6852.92 219.881 35.4876 28.7749
 27775.9 5540.29 922.816 29.6092 5.42227
YTP_p0
 336432 329439
CBA_c0
332209
log_Ro
11.2409
likeval ReclasPelacesDesembMPH_pf_preclas_ppelaces_ptallas_desvR_qrecl_qpela
 47.0114 361.278 0.038525 164.772 263.134 160.488 136.034 0 28.6949 0.000129844 0 0.032049 0 0 0
q_reclas_q_pelaces
5.01025 1
M
1
N
 144777 27419.6 35421.4 3100.46 0.147088
 93641.5 38621.1 6679 8628.12 755.261
 84094.6 18931 6591.69 1139.95 1601.52
 125803 17076.2 3249.42 1131.44 470.561
 92397.6 22715.7 2521.25 479.769 236.531
 196276 27049.6 6234.05 691.927 196.58
 69375.5 51961.2 6524.69 1503.73 214.319
 24475.6 10929.1 6440.08 808.672 212.935
 23723.1 7615.82 3243.41 1911.21 303.181
 33056.4 4103.06 1064.03 453.149 309.381
 62210.2 2806.92 230.149 59.6838 42.7718
 166098 18216.4 770.556 63.1803 28.1261
 62500.6 35640.9 3356.09 141.963 16.8218
 32767.5 12535.1 6021.2 566.98 26.8252
 75480.3 638.263 106.359 51.0894 5.03839
 295430 12543.4 84.7186 14.1174 7.45001
 40500.1 59470.3 2129.14 14.3803 3.66089
 182728 8844.45 11206.3 401.205 3.39958
 392544 23312.4 836.34 1059.68 38.2598
 318508 60070.8 2783.76 99.8682 131.106
 300787 69715 11352.6 526.095 43.6511
 215892 75378.4 15673.4 2552.31 128.091
 48286.5 38617.7 10996 2286.39 391.008
 109057 8563.38 5571.69 1586.48 386.29
 171526 18089.5 1133.93 737.781 261.226
 40582.2 31716.7 2753.57 172.605 152.068
 211976 8073.18 5302.58 460.357 54.2807
 89855.7 54146.3 1860.05 1221.71 118.572
 50995.9 21427.3 11422 392.371 282.728
 133324 10757 3862.01 2058.68 121.678
 36482 33725.3 2447.6 878.74 496.105
 27416.3 5657.54 4096.44 297.297 166.995
 102950 4229.82 682.669 494.298 56.024
pred_Ctot
 25819.7 6054.8 7821.77 684.645 0.0324801
 27977.8 13913.1 2406.08 3108.25 272.08
 24981.1 6783.32 2361.93 408.464 573.855
 42860.9 6946.19 1321.79 460.242 191.413
 12151.6 3735.14 414.57 78.8883 38.8928
 35727.9 6091.86 1403.97 155.829 44.2718
 26821.3 23719.4 2978.41 686.426 97.8327
 2418.2 1359 800.801 100.556 26.4777
 8438.75 3222.9 1372.56 808.795 128.301
 17983.5 2528.5 655.709 279.253 190.655
 8173.95 461.125 37.8091 9.80493 7.02661
 45694.6 6075.27 256.985 21.071 9.3802
 18866.1 12962.6 1220.61 51.632 6.11809
 23971.4 9822.86 4718.38 444.301 21.021
 27868.2 279.433 46.5645 22.3671 2.20582
 88756.8 4542.05 30.6771 5.11199 2.69769
 10850.3 19346.1 692.627 4.67801 1.19092
 81992.1 4612.7 5844.47 209.243 1.77301
 155355 10869 389.927 494.053 17.8379
 85030.7 19476.9 902.587 32.3805 42.5087
 62527.4 17831.6 2903.75 134.564 11.165
 74271.7 30936.9 6432.71 1047.52 52.5713
 16757.2 15976.9 4549.24 945.925 161.768
 40332.6 3754.79 2443.02 695.624 169.377
 56978.7 7189.09 450.642 293.207 103.816
 12376.9 11646.5 1011.12 63.3812 55.8398
 42184.9 1980.59 1300.88 112.94 13.3167
 20694.5 15269.2 524.53 344.519 33.437
 14381.5 7314.05 3898.81 133.933 96.5069
 27138.6 2696.68 968.165 516.088 30.5035
 14286.2 15574.3 1130.3 405.801 229.101
 10780.5 2622.39 1898.79 137.804 77.406
 40652.6 1968.08 317.637 229.991 26.0673
F
 0.321396 0.41229 0.41229 0.41229 0.41229
 0.598675 0.767987 0.767987 0.767987 0.767987
 0.59426 0.762323 0.762323 0.762323 0.762323
 0.711661 0.912927 0.912927 0.912927 0.912927
 0.22843 0.293032 0.293032 0.293032 0.293032
 0.329025 0.422077 0.422077 0.422077 0.422077
 0.848103 1.08796 1.08796 1.08796 1.08796
 0.167447 0.214803 0.214803 0.214803 0.214803
 0.754718 0.968161 0.968161 0.968161 0.968161
 1.46613 1.88076 1.88076 1.88076 1.88076
 0.228196 0.292733 0.292733 0.292733 0.292733
 0.539087 0.691547 0.691547 0.691547 0.691547
 0.606641 0.778206 0.778206 0.778206 0.778206
 2.93844 3.76947 3.76947 3.76947 3.76947
 0.794673 1.01942 1.01942 1.01942 1.01942
 0.602955 0.773478 0.773478 0.773478 0.773478
 0.521513 0.669003 0.669003 0.669003 0.669003
 1.05901 1.35851 1.35851 1.35851 1.35851
 0.877124 1.12518 1.12518 1.12518 1.12518
 0.519232 0.666076 0.666076 0.666076 0.666076
 0.383883 0.492449 0.492449 0.492449 0.492449
 0.721067 0.924993 0.924993 0.924993 0.924993
 0.729657 0.936012 0.936012 0.936012 0.936012
 0.796538 1.02181 1.02181 1.02181 1.02181
 0.687892 0.882436 0.882436 0.882436 0.882436
 0.614782 0.788649 0.788649 0.788649 0.788649
 0.364781 0.467945 0.467945 0.467945 0.467945
 0.433539 0.556149 0.556149 0.556149 0.556149
 0.556184 0.713479 0.713479 0.713479 0.713479
 0.374532 0.480454 0.480454 0.480454 0.480454
 0.86383 1.10813 1.10813 1.10813 1.10813
 0.868978 1.11474 1.11474 1.11474 1.11474
 0.874282 1.12154 1.12154 1.12154 1.12154
YTP_r0W_actual
 283685 32015.1 7127.29 6715.05 856.587
YTP_p0W_proyectada
 209430 119583 5292.53 1111.47 1014.32
 209430 96678 22212.2 927.361 191.135
CTP_r0_actual
 37624 1834.68 296.107 214.401 24.3003
CTP_p0_proyectada
 27775.9 6852.92 219.881 35.4876 28.7749
 27775.9 5540.29 922.816 29.6092 5.42227
Wmedp
 7.54 17.45 24.07 31.32 35.25
Frms_r0
 0.783436 1.005 1.005 1.005 1.005
Zrms_r0
 1.78344 2.005 2.005 2.005 2.005
nmprior
 7.29 8.9 8.7 0
nm_flota  nm_reclas  nm_pelaces    nm_pelaL
inf 7.81235 5.13395 9.87717
cv_recla  cv_pelaces  cv_mph
0.593789 2.08215 0.514599
 ------------------------------------------------
Talla a la edad & desviaci?n 
 8 13.2811 15.8009 17.003 17.5766
 0.8 1.32811 1.58009 1.7003 1.75766
