years
 1991 1992 1993 1994 1995 1996 1997 1998 1999 2000 2001 2002 2003 2004 2005 2006 2007 2008 2009 2010 2011 2012 2013 2014 2015 2016 2017 2018 2019 2020 2021 2022 2023
reclasobs
 0 0 0 0 0 0 0 0 0 252601 567819 844713 477998 351125 339783 2.1784e+06 2.13404e+06 4.81314e+06 1.55562e+06 2.62356e+06 3.21686e+06 3.843e+06 1.13348e+06 3.07943e+06 1.97215e+06 2.03268e+06 2.025e+06 2.42433e+06 2.27542e+06 1.05018e+06 2.36338e+06 3.18982e+06 1.53035e+06
reclaspred
 6.25841e+06 3.21286e+06 1.50233e+06 1.56748e+06 2.0616e+06 4.10078e+06 2.7365e+06 2.05875e+06 1.1281e+06 320213 541494 1.78637e+06 1.99047e+06 278671 833842 1.55314e+06 1.69859e+06 2.14749e+06 2.41101e+06 2.86507e+06 5.81832e+06 3.43097e+06 1.83821e+06 1.68411e+06 1.70674e+06 1.62979e+06 1.99182e+06 1.92015e+06 1.60229e+06 2.14602e+06 1.35108e+06 710015 1.21489e+06
pelacesobs
 0 0 0 0 0 0 0 0 0 0 0 0 0 0 0 552880 188675 0 991730 2.46772e+06 1.41603e+06 1.21717e+06 2.29649e+06 1.80582e+06 0 1.4828e+06 1.56532e+06 1.57751e+06 1.42118e+06 867257 1.10002e+06 1.06204e+06 0
pelacespred
 6.37534e+06 3.01223e+06 1.27032e+06 889161 1.53607e+06 3.00922e+06 1.97572e+06 2.21175e+06 1.0562e+06 149821 318650 945009 1.34452e+06 89125.8 422435 691659 894791 1.06605e+06 1.18537e+06 1.49726e+06 3.43551e+06 2.31563e+06 1.23055e+06 998828 929182 980396 1.41618e+06 1.27378e+06 1.00602e+06 1.51452e+06 806265 412274 586990
mphobs
 0 0 0 0 0 0 0 0 0 0 0 0 498337 0 5186 125008 0 168611 109162 213762 579715 649985 157893 87575 83554 210694 70296 0 107559 103333 445601 22526 28222
mphpred
 624275 431534 183138 111788 174168 261766 439151 179780 150736 52565.5 14988.5 96961.8 251816 87500.4 6185.7 101856 178471 146270 153896 207061 387773 414889 184886 91206.2 130239 168815 97724.1 192060 192412 121222 185184 56940.4 33668.6
desembarqueobs
 494567 514787 250237 358949 120608 361735 552515 73892 212993 205616 52469 317467 293654 387597 252695 516296 358380 742168 942051 627588 828172 859565 418607 520667 417249 300574 415391 372974 316634 284311 391294 218835 356480
desembarquepred
 494548 514483 250354 358935 120608 361709 552459 73898 213078 205692 52470.7 317404 293855 387776 252562 516187 358391 741732 941044 627148 828494 859983 418477 520730 417046 300687 415348 372936 316340 284113 391703 218889 356526
Reclutas
 143075 93304.4 86587.2 122996 90352.2 192136 64142.5 23112.2 22496.6 30515.4 50193.1 170190 63452.6 33786.2 73847 197388 66308 207027 317314 268739 256182 233298 54376.5 99670.4 167638 33343.6 124952 91887.6 59231.3 120912 34540.5 30352.5 109443
log_desv_Rt
 0.488861 0.0613604 -0.0133553 0.337645 0.029208 0.783694 -0.3134 -1.33414 -1.36114 -1.05628 -0.55863 0.662411 -0.324213 -0.954456 -0.172511 0.810666 -0.280196 0.858344 1.28539 1.11923 1.07138 0.977811 -0.478575 0.127362 0.647303 -0.96764 0.353423 0.0460586 -0.393057 0.320555 -0.932375 -1.06163 0.220895
SSB
 624275 431534 183138 111788 174168 261766 439151 179780 150736 52565.5 14988.5 96961.8 238098 83035.7 5916.07 97015.1 178471 146270 162301 215695 416254 488752 237858 110881 138945 199040 103752 192060 205133 117236 227282 75676.4 36849.3
BT
 1.14577e+06 870020 392700 539412 442053 1.17769e+06 794390 434600 375687 232162 194566 657893 568465 404803 503225 735390 522026 1.06953e+06 1.42241e+06 1.02466e+06 1.80798e+06 1.29402e+06 620455 881505 665603 476755 1.00494e+06 750182 466315 794024 508158 296576 605561
Ftot
 0.568789 1.05403 1.04828 1.16735 0.350382 0.491133 1.23182 0.252061 1.18181 2.68849 0.446023 0.847163 0.86724 4.23729 1.22834 1.43468 1.11054 1.57148 1.65867 1.04256 0.771906 1.34063 1.29032 1.44168 1.15707 1.05878 0.995093 0.968874 1.13409 0.671838 1.56052 1.58601 1.25676
BD_Bspro_t
 0.913012 0.525487 0.257487 0.188365 0.243272 0.373346 0.437573 0.223331 0.252287 0.128173 0.0553394 0.355115 0.404526 0.15457 0.0156051 0.198401 0.22429 0.176019 0.163092 0.17867 0.242137 0.263188 0.169031 0.103839 0.146276 0.220002 0.153386 0.274508 0.277162 0.190762 0.30962 0.125856 0.101269
BD_Bspro
 0.98748 0.682602 0.289689 0.176826 0.275498 0.414062 0.694649 0.284376 0.238435 0.0831482 0.0237089 0.153374 0.376623 0.131346 0.00935806 0.153459 0.282306 0.231371 0.256728 0.341187 0.658431 0.773109 0.376244 0.175392 0.219784 0.314841 0.164115 0.303802 0.32448 0.185444 0.359515 0.119705 0.0582882
BD_Bo
 1.67 1.1544 0.489915 0.299045 0.465917 0.700252 1.17477 0.480931 0.403236 0.140618 0.0400959 0.259383 0.636936 0.222129 0.0158261 0.259526 0.47743 0.391289 0.434173 0.577008 1.11352 1.30746 0.636294 0.296618 0.371694 0.532452 0.277547 0.513782 0.548754 0.313619 0.608003 0.202442 0.0985757
BD_Brms
 8.64544 5.97622 2.53624 1.54813 2.41201 3.62514 6.0817 2.48973 2.08752 0.727967 0.207573 1.3428 3.29736 1.14994 0.0819304 1.34354 2.47161 2.02566 2.24767 2.98711 5.7646 6.76862 3.29403 1.53556 1.92422 2.75646 1.43683 2.6598 2.84085 1.62358 3.14757 1.04803 0.510317
Sel_flota
 0.6651 1 1 1 1
 0.6651 1 1 1 1
 0.6651 1 1 1 1
 0.6651 1 1 1 1
 0.6651 1 1 1 1
 0.6651 1 1 1 1
 0.6651 1 1 1 1
 0.6651 1 1 1 1
 0.6651 1 1 1 1
 0.6651 1 1 1 1
 0.6651 1 1 1 1
 0.6651 1 1 1 1
 0.6651 1 1 1 1
 0.6651 1 1 1 1
 0.6651 1 1 1 1
 0.6651 1 1 1 1
 0.6651 1 1 1 1
 0.6651 1 1 1 1
 0.6651 1 1 1 1
 0.6651 1 1 1 1
 0.6651 1 1 1 1
 0.6651 1 1 1 1
 0.6651 1 1 1 1
 0.6651 1 1 1 1
 0.6651 1 1 1 1
 0.6651 1 1 1 1
 0.6651 1 1 1 1
 0.6651 1 1 1 1
 0.6651 1 1 1 1
 0.6651 1 1 1 1
 0.6651 1 1 1 1
 0.6651 1 1 1 1
 0.6651 1 1 1 1
Sel_reclas
 0.262411 0.641635 0.900107 0.978424 0.995637
 0.262411 0.641635 0.900107 0.978424 0.995637
 0.262411 0.641635 0.900107 0.978424 0.995637
 0.262411 0.641635 0.900107 0.978424 0.995637
 0.262411 0.641635 0.900107 0.978424 0.995637
 0.262411 0.641635 0.900107 0.978424 0.995637
 0.262411 0.641635 0.900107 0.978424 0.995637
 0.262411 0.641635 0.900107 0.978424 0.995637
 0.262411 0.641635 0.900107 0.978424 0.995637
 0.262411 0.641635 0.900107 0.978424 0.995637
 0.262411 0.641635 0.900107 0.978424 0.995637
 0.262411 0.641635 0.900107 0.978424 0.995637
 0.262411 0.641635 0.900107 0.978424 0.995637
 0.262411 0.641635 0.900107 0.978424 0.995637
 0.262411 0.641635 0.900107 0.978424 0.995637
 0.262411 0.641635 0.900107 0.978424 0.995637
 0.262411 0.641635 0.900107 0.978424 0.995637
 0.262411 0.641635 0.900107 0.978424 0.995637
 0.262411 0.641635 0.900107 0.978424 0.995637
 0.262411 0.641635 0.900107 0.978424 0.995637
 0.262411 0.641635 0.900107 0.978424 0.995637
 0.262411 0.641635 0.900107 0.978424 0.995637
 0.262411 0.641635 0.900107 0.978424 0.995637
 0.262411 0.641635 0.900107 0.978424 0.995637
 0.262411 0.641635 0.900107 0.978424 0.995637
 0.262411 0.641635 0.900107 0.978424 0.995637
 0.262411 0.641635 0.900107 0.978424 0.995637
 0.262411 0.641635 0.900107 0.978424 0.995637
 0.262411 0.641635 0.900107 0.978424 0.995637
 0.262411 0.641635 0.900107 0.978424 0.995637
 0.262411 0.641635 0.900107 0.978424 0.995637
 0.262411 0.641635 0.900107 0.978424 0.995637
 0.262411 0.641635 0.900107 0.978424 0.995637
Sel_pelaces
 0.0813674 0.308323 0.691677 0.918633 0.982704
 0.0813674 0.308323 0.691677 0.918633 0.982704
 0.0813674 0.308323 0.691677 0.918633 0.982704
 0.0813674 0.308323 0.691677 0.918633 0.982704
 0.0813674 0.308323 0.691677 0.918633 0.982704
 0.0813674 0.308323 0.691677 0.918633 0.982704
 0.0813674 0.308323 0.691677 0.918633 0.982704
 0.0813674 0.308323 0.691677 0.918633 0.982704
 0.0813674 0.308323 0.691677 0.918633 0.982704
 0.0813674 0.308323 0.691677 0.918633 0.982704
 0.0813674 0.308323 0.691677 0.918633 0.982704
 0.0813674 0.308323 0.691677 0.918633 0.982704
 0.0813674 0.308323 0.691677 0.918633 0.982704
 0.0813674 0.308323 0.691677 0.918633 0.982704
 0.0813674 0.308323 0.691677 0.918633 0.982704
 0.0813674 0.308323 0.691677 0.918633 0.982704
 0.0813674 0.308323 0.691677 0.918633 0.982704
 0.0813674 0.308323 0.691677 0.918633 0.982704
 0.0813674 0.308323 0.691677 0.918633 0.982704
 0.0813674 0.308323 0.691677 0.918633 0.982704
 0.0813674 0.308323 0.691677 0.918633 0.982704
 0.0813674 0.308323 0.691677 0.918633 0.982704
 0.0813674 0.308323 0.691677 0.918633 0.982704
 0.0813674 0.308323 0.691677 0.918633 0.982704
 0.0813674 0.308323 0.691677 0.918633 0.982704
 0.0813674 0.308323 0.691677 0.918633 0.982704
 0.0813674 0.308323 0.691677 0.918633 0.982704
 0.0813674 0.308323 0.691677 0.918633 0.982704
 0.0813674 0.308323 0.691677 0.918633 0.982704
 0.0813674 0.308323 0.691677 0.918633 0.982704
 0.0813674 0.308323 0.691677 0.918633 0.982704
 0.0813674 0.308323 0.691677 0.918633 0.982704
 0.0813674 0.308323 0.691677 0.918633 0.982704
pf_obs 
 0.8446 0.082 0.0669 0.0065 0
 0.8095 0.147 0.0364 0.0071 0
 0.9664 0.0169 0.016 0.0007 0
 0.9276 0.0648 0.0075 0.0001 0
 0.7033 0.2144 0.0806 0.0017 0
 0.9318 0.0425 0.0243 0.0014 0
 0.5671 0.3108 0.0964 0.0239 0.0018
 0.0768 0.2599 0.5324 0.112 0.0189
 0.490249 0.384438 0.106611 0.0170017 0.00170017
 0.7925 0.1577 0.0466 0.003 0.0002
 0.840416 0.127587 0.0312969 0.00059994 9.999e-05
 0.8084 0.0986 0.0794 0.0134 0.0002
 0.7335 0.1905 0.0724 0.0035 0.0001
 0.4001 0.4547 0.1325 0.0127 0
 0.49795 0.308269 0.164784 0.0264974 0.00249975
 0.9179 0.0499 0.0305 0.0017 0
 0.2467 0.6533 0.0926 0.0074 0
 0.9418 0.0223 0.034 0.0019 0
 0.707729 0.231977 0.0356964 0.0245975 0
 0.517169 0.277429 0.184464 0.0207286 0.00020938
 0.811772 0.124168 0.05621 0.00726502 0.000585176
 0.764997 0.148141 0.077277 0.00933861 0.000247198
 0.163321 0.427699 0.378323 0.0303852 0.000271297
 0.753843 0.0900009 0.118128 0.0371064 0.000921714
 0.721811 0.176058 0.0630433 0.0369309 0.00215725
 0.143369 0.312575 0.442814 0.0836902 0.0175525
 0.692698 0.0596174 0.167031 0.0765114 0.00414204
 0.394062 0.376323 0.152708 0.0712218 0.00568511
 0.125707 0.32114 0.495352 0.0537591 0.00404204
 0.23352 0.215282 0.420074 0.123614 0.00750983
 0.796117 0.104755 0.0508955 0.0450114 0.00322123
 0.162477 0.292055 0.404252 0.121198 0.0200186
 0 0 0 0 0
pf_pred 
 0.675538 0.14954 0.160132 0.0147888 9.28086e-07
 0.602844 0.309325 0.0404797 0.0433471 0.00400352
 0.73946 0.193194 0.0524522 0.00686413 0.00802923
 0.832619 0.141049 0.0195255 0.00530118 0.00150523
 0.732633 0.242285 0.0211357 0.00292582 0.00101991
 0.808364 0.156298 0.032023 0.00279351 0.000521509
 0.457478 0.474841 0.0552006 0.0113097 0.00117078
 0.48847 0.319469 0.168101 0.0195418 0.00441829
 0.58931 0.247078 0.102181 0.0537667 0.0076636
 0.834659 0.121788 0.0262022 0.0108362 0.00651459
 0.946349 0.0502263 0.00252256 0.000542718 0.00035938
 0.898385 0.0982336 0.0031652 0.000158968 5.68491e-05
 0.553188 0.420404 0.0255289 0.000822569 5.60865e-05
 0.615085 0.266103 0.11179 0.0067884 0.000233644
 0.985309 0.0129347 0.00121444 0.000510187 3.20472e-05
 0.927139 0.0723136 0.000481655 4.52228e-05 2.01915e-05
 0.633685 0.352942 0.0132723 8.84024e-05 1.2006e-05
 0.914946 0.0653368 0.0189972 0.000714388 5.40451e-06
 0.900145 0.0957113 0.00318321 0.000925544 3.50683e-05
 0.83245 0.159492 0.00772355 0.000256873 7.75179e-05
 0.774106 0.204098 0.0207474 0.00100471 4.34989e-05
 0.73304 0.229176 0.0341385 0.00347031 0.000175328
 0.502105 0.422035 0.0651234 0.0097009 0.00103596
 0.859744 0.0937823 0.0393927 0.00607861 0.00100218
 0.893738 0.0985258 0.00517259 0.00217271 0.000390543
 0.453134 0.515242 0.0293219 0.0015394 0.000762843
 0.904005 0.0586101 0.035223 0.00200451 0.000157386
 0.732455 0.253123 0.00880539 0.00529179 0.000324796
 0.679055 0.268079 0.0500156 0.00173989 0.0011098
 0.872701 0.10222 0.0209478 0.00390824 0.000222676
 0.468606 0.490085 0.0331712 0.00679774 0.00134052
 0.77677 0.145939 0.0712831 0.00482477 0.00118371
 0.950152 0.0439825 0.0038343 0.00187285 0.000157863
pobs_RECLAS
 0 0 0 0 0
 0 0 0 0 0
 0 0 0 0 0
 0 0 0 0 0
 0 0 0 0 0
 0 0 0 0 0
 0 0 0 0 0
 0 0 0 0 0
 0 0 0 0 0
 0 0 0 0 0
 0.991045 0.00858322 0.000360255 1.14367e-05 0
 0.934742 0.0480273 0.0164251 0.00080598 0
 0.827803 0.169806 0.00239088 0 0
 0.941827 0.0461693 0.0120037 0 0
 0.791401 0.0380133 0.147996 0.0225897 0
 0.846168 0.0940531 0.0597789 0 0
 0.134021 0.677848 0.182769 0.00536245 0
 0.80878 0.0450904 0.141981 0.00414843 0
 0.846168 0.0940531 0.0597789 0 0
 0.905697 0.0802665 0.012482 0.00150086 5.37128e-05
 0.989698 0.0102097 9.19794e-05 0 0
 0.975433 0.0193895 0.00387452 0.00125025 5.28907e-05
 0.303575 0.632131 0.0575291 0.00676475 0
 0.966965 0.00978017 0.0227588 0.000495775 0
 0.843318 0.132988 0.00938335 0.0141283 0.000182051
 0.564624 0.303363 0.111486 0.0197234 0.00080311
 0.826376 0.0876187 0.0782897 0.00655872 0.00115652
 0.89761 0.0855135 0.0140674 0.00269457 0.000114338
 0.34875 0.467042 0.161289 0.0227151 0.000203297
 0.318654 0.224769 0.449479 0.00709798 0
 0.937255 0.0296025 0.0250945 0.00804832 0
 0.456809 0.399803 0.12412 0.0192676 0
 0.883104 0.0372192 0.0704036 0.00927362 0
ppred_RECLAS
 0.517129 0.182008 0.273413 0.0274478 1.75281e-06
 0.471132 0.373138 0.0685011 0.0797357 0.00749391
 0.623067 0.251366 0.0957374 0.0136187 0.0162106
 0.752517 0.195166 0.0379002 0.0111852 0.00323182
 0.621307 0.330067 0.040392 0.006078 0.002156
 0.710567 0.219292 0.0630286 0.00597667 0.00113539
 0.344504 0.544782 0.0888433 0.0197864 0.00208432
 0.338473 0.357024 0.263539 0.0333023 0.0076619
 0.443106 0.284113 0.164829 0.0942778 0.0136742
 0.773457 0.148993 0.0449682 0.0202151 0.0123669
 0.914731 0.0776561 0.00547131 0.00127955 0.000862208
 0.847873 0.145081 0.00655777 0.000358013 0.000130283
 0.436162 0.518054 0.0441312 0.00154568 0.000107246
 0.56799 0.265103 0.156233 0.0103127 0.000361187
 0.976638 0.0195382 0.00257342 0.00117516 7.51159e-05
 0.894316 0.104562 0.000977005 9.97127e-05 4.53039e-05
 0.52582 0.450233 0.0237513 0.000171963 2.37654e-05
 0.869011 0.0919423 0.0375019 0.00153296 1.18012e-05
 0.85763 0.134062 0.0062548 0.00197687 7.62202e-05
 0.759286 0.224726 0.0152664 0.000551913 0.000169484
 0.677117 0.28066 0.0400231 0.00210679 9.2818e-05
 0.631942 0.298446 0.062366 0.00689135 0.000354293
 0.384575 0.49025 0.106124 0.0171838 0.00186734
 0.782119 0.127814 0.0753147 0.0126329 0.00211942
 0.841709 0.142166 0.0104703 0.00478064 0.000874432
 0.344043 0.60363 0.0481901 0.0027501 0.00138678
 0.839734 0.0843781 0.071136 0.00440052 0.00035159
 0.63255 0.339392 0.0165624 0.0108196 0.000675761
 0.56359 0.341466 0.0893708 0.00337944 0.00219353
 0.800082 0.148179 0.0425988 0.00863919 0.000500887
 0.365278 0.566541 0.0537932 0.011983 0.00240461
 0.672944 0.187081 0.128189 0.00943136 0.00235461
 0.922543 0.064937 0.00794151 0.00421651 0.000361664
pobs_PELACES
 0 0 0 0 0
 0 0 0 0 0
 0 0 0 0 0
 0 0 0 0 0
 0 0 0 0 0
 0 0 0 0 0
 0 0 0 0 0
 0 0 0 0 0
 0 0 0 0 0
 0 0 0 0 0
 0 0 0 0 0
 0 0 0 0 0
 0 0 0 0 0
 0 0 0 0 0
 0 0 0 0 0
 0 0 0 0 0
 0.505614 0.472636 0.0217494 0 0
 0 0 0 0 0
 0.443492 0.261883 0.143347 0.151278 0
 0.227955 0.32914 0.350689 0.0885471 0.00366901
 0.970185 0.0296113 0.000203453 0 0
 0.997202 0.00247181 0.000326279 0 0
 0.445219 0.490057 0.0546422 0.010081 0
 0.90214 0.0892962 0.00764917 0.000914606 0
 0 0 0 0 0
 0.581667 0.319106 0.0959925 0.00289975 0.000334073
 0.762889 0.0836404 0.116647 0.0363945 0.000428098
 0.88444 0.0763242 0.0277011 0.0115352 0
 0.521256 0.241999 0.230069 0.00667565 0
 0.616807 0.101726 0.260614 0.0208532 0
 0.833518 0.0704572 0.0857862 0.0102388 0
 0.697417 0.212968 0.0787535 0.0105354 0.000325836
 0 0 0 0 0
ppred_PELACES
 0.345593 0.177014 0.425232 0.0521578 3.50151e-06
 0.343137 0.374847 0.110046 0.156507 0.0154631
 0.49294 0.274474 0.167173 0.0290555 0.0363577
 0.660261 0.233251 0.0724356 0.0261192 0.0079336
 0.503494 0.39877 0.0780383 0.0143476 0.00535024
 0.591665 0.268022 0.12319 0.0142726 0.00285033
 0.258728 0.553348 0.144308 0.0392679 0.00434853
 0.207206 0.329403 0.388836 0.0600345 0.0145201
 0.300071 0.261658 0.242756 0.169648 0.0258672
 0.701536 0.155593 0.0750967 0.0412474 0.026527
 0.872423 0.109258 0.01231 0.00351747 0.00249168
 0.793313 0.191563 0.0138468 0.000923631 0.000353339
 0.343555 0.574578 0.0782728 0.00334958 0.000244319
 0.522111 0.236434 0.222823 0.0179706 0.000661654
 0.965099 0.0261226 0.00550217 0.00306991 0.000206285
 0.864036 0.1336 0.00199627 0.000248931 0.000118897
 0.439814 0.516198 0.0435469 0.000385223 5.59666e-05
 0.811528 0.111845 0.0729536 0.00364359 2.94871e-05
 0.817819 0.164931 0.0123055 0.00475195 0.000192606
 0.686931 0.280783 0.0305032 0.00134737 0.00043496
 0.57691 0.340271 0.0775972 0.0049907 0.000231143
 0.534189 0.337122 0.112657 0.0152098 0.000822029
 0.290978 0.498442 0.172544 0.0341361 0.00389964
 0.680963 0.147057 0.138572 0.028399 0.0050087
 0.784007 0.180579 0.0212678 0.0118647 0.0022814
 0.265924 0.6432 0.0821154 0.0057256 0.00303519
 0.744611 0.103874 0.140042 0.0105847 0.000889029
 0.539099 0.402738 0.0314294 0.0250859 0.00164709
 0.45414 0.376176 0.157446 0.0072742 0.00496353
 0.703637 0.187502 0.0861999 0.0213593 0.00130185
 0.291443 0.589538 0.0895156 0.0243636 0.0051396
 0.554725 0.200565 0.21977 0.0197559 0.00518499
 0.887599 0.0842659 0.0164799 0.0106908 0.00096398
pobs_pel_tallas
 0 0 0 0 0 0 0 0 0 0 0 0 0 0 0 0 0 0 0 0 0 0 0 0 0 0
 0 0 0 0 0 0 0 0 0 0 0 0 0 0 0 0 0 0 0 0 0 0 0 0 0 0
 0 0 0 0 0 0 0 0 0 0 0 0 0 0 0 0 0 0 0 0 0 0 0 0 0 0
 0 0 0 0 0 0 0 0 0 0 0 0 0 0 0 0 0 0 0 0 0 0 0 0 0 0
 0 0 0 0 0 0 0 0 0 0 0 0 0 0 0 0 0 0 0 0 0 0 0 0 0 0
 0 0 0 0 0 0 0 0 0 0 0 0 0 0 0 0 0 0 0 0 0 0 0 0 0 0
 0 0 0 0 0 0 0 0 0 0 0 0 0 0 0 0 0 0 0 0 0 0 0 0 0 0
 0 0 0 0 0 0 0 0 0 0 0 0 0 0 0 0 0 0 0 0 0 0 0 0 0 0
 0 0 0 0 0 0 0 0 0 0 0 0 0 0 0 0 0 0 0 0 0 0 0 0 0 0
 0 0 0 0 0 0 0 0 0 0 0 0 0 0 0 0 0 0 0 0 0 0 0 0 0 0
 0 0 0 0 0 0 0 0 0 0 0 0 0 0 0 0 0 0 0 0 0 0 0 0 0 0
 0 0 0 0 0 0 0 0 0 0 0 0 0 0 0 0 0 0 0 0 0 0 0 0 0 0
 0.00862536 0 0 0.000197151 0.00414017 0.0128641 0.00837892 0.0270097 0.101434 0.158115 0.152841 0.127902 0.109271 0.109419 0.0830992 0.0579132 0.0238553 0.00714673 0.00463305 0.00128148 0.00103504 0.000492878 0.000147863 0.000147863 4.92878e-05 0
 0 0 0 0 0 0 0 0 0 0 0 0 0 0 0 0 0 0 0 0 0 0 0 0 0 0
 0 0 0 0 0 0 0 0.0054083 0.00873648 0.0413646 0.0450493 0.0745869 0.0622846 0.0627006 0.0613931 0.0827291 0.12552 0.122667 0.0946155 0.0697135 0.0546179 0.0294188 0.0215738 0.0213955 0.0102223 0.00600262
 0 0 0 0 0.00359764 0.0251062 0.0480494 0.140153 0.205849 0.193036 0.1447 0.116669 0.0760912 0.0342217 0.00950174 0.001854 0.000860785 0 0 0 0.000165536 0 0.000143464 0 0 0
 0 0 0 0 0 0 0 0.000145254 0.000435761 0.0275982 0.070085 0.0708112 0.156366 0.174668 0.174014 0.160142 0.0824315 0.0480064 0.0283245 0.00493863 0.00203355 0 0 0 0 0
 0 0 0 0 0 0 0 0 0 0 0 0 0 0 0 0 0 0 0 0 0 0 0 0 0 0
 0 0 1.00437e-05 0.000401748 0.00122533 0.00171747 0.00176769 0.0269171 0.070346 0.194647 0.189555 0.159765 0.064822 0.0314167 0.0384472 0.0292271 0.0345202 0.0313363 0.0194345 0.0106764 0.0143323 0.0359363 0.0279516 0.0138201 0.00172751 0
 0 0.0021121 0.0136068 0.0755702 0.200478 0.177729 0.0527432 0.0373336 0.0318909 0.0142505 0.0149659 0.0166563 0.0217959 0.0798694 0.0677717 0.0528807 0.04013 0.0224614 0.0357745 0.0225083 0.00881397 0.00855152 0.00135912 0.000746735 0 0
 0 0 0 0 5.4009e-05 0.00500934 0.000945158 0.0243581 0.138947 0.33067 0.221406 0.137944 0.0707744 0.0437923 0.0131692 0.00525238 0.0047753 0.00276346 9.45158e-05 9.00151e-06 2.25038e-05 9.00151e-06 4.50075e-06 0 0 0
 0.000866109 0.00284123 0.00948549 0.0512746 0.133035 0.25785 0.225252 0.132002 0.0553304 0.0519788 0.0540692 0.017754 0.00435017 0.00159236 0.00146478 0.000404838 0.000125132 0.000115318 0.000107957 0.000100596 0 0 0 0 0 0
 0 0 0 0 0.00144013 0.00171154 0.00461396 0.0210425 0.0478622 0.0707936 0.0888783 0.103762 0.0637923 0.0337046 0.0602308 0.124433 0.169614 0.0934646 0.0462172 0.0250306 0.0313229 0.00938855 0.002487 0.000210481 0 0
 0 0.00764035 0.051015 0.0998891 0.058973 0.0496711 0.0374665 0.0718981 0.12319 0.153886 0.159021 0.0857701 0.0377988 0.023471 0.0147837 0.00900784 0.00315554 0.000888139 0.00291439 0.00214683 0.00393193 0.00274676 0.000635225 9.99891e-05 0 0
 0 0 0 0 0 0 0 0 0 0 0 0 0 0 0 0 0 0 0 0 0 0 0 0 0 0
 0 0 0 0 0 0 0 0 0 0 0 0 0 0 0 0 0 0 0 0 0 0 0 0 0 0
 0 0 0 0 0 0 0 0 0 0 0 0 0 0 0 0 0 0 0 0 0 0 0 0 0 0
 0 0 0 0 0 0 0 0 0 0 0 0 0 0 0 0 0 0 0 0 0 0 0 0 0 0
 0 0 0 0 0 0 0 0 0 0 0 0 0 0 0 0 0 0 0 0 0 0 0 0 0 0
 0 0 0 0 0 0 0 0 0 0 0 0 0 0 0 0 0 0 0 0 0 0 0 0 0 0
 0 0 0 0 0 0 0 0 0 0 0 0 0 0 0 0 0 0 0 0 0 0 0 0 0 0
 0 0 0 0 0 0 0 0 0 0 0 0 0 0 0 0 0 0 0 0 0 0 0 0 0 0
 0 0 0 0 0 0 0 0 0 0 0 0 0 0 0 0 0 0 0 0 0 0 0 0 0 0
ppred_pel_tallas
 1.17548e-16 2.84661e-05 0.0002767 0.00183877 0.0083588 0.0260074 0.0554122 0.0808794 0.0808971 0.055499 0.0263006 0.0092136 0.00401498 0.00512839 0.00953854 0.0164953 0.0255552 0.0358776 0.0464964 0.0567772 0.0664186 0.074906 0.0810069 0.0829807 0.0795024 0.0705897
 1.21584e-16 2.82638e-05 0.000274734 0.00182571 0.00829942 0.0258228 0.0550195 0.0803101 0.0803464 0.0551968 0.0264185 0.0100221 0.00615763 0.00975751 0.0181172 0.0301231 0.0439212 0.0564067 0.0644871 0.0668939 0.0649606 0.0616051 0.0593167 0.058728 0.058667 0.0572939
 1.13962e-16 4.06028e-05 0.000394674 0.00262275 0.0119227 0.0370959 0.0790378 0.115364 0.11539 0.0791682 0.0375344 0.0131918 0.00581896 0.00740658 0.0134594 0.0224546 0.0329729 0.0427948 0.0496646 0.0525357 0.0521029 0.0501077 0.0480184 0.046187 0.0440101 0.0407039
 1.06113e-16 5.43848e-05 0.00052864 0.003513 0.0159696 0.0496875 0.105865 0.154518 0.154541 0.105975 0.0500578 0.01704 0.00620326 0.00641286 0.0112633 0.0186233 0.0270326 0.0344411 0.0387925 0.0391431 0.0361922 0.0317278 0.0274547 0.0241417 0.0215971 0.0192241
 1.04699e-16 4.14722e-05 0.000403125 0.00267891 0.012178 0.0378903 0.0807308 0.117837 0.117875 0.0809188 0.0385216 0.0140018 0.00725863 0.0104061 0.0190549 0.0314772 0.0454359 0.057336 0.0635276 0.0623112 0.0549201 0.0446242 0.0347181 0.0269763 0.0214732 0.0174034
 1.05538e-16 4.87347e-05 0.000473718 0.00314803 0.0143105 0.0445254 0.094867 0.138467 0.138493 0.0949939 0.044952 0.0155444 0.00625176 0.00727037 0.0130188 0.0216068 0.0314954 0.0403844 0.0459308 0.0470056 0.0442771 0.0395861 0.0346683 0.0302798 0.0262542 0.0221478
 1.0898e-16 2.13112e-05 0.000207152 0.0013766 0.00625786 0.0194708 0.0414866 0.0605621 0.0606156 0.0417478 0.0203481 0.00879324 0.00774606 0.0141294 0.0265143 0.0439362 0.0636093 0.0806611 0.0901131 0.0896437 0.0809035 0.0682445 0.0559515 0.0461788 0.0388089 0.0326722
 1.19784e-16 1.70673e-05 0.000165901 0.00110247 0.00501169 0.0155934 0.0332246 0.048499 0.0485313 0.0333826 0.0161257 0.00655628 0.00500613 0.00877543 0.0166257 0.0281314 0.0420929 0.0562143 0.0680645 0.0763886 0.0815467 0.0846302 0.0860961 0.0852174 0.0807731 0.0722277
 1.28464e-16 2.47165e-05 0.000240253 0.00159657 0.00725778 0.0225818 0.0481138 0.0702289 0.0702545 0.0482391 0.0230035 0.00848092 0.00468598 0.00704874 0.0131466 0.0222037 0.0331963 0.0443486 0.0538828 0.0610878 0.0666408 0.0717757 0.0769799 0.0813458 0.0830654 0.0805699
 1.10833e-16 5.77846e-05 0.000561687 0.00373261 0.0169679 0.0527935 0.112483 0.164175 0.16419 0.112557 0.0530417 0.0176859 0.00554009 0.00452455 0.0076351 0.0126675 0.0185699 0.02406 0.027884 0.029513 0.0294424 0.028771 0.0283974 0.0284812 0.0285072 0.0277612
 1.01158e-16 7.18604e-05 0.000698508 0.00464183 0.0211011 0.0656534 0.139882 0.204164 0.204175 0.139933 0.0658261 0.0215998 0.0058934 0.00343 0.00525742 0.00857261 0.0123302 0.015481 0.0170089 0.016449 0.0141623 0.0110923 0.00820243 0.00603112 0.00461911 0.00372361
 1.00602e-16 6.53442e-05 0.000635169 0.00422092 0.0191877 0.0597002 0.127198 0.185653 0.185672 0.127288 0.0600026 0.020061 0.00641186 0.00541426 0.00913064 0.0149621 0.0214779 0.0268618 0.0293082 0.0279811 0.0235132 0.0175898 0.011965 0.00766916 0.00485954 0.00317094
 1.02783e-16 2.82983e-05 0.00027507 0.00182794 0.00830958 0.0258545 0.0550877 0.0804138 0.0804691 0.0553583 0.0267628 0.0109331 0.00841257 0.0146471 0.0273163 0.0450946 0.0649074 0.0815071 0.0895418 0.0865069 0.0742123 0.0575269 0.0414678 0.0289101 0.0202297 0.0143994
 1.08405e-16 4.30056e-05 0.00041803 0.00277796 0.0126282 0.0392912 0.0837148 0.122189 0.122212 0.0838278 0.0396712 0.0137297 0.00555695 0.0065314 0.0117902 0.0197794 0.0293151 0.0385797 0.0456805 0.0496373 0.0507755 0.0501416 0.0484997 0.0458256 0.0416433 0.0357405
 1.00509e-16 7.94939e-05 0.000772709 0.00513493 0.0233426 0.0726276 0.154741 0.225849 0.225852 0.154753 0.072669 0.0234622 0.00543526 0.00142896 0.00132768 0.00207401 0.00299168 0.00378721 0.00422115 0.00418615 0.00376519 0.00317041 0.00260962 0.00218547 0.0018867 0.00164678
 1.00137e-16 7.11695e-05 0.000691793 0.00459721 0.0208983 0.0650223 0.138537 0.202202 0.202215 0.1386 0.065233 0.0215064 0.00612244 0.00401686 0.0063728 0.010388 0.0148754 0.0185334 0.0200891 0.0189575 0.0155971 0.0112214 0.00710535 0.00401486 0.00208365 0.00104746
 1.01437e-16 3.6227e-05 0.000352139 0.00234009 0.0106378 0.0330983 0.0705212 0.102938 0.102988 0.070764 0.0339134 0.0129916 0.0082459 0.0132358 0.0244785 0.0403413 0.0579448 0.0725139 0.0791956 0.0757316 0.0638064 0.0479282 0.0327877 0.0211395 0.0134126 0.00865749
 1.02505e-16 6.68445e-05 0.000649753 0.00431783 0.0196283 0.0610708 0.130118 0.189914 0.189925 0.130171 0.0612495 0.0201455 0.00562041 0.00350713 0.00553389 0.00914763 0.0134135 0.0173694 0.0200598 0.0210078 0.0204346 0.018998 0.017286 0.0155043 0.0135519 0.011309
 1.00907e-16 6.73627e-05 0.000654789 0.00435131 0.0197804 0.0615443 0.131127 0.191387 0.191403 0.131205 0.0618048 0.0205324 0.00623814 0.00477096 0.00787645 0.0128931 0.0185158 0.0231778 0.0253314 0.0242653 0.0205292 0.0155724 0.0108924 0.00735265 0.00505846 0.00366786
 1.01161e-16 5.65817e-05 0.000549994 0.0036549 0.0166147 0.0516946 0.110142 0.160761 0.160788 0.110274 0.0521382 0.0178958 0.0068699 0.00756534 0.013371 0.0219913 0.0316159 0.0396323 0.0434111 0.0417277 0.0354853 0.0271025 0.0190831 0.0128778 0.00869104 0.00600633
 1.02866e-16 4.75194e-05 0.000461905 0.00306952 0.0139536 0.0434151 0.0925017 0.135016 0.135049 0.0926621 0.0439541 0.0155109 0.00698043 0.00900593 0.016293 0.0269084 0.0388675 0.0490985 0.0544816 0.0535424 0.0472845 0.0384343 0.0297493 0.0227326 0.0175013 0.0134795
 1.05002e-16 4.40005e-05 0.0004277 0.00284222 0.0129203 0.0402001 0.0856519 0.125018 0.125051 0.0858112 0.0407354 0.0144675 0.00673066 0.0089322 0.0162423 0.0269037 0.0390331 0.0496686 0.0557921 0.0559685 0.0511262 0.0437884 0.0364245 0.0302561 0.025224 0.02074
 1.0919e-16 2.39676e-05 0.000232973 0.00154819 0.00703789 0.0218977 0.0466572 0.0681077 0.0681559 0.0468928 0.0226894 0.00932644 0.00730069 0.0128169 0.024 0.0398393 0.0578552 0.07373 0.0830389 0.0836914 0.0770719 0.0668867 0.0567174 0.0482629 0.0413147 0.0349039
 1.07733e-16 5.60901e-05 0.000545216 0.00362315 0.0164703 0.0512454 0.109184 0.159361 0.159375 0.109254 0.0514819 0.017156 0.00535347 0.00435325 0.00737851 0.0123456 0.0183312 0.0242088 0.0288395 0.0316602 0.0329129 0.0332585 0.033128 0.0323974 0.0306111 0.0274694
 1.02236e-16 6.45777e-05 0.000627718 0.00417141 0.0189626 0.0589999 0.125706 0.183475 0.183493 0.125791 0.0592853 0.0197871 0.00624077 0.00514461 0.00864153 0.0141806 0.0204145 0.0256603 0.0282515 0.0274284 0.023791 0.0188908 0.0142989 0.0108722 0.00864162 0.00717925
 1.03622e-16 2.19039e-05 0.000212914 0.00141489 0.00643193 0.0200124 0.0426409 0.0622486 0.0623106 0.0429437 0.0210291 0.0093682 0.0087843 0.0162968 0.0305572 0.050453 0.0726047 0.0911417 0.100074 0.0966067 0.0827902 0.0641074 0.0462058 0.0323165 0.0228423 0.0165844
 1.0528e-16 6.13326e-05 0.000596175 0.00396179 0.0180097 0.056035 0.119389 0.174254 0.174264 0.119439 0.0562034 0.0184985 0.005198 0.00332589 0.0053364 0.00896143 0.0134524 0.018057 0.0220093 0.0248885 0.0267443 0.0278259 0.0281839 0.0275445 0.0255635 0.0221973
 1.03805e-16 4.4405e-05 0.000431632 0.00286835 0.0130391 0.0405698 0.0864396 0.126169 0.126208 0.0866291 0.0412059 0.014876 0.00747755 0.0104882 0.0191281 0.0315125 0.0453 0.0567819 0.0622161 0.0598964 0.0511877 0.0396247 0.0288207 0.0207979 0.0157007 0.0125865
 1.0621e-16 3.7407e-05 0.00036361 0.00241632 0.0109842 0.0341762 0.0728175 0.106287 0.106323 0.0729955 0.0347744 0.012714 0.00676584 0.00988365 0.0181906 0.0302025 0.0439411 0.0561595 0.063526 0.0644302 0.0598278 0.0523813 0.0446613 0.0378866 0.0319543 0.0263001
 1.04898e-16 5.79577e-05 0.000563369 0.00374379 0.0170187 0.0529517 0.11282 0.164668 0.164686 0.112909 0.0532502 0.0178823 0.00591611 0.00532128 0.00914027 0.0151398 0.0220866 0.0283667 0.0323597 0.0332981 0.0316663 0.0287515 0.0257388 0.0230965 0.0206269 0.0179417
 1.06048e-16 2.40059e-05 0.000233346 0.00155067 0.00704916 0.0219329 0.0467324 0.0682192 0.068276 0.0470101 0.0228653 0.00974264 0.00831223 0.0149957 0.0280659 0.0463749 0.066836 0.0841186 0.0927924 0.0903435 0.078654 0.0626836 0.0474655 0.0357654 0.0277557 0.0222008
 1.09253e-16 4.5692e-05 0.000444142 0.00295148 0.013417 0.0417455 0.0889438 0.12982 0.12984 0.0890399 0.0420689 0.0143551 0.0053205 0.00566352 0.0100981 0.016986 0.0253115 0.0335917 0.040282 0.0445729 0.0466872 0.0473667 0.047045 0.0454825 0.0421308 0.03679
 1.01733e-16 7.31104e-05 0.000710659 0.00472258 0.0214682 0.0667955 0.142315 0.207715 0.207723 0.142355 0.066929 0.0218538 0.00569104 0.00282658 0.00409691 0.00667152 0.00963788 0.0121948 0.013581 0.0134531 0.0120838 0.0101643 0.00837144 0.00703845 0.00612446 0.00540419
pSPR Fmed_Fpbrs
0.568596   0.243166 0.243166
Fs Fmed_Fpbrs
0.34   1.005 1.005
SSBpbr Bo_Bmed_Bpbrs
373817  193860  72208.6 72208.6
Ro
87751.3
SPR SPRFo_SPRFmed_SPRFpbrs
632190 359461 153727
Fref
1.005
Nvult_r0
 88808.1 3364.87 293.341 143.281 12.0772
CTP_r0
 35579.4 1686.63 147.037 71.8194 6.05368
YTP_r0
303702
Np
 72384.4 13647.6 2350.27 54.8179 5.42243
Nvult_p0
 58736.8 11809.8 2033.78 47.4361 4.69224
CTP_p0
 23531.9 7570.37 176.572 15.3931 8.30583
 23531.9 5919.64 1019.43 23.7772 2.35197
YTP_p0
 314558 306093
CBA_c0
306959
log_Ro
11.2023
likeval ReclasPelacesDesembMPH_pf_preclas_ppelaces_ptallas_desvR_qrecl_qpela
 49.3041 35.2372 0.0366593 76.6318 279.513 159.807 131.041 0 25.1758 0.000300358 0.000722305 0.0187761 0 0 0
q_reclas_q_pelaces
11.5994 44.7371
M
1
N
 143075 22652.4 24256.9 2240.22 0.140587
 93304.4 36055.8 4718.43 5052.65 466.661
 86587.2 17027.6 4622.98 604.984 707.672
 122996 15862.2 2195.82 596.164 169.276
 90352.2 20816.5 1815.92 251.379 87.628
 192136 26329.1 5394.42 470.58 87.8506
 64142.5 50985.9 5927.14 1214.38 125.712
 23112.2 10400.2 5472.46 636.177 143.836
 22496.6 7190.19 2973.57 1564.66 223.017
 30515.4 3771 811.316 335.527 201.715
 50193.1 1877.83 94.3118 20.2908 13.4363
 170190 13725.1 442.239 22.2109 7.9429
 63452.6 35640 2164.23 69.7339 4.75477
 33786.2 13111.5 5508.16 334.481 11.5122
 73847 742.174 69.6829 29.2738 1.83883
 197388 12001.4 79.9373 7.50534 3.35105
 66308 27965.4 1051.63 7.00456 0.951298
 207027 11654.5 3388.65 127.43 0.964035
 317314 26780.1 890.665 258.968 9.81214
 268739 38733.7 1875.71 62.3833 18.8257
 256182 49419 5023.63 243.273 10.5325
 233298 56401.3 8401.65 854.06 43.1492
 54376.5 35186.5 5429.57 808.799 86.3713
 99670.4 8480.26 3562.08 549.658 90.6219
 167638 14055.5 737.91 309.954 55.7139
 33343.6 28566.8 1625.71 85.3494 42.2946
 124952 6065.84 3645.4 207.456 16.2886
 91887.6 23714.7 824.961 495.778 30.4295
 59231.3 17746.1 3310.9 115.176 73.466
 120912 10248.8 2100.28 391.85 22.3261
 34540.5 28452.1 1925.77 394.646 77.8244
 30352.5 4500.69 2198.34 148.794 36.5053
 109443 3888.49 338.99 165.578 13.9567
pred_Ctot
 29373.5 6502.23 6962.81 643.041 0.0403546
 31435.4 16129.8 2110.82 2260.34 208.764
 29053.6 7590.66 2060.86 269.694 315.471
 44659.1 7565.45 1047.29 284.339 80.7356
 12100.1 4001.56 349.074 48.3225 16.8447
 34754.3 6719.79 1376.78 120.103 22.4215
 24201.9 25120.5 2920.27 598.317 61.9378
 2286.02 1495.1 786.705 91.4551 20.6774
 8241.1 3455.22 1428.94 751.89 107.17
 18366.3 2679.89 576.568 238.445 143.35
 8343.21 442.805 22.2394 4.78471 3.16837
 48490.3 5302.16 170.842 8.58031 3.06843
 18415 13994.8 849.827 27.3824 1.86705
 24389.7 10551.7 4432.76 269.178 9.26458
 27807.8 365.048 34.2745 14.3987 0.904451
 82726.4 6452.37 42.977 4.03512 1.80164
 23218.5 12932 486.304 3.2391 0.439906
 92115.1 6577.99 1912.61 71.9233 0.544116
 146124 15537.2 516.742 150.247 5.69276
 89805.8 17206.2 833.227 27.7118 8.36273
 67772.3 17868.6 1816.42 87.9614 3.80829
 93382.5 29194.8 4348.92 442.085 22.3352
 21196.8 17816.6 2749.24 409.532 43.7338
 41908.4 4571.43 1920.2 296.303 48.8513
 60480.8 6667.41 350.038 147.031 26.4287
 11271.5 12816.4 729.371 38.2919 18.9754
 40318.4 2614 1570.94 89.4005 7.01937
 29054.1 10040.6 349.282 209.909 12.8836
 21060.9 8314.48 1551.23 53.9627 34.4205
 28555.1 3344.67 685.421 127.879 7.28605
 15299.2 16000.5 1082.99 221.935 43.7657
 13585.3 2552.39 1246.7 84.3826 20.7025
 41882.8 1938.75 169.016 82.5551 6.95861
F
 0.378301 0.568789 0.568789 0.568789 0.568789
 0.701034 1.05403 1.05403 1.05403 1.05403
 0.69721 1.04828 1.04828 1.04828 1.04828
 0.776404 1.16735 1.16735 1.16735 1.16735
 0.233039 0.350382 0.350382 0.350382 0.350382
 0.326653 0.491133 0.491133 0.491133 0.491133
 0.819284 1.23182 1.23182 1.23182 1.23182
 0.167646 0.252061 0.252061 0.252061 0.252061
 0.786025 1.18181 1.18181 1.18181 1.18181
 1.78811 2.68849 2.68849 2.68849 2.68849
 0.29665 0.446023 0.446023 0.446023 0.446023
 0.563448 0.847163 0.847163 0.847163 0.847163
 0.576801 0.86724 0.86724 0.86724 0.86724
 2.81822 4.23729 4.23729 4.23729 4.23729
 0.816969 1.22834 1.22834 1.22834 1.22834
 0.954206 1.43468 1.43468 1.43468 1.43468
 0.738618 1.11054 1.11054 1.11054 1.11054
 1.04519 1.57148 1.57148 1.57148 1.57148
 1.10318 1.65867 1.65867 1.65867 1.65867
 0.693405 1.04256 1.04256 1.04256 1.04256
 0.513395 0.771906 0.771906 0.771906 0.771906
 0.891655 1.34063 1.34063 1.34063 1.34063
 0.858191 1.29032 1.29032 1.29032 1.29032
 0.958858 1.44168 1.44168 1.44168 1.44168
 0.769566 1.15707 1.15707 1.15707 1.15707
 0.704193 1.05878 1.05878 1.05878 1.05878
 0.661836 0.995093 0.995093 0.995093 0.995093
 0.644398 0.968874 0.968874 0.968874 0.968874
 0.754286 1.13409 1.13409 1.13409 1.13409
 0.446839 0.671838 0.671838 0.671838 0.671838
 1.0379 1.56052 1.56052 1.56052 1.56052
 1.05486 1.58601 1.58601 1.58601 1.58601
 0.835871 1.25676 1.25676 1.25676 1.25676
YTP_r0W_actual
 268269 29431.7 3539.17 2249.38 213.392
YTP_p0W_proyectada
 177430 132103 4250.08 482.112 292.781
 177430 103298 24537.6 744.702 82.907
CTP_r0_actual
 35579.4 1686.63 147.037 71.8194 6.05368
CTP_p0_proyectada
 23531.9 7570.37 176.572 15.3931 8.30583
 23531.9 5919.64 1019.43 23.7772 2.35197
Wmedp
 7.54 17.45 24.07 31.32 35.25
Frms_r0
 0.668425 1.005 1.005 1.005 1.005
Zrms_r0
 1.66843 2.005 2.005 2.005 2.005
nmprior
 7.29 8.9 8.7 0
nm_flota  nm_reclas  nm_pelaces    nm_pelaL
inf 8.97808 6.65396 14.2008
cv_recla  cv_pelaces  cv_mph
0.608096 0.650267 0.350939
 ------------------------------------------------
Talla a la edad & desviaci?n 
 8 13.2811 15.8009 17.003 17.5766
 0.8 1.32811 1.58009 1.7003 1.75766
