years
 1991 1992 1993 1994 1995 1996 1997 1998 1999 2000 2001 2002 2003 2004 2005 2006 2007 2008 2009 2010 2011 2012 2013 2014 2015 2016 2017 2018 2019 2020 2021
reclasobs
 0 0 0 0 0 0 0 0 0 252601 567819 844713 477998 351125 339783 2.1784e+06 2.13404e+06 4.81314e+06 1.55562e+06 2.62356e+06 3.21686e+06 3.843e+06 1.13348e+06 3.07943e+06 1.97215e+06 2.03268e+06 2.025e+06 2.42433e+06 2.27542e+06 1.05018e+06 2.36338e+06
reclaspred
 5.22214e+06 2.77785e+06 1.32814e+06 1.42085e+06 1.7533e+06 3.42905e+06 2.14554e+06 1.61075e+06 918200 329516 578301 1.65103e+06 1.61809e+06 235268 760221 1.49664e+06 1.47857e+06 1.84316e+06 2.16952e+06 2.58759e+06 5.02289e+06 2.89587e+06 1.48438e+06 1.4675e+06 1.50125e+06 1.31948e+06 1.87927e+06 1.74693e+06 1.31274e+06 1.85871e+06 2.88687e+06
pelacesobs
 0 0 0 0 0 0 0 0 0 0 0 0 0 0 0 552880 188675 0 991730 2.46772e+06 1.41603e+06 1.21717e+06 2.29649e+06 1.80582e+06 0 1.4828e+06 1.56532e+06 1.57751e+06 1.42118e+06 867257 1.10002e+06
pelacespred
 5.17671e+06 2.62619e+06 1.16306e+06 817689 1.30038e+06 2.42161e+06 1.55218e+06 1.65441e+06 828581 170162 339370 882478 1.1255e+06 77811.9 366770 663558 810647 906910 1.0477e+06 1.3319e+06 2.96662e+06 1.97247e+06 1.00377e+06 844337 799199 809704 1.28686e+06 1.16891e+06 851931 1.25615e+06 1.86683e+06
mphobs
 0 0 0 0 0 0 0 0 0 0 0 0 498337 0 5186 125008 0 168611 109162 213762 579715 649985 157893 87575 83554 210694 70296 0 107559 103333 445601
mphpred
 735613 509545 223623 131507 193990 282023 456531 193596 164282 63753.4 21248.3 119485 268340 95229.8 6339.39 104718 209596 154064 159436 221881 425915 453750 202777 97191.6 138075 178715 106126 224044 212158 125056 245798
desembarqueobs
 494567 514787 250237 358949 120608 361735 552515 73892 212993 205616 52469 317467 293654 387597 252695 516296 358380 742168 942051 627588 828172 859565 418607 520667 417249 300574 415391 372974 316634 284311 391294
desembarquepred
 494554 514427 250393 358943 120609 361715 552478 73898.1 213078 205691 52470.3 317403 293837 387855 252576 516190 358417 741854 941102 627156 828392 859913 418496 520777 417078 300686 415352 372969 316352 284144 391298
Reclutas
 146215 93762.6 84506.5 126098 92892.8 192613 67352.2 24050.9 23263.1 31858.7 57285.6 169120 62594.6 32883.1 73763.8 211934 60955.8 207476 324070 279017 260861 235431 51991.1 101038 170594 33636.6 134845 92592.6 55414.3 125239 140116
log_desv_Rt
 0.42444 -0.0198703 -0.123808 0.276423 -0.0291906 0.700048 -0.350701 -1.38046 -1.41377 -1.09933 -0.512587 0.569974 -0.423958 -1.06768 -0.259768 0.795637 -0.450488 0.774381 1.22032 1.07064 1.00335 0.90078 -0.609565 0.0548648 0.578652 -1.04502 0.343493 -0.0324279 -0.545799 0.269586 0.381833
SSB
 735613 509545 223623 131507 193990 282023 456531 193596 164282 63753.4 21248.3 119485 254177 90634.5 6075.46 100169 209596 154064 167601 230581 455738 529905 258420 116903 146825 209506 112149 224044 225627 121098 278393
BT
 1.2837e+06 961789 437678 572423 471563 1.2032e+06 819206 459375 395561 249210 226855 682270 583537 407134 502755 778700 538766 1.07884e+06 1.44898e+06 1.06699e+06 1.87565e+06 1.34404e+06 632859 896607 681426 489738 1.08097e+06 791922 479548 820392 1.02968e+06
Ftot
 0.484217 0.893722 0.887579 1.01437 0.312764 0.450731 1.15115 0.229937 1.05031 2.1685 0.346187 0.746177 0.807527 3.94583 1.1262 1.22049 1.00447 1.45513 1.49718 0.922954 0.692002 1.21644 1.20434 1.30825 1.04819 0.987018 0.840007 0.849186 1.05182 0.60787 0.556568
BD_Bspro_t
 0.92545 0.567125 0.298382 0.217469 0.267063 0.394727 0.450075 0.236068 0.268329 0.15114 0.0758395 0.40135 0.420918 0.167179 0.0160935 0.205735 0.252005 0.1835 0.168024 0.188505 0.258514 0.278828 0.180314 0.108805 0.153447 0.228808 0.163714 0.304923 0.295651 0.196156 0.373662
BD_Bspro
 1.07754 0.746389 0.327566 0.192633 0.284159 0.413111 0.668733 0.283583 0.240643 0.0933869 0.0311248 0.175023 0.372321 0.132763 0.00889942 0.146729 0.30702 0.225675 0.245504 0.337758 0.667572 0.776212 0.378537 0.171241 0.215071 0.306888 0.164277 0.328183 0.330502 0.177386 0.407794
BD_Bo
 1.64906 1.14228 0.501308 0.294806 0.434877 0.632225 1.02343 0.433996 0.368281 0.14292 0.0476334 0.267855 0.569801 0.20318 0.0136197 0.224554 0.469864 0.345373 0.37572 0.516906 1.02165 1.18792 0.579314 0.262068 0.329145 0.469662 0.25141 0.502252 0.505801 0.271473 0.624089
BD_Brms
 9.31542 6.45261 2.83185 1.66534 2.45658 3.57139 5.78127 2.4516 2.08039 0.80734 0.269077 1.51309 3.21876 1.14775 0.0769365 1.26849 2.65422 1.95098 2.12241 2.91996 5.77123 6.71044 3.27249 1.4804 1.85931 2.65308 1.42019 2.83718 2.85723 1.53352 3.52542
Sel_flota
 0.727531 1 1 1 1
 0.727531 1 1 1 1
 0.727531 1 1 1 1
 0.727531 1 1 1 1
 0.727531 1 1 1 1
 0.727531 1 1 1 1
 0.727531 1 1 1 1
 0.727531 1 1 1 1
 0.727531 1 1 1 1
 0.727531 1 1 1 1
 0.727531 1 1 1 1
 0.727531 1 1 1 1
 0.727531 1 1 1 1
 0.727531 1 1 1 1
 0.727531 1 1 1 1
 0.727531 1 1 1 1
 0.727531 1 1 1 1
 0.727531 1 1 1 1
 0.727531 1 1 1 1
 0.727531 1 1 1 1
 0.727531 1 1 1 1
 0.727531 1 1 1 1
 0.727531 1 1 1 1
 0.727531 1 1 1 1
 0.727531 1 1 1 1
 0.727531 1 1 1 1
 0.727531 1 1 1 1
 0.727531 1 1 1 1
 0.727531 1 1 1 1
 0.727531 1 1 1 1
 0.727531 1 1 1 1
Sel_reclas
 0.39103 0.763679 0.942073 0.987929 0.997578
 0.39103 0.763679 0.942073 0.987929 0.997578
 0.39103 0.763679 0.942073 0.987929 0.997578
 0.39103 0.763679 0.942073 0.987929 0.997578
 0.39103 0.763679 0.942073 0.987929 0.997578
 0.39103 0.763679 0.942073 0.987929 0.997578
 0.39103 0.763679 0.942073 0.987929 0.997578
 0.39103 0.763679 0.942073 0.987929 0.997578
 0.39103 0.763679 0.942073 0.987929 0.997578
 0.39103 0.763679 0.942073 0.987929 0.997578
 0.39103 0.763679 0.942073 0.987929 0.997578
 0.39103 0.763679 0.942073 0.987929 0.997578
 0.39103 0.763679 0.942073 0.987929 0.997578
 0.39103 0.763679 0.942073 0.987929 0.997578
 0.39103 0.763679 0.942073 0.987929 0.997578
 0.39103 0.763679 0.942073 0.987929 0.997578
 0.39103 0.763679 0.942073 0.987929 0.997578
 0.39103 0.763679 0.942073 0.987929 0.997578
 0.39103 0.763679 0.942073 0.987929 0.997578
 0.39103 0.763679 0.942073 0.987929 0.997578
 0.39103 0.763679 0.942073 0.987929 0.997578
 0.39103 0.763679 0.942073 0.987929 0.997578
 0.39103 0.763679 0.942073 0.987929 0.997578
 0.39103 0.763679 0.942073 0.987929 0.997578
 0.39103 0.763679 0.942073 0.987929 0.997578
 0.39103 0.763679 0.942073 0.987929 0.997578
 0.39103 0.763679 0.942073 0.987929 0.997578
 0.39103 0.763679 0.942073 0.987929 0.997578
 0.39103 0.763679 0.942073 0.987929 0.997578
 0.39103 0.763679 0.942073 0.987929 0.997578
 0.39103 0.763679 0.942073 0.987929 0.997578
Sel_pelaces
 0.128133 0.425161 0.788235 0.949322 0.989504
 0.128133 0.425161 0.788235 0.949322 0.989504
 0.128133 0.425161 0.788235 0.949322 0.989504
 0.128133 0.425161 0.788235 0.949322 0.989504
 0.128133 0.425161 0.788235 0.949322 0.989504
 0.128133 0.425161 0.788235 0.949322 0.989504
 0.128133 0.425161 0.788235 0.949322 0.989504
 0.128133 0.425161 0.788235 0.949322 0.989504
 0.128133 0.425161 0.788235 0.949322 0.989504
 0.128133 0.425161 0.788235 0.949322 0.989504
 0.128133 0.425161 0.788235 0.949322 0.989504
 0.128133 0.425161 0.788235 0.949322 0.989504
 0.128133 0.425161 0.788235 0.949322 0.989504
 0.128133 0.425161 0.788235 0.949322 0.989504
 0.128133 0.425161 0.788235 0.949322 0.989504
 0.128133 0.425161 0.788235 0.949322 0.989504
 0.128133 0.425161 0.788235 0.949322 0.989504
 0.128133 0.425161 0.788235 0.949322 0.989504
 0.128133 0.425161 0.788235 0.949322 0.989504
 0.128133 0.425161 0.788235 0.949322 0.989504
 0.128133 0.425161 0.788235 0.949322 0.989504
 0.128133 0.425161 0.788235 0.949322 0.989504
 0.128133 0.425161 0.788235 0.949322 0.989504
 0.128133 0.425161 0.788235 0.949322 0.989504
 0.128133 0.425161 0.788235 0.949322 0.989504
 0.128133 0.425161 0.788235 0.949322 0.989504
 0.128133 0.425161 0.788235 0.949322 0.989504
 0.128133 0.425161 0.788235 0.949322 0.989504
 0.128133 0.425161 0.788235 0.949322 0.989504
 0.128133 0.425161 0.788235 0.949322 0.989504
 0.128133 0.425161 0.788235 0.949322 0.989504
pf_obs 
 0.8446 0.082 0.0669 0.0065 0
 0.8095 0.147 0.0364 0.0071 0
 0.9664 0.0169 0.016 0.0007 0
 0.9276 0.0648 0.0075 0.0001 0
 0.7033 0.2144 0.0806 0.0017 0
 0.9318 0.0425 0.0243 0.0014 0
 0.5671 0.3108 0.0964 0.0239 0.0018
 0.0768 0.2599 0.5324 0.112 0.0189
 0.490249 0.384438 0.106611 0.0170017 0.00170017
 0.7925 0.1577 0.0466 0.003 0.0002
 0.840416 0.127587 0.0312969 0.00059994 9.999e-05
 0.8084 0.0986 0.0794 0.0134 0.0002
 0.7335 0.1905 0.0724 0.0035 0.0001
 0.4001 0.4547 0.1325 0.0127 0
 0.49795 0.308269 0.164784 0.0264974 0.00249975
 0.9179 0.0499 0.0305 0.0017 0
 0.2467 0.6533 0.0926 0.0074 0
 0.9418 0.0223 0.034 0.0019 0
 0.707729 0.231977 0.0356964 0.0245975 0
 0.517169 0.277429 0.184464 0.0207286 0.00020938
 0.811772 0.124168 0.05621 0.00726502 0.000585176
 0.764997 0.148141 0.077277 0.00933861 0.000247198
 0.163321 0.427699 0.378323 0.0303852 0.000271297
 0.753843 0.0900009 0.118128 0.0371064 0.000921714
 0.721811 0.176058 0.0630433 0.0369309 0.00215725
 0.143369 0.312575 0.442814 0.0836902 0.0175525
 0.692698 0.0596174 0.167031 0.0765114 0.00414204
 0.394062 0.376323 0.152708 0.0712218 0.00568511
 0.125707 0.32114 0.495352 0.0537591 0.00404204
 0.23352 0.215282 0.420074 0.123614 0.00750983
 0.796117 0.104755 0.0508955 0.0450114 0.00322123
pf_pred 
 0.664938 0.148416 0.171429 0.0152169 9.11615e-07
 0.59537 0.302401 0.0452823 0.0523038 0.00464302
 0.723606 0.194227 0.061408 0.00919541 0.0115641
 0.833644 0.134371 0.022477 0.00710647 0.00240241
 0.737601 0.233997 0.0229416 0.00383757 0.00162348
 0.812524 0.150481 0.0329913 0.00323454 0.000769957
 0.480568 0.449449 0.0561725 0.0123152 0.00149483
 0.50502 0.301796 0.167156 0.0208913 0.00513615
 0.597045 0.238878 0.10004 0.0554093 0.00862765
 0.830461 0.120439 0.0291072 0.0121898 0.00780287
 0.942158 0.0527018 0.00365183 0.000882559 0.000606198
 0.885946 0.109438 0.00420652 0.000291479 0.000118829
 0.557733 0.408606 0.0322984 0.00124147 0.000121095
 0.610706 0.25924 0.120156 0.00949779 0.000400682
 0.986409 0.0113311 0.00150479 0.000697463 5.7457e-05
 0.934716 0.0647532 0.000442684 5.87893e-05 2.94933e-05
 0.59394 0.390143 0.0157875 0.000107931 2.15241e-05
 0.918236 0.0577166 0.0231048 0.000934955 7.6665e-06
 0.90638 0.0891963 0.00312273 0.00125008 5.10001e-05
 0.839695 0.151656 0.0082407 0.000288504 0.000120204
 0.776359 0.200005 0.0223607 0.00121504 6.02617e-05
 0.735898 0.222649 0.0370718 0.00414467 0.000236384
 0.494479 0.417853 0.073907 0.0123057 0.00145426
 0.866735 0.083338 0.0412688 0.00729935 0.00135899
 0.89779 0.0939217 0.00518296 0.0025666 0.00053848
 0.46243 0.502968 0.0317961 0.00175463 0.00105119
 0.911701 0.0516118 0.0343261 0.00216999 0.000191489
 0.719468 0.264428 0.00941298 0.00626041 0.000430688
 0.660981 0.272357 0.0628358 0.0022368 0.00159
 0.886477 0.0866776 0.0215671 0.00497577 0.000303033
 0.77091 0.211329 0.0135607 0.00337416 0.000825866
pobs_RECLAS
 0 0 0 0 0
 0 0 0 0 0
 0 0 0 0 0
 0 0 0 0 0
 0 0 0 0 0
 0 0 0 0 0
 0 0 0 0 0
 0 0 0 0 0
 0 0 0 0 0
 0 0 0 0 0
 0.991045 0.00858322 0.000360255 1.14367e-05 0
 0.934742 0.0480273 0.0164251 0.00080598 0
 0.827803 0.169806 0.00239088 0 0
 0.941827 0.0461693 0.0120037 0 0
 0.791401 0.0380133 0.147996 0.0225897 0
 0.846168 0.0940531 0.0597789 0 0
 0.134021 0.677848 0.182769 0.00536245 0
 0.80878 0.0450904 0.141981 0.00414843 0
 0.846168 0.0940531 0.0597789 0 0
 0.905697 0.0802665 0.012482 0.00150086 5.37128e-05
 0.989698 0.0102097 9.19794e-05 0 0
 0.975433 0.0193895 0.00387452 0.00125025 5.28907e-05
 0.303575 0.632131 0.0575291 0.00676475 0
 0.966965 0.00978017 0.0227588 0.000495775 0
 0.843318 0.132988 0.00938335 0.0141283 0.000182051
 0.564624 0.303363 0.111486 0.0197234 0.00080311
 0.826376 0.0876187 0.0782897 0.00655872 0.00115652
 0.89761 0.0855135 0.0140674 0.00269457 0.000114338
 0.34875 0.467042 0.161289 0.0227151 0.000203297
 0.318654 0.224769 0.449479 0.00709798 0
 0.937255 0.0296025 0.0250945 0.00804832 0
ppred_RECLAS
 0.555882 0.173652 0.247433 0.0230324 1.39331e-06
 0.50093 0.349359 0.0645344 0.0781696 0.00700689
 0.639498 0.23577 0.0919555 0.0144399 0.0183369
 0.777971 0.171038 0.035294 0.011702 0.00399458
 0.660336 0.295046 0.0356843 0.00625967 0.00267402
 0.746998 0.193879 0.0524353 0.00539112 0.00129585
 0.398277 0.503969 0.0776999 0.0178641 0.00218953
 0.397635 0.335573 0.229282 0.0300507 0.00746014
 0.496263 0.270264 0.139624 0.0810979 0.0127509
 0.784161 0.142591 0.0425108 0.0186697 0.0120675
 0.918858 0.0723083 0.00618082 0.00156647 0.00108646
 0.847581 0.144846 0.0068681 0.000499072 0.000205446
 0.473179 0.478133 0.0466229 0.0018793 0.000185099
 0.581473 0.258162 0.147608 0.0122357 0.000521227
 0.980913 0.0152685 0.00250135 0.0012158 0.000101136
 0.913845 0.085285 0.000719249 0.000100167 5.07423e-05
 0.515039 0.461714 0.0230481 0.000165238 3.32744e-05
 0.887868 0.0740169 0.0365516 0.00155108 1.28429e-05
 0.878573 0.114331 0.00493773 0.00207286 8.53936e-05
 0.790473 0.195723 0.0131196 0.00048167 0.000202646
 0.709443 0.253503 0.0349625 0.00199227 9.97746e-05
 0.66586 0.271467 0.0557587 0.00653733 0.000376486
 0.410376 0.467646 0.102036 0.0178162 0.00212604
 0.816447 0.105159 0.0642389 0.0119152 0.00224003
 0.863402 0.12296 0.00837047 0.00434681 0.000920882
 0.382778 0.568749 0.0443535 0.00256674 0.00155273
 0.872202 0.0679889 0.0557811 0.00369796 0.00032951
 0.647408 0.327484 0.0143809 0.01003 0.000696759
 0.577815 0.324046 0.092225 0.00344279 0.00247116
 0.841284 0.114533 0.0351551 0.00850547 0.000523056
 0.702907 0.268882 0.0212842 0.00555371 0.00137261
pobs_PELACES
 0 0 0 0 0
 0 0 0 0 0
 0 0 0 0 0
 0 0 0 0 0
 0 0 0 0 0
 0 0 0 0 0
 0 0 0 0 0
 0 0 0 0 0
 0 0 0 0 0
 0 0 0 0 0
 0 0 0 0 0
 0 0 0 0 0
 0 0 0 0 0
 0 0 0 0 0
 0 0 0 0 0
 0 0 0 0 0
 0.505614 0.472636 0.0217494 0 0
 0 0 0 0 0
 0.443492 0.261883 0.143347 0.151278 0
 0.227955 0.32914 0.350689 0.0885471 0.00366901
 0.970185 0.0296113 0.000203453 0 0
 0.997202 0.00247181 0.000326279 0 0
 0.445219 0.490057 0.0546422 0.010081 0
 0.90214 0.0892962 0.00764917 0.000914606 0
 0 0 0 0 0
 0.581667 0.319106 0.0959925 0.00289975 0.000334073
 0.762889 0.0836404 0.116647 0.0363945 0.000428098
 0.88444 0.0763242 0.0277011 0.0115352 0
 0.521256 0.241999 0.230069 0.00667565 0
 0.616807 0.101726 0.260614 0.0208532 0
 0.833518 0.0704572 0.0857862 0.0102388 0
ppred_PELACES
 0.368649 0.187323 0.401142 0.0428841 2.67785e-06
 0.349856 0.382539 0.1062 0.147736 0.0136696
 0.485765 0.280935 0.164674 0.029698 0.038929
 0.666152 0.227135 0.0704399 0.0268221 0.00945125
 0.523237 0.386189 0.0701965 0.0141419 0.00623594
 0.616929 0.261238 0.106184 0.012538 0.0031109
 0.283992 0.550507 0.127558 0.033681 0.00426126
 0.242755 0.340943 0.3501 0.052698 0.0135042
 0.333073 0.280409 0.217717 0.145231 0.0235707
 0.683108 0.173655 0.0778079 0.0392445 0.0261842
 0.866126 0.112252 0.0144205 0.00419731 0.00300501
 0.773303 0.209956 0.0149619 0.00124862 0.000530575
 0.35181 0.561679 0.0823128 0.0038105 0.000387411
 0.492906 0.260756 0.224069 0.0213312 0.000937987
 0.967726 0.0231277 0.00569427 0.00317863 0.00027294
 0.873882 0.124161 0.00157369 0.000251699 0.000131616
 0.400483 0.557292 0.0418093 0.000344242 7.15564e-05
 0.818984 0.101772 0.0755319 0.00368109 3.1462e-05
 0.825018 0.159433 0.0103483 0.00498915 0.000212161
 0.700018 0.271027 0.0273036 0.00115124 0.000499963
 0.589326 0.336193 0.0696847 0.00456038 0.000235751
 0.543505 0.337463 0.104172 0.0140267 0.000833846
 0.291084 0.505727 0.165837 0.0332553 0.00409637
 0.704928 0.13714 0.125906 0.0268205 0.00520479
 0.794219 0.174884 0.0178923 0.0106709 0.00233356
 0.277006 0.639899 0.0749976 0.00498445 0.00311254
 0.777113 0.0954319 0.117672 0.00895908 0.000824049
 0.528012 0.420423 0.0277466 0.022225 0.0015937
 0.441447 0.38266 0.163676 0.00701719 0.00519921
 0.740809 0.162236 0.07484 0.0207951 0.00132006
 0.581601 0.359539 0.0427729 0.0128177 0.00327009
pobs_pel_tallas
 0 0 0 0 0 0 0 0 0 0 0 0 0 0 0 0 0 0 0 0 0 0 0 0 0 0
 0 0 0 0 0 0 0 0 0 0 0 0 0 0 0 0 0 0 0 0 0 0 0 0 0 0
 0 0 0 0 0 0 0 0 0 0 0 0 0 0 0 0 0 0 0 0 0 0 0 0 0 0
 0 0 0 0 0 0 0 0 0 0 0 0 0 0 0 0 0 0 0 0 0 0 0 0 0 0
 0 0 0 0 0 0 0 0 0 0 0 0 0 0 0 0 0 0 0 0 0 0 0 0 0 0
 0 0 0 0 0 0 0 0 0 0 0 0 0 0 0 0 0 0 0 0 0 0 0 0 0 0
 0 0 0 0 0 0 0 0 0 0 0 0 0 0 0 0 0 0 0 0 0 0 0 0 0 0
 0 0 0 0 0 0 0 0 0 0 0 0 0 0 0 0 0 0 0 0 0 0 0 0 0 0
 0 0 0 0 0 0 0 0 0 0 0 0 0 0 0 0 0 0 0 0 0 0 0 0 0 0
 0 0 0 0 0 0 0 0 0 0 0 0 0 0 0 0 0 0 0 0 0 0 0 0 0 0
 0 0 0 0 0 0 0 0 0 0 0 0 0 0 0 0 0 0 0 0 0 0 0 0 0 0
 0 0 0 0 0 0 0 0 0 0 0 0 0 0 0 0 0 0 0 0 0 0 0 0 0 0
 0.00862536 0 0 0.000197151 0.00414017 0.0128641 0.00837892 0.0270097 0.101434 0.158115 0.152841 0.127902 0.109271 0.109419 0.0830992 0.0579132 0.0238553 0.00714673 0.00463305 0.00128148 0.00103504 0.000492878 0.000147863 0.000147863 4.92878e-05 0
 0 0 0 0 0 0 0 0 0 0 0 0 0 0 0 0 0 0 0 0 0 0 0 0 0 0
 0 0 0 0 0 0 0 0.0054083 0.00873648 0.0413646 0.0450493 0.0745869 0.0622846 0.0627006 0.0613931 0.0827291 0.12552 0.122667 0.0946155 0.0697135 0.0546179 0.0294188 0.0215738 0.0213955 0.0102223 0.00600262
 0 0 0 0 0.00359764 0.0251062 0.0480494 0.140153 0.205849 0.193036 0.1447 0.116669 0.0760912 0.0342217 0.00950174 0.001854 0.000860785 0 0 0 0.000165536 0 0.000143464 0 0 0
 0 0 0 0 0 0 0 0.000145254 0.000435761 0.0275982 0.070085 0.0708112 0.156366 0.174668 0.174014 0.160142 0.0824315 0.0480064 0.0283245 0.00493863 0.00203355 0 0 0 0 0
 0 0 0 0 0 0 0 0 0 0 0 0 0 0 0 0 0 0 0 0 0 0 0 0 0 0
 0 0 1.00437e-05 0.000401748 0.00122533 0.00171747 0.00176769 0.0269171 0.070346 0.194647 0.189555 0.159765 0.064822 0.0314167 0.0384472 0.0292271 0.0345202 0.0313363 0.0194345 0.0106764 0.0143323 0.0359363 0.0279516 0.0138201 0.00172751 0
 0 0.0021121 0.0136068 0.0755702 0.200478 0.177729 0.0527432 0.0373336 0.0318909 0.0142505 0.0149659 0.0166563 0.0217959 0.0798694 0.0677717 0.0528807 0.04013 0.0224614 0.0357745 0.0225083 0.00881397 0.00855152 0.00135912 0.000746735 0 0
 0 0 0 0 5.4009e-05 0.00500934 0.000945158 0.0243581 0.138947 0.33067 0.221406 0.137944 0.0707744 0.0437923 0.0131692 0.00525238 0.0047753 0.00276346 9.45158e-05 9.00151e-06 2.25038e-05 9.00151e-06 4.50075e-06 0 0 0
 0.000866109 0.00284123 0.00948549 0.0512746 0.133035 0.25785 0.225252 0.132002 0.0553304 0.0519788 0.0540692 0.017754 0.00435017 0.00159236 0.00146478 0.000404838 0.000125132 0.000115318 0.000107957 0.000100596 0 0 0 0 0 0
 0 0 0 0 0.00144013 0.00171154 0.00461396 0.0210425 0.0478622 0.0707936 0.0888783 0.103762 0.0637923 0.0337046 0.0602308 0.124433 0.169614 0.0934646 0.0462172 0.0250306 0.0313229 0.00938855 0.002487 0.000210481 0 0
 0 0.00764035 0.051015 0.0998891 0.058973 0.0496711 0.0374665 0.0718981 0.12319 0.153886 0.159021 0.0857701 0.0377988 0.023471 0.0147837 0.00900784 0.00315554 0.000888139 0.00291439 0.00214683 0.00393193 0.00274676 0.000635225 9.99891e-05 0 0
 0 0 0 0 0 0 0 0 0 0 0 0 0 0 0 0 0 0 0 0 0 0 0 0 0 0
 0 0 0 0 0 0 0 0 0 0 0 0 0 0 0 0 0 0 0 0 0 0 0 0 0 0
 0 0 0 0 0 0 0 0 0 0 0 0 0 0 0 0 0 0 0 0 0 0 0 0 0 0
 0 0 0 0 0 0 0 0 0 0 0 0 0 0 0 0 0 0 0 0 0 0 0 0 0 0
 0 0 0 0 0 0 0 0 0 0 0 0 0 0 0 0 0 0 0 0 0 0 0 0 0 0
 0 0 0 0 0 0 0 0 0 0 0 0 0 0 0 0 0 0 0 0 0 0 0 0 0 0
 0 0 0 0 0 0 0 0 0 0 0 0 0 0 0 0 0 0 0 0 0 0 0 0 0 0
ppred_pel_tallas
 1.15926e-16 3.03652e-05 0.00029516 0.00196144 0.00891645 0.0277425 0.059109 0.0862752 0.0862938 0.0592004 0.028051 0.00981519 0.00424584 0.00537603 0.00995506 0.0171267 0.026337 0.0365918 0.046774 0.0561828 0.0645936 0.0717069 0.0765725 0.0777017 0.0739138 0.0652317
 1.20292e-16 2.88173e-05 0.000280114 0.00186146 0.00846194 0.0263284 0.0560969 0.0818828 0.0819198 0.0562777 0.0269361 0.010219 0.00627887 0.00994747 0.0184622 0.0306759 0.0446769 0.0572676 0.0652572 0.0673207 0.0648082 0.0607238 0.0576784 0.0564263 0.0558913 0.0542921
 1.14391e-16 4.00119e-05 0.00038893 0.00258458 0.0117491 0.036556 0.0778875 0.113685 0.113712 0.0780209 0.0370046 0.0130475 0.00585382 0.0075596 0.0137584 0.0229451 0.033669 0.0436499 0.0505722 0.0533682 0.0527683 0.0505906 0.0483803 0.0465304 0.0444294 0.0412488
 1.06381e-16 5.48701e-05 0.000533357 0.00354435 0.0161121 0.0501308 0.10681 0.155897 0.155919 0.106917 0.0504914 0.0171545 0.00616425 0.00626387 0.0109715 0.0181395 0.0263347 0.0335625 0.0378259 0.0382126 0.0354106 0.0311647 0.0271319 0.0240485 0.0217066 0.0194991
 1.04599e-16 4.30984e-05 0.000418932 0.00278395 0.0126555 0.039376 0.0838962 0.122457 0.122494 0.0840782 0.0399872 0.0144212 0.00721735 0.0101011 0.0184431 0.0304527 0.0439358 0.0554 0.0613049 0.0600073 0.0527168 0.0426295 0.0329709 0.0254861 0.0202529 0.0164705
 1.04915e-16 5.08157e-05 0.000493947 0.00328245 0.0149216 0.0464266 0.0989178 0.144379 0.144404 0.0990414 0.046842 0.0161227 0.00630256 0.00710405 0.0126549 0.0209713 0.0305087 0.0389959 0.0441267 0.0447974 0.0416905 0.0366709 0.0315253 0.0270784 0.0232128 0.0194787
 1.07921e-16 2.33922e-05 0.00022738 0.00151102 0.00686893 0.0213721 0.0455374 0.0664744 0.0665275 0.0457971 0.0222443 0.00938933 0.00784158 0.0140603 0.0263337 0.0436001 0.0630445 0.0797818 0.088825 0.0878519 0.0785332 0.0652787 0.0524704 0.0423752 0.0349594 0.0290712
 1.17761e-16 1.99955e-05 0.000194363 0.00129161 0.0058715 0.0182686 0.0389244 0.0568183 0.0568516 0.0390876 0.0188178 0.00746403 0.00531241 0.0090491 0.0170635 0.0287698 0.0428236 0.056738 0.0678998 0.0749826 0.0784631 0.0797307 0.0796283 0.0777661 0.0730993 0.065064
 1.24908e-16 2.74348e-05 0.000266676 0.00177216 0.00805599 0.0250653 0.0534054 0.0779524 0.0779798 0.0535392 0.0255156 0.00936092 0.00506422 0.00750865 0.0139461 0.0234504 0.0348231 0.046031 0.0550314 0.0609724 0.064609 0.0674673 0.0704429 0.0730259 0.0736929 0.0709939
 1.10657e-16 5.62668e-05 0.000546933 0.00363456 0.0165222 0.0514068 0.109528 0.159863 0.15988 0.109611 0.0516835 0.0173227 0.00564891 0.00496118 0.0084902 0.0140816 0.0206023 0.026604 0.0306607 0.0321596 0.0316481 0.030376 0.0294032 0.0289912 0.028654 0.027664
 1.01375e-16 7.13416e-05 0.000693466 0.00460833 0.0209488 0.0651795 0.138872 0.20269 0.202701 0.138925 0.065357 0.0214614 0.0058949 0.00350185 0.00540437 0.00882015 0.0126958 0.0159597 0.0175727 0.0170594 0.0147886 0.0117215 0.00883498 0.00666705 0.00524769 0.00432235
 1.00701e-16 6.3696e-05 0.000619148 0.00411446 0.0187037 0.0581944 0.12399 0.180971 0.180991 0.124089 0.0585258 0.0196608 0.0065157 0.00585697 0.00999906 0.0163974 0.0235388 0.0294389 0.0321197 0.0306657 0.0257717 0.019286 0.0131321 0.00843855 0.00537582 0.00354017
 1.02967e-16 2.89783e-05 0.000281679 0.00187186 0.00850923 0.0264757 0.0564112 0.0823451 0.0823993 0.0566757 0.0273638 0.0110745 0.00831079 0.0143372 0.0267202 0.0441198 0.0635301 0.0798319 0.087803 0.0849969 0.0731706 0.0570547 0.0415141 0.029322 0.0208258 0.0150261
 1.08831e-16 4.06e-05 0.000394647 0.00262257 0.0119218 0.0370934 0.0790323 0.115355 0.115381 0.0791567 0.0375118 0.0131342 0.00567987 0.00711525 0.0129402 0.0216822 0.0320517 0.0420128 0.04945 0.0532841 0.053928 0.0526454 0.0504183 0.0473375 0.0429226 0.0368879
 1.00536e-16 7.97104e-05 0.000774813 0.00514891 0.0234062 0.0728253 0.155162 0.226464 0.226466 0.155173 0.072862 0.0235122 0.00541515 0.00135682 0.00118739 0.00184306 0.00266214 0.00337948 0.00378477 0.00378417 0.00345019 0.00296671 0.00251109 0.0021666 0.00191704 0.00170077
 1.00125e-16 7.19806e-05 0.000699677 0.0046496 0.0211364 0.0657633 0.140116 0.204506 0.204518 0.140174 0.0659591 0.0217016 0.00606697 0.00378955 0.00592767 0.00965279 0.0138209 0.0172172 0.018658 0.0175998 0.0144692 0.0103957 0.00656591 0.00369302 0.00190179 0.000945792
 1.01396e-16 3.29874e-05 0.000320649 0.00213083 0.00968647 0.0301385 0.0642152 0.0937352 0.0937889 0.0644773 0.0310184 0.0122271 0.00850493 0.0142246 0.0264073 0.0435199 0.0624885 0.0781533 0.0852674 0.0813925 0.0683591 0.0510605 0.0345957 0.0219689 0.0136578 0.00862819
 1.02581e-16 6.74587e-05 0.000655722 0.0043575 0.0198086 0.0616319 0.131314 0.191658 0.191668 0.131362 0.0617948 0.0202803 0.00554606 0.00326518 0.00506664 0.00838189 0.0123284 0.0160422 0.0186678 0.0197725 0.0195369 0.0185134 0.0171756 0.0156554 0.0138339 0.0116156
 1.00876e-16 6.79557e-05 0.000660553 0.00438961 0.0199545 0.062086 0.132281 0.193072 0.193087 0.132356 0.0623378 0.0206813 0.00621303 0.00463804 0.00761295 0.0124547 0.0178801 0.02237 0.0244268 0.0233634 0.0197159 0.0148929 0.0103513 0.00693241 0.00473905 0.00343473
 1.01058e-16 5.76596e-05 0.000560472 0.00372453 0.0169312 0.0526794 0.11224 0.163823 0.163849 0.112368 0.0531076 0.0181676 0.00682705 0.00732985 0.0129037 0.0212139 0.0304886 0.0381997 0.0418056 0.0401242 0.034032 0.0258746 0.0180833 0.0120715 0.00804272 0.00549508
 1.02595e-16 4.85421e-05 0.000471846 0.00313558 0.0142539 0.0443495 0.0944924 0.137921 0.137954 0.0946509 0.0448817 0.0157917 0.0069971 0.00890625 0.0160805 0.0265419 0.0383075 0.0483281 0.0535104 0.0523963 0.045993 0.0370297 0.0282776 0.0212646 0.0161278 0.0122883
 1.04641e-16 4.47678e-05 0.000435159 0.00289179 0.0131457 0.0409012 0.0871456 0.127198 0.127231 0.087305 0.0414367 0.0146934 0.00678099 0.00893914 0.0162358 0.026875 0.038953 0.049487 0.0554411 0.0553756 0.0502381 0.0425975 0.0349856 0.028682 0.0236592 0.0193216
 1.08944e-16 2.39764e-05 0.000233059 0.00154876 0.00704047 0.0219058 0.0466743 0.0681328 0.0681817 0.0469133 0.0227086 0.0093614 0.00738193 0.0129911 0.0243249 0.0403615 0.0585724 0.0745587 0.0838153 0.0842177 0.0771903 0.0665402 0.0559659 0.0472521 0.0402211 0.0338825
 1.0724e-16 5.8064e-05 0.000564403 0.00375066 0.01705 0.0530488 0.113027 0.164968 0.164982 0.113092 0.0532693 0.017689 0.00536318 0.00411245 0.00687846 0.0114942 0.0170544 0.022499 0.0267621 0.0293201 0.0304087 0.0306616 0.030502 0.0298301 0.0282239 0.0253907
 1.02027e-16 6.54188e-05 0.000635894 0.00422574 0.0192096 0.0597683 0.127343 0.185865 0.185882 0.127426 0.0600447 0.0200078 0.00622881 0.00500738 0.00836414 0.0137152 0.0197314 0.0247745 0.0272251 0.0263459 0.0227231 0.0178734 0.0133381 0.00996693 0.00780254 0.00643054
 1.03355e-16 2.28168e-05 0.000221787 0.00147386 0.00669998 0.0208465 0.0444179 0.0648421 0.0649037 0.0447191 0.0218577 0.00962042 0.008803 0.0162161 0.0303832 0.0501511 0.0721403 0.0904963 0.0992486 0.0956159 0.0816519 0.0628454 0.0448609 0.0309557 0.0215531 0.0154527
 1.04459e-16 6.40098e-05 0.000622198 0.00413473 0.0187959 0.058481 0.1246 0.18186 0.181869 0.124646 0.0586353 0.0192436 0.00526648 0.00311863 0.00488065 0.00816371 0.0122099 0.0163012 0.0197158 0.0220648 0.0234183 0.0240606 0.0241125 0.0233911 0.0216148 0.0187296
 1.03407e-16 4.34917e-05 0.000422755 0.00280936 0.012771 0.0397354 0.084662 0.123575 0.123616 0.0848597 0.0403993 0.0146878 0.00761878 0.0109146 0.0199485 0.0328563 0.0472025 0.0591037 0.0646382 0.0620163 0.0526677 0.0403074 0.0287507 0.0201605 0.0147317 0.0115016
 1.06405e-16 3.63615e-05 0.000353447 0.00234878 0.0106772 0.033221 0.0707823 0.103317 0.103354 0.0709634 0.0338297 0.0124372 0.0067745 0.0100411 0.0185115 0.0307442 0.0447437 0.0572143 0.0647717 0.0657777 0.0611957 0.0537169 0.0459338 0.0390673 0.0330056 0.0271821
 1.04511e-16 6.10195e-05 0.000593131 0.00394157 0.0179178 0.055749 0.11878 0.173366 0.173381 0.118857 0.0560073 0.0186651 0.00582148 0.00471086 0.00792209 0.0131071 0.0191256 0.0245764 0.0280617 0.0289227 0.0275822 0.0251533 0.0226538 0.0204738 0.0184231 0.0161473
 1.03166e-16 4.79058e-05 0.000465661 0.00309448 0.0140671 0.0437681 0.0932539 0.136114 0.136149 0.0934232 0.0443364 0.0157084 0.00721373 0.0094561 0.0171168 0.0282072 0.0405951 0.0509791 0.0560245 0.0541932 0.0466577 0.0365025 0.0268802 0.0195577 0.0146854 0.0115029
pSPR Fmed_Fpbrs
0.555241   0.227025 0.227025
Fs Fmed_Fpbrs
0.34   1.005 1.005
SSBpbr Bo_Bmed_Bpbrs
446079  225378  78967.3 78967.3
Ro
95644.4
SPR SPRFo_SPRFmed_SPRFpbrs
682681 379052 154986
Fref
1.005
Nvult_r0
 115305 25619.3 1643.95 409.047 100.119
CTP_r0
 48699.5 12841.6 824.024 205.034 50.1844
YTP_r0
616900
Np
 107640 19060.7 4629.97 840.642 61.2066
Nvult_p0
 88579.7 16493.9 4006.49 727.441 52.9645
CTP_p0
 37412.1 14913.4 2707.76 173.753 52.3491
 37412.1 8267.54 2008.24 364.628 26.5483
YTP_p0
 614789 487050
CBA_c0
616266
log_Ro
11.2884
likeval ReclasPelacesDesembMPH_pf_preclas_ppelaces_ptallas_desvR_qrecl_qpela
 33.7055 31.988 0.0290231 49.0316 256.967 138.3 119.48 0 22.6389 0.000193529 0.000515749 0.0282004 0 0 0
q_reclas_q_pelaces
7.1519 24.8211
M
1
N
 146215 24982.5 28856.3 2561.42 0.15345
 93762.6 37818.3 5663.02 6541.13 580.657
 84506.5 18003.3 5692.05 852.344 1071.9
 126098 16298.7 2726.38 861.993 291.404
 92892.8 22177.4 2174.32 363.712 153.868
 192613 27218.6 5967.39 585.057 139.268
 67352.2 51047.9 6380.01 1398.75 169.781
 24050.9 10723.5 5939.46 742.319 182.5
 23263.1 7484.9 3134.61 1736.17 270.335
 31858.7 3985.8 963.273 403.41 258.228
 57285.6 2419.73 167.669 40.5215 27.8328
 169120 16382.1 629.688 43.6325 17.7879
 62594.6 36152.4 2857.68 109.843 10.7141
 32883.1 12796.6 5931.14 468.829 19.7784
 73763.8 685.396 91.0219 42.1881 3.47546
 211934 11959.4 81.7606 10.858 5.44719
 60955.8 32083.2 1298.27 8.87561 1.77002
 207476 10798 4322.61 174.918 1.4343
 324070 26479.3 927.033 371.105 15.1402
 279017 40113.6 2179.7 76.3106 31.7945
 260861 52446.5 5863.59 318.617 15.8022
 235431 58005.3 9658.05 1079.78 61.5834
 51991.1 35745.4 6322.4 1052.7 124.405
 101038 7963.55 3943.54 697.506 129.862
 170594 14349.4 791.853 392.124 82.269
 33636.6 29274 1850.62 102.124 61.1819
 134845 6034.71 4013.58 253.726 22.3899
 92592.6 26923.5 958.41 637.421 43.8518
 55414.3 18364.1 4236.81 150.82 107.209
 125239 9483.98 2359.8 544.433 33.1569
 140116 29606 1899.77 472.701 115.699
pred_Ctot
 28238.4 6302.86 7280.19 646.225 0.0387141
 29850.4 15161.6 2270.35 2622.39 232.79
 26762.8 7183.53 2271.19 340.095 427.702
 44126.9 7112.58 1189.76 376.164 127.165
 12173.8 3862.02 378.641 63.3375 26.7949
 34958.6 6474.39 1419.44 139.165 33.1272
 25810.2 24138.9 3016.9 661.424 80.284
 2374.12 1418.75 785.807 98.2108 24.1452
 8349.94 3340.82 1399.11 774.924 120.662
 18018.1 2613.1 631.525 264.477 169.295
 8229.37 460.329 31.8972 7.7088 5.2949
 46785.6 5779.25 222.14 15.3926 6.27518
 18429.2 13501.6 1067.24 41.0222 4.00134
 23879.4 10136.6 4698.26 371.376 15.6672
 27833.7 319.732 42.4611 19.6805 1.62128
 84587.9 5859.9 40.0611 5.32019 2.66902
 21178 13911.2 562.929 3.84846 0.767481
 93076.9 5850.44 2342.02 94.7716 0.777114
 148043 14568.8 510.048 204.18 8.33005
 91019.4 16438.9 893.258 31.2727 13.0297
 67929.2 17499.8 1956.5 106.313 5.27272
 93751.1 28364.9 4722.84 528.019 30.1146
 20561.2 17374.9 3073.16 511.69 60.4703
 42274.1 4064.72 2012.84 356.018 66.2834
 61142.6 6396.39 352.978 174.794 36.6724
 11536.4 12547.7 793.229 43.7735 26.2244
 40936.8 2317.45 1541.3 97.4361 8.59817
 28346.4 10418.2 370.863 246.654 16.9687
 19910.9 8204.27 1892.82 67.3797 47.896
 29324.5 2867.28 713.436 164.598 10.0243
 30474 8353.82 536.052 133.38 32.6464
F
 0.352283 0.484217 0.484217 0.484217 0.484217
 0.650211 0.893722 0.893722 0.893722 0.893722
 0.645742 0.887579 0.887579 0.887579 0.887579
 0.737985 1.01437 1.01437 1.01437 1.01437
 0.227546 0.312764 0.312764 0.312764 0.312764
 0.327921 0.450731 0.450731 0.450731 0.450731
 0.837494 1.15115 1.15115 1.15115 1.15115
 0.167287 0.229937 0.229937 0.229937 0.229937
 0.764131 1.05031 1.05031 1.05031 1.05031
 1.57765 2.1685 2.1685 2.1685 2.1685
 0.251862 0.346187 0.346187 0.346187 0.346187
 0.542867 0.746177 0.746177 0.746177 0.746177
 0.587501 0.807527 0.807527 0.807527 0.807527
 2.87072 3.94583 3.94583 3.94583 3.94583
 0.819347 1.1262 1.1262 1.1262 1.1262
 0.887943 1.22049 1.22049 1.22049 1.22049
 0.730784 1.00447 1.00447 1.00447 1.00447
 1.05865 1.45513 1.45513 1.45513 1.45513
 1.08924 1.49718 1.49718 1.49718 1.49718
 0.671478 0.922954 0.922954 0.922954 0.922954
 0.503453 0.692002 0.692002 0.692002 0.692002
 0.884995 1.21644 1.21644 1.21644 1.21644
 0.876197 1.20434 1.20434 1.20434 1.20434
 0.951796 1.30825 1.30825 1.30825 1.30825
 0.762588 1.04819 1.04819 1.04819 1.04819
 0.718087 0.987018 0.987018 0.987018 0.987018
 0.611132 0.840007 0.840007 0.840007 0.840007
 0.61781 0.849186 0.849186 0.849186 0.849186
 0.765233 1.05182 1.05182 1.05182 1.05182
 0.442244 0.60787 0.60787 0.60787 0.60787
 0.40492 0.556568 0.556568 0.556568 0.556568
YTP_r0W_actual
 404206 181066 22743.1 7012.15 1871.88
YTP_p0W_proyectada
 282087 260239 65175.8 5441.93 1845.31
 282087 144269 48338.4 11420.1 935.828
CTP_r0_actual
 48699.5 12841.6 824.024 205.034 50.1844
CTP_p0_proyectada
 37412.1 14913.4 2707.76 173.753 52.3491
 37412.1 8267.54 2008.24 364.628 26.5483
Wmedp
 7.54 17.45 24.07 31.32 35.25
Frms_r0
 0.731169 1.005 1.005 1.005 1.005
Zrms_r0
 1.73117 2.005 2.005 2.005 2.005
nmprior
 7.29 8.9 8.7 0
nm_flota  nm_reclas  nm_pelaces    nm_pelaL
inf 7.74007 6.45919 11.304
cv_recla  cv_pelaces  cv_mph
0.525141 0.641307 0.291311
 ------------------------------------------------
Talla a la edad & desviaci?n 
 8 13.2811 15.8009 17.003 17.5766
 0.8 1.32811 1.58009 1.7003 1.75766
