years
 1991 1992 1993 1994 1995 1996 1997 1998 1999 2000 2001 2002 2003 2004 2005 2006 2007 2008 2009 2010 2011 2012 2013 2014 2015 2016 2017 2018 2019 2020 2021 2022
reclasobs
 0 0 0 0 0 0 0 0 0 252601 567819 844713 477998 351125 339783 2.1784e+06 2.13404e+06 4.81314e+06 1.55562e+06 2.62356e+06 3.21686e+06 3.843e+06 1.13348e+06 3.07943e+06 1.97215e+06 2.03268e+06 2.025e+06 2.42433e+06 2.27542e+06 1.05018e+06 2.36338e+06 3.18982e+06
reclaspred
 5.95575e+06 3.12195e+06 1.47213e+06 1.58523e+06 1.98517e+06 3.90581e+06 2.51987e+06 1.86081e+06 1.03423e+06 328768 567542 1.7798e+06 1.80377e+06 270967 832402 1.66535e+06 1.6435e+06 2.05118e+06 2.33226e+06 2.90476e+06 5.69234e+06 3.27872e+06 1.70606e+06 1.60921e+06 1.67672e+06 1.52191e+06 1.95449e+06 1.905e+06 1.56113e+06 2.03862e+06 1.11007e+06 1.09213e+06
pelacesobs
 0 0 0 0 0 0 0 0 0 0 0 0 0 0 0 552880 188675 0 991730 2.46772e+06 1.41603e+06 1.21717e+06 2.29649e+06 1.80582e+06 0 1.4828e+06 1.56532e+06 1.57751e+06 1.42118e+06 867257 1.10002e+06 1.06204e+06
pelacespred
 3.391e+06 1.79433e+06 802643 842604 1.29098e+06 2.66096e+06 1.3674e+06 1.34307e+06 620897 140714 414723 1.13308e+06 1.11011e+06 79783.9 601504 957570 869336 1.13414e+06 1.40165e+06 1.6925e+06 3.49768e+06 1.907e+06 921788 1.00095e+06 986344 847574 1.51265e+06 1.32263e+06 848007 1.45877e+06 543662 694091
mphobs
 0 0 0 0 0 0 0 0 0 0 0 0 498337 0 5186 125008 0 168611 109162 213762 579715 649985 157893 87575 83554 210694 70296 0 107559 103333 445601 22526
mphpred
 703199 477568 207315 122532 188160 273053 452155 189120 157538 57146 16470.6 104454 256930 89961.4 6188.8 103653 204414 143099 155757 205789 425553 435840 195002 95007.3 130091 175896 102421 197713 206690 130971 176848 57130.6
desembarqueobs
 494567 514787 250237 358949 120608 361735 552515 73892 212993 205616 52469 317467 293654 387597 252695 516296 358380 742168 942051 627588 828172 859565 418607 520667 417249 300574 415391 372974 316634 284311 391294 218835
desembarquepred
 494551 514468 250367 358933 120608 361709 552464 73897.7 213076 205687 52470.3 317394 293845 387808 252564 516136 358294 741798 941050 627104 828215 859691 418476 520785 417065 300670 415332 372916 316295 284077 391786 218884
Reclutas
 141059 95674 85196.7 127306 90751.7 193584 67323.7 23185.2 22603.8 31129.6 52343.7 170157 60923.3 35024.9 73220.1 210459 58399.6 210268 315126 285291 252491 238561 53757.9 98567.5 172282 33442 125431 95140.4 60763.3 116349 32223.4 57911
log_desv_Rt
 0.457539 0.0693077 -0.0466763 0.354956 0.0164882 0.774073 -0.282127 -1.34813 -1.37352 -1.05348 -0.533807 0.645082 -0.382024 -0.93558 -0.19817 0.857649 -0.42433 0.856742 1.26133 1.16187 1.03974 0.982985 -0.507149 0.099102 0.657494 -0.981826 0.34012 0.0637144 -0.384654 0.264958 -1.01895 -0.432733
SSB
 703199 477568 207315 122532 188160 273053 452155 189120 157538 57146 16470.6 104454 243217 85678.6 5937.18 99244.7 204414 143099 163708 213706 455224 508964 248403 114215 138207 206162 108349 197713 219546 126813 217927 70142.4
BT
 1.23236e+06 927590 418303 563486 459044 1.19556e+06 812630 445996 382435 237663 203714 665488 563464 407647 498850 771889 521959 1.07288e+06 1.40977e+06 1.05933e+06 1.8333e+06 1.32193e+06 627396 874753 673244 483863 1.01174e+06 769821 485180 780810 485599 442002
Ftot
 0.501571 0.935211 0.929642 1.01304 0.317516 0.444345 1.16204 0.234911 1.08589 2.36686 0.375597 0.752088 0.83987 3.90911 1.08839 1.19229 1.03782 1.43515 1.51075 0.90045 0.694366 1.23027 1.21352 1.31291 1.03167 0.998682 0.882127 0.856659 1.02445 0.619139 1.6326 0.873017
BD_Bspro_t
 0.923238 0.551988 0.28216 0.203873 0.257959 0.383351 0.445704 0.230571 0.258683 0.137132 0.0598263 0.37139 0.409274 0.16041 0.0156362 0.203826 0.246854 0.173252 0.16439 0.17744 0.257918 0.270954 0.174153 0.105803 0.145301 0.224833 0.15787 0.280124 0.290273 0.201581 0.299315 0.119981
BD_Bspro
 1.09437 0.74323 0.322641 0.190694 0.29283 0.424946 0.70368 0.294324 0.245174 0.0889351 0.0256329 0.16256 0.378514 0.13334 0.00923991 0.154453 0.318125 0.222702 0.254775 0.332586 0.708456 0.79209 0.386585 0.177751 0.215088 0.320845 0.168621 0.307696 0.341675 0.197356 0.339155 0.109161
BD_Bo
 1.67907 1.14031 0.495018 0.292576 0.44928 0.651982 1.07963 0.451572 0.376163 0.13645 0.0393278 0.249411 0.580742 0.204579 0.0141765 0.236972 0.48809 0.341684 0.390894 0.510277 1.08696 1.21528 0.593126 0.272718 0.330003 0.492263 0.25871 0.472089 0.524221 0.302798 0.520355 0.167483
BD_Brms
 9.78636 6.64628 2.88519 1.70526 2.61861 3.80005 6.2926 2.63197 2.19245 0.795296 0.229221 1.45368 3.38483 1.19238 0.0826273 1.38118 2.84481 1.99149 2.27831 2.97413 6.33532 7.08321 3.45701 1.58953 1.92341 2.86914 1.50788 2.75155 3.0554 1.76484 3.03287 0.976167
Sel_flota
 0.761904 0.983819 0.999135 0.999954 0.999998
 0.761904 0.983819 0.999135 0.999954 0.999998
 0.761904 0.983819 0.999135 0.999954 0.999998
 0.761904 0.983819 0.999135 0.999954 0.999998
 0.761904 0.983819 0.999135 0.999954 0.999998
 0.761904 0.983819 0.999135 0.999954 0.999998
 0.761904 0.983819 0.999135 0.999954 0.999998
 0.761904 0.983819 0.999135 0.999954 0.999998
 0.761904 0.983819 0.999135 0.999954 0.999998
 0.761904 0.983819 0.999135 0.999954 0.999998
 0.761904 0.983819 0.999135 0.999954 0.999998
 0.761904 0.983819 0.999135 0.999954 0.999998
 0.761904 0.983819 0.999135 0.999954 0.999998
 0.761904 0.983819 0.999135 0.999954 0.999998
 0.761904 0.983819 0.999135 0.999954 0.999998
 0.761904 0.983819 0.999135 0.999954 0.999998
 0.761904 0.983819 0.999135 0.999954 0.999998
 0.761904 0.983819 0.999135 0.999954 0.999998
 0.761904 0.983819 0.999135 0.999954 0.999998
 0.761904 0.983819 0.999135 0.999954 0.999998
 0.761904 0.983819 0.999135 0.999954 0.999998
 0.761904 0.983819 0.999135 0.999954 0.999998
 0.761904 0.983819 0.999135 0.999954 0.999998
 0.761904 0.983819 0.999135 0.999954 0.999998
 0.761904 0.983819 0.999135 0.999954 0.999998
 0.761904 0.983819 0.999135 0.999954 0.999998
 0.761904 0.983819 0.999135 0.999954 0.999998
 0.761904 0.983819 0.999135 0.999954 0.999998
 0.761904 0.983819 0.999135 0.999954 0.999998
 0.761904 0.983819 0.999135 0.999954 0.999998
 0.761904 0.983819 0.999135 0.999954 0.999998
 0.761904 0.983819 0.999135 0.999954 0.999998
Sel_reclas
 0.344901 0.725999 0.930238 0.985317 0.997048
 0.344901 0.725999 0.930238 0.985317 0.997048
 0.344901 0.725999 0.930238 0.985317 0.997048
 0.344901 0.725999 0.930238 0.985317 0.997048
 0.344901 0.725999 0.930238 0.985317 0.997048
 0.344901 0.725999 0.930238 0.985317 0.997048
 0.344901 0.725999 0.930238 0.985317 0.997048
 0.344901 0.725999 0.930238 0.985317 0.997048
 0.344901 0.725999 0.930238 0.985317 0.997048
 0.344901 0.725999 0.930238 0.985317 0.997048
 0.344901 0.725999 0.930238 0.985317 0.997048
 0.344901 0.725999 0.930238 0.985317 0.997048
 0.344901 0.725999 0.930238 0.985317 0.997048
 0.344901 0.725999 0.930238 0.985317 0.997048
 0.344901 0.725999 0.930238 0.985317 0.997048
 0.344901 0.725999 0.930238 0.985317 0.997048
 0.344901 0.725999 0.930238 0.985317 0.997048
 0.344901 0.725999 0.930238 0.985317 0.997048
 0.344901 0.725999 0.930238 0.985317 0.997048
 0.344901 0.725999 0.930238 0.985317 0.997048
 0.344901 0.725999 0.930238 0.985317 0.997048
 0.344901 0.725999 0.930238 0.985317 0.997048
 0.344901 0.725999 0.930238 0.985317 0.997048
 0.344901 0.725999 0.930238 0.985317 0.997048
 0.344901 0.725999 0.930238 0.985317 0.997048
 0.344901 0.725999 0.930238 0.985317 0.997048
 0.344901 0.725999 0.930238 0.985317 0.997048
 0.344901 0.725999 0.930238 0.985317 0.997048
 0.344901 0.725999 0.930238 0.985317 0.997048
 0.344901 0.725999 0.930238 0.985317 0.997048
 0.344901 0.725999 0.930238 0.985317 0.997048
 0.344901 0.725999 0.930238 0.985317 0.997048
Sel_pelaces
 0.5 1 1 1 1
 0.5 1 1 1 1
 0.5 1 1 1 1
 0.5 1 1 1 1
 0.5 1 1 1 1
 0.5 1 1 1 1
 0.5 1 1 1 1
 0.5 1 1 1 1
 0.5 1 1 1 1
 0.5 1 1 1 1
 0.5 1 1 1 1
 0.5 1 1 1 1
 0.5 1 1 1 1
 0.5 1 1 1 1
 0.5 1 1 1 1
 0.5 1 1 1 1
 0.5 1 1 1 1
 0.5 1 1 1 1
 0.5 1 1 1 1
 0.5 1 1 1 1
 0.5 1 1 1 1
 0.5 1 1 1 1
 0.5 1 1 1 1
 0.5 1 1 1 1
 0.5 1 1 1 1
 0.5 1 1 1 1
 0.5 1 1 1 1
 0.5 1 1 1 1
 0.5 1 1 1 1
 0.5 1 1 1 1
 0.5 1 1 1 1
 0.5 1 1 1 1
pf_obs 
 0.8446 0.082 0.0669 0.0065 0
 0.8095 0.147 0.0364 0.0071 0
 0.9664 0.0169 0.016 0.0007 0
 0.9276 0.0648 0.0075 0.0001 0
 0.7033 0.2144 0.0806 0.0017 0
 0.9318 0.0425 0.0243 0.0014 0
 0.5671 0.3108 0.0964 0.0239 0.0018
 0.0768 0.2599 0.5324 0.112 0.0189
 0.490249 0.384438 0.106611 0.0170017 0.00170017
 0.7925 0.1577 0.0466 0.003 0.0002
 0.840416 0.127587 0.0312969 0.00059994 9.999e-05
 0.8084 0.0986 0.0794 0.0134 0.0002
 0.7335 0.1905 0.0724 0.0035 0.0001
 0.4001 0.4547 0.1325 0.0127 0
 0.49795 0.308269 0.164784 0.0264974 0.00249975
 0.9179 0.0499 0.0305 0.0017 0
 0.2467 0.6533 0.0926 0.0074 0
 0.9418 0.0223 0.034 0.0019 0
 0.707729 0.231977 0.0356964 0.0245975 0
 0.517169 0.277429 0.184464 0.0207286 0.00020938
 0.811772 0.124168 0.05621 0.00726502 0.000585176
 0.764997 0.148141 0.077277 0.00933861 0.000247198
 0.163321 0.427699 0.378323 0.0303852 0.000271297
 0.753843 0.0900009 0.118128 0.0371064 0.000921714
 0.721811 0.176058 0.0630433 0.0369309 0.00215725
 0.143369 0.312575 0.442814 0.0836902 0.0175525
 0.692698 0.0596174 0.167031 0.0765114 0.00414204
 0.394062 0.376323 0.152708 0.0712218 0.00568511
 0.125707 0.32114 0.495352 0.0537591 0.00404204
 0.23352 0.215282 0.420074 0.123614 0.00750983
 0.796117 0.104755 0.0508955 0.0450114 0.00322123
 0.162477 0.292055 0.404252 0.121198 0.0200186
pf_pred 
 0.674548 0.147836 0.162877 0.0147377 8.58501e-07
 0.625521 0.27764 0.0444635 0.0480337 0.00434197
 0.745137 0.181098 0.0550402 0.00860361 0.0101215
 0.848663 0.12277 0.0204418 0.00606432 0.00206039
 0.748753 0.224243 0.0220106 0.00357465 0.00141886
 0.826003 0.138999 0.0312954 0.00301786 0.000684002
 0.492858 0.439292 0.0544115 0.0120184 0.00142017
 0.516518 0.287842 0.170068 0.0205125 0.00505898
 0.610218 0.228653 0.0965955 0.0561053 0.00842827
 0.843755 0.109989 0.0274334 0.0112903 0.00753227
 0.952863 0.0429222 0.00300408 0.000718822 0.000492084
 0.903325 0.0932462 0.00312735 0.000214897 8.65359e-05
 0.570818 0.399113 0.0290253 0.000952069 9.16559e-05
 0.645551 0.233488 0.11267 0.00800316 0.000287425
 0.987271 0.0104959 0.00150226 0.000680669 4.99168e-05
 0.937676 0.0617943 0.000438635 6.11702e-05 2.97073e-05
 0.600774 0.382525 0.0165629 0.000114421 2.36712e-05
 0.927646 0.0500234 0.0214188 0.000904091 7.52751e-06
 0.909116 0.0866642 0.00294475 0.00122353 5.1992e-05
 0.859025 0.132713 0.0078893 0.000259929 0.000112404
 0.778776 0.198773 0.0211643 0.00122856 5.7907e-05
 0.755069 0.203922 0.0369283 0.00384751 0.0002336
 0.522936 0.394041 0.0694405 0.0122326 0.00134989
 0.870597 0.0811886 0.0400134 0.00686061 0.00133996
 0.908278 0.083784 0.00503342 0.00241093 0.000493352
 0.475887 0.490771 0.0305241 0.00178794 0.00103024
 0.912177 0.0503097 0.0351826 0.00213438 0.000196793
 0.758596 0.226494 0.0086272 0.00589229 0.000389926
 0.696248 0.248946 0.0514966 0.00191616 0.00139358
 0.877477 0.0947088 0.0228985 0.00461919 0.000296474
 0.487888 0.465741 0.0360157 0.00852689 0.00182843
 0.895669 0.0636437 0.0371111 0.00277857 0.000797513
pobs_RECLAS
 0 0 0 0 0
 0 0 0 0 0
 0 0 0 0 0
 0 0 0 0 0
 0 0 0 0 0
 0 0 0 0 0
 0 0 0 0 0
 0 0 0 0 0
 0 0 0 0 0
 0 0 0 0 0
 0.991045 0.00858322 0.000360255 1.14367e-05 0
 0.934742 0.0480273 0.0164251 0.00080598 0
 0.827803 0.169806 0.00239088 0 0
 0.941827 0.0461693 0.0120037 0 0
 0.791401 0.0380133 0.147996 0.0225897 0
 0.846168 0.0940531 0.0597789 0 0
 0.134021 0.677848 0.182769 0.00536245 0
 0.80878 0.0450904 0.141981 0.00414843 0
 0.846168 0.0940531 0.0597789 0 0
 0.905697 0.0802665 0.012482 0.00150086 5.37128e-05
 0.989698 0.0102097 9.19794e-05 0 0
 0.975433 0.0193895 0.00387452 0.00125025 5.28907e-05
 0.303575 0.632131 0.0575291 0.00676475 0
 0.966965 0.00978017 0.0227588 0.000495775 0
 0.843318 0.132988 0.00938335 0.0141283 0.000182051
 0.564624 0.303363 0.111486 0.0197234 0.00080311
 0.826376 0.0876187 0.0782897 0.00655872 0.00115652
 0.89761 0.0855135 0.0140674 0.00269457 0.000114338
 0.34875 0.467042 0.161289 0.0227151 0.000203297
 0.318654 0.224769 0.449479 0.00709798 0
 0.937255 0.0296025 0.0250945 0.00804832 0
 0.456809 0.399803 0.12412 0.0192676 0
ppred_RECLAS
 0.52927 0.186667 0.259237 0.0248239 1.46319e-06
 0.49491 0.347574 0.0700771 0.0801113 0.00732745
 0.630852 0.242658 0.0928488 0.0153586 0.0182824
 0.771578 0.175984 0.03688 0.0115777 0.00398024
 0.641396 0.310857 0.0384768 0.00661324 0.00265607
 0.736392 0.199786 0.0567073 0.00578716 0.00132722
 0.374614 0.522644 0.0814333 0.0190333 0.00227576
 0.372477 0.336647 0.250863 0.0320221 0.00799124
 0.470971 0.277276 0.147392 0.0905908 0.0137701
 0.774563 0.146435 0.0456858 0.0198899 0.0134265
 0.924257 0.0672632 0.0059358 0.00150314 0.00104121
 0.853047 0.140414 0.00593215 0.000431375 0.000175768
 0.451154 0.501196 0.0459016 0.00159332 0.000155208
 0.569155 0.262002 0.15665 0.0117649 0.000427512
 0.979184 0.016354 0.00294526 0.00141214 0.000104787
 0.905701 0.0932833 0.000832853 0.000122902 6.03949e-05
 0.485948 0.487266 0.026552 0.000194104 4.06319e-05
 0.884995 0.0736141 0.0396069 0.00176896 1.4903e-05
 0.865411 0.126701 0.005408 0.00237754 0.000102227
 0.791095 0.193681 0.0144967 0.000505432 0.00022116
 0.682052 0.278224 0.0373224 0.00229274 0.000109347
 0.654268 0.275617 0.0627694 0.00692021 0.000425137
 0.401426 0.472223 0.104663 0.0195098 0.00217845
 0.797411 0.115486 0.0715558 0.0129821 0.00256561
 0.859831 0.124942 0.00944663 0.00478813 0.000991417
 0.361413 0.588035 0.0460343 0.0028534 0.00166367
 0.854772 0.0747687 0.0658383 0.00422671 0.00039433
 0.660364 0.313042 0.0150153 0.0108525 0.000726683
 0.581345 0.32755 0.085276 0.00335775 0.00247097
 0.807969 0.139766 0.0425832 0.00909062 0.000590384
 0.37881 0.551343 0.0535282 0.0134089 0.00290934
 0.830577 0.093639 0.0687542 0.00544751 0.00158209
pobs_PELACES
 0 0 0 0 0
 0 0 0 0 0
 0 0 0 0 0
 0 0 0 0 0
 0 0 0 0 0
 0 0 0 0 0
 0 0 0 0 0
 0 0 0 0 0
 0 0 0 0 0
 0 0 0 0 0
 0 0 0 0 0
 0 0 0 0 0
 0 0 0 0 0
 0 0 0 0 0
 0 0 0 0 0
 0 0 0 0 0
 0.505614 0.472636 0.0217494 0 0
 0 0 0 0 0
 0.443492 0.261883 0.143347 0.151278 0
 0.227955 0.32914 0.350689 0.0885471 0.00366901
 0.970185 0.0296113 0.000203453 0 0
 0.997202 0.00247181 0.000326279 0 0
 0.445219 0.490057 0.0546422 0.010081 0
 0.90214 0.0892962 0.00764917 0.000914606 0
 0 0 0 0 0
 0.581667 0.319106 0.0959925 0.00289975 0.000334073
 0.762889 0.0836404 0.116647 0.0363945 0.000428098
 0.88444 0.0763242 0.0277011 0.0115352 0
 0.521256 0.241999 0.230069 0.00667565 0
 0.616807 0.101726 0.260614 0.0208532 0
 0.833518 0.0704572 0.0857862 0.0102388 0
 0.697417 0.212968 0.0787535 0.0105354 0.000325836
ppred_PELACES
 0.586921 0.189587 0.204964 0.0185272 1.07919e-06
 0.544807 0.339477 0.0531652 0.0573658 0.00518521
 0.676874 0.231099 0.0686878 0.0107242 0.0126154
 0.801954 0.161366 0.0262572 0.00778 0.00264314
 0.665276 0.299314 0.0288675 0.00468388 0.00185904
 0.762664 0.190303 0.0420617 0.00405209 0.000918364
 0.416504 0.507075 0.0612999 0.0135224 0.00159778
 0.415269 0.350528 0.203615 0.0245366 0.00605114
 0.534189 0.275973 0.113864 0.0660521 0.00992184
 0.8249 0.124596 0.0299768 0.0123134 0.00821397
 0.931309 0.0626501 0.00430666 0.00102952 0.000704745
 0.867043 0.128336 0.00421542 0.000289343 0.000116507
 0.484086 0.480488 0.034198 0.00112046 0.00010786
 0.671223 0.220498 0.100877 0.00714506 0.000256569
 0.982611 0.0143984 0.00201264 0.000910778 6.67873e-05
 0.917071 0.0822416 0.000569613 7.93321e-05 3.85251e-05
 0.520654 0.459735 0.0194492 0.000134195 2.77602e-05
 0.907384 0.064559 0.0269127 0.00113437 9.44413e-06
 0.884615 0.110167 0.00364196 0.00151101 6.42028e-05
 0.812324 0.176904 0.0102869 0.000338526 0.000146383
 0.709657 0.261415 0.0272724 0.00158141 7.45341e-05
 0.695646 0.254448 0.0449452 0.00467657 0.000283916
 0.447862 0.458015 0.0787417 0.0138528 0.00152857
 0.835197 0.104392 0.0501469 0.00858636 0.0016769
 0.877297 0.112311 0.00659272 0.00315392 0.00064535
 0.394898 0.567428 0.0344936 0.002018 0.00116273
 0.881256 0.0686603 0.0469753 0.00284647 0.000262433
 0.689533 0.291688 0.010872 0.0074169 0.000490788
 0.623642 0.309732 0.0626077 0.00232674 0.00169208
 0.831745 0.130646 0.0309681 0.00624043 0.000400509
 0.426304 0.523101 0.0393101 0.00929265 0.00199247
 0.859601 0.0863767 0.0492793 0.00368535 0.00105771
pobs_pel_tallas
 0 0 0 0 0 0 0 0 0 0 0 0 0 0 0 0 0 0 0 0 0 0 0 0 0 0
 0 0 0 0 0 0 0 0 0 0 0 0 0 0 0 0 0 0 0 0 0 0 0 0 0 0
 0 0 0 0 0 0 0 0 0 0 0 0 0 0 0 0 0 0 0 0 0 0 0 0 0 0
 0 0 0 0 0 0 0 0 0 0 0 0 0 0 0 0 0 0 0 0 0 0 0 0 0 0
 0 0 0 0 0 0 0 0 0 0 0 0 0 0 0 0 0 0 0 0 0 0 0 0 0 0
 0 0 0 0 0 0 0 0 0 0 0 0 0 0 0 0 0 0 0 0 0 0 0 0 0 0
 0 0 0 0 0 0 0 0 0 0 0 0 0 0 0 0 0 0 0 0 0 0 0 0 0 0
 0 0 0 0 0 0 0 0 0 0 0 0 0 0 0 0 0 0 0 0 0 0 0 0 0 0
 0 0 0 0 0 0 0 0 0 0 0 0 0 0 0 0 0 0 0 0 0 0 0 0 0 0
 0 0 0 0 0 0 0 0 0 0 0 0 0 0 0 0 0 0 0 0 0 0 0 0 0 0
 0 0 0 0 0 0 0 0 0 0 0 0 0 0 0 0 0 0 0 0 0 0 0 0 0 0
 0 0 0 0 0 0 0 0 0 0 0 0 0 0 0 0 0 0 0 0 0 0 0 0 0 0
 0.00862536 0 0 0.000197151 0.00414017 0.0128641 0.00837892 0.0270097 0.101434 0.158115 0.152841 0.127902 0.109271 0.109419 0.0830992 0.0579132 0.0238553 0.00714673 0.00463305 0.00128148 0.00103504 0.000492878 0.000147863 0.000147863 4.92878e-05 0
 0 0 0 0 0 0 0 0 0 0 0 0 0 0 0 0 0 0 0 0 0 0 0 0 0 0
 0 0 0 0 0 0 0 0.0054083 0.00873648 0.0413646 0.0450493 0.0745869 0.0622846 0.0627006 0.0613931 0.0827291 0.12552 0.122667 0.0946155 0.0697135 0.0546179 0.0294188 0.0215738 0.0213955 0.0102223 0.00600262
 0 0 0 0 0.00359764 0.0251062 0.0480494 0.140153 0.205849 0.193036 0.1447 0.116669 0.0760912 0.0342217 0.00950174 0.001854 0.000860785 0 0 0 0.000165536 0 0.000143464 0 0 0
 0 0 0 0 0 0 0 0.000145254 0.000435761 0.0275982 0.070085 0.0708112 0.156366 0.174668 0.174014 0.160142 0.0824315 0.0480064 0.0283245 0.00493863 0.00203355 0 0 0 0 0
 0 0 0 0 0 0 0 0 0 0 0 0 0 0 0 0 0 0 0 0 0 0 0 0 0 0
 0 0 1.00437e-05 0.000401748 0.00122533 0.00171747 0.00176769 0.0269171 0.070346 0.194647 0.189555 0.159765 0.064822 0.0314167 0.0384472 0.0292271 0.0345202 0.0313363 0.0194345 0.0106764 0.0143323 0.0359363 0.0279516 0.0138201 0.00172751 0
 0 0.0021121 0.0136068 0.0755702 0.200478 0.177729 0.0527432 0.0373336 0.0318909 0.0142505 0.0149659 0.0166563 0.0217959 0.0798694 0.0677717 0.0528807 0.04013 0.0224614 0.0357745 0.0225083 0.00881397 0.00855152 0.00135912 0.000746735 0 0
 0 0 0 0 5.4009e-05 0.00500934 0.000945158 0.0243581 0.138947 0.33067 0.221406 0.137944 0.0707744 0.0437923 0.0131692 0.00525238 0.0047753 0.00276346 9.45158e-05 9.00151e-06 2.25038e-05 9.00151e-06 4.50075e-06 0 0 0
 0.000866109 0.00284123 0.00948549 0.0512746 0.133035 0.25785 0.225252 0.132002 0.0553304 0.0519788 0.0540692 0.017754 0.00435017 0.00159236 0.00146478 0.000404838 0.000125132 0.000115318 0.000107957 0.000100596 0 0 0 0 0 0
 0 0 0 0 0.00144013 0.00171154 0.00461396 0.0210425 0.0478622 0.0707936 0.0888783 0.103762 0.0637923 0.0337046 0.0602308 0.124433 0.169614 0.0934646 0.0462172 0.0250306 0.0313229 0.00938855 0.002487 0.000210481 0 0
 0 0.00764035 0.051015 0.0998891 0.058973 0.0496711 0.0374665 0.0718981 0.12319 0.153886 0.159021 0.0857701 0.0377988 0.023471 0.0147837 0.00900784 0.00315554 0.000888139 0.00291439 0.00214683 0.00393193 0.00274676 0.000635225 9.99891e-05 0 0
 0 0 0 0 0 0 0 0 0 0 0 0 0 0 0 0 0 0 0 0 0 0 0 0 0 0
 0 0 0 0 0 0 0 0 0 0 0 0 0 0 0 0 0 0 0 0 0 0 0 0 0 0
 0 0 0 0 0 0 0 0 0 0 0 0 0 0 0 0 0 0 0 0 0 0 0 0 0 0
 0 0 0 0 0 0 0 0 0 0 0 0 0 0 0 0 0 0 0 0 0 0 0 0 0 0
 0 0 0 0 0 0 0 0 0 0 0 0 0 0 0 0 0 0 0 0 0 0 0 0 0 0
 0 0 0 0 0 0 0 0 0 0 0 0 0 0 0 0 0 0 0 0 0 0 0 0 0 0
 0 0 0 0 0 0 0 0 0 0 0 0 0 0 0 0 0 0 0 0 0 0 0 0 0 0
 0 0 0 0 0 0 0 0 0 0 0 0 0 0 0 0 0 0 0 0 0 0 0 0 0 0
ppred_pel_tallas
 1.07822e-16 4.8344e-05 0.000469921 0.00312279 0.0141958 0.0441684 0.094106 0.137354 0.137373 0.0941968 0.044474 0.015082 0.00536087 0.0053999 0.00954063 0.0160327 0.023873 0.0316454 0.0378769 0.0417908 0.0435915 0.0439854 0.0434011 0.0416444 0.0382369 0.0330291
 1.08252e-16 4.48751e-05 0.000436202 0.00289872 0.0131772 0.0409992 0.0873544 0.127503 0.127536 0.0875144 0.0415366 0.0147296 0.00679699 0.00895125 0.0162323 0.0268083 0.0387249 0.0489501 0.0544421 0.0538498 0.04833 0.0407374 0.0338489 0.0290019 0.0259501 0.0236456
 1.05252e-16 5.57533e-05 0.000541941 0.00360139 0.0163714 0.0509377 0.108529 0.158406 0.158428 0.108638 0.0513044 0.0174313 0.00626458 0.00636523 0.0111433 0.0184075 0.0266842 0.0339201 0.038053 0.0381266 0.0348277 0.0299513 0.025245 0.0215577 0.018791 0.0164178
 1.02027e-16 6.60559e-05 0.000642087 0.00426689 0.0193967 0.0603504 0.128583 0.187675 0.18769 0.128659 0.0606057 0.0201342 0.00611844 0.00468511 0.00774772 0.0127126 0.0183269 0.02309 0.0255186 0.0249299 0.0218396 0.0175989 0.013571 0.0104927 0.00839012 0.00690915
 1.01694e-16 5.47979e-05 0.000532655 0.00353968 0.0160909 0.0500649 0.10667 0.155694 0.155722 0.106811 0.0505378 0.0174563 0.00696593 0.00800842 0.0142415 0.0234281 0.0336743 0.0421989 0.0462024 0.0443892 0.0377392 0.0288522 0.0204125 0.0139661 0.00970673 0.00704119
 1.01825e-16 6.28197e-05 0.00061063 0.00405785 0.0184464 0.0573937 0.122284 0.178481 0.178499 0.122374 0.0576951 0.0193172 0.00624478 0.00538818 0.00914625 0.0150469 0.0217285 0.0274441 0.0304486 0.0299216 0.0264314 0.0215113 0.0167089 0.0128633 0.0100289 0.00786496
 1.03526e-16 3.4307e-05 0.000333477 0.00221607 0.010074 0.0313441 0.0667838 0.0974831 0.0975319 0.0670225 0.0321456 0.0123887 0.00802541 0.0130123 0.0241049 0.0397725 0.0572345 0.0718538 0.0789173 0.0762394 0.0654566 0.050908 0.0370457 0.0263898 0.0192041 0.0144781
 1.09451e-16 3.42052e-05 0.000332487 0.0022095 0.0100441 0.031251 0.0665848 0.0971896 0.0972237 0.0667512 0.0318104 0.0116628 0.00628446 0.00926682 0.0171153 0.0285356 0.0417891 0.0539784 0.062118 0.0647524 0.0626708 0.058072 0.0529301 0.047946 0.0427309 0.0367162
 1.1166e-16 4.40005e-05 0.000427701 0.00284222 0.0129204 0.0402001 0.0856517 0.125017 0.125043 0.0857824 0.0406394 0.014191 0.00603855 0.0074285 0.0134087 0.0222809 0.0325284 0.04184 0.0478914 0.0496439 0.0479176 0.0446897 0.0417016 0.0395028 0.0375241 0.0348449
 1.03522e-16 6.7946e-05 0.000660459 0.00438898 0.0199517 0.0620772 0.132262 0.193043 0.193055 0.132321 0.0622747 0.0205225 0.00582299 0.00379494 0.00603293 0.00989826 0.0143294 0.0181865 0.0203595 0.0203493 0.018557 0.0159888 0.0136169 0.0118997 0.0107444 0.0097936
 1.00363e-16 7.67107e-05 0.000745655 0.00495514 0.0225254 0.0700848 0.149323 0.217943 0.217949 0.149353 0.0701837 0.022811 0.0056717 0.00230872 0.00304176 0.00489808 0.00702693 0.00879128 0.00959928 0.00918025 0.00774426 0.00584473 0.00405491 0.00270724 0.00184447 0.00133619
 1.00204e-16 7.14172e-05 0.000694201 0.00461321 0.020971 0.0652486 0.139019 0.202906 0.202918 0.13908 0.065451 0.0215554 0.00607916 0.00389062 0.00613089 0.00999333 0.01432 0.0178624 0.0194009 0.018374 0.0152168 0.0110833 0.00718309 0.00423811 0.00237036 0.0013297
 1.01241e-16 3.98736e-05 0.000387586 0.00257565 0.0117085 0.0364299 0.0776194 0.113297 0.113344 0.0778454 0.0371885 0.0138988 0.00807071 0.0123737 0.0227751 0.0375132 0.0538562 0.0673443 0.0734517 0.070078 0.0588071 0.0438675 0.0296654 0.0187973 0.0116732 0.0073919
 1.03728e-16 5.52878e-05 0.000537417 0.00357133 0.0162348 0.0505125 0.107623 0.157083 0.157105 0.107727 0.0508634 0.0172497 0.00612401 0.00612678 0.0107196 0.0177616 0.0258757 0.0331484 0.0376385 0.0384025 0.0359786 0.0318796 0.0275482 0.0236408 0.0200702 0.0165228
 1.00165e-16 8.09364e-05 0.000786731 0.0052281 0.0237662 0.0739454 0.157549 0.229947 0.229949 0.157555 0.0739682 0.023832 0.00539321 0.00114718 0.000765573 0.00113776 0.00163167 0.00205292 0.00226427 0.0022046 0.00192064 0.00153432 0.0011689 0.000891389 0.000704448 0.000575786
 1.00053e-16 7.55379e-05 0.000734256 0.00487939 0.022181 0.0690133 0.14704 0.214612 0.214619 0.147079 0.069143 0.0225553 0.00581805 0.00278041 0.00395289 0.00639259 0.00914796 0.011391 0.0123351 0.0116198 0.00952857 0.00681178 0.00425875 0.00234535 0.0011564 0.000528924
 1.00697e-16 4.28857e-05 0.000416864 0.00277021 0.012593 0.0391817 0.0834825 0.121854 0.121899 0.0836986 0.0399071 0.0146872 0.00802312 0.0118715 0.0217602 0.0358086 0.0513495 0.0640866 0.0696681 0.0660808 0.05487 0.040148 0.0262207 0.0156554 0.00888699 0.00503713
 1.00909e-16 7.47401e-05 0.0007265 0.00482785 0.0219467 0.0682844 0.145487 0.212344 0.212351 0.145518 0.068387 0.0222435 0.00557421 0.00236004 0.00318938 0.00518612 0.00753671 0.00962804 0.0108824 0.0110212 0.0102062 0.00889342 0.00752508 0.00631417 0.00524964 0.00424274
 1.00296e-16 7.28646e-05 0.00070827 0.0047067 0.021396 0.0665709 0.141837 0.207017 0.207028 0.141889 0.0667448 0.0218978 0.00596525 0.00345255 0.00527555 0.00858208 0.0122991 0.0153472 0.0166811 0.0158215 0.0131435 0.00963793 0.00633958 0.00386127 0.00229838 0.00142722
 1.00401e-16 6.69101e-05 0.00065039 0.00432207 0.0196475 0.0611308 0.130246 0.190102 0.190119 0.130329 0.06141 0.0204537 0.0063444 0.00506105 0.00843139 0.0138008 0.0197982 0.0247358 0.0269408 0.0256395 0.0214207 0.015853 0.0105741 0.00655345 0.00394799 0.0024214
 1.01026e-16 5.84535e-05 0.000568189 0.00377582 0.0171643 0.0534048 0.113785 0.166078 0.166104 0.113908 0.0538178 0.018357 0.00676865 0.0070985 0.0124516 0.020468 0.0294207 0.0368708 0.0403683 0.0387731 0.0329282 0.0250906 0.0175979 0.0118067 0.00790981 0.00542496
 1.0188e-16 5.72995e-05 0.000556972 0.00370127 0.0168255 0.0523504 0.111539 0.1628 0.162824 0.111659 0.052753 0.0179885 0.0066212 0.00693296 0.0121715 0.0200438 0.0288962 0.0363919 0.0401797 0.0391581 0.0341101 0.0271406 0.0203955 0.0150697 0.0112775 0.00855688
 1.04038e-16 3.68899e-05 0.000358583 0.00238291 0.0108324 0.0337038 0.0718112 0.10482 0.104864 0.072027 0.0344285 0.0129258 0.00763867 0.0118351 0.0218419 0.0360739 0.0520147 0.0655159 0.0723573 0.0705702 0.0615807 0.0491909 0.0372635 0.027929 0.0213513 0.0166461
 1.02619e-16 6.87941e-05 0.000668703 0.00444377 0.0202007 0.062852 0.133913 0.195452 0.195463 0.133963 0.0630183 0.0206817 0.00565373 0.00331911 0.00512895 0.0084396 0.0123125 0.0158204 0.0180576 0.018592 0.0176851 0.0160444 0.0143237 0.0127865 0.0113358 0.00977533
 1.00645e-16 7.22618e-05 0.000702411 0.00466777 0.021219 0.0660202 0.140664 0.205305 0.205316 0.140716 0.0661975 0.0217309 0.005952 0.00350358 0.00538536 0.00877088 0.0125861 0.0157403 0.0171761 0.0164098 0.0138212 0.010407 0.00719899 0.00479445 0.00326709 0.00237693
 1.0154e-16 3.25273e-05 0.000316177 0.00210111 0.00955138 0.0297182 0.0633197 0.0924284 0.092483 0.0635865 0.0306138 0.0121374 0.00858848 0.0144654 0.026867 0.0442659 0.0635296 0.0793941 0.0865101 0.0824004 0.0689532 0.0511937 0.0343625 0.0215531 0.0132535 0.00837463
 1.01704e-16 7.25879e-05 0.00070558 0.00468883 0.0213147 0.0663181 0.141298 0.20623 0.206237 0.141331 0.0664278 0.0216325 0.00548931 0.00246213 0.00343514 0.00563302 0.00826723 0.0107268 0.0124283 0.0130805 0.012816 0.0120279 0.011061 0.010025 0.00884571 0.00744692
 1.01216e-16 5.6796e-05 0.000552077 0.00366875 0.0166776 0.0518904 0.110559 0.16137 0.161398 0.110696 0.0523506 0.0180063 0.00700174 0.00782033 0.013838 0.0227281 0.0325974 0.0407038 0.0442969 0.0421158 0.0351573 0.0260396 0.0174854 0.0110904 0.00707591 0.00482392
 1.02406e-16 5.13686e-05 0.000499321 0.00331817 0.0150839 0.0469318 0.0999943 0.145951 0.145981 0.10014 0.0474222 0.0165005 0.00687508 0.00826795 0.0148165 0.0244414 0.0352669 0.0444746 0.0492109 0.0481317 0.0421694 0.0338487 0.0257382 0.0192606 0.0145509 0.0110737
 1.01621e-16 6.85098e-05 0.000665939 0.0044254 0.0201172 0.0625923 0.13336 0.194645 0.194658 0.133422 0.0627993 0.0207154 0.00592782 0.00394887 0.0063126 0.0103515 0.0149607 0.0189287 0.0210651 0.0208135 0.0185643 0.0153593 0.0122384 0.009747 0.00789242 0.00642094
 1.02538e-16 3.51142e-05 0.000341323 0.00226821 0.010311 0.0320816 0.0683551 0.0997768 0.0998272 0.0686011 0.0329076 0.012696 0.00825221 0.0133952 0.0247995 0.0408714 0.0587051 0.073468 0.0802549 0.0768004 0.0648422 0.0489771 0.0339677 0.0225783 0.015177 0.01071
 1.01993e-16 7.08042e-05 0.000688242 0.00457361 0.020791 0.0646885 0.137826 0.201163 0.201171 0.137867 0.0648263 0.0211897 0.0055772 0.00288817 0.00427544 0.00702513 0.0102732 0.0132506 0.0152115 0.0157909 0.0151806 0.0139258 0.012525 0.0111705 0.00978945 0.00826135
pSPR Fmed_Fpbrs
0.551382   0.221572 0.221572
Fs Fmed_Fpbrs
0.34   1.005 1.005
SSBpbr Bo_Bmed_Bpbrs
418804  209981  71855 71855
Ro
89267.7
SPR SPRFo_SPRFmed_SPRFpbrs
642558 354295 142373
Fref
1.005
Nvult_r0
 48004.4 2949.46 1705.61 127.647 36.6365
CTP_r0
 20817.4 1466.38 854.565 63.981 18.3639
YTP_r0
242358
Np
 82128.2 14049.2 1499.32 71.7756 46.3197
Nvult_p0
 68079 12126.3 1297.25 62.1098 40.0822
CTP_p0
 29522.9 4700.82 230.862 131.482 11.3427
 29522.9 6028.84 649.961 31.1316 20.0911
YTP_p0
 314707 345134
CBA_c0
264062
log_Ro
11.2194
likeval ReclasPelacesDesembMPH_pf_preclas_ppelaces_ptallas_desvR_qrecl_qpela
 42.8406 36.9878 0.0404076 78.6599 282.576 155.06 133.361 0 24.2519 0.000240492 0.000285162 0.0213353 0 0 0
q_reclas_q_pelaces
8.96328 10.8933
M
1
N
 141059 24987.4 27186.9 2458.33 0.143198
 95674 35411.3 5612.05 6059.32 547.711
 85196.7 17260.2 5191.13 811.001 954.052
 127306 15435.4 2544.18 754.359 256.291
 90751.7 21644.6 2095.97 340.153 135.009
 193584 26211.8 5826.27 561.454 127.25
 67323.7 50762.8 6228 1374.95 162.468
 23185.2 10218 5953.17 717.5 176.949
 22603.8 7131.59 2983.32 1731.9 260.162
 31129.6 3635.59 901.417 370.866 247.417
 52343.7 1886.72 130.317 31.1607 21.3309
 170157 14464 479.66 32.9403 13.2642
 60923.3 35293.6 2538.94 83.2326 8.01258
 35024.9 11819.1 5682.68 403.573 14.4937
 73220.1 655.535 92.9088 42.075 3.08548
 210459 11754.4 82.6552 11.521 5.59505
 58399.6 31214.5 1338.07 9.23891 1.91127
 210268 9743.37 4136.5 174.524 1.45306
 315126 25918 873.423 362.746 15.4139
 285291 36668.8 2156.82 71.0209 30.7113
 252491 52849.7 5562.49 322.698 15.2096
 238561 54725.9 9819.02 1022.53 62.0808
 53757.9 34373.2 6001.29 1056.66 116.601
 98567.5 7845.24 3832.04 656.724 128.263
 172282 13335.5 793.14 379.7 77.6965
 33442 28878.6 1777.94 104.087 59.9745
 125431 5748.36 3977.2 241.144 22.2332
 95140.4 23562.7 887.862 606.055 40.1048
 60763.3 18222.6 3731.71 138.781 100.93
 116349 10241.6 2446.82 493.272 31.6587
 32223.4 26705.6 2048.96 484.9 103.975
 57911 3417.16 1971.3 147.511 42.3378
pred_Ctot
 29210.4 6401.83 7053.19 638.197 0.0371762
 32625.8 14481.1 2319.12 2505.34 226.468
 28924.6 7029.83 2136.54 333.973 392.893
 46027.8 6658.54 1108.67 328.903 111.747
 12571.9 3765.15 369.569 60.0201 23.8233
 36122.7 6078.7 1368.61 131.977 29.9127
 26816.8 23902.2 2960.57 653.93 77.2725
 2437.07 1358.12 802.429 96.7838 23.8697
 8588.01 3217.98 1359.45 789.607 118.617
 18811.4 2452.19 611.621 251.715 167.931
 8428.13 379.649 26.5712 6.35802 4.35251
 49128 5071.26 170.083 11.6873 4.70632
 19160.8 13397.1 974.299 31.9583 3.07664
 25730.3 9306.33 4490.8 318.989 11.4561
 27864 296.23 42.3986 19.2107 1.40882
 85320.7 5622.77 39.9121 5.56597 2.70312
 21484.9 13679.9 592.322 4.09193 0.846531
 96289.2 5192.4 2223.26 93.8441 0.781351
 149005 14204.4 482.649 200.539 8.52157
 94580.2 14612 868.626 28.6187 12.3758
 68425.8 17464.8 1859.57 107.946 5.0879
 98792.1 26680.9 4831.65 503.403 30.5639
 22056.7 16620.1 2928.91 515.955 56.9364
 42622.5 3974.82 1958.97 335.88 65.6014
 63111.9 5821.75 349.748 167.524 34.2807
 11966.7 12340.9 767.56 44.9597 25.9064
 40946 2258.31 1579.28 95.8085 8.83371
 30376.9 9069.63 345.464 235.948 15.614
 22147.2 7918.8 1638.07 60.9519 44.329
 28733.1 3101.25 749.816 151.256 9.70809
 15968.5 15243.7 1178.79 279.084 59.8443
 18757 1332.82 777.176 58.1886 16.7014
F
 0.382149 0.493455 0.501137 0.501548 0.501569
 0.712541 0.920078 0.934402 0.935169 0.935209
 0.708298 0.914599 0.928838 0.9296 0.92964
 0.77184 0.99665 1.01217 1.013 1.01304
 0.241917 0.312378 0.317241 0.317501 0.317515
 0.338548 0.437155 0.443961 0.444325 0.444344
 0.885365 1.14324 1.16104 1.16199 1.16204
 0.178979 0.231109 0.234707 0.2349 0.23491
 0.827346 1.06832 1.08495 1.08584 1.08589
 1.80332 2.32856 2.36481 2.36675 2.36685
 0.286169 0.369519 0.375272 0.37558 0.375596
 0.573019 0.739919 0.751438 0.752054 0.752087
 0.6399 0.82628 0.839143 0.839832 0.839868
 2.97836 3.84585 3.90573 3.90893 3.9091
 0.829245 1.07077 1.08744 1.08834 1.08838
 0.908407 1.17299 1.19125 1.19223 1.19228
 0.790722 1.02103 1.03693 1.03778 1.03782
 1.09344 1.41192 1.4339 1.43508 1.43514
 1.15105 1.48631 1.50945 1.51068 1.51075
 0.686056 0.885879 0.899671 0.900409 0.900448
 0.52904 0.68313 0.693766 0.694335 0.694365
 0.937347 1.21036 1.2292 1.23021 1.23027
 0.924583 1.19388 1.21247 1.21346 1.21351
 1.00031 1.29166 1.31177 1.31285 1.3129
 0.786033 1.01498 1.03078 1.03162 1.03167
 0.760899 0.982522 0.997818 0.998636 0.998679
 0.672096 0.867853 0.881364 0.882087 0.882125
 0.652692 0.842797 0.855918 0.85662 0.856657
 0.780531 1.00787 1.02356 1.0244 1.02445
 0.471725 0.609121 0.618604 0.619111 0.619138
 1.24388 1.60618 1.63118 1.63252 1.63259
 0.665155 0.858891 0.872262 0.872978 0.873015
YTP_r0W_actual
 179030 36366.2 23842.4 2386.49 732.721
YTP_p0W_proyectada
 222603 82029.3 5556.84 4118.01 399.831
 222603 105203 15644.6 975.043 708.21
CTP_r0_actual
 20817.4 1466.38 854.565 63.981 18.3639
CTP_p0_proyectada
 29522.9 4700.82 230.862 131.482 11.3427
 29522.9 6028.84 649.961 31.1316 20.0911
Wmedp
 7.54 17.45 24.07 31.32 35.25
Frms_r0
 0.765713 0.988738 1.00413 1.00495 1.005
Zrms_r0
 1.76571 1.98874 2.00413 2.00495 2.005
nmprior
 7.29 8.9 8.7 0
nm_flota  nm_reclas  nm_pelaces    nm_pelaL
inf 7.34592 8.392 19.6522
cv_recla  cv_pelaces  cv_mph
0.579028 0.666223 0.362077
 ------------------------------------------------
Talla a la edad & desviaci?n 
 8 13.2811 15.8009 17.003 17.5766
 0.8 1.32811 1.58009 1.7003 1.75766
