    unsorted:	 0.0001017320947 2.284852392e-05 6.200665514 12.75267295 12.43728102 11.41423663 3.394306313 21.84835309 44.20755776 72.72256414 87.97151505 193.1379867 173.5961053 211.7725035 254.2377326 270.1754991 403.8134974 475.4996997 648.8136522 829.2128980 907.1511455 1033.304752 1165.611040 1500.471226 1660.861382 1835.541784 1937.657021 2152.417561 2170.757587 2340.562040 2872.647744 2931.546777 3008.133358 3193.482231 3287.963550 3391.095821 3492.146447 3668.608900 3892.762789 3875.572127 3846.290924 4002.785548 4114.264736 4786.334831 4875.478744 5070.711624 6658.677738 13971.22071 32911.03923 43905.04262 148675.1249 371883.6280 368641.1180 362421.6669 352448.6525 338970.9036 388560.8248 313934.0274 419484.1148 494151.8503 544400.0766 628256.0196 675683.6527 702999.2995 763536.0828 815693.3906 1055008.465 1101819.779 1162796.307 1309224.145 1571997.669 1535554.847 1647501.891 1800420.681 1923164.449 2019723.960 2202638.853 2445518.263 2792848.015 2758917.050 2959950.685 3177839.906 6409628.263 48605599.45
      sorted:	 2.284852392e-05 0.0001017320947 3.394306313 6.200665514 11.41423663 12.43728102 12.75267295 21.84835309 44.20755776 72.72256414 87.97151505 173.5961053 193.1379867 211.7725035 254.2377326 270.1754991 403.8134974 475.4996997 648.8136522 829.2128980 907.1511455 1033.304752 1165.611040 1500.471226 1660.861382 1835.541784 1937.657021 2152.417561 2170.757587 2340.562040 2872.647744 2931.546777 3008.133358 3193.482231 3287.963550 3391.095821 3492.146447 3668.608900 3846.290924 3875.572127 3892.762789 4002.785548 4114.264736 4786.334831 4875.478744 5070.711624 6658.677738 13971.22071 32911.03923 43905.04262 148675.1249 313934.0274 338970.9036 352448.6525 362421.6669 368641.1180 371883.6280 388560.8248 419484.1148 494151.8503 544400.0766 628256.0196 675683.6527 702999.2995 763536.0828 815693.3906 1055008.465 1101819.779 1162796.307 1309224.145 1535554.847 1571997.669 1647501.891 1800420.681 1923164.449 2019723.960 2202638.853 2445518.263 2758917.050 2792848.015 2959950.685 3177839.906 6409628.263 48605599.45
