years
 1991 1992 1993 1994 1995 1996 1997 1998 1999 2000 2001 2002 2003 2004 2005 2006 2007 2008 2009 2010 2011 2012 2013 2014 2015 2016 2017 2018 2019 2020 2021 2022 2023
reclasobs
 0 0 0 0 0 0 0 0 0 252601 567819 844713 477998 351125 339783 2.1784e+06 2.13404e+06 4.81314e+06 1.55562e+06 2.62356e+06 3.21686e+06 3.843e+06 1.13348e+06 3.07943e+06 1.97215e+06 2.03268e+06 2.025e+06 2.42433e+06 2.27542e+06 1.05018e+06 2.36338e+06 3.18982e+06 1.53035e+06
reclaspred
 6.23296e+06 3.24615e+06 1.51929e+06 1.63261e+06 2.07591e+06 4.08045e+06 2.6854e+06 1.97547e+06 1.08866e+06 328720 557515 1.80351e+06 1.87509e+06 284880 843914 1.67734e+06 1.69357e+06 2.11359e+06 2.37807e+06 2.96491e+06 5.88266e+06 3.41028e+06 1.78896e+06 1.65598e+06 1.72201e+06 1.59396e+06 1.97159e+06 1.94015e+06 1.62339e+06 2.11446e+06 1.28925e+06 701933 1.20817e+06
pelacesobs
 0 0 0 0 0 0 0 0 0 0 0 0 0 0 0 552880 188675 0 991730 2.46772e+06 1.41603e+06 1.21717e+06 2.29649e+06 1.80582e+06 0 1.4828e+06 1.56532e+06 1.57751e+06 1.42118e+06 867257 1.10002e+06 1.06204e+06 0
pelacespred
 3.46436e+06 1.82025e+06 810792 875632 1.35071e+06 2.80432e+06 1.43867e+06 1.4044e+06 641038 138003 418775 1.1726e+06 1.14723e+06 83799.6 634215 985983 895981 1.18893e+06 1.46133e+06 1.75954e+06 3.63567e+06 1.97792e+06 959871 1.04499e+06 1.03116e+06 883331 1.54786e+06 1.36231e+06 875091 1.54004e+06 654028 357630 767883
mphobs
 0 0 0 0 0 0 0 0 0 0 0 0 498337 0 5186 125008 0 168611 109162 213762 579715 649985 157893 87575 83554 210694 70296 0 107559 103333 445601 22526 28222
mphpred
 681866 461759 199141 118294 186001 270883 451071 187580 155277 54960.4 15123.7 100063 252347 88173.9 6140.2 103109 197733 141013 154288 202321 418004 427862 191385 93787.5 128215 173834 100668 190325 202322 128402 182688 58182.5 34730.8
desembarqueobs
 494567 514787 250237 358949 120608 361735 552515 73892 212993 205616 52469 317467 293654 387597 252695 516296 358380 742168 942051 627588 828172 859565 418607 520667 417249 300574 415391 372974 316634 284311 391294 218835 356480
desembarquepred
 494550 514484 250358 358931 120608 361708 552463 73897.6 213076 205687 52470.4 317395 293854 387797 252562 516136 358282 741785 941048 627103 828215 859689 418471 520775 417060 300670 415330 372910 316292 284080 391681 218910 356530
Reclutas
 140206 96231.1 85743.6 127971 90410.4 193820 67042.8 22911.8 22396 30973.3 50943 169862 60662.2 35694.2 73135.7 207414 59374.5 210216 313687 283498 251139 239048 54303.7 98249.8 171931 33410.1 123039 95149.6 60944.3 117119 36333.7 31239.8 107503
log_desv_Rt
 0.462578 0.086215 -0.0291765 0.371267 0.0238213 0.786395 -0.275207 -1.34888 -1.37166 -1.04741 -0.54983 0.65445 -0.375217 -0.905551 -0.188221 0.85418 -0.396672 0.867596 1.26786 1.16667 1.04547 0.996126 -0.485945 0.106975 0.666555 -0.971679 0.331964 0.0749129 -0.370577 0.282657 -0.887791 -1.03884 0.19698
SSB
 681866 461759 199141 118294 186001 270883 451071 187580 155277 54960.4 15123.7 100063 238799 83988.4 5891.4 98688.4 197733 141013 162180 210130 447260 499940 243945 112737 136223 203863 106533 190325 214985 124339 222839 76054.3 37800.4
BT
 1.2046e+06 909807 408973 559763 455572 1.19376e+06 810539 441621 378191 234264 197167 658934 557098 407746 498212 762363 517244 1.06945e+06 1.40237e+06 1.04994e+06 1.81683e+06 1.31124e+06 624149 870296 669590 480838 993067 760341 480013 781551 505957 299727 595931
Ftot
 0.509234 0.949038 0.943691 1.00565 0.314711 0.437726 1.14957 0.234438 1.09005 2.4128 0.382012 0.748281 0.839429 3.86321 1.0682 1.19084 1.03445 1.41618 1.49451 0.893678 0.691244 1.22411 1.20598 1.30037 1.01951 0.991801 0.887732 0.853946 1.02356 0.607883 1.4834 1.43512 1.11728
BD_Bspro_t
 0.921753 0.543822 0.273528 0.197172 0.254231 0.379712 0.444155 0.228764 0.255612 0.132502 0.0552328 0.361776 0.404653 0.158081 0.0154905 0.202543 0.240983 0.171221 0.162985 0.17498 0.254589 0.267504 0.171489 0.104403 0.1433 0.222614 0.155448 0.272743 0.285989 0.198345 0.305405 0.125781 0.102703
BD_Bspro
 1.07209 0.726019 0.313108 0.185992 0.292447 0.425907 0.709216 0.294931 0.244141 0.0864137 0.0237788 0.157329 0.375462 0.132054 0.00926299 0.155167 0.310893 0.221714 0.254995 0.330386 0.703223 0.786051 0.383553 0.177256 0.214182 0.320532 0.167501 0.299246 0.338019 0.195497 0.350368 0.11958 0.0594332
BD_Bo
 1.68563 1.14151 0.492295 0.292432 0.45981 0.669648 1.11509 0.463715 0.383859 0.135867 0.0373871 0.247366 0.590333 0.207627 0.0145641 0.243966 0.488813 0.348598 0.400924 0.519461 1.10567 1.2359 0.603054 0.278697 0.336756 0.503967 0.26336 0.4705 0.531462 0.307377 0.550879 0.188013 0.0934459
BD_Brms
 10.0866 6.83065 2.94583 1.74988 2.75145 4.00709 6.67256 2.77481 2.29697 0.813012 0.22372 1.48021 3.53248 1.24241 0.0871496 1.45987 2.925 2.08597 2.39908 3.10839 6.61618 7.39546 3.6086 1.66769 2.01511 3.01568 1.57591 2.81542 3.1802 1.83931 3.29639 1.12505 0.559169
Sel_flota
 0.777849 1 1 1 1
 0.777849 1 1 1 1
 0.777849 1 1 1 1
 0.777849 1 1 1 1
 0.777849 1 1 1 1
 0.777849 1 1 1 1
 0.777849 1 1 1 1
 0.777849 1 1 1 1
 0.777849 1 1 1 1
 0.777849 1 1 1 1
 0.777849 1 1 1 1
 0.777849 1 1 1 1
 0.777849 1 1 1 1
 0.777849 1 1 1 1
 0.777849 1 1 1 1
 0.777849 1 1 1 1
 0.777849 1 1 1 1
 0.777849 1 1 1 1
 0.777849 1 1 1 1
 0.777849 1 1 1 1
 0.777849 1 1 1 1
 0.777849 1 1 1 1
 0.777849 1 1 1 1
 0.777849 1 1 1 1
 0.777849 1 1 1 1
 0.777849 1 1 1 1
 0.777849 1 1 1 1
 0.777849 1 1 1 1
 0.777849 1 1 1 1
 0.777849 1 1 1 1
 0.777849 1 1 1 1
 0.777849 1 1 1 1
 0.777849 1 1 1 1
Sel_reclas
 0.313746 0.697047 0.920504 0.983129 0.996602
 0.313746 0.697047 0.920504 0.983129 0.996602
 0.313746 0.697047 0.920504 0.983129 0.996602
 0.313746 0.697047 0.920504 0.983129 0.996602
 0.313746 0.697047 0.920504 0.983129 0.996602
 0.313746 0.697047 0.920504 0.983129 0.996602
 0.313746 0.697047 0.920504 0.983129 0.996602
 0.313746 0.697047 0.920504 0.983129 0.996602
 0.313746 0.697047 0.920504 0.983129 0.996602
 0.313746 0.697047 0.920504 0.983129 0.996602
 0.313746 0.697047 0.920504 0.983129 0.996602
 0.313746 0.697047 0.920504 0.983129 0.996602
 0.313746 0.697047 0.920504 0.983129 0.996602
 0.313746 0.697047 0.920504 0.983129 0.996602
 0.313746 0.697047 0.920504 0.983129 0.996602
 0.313746 0.697047 0.920504 0.983129 0.996602
 0.313746 0.697047 0.920504 0.983129 0.996602
 0.313746 0.697047 0.920504 0.983129 0.996602
 0.313746 0.697047 0.920504 0.983129 0.996602
 0.313746 0.697047 0.920504 0.983129 0.996602
 0.313746 0.697047 0.920504 0.983129 0.996602
 0.313746 0.697047 0.920504 0.983129 0.996602
 0.313746 0.697047 0.920504 0.983129 0.996602
 0.313746 0.697047 0.920504 0.983129 0.996602
 0.313746 0.697047 0.920504 0.983129 0.996602
 0.313746 0.697047 0.920504 0.983129 0.996602
 0.313746 0.697047 0.920504 0.983129 0.996602
 0.313746 0.697047 0.920504 0.983129 0.996602
 0.313746 0.697047 0.920504 0.983129 0.996602
 0.313746 0.697047 0.920504 0.983129 0.996602
 0.313746 0.697047 0.920504 0.983129 0.996602
 0.313746 0.697047 0.920504 0.983129 0.996602
 0.313746 0.697047 0.920504 0.983129 0.996602
Sel_pelaces
 0.5 1 1 1 1
 0.5 1 1 1 1
 0.5 1 1 1 1
 0.5 1 1 1 1
 0.5 1 1 1 1
 0.5 1 1 1 1
 0.5 1 1 1 1
 0.5 1 1 1 1
 0.5 1 1 1 1
 0.5 1 1 1 1
 0.5 1 1 1 1
 0.5 1 1 1 1
 0.5 1 1 1 1
 0.5 1 1 1 1
 0.5 1 1 1 1
 0.5 1 1 1 1
 0.5 1 1 1 1
 0.5 1 1 1 1
 0.5 1 1 1 1
 0.5 1 1 1 1
 0.5 1 1 1 1
 0.5 1 1 1 1
 0.5 1 1 1 1
 0.5 1 1 1 1
 0.5 1 1 1 1
 0.5 1 1 1 1
 0.5 1 1 1 1
 0.5 1 1 1 1
 0.5 1 1 1 1
 0.5 1 1 1 1
 0.5 1 1 1 1
 0.5 1 1 1 1
 0.5 1 1 1 1
pf_obs 
 0.8446 0.082 0.0669 0.0065 0
 0.8095 0.147 0.0364 0.0071 0
 0.9664 0.0169 0.016 0.0007 0
 0.9276 0.0648 0.0075 0.0001 0
 0.7033 0.2144 0.0806 0.0017 0
 0.9318 0.0425 0.0243 0.0014 0
 0.5671 0.3108 0.0964 0.0239 0.0018
 0.0768 0.2599 0.5324 0.112 0.0189
 0.490249 0.384438 0.106611 0.0170017 0.00170017
 0.7925 0.1577 0.0466 0.003 0.0002
 0.840416 0.127587 0.0312969 0.00059994 9.999e-05
 0.8084 0.0986 0.0794 0.0134 0.0002
 0.7335 0.1905 0.0724 0.0035 0.0001
 0.4001 0.4547 0.1325 0.0127 0
 0.49795 0.308269 0.164784 0.0264974 0.00249975
 0.9179 0.0499 0.0305 0.0017 0
 0.2467 0.6533 0.0926 0.0074 0
 0.9418 0.0223 0.034 0.0019 0
 0.707729 0.231977 0.0356964 0.0245975 0
 0.517169 0.277429 0.184464 0.0207286 0.00020938
 0.811772 0.124168 0.05621 0.00726502 0.000585176
 0.764997 0.148141 0.077277 0.00933861 0.000247198
 0.163321 0.427699 0.378323 0.0303852 0.000271297
 0.753843 0.0900009 0.118128 0.0371064 0.000921714
 0.721811 0.176058 0.0630433 0.0369309 0.00215725
 0.143369 0.312575 0.442814 0.0836902 0.0175525
 0.692698 0.0596174 0.167031 0.0765114 0.00414204
 0.394062 0.376323 0.152708 0.0712218 0.00568511
 0.125707 0.32114 0.495352 0.0537591 0.00404204
 0.23352 0.215282 0.420074 0.123614 0.00750983
 0.796117 0.104755 0.0508955 0.0450114 0.00322123
 0.162477 0.292055 0.404252 0.121198 0.0200186
 0 0 0 0 0
pf_pred 
 0.681869 0.146177 0.157578 0.0143757 8.47722e-07
 0.634539 0.273049 0.0424621 0.0457737 0.00417615
 0.753237 0.1774 0.0518231 0.00805905 0.00948019
 0.853296 0.119994 0.0192015 0.00560923 0.00189841
 0.750599 0.223542 0.0211513 0.00338462 0.00132336
 0.82814 0.137734 0.0305881 0.00289421 0.000644212
 0.493356 0.439759 0.0536036 0.0119044 0.00137709
 0.518555 0.287388 0.168439 0.0205315 0.00508712
 0.613352 0.227437 0.0950378 0.0557018 0.00847194
 0.847835 0.107272 0.026407 0.0110345 0.00745102
 0.95547 0.0406832 0.00271195 0.000667595 0.000467333
 0.906989 0.0899158 0.00282817 0.000188526 7.88966e-05
 0.574249 0.397228 0.0275734 0.00086728 8.20073e-05
 0.655094 0.228119 0.108963 0.00756359 0.000260397
 0.987433 0.0103985 0.00143451 0.000685206 4.92007e-05
 0.93723 0.0622427 0.000436666 6.024e-05 3.08402e-05
 0.613401 0.370396 0.0160664 0.000112714 2.35101e-05
 0.928782 0.0500785 0.0202538 0.000878535 7.44896e-06
 0.909722 0.0861222 0.00292194 0.00118175 5.16947e-05
 0.860728 0.131188 0.00771207 0.000261654 0.000110453
 0.781531 0.196677 0.0205266 0.00120669 5.82227e-05
 0.759278 0.201034 0.0357291 0.00372894 0.000229789
 0.530541 0.389285 0.0669559 0.0118999 0.00131849
 0.872219 0.0810524 0.0387483 0.0066646 0.00131572
 0.909644 0.0825934 0.00492369 0.00235385 0.000484781
 0.47914 0.488296 0.029766 0.00177446 0.00102302
 0.912511 0.0504834 0.0346925 0.00211482 0.000198755
 0.766202 0.219382 0.00831856 0.00571657 0.000381227
 0.701876 0.246336 0.0485949 0.00184263 0.00135071
 0.880616 0.0929072 0.0218776 0.00431583 0.000283608
 0.516201 0.441046 0.0332715 0.00783471 0.00164713
 0.80152 0.125375 0.0666449 0.00502753 0.00143277
 0.954432 0.0394418 0.0038698 0.00205704 0.000199402
pobs_RECLAS
 0 0 0 0 0
 0 0 0 0 0
 0 0 0 0 0
 0 0 0 0 0
 0 0 0 0 0
 0 0 0 0 0
 0 0 0 0 0
 0 0 0 0 0
 0 0 0 0 0
 0 0 0 0 0
 0.991045 0.00858322 0.000360255 1.14367e-05 0
 0.934742 0.0480273 0.0164251 0.00080598 0
 0.827803 0.169806 0.00239088 0 0
 0.941827 0.0461693 0.0120037 0 0
 0.791401 0.0380133 0.147996 0.0225897 0
 0.846168 0.0940531 0.0597789 0 0
 0.134021 0.677848 0.182769 0.00536245 0
 0.80878 0.0450904 0.141981 0.00414843 0
 0.846168 0.0940531 0.0597789 0 0
 0.905697 0.0802665 0.012482 0.00150086 5.37128e-05
 0.989698 0.0102097 9.19794e-05 0 0
 0.975433 0.0193895 0.00387452 0.00125025 5.28907e-05
 0.303575 0.632131 0.0575291 0.00676475 0
 0.966965 0.00978017 0.0227588 0.000495775 0
 0.843318 0.132988 0.00938335 0.0141283 0.000182051
 0.564624 0.303363 0.111486 0.0197234 0.00080311
 0.826376 0.0876187 0.0782897 0.00655872 0.00115652
 0.89761 0.0855135 0.0140674 0.00269457 0.000114338
 0.34875 0.467042 0.161289 0.0227151 0.000203297
 0.318654 0.224769 0.449479 0.00709798 0
 0.937255 0.0296025 0.0250945 0.00804832 0
 0.456809 0.399803 0.12412 0.0192676 0
 0.883104 0.0372192 0.0704036 0.00927362 0
ppred_RECLAS
 0.516321 0.188769 0.268725 0.0261835 1.56518e-06
 0.486488 0.350838 0.0720495 0.0829527 0.00767188
 0.623998 0.246357 0.0950378 0.0157849 0.0188229
 0.765964 0.180046 0.0380469 0.0118706 0.0040726
 0.628919 0.321346 0.0401527 0.00686234 0.0027199
 0.725686 0.206313 0.0605067 0.00611457 0.00137967
 0.359615 0.532047 0.085643 0.0203137 0.00238208
 0.355809 0.339037 0.262412 0.0341622 0.00858044
 0.453709 0.280076 0.154552 0.0967461 0.0149162
 0.766944 0.148493 0.0482727 0.0215438 0.0147467
 0.924033 0.0673705 0.00593061 0.00155925 0.00110647
 0.850883 0.142594 0.0059229 0.000421682 0.000178889
 0.439439 0.511909 0.0469252 0.00157638 0.0001511
 0.558517 0.262916 0.165843 0.0122951 0.000429092
 0.977998 0.0171638 0.00312688 0.00159519 0.000116111
 0.899892 0.0989858 0.000917059 0.000135119 7.0123e-05
 0.483976 0.487827 0.0279435 0.000209376 4.42703e-05
 0.879093 0.0775517 0.0414201 0.00191888 1.64928e-05
 0.858948 0.132441 0.00593395 0.00256321 0.000113662
 0.783099 0.200528 0.0155674 0.000564102 0.00024139
 0.671592 0.286344 0.0394653 0.00247787 0.000121195
 0.644041 0.281948 0.0661738 0.00737622 0.000460774
 0.3924 0.476515 0.108233 0.0205447 0.00230751
 0.786826 0.120403 0.0760131 0.0139635 0.00279443
 0.853985 0.129525 0.0101968 0.00520636 0.00108696
 0.350185 0.596916 0.0480523 0.00305946 0.00178802
 0.845049 0.0785665 0.0712998 0.00464206 0.00044225
 0.655772 0.316006 0.0158236 0.0116139 0.000785121
 0.571548 0.335015 0.0872755 0.00353447 0.0026264
 0.801542 0.143722 0.0446928 0.00941643 0.000627266
 0.388567 0.541084 0.0539034 0.0135566 0.00288913
 0.687879 0.175856 0.123446 0.00994603 0.0028733
 0.923229 0.0634284 0.00821824 0.00466573 0.000458476
pobs_PELACES
 0 0 0 0 0
 0 0 0 0 0
 0 0 0 0 0
 0 0 0 0 0
 0 0 0 0 0
 0 0 0 0 0
 0 0 0 0 0
 0 0 0 0 0
 0 0 0 0 0
 0 0 0 0 0
 0 0 0 0 0
 0 0 0 0 0
 0 0 0 0 0
 0 0 0 0 0
 0 0 0 0 0
 0 0 0 0 0
 0.505614 0.472636 0.0217494 0 0
 0 0 0 0 0
 0.443492 0.261883 0.143347 0.151278 0
 0.227955 0.32914 0.350689 0.0885471 0.00366901
 0.970185 0.0296113 0.000203453 0 0
 0.997202 0.00247181 0.000326279 0 0
 0.445219 0.490057 0.0546422 0.010081 0
 0.90214 0.0892962 0.00764917 0.000914606 0
 0 0 0 0 0
 0.581667 0.319106 0.0959925 0.00289975 0.000334073
 0.762889 0.0836404 0.116647 0.0363945 0.000428098
 0.88444 0.0763242 0.0277011 0.0115352 0
 0.521256 0.241999 0.230069 0.00667565 0
 0.616807 0.101726 0.260614 0.0208532 0
 0.833518 0.0704572 0.0857862 0.0102388 0
 0.697417 0.212968 0.0787535 0.0105354 0.000325836
 0 0 0 0 0
ppred_PELACES
 0.591705 0.187606 0.202238 0.01845 1.08798e-06
 0.552327 0.334472 0.0520141 0.0560707 0.00511559
 0.684311 0.226952 0.0662984 0.0103101 0.0121282
 0.806247 0.158478 0.0253596 0.00740818 0.00250726
 0.666015 0.299356 0.0283247 0.00453251 0.00177218
 0.763791 0.189305 0.0420411 0.00397788 0.000885422
 0.414867 0.507886 0.0619078 0.0137486 0.00159043
 0.414507 0.349497 0.204841 0.0249686 0.00618652
 0.534143 0.274029 0.114507 0.0671129 0.0102075
 0.828394 0.120978 0.0297809 0.0124444 0.00840301
 0.934705 0.059654 0.00397655 0.000978897 0.000685253
 0.871289 0.124427 0.00391367 0.000260886 0.000109179
 0.486171 0.479405 0.0332777 0.0010467 9.89728e-05
 0.674451 0.215317 0.102848 0.00713912 0.000245783
 0.982651 0.0143552 0.00198037 0.000945936 6.79222e-05
 0.91616 0.0831352 0.000583238 8.04603e-05 4.1192e-05
 0.532509 0.447898 0.0194282 0.000136299 2.84293e-05
 0.907605 0.0649696 0.0262764 0.00113977 9.66396e-06
 0.884641 0.110049 0.00373373 0.00151008 6.60569e-05
 0.813535 0.175641 0.0103254 0.000350317 0.000147881
 0.711602 0.259631 0.027097 0.00159294 7.68591e-05
 0.69862 0.251692 0.0447324 0.00466859 0.000287692
 0.453149 0.453459 0.0779937 0.0138616 0.00153584
 0.835125 0.104581 0.0499968 0.0085993 0.00169766
 0.878263 0.111279 0.00663374 0.00317136 0.00065315
 0.396507 0.565764 0.0344883 0.00205597 0.00118532
 0.880353 0.069039 0.047444 0.00289214 0.00027181
 0.697228 0.284102 0.0107726 0.00740303 0.000493693
 0.62797 0.307403 0.0606418 0.00229943 0.00168556
 0.834464 0.128824 0.0303352 0.00598427 0.000393247
 0.447752 0.503446 0.0379788 0.00894319 0.00188017
 0.753041 0.155998 0.0829228 0.0062555 0.00178272
 0.938232 0.0534636 0.00524553 0.00278833 0.000270291
pobs_pel_tallas
 0 0 0 0 0 0 0 0 0 0 0 0 0 0 0 0 0 0 0 0 0 0 0 0 0 0
 0 0 0 0 0 0 0 0 0 0 0 0 0 0 0 0 0 0 0 0 0 0 0 0 0 0
 0 0 0 0 0 0 0 0 0 0 0 0 0 0 0 0 0 0 0 0 0 0 0 0 0 0
 0 0 0 0 0 0 0 0 0 0 0 0 0 0 0 0 0 0 0 0 0 0 0 0 0 0
 0 0 0 0 0 0 0 0 0 0 0 0 0 0 0 0 0 0 0 0 0 0 0 0 0 0
 0 0 0 0 0 0 0 0 0 0 0 0 0 0 0 0 0 0 0 0 0 0 0 0 0 0
 0 0 0 0 0 0 0 0 0 0 0 0 0 0 0 0 0 0 0 0 0 0 0 0 0 0
 0 0 0 0 0 0 0 0 0 0 0 0 0 0 0 0 0 0 0 0 0 0 0 0 0 0
 0 0 0 0 0 0 0 0 0 0 0 0 0 0 0 0 0 0 0 0 0 0 0 0 0 0
 0 0 0 0 0 0 0 0 0 0 0 0 0 0 0 0 0 0 0 0 0 0 0 0 0 0
 0 0 0 0 0 0 0 0 0 0 0 0 0 0 0 0 0 0 0 0 0 0 0 0 0 0
 0 0 0 0 0 0 0 0 0 0 0 0 0 0 0 0 0 0 0 0 0 0 0 0 0 0
 0.00862536 0 0 0.000197151 0.00414017 0.0128641 0.00837892 0.0270097 0.101434 0.158115 0.152841 0.127902 0.109271 0.109419 0.0830992 0.0579132 0.0238553 0.00714673 0.00463305 0.00128148 0.00103504 0.000492878 0.000147863 0.000147863 4.92878e-05 0
 0 0 0 0 0 0 0 0 0 0 0 0 0 0 0 0 0 0 0 0 0 0 0 0 0 0
 0 0 0 0 0 0 0 0.0054083 0.00873648 0.0413646 0.0450493 0.0745869 0.0622846 0.0627006 0.0613931 0.0827291 0.12552 0.122667 0.0946155 0.0697135 0.0546179 0.0294188 0.0215738 0.0213955 0.0102223 0.00600262
 0 0 0 0 0.00359764 0.0251062 0.0480494 0.140153 0.205849 0.193036 0.1447 0.116669 0.0760912 0.0342217 0.00950174 0.001854 0.000860785 0 0 0 0.000165536 0 0.000143464 0 0 0
 0 0 0 0 0 0 0 0.000145254 0.000435761 0.0275982 0.070085 0.0708112 0.156366 0.174668 0.174014 0.160142 0.0824315 0.0480064 0.0283245 0.00493863 0.00203355 0 0 0 0 0
 0 0 0 0 0 0 0 0 0 0 0 0 0 0 0 0 0 0 0 0 0 0 0 0 0 0
 0 0 1.00437e-05 0.000401748 0.00122533 0.00171747 0.00176769 0.0269171 0.070346 0.194647 0.189555 0.159765 0.064822 0.0314167 0.0384472 0.0292271 0.0345202 0.0313363 0.0194345 0.0106764 0.0143323 0.0359363 0.0279516 0.0138201 0.00172751 0
 0 0.0021121 0.0136068 0.0755702 0.200478 0.177729 0.0527432 0.0373336 0.0318909 0.0142505 0.0149659 0.0166563 0.0217959 0.0798694 0.0677717 0.0528807 0.04013 0.0224614 0.0357745 0.0225083 0.00881397 0.00855152 0.00135912 0.000746735 0 0
 0 0 0 0 5.4009e-05 0.00500934 0.000945158 0.0243581 0.138947 0.33067 0.221406 0.137944 0.0707744 0.0437923 0.0131692 0.00525238 0.0047753 0.00276346 9.45158e-05 9.00151e-06 2.25038e-05 9.00151e-06 4.50075e-06 0 0 0
 0.000866109 0.00284123 0.00948549 0.0512746 0.133035 0.25785 0.225252 0.132002 0.0553304 0.0519788 0.0540692 0.017754 0.00435017 0.00159236 0.00146478 0.000404838 0.000125132 0.000115318 0.000107957 0.000100596 0 0 0 0 0 0
 0 0 0 0 0.00144013 0.00171154 0.00461396 0.0210425 0.0478622 0.0707936 0.0888783 0.103762 0.0637923 0.0337046 0.0602308 0.124433 0.169614 0.0934646 0.0462172 0.0250306 0.0313229 0.00938855 0.002487 0.000210481 0 0
 0 0.00764035 0.051015 0.0998891 0.058973 0.0496711 0.0374665 0.0718981 0.12319 0.153886 0.159021 0.0857701 0.0377988 0.023471 0.0147837 0.00900784 0.00315554 0.000888139 0.00291439 0.00214683 0.00393193 0.00274676 0.000635225 9.99891e-05 0 0
 0 0 0 0 0 0 0 0 0 0 0 0 0 0 0 0 0 0 0 0 0 0 0 0 0 0
 0 0 0 0 0 0 0 0 0 0 0 0 0 0 0 0 0 0 0 0 0 0 0 0 0 0
 0 0 0 0 0 0 0 0 0 0 0 0 0 0 0 0 0 0 0 0 0 0 0 0 0 0
 0 0 0 0 0 0 0 0 0 0 0 0 0 0 0 0 0 0 0 0 0 0 0 0 0 0
 0 0 0 0 0 0 0 0 0 0 0 0 0 0 0 0 0 0 0 0 0 0 0 0 0 0
 0 0 0 0 0 0 0 0 0 0 0 0 0 0 0 0 0 0 0 0 0 0 0 0 0 0
 0 0 0 0 0 0 0 0 0 0 0 0 0 0 0 0 0 0 0 0 0 0 0 0 0 0
 0 0 0 0 0 0 0 0 0 0 0 0 0 0 0 0 0 0 0 0 0 0 0 0 0 0
 0 0 0 0 0 0 0 0 0 0 0 0 0 0 0 0 0 0 0 0 0 0 0 0 0 0
ppred_pel_tallas
 1.07735e-16 4.8738e-05 0.00047375 0.00314824 0.0143114 0.0445283 0.094873 0.138474 0.138492 0.0949628 0.0448307 0.0151884 0.00536275 0.00535167 0.00944042 0.0158619 0.0236165 0.0313012 0.0374577 0.0413176 0.0430848 0.0434612 0.0428746 0.0411355 0.0377712 0.0326319
 1.08076e-16 4.54945e-05 0.000442223 0.00293873 0.0133591 0.0415651 0.0885601 0.129263 0.129295 0.0887178 0.0420946 0.0148885 0.00677937 0.00883125 0.015993 0.02641 0.038147 0.0482145 0.0536139 0.0530133 0.0475524 0.0400457 0.0332327 0.0284357 0.0254165 0.0231451
 1.05058e-16 5.63658e-05 0.000547896 0.00364096 0.0165513 0.0514974 0.109721 0.160146 0.160168 0.109829 0.0518574 0.017592 0.00625592 0.00626541 0.0109416 0.0180694 0.0261882 0.0332778 0.0373103 0.0373452 0.0340591 0.0292197 0.0245517 0.0208975 0.0181669 0.015844
 1.0194e-16 6.64095e-05 0.000645524 0.00428973 0.0195005 0.0606734 0.129272 0.188679 0.188694 0.129346 0.0609242 0.0202248 0.00610797 0.00461567 0.00760924 0.0124819 0.0179918 0.0226627 0.0250367 0.0244422 0.0213864 0.0171981 0.0132195 0.0101783 0.00810369 0.00664955
 1.01649e-16 5.48588e-05 0.000533247 0.00354362 0.0161088 0.0501206 0.106788 0.155867 0.155895 0.106929 0.0505934 0.0174743 0.00697013 0.00800944 0.014242 0.0234275 0.0336708 0.0421886 0.0461801 0.0443487 0.0376754 0.0287628 0.0202999 0.0138368 0.0095707 0.00690913
 1.01811e-16 6.29125e-05 0.000611531 0.00406384 0.0184736 0.0574785 0.122465 0.178745 0.178763 0.122554 0.0577783 0.0193399 0.00623937 0.0053642 0.00909916 0.0149691 0.0216168 0.0273045 0.0302963 0.0297758 0.0263081 0.021417 0.0166409 0.0128137 0.00998973 0.00783087
 1.03565e-16 3.41721e-05 0.000332165 0.00220736 0.0100344 0.0312209 0.0665212 0.0970999 0.0971488 0.0667603 0.0320237 0.0123528 0.00802619 0.0130319 0.0241448 0.0398397 0.0573338 0.0719838 0.0790703 0.0764046 0.065625 0.0510749 0.0372096 0.0265493 0.0193554 0.014615
 1.09552e-16 3.41425e-05 0.000331877 0.00220544 0.0100256 0.0311937 0.0664627 0.0970114 0.0970453 0.0666286 0.0317515 0.0116399 0.00626913 0.00924196 0.0170703 0.0284643 0.0416933 0.0538725 0.0620293 0.0647137 0.0627098 0.0582008 0.0531419 0.0482178 0.0430314 0.0370139
 1.11833e-16 4.39967e-05 0.000427664 0.00284198 0.0129192 0.0401967 0.0856442 0.125006 0.125032 0.085774 0.0406329 0.0141811 0.00601647 0.00738113 0.0133198 0.0221365 0.032327 0.0416007 0.0476556 0.0494642 0.0478408 0.0447424 0.0418845 0.0397948 0.0378904 0.0352456
 1.03561e-16 6.82337e-05 0.000663256 0.00440757 0.0200362 0.0623401 0.132823 0.193861 0.193872 0.13288 0.0625319 0.0205905 0.00580026 0.00370763 0.00586242 0.00961679 0.013926 0.0176839 0.019815 0.0198368 0.0181391 0.0156962 0.0134464 0.0118268 0.0107392 0.00983037
 1.00345e-16 7.69905e-05 0.000748375 0.00497321 0.0226075 0.0703404 0.149868 0.218738 0.218743 0.149896 0.0704346 0.0228794 0.00565546 0.00223657 0.00289992 0.00466335 0.00668928 0.00836777 0.00913487 0.00873286 0.00736207 0.00555013 0.00384368 0.00255995 0.00173991 0.00125903
 1.0019e-16 7.1767e-05 0.0006976 0.0046358 0.0210737 0.0655681 0.1397 0.203899 0.203911 0.139759 0.0657644 0.0216403 0.00605704 0.00379649 0.00594621 0.00968802 0.0138815 0.0173137 0.0188018 0.0178014 0.0147344 0.010721 0.00693468 0.00407678 0.00226615 0.00126014
 1.01205e-16 4.00454e-05 0.000389255 0.00258674 0.011759 0.0365868 0.0779537 0.113785 0.113832 0.0781792 0.0373436 0.0139442 0.00806912 0.0123475 0.0227218 0.0374233 0.0537233 0.0671702 0.0732472 0.0698579 0.0585849 0.0436513 0.029459 0.0186041 0.0114986 0.00724217
 1.03781e-16 5.55536e-05 0.000540001 0.0035885 0.0163128 0.0507553 0.10814 0.157838 0.157859 0.108242 0.0510981 0.0173044 0.00608276 0.00600251 0.0104809 0.0173717 0.025326 0.0324819 0.0369506 0.0378112 0.0355795 0.0317107 0.0275847 0.0238163 0.0203075 0.0167588
 1.00168e-16 8.09396e-05 0.000786762 0.00522831 0.0237671 0.0739484 0.157555 0.229956 0.229958 0.157562 0.0739711 0.0238327 0.00539291 0.00114611 0.000763483 0.00113428 0.00162661 0.00204649 0.00225711 0.00219762 0.00191472 0.00153012 0.00116679 0.000891478 0.000706605 0.000579643
 1.00054e-16 7.54629e-05 0.000733526 0.00487454 0.022159 0.0689448 0.146894 0.214398 0.214406 0.146933 0.0690759 0.0225373 0.0058234 0.00280192 0.00399496 0.00646204 0.00924746 0.011515 0.0124695 0.0117466 0.00963298 0.00688697 0.00430648 0.00237249 0.0011707 0.000536353
 1.00694e-16 4.38622e-05 0.000426356 0.00283329 0.0128797 0.0400739 0.0853832 0.124628 0.124671 0.0855937 0.0407806 0.01492 0.00795112 0.0115865 0.0212033 0.0348898 0.0500339 0.0624489 0.0678958 0.0644134 0.0535059 0.0391774 0.0256197 0.0153313 0.00873434 0.00497408
 1.00891e-16 7.47582e-05 0.000726676 0.00482902 0.021952 0.0683009 0.145523 0.212396 0.212402 0.145553 0.0684042 0.0222507 0.00557985 0.00236978 0.00320707 0.00521405 0.00757394 0.00966866 0.0109157 0.0110345 0.0101899 0.00884477 0.00744955 0.00622329 0.00515701 0.00415997
 1.00299e-16 7.28667e-05 0.00070829 0.00470684 0.0213966 0.0665729 0.141841 0.207023 0.207034 0.141893 0.0667465 0.0218978 0.00596407 0.00344973 0.00527023 0.00857348 0.0122872 0.0153332 0.0166675 0.0158113 0.0131391 0.00964026 0.00634771 0.00387309 0.0023114 0.00143933
 1.00404e-16 6.70098e-05 0.000651359 0.00432851 0.0196768 0.0612219 0.13044 0.190385 0.190402 0.130523 0.0614992 0.0204772 0.00633645 0.00503065 0.00837208 0.013703 0.0196585 0.0245622 0.0267538 0.0254649 0.02128 0.015756 0.010518 0.00652777 0.00394082 0.00242325
 1.01022e-16 5.86137e-05 0.000569747 0.00378617 0.0172114 0.0535511 0.114097 0.166534 0.166559 0.114219 0.0539613 0.0183959 0.00675859 0.00705553 0.0123672 0.0203285 0.0292203 0.0366198 0.0400939 0.0385103 0.0327062 0.0249232 0.0174829 0.0117324 0.00786289 0.00539533
 1.01873e-16 5.75444e-05 0.000559352 0.00371709 0.0168974 0.0525742 0.112016 0.163495 0.16352 0.112134 0.0529724 0.0180479 0.00660549 0.00686657 0.0120412 0.0198285 0.028587 0.0360052 0.0397576 0.0387549 0.0337712 0.026887 0.0202232 0.0149597 0.0112086 0.00851307
 1.04017e-16 3.73254e-05 0.000362816 0.00241104 0.0109603 0.0341017 0.072659 0.106057 0.106101 0.0728727 0.0348192 0.0130329 0.00761456 0.0117253 0.0216257 0.0357156 0.0514986 0.0648668 0.0716425 0.0698769 0.0609822 0.0487224 0.0369213 0.0276872 0.0211807 0.0165253
 1.0262e-16 6.87881e-05 0.000668645 0.00444338 0.020199 0.0628466 0.133902 0.195436 0.195446 0.133951 0.0630131 0.0206808 0.00565545 0.00332361 0.00513747 0.00845339 0.0123316 0.015843 0.0180798 0.0186092 0.0176937 0.0160433 0.0143148 0.0127733 0.0113224 0.00976462
 1.00649e-16 7.23414e-05 0.000703184 0.0046729 0.0212424 0.0660929 0.140818 0.205531 0.205541 0.140871 0.0662686 0.0217496 0.00594539 0.00347874 0.00533695 0.00869111 0.0124721 0.0155989 0.017024 0.0162683 0.0137081 0.0103303 0.00715651 0.0047776 0.0032659 0.00238335
 1.01547e-16 3.26599e-05 0.000317466 0.00210967 0.0095903 0.0298393 0.0635777 0.092805 0.0928594 0.0638438 0.0307323 0.0121687 0.00857806 0.0144253 0.0267887 0.0441368 0.0633448 0.0791643 0.0862619 0.0821678 0.0687647 0.0510625 0.0342857 0.0215179 0.0132449 0.00838031
 1.01723e-16 7.25135e-05 0.000704857 0.00468403 0.0212929 0.0662502 0.141153 0.206019 0.206025 0.141186 0.0663605 0.0216125 0.005489 0.00247132 0.0034542 0.00566543 0.00831577 0.0107917 0.0125069 0.0131688 0.0129101 0.0121251 0.0111592 0.010121 0.00893532 0.0075255
 1.0121e-16 5.74298e-05 0.000558238 0.00370969 0.0168637 0.0524695 0.111793 0.163171 0.163198 0.111926 0.0529178 0.0181579 0.00695609 0.00763772 0.0134808 0.0221387 0.031753 0.039652 0.0431571 0.0410407 0.0342737 0.0254051 0.0170854 0.0108664 0.00696206 0.00476903
 1.02345e-16 5.17251e-05 0.000502787 0.0033412 0.0151886 0.0472576 0.100688 0.146964 0.146993 0.100833 0.0477442 0.0165943 0.00687083 0.00821148 0.0147018 0.0242484 0.0349819 0.044102 0.0487743 0.0476645 0.0417018 0.0333993 0.0253161 0.018873 0.0142081 0.0107874
 1.01576e-16 6.87337e-05 0.000668116 0.00443987 0.020183 0.0627968 0.133796 0.195281 0.195294 0.133857 0.063001 0.0207728 0.00592124 0.003905 0.00622506 0.0102056 0.0147485 0.0186578 0.0207588 0.0205026 0.0182743 0.0151022 0.0120135 0.00954797 0.00771476 0.00626455
 1.0244e-16 3.68808e-05 0.000358495 0.00238233 0.0108297 0.0336956 0.0717939 0.104795 0.104844 0.0720307 0.0344906 0.0131252 0.00814153 0.012922 0.0238712 0.0393368 0.0565011 0.0707109 0.0772453 0.0739239 0.0624185 0.0471526 0.0327088 0.0217468 0.0146208 0.0103171
 1.03362e-16 6.2027e-05 0.000602925 0.00400665 0.0182137 0.0566695 0.120741 0.176228 0.176243 0.120815 0.0569182 0.018933 0.00581693 0.0045697 0.00763918 0.0126441 0.0184705 0.0237707 0.0271916 0.0280728 0.0267739 0.0243098 0.0216221 0.019096 0.0166199 0.0139695
 1.00491e-16 7.7281e-05 0.000751198 0.00499198 0.0226928 0.0706058 0.150433 0.219563 0.219568 0.150458 0.0706903 0.0229368 0.00560419 0.00208716 0.00261308 0.00419394 0.00602557 0.00755988 0.00829642 0.00800754 0.00687114 0.0053511 0.0039214 0.00284702 0.00214807 0.00170487
pSPR Fmed_Fpbrs
0.547211   0.217116 0.217116
Fs Fmed_Fpbrs
0.34   1.005 1.005
SSBpbr Bo_Bmed_Bpbrs
404516  201130  67601 67601
Ro
88282.1
SPR SPRFo_SPRFmed_SPRFpbrs
636015 348034 138089
Fref
1.005
Nvult_r0
 89405.3 3256.82 319.54 169.856 16.4652
CTP_r0
 39226.6 1632.47 160.168 85.1397 8.25312
YTP_r0
331068
Np
 72973.9 12284.8 2233.21 60.999 6.79079
Nvult_p0
 60689.1 10630.5 1932.49 52.7848 5.87634
CTP_p0
 26627.4 7193.31 196.481 19.2776 11.4806
 26627.4 5328.52 968.653 26.4582 2.9455
YTP_p0
 332031 318001
CBA_c0
331357
log_Ro
11.2083
likeval ReclasPelacesDesembMPH_pf_preclas_ppelaces_ptallas_desvR_qrecl_qpela
 48.8721 41.785 0.0378927 78.6905 279.964 157.796 132.269 0 25.2062 0.000264871 0.000298567 0.0191284 0 0 0
q_reclas_q_pelaces
9.99027 11.5148
M
1
N
 140206 24415.1 26319.3 2401.09 0.14159
 96231.1 34709.3 5397.68 5818.64 530.862
 85743.6 16920.8 4942.99 768.689 904.239
 127971 15139.6 2422.63 707.71 239.521
 90410.4 21532.5 2037.38 326.02 127.472
 193820 26038.1 5782.58 547.141 121.786
 67042.8 50726.4 6183.19 1373.17 158.848
 22911.8 10085.9 5911.36 720.552 178.533
 22396 7023.75 2934.97 1720.19 261.632
 30973.3 3528.89 868.7 362.999 245.113
 50943 1744.26 116.272 28.6225 20.0365
 169862 13923.2 437.935 29.1928 12.217
 60662.2 34915.8 2423.66 76.2327 7.20832
 35694.2 11615.9 5548.4 385.14 13.2595
 73135.7 650.502 89.7397 42.8648 3.07787
 207414 11721.5 82.2323 11.3443 5.80778
 59374.5 30217.5 1310.72 9.19542 1.91799
 210216 9769.06 3951.02 171.38 1.45311
 313687 25701.8 872.006 352.675 15.4275
 283498 36085.6 2121.35 71.9729 30.3822
 251139 52042.4 5431.51 319.3 15.4062
 239048 53964.3 9590.9 1000.97 61.683
 54303.7 33936.6 5837 1037.39 114.941
 98249.8 7818.71 3737.85 642.9 126.92
 171931 13144.8 783.606 374.615 77.1529
 33410.1 28618.9 1744.58 104.001 59.9588
 123039 5682.48 3905.04 238.047 22.3722
 95149.6 22691.3 860.411 591.28 39.4313
 60944.3 18015.1 3553.86 134.756 98.7808
 117119 10112.7 2381.31 469.765 30.8699
 36333.7 26852.3 2025.68 477.004 100.283
 31239.8 4215.99 2241.07 169.061 48.1797
 107503 3763.63 369.265 196.288 19.0274
pred_Ctot
 29931.9 6416.72 6917.16 631.048 0.0372124
 33682.7 14494 2253.98 2429.77 221.679
 29887.7 7039.08 2056.29 319.776 376.165
 46716.9 6569.55 1051.26 307.098 103.936
 12659.2 3770.15 356.727 57.0834 22.3192
 36346.1 6044.98 1342.48 127.024 28.2737
 26887.7 23966.7 2921.37 648.783 75.051
 2450.45 1358.06 795.964 97.0223 24.0394
 8657.07 3210.12 1341.4 786.196 119.576
 19068.8 2412.67 593.923 248.179 167.582
 8480.41 361.089 24.0703 5.92533 4.14788
 49648 4921.93 154.812 10.3198 4.31875
 19374.3 13401.9 930.285 29.2607 2.76681
 26293.7 9156.07 4373.46 303.581 10.4516
 27871 293.504 40.4902 19.3404 1.38872
 85208.4 5658.81 39.6996 5.47673 2.80384
 22117.8 13355.6 579.317 4.06422 0.847719
 96715.9 5214.77 2109.07 91.4837 0.775675
 149231 14127.5 479.315 193.855 8.48001
 94915.4 14466.5 850.437 28.8535 12.18
 68946.2 17350.7 1810.84 106.453 5.13637
 100043 26488.3 4707.69 491.327 30.2771
 22499.8 16509.3 2839.55 504.664 55.916
 42795.6 3976.85 1901.19 327 64.5559
 63384.5 5755.15 343.085 164.017 33.7798
 12075.3 12306.1 750.165 44.72 25.7822
 40988.7 2267.64 1558.34 94.9947 8.92782
 30786.4 8814.88 334.244 229.695 15.3179
 22531.7 7907.89 1560 59.1523 43.3607
 28979.4 3057.4 719.951 142.026 9.33301
 17206 14701 1109.01 261.147 54.9022
 14493.1 2267.04 1205.08 90.9082 25.9074
 42275.1 1747.01 171.407 91.1137 8.83221
F
 0.396107 0.509234 0.509234 0.509234 0.509234
 0.738209 0.949038 0.949038 0.949038 0.949038
 0.734049 0.943691 0.943691 0.943691 0.943691
 0.782243 1.00565 1.00565 1.00565 1.00565
 0.244798 0.314711 0.314711 0.314711 0.314711
 0.340485 0.437726 0.437726 0.437726 0.437726
 0.894194 1.14957 1.14957 1.14957 1.14957
 0.182357 0.234438 0.234438 0.234438 0.234438
 0.847898 1.09005 1.09005 1.09005 1.09005
 1.8768 2.4128 2.4128 2.4128 2.4128
 0.297148 0.382012 0.382012 0.382012 0.382012
 0.58205 0.748281 0.748281 0.748281 0.748281
 0.652949 0.839429 0.839429 0.839429 0.839429
 3.005 3.86321 3.86321 3.86321 3.86321
 0.830895 1.0682 1.0682 1.0682 1.0682
 0.926296 1.19084 1.19084 1.19084 1.19084
 0.804645 1.03445 1.03445 1.03445 1.03445
 1.10157 1.41618 1.41618 1.41618 1.41618
 1.1625 1.49451 1.49451 1.49451 1.49451
 0.695147 0.893678 0.893678 0.893678 0.893678
 0.537683 0.691244 0.691244 0.691244 0.691244
 0.952169 1.22411 1.22411 1.22411 1.22411
 0.938073 1.20598 1.20598 1.20598 1.20598
 1.01149 1.30037 1.30037 1.30037 1.30037
 0.793025 1.01951 1.01951 1.01951 1.01951
 0.771471 0.991801 0.991801 0.991801 0.991801
 0.690521 0.887732 0.887732 0.887732 0.887732
 0.664241 0.853946 0.853946 0.853946 0.853946
 0.796173 1.02356 1.02356 1.02356 1.02356
 0.472841 0.607883 0.607883 0.607883 0.607883
 1.15386 1.4834 1.4834 1.4834 1.4834
 1.11631 1.43512 1.43512 1.43512 1.43512
 0.869077 1.11728 1.11728 1.11728 1.11728
YTP_r0W_actual
 295768 28486.6 3855.25 2666.57 290.922
YTP_p0W_proyectada
 200770 125523 4729.3 603.774 404.692
 200770 92982.7 23315.5 828.672 103.829
CTP_r0_actual
 39226.6 1632.47 160.168 85.1397 8.25312
CTP_p0_proyectada
 26627.4 7193.31 196.481 19.2776 11.4806
 26627.4 5328.52 968.653 26.4582 2.9455
Wmedp
 7.54 17.45 24.07 31.32 35.25
Frms_r0
 0.781738 1.005 1.005 1.005 1.005
Zrms_r0
 1.78174 2.005 2.005 2.005 2.005
nmprior
 7.29 8.9 8.7 0
nm_flota  nm_reclas  nm_pelaces    nm_pelaL
inf 8.83098 9.09662 22.0005
cv_recla  cv_pelaces  cv_mph
0.605426 0.70811 0.355622
 ------------------------------------------------
Talla a la edad & desviaci?n 
 8 13.2811 15.8009 17.003 17.5766
 0.8 1.32811 1.58009 1.7003 1.75766
