years
 1991 1992 1993 1994 1995 1996 1997 1998 1999 2000 2001 2002 2003 2004 2005 2006 2007 2008 2009 2010 2011 2012 2013 2014 2015 2016 2017 2018 2019 2020
reclasobs
 0 0 0 0 0 0 0 0 0 252601 567819 844713 477998 351125 339783 2.1784e+06 2.13404e+06 4.81314e+06 1.55562e+06 2.62356e+06 3.21686e+06 3.843e+06 1.13348e+06 3.07943e+06 1.97215e+06 2.03268e+06 2.025e+06 2.42433e+06 2.27542e+06 1.05018e+06
reclaspred
 2.12547e+06 1.40568e+06 996762 1.08253e+06 1.17028e+06 1.3894e+06 1.08719e+06 1.62891e+06 1.77718e+06 1.91445e+06 1.41977e+06 1.41367e+06 1.26018e+06 1.14973e+06 1.20081e+06 1.15895e+06 1.1977e+06 1.34356e+06 608519 385381 576840 252105 486963 916048 844753 1.14964e+06 1.29712e+06 1.10331e+06 1.31601e+06 1.41148e+06
pelacesobs
 0 0 0 0 0 0 0 0 0 0 0 0 0 0 0 552880 188675 0 991730 2.46772e+06 1.41603e+06 1.21717e+06 2.29649e+06 1.80582e+06 0 1.4828e+06 1.56532e+06 1.57751e+06 1.42118e+06 867257
pelacespred
 977788 680391 467281 440340 530807 616337 472578 838625 956578 962298 803659 656925 617422 610596 647758 518694 515942 538010 244494 127688 202221 68626.3 202417 426390 379653 532984 674917 567509 574385 676440
mphobs
 0 0 0 0 0 0 0 0 0 0 0 0 498337 0 5186 125008 0 168611 109162 213762 579715 649985 157893 87575 83554 210694 70296 0 107559 103333
mphpred
 1.99362e+06 1.3918e+06 929572 769036 886082 1.01411e+06 1.01014e+06 873875 1.3767e+06 1.61439e+06 1.30272e+06 1.1969e+06 1.08053e+06 897327 857444 1.07803e+06 835990 1.06986e+06 647014 272065 283809 217816 107688 419716 704612 612082 931868 874981 994645 1.04522e+06
desembarqueobs
 494567 514787 250237 358949 120608 361735 552515 73892 212993 205616 52469 317467 293654 387597 252695 516296 358380 742168 942051 627588 828172 859565 418607 520667 417249 300574 415391 372974 316634 284311
desembarquepred
 494548 506220 261006 358691 120537 361467 552072 73854.9 212944 205604 52454.6 318075 294412 390183 253091 515993 357934 736901 917546 608230 806059 836439 419934 523254 418617 301133 415816 373809 317065 284227
Reclutas
 203000 203000 203000 203000 203000 203000 203000 203000 203000 203000 203000 203000 203000 203000 203000 203000 203000 203000 203000 203000 203000 203000 203000 203000 203000 203000 203000 203000 203000 203000
log_desv_Rt
 0 0 0 0 0 0 0 0 0 0 0 0 0 0 0 0 0 0 0 0 0 0 0 0 0 0 0 0 0 0
SSB
 1.99362e+06 1.3918e+06 929572 769036 886082 1.01411e+06 1.01014e+06 873875 1.3767e+06 1.61439e+06 1.30272e+06 1.1969e+06 1.04169e+06 885579 837119 1.048e+06 835990 1.06986e+06 677078 285124 309985 276668 131079 474281 736111 676289 968948 874981 1.03194e+06 1.02063e+06
BT
 2.91025e+06 2.31213e+06 1.45949e+06 1.57767e+06 1.56378e+06 2.13082e+06 1.80535e+06 2.92055e+06 3.10692e+06 2.83924e+06 2.24793e+06 2.08239e+06 2.058e+06 2.37236e+06 2.37432e+06 1.92273e+06 1.85841e+06 2.19307e+06 1.72483e+06 962984 1.43586e+06 985441 1.20976e+06 2.06722e+06 1.49789e+06 2.04362e+06 2.59381e+06 2.15623e+06 1.86479e+06 2.31068e+06
Ftot
 0.219215 0.335736 0.24617 0.310067 0.0980972 0.244858 0.467836 0.0433792 0.114048 0.102234 0.0353583 0.21222 0.220308 0.317896 0.19945 0.412403 0.28073 0.503293 1.27095 1.34421 1.20558 2.41668 0.786987 0.527778 0.457826 0.246928 0.300672 0.317638 0.227015 0.190462
BD_Bspro_t
 0.965534 0.788481 0.656809 0.639412 0.65121 0.72825 0.680733 0.602244 0.7719 0.822011 0.827498 0.862783 0.774473 0.710697 0.68378 0.704068 0.590078 0.634047 0.454865 0.248889 0.224517 0.189571 0.114931 0.336251 0.4635 0.50014 0.632695 0.641736 0.671981 0.67474
BD_Bspro
 1.37962 0.96315 0.64328 0.532186 0.613184 0.701783 0.699034 0.604737 0.9527 1.11718 0.901508 0.828278 0.720868 0.612835 0.579301 0.725234 0.578519 0.74036 0.46855 0.197311 0.214515 0.191459 0.0907091 0.32821 0.509402 0.468003 0.670529 0.605502 0.71412 0.706291
BD_Bo
 1.19415 0.833667 0.556799 0.46064 0.530749 0.607437 0.605057 0.523437 0.824621 0.966992 0.780311 0.716926 0.623957 0.530447 0.501421 0.627735 0.500745 0.640828 0.405559 0.170785 0.185676 0.16572 0.0785144 0.284087 0.440919 0.405086 0.580384 0.5241 0.618116 0.611339
BD_Brms
 5.07285 3.5415 2.36533 1.95684 2.25467 2.58045 2.57034 2.22361 3.50307 4.10787 3.31484 3.04557 2.65063 2.25339 2.13008 2.66668 2.12721 2.7223 1.72285 0.72551 0.78877 0.703993 0.333537 1.20683 1.87307 1.72084 2.46553 2.22643 2.62581 2.59703
Sel_flota
 0.5 1 1 1 1
 0.5 1 1 1 1
 0.5 1 1 1 1
 0.5 1 1 1 1
 0.5 1 1 1 1
 0.5 1 1 1 1
 0.5 1 1 1 1
 0.5 1 1 1 1
 0.5 1 1 1 1
 0.5 1 1 1 1
 0.5 1 1 1 1
 0.5 1 1 1 1
 0.5 1 1 1 1
 0.5 1 1 1 1
 0.5 1 1 1 1
 0.5 1 1 1 1
 0.5 1 1 1 1
 0.5 1 1 1 1
 0.5 1 1 1 1
 0.5 1 1 1 1
 0.5 1 1 1 1
 0.5 1 1 1 1
 0.5 1 1 1 1
 0.5 1 1 1 1
 0.5 1 1 1 1
 0.5 1 1 1 1
 0.5 1 1 1 1
 0.5 1 1 1 1
 0.5 1 1 1 1
 0.5 1 1 1 1
Sel_reclas
 0.5 1 1 1 1
 0.5 1 1 1 1
 0.5 1 1 1 1
 0.5 1 1 1 1
 0.5 1 1 1 1
 0.5 1 1 1 1
 0.5 1 1 1 1
 0.5 1 1 1 1
 0.5 1 1 1 1
 0.5 1 1 1 1
 0.5 1 1 1 1
 0.5 1 1 1 1
 0.5 1 1 1 1
 0.5 1 1 1 1
 0.5 1 1 1 1
 0.5 1 1 1 1
 0.5 1 1 1 1
 0.5 1 1 1 1
 0.5 1 1 1 1
 0.5 1 1 1 1
 0.5 1 1 1 1
 0.5 1 1 1 1
 0.5 1 1 1 1
 0.5 1 1 1 1
 0.5 1 1 1 1
 0.5 1 1 1 1
 0.5 1 1 1 1
 0.5 1 1 1 1
 0.5 1 1 1 1
 0.5 1 1 1 1
Sel_pelaces
 0.5 1 1 1 1
 0.5 1 1 1 1
 0.5 1 1 1 1
 0.5 1 1 1 1
 0.5 1 1 1 1
 0.5 1 1 1 1
 0.5 1 1 1 1
 0.5 1 1 1 1
 0.5 1 1 1 1
 0.5 1 1 1 1
 0.5 1 1 1 1
 0.5 1 1 1 1
 0.5 1 1 1 1
 0.5 1 1 1 1
 0.5 1 1 1 1
 0.5 1 1 1 1
 0.5 1 1 1 1
 0.5 1 1 1 1
 0.5 1 1 1 1
 0.5 1 1 1 1
 0.5 1 1 1 1
 0.5 1 1 1 1
 0.5 1 1 1 1
 0.5 1 1 1 1
 0.5 1 1 1 1
 0.5 1 1 1 1
 0.5 1 1 1 1
 0.5 1 1 1 1
 0.5 1 1 1 1
 0.5 1 1 1 1
pf_obs 
 0.8446 0.082 0.0669 0.0065 0
 0.8095 0.147 0.0364 0.0071 0
 0.9664 0.0169 0.016 0.0007 0
 0.9276 0.0648 0.0075 0.0001 0
 0.7033 0.2144 0.0806 0.0017 0
 0.9318 0.0425 0.0243 0.0014 0
 0.5671 0.3108 0.0964 0.0239 0.0018
 0.0768 0.2599 0.5324 0.112 0.0189
 0.490249 0.384438 0.106611 0.0170017 0.00170017
 0.7925 0.1577 0.0466 0.003 0.0002
 0.840416 0.127587 0.0312969 0.00059994 9.999e-05
 0.8084 0.0986 0.0794 0.0134 0.0002
 0.7335 0.1905 0.0724 0.0035 0.0001
 0.4001 0.4547 0.1325 0.0127 0
 0.49795 0.308269 0.164784 0.0264974 0.00249975
 0.9179 0.0499 0.0305 0.0017 0
 0.2467 0.6533 0.0926 0.0074 0
 0.9418 0.0223 0.034 0.0019 0
 0.707729 0.231977 0.0356964 0.0245975 0
 0.517169 0.277429 0.184464 0.0207286 0.00020938
 0.811772 0.124168 0.05621 0.00726502 0.000585176
 0.764997 0.148141 0.077277 0.00933861 0.000247198
 0.163321 0.427699 0.378323 0.0303852 0.000271297
 0.753843 0.0900009 0.118128 0.0371064 0.000921714
 0.721811 0.176058 0.0630433 0.0369309 0.00215725
 0.143369 0.312575 0.442814 0.0836902 0.0175525
 0.692698 0.0596174 0.167031 0.0765114 0.00414204
 0.394062 0.376323 0.152708 0.0712218 0.00568511
 0.125707 0.32114 0.495352 0.0537591 0.00404204
 0.23352 0.215282 0.420074 0.123614 0.00750983
pf_pred 
 0.478654 0.0481833 0.444034 0.0204656 0.00866306
 0.51776 0.319318 0.0150574 0.138762 0.00910277
 0.543156 0.321504 0.089616 0.00422583 0.0414979
 0.540427 0.330444 0.0908749 0.0253305 0.0129241
 0.538589 0.332569 0.0926407 0.025477 0.0107248
 0.514334 0.342941 0.102871 0.0286559 0.011198
 0.539123 0.320301 0.0992642 0.029776 0.0115357
 0.558356 0.322214 0.0830023 0.0257231 0.0107054
 0.505582 0.355568 0.101302 0.0260955 0.0114529
 0.49944 0.339866 0.115566 0.0329249 0.0122039
 0.492262 0.341616 0.112792 0.038353 0.014977
 0.488795 0.338452 0.116232 0.0383765 0.0181451
 0.514536 0.325606 0.105837 0.0363467 0.0176748
 0.528612 0.326939 0.0968834 0.0314916 0.016074
 0.541425 0.326324 0.0917244 0.0271812 0.0133448
 0.537913 0.330265 0.0938054 0.0263672 0.0116496
 0.561687 0.317835 0.0861084 0.0244574 0.00991194
 0.559339 0.324317 0.0843651 0.0228563 0.00912289
 0.619629 0.284337 0.0706789 0.0183858 0.00696929
 0.728774 0.225519 0.0341677 0.00849324 0.00304684
 0.745945 0.226902 0.0225772 0.00342061 0.0011553
 0.760256 0.214995 0.0221032 0.00219931 0.000445753
 0.831597 0.157819 0.00949078 0.000975726 0.000116764
 0.674019 0.302083 0.0223957 0.00134681 0.000155032
 0.616151 0.318357 0.0606908 0.00449946 0.000301731
 0.585598 0.326051 0.0732772 0.0139694 0.0011051
 0.551393 0.337627 0.0873188 0.0196242 0.00403706
 0.550959 0.327355 0.0915828 0.0236856 0.00641821
 0.548961 0.329121 0.0888786 0.0248653 0.00817335
 0.533486 0.337085 0.0944441 0.0255045 0.0094807
pobs_RECLAS
 0 0 0 0 0
 0 0 0 0 0
 0 0 0 0 0
 0 0 0 0 0
 0 0 0 0 0
 0 0 0 0 0
 0 0 0 0 0
 0 0 0 0 0
 0 0 0 0 0
 0 0 0 0 0
 0.991045 0.00858322 0.000360255 1.14367e-05 0
 0.934742 0.0480273 0.0164251 0.00080598 0
 0.827803 0.169806 0.00239088 0 0
 0.941827 0.0461693 0.0120037 0 0
 0.791401 0.0380133 0.147996 0.0225897 0
 0.846168 0.0940531 0.0597789 0 0
 0.134021 0.677848 0.182769 0.00536245 0
 0.80878 0.0450904 0.141981 0.00414843 0
 0.846168 0.0940531 0.0597789 0 0
 0.905697 0.0802665 0.012482 0.00150086 5.37128e-05
 0.989698 0.0102097 9.19794e-05 0 0
 0.975433 0.0193895 0.00387452 0.00125025 5.28907e-05
 0.303575 0.632131 0.0575291 0.00676475 0
 0.966965 0.00978017 0.0227588 0.000495775 0
 0.843318 0.132988 0.00938335 0.0141283 0.000182051
 0.564624 0.303363 0.111486 0.0197234 0.00080311
 0.826376 0.0876187 0.0782897 0.00655872 0.00115652
 0.89761 0.0855135 0.0140674 0.00269457 0.000114338
 0.34875 0.467042 0.161289 0.0227151 0.000203297
 0.318654 0.224769 0.449479 0.00709798 0
ppred_RECLAS
 0.48125 0.0479434 0.441823 0.0203637 0.00861992
 0.522021 0.316497 0.0149244 0.137536 0.00902236
 0.546102 0.319431 0.0890383 0.00419859 0.0412304
 0.544282 0.327672 0.0901126 0.025118 0.0128157
 0.539659 0.331798 0.0924259 0.0254179 0.0106999
 0.517281 0.34086 0.102247 0.0284819 0.0111301
 0.545467 0.315892 0.0978978 0.0293661 0.0113769
 0.558808 0.321884 0.0829173 0.0256968 0.0106945
 0.506847 0.354658 0.101043 0.0260287 0.0114236
 0.500565 0.339102 0.115306 0.0328509 0.0121764
 0.492633 0.341366 0.11271 0.038325 0.0149661
 0.4913 0.336793 0.115662 0.0381884 0.0180561
 0.517149 0.323853 0.105267 0.036151 0.0175797
 0.532597 0.324175 0.0960645 0.0312254 0.0159381
 0.543746 0.324673 0.0912603 0.0270437 0.0132773
 0.543346 0.326382 0.0927025 0.0260572 0.0115127
 0.565088 0.315369 0.0854403 0.0242677 0.00983504
 0.56623 0.319245 0.0830458 0.0224989 0.00898023
 0.642274 0.267409 0.0664711 0.0172913 0.00655438
 0.749102 0.208616 0.0316069 0.00785668 0.00281848
 0.76266 0.211973 0.0210917 0.00319555 0.00107929
 0.802954 0.176705 0.0181667 0.00180762 0.000366366
 0.83849 0.15136 0.00910233 0.00093579 0.000111985
 0.680518 0.296061 0.0219492 0.00131996 0.000151941
 0.622018 0.313491 0.0597631 0.00443068 0.000297118
 0.588487 0.323777 0.0727664 0.013872 0.0010974
 0.555095 0.334841 0.0865981 0.0194622 0.00400374
 0.55491 0.324474 0.0907771 0.0234772 0.00636174
 0.55164 0.327167 0.0883508 0.0247176 0.00812481
 0.535695 0.335489 0.0939969 0.0253837 0.00943581
pobs_PELACES
 0 0 0 0 0
 0 0 0 0 0
 0 0 0 0 0
 0 0 0 0 0
 0 0 0 0 0
 0 0 0 0 0
 0 0 0 0 0
 0 0 0 0 0
 0 0 0 0 0
 0 0 0 0 0
 0 0 0 0 0
 0 0 0 0 0
 0 0 0 0 0
 0 0 0 0 0
 0 0 0 0 0
 0 0 0 0 0
 0.505614 0.472636 0.0217494 0 0
 0 0 0 0 0
 0.443492 0.261883 0.143347 0.151278 0
 0.227955 0.32914 0.350689 0.0885471 0.00366901
 0.970185 0.0296113 0.000203453 0 0
 0.997202 0.00247181 0.000326279 0 0
 0.445219 0.490057 0.0546422 0.010081 0
 0.90214 0.0892962 0.00764917 0.000914606 0
 0 0 0 0 0
 0.581667 0.319106 0.0959925 0.00289975 0.000334073
 0.762889 0.0836404 0.116647 0.0363945 0.000428098
 0.88444 0.0763242 0.0277011 0.0115352 0
 0.521256 0.241999 0.230069 0.00667565 0
 0.616807 0.101726 0.260614 0.0208532 0
ppred_PELACES
 0.490285 0.0471083 0.434128 0.020009 0.00846978
 0.535823 0.307358 0.0144934 0.133564 0.00876183
 0.55615 0.31236 0.0870672 0.00410565 0.0403177
 0.556941 0.31857 0.0876095 0.0244203 0.0124597
 0.543677 0.328901 0.0916191 0.025196 0.0106065
 0.527361 0.333742 0.100112 0.0278872 0.0108976
 0.564529 0.302644 0.0937921 0.0281346 0.0108998
 0.560572 0.320597 0.0825858 0.0255941 0.0106517
 0.511549 0.351276 0.100079 0.0257805 0.0113147
 0.504782 0.336239 0.114332 0.0325736 0.0120736
 0.494091 0.340385 0.112386 0.0382148 0.014923
 0.500054 0.330998 0.113672 0.0375313 0.0177454
 0.526219 0.31777 0.10329 0.0354719 0.0172494
 0.545629 0.315136 0.093386 0.0303547 0.0154937
 0.551898 0.318872 0.0896298 0.0265605 0.01304
 0.560174 0.314355 0.0892864 0.025097 0.0110884
 0.576435 0.307141 0.083211 0.0236345 0.00957842
 0.586503 0.304324 0.0791645 0.0214474 0.00856051
 0.688894 0.232559 0.0578084 0.0150378 0.00570019
 0.788453 0.175897 0.0266497 0.00662444 0.00237643
 0.796772 0.181507 0.0180603 0.00273627 0.000924169
 0.858588 0.126814 0.0130375 0.00129725 0.000262926
 0.855312 0.135595 0.00815427 0.000838322 0.000100321
 0.699147 0.278798 0.0206693 0.00124299 0.000143081
 0.639608 0.298902 0.0569819 0.00422449 0.000283291
 0.598317 0.316043 0.0710282 0.0135406 0.00107118
 0.567312 0.325647 0.0842203 0.0189278 0.0038938
 0.567814 0.315067 0.0881452 0.0227965 0.0061773
 0.560885 0.32042 0.0865289 0.0242079 0.00795727
 0.543502 0.329848 0.0924164 0.0249569 0.00927715
pobs_pel_tallas
 0 0 0 0 0 0 0 0 0 0 0 0 0 0 0 0 0 0 0 0 0 0 0 0 0 0
 0 0 0 0 0 0 0 0 0 0 0 0 0 0 0 0 0 0 0 0 0 0 0 0 0 0
 0 0 0 0 0 0 0 0 0 0 0 0 0 0 0 0 0 0 0 0 0 0 0 0 0 0
 0 0 0 0 0 0 0 0 0 0 0 0 0 0 0 0 0 0 0 0 0 0 0 0 0 0
 0 0 0 0 0 0 0 0 0 0 0 0 0 0 0 0 0 0 0 0 0 0 0 0 0 0
 0 0 0 0 0 0 0 0 0 0 0 0 0 0 0 0 0 0 0 0 0 0 0 0 0 0
 0 0 0 0 0 0 0 0 0 0 0 0 0 0 0 0 0 0 0 0 0 0 0 0 0 0
 0 0 0 0 0 0 0 0 0 0 0 0 0 0 0 0 0 0 0 0 0 0 0 0 0 0
 0 0 0 0 0 0 0 0 0 0 0 0 0 0 0 0 0 0 0 0 0 0 0 0 0 0
 0 0 0 0 0 0 0 0 0 0 0 0 0 0 0 0 0 0 0 0 0 0 0 0 0 0
 0 0 0 0 0 0 0 0 0 0 0 0 0 0 0 0 0 0 0 0 0 0 0 0 0 0
 0 0 0 0 0 0 0 0 0 0 0 0 0 0 0 0 0 0 0 0 0 0 0 0 0 0
 0.00862536 0 0 0.000197151 0.00414017 0.0128641 0.00837892 0.0270097 0.101434 0.158115 0.152841 0.127902 0.109271 0.109419 0.0830992 0.0579132 0.0238553 0.00714673 0.00463305 0.00128148 0.00103504 0.000492878 0.000147863 0.000147863 4.92878e-05 0
 0 0 0 0 0 0 0 0 0 0 0 0 0 0 0 0 0 0 0 0 0 0 0 0 0 0
 0 0 0 0 0 0 0 0.0054083 0.00873648 0.0413646 0.0450493 0.0745869 0.0622846 0.0627006 0.0613931 0.0827291 0.12552 0.122667 0.0946155 0.0697135 0.0546179 0.0294188 0.0215738 0.0213955 0.0102223 0.00600262
 0 0 0 0 0.00359764 0.0251062 0.0480494 0.140153 0.205849 0.193036 0.1447 0.116669 0.0760912 0.0342217 0.00950174 0.001854 0.000860785 0 0 0 0.000165536 0 0.000143464 0 0 0
 0 0 0 0 0 0 0 0.000145254 0.000435761 0.0275982 0.070085 0.0708112 0.156366 0.174668 0.174014 0.160142 0.0824315 0.0480064 0.0283245 0.00493863 0.00203355 0 0 0 0 0
 0 0 0 0 0 0 0 0 0 0 0 0 0 0 0 0 0 0 0 0 0 0 0 0 0 0
 0 0 1.00437e-05 0.000401748 0.00122533 0.00171747 0.00176769 0.0269171 0.070346 0.194647 0.189555 0.159765 0.064822 0.0314167 0.0384472 0.0292271 0.0345202 0.0313363 0.0194345 0.0106764 0.0143323 0.0359363 0.0279516 0.0138201 0.00172751 0
 0 0.0021121 0.0136068 0.0755702 0.200478 0.177729 0.0527432 0.0373336 0.0318909 0.0142505 0.0149659 0.0166563 0.0217959 0.0798694 0.0677717 0.0528807 0.04013 0.0224614 0.0357745 0.0225083 0.00881397 0.00855152 0.00135912 0.000746735 0 0
 0 0 0 0 5.4009e-05 0.00500934 0.000945158 0.0243581 0.138947 0.33067 0.221406 0.137944 0.0707744 0.0437923 0.0131692 0.00525238 0.0047753 0.00276346 9.45158e-05 9.00151e-06 2.25038e-05 9.00151e-06 4.50075e-06 0 0 0
 0.000866109 0.00284123 0.00948549 0.0512746 0.133035 0.25785 0.225252 0.132002 0.0553304 0.0519788 0.0540692 0.017754 0.00435017 0.00159236 0.00146478 0.000404838 0.000125132 0.000115318 0.000107957 0.000100596 0 0 0 0 0 0
 0 0 0 0 0.00144013 0.00171154 0.00461396 0.0210425 0.0478622 0.0707936 0.0888783 0.103762 0.0637923 0.0337046 0.0602308 0.124433 0.169614 0.0934646 0.0462172 0.0250306 0.0313229 0.00938855 0.002487 0.000210481 0 0
 0 0.00764035 0.051015 0.0998891 0.058973 0.0496711 0.0374665 0.0718981 0.12319 0.153886 0.159021 0.0857701 0.0377988 0.023471 0.0147837 0.00900784 0.00315554 0.000888139 0.00291439 0.00214683 0.00393193 0.00274676 0.000635225 9.99891e-05 0 0
 0 0 0 0 0 0 0 0 0 0 0 0 0 0 0 0 0 0 0 0 0 0 0 0 0 0
 0 0 0 0 0 0 0 0 0 0 0 0 0 0 0 0 0 0 0 0 0 0 0 0 0 0
 0 0 0 0 0 0 0 0 0 0 0 0 0 0 0 0 0 0 0 0 0 0 0 0 0 0
 0 0 0 0 0 0 0 0 0 0 0 0 0 0 0 0 0 0 0 0 0 0 0 0 0 0
 0 0 0 0 0 0 0 0 0 0 0 0 0 0 0 0 0 0 0 0 0 0 0 0 0 0
 0 0 0 0 0 0 0 0 0 0 0 0 0 0 0 0 0 0 0 0 0 0 0 0 0 0
ppred_pel_tallas
 1.15981e-16 4.03841e-05 0.000392548 0.00260862 0.0118584 0.036896 0.078611 0.114736 0.114741 0.0786367 0.0369844 0.0121223 0.00330314 0.00201457 0.00343057 0.00641352 0.0111078 0.0178603 0.0269086 0.0381397 0.0507498 0.0630035 0.0724383 0.0766551 0.0743552 0.0659921
 1.15375e-16 4.41351e-05 0.000429009 0.00285091 0.0129599 0.0403231 0.0859137 0.1254 0.125429 0.0860585 0.0408092 0.014364 0.00637619 0.00812796 0.0146779 0.0242353 0.0350234 0.0443457 0.0495572 0.0496143 0.0457872 0.0408428 0.0373087 0.0361297 0.0365298 0.0368626
 1.09828e-16 4.58094e-05 0.000445283 0.00295907 0.0134515 0.0418528 0.0891729 0.130157 0.130187 0.0893204 0.0423482 0.0148834 0.00655695 0.00831131 0.0150199 0.024851 0.0360143 0.0457586 0.0513096 0.051405 0.0470281 0.0406757 0.0347739 0.0304894 0.0276323 0.0253508
 1.07168e-16 4.58745e-05 0.000445917 0.00296327 0.0134706 0.0419123 0.0892997 0.130342 0.130373 0.0894502 0.0424176 0.014931 0.00663259 0.008468 0.0153166 0.0253419 0.0367213 0.0466439 0.0522682 0.0522843 0.0476596 0.0408953 0.0344232 0.0294165 0.0257175 0.0225596
 1.0705e-16 4.4782e-05 0.000435297 0.0028927 0.0131498 0.0409142 0.0871732 0.127238 0.12727 0.0873285 0.0414359 0.0146577 0.00668131 0.00871835 0.0158127 0.0261679 0.0379204 0.04817 0.053981 0.0539961 0.0492056 0.0421817 0.0354276 0.0301547 0.026212 0.0228299
 1.07616e-16 4.34381e-05 0.000422234 0.0028059 0.0127552 0.0396864 0.0845572 0.12342 0.123453 0.0847149 0.040216 0.0142861 0.00665303 0.00883517 0.0160643 0.0266023 0.0385848 0.0490865 0.0551438 0.055385 0.0508024 0.0439706 0.0373764 0.0321942 0.0282334 0.0247078
 1.07451e-16 4.64996e-05 0.000451993 0.00300365 0.0136542 0.0424834 0.0905164 0.132117 0.132147 0.0906594 0.0429638 0.0150429 0.0064937 0.00808507 0.0145853 0.0241499 0.0350463 0.0446266 0.050214 0.0505734 0.0466046 0.0406293 0.0348754 0.0303716 0.0269089 0.0237497
 1.06835e-16 4.61736e-05 0.000448824 0.00298259 0.0135585 0.0421856 0.089882 0.131192 0.131223 0.0900333 0.0426939 0.0150275 0.00667326 0.00851622 0.0153991 0.025468 0.0368799 0.0467954 0.0523453 0.052209 0.04737 0.0403701 0.0336909 0.0285459 0.0247958 0.0216681
 1.07479e-16 4.21357e-05 0.000409574 0.00272177 0.0123728 0.0384965 0.0820221 0.119721 0.119755 0.082188 0.0390537 0.0139834 0.00676879 0.00925806 0.0168877 0.0279592 0.040524 0.0514918 0.0577286 0.0577825 0.0527041 0.0452293 0.0380197 0.0323624 0.0280988 0.0244195
 1.08696e-16 4.15783e-05 0.000404156 0.00268576 0.0122091 0.0379872 0.0809369 0.118137 0.118169 0.0810958 0.0385212 0.0137531 0.00656694 0.00889524 0.0162221 0.0268956 0.039077 0.0498522 0.0562655 0.0569479 0.0528775 0.0465828 0.0404688 0.0356118 0.0317435 0.0280529
 1.09689e-16 4.06977e-05 0.000395596 0.00262888 0.0119505 0.0371827 0.0792229 0.115635 0.115668 0.0793838 0.0377233 0.0135134 0.00655736 0.0089899 0.0164173 0.0272205 0.0395483 0.0504556 0.0569597 0.0576917 0.053665 0.0474613 0.041524 0.0369252 0.0333452 0.0298943
 1.10132e-16 4.11888e-05 0.00040037 0.0026606 0.0120947 0.0376313 0.0801788 0.11703 0.117062 0.0803353 0.0381572 0.013615 0.00648252 0.0087628 0.0159796 0.0265022 0.0385278 0.0492032 0.0556403 0.0565165 0.0528155 0.0470318 0.0415114 0.0372591 0.0339289 0.030632
 1.09539e-16 4.3344e-05 0.00042132 0.00279982 0.0127276 0.0396004 0.084374 0.123153 0.123183 0.0845242 0.040105 0.0141865 0.00646687 0.00844346 0.015329 0.0254061 0.0369087 0.0470835 0.0531484 0.0538324 0.0500934 0.0443558 0.0389117 0.0347626 0.0315942 0.0285455
 1.08442e-16 4.49428e-05 0.00043686 0.00290309 0.013197 0.0410611 0.0874861 0.127695 0.127725 0.087635 0.0415612 0.0146427 0.006536 0.00838164 0.0151754 0.0251274 0.0364546 0.0464004 0.0521806 0.0525204 0.048379 0.0422029 0.0363374 0.03186 0.0285297 0.0255264
 1.07539e-16 4.54591e-05 0.000441879 0.00293644 0.0133487 0.0415328 0.0884912 0.129162 0.129193 0.0886418 0.0420387 0.0148107 0.00661015 0.00847425 0.0153377 0.025383 0.0367938 0.0467639 0.0524566 0.052567 0.0480636 0.0414414 0.0351162 0.0302378 0.0266235 0.0234888
 1.07051e-16 4.61408e-05 0.000448505 0.00298048 0.0135488 0.0421556 0.0898181 0.131099 0.131129 0.0899666 0.0426543 0.0149902 0.00660227 0.00836742 0.0151225 0.0250248 0.036274 0.0461009 0.0517055 0.0517949 0.0473156 0.0407194 0.0343845 0.0294503 0.0257542 0.0225477
 1.06472e-16 4.74803e-05 0.000461525 0.003067 0.0139422 0.0433794 0.0924254 0.134904 0.134933 0.0925704 0.0438665 0.0153499 0.0066041 0.00819413 0.0147659 0.0244222 0.0353799 0.0449219 0.0503025 0.0502534 0.0457043 0.0390685 0.0326987 0.0277405 0.0240601 0.020937
 1.05962e-16 4.83096e-05 0.000469586 0.00312057 0.0141857 0.044137 0.0940397 0.13726 0.137289 0.0941833 0.0446195 0.0155801 0.00662383 0.00812722 0.014621 0.0241726 0.0349996 0.0443989 0.0496401 0.04946 0.0447819 0.0380117 0.0315073 0.0264365 0.0226965 0.0195902
 1.04201e-16 5.67434e-05 0.000551566 0.00366535 0.0166622 0.0518423 0.110456 0.161219 0.161241 0.110566 0.0522109 0.0177274 0.00634135 0.00640012 0.0111843 0.0184531 0.0267013 0.0338401 0.0377737 0.0375318 0.0338221 0.0284949 0.0233733 0.0193755 0.0164457 0.0140638
 1.01881e-16 6.49438e-05 0.000631277 0.00419506 0.0190701 0.0593344 0.126419 0.184515 0.184532 0.126502 0.0596126 0.0198738 0.00621243 0.00503574 0.00843138 0.0138401 0.0199404 0.0250958 0.0276825 0.026951 0.0234639 0.0187028 0.0141715 0.0106965 0.00832869 0.00669669
 1.00999e-16 6.56291e-05 0.000637938 0.00423932 0.0192714 0.0599605 0.127753 0.186463 0.18648 0.127838 0.0602472 0.0200994 0.00631721 0.00517183 0.0086699 0.0142123 0.0204268 0.0256015 0.0280371 0.0269472 0.0229241 0.0175411 0.0124227 0.0085042 0.00590387 0.00426546
 1.00584e-16 7.07208e-05 0.000687431 0.00456822 0.0207665 0.0646123 0.137664 0.200927 0.200939 0.137723 0.0648127 0.0213451 0.00602006 0.00385533 0.00608273 0.00993234 0.0142731 0.0178886 0.0195889 0.0188223 0.0159998 0.0122176 0.00860965 0.0058315 0.00397177 0.00279023
 1.00372e-16 7.0451e-05 0.000684808 0.00455079 0.0206873 0.0643658 0.137139 0.200161 0.200174 0.137202 0.0645798 0.0213052 0.00610103 0.00406596 0.00648288 0.0105823 0.0151815 0.0189725 0.0206736 0.0196929 0.016482 0.0122419 0.00822444 0.00516814 0.00318824 0.00202327
 1.00817e-16 5.75879e-05 0.000559775 0.0037199 0.0169101 0.0526139 0.1121 0.163619 0.163646 0.112232 0.0530541 0.0181812 0.0069087 0.00751561 0.0132522 0.0217755 0.0312636 0.0391036 0.0426699 0.0407449 0.0342471 0.025626 0.0174312 0.011161 0.00704625 0.00456025
 1.02193e-16 5.26838e-05 0.000512105 0.00340312 0.0154701 0.0481334 0.102554 0.149687 0.149716 0.102695 0.0486065 0.0168368 0.00683455 0.00800593 0.0142933 0.0235679 0.0339936 0.0428429 0.0473583 0.0462435 0.0404063 0.0322981 0.0244153 0.0181442 0.0136179 0.0103111
 1.0367e-16 4.92826e-05 0.000479045 0.00318342 0.0144714 0.045026 0.0959339 0.140025 0.140055 0.0960829 0.0455267 0.0159179 0.00681636 0.00841633 0.0151428 0.0250057 0.0361321 0.0456755 0.0507545 0.0500203 0.0444243 0.0365062 0.0288112 0.0226897 0.0181807 0.0146741
 1.05071e-16 4.67288e-05 0.00045422 0.00301846 0.0137215 0.0426928 0.0909626 0.132769 0.132801 0.0911163 0.043209 0.0152134 0.00676633 0.00864584 0.0156334 0.0258478 0.037409 0.0474171 0.0529333 0.0525855 0.0473432 0.0397733 0.0324126 0.0265522 0.0221475 0.018528
 1.05956e-16 4.67702e-05 0.000454623 0.00302113 0.0137336 0.0427306 0.0910431 0.132887 0.132917 0.0911919 0.0432303 0.015178 0.00665017 0.0083886 0.0151495 0.0250619 0.0363113 0.0461108 0.0516396 0.0515854 0.0468839 0.0399899 0.0333023 0.0279989 0.02397 0.0205241
 1.06354e-16 4.61995e-05 0.000449075 0.00298426 0.0135661 0.0422092 0.0899323 0.131265 0.131296 0.0900836 0.0427173 0.0150346 0.00667404 0.00851526 0.0153989 0.0254725 0.0368973 0.0468377 0.052425 0.0523305 0.047519 0.0405058 0.0337483 0.0284519 0.0244945 0.0211452
 1.06825e-16 4.47676e-05 0.000435157 0.00289177 0.0131456 0.040901 0.0871451 0.127198 0.127229 0.0873009 0.0414242 0.0146578 0.00669136 0.00874226 0.0158586 0.0262441 0.0380307 0.0483091 0.0541332 0.0541378 0.049311 0.0422274 0.0353944 0.03003 0.0259922 0.0225247
pSPR Fmed_Fpbrs
0.599873   0.2854 0.2854
Fs Fmed_Fpbrs
0.34   1.005 1.005
SSBpbr Bo_Bmed_Bpbrs
1.66949e+06  918010  392998 392998
Ro
203000
SPR SPRFo_SPRFmed_SPRFpbrs
1.44505e+06 866848 412417
Fref
1.005
Nvult_r0
 157818 57689 16163.2 4364.85 1622.53
CTP_r0
 52781 28916.4 8101.77 2187.87 813.291
YTP_r0
1.15848e+06
Np
 203000 45182.3 9142.88 2729.82 867.833
Nvult_p0
 157818 39098.1 7911.7 2362.22 750.97
CTP_p0
 52781 29449.8 8792.92 2463.59 867.59
 52781 19597.8 3965.71 1184.06 376.421
YTP_p0
 1.23125e+06 885758
CBA_c0
1.18032e+06
log_Ro
12.041
likeval ReclasPelacesDesembMPH_pf_preclas_ppelaces_ptallas_desvR_qrecl_qpela
 171.528 197.049 26.8908 1443.21 246.96 146.016 105.084 0 0 0 0 51.2816 0 0 0
q_reclas_q_pelaces
1 1
M
1
N
 203000 10681.3 98433.9 4536.83 1920.43
 203000 66926.8 3155.93 29083.5 1907.88
 203000 63139 17599.4 829.897 8149.63
 203000 66030.8 18159 5061.65 2582.55
 203000 63954.6 17815.2 4899.34 2062.42
 203000 71105 21329.2 5941.47 2321.78
 203000 66074.1 20477 6142.41 2379.67
 203000 59103.4 15225 4718.37 1963.69
 203000 73077.2 20819.9 5363.21 2353.84
 203000 70540.2 23986 6833.67 2532.95
 203000 70958.1 23428.4 7966.42 3110.92
 203000 73370.9 25197.2 8319.4 3933.55
 203000 67161.3 21830.5 7497.07 3645.7
 203000 66890.2 19821.9 6443.03 3288.67
 203000 63704.7 17906.4 5306.29 2605.16
 203000 67591.5 19198.1 5396.26 2384.19
 203000 60764.5 16462.4 4675.83 1894.99
 203000 64899.6 16882.5 4573.82 1825.6
 203000 58064.8 14433.5 3754.6 1423.21
 203000 39556.6 5993.12 1489.74 534.424
 203000 38133.8 3794.38 574.877 194.163
 203000 40870.9 4201.84 418.091 84.7382
 203000 22306.2 1341.43 137.909 16.5034
 203000 50386 3735.48 224.641 25.8585
 203000 57358.3 10934.6 810.665 54.3626
 203000 59399.9 13349.7 2544.94 201.328
 203000 66005.8 17070.7 3836.51 789.24
 203000 64255.7 17976.6 4649.19 1259.82
 203000 63712.9 17205.6 4813.54 1582.24
 203000 66666.3 18678.5 5044.09 1875.03
pred_Ctot
 13441.4 1353.07 12469.2 574.707 243.273
 20103.4 12398.4 584.644 5387.8 353.44
 15011.2 8885.41 2476.72 116.79 1146.88
 18663.3 11411.7 3138.31 874.773 446.326
 6166.79 3807.89 1060.73 291.709 122.798
 14935.2 9958.31 2987.16 832.107 325.167
 27279 16206.9 5022.65 1506.63 583.692
 2758.15 1591.66 410.013 127.067 52.8824
 7145.89 5025.59 1431.8 368.833 161.876
 6421.33 4369.68 1485.83 423.318 156.906
 2251.92 1562.77 515.985 175.452 68.5146
 13031.1 9023.02 3098.7 1023.11 483.741
 13505.4 8546.41 2777.97 954.017 463.922
 19104.2 11815.6 3501.39 1138.11 580.917
 12279.1 7400.75 2080.23 616.446 302.648
 24315.3 14929 4240.29 1191.88 526.599
 16998.5 9618.74 2605.92 740.162 299.968
 29139.6 16895.7 4395.12 1190.73 475.27
 63507 29142.2 7244.02 1884.4 714.296
 66268.3 20506.7 3106.91 772.301 277.053
 60974.8 18547.3 1845.49 279.606 94.4364
 98870.6 27959.9 2874.5 286.018 57.9697
 43095 8178.52 491.831 50.5641 6.05094
 30408.8 13628.7 1010.39 60.762 6.99435
 26748.8 13820.8 2634.76 195.334 13.099
 15055.1 8382.42 1883.88 359.138 28.4111
 18132.4 11102.8 2871.45 645.335 132.757
 19089.6 11342.2 3173.16 820.658 222.378
 13897.4 8332.01 2250.04 629.486 206.916
 11747.4 7422.64 2079.67 561.611 208.766
F
 0.109607 0.219215 0.219215 0.219215 0.219215
 0.167868 0.335736 0.335736 0.335736 0.335736
 0.123085 0.24617 0.24617 0.24617 0.24617
 0.155034 0.310067 0.310067 0.310067 0.310067
 0.0490486 0.0980972 0.0980972 0.0980972 0.0980972
 0.122429 0.244858 0.244858 0.244858 0.244858
 0.233918 0.467836 0.467836 0.467836 0.467836
 0.0216896 0.0433792 0.0433792 0.0433792 0.0433792
 0.0570239 0.114048 0.114048 0.114048 0.114048
 0.0511168 0.102234 0.102234 0.102234 0.102234
 0.0176792 0.0353583 0.0353583 0.0353583 0.0353583
 0.10611 0.21222 0.21222 0.21222 0.21222
 0.110154 0.220308 0.220308 0.220308 0.220308
 0.158948 0.317896 0.317896 0.317896 0.317896
 0.0997248 0.19945 0.19945 0.19945 0.19945
 0.206201 0.412403 0.412403 0.412403 0.412403
 0.140365 0.28073 0.28073 0.28073 0.28073
 0.251646 0.503293 0.503293 0.503293 0.503293
 0.635474 1.27095 1.27095 1.27095 1.27095
 0.672106 1.34421 1.34421 1.34421 1.34421
 0.602789 1.20558 1.20558 1.20558 1.20558
 1.20834 2.41668 2.41668 2.41668 2.41668
 0.393493 0.786987 0.786987 0.786987 0.786987
 0.263889 0.527778 0.527778 0.527778 0.527778
 0.228913 0.457826 0.457826 0.457826 0.457826
 0.123464 0.246928 0.246928 0.246928 0.246928
 0.150336 0.300672 0.300672 0.300672 0.300672
 0.158819 0.317638 0.317638 0.317638 0.317638
 0.113508 0.227015 0.227015 0.227015 0.227015
 0.0952312 0.190462 0.190462 0.190462 0.190462
YTP_r0W_actual
 385301 459771 214697 69355.5 29359.8
YTP_p0W_proyectada
 397969 513898 211646 77159.7 30582.5
 397969 341981 95454.7 37084.7 13268.9
CTP_r0_actual
 52781 28916.4 8101.77 2187.87 813.291
CTP_p0_proyectada
 52781 29449.8 8792.92 2463.59 867.59
 52781 19597.8 3965.71 1184.06 376.421
Wmedp
 7.54 17.45 24.07 31.32 35.25
Frms_r0
 0.5025 1.005 1.005 1.005 1.005
Zrms_r0
 1.5025 2.005 2.005 2.005 2.005
nmprior
 7.29 8.9 8.7 0
nm_flota  nm_reclas  nm_pelaces    nm_pelaL
inf 4.32775 7.19817 10.6823
cv_recla  cv_pelaces  cv_mph
1.21254 1.65178 1.61176
 ------------------------------------------------
Talla a la edad & desviaci?n 
 8 13.2811 15.8009 17.003 17.5766
 0.8 1.32811 1.58009 1.7003 1.75766
