years
 1991 1992 1993 1994 1995 1996 1997 1998 1999 2000 2001 2002 2003 2004 2005 2006 2007 2008 2009 2010 2011 2012 2013 2014 2015 2016 2017 2018 2019 2020 2021 2022 2023
reclasobs
 0 0 0 0 0 0 0 0 0 252601 567819 844713 477998 351125 339783 2.1784e+06 2.13404e+06 4.81314e+06 1.55562e+06 2.62356e+06 3.21686e+06 3.843e+06 1.13348e+06 3.07943e+06 1.97215e+06 2.03268e+06 2.025e+06 2.42433e+06 2.27542e+06 1.05018e+06 2.36338e+06 3.18982e+06 1.53035e+06
reclaspred
 2.95205e+06 1.88212e+06 1.30238e+06 1.36476e+06 1.43969e+06 1.67871e+06 1.34653e+06 1.96512e+06 2.10841e+06 2.25853e+06 1.66682e+06 1.66568e+06 1.50417e+06 1.3864e+06 1.44141e+06 1.42226e+06 1.47437e+06 1.67627e+06 839525 564436 872157 469540 716845 1.22854e+06 1.11577e+06 1.44133e+06 1.59366e+06 1.34541e+06 1.60683e+06 1.70459e+06 1.72844e+06 2.31137e+06 1.85235e+06
pelacesobs
 0 0 0 0 0 0 0 0 0 0 0 0 0 0 0 552880 188675 0 991730 2.46772e+06 1.41603e+06 1.21717e+06 2.29649e+06 1.80582e+06 0 1.4828e+06 1.56532e+06 1.57751e+06 1.42118e+06 867257 1.10002e+06 1.06204e+06 0
pelacespred
 1.45508e+06 956945 636583 572273 663223 757630 604506 1.01304e+06 1.1422e+06 1.14313e+06 947667 783356 745725 747077 785463 651640 649419 691995 366552 209209 320895 160564 309287 584135 524650 681407 842246 708048 713084 827906 819657 1.07126e+06 868874
mphobs
 0 0 0 0 0 0 0 0 0 0 0 0 498337 0 5186 125008 0 168611 109162 213762 579715 649985 157893 87575 83554 210694 70296 0 107559 103333 445601 22526 28222
mphpred
 2.91426e+06 1.90768e+06 1.24493e+06 991792 1.11379e+06 1.23623e+06 1.24012e+06 1.09536e+06 1.64757e+06 1.91048e+06 1.53925e+06 1.40491e+06 1.28807e+06 1.08582e+06 1.04537e+06 1.307e+06 1.04765e+06 1.32604e+06 866847 423124 462972 410690 241692 622796 951759 811251 1.16582e+06 1.08517e+06 1.22193e+06 1.27976e+06 1.22042e+06 1.43148e+06 1.32828e+06
desembarqueobs
 494567 514787 250237 358949 120608 361735 552515 73892 212993 205616 52469 317467 293654 387597 252695 516296 358380 742168 942051 627588 828172 859565 418607 520667 417249 300574 415391 372974 316634 284311 391294 218835 356480
desembarquepred
 494710 506225 260231 358749 120546 361513 552149 73858.9 212943 205583 52449.8 317585 293784 388104 252700 515872 357976 739501 932597 621233 821631 852052 418338 520699 417197 300517 415229 372912 316648 284338 391500 218818 356374
Reclutas
 233225 233225 233225 233225 233225 233225 233225 233225 233225 233225 233225 233225 233225 233225 233225 233225 233225 233225 233225 233225 233225 233225 233225 233225 233225 233225 233225 233225 233225 233225 233225 233225 233225
log_desv_Rt
 0 0 0 0 0 0 0 0 0 0 0 0 0 0 0 0 0 0 0 0 0 0 0 0 0 0 0 0 0 0 0 0 0
SSB
 2.91426e+06 1.90768e+06 1.24493e+06 991792 1.11379e+06 1.23623e+06 1.24012e+06 1.09536e+06 1.64757e+06 1.91048e+06 1.53925e+06 1.40491e+06 1.24309e+06 1.07219e+06 1.02127e+06 1.27248e+06 1.04765e+06 1.32604e+06 901694 440141 498354 488940 286309 696343 991060 892796 1.2102e+06 1.08517e+06 1.2662e+06 1.25045e+06 1.34487e+06 1.61386e+06 1.39259e+06
BT
 4.06761e+06 3.00739e+06 1.8789e+06 1.93385e+06 1.90692e+06 2.52491e+06 2.15314e+06 3.46183e+06 3.64267e+06 3.32282e+06 2.63134e+06 2.41994e+06 2.41212e+06 2.7817e+06 2.79339e+06 2.276e+06 2.23154e+06 2.61748e+06 2.09886e+06 1.23308e+06 1.81187e+06 1.31148e+06 1.55576e+06 2.54974e+06 1.88279e+06 2.48065e+06 3.08632e+06 2.56385e+06 2.23054e+06 2.74112e+06 2.75264e+06 3.32078e+06 2.86031e+06
Ftot
 0.158709 0.252651 0.188779 0.247297 0.0798567 0.203382 0.380948 0.0359764 0.0962525 0.0867568 0.0301266 0.180328 0.184725 0.26337 0.166289 0.338315 0.229 0.408624 0.970654 0.971495 0.841107 1.49146 0.540052 0.395295 0.348761 0.197252 0.245444 0.260973 0.186317 0.158168 0.213867 0.0902306 0.18205
BD_Bspro_t
 0.974926 0.838136 0.723971 0.703884 0.707799 0.770809 0.726803 0.656841 0.803979 0.84668 0.851015 0.881475 0.804432 0.748946 0.726089 0.744088 0.643646 0.684024 0.527259 0.334414 0.314171 0.291602 0.218503 0.429706 0.54316 0.574688 0.687817 0.692749 0.717672 0.719546 0.747487 0.76288 0.806462
BD_Bspro
 1.73444 1.13537 0.740928 0.590271 0.66288 0.73575 0.738066 0.65191 0.980563 1.13703 0.916092 0.836143 0.739832 0.638122 0.607814 0.757322 0.623517 0.789197 0.536648 0.261952 0.296598 0.290995 0.170398 0.414433 0.589835 0.531352 0.72026 0.645845 0.753586 0.744215 0.800409 0.9605 0.828807
BD_Bo
 1.33957 0.876884 0.572245 0.455887 0.511966 0.568246 0.570035 0.503493 0.757324 0.878171 0.70753 0.645783 0.571398 0.492844 0.469436 0.584907 0.481564 0.609525 0.414473 0.202315 0.229073 0.224746 0.131605 0.320081 0.45555 0.410382 0.556282 0.498809 0.582022 0.574784 0.618185 0.741829 0.640117
BD_Brms
 5.65091 3.6991 2.41399 1.92314 2.15971 2.39712 2.40467 2.12396 3.19474 3.70453 2.98469 2.72421 2.41042 2.07904 1.9803 2.4674 2.03146 2.57126 1.74844 0.853458 0.966336 0.948082 0.555169 1.35025 1.92172 1.73118 2.34665 2.1042 2.45523 2.4247 2.60779 3.12937 2.70031
Sel_flota
 0.5 1 1 1 1
 0.5 1 1 1 1
 0.5 1 1 1 1
 0.5 1 1 1 1
 0.5 1 1 1 1
 0.5 1 1 1 1
 0.5 1 1 1 1
 0.5 1 1 1 1
 0.5 1 1 1 1
 0.5 1 1 1 1
 0.5 1 1 1 1
 0.5 1 1 1 1
 0.5 1 1 1 1
 0.5 1 1 1 1
 0.5 1 1 1 1
 0.5 1 1 1 1
 0.5 1 1 1 1
 0.5 1 1 1 1
 0.5 1 1 1 1
 0.5 1 1 1 1
 0.5 1 1 1 1
 0.5 1 1 1 1
 0.5 1 1 1 1
 0.5 1 1 1 1
 0.5 1 1 1 1
 0.5 1 1 1 1
 0.5 1 1 1 1
 0.5 1 1 1 1
 0.5 1 1 1 1
 0.5 1 1 1 1
 0.5 1 1 1 1
 0.5 1 1 1 1
 0.5 1 1 1 1
Sel_reclas
 0.5 1 1 1 1
 0.5 1 1 1 1
 0.5 1 1 1 1
 0.5 1 1 1 1
 0.5 1 1 1 1
 0.5 1 1 1 1
 0.5 1 1 1 1
 0.5 1 1 1 1
 0.5 1 1 1 1
 0.5 1 1 1 1
 0.5 1 1 1 1
 0.5 1 1 1 1
 0.5 1 1 1 1
 0.5 1 1 1 1
 0.5 1 1 1 1
 0.5 1 1 1 1
 0.5 1 1 1 1
 0.5 1 1 1 1
 0.5 1 1 1 1
 0.5 1 1 1 1
 0.5 1 1 1 1
 0.5 1 1 1 1
 0.5 1 1 1 1
 0.5 1 1 1 1
 0.5 1 1 1 1
 0.5 1 1 1 1
 0.5 1 1 1 1
 0.5 1 1 1 1
 0.5 1 1 1 1
 0.5 1 1 1 1
 0.5 1 1 1 1
 0.5 1 1 1 1
 0.5 1 1 1 1
Sel_pelaces
 0.5 1 1 1 1
 0.5 1 1 1 1
 0.5 1 1 1 1
 0.5 1 1 1 1
 0.5 1 1 1 1
 0.5 1 1 1 1
 0.5 1 1 1 1
 0.5 1 1 1 1
 0.5 1 1 1 1
 0.5 1 1 1 1
 0.5 1 1 1 1
 0.5 1 1 1 1
 0.5 1 1 1 1
 0.5 1 1 1 1
 0.5 1 1 1 1
 0.5 1 1 1 1
 0.5 1 1 1 1
 0.5 1 1 1 1
 0.5 1 1 1 1
 0.5 1 1 1 1
 0.5 1 1 1 1
 0.5 1 1 1 1
 0.5 1 1 1 1
 0.5 1 1 1 1
 0.5 1 1 1 1
 0.5 1 1 1 1
 0.5 1 1 1 1
 0.5 1 1 1 1
 0.5 1 1 1 1
 0.5 1 1 1 1
 0.5 1 1 1 1
 0.5 1 1 1 1
 0.5 1 1 1 1
pf_obs 
 0.8446 0.082 0.0669 0.0065 0
 0.8095 0.147 0.0364 0.0071 0
 0.9664 0.0169 0.016 0.0007 0
 0.9276 0.0648 0.0075 0.0001 0
 0.7033 0.2144 0.0806 0.0017 0
 0.9318 0.0425 0.0243 0.0014 0
 0.5671 0.3108 0.0964 0.0239 0.0018
 0.0768 0.2599 0.5324 0.112 0.0189
 0.490249 0.384438 0.106611 0.0170017 0.00170017
 0.7925 0.1577 0.0466 0.003 0.0002
 0.840416 0.127587 0.0312969 0.00059994 9.999e-05
 0.8084 0.0986 0.0794 0.0134 0.0002
 0.7335 0.1905 0.0724 0.0035 0.0001
 0.4001 0.4547 0.1325 0.0127 0
 0.49795 0.308269 0.164784 0.0264974 0.00249975
 0.9179 0.0499 0.0305 0.0017 0
 0.2467 0.6533 0.0926 0.0074 0
 0.9418 0.0223 0.034 0.0019 0
 0.707729 0.231977 0.0356964 0.0245975 0
 0.517169 0.277429 0.184464 0.0207286 0.00020938
 0.811772 0.124168 0.05621 0.00726502 0.000585176
 0.764997 0.148141 0.077277 0.00933861 0.000247198
 0.163321 0.427699 0.378323 0.0303852 0.000271297
 0.753843 0.0900009 0.118128 0.0371064 0.000921714
 0.721811 0.176058 0.0630433 0.0369309 0.00215725
 0.143369 0.312575 0.442814 0.0836902 0.0175525
 0.692698 0.0596174 0.167031 0.0765114 0.00414204
 0.394062 0.376323 0.152708 0.0712218 0.00568511
 0.125707 0.32114 0.495352 0.0537591 0.00404204
 0.23352 0.215282 0.420074 0.123614 0.00750983
 0.796117 0.104755 0.0508955 0.0450114 0.00322123
 0.162477 0.292055 0.404252 0.121198 0.0200186
 0 0 0 0 0
pf_pred 
 0.443201 0.0271606 0.43766 0.0472175 0.0447608
 0.491883 0.3177 0.00928852 0.149673 0.0314552
 0.520045 0.324515 0.0971885 0.00284148 0.0554095
 0.522245 0.332622 0.0981299 0.0293887 0.0176145
 0.523212 0.334616 0.0989828 0.0292018 0.0139874
 0.504975 0.342557 0.107004 0.0316527 0.013811
 0.526104 0.324272 0.10354 0.0323426 0.0137417
 0.541734 0.327002 0.0898195 0.0286795 0.0127648
 0.498764 0.353346 0.105529 0.0289862 0.0133748
 0.493786 0.340091 0.117108 0.0349751 0.0140396
 0.487812 0.341528 0.114655 0.0394806 0.0165243
 0.484925 0.338779 0.117555 0.0394645 0.0192771
 0.506713 0.328102 0.108646 0.0376999 0.0188384
 0.518299 0.329749 0.101069 0.0334676 0.0174161
 0.52875 0.329653 0.0969303 0.0297095 0.0149574
 0.525907 0.332877 0.0987848 0.0290464 0.013385
 0.545075 0.323305 0.0924154 0.0274252 0.0117801
 0.543072 0.328772 0.0910773 0.0260341 0.0110444
 0.591746 0.297625 0.0796006 0.0220511 0.00897725
 0.677584 0.257275 0.0474893 0.0127012 0.00495093
 0.687236 0.266277 0.0370943 0.0068471 0.00254511
 0.693562 0.260892 0.0387762 0.0054018 0.00136773
 0.73705 0.231754 0.0265597 0.00394754 0.000689159
 0.625782 0.325081 0.0433073 0.00496314 0.000866448
 0.583832 0.32891 0.0758009 0.0100982 0.00135932
 0.560459 0.332767 0.084387 0.0194479 0.0029396
 0.535022 0.339442 0.0950399 0.0241014 0.00639399
 0.53566 0.330757 0.0975179 0.0273039 0.00876097
 0.534476 0.332297 0.0948998 0.0279795 0.0103476
 0.521801 0.338646 0.0996148 0.0284487 0.0114896
 0.516627 0.33631 0.104146 0.0306351 0.0122824
 0.517108 0.335575 0.102497 0.0317403 0.0130799
 0.503559 0.341265 0.107836 0.0329369 0.0144028
pobs_RECLAS
 0 0 0 0 0
 0 0 0 0 0
 0 0 0 0 0
 0 0 0 0 0
 0 0 0 0 0
 0 0 0 0 0
 0 0 0 0 0
 0 0 0 0 0
 0 0 0 0 0
 0 0 0 0 0
 0.991045 0.00858322 0.000360255 1.14367e-05 0
 0.934742 0.0480273 0.0164251 0.00080598 0
 0.827803 0.169806 0.00239088 0 0
 0.941827 0.0461693 0.0120037 0 0
 0.791401 0.0380133 0.147996 0.0225897 0
 0.846168 0.0940531 0.0597789 0 0
 0.134021 0.677848 0.182769 0.00536245 0
 0.80878 0.0450904 0.141981 0.00414843 0
 0.846168 0.0940531 0.0597789 0 0
 0.905697 0.0802665 0.012482 0.00150086 5.37128e-05
 0.989698 0.0102097 9.19794e-05 0 0
 0.975433 0.0193895 0.00387452 0.00125025 5.28907e-05
 0.303575 0.632131 0.0575291 0.00676475 0
 0.966965 0.00978017 0.0227588 0.000495775 0
 0.843318 0.132988 0.00938335 0.0141283 0.000182051
 0.564624 0.303363 0.111486 0.0197234 0.00080311
 0.826376 0.0876187 0.0782897 0.00655872 0.00115652
 0.89761 0.0855135 0.0140674 0.00269457 0.000114338
 0.34875 0.467042 0.161289 0.0227151 0.000203297
 0.318654 0.224769 0.449479 0.00709798 0
 0.937255 0.0296025 0.0250945 0.00804832 0
 0.456809 0.399803 0.12412 0.0192676 0
 0.883104 0.0372192 0.0704036 0.00927362 0
ppred_RECLAS
 0.44499 0.0270733 0.436254 0.0470657 0.0446169
 0.494942 0.315788 0.00923261 0.148772 0.0312658
 0.522239 0.323032 0.0967443 0.00282849 0.0551562
 0.525222 0.330549 0.0975183 0.0292056 0.0175047
 0.524076 0.33401 0.0988035 0.0291489 0.013962
 0.507364 0.340904 0.106487 0.0315 0.0137444
 0.531053 0.320885 0.102459 0.0320048 0.0135982
 0.54211 0.326734 0.0897459 0.028656 0.0127544
 0.499819 0.352602 0.105307 0.0289252 0.0133466
 0.494731 0.339456 0.11689 0.0349098 0.0140134
 0.488128 0.341318 0.114584 0.0394563 0.0165141
 0.487011 0.337407 0.117079 0.0393046 0.019199
 0.508857 0.326676 0.108174 0.037536 0.0187565
 0.521503 0.327555 0.100397 0.0332449 0.0173003
 0.530652 0.328322 0.0965391 0.0295896 0.014897
 0.530199 0.329863 0.0978903 0.0287834 0.0132638
 0.547784 0.321379 0.091865 0.0272619 0.0117099
 0.548435 0.324914 0.0900083 0.0257285 0.0109148
 0.607728 0.285974 0.0764845 0.0211879 0.00862582
 0.691972 0.245794 0.0453701 0.0121344 0.00472999
 0.698879 0.256365 0.0357134 0.0065922 0.00245036
 0.718971 0.23926 0.035561 0.0049539 0.00125432
 0.74294 0.226563 0.0259647 0.00385911 0.000673722
 0.630634 0.320866 0.0427457 0.00489878 0.000855213
 0.588165 0.325485 0.0750116 0.00999304 0.00134516
 0.562732 0.331046 0.0839506 0.0193473 0.0029244
 0.537965 0.337294 0.0944384 0.0239488 0.00635352
 0.538818 0.328508 0.0968547 0.0271182 0.00870139
 0.53663 0.330759 0.0944606 0.0278501 0.0102997
 0.523603 0.33737 0.0992395 0.0283415 0.0114463
 0.519153 0.334553 0.103602 0.030475 0.0122183
 0.518091 0.334892 0.102288 0.0316756 0.0130533
 0.505669 0.339815 0.107378 0.0327969 0.0143416
pobs_PELACES
 0 0 0 0 0
 0 0 0 0 0
 0 0 0 0 0
 0 0 0 0 0
 0 0 0 0 0
 0 0 0 0 0
 0 0 0 0 0
 0 0 0 0 0
 0 0 0 0 0
 0 0 0 0 0
 0 0 0 0 0
 0 0 0 0 0
 0 0 0 0 0
 0 0 0 0 0
 0 0 0 0 0
 0 0 0 0 0
 0.505614 0.472636 0.0217494 0 0
 0 0 0 0 0
 0.443492 0.261883 0.143347 0.151278 0
 0.227955 0.32914 0.350689 0.0885471 0.00366901
 0.970185 0.0296113 0.000203453 0 0
 0.997202 0.00247181 0.000326279 0 0
 0.445219 0.490057 0.0546422 0.010081 0
 0.90214 0.0892962 0.00764917 0.000914606 0
 0 0 0 0 0
 0.581667 0.319106 0.0959925 0.00289975 0.000334073
 0.762889 0.0836404 0.116647 0.0363945 0.000428098
 0.88444 0.0763242 0.0277011 0.0115352 0
 0.521256 0.241999 0.230069 0.00667565 0
 0.616807 0.101726 0.260614 0.0208532 0
 0.833518 0.0704572 0.0857862 0.0102388 0
 0.697417 0.212968 0.0787535 0.0105354 0.000325836
 0 0 0 0 0
ppred_PELACES
 0.451467 0.0267574 0.431163 0.0465165 0.0440963
 0.505363 0.309272 0.00904211 0.145702 0.0306207
 0.530005 0.317781 0.0951718 0.00278252 0.0542597
 0.535386 0.323473 0.0954308 0.0285804 0.01713
 0.527361 0.331704 0.0981214 0.0289477 0.0138656
 0.515749 0.335102 0.104675 0.0309638 0.0135105
 0.546671 0.310198 0.0990466 0.0309389 0.0131453
 0.543583 0.325683 0.0894571 0.0285638 0.0127133
 0.503789 0.349804 0.104471 0.0286956 0.0132407
 0.498309 0.337052 0.116062 0.0346626 0.0139141
 0.48937 0.34049 0.114306 0.0393606 0.016474
 0.494447 0.332516 0.115382 0.0387349 0.0189207
 0.516472 0.321611 0.106497 0.036954 0.0184657
 0.532335 0.32014 0.098124 0.0324924 0.0169086
 0.537479 0.323546 0.0951348 0.0291591 0.0146803
 0.544077 0.320119 0.0949987 0.0279332 0.012872
 0.557126 0.31474 0.0899672 0.0266987 0.011468
 0.565072 0.312943 0.0866922 0.0247806 0.0105127
 0.645183 0.258669 0.0691817 0.0191649 0.00780221
 0.72505 0.219399 0.040498 0.0108313 0.00422205
 0.727257 0.232205 0.0323478 0.00597096 0.00221944
 0.765927 0.199283 0.0296192 0.00412617 0.00104474
 0.759587 0.211891 0.0242833 0.00360921 0.000630093
 0.645694 0.307784 0.041003 0.00469906 0.000820346
 0.60203 0.314527 0.0724863 0.00965661 0.00129988
 0.570723 0.324996 0.0824163 0.0189937 0.00287095
 0.548015 0.329958 0.0923843 0.0234279 0.00621533
 0.549499 0.3209 0.0946116 0.0264902 0.00849987
 0.544265 0.325309 0.0929041 0.0273912 0.01013
 0.530108 0.332763 0.0978843 0.0279545 0.01129
 0.527955 0.328428 0.101705 0.0299172 0.0119946
 0.521808 0.332309 0.101499 0.0314314 0.0129526
 0.513176 0.334655 0.105747 0.0322989 0.0141238
pobs_pel_tallas
 0 0 0 0 0 0 0 0 0 0 0 0 0 0 0 0 0 0 0 0 0 0 0 0 0 0
 0 0 0 0 0 0 0 0 0 0 0 0 0 0 0 0 0 0 0 0 0 0 0 0 0 0
 0 0 0 0 0 0 0 0 0 0 0 0 0 0 0 0 0 0 0 0 0 0 0 0 0 0
 0 0 0 0 0 0 0 0 0 0 0 0 0 0 0 0 0 0 0 0 0 0 0 0 0 0
 0 0 0 0 0 0 0 0 0 0 0 0 0 0 0 0 0 0 0 0 0 0 0 0 0 0
 0 0 0 0 0 0 0 0 0 0 0 0 0 0 0 0 0 0 0 0 0 0 0 0 0 0
 0 0 0 0 0 0 0 0 0 0 0 0 0 0 0 0 0 0 0 0 0 0 0 0 0 0
 0 0 0 0 0 0 0 0 0 0 0 0 0 0 0 0 0 0 0 0 0 0 0 0 0 0
 0 0 0 0 0 0 0 0 0 0 0 0 0 0 0 0 0 0 0 0 0 0 0 0 0 0
 0 0 0 0 0 0 0 0 0 0 0 0 0 0 0 0 0 0 0 0 0 0 0 0 0 0
 0 0 0 0 0 0 0 0 0 0 0 0 0 0 0 0 0 0 0 0 0 0 0 0 0 0
 0 0 0 0 0 0 0 0 0 0 0 0 0 0 0 0 0 0 0 0 0 0 0 0 0 0
 0.00862536 0 0 0.000197151 0.00414017 0.0128641 0.00837892 0.0270097 0.101434 0.158115 0.152841 0.127902 0.109271 0.109419 0.0830992 0.0579132 0.0238553 0.00714673 0.00463305 0.00128148 0.00103504 0.000492878 0.000147863 0.000147863 4.92878e-05 0
 0 0 0 0 0 0 0 0 0 0 0 0 0 0 0 0 0 0 0 0 0 0 0 0 0 0
 0 0 0 0 0 0 0 0.0054083 0.00873648 0.0413646 0.0450493 0.0745869 0.0622846 0.0627006 0.0613931 0.0827291 0.12552 0.122667 0.0946155 0.0697135 0.0546179 0.0294188 0.0215738 0.0213955 0.0102223 0.00600262
 0 0 0 0 0.00359764 0.0251062 0.0480494 0.140153 0.205849 0.193036 0.1447 0.116669 0.0760912 0.0342217 0.00950174 0.001854 0.000860785 0 0 0 0.000165536 0 0.000143464 0 0 0
 0 0 0 0 0 0 0 0.000145254 0.000435761 0.0275982 0.070085 0.0708112 0.156366 0.174668 0.174014 0.160142 0.0824315 0.0480064 0.0283245 0.00493863 0.00203355 0 0 0 0 0
 0 0 0 0 0 0 0 0 0 0 0 0 0 0 0 0 0 0 0 0 0 0 0 0 0 0
 0 0 1.00437e-05 0.000401748 0.00122533 0.00171747 0.00176769 0.0269171 0.070346 0.194647 0.189555 0.159765 0.064822 0.0314167 0.0384472 0.0292271 0.0345202 0.0313363 0.0194345 0.0106764 0.0143323 0.0359363 0.0279516 0.0138201 0.00172751 0
 0 0.0021121 0.0136068 0.0755702 0.200478 0.177729 0.0527432 0.0373336 0.0318909 0.0142505 0.0149659 0.0166563 0.0217959 0.0798694 0.0677717 0.0528807 0.04013 0.0224614 0.0357745 0.0225083 0.00881397 0.00855152 0.00135912 0.000746735 0 0
 0 0 0 0 5.4009e-05 0.00500934 0.000945158 0.0243581 0.138947 0.33067 0.221406 0.137944 0.0707744 0.0437923 0.0131692 0.00525238 0.0047753 0.00276346 9.45158e-05 9.00151e-06 2.25038e-05 9.00151e-06 4.50075e-06 0 0 0
 0.000866109 0.00284123 0.00948549 0.0512746 0.133035 0.25785 0.225252 0.132002 0.0553304 0.0519788 0.0540692 0.017754 0.00435017 0.00159236 0.00146478 0.000404838 0.000125132 0.000115318 0.000107957 0.000100596 0 0 0 0 0 0
 0 0 0 0 0.00144013 0.00171154 0.00461396 0.0210425 0.0478622 0.0707936 0.0888783 0.103762 0.0637923 0.0337046 0.0602308 0.124433 0.169614 0.0934646 0.0462172 0.0250306 0.0313229 0.00938855 0.002487 0.000210481 0 0
 0 0.00764035 0.051015 0.0998891 0.058973 0.0496711 0.0374665 0.0718981 0.12319 0.153886 0.159021 0.0857701 0.0377988 0.023471 0.0147837 0.00900784 0.00315554 0.000888139 0.00291439 0.00214683 0.00393193 0.00274676 0.000635225 9.99891e-05 0 0
 0 0 0 0 0 0 0 0 0 0 0 0 0 0 0 0 0 0 0 0 0 0 0 0 0 0
 0 0 0 0 0 0 0 0 0 0 0 0 0 0 0 0 0 0 0 0 0 0 0 0 0 0
 0 0 0 0 0 0 0 0 0 0 0 0 0 0 0 0 0 0 0 0 0 0 0 0 0 0
 0 0 0 0 0 0 0 0 0 0 0 0 0 0 0 0 0 0 0 0 0 0 0 0 0 0
 0 0 0 0 0 0 0 0 0 0 0 0 0 0 0 0 0 0 0 0 0 0 0 0 0 0
 0 0 0 0 0 0 0 0 0 0 0 0 0 0 0 0 0 0 0 0 0 0 0 0 0 0
 0 0 0 0 0 0 0 0 0 0 0 0 0 0 0 0 0 0 0 0 0 0 0 0 0 0
 0 0 0 0 0 0 0 0 0 0 0 0 0 0 0 0 0 0 0 0 0 0 0 0 0 0
 0 0 0 0 0 0 0 0 0 0 0 0 0 0 0 0 0 0 0 0 0 0 0 0 0 0
ppred_pel_tallas
 1.24577e-16 3.71867e-05 0.000361468 0.00240208 0.0109195 0.0339747 0.0723868 0.105651 0.105655 0.0724031 0.0340313 0.0110918 0.00286773 0.00148787 0.00249898 0.00491578 0.00904854 0.0155041 0.0248189 0.0371059 0.0516302 0.0665521 0.0791631 0.0867071 0.0874415 0.0813441
 1.20134e-16 4.16262e-05 0.000404621 0.00268885 0.0122231 0.0380309 0.08103 0.118272 0.118302 0.0811756 0.03852 0.013636 0.00623634 0.00815277 0.0147715 0.0244029 0.0352921 0.0447559 0.0501824 0.0505947 0.0473567 0.0433213 0.0410386 0.0413622 0.0432998 0.0449086
 1.1229e-16 4.36558e-05 0.00042435 0.00281996 0.0128191 0.0398853 0.0849809 0.124039 0.124069 0.085131 0.0403896 0.0142768 0.00648323 0.00843549 0.0153004 0.0253375 0.0367621 0.0468017 0.0526633 0.0530905 0.0490986 0.0432191 0.0378796 0.0341952 0.0318806 0.0299739
 1.08602e-16 4.40991e-05 0.000428659 0.00284859 0.0129493 0.0402902 0.0858437 0.125298 0.125329 0.0859965 0.0408035 0.014433 0.00657728 0.00858266 0.0155722 0.0257856 0.0374048 0.0475989 0.0535068 0.0538174 0.0495149 0.0431149 0.0370342 0.0323915 0.0289522 0.0258818
 1.08166e-16 4.34381e-05 0.000422234 0.00280589 0.0127552 0.0396864 0.0845572 0.12342 0.123452 0.0847138 0.0402127 0.0142767 0.00662932 0.00878325 0.0159653 0.0264377 0.0383465 0.0487863 0.0548169 0.0550845 0.050588 0.043899 0.0374949 0.0325348 0.0288042 0.0254831
 1.08498e-16 4.24816e-05 0.000412937 0.00274411 0.0124743 0.0388125 0.0826953 0.120703 0.120735 0.0828537 0.0393444 0.0140121 0.00660881 0.00886567 0.0161432 0.0267459 0.0388195 0.049442 0.0556537 0.0560896 0.0517477 0.045197 0.0388993 0.0339853 0.0302139 0.0267582
 1.08265e-16 4.50287e-05 0.000437695 0.00290864 0.0132223 0.0411395 0.0876532 0.127939 0.127969 0.0877998 0.041632 0.014646 0.00648713 0.00826519 0.014957 0.0247774 0.0359761 0.0458509 0.0516703 0.0521774 0.0482959 0.0423946 0.0367323 0.0323287 0.0289333 0.0257624
 1.07681e-16 4.47743e-05 0.000435222 0.0028922 0.0131476 0.0409071 0.087158 0.127216 0.127248 0.0873118 0.0414237 0.0146406 0.00664374 0.00863733 0.015659 0.0259143 0.0375571 0.0477202 0.0535051 0.0535803 0.0489409 0.0421446 0.0356691 0.0306947 0.0270335 0.0238752
 1.08223e-16 4.14965e-05 0.000403361 0.00268048 0.0121851 0.0379125 0.0807778 0.117905 0.117938 0.080943 0.0384676 0.0137896 0.00671264 0.00922086 0.0168326 0.0278806 0.0404388 0.0514446 0.0577934 0.0580505 0.0532607 0.046128 0.0392634 0.0338977 0.0298248 0.0262073
 1.09267e-16 4.10451e-05 0.000398973 0.00265132 0.0120525 0.0375001 0.0798991 0.116622 0.116655 0.0800585 0.0380355 0.0136005 0.0065427 0.00891296 0.016267 0.0269761 0.0392062 0.0500439 0.0565353 0.0573166 0.0533726 0.0472341 0.041297 0.0366152 0.0328891 0.0292773
 1.10121e-16 4.03088e-05 0.000391816 0.00260376 0.0118363 0.0368274 0.0784658 0.11453 0.114563 0.0786268 0.0373682 0.0133999 0.00653431 0.00899127 0.0164286 0.0272449 0.0395958 0.0505423 0.057108 0.0579298 0.0540227 0.0479626 0.0421783 0.0377201 0.0342447 0.0308435
 1.10502e-16 4.0727e-05 0.000395881 0.00263077 0.0119591 0.0372094 0.0792798 0.115718 0.11575 0.0794371 0.0377377 0.0134866 0.00647079 0.00879835 0.0160568 0.0266346 0.0387287 0.0494778 0.0559863 0.05693 0.053299 0.0475953 0.0421651 0.0380017 0.0347396 0.0314708
 1.09987e-16 4.25412e-05 0.000413516 0.00274796 0.0124918 0.0388669 0.0828112 0.120872 0.120903 0.0829632 0.0393777 0.0139686 0.00646019 0.00853511 0.0155195 0.0257288 0.0373891 0.047721 0.0539151 0.05469 0.0510146 0.0453349 0.0399549 0.0358677 0.032736 0.0296747
 1.09034e-16 4.38478e-05 0.000426216 0.00283236 0.0128755 0.0400606 0.0853546 0.124584 0.124615 0.0855058 0.0405688 0.0143445 0.00652432 0.00850114 0.015425 0.0255514 0.0370882 0.0472459 0.0532061 0.0536799 0.0496398 0.0435571 0.0377886 0.0333971 0.0301093 0.027075
 1.08237e-16 4.42715e-05 0.000430335 0.00285973 0.0129999 0.0404478 0.0861794 0.125788 0.125819 0.0863323 0.0409612 0.014484 0.00658907 0.0085856 0.0155743 0.0257875 0.037404 0.0475899 0.0534799 0.053758 0.0494045 0.0429326 0.0367602 0.0320127 0.0284679 0.0253078
 1.07803e-16 4.4815e-05 0.000435618 0.00289483 0.0131595 0.0409443 0.0872373 0.127332 0.127363 0.0873885 0.0414523 0.0146279 0.0065848 0.00850484 0.0154111 0.0255158 0.0370096 0.0470865 0.0529082 0.0531671 0.0488253 0.0423621 0.0361663 0.0313564 0.0277279 0.0244945
 1.07295e-16 4.58898e-05 0.000446065 0.00296426 0.0134751 0.0419263 0.0893295 0.130385 0.130416 0.0894781 0.0424256 0.0149184 0.00659087 0.00837577 0.0151437 0.0250627 0.0363348 0.046191 0.0518325 0.0519689 0.0475499 0.0410283 0.0347774 0.029925 0.0262923 0.0231163
 1.06846e-16 4.65443e-05 0.000452427 0.00300654 0.0136673 0.0425242 0.0906034 0.132245 0.132275 0.0907512 0.0430206 0.0151019 0.00661124 0.00833339 0.015049 0.0248977 0.0360794 0.045832 0.0513636 0.0513852 0.0468428 0.0401869 0.0338003 0.0288329 0.0251332 0.0219587
 1.05305e-16 5.31429e-05 0.000516568 0.00343278 0.0156049 0.0485528 0.103448 0.15099 0.151015 0.10357 0.048963 0.0167904 0.00641126 0.00702767 0.0124456 0.0205614 0.0297801 0.0377999 0.0423045 0.0422237 0.0383405 0.0326913 0.0272655 0.0230379 0.0199055 0.0172678
 1.03026e-16 5.97215e-05 0.000580514 0.00385772 0.0175366 0.0545631 0.116253 0.16968 0.169701 0.116357 0.0549104 0.0185399 0.00637691 0.00608262 0.0105172 0.0173135 0.0249845 0.0315234 0.0349241 0.0342604 0.0302243 0.02463 0.0192985 0.0152002 0.0123522 0.0102739
 1.01968e-16 5.99032e-05 0.000582281 0.00386946 0.01759 0.0547292 0.116607 0.170196 0.170219 0.116717 0.0550964 0.0186505 0.00653132 0.00639286 0.0110944 0.0182442 0.0262698 0.0330215 0.0363466 0.0352474 0.0304666 0.0239724 0.0177758 0.0130025 0.00975414 0.00756391
 1.01497e-16 6.30884e-05 0.000613242 0.00407521 0.0185253 0.0576393 0.122807 0.179245 0.179264 0.122901 0.0579544 0.0194356 0.00636019 0.00560147 0.00953685 0.0156668 0.0225624 0.0283704 0.0312423 0.0303177 0.0262259 0.020645 0.0152913 0.0111282 0.00825094 0.00627735
 1.01224e-16 6.25662e-05 0.000608166 0.00404147 0.018372 0.0571621 0.121791 0.177761 0.177782 0.12189 0.057497 0.019339 0.00646835 0.00590432 0.0101157 0.0166106 0.023889 0.0299698 0.0328747 0.0316857 0.0270864 0.0208965 0.0149903 0.0104401 0.00737529 0.00538655
 1.01873e-16 5.3185e-05 0.000516977 0.0034355 0.0156173 0.0485913 0.10353 0.151111 0.151141 0.103675 0.0490779 0.0170226 0.00696266 0.00821563 0.0146707 0.0241596 0.0347731 0.0436727 0.0479946 0.0464046 0.0398808 0.0310376 0.0225611 0.0159786 0.0114676 0.0084487
 1.03361e-16 4.95885e-05 0.000482018 0.00320318 0.0145612 0.0453055 0.0965292 0.140894 0.140924 0.0966776 0.0458037 0.0160009 0.00681899 0.00838202 0.0150725 0.0248895 0.0359648 0.0454639 0.050515 0.0497682 0.0441606 0.0362108 0.0284496 0.0222309 0.0176159 0.0140268
 1.04853e-16 4.70098e-05 0.000456952 0.00303661 0.013804 0.0429495 0.0915097 0.133568 0.133599 0.0916631 0.0434647 0.0152927 0.00677637 0.00863039 0.0155978 0.0257848 0.0373099 0.0472743 0.0527416 0.0523401 0.0470387 0.0394056 0.0319833 0.026072 0.0216378 0.0180165
 1.06152e-16 4.51393e-05 0.00043877 0.00291578 0.0132548 0.0412406 0.0878687 0.128254 0.128285 0.0880245 0.041764 0.0147673 0.00671631 0.00874763 0.0158613 0.0262453 0.0380254 0.0482855 0.0540703 0.0540043 0.0490657 0.0418244 0.0347934 0.0292091 0.0249613 0.0213315
 1.06908e-16 4.52616e-05 0.000439958 0.00292368 0.0132906 0.0413523 0.0881066 0.128601 0.128632 0.0882582 0.0418615 0.0147624 0.00662205 0.00852705 0.015444 0.0255654 0.0370703 0.047138 0.052912 0.0530684 0.0485596 0.0418657 0.0353897 0.0302783 0.0263678 0.022919
 1.07226e-16 4.48305e-05 0.000435768 0.00289584 0.0131641 0.0409585 0.0872675 0.127376 0.127407 0.0874211 0.0414746 0.0146557 0.00664408 0.00863133 0.0156484 0.0259009 0.0375473 0.0477255 0.0535392 0.0536506 0.0490367 0.0422299 0.0356845 0.0305729 0.0267234 0.0233638
 1.07624e-16 4.36644e-05 0.000424433 0.00282051 0.0128217 0.0398931 0.0849976 0.124063 0.124095 0.0851548 0.0404211 0.0143478 0.0066557 0.00881083 0.0160127 0.0265131 0.038448 0.0488978 0.0549054 0.0551046 0.0504904 0.0436404 0.0370465 0.0318889 0.0279787 0.0245237
 1.0805e-16 4.3487e-05 0.000422709 0.00280905 0.0127696 0.039731 0.0846523 0.123559 0.123591 0.0848075 0.0402523 0.0142765 0.00659637 0.00870587 0.0158203 0.0262053 0.0380287 0.0484213 0.0544782 0.054858 0.0505367 0.0440345 0.0377712 0.0328663 0.029097 0.0256657
 1.08359e-16 4.29807e-05 0.000417787 0.00277635 0.0126209 0.0392684 0.0836667 0.122121 0.122153 0.0838237 0.0397959 0.0141455 0.00660806 0.00879786 0.0160038 0.0265096 0.0384676 0.0489757 0.0550958 0.0554751 0.0511083 0.0445542 0.0382672 0.0333796 0.0296556 0.0262697
 1.08767e-16 4.22697e-05 0.000410876 0.00273042 0.0124121 0.0386188 0.0822827 0.120101 0.120133 0.0824409 0.0391501 0.013948 0.00659055 0.00885406 0.0161261 0.0267213 0.0387924 0.0494259 0.0556715 0.0561705 0.0519205 0.0454823 0.0393029 0.0344947 0.0307994 0.0273776
pSPR Fmed_Fpbrs
0.601426   0.287053 0.287053
Fs Fmed_Fpbrs
0.34   1.005 1.005
SSBpbr Bo_Bmed_Bpbrs
2.17552e+06  1.19964e+06  515715 515715
Ro
233225
SPR SPRFo_SPRFmed_SPRFpbrs
1.68023e+06 1.01054e+06 482317
Fref
1.005
Nvult_r0
 181315 70969.9 22425.7 6849.59 2995.22
CTP_r0
 60639.6 35573.4 11240.8 3433.34 1501.35
YTP_r0
1.509e+06
Np
 233225 51909.6 10548.4 3386.64 1214.25
Nvult_p0
 181315 44919.5 9127.99 2930.59 1050.73
CTP_p0
 60639.6 33977.2 10908.6 3446.98 1375.68
 60639.6 22515.7 4575.38 1468.95 526.677
YTP_p0
 1.46915e+06 1.02482e+06
CBA_c0
1.49704e+06
log_Ro
12.1798
likeval ReclasPelacesDesembMPH_pf_preclas_ppelaces_ptallas_desvR_qrecl_qpela
 136.101 124.611 10.9005 604.548 262.421 170.813 117.97 0 0 0 0 45.4298 0 0 0
q_reclas_q_pelaces
1 1
M
1
N
 233225 7381.9 118950 12833.1 12165.4
 233225 79253.3 2317.11 37337.4 7846.8
 233225 75616.8 22646.3 662.106 12911.2
 233225 78070.7 23032.3 6897.91 4134.34
 233225 75819.5 22428.2 6616.74 3169.35
 233225 82440.4 25751.7 7617.6 3323.79
 233225 77502.7 24746.7 7730.06 3284.35
 233225 70918.4 19479.5 6219.85 2768.36
 233225 84269.2 25167.5 6912.89 3189.73
 233225 81767.3 28156.1 8408.99 3375.5
 233225 82156.5 27580.8 9497.29 3975.01
 233225 84516 29326.7 9845.3 4809.1
 233225 78401.2 25961.4 9008.52 4501.51
 233225 78229.1 23977.5 7939.8 4131.78
 233225 75212.6 22115.3 6778.43 3412.63
 233225 78953.5 23430.3 6889.39 3174.73
 233225 72446.4 20708.5 6145.47 2639.69
 233225 76516.3 21196.7 6059 2570.41
 233225 69943.8 18706.7 5182.17 2109.71
 233225 52808.8 9747.77 2607.07 1016.24
 233225 52786.6 7353.54 1357.36 504.54
 233225 56342.6 8374.15 1166.58 295.375
 233225 40701.9 4664.56 693.29 121.034
 233225 65495.3 8725.27 999.941 174.566
 233225 70411.5 16227.1 2161.77 290.996
 233225 72069 18276.1 4211.93 636.644
 233225 77740.6 21766.5 5519.81 1464.38
 233225 75889.8 22374.8 6264.68 2010.14
 233225 75302.8 21505.5 6340.52 2344.9
 233225 78166.9 22993.3 6566.58 2652.04
 233225 79274.8 24549.2 7221.29 2895.21
 233225 77097.5 23548.3 7292.24 3005.07
 233225 82013.9 25915.5 7915.5 3461.33
pred_Ctot
 11320.1 693.729 11178.6 1206.01 1143.27
 17676.9 11417.2 333.804 5378.84 1130.41
 13381.8 8350.44 2500.86 73.1171 1425.8
 17321.2 11032 3254.66 974.733 584.217
 5789.42 3702.58 1095.26 323.122 154.772
 14373.9 9750.74 3045.81 900.981 393.125
 25968.8 16006.3 5110.82 1596.45 678.302
 2632.11 1588.8 436.403 139.344 62.0201
 6954.41 4926.81 1471.42 404.163 186.488
 6280.67 4325.76 1489.55 444.863 178.575
 2206.81 1545.03 518.685 178.606 74.754
 12805 8945.86 3104.18 1042.11 509.034
 13105.3 8485.86 2809.97 975.048 487.226
 18386.7 11697.8 3585.43 1187.26 617.838
 11842.2 7383.1 2170.91 665.391 334.994
 23262 14723.8 4369.46 1284.78 592.047
 16099.7 9549.37 2729.65 810.053 347.945
 27700.7 16769.8 4645.62 1327.93 563.348
 58950.6 29649.8 7929.93 2196.77 894.327
 58992.2 22399 4134.55 1105.8 431.041
 52365.9 20289.7 2826.51 521.734 193.932
 82240.7 30935.9 4597.98 640.531 162.181
 35661.8 11213.3 1285.08 191 33.3446
 26869.1 13958 1859.48 213.102 37.2026
 23929.6 13481.1 3106.87 413.897 55.7146
 13958.2 8287.54 2101.65 484.349 73.2106
 17197.9 10911.1 3054.99 774.722 205.53
 18228.2 11255.4 3318.47 929.134 298.13
 13214 8215.46 2346.23 691.745 255.827
 11282.7 7322.42 2153.93 615.136 248.435
 15082.5 9818.27 3040.44 894.364 358.575
 6527.45 4235.97 1293.81 400.658 165.108
 12922.7 8757.82 2767.37 845.253 369.616
F
 0.0793547 0.158709 0.158709 0.158709 0.158709
 0.126326 0.252651 0.252651 0.252651 0.252651
 0.0943894 0.188779 0.188779 0.188779 0.188779
 0.123649 0.247297 0.247297 0.247297 0.247297
 0.0399283 0.0798567 0.0798567 0.0798567 0.0798567
 0.101691 0.203382 0.203382 0.203382 0.203382
 0.190474 0.380948 0.380948 0.380948 0.380948
 0.0179882 0.0359764 0.0359764 0.0359764 0.0359764
 0.0481263 0.0962525 0.0962525 0.0962525 0.0962525
 0.0433784 0.0867568 0.0867568 0.0867568 0.0867568
 0.0150633 0.0301266 0.0301266 0.0301266 0.0301266
 0.0901642 0.180328 0.180328 0.180328 0.180328
 0.0923623 0.184725 0.184725 0.184725 0.184725
 0.131685 0.26337 0.26337 0.26337 0.26337
 0.0831445 0.166289 0.166289 0.166289 0.166289
 0.169157 0.338315 0.338315 0.338315 0.338315
 0.1145 0.229 0.229 0.229 0.229
 0.204312 0.408624 0.408624 0.408624 0.408624
 0.485327 0.970654 0.970654 0.970654 0.970654
 0.485748 0.971495 0.971495 0.971495 0.971495
 0.420554 0.841107 0.841107 0.841107 0.841107
 0.745728 1.49146 1.49146 1.49146 1.49146
 0.270026 0.540052 0.540052 0.540052 0.540052
 0.197648 0.395295 0.395295 0.395295 0.395295
 0.174381 0.348761 0.348761 0.348761 0.348761
 0.098626 0.197252 0.197252 0.197252 0.197252
 0.122722 0.245444 0.245444 0.245444 0.245444
 0.130486 0.260973 0.260973 0.260973 0.260973
 0.0931583 0.186317 0.186317 0.186317 0.186317
 0.0790838 0.158168 0.158168 0.158168 0.158168
 0.106934 0.213867 0.213867 0.213867 0.213867
 0.0451153 0.0902306 0.0902306 0.0902306 0.0902306
 0.0910252 0.18205 0.18205 0.18205 0.18205
YTP_r0W_actual
 457223 620756 270566 107532 52922.5
YTP_p0W_proyectada
 457223 592902 262569 107960 48492.7
 457223 392900 110129 46007.6 18565.4
CTP_r0_actual
 60639.6 35573.4 11240.8 3433.34 1501.35
CTP_p0_proyectada
 60639.6 33977.2 10908.6 3446.98 1375.68
 60639.6 22515.7 4575.38 1468.95 526.677
Wmedp
 7.54 17.45 24.07 31.32 35.25
Frms_r0
 0.5025 1.005 1.005 1.005 1.005
Zrms_r0
 1.5025 2.005 2.005 2.005 2.005
nmprior
 7.29 8.9 8.7 0
nm_flota  nm_reclas  nm_pelaces    nm_pelaL
inf 4.54118 7.78886 17.7037
cv_recla  cv_pelaces  cv_mph
1.01033 1.22284 1.97139
 ------------------------------------------------
Talla a la edad & desviaci?n 
 8 13.2811 15.8009 17.003 17.5766
 0.8 1.32811 1.58009 1.7003 1.75766
