years
 1991 1992 1993 1994 1995 1996 1997 1998 1999 2000 2001 2002 2003 2004 2005 2006 2007 2008 2009 2010 2011 2012 2013 2014 2015 2016 2017 2018 2019 2020 2021 2022 2023
reclasobs
 0 0 0 0 0 0 0 0 0 252601 567819 844713 477998 351125 339783 2.1784e+06 2.13404e+06 4.81314e+06 1.55562e+06 2.62356e+06 3.21686e+06 3.843e+06 1.13348e+06 3.07943e+06 1.97215e+06 2.03268e+06 2.025e+06 2.42433e+06 2.27542e+06 1.05018e+06 2.36338e+06 3.18982e+06 1.53035e+06
reclaspred
 3.44227e+06 1.89867e+06 1.00671e+06 1.30081e+06 1.49749e+06 2.28753e+06 1.51076e+06 1.40011e+06 996850 727935 863805 987921 639798 123659 632121 1.20057e+06 1.02761e+06 1.31778e+06 1.55411e+06 2.03385e+06 3.81161e+06 3.02901e+06 2.33581e+06 3.06355e+06 2.66127e+06 2.38422e+06 2.67944e+06 2.87229e+06 2.68973e+06 2.37969e+06 1.61091e+06 1.32187e+06 1.68271e+06
pelacesobs
 0 0 0 0 0 0 0 0 0 0 0 0 0 0 0 552880 188675 0 991730 2.46772e+06 1.41603e+06 1.21717e+06 2.29649e+06 1.80582e+06 0 1.4828e+06 1.56532e+06 1.57751e+06 1.42118e+06 867257 1.10002e+06 1.06204e+06 0
pelacespred
 1.85807e+06 1.13463e+06 589263 641858 770872 1.24118e+06 788157 872536 614322 427564 511782 496294 333090 42639.8 359456 562962 477023 651937 808707 947884 1.94769e+06 1.68038e+06 1.29997e+06 1.85027e+06 1.50971e+06 1.34531e+06 1.78509e+06 1.72037e+06 1.43912e+06 1.44323e+06 920094 751902 924756
mphobs
 0 0 0 0 0 0 0 0 0 0 0 0 498337 0 5186 125008 0 168611 109162 213762 579715 649985 157893 87575 83554 210694 70296 0 107559 103333 445601 22526 28222
mphpred
 967102 656784 320916 191046 280816 358531 452865 302515 270588 185781 123584 197663 195636 71410.6 7888.07 108590 243221 193682 183211 247089 515800 631995 117077 95385.3 118590 115498 96278.6 100291 138194 121839 90936.8 61956.1 38565.1
desembarqueobs
 494567 514787 250237 358949 120608 361735 552515 73892 212993 205616 52469 317467 293654 387597 252695 516296 358380 742168 942051 627588 828172 859565 418607 520667 417249 300574 415391 372974 316634 284311 391294 218835 356480
desembarquepred
 494575 513261 251159 358985 120614 361769 552631 73897.1 213060 205679 52470.7 317478 294107 389056 252667 516284 358510 742372 941630 627402 828307 859632 418688 520790 417208 300628 415446 372973 316595 284231 391559 218918 356525
Reclutas
 197201 94775.6 122232 243468 205467 286549 124742 63861.5 52300 69359.3 151268 146026 50191.2 21234.1 125323 343843 68652 263927 432963 486150 463659 587514 114044 287854 402451 112606 288065 341408 199743 181712 86128.2 70226.3 254059
log_desv_Rt
 0.196869 -0.535844 -0.281437 0.407631 0.237929 0.570554 -0.261109 -0.930639 -1.13036 -0.848056 -0.0683047 -0.10357 -1.17152 -2.03175 -0.256462 0.752828 -0.858306 0.488316 0.983297 1.09916 1.05179 1.28854 -0.350768 0.575096 0.910216 -0.36346 0.575829 0.745721 0.209675 0.115065 -0.631519 -0.835633 0.450211
SSB
 2.61706e+06 1.77731e+06 868425 516985 759910 970215 1.22549e+06 818630 732232 502738 334427 534893 505724 186174 20622.9 284146 658175 524120 515006 658937 1.40679e+06 1.80209e+06 1.66735e+06 1.31292e+06 1.53305e+06 1.57868e+06 1.24498e+06 1.25032e+06 1.7828e+06 1.48441e+06 1.25687e+06 881415 506898
BT
 3.62754e+06 2.46327e+06 1.26316e+06 1.40005e+06 1.42042e+06 2.43925e+06 1.86292e+06 1.56475e+06 1.27301e+06 935919 927617 1.12313e+06 841276 471724 866832 1.40328e+06 1.10679e+06 1.77926e+06 2.30013e+06 2.14566e+06 4.00246e+06 3.71433e+06 2.60509e+06 3.67295e+06 2.98703e+06 2.57329e+06 3.50053e+06 3.32213e+06 2.73879e+06 2.74746e+06 1.9582e+06 1.48938e+06 1.9093e+06
Ftot
 0.166899 0.300502 0.290456 0.385629 0.104216 0.215135 0.422028 0.0658037 0.264681 0.348529 0.090522 0.411773 0.525516 2.72633 0.722614 0.6796 0.414372 0.783077 0.901771 0.465463 0.294471 0.375014 0.209826 0.237517 0.208787 0.150167 0.218119 0.190468 0.140085 0.150361 0.289145 0.200203 0.322062
BD_Bspro_t
 0.97365 0.821765 0.646063 0.57635 0.634166 0.724197 0.711725 0.583228 0.643926 0.601712 0.571916 0.748319 0.611388 0.30578 0.0584559 0.43617 0.518172 0.433785 0.385107 0.404672 0.525564 0.579839 0.59426 0.58076 0.655812 0.709633 0.703104 0.727878 0.781014 0.753632 0.733677 0.648854 0.629896
BD_Bspro
 2.24289 1.5232 0.744265 0.443071 0.651264 0.831502 1.05028 0.701589 0.627544 0.43086 0.286614 0.458419 0.433419 0.159557 0.0176744 0.243521 0.564075 0.449185 0.441374 0.564728 1.20566 1.54444 1.42897 1.12521 1.31387 1.35298 1.06698 1.07156 1.52791 1.27218 1.07717 0.755397 0.434426
BD_Bo
 2.5075 1.7029 0.832069 0.495342 0.728097 0.929597 1.17419 0.784358 0.701578 0.481691 0.320427 0.5125 0.484552 0.17838 0.0197595 0.27225 0.630621 0.502178 0.493445 0.631351 1.3479 1.72665 1.59755 1.25795 1.46887 1.51259 1.19285 1.19798 1.70817 1.42226 1.20425 0.844515 0.485677
BD_Brms
 2.68868 1.82595 0.892191 0.531133 0.780706 0.996767 1.25903 0.841033 0.752271 0.516496 0.343579 0.549531 0.519564 0.191269 0.0211873 0.291922 0.676188 0.538463 0.5291 0.67697 1.44529 1.85141 1.71298 1.34885 1.57501 1.62189 1.27905 1.28454 1.83159 1.52503 1.29126 0.905536 0.52077
Sel_flota
 0.557224 1 1 1 1
 0.557224 1 1 1 1
 0.557224 1 1 1 1
 0.557224 1 1 1 1
 0.557224 1 1 1 1
 0.557224 1 1 1 1
 0.557224 1 1 1 1
 0.557224 1 1 1 1
 0.557224 1 1 1 1
 0.557224 1 1 1 1
 0.557224 1 1 1 1
 0.557224 1 1 1 1
 0.557224 1 1 1 1
 0.557224 1 1 1 1
 0.557224 1 1 1 1
 0.557224 1 1 1 1
 0.557224 1 1 1 1
 0.557224 1 1 1 1
 0.557224 1 1 1 1
 0.557224 1 1 1 1
 0.557224 1 1 1 1
 0.557224 1 1 1 1
 0.557224 1 1 1 1
 0.557224 1 1 1 1
 0.557224 1 1 1 1
 0.557224 1 1 1 1
 0.557224 1 1 1 1
 0.557224 1 1 1 1
 0.557224 1 1 1 1
 0.557224 1 1 1 1
 0.557224 1 1 1 1
 0.557224 1 1 1 1
 0.557224 1 1 1 1
Sel_reclas
 1 1 1 1 1
 1 1 1 1 1
 1 1 1 1 1
 1 1 1 1 1
 1 1 1 1 1
 1 1 1 1 1
 1 1 1 1 1
 1 1 1 1 1
 1 1 1 1 1
 1 1 1 1 1
 1 1 1 1 1
 1 1 1 1 1
 1 1 1 1 1
 1 1 1 1 1
 1 1 1 1 1
 1 1 1 1 1
 1 1 1 1 1
 1 1 1 1 1
 1 1 1 1 1
 1 1 1 1 1
 1 1 1 1 1
 1 1 1 1 1
 1 1 1 1 1
 1 1 1 1 1
 1 1 1 1 1
 1 1 1 1 1
 1 1 1 1 1
 1 1 1 1 1
 1 1 1 1 1
 1 1 1 1 1
 1 1 1 1 1
 1 1 1 1 1
 1 1 1 1 1
Sel_pelaces
 1 1 1 1 1
 1 1 1 1 1
 1 1 1 1 1
 1 1 1 1 1
 1 1 1 1 1
 1 1 1 1 1
 1 1 1 1 1
 1 1 1 1 1
 1 1 1 1 1
 1 1 1 1 1
 1 1 1 1 1
 1 1 1 1 1
 1 1 1 1 1
 1 1 1 1 1
 1 1 1 1 1
 1 1 1 1 1
 1 1 1 1 1
 1 1 1 1 1
 1 1 1 1 1
 1 1 1 1 1
 1 1 1 1 1
 1 1 1 1 1
 1 1 1 1 1
 1 1 1 1 1
 1 1 1 1 1
 1 1 1 1 1
 1 1 1 1 1
 1 1 1 1 1
 1 1 1 1 1
 1 1 1 1 1
 1 1 1 1 1
 1 1 1 1 1
 1 1 1 1 1
pf_obs 
 0.8446 0.082 0.0669 0.0065 0
 0.8095 0.147 0.0364 0.0071 0
 0.9664 0.0169 0.016 0.0007 0
 0.9276 0.0648 0.0075 0.0001 0
 0.7033 0.2144 0.0806 0.0017 0
 0.9318 0.0425 0.0243 0.0014 0
 0.5671 0.3108 0.0964 0.0239 0.0018
 0.0768 0.2599 0.5324 0.112 0.0189
 0.490249 0.384438 0.106611 0.0170017 0.00170017
 0.7925 0.1577 0.0466 0.003 0.0002
 0.840416 0.127587 0.0312969 0.00059994 9.999e-05
 0.8084 0.0986 0.0794 0.0134 0.0002
 0.7335 0.1905 0.0724 0.0035 0.0001
 0.4001 0.4547 0.1325 0.0127 0
 0.49795 0.308269 0.164784 0.0264974 0.00249975
 0.9179 0.0499 0.0305 0.0017 0
 0.2467 0.6533 0.0926 0.0074 0
 0.9418 0.0223 0.034 0.0019 0
 0.707729 0.231977 0.0356964 0.0245975 0
 0.517169 0.277429 0.184464 0.0207286 0.00020938
 0.811772 0.124168 0.05621 0.00726502 0.000585176
 0.764997 0.148141 0.077277 0.00933861 0.000247198
 0.163321 0.427699 0.378323 0.0303852 0.000271297
 0.753843 0.0900009 0.118128 0.0371064 0.000921714
 0.721811 0.176058 0.0630433 0.0369309 0.00215725
 0.143369 0.312575 0.442814 0.0836902 0.0175525
 0.692698 0.0596174 0.167031 0.0765114 0.00414204
 0.394062 0.376323 0.152708 0.0712218 0.00568511
 0.125707 0.32114 0.495352 0.0537591 0.00404204
 0.23352 0.215282 0.420074 0.123614 0.00750983
 0.796117 0.104755 0.0508955 0.0450114 0.00322123
 0.162477 0.292055 0.404252 0.121198 0.0200186
 0 0 0 0 0
pf_pred 
 0.41045 0.118452 0.446817 0.02428 9.49977e-07
 0.322984 0.38334 0.0590052 0.222575 0.0120952
 0.539163 0.221732 0.135386 0.0208391 0.0828796
 0.724765 0.191013 0.0405235 0.0247429 0.0189555
 0.5756 0.356391 0.0471986 0.0100132 0.0107977
 0.624364 0.268341 0.0901014 0.0119326 0.00526133
 0.377912 0.472437 0.106906 0.035896 0.00684997
 0.353137 0.355651 0.221157 0.0500447 0.0200102
 0.402369 0.298305 0.164572 0.102337 0.0324168
 0.582818 0.235483 0.0906945 0.0500352 0.0409694
 0.749456 0.183763 0.0376952 0.0145181 0.0145677
 0.582948 0.352853 0.0470876 0.00965908 0.00745298
 0.345565 0.482306 0.145632 0.0194343 0.0070626
 0.384636 0.321364 0.216672 0.0654239 0.0119035
 0.971074 0.02109 0.00409205 0.00275897 0.00098464
 0.872939 0.125357 0.00124203 0.00024099 0.000220469
 0.307841 0.648546 0.043029 0.000426329 0.000158396
 0.797331 0.0955618 0.100358 0.00665845 9.04822e-05
 0.799676 0.179841 0.00965834 0.0101431 0.000682108
 0.73323 0.2407 0.0234047 0.00125695 0.00140881
 0.625953 0.317317 0.0511854 0.00497708 0.000566881
 0.648678 0.26861 0.0701669 0.0113184 0.00122591
 0.228142 0.606351 0.126542 0.0330556 0.00590961
 0.616942 0.137599 0.192825 0.0402416 0.0123913
 0.654477 0.260784 0.0304395 0.0426565 0.0116434
 0.276761 0.565719 0.118888 0.013877 0.0247546
 0.646064 0.147472 0.161497 0.0339391 0.0110282
 0.619555 0.295328 0.0354649 0.0388376 0.010814
 0.432645 0.428043 0.108143 0.0129865 0.0181814
 0.473186 0.309084 0.164268 0.0415015 0.0119611
 0.339819 0.413535 0.144708 0.0769075 0.0250303
 0.428926 0.285174 0.179087 0.0626677 0.0441456
 0.791922 0.122124 0.0429222 0.0269548 0.0160767
pobs_RECLAS
 0 0 0 0 0
 0 0 0 0 0
 0 0 0 0 0
 0 0 0 0 0
 0 0 0 0 0
 0 0 0 0 0
 0 0 0 0 0
 0 0 0 0 0
 0 0 0 0 0
 0 0 0 0 0
 0.991045 0.00858322 0.000360255 1.14367e-05 0
 0.934742 0.0480273 0.0164251 0.00080598 0
 0.827803 0.169806 0.00239088 0 0
 0.941827 0.0461693 0.0120037 0 0
 0.791401 0.0380133 0.147996 0.0225897 0
 0.846168 0.0940531 0.0597789 0 0
 0.134021 0.677848 0.182769 0.00536245 0
 0.80878 0.0450904 0.141981 0.00414843 0
 0.846168 0.0940531 0.0597789 0 0
 0.905697 0.0802665 0.012482 0.00150086 5.37128e-05
 0.989698 0.0102097 9.19794e-05 0 0
 0.975433 0.0193895 0.00387452 0.00125025 5.28907e-05
 0.303575 0.632131 0.0575291 0.00676475 0
 0.966965 0.00978017 0.0227588 0.000495775 0
 0.843318 0.132988 0.00938335 0.0141283 0.000182051
 0.564624 0.303363 0.111486 0.0197234 0.00080311
 0.826376 0.0876187 0.0782897 0.00655872 0.00115652
 0.89761 0.0855135 0.0140674 0.00269457 0.000114338
 0.34875 0.467042 0.161289 0.0227151 0.000203297
 0.318654 0.224769 0.449479 0.00709798 0
 0.937255 0.0296025 0.0250945 0.00804832 0
 0.456809 0.399803 0.12412 0.0192676 0
 0.883104 0.0372192 0.0704036 0.00927362 0
ppred_RECLAS
 0.557124 0.0889825 0.335654 0.0182394 7.13633e-07
 0.46457 0.303171 0.0466653 0.176028 0.0095657
 0.680177 0.153883 0.0939585 0.0144624 0.0575189
 0.827927 0.119419 0.0253347 0.0154689 0.0118507
 0.709633 0.243836 0.0322924 0.00685084 0.00738759
 0.750628 0.178143 0.0598152 0.00792162 0.00349282
 0.526592 0.359523 0.0813553 0.0273168 0.00521282
 0.495505 0.277376 0.172482 0.0390305 0.0156062
 0.550004 0.224614 0.123917 0.0770561 0.0244088
 0.718102 0.15912 0.0612841 0.0338098 0.0276839
 0.843435 0.114833 0.0235558 0.00907234 0.00910337
 0.718933 0.2378 0.031734 0.00650961 0.00502283
 0.493164 0.373529 0.112786 0.0150512 0.00546973
 0.595448 0.211271 0.142444 0.0430109 0.00782559
 0.984304 0.0114443 0.00222052 0.00149714 0.000534308
 0.9275 0.0715281 0.000708696 0.000137507 0.000125798
 0.448733 0.516531 0.0342702 0.000339547 0.000126154
 0.880701 0.0562516 0.0590748 0.00391943 5.32615e-05
 0.883202 0.104855 0.00563126 0.00591389 0.000397701
 0.834597 0.149239 0.0145114 0.000779337 0.000873491
 0.752635 0.209849 0.03385 0.00329145 0.000374891
 0.771257 0.174891 0.0456853 0.00736934 0.000798182
 0.348592 0.511728 0.106795 0.0278972 0.0049874
 0.744887 0.0916398 0.12842 0.0268005 0.00825248
 0.774225 0.170404 0.01989 0.027873 0.0076081
 0.408606 0.46259 0.0972149 0.0113472 0.0202419
 0.767773 0.0967606 0.105962 0.0222684 0.00723591
 0.74656 0.196738 0.0236256 0.0258724 0.00720393
 0.579164 0.317502 0.0802155 0.00963279 0.0134861
 0.618574 0.223784 0.118934 0.0300481 0.00866015
 0.483367 0.323617 0.113243 0.060185 0.0195878
 0.57613 0.211665 0.132924 0.046514 0.0327663
 0.873893 0.0740142 0.0260133 0.0163361 0.0097434
pobs_PELACES
 0 0 0 0 0
 0 0 0 0 0
 0 0 0 0 0
 0 0 0 0 0
 0 0 0 0 0
 0 0 0 0 0
 0 0 0 0 0
 0 0 0 0 0
 0 0 0 0 0
 0 0 0 0 0
 0 0 0 0 0
 0 0 0 0 0
 0 0 0 0 0
 0 0 0 0 0
 0 0 0 0 0
 0 0 0 0 0
 0.505614 0.472636 0.0217494 0 0
 0 0 0 0 0
 0.443492 0.261883 0.143347 0.151278 0
 0.227955 0.32914 0.350689 0.0885471 0.00366901
 0.970185 0.0296113 0.000203453 0 0
 0.997202 0.00247181 0.000326279 0 0
 0.445219 0.490057 0.0546422 0.010081 0
 0.90214 0.0892962 0.00764917 0.000914606 0
 0 0 0 0 0
 0.581667 0.319106 0.0959925 0.00289975 0.000334073
 0.762889 0.0836404 0.116647 0.0363945 0.000428098
 0.88444 0.0763242 0.0277011 0.0115352 0
 0.521256 0.241999 0.230069 0.00667565 0
 0.616807 0.101726 0.260614 0.0208532 0
 0.833518 0.0704572 0.0857862 0.0102388 0
 0.697417 0.212968 0.0787535 0.0105354 0.000325836
 0 0 0 0 0
ppred_PELACES
 0.563132 0.0877752 0.3311 0.0179919 7.03951e-07
 0.475507 0.296978 0.0457121 0.172432 0.0093703
 0.689338 0.149476 0.0912672 0.0140482 0.0558713
 0.835807 0.11395 0.0241745 0.0147605 0.011308
 0.712761 0.24121 0.0319446 0.00677704 0.00730801
 0.756465 0.173972 0.058415 0.00773618 0.00341105
 0.541935 0.347871 0.0787186 0.0264315 0.00504387
 0.497908 0.276055 0.171661 0.0388445 0.0155318
 0.559556 0.219846 0.121287 0.0754204 0.0238906
 0.728295 0.153366 0.059068 0.0325872 0.0266828
 0.845174 0.113558 0.0232942 0.00897159 0.00900227
 0.730929 0.227651 0.0303796 0.00623177 0.00480845
 0.512357 0.359383 0.108515 0.0144812 0.00526259
 0.686734 0.163598 0.110302 0.0333056 0.00605977
 0.985854 0.0103138 0.00200117 0.00134924 0.000481526
 0.9339 0.0652135 0.000646131 0.000125368 0.000114693
 0.463752 0.502458 0.0333365 0.000330296 0.000122717
 0.892209 0.0508254 0.0533763 0.00354135 4.81237e-05
 0.896123 0.0932555 0.00500829 0.00525965 0.000353704
 0.843773 0.140959 0.0137064 0.000736101 0.000825031
 0.760558 0.203127 0.0327658 0.00318602 0.000362883
 0.78078 0.16761 0.0437833 0.00706254 0.000764952
 0.355586 0.506234 0.105648 0.0275977 0.00493386
 0.751426 0.089291 0.125128 0.0261136 0.00804097
 0.779513 0.166412 0.0194242 0.0272201 0.00742991
 0.413919 0.458434 0.0963416 0.0112453 0.0200601
 0.773407 0.0944131 0.103392 0.0217281 0.00706036
 0.751789 0.192679 0.0231381 0.0253385 0.00705529
 0.584144 0.313744 0.0792661 0.00951879 0.0133265
 0.623744 0.220751 0.117322 0.0296408 0.00854277
 0.493923 0.317005 0.110929 0.0589552 0.0191876
 0.583257 0.208106 0.130689 0.0457319 0.0322153
 0.878988 0.0710236 0.0249622 0.0156761 0.00934971
pobs_pel_tallas
 0 0 0 0 0 0 0 0 0 0 0 0 0 0 0 0 0 0 0 0 0 0 0 0 0 0
 0 0 0 0 0 0 0 0 0 0 0 0 0 0 0 0 0 0 0 0 0 0 0 0 0 0
 0 0 0 0 0 0 0 0 0 0 0 0 0 0 0 0 0 0 0 0 0 0 0 0 0 0
 0 0 0 0 0 0 0 0 0 0 0 0 0 0 0 0 0 0 0 0 0 0 0 0 0 0
 0 0 0 0 0 0 0 0 0 0 0 0 0 0 0 0 0 0 0 0 0 0 0 0 0 0
 0 0 0 0 0 0 0 0 0 0 0 0 0 0 0 0 0 0 0 0 0 0 0 0 0 0
 0 0 0 0 0 0 0 0 0 0 0 0 0 0 0 0 0 0 0 0 0 0 0 0 0 0
 0 0 0 0 0 0 0 0 0 0 0 0 0 0 0 0 0 0 0 0 0 0 0 0 0 0
 0 0 0 0 0 0 0 0 0 0 0 0 0 0 0 0 0 0 0 0 0 0 0 0 0 0
 0 0 0 0 0 0 0 0 0 0 0 0 0 0 0 0 0 0 0 0 0 0 0 0 0 0
 0 0 0 0 0 0 0 0 0 0 0 0 0 0 0 0 0 0 0 0 0 0 0 0 0 0
 0 0 0 0 0 0 0 0 0 0 0 0 0 0 0 0 0 0 0 0 0 0 0 0 0 0
 0.00862536 0 0 0.000197151 0.00414017 0.0128641 0.00837892 0.0270097 0.101434 0.158115 0.152841 0.127902 0.109271 0.109419 0.0830992 0.0579132 0.0238553 0.00714673 0.00463305 0.00128148 0.00103504 0.000492878 0.000147863 0.000147863 4.92878e-05 0
 0 0 0 0 0 0 0 0 0 0 0 0 0 0 0 0 0 0 0 0 0 0 0 0 0 0
 0 0 0 0 0 0 0 0.0054083 0.00873648 0.0413646 0.0450493 0.0745869 0.0622846 0.0627006 0.0613931 0.0827291 0.12552 0.122667 0.0946155 0.0697135 0.0546179 0.0294188 0.0215738 0.0213955 0.0102223 0.00600262
 0 0 0 0 0.00359764 0.0251062 0.0480494 0.140153 0.205849 0.193036 0.1447 0.116669 0.0760912 0.0342217 0.00950174 0.001854 0.000860785 0 0 0 0.000165536 0 0.000143464 0 0 0
 0 0 0 0 0 0 0 0.000145254 0.000435761 0.0275982 0.070085 0.0708112 0.156366 0.174668 0.174014 0.160142 0.0824315 0.0480064 0.0283245 0.00493863 0.00203355 0 0 0 0 0
 0 0 0 0 0 0 0 0 0 0 0 0 0 0 0 0 0 0 0 0 0 0 0 0 0 0
 0 0 1.00437e-05 0.000401748 0.00122533 0.00171747 0.00176769 0.0269171 0.070346 0.194647 0.189555 0.159765 0.064822 0.0314167 0.0384472 0.0292271 0.0345202 0.0313363 0.0194345 0.0106764 0.0143323 0.0359363 0.0279516 0.0138201 0.00172751 0
 0 0.0021121 0.0136068 0.0755702 0.200478 0.177729 0.0527432 0.0373336 0.0318909 0.0142505 0.0149659 0.0166563 0.0217959 0.0798694 0.0677717 0.0528807 0.04013 0.0224614 0.0357745 0.0225083 0.00881397 0.00855152 0.00135912 0.000746735 0 0
 0 0 0 0 5.4009e-05 0.00500934 0.000945158 0.0243581 0.138947 0.33067 0.221406 0.137944 0.0707744 0.0437923 0.0131692 0.00525238 0.0047753 0.00276346 9.45158e-05 9.00151e-06 2.25038e-05 9.00151e-06 4.50075e-06 0 0 0
 0.000866109 0.00284123 0.00948549 0.0512746 0.133035 0.25785 0.225252 0.132002 0.0553304 0.0519788 0.0540692 0.017754 0.00435017 0.00159236 0.00146478 0.000404838 0.000125132 0.000115318 0.000107957 0.000100596 0 0 0 0 0 0
 0 0 0 0 0.00144013 0.00171154 0.00461396 0.0210425 0.0478622 0.0707936 0.0888783 0.103762 0.0637923 0.0337046 0.0602308 0.124433 0.169614 0.0934646 0.0462172 0.0250306 0.0313229 0.00938855 0.002487 0.000210481 0 0
 0 0.00764035 0.051015 0.0998891 0.058973 0.0496711 0.0374665 0.0718981 0.12319 0.153886 0.159021 0.0857701 0.0377988 0.023471 0.0147837 0.00900784 0.00315554 0.000888139 0.00291439 0.00214683 0.00393193 0.00274676 0.000635225 9.99891e-05 0 0
 0 0 0 0 0 0 0 0 0 0 0 0 0 0 0 0 0 0 0 0 0 0 0 0 0 0
 0 0 0 0 0 0 0 0 0 0 0 0 0 0 0 0 0 0 0 0 0 0 0 0 0 0
 0 0 0 0 0 0 0 0 0 0 0 0 0 0 0 0 0 0 0 0 0 0 0 0 0 0
 0 0 0 0 0 0 0 0 0 0 0 0 0 0 0 0 0 0 0 0 0 0 0 0 0 0
 0 0 0 0 0 0 0 0 0 0 0 0 0 0 0 0 0 0 0 0 0 0 0 0 0 0
 0 0 0 0 0 0 0 0 0 0 0 0 0 0 0 0 0 0 0 0 0 0 0 0 0 0
 0 0 0 0 0 0 0 0 0 0 0 0 0 0 0 0 0 0 0 0 0 0 0 0 0 0
 0 0 0 0 0 0 0 0 0 0 0 0 0 0 0 0 0 0 0 0 0 0 0 0 0 0
 0 0 0 0 0 0 0 0 0 0 0 0 0 0 0 0 0 0 0 0 0 0 0 0 0 0
ppred_pel_tallas
 1.11382e-16 4.63845e-05 0.000450873 0.00299621 0.0136204 0.042378 0.0902912 0.131785 0.131793 0.0903352 0.0425272 0.0140575 0.00411743 0.00297718 0.00507438 0.00891406 0.0142263 0.0207751 0.0282415 0.0363029 0.0445143 0.0520151 0.0574206 0.0592084 0.0564641 0.0494676
 1.20274e-16 3.9167e-05 0.000380717 0.00253 0.011501 0.0357841 0.0762429 0.111285 0.111313 0.0763831 0.0362551 0.0128625 0.00595161 0.00786453 0.0142977 0.023704 0.0344733 0.0441182 0.0502123 0.0518432 0.0502371 0.0479126 0.0469918 0.0479603 0.0496521 0.0502043
 1.13536e-16 5.67799e-05 0.00055192 0.00366771 0.0166729 0.0518756 0.110527 0.16132 0.161335 0.110598 0.0521145 0.0173646 0.00541021 0.00437639 0.00738131 0.0122756 0.018066 0.0235523 0.0275616 0.0296021 0.0301385 0.0301842 0.0305405 0.0312964 0.031903 0.031628
 1.04121e-16 6.88443e-05 0.000669191 0.00444701 0.0202155 0.0628979 0.134011 0.195595 0.195606 0.134065 0.0630785 0.0207373 0.00575788 0.00353419 0.00552023 0.00904495 0.0130912 0.0166139 0.0186058 0.0186258 0.0170639 0.0148637 0.0129266 0.0116599 0.0109362 0.0103637
 1.029e-16 5.87092e-05 0.000570674 0.00379233 0.0172394 0.0536383 0.114283 0.166804 0.166827 0.114397 0.0540197 0.0183409 0.00655715 0.00660591 0.0115197 0.0189488 0.0272853 0.0343018 0.0377694 0.0366643 0.0317753 0.0251643 0.0189297 0.014232 0.0111444 0.00913059
 1.03084e-16 6.23091e-05 0.000605666 0.00402487 0.0182965 0.0569272 0.12129 0.17703 0.177047 0.121372 0.0572034 0.019095 0.00603175 0.00499519 0.00842359 0.0138919 0.0201559 0.025659 0.0288465 0.0289843 0.026558 0.022874 0.0192047 0.0161705 0.0137216 0.0115293
 1.05865e-16 4.46385e-05 0.000433902 0.00288343 0.0131077 0.0407831 0.0868939 0.126831 0.126865 0.087058 0.0413343 0.0147003 0.00688372 0.00917502 0.0166706 0.0275553 0.039846 0.0504377 0.0561882 0.0556459 0.0498853 0.0417072 0.0338798 0.027811 0.0234305 0.0199484
 1.11549e-16 4.10121e-05 0.000398652 0.00264919 0.0120428 0.0374699 0.0798345 0.116526 0.116553 0.0799657 0.0379109 0.0133197 0.00586481 0.00745371 0.0135438 0.0225983 0.0331891 0.0430807 0.0499921 0.0528435 0.0522889 0.0500239 0.0474785 0.0449976 0.0420287 0.0379046
 1.15163e-16 4.609e-05 0.000448011 0.00297719 0.0135339 0.0421091 0.0897186 0.130951 0.130973 0.0898231 0.0424602 0.0145504 0.00553734 0.00606541 0.0107997 0.018008 0.026479 0.0344647 0.0402273 0.0430259 0.0435193 0.0431595 0.0430731 0.0433442 0.0431634 0.0415422
 1.09528e-16 5.99888e-05 0.000583112 0.00387499 0.0176151 0.0548073 0.116773 0.170437 0.170452 0.116846 0.0550513 0.018321 0.00565055 0.00447179 0.00748309 0.0123775 0.0180688 0.0232535 0.0266595 0.0277484 0.0270319 0.0256687 0.0246638 0.0243049 0.0241808 0.0236157
 1.03125e-16 6.96159e-05 0.000676691 0.00449685 0.020442 0.0636028 0.135513 0.197787 0.197798 0.135567 0.0637827 0.0209618 0.00580227 0.00352901 0.00549446 0.00899424 0.0130007 0.01646 0.0183526 0.0182219 0.016443 0.0139559 0.0116788 0.010061 0.00903557 0.00827288
 1.02374e-16 6.02057e-05 0.000585221 0.003889 0.0176788 0.0550056 0.117196 0.171056 0.171078 0.117303 0.0553655 0.0187184 0.00649835 0.00628104 0.0108764 0.0178824 0.0257472 0.0323627 0.0356218 0.0345529 0.0298945 0.0235876 0.0176117 0.013068 0.0100396 0.00804066
 1.05567e-16 4.22023e-05 0.000410221 0.00272607 0.0123923 0.0385573 0.0821517 0.11991 0.119945 0.0823214 0.0391275 0.0140404 0.00686723 0.00946473 0.0172803 0.02861 0.0414628 0.0526664 0.0589908 0.0589115 0.0534537 0.0453733 0.0373834 0.0308502 0.0257257 0.0213362
 1.07591e-16 5.65654e-05 0.000549836 0.00365386 0.0166099 0.0516797 0.11011 0.160711 0.160727 0.110187 0.0519414 0.0173678 0.00556337 0.00474201 0.00808806 0.013465 0.0198222 0.0258347 0.0301753 0.0322192 0.0323428 0.0315028 0.0304639 0.0293335 0.0277043 0.0251481
 1.00278e-16 8.12035e-05 0.000789327 0.00524536 0.0238446 0.0741895 0.158069 0.230706 0.230707 0.158073 0.0742058 0.0238918 0.00536391 0.00104836 0.000573868 0.000822102 0.00118102 0.00149523 0.00166786 0.00165755 0.00149869 0.00127663 0.0010742 0.000930932 0.000839209 0.000767915
 1.00068e-16 7.69241e-05 0.00074773 0.00496893 0.022588 0.0702798 0.149739 0.218549 0.218556 0.149769 0.0703826 0.0228849 0.00571332 0.00237046 0.00315207 0.00507165 0.00725708 0.00903873 0.00979232 0.00923239 0.00758352 0.00543991 0.00342599 0.00191738 0.000979808 0.000483172
 1.01145e-16 3.81988e-05 0.000371306 0.00246746 0.0112167 0.0348997 0.0743593 0.10854 0.108588 0.0745956 0.0356929 0.0135069 0.00821284 0.0129028 0.0238059 0.0392114 0.0562826 0.0703529 0.076685 0.0730802 0.0611993 0.0454763 0.030537 0.0191155 0.0116531 0.00720926
 1.01917e-16 7.34901e-05 0.00071435 0.00474711 0.0215797 0.0671423 0.143054 0.208793 0.208798 0.143078 0.0672242 0.021817 0.00534641 0.002034 0.00261296 0.00428974 0.00637265 0.00842899 0.0100553 0.0110402 0.01144 0.0114518 0.0112047 0.0106634 0.00971436 0.00832471
 1.00756e-16 7.38125e-05 0.000717484 0.00476793 0.0216743 0.0674369 0.143682 0.20971 0.209719 0.143726 0.0675841 0.0220994 0.00583435 0.00304364 0.00448625 0.00728602 0.0104568 0.0130842 0.0142935 0.0136881 0.0115883 0.00882392 0.00624805 0.0043453 0.00315939 0.00247236
 1.00646e-16 6.95005e-05 0.00067557 0.0044894 0.0204082 0.0634974 0.135288 0.19746 0.197474 0.135355 0.0637201 0.0210512 0.00610286 0.00419591 0.00674972 0.0110339 0.015853 0.0198603 0.0217322 0.0208552 0.0176879 0.013454 0.00942066 0.00632348 0.0042649 0.00297698
 1.01379e-16 6.26462e-05 0.000608943 0.00404664 0.0183955 0.0572352 0.121946 0.177988 0.178008 0.122042 0.0575565 0.0193236 0.00637649 0.00569562 0.00972484 0.0159819 0.0230246 0.0289677 0.0319278 0.0310244 0.0268895 0.0212193 0.0157487 0.0114524 0.00843321 0.0063196
 1.02145e-16 6.43118e-05 0.000625134 0.00415423 0.0188846 0.058757 0.125189 0.18272 0.182736 0.125268 0.0590227 0.0196524 0.0060831 0.00484082 0.00808515 0.0133022 0.0192433 0.0243795 0.0271895 0.0269584 0.0241768 0.020161 0.0162209 0.013037 0.0106135 0.00863672
 1.06781e-16 2.92893e-05 0.000284702 0.00189195 0.00860055 0.0267598 0.0570163 0.0832272 0.083276 0.057255 0.0275615 0.0109169 0.00770898 0.0129925 0.0241906 0.0400161 0.057807 0.0730403 0.081108 0.079869 0.0708839 0.0582682 0.0461369 0.0366582 0.0298507 0.0246505
 1.07614e-16 6.1894e-05 0.000601632 0.00399805 0.0181746 0.0565479 0.120482 0.175848 0.175857 0.120525 0.0566929 0.0185958 0.00506438 0.00295904 0.00462608 0.00777784 0.0117322 0.0158738 0.0195946 0.0225857 0.0249248 0.0268166 0.0282295 0.0287843 0.0279973 0.0256494
 1.04591e-16 6.42075e-05 0.00062412 0.0041475 0.0188539 0.0586617 0.124985 0.182423 0.182439 0.125064 0.0589249 0.0196142 0.00605626 0.00479202 0.00798341 0.0131076 0.0189065 0.0238519 0.026447 0.0260381 0.0232185 0.0194299 0.0160795 0.0138516 0.0126181 0.0118171
 1.0742e-16 3.4094e-05 0.000331406 0.00220231 0.0100114 0.0311495 0.0663689 0.0968766 0.0969208 0.0665851 0.0318755 0.012109 0.00746989 0.0118387 0.0219125 0.0362345 0.0523407 0.0661288 0.073427 0.0723026 0.0641837 0.0528215 0.0419726 0.0336243 0.0277944 0.0234845
 1.06382e-16 6.37045e-05 0.000619231 0.004115 0.0187062 0.058202 0.124006 0.180992 0.181001 0.124051 0.0583544 0.0191482 0.00523158 0.00308043 0.00480772 0.00802999 0.0119892 0.0159748 0.0192879 0.0215842 0.0230005 0.0238956 0.0244422 0.0244451 0.0235227 0.0214483
 1.04453e-16 6.19239e-05 0.000601923 0.00399999 0.0181834 0.0565753 0.12054 0.175936 0.175955 0.120631 0.0568801 0.0190636 0.0062096 0.00542632 0.00922713 0.015165 0.0218644 0.0275573 0.0304981 0.0299137 0.0264752 0.0218456 0.0176657 0.0147627 0.0130434 0.0119173
 1.05578e-16 4.81152e-05 0.000467697 0.00310802 0.0141286 0.0439595 0.0936615 0.136708 0.136738 0.0938095 0.0444568 0.0155657 0.00671795 0.00835715 0.0150579 0.0248862 0.0360052 0.0456137 0.0508772 0.050477 0.0453611 0.038029 0.0309591 0.0254247 0.0213917 0.0181905
 1.07861e-16 5.1377e-05 0.000499403 0.00331871 0.0150864 0.0469395 0.10001 0.145972 0.145994 0.100115 0.0472915 0.0161051 0.00588268 0.00611964 0.0107932 0.0179402 0.0262567 0.0338983 0.0390014 0.0406891 0.0395192 0.036941 0.0342332 0.0318082 0.0293123 0.0262216
 1.12442e-16 4.06839e-05 0.000395462 0.00262798 0.0119464 0.03717 0.0791957 0.115595 0.115626 0.0793457 0.0376739 0.0134034 0.00629132 0.00841338 0.0153302 0.0254447 0.0370447 0.0474328 0.0538925 0.055211 0.0523688 0.04775 0.0435291 0.0405226 0.0382061 0.035543
 1.13863e-16 4.80422e-05 0.000466987 0.0031033 0.0141071 0.0438927 0.0935187 0.136498 0.136518 0.0936177 0.0442254 0.0150706 0.00553053 0.00579497 0.0102537 0.0171054 0.0251817 0.0328294 0.0383949 0.0411455 0.0416493 0.0412169 0.040875 0.0407224 0.0400825 0.038152
 1.03893e-16 7.24011e-05 0.000703765 0.00467676 0.0212599 0.0661475 0.140934 0.205699 0.205706 0.140968 0.0662604 0.0215865 0.00549806 0.00250181 0.00350267 0.00571751 0.00832936 0.0106921 0.0122065 0.0126174 0.0121608 0.0113797 0.0107542 0.0104373 0.01026 0.0099274
pSPR Fmed_Fpbrs
1   0.982613 0.6 0.325 0.982613 0.982613 0.982613
Fs Fmed_Fpbrs
0   0.01 0.327662 0.831391 0.01 0.01 0.01
SSBpbr Bo_Bmed_Bpbrs
1.04369e+06  991509  973362 574031 287016 973362 973362 973362
Ro
161961
SPR SPRFo_SPRFmed_SPRFpbrs
1.16682e+06 1.16682e+06 1.14654e+06
Fref
0
Nvult_r0
 175950 16947.5 5956.44 3740.6 2231.01
CTP_r0
 26771.7 4128.52 1451.02 911.232 543.488
YTP_r0
356525
Np
 254059 93463.1 34383.1 12648.9 6365.09
Nvult_p0
 160596 59079.9 21734.3 7995.6 4023.5
CTP_p0
 0 0 0 0 0
 0 0 0 0 0
 0 0 0 0 0
 0 0 0 0 0
 0 0 0 0 0
 0 0 0 0 0
YTP_p0
 0 0 0 0 0 0
CBA_c0
0
log_Ro
11.8151
likeval ReclasPelacesDesembMPH_pf_preclas_ppelaces_ptallas_desvR_qrecl_qpela
 44.2885 15.5153 0.202577 129.095 247.599 147.759 123.911 0 27.2344 5.92707e-07 4.24252e-06 0.58011 2070.76 0 0
q_reclas_q_pelaces
1.11502 1.33815
M
1
N
 197201 32682.1 123281 6699.08 0.262108
 94775.6 66103.7 10174.9 38381.2 2085.71
 122232 29490.4 18006.3 2771.6 11023
 243468 38247.2 8114.15 4954.36 3795.52
 205467 72248.1 9568.16 2029.89 2188.92
 286549 71322.6 23948.1 3171.56 1398.41
 124742 93506.6 21159.3 7104.69 1355.77
 63861.5 36273.3 22556.1 5104.13 2040.87
 52300 22647.5 12494.4 7769.46 2461.1
 69359.3 16601.8 6394.05 3527.53 2888.39
 151268 21011.9 4310.18 1660.04 1665.71
 146026 52911 7060.87 1448.4 1117.59
 50191.2 42705.9 12895 1720.81 625.359
 21234.1 13777.1 9288.9 2804.77 510.313
 125323 1709.89 331.768 223.687 79.8309
 343843 30822.2 305.385 59.2533 54.2079
 68652 86616.9 5746.76 56.9386 21.1547
 263927 20048.4 21054.7 1396.91 18.9828
 432963 62760.3 3370.55 3539.71 238.04
 486150 96367.1 9370.37 503.236 564.034
 463659 137986 22258 2164.28 246.508
 587514 144758 37813.9 6099.64 660.66
 114044 175376 36600 9560.73 1709.25
 287854 37325.2 52305.8 10915.9 3361.26
 402451 92768 10828.2 15174.1 4141.86
 112606 131793 27696.7 3232.85 5766.96
 288065 38100.2 41723.5 8768.34 2849.19
 341408 93845 11269.5 12341.2 3436.3
 199743 112950 28536.3 3426.82 4797.61
 181712 67963.6 36120.4 9125.67 2630.11
 86128.2 61475.4 21512 11432.9 3720.97
 70226.3 26969.8 16936.8 5926.69 4174.99
 254059 23107.7 8121.51 5100.25 3041.95
pred_Ctot
 11154.7 3219.14 12143 659.85 0.0258172
 9363.86 11113.7 1710.66 6452.85 350.661
 11699.3 4811.36 2937.73 452.187 1798.4
 30284.6 7981.56 1693.29 1033.89 792.062
 7362.45 4558.57 603.713 128.078 138.112
 20664.4 8881.21 2982.06 394.928 174.133
 16843.6 21056.6 4764.83 1599.9 305.305
 1457.76 1468.13 912.939 206.586 82.6025
 4588.29 3401.63 1876.64 1166.96 369.655
 7862.5 3176.78 1223.51 674.999 552.698
 4722.99 1158.05 237.551 91.4911 91.8039
 19282.5 11671.5 1557.54 319.498 246.526
 8247.89 11511.6 3475.91 463.854 168.569
 11774 9837.15 6632.47 2002.66 364.374
 27128.1 589.174 114.316 77.0752 27.5071
 70653.1 10146 100.526 19.505 17.8441
 9117.3 19207.9 1274.39 12.6265 4.6912
 61112.5 7324.46 7692.07 510.345 6.93513
 112570 25316.1 1359.6 1427.84 96.0203
 71704.6 23538.7 2288.81 122.921 137.771
 44951.4 22787.4 3675.77 357.418 40.7093
 71236.8 29498.4 7705.62 1242.97 134.627
 8031.04 21344.7 4454.52 1163.62 208.029
 22801.8 5085.58 7126.7 1487.3 457.974
 28207 11239.4 1311.9 1838.43 501.811
 5753.03 11759.6 2471.32 288.46 514.573
 21047.5 4804.36 5261.25 1105.67 359.278
 21920.5 10449 1254.78 1374.11 382.609
 9541.71 9440.22 2385.03 286.41 400.979
 9295.2 6071.6 3226.85 815.25 234.963
 8208.91 9989.64 3495.66 1857.83 604.65
 4728.91 3144.04 1974.43 690.912 486.705
 26771.7 4128.52 1451.02 911.232 543.488
F
 0.0929999 0.166899 0.166899 0.166899 0.166899
 0.167447 0.300502 0.300502 0.300502 0.300502
 0.161849 0.290456 0.290456 0.290456 0.290456
 0.214882 0.385629 0.385629 0.385629 0.385629
 0.0580718 0.104216 0.104216 0.104216 0.104216
 0.119878 0.215135 0.215135 0.215135 0.215135
 0.235164 0.422028 0.422028 0.422028 0.422028
 0.0366674 0.0658037 0.0658037 0.0658037 0.0658037
 0.147486 0.264681 0.264681 0.264681 0.264681
 0.194209 0.348529 0.348529 0.348529 0.348529
 0.050441 0.090522 0.090522 0.090522 0.090522
 0.22945 0.411773 0.411773 0.411773 0.411773
 0.29283 0.525516 0.525516 0.525516 0.525516
 1.51918 2.72633 2.72633 2.72633 2.72633
 0.402658 0.722614 0.722614 0.722614 0.722614
 0.378689 0.6796 0.6796 0.6796 0.6796
 0.230898 0.414372 0.414372 0.414372 0.414372
 0.436349 0.783077 0.783077 0.783077 0.783077
 0.502488 0.901771 0.901771 0.901771 0.901771
 0.259367 0.465463 0.465463 0.465463 0.465463
 0.164087 0.294471 0.294471 0.294471 0.294471
 0.208967 0.375014 0.375014 0.375014 0.375014
 0.11692 0.209826 0.209826 0.209826 0.209826
 0.13235 0.237517 0.237517 0.237517 0.237517
 0.116341 0.208787 0.208787 0.208787 0.208787
 0.0836769 0.150167 0.150167 0.150167 0.150167
 0.121541 0.218119 0.218119 0.218119 0.218119
 0.106133 0.190468 0.190468 0.190468 0.190468
 0.0780587 0.140085 0.140085 0.140085 0.140085
 0.083785 0.150361 0.150361 0.150361 0.150361
 0.161119 0.289145 0.289145 0.289145 0.289145
 0.111558 0.200203 0.200203 0.200203 0.200203
 0.179461 0.322062 0.322062 0.322062 0.322062
YTP_r0W_actual
 201858 72042.7 34926.1 28539.8 19158
YTP_p0W_proyectada
 0 0 0 0 0
 0 0 0 0 0
 0 0 0 0 0
 0 0 0 0 0
 0 0 0 0 0
 0 0 0 0 0
CTP_r0_actual
 26771.7 4128.52 1451.02 911.232 543.488
CTP_p0_proyectada
 0 0 0 0 0
 0 0 0 0 0
 0 0 0 0 0
 0 0 0 0 0
 0 0 0 0 0
 0 0 0 0 0
Wmedp
 7.54 17.45 24.07 31.32 35.25
Frms_r0
 0.179461 0.322062 0.322062 0.322062 0.322062
Zrms_r0
 1.17946 1.32206 1.32206 1.32206 1.32206
nmprior
 7.29 8.9 8.7 0
nm_flota  nm_reclas  nm_pelaces    nm_pelaL
inf 9.41834 12.6774 35.0141
cv_recla  cv_pelaces  cv_mph
0.576337 0.43149 0.455493
 ------------------------------------------------
Talla a la edad & desviaci?n 
 8 13.2811 15.8009 17.003 17.5766
 0.8 1.32811 1.58009 1.7003 1.75766
