years
 1991 1992 1993 1994 1995 1996 1997 1998 1999 2000 2001 2002 2003 2004 2005 2006 2007 2008 2009 2010 2011 2012 2013 2014 2015 2016 2017 2018 2019 2020 2021 2022 2023
reclasobs
 0 0 0 0 0 0 0 0 0 252601 567819 844713 477998 351125 339783 2.1784e+06 2.13404e+06 4.81314e+06 1.55562e+06 2.62356e+06 3.21686e+06 3.843e+06 1.13348e+06 3.07943e+06 1.97215e+06 2.03268e+06 2.025e+06 2.42433e+06 2.27542e+06 1.05018e+06 2.36338e+06 3.18982e+06 1.53035e+06
reclaspred
 4.07013e+06 2.34959e+06 1.19857e+06 1.5645e+06 1.78833e+06 2.71588e+06 1.90171e+06 1.69448e+06 1.19039e+06 853873 885350 902248 555209 121718 591850 1.14003e+06 990016 1.24421e+06 1.50809e+06 1.99723e+06 3.8131e+06 3.08636e+06 2.40135e+06 3.16426e+06 2.74633e+06 2.43957e+06 2.75009e+06 2.96253e+06 2.78172e+06 2.40037e+06 1.66834e+06 1.35633e+06 1.74524e+06
pelacesobs
 0 0 0 0 0 0 0 0 0 0 0 0 0 0 0 552880 188675 0 991730 2.46772e+06 1.41603e+06 1.21717e+06 2.29649e+06 1.80582e+06 0 1.4828e+06 1.56532e+06 1.57751e+06 1.42118e+06 867257 1.10002e+06 1.06204e+06 0
pelacespred
 2.20787e+06 1.42656e+06 736453 791212 910356 1.45751e+06 1.02154e+06 1.03631e+06 736711 508560 525548 451651 287646 42947.8 332336 534251 459713 610508 790534 936563 1.90057e+06 1.72144e+06 1.32533e+06 1.87734e+06 1.54965e+06 1.35902e+06 1.79727e+06 1.7527e+06 1.4651e+06 1.43357e+06 950239 763655 950185
mphobs
 0 0 0 0 0 0 0 0 0 0 0 0 498337 0 5186 125008 0 168611 109162 213762 579715 649985 157893 87575 83554 210694 70296 0 107559 103333 445601 22526 28222
mphpred
 1.18586e+06 801756 415735 228201 350359 436900 564822 398818 336643 230166 149837 203219 178619 68229.4 8310.2 109054 239044 197466 186541 247554 511465 637032 116943 96416.1 119607 114674 95969 100339 137766 121033 89482.6 62812.4 38808.2
desembarqueobs
 494567 514787 250237 358949 120608 361735 552515 73892 212993 205616 52469 317467 293654 387597 252695 516296 358380 742168 942051 627588 828172 859565 418607 520667 417249 300574 415391 372974 316634 284311 391294 218835 356480
desembarquepred
 494479 512947 251297 358741 120571 361564 552517 73879.1 212988 205611 52436.1 317393 294132 389254 252417 515955 358527 742144 941292 627116 827955 859294 418659 520474 417041 300565 415177 372714 316545 284158 391421 218858 356234
Reclutas
 227834 141230 121749 357074 280469 398211 169899 82083.2 66295.6 85810.9 172520 138075 48270.9 23452.4 140054 383984 76181.5 284778 492505 562460 549117 711009 135862 353257 487517 136228 352551 421936 240402 210610 107744 81074.9 315925
log_desv_Rt
 0.164332 -0.313898 -0.462324 0.613657 0.372176 0.722694 -0.129081 -0.856553 -1.07016 -0.812141 -0.113773 -0.336486 -1.38746 -2.10932 -0.322259 0.686314 -0.931168 0.387424 0.935217 1.06803 1.04402 1.3024 -0.352647 0.602908 0.925039 -0.349954 0.600908 0.780568 0.218027 0.0857231 -0.584527 -0.868914 0.491219
SSB
 3.92187e+06 2.65156e+06 1.37492e+06 754705 1.15871e+06 1.44491e+06 1.86798e+06 1.31897e+06 1.11335e+06 761205 495539 672086 565716 218907 26746.2 350842 790566 653057 635928 831138 1.75557e+06 2.27395e+06 2.13331e+06 1.69809e+06 1.989e+06 2.01395e+06 1.59588e+06 1.61293e+06 2.28874e+06 1.90315e+06 1.58346e+06 1.14446e+06 653859
BT
 5.2271e+06 3.6158e+06 1.85539e+06 2.02087e+06 2.07372e+06 3.47923e+06 2.72242e+06 2.32061e+06 1.81643e+06 1.30938e+06 1.19015e+06 1.25529e+06 900787 503385 971607 1.58952e+06 1.28676e+06 1.99711e+06 2.63284e+06 2.5366e+06 4.81318e+06 4.54943e+06 3.25718e+06 4.58187e+06 3.74857e+06 3.22136e+06 4.3448e+06 4.16226e+06 3.44968e+06 3.38646e+06 2.43608e+06 1.85969e+06 2.38456e+06
Ftot
 0.104963 0.187165 0.17988 0.196518 0.0585049 0.114962 0.247622 0.0378965 0.153914 0.206105 0.0514388 0.298308 0.442061 2.03286 0.359574 0.380586 0.306786 0.494873 0.516579 0.267239 0.186255 0.237607 0.150012 0.141699 0.130933 0.10644 0.130195 0.10872 0.0983814 0.102324 0.200906 0.138993 0.175319
BD_Bspro_t
 0.983346 0.873819 0.739504 0.663376 0.717757 0.788447 0.785067 0.6817 0.722018 0.687012 0.655763 0.785488 0.634641 0.347259 0.0737586 0.494142 0.561069 0.485856 0.433981 0.45629 0.575097 0.630111 0.641157 0.629727 0.702749 0.746783 0.743687 0.770713 0.815619 0.790316 0.77093 0.696699 0.681367
BD_Bspro
 2.8161 1.90396 0.987259 0.541916 0.83201 1.03752 1.3413 0.947088 0.799438 0.546584 0.355822 0.482592 0.406213 0.157187 0.0192051 0.251922 0.567667 0.468928 0.456628 0.596799 1.26059 1.63281 1.53183 1.21931 1.4282 1.44612 1.14592 1.15816 1.64343 1.36656 1.137 0.821782 0.469504
BD_Bo
 2.77823 1.87835 0.973982 0.534629 0.820821 1.02357 1.32326 0.934351 0.788687 0.539233 0.351037 0.476102 0.40075 0.155073 0.0189469 0.248534 0.560032 0.462622 0.450487 0.588773 1.24364 1.61085 1.51123 1.20291 1.40899 1.42667 1.13051 1.14259 1.62133 1.34818 1.12171 0.81073 0.46319
BD_Brms
 2.99286 2.02347 1.04923 0.575932 0.884235 1.10265 1.42549 1.00654 0.849618 0.580892 0.378156 0.512884 0.431711 0.167053 0.0204106 0.267735 0.603298 0.498362 0.48529 0.634259 1.33972 1.7353 1.62798 1.29585 1.51785 1.53689 1.21785 1.23086 1.74658 1.45233 1.20837 0.873364 0.498974
Sel_flota
 0.998737 1 1 1 1
 0.998737 1 1 1 1
 0.998737 1 1 1 1
 0.998737 1 1 1 1
 0.998737 1 1 1 1
 0.998737 1 1 1 1
 0.998737 1 1 1 1
 0.998737 1 1 1 1
 0.998737 1 1 1 1
 0.998737 1 1 1 1
 0.998737 1 1 1 1
 0.998737 1 1 1 1
 0.998737 1 1 1 1
 0.998737 1 1 1 1
 0.998737 1 1 1 1
 0.998737 1 1 1 1
 0.998737 1 1 1 1
 0.998737 1 1 1 1
 0.998737 1 1 1 1
 0.998737 1 1 1 1
 0.998737 1 1 1 1
 0.998737 1 1 1 1
 0.998737 1 1 1 1
 0.998737 1 1 1 1
 0.998737 1 1 1 1
 0.998737 1 1 1 1
 0.998737 1 1 1 1
 0.998737 1 1 1 1
 0.998737 1 1 1 1
 0.998737 1 1 1 1
 0.998737 1 1 1 1
 0.998737 1 1 1 1
 0.998737 1 1 1 1
Sel_reclas
 1 1 1 1 1
 1 1 1 1 1
 1 1 1 1 1
 1 1 1 1 1
 1 1 1 1 1
 1 1 1 1 1
 1 1 1 1 1
 1 1 1 1 1
 1 1 1 1 1
 1 1 1 1 1
 1 1 1 1 1
 1 1 1 1 1
 1 1 1 1 1
 1 1 1 1 1
 1 1 1 1 1
 1 1 1 1 1
 1 1 1 1 1
 1 1 1 1 1
 1 1 1 1 1
 1 1 1 1 1
 1 1 1 1 1
 1 1 1 1 1
 1 1 1 1 1
 1 1 1 1 1
 1 1 1 1 1
 1 1 1 1 1
 1 1 1 1 1
 1 1 1 1 1
 1 1 1 1 1
 1 1 1 1 1
 1 1 1 1 1
 1 1 1 1 1
 1 1 1 1 1
Sel_pelaces
 1 1 1 1 1
 1 1 1 1 1
 1 1 1 1 1
 1 1 1 1 1
 1 1 1 1 1
 1 1 1 1 1
 1 1 1 1 1
 1 1 1 1 1
 1 1 1 1 1
 1 1 1 1 1
 1 1 1 1 1
 1 1 1 1 1
 1 1 1 1 1
 1 1 1 1 1
 1 1 1 1 1
 1 1 1 1 1
 1 1 1 1 1
 1 1 1 1 1
 1 1 1 1 1
 1 1 1 1 1
 1 1 1 1 1
 1 1 1 1 1
 1 1 1 1 1
 1 1 1 1 1
 1 1 1 1 1
 1 1 1 1 1
 1 1 1 1 1
 1 1 1 1 1
 1 1 1 1 1
 1 1 1 1 1
 1 1 1 1 1
 1 1 1 1 1
 1 1 1 1 1
pf_obs 
 0.8446 0.082 0.0669 0.0065 0
 0.8095 0.147 0.0364 0.0071 0
 0.9664 0.0169 0.016 0.0007 0
 0.9276 0.0648 0.0075 0.0001 0
 0.7033 0.2144 0.0806 0.0017 0
 0.9318 0.0425 0.0243 0.0014 0
 0.5671 0.3108 0.0964 0.0239 0.0018
 0.0768 0.2599 0.5324 0.112 0.0189
 0.490249 0.384438 0.106611 0.0170017 0.00170017
 0.7925 0.1577 0.0466 0.003 0.0002
 0.840416 0.127587 0.0312969 0.00059994 9.999e-05
 0.8084 0.0986 0.0794 0.0134 0.0002
 0.7335 0.1905 0.0724 0.0035 0.0001
 0.4001 0.4547 0.1325 0.0127 0
 0.49795 0.308269 0.164784 0.0264974 0.00249975
 0.9179 0.0499 0.0305 0.0017 0
 0.2467 0.6533 0.0926 0.0074 0
 0.9418 0.0223 0.034 0.0019 0
 0.707729 0.231977 0.0356964 0.0245975 0
 0.517169 0.277429 0.184464 0.0207286 0.00020938
 0.811772 0.124168 0.05621 0.00726502 0.000585176
 0.764997 0.148141 0.077277 0.00933861 0.000247198
 0.163321 0.427699 0.378323 0.0303852 0.000271297
 0.753843 0.0900009 0.118128 0.0371064 0.000921714
 0.721811 0.176058 0.0630433 0.0369309 0.00215725
 0.143369 0.312575 0.442814 0.0836902 0.0175525
 0.692698 0.0596174 0.167031 0.0765114 0.00414204
 0.394062 0.376323 0.152708 0.0712218 0.00568511
 0.125707 0.32114 0.495352 0.0537591 0.00404204
 0.23352 0.215282 0.420074 0.123614 0.00750983
 0.796117 0.104755 0.0508955 0.0450114 0.00322123
 0.162477 0.292055 0.404252 0.121198 0.0200186
 0 0 0 0 0
pf_pred 
 0.486059 0.0993548 0.394724 0.0198607 6.79972e-07
 0.476192 0.254777 0.0520089 0.206625 0.0103968
 0.573497 0.203247 0.108591 0.0221671 0.0924985
 0.845412 0.0887084 0.0313942 0.0167733 0.0177116
 0.686938 0.264724 0.0277381 0.00981662 0.010783
 0.737428 0.180445 0.0694468 0.00727671 0.00540404
 0.489419 0.37665 0.0920399 0.0354229 0.00646811
 0.451354 0.268717 0.206501 0.0504614 0.022967
 0.507064 0.222646 0.132383 0.101732 0.0361744
 0.675276 0.164768 0.0722481 0.0429579 0.0447503
 0.81918 0.12216 0.0297648 0.0130514 0.0158442
 0.65211 0.285051 0.0424527 0.0103438 0.0100417
 0.454845 0.355686 0.155246 0.0231208 0.0111025
 0.483051 0.235338 0.183737 0.0801955 0.0176788
 0.98354 0.00796373 0.00386779 0.00301973 0.00160857
 0.912938 0.0856315 0.000692291 0.000336229 0.00040234
 0.418377 0.531058 0.0497344 0.00040208 0.000428958
 0.852389 0.0618109 0.0783408 0.00733675 0.000122593
 0.86779 0.112722 0.00816054 0.0103429 0.000984814
 0.818472 0.157563 0.0204326 0.00147922 0.00205332
 0.739173 0.213537 0.0410474 0.00532299 0.000920278
 0.757935 0.178993 0.0516361 0.00992583 0.00150971
 0.332759 0.505902 0.119301 0.034416 0.00762191
 0.731995 0.089263 0.135522 0.0319586 0.0112612
 0.759664 0.175989 0.0214316 0.0325382 0.0103769
 0.39652 0.458592 0.106096 0.0129202 0.0258716
 0.756162 0.096765 0.111763 0.0258565 0.00945386
 0.736783 0.199101 0.025444 0.0293875 0.00928471
 0.559645 0.324561 0.0875881 0.0111933 0.0170126
 0.595049 0.226762 0.131333 0.0354423 0.0114135
 0.478067 0.310744 0.11826 0.0684922 0.0244361
 0.544335 0.217999 0.141499 0.0538505 0.0423155
 0.868779 0.0714726 0.0285847 0.0185538 0.0126096
pobs_RECLAS
 0 0 0 0 0
 0 0 0 0 0
 0 0 0 0 0
 0 0 0 0 0
 0 0 0 0 0
 0 0 0 0 0
 0 0 0 0 0
 0 0 0 0 0
 0 0 0 0 0
 0 0 0 0 0
 0.991045 0.00858322 0.000360255 1.14367e-05 0
 0.934742 0.0480273 0.0164251 0.00080598 0
 0.827803 0.169806 0.00239088 0 0
 0.941827 0.0461693 0.0120037 0 0
 0.791401 0.0380133 0.147996 0.0225897 0
 0.846168 0.0940531 0.0597789 0 0
 0.134021 0.677848 0.182769 0.00536245 0
 0.80878 0.0450904 0.141981 0.00414843 0
 0.846168 0.0940531 0.0597789 0 0
 0.905697 0.0802665 0.012482 0.00150086 5.37128e-05
 0.989698 0.0102097 9.19794e-05 0 0
 0.975433 0.0193895 0.00387452 0.00125025 5.28907e-05
 0.303575 0.632131 0.0575291 0.00676475 0
 0.966965 0.00978017 0.0227588 0.000495775 0
 0.843318 0.132988 0.00938335 0.0141283 0.000182051
 0.564624 0.303363 0.111486 0.0197234 0.00080311
 0.826376 0.0876187 0.0782897 0.00655872 0.00115652
 0.89761 0.0855135 0.0140674 0.00269457 0.000114338
 0.34875 0.467042 0.161289 0.0227151 0.000203297
 0.318654 0.224769 0.449479 0.00709798 0
 0.937255 0.0296025 0.0250945 0.00804832 0
 0.456809 0.399803 0.12412 0.0192676 0
 0.883104 0.0372192 0.0704036 0.00927362 0
ppred_RECLAS
 0.486378 0.0992932 0.39448 0.0198484 6.79551e-07
 0.476513 0.254621 0.051977 0.206498 0.0103904
 0.573811 0.203097 0.108511 0.0221508 0.0924303
 0.845581 0.0886118 0.0313601 0.016755 0.0176924
 0.687211 0.264493 0.0277139 0.00980805 0.0107736
 0.737675 0.180275 0.0693814 0.00726986 0.00539895
 0.489743 0.376411 0.0919815 0.0354005 0.006464
 0.451668 0.268563 0.206383 0.0504326 0.0229539
 0.507385 0.222501 0.132297 0.101666 0.0361509
 0.675558 0.164625 0.0721852 0.0429205 0.0447114
 0.819368 0.122033 0.0297339 0.0130378 0.0158277
 0.652406 0.284809 0.0424167 0.010335 0.0100332
 0.455175 0.355471 0.155152 0.0231068 0.0110958
 0.483508 0.23513 0.183574 0.0801246 0.0176631
 0.983561 0.00795345 0.0038628 0.00301583 0.00160649
 0.913042 0.0855285 0.000691458 0.000335825 0.000401856
 0.418694 0.530768 0.0497073 0.00040186 0.000428724
 0.852557 0.0617404 0.0782514 0.00732838 0.000122454
 0.867944 0.112591 0.00815103 0.0103308 0.000983667
 0.818665 0.157396 0.0204109 0.00147765 0.00205114
 0.739421 0.213334 0.0410084 0.00531792 0.000919403
 0.758172 0.178818 0.0515855 0.0099161 0.00150823
 0.333044 0.505686 0.11925 0.0344013 0.00761866
 0.732246 0.0891793 0.135395 0.0319287 0.0112507
 0.759898 0.175818 0.0214108 0.0325066 0.0103668
 0.396825 0.45836 0.106042 0.0129136 0.0258585
 0.756398 0.0966714 0.111654 0.0258315 0.00944472
 0.737031 0.198913 0.02542 0.0293599 0.00927598
 0.559959 0.324329 0.0875256 0.0111853 0.0170005
 0.595356 0.22659 0.131233 0.0354154 0.0114048
 0.478389 0.310553 0.118187 0.06845 0.024421
 0.544653 0.217848 0.141401 0.053813 0.042286
 0.868926 0.0713928 0.0285528 0.0185331 0.0125955
pobs_PELACES
 0 0 0 0 0
 0 0 0 0 0
 0 0 0 0 0
 0 0 0 0 0
 0 0 0 0 0
 0 0 0 0 0
 0 0 0 0 0
 0 0 0 0 0
 0 0 0 0 0
 0 0 0 0 0
 0 0 0 0 0
 0 0 0 0 0
 0 0 0 0 0
 0 0 0 0 0
 0 0 0 0 0
 0 0 0 0 0
 0.505614 0.472636 0.0217494 0 0
 0 0 0 0 0
 0.443492 0.261883 0.143347 0.151278 0
 0.227955 0.32914 0.350689 0.0885471 0.00366901
 0.970185 0.0296113 0.000203453 0 0
 0.997202 0.00247181 0.000326279 0 0
 0.445219 0.490057 0.0546422 0.010081 0
 0.90214 0.0892962 0.00764917 0.000914606 0
 0 0 0 0 0
 0.581667 0.319106 0.0959925 0.00289975 0.000334073
 0.762889 0.0836404 0.116647 0.0363945 0.000428098
 0.88444 0.0763242 0.0277011 0.0115352 0
 0.521256 0.241999 0.230069 0.00667565 0
 0.616807 0.101726 0.260614 0.0208532 0
 0.833518 0.0704572 0.0857862 0.0102388 0
 0.697417 0.212968 0.0787535 0.0105354 0.000325836
 0 0 0 0 0
ppred_PELACES
 0.486389 0.099291 0.394471 0.019848 6.79536e-07
 0.476533 0.254612 0.051975 0.20649 0.01039
 0.57383 0.203088 0.108506 0.0221498 0.0924263
 0.845591 0.0886057 0.0313579 0.0167539 0.0176911
 0.687216 0.264489 0.0277134 0.00980789 0.0107735
 0.737684 0.180268 0.069379 0.0072696 0.00539876
 0.489769 0.376392 0.0919769 0.0353987 0.00646368
 0.451672 0.268561 0.206381 0.0504322 0.0229537
 0.507401 0.222494 0.132293 0.101663 0.0361497
 0.675577 0.164615 0.072181 0.042918 0.0447088
 0.819371 0.12203 0.0297333 0.0130376 0.0158275
 0.652434 0.284786 0.0424132 0.0103342 0.0100324
 0.45522 0.355441 0.155139 0.0231049 0.0110948
 0.48372 0.235033 0.183499 0.0800918 0.0176559
 0.983564 0.00795227 0.00386223 0.00301538 0.00160625
 0.913055 0.0855161 0.000691358 0.000335776 0.000401798
 0.418726 0.530739 0.0497046 0.000401839 0.000428701
 0.852583 0.0617295 0.0782377 0.00732709 0.000122432
 0.867968 0.11257 0.00814951 0.0103289 0.000983483
 0.818681 0.157381 0.020409 0.00147752 0.00205095
 0.739436 0.213321 0.041006 0.00531762 0.00091935
 0.758191 0.178804 0.0515816 0.00991536 0.00150811
 0.333057 0.505676 0.119248 0.0344006 0.0076185
 0.732258 0.0891755 0.135389 0.0319273 0.0112502
 0.759908 0.175811 0.0214099 0.0325052 0.0103664
 0.396836 0.458352 0.106041 0.0129134 0.025858
 0.756408 0.0966674 0.11165 0.0258304 0.00944433
 0.737039 0.198907 0.0254192 0.0293589 0.00927567
 0.559969 0.324322 0.0875236 0.011185 0.0170001
 0.595367 0.226584 0.13123 0.0354145 0.0114045
 0.47841 0.31054 0.118183 0.0684473 0.02442
 0.544667 0.217841 0.141396 0.0538113 0.0422847
 0.868934 0.0713883 0.028551 0.0185319 0.0125947
pobs_pel_tallas
 0 0 0 0 0 0 0 0 0 0 0 0 0 0 0 0 0 0 0 0 0 0 0 0 0 0
 0 0 0 0 0 0 0 0 0 0 0 0 0 0 0 0 0 0 0 0 0 0 0 0 0 0
 0 0 0 0 0 0 0 0 0 0 0 0 0 0 0 0 0 0 0 0 0 0 0 0 0 0
 0 0 0 0 0 0 0 0 0 0 0 0 0 0 0 0 0 0 0 0 0 0 0 0 0 0
 0 0 0 0 0 0 0 0 0 0 0 0 0 0 0 0 0 0 0 0 0 0 0 0 0 0
 0 0 0 0 0 0 0 0 0 0 0 0 0 0 0 0 0 0 0 0 0 0 0 0 0 0
 0 0 0 0 0 0 0 0 0 0 0 0 0 0 0 0 0 0 0 0 0 0 0 0 0 0
 0 0 0 0 0 0 0 0 0 0 0 0 0 0 0 0 0 0 0 0 0 0 0 0 0 0
 0 0 0 0 0 0 0 0 0 0 0 0 0 0 0 0 0 0 0 0 0 0 0 0 0 0
 0 0 0 0 0 0 0 0 0 0 0 0 0 0 0 0 0 0 0 0 0 0 0 0 0 0
 0 0 0 0 0 0 0 0 0 0 0 0 0 0 0 0 0 0 0 0 0 0 0 0 0 0
 0 0 0 0 0 0 0 0 0 0 0 0 0 0 0 0 0 0 0 0 0 0 0 0 0 0
 0.00862536 0 0 0.000197151 0.00414017 0.0128641 0.00837892 0.0270097 0.101434 0.158115 0.152841 0.127902 0.109271 0.109419 0.0830992 0.0579132 0.0238553 0.00714673 0.00463305 0.00128148 0.00103504 0.000492878 0.000147863 0.000147863 4.92878e-05 0
 0 0 0 0 0 0 0 0 0 0 0 0 0 0 0 0 0 0 0 0 0 0 0 0 0 0
 0 0 0 0 0 0 0 0.0054083 0.00873648 0.0413646 0.0450493 0.0745869 0.0622846 0.0627006 0.0613931 0.0827291 0.12552 0.122667 0.0946155 0.0697135 0.0546179 0.0294188 0.0215738 0.0213955 0.0102223 0.00600262
 0 0 0 0 0.00359764 0.0251062 0.0480494 0.140153 0.205849 0.193036 0.1447 0.116669 0.0760912 0.0342217 0.00950174 0.001854 0.000860785 0 0 0 0.000165536 0 0.000143464 0 0 0
 0 0 0 0 0 0 0 0.000145254 0.000435761 0.0275982 0.070085 0.0708112 0.156366 0.174668 0.174014 0.160142 0.0824315 0.0480064 0.0283245 0.00493863 0.00203355 0 0 0 0 0
 0 0 0 0 0 0 0 0 0 0 0 0 0 0 0 0 0 0 0 0 0 0 0 0 0 0
 0 0 1.00437e-05 0.000401748 0.00122533 0.00171747 0.00176769 0.0269171 0.070346 0.194647 0.189555 0.159765 0.064822 0.0314167 0.0384472 0.0292271 0.0345202 0.0313363 0.0194345 0.0106764 0.0143323 0.0359363 0.0279516 0.0138201 0.00172751 0
 0 0.0021121 0.0136068 0.0755702 0.200478 0.177729 0.0527432 0.0373336 0.0318909 0.0142505 0.0149659 0.0166563 0.0217959 0.0798694 0.0677717 0.0528807 0.04013 0.0224614 0.0357745 0.0225083 0.00881397 0.00855152 0.00135912 0.000746735 0 0
 0 0 0 0 5.4009e-05 0.00500934 0.000945158 0.0243581 0.138947 0.33067 0.221406 0.137944 0.0707744 0.0437923 0.0131692 0.00525238 0.0047753 0.00276346 9.45158e-05 9.00151e-06 2.25038e-05 9.00151e-06 4.50075e-06 0 0 0
 0.000866109 0.00284123 0.00948549 0.0512746 0.133035 0.25785 0.225252 0.132002 0.0553304 0.0519788 0.0540692 0.017754 0.00435017 0.00159236 0.00146478 0.000404838 0.000125132 0.000115318 0.000107957 0.000100596 0 0 0 0 0 0
 0 0 0 0 0.00144013 0.00171154 0.00461396 0.0210425 0.0478622 0.0707936 0.0888783 0.103762 0.0637923 0.0337046 0.0602308 0.124433 0.169614 0.0934646 0.0462172 0.0250306 0.0313229 0.00938855 0.002487 0.000210481 0 0
 0 0.00764035 0.051015 0.0998891 0.058973 0.0496711 0.0374665 0.0718981 0.12319 0.153886 0.159021 0.0857701 0.0377988 0.023471 0.0147837 0.00900784 0.00315554 0.000888139 0.00291439 0.00214683 0.00393193 0.00274676 0.000635225 9.99891e-05 0 0
 0 0 0 0 0 0 0 0 0 0 0 0 0 0 0 0 0 0 0 0 0 0 0 0 0 0
 0 0 0 0 0 0 0 0 0 0 0 0 0 0 0 0 0 0 0 0 0 0 0 0 0 0
 0 0 0 0 0 0 0 0 0 0 0 0 0 0 0 0 0 0 0 0 0 0 0 0 0 0
 0 0 0 0 0 0 0 0 0 0 0 0 0 0 0 0 0 0 0 0 0 0 0 0 0 0
 0 0 0 0 0 0 0 0 0 0 0 0 0 0 0 0 0 0 0 0 0 0 0 0 0 0
 0 0 0 0 0 0 0 0 0 0 0 0 0 0 0 0 0 0 0 0 0 0 0 0 0 0
 0 0 0 0 0 0 0 0 0 0 0 0 0 0 0 0 0 0 0 0 0 0 0 0 0 0
 0 0 0 0 0 0 0 0 0 0 0 0 0 0 0 0 0 0 0 0 0 0 0 0 0 0
 0 0 0 0 0 0 0 0 0 0 0 0 0 0 0 0 0 0 0 0 0 0 0 0 0 0
ppred_pel_tallas
 1.134e-16 4.00633e-05 0.000389429 0.00258789 0.0117642 0.0366028 0.0779866 0.113826 0.113836 0.0780365 0.0367722 0.012261 0.00386326 0.00326739 0.00578012 0.0102057 0.0163541 0.0240039 0.0328229 0.042447 0.0523249 0.0613829 0.0679244 0.0701134 0.0668669 0.0585407
 1.24032e-16 3.92514e-05 0.000381538 0.00253545 0.0115258 0.0358612 0.0764071 0.111524 0.111548 0.0765275 0.0362659 0.0126962 0.00547908 0.00682783 0.0123454 0.0205257 0.030016 0.0387824 0.0448761 0.0476453 0.0482133 0.0486834 0.0506405 0.0540957 0.057558 0.0589997
 1.21046e-16 4.72656e-05 0.000459439 0.00305313 0.0138791 0.0431832 0.092007 0.134291 0.134311 0.0921035 0.0435074 0.0148176 0.00541629 0.00564349 0.00996836 0.0166076 0.0244078 0.0317556 0.0370697 0.039725 0.0404354 0.0406866 0.0416606 0.0435015 0.0453744 0.0460882
 1.05602e-16 6.96503e-05 0.000677025 0.00449907 0.0204521 0.0636342 0.13558 0.197884 0.197893 0.135622 0.0637751 0.0208596 0.00552383 0.00292064 0.00435039 0.00713488 0.0103997 0.0133585 0.01527 0.0158238 0.0153242 0.0144585 0.0138309 0.0136283 0.0136212 0.0134096
 1.03675e-16 5.66052e-05 0.000550222 0.00365642 0.0166216 0.051716 0.110187 0.160827 0.160853 0.110312 0.052134 0.0178287 0.00668584 0.0071616 0.0126075 0.02074 0.029842 0.0374705 0.0411802 0.0398592 0.0344003 0.0271068 0.0203214 0.0153378 0.0122198 0.0103245
 1.03691e-16 6.07621e-05 0.00059063 0.00392494 0.0178422 0.0555139 0.118279 0.172635 0.172653 0.118364 0.0558004 0.0186706 0.00600764 0.00514814 0.00874839 0.0144503 0.0210048 0.0268189 0.0302966 0.0306805 0.0284566 0.0249371 0.0213842 0.0183871 0.0158648 0.0134811
 1.07395e-16 4.03417e-05 0.000392135 0.00260588 0.011846 0.0368574 0.0785299 0.114624 0.114661 0.0787076 0.037454 0.0135702 0.00693724 0.00985896 0.0180534 0.0298715 0.043239 0.054825 0.0612545 0.060974 0.0551439 0.0467625 0.0387629 0.0325879 0.0280858 0.0243548
 1.14967e-16 3.72037e-05 0.000361633 0.00240318 0.0109245 0.0339904 0.072421 0.105706 0.105732 0.072549 0.0344209 0.0121716 0.00554715 0.00727031 0.0132917 0.0222659 0.0328957 0.0431047 0.0507684 0.0548839 0.0560348 0.0556882 0.0549426 0.0538095 0.0515018 0.0472775
 1.20188e-16 4.1794e-05 0.000406252 0.00269969 0.0122724 0.0381842 0.0813562 0.118746 0.118768 0.081462 0.0385401 0.0133032 0.00529709 0.00611029 0.0109763 0.0183515 0.027085 0.0354751 0.0418445 0.0455249 0.047232 0.0484111 0.0500739 0.0520734 0.0532969 0.0524681
 1.13996e-16 5.56464e-05 0.000540903 0.00359449 0.0163401 0.05084 0.108321 0.158101 0.158117 0.108399 0.0511024 0.0170992 0.00550503 0.00472874 0.00806062 0.0133765 0.0195999 0.0253819 0.0294123 0.0311674 0.0312287 0.0308257 0.0309584 0.0317908 0.0326948 0.0327601
 1.04876e-16 6.74905e-05 0.000656032 0.00435956 0.019818 0.0616611 0.131376 0.191749 0.191761 0.131433 0.0618546 0.0203772 0.0057647 0.00372797 0.00591524 0.00970898 0.0140689 0.0178879 0.0200943 0.0202189 0.0186748 0.01646 0.0145212 0.013276 0.0125749 0.0119923
 1.04031e-16 5.37402e-05 0.000522374 0.00347136 0.0157803 0.0490986 0.104611 0.152688 0.152716 0.104745 0.049549 0.0170814 0.00673762 0.00765361 0.0136002 0.0224068 0.0322925 0.040653 0.0448715 0.0437474 0.0382085 0.0306683 0.0235673 0.0182309 0.0147065 0.0123397
 1.08763e-16 3.7496e-05 0.000364474 0.00242206 0.0110104 0.0342575 0.0729905 0.106539 0.106573 0.0731588 0.0348231 0.012646 0.00653596 0.00937196 0.017223 0.0286191 0.0417023 0.0534427 0.0607424 0.0621292 0.0585337 0.0524523 0.0462303 0.0408728 0.036102 0.0312196
 1.16376e-16 3.98434e-05 0.000387292 0.00257369 0.0116996 0.0364021 0.0775593 0.113205 0.113228 0.0776714 0.0367792 0.0127923 0.0053294 0.00644622 0.0116747 0.0195751 0.0289934 0.0381565 0.0452717 0.0495322 0.0514949 0.0524271 0.0531793 0.0535542 0.0525997 0.0494281
 1.00688e-16 8.10149e-05 0.000787493 0.00523317 0.0237892 0.0740171 0.157701 0.23017 0.230171 0.157705 0.0740298 0.023826 0.00532566 0.000990358 0.000469196 0.000655248 0.000954867 0.00124163 0.00144888 0.00155184 0.00157788 0.00158356 0.00161231 0.00166638 0.00171091 0.00170054
 1.00144e-16 7.52071e-05 0.00073104 0.00485802 0.0220839 0.0687111 0.146397 0.213672 0.21368 0.146437 0.068846 0.0224731 0.00583413 0.0028589 0.00410757 0.00664849 0.00951586 0.0118523 0.0128413 0.0121095 0.00995264 0.00715117 0.00452455 0.00256448 0.00135467 0.000720748
 1.01683e-16 3.449e-05 0.000335255 0.00222789 0.0101277 0.0315113 0.06714 0.0980035 0.0980546 0.0673897 0.0323496 0.0125484 0.00830184 0.0135869 0.0251786 0.0415087 0.0596436 0.0746852 0.0816516 0.0782224 0.0661187 0.0499516 0.0345116 0.0226005 0.0146443 0.00967191
 1.0303e-16 7.02262e-05 0.000682623 0.00453627 0.0206212 0.0641604 0.136701 0.19952 0.199526 0.13673 0.0642603 0.0209111 0.00526922 0.00229996 0.00319248 0.00529848 0.00793221 0.0106116 0.0128733 0.014468 0.0154377 0.015955 0.01608 0.0156749 0.0145429 0.0126453
 1.01467e-16 7.14934e-05 0.000694942 0.00461813 0.0209934 0.0653182 0.139168 0.203122 0.203132 0.139221 0.065496 0.0215068 0.00590656 0.00350624 0.0054068 0.00881576 0.0126713 0.0158935 0.0174388 0.0168384 0.0144819 0.0113618 0.00848369 0.00639662 0.00511422 0.00434285
 1.01125e-16 6.74337e-05 0.00065548 0.00435589 0.0198013 0.0616092 0.131265 0.191589 0.191604 0.13134 0.061858 0.0205198 0.00615927 0.00459153 0.00754051 0.0123533 0.0177742 0.0223193 0.0245218 0.0237012 0.0203615 0.0158451 0.0115316 0.00820532 0.00595493 0.00447551
 1.01927e-16 6.09064e-05 0.000592032 0.00393426 0.0178846 0.0556457 0.11856 0.173046 0.173066 0.11866 0.0559834 0.0188601 0.00638359 0.00594137 0.0102273 0.0168294 0.0242786 0.0306142 0.0338727 0.0331354 0.0290549 0.0233807 0.017886 0.0135435 0.0104253 0.00813364
 1.02784e-16 6.24512e-05 0.000607048 0.00403405 0.0183382 0.057057 0.121567 0.177434 0.177451 0.121651 0.0573407 0.0191579 0.00609374 0.00511007 0.00863415 0.0142264 0.0206069 0.0261622 0.0292824 0.0292121 0.0264685 0.0224332 0.0184649 0.0152459 0.0127455 0.010614
 1.0831e-16 2.74336e-05 0.000266664 0.00177208 0.00805566 0.0250644 0.0534041 0.0779551 0.078004 0.0536427 0.0258657 0.0103712 0.00758836 0.0129768 0.0242052 0.0400747 0.0579665 0.0734006 0.0818116 0.0810824 0.0727575 0.0608842 0.0494649 0.0405394 0.0340212 0.0287976
 1.09036e-16 6.03151e-05 0.000586284 0.00389607 0.017711 0.0551054 0.117408 0.171363 0.171371 0.117451 0.0552506 0.0181331 0.00496545 0.00295349 0.00465244 0.00784871 0.0118935 0.0162036 0.0202033 0.0236044 0.0264778 0.0289819 0.031001 0.0320535 0.031564 0.0292606
 1.05677e-16 6.25926e-05 0.000608423 0.00404318 0.0183797 0.0571863 0.121842 0.177836 0.177852 0.121925 0.0574644 0.0191832 0.00606055 0.00501411 0.00843562 0.013864 0.0200121 0.0252791 0.0280961 0.0277865 0.0249872 0.021222 0.0179619 0.0158961 0.0148427 0.0141594
 1.08849e-16 3.2687e-05 0.000317729 0.00211142 0.00959825 0.0298639 0.0636299 0.092879 0.0929232 0.0638461 0.0305902 0.0116966 0.00738199 0.0118343 0.021937 0.0362993 0.0524865 0.066424 0.073968 0.0732036 0.065553 0.0547286 0.0444176 0.0365233 0.0309876 0.026766
 1.07436e-16 6.23043e-05 0.00060562 0.00402456 0.0182951 0.0569228 0.12128 0.177014 0.177024 0.121327 0.057079 0.0187484 0.00517031 0.0031329 0.00493887 0.00826777 0.0123765 0.0165574 0.020114 0.0227068 0.0244735 0.025757 0.0266864 0.0270015 0.0262549 0.0241789
 1.05299e-16 6.0709e-05 0.000590113 0.00392151 0.0178266 0.0554654 0.118176 0.172485 0.172504 0.118269 0.05578 0.0187356 0.0062035 0.00557326 0.00952974 0.0156737 0.0226132 0.028535 0.0316488 0.0311677 0.0277914 0.0232326 0.0191668 0.0164153 0.0148407 0.0137951
 1.06608e-16 4.6124e-05 0.000448342 0.00297939 0.0135439 0.0421403 0.0897854 0.131051 0.131082 0.0899385 0.0426545 0.0150301 0.00671332 0.00861041 0.0155793 0.0257666 0.0373098 0.0473312 0.0529174 0.0527157 0.047703 0.0404412 0.0334517 0.0280009 0.0240078 0.0207516
 1.09327e-16 4.90396e-05 0.000476683 0.00316772 0.0144 0.0448039 0.0954604 0.139332 0.139354 0.095568 0.0451657 0.015447 0.00580391 0.00625835 0.0111086 0.0184949 0.0271263 0.0351411 0.0406565 0.0427898 0.042103 0.0400341 0.0378118 0.0357604 0.0334338 0.0302533
 1.14487e-16 3.94061e-05 0.000383041 0.00254544 0.0115712 0.0360026 0.0767084 0.111964 0.111995 0.0768554 0.0364966 0.0129999 0.00613877 0.00825116 0.0150536 0.0250142 0.0364848 0.0468608 0.0535242 0.0553232 0.0532273 0.0495355 0.0462872 0.0441506 0.0424699 0.0401179
 1.16689e-16 4.48636e-05 0.00043609 0.00289797 0.0131738 0.0409886 0.0873313 0.127467 0.127488 0.087435 0.0413372 0.0141831 0.00544139 0.00602112 0.010749 0.017957 0.0264764 0.0346061 0.0406477 0.0438665 0.0448776 0.045046 0.0454003 0.0459581 0.0458989 0.0442706
 1.04833e-16 7.1573e-05 0.000695715 0.00462327 0.0210167 0.0653908 0.139322 0.203346 0.203353 0.139356 0.0655045 0.0213455 0.00545045 0.00250786 0.0035324 0.00577817 0.00844155 0.0108874 0.012529 0.0131234 0.0129121 0.0124296 0.0121283 0.0121168 0.0121744 0.0119621
pSPR Fmed_Fpbrs
1   0.978284 0.60019 0.325246 0.978284 0.978284 0.978284
Fs Fmed_Fpbrs
0   0.01 0.249972 0.598204 0.01 0.01 0.01
SSBpbr Bo_Bmed_Bpbrs
1.41164e+06  1.34106e+06  1.31041e+06 776672 388549 1.31041e+06 1.31041e+06 1.31041e+06
Ro
193308
SPR SPRFo_SPRFmed_SPRFpbrs
1.39266e+06 1.39266e+06 1.36242e+06
Fref
0
Nvult_r0
 218371 17945.6 7177.16 4658.56 3166.06
CTP_r0
 32538.7 2676.89 1070.59 694.902 472.271
YTP_r0
356234
Np
 315925 116222 42755.8 15729 7915.06
Nvult_p0
 199703 73466.6 27026.8 9942.62 5003.27
CTP_p0
 0 0 0 0 0
 0 0 0 0 0
 0 0 0 0 0
 0 0 0 0 0
 0 0 0 0 0
 0 0 0 0 0
YTP_p0
 0 0 0 0 0 0
CBA_c0
0
log_Ro
11.992
likeval ReclasPelacesDesembMPH_pf_preclas_ppelaces_ptallas_desvR_qrecl_qpela
 47.5802 15.0908 0.290059 136.778 247.136 149.809 121.597 0 28.6877 4.61488e-07 1.52776e-07 0.788077 2088.75 0 0
q_reclas_q_pelaces
0.908399 1.05683
M
1
N
 227834 46515 184798 9298.21 0.318343
 141230 75474 15406.9 61209.5 3079.89
 121749 43097.3 23026 4700.4 19613.7
 357074 37423.9 13244.5 7076.24 7472.11
 280469 107951 11311.2 4003.07 4397.16
 398211 97322.6 37456.1 3924.69 2914.66
 169899 130603 31914.8 12282.9 2242.81
 82083.2 48808.1 37507.6 9165.51 4171.59
 66295.6 29075.2 17287.8 13285.1 4723.99
 85810.9 20913.7 9170.31 5452.56 5680.07
 172520 25695.1 6260.75 2745.23 3332.68
 138075 60288.4 8978.77 2187.72 2123.83
 48270.9 37707.9 16458.3 2451.14 1177.03
 23452.4 11419.5 8915.65 3891.41 857.844
 140054 1132.79 550.167 429.535 228.808
 383984 35978 290.866 141.266 169.043
 76181.5 96592 9046 73.1327 78.0215
 284778 20629.5 26146.4 2448.65 40.9157
 492505 63909.2 4626.72 5864.03 558.352
 562460 108156 14025.6 1015.39 1409.46
 549117 158447 30457.7 3949.72 682.858
 711009 167719 48383.8 9300.65 1414.62
 135862 206310 48651.6 14035 3108.26
 353257 43026.6 65324.4 15404.7 5428.13
 487517 112807 13737.4 20856.5 6651.43
 136228 157363 36406.3 4433.48 8877.7
 352551 45061.4 52045.5 12040.8 4402.46
 421936 113882 14553.5 16809.1 5310.69
 240402 139250 37578.9 4802.38 7299.12
 210610 80162.6 46427.4 12529.2 4034.76
 107744 69952.4 26621.9 15418.5 5500.87
 81074.9 32430.8 21050.2 8011.09 6295.08
 315925 25960 10382.4 6739.04 4580
pred_Ctot
 14456.4 2955.02 11739.9 590.7 0.0202238
 15454.8 8268.81 1687.95 6706.02 337.428
 12842.2 4551.26 2431.64 496.382 2071.29
 40873.2 4288.79 1517.82 810.94 856.307
 10110.6 3896.32 408.261 144.485 158.709
 27561.3 6744.11 2595.57 271.967 201.976
 24009.2 18477.2 4515.16 1737.73 317.303
 1933.11 1150.89 884.427 216.123 98.366
 6046.61 2655 1578.63 1213.13 431.371
 10262.1 2503.96 1097.95 652.827 680.066
 5484.04 817.804 199.262 87.3731 106.07
 23038.7 10070.7 1499.83 365.442 354.77
 11286.8 8826.2 3852.37 573.734 275.504
 14954.1 7285.5 5688.06 2482.66 547.292
 27500 222.667 108.144 84.4321 44.9759
 79152.7 7424.34 60.0224 29.1514 34.8833
 13029 16538.1 1548.82 12.5215 13.3585
 73056.2 5297.66 6714.4 628.815 10.5072
 130808 16991.4 1230.1 1559.06 148.448
 85114.5 16385.3 2124.83 153.827 213.529
 59819.7 17281.1 3321.88 430.778 74.4762
 96797.9 22859.7 6594.58 1267.66 192.809
 12096.5 18390.7 4336.86 1251.1 277.074
 29809.8 3635.15 5519.01 1301.49 458.602
 38180.6 8845.18 1077.15 1635.36 521.539
 8760.29 10131.6 2343.97 285.444 571.579
 27463.2 3514.43 4059.13 939.087 343.357
 27688.5 7482.24 956.189 1104.39 348.921
 14336.1 8314.07 2243.69 286.731 435.802
 13041.7 4969.93 2878.41 776.787 250.148
 12586.3 8181.13 3113.5 1803.23 643.342
 6718.27 2690.58 1746.41 664.632 522.265
 32538.7 2676.89 1070.59 694.902 472.271
F
 0.10483 0.104963 0.104963 0.104963 0.104963
 0.186929 0.187165 0.187165 0.187165 0.187165
 0.179653 0.17988 0.17988 0.17988 0.17988
 0.19627 0.196518 0.196518 0.196518 0.196518
 0.058431 0.0585049 0.0585049 0.0585049 0.0585049
 0.114817 0.114962 0.114962 0.114962 0.114962
 0.247309 0.247622 0.247622 0.247622 0.247622
 0.0378486 0.0378965 0.0378965 0.0378965 0.0378965
 0.15372 0.153914 0.153914 0.153914 0.153914
 0.205844 0.206105 0.206105 0.206105 0.206105
 0.0513739 0.0514388 0.0514388 0.0514388 0.0514388
 0.297931 0.298308 0.298308 0.298308 0.298308
 0.441502 0.442061 0.442061 0.442061 0.442061
 2.03029 2.03286 2.03286 2.03286 2.03286
 0.35912 0.359574 0.359574 0.359574 0.359574
 0.380105 0.380586 0.380586 0.380586 0.380586
 0.306398 0.306786 0.306786 0.306786 0.306786
 0.494248 0.494873 0.494873 0.494873 0.494873
 0.515926 0.516579 0.516579 0.516579 0.516579
 0.266901 0.267239 0.267239 0.267239 0.267239
 0.186019 0.186255 0.186255 0.186255 0.186255
 0.237307 0.237607 0.237607 0.237607 0.237607
 0.149823 0.150012 0.150012 0.150012 0.150012
 0.14152 0.141699 0.141699 0.141699 0.141699
 0.130767 0.130933 0.130933 0.130933 0.130933
 0.106306 0.10644 0.10644 0.10644 0.10644
 0.130031 0.130195 0.130195 0.130195 0.130195
 0.108583 0.10872 0.10872 0.10872 0.10872
 0.0982571 0.0983814 0.0983814 0.0983814 0.0983814
 0.102194 0.102324 0.102324 0.102324 0.102324
 0.200652 0.200906 0.200906 0.200906 0.200906
 0.138817 0.138993 0.138993 0.138993 0.138993
 0.175097 0.175319 0.175319 0.175319 0.175319
YTP_r0W_actual
 245342 46711.7 25769.2 21764.3 16647.5
YTP_p0W_proyectada
 0 0 0 0 0
 0 0 0 0 0
 0 0 0 0 0
 0 0 0 0 0
 0 0 0 0 0
 0 0 0 0 0
CTP_r0_actual
 32538.7 2676.89 1070.59 694.902 472.271
CTP_p0_proyectada
 0 0 0 0 0
 0 0 0 0 0
 0 0 0 0 0
 0 0 0 0 0
 0 0 0 0 0
 0 0 0 0 0
Wmedp
 7.54 17.45 24.07 31.32 35.25
Frms_r0
 0.175097 0.175319 0.175319 0.175319 0.175319
Zrms_r0
 1.1751 1.17532 1.17532 1.17532 1.17532
nmprior
 7.29 8.9 8.7 0
nm_flota  nm_reclas  nm_pelaces    nm_pelaL
inf 9.56991 11.2593 29.6562
cv_recla  cv_pelaces  cv_mph
0.597371 0.425546 0.468851
 ------------------------------------------------
Talla a la edad & desviaci?n 
 8 13.2811 15.8009 17.003 17.5766
 0.8 1.32811 1.58009 1.7003 1.75766
