years
 1991 1992 1993 1994 1995 1996 1997 1998 1999 2000 2001 2002 2003 2004 2005 2006 2007 2008 2009 2010 2011 2012 2013 2014 2015 2016 2017 2018 2019 2020 2021 2022 2023
reclasobs
 0 0 0 0 0 0 0 0 0 252601 567819 844713 477998 351125 339783 2.1784e+06 2.13404e+06 4.81314e+06 1.55562e+06 2.62356e+06 3.21686e+06 3.843e+06 1.13348e+06 3.07943e+06 1.97215e+06 2.03268e+06 2.025e+06 2.42433e+06 2.27542e+06 1.05018e+06 2.36338e+06 3.18982e+06 1.53035e+06
reclaspred
 4.45079e+06 2.1395e+06 1.05288e+06 869660 818574 2.65792e+06 1.54247e+06 1.13004e+06 674748 277807 537803 1.55674e+06 1.48765e+06 179800 742189 1.63955e+06 1.36998e+06 1.74972e+06 1.85242e+06 2.22979e+06 4.04222e+06 3.19587e+06 2.22151e+06 2.43659e+06 2.32975e+06 2.16079e+06 2.27178e+06 2.40027e+06 2.20001e+06 2.56504e+06 1.56067e+06 1.05004e+06 1.11022e+06
pelacesobs
 0 0 0 0 0 0 0 0 0 0 0 0 0 0 0 552880 188675 0 991730 2.46772e+06 1.41603e+06 1.21717e+06 2.29649e+06 1.80582e+06 0 1.4828e+06 1.56532e+06 1.57751e+06 1.42118e+06 867257 1.10002e+06 1.06204e+06 0
pelacespred
 2.98413e+06 1.33518e+06 583222 356594 436619 1.49811e+06 768322 815487 385849 111419 300959 782631 856585 49253.8 386691 728871 657641 803177 840787 978359 2.10757e+06 1.69049e+06 1.29723e+06 1.46269e+06 1.30743e+06 1.29968e+06 1.54128e+06 1.47384e+06 1.30854e+06 1.68867e+06 910828 607381 537464
mphobs
 0 0 0 0 0 0 0 0 0 0 0 0 498337 0 5186 125008 0 168611 109162 213762 579715 649985 157893 87575 83554 210694 70296 0 107559 103333 445601 22526 28222
mphpred
 918005 538306 225888 133986 114842 150143 457039 179190 142110 61388.5 24830.7 119049 302385 105285 6710.8 107049 280869 159234 171908 256742 533149 588441 141529 83743.2 112753 133386 89058.5 108743 152421 111059 121588 54664.9 30164.3
desembarqueobs
 494567 514787 250237 358949 120608 361735 552515 73892 212993 205616 52469 317467 293654 387597 252695 516296 358380 742168 942051 627588 828172 859565 418607 520667 417249 300574 415391 372974 316634 284311 391294 218835 356480
desembarquepred
 494524 514527 250131 358902 120598 361646 552253 73891.6 212987 205601 52466.7 317342 293698 387565 252531 515977 358315 741538 940602 626923 828175 859125 418498 520653 416978 300618 415312 372818 316388 284064 391619 218888 356449
Reclutas
 115595 89130.2 89094.9 82961.1 60069.8 226268 54197.9 20503.7 25666.2 32464.9 55004.6 178265 68076.6 25723.8 73557.6 239686 45587.3 216350 298601 278376 247975 351374 49040.8 124569 201821 39348.7 130503 134599 70206.8 134500 36674.1 33774.2 96677.6
log_desv_Rt
 0.263511 0.00351617 0.0031196 -0.0682109 -0.391075 0.93514 -0.49394 -1.46597 -1.24141 -1.00642 -0.479165 0.696688 -0.265949 -1.23916 -0.188513 0.992747 -0.666954 0.890315 1.21253 1.14239 1.02675 1.37527 -0.59393 0.338281 0.820797 -0.81412 0.384811 0.415718 -0.235137 0.414981 -0.884511 -0.966884 0.0847995
SSB
 874482 512784 215178 127634 109397 143024 435371 170694 135373 58478 23653.5 113405 272809 94741.5 6072.84 97212.9 267552 151685 174099 198473 424989 505209 462536 263824 320155 407208 253286 292644 430326 289979 384101 181106 89397.5
BT
 1.38828e+06 964582 438651 451941 292447 1.18153e+06 772492 400647 381140 250001 222431 706682 630052 397734 501992 861570 557321 1.1242e+06 1.38899e+06 1.0352e+06 1.78942e+06 1.58949e+06 863664 1.25845e+06 991271 760113 1.24056e+06 1.09753e+06 766279 1.08214e+06 705307 447700 619716
Ftot
 0.501502 1.02073 1.02104 1.6962 0.668659 0.663633 1.38707 0.301179 1.35391 2.69211 0.488972 0.959435 0.849396 4.82788 1.63743 1.46387 1.08476 1.8463 2.16207 1.29074 0.923089 1.18267 0.797818 0.988925 0.821397 0.6008 0.858963 0.730718 0.623139 0.524151 1.04245 0.912777 1.45992
BD_Bspro_t
 0.923805 0.569894 0.303235 0.220511 0.181385 0.268334 0.44258 0.216738 0.233947 0.140616 0.0848236 0.388853 0.438586 0.166443 0.016288 0.201868 0.297587 0.182002 0.172768 0.168749 0.247425 0.275498 0.28174 0.208682 0.27549 0.370492 0.310833 0.37521 0.452219 0.372315 0.443589 0.264571 0.218834
BD_Bspro
 1.36665 0.801387 0.336284 0.199468 0.170968 0.223521 0.680404 0.266764 0.211563 0.0913904 0.0369661 0.17723 0.426351 0.148064 0.00949073 0.151926 0.418135 0.237055 0.272085 0.310177 0.664179 0.789549 0.722858 0.412308 0.500343 0.636391 0.39584 0.457348 0.672521 0.453184 0.600279 0.283036 0.139712
BD_Bo
 3.23028 1.89419 0.794855 0.471472 0.404106 0.528323 1.60823 0.630534 0.500058 0.216014 0.0873745 0.418909 1.00774 0.349969 0.0224327 0.359099 0.988322 0.560314 0.643112 0.733148 1.56988 1.86621 1.70858 0.974548 1.18263 1.5042 0.935624 1.08101 1.5896 1.07116 1.41884 0.668996 0.330229
BD_Brms
 3.46032 2.02908 0.851459 0.505047 0.432884 0.565947 1.72276 0.675436 0.535669 0.231397 0.0935967 0.448741 1.0795 0.374892 0.0240302 0.384671 1.0587 0.600216 0.68891 0.785358 1.68168 1.99911 1.83025 1.04395 1.26685 1.61132 1.00225 1.15799 1.7028 1.14745 1.51988 0.716637 0.353745
Sel_flota
 0.498097 0.949637 0.997217 0.999853 0.999992
 0.498097 0.949637 0.997217 0.999853 0.999992
 0.498097 0.949637 0.997217 0.999853 0.999992
 0.498097 0.949637 0.997217 0.999853 0.999992
 0.498097 0.949637 0.997217 0.999853 0.999992
 0.498097 0.949637 0.997217 0.999853 0.999992
 0.498097 0.949637 0.997217 0.999853 0.999992
 0.498097 0.949637 0.997217 0.999853 0.999992
 0.498097 0.949637 0.997217 0.999853 0.999992
 0.498097 0.949637 0.997217 0.999853 0.999992
 0.498097 0.949637 0.997217 0.999853 0.999992
 0.498097 0.949637 0.997217 0.999853 0.999992
 0.498097 0.949637 0.997217 0.999853 0.999992
 0.498097 0.949637 0.997217 0.999853 0.999992
 0.498097 0.949637 0.997217 0.999853 0.999992
 0.498097 0.949637 0.997217 0.999853 0.999992
 0.498097 0.949637 0.997217 0.999853 0.999992
 0.498097 0.949637 0.997217 0.999853 0.999992
 0.498097 0.949637 0.997217 0.999853 0.999992
 0.498097 0.949637 0.997217 0.999853 0.999992
 0.498097 0.949637 0.997217 0.999853 0.999992
 0.498097 0.949637 0.997217 0.999853 0.999992
 0.498097 0.949637 0.997217 0.999853 0.999992
 0.498097 0.949637 0.997217 0.999853 0.999992
 0.498097 0.949637 0.997217 0.999853 0.999992
 0.498097 0.949637 0.997217 0.999853 0.999992
 0.498097 0.949637 0.997217 0.999853 0.999992
 0.498097 0.949637 0.997217 0.999853 0.999992
 0.498097 0.949637 0.997217 0.999853 0.999992
 0.498097 0.949637 0.997217 0.999853 0.999992
 0.498097 0.949637 0.997217 0.999853 0.999992
 0.498097 0.949637 0.997217 0.999853 0.999992
 0.498097 0.949637 0.997217 0.999853 0.999992
Sel_reclas
 0.554082 0.862133 0.969203 0.993726 0.998747
 0.554082 0.862133 0.969203 0.993726 0.998747
 0.554082 0.862133 0.969203 0.993726 0.998747
 0.554082 0.862133 0.969203 0.993726 0.998747
 0.554082 0.862133 0.969203 0.993726 0.998747
 0.554082 0.862133 0.969203 0.993726 0.998747
 0.554082 0.862133 0.969203 0.993726 0.998747
 0.554082 0.862133 0.969203 0.993726 0.998747
 0.554082 0.862133 0.969203 0.993726 0.998747
 0.554082 0.862133 0.969203 0.993726 0.998747
 0.554082 0.862133 0.969203 0.993726 0.998747
 0.554082 0.862133 0.969203 0.993726 0.998747
 0.554082 0.862133 0.969203 0.993726 0.998747
 0.554082 0.862133 0.969203 0.993726 0.998747
 0.554082 0.862133 0.969203 0.993726 0.998747
 0.554082 0.862133 0.969203 0.993726 0.998747
 0.554082 0.862133 0.969203 0.993726 0.998747
 0.554082 0.862133 0.969203 0.993726 0.998747
 0.554082 0.862133 0.969203 0.993726 0.998747
 0.554082 0.862133 0.969203 0.993726 0.998747
 0.554082 0.862133 0.969203 0.993726 0.998747
 0.554082 0.862133 0.969203 0.993726 0.998747
 0.554082 0.862133 0.969203 0.993726 0.998747
 0.554082 0.862133 0.969203 0.993726 0.998747
 0.554082 0.862133 0.969203 0.993726 0.998747
 0.554082 0.862133 0.969203 0.993726 0.998747
 0.554082 0.862133 0.969203 0.993726 0.998747
 0.554082 0.862133 0.969203 0.993726 0.998747
 0.554082 0.862133 0.969203 0.993726 0.998747
 0.554082 0.862133 0.969203 0.993726 0.998747
 0.554082 0.862133 0.969203 0.993726 0.998747
 0.554082 0.862133 0.969203 0.993726 0.998747
 0.554082 0.862133 0.969203 0.993726 0.998747
Sel_pelaces
 0.382539 0.757157 0.940088 0.987495 0.99749
 0.382539 0.757157 0.940088 0.987495 0.99749
 0.382539 0.757157 0.940088 0.987495 0.99749
 0.382539 0.757157 0.940088 0.987495 0.99749
 0.382539 0.757157 0.940088 0.987495 0.99749
 0.382539 0.757157 0.940088 0.987495 0.99749
 0.382539 0.757157 0.940088 0.987495 0.99749
 0.382539 0.757157 0.940088 0.987495 0.99749
 0.382539 0.757157 0.940088 0.987495 0.99749
 0.382539 0.757157 0.940088 0.987495 0.99749
 0.382539 0.757157 0.940088 0.987495 0.99749
 0.382539 0.757157 0.940088 0.987495 0.99749
 0.382539 0.757157 0.940088 0.987495 0.99749
 0.382539 0.757157 0.940088 0.987495 0.99749
 0.382539 0.757157 0.940088 0.987495 0.99749
 0.382539 0.757157 0.940088 0.987495 0.99749
 0.382539 0.757157 0.940088 0.987495 0.99749
 0.382539 0.757157 0.940088 0.987495 0.99749
 0.382539 0.757157 0.940088 0.987495 0.99749
 0.382539 0.757157 0.940088 0.987495 0.99749
 0.382539 0.757157 0.940088 0.987495 0.99749
 0.382539 0.757157 0.940088 0.987495 0.99749
 0.382539 0.757157 0.940088 0.987495 0.99749
 0.382539 0.757157 0.940088 0.987495 0.99749
 0.382539 0.757157 0.940088 0.987495 0.99749
 0.382539 0.757157 0.940088 0.987495 0.99749
 0.382539 0.757157 0.940088 0.987495 0.99749
 0.382539 0.757157 0.940088 0.987495 0.99749
 0.382539 0.757157 0.940088 0.987495 0.99749
 0.382539 0.757157 0.940088 0.987495 0.99749
 0.382539 0.757157 0.940088 0.987495 0.99749
 0.382539 0.757157 0.940088 0.987495 0.99749
 0.382539 0.757157 0.940088 0.987495 0.99749
pf_obs 
 0.8446 0.082 0.0669 0.0065 0
 0.8095 0.147 0.0364 0.0071 0
 0.9664 0.0169 0.016 0.0007 0
 0.9276 0.0648 0.0075 0.0001 0
 0.7033 0.2144 0.0806 0.0017 0
 0.9318 0.0425 0.0243 0.0014 0
 0.5671 0.3108 0.0964 0.0239 0.0018
 0.0768 0.2599 0.5324 0.112 0.0189
 0.490249 0.384438 0.106611 0.0170017 0.00170017
 0.7925 0.1577 0.0466 0.003 0.0002
 0.840416 0.127587 0.0312969 0.00059994 9.999e-05
 0.8084 0.0986 0.0794 0.0134 0.0002
 0.7335 0.1905 0.0724 0.0035 0.0001
 0.4001 0.4547 0.1325 0.0127 0
 0.49795 0.308269 0.164784 0.0264974 0.00249975
 0.9179 0.0499 0.0305 0.0017 0
 0.2467 0.6533 0.0926 0.0074 0
 0.9418 0.0223 0.034 0.0019 0
 0.707729 0.231977 0.0356964 0.0245975 0
 0.517169 0.277429 0.184464 0.0207286 0.00020938
 0.811772 0.124168 0.05621 0.00726502 0.000585176
 0.764997 0.148141 0.077277 0.00933861 0.000247198
 0.163321 0.427699 0.378323 0.0303852 0.000271297
 0.753843 0.0900009 0.118128 0.0371064 0.000921714
 0.721811 0.176058 0.0630433 0.0369309 0.00215725
 0.143369 0.312575 0.442814 0.0836902 0.0175525
 0.692698 0.0596174 0.167031 0.0765114 0.00414204
 0.394062 0.376323 0.152708 0.0712218 0.00568511
 0.125707 0.32114 0.495352 0.0537591 0.00404204
 0.23352 0.215282 0.420074 0.123614 0.00750983
 0.796117 0.104755 0.0508955 0.0450114 0.00322123
 0.162477 0.292055 0.404252 0.121198 0.0200186
 0 0 0 0 0
pf_pred 
 0.503199 0.186946 0.279008 0.0308469 1.14296e-06
 0.535199 0.320946 0.0562512 0.0789088 0.00869509
 0.675995 0.241423 0.0584416 0.00946452 0.0146759
 0.704964 0.248305 0.0355225 0.00794216 0.00326598
 0.703882 0.261112 0.0299332 0.00386201 0.00121155
 0.876039 0.1043 0.0174717 0.00187313 0.000316317
 0.356733 0.605297 0.0322834 0.00505573 0.000631216
 0.407718 0.358697 0.220945 0.0107544 0.00188494
 0.600038 0.234335 0.102517 0.0597046 0.003405
 0.802738 0.160444 0.0223997 0.00894125 0.00547659
 0.905147 0.0899252 0.00411251 0.000497662 0.00031776
 0.868073 0.125705 0.00591777 0.000254487 5.02871e-05
 0.487922 0.481976 0.0287828 0.00125483 6.43527e-05
 0.477133 0.364442 0.149744 0.00830101 0.000378908
 0.9813 0.0170114 0.00125757 0.000407391 2.33051e-05
 0.928897 0.0706643 0.000402565 2.68841e-05 9.15598e-06
 0.39495 0.589282 0.0156804 8.12413e-05 7.23495e-06
 0.904697 0.0595842 0.0348592 0.000854774 4.80144e-06
 0.865996 0.130002 0.00260353 0.00136459 3.34459e-05
 0.820978 0.171753 0.00707664 0.000125456 6.69158e-05
 0.722616 0.256692 0.0199208 0.000751286 2.03224e-05
 0.76937 0.199074 0.0293629 0.00211238 8.1482e-05
 0.269185 0.655999 0.0653056 0.00885173 0.000658302
 0.745348 0.117583 0.123918 0.0114853 0.00166599
 0.792852 0.182668 0.0117805 0.011486 0.00121379
 0.294665 0.634371 0.0631091 0.00378745 0.00406693
 0.778718 0.105747 0.104577 0.00974923 0.00120896
 0.695869 0.272378 0.0157586 0.0144827 0.00151148
 0.499899 0.419377 0.0728163 0.00393205 0.00397577
 0.73745 0.180552 0.0694758 0.0112994 0.00122262
 0.339534 0.567593 0.0651133 0.0235331 0.00422697
 0.591634 0.23039 0.154642 0.0163812 0.00695325
 0.862972 0.107268 0.0173444 0.0107939 0.00162191
pobs_RECLAS
 0 0 0 0 0
 0 0 0 0 0
 0 0 0 0 0
 0 0 0 0 0
 0 0 0 0 0
 0 0 0 0 0
 0 0 0 0 0
 0 0 0 0 0
 0 0 0 0 0
 0 0 0 0 0
 0.991045 0.00858322 0.000360255 1.14367e-05 0
 0.934742 0.0480273 0.0164251 0.00080598 0
 0.827803 0.169806 0.00239088 0 0
 0.941827 0.0461693 0.0120037 0 0
 0.791401 0.0380133 0.147996 0.0225897 0
 0.846168 0.0940531 0.0597789 0 0
 0.134021 0.677848 0.182769 0.00536245 0
 0.80878 0.0450904 0.141981 0.00414843 0
 0.846168 0.0940531 0.0597789 0 0
 0.905697 0.0802665 0.012482 0.00150086 5.37128e-05
 0.989698 0.0102097 9.19794e-05 0 0
 0.975433 0.0193895 0.00387452 0.00125025 5.28907e-05
 0.303575 0.632131 0.0575291 0.00676475 0
 0.966965 0.00978017 0.0227588 0.000495775 0
 0.843318 0.132988 0.00938335 0.0141283 0.000182051
 0.564624 0.303363 0.111486 0.0197234 0.00080311
 0.826376 0.0876187 0.0782897 0.00655872 0.00115652
 0.89761 0.0855135 0.0140674 0.00269457 0.000114338
 0.34875 0.467042 0.161289 0.0227151 0.000203297
 0.318654 0.224769 0.449479 0.00709798 0
 0.937255 0.0296025 0.0250945 0.00804832 0
 0.456809 0.399803 0.12412 0.0192676 0
 0.883104 0.0372192 0.0704036 0.00927362 0
ppred_RECLAS
 0.549406 0.162476 0.258856 0.029261 1.08952e-06
 0.594892 0.273206 0.0508752 0.0729492 0.0080777
 0.727997 0.199108 0.0512091 0.00847704 0.013209
 0.767867 0.193546 0.0291705 0.00666336 0.00275345
 0.749671 0.218931 0.0267562 0.00352929 0.0011126
 0.898753 0.0842682 0.0150495 0.00164953 0.000279923
 0.427532 0.536729 0.0302844 0.00484661 0.00060806
 0.454107 0.321685 0.211809 0.0105418 0.00185674
 0.662856 0.192173 0.088979 0.0529571 0.00303492
 0.865293 0.108636 0.0157225 0.00640614 0.00394271
 0.922685 0.0730251 0.00356538 0.000441135 0.000283049
 0.894973 0.0997703 0.00499348 0.000219507 4.35871e-05
 0.54996 0.421963 0.0268199 0.00119529 6.15992e-05
 0.676702 0.22576 0.0921014 0.00519901 0.000238427
 0.986386 0.012318 0.000960141 0.000317796 1.82683e-05
 0.946784 0.0528687 0.000318315 2.17224e-05 7.43411e-06
 0.461138 0.523973 0.0148032 7.83937e-05 7.01548e-06
 0.929788 0.0430614 0.0264831 0.000663382 3.74446e-06
 0.905163 0.0918569 0.00192436 0.00103007 2.53693e-05
 0.85963 0.134344 0.00586295 0.000106225 5.69348e-05
 0.770521 0.211344 0.0174439 0.000672491 1.828e-05
 0.814211 0.159014 0.0248745 0.00182895 7.0894e-05
 0.319294 0.606801 0.0643252 0.00891321 0.00066612
 0.786432 0.0952717 0.106713 0.01011 0.00147368
 0.829714 0.148805 0.0102166 0.0101832 0.00108139
 0.34406 0.585842 0.0621675 0.00381448 0.00411603
 0.814192 0.0858135 0.090315 0.00860705 0.00107255
 0.743317 0.228033 0.0140571 0.0132074 0.00138514
 0.555908 0.368301 0.0681996 0.00376517 0.0038257
 0.775629 0.150947 0.0619942 0.0103087 0.0011209
 0.39977 0.510835 0.0622484 0.022996 0.0041507
 0.645586 0.194281 0.138707 0.0150198 0.00640659
 0.894218 0.0816226 0.0139491 0.00887068 0.00133942
pobs_PELACES
 0 0 0 0 0
 0 0 0 0 0
 0 0 0 0 0
 0 0 0 0 0
 0 0 0 0 0
 0 0 0 0 0
 0 0 0 0 0
 0 0 0 0 0
 0 0 0 0 0
 0 0 0 0 0
 0 0 0 0 0
 0 0 0 0 0
 0 0 0 0 0
 0 0 0 0 0
 0 0 0 0 0
 0 0 0 0 0
 0.505614 0.472636 0.0217494 0 0
 0 0 0 0 0
 0.443492 0.261883 0.143347 0.151278 0
 0.227955 0.32914 0.350689 0.0885471 0.00366901
 0.970185 0.0296113 0.000203453 0 0
 0.997202 0.00247181 0.000326279 0 0
 0.445219 0.490057 0.0546422 0.010081 0
 0.90214 0.0892962 0.00764917 0.000914606 0
 0 0 0 0 0
 0.581667 0.319106 0.0959925 0.00289975 0.000334073
 0.762889 0.0836404 0.116647 0.0363945 0.000428098
 0.88444 0.0763242 0.0277011 0.0115352 0
 0.521256 0.241999 0.230069 0.00667565 0
 0.616807 0.101726 0.260614 0.0208532 0
 0.833518 0.0704572 0.0857862 0.0102388 0
 0.697417 0.212968 0.0787535 0.0105354 0.000325836
 0 0 0 0 0
ppred_PELACES
 0.492827 0.172046 0.300356 0.0347691 1.30111e-06
 0.565301 0.283652 0.0574095 0.0842611 0.00937689
 0.704894 0.210628 0.0588783 0.00997657 0.0156232
 0.767616 0.191155 0.0309828 0.00724008 0.00300661
 0.719858 0.24206 0.0323312 0.00436664 0.00138347
 0.88347 0.0954507 0.0186318 0.00209102 0.00035662
 0.41796 0.542837 0.0330991 0.00542034 0.000683426
 0.396421 0.341546 0.247201 0.0126015 0.00223068
 0.645368 0.194525 0.0973821 0.0593088 0.00341586
 0.881555 0.0942655 0.0144439 0.00601532 0.00372039
 0.909376 0.0851195 0.00455482 0.00057712 0.000372161
 0.884978 0.108779 0.00592308 0.000266529 5.31888e-05
 0.520182 0.447344 0.0309867 0.00141378 7.3224e-05
 0.770281 0.159213 0.0664998 0.0038297 0.000176477
 0.986325 0.0122761 0.00102999 0.000348771 2.01485e-05
 0.945611 0.0540056 0.000350959 2.45058e-05 8.42841e-06
 0.440992 0.542275 0.0166346 9.01657e-05 8.10926e-06
 0.930208 0.0416211 0.0274629 0.000703653 3.99146e-06
 0.911742 0.0852809 0.00190733 0.00104401 2.58396e-05
 0.853253 0.139948 0.00661005 0.000122558 6.60164e-05
 0.750468 0.228198 0.0205027 0.000809136 2.21044e-05
 0.802324 0.167119 0.0283413 0.00213273 8.30814e-05
 0.291328 0.625342 0.0723027 0.010257 0.000770384
 0.761626 0.101288 0.123369 0.0119643 0.00175268
 0.810352 0.163575 0.0122447 0.0124948 0.0013335
 0.308589 0.611163 0.0709553 0.00445805 0.0048346
 0.788582 0.093025 0.106681 0.0104081 0.00130347
 0.715007 0.25024 0.0168428 0.0162022 0.00170774
 0.515103 0.39562 0.0801217 0.00452931 0.0046252
 0.739961 0.169422 0.0762192 0.0129787 0.00141831
 0.376199 0.523524 0.0693135 0.0262098 0.0047544
 0.611628 0.204364 0.158851 0.0176086 0.0075484
 0.890031 0.0831392 0.0153366 0.00997934 0.00151432
pobs_pel_tallas
 0 0 0 0 0 0 0 0 0 0 0 0 0 0 0 0 0 0 0 0 0 0 0 0 0 0
 0 0 0 0 0 0 0 0 0 0 0 0 0 0 0 0 0 0 0 0 0 0 0 0 0 0
 0 0 0 0 0 0 0 0 0 0 0 0 0 0 0 0 0 0 0 0 0 0 0 0 0 0
 0 0 0 0 0 0 0 0 0 0 0 0 0 0 0 0 0 0 0 0 0 0 0 0 0 0
 0 0 0 0 0 0 0 0 0 0 0 0 0 0 0 0 0 0 0 0 0 0 0 0 0 0
 0 0 0 0 0 0 0 0 0 0 0 0 0 0 0 0 0 0 0 0 0 0 0 0 0 0
 0 0 0 0 0 0 0 0 0 0 0 0 0 0 0 0 0 0 0 0 0 0 0 0 0 0
 0 0 0 0 0 0 0 0 0 0 0 0 0 0 0 0 0 0 0 0 0 0 0 0 0 0
 0 0 0 0 0 0 0 0 0 0 0 0 0 0 0 0 0 0 0 0 0 0 0 0 0 0
 0 0 0 0 0 0 0 0 0 0 0 0 0 0 0 0 0 0 0 0 0 0 0 0 0 0
 0 0 0 0 0 0 0 0 0 0 0 0 0 0 0 0 0 0 0 0 0 0 0 0 0 0
 0 0 0 0 0 0 0 0 0 0 0 0 0 0 0 0 0 0 0 0 0 0 0 0 0 0
 0.00862536 0 0 0.000197151 0.00414017 0.0128641 0.00837892 0.0270097 0.101434 0.158115 0.152841 0.127902 0.109271 0.109419 0.0830992 0.0579132 0.0238553 0.00714673 0.00463305 0.00128148 0.00103504 0.000492878 0.000147863 0.000147863 4.92878e-05 0
 0 0 0 0 0 0 0 0 0 0 0 0 0 0 0 0 0 0 0 0 0 0 0 0 0 0
 0 0 0 0 0 0 0 0.0054083 0.00873648 0.0413646 0.0450493 0.0745869 0.0622846 0.0627006 0.0613931 0.0827291 0.12552 0.122667 0.0946155 0.0697135 0.0546179 0.0294188 0.0215738 0.0213955 0.0102223 0.00600262
 0 0 0 0 0.00359764 0.0251062 0.0480494 0.140153 0.205849 0.193036 0.1447 0.116669 0.0760912 0.0342217 0.00950174 0.001854 0.000860785 0 0 0 0.000165536 0 0.000143464 0 0 0
 0 0 0 0 0 0 0 0.000145254 0.000435761 0.0275982 0.070085 0.0708112 0.156366 0.174668 0.174014 0.160142 0.0824315 0.0480064 0.0283245 0.00493863 0.00203355 0 0 0 0 0
 0 0 0 0 0 0 0 0 0 0 0 0 0 0 0 0 0 0 0 0 0 0 0 0 0 0
 0 0 1.00437e-05 0.000401748 0.00122533 0.00171747 0.00176769 0.0269171 0.070346 0.194647 0.189555 0.159765 0.064822 0.0314167 0.0384472 0.0292271 0.0345202 0.0313363 0.0194345 0.0106764 0.0143323 0.0359363 0.0279516 0.0138201 0.00172751 0
 0 0.0021121 0.0136068 0.0755702 0.200478 0.177729 0.0527432 0.0373336 0.0318909 0.0142505 0.0149659 0.0166563 0.0217959 0.0798694 0.0677717 0.0528807 0.04013 0.0224614 0.0357745 0.0225083 0.00881397 0.00855152 0.00135912 0.000746735 0 0
 0 0 0 0 5.4009e-05 0.00500934 0.000945158 0.0243581 0.138947 0.33067 0.221406 0.137944 0.0707744 0.0437923 0.0131692 0.00525238 0.0047753 0.00276346 9.45158e-05 9.00151e-06 2.25038e-05 9.00151e-06 4.50075e-06 0 0 0
 0.000866109 0.00284123 0.00948549 0.0512746 0.133035 0.25785 0.225252 0.132002 0.0553304 0.0519788 0.0540692 0.017754 0.00435017 0.00159236 0.00146478 0.000404838 0.000125132 0.000115318 0.000107957 0.000100596 0 0 0 0 0 0
 0 0 0 0 0.00144013 0.00171154 0.00461396 0.0210425 0.0478622 0.0707936 0.0888783 0.103762 0.0637923 0.0337046 0.0602308 0.124433 0.169614 0.0934646 0.0462172 0.0250306 0.0313229 0.00938855 0.002487 0.000210481 0 0
 0 0.00764035 0.051015 0.0998891 0.058973 0.0496711 0.0374665 0.0718981 0.12319 0.153886 0.159021 0.0857701 0.0377988 0.023471 0.0147837 0.00900784 0.00315554 0.000888139 0.00291439 0.00214683 0.00393193 0.00274676 0.000635225 9.99891e-05 0 0
 0 0 0 0 0 0 0 0 0 0 0 0 0 0 0 0 0 0 0 0 0 0 0 0 0 0
 0 0 0 0 0 0 0 0 0 0 0 0 0 0 0 0 0 0 0 0 0 0 0 0 0 0
 0 0 0 0 0 0 0 0 0 0 0 0 0 0 0 0 0 0 0 0 0 0 0 0 0 0
 0 0 0 0 0 0 0 0 0 0 0 0 0 0 0 0 0 0 0 0 0 0 0 0 0 0
 0 0 0 0 0 0 0 0 0 0 0 0 0 0 0 0 0 0 0 0 0 0 0 0 0 0
 0 0 0 0 0 0 0 0 0 0 0 0 0 0 0 0 0 0 0 0 0 0 0 0 0 0
 0 0 0 0 0 0 0 0 0 0 0 0 0 0 0 0 0 0 0 0 0 0 0 0 0 0
 0 0 0 0 0 0 0 0 0 0 0 0 0 0 0 0 0 0 0 0 0 0 0 0 0 0
 0 0 0 0 0 0 0 0 0 0 0 0 0 0 0 0 0 0 0 0 0 0 0 0 0 0
ppred_pel_tallas
 1.12199e-16 4.05935e-05 0.000394584 0.00262215 0.0119199 0.0370874 0.0790192 0.115334 0.115351 0.0791025 0.0373685 0.0127376 0.00469557 0.0049903 0.00897191 0.0152977 0.0232655 0.0318229 0.0398347 0.0466424 0.0521922 0.0565512 0.0593075 0.0595176 0.0563107 0.0496216
 1.11767e-16 4.65631e-05 0.00045261 0.00300776 0.0136728 0.0425414 0.09064 0.132297 0.132325 0.0907739 0.0429911 0.0149725 0.00627326 0.00759185 0.0136379 0.0225623 0.0327206 0.041649 0.0469003 0.0474351 0.0442613 0.0397107 0.0359248 0.0337292 0.0325777 0.0313051
 1.05398e-16 5.80612e-05 0.000564376 0.00375047 0.0170491 0.0530463 0.113021 0.164962 0.164983 0.113121 0.0533804 0.0180147 0.00617668 0.0058688 0.0101558 0.0167601 0.0242853 0.0308523 0.0345828 0.0346146 0.0315934 0.0271811 0.0229948 0.0198159 0.0175364 0.0156313
 1.02178e-16 6.32276e-05 0.000614594 0.0040842 0.0185662 0.0577664 0.123078 0.17964 0.179658 0.123168 0.0580688 0.0194397 0.00627731 0.00540326 0.00916098 0.0150533 0.0216984 0.0273277 0.0301809 0.0294446 0.0257267 0.0206279 0.0157689 0.0120345 0.00947176 0.00767658
 1.01667e-16 5.92938e-05 0.000576357 0.0038301 0.0174111 0.0541725 0.115421 0.168465 0.168489 0.115535 0.0545551 0.0185163 0.00660421 0.00663145 0.0115565 0.0190047 0.0273544 0.0343614 0.0377747 0.0365482 0.0314539 0.0245488 0.0179431 0.0128316 0.00934384 0.00701276
 1.00833e-16 7.27703e-05 0.000707353 0.00470061 0.0213683 0.0664847 0.141653 0.206749 0.206758 0.141698 0.0666358 0.0218048 0.00579663 0.00310112 0.00462223 0.00753464 0.0108658 0.0137022 0.0151621 0.0148338 0.013008 0.0104658 0.00799956 0.00604468 0.00463513 0.00359611
 1.01754e-16 3.44269e-05 0.000334642 0.00222382 0.0101092 0.0314537 0.0670173 0.0978247 0.0978769 0.0672726 0.0323106 0.0125832 0.00843038 0.0138717 0.0257088 0.042355 0.0607933 0.0759894 0.0828318 0.0789568 0.0661754 0.0492938 0.0333159 0.0211829 0.0133376 0.00871637
 1.08863e-16 3.26527e-05 0.000317396 0.00210921 0.00958818 0.0298326 0.0635627 0.0927786 0.0928118 0.0637252 0.0303791 0.0111706 0.0060959 0.00906878 0.0167945 0.0280802 0.0412982 0.0536952 0.0624069 0.065986 0.0650596 0.0615168 0.0569882 0.051945 0.0459888 0.038768
 1.09386e-16 5.31582e-05 0.000516716 0.00343376 0.0156094 0.0485667 0.103477 0.151032 0.151051 0.10357 0.048877 0.0165072 0.00569385 0.00547186 0.00952732 0.0158347 0.0232054 0.0300364 0.0347311 0.0365772 0.0361246 0.0346751 0.0333107 0.0322594 0.0310018 0.028857
 1.01674e-16 7.26125e-05 0.00070582 0.00469042 0.021322 0.0663406 0.141346 0.206301 0.20631 0.14139 0.0664898 0.0217528 0.00577198 0.00306751 0.00455989 0.00742898 0.0107083 0.0134968 0.0149308 0.0146193 0.0128737 0.0104918 0.00827202 0.00663516 0.00557376 0.00484921
 1.00275e-16 7.49041e-05 0.000728095 0.00483845 0.0219949 0.0684343 0.145807 0.212811 0.212819 0.145847 0.0685686 0.0223827 0.00581143 0.0028501 0.00409899 0.00664219 0.00952402 0.0118984 0.0129585 0.0123335 0.010309 0.00764248 0.00512332 0.00321713 0.00199539 0.00128984
 1.00235e-16 7.28945e-05 0.00070856 0.00470863 0.0214048 0.0665982 0.141895 0.207102 0.207113 0.141946 0.0667699 0.0219004 0.00595203 0.00342029 0.0052152 0.00848596 0.012169 0.0152002 0.0165487 0.0157387 0.0131331 0.00969834 0.00644404 0.00396846 0.00236896 0.00143789
 1.01163e-16 4.28468e-05 0.000416486 0.0027677 0.0125816 0.0391462 0.0834067 0.121744 0.121787 0.0836171 0.0398524 0.0146207 0.00788345 0.0115751 0.0212079 0.0349214 0.0501317 0.0626809 0.0683545 0.0651975 0.0546872 0.0407647 0.0275368 0.0174241 0.0108078 0.00684495
 1.02374e-16 6.3447e-05 0.000616728 0.00409837 0.0186306 0.0579669 0.123505 0.180263 0.180278 0.12358 0.05822 0.0193627 0.00593919 0.00464575 0.00774591 0.0127845 0.0185935 0.0237595 0.0268675 0.0272328 0.0252567 0.0220634 0.0187398 0.0158044 0.0132209 0.0107615
 1.00072e-16 8.12423e-05 0.000789704 0.00524786 0.023856 0.0742249 0.158144 0.230816 0.230817 0.15815 0.0742443 0.023912 0.00538834 0.00109619 0.000662787 0.000965721 0.00137993 0.00172807 0.00189052 0.0018141 0.00153947 0.00117392 0.000828198 0.000565893 0.00039455 0.000288901
 1.00028e-16 7.78887e-05 0.000757106 0.00503123 0.0228713 0.071161 0.151616 0.221289 0.221295 0.151642 0.0712462 0.0231171 0.00564761 0.00210072 0.00262393 0.00419959 0.00600679 0.00747914 0.00809822 0.0076272 0.00625218 0.00446596 0.00278711 0.00152844 0.000746049 0.000333209
 1.0063e-16 3.6324e-05 0.000353082 0.00234636 0.0106662 0.0331869 0.0707101 0.103214 0.103267 0.070965 0.0340423 0.0131357 0.00854012 0.0138578 0.025636 0.0421973 0.0604849 0.075431 0.0818939 0.0774986 0.0640822 0.046527 0.029954 0.0174285 0.00948093 0.00506473
 1.00875e-16 7.662e-05 0.000744774 0.00494929 0.0224987 0.0700019 0.149147 0.217685 0.217689 0.149166 0.0700684 0.0226912 0.00543407 0.00180823 0.00211139 0.00340837 0.00499277 0.00646483 0.00746519 0.00781474 0.00759407 0.00704624 0.00638966 0.00570273 0.0049519 0.00409809
 1.00187e-16 7.5099e-05 0.000729989 0.00485103 0.0220521 0.0686123 0.146186 0.213365 0.213373 0.146226 0.0687468 0.0224404 0.00582494 0.00285338 0.00409999 0.00663876 0.00950806 0.0118556 0.0128694 0.0121779 0.0100736 0.00732779 0.004748 0.00281465 0.00160509 0.000945676
 1.00251e-16 7.02814e-05 0.00068316 0.00453984 0.0206375 0.0642109 0.136809 0.199679 0.199692 0.136874 0.0644317 0.021275 0.00613913 0.0041708 0.00668318 0.0109091 0.0156412 0.0195275 0.0212409 0.0201689 0.0167805 0.012324 0.00810566 0.00490218 0.00284317 0.00166138
 1.00735e-16 6.18151e-05 0.000600865 0.00399296 0.0181514 0.056476 0.120329 0.175628 0.17565 0.120436 0.0568364 0.0191922 0.00660427 0.00629785 0.0108709 0.0178462 0.0256357 0.0320952 0.0350793 0.0335912 0.0283735 0.021413 0.0147734 0.00966165 0.00625927 0.00414402
 1.01089e-16 6.60864e-05 0.000642384 0.00426887 0.0194057 0.0603783 0.128643 0.187761 0.187778 0.128722 0.0606427 0.0201694 0.00618613 0.00482857 0.00801861 0.0131571 0.0189583 0.0238611 0.026316 0.0255971 0.0222196 0.0175717 0.013073 0.00952059 0.00700042 0.00521487
 1.03406e-16 2.39964e-05 0.000233254 0.00155006 0.00704636 0.0219242 0.046714 0.0681931 0.0682533 0.0470084 0.0229124 0.00990037 0.00871249 0.0158639 0.0296943 0.0490123 0.070505 0.0884525 0.097025 0.0935106 0.0799216 0.0616231 0.0441437 0.0306499 0.0215316 0.0155947
 1.05083e-16 6.27341e-05 0.000609798 0.00405232 0.0184213 0.0573155 0.122117 0.178235 0.178245 0.122166 0.0574792 0.0188964 0.00525326 0.00325871 0.00517328 0.00866098 0.0129536 0.0172948 0.0209223 0.0234305 0.0249039 0.0256534 0.0258111 0.0251753 0.0234272 0.0204808
 1.01874e-16 6.67477e-05 0.000648811 0.00431158 0.0195998 0.0609824 0.12993 0.18964 0.189656 0.130007 0.0612408 0.0203459 0.0061837 0.00473358 0.00781849 0.0128048 0.0184054 0.023078 0.0253044 0.0243977 0.020919 0.0163079 0.0120296 0.00889357 0.0069382 0.00575687
 1.0347e-16 2.54182e-05 0.000247074 0.00164189 0.00746385 0.0232231 0.0494815 0.072232 0.0722909 0.0497692 0.024189 0.0102531 0.00864174 0.0155227 0.0290213 0.0478969 0.0688963 0.0864254 0.0947833 0.0913171 0.0779939 0.0600628 0.0429391 0.0297339 0.0208432 0.0151053
 1.04367e-16 6.49545e-05 0.000631381 0.00419575 0.0190733 0.0593441 0.126439 0.184543 0.184553 0.126484 0.0594942 0.0195089 0.00529628 0.00305722 0.00474043 0.00791213 0.0118054 0.0157066 0.0189041 0.0210228 0.0221541 0.0226163 0.022576 0.0218908 0.0202917 0.0176948
 1.02464e-16 5.88942e-05 0.000572473 0.00380428 0.0172937 0.0538074 0.114643 0.16733 0.167354 0.114761 0.0542025 0.0184348 0.00666734 0.00681863 0.0119102 0.0195678 0.0281167 0.0352242 0.0385614 0.0370709 0.0316098 0.0243892 0.0176703 0.0127197 0.00962527 0.00778595
 1.03651e-16 4.24285e-05 0.00041242 0.00274068 0.0124587 0.038764 0.0825921 0.120554 0.120592 0.0827786 0.0393903 0.0142682 0.00728426 0.0103363 0.0189047 0.0312247 0.0450637 0.0568454 0.0629334 0.0616198 0.0541041 0.0436151 0.0334281 0.0253436 0.0195058 0.0151981
 1.03785e-16 6.09497e-05 0.000592452 0.00393706 0.0178973 0.0556852 0.118644 0.173168 0.173184 0.118724 0.0559549 0.0186772 0.00589875 0.00488813 0.00825818 0.0136576 0.019905 0.0255244 0.0290371 0.0297366 0.0280549 0.0251634 0.0221602 0.0195122 0.0170911 0.0145879
 1.05568e-16 3.09871e-05 0.000301206 0.00200162 0.0090991 0.028311 0.0603213 0.0880513 0.0881018 0.0605679 0.0291387 0.01149 0.00800286 0.0134015 0.0249096 0.041129 0.05924 0.074489 0.0820472 0.0796916 0.0691252 0.0548044 0.0412542 0.0309643 0.0240789 0.0194473
 1.0768e-16 5.0379e-05 0.000489702 0.00325424 0.0147933 0.0460276 0.0980675 0.143137 0.143156 0.0981648 0.0463551 0.0157418 0.00564485 0.00574118 0.0101199 0.0169008 0.0249243 0.0325579 0.038131 0.0408141 0.0409883 0.0397413 0.0379504 0.0357591 0.0327842 0.0287052
 1.01721e-16 7.33107e-05 0.000712606 0.00473552 0.021527 0.0669784 0.142705 0.208284 0.208292 0.142744 0.0671101 0.0219073 0.00569068 0.00279922 0.00404069 0.00657623 0.00949584 0.0120063 0.0133549 0.013203 0.0118222 0.00990014 0.00811205 0.00679357 0.00590743 0.00522894
pSPR Fmed_Fpbrs
1   0.983521 0.6 0.325 0.983521 0.983521 0.983521
Fs Fmed_Fpbrs
0   0.01 0.349498 0.897789 0.01 0.01 0.01
SSBpbr Bo_Bmed_Bpbrs
270714  257178  252717 148893 74446.3 252717 252717 252717
Ro
88817.4
SPR SPRFo_SPRFmed_SPRFpbrs
639871 639871 629326
Fref
0
Nvult_r0
 79489.8 7160.5 1134.65 705.366 105.984
CTP_r0
 33466.9 4159.94 672.633 418.597 62.8991
YTP_r0
356449
Np
 96677.6 35565.7 13083.9 4813.29 2422.12
Nvult_p0
 61111.9 22481.8 8270.6 3042.58 1531.07
CTP_p0
 0 0 0 0 0
 0 0 0 0 0
 0 0 0 0 0
 0 0 0 0 0
 0 0 0 0 0
 0 0 0 0 0
YTP_p0
 0 0 0 0 0 0
CBA_c0
0
log_Ro
11.2143
likeval ReclasPelacesDesembMPH_pf_preclas_ppelaces_ptallas_desvR_qrecl_qpela
 39.1014 22.0905 0.0455164 79.395 260.173 152.063 134.631 0 28.3691 0.000128847 0.000243124 0.00597596 2067 0 0
q_reclas_q_pelaces
4.97927 9.07118
M
1
N
 115595 24604.1 35287.2 3893 0.14423
 89130.2 33125.3 5621.88 7872.79 867.437
 89094.9 19720.8 4622.66 747.347 1158.75
 82961.1 19710 2751.25 614.326 252.606
 60069.8 13111.6 1448.24 186.481 58.4949
 226268 15838.6 2556.18 273.501 46.1814
 54197.9 59809.7 3102.6 485.163 60.5688
 20503.7 9991.65 5894.15 286.229 50.1613
 25666.2 6492.13 2761.4 1605.79 91.5724
 32464.9 4810.46 660.25 263.314 161.274
 55004.6 3124.36 137.28 16.5768 10.5832
 178265 15861 722.444 31.0132 6.12769
 68076.6 40665.4 2346.08 102.092 5.23519
 25723.8 16404.4 6677.62 369.988 16.8881
 73557.6 854.421 61.5947 19.927 1.13986
 239686 11970.8 66.3843 4.42693 1.50758
 45587.3 42528.9 1096.73 5.67273 0.50514
 216350 9769.95 5584.81 136.775 0.768247
 298601 31730 622.504 325.917 7.98776
 278376 37419.4 1497.92 26.5147 14.1413
 247975 53842.3 4040.84 152.122 4.11455
 351374 57601.1 8243.78 592.108 22.8378
 49040.8 71719.9 6892.5 932.469 69.3407
 124569 12124.9 12368.2 1144.35 165.978
 201821 28002.2 1743.93 1697.16 179.331
 39348.7 49315.7 4722.1 282.813 303.649
 130503 10731.7 10254.3 954.207 118.315
 134599 31297.8 1746.31 1601.8 167.155
 70206.8 34409.5 5752.47 310 313.414
 134500 18935.9 7004.66 1136.81 122.992
 36674.1 38110.3 4234.68 1527.88 274.411
 33774.2 8027.14 5209.75 550.877 233.806
 96677.6 7885.67 1241.13 771.28 115.885
pred_Ctot
 16483.2 6123.76 9139.42 1010.45 0.03744
 23394.9 14029.3 2458.88 3449.3 380.084
 23391.3 8353.91 2022.24 327.499 507.827
 31988.1 11267 1611.85 360.379 148.195
 11050.9 4099.44 469.95 60.6334 19.0213
 41353.8 4923.52 824.759 88.4222 14.9319
 18062.5 30648.1 1634.61 255.988 31.9605
 1827.77 1608.02 990.484 48.2115 8.45006
 8399.93 3280.45 1435.14 835.804 47.6665
 16806.9 3359.21 468.981 187.202 114.663
 7666.44 761.652 34.8323 4.21511 2.69137
 44494.2 6443.17 303.323 13.0441 2.57753
 15362.1 15174.9 906.219 39.508 2.02613
 17565.1 13416.5 5512.66 305.592 13.949
 27665.8 479.603 35.4547 11.4856 0.657043
 83137.2 6324.53 36.03 2.40615 0.81947
 12564.1 18746.2 498.823 2.58444 0.230158
 88445.6 5825.11 3407.93 83.5649 0.469402
 135428 20330.2 407.149 213.399 5.23039
 87865.7 18381.9 757.382 13.427 7.16171
 59961.9 21300 1653.01 62.341 1.68634
 103670 26824.5 3956.54 284.635 10.9794
 10498.2 25583.8 2546.9 345.215 25.6736
 31869 5027.53 5298.39 491.08 71.2334
 44279 10201.6 657.914 641.468 67.7876
 6591.3 14190.1 1411.67 84.7207 90.9722
 29726.2 4036.7 3992.05 372.16 46.1498
 26735.1 10464.7 605.439 556.42 58.0706
 12144.3 10188.1 1768.96 95.5228 96.5851
 19955.3 4885.72 1880 305.759 33.084
 9790.88 16367.2 1877.62 678.606 121.89
 8091.47 3150.92 2114.95 224.037 95.096
 33466.9 4159.94 672.633 418.597 62.8991
F
 0.249797 0.476245 0.500106 0.501429 0.501498
 0.508424 0.969326 1.01789 1.02058 1.02072
 0.508578 0.96962 1.0182 1.02089 1.02103
 0.844873 1.61078 1.69148 1.69595 1.69619
 0.333057 0.634983 0.666798 0.668561 0.668654
 0.330553 0.630211 0.661786 0.663536 0.663628
 0.690893 1.31721 1.3832 1.38686 1.38705
 0.150016 0.286011 0.300341 0.301135 0.301177
 0.67438 1.28573 1.35015 1.35372 1.3539
 1.34093 2.55653 2.68461 2.69171 2.69209
 0.243555 0.464346 0.487611 0.4889 0.488968
 0.477891 0.911115 0.956764 0.959294 0.959427
 0.423081 0.806618 0.847032 0.849271 0.849389
 2.40475 4.58473 4.81444 4.82717 4.82784
 0.815598 1.55496 1.63287 1.63719 1.63742
 0.729147 1.39014 1.45979 1.46365 1.46385
 0.540317 1.03013 1.08174 1.0846 1.08476
 0.919637 1.75332 1.84116 1.84603 1.84629
 1.07692 2.05318 2.15605 2.16175 2.16205
 0.642914 1.22574 1.28715 1.29055 1.29073
 0.459788 0.8766 0.92052 0.922953 0.923082
 0.589084 1.12311 1.17938 1.1825 1.18266
 0.39739 0.757637 0.795597 0.7977 0.797811
 0.492581 0.93912 0.986173 0.98878 0.988918
 0.409135 0.780029 0.819111 0.821277 0.821391
 0.299256 0.570542 0.599127 0.600711 0.600795
 0.427847 0.815703 0.856572 0.858837 0.858956
 0.363968 0.693917 0.728684 0.730611 0.730713
 0.310384 0.591756 0.621405 0.623048 0.623134
 0.261078 0.497754 0.522692 0.524074 0.524147
 0.519243 0.989952 1.03955 1.0423 1.04245
 0.454651 0.866807 0.910236 0.912643 0.91277
 0.727179 1.38639 1.45585 1.4597 1.4599
YTP_r0W_actual
 252340 72591 16190.3 13110.5 2217.19
YTP_p0W_proyectada
 0 0 0 0 0
 0 0 0 0 0
 0 0 0 0 0
 0 0 0 0 0
 0 0 0 0 0
 0 0 0 0 0
CTP_r0_actual
 33466.9 4159.94 672.633 418.597 62.8991
CTP_p0_proyectada
 0 0 0 0 0
 0 0 0 0 0
 0 0 0 0 0
 0 0 0 0 0
 0 0 0 0 0
 0 0 0 0 0
Wmedp
 7.54 17.45 24.07 31.32 35.25
Frms_r0
 0.727179 1.38639 1.45585 1.4597 1.4599
Zrms_r0
 1.72718 2.38639 2.45585 2.4597 2.4599
nmprior
 7.29 8.9 8.7 0
nm_flota  nm_reclas  nm_pelaces    nm_pelaL
inf 11.7899 7.34406 16.3046
cv_recla  cv_pelaces  cv_mph
0.541535 0.514865 0.35721
 ------------------------------------------------
Talla a la edad & desviaci?n 
 8 13.2811 15.8009 17.003 17.5766
 0.8 1.32811 1.58009 1.7003 1.75766
