years
 1991 1992 1993 1994 1995 1996 1997 1998 1999 2000 2001 2002 2003 2004 2005 2006 2007 2008 2009 2010 2011 2012 2013 2014 2015 2016 2017 2018 2019 2020 2021 2022 2023
reclasobs
 0 0 0 0 0 0 0 0 0 252601 567819 844713 477998 351125 339783 2.1784e+06 2.13404e+06 4.81314e+06 1.55562e+06 2.62356e+06 3.21686e+06 3.843e+06 1.13348e+06 3.07943e+06 1.97215e+06 2.03268e+06 2.025e+06 2.42433e+06 2.27542e+06 1.05018e+06 2.36338e+06 3.18982e+06 1.53035e+06
reclaspred
 3.30675e+06 1.79422e+06 951769 1.19018e+06 1.34673e+06 2.08645e+06 1.27881e+06 1.18765e+06 840634 604480 829270 1.08076e+06 726020 128970 664327 1.2827e+06 1.05921e+06 1.38134e+06 1.60448e+06 2.08017e+06 3.82682e+06 3.02562e+06 2.27586e+06 2.97664e+06 2.60984e+06 2.3274e+06 2.62145e+06 2.81831e+06 2.6178e+06 2.37556e+06 1.56784e+06 1.26902e+06 1.60676e+06
pelacesobs
 0 0 0 0 0 0 0 0 0 0 0 0 0 0 0 552880 188675 0 991730 2.46772e+06 1.41603e+06 1.21717e+06 2.29649e+06 1.80582e+06 0 1.4828e+06 1.56532e+06 1.57751e+06 1.42118e+06 867257 1.10002e+06 1.06204e+06 0
pelacespred
 1.77909e+06 1.05649e+06 541073 578826 699738 1.13951e+06 642064 751779 510368 345489 488588 544788 379372 43336.8 379797 602886 491769 684250 827660 966108 1.98601e+06 1.66717e+06 1.27087e+06 1.81736e+06 1.48121e+06 1.32186e+06 1.76822e+06 1.70105e+06 1.41527e+06 1.45658e+06 893172 724872 885160
mphobs
 0 0 0 0 0 0 0 0 0 0 0 0 498337 0 5186 125008 0 168611 109162 213762 579715 649985 157893 87575 83554 210694 70296 0 107559 103333 445601 22526 28222
mphpred
 902560 611686 292176 175702 244953 313950 390490 239353 221027 147059 96884.6 188491 212531 76012.2 7611.35 108191 249644 188728 180028 246645 520268 627695 118485 94263.3 117543 116999 96232.3 100475 139584 122694 92863.7 61055.8 37536.9
desembarqueobs
 494567 514787 250237 358949 120608 361735 552515 73892 212993 205616 52469 317467 293654 387597 252695 516296 358380 742168 942051 627588 828172 859565 418607 520667 417249 300574 415391 372974 316634 284311 391294 218835 356480
desembarquepred
 494575 513522 250990 359000 120616 361778 552651 73898.8 213077 205694 52471 317463 294054 388832 252655 516254 358499 742296 941495 627353 828320 859610 418694 520811 417195 300637 415454 372968 316583 284210 391598 218933 356535
Reclutas
 178433 86823.2 108926 190836 161234 230819 99241.4 49982.6 41939.1 56710.3 132380 156039 52106.7 21356.1 112425 318715 61807.6 249995 394774 433017 404176 518072 96480.1 242093 347923 93641.4 243052 286515 170233 162433 72363.5 59690.3 209080
log_desv_Rt
 0.235009 -0.485331 -0.258539 0.302211 0.133648 0.492426 -0.351651 -1.03753 -1.21299 -0.911249 -0.0635256 0.100902 -0.995912 -1.88787 -0.226924 0.815092 -0.825179 0.572235 1.02911 1.12157 1.05265 1.30091 -0.379869 0.540118 0.902777 -0.409733 0.544071 0.708585 0.18796 0.141062 -0.667504 -0.860037 0.39351
SSB
 2.03546e+06 1.37948e+06 658916 396245 552419 708022 880636 539790 498460 331648 218495 425085 457221 164529 16531.5 235360 562999 425619 423384 532206 1.14889e+06 1.45456e+06 1.33991e+06 1.03e+06 1.20155e+06 1.26627e+06 984145 988790 1.42302e+06 1.17909e+06 1.01922e+06 690018 391119
BT
 2.90042e+06 1.97467e+06 995937 1.09724e+06 1.06646e+06 1.88682e+06 1.39655e+06 1.10824e+06 924706 678468 724852 1.0226e+06 791200 451869 775580 1.27011e+06 968094 1.60661e+06 2.05276e+06 1.85365e+06 3.4097e+06 3.13494e+06 2.13218e+06 3.01286e+06 2.44562e+06 2.09337e+06 2.8851e+06 2.7251e+06 2.2285e+06 2.28697e+06 1.61505e+06 1.20198e+06 1.54736e+06
Ftot
 0.216559 0.39518 0.384268 0.534791 0.149015 0.304206 0.623931 0.099422 0.39867 0.537205 0.126625 0.501264 0.589746 3.16115 0.910532 0.841595 0.513331 0.972339 1.14018 0.597642 0.379122 0.483784 0.271956 0.312548 0.275075 0.194695 0.285712 0.252105 0.183074 0.192331 0.371744 0.262888 0.437203
BD_Bspro_t
 0.966206 0.781122 0.579266 0.504551 0.555103 0.656152 0.63801 0.480953 0.551007 0.498005 0.46538 0.702338 0.583428 0.274967 0.0467221 0.388389 0.478019 0.383005 0.339412 0.354553 0.474413 0.52637 0.540506 0.519999 0.598603 0.661804 0.650889 0.678707 0.740099 0.70871 0.690124 0.591183 0.566703
BD_Bspro
 2.00288 1.3574 0.648371 0.389903 0.543577 0.69669 0.866541 0.53115 0.490483 0.32634 0.214998 0.418282 0.449903 0.161896 0.0162669 0.231593 0.553988 0.418807 0.416608 0.523688 1.1305 1.43128 1.31846 1.01351 1.18232 1.24601 0.968394 0.972965 1.40025 1.16022 1.00291 0.678975 0.384859
BD_Bo
 2.49663 1.69203 0.808207 0.486022 0.67758 0.868439 1.08016 0.66209 0.611396 0.40679 0.267999 0.521397 0.560814 0.201806 0.020277 0.288686 0.690557 0.522052 0.51931 0.652788 1.40919 1.78412 1.64349 1.26336 1.47379 1.55317 1.20712 1.21282 1.74543 1.44623 1.25014 0.846356 0.479735
BD_Brms
 2.67464 1.81267 0.865832 0.520675 0.725892 0.930358 1.15718 0.709297 0.654989 0.435794 0.287107 0.558572 0.6008 0.216195 0.0217228 0.309269 0.739794 0.559274 0.556337 0.699331 1.50967 1.91132 1.76067 1.35344 1.57887 1.66392 1.29319 1.29929 1.86988 1.54935 1.33928 0.906701 0.51394
Sel_flota
 0.504942 0.950931 0.997291 0.999857 0.999992
 0.504942 0.950931 0.997291 0.999857 0.999992
 0.504942 0.950931 0.997291 0.999857 0.999992
 0.504942 0.950931 0.997291 0.999857 0.999992
 0.504942 0.950931 0.997291 0.999857 0.999992
 0.504942 0.950931 0.997291 0.999857 0.999992
 0.504942 0.950931 0.997291 0.999857 0.999992
 0.504942 0.950931 0.997291 0.999857 0.999992
 0.504942 0.950931 0.997291 0.999857 0.999992
 0.504942 0.950931 0.997291 0.999857 0.999992
 0.504942 0.950931 0.997291 0.999857 0.999992
 0.504942 0.950931 0.997291 0.999857 0.999992
 0.504942 0.950931 0.997291 0.999857 0.999992
 0.504942 0.950931 0.997291 0.999857 0.999992
 0.504942 0.950931 0.997291 0.999857 0.999992
 0.504942 0.950931 0.997291 0.999857 0.999992
 0.504942 0.950931 0.997291 0.999857 0.999992
 0.504942 0.950931 0.997291 0.999857 0.999992
 0.504942 0.950931 0.997291 0.999857 0.999992
 0.504942 0.950931 0.997291 0.999857 0.999992
 0.504942 0.950931 0.997291 0.999857 0.999992
 0.504942 0.950931 0.997291 0.999857 0.999992
 0.504942 0.950931 0.997291 0.999857 0.999992
 0.504942 0.950931 0.997291 0.999857 0.999992
 0.504942 0.950931 0.997291 0.999857 0.999992
 0.504942 0.950931 0.997291 0.999857 0.999992
 0.504942 0.950931 0.997291 0.999857 0.999992
 0.504942 0.950931 0.997291 0.999857 0.999992
 0.504942 0.950931 0.997291 0.999857 0.999992
 0.504942 0.950931 0.997291 0.999857 0.999992
 0.504942 0.950931 0.997291 0.999857 0.999992
 0.504942 0.950931 0.997291 0.999857 0.999992
 0.504942 0.950931 0.997291 0.999857 0.999992
Sel_reclas
 1 1 1 1 1
 1 1 1 1 1
 1 1 1 1 1
 1 1 1 1 1
 1 1 1 1 1
 1 1 1 1 1
 1 1 1 1 1
 1 1 1 1 1
 1 1 1 1 1
 1 1 1 1 1
 1 1 1 1 1
 1 1 1 1 1
 1 1 1 1 1
 1 1 1 1 1
 1 1 1 1 1
 1 1 1 1 1
 1 1 1 1 1
 1 1 1 1 1
 1 1 1 1 1
 1 1 1 1 1
 1 1 1 1 1
 1 1 1 1 1
 1 1 1 1 1
 1 1 1 1 1
 1 1 1 1 1
 1 1 1 1 1
 1 1 1 1 1
 1 1 1 1 1
 1 1 1 1 1
 1 1 1 1 1
 1 1 1 1 1
 1 1 1 1 1
 1 1 1 1 1
Sel_pelaces
 1 1 1 1 1
 1 1 1 1 1
 1 1 1 1 1
 1 1 1 1 1
 1 1 1 1 1
 1 1 1 1 1
 1 1 1 1 1
 1 1 1 1 1
 1 1 1 1 1
 1 1 1 1 1
 1 1 1 1 1
 1 1 1 1 1
 1 1 1 1 1
 1 1 1 1 1
 1 1 1 1 1
 1 1 1 1 1
 1 1 1 1 1
 1 1 1 1 1
 1 1 1 1 1
 1 1 1 1 1
 1 1 1 1 1
 1 1 1 1 1
 1 1 1 1 1
 1 1 1 1 1
 1 1 1 1 1
 1 1 1 1 1
 1 1 1 1 1
 1 1 1 1 1
 1 1 1 1 1
 1 1 1 1 1
 1 1 1 1 1
 1 1 1 1 1
 1 1 1 1 1
pf_obs 
 0.8446 0.082 0.0669 0.0065 0
 0.8095 0.147 0.0364 0.0071 0
 0.9664 0.0169 0.016 0.0007 0
 0.9276 0.0648 0.0075 0.0001 0
 0.7033 0.2144 0.0806 0.0017 0
 0.9318 0.0425 0.0243 0.0014 0
 0.5671 0.3108 0.0964 0.0239 0.0018
 0.0768 0.2599 0.5324 0.112 0.0189
 0.490249 0.384438 0.106611 0.0170017 0.00170017
 0.7925 0.1577 0.0466 0.003 0.0002
 0.840416 0.127587 0.0312969 0.00059994 9.999e-05
 0.8084 0.0986 0.0794 0.0134 0.0002
 0.7335 0.1905 0.0724 0.0035 0.0001
 0.4001 0.4547 0.1325 0.0127 0
 0.49795 0.308269 0.164784 0.0264974 0.00249975
 0.9179 0.0499 0.0305 0.0017 0
 0.2467 0.6533 0.0926 0.0074 0
 0.9418 0.0223 0.034 0.0019 0
 0.707729 0.231977 0.0356964 0.0245975 0
 0.517169 0.277429 0.184464 0.0207286 0.00020938
 0.811772 0.124168 0.05621 0.00726502 0.000585176
 0.764997 0.148141 0.077277 0.00933861 0.000247198
 0.163321 0.427699 0.378323 0.0303852 0.000271297
 0.753843 0.0900009 0.118128 0.0371064 0.000921714
 0.721811 0.176058 0.0630433 0.0369309 0.00215725
 0.143369 0.312575 0.442814 0.0836902 0.0175525
 0.692698 0.0596174 0.167031 0.0765114 0.00414204
 0.394062 0.376323 0.152708 0.0712218 0.00568511
 0.125707 0.32114 0.495352 0.0537591 0.00404204
 0.23352 0.215282 0.420074 0.123614 0.00750983
 0.796117 0.104755 0.0508955 0.0450114 0.00322123
 0.162477 0.292055 0.404252 0.121198 0.0200186
 0 0 0 0 0
pf_pred 
 0.422792 0.130747 0.421675 0.0247856 1.02349e-06
 0.332684 0.396021 0.0639394 0.195874 0.0114817
 0.545169 0.230411 0.136358 0.0208036 0.0672583
 0.705844 0.209581 0.0440634 0.0246459 0.015866
 0.578416 0.352342 0.0502044 0.00993445 0.00910302
 0.629412 0.267576 0.0867909 0.0117701 0.00445096
 0.383401 0.476275 0.102838 0.0315981 0.00588804
 0.368024 0.362744 0.210948 0.0427537 0.0155303
 0.417482 0.305575 0.162247 0.0899172 0.0247781
 0.610276 0.232987 0.0844898 0.0423805 0.0298661
 0.77689 0.171764 0.0314593 0.0107368 0.00915003
 0.632119 0.319449 0.0377093 0.0065764 0.00414595
 0.349653 0.508994 0.123704 0.0137523 0.00389735
 0.386373 0.333393 0.222339 0.0506879 0.00720654
 0.971249 0.0223138 0.00375207 0.00213441 0.000550892
 0.880355 0.118182 0.0011534 0.000180258 0.000128488
 0.306453 0.654794 0.0383122 0.000348401 9.28946e-05
 0.81023 0.0914456 0.0931371 0.00512873 5.8878e-05
 0.80316 0.179994 0.00843593 0.00796764 0.000441962
 0.739883 0.237188 0.0211102 0.000912675 0.00090581
 0.625957 0.321307 0.0483479 0.00404124 0.000346903
 0.652942 0.267871 0.0685536 0.00975133 0.000882338
 0.223103 0.619127 0.123401 0.0297662 0.00460228
 0.612937 0.139514 0.19939 0.037692 0.0104672
 0.660638 0.258882 0.0300303 0.0406587 0.00979129
 0.268233 0.580064 0.117207 0.0128952 0.0216008
 0.64252 0.147687 0.168045 0.032276 0.0094724
 0.616964 0.299959 0.0354119 0.0382023 0.00946311
 0.433011 0.430012 0.108502 0.0121572 0.0163171
 0.481584 0.307854 0.16163 0.0387827 0.0101492
 0.327448 0.432671 0.145407 0.0725662 0.0219078
 0.428371 0.284451 0.188476 0.0599023 0.0388004
 0.788765 0.126533 0.0432882 0.0272073 0.0142066
pobs_RECLAS
 0 0 0 0 0
 0 0 0 0 0
 0 0 0 0 0
 0 0 0 0 0
 0 0 0 0 0
 0 0 0 0 0
 0 0 0 0 0
 0 0 0 0 0
 0 0 0 0 0
 0 0 0 0 0
 0.991045 0.00858322 0.000360255 1.14367e-05 0
 0.934742 0.0480273 0.0164251 0.00080598 0
 0.827803 0.169806 0.00239088 0 0
 0.941827 0.0461693 0.0120037 0 0
 0.791401 0.0380133 0.147996 0.0225897 0
 0.846168 0.0940531 0.0597789 0 0
 0.134021 0.677848 0.182769 0.00536245 0
 0.80878 0.0450904 0.141981 0.00414843 0
 0.846168 0.0940531 0.0597789 0 0
 0.905697 0.0802665 0.012482 0.00150086 5.37128e-05
 0.989698 0.0102097 9.19794e-05 0 0
 0.975433 0.0193895 0.00387452 0.00125025 5.28907e-05
 0.303575 0.632131 0.0575291 0.00676475 0
 0.966965 0.00978017 0.0227588 0.000495775 0
 0.843318 0.132988 0.00938335 0.0141283 0.000182051
 0.564624 0.303363 0.111486 0.0197234 0.00080311
 0.826376 0.0876187 0.0782897 0.00655872 0.00115652
 0.89761 0.0855135 0.0140674 0.00269457 0.000114338
 0.34875 0.467042 0.161289 0.0227151 0.000203297
 0.318654 0.224769 0.449479 0.00709798 0
 0.937255 0.0296025 0.0250945 0.00804832 0
 0.456809 0.399803 0.12412 0.0192676 0
 0.883104 0.0372192 0.0704036 0.00927362 0
ppred_RECLAS
 0.591043 0.0961739 0.295461 0.0173214 7.15164e-07
 0.494009 0.306562 0.0470984 0.143896 0.00843369
 0.701959 0.154756 0.087155 0.0132613 0.042868
 0.824871 0.12662 0.0253069 0.0141162 0.00908607
 0.723756 0.2327 0.0315951 0.00623577 0.00571311
 0.766685 0.170753 0.0527325 0.00713234 0.00269678
 0.550342 0.351383 0.0720759 0.0220846 0.00411468
 0.529116 0.275853 0.152897 0.0309081 0.0112258
 0.584752 0.223082 0.112707 0.0622945 0.0171638
 0.755645 0.149118 0.0514049 0.0257144 0.0181186
 0.869526 0.101568 0.0177284 0.00603484 0.00514226
 0.769511 0.201464 0.0226133 0.00393296 0.00247909
 0.513418 0.385016 0.0889158 0.00985757 0.0027932
 0.63184 0.208073 0.127141 0.0288461 0.00410015
 0.985497 0.0113926 0.00181519 0.00102958 0.000265695
 0.935704 0.0635513 0.000588083 9.16437e-05 6.53139e-05
 0.461181 0.510115 0.028378 0.000257358 6.86099e-05
 0.897644 0.0507205 0.048919 0.00268585 3.08289e-05
 0.892588 0.098694 0.00437246 0.00411714 0.000228339
 0.847303 0.139854 0.011827 0.000509917 0.000506007
 0.763558 0.204506 0.0292851 0.00244129 0.000209533
 0.785821 0.167193 0.0406908 0.00577232 0.000522227
 0.355948 0.518341 0.0983832 0.0236688 0.00365903
 0.757323 0.0902681 0.122823 0.0231565 0.00642977
 0.789662 0.162355 0.0179342 0.0242174 0.00583114
 0.412767 0.470163 0.0905053 0.00993143 0.0166338
 0.779129 0.0939113 0.101749 0.0194911 0.00571948
 0.756063 0.193084 0.0217093 0.0233584 0.00578531
 0.594497 0.311132 0.0747954 0.00835863 0.0112172
 0.642659 0.216412 0.108246 0.0259054 0.00677837
 0.487025 0.335918 0.10744 0.053475 0.0161419
 0.594009 0.207078 0.130668 0.0414201 0.0268252
 0.879908 0.0734081 0.0238904 0.014975 0.00781825
pobs_PELACES
 0 0 0 0 0
 0 0 0 0 0
 0 0 0 0 0
 0 0 0 0 0
 0 0 0 0 0
 0 0 0 0 0
 0 0 0 0 0
 0 0 0 0 0
 0 0 0 0 0
 0 0 0 0 0
 0 0 0 0 0
 0 0 0 0 0
 0 0 0 0 0
 0 0 0 0 0
 0 0 0 0 0
 0 0 0 0 0
 0.505614 0.472636 0.0217494 0 0
 0 0 0 0 0
 0.443492 0.261883 0.143347 0.151278 0
 0.227955 0.32914 0.350689 0.0885471 0.00366901
 0.970185 0.0296113 0.000203453 0 0
 0.997202 0.00247181 0.000326279 0 0
 0.445219 0.490057 0.0546422 0.010081 0
 0.90214 0.0892962 0.00764917 0.000914606 0
 0 0 0 0 0
 0.581667 0.319106 0.0959925 0.00289975 0.000334073
 0.762889 0.0836404 0.116647 0.0363945 0.000428098
 0.88444 0.0763242 0.0277011 0.0115352 0
 0.521256 0.241999 0.230069 0.00667565 0
 0.616807 0.101726 0.260614 0.0208532 0
 0.833518 0.0704572 0.0857862 0.0102388 0
 0.697417 0.212968 0.0787535 0.0105354 0.000325836
 0 0 0 0 0
ppred_PELACES
 0.599334 0.0944638 0.289247 0.016954 6.99988e-07
 0.509168 0.298116 0.0455247 0.139042 0.00814903
 0.714244 0.148806 0.0833128 0.0126726 0.0409642
 0.83627 0.118653 0.0235214 0.0131143 0.008441
 0.728192 0.229047 0.0310283 0.00612314 0.00560988
 0.774818 0.165009 0.0507219 0.00685863 0.00259325
 0.573462 0.33402 0.0678634 0.0207829 0.00387204
 0.532918 0.2738 0.151529 0.0306289 0.0111244
 0.599617 0.215718 0.108323 0.0598514 0.0164904
 0.770527 0.140495 0.0480362 0.0240184 0.0169232
 0.871675 0.0999393 0.0174103 0.00592593 0.00504942
 0.782501 0.190295 0.0211964 0.00368498 0.00232273
 0.535532 0.368212 0.0842714 0.00933801 0.00264591
 0.736206 0.152249 0.088638 0.0200567 0.00285043
 0.987331 0.00998232 0.00156849 0.000888966 0.000229398
 0.942774 0.0565718 0.000516801 8.0478e-05 5.73541e-05
 0.480105 0.492404 0.0271784 0.000246372 6.56797e-05
 0.910676 0.0445958 0.0423767 0.00232474 2.66828e-05
 0.90777 0.0848667 0.00369485 0.00347574 0.000192757
 0.858433 0.12976 0.0108736 0.000468572 0.000464967
 0.773621 0.195956 0.0278985 0.00232496 0.000199545
 0.797824 0.158081 0.0381894 0.00541526 0.000489913
 0.365366 0.511181 0.0966213 0.0232396 0.00359263
 0.76622 0.0872227 0.118113 0.0222626 0.00618149
 0.796468 0.157258 0.0172981 0.023353 0.00562296
 0.419875 0.46475 0.0891973 0.00978628 0.0163906
 0.786707 0.0909199 0.0980783 0.0187834 0.00551174
 0.762991 0.187756 0.021029 0.0226215 0.00560275
 0.601133 0.306242 0.0734138 0.00820297 0.0110082
 0.649401 0.212578 0.106016 0.0253676 0.0066376
 0.501201 0.32729 0.104086 0.0517897 0.0156329
 0.603785 0.202498 0.127265 0.0403323 0.0261204
 0.886811 0.0693733 0.0224268 0.0140524 0.00733642
pobs_pel_tallas
 0 0 0 0 0 0 0 0 0 0 0 0 0 0 0 0 0 0 0 0 0 0 0 0 0 0
 0 0 0 0 0 0 0 0 0 0 0 0 0 0 0 0 0 0 0 0 0 0 0 0 0 0
 0 0 0 0 0 0 0 0 0 0 0 0 0 0 0 0 0 0 0 0 0 0 0 0 0 0
 0 0 0 0 0 0 0 0 0 0 0 0 0 0 0 0 0 0 0 0 0 0 0 0 0 0
 0 0 0 0 0 0 0 0 0 0 0 0 0 0 0 0 0 0 0 0 0 0 0 0 0 0
 0 0 0 0 0 0 0 0 0 0 0 0 0 0 0 0 0 0 0 0 0 0 0 0 0 0
 0 0 0 0 0 0 0 0 0 0 0 0 0 0 0 0 0 0 0 0 0 0 0 0 0 0
 0 0 0 0 0 0 0 0 0 0 0 0 0 0 0 0 0 0 0 0 0 0 0 0 0 0
 0 0 0 0 0 0 0 0 0 0 0 0 0 0 0 0 0 0 0 0 0 0 0 0 0 0
 0 0 0 0 0 0 0 0 0 0 0 0 0 0 0 0 0 0 0 0 0 0 0 0 0 0
 0 0 0 0 0 0 0 0 0 0 0 0 0 0 0 0 0 0 0 0 0 0 0 0 0 0
 0 0 0 0 0 0 0 0 0 0 0 0 0 0 0 0 0 0 0 0 0 0 0 0 0 0
 0.00862536 0 0 0.000197151 0.00414017 0.0128641 0.00837892 0.0270097 0.101434 0.158115 0.152841 0.127902 0.109271 0.109419 0.0830992 0.0579132 0.0238553 0.00714673 0.00463305 0.00128148 0.00103504 0.000492878 0.000147863 0.000147863 4.92878e-05 0
 0 0 0 0 0 0 0 0 0 0 0 0 0 0 0 0 0 0 0 0 0 0 0 0 0 0
 0 0 0 0 0 0 0 0.0054083 0.00873648 0.0413646 0.0450493 0.0745869 0.0622846 0.0627006 0.0613931 0.0827291 0.12552 0.122667 0.0946155 0.0697135 0.0546179 0.0294188 0.0215738 0.0213955 0.0102223 0.00600262
 0 0 0 0 0.00359764 0.0251062 0.0480494 0.140153 0.205849 0.193036 0.1447 0.116669 0.0760912 0.0342217 0.00950174 0.001854 0.000860785 0 0 0 0.000165536 0 0.000143464 0 0 0
 0 0 0 0 0 0 0 0.000145254 0.000435761 0.0275982 0.070085 0.0708112 0.156366 0.174668 0.174014 0.160142 0.0824315 0.0480064 0.0283245 0.00493863 0.00203355 0 0 0 0 0
 0 0 0 0 0 0 0 0 0 0 0 0 0 0 0 0 0 0 0 0 0 0 0 0 0 0
 0 0 1.00437e-05 0.000401748 0.00122533 0.00171747 0.00176769 0.0269171 0.070346 0.194647 0.189555 0.159765 0.064822 0.0314167 0.0384472 0.0292271 0.0345202 0.0313363 0.0194345 0.0106764 0.0143323 0.0359363 0.0279516 0.0138201 0.00172751 0
 0 0.0021121 0.0136068 0.0755702 0.200478 0.177729 0.0527432 0.0373336 0.0318909 0.0142505 0.0149659 0.0166563 0.0217959 0.0798694 0.0677717 0.0528807 0.04013 0.0224614 0.0357745 0.0225083 0.00881397 0.00855152 0.00135912 0.000746735 0 0
 0 0 0 0 5.4009e-05 0.00500934 0.000945158 0.0243581 0.138947 0.33067 0.221406 0.137944 0.0707744 0.0437923 0.0131692 0.00525238 0.0047753 0.00276346 9.45158e-05 9.00151e-06 2.25038e-05 9.00151e-06 4.50075e-06 0 0 0
 0.000866109 0.00284123 0.00948549 0.0512746 0.133035 0.25785 0.225252 0.132002 0.0553304 0.0519788 0.0540692 0.017754 0.00435017 0.00159236 0.00146478 0.000404838 0.000125132 0.000115318 0.000107957 0.000100596 0 0 0 0 0 0
 0 0 0 0 0.00144013 0.00171154 0.00461396 0.0210425 0.0478622 0.0707936 0.0888783 0.103762 0.0637923 0.0337046 0.0602308 0.124433 0.169614 0.0934646 0.0462172 0.0250306 0.0313229 0.00938855 0.002487 0.000210481 0 0
 0 0.00764035 0.051015 0.0998891 0.058973 0.0496711 0.0374665 0.0718981 0.12319 0.153886 0.159021 0.0857701 0.0377988 0.023471 0.0147837 0.00900784 0.00315554 0.000888139 0.00291439 0.00214683 0.00393193 0.00274676 0.000635225 9.99891e-05 0 0
 0 0 0 0 0 0 0 0 0 0 0 0 0 0 0 0 0 0 0 0 0 0 0 0 0 0
 0 0 0 0 0 0 0 0 0 0 0 0 0 0 0 0 0 0 0 0 0 0 0 0 0 0
 0 0 0 0 0 0 0 0 0 0 0 0 0 0 0 0 0 0 0 0 0 0 0 0 0 0
 0 0 0 0 0 0 0 0 0 0 0 0 0 0 0 0 0 0 0 0 0 0 0 0 0 0
 0 0 0 0 0 0 0 0 0 0 0 0 0 0 0 0 0 0 0 0 0 0 0 0 0 0
 0 0 0 0 0 0 0 0 0 0 0 0 0 0 0 0 0 0 0 0 0 0 0 0 0 0
 0 0 0 0 0 0 0 0 0 0 0 0 0 0 0 0 0 0 0 0 0 0 0 0 0 0
 0 0 0 0 0 0 0 0 0 0 0 0 0 0 0 0 0 0 0 0 0 0 0 0 0 0
 0 0 0 0 0 0 0 0 0 0 0 0 0 0 0 0 0 0 0 0 0 0 0 0 0 0
ppred_pel_tallas
 1.10072e-16 4.93664e-05 0.000479859 0.00318883 0.014496 0.0451024 0.0960957 0.140257 0.140266 0.0961425 0.0452607 0.0149588 0.00437136 0.00312951 0.00528087 0.0091708 0.0144103 0.0206218 0.0273588 0.0342642 0.0410128 0.0470158 0.0512319 0.0524279 0.0498147 0.0435925
 1.16713e-16 4.19396e-05 0.000407668 0.0027091 0.0123152 0.0383172 0.08164 0.119162 0.119191 0.0817806 0.0387898 0.0136809 0.00614045 0.0079099 0.0143265 0.0237214 0.0344318 0.043912 0.0496598 0.0506846 0.048159 0.0446086 0.042253 0.0417734 0.042265 0.0421196
 1.10646e-16 5.88314e-05 0.000571862 0.00380022 0.0172753 0.0537499 0.11452 0.167149 0.167163 0.114591 0.0539874 0.0179628 0.00553132 0.00436864 0.00732236 0.0121521 0.0178322 0.0231352 0.026855 0.0284655 0.0284083 0.0277034 0.0272021 0.0270895 0.0269436 0.0261614
 1.03453e-16 6.88825e-05 0.000669562 0.00444948 0.0202267 0.0629328 0.134085 0.195704 0.195715 0.134141 0.0631207 0.0207698 0.00581347 0.00364992 0.00573747 0.00939884 0.0135881 0.0172099 0.0192032 0.0190964 0.0172873 0.0147605 0.0124716 0.0108768 0.0098866 0.00913601
 1.02518e-16 5.99802e-05 0.000583029 0.00387443 0.0176126 0.0547995 0.116757 0.170415 0.170437 0.116865 0.0551617 0.0186586 0.00649998 0.00631434 0.010944 0.0179956 0.025913 0.032577 0.0358694 0.0348141 0.0301546 0.0238431 0.0178684 0.0133342 0.0103191 0.00832921
 1.02633e-16 6.38207e-05 0.00062036 0.00412251 0.0187404 0.0583083 0.124233 0.181324 0.18134 0.124311 0.0585701 0.0194972 0.00602425 0.00477869 0.00798119 0.0131455 0.019051 0.0242078 0.0271322 0.027125 0.0246556 0.0209851 0.0173528 0.014379 0.0120367 0.0100148
 1.04784e-16 4.72354e-05 0.000459144 0.00305118 0.0138702 0.0431556 0.0919488 0.134209 0.134241 0.0921063 0.0436845 0.0153984 0.00688895 0.00884286 0.0159866 0.0263997 0.0381319 0.0481773 0.053497 0.0526847 0.0467805 0.0385101 0.0305945 0.0244589 0.0200969 0.0167791
 1.09398e-16 4.38958e-05 0.000426683 0.00283546 0.0128896 0.0401045 0.0854479 0.124719 0.124746 0.0855778 0.0405413 0.0141536 0.00601718 0.00740202 0.0133784 0.0222756 0.0326181 0.0421374 0.0485215 0.0506715 0.0492566 0.0460444 0.042597 0.0394229 0.0361105 0.0320611
 1.11975e-16 4.93897e-05 0.000480086 0.00319034 0.0145028 0.0451238 0.0961418 0.140326 0.140347 0.0962442 0.0454679 0.0154986 0.00569691 0.00597589 0.0105581 0.0175656 0.0257497 0.0333466 0.038597 0.0407276 0.0403693 0.038987 0.0377929 0.0370316 0.0360886 0.0341408
 1.06695e-16 6.34673e-05 0.000616925 0.00409968 0.0186366 0.0579854 0.123544 0.18032 0.180333 0.123611 0.0582087 0.0192822 0.00572312 0.00417012 0.00683917 0.0112798 0.0164199 0.0210317 0.0239172 0.0245533 0.0233947 0.021519 0.0199024 0.0188991 0.0182411 0.0174082
 1.01977e-16 7.17987e-05 0.000697909 0.00463785 0.021083 0.0655971 0.139762 0.203989 0.203998 0.139809 0.0657553 0.02154 0.00578527 0.00320395 0.0048349 0.00788932 0.011382 0.0143658 0.0159299 0.0156614 0.0138873 0.0114451 0.00916833 0.00749015 0.0063933 0.0056221
 1.01424e-16 6.44536e-05 0.000626512 0.00416339 0.0189262 0.0588865 0.125465 0.183123 0.183141 0.125554 0.0591872 0.0197946 0.00634284 0.00538268 0.00909261 0.0149176 0.0214539 0.026917 0.0295325 0.028481 0.0243829 0.0188787 0.0136545 0.00966919 0.00702575 0.00533672
 1.03911e-16 4.41112e-05 0.000428776 0.00284937 0.0129528 0.0403013 0.0858675 0.125334 0.125369 0.0860412 0.0408846 0.0146382 0.00708202 0.00967623 0.0176286 0.0291305 0.0420897 0.0531964 0.0590869 0.0581794 0.0515716 0.0422172 0.0330877 0.0257789 0.0203715 0.0161927
 1.05091e-16 6.06404e-05 0.000589446 0.00391708 0.0178065 0.0554026 0.118042 0.172288 0.172303 0.118114 0.0556457 0.0185098 0.00568796 0.0044729 0.00748776 0.0124182 0.0181997 0.0235503 0.0271886 0.0285026 0.0278509 0.0261882 0.0243468 0.0225774 0.0206383 0.0182116
 1.00176e-16 8.13251e-05 0.000790509 0.00525321 0.0238803 0.0743006 0.158305 0.231051 0.231052 0.15831 0.0743164 0.023926 0.00536777 0.00104069 0.000556732 0.000792418 0.00113543 0.00143171 0.00158562 0.00155569 0.00137478 0.00112691 0.000895721 0.00072468 0.000612049 0.000532229
 1.00048e-16 7.7655e-05 0.000754834 0.00501614 0.0228026 0.0709475 0.151161 0.220626 0.220631 0.151188 0.0710367 0.0230601 0.00566187 0.00216247 0.00274515 0.00439997 0.0062946 0.00783927 0.00849154 0.0080036 0.00657024 0.00470704 0.00295606 0.00164367 0.000827492 0.000395179
 1.00947e-16 3.95457e-05 0.000384399 0.00255447 0.0116123 0.0361303 0.0769812 0.112366 0.112414 0.0772127 0.0369075 0.013856 0.00818292 0.0126595 0.023317 0.0383925 0.0550831 0.0688039 0.0749039 0.0712275 0.0594153 0.0438398 0.0290709 0.0178204 0.0105364 0.00628841
 1.01473e-16 7.50112e-05 0.000729136 0.00484536 0.0220263 0.0685321 0.146015 0.213114 0.213118 0.146036 0.0686037 0.0222341 0.00536955 0.00188227 0.00229078 0.00373533 0.00552874 0.00727385 0.00860801 0.00934363 0.00953928 0.00939038 0.00904145 0.00849206 0.00766019 0.00651514
 1.0051e-16 7.47718e-05 0.000726809 0.0048299 0.021956 0.0683134 0.145549 0.212435 0.212443 0.145589 0.0684473 0.0223427 0.00579995 0.00284244 0.00408689 0.00662291 0.00949799 0.0118705 0.0129401 0.0123425 0.010369 0.00777865 0.00535687 0.00355734 0.00243284 0.00179431
 1.00473e-16 7.0708e-05 0.000687307 0.0045674 0.0207627 0.0646006 0.137639 0.200891 0.200903 0.1377 0.0648055 0.0213544 0.00605201 0.00392607 0.00621526 0.0101461 0.0145685 0.0182336 0.0199192 0.0190592 0.016079 0.0121129 0.00833978 0.00544891 0.00354267 0.00237549
 1.01123e-16 6.37221e-05 0.000619402 0.00411614 0.0187114 0.0582182 0.124041 0.181045 0.181064 0.124133 0.0585281 0.0196063 0.00636234 0.00552248 0.00937431 0.0153931 0.0221585 0.0278415 0.0306177 0.0296356 0.025512 0.0199015 0.0145042 0.0102867 0.00736446 0.00537946
 1.01769e-16 6.57158e-05 0.000638781 0.00424492 0.0192968 0.0600396 0.127921 0.186708 0.186723 0.127996 0.0602901 0.0200206 0.0060629 0.00461124 0.00762124 0.0125242 0.0181015 0.0228997 0.0254762 0.0251536 0.0223991 0.0184695 0.0146236 0.0115292 0.00920918 0.00737351
 1.05858e-16 3.00948e-05 0.000292532 0.00194398 0.00883709 0.0274957 0.0585844 0.085516 0.0855653 0.0588254 0.0283049 0.0111748 0.00781376 0.0131127 0.0243965 0.0403332 0.0582118 0.0734388 0.0813356 0.0797264 0.0701996 0.0569586 0.044237 0.0343128 0.027275 0.0220781
 1.0671e-16 6.31126e-05 0.000613476 0.00407677 0.0185324 0.0576612 0.122854 0.17931 0.179319 0.122896 0.0578027 0.0189433 0.00511654 0.00291087 0.00450726 0.00756342 0.0113849 0.0153551 0.0188648 0.0216014 0.023641 0.0252009 0.0262859 0.0265726 0.0256346 0.0232895
 1.03834e-16 6.56041e-05 0.000637695 0.00423771 0.019264 0.0599376 0.127704 0.186391 0.186406 0.127778 0.0601863 0.0199823 0.00604079 0.00457431 0.00754377 0.0123736 0.0178365 0.0224779 0.0248746 0.0244008 0.0216121 0.0178735 0.014528 0.0122457 0.0109352 0.0100936
 1.06449e-16 3.45847e-05 0.000336175 0.00223401 0.0101555 0.0315978 0.067324 0.0982708 0.0983156 0.0675431 0.0323334 0.0122809 0.00757078 0.0119922 0.0221887 0.0366725 0.0529293 0.0667785 0.0739688 0.072528 0.0639111 0.0519565 0.0405325 0.0317245 0.0256106 0.0212102
 1.05671e-16 6.48e-05 0.000629879 0.00418577 0.0190279 0.0592029 0.126138 0.184105 0.184113 0.126182 0.0593496 0.0194533 0.00526023 0.00299767 0.00462701 0.00771781 0.0115115 0.0153141 0.0184441 0.0205624 0.0217974 0.0224998 0.022851 0.0226877 0.0216707 0.0196062
 1.03872e-16 6.28466e-05 0.000610891 0.00405959 0.0184543 0.0574183 0.122336 0.178557 0.178575 0.122425 0.0577152 0.0193118 0.00621194 0.00530967 0.00898758 0.0147624 0.0212716 0.0267836 0.0295891 0.0289272 0.025449 0.0207801 0.0165346 0.0135431 0.0117423 0.0105809
 1.04883e-16 4.95146e-05 0.0004813 0.00319841 0.0145395 0.045238 0.0963854 0.140683 0.140713 0.0965299 0.0457232 0.0159417 0.0067204 0.00817741 0.014688 0.0242618 0.0350802 0.0443961 0.0494318 0.0488927 0.0437067 0.0363298 0.0292099 0.0236253 0.0195744 0.016422
 1.06782e-16 5.34903e-05 0.000519945 0.00345522 0.0157069 0.0488702 0.104124 0.151976 0.151997 0.104225 0.049209 0.016687 0.0059214 0.00592384 0.0103759 0.0172244 0.0251721 0.0324211 0.0371577 0.0385268 0.0370726 0.0342227 0.0312626 0.0286525 0.0261044 0.0231388
 1.10927e-16 4.12833e-05 0.000401288 0.0026667 0.0121225 0.0377177 0.0803627 0.117298 0.11733 0.0805174 0.0382375 0.0136252 0.00644411 0.00866541 0.01579 0.0261812 0.0380511 0.0485802 0.0549245 0.0558025 0.0522256 0.0466998 0.0415621 0.0377796 0.0349338 0.0320399
 1.1219e-16 4.9733e-05 0.000483423 0.00321251 0.0146036 0.0454374 0.09681 0.141301 0.141321 0.0969063 0.0457612 0.015541 0.00557369 0.00566584 0.00997476 0.0166299 0.0244676 0.0318658 0.0371991 0.0397337 0.0400024 0.0392702 0.0385461 0.0379648 0.036933 0.0347461
 1.03316e-16 7.30455e-05 0.000710028 0.00471839 0.0214491 0.0667361 0.142189 0.20753 0.207537 0.142221 0.0668464 0.0217678 0.00551969 0.00246364 0.00341656 0.00556775 0.00809813 0.0103677 0.0117827 0.012087 0.0115092 0.0105862 0.00980301 0.0093331 0.00903762 0.00865022
pSPR Fmed_Fpbrs
1   0.983445 0.6 0.325 0.983445 0.983445 0.983445
Fs Fmed_Fpbrs
0   0.01 0.347468 0.891135 0.01 0.01 0.01
SSBpbr Bo_Bmed_Bpbrs
815282  774518  761021 448405 224202 761021 761021 761021
Ro
141063
SPR SPRFo_SPRFmed_SPRFpbrs
1.01626e+06 1.01626e+06 999441
Fref
0
Nvult_r0
 147400 14561.4 4818.01 3022.79 1578.23
CTP_r0
 26655.8 4276.1 1462.89 919.453 480.101
YTP_r0
356535
Np
 209080 76916.1 28295.9 10409.5 5238.2
Nvult_p0
 132164 48620.3 17886.4 6580.04 3311.17
CTP_p0
 0 0 0 0 0
 0 0 0 0 0
 0 0 0 0 0
 0 0 0 0 0
 0 0 0 0 0
 0 0 0 0 0
YTP_p0
 0 0 0 0 0 0
CBA_c0
0
log_Ro
11.677
likeval ReclasPelacesDesembMPH_pf_preclas_ppelaces_ptallas_desvR_qrecl_qpela
 41.3555 16.071 0.146768 121.605 247.048 147.05 125.58 0 26.7156 4.46065e-06 1.28098e-05 0.397177 2067.32 0 0
q_reclas_q_pelaces
1.34809 1.65891
M
1
N
 178433 30471 94082.8 5517.13 0.227794
 86823.2 58842.5 9123.4 27888.2 1634.56
 108926 26162.6 14866 2263.09 7315.78
 190836 33004.1 6678.67 3727.91 2399.61
 161234 53590.9 7301.53 1441.35 1320.55
 230819 55015.2 17110.2 2315.15 875.389
 99241.4 72822.5 15155 4647.33 865.901
 49982.6 26642.5 14801.2 2992.44 1086.86
 41939.1 17487.3 8917.03 4931.08 1358.68
 56710.3 12615.3 4403.35 2204.22 1553.17
 132380 15906 2784.5 948.015 807.806
 156039 45683.7 5187.69 902.837 569.112
 52106.7 44567.2 10434.1 1157.64 328.036
 21356.1 14232.2 9357.62 2131.71 303.064
 112425 1592.24 259.105 147.137 37.9726
 318715 26115.2 246.422 38.4426 27.3994
 61807.6 76657 4315.52 39.163 10.4409
 249995 17546 17308.5 951.493 10.9222
 394774 56287.2 2560.49 2414.5 133.92
 433017 81661.8 7002.24 302.13 299.825
 404176 117802 17018 1419.36 121.825
 518072 122783 30219.4 4289.52 388.09
 96480.1 149281 28513.3 6862.07 1060.85
 242093 30938.9 42403 7997.68 2220.73
 347923 76058.7 8455.38 11421.7 2750.21
 93641.4 111395 21540.3 2364.28 3959.91
 243052 31223.3 34053.9 6525.78 1914.96
 286515 77401.8 8753.65 9421.61 2333.55
 170233 92804.3 22404.8 2504.4 3360.93
 162433 57095.4 28685.8 6866.79 1796.78
 72363.5 54225.5 17493.5 8711.04 2629.56
 59690.3 22065 14008.3 4441.95 2876.82
 209080 19229.1 6321.8 3964.87 2070.06
pred_Ctot
 11788.2 3645.45 11757 691.067 0.0285366
 10090.9 12011.9 1939.39 5941.18 348.259
 12337.4 5214.3 3085.84 470.795 1522.09
 29181.4 8664.64 1821.7 1018.93 655.942
 7432.99 4527.81 645.156 127.664 116.979
 21037.7 8943.55 2900.93 393.407 148.77
 17392.7 21605.8 4665.18 1433.42 267.106
 1553.36 1531.07 890.37 180.455 65.5503
 4913.84 3596.68 1909.68 1058.34 291.643
 8706.71 3323.99 1205.4 604.636 426.094
 5210.1 1151.91 210.977 72.0048 61.3633
 22515.7 11378.6 1343.18 234.247 147.676
 8690.6 12651 3074.66 341.812 96.8684
 12151.3 10485.1 6992.47 1594.11 226.643
 27183.9 624.532 105.015 59.7392 15.4187
 72187.6 9690.74 94.5765 14.7808 10.5358
 9111.11 19467.6 1139.05 10.3582 2.76184
 63787.5 7199.31 7332.47 403.773 4.63533
 114402 25638.4 1201.62 1134.91 62.9532
 73072.4 23425.2 2084.88 90.1377 89.4597
 45213.1 23208.1 3492.18 291.9 25.0569
 72402.6 29703.4 7601.68 1081.29 97.8396
 7913.55 21960.6 4377.09 1055.82 163.244
 22631.7 5151.34 7362.14 1391.71 386.486
 28846.3 11303.9 1311.26 1775.34 427.531
 5587.04 12082.2 2441.32 268.596 449.925
 20885 4800.54 5462.26 1049.13 307.899
 21874.5 10635.1 1255.53 1354.47 335.516
 9573.6 9507.3 2398.91 268.788 360.761
 9578.5 6123.07 3214.74 771.37 201.864
 7949.32 10503.8 3530 1761.66 531.846
 4741.53 3148.52 2086.19 663.044 429.472
 26655.8 4276.1 1462.89 919.453 480.101
F
 0.10935 0.205933 0.215973 0.216528 0.216558
 0.199543 0.375789 0.39411 0.395124 0.395177
 0.194033 0.365412 0.383227 0.384213 0.384265
 0.270038 0.508549 0.533342 0.534714 0.534787
 0.0752439 0.141703 0.148611 0.148994 0.149014
 0.153606 0.289279 0.303382 0.304163 0.304204
 0.315049 0.593315 0.622241 0.623842 0.623926
 0.0502023 0.0945434 0.0991527 0.0994078 0.0994213
 0.201305 0.379107 0.39759 0.398613 0.398667
 0.271257 0.510845 0.53575 0.537129 0.537201
 0.0639381 0.120411 0.126282 0.126607 0.126624
 0.253109 0.476667 0.499906 0.501192 0.50126
 0.297787 0.560808 0.588149 0.589662 0.589742
 1.59619 3.00603 3.15258 3.16069 3.16112
 0.459766 0.865853 0.908066 0.910402 0.910525
 0.424956 0.800298 0.839315 0.841475 0.841589
 0.259202 0.488142 0.511941 0.513258 0.513327
 0.490974 0.924627 0.969705 0.9722 0.972331
 0.575727 1.08424 1.1371 1.14002 1.14018
 0.301774 0.568316 0.596023 0.597556 0.597637
 0.191434 0.360518 0.378095 0.379067 0.379119
 0.244283 0.460045 0.482474 0.483715 0.483781
 0.137322 0.258611 0.27122 0.271917 0.271954
 0.157819 0.297212 0.311702 0.312504 0.312546
 0.138897 0.261577 0.27433 0.275036 0.275073
 0.0983096 0.185141 0.194168 0.194667 0.194693
 0.144268 0.271692 0.284938 0.285671 0.28571
 0.127298 0.239735 0.251422 0.252069 0.252103
 0.0924417 0.174091 0.182578 0.183048 0.183073
 0.0971162 0.182894 0.19181 0.192304 0.19233
 0.187709 0.353503 0.370737 0.371691 0.371742
 0.132743 0.249988 0.262176 0.26285 0.262886
 0.220762 0.415749 0.436018 0.43714 0.437199
YTP_r0W_actual
 200984 74617.9 35211.9 28797.3 16923.6
YTP_p0W_proyectada
 0 0 0 0 0
 0 0 0 0 0
 0 0 0 0 0
 0 0 0 0 0
 0 0 0 0 0
 0 0 0 0 0
CTP_r0_actual
 26655.8 4276.1 1462.89 919.453 480.101
CTP_p0_proyectada
 0 0 0 0 0
 0 0 0 0 0
 0 0 0 0 0
 0 0 0 0 0
 0 0 0 0 0
 0 0 0 0 0
Wmedp
 7.54 17.45 24.07 31.32 35.25
Frms_r0
 0.220762 0.415749 0.436018 0.43714 0.437199
Zrms_r0
 1.22076 1.41575 1.43602 1.43714 1.4372
nmprior
 7.29 8.9 8.7 0
nm_flota  nm_reclas  nm_pelaces    nm_pelaL
inf 9.60834 13.2141 37.1068
cv_recla  cv_pelaces  cv_mph
0.556926 0.439149 0.442083
 ------------------------------------------------
Talla a la edad & desviaci?n 
 8 13.2811 15.8009 17.003 17.5766
 0.8 1.32811 1.58009 1.7003 1.75766
