years
 1991 1992 1993 1994 1995 1996 1997 1998 1999 2000 2001 2002 2003 2004 2005 2006 2007 2008 2009 2010 2011 2012 2013 2014 2015 2016 2017 2018 2019 2020 2021 2022 2023
reclasobs
 0 0 0 0 0 0 0 0 0 252601 567819 844713 477998 351125 339783 2.1784e+06 2.13404e+06 4.81314e+06 1.55562e+06 2.62356e+06 3.21686e+06 3.843e+06 1.13348e+06 3.07943e+06 1.97215e+06 2.03268e+06 2.025e+06 2.42433e+06 2.27542e+06 1.05018e+06 2.36338e+06 3.18982e+06 1.53035e+06
reclaspred
 3.46044e+06 1.91816e+06 1.01905e+06 1.33576e+06 1.54988e+06 2.35842e+06 1.59498e+06 1.48033e+06 1.05629e+06 774694 871467 949710 606248 121541 621674 1.17171e+06 1.01975e+06 1.30033e+06 1.53662e+06 2.01797e+06 3.80966e+06 3.03279e+06 2.36277e+06 3.10038e+06 2.68408e+06 2.40937e+06 2.70436e+06 2.89461e+06 2.7192e+06 2.38449e+06 1.62989e+06 1.34645e+06 1.7123e+06
pelacesobs
 0 0 0 0 0 0 0 0 0 0 0 0 0 0 0 552880 188675 0 991730 2.46772e+06 1.41603e+06 1.21717e+06 2.29649e+06 1.80582e+06 0 1.4828e+06 1.56532e+06 1.57751e+06 1.42118e+06 867257 1.10002e+06 1.06204e+06 0
pelacespred
 1.86567e+06 1.14871e+06 600098 659805 792684 1.27322e+06 839002 914920 651719 457366 516615 476359 315111 42672.6 352683 548938 473122 643439 802449 941008 1.93283e+06 1.68427e+06 1.31093e+06 1.86184e+06 1.51963e+06 1.35367e+06 1.79034e+06 1.72559e+06 1.44651e+06 1.4378e+06 930143 763130 938297
mphobs
 0 0 0 0 0 0 0 0 0 0 0 0 498337 0 5186 125008 0 168611 109162 213762 579715 649985 157893 87575 83554 210694 70296 0 107559 103333 445601 22526 28222
mphpred
 978998 663537 326554 194470 291834 372580 473159 324941 287990 199779 133282 198671 187687 69031.3 8067.9 108622 240362 195576 184851 247517 513948 633176 116576 95803.6 118961 114943 96268 100186 137591 121436 90234.9 62336 38992.9
desembarqueobs
 494567 514787 250237 358949 120608 361735 552515 73892 212993 205616 52469 317467 293654 387597 252695 516296 358380 742168 942051 627588 828172 859565 418607 520667 417249 300574 415391 372974 316634 284311 391294 218835 356480
desembarquepred
 494574 513153 251227 358980 120613 361766 552622 73896.5 213054 205674 52470.6 317485 294130 389154 252671 516293 358510 742391 941675 627417 828301 859638 418685 520783 417213 300624 415443 372974 316599 284238 391542 218912 356521
Reclutas
 203888 98763.9 129713 269175 227726 314728 137567 70989.6 57698.9 75756.1 159565 142151 49351.2 21017.8 132378 357583 72450.3 272214 452024 513854 494739 623494 123216 311593 430955 122485 311522 369872 214986 192228 93237.2 75944.1 276938
log_desv_Rt
 0.167693 -0.557145 -0.284553 0.445487 0.278268 0.601833 -0.225765 -0.887343 -1.09464 -0.822357 -0.0774245 -0.192988 -1.25091 -2.10451 -0.264217 0.729491 -0.866976 0.456713 0.963858 1.09206 1.05415 1.28546 -0.335936 0.591821 0.916126 -0.341891 0.591594 0.763281 0.220699 0.108806 -0.61473 -0.819879 0.473916
SSB
 2.89383e+06 1.96136e+06 965266 574836 862636 1.10131e+06 1.39862e+06 960497 851274 590529 393971 587255 530267 196861 23063.5 310748 710490 578105 566814 726752 1.54293e+06 1.98477e+06 1.83998e+06 1.4619e+06 1.70702e+06 1.74303e+06 1.38174e+06 1.38724e+06 1.97067e+06 1.64367e+06 1.3822e+06 982768 568491
BT
 3.96868e+06 2.69073e+06 1.38896e+06 1.54729e+06 1.59665e+06 2.71723e+06 2.09834e+06 1.79764e+06 1.45156e+06 1.06785e+06 1.02683e+06 1.17387e+06 867308 481891 917071 1.47642e+06 1.18352e+06 1.87772e+06 2.43257e+06 2.3007e+06 4.3146e+06 4.01901e+06 2.85437e+06 4.0189e+06 3.27135e+06 2.82545e+06 3.82303e+06 3.63385e+06 3.00499e+06 2.9904e+06 2.13908e+06 1.64264e+06 2.09726e+06
Ftot
 0.15165 0.272668 0.262922 0.344909 0.092074 0.190608 0.367387 0.0567709 0.22821 0.298977 0.0809478 0.387241 0.506829 2.58717 0.672344 0.635102 0.38307 0.72325 0.83375 0.427986 0.269309 0.342322 0.190224 0.214424 0.18892 0.136261 0.197447 0.172637 0.126885 0.136962 0.262246 0.179955 0.289205
BD_Bspro_t
 0.976028 0.835905 0.670893 0.604887 0.664576 0.74954 0.738733 0.621664 0.678458 0.640416 0.612182 0.765726 0.624258 0.319958 0.0654153 0.459294 0.537911 0.458257 0.408265 0.428753 0.549205 0.603744 0.618354 0.607542 0.680298 0.73028 0.725122 0.74834 0.797944 0.772271 0.752342 0.673779 0.656855
BD_Bspro
 2.32979 1.57906 0.777123 0.462793 0.694497 0.886653 1.12601 0.773284 0.68535 0.475427 0.317181 0.472791 0.426911 0.15849 0.0185682 0.250179 0.572006 0.465425 0.456335 0.585099 1.2422 1.59791 1.48134 1.17696 1.3743 1.40329 1.11242 1.11685 1.58656 1.32329 1.11279 0.791214 0.457685
BD_Bo
 2.49366 1.69013 0.831785 0.495346 0.743347 0.949019 1.20521 0.827676 0.733557 0.508868 0.339491 0.506047 0.456939 0.169638 0.0198742 0.267776 0.612241 0.498163 0.488433 0.626254 1.32957 1.71031 1.58554 1.25974 1.47097 1.50199 1.19067 1.1954 1.69816 1.41637 1.19107 0.846867 0.489878
BD_Brms
 2.67392 1.81231 0.891913 0.531153 0.797082 1.01762 1.29233 0.887506 0.786584 0.545653 0.364032 0.542628 0.48997 0.181901 0.0213109 0.287133 0.656498 0.534173 0.52374 0.671524 1.42568 1.83394 1.70015 1.35081 1.5773 1.61057 1.27674 1.28182 1.82092 1.51876 1.27717 0.908085 0.52529
Sel_flota
 0.559984 1 1 1 1
 0.559984 1 1 1 1
 0.559984 1 1 1 1
 0.559984 1 1 1 1
 0.559984 1 1 1 1
 0.559984 1 1 1 1
 0.559984 1 1 1 1
 0.559984 1 1 1 1
 0.559984 1 1 1 1
 0.559984 1 1 1 1
 0.559984 1 1 1 1
 0.559984 1 1 1 1
 0.559984 1 1 1 1
 0.559984 1 1 1 1
 0.559984 1 1 1 1
 0.559984 1 1 1 1
 0.559984 1 1 1 1
 0.559984 1 1 1 1
 0.559984 1 1 1 1
 0.559984 1 1 1 1
 0.559984 1 1 1 1
 0.559984 1 1 1 1
 0.559984 1 1 1 1
 0.559984 1 1 1 1
 0.559984 1 1 1 1
 0.559984 1 1 1 1
 0.559984 1 1 1 1
 0.559984 1 1 1 1
 0.559984 1 1 1 1
 0.559984 1 1 1 1
 0.559984 1 1 1 1
 0.559984 1 1 1 1
 0.559984 1 1 1 1
Sel_reclas
 1 1 1 1 1
 1 1 1 1 1
 1 1 1 1 1
 1 1 1 1 1
 1 1 1 1 1
 1 1 1 1 1
 1 1 1 1 1
 1 1 1 1 1
 1 1 1 1 1
 1 1 1 1 1
 1 1 1 1 1
 1 1 1 1 1
 1 1 1 1 1
 1 1 1 1 1
 1 1 1 1 1
 1 1 1 1 1
 1 1 1 1 1
 1 1 1 1 1
 1 1 1 1 1
 1 1 1 1 1
 1 1 1 1 1
 1 1 1 1 1
 1 1 1 1 1
 1 1 1 1 1
 1 1 1 1 1
 1 1 1 1 1
 1 1 1 1 1
 1 1 1 1 1
 1 1 1 1 1
 1 1 1 1 1
 1 1 1 1 1
 1 1 1 1 1
 1 1 1 1 1
Sel_pelaces
 1 1 1 1 1
 1 1 1 1 1
 1 1 1 1 1
 1 1 1 1 1
 1 1 1 1 1
 1 1 1 1 1
 1 1 1 1 1
 1 1 1 1 1
 1 1 1 1 1
 1 1 1 1 1
 1 1 1 1 1
 1 1 1 1 1
 1 1 1 1 1
 1 1 1 1 1
 1 1 1 1 1
 1 1 1 1 1
 1 1 1 1 1
 1 1 1 1 1
 1 1 1 1 1
 1 1 1 1 1
 1 1 1 1 1
 1 1 1 1 1
 1 1 1 1 1
 1 1 1 1 1
 1 1 1 1 1
 1 1 1 1 1
 1 1 1 1 1
 1 1 1 1 1
 1 1 1 1 1
 1 1 1 1 1
 1 1 1 1 1
 1 1 1 1 1
 1 1 1 1 1
pf_obs 
 0.8446 0.082 0.0669 0.0065 0
 0.8095 0.147 0.0364 0.0071 0
 0.9664 0.0169 0.016 0.0007 0
 0.9276 0.0648 0.0075 0.0001 0
 0.7033 0.2144 0.0806 0.0017 0
 0.9318 0.0425 0.0243 0.0014 0
 0.5671 0.3108 0.0964 0.0239 0.0018
 0.0768 0.2599 0.5324 0.112 0.0189
 0.490249 0.384438 0.106611 0.0170017 0.00170017
 0.7925 0.1577 0.0466 0.003 0.0002
 0.840416 0.127587 0.0312969 0.00059994 9.999e-05
 0.8084 0.0986 0.0794 0.0134 0.0002
 0.7335 0.1905 0.0724 0.0035 0.0001
 0.4001 0.4547 0.1325 0.0127 0
 0.49795 0.308269 0.164784 0.0264974 0.00249975
 0.9179 0.0499 0.0305 0.0017 0
 0.2467 0.6533 0.0926 0.0074 0
 0.9418 0.0223 0.034 0.0019 0
 0.707729 0.231977 0.0356964 0.0245975 0
 0.517169 0.277429 0.184464 0.0207286 0.00020938
 0.811772 0.124168 0.05621 0.00726502 0.000585176
 0.764997 0.148141 0.077277 0.00933861 0.000247198
 0.163321 0.427699 0.378323 0.0303852 0.000271297
 0.753843 0.0900009 0.118128 0.0371064 0.000921714
 0.721811 0.176058 0.0630433 0.0369309 0.00215725
 0.143369 0.312575 0.442814 0.0836902 0.0175525
 0.692698 0.0596174 0.167031 0.0765114 0.00414204
 0.394062 0.376323 0.152708 0.0712218 0.00568511
 0.125707 0.32114 0.495352 0.0537591 0.00404204
 0.23352 0.215282 0.420074 0.123614 0.00750983
 0.796117 0.104755 0.0508955 0.0450114 0.00322123
 0.162477 0.292055 0.404252 0.121198 0.0200186
 0 0 0 0 0
pf_pred 
 0.396834 0.114759 0.464024 0.0243829 9.43521e-07
 0.316594 0.375866 0.0585127 0.236594 0.0124327
 0.534484 0.219065 0.135545 0.0211009 0.0898045
 0.727621 0.187187 0.0400903 0.0248057 0.0202964
 0.571444 0.35974 0.0472922 0.0101287 0.0113949
 0.619095 0.27013 0.0929873 0.0122243 0.00556353
 0.372788 0.472369 0.109811 0.0378006 0.00723099
 0.344582 0.353426 0.227438 0.0528724 0.021682
 0.39354 0.295883 0.167475 0.107774 0.0353284
 0.569039 0.237729 0.0942753 0.0533614 0.0455958
 0.7343 0.19089 0.0412672 0.0163652 0.0171779
 0.558756 0.368184 0.0524893 0.0113473 0.00922339
 0.338452 0.472919 0.157396 0.0224388 0.00879383
 0.377442 0.31848 0.217375 0.0723465 0.014356
 0.970093 0.0212519 0.00442747 0.00302192 0.00120533
 0.867869 0.13026 0.00132927 0.00027693 0.000264407
 0.305048 0.648464 0.0458301 0.000467683 0.000190462
 0.787716 0.0986451 0.106037 0.00749419 0.000107621
 0.794268 0.183087 0.0105225 0.0113111 0.000810889
 0.727142 0.244705 0.025054 0.00143993 0.0016588
 0.621925 0.318406 0.0535125 0.00547887 0.000677634
 0.642596 0.271354 0.0724696 0.0121795 0.00140123
 0.226909 0.601898 0.129975 0.034712 0.00650501
 0.612427 0.137661 0.194571 0.0420162 0.0133239
 0.647795 0.263817 0.0313943 0.0443729 0.0126206
 0.276478 0.560955 0.12177 0.0144907 0.0263064
 0.641924 0.148304 0.162639 0.035305 0.0118284
 0.616228 0.295971 0.0363645 0.0398794 0.0115572
 0.427862 0.429084 0.110326 0.0135552 0.0191734
 0.464816 0.310332 0.168632 0.0433584 0.0128625
 0.33982 0.40696 0.146832 0.0797874 0.0266007
 0.423917 0.285846 0.178913 0.0645522 0.0467717
 0.78915 0.122155 0.0440094 0.0275458 0.0171396
pobs_RECLAS
 0 0 0 0 0
 0 0 0 0 0
 0 0 0 0 0
 0 0 0 0 0
 0 0 0 0 0
 0 0 0 0 0
 0 0 0 0 0
 0 0 0 0 0
 0 0 0 0 0
 0 0 0 0 0
 0.991045 0.00858322 0.000360255 1.14367e-05 0
 0.934742 0.0480273 0.0164251 0.00080598 0
 0.827803 0.169806 0.00239088 0 0
 0.941827 0.0461693 0.0120037 0 0
 0.791401 0.0380133 0.147996 0.0225897 0
 0.846168 0.0940531 0.0597789 0 0
 0.134021 0.677848 0.182769 0.00536245 0
 0.80878 0.0450904 0.141981 0.00414843 0
 0.846168 0.0940531 0.0597789 0 0
 0.905697 0.0802665 0.012482 0.00150086 5.37128e-05
 0.989698 0.0102097 9.19794e-05 0 0
 0.975433 0.0193895 0.00387452 0.00125025 5.28907e-05
 0.303575 0.632131 0.0575291 0.00676475 0
 0.966965 0.00978017 0.0227588 0.000495775 0
 0.843318 0.132988 0.00938335 0.0141283 0.000182051
 0.564624 0.303363 0.111486 0.0197234 0.00080311
 0.826376 0.0876187 0.0782897 0.00655872 0.00115652
 0.89761 0.0855135 0.0140674 0.00269457 0.000114338
 0.34875 0.467042 0.161289 0.0227151 0.000203297
 0.318654 0.224769 0.449479 0.00709798 0
 0.937255 0.0296025 0.0250945 0.00804832 0
 0.456809 0.399803 0.12412 0.0192676 0
 0.883104 0.0372192 0.0704036 0.00927362 0
ppred_RECLAS
 0.541719 0.0871929 0.352562 0.018526 7.1688e-07
 0.455671 0.299375 0.0466051 0.188446 0.00990262
 0.674662 0.153099 0.0947294 0.0147469 0.0627622
 0.82893 0.117564 0.025179 0.0155794 0.0127473
 0.704983 0.247644 0.0325558 0.00697257 0.00784423
 0.745245 0.180667 0.0621912 0.00817579 0.00372097
 0.519102 0.362177 0.0841951 0.0289826 0.00554418
 0.484765 0.277834 0.178793 0.0415639 0.0170446
 0.539177 0.224829 0.127257 0.0818929 0.0268446
 0.704947 0.162759 0.0645447 0.0365333 0.0312167
 0.831947 0.120736 0.026101 0.0103508 0.0108648
 0.697189 0.252673 0.0360217 0.00778728 0.00632971
 0.483699 0.369087 0.122839 0.0175123 0.0068631
 0.581551 0.214065 0.146108 0.0486273 0.00964928
 0.983623 0.0116378 0.00242454 0.00165484 0.000660051
 0.923838 0.0750835 0.000766205 0.000159626 0.000152407
 0.443794 0.518999 0.0366802 0.000374311 0.000152436
 0.873352 0.0588514 0.0632616 0.00447101 6.42061e-05
 0.878572 0.108063 0.00621067 0.00667609 0.000478608
 0.829255 0.153128 0.015678 0.000901059 0.00103802
 0.748239 0.212027 0.0356341 0.00364839 0.000451239
 0.765305 0.178189 0.0475883 0.00799787 0.000920138
 0.345663 0.509442 0.11001 0.02938 0.00550579
 0.740073 0.0923231 0.13049 0.0281783 0.00893575
 0.767988 0.173787 0.0206807 0.0292302 0.00831368
 0.406914 0.459826 0.0998173 0.0118783 0.0215639
 0.763461 0.0979672 0.107437 0.0233219 0.00781364
 0.742776 0.198375 0.0243733 0.0267292 0.00774624
 0.573044 0.320203 0.0823302 0.0101155 0.0143081
 0.609289 0.226557 0.12311 0.0316538 0.00939024
 0.481773 0.319455 0.11526 0.0626313 0.0208809
 0.569668 0.213526 0.133647 0.0482202 0.0349383
 0.871282 0.0745724 0.0268666 0.016816 0.0104633
pobs_PELACES
 0 0 0 0 0
 0 0 0 0 0
 0 0 0 0 0
 0 0 0 0 0
 0 0 0 0 0
 0 0 0 0 0
 0 0 0 0 0
 0 0 0 0 0
 0 0 0 0 0
 0 0 0 0 0
 0 0 0 0 0
 0 0 0 0 0
 0 0 0 0 0
 0 0 0 0 0
 0 0 0 0 0
 0 0 0 0 0
 0.505614 0.472636 0.0217494 0 0
 0 0 0 0 0
 0.443492 0.261883 0.143347 0.151278 0
 0.227955 0.32914 0.350689 0.0885471 0.00366901
 0.970185 0.0296113 0.000203453 0 0
 0.997202 0.00247181 0.000326279 0 0
 0.445219 0.490057 0.0546422 0.010081 0
 0.90214 0.0892962 0.00764917 0.000914606 0
 0 0 0 0 0
 0.581667 0.319106 0.0959925 0.00289975 0.000334073
 0.762889 0.0836404 0.116647 0.0363945 0.000428098
 0.88444 0.0763242 0.0277011 0.0115352 0
 0.521256 0.241999 0.230069 0.00667565 0
 0.616807 0.101726 0.260614 0.0208532 0
 0.833518 0.0704572 0.0857862 0.0102388 0
 0.697417 0.212968 0.0787535 0.0105354 0.000325836
 0 0 0 0 0
ppred_PELACES
 0.54718 0.0861537 0.34836 0.0183052 7.08337e-07
 0.465507 0.293965 0.0457629 0.185041 0.00972367
 0.682985 0.149182 0.0923059 0.0143697 0.0611565
 0.835916 0.112763 0.0241509 0.0149432 0.0122268
 0.707756 0.245316 0.0322498 0.00690703 0.0077705
 0.750464 0.176965 0.0609172 0.0080083 0.00364474
 0.532402 0.35216 0.0818664 0.0281811 0.00539084
 0.486824 0.276723 0.178078 0.0413978 0.0169764
 0.547399 0.220818 0.124986 0.0804317 0.0263656
 0.713895 0.157822 0.0625871 0.0354253 0.0302699
 0.833584 0.11956 0.0258468 0.01025 0.010759
 0.708927 0.242878 0.0346254 0.00748542 0.00608435
 0.502091 0.355939 0.118463 0.0168884 0.00661861
 0.669254 0.169199 0.115485 0.0384355 0.00762688
 0.985123 0.0105714 0.00220238 0.00150321 0.000599571
 0.930079 0.0689314 0.000703426 0.000146547 0.00013992
 0.457564 0.506151 0.0357722 0.000365045 0.000148663
 0.88452 0.0536618 0.0576832 0.00407676 5.85444e-05
 0.890907 0.0970853 0.00557976 0.0059979 0.000429989
 0.837875 0.145398 0.0148865 0.000855569 0.000985616
 0.755534 0.205884 0.0346016 0.00354268 0.000438164
 0.774115 0.1715 0.0458019 0.00769764 0.000885597
 0.351936 0.504557 0.108955 0.0290983 0.005453
 0.746017 0.0902117 0.127506 0.0275338 0.00873139
 0.77284 0.170153 0.0202482 0.028619 0.00813982
 0.411698 0.456117 0.0990122 0.0117825 0.02139
 0.768599 0.095839 0.105103 0.0228153 0.0076439
 0.747536 0.194704 0.0239223 0.0262346 0.00760289
 0.577545 0.316827 0.0814621 0.0100088 0.0141573
 0.614013 0.223818 0.121621 0.0312711 0.00927671
 0.491286 0.313591 0.113144 0.0614817 0.0204976
 0.576062 0.210353 0.131662 0.0475038 0.0344192
 0.875918 0.0718862 0.0258988 0.0162102 0.0100864
pobs_pel_tallas
 0 0 0 0 0 0 0 0 0 0 0 0 0 0 0 0 0 0 0 0 0 0 0 0 0 0
 0 0 0 0 0 0 0 0 0 0 0 0 0 0 0 0 0 0 0 0 0 0 0 0 0 0
 0 0 0 0 0 0 0 0 0 0 0 0 0 0 0 0 0 0 0 0 0 0 0 0 0 0
 0 0 0 0 0 0 0 0 0 0 0 0 0 0 0 0 0 0 0 0 0 0 0 0 0 0
 0 0 0 0 0 0 0 0 0 0 0 0 0 0 0 0 0 0 0 0 0 0 0 0 0 0
 0 0 0 0 0 0 0 0 0 0 0 0 0 0 0 0 0 0 0 0 0 0 0 0 0 0
 0 0 0 0 0 0 0 0 0 0 0 0 0 0 0 0 0 0 0 0 0 0 0 0 0 0
 0 0 0 0 0 0 0 0 0 0 0 0 0 0 0 0 0 0 0 0 0 0 0 0 0 0
 0 0 0 0 0 0 0 0 0 0 0 0 0 0 0 0 0 0 0 0 0 0 0 0 0 0
 0 0 0 0 0 0 0 0 0 0 0 0 0 0 0 0 0 0 0 0 0 0 0 0 0 0
 0 0 0 0 0 0 0 0 0 0 0 0 0 0 0 0 0 0 0 0 0 0 0 0 0 0
 0 0 0 0 0 0 0 0 0 0 0 0 0 0 0 0 0 0 0 0 0 0 0 0 0 0
 0.00862536 0 0 0.000197151 0.00414017 0.0128641 0.00837892 0.0270097 0.101434 0.158115 0.152841 0.127902 0.109271 0.109419 0.0830992 0.0579132 0.0238553 0.00714673 0.00463305 0.00128148 0.00103504 0.000492878 0.000147863 0.000147863 4.92878e-05 0
 0 0 0 0 0 0 0 0 0 0 0 0 0 0 0 0 0 0 0 0 0 0 0 0 0 0
 0 0 0 0 0 0 0 0.0054083 0.00873648 0.0413646 0.0450493 0.0745869 0.0622846 0.0627006 0.0613931 0.0827291 0.12552 0.122667 0.0946155 0.0697135 0.0546179 0.0294188 0.0215738 0.0213955 0.0102223 0.00600262
 0 0 0 0 0.00359764 0.0251062 0.0480494 0.140153 0.205849 0.193036 0.1447 0.116669 0.0760912 0.0342217 0.00950174 0.001854 0.000860785 0 0 0 0.000165536 0 0.000143464 0 0 0
 0 0 0 0 0 0 0 0.000145254 0.000435761 0.0275982 0.070085 0.0708112 0.156366 0.174668 0.174014 0.160142 0.0824315 0.0480064 0.0283245 0.00493863 0.00203355 0 0 0 0 0
 0 0 0 0 0 0 0 0 0 0 0 0 0 0 0 0 0 0 0 0 0 0 0 0 0 0
 0 0 1.00437e-05 0.000401748 0.00122533 0.00171747 0.00176769 0.0269171 0.070346 0.194647 0.189555 0.159765 0.064822 0.0314167 0.0384472 0.0292271 0.0345202 0.0313363 0.0194345 0.0106764 0.0143323 0.0359363 0.0279516 0.0138201 0.00172751 0
 0 0.0021121 0.0136068 0.0755702 0.200478 0.177729 0.0527432 0.0373336 0.0318909 0.0142505 0.0149659 0.0166563 0.0217959 0.0798694 0.0677717 0.0528807 0.04013 0.0224614 0.0357745 0.0225083 0.00881397 0.00855152 0.00135912 0.000746735 0 0
 0 0 0 0 5.4009e-05 0.00500934 0.000945158 0.0243581 0.138947 0.33067 0.221406 0.137944 0.0707744 0.0437923 0.0131692 0.00525238 0.0047753 0.00276346 9.45158e-05 9.00151e-06 2.25038e-05 9.00151e-06 4.50075e-06 0 0 0
 0.000866109 0.00284123 0.00948549 0.0512746 0.133035 0.25785 0.225252 0.132002 0.0553304 0.0519788 0.0540692 0.017754 0.00435017 0.00159236 0.00146478 0.000404838 0.000125132 0.000115318 0.000107957 0.000100596 0 0 0 0 0 0
 0 0 0 0 0.00144013 0.00171154 0.00461396 0.0210425 0.0478622 0.0707936 0.0888783 0.103762 0.0637923 0.0337046 0.0602308 0.124433 0.169614 0.0934646 0.0462172 0.0250306 0.0313229 0.00938855 0.002487 0.000210481 0 0
 0 0.00764035 0.051015 0.0998891 0.058973 0.0496711 0.0374665 0.0718981 0.12319 0.153886 0.159021 0.0857701 0.0377988 0.023471 0.0147837 0.00900784 0.00315554 0.000888139 0.00291439 0.00214683 0.00393193 0.00274676 0.000635225 9.99891e-05 0 0
 0 0 0 0 0 0 0 0 0 0 0 0 0 0 0 0 0 0 0 0 0 0 0 0 0 0
 0 0 0 0 0 0 0 0 0 0 0 0 0 0 0 0 0 0 0 0 0 0 0 0 0 0
 0 0 0 0 0 0 0 0 0 0 0 0 0 0 0 0 0 0 0 0 0 0 0 0 0 0
 0 0 0 0 0 0 0 0 0 0 0 0 0 0 0 0 0 0 0 0 0 0 0 0 0 0
 0 0 0 0 0 0 0 0 0 0 0 0 0 0 0 0 0 0 0 0 0 0 0 0 0 0
 0 0 0 0 0 0 0 0 0 0 0 0 0 0 0 0 0 0 0 0 0 0 0 0 0 0
 0 0 0 0 0 0 0 0 0 0 0 0 0 0 0 0 0 0 0 0 0 0 0 0 0 0
 0 0 0 0 0 0 0 0 0 0 0 0 0 0 0 0 0 0 0 0 0 0 0 0 0 0
 0 0 0 0 0 0 0 0 0 0 0 0 0 0 0 0 0 0 0 0 0 0 0 0 0 0
ppred_pel_tallas
 1.11911e-16 4.50705e-05 0.000438102 0.00291134 0.0132345 0.0411776 0.0877336 0.128052 0.12806 0.0877769 0.0413248 0.0136663 0.00402023 0.00294179 0.00504263 0.00889618 0.0142761 0.0209944 0.0287733 0.0372993 0.0460818 0.0541585 0.0600145 0.062015 0.0591963 0.0518698
 1.21599e-16 3.83433e-05 0.00037271 0.00247679 0.0112592 0.0350316 0.0746395 0.108944 0.108973 0.0747783 0.0354979 0.0126073 0.00586523 0.00778528 0.0141653 0.0234967 0.0342013 0.0438375 0.0500318 0.0519126 0.050717 0.0489373 0.048634 0.0502041 0.052381 0.0532118
 1.14493e-16 5.62566e-05 0.000546835 0.00363391 0.0165192 0.0513975 0.109508 0.159834 0.159848 0.109579 0.0516361 0.0172098 0.00537375 0.00436606 0.00737256 0.0122668 0.0180655 0.0235797 0.02765 0.0297989 0.0305012 0.0307724 0.0314026 0.0324554 0.033342 0.0332836
 1.04294e-16 6.88533e-05 0.000669279 0.00444759 0.0202181 0.0629061 0.134029 0.195621 0.195632 0.134082 0.0630848 0.0207346 0.00574498 0.00350495 0.00546485 0.00895425 0.0129628 0.0164577 0.0184447 0.0184907 0.0169838 0.0148589 0.0130054 0.0118201 0.0111671 0.0106474
 1.03002e-16 5.8297e-05 0.000566668 0.00376571 0.0171184 0.0532617 0.113481 0.165633 0.165657 0.113596 0.0536496 0.0182386 0.00657753 0.00670447 0.0117139 0.0192703 0.0277478 0.0348822 0.0384072 0.0372821 0.0323106 0.0255916 0.0192607 0.0144985 0.0113777 0.00934933
 1.03224e-16 6.18148e-05 0.000600862 0.00399294 0.0181513 0.0564756 0.120328 0.175626 0.175643 0.120412 0.0567566 0.0189637 0.00603491 0.0050675 0.00857111 0.0141406 0.0205237 0.0261413 0.0294149 0.0295985 0.0271832 0.0234906 0.019805 0.0167471 0.0142604 0.0120104
 1.06191e-16 4.38533e-05 0.00042627 0.00283272 0.0128771 0.0400657 0.0853655 0.124601 0.124635 0.0855317 0.0406238 0.0144897 0.00688323 0.00927782 0.0168819 0.0279117 0.0403738 0.051132 0.0570116 0.0565472 0.0508243 0.042668 0.0348625 0.0288117 0.024426 0.0208966
 1.12235e-16 4.00991e-05 0.000389778 0.00259021 0.0117747 0.0366358 0.0780573 0.113933 0.113959 0.0781889 0.0370781 0.0130554 0.00581607 0.00746899 0.0135941 0.0226972 0.0333653 0.043374 0.0504526 0.0535274 0.0532475 0.0512853 0.049028 0.0467686 0.0439097 0.0397627
 1.16192e-16 4.50886e-05 0.000438277 0.0029125 0.0132398 0.0411942 0.0877693 0.128106 0.128128 0.0878742 0.041547 0.0142614 0.00548566 0.00608546 0.0108595 0.0181199 0.0266681 0.0347638 0.0406789 0.0436849 0.0444493 0.0444197 0.0446944 0.0453064 0.0453839 0.0438841
 1.10522e-16 5.88026e-05 0.000571583 0.00379837 0.0172668 0.0537236 0.114464 0.167067 0.167083 0.114539 0.0539748 0.0179935 0.00562649 0.0045761 0.00770523 0.0127556 0.0186358 0.0240151 0.0275959 0.0288346 0.0282635 0.0270713 0.0262752 0.0261419 0.0262109 0.0257512
 1.03626e-16 6.86613e-05 0.000667412 0.00443519 0.0201617 0.0627307 0.133655 0.195075 0.195087 0.133711 0.0629201 0.0207091 0.00581021 0.00367227 0.00578499 0.00948081 0.0137132 0.0173813 0.0194174 0.0193454 0.0175619 0.0150521 0.0127721 0.0111786 0.0101835 0.00942483
 1.02842e-16 5.83934e-05 0.000567605 0.00377193 0.0171467 0.0533498 0.113668 0.165907 0.16593 0.113783 0.0537339 0.0182561 0.00655674 0.00664707 0.0116051 0.0190949 0.0275058 0.0345996 0.0381348 0.0370791 0.0322189 0.0256158 0.0193647 0.0146201 0.0114524 0.00933249
 1.06324e-16 4.13567e-05 0.000402002 0.00267144 0.012144 0.0377847 0.0805056 0.117508 0.117542 0.0806738 0.0383498 0.0137776 0.00677714 0.0093819 0.017146 0.0284111 0.0412277 0.0524787 0.0589884 0.0592564 0.0542798 0.0467357 0.039232 0.0330393 0.0280527 0.0235934
 1.08522e-16 5.51256e-05 0.000535841 0.00356085 0.0161871 0.0503642 0.107307 0.156621 0.156637 0.107387 0.050635 0.0169712 0.00553668 0.00487433 0.00836914 0.0139444 0.020543 0.0268066 0.0313745 0.0336121 0.0339154 0.0332695 0.0324458 0.0315209 0.030031 0.0274943
 1.00319e-16 8.11433e-05 0.000788742 0.00524147 0.0238269 0.0741345 0.157951 0.230535 0.230536 0.157956 0.0741512 0.0238754 0.00536305 0.00105446 0.000586662 0.000843816 0.00121344 0.00153846 0.00172035 0.00171722 0.00156443 0.00134891 0.00115423 0.00101905 0.000933579 0.000864355
 1.00077e-16 7.66094e-05 0.00074467 0.0049486 0.0224956 0.0699922 0.149126 0.217655 0.217662 0.149158 0.0701009 0.0228094 0.00573543 0.00245994 0.00332715 0.00536065 0.0076712 0.00955485 0.0103521 0.00976125 0.00801978 0.00575565 0.00362876 0.00203585 0.00104612 0.000521837
 1.01224e-16 3.7689e-05 0.000366351 0.00243453 0.0110671 0.034434 0.073367 0.107092 0.10714 0.0736051 0.0352331 0.0133743 0.00822292 0.0129922 0.0239859 0.0395132 0.0567254 0.0709264 0.0773471 0.0737731 0.0618725 0.0461008 0.0311032 0.0196209 0.0120923 0.0075733
 1.02098e-16 7.28567e-05 0.000708193 0.00470619 0.0213937 0.0665637 0.141821 0.206993 0.206999 0.141847 0.0666502 0.0216445 0.00533945 0.00210295 0.00275784 0.00453778 0.00674753 0.00893687 0.0106827 0.0117627 0.0122338 0.0122974 0.0120802 0.0115354 0.0105367 0.00904952
 1.00861e-16 7.33829e-05 0.000713307 0.00474018 0.0215482 0.0670444 0.142846 0.208489 0.208499 0.142891 0.0671977 0.0219908 0.00585057 0.00313552 0.00466844 0.00758842 0.0108938 0.0136368 0.0149086 0.0142976 0.0121374 0.00929023 0.00664044 0.00468735 0.00347116 0.00276123
 1.0072e-16 6.90147e-05 0.000670847 0.00445802 0.0202655 0.0630536 0.134343 0.19608 0.196094 0.134411 0.0632833 0.0209288 0.00612256 0.00430284 0.00696169 0.0113862 0.0163629 0.0205067 0.0224538 0.021572 0.0183331 0.0139958 0.00986192 0.00668498 0.00456703 0.00323114
 1.01481e-16 6.22324e-05 0.000604921 0.00401991 0.0182739 0.0568571 0.121141 0.176813 0.176833 0.121238 0.0571828 0.0192148 0.0063819 0.00576215 0.00985951 0.0162081 0.0233572 0.0294001 0.0324305 0.0315571 0.0274178 0.0217248 0.0162268 0.0119017 0.00884688 0.00668558
 1.02288e-16 6.37629e-05 0.000619798 0.00411877 0.0187234 0.0582554 0.12412 0.18116 0.181177 0.124201 0.0585273 0.0195091 0.00609281 0.0049345 0.00827385 0.0136182 0.0197059 0.0249767 0.0278766 0.0276755 0.0248739 0.0208142 0.0168285 0.0136045 0.0111395 0.00911014
 1.07115e-16 2.89886e-05 0.00028178 0.00187253 0.00851227 0.0264851 0.0564311 0.0823731 0.0824218 0.0566691 0.0272843 0.0108214 0.00767177 0.0129517 0.0241215 0.0399102 0.0576733 0.0729121 0.0810433 0.0799374 0.0711455 0.0587519 0.04683 0.0375089 0.030782 0.025579
 1.07942e-16 6.14485e-05 0.000597301 0.00396928 0.0180438 0.0561409 0.119614 0.174583 0.174591 0.119658 0.0562875 0.0184695 0.00504713 0.00298056 0.00467679 0.00786788 0.011875 0.0160817 0.0198782 0.0229564 0.0253956 0.0273984 0.0289229 0.0295711 0.028839 0.0264934
 1.04876e-16 6.36579e-05 0.000618777 0.00411199 0.0186925 0.0581595 0.123916 0.180862 0.180878 0.123996 0.0584286 0.01947 0.0060639 0.00488107 0.00816277 0.0134068 0.0193421 0.0244101 0.0270832 0.0266962 0.0238573 0.0200399 0.016678 0.0144631 0.0132538 0.0124656
 1.07776e-16 3.39111e-05 0.000329628 0.0021905 0.0099577 0.0309823 0.0660128 0.0963568 0.0964008 0.0662279 0.0317048 0.012045 0.00743271 0.0117824 0.0218113 0.0360741 0.0521254 0.0658916 0.0732302 0.072223 0.064288 0.0531441 0.0425066 0.0343267 0.0286 0.0243215
 1.0664e-16 6.33085e-05 0.000615381 0.00408943 0.0185899 0.0578403 0.123235 0.179867 0.179877 0.123281 0.0579949 0.0190386 0.00522301 0.0031142 0.0048802 0.00815427 0.0121774 0.0162313 0.0196089 0.0219634 0.0234357 0.0243905 0.0249998 0.0250592 0.0241719 0.0220984
 1.04658e-16 6.15736e-05 0.000598517 0.00397736 0.0180805 0.0562553 0.119859 0.174941 0.17496 0.11995 0.0565632 0.01897 0.00621047 0.00547443 0.00932527 0.0153296 0.0221059 0.0278707 0.030863 0.0303037 0.0268723 0.0222472 0.0180812 0.0152023 0.013507 0.0123909
 1.05832e-16 4.75717e-05 0.000462414 0.0030729 0.013969 0.0434629 0.0926034 0.135164 0.135194 0.0927529 0.0439651 0.0154204 0.00671888 0.00843105 0.0152092 0.0251411 0.0363818 0.0461071 0.0514588 0.0511078 0.0460104 0.0386848 0.0316234 0.0260994 0.0220672 0.018844
 1.08273e-16 5.05755e-05 0.000491612 0.00326693 0.014851 0.0462071 0.09845 0.143695 0.143717 0.0985562 0.0465642 0.0158842 0.00586763 0.00619313 0.01095 0.0182093 0.0266648 0.0344547 0.0396968 0.0415062 0.0404458 0.0379727 0.0353628 0.0330098 0.030535 0.0273975
 1.1298e-16 4.04666e-05 0.00039335 0.00261395 0.0118827 0.0369715 0.0787729 0.114978 0.115008 0.0789212 0.0374701 0.0133244 0.00623943 0.00832956 0.0151776 0.0252004 0.036711 0.047053 0.0535525 0.0550201 0.0524267 0.0481168 0.0442105 0.0414736 0.0393448 0.0367679
 1.14442e-16 4.74495e-05 0.000461226 0.00306501 0.0139331 0.0433512 0.092365 0.134814 0.134834 0.092465 0.0436875 0.014907 0.00551852 0.00584697 0.0103641 0.0172923 0.0254599 0.0331995 0.0388445 0.0416613 0.0422318 0.0418865 0.0416627 0.0416501 0.0411444 0.0393069
 1.04099e-16 7.21482e-05 0.000701307 0.00466043 0.0211856 0.0659164 0.140442 0.204981 0.204988 0.140476 0.0660308 0.0215163 0.005492 0.00252205 0.00354634 0.00579234 0.00844256 0.0108462 0.0123995 0.0128463 0.0124261 0.0116865 0.0111084 0.010839 0.0106992 0.0103834
pSPR Fmed_Fpbrs
1   0.982586 0.6 0.325 0.982586 0.982586 0.982586
Fs Fmed_Fpbrs
0   0.01 0.327012 0.829274 0.01 0.01 0.01
SSBpbr Bo_Bmed_Bpbrs
1.16047e+06  1.10245e+06  1.08224e+06 638261 319131 1.08224e+06 1.08224e+06 1.08224e+06
Ro
172410
SPR SPRFo_SPRFmed_SPRFpbrs
1.2421e+06 1.2421e+06 1.22047e+06
Fref
0
Nvult_r0
 190291 18301.2 6593.46 4126.89 2567.85
CTP_r0
 26522.3 4105.47 1479.1 925.778 576.04
YTP_r0
356521
Np
 276938 101880 37479.4 13787.9 6938.28
Nvult_p0
 175058 64400.2 23691.5 8715.62 4385.83
CTP_p0
 0 0 0 0 0
 0 0 0 0 0
 0 0 0 0 0
 0 0 0 0 0
 0 0 0 0 0
 0 0 0 0 0
YTP_p0
 0 0 0 0 0 0
CBA_c0
0
log_Ro
11.8776
likeval ReclasPelacesDesembMPH_pf_preclas_ppelaces_ptallas_desvR_qrecl_qpela
 45.4099 15.3598 0.229235 132.742 247.943 148.175 123.378 0 27.6972 2.62159e-08 1.883e-06 0.663415 2070.87 0 0
q_reclas_q_pelaces
1.02316 1.21417
M
1
N
 203888 33930.3 137196 7209.22 0.278967
 98763.9 68899.4 10725.9 43369.7 2279.03
 129713 31188.3 19297.6 3004.14 12785.5
 269175 41185.7 8820.87 5457.87 4465.72
 227726 81631.8 10731.5 2298.4 2585.72
 314728 79565.8 27389.1 3600.63 1638.72
 137567 104060 24190.9 8327.28 1592.95
 70989.6 41197.6 26511.7 6163.16 2527.4
 57698.9 25298.4 14319.3 9214.83 3020.63
 75756.1 18679.8 7407.79 4192.93 3582.74
 159565 23572.9 5096.06 2020.92 2121.29
 142151 56099.3 7997.66 1728.96 1405.34
 49351.2 42099.6 14011.5 1997.52 782.834
 21017.8 13669.2 9329.77 3105.12 616.16
 132378 1815.93 378.318 258.217 102.993
 357583 33420.1 341.043 71.0505 67.8374
 72450.3 92178 6514.67 66.4804 27.0738
 272214 21507.2 23118.9 1633.93 23.4641
 452024 66791.8 3838.71 4126.38 295.82
 513854 104256 10674.2 613.477 706.726
 494739 148751 24999.7 2559.58 316.573
 623494 156526 41802.8 7025.54 808.274
 123216 189359 40890.6 10920.5 2046.49
 311593 40748.5 57594.1 12437 3943.95
 430955 101659 12097.4 17098.6 4863.19
 122485 142624 30960.2 3684.28 6688.46
 311522 41749.2 45784.7 9938.76 3329.83
 369872 102607 12606.8 13825.3 4006.64
 214986 123530 31761.9 3902.42 5519.88
 192228 73664.5 40028.7 10292.1 3053.21
 93237.2 65495.8 23631 12840.9 4281.08
 75944.1 29615.4 18536.5 6687.99 4845.82
 276938 25260.1 9100.58 5696.12 3544.25
pred_Ctot
 10566.1 3055.58 12355.1 649.222 0.0251223
 8951.31 10627.1 1654.37 6689.4 351.52
 11361.3 4656.57 2881.23 448.534 1908.94
 30359.1 7810.14 1672.72 1034.99 846.844
 7264.59 4573.27 601.211 128.763 144.86
 20317.5 8865.15 3051.67 401.179 182.585
 16443.3 20835.6 4843.66 1667.34 318.951
 1407.8 1443.93 929.205 216.012 88.5825
 4421.38 3324.21 1881.56 1210.83 396.911
 7483.69 3126.48 1239.86 701.78 599.651
 4486.67 1166.37 252.148 99.9935 104.959
 17829.6 11748.6 1674.91 362.087 294.314
 7888.29 11022.3 3668.42 522.98 204.957
 11360.4 9585.77 6542.66 2177.52 432.093
 27067 592.958 123.533 84.3159 33.6303
 69627.6 10450.5 106.645 22.2176 21.2129
 8997.81 19127.3 1351.82 13.795 5.61793
 59215.2 7415.48 7971.19 563.363 8.0902
 110689 25515 1466.42 1576.31 113.005
 70585.6 23754.1 2432.06 139.777 161.024
 44321.4 22691.2 3813.56 390.451 48.2916
 69834.5 29489.6 7875.68 1323.62 152.279
 7938.97 21058.9 4547.5 1214.48 227.594
 22505.3 5058.75 7150.07 1544 489.625
 27584.9 11234.1 1336.86 1889.52 537.418
 5723.7 11613 2520.91 299.989 544.602
 20799.5 4805.31 5269.78 1143.94 383.26
 21715.5 10429.9 1281.46 1405.33 407.27
 9375.32 9402.1 2417.46 297.021 420.128
 9027.57 6027.21 3275.14 842.101 249.813
 8146.73 9756.34 3520.1 1912.8 637.716
 4639.95 3128.71 1958.28 706.551 511.936
 26522.3 4105.47 1479.1 925.778 576.04
F
 0.0849216 0.15165 0.15165 0.15165 0.15165
 0.152689 0.272668 0.272668 0.272668 0.272668
 0.147232 0.262922 0.262922 0.262922 0.262922
 0.193144 0.344909 0.344909 0.344909 0.344909
 0.05156 0.092074 0.092074 0.092074 0.092074
 0.106738 0.190608 0.190608 0.190608 0.190608
 0.205731 0.367387 0.367387 0.367387 0.367387
 0.0317908 0.0567709 0.0567709 0.0567709 0.0567709
 0.127794 0.22821 0.22821 0.22821 0.22821
 0.167422 0.298977 0.298977 0.298977 0.298977
 0.0453295 0.0809478 0.0809478 0.0809478 0.0809478
 0.216849 0.387241 0.387241 0.387241 0.387241
 0.283816 0.506829 0.506829 0.506829 0.506829
 1.44877 2.58717 2.58717 2.58717 2.58717
 0.376502 0.672344 0.672344 0.672344 0.672344
 0.355647 0.635102 0.635102 0.635102 0.635102
 0.214513 0.38307 0.38307 0.38307 0.38307
 0.405009 0.72325 0.72325 0.72325 0.72325
 0.466887 0.83375 0.83375 0.83375 0.83375
 0.239666 0.427986 0.427986 0.427986 0.427986
 0.150809 0.269309 0.269309 0.269309 0.269309
 0.191695 0.342322 0.342322 0.342322 0.342322
 0.106522 0.190224 0.190224 0.190224 0.190224
 0.120074 0.214424 0.214424 0.214424 0.214424
 0.105792 0.18892 0.18892 0.18892 0.18892
 0.0763041 0.136261 0.136261 0.136261 0.136261
 0.110567 0.197447 0.197447 0.197447 0.197447
 0.0966739 0.172637 0.172637 0.172637 0.172637
 0.0710539 0.126885 0.126885 0.126885 0.126885
 0.0766968 0.136962 0.136962 0.136962 0.136962
 0.146854 0.262246 0.262246 0.262246 0.262246
 0.100772 0.179955 0.179955 0.179955 0.179955
 0.16195 0.289205 0.289205 0.289205 0.289205
YTP_r0W_actual
 199978 71640.4 35601.9 28995.4 20305.4
YTP_p0W_proyectada
 0 0 0 0 0
 0 0 0 0 0
 0 0 0 0 0
 0 0 0 0 0
 0 0 0 0 0
 0 0 0 0 0
CTP_r0_actual
 26522.3 4105.47 1479.1 925.778 576.04
CTP_p0_proyectada
 0 0 0 0 0
 0 0 0 0 0
 0 0 0 0 0
 0 0 0 0 0
 0 0 0 0 0
 0 0 0 0 0
Wmedp
 7.54 17.45 24.07 31.32 35.25
Frms_r0
 0.16195 0.289205 0.289205 0.289205 0.289205
Zrms_r0
 1.16195 1.2892 1.2892 1.2892 1.2892
nmprior
 7.29 8.9 8.7 0
nm_flota  nm_reclas  nm_pelaces    nm_pelaL
inf 9.38101 12.5095 34.3666
cv_recla  cv_pelaces  cv_mph
0.583588 0.429322 0.461882
 ------------------------------------------------
Talla a la edad & desviaci?n 
 8 13.2811 15.8009 17.003 17.5766
 0.8 1.32811 1.58009 1.7003 1.75766
