years
 1991 1992 1993 1994 1995 1996 1997 1998 1999 2000 2001 2002 2003 2004 2005 2006 2007 2008 2009 2010 2011 2012 2013 2014 2015 2016 2017 2018 2019 2020 2021 2022 2023
reclasobs
 0 0 0 0 0 0 0 0 0 252601 567819 844713 477998 351125 339783 2.1784e+06 2.13404e+06 4.81314e+06 1.55562e+06 2.62356e+06 3.21686e+06 3.843e+06 1.13348e+06 3.07943e+06 1.97215e+06 2.03268e+06 2.025e+06 2.42433e+06 2.27542e+06 1.05018e+06 2.36338e+06 3.18982e+06 1.53035e+06
reclaspred
 3.27756e+06 1.76657e+06 933382 1.13909e+06 1.27686e+06 2.02038e+06 1.17244e+06 1.08072e+06 756504 529909 801346 1.14387e+06 785454 133507 685301 1.34164e+06 1.07862e+06 1.42626e+06 1.63968e+06 2.1144e+06 3.84229e+06 3.03605e+06 2.24072e+06 2.92413e+06 2.58339e+06 2.29151e+06 2.58686e+06 2.79016e+06 2.57246e+06 2.38166e+06 1.54347e+06 1.23398e+06 1.55185e+06
pelacesobs
 0 0 0 0 0 0 0 0 0 0 0 0 0 0 0 552880 188675 0 991730 2.46772e+06 1.41603e+06 1.21717e+06 2.29649e+06 1.80582e+06 0 1.4828e+06 1.56532e+06 1.57751e+06 1.42118e+06 867257 1.10002e+06 1.06204e+06 0
pelacespred
 1.75363e+06 1.02901e+06 521559 548735 666235 1.10762e+06 571761 690458 452274 295128 470294 578579 411945 44121 392641 631415 500389 706603 840499 979145 2.01144e+06 1.66381e+06 1.25202e+06 1.79488e+06 1.46394e+06 1.30505e+06 1.75625e+06 1.68985e+06 1.39808e+06 1.4697e+06 876070 705599 853919
mphobs
 0 0 0 0 0 0 0 0 0 0 0 0 498337 0 5186 125008 0 168611 109162 213762 579715 649985 157893 87575 83554 210694 70296 0 107559 103333 445601 22526 28222
mphpred
 871449 595528 281214 168413 226643 292675 364233 208756 195344 125277 80802.3 180928 223681 79394 7452.52 107926 254359 185342 178328 246229 523297 625116 119758 93475.6 116761 118170 96091.4 100581 140652 123153 94406.5 60410.6 36745
desembarqueobs
 494567 514787 250237 358949 120608 361735 552515 73892 212993 205616 52469 317467 293654 387597 252695 516296 358380 742168 942051 627588 828172 859565 418607 520667 417249 300574 415391 372974 316634 284311 391294 218835 356480
desembarquepred
 494574 513679 250884 359005 120617 361778 552649 73899.6 213086 205701 52471 317452 294018 388685 252645 516231 358488 742241 941408 627321 828320 859580 418693 520818 417183 300641 415454 372960 316572 284195 391618 218940 356539
Reclutas
 174010 83914.7 101584 167776 141842 209189 88002.4 43166.7 36950.2 50310.8 120662 162184 53490.3 21735.7 105373 305694 57923.9 243310 375109 405495 373606 484941 87250.2 218724 320601 83610.1 220014 258546 154561 153359 65431.5 54185.5 185245
log_desv_Rt
 0.28687 -0.442444 -0.251361 0.250382 0.0824656 0.470991 -0.394881 -1.10717 -1.26267 -0.954025 -0.0792512 0.216488 -0.892744 -1.79329 -0.214739 0.85034 -0.813114 0.622093 1.05497 1.13286 1.05096 1.31178 -0.403464 0.515566 0.897952 -0.446081 0.521447 0.682828 0.168341 0.16054 -0.691241 -0.879832 0.349437
SSB
 1.75555e+06 1.1997e+06 566509 339271 456575 589599 733753 420543 393524 252373 162778 364483 429507 153204 14435.7 209443 512411 373374 375474 465753 1.01353e+06 1.27354e+06 1.17285e+06 884239 1.0306e+06 1.1054e+06 848599 853686 1.23765e+06 1.02019e+06 897304 591520 331167
BT
 2.56063e+06 1.75531e+06 875420 959353 905369 1.65197e+06 1.19764e+06 904685 765781 556554 617913 968149 763311 441938 725756 1.19951e+06 893262 1.51579e+06 1.92258e+06 1.70025e+06 3.10088e+06 2.83877e+06 1.88926e+06 2.67319e+06 2.16774e+06 1.84437e+06 2.56674e+06 2.41789e+06 1.96398e+06 2.05173e+06 1.43933e+06 1.05333e+06 1.35652e+06
Ftot
 0.248569 0.453274 0.442396 0.627788 0.178415 0.357825 0.760942 0.124587 0.503368 0.69684 0.152163 0.549025 0.618815 3.36699 0.995768 0.91325 0.567072 1.0723 1.25985 0.667531 0.427754 0.546719 0.311068 0.360714 0.31608 0.222701 0.328304 0.288812 0.210367 0.218437 0.424767 0.305527 0.512032
BD_Bspro_t
 0.961337 0.755886 0.539673 0.46026 0.504354 0.611705 0.592608 0.418633 0.489957 0.428257 0.392148 0.668473 0.56507 0.258001 0.0405473 0.359733 0.453564 0.35242 0.312594 0.324383 0.442544 0.492473 0.506357 0.480325 0.559984 0.629294 0.614912 0.645046 0.711689 0.67751 0.661128 0.552347 0.524003
BD_Bspro
 1.86565 1.27494 0.602038 0.360548 0.485209 0.626575 0.77977 0.446917 0.418204 0.2682 0.172986 0.387341 0.456444 0.162812 0.0153411 0.222578 0.544547 0.39679 0.399021 0.494963 1.0771 1.35341 1.24641 0.939694 1.09524 1.17473 0.901819 0.907225 1.31527 1.08417 0.953579 0.628617 0.351936
BD_Bo
 2.49841 1.70736 0.80623 0.482835 0.649776 0.83909 1.04424 0.598497 0.560045 0.359165 0.231657 0.518715 0.611255 0.218033 0.0205443 0.29807 0.729239 0.531369 0.534357 0.662839 1.44241 1.81244 1.66915 1.25841 1.46671 1.57316 1.20769 1.21493 1.76137 1.45189 1.277 0.841824 0.471301
BD_Brms
 2.67644 1.82901 0.863678 0.517239 0.696076 0.898879 1.11865 0.641143 0.599951 0.384757 0.248164 0.555676 0.65481 0.233569 0.0220082 0.319309 0.781201 0.569231 0.572432 0.710069 1.54519 1.94158 1.78808 1.34808 1.57122 1.68525 1.29374 1.3015 1.88688 1.55534 1.36799 0.901808 0.504884
Sel_flota
 0.501379 0.950261 0.997253 0.999855 0.999992
 0.501379 0.950261 0.997253 0.999855 0.999992
 0.501379 0.950261 0.997253 0.999855 0.999992
 0.501379 0.950261 0.997253 0.999855 0.999992
 0.501379 0.950261 0.997253 0.999855 0.999992
 0.501379 0.950261 0.997253 0.999855 0.999992
 0.501379 0.950261 0.997253 0.999855 0.999992
 0.501379 0.950261 0.997253 0.999855 0.999992
 0.501379 0.950261 0.997253 0.999855 0.999992
 0.501379 0.950261 0.997253 0.999855 0.999992
 0.501379 0.950261 0.997253 0.999855 0.999992
 0.501379 0.950261 0.997253 0.999855 0.999992
 0.501379 0.950261 0.997253 0.999855 0.999992
 0.501379 0.950261 0.997253 0.999855 0.999992
 0.501379 0.950261 0.997253 0.999855 0.999992
 0.501379 0.950261 0.997253 0.999855 0.999992
 0.501379 0.950261 0.997253 0.999855 0.999992
 0.501379 0.950261 0.997253 0.999855 0.999992
 0.501379 0.950261 0.997253 0.999855 0.999992
 0.501379 0.950261 0.997253 0.999855 0.999992
 0.501379 0.950261 0.997253 0.999855 0.999992
 0.501379 0.950261 0.997253 0.999855 0.999992
 0.501379 0.950261 0.997253 0.999855 0.999992
 0.501379 0.950261 0.997253 0.999855 0.999992
 0.501379 0.950261 0.997253 0.999855 0.999992
 0.501379 0.950261 0.997253 0.999855 0.999992
 0.501379 0.950261 0.997253 0.999855 0.999992
 0.501379 0.950261 0.997253 0.999855 0.999992
 0.501379 0.950261 0.997253 0.999855 0.999992
 0.501379 0.950261 0.997253 0.999855 0.999992
 0.501379 0.950261 0.997253 0.999855 0.999992
 0.501379 0.950261 0.997253 0.999855 0.999992
 0.501379 0.950261 0.997253 0.999855 0.999992
Sel_reclas
 1 1 1 1 1
 1 1 1 1 1
 1 1 1 1 1
 1 1 1 1 1
 1 1 1 1 1
 1 1 1 1 1
 1 1 1 1 1
 1 1 1 1 1
 1 1 1 1 1
 1 1 1 1 1
 1 1 1 1 1
 1 1 1 1 1
 1 1 1 1 1
 1 1 1 1 1
 1 1 1 1 1
 1 1 1 1 1
 1 1 1 1 1
 1 1 1 1 1
 1 1 1 1 1
 1 1 1 1 1
 1 1 1 1 1
 1 1 1 1 1
 1 1 1 1 1
 1 1 1 1 1
 1 1 1 1 1
 1 1 1 1 1
 1 1 1 1 1
 1 1 1 1 1
 1 1 1 1 1
 1 1 1 1 1
 1 1 1 1 1
 1 1 1 1 1
 1 1 1 1 1
Sel_pelaces
 1 1 1 1 1
 1 1 1 1 1
 1 1 1 1 1
 1 1 1 1 1
 1 1 1 1 1
 1 1 1 1 1
 1 1 1 1 1
 1 1 1 1 1
 1 1 1 1 1
 1 1 1 1 1
 1 1 1 1 1
 1 1 1 1 1
 1 1 1 1 1
 1 1 1 1 1
 1 1 1 1 1
 1 1 1 1 1
 1 1 1 1 1
 1 1 1 1 1
 1 1 1 1 1
 1 1 1 1 1
 1 1 1 1 1
 1 1 1 1 1
 1 1 1 1 1
 1 1 1 1 1
 1 1 1 1 1
 1 1 1 1 1
 1 1 1 1 1
 1 1 1 1 1
 1 1 1 1 1
 1 1 1 1 1
 1 1 1 1 1
 1 1 1 1 1
 1 1 1 1 1
pf_obs 
 0.8446 0.082 0.0669 0.0065 0
 0.8095 0.147 0.0364 0.0071 0
 0.9664 0.0169 0.016 0.0007 0
 0.9276 0.0648 0.0075 0.0001 0
 0.7033 0.2144 0.0806 0.0017 0
 0.9318 0.0425 0.0243 0.0014 0
 0.5671 0.3108 0.0964 0.0239 0.0018
 0.0768 0.2599 0.5324 0.112 0.0189
 0.490249 0.384438 0.106611 0.0170017 0.00170017
 0.7925 0.1577 0.0466 0.003 0.0002
 0.840416 0.127587 0.0312969 0.00059994 9.999e-05
 0.8084 0.0986 0.0794 0.0134 0.0002
 0.7335 0.1905 0.0724 0.0035 0.0001
 0.4001 0.4547 0.1325 0.0127 0
 0.49795 0.308269 0.164784 0.0264974 0.00249975
 0.9179 0.0499 0.0305 0.0017 0
 0.2467 0.6533 0.0926 0.0074 0
 0.9418 0.0223 0.034 0.0019 0
 0.707729 0.231977 0.0356964 0.0245975 0
 0.517169 0.277429 0.184464 0.0207286 0.00020938
 0.811772 0.124168 0.05621 0.00726502 0.000585176
 0.764997 0.148141 0.077277 0.00933861 0.000247198
 0.163321 0.427699 0.378323 0.0303852 0.000271297
 0.753843 0.0900009 0.118128 0.0371064 0.000921714
 0.721811 0.176058 0.0630433 0.0369309 0.00215725
 0.143369 0.312575 0.442814 0.0836902 0.0175525
 0.692698 0.0596174 0.167031 0.0765114 0.00414204
 0.394062 0.376323 0.152708 0.0712218 0.00568511
 0.125707 0.32114 0.495352 0.0537591 0.00404204
 0.23352 0.215282 0.420074 0.123614 0.00750983
 0.796117 0.104755 0.0508955 0.0450114 0.00322123
 0.162477 0.292055 0.404252 0.121198 0.0200186
 0 0 0 0 0
pf_pred 
 0.448272 0.137988 0.389413 0.0243259 1.0306e-06
 0.345447 0.407101 0.0643945 0.172323 0.0107342
 0.553713 0.235011 0.134441 0.0200427 0.0567924
 0.70467 0.213936 0.0440825 0.0237717 0.0135406
 0.590345 0.343978 0.048429 0.00935667 0.00789139
 0.644328 0.261314 0.0798768 0.0106866 0.00379527
 0.392585 0.478328 0.0962576 0.0278039 0.00502521
 0.38548 0.365643 0.198825 0.0373578 0.0126931
 0.438189 0.307053 0.154647 0.0800212 0.0200892
 0.639628 0.226029 0.0754914 0.0357717 0.0230792
 0.800546 0.159582 0.0256384 0.00801145 0.00622239
 0.669501 0.292502 0.0307091 0.00469102 0.00259707
 0.36018 0.519814 0.106959 0.0105508 0.00249534
 0.396151 0.33719 0.219279 0.0422455 0.00513419
 0.97248 0.0219815 0.00332411 0.00182373 0.000390354
 0.887379 0.111348 0.0010327 0.000144578 9.58902e-05
 0.31026 0.654626 0.0347454 0.000299246 6.93933e-05
 0.824066 0.0865923 0.0850589 0.00423795 4.48075e-05
 0.810025 0.175604 0.00736111 0.00667507 0.000334627
 0.750191 0.229542 0.0188548 0.000725187 0.000687313
 0.633726 0.318173 0.0444297 0.00341674 0.000255022
 0.66465 0.261991 0.0642062 0.00845595 0.000696589
 0.225072 0.627052 0.117077 0.0269675 0.0038312
 0.62198 0.138784 0.195599 0.0345699 0.00906689
 0.673438 0.25259 0.0281423 0.0374912 0.0083382
 0.26864 0.588623 0.111802 0.0117911 0.0191439
 0.651166 0.145489 0.165322 0.029802 0.00822189
 0.623958 0.298094 0.0335738 0.0360973 0.00827716
 0.441213 0.42848 0.104471 0.011147 0.0146893
 0.498954 0.303217 0.153523 0.0355419 0.00876432
 0.327704 0.445246 0.140255 0.0673992 0.0193956
 0.438683 0.282542 0.188296 0.0559593 0.0345187
 0.793216 0.126922 0.0413133 0.0260631 0.0124855
pobs_RECLAS
 0 0 0 0 0
 0 0 0 0 0
 0 0 0 0 0
 0 0 0 0 0
 0 0 0 0 0
 0 0 0 0 0
 0 0 0 0 0
 0 0 0 0 0
 0 0 0 0 0
 0 0 0 0 0
 0.991045 0.00858322 0.000360255 1.14367e-05 0
 0.934742 0.0480273 0.0164251 0.00080598 0
 0.827803 0.169806 0.00239088 0 0
 0.941827 0.0461693 0.0120037 0 0
 0.791401 0.0380133 0.147996 0.0225897 0
 0.846168 0.0940531 0.0597789 0 0
 0.134021 0.677848 0.182769 0.00536245 0
 0.80878 0.0450904 0.141981 0.00414843 0
 0.846168 0.0940531 0.0597789 0 0
 0.905697 0.0802665 0.012482 0.00150086 5.37128e-05
 0.989698 0.0102097 9.19794e-05 0 0
 0.975433 0.0193895 0.00387452 0.00125025 5.28907e-05
 0.303575 0.632131 0.0575291 0.00676475 0
 0.966965 0.00978017 0.0227588 0.000495775 0
 0.843318 0.132988 0.00938335 0.0141283 0.000182051
 0.564624 0.303363 0.111486 0.0197234 0.00080311
 0.826376 0.0876187 0.0782897 0.00655872 0.00115652
 0.89761 0.0855135 0.0140674 0.00269457 0.000114338
 0.34875 0.467042 0.161289 0.0227151 0.000203297
 0.318654 0.224769 0.449479 0.00709798 0
 0.937255 0.0296025 0.0250945 0.00804832 0
 0.456809 0.399803 0.12412 0.0192676 0
 0.883104 0.0372192 0.0704036 0.00927362 0
ppred_RECLAS
 0.617609 0.099238 0.266546 0.0166062 7.03445e-07
 0.510444 0.310516 0.0466868 0.124594 0.00775996
 0.711042 0.155881 0.0847681 0.0126028 0.0357059
 0.825845 0.12799 0.025035 0.0134623 0.00766712
 0.734966 0.224289 0.0300659 0.00579346 0.00488551
 0.779569 0.164096 0.0477087 0.00636561 0.00226038
 0.563808 0.347371 0.0662816 0.0190902 0.00344981
 0.549264 0.273524 0.141649 0.0265448 0.00901788
 0.608052 0.219273 0.104935 0.0541481 0.0135918
 0.780866 0.140187 0.0444198 0.0209884 0.0135393
 0.885447 0.0925534 0.0141595 0.00441286 0.00342693
 0.798824 0.17909 0.0178594 0.00272056 0.00150595
 0.526678 0.388256 0.0758416 0.00746021 0.00176414
 0.650891 0.202945 0.120303 0.0230594 0.00280171
 0.986301 0.0110649 0.00158294 0.000865851 0.000185298
 0.940394 0.0589679 0.000517814 7.22793e-05 4.79312e-05
 0.468048 0.506167 0.025515 0.000219136 5.08088e-05
 0.90717 0.0469995 0.0436395 0.00216765 2.29147e-05
 0.89835 0.0943764 0.00373157 0.00337307 0.000169066
 0.855565 0.133271 0.0103882 0.000398415 0.000377551
 0.771098 0.200142 0.0265699 0.00203771 0.00015207
 0.796122 0.161056 0.0374917 0.00492393 0.000405567
 0.360398 0.522448 0.0928061 0.0213196 0.00302838
 0.765964 0.0886932 0.118891 0.0209558 0.00549545
 0.800396 0.156167 0.0165533 0.021993 0.00489065
 0.415045 0.475307 0.0859361 0.00903901 0.0146736
 0.787087 0.0914204 0.0988246 0.0177668 0.00490087
 0.76295 0.189878 0.0203492 0.0218201 0.00500267
 0.604296 0.306903 0.0712332 0.00758035 0.00998788
 0.660124 0.209711 0.101074 0.0233372 0.00575395
 0.489535 0.34391 0.102995 0.0493585 0.014202
 0.606193 0.203211 0.128851 0.0381901 0.0235544
 0.883832 0.0727401 0.022496 0.0141527 0.00677887
pobs_PELACES
 0 0 0 0 0
 0 0 0 0 0
 0 0 0 0 0
 0 0 0 0 0
 0 0 0 0 0
 0 0 0 0 0
 0 0 0 0 0
 0 0 0 0 0
 0 0 0 0 0
 0 0 0 0 0
 0 0 0 0 0
 0 0 0 0 0
 0 0 0 0 0
 0 0 0 0 0
 0 0 0 0 0
 0 0 0 0 0
 0.505614 0.472636 0.0217494 0 0
 0 0 0 0 0
 0.443492 0.261883 0.143347 0.151278 0
 0.227955 0.32914 0.350689 0.0885471 0.00366901
 0.970185 0.0296113 0.000203453 0 0
 0.997202 0.00247181 0.000326279 0 0
 0.445219 0.490057 0.0546422 0.010081 0
 0.90214 0.0892962 0.00764917 0.000914606 0
 0 0 0 0 0
 0.581667 0.319106 0.0959925 0.00289975 0.000334073
 0.762889 0.0836404 0.116647 0.0363945 0.000428098
 0.88444 0.0763242 0.0277011 0.0115352 0
 0.521256 0.241999 0.230069 0.00667565 0
 0.616807 0.101726 0.260614 0.0208532 0
 0.833518 0.0704572 0.0857862 0.0102388 0
 0.697417 0.212968 0.0787535 0.0105354 0.000325836
 0 0 0 0 0
ppred_PELACES
 0.626936 0.0970949 0.259787 0.0161817 6.85452e-07
 0.52787 0.300263 0.0448291 0.11959 0.00744813
 0.72496 0.148851 0.0803918 0.0119476 0.033849
 0.839174 0.118507 0.0229555 0.0123373 0.00702625
 0.740165 0.219985 0.0294073 0.0056657 0.00477773
 0.788781 0.157463 0.045527 0.00607265 0.00215632
 0.591888 0.325798 0.0614361 0.0176831 0.00319541
 0.554018 0.270847 0.139992 0.0262315 0.00891137
 0.626494 0.20969 0.0995686 0.0513568 0.0128909
 0.798656 0.129319 0.0405357 0.0191417 0.0123477
 0.88776 0.090727 0.0138474 0.00431501 0.00335093
 0.811721 0.167767 0.0165884 0.00252576 0.00139808
 0.549886 0.369858 0.0715578 0.00703509 0.00166356
 0.758313 0.143586 0.0807856 0.0154401 0.00187568
 0.988193 0.00956576 0.00134751 0.00073644 0.000157596
 0.947548 0.0518985 0.000449327 6.26704e-05 4.15575e-05
 0.489113 0.48633 0.0243004 0.000208603 4.83654e-05
 0.920313 0.0406777 0.0371468 0.00184345 1.94865e-05
 0.914281 0.0796982 0.00309024 0.00279033 0.00013985
 0.867452 0.122401 0.00944263 0.000361943 0.000342978
 0.782232 0.190567 0.0251314 0.00192668 0.000143782
 0.809229 0.150972 0.0348475 0.00457452 0.000376778
 0.371295 0.514005 0.090867 0.0208685 0.00296427
 0.776016 0.0851819 0.113547 0.0200077 0.00524673
 0.807942 0.150428 0.0158671 0.0210756 0.00468657
 0.423235 0.468958 0.084496 0.00888584 0.0144248
 0.795601 0.0880227 0.0946685 0.0170148 0.00469337
 0.770762 0.183789 0.0196086 0.0210207 0.00481934
 0.611898 0.301229 0.0696886 0.00741464 0.00976945
 0.667637 0.205344 0.0986345 0.0227698 0.00561398
 0.505811 0.333675 0.0992731 0.0475578 0.0136836
 0.617494 0.19784 0.124853 0.0369953 0.0228171
 0.89169 0.0680264 0.0208718 0.0131251 0.00628654
pobs_pel_tallas
 0 0 0 0 0 0 0 0 0 0 0 0 0 0 0 0 0 0 0 0 0 0 0 0 0 0
 0 0 0 0 0 0 0 0 0 0 0 0 0 0 0 0 0 0 0 0 0 0 0 0 0 0
 0 0 0 0 0 0 0 0 0 0 0 0 0 0 0 0 0 0 0 0 0 0 0 0 0 0
 0 0 0 0 0 0 0 0 0 0 0 0 0 0 0 0 0 0 0 0 0 0 0 0 0 0
 0 0 0 0 0 0 0 0 0 0 0 0 0 0 0 0 0 0 0 0 0 0 0 0 0 0
 0 0 0 0 0 0 0 0 0 0 0 0 0 0 0 0 0 0 0 0 0 0 0 0 0 0
 0 0 0 0 0 0 0 0 0 0 0 0 0 0 0 0 0 0 0 0 0 0 0 0 0 0
 0 0 0 0 0 0 0 0 0 0 0 0 0 0 0 0 0 0 0 0 0 0 0 0 0 0
 0 0 0 0 0 0 0 0 0 0 0 0 0 0 0 0 0 0 0 0 0 0 0 0 0 0
 0 0 0 0 0 0 0 0 0 0 0 0 0 0 0 0 0 0 0 0 0 0 0 0 0 0
 0 0 0 0 0 0 0 0 0 0 0 0 0 0 0 0 0 0 0 0 0 0 0 0 0 0
 0 0 0 0 0 0 0 0 0 0 0 0 0 0 0 0 0 0 0 0 0 0 0 0 0 0
 0.00862536 0 0 0.000197151 0.00414017 0.0128641 0.00837892 0.0270097 0.101434 0.158115 0.152841 0.127902 0.109271 0.109419 0.0830992 0.0579132 0.0238553 0.00714673 0.00463305 0.00128148 0.00103504 0.000492878 0.000147863 0.000147863 4.92878e-05 0
 0 0 0 0 0 0 0 0 0 0 0 0 0 0 0 0 0 0 0 0 0 0 0 0 0 0
 0 0 0 0 0 0 0 0.0054083 0.00873648 0.0413646 0.0450493 0.0745869 0.0622846 0.0627006 0.0613931 0.0827291 0.12552 0.122667 0.0946155 0.0697135 0.0546179 0.0294188 0.0215738 0.0213955 0.0102223 0.00600262
 0 0 0 0 0.00359764 0.0251062 0.0480494 0.140153 0.205849 0.193036 0.1447 0.116669 0.0760912 0.0342217 0.00950174 0.001854 0.000860785 0 0 0 0.000165536 0 0.000143464 0 0 0
 0 0 0 0 0 0 0 0.000145254 0.000435761 0.0275982 0.070085 0.0708112 0.156366 0.174668 0.174014 0.160142 0.0824315 0.0480064 0.0283245 0.00493863 0.00203355 0 0 0 0 0
 0 0 0 0 0 0 0 0 0 0 0 0 0 0 0 0 0 0 0 0 0 0 0 0 0 0
 0 0 1.00437e-05 0.000401748 0.00122533 0.00171747 0.00176769 0.0269171 0.070346 0.194647 0.189555 0.159765 0.064822 0.0314167 0.0384472 0.0292271 0.0345202 0.0313363 0.0194345 0.0106764 0.0143323 0.0359363 0.0279516 0.0138201 0.00172751 0
 0 0.0021121 0.0136068 0.0755702 0.200478 0.177729 0.0527432 0.0373336 0.0318909 0.0142505 0.0149659 0.0166563 0.0217959 0.0798694 0.0677717 0.0528807 0.04013 0.0224614 0.0357745 0.0225083 0.00881397 0.00855152 0.00135912 0.000746735 0 0
 0 0 0 0 5.4009e-05 0.00500934 0.000945158 0.0243581 0.138947 0.33067 0.221406 0.137944 0.0707744 0.0437923 0.0131692 0.00525238 0.0047753 0.00276346 9.45158e-05 9.00151e-06 2.25038e-05 9.00151e-06 4.50075e-06 0 0 0
 0.000866109 0.00284123 0.00948549 0.0512746 0.133035 0.25785 0.225252 0.132002 0.0553304 0.0519788 0.0540692 0.017754 0.00435017 0.00159236 0.00146478 0.000404838 0.000125132 0.000115318 0.000107957 0.000100596 0 0 0 0 0 0
 0 0 0 0 0.00144013 0.00171154 0.00461396 0.0210425 0.0478622 0.0707936 0.0888783 0.103762 0.0637923 0.0337046 0.0602308 0.124433 0.169614 0.0934646 0.0462172 0.0250306 0.0313229 0.00938855 0.002487 0.000210481 0 0
 0 0.00764035 0.051015 0.0998891 0.058973 0.0496711 0.0374665 0.0718981 0.12319 0.153886 0.159021 0.0857701 0.0377988 0.023471 0.0147837 0.00900784 0.00315554 0.000888139 0.00291439 0.00214683 0.00393193 0.00274676 0.000635225 9.99891e-05 0 0
 0 0 0 0 0 0 0 0 0 0 0 0 0 0 0 0 0 0 0 0 0 0 0 0 0 0
 0 0 0 0 0 0 0 0 0 0 0 0 0 0 0 0 0 0 0 0 0 0 0 0 0 0
 0 0 0 0 0 0 0 0 0 0 0 0 0 0 0 0 0 0 0 0 0 0 0 0 0 0
 0 0 0 0 0 0 0 0 0 0 0 0 0 0 0 0 0 0 0 0 0 0 0 0 0 0
 0 0 0 0 0 0 0 0 0 0 0 0 0 0 0 0 0 0 0 0 0 0 0 0 0 0
 0 0 0 0 0 0 0 0 0 0 0 0 0 0 0 0 0 0 0 0 0 0 0 0 0 0
 0 0 0 0 0 0 0 0 0 0 0 0 0 0 0 0 0 0 0 0 0 0 0 0 0 0
 0 0 0 0 0 0 0 0 0 0 0 0 0 0 0 0 0 0 0 0 0 0 0 0 0 0
 0 0 0 0 0 0 0 0 0 0 0 0 0 0 0 0 0 0 0 0 0 0 0 0 0 0
ppred_pel_tallas
 1.09145e-16 5.16399e-05 0.000501958 0.00333569 0.0151636 0.0471795 0.100521 0.146716 0.146726 0.100569 0.0473411 0.0156351 0.00453767 0.00318675 0.00532848 0.00919023 0.0143089 0.0202261 0.0264257 0.0325352 0.0383064 0.0433227 0.0467648 0.0475912 0.045099 0.0394365
 1.14625e-16 4.348e-05 0.000422641 0.0028086 0.0127675 0.0397246 0.0846386 0.123539 0.123568 0.0847802 0.0402004 0.0141423 0.00626236 0.00797191 0.0144115 0.023843 0.0345649 0.0439822 0.049534 0.0501775 0.0470607 0.0427297 0.0394791 0.0381162 0.0378914 0.0373408
 1.09285e-16 5.97141e-05 0.000580442 0.00385724 0.0175345 0.0545563 0.116239 0.169657 0.169671 0.116309 0.0547938 0.0182217 0.00558735 0.00437394 0.00731358 0.0121267 0.0177723 0.0230081 0.0266098 0.0280332 0.0277081 0.0266564 0.0257512 0.0252209 0.0247028 0.0236568
 1.0312e-16 6.91217e-05 0.000671887 0.00446493 0.0202969 0.0631513 0.134551 0.196384 0.196395 0.134607 0.063339 0.0208392 0.0058269 0.00364757 0.005728 0.00938055 0.0135561 0.0171569 0.0191186 0.0189655 0.0170913 0.0144796 0.0120901 0.0103903 0.009307 0.0084927
 1.02282e-16 6.09664e-05 0.000592615 0.00393814 0.0179022 0.0557006 0.118677 0.173217 0.173238 0.11878 0.0560484 0.0189068 0.00645961 0.0060966 0.0105128 0.0172802 0.0248795 0.0312714 0.034419 0.0333831 0.0288769 0.0227761 0.0169939 0.0125958 0.00966388 0.00773007
 1.02329e-16 6.49708e-05 0.00063154 0.0041968 0.0190781 0.059359 0.126471 0.184592 0.184607 0.126546 0.0596088 0.0197999 0.0060105 0.0045966 0.00761216 0.0125254 0.0181385 0.0230203 0.025749 0.0256555 0.0231928 0.0195783 0.0160149 0.0131148 0.0108654 0.00897115
 1.04171e-16 4.87531e-05 0.000473897 0.00314922 0.0143159 0.0445422 0.0949031 0.13852 0.138552 0.0950567 0.045058 0.0158059 0.00689055 0.00864555 0.0155809 0.0257144 0.0371159 0.0468387 0.0519058 0.0509384 0.0449562 0.0366409 0.0286842 0.0225203 0.0181788 0.0149637
 1.08248e-16 4.56338e-05 0.000443577 0.00294773 0.0133999 0.0416924 0.0888309 0.129657 0.129683 0.0889594 0.0421241 0.014649 0.00609111 0.00733206 0.0132058 0.0219628 0.0321089 0.0413726 0.0474414 0.049214 0.0473638 0.0436849 0.0397986 0.0362945 0.0328358 0.0288612
 1.10259e-16 5.16035e-05 0.000501604 0.00333334 0.0151529 0.0471464 0.100451 0.146615 0.146636 0.10055 0.0474806 0.0161199 0.00576703 0.00583553 0.0102445 0.0170213 0.0249114 0.0321746 0.0370744 0.0388369 0.0380698 0.0362198 0.0345207 0.0332906 0.0320194 0.0299748
 1.05213e-16 6.57843e-05 0.000639447 0.00424935 0.0193169 0.0601022 0.128055 0.186902 0.186914 0.128116 0.0603076 0.0199107 0.00574188 0.00390483 0.00628879 0.0103498 0.0150403 0.0192105 0.0217406 0.0221353 0.020809 0.0187659 0.0169364 0.0156945 0.0148464 0.0139572
 1.01423e-16 7.31236e-05 0.000710788 0.00472343 0.021472 0.0668076 0.142341 0.207753 0.207761 0.142384 0.0669511 0.0218866 0.00576422 0.00298331 0.00439052 0.00714668 0.0102978 0.0129716 0.0143337 0.014004 0.0122793 0.00992714 0.00772023 0.00607272 0.00499015 0.00425568
 1.01012e-16 6.68604e-05 0.000649907 0.00431886 0.0196329 0.0610854 0.13015 0.18996 0.189977 0.130228 0.0613505 0.0203983 0.00623944 0.00484055 0.00801975 0.0131369 0.0188808 0.0236646 0.0259181 0.0249155 0.021206 0.0162451 0.0115352 0.00793972 0.00556473 0.00407598
 1.03147e-16 4.52934e-05 0.000440268 0.00292574 0.0133 0.0413814 0.0881689 0.128693 0.128728 0.0883432 0.0419669 0.0149913 0.00717237 0.00971485 0.0176714 0.0291732 0.04209 0.0530685 0.0587047 0.0574017 0.0502864 0.0403895 0.0307884 0.0231783 0.0176992 0.0136777
 1.04234e-16 6.24612e-05 0.000607145 0.0040347 0.0183412 0.0570662 0.121586 0.177461 0.177475 0.121654 0.0572953 0.0190041 0.00570345 0.00426565 0.00705639 0.0116863 0.0171076 0.0220964 0.025432 0.0265278 0.0257208 0.0239239 0.0219494 0.0200718 0.0181022 0.0157684
 1.00142e-16 8.13961e-05 0.000791199 0.0052578 0.0239012 0.0743655 0.158444 0.231253 0.231254 0.158448 0.0743806 0.0239449 0.00536751 0.00103073 0.00053643 0.000758309 0.00108524 0.00136634 0.00150919 0.00147365 0.00129123 0.0010431 0.000810741 0.000637537 0.000523506 0.000445245
 1.0004e-16 7.80483e-05 0.000758657 0.00504154 0.0229181 0.0713068 0.151927 0.221743 0.221748 0.151951 0.0713887 0.0231543 0.00563392 0.00204998 0.0025251 0.00403679 0.00577422 0.00719085 0.00778857 0.00733995 0.00602372 0.00431295 0.00270513 0.00149991 0.000750369 0.000353576
 1.00855e-16 4.02877e-05 0.000391611 0.00260239 0.0118301 0.0368082 0.0784254 0.114474 0.114521 0.0786541 0.0375756 0.0140459 0.00816051 0.0125127 0.0230239 0.0379031 0.0543697 0.0678898 0.0738657 0.0701684 0.0584238 0.0429634 0.0283175 0.0171797 0.00999951 0.00585386
 1.01271e-16 7.58049e-05 0.000736851 0.00489663 0.0222594 0.0692572 0.14756 0.215369 0.215373 0.147579 0.0693226 0.0224487 0.00537421 0.00178705 0.00209269 0.00339772 0.00502172 0.00659342 0.00777884 0.00840617 0.00853189 0.0083418 0.00797839 0.00745161 0.00669273 0.00567315
 1.00414e-16 7.53082e-05 0.000732022 0.00486454 0.0221135 0.0688034 0.146593 0.213959 0.213966 0.146631 0.0689292 0.0224766 0.00577534 0.00271828 0.00384168 0.00621654 0.00891212 0.0111327 0.0121246 0.011545 0.00966707 0.00720568 0.00490205 0.0031872 0.00211554 0.00151269
 1.00399e-16 7.14509e-05 0.000694528 0.00461538 0.0209809 0.0652793 0.139085 0.203001 0.203013 0.139143 0.0654726 0.0215389 0.00601549 0.00374873 0.00586524 0.00956563 0.0137307 0.0171772 0.0187501 0.0179152 0.0150752 0.0113041 0.00771934 0.00497669 0.00317607 0.00208584
 1.00992e-16 6.44314e-05 0.000626296 0.00416196 0.0189197 0.0588662 0.125421 0.18306 0.183078 0.125511 0.0591675 0.0197897 0.00634563 0.00539237 0.00911334 0.0149567 0.0215208 0.0270208 0.0296788 0.0286658 0.0245854 0.0190569 0.0137476 0.00961124 0.00676813 0.00486949
 1.01567e-16 6.66551e-05 0.000647912 0.0043056 0.0195726 0.0608978 0.12975 0.189377 0.189391 0.129821 0.061137 0.0202637 0.00604118 0.0044399 0.0072776 0.0119498 0.0172628 0.0218216 0.0242445 0.023883 0.0211859 0.0173614 0.0136241 0.0106247 0.00839447 0.00665873
 1.05349e-16 3.05832e-05 0.000297279 0.00197553 0.00898049 0.0279419 0.059535 0.0869035 0.0869531 0.0597773 0.0287553 0.0113303 0.00787524 0.013181 0.0245126 0.040511 0.0584361 0.0736534 0.0814435 0.0796113 0.0697631 0.0561559 0.0430945 0.032922 0.0257675 0.0205927
 1.06193e-16 6.39195e-05 0.00062132 0.00412889 0.0187693 0.0583984 0.124424 0.181603 0.181611 0.124465 0.0585365 0.0191704 0.00514348 0.00286249 0.00439754 0.00737081 0.0110837 0.014926 0.0182952 0.0208805 0.0227557 0.0241404 0.0250557 0.0252083 0.0242047 0.0218833
 1.03404e-16 6.65492e-05 0.000646882 0.00429876 0.0195415 0.060801 0.129544 0.189076 0.18909 0.129614 0.0610389 0.0202285 0.00602314 0.00441138 0.00721682 0.0118288 0.0170446 0.0214662 0.0237274 0.0232253 0.0204891 0.0168269 0.0135306 0.0112547 0.00992739 0.00908177
 1.05891e-16 3.48614e-05 0.000338866 0.00225188 0.0102368 0.0318506 0.0678627 0.0990571 0.0991024 0.0680838 0.0325928 0.0123807 0.0076348 0.0120942 0.0223732 0.0369655 0.053324 0.0672169 0.074341 0.0726988 0.0637646 0.0514351 0.039653 0.0305664 0.0242899 0.0198502
 1.05256e-16 6.55326e-05 0.000637 0.00423309 0.019243 0.0598722 0.127564 0.186186 0.186194 0.127607 0.0600142 0.0196548 0.00527307 0.00292861 0.00448037 0.00746707 0.0111332 0.014802 0.0178097 0.0198241 0.0209666 0.021577 0.0218359 0.021595 0.0205399 0.0184966
 1.03537e-16 6.34867e-05 0.000617113 0.00410093 0.0186423 0.0580031 0.123582 0.180376 0.180394 0.123669 0.0582937 0.0194815 0.00620733 0.0052152 0.00879587 0.0144414 0.0208017 0.0261763 0.0288872 0.0281855 0.0247075 0.0200481 0.0157965 0.0127797 0.0109512 0.00978365
 1.04485e-16 5.04013e-05 0.000489919 0.00325568 0.0147999 0.0460481 0.0981114 0.143203 0.143232 0.0982535 0.0465253 0.0161788 0.00671901 0.00805711 0.0144416 0.0238463 0.0344661 0.0435906 0.0484809 0.0478596 0.0426417 0.0352535 0.0281215 0.0225246 0.0184794 0.0153711
 1.06133e-16 5.49924e-05 0.000534546 0.00355225 0.016148 0.0502426 0.107048 0.156244 0.156264 0.107145 0.0505697 0.0170942 0.00593296 0.00575007 0.0100143 0.0166104 0.0242546 0.0311976 0.0356772 0.0368615 0.0352804 0.0323301 0.0292819 0.0266142 0.0240773 0.0212209
 1.10036e-16 4.1663e-05 0.000404979 0.00269123 0.012234 0.0380646 0.0811018 0.118377 0.11841 0.0812595 0.0385942 0.0137651 0.00653928 0.00882145 0.0160741 0.0266356 0.0386702 0.0492821 0.0555483 0.0561456 0.0521069 0.0460171 0.0403174 0.0360697 0.0329194 0.0299089
 1.11226e-16 5.08622e-05 0.000494399 0.00328546 0.0149352 0.0464691 0.0990081 0.144509 0.144528 0.0991021 0.0467854 0.0158509 0.00559214 0.00555701 0.00974575 0.0162423 0.0238914 0.0311014 0.0362756 0.0386862 0.0388417 0.0379703 0.0370606 0.0362629 0.0350318 0.0327215
 1.03e-16 7.34473e-05 0.000713934 0.00474435 0.0215671 0.0671033 0.142971 0.208672 0.208678 0.143003 0.0672114 0.0218795 0.00552958 0.00243202 0.00334811 0.00545029 0.00792003 0.0101244 0.0114768 0.0117225 0.0110849 0.0100945 0.00923579 0.008692 0.00834068 0.00793149
pSPR Fmed_Fpbrs
1   0.983485 0.6 0.325 0.983485 0.983485 0.983485
Fs Fmed_Fpbrs
0   0.01 0.348521 0.894582 0.01 0.01 0.01
SSBpbr Bo_Bmed_Bpbrs
702665  667531  655927 386466 193233 655927 655927 655927
Ro
130614
SPR SPRFo_SPRFmed_SPRFpbrs
940986 940986 925445
Fref
0
Nvult_r0
 132527 13234.8 4171.4 2627.05 1258.38
CTP_r0
 27072.6 4331.87 1410.03 889.536 426.132
YTP_r0
356539
Np
 185245 68148 25070.2 9222.83 4641.06
Nvult_p0
 117097 43077.7 15847.4 5829.94 2933.71
CTP_p0
 0 0 0 0 0
 0 0 0 0 0
 0 0 0 0 0
 0 0 0 0 0
 0 0 0 0 0
 0 0 0 0 0
YTP_p0
 0 0 0 0 0 0
CBA_c0
0
log_Ro
11.6
likeval ReclasPelacesDesembMPH_pf_preclas_ppelaces_ptallas_desvR_qrecl_qpela
 39.7394 16.5086 0.116941 116.779 246.938 146.857 126.633 0 26.7 8.64706e-06 2.04013e-05 0.302199 2067.15 0 0
q_reclas_q_pelaces
1.51568 1.89415
M
1
N
 174010 29564.4 79873 4977.82 0.210865
 83914.7 56513.9 8587.98 22932.4 1428.32
 101584 24594.9 13514.4 2010.4 5695.98
 167776 29936.4 5942.6 3198.17 1821.52
 141842 45054.2 6064.87 1168.92 985.742
 209189 47715.5 13989.8 1867.48 663.143
 88002.4 64317.4 12493.8 3601.98 650.95
 43166.7 22105.9 11481.5 2151.96 731.075
 36950.2 14918.5 7224.32 3730.31 936.383
 50310.8 10561.3 3401.69 1608.77 1037.84
 120662 13050.7 2003.73 624.595 485.052
 162184 41128.5 4154.72 633.35 350.601
 53490.3 45307.1 8979.87 884.023 209.056
 21735.7 14429 9257.44 1782.24 216.591
 105373 1478.18 216.474 118.562 25.375
 305694 23529.4 211.1 29.5015 19.5648
 57923.9 71143.5 3634.32 31.2365 7.24277
 243310 16035.6 15269.1 759.503 8.02945
 375109 52285 2129.42 1928 96.6442
 405495 73372.7 5809.66 223.01 211.341
 373606 106743 14313.8 1098.37 81.9715
 484941 110912 26152.5 3437.15 283.117
 87250.2 135628 24269.2 5577.42 792.274
 218724 27462.4 37126 6546.93 1716.91
 320601 67151.8 7171 9531.43 2119.58
 83610.1 100657 18294.4 1924.82 3124.74
 220014 27508.8 29967 5389.8 1486.78
 258546 68654.5 7407.78 7946.21 1821.85
 154561 82291.5 19194.8 2043.19 2692.15
 153359 51167.9 24788.1 5725.04 1411.57
 65431.5 50565.3 15295.2 7334.04 2110.29
 54185.5 19453.6 12423.9 3683.78 2272.08
 185245 17102.6 5353.25 3370.08 1614.26
pred_Ctot
 13020.6 4008.03 11311 706.576 0.0299349
 10984.8 12945.3 2047.66 5479.63 341.332
 13006.9 5520.5 3158.06 470.81 1334.08
 29380.1 8919.7 1837.95 991.123 564.555
 7728.55 4503.21 634.013 122.494 103.311
 22037.2 8937.41 2731.93 365.501 129.805
 18198 22172.5 4461.94 1288.83 232.94
 1660.79 1575.33 856.614 160.952 54.6865
 5317.88 3726.41 1876.8 971.14 243.803
 9647.38 3409.15 1138.62 539.537 348.099
 5637.61 1123.81 180.551 56.4183 43.8194
 25228.2 11022.1 1157.18 176.768 97.8631
 9249.47 13348.9 2746.72 270.945 64.0806
 12721.6 10828.2 7041.72 1356.63 164.875
 27254.2 616.042 93.1596 51.1109 10.9398
 73666.4 9243.6 85.7304 12.0022 7.96039
 9273.1 19565.6 1038.48 8.94392 2.07404
 66791.5 7018.41 6894.12 343.491 3.6317
 116811 25323.2 1061.52 962.585 48.2552
 74915.2 22922.4 1882.87 72.4183 68.6361
 46390.2 23291 3252.36 250.113 18.6682
 75151.4 29623.1 7259.73 956.106 78.7627
 8066.61 22473.6 4196.03 966.518 137.31
 23214.1 5179.83 7300.31 1290.25 338.403
 30087.6 11285.1 1257.33 1675.02 372.531
 5634.94 12346.8 2345.15 247.327 401.559
 21393.1 4779.83 5431.41 979.102 270.118
 22294.1 10650.9 1199.6 1289.76 295.744
 9864.75 9580.07 2335.79 249.227 328.428
 10146.7 6166.24 3122.05 722.782 178.232
 8072.65 10968.2 3455.05 1660.31 477.791
 4925.96 3172.65 2114.37 628.364 387.609
 27072.6 4331.87 1410.03 889.536 426.132
F
 0.124628 0.236206 0.247886 0.248533 0.248567
 0.227262 0.430729 0.452029 0.453209 0.453271
 0.221808 0.420392 0.441181 0.442332 0.442393
 0.31476 0.596563 0.626063 0.627697 0.627783
 0.0894535 0.169541 0.177925 0.178389 0.178413
 0.179406 0.340028 0.356842 0.357773 0.357823
 0.381521 0.723094 0.758851 0.760832 0.760936
 0.0624654 0.11839 0.124245 0.124569 0.124586
 0.252378 0.478331 0.501985 0.503295 0.503364
 0.349381 0.66218 0.694926 0.696739 0.696835
 0.0762913 0.144594 0.151745 0.152141 0.152162
 0.27527 0.521717 0.547517 0.548945 0.549021
 0.310261 0.588036 0.617115 0.618726 0.618811
 1.68814 3.19952 3.35774 3.3665 3.36697
 0.499257 0.94624 0.993032 0.995623 0.99576
 0.457885 0.867827 0.910741 0.913118 0.913243
 0.284318 0.538866 0.565514 0.56699 0.567067
 0.537628 1.01896 1.06935 1.07214 1.07229
 0.631664 1.19719 1.25639 1.25967 1.25984
 0.334686 0.634329 0.665697 0.667434 0.667526
 0.214467 0.406479 0.426579 0.427692 0.427751
 0.274113 0.519526 0.545217 0.546639 0.546714
 0.155963 0.295596 0.310213 0.311023 0.311066
 0.180854 0.342772 0.359723 0.360662 0.360711
 0.158476 0.300359 0.315212 0.316034 0.316078
 0.111657 0.211624 0.222089 0.222668 0.222699
 0.164605 0.311975 0.327402 0.328257 0.328302
 0.144805 0.274447 0.288019 0.28877 0.28881
 0.105474 0.199904 0.20979 0.210337 0.210366
 0.10952 0.207572 0.217837 0.218406 0.218436
 0.21297 0.40364 0.4236 0.424706 0.424764
 0.153185 0.29033 0.304687 0.305483 0.305525
 0.256722 0.486564 0.510625 0.511958 0.512028
YTP_r0W_actual
 204127 75591.1 33939.3 27860.3 15021.2
YTP_p0W_proyectada
 0 0 0 0 0
 0 0 0 0 0
 0 0 0 0 0
 0 0 0 0 0
 0 0 0 0 0
 0 0 0 0 0
CTP_r0_actual
 27072.6 4331.87 1410.03 889.536 426.132
CTP_p0_proyectada
 0 0 0 0 0
 0 0 0 0 0
 0 0 0 0 0
 0 0 0 0 0
 0 0 0 0 0
 0 0 0 0 0
Wmedp
 7.54 17.45 24.07 31.32 35.25
Frms_r0
 0.256722 0.486564 0.510625 0.511958 0.512028
Zrms_r0
 1.25672 1.48656 1.51063 1.51196 1.51203
nmprior
 7.29 8.9 8.7 0
nm_flota  nm_reclas  nm_pelaces    nm_pelaL
inf 9.87736 13.8392 39.5872
cv_recla  cv_pelaces  cv_mph
0.545935 0.445087 0.43322
 ------------------------------------------------
Talla a la edad & desviaci?n 
 8 13.2811 15.8009 17.003 17.5766
 0.8 1.32811 1.58009 1.7003 1.75766
