years
 1991 1992 1993 1994 1995 1996 1997 1998 1999 2000 2001 2002 2003 2004 2005 2006 2007 2008 2009 2010 2011 2012 2013 2014 2015 2016 2017 2018 2019 2020 2021 2022 2023
reclasobs
 0 0 0 0 0 0 0 0 0 252601 567819 844713 477998 351125 339783 2.1784e+06 2.13404e+06 4.81314e+06 1.55562e+06 2.62356e+06 3.21686e+06 3.843e+06 1.13348e+06 3.07943e+06 1.97215e+06 2.03268e+06 2.025e+06 2.42433e+06 2.27542e+06 1.05018e+06 2.36338e+06 3.18982e+06 1.53035e+06
reclaspred
 9.8952e+06 2.69577e+06 1.14351e+06 977284 299175 3.23026e+06 2.13269e+06 943370 833012 257971 388672 1.60185e+06 1.84284e+06 212110 704651 1.82634e+06 1.46307e+06 1.76579e+06 1.87346e+06 2.24036e+06 3.95448e+06 3.44108e+06 2.30094e+06 2.29541e+06 2.37385e+06 2.15102e+06 2.1737e+06 2.43031e+06 2.10342e+06 2.6941e+06 1.65753e+06 1.01426e+06 912898
pelacesobs
 0 0 0 0 0 0 0 0 0 0 0 0 0 0 0 552880 188675 0 991730 2.46772e+06 1.41603e+06 1.21717e+06 2.29649e+06 1.80582e+06 0 1.4828e+06 1.56532e+06 1.57751e+06 1.42118e+06 867257 1.10002e+06 1.06204e+06 0
pelacespred
 9.39838e+06 2.25556e+06 634990 370723 128327 1.81819e+06 1.15797e+06 787236 467286 88931.5 208352 783728 1.08813e+06 53495.6 345761 801064 699415 773374 797741 951923 2.00563e+06 1.78112e+06 1.33386e+06 1.34535e+06 1.30702e+06 1.28801e+06 1.45945e+06 1.48794e+06 1.25997e+06 1.80933e+06 960126 576137 396938
mphobs
 0 0 0 0 0 0 0 0 0 0 0 0 498337 0 5186 125008 0 168611 109162 213762 579715 649985 157893 87575 83554 210694 70296 0 107559 103333 445601 22526 28222
mphpred
 2.15545e+06 853002 141090 197856 84912 27261.6 704072 189046 88094.9 89649.4 16034.3 88261 343693 133881 6698.72 104826 329653 145110 169794 259562 543468 570996 162499 76160 110815 147624 79843.1 112943 165546 98060.3 142049 51725.5 27943.1
desembarqueobs
 494567 514787 250237 358949 120608 361735 552515 73892 212993 205616 52469 317467 293654 387597 252695 516296 358380 742168 942051 627588 828172 859565 418607 520667 417249 300574 415391 372974 316634 284311 391294 218835 356480
desembarquepred
 494504 514449 249982 358642 120535 361564 551945 73873.8 212836 205423 52455.9 317215 293464 386826 252418 515749 358077 741061 940039 626599 827791 858603 418145 520307 416785 300462 415070 372651 316125 283968 391312 218713 356252
Reclutas
 25688 17672.4 166914 52940.3 14729.4 282813 20327.3 6456.85 40064.7 22186.9 36358.8 174890 78455.1 27303.7 63248.7 232942 37001.3 208478 283616 252416 216962 361921 36665.9 110456 191192 27211.3 116900 119563 50252.2 136216 32377 32856.4 78494
log_desv_Rt
 -0.972295 -1.34631 0.899159 -0.249153 -1.52847 1.42647 -1.20635 -2.35318 -0.527822 -1.11882 -0.624882 0.94584 0.144208 -0.911298 -0.0712436 1.23247 -0.607364 1.12152 1.4293 1.31276 1.16141 1.67311 -0.61647 0.486303 1.03496 -0.914688 0.543002 0.565521 -0.301265 0.695925 -0.74087 -0.726171 0.144704
SSB
 1.45301e+06 575017 95110.3 133377 57240.1 18377.3 474622 127438 59385.7 60433.6 10808.9 59497.7 219029 85135.3 4273.84 67330.1 222222 97820.2 122227 138354 300323 340615 360574 162155 209115 303282 151179 201048 311484 169045 302985 117237 55844.5
BT
 1.86557e+06 872154 402788 371912 128741 1.26815e+06 742305 222454 375432 215335 141506 624558 601526 388572 430405 797936 471359 1.01361e+06 1.25605e+06 885023 1.48387e+06 1.39669e+06 683822 1.02727e+06 820816 567237 1.01674e+06 903182 569409 940444 590428 363741 485121
Ftot
 0.354027 1.22935 1.23117 1.83607 2.01075 0.62263 1.38657 0.520186 1.39882 3.15839 0.750631 1.07459 0.905218 4.95303 1.81167 1.47311 1.32115 2.07527 2.36899 1.46489 1.14738 1.33911 1.03744 1.2567 0.978177 0.81891 1.07371 0.860423 0.876825 0.6156 1.30236 1.22075 1.94967
BD_Bspro_t
 0.945234 0.585029 0.193183 0.254626 0.103373 0.0471128 0.458413 0.171022 0.124133 0.141373 0.0415033 0.264523 0.388118 0.1514 0.0111989 0.149019 0.257188 0.126463 0.128502 0.123928 0.188013 0.204855 0.229204 0.135534 0.194894 0.29606 0.207995 0.289164 0.368239 0.257313 0.382167 0.186423 0.14537
BD_Bspro
 2.96949 1.17515 0.194375 0.27258 0.116981 0.0375574 0.969978 0.260443 0.121365 0.123507 0.02209 0.121594 0.447627 0.173989 0.00873436 0.137601 0.454152 0.199913 0.249793 0.282752 0.613765 0.696109 0.7369 0.331394 0.427364 0.619812 0.308961 0.410878 0.636574 0.345474 0.619205 0.239595 0.114128
BD_Bo
 6.44699 2.55135 0.422004 0.591792 0.253974 0.0815399 2.1059 0.565442 0.263494 0.268143 0.047959 0.263991 0.971832 0.377745 0.018963 0.298743 0.985999 0.434028 0.54232 0.613877 1.33253 1.51131 1.59987 0.719481 0.92784 1.34566 0.670778 0.892049 1.38205 0.750051 1.34434 0.520179 0.247781
BD_Brms
 6.91166 2.73523 0.452419 0.634445 0.272279 0.0874169 2.25768 0.606195 0.282485 0.28747 0.0514156 0.283018 1.04188 0.40497 0.0203297 0.320275 1.05706 0.46531 0.581407 0.658122 1.42857 1.62023 1.71518 0.771337 0.994713 1.44265 0.719124 0.956342 1.48166 0.804111 1.44123 0.557671 0.26564
Sel_flota
 0.566649 0.961307 0.997886 0.999889 0.999994
 0.566649 0.961307 0.997886 0.999889 0.999994
 0.566649 0.961307 0.997886 0.999889 0.999994
 0.566649 0.961307 0.997886 0.999889 0.999994
 0.566649 0.961307 0.997886 0.999889 0.999994
 0.566649 0.961307 0.997886 0.999889 0.999994
 0.566649 0.961307 0.997886 0.999889 0.999994
 0.566649 0.961307 0.997886 0.999889 0.999994
 0.566649 0.961307 0.997886 0.999889 0.999994
 0.566649 0.961307 0.997886 0.999889 0.999994
 0.566649 0.961307 0.997886 0.999889 0.999994
 0.566649 0.961307 0.997886 0.999889 0.999994
 0.566649 0.961307 0.997886 0.999889 0.999994
 0.566649 0.961307 0.997886 0.999889 0.999994
 0.566649 0.961307 0.997886 0.999889 0.999994
 0.566649 0.961307 0.997886 0.999889 0.999994
 0.566649 0.961307 0.997886 0.999889 0.999994
 0.566649 0.961307 0.997886 0.999889 0.999994
 0.566649 0.961307 0.997886 0.999889 0.999994
 0.566649 0.961307 0.997886 0.999889 0.999994
 0.566649 0.961307 0.997886 0.999889 0.999994
 0.566649 0.961307 0.997886 0.999889 0.999994
 0.566649 0.961307 0.997886 0.999889 0.999994
 0.566649 0.961307 0.997886 0.999889 0.999994
 0.566649 0.961307 0.997886 0.999889 0.999994
 0.566649 0.961307 0.997886 0.999889 0.999994
 0.566649 0.961307 0.997886 0.999889 0.999994
 0.566649 0.961307 0.997886 0.999889 0.999994
 0.566649 0.961307 0.997886 0.999889 0.999994
 0.566649 0.961307 0.997886 0.999889 0.999994
 0.566649 0.961307 0.997886 0.999889 0.999994
 0.566649 0.961307 0.997886 0.999889 0.999994
 0.566649 0.961307 0.997886 0.999889 0.999994
Sel_reclas
 0.411786 0.778915 0.946612 0.988917 0.997778
 0.411786 0.778915 0.946612 0.988917 0.997778
 0.411786 0.778915 0.946612 0.988917 0.997778
 0.411786 0.778915 0.946612 0.988917 0.997778
 0.411786 0.778915 0.946612 0.988917 0.997778
 0.411786 0.778915 0.946612 0.988917 0.997778
 0.411786 0.778915 0.946612 0.988917 0.997778
 0.411786 0.778915 0.946612 0.988917 0.997778
 0.411786 0.778915 0.946612 0.988917 0.997778
 0.411786 0.778915 0.946612 0.988917 0.997778
 0.411786 0.778915 0.946612 0.988917 0.997778
 0.411786 0.778915 0.946612 0.988917 0.997778
 0.411786 0.778915 0.946612 0.988917 0.997778
 0.411786 0.778915 0.946612 0.988917 0.997778
 0.411786 0.778915 0.946612 0.988917 0.997778
 0.411786 0.778915 0.946612 0.988917 0.997778
 0.411786 0.778915 0.946612 0.988917 0.997778
 0.411786 0.778915 0.946612 0.988917 0.997778
 0.411786 0.778915 0.946612 0.988917 0.997778
 0.411786 0.778915 0.946612 0.988917 0.997778
 0.411786 0.778915 0.946612 0.988917 0.997778
 0.411786 0.778915 0.946612 0.988917 0.997778
 0.411786 0.778915 0.946612 0.988917 0.997778
 0.411786 0.778915 0.946612 0.988917 0.997778
 0.411786 0.778915 0.946612 0.988917 0.997778
 0.411786 0.778915 0.946612 0.988917 0.997778
 0.411786 0.778915 0.946612 0.988917 0.997778
 0.411786 0.778915 0.946612 0.988917 0.997778
 0.411786 0.778915 0.946612 0.988917 0.997778
 0.411786 0.778915 0.946612 0.988917 0.997778
 0.411786 0.778915 0.946612 0.988917 0.997778
 0.411786 0.778915 0.946612 0.988917 0.997778
 0.411786 0.778915 0.946612 0.988917 0.997778
Sel_pelaces
 0.235524 0.607917 0.886402 0.975167 0.994965
 0.235524 0.607917 0.886402 0.975167 0.994965
 0.235524 0.607917 0.886402 0.975167 0.994965
 0.235524 0.607917 0.886402 0.975167 0.994965
 0.235524 0.607917 0.886402 0.975167 0.994965
 0.235524 0.607917 0.886402 0.975167 0.994965
 0.235524 0.607917 0.886402 0.975167 0.994965
 0.235524 0.607917 0.886402 0.975167 0.994965
 0.235524 0.607917 0.886402 0.975167 0.994965
 0.235524 0.607917 0.886402 0.975167 0.994965
 0.235524 0.607917 0.886402 0.975167 0.994965
 0.235524 0.607917 0.886402 0.975167 0.994965
 0.235524 0.607917 0.886402 0.975167 0.994965
 0.235524 0.607917 0.886402 0.975167 0.994965
 0.235524 0.607917 0.886402 0.975167 0.994965
 0.235524 0.607917 0.886402 0.975167 0.994965
 0.235524 0.607917 0.886402 0.975167 0.994965
 0.235524 0.607917 0.886402 0.975167 0.994965
 0.235524 0.607917 0.886402 0.975167 0.994965
 0.235524 0.607917 0.886402 0.975167 0.994965
 0.235524 0.607917 0.886402 0.975167 0.994965
 0.235524 0.607917 0.886402 0.975167 0.994965
 0.235524 0.607917 0.886402 0.975167 0.994965
 0.235524 0.607917 0.886402 0.975167 0.994965
 0.235524 0.607917 0.886402 0.975167 0.994965
 0.235524 0.607917 0.886402 0.975167 0.994965
 0.235524 0.607917 0.886402 0.975167 0.994965
 0.235524 0.607917 0.886402 0.975167 0.994965
 0.235524 0.607917 0.886402 0.975167 0.994965
 0.235524 0.607917 0.886402 0.975167 0.994965
 0.235524 0.607917 0.886402 0.975167 0.994965
 0.235524 0.607917 0.886402 0.975167 0.994965
 0.235524 0.607917 0.886402 0.975167 0.994965
pf_obs 
 0.8446 0.082 0.0669 0.0065 0
 0.8095 0.147 0.0364 0.0071 0
 0.9664 0.0169 0.016 0.0007 0
 0.9276 0.0648 0.0075 0.0001 0
 0.7033 0.2144 0.0806 0.0017 0
 0.9318 0.0425 0.0243 0.0014 0
 0.5671 0.3108 0.0964 0.0239 0.0018
 0.0768 0.2599 0.5324 0.112 0.0189
 0.490249 0.384438 0.106611 0.0170017 0.00170017
 0.7925 0.1577 0.0466 0.003 0.0002
 0.840416 0.127587 0.0312969 0.00059994 9.999e-05
 0.8084 0.0986 0.0794 0.0134 0.0002
 0.7335 0.1905 0.0724 0.0035 0.0001
 0.4001 0.4547 0.1325 0.0127 0
 0.49795 0.308269 0.164784 0.0264974 0.00249975
 0.9179 0.0499 0.0305 0.0017 0
 0.2467 0.6533 0.0926 0.0074 0
 0.9418 0.0223 0.034 0.0019 0
 0.707729 0.231977 0.0356964 0.0245975 0
 0.517169 0.277429 0.184464 0.0207286 0.00020938
 0.811772 0.124168 0.05621 0.00726502 0.000585176
 0.764997 0.148141 0.077277 0.00933861 0.000247198
 0.163321 0.427699 0.378323 0.0303852 0.000271297
 0.753843 0.0900009 0.118128 0.0371064 0.000921714
 0.721811 0.176058 0.0630433 0.0369309 0.00215725
 0.143369 0.312575 0.442814 0.0836902 0.0175525
 0.692698 0.0596174 0.167031 0.0765114 0.00414204
 0.394062 0.376323 0.152708 0.0712218 0.00568511
 0.125707 0.32114 0.495352 0.0537591 0.00404204
 0.23352 0.215282 0.420074 0.123614 0.00750983
 0.796117 0.104755 0.0508955 0.0450114 0.00322123
 0.162477 0.292055 0.404252 0.121198 0.0200186
 0 0 0 0 0
pf_pred 
 0.145789 0.186842 0.58822 0.0791475 1.09553e-06
 0.278246 0.174464 0.123905 0.373277 0.0501076
 0.945276 0.026285 0.00724085 0.00481262 0.0163854
 0.55635 0.433075 0.00526269 0.00135633 0.00395582
 0.555333 0.344499 0.0979736 0.00109466 0.00109971
 0.988065 0.00935845 0.00203506 0.000529705 1.18055e-05
 0.163981 0.830885 0.00406972 0.000841369 0.00022327
 0.276923 0.229048 0.491202 0.00224273 0.000584439
 0.87301 0.0542322 0.0238108 0.0486676 0.000279378
 0.719252 0.265427 0.00682267 0.00278849 0.00570994
 0.941399 0.0535966 0.00476242 0.000108015 0.000133596
 0.930081 0.0678116 0.00193643 0.000163088 8.24924e-06
 0.592741 0.393662 0.0132109 0.000354599 3.12698e-05
 0.510744 0.369399 0.116076 0.00367421 0.000106977
 0.985742 0.0127785 0.00116584 0.000303819 9.796e-06
 0.952178 0.0475696 0.000227851 1.91311e-05 5.12311e-06
 0.407294 0.580773 0.0118745 5.28652e-05 5.60482e-06
 0.938083 0.0382658 0.0232061 0.000442761 2.17194e-06
 0.900884 0.0970197 0.00134029 0.000741882 1.41537e-05
 0.865034 0.130517 0.00436367 5.4542e-05 3.05989e-05
 0.776893 0.209695 0.0130002 0.000404115 7.8531e-06
 0.844641 0.137667 0.0166904 0.000970483 3.06472e-05
 0.271371 0.675992 0.0470016 0.00531721 0.00031774
 0.821692 0.0796384 0.0919375 0.0060134 0.000718546
 0.856219 0.131737 0.00557984 0.00602464 0.000439535
 0.293104 0.655109 0.0476858 0.00190346 0.00219803
 0.853618 0.0670468 0.0738149 0.00508387 0.000435923
 0.760181 0.222795 0.00806047 0.0083417 0.000621685
 0.519118 0.416934 0.0596463 0.00203984 0.00226142
 0.843948 0.107756 0.0421833 0.00570299 0.000409966
 0.370533 0.575171 0.0380744 0.0141734 0.00204833
 0.699646 0.173931 0.116191 0.00718362 0.00304921
 0.891466 0.0917511 0.0099898 0.00624502 0.000547986
pobs_RECLAS
 0 0 0 0 0
 0 0 0 0 0
 0 0 0 0 0
 0 0 0 0 0
 0 0 0 0 0
 0 0 0 0 0
 0 0 0 0 0
 0 0 0 0 0
 0 0 0 0 0
 0 0 0 0 0
 0.991045 0.00858322 0.000360255 1.14367e-05 0
 0.934742 0.0480273 0.0164251 0.00080598 0
 0.827803 0.169806 0.00239088 0 0
 0.941827 0.0461693 0.0120037 0 0
 0.791401 0.0380133 0.147996 0.0225897 0
 0.846168 0.0940531 0.0597789 0 0
 0.134021 0.677848 0.182769 0.00536245 0
 0.80878 0.0450904 0.141981 0.00414843 0
 0.846168 0.0940531 0.0597789 0 0
 0.905697 0.0802665 0.012482 0.00150086 5.37128e-05
 0.989698 0.0102097 9.19794e-05 0 0
 0.975433 0.0193895 0.00387452 0.00125025 5.28907e-05
 0.303575 0.632131 0.0575291 0.00676475 0
 0.966965 0.00978017 0.0227588 0.000495775 0
 0.843318 0.132988 0.00938335 0.0141283 0.000182051
 0.564624 0.303363 0.111486 0.0197234 0.00080311
 0.826376 0.0876187 0.0782897 0.00655872 0.00115652
 0.89761 0.0855135 0.0140674 0.00269457 0.000114338
 0.34875 0.467042 0.161289 0.0227151 0.000203297
 0.318654 0.224769 0.449479 0.00709798 0
 0.937255 0.0296025 0.0250945 0.00804832 0
 0.456809 0.399803 0.12412 0.0192676 0
 0.883104 0.0372192 0.0704036 0.00927362 0
ppred_RECLAS
 0.120194 0.169295 0.623104 0.0874061 1.22055e-06
 0.244191 0.158566 0.130837 0.410777 0.0556285
 0.937809 0.0270023 0.00864194 0.005986 0.0205603
 0.561135 0.426546 0.0059844 0.00160679 0.00472762
 0.557562 0.331327 0.108567 0.00126357 0.00128058
 0.986599 0.0101196 0.00256876 0.000696994 1.56713e-05
 0.160973 0.833001 0.00473323 0.00101971 0.000272984
 0.239698 0.215996 0.541054 0.00257525 0.000677028
 0.85853 0.054406 0.0277077 0.0590148 0.000341766
 0.754445 0.230095 0.00670962 0.00285413 0.00589556
 0.93648 0.0572698 0.0059352 0.000140319 0.000175086
 0.926564 0.0708644 0.00235426 0.000206653 1.05452e-05
 0.576644 0.406961 0.0159106 0.000445134 3.96005e-05
 0.620412 0.279491 0.0968183 0.0031846 9.35261e-05
 0.9858 0.0125118 0.00131829 0.000357913 1.16419e-05
 0.951544 0.0481589 0.00026737 2.33926e-05 6.31957e-06
 0.400022 0.585998 0.0139082 6.45263e-05 6.90153e-06
 0.937724 0.0363734 0.0253953 0.000504705 2.4976e-06
 0.907959 0.0897828 0.00142265 0.000820092 1.57833e-05
 0.862798 0.131983 0.00511508 6.6621e-05 3.77052e-05
 0.767798 0.216111 0.0155774 0.000504662 9.89363e-06
 0.838807 0.140228 0.0197316 0.00119561 3.80899e-05
 0.259114 0.679069 0.0549477 0.0064788 0.000390574
 0.803429 0.0804526 0.107879 0.00735346 0.00088643
 0.847228 0.137769 0.00679425 0.00764604 0.000562756
 0.276951 0.66183 0.0561602 0.00233667 0.00272215
 0.836003 0.0688847 0.0882309 0.00633342 0.000547865
 0.745769 0.233013 0.00982442 0.0105976 0.000796796
 0.497871 0.42579 0.0709792 0.00253017 0.0028298
 0.825696 0.114218 0.0521967 0.00735619 0.000533486
 0.360396 0.575692 0.0442452 0.0171643 0.00250247
 0.677494 0.174553 0.135486 0.00872972 0.0037382
 0.892409 0.0885867 0.0111211 0.00724232 0.000641095
pobs_PELACES
 0 0 0 0 0
 0 0 0 0 0
 0 0 0 0 0
 0 0 0 0 0
 0 0 0 0 0
 0 0 0 0 0
 0 0 0 0 0
 0 0 0 0 0
 0 0 0 0 0
 0 0 0 0 0
 0 0 0 0 0
 0 0 0 0 0
 0 0 0 0 0
 0 0 0 0 0
 0 0 0 0 0
 0 0 0 0 0
 0.505614 0.472636 0.0217494 0 0
 0 0 0 0 0
 0.443492 0.261883 0.143347 0.151278 0
 0.227955 0.32914 0.350689 0.0885471 0.00366901
 0.970185 0.0296113 0.000203453 0 0
 0.997202 0.00247181 0.000326279 0 0
 0.445219 0.490057 0.0546422 0.010081 0
 0.90214 0.0892962 0.00764917 0.000914606 0
 0 0 0 0 0
 0.581667 0.319106 0.0959925 0.00289975 0.000334073
 0.762889 0.0836404 0.116647 0.0363945 0.000428098
 0.88444 0.0763242 0.0277011 0.0115352 0
 0.521256 0.241999 0.230069 0.00667565 0
 0.616807 0.101726 0.260614 0.0208532 0
 0.833518 0.0704572 0.0857862 0.0102388 0
 0.697417 0.212968 0.0787535 0.0105354 0.000325836
 0 0 0 0 0
ppred_PELACES
 0.0826609 0.151714 0.667102 0.0985217 1.39122e-06
 0.190212 0.143607 0.140073 0.462741 0.0633673
 0.919615 0.0307783 0.0116441 0.00848671 0.029476
 0.541948 0.442585 0.00728669 0.0020578 0.00612227
 0.534917 0.333818 0.12809 0.00156783 0.00160669
 0.98237 0.0126786 0.00383242 0.00109461 2.48874e-05
 0.143978 0.848694 0.00568982 0.00128968 0.00034912
 0.178488 0.205096 0.612532 0.00306915 0.00081593
 0.824423 0.0594173 0.0356975 0.079994 0.000468446
 0.770455 0.212508 0.00715668 0.00319919 0.00668189
 0.921212 0.0697141 0.00859013 0.00021376 0.000269715
 0.913535 0.0828873 0.00326126 0.000301248 1.55445e-05
 0.527173 0.45122 0.0209354 0.000616433 5.54546e-05
 0.688115 0.221916 0.0868795 0.00299953 8.90659e-05
 0.984378 0.0134652 0.00166538 0.000475574 1.56419e-05
 0.945696 0.0539099 0.000352766 3.24706e-05 8.87017e-06
 0.366248 0.616385 0.0172744 8.43241e-05 9.12001e-06
 0.931023 0.0376079 0.0307238 0.00064213 3.21316e-06
 0.90738 0.0899319 0.00166152 0.00100704 1.95977e-05
 0.847076 0.146105 0.0066746 9.14584e-05 5.23415e-05
 0.735316 0.243218 0.0207446 0.000707199 1.40196e-05
 0.815969 0.156349 0.0259721 0.00165581 5.33415e-05
 0.224058 0.699995 0.0671115 0.0083273 0.000507635
 0.760668 0.0882466 0.139833 0.0100292 0.00122251
 0.818793 0.159952 0.0093531 0.0110772 0.00082443
 0.235037 0.688893 0.0694458 0.00304117 0.00358258
 0.794756 0.0776977 0.117864 0.00890332 0.000778799
 0.702471 0.267749 0.0134045 0.0152182 0.00115703
 0.441784 0.459922 0.0910182 0.00341472 0.00386191
 0.77874 0.135668 0.0738353 0.0109536 0.000803291
 0.324164 0.596351 0.0541322 0.0220953 0.00325746
 0.62429 0.187219 0.1718 0.0116477 0.00504357
 0.883334 0.0928205 0.0136555 0.00935271 0.000837159
pobs_pel_tallas
 0 0 0 0 0 0 0 0 0 0 0 0 0 0 0 0 0 0 0 0 0 0 0 0 0 0
 0 0 0 0 0 0 0 0 0 0 0 0 0 0 0 0 0 0 0 0 0 0 0 0 0 0
 0 0 0 0 0 0 0 0 0 0 0 0 0 0 0 0 0 0 0 0 0 0 0 0 0 0
 0 0 0 0 0 0 0 0 0 0 0 0 0 0 0 0 0 0 0 0 0 0 0 0 0 0
 0 0 0 0 0 0 0 0 0 0 0 0 0 0 0 0 0 0 0 0 0 0 0 0 0 0
 0 0 0 0 0 0 0 0 0 0 0 0 0 0 0 0 0 0 0 0 0 0 0 0 0 0
 0 0 0 0 0 0 0 0 0 0 0 0 0 0 0 0 0 0 0 0 0 0 0 0 0 0
 0 0 0 0 0 0 0 0 0 0 0 0 0 0 0 0 0 0 0 0 0 0 0 0 0 0
 0 0 0 0 0 0 0 0 0 0 0 0 0 0 0 0 0 0 0 0 0 0 0 0 0 0
 0 0 0 0 0 0 0 0 0 0 0 0 0 0 0 0 0 0 0 0 0 0 0 0 0 0
 0 0 0 0 0 0 0 0 0 0 0 0 0 0 0 0 0 0 0 0 0 0 0 0 0 0
 0 0 0 0 0 0 0 0 0 0 0 0 0 0 0 0 0 0 0 0 0 0 0 0 0 0
 0.00862536 0 0 0.000197151 0.00414017 0.0128641 0.00837892 0.0270097 0.101434 0.158115 0.152841 0.127902 0.109271 0.109419 0.0830992 0.0579132 0.0238553 0.00714673 0.00463305 0.00128148 0.00103504 0.000492878 0.000147863 0.000147863 4.92878e-05 0
 0 0 0 0 0 0 0 0 0 0 0 0 0 0 0 0 0 0 0 0 0 0 0 0 0 0
 0 0 0 0 0 0 0 0.0054083 0.00873648 0.0413646 0.0450493 0.0745869 0.0622846 0.0627006 0.0613931 0.0827291 0.12552 0.122667 0.0946155 0.0697135 0.0546179 0.0294188 0.0215738 0.0213955 0.0102223 0.00600262
 0 0 0 0 0.00359764 0.0251062 0.0480494 0.140153 0.205849 0.193036 0.1447 0.116669 0.0760912 0.0342217 0.00950174 0.001854 0.000860785 0 0 0 0.000165536 0 0.000143464 0 0 0
 0 0 0 0 0 0 0 0.000145254 0.000435761 0.0275982 0.070085 0.0708112 0.156366 0.174668 0.174014 0.160142 0.0824315 0.0480064 0.0283245 0.00493863 0.00203355 0 0 0 0 0
 0 0 0 0 0 0 0 0 0 0 0 0 0 0 0 0 0 0 0 0 0 0 0 0 0 0
 0 0 1.00437e-05 0.000401748 0.00122533 0.00171747 0.00176769 0.0269171 0.070346 0.194647 0.189555 0.159765 0.064822 0.0314167 0.0384472 0.0292271 0.0345202 0.0313363 0.0194345 0.0106764 0.0143323 0.0359363 0.0279516 0.0138201 0.00172751 0
 0 0.0021121 0.0136068 0.0755702 0.200478 0.177729 0.0527432 0.0373336 0.0318909 0.0142505 0.0149659 0.0166563 0.0217959 0.0798694 0.0677717 0.0528807 0.04013 0.0224614 0.0357745 0.0225083 0.00881397 0.00855152 0.00135912 0.000746735 0 0
 0 0 0 0 5.4009e-05 0.00500934 0.000945158 0.0243581 0.138947 0.33067 0.221406 0.137944 0.0707744 0.0437923 0.0131692 0.00525238 0.0047753 0.00276346 9.45158e-05 9.00151e-06 2.25038e-05 9.00151e-06 4.50075e-06 0 0 0
 0.000866109 0.00284123 0.00948549 0.0512746 0.133035 0.25785 0.225252 0.132002 0.0553304 0.0519788 0.0540692 0.017754 0.00435017 0.00159236 0.00146478 0.000404838 0.000125132 0.000115318 0.000107957 0.000100596 0 0 0 0 0 0
 0 0 0 0 0.00144013 0.00171154 0.00461396 0.0210425 0.0478622 0.0707936 0.0888783 0.103762 0.0637923 0.0337046 0.0602308 0.124433 0.169614 0.0934646 0.0462172 0.0250306 0.0313229 0.00938855 0.002487 0.000210481 0 0
 0 0.00764035 0.051015 0.0998891 0.058973 0.0496711 0.0374665 0.0718981 0.12319 0.153886 0.159021 0.0857701 0.0377988 0.023471 0.0147837 0.00900784 0.00315554 0.000888139 0.00291439 0.00214683 0.00393193 0.00274676 0.000635225 9.99891e-05 0 0
 0 0 0 0 0 0 0 0 0 0 0 0 0 0 0 0 0 0 0 0 0 0 0 0 0 0
 0 0 0 0 0 0 0 0 0 0 0 0 0 0 0 0 0 0 0 0 0 0 0 0 0 0
 0 0 0 0 0 0 0 0 0 0 0 0 0 0 0 0 0 0 0 0 0 0 0 0 0 0
 0 0 0 0 0 0 0 0 0 0 0 0 0 0 0 0 0 0 0 0 0 0 0 0 0 0
 0 0 0 0 0 0 0 0 0 0 0 0 0 0 0 0 0 0 0 0 0 0 0 0 0 0
 0 0 0 0 0 0 0 0 0 0 0 0 0 0 0 0 0 0 0 0 0 0 0 0 0 0
 0 0 0 0 0 0 0 0 0 0 0 0 0 0 0 0 0 0 0 0 0 0 0 0 0 0
 0 0 0 0 0 0 0 0 0 0 0 0 0 0 0 0 0 0 0 0 0 0 0 0 0 0
 0 0 0 0 0 0 0 0 0 0 0 0 0 0 0 0 0 0 0 0 0 0 0 0 0 0
ppred_pel_tallas
 1.29171e-16 6.8087e-06 6.6183e-05 0.00043981 0.00199932 0.00622072 0.0132545 0.0193485 0.0193642 0.0133314 0.00648212 0.00276752 0.00241781 0.00454872 0.0090023 0.0161306 0.0261708 0.039034 0.0544377 0.0719745 0.0907627 0.108842 0.123022 0.129745 0.126672 0.113958
 1.61209e-16 1.56675e-05 0.000152294 0.00101205 0.00460063 0.0143143 0.0304987 0.0445168 0.044531 0.0305683 0.0145491 0.00528382 0.00274712 0.00400938 0.00755399 0.0130502 0.0202547 0.0287436 0.0383215 0.0494925 0.0633407 0.0806244 0.100619 0.120599 0.136447 0.144154
 1.06184e-16 7.57475e-05 0.000736292 0.00489292 0.0222425 0.0692047 0.147448 0.215205 0.215208 0.147463 0.0692538 0.0223846 0.00525067 0.00152113 0.00157823 0.00252244 0.00370974 0.00485526 0.00574367 0.00632569 0.00676773 0.00734787 0.00826317 0.00948764 0.0107687 0.0117428
 1.01566e-16 4.46397e-05 0.000433913 0.00288351 0.013108 0.0407842 0.0868967 0.126837 0.12688 0.0871046 0.0414822 0.015123 0.0079369 0.0114511 0.020926 0.0344137 0.0493113 0.0614683 0.0666921 0.0630618 0.0521103 0.0378651 0.0245421 0.0146501 0.00858389 0.00540966
 1.04211e-16 4.40605e-05 0.000428284 0.0028461 0.012938 0.040255 0.0857687 0.125189 0.125221 0.0859266 0.0407854 0.0144715 0.00670111 0.00886262 0.0161171 0.0267164 0.0388068 0.0494679 0.0557117 0.0560915 0.0514677 0.0442561 0.0368271 0.0303658 0.0248665 0.0198686
 1.00228e-16 8.09165e-05 0.000786537 0.00522681 0.0237603 0.0739272 0.15751 0.229891 0.229892 0.157516 0.0739474 0.0238185 0.00537296 0.00110611 0.000689449 0.00101592 0.00146539 0.00186307 0.00209105 0.00209617 0.00191512 0.00164486 0.00137959 0.00116476 0.000995305 0.000844581
 1.0057e-16 1.18594e-05 0.000115278 0.000766067 0.00348248 0.0108357 0.0230897 0.0337172 0.0337988 0.0234884 0.0121739 0.00734507 0.0104525 0.0212305 0.0400241 0.0659143 0.0943995 0.11755 0.127293 0.119914 0.0983388 0.0703118 0.0439784 0.024248 0.0119931 0.00552858
 1.18175e-16 1.47018e-05 0.000142907 0.000949668 0.00431707 0.0134321 0.0286193 0.041775 0.0417957 0.0287207 0.0137752 0.00531938 0.00350852 0.00587046 0.0113057 0.0197404 0.0309213 0.0440306 0.0580207 0.0720459 0.085383 0.0968306 0.104316 0.105437 0.0987683 0.0849597
 1.09147e-16 6.79066e-05 0.000660077 0.00438644 0.0199401 0.0620412 0.132185 0.19293 0.192936 0.132214 0.0621366 0.0202168 0.00508463 0.00219718 0.00302655 0.00500343 0.00746462 0.009971 0.0121547 0.0139282 0.0155453 0.0173769 0.0195561 0.0217785 0.0234068 0.0237924
 1.01713e-16 6.34614e-05 0.000616867 0.0040993 0.0186348 0.05798 0.123533 0.180305 0.180325 0.123633 0.0583153 0.0196028 0.0065274 0.00591179 0.010103 0.0165589 0.0237481 0.0296575 0.0322873 0.0307286 0.0257216 0.0191888 0.0131246 0.00868834 0.00601927 0.00462599
 1.00333e-16 7.58791e-05 0.000737571 0.00490142 0.0222812 0.069325 0.147704 0.21558 0.215587 0.147737 0.0694352 0.0225994 0.00570001 0.0024804 0.00338432 0.00547074 0.00786334 0.00986592 0.0108234 0.0104319 0.00891321 0.0068632 0.00489704 0.00336918 0.00232754 0.00164515
 1.00149e-16 7.52467e-05 0.000731424 0.00486057 0.0220955 0.0687472 0.146474 0.213784 0.213792 0.146512 0.068878 0.022473 0.00580758 0.00279645 0.00399032 0.00645987 0.00925636 0.0115512 0.0125557 0.0119076 0.00988628 0.00723455 0.00472963 0.00283427 0.00162536 0.000941964
 1.00791e-16 4.34226e-05 0.000422084 0.0028049 0.0127507 0.0396723 0.0845277 0.12338 0.123423 0.0847398 0.0403843 0.0148063 0.00796121 0.0116665 0.0213638 0.035158 0.0504253 0.062952 0.0684704 0.0650059 0.0540716 0.0396945 0.0260873 0.0157561 0.00911919 0.00531388
 1.0288e-16 5.66792e-05 0.000550942 0.0036612 0.0166433 0.0517837 0.110331 0.161036 0.161058 0.110436 0.0521363 0.017663 0.00622469 0.00616009 0.0107474 0.017776 0.0258274 0.0329429 0.0371391 0.0374561 0.0344628 0.0297545 0.024891 0.0206419 0.0169908 0.0136284
 1.00102e-16 8.10819e-05 0.000788145 0.0052375 0.0238089 0.0740784 0.157832 0.230361 0.230362 0.157838 0.0740997 0.0238704 0.00539179 0.0011249 0.000720449 0.00106222 0.00152109 0.00191005 0.00209932 0.00203081 0.001748 0.00136588 0.00100214 0.000722914 0.000534404 0.000409217
 1.00029e-16 7.78957e-05 0.000757174 0.00503169 0.0228733 0.0711675 0.15163 0.221309 0.221315 0.151655 0.0712525 0.0231187 0.00564698 0.00209841 0.00261945 0.00419219 0.00599622 0.00746605 0.00808416 0.00761418 0.00624188 0.00445919 0.00278371 0.00152764 0.000746912 0.000334927
 1.00667e-16 3.01675e-05 0.000293238 0.00194868 0.00885843 0.0275622 0.0587263 0.0857252 0.0857845 0.059016 0.0285345 0.0116652 0.00898831 0.0156418 0.029124 0.0479531 0.0687292 0.0856978 0.0930128 0.0879743 0.0726745 0.0526713 0.0337959 0.0195426 0.0105185 0.00553139
 1.00962e-16 7.66871e-05 0.000745426 0.00495362 0.0225184 0.0700632 0.149277 0.217875 0.217879 0.149295 0.0701235 0.022693 0.00539376 0.00171237 0.00193092 0.00311704 0.00458965 0.00599227 0.0070084 0.00747663 0.00745591 0.00713612 0.00667562 0.00611064 0.0053953 0.00450471
 1.00176e-16 7.47397e-05 0.000726497 0.00482783 0.0219466 0.0682841 0.145487 0.212344 0.212353 0.145529 0.0684259 0.022356 0.00585471 0.0029653 0.00431812 0.00699812 0.0100215 0.0124921 0.0135536 0.0128137 0.0105814 0.00767207 0.00493963 0.00289336 0.00161648 0.000926032
 1.00249e-16 6.97726e-05 0.000678214 0.00450697 0.0204881 0.063746 0.135818 0.198234 0.198248 0.135887 0.0639766 0.0211537 0.00617655 0.00431905 0.00697297 0.0113873 0.0163261 0.0203804 0.0221644 0.0210385 0.0174928 0.0128318 0.00842061 0.00507174 0.00292149 0.00169085
 1.00735e-16 6.05671e-05 0.000588733 0.00391234 0.0177849 0.0553357 0.117899 0.172083 0.172106 0.118014 0.0557198 0.018894 0.00669512 0.00665953 0.0115781 0.0190133 0.0273076 0.0341778 0.0373356 0.0357182 0.0301194 0.0226623 0.0155542 0.0100888 0.00646373 0.00422821
 1.00965e-16 6.72104e-05 0.000653309 0.00434147 0.0197357 0.0614051 0.130831 0.190954 0.190969 0.130904 0.0616524 0.0204501 0.00613495 0.00456908 0.00750555 0.0123056 0.0177277 0.0223059 0.0245886 0.0238958 0.0207103 0.0163335 0.0120978 0.00875415 0.00638712 0.00472002
 1.03037e-16 1.84555e-05 0.000179394 0.00119214 0.00541934 0.016862 0.0359287 0.0524531 0.0525205 0.036258 0.0179677 0.00861241 0.00920439 0.0176609 0.0331914 0.0547698 0.0787223 0.0986238 0.107922 0.103572 0.0878545 0.0668426 0.0468245 0.0314437 0.0211995 0.0147569
 1.05271e-16 6.26553e-05 0.000609031 0.00404723 0.0183981 0.0572434 0.121963 0.178011 0.17802 0.122006 0.0573871 0.0188157 0.00510501 0.00294975 0.00460043 0.00774655 0.0117113 0.0158868 0.0196548 0.0226628 0.0249068 0.0264944 0.0273282 0.0270467 0.0252917 0.0220511
 1.01562e-16 6.74429e-05 0.000655569 0.00435649 0.019804 0.0616176 0.131283 0.191615 0.191631 0.131359 0.0618702 0.0205332 0.00618609 0.0046468 0.00763943 0.0125021 0.0179561 0.0224847 0.0245964 0.023616 0.0200951 0.0154537 0.0111448 0.00798294 0.00602435 0.0048794
 1.03092e-16 1.93598e-05 0.000188185 0.00125056 0.00568489 0.0176882 0.0376889 0.055022 0.0550884 0.0380131 0.0187765 0.0088276 0.00913663 0.017395 0.0326726 0.0539158 0.0775037 0.0971144 0.1063 0.102062 0.0866327 0.0659798 0.0462815 0.0311228 0.0210049 0.0146309
 1.04446e-16 6.5463e-05 0.000636324 0.00422859 0.0192226 0.0598086 0.127429 0.185988 0.185995 0.127466 0.059935 0.0195897 0.00515805 0.00269184 0.00404679 0.00678832 0.0102412 0.0138523 0.0170687 0.0195788 0.021391 0.0226259 0.0232323 0.022923 0.0213979 0.0186392
 1.02178e-16 5.78617e-05 0.000562436 0.00373759 0.0169906 0.052864 0.112633 0.164397 0.164423 0.112759 0.0532867 0.0182109 0.00679908 0.00724019 0.0127241 0.0209026 0.0300104 0.0375439 0.0409998 0.0392403 0.0331882 0.0252312 0.0178245 0.0123642 0.00897662 0.00703213
 1.03741e-16 3.63892e-05 0.000353716 0.00235057 0.0106854 0.0332464 0.0708367 0.103397 0.103442 0.0710535 0.0339745 0.0127886 0.00763162 0.0118876 0.0219566 0.0362798 0.0523461 0.066 0.0730062 0.0713714 0.0624884 0.0501184 0.0380881 0.0285178 0.0216045 0.0165383
 1.034e-16 6.41438e-05 0.0006235 0.00414338 0.0188352 0.0586034 0.124861 0.182241 0.182255 0.124926 0.0588198 0.0194612 0.00571883 0.00407652 0.00666242 0.011018 0.0161105 0.0207692 0.0238282 0.0247233 0.0237703 0.0218423 0.0197327 0.0177385 0.0157211 0.0134547
 1.04482e-16 2.67011e-05 0.000259544 0.00172476 0.00784056 0.0243952 0.0519787 0.0758764 0.0759338 0.0522593 0.0253373 0.010561 0.00855115 0.0151543 0.0282932 0.0466766 0.0671077 0.0841211 0.0921622 0.0886757 0.0756418 0.0582569 0.0418597 0.0294806 0.0214215 0.0164042
 1.07028e-16 5.1422e-05 0.00049984 0.00332161 0.0150996 0.0469805 0.100098 0.146099 0.146117 0.100187 0.0472813 0.0159712 0.0055205 0.00533599 0.00934128 0.0156352 0.0231536 0.0304362 0.0359795 0.0390115 0.0398078 0.0392287 0.0379162 0.0358785 0.0327413 0.0283074
 1.01498e-16 7.27591e-05 0.000707244 0.00469989 0.021365 0.0664745 0.141631 0.206717 0.206726 0.141675 0.0666214 0.0217892 0.00576483 0.00303265 0.0044911 0.00731502 0.0105443 0.013291 0.0147057 0.0144041 0.0126927 0.0103549 0.00817197 0.00655151 0.00547999 0.00472116
pSPR Fmed_Fpbrs
1   0.982771 0.6 0.325 0.982771 0.982771 0.982771
Fs Fmed_Fpbrs
0   0.01 0.33043 0.836243 0.01 0.01 0.01
SSBpbr Bo_Bmed_Bpbrs
225378  214109  210226 123958 61978.9 210226 210226 210226
Ro
67919.2
SPR SPRFo_SPRFmed_SPRFpbrs
489313 489313 480883
Fref
0
Nvult_r0
 68927.7 5710.42 613.817 383.46 33.6466
CTP_r0
 36179.5 3723.66 405.429 253.45 22.2396
YTP_r0
356252
Np
 78494 28876.3 10623 3907.99 1966.56
Nvult_p0
 49617.7 18253.3 6715.02 2470.32 1243.1
CTP_p0
 0 0 0 0 0
 0 0 0 0 0
 0 0 0 0 0
 0 0 0 0 0
 0 0 0 0 0
 0 0 0 0 0
YTP_p0
 0 0 0 0 0 0
CBA_c0
0
log_Ro
10.9461
likeval ReclasPelacesDesembMPH_pf_preclas_ppelaces_ptallas_desvR_qrecl_qpela
 42.6874 24.627 0.167203 65.345 294.046 154.679 138.481 0 47.9657 0.000221678 0.000420796 0.0044471 2070.1 0 0
q_reclas_q_pelaces
8.21205 18.1927
M
1
N
 25688 20512.2 62525.6 8398.57 0.116239
 17672.4 7732.36 5369.26 16156.1 2168.61
 166914 3239.43 872.524 579.229 1971.96
 52940.3 30564.4 364.899 93.9556 274.014
 14729.4 6880.97 1924.78 21.4867 21.5848
 282813 1734.05 366.342 95.2083 2.12173
 20327.3 73110.7 350.61 72.4035 19.2122
 6456.85 3408.49 7092.61 32.3313 8.42459
 40064.7 1768.94 760.492 1552.66 8.91255
 22186.9 6671.59 169.6 69.2765 141.852
 36358.8 1363.16 117.852 2.66905 3.30092
 174890 8741.59 243.708 20.4992 1.03681
 78455.1 34996.4 1144.63 30.6814 2.70541
 27303.7 17280.6 5392.74 170.637 4.9681
 63248.7 606.769 54.3779 14.1575 0.456457
 232942 8335.27 39.1178 3.2809 0.87854
 37001.3 37190.5 744.077 3.3088 0.350781
 208478 6438.7 3842.12 73.2433 0.359275
 283616 23662.4 322.181 178.199 3.39956
 252416 27255 892.76 11.1466 6.25305
 216962 40487.8 2452.31 76.1363 1.47945
 361921 41660.9 4943.21 287.099 9.06585
 36665.9 62341.1 4230.28 477.943 28.5584
 110456 7493.12 8459.79 552.679 66.036
 191192 19935.7 823.585 888.058 64.7848
 27211.3 40406.7 2863.9 114.155 131.812
 116900 6294 6765.06 465.337 39.8982
 119563 23403.9 824.839 852.427 63.5245
 50252.2 27012 3765.1 128.584 142.541
 136216 11248.1 4277.57 577.413 41.5046
 32377 35354.1 2289.7 851.365 123.031
 32856.4 5694.31 3718.96 229.652 97.4737
 78494 6052.12 647.878 404.651 35.5055
pred_Ctot
 3000.19 3845 12104.9 1628.77 0.0225448
 5926.02 3715.69 2638.9 7949.96 1067.18
 56032.4 1558.07 429.21 285.274 971.263
 23485.7 18281.8 222.159 57.256 166.991
 6921.03 4293.44 1221.03 13.6425 13.7055
 54690.3 517.999 112.642 29.3197 0.653445
 7444.21 37719.6 184.753 38.1955 10.1357
 1067.24 882.733 1893.06 8.6433 2.25238
 14765.2 917.228 402.711 823.114 4.72511
 13359.2 4930 126.723 51.7928 106.055
 8241.39 469.206 41.6922 0.945606 1.16956
 52944.6 3860.15 110.23 9.28371 0.469586
 20740.3 13774.4 462.257 12.4076 1.09415
 19683.6 14236.3 4473.49 141.601 4.1228
 27816.8 360.598 32.899 8.57351 0.276435
 89059.2 4449.28 21.3114 1.78937 0.479175
 13084.6 18657.7 381.476 1.69833 0.180058
 99879.8 4074.25 2470.8 47.1418 0.231252
 146916 15822 218.574 120.986 2.30819
 96125.3 14503.5 484.904 6.06088 3.40024
 69068.7 18642.6 1155.77 35.9273 0.698169
 129248 21066 2554 148.505 4.68967
 10800.4 26904.2 1870.64 211.622 12.6459
 37649.7 3649.02 4212.55 275.533 32.9236
 53772.5 8273.41 350.427 378.361 27.6038
 6629.85 14818.2 1078.63 43.0552 49.7183
 35366.8 2777.86 3058.27 210.633 18.061
 30334.1 8890.38 321.643 332.865 24.8076
 12946.6 10398.2 1487.56 50.8731 56.399
 26084.6 3330.5 1303.79 176.267 12.6711
 11330 17587.4 1164.22 433.389 62.633
 10960.1 2724.65 1820.15 112.533 47.7664
 36179.5 3723.66 405.429 253.45 22.2396
F
 0.200609 0.340328 0.353278 0.353987 0.354025
 0.696608 1.18178 1.22675 1.22921 1.22934
 0.697641 1.18353 1.22857 1.23103 1.23116
 1.04041 1.76503 1.83219 1.83587 1.83606
 1.13939 1.93295 2.0065 2.01052 2.01074
 0.352813 0.598539 0.621314 0.622561 0.622627
 0.785699 1.33292 1.38364 1.38642 1.38656
 0.294762 0.500058 0.519086 0.520128 0.520183
 0.792638 1.34469 1.39586 1.39866 1.39881
 1.7897 3.03619 3.15172 3.15804 3.15838
 0.425344 0.721586 0.749044 0.750547 0.750626
 0.608913 1.03301 1.07232 1.07447 1.07458
 0.51294 0.870192 0.903304 0.905117 0.905212
 2.80663 4.76138 4.94256 4.95248 4.953
 1.02658 1.74157 1.80784 1.81147 1.81166
 0.834733 1.41611 1.46999 1.47294 1.4731
 0.748628 1.27003 1.31836 1.321 1.32114
 1.17595 1.99497 2.07088 2.07503 2.07525
 1.34238 2.27732 2.36398 2.36872 2.36897
 0.830077 1.40821 1.46179 1.46473 1.46488
 0.650162 1.10299 1.14496 1.14725 1.14737
 0.758805 1.2873 1.33628 1.33896 1.3391
 0.587863 0.997296 1.03524 1.03732 1.03743
 0.712107 1.20807 1.25404 1.25656 1.25669
 0.554283 0.940328 0.976109 0.978068 0.978171
 0.464034 0.787224 0.817179 0.818819 0.818906
 0.608415 1.03216 1.07144 1.07359 1.0737
 0.487558 0.827131 0.858605 0.860327 0.860418
 0.496851 0.842898 0.874971 0.876727 0.87682
 0.348829 0.591781 0.614299 0.615532 0.615597
 0.737982 1.25197 1.29961 1.30222 1.30235
 0.691739 1.17352 1.21817 1.22062 1.22075
 1.10478 1.87423 1.94555 1.94946 1.94966
YTP_r0W_actual
 272794 64977.8 9758.68 7938.04 783.947
YTP_p0W_proyectada
 0 0 0 0 0
 0 0 0 0 0
 0 0 0 0 0
 0 0 0 0 0
 0 0 0 0 0
 0 0 0 0 0
CTP_r0_actual
 36179.5 3723.66 405.429 253.45 22.2396
CTP_p0_proyectada
 0 0 0 0 0
 0 0 0 0 0
 0 0 0 0 0
 0 0 0 0 0
 0 0 0 0 0
 0 0 0 0 0
Wmedp
 7.54 17.45 24.07 31.32 35.25
Frms_r0
 1.10478 1.87423 1.94555 1.94946 1.94966
Zrms_r0
 2.10478 2.87423 2.94555 2.94946 2.94966
nmprior
 7.29 8.9 8.7 0
nm_flota  nm_reclas  nm_pelaces    nm_pelaL
inf 11.8099 5.30987 10.3542
cv_recla  cv_pelaces  cv_mph
0.565823 0.543621 0.324066
 ------------------------------------------------
Talla a la edad & desviaci?n 
 8 13.2811 15.8009 17.003 17.5766
 0.8 1.32811 1.58009 1.7003 1.75766
