years
 1991 1992 1993 1994 1995 1996 1997 1998 1999 2000 2001 2002 2003 2004 2005 2006 2007 2008 2009 2010 2011 2012 2013 2014 2015 2016 2017 2018 2019 2020 2021 2022 2023
reclasobs
 0 0 0 0 0 0 0 0 0 252601 567819 844713 477998 351125 339783 2.1784e+06 2.13404e+06 4.81314e+06 1.55562e+06 2.62356e+06 3.21686e+06 3.843e+06 1.13348e+06 3.07943e+06 1.97215e+06 2.03268e+06 2.025e+06 2.42433e+06 2.27542e+06 1.05018e+06 2.36338e+06 3.18982e+06 1.53035e+06
reclaspred
 3.25888e+06 1.74386e+06 917612 1.09765e+06 1.2253e+06 2.01832e+06 1.09735e+06 998084 684989 456391 769182 1.22992e+06 865945 140048 715717 1.41374e+06 1.10725e+06 1.49432e+06 1.70391e+06 2.16336e+06 3.87676e+06 3.04904e+06 2.18677e+06 2.85537e+06 2.5382e+06 2.23146e+06 2.53869e+06 2.73793e+06 2.4886e+06 2.38354e+06 1.50554e+06 1.18619e+06 1.48519e+06
pelacesobs
 0 0 0 0 0 0 0 0 0 0 0 0 0 0 0 552880 188675 0 991730 2.46772e+06 1.41603e+06 1.21717e+06 2.29649e+06 1.80582e+06 0 1.4828e+06 1.56532e+06 1.57751e+06 1.42118e+06 867257 1.10002e+06 1.06204e+06 0
pelacespred
 1.81148e+06 1.04891e+06 522379 517744 649183 1.10333e+06 533917 650786 407372 245092 439276 618137 466784 44933.4 389579 641666 522803 720620 838086 975620 2.02135e+06 1.66301e+06 1.2588e+06 1.74528e+06 1.44375e+06 1.3087e+06 1.71834e+06 1.64778e+06 1.40018e+06 1.50136e+06 877967 694414 794264
mphobs
 0 0 0 0 0 0 0 0 0 0 0 0 498337 0 5186 125008 0 168611 109162 213762 579715 649985 157893 87575 83554 210694 70296 0 107559 103333 445601 22526 28222
mphpred
 830524 575294 267898 159775 208248 273956 346625 182922 172538 104208 64312.2 170522 237137 83381.5 7292.78 107445 257374 181178 176632 247677 524683 619820 121930 92338.1 116251 119655 95714 101107 141859 123025 96704.6 59513.7 35784
desembarqueobs
 494567 514787 250237 358949 120608 361735 552515 73892 212993 205616 52469 317467 293654 387597 252695 516296 358380 742168 942051 627588 828172 859565 418607 520667 417249 300574 415391 372974 316634 284311 391294 218835 356480
desembarquepred
 494572 513853 250765 359008 120617 361773 552629 73900.2 213092 205706 52470.8 317438 293972 388508 252632 516203 358476 742164 941296 627274 828321 859550 418690 520824 417164 300648 415453 372952 316558 284177 391649 218948 356542
Reclutas
 170264 81683.9 94872.6 147581 125288 193618 78495.2 37062.2 32547.9 44314.8 106979 168736 55231.5 22253.3 98062.9 290080 55166.5 236496 356773 374847 342804 448082 77292 194935 289463 73159.7 196281 227337 136290 145004 58022.7 48686.9 161046
log_desv_Rt
 0.348486 -0.386006 -0.236328 0.205517 0.0417483 0.477026 -0.425825 -1.17626 -1.30615 -0.997544 -0.116232 0.339471 -0.777329 -1.68637 -0.203254 0.881293 -0.778506 0.677069 1.08824 1.13765 1.0483 1.31611 -0.441272 0.483804 0.879165 -0.496218 0.490684 0.637571 0.125924 0.187896 -0.72803 -0.903452 0.292829
SSB
 1.46835e+06 1.01711e+06 473639 282480 368178 484349 612827 323403 305044 184238 113703 301481 399231 140868 12372.4 182662 455033 320319 327289 401487 871541 1.08656e+06 994779 727341 851181 929831 701245 710635 1.03492e+06 843312 765682 485872 268207
BT
 2.2136e+06 1.53454e+06 755247 830346 760008 1.45873e+06 1.03433e+06 733681 630540 449735 511834 911621 733699 431670 674233 1.12015e+06 814924 1.42289e+06 1.7965e+06 1.54127e+06 2.783e+06 2.5264e+06 1.62989e+06 2.31707e+06 1.86913e+06 1.57561e+06 2.22939e+06 2.08418e+06 1.67139e+06 1.79875e+06 1.25019e+06 896246 1.16013e+06
Ftot
 0.292847 0.532397 0.521805 0.752332 0.217364 0.420852 0.9289 0.157925 0.647974 0.942125 0.189546 0.611235 0.654718 3.61851 1.10416 1.00958 0.639501 1.19768 1.40618 0.759552 0.493739 0.633603 0.367892 0.431297 0.376118 0.264264 0.390645 0.342856 0.25182 0.256658 0.501985 0.369282 0.622068
BD_Bspro_t
 0.954657 0.72354 0.491801 0.408396 0.4462 0.560956 0.545118 0.355414 0.42413 0.351382 0.309675 0.62462 0.543575 0.239064 0.034477 0.327333 0.423365 0.318233 0.283438 0.29234 0.404948 0.452142 0.464217 0.430332 0.511003 0.586303 0.566948 0.60088 0.67266 0.634078 0.623175 0.501706 0.469188
BD_Bspro
 1.69613 1.17489 0.547112 0.3263 0.425292 0.559484 0.707892 0.373571 0.352364 0.212818 0.131341 0.348248 0.461161 0.162721 0.0142916 0.210997 0.52562 0.370009 0.378059 0.463768 1.00674 1.25511 1.14909 0.840169 0.98322 1.07407 0.810025 0.820872 1.19547 0.974131 0.884459 0.561242 0.309812
BD_Bo
 2.49566 1.72871 0.805012 0.480113 0.625768 0.823215 1.04158 0.549666 0.518463 0.313136 0.193253 0.512406 0.678545 0.239424 0.0210285 0.310457 0.773388 0.544425 0.55627 0.68238 1.4813 1.84675 1.69076 1.23621 1.44669 1.58037 1.19186 1.20782 1.75899 1.43332 1.30138 0.825802 0.455852
BD_Brms
 2.67332 1.85178 0.86232 0.514292 0.670316 0.881819 1.11573 0.588797 0.555372 0.335428 0.207011 0.548884 0.72685 0.256469 0.0225255 0.332559 0.828445 0.583182 0.59587 0.730958 1.58675 1.97822 1.81112 1.32422 1.54968 1.69288 1.27671 1.2938 1.88421 1.53536 1.39402 0.884591 0.488304
Sel_flota
 0.496242 0.949281 0.997196 0.999852 0.999992
 0.496242 0.949281 0.997196 0.999852 0.999992
 0.496242 0.949281 0.997196 0.999852 0.999992
 0.496242 0.949281 0.997196 0.999852 0.999992
 0.496242 0.949281 0.997196 0.999852 0.999992
 0.496242 0.949281 0.997196 0.999852 0.999992
 0.496242 0.949281 0.997196 0.999852 0.999992
 0.496242 0.949281 0.997196 0.999852 0.999992
 0.496242 0.949281 0.997196 0.999852 0.999992
 0.496242 0.949281 0.997196 0.999852 0.999992
 0.496242 0.949281 0.997196 0.999852 0.999992
 0.496242 0.949281 0.997196 0.999852 0.999992
 0.496242 0.949281 0.997196 0.999852 0.999992
 0.496242 0.949281 0.997196 0.999852 0.999992
 0.496242 0.949281 0.997196 0.999852 0.999992
 0.496242 0.949281 0.997196 0.999852 0.999992
 0.496242 0.949281 0.997196 0.999852 0.999992
 0.496242 0.949281 0.997196 0.999852 0.999992
 0.496242 0.949281 0.997196 0.999852 0.999992
 0.496242 0.949281 0.997196 0.999852 0.999992
 0.496242 0.949281 0.997196 0.999852 0.999992
 0.496242 0.949281 0.997196 0.999852 0.999992
 0.496242 0.949281 0.997196 0.999852 0.999992
 0.496242 0.949281 0.997196 0.999852 0.999992
 0.496242 0.949281 0.997196 0.999852 0.999992
 0.496242 0.949281 0.997196 0.999852 0.999992
 0.496242 0.949281 0.997196 0.999852 0.999992
 0.496242 0.949281 0.997196 0.999852 0.999992
 0.496242 0.949281 0.997196 0.999852 0.999992
 0.496242 0.949281 0.997196 0.999852 0.999992
 0.496242 0.949281 0.997196 0.999852 0.999992
 0.496242 0.949281 0.997196 0.999852 0.999992
 0.496242 0.949281 0.997196 0.999852 0.999992
Sel_reclas
 1 1 1 1 1
 1 1 1 1 1
 1 1 1 1 1
 1 1 1 1 1
 1 1 1 1 1
 1 1 1 1 1
 1 1 1 1 1
 1 1 1 1 1
 1 1 1 1 1
 1 1 1 1 1
 1 1 1 1 1
 1 1 1 1 1
 1 1 1 1 1
 1 1 1 1 1
 1 1 1 1 1
 1 1 1 1 1
 1 1 1 1 1
 1 1 1 1 1
 1 1 1 1 1
 1 1 1 1 1
 1 1 1 1 1
 1 1 1 1 1
 1 1 1 1 1
 1 1 1 1 1
 1 1 1 1 1
 1 1 1 1 1
 1 1 1 1 1
 1 1 1 1 1
 1 1 1 1 1
 1 1 1 1 1
 1 1 1 1 1
 1 1 1 1 1
 1 1 1 1 1
Sel_pelaces
 0.871536 0.971545 0.994214 0.998845 0.99977
 0.871536 0.971545 0.994214 0.998845 0.99977
 0.871536 0.971545 0.994214 0.998845 0.99977
 0.871536 0.971545 0.994214 0.998845 0.99977
 0.871536 0.971545 0.994214 0.998845 0.99977
 0.871536 0.971545 0.994214 0.998845 0.99977
 0.871536 0.971545 0.994214 0.998845 0.99977
 0.871536 0.971545 0.994214 0.998845 0.99977
 0.871536 0.971545 0.994214 0.998845 0.99977
 0.871536 0.971545 0.994214 0.998845 0.99977
 0.871536 0.971545 0.994214 0.998845 0.99977
 0.871536 0.971545 0.994214 0.998845 0.99977
 0.871536 0.971545 0.994214 0.998845 0.99977
 0.871536 0.971545 0.994214 0.998845 0.99977
 0.871536 0.971545 0.994214 0.998845 0.99977
 0.871536 0.971545 0.994214 0.998845 0.99977
 0.871536 0.971545 0.994214 0.998845 0.99977
 0.871536 0.971545 0.994214 0.998845 0.99977
 0.871536 0.971545 0.994214 0.998845 0.99977
 0.871536 0.971545 0.994214 0.998845 0.99977
 0.871536 0.971545 0.994214 0.998845 0.99977
 0.871536 0.971545 0.994214 0.998845 0.99977
 0.871536 0.971545 0.994214 0.998845 0.99977
 0.871536 0.971545 0.994214 0.998845 0.99977
 0.871536 0.971545 0.994214 0.998845 0.99977
 0.871536 0.971545 0.994214 0.998845 0.99977
 0.871536 0.971545 0.994214 0.998845 0.99977
 0.871536 0.971545 0.994214 0.998845 0.99977
 0.871536 0.971545 0.994214 0.998845 0.99977
 0.871536 0.971545 0.994214 0.998845 0.99977
 0.871536 0.971545 0.994214 0.998845 0.99977
 0.871536 0.971545 0.994214 0.998845 0.99977
 0.871536 0.971545 0.994214 0.998845 0.99977
pf_obs 
 0.8446 0.082 0.0669 0.0065 0
 0.8095 0.147 0.0364 0.0071 0
 0.9664 0.0169 0.016 0.0007 0
 0.9276 0.0648 0.0075 0.0001 0
 0.7033 0.2144 0.0806 0.0017 0
 0.9318 0.0425 0.0243 0.0014 0
 0.5671 0.3108 0.0964 0.0239 0.0018
 0.0768 0.2599 0.5324 0.112 0.0189
 0.490249 0.384438 0.106611 0.0170017 0.00170017
 0.7925 0.1577 0.0466 0.003 0.0002
 0.840416 0.127587 0.0312969 0.00059994 9.999e-05
 0.8084 0.0986 0.0794 0.0134 0.0002
 0.7335 0.1905 0.0724 0.0035 0.0001
 0.4001 0.4547 0.1325 0.0127 0
 0.49795 0.308269 0.164784 0.0264974 0.00249975
 0.9179 0.0499 0.0305 0.0017 0
 0.2467 0.6533 0.0926 0.0074 0
 0.9418 0.0223 0.034 0.0019 0
 0.707729 0.231977 0.0356964 0.0245975 0
 0.517169 0.277429 0.184464 0.0207286 0.00020938
 0.811772 0.124168 0.05621 0.00726502 0.000585176
 0.764997 0.148141 0.077277 0.00933861 0.000247198
 0.163321 0.427699 0.378323 0.0303852 0.000271297
 0.753843 0.0900009 0.118128 0.0371064 0.000921714
 0.721811 0.176058 0.0630433 0.0369309 0.00215725
 0.143369 0.312575 0.442814 0.0836902 0.0175525
 0.692698 0.0596174 0.167031 0.0765114 0.00414204
 0.394062 0.376323 0.152708 0.0712218 0.00568511
 0.125707 0.32114 0.495352 0.0537591 0.00404204
 0.23352 0.215282 0.420074 0.123614 0.00750983
 0.796117 0.104755 0.0508955 0.0450114 0.00322123
 0.162477 0.292055 0.404252 0.121198 0.0200186
 0 0 0 0 0
pf_pred 
 0.480533 0.146583 0.349336 0.0235474 1.03952e-06
 0.362588 0.418826 0.0641803 0.144682 0.00972354
 0.565958 0.24018 0.130208 0.0187352 0.0449186
 0.706912 0.217136 0.0432254 0.0220065 0.01072
 0.607148 0.332918 0.0452108 0.00839337 0.00633014
 0.664767 0.252083 0.0710345 0.00914638 0.00296985
 0.400624 0.483609 0.0883343 0.0234465 0.00398606
 0.403626 0.368465 0.186549 0.031591 0.00976986
 0.462586 0.306401 0.14556 0.0699812 0.0154719
 0.674023 0.216037 0.0645142 0.0286617 0.0167643
 0.82571 0.145632 0.0194856 0.0053922 0.00378069
 0.711942 0.259973 0.02367 0.00300478 0.00141038
 0.373348 0.529257 0.0884515 0.00754195 0.00140169
 0.408112 0.34171 0.213498 0.0333232 0.0033568
 0.973825 0.0215877 0.00285275 0.00148207 0.000252032
 0.894673 0.104245 0.000905117 0.000110136 6.66448e-05
 0.322284 0.646849 0.030574 0.000245319 4.77035e-05
 0.839 0.0827967 0.0748623 0.00330938 3.16009e-05
 0.818725 0.169466 0.00632739 0.00524914 0.000233159
 0.759944 0.22259 0.0164256 0.000558714 0.000481618
 0.644959 0.311988 0.0401197 0.00275958 0.000174094
 0.677824 0.255919 0.0586507 0.00708976 0.000516677
 0.228019 0.635765 0.109653 0.0235233 0.00303974
 0.636644 0.137041 0.188266 0.030648 0.00740098
 0.688301 0.246132 0.0256631 0.0332136 0.00669058
 0.271225 0.597094 0.105266 0.0103586 0.0160558
 0.664814 0.142598 0.159336 0.0265977 0.00665374
 0.631733 0.297213 0.0312566 0.0329448 0.00685314
 0.451059 0.426532 0.0998879 0.00992439 0.012597
 0.526608 0.293315 0.141601 0.0314144 0.00706152
 0.327814 0.464517 0.131352 0.0600489 0.0162679
 0.455395 0.278572 0.187384 0.049808 0.0288405
 0.800168 0.12722 0.0382101 0.0242543 0.0101473
pobs_RECLAS
 0 0 0 0 0
 0 0 0 0 0
 0 0 0 0 0
 0 0 0 0 0
 0 0 0 0 0
 0 0 0 0 0
 0 0 0 0 0
 0 0 0 0 0
 0 0 0 0 0
 0 0 0 0 0
 0.991045 0.00858322 0.000360255 1.14367e-05 0
 0.934742 0.0480273 0.0164251 0.00080598 0
 0.827803 0.169806 0.00239088 0 0
 0.941827 0.0461693 0.0120037 0 0
 0.791401 0.0380133 0.147996 0.0225897 0
 0.846168 0.0940531 0.0597789 0 0
 0.134021 0.677848 0.182769 0.00536245 0
 0.80878 0.0450904 0.141981 0.00414843 0
 0.846168 0.0940531 0.0597789 0 0
 0.905697 0.0802665 0.012482 0.00150086 5.37128e-05
 0.989698 0.0102097 9.19794e-05 0 0
 0.975433 0.0193895 0.00387452 0.00125025 5.28907e-05
 0.303575 0.632131 0.0575291 0.00676475 0
 0.966965 0.00978017 0.0227588 0.000495775 0
 0.843318 0.132988 0.00938335 0.0141283 0.000182051
 0.564624 0.303363 0.111486 0.0197234 0.00080311
 0.826376 0.0876187 0.0782897 0.00655872 0.00115652
 0.89761 0.0855135 0.0140674 0.00269457 0.000114338
 0.34875 0.467042 0.161289 0.0227151 0.000203297
 0.318654 0.224769 0.449479 0.00709798 0
 0.937255 0.0296025 0.0250945 0.00804832 0
 0.456809 0.399803 0.12412 0.0192676 0
 0.883104 0.0372192 0.0704036 0.00927362 0
ppred_RECLAS
 0.650234 0.102341 0.23184 0.0155847 6.87901e-07
 0.532399 0.312925 0.0455064 0.102295 0.00687385
 0.723872 0.156419 0.0804802 0.0115473 0.0276812
 0.82996 0.127763 0.0240919 0.0122294 0.0059564
 0.750424 0.213115 0.0275225 0.00509567 0.00384252
 0.796739 0.154788 0.0414267 0.00531924 0.00172692
 0.577492 0.344567 0.059515 0.0157491 0.00267704
 0.570465 0.270469 0.130263 0.0219998 0.00680271
 0.635617 0.212584 0.0957505 0.0459015 0.0101467
 0.810177 0.128212 0.0362005 0.0160339 0.0093768
 0.902061 0.0825094 0.0105002 0.00289782 0.00203149
 0.830718 0.153557 0.0132596 0.00167841 0.000787693
 0.543404 0.388785 0.0616001 0.00523727 0.000973215
 0.67422 0.195985 0.110854 0.0172078 0.00173292
 0.987211 0.0106546 0.00132891 0.000688238 0.000117018
 0.945392 0.0540783 0.000443633 5.38159e-05 3.25594e-05
 0.485455 0.492272 0.0220619 0.000176511 3.43182e-05
 0.917392 0.0436986 0.037252 0.00164151 1.56719e-05
 0.905565 0.088635 0.00311217 0.00257321 0.000114278
 0.863845 0.126737 0.00885837 0.00030043 0.000258934
 0.781824 0.19291 0.0235486 0.0016152 0.000101883
 0.807972 0.154188 0.0335068 0.00403869 0.00029428
 0.367065 0.525931 0.0861836 0.0184375 0.00238219
 0.779431 0.0859038 0.112078 0.0181944 0.00439299
 0.812954 0.149319 0.0147914 0.0190902 0.00384498
 0.420889 0.478782 0.0802486 0.00787524 0.0122048
 0.799202 0.0879778 0.093386 0.0155456 0.00388834
 0.771002 0.186659 0.0186539 0.0196072 0.00407807
 0.616419 0.301386 0.0671071 0.00664928 0.00843873
 0.686869 0.197763 0.0907714 0.0200829 0.0045137
 0.492935 0.356106 0.0955826 0.0435735 0.0118028
 0.625281 0.19654 0.125608 0.0332951 0.0192762
 0.889764 0.0715582 0.0203814 0.0129003 0.00539628
pobs_PELACES
 0 0 0 0 0
 0 0 0 0 0
 0 0 0 0 0
 0 0 0 0 0
 0 0 0 0 0
 0 0 0 0 0
 0 0 0 0 0
 0 0 0 0 0
 0 0 0 0 0
 0 0 0 0 0
 0 0 0 0 0
 0 0 0 0 0
 0 0 0 0 0
 0 0 0 0 0
 0 0 0 0 0
 0 0 0 0 0
 0.505614 0.472636 0.0217494 0 0
 0 0 0 0 0
 0.443492 0.261883 0.143347 0.151278 0
 0.227955 0.32914 0.350689 0.0885471 0.00366901
 0.970185 0.0296113 0.000203453 0 0
 0.997202 0.00247181 0.000326279 0 0
 0.445219 0.490057 0.0546422 0.010081 0
 0.90214 0.0892962 0.00764917 0.000914606 0
 0 0 0 0 0
 0.581667 0.319106 0.0959925 0.00289975 0.000334073
 0.762889 0.0836404 0.116647 0.0363945 0.000428098
 0.88444 0.0763242 0.0277011 0.0115352 0
 0.521256 0.241999 0.230069 0.00667565 0
 0.616807 0.101726 0.260614 0.0208532 0
 0.833518 0.0704572 0.0857862 0.0102388 0
 0.697417 0.212968 0.0787535 0.0105354 0.000325836
 0 0 0 0 0
ppred_PELACES
 0.632265 0.10618 0.245012 0.0165426 7.3085e-07
 0.523701 0.316881 0.0467616 0.105557 0.00709943
 0.716261 0.159587 0.0833355 0.0120072 0.0288096
 0.830044 0.127285 0.0242715 0.0123698 0.00603014
 0.735299 0.225338 0.0296779 0.00551929 0.00416577
 0.788554 0.160363 0.043629 0.00562604 0.00182818
 0.584435 0.338321 0.0589278 0.0156536 0.00266315
 0.547541 0.282637 0.138952 0.0235733 0.00729597
 0.631491 0.213701 0.0974957 0.0469291 0.0103831
 0.814597 0.124824 0.035533 0.0157986 0.0092473
 0.894411 0.0886492 0.0115102 0.00319084 0.00223896
 0.828091 0.155734 0.013629 0.00173228 0.000813707
 0.54025 0.390705 0.0626964 0.00535224 0.000995469
 0.763698 0.144071 0.0787542 0.012243 0.00123387
 0.98789 0.0100768 0.00126391 0.000656987 0.000111802
 0.947531 0.0519555 0.000429257 5.22683e-05 3.16509e-05
 0.482062 0.495238 0.0224843 0.000180627 3.51498e-05
 0.922431 0.0409506 0.0350539 0.00155022 1.48132e-05
 0.913891 0.0808085 0.00283973 0.00235597 0.00010472
 0.864331 0.126186 0.00891785 0.000303654 0.000261946
 0.775512 0.198132 0.0245579 0.00169154 0.000106795
 0.805386 0.155847 0.0343119 0.00415269 0.000302859
 0.353991 0.535142 0.0892185 0.0191695 0.00247902
 0.769909 0.0886845 0.117601 0.0191727 0.00463339
 0.804221 0.155662 0.0156859 0.0203323 0.00409888
 0.403303 0.491611 0.0839698 0.00827689 0.012839
 0.789369 0.0913713 0.09864 0.016491 0.00412857
 0.76003 0.194869 0.0198209 0.0209246 0.00435605
 0.598466 0.314133 0.071293 0.00709538 0.00901311
 0.669926 0.206924 0.0967988 0.0215114 0.00483917
 0.483291 0.361064 0.0983905 0.0450426 0.0122117
 0.610571 0.202448 0.131631 0.0350429 0.0203065
 0.887685 0.0725155 0.0209292 0.0133014 0.00556907
pobs_pel_tallas
 0 0 0 0 0 0 0 0 0 0 0 0 0 0 0 0 0 0 0 0 0 0 0 0 0 0
 0 0 0 0 0 0 0 0 0 0 0 0 0 0 0 0 0 0 0 0 0 0 0 0 0 0
 0 0 0 0 0 0 0 0 0 0 0 0 0 0 0 0 0 0 0 0 0 0 0 0 0 0
 0 0 0 0 0 0 0 0 0 0 0 0 0 0 0 0 0 0 0 0 0 0 0 0 0 0
 0 0 0 0 0 0 0 0 0 0 0 0 0 0 0 0 0 0 0 0 0 0 0 0 0 0
 0 0 0 0 0 0 0 0 0 0 0 0 0 0 0 0 0 0 0 0 0 0 0 0 0 0
 0 0 0 0 0 0 0 0 0 0 0 0 0 0 0 0 0 0 0 0 0 0 0 0 0 0
 0 0 0 0 0 0 0 0 0 0 0 0 0 0 0 0 0 0 0 0 0 0 0 0 0 0
 0 0 0 0 0 0 0 0 0 0 0 0 0 0 0 0 0 0 0 0 0 0 0 0 0 0
 0 0 0 0 0 0 0 0 0 0 0 0 0 0 0 0 0 0 0 0 0 0 0 0 0 0
 0 0 0 0 0 0 0 0 0 0 0 0 0 0 0 0 0 0 0 0 0 0 0 0 0 0
 0 0 0 0 0 0 0 0 0 0 0 0 0 0 0 0 0 0 0 0 0 0 0 0 0 0
 0.00862536 0 0 0.000197151 0.00414017 0.0128641 0.00837892 0.0270097 0.101434 0.158115 0.152841 0.127902 0.109271 0.109419 0.0830992 0.0579132 0.0238553 0.00714673 0.00463305 0.00128148 0.00103504 0.000492878 0.000147863 0.000147863 4.92878e-05 0
 0 0 0 0 0 0 0 0 0 0 0 0 0 0 0 0 0 0 0 0 0 0 0 0 0 0
 0 0 0 0 0 0 0 0.0054083 0.00873648 0.0413646 0.0450493 0.0745869 0.0622846 0.0627006 0.0613931 0.0827291 0.12552 0.122667 0.0946155 0.0697135 0.0546179 0.0294188 0.0215738 0.0213955 0.0102223 0.00600262
 0 0 0 0 0.00359764 0.0251062 0.0480494 0.140153 0.205849 0.193036 0.1447 0.116669 0.0760912 0.0342217 0.00950174 0.001854 0.000860785 0 0 0 0.000165536 0 0.000143464 0 0 0
 0 0 0 0 0 0 0 0.000145254 0.000435761 0.0275982 0.070085 0.0708112 0.156366 0.174668 0.174014 0.160142 0.0824315 0.0480064 0.0283245 0.00493863 0.00203355 0 0 0 0 0
 0 0 0 0 0 0 0 0 0 0 0 0 0 0 0 0 0 0 0 0 0 0 0 0 0 0
 0 0 1.00437e-05 0.000401748 0.00122533 0.00171747 0.00176769 0.0269171 0.070346 0.194647 0.189555 0.159765 0.064822 0.0314167 0.0384472 0.0292271 0.0345202 0.0313363 0.0194345 0.0106764 0.0143323 0.0359363 0.0279516 0.0138201 0.00172751 0
 0 0.0021121 0.0136068 0.0755702 0.200478 0.177729 0.0527432 0.0373336 0.0318909 0.0142505 0.0149659 0.0166563 0.0217959 0.0798694 0.0677717 0.0528807 0.04013 0.0224614 0.0357745 0.0225083 0.00881397 0.00855152 0.00135912 0.000746735 0 0
 0 0 0 0 5.4009e-05 0.00500934 0.000945158 0.0243581 0.138947 0.33067 0.221406 0.137944 0.0707744 0.0437923 0.0131692 0.00525238 0.0047753 0.00276346 9.45158e-05 9.00151e-06 2.25038e-05 9.00151e-06 4.50075e-06 0 0 0
 0.000866109 0.00284123 0.00948549 0.0512746 0.133035 0.25785 0.225252 0.132002 0.0553304 0.0519788 0.0540692 0.017754 0.00435017 0.00159236 0.00146478 0.000404838 0.000125132 0.000115318 0.000107957 0.000100596 0 0 0 0 0 0
 0 0 0 0 0.00144013 0.00171154 0.00461396 0.0210425 0.0478622 0.0707936 0.0888783 0.103762 0.0637923 0.0337046 0.0602308 0.124433 0.169614 0.0934646 0.0462172 0.0250306 0.0313229 0.00938855 0.002487 0.000210481 0 0
 0 0.00764035 0.051015 0.0998891 0.058973 0.0496711 0.0374665 0.0718981 0.12319 0.153886 0.159021 0.0857701 0.0377988 0.023471 0.0147837 0.00900784 0.00315554 0.000888139 0.00291439 0.00214683 0.00393193 0.00274676 0.000635225 9.99891e-05 0 0
 0 0 0 0 0 0 0 0 0 0 0 0 0 0 0 0 0 0 0 0 0 0 0 0 0 0
 0 0 0 0 0 0 0 0 0 0 0 0 0 0 0 0 0 0 0 0 0 0 0 0 0 0
 0 0 0 0 0 0 0 0 0 0 0 0 0 0 0 0 0 0 0 0 0 0 0 0 0 0
 0 0 0 0 0 0 0 0 0 0 0 0 0 0 0 0 0 0 0 0 0 0 0 0 0 0
 0 0 0 0 0 0 0 0 0 0 0 0 0 0 0 0 0 0 0 0 0 0 0 0 0 0
 0 0 0 0 0 0 0 0 0 0 0 0 0 0 0 0 0 0 0 0 0 0 0 0 0 0
 0 0 0 0 0 0 0 0 0 0 0 0 0 0 0 0 0 0 0 0 0 0 0 0 0 0
 0 0 0 0 0 0 0 0 0 0 0 0 0 0 0 0 0 0 0 0 0 0 0 0 0 0
 0 0 0 0 0 0 0 0 0 0 0 0 0 0 0 0 0 0 0 0 0 0 0 0 0 0
ppred_pel_tallas
 1.08757e-16 5.20788e-05 0.000506225 0.00336404 0.0152925 0.0475806 0.101376 0.147963 0.147974 0.101428 0.047756 0.0158037 0.00466447 0.00340201 0.00571822 0.00980422 0.0151246 0.0211097 0.0271355 0.0327895 0.0378904 0.042179 0.0450202 0.04551 0.0429912 0.0375654
 1.13218e-16 4.31366e-05 0.000419303 0.00278642 0.0126667 0.0394109 0.0839702 0.122563 0.122594 0.0841196 0.0399128 0.0141169 0.00642916 0.00837982 0.015188 0.0251157 0.0363682 0.0461804 0.0518091 0.0521083 0.0482553 0.0429368 0.038631 0.0363091 0.0353423 0.0343436
 1.08526e-16 5.89975e-05 0.000573477 0.00381095 0.0173241 0.0539016 0.114844 0.167621 0.167637 0.114919 0.0541561 0.0180604 0.00566435 0.00463616 0.00782418 0.0129719 0.0189887 0.0245324 0.0282729 0.0296076 0.0289841 0.0274984 0.0261081 0.025102 0.0241532 0.0227496
 1.02995e-16 6.83696e-05 0.000664577 0.00441635 0.0200761 0.0624642 0.133087 0.194247 0.194259 0.133147 0.0626658 0.0206585 0.0058789 0.00385977 0.00614396 0.0100688 0.0145461 0.0183978 0.0204766 0.020266 0.0181846 0.015288 0.0126118 0.01067 0.00940135 0.00845184
 1.02173e-16 6.05656e-05 0.000588719 0.00391225 0.0177845 0.0553344 0.117897 0.172078 0.1721 0.118003 0.0556906 0.0188135 0.00649486 0.00622599 0.010765 0.0176963 0.0254754 0.0320129 0.03522 0.0341324 0.0294794 0.0231833 0.0172074 0.0126497 0.0096023 0.00759338
 1.02174e-16 6.49522e-05 0.000631358 0.0041956 0.0190726 0.059342 0.126435 0.184539 0.184554 0.126511 0.0595963 0.0198074 0.00604164 0.00466641 0.00774324 0.0127373 0.0184324 0.0233659 0.0260842 0.0259037 0.0232904 0.0194972 0.0157684 0.0127479 0.0104365 0.008536
 1.03808e-16 4.81392e-05 0.00046793 0.00310956 0.0141356 0.0439814 0.0937082 0.136777 0.136809 0.0938676 0.0445167 0.0156822 0.00699268 0.00894783 0.0161619 0.0266659 0.0384629 0.0484818 0.053618 0.0524322 0.0459887 0.0370952 0.0285863 0.0219964 0.0173939 0.0140732
 1.07681e-16 4.51003e-05 0.000438391 0.00291326 0.0132433 0.041205 0.0877925 0.128141 0.128169 0.0879265 0.0416552 0.0145458 0.00619049 0.00761805 0.0137552 0.0228639 0.0333874 0.0429375 0.0490799 0.0506526 0.0483637 0.0441175 0.0396626 0.0356831 0.031888 0.0277246
 1.09332e-16 5.20151e-05 0.000505605 0.00335993 0.0152737 0.0475224 0.101252 0.147785 0.147806 0.101354 0.0478629 0.0162586 0.0058381 0.00593549 0.0104237 0.0173075 0.0253003 0.0326121 0.0374524 0.0390148 0.0379121 0.0356333 0.0334758 0.0318256 0.0302318 0.0280052
 1.04207e-16 6.70973e-05 0.00065221 0.00433416 0.0197025 0.0613018 0.13061 0.190632 0.190644 0.130669 0.0614999 0.0202751 0.00577314 0.00379921 0.00606084 0.009959 0.0144485 0.0184038 0.0207291 0.0209343 0.0194167 0.0171587 0.015089 0.0136126 0.0125894 0.0116364
 1.01054e-16 7.36714e-05 0.000716113 0.00475882 0.0216329 0.0673081 0.143407 0.209309 0.209317 0.143449 0.0674482 0.0220377 0.0057749 0.00293407 0.00428552 0.00696715 0.010027 0.0126048 0.0138786 0.0134724 0.0116765 0.00924934 0.00696166 0.00523889 0.00410614 0.00336471
 1.00745e-16 6.82088e-05 0.000663014 0.00440596 0.0200289 0.0623173 0.132774 0.193791 0.193806 0.132847 0.0625633 0.0207391 0.00618808 0.00455104 0.0074453 0.0121822 0.0174987 0.0219123 0.0239604 0.0229669 0.0194433 0.014749 0.0102917 0.00688805 0.00464906 0.00327007
 1.02615e-16 4.44998e-05 0.000432554 0.00287447 0.013067 0.0406564 0.0866241 0.126438 0.126476 0.0868082 0.0412744 0.0148521 0.00735564 0.010216 0.0186279 0.0307319 0.0442792 0.0557036 0.0613852 0.05963 0.0516536 0.0407208 0.0301727 0.0218895 0.0160734 0.0120126
 1.03747e-16 6.29048e-05 0.000611457 0.00406335 0.0184714 0.0574715 0.12245 0.178722 0.178736 0.122518 0.0577012 0.0191362 0.00573658 0.00427893 0.00707144 0.011704 0.0171171 0.0220735 0.0253379 0.0263131 0.0253358 0.0233321 0.0211406 0.0190702 0.0169658 0.0145803
 1.00124e-16 8.13712e-05 0.000790957 0.00525619 0.0238939 0.0743427 0.158395 0.231182 0.231183 0.1584 0.0743587 0.0239399 0.00537169 0.00104309 0.000560183 0.000797232 0.0011404 0.00143373 0.00157961 0.00153536 0.00133423 0.00106238 0.000807001 0.00061551 0.000489587 0.000405657
 1.00037e-16 7.80469e-05 0.000758644 0.00504145 0.0229177 0.0713056 0.151924 0.221739 0.221744 0.151949 0.0713875 0.0231542 0.00563447 0.00205136 0.00252772 0.00404105 0.00578021 0.00719804 0.00779584 0.00734589 0.00602709 0.00431315 0.00270225 0.00149458 0.000743485 0.000346039
 1.008e-16 3.97069e-05 0.000385965 0.00256488 0.0116596 0.0362775 0.0772949 0.112824 0.112872 0.0775277 0.037059 0.0139157 0.00822399 0.0127267 0.0234383 0.0385832 0.0553356 0.0690753 0.0751173 0.0712933 0.059264 0.0434519 0.0284851 0.01712 0.00982076 0.00564357
 1.01181e-16 7.59794e-05 0.000738547 0.0049079 0.0223106 0.0694166 0.1479 0.215865 0.215869 0.147919 0.0694823 0.0225009 0.00538782 0.00179331 0.00209994 0.00340528 0.0050229 0.00657466 0.00772038 0.00828623 0.00833408 0.00806273 0.00763186 0.00706688 0.00630709 0.00532187
 1.00357e-16 7.5276e-05 0.00073171 0.00486247 0.0221041 0.068774 0.146531 0.213867 0.213875 0.146569 0.0689015 0.0224722 0.0057858 0.00274519 0.00389295 0.00630022 0.00902998 0.011275 0.0122701 0.0116661 0.00974019 0.00721841 0.00485547 0.00309286 0.0019903 0.0013743
 1.00365e-16 7.11938e-05 0.000692029 0.00459878 0.0209054 0.0650445 0.138585 0.202271 0.202283 0.138644 0.0652437 0.0214806 0.00604188 0.0038398 0.00604188 0.00985591 0.0141439 0.0176861 0.0192908 0.0184066 0.0154502 0.0115329 0.00781219 0.0049696 0.00311139 0.00199861
 1.00948e-16 6.38779e-05 0.000620916 0.00412621 0.0187572 0.0583606 0.124344 0.181488 0.181507 0.124437 0.0586737 0.0196615 0.00639597 0.0055745 0.00946759 0.0155398 0.0223527 0.0280498 0.03078 0.0296803 0.0253816 0.0195749 0.0140053 0.00967508 0.0067163 0.00476617
 1.01498e-16 6.63386e-05 0.000644835 0.00428516 0.0194797 0.0606087 0.129134 0.188478 0.188493 0.129207 0.0608555 0.0201929 0.00607612 0.00455737 0.00750519 0.0123238 0.0177951 0.0224771 0.0249402 0.0245132 0.0216623 0.0176428 0.0137211 0.0105817 0.0082663 0.00649339
 1.05054e-16 2.91579e-05 0.000283425 0.00188346 0.00856197 0.0266398 0.0567607 0.0828548 0.0829064 0.0570129 0.0274864 0.0110077 0.00802358 0.0136906 0.0255013 0.0421372 0.0607534 0.0765136 0.0844905 0.0823918 0.0718967 0.0574629 0.0436146 0.0328385 0.0253065 0.0199523
 1.06124e-16 6.34164e-05 0.00061643 0.00409639 0.0186216 0.0579388 0.123445 0.180173 0.180182 0.123488 0.0580826 0.019039 0.00515229 0.00294852 0.00457188 0.00766537 0.0115207 0.0155007 0.0189731 0.0216088 0.0234813 0.0248208 0.0256574 0.0257011 0.0245618 0.0220897
 1.03226e-16 6.62427e-05 0.000643902 0.00427896 0.0194515 0.060521 0.128947 0.188205 0.18822 0.12902 0.0607671 0.0201623 0.00606289 0.00453807 0.00746179 0.0122316 0.0176183 0.0221734 0.0244782 0.0239039 0.0209956 0.017109 0.0135898 0.0111298 0.00967275 0.00875166
 1.05552e-16 3.32197e-05 0.000322907 0.00214583 0.00975467 0.0303507 0.064667 0.0943934 0.0944408 0.0648987 0.0311285 0.0120016 0.00778691 0.0126407 0.0234364 0.0387171 0.0558265 0.070319 0.0776711 0.0757812 0.0661983 0.0530262 0.0404311 0.0307048 0.0240018 0.0193217
 1.05223e-16 6.50193e-05 0.000632011 0.00419993 0.0190923 0.0594033 0.126565 0.184728 0.184737 0.126609 0.0595506 0.0195197 0.00527946 0.00301072 0.00464749 0.00774986 0.0115536 0.0153569 0.0184681 0.0205382 0.0216886 0.0222687 0.0224665 0.0221347 0.0209595 0.0187764
 1.03458e-16 6.26027e-05 0.000608521 0.00404383 0.0183827 0.0571955 0.121862 0.177865 0.177883 0.121953 0.0575035 0.0192723 0.00627669 0.00548228 0.00931737 0.0153018 0.0220339 0.0277099 0.0305457 0.0297428 0.0259739 0.0209334 0.0163164 0.0130151 0.0109979 0.00972071
 1.04375e-16 4.92949e-05 0.000479164 0.00318421 0.014475 0.0450372 0.0959577 0.140059 0.14009 0.0961059 0.0455348 0.0159128 0.00679528 0.00836872 0.0150522 0.0248562 0.0359174 0.0454076 0.0504653 0.0497546 0.0442286 0.0364227 0.0288777 0.0229428 0.0186512 0.0153745
 1.05823e-16 5.5181e-05 0.000536379 0.00356443 0.0162034 0.0504148 0.107415 0.156779 0.156799 0.107513 0.0507444 0.0171565 0.00596236 0.00578883 0.0100827 0.0167181 0.0243973 0.0313506 0.0357941 0.0368846 0.0351578 0.0320319 0.0288091 0.0259969 0.0233665 0.0204776
 1.09516e-16 3.98082e-05 0.000386949 0.00257142 0.0116893 0.03637 0.0774913 0.113108 0.113143 0.0776619 0.0369427 0.0133448 0.00673136 0.00948278 0.017358 0.0287488 0.0416854 0.0530109 0.0595333 0.0598003 0.0549342 0.0477721 0.0410317 0.0359584 0.0322571 0.0289462
 1.10802e-16 5.0292e-05 0.000488856 0.00324862 0.0147678 0.0459481 0.0978981 0.142889 0.142909 0.0979943 0.0462719 0.0157051 0.00560998 0.00567201 0.0099775 0.0166349 0.0244758 0.0318731 0.0371883 0.0396642 0.0397996 0.0388262 0.0377374 0.0366893 0.0351543 0.0325263
 1.02899e-16 7.31174e-05 0.000710728 0.00472303 0.0214702 0.0668019 0.142329 0.207734 0.207741 0.142363 0.066917 0.021803 0.00555949 0.00254045 0.00355928 0.00579849 0.00841824 0.0107435 0.0121441 0.0123443 0.0115816 0.0104259 0.00940422 0.00872686 0.00827927 0.0078074
pSPR Fmed_Fpbrs
1   0.983542 0.6 0.325 0.983542 0.983542 0.983542
Fs Fmed_Fpbrs
0   0.01 0.350053 0.899613 0.01 0.01 0.01
SSBpbr Bo_Bmed_Bpbrs
588363  558945  549261 323600 161800 549261 549261 549261
Ro
120165
SPR SPRFo_SPRFmed_SPRFpbrs
865707 865707 851459
Fref
0
Nvult_r0
 117536 11872.5 3458.15 2191.51 916.784
CTP_r0
 27724.5 4407.96 1323.92 840.373 351.588
YTP_r0
356542
Np
 161046 59245.7 21795.3 8018.03 4034.79
Nvult_p0
 101801 37450.4 13777.2 5068.36 2550.47
CTP_p0
 0 0 0 0 0
 0 0 0 0 0
 0 0 0 0 0
 0 0 0 0 0
 0 0 0 0 0
 0 0 0 0 0
YTP_p0
 0 0 0 0 0 0
CBA_c0
0
log_Ro
11.5166
likeval ReclasPelacesDesembMPH_pf_preclas_ppelaces_ptallas_desvR_qrecl_qpela
 38.3001 17.2002 0.0883991 111.038 247.27 147.052 127.802 0 26.6822 1.55258e-05 3.8776e-05 0.211125 2066.92 0 0
q_reclas_q_pelaces
1.74585 2.41243
M
1
N
 170264 28636 65327.6 4393.14 0.193916
 81683.9 54164.5 7977.86 17946.4 1205.97
 94872.6 23072.9 12020.7 1725.93 4137.54
 147581 26939.5 5172.31 2628.18 1280.13
 125288 37376.4 4852.14 898.613 677.632
 193618 41377.9 11186.4 1437.15 466.593
 78495.2 57803.2 10208.7 2704.8 459.792
 37062.2 18212 8804.45 1487.27 459.896
 32547.9 12606.7 5767.06 2767.03 611.69
 44314.8 8681.19 2507.08 1111.83 650.251
 106979 10214.4 1305.8 360.464 252.703
 168736 35822.3 3138.87 397.644 186.626
 55231.5 45833.4 7376.77 627.722 116.652
 22253.3 14682.2 9056.67 1412.63 142.296
 98062.9 1359.11 174.061 90.2779 15.3507
 290080 20856.8 175.288 21.2923 12.883
 55166.5 64661.1 2942.63 23.5631 4.58147
 236496 14776.1 12962.9 572.121 5.46265
 356773 48018.9 1743.82 1444.52 64.1583
 374847 65319.8 4649.39 157.843 136.048
 342804 94594.2 11684.5 801.969 50.5883
 448082 98706 21778 2627.18 191.439
 77292 120368 19899.2 4259.16 550.314
 194935 23689.4 31228.3 5072.42 1224.76
 289463 57895.5 5786.95 7472.55 1505.1
 73159.7 88356.8 14903.5 1463.08 2267.47
 196281 23606.1 25292.8 4212.57 1053.7
 227337 59483.1 5993.49 6302.66 1310.91
 136290 70548.1 15803.4 1566.4 1987.98
 145004 44248.6 20434.9 4522.71 1016.51
 58022.7 46964.6 12758.3 5820.05 1576.53
 48686.9 16638.6 10728.1 2845.12 1647.23
 161046 14911.9 4311.02 2730.88 1142.4
pred_Ctot
 14731.1 4493.64 10709.2 721.866 0.0318675
 12248.8 14148.6 2168.11 4887.61 328.477
 13972.6 5929.67 3214.63 462.542 1108.97
 29958.9 9202.23 1831.9 932.636 454.315
 8169.69 4479.69 608.349 112.94 85.1774
 23463.9 8897.64 2507.27 322.835 104.825
 19020.5 22960.3 4193.86 1113.17 189.247
 1777.28 1622.45 821.427 139.104 43.0194
 5807.09 3846.42 1827.29 878.512 194.228
 10863.7 3482.01 1039.82 461.96 270.202
 6117.62 1078.97 144.368 39.9504 28.0108
 28603 10444.7 950.965 120.72 56.6636
 9943.73 14096.2 2355.81 200.872 37.3327
 13420.4 11236.8 7020.71 1095.81 110.386
 27329.1 605.831 80.0586 41.5924 7.07294
 75239.3 8766.69 76.1177 9.26212 5.60463
 9730.02 19528.9 923.054 7.4064 1.44021
 70260.7 6933.67 6269.22 277.139 2.64636
 119788 24794.7 925.767 768.007 34.1137
 76717 22470.6 1658.18 56.4026 48.6197
 48037.6 23237.4 2988.19 205.538 12.9668
 78391.9 29597.7 6783.1 819.948 59.7549
 8275.14 23072.8 3979.44 853.693 110.316
 24159.5 5200.47 7144.34 1163.04 280.854
 31631.7 11311.3 1179.38 1526.37 307.474
 5745.02 12647.5 2229.73 219.414 340.09
 22212.8 4764.5 5323.75 888.686 222.316
 22797.3 10725.5 1127.95 1188.88 247.309
 10224.2 9668.25 2264.17 224.957 285.539
 11076 6169.24 2978.26 660.733 148.523
 8253.11 11694.7 3306.94 1511.8 409.563
 5230.83 3199.79 2152.37 572.113 331.273
 27724.5 4407.96 1323.92 840.373 351.588
F
 0.145323 0.277994 0.292026 0.292804 0.292845
 0.264198 0.505395 0.530904 0.532319 0.532393
 0.258942 0.495339 0.520342 0.521728 0.521801
 0.373339 0.714174 0.750222 0.75222 0.752326
 0.107865 0.206339 0.216754 0.217331 0.217362
 0.208845 0.399507 0.419672 0.42079 0.420849
 0.460959 0.881787 0.926295 0.928762 0.928892
 0.0783691 0.149915 0.157482 0.157902 0.157924
 0.321552 0.61511 0.646157 0.647878 0.647969
 0.467523 0.894342 0.939484 0.941986 0.942118
 0.0940609 0.179933 0.189015 0.189518 0.189545
 0.303321 0.580234 0.609521 0.611145 0.61123
 0.324899 0.621512 0.652882 0.654621 0.654713
 1.79566 3.43498 3.60836 3.61798 3.61848
 0.54793 1.04816 1.10106 1.104 1.10415
 0.500996 0.958375 1.00675 1.00943 1.00957
 0.317348 0.607067 0.637708 0.639407 0.639496
 0.594338 1.13693 1.19432 1.1975 1.19767
 0.697805 1.33486 1.40223 1.40597 1.40617
 0.376922 0.721028 0.757422 0.759439 0.759546
 0.245014 0.468697 0.492354 0.493666 0.493735
 0.31442 0.601467 0.631826 0.633509 0.633598
 0.182563 0.349232 0.36686 0.367837 0.367889
 0.214028 0.409422 0.430087 0.431233 0.431294
 0.186646 0.357042 0.375064 0.376063 0.376115
 0.131139 0.250861 0.263523 0.264225 0.264262
 0.193855 0.370832 0.38955 0.390588 0.390642
 0.17014 0.325466 0.341894 0.342805 0.342853
 0.124964 0.239048 0.251113 0.251782 0.251818
 0.127365 0.243641 0.255938 0.25662 0.256656
 0.249106 0.476525 0.500577 0.50191 0.501981
 0.183254 0.350553 0.368247 0.369228 0.36928
 0.308696 0.590517 0.620323 0.621976 0.622063
YTP_r0W_actual
 209043 76918.9 31866.7 26320.5 12393.5
YTP_p0W_proyectada
 0 0 0 0 0
 0 0 0 0 0
 0 0 0 0 0
 0 0 0 0 0
 0 0 0 0 0
 0 0 0 0 0
CTP_r0_actual
 27724.5 4407.96 1323.92 840.373 351.588
CTP_p0_proyectada
 0 0 0 0 0
 0 0 0 0 0
 0 0 0 0 0
 0 0 0 0 0
 0 0 0 0 0
 0 0 0 0 0
Wmedp
 7.54 17.45 24.07 31.32 35.25
Frms_r0
 0.308696 0.590517 0.620323 0.621976 0.622063
Zrms_r0
 1.3087 1.59052 1.62032 1.62198 1.62206
nmprior
 7.29 8.9 8.7 0
nm_flota  nm_reclas  nm_pelaces    nm_pelaL
inf 10.3687 12.1679 33.0599
cv_recla  cv_pelaces  cv_mph
0.535958 0.454315 0.422439
 ------------------------------------------------
Talla a la edad & desviaci?n 
 8 13.2811 15.8009 17.003 17.5766
 0.8 1.32811 1.58009 1.7003 1.75766
