years
 1991 1992 1993 1994 1995 1996 1997 1998 1999 2000 2001 2002 2003 2004 2005 2006 2007 2008 2009 2010 2011 2012 2013 2014 2015 2016 2017 2018 2019 2020 2021 2022 2023
reclasobs
 0 0 0 0 0 0 0 0 0 252601 567819 844713 477998 351125 339783 2.1784e+06 2.13404e+06 4.81314e+06 1.55562e+06 2.62356e+06 3.21686e+06 3.843e+06 1.13348e+06 3.07943e+06 1.97215e+06 2.03268e+06 2.025e+06 2.42433e+06 2.27542e+06 1.05018e+06 2.36338e+06 3.18982e+06 1.53035e+06
reclaspred
 4.05758e+06 2.36183e+06 1.2118e+06 1.60213e+06 1.85726e+06 2.80806e+06 2.03385e+06 1.82832e+06 1.29157e+06 933705 870542 806954 484582 120712 583510 1.0951e+06 997001 1.24874e+06 1.48075e+06 1.96958e+06 3.81918e+06 3.09581e+06 2.46638e+06 3.24535e+06 2.79546e+06 2.49575e+06 2.8045e+06 3.01044e+06 2.84501e+06 2.4152e+06 1.7098e+06 1.41317e+06 1.79367e+06
pelacesobs
 0 0 0 0 0 0 0 0 0 0 0 0 0 0 0 552880 188675 0 991730 2.46772e+06 1.41603e+06 1.21717e+06 2.29649e+06 1.80582e+06 0 1.4828e+06 1.56532e+06 1.57751e+06 1.42118e+06 867257 1.10002e+06 1.06204e+06 0
pelacespred
 2.17113e+06 1.42355e+06 744663 802881 924164 1.47788e+06 1.08954e+06 1.08992e+06 789795 553598 514542 403265 251406 46650.6 326600 513460 462617 617143 785540 923279 1.869e+06 1.72203e+06 1.34452e+06 1.89208e+06 1.56036e+06 1.36945e+06 1.79869e+06 1.75182e+06 1.47103e+06 1.41746e+06 966162 784782 964423
mphobs
 0 0 0 0 0 0 0 0 0 0 0 0 498337 0 5186 125008 0 168611 109162 213762 579715 649985 157893 87575 83554 210694 70296 0 107559 103333 445601 22526 28222
mphpred
 1.14755e+06 777356 407678 223791 352209 439294 573337 421837 352569 245680 161163 190353 154049 60968.6 9308.7 108252 229715 200135 191440 249777 506162 637162 116154 97290.6 120260 113557 95826.1 100033 136459 120108 88134.7 63597.4 39662.4
desembarqueobs
 494567 514787 250237 358949 120608 361735 552515 73892 212993 205616 52469 317467 293654 387597 252695 516296 358380 742168 942051 627588 828172 859565 418607 520667 417249 300574 415391 372974 316634 284311 391294 218835 356480
desembarquepred
 494563 512772 251459 358932 120605 361725 552560 73891.8 213021 205643 52466.6 317502 294187 389451 252658 516291 358490 742393 941831 627456 828203 859579 418653 520699 417206 300597 415389 372944 316602 284254 391449 218879 356471
Reclutas
 265045 164829 146226 463677 368686 517270 219905 109066 87242.5 109830 198635 131813 47133.9 22633 172121 448607 92945 329211 569056 679968 681284 865398 172497 452209 608646 175781 451099 541919 302521 256777 136929 103666 405977
log_desv_Rt
 0.119869 -0.355121 -0.474879 0.679158 0.449915 0.788533 -0.0668378 -0.768077 -0.99134 -0.761097 -0.168562 -0.578648 -1.60704 -2.34062 -0.311831 0.646116 -0.928024 0.336668 0.883947 1.06201 1.06395 1.30316 -0.309652 0.654114 0.951206 -0.290794 0.651656 0.835086 0.252118 0.0881777 -0.540572 -0.818854 0.546265
SSB
 5.15975e+06 3.49524e+06 1.83305e+06 1.00624e+06 1.58364e+06 1.9752e+06 2.57791e+06 1.89671e+06 1.58526e+06 1.10465e+06 724639 855886 664353 266859 40795.4 474186 1.03287e+06 899872 885368 1.12564e+06 2.33075e+06 3.04474e+06 2.86544e+06 2.32018e+06 2.71302e+06 2.70242e+06 2.16176e+06 2.18353e+06 3.07616e+06 2.56581e+06 2.10937e+06 1.56722e+06 905832
BT
 6.77003e+06 4.67484e+06 2.43275e+06 2.64649e+06 2.79304e+06 4.62583e+06 3.68471e+06 3.24975e+06 2.52126e+06 1.82106e+06 1.55108e+06 1.45514e+06 1.01373e+06 552972 1.2033e+06 1.93022e+06 1.63965e+06 2.47249e+06 3.21467e+06 3.20178e+06 6.13682e+06 5.84245e+06 4.30335e+06 6.02535e+06 4.93875e+06 4.26683e+06 5.68959e+06 5.4685e+06 4.56041e+06 4.4098e+06 3.19316e+06 2.49159e+06 3.13576e+06
Ftot
 0.0809048 0.143296 0.13704 0.147813 0.0432458 0.085474 0.178717 0.026952 0.109202 0.145341 0.0401485 0.256831 0.390635 1.68983 0.281934 0.306187 0.235224 0.382887 0.408469 0.20896 0.143136 0.182587 0.112355 0.106263 0.098909 0.0799547 0.0981685 0.0822257 0.073913 0.0781427 0.151001 0.102611 0.131326
BD_Bspro_t
 0.987139 0.901378 0.792572 0.729101 0.779151 0.837165 0.835143 0.755257 0.788135 0.76199 0.736737 0.822957 0.674326 0.39889 0.110158 0.571395 0.62677 0.56596 0.515903 0.53251 0.64406 0.696363 0.707196 0.700973 0.76452 0.799559 0.798494 0.820446 0.856376 0.835893 0.818495 0.759864 0.748786
BD_Bspro
 3.0463 2.06358 1.08223 0.594079 0.934979 1.16616 1.52199 1.11981 0.935934 0.652185 0.427825 0.505313 0.392232 0.157553 0.0240855 0.279958 0.609804 0.531282 0.522719 0.664577 1.37607 1.7976 1.69175 1.36983 1.60176 1.5955 1.2763 1.28915 1.81616 1.51485 1.24536 0.92528 0.534801
BD_Bo
 2.70796 1.83439 0.962028 0.528096 0.831134 1.03663 1.35295 0.99544 0.831983 0.579749 0.380308 0.449189 0.348668 0.140054 0.0214104 0.248864 0.542075 0.472274 0.464662 0.590764 1.22323 1.59795 1.50385 1.21769 1.42386 1.41829 1.13454 1.14597 1.61444 1.3466 1.10705 0.822512 0.475402
BD_Brms
 2.9172 1.97613 1.03636 0.568902 0.895355 1.11673 1.45749 1.07236 0.896269 0.624546 0.409694 0.483898 0.37561 0.150876 0.0230648 0.268093 0.58396 0.508766 0.500566 0.636412 1.31775 1.72142 1.62005 1.31177 1.53388 1.52788 1.22221 1.23452 1.73919 1.45065 1.19259 0.886067 0.512136
Sel_flota
 0.999881 1 1 1 1
 0.999881 1 1 1 1
 0.999881 1 1 1 1
 0.999881 1 1 1 1
 0.999881 1 1 1 1
 0.999881 1 1 1 1
 0.999881 1 1 1 1
 0.999881 1 1 1 1
 0.999881 1 1 1 1
 0.999881 1 1 1 1
 0.999881 1 1 1 1
 0.999881 1 1 1 1
 0.999881 1 1 1 1
 0.999881 1 1 1 1
 0.999881 1 1 1 1
 0.999881 1 1 1 1
 0.999881 1 1 1 1
 0.999881 1 1 1 1
 0.999881 1 1 1 1
 0.999881 1 1 1 1
 0.999881 1 1 1 1
 0.999881 1 1 1 1
 0.999881 1 1 1 1
 0.999881 1 1 1 1
 0.999881 1 1 1 1
 0.999881 1 1 1 1
 0.999881 1 1 1 1
 0.999881 1 1 1 1
 0.999881 1 1 1 1
 0.999881 1 1 1 1
 0.999881 1 1 1 1
 0.999881 1 1 1 1
 0.999881 1 1 1 1
Sel_reclas
 1 1 1 1 1
 1 1 1 1 1
 1 1 1 1 1
 1 1 1 1 1
 1 1 1 1 1
 1 1 1 1 1
 1 1 1 1 1
 1 1 1 1 1
 1 1 1 1 1
 1 1 1 1 1
 1 1 1 1 1
 1 1 1 1 1
 1 1 1 1 1
 1 1 1 1 1
 1 1 1 1 1
 1 1 1 1 1
 1 1 1 1 1
 1 1 1 1 1
 1 1 1 1 1
 1 1 1 1 1
 1 1 1 1 1
 1 1 1 1 1
 1 1 1 1 1
 1 1 1 1 1
 1 1 1 1 1
 1 1 1 1 1
 1 1 1 1 1
 1 1 1 1 1
 1 1 1 1 1
 1 1 1 1 1
 1 1 1 1 1
 1 1 1 1 1
 1 1 1 1 1
Sel_pelaces
 1 1 1 1 1
 1 1 1 1 1
 1 1 1 1 1
 1 1 1 1 1
 1 1 1 1 1
 1 1 1 1 1
 1 1 1 1 1
 1 1 1 1 1
 1 1 1 1 1
 1 1 1 1 1
 1 1 1 1 1
 1 1 1 1 1
 1 1 1 1 1
 1 1 1 1 1
 1 1 1 1 1
 1 1 1 1 1
 1 1 1 1 1
 1 1 1 1 1
 1 1 1 1 1
 1 1 1 1 1
 1 1 1 1 1
 1 1 1 1 1
 1 1 1 1 1
 1 1 1 1 1
 1 1 1 1 1
 1 1 1 1 1
 1 1 1 1 1
 1 1 1 1 1
 1 1 1 1 1
 1 1 1 1 1
 1 1 1 1 1
 1 1 1 1 1
 1 1 1 1 1
pf_obs 
 0.8446 0.082 0.0669 0.0065 0
 0.8095 0.147 0.0364 0.0071 0
 0.9664 0.0169 0.016 0.0007 0
 0.9276 0.0648 0.0075 0.0001 0
 0.7033 0.2144 0.0806 0.0017 0
 0.9318 0.0425 0.0243 0.0014 0
 0.5671 0.3108 0.0964 0.0239 0.0018
 0.0768 0.2599 0.5324 0.112 0.0189
 0.490249 0.384438 0.106611 0.0170017 0.00170017
 0.7925 0.1577 0.0466 0.003 0.0002
 0.840416 0.127587 0.0312969 0.00059994 9.999e-05
 0.8084 0.0986 0.0794 0.0134 0.0002
 0.7335 0.1905 0.0724 0.0035 0.0001
 0.4001 0.4547 0.1325 0.0127 0
 0.49795 0.308269 0.164784 0.0264974 0.00249975
 0.9179 0.0499 0.0305 0.0017 0
 0.2467 0.6533 0.0926 0.0074 0
 0.9418 0.0223 0.034 0.0019 0
 0.707729 0.231977 0.0356964 0.0245975 0
 0.517169 0.277429 0.184464 0.0207286 0.00020938
 0.811772 0.124168 0.05621 0.00726502 0.000585176
 0.764997 0.148141 0.077277 0.00933861 0.000247198
 0.163321 0.427699 0.378323 0.0303852 0.000271297
 0.753843 0.0900009 0.118128 0.0371064 0.000921714
 0.721811 0.176058 0.0630433 0.0369309 0.00215725
 0.143369 0.312575 0.442814 0.0836902 0.0175525
 0.692698 0.0596174 0.167031 0.0765114 0.00414204
 0.394062 0.376323 0.152708 0.0712218 0.00568511
 0.125707 0.32114 0.495352 0.0537591 0.00404204
 0.23352 0.215282 0.420074 0.123614 0.00750983
 0.796117 0.104755 0.0508955 0.0450114 0.00322123
 0.162477 0.292055 0.404252 0.121198 0.0200186
 0 0 0 0 0
pf_pred 
 0.45953 0.0935648 0.426673 0.0202319 6.74433e-07
 0.457182 0.249458 0.0507857 0.231592 0.010982
 0.559912 0.201214 0.109777 0.0223489 0.106748
 0.84697 0.0856883 0.0307897 0.0167979 0.0197542
 0.679694 0.271295 0.0274435 0.00986103 0.0117066
 0.730206 0.183384 0.0731875 0.00740345 0.00581832
 0.47891 0.380516 0.095551 0.0381338 0.00688911
 0.43565 0.270291 0.214731 0.0539208 0.0254071
 0.493182 0.220811 0.136981 0.108824 0.0402027
 0.653058 0.171117 0.0766038 0.0475217 0.0517004
 0.787797 0.138587 0.0363084 0.0162542 0.0210535
 0.596635 0.317778 0.0558959 0.0146442 0.0150472
 0.428472 0.341012 0.181604 0.0319434 0.016968
 0.452519 0.2346 0.186686 0.0994186 0.0267764
 0.98065 0.00875742 0.00453894 0.00361192 0.00244157
 0.902049 0.0960555 0.000857677 0.000444531 0.000592861
 0.408258 0.533787 0.0568328 0.000507458 0.00061379
 0.832578 0.0683568 0.0893626 0.00951451 0.000187711
 0.851551 0.123599 0.0101463 0.0132642 0.00144011
 0.806231 0.165008 0.0239465 0.00196578 0.00284887
 0.730153 0.217565 0.0445221 0.0064612 0.00129908
 0.744169 0.186802 0.0556545 0.011389 0.00198513
 0.326115 0.501502 0.125871 0.0375011 0.00901177
 0.722235 0.0905911 0.139294 0.0349611 0.0129191
 0.746088 0.18339 0.023 0.0353652 0.0121562
 0.392671 0.453135 0.111368 0.0139673 0.0288584
 0.747925 0.0989902 0.114219 0.0280717 0.0107948
 0.729295 0.202473 0.0267946 0.0309166 0.0105203
 0.545744 0.331298 0.0919662 0.0121705 0.0188213
 0.575494 0.231685 0.140629 0.0390376 0.0131553
 0.474222 0.302598 0.121806 0.0739341 0.0274399
 0.531602 0.22214 0.141727 0.0570502 0.0474804
 0.862452 0.0731253 0.0305529 0.0194931 0.0143771
pobs_RECLAS
 0 0 0 0 0
 0 0 0 0 0
 0 0 0 0 0
 0 0 0 0 0
 0 0 0 0 0
 0 0 0 0 0
 0 0 0 0 0
 0 0 0 0 0
 0 0 0 0 0
 0 0 0 0 0
 0.991045 0.00858322 0.000360255 1.14367e-05 0
 0.934742 0.0480273 0.0164251 0.00080598 0
 0.827803 0.169806 0.00239088 0 0
 0.941827 0.0461693 0.0120037 0 0
 0.791401 0.0380133 0.147996 0.0225897 0
 0.846168 0.0940531 0.0597789 0 0
 0.134021 0.677848 0.182769 0.00536245 0
 0.80878 0.0450904 0.141981 0.00414843 0
 0.846168 0.0940531 0.0597789 0 0
 0.905697 0.0802665 0.012482 0.00150086 5.37128e-05
 0.989698 0.0102097 9.19794e-05 0 0
 0.975433 0.0193895 0.00387452 0.00125025 5.28907e-05
 0.303575 0.632131 0.0575291 0.00676475 0
 0.966965 0.00978017 0.0227588 0.000495775 0
 0.843318 0.132988 0.00938335 0.0141283 0.000182051
 0.564624 0.303363 0.111486 0.0197234 0.00080311
 0.826376 0.0876187 0.0782897 0.00655872 0.00115652
 0.89761 0.0855135 0.0140674 0.00269457 0.000114338
 0.34875 0.467042 0.161289 0.0227151 0.000203297
 0.318654 0.224769 0.449479 0.00709798 0
 0.937255 0.0296025 0.0250945 0.00804832 0
 0.456809 0.399803 0.12412 0.0192676 0
 0.883104 0.0372192 0.0704036 0.00927362 0
ppred_RECLAS
 0.459559 0.0935597 0.42665 0.0202308 6.74396e-07
 0.457212 0.249444 0.0507829 0.23158 0.0109813
 0.559942 0.201201 0.109769 0.0223473 0.106741
 0.846986 0.0856795 0.0307865 0.0167962 0.0197522
 0.67972 0.271273 0.0274412 0.00986023 0.0117056
 0.73023 0.183368 0.0731812 0.00740281 0.00581782
 0.47894 0.380494 0.0955455 0.0381316 0.00688871
 0.435679 0.270277 0.21472 0.053918 0.0254058
 0.493211 0.220798 0.136973 0.108817 0.0402004
 0.653085 0.171103 0.0765978 0.0475179 0.0516964
 0.787817 0.138574 0.036305 0.0162527 0.0210515
 0.596664 0.317755 0.0558918 0.0146431 0.0150461
 0.428503 0.340994 0.181595 0.0319417 0.0169671
 0.452558 0.234583 0.186672 0.0994114 0.0267745
 0.980652 0.00875637 0.0045384 0.00361148 0.00244127
 0.90206 0.0960449 0.000857582 0.000444482 0.000592796
 0.408288 0.533761 0.05683 0.000507433 0.00061376
 0.832596 0.0683497 0.0893534 0.00951353 0.000187692
 0.851567 0.123585 0.0101452 0.0132628 0.00143996
 0.80625 0.164992 0.0239442 0.00196559 0.0028486
 0.730177 0.217546 0.0445181 0.00646063 0.00129897
 0.744192 0.186785 0.0556495 0.011388 0.00198495
 0.326141 0.501482 0.125866 0.0374996 0.00901142
 0.722259 0.0905832 0.139282 0.0349581 0.012918
 0.746111 0.183374 0.022998 0.035362 0.0121552
 0.3927 0.453114 0.111362 0.0139666 0.028857
 0.747947 0.0989814 0.114208 0.0280691 0.0107938
 0.729319 0.202455 0.0267923 0.0309139 0.0105194
 0.545774 0.331276 0.0919602 0.0121697 0.01882
 0.575523 0.231669 0.140619 0.0390349 0.0131544
 0.474252 0.30258 0.121799 0.0739298 0.0274384
 0.531632 0.222126 0.141718 0.0570466 0.0474774
 0.862466 0.0731177 0.0305498 0.019491 0.0143756
pobs_PELACES
 0 0 0 0 0
 0 0 0 0 0
 0 0 0 0 0
 0 0 0 0 0
 0 0 0 0 0
 0 0 0 0 0
 0 0 0 0 0
 0 0 0 0 0
 0 0 0 0 0
 0 0 0 0 0
 0 0 0 0 0
 0 0 0 0 0
 0 0 0 0 0
 0 0 0 0 0
 0 0 0 0 0
 0 0 0 0 0
 0.505614 0.472636 0.0217494 0 0
 0 0 0 0 0
 0.443492 0.261883 0.143347 0.151278 0
 0.227955 0.32914 0.350689 0.0885471 0.00366901
 0.970185 0.0296113 0.000203453 0 0
 0.997202 0.00247181 0.000326279 0 0
 0.445219 0.490057 0.0546422 0.010081 0
 0.90214 0.0892962 0.00764917 0.000914606 0
 0 0 0 0 0
 0.581667 0.319106 0.0959925 0.00289975 0.000334073
 0.762889 0.0836404 0.116647 0.0363945 0.000428098
 0.88444 0.0763242 0.0277011 0.0115352 0
 0.521256 0.241999 0.230069 0.00667565 0
 0.616807 0.101726 0.260614 0.0208532 0
 0.833518 0.0704572 0.0857862 0.0102388 0
 0.697417 0.212968 0.0787535 0.0105354 0.000325836
 0 0 0 0 0
ppred_PELACES
 0.45956 0.0935595 0.426649 0.0202307 6.74395e-07
 0.457214 0.249443 0.0507828 0.231579 0.0109813
 0.559943 0.2012 0.109769 0.0223473 0.10674
 0.846986 0.0856791 0.0307864 0.0167961 0.0197521
 0.67972 0.271273 0.0274412 0.00986022 0.0117056
 0.730231 0.183368 0.073181 0.00740279 0.0058178
 0.478942 0.380493 0.0955452 0.0381315 0.00688869
 0.43568 0.270277 0.21472 0.053918 0.0254058
 0.493213 0.220797 0.136973 0.108817 0.0402003
 0.653086 0.171102 0.0765975 0.0475178 0.0516962
 0.787817 0.138574 0.036305 0.0162526 0.0210515
 0.596666 0.317753 0.0558915 0.014643 0.015046
 0.428506 0.340992 0.181593 0.0319415 0.016967
 0.452575 0.234576 0.186667 0.0994084 0.0267737
 0.980653 0.00875627 0.00453835 0.00361144 0.00244125
 0.902061 0.0960438 0.000857573 0.000444477 0.000592789
 0.40829 0.533759 0.0568298 0.000507431 0.000613758
 0.832598 0.0683489 0.0893523 0.00951341 0.000187689
 0.851569 0.123584 0.010145 0.0132626 0.00143994
 0.806251 0.164991 0.023944 0.00196558 0.00284858
 0.730178 0.217545 0.044518 0.00646061 0.00129896
 0.744194 0.186784 0.0556492 0.011388 0.00198494
 0.326142 0.501481 0.125866 0.0374995 0.00901141
 0.722259 0.090583 0.139282 0.034958 0.012918
 0.746112 0.183373 0.0229979 0.0353619 0.0121551
 0.392701 0.453113 0.111362 0.0139666 0.028857
 0.747948 0.0989811 0.114208 0.0280691 0.0107938
 0.72932 0.202455 0.0267922 0.0309138 0.0105194
 0.545775 0.331276 0.0919601 0.0121697 0.01882
 0.575524 0.231669 0.140619 0.0390349 0.0131544
 0.474254 0.302579 0.121799 0.0739296 0.0274383
 0.531633 0.222125 0.141718 0.0570465 0.0474773
 0.862467 0.0731174 0.0305496 0.019491 0.0143755
pobs_pel_tallas
 0 0 0 0 0 0 0 0 0 0 0 0 0 0 0 0 0 0 0 0 0 0 0 0 0 0
 0 0 0 0 0 0 0 0 0 0 0 0 0 0 0 0 0 0 0 0 0 0 0 0 0 0
 0 0 0 0 0 0 0 0 0 0 0 0 0 0 0 0 0 0 0 0 0 0 0 0 0 0
 0 0 0 0 0 0 0 0 0 0 0 0 0 0 0 0 0 0 0 0 0 0 0 0 0 0
 0 0 0 0 0 0 0 0 0 0 0 0 0 0 0 0 0 0 0 0 0 0 0 0 0 0
 0 0 0 0 0 0 0 0 0 0 0 0 0 0 0 0 0 0 0 0 0 0 0 0 0 0
 0 0 0 0 0 0 0 0 0 0 0 0 0 0 0 0 0 0 0 0 0 0 0 0 0 0
 0 0 0 0 0 0 0 0 0 0 0 0 0 0 0 0 0 0 0 0 0 0 0 0 0 0
 0 0 0 0 0 0 0 0 0 0 0 0 0 0 0 0 0 0 0 0 0 0 0 0 0 0
 0 0 0 0 0 0 0 0 0 0 0 0 0 0 0 0 0 0 0 0 0 0 0 0 0 0
 0 0 0 0 0 0 0 0 0 0 0 0 0 0 0 0 0 0 0 0 0 0 0 0 0 0
 0 0 0 0 0 0 0 0 0 0 0 0 0 0 0 0 0 0 0 0 0 0 0 0 0 0
 0.00862536 0 0 0.000197151 0.00414017 0.0128641 0.00837892 0.0270097 0.101434 0.158115 0.152841 0.127902 0.109271 0.109419 0.0830992 0.0579132 0.0238553 0.00714673 0.00463305 0.00128148 0.00103504 0.000492878 0.000147863 0.000147863 4.92878e-05 0
 0 0 0 0 0 0 0 0 0 0 0 0 0 0 0 0 0 0 0 0 0 0 0 0 0 0
 0 0 0 0 0 0 0 0.0054083 0.00873648 0.0413646 0.0450493 0.0745869 0.0622846 0.0627006 0.0613931 0.0827291 0.12552 0.122667 0.0946155 0.0697135 0.0546179 0.0294188 0.0215738 0.0213955 0.0102223 0.00600262
 0 0 0 0 0.00359764 0.0251062 0.0480494 0.140153 0.205849 0.193036 0.1447 0.116669 0.0760912 0.0342217 0.00950174 0.001854 0.000860785 0 0 0 0.000165536 0 0.000143464 0 0 0
 0 0 0 0 0 0 0 0.000145254 0.000435761 0.0275982 0.070085 0.0708112 0.156366 0.174668 0.174014 0.160142 0.0824315 0.0480064 0.0283245 0.00493863 0.00203355 0 0 0 0 0
 0 0 0 0 0 0 0 0 0 0 0 0 0 0 0 0 0 0 0 0 0 0 0 0 0 0
 0 0 1.00437e-05 0.000401748 0.00122533 0.00171747 0.00176769 0.0269171 0.070346 0.194647 0.189555 0.159765 0.064822 0.0314167 0.0384472 0.0292271 0.0345202 0.0313363 0.0194345 0.0106764 0.0143323 0.0359363 0.0279516 0.0138201 0.00172751 0
 0 0.0021121 0.0136068 0.0755702 0.200478 0.177729 0.0527432 0.0373336 0.0318909 0.0142505 0.0149659 0.0166563 0.0217959 0.0798694 0.0677717 0.0528807 0.04013 0.0224614 0.0357745 0.0225083 0.00881397 0.00855152 0.00135912 0.000746735 0 0
 0 0 0 0 5.4009e-05 0.00500934 0.000945158 0.0243581 0.138947 0.33067 0.221406 0.137944 0.0707744 0.0437923 0.0131692 0.00525238 0.0047753 0.00276346 9.45158e-05 9.00151e-06 2.25038e-05 9.00151e-06 4.50075e-06 0 0 0
 0.000866109 0.00284123 0.00948549 0.0512746 0.133035 0.25785 0.225252 0.132002 0.0553304 0.0519788 0.0540692 0.017754 0.00435017 0.00159236 0.00146478 0.000404838 0.000125132 0.000115318 0.000107957 0.000100596 0 0 0 0 0 0
 0 0 0 0 0.00144013 0.00171154 0.00461396 0.0210425 0.0478622 0.0707936 0.0888783 0.103762 0.0637923 0.0337046 0.0602308 0.124433 0.169614 0.0934646 0.0462172 0.0250306 0.0313229 0.00938855 0.002487 0.000210481 0 0
 0 0.00764035 0.051015 0.0998891 0.058973 0.0496711 0.0374665 0.0718981 0.12319 0.153886 0.159021 0.0857701 0.0377988 0.023471 0.0147837 0.00900784 0.00315554 0.000888139 0.00291439 0.00214683 0.00393193 0.00274676 0.000635225 9.99891e-05 0 0
 0 0 0 0 0 0 0 0 0 0 0 0 0 0 0 0 0 0 0 0 0 0 0 0 0 0
 0 0 0 0 0 0 0 0 0 0 0 0 0 0 0 0 0 0 0 0 0 0 0 0 0 0
 0 0 0 0 0 0 0 0 0 0 0 0 0 0 0 0 0 0 0 0 0 0 0 0 0 0
 0 0 0 0 0 0 0 0 0 0 0 0 0 0 0 0 0 0 0 0 0 0 0 0 0 0
 0 0 0 0 0 0 0 0 0 0 0 0 0 0 0 0 0 0 0 0 0 0 0 0 0 0
 0 0 0 0 0 0 0 0 0 0 0 0 0 0 0 0 0 0 0 0 0 0 0 0 0 0
 0 0 0 0 0 0 0 0 0 0 0 0 0 0 0 0 0 0 0 0 0 0 0 0 0 0
 0 0 0 0 0 0 0 0 0 0 0 0 0 0 0 0 0 0 0 0 0 0 0 0 0 0
 0 0 0 0 0 0 0 0 0 0 0 0 0 0 0 0 0 0 0 0 0 0 0 0 0 0
ppred_pel_tallas
 1.14366e-16 3.78534e-05 0.000367948 0.00244515 0.0111153 0.0345838 0.0736849 0.107547 0.107557 0.0737324 0.0347452 0.0115896 0.00366661 0.00313631 0.00559335 0.00996175 0.0161451 0.0240359 0.0334048 0.0439157 0.0549228 0.0651377 0.0725954 0.0752362 0.0718835 0.0629586
 1.26612e-16 3.76601e-05 0.00036607 0.00243267 0.0110586 0.0344074 0.0733095 0.107002 0.107027 0.0734275 0.0348041 0.012206 0.00531925 0.00668982 0.0121174 0.0201691 0.0295491 0.0383044 0.0445815 0.0478056 0.0491276 0.0506122 0.0537382 0.0583534 0.0627715 0.0647825
 1.23524e-16 4.61218e-05 0.000448321 0.00297925 0.0135432 0.0421382 0.0897805 0.131041 0.131061 0.0898761 0.0424595 0.0144735 0.00532211 0.00558918 0.00988874 0.0164878 0.0242612 0.0316317 0.0370624 0.0399695 0.0410934 0.0419223 0.0436108 0.0462393 0.0488737 0.0502007
 1.05938e-16 6.97652e-05 0.000678142 0.00450649 0.0204859 0.0637392 0.135803 0.198211 0.198219 0.135844 0.0638755 0.02088 0.00549777 0.00284874 0.00421211 0.00690693 0.0100737 0.0129544 0.0148384 0.0154329 0.0150386 0.0143226 0.0138646 0.0138309 0.0139771 0.0138892
 1.03832e-16 5.59877e-05 0.000544221 0.00361654 0.0164403 0.0511519 0.108986 0.159073 0.159099 0.109113 0.0515806 0.0176782 0.00672332 0.00732422 0.0129264 0.0212661 0.0305955 0.0384091 0.0421983 0.0408238 0.0352049 0.0277099 0.0207488 0.0156532 0.0124884 0.0105889
 1.03886e-16 6.01482e-05 0.000584662 0.00388528 0.0176619 0.054953 0.117084 0.170891 0.170909 0.11717 0.0552445 0.0185049 0.00600474 0.00522325 0.00890423 0.0147153 0.0214016 0.027349 0.0309386 0.0314011 0.0292253 0.0257336 0.0221925 0.0191853 0.0166202 0.0141573
 1.07845e-16 3.94499e-05 0.000383467 0.00254827 0.0115841 0.0360426 0.076794 0.112091 0.112128 0.0769736 0.0366459 0.0133274 0.00692798 0.00995678 0.0182576 0.0302181 0.0437566 0.055515 0.0620903 0.0619182 0.0561703 0.0478656 0.0399461 0.0338413 0.0293711 0.025608
 1.15973e-16 3.58864e-05 0.000348829 0.00231809 0.0105377 0.0327869 0.0698569 0.101964 0.10199 0.0699858 0.0332204 0.0117937 0.00548507 0.0073101 0.0133973 0.0224612 0.0332215 0.0436089 0.0515057 0.0559148 0.0574182 0.0574614 0.0570953 0.0562662 0.0541243 0.049892
 1.21726e-16 4.06253e-05 0.000394893 0.0026242 0.0119292 0.0371164 0.0790813 0.115426 0.115447 0.0791864 0.0374699 0.0129531 0.00520479 0.00606422 0.0109152 0.0182687 0.0270059 0.0354639 0.0420087 0.0460043 0.048171 0.0499232 0.0522069 0.0547857 0.0564529 0.0558552
 1.15769e-16 5.37939e-05 0.000522896 0.00347483 0.0157961 0.0491475 0.104715 0.152837 0.152854 0.104796 0.0494203 0.0165854 0.00546177 0.0048791 0.00838328 0.0139259 0.0204238 0.0264903 0.0307805 0.032768 0.0330713 0.0329703 0.0334864 0.0347488 0.0360448 0.0363632
 1.06276e-16 6.48915e-05 0.000630768 0.00419168 0.0190548 0.0592865 0.126317 0.184366 0.184379 0.126382 0.0595064 0.0196902 0.00578851 0.00412268 0.0067148 0.0110472 0.0160265 0.020415 0.0230079 0.0232826 0.0217123 0.0194232 0.0174699 0.0162943 0.0156889 0.0151374
 1.05709e-16 4.91467e-05 0.000477723 0.00317464 0.0144315 0.0449018 0.0956692 0.139638 0.139669 0.095819 0.0454047 0.0158843 0.00682257 0.00844478 0.0151908 0.0250646 0.0361715 0.045638 0.0505698 0.0496436 0.0438888 0.0359628 0.0285236 0.0229712 0.0192876 0.0167006
 1.11403e-16 3.52956e-05 0.000343086 0.00227993 0.0103642 0.0322472 0.0687072 0.100287 0.10032 0.068869 0.0327909 0.0119375 0.00623951 0.0090217 0.0166198 0.0276878 0.0405083 0.0522538 0.0600295 0.0624603 0.0603937 0.0560724 0.0515045 0.0473896 0.0432605 0.0383771
 1.19947e-16 3.7278e-05 0.000362356 0.00240798 0.0109464 0.0340583 0.0725656 0.105916 0.105939 0.0726776 0.034435 0.012038 0.0051619 0.00642018 0.0116788 0.0196106 0.029107 0.0384421 0.0458839 0.050689 0.05346 0.0554619 0.0574704 0.0591322 0.0592821 0.0568155
 1.00909e-16 8.07751e-05 0.000785162 0.00521768 0.0237188 0.073798 0.157235 0.229489 0.229489 0.157239 0.073812 0.0237593 0.00531968 0.00100903 0.00050952 0.00072415 0.00105871 0.00138234 0.00162425 0.00175934 0.00181924 0.00186603 0.00194489 0.00205295 0.00214454 0.0021621
 1.00195e-16 7.43016e-05 0.000722238 0.00479953 0.021818 0.0678838 0.144634 0.211099 0.211109 0.144679 0.0680353 0.0222551 0.00589585 0.00311218 0.00460342 0.00746708 0.0106892 0.0133153 0.0144293 0.0136126 0.0111976 0.00806062 0.00512128 0.00293057 0.00158085 0.000874676
 1.01932e-16 3.36304e-05 0.0003269 0.00217237 0.00987529 0.030726 0.0654668 0.0955615 0.095613 0.065718 0.0315693 0.0123105 0.00828333 0.013661 0.0253391 0.0417879 0.0600746 0.075287 0.0824255 0.0791575 0.0671983 0.0511515 0.0357891 0.0238879 0.0158563 0.0107275
 1.03582e-16 6.858e-05 0.000666622 0.00442994 0.0201379 0.0626564 0.133496 0.194843 0.19485 0.133529 0.0627671 0.0204592 0.00524258 0.00246058 0.003534 0.00588591 0.00882579 0.0118341 0.0144049 0.0162657 0.0174589 0.0181619 0.01842 0.0180566 0.016836 0.014709
 1.01899e-16 7.01426e-05 0.000681811 0.00453088 0.0205967 0.0640841 0.136538 0.199284 0.199296 0.136596 0.0642793 0.0211606 0.005946 0.00377 0.00593235 0.00968959 0.0139374 0.0175019 0.0192439 0.0186536 0.0161603 0.012848 0.00980807 0.00762447 0.00629221 0.00547366
 1.01413e-16 6.64099e-05 0.000645528 0.00428976 0.0195006 0.0606738 0.129273 0.18868 0.188696 0.12935 0.0609347 0.0202542 0.00618131 0.00477472 0.00790822 0.0129679 0.0186716 0.0234728 0.02584 0.0250622 0.0216644 0.0170424 0.0126244 0.00921352 0.0068882 0.00532411
 1.02209e-16 6.01438e-05 0.000584619 0.003885 0.0176607 0.054949 0.117075 0.170879 0.1709 0.117178 0.0552935 0.0186558 0.0063839 0.00604298 0.010436 0.0171819 0.0248012 0.0313027 0.0346905 0.0340311 0.0299862 0.0243269 0.0188414 0.0144987 0.0113552 0.00899932
 1.03132e-16 6.12983e-05 0.000595841 0.00395958 0.0179997 0.0560037 0.119323 0.174159 0.174177 0.119411 0.0563001 0.0188562 0.00611193 0.00530199 0.00902124 0.0148746 0.0215562 0.0273885 0.0306954 0.0306909 0.0279139 0.0237994 0.0197528 0.0164693 0.0139019 0.0116771
 1.09047e-16 2.6864e-05 0.000261127 0.00173529 0.00788839 0.024544 0.0522953 0.0763367 0.0763851 0.052532 0.0253389 0.0101857 0.00750643 0.0128748 0.0240276 0.0397985 0.0576074 0.0730317 0.0815639 0.0811152 0.0732088 0.0618229 0.0508681 0.0422993 0.0359758 0.0307701
 1.09735e-16 5.94916e-05 0.000578279 0.00384287 0.0174691 0.054353 0.115805 0.169023 0.169032 0.115849 0.0545006 0.0178982 0.00493007 0.00298561 0.00473148 0.0079905 0.0121214 0.0165414 0.0206753 0.0242396 0.0273097 0.0300407 0.0322971 0.0335608 0.0332141 0.0309519
 1.06314e-16 6.14563e-05 0.000597377 0.00396978 0.0180461 0.0561481 0.11963 0.174607 0.174625 0.119716 0.0564382 0.0188843 0.00607437 0.00519389 0.00879822 0.014469 0.0208931 0.0264084 0.0293849 0.0291229 0.026291 0.0224777 0.019209 0.0171878 0.0162029 0.0155629
 1.09614e-16 3.23463e-05 0.000314418 0.00208942 0.00949822 0.0295527 0.0629668 0.0919111 0.0919549 0.0631807 0.0302709 0.0115735 0.00730237 0.011707 0.0217062 0.0359318 0.0519894 0.0658678 0.0734878 0.072967 0.0657061 0.0553484 0.0454925 0.0379652 0.0326614 0.028522
 1.07963e-16 6.16075e-05 0.000598847 0.00397955 0.0180905 0.0562862 0.119924 0.175035 0.175044 0.119972 0.0564462 0.0185547 0.00515289 0.00318714 0.00505642 0.00846957 0.0126826 0.0169759 0.020641 0.0233364 0.0252088 0.026612 0.0276748 0.028119 0.0274675 0.0254239
 1.05706e-16 6.00731e-05 0.000583932 0.00388044 0.0176399 0.0548844 0.116938 0.170678 0.170698 0.117033 0.0552047 0.0185652 0.00620361 0.00565739 0.0097018 0.0159624 0.0230372 0.0290861 0.032292 0.0318587 0.0285007 0.0239585 0.0199289 0.0172334 0.015715 0.0146987
 1.07144e-16 4.49548e-05 0.000436977 0.00290387 0.0132006 0.041072 0.0875095 0.127729 0.127761 0.0876659 0.0415974 0.014719 0.00671892 0.00877712 0.0159193 0.0263383 0.0381519 0.0484296 0.0542033 0.0540962 0.0491053 0.041837 0.0348479 0.0294081 0.0254131 0.0221128
 1.10258e-16 4.74052e-05 0.000460795 0.00306215 0.0139201 0.0433107 0.0922788 0.134688 0.134711 0.0923889 0.0436808 0.0149914 0.00576012 0.00637983 0.0113752 0.0189576 0.0278387 0.0361344 0.0419369 0.0443535 0.043952 0.0421734 0.040224 0.0383775 0.03613 0.032867
 1.1565e-16 3.90637e-05 0.000379713 0.00252333 0.0114707 0.0356898 0.076042 0.110992 0.111021 0.0761853 0.0361714 0.0128638 0.00602778 0.00805559 0.0146935 0.024434 0.0356842 0.0459311 0.0526534 0.0547527 0.053179 0.0501461 0.0475787 0.0460378 0.0447889 0.0426597
 1.17902e-16 4.37899e-05 0.000425654 0.00282862 0.0128585 0.0400077 0.0852415 0.124417 0.124439 0.0853471 0.0403631 0.0138876 0.00542163 0.00611939 0.0109558 0.0183049 0.026989 0.0352783 0.0414486 0.0447655 0.0458761 0.0461928 0.0467751 0.0476297 0.047882 0.0465021
 1.05288e-16 7.10402e-05 0.000690536 0.00458886 0.0208603 0.0649041 0.138285 0.201833 0.20184 0.13832 0.0650206 0.0211972 0.00543667 0.00254831 0.00362029 0.00592906 0.00867048 0.0112004 0.0129235 0.0135952 0.0134645 0.0130751 0.0128801 0.0129759 0.0131197 0.0129496
pSPR Fmed_Fpbrs
1   0.978273 0.600017 0.325023 0.978273 0.978273 0.978273
Fs Fmed_Fpbrs
0   0.01 0.249973 0.598204 0.01 0.01 0.01
SSBpbr Bo_Bmed_Bpbrs
1.9054e+06  1.81013e+06  1.76873e+06 1.048e+06 524030 1.76873e+06 1.76873e+06 1.76873e+06
Ro
235105
SPR SPRFo_SPRFmed_SPRFpbrs
1.69377e+06 1.69377e+06 1.65697e+06
Fref
0
Nvult_r0
 275005 23314.6 9741.2 6214.98 4583.84
CTP_r0
 31919.6 2706.39 1130.77 721.445 532.1
YTP_r0
356471
Np
 405977 149351 54943 20212.4 10171.2
Nvult_p0
 256626 94407.6 34730.6 12776.7 6429.41
CTP_p0
 0 0 0 0 0
 0 0 0 0 0
 0 0 0 0 0
 0 0 0 0 0
 0 0 0 0 0
 0 0 0 0 0
YTP_p0
 0 0 0 0 0 0
CBA_c0
0
log_Ro
12.1878
likeval ReclasPelacesDesembMPH_pf_preclas_ppelaces_ptallas_desvR_qrecl_qpela
 49.0008 15.0247 0.32899 149.859 246.93 151.609 120.744 0 31.1508 6.53829e-06 2.88252e-06 0.997338 2088.8 0 0
q_reclas_q_pelaces
0.69655 0.786545
M
1
N
 265045 53959.6 246066 11667.9 0.388951
 164829 89927.6 18307.9 83487.3 3958.91
 146226 52543 28665.9 5835.94 27874.9
 463677 46905.2 16854 9195.08 10813.3
 368686 147141 14884.4 5348.29 6349.27
 517270 129892 51839.3 5243.92 4121.16
 219905 174705 43870.1 17508.3 3162.98
 109066 67660.1 53752.1 13497.6 6359.99
 87242.5 39056.4 24228.9 19248.5 7110.95
 109830 28774.9 12881.7 7991.22 8693.92
 198635 34939.3 9153.73 4097.85 5307.8
 131813 70198.4 12347.6 3234.95 3323.98
 47133.9 37509.1 19975.3 3513.56 1866.37
 22633 11733 9336.65 4972.19 1339.16
 172121 1536.92 796.581 633.888 428.493
 448607 47765.3 426.495 221.051 294.811
 92945 121510 12937.3 115.517 139.722
 329211 27026.3 35331.5 3761.77 74.2156
 569056 82587.5 6779.64 8863.01 962.269
 679968 139151 20194.1 1657.74 2402.45
 681284 202980 41537.6 6028.08 1212
 865398 217209 64713.7 13242.9 2308.26
 172497 265237 66571.3 19833.8 4766.2
 452209 56714.9 87205.7 21887.6 8088.07
 608646 149590 18760.9 28847 9915.73
 175781 202824 49848.4 6251.78 12917.1
 451099 59697.6 68881.4 16929.1 6509.96
 541919 150435 19908 22970.6 7816.47
 302521 183626 50973.5 6745.65 10431.9
 256777 103363 62739.3 17416 5869.05
 136929 87363.3 35166.8 21345.6 7922.21
 103666 43314 27634.8 11124 9257.99
 405977 34418 14380.4 9174.83 6766.87
pred_Ctot
 13106 2668.5 12168.9 577.02 0.0192351
 14072.1 7678.3 1563.18 7128.41 338.024
 11969.2 4301.36 2346.7 477.752 2281.95
 40758.7 4123.57 1481.69 808.366 950.632
 9897.63 3950.57 399.629 143.595 170.47
 26971.8 6773.69 2703.34 273.463 214.912
 23081 18338.9 4605.07 1837.86 332.02
 1837.17 1139.84 905.537 227.388 107.144
 5755.57 2576.92 1598.61 1270.01 469.178
 9502.46 2489.87 1114.64 691.475 752.279
 4956.93 872.01 228.458 102.274 132.471
 19269 10263 1805.22 472.95 485.966
 9943.41 7913.74 4214.43 741.3 393.771
 13252.6 6870.56 5467.33 2911.6 784.181
 27346.9 244.214 126.575 100.724 68.0868
 76668.8 8164.14 72.8974 37.7825 50.3896
 12551.7 16411 1747.29 15.6015 18.8706
 68278.2 5605.81 7328.46 780.267 15.3938
 124666 18094.6 1485.4 1941.86 210.83
 82435.7 16871.8 2448.49 200.998 291.293
 58102.5 17312.9 3542.88 514.156 103.375
 92653.1 23257.9 6929.28 1418 247.159
 11693.5 17982.4 4513.36 1344.68 323.136
 29065.2 3645.69 5605.67 1406.95 519.91
 36522.7 8977.36 1125.9 1731.2 595.075
 8593.29 9916.5 2437.19 305.662 631.543
 26874.4 3556.91 4104.1 1008.67 387.877
 27219.5 7556.91 1000.06 1153.9 392.651
 13705.7 8320.13 2309.62 305.647 472.673
 12277.6 4942.78 3000.18 832.83 280.656
 12280.2 7835.87 3154.21 1914.55 710.566
 6443.67 2692.61 1717.91 691.519 575.521
 31919.6 2706.39 1130.77 721.445 532.1
F
 0.0808952 0.0809048 0.0809048 0.0809048 0.0809048
 0.143279 0.143296 0.143296 0.143296 0.143296
 0.137024 0.13704 0.13704 0.13704 0.13704
 0.147796 0.147813 0.147813 0.147813 0.147813
 0.0432406 0.0432458 0.0432458 0.0432458 0.0432458
 0.0854638 0.085474 0.085474 0.085474 0.085474
 0.178696 0.178717 0.178717 0.178717 0.178717
 0.0269488 0.026952 0.026952 0.026952 0.026952
 0.109189 0.109202 0.109202 0.109202 0.109202
 0.145323 0.145341 0.145341 0.145341 0.145341
 0.0401437 0.0401485 0.0401485 0.0401485 0.0401485
 0.256801 0.256831 0.256831 0.256831 0.256831
 0.390589 0.390635 0.390635 0.390635 0.390635
 1.68963 1.68983 1.68983 1.68983 1.68983
 0.2819 0.281934 0.281934 0.281934 0.281934
 0.306151 0.306187 0.306187 0.306187 0.306187
 0.235196 0.235224 0.235224 0.235224 0.235224
 0.382842 0.382887 0.382887 0.382887 0.382887
 0.40842 0.408469 0.408469 0.408469 0.408469
 0.208935 0.20896 0.20896 0.20896 0.20896
 0.143119 0.143136 0.143136 0.143136 0.143136
 0.182565 0.182587 0.182587 0.182587 0.182587
 0.112342 0.112355 0.112355 0.112355 0.112355
 0.10625 0.106263 0.106263 0.106263 0.106263
 0.0988972 0.098909 0.098909 0.098909 0.098909
 0.0799452 0.0799547 0.0799547 0.0799547 0.0799547
 0.0981569 0.0981685 0.0981685 0.0981685 0.0981685
 0.0822159 0.0822257 0.0822257 0.0822257 0.0822257
 0.0739042 0.073913 0.073913 0.073913 0.073913
 0.0781335 0.0781427 0.0781427 0.0781427 0.0781427
 0.150984 0.151001 0.151001 0.151001 0.151001
 0.102599 0.102611 0.102611 0.102611 0.102611
 0.131311 0.131326 0.131326 0.131326 0.131326
YTP_r0W_actual
 240674 47226.5 27217.7 22595.7 18756.5
YTP_p0W_proyectada
 0 0 0 0 0
 0 0 0 0 0
 0 0 0 0 0
 0 0 0 0 0
 0 0 0 0 0
 0 0 0 0 0
CTP_r0_actual
 31919.6 2706.39 1130.77 721.445 532.1
CTP_p0_proyectada
 0 0 0 0 0
 0 0 0 0 0
 0 0 0 0 0
 0 0 0 0 0
 0 0 0 0 0
 0 0 0 0 0
Wmedp
 7.54 17.45 24.07 31.32 35.25
Frms_r0
 0.131311 0.131326 0.131326 0.131326 0.131326
Zrms_r0
 1.13131 1.13133 1.13133 1.13133 1.13133
nmprior
 7.29 8.9 8.7 0
nm_flota  nm_reclas  nm_pelaces    nm_pelaL
inf 9.62045 10.7064 27.6377
cv_recla  cv_pelaces  cv_mph
0.606223 0.424613 0.49076
 ------------------------------------------------
Talla a la edad & desviaci?n 
 8 13.2811 15.8009 17.003 17.5766
 0.8 1.32811 1.58009 1.7003 1.75766
