years
 1991 1992 1993 1994 1995 1996 1997 1998 1999 2000 2001 2002 2003 2004 2005 2006 2007 2008 2009 2010 2011 2012 2013 2014 2015 2016 2017 2018 2019 2020 2021 2022 2023
reclasobs
 0 0 0 0 0 0 0 0 0 252601 567819 844713 477998 351125 339783 2.1784e+06 2.13404e+06 4.81314e+06 1.55562e+06 2.62356e+06 3.21686e+06 3.843e+06 1.13348e+06 3.07943e+06 1.97215e+06 2.03268e+06 2.025e+06 2.42433e+06 2.27542e+06 1.05018e+06 2.36338e+06 3.18982e+06 1.53035e+06
reclaspred
 4.06296e+06 2.36071e+06 1.20984e+06 1.59773e+06 1.84794e+06 2.7956e+06 2.01161e+06 1.80512e+06 1.27364e+06 919445 875731 827105 498944 120367 584284 1.10295e+06 994035 1.24513e+06 1.48624e+06 1.97584e+06 3.81925e+06 3.09442e+06 2.45373e+06 3.22975e+06 2.78607e+06 2.48514e+06 2.79427e+06 3.00138e+06 2.83294e+06 2.41264e+06 1.70167e+06 1.40192e+06 1.78554e+06
pelacesobs
 0 0 0 0 0 0 0 0 0 0 0 0 0 0 0 552880 188675 0 991730 2.46772e+06 1.41603e+06 1.21717e+06 2.29649e+06 1.80582e+06 0 1.4828e+06 1.56532e+06 1.57751e+06 1.42118e+06 867257 1.10002e+06 1.06204e+06 0
pelacespred
 2.18055e+06 1.42525e+06 743542 802334 923940 1.47754e+06 1.07884e+06 1.08196e+06 781110 545962 518117 413343 258631 45485.4 327195 516918 461243 614283 786297 926180 1.87625e+06 1.72239e+06 1.34123e+06 1.89007e+06 1.55886e+06 1.36808e+06 1.79935e+06 1.75279e+06 1.47057e+06 1.4212e+06 963302 780885 962717
mphobs
 0 0 0 0 0 0 0 0 0 0 0 0 498337 0 5186 125008 0 168611 109162 213762 579715 649985 157893 87575 83554 210694 70296 0 107559 103333 445601 22526 28222
mphpred
 1.16007e+06 785410 410927 225611 353899 441543 575012 419744 351457 243993 159843 194049 159549 62528.3 9035.32 108550 232008 199865 190527 249293 507459 637375 116306 97125.3 120145 113788 95872.9 100108 136730 120312 88404.3 63441.7 39496.9
desembarqueobs
 494567 514787 250237 358949 120608 361735 552515 73892 212993 205616 52469 317467 293654 387597 252695 516296 358380 742168 942051 627588 828172 859565 418607 520667 417249 300574 415391 372974 316634 284311 391294 218835 356480
desembarquepred
 494490 512767 251407 358746 120571 361571 552497 73878.3 212979 205604 52440.5 317424 294167 389423 252439 515983 358496 742150 941373 627150 827947 859309 418636 520474 417058 300555 415188 372732 316552 284177 391385 218846 356248
Reclutas
 255562 158802 140040 437817 347218 487831 207549 102425 82040.8 103915 192426 132837 47283.1 22738.8 163788 431780 88554.8 317266 550066 650292 647795 826048 163302 427204 577924 165842 426183 511557 286881 244982 129540 97970.1 383579
log_desv_Rt
 0.128895 -0.346909 -0.472644 0.667231 0.435385 0.775401 -0.0792027 -0.785436 -1.00735 -0.770991 -0.154859 -0.525442 -1.55842 -2.2905 -0.315997 0.653348 -0.930947 0.345171 0.895469 1.06285 1.05901 1.30208 -0.318971 0.642693 0.944873 -0.303536 0.6403 0.82289 0.244498 0.086614 -0.550579 -0.829906 0.534976
SSB
 4.84973e+06 3.28343e+06 1.71789e+06 943174 1.47949e+06 1.84589e+06 2.40386e+06 1.75476e+06 1.46928e+06 1.02002e+06 668229 811227 639515 254255 36803.9 441949 969918 835544 819639 1.05071e+06 2.18566e+06 2.8501e+06 2.68019e+06 2.1631e+06 2.53028e+06 2.52851e+06 2.01906e+06 2.03953e+06 2.87726e+06 2.39861e+06 1.9764e+06 1.46035e+06 842227
BT
 6.38326e+06 4.4087e+06 2.2876e+06 2.49229e+06 2.61712e+06 4.34447e+06 3.4485e+06 3.02136e+06 2.34766e+06 1.69502e+06 1.463e+06 1.40519e+06 984835 539427 1.14268e+06 1.84145e+06 1.54782e+06 2.34731e+06 3.06585e+06 3.03323e+06 5.80225e+06 5.51517e+06 4.03902e+06 5.66078e+06 4.63801e+06 4.00307e+06 5.35006e+06 5.13846e+06 4.28002e+06 4.15088e+06 3.00169e+06 2.33195e+06 2.94784e+06
Ftot
 0.0858422 0.15227 0.145768 0.157414 0.0461904 0.0912143 0.191833 0.0290131 0.117626 0.156726 0.0424151 0.266102 0.402753 1.77194 0.29879 0.322628 0.25045 0.407141 0.431523 0.221178 0.152038 0.193973 0.119975 0.113431 0.105432 0.0853145 0.104671 0.0876245 0.0788677 0.0831136 0.161128 0.109879 0.140118
BD_Bspro_t
 0.986359 0.895667 0.781397 0.715177 0.766721 0.827477 0.825181 0.740567 0.775026 0.747106 0.720606 0.815166 0.66526 0.386119 0.100125 0.553662 0.611753 0.547618 0.496818 0.515268 0.628868 0.681992 0.69293 0.685732 0.751525 0.788467 0.787048 0.810097 0.847935 0.826414 0.808478 0.746559 0.734655
BD_Bspro
 2.99644 2.02869 1.06141 0.582747 0.914113 1.14049 1.48524 1.08419 0.907805 0.630227 0.41287 0.501223 0.395129 0.157094 0.0227396 0.273061 0.599271 0.516247 0.50642 0.649192 1.35042 1.76096 1.65597 1.33649 1.56335 1.56226 1.24749 1.26014 1.77774 1.482 1.22113 0.902288 0.520377
BD_Bo
 2.72244 1.84318 0.964355 0.52946 0.830525 1.03621 1.34943 0.985049 0.824793 0.572598 0.375117 0.45539 0.358998 0.142729 0.0206602 0.248092 0.544472 0.469041 0.460112 0.589828 1.22694 1.59993 1.50455 1.21428 1.42039 1.4194 1.13342 1.14491 1.61518 1.34648 1.10947 0.819781 0.472792
BD_Brms
 2.93277 1.98558 1.03886 0.570364 0.894689 1.11626 1.45368 1.06115 0.888514 0.616835 0.404097 0.490572 0.386733 0.153756 0.0222564 0.267259 0.586537 0.505278 0.495659 0.635397 1.32173 1.72354 1.62079 1.30809 1.53013 1.52906 1.22098 1.23336 1.73996 1.45051 1.19519 0.883115 0.509319
Sel_flota
 0.998839 1 1 1 1
 0.998839 1 1 1 1
 0.998839 1 1 1 1
 0.998839 1 1 1 1
 0.998839 1 1 1 1
 0.998839 1 1 1 1
 0.998839 1 1 1 1
 0.998839 1 1 1 1
 0.998839 1 1 1 1
 0.998839 1 1 1 1
 0.998839 1 1 1 1
 0.998839 1 1 1 1
 0.998839 1 1 1 1
 0.998839 1 1 1 1
 0.998839 1 1 1 1
 0.998839 1 1 1 1
 0.998839 1 1 1 1
 0.998839 1 1 1 1
 0.998839 1 1 1 1
 0.998839 1 1 1 1
 0.998839 1 1 1 1
 0.998839 1 1 1 1
 0.998839 1 1 1 1
 0.998839 1 1 1 1
 0.998839 1 1 1 1
 0.998839 1 1 1 1
 0.998839 1 1 1 1
 0.998839 1 1 1 1
 0.998839 1 1 1 1
 0.998839 1 1 1 1
 0.998839 1 1 1 1
 0.998839 1 1 1 1
 0.998839 1 1 1 1
Sel_reclas
 1 1 1 1 1
 1 1 1 1 1
 1 1 1 1 1
 1 1 1 1 1
 1 1 1 1 1
 1 1 1 1 1
 1 1 1 1 1
 1 1 1 1 1
 1 1 1 1 1
 1 1 1 1 1
 1 1 1 1 1
 1 1 1 1 1
 1 1 1 1 1
 1 1 1 1 1
 1 1 1 1 1
 1 1 1 1 1
 1 1 1 1 1
 1 1 1 1 1
 1 1 1 1 1
 1 1 1 1 1
 1 1 1 1 1
 1 1 1 1 1
 1 1 1 1 1
 1 1 1 1 1
 1 1 1 1 1
 1 1 1 1 1
 1 1 1 1 1
 1 1 1 1 1
 1 1 1 1 1
 1 1 1 1 1
 1 1 1 1 1
 1 1 1 1 1
 1 1 1 1 1
Sel_pelaces
 1 1 1 1 1
 1 1 1 1 1
 1 1 1 1 1
 1 1 1 1 1
 1 1 1 1 1
 1 1 1 1 1
 1 1 1 1 1
 1 1 1 1 1
 1 1 1 1 1
 1 1 1 1 1
 1 1 1 1 1
 1 1 1 1 1
 1 1 1 1 1
 1 1 1 1 1
 1 1 1 1 1
 1 1 1 1 1
 1 1 1 1 1
 1 1 1 1 1
 1 1 1 1 1
 1 1 1 1 1
 1 1 1 1 1
 1 1 1 1 1
 1 1 1 1 1
 1 1 1 1 1
 1 1 1 1 1
 1 1 1 1 1
 1 1 1 1 1
 1 1 1 1 1
 1 1 1 1 1
 1 1 1 1 1
 1 1 1 1 1
 1 1 1 1 1
 1 1 1 1 1
pf_obs 
 0.8446 0.082 0.0669 0.0065 0
 0.8095 0.147 0.0364 0.0071 0
 0.9664 0.0169 0.016 0.0007 0
 0.9276 0.0648 0.0075 0.0001 0
 0.7033 0.2144 0.0806 0.0017 0
 0.9318 0.0425 0.0243 0.0014 0
 0.5671 0.3108 0.0964 0.0239 0.0018
 0.0768 0.2599 0.5324 0.112 0.0189
 0.490249 0.384438 0.106611 0.0170017 0.00170017
 0.7925 0.1577 0.0466 0.003 0.0002
 0.840416 0.127587 0.0312969 0.00059994 9.999e-05
 0.8084 0.0986 0.0794 0.0134 0.0002
 0.7335 0.1905 0.0724 0.0035 0.0001
 0.4001 0.4547 0.1325 0.0127 0
 0.49795 0.308269 0.164784 0.0264974 0.00249975
 0.9179 0.0499 0.0305 0.0017 0
 0.2467 0.6533 0.0926 0.0074 0
 0.9418 0.0223 0.034 0.0019 0
 0.707729 0.231977 0.0356964 0.0245975 0
 0.517169 0.277429 0.184464 0.0207286 0.00020938
 0.811772 0.124168 0.05621 0.00726502 0.000585176
 0.764997 0.148141 0.077277 0.00933861 0.000247198
 0.163321 0.427699 0.378323 0.0303852 0.000271297
 0.753843 0.0900009 0.118128 0.0371064 0.000921714
 0.721811 0.176058 0.0630433 0.0369309 0.00215725
 0.143369 0.312575 0.442814 0.0836902 0.0175525
 0.692698 0.0596174 0.167031 0.0765114 0.00414204
 0.394062 0.376323 0.152708 0.0712218 0.00568511
 0.125707 0.32114 0.495352 0.0537591 0.00404204
 0.23352 0.215282 0.420074 0.123614 0.00750983
 0.796117 0.104755 0.0508955 0.0450114 0.00322123
 0.162477 0.292055 0.404252 0.121198 0.0200186
 0 0 0 0 0
pf_pred 
 0.464874 0.0947595 0.420175 0.0201906 1.12366e-06
 0.460958 0.25075 0.0510504 0.226363 0.010878
 0.562546 0.201786 0.109628 0.0223192 0.103722
 0.846792 0.0862343 0.0308933 0.016784 0.0192968
 0.68095 0.270222 0.0274835 0.00984593 0.0114992
 0.731284 0.183052 0.0725539 0.00737926 0.00573112
 0.480712 0.379872 0.0949714 0.0376427 0.00680197
 0.438418 0.270141 0.213197 0.0533011 0.0249438
 0.495509 0.221324 0.136213 0.1075 0.0394534
 0.657285 0.169925 0.0758044 0.0466534 0.0503321
 0.794511 0.135124 0.0348885 0.015564 0.0199128
 0.608487 0.311137 0.0528526 0.0136464 0.0138765
 0.434279 0.344416 0.175872 0.0298753 0.0155575
 0.459191 0.235054 0.186146 0.0950535 0.024555
 0.981412 0.00854748 0.00436393 0.00345591 0.0022206
 0.904481 0.093746 0.000815349 0.000416278 0.000541486
 0.410149 0.53358 0.0552267 0.00048033 0.000564228
 0.836833 0.0669754 0.0870147 0.00900622 0.000170344
 0.855462 0.120982 0.00966871 0.0125616 0.00132475
 0.808678 0.163703 0.0231175 0.00184751 0.00265342
 0.731821 0.216925 0.0438551 0.00619302 0.00120577
 0.74687 0.185309 0.0548593 0.0110907 0.00187112
 0.327405 0.502506 0.124517 0.0368624 0.00870965
 0.724056 0.0904211 0.138607 0.0343458 0.0125702
 0.748725 0.181999 0.0227002 0.0347973 0.0117783
 0.39334 0.454362 0.11031 0.0137586 0.0282294
 0.749434 0.0986305 0.113793 0.0276266 0.0105157
 0.730644 0.201927 0.0265422 0.0306225 0.0102644
 0.548474 0.330013 0.0910939 0.0119738 0.018445
 0.579252 0.230896 0.13876 0.0383021 0.0127901
 0.47483 0.304362 0.121174 0.0728212 0.0268132
 0.534041 0.221399 0.141735 0.0564281 0.0463975
 0.863755 0.0728025 0.0301447 0.0192979 0.0140003
pobs_RECLAS
 0 0 0 0 0
 0 0 0 0 0
 0 0 0 0 0
 0 0 0 0 0
 0 0 0 0 0
 0 0 0 0 0
 0 0 0 0 0
 0 0 0 0 0
 0 0 0 0 0
 0 0 0 0 0
 0.991045 0.00858322 0.000360255 1.14367e-05 0
 0.934742 0.0480273 0.0164251 0.00080598 0
 0.827803 0.169806 0.00239088 0 0
 0.941827 0.0461693 0.0120037 0 0
 0.791401 0.0380133 0.147996 0.0225897 0
 0.846168 0.0940531 0.0597789 0 0
 0.134021 0.677848 0.182769 0.00536245 0
 0.80878 0.0450904 0.141981 0.00414843 0
 0.846168 0.0940531 0.0597789 0 0
 0.905697 0.0802665 0.012482 0.00150086 5.37128e-05
 0.989698 0.0102097 9.19794e-05 0 0
 0.975433 0.0193895 0.00387452 0.00125025 5.28907e-05
 0.303575 0.632131 0.0575291 0.00676475 0
 0.966965 0.00978017 0.0227588 0.000495775 0
 0.843318 0.132988 0.00938335 0.0141283 0.000182051
 0.564624 0.303363 0.111486 0.0197234 0.00080311
 0.826376 0.0876187 0.0782897 0.00655872 0.00115652
 0.89761 0.0855135 0.0140674 0.00269457 0.000114338
 0.34875 0.467042 0.161289 0.0227151 0.000203297
 0.318654 0.224769 0.449479 0.00709798 0
 0.937255 0.0296025 0.0250945 0.00804832 0
 0.456809 0.399803 0.12412 0.0192676 0
 0.883104 0.0372192 0.0704036 0.00927362 0
ppred_RECLAS
 0.465165 0.0947079 0.419946 0.0201796 1.12305e-06
 0.461251 0.250614 0.0510226 0.22624 0.0108721
 0.562835 0.201652 0.109555 0.0223044 0.103653
 0.846944 0.0861483 0.0308625 0.0167672 0.0192775
 0.681203 0.270007 0.0274617 0.00983811 0.0114901
 0.731514 0.182895 0.0724917 0.00737294 0.00572621
 0.481007 0.379656 0.0949174 0.0376212 0.0067981
 0.438704 0.270003 0.213088 0.0532739 0.024931
 0.495803 0.221196 0.136134 0.107438 0.0394304
 0.657551 0.169793 0.0757456 0.0466173 0.0502931
 0.794701 0.134999 0.0348562 0.0155496 0.0198944
 0.608772 0.310911 0.0528142 0.0136365 0.0138664
 0.434577 0.344234 0.17578 0.0298596 0.0155493
 0.459585 0.234883 0.18601 0.0949843 0.0245371
 0.981434 0.00853743 0.0043588 0.00345185 0.00221799
 0.904585 0.0936441 0.000814463 0.000415825 0.000540898
 0.410437 0.533319 0.0551997 0.000480096 0.000563953
 0.836999 0.0669073 0.0869262 0.00899706 0.000170171
 0.855613 0.120856 0.00965862 0.0125485 0.00132337
 0.808862 0.163546 0.0230953 0.00184574 0.00265088
 0.732052 0.216738 0.0438173 0.00618768 0.00120473
 0.747094 0.185145 0.0548108 0.0110809 0.00186947
 0.327663 0.502313 0.124469 0.0368482 0.0087063
 0.72429 0.0903443 0.138489 0.0343166 0.0125595
 0.748945 0.18184 0.0226803 0.0347668 0.0117679
 0.393619 0.454153 0.110259 0.0137522 0.0282164
 0.749655 0.0985438 0.113693 0.0276023 0.0105065
 0.730874 0.201754 0.0265194 0.0305963 0.0102556
 0.548764 0.329802 0.0910355 0.0119661 0.0184332
 0.579537 0.23074 0.138666 0.0382761 0.0127814
 0.475124 0.304191 0.121106 0.0727804 0.0267981
 0.534332 0.221261 0.141646 0.0563928 0.0463684
 0.863893 0.0727285 0.0301141 0.0192783 0.013986
pobs_PELACES
 0 0 0 0 0
 0 0 0 0 0
 0 0 0 0 0
 0 0 0 0 0
 0 0 0 0 0
 0 0 0 0 0
 0 0 0 0 0
 0 0 0 0 0
 0 0 0 0 0
 0 0 0 0 0
 0 0 0 0 0
 0 0 0 0 0
 0 0 0 0 0
 0 0 0 0 0
 0 0 0 0 0
 0 0 0 0 0
 0.505614 0.472636 0.0217494 0 0
 0 0 0 0 0
 0.443492 0.261883 0.143347 0.151278 0
 0.227955 0.32914 0.350689 0.0885471 0.00366901
 0.970185 0.0296113 0.000203453 0 0
 0.997202 0.00247181 0.000326279 0 0
 0.445219 0.490057 0.0546422 0.010081 0
 0.90214 0.0892962 0.00764917 0.000914606 0
 0 0 0 0 0
 0.581667 0.319106 0.0959925 0.00289975 0.000334073
 0.762889 0.0836404 0.116647 0.0363945 0.000428098
 0.88444 0.0763242 0.0277011 0.0115352 0
 0.521256 0.241999 0.230069 0.00667565 0
 0.616807 0.101726 0.260614 0.0208532 0
 0.833518 0.0704572 0.0857862 0.0102388 0
 0.697417 0.212968 0.0787535 0.0105354 0.000325836
 0 0 0 0 0
ppred_PELACES
 0.465173 0.0947065 0.41994 0.0201793 1.12303e-06
 0.461265 0.250607 0.0510213 0.226234 0.0108718
 0.562849 0.201646 0.109552 0.0223037 0.10365
 0.846952 0.0861439 0.0308609 0.0167664 0.0192766
 0.681207 0.270004 0.0274614 0.00983799 0.0114899
 0.731521 0.18289 0.0724899 0.00737275 0.00572606
 0.481025 0.379643 0.094914 0.0376199 0.00679786
 0.438707 0.270002 0.213087 0.0532736 0.0249309
 0.495814 0.221191 0.136131 0.107435 0.0394295
 0.657565 0.169786 0.0757426 0.0466154 0.0502911
 0.794704 0.134997 0.0348558 0.0155494 0.0198941
 0.608796 0.310892 0.052811 0.0136356 0.0138655
 0.434615 0.344211 0.175768 0.0298576 0.0155482
 0.459754 0.23481 0.185952 0.0949547 0.0245295
 0.981436 0.00853647 0.00435831 0.00345146 0.00221775
 0.904595 0.0936336 0.000814372 0.000415779 0.000540837
 0.410461 0.533298 0.0551975 0.000480077 0.00056393
 0.837021 0.0668986 0.0869149 0.00899589 0.000170148
 0.855634 0.120839 0.00965726 0.0125467 0.00132318
 0.808875 0.163535 0.0230937 0.00184561 0.00265069
 0.732064 0.216729 0.0438154 0.00618742 0.00120468
 0.747108 0.185135 0.0548078 0.0110803 0.00186936
 0.327673 0.502305 0.124467 0.0368477 0.00870617
 0.724299 0.0903414 0.138485 0.0343156 0.0125592
 0.748953 0.181834 0.0226796 0.0347657 0.0117676
 0.393627 0.454147 0.110258 0.0137521 0.0282161
 0.749662 0.0985408 0.11369 0.0276015 0.0105061
 0.730881 0.201749 0.0265188 0.0305955 0.0102553
 0.548771 0.329796 0.091034 0.0119659 0.0184329
 0.579545 0.230735 0.138663 0.0382754 0.0127812
 0.475139 0.304183 0.121103 0.0727782 0.0267973
 0.534343 0.221256 0.141643 0.0563915 0.0463674
 0.863899 0.0727251 0.0301127 0.0192774 0.0139854
pobs_pel_tallas
 0 0 0 0 0 0 0 0 0 0 0 0 0 0 0 0 0 0 0 0 0 0 0 0 0 0
 0 0 0 0 0 0 0 0 0 0 0 0 0 0 0 0 0 0 0 0 0 0 0 0 0 0
 0 0 0 0 0 0 0 0 0 0 0 0 0 0 0 0 0 0 0 0 0 0 0 0 0 0
 0 0 0 0 0 0 0 0 0 0 0 0 0 0 0 0 0 0 0 0 0 0 0 0 0 0
 0 0 0 0 0 0 0 0 0 0 0 0 0 0 0 0 0 0 0 0 0 0 0 0 0 0
 0 0 0 0 0 0 0 0 0 0 0 0 0 0 0 0 0 0 0 0 0 0 0 0 0 0
 0 0 0 0 0 0 0 0 0 0 0 0 0 0 0 0 0 0 0 0 0 0 0 0 0 0
 0 0 0 0 0 0 0 0 0 0 0 0 0 0 0 0 0 0 0 0 0 0 0 0 0 0
 0 0 0 0 0 0 0 0 0 0 0 0 0 0 0 0 0 0 0 0 0 0 0 0 0 0
 0 0 0 0 0 0 0 0 0 0 0 0 0 0 0 0 0 0 0 0 0 0 0 0 0 0
 0 0 0 0 0 0 0 0 0 0 0 0 0 0 0 0 0 0 0 0 0 0 0 0 0 0
 0 0 0 0 0 0 0 0 0 0 0 0 0 0 0 0 0 0 0 0 0 0 0 0 0 0
 0.00862536 0 0 0.000197151 0.00414017 0.0128641 0.00837892 0.0270097 0.101434 0.158115 0.152841 0.127902 0.109271 0.109419 0.0830992 0.0579132 0.0238553 0.00714673 0.00463305 0.00128148 0.00103504 0.000492878 0.000147863 0.000147863 4.92878e-05 0
 0 0 0 0 0 0 0 0 0 0 0 0 0 0 0 0 0 0 0 0 0 0 0 0 0 0
 0 0 0 0 0 0 0 0.0054083 0.00873648 0.0413646 0.0450493 0.0745869 0.0622846 0.0627006 0.0613931 0.0827291 0.12552 0.122667 0.0946155 0.0697135 0.0546179 0.0294188 0.0215738 0.0213955 0.0102223 0.00600262
 0 0 0 0 0.00359764 0.0251062 0.0480494 0.140153 0.205849 0.193036 0.1447 0.116669 0.0760912 0.0342217 0.00950174 0.001854 0.000860785 0 0 0 0.000165536 0 0.000143464 0 0 0
 0 0 0 0 0 0 0 0.000145254 0.000435761 0.0275982 0.070085 0.0708112 0.156366 0.174668 0.174014 0.160142 0.0824315 0.0480064 0.0283245 0.00493863 0.00203355 0 0 0 0 0
 0 0 0 0 0 0 0 0 0 0 0 0 0 0 0 0 0 0 0 0 0 0 0 0 0 0
 0 0 1.00437e-05 0.000401748 0.00122533 0.00171747 0.00176769 0.0269171 0.070346 0.194647 0.189555 0.159765 0.064822 0.0314167 0.0384472 0.0292271 0.0345202 0.0313363 0.0194345 0.0106764 0.0143323 0.0359363 0.0279516 0.0138201 0.00172751 0
 0 0.0021121 0.0136068 0.0755702 0.200478 0.177729 0.0527432 0.0373336 0.0318909 0.0142505 0.0149659 0.0166563 0.0217959 0.0798694 0.0677717 0.0528807 0.04013 0.0224614 0.0357745 0.0225083 0.00881397 0.00855152 0.00135912 0.000746735 0 0
 0 0 0 0 5.4009e-05 0.00500934 0.000945158 0.0243581 0.138947 0.33067 0.221406 0.137944 0.0707744 0.0437923 0.0131692 0.00525238 0.0047753 0.00276346 9.45158e-05 9.00151e-06 2.25038e-05 9.00151e-06 4.50075e-06 0 0 0
 0.000866109 0.00284123 0.00948549 0.0512746 0.133035 0.25785 0.225252 0.132002 0.0553304 0.0519788 0.0540692 0.017754 0.00435017 0.00159236 0.00146478 0.000404838 0.000125132 0.000115318 0.000107957 0.000100596 0 0 0 0 0 0
 0 0 0 0 0.00144013 0.00171154 0.00461396 0.0210425 0.0478622 0.0707936 0.0888783 0.103762 0.0637923 0.0337046 0.0602308 0.124433 0.169614 0.0934646 0.0462172 0.0250306 0.0313229 0.00938855 0.002487 0.000210481 0 0
 0 0.00764035 0.051015 0.0998891 0.058973 0.0496711 0.0374665 0.0718981 0.12319 0.153886 0.159021 0.0857701 0.0377988 0.023471 0.0147837 0.00900784 0.00315554 0.000888139 0.00291439 0.00214683 0.00393193 0.00274676 0.000635225 9.99891e-05 0 0
 0 0 0 0 0 0 0 0 0 0 0 0 0 0 0 0 0 0 0 0 0 0 0 0 0 0
 0 0 0 0 0 0 0 0 0 0 0 0 0 0 0 0 0 0 0 0 0 0 0 0 0 0
 0 0 0 0 0 0 0 0 0 0 0 0 0 0 0 0 0 0 0 0 0 0 0 0 0 0
 0 0 0 0 0 0 0 0 0 0 0 0 0 0 0 0 0 0 0 0 0 0 0 0 0 0
 0 0 0 0 0 0 0 0 0 0 0 0 0 0 0 0 0 0 0 0 0 0 0 0 0 0
 0 0 0 0 0 0 0 0 0 0 0 0 0 0 0 0 0 0 0 0 0 0 0 0 0 0
 0 0 0 0 0 0 0 0 0 0 0 0 0 0 0 0 0 0 0 0 0 0 0 0 0 0
 0 0 0 0 0 0 0 0 0 0 0 0 0 0 0 0 0 0 0 0 0 0 0 0 0 0
 0 0 0 0 0 0 0 0 0 0 0 0 0 0 0 0 0 0 0 0 0 0 0 0 0 0
ppred_pel_tallas
 1.14167e-16 3.83157e-05 0.000372443 0.00247501 0.0112511 0.0350063 0.0745849 0.108861 0.108871 0.0746329 0.0351692 0.0117298 0.00370717 0.00316247 0.00563005 0.0100089 0.0161835 0.0240229 0.0332769 0.0436038 0.0543774 0.0643537 0.071623 0.0741719 0.070843 0.0620439
 1.26065e-16 3.79939e-05 0.000369314 0.00245422 0.0111566 0.0347123 0.0739591 0.107951 0.107975 0.0740777 0.0351108 0.0123092 0.00535368 0.00672073 0.0121689 0.0202499 0.0296554 0.0384147 0.0446532 0.0477798 0.0489394 0.0502058 0.0530812 0.0574484 0.061663 0.0635532
 1.22991e-16 4.63612e-05 0.000450647 0.00299471 0.0136135 0.0423569 0.0902465 0.131721 0.131741 0.0903423 0.0426789 0.0145457 0.0053424 0.00560183 0.00990785 0.016517 0.0242978 0.0316651 0.0370721 0.0399259 0.0409612 0.0416657 0.0432 0.045658 0.048127 0.0493202
 1.05857e-16 6.97624e-05 0.000678115 0.00450631 0.020485 0.0637366 0.135798 0.198203 0.198211 0.135839 0.0638736 0.0208813 0.00550289 0.00286026 0.00423395 0.00694279 0.0101247 0.0130168 0.0149035 0.0154887 0.0150732 0.0143274 0.0138347 0.0137656 0.0138791 0.013765
 1.03793e-16 5.61102e-05 0.000545411 0.00362445 0.0164762 0.0512638 0.109224 0.159421 0.159447 0.109351 0.0516905 0.0177084 0.00671674 0.00729383 0.0128666 0.0211674 0.030454 0.0382323 0.0420057 0.0406396 0.0350484 0.0275884 0.0206572 0.0155797 0.0124213 0.0105211
 1.03848e-16 6.02545e-05 0.000585695 0.00389215 0.0176932 0.0550501 0.117291 0.171193 0.171211 0.117377 0.0553408 0.0185338 0.0060059 0.00521168 0.00887993 0.0146738 0.0213389 0.0272643 0.0308344 0.0312815 0.0290943 0.0255939 0.0220471 0.0190387 0.0164792 0.0140292
 1.0776e-16 3.96215e-05 0.000385135 0.00255936 0.0116345 0.0361995 0.0771281 0.112578 0.112615 0.0773073 0.0368013 0.0133739 0.00692909 0.00993649 0.0182156 0.030147 0.043651 0.0553753 0.0619229 0.0617321 0.0559717 0.0476562 0.0397246 0.0336084 0.0291326 0.0253749
 1.1578e-16 3.61358e-05 0.000351253 0.0023342 0.0106109 0.0330147 0.0703423 0.102672 0.102699 0.070471 0.0334478 0.0118654 0.00549737 0.00730374 0.0133795 0.0224277 0.0331646 0.043519 0.0513713 0.055723 0.057157 0.0571233 0.0566828 0.0557945 0.0536209 0.0493906
 1.21432e-16 4.08396e-05 0.000396975 0.00263804 0.0119922 0.0373122 0.0794984 0.116035 0.116056 0.0796037 0.0376663 0.0130176 0.00522265 0.00607471 0.0109302 0.0182902 0.0270293 0.0354768 0.0419898 0.0459256 0.048004 0.0496455 0.0518091 0.0542756 0.0558564 0.0552128
 1.15415e-16 5.41628e-05 0.000526481 0.00349865 0.0159044 0.0494845 0.105433 0.153885 0.153902 0.105513 0.0497552 0.0166876 0.00547012 0.00484858 0.00831795 0.0138147 0.0202574 0.0262669 0.0305056 0.0324477 0.0327042 0.0325447 0.0329856 0.0341631 0.035381 0.0356484
 1.05967e-16 6.54587e-05 0.000636282 0.00422832 0.0192213 0.0598048 0.127421 0.185977 0.18599 0.127485 0.0600189 0.0198403 0.00578369 0.00403736 0.00654183 0.0107576 0.0156027 0.0198676 0.0223761 0.0226171 0.0210508 0.0187757 0.0168234 0.0156307 0.0150031 0.014444
 1.05318e-16 5.01458e-05 0.000487435 0.00323918 0.0147249 0.0458146 0.097614 0.142477 0.142507 0.0977605 0.0463066 0.0161461 0.00680755 0.00828019 0.0148589 0.0245094 0.0353595 0.0445913 0.0493672 0.0483889 0.0426648 0.0348027 0.0274173 0.0218959 0.0182364 0.0156927
 1.10786e-16 3.57988e-05 0.000347977 0.00231243 0.010512 0.0327069 0.0696867 0.101717 0.10175 0.0698499 0.0332555 0.0120992 0.00630641 0.00909989 0.0167543 0.0278953 0.0407743 0.0525185 0.0601873 0.0623838 0.0599732 0.0552541 0.0503099 0.0459085 0.0416264 0.0367349
 1.191e-16 3.78693e-05 0.000368103 0.00244618 0.01112 0.0345985 0.0737167 0.107596 0.107619 0.0738287 0.0349755 0.0122124 0.00520197 0.00642937 0.0116839 0.0196123 0.0290948 0.0383934 0.0457605 0.0504374 0.053016 0.0547628 0.0564718 0.0578269 0.0577129 0.0550763
 1.0085e-16 8.08396e-05 0.00078579 0.00522185 0.0237378 0.073857 0.15736 0.229672 0.229673 0.157364 0.0738706 0.0237772 0.00532125 0.00100392 0.000498512 0.000705355 0.00103041 0.00134406 0.00157665 0.0017032 0.00175417 0.00179012 0.00185572 0.00194943 0.00202847 0.00203856
 1.00181e-16 7.45103e-05 0.000724267 0.00481301 0.0218792 0.0680745 0.14504 0.211692 0.211701 0.145084 0.0682222 0.0223054 0.00588181 0.0030542 0.00448989 0.00727963 0.0104204 0.0129801 0.0140654 0.0132678 0.0109114 0.00785068 0.00498231 0.00284378 0.00152557 0.000835611
 1.01873e-16 3.38092e-05 0.000328638 0.00218391 0.00992779 0.0308893 0.0658148 0.0960695 0.0961208 0.0660658 0.0317318 0.0123608 0.00828903 0.0136496 0.0253131 0.0417418 0.0600015 0.075181 0.0822826 0.0789754 0.066977 0.0508946 0.0355067 0.0235974 0.0155792 0.0104841
 1.03457e-16 6.89443e-05 0.000670163 0.00445347 0.0202448 0.0629892 0.134205 0.195878 0.195885 0.134238 0.0630975 0.0205593 0.00524865 0.00242541 0.00345914 0.00575711 0.00862978 0.0115658 0.0140684 0.0158701 0.0170132 0.017674 0.0179013 0.017527 0.0163243 0.0142468
 1.01792e-16 7.04774e-05 0.000685066 0.0045525 0.020695 0.06439 0.13719 0.200235 0.200247 0.137247 0.0645809 0.0212464 0.00593606 0.00370427 0.00580142 0.00947193 0.0136221 0.0171015 0.0187947 0.0182025 0.0157438 0.0124801 0.00948121 0.00732221 0.00600268 0.00519585
 1.01342e-16 6.6626e-05 0.000647628 0.00430372 0.0195641 0.0608712 0.129693 0.189294 0.18931 0.12977 0.0611298 0.0203109 0.00617833 0.00473968 0.0078374 0.0128491 0.0184973 0.0232471 0.0255788 0.0247873 0.0213936 0.0167843 0.0123794 0.00897964 0.00666653 0.00511967
 1.02145e-16 6.02992e-05 0.000586129 0.00389504 0.0177063 0.0550909 0.117378 0.171321 0.171342 0.11748 0.0554341 0.0186976 0.00638434 0.00602338 0.0103955 0.0171135 0.0246996 0.0311683 0.03453 0.0338537 0.0297994 0.0241341 0.0186432 0.0142972 0.0111559 0.00881097
 1.03057e-16 6.15383e-05 0.000598174 0.00397508 0.0180701 0.056223 0.11979 0.17484 0.174858 0.119877 0.0565168 0.0189191 0.00610828 0.00526233 0.00894122 0.0147406 0.0213599 0.0271349 0.030403 0.0303845 0.027614 0.0235152 0.0194838 0.0162127 0.0136582 0.0114519
 1.08889e-16 2.69901e-05 0.000262354 0.00174344 0.00792543 0.0246592 0.0525409 0.0766951 0.0767436 0.0527779 0.0254554 0.0102263 0.0075234 0.0128949 0.0240622 0.039852 0.0576763 0.073101 0.0816068 0.0810993 0.0731059 0.0616189 0.0505675 0.0419243 0.0355602 0.0303507
 1.09587e-16 5.96596e-05 0.000579912 0.00385372 0.0175185 0.0545065 0.116132 0.1695 0.169509 0.116176 0.0546537 0.0179463 0.0049378 0.00298018 0.00471747 0.00796503 0.0120798 0.0164783 0.0205849 0.0241148 0.0271425 0.0298242 0.0320289 0.0332466 0.0328682 0.0305961
 1.06179e-16 6.16903e-05 0.000599652 0.0039849 0.0181148 0.0563619 0.120086 0.175272 0.17529 0.120171 0.0566496 0.0189459 0.00607173 0.00515733 0.00872442 0.0143458 0.0207137 0.0261783 0.0291221 0.02885 0.026024 0.0222193 0.0189509 0.0169189 0.0159183 0.0152681
 1.09453e-16 3.24226e-05 0.00031516 0.00209435 0.00952063 0.0296225 0.0631154 0.092128 0.0921718 0.0633297 0.0303422 0.0116004 0.00731864 0.0117321 0.0217516 0.0360039 0.0520866 0.0659757 0.0735793 0.0730082 0.0656675 0.0552142 0.0452649 0.0376618 0.0323099 0.0281531
 1.07853e-16 6.17487e-05 0.000600219 0.00398867 0.0181319 0.0564152 0.120199 0.175436 0.175445 0.120246 0.0565744 0.0185941 0.00515674 0.00317686 0.00503393 0.00843084 0.0126237 0.0168948 0.020538 0.0232119 0.0250615 0.0264385 0.0274722 0.0278883 0.0272159 0.0251646
 1.05621e-16 6.02017e-05 0.000585182 0.00388874 0.0176777 0.0550019 0.117188 0.171044 0.171063 0.117283 0.0553211 0.0185997 0.00620373 0.00564068 0.00966757 0.0159049 0.0229528 0.0289763 0.0321636 0.0317204 0.0283582 0.0238118 0.0197739 0.0170661 0.0155353 0.0145123
 1.07031e-16 4.52016e-05 0.000439376 0.00291981 0.013273 0.0412975 0.08799 0.128431 0.128462 0.0881457 0.0418206 0.0147846 0.00671761 0.00874165 0.015847 0.0262168 0.037973 0.0481964 0.0539306 0.053804 0.0488091 0.0415429 0.0345544 0.0291126 0.0251181 0.021827
 1.10062e-16 4.77364e-05 0.000464015 0.00308354 0.0140173 0.0436133 0.0929236 0.135629 0.135652 0.0930332 0.0439819 0.0150842 0.00577008 0.00635756 0.0113255 0.018871 0.0277042 0.0359448 0.0416888 0.044045 0.0435805 0.0417368 0.0397261 0.0378333 0.0355669 0.0323196
 1.15407e-16 3.91366e-05 0.000380422 0.00252804 0.0114921 0.0357564 0.0761839 0.111199 0.111228 0.076328 0.0362405 0.0128924 0.00605039 0.00809503 0.0147661 0.0245509 0.0358455 0.0461184 0.0528287 0.0548671 0.0531872 0.0500199 0.0473127 0.0456486 0.0443093 0.0421322
 1.17647e-16 4.40132e-05 0.000427824 0.00284304 0.0129241 0.0402117 0.085676 0.125051 0.125073 0.0857812 0.0405657 0.0139491 0.00542598 0.00609947 0.0109138 0.0182342 0.0268847 0.0351412 0.0412848 0.0445808 0.0456696 0.0459542 0.0464876 0.0472791 0.0474654 0.0460329
 1.05188e-16 7.11583e-05 0.000691684 0.00459648 0.0208949 0.065012 0.138515 0.202168 0.202175 0.13855 0.0651278 0.02123 0.00543962 0.00253912 0.0036004 0.00589496 0.00861883 0.01113 0.012835 0.0134899 0.0133418 0.0129324 0.0127144 0.0127869 0.0129118 0.0127325
pSPR Fmed_Fpbrs
1   0.978283 0.600174 0.325226 0.978283 0.978283 0.978283
Fs Fmed_Fpbrs
0   0.01 0.249972 0.598204 0.01 0.01 0.01
SSBpbr Bo_Bmed_Bpbrs
1.78139e+06  1.69232e+06  1.65363e+06 980075 490285 1.65363e+06 1.65363e+06 1.65363e+06
Ro
224656
SPR SPRFo_SPRFmed_SPRFpbrs
1.6185e+06 1.6185e+06 1.58335e+06
Fref
0
Nvult_r0
 260898 21967.6 9095.95 5823.01 4224.48
CTP_r0
 32031.1 2699.78 1117.87 715.636 519.18
YTP_r0
356248
Np
 383579 141111 51911.7 19097.3 9610.02
Nvult_p0
 242468 89199 32814.5 12071.8 6074.69
CTP_p0
 0 0 0 0 0
 0 0 0 0 0
 0 0 0 0 0
 0 0 0 0 0
 0 0 0 0 0
 0 0 0 0 0
YTP_p0
 0 0 0 0 0 0
CBA_c0
0
log_Ro
12.1423
likeval ReclasPelacesDesembMPH_pf_preclas_ppelaces_ptallas_desvR_qrecl_qpela
 48.8244 15.0176 0.339166 146.673 246.945 151.193 120.937 0 30.5514 4.5189e-06 1.49403e-06 0.952977 2088.75 0 0
q_reclas_q_pelaces
0.740352 0.841255
M
1
N
 255562 52035.1 230730 11087.2 0.617032
 158802 86290.6 17567.9 77898.3 3743.45
 140040 50177.5 27260.8 5550.04 25792.2
 437817 44537.3 15955.4 8668.39 9966.18
 347218 137630 13998 5014.75 5856.81
 487831 121975 48345.8 4917.12 3818.89
 207549 163835 40960.3 16234.9 2933.62
 102425 63039.2 49750.9 12438.2 5820.8
 82040.8 36603.8 22527.6 17779 6525.01
 103915 26835.5 11971.5 7367.79 7948.75
 192426 32688.8 8440.15 3765.2 4817.27
 132837 67853.1 11526.2 2976.02 3026.2
 47283.1 37462.3 19129.7 3249.55 1692.19
 22738.8 11633.2 9212.68 4704.36 1215.27
 163788 1425.03 727.55 576.166 370.217
 431780 44707 388.836 198.521 258.232
 88554.8 115084 11911.5 103.599 121.695
 317266 25367.3 32957.3 3411.16 64.5187
 550066 77716.9 6211 8069.34 850.992
 650292 131501 18570 1484.09 2131.47
 647795 191809 38777.4 5475.98 1066.16
 826048 204734 60610.1 12253.4 2067.27
 163302 250361 62037.6 18365.8 4339.37
 427204 53290.8 81689.9 20242.1 7408.42
 577924 140325 17502.3 26829.4 9081.27
 165842 191355 46457.2 5794.45 11888.9
 426183 56026.1 64639 15693 5973.35
 511557 141220 18562.6 21416.2 7178.5
 286881 172421 47593.4 6255.88 9636.87
 244982 97542.8 58619.6 16180.8 5403.22
 129540 82944 33022.1 19845.1 7307.06
 97970.1 40570.8 25972.5 10340.3 8502.21
 383579 32294.9 13372.1 8560.5 6210.47
pred_Ctot
 13367.6 2724.83 12082.2 580.585 0.032311
 14340.1 7800.68 1588.14 7042.02 338.408
 12137.8 4353.84 2365.39 481.57 2237.95
 40785.9 4153.5 1487.98 808.404 929.435
 9933.69 3942 400.93 143.632 167.75
 27053.9 6772 2684.14 272.996 212.023
 23237.1 18362.6 4590.81 1819.6 328.799
 1853.74 1142.22 901.45 225.37 105.469
 5804.1 2592.46 1595.52 1259.19 462.133
 9640.91 2492.41 1111.88 684.301 738.259
 5063.12 861.093 222.332 99.1834 126.897
 20027 10240.4 1739.53 449.14 456.713
 10227.2 8110.91 4141.76 703.557 366.375
 13618.9 6971.37 5520.82 2819.15 728.266
 27370.3 238.378 121.704 96.381 61.9299
 77183.6 7999.79 69.5776 35.5229 46.2076
 12643.9 16449 1702.51 14.8075 17.3939
 69253.7 5542.68 7201.06 745.326 14.0971
 126071 17829.4 1424.89 1851.23 195.23
 82960.7 16794 2371.58 189.532 272.209
 58413.2 17314.7 3500.46 494.32 96.2433
 93435.1 23182.5 6863.02 1387.48 234.081
 11772.4 18068.5 4477.24 1325.45 313.171
 29195.3 3645.96 5588.92 1384.89 506.856
 36830.7 8952.77 1116.65 1711.72 579.387
 8623.16 9960.94 2418.31 301.628 618.871
 26972.8 3549.79 4095.5 994.303 378.469
 27293.4 7543.03 991.488 1143.91 383.427
 13826.2 8319.11 2296.33 301.84 464.969
 12420.7 4951.04 2975.39 821.301 274.255
 12333.8 7905.87 3147.53 1891.55 696.478
 6495.12 2692.71 1723.81 686.292 564.297
 32031.1 2699.78 1117.87 715.636 519.18
F
 0.0857425 0.0858422 0.0858422 0.0858422 0.0858422
 0.152094 0.15227 0.15227 0.15227 0.15227
 0.145599 0.145768 0.145768 0.145768 0.145768
 0.157231 0.157414 0.157414 0.157414 0.157414
 0.0461368 0.0461904 0.0461904 0.0461904 0.0461904
 0.0911083 0.0912143 0.0912143 0.0912143 0.0912143
 0.19161 0.191833 0.191833 0.191833 0.191833
 0.0289794 0.0290131 0.0290131 0.0290131 0.0290131
 0.117489 0.117626 0.117626 0.117626 0.117626
 0.156544 0.156726 0.156726 0.156726 0.156726
 0.0423658 0.0424151 0.0424151 0.0424151 0.0424151
 0.265793 0.266102 0.266102 0.266102 0.266102
 0.402286 0.402753 0.402753 0.402753 0.402753
 1.76988 1.77194 1.77194 1.77194 1.77194
 0.298443 0.29879 0.29879 0.29879 0.29879
 0.322253 0.322628 0.322628 0.322628 0.322628
 0.25016 0.25045 0.25045 0.25045 0.25045
 0.406668 0.407141 0.407141 0.407141 0.407141
 0.431022 0.431523 0.431523 0.431523 0.431523
 0.220921 0.221178 0.221178 0.221178 0.221178
 0.151861 0.152038 0.152038 0.152038 0.152038
 0.193748 0.193973 0.193973 0.193973 0.193973
 0.119835 0.119975 0.119975 0.119975 0.119975
 0.113299 0.113431 0.113431 0.113431 0.113431
 0.105309 0.105432 0.105432 0.105432 0.105432
 0.0852155 0.0853145 0.0853145 0.0853145 0.0853145
 0.10455 0.104671 0.104671 0.104671 0.104671
 0.0875227 0.0876245 0.0876245 0.0876245 0.0876245
 0.0787762 0.0788677 0.0788677 0.0788677 0.0788677
 0.0830171 0.0831136 0.0831136 0.0831136 0.0831136
 0.160941 0.161128 0.161128 0.161128 0.161128
 0.109752 0.109879 0.109879 0.109879 0.109879
 0.139956 0.140118 0.140118 0.140118 0.140118
YTP_r0W_actual
 241515 47111.1 26907.2 22413.7 18301.1
YTP_p0W_proyectada
 0 0 0 0 0
 0 0 0 0 0
 0 0 0 0 0
 0 0 0 0 0
 0 0 0 0 0
 0 0 0 0 0
CTP_r0_actual
 32031.1 2699.78 1117.87 715.636 519.18
CTP_p0_proyectada
 0 0 0 0 0
 0 0 0 0 0
 0 0 0 0 0
 0 0 0 0 0
 0 0 0 0 0
 0 0 0 0 0
Wmedp
 7.54 17.45 24.07 31.32 35.25
Frms_r0
 0.139956 0.140118 0.140118 0.140118 0.140118
Zrms_r0
 1.13996 1.14012 1.14012 1.14012 1.14012
nmprior
 7.29 8.9 8.7 0
nm_flota  nm_reclas  nm_pelaces    nm_pelaL
inf 9.60864 10.8222 28.0569
cv_recla  cv_pelaces  cv_mph
0.605131 0.424513 0.485514
 ------------------------------------------------
Talla a la edad & desviaci?n 
 8 13.2811 15.8009 17.003 17.5766
 0.8 1.32811 1.58009 1.7003 1.75766
