years
 1991 1992 1993 1994 1995 1996 1997 1998 1999 2000 2001 2002 2003 2004 2005 2006 2007 2008 2009 2010 2011 2012 2013 2014 2015 2016 2017 2018 2019 2020 2021 2022 2023
reclasobs
 0 0 0 0 0 0 0 0 0 252601 567819 844713 477998 351125 339783 2.1784e+06 2.13404e+06 4.81314e+06 1.55562e+06 2.62356e+06 3.21686e+06 3.843e+06 1.13348e+06 3.07943e+06 1.97215e+06 2.03268e+06 2.025e+06 2.42433e+06 2.27542e+06 1.05018e+06 2.36338e+06 3.18982e+06 1.53035e+06
reclaspred
 3.38914e+06 1.88016e+06 1.00677e+06 1.34547e+06 1.57387e+06 2.38368e+06 1.64171e+06 1.53481e+06 1.10007e+06 811925 873309 913694 576338 119339 614901 1.14877e+06 1.01824e+06 1.29233e+06 1.52278e+06 2.00483e+06 3.80907e+06 3.03411e+06 2.38846e+06 3.13404e+06 2.70446e+06 2.43402e+06 2.72705e+06 2.91197e+06 2.74462e+06 2.38965e+06 1.64787e+06 1.37346e+06 1.74022e+06
pelacesobs
 0 0 0 0 0 0 0 0 0 0 0 0 0 0 0 552880 188675 0 991730 2.46772e+06 1.41603e+06 1.21717e+06 2.29649e+06 1.80582e+06 0 1.4828e+06 1.56532e+06 1.57751e+06 1.42118e+06 867257 1.10002e+06 1.06204e+06 0
pelacespred
 1.82365e+06 1.12424e+06 591455 661398 798646 1.27874e+06 865582 940098 677484 479775 517292 457362 298900 42891.4 348185 537852 472004 640057 797693 934614 1.91951e+06 1.68408e+06 1.31984e+06 1.87102e+06 1.52663e+06 1.3607e+06 1.79386e+06 1.72685e+06 1.45099e+06 1.43196e+06 938404 774771 950055
mphobs
 0 0 0 0 0 0 0 0 0 0 0 0 498337 0 5186 125008 0 168611 109162 213762 579715 649985 157893 87575 83554 210694 70296 0 107559 103333 445601 22526 28222
mphpred
 963890 646715 319176 192724 295329 377144 479831 337163 298225 209393 140390 197216 179398 66226.9 8310.18 108476 237391 197176 186480 248200 512256 633518 116059 96149.1 119267 114438 96258.9 100044 136909 121002 89608.9 62732.5 39461.4
desembarqueobs
 494567 514787 250237 358949 120608 361735 552515 73892 212993 205616 52469 317467 293654 387597 252695 516296 358380 742168 942051 627588 828172 859565 418607 520667 417249 300574 415391 372974 316634 284311 391294 218835 356480
desembarquepred
 494572 513059 251284 358979 120613 361764 552616 73896.1 213049 205670 52470.6 317491 294151 389255 252677 516298 358508 742400 941707 627425 828298 859646 418682 520779 417218 300620 415442 372976 316603 284244 391525 218908 356519
Reclutas
 202208 102252 139590 291655 248219 339633 149835 78491 63427.3 82348.1 167505 138785 48404.4 20529.8 140434 372965 76957.8 281885 471219 543283 527720 660425 133200 336759 461080 133224 336467 399833 231326 203714 100756 82515.9 301176
log_desv_Rt
 0.100578 -0.581274 -0.270011 0.466856 0.305596 0.619148 -0.199184 -0.845733 -1.05882 -0.797761 -0.0877039 -0.275788 -1.32913 -2.18684 -0.263982 0.712767 -0.86546 0.432783 0.946607 1.08891 1.05985 1.28417 -0.316866 0.610652 0.924855 -0.316685 0.609784 0.78233 0.235112 0.108001 -0.596016 -0.795727 0.498979
SSB
 3.12674e+06 2.09786e+06 1.03537e+06 625171 958011 1.22341e+06 1.55651e+06 1.09371e+06 967406 679244 455407 639744 556457 207446 26078.7 340762 770066 639615 626995 801620 1.69119e+06 2.18193e+06 2.02574e+06 1.62335e+06 1.89503e+06 1.92071e+06 1.5299e+06 1.53456e+06 2.17155e+06 1.81465e+06 1.51797e+06 1.0937e+06 636833
BT
 4.23926e+06 2.86188e+06 1.48754e+06 1.67684e+06 1.76005e+06 2.97118e+06 2.31563e+06 2.02396e+06 1.62952e+06 1.20219e+06 1.12717e+06 1.22682e+06 895363 492427 974899 1.55948e+06 1.2721e+06 1.99324e+06 2.57875e+06 2.4703e+06 4.6517e+06 4.34577e+06 3.12388e+06 4.39148e+06 3.57782e+06 3.09897e+06 4.17069e+06 3.96696e+06 3.29017e+06 3.25299e+06 2.33505e+06 1.81271e+06 2.30125e+06
Ftot
 0.143537 0.260244 0.250433 0.329979 0.0870463 0.180648 0.340399 0.0517946 0.206661 0.270102 0.0767745 0.382369 0.504259 2.53463 0.674199 0.634745 0.370316 0.697803 0.819806 0.419062 0.259684 0.328687 0.179414 0.202074 0.179556 0.128877 0.186977 0.165855 0.120144 0.129388 0.245689 0.167021 0.27502
BD_Bspro_t
 0.977436 0.845122 0.688449 0.629042 0.690522 0.770637 0.760233 0.653333 0.70798 0.674031 0.647838 0.781532 0.637783 0.333448 0.0741416 0.483382 0.558967 0.483712 0.43323 0.453931 0.573357 0.627451 0.642487 0.634334 0.704389 0.750823 0.746602 0.767847 0.814105 0.790108 0.770517 0.698565 0.683318
BD_Bspro
 2.37345 1.59245 0.785927 0.474556 0.727209 0.928667 1.18152 0.830219 0.73434 0.515602 0.345692 0.485618 0.422397 0.157468 0.0197959 0.258666 0.584543 0.48552 0.475941 0.608495 1.28375 1.65627 1.5377 1.23226 1.43848 1.45797 1.16132 1.16486 1.64838 1.37747 1.15227 0.830207 0.483408
BD_Bo
 2.44662 1.64154 0.810157 0.489186 0.749628 0.957297 1.21794 0.855814 0.756979 0.531498 0.356349 0.500589 0.435419 0.162323 0.0204062 0.266641 0.602564 0.500488 0.490614 0.627254 1.32333 1.70733 1.58511 1.27025 1.48283 1.50292 1.19712 1.20077 1.6992 1.41994 1.18779 0.855801 0.498311
BD_Brms
 2.62147 1.75886 0.868056 0.524146 0.803201 1.02571 1.30499 0.916976 0.811078 0.569482 0.381816 0.536365 0.466536 0.173924 0.0218645 0.285697 0.645627 0.536257 0.525676 0.672082 1.4179 1.82934 1.69839 1.36103 1.5888 1.61033 1.28267 1.28658 1.82063 1.52141 1.27268 0.916962 0.533924
Sel_flota
 0.518088 0.953328 0.99743 0.999864 0.999993
 0.518088 0.953328 0.99743 0.999864 0.999993
 0.518088 0.953328 0.99743 0.999864 0.999993
 0.518088 0.953328 0.99743 0.999864 0.999993
 0.518088 0.953328 0.99743 0.999864 0.999993
 0.518088 0.953328 0.99743 0.999864 0.999993
 0.518088 0.953328 0.99743 0.999864 0.999993
 0.518088 0.953328 0.99743 0.999864 0.999993
 0.518088 0.953328 0.99743 0.999864 0.999993
 0.518088 0.953328 0.99743 0.999864 0.999993
 0.518088 0.953328 0.99743 0.999864 0.999993
 0.518088 0.953328 0.99743 0.999864 0.999993
 0.518088 0.953328 0.99743 0.999864 0.999993
 0.518088 0.953328 0.99743 0.999864 0.999993
 0.518088 0.953328 0.99743 0.999864 0.999993
 0.518088 0.953328 0.99743 0.999864 0.999993
 0.518088 0.953328 0.99743 0.999864 0.999993
 0.518088 0.953328 0.99743 0.999864 0.999993
 0.518088 0.953328 0.99743 0.999864 0.999993
 0.518088 0.953328 0.99743 0.999864 0.999993
 0.518088 0.953328 0.99743 0.999864 0.999993
 0.518088 0.953328 0.99743 0.999864 0.999993
 0.518088 0.953328 0.99743 0.999864 0.999993
 0.518088 0.953328 0.99743 0.999864 0.999993
 0.518088 0.953328 0.99743 0.999864 0.999993
 0.518088 0.953328 0.99743 0.999864 0.999993
 0.518088 0.953328 0.99743 0.999864 0.999993
 0.518088 0.953328 0.99743 0.999864 0.999993
 0.518088 0.953328 0.99743 0.999864 0.999993
 0.518088 0.953328 0.99743 0.999864 0.999993
 0.518088 0.953328 0.99743 0.999864 0.999993
 0.518088 0.953328 0.99743 0.999864 0.999993
 0.518088 0.953328 0.99743 0.999864 0.999993
Sel_reclas
 1 1 1 1 1
 1 1 1 1 1
 1 1 1 1 1
 1 1 1 1 1
 1 1 1 1 1
 1 1 1 1 1
 1 1 1 1 1
 1 1 1 1 1
 1 1 1 1 1
 1 1 1 1 1
 1 1 1 1 1
 1 1 1 1 1
 1 1 1 1 1
 1 1 1 1 1
 1 1 1 1 1
 1 1 1 1 1
 1 1 1 1 1
 1 1 1 1 1
 1 1 1 1 1
 1 1 1 1 1
 1 1 1 1 1
 1 1 1 1 1
 1 1 1 1 1
 1 1 1 1 1
 1 1 1 1 1
 1 1 1 1 1
 1 1 1 1 1
 1 1 1 1 1
 1 1 1 1 1
 1 1 1 1 1
 1 1 1 1 1
 1 1 1 1 1
 1 1 1 1 1
Sel_pelaces
 1 1 1 1 1
 1 1 1 1 1
 1 1 1 1 1
 1 1 1 1 1
 1 1 1 1 1
 1 1 1 1 1
 1 1 1 1 1
 1 1 1 1 1
 1 1 1 1 1
 1 1 1 1 1
 1 1 1 1 1
 1 1 1 1 1
 1 1 1 1 1
 1 1 1 1 1
 1 1 1 1 1
 1 1 1 1 1
 1 1 1 1 1
 1 1 1 1 1
 1 1 1 1 1
 1 1 1 1 1
 1 1 1 1 1
 1 1 1 1 1
 1 1 1 1 1
 1 1 1 1 1
 1 1 1 1 1
 1 1 1 1 1
 1 1 1 1 1
 1 1 1 1 1
 1 1 1 1 1
 1 1 1 1 1
 1 1 1 1 1
 1 1 1 1 1
 1 1 1 1 1
pf_obs 
 0.8446 0.082 0.0669 0.0065 0
 0.8095 0.147 0.0364 0.0071 0
 0.9664 0.0169 0.016 0.0007 0
 0.9276 0.0648 0.0075 0.0001 0
 0.7033 0.2144 0.0806 0.0017 0
 0.9318 0.0425 0.0243 0.0014 0
 0.5671 0.3108 0.0964 0.0239 0.0018
 0.0768 0.2599 0.5324 0.112 0.0189
 0.490249 0.384438 0.106611 0.0170017 0.00170017
 0.7925 0.1577 0.0466 0.003 0.0002
 0.840416 0.127587 0.0312969 0.00059994 9.999e-05
 0.8084 0.0986 0.0794 0.0134 0.0002
 0.7335 0.1905 0.0724 0.0035 0.0001
 0.4001 0.4547 0.1325 0.0127 0
 0.49795 0.308269 0.164784 0.0264974 0.00249975
 0.9179 0.0499 0.0305 0.0017 0
 0.2467 0.6533 0.0926 0.0074 0
 0.9418 0.0223 0.034 0.0019 0
 0.707729 0.231977 0.0356964 0.0245975 0
 0.517169 0.277429 0.184464 0.0207286 0.00020938
 0.811772 0.124168 0.05621 0.00726502 0.000585176
 0.764997 0.148141 0.077277 0.00933861 0.000247198
 0.163321 0.427699 0.378323 0.0303852 0.000271297
 0.753843 0.0900009 0.118128 0.0371064 0.000921714
 0.721811 0.176058 0.0630433 0.0369309 0.00215725
 0.143369 0.312575 0.442814 0.0836902 0.0175525
 0.692698 0.0596174 0.167031 0.0765114 0.00414204
 0.394062 0.376323 0.152708 0.0712218 0.00568511
 0.125707 0.32114 0.495352 0.0537591 0.00404204
 0.23352 0.215282 0.420074 0.123614 0.00750983
 0.796117 0.104755 0.0508955 0.0450114 0.00322123
 0.162477 0.292055 0.404252 0.121198 0.0200186
 0 0 0 0 0
pf_pred 
 0.362237 0.112412 0.500091 0.0252592 9.94359e-07
 0.304459 0.361475 0.0611924 0.259785 0.0130889
 0.525307 0.21783 0.136832 0.0220353 0.0979958
 0.717417 0.19278 0.0423498 0.0253116 0.0221413
 0.557682 0.368065 0.0515045 0.0107443 0.0120044
 0.603196 0.276265 0.101067 0.0135173 0.00595537
 0.359966 0.474156 0.117166 0.0408603 0.00785191
 0.327705 0.351695 0.240718 0.0564708 0.0234113
 0.374642 0.29457 0.176747 0.11573 0.0383115
 0.54447 0.243274 0.102615 0.0586563 0.0509852
 0.709838 0.20256 0.0479029 0.0192196 0.0204787
 0.526528 0.387035 0.0611768 0.013829 0.0114318
 0.319949 0.467685 0.175292 0.0262627 0.010812
 0.357856 0.319661 0.225797 0.0798508 0.0168347
 0.96701 0.0230246 0.00528112 0.00328694 0.00139762
 0.858898 0.13892 0.00155161 0.000334444 0.000295648
 0.295147 0.653746 0.0503633 0.000529353 0.000214238
 0.76863 0.104519 0.118099 0.00862529 0.000126975
 0.780984 0.192932 0.0121925 0.0129355 0.000955361
 0.713169 0.25484 0.0284048 0.00167974 0.00190677
 0.60809 0.325883 0.0590136 0.00622961 0.000784193
 0.626006 0.279562 0.0791765 0.0136388 0.00161657
 0.218189 0.598298 0.138962 0.0373709 0.00718018
 0.592882 0.139575 0.207036 0.0458469 0.0146603
 0.630663 0.272009 0.0344475 0.0486884 0.0141918
 0.267423 0.557872 0.130319 0.0157361 0.0286497
 0.62389 0.151322 0.173075 0.0386 0.0131128
 0.602081 0.302266 0.0396046 0.0431808 0.0128681
 0.412522 0.433503 0.118315 0.0147868 0.0208724
 0.444036 0.313396 0.181156 0.0472176 0.0141945
 0.32792 0.401973 0.155374 0.0857405 0.0289923
 0.406279 0.287031 0.187144 0.0688457 0.0507
 0.776784 0.125914 0.0482182 0.0299818 0.0191019
pobs_RECLAS
 0 0 0 0 0
 0 0 0 0 0
 0 0 0 0 0
 0 0 0 0 0
 0 0 0 0 0
 0 0 0 0 0
 0 0 0 0 0
 0 0 0 0 0
 0 0 0 0 0
 0 0 0 0 0
 0.991045 0.00858322 0.000360255 1.14367e-05 0
 0.934742 0.0480273 0.0164251 0.00080598 0
 0.827803 0.169806 0.00239088 0 0
 0.941827 0.0461693 0.0120037 0 0
 0.791401 0.0380133 0.147996 0.0225897 0
 0.846168 0.0940531 0.0597789 0 0
 0.134021 0.677848 0.182769 0.00536245 0
 0.80878 0.0450904 0.141981 0.00414843 0
 0.846168 0.0940531 0.0597789 0 0
 0.905697 0.0802665 0.012482 0.00150086 5.37128e-05
 0.989698 0.0102097 9.19794e-05 0 0
 0.975433 0.0193895 0.00387452 0.00125025 5.28907e-05
 0.303575 0.632131 0.0575291 0.00676475 0
 0.966965 0.00978017 0.0227588 0.000495775 0
 0.843318 0.132988 0.00938335 0.0141283 0.000182051
 0.564624 0.303363 0.111486 0.0197234 0.00080311
 0.826376 0.0876187 0.0782897 0.00655872 0.00115652
 0.89761 0.0855135 0.0140674 0.00269457 0.000114338
 0.34875 0.467042 0.161289 0.0227151 0.000203297
 0.318654 0.224769 0.449479 0.00709798 0
 0.937255 0.0296025 0.0250945 0.00804832 0
 0.456809 0.399803 0.12412 0.0192676 0
 0.883104 0.0372192 0.0704036 0.00927362 0
ppred_RECLAS
 0.521853 0.087514 0.371895 0.0187378 7.37539e-07
 0.454531 0.29007 0.0468785 0.19852 0.0100008
 0.678545 0.151314 0.0907452 0.0145771 0.0648188
 0.827934 0.119165 0.0249817 0.0148934 0.0130263
 0.701091 0.250635 0.03351 0.00697334 0.00779019
 0.740726 0.183033 0.06395 0.00853188 0.00375844
 0.515362 0.363411 0.0856914 0.0298083 0.00572735
 0.478722 0.278673 0.182269 0.0426545 0.0176811
 0.532614 0.225671 0.129305 0.0844552 0.0279546
 0.694578 0.166733 0.0671378 0.038281 0.0332702
 0.820709 0.126909 0.0286767 0.0114775 0.0122278
 0.677409 0.265967 0.0401062 0.009043 0.0074744
 0.473768 0.367314 0.131234 0.0196111 0.00807256
 0.572952 0.220451 0.144829 0.0510146 0.010753
 0.982674 0.0122747 0.00268039 0.00166384 0.000707369
 0.920513 0.0783162 0.00083302 0.000179082 0.000158286
 0.44011 0.521031 0.0382955 0.000401493 0.000162469
 0.866938 0.061745 0.0664083 0.00483718 7.11992e-05
 0.873579 0.112039 0.00673257 0.00712337 0.000526028
 0.824216 0.156992 0.0166898 0.000984443 0.00111735
 0.744173 0.214372 0.0370607 0.00390243 0.000491179
 0.759707 0.181735 0.0491182 0.00843968 0.0010002
 0.343332 0.507957 0.112677 0.0302272 0.00580687
 0.735821 0.0933674 0.132256 0.0292146 0.00934063
 0.762135 0.177355 0.0214511 0.030244 0.00881442
 0.405636 0.457567 0.102109 0.0122993 0.0223896
 0.759702 0.0993846 0.108559 0.0241513 0.00820339
 0.739188 0.200345 0.0250724 0.0272687 0.00812514
 0.567791 0.322756 0.0841537 0.0104915 0.0148074
 0.601094 0.229398 0.126673 0.0329353 0.00989968
 0.480327 0.316709 0.116876 0.0643355 0.0217516
 0.564898 0.215448 0.134167 0.0492346 0.0362531
 0.868652 0.0756301 0.027647 0.0171477 0.0109236
pobs_PELACES
 0 0 0 0 0
 0 0 0 0 0
 0 0 0 0 0
 0 0 0 0 0
 0 0 0 0 0
 0 0 0 0 0
 0 0 0 0 0
 0 0 0 0 0
 0 0 0 0 0
 0 0 0 0 0
 0 0 0 0 0
 0 0 0 0 0
 0 0 0 0 0
 0 0 0 0 0
 0 0 0 0 0
 0 0 0 0 0
 0.505614 0.472636 0.0217494 0 0
 0 0 0 0 0
 0.443492 0.261883 0.143347 0.151278 0
 0.227955 0.32914 0.350689 0.0885471 0.00366901
 0.970185 0.0296113 0.000203453 0 0
 0.997202 0.00247181 0.000326279 0 0
 0.445219 0.490057 0.0546422 0.010081 0
 0.90214 0.0892962 0.00764917 0.000914606 0
 0 0 0 0 0
 0.581667 0.319106 0.0959925 0.00289975 0.000334073
 0.762889 0.0836404 0.116647 0.0363945 0.000428098
 0.88444 0.0763242 0.0277011 0.0115352 0
 0.521256 0.241999 0.230069 0.00667565 0
 0.616807 0.101726 0.260614 0.0208532 0
 0.833518 0.0704572 0.0857862 0.0102388 0
 0.697417 0.212968 0.0787535 0.0105354 0.000325836
 0 0 0 0 0
ppred_PELACES
 0.527421 0.086643 0.367425 0.0185104 7.28586e-07
 0.464274 0.285417 0.0459522 0.194556 0.00980105
 0.686766 0.147737 0.0882773 0.0141778 0.0630427
 0.83479 0.11459 0.0239075 0.0142492 0.0124627
 0.703748 0.248459 0.033177 0.00690356 0.00771221
 0.745826 0.179573 0.0625763 0.0083474 0.00367715
 0.527875 0.354473 0.0831708 0.0289236 0.00555728
 0.480667 0.277732 0.181516 0.0424766 0.0176073
 0.540392 0.22227 0.126973 0.0829188 0.0274458
 0.703128 0.162363 0.0651216 0.0371233 0.0322637
 0.822375 0.125772 0.028388 0.0113613 0.0121039
 0.689504 0.256249 0.0384264 0.00866157 0.00715902
 0.492409 0.355094 0.125941 0.0188125 0.00774364
 0.662828 0.177211 0.112205 0.0394429 0.008313
 0.984293 0.0111602 0.00241322 0.00149718 0.000636499
 0.926943 0.0719914 0.000758705 0.000163022 0.000144087
 0.453347 0.508902 0.037203 0.000389923 0.000157785
 0.878663 0.056612 0.0602724 0.00438778 6.45826e-05
 0.886162 0.101028 0.00599891 0.00634295 0.000468381
 0.832858 0.149372 0.0157831 0.000930648 0.00105628
 0.751324 0.208509 0.035911 0.00378058 0.000475837
 0.768428 0.175345 0.0471649 0.00810193 0.000960159
 0.349301 0.503641 0.111428 0.0298879 0.00574165
 0.741793 0.0914325 0.129135 0.0285206 0.00911865
 0.766902 0.173921 0.0209808 0.0295767 0.00861987
 0.410212 0.454243 0.101177 0.0121858 0.0221829
 0.76486 0.0974081 0.106111 0.0236032 0.00801713
 0.743865 0.196867 0.0245776 0.0267271 0.0079637
 0.57213 0.319659 0.0832005 0.0103717 0.0146382
 0.605735 0.226913 0.125065 0.0325139 0.00977294
 0.489498 0.311565 0.114568 0.0630521 0.0213175
 0.571091 0.212647 0.132101 0.0484702 0.0356899
 0.873286 0.0730888 0.0266113 0.0165017 0.010512
pobs_pel_tallas
 0 0 0 0 0 0 0 0 0 0 0 0 0 0 0 0 0 0 0 0 0 0 0 0 0 0
 0 0 0 0 0 0 0 0 0 0 0 0 0 0 0 0 0 0 0 0 0 0 0 0 0 0
 0 0 0 0 0 0 0 0 0 0 0 0 0 0 0 0 0 0 0 0 0 0 0 0 0 0
 0 0 0 0 0 0 0 0 0 0 0 0 0 0 0 0 0 0 0 0 0 0 0 0 0 0
 0 0 0 0 0 0 0 0 0 0 0 0 0 0 0 0 0 0 0 0 0 0 0 0 0 0
 0 0 0 0 0 0 0 0 0 0 0 0 0 0 0 0 0 0 0 0 0 0 0 0 0 0
 0 0 0 0 0 0 0 0 0 0 0 0 0 0 0 0 0 0 0 0 0 0 0 0 0 0
 0 0 0 0 0 0 0 0 0 0 0 0 0 0 0 0 0 0 0 0 0 0 0 0 0 0
 0 0 0 0 0 0 0 0 0 0 0 0 0 0 0 0 0 0 0 0 0 0 0 0 0 0
 0 0 0 0 0 0 0 0 0 0 0 0 0 0 0 0 0 0 0 0 0 0 0 0 0 0
 0 0 0 0 0 0 0 0 0 0 0 0 0 0 0 0 0 0 0 0 0 0 0 0 0 0
 0 0 0 0 0 0 0 0 0 0 0 0 0 0 0 0 0 0 0 0 0 0 0 0 0 0
 0.00862536 0 0 0.000197151 0.00414017 0.0128641 0.00837892 0.0270097 0.101434 0.158115 0.152841 0.127902 0.109271 0.109419 0.0830992 0.0579132 0.0238553 0.00714673 0.00463305 0.00128148 0.00103504 0.000492878 0.000147863 0.000147863 4.92878e-05 0
 0 0 0 0 0 0 0 0 0 0 0 0 0 0 0 0 0 0 0 0 0 0 0 0 0 0
 0 0 0 0 0 0 0 0.0054083 0.00873648 0.0413646 0.0450493 0.0745869 0.0622846 0.0627006 0.0613931 0.0827291 0.12552 0.122667 0.0946155 0.0697135 0.0546179 0.0294188 0.0215738 0.0213955 0.0102223 0.00600262
 0 0 0 0 0.00359764 0.0251062 0.0480494 0.140153 0.205849 0.193036 0.1447 0.116669 0.0760912 0.0342217 0.00950174 0.001854 0.000860785 0 0 0 0.000165536 0 0.000143464 0 0 0
 0 0 0 0 0 0 0 0.000145254 0.000435761 0.0275982 0.070085 0.0708112 0.156366 0.174668 0.174014 0.160142 0.0824315 0.0480064 0.0283245 0.00493863 0.00203355 0 0 0 0 0
 0 0 0 0 0 0 0 0 0 0 0 0 0 0 0 0 0 0 0 0 0 0 0 0 0 0
 0 0 1.00437e-05 0.000401748 0.00122533 0.00171747 0.00176769 0.0269171 0.070346 0.194647 0.189555 0.159765 0.064822 0.0314167 0.0384472 0.0292271 0.0345202 0.0313363 0.0194345 0.0106764 0.0143323 0.0359363 0.0279516 0.0138201 0.00172751 0
 0 0.0021121 0.0136068 0.0755702 0.200478 0.177729 0.0527432 0.0373336 0.0318909 0.0142505 0.0149659 0.0166563 0.0217959 0.0798694 0.0677717 0.0528807 0.04013 0.0224614 0.0357745 0.0225083 0.00881397 0.00855152 0.00135912 0.000746735 0 0
 0 0 0 0 5.4009e-05 0.00500934 0.000945158 0.0243581 0.138947 0.33067 0.221406 0.137944 0.0707744 0.0437923 0.0131692 0.00525238 0.0047753 0.00276346 9.45158e-05 9.00151e-06 2.25038e-05 9.00151e-06 4.50075e-06 0 0 0
 0.000866109 0.00284123 0.00948549 0.0512746 0.133035 0.25785 0.225252 0.132002 0.0553304 0.0519788 0.0540692 0.017754 0.00435017 0.00159236 0.00146478 0.000404838 0.000125132 0.000115318 0.000107957 0.000100596 0 0 0 0 0 0
 0 0 0 0 0.00144013 0.00171154 0.00461396 0.0210425 0.0478622 0.0707936 0.0888783 0.103762 0.0637923 0.0337046 0.0602308 0.124433 0.169614 0.0934646 0.0462172 0.0250306 0.0313229 0.00938855 0.002487 0.000210481 0 0
 0 0.00764035 0.051015 0.0998891 0.058973 0.0496711 0.0374665 0.0718981 0.12319 0.153886 0.159021 0.0857701 0.0377988 0.023471 0.0147837 0.00900784 0.00315554 0.000888139 0.00291439 0.00214683 0.00393193 0.00274676 0.000635225 9.99891e-05 0 0
 0 0 0 0 0 0 0 0 0 0 0 0 0 0 0 0 0 0 0 0 0 0 0 0 0 0
 0 0 0 0 0 0 0 0 0 0 0 0 0 0 0 0 0 0 0 0 0 0 0 0 0 0
 0 0 0 0 0 0 0 0 0 0 0 0 0 0 0 0 0 0 0 0 0 0 0 0 0 0
 0 0 0 0 0 0 0 0 0 0 0 0 0 0 0 0 0 0 0 0 0 0 0 0 0 0
 0 0 0 0 0 0 0 0 0 0 0 0 0 0 0 0 0 0 0 0 0 0 0 0 0 0
 0 0 0 0 0 0 0 0 0 0 0 0 0 0 0 0 0 0 0 0 0 0 0 0 0 0
 0 0 0 0 0 0 0 0 0 0 0 0 0 0 0 0 0 0 0 0 0 0 0 0 0 0
 0 0 0 0 0 0 0 0 0 0 0 0 0 0 0 0 0 0 0 0 0 0 0 0 0 0
 0 0 0 0 0 0 0 0 0 0 0 0 0 0 0 0 0 0 0 0 0 0 0 0 0 0
ppred_pel_tallas
 1.12482e-16 4.3443e-05 0.000422281 0.00280621 0.0127566 0.0396906 0.0845654 0.123428 0.123436 0.0846092 0.0398392 0.0131928 0.00392749 0.00295766 0.00511473 0.00905314 0.0145839 0.0215505 0.029699 0.0387156 0.0480668 0.0566989 0.0629753 0.0651518 0.0622133 0.0545023
 1.22569e-16 3.82417e-05 0.000371723 0.00247023 0.0112293 0.0349387 0.0744417 0.108656 0.108683 0.0745765 0.0353917 0.0125389 0.00576208 0.00757457 0.0137704 0.0228539 0.0333 0.0427602 0.0489604 0.0510869 0.0503625 0.0492011 0.049555 0.0517179 0.054341 0.055418
 1.14676e-16 5.6568e-05 0.000549861 0.00365402 0.0166107 0.051682 0.110114 0.160718 0.160733 0.110185 0.0519181 0.0172943 0.00537602 0.00432928 0.00729483 0.0121315 0.0178566 0.0232885 0.0272788 0.0293596 0.0300148 0.0302702 0.0309292 0.0320655 0.0330888 0.0332007
 1.04258e-16 6.87606e-05 0.000668378 0.0044416 0.0201909 0.0628214 0.133848 0.195358 0.195369 0.133902 0.063003 0.0207156 0.0057597 0.00354908 0.00554977 0.00909342 0.01316 0.0166986 0.0186964 0.0187111 0.0171375 0.0149286 0.0129949 0.0117482 0.0110591 0.0105275
 1.03019e-16 5.79669e-05 0.000563459 0.00374438 0.0170214 0.0529601 0.112838 0.164695 0.164719 0.112955 0.053353 0.0181561 0.00659239 0.00678036 0.0118641 0.0195199 0.0281091 0.0353401 0.0389178 0.0377878 0.0327622 0.025964 0.0195531 0.0147229 0.0115477 0.00947439
 1.03312e-16 6.14327e-05 0.000597148 0.00396826 0.0180391 0.0561266 0.119584 0.17454 0.174558 0.119669 0.0564117 0.0188636 0.00604061 0.00513044 0.00869831 0.014354 0.0208372 0.0265481 0.0298865 0.0300959 0.0276733 0.0239557 0.0202408 0.0171529 0.0146311 0.012336
 1.06332e-16 4.34805e-05 0.000422646 0.00280863 0.0127676 0.0397251 0.0846397 0.123541 0.123576 0.084807 0.0402868 0.0143909 0.00688609 0.0093333 0.0169946 0.0281011 0.0406523 0.0514942 0.0574338 0.0569975 0.0512775 0.0431136 0.0353021 0.0292481 0.0248542 0.0213026
 1.12549e-16 3.9592e-05 0.000384848 0.00255745 0.0116258 0.0361724 0.0770702 0.112492 0.112519 0.0772022 0.0366165 0.0129115 0.00579618 0.00749307 0.0136514 0.0227998 0.0335302 0.0436171 0.0507885 0.0539703 0.0538103 0.0519739 0.0498329 0.047658 0.0448316 0.0406556
 1.16682e-16 4.45114e-05 0.000432667 0.00287522 0.0130704 0.0406669 0.0866458 0.126467 0.126488 0.0867515 0.0410221 0.0140988 0.00546595 0.0061189 0.0109352 0.0182514 0.0268713 0.0350493 0.0410528 0.0441548 0.0450301 0.0451316 0.0455521 0.0463046 0.0464877 0.0450314
 1.11104e-16 5.79158e-05 0.000562962 0.00374108 0.0170064 0.0529134 0.112738 0.164548 0.164564 0.112815 0.0531719 0.0177541 0.00562219 0.00468382 0.00792737 0.0131299 0.0191885 0.02474 0.0284535 0.029774 0.0292514 0.0281067 0.0273801 0.0273342 0.027481 0.027055
 1.0404e-16 6.7738e-05 0.000658437 0.00437555 0.0198906 0.0618871 0.131858 0.192452 0.192465 0.131917 0.0620865 0.0204666 0.00582254 0.00382094 0.00608508 0.00998274 0.0144468 0.0183266 0.0205034 0.0204795 0.018672 0.016113 0.0137986 0.0121969 0.0112024 0.0104253
 1.03255e-16 5.67936e-05 0.000552054 0.00366859 0.0166769 0.0518882 0.110554 0.161362 0.161387 0.110675 0.0522935 0.0178476 0.0066075 0.00696848 0.0122451 0.0201601 0.0290511 0.036566 0.0403455 0.039304 0.0342696 0.0274096 0.0209196 0.0160001 0.0127098 0.0104817
 1.06923e-16 4.05591e-05 0.000394249 0.00261993 0.0119098 0.0370561 0.0789532 0.115242 0.115276 0.079121 0.0376201 0.0135405 0.00671889 0.00936152 0.0171273 0.0283975 0.0412457 0.0525809 0.0592517 0.0597687 0.0551144 0.0479227 0.0407391 0.0347715 0.0298726 0.0253544
 1.08646e-16 5.45963e-05 0.000530695 0.00352666 0.0160317 0.0498806 0.106277 0.155117 0.155135 0.106361 0.0501639 0.0168519 0.00559288 0.00506553 0.00873867 0.0145489 0.0213971 0.0278467 0.032459 0.0345676 0.0346074 0.0336547 0.0325772 0.0315097 0.0299936 0.0275117
 1.00331e-16 8.10749e-05 0.000788077 0.00523705 0.0238069 0.074072 0.157818 0.230341 0.230342 0.157824 0.0740897 0.023858 0.00536543 0.00106865 0.000614912 0.000890858 0.00128175 0.00162548 0.00181827 0.00181574 0.00165488 0.00142702 0.00122002 0.00107467 0.000981047 0.000904622
 1.00082e-16 7.63511e-05 0.00074216 0.00493191 0.0224198 0.0697562 0.148623 0.216921 0.216928 0.148657 0.0698697 0.0227474 0.00575369 0.0025336 0.00347126 0.00559853 0.00801208 0.00997971 0.0108129 0.0101966 0.00837874 0.00601509 0.00379463 0.00213154 0.00109795 0.000550012
 1.0127e-16 3.73417e-05 0.000362975 0.0024121 0.0109651 0.0341167 0.072691 0.106105 0.106154 0.0729304 0.0349202 0.013285 0.0082324 0.0130587 0.024119 0.0397357 0.0570503 0.0713437 0.0778231 0.0742621 0.0623349 0.0465151 0.0314651 0.0199333 0.0123572 0.00778951
 1.02205e-16 7.23743e-05 0.000703504 0.00467503 0.021252 0.066123 0.140882 0.205623 0.205628 0.140909 0.0662142 0.0215165 0.00534291 0.00217437 0.0029035 0.0047835 0.0071112 0.00941428 0.011246 0.0123719 0.0128535 0.0129065 0.012668 0.0120913 0.0110445 0.00948909
 1.00915e-16 7.2992e-05 0.000709508 0.00471493 0.0214334 0.0666873 0.142085 0.207379 0.207389 0.142132 0.0668468 0.021894 0.0058705 0.00323032 0.00485526 0.00789779 0.0113393 0.0141967 0.0155251 0.0148962 0.0126572 0.00970427 0.00695617 0.00493075 0.00366845 0.00292865
 1.00766e-16 6.86015e-05 0.000666831 0.00443132 0.0201442 0.0626761 0.133538 0.194906 0.194921 0.133609 0.0629121 0.0208257 0.00614155 0.00439862 0.00715103 0.0117005 0.016817 0.0210805 0.023091 0.0221992 0.018889 0.0144508 0.0102189 0.00696401 0.00478908 0.00340969
 1.0155e-16 6.18856e-05 0.00060155 0.00399751 0.0181721 0.0565403 0.120466 0.175828 0.175848 0.120564 0.0568702 0.0191251 0.00638994 0.00582547 0.00998653 0.0164205 0.0236675 0.0297993 0.0328871 0.0320287 0.0278684 0.0221363 0.0165968 0.0122341 0.00914309 0.0069418
 1.02381e-16 6.32945e-05 0.000615245 0.00408852 0.0185858 0.0578275 0.123208 0.179829 0.179846 0.123291 0.0581055 0.0193893 0.00610696 0.0050271 0.00845854 0.013926 0.0201534 0.025548 0.0285221 0.02833 0.0254829 0.0213519 0.0172961 0.0140151 0.0115034 0.00942851
 1.07314e-16 2.87716e-05 0.00027967 0.00185851 0.00844853 0.0262868 0.0560086 0.0817563 0.0818049 0.0562461 0.0270846 0.0107538 0.00764826 0.0129296 0.0240854 0.0398565 0.057609 0.0728589 0.081037 0.0800207 0.0713537 0.0591004 0.0473068 0.0380771 0.0313893 0.0261709
 1.08154e-16 6.11005e-05 0.000593919 0.0039468 0.0179416 0.055823 0.118937 0.173594 0.173603 0.118981 0.0559715 0.0183731 0.00503927 0.00300955 0.00473926 0.00797528 0.0120383 0.0163052 0.0201597 0.0232914 0.0257826 0.0278396 0.0294188 0.0301134 0.0294065 0.0270546
 1.05075e-16 6.31687e-05 0.000614023 0.0040804 0.0185489 0.0577126 0.122963 0.179472 0.179489 0.123045 0.0579877 0.0193436 0.00607567 0.00497113 0.00834279 0.0137064 0.0197767 0.0249634 0.0277068 0.0273283 0.0244502 0.0205776 0.0171736 0.0149407 0.0137291 0.0129369
 1.08012e-16 3.37887e-05 0.000328438 0.00218259 0.00992176 0.0308705 0.0657745 0.0960091 0.0960529 0.0659888 0.0315901 0.0120008 0.00740427 0.0117371 0.0217292 0.0359439 0.0519502 0.0656975 0.0730663 0.0721495 0.0643562 0.0533787 0.0428989 0.0348396 0.0291807 0.0249148
 1.06811e-16 6.30006e-05 0.000612388 0.00406953 0.0184995 0.0575589 0.122636 0.178992 0.179002 0.122682 0.0577161 0.0189555 0.00522147 0.00315155 0.00495732 0.00828442 0.0123702 0.016485 0.0199106 0.0222958 0.023787 0.0247586 0.0253894 0.0254724 0.0246017 0.0225273
 1.04788e-16 6.12712e-05 0.000595578 0.00395783 0.0179917 0.055979 0.11927 0.174082 0.174101 0.119363 0.0562904 0.0188912 0.00621592 0.00552616 0.0094292 0.015503 0.0223585 0.0281944 0.0312315 0.0306834 0.027237 0.022588 0.0184045 0.0155195 0.0138238 0.0127032
 1.06001e-16 4.71257e-05 0.000458079 0.00304409 0.013838 0.0430554 0.0917353 0.133897 0.133928 0.0918861 0.0435622 0.0153025 0.00672308 0.00849913 0.0153474 0.0253731 0.0367229 0.0465505 0.0519749 0.0516564 0.0465589 0.0392187 0.0321432 0.0266083 0.0225611 0.0193093
 1.08582e-16 4.98937e-05 0.000484984 0.00322289 0.0146508 0.0455842 0.0971228 0.141758 0.14178 0.0972305 0.0459463 0.0156985 0.00586027 0.00626743 0.0111055 0.0184741 0.027062 0.0349872 0.0403465 0.0422454 0.0412527 0.0388374 0.0362793 0.0339619 0.031488 0.028303
 1.13317e-16 4.03194e-05 0.000391919 0.00260444 0.0118394 0.036837 0.0784862 0.114559 0.114589 0.0786336 0.0373324 0.0132722 0.00620749 0.00827977 0.0150874 0.0250562 0.0365149 0.0468314 0.0533577 0.0549184 0.0524788 0.0483592 0.0446467 0.0420759 0.0400624 0.0375377
 1.14768e-16 4.70401e-05 0.000457246 0.00303856 0.0138129 0.0429771 0.0915681 0.133651 0.133671 0.0916692 0.0433171 0.0147973 0.00551856 0.00590098 0.0104744 0.0174767 0.0257294 0.0335473 0.0392465 0.0420885 0.0426668 0.0423331 0.0421413 0.0421827 0.0417387 0.0399488
 1.04221e-16 7.19315e-05 0.000699199 0.00464643 0.021122 0.0657184 0.14002 0.204365 0.204372 0.140055 0.0658346 0.0214582 0.00549202 0.00255073 0.00360513 0.00589125 0.0085884 0.0110368 0.0126236 0.013089 0.0126765 0.011942 0.0113723 0.0111149 0.0109849 0.0106697
pSPR Fmed_Fpbrs
1   0.9833 0.6 0.325 0.9833 0.9833 0.9833
Fs Fmed_Fpbrs
0   0.01 0.343652 0.878695 0.01 0.01 0.01
SSBpbr Bo_Bmed_Bpbrs
1.27798e+06  1.21408e+06  1.19274e+06 702890 351445 1.19274e+06 1.19274e+06 1.19274e+06
Ro
182859
SPR SPRFo_SPRFmed_SPRFpbrs
1.31738e+06 1.31738e+06 1.29538e+06
Fref
0
Nvult_r0
 205094 19960 7375.81 4577.48 2916.09
CTP_r0
 25578.2 4146.14 1587.74 987.25 628.992
YTP_r0
356519
Np
 301176 110797 40759.8 14994.7 7545.55
Nvult_p0
 190380 70036.8 25765.1 9478.45 4769.7
CTP_p0
 0 0 0 0 0
 0 0 0 0 0
 0 0 0 0 0
 0 0 0 0 0
 0 0 0 0 0
 0 0 0 0 0
YTP_p0
 0 0 0 0 0 0
CBA_c0
0
log_Ro
11.9365
likeval ReclasPelacesDesembMPH_pf_preclas_ppelaces_ptallas_desvR_qrecl_qpela
 46.263 15.269 0.25576 136.766 248.633 148.553 123.058 0 28.2584 1.9377e-07 4.82096e-07 0.739145 2067.91 0 0
q_reclas_q_pelaces
0.939645 1.10318
M
1
N
 202208 34985.9 149145 7515.96 0.295839
 102252 69056.9 11224.6 47548.7 2395.4
 139590 32871.7 19822.8 3185.25 14163.9
 291655 45103.5 9524.51 5680.52 4968.49
 248219 90433.5 12114.2 2521.21 2816.55
 339633 87288.2 30619.3 4085.97 1799.96
 149835 113781 27031.4 9406.94 1807.48
 78491 46209.1 30258 7081.42 2935.39
 63427.3 28110.7 16180.4 10570.8 3498.99
 82348.1 20964.4 8492.08 4843.65 4209.71
 167505 26338.2 5961.54 2386.26 2542.26
 138785 59218.7 9005.43 2031.45 1679.12
 48404.4 41880.8 15130.5 2262.43 931.319
 20529.8 13712.9 9526.75 3366.09 709.629
 140434 2031.39 450.232 279.708 118.921
 372965 36431.8 392.973 84.546 74.7312
 76957.8 98753.8 7317.87 76.7556 31.0609
 281885 23368.8 25523.4 1860.7 27.3893
 471219 72238.7 4420.11 4681.35 345.714
 543283 113363 12163.4 717.822 814.757
 527720 160858 27968.8 2946 370.804
 660425 169699 46198.9 7941.26 941.151
 133200 204915 45635.3 12245 2352.38
 336759 44652 63532.7 14037.4 4488.17
 461080 111573 13548.2 19105.9 5568.36
 133224 154554 34587.8 4166.86 7585.41
 336467 45844.8 50283.8 11189.3 3800.66
 399833 112351 14111.8 15351.1 4574.15
 231326 134979 35287 4399.9 6209.93
 203714 79964.6 44282.2 11515.3 3461.3
 100756 70083.2 26003.6 14318.1 4840.98
 82515.9 32635.9 20398.5 7487.07 5513.03
 301176 27839.6 10238.8 6352.63 4046.89
pred_Ctot
 9216.35 2860.08 12723.8 642.668 0.0252994
 8243.12 9786.81 1656.76 7033.59 354.378
 10851.3 4499.74 2826.55 455.186 2024.31
 29378.1 7894.32 1734.22 1036.5 906.683
 6944.44 4583.27 641.352 133.792 149.483
 19328.8 8852.66 3238.59 433.148 190.834
 15535.3 20463.5 5056.64 1763.44 338.871
 1316.59 1412.97 967.107 226.877 94.0569
 4106.74 3229.01 1937.47 1268.6 419.963
 6875.69 3072.12 1295.85 740.726 643.853
 4142.43 1182.09 279.548 112.161 119.508
 16022.8 11777.9 1861.67 420.831 347.88
 7185.85 10503.9 3936.94 589.844 242.831
 10501.4 9380.56 6626.08 2343.25 494.02
 26923.2 641.043 147.035 91.5139 38.912
 67859.5 10975.8 122.589 26.4236 23.3584
 8626.37 19107.2 1471.99 15.4716 6.26161
 55667.2 7569.69 8553.19 624.678 9.19603
 106682 26354.4 1665.49 1766.97 130.502
 68218 24376.6 2717.05 160.675 182.392
 42455.9 22752.6 4120.24 434.942 54.7511
 66281.3 29600 8383.18 1444.07 171.162
 7530.71 20650 4796.21 1289.84 247.821
 21341 5024.07 7452.36 1650.28 527.704
 26087.9 11251.9 1424.95 2014.04 587.054
 5469.11 11409.2 2665.19 321.823 585.922
 19792.9 4800.69 5490.81 1224.58 416.004
 20957.5 10521.4 1378.57 1503.06 447.918
 8869.47 9320.58 2543.85 317.926 448.769
 8395.11 5925.18 3425.01 892.714 268.366
 7691.83 9428.83 3644.51 2011.16 680.055
 4354.44 3076.36 2005.78 737.878 543.395
 25578.2 4146.14 1587.74 987.25 628.992
F
 0.0743647 0.136838 0.143168 0.143517 0.143536
 0.13483 0.248098 0.259576 0.260209 0.260243
 0.129746 0.238745 0.249789 0.250399 0.250431
 0.170958 0.314578 0.329131 0.329934 0.329976
 0.0450977 0.0829837 0.0868226 0.0870345 0.0870457
 0.0935916 0.172217 0.180184 0.180623 0.180647
 0.176357 0.324512 0.339524 0.340353 0.340397
 0.0268342 0.0493773 0.0516615 0.0517876 0.0517942
 0.107069 0.197016 0.20613 0.206633 0.206659
 0.139937 0.257496 0.269408 0.270066 0.2701
 0.039776 0.0731914 0.0765772 0.0767641 0.076774
 0.198101 0.364524 0.381387 0.382318 0.382367
 0.261251 0.480724 0.502963 0.50419 0.504255
 1.31316 2.41633 2.52811 2.53428 2.53461
 0.349295 0.642733 0.672466 0.674108 0.674194
 0.328854 0.605121 0.633114 0.634659 0.634741
 0.191856 0.353033 0.369364 0.370266 0.370314
 0.361524 0.665236 0.69601 0.697709 0.697798
 0.424732 0.781544 0.817699 0.819694 0.8198
 0.217111 0.399504 0.417985 0.419005 0.419059
 0.134539 0.247564 0.259016 0.259649 0.259682
 0.170289 0.313347 0.327842 0.328642 0.328685
 0.0929521 0.17104 0.178952 0.179389 0.179412
 0.104692 0.192643 0.201555 0.202047 0.202073
 0.0930257 0.171175 0.179094 0.179531 0.179554
 0.0667697 0.122862 0.128546 0.12886 0.128876
 0.0968705 0.17825 0.186496 0.186951 0.186975
 0.0859277 0.158115 0.165429 0.165833 0.165854
 0.0622453 0.114537 0.119835 0.120128 0.120143
 0.0670344 0.123349 0.129055 0.12937 0.129387
 0.127289 0.234223 0.245058 0.245656 0.245687
 0.0865318 0.159226 0.166592 0.166999 0.16702
 0.142485 0.262184 0.274313 0.274983 0.275018
YTP_r0W_actual
 192859 72350.2 38217 30920.7 22172
YTP_p0W_proyectada
 0 0 0 0 0
 0 0 0 0 0
 0 0 0 0 0
 0 0 0 0 0
 0 0 0 0 0
 0 0 0 0 0
CTP_r0_actual
 25578.2 4146.14 1587.74 987.25 628.992
CTP_p0_proyectada
 0 0 0 0 0
 0 0 0 0 0
 0 0 0 0 0
 0 0 0 0 0
 0 0 0 0 0
 0 0 0 0 0
Wmedp
 7.54 17.45 24.07 31.32 35.25
Frms_r0
 0.142485 0.262184 0.274313 0.274983 0.275018
Zrms_r0
 1.14248 1.26218 1.27431 1.27498 1.27502
nmprior
 7.29 8.9 8.7 0
nm_flota  nm_reclas  nm_pelaces    nm_pelaL
inf 9.34171 12.3378 33.708
cv_recla  cv_pelaces  cv_mph
0.589044 0.428051 0.468832
 ------------------------------------------------
Talla a la edad & desviaci?n 
 8 13.2811 15.8009 17.003 17.5766
 0.8 1.32811 1.58009 1.7003 1.75766
