years
 1991 1992 1993 1994 1995 1996 1997 1998 1999 2000 2001 2002 2003 2004 2005 2006 2007 2008 2009 2010 2011 2012 2013 2014 2015 2016 2017 2018 2019 2020 2021 2022 2023
reclasobs
 0 0 0 0 0 0 0 0 0 252601 567819 844713 477998 351125 339783 2.1784e+06 2.13404e+06 4.81314e+06 1.55562e+06 2.62356e+06 3.21686e+06 3.843e+06 1.13348e+06 3.07943e+06 1.97215e+06 2.03268e+06 2.025e+06 2.42433e+06 2.27542e+06 1.05018e+06 2.36338e+06 3.18982e+06 1.53035e+06
reclaspred
 3.42028e+06 1.94319e+06 1.04605e+06 1.44114e+06 1.72111e+06 2.59411e+06 1.90694e+06 1.78309e+06 1.28289e+06 946859 849062 759506 456898 121207 591862 1.07131e+06 1.01718e+06 1.28289e+06 1.47126e+06 1.95364e+06 3.81308e+06 3.06859e+06 2.49842e+06 3.27719e+06 2.79954e+06 2.52801e+06 2.82144e+06 3.00157e+06 2.85469e+06 2.42087e+06 1.72616e+06 1.46853e+06 1.82606e+06
pelacesobs
 0 0 0 0 0 0 0 0 0 0 0 0 0 0 0 552880 188675 0 991730 2.46772e+06 1.41603e+06 1.21717e+06 2.29649e+06 1.80582e+06 0 1.4828e+06 1.56532e+06 1.57751e+06 1.42118e+06 867257 1.10002e+06 1.06204e+06 0
pelacespred
 1.81095e+06 1.15891e+06 623054 703121 844375 1.35158e+06 1.01065e+06 1.04971e+06 777585 556962 500741 379529 237427 49734.1 332181 502003 470436 638266 783929 911891 1.85995e+06 1.69977e+06 1.35416e+06 1.90025e+06 1.55529e+06 1.37982e+06 1.79888e+06 1.73506e+06 1.46543e+06 1.41069e+06 971166 810151 976924
mphobs
 0 0 0 0 0 0 0 0 0 0 0 0 498337 0 5186 125008 0 168611 109162 213762 579715 649985 157893 87575 83554 210694 70296 0 107559 103333 445601 22526 28222
mphpred
 936880 630769 321069 192373 309945 394778 513464 387853 333061 239199 159798 178525 141009 56284.5 10151.9 106880 222035 200823 193530 251409 503917 635784 114963 97624.3 120417 112666 95941.6 99524.8 134800 119307 87499.9 64117.1 40874.8
desembarqueobs
 494567 514787 250237 358949 120608 361735 552515 73892 212993 205616 52469 317467 293654 387597 252695 516296 358380 742168 942051 627588 828172 859565 418607 520667 417249 300574 415391 372974 316634 284311 391294 218835 356480
desembarquepred
 494567 512614 251541 358962 120609 361749 552573 73893.7 213025 205648 52469.8 317509 294219 389612 252694 516315 358482 742403 941873 627477 828254 859634 418657 520738 417228 300601 415423 372975 316614 284268 391445 218881 356502
Reclutas
 256337 134995 193419 465214 399460 539314 238868 126812 100918 123689 211166 128270 46463.4 20860 195826 483874 107500 360300 603452 747457 759401 935725 199591 511880 674502 204476 509583 610070 341704 286554 153622 124821 460305
log_desv_Rt
 0.00130294 -0.639948 -0.280333 0.597308 0.444925 0.745109 -0.0692786 -0.702482 -0.930878 -0.727416 -0.192545 -0.691053 -1.70652 -2.50736 -0.267962 0.636635 -0.867701 0.341749 0.857477 1.07149 1.08734 1.29613 -0.248919 0.6929 0.968786 -0.224739 0.688404 0.868384 0.288757 0.112739 -0.510692 -0.718307 0.586699
SSB
 5.02203e+06 3.38116e+06 1.72105e+06 1.03119e+06 1.66142e+06 2.11616e+06 2.75236e+06 2.07904e+06 1.78533e+06 1.2822e+06 856576 956960 724911 293588 52884.8 557063 1.19019e+06 1.07649e+06 1.06921e+06 1.31768e+06 2.6976e+06 3.53402e+06 3.31608e+06 2.72687e+06 3.17898e+06 3.13626e+06 2.53331e+06 2.54169e+06 3.55498e+06 2.98183e+06 2.44948e+06 1.84758e+06 1.0935e+06
BT
 6.59366e+06 4.46188e+06 2.37893e+06 2.69031e+06 2.96365e+06 4.89737e+06 3.94725e+06 3.62994e+06 2.85908e+06 2.09613e+06 1.75178e+06 1.57059e+06 1.08719e+06 585644 1.3785e+06 2.1489e+06 1.8894e+06 2.83018e+06 3.59425e+06 3.6297e+06 6.96789e+06 6.62095e+06 4.97646e+06 6.94761e+06 5.68295e+06 4.95305e+06 6.54279e+06 6.26334e+06 5.24475e+06 5.06253e+06 3.6806e+06 2.95123e+06 3.64127e+06
Ftot
 0.0900104 0.160882 0.15338 0.196298 0.0503171 0.10464 0.187974 0.0280184 0.11188 0.145448 0.0471888 0.27912 0.400051 1.74625 0.436901 0.420816 0.236577 0.435698 0.524951 0.266903 0.163151 0.20456 0.109385 0.12142 0.10868 0.0791228 0.113598 0.100865 0.0733636 0.0803043 0.150051 0.0992132 0.163731
BD_Bspro_t
 0.985774 0.898255 0.788243 0.744097 0.798456 0.85512 0.84997 0.782035 0.818717 0.797573 0.777115 0.842883 0.701798 0.426613 0.142977 0.608591 0.664712 0.614104 0.566095 0.579162 0.685773 0.734699 0.748494 0.747241 0.801698 0.832694 0.831672 0.84653 0.878166 0.861302 0.845391 0.797793 0.788902
BD_Bspro
 2.72295 1.83327 0.933156 0.559114 0.900824 1.14738 1.49233 1.12726 0.968009 0.695209 0.464437 0.518865 0.393048 0.159184 0.0286742 0.302041 0.645325 0.583673 0.579726 0.714446 1.46264 1.91615 1.79799 1.47851 1.72365 1.70048 1.37356 1.37811 1.92752 1.61675 1.32811 1.00176 0.592895
BD_Bo
 2.36683 1.5935 0.811113 0.48599 0.783009 0.997322 1.29716 0.979829 0.841408 0.604286 0.403695 0.451005 0.341643 0.138365 0.024924 0.262538 0.560926 0.507337 0.503906 0.621006 1.27135 1.66555 1.56283 1.28514 1.49822 1.47808 1.19392 1.19787 1.67542 1.40531 1.15441 0.870746 0.515353
BD_Brms
 2.53654 1.70776 0.869272 0.520837 0.839153 1.06883 1.39017 1.05009 0.901739 0.647615 0.432641 0.483344 0.36614 0.148286 0.0267112 0.281363 0.601146 0.543714 0.540038 0.665534 1.36251 1.78497 1.67489 1.37729 1.60564 1.58407 1.27953 1.28376 1.79556 1.50607 1.23719 0.933181 0.552305
Sel_flota
 0.536908 0.956576 0.997616 0.999874 0.999993
 0.536908 0.956576 0.997616 0.999874 0.999993
 0.536908 0.956576 0.997616 0.999874 0.999993
 0.536908 0.956576 0.997616 0.999874 0.999993
 0.536908 0.956576 0.997616 0.999874 0.999993
 0.536908 0.956576 0.997616 0.999874 0.999993
 0.536908 0.956576 0.997616 0.999874 0.999993
 0.536908 0.956576 0.997616 0.999874 0.999993
 0.536908 0.956576 0.997616 0.999874 0.999993
 0.536908 0.956576 0.997616 0.999874 0.999993
 0.536908 0.956576 0.997616 0.999874 0.999993
 0.536908 0.956576 0.997616 0.999874 0.999993
 0.536908 0.956576 0.997616 0.999874 0.999993
 0.536908 0.956576 0.997616 0.999874 0.999993
 0.536908 0.956576 0.997616 0.999874 0.999993
 0.536908 0.956576 0.997616 0.999874 0.999993
 0.536908 0.956576 0.997616 0.999874 0.999993
 0.536908 0.956576 0.997616 0.999874 0.999993
 0.536908 0.956576 0.997616 0.999874 0.999993
 0.536908 0.956576 0.997616 0.999874 0.999993
 0.536908 0.956576 0.997616 0.999874 0.999993
 0.536908 0.956576 0.997616 0.999874 0.999993
 0.536908 0.956576 0.997616 0.999874 0.999993
 0.536908 0.956576 0.997616 0.999874 0.999993
 0.536908 0.956576 0.997616 0.999874 0.999993
 0.536908 0.956576 0.997616 0.999874 0.999993
 0.536908 0.956576 0.997616 0.999874 0.999993
 0.536908 0.956576 0.997616 0.999874 0.999993
 0.536908 0.956576 0.997616 0.999874 0.999993
 0.536908 0.956576 0.997616 0.999874 0.999993
 0.536908 0.956576 0.997616 0.999874 0.999993
 0.536908 0.956576 0.997616 0.999874 0.999993
 0.536908 0.956576 0.997616 0.999874 0.999993
Sel_reclas
 1 1 1 1 1
 1 1 1 1 1
 1 1 1 1 1
 1 1 1 1 1
 1 1 1 1 1
 1 1 1 1 1
 1 1 1 1 1
 1 1 1 1 1
 1 1 1 1 1
 1 1 1 1 1
 1 1 1 1 1
 1 1 1 1 1
 1 1 1 1 1
 1 1 1 1 1
 1 1 1 1 1
 1 1 1 1 1
 1 1 1 1 1
 1 1 1 1 1
 1 1 1 1 1
 1 1 1 1 1
 1 1 1 1 1
 1 1 1 1 1
 1 1 1 1 1
 1 1 1 1 1
 1 1 1 1 1
 1 1 1 1 1
 1 1 1 1 1
 1 1 1 1 1
 1 1 1 1 1
 1 1 1 1 1
 1 1 1 1 1
 1 1 1 1 1
 1 1 1 1 1
Sel_pelaces
 1 1 1 1 1
 1 1 1 1 1
 1 1 1 1 1
 1 1 1 1 1
 1 1 1 1 1
 1 1 1 1 1
 1 1 1 1 1
 1 1 1 1 1
 1 1 1 1 1
 1 1 1 1 1
 1 1 1 1 1
 1 1 1 1 1
 1 1 1 1 1
 1 1 1 1 1
 1 1 1 1 1
 1 1 1 1 1
 1 1 1 1 1
 1 1 1 1 1
 1 1 1 1 1
 1 1 1 1 1
 1 1 1 1 1
 1 1 1 1 1
 1 1 1 1 1
 1 1 1 1 1
 1 1 1 1 1
 1 1 1 1 1
 1 1 1 1 1
 1 1 1 1 1
 1 1 1 1 1
 1 1 1 1 1
 1 1 1 1 1
 1 1 1 1 1
 1 1 1 1 1
pf_obs 
 0.8446 0.082 0.0669 0.0065 0
 0.8095 0.147 0.0364 0.0071 0
 0.9664 0.0169 0.016 0.0007 0
 0.9276 0.0648 0.0075 0.0001 0
 0.7033 0.2144 0.0806 0.0017 0
 0.9318 0.0425 0.0243 0.0014 0
 0.5671 0.3108 0.0964 0.0239 0.0018
 0.0768 0.2599 0.5324 0.112 0.0189
 0.490249 0.384438 0.106611 0.0170017 0.00170017
 0.7925 0.1577 0.0466 0.003 0.0002
 0.840416 0.127587 0.0312969 0.00059994 9.999e-05
 0.8084 0.0986 0.0794 0.0134 0.0002
 0.7335 0.1905 0.0724 0.0035 0.0001
 0.4001 0.4547 0.1325 0.0127 0
 0.49795 0.308269 0.164784 0.0264974 0.00249975
 0.9179 0.0499 0.0305 0.0017 0
 0.2467 0.6533 0.0926 0.0074 0
 0.9418 0.0223 0.034 0.0019 0
 0.707729 0.231977 0.0356964 0.0245975 0
 0.517169 0.277429 0.184464 0.0207286 0.00020938
 0.811772 0.124168 0.05621 0.00726502 0.000585176
 0.764997 0.148141 0.077277 0.00933861 0.000247198
 0.163321 0.427699 0.378323 0.0303852 0.000271297
 0.753843 0.0900009 0.118128 0.0371064 0.000921714
 0.721811 0.176058 0.0630433 0.0369309 0.00215725
 0.143369 0.312575 0.442814 0.0836902 0.0175525
 0.692698 0.0596174 0.167031 0.0765114 0.00414204
 0.394062 0.376323 0.152708 0.0712218 0.00568511
 0.125707 0.32114 0.495352 0.0537591 0.00404204
 0.23352 0.215282 0.420074 0.123614 0.00750983
 0.796117 0.104755 0.0508955 0.0450114 0.00322123
 0.162477 0.292055 0.404252 0.121198 0.0200186
 0 0 0 0 0
pf_pred 
 0.320121 0.09869 0.556272 0.0249153 9.47635e-07
 0.28546 0.329301 0.0579667 0.313272 0.0140001
 0.507935 0.20759 0.134347 0.0226352 0.127493
 0.729182 0.17697 0.0406248 0.025168 0.0280551
 0.549562 0.374233 0.0505853 0.0111057 0.0145137
 0.59451 0.275885 0.10843 0.014067 0.0071081
 0.348045 0.471521 0.12443 0.0468717 0.00913216
 0.306936 0.340888 0.257857 0.0650926 0.0292262
 0.354974 0.282481 0.182046 0.132236 0.0482619
 0.503547 0.24732 0.111795 0.0690424 0.0682957
 0.647769 0.228122 0.0632134 0.0273622 0.0335334
 0.432259 0.433841 0.0880034 0.0234033 0.0224938
 0.286983 0.418342 0.227688 0.044065 0.0229217
 0.322642 0.299805 0.22622 0.117005 0.0343269
 0.958387 0.0243816 0.00802158 0.00552936 0.00368047
 0.83331 0.163085 0.00215822 0.000674657 0.000772407
 0.285905 0.646429 0.0662751 0.000833824 0.000557497
 0.725299 0.116262 0.144039 0.0141043 0.000295344
 0.746993 0.212415 0.0176914 0.0208243 0.00207605
 0.691158 0.263741 0.0381933 0.00301566 0.00389225
 0.596907 0.324464 0.0675992 0.00934452 0.00168574
 0.607105 0.285714 0.0870079 0.0173485 0.00282402
 0.21456 0.579666 0.15147 0.044103 0.0102002
 0.580795 0.137064 0.210553 0.0527287 0.0188599
 0.610066 0.27901 0.0373348 0.0549498 0.0186394
 0.267773 0.53868 0.140205 0.0179812 0.0353599
 0.613432 0.151619 0.174764 0.0436263 0.0165589
 0.594264 0.300799 0.0422436 0.0466619 0.0160319
 0.397473 0.435021 0.12557 0.0169051 0.0250309
 0.420439 0.311542 0.195756 0.0542033 0.0180602
 0.330639 0.377325 0.160059 0.0964526 0.0355243
 0.392223 0.286935 0.184368 0.074879 0.0615948
 0.766137 0.125532 0.0523137 0.0322217 0.0237956
pobs_RECLAS
 0 0 0 0 0
 0 0 0 0 0
 0 0 0 0 0
 0 0 0 0 0
 0 0 0 0 0
 0 0 0 0 0
 0 0 0 0 0
 0 0 0 0 0
 0 0 0 0 0
 0 0 0 0 0
 0.991045 0.00858322 0.000360255 1.14367e-05 0
 0.934742 0.0480273 0.0164251 0.00080598 0
 0.827803 0.169806 0.00239088 0 0
 0.941827 0.0461693 0.0120037 0 0
 0.791401 0.0380133 0.147996 0.0225897 0
 0.846168 0.0940531 0.0597789 0 0
 0.134021 0.677848 0.182769 0.00536245 0
 0.80878 0.0450904 0.141981 0.00414843 0
 0.846168 0.0940531 0.0597789 0 0
 0.905697 0.0802665 0.012482 0.00150086 5.37128e-05
 0.989698 0.0102097 9.19794e-05 0 0
 0.975433 0.0193895 0.00387452 0.00125025 5.28907e-05
 0.303575 0.632131 0.0575291 0.00676475 0
 0.966965 0.00978017 0.0227588 0.000495775 0
 0.843318 0.132988 0.00938335 0.0141283 0.000182051
 0.564624 0.303363 0.111486 0.0197234 0.00080311
 0.826376 0.0876187 0.0782897 0.00655872 0.00115652
 0.89761 0.0855135 0.0140674 0.00269457 0.000114338
 0.34875 0.467042 0.161289 0.0227151 0.000203297
 0.318654 0.224769 0.449479 0.00709798 0
 0.937255 0.0296025 0.0250945 0.00804832 0
 0.456809 0.399803 0.12412 0.0192676 0
 0.883104 0.0372192 0.0704036 0.00927362 0
ppred_RECLAS
 0.465997 0.0803693 0.434228 0.0194047 7.37954e-07
 0.423105 0.272267 0.0459268 0.247636 0.0110655
 0.654811 0.149332 0.0926129 0.015568 0.0876762
 0.830727 0.112294 0.0246982 0.0152659 0.017015
 0.686836 0.262048 0.0339579 0.00743833 0.00971976
 0.726616 0.188527 0.0710203 0.00919271 0.00464455
 0.492268 0.371588 0.0939549 0.0353105 0.00687882
 0.446583 0.278112 0.201697 0.0508006 0.0228065
 0.502176 0.22337 0.137972 0.0999924 0.0364897
 0.649995 0.178201 0.0771945 0.0475648 0.0470447
 0.769148 0.151778 0.0403213 0.0174137 0.0213385
 0.580936 0.323514 0.0628499 0.0166753 0.0160252
 0.426349 0.342724 0.178529 0.0344696 0.0179281
 0.49927 0.228782 0.163148 0.0841247 0.0246764
 0.977081 0.0136798 0.00430663 0.00296157 0.00197104
 0.900837 0.0971106 0.00122985 0.000383539 0.000439054
 0.419626 0.527484 0.0518051 0.000650266 0.000434717
 0.831088 0.0733206 0.0869222 0.00849126 0.000177784
 0.84451 0.131492 0.0104736 0.0122987 0.00122595
 0.802222 0.169952 0.0235725 0.00185691 0.00239639
 0.728027 0.220732 0.0440677 0.0060777 0.00109628
 0.737377 0.193212 0.0563716 0.011214 0.00182522
 0.330712 0.499455 0.12509 0.0363391 0.00840355
 0.71847 0.0947363 0.13948 0.0348502 0.0124637
 0.739131 0.188971 0.0242365 0.0355902 0.012071
 0.397866 0.447952 0.111762 0.0143009 0.0281191
 0.744492 0.102847 0.113622 0.0282987 0.0107399
 0.725918 0.20547 0.0276585 0.0304817 0.0104715
 0.543866 0.333213 0.0922013 0.0123846 0.0183354
 0.569327 0.236095 0.142205 0.0392859 0.0130882
 0.474213 0.302018 0.122773 0.0738143 0.0271831
 0.541373 0.221482 0.136408 0.0552742 0.0454626
 0.856993 0.0783196 0.0312761 0.0192198 0.014192
pobs_PELACES
 0 0 0 0 0
 0 0 0 0 0
 0 0 0 0 0
 0 0 0 0 0
 0 0 0 0 0
 0 0 0 0 0
 0 0 0 0 0
 0 0 0 0 0
 0 0 0 0 0
 0 0 0 0 0
 0 0 0 0 0
 0 0 0 0 0
 0 0 0 0 0
 0 0 0 0 0
 0 0 0 0 0
 0 0 0 0 0
 0.505614 0.472636 0.0217494 0 0
 0 0 0 0 0
 0.443492 0.261883 0.143347 0.151278 0
 0.227955 0.32914 0.350689 0.0885471 0.00366901
 0.970185 0.0296113 0.000203453 0 0
 0.997202 0.00247181 0.000326279 0 0
 0.445219 0.490057 0.0546422 0.010081 0
 0.90214 0.0892962 0.00764917 0.000914606 0
 0 0 0 0 0
 0.581667 0.319106 0.0959925 0.00289975 0.000334073
 0.762889 0.0836404 0.116647 0.0363945 0.000428098
 0.88444 0.0763242 0.0277011 0.0115352 0
 0.521256 0.241999 0.230069 0.00667565 0
 0.616807 0.101726 0.260614 0.0208532 0
 0.833518 0.0704572 0.0857862 0.0102388 0
 0.697417 0.212968 0.0787535 0.0105354 0.000325836
 0 0 0 0 0
ppred_PELACES
 0.469359 0.0799463 0.431416 0.0192777 7.33124e-07
 0.428847 0.269882 0.0454254 0.244902 0.0109433
 0.659869 0.147322 0.0911771 0.0153249 0.0863066
 0.834643 0.109797 0.024085 0.0148847 0.01659
 0.688358 0.260804 0.0337738 0.00739772 0.00966667
 0.729572 0.186571 0.0701838 0.00908373 0.00458947
 0.498949 0.366953 0.092547 0.0347765 0.00677475
 0.44759 0.27766 0.201293 0.0506977 0.0227602
 0.506264 0.221726 0.136749 0.099098 0.0361631
 0.654789 0.175936 0.0760631 0.0468626 0.0463499
 0.770347 0.151024 0.0400954 0.0173155 0.0212182
 0.590528 0.316386 0.0612332 0.0162429 0.0156096
 0.440495 0.335011 0.173568 0.0335018 0.0174245
 0.562663 0.202444 0.140992 0.0726058 0.0212961
 0.978449 0.0128947 0.00403551 0.00277422 0.00184632
 0.905933 0.0921311 0.00116016 0.000361691 0.000414037
 0.427697 0.5203 0.0509361 0.000639246 0.000427345
 0.839842 0.0697543 0.0822078 0.00802811 0.000168084
 0.85396 0.12364 0.00977837 0.0114779 0.0011441
 0.808101 0.164985 0.0228009 0.00179578 0.00231747
 0.73256 0.217144 0.0432557 0.00596499 0.00107594
 0.742967 0.189239 0.0550597 0.0109514 0.00178246
 0.334158 0.497072 0.124309 0.0361092 0.00835037
 0.722081 0.0936247 0.137617 0.0343816 0.012296
 0.742103 0.186897 0.0239352 0.0351449 0.0119199
 0.400561 0.446071 0.111174 0.0142248 0.0279694
 0.747649 0.101671 0.11215 0.0279298 0.0105998
 0.728758 0.203413 0.0273442 0.030133 0.0103517
 0.546453 0.331413 0.0916123 0.0123048 0.0182172
 0.572173 0.234651 0.141182 0.0390009 0.0129932
 0.479618 0.299178 0.121371 0.0729636 0.0268697
 0.544959 0.219907 0.135256 0.0548033 0.0450751
 0.859873 0.0768211 0.0306097 0.018808 0.0138878
pobs_pel_tallas
 0 0 0 0 0 0 0 0 0 0 0 0 0 0 0 0 0 0 0 0 0 0 0 0 0 0
 0 0 0 0 0 0 0 0 0 0 0 0 0 0 0 0 0 0 0 0 0 0 0 0 0 0
 0 0 0 0 0 0 0 0 0 0 0 0 0 0 0 0 0 0 0 0 0 0 0 0 0 0
 0 0 0 0 0 0 0 0 0 0 0 0 0 0 0 0 0 0 0 0 0 0 0 0 0 0
 0 0 0 0 0 0 0 0 0 0 0 0 0 0 0 0 0 0 0 0 0 0 0 0 0 0
 0 0 0 0 0 0 0 0 0 0 0 0 0 0 0 0 0 0 0 0 0 0 0 0 0 0
 0 0 0 0 0 0 0 0 0 0 0 0 0 0 0 0 0 0 0 0 0 0 0 0 0 0
 0 0 0 0 0 0 0 0 0 0 0 0 0 0 0 0 0 0 0 0 0 0 0 0 0 0
 0 0 0 0 0 0 0 0 0 0 0 0 0 0 0 0 0 0 0 0 0 0 0 0 0 0
 0 0 0 0 0 0 0 0 0 0 0 0 0 0 0 0 0 0 0 0 0 0 0 0 0 0
 0 0 0 0 0 0 0 0 0 0 0 0 0 0 0 0 0 0 0 0 0 0 0 0 0 0
 0 0 0 0 0 0 0 0 0 0 0 0 0 0 0 0 0 0 0 0 0 0 0 0 0 0
 0.00862536 0 0 0.000197151 0.00414017 0.0128641 0.00837892 0.0270097 0.101434 0.158115 0.152841 0.127902 0.109271 0.109419 0.0830992 0.0579132 0.0238553 0.00714673 0.00463305 0.00128148 0.00103504 0.000492878 0.000147863 0.000147863 4.92878e-05 0
 0 0 0 0 0 0 0 0 0 0 0 0 0 0 0 0 0 0 0 0 0 0 0 0 0 0
 0 0 0 0 0 0 0 0.0054083 0.00873648 0.0413646 0.0450493 0.0745869 0.0622846 0.0627006 0.0613931 0.0827291 0.12552 0.122667 0.0946155 0.0697135 0.0546179 0.0294188 0.0215738 0.0213955 0.0102223 0.00600262
 0 0 0 0 0.00359764 0.0251062 0.0480494 0.140153 0.205849 0.193036 0.1447 0.116669 0.0760912 0.0342217 0.00950174 0.001854 0.000860785 0 0 0 0.000165536 0 0.000143464 0 0 0
 0 0 0 0 0 0 0 0.000145254 0.000435761 0.0275982 0.070085 0.0708112 0.156366 0.174668 0.174014 0.160142 0.0824315 0.0480064 0.0283245 0.00493863 0.00203355 0 0 0 0 0
 0 0 0 0 0 0 0 0 0 0 0 0 0 0 0 0 0 0 0 0 0 0 0 0 0 0
 0 0 1.00437e-05 0.000401748 0.00122533 0.00171747 0.00176769 0.0269171 0.070346 0.194647 0.189555 0.159765 0.064822 0.0314167 0.0384472 0.0292271 0.0345202 0.0313363 0.0194345 0.0106764 0.0143323 0.0359363 0.0279516 0.0138201 0.00172751 0
 0 0.0021121 0.0136068 0.0755702 0.200478 0.177729 0.0527432 0.0373336 0.0318909 0.0142505 0.0149659 0.0166563 0.0217959 0.0798694 0.0677717 0.0528807 0.04013 0.0224614 0.0357745 0.0225083 0.00881397 0.00855152 0.00135912 0.000746735 0 0
 0 0 0 0 5.4009e-05 0.00500934 0.000945158 0.0243581 0.138947 0.33067 0.221406 0.137944 0.0707744 0.0437923 0.0131692 0.00525238 0.0047753 0.00276346 9.45158e-05 9.00151e-06 2.25038e-05 9.00151e-06 4.50075e-06 0 0 0
 0.000866109 0.00284123 0.00948549 0.0512746 0.133035 0.25785 0.225252 0.132002 0.0553304 0.0519788 0.0540692 0.017754 0.00435017 0.00159236 0.00146478 0.000404838 0.000125132 0.000115318 0.000107957 0.000100596 0 0 0 0 0 0
 0 0 0 0 0.00144013 0.00171154 0.00461396 0.0210425 0.0478622 0.0707936 0.0888783 0.103762 0.0637923 0.0337046 0.0602308 0.124433 0.169614 0.0934646 0.0462172 0.0250306 0.0313229 0.00938855 0.002487 0.000210481 0 0
 0 0.00764035 0.051015 0.0998891 0.058973 0.0496711 0.0374665 0.0718981 0.12319 0.153886 0.159021 0.0857701 0.0377988 0.023471 0.0147837 0.00900784 0.00315554 0.000888139 0.00291439 0.00214683 0.00393193 0.00274676 0.000635225 9.99891e-05 0 0
 0 0 0 0 0 0 0 0 0 0 0 0 0 0 0 0 0 0 0 0 0 0 0 0 0 0
 0 0 0 0 0 0 0 0 0 0 0 0 0 0 0 0 0 0 0 0 0 0 0 0 0 0
 0 0 0 0 0 0 0 0 0 0 0 0 0 0 0 0 0 0 0 0 0 0 0 0 0 0
 0 0 0 0 0 0 0 0 0 0 0 0 0 0 0 0 0 0 0 0 0 0 0 0 0 0
 0 0 0 0 0 0 0 0 0 0 0 0 0 0 0 0 0 0 0 0 0 0 0 0 0 0
 0 0 0 0 0 0 0 0 0 0 0 0 0 0 0 0 0 0 0 0 0 0 0 0 0 0
 0 0 0 0 0 0 0 0 0 0 0 0 0 0 0 0 0 0 0 0 0 0 0 0 0 0
 0 0 0 0 0 0 0 0 0 0 0 0 0 0 0 0 0 0 0 0 0 0 0 0 0 0
 0 0 0 0 0 0 0 0 0 0 0 0 0 0 0 0 0 0 0 0 0 0 0 0 0 0
ppred_pel_tallas
 1.14404e-16 3.86605e-05 0.000375794 0.00249728 0.0113523 0.0353212 0.0752559 0.10984 0.109848 0.075297 0.0354613 0.0117652 0.00356501 0.00281016 0.00496448 0.00893289 0.0146908 0.0222646 0.0315598 0.0422984 0.0537744 0.0645512 0.072503 0.0754683 0.0722506 0.0633137
 1.27793e-16 3.53236e-05 0.000343358 0.00228174 0.0103725 0.0322727 0.0687614 0.100365 0.100391 0.068889 0.0327016 0.0116127 0.00540088 0.00717378 0.0130747 0.0217493 0.0318139 0.0411341 0.047679 0.0508118 0.0517884 0.0528884 0.0557894 0.060416 0.0650178 0.0672367
 1.18812e-16 5.43526e-05 0.000528326 0.00351092 0.0159601 0.0496579 0.105802 0.154424 0.154438 0.105872 0.0498936 0.0166426 0.00523059 0.00430467 0.00729305 0.0121498 0.0179285 0.0234846 0.0277191 0.0302215 0.0315274 0.0326868 0.0344762 0.0368721 0.039117 0.0402041
 1.05024e-16 6.87485e-05 0.00066826 0.00444082 0.0201873 0.0628103 0.133824 0.195323 0.195334 0.133876 0.0629844 0.0206903 0.00570457 0.00343081 0.00532688 0.00872916 0.0126459 0.0160766 0.0180623 0.0181926 0.0168564 0.0149698 0.0133939 0.0124955 0.0121081 0.0118001
 1.0342e-16 5.66992e-05 0.000551136 0.00366249 0.0166492 0.0518019 0.11037 0.161094 0.161119 0.110493 0.0522142 0.0178401 0.00665174 0.00707618 0.0124476 0.0204853 0.0294976 0.0370822 0.0408315 0.0396427 0.0343748 0.0272645 0.0205855 0.015591 0.0123504 0.0102664
 1.03761e-16 6.00939e-05 0.000584135 0.00388178 0.017646 0.0549034 0.116978 0.170737 0.170755 0.117066 0.0551999 0.0185032 0.00603681 0.0052996 0.00904792 0.0149471 0.0217221 0.0277243 0.0313012 0.0316697 0.0293367 0.0256667 0.0219728 0.0188687 0.0162695 0.0138218
 1.07399e-16 4.10978e-05 0.000399486 0.00265472 0.012068 0.0375483 0.0800018 0.116772 0.116808 0.080175 0.03813 0.0137493 0.00687854 0.00963199 0.0176105 0.0291416 0.0421956 0.0535297 0.0598589 0.0596708 0.0540912 0.0460299 0.0383266 0.0323682 0.0279941 0.0243243
 1.14816e-16 3.68674e-05 0.000358365 0.00238146 0.0108258 0.0336832 0.0717666 0.104751 0.104778 0.0718988 0.0341279 0.0121137 0.00562745 0.00748819 0.0137067 0.0229407 0.0338401 0.0442348 0.0519063 0.0558114 0.0565776 0.0557801 0.0546383 0.0532456 0.0508371 0.0466437
 1.20061e-16 4.17003e-05 0.000405342 0.00269364 0.0122449 0.0380986 0.0811739 0.11848 0.118502 0.0812794 0.0384535 0.0132726 0.00528362 0.00609409 0.0109497 0.0183143 0.0270463 0.0354557 0.0418745 0.0456327 0.0474286 0.048678 0.0503623 0.0523179 0.0534391 0.0524776
 1.14784e-16 5.39341e-05 0.000524259 0.00348389 0.0158372 0.0492756 0.104988 0.153236 0.153253 0.105071 0.049556 0.0166484 0.00552544 0.00499903 0.00860664 0.0142894 0.0209336 0.0270999 0.031386 0.0332311 0.0332572 0.0327813 0.0328767 0.0337241 0.0346569 0.0347054
 1.06523e-16 6.34525e-05 0.00061678 0.00409872 0.0186322 0.0579718 0.123516 0.180278 0.180292 0.123587 0.0582114 0.0193248 0.00583909 0.00442257 0.00731107 0.0120394 0.017466 0.0222461 0.0250644 0.0253466 0.0236022 0.0210528 0.0188453 0.0174657 0.0167006 0.0160064
 1.06119e-16 4.86411e-05 0.000472808 0.00314198 0.014283 0.0444399 0.094685 0.138202 0.138232 0.0948342 0.0449408 0.0157303 0.00677639 0.00841187 0.0151416 0.0249958 0.0360998 0.045606 0.0506448 0.0499037 0.0443991 0.0367501 0.0295622 0.0241855 0.0205708 0.0179414
 1.11403e-16 3.62831e-05 0.000352684 0.00234371 0.0106542 0.0331493 0.0706294 0.103092 0.103125 0.0707883 0.0336834 0.0121994 0.00623236 0.00887487 0.0163192 0.0271774 0.0397464 0.0512415 0.0588168 0.0611271 0.059022 0.0547305 0.0502521 0.0462883 0.042372 0.0377453
 1.15006e-16 4.63458e-05 0.000450498 0.00299372 0.013609 0.0423428 0.0902165 0.131678 0.131698 0.090313 0.0426671 0.0145485 0.00536191 0.00565394 0.0100286 0.0167708 0.0247842 0.0325122 0.0384021 0.041779 0.0431838 0.0438054 0.0444795 0.0450971 0.0448165 0.0427623
 1.00711e-16 8.05936e-05 0.000783398 0.00520596 0.0236655 0.0736322 0.156881 0.228973 0.228974 0.156887 0.0736527 0.0237248 0.00535489 0.00110934 0.000702077 0.00103974 0.00150602 0.00192887 0.0021948 0.00225744 0.00216104 0.00200697 0.0018858 0.00182821 0.00180437 0.00175908
 1.00164e-16 7.46205e-05 0.000725338 0.00482013 0.0219116 0.0681752 0.145255 0.212005 0.212014 0.145298 0.0683205 0.022331 0.00587189 0.00301821 0.00442 0.00716489 0.0102574 0.0127796 0.0138528 0.0130748 0.0107633 0.00775678 0.00493547 0.00282673 0.00151976 0.000827604
 1.0174e-16 3.5229e-05 0.000342438 0.00227562 0.0103447 0.0321864 0.0685784 0.100103 0.100153 0.0688232 0.0330083 0.012718 0.00823092 0.0133358 0.0246908 0.0407067 0.0585009 0.0732752 0.0801491 0.0768486 0.0650562 0.0492811 0.0342045 0.0225588 0.0147538 0.00983965
 1.03224e-16 6.91767e-05 0.000672422 0.00446848 0.0203131 0.0632015 0.134658 0.196538 0.196545 0.134691 0.0633142 0.02064 0.00529448 0.00249361 0.00358071 0.0059475 0.00888012 0.0118305 0.0142661 0.0159044 0.0168071 0.0172003 0.0171937 0.0166689 0.0154219 0.0133992
 1.01659e-16 7.03396e-05 0.000683726 0.0045436 0.0206545 0.064264 0.136922 0.199844 0.199856 0.13698 0.0644593 0.0212186 0.00595905 0.00377238 0.00593266 0.00968764 0.0139292 0.0174794 0.0191943 0.0185593 0.016001 0.0126052 0.00947073 0.00719483 0.00578889 0.00493029
 1.01273e-16 6.65622e-05 0.000647008 0.0042996 0.0195454 0.060813 0.129569 0.189113 0.189129 0.129647 0.0610738 0.0202988 0.00619064 0.00477477 0.0079047 0.0129593 0.0186533 0.0234373 0.0257768 0.0249593 0.0215108 0.0168318 0.0123586 0.00890334 0.00655229 0.00498502
 1.02085e-16 6.034e-05 0.000586526 0.00389767 0.0177183 0.0551282 0.117457 0.171437 0.171458 0.11756 0.055472 0.0187114 0.00639149 0.00603344 0.0104134 0.0171416 0.0247368 0.0312082 0.0345607 0.0338606 0.0297702 0.0240626 0.0185317 0.0141552 0.0109973 0.00865066
 1.03038e-16 6.11973e-05 0.000594859 0.00395305 0.01797 0.0559115 0.119126 0.173872 0.17389 0.119215 0.0562117 0.0188377 0.00613316 0.00536131 0.00913482 0.0150603 0.0218184 0.027707 0.0310244 0.0309725 0.0280989 0.0238637 0.0197008 0.0163264 0.013702 0.0114535
 1.08749e-16 2.75243e-05 0.000267546 0.00177794 0.00808228 0.0251472 0.0535806 0.0782126 0.0782606 0.0538152 0.0259352 0.0103593 0.00749805 0.0127695 0.023815 0.0394429 0.057088 0.0723629 0.080796 0.0803133 0.0724225 0.061068 0.0501315 0.0415614 0.0352308 0.0300343
 1.09525e-16 5.94768e-05 0.000578136 0.00384192 0.0174648 0.0543395 0.115776 0.168981 0.16899 0.115822 0.0544919 0.0179075 0.00496315 0.00305916 0.00486964 0.00821425 0.0124327 0.0169091 0.0210351 0.0245108 0.0274238 0.0299641 0.032038 0.0331601 0.0327284 0.0304389
 1.06281e-16 6.11261e-05 0.000594168 0.00394845 0.0179491 0.0558464 0.118987 0.173669 0.173687 0.119075 0.0561422 0.0188034 0.00609355 0.00527917 0.00896613 0.0147475 0.0212953 0.0269157 0.0299458 0.0296696 0.0267647 0.0228467 0.01947 0.0173545 0.0162933 0.0155936
 1.09483e-16 3.29937e-05 0.000320711 0.00213124 0.00968833 0.0301442 0.064227 0.0937503 0.0937933 0.0644375 0.0308513 0.0117315 0.00726374 0.0115379 0.0213743 0.0353835 0.0512028 0.0648853 0.0724176 0.0719468 0.0648476 0.0546983 0.0450304 0.0376316 0.032394 0.0282779
 1.07858e-16 6.15829e-05 0.000598608 0.00397796 0.0180832 0.0562637 0.119876 0.174965 0.174975 0.119925 0.0564279 0.0185595 0.00518124 0.00325163 0.0051775 0.00866499 0.012953 0.0172926 0.0209462 0.0235594 0.0252927 0.0265343 0.0274529 0.0277994 0.0271072 0.0250738
 1.05615e-16 6.00269e-05 0.000583483 0.00387745 0.0176263 0.0548422 0.116848 0.170547 0.170566 0.116944 0.055164 0.018556 0.00621167 0.00568108 0.00974765 0.0160383 0.0231466 0.0292232 0.0324411 0.0319977 0.028608 0.0240181 0.0199323 0.0171793 0.0156087 0.0145519
 1.07046e-16 4.50107e-05 0.00043752 0.00290747 0.013217 0.0411231 0.0876182 0.127888 0.12792 0.0877747 0.0416487 0.014736 0.00672395 0.00878066 0.0159247 0.0263463 0.0381613 0.0484368 0.0542021 0.0540788 0.0490638 0.0417654 0.0347436 0.0292723 0.0252511 0.0219332
 1.10245e-16 4.71292e-05 0.000458113 0.00304432 0.0138391 0.0430586 0.0917417 0.133904 0.133927 0.0918531 0.0434334 0.014924 0.00577652 0.00645186 0.0115168 0.0191923 0.0281769 0.0365597 0.0424051 0.0448068 0.0443413 0.0424736 0.0404353 0.0385148 0.0362112 0.0329067
 1.15444e-16 3.95055e-05 0.000384008 0.00255187 0.0116004 0.0360934 0.076902 0.112247 0.112276 0.0770437 0.0365697 0.012978 0.00601723 0.00797447 0.0145315 0.0241646 0.035294 0.0454355 0.0520967 0.0541907 0.0526538 0.0496697 0.0471356 0.0456023 0.0443436 0.0422055
 1.17084e-16 4.48876e-05 0.000436323 0.00289952 0.0131808 0.0410106 0.0873781 0.127535 0.127557 0.0874827 0.0413622 0.014199 0.00546458 0.00606723 0.0108323 0.0180848 0.0266384 0.0347658 0.0407463 0.0438444 0.0447051 0.0447485 0.0450611 0.0456943 0.0458205 0.0444405
 1.0514e-16 7.08267e-05 0.00068846 0.00457506 0.0207976 0.064709 0.13787 0.201226 0.201234 0.137906 0.0648313 0.0211513 0.00546506 0.00263813 0.00379399 0.00621486 0.00907802 0.0117035 0.0134588 0.0140806 0.0138282 0.0132778 0.0129199 0.0128772 0.012919 0.0126856
pSPR Fmed_Fpbrs
1   0.983094 0.6 0.325 0.983094 0.983094 0.983094
Fs Fmed_Fpbrs
0   0.01 0.338372 0.86162 0.01 0.01 0.01
SSBpbr Bo_Bmed_Bpbrs
2.12184e+06  2.01575e+06  1.97988e+06 1.16701e+06 583506 1.97988e+06 1.97988e+06 1.97988e+06
Ro
256003
SPR SPRFo_SPRFmed_SPRFpbrs
1.84433e+06 1.84433e+06 1.81315e+06
Fref
0
Nvult_r0
 305219 29842.6 11994.2 7373.27 5444.56
CTP_r0
 24663.2 4041.07 1684.06 1037.27 766.018
YTP_r0
356502
Np
 460305 169337 62295.4 22917.2 11532.3
Nvult_p0
 290968 107041 39378.2 14486.4 7289.79
CTP_p0
 0 0 0 0 0
 0 0 0 0 0
 0 0 0 0 0
 0 0 0 0 0
 0 0 0 0 0
 0 0 0 0 0
YTP_p0
 0 0 0 0 0 0
CBA_c0
0
log_Ro
12.2729
likeval ReclasPelacesDesembMPH_pf_preclas_ppelaces_ptallas_desvR_qrecl_qpela
 48.7009 15.0996 0.380539 159.15 251.108 151.322 120.821 0 32.3254 1.26385e-05 7.65081e-06 1.14053 2068.77 0 0
q_reclas_q_pelaces
0.604857 0.676263
M
1
N
 256337 45052.7 243866 10898.9 0.414485
 134995 89852.1 15206.6 82008.4 3664.54
 193419 45552.4 28339.9 4764.69 26834.1
 465214 65529.8 14470.9 8946.43 9971.62
 399460 154023 19980 4376.78 5719.21
 539314 143036 53999.3 6990.37 3531.86
 238868 187563 47608.1 17896.1 3486.36
 126812 79438.7 57645.1 14519.3 6518.31
 100918 45955.1 28451 20621.9 7525.48
 123689 34961.3 15190.1 9361.17 9258.89
 211166 42084.6 11191 4833.36 5922.75
 128270 75740.1 14798.7 3927.62 3774.58
 46463.4 40620.6 21334.1 4120.96 2143.42
 20860 13789 10191.9 5265.69 1544.75
 195826 3004.94 954.523 656.725 437.089
 483874 56977.2 727.841 227.091 259.968
 107500 142008 14014.7 175.962 117.636
 360300 34829.6 41661.6 4071.84 85.2557
 603452 104900 8445.98 9923.65 989.232
 747457 167472 23356 1840.41 2375.13
 759401 238263 47727.2 6583.63 1187.55
 935725 255937 74986.5 14920.6 2428.54
 199591 308429 77420.9 22493.7 5201.79
 511880 69237.4 102192 25537.1 9133.02
 674502 176425 22678 33305.6 11296.2
 204476 234071 58494.8 7485.53 14718.5
 509583 72093.8 79833 19885.7 7547.04
 610070 176373 23790.9 26222.3 9008.35
 341704 212601 58916.2 7914.36 11717.2
 286554 120851 72911 20144.4 6711.22
 153622 100969 41171.2 24757.5 9117.35
 124821 52140 32177.8 13040.3 10725.6
 460305 43537.1 17444.6 10722 7917.28
pred_Ctot
 7674.85 2366.08 13336.5 597.34 0.0227194
 7111.7 8203.93 1444.13 7804.6 348.787
 9730.46 3976.79 2573.67 433.621 2442.37
 29670.6 7200.93 1653.03 1024.09 1141.57
 6745.24 4593.28 620.875 136.309 178.138
 18710.9 8682.88 3412.6 442.728 223.712
 14615.3 19800.5 5225.17 1968.27 383.484
 1198.33 1330.89 1006.72 254.133 114.104
 3737.49 2974.22 1916.75 1392.3 508.146
 5911.07 2903.26 1312.35 810.48 801.715
 3346.37 1178.48 326.56 141.353 173.233
 11423.4 11465.2 2325.68 618.483 594.446
 5777.25 8421.63 4583.58 887.072 461.436
 8639.88 8028.33 6057.85 3133.23 919.224
 26382 671.165 220.814 152.209 101.314
 63005.5 12330.6 163.18 51.0099 58.4007
 8190.25 18518.1 1898.57 23.8864 15.9705
 48419.1 7761.36 9615.67 941.569 19.7164
 95862.4 27259.4 2270.35 2672.4 266.422
 63822.9 24354.4 3526.84 278.472 359.418
 40549.8 22041.9 4592.23 634.804 114.518
 62077.8 29214.9 8896.75 1773.92 288.763
 7230.93 19535.4 5104.71 1486.32 343.759
 20530.3 4845.01 7442.74 1863.88 666.671
 24282.8 11105.6 1486.06 2187.2 741.914
 5394.64 10852.4 2824.62 362.255 712.371
 19154.7 4734.36 5457.09 1362.25 517.06
 20419.3 10335.6 1451.52 1603.33 550.868
 8369.64 9160.3 2644.14 355.973 527.08
 7670.97 5684.12 3571.59 988.947 329.511
 7566.2 8634.55 3662.72 2207.18 812.922
 4110.89 3007.36 1932.36 784.807 645.575
 24663.2 4041.07 1684.06 1037.27 766.018
F
 0.0483273 0.0861017 0.0897958 0.0899991 0.0900098
 0.0863789 0.153896 0.160499 0.160862 0.160881
 0.0823511 0.14672 0.153015 0.153361 0.153379
 0.105394 0.187774 0.19583 0.196274 0.196297
 0.0270157 0.0481321 0.0501972 0.0503108 0.0503168
 0.0561821 0.100096 0.104391 0.104627 0.104639
 0.100925 0.179812 0.187526 0.187951 0.187973
 0.0150433 0.0268017 0.0279516 0.0280149 0.0280182
 0.0600695 0.107022 0.111614 0.111866 0.11188
 0.078092 0.139132 0.145101 0.145429 0.145447
 0.0253361 0.0451397 0.0470764 0.0471829 0.0471885
 0.149862 0.266999 0.278455 0.279085 0.279118
 0.214791 0.382679 0.399097 0.400001 0.400048
 0.937575 1.67042 1.74208 1.74603 1.74624
 0.234576 0.417929 0.43586 0.436846 0.436898
 0.225939 0.402542 0.419813 0.420763 0.420813
 0.12702 0.226304 0.236013 0.236547 0.236576
 0.23393 0.416778 0.434659 0.435643 0.435695
 0.281851 0.502156 0.5237 0.524885 0.524948
 0.143303 0.255313 0.266267 0.26687 0.266902
 0.0875969 0.156066 0.162762 0.16313 0.163149
 0.10983 0.195677 0.204072 0.204534 0.204559
 0.0587295 0.104635 0.109124 0.109371 0.109384
 0.0651913 0.116147 0.12113 0.121405 0.121419
 0.0583512 0.103961 0.108421 0.108666 0.108679
 0.0424817 0.075687 0.0789342 0.0791129 0.0791223
 0.0609915 0.108665 0.113327 0.113583 0.113597
 0.0541555 0.0964854 0.100625 0.100853 0.100865
 0.0393895 0.0701779 0.0731887 0.0733544 0.0733631
 0.0431161 0.0768172 0.0801129 0.0802942 0.0803038
 0.0805635 0.143535 0.149693 0.150032 0.15005
 0.0532684 0.094905 0.0989768 0.0992008 0.0992126
 0.0879086 0.156621 0.163341 0.163711 0.16373
YTP_r0W_actual
 185961 70516.7 40535.4 32487.3 27002.1
YTP_p0W_proyectada
 0 0 0 0 0
 0 0 0 0 0
 0 0 0 0 0
 0 0 0 0 0
 0 0 0 0 0
 0 0 0 0 0
CTP_r0_actual
 24663.2 4041.07 1684.06 1037.27 766.018
CTP_p0_proyectada
 0 0 0 0 0
 0 0 0 0 0
 0 0 0 0 0
 0 0 0 0 0
 0 0 0 0 0
 0 0 0 0 0
Wmedp
 7.54 17.45 24.07 31.32 35.25
Frms_r0
 0.0879086 0.156621 0.163341 0.163711 0.16373
Zrms_r0
 1.08791 1.15662 1.16334 1.16371 1.16373
nmprior
 7.29 8.9 8.7 0
nm_flota  nm_reclas  nm_pelaces    nm_pelaL
inf 9.41318 11.171 29.3313
cv_recla  cv_pelaces  cv_mph
0.604365 0.42567 0.505744
 ------------------------------------------------
Talla a la edad & desviaci?n 
 8 13.2811 15.8009 17.003 17.5766
 0.8 1.32811 1.58009 1.7003 1.75766
