years
 1991 1992 1993 1994 1995 1996 1997 1998 1999 2000 2001 2002 2003 2004 2005 2006 2007 2008 2009 2010 2011 2012 2013 2014 2015 2016 2017 2018 2019 2020 2021 2022 2023
reclasobs
 0 0 0 0 0 0 0 0 0 252601 567819 844713 477998 351125 339783 2.1784e+06 2.13404e+06 4.81314e+06 1.55562e+06 2.62356e+06 3.21686e+06 3.843e+06 1.13348e+06 3.07943e+06 1.97215e+06 2.03268e+06 2.025e+06 2.42433e+06 2.27542e+06 1.05018e+06 2.36338e+06 3.18982e+06 1.53035e+06
reclaspred
 3.74471e+06 1.99295e+06 1.00872e+06 1.04198e+06 1.16374e+06 2.38873e+06 1.25422e+06 1.0239e+06 641938 323755 636980 1.45539e+06 1.20544e+06 166515 738526 1.55416e+06 1.25082e+06 1.64815e+06 1.79665e+06 2.20714e+06 3.97255e+06 3.11259e+06 2.17563e+06 2.59943e+06 2.39973e+06 2.17037e+06 2.36885e+06 2.50758e+06 2.31148e+06 2.48584e+06 1.51172e+06 1.09123e+06 1.27432e+06
pelacesobs
 0 0 0 0 0 0 0 0 0 0 0 0 0 0 0 552880 188675 0 991730 2.46772e+06 1.41603e+06 1.21717e+06 2.29649e+06 1.80582e+06 0 1.4828e+06 1.56532e+06 1.57751e+06 1.42118e+06 867257 1.10002e+06 1.06204e+06 0
pelacespred
 2.2074e+06 1.2088e+06 570159 471372 637571 1.34026e+06 605495 699785 370462 147278 360564 735522 674348 48383.9 394075 699022 596711 773482 845012 983214 2.08287e+06 1.67484e+06 1.26816e+06 1.58485e+06 1.36458e+06 1.29777e+06 1.61549e+06 1.53598e+06 1.35009e+06 1.61206e+06 884116 638971 654371
mphobs
 0 0 0 0 0 0 0 0 0 0 0 0 498337 0 5186 125008 0 168611 109162 213762 579715 649985 157893 87575 83554 210694 70296 0 107559 103333 445601 22526 28222
mphpred
 800594 558664 249936 146636 170558 240021 385626 168039 149886 71099 34137.4 141739 277748 97225.2 6859.29 107573 270326 168455 172239 251885 530082 603257 131325 87972.6 114110 126263 93166.5 104508 146870 118314 108810 56725.2 32391.4
desembarqueobs
 494567 514787 250237 358949 120608 361735 552515 73892 212993 205616 52469 317467 293654 387597 252695 516296 358380 742168 942051 627588 828172 859565 418607 520667 417249 300574 415391 372974 316634 284311 391294 218835 356480
desembarquepred
 494553 514306 250408 358973 120611 361717 552459 73897.9 213063 205679 52469.5 317396 293823 387971 252585 516102 358408 741870 940967 627117 828279 859372 418629 520780 417079 300655 415407 372899 316489 284117 391698 218943 356518
Reclutas
 155887 84478.2 85992 111355 93025.1 193171 64474.5 26297.3 26070.1 34830.5 72699.4 176785 62272 25042.1 81111.8 254533 48535.9 221481 316128 307192 275864 374335 57721.7 144061 224997 50020.9 147562 160026 91510.7 134514 42919.6 37065.1 116462
log_desv_Rt
 0.451325 -0.161315 -0.143554 0.114916 -0.0649384 0.665766 -0.431539 -1.32834 -1.33702 -1.04732 -0.311475 0.577126 -0.466297 -1.37725 -0.201979 0.941624 -0.715505 0.802531 1.15834 1.12966 1.0221 1.32734 -0.542175 0.37243 0.818279 -0.685367 0.396438 0.477528 -0.0813516 0.303862 -0.83848 -0.985133 0.159758
SSB
 957913 668443 299049 175451 204073 287186 461402 201060 179340 85070.2 40845.6 169591 315463 110496 7835.52 123175 323446 201557 217702 256491 554948 674038 607823 392043 465777 550598 380587 406765 596505 447901 487956 264094 136515
BT
 1.57627e+06 1.13119e+06 533671 591121 485606 1.21684e+06 825469 489599 436166 290818 304881 772828 659316 409465 554801 938692 633785 1.20877e+06 1.50726e+06 1.18264e+06 2.07934e+06 1.84897e+06 1.07639e+06 1.55119e+06 1.23029e+06 991262 1.51073e+06 1.36723e+06 1.02308e+06 1.27214e+06 853777 565085 775811
Ftot
 0.41938 0.762463 0.756356 1.11029 0.344283 0.530777 1.21678 0.236229 1.03755 1.84352 0.317784 0.761251 0.735854 4.14534 1.317 1.19816 0.848912 1.50016 1.74194 1 0.693048 0.89747 0.574913 0.692185 0.585738 0.420834 0.611833 0.524007 0.419031 0.387223 0.770625 0.62834 0.989301
BD_Bspro_t
 0.935101 0.631201 0.370982 0.283206 0.29516 0.420609 0.462801 0.24984 0.293308 0.19515 0.13766 0.484117 0.476992 0.192379 0.0212669 0.243988 0.340026 0.227679 0.207443 0.20785 0.300492 0.336644 0.34184 0.283934 0.35818 0.447436 0.40747 0.457474 0.536586 0.477238 0.506337 0.346664 0.303471
BD_Bspro
 1.33946 0.93469 0.418163 0.245334 0.285357 0.401574 0.645183 0.281144 0.250772 0.118954 0.0571147 0.23714 0.441115 0.154508 0.0109565 0.172237 0.452278 0.28184 0.304415 0.358653 0.775988 0.942513 0.849924 0.548197 0.651301 0.769906 0.532178 0.568783 0.834098 0.626305 0.682314 0.369286 0.19089
BD_Bo
 2.66911 1.86254 0.833266 0.488873 0.568625 0.80021 1.28564 0.56023 0.499709 0.237038 0.113811 0.472545 0.879002 0.307885 0.0218328 0.343214 0.901246 0.561617 0.606602 0.714681 1.5463 1.87813 1.69363 1.09238 1.29783 1.53418 1.06046 1.1334 1.66209 1.24803 1.35963 0.735868 0.380384
BD_Brms
 2.86143 1.99674 0.893304 0.524097 0.609595 0.857865 1.37828 0.600595 0.535713 0.254117 0.122012 0.506592 0.942334 0.330068 0.0234058 0.367943 0.966181 0.602081 0.650308 0.766175 1.65771 2.01345 1.81565 1.17109 1.39134 1.64472 1.13687 1.21506 1.78185 1.33795 1.4576 0.788888 0.40779
Sel_flota
 0.539046 1 1 1 1
 0.539046 1 1 1 1
 0.539046 1 1 1 1
 0.539046 1 1 1 1
 0.539046 1 1 1 1
 0.539046 1 1 1 1
 0.539046 1 1 1 1
 0.539046 1 1 1 1
 0.539046 1 1 1 1
 0.539046 1 1 1 1
 0.539046 1 1 1 1
 0.539046 1 1 1 1
 0.539046 1 1 1 1
 0.539046 1 1 1 1
 0.539046 1 1 1 1
 0.539046 1 1 1 1
 0.539046 1 1 1 1
 0.539046 1 1 1 1
 0.539046 1 1 1 1
 0.539046 1 1 1 1
 0.539046 1 1 1 1
 0.539046 1 1 1 1
 0.539046 1 1 1 1
 0.539046 1 1 1 1
 0.539046 1 1 1 1
 0.539046 1 1 1 1
 0.539046 1 1 1 1
 0.539046 1 1 1 1
 0.539046 1 1 1 1
 0.539046 1 1 1 1
 0.539046 1 1 1 1
 0.539046 1 1 1 1
 0.539046 1 1 1 1
Sel_reclas
 0.732253 0.932266 0.985769 0.99714 0.99943
 0.732253 0.932266 0.985769 0.99714 0.99943
 0.732253 0.932266 0.985769 0.99714 0.99943
 0.732253 0.932266 0.985769 0.99714 0.99943
 0.732253 0.932266 0.985769 0.99714 0.99943
 0.732253 0.932266 0.985769 0.99714 0.99943
 0.732253 0.932266 0.985769 0.99714 0.99943
 0.732253 0.932266 0.985769 0.99714 0.99943
 0.732253 0.932266 0.985769 0.99714 0.99943
 0.732253 0.932266 0.985769 0.99714 0.99943
 0.732253 0.932266 0.985769 0.99714 0.99943
 0.732253 0.932266 0.985769 0.99714 0.99943
 0.732253 0.932266 0.985769 0.99714 0.99943
 0.732253 0.932266 0.985769 0.99714 0.99943
 0.732253 0.932266 0.985769 0.99714 0.99943
 0.732253 0.932266 0.985769 0.99714 0.99943
 0.732253 0.932266 0.985769 0.99714 0.99943
 0.732253 0.932266 0.985769 0.99714 0.99943
 0.732253 0.932266 0.985769 0.99714 0.99943
 0.732253 0.932266 0.985769 0.99714 0.99943
 0.732253 0.932266 0.985769 0.99714 0.99943
 0.732253 0.932266 0.985769 0.99714 0.99943
 0.732253 0.932266 0.985769 0.99714 0.99943
 0.732253 0.932266 0.985769 0.99714 0.99943
 0.732253 0.932266 0.985769 0.99714 0.99943
 0.732253 0.932266 0.985769 0.99714 0.99943
 0.732253 0.932266 0.985769 0.99714 0.99943
 0.732253 0.932266 0.985769 0.99714 0.99943
 0.732253 0.932266 0.985769 0.99714 0.99943
 0.732253 0.932266 0.985769 0.99714 0.99943
 0.732253 0.932266 0.985769 0.99714 0.99943
 0.732253 0.932266 0.985769 0.99714 0.99943
 0.732253 0.932266 0.985769 0.99714 0.99943
Sel_pelaces
 0.573331 0.871176 0.971456 0.994195 0.998841
 0.573331 0.871176 0.971456 0.994195 0.998841
 0.573331 0.871176 0.971456 0.994195 0.998841
 0.573331 0.871176 0.971456 0.994195 0.998841
 0.573331 0.871176 0.971456 0.994195 0.998841
 0.573331 0.871176 0.971456 0.994195 0.998841
 0.573331 0.871176 0.971456 0.994195 0.998841
 0.573331 0.871176 0.971456 0.994195 0.998841
 0.573331 0.871176 0.971456 0.994195 0.998841
 0.573331 0.871176 0.971456 0.994195 0.998841
 0.573331 0.871176 0.971456 0.994195 0.998841
 0.573331 0.871176 0.971456 0.994195 0.998841
 0.573331 0.871176 0.971456 0.994195 0.998841
 0.573331 0.871176 0.971456 0.994195 0.998841
 0.573331 0.871176 0.971456 0.994195 0.998841
 0.573331 0.871176 0.971456 0.994195 0.998841
 0.573331 0.871176 0.971456 0.994195 0.998841
 0.573331 0.871176 0.971456 0.994195 0.998841
 0.573331 0.871176 0.971456 0.994195 0.998841
 0.573331 0.871176 0.971456 0.994195 0.998841
 0.573331 0.871176 0.971456 0.994195 0.998841
 0.573331 0.871176 0.971456 0.994195 0.998841
 0.573331 0.871176 0.971456 0.994195 0.998841
 0.573331 0.871176 0.971456 0.994195 0.998841
 0.573331 0.871176 0.971456 0.994195 0.998841
 0.573331 0.871176 0.971456 0.994195 0.998841
 0.573331 0.871176 0.971456 0.994195 0.998841
 0.573331 0.871176 0.971456 0.994195 0.998841
 0.573331 0.871176 0.971456 0.994195 0.998841
 0.573331 0.871176 0.971456 0.994195 0.998841
 0.573331 0.871176 0.971456 0.994195 0.998841
 0.573331 0.871176 0.971456 0.994195 0.998841
 0.573331 0.871176 0.971456 0.994195 0.998841
pf_obs 
 0.8446 0.082 0.0669 0.0065 0
 0.8095 0.147 0.0364 0.0071 0
 0.9664 0.0169 0.016 0.0007 0
 0.9276 0.0648 0.0075 0.0001 0
 0.7033 0.2144 0.0806 0.0017 0
 0.9318 0.0425 0.0243 0.0014 0
 0.5671 0.3108 0.0964 0.0239 0.0018
 0.0768 0.2599 0.5324 0.112 0.0189
 0.490249 0.384438 0.106611 0.0170017 0.00170017
 0.7925 0.1577 0.0466 0.003 0.0002
 0.840416 0.127587 0.0312969 0.00059994 9.999e-05
 0.8084 0.0986 0.0794 0.0134 0.0002
 0.7335 0.1905 0.0724 0.0035 0.0001
 0.4001 0.4547 0.1325 0.0127 0
 0.49795 0.308269 0.164784 0.0264974 0.00249975
 0.9179 0.0499 0.0305 0.0017 0
 0.2467 0.6533 0.0926 0.0074 0
 0.9418 0.0223 0.034 0.0019 0
 0.707729 0.231977 0.0356964 0.0245975 0
 0.517169 0.277429 0.184464 0.0207286 0.00020938
 0.811772 0.124168 0.05621 0.00726502 0.000585176
 0.764997 0.148141 0.077277 0.00933861 0.000247198
 0.163321 0.427699 0.378323 0.0303852 0.000271297
 0.753843 0.0900009 0.118128 0.0371064 0.000921714
 0.721811 0.176058 0.0630433 0.0369309 0.00215725
 0.143369 0.312575 0.442814 0.0836902 0.0175525
 0.692698 0.0596174 0.167031 0.0765114 0.00414204
 0.394062 0.376323 0.152708 0.0712218 0.00568511
 0.125707 0.32114 0.495352 0.0537591 0.00404204
 0.23352 0.215282 0.420074 0.123614 0.00750983
 0.796117 0.104755 0.0508955 0.0450114 0.00322123
 0.162477 0.292055 0.404252 0.121198 0.0200186
 0 0 0 0 0
pf_pred 
 0.567975 0.161232 0.249167 0.0216249 1.00233e-06
 0.454059 0.40007 0.0544391 0.0841302 0.00730187
 0.627689 0.244949 0.093332 0.0127001 0.0213301
 0.731171 0.213868 0.0361598 0.0137778 0.0050236
 0.674943 0.284544 0.0322305 0.00544939 0.00283343
 0.765135 0.190032 0.0392459 0.00444541 0.00114241
 0.409252 0.517112 0.0595792 0.0123045 0.00175191
 0.438674 0.364545 0.172253 0.0198461 0.00468226
 0.543195 0.277457 0.116475 0.0550362 0.00783703
 0.770635 0.172012 0.0348356 0.0146239 0.00789394
 0.889351 0.101538 0.00683234 0.00138368 0.000894411
 0.819547 0.170013 0.00958123 0.000644705 0.000214962
 0.446465 0.505394 0.0453556 0.00255606 0.00022934
 0.46642 0.346353 0.170944 0.0153411 0.000942133
 0.979541 0.0179425 0.00163337 0.00080616 7.67904e-05
 0.918402 0.0809866 0.000536553 4.88446e-05 2.64038e-05
 0.373314 0.606413 0.0201205 0.000133302 1.86949e-05
 0.886307 0.0666162 0.0455542 0.00151147 1.14182e-05
 0.853414 0.140461 0.00358868 0.00245405 8.20392e-05
 0.803122 0.186848 0.0096107 0.000245547 0.000173526
 0.698494 0.274502 0.0256281 0.00131821 5.74801e-05
 0.738375 0.219726 0.0381465 0.00356145 0.000191174
 0.261333 0.644054 0.0794607 0.0137951 0.00135708
 0.710236 0.12631 0.142518 0.0175833 0.00335292
 0.757444 0.205507 0.0161498 0.0182222 0.00267687
 0.296074 0.614173 0.0760438 0.0059759 0.00773327
 0.738447 0.122267 0.121526 0.0150468 0.00271263
 0.676475 0.278812 0.0209022 0.0207755 0.00303606
 0.495195 0.412994 0.0791222 0.00593171 0.00675735
 0.660538 0.228025 0.0911694 0.0174664 0.00280114
 0.344957 0.524597 0.0876234 0.0350337 0.00778822
 0.54059 0.252547 0.165668 0.0276715 0.0135232
 0.846294 0.11115 0.0233943 0.0153464 0.00381601
pobs_RECLAS
 0 0 0 0 0
 0 0 0 0 0
 0 0 0 0 0
 0 0 0 0 0
 0 0 0 0 0
 0 0 0 0 0
 0 0 0 0 0
 0 0 0 0 0
 0 0 0 0 0
 0 0 0 0 0
 0.991045 0.00858322 0.000360255 1.14367e-05 0
 0.934742 0.0480273 0.0164251 0.00080598 0
 0.827803 0.169806 0.00239088 0 0
 0.941827 0.0461693 0.0120037 0 0
 0.791401 0.0380133 0.147996 0.0225897 0
 0.846168 0.0940531 0.0597789 0 0
 0.134021 0.677848 0.182769 0.00536245 0
 0.80878 0.0450904 0.141981 0.00414843 0
 0.846168 0.0940531 0.0597789 0 0
 0.905697 0.0802665 0.012482 0.00150086 5.37128e-05
 0.989698 0.0102097 9.19794e-05 0 0
 0.975433 0.0193895 0.00387452 0.00125025 5.28907e-05
 0.303575 0.632131 0.0575291 0.00676475 0
 0.966965 0.00978017 0.0227588 0.000495775 0
 0.843318 0.132988 0.00938335 0.0141283 0.000182051
 0.564624 0.303363 0.111486 0.0197234 0.00080311
 0.826376 0.0876187 0.0782897 0.00655872 0.00115652
 0.89761 0.0855135 0.0140674 0.00269457 0.000114338
 0.34875 0.467042 0.161289 0.0227151 0.000203297
 0.318654 0.224769 0.449479 0.00709798 0
 0.937255 0.0296025 0.0250945 0.00804832 0
 0.456809 0.399803 0.12412 0.0192676 0
 0.883104 0.0372192 0.0704036 0.00927362 0
ppred_RECLAS
 0.653585 0.124719 0.203803 0.0178918 8.312e-07
 0.554664 0.320761 0.0461522 0.0721463 0.00627615
 0.715499 0.183348 0.0738696 0.0101677 0.0171161
 0.808349 0.150567 0.0269182 0.0103748 0.00379151
 0.753233 0.214406 0.0256797 0.0043919 0.00228883
 0.828369 0.137322 0.0299878 0.00343592 0.000885016
 0.521787 0.415508 0.0506204 0.0105749 0.00150911
 0.529948 0.299085 0.149433 0.0174155 0.00411824
 0.644224 0.210976 0.0936499 0.0447613 0.00638855
 0.8493 0.111277 0.0238291 0.0101187 0.00547463
 0.922042 0.0711833 0.00506469 0.00103753 0.000672199
 0.873347 0.118923 0.00708663 0.000482348 0.000161197
 0.549588 0.409172 0.0388278 0.00221342 0.000199053
 0.678561 0.204456 0.106701 0.00968617 0.000596219
 0.987042 0.0112782 0.00108562 0.000541994 5.1746e-05
 0.94686 0.0527186 0.000369316 3.40082e-05 1.8426e-05
 0.477056 0.505089 0.0177204 0.000118755 1.6693e-05
 0.925649 0.0425464 0.0307642 0.00103252 7.81792e-06
 0.907137 0.0887517 0.00239768 0.00165852 5.55719e-05
 0.863428 0.129233 0.00702868 0.000181649 0.000128665
 0.777423 0.201595 0.0199015 0.00103546 4.52548e-05
 0.811583 0.156774 0.0287794 0.00271791 0.000146229
 0.345389 0.566456 0.0738978 0.0129773 0.00127957
 0.782361 0.091814 0.109541 0.0136706 0.00261282
 0.823018 0.148488 0.0123386 0.0140825 0.0020735
 0.383113 0.534181 0.0699354 0.00555927 0.00721064
 0.804839 0.0884525 0.0929619 0.0116429 0.00210379
 0.756322 0.208157 0.0165009 0.0165901 0.00242998
 0.590785 0.33122 0.0670975 0.00508825 0.0058098
 0.739147 0.171855 0.0726547 0.0140799 0.00226322
 0.442322 0.441214 0.0779254 0.0315156 0.00702222
 0.633458 0.196197 0.136089 0.0229932 0.0112627
 0.893655 0.075581 0.0168209 0.0111616 0.0027818
pobs_PELACES
 0 0 0 0 0
 0 0 0 0 0
 0 0 0 0 0
 0 0 0 0 0
 0 0 0 0 0
 0 0 0 0 0
 0 0 0 0 0
 0 0 0 0 0
 0 0 0 0 0
 0 0 0 0 0
 0 0 0 0 0
 0 0 0 0 0
 0 0 0 0 0
 0 0 0 0 0
 0 0 0 0 0
 0 0 0 0 0
 0.505614 0.472636 0.0217494 0 0
 0 0 0 0 0
 0.443492 0.261883 0.143347 0.151278 0
 0.227955 0.32914 0.350689 0.0885471 0.00366901
 0.970185 0.0296113 0.000203453 0 0
 0.997202 0.00247181 0.000326279 0 0
 0.445219 0.490057 0.0546422 0.010081 0
 0.90214 0.0892962 0.00764917 0.000914606 0
 0 0 0 0 0
 0.581667 0.319106 0.0959925 0.00289975 0.000334073
 0.762889 0.0836404 0.116647 0.0363945 0.000428098
 0.88444 0.0763242 0.0277011 0.0115352 0
 0.521256 0.241999 0.230069 0.00667565 0
 0.616807 0.101726 0.260614 0.0208532 0
 0.833518 0.0704572 0.0857862 0.0102388 0
 0.697417 0.212968 0.0787535 0.0105354 0.000325836
 0 0 0 0 0
ppred_PELACES
 0.619349 0.132338 0.228056 0.0202559 9.43264e-07
 0.535264 0.328982 0.0499189 0.0789503 0.00688432
 0.698438 0.190393 0.0808951 0.0112654 0.0190089
 0.805139 0.151173 0.0285019 0.0111142 0.00407132
 0.727886 0.234666 0.0296404 0.00512878 0.00267919
 0.812569 0.148298 0.0341523 0.00395901 0.00102217
 0.521974 0.412263 0.0529665 0.0111949 0.00160137
 0.489688 0.318198 0.16766 0.0197691 0.00468589
 0.63435 0.211741 0.0991198 0.0479318 0.00685727
 0.860221 0.101622 0.0229495 0.0098596 0.00534707
 0.911883 0.0800562 0.00600692 0.00124499 0.000808524
 0.866041 0.125357 0.0078778 0.000542492 0.000181727
 0.532205 0.422822 0.0423132 0.00244042 0.000219988
 0.765088 0.146451 0.0806017 0.00740277 0.000456747
 0.987243 0.0110191 0.00111858 0.000565002 5.40705e-05
 0.947107 0.05245 0.000387491 3.61006e-05 1.96061e-05
 0.464693 0.516066 0.0190938 0.000129461 1.82411e-05
 0.927557 0.0405018 0.0308844 0.00104872 7.9594e-06
 0.914088 0.0818912 0.0023331 0.00163279 5.48395e-05
 0.860125 0.131967 0.0075692 0.000197914 0.000140518
 0.763876 0.212757 0.0221499 0.00116597 5.10794e-05
 0.803867 0.161681 0.0313003 0.00299067 0.000161286
 0.323791 0.580717 0.0798936 0.014195 0.00140294
 0.764207 0.0963401 0.121216 0.0153051 0.00293214
 0.808337 0.159221 0.0139526 0.0161116 0.00237789
 0.355075 0.554246 0.0765232 0.00615433 0.00800139
 0.786291 0.0939697 0.104151 0.0131973 0.00239033
 0.736243 0.223311 0.0186685 0.0189896 0.00278805
 0.560539 0.351911 0.0751804 0.00576813 0.0066017
 0.711836 0.186231 0.0830302 0.0162794 0.00262298
 0.424673 0.449653 0.0837508 0.0342692 0.00765386
 0.608144 0.204311 0.149454 0.0255476 0.0125435
 0.889427 0.0772359 0.0181275 0.0121698 0.00304026
pobs_pel_tallas
 0 0 0 0 0 0 0 0 0 0 0 0 0 0 0 0 0 0 0 0 0 0 0 0 0 0
 0 0 0 0 0 0 0 0 0 0 0 0 0 0 0 0 0 0 0 0 0 0 0 0 0 0
 0 0 0 0 0 0 0 0 0 0 0 0 0 0 0 0 0 0 0 0 0 0 0 0 0 0
 0 0 0 0 0 0 0 0 0 0 0 0 0 0 0 0 0 0 0 0 0 0 0 0 0 0
 0 0 0 0 0 0 0 0 0 0 0 0 0 0 0 0 0 0 0 0 0 0 0 0 0 0
 0 0 0 0 0 0 0 0 0 0 0 0 0 0 0 0 0 0 0 0 0 0 0 0 0 0
 0 0 0 0 0 0 0 0 0 0 0 0 0 0 0 0 0 0 0 0 0 0 0 0 0 0
 0 0 0 0 0 0 0 0 0 0 0 0 0 0 0 0 0 0 0 0 0 0 0 0 0 0
 0 0 0 0 0 0 0 0 0 0 0 0 0 0 0 0 0 0 0 0 0 0 0 0 0 0
 0 0 0 0 0 0 0 0 0 0 0 0 0 0 0 0 0 0 0 0 0 0 0 0 0 0
 0 0 0 0 0 0 0 0 0 0 0 0 0 0 0 0 0 0 0 0 0 0 0 0 0 0
 0 0 0 0 0 0 0 0 0 0 0 0 0 0 0 0 0 0 0 0 0 0 0 0 0 0
 0.00862536 0 0 0.000197151 0.00414017 0.0128641 0.00837892 0.0270097 0.101434 0.158115 0.152841 0.127902 0.109271 0.109419 0.0830992 0.0579132 0.0238553 0.00714673 0.00463305 0.00128148 0.00103504 0.000492878 0.000147863 0.000147863 4.92878e-05 0
 0 0 0 0 0 0 0 0 0 0 0 0 0 0 0 0 0 0 0 0 0 0 0 0 0 0
 0 0 0 0 0 0 0 0.0054083 0.00873648 0.0413646 0.0450493 0.0745869 0.0622846 0.0627006 0.0613931 0.0827291 0.12552 0.122667 0.0946155 0.0697135 0.0546179 0.0294188 0.0215738 0.0213955 0.0102223 0.00600262
 0 0 0 0 0.00359764 0.0251062 0.0480494 0.140153 0.205849 0.193036 0.1447 0.116669 0.0760912 0.0342217 0.00950174 0.001854 0.000860785 0 0 0 0.000165536 0 0.000143464 0 0 0
 0 0 0 0 0 0 0 0.000145254 0.000435761 0.0275982 0.070085 0.0708112 0.156366 0.174668 0.174014 0.160142 0.0824315 0.0480064 0.0283245 0.00493863 0.00203355 0 0 0 0 0
 0 0 0 0 0 0 0 0 0 0 0 0 0 0 0 0 0 0 0 0 0 0 0 0 0 0
 0 0 1.00437e-05 0.000401748 0.00122533 0.00171747 0.00176769 0.0269171 0.070346 0.194647 0.189555 0.159765 0.064822 0.0314167 0.0384472 0.0292271 0.0345202 0.0313363 0.0194345 0.0106764 0.0143323 0.0359363 0.0279516 0.0138201 0.00172751 0
 0 0.0021121 0.0136068 0.0755702 0.200478 0.177729 0.0527432 0.0373336 0.0318909 0.0142505 0.0149659 0.0166563 0.0217959 0.0798694 0.0677717 0.0528807 0.04013 0.0224614 0.0357745 0.0225083 0.00881397 0.00855152 0.00135912 0.000746735 0 0
 0 0 0 0 5.4009e-05 0.00500934 0.000945158 0.0243581 0.138947 0.33067 0.221406 0.137944 0.0707744 0.0437923 0.0131692 0.00525238 0.0047753 0.00276346 9.45158e-05 9.00151e-06 2.25038e-05 9.00151e-06 4.50075e-06 0 0 0
 0.000866109 0.00284123 0.00948549 0.0512746 0.133035 0.25785 0.225252 0.132002 0.0553304 0.0519788 0.0540692 0.017754 0.00435017 0.00159236 0.00146478 0.000404838 0.000125132 0.000115318 0.000107957 0.000100596 0 0 0 0 0 0
 0 0 0 0 0.00144013 0.00171154 0.00461396 0.0210425 0.0478622 0.0707936 0.0888783 0.103762 0.0637923 0.0337046 0.0602308 0.124433 0.169614 0.0934646 0.0462172 0.0250306 0.0313229 0.00938855 0.002487 0.000210481 0 0
 0 0.00764035 0.051015 0.0998891 0.058973 0.0496711 0.0374665 0.0718981 0.12319 0.153886 0.159021 0.0857701 0.0377988 0.023471 0.0147837 0.00900784 0.00315554 0.000888139 0.00291439 0.00214683 0.00393193 0.00274676 0.000635225 9.99891e-05 0 0
 0 0 0 0 0 0 0 0 0 0 0 0 0 0 0 0 0 0 0 0 0 0 0 0 0 0
 0 0 0 0 0 0 0 0 0 0 0 0 0 0 0 0 0 0 0 0 0 0 0 0 0 0
 0 0 0 0 0 0 0 0 0 0 0 0 0 0 0 0 0 0 0 0 0 0 0 0 0 0
 0 0 0 0 0 0 0 0 0 0 0 0 0 0 0 0 0 0 0 0 0 0 0 0 0 0
 0 0 0 0 0 0 0 0 0 0 0 0 0 0 0 0 0 0 0 0 0 0 0 0 0 0
 0 0 0 0 0 0 0 0 0 0 0 0 0 0 0 0 0 0 0 0 0 0 0 0 0 0
 0 0 0 0 0 0 0 0 0 0 0 0 0 0 0 0 0 0 0 0 0 0 0 0 0 0
 0 0 0 0 0 0 0 0 0 0 0 0 0 0 0 0 0 0 0 0 0 0 0 0 0 0
 0 0 0 0 0 0 0 0 0 0 0 0 0 0 0 0 0 0 0 0 0 0 0 0 0 0
ppred_pel_tallas
 1.08647e-16 5.1015e-05 0.000495884 0.00329532 0.0149801 0.0466086 0.0993051 0.144941 0.144955 0.0993692 0.0468248 0.0156085 0.00488854 0.00402602 0.00690792 0.0117366 0.017825 0.0243341 0.030373 0.0354212 0.0394336 0.0424763 0.0442689 0.0441386 0.0414726 0.0362631
 1.10608e-16 4.40891e-05 0.000428562 0.00284794 0.0129464 0.0402811 0.0858243 0.12527 0.125301 0.0859794 0.040802 0.0144513 0.00662741 0.00868569 0.0157464 0.0260199 0.0376254 0.0476543 0.0532026 0.0530149 0.0482588 0.0417137 0.0360215 0.0323532 0.0302863 0.0286137
 1.0673e-16 5.75295e-05 0.000559207 0.00371613 0.016893 0.0525604 0.111986 0.163451 0.16347 0.112076 0.0528634 0.0177691 0.00591957 0.00538373 0.00926262 0.0153334 0.022345 0.0286528 0.0326118 0.0334603 0.0317329 0.0288019 0.0259401 0.0236649 0.0217572 0.0197317
 1.02665e-16 6.63183e-05 0.000644637 0.00428384 0.0194737 0.0605901 0.129094 0.18842 0.188434 0.129165 0.0608294 0.0201652 0.00602027 0.00443762 0.00727693 0.0119441 0.0172445 0.0217826 0.0241841 0.0238211 0.021178 0.0175041 0.014041 0.01143 0.00964623 0.00832252
 1.01884e-16 5.99551e-05 0.000582785 0.00387281 0.0176052 0.0547766 0.116708 0.170344 0.170366 0.116819 0.0551475 0.0186766 0.00656172 0.00645165 0.0112028 0.0184172 0.0265048 0.0332873 0.0365837 0.0353848 0.0304477 0.0237777 0.0174295 0.0125622 0.00929058 0.00714025
 1.01594e-16 6.69302e-05 0.000650586 0.00432337 0.0196534 0.0611492 0.130285 0.190158 0.190173 0.130355 0.0613841 0.0203322 0.00602816 0.00437527 0.0071498 0.0117375 0.0169555 0.021432 0.0238102 0.0234529 0.0208022 0.0170463 0.0133802 0.0104444 0.00826974 0.00658436
 1.03028e-16 4.29944e-05 0.000417921 0.00277724 0.0126249 0.0392811 0.0836939 0.122162 0.122202 0.083888 0.0399328 0.0145072 0.0075015 0.0107294 0.0196215 0.0323572 0.0465763 0.0585027 0.0643093 0.0622204 0.0535602 0.0418414 0.0306623 0.0220517 0.0162123 0.0123237
 1.07696e-16 4.0335e-05 0.00039207 0.00260545 0.011844 0.0368513 0.0785166 0.114604 0.114635 0.0786675 0.0373585 0.0133114 0.00629817 0.00848398 0.0154981 0.0257913 0.0376927 0.0485297 0.0555602 0.0574547 0.0549638 0.0501681 0.0449797 0.0401514 0.0353995 0.0302031
 1.08882e-16 5.22506e-05 0.000507895 0.00337514 0.0153429 0.0477376 0.101711 0.148454 0.148475 0.101811 0.048075 0.016319 0.00583143 0.00589037 0.010335 0.0171629 0.0250976 0.0323675 0.0371993 0.0387892 0.0377324 0.0354852 0.0333132 0.0315867 0.0298636 0.0274853
 1.02582e-16 7.08553e-05 0.000688739 0.00457691 0.020806 0.0647352 0.137926 0.201308 0.201318 0.137973 0.0648962 0.0212714 0.00574589 0.00324347 0.00493123 0.00806283 0.0116623 0.0147833 0.0165147 0.0164458 0.0149035 0.0127136 0.0106795 0.00918903 0.00818052 0.00737318
 1.00456e-16 7.51106e-05 0.000730102 0.00485179 0.0220555 0.0686229 0.146209 0.213398 0.213405 0.146246 0.0687494 0.0224205 0.00576759 0.00272791 0.00386518 0.00626017 0.00898517 0.0112452 0.0122858 0.0117608 0.00993723 0.00751944 0.00523683 0.00351195 0.00239922 0.00173421
 1.00345e-16 7.13347e-05 0.000693399 0.00460788 0.0209468 0.0651732 0.138859 0.202671 0.202683 0.138918 0.0653711 0.0215181 0.00604117 0.00381955 0.00600035 0.00978549 0.0140389 0.0175469 0.0191242 0.0182236 0.0152614 0.0113464 0.00763442 0.00480712 0.00297134 0.00188689
 1.01612e-16 4.38371e-05 0.000426112 0.00283167 0.0128724 0.0400509 0.0853342 0.124556 0.124597 0.0855332 0.0407189 0.0148012 0.00767173 0.0109866 0.0200841 0.0330908 0.0475619 0.0595897 0.0652122 0.0625851 0.0530762 0.0403454 0.0281857 0.0188021 0.0125116 0.00853089
 1.03184e-16 6.30193e-05 0.00061257 0.00407075 0.018505 0.0575761 0.122672 0.179047 0.179061 0.122742 0.0578096 0.0191807 0.0057713 0.00433961 0.00718437 0.0118893 0.0173801 0.0223934 0.0256636 0.0265713 0.0254469 0.0232276 0.020775 0.0184301 0.0160771 0.0135099
 1.00102e-16 8.13179e-05 0.000790439 0.00525275 0.0238782 0.074294 0.158291 0.231031 0.231032 0.158296 0.0743114 0.0239285 0.00537894 0.00106582 0.000604047 0.000869196 0.00124256 0.00155897 0.00171137 0.0016526 0.00141923 0.00110667 0.000812381 0.000590823 0.000446122 0.000353764
 1.00032e-16 7.80119e-05 0.000758304 0.0050392 0.0229075 0.0712736 0.151856 0.22164 0.221645 0.151881 0.0713563 0.0231462 0.00563784 0.00206327 0.00255086 0.00407912 0.00583449 0.00726512 0.00786746 0.00741159 0.00607815 0.00434556 0.0027171 0.0014962 0.000737053 0.000335894
 1.007e-16 3.82762e-05 0.000372059 0.00247246 0.0112395 0.0349705 0.0745101 0.10876 0.10881 0.0747527 0.0357847 0.01359 0.00836803 0.0132274 0.0244093 0.0401784 0.0576049 0.071869 0.078082 0.0739841 0.0613161 0.0447079 0.0290113 0.0171242 0.00954224 0.00527494
 1.01009e-16 7.64017e-05 0.000742651 0.00493518 0.0224346 0.0698024 0.148722 0.217064 0.217068 0.148741 0.0698673 0.0226224 0.00540844 0.00178186 0.00206776 0.00334348 0.00491536 0.00640093 0.00745716 0.00791083 0.00783121 0.00743392 0.00690312 0.00628873 0.00554441 0.00463679
 1.00262e-16 7.52922e-05 0.000731867 0.00486352 0.0221088 0.0687889 0.146562 0.213914 0.213921 0.146601 0.0689181 0.0224818 0.00579895 0.00277155 0.00394204 0.00637956 0.00913993 0.0114039 0.0123937 0.0117539 0.00976524 0.00716603 0.00472666 0.00290203 0.00176012 0.00113017
 1.00296e-16 7.08474e-05 0.000688662 0.0045764 0.0208037 0.064728 0.13791 0.201287 0.201299 0.137972 0.0649363 0.021405 0.00608498 0.00397881 0.00631028 0.0102959 0.0147676 0.0184494 0.020092 0.019118 0.015967 0.0118097 0.00786856 0.00486762 0.00292442 0.00178804
 1.0082e-16 6.29195e-05 0.0006116 0.0040643 0.0184757 0.057485 0.122479 0.178765 0.178786 0.122579 0.0578211 0.0194464 0.00650003 0.00592631 0.010149 0.0166587 0.0239433 0.0300053 0.0328497 0.031548 0.0267863 0.0204017 0.0142973 0.00957823 0.00640242 0.00437828
 1.01272e-16 6.62135e-05 0.000643619 0.00427707 0.019443 0.0604944 0.12889 0.188122 0.188138 0.128966 0.0607503 0.0201823 0.00613342 0.00469783 0.00777103 0.0127553 0.0183975 0.023194 0.0256529 0.0250745 0.0219498 0.0176025 0.013378 0.0100194 0.00759221 0.00580773
 1.04115e-16 2.66704e-05 0.000259246 0.00172278 0.00783154 0.0243671 0.0519188 0.0757888 0.0758447 0.0521923 0.0252853 0.0104835 0.00837912 0.0147889 0.0276175 0.0456049 0.0656673 0.0825197 0.0907762 0.087931 0.0758323 0.0593996 0.0436711 0.0314845 0.0231292 0.017478
 1.05554e-16 6.29467e-05 0.000611865 0.00406606 0.0184837 0.0575097 0.122531 0.178839 0.178849 0.122577 0.0576656 0.0189362 0.00521014 0.00313667 0.00493786 0.00827193 0.0123952 0.016599 0.0201734 0.022744 0.0243916 0.0253951 0.0258444 0.0254997 0.0240096 0.021259
 1.02462e-16 6.65817e-05 0.000647198 0.00430086 0.0195511 0.0608307 0.129607 0.189168 0.189184 0.129682 0.0610823 0.0202777 0.0061243 0.00462663 0.00762106 0.0124862 0.017965 0.0225648 0.0248199 0.0240727 0.0208737 0.0166162 0.0127029 0.00988462 0.00815672 0.0070883
 1.04322e-16 2.92472e-05 0.000284293 0.00188923 0.0085882 0.0267214 0.0569347 0.083109 0.0831624 0.0571957 0.0275977 0.0111192 0.00824191 0.0141509 0.0263604 0.0435215 0.062663 0.0787354 0.0865962 0.0838532 0.0722742 0.0565648 0.0415503 0.0299579 0.0220756 0.0168237
 1.04758e-16 6.47658e-05 0.000629547 0.00418356 0.0190179 0.0591717 0.126072 0.184007 0.184017 0.126117 0.0593233 0.0194576 0.00529429 0.00307728 0.00478082 0.00797683 0.0118939 0.0158098 0.0190074 0.0211155 0.0222422 0.0227291 0.0227617 0.0221991 0.0207517 0.0182994
 1.02973e-16 6.06434e-05 0.000589476 0.00391727 0.0178074 0.0554055 0.118048 0.172299 0.17232 0.118153 0.0557583 0.0188262 0.00647401 0.00616867 0.0106504 0.0174962 0.0251651 0.0315829 0.0346869 0.0335461 0.0289274 0.0227881 0.0171107 0.0129752 0.0104081 0.00883498
 1.03956e-16 4.61709e-05 0.000448798 0.00298242 0.0135577 0.0421831 0.0898769 0.131185 0.131219 0.0900428 0.0427404 0.0151677 0.0070257 0.00928117 0.0168375 0.0278066 0.0401531 0.0507008 0.0562279 0.0552248 0.0487581 0.0396851 0.0308888 0.0239307 0.0188996 0.0151301
 1.04521e-16 5.8633e-05 0.000569934 0.00378741 0.017217 0.0535687 0.114134 0.166586 0.166604 0.114223 0.0538651 0.0180743 0.00594371 0.00529179 0.00906927 0.0150128 0.021883 0.0280664 0.0319425 0.0327415 0.0309458 0.0278491 0.024658 0.0218758 0.0193416 0.01669
 1.07264e-16 3.49798e-05 0.000340017 0.00225953 0.0102715 0.0319588 0.0680931 0.099393 0.0994364 0.0683051 0.0326706 0.0123281 0.00742389 0.0116205 0.0214785 0.0355056 0.05127 0.0647451 0.0718464 0.0706991 0.0627374 0.0516742 0.0412062 0.0332544 0.027767 0.0236804
 1.0905e-16 5.00921e-05 0.000486913 0.00323571 0.0147091 0.0457655 0.0975089 0.142321 0.142341 0.0976062 0.0460926 0.0156565 0.00562337 0.00573059 0.010101 0.0168609 0.0248482 0.03243 0.0379456 0.0405929 0.0408007 0.0397129 0.0382482 0.0365452 0.0341535 0.0306333
 1.02278e-16 7.32609e-05 0.000712122 0.0047323 0.0215124 0.066933 0.142608 0.208142 0.20815 0.142645 0.0670554 0.0218662 0.00562138 0.00265564 0.00377232 0.00614185 0.0088922 0.0112949 0.0126643 0.0126957 0.0116413 0.0101235 0.0087366 0.00774865 0.00708241 0.00650019
pSPR Fmed_Fpbrs
1   0.982792 0.6 0.325 0.982792 0.982792 0.982792
Fs Fmed_Fpbrs
0   0.01 0.33201 0.845656 0.01 0.01 0.01
SSBpbr Bo_Bmed_Bpbrs
358888  340944  334768 197388 98694.2 334768 334768 334768
Ro
99266.5
SPR SPRFo_SPRFmed_SPRFpbrs
715149 715149 702843
Fref
0
Nvult_r0
 91326.5 8388.59 1765.59 1158.21 287.998
CTP_r0
 31763.6 4171.74 878.049 575.99 143.225
YTP_r0
356518
Np
 116462 42844 15761.4 5798.31 2917.79
Nvult_p0
 73618.1 27082.6 9963.13 3665.23 1844.4
CTP_p0
 0 0 0 0 0
 0 0 0 0 0
 0 0 0 0 0
 0 0 0 0 0
 0 0 0 0 0
 0 0 0 0 0
YTP_p0
 0 0 0 0 0 0
CBA_c0
0
log_Ro
11.3256
likeval ReclasPelacesDesembMPH_pf_preclas_ppelaces_ptallas_desvR_qrecl_qpela
 37.345 19.922 0.038334 91.9663 253.143 149.387 131.074 0 26.88 6.85983e-05 0.000133605 0.0413768 2070.02 0 0
q_reclas_q_pelaces
3.22622 5.12769
M
1
N
 155887 25736 39772.4 3451.79 0.159993
 84478.2 45744.3 6224.62 9619.51 834.902
 85992 20604.1 7850.71 1068.28 1794.2
 111355 21042.5 3557.77 1355.61 494.273
 93025.1 22516 2550.4 431.211 224.21
 193171 28425.5 5870.52 664.958 170.886
 64474.5 53381.3 6150.34 1270.19 180.849
 26297.3 12309.5 5816.4 670.138 158.104
 26070.1 8517.54 3575.63 1689.53 240.586
 34830.5 5482.18 1110.25 466.076 251.587
 72699.4 4743.38 319.174 64.6388 41.7826
 176785 22534.2 1269.94 85.4519 28.492
 62272 43145.8 3872.04 218.213 19.579
 25042.1 15407.5 7604.43 682.446 41.9107
 81111.8 986.128 89.7712 44.307 4.22045
 254533 14671.5 97.2017 8.84867 4.78331
 48535.9 49085.7 1628.64 10.7901 1.51325
 221481 11298.8 7726.5 256.361 1.93664
 316128 36295.1 927.314 634.125 21.1989
 307192 45474.9 2339.04 59.7609 42.2325
 275864 65918.9 6154.35 316.554 13.8033
 374335 69848.2 12126.3 1132.14 60.7719
 57721.7 84891.6 10473.6 1818.31 178.874
 144061 15576 17574.7 2168.29 413.468
 224997 36492.9 2867.79 3235.8 475.346
 50020.9 60361.2 7473.63 587.314 760.03
 147562 14666.9 14578 1804.97 325.4
 160026 39034.3 2926.36 2908.62 425.056
 91510.7 44383.7 8503.12 637.47 726.199
 134514 26858.4 10738.6 2057.32 329.938
 42919.6 40162.7 6708.38 2682.15 596.26
 37065.1 10422.1 6836.76 1141.94 558.073
 116462 9717.91 2045.38 1341.75 333.637
pred_Ctot
 20308.4 5764.99 8909.2 773.216 0.0358391
 18605.5 16393.2 2230.7 3447.31 299.201
 18811.1 7340.82 2797.05 380.606 639.238
 33262.5 9729.29 1644.99 626.783 228.534
 10112 4263.06 482.88 81.6432 42.4507
 31098 7723.61 1595.1 180.679 46.4321
 20662.5 26108.1 3008.06 621.233 88.4511
 2008.3 1668.94 788.595 90.8582 21.436
 7384.48 3771.9 1583.43 748.192 106.541
 14996.3 3347.3 677.891 284.576 153.614
 7336.55 837.622 56.3622 11.4144 7.37828
 38883.1 8066.18 454.578 30.5878 10.1988
 13309.8 15066.5 1352.12 76.1999 6.83697
 16618.7 12340.7 6090.81 546.609 33.5686
 27584.6 505.272 45.997 22.702 2.16247
 80621 7109.33 47.1008 4.28778 2.31784
 11690.3 18989.7 630.07 4.17434 0.585428
 82797.5 6223.19 4255.61 141.199 1.06667
 131068 21572.1 551.152 376.894 12.5996
 84505.2 19660.3 1011.25 25.8366 18.2585
 56031.8 22020 2055.84 105.744 4.61093
 94371.6 28083.2 4875.5 455.189 24.434
 9971.06 24573.6 3031.79 526.347 51.7789
 29229.6 5198.25 5865.31 723.637 137.989
 39507.8 10719.1 842.361 950.456 139.624
 6537.09 13560.5 1678.99 131.943 170.745
 26915.9 4456.57 4429.55 548.446 98.8737
 25470.3 10497.7 787.001 782.231 114.312
 11912.7 9935.19 1903.4 142.696 162.558
 16293.2 5624.59 2248.83 430.835 69.0943
 9537.59 14504.4 2422.67 968.633 215.333
 6919.07 3232.38 2120.4 354.171 173.085
 31763.6 4171.74 878.049 575.99 143.225
F
 0.226065 0.41938 0.41938 0.41938 0.41938
 0.411002 0.762463 0.762463 0.762463 0.762463
 0.40771 0.756356 0.756356 0.756356 0.756356
 0.598498 1.11029 1.11029 1.11029 1.11029
 0.185584 0.344283 0.344283 0.344283 0.344283
 0.286113 0.530777 0.530777 0.530777 0.530777
 0.655899 1.21678 1.21678 1.21678 1.21678
 0.127338 0.236229 0.236229 0.236229 0.236229
 0.559285 1.03755 1.03755 1.03755 1.03755
 0.993742 1.84352 1.84352 1.84352 1.84352
 0.1713 0.317784 0.317784 0.317784 0.317784
 0.410349 0.761251 0.761251 0.761251 0.761251
 0.396659 0.735854 0.735854 0.735854 0.735854
 2.23453 4.14534 4.14534 4.14534 4.14534
 0.709922 1.317 1.317 1.317 1.317
 0.645864 1.19816 1.19816 1.19816 1.19816
 0.457602 0.848912 0.848912 0.848912 0.848912
 0.808657 1.50016 1.50016 1.50016 1.50016
 0.938985 1.74194 1.74194 1.74194 1.74194
 0.539047 1 1 1 1
 0.373585 0.693048 0.693048 0.693048 0.693048
 0.483777 0.89747 0.89747 0.89747 0.89747
 0.309904 0.574913 0.574913 0.574913 0.574913
 0.373119 0.692185 0.692185 0.692185 0.692185
 0.315739 0.585738 0.585738 0.585738 0.585738
 0.226849 0.420834 0.420834 0.420834 0.420834
 0.329806 0.611833 0.611833 0.611833 0.611833
 0.282464 0.524007 0.524007 0.524007 0.524007
 0.225877 0.419031 0.419031 0.419031 0.419031
 0.208731 0.387223 0.387223 0.387223 0.387223
 0.415402 0.770625 0.770625 0.770625 0.770625
 0.338704 0.62834 0.62834 0.62834 0.62834
 0.533278 0.989301 0.989301 0.989301 0.989301
YTP_r0W_actual
 239497 72796.8 21134.6 18040 5048.67
YTP_p0W_proyectada
 0 0 0 0 0
 0 0 0 0 0
 0 0 0 0 0
 0 0 0 0 0
 0 0 0 0 0
 0 0 0 0 0
CTP_r0_actual
 31763.6 4171.74 878.049 575.99 143.225
CTP_p0_proyectada
 0 0 0 0 0
 0 0 0 0 0
 0 0 0 0 0
 0 0 0 0 0
 0 0 0 0 0
 0 0 0 0 0
Wmedp
 7.54 17.45 24.07 31.32 35.25
Frms_r0
 0.533278 0.989301 0.989301 0.989301 0.989301
Zrms_r0
 1.53328 1.9893 1.9893 1.9893 1.9893
nmprior
 7.29 8.9 8.7 0
nm_flota  nm_reclas  nm_pelaces    nm_pelaL
inf 10.7228 9.28169 22.6296
cv_recla  cv_pelaces  cv_mph
0.529233 0.488941 0.384452
 ------------------------------------------------
Talla a la edad & desviaci?n 
 8 13.2811 15.8009 17.003 17.5766
 0.8 1.32811 1.58009 1.7003 1.75766
