years
 1991 1992 1993 1994 1995 1996 1997 1998 1999 2000 2001 2002 2003 2004 2005 2006 2007 2008 2009 2010 2011 2012 2013 2014 2015 2016 2017 2018 2019 2020 2021 2022 2023
reclasobs
 0 0 0 0 0 0 0 0 0 252601 567819 844713 477998 351125 339783 2.1784e+06 2.13404e+06 4.81314e+06 1.55562e+06 2.62356e+06 3.21686e+06 3.843e+06 1.13348e+06 3.07943e+06 1.97215e+06 2.03268e+06 2.025e+06 2.42433e+06 2.27542e+06 1.05018e+06 2.36338e+06 3.18982e+06 1.53035e+06
reclaspred
 9.40462e+06 2.38925e+06 1.61043e+06 1.29291e+06 72500.1 1.07842e+07 1.05902e+07 6.76362e+06 3.05459e+06 218984 288861 1.60921e+06 2.22593e+06 206176 680957 2.41444e+06 1.47388e+06 1.76195e+06 1.90685e+06 2.3818e+06 3.72786e+06 3.91382e+06 2.26516e+06 2.29149e+06 2.63343e+06 2.05197e+06 2.12853e+06 2.8337e+06 2.01856e+06 2.83129e+06 1.57716e+06 1.02555e+06 714656
pelacesobs
 0 0 0 0 0 0 0 0 0 0 0 0 0 0 0 552880 188675 0 991730 2.46772e+06 1.41603e+06 1.21717e+06 2.29649e+06 1.80582e+06 0 1.4828e+06 1.56532e+06 1.57751e+06 1.42118e+06 867257 1.10002e+06 1.06204e+06 0
pelacespred
 7.80546e+06 1.77647e+06 804572 507920 16692.6 6.70897e+06 7.67583e+06 6.10365e+06 2.75888e+06 92232.3 142781 780731 1.30812e+06 50354.3 333842 1.11248e+06 712371 783550 823009 986746 1.85853e+06 1.94434e+06 1.23361e+06 1.29886e+06 1.36971e+06 1.13484e+06 1.37375e+06 1.65176e+06 1.15711e+06 1.84665e+06 852949 550071 283512
mphobs
 0 0 0 0 0 0 0 0 0 0 0 0 498337 0 5186 125008 0 168611 109162 213762 579715 649985 157893 87575 83554 210694 70296 0 107559 103333 445601 22526 28222
mphpred
 2.97493e+06 1.12913e+06 159602 430939 78937.7 2028.47 3.45154e+06 1.97579e+06 1.07468e+06 220878 5640.52 66155.4 403901 242616 5895.17 105039 549018 127948 185821 257089 571527 548187 201808 67373.4 107851 167884 70147.6 107156 196207 80044.8 151068 49876 26364.1
desembarqueobs
 494567 514787 250237 358949 120608 361735 552515 73892 212993 205616 52469 317467 293654 387597 252695 516296 358380 742168 942051 627588 828172 859565 418607 520667 417249 300574 415391 372974 316634 284311 391294 218835 356480
desembarquepred
 494467 513933 250917 357688 120335 361589 552110 73874.7 212783 205137 52427.7 317017 293205 386176 252198 515405 357748 740185 938970 626065 827086 857841 417729 519740 416529 300201 414677 372405 315789 283779 390859 218522 355842
Reclutas
 1075.37 676.872 246659 2294.67 892.022 816168 937.918 302.733 513.859 1091.36 30467.5 183665 116888 7101.91 60237.4 282739 4622.93 220704 281453 261190 200326 426493 3844.77 112892 214086 10134.8 118738 141427 16487.8 160889 24518.7 36046.3 64334.7
log_desv_Rt
 -3.19014 -3.65308 2.2452 -2.43222 -3.37707 3.44181 -3.3269 -4.45771 -3.92861 -3.17538 0.153853 1.95031 1.49841 -1.30244 0.835487 2.38172 -1.73178 2.13402 2.37716 2.30244 2.03714 2.79279 -1.91609 1.46363 2.10357 -0.946828 1.51411 1.68898 -0.460188 1.81791 -0.0633719 0.321999 0.901292
SSB
 1.75188e+06 664927 93986.8 253772 46485 1194.53 2.03255e+06 1.1635e+06 632858 130071 3321.6 38957.7 225528 135309 3239.71 58934.3 323307 75346.4 117991 137793 318354 328371 474981 156826 218653 368631 143531 204690 395462 147792 344895 121867 58427.3
BT
 2.1601e+06 937115 526130 371336 108201 3.5926e+06 2.49276e+06 1.38234e+06 796273 258654 111455 625722 755373 367852 409223 935007 473896 1.03963e+06 1.25699e+06 915013 1.43986e+06 1.54367e+06 663109 1.0457e+06 899806 547893 1.02639e+06 1.02459e+06 576016 1.04668e+06 610374 390627 430756
Ftot
 0.303839 1.13224 1.09859 1.3412 4.17476 0.264779 0.288044 0.0646132 0.406618 3.17859 1.34 1.39724 0.824247 4.65312 2.55351 1.51638 1.2107 2.65837 2.95368 1.73511 1.35762 1.41448 0.952462 1.47993 1.04478 0.786093 1.3077 0.898348 0.836628 0.710113 1.30406 1.27565 2.85914
BD_Bspro_t
 0.952877 0.617735 0.201571 0.400101 0.0846952 0.00368558 0.802359 0.652302 0.586868 0.253271 0.017003 0.250451 0.418787 0.209961 0.00841277 0.133479 0.328415 0.101771 0.124794 0.123492 0.195938 0.201145 0.281635 0.131251 0.202836 0.340152 0.201773 0.295986 0.424109 0.239552 0.422503 0.19782 0.149213
BD_Bspro
 9.30875 3.53314 0.499406 1.34844 0.247002 0.00634721 10.8001 6.18237 3.36274 0.691142 0.0176496 0.207005 1.19836 0.718973 0.0172145 0.313152 1.71792 0.400359 0.626956 0.732174 1.6916 1.74482 2.52384 0.833304 1.16183 1.95875 0.762661 1.08763 2.10132 0.785305 1.83263 0.647551 0.310458
BD_Bo
 4.91536 1.86563 0.263704 0.712025 0.130426 0.00335156 5.70285 3.26452 1.77565 0.364948 0.00931961 0.109306 0.632779 0.379644 0.00908986 0.165356 0.907122 0.211404 0.331055 0.386614 0.893226 0.92133 1.33268 0.440015 0.613489 1.03429 0.402713 0.57431 1.10957 0.41467 0.967694 0.341931 0.163933
BD_Brms
 5.26129 1.99692 0.282263 0.762135 0.139605 0.00358743 6.10421 3.49427 1.90061 0.390632 0.0099755 0.116999 0.677312 0.406363 0.00972959 0.176993 0.970963 0.226282 0.354354 0.413824 0.95609 0.986172 1.42647 0.470982 0.656665 1.10708 0.431055 0.614729 1.18766 0.443853 1.0358 0.365995 0.17547
Sel_flota
 0.433332 0.935606 0.996391 0.999809 0.99999
 0.433332 0.935606 0.996391 0.999809 0.99999
 0.433332 0.935606 0.996391 0.999809 0.99999
 0.433332 0.935606 0.996391 0.999809 0.99999
 0.433332 0.935606 0.996391 0.999809 0.99999
 0.433332 0.935606 0.996391 0.999809 0.99999
 0.433332 0.935606 0.996391 0.999809 0.99999
 0.433332 0.935606 0.996391 0.999809 0.99999
 0.433332 0.935606 0.996391 0.999809 0.99999
 0.433332 0.935606 0.996391 0.999809 0.99999
 0.433332 0.935606 0.996391 0.999809 0.99999
 0.433332 0.935606 0.996391 0.999809 0.99999
 0.433332 0.935606 0.996391 0.999809 0.99999
 0.433332 0.935606 0.996391 0.999809 0.99999
 0.433332 0.935606 0.996391 0.999809 0.99999
 0.433332 0.935606 0.996391 0.999809 0.99999
 0.433332 0.935606 0.996391 0.999809 0.99999
 0.433332 0.935606 0.996391 0.999809 0.99999
 0.433332 0.935606 0.996391 0.999809 0.99999
 0.433332 0.935606 0.996391 0.999809 0.99999
 0.433332 0.935606 0.996391 0.999809 0.99999
 0.433332 0.935606 0.996391 0.999809 0.99999
 0.433332 0.935606 0.996391 0.999809 0.99999
 0.433332 0.935606 0.996391 0.999809 0.99999
 0.433332 0.935606 0.996391 0.999809 0.99999
 0.433332 0.935606 0.996391 0.999809 0.99999
 0.433332 0.935606 0.996391 0.999809 0.99999
 0.433332 0.935606 0.996391 0.999809 0.99999
 0.433332 0.935606 0.996391 0.999809 0.99999
 0.433332 0.935606 0.996391 0.999809 0.99999
 0.433332 0.935606 0.996391 0.999809 0.99999
 0.433332 0.935606 0.996391 0.999809 0.99999
 0.433332 0.935606 0.996391 0.999809 0.99999
Sel_reclas
 0.56625 0.867899 0.970644 0.994026 0.998807
 0.56625 0.867899 0.970644 0.994026 0.998807
 0.56625 0.867899 0.970644 0.994026 0.998807
 0.56625 0.867899 0.970644 0.994026 0.998807
 0.56625 0.867899 0.970644 0.994026 0.998807
 0.56625 0.867899 0.970644 0.994026 0.998807
 0.56625 0.867899 0.970644 0.994026 0.998807
 0.56625 0.867899 0.970644 0.994026 0.998807
 0.56625 0.867899 0.970644 0.994026 0.998807
 0.56625 0.867899 0.970644 0.994026 0.998807
 0.56625 0.867899 0.970644 0.994026 0.998807
 0.56625 0.867899 0.970644 0.994026 0.998807
 0.56625 0.867899 0.970644 0.994026 0.998807
 0.56625 0.867899 0.970644 0.994026 0.998807
 0.56625 0.867899 0.970644 0.994026 0.998807
 0.56625 0.867899 0.970644 0.994026 0.998807
 0.56625 0.867899 0.970644 0.994026 0.998807
 0.56625 0.867899 0.970644 0.994026 0.998807
 0.56625 0.867899 0.970644 0.994026 0.998807
 0.56625 0.867899 0.970644 0.994026 0.998807
 0.56625 0.867899 0.970644 0.994026 0.998807
 0.56625 0.867899 0.970644 0.994026 0.998807
 0.56625 0.867899 0.970644 0.994026 0.998807
 0.56625 0.867899 0.970644 0.994026 0.998807
 0.56625 0.867899 0.970644 0.994026 0.998807
 0.56625 0.867899 0.970644 0.994026 0.998807
 0.56625 0.867899 0.970644 0.994026 0.998807
 0.56625 0.867899 0.970644 0.994026 0.998807
 0.56625 0.867899 0.970644 0.994026 0.998807
 0.56625 0.867899 0.970644 0.994026 0.998807
 0.56625 0.867899 0.970644 0.994026 0.998807
 0.56625 0.867899 0.970644 0.994026 0.998807
 0.56625 0.867899 0.970644 0.994026 0.998807
Sel_pelaces
 0.417158 0.782704 0.94772 0.989157 0.997827
 0.417158 0.782704 0.94772 0.989157 0.997827
 0.417158 0.782704 0.94772 0.989157 0.997827
 0.417158 0.782704 0.94772 0.989157 0.997827
 0.417158 0.782704 0.94772 0.989157 0.997827
 0.417158 0.782704 0.94772 0.989157 0.997827
 0.417158 0.782704 0.94772 0.989157 0.997827
 0.417158 0.782704 0.94772 0.989157 0.997827
 0.417158 0.782704 0.94772 0.989157 0.997827
 0.417158 0.782704 0.94772 0.989157 0.997827
 0.417158 0.782704 0.94772 0.989157 0.997827
 0.417158 0.782704 0.94772 0.989157 0.997827
 0.417158 0.782704 0.94772 0.989157 0.997827
 0.417158 0.782704 0.94772 0.989157 0.997827
 0.417158 0.782704 0.94772 0.989157 0.997827
 0.417158 0.782704 0.94772 0.989157 0.997827
 0.417158 0.782704 0.94772 0.989157 0.997827
 0.417158 0.782704 0.94772 0.989157 0.997827
 0.417158 0.782704 0.94772 0.989157 0.997827
 0.417158 0.782704 0.94772 0.989157 0.997827
 0.417158 0.782704 0.94772 0.989157 0.997827
 0.417158 0.782704 0.94772 0.989157 0.997827
 0.417158 0.782704 0.94772 0.989157 0.997827
 0.417158 0.782704 0.94772 0.989157 0.997827
 0.417158 0.782704 0.94772 0.989157 0.997827
 0.417158 0.782704 0.94772 0.989157 0.997827
 0.417158 0.782704 0.94772 0.989157 0.997827
 0.417158 0.782704 0.94772 0.989157 0.997827
 0.417158 0.782704 0.94772 0.989157 0.997827
 0.417158 0.782704 0.94772 0.989157 0.997827
 0.417158 0.782704 0.94772 0.989157 0.997827
 0.417158 0.782704 0.94772 0.989157 0.997827
 0.417158 0.782704 0.94772 0.989157 0.997827
pf_obs 
 0.8446 0.082 0.0669 0.0065 0
 0.8095 0.147 0.0364 0.0071 0
 0.9664 0.0169 0.016 0.0007 0
 0.9276 0.0648 0.0075 0.0001 0
 0.7033 0.2144 0.0806 0.0017 0
 0.9318 0.0425 0.0243 0.0014 0
 0.5671 0.3108 0.0964 0.0239 0.0018
 0.0768 0.2599 0.5324 0.112 0.0189
 0.490249 0.384438 0.106611 0.0170017 0.00170017
 0.7925 0.1577 0.0466 0.003 0.0002
 0.840416 0.127587 0.0312969 0.00059994 9.999e-05
 0.8084 0.0986 0.0794 0.0134 0.0002
 0.7335 0.1905 0.0724 0.0035 0.0001
 0.4001 0.4547 0.1325 0.0127 0
 0.49795 0.308269 0.164784 0.0264974 0.00249975
 0.9179 0.0499 0.0305 0.0017 0
 0.2467 0.6533 0.0926 0.0074 0
 0.9418 0.0223 0.034 0.0019 0
 0.707729 0.231977 0.0356964 0.0245975 0
 0.517169 0.277429 0.184464 0.0207286 0.00020938
 0.811772 0.124168 0.05621 0.00726502 0.000585176
 0.764997 0.148141 0.077277 0.00933861 0.000247198
 0.163321 0.427699 0.378323 0.0303852 0.000271297
 0.753843 0.0900009 0.118128 0.0371064 0.000921714
 0.721811 0.176058 0.0630433 0.0369309 0.00215725
 0.143369 0.312575 0.442814 0.0836902 0.0175525
 0.692698 0.0596174 0.167031 0.0765114 0.00414204
 0.394062 0.376323 0.152708 0.0712218 0.00568511
 0.125707 0.32114 0.495352 0.0537591 0.00404204
 0.23352 0.215282 0.420074 0.123614 0.00750983
 0.796117 0.104755 0.0508955 0.0450114 0.00322123
 0.162477 0.292055 0.404252 0.121198 0.0200186
 0 0 0 0 0
pf_pred 
 0.00484345 0.141735 0.746721 0.1067 5.19909e-07
 0.0127368 0.011485 0.147839 0.724781 0.103158
 0.974161 0.00106513 0.000321733 0.00372341 0.020729
 0.0231194 0.969076 0.000357792 9.72916e-05 0.00734955
 0.0949422 0.0656118 0.833515 0.000273669 0.00565714
 0.999765 0.000134737 9.26887e-06 9.03488e-05 6.3291e-07
 0.00171688 0.99818 6.08714e-05 3.90595e-06 3.81943e-05
 0.00176692 0.0037866 0.994351 5.65281e-05 3.89388e-05
 0.0092404 0.0038777 0.00398346 0.982804 9.40307e-05
 0.10446 0.021194 0.00371069 0.00352906 0.867106
 0.988569 0.00560762 0.000171144 2.42865e-05 0.00562821
 0.945185 0.054631 9.60096e-05 2.60896e-06 8.55859e-05
 0.627481 0.366019 0.00648045 1.01186e-05 9.23103e-06
 0.132438 0.714269 0.150855 0.00243019 7.21753e-06
 0.987492 0.00841872 0.00352601 0.000554872 8.81841e-06
 0.958536 0.0413675 6.85476e-05 2.40629e-05 3.80908e-06
 0.046427 0.941705 0.011844 1.73332e-05 6.99904e-06
 0.951997 0.00634478 0.0411933 0.000463696 9.46699e-07
 0.884351 0.114741 0.000140473 0.0007596 8.48091e-06
 0.84591 0.150851 0.00321867 3.2323e-06 1.74788e-05
 0.712396 0.274245 0.0131134 0.000244499 1.561e-06
 0.845989 0.137067 0.0162405 0.000690857 1.28794e-05
 0.0231441 0.926274 0.0455815 0.00479392 0.00020636
 0.819387 0.0113694 0.16127 0.00718952 0.000784389
 0.838331 0.152776 0.000627734 0.00787868 0.000386907
 0.0925337 0.850818 0.0538344 0.000199704 0.00261472
 0.848429 0.0324906 0.112261 0.00648195 0.000337082
 0.748176 0.239458 0.00289696 0.00892942 0.000538964
 0.184278 0.726911 0.0848466 0.000932625 0.00303204
 0.884664 0.0437517 0.0644157 0.00685029 0.000318389
 0.238716 0.726699 0.0138503 0.0186678 0.00206739
 0.671448 0.16448 0.157415 0.00267599 0.00398075
 0.836972 0.142433 0.0108978 0.00930635 0.00039099
pobs_RECLAS
 0 0 0 0 0
 0 0 0 0 0
 0 0 0 0 0
 0 0 0 0 0
 0 0 0 0 0
 0 0 0 0 0
 0 0 0 0 0
 0 0 0 0 0
 0 0 0 0 0
 0 0 0 0 0
 0.991045 0.00858322 0.000360255 1.14367e-05 0
 0.934742 0.0480273 0.0164251 0.00080598 0
 0.827803 0.169806 0.00239088 0 0
 0.941827 0.0461693 0.0120037 0 0
 0.791401 0.0380133 0.147996 0.0225897 0
 0.846168 0.0940531 0.0597789 0 0
 0.134021 0.677848 0.182769 0.00536245 0
 0.80878 0.0450904 0.141981 0.00414843 0
 0.846168 0.0940531 0.0597789 0 0
 0.905697 0.0802665 0.012482 0.00150086 5.37128e-05
 0.989698 0.0102097 9.19794e-05 0 0
 0.975433 0.0193895 0.00387452 0.00125025 5.28907e-05
 0.303575 0.632131 0.0575291 0.00676475 0
 0.966965 0.00978017 0.0227588 0.000495775 0
 0.843318 0.132988 0.00938335 0.0141283 0.000182051
 0.564624 0.303363 0.111486 0.0197234 0.00080311
 0.826376 0.0876187 0.0782897 0.00655872 0.00115652
 0.89761 0.0855135 0.0140674 0.00269457 0.000114338
 0.34875 0.467042 0.161289 0.0227151 0.000203297
 0.318654 0.224769 0.449479 0.00709798 0
 0.937255 0.0296025 0.0250945 0.00804832 0
 0.456809 0.399803 0.12412 0.0192676 0
 0.883104 0.0372192 0.0704036 0.00927362 0
ppred_RECLAS
 0.00662491 0.135574 0.748637 0.109164 5.34374e-07
 0.0183027 0.010816 0.144579 0.722934 0.103368
 0.981834 0.000705853 0.000221514 0.00261475 0.0146238
 0.0355687 0.956274 0.00036548 0.000101345 0.00769086
 0.207574 0.0590131 0.728127 0.000242904 0.00504323
 0.999831 9.4438e-05 6.81127e-06 6.77538e-05 4.76823e-07
 0.00245105 0.99744 6.37611e-05 4.17519e-06 4.10158e-05
 0.00237651 0.00360542 0.993921 5.76658e-05 3.99064e-05
 0.0124059 0.00361827 0.00389253 0.979989 9.41945e-05
 0.188344 0.0188708 0.00329223 0.00318598 0.786307
 0.992415 0.0036112 0.000114091 1.65101e-05 0.00384364
 0.964341 0.0355332 6.45847e-05 1.78959e-06 5.89758e-05
 0.714059 0.280742 0.00518284 8.25574e-06 7.5663e-06
 0.291255 0.587778 0.119014 0.00194659 5.80643e-06
 0.993092 0.00462883 0.00196034 0.000314161 5.01539e-06
 0.973509 0.0264268 4.51999e-05 1.61776e-05 2.57259e-06
 0.0696307 0.918364 0.0119807 1.78816e-05 7.25362e-06
 0.973393 0.0034896 0.0228551 0.000261965 5.37247e-07
 0.937134 0.0623641 7.64934e-05 0.000421015 4.72171e-06
 0.899535 0.0982939 0.00215644 2.20749e-06 1.19916e-05
 0.794339 0.195787 0.00968854 0.000184207 1.18146e-06
 0.895833 0.0923527 0.011314 0.000490758 9.19096e-06
 0.0342511 0.913703 0.0468071 0.00502167 0.000217159
 0.874403 0.00766345 0.112271 0.0051033 0.000559328
 0.886628 0.106787 0.000456204 0.00584037 0.000288129
 0.130731 0.81275 0.053646 0.000203026 0.00267046
 0.89419 0.0220424 0.0788807 0.00464464 0.000242644
 0.815614 0.174834 0.00220343 0.00692838 0.00042011
 0.250335 0.664886 0.0809086 0.000907273 0.0029632
 0.916394 0.0308308 0.0473934 0.00514213 0.000240099
 0.326997 0.64102 0.0126544 0.0173933 0.00193508
 0.756481 0.119689 0.118698 0.00205778 0.00307516
 0.907746 0.0804709 0.00618235 0.0053744 0.000226811
pobs_PELACES
 0 0 0 0 0
 0 0 0 0 0
 0 0 0 0 0
 0 0 0 0 0
 0 0 0 0 0
 0 0 0 0 0
 0 0 0 0 0
 0 0 0 0 0
 0 0 0 0 0
 0 0 0 0 0
 0 0 0 0 0
 0 0 0 0 0
 0 0 0 0 0
 0 0 0 0 0
 0 0 0 0 0
 0 0 0 0 0
 0.505614 0.472636 0.0217494 0 0
 0 0 0 0 0
 0.443492 0.261883 0.143347 0.151278 0
 0.227955 0.32914 0.350689 0.0885471 0.00366901
 0.970185 0.0296113 0.000203453 0 0
 0.997202 0.00247181 0.000326279 0 0
 0.445219 0.490057 0.0546422 0.010081 0
 0.90214 0.0892962 0.00764917 0.000914606 0
 0 0 0 0 0
 0.581667 0.319106 0.0959925 0.00289975 0.000334073
 0.762889 0.0836404 0.116647 0.0363945 0.000428098
 0.88444 0.0763242 0.0277011 0.0115352 0
 0.521256 0.241999 0.230069 0.00667565 0
 0.616807 0.101726 0.260614 0.0208532 0
 0.833518 0.0704572 0.0857862 0.0102388 0
 0.697417 0.212968 0.0787535 0.0105354 0.000325836
 0 0 0 0 0
ppred_PELACES
 0.00533629 0.127116 0.755334 0.112214 5.51455e-07
 0.0168194 0.0100853 0.142679 0.726182 0.104234
 0.980052 0.000718917 0.00023894 0.00287095 0.0161188
 0.0362408 0.954997 0.000384673 0.000108548 0.00826921
 0.300269 0.0523125 0.642669 0.000217479 0.00453199
 0.999793 0.000110638 8.59354e-06 8.70955e-05 6.15344e-07
 0.00210087 0.997781 6.86573e-05 4.5805e-06 4.51738e-05
 0.0018163 0.00333724 0.994747 5.8816e-05 4.08623e-05
 0.00993838 0.00331707 0.00383209 0.982818 9.48358e-05
 0.236833 0.0171517 0.00303955 0.00298711 0.739988
 0.992269 0.00353968 0.000117865 1.73569e-05 0.00405635
 0.965329 0.034541 6.60922e-05 1.86353e-06 6.16491e-05
 0.700226 0.293977 0.00577943 9.37383e-06 8.6244e-06
 0.421172 0.481152 0.096078 0.00159318 4.76965e-06
 0.994398 0.00371591 0.00161872 0.000263626 4.22456e-06
 0.974743 0.0251927 4.52531e-05 1.6479e-05 2.63058e-06
 0.0694814 0.917839 0.0126525 1.92202e-05 7.82673e-06
 0.97844 0.00276373 0.0185796 0.000216392 4.45461e-07
 0.952069 0.0475355 5.94933e-05 0.000332616 3.74432e-06
 0.906906 0.0909924 0.00208734 2.17346e-06 1.1852e-05
 0.797618 0.192168 0.0100189 0.000193843 1.24805e-06
 0.898252 0.0896677 0.0115603 0.000510243 9.59269e-06
 0.0327038 0.912015 0.0496253 0.00542026 0.000235305
 0.873905 0.00733635 0.11296 0.00522431 0.000574793
 0.883206 0.109514 0.000496018 0.0064642 0.00032014
 0.122302 0.817076 0.057476 0.000221494 0.00292471
 0.891446 0.0216584 0.0817405 0.00489808 0.000256871
 0.806825 0.182427 0.00244472 0.00782651 0.000476411
 0.237252 0.671502 0.0869958 0.000993297 0.00325676
 0.9061 0.0331739 0.0544298 0.00601396 0.0002819
 0.329369 0.636757 0.0132579 0.0185449 0.00207116
 0.752967 0.118043 0.12354 0.00217966 0.00326986
 0.927857 0.062687 0.00492353 0.00434811 0.00018419
pobs_pel_tallas
 0 0 0 0 0 0 0 0 0 0 0 0 0 0 0 0 0 0 0 0 0 0 0 0 0 0
 0 0 0 0 0 0 0 0 0 0 0 0 0 0 0 0 0 0 0 0 0 0 0 0 0 0
 0 0 0 0 0 0 0 0 0 0 0 0 0 0 0 0 0 0 0 0 0 0 0 0 0 0
 0 0 0 0 0 0 0 0 0 0 0 0 0 0 0 0 0 0 0 0 0 0 0 0 0 0
 0 0 0 0 0 0 0 0 0 0 0 0 0 0 0 0 0 0 0 0 0 0 0 0 0 0
 0 0 0 0 0 0 0 0 0 0 0 0 0 0 0 0 0 0 0 0 0 0 0 0 0 0
 0 0 0 0 0 0 0 0 0 0 0 0 0 0 0 0 0 0 0 0 0 0 0 0 0 0
 0 0 0 0 0 0 0 0 0 0 0 0 0 0 0 0 0 0 0 0 0 0 0 0 0 0
 0 0 0 0 0 0 0 0 0 0 0 0 0 0 0 0 0 0 0 0 0 0 0 0 0 0
 0 0 0 0 0 0 0 0 0 0 0 0 0 0 0 0 0 0 0 0 0 0 0 0 0 0
 0 0 0 0 0 0 0 0 0 0 0 0 0 0 0 0 0 0 0 0 0 0 0 0 0 0
 0 0 0 0 0 0 0 0 0 0 0 0 0 0 0 0 0 0 0 0 0 0 0 0 0 0
 0.00862536 0 0 0.000197151 0.00414017 0.0128641 0.00837892 0.0270097 0.101434 0.158115 0.152841 0.127902 0.109271 0.109419 0.0830992 0.0579132 0.0238553 0.00714673 0.00463305 0.00128148 0.00103504 0.000492878 0.000147863 0.000147863 4.92878e-05 0
 0 0 0 0 0 0 0 0 0 0 0 0 0 0 0 0 0 0 0 0 0 0 0 0 0 0
 0 0 0 0 0 0 0 0.0054083 0.00873648 0.0413646 0.0450493 0.0745869 0.0622846 0.0627006 0.0613931 0.0827291 0.12552 0.122667 0.0946155 0.0697135 0.0546179 0.0294188 0.0215738 0.0213955 0.0102223 0.00600262
 0 0 0 0 0.00359764 0.0251062 0.0480494 0.140153 0.205849 0.193036 0.1447 0.116669 0.0760912 0.0342217 0.00950174 0.001854 0.000860785 0 0 0 0.000165536 0 0.000143464 0 0 0
 0 0 0 0 0 0 0 0.000145254 0.000435761 0.0275982 0.070085 0.0708112 0.156366 0.174668 0.174014 0.160142 0.0824315 0.0480064 0.0283245 0.00493863 0.00203355 0 0 0 0 0
 0 0 0 0 0 0 0 0 0 0 0 0 0 0 0 0 0 0 0 0 0 0 0 0 0 0
 0 0 1.00437e-05 0.000401748 0.00122533 0.00171747 0.00176769 0.0269171 0.070346 0.194647 0.189555 0.159765 0.064822 0.0314167 0.0384472 0.0292271 0.0345202 0.0313363 0.0194345 0.0106764 0.0143323 0.0359363 0.0279516 0.0138201 0.00172751 0
 0 0.0021121 0.0136068 0.0755702 0.200478 0.177729 0.0527432 0.0373336 0.0318909 0.0142505 0.0149659 0.0166563 0.0217959 0.0798694 0.0677717 0.0528807 0.04013 0.0224614 0.0357745 0.0225083 0.00881397 0.00855152 0.00135912 0.000746735 0 0
 0 0 0 0 5.4009e-05 0.00500934 0.000945158 0.0243581 0.138947 0.33067 0.221406 0.137944 0.0707744 0.0437923 0.0131692 0.00525238 0.0047753 0.00276346 9.45158e-05 9.00151e-06 2.25038e-05 9.00151e-06 4.50075e-06 0 0 0
 0.000866109 0.00284123 0.00948549 0.0512746 0.133035 0.25785 0.225252 0.132002 0.0553304 0.0519788 0.0540692 0.017754 0.00435017 0.00159236 0.00146478 0.000404838 0.000125132 0.000115318 0.000107957 0.000100596 0 0 0 0 0 0
 0 0 0 0 0.00144013 0.00171154 0.00461396 0.0210425 0.0478622 0.0707936 0.0888783 0.103762 0.0637923 0.0337046 0.0602308 0.124433 0.169614 0.0934646 0.0462172 0.0250306 0.0313229 0.00938855 0.002487 0.000210481 0 0
 0 0.00764035 0.051015 0.0998891 0.058973 0.0496711 0.0374665 0.0718981 0.12319 0.153886 0.159021 0.0857701 0.0377988 0.023471 0.0147837 0.00900784 0.00315554 0.000888139 0.00291439 0.00214683 0.00393193 0.00274676 0.000635225 9.99891e-05 0 0
 0 0 0 0 0 0 0 0 0 0 0 0 0 0 0 0 0 0 0 0 0 0 0 0 0 0
 0 0 0 0 0 0 0 0 0 0 0 0 0 0 0 0 0 0 0 0 0 0 0 0 0 0
 0 0 0 0 0 0 0 0 0 0 0 0 0 0 0 0 0 0 0 0 0 0 0 0 0 0
 0 0 0 0 0 0 0 0 0 0 0 0 0 0 0 0 0 0 0 0 0 0 0 0 0 0
 0 0 0 0 0 0 0 0 0 0 0 0 0 0 0 0 0 0 0 0 0 0 0 0 0 0
 0 0 0 0 0 0 0 0 0 0 0 0 0 0 0 0 0 0 0 0 0 0 0 0 0 0
 0 0 0 0 0 0 0 0 0 0 0 0 0 0 0 0 0 0 0 0 0 0 0 0 0 0
 0 0 0 0 0 0 0 0 0 0 0 0 0 0 0 0 0 0 0 0 0 0 0 0 0 0
 0 0 0 0 0 0 0 0 0 0 0 0 0 0 0 0 0 0 0 0 0 0 0 0 0 0
ppred_pel_tallas
 1.33084e-16 4.39573e-07 4.27281e-06 2.8395e-05 0.000129088 0.000401711 0.000856378 0.0012527 0.00126613 0.000922542 0.000627282 0.000795666 0.0017584 0.00396894 0.00808131 0.0147981 0.0246716 0.0380257 0.0549674 0.0752325 0.0976692 0.11965 0.137128 0.145811 0.143 0.128954
 1.94586e-16 1.38539e-06 1.34665e-05 8.94899e-05 0.000406809 0.00126574 0.00269685 0.00393643 0.0039379 0.00270428 0.00129228 0.000490733 0.000328623 0.000634009 0.00148402 0.00329445 0.00685539 0.0133978 0.0245618 0.0420869 0.0671228 0.0992851 0.13587 0.171777 0.200494 0.215973
 1.03023e-16 8.07256e-05 0.000784682 0.00521449 0.0237043 0.0737529 0.157138 0.229348 0.229348 0.157139 0.0737541 0.0237079 0.00522392 0.000806359 0.000125403 8.97692e-05 0.000148505 0.000251633 0.000420154 0.000693428 0.0011182 0.0017297 0.00252525 0.00344222 0.00435491 0.00509861
 1.01666e-16 2.98531e-06 2.90183e-05 0.000192842 0.000876686 0.00272819 0.00581609 0.008508 0.00859983 0.00626468 0.00423377 0.0052225 0.0110908 0.0237839 0.0450138 0.0741396 0.106162 0.132162 0.143059 0.134688 0.110371 0.0788682 0.0493882 0.0274735 0.014081 0.00724393
 1.19349e-16 2.47328e-05 0.000240412 0.00159762 0.00726256 0.0225965 0.0481445 0.0702696 0.0702756 0.0481744 0.0226997 0.00757301 0.00242376 0.00219848 0.00419494 0.00806872 0.0143393 0.0236638 0.0364938 0.0526579 0.0708381 0.0882889 0.101272 0.106322 0.10177 0.0886099
 1.0001e-16 8.23516e-05 0.000800487 0.00531952 0.0241818 0.0752384 0.160303 0.233968 0.233968 0.160303 0.0752386 0.0241823 0.00532079 0.000803273 8.76581e-05 1.46086e-05 1.31103e-05 1.6449e-05 1.87646e-05 1.95077e-05 1.91765e-05 1.87481e-05 1.90102e-05 2.0076e-05 2.13796e-05 2.20688e-05
 1.00266e-16 1.73253e-07 1.68418e-06 1.11966e-05 5.09572e-05 0.000159062 0.000342443 0.000519919 0.000615859 0.000811114 0.00173205 0.00459128 0.0113967 0.0248189 0.0470223 0.0774474 0.110886 0.138012 0.149322 0.140445 0.114833 0.0816231 0.0504387 0.0271002 0.0126646 0.00515325
 1.2872e-16 1.49611e-07 1.45427e-06 9.66419e-06 4.3933e-05 0.000136701 0.000291317 0.00042555 0.000427404 0.000301103 0.00017398 0.000171081 0.000402114 0.00110002 0.00279271 0.00645089 0.0135437 0.0258365 0.0447579 0.0703665 0.100336 0.129692 0.151902 0.16117 0.15488 0.134787
 1.98691e-16 8.18613e-07 7.95721e-06 5.28785e-05 0.000240378 0.000747909 0.00159352 0.00232593 0.00232661 0.00159701 0.000760833 0.000283373 0.000183523 0.000373649 0.000950192 0.00229556 0.00517499 0.0108611 0.0211577 0.03813 0.0633921 0.0970219 0.136516 0.176451 0.209411 0.228145
 2.25619e-16 1.95077e-05 0.000189621 0.0012601 0.00572824 0.0178227 0.0379732 0.0554233 0.0554251 0.0379821 0.0178531 0.00581862 0.00149745 0.000745809 0.00119986 0.00231826 0.00431522 0.00780622 0.013878 0.024145 0.0405064 0.0644655 0.0961273 0.133282 0.171132 0.203085
 1.00693e-16 8.17319e-05 0.000794463 0.00527948 0.0239998 0.0746722 0.159097 0.232207 0.232207 0.159099 0.0746778 0.024016 0.00532014 0.000883317 0.000250853 0.000286526 0.000408197 0.000521983 0.000596243 0.000624485 0.000628796 0.000648464 0.000716629 0.00084068 0.000997703 0.00114489
 1.00022e-16 7.95129e-05 0.000772894 0.00513615 0.0233482 0.0726449 0.154778 0.225903 0.225907 0.154794 0.0726994 0.0235054 0.00553032 0.00163209 0.00170752 0.00268713 0.00383995 0.00477975 0.00517299 0.0048682 0.00398488 0.00283914 0.0017637 0.000959474 0.000462488 0.000203813
 1.00245e-16 5.76767e-05 0.000560638 0.00372564 0.0169362 0.0526951 0.112273 0.163872 0.163901 0.112412 0.0531587 0.0182746 0.00708223 0.00787845 0.0139271 0.0228583 0.032747 0.0408094 0.0442513 0.0417844 0.0344124 0.0247983 0.0157397 0.00891765 0.00462834 0.00229901
 1.03057e-16 3.46915e-05 0.000337214 0.00224091 0.0101869 0.0316954 0.0675321 0.0985747 0.0986212 0.0677589 0.032457 0.0123872 0.00776563 0.0124031 0.0229655 0.0379503 0.0547513 0.0690187 0.0763125 0.0745343 0.0651256 0.0520096 0.0391891 0.0289006 0.021389 0.0158587
 1.00075e-16 8.19072e-05 0.000796167 0.00529081 0.0240513 0.0748324 0.159438 0.232705 0.232705 0.15944 0.0748383 0.0240684 0.00533381 0.000890319 0.000261525 0.000304804 0.000435955 0.000558065 0.000633665 0.000646907 0.000607277 0.000540686 0.000471621 0.00041083 0.000355974 0.000300573
 1.0001e-16 8.02883e-05 0.000780431 0.00518624 0.0235759 0.0733533 0.156287 0.228106 0.228109 0.156299 0.073393 0.0236905 0.00547372 0.00140708 0.00126766 0.0019614 0.00280066 0.00348592 0.00377249 0.00354979 0.00290488 0.00206827 0.0012826 0.000694483 0.000330356 0.000140203
 1.00603e-16 5.72328e-06 5.56324e-05 0.000369701 0.00168066 0.00522964 0.0111456 0.0162858 0.016374 0.0115768 0.006677 0.00585864 0.0108475 0.0228974 0.0432938 0.0713211 0.102169 0.127275 0.137919 0.130077 0.106897 0.0767199 0.0483155 0.026964 0.0136047 0.00643996
 1.00559e-16 8.05928e-05 0.000783391 0.00520591 0.0236653 0.0736315 0.15688 0.228971 0.228971 0.156881 0.0736365 0.02368 0.00524408 0.000871161 0.00026023 0.000336273 0.000554489 0.00085848 0.00124473 0.00170269 0.00219862 0.00266436 0.00300339 0.00312205 0.00297269 0.00258118
 1.00048e-16 7.84206e-05 0.000762277 0.0050656 0.0230275 0.071647 0.152652 0.222801 0.222805 0.152674 0.071722 0.0232438 0.00560807 0.00194475 0.00231903 0.00369624 0.00528538 0.00657998 0.00712335 0.00670764 0.00549771 0.00392862 0.00245765 0.00135991 0.000683075 0.000330528
 1.00086e-16 7.47007e-05 0.000726117 0.0048253 0.0219351 0.0682484 0.145411 0.212233 0.212242 0.145454 0.0683919 0.0223494 0.00586435 0.00299145 0.00436839 0.00708102 0.0101401 0.0126391 0.0137102 0.0129544 0.0106818 0.00771515 0.00491838 0.00281004 0.00148098 0.000754362
 1.00358e-16 6.56988e-05 0.000638616 0.00424383 0.0192918 0.0600241 0.127888 0.186661 0.186679 0.127979 0.0603274 0.0201674 0.00644021 0.00542857 0.00914859 0.0149833 0.0214898 0.0268376 0.0292078 0.0277593 0.0231336 0.0170402 0.011266 0.00687259 0.00403564 0.00239048
 1.0041e-16 7.39879e-05 0.000719188 0.00477926 0.0217258 0.0675972 0.144023 0.210208 0.210217 0.144065 0.0677389 0.0221352 0.00580661 0.00296138 0.00433074 0.00703815 0.0101208 0.0127028 0.0139439 0.0134528 0.0115134 0.00888874 0.00636617 0.00439832 0.00304591 0.00214777
 1.02249e-16 2.69396e-06 2.61864e-05 0.000174022 0.000791132 0.00246198 0.00524874 0.00767909 0.00776687 0.00567755 0.00390139 0.00494692 0.0105991 0.0227624 0.0431187 0.0711104 0.102038 0.127471 0.138808 0.132067 0.110298 0.0816016 0.0544354 0.0337985 0.0204845 0.012731
 1.03883e-16 7.19824e-05 0.000699695 0.00464972 0.0211369 0.0657649 0.140119 0.204508 0.204509 0.140123 0.0657801 0.0211832 0.00477419 0.000999069 0.000721406 0.00128905 0.00233846 0.00395503 0.00624105 0.0091848 0.0125561 0.0158554 0.0183944 0.0195251 0.0189148 0.0167055
 1.00745e-16 7.27485e-05 0.000707142 0.00469921 0.0213619 0.0664649 0.141611 0.206687 0.206698 0.141662 0.0666376 0.0218605 0.00594964 0.0034334 0.00524035 0.00852222 0.0122095 0.0152303 0.0165504 0.0157042 0.0130809 0.0096818 0.00654351 0.00426535 0.00291127 0.00221451
 1.02385e-16 1.0074e-05 9.79232e-05 0.000650738 0.00295821 0.0092045 0.0196141 0.0286438 0.0287225 0.0199983 0.0104945 0.00668276 0.00999492 0.0204798 0.0386698 0.0637835 0.0915745 0.114505 0.124882 0.119136 0.0999677 0.0745752 0.0504601 0.0320424 0.0200163 0.0128362
 1.029e-16 7.34272e-05 0.000713739 0.00474305 0.0215612 0.0670849 0.142932 0.208613 0.208615 0.142942 0.0671217 0.0216691 0.00501977 0.00133732 0.00131468 0.00220542 0.00351411 0.00513396 0.00698383 0.00898552 0.0110305 0.0129067 0.014271 0.0147441 0.0140953 0.012388
 1.00983e-16 6.64572e-05 0.000645987 0.00429281 0.0195145 0.060717 0.129365 0.188815 0.188833 0.12945 0.0610048 0.0203451 0.00637609 0.00518818 0.00867654 0.0141964 0.0203454 0.0253805 0.0275794 0.0261602 0.0217623 0.0160456 0.0107334 0.00683118 0.00446364 0.00321149
 1.03333e-16 1.95423e-05 0.000189958 0.00126234 0.00573846 0.0178548 0.038044 0.0555399 0.0556046 0.0383601 0.0189163 0.00880394 0.00895601 0.0169815 0.0318979 0.0526706 0.0757924 0.0951328 0.104431 0.100759 0.0862474 0.0666124 0.047755 0.0330682 0.0230062 0.0163556
 1.02231e-16 7.46343e-05 0.000725472 0.00482102 0.0219156 0.0681877 0.145281 0.212043 0.212046 0.145297 0.0682418 0.0220729 0.00521952 0.00160791 0.00178712 0.00293166 0.00443768 0.00604199 0.00751571 0.00873061 0.00968406 0.010407 0.0108447 0.0108387 0.0102335 0.009013
 1.02756e-16 2.71298e-05 0.000263711 0.00175246 0.00796646 0.0247869 0.0528134 0.0770956 0.0771569 0.0531127 0.0257913 0.010866 0.00902496 0.0161205 0.0300862 0.0495497 0.0710359 0.0886216 0.0962987 0.0913215 0.0758977 0.0557967 0.0370257 0.0231131 0.0145457 0.00992943
 1.04368e-16 6.2021e-05 0.000602866 0.00400626 0.0182119 0.0566639 0.120729 0.17621 0.176221 0.120785 0.056854 0.018763 0.00539761 0.00366617 0.00595557 0.00994442 0.0147754 0.0195249 0.0232561 0.0254725 0.0263038 0.0262157 0.0255258 0.0241785 0.021936 0.0187382
 1.00626e-16 7.64264e-05 0.000742892 0.00493678 0.0224419 0.069825 0.14877 0.217135 0.217141 0.148799 0.069924 0.0227278 0.00565426 0.00230836 0.00304724 0.00491088 0.0070536 0.00884316 0.00969361 0.00933999 0.00799517 0.0062091 0.00454284 0.00330876 0.00252636 0.00204637
pSPR Fmed_Fpbrs
1   0.984249 0.6 0.325 0.984249 0.984249 0.984249
Fs Fmed_Fpbrs
0   0.01 0.370371 0.967644 0.01 0.01 0.01
SSBpbr Bo_Bmed_Bpbrs
356410  338589  332975 196025 98012.6 332975 332975 332975
Ro
26122.8
SPR SPRFo_SPRFmed_SPRFpbrs
188197 188197 185233
Fref
0
Nvult_r0
 57478.5 7436.13 559.51 477.376 20.0552
CTP_r0
 31806.5 5412.71 414.138 353.659 14.8584
YTP_r0
355842
Np
 64334.7 23667.4 8706.75 3203.03 1611.81
Nvult_p0
 40667.3 14960.6 5503.71 2024.7 1018.86
CTP_p0
 0 0 0 0 0
 0 0 0 0 0
 0 0 0 0 0
 0 0 0 0 0
 0 0 0 0 0
 0 0 0 0 0
YTP_p0
 0 0 0 0 0 0
CBA_c0
0
log_Ro
9.99056
likeval ReclasPelacesDesembMPH_pf_preclas_ppelaces_ptallas_desvR_qrecl_qpela
 49.7905 28.4379 0.636784 66.4912 459.657 175.538 172.596 0 249.301 0.0001712 0.000293715 0.543437 2063.99 0 0
q_reclas_q_pelaces
6.36239 11.2875
M
1
N
 1075.37 15496.5 77223.3 11001.3 0.0535967
 676.872 346.804 4290.23 20988.2 2986.91
 246659 152.452 44.2313 510.783 2843.31
 2294.67 56370.6 20.0654 5.44557 411.324
 892.022 472.085 5912.79 1.93991 40.0991
 816168 53.7548 3.49464 33.96 0.237858
 937.918 267704 15.436 0.987488 9.65459
 302.733 304.553 75217.8 4.26184 2.93521
 513.859 108.294 105.466 25945.8 2.482
 1091.36 158.499 27.2327 25.8741 6357.04
 30467.5 101.271 2.97977 0.422023 97.7907
 183665 6271.36 10.6343 0.288424 9.46069
 116888 36879 624.208 0.97228 0.886885
 7101.91 30085.5 6274.37 101.009 0.299982
 60237.4 347.85 142.353 22.374 0.35556
 282739 7328.55 11.7364 4.11245 0.650925
 4622.93 53916 652.489 0.952928 0.384744
 220704 1006.42 6389.74 71.842 0.146666
 281453 25658.3 30.7831 166.281 1.85641
 261190 28790.4 595.347 0.596874 3.22734
 200326 45302.9 2088.95 38.8729 0.248158
 426493 40921 4679.41 198.681 3.70357
 3844.77 85000.5 4007.84 420.547 18.1008
 112892 936.112 12826.7 570.768 62.2656
 214086 21870.4 86.2374 1079.98 53.0295
 10134.8 50081 3027.18 11.202 146.649
 118738 2652.07 8830.12 508.839 26.4585
 141427 24785.3 287.035 882.664 53.2694
 16487.8 35251.3 3934.37 43.1421 140.241
 160889 4221.04 5928.37 628.853 29.224
 24518.7 43510.5 799.071 1074.87 119.026
 36046.3 5126.1 4725.24 80.1659 119.241
 64334.7 7629.53 571.689 487.665 20.4872
pred_Ctot
 84.7653 2480.5 13068.4 1867.36 0.00909894
 172.61 155.645 2003.52 9822.28 1398.01
 61371.5 67.1023 20.269 234.572 1305.91
 669.912 28080.2 10.3675 2.81914 212.962
 539.851 373.075 4739.45 1.55611 32.167
 56452 7.60795 0.523369 5.10157 0.0357374
 70.2831 40862.1 2.49187 0.159896 1.56355
 5.2958 11.3492 2980.27 0.169426 0.116707
 53.2347 22.3398 22.949 5662.01 0.541718
 573.629 116.384 20.3768 19.3794 4761.61
 8888.58 50.4201 1.53882 0.218368 50.6053
 55357.1 3199.6 5.62304 0.1528 5.01255
 22844.1 13325.3 235.928 0.368377 0.336066
 4514.91 24349.9 5142.76 82.8467 0.246051
 27792.1 236.938 99.2367 15.6164 0.248187
 90736.6 3915.92 6.48883 2.27783 0.360574
 1244.46 25242.1 317.474 0.464611 0.187607
 104409 695.856 4517.83 50.8554 0.103828
 141842 18403.4 22.5306 121.833 1.36026
 92655.5 16523.2 352.552 0.354045 1.91452
 59042.9 22729.2 1086.83 20.2639 0.129375
 129772 21025.6 2491.24 105.975 1.97566
 849.768 34009.4 1673.59 176.015 7.5768
 35564.8 493.478 6999.78 312.055 34.0457
 51111.1 9314.4 38.2714 480.345 23.5888
 1901.28 17481.6 1106.13 4.1033 53.7243
 33982.9 1301.37 4496.51 259.627 13.5014
 29751 9521.97 115.197 355.075 21.4317
 3263.87 12874.8 1502.78 16.5184 53.7025
 27620.1 1365.97 2011.13 213.873 9.94044
 7001.87 21315.1 406.25 547.552 60.6394
 10116.2 2478.09 2371.66 40.3171 59.975
 31806.5 5412.71 414.138 353.659 14.8584
F
 0.131663 0.284273 0.302742 0.303781 0.303836
 0.490635 1.05933 1.12815 1.13202 1.13223
 0.476056 1.02785 1.09463 1.09839 1.09858
 0.581183 1.25483 1.33636 1.34094 1.34118
 1.80906 3.90593 4.15969 4.17396 4.17472
 0.114737 0.247728 0.263823 0.264728 0.264776
 0.124819 0.269495 0.287004 0.287989 0.288041
 0.027999 0.0604525 0.06438 0.0646009 0.0646126
 0.176201 0.380434 0.40515 0.40654 0.406614
 1.37738 2.9739 3.16711 3.17798 3.17855
 0.580667 1.25372 1.33517 1.33975 1.33999
 0.605468 1.30726 1.3922 1.39697 1.39722
 0.357173 0.77117 0.821272 0.82409 0.824239
 2.01635 4.35349 4.63633 4.65224 4.65308
 1.10652 2.38908 2.54429 2.55302 2.55348
 0.657098 1.41874 1.51091 1.5161 1.51637
 0.524633 1.13273 1.20633 1.21047 1.21068
 1.15196 2.48718 2.64877 2.65786 2.65834
 1.27992 2.76348 2.94302 2.95311 2.95365
 0.751879 1.62338 1.72885 1.73478 1.73509
 0.5883 1.2702 1.35272 1.35736 1.35761
 0.612938 1.32339 1.40937 1.41421 1.41446
 0.412732 0.891129 0.949024 0.95228 0.952452
 0.641302 1.38463 1.47459 1.47965 1.47992
 0.452736 0.9775 1.04101 1.04458 1.04477
 0.340639 0.735473 0.783256 0.785943 0.786085
 0.566668 1.22349 1.30298 1.30745 1.30769
 0.389283 0.840499 0.895105 0.898176 0.898339
 0.362538 0.782754 0.833608 0.836468 0.836619
 0.307715 0.664386 0.70755 0.709978 0.710106
 0.565091 1.22009 1.29935 1.30381 1.30405
 0.552779 1.1935 1.27104 1.27541 1.27564
 1.23896 2.67503 2.84882 2.8586 2.85911
YTP_r0W_actual
 239821 94451.8 9968.3 11076.6 523.758
YTP_p0W_proyectada
 0 0 0 0 0
 0 0 0 0 0
 0 0 0 0 0
 0 0 0 0 0
 0 0 0 0 0
 0 0 0 0 0
CTP_r0_actual
 31806.5 5412.71 414.138 353.659 14.8584
CTP_p0_proyectada
 0 0 0 0 0
 0 0 0 0 0
 0 0 0 0 0
 0 0 0 0 0
 0 0 0 0 0
 0 0 0 0 0
Wmedp
 7.54 17.45 24.07 31.32 35.25
Frms_r0
 1.23896 2.67503 2.84882 2.8586 2.85911
Zrms_r0
 2.23896 3.67503 3.84882 3.8586 3.85911
nmprior
 7.29 8.9 8.7 0
nm_flota  nm_reclas  nm_pelaces    nm_pelaL
inf 6.22564 2.17586 2.96951
cv_recla  cv_pelaces  cv_mph
0.611088 0.58417 0.326896
 ------------------------------------------------
Talla a la edad & desviaci?n 
 8 13.2811 15.8009 17.003 17.5766
 0.8 1.32811 1.58009 1.7003 1.75766
