years
 1991 1992 1993 1994 1995 1996 1997 1998 1999 2000 2001 2002 2003 2004 2005 2006 2007 2008 2009 2010 2011 2012 2013 2014 2015 2016 2017 2018 2019 2020 2021 2022 2023
reclasobs
 0 0 0 0 0 0 0 0 0 252601 567819 844713 477998 351125 339783 2.1784e+06 2.13404e+06 4.81314e+06 1.55562e+06 2.62356e+06 3.21686e+06 3.843e+06 1.13348e+06 3.07943e+06 1.97215e+06 2.03268e+06 2.025e+06 2.42433e+06 2.27542e+06 1.05018e+06 2.36338e+06 3.18982e+06 1.53035e+06
reclaspred
 3.40869e+06 1.90704e+06 1.02374e+06 1.39285e+06 1.64614e+06 2.48682e+06 1.76063e+06 1.6458e+06 1.18093e+06 871981 872361 856911 529711 117796 602335 1.11344e+06 1.01115e+06 1.27715e+06 1.5012e+06 1.98556e+06 3.81175e+06 3.0474e+06 2.43138e+06 3.19099e+06 2.74222e+06 2.47243e+06 2.76573e+06 2.94796e+06 2.78881e+06 2.40257e+06 1.67849e+06 1.41079e+06 1.77983e+06
pelacesobs
 0 0 0 0 0 0 0 0 0 0 0 0 0 0 0 552880 188675 0 991730 2.46772e+06 1.41603e+06 1.21717e+06 2.29649e+06 1.80582e+06 0 1.4828e+06 1.56532e+06 1.57751e+06 1.42118e+06 867257 1.10002e+06 1.06204e+06 0
pelacespred
 1.82514e+06 1.14045e+06 605050 683518 825397 1.32094e+06 933158 994035 724606 515738 516271 428139 274303 43859.6 339633 520688 467953 632690 790268 925515 1.89804e+06 1.69082e+06 1.33468e+06 1.88544e+06 1.53989e+06 1.37075e+06 1.79919e+06 1.73272e+06 1.45912e+06 1.42534e+06 952263 789824 965100
mphobs
 0 0 0 0 0 0 0 0 0 0 0 0 498337 0 5186 125008 0 168611 109162 213762 579715 649985 157893 87575 83554 210694 70296 0 107559 103333 445601 22526 28222
mphpred
 968990 650275 324571 195734 307878 393377 504737 365794 319488 226382 151600 194224 166568 62678.5 8734.67 108286 232833 199449 189239 249018 509455 634909 115524 96717.5 119731 113732 96183 99865.9 136074 120367 88755.5 63262.7 40031.3
desembarqueobs
 494567 514787 250237 358949 120608 361735 552515 73892 212993 205616 52469 317467 293654 387597 252695 516296 358380 742168 942051 627588 828172 859565 418607 520667 417249 300574 415391 372974 316634 284311 391294 218835 356480
desembarquepred
 494571 512893 251384 358972 120611 361759 552600 73895.2 213040 205662 52470.3 317499 294182 389402 252683 516307 358503 742415 941771 627446 828284 859646 418674 520765 417223 300613 415436 372977 316608 284254 391497 218898 356513
Reclutas
 216616 111138 155085 343496 293319 397996 175991 92743.8 74314.6 94562.1 180932 133663 47328.3 20405.4 155138 402213 84968.8 301205 509352 600199 592011 736587 152018 385751 520452 153397 384866 458486 262398 226453 115551 94438.6 347108
log_desv_Rt
 0.0611945 -0.60616 -0.272957 0.522246 0.364331 0.669512 -0.146496 -0.78709 -1.00862 -0.767674 -0.118809 -0.42161 -1.45982 -2.30113 -0.272613 0.68005 -0.874646 0.39086 0.916208 1.08033 1.0666 1.2851 -0.292933 0.638262 0.937767 -0.283899 0.635965 0.811 0.252932 0.105605 -0.567215 -0.768981 0.532707
SSB
 3.6657e+06 2.46e+06 1.22786e+06 740463 1.16471e+06 1.48815e+06 1.90943e+06 1.3838e+06 1.20863e+06 856407 573504 734754 603094 229521 32017.3 397259 880810 754517 740506 942895 1.97123e+06 2.55825e+06 2.38444e+06 1.93177e+06 2.25432e+06 2.26042e+06 1.8114e+06 1.81664e+06 2.55826e+06 2.14156e+06 1.77792e+06 1.30425e+06 764826
BT
 4.90652e+06 3.31232e+06 1.73845e+06 1.97233e+06 2.11537e+06 3.5387e+06 2.79646e+06 2.49707e+06 1.99093e+06 1.46521e+06 1.31316e+06 1.3241e+06 946591 514912 1.08064e+06 1.71452e+06 1.43456e+06 2.20851e+06 2.85506e+06 2.79065e+06 5.29536e+06 4.97796e+06 3.64068e+06 5.1063e+06 4.16606e+06 3.61871e+06 4.83508e+06 4.60901e+06 3.8372e+06 3.75746e+06 2.71063e+06 2.13133e+06 2.68359e+06
Ftot
 0.122854 0.221736 0.212617 0.275845 0.0716802 0.148907 0.274888 0.0414624 0.165547 0.215864 0.064756 0.345258 0.471346 2.28445 0.591216 0.560267 0.322323 0.603808 0.712672 0.362302 0.223106 0.281414 0.1523 0.170563 0.151977 0.109629 0.158462 0.140697 0.101998 0.110558 0.208663 0.14027 0.230805
BD_Bspro_t
 0.980647 0.865016 0.72489 0.671017 0.732367 0.804237 0.796121 0.704674 0.752579 0.723625 0.699247 0.804485 0.658409 0.360107 0.0904258 0.523248 0.592791 0.525622 0.474683 0.494914 0.611609 0.664851 0.679839 0.674801 0.740019 0.780797 0.778055 0.796991 0.837942 0.816501 0.79785 0.734906 0.72227
BD_Bspro
 2.49718 1.67582 0.83645 0.504424 0.793431 1.01377 1.30075 0.942686 0.82335 0.583408 0.390687 0.500535 0.410844 0.156356 0.0218111 0.270624 0.600032 0.513998 0.504453 0.642326 1.34285 1.74275 1.62435 1.31597 1.5357 1.53986 1.23398 1.23755 1.74276 1.45889 1.21117 0.888491 0.521021
BD_Bo
 2.41787 1.6226 0.809886 0.488404 0.768233 0.981574 1.25944 0.912748 0.797202 0.56488 0.378279 0.484639 0.397796 0.15139 0.0211184 0.262029 0.580976 0.497674 0.488433 0.621927 1.30021 1.6874 1.57276 1.27418 1.48693 1.49096 1.19479 1.19825 1.68741 1.41256 1.17271 0.860274 0.504474
BD_Brms
 2.59085 1.73868 0.867825 0.523345 0.823192 1.0518 1.34955 0.978046 0.854234 0.605292 0.405341 0.51931 0.426255 0.162221 0.0226292 0.280775 0.622539 0.533278 0.523375 0.666419 1.39322 1.80812 1.68528 1.36534 1.59331 1.59762 1.28026 1.28397 1.80813 1.51361 1.2566 0.921818 0.540564
Sel_flota
 0.523931 0.954359 0.997489 0.999868 0.999993
 0.523931 0.954359 0.997489 0.999868 0.999993
 0.523931 0.954359 0.997489 0.999868 0.999993
 0.523931 0.954359 0.997489 0.999868 0.999993
 0.523931 0.954359 0.997489 0.999868 0.999993
 0.523931 0.954359 0.997489 0.999868 0.999993
 0.523931 0.954359 0.997489 0.999868 0.999993
 0.523931 0.954359 0.997489 0.999868 0.999993
 0.523931 0.954359 0.997489 0.999868 0.999993
 0.523931 0.954359 0.997489 0.999868 0.999993
 0.523931 0.954359 0.997489 0.999868 0.999993
 0.523931 0.954359 0.997489 0.999868 0.999993
 0.523931 0.954359 0.997489 0.999868 0.999993
 0.523931 0.954359 0.997489 0.999868 0.999993
 0.523931 0.954359 0.997489 0.999868 0.999993
 0.523931 0.954359 0.997489 0.999868 0.999993
 0.523931 0.954359 0.997489 0.999868 0.999993
 0.523931 0.954359 0.997489 0.999868 0.999993
 0.523931 0.954359 0.997489 0.999868 0.999993
 0.523931 0.954359 0.997489 0.999868 0.999993
 0.523931 0.954359 0.997489 0.999868 0.999993
 0.523931 0.954359 0.997489 0.999868 0.999993
 0.523931 0.954359 0.997489 0.999868 0.999993
 0.523931 0.954359 0.997489 0.999868 0.999993
 0.523931 0.954359 0.997489 0.999868 0.999993
 0.523931 0.954359 0.997489 0.999868 0.999993
 0.523931 0.954359 0.997489 0.999868 0.999993
 0.523931 0.954359 0.997489 0.999868 0.999993
 0.523931 0.954359 0.997489 0.999868 0.999993
 0.523931 0.954359 0.997489 0.999868 0.999993
 0.523931 0.954359 0.997489 0.999868 0.999993
 0.523931 0.954359 0.997489 0.999868 0.999993
 0.523931 0.954359 0.997489 0.999868 0.999993
Sel_reclas
 1 1 1 1 1
 1 1 1 1 1
 1 1 1 1 1
 1 1 1 1 1
 1 1 1 1 1
 1 1 1 1 1
 1 1 1 1 1
 1 1 1 1 1
 1 1 1 1 1
 1 1 1 1 1
 1 1 1 1 1
 1 1 1 1 1
 1 1 1 1 1
 1 1 1 1 1
 1 1 1 1 1
 1 1 1 1 1
 1 1 1 1 1
 1 1 1 1 1
 1 1 1 1 1
 1 1 1 1 1
 1 1 1 1 1
 1 1 1 1 1
 1 1 1 1 1
 1 1 1 1 1
 1 1 1 1 1
 1 1 1 1 1
 1 1 1 1 1
 1 1 1 1 1
 1 1 1 1 1
 1 1 1 1 1
 1 1 1 1 1
 1 1 1 1 1
 1 1 1 1 1
Sel_pelaces
 1 1 1 1 1
 1 1 1 1 1
 1 1 1 1 1
 1 1 1 1 1
 1 1 1 1 1
 1 1 1 1 1
 1 1 1 1 1
 1 1 1 1 1
 1 1 1 1 1
 1 1 1 1 1
 1 1 1 1 1
 1 1 1 1 1
 1 1 1 1 1
 1 1 1 1 1
 1 1 1 1 1
 1 1 1 1 1
 1 1 1 1 1
 1 1 1 1 1
 1 1 1 1 1
 1 1 1 1 1
 1 1 1 1 1
 1 1 1 1 1
 1 1 1 1 1
 1 1 1 1 1
 1 1 1 1 1
 1 1 1 1 1
 1 1 1 1 1
 1 1 1 1 1
 1 1 1 1 1
 1 1 1 1 1
 1 1 1 1 1
 1 1 1 1 1
 1 1 1 1 1
pf_obs 
 0.8446 0.082 0.0669 0.0065 0
 0.8095 0.147 0.0364 0.0071 0
 0.9664 0.0169 0.016 0.0007 0
 0.9276 0.0648 0.0075 0.0001 0
 0.7033 0.2144 0.0806 0.0017 0
 0.9318 0.0425 0.0243 0.0014 0
 0.5671 0.3108 0.0964 0.0239 0.0018
 0.0768 0.2599 0.5324 0.112 0.0189
 0.490249 0.384438 0.106611 0.0170017 0.00170017
 0.7925 0.1577 0.0466 0.003 0.0002
 0.840416 0.127587 0.0312969 0.00059994 9.999e-05
 0.8084 0.0986 0.0794 0.0134 0.0002
 0.7335 0.1905 0.0724 0.0035 0.0001
 0.4001 0.4547 0.1325 0.0127 0
 0.49795 0.308269 0.164784 0.0264974 0.00249975
 0.9179 0.0499 0.0305 0.0017 0
 0.2467 0.6533 0.0926 0.0074 0
 0.9418 0.0223 0.034 0.0019 0
 0.707729 0.231977 0.0356964 0.0245975 0
 0.517169 0.277429 0.184464 0.0207286 0.00020938
 0.811772 0.124168 0.05621 0.00726502 0.000585176
 0.764997 0.148141 0.077277 0.00933861 0.000247198
 0.163321 0.427699 0.378323 0.0303852 0.000271297
 0.753843 0.0900009 0.118128 0.0371064 0.000921714
 0.721811 0.176058 0.0630433 0.0369309 0.00215725
 0.143369 0.312575 0.442814 0.0836902 0.0175525
 0.692698 0.0596174 0.167031 0.0765114 0.00414204
 0.394062 0.376323 0.152708 0.0712218 0.00568511
 0.125707 0.32114 0.495352 0.0537591 0.00404204
 0.23352 0.215282 0.420074 0.123614 0.00750983
 0.796117 0.104755 0.0508955 0.0450114 0.00322123
 0.162477 0.292055 0.404252 0.121198 0.0200186
 0 0 0 0 0
pf_pred 
 0.345488 0.106951 0.522379 0.0251811 9.79683e-07
 0.296812 0.349709 0.059982 0.280031 0.0134664
 0.519148 0.21387 0.136106 0.0222563 0.10862
 0.722606 0.186459 0.0415458 0.0252114 0.0241777
 0.553801 0.371337 0.0511471 0.0108507 0.012864
 0.59822 0.27718 0.104459 0.0137716 0.00636975
 0.354202 0.473412 0.120618 0.0434177 0.00835053
 0.318109 0.347662 0.248231 0.0602206 0.0257771
 0.365049 0.290157 0.17955 0.1228 0.0424429
 0.527108 0.245115 0.106777 0.0630865 0.0579125
 0.686738 0.212327 0.0535478 0.0222454 0.025142
 0.491389 0.406115 0.0704686 0.0170106 0.015017
 0.308924 0.450694 0.193927 0.0319671 0.0144875
 0.346683 0.313535 0.225903 0.0919255 0.0219529
 0.964883 0.0233011 0.00601489 0.00386518 0.00193614
 0.85051 0.146941 0.00172505 0.000420085 0.000403865
 0.291458 0.652184 0.0554501 0.00061478 0.000292708
 0.753314 0.108865 0.12736 0.0102923 0.000167971
 0.771227 0.198376 0.0138581 0.0152871 0.00125154
 0.704733 0.25932 0.0314282 0.00206419 0.00245518
 0.603292 0.326066 0.0624261 0.00718554 0.00103031
 0.618461 0.28227 0.0822807 0.0150168 0.00197121
 0.216825 0.591426 0.143674 0.0398662 0.00820887
 0.587619 0.139047 0.208735 0.0484336 0.0161659
 0.622241 0.275166 0.035677 0.0511324 0.0157844
 0.267432 0.550685 0.134175 0.0166175 0.0310902
 0.619196 0.151854 0.174025 0.0405451 0.0143803
 0.59842 0.302203 0.0407445 0.0445933 0.014039
 0.406535 0.434247 0.121194 0.0156129 0.0224114
 0.434239 0.313431 0.186845 0.0498757 0.0156096
 0.328585 0.39265 0.157559 0.0898072 0.0313985
 0.400563 0.28722 0.186246 0.0712798 0.0546913
 0.772894 0.125769 0.049736 0.0308125 0.0207881
pobs_RECLAS
 0 0 0 0 0
 0 0 0 0 0
 0 0 0 0 0
 0 0 0 0 0
 0 0 0 0 0
 0 0 0 0 0
 0 0 0 0 0
 0 0 0 0 0
 0 0 0 0 0
 0 0 0 0 0
 0.991045 0.00858322 0.000360255 1.14367e-05 0
 0.934742 0.0480273 0.0164251 0.00080598 0
 0.827803 0.169806 0.00239088 0 0
 0.941827 0.0461693 0.0120037 0 0
 0.791401 0.0380133 0.147996 0.0225897 0
 0.846168 0.0940531 0.0597789 0 0
 0.134021 0.677848 0.182769 0.00536245 0
 0.80878 0.0450904 0.141981 0.00414843 0
 0.846168 0.0940531 0.0597789 0 0
 0.905697 0.0802665 0.012482 0.00150086 5.37128e-05
 0.989698 0.0102097 9.19794e-05 0 0
 0.975433 0.0193895 0.00387452 0.00125025 5.28907e-05
 0.303575 0.632131 0.0575291 0.00676475 0
 0.966965 0.00978017 0.0227588 0.000495775 0
 0.843318 0.132988 0.00938335 0.0141283 0.000182051
 0.564624 0.303363 0.111486 0.0197234 0.00080311
 0.826376 0.0876187 0.0782897 0.00655872 0.00115652
 0.89761 0.0855135 0.0140674 0.00269457 0.000114338
 0.34875 0.467042 0.161289 0.0227151 0.000203297
 0.318654 0.224769 0.449479 0.00709798 0
 0.937255 0.0296025 0.0250945 0.00804832 0
 0.456809 0.399803 0.12412 0.0192676 0
 0.883104 0.0372192 0.0704036 0.00927362 0
ppred_RECLAS
 0.500701 0.0846924 0.395583 0.0190231 7.40009e-07
 0.442664 0.283746 0.0465197 0.216653 0.0104173
 0.670492 0.150336 0.0914541 0.0149184 0.0727992
 0.829747 0.116182 0.0247373 0.0149747 0.0143589
 0.695473 0.25533 0.0336388 0.00711926 0.00843914
 0.734455 0.185739 0.0669317 0.00880282 0.00407103
 0.505691 0.366778 0.0892996 0.0320657 0.0061664
 0.465183 0.278684 0.190348 0.0460681 0.0197167
 0.51935 0.225148 0.133208 0.0908855 0.0314083
 0.6768 0.171269 0.0713169 0.0420333 0.038581
 0.802414 0.135874 0.0327771 0.0135841 0.0153509
 0.643274 0.287476 0.0476488 0.0114737 0.0101277
 0.458294 0.359025 0.14745 0.0242448 0.0109863
 0.549352 0.223956 0.150902 0.0611816 0.0146081
 0.981267 0.0126315 0.00310964 0.00199315 0.000998271
 0.914245 0.0843607 0.000944715 0.000229472 0.000220583
 0.432635 0.5241 0.0425703 0.000470819 0.000224137
 0.854793 0.0657941 0.0734002 0.00591643 9.65438e-05
 0.865179 0.117667 0.00783195 0.00861703 0.000705371
 0.816256 0.162267 0.0187834 0.00123063 0.00146354
 0.738066 0.217008 0.0397124 0.00455996 0.000653755
 0.751447 0.186055 0.0518242 0.00943514 0.00123836
 0.339012 0.504642 0.117219 0.032447 0.00668033
 0.729181 0.0940875 0.135041 0.0312584 0.0104319
 0.753448 0.181832 0.0225425 0.03223 0.00994799
 0.403047 0.453728 0.105726 0.0130627 0.0244363
 0.753823 0.100862 0.110519 0.025687 0.00910938
 0.73405 0.202399 0.0260938 0.0284898 0.00896811
 0.559013 0.326547 0.087161 0.0112016 0.0160773
 0.588859 0.232358 0.132469 0.0352758 0.0110388
 0.478126 0.311022 0.119303 0.0678362 0.0237139
 0.556156 0.21774 0.135011 0.0515469 0.0395456
 0.864637 0.0765128 0.0289203 0.0178732 0.0120569
pobs_PELACES
 0 0 0 0 0
 0 0 0 0 0
 0 0 0 0 0
 0 0 0 0 0
 0 0 0 0 0
 0 0 0 0 0
 0 0 0 0 0
 0 0 0 0 0
 0 0 0 0 0
 0 0 0 0 0
 0 0 0 0 0
 0 0 0 0 0
 0 0 0 0 0
 0 0 0 0 0
 0 0 0 0 0
 0 0 0 0 0
 0.505614 0.472636 0.0217494 0 0
 0 0 0 0 0
 0.443492 0.261883 0.143347 0.151278 0
 0.227955 0.32914 0.350689 0.0885471 0.00366901
 0.970185 0.0296113 0.000203453 0 0
 0.997202 0.00247181 0.000326279 0 0
 0.445219 0.490057 0.0546422 0.010081 0
 0.90214 0.0892962 0.00764917 0.000914606 0
 0 0 0 0 0
 0.581667 0.319106 0.0959925 0.00289975 0.000334073
 0.762889 0.0836404 0.116647 0.0363945 0.000428098
 0.88444 0.0763242 0.0277011 0.0115352 0
 0.521256 0.241999 0.230069 0.00667565 0
 0.616807 0.101726 0.260614 0.0208532 0
 0.833518 0.0704572 0.0857862 0.0102388 0
 0.697417 0.212968 0.0787535 0.0105354 0.000325836
 0 0 0 0 0
ppred_PELACES
 0.505427 0.0840129 0.391724 0.0188357 7.32715e-07
 0.450849 0.280032 0.0457661 0.213106 0.0102467
 0.677499 0.147388 0.0893898 0.0145793 0.0711436
 0.835388 0.112477 0.0238547 0.0144373 0.0138434
 0.69766 0.253539 0.0333687 0.0070617 0.00837089
 0.738684 0.182899 0.0657686 0.00864885 0.0039998
 0.515703 0.359717 0.0872385 0.0313188 0.00602271
 0.46672 0.277963 0.189744 0.0459203 0.0196534
 0.525537 0.222536 0.131353 0.0896078 0.0309666
 0.683792 0.167813 0.0696635 0.0410518 0.0376799
 0.803915 0.134881 0.0325078 0.0134718 0.0152239
 0.654666 0.278565 0.0459456 0.0110606 0.00976289
 0.475524 0.348399 0.14213 0.0233613 0.0105858
 0.631595 0.186135 0.121405 0.0491344 0.0117305
 0.982798 0.0116322 0.00283963 0.00181924 0.000911145
 0.920291 0.0784226 0.000871242 0.000211533 0.000203333
 0.443992 0.513788 0.0415417 0.000459327 0.000218663
 0.865666 0.0611546 0.0676406 0.00544959 8.89237e-05
 0.876699 0.107755 0.00709981 0.00780712 0.000639055
 0.823937 0.155578 0.0179165 0.0011735 0.00139558
 0.744251 0.212 0.038673 0.00443984 0.000636527
 0.759023 0.180567 0.0500945 0.00911822 0.00119675
 0.343994 0.501099 0.116144 0.0321456 0.00661823
 0.734252 0.092474 0.132404 0.0306438 0.0102267
 0.757544 0.178916 0.0221331 0.0316409 0.0097661
 0.40689 0.450978 0.104921 0.0129622 0.0242481
 0.758223 0.0991927 0.108445 0.0252019 0.00893727
 0.738028 0.199469 0.0256646 0.0280182 0.0088196
 0.562675 0.323959 0.0863447 0.0110958 0.0159253
 0.592823 0.230277 0.131076 0.0349019 0.0109218
 0.485832 0.306805 0.117336 0.0667072 0.0233191
 0.561325 0.215428 0.133311 0.0508923 0.0390432
 0.868596 0.0743841 0.0280235 0.0173158 0.0116808
pobs_pel_tallas
 0 0 0 0 0 0 0 0 0 0 0 0 0 0 0 0 0 0 0 0 0 0 0 0 0 0
 0 0 0 0 0 0 0 0 0 0 0 0 0 0 0 0 0 0 0 0 0 0 0 0 0 0
 0 0 0 0 0 0 0 0 0 0 0 0 0 0 0 0 0 0 0 0 0 0 0 0 0 0
 0 0 0 0 0 0 0 0 0 0 0 0 0 0 0 0 0 0 0 0 0 0 0 0 0 0
 0 0 0 0 0 0 0 0 0 0 0 0 0 0 0 0 0 0 0 0 0 0 0 0 0 0
 0 0 0 0 0 0 0 0 0 0 0 0 0 0 0 0 0 0 0 0 0 0 0 0 0 0
 0 0 0 0 0 0 0 0 0 0 0 0 0 0 0 0 0 0 0 0 0 0 0 0 0 0
 0 0 0 0 0 0 0 0 0 0 0 0 0 0 0 0 0 0 0 0 0 0 0 0 0 0
 0 0 0 0 0 0 0 0 0 0 0 0 0 0 0 0 0 0 0 0 0 0 0 0 0 0
 0 0 0 0 0 0 0 0 0 0 0 0 0 0 0 0 0 0 0 0 0 0 0 0 0 0
 0 0 0 0 0 0 0 0 0 0 0 0 0 0 0 0 0 0 0 0 0 0 0 0 0 0
 0 0 0 0 0 0 0 0 0 0 0 0 0 0 0 0 0 0 0 0 0 0 0 0 0 0
 0.00862536 0 0 0.000197151 0.00414017 0.0128641 0.00837892 0.0270097 0.101434 0.158115 0.152841 0.127902 0.109271 0.109419 0.0830992 0.0579132 0.0238553 0.00714673 0.00463305 0.00128148 0.00103504 0.000492878 0.000147863 0.000147863 4.92878e-05 0
 0 0 0 0 0 0 0 0 0 0 0 0 0 0 0 0 0 0 0 0 0 0 0 0 0 0
 0 0 0 0 0 0 0 0.0054083 0.00873648 0.0413646 0.0450493 0.0745869 0.0622846 0.0627006 0.0613931 0.0827291 0.12552 0.122667 0.0946155 0.0697135 0.0546179 0.0294188 0.0215738 0.0213955 0.0102223 0.00600262
 0 0 0 0 0.00359764 0.0251062 0.0480494 0.140153 0.205849 0.193036 0.1447 0.116669 0.0760912 0.0342217 0.00950174 0.001854 0.000860785 0 0 0 0.000165536 0 0.000143464 0 0 0
 0 0 0 0 0 0 0 0.000145254 0.000435761 0.0275982 0.070085 0.0708112 0.156366 0.174668 0.174014 0.160142 0.0824315 0.0480064 0.0283245 0.00493863 0.00203355 0 0 0 0 0
 0 0 0 0 0 0 0 0 0 0 0 0 0 0 0 0 0 0 0 0 0 0 0 0 0 0
 0 0 1.00437e-05 0.000401748 0.00122533 0.00171747 0.00176769 0.0269171 0.070346 0.194647 0.189555 0.159765 0.064822 0.0314167 0.0384472 0.0292271 0.0345202 0.0313363 0.0194345 0.0106764 0.0143323 0.0359363 0.0279516 0.0138201 0.00172751 0
 0 0.0021121 0.0136068 0.0755702 0.200478 0.177729 0.0527432 0.0373336 0.0318909 0.0142505 0.0149659 0.0166563 0.0217959 0.0798694 0.0677717 0.0528807 0.04013 0.0224614 0.0357745 0.0225083 0.00881397 0.00855152 0.00135912 0.000746735 0 0
 0 0 0 0 5.4009e-05 0.00500934 0.000945158 0.0243581 0.138947 0.33067 0.221406 0.137944 0.0707744 0.0437923 0.0131692 0.00525238 0.0047753 0.00276346 9.45158e-05 9.00151e-06 2.25038e-05 9.00151e-06 4.50075e-06 0 0 0
 0.000866109 0.00284123 0.00948549 0.0512746 0.133035 0.25785 0.225252 0.132002 0.0553304 0.0519788 0.0540692 0.017754 0.00435017 0.00159236 0.00146478 0.000404838 0.000125132 0.000115318 0.000107957 0.000100596 0 0 0 0 0 0
 0 0 0 0 0.00144013 0.00171154 0.00461396 0.0210425 0.0478622 0.0707936 0.0888783 0.103762 0.0637923 0.0337046 0.0602308 0.124433 0.169614 0.0934646 0.0462172 0.0250306 0.0313229 0.00938855 0.002487 0.000210481 0 0
 0 0.00764035 0.051015 0.0998891 0.058973 0.0496711 0.0374665 0.0718981 0.12319 0.153886 0.159021 0.0857701 0.0377988 0.023471 0.0147837 0.00900784 0.00315554 0.000888139 0.00291439 0.00214683 0.00393193 0.00274676 0.000635225 9.99891e-05 0 0
 0 0 0 0 0 0 0 0 0 0 0 0 0 0 0 0 0 0 0 0 0 0 0 0 0 0
 0 0 0 0 0 0 0 0 0 0 0 0 0 0 0 0 0 0 0 0 0 0 0 0 0 0
 0 0 0 0 0 0 0 0 0 0 0 0 0 0 0 0 0 0 0 0 0 0 0 0 0 0
 0 0 0 0 0 0 0 0 0 0 0 0 0 0 0 0 0 0 0 0 0 0 0 0 0 0
 0 0 0 0 0 0 0 0 0 0 0 0 0 0 0 0 0 0 0 0 0 0 0 0 0 0
 0 0 0 0 0 0 0 0 0 0 0 0 0 0 0 0 0 0 0 0 0 0 0 0 0 0
 0 0 0 0 0 0 0 0 0 0 0 0 0 0 0 0 0 0 0 0 0 0 0 0 0 0
 0 0 0 0 0 0 0 0 0 0 0 0 0 0 0 0 0 0 0 0 0 0 0 0 0 0
 0 0 0 0 0 0 0 0 0 0 0 0 0 0 0 0 0 0 0 0 0 0 0 0 0 0
ppred_pel_tallas
 1.13215e-16 4.16314e-05 0.000404672 0.00268919 0.0122247 0.0380355 0.0810389 0.11828 0.118289 0.0810817 0.0381807 0.0126516 0.00378914 0.00289953 0.0050536 0.00900077 0.014615 0.02181 0.0303932 0.040065 0.0502262 0.0596767 0.0665935 0.0690729 0.0660307 0.0578556
 1.24498e-16 3.71359e-05 0.000360974 0.0023988 0.0109046 0.0339285 0.0722892 0.105514 0.105541 0.0724215 0.0343731 0.0121901 0.00563089 0.00743505 0.01353 0.0224733 0.0327903 0.0422084 0.0485397 0.0510345 0.050929 0.0505906 0.0518736 0.0549376 0.0582861 0.0597822
 1.16119e-16 5.58047e-05 0.000542442 0.00360472 0.0163865 0.0509846 0.108629 0.15855 0.158564 0.108699 0.0512203 0.0170688 0.00532362 0.00431582 0.00728489 0.0121227 0.0178603 0.0233312 0.0274062 0.0296384 0.0305285 0.0311086 0.03217 0.0337507 0.0352018 0.0356527
 1.04508e-16 6.88098e-05 0.000668856 0.00444478 0.0202053 0.0628664 0.133944 0.195497 0.195508 0.133997 0.0630446 0.0207205 0.00573883 0.00349723 0.00545091 0.00893125 0.0129298 0.0164169 0.0184024 0.0184571 0.016972 0.0148837 0.0130821 0.0119618 0.0113809 0.0109297
 1.03153e-16 5.74654e-05 0.000558584 0.00371199 0.0168742 0.052502 0.111862 0.163271 0.163295 0.111981 0.0529028 0.018032 0.00661808 0.00690218 0.012104 0.0199165 0.028679 0.036054 0.0396997 0.0385413 0.0334099 0.0264754 0.0199448 0.0150374 0.0118266 0.0097428
 1.0349e-16 6.08444e-05 0.000591429 0.00393026 0.0178664 0.0555891 0.118439 0.172869 0.172887 0.118526 0.0558796 0.0187064 0.00604174 0.00521085 0.00886331 0.014633 0.0212516 0.0270951 0.0305374 0.0308091 0.0284126 0.0246997 0.0209785 0.0178714 0.0153081 0.0129433
 1.0677e-16 4.24779e-05 0.0004129 0.00274387 0.0124732 0.0388091 0.0826881 0.120693 0.120728 0.0828579 0.0393792 0.0141209 0.00688286 0.00945889 0.0172537 0.0285389 0.041302 0.0523517 0.0584565 0.058126 0.0524662 0.0443455 0.0365777 0.0305602 0.0261693 0.0225622
 1.13478e-16 3.84431e-05 0.000373681 0.00248324 0.0112885 0.0351228 0.0748338 0.109228 0.109255 0.074966 0.0355675 0.0125763 0.00572797 0.00749737 0.0136867 0.0228786 0.0336879 0.0439097 0.0512916 0.0547711 0.0549881 0.0535728 0.051836 0.0499764 0.0473159 0.0431269
 1.18075e-16 4.32878e-05 0.000420773 0.00279619 0.0127111 0.039549 0.0842641 0.12299 0.123012 0.0843699 0.0399049 0.0137415 0.00539232 0.00612058 0.0109651 0.0183175 0.0270024 0.0352932 0.0414797 0.0448562 0.0461079 0.0466748 0.0476065 0.0488439 0.0494013 0.0481354
 1.12547e-16 5.63231e-05 0.00054748 0.0036382 0.0165387 0.0514582 0.109638 0.160023 0.160039 0.109717 0.0517255 0.0173119 0.00558377 0.00481057 0.00820042 0.0135961 0.0198905 0.0256898 0.0296344 0.0311664 0.0308636 0.0299846 0.0295817 0.0298845 0.0303342 0.0300857
 1.04901e-16 6.62174e-05 0.000643657 0.00427733 0.0194441 0.060498 0.128898 0.188133 0.188146 0.128961 0.0607118 0.0200622 0.0058301 0.00403808 0.00652699 0.0107238 0.0155339 0.0197363 0.0221409 0.0222217 0.0204291 0.0178637 0.0155768 0.0140442 0.0131232 0.0123701
 1.04159e-16 5.3924e-05 0.000524161 0.00348323 0.0158343 0.0492665 0.104968 0.15321 0.153237 0.1051 0.0497072 0.0171075 0.00667983 0.00750445 0.013317 0.0219471 0.0316506 0.0398884 0.0441088 0.0431399 0.03788 0.0306675 0.0238577 0.0187159 0.0152699 0.0128809
 1.08325e-16 3.91684e-05 0.000380731 0.00253009 0.0115014 0.0357854 0.0762459 0.11129 0.111324 0.0764108 0.0363395 0.0131036 0.006559 0.00919978 0.0168583 0.0279915 0.0407471 0.0521359 0.0591075 0.060219 0.0564064 0.0501661 0.0438608 0.0385304 0.0339257 0.0293417
 1.10464e-16 5.20237e-05 0.000505689 0.00336048 0.0152763 0.0475302 0.101269 0.147809 0.147827 0.101357 0.047828 0.0161385 0.00553289 0.0052752 0.0091904 0.0153229 0.0225684 0.0294419 0.0344571 0.0369376 0.0373519 0.0368186 0.0362059 0.035583 0.0343812 0.0319805
 1.00422e-16 8.09518e-05 0.00078688 0.00522909 0.0237707 0.0739595 0.157579 0.229991 0.229992 0.157584 0.0739779 0.023824 0.00536306 0.00107977 0.000638551 0.000931154 0.00134228 0.00170699 0.00191871 0.00193233 0.00178668 0.00157578 0.00138842 0.00126302 0.00118482 0.00111432
 1.00101e-16 7.58032e-05 0.000736834 0.00489652 0.0222589 0.0692557 0.147557 0.215365 0.215373 0.147594 0.0693793 0.0226158 0.00579173 0.00268837 0.00377416 0.00609855 0.0087287 0.0108731 0.0117822 0.0111132 0.00913628 0.00656549 0.00415105 0.00234353 0.00122085 0.000625722
 1.01414e-16 3.65712e-05 0.000355485 0.00236232 0.0107388 0.0334127 0.0711911 0.103916 0.103965 0.0714328 0.034224 0.0130815 0.00823993 0.0131772 0.0243601 0.0401422 0.0576513 0.0721314 0.0787497 0.0752591 0.0633407 0.0474911 0.0323911 0.0207916 0.0131231 0.00843503
 1.0253e-16 7.13038e-05 0.000693098 0.00460588 0.0209377 0.0651449 0.138798 0.202581 0.202587 0.138828 0.0652435 0.0212237 0.00532832 0.00228478 0.00313688 0.00518409 0.0077188 0.0102419 0.0122761 0.0135701 0.0141855 0.0143427 0.0141711 0.0136018 0.0124799 0.010763
 1.01124e-16 7.22126e-05 0.000701932 0.00466459 0.0212045 0.0659752 0.140568 0.205165 0.205175 0.140618 0.0661454 0.0216959 0.00589745 0.00339162 0.00517565 0.00842992 0.012109 0.0151718 0.0166138 0.015981 0.0136439 0.0105554 0.00768801 0.00558375 0.00427518 0.00349798
 1.00911e-16 6.78666e-05 0.000659688 0.00438386 0.0199284 0.0620047 0.132108 0.192819 0.192834 0.132181 0.0622505 0.0206384 0.0061657 0.00454814 0.00744877 0.0121963 0.0175372 0.0219983 0.0241248 0.0232417 0.0198504 0.0152883 0.0109347 0.00758171 0.00532918 0.00387939
 1.01724e-16 6.1303e-05 0.000595887 0.00395988 0.018001 0.056008 0.119332 0.174173 0.174193 0.119432 0.0563435 0.0189702 0.0063932 0.00590968 0.0101584 0.0167102 0.0240958 0.0303607 0.0335486 0.0327439 0.028598 0.0228593 0.0173061 0.0129226 0.00979409 0.00753039
 1.02609e-16 6.25198e-05 0.000607715 0.00403848 0.0183583 0.0571197 0.1217 0.177629 0.177646 0.121786 0.0574061 0.0191859 0.00611766 0.00515278 0.00871256 0.0143519 0.0207782 0.0263574 0.0294588 0.0293164 0.0264552 0.0222796 0.0181774 0.014855 0.0122956 0.0101521
 1.07824e-16 2.83344e-05 0.000275421 0.00183027 0.00832017 0.0258874 0.0551576 0.0805143 0.0805627 0.055394 0.0266814 0.0106145 0.00759295 0.0128678 0.0239799 0.0396942 0.0574026 0.0726574 0.0809265 0.0801053 0.0717238 0.0598008 0.0483211 0.0393313 0.0327716 0.0275585
 1.08649e-16 6.04794e-05 0.000587881 0.00390668 0.0177592 0.0552555 0.117728 0.171829 0.171838 0.117773 0.0554058 0.0181959 0.00501246 0.00303354 0.00479862 0.00808221 0.0122111 0.0165629 0.0205219 0.0237805 0.0264231 0.0286513 0.0304045 0.0312479 0.0306337 0.0282967
 1.05511e-16 6.23979e-05 0.00060653 0.00403061 0.0183226 0.0570084 0.121463 0.177282 0.1773 0.121547 0.0572914 0.0191402 0.00608355 0.00508984 0.0085827 0.014107 0.0203607 0.0257136 0.0285659 0.0282241 0.0253313 0.0214349 0.0180332 0.015836 0.0146732 0.0139094
 1.08547e-16 3.35151e-05 0.000325779 0.00216492 0.00984143 0.0306206 0.065242 0.0952317 0.0952752 0.0654547 0.0313351 0.0119061 0.00735086 0.0116576 0.0215866 0.035718 0.0516473 0.0653644 0.0727915 0.0720424 0.0645123 0.0538489 0.0436756 0.0358639 0.0303609 0.0261485
 1.07195e-16 6.24538e-05 0.000607074 0.00403422 0.018339 0.0570594 0.121571 0.177439 0.177449 0.121619 0.0572195 0.0188034 0.00520755 0.00319362 0.00504878 0.00844189 0.0126101 0.0168147 0.0203286 0.0227984 0.024376 0.0254424 0.0261737 0.0263484 0.0255383 0.0234739
 1.05095e-16 6.07905e-05 0.000590905 0.00392677 0.0178505 0.0555398 0.118334 0.172716 0.172735 0.118428 0.0558553 0.018762 0.00621511 0.00558784 0.00955569 0.0157155 0.022671 0.0286018 0.0317091 0.0311999 0.0277719 0.0231408 0.0189893 0.0161494 0.0144966 0.0133964
 1.06383e-16 4.63469e-05 0.000450508 0.00299379 0.0136093 0.0423439 0.0902193 0.131684 0.131716 0.0903722 0.0428575 0.0150938 0.00672309 0.00860214 0.0155587 0.0257295 0.03725 0.0472423 0.0527926 0.0525472 0.0474819 0.0401588 0.0331042 0.0275928 0.0235541 0.0202761
 1.0919e-16 4.88301e-05 0.000474646 0.00315419 0.0143385 0.0446125 0.0950525 0.138737 0.138759 0.0951618 0.0449801 0.0154023 0.00583238 0.00634778 0.0112814 0.0187789 0.0275306 0.0356392 0.0411844 0.0432654 0.042455 0.0402253 0.0378426 0.0356581 0.033237 0.030001
 1.14101e-16 4.00174e-05 0.000388984 0.00258493 0.0117508 0.0365611 0.0778984 0.113701 0.113731 0.0780437 0.0370492 0.0131623 0.00613512 0.00816266 0.014874 0.0247141 0.0360467 0.0462964 0.0528748 0.05464 0.052545 0.0488567 0.0455886 0.043405 0.0416686 0.0392807
 1.15614e-16 4.62356e-05 0.000449427 0.0029866 0.0135767 0.0422421 0.0900021 0.131365 0.131386 0.0901046 0.0425866 0.014574 0.00549917 0.00596483 0.0106114 0.0177094 0.0260768 0.0340123 0.0398174 0.0427541 0.0434351 0.0432378 0.0432287 0.0434844 0.0432463 0.0416027
 1.04542e-16 7.15451e-05 0.000695444 0.00462147 0.0210085 0.0653654 0.139268 0.203267 0.203275 0.139303 0.0654837 0.0213508 0.00548248 0.00258107 0.00367074 0.00600374 0.00875871 0.011269 0.0129148 0.0134353 0.0130794 0.0124099 0.0119147 0.0117325 0.0116622 0.0113751
pSPR Fmed_Fpbrs
1   0.983236 0.6 0.325 0.983236 0.983236 0.983236
Fs Fmed_Fpbrs
0   0.01 0.341991 0.873305 0.01 0.01 0.01
SSBpbr Bo_Bmed_Bpbrs
1.51609e+06  1.44028e+06  1.41487e+06 833848 416924 1.41487e+06 1.41487e+06 1.41487e+06
Ro
203757
SPR SPRFo_SPRFmed_SPRFpbrs
1.46794e+06 1.46794e+06 1.44333e+06
Fref
0
Nvult_r0
 233959 22752.8 8678.87 5366.36 3620.12
CTP_r0
 25239.6 4107.1 1624.17 1006.21 678.855
YTP_r0
356513
Np
 347108 127694 46976 17281.5 8696.31
Nvult_p0
 219414 80718 29694.5 10924 5497.12
CTP_p0
 0 0 0 0 0
 0 0 0 0 0
 0 0 0 0 0
 0 0 0 0 0
 0 0 0 0 0
 0 0 0 0 0
YTP_p0
 0 0 0 0 0 0
CBA_c0
0
log_Ro
12.0447
likeval ReclasPelacesDesembMPH_pf_preclas_ppelaces_ptallas_desvR_qrecl_qpela
 47.6593 15.1259 0.301759 143.35 249.47 149.396 122.267 0 29.4482 2.1086e-06 1.96708e-07 0.881801 2068.18 0 0
q_reclas_q_pelaces
0.814356 0.939204
M
1
N
 216616 37621.8 176191 8474.03 0.329647
 111138 74720.8 12309.1 57341.3 2757.18
 155085 36401 22245.6 3629.73 17712.6
 343496 51038.3 10931.9 6619.76 6347.63
 293319 109361 14430.2 3054.24 3620.5
 397996 103929 37571.4 4942.25 2285.66
 175991 135426 33168.3 11914 2291.16
 92743.8 56059.4 38324.3 9275.69 3969.92
 74314.6 33385.3 19823 13527.5 4674.9
 94562.1 25067.5 10486.9 6182.43 5674.73
 180932 31067.4 7504.93 3110.56 3515.15
 133663 64340.8 10744.1 2588.21 2284.64
 47328.3 41035.2 17025.2 2800.97 1269.28
 20405.4 13601.2 9627.24 3913.89 934.636
 155138 2268.01 565.507 362.721 181.676
 402213 41869.7 474.578 115.352 110.888
 84968.8 110326 9023.8 99.8397 47.5304
 301205 26401.2 29839.3 2406.93 39.2776
 509352 80756.4 5458.42 6010.67 492.042
 600199 128992 15048.7 986.371 1173.08
 592011 182626 33581.7 3857.04 552.985
 736587 193763 54299.6 9889.12 1297.97
 152018 233828 54492.5 15086.6 3106.14
 385751 51635.2 74383.7 17221.3 5747.37
 520452 129778 16142 23083.1 7124.82
 153397 176809 41296.9 5103 9546.2
 384866 53281.7 58583.1 13618.6 4829.59
 458486 130304 16850.2 18400.6 5792.24
 262398 156681 41913.1 5387.17 7732.05
 226453 91507.7 52293.5 13927.4 4358.32
 115551 78618.8 30292.8 17229 6022.92
 94438.6 38106.7 23699.9 9050.06 6943.07
 347108 32280.3 12262.2 7580.31 5113.58
pred_Ctot
 8581.02 2656.38 12974.5 625.432 0.0243328
 7778.78 9165.09 1571.99 7338.99 352.925
 10428.7 4296.25 2734.11 447.087 2181.98
 29565.3 7628.94 1699.84 1031.52 989.224
 6855.19 4596.57 633.121 134.314 159.236
 19002.4 8804.6 3318.14 437.455 202.335
 15098.4 20179.9 5141.52 1850.74 355.953
 1262.05 1379.3 984.821 238.916 102.267
 3930.55 3124.17 1933.25 1322.21 456.99
 6451.45 3000.05 1306.88 772.136 708.81
 3825.86 1182.89 298.318 123.931 140.067
 14188.9 11726.6 2034.79 491.182 433.618
 6679.47 9744.79 4193.03 691.184 313.246
 9881.44 8936.63 6438.86 2620.13 625.718
 26788 646.907 166.991 107.309 53.7528
 66237.3 11443.7 134.346 32.716 31.4528
 8461.64 18934.2 1609.83 17.8483 8.49793
 52979.4 7656.32 8957.06 723.839 11.8131
 103410 26599.3 1858.17 2049.78 167.813
 66618.6 24513.6 2970.92 195.128 232.089
 41680 22527.1 4312.87 496.432 71.1818
 64602.3 29485 8594.75 1568.6 205.906
 7418.06 20234 4915.42 1363.91 280.844
 20998.1 4968.73 7459 1730.74 577.677
 25344.7 11207.9 1453.17 2082.69 642.917
 5438.09 11197.9 2728.38 337.909 632.204
 19514.3 4785.77 5484.51 1277.8 453.205
 20720.3 10463.8 1410.77 1544.04 486.099
 8669.09 9260.02 2584.38 332.935 477.909
 8094.34 5842.44 3482.83 929.697 290.967
 7632.24 9120.31 3659.72 2086 729.311
 4255.38 3051.28 1978.58 757.241 581.013
 25239.6 4107.1 1624.17 1006.21 678.855
F
 0.064367 0.117247 0.122546 0.122838 0.122853
 0.116174 0.211615 0.221179 0.221706 0.221734
 0.111397 0.202913 0.212083 0.212589 0.212615
 0.144524 0.263256 0.275153 0.275809 0.275843
 0.0375555 0.0684087 0.0715002 0.0716707 0.0716797
 0.078017 0.142111 0.148533 0.148887 0.148906
 0.144022 0.262342 0.274198 0.274852 0.274886
 0.0217234 0.03957 0.0413583 0.0414569 0.0414621
 0.0867353 0.157992 0.165132 0.165525 0.165546
 0.113098 0.206011 0.215322 0.215835 0.215862
 0.0339276 0.0618005 0.0645934 0.0647474 0.0647555
 0.180891 0.3295 0.344391 0.345212 0.345256
 0.246952 0.449833 0.470162 0.471283 0.471342
 1.19689 2.18019 2.27872 2.28415 2.28444
 0.309756 0.564232 0.589732 0.591138 0.591212
 0.293541 0.534696 0.55886 0.560193 0.560263
 0.168875 0.307612 0.321514 0.32228 0.322321
 0.316353 0.576249 0.602292 0.603728 0.603804
 0.373391 0.680145 0.710883 0.712578 0.712667
 0.189821 0.345766 0.361393 0.362254 0.3623
 0.116892 0.212923 0.222546 0.223076 0.223104
 0.147441 0.26857 0.280707 0.281376 0.281412
 0.0797945 0.145349 0.151917 0.15228 0.152299
 0.0893634 0.162779 0.170135 0.170541 0.170562
 0.0796256 0.145041 0.151596 0.151957 0.151976
 0.057438 0.104626 0.109354 0.109615 0.109628
 0.0830229 0.151229 0.158064 0.158441 0.158461
 0.0737154 0.134275 0.140344 0.140678 0.140696
 0.0534399 0.0973428 0.101742 0.101985 0.101997
 0.0579245 0.105512 0.11028 0.110543 0.110557
 0.109325 0.199139 0.208139 0.208635 0.208662
 0.0734917 0.133868 0.139918 0.140251 0.140269
 0.120926 0.220271 0.230226 0.230775 0.230804
YTP_r0W_actual
 190306 71668.9 39093.8 31514.5 23929.6
YTP_p0W_proyectada
 0 0 0 0 0
 0 0 0 0 0
 0 0 0 0 0
 0 0 0 0 0
 0 0 0 0 0
 0 0 0 0 0
CTP_r0_actual
 25239.6 4107.1 1624.17 1006.21 678.855
CTP_p0_proyectada
 0 0 0 0 0
 0 0 0 0 0
 0 0 0 0 0
 0 0 0 0 0
 0 0 0 0 0
 0 0 0 0 0
Wmedp
 7.54 17.45 24.07 31.32 35.25
Frms_r0
 0.120926 0.220271 0.230226 0.230775 0.230804
Zrms_r0
 1.12093 1.22027 1.23023 1.23077 1.2308
nmprior
 7.29 8.9 8.7 0
nm_flota  nm_reclas  nm_pelaces    nm_pelaL
inf 9.35026 11.9558 32.2559
cv_recla  cv_pelaces  cv_mph
0.597867 0.426041 0.479984
 ------------------------------------------------
Talla a la edad & desviaci?n 
 8 13.2811 15.8009 17.003 17.5766
 0.8 1.32811 1.58009 1.7003 1.75766
