years
 1991 1992 1993 1994 1995 1996 1997 1998 1999 2000 2001 2002 2003 2004 2005 2006 2007 2008 2009 2010 2011 2012 2013 2014 2015 2016 2017 2018 2019 2020 2021 2022 2023
reclasobs
 0 0 0 0 0 0 0 0 0 252601 567819 844713 477998 351125 339783 2.1784e+06 2.13404e+06 4.81314e+06 1.55562e+06 2.62356e+06 3.21686e+06 3.843e+06 1.13348e+06 3.07943e+06 1.97215e+06 2.03268e+06 2.025e+06 2.42433e+06 2.27542e+06 1.05018e+06 2.36338e+06 3.18982e+06 1.53035e+06
reclaspred
 6.29589e+06 3.03049e+06 1.28987e+06 873407 168067 1.10913e+07 1.22939e+07 8.19971e+06 3.71961e+06 232442 294826 1.49531e+06 2.17722e+06 204891 636330 2.34115e+06 1.47906e+06 1.63109e+06 1.8768e+06 2.32975e+06 3.71976e+06 3.97632e+06 2.36337e+06 2.30124e+06 2.62635e+06 2.13053e+06 2.13688e+06 2.76679e+06 2.08854e+06 2.8607e+06 1.66085e+06 1.02774e+06 757667
pelacesobs
 0 0 0 0 0 0 0 0 0 0 0 0 0 0 0 552880 188675 0 991730 2.46772e+06 1.41603e+06 1.21717e+06 2.29649e+06 1.80582e+06 0 1.4828e+06 1.56532e+06 1.57751e+06 1.42118e+06 867257 1.10002e+06 1.06204e+06 0
pelacespred
 5.24957e+06 1.94713e+06 745517 341421 49307.5 6.88052e+06 9.1684e+06 7.89818e+06 3.6039e+06 94977.8 145292 705950 1.26938e+06 46895.3 298790 1.05996e+06 692640 685535 778221 953853 1.8142e+06 1.98329e+06 1.28789e+06 1.29639e+06 1.37962e+06 1.18764e+06 1.37662e+06 1.62726e+06 1.19171e+06 1.87971e+06 897679 549256 296942
mphobs
 0 0 0 0 0 0 0 0 0 0 0 0 498337 0 5186 125008 0 168611 109162 213762 579715 649985 157893 87575 83554 210694 70296 0 107559 103333 445601 22526 28222
mphpred
 2.10723e+06 641542 525589 114648 110117 9937.62 4.01782e+06 2.28388e+06 1.23882e+06 241450 5332.86 75938.7 395688 235080 6094 106024 562838 130574 178128 257560 566653 551891 201499 66274.9 108231 165882 70388.3 108401 191176 82769.9 153267 49525.8 26579
desembarqueobs
 494567 514787 250237 358949 120608 361735 552515 73892 212993 205616 52469 317467 293654 387597 252695 516296 358380 742168 942051 627588 828172 859565 418607 520667 417249 300574 415391 372974 316634 284311 391294 218835 356480
desembarquepred
 494448 514671 249598 358337 120478 361622 552142 73879.4 212783 205115 52434.8 317042 293243 386266 252240 515488 357742 740449 939299 626202 827183 858029 417699 519845 416582 300223 414757 372460 315786 283833 390899 218531 355948
Reclutas
 2037.46 202145 2917.4 105163 1594.93 792422 1774.86 569.503 1009.65 1884.76 29773.3 165094 114845 14569.7 56579.7 267474 9415.7 207992 282538 250181 196551 419958 7932.66 110036 204230 13710.3 113829 130882 25469.8 149643 27200.3 34768.1 66894.3
log_desv_Rt
 -2.88757 1.70971 -2.52859 1.05623 -3.13245 3.07581 -3.02556 -4.16227 -3.58968 -2.96548 -0.205669 1.50724 1.14431 -0.920336 0.436371 1.98974 -1.3569 1.73822 2.04454 1.92291 1.68164 2.44088 -1.52829 1.10153 1.71997 -0.981132 1.13542 1.27502 -0.361784 1.40898 -0.29605 -0.0505789 0.603835
SSB
 1.03096e+06 313873 257143 56091.2 53874.4 4861.95 1.96571e+06 1.11738e+06 606089 118129 2609.08 37152.8 183310 108471 2795.34 49517.1 275367 63883.1 93648.4 119349 273448 284981 417755 133095 190672 319065 124863 180038 336071 133038 306396 105600 50668.5
BT
 1.32572e+06 1.02485e+06 364822 420405 103222 3.49256e+06 2.41675e+06 1.33068e+06 768491 250303 107858 565246 693116 368610 383766 874229 437370 963672 1.21189e+06 855154 1.35771e+06 1.46015e+06 617251 986851 832975 510197 962838 935034 531392 966004 574469 360482 425763
Ftot
 0.548592 1.09159 1.10562 2.25345 2.81769 0.212717 0.279134 0.0669589 0.424361 3.47764 1.10042 1.2736 0.818572 4.85554 2.22327 1.32301 1.31418 2.44764 2.59647 1.55652 1.29239 1.2772 1.0162 1.37405 0.965389 0.83485 1.19549 0.832034 0.893344 0.637781 1.31712 1.2712 2.44638
BD_Bspro_t
 0.915967 0.486316 0.34623 0.11307 0.0946792 0.0129741 0.784818 0.635111 0.571876 0.233171 0.0133466 0.240368 0.372249 0.179004 0.00723058 0.11463 0.292754 0.0880787 0.10315 0.10887 0.173047 0.178979 0.252615 0.112145 0.179117 0.303546 0.178243 0.268028 0.382391 0.218605 0.389679 0.173808 0.132216
BD_Bspro
 3.9129 1.19128 0.975962 0.212889 0.204476 0.0184531 7.46066 4.24092 2.30036 0.448347 0.00990255 0.14101 0.695738 0.411692 0.0106094 0.187938 1.04513 0.242463 0.355434 0.452978 1.03785 1.08162 1.58555 0.50515 0.72368 1.21098 0.473908 0.683317 1.27553 0.504935 1.1629 0.400793 0.192308
BD_Bo
 3.46939 1.05625 0.865341 0.188759 0.181299 0.0163615 6.61502 3.76023 2.03962 0.397529 0.00878013 0.125027 0.616879 0.365028 0.00940691 0.166636 0.92667 0.214981 0.315147 0.401634 0.920211 0.959023 1.40583 0.447893 0.641653 1.07372 0.420192 0.605866 1.13095 0.447702 1.03109 0.355365 0.17051
BD_Brms
 3.71999 1.13255 0.927847 0.202394 0.194395 0.0175434 7.09285 4.03184 2.18695 0.426244 0.00941435 0.134058 0.661438 0.391395 0.0100864 0.178672 0.993606 0.230509 0.337911 0.430646 0.986681 1.0283 1.50738 0.480246 0.688002 1.15128 0.450544 0.649629 1.21264 0.480041 1.10557 0.381034 0.182827
Sel_flota
 0.555191 1 1 1 1
 0.555191 1 1 1 1
 0.555191 1 1 1 1
 0.555191 1 1 1 1
 0.555191 1 1 1 1
 0.555191 1 1 1 1
 0.555191 1 1 1 1
 0.555191 1 1 1 1
 0.555191 1 1 1 1
 0.555191 1 1 1 1
 0.555191 1 1 1 1
 0.555191 1 1 1 1
 0.555191 1 1 1 1
 0.555191 1 1 1 1
 0.555191 1 1 1 1
 0.555191 1 1 1 1
 0.555191 1 1 1 1
 0.555191 1 1 1 1
 0.555191 1 1 1 1
 0.555191 1 1 1 1
 0.555191 1 1 1 1
 0.555191 1 1 1 1
 0.555191 1 1 1 1
 0.555191 1 1 1 1
 0.555191 1 1 1 1
 0.555191 1 1 1 1
 0.555191 1 1 1 1
 0.555191 1 1 1 1
 0.555191 1 1 1 1
 0.555191 1 1 1 1
 0.555191 1 1 1 1
 0.555191 1 1 1 1
 0.555191 1 1 1 1
Sel_reclas
 0.468015 0.815752 0.957048 0.991161 0.998231
 0.468015 0.815752 0.957048 0.991161 0.998231
 0.468015 0.815752 0.957048 0.991161 0.998231
 0.468015 0.815752 0.957048 0.991161 0.998231
 0.468015 0.815752 0.957048 0.991161 0.998231
 0.468015 0.815752 0.957048 0.991161 0.998231
 0.468015 0.815752 0.957048 0.991161 0.998231
 0.468015 0.815752 0.957048 0.991161 0.998231
 0.468015 0.815752 0.957048 0.991161 0.998231
 0.468015 0.815752 0.957048 0.991161 0.998231
 0.468015 0.815752 0.957048 0.991161 0.998231
 0.468015 0.815752 0.957048 0.991161 0.998231
 0.468015 0.815752 0.957048 0.991161 0.998231
 0.468015 0.815752 0.957048 0.991161 0.998231
 0.468015 0.815752 0.957048 0.991161 0.998231
 0.468015 0.815752 0.957048 0.991161 0.998231
 0.468015 0.815752 0.957048 0.991161 0.998231
 0.468015 0.815752 0.957048 0.991161 0.998231
 0.468015 0.815752 0.957048 0.991161 0.998231
 0.468015 0.815752 0.957048 0.991161 0.998231
 0.468015 0.815752 0.957048 0.991161 0.998231
 0.468015 0.815752 0.957048 0.991161 0.998231
 0.468015 0.815752 0.957048 0.991161 0.998231
 0.468015 0.815752 0.957048 0.991161 0.998231
 0.468015 0.815752 0.957048 0.991161 0.998231
 0.468015 0.815752 0.957048 0.991161 0.998231
 0.468015 0.815752 0.957048 0.991161 0.998231
 0.468015 0.815752 0.957048 0.991161 0.998231
 0.468015 0.815752 0.957048 0.991161 0.998231
 0.468015 0.815752 0.957048 0.991161 0.998231
 0.468015 0.815752 0.957048 0.991161 0.998231
 0.468015 0.815752 0.957048 0.991161 0.998231
 0.468015 0.815752 0.957048 0.991161 0.998231
Sel_pelaces
 0.317232 0.700446 0.921678 0.983395 0.996656
 0.317232 0.700446 0.921678 0.983395 0.996656
 0.317232 0.700446 0.921678 0.983395 0.996656
 0.317232 0.700446 0.921678 0.983395 0.996656
 0.317232 0.700446 0.921678 0.983395 0.996656
 0.317232 0.700446 0.921678 0.983395 0.996656
 0.317232 0.700446 0.921678 0.983395 0.996656
 0.317232 0.700446 0.921678 0.983395 0.996656
 0.317232 0.700446 0.921678 0.983395 0.996656
 0.317232 0.700446 0.921678 0.983395 0.996656
 0.317232 0.700446 0.921678 0.983395 0.996656
 0.317232 0.700446 0.921678 0.983395 0.996656
 0.317232 0.700446 0.921678 0.983395 0.996656
 0.317232 0.700446 0.921678 0.983395 0.996656
 0.317232 0.700446 0.921678 0.983395 0.996656
 0.317232 0.700446 0.921678 0.983395 0.996656
 0.317232 0.700446 0.921678 0.983395 0.996656
 0.317232 0.700446 0.921678 0.983395 0.996656
 0.317232 0.700446 0.921678 0.983395 0.996656
 0.317232 0.700446 0.921678 0.983395 0.996656
 0.317232 0.700446 0.921678 0.983395 0.996656
 0.317232 0.700446 0.921678 0.983395 0.996656
 0.317232 0.700446 0.921678 0.983395 0.996656
 0.317232 0.700446 0.921678 0.983395 0.996656
 0.317232 0.700446 0.921678 0.983395 0.996656
 0.317232 0.700446 0.921678 0.983395 0.996656
 0.317232 0.700446 0.921678 0.983395 0.996656
 0.317232 0.700446 0.921678 0.983395 0.996656
 0.317232 0.700446 0.921678 0.983395 0.996656
 0.317232 0.700446 0.921678 0.983395 0.996656
 0.317232 0.700446 0.921678 0.983395 0.996656
 0.317232 0.700446 0.921678 0.983395 0.996656
 0.317232 0.700446 0.921678 0.983395 0.996656
pf_obs 
 0.8446 0.082 0.0669 0.0065 0
 0.8095 0.147 0.0364 0.0071 0
 0.9664 0.0169 0.016 0.0007 0
 0.9276 0.0648 0.0075 0.0001 0
 0.7033 0.2144 0.0806 0.0017 0
 0.9318 0.0425 0.0243 0.0014 0
 0.5671 0.3108 0.0964 0.0239 0.0018
 0.0768 0.2599 0.5324 0.112 0.0189
 0.490249 0.384438 0.106611 0.0170017 0.00170017
 0.7925 0.1577 0.0466 0.003 0.0002
 0.840416 0.127587 0.0312969 0.00059994 9.999e-05
 0.8084 0.0986 0.0794 0.0134 0.0002
 0.7335 0.1905 0.0724 0.0035 0.0001
 0.4001 0.4547 0.1325 0.0127 0
 0.49795 0.308269 0.164784 0.0264974 0.00249975
 0.9179 0.0499 0.0305 0.0017 0
 0.2467 0.6533 0.0926 0.0074 0
 0.9418 0.0223 0.034 0.0019 0
 0.707729 0.231977 0.0356964 0.0245975 0
 0.517169 0.277429 0.184464 0.0207286 0.00020938
 0.811772 0.124168 0.05621 0.00726502 0.000585176
 0.764997 0.148141 0.077277 0.00933861 0.000247198
 0.163321 0.427699 0.378323 0.0303852 0.000271297
 0.753843 0.0900009 0.118128 0.0371064 0.000921714
 0.721811 0.176058 0.0630433 0.0369309 0.00215725
 0.143369 0.312575 0.442814 0.0836902 0.0175525
 0.692698 0.0596174 0.167031 0.0765114 0.00414204
 0.394062 0.376323 0.152708 0.0712218 0.00568511
 0.125707 0.32114 0.495352 0.0537591 0.00404204
 0.23352 0.215282 0.420074 0.123614 0.00750983
 0.796117 0.104755 0.0508955 0.0450114 0.00322123
 0.162477 0.292055 0.404252 0.121198 0.0200186
 0 0 0 0 0
pf_pred 
 0.019038 0.250927 0.537156 0.192878 1.19824e-06
 0.903957 0.00374868 0.0236087 0.0505388 0.0181472
 0.043559 0.916913 0.00154282 0.00971643 0.0282685
 0.931959 0.00689381 0.0586205 9.86359e-05 0.00242847
 0.099233 0.883096 0.00179038 0.0152242 0.000656311
 0.999189 0.000268325 0.000531899 1.07837e-06 9.56503e-06
 0.00398051 0.995595 0.00014031 0.000278136 5.56555e-06
 0.00438523 0.00766065 0.987534 0.000139174 0.000281404
 0.0233877 0.00782114 0.00745426 0.960928 0.000409247
 0.194005 0.0371923 0.00615691 0.00586809 0.756777
 0.991284 0.00507212 0.000168145 2.78352e-05 0.00344789
 0.949161 0.0506588 0.000104881 3.47689e-06 7.18708e-05
 0.704729 0.289337 0.00591346 1.22428e-05 8.79541e-06
 0.282854 0.60524 0.109657 0.00224116 7.97336e-06
 0.989371 0.00849265 0.00180325 0.000326711 6.70106e-06
 0.967622 0.0322816 7.67736e-05 1.63014e-05 3.01405e-06
 0.117836 0.871178 0.0109534 2.60497e-05 6.55384e-06
 0.961064 0.0101676 0.0284106 0.000357208 1.06326e-06
 0.916105 0.0830359 0.000224428 0.000627102 7.90805e-06
 0.874098 0.123174 0.00270051 7.29888e-06 2.06519e-05
 0.765445 0.223328 0.0109833 0.000240803 2.49236e-06
 0.877986 0.10927 0.0121345 0.000596777 1.32194e-05
 0.0607482 0.891846 0.0424543 0.00471458 0.000237
 0.859143 0.0189763 0.11573 0.00550903 0.000642537
 0.868635 0.123839 0.00101389 0.00618333 0.000328673
 0.157281 0.792164 0.0476582 0.000390184 0.00250607
 0.877301 0.0365951 0.0809386 0.00486943 0.000295922
 0.785473 0.20336 0.00333062 0.00736643 0.000470112
 0.324853 0.60279 0.0685903 0.00112337 0.00264316
 0.895292 0.0552084 0.0441949 0.00502885 0.000276151
 0.311731 0.652725 0.0187413 0.0150026 0.00180086
 0.726456 0.149177 0.117943 0.00338643 0.00303628
 0.875377 0.108907 0.00857053 0.00677607 0.000368997
pobs_RECLAS
 0 0 0 0 0
 0 0 0 0 0
 0 0 0 0 0
 0 0 0 0 0
 0 0 0 0 0
 0 0 0 0 0
 0 0 0 0 0
 0 0 0 0 0
 0 0 0 0 0
 0 0 0 0 0
 0.991045 0.00858322 0.000360255 1.14367e-05 0
 0.934742 0.0480273 0.0164251 0.00080598 0
 0.827803 0.169806 0.00239088 0 0
 0.941827 0.0461693 0.0120037 0 0
 0.791401 0.0380133 0.147996 0.0225897 0
 0.846168 0.0940531 0.0597789 0 0
 0.134021 0.677848 0.182769 0.00536245 0
 0.80878 0.0450904 0.141981 0.00414843 0
 0.846168 0.0940531 0.0597789 0 0
 0.905697 0.0802665 0.012482 0.00150086 5.37128e-05
 0.989698 0.0102097 9.19794e-05 0 0
 0.975433 0.0193895 0.00387452 0.00125025 5.28907e-05
 0.303575 0.632131 0.0575291 0.00676475 0
 0.966965 0.00978017 0.0227588 0.000495775 0
 0.843318 0.132988 0.00938335 0.0141283 0.000182051
 0.564624 0.303363 0.111486 0.0197234 0.00080311
 0.826376 0.0876187 0.0782897 0.00655872 0.00115652
 0.89761 0.0855135 0.0140674 0.00269457 0.000114338
 0.34875 0.467042 0.161289 0.0227151 0.000203297
 0.318654 0.224769 0.449479 0.00709798 0
 0.937255 0.0296025 0.0250945 0.00804832 0
 0.456809 0.399803 0.12412 0.0192676 0
 0.883104 0.0372192 0.0704036 0.00927362 0
ppred_RECLAS
 0.0178156 0.220943 0.554892 0.206349 1.29107e-06
 0.89706 0.00335383 0.0247805 0.054938 0.0198676
 0.0477337 0.904701 0.00178594 0.0116485 0.0341313
 0.937523 0.0054686 0.0545559 9.50688e-05 0.00235734
 0.13119 0.848253 0.00201761 0.017768 0.000771436
 0.999132 0.00025732 0.000598434 1.25651e-06 1.12246e-05
 0.00416313 0.995328 0.000164569 0.000337852 6.8087e-06
 0.0038788 0.00654029 0.989143 0.00014437 0.000293992
 0.020396 0.00646758 0.00723188 0.96549 0.000414123
 0.233013 0.0291794 0.0056671 0.00559378 0.726547
 0.991421 0.00456968 0.000177728 3.04703e-05 0.00380122
 0.954664 0.0451442 0.000109652 3.76465e-06 7.83741e-05
 0.720476 0.272955 0.00654492 1.40332e-05 1.01535e-05
 0.429879 0.468435 0.099571 0.00210757 7.55155e-06
 0.991263 0.00673732 0.00167832 0.000314915 6.5052e-06
 0.971331 0.0285689 7.97124e-05 1.75287e-05 3.26408e-06
 0.131229 0.856104 0.0126282 3.11035e-05 7.88112e-06
 0.966105 0.00784419 0.025715 0.000334839 1.00379e-06
 0.935517 0.0636895 0.000201955 0.000584422 7.4224e-06
 0.889418 0.10778 0.0027723 7.76e-06 2.21133e-05
 0.785394 0.202646 0.0116924 0.000265486 2.76743e-06
 0.888623 0.0979513 0.0127617 0.000649993 1.45009e-05
 0.0659646 0.879013 0.049091 0.00564591 0.000285843
 0.857925 0.0166187 0.118906 0.005862 0.000688581
 0.877553 0.114062 0.00109559 0.00691974 0.00037044
 0.166946 0.774896 0.0546943 0.00046375 0.00299982
 0.876988 0.0326605 0.0847483 0.00528037 0.000323184
 0.797185 0.190248 0.00365557 0.00837333 0.000538182
 0.339886 0.578476 0.077225 0.00130987 0.00310395
 0.893996 0.0515591 0.0484226 0.00570631 0.000315588
 0.337026 0.622517 0.0209699 0.0173849 0.00210172
 0.735111 0.133779 0.124089 0.00368988 0.00333194
 0.899337 0.0858851 0.00792949 0.00649271 0.000356088
pobs_PELACES
 0 0 0 0 0
 0 0 0 0 0
 0 0 0 0 0
 0 0 0 0 0
 0 0 0 0 0
 0 0 0 0 0
 0 0 0 0 0
 0 0 0 0 0
 0 0 0 0 0
 0 0 0 0 0
 0 0 0 0 0
 0 0 0 0 0
 0 0 0 0 0
 0 0 0 0 0
 0 0 0 0 0
 0 0 0 0 0
 0.505614 0.472636 0.0217494 0 0
 0 0 0 0 0
 0.443492 0.261883 0.143347 0.151278 0
 0.227955 0.32914 0.350689 0.0885471 0.00366901
 0.970185 0.0296113 0.000203453 0 0
 0.997202 0.00247181 0.000326279 0 0
 0.445219 0.490057 0.0546422 0.010081 0
 0.90214 0.0892962 0.00764917 0.000914606 0
 0 0 0 0 0
 0.581667 0.319106 0.0959925 0.00289975 0.000334073
 0.762889 0.0836404 0.116647 0.0363945 0.000428098
 0.88444 0.0763242 0.0277011 0.0115352 0
 0.521256 0.241999 0.230069 0.00667565 0
 0.616807 0.101726 0.260614 0.0208532 0
 0.833518 0.0704572 0.0857862 0.0102388 0
 0.697417 0.212968 0.0787535 0.0105354 0.000325836
 0 0 0 0 0
ppred_PELACES
 0.0138956 0.201411 0.567336 0.217356 1.36852e-06
 0.875936 0.0035343 0.0292887 0.0668963 0.0243447
 0.0441368 0.900942 0.00199474 0.0134038 0.0395223
 0.936796 0.0049726 0.0556389 9.98879e-05 0.00249246
 0.152264 0.824703 0.00220008 0.0199608 0.000872107
 0.998842 0.000315854 0.000823869 1.78215e-06 1.60207e-05
 0.00342614 0.995991 0.0001847 0.000390645 7.9223e-06
 0.00276202 0.00584194 0.990942 0.000149006 0.000305346
 0.0149289 0.00563469 0.00706657 0.97195 0.000419523
 0.256824 0.0244532 0.00532659 0.00541667 0.707979
 0.990071 0.00491861 0.000214557 3.78966e-05 0.00475749
 0.952445 0.047326 0.000128927 4.56026e-06 9.55363e-05
 0.695858 0.296147 0.00796435 1.7593e-05 1.28095e-05
 0.542978 0.367493 0.0876116 0.00191051 6.88865e-06
 0.991777 0.00616142 0.00172146 0.000332778 6.91754e-06
 0.970117 0.0297653 9.31473e-05 2.11024e-05 3.95434e-06
 0.126146 0.859588 0.0142212 3.60861e-05 9.20131e-06
 0.967175 0.00694534 0.0255364 0.00034257 1.03344e-06
 0.943616 0.055589 0.000197699 0.000589406 7.53292e-06
 0.888323 0.108511 0.00313046 9.02749e-06 2.58874e-05
 0.776228 0.20987 0.0135814 0.000317703 3.33264e-06
 0.882155 0.102121 0.0149226 0.000783038 1.75792e-05
 0.0603665 0.877803 0.0549836 0.00651484 0.000331915
 0.840233 0.016852 0.135235 0.00686861 0.000811912
 0.865806 0.123721 0.00133285 0.00867283 0.000467219
 0.150591 0.78333 0.0620115 0.000541692 0.00352609
 0.860116 0.0340466 0.0990857 0.00636037 0.000391741
 0.776511 0.207762 0.00447745 0.010566 0.000683398
 0.313388 0.592631 0.0887331 0.00155058 0.00369753
 0.872914 0.0580741 0.0611721 0.00742677 0.000413328
 0.325608 0.627939 0.0237242 0.0202631 0.00246512
 0.713299 0.136448 0.141952 0.00434871 0.00395163
 0.908256 0.076727 0.0079452 0.0067023 0.000369902
pobs_pel_tallas
 0 0 0 0 0 0 0 0 0 0 0 0 0 0 0 0 0 0 0 0 0 0 0 0 0 0
 0 0 0 0 0 0 0 0 0 0 0 0 0 0 0 0 0 0 0 0 0 0 0 0 0 0
 0 0 0 0 0 0 0 0 0 0 0 0 0 0 0 0 0 0 0 0 0 0 0 0 0 0
 0 0 0 0 0 0 0 0 0 0 0 0 0 0 0 0 0 0 0 0 0 0 0 0 0 0
 0 0 0 0 0 0 0 0 0 0 0 0 0 0 0 0 0 0 0 0 0 0 0 0 0 0
 0 0 0 0 0 0 0 0 0 0 0 0 0 0 0 0 0 0 0 0 0 0 0 0 0 0
 0 0 0 0 0 0 0 0 0 0 0 0 0 0 0 0 0 0 0 0 0 0 0 0 0 0
 0 0 0 0 0 0 0 0 0 0 0 0 0 0 0 0 0 0 0 0 0 0 0 0 0 0
 0 0 0 0 0 0 0 0 0 0 0 0 0 0 0 0 0 0 0 0 0 0 0 0 0 0
 0 0 0 0 0 0 0 0 0 0 0 0 0 0 0 0 0 0 0 0 0 0 0 0 0 0
 0 0 0 0 0 0 0 0 0 0 0 0 0 0 0 0 0 0 0 0 0 0 0 0 0 0
 0 0 0 0 0 0 0 0 0 0 0 0 0 0 0 0 0 0 0 0 0 0 0 0 0 0
 0.00862536 0 0 0.000197151 0.00414017 0.0128641 0.00837892 0.0270097 0.101434 0.158115 0.152841 0.127902 0.109271 0.109419 0.0830992 0.0579132 0.0238553 0.00714673 0.00463305 0.00128148 0.00103504 0.000492878 0.000147863 0.000147863 4.92878e-05 0
 0 0 0 0 0 0 0 0 0 0 0 0 0 0 0 0 0 0 0 0 0 0 0 0 0 0
 0 0 0 0 0 0 0 0.0054083 0.00873648 0.0413646 0.0450493 0.0745869 0.0622846 0.0627006 0.0613931 0.0827291 0.12552 0.122667 0.0946155 0.0697135 0.0546179 0.0294188 0.0215738 0.0213955 0.0102223 0.00600262
 0 0 0 0 0.00359764 0.0251062 0.0480494 0.140153 0.205849 0.193036 0.1447 0.116669 0.0760912 0.0342217 0.00950174 0.001854 0.000860785 0 0 0 0.000165536 0 0.000143464 0 0 0
 0 0 0 0 0 0 0 0.000145254 0.000435761 0.0275982 0.070085 0.0708112 0.156366 0.174668 0.174014 0.160142 0.0824315 0.0480064 0.0283245 0.00493863 0.00203355 0 0 0 0 0
 0 0 0 0 0 0 0 0 0 0 0 0 0 0 0 0 0 0 0 0 0 0 0 0 0 0
 0 0 1.00437e-05 0.000401748 0.00122533 0.00171747 0.00176769 0.0269171 0.070346 0.194647 0.189555 0.159765 0.064822 0.0314167 0.0384472 0.0292271 0.0345202 0.0313363 0.0194345 0.0106764 0.0143323 0.0359363 0.0279516 0.0138201 0.00172751 0
 0 0.0021121 0.0136068 0.0755702 0.200478 0.177729 0.0527432 0.0373336 0.0318909 0.0142505 0.0149659 0.0166563 0.0217959 0.0798694 0.0677717 0.0528807 0.04013 0.0224614 0.0357745 0.0225083 0.00881397 0.00855152 0.00135912 0.000746735 0 0
 0 0 0 0 5.4009e-05 0.00500934 0.000945158 0.0243581 0.138947 0.33067 0.221406 0.137944 0.0707744 0.0437923 0.0131692 0.00525238 0.0047753 0.00276346 9.45158e-05 9.00151e-06 2.25038e-05 9.00151e-06 4.50075e-06 0 0 0
 0.000866109 0.00284123 0.00948549 0.0512746 0.133035 0.25785 0.225252 0.132002 0.0553304 0.0519788 0.0540692 0.017754 0.00435017 0.00159236 0.00146478 0.000404838 0.000125132 0.000115318 0.000107957 0.000100596 0 0 0 0 0 0
 0 0 0 0 0.00144013 0.00171154 0.00461396 0.0210425 0.0478622 0.0707936 0.0888783 0.103762 0.0637923 0.0337046 0.0602308 0.124433 0.169614 0.0934646 0.0462172 0.0250306 0.0313229 0.00938855 0.002487 0.000210481 0 0
 0 0.00764035 0.051015 0.0998891 0.058973 0.0496711 0.0374665 0.0718981 0.12319 0.153886 0.159021 0.0857701 0.0377988 0.023471 0.0147837 0.00900784 0.00315554 0.000888139 0.00291439 0.00214683 0.00393193 0.00274676 0.000635225 9.99891e-05 0 0
 0 0 0 0 0 0 0 0 0 0 0 0 0 0 0 0 0 0 0 0 0 0 0 0 0 0
 0 0 0 0 0 0 0 0 0 0 0 0 0 0 0 0 0 0 0 0 0 0 0 0 0 0
 0 0 0 0 0 0 0 0 0 0 0 0 0 0 0 0 0 0 0 0 0 0 0 0 0 0
 0 0 0 0 0 0 0 0 0 0 0 0 0 0 0 0 0 0 0 0 0 0 0 0 0 0
 0 0 0 0 0 0 0 0 0 0 0 0 0 0 0 0 0 0 0 0 0 0 0 0 0 0
 0 0 0 0 0 0 0 0 0 0 0 0 0 0 0 0 0 0 0 0 0 0 0 0 0 0
 0 0 0 0 0 0 0 0 0 0 0 0 0 0 0 0 0 0 0 0 0 0 0 0 0 0
 0 0 0 0 0 0 0 0 0 0 0 0 0 0 0 0 0 0 0 0 0 0 0 0 0 0
 0 0 0 0 0 0 0 0 0 0 0 0 0 0 0 0 0 0 0 0 0 0 0 0 0 0
ppred_pel_tallas
 1.38222e-16 1.14461e-06 1.1126e-05 7.39371e-05 0.00033612 0.0010459 0.00222915 0.00325776 0.00327807 0.00232886 0.00138336 0.00132255 0.00259453 0.00566165 0.011169 0.0196102 0.0309475 0.0446088 0.0599136 0.0764806 0.0940295 0.111565 0.126731 0.136188 0.137015 0.128217
 1.11675e-16 7.21497e-05 0.000701321 0.00466052 0.0211861 0.0659177 0.140445 0.204983 0.204984 0.140447 0.0659248 0.0212077 0.00471883 0.000842269 0.000381481 0.000630394 0.00118199 0.00211248 0.00359224 0.00580457 0.00886315 0.0127023 0.0169909 0.0211346 0.0243984 0.0261183
 1.08321e-16 3.63567e-06 3.53401e-05 0.000234852 0.00106766 0.00332234 0.00708179 0.0103543 0.0104409 0.00750506 0.004743 0.00516855 0.0105195 0.0224565 0.0424971 0.0700219 0.10034 0.125091 0.135788 0.128602 0.106766 0.0785928 0.0527249 0.0342103 0.0236423 0.0187897
 1.02039e-16 7.71627e-05 0.000750049 0.00498434 0.0226581 0.0704977 0.150203 0.219225 0.219226 0.150206 0.0705073 0.022687 0.00506104 0.000930982 0.000460196 0.000741149 0.00129806 0.00212602 0.00325906 0.00468512 0.00629696 0.00786483 0.0090691 0.00960533 0.00931545 0.00826541
 1.02424e-16 1.2542e-05 0.000121913 0.000810157 0.0036829 0.0114593 0.0244182 0.0356557 0.035735 0.0248056 0.0127597 0.00743646 0.0102234 0.0206423 0.0389 0.0640694 0.0917791 0.114342 0.123944 0.117017 0.0964438 0.069768 0.0448794 0.0264633 0.0152318 0.00939872
 1.00027e-16 8.22733e-05 0.000799726 0.00531446 0.0241588 0.0751669 0.160151 0.233745 0.233745 0.160151 0.0751674 0.0241603 0.00531836 0.000808426 9.93502e-05 3.54515e-05 4.63481e-05 6.48461e-05 8.41999e-05 0.000102875 0.000120062 0.000134539 0.000143908 0.000145139 0.000136279 0.000118007
 1.00301e-16 2.82414e-07 2.74526e-06 1.82479e-05 8.30109e-05 0.000258792 0.000554922 0.000830003 0.000925771 0.00102275 0.00182896 0.00461521 0.0113834 0.0247757 0.0469386 0.07731 0.110691 0.137771 0.149067 0.140215 0.114662 0.0815264 0.0504145 0.0271328 0.0127334 0.005239
 1.28665e-16 2.2751e-07 2.21147e-06 1.46961e-05 6.68074e-05 0.000207873 0.000442965 0.000646934 0.000649023 0.000453896 0.00024898 0.000204932 0.000434394 0.00115926 0.00290094 0.00662215 0.013773 0.0260888 0.0449693 0.0704628 0.100261 0.129433 0.151494 0.160685 0.1544 0.134378
 1.9775e-16 1.22968e-06 1.19529e-05 7.94311e-05 0.000361083 0.00112347 0.0023937 0.00349385 0.00349475 0.00239828 0.00114007 0.000414689 0.00023668 0.000435558 0.0010599 0.00247376 0.00542384 0.0111525 0.0214268 0.0382794 0.063308 0.0965954 0.135666 0.175152 0.20771 0.226167
 2.20514e-16 2.11543e-05 0.000205627 0.00136646 0.00621175 0.0193271 0.0411785 0.0601017 0.0601042 0.0411908 0.0193689 0.00633517 0.00168643 0.00094101 0.00153795 0.00286277 0.00506685 0.0086696 0.0146423 0.0245 0.0400859 0.0629001 0.093098 0.128584 0.164752 0.195262
 1.00817e-16 8.15509e-05 0.000792704 0.00526779 0.0239466 0.0745068 0.158745 0.231693 0.231693 0.158747 0.0745146 0.0239691 0.00532426 0.000916079 0.000316271 0.000395099 0.00056505 0.00072044 0.000817861 0.000846427 0.000834547 0.00083494 0.000893327 0.0010223 0.00119548 0.00136113
 1.00033e-16 7.84516e-05 0.000762578 0.0050676 0.0230366 0.0716753 0.152712 0.222889 0.222893 0.152734 0.0717499 0.0232519 0.00560768 0.00193984 0.00230915 0.00367986 0.00526172 0.00655001 0.00708964 0.00667321 0.0054644 0.00389614 0.00242405 0.00132316 0.000642612 0.000287935
 1.0031e-16 5.73169e-05 0.000557141 0.0037024 0.0168306 0.0523664 0.111573 0.16285 0.162879 0.111712 0.0528335 0.0181791 0.00708453 0.00793117 0.0140348 0.0230404 0.0330172 0.0411655 0.0446735 0.0422438 0.0348824 0.0252612 0.0161843 0.00933254 0.0049986 0.00260918
 1.02816e-16 4.47245e-05 0.000434738 0.00288899 0.0131329 0.0408616 0.0870613 0.127076 0.127111 0.0872347 0.0414438 0.0148151 0.00711378 0.00966515 0.017597 0.0290769 0.0420097 0.0530852 0.0589333 0.0579539 0.0512156 0.0416431 0.0321983 0.0245021 0.0186991 0.0142015
 1.00086e-16 8.16914e-05 0.000794069 0.00527687 0.0239879 0.0746352 0.159018 0.232092 0.232093 0.159021 0.074645 0.0240161 0.00534782 0.000949172 0.000376886 0.000495392 0.000709432 0.000899685 0.00100569 0.00100104 0.000903571 0.000761072 0.000620768 0.000506681 0.000418256 0.000343812
 1.00014e-16 7.99072e-05 0.000776727 0.00516162 0.023464 0.0730052 0.155545 0.227024 0.227026 0.155559 0.0730521 0.0235994 0.0055013 0.00151716 0.0014829 0.0023166 0.00330948 0.00411966 0.00445903 0.00419697 0.00343627 0.00244906 0.00152178 0.000827402 0.000397033 0.000171635
 1.00636e-16 1.03906e-05 0.000101001 0.00067119 0.00305118 0.00949381 0.0202306 0.0295445 0.0296272 0.0206345 0.0108494 0.00696427 0.0104849 0.0214955 0.0405574 0.0668098 0.095716 0.119258 0.129271 0.121989 0.100352 0.0721613 0.0456136 0.0256403 0.0131147 0.0063572
 1.00774e-16 7.96649e-05 0.000774371 0.00514597 0.0233928 0.0727838 0.155074 0.226334 0.226335 0.155077 0.0727955 0.0234273 0.00523435 0.000973286 0.000474897 0.000704343 0.00111193 0.00161565 0.00218266 0.00278488 0.00338688 0.00392382 0.00429327 0.0043846 0.00413533 0.00357441
 1.00081e-16 7.77244e-05 0.000755509 0.00502062 0.022823 0.071011 0.151297 0.220823 0.220828 0.151323 0.0710986 0.023076 0.00565507 0.00213851 0.00269843 0.00432268 0.00618346 0.00770016 0.00834012 0.00786077 0.00645494 0.00463077 0.00292166 0.00164745 0.000862039 0.000451156
 1.00124e-16 7.317e-05 0.000711239 0.00472643 0.0214857 0.06685 0.142431 0.207885 0.207895 0.142482 0.0670211 0.0219798 0.00596576 0.00341338 0.00519525 0.00844725 0.0121009 0.0150891 0.0163787 0.0154942 0.0128039 0.00928562 0.00596553 0.00345814 0.00186998 0.000991159
 1.00479e-16 6.39369e-05 0.000621489 0.00413002 0.0187745 0.0584144 0.124459 0.181656 0.181676 0.124558 0.0587457 0.019731 0.00652968 0.00585541 0.0099906 0.0163796 0.0235048 0.0293783 0.0320181 0.030506 0.0255367 0.0189638 0.0127213 0.00795237 0.00484117 0.00299333
 1.00539e-16 7.2662e-05 0.0007063 0.00469362 0.0213365 0.0663858 0.141442 0.206441 0.206451 0.14149 0.0665473 0.0218029 0.0058643 0.00326176 0.00492545 0.0080262 0.0115506 0.0145141 0.015963 0.0154525 0.0133022 0.0103721 0.00754701 0.0053309 0.00378675 0.00273259
 1.02521e-16 4.97249e-06 4.83344e-05 0.000321204 0.0014602 0.00454367 0.00968388 0.0141516 0.0142361 0.0100967 0.00592933 0.00546094 0.0103579 0.0219394 0.0415238 0.0684907 0.0983125 0.122888 0.133951 0.127673 0.106973 0.0796157 0.0536873 0.0339505 0.0211396 0.0135607
 1.04734e-16 6.92088e-05 0.000672735 0.00447056 0.0203225 0.0632309 0.13472 0.196628 0.19663 0.134729 0.0632619 0.0204146 0.00471171 0.00123204 0.00122751 0.00216979 0.00369963 0.00585835 0.00869396 0.0121587 0.0160062 0.0197126 0.0225301 0.0237262 0.0229058 0.0202172
 1.0102e-16 7.13153e-05 0.00069321 0.00460663 0.0209411 0.0651555 0.138821 0.202616 0.202628 0.138879 0.0653506 0.0215044 0.0060197 0.00377435 0.00591253 0.00963483 0.0138107 0.017241 0.0187621 0.0178511 0.0149483 0.0111814 0.00771294 0.00520753 0.0037244 0.00295249
 1.02641e-16 1.24041e-05 0.000120573 0.000801251 0.00364242 0.0113333 0.0241496 0.0352629 0.0353383 0.0245181 0.0125702 0.00721394 0.00976204 0.0196679 0.0370944 0.061194 0.0878879 0.10996 0.120049 0.114735 0.0965913 0.0724872 0.0495674 0.0320252 0.0205006 0.0135152
 1.03573e-16 7.08466e-05 0.000688654 0.00457635 0.0208034 0.0647272 0.137908 0.201282 0.201285 0.137925 0.0647841 0.0209697 0.00500076 0.0016385 0.00194309 0.00327794 0.00512801 0.0073062 0.00964194 0.0120074 0.014299 0.016331 0.0177617 0.0181742 0.0172933 0.0151766
 1.01358e-16 6.39602e-05 0.000621716 0.00413152 0.0187813 0.0584358 0.124504 0.181722 0.181742 0.124602 0.0587635 0.0197275 0.00650488 0.00579694 0.00987566 0.0161812 0.0232018 0.0289668 0.0315215 0.0299792 0.0250673 0.0186679 0.0127286 0.00837458 0.00573038 0.00430795
 1.03494e-16 2.58135e-05 0.000250916 0.00166743 0.00757993 0.0235843 0.0502509 0.0733546 0.0734118 0.05053 0.0245214 0.0102867 0.0084618 0.0150827 0.0281925 0.0465616 0.0670544 0.0842769 0.0927232 0.0898142 0.0774037 0.0604792 0.0441675 0.031387 0.0224967 0.0164347
 1.02595e-16 7.19008e-05 0.000698901 0.00464444 0.021113 0.0656903 0.13996 0.204277 0.204283 0.139988 0.0657839 0.0213843 0.00532962 0.00220797 0.0029769 0.00490923 0.00730141 0.00967383 0.0115734 0.0127666 0.0133238 0.0134702 0.0133433 0.0128822 0.0119286 0.0104173
 1.03295e-16 2.68201e-05 0.000260701 0.00173245 0.0078755 0.0245039 0.0522105 0.0762154 0.0762758 0.0525057 0.0254948 0.0107362 0.00890824 0.0159094 0.0296996 0.0489344 0.0702041 0.0876897 0.0954864 0.0908925 0.0760642 0.0566385 0.038464 0.0249458 0.0165183 0.0118072
 1.05237e-16 5.87536e-05 0.000571105 0.0037952 0.0172524 0.0536788 0.114369 0.166927 0.166941 0.114434 0.0538985 0.0178895 0.00540337 0.00411172 0.00687052 0.0114927 0.0170773 0.022568 0.0268851 0.0294589 0.030445 0.0303863 0.0296507 0.0281684 0.0256519 0.0220152
 1.00984e-16 7.48118e-05 0.000727198 0.00483248 0.0219678 0.0683499 0.145627 0.212548 0.212556 0.145663 0.0684712 0.022318 0.00571148 0.00264566 0.00371725 0.00602442 0.00866587 0.0108882 0.011981 0.0116234 0.010074 0.00799674 0.00606207 0.00463305 0.00371718 0.00312368
pSPR Fmed_Fpbrs
1   0.982633 0.6 0.325 0.982633 0.982633 0.982633
Fs Fmed_Fpbrs
0   0.01 0.328142 0.832959 0.01 0.01 0.01
SSBpbr Bo_Bmed_Bpbrs
297158  282300  277139 163437 81718.4 277139 277139 277139
Ro
36571.9
SPR SPRFo_SPRFmed_SPRFpbrs
263476 263476 258900
Fref
0
Nvult_r0
 60566.8 6113.9 481.139 380.4 20.715
CTP_r0
 34883.4 4339.9 341.532 270.024 14.7044
YTP_r0
355948
Np
 66894.3 24609 9053.16 3330.47 1675.94
Nvult_p0
 42285.3 15555.9 5722.69 2105.26 1059.4
CTP_p0
 0 0 0 0 0
 0 0 0 0 0
 0 0 0 0 0
 0 0 0 0 0
 0 0 0 0 0
 0 0 0 0 0
YTP_p0
 0 0 0 0 0 0
CBA_c0
0
log_Ro
10.327
likeval ReclasPelacesDesembMPH_pf_preclas_ppelaces_ptallas_desvR_qrecl_qpela
 48.7215 27.7417 0.485769 63.9583 404.968 165.352 159.083 0 179.588 0.000220002 0.000378545 0.0821601 2070.67 0 0
q_reclas_q_pelaces
8.1468 15.6665
M
1
N
 2037.46 16377.9 35060 12589.1 0.0782088
 202145 552.74 3481.08 7451.9 2675.79
 2917.4 40566.7 68.2582 429.88 1250.67
 105163 580.922 4939.79 8.31178 204.641
 1594.93 11072 22.4473 190.877 8.22863
 792422 122.759 243.345 0.493355 4.37603
 1774.86 259043 36.5072 72.368 1.4481
 569.503 559.197 72086.1 10.1592 20.5414
 1009.65 201.863 192.394 24801.5 10.5626
 1884.76 293.464 48.5808 46.3019 5971.32
 29773.3 100.565 3.33381 0.551886 68.3612
 165094 5945.68 12.3096 0.408073 8.43527
 114845 29946.9 612.054 1.26716 0.910342
 14569.7 26819.3 4859.1 99.3102 0.353315
 56579.7 361.747 76.8099 13.9164 0.285434
 267474 6057.58 14.4064 3.05892 0.565579
 9415.7 47204.8 593.508 1.41151 0.35512
 207992 1669.89 4666.05 58.6665 0.174626
 282538 19660.1 53.137 148.477 1.87236
 250181 24588.5 539.087 1.45703 4.12263
 196551 38784.4 1907.43 41.8192 0.432837
 419958 35282.9 3918.19 192.698 4.26851
 7932.66 76025.5 3619.02 401.895 20.2031
 110036 1659.97 10123.6 481.909 56.2066
 204230 18877.1 154.549 942.537 50.1003
 13710.3 43959.7 2644.7 21.6525 139.07
 113829 3172.9 7017.61 422.194 25.6573
 130882 21562.9 353.156 781.087 49.8476
 25469.8 30336.7 3451.95 56.5359 133.022
 149643 5706 4567.71 519.752 28.5413
 27200.3 38635.2 1109.31 888.013 106.594
 34768.1 4816.15 3807.77 109.33 98.0254
 66894.3 6315.11 496.973 392.919 21.3968
pred_Ctot
 346.633 4568.74 9780.23 3511.82 0.0218169
 60971.9 252.849 1592.4 3408.84 1224.03
 888.696 18707 31.4768 198.236 576.739
 52293.2 386.819 3289.26 5.53457 136.264
 898.08 7992.21 16.2033 137.783 5.93976
 56337.7 15.1291 29.9903 0.060802 0.539309
 163.115 40798 5.7497 11.3976 0.228068
 13.1771 23.0194 2967.43 0.418203 0.845589
 136.56 45.6675 43.5252 5610.83 2.38958
 1175.41 225.335 37.3025 35.5527 4585.05
 9036.52 46.2373 1.53281 0.253745 31.4309
 55979.2 2987.73 6.18561 0.205058 4.23876
 27504.7 11292.5 230.795 0.477824 0.343275
 10363.5 22175.5 4017.73 82.1143 0.292137
 27910.5 239.58 50.8702 9.21662 0.189039
 93278 3111.92 7.40091 1.57144 0.290551
 3267.49 24157 303.727 0.722336 0.181732
 108493 1147.81 3207.24 40.3247 0.12003
 152299 13804.4 37.3103 104.254 1.31469
 97996.6 13809.2 302.758 0.818289 2.31532
 67372.1 19656.6 966.719 21.1947 0.21937
 142695 17759.1 1972.16 96.9915 2.14849
 2262.5 33215.8 1581.16 175.589 8.8268
 39447.9 871.307 5313.78 252.95 29.5024
 55926 7973.26 65.2781 398.107 21.1613
 3337.27 16808.5 1011.23 8.27911 53.175
 36808.7 1535.41 3395.92 204.305 12.4159
 31769.8 8225.24 134.713 297.948 19.0145
 6552.51 12158.7 1383.51 22.6591 53.3142
 29028.2 1790.03 1432.94 163.052 8.95371
 9454.72 19797 568.418 455.025 54.6196
 11772.4 2417.46 1911.3 54.878 49.2037
 34883.4 4339.9 341.532 270.024 14.7044
F
 0.304573 0.548592 0.548592 0.548592 0.548592
 0.606041 1.09159 1.09159 1.09159 1.09159
 0.613832 1.10562 1.10562 1.10562 1.10562
 1.25109 2.25345 2.25345 2.25345 2.25345
 1.56436 2.81769 2.81769 2.81769 2.81769
 0.118098 0.212717 0.212717 0.212717 0.212717
 0.154973 0.279134 0.279134 0.279134 0.279134
 0.037175 0.0669589 0.0669589 0.0669589 0.0669589
 0.235601 0.424361 0.424361 0.424361 0.424361
 1.93075 3.47764 3.47764 3.47764 3.47764
 0.610945 1.10042 1.10042 1.10042 1.10042
 0.707091 1.2736 1.2736 1.2736 1.2736
 0.454464 0.818572 0.818572 0.818572 0.818572
 2.69575 4.85554 4.85554 4.85554 4.85554
 1.23434 2.22327 2.22327 2.22327 2.22327
 0.734525 1.32301 1.32301 1.32301 1.32301
 0.729622 1.31418 1.31418 1.31418 1.31418
 1.35891 2.44764 2.44764 2.44764 2.44764
 1.44154 2.59647 2.59647 2.59647 2.59647
 0.864167 1.55652 1.55652 1.55652 1.55652
 0.717521 1.29239 1.29239 1.29239 1.29239
 0.709087 1.2772 1.2772 1.2772 1.2772
 0.564186 1.0162 1.0162 1.0162 1.0162
 0.762857 1.37405 1.37405 1.37405 1.37405
 0.535975 0.965389 0.965389 0.965389 0.965389
 0.463501 0.83485 0.83485 0.83485 0.83485
 0.663726 1.19549 1.19549 1.19549 1.19549
 0.461937 0.832034 0.832034 0.832034 0.832034
 0.495976 0.893344 0.893344 0.893344 0.893344
 0.35409 0.637781 0.637781 0.637781 0.637781
 0.731254 1.31712 1.31712 1.31712 1.31712
 0.705756 1.2712 1.2712 1.2712 1.2712
 1.35821 2.44638 2.44638 2.44638 2.44638
YTP_r0W_actual
 263021 75731.2 8220.68 8457.14 518.329
YTP_p0W_proyectada
 0 0 0 0 0
 0 0 0 0 0
 0 0 0 0 0
 0 0 0 0 0
 0 0 0 0 0
 0 0 0 0 0
CTP_r0_actual
 34883.4 4339.9 341.532 270.024 14.7044
CTP_p0_proyectada
 0 0 0 0 0
 0 0 0 0 0
 0 0 0 0 0
 0 0 0 0 0
 0 0 0 0 0
 0 0 0 0 0
Wmedp
 7.54 17.45 24.07 31.32 35.25
Frms_r0
 1.35821 2.44638 2.44638 2.44638 2.44638
Zrms_r0
 2.35821 3.44638 3.44638 3.44638 3.44638
nmprior
 7.29 8.9 8.7 0
nm_flota  nm_reclas  nm_pelaces    nm_pelaL
inf 8.11006 2.76941 4.16239
cv_recla  cv_pelaces  cv_mph
0.604493 0.576975 0.320609
 ------------------------------------------------
Talla a la edad & desviaci?n 
 8 13.2811 15.8009 17.003 17.5766
 0.8 1.32811 1.58009 1.7003 1.75766
