years
 1991 1992 1993 1994 1995 1996 1997 1998 1999 2000 2001 2002 2003 2004 2005 2006 2007 2008 2009 2010 2011 2012 2013 2014 2015 2016 2017 2018 2019 2020 2021 2022 2023
reclasobs
 0 0 0 0 0 0 0 0 0 252601 567819 844713 477998 351125 339783 2.1784e+06 2.13404e+06 4.81314e+06 1.55562e+06 2.62356e+06 3.21686e+06 3.843e+06 1.13348e+06 3.07943e+06 1.97215e+06 2.03268e+06 2.025e+06 2.42433e+06 2.27542e+06 1.05018e+06 2.36338e+06 3.18982e+06 1.53035e+06
reclaspred
 3.28726e+06 1.74954e+06 912681 1.05208e+06 1.17479e+06 2.09915e+06 1.06963e+06 944861 628266 382110 721668 1.34293e+06 983290 149073 748174 1.50546e+06 1.15186e+06 1.58241e+06 1.77498e+06 2.2182e+06 3.92248e+06 3.07734e+06 2.13713e+06 2.75858e+06 2.4869e+06 2.16927e+06 2.47307e+06 2.66688e+06 2.38958e+06 2.40643e+06 1.47195e+06 1.13192e+06 1.38779e+06
pelacesobs
 0 0 0 0 0 0 0 0 0 0 0 0 0 0 0 552880 188675 0 991730 2.46772e+06 1.41603e+06 1.21717e+06 2.29649e+06 1.80582e+06 0 1.4828e+06 1.56532e+06 1.57751e+06 1.42118e+06 867257 1.10002e+06 1.06204e+06 0
pelacespred
 1.8856e+06 1.07288e+06 522964 483928 630628 1.14805e+06 516058 629982 367280 191427 401338 669137 543926 46203.2 392144 665379 551677 745513 841498 978436 2.04454e+06 1.66454e+06 1.25987e+06 1.68206e+06 1.41335e+06 1.30456e+06 1.6741e+06 1.60089e+06 1.38736e+06 1.5427e+06 875371 673781 720527
mphobs
 0 0 0 0 0 0 0 0 0 0 0 0 498337 0 5186 125008 0 168611 109162 213762 579715 649985 157893 87575 83554 210694 70296 0 107559 103333 445601 22526 28222
mphpred
 787821 554200 253635 150197 187009 253940 342310 163709 153262 84107.2 47752.3 156474 254424 88491.2 7119.73 106925 262380 175591 174844 249223 527255 612970 125427 90642.8 115292 122108 94944.2 101894 143748 122197 100560 58352.6 34396.8
desembarqueobs
 494567 514787 250237 358949 120608 361735 552515 73892 212993 205616 52469 317467 293654 387597 252695 516296 358380 742168 942051 627588 828172 859565 418607 520667 417249 300574 415391 372974 316634 284311 391294 218835 356480
desembarquepred
 494566 514064 250605 359003 120616 361755 552569 73900 213087 205702 52470.4 317418 293907 388277 252612 516157 358450 742042 941137 627203 828308 859483 418673 520817 417132 300651 415441 372932 316533 284149 391673 218953 356540
Reclutas
 165625 81040 89066.7 128078 109498 186273 70408.1 31407.6 28846.2 39004.8 91103.5 175324 57608.8 22979.1 90306 274262 51904 229972 336919 343421 310834 412546 67086.1 170394 258867 62044.3 172251 195725 116321 138287 50547.4 43142.1 136268
log_desv_Rt
 0.411836 -0.302948 -0.208506 0.154747 -0.00198216 0.529323 -0.443582 -1.25084 -1.33591 -1.03421 -0.185895 0.468745 -0.644216 -1.56331 -0.194688 0.916194 -0.748496 0.740065 1.12195 1.14107 1.04137 1.32446 -0.491914 0.440219 0.858423 -0.570042 0.451063 0.578818 0.0584633 0.231436 -0.77498 -0.933391 0.216732
SSB
 1.18876e+06 836247 382717 226636 282183 383176 516520 247024 231261 126912 72054.6 236108 365119 127215 10282.4 154796 395912 264953 277501 333598 724047 892433 813862 567606 667212 751636 549899 564612 828289 659673 633112 379536 204597
BT
 1.87299e+06 1.32019e+06 638611 704528 619222 1.30514e+06 904041 591249 517652 358897 406710 851577 701829 420859 619651 1.03839e+06 732655 1.32723e+06 1.66236e+06 1.37528e+06 2.45261e+06 2.20791e+06 1.36608e+06 1.95172e+06 1.56598e+06 1.29981e+06 1.88475e+06 1.74444e+06 1.36926e+06 1.54575e+06 1.05994e+06 738010 959805
Ftot
 0.354434 0.642267 0.632926 0.930667 0.27521 0.494967 1.12519 0.201779 0.8502 1.34215 0.247615 0.693618 0.70006 3.93044 1.24114 1.12808 0.736978 1.35898 1.59744 0.883825 0.586311 0.754845 0.451357 0.537627 0.464847 0.32615 0.483326 0.421891 0.315333 0.311893 0.613625 0.467182 0.792675
BD_Bspro_t
 0.945464 0.681948 0.43489 0.348342 0.376094 0.498685 0.4978 0.294634 0.354673 0.269337 0.220709 0.565675 0.517381 0.21762 0.0283579 0.290448 0.388599 0.278663 0.250633 0.25518 0.360411 0.403195 0.413384 0.368737 0.448315 0.53113 0.503705 0.542946 0.62027 0.574816 0.57534 0.437887 0.399748
BD_Bspro
 1.50395 1.05797 0.484189 0.286725 0.357 0.48477 0.653469 0.312519 0.292576 0.160561 0.091159 0.298709 0.461925 0.160945 0.0130087 0.195838 0.500883 0.335202 0.351077 0.422047 0.916019 1.12905 1.02965 0.718099 0.844114 0.950922 0.695697 0.714312 1.0479 0.834576 0.800973 0.480166 0.258843
BD_Bo
 2.50195 1.76002 0.80549 0.476992 0.5939 0.806457 1.0871 0.519903 0.486726 0.267106 0.151651 0.496928 0.768453 0.267745 0.0216411 0.325793 0.833261 0.557637 0.584047 0.702112 1.52388 1.87827 1.71291 1.19462 1.40426 1.58194 1.15735 1.18832 1.74327 1.38839 1.33249 0.798797 0.430607
BD_Brms
 2.67994 1.88523 0.862794 0.510926 0.636151 0.86383 1.16444 0.556889 0.521353 0.286109 0.162439 0.53228 0.823122 0.286793 0.0231807 0.348971 0.892541 0.597309 0.625597 0.752061 1.63229 2.01189 1.83476 1.27961 1.50416 1.69448 1.23969 1.27286 1.86729 1.48716 1.42728 0.855624 0.461241
Sel_flota
 0.492476 0.948551 0.997153 0.99985 0.999992
 0.492476 0.948551 0.997153 0.99985 0.999992
 0.492476 0.948551 0.997153 0.99985 0.999992
 0.492476 0.948551 0.997153 0.99985 0.999992
 0.492476 0.948551 0.997153 0.99985 0.999992
 0.492476 0.948551 0.997153 0.99985 0.999992
 0.492476 0.948551 0.997153 0.99985 0.999992
 0.492476 0.948551 0.997153 0.99985 0.999992
 0.492476 0.948551 0.997153 0.99985 0.999992
 0.492476 0.948551 0.997153 0.99985 0.999992
 0.492476 0.948551 0.997153 0.99985 0.999992
 0.492476 0.948551 0.997153 0.99985 0.999992
 0.492476 0.948551 0.997153 0.99985 0.999992
 0.492476 0.948551 0.997153 0.99985 0.999992
 0.492476 0.948551 0.997153 0.99985 0.999992
 0.492476 0.948551 0.997153 0.99985 0.999992
 0.492476 0.948551 0.997153 0.99985 0.999992
 0.492476 0.948551 0.997153 0.99985 0.999992
 0.492476 0.948551 0.997153 0.99985 0.999992
 0.492476 0.948551 0.997153 0.99985 0.999992
 0.492476 0.948551 0.997153 0.99985 0.999992
 0.492476 0.948551 0.997153 0.99985 0.999992
 0.492476 0.948551 0.997153 0.99985 0.999992
 0.492476 0.948551 0.997153 0.99985 0.999992
 0.492476 0.948551 0.997153 0.99985 0.999992
 0.492476 0.948551 0.997153 0.99985 0.999992
 0.492476 0.948551 0.997153 0.99985 0.999992
 0.492476 0.948551 0.997153 0.99985 0.999992
 0.492476 0.948551 0.997153 0.99985 0.999992
 0.492476 0.948551 0.997153 0.99985 0.999992
 0.492476 0.948551 0.997153 0.99985 0.999992
 0.492476 0.948551 0.997153 0.99985 0.999992
 0.492476 0.948551 0.997153 0.99985 0.999992
Sel_reclas
 0.97225 1 1 1 1
 0.97225 1 1 1 1
 0.97225 1 1 1 1
 0.97225 1 1 1 1
 0.97225 1 1 1 1
 0.97225 1 1 1 1
 0.97225 1 1 1 1
 0.97225 1 1 1 1
 0.97225 1 1 1 1
 0.97225 1 1 1 1
 0.97225 1 1 1 1
 0.97225 1 1 1 1
 0.97225 1 1 1 1
 0.97225 1 1 1 1
 0.97225 1 1 1 1
 0.97225 1 1 1 1
 0.97225 1 1 1 1
 0.97225 1 1 1 1
 0.97225 1 1 1 1
 0.97225 1 1 1 1
 0.97225 1 1 1 1
 0.97225 1 1 1 1
 0.97225 1 1 1 1
 0.97225 1 1 1 1
 0.97225 1 1 1 1
 0.97225 1 1 1 1
 0.97225 1 1 1 1
 0.97225 1 1 1 1
 0.97225 1 1 1 1
 0.97225 1 1 1 1
 0.97225 1 1 1 1
 0.97225 1 1 1 1
 0.97225 1 1 1 1
Sel_pelaces
 0.749576 0.937748 0.986981 0.997386 0.999479
 0.749576 0.937748 0.986981 0.997386 0.999479
 0.749576 0.937748 0.986981 0.997386 0.999479
 0.749576 0.937748 0.986981 0.997386 0.999479
 0.749576 0.937748 0.986981 0.997386 0.999479
 0.749576 0.937748 0.986981 0.997386 0.999479
 0.749576 0.937748 0.986981 0.997386 0.999479
 0.749576 0.937748 0.986981 0.997386 0.999479
 0.749576 0.937748 0.986981 0.997386 0.999479
 0.749576 0.937748 0.986981 0.997386 0.999479
 0.749576 0.937748 0.986981 0.997386 0.999479
 0.749576 0.937748 0.986981 0.997386 0.999479
 0.749576 0.937748 0.986981 0.997386 0.999479
 0.749576 0.937748 0.986981 0.997386 0.999479
 0.749576 0.937748 0.986981 0.997386 0.999479
 0.749576 0.937748 0.986981 0.997386 0.999479
 0.749576 0.937748 0.986981 0.997386 0.999479
 0.749576 0.937748 0.986981 0.997386 0.999479
 0.749576 0.937748 0.986981 0.997386 0.999479
 0.749576 0.937748 0.986981 0.997386 0.999479
 0.749576 0.937748 0.986981 0.997386 0.999479
 0.749576 0.937748 0.986981 0.997386 0.999479
 0.749576 0.937748 0.986981 0.997386 0.999479
 0.749576 0.937748 0.986981 0.997386 0.999479
 0.749576 0.937748 0.986981 0.997386 0.999479
 0.749576 0.937748 0.986981 0.997386 0.999479
 0.749576 0.937748 0.986981 0.997386 0.999479
 0.749576 0.937748 0.986981 0.997386 0.999479
 0.749576 0.937748 0.986981 0.997386 0.999479
 0.749576 0.937748 0.986981 0.997386 0.999479
 0.749576 0.937748 0.986981 0.997386 0.999479
 0.749576 0.937748 0.986981 0.997386 0.999479
 0.749576 0.937748 0.986981 0.997386 0.999479
pf_obs 
 0.8446 0.082 0.0669 0.0065 0
 0.8095 0.147 0.0364 0.0071 0
 0.9664 0.0169 0.016 0.0007 0
 0.9276 0.0648 0.0075 0.0001 0
 0.7033 0.2144 0.0806 0.0017 0
 0.9318 0.0425 0.0243 0.0014 0
 0.5671 0.3108 0.0964 0.0239 0.0018
 0.0768 0.2599 0.5324 0.112 0.0189
 0.490249 0.384438 0.106611 0.0170017 0.00170017
 0.7925 0.1577 0.0466 0.003 0.0002
 0.840416 0.127587 0.0312969 0.00059994 9.999e-05
 0.8084 0.0986 0.0794 0.0134 0.0002
 0.7335 0.1905 0.0724 0.0035 0.0001
 0.4001 0.4547 0.1325 0.0127 0
 0.49795 0.308269 0.164784 0.0264974 0.00249975
 0.9179 0.0499 0.0305 0.0017 0
 0.2467 0.6533 0.0926 0.0074 0
 0.9418 0.0223 0.034 0.0019 0
 0.707729 0.231977 0.0356964 0.0245975 0
 0.517169 0.277429 0.184464 0.0207286 0.00020938
 0.811772 0.124168 0.05621 0.00726502 0.000585176
 0.764997 0.148141 0.077277 0.00933861 0.000247198
 0.163321 0.427699 0.378323 0.0303852 0.000271297
 0.753843 0.0900009 0.118128 0.0371064 0.000921714
 0.721811 0.176058 0.0630433 0.0369309 0.00215725
 0.143369 0.312575 0.442814 0.0836902 0.0175525
 0.692698 0.0596174 0.167031 0.0765114 0.00414204
 0.394062 0.376323 0.152708 0.0712218 0.00568511
 0.125707 0.32114 0.495352 0.0537591 0.00404204
 0.23352 0.215282 0.420074 0.123614 0.00750983
 0.796117 0.104755 0.0508955 0.0450114 0.00322123
 0.162477 0.292055 0.404252 0.121198 0.0200186
 0 0 0 0 0
pf_pred 
 0.518563 0.156781 0.30202 0.0226345 1.04806e-06
 0.39024 0.424328 0.0627975 0.11411 0.00852509
 0.584565 0.245948 0.120421 0.0166572 0.032409
 0.711883 0.219796 0.0415721 0.019026 0.00772276
 0.632733 0.315267 0.0403936 0.0070741 0.00453227
 0.699647 0.233019 0.0582539 0.00705842 0.00202183
 0.405675 0.496232 0.0771693 0.0181108 0.0028132
 0.420915 0.370048 0.176908 0.0253009 0.00682859
 0.494912 0.299361 0.134025 0.0607085 0.0109931
 0.717048 0.200028 0.0506685 0.0210442 0.0112119
 0.854273 0.127846 0.0129807 0.00299999 0.00190007
 0.761188 0.220022 0.0165954 0.00159452 0.000600075
 0.392866 0.533399 0.0682963 0.00480634 0.000633163
 0.424107 0.346838 0.20293 0.0242045 0.0019203
 0.975595 0.0208131 0.00233364 0.00111639 0.000142123
 0.903875 0.0952523 0.000754055 7.73682e-05 4.15203e-05
 0.336675 0.637126 0.0259797 0.000189029 2.96635e-05
 0.857404 0.0770143 0.063163 0.00239846 2.0111e-05
 0.829705 0.161168 0.00514107 0.00384056 0.000146307
 0.774497 0.211238 0.0135729 0.000391017 0.000301536
 0.661179 0.302148 0.0345123 0.00205601 0.000104464
 0.697788 0.245194 0.0512012 0.00547573 0.00034155
 0.233186 0.646207 0.0991434 0.0192815 0.00218217
 0.658494 0.133741 0.176757 0.0255055 0.00550323
 0.711292 0.234278 0.0221582 0.0274695 0.00480208
 0.274758 0.608792 0.0956059 0.00850269 0.0123417
 0.686135 0.13682 0.149974 0.0222387 0.00483298
 0.644797 0.293763 0.0277342 0.0285663 0.00513888
 0.46402 0.4243 0.0933332 0.00829687 0.0100499
 0.569498 0.274519 0.124933 0.0259619 0.00508717
 0.328815 0.490971 0.1173 0.0504223 0.012492
 0.480766 0.271402 0.184534 0.0412527 0.0220451
 0.811122 0.12627 0.0337063 0.0215391 0.00736283
pobs_RECLAS
 0 0 0 0 0
 0 0 0 0 0
 0 0 0 0 0
 0 0 0 0 0
 0 0 0 0 0
 0 0 0 0 0
 0 0 0 0 0
 0 0 0 0 0
 0 0 0 0 0
 0 0 0 0 0
 0.991045 0.00858322 0.000360255 1.14367e-05 0
 0.934742 0.0480273 0.0164251 0.00080598 0
 0.827803 0.169806 0.00239088 0 0
 0.941827 0.0461693 0.0120037 0 0
 0.791401 0.0380133 0.147996 0.0225897 0
 0.846168 0.0940531 0.0597789 0 0
 0.134021 0.677848 0.182769 0.00536245 0
 0.80878 0.0450904 0.141981 0.00414843 0
 0.846168 0.0940531 0.0597789 0 0
 0.905697 0.0802665 0.012482 0.00150086 5.37128e-05
 0.989698 0.0102097 9.19794e-05 0 0
 0.975433 0.0193895 0.00387452 0.00125025 5.28907e-05
 0.303575 0.632131 0.0575291 0.00676475 0
 0.966965 0.00978017 0.0227588 0.000495775 0
 0.843318 0.132988 0.00938335 0.0141283 0.000182051
 0.564624 0.303363 0.111486 0.0197234 0.00080311
 0.826376 0.0876187 0.0782897 0.00655872 0.00115652
 0.89761 0.0855135 0.0140674 0.00269457 0.000114338
 0.34875 0.467042 0.161289 0.0227151 0.000203297
 0.318654 0.224769 0.449479 0.00709798 0
 0.937255 0.0296025 0.0250945 0.00804832 0
 0.456809 0.399803 0.12412 0.0192676 0
 0.883104 0.0372192 0.0704036 0.00927362 0
ppred_RECLAS
 0.679812 0.107962 0.197467 0.0147575 6.83227e-07
 0.557794 0.312907 0.0438727 0.0794883 0.00593763
 0.735893 0.159837 0.0741495 0.0102268 0.0198947
 0.832272 0.129687 0.0231756 0.010574 0.00429134
 0.766874 0.201564 0.0245328 0.00428449 0.00274461
 0.818975 0.142094 0.0336947 0.004071 0.00116593
 0.581395 0.352882 0.0517389 0.0121038 0.00187979
 0.583014 0.271366 0.12329 0.0175842 0.00474519
 0.663689 0.203931 0.0863339 0.0389876 0.00705877
 0.841512 0.114077 0.0271724 0.0112478 0.00599154
 0.917808 0.0725574 0.00699942 0.00161318 0.00102157
 0.861627 0.128023 0.00914433 0.000876018 0.000329626
 0.559008 0.389957 0.0472805 0.00331754 0.000436968
 0.696008 0.190861 0.100296 0.0118921 0.000943179
 0.987976 0.010345 0.00109209 0.000520735 6.62812e-05
 0.949913 0.0496578 0.00037062 3.7905e-05 2.03386e-05
 0.498148 0.48305 0.0186456 0.000135263 2.12229e-05
 0.927251 0.0404054 0.0311545 0.00117905 9.88449e-06
 0.911787 0.0837739 0.00250428 0.00186417 7.10029e-05
 0.871842 0.120469 0.00731705 0.000210152 0.000162034
 0.791212 0.18725 0.020273 0.00120423 6.11765e-05
 0.820089 0.147465 0.0291449 0.00310763 0.000193809
 0.369861 0.535377 0.0779373 0.0151143 0.0017103
 0.793093 0.0836857 0.104876 0.0150898 0.00325537
 0.826632 0.142099 0.0127511 0.0157625 0.00275511
 0.420642 0.490335 0.0731261 0.00648531 0.00941205
 0.812015 0.0844128 0.0877739 0.0129784 0.00282007
 0.777826 0.185426 0.016614 0.0170641 0.00306926
 0.624373 0.300536 0.0627845 0.00556568 0.00674065
 0.719078 0.182495 0.0788787 0.0163458 0.00320244
 0.490184 0.378347 0.08566 0.0367143 0.00909453
 0.645323 0.190104 0.122631 0.0273362 0.014606
 0.895538 0.0711371 0.0179662 0.0114464 0.00391217
pobs_PELACES
 0 0 0 0 0
 0 0 0 0 0
 0 0 0 0 0
 0 0 0 0 0
 0 0 0 0 0
 0 0 0 0 0
 0 0 0 0 0
 0 0 0 0 0
 0 0 0 0 0
 0 0 0 0 0
 0 0 0 0 0
 0 0 0 0 0
 0 0 0 0 0
 0 0 0 0 0
 0 0 0 0 0
 0 0 0 0 0
 0.505614 0.472636 0.0217494 0 0
 0 0 0 0 0
 0.443492 0.261883 0.143347 0.151278 0
 0.227955 0.32914 0.350689 0.0885471 0.00366901
 0.970185 0.0296113 0.000203453 0 0
 0.997202 0.00247181 0.000326279 0 0
 0.445219 0.490057 0.0546422 0.010081 0
 0.90214 0.0892962 0.00764917 0.000914606 0
 0 0 0 0 0
 0.581667 0.319106 0.0959925 0.00289975 0.000334073
 0.762889 0.0836404 0.116647 0.0363945 0.000428098
 0.88444 0.0763242 0.0277011 0.0115352 0
 0.521256 0.241999 0.230069 0.00667565 0
 0.616807 0.101726 0.260614 0.0208532 0
 0.833518 0.0704572 0.0857862 0.0102388 0
 0.697417 0.212968 0.0787535 0.0105354 0.000325836
 0 0 0 0 0
ppred_PELACES
 0.640968 0.117381 0.224687 0.0169634 7.86988e-07
 0.529694 0.328121 0.047925 0.0876954 0.00656424
 0.71227 0.171074 0.0826857 0.0115178 0.0224526
 0.822996 0.135595 0.0251258 0.011575 0.00470727
 0.736824 0.226002 0.0288238 0.00508571 0.00326466
 0.798719 0.156457 0.0387396 0.00472779 0.00135685
 0.573564 0.357473 0.054177 0.0127949 0.0019912
 0.537951 0.295447 0.140822 0.0202927 0.00548754
 0.644637 0.211988 0.0931771 0.0424894 0.00770861
 0.841065 0.113315 0.027803 0.0116163 0.00620043
 0.904508 0.0837926 0.00847391 0.00197317 0.00125214
 0.84996 0.138382 0.0102881 0.000995361 0.000375306
 0.535409 0.40886 0.0515925 0.00365598 0.000482541
 0.7735 0.142792 0.0741504 0.0088537 0.000703546
 0.987809 0.0104372 0.00113681 0.000547166 6.97875e-05
 0.948645 0.0509003 0.000392669 4.05428e-05 2.17984e-05
 0.476561 0.50307 0.0201977 0.00014797 2.32646e-05
 0.926939 0.0400419 0.0317945 0.00121448 1.02023e-05
 0.915191 0.0804195 0.00246621 0.00185256 7.07033e-05
 0.86439 0.127182 0.00801591 0.000232468 0.000179609
 0.772099 0.203482 0.02297 0.0013781 7.01545e-05
 0.806492 0.157448 0.0323576 0.00348422 0.000217743
 0.339005 0.557665 0.0848278 0.0166173 0.00188428
 0.768927 0.0910164 0.11902 0.0172972 0.00373932
 0.806416 0.157219 0.0147382 0.0184033 0.00322338
 0.383573 0.517796 0.0808517 0.00724396 0.010535
 0.788351 0.0926874 0.100655 0.0150334 0.00327339
 0.752547 0.204783 0.0191815 0.0199013 0.00358702
 0.586618 0.327525 0.0716518 0.0064169 0.00778777
 0.684348 0.201564 0.0912373 0.0191008 0.00375001
 0.461444 0.394993 0.0932021 0.040346 0.0100148
 0.610926 0.20404 0.137496 0.0309602 0.0165767
 0.886762 0.0760424 0.019958 0.0128404 0.00439765
pobs_pel_tallas
 0 0 0 0 0 0 0 0 0 0 0 0 0 0 0 0 0 0 0 0 0 0 0 0 0 0
 0 0 0 0 0 0 0 0 0 0 0 0 0 0 0 0 0 0 0 0 0 0 0 0 0 0
 0 0 0 0 0 0 0 0 0 0 0 0 0 0 0 0 0 0 0 0 0 0 0 0 0 0
 0 0 0 0 0 0 0 0 0 0 0 0 0 0 0 0 0 0 0 0 0 0 0 0 0 0
 0 0 0 0 0 0 0 0 0 0 0 0 0 0 0 0 0 0 0 0 0 0 0 0 0 0
 0 0 0 0 0 0 0 0 0 0 0 0 0 0 0 0 0 0 0 0 0 0 0 0 0 0
 0 0 0 0 0 0 0 0 0 0 0 0 0 0 0 0 0 0 0 0 0 0 0 0 0 0
 0 0 0 0 0 0 0 0 0 0 0 0 0 0 0 0 0 0 0 0 0 0 0 0 0 0
 0 0 0 0 0 0 0 0 0 0 0 0 0 0 0 0 0 0 0 0 0 0 0 0 0 0
 0 0 0 0 0 0 0 0 0 0 0 0 0 0 0 0 0 0 0 0 0 0 0 0 0 0
 0 0 0 0 0 0 0 0 0 0 0 0 0 0 0 0 0 0 0 0 0 0 0 0 0 0
 0 0 0 0 0 0 0 0 0 0 0 0 0 0 0 0 0 0 0 0 0 0 0 0 0 0
 0.00862536 0 0 0.000197151 0.00414017 0.0128641 0.00837892 0.0270097 0.101434 0.158115 0.152841 0.127902 0.109271 0.109419 0.0830992 0.0579132 0.0238553 0.00714673 0.00463305 0.00128148 0.00103504 0.000492878 0.000147863 0.000147863 4.92878e-05 0
 0 0 0 0 0 0 0 0 0 0 0 0 0 0 0 0 0 0 0 0 0 0 0 0 0 0
 0 0 0 0 0 0 0 0.0054083 0.00873648 0.0413646 0.0450493 0.0745869 0.0622846 0.0627006 0.0613931 0.0827291 0.12552 0.122667 0.0946155 0.0697135 0.0546179 0.0294188 0.0215738 0.0213955 0.0102223 0.00600262
 0 0 0 0 0.00359764 0.0251062 0.0480494 0.140153 0.205849 0.193036 0.1447 0.116669 0.0760912 0.0342217 0.00950174 0.001854 0.000860785 0 0 0 0.000165536 0 0.000143464 0 0 0
 0 0 0 0 0 0 0 0.000145254 0.000435761 0.0275982 0.070085 0.0708112 0.156366 0.174668 0.174014 0.160142 0.0824315 0.0480064 0.0283245 0.00493863 0.00203355 0 0 0 0 0
 0 0 0 0 0 0 0 0 0 0 0 0 0 0 0 0 0 0 0 0 0 0 0 0 0 0
 0 0 1.00437e-05 0.000401748 0.00122533 0.00171747 0.00176769 0.0269171 0.070346 0.194647 0.189555 0.159765 0.064822 0.0314167 0.0384472 0.0292271 0.0345202 0.0313363 0.0194345 0.0106764 0.0143323 0.0359363 0.0279516 0.0138201 0.00172751 0
 0 0.0021121 0.0136068 0.0755702 0.200478 0.177729 0.0527432 0.0373336 0.0318909 0.0142505 0.0149659 0.0166563 0.0217959 0.0798694 0.0677717 0.0528807 0.04013 0.0224614 0.0357745 0.0225083 0.00881397 0.00855152 0.00135912 0.000746735 0 0
 0 0 0 0 5.4009e-05 0.00500934 0.000945158 0.0243581 0.138947 0.33067 0.221406 0.137944 0.0707744 0.0437923 0.0131692 0.00525238 0.0047753 0.00276346 9.45158e-05 9.00151e-06 2.25038e-05 9.00151e-06 4.50075e-06 0 0 0
 0.000866109 0.00284123 0.00948549 0.0512746 0.133035 0.25785 0.225252 0.132002 0.0553304 0.0519788 0.0540692 0.017754 0.00435017 0.00159236 0.00146478 0.000404838 0.000125132 0.000115318 0.000107957 0.000100596 0 0 0 0 0 0
 0 0 0 0 0.00144013 0.00171154 0.00461396 0.0210425 0.0478622 0.0707936 0.0888783 0.103762 0.0637923 0.0337046 0.0602308 0.124433 0.169614 0.0934646 0.0462172 0.0250306 0.0313229 0.00938855 0.002487 0.000210481 0 0
 0 0.00764035 0.051015 0.0998891 0.058973 0.0496711 0.0374665 0.0718981 0.12319 0.153886 0.159021 0.0857701 0.0377988 0.023471 0.0147837 0.00900784 0.00315554 0.000888139 0.00291439 0.00214683 0.00393193 0.00274676 0.000635225 9.99891e-05 0 0
 0 0 0 0 0 0 0 0 0 0 0 0 0 0 0 0 0 0 0 0 0 0 0 0 0 0
 0 0 0 0 0 0 0 0 0 0 0 0 0 0 0 0 0 0 0 0 0 0 0 0 0 0
 0 0 0 0 0 0 0 0 0 0 0 0 0 0 0 0 0 0 0 0 0 0 0 0 0 0
 0 0 0 0 0 0 0 0 0 0 0 0 0 0 0 0 0 0 0 0 0 0 0 0 0 0
 0 0 0 0 0 0 0 0 0 0 0 0 0 0 0 0 0 0 0 0 0 0 0 0 0 0
 0 0 0 0 0 0 0 0 0 0 0 0 0 0 0 0 0 0 0 0 0 0 0 0 0 0
 0 0 0 0 0 0 0 0 0 0 0 0 0 0 0 0 0 0 0 0 0 0 0 0 0 0
 0 0 0 0 0 0 0 0 0 0 0 0 0 0 0 0 0 0 0 0 0 0 0 0 0 0
 0 0 0 0 0 0 0 0 0 0 0 0 0 0 0 0 0 0 0 0 0 0 0 0 0 0
ppred_pel_tallas
 1.08216e-16 5.27957e-05 0.000513193 0.00341035 0.0155029 0.0482355 0.102771 0.15 0.150012 0.102828 0.0484279 0.0160628 0.00483139 0.00366695 0.0061933 0.0105481 0.0161024 0.022145 0.0279163 0.0329541 0.0371641 0.0404923 0.0425444 0.0425985 0.0400593 0.0349673
 1.11373e-16 4.36303e-05 0.000424102 0.00281831 0.0128116 0.0398619 0.0849312 0.123966 0.123998 0.0850859 0.0403814 0.0143127 0.00658803 0.00866021 0.0157068 0.0259581 0.0375446 0.0475737 0.0531625 0.0530771 0.0485001 0.0422132 0.036841 0.0335136 0.0317491 0.0302768
 1.07385e-16 5.86687e-05 0.000570281 0.00378972 0.0172275 0.0536013 0.114204 0.166687 0.166704 0.114285 0.0538739 0.018016 0.00577357 0.0049168 0.00835999 0.0138502 0.0202341 0.0260539 0.0298574 0.0309763 0.0298828 0.0277697 0.0257111 0.0240889 0.022635 0.0208729
 1.02718e-16 6.77892e-05 0.000658935 0.00437885 0.0199056 0.0619339 0.131957 0.192598 0.192611 0.132021 0.0621486 0.0205259 0.0059364 0.00406125 0.00653601 0.0107158 0.0154729 0.0195512 0.0217218 0.0214272 0.0191082 0.0158895 0.0128836 0.0106562 0.00916724 0.00806534
 1.01953e-16 6.06913e-05 0.000589941 0.00392036 0.0178214 0.0554492 0.118141 0.172435 0.172457 0.118248 0.0558064 0.0188533 0.00651016 0.00624257 0.0107934 0.0177404 0.0255329 0.0320718 0.0352587 0.0341233 0.029396 0.023008 0.0169359 0.0122915 0.00917892 0.00713486
 1.01862e-16 6.57895e-05 0.000639497 0.00424968 0.0193185 0.060107 0.128065 0.186917 0.186933 0.128139 0.0603549 0.0200349 0.0060493 0.00457206 0.00754609 0.0124012 0.0179277 0.022688 0.0252563 0.0249625 0.0222682 0.0184139 0.0146411 0.0116057 0.00932714 0.00751702
 1.03275e-16 4.72438e-05 0.000459227 0.00305172 0.0138727 0.0431634 0.0919654 0.134233 0.134268 0.0921338 0.0437288 0.0155059 0.00715139 0.0094097 0.0170483 0.0281161 0.0405123 0.0509748 0.056203 0.0546658 0.0474986 0.037707 0.0283489 0.0211162 0.0161358 0.0126829
 1.07104e-16 4.43104e-05 0.000430713 0.00286224 0.0130113 0.0404833 0.086255 0.125898 0.125926 0.0863949 0.0409538 0.0143723 0.00628589 0.00792964 0.0143596 0.0238607 0.0348141 0.0447095 0.0509845 0.0524098 0.0497237 0.0449347 0.0399112 0.0354249 0.0312295 0.0267907
 1.08309e-16 5.3098e-05 0.000516131 0.00342987 0.0155917 0.0485117 0.10336 0.150861 0.150882 0.103461 0.0488493 0.0165682 0.0058864 0.00589727 0.0103278 0.0171351 0.0250227 0.0321991 0.0368711 0.0382239 0.0368607 0.0342711 0.0317761 0.0298098 0.0279812 0.0256536
 1.03046e-16 6.92775e-05 0.000673402 0.00447499 0.0203427 0.0632936 0.134854 0.196826 0.196837 0.134908 0.0634733 0.0208618 0.00577933 0.00352455 0.00549535 0.00900519 0.0130372 0.0165489 0.0185299 0.018524 0.0168925 0.0145454 0.0123622 0.0107583 0.009653 0.00873036
 1.00676e-16 7.45032e-05 0.000724197 0.00481255 0.0218771 0.0680679 0.145026 0.211672 0.21168 0.145066 0.0682003 0.0222595 0.00577196 0.00281774 0.00404798 0.00656756 0.00943801 0.0118358 0.0129766 0.0125006 0.0106843 0.00825468 0.00595908 0.004222 0.00308697 0.00237725
 1.00496e-16 7.00101e-05 0.000680523 0.00452232 0.0205578 0.063963 0.13628 0.198908 0.198921 0.136346 0.0641815 0.0211887 0.00610514 0.00413325 0.00661967 0.0108125 0.0155211 0.019416 0.021193 0.020249 0.0170412 0.0127859 0.00874747 0.00566631 0.0036521 0.00243803
 1.02042e-16 4.4101e-05 0.000428677 0.00284871 0.0129499 0.040292 0.0858479 0.125306 0.125345 0.0860404 0.0409383 0.0148163 0.0075329 0.0106518 0.0194521 0.0320678 0.0461399 0.05791 0.063565 0.0613258 0.0524928 0.0405518 0.0290968 0.0201897 0.0140973 0.0100692
 1.03184e-16 6.37122e-05 0.000619305 0.0041155 0.0187085 0.0582091 0.124021 0.181015 0.181029 0.124089 0.0584367 0.0193669 0.00577216 0.00424922 0.00699683 0.0115685 0.0168959 0.0217398 0.024863 0.0256654 0.0244828 0.022252 0.019838 0.0175896 0.0153915 0.0130206
 1.00103e-16 8.13645e-05 0.000790892 0.00525576 0.0238919 0.0743366 0.158382 0.231163 0.231164 0.158387 0.0743531 0.0239395 0.00537531 0.00105182 0.000576712 0.00082413 0.0011781 0.00147888 0.00162496 0.00157176 0.00135377 0.00106103 0.000785297 0.000577592 0.000441404 0.000353399
 1.00033e-16 7.81386e-05 0.000759535 0.00504738 0.0229447 0.0713894 0.152103 0.221999 0.222004 0.152127 0.0714696 0.0231763 0.00562834 0.00202596 0.00247797 0.00395889 0.00566237 0.00705096 0.00763591 0.00719406 0.00590073 0.0042201 0.00264047 0.00145617 0.000719669 0.000330253
 1.00731e-16 3.92538e-05 0.000381561 0.00253561 0.0115265 0.0358636 0.076413 0.111537 0.111585 0.0766494 0.0366573 0.013818 0.00828328 0.0129148 0.0238008 0.0391767 0.0561755 0.0700999 0.0761868 0.0722334 0.0599329 0.0437909 0.0285261 0.0169544 0.00955446 0.0053633
 1.01052e-16 7.63507e-05 0.000742156 0.00493189 0.0224197 0.0697559 0.148622 0.21692 0.216924 0.148642 0.0698201 0.0226055 0.00540024 0.0017709 0.00204858 0.00331379 0.00487711 0.00636228 0.00743231 0.00791642 0.00788041 0.00753113 0.00704187 0.00645364 0.00571595 0.0047967
 1.0029e-16 7.53831e-05 0.00073275 0.00486938 0.0221355 0.0688719 0.146739 0.214172 0.214179 0.146777 0.0689987 0.0225018 0.00578809 0.00273603 0.00387331 0.00626663 0.00897926 0.0112062 0.0121842 0.011565 0.00962408 0.00708584 0.00470497 0.00292575 0.00181251 0.00119585
 1.00318e-16 7.11987e-05 0.000692077 0.00459909 0.0209068 0.0650489 0.138594 0.202285 0.202297 0.138654 0.0652497 0.0214865 0.00605323 0.00386367 0.00608634 0.00992735 0.014242 0.0177995 0.019397 0.0184783 0.0154654 0.0114831 0.00770462 0.0048232 0.00294962 0.00184261
 1.00866e-16 6.35968e-05 0.000618184 0.00410805 0.0186746 0.0581038 0.123797 0.180689 0.180709 0.123893 0.0584253 0.0196032 0.00643827 0.00570312 0.00971498 0.0159445 0.0229246 0.0287458 0.031503 0.0303088 0.0258159 0.0197722 0.0139855 0.00950063 0.00646198 0.00449601
 1.01361e-16 6.64297e-05 0.000645721 0.00429104 0.0195065 0.0606919 0.129311 0.188737 0.188752 0.129385 0.0609412 0.0202267 0.00609952 0.00459589 0.00757501 0.0124345 0.0179437 0.0226412 0.0250777 0.0245734 0.0216033 0.017447 0.0134007 0.010174 0.00782092 0.00605888
 1.04576e-16 2.79235e-05 0.000271427 0.00180373 0.00819952 0.025512 0.0543581 0.0793485 0.0794022 0.0546208 0.0263941 0.0107472 0.00819903 0.0142335 0.0265476 0.043852 0.0631841 0.0794859 0.0876037 0.0851392 0.0738543 0.0584339 0.0436547 0.0321767 0.02423 0.0187201
 1.05826e-16 6.33355e-05 0.000615644 0.00409117 0.0185979 0.0578649 0.123288 0.179944 0.179953 0.123331 0.0580124 0.019026 0.00517395 0.00300649 0.00468352 0.0078502 0.0117867 0.0158333 0.0193327 0.0219396 0.0237268 0.0249372 0.0256187 0.0254997 0.0242088 0.0216158
 1.02857e-16 6.64235e-05 0.00064566 0.00429064 0.0195046 0.0606862 0.129299 0.188719 0.188734 0.129373 0.0609347 0.0202223 0.00609177 0.00457688 0.00753086 0.0123415 0.0177667 0.022338 0.0246157 0.0239577 0.0209117 0.0168504 0.0131459 0.0105178 0.00893438 0.00794577
 1.04975e-16 3.15945e-05 0.00030711 0.00204086 0.00927746 0.0288659 0.0615037 0.0897769 0.0898268 0.0617476 0.0296849 0.0116431 0.0079794 0.0132723 0.0246586 0.0407249 0.0586829 0.0738339 0.0813949 0.0791418 0.0687141 0.0544669 0.0408422 0.0303156 0.0231002 0.0181662
 1.04991e-16 6.49355e-05 0.000631196 0.00419452 0.0190677 0.0593267 0.126402 0.184489 0.184499 0.126446 0.0594762 0.0195012 0.00528959 0.00304414 0.00471319 0.00786045 0.0117167 0.0155689 0.0187115 0.0207848 0.0219056 0.0224236 0.0225298 0.0220837 0.0207839 0.0184852
 1.03209e-16 6.19863e-05 0.000602529 0.00400402 0.0182017 0.0566324 0.120662 0.176114 0.176134 0.120758 0.056956 0.0191363 0.00634965 0.00572182 0.00978112 0.0160643 0.0231198 0.0290487 0.0319681 0.0310322 0.0269459 0.0214961 0.0164805 0.0128607 0.0106302 0.0092383
 1.04113e-16 4.83191e-05 0.000469678 0.00312118 0.0141884 0.0441457 0.0940582 0.137287 0.137319 0.0942127 0.0446644 0.0156872 0.00688506 0.0086923 0.0156822 0.0258949 0.0374032 0.0472531 0.0524529 0.0516035 0.0456996 0.037395 0.0293592 0.0230248 0.0184514 0.0150005
 1.05235e-16 5.63688e-05 0.000547925 0.00364116 0.0165522 0.0515001 0.109727 0.160154 0.160174 0.109823 0.051821 0.0174802 0.00597566 0.00566052 0.00981413 0.0162611 0.0237129 0.0304342 0.0346779 0.0356162 0.0337726 0.0305422 0.0272181 0.024326 0.0216711 0.0188413
 1.08532e-16 3.80086e-05 0.000369457 0.00245518 0.0111609 0.0347259 0.0739886 0.107996 0.108035 0.074175 0.0353519 0.0129701 0.00699988 0.0103022 0.0189366 0.0313375 0.0453576 0.0575065 0.0642491 0.0639691 0.0579053 0.0492271 0.041026 0.0348082 0.0303779 0.0267309
 1.09931e-16 5.03212e-05 0.00048914 0.00325051 0.0147764 0.0459748 0.097955 0.142972 0.142992 0.098052 0.0463012 0.0157214 0.00563155 0.00571609 0.010063 0.0167818 0.0246988 0.0321733 0.0375464 0.0400372 0.0401203 0.0390052 0.0376728 0.0362879 0.0343643 0.0313659
 1.02628e-16 7.30414e-05 0.000709988 0.00471812 0.0214479 0.0667324 0.142181 0.207519 0.207526 0.142217 0.0668531 0.0217966 0.00559437 0.00262611 0.0037219 0.00606373 0.00879137 0.0111933 0.0126015 0.0127211 0.0118003 0.0104441 0.00922122 0.00837427 0.00780608 0.00726762
pSPR Fmed_Fpbrs
1   0.983583 0.6 0.325 0.983583 0.983583 0.983583
Fs Fmed_Fpbrs
0   0.01 0.351188 0.903347 0.01 0.01 0.01
SSBpbr Bo_Bmed_Bpbrs
475135  451378  443578 261324 130662 443578 443578 443578
Ro
109716
SPR SPRFo_SPRFmed_SPRFpbrs
790428 790428 777452
Fref
0
Nvult_r0
 102340 10422.2 2704.67 1725.75 589.875
CTP_r0
 28733.8 4473.08 1194.04 763.017 260.826
YTP_r0
356540
Np
 136268 50130.2 18441.9 6784.38 3414
Nvult_p0
 86137.8 31688.3 11657.5 4288.55 2158.06
CTP_p0
 0 0 0 0 0
 0 0 0 0 0
 0 0 0 0 0
 0 0 0 0 0
 0 0 0 0 0
 0 0 0 0 0
YTP_p0
 0 0 0 0 0 0
CBA_c0
0
log_Ro
11.4256
likeval ReclasPelacesDesembMPH_pf_preclas_ppelaces_ptallas_desvR_qrecl_qpela
 37.3774 18.2186 0.0598148 103.458 248.552 147.826 129.43 0 26.8533 2.77708e-05 6.88166e-05 0.117978 2066.74 0 0
q_reclas_q_pelaces
2.10699 3.23223
M
1
N
 165625 27726 51150.8 3824.53 0.177068
 81040 51171.2 7287.59 13215 987.183
 89066.7 21728.9 10236.4 1413.03 2748.95
 128078 23991.2 4385.39 2003.37 813.101
 109498 29794 3650.63 637.795 408.575
 186273 35176.4 8442.32 1020.68 292.334
 70408.1 53702.3 8091.98 1895.91 294.47
 31407.6 14882.4 6794.78 969.365 261.592
 28846.2 10461.3 4521.22 2044.09 370.107
 39004.8 6981.57 1718.1 712.484 379.566
 91103.5 7409.09 719.049 165.777 104.983
 175324 29667.5 2155.09 206.649 77.7611
 57608.8 45834.9 5652.63 397.003 52.2937
 22979.1 15012.9 8679.85 1034.64 82.0819
 90306 1220.11 132.747 63.4027 8.07086
 274262 18028.8 138.297 14.1659 7.60154
 51904 57889.4 2274.89 16.5194 2.59205
 229972 13282.6 10585.4 401.339 3.36493
 336919 43323.3 1346.34 1004.37 38.259
 343421 56437.9 3502.36 100.711 77.6562
 310834 81752.4 8978.1 533.727 27.1152
 412546 85671.1 17245.5 1840.7 114.802
 67086.1 104648 15402.2 2988.74 338.209
 170394 19760.7 25090 3612.63 779.394
 258867 48102.9 4365.48 5399.86 943.867
 62044.3 75746.2 11386.3 1010.26 1466.21
 172251 19438 20450.7 3025.84 657.509
 195725 49945.3 4521.16 4646.29 835.736
 116321 58494.8 12314.1 1092.07 1322.65
 138287 36637.1 15955.9 3307.88 648.09
 50547.4 43629.3 10026.3 4300.9 1065.42
 43142.1 13745.6 8968.1 2000.38 1068.86
 136268 12609.2 3246.48 2070.57 707.721
pred_Ctot
 17009 5142.47 9906.32 742.417 0.0343767
 14252.2 15497.2 2293.47 4167.47 311.351
 15464 6506.26 3185.59 440.646 857.342
 30889.1 9537.09 1803.84 825.55 335.096
 8870.88 4420.03 566.316 99.1784 63.5422
 25982 8653.38 2163.31 262.121 75.0827
 19797.9 24217.3 3766.04 883.851 137.29
 1893.33 1664.52 795.753 113.807 30.7159
 6452.92 3903.22 1747.49 791.548 143.334
 12573.4 3507.46 888.466 369.007 196.6
 6677.5 999.321 101.464 23.4497 14.852
 32970 9530.03 718.809 69.0648 25.9916
 10920.5 14826.9 1898.43 133.602 17.6
 14347 11733.1 6864.87 818.806 64.9611
 27418.9 584.947 65.5865 31.3758 3.99433
 77275.7 8143.48 64.467 6.6145 3.54972
 10284.7 19462.7 793.62 5.77442 0.906152
 74833.6 6721.76 5512.83 209.336 1.75527
 123498 23989.2 765.228 571.653 21.7773
 79354.5 21643.3 1390.67 40.0634 30.8952
 50448 23053.9 2633.29 156.874 7.97063
 83440.4 29319.9 6122.55 654.779 40.842
 8606.54 23850.5 3659.22 711.65 80.5406
 25600.5 5199.48 6871.84 991.588 213.951
 34112 11235.4 1062.66 1317.37 230.297
 5896.39 13064.9 2051.73 182.471 264.856
 23514.9 4689.02 5139.82 762.154 165.634
 23607.5 10755.3 1015.41 1045.88 188.146
 10711.1 9794.24 2154.44 191.519 231.984
 12603.4 6075.32 2764.87 574.556 112.583
 8540.46 12752.2 3046.7 1309.64 324.462
 5710.94 3223.94 2192.05 490.035 261.87
 28733.8 4473.08 1194.04 763.017 260.826
F
 0.17455 0.336198 0.353425 0.35438 0.354431
 0.316301 0.609223 0.640439 0.642171 0.642262
 0.311701 0.600362 0.631124 0.632831 0.632921
 0.458331 0.882784 0.928017 0.930527 0.930659
 0.135534 0.261051 0.274427 0.275169 0.275208
 0.243759 0.469501 0.493558 0.494892 0.494963
 0.554129 1.0673 1.12199 1.12502 1.12518
 0.0993713 0.191398 0.201205 0.201749 0.201777
 0.418703 0.806458 0.84778 0.850073 0.850194
 0.660977 1.2731 1.33833 1.34195 1.34214
 0.121944 0.234876 0.24691 0.247578 0.247613
 0.34159 0.657932 0.691643 0.693514 0.693612
 0.344763 0.664043 0.698067 0.699955 0.700055
 1.93565 3.72822 3.91925 3.92985 3.93041
 0.611233 1.17729 1.23761 1.24096 1.24113
 0.555551 1.07004 1.12487 1.12791 1.12807
 0.362944 0.699061 0.73488 0.736868 0.736972
 0.669265 1.28906 1.35511 1.35878 1.35897
 0.786701 1.51525 1.59289 1.5972 1.59743
 0.435262 0.838353 0.881309 0.883692 0.883818
 0.288744 0.556146 0.584642 0.586223 0.586307
 0.371743 0.716008 0.752696 0.754731 0.754839
 0.222283 0.428135 0.450072 0.451289 0.451354
 0.264768 0.509966 0.536096 0.537546 0.537623
 0.228926 0.440931 0.463524 0.464777 0.464843
 0.160621 0.30937 0.325221 0.326101 0.326147
 0.238026 0.458459 0.48195 0.483253 0.483322
 0.207771 0.400186 0.420691 0.421828 0.421888
 0.155294 0.29911 0.314436 0.315286 0.315331
 0.1536 0.295846 0.311005 0.311846 0.31189
 0.302196 0.582055 0.611879 0.613533 0.613621
 0.230076 0.443145 0.465852 0.467111 0.467178
 0.390373 0.751893 0.790419 0.792556 0.792669
YTP_r0W_actual
 216653 78055.2 28740.4 23897.7 9194.13
YTP_p0W_proyectada
 0 0 0 0 0
 0 0 0 0 0
 0 0 0 0 0
 0 0 0 0 0
 0 0 0 0 0
 0 0 0 0 0
CTP_r0_actual
 28733.8 4473.08 1194.04 763.017 260.826
CTP_p0_proyectada
 0 0 0 0 0
 0 0 0 0 0
 0 0 0 0 0
 0 0 0 0 0
 0 0 0 0 0
 0 0 0 0 0
Wmedp
 7.54 17.45 24.07 31.32 35.25
Frms_r0
 0.390373 0.751893 0.790419 0.792556 0.792669
Zrms_r0
 1.39037 1.75189 1.79042 1.79256 1.79267
nmprior
 7.29 8.9 8.7 0
nm_flota  nm_reclas  nm_pelaces    nm_pelaL
inf 11.3696 10.8457 28.1424
cv_recla  cv_pelaces  cv_mph
0.529462 0.467572 0.407764
 ------------------------------------------------
Talla a la edad & desviaci?n 
 8 13.2811 15.8009 17.003 17.5766
 0.8 1.32811 1.58009 1.7003 1.75766
