years
 1991 1992 1993 1994 1995 1996 1997 1998 1999 2000 2001 2002 2003 2004 2005 2006 2007 2008 2009 2010 2011 2012 2013 2014 2015 2016 2017 2018 2019 2020 2021 2022 2023
reclasobs
 0 0 0 0 0 0 0 0 0 252601 567819 844713 477998 351125 339783 2.1784e+06 2.13404e+06 4.81314e+06 1.55562e+06 2.62356e+06 3.21686e+06 3.843e+06 1.13348e+06 3.07943e+06 1.97215e+06 2.03268e+06 2.025e+06 2.42433e+06 2.27542e+06 1.05018e+06 2.36338e+06 3.18982e+06 1.53035e+06
reclaspred
 3.41478e+06 1.91747e+06 1.03028e+06 1.4101e+06 1.67272e+06 2.52506e+06 1.80604e+06 1.68802e+06 1.21168e+06 894389 869210 832842 510771 117661 598075 1.10048e+06 1.00989e+06 1.27398e+06 1.49307e+06 1.97803e+06 3.81343e+06 3.0537e+06 2.44945e+06 3.21459e+06 2.7581e+06 2.48819e+06 2.78162e+06 2.96296e+06 2.80698e+06 2.40838e+06 1.69137e+06 1.42629e+06 1.7948e+06
pelacesobs
 0 0 0 0 0 0 0 0 0 0 0 0 0 0 0 552880 188675 0 991730 2.46772e+06 1.41603e+06 1.21717e+06 2.29649e+06 1.80582e+06 0 1.4828e+06 1.56532e+06 1.57751e+06 1.42118e+06 867257 1.10002e+06 1.06204e+06 0
pelacespred
 1.82361e+06 1.14609e+06 610117 691077 834197 1.33505e+06 958028 1.01319e+06 741621 528610 514045 415886 264447 44619.9 336659 514503 467067 631348 787784 921938 1.889e+06 1.69353e+06 1.3404e+06 1.89058e+06 1.54481e+06 1.37421e+06 1.80056e+06 1.73445e+06 1.46177e+06 1.42241e+06 957656 795651 970046
mphobs
 0 0 0 0 0 0 0 0 0 0 0 0 498337 0 5186 125008 0 168611 109162 213762 579715 649985 157893 87575 83554 210694 70296 0 107559 103333 445601 22526 28222
mphpred
 967214 649405 325687 196211 311462 397948 512336 375520 326410 232043 155249 191780 160786 61141.5 8972.76 108114 230682 200200 190429 249452 508217 635350 115341 96947.9 119911 113455 96138.9 99786.7 135738 120100 88425.4 63479.4 40256.8
desembarqueobs
 494567 514787 250237 358949 120608 361735 552515 73892 212993 205616 52469 317467 293654 387597 252695 516296 358380 742168 942051 627588 828172 859565 418607 520667 417249 300574 415391 372974 316634 284311 391294 218835 356480
desembarquepred
 494570 512824 251425 358969 120611 361756 552593 73894.8 213036 205658 52470.2 317503 294194 389463 252686 516310 358500 742417 941797 627454 828278 859644 418670 520759 417224 300611 415433 372976 316610 284257 391484 218894 356510
Reclutas
 224214 115754 162819 369099 315614 427137 188974 99778 79723.2 100510 187126 131787 46949.8 20406.3 162773 417495 89156.7 311750 528391 629137 624796 775594 161516 410627 550721 163576 409451 488297 278110 238176 123071 100483 370039
log_desv_Rt
 0.0456594 -0.615471 -0.274301 0.544124 0.38758 0.690163 -0.125333 -0.763993 -0.98838 -0.75668 -0.13516 -0.485756 -1.51786 -2.3511 -0.274584 0.667331 -0.876546 0.37526 0.902896 1.07741 1.07048 1.28669 -0.282334 0.650743 0.944287 -0.269665 0.647877 0.823982 0.261077 0.106069 -0.554182 -0.756956 0.546667
SSB
 3.93548e+06 2.64235e+06 1.32518e+06 798360 1.2673e+06 1.6192e+06 2.08463e+06 1.52795e+06 1.32812e+06 944154 631690 780329 626418 241083 35399.8 426860 938619 814590 800780 1.0154e+06 2.11371e+06 2.74974e+06 2.56731e+06 2.08854e+06 2.43676e+06 2.43306e+06 1.95413e+06 1.95979e+06 2.75463e+06 2.30735e+06 1.91018e+06 1.41135e+06 829834
BT
 5.24139e+06 3.53956e+06 1.86513e+06 2.11945e+06 2.29151e+06 3.82071e+06 3.03532e+06 2.73169e+06 2.17007e+06 1.59501e+06 1.40328e+06 1.37242e+06 972764 527101 1.13589e+06 1.79553e+06 1.51943e+06 2.32268e+06 2.99725e+06 2.95425e+06 5.62319e+06 5.30025e+06 3.90368e+06 5.46943e+06 4.46504e+06 3.88239e+06 5.17224e+06 4.93503e+06 4.11476e+06 4.01429e+06 2.90172e+06 2.29328e+06 2.87575e+06
Ftot
 0.114563 0.206321 0.197544 0.254904 0.0658944 0.136919 0.250865 0.037722 0.15066 0.196351 0.0601669 0.329663 0.456196 2.16863 0.555202 0.527781 0.301891 0.563688 0.667367 0.338781 0.208144 0.26215 0.141405 0.158002 0.140945 0.10189 0.147042 0.13059 0.0947246 0.102932 0.19378 0.129694 0.213425
BD_Bspro_t
 0.981938 0.873216 0.740239 0.688724 0.749254 0.817512 0.810233 0.724914 0.769981 0.742994 0.719429 0.813848 0.667791 0.373242 0.0994278 0.541781 0.608473 0.544999 0.494283 0.513688 0.628653 0.681215 0.696066 0.692153 0.75503 0.793426 0.791201 0.809152 0.847845 0.8275 0.809397 0.750222 0.738597
BD_Bspro
 2.55018 1.71223 0.858713 0.517335 0.821206 1.04924 1.35084 0.990105 0.86062 0.611809 0.409333 0.505651 0.405917 0.156221 0.022939 0.276604 0.608222 0.527852 0.518903 0.657976 1.36967 1.78183 1.66361 1.35337 1.57902 1.57661 1.26627 1.26994 1.78499 1.49516 1.23779 0.914553 0.53773
BD_Bo
 2.405 1.61476 0.809828 0.487884 0.774457 0.989507 1.27393 0.93374 0.811626 0.57698 0.386031 0.476865 0.382809 0.147328 0.0216331 0.260858 0.573597 0.497802 0.489363 0.620518 1.2917 1.68039 1.5689 1.27632 1.48913 1.48686 1.19419 1.19764 1.68337 1.41004 1.16733 0.862489 0.507118
BD_Brms
 2.57714 1.73034 0.867792 0.522804 0.829889 1.06033 1.36512 1.00057 0.869718 0.618277 0.413661 0.510996 0.410208 0.157873 0.0231815 0.279529 0.614652 0.533432 0.524389 0.664932 1.38416 1.80066 1.68119 1.36768 1.59571 1.59328 1.27966 1.28336 1.80386 1.51096 1.25088 0.924222 0.543415
Sel_flota
 0.526711 0.954842 0.997517 0.999869 0.999993
 0.526711 0.954842 0.997517 0.999869 0.999993
 0.526711 0.954842 0.997517 0.999869 0.999993
 0.526711 0.954842 0.997517 0.999869 0.999993
 0.526711 0.954842 0.997517 0.999869 0.999993
 0.526711 0.954842 0.997517 0.999869 0.999993
 0.526711 0.954842 0.997517 0.999869 0.999993
 0.526711 0.954842 0.997517 0.999869 0.999993
 0.526711 0.954842 0.997517 0.999869 0.999993
 0.526711 0.954842 0.997517 0.999869 0.999993
 0.526711 0.954842 0.997517 0.999869 0.999993
 0.526711 0.954842 0.997517 0.999869 0.999993
 0.526711 0.954842 0.997517 0.999869 0.999993
 0.526711 0.954842 0.997517 0.999869 0.999993
 0.526711 0.954842 0.997517 0.999869 0.999993
 0.526711 0.954842 0.997517 0.999869 0.999993
 0.526711 0.954842 0.997517 0.999869 0.999993
 0.526711 0.954842 0.997517 0.999869 0.999993
 0.526711 0.954842 0.997517 0.999869 0.999993
 0.526711 0.954842 0.997517 0.999869 0.999993
 0.526711 0.954842 0.997517 0.999869 0.999993
 0.526711 0.954842 0.997517 0.999869 0.999993
 0.526711 0.954842 0.997517 0.999869 0.999993
 0.526711 0.954842 0.997517 0.999869 0.999993
 0.526711 0.954842 0.997517 0.999869 0.999993
 0.526711 0.954842 0.997517 0.999869 0.999993
 0.526711 0.954842 0.997517 0.999869 0.999993
 0.526711 0.954842 0.997517 0.999869 0.999993
 0.526711 0.954842 0.997517 0.999869 0.999993
 0.526711 0.954842 0.997517 0.999869 0.999993
 0.526711 0.954842 0.997517 0.999869 0.999993
 0.526711 0.954842 0.997517 0.999869 0.999993
 0.526711 0.954842 0.997517 0.999869 0.999993
Sel_reclas
 1 1 1 1 1
 1 1 1 1 1
 1 1 1 1 1
 1 1 1 1 1
 1 1 1 1 1
 1 1 1 1 1
 1 1 1 1 1
 1 1 1 1 1
 1 1 1 1 1
 1 1 1 1 1
 1 1 1 1 1
 1 1 1 1 1
 1 1 1 1 1
 1 1 1 1 1
 1 1 1 1 1
 1 1 1 1 1
 1 1 1 1 1
 1 1 1 1 1
 1 1 1 1 1
 1 1 1 1 1
 1 1 1 1 1
 1 1 1 1 1
 1 1 1 1 1
 1 1 1 1 1
 1 1 1 1 1
 1 1 1 1 1
 1 1 1 1 1
 1 1 1 1 1
 1 1 1 1 1
 1 1 1 1 1
 1 1 1 1 1
 1 1 1 1 1
 1 1 1 1 1
Sel_pelaces
 1 1 1 1 1
 1 1 1 1 1
 1 1 1 1 1
 1 1 1 1 1
 1 1 1 1 1
 1 1 1 1 1
 1 1 1 1 1
 1 1 1 1 1
 1 1 1 1 1
 1 1 1 1 1
 1 1 1 1 1
 1 1 1 1 1
 1 1 1 1 1
 1 1 1 1 1
 1 1 1 1 1
 1 1 1 1 1
 1 1 1 1 1
 1 1 1 1 1
 1 1 1 1 1
 1 1 1 1 1
 1 1 1 1 1
 1 1 1 1 1
 1 1 1 1 1
 1 1 1 1 1
 1 1 1 1 1
 1 1 1 1 1
 1 1 1 1 1
 1 1 1 1 1
 1 1 1 1 1
 1 1 1 1 1
 1 1 1 1 1
 1 1 1 1 1
 1 1 1 1 1
pf_obs 
 0.8446 0.082 0.0669 0.0065 0
 0.8095 0.147 0.0364 0.0071 0
 0.9664 0.0169 0.016 0.0007 0
 0.9276 0.0648 0.0075 0.0001 0
 0.7033 0.2144 0.0806 0.0017 0
 0.9318 0.0425 0.0243 0.0014 0
 0.5671 0.3108 0.0964 0.0239 0.0018
 0.0768 0.2599 0.5324 0.112 0.0189
 0.490249 0.384438 0.106611 0.0170017 0.00170017
 0.7925 0.1577 0.0466 0.003 0.0002
 0.840416 0.127587 0.0312969 0.00059994 9.999e-05
 0.8084 0.0986 0.0794 0.0134 0.0002
 0.7335 0.1905 0.0724 0.0035 0.0001
 0.4001 0.4547 0.1325 0.0127 0
 0.49795 0.308269 0.164784 0.0264974 0.00249975
 0.9179 0.0499 0.0305 0.0017 0
 0.2467 0.6533 0.0926 0.0074 0
 0.9418 0.0223 0.034 0.0019 0
 0.707729 0.231977 0.0356964 0.0245975 0
 0.517169 0.277429 0.184464 0.0207286 0.00020938
 0.811772 0.124168 0.05621 0.00726502 0.000585176
 0.764997 0.148141 0.077277 0.00933861 0.000247198
 0.163321 0.427699 0.378323 0.0303852 0.000271297
 0.753843 0.0900009 0.118128 0.0371064 0.000921714
 0.721811 0.176058 0.0630433 0.0369309 0.00215725
 0.143369 0.312575 0.442814 0.0836902 0.0175525
 0.692698 0.0596174 0.167031 0.0765114 0.00414204
 0.394062 0.376323 0.152708 0.0712218 0.00568511
 0.125707 0.32114 0.495352 0.0537591 0.00404204
 0.23352 0.215282 0.420074 0.123614 0.00750983
 0.796117 0.104755 0.0508955 0.0450114 0.00322123
 0.162477 0.292055 0.404252 0.121198 0.0200186
 0 0 0 0 0
pf_pred 
 0.338933 0.104781 0.53116 0.0251245 9.7288e-07
 0.293842 0.344765 0.0594625 0.288324 0.0136059
 0.516541 0.212263 0.135722 0.0223377 0.113136
 0.724701 0.183861 0.0412293 0.0251609 0.0250486
 0.552521 0.372406 0.0509549 0.010891 0.0132279
 0.59668 0.277258 0.105674 0.0138484 0.00653926
 0.352202 0.473026 0.121838 0.0443912 0.00854316
 0.314711 0.345973 0.250985 0.0616266 0.0267048
 0.361746 0.288288 0.180448 0.125465 0.0440532
 0.520474 0.245771 0.108285 0.0647724 0.0606977
 0.67697 0.216351 0.0559494 0.0235325 0.027197
 0.476772 0.41345 0.074592 0.0184746 0.0167109
 0.303999 0.443137 0.201926 0.0346424 0.0162954
 0.341525 0.310625 0.225893 0.0974491 0.0245084
 0.963752 0.0234575 0.00638844 0.00416604 0.00223567
 0.846708 0.150551 0.00180951 0.00046568 0.000465189
 0.289982 0.651214 0.0578103 0.000657223 0.000337049
 0.746673 0.110679 0.131362 0.0110965 0.000190325
 0.766454 0.201056 0.0146534 0.0164288 0.00140723
 0.701295 0.260869 0.0328454 0.00225518 0.00273607
 0.601495 0.325912 0.0637974 0.00763816 0.00115745
 0.615508 0.283242 0.083508 0.0155974 0.00214489
 0.216289 0.588541 0.145597 0.0409047 0.00866792
 0.585664 0.138716 0.209311 0.0494975 0.0168114
 0.618978 0.276295 0.0361451 0.0521136 0.0164682
 0.267492 0.547697 0.135715 0.0169725 0.0321243
 0.617491 0.151953 0.17431 0.0413303 0.014915
 0.597123 0.302028 0.041174 0.0451438 0.0145307
 0.404182 0.434481 0.122334 0.0159472 0.0230561
 0.430518 0.3132 0.189111 0.0509621 0.0162084
 0.328973 0.388838 0.158317 0.0914639 0.0324089
 0.398381 0.287212 0.185816 0.0722236 0.0563667
 0.771277 0.125706 0.0503598 0.0311522 0.0215048
pobs_RECLAS
 0 0 0 0 0
 0 0 0 0 0
 0 0 0 0 0
 0 0 0 0 0
 0 0 0 0 0
 0 0 0 0 0
 0 0 0 0 0
 0 0 0 0 0
 0 0 0 0 0
 0 0 0 0 0
 0.991045 0.00858322 0.000360255 1.14367e-05 0
 0.934742 0.0480273 0.0164251 0.00080598 0
 0.827803 0.169806 0.00239088 0 0
 0.941827 0.0461693 0.0120037 0 0
 0.791401 0.0380133 0.147996 0.0225897 0
 0.846168 0.0940531 0.0597789 0 0
 0.134021 0.677848 0.182769 0.00536245 0
 0.80878 0.0450904 0.141981 0.00414843 0
 0.846168 0.0940531 0.0597789 0 0
 0.905697 0.0802665 0.012482 0.00150086 5.37128e-05
 0.989698 0.0102097 9.19794e-05 0 0
 0.975433 0.0193895 0.00387452 0.00125025 5.28907e-05
 0.303575 0.632131 0.0575291 0.00676475 0
 0.966965 0.00978017 0.0227588 0.000495775 0
 0.843318 0.132988 0.00938335 0.0141283 0.000182051
 0.564624 0.303363 0.111486 0.0197234 0.00080311
 0.826376 0.0876187 0.0782897 0.00655872 0.00115652
 0.89761 0.0855135 0.0140674 0.00269457 0.000114338
 0.34875 0.467042 0.161289 0.0227151 0.000203297
 0.318654 0.224769 0.449479 0.00709798 0
 0.937255 0.0296025 0.0250945 0.00804832 0
 0.456809 0.399803 0.12412 0.0192676 0
 0.883104 0.0372192 0.0704036 0.00927362 0
ppred_RECLAS
 0.49208 0.0835518 0.405244 0.019123 7.40395e-07
 0.437818 0.28102 0.0463548 0.224227 0.0105799
 0.666949 0.149992 0.0917278 0.0150607 0.0762697
 0.8304 0.114993 0.0246558 0.0150103 0.0149414
 0.69329 0.257141 0.0336702 0.00717959 0.00871901
 0.732151 0.186678 0.06807 0.00889917 0.00420169
 0.501994 0.368068 0.0906498 0.0329482 0.00634013
 0.460047 0.278601 0.193437 0.0473843 0.0205306
 0.514407 0.224816 0.134618 0.093376 0.0327821
 0.669689 0.173075 0.0729339 0.0435222 0.0407791
 0.794399 0.139738 0.0345831 0.0145113 0.016769
 0.628472 0.296376 0.0511056 0.0126268 0.0114199
 0.451245 0.355251 0.154602 0.0264578 0.0124439
 0.538468 0.225304 0.153597 0.0660282 0.016603
 0.980527 0.0128134 0.00333054 0.00216646 0.00116246
 0.91134 0.0871466 0.00099988 0.000256676 0.000256371
 0.42946 0.525206 0.0445693 0.000505462 0.000259187
 0.849358 0.0675589 0.0765245 0.00644794 0.00011058
 0.861077 0.120396 0.00836787 0.0093577 0.000801434
 0.81287 0.164355 0.0197774 0.00135461 0.00164326
 0.735558 0.218013 0.040815 0.00487486 0.00073862
 0.748016 0.187818 0.0529447 0.00986499 0.00135642
 0.337138 0.50329 0.119114 0.0333847 0.00707348
 0.726473 0.0943321 0.136163 0.0321228 0.0109089
 0.749875 0.183639 0.0229831 0.0330578 0.0104452
 0.401901 0.452193 0.107214 0.0133764 0.0253147
 0.751444 0.101424 0.111304 0.0263281 0.00949993
 0.731969 0.203208 0.0265036 0.0289898 0.00932991
 0.555341 0.328136 0.0884063 0.0114971 0.0166202
 0.58393 0.233425 0.134859 0.0362561 0.0115297
 0.477195 0.308734 0.120228 0.0692927 0.0245497
 0.552563 0.218659 0.135344 0.0524806 0.0409532
 0.862885 0.0769118 0.0294675 0.0181846 0.0125515
pobs_PELACES
 0 0 0 0 0
 0 0 0 0 0
 0 0 0 0 0
 0 0 0 0 0
 0 0 0 0 0
 0 0 0 0 0
 0 0 0 0 0
 0 0 0 0 0
 0 0 0 0 0
 0 0 0 0 0
 0 0 0 0 0
 0 0 0 0 0
 0 0 0 0 0
 0 0 0 0 0
 0 0 0 0 0
 0 0 0 0 0
 0.505614 0.472636 0.0217494 0 0
 0 0 0 0 0
 0.443492 0.261883 0.143347 0.151278 0
 0.227955 0.32914 0.350689 0.0885471 0.00366901
 0.970185 0.0296113 0.000203453 0 0
 0.997202 0.00247181 0.000326279 0 0
 0.445219 0.490057 0.0546422 0.010081 0
 0.90214 0.0892962 0.00764917 0.000914606 0
 0 0 0 0 0
 0.581667 0.319106 0.0959925 0.00289975 0.000334073
 0.762889 0.0836404 0.116647 0.0363945 0.000428098
 0.88444 0.0763242 0.0277011 0.0115352 0
 0.521256 0.241999 0.230069 0.00667565 0
 0.616807 0.101726 0.260614 0.0208532 0
 0.833518 0.0704572 0.0857862 0.0102388 0
 0.697417 0.212968 0.0787535 0.0105354 0.000325836
 0 0 0 0 0
ppred_PELACES
 0.496464 0.0829427 0.401642 0.0189513 7.33743e-07
 0.44538 0.277661 0.0456679 0.220869 0.0104213
 0.673465 0.147289 0.0898244 0.0147459 0.074675
 0.835575 0.111616 0.0238461 0.0145145 0.0144478
 0.695298 0.255496 0.0334238 0.00712669 0.00865474
 0.736042 0.184075 0.0669914 0.00875723 0.00413465
 0.511087 0.361686 0.0887639 0.0322565 0.00620696
 0.461436 0.277957 0.192887 0.0472483 0.0204716
 0.520015 0.22248 0.132937 0.0921991 0.0323688
 0.676094 0.16995 0.0714191 0.0426117 0.0399257
 0.795829 0.138804 0.034323 0.0144015 0.0166421
 0.639501 0.287852 0.049406 0.0122037 0.0110371
 0.467819 0.34531 0.149314 0.0255437 0.0120137
 0.616893 0.19 0.125634 0.0539164 0.0135563
 0.982018 0.0118647 0.00305994 0.00198958 0.00106752
 0.917193 0.0814042 0.000927078 0.00023789 0.000237602
 0.440023 0.515656 0.0435732 0.000494049 0.000253332
 0.859797 0.0631539 0.0709694 0.00597725 0.000102505
 0.87212 0.110968 0.00764046 0.00853981 0.000731367
 0.820128 0.158072 0.0189309 0.00129629 0.00157249
 0.741338 0.213359 0.0398267 0.00475605 0.000720613
 0.755108 0.182705 0.0513136 0.00955913 0.00131435
 0.341726 0.500049 0.118111 0.0331001 0.00701314
 0.731177 0.0928469 0.133722 0.0315429 0.0107119
 0.753693 0.180935 0.0225998 0.0325029 0.0102698
 0.405452 0.449669 0.106463 0.0132816 0.0251352
 0.755533 0.0998793 0.109382 0.0258705 0.00933478
 0.735662 0.2005 0.0261023 0.028548 0.00918768
 0.55873 0.32575 0.0876464 0.0113975 0.0164761
 0.587615 0.231507 0.133557 0.0359032 0.0114174
 0.484315 0.304878 0.118403 0.0682305 0.0241732
 0.557325 0.216539 0.133787 0.0518717 0.0404778
 0.86657 0.074946 0.0286282 0.0176637 0.0121919
pobs_pel_tallas
 0 0 0 0 0 0 0 0 0 0 0 0 0 0 0 0 0 0 0 0 0 0 0 0 0 0
 0 0 0 0 0 0 0 0 0 0 0 0 0 0 0 0 0 0 0 0 0 0 0 0 0 0
 0 0 0 0 0 0 0 0 0 0 0 0 0 0 0 0 0 0 0 0 0 0 0 0 0 0
 0 0 0 0 0 0 0 0 0 0 0 0 0 0 0 0 0 0 0 0 0 0 0 0 0 0
 0 0 0 0 0 0 0 0 0 0 0 0 0 0 0 0 0 0 0 0 0 0 0 0 0 0
 0 0 0 0 0 0 0 0 0 0 0 0 0 0 0 0 0 0 0 0 0 0 0 0 0 0
 0 0 0 0 0 0 0 0 0 0 0 0 0 0 0 0 0 0 0 0 0 0 0 0 0 0
 0 0 0 0 0 0 0 0 0 0 0 0 0 0 0 0 0 0 0 0 0 0 0 0 0 0
 0 0 0 0 0 0 0 0 0 0 0 0 0 0 0 0 0 0 0 0 0 0 0 0 0 0
 0 0 0 0 0 0 0 0 0 0 0 0 0 0 0 0 0 0 0 0 0 0 0 0 0 0
 0 0 0 0 0 0 0 0 0 0 0 0 0 0 0 0 0 0 0 0 0 0 0 0 0 0
 0 0 0 0 0 0 0 0 0 0 0 0 0 0 0 0 0 0 0 0 0 0 0 0 0 0
 0.00862536 0 0 0.000197151 0.00414017 0.0128641 0.00837892 0.0270097 0.101434 0.158115 0.152841 0.127902 0.109271 0.109419 0.0830992 0.0579132 0.0238553 0.00714673 0.00463305 0.00128148 0.00103504 0.000492878 0.000147863 0.000147863 4.92878e-05 0
 0 0 0 0 0 0 0 0 0 0 0 0 0 0 0 0 0 0 0 0 0 0 0 0 0 0
 0 0 0 0 0 0 0 0.0054083 0.00873648 0.0413646 0.0450493 0.0745869 0.0622846 0.0627006 0.0613931 0.0827291 0.12552 0.122667 0.0946155 0.0697135 0.0546179 0.0294188 0.0215738 0.0213955 0.0102223 0.00600262
 0 0 0 0 0.00359764 0.0251062 0.0480494 0.140153 0.205849 0.193036 0.1447 0.116669 0.0760912 0.0342217 0.00950174 0.001854 0.000860785 0 0 0 0.000165536 0 0.000143464 0 0 0
 0 0 0 0 0 0 0 0.000145254 0.000435761 0.0275982 0.070085 0.0708112 0.156366 0.174668 0.174014 0.160142 0.0824315 0.0480064 0.0283245 0.00493863 0.00203355 0 0 0 0 0
 0 0 0 0 0 0 0 0 0 0 0 0 0 0 0 0 0 0 0 0 0 0 0 0 0 0
 0 0 1.00437e-05 0.000401748 0.00122533 0.00171747 0.00176769 0.0269171 0.070346 0.194647 0.189555 0.159765 0.064822 0.0314167 0.0384472 0.0292271 0.0345202 0.0313363 0.0194345 0.0106764 0.0143323 0.0359363 0.0279516 0.0138201 0.00172751 0
 0 0.0021121 0.0136068 0.0755702 0.200478 0.177729 0.0527432 0.0373336 0.0318909 0.0142505 0.0149659 0.0166563 0.0217959 0.0798694 0.0677717 0.0528807 0.04013 0.0224614 0.0357745 0.0225083 0.00881397 0.00855152 0.00135912 0.000746735 0 0
 0 0 0 0 5.4009e-05 0.00500934 0.000945158 0.0243581 0.138947 0.33067 0.221406 0.137944 0.0707744 0.0437923 0.0131692 0.00525238 0.0047753 0.00276346 9.45158e-05 9.00151e-06 2.25038e-05 9.00151e-06 4.50075e-06 0 0 0
 0.000866109 0.00284123 0.00948549 0.0512746 0.133035 0.25785 0.225252 0.132002 0.0553304 0.0519788 0.0540692 0.017754 0.00435017 0.00159236 0.00146478 0.000404838 0.000125132 0.000115318 0.000107957 0.000100596 0 0 0 0 0 0
 0 0 0 0 0.00144013 0.00171154 0.00461396 0.0210425 0.0478622 0.0707936 0.0888783 0.103762 0.0637923 0.0337046 0.0602308 0.124433 0.169614 0.0934646 0.0462172 0.0250306 0.0313229 0.00938855 0.002487 0.000210481 0 0
 0 0.00764035 0.051015 0.0998891 0.058973 0.0496711 0.0374665 0.0718981 0.12319 0.153886 0.159021 0.0857701 0.0377988 0.023471 0.0147837 0.00900784 0.00315554 0.000888139 0.00291439 0.00214683 0.00393193 0.00274676 0.000635225 9.99891e-05 0 0
 0 0 0 0 0 0 0 0 0 0 0 0 0 0 0 0 0 0 0 0 0 0 0 0 0 0
 0 0 0 0 0 0 0 0 0 0 0 0 0 0 0 0 0 0 0 0 0 0 0 0 0 0
 0 0 0 0 0 0 0 0 0 0 0 0 0 0 0 0 0 0 0 0 0 0 0 0 0 0
 0 0 0 0 0 0 0 0 0 0 0 0 0 0 0 0 0 0 0 0 0 0 0 0 0 0
 0 0 0 0 0 0 0 0 0 0 0 0 0 0 0 0 0 0 0 0 0 0 0 0 0 0
 0 0 0 0 0 0 0 0 0 0 0 0 0 0 0 0 0 0 0 0 0 0 0 0 0 0
 0 0 0 0 0 0 0 0 0 0 0 0 0 0 0 0 0 0 0 0 0 0 0 0 0 0
 0 0 0 0 0 0 0 0 0 0 0 0 0 0 0 0 0 0 0 0 0 0 0 0 0 0
 0 0 0 0 0 0 0 0 0 0 0 0 0 0 0 0 0 0 0 0 0 0 0 0 0 0
ppred_pel_tallas
 1.13513e-16 4.08931e-05 0.000397495 0.0026415 0.0120079 0.037361 0.0796018 0.116183 0.116192 0.0796441 0.0375048 0.012431 0.00373278 0.0028759 0.00502879 0.00897962 0.0146279 0.0219161 0.0306767 0.0406157 0.0511069 0.0608908 0.068068 0.0706703 0.0675853 0.0592203
 1.25303e-16 3.66855e-05 0.000356596 0.00236971 0.0107724 0.0335169 0.0714124 0.104234 0.104261 0.0715436 0.0339579 0.0120473 0.00557543 0.00737383 0.0134239 0.0223048 0.0325636 0.0419606 0.048345 0.0509943 0.0511499 0.0511588 0.0528334 0.0562764 0.0599297 0.061602
 1.16746e-16 5.54725e-05 0.000539212 0.00358326 0.016289 0.0506811 0.107982 0.157606 0.15762 0.108052 0.0509166 0.0169709 0.00530139 0.00431121 0.00728289 0.0121226 0.0178671 0.0233557 0.0274672 0.0297634 0.0307529 0.031471 0.0327047 0.0344771 0.0361139 0.0367132
 1.04618e-16 6.88252e-05 0.000669006 0.00444578 0.0202099 0.0628805 0.133974 0.195541 0.195552 0.134027 0.0630574 0.0207211 0.00573005 0.00347609 0.0054107 0.00886533 0.0128363 0.0163028 0.018284 0.0183558 0.0169081 0.0148707 0.0131251 0.0120585 0.0115238 0.0111069
 1.0321e-16 5.72709e-05 0.000556693 0.00369942 0.0168171 0.0523242 0.111483 0.162718 0.162743 0.111604 0.0527282 0.0179838 0.00662789 0.00694911 0.0121964 0.0200693 0.0288986 0.036329 0.0400008 0.0388314 0.0336595 0.026673 0.0200974 0.0151616 0.0119389 0.00985283
 1.03559e-16 6.06268e-05 0.000589314 0.0039162 0.0178025 0.0553903 0.118015 0.172251 0.172269 0.118103 0.0556827 0.018648 0.00604156 0.00523927 0.00892189 0.0147323 0.0213994 0.027291 0.030772 0.0310686 0.0286846 0.0249769 0.0212566 0.0181447 0.0155673 0.0131769
 1.0694e-16 4.20976e-05 0.000409204 0.00271931 0.0123616 0.0384617 0.081948 0.119613 0.119648 0.0821187 0.039035 0.0140184 0.0068814 0.00950602 0.0173509 0.0287034 0.0415461 0.0526741 0.0588413 0.0585513 0.0529152 0.0448123 0.0370629 0.031061 0.0266731 0.0230463
 1.13841e-16 3.80079e-05 0.000369451 0.00245513 0.0111607 0.0347252 0.0739867 0.107991 0.108018 0.0741189 0.03517 0.0124489 0.00570107 0.00749671 0.0136958 0.0229014 0.0337379 0.0440088 0.0514705 0.0550653 0.0554298 0.0541803 0.0526029 0.0508684 0.0482749 0.0440835
 1.18618e-16 4.2833e-05 0.000416352 0.0027668 0.0125775 0.0391334 0.0833786 0.121698 0.12172 0.0834844 0.0394893 0.0136079 0.00536319 0.00611737 0.010969 0.0183302 0.0270342 0.0353632 0.041617 0.0450989 0.0464979 0.0472484 0.0483821 0.049812 0.0505194 0.0493324
 1.13135e-16 5.5689e-05 0.000541317 0.00359724 0.0163525 0.0508789 0.108403 0.158222 0.158238 0.108484 0.0511496 0.0171358 0.00556809 0.00486017 0.00830748 0.013779 0.020166 0.0260627 0.0300986 0.0317148 0.0315007 0.0307298 0.0304594 0.0309056 0.0314812 0.0313084
 1.05287e-16 6.55514e-05 0.000637183 0.00423431 0.0192486 0.0598895 0.127601 0.186241 0.186254 0.127667 0.0601096 0.0198847 0.00583265 0.00413153 0.00671744 0.0110432 0.0160029 0.0203452 0.0228494 0.0229778 0.0211951 0.0186313 0.0163612 0.0148634 0.0139784 0.0132384
 1.04592e-16 5.26749e-05 0.000512019 0.00340255 0.0154675 0.0481253 0.102537 0.149662 0.149689 0.102673 0.0485808 0.0167834 0.00670652 0.00772737 0.0137641 0.0226934 0.0327381 0.0412824 0.0456956 0.0447706 0.0394347 0.0320966 0.0251752 0.0199595 0.0164613 0.0140097
 1.08992e-16 3.85337e-05 0.000374561 0.00248909 0.0113151 0.0352056 0.0750105 0.109487 0.10952 0.075174 0.035755 0.0129041 0.00648559 0.00912497 0.0167335 0.0278027 0.040514 0.051925 0.0590318 0.0604133 0.0569851 0.0511821 0.0452839 0.0402543 0.0357959 0.0311939
 1.11376e-16 5.08127e-05 0.000493918 0.00328226 0.0149207 0.0464239 0.0989116 0.144368 0.144387 0.099002 0.0467279 0.0158011 0.00550083 0.00536556 0.00938725 0.0156613 0.0230829 0.0301477 0.0353508 0.0380135 0.0386201 0.038307 0.0379396 0.0375527 0.0365229 0.0341786
 1.00472e-16 8.08875e-05 0.000786256 0.00522495 0.0237518 0.0739008 0.157454 0.229808 0.229809 0.157459 0.0739196 0.0238063 0.00536167 0.00108523 0.000650242 0.000951123 0.00137236 0.00174769 0.00196921 0.00199155 0.00185446 0.00165332 0.00147725 0.00136331 0.00129412 0.00122747
 1.00112e-16 7.5548e-05 0.000734354 0.00488004 0.0221839 0.0690225 0.14706 0.21464 0.214648 0.147098 0.0691509 0.0225545 0.00580929 0.00276012 0.0039146 0.0063304 0.00906102 0.0112874 0.012232 0.0115388 0.00948845 0.00682209 0.00431824 0.0024443 0.00128078 0.00066407
 1.01482e-16 3.62443e-05 0.000352307 0.00234121 0.0106428 0.033114 0.0705548 0.102987 0.103037 0.0707973 0.0339284 0.0129942 0.00824086 0.0132226 0.0244532 0.0402999 0.0578861 0.0724422 0.0791209 0.0756671 0.0637638 0.0479145 0.0328046 0.0211836 0.0134782 0.00873731
 1.02682e-16 7.08203e-05 0.000688399 0.00457465 0.0207957 0.0647032 0.137857 0.201208 0.201214 0.137888 0.0648051 0.0210912 0.00532114 0.00233336 0.00323986 0.00536106 0.00798767 0.0106089 0.0127346 0.0141059 0.0147844 0.0149921 0.0148544 0.0142918 0.0131385 0.0113501
 1.0123e-16 7.18354e-05 0.000698266 0.00464022 0.0210938 0.0656306 0.139833 0.204093 0.204104 0.139886 0.0658059 0.0215998 0.00591002 0.00346866 0.00532877 0.00868431 0.0124771 0.0156384 0.0171354 0.0165018 0.0141195 0.0109681 0.00804584 0.00590594 0.00457684 0.00378259
 1.00983e-16 6.75529e-05 0.000656638 0.00436359 0.0198363 0.0617181 0.131497 0.191928 0.191943 0.131572 0.0619679 0.0205578 0.00617428 0.00460823 0.00756889 0.0123967 0.017829 0.0223718 0.0245485 0.0236739 0.0202563 0.0156512 0.011255 0.00786713 0.00558535 0.00410633
 1.01803e-16 6.1063e-05 0.000593555 0.00394438 0.0179306 0.0557888 0.118865 0.173491 0.173511 0.118965 0.0561265 0.0189061 0.00639366 0.00594243 0.0102256 0.0168236 0.0242638 0.030582 0.0338112 0.0330307 0.0288948 0.0231586 0.0176051 0.0132178 0.0100773 0.00778983
 1.02709e-16 6.21973e-05 0.00060458 0.00401765 0.0182637 0.0568251 0.121073 0.176713 0.17673 0.121159 0.0571149 0.0191011 0.0061217 0.0052042 0.00881661 0.0145264 0.0210344 0.0266897 0.0298438 0.0297231 0.0268578 0.0226661 0.0185472 0.0152102 0.0126331 0.0104624
 1.08043e-16 2.81476e-05 0.000273605 0.0018182 0.00826532 0.0257167 0.054794 0.0799836 0.0800319 0.0550299 0.0265091 0.0105551 0.00756973 0.0128422 0.0239364 0.0396275 0.0573179 0.0725754 0.0808829 0.0801436 0.0718818 0.0600978 0.0487504 0.0398624 0.0333579 0.0281484
 1.08859e-16 6.02261e-05 0.000585419 0.00389031 0.0176848 0.055024 0.117235 0.17111 0.171119 0.11728 0.055175 0.0181234 0.00500093 0.00304204 0.00482038 0.00812182 0.0122759 0.016661 0.0206624 0.0239738 0.0266806 0.0289822 0.0308105 0.0317186 0.0311458 0.0288177
 1.05697e-16 6.20807e-05 0.000603447 0.00401012 0.0182294 0.0567186 0.120846 0.176381 0.176399 0.120931 0.0570048 0.0190564 0.00608637 0.00513777 0.00867967 0.014269 0.020597 0.0260174 0.0289143 0.0285884 0.0256913 0.0217875 0.0183896 0.0162102 0.0150701 0.01432
 1.08773e-16 3.33966e-05 0.000324627 0.00215726 0.00980664 0.0305123 0.0650113 0.094895 0.0949384 0.0652235 0.0312249 0.0118656 0.00732889 0.0116257 0.0215296 0.0356278 0.0515266 0.0652324 0.0726841 0.0720042 0.0645824 0.0540484 0.0440018 0.036293 0.0308556 0.0266665
 1.07357e-16 6.22323e-05 0.00060492 0.00401991 0.0182739 0.056857 0.12114 0.17681 0.17682 0.121188 0.0570182 0.0187416 0.00520149 0.00320976 0.00508413 0.00850289 0.0127033 0.0169435 0.020493 0.0229979 0.0246122 0.0257194 0.0264944 0.0267091 0.0259261 0.0238676
 1.05223e-16 6.05956e-05 0.000589011 0.00391418 0.0177933 0.0553617 0.117955 0.172162 0.172182 0.118049 0.0556789 0.0187096 0.00621451 0.00561223 0.00960582 0.0157998 0.0227951 0.0287637 0.0318994 0.0314065 0.0279872 0.0233649 0.0192283 0.0164085 0.0147748 0.013684
 1.06544e-16 4.6022e-05 0.00044735 0.0029728 0.0135139 0.042047 0.0895868 0.130761 0.130793 0.0897405 0.0425635 0.0150067 0.00672306 0.00864503 0.0156468 0.0258779 0.0374694 0.0475303 0.0531331 0.0529182 0.0478663 0.0405506 0.0335051 0.0280042 0.0239698 0.0206818
 1.09447e-16 4.84011e-05 0.000470476 0.00312648 0.0142125 0.0442206 0.0942175 0.137518 0.13754 0.0943274 0.0445902 0.0152822 0.00581971 0.00637709 0.0113465 0.0188925 0.0277065 0.0358866 0.0415072 0.0436652 0.0429351 0.0407885 0.0384847 0.0363605 0.0339652 0.0307106
 1.14429e-16 3.98924e-05 0.000387769 0.00257686 0.0117141 0.0364469 0.0776551 0.113346 0.113376 0.0777995 0.036932 0.013117 0.00610562 0.00811518 0.0147876 0.0245754 0.0358567 0.0460792 0.0526785 0.0545264 0.0525714 0.049059 0.0459733 0.0439499 0.0423298 0.0400011
 1.15969e-16 4.59062e-05 0.000446224 0.00296532 0.0134799 0.0419411 0.0893608 0.130429 0.13045 0.0894638 0.0422874 0.0144824 0.0054909 0.00599025 0.0106661 0.0178024 0.0262158 0.0341986 0.0400467 0.0430226 0.0437468 0.0436073 0.0436755 0.0440221 0.0438716 0.042291
 1.04681e-16 7.13783e-05 0.000693822 0.00461069 0.0209595 0.0652129 0.138943 0.202793 0.202801 0.138979 0.0653322 0.0213045 0.00547839 0.00259422 0.00369919 0.00605248 0.00883247 0.0113694 0.0130407 0.0135849 0.0132532 0.0126117 0.0121486 0.0119988 0.0119546 0.0116799
pSPR Fmed_Fpbrs
1   0.983206 0.6 0.325 0.983206 0.983206 0.983206
Fs Fmed_Fpbrs
0   0.01 0.341207 0.870768 0.01 0.01 0.01
SSBpbr Bo_Bmed_Bpbrs
1.63637e+06  1.55455e+06  1.52707e+06 900005 450002 1.52707e+06 1.52707e+06 1.52707e+06
Ro
214207
SPR SPRFo_SPRFmed_SPRFpbrs
1.54322e+06 1.54322e+06 1.5173e+06
Fref
0
Nvult_r0
 248383 24165.3 9336.95 5764.57 3978.96
CTP_r0
 25100 4090.92 1638.88 1013.8 699.842
YTP_r0
356510
Np
 370039 136130 50079.3 18423.1 9270.8
Nvult_p0
 233909 86050.4 31656.2 11645.7 5860.26
CTP_p0
 0 0 0 0 0
 0 0 0 0 0
 0 0 0 0 0
 0 0 0 0 0
 0 0 0 0 0
 0 0 0 0 0
YTP_p0
 0 0 0 0 0 0
CBA_c0
0
log_Ro
12.0947
likeval ReclasPelacesDesembMPH_pf_preclas_ppelaces_ptallas_desvR_qrecl_qpela
 48.132 15.0885 0.32197 146.546 249.855 149.808 121.931 0 30.0631 3.66687e-06 9.23078e-07 0.945023 2068.3 0 0
q_reclas_q_pelaces
0.762762 0.872953
M
1
N
 224214 39015.1 189695 8952.67 0.346628
 115754 77653.6 12865.6 62248.8 2937.16
 162819 38198.6 23459 3852.61 19510.4
 369099 53978.8 11636.8 7086.57 7054.15
 315614 118724 15567.7 3319.8 4031.64
 427137 112147 41012.8 5362.7 2531.99
 188974 146202 36200.7 13161.6 2532.7
 99778 60914.7 42328.1 10369.1 4492.74
 79723.2 35984.2 21616.5 14996.6 5265
 100510 27091.1 11464.1 6842.61 6411.43
 187126 33342.8 8262.47 3467.24 4006.69
 131787 66692.4 11581.3 2862.53 2588.97
 46949.8 40753.7 17909.2 3066.53 1442.32
 20406.3 13582.7 9698.32 4179.75 1051.15
 162773 2395.53 630.085 410.126 220.069
 417495 44697.9 518.651 133.224 133.07
 89156.7 116313 9934.16 112.704 57.7924
 311750 27977.1 32073.4 2704.29 46.379
 528391 85225.5 6008.37 6724.36 575.928
 629137 136774 16577.9 1135.92 1377.99
 624796 193622 36410 4349.8 659.074
 775594 205983 58391.1 10883.2 1496.44
 161516 248527 58996.7 16538.1 3504.09
 410627 55153.9 79880.6 18848.4 6400.97
 550721 138998 17448.6 25101.4 7931.28
 163576 188103 44695.9 5577.08 10554.7
 409451 57031.8 62784.1 14853.6 5359.67
 488297 139403 18232.5 19945.9 6419.33
 278110 167694 45271.5 5888.15 8511.94
 238176 97331.8 56356.3 15152.8 4818.75
 123071 82996.2 32454.6 18709.2 6628.57
 100483 40882.1 25375 9840.86 7679.36
 370039 34524.6 13287.9 8202.13 5661.4
pred_Ctot
 8340.43 2578.44 13070.7 618.26 0.0239405
 7602 8919.42 1538.35 7459.23 351.998
 10257.4 4215.1 2695.15 443.579 2246.63
 29636.5 7518.94 1686.06 1028.95 1024.36
 6824.92 4600.08 629.411 134.529 163.395
 18897.3 8780.98 3346.79 438.589 207.103
 14946 20073.3 5170.31 1883.78 362.537
 1242.8 1366.25 991.144 243.365 105.458
 3869.51 3083.75 1930.21 1342.06 471.227
 6295.41 2972.73 1309.76 783.457 734.171
 3699.37 1182.27 305.741 128.595 148.621
 13468.2 11679.4 2107.12 521.883 472.059
 6464.3 9422.98 4293.81 736.645 346.51
 9603.34 8734.47 6351.9 2740.17 689.154
 26716.2 650.266 177.094 115.487 61.9751
 65513 11648.7 140.009 36.0314 35.9934
 8393.48 18849.3 1673.31 19.0232 9.75583
 51858.4 7686.93 9123.44 770.679 13.2186
 101854 26718.5 1947.3 2183.23 187.007
 65945.9 24530.6 3088.6 212.064 257.284
 41378.9 22420.6 4388.84 525.455 79.625
 63946.5 29426.6 8675.83 1620.45 222.838
 7372.7 20061.8 4963.01 1394.33 295.466
 20868.6 4942.79 7458.26 1763.71 599.031
 25059.3 11185.8 1463.34 2109.82 666.717
 5426.64 11111.2 2753.26 344.323 651.711
 19411.5 4776.82 5479.63 1299.26 468.87
 20632.8 10436.2 1422.71 1559.89 502.088
 8590.87 9234.89 2600.2 338.956 490.056
 7980.45 5805.75 3505.52 944.677 300.453
 7611.77 8996.93 3663.13 2116.29 749.876
 4217.57 3040.65 1967.19 764.614 596.74
 25100 4090.92 1638.88 1013.8 699.842
F
 0.0603418 0.10939 0.114279 0.114548 0.114563
 0.108672 0.197004 0.205809 0.206294 0.20632
 0.104048 0.188623 0.197053 0.197518 0.197542
 0.134261 0.243393 0.254271 0.254871 0.254902
 0.0347073 0.0629188 0.0657308 0.0658858 0.065894
 0.0721167 0.130736 0.136579 0.136901 0.136918
 0.132134 0.239537 0.250243 0.250833 0.250864
 0.0198686 0.0360186 0.0376283 0.0377171 0.0377217
 0.0793541 0.143856 0.150286 0.15064 0.150659
 0.10342 0.187484 0.195863 0.196325 0.196349
 0.0316906 0.0574499 0.0600175 0.060159 0.0601665
 0.173637 0.314777 0.328845 0.32962 0.329661
 0.240283 0.435595 0.455063 0.456136 0.456192
 1.14224 2.0707 2.16324 2.16834 2.16861
 0.292431 0.53013 0.553823 0.555129 0.555198
 0.277988 0.503947 0.52647 0.527712 0.527777
 0.159009 0.288258 0.301141 0.301851 0.301889
 0.296901 0.538233 0.562288 0.563614 0.563684
 0.35151 0.63723 0.66571 0.66728 0.667363
 0.17844 0.323483 0.33794 0.338737 0.338779
 0.109632 0.198745 0.207628 0.208117 0.208143
 0.138077 0.250312 0.261499 0.262116 0.262148
 0.0744793 0.135019 0.141053 0.141386 0.141404
 0.0832216 0.150867 0.15761 0.157982 0.158001
 0.0742371 0.13458 0.140595 0.140926 0.140944
 0.0536669 0.0972894 0.101638 0.101877 0.10189
 0.0774487 0.140402 0.146677 0.147023 0.147041
 0.0687829 0.124692 0.130265 0.130572 0.130589
 0.0498925 0.090447 0.0944894 0.0947121 0.0947239
 0.0542152 0.0982835 0.102676 0.102918 0.102931
 0.102066 0.18503 0.193299 0.193755 0.193779
 0.0683113 0.123837 0.129372 0.129677 0.129693
 0.112414 0.203788 0.212895 0.213397 0.213424
YTP_r0W_actual
 189254 71386.5 39447.9 31752.3 24669.4
YTP_p0W_proyectada
 0 0 0 0 0
 0 0 0 0 0
 0 0 0 0 0
 0 0 0 0 0
 0 0 0 0 0
 0 0 0 0 0
CTP_r0_actual
 25100 4090.92 1638.88 1013.8 699.842
CTP_p0_proyectada
 0 0 0 0 0
 0 0 0 0 0
 0 0 0 0 0
 0 0 0 0 0
 0 0 0 0 0
 0 0 0 0 0
Wmedp
 7.54 17.45 24.07 31.32 35.25
Frms_r0
 0.112414 0.203788 0.212895 0.213397 0.213424
Zrms_r0
 1.11241 1.20379 1.2129 1.2134 1.21342
nmprior
 7.29 8.9 8.7 0
nm_flota  nm_reclas  nm_pelaces    nm_pelaL
inf 9.36312 11.7679 31.5485
cv_recla  cv_pelaces  cv_mph
0.600825 0.425514 0.485304
 ------------------------------------------------
Talla a la edad & desviaci?n 
 8 13.2811 15.8009 17.003 17.5766
 0.8 1.32811 1.58009 1.7003 1.75766
