years
 1991 1992 1993 1994 1995 1996 1997 1998 1999 2000 2001 2002 2003 2004 2005 2006 2007 2008 2009 2010 2011 2012 2013 2014 2015 2016 2017 2018 2019 2020 2021 2022 2023
reclasobs
 0 0 0 0 0 0 0 0 0 252601 567819 844713 477998 351125 339783 2.1784e+06 2.13404e+06 4.81314e+06 1.55562e+06 2.62356e+06 3.21686e+06 3.843e+06 1.13348e+06 3.07943e+06 1.97215e+06 2.03268e+06 2.025e+06 2.42433e+06 2.27542e+06 1.05018e+06 2.36338e+06 3.18982e+06 1.53035e+06
reclaspred
 1.12981e+07 2.89962e+06 1.18005e+06 1.06682e+06 226054 4.76826e+06 4.2127e+06 2.23946e+06 310799 253190 355734 1.59675e+06 1.88998e+06 215691 686476 1.96456e+06 1.47326e+06 1.73448e+06 1.87378e+06 2.2583e+06 3.8695e+06 3.59971e+06 2.31732e+06 2.28095e+06 2.45042e+06 2.14173e+06 2.15032e+06 2.51224e+06 2.08905e+06 2.74746e+06 1.67082e+06 1.01158e+06 853266
pelacesobs
 0 0 0 0 0 0 0 0 0 0 0 0 0 0 0 552880 188675 0 991730 2.46772e+06 1.41603e+06 1.21717e+06 2.29649e+06 1.80582e+06 0 1.4828e+06 1.56532e+06 1.57751e+06 1.42118e+06 867257 1.10002e+06 1.06204e+06 0
pelacespred
 1.1036e+07 2.52604e+06 661823 409295 85580.7 2.76943e+06 2.7857e+06 2.20452e+06 135089 87618.4 189874 771890 1.10888e+06 52988.2 329507 864757 702754 746135 782972 946136 1.93423e+06 1.84473e+06 1.32917e+06 1.32139e+06 1.33425e+06 1.26682e+06 1.4278e+06 1.52282e+06 1.24219e+06 1.83947e+06 955555 566970 356047
mphobs
 0 0 0 0 0 0 0 0 0 0 0 0 498337 0 5186 125008 0 168611 109162 213762 579715 649985 157893 87575 83554 210694 70296 0 107559 103333 445601 22526 28222
mphpred
 2.6266e+06 1.00021e+06 142148 221820 91443.8 14736.2 1.27009e+06 490976 164644 7990.83 24949.6 78055 360121 146185 6673.69 104072 375483 139862 169982 259078 550187 565077 173712 72736.2 109822 153839 76340.9 111762 172452 93305.2 147102 50987.4 27393.4
desembarqueobs
 494567 514787 250237 358949 120608 361735 552515 73892 212993 205616 52469 317467 293654 387597 252695 516296 358380 742168 942051 627588 828172 859565 418607 520667 417249 300574 415391 372974 316634 284311 391294 218835 356480
desembarquepred
 494497 514369 250028 358461 120497 361575 551954 73871.8 212690 205386 52450.1 317155 293370 386577 252362 515653 357949 740870 939798 626463 827573 858392 417972 520149 416710 300373 414962 372580 316000 283922 391158 218640 356153
Reclutas
 11003.4 7058.37 174260 54601.9 7328.05 383959 11015.2 3297.75 5852.36 50349.2 29580.4 173892 81484.1 27506.8 60450.3 239380 30304.7 206908 281382 248836 208546 378712 28904.9 108957 193981 22869.8 114385 120714 43711.4 138581 31225.4 33201 73876.4
log_desv_Rt
 -1.65306 -2.09705 1.10928 -0.0511958 -2.05955 1.89927 -1.65199 -2.85802 -2.28442 -0.132281 -0.664153 1.10717 0.349143 -0.73683 0.050558 1.42679 -0.639962 1.28101 1.58845 1.46553 1.28889 1.88551 -0.687252 0.639688 1.2165 -0.921446 0.688308 0.742158 -0.273656 0.880193 -0.610031 -0.548683 0.251129
SSB
 1.59134e+06 605980 86121.2 134391 55401.7 8928.02 769489 297461 99750.5 4841.29 15115.9 47290.1 206217 83540.5 3822.27 60157.4 227489 84736.5 110039 126799 279648 308927 362553 145515 194143 297014 135568 186399 304388 150697 294783 108719 51571.3
BT
 1.99443e+06 884957 401606 376327 114568 1.70064e+06 1.0511e+06 393807 233781 236293 123704 604810 596373 386080 411010 805757 453616 987332 1.22807e+06 858865 1.41691e+06 1.39133e+06 649797 993865 807973 535235 978705 889389 542921 929339 575450 354625 456803
Ftot
 0.329304 1.22235 1.2204 1.7591 2.50818 0.431685 0.804507 0.247866 3.08937 3.42429 0.832505 1.0939 0.909927 4.95303 1.86533 1.39873 1.35861 2.13121 2.39206 1.47718 1.19697 1.31232 1.07099 1.2887 0.970032 0.855348 1.10474 0.85117 0.916191 0.616241 1.33442 1.25581 2.08374
BD_Bspro_t
 0.9489 0.595342 0.184244 0.264346 0.0999199 0.0237453 0.583882 0.321889 0.175474 0.0161461 0.0605306 0.213486 0.365586 0.146583 0.00990726 0.135388 0.259677 0.111927 0.117763 0.114865 0.17717 0.190033 0.228317 0.122157 0.182372 0.289363 0.189833 0.273737 0.361214 0.236667 0.376069 0.175349 0.134965
BD_Bspro
 3.8435 1.4636 0.208005 0.324589 0.13381 0.0215635 1.85852 0.718445 0.240924 0.011693 0.0365087 0.114218 0.498067 0.201772 0.00923178 0.145296 0.549445 0.204661 0.265773 0.306254 0.675423 0.746139 0.875659 0.351457 0.468907 0.717367 0.327432 0.450202 0.735175 0.363972 0.711977 0.262586 0.124558
BD_Bo
 6.70649 2.55382 0.362947 0.566372 0.233483 0.037626 3.24291 1.25361 0.420386 0.020403 0.0637038 0.199298 0.869074 0.352071 0.0161085 0.253526 0.958722 0.357111 0.463744 0.53438 1.17854 1.30193 1.52793 0.613255 0.818192 1.25173 0.571333 0.785554 1.2828 0.635093 1.24232 0.458184 0.217341
BD_Brms
 7.19196 2.73869 0.38922 0.607371 0.250385 0.0403497 3.47766 1.34436 0.450817 0.0218799 0.0683152 0.213725 0.931985 0.377556 0.0172745 0.271878 1.02812 0.382962 0.497314 0.573063 1.26385 1.39618 1.63854 0.657647 0.87742 1.34234 0.612691 0.842419 1.37566 0.681066 1.33225 0.491351 0.233074
Sel_flota
 0.592015 0.964999 0.998095 0.9999 0.999995
 0.592015 0.964999 0.998095 0.9999 0.999995
 0.592015 0.964999 0.998095 0.9999 0.999995
 0.592015 0.964999 0.998095 0.9999 0.999995
 0.592015 0.964999 0.998095 0.9999 0.999995
 0.592015 0.964999 0.998095 0.9999 0.999995
 0.592015 0.964999 0.998095 0.9999 0.999995
 0.592015 0.964999 0.998095 0.9999 0.999995
 0.592015 0.964999 0.998095 0.9999 0.999995
 0.592015 0.964999 0.998095 0.9999 0.999995
 0.592015 0.964999 0.998095 0.9999 0.999995
 0.592015 0.964999 0.998095 0.9999 0.999995
 0.592015 0.964999 0.998095 0.9999 0.999995
 0.592015 0.964999 0.998095 0.9999 0.999995
 0.592015 0.964999 0.998095 0.9999 0.999995
 0.592015 0.964999 0.998095 0.9999 0.999995
 0.592015 0.964999 0.998095 0.9999 0.999995
 0.592015 0.964999 0.998095 0.9999 0.999995
 0.592015 0.964999 0.998095 0.9999 0.999995
 0.592015 0.964999 0.998095 0.9999 0.999995
 0.592015 0.964999 0.998095 0.9999 0.999995
 0.592015 0.964999 0.998095 0.9999 0.999995
 0.592015 0.964999 0.998095 0.9999 0.999995
 0.592015 0.964999 0.998095 0.9999 0.999995
 0.592015 0.964999 0.998095 0.9999 0.999995
 0.592015 0.964999 0.998095 0.9999 0.999995
 0.592015 0.964999 0.998095 0.9999 0.999995
 0.592015 0.964999 0.998095 0.9999 0.999995
 0.592015 0.964999 0.998095 0.9999 0.999995
 0.592015 0.964999 0.998095 0.9999 0.999995
 0.592015 0.964999 0.998095 0.9999 0.999995
 0.592015 0.964999 0.998095 0.9999 0.999995
 0.592015 0.964999 0.998095 0.9999 0.999995
Sel_reclas
 0.415512 0.781549 0.947383 0.989085 0.997812
 0.415512 0.781549 0.947383 0.989085 0.997812
 0.415512 0.781549 0.947383 0.989085 0.997812
 0.415512 0.781549 0.947383 0.989085 0.997812
 0.415512 0.781549 0.947383 0.989085 0.997812
 0.415512 0.781549 0.947383 0.989085 0.997812
 0.415512 0.781549 0.947383 0.989085 0.997812
 0.415512 0.781549 0.947383 0.989085 0.997812
 0.415512 0.781549 0.947383 0.989085 0.997812
 0.415512 0.781549 0.947383 0.989085 0.997812
 0.415512 0.781549 0.947383 0.989085 0.997812
 0.415512 0.781549 0.947383 0.989085 0.997812
 0.415512 0.781549 0.947383 0.989085 0.997812
 0.415512 0.781549 0.947383 0.989085 0.997812
 0.415512 0.781549 0.947383 0.989085 0.997812
 0.415512 0.781549 0.947383 0.989085 0.997812
 0.415512 0.781549 0.947383 0.989085 0.997812
 0.415512 0.781549 0.947383 0.989085 0.997812
 0.415512 0.781549 0.947383 0.989085 0.997812
 0.415512 0.781549 0.947383 0.989085 0.997812
 0.415512 0.781549 0.947383 0.989085 0.997812
 0.415512 0.781549 0.947383 0.989085 0.997812
 0.415512 0.781549 0.947383 0.989085 0.997812
 0.415512 0.781549 0.947383 0.989085 0.997812
 0.415512 0.781549 0.947383 0.989085 0.997812
 0.415512 0.781549 0.947383 0.989085 0.997812
 0.415512 0.781549 0.947383 0.989085 0.997812
 0.415512 0.781549 0.947383 0.989085 0.997812
 0.415512 0.781549 0.947383 0.989085 0.997812
 0.415512 0.781549 0.947383 0.989085 0.997812
 0.415512 0.781549 0.947383 0.989085 0.997812
 0.415512 0.781549 0.947383 0.989085 0.997812
 0.415512 0.781549 0.947383 0.989085 0.997812
Sel_pelaces
 0.238187 0.611422 0.887877 0.975522 0.995039
 0.238187 0.611422 0.887877 0.975522 0.995039
 0.238187 0.611422 0.887877 0.975522 0.995039
 0.238187 0.611422 0.887877 0.975522 0.995039
 0.238187 0.611422 0.887877 0.975522 0.995039
 0.238187 0.611422 0.887877 0.975522 0.995039
 0.238187 0.611422 0.887877 0.975522 0.995039
 0.238187 0.611422 0.887877 0.975522 0.995039
 0.238187 0.611422 0.887877 0.975522 0.995039
 0.238187 0.611422 0.887877 0.975522 0.995039
 0.238187 0.611422 0.887877 0.975522 0.995039
 0.238187 0.611422 0.887877 0.975522 0.995039
 0.238187 0.611422 0.887877 0.975522 0.995039
 0.238187 0.611422 0.887877 0.975522 0.995039
 0.238187 0.611422 0.887877 0.975522 0.995039
 0.238187 0.611422 0.887877 0.975522 0.995039
 0.238187 0.611422 0.887877 0.975522 0.995039
 0.238187 0.611422 0.887877 0.975522 0.995039
 0.238187 0.611422 0.887877 0.975522 0.995039
 0.238187 0.611422 0.887877 0.975522 0.995039
 0.238187 0.611422 0.887877 0.975522 0.995039
 0.238187 0.611422 0.887877 0.975522 0.995039
 0.238187 0.611422 0.887877 0.975522 0.995039
 0.238187 0.611422 0.887877 0.975522 0.995039
 0.238187 0.611422 0.887877 0.975522 0.995039
 0.238187 0.611422 0.887877 0.975522 0.995039
 0.238187 0.611422 0.887877 0.975522 0.995039
 0.238187 0.611422 0.887877 0.975522 0.995039
 0.238187 0.611422 0.887877 0.975522 0.995039
 0.238187 0.611422 0.887877 0.975522 0.995039
 0.238187 0.611422 0.887877 0.975522 0.995039
 0.238187 0.611422 0.887877 0.975522 0.995039
 0.238187 0.611422 0.887877 0.975522 0.995039
pf_obs 
 0.8446 0.082 0.0669 0.0065 0
 0.8095 0.147 0.0364 0.0071 0
 0.9664 0.0169 0.016 0.0007 0
 0.9276 0.0648 0.0075 0.0001 0
 0.7033 0.2144 0.0806 0.0017 0
 0.9318 0.0425 0.0243 0.0014 0
 0.5671 0.3108 0.0964 0.0239 0.0018
 0.0768 0.2599 0.5324 0.112 0.0189
 0.490249 0.384438 0.106611 0.0170017 0.00170017
 0.7925 0.1577 0.0466 0.003 0.0002
 0.840416 0.127587 0.0312969 0.00059994 9.999e-05
 0.8084 0.0986 0.0794 0.0134 0.0002
 0.7335 0.1905 0.0724 0.0035 0.0001
 0.4001 0.4547 0.1325 0.0127 0
 0.49795 0.308269 0.164784 0.0264974 0.00249975
 0.9179 0.0499 0.0305 0.0017 0
 0.2467 0.6533 0.0926 0.0074 0
 0.9418 0.0223 0.034 0.0019 0
 0.707729 0.231977 0.0356964 0.0245975 0
 0.517169 0.277429 0.184464 0.0207286 0.00020938
 0.811772 0.124168 0.05621 0.00726502 0.000585176
 0.764997 0.148141 0.077277 0.00933861 0.000247198
 0.163321 0.427699 0.378323 0.0303852 0.000271297
 0.753843 0.0900009 0.118128 0.0371064 0.000921714
 0.721811 0.176058 0.0630433 0.0369309 0.00215725
 0.143369 0.312575 0.442814 0.0836902 0.0175525
 0.692698 0.0596174 0.167031 0.0765114 0.00414204
 0.394062 0.376323 0.152708 0.0712218 0.00568511
 0.125707 0.32114 0.495352 0.0537591 0.00404204
 0.23352 0.215282 0.420074 0.123614 0.00750983
 0.796117 0.104755 0.0508955 0.0450114 0.00322123
 0.162477 0.292055 0.404252 0.121198 0.0200186
 0 0 0 0 0
pf_pred 
 0.0664208 0.172385 0.66842 0.0927732 9.76888e-07
 0.145893 0.0958065 0.144587 0.539052 0.0746607
 0.965285 0.00970912 0.00296411 0.00421387 0.0178281
 0.56635 0.42685 0.00198916 0.000571958 0.00423889
 0.38814 0.469254 0.140533 0.000608178 0.00146474
 0.996366 0.0024252 0.000947021 0.000258188 3.78825e-06
 0.0644484 0.933637 0.00129506 0.000485289 0.000133949
 0.0884459 0.106006 0.80398 0.00106169 0.00050629
 0.403209 0.0871884 0.0612884 0.447444 0.000870821
 0.989073 0.0080715 0.000460662 0.000289516 0.00210491
 0.892701 0.107024 0.000209855 1.06093e-05 5.47654e-05
 0.945829 0.0510125 0.00315084 5.87507e-06 1.82504e-06
 0.62185 0.368015 0.00957439 0.000558919 1.36169e-06
 0.517135 0.370833 0.109181 0.00269402 0.000157201
 0.986993 0.0115334 0.00117458 0.000291957 7.55415e-06
 0.959417 0.0403783 0.000183025 1.72667e-05 4.38466e-06
 0.360382 0.627865 0.0116974 4.97227e-05 5.8614e-06
 0.947556 0.0293069 0.0227378 0.000397557 1.8826e-06
 0.910498 0.0878304 0.000968674 0.000690917 1.20822e-05
 0.876135 0.119964 0.00383522 3.86132e-05 2.78844e-05
 0.78674 0.200961 0.0119355 0.000357141 6.1697e-06
 0.865892 0.119063 0.0142246 0.000796297 2.41614e-05
 0.22968 0.719999 0.0449794 0.00505104 0.000290363
 0.842326 0.060264 0.0913738 0.00539703 0.000638966
 0.870163 0.119941 0.00392726 0.00560066 0.000368739
 0.267653 0.68184 0.046849 0.00145418 0.00220395
 0.869788 0.0543322 0.0708901 0.00462934 0.000360452
 0.780493 0.205199 0.00616889 0.00760541 0.000533683
 0.49733 0.43941 0.0593339 0.00169563 0.00223105
 0.868055 0.087447 0.0391483 0.00501827 0.000331146
 0.372291 0.580552 0.0317328 0.0135742 0.00185029
 0.723315 0.157501 0.110743 0.00568608 0.00275446
 0.894052 0.0904973 0.00902591 0.00597143 0.000453603
pobs_RECLAS
 0 0 0 0 0
 0 0 0 0 0
 0 0 0 0 0
 0 0 0 0 0
 0 0 0 0 0
 0 0 0 0 0
 0 0 0 0 0
 0 0 0 0 0
 0 0 0 0 0
 0 0 0 0 0
 0.991045 0.00858322 0.000360255 1.14367e-05 0
 0.934742 0.0480273 0.0164251 0.00080598 0
 0.827803 0.169806 0.00239088 0 0
 0.941827 0.0461693 0.0120037 0 0
 0.791401 0.0380133 0.147996 0.0225897 0
 0.846168 0.0940531 0.0597789 0 0
 0.134021 0.677848 0.182769 0.00536245 0
 0.80878 0.0450904 0.141981 0.00414843 0
 0.846168 0.0940531 0.0597789 0 0
 0.905697 0.0802665 0.012482 0.00150086 5.37128e-05
 0.989698 0.0102097 9.19794e-05 0 0
 0.975433 0.0193895 0.00387452 0.00125025 5.28907e-05
 0.303575 0.632131 0.0575291 0.00676475 0
 0.966965 0.00978017 0.0227588 0.000495775 0
 0.843318 0.132988 0.00938335 0.0141283 0.000182051
 0.564624 0.303363 0.111486 0.0197234 0.00080311
 0.826376 0.0876187 0.0782897 0.00655872 0.00115652
 0.89761 0.0855135 0.0140674 0.00269457 0.000114338
 0.34875 0.467042 0.161289 0.0227151 0.000203297
 0.318654 0.224769 0.449479 0.00709798 0
 0.937255 0.0296025 0.0250945 0.00804832 0
 0.456809 0.399803 0.12412 0.0192676 0
 0.883104 0.0372192 0.0704036 0.00927362 0
ppred_RECLAS
 0.05175 0.153053 0.694717 0.100479 1.06726e-06
 0.118442 0.0837024 0.147031 0.571044 0.0797804
 0.957227 0.0103629 0.00368246 0.00545363 0.0232742
 0.559563 0.432184 0.00233263 0.000698525 0.00522191
 0.394 0.449128 0.154485 0.00069595 0.00169066
 0.995634 0.00274817 0.00125565 0.000356721 5.27962e-06
 0.0584227 0.939297 0.00152124 0.000593942 0.000165368
 0.0686396 0.0940823 0.835575 0.00114985 0.000553116
 0.400756 0.0758405 0.0607789 0.461718 0.000906372
 0.990424 0.0067545 0.000437508 0.000286044 0.00209762
 0.882448 0.117196 0.000268261 1.41304e-05 7.35771e-05
 0.940852 0.0551673 0.00397023 7.71234e-06 2.41663e-06
 0.59768 0.389767 0.0118311 0.000719581 1.76838e-06
 0.611885 0.290584 0.0949536 0.00243439 0.000143268
 0.98657 0.011687 0.00137701 0.000356442 9.30279e-06
 0.957046 0.0427015 0.000224949 2.21057e-05 5.66232e-06
 0.34556 0.640498 0.0138731 6.14284e-05 7.30432e-06
 0.944963 0.0287941 0.0257716 0.000469177 2.24104e-06
 0.91384 0.0842827 0.00106911 0.000793859 1.40028e-05
 0.869872 0.125388 0.0046555 4.88223e-05 3.55637e-05
 0.772139 0.212688 0.0147061 0.000458418 7.98827e-06
 0.855795 0.12569 0.017465 0.00101846 3.11714e-05
 0.213069 0.727419 0.0529575 0.00619559 0.000359261
 0.819047 0.0627148 0.110619 0.00680625 0.00081282
 0.857509 0.129691 0.00495247 0.0073583 0.00048868
 0.246175 0.693648 0.0556282 0.00179903 0.00275036
 0.848487 0.0575735 0.0875182 0.00595405 0.000467636
 0.760383 0.221181 0.0077612 0.00996942 0.000705666
 0.46792 0.45537 0.0717386 0.00213598 0.00283493
 0.846933 0.0957955 0.0501304 0.0066958 0.000445695
 0.354396 0.589174 0.0374486 0.016687 0.00229439
 0.694393 0.16227 0.132766 0.00710125 0.00346995
 0.89258 0.0894798 0.0103007 0.007096 0.000543708
pobs_PELACES
 0 0 0 0 0
 0 0 0 0 0
 0 0 0 0 0
 0 0 0 0 0
 0 0 0 0 0
 0 0 0 0 0
 0 0 0 0 0
 0 0 0 0 0
 0 0 0 0 0
 0 0 0 0 0
 0 0 0 0 0
 0 0 0 0 0
 0 0 0 0 0
 0 0 0 0 0
 0 0 0 0 0
 0 0 0 0 0
 0.505614 0.472636 0.0217494 0 0
 0 0 0 0 0
 0.443492 0.261883 0.143347 0.151278 0
 0.227955 0.32914 0.350689 0.0885471 0.00366901
 0.970185 0.0296113 0.000203453 0 0
 0.997202 0.00247181 0.000326279 0 0
 0.445219 0.490057 0.0546422 0.010081 0
 0.90214 0.0892962 0.00764917 0.000914606 0
 0 0 0 0 0
 0.581667 0.319106 0.0959925 0.00289975 0.000334073
 0.762889 0.0836404 0.116647 0.0363945 0.000428098
 0.88444 0.0763242 0.0277011 0.0115352 0
 0.521256 0.241999 0.230069 0.00667565 0
 0.616807 0.101726 0.260614 0.0208532 0
 0.833518 0.0704572 0.0857862 0.0102388 0
 0.697417 0.212968 0.0787535 0.0105354 0.000325836
 0 0 0 0 0
ppred_PELACES
 0.0343971 0.133322 0.722352 0.109928 1.18055e-06
 0.0863299 0.0716315 0.148737 0.607491 0.0858099
 0.941388 0.0119688 0.0050276 0.00783011 0.0337853
 0.535116 0.45424 0.00288112 0.000907024 0.00685536
 0.383431 0.438065 0.175631 0.000831416 0.00204198
 0.993929 0.00355038 0.00193417 0.000578121 8.65117e-06
 0.0477748 0.949438 0.00182595 0.000749898 0.000211099
 0.0452326 0.0820703 0.870823 0.00126095 0.000613278
 0.377222 0.0666081 0.0618255 0.493366 0.000979138
 0.990884 0.00605062 0.000452266 0.000310549 0.00230232
 0.858962 0.140524 0.000381844 2.11565e-05 0.00011138
 0.92944 0.0650068 0.00553792 1.13138e-05 3.58432e-06
 0.54759 0.435716 0.0156874 0.00100356 2.49355e-06
 0.672656 0.236964 0.0878761 0.00236398 0.000140645
 0.985101 0.0126589 0.00175075 0.000476398 1.25706e-05
 0.950912 0.0487453 0.000302958 3.13052e-05 8.10728e-06
 0.312986 0.669801 0.0171238 7.97297e-05 9.58517e-06
 0.937958 0.0300054 0.0314319 0.000601439 2.90445e-06
 0.912194 0.085534 0.00126625 0.000988092 1.76207e-05
 0.853728 0.140026 0.00612851 6.75772e-05 4.97687e-05
 0.739736 0.239989 0.0196206 0.000643193 1.13319e-05
 0.833128 0.142083 0.0233146 0.00142969 4.42409e-05
 0.182425 0.744992 0.064218 0.00790152 0.000463246
 0.776139 0.0692092 0.144196 0.00932984 0.0011265
 0.829672 0.151977 0.00687906 0.01075 0.000721825
 0.207506 0.718215 0.068359 0.00232538 0.00359436
 0.808086 0.065318 0.11752 0.00840844 0.000667702
 0.717393 0.256462 0.010681 0.0144314 0.00103279
 0.412464 0.489389 0.0914407 0.00286367 0.00384276
 0.802857 0.11488 0.0715352 0.0100517 0.000676476
 0.317786 0.6118 0.0459107 0.0215124 0.00299051
 0.641182 0.175201 0.169383 0.00952729 0.00470683
 0.883965 0.0935789 0.0126148 0.00913401 0.000707577
pobs_pel_tallas
 0 0 0 0 0 0 0 0 0 0 0 0 0 0 0 0 0 0 0 0 0 0 0 0 0 0
 0 0 0 0 0 0 0 0 0 0 0 0 0 0 0 0 0 0 0 0 0 0 0 0 0 0
 0 0 0 0 0 0 0 0 0 0 0 0 0 0 0 0 0 0 0 0 0 0 0 0 0 0
 0 0 0 0 0 0 0 0 0 0 0 0 0 0 0 0 0 0 0 0 0 0 0 0 0 0
 0 0 0 0 0 0 0 0 0 0 0 0 0 0 0 0 0 0 0 0 0 0 0 0 0 0
 0 0 0 0 0 0 0 0 0 0 0 0 0 0 0 0 0 0 0 0 0 0 0 0 0 0
 0 0 0 0 0 0 0 0 0 0 0 0 0 0 0 0 0 0 0 0 0 0 0 0 0 0
 0 0 0 0 0 0 0 0 0 0 0 0 0 0 0 0 0 0 0 0 0 0 0 0 0 0
 0 0 0 0 0 0 0 0 0 0 0 0 0 0 0 0 0 0 0 0 0 0 0 0 0 0
 0 0 0 0 0 0 0 0 0 0 0 0 0 0 0 0 0 0 0 0 0 0 0 0 0 0
 0 0 0 0 0 0 0 0 0 0 0 0 0 0 0 0 0 0 0 0 0 0 0 0 0 0
 0 0 0 0 0 0 0 0 0 0 0 0 0 0 0 0 0 0 0 0 0 0 0 0 0 0
 0.00862536 0 0 0.000197151 0.00414017 0.0128641 0.00837892 0.0270097 0.101434 0.158115 0.152841 0.127902 0.109271 0.109419 0.0830992 0.0579132 0.0238553 0.00714673 0.00463305 0.00128148 0.00103504 0.000492878 0.000147863 0.000147863 4.92878e-05 0
 0 0 0 0 0 0 0 0 0 0 0 0 0 0 0 0 0 0 0 0 0 0 0 0 0 0
 0 0 0 0 0 0 0 0.0054083 0.00873648 0.0413646 0.0450493 0.0745869 0.0622846 0.0627006 0.0613931 0.0827291 0.12552 0.122667 0.0946155 0.0697135 0.0546179 0.0294188 0.0215738 0.0213955 0.0102223 0.00600262
 0 0 0 0 0.00359764 0.0251062 0.0480494 0.140153 0.205849 0.193036 0.1447 0.116669 0.0760912 0.0342217 0.00950174 0.001854 0.000860785 0 0 0 0.000165536 0 0.000143464 0 0 0
 0 0 0 0 0 0 0 0.000145254 0.000435761 0.0275982 0.070085 0.0708112 0.156366 0.174668 0.174014 0.160142 0.0824315 0.0480064 0.0283245 0.00493863 0.00203355 0 0 0 0 0
 0 0 0 0 0 0 0 0 0 0 0 0 0 0 0 0 0 0 0 0 0 0 0 0 0 0
 0 0 1.00437e-05 0.000401748 0.00122533 0.00171747 0.00176769 0.0269171 0.070346 0.194647 0.189555 0.159765 0.064822 0.0314167 0.0384472 0.0292271 0.0345202 0.0313363 0.0194345 0.0106764 0.0143323 0.0359363 0.0279516 0.0138201 0.00172751 0
 0 0.0021121 0.0136068 0.0755702 0.200478 0.177729 0.0527432 0.0373336 0.0318909 0.0142505 0.0149659 0.0166563 0.0217959 0.0798694 0.0677717 0.0528807 0.04013 0.0224614 0.0357745 0.0225083 0.00881397 0.00855152 0.00135912 0.000746735 0 0
 0 0 0 0 5.4009e-05 0.00500934 0.000945158 0.0243581 0.138947 0.33067 0.221406 0.137944 0.0707744 0.0437923 0.0131692 0.00525238 0.0047753 0.00276346 9.45158e-05 9.00151e-06 2.25038e-05 9.00151e-06 4.50075e-06 0 0 0
 0.000866109 0.00284123 0.00948549 0.0512746 0.133035 0.25785 0.225252 0.132002 0.0553304 0.0519788 0.0540692 0.017754 0.00435017 0.00159236 0.00146478 0.000404838 0.000125132 0.000115318 0.000107957 0.000100596 0 0 0 0 0 0
 0 0 0 0 0.00144013 0.00171154 0.00461396 0.0210425 0.0478622 0.0707936 0.0888783 0.103762 0.0637923 0.0337046 0.0602308 0.124433 0.169614 0.0934646 0.0462172 0.0250306 0.0313229 0.00938855 0.002487 0.000210481 0 0
 0 0.00764035 0.051015 0.0998891 0.058973 0.0496711 0.0374665 0.0718981 0.12319 0.153886 0.159021 0.0857701 0.0377988 0.023471 0.0147837 0.00900784 0.00315554 0.000888139 0.00291439 0.00214683 0.00393193 0.00274676 0.000635225 9.99891e-05 0 0
 0 0 0 0 0 0 0 0 0 0 0 0 0 0 0 0 0 0 0 0 0 0 0 0 0 0
 0 0 0 0 0 0 0 0 0 0 0 0 0 0 0 0 0 0 0 0 0 0 0 0 0 0
 0 0 0 0 0 0 0 0 0 0 0 0 0 0 0 0 0 0 0 0 0 0 0 0 0 0
 0 0 0 0 0 0 0 0 0 0 0 0 0 0 0 0 0 0 0 0 0 0 0 0 0 0
 0 0 0 0 0 0 0 0 0 0 0 0 0 0 0 0 0 0 0 0 0 0 0 0 0 0
 0 0 0 0 0 0 0 0 0 0 0 0 0 0 0 0 0 0 0 0 0 0 0 0 0 0
 0 0 0 0 0 0 0 0 0 0 0 0 0 0 0 0 0 0 0 0 0 0 0 0 0 0
 0 0 0 0 0 0 0 0 0 0 0 0 0 0 0 0 0 0 0 0 0 0 0 0 0 0
 0 0 0 0 0 0 0 0 0 0 0 0 0 0 0 0 0 0 0 0 0 0 0 0 0 0
ppred_pel_tallas
 1.31904e-16 2.83328e-06 2.75405e-05 0.000183017 0.000831977 0.00258866 0.00551593 0.00805357 0.00806754 0.00558473 0.00282294 0.00152302 0.00197188 0.00411225 0.00828699 0.01507 0.0249136 0.0380189 0.0543812 0.0737017 0.094924 0.115643 0.132095 0.140231 0.13746 0.123989
 1.79755e-16 7.1109e-06 6.91205e-05 0.00045933 0.00208805 0.00649675 0.0138423 0.0202047 0.0202121 0.0138784 0.00661951 0.00244911 0.00139087 0.00218979 0.0043027 0.00784258 0.0131425 0.0206882 0.0312906 0.0461268 0.0663047 0.0919312 0.12116 0.149926 0.172779 0.1846
 1.06651e-16 7.75409e-05 0.000753725 0.00500877 0.0227691 0.0708432 0.150939 0.2203 0.220301 0.150945 0.0708625 0.0228249 0.0051497 0.00106451 0.000677654 0.00102565 0.00154233 0.00210894 0.00268547 0.00331299 0.00411803 0.00524759 0.00676244 0.00855593 0.0103501 0.0117735
 1.01451e-16 4.40769e-05 0.000428443 0.00284716 0.0129428 0.0402701 0.0858012 0.125239 0.125282 0.0860146 0.0409863 0.0150102 0.00803191 0.0117308 0.0214625 0.0352896 0.050545 0.0629613 0.0682274 0.0643703 0.0529733 0.0381944 0.0243937 0.0141779 0.00796972 0.00480637
 1.0561e-16 3.15828e-05 0.000306996 0.0020401 0.00927403 0.0288552 0.0614806 0.0897415 0.0897839 0.0616878 0.0295514 0.0112872 0.00710154 0.0113826 0.021143 0.035102 0.0510192 0.065095 0.0734185 0.0740892 0.0682163 0.0589318 0.0492998 0.0408383 0.0335298 0.0267926
 1.00117e-16 8.18686e-05 0.000795792 0.00528832 0.0240399 0.0747971 0.159363 0.232595 0.232596 0.159365 0.0748028 0.0240563 0.00532957 0.000886238 0.000254774 0.000294567 0.000423273 0.000546545 0.00062955 0.000657865 0.000640187 0.000599355 0.000555372 0.00051443 0.000470785 0.000416484
 1.00407e-16 3.93535e-06 3.82531e-05 0.000254209 0.00115566 0.00359616 0.00766538 0.011207 0.0112983 0.00811136 0.005093 0.00547622 0.0110888 0.0236551 0.0447531 0.0737081 0.105541 0.131379 0.142184 0.133798 0.109503 0.0779847 0.0483879 0.0262355 0.012522 0.00536057
 1.25382e-16 3.72577e-06 3.62158e-05 0.000240667 0.00109404 0.00340402 0.00725297 0.0105878 0.0105971 0.00729871 0.00356145 0.00156555 0.00148752 0.00296698 0.00617964 0.0117942 0.0206601 0.0335823 0.0510606 0.0728034 0.0970512 0.120176 0.137219 0.143559 0.136978 0.11884
 1.51445e-16 3.10713e-05 0.000302024 0.00200705 0.00912378 0.0283875 0.0604828 0.0882779 0.0882845 0.0605156 0.0284983 0.00944764 0.00283508 0.0021622 0.00372733 0.00656939 0.0106113 0.0159695 0.0230188 0.0325175 0.0453623 0.0618872 0.0810665 0.100204 0.115482 0.123229
 1.00436e-16 8.16178e-05 0.000793354 0.00527212 0.0239663 0.074568 0.158875 0.231883 0.231883 0.158878 0.0745776 0.0239939 0.00534148 0.000944789 0.000369333 0.000481821 0.000687508 0.00086827 0.000966653 0.00096182 0.000879872 0.000778202 0.000711294 0.000703005 0.000741334 0.000792436
 1.00068e-16 7.07516e-05 0.000687731 0.00457021 0.0207755 0.0646405 0.137724 0.201015 0.201028 0.13779 0.064862 0.021415 0.00617385 0.0041833 0.00669421 0.0109149 0.0156224 0.0194475 0.0210485 0.0198098 0.0162168 0.0115548 0.00717659 0.00389932 0.00187001 0.000809579
 1.00179e-16 7.65568e-05 0.000744159 0.0049452 0.0224802 0.0699442 0.149024 0.217506 0.217512 0.149054 0.0700468 0.0227766 0.00568896 0.00236669 0.00315478 0.00508566 0.00729798 0.00913293 0.00997498 0.00953945 0.00803825 0.00603885 0.00413172 0.00266363 0.00168879 0.00108801
 1.00666e-16 4.51044e-05 0.000438431 0.00291353 0.0132445 0.0412088 0.0878012 0.128157 0.128199 0.088006 0.0418962 0.015229 0.0078911 0.011292 0.0206212 0.0339228 0.0486346 0.0606774 0.0659241 0.0624682 0.0517821 0.0377771 0.0245501 0.0145454 0.00817604 0.00459847
 1.02858e-16 5.54058e-05 0.000538564 0.00357895 0.0162694 0.0506203 0.107853 0.157419 0.157442 0.107965 0.0509967 0.0173576 0.00631444 0.00652282 0.0114574 0.0189488 0.0275099 0.0350433 0.0394228 0.0396214 0.0362567 0.031057 0.0257221 0.0211072 0.0172133 0.0137077
 1.00104e-16 8.11415e-05 0.000788724 0.00524135 0.0238264 0.0741328 0.157948 0.23053 0.230531 0.157954 0.0741528 0.0238842 0.00538647 0.00110551 0.000682734 0.00100017 0.00143261 0.00180069 0.00198242 0.00192326 0.00166368 0.00131086 0.000974137 0.000714453 0.000536945 0.000415989
 1.00026e-16 7.83254e-05 0.000761351 0.00505944 0.0229995 0.07156 0.152466 0.22253 0.222535 0.152489 0.0716369 0.0232213 0.00561578 0.00197408 0.00237635 0.00379104 0.0054216 0.00675041 0.00730902 0.00688369 0.00564243 0.00403011 0.00251486 0.00137907 0.000673298 0.000301146
 1.00676e-16 2.57804e-05 0.000250594 0.00166529 0.00757021 0.0235541 0.0501868 0.0732627 0.0733271 0.0505016 0.0246106 0.01062 0.0093144 0.0169276 0.0316366 0.052098 0.0746634 0.0930822 0.101 0.095482 0.0788063 0.0570203 0.0364717 0.0209672 0.011171 0.00578472
 1.00976e-16 7.72584e-05 0.000750979 0.00499052 0.0226862 0.0705851 0.150389 0.219498 0.219501 0.150404 0.0706335 0.0228263 0.00534416 0.00152955 0.00157506 0.00253131 0.00375396 0.00495835 0.00590133 0.00645476 0.00664955 0.00660241 0.00639377 0.00601163 0.00540046 0.00455203
 1.00161e-16 7.51362e-05 0.000730351 0.00485344 0.022063 0.0686463 0.146259 0.21347 0.213479 0.146299 0.0687812 0.0224524 0.00583 0.00285936 0.0041102 0.00665429 0.0095274 0.0118736 0.0128774 0.0121661 0.0100343 0.00725892 0.00465423 0.00270626 0.00149476 0.000844948
 1.00228e-16 7.03205e-05 0.00068354 0.00454236 0.0206489 0.0642466 0.136885 0.19979 0.199803 0.13695 0.0644675 0.0212868 0.00614237 0.00417261 0.00668558 0.010912 0.0156432 0.0195253 0.0212298 0.0201435 0.0167367 0.012261 0.0080265 0.00481361 0.00275381 0.00157939
 1.00695e-16 6.09311e-05 0.000592272 0.00393586 0.0178918 0.0556683 0.118608 0.173117 0.17314 0.118721 0.0560473 0.0189861 0.00668139 0.00658159 0.0114233 0.0187555 0.0269336 0.0337018 0.036801 0.0351822 0.0296307 0.0222455 0.0152105 0.00980725 0.00623367 0.00404379
 1.00861e-16 6.86237e-05 0.000667047 0.00443276 0.0201507 0.0626963 0.133582 0.194969 0.194983 0.133649 0.0629211 0.0207999 0.00606249 0.00422522 0.00682744 0.0111813 0.016106 0.0202625 0.0223306 0.0216923 0.0187867 0.014798 0.0109391 0.00789464 0.00574266 0.00423186
 1.02915e-16 1.50263e-05 0.000146061 0.000970629 0.00441238 0.0137289 0.0292536 0.0427115 0.0427833 0.0296041 0.0149055 0.00780986 0.00949526 0.0187437 0.0353005 0.0582433 0.0836824 0.104769 0.114517 0.109685 0.0927126 0.0701011 0.0485925 0.0321124 0.0212186 0.0144856
 1.05306e-16 6.39295e-05 0.000621418 0.00412954 0.0187723 0.0584076 0.124444 0.181631 0.181638 0.124478 0.0585214 0.0191037 0.00497157 0.00249287 0.00371549 0.00629457 0.00964972 0.0133569 0.0169839 0.0202604 0.0231048 0.0254282 0.0269227 0.0270942 0.0255588 0.022356
 1.01438e-16 6.83391e-05 0.00066428 0.00441437 0.0200671 0.0624363 0.133028 0.194161 0.194176 0.133099 0.0626762 0.0207598 0.00615205 0.0044545 0.0072576 0.0118669 0.0170351 0.0213143 0.0232844 0.0223041 0.0189026 0.0144389 0.0103061 0.00728913 0.00544521 0.00439951
 1.02998e-16 1.70922e-05 0.000166142 0.00110407 0.00501901 0.0156164 0.0332749 0.0485801 0.0486493 0.0336128 0.0167508 0.008295 0.00932428 0.0181009 0.0340487 0.0561834 0.0807444 0.101135 0.110625 0.106085 0.0898528 0.0681676 0.0475001 0.0316168 0.021058 0.0144719
 1.04365e-16 6.6561e-05 0.000646997 0.00429952 0.019545 0.0608118 0.129566 0.189107 0.189113 0.129598 0.0609186 0.0198557 0.00508754 0.00239409 0.00346312 0.00582419 0.00885813 0.0121252 0.0151887 0.01779 0.0198944 0.0215107 0.0224716 0.0224229 0.0210568 0.018384
 1.01996e-16 5.90907e-05 0.000574383 0.00381698 0.0173514 0.0539869 0.115026 0.167889 0.167913 0.115146 0.0543917 0.0185201 0.00674863 0.00696839 0.0121856 0.0200079 0.0287158 0.0359042 0.0391713 0.0374268 0.0315592 0.0238662 0.0167142 0.0114541 0.0082141 0.00638907
 1.03702e-16 3.39742e-05 0.000330241 0.00219457 0.00997623 0.03104 0.0661358 0.096537 0.0965842 0.0663664 0.0318145 0.0122136 0.00781197 0.0125973 0.0233436 0.0385684 0.0556237 0.0700808 0.077423 0.0755272 0.0658859 0.052528 0.0395631 0.029284 0.0219222 0.0166143
 1.03217e-16 6.61303e-05 0.00064281 0.0042717 0.0194185 0.0604183 0.128728 0.187885 0.187896 0.128783 0.0606018 0.0199496 0.00560903 0.00357615 0.00567786 0.00938828 0.0137651 0.0178248 0.0205942 0.0215977 0.0210829 0.0197438 0.0181906 0.016618 0.0148791 0.0127928
 1.04145e-16 2.61757e-05 0.000254438 0.00169083 0.0076863 0.0239153 0.0509562 0.0743844 0.0744433 0.051244 0.0248814 0.0104761 0.00869051 0.0155249 0.0289984 0.047823 0.0687121 0.0860402 0.0940923 0.0902426 0.0765427 0.0583714 0.0412719 0.028417 0.0201527 0.0151622
 1.06685e-16 5.28134e-05 0.000513365 0.00341149 0.0155081 0.0482517 0.102806 0.150052 0.150069 0.10289 0.0485334 0.0163248 0.00547216 0.00504745 0.00876801 0.0146826 0.0217746 0.0286875 0.0340241 0.0370597 0.0380295 0.0376952 0.0366044 0.0347219 0.0316853 0.0273354
 1.01424e-16 7.2811e-05 0.000707749 0.00470324 0.0213803 0.066522 0.141732 0.206865 0.206874 0.141777 0.06667 0.0218078 0.00577644 0.00305087 0.00452389 0.00736679 0.0106133 0.0133661 0.0147664 0.0144257 0.0126548 0.0102491 0.00800482 0.0063414 0.00525143 0.00449808
pSPR Fmed_Fpbrs
1   0.982498 0.6 0.325 0.982498 0.982498 0.982498
Fs Fmed_Fpbrs
0   0.01 0.324011 0.815999 0.01 0.01 0.01
SSBpbr Bo_Bmed_Bpbrs
237283  225419  221266 130506 65252.9 221266 221266 221266
Ro
57470.1
SPR SPRFo_SPRFmed_SPRFpbrs
414034 414034 406787
Fref
0
Nvult_r0
 65961.2 5521.33 544.615 360.099 27.3531
CTP_r0
 36429.9 3687.49 367.779 243.318 18.483
YTP_r0
356153
Np
 73876.4 27177.6 9998.08 3678.09 1850.87
Nvult_p0
 46698.8 17179.5 6320 2325 1169.97
CTP_p0
 0 0 0 0 0
 0 0 0 0 0
 0 0 0 0 0
 0 0 0 0 0
 0 0 0 0 0
 0 0 0 0 0
YTP_p0
 0 0 0 0 0 0
CBA_c0
0
log_Ro
10.779
likeval ReclasPelacesDesembMPH_pf_preclas_ppelaces_ptallas_desvR_qrecl_qpela
 43.8893 25.5699 0.260235 63.2656 317.706 156.037 141.246 0 75.6592 0.000232312 0.000435817 0.0018954 2071.23 0 0
q_reclas_q_pelaces
8.63233 19.1508
M
1
N
 11003.4 18397.3 69266 9598.64 0.101064
 7058.37 3330.93 4925.51 18343.5 2540.5
 174260 1259.31 376.697 534.945 2263.12
 54601.9 31126.3 142.685 40.9917 303.784
 7328.05 7089.79 2097.04 9.06928 21.8418
 383959 610.688 231.834 63.1101 0.925906
 11015.2 109396 148.118 55.4322 15.2993
 3297.75 2516.83 18515.8 24.4111 11.64
 5852.36 1047.6 728.92 5318.72 10.3511
 50349.2 345.727 19.5509 12.2814 89.2887
 29580.4 2439.4 4.67025 0.235806 1.21715
 173892 6647.6 401.875 0.748484 0.232495
 81484.1 33476 850.989 49.6166 0.120872
 27506.8 17491.5 5117.93 126.243 7.36635
 60450.3 539.111 54.0442 13.4222 0.347273
 239380 7370.75 32.782 3.08955 0.784513
 30304.7 38474.1 703.104 2.98565 0.351935
 206908 4987.76 3814.96 66.652 0.315613
 281382 21554.2 234.658 167.258 2.92477
 248836 25117.9 788.386 7.92979 5.72619
 208546 38178.8 2221.32 66.3949 1.14692
 378712 37770.6 4424.7 247.438 7.50742
 28904.9 64062.9 3916.31 439.282 25.251
 108957 5640.5 8384.33 494.703 58.5656
 193981 18690.7 598.326 852.247 56.1071
 22869.8 40184.8 2696.47 83.5923 126.684
 114385 5070.5 6475.84 422.412 32.8881
 120714 21879.5 642.342 790.921 55.4964
 43711.4 26829.9 3540.16 101.046 132.943
 138581 9348.44 4077.13 521.903 34.4368
 31225.4 35397.2 1897.5 810.849 110.52
 33201 5213.42 3592.75 184.272 89.2602
 73876.4 5807.35 570.857 377.382 28.6656
pred_Ctot
 1251.74 3248.69 12596.7 1748.36 0.01841
 2434.65 1598.81 2412.85 8995.64 1245.93
 60036.7 603.867 184.355 262.085 1108.83
 24238 18267.8 85.1295 24.478 181.411
 4014.07 4852.94 1453.37 6.28966 15.1481
 55886 136.029 53.1183 14.4817 0.212482
 2741.77 39718.9 55.0943 20.6452 5.69846
 287.936 345.104 2617.36 3.45633 1.64823
 3560.1 769.824 541.142 3950.67 7.68885
 32083.5 261.823 14.943 9.39133 68.2791
 7571.09 907.68 1.7798 0.0899785 0.464471
 55191.7 2976.72 183.86 0.342826 0.106496
 22403.6 13258.6 344.939 20.1363 0.0490579
 20109.7 14420.5 4245.69 104.761 6.11301
 27855.3 325.5 33.1494 8.23973 0.213196
 91005.1 3830.07 17.3608 1.63782 0.415905
 11285.6 19662 366.314 1.5571 0.183554
 103401 3198.07 2481.24 43.3829 0.205437
 150201 14489 159.798 113.978 1.99315
 98277.5 13456.5 430.203 4.33131 3.12785
 70826.3 18091.5 1074.49 32.1516 0.555427
 137572 18916.7 2259.99 126.515 3.83875
 9027.07 28297.9 1767.81 198.52 11.4121
 39063.8 2794.81 4237.56 250.293 29.6327
 56102.9 7733.06 253.206 361.097 23.7741
 5983.35 15242.4 1047.3 32.508 49.269
 36578 2284.89 2981.21 194.682 15.1584
 31457.2 8270.4 248.633 306.53 21.5097
 12084 10676.7 1441.69 41.2002 54.2096
 27581.6 2778.54 1243.9 159.451 10.5218
 11480.2 17902.2 978.531 418.582 57.0565
 11681.4 2543.61 1788.48 91.829 44.4839
 36429.9 3687.49 367.779 243.318 18.483
F
 0.194953 0.317778 0.328676 0.329271 0.329302
 0.723648 1.17956 1.22002 1.22223 1.22234
 0.722493 1.17768 1.21807 1.22027 1.22039
 1.04141 1.69753 1.75575 1.75892 1.75909
 1.48488 2.42039 2.5034 2.50793 2.50817
 0.255564 0.416575 0.430862 0.431641 0.431682
 0.47628 0.776348 0.802974 0.804426 0.804502
 0.14674 0.23919 0.247393 0.247841 0.247864
 1.82895 2.98123 3.08348 3.08906 3.08935
 2.02723 3.30444 3.41777 3.42395 3.42427
 0.492855 0.803366 0.830919 0.832421 0.8325
 0.647605 1.05561 1.09182 1.09379 1.09389
 0.53869 0.878079 0.908194 0.909836 0.909923
 2.93227 4.77967 4.9436 4.95253 4.95301
 1.1043 1.80004 1.86178 1.86514 1.86532
 0.828067 1.34977 1.39606 1.39859 1.39872
 0.804316 1.31106 1.35602 1.35847 1.3586
 1.2617 2.05661 2.12714 2.13099 2.13119
 1.41614 2.30834 2.3875 2.39182 2.39205
 0.874514 1.42548 1.47437 1.47703 1.47717
 0.708626 1.15508 1.19469 1.19685 1.19697
 0.77691 1.26638 1.30981 1.31218 1.31231
 0.63404 1.0335 1.06895 1.07088 1.07098
 0.762928 1.24359 1.28624 1.28857 1.28869
 0.574273 0.93608 0.968184 0.969935 0.970027
 0.506379 0.82541 0.853718 0.855262 0.855344
 0.654023 1.06607 1.10264 1.10463 1.10473
 0.503905 0.821378 0.849549 0.851085 0.851166
 0.542399 0.884123 0.914445 0.916099 0.916186
 0.364824 0.594672 0.615067 0.616179 0.616238
 0.789998 1.28772 1.33188 1.33429 1.33442
 0.743456 1.21185 1.25341 1.25568 1.2558
 1.23361 2.01081 2.07977 2.08353 2.08373
YTP_r0W_actual
 274682 64346.7 8852.43 7620.71 651.524
YTP_p0W_proyectada
 0 0 0 0 0
 0 0 0 0 0
 0 0 0 0 0
 0 0 0 0 0
 0 0 0 0 0
 0 0 0 0 0
CTP_r0_actual
 36429.9 3687.49 367.779 243.318 18.483
CTP_p0_proyectada
 0 0 0 0 0
 0 0 0 0 0
 0 0 0 0 0
 0 0 0 0 0
 0 0 0 0 0
 0 0 0 0 0
Wmedp
 7.54 17.45 24.07 31.32 35.25
Frms_r0
 1.23361 2.01081 2.07977 2.08353 2.08373
Zrms_r0
 2.23361 3.01081 3.07977 3.08353 3.08373
nmprior
 7.29 8.9 8.7 0
nm_flota  nm_reclas  nm_pelaces    nm_pelaL
inf 10.0974 4.50497 8.22562
cv_recla  cv_pelaces  cv_mph
0.573733 0.55393 0.318868
 ------------------------------------------------
Talla a la edad & desviaci?n 
 8 13.2811 15.8009 17.003 17.5766
 0.8 1.32811 1.58009 1.7003 1.75766
