years
 1991 1992 1993 1994 1995 1996 1997 1998 1999 2000 2001 2002 2003 2004 2005 2006 2007 2008 2009 2010 2011 2012 2013 2014 2015 2016 2017 2018 2019 2020 2021 2022 2023
reclasobs
 0 0 0 0 0 0 0 0 0 252601 567819 844713 477998 351125 339783 2.1784e+06 2.13404e+06 4.81314e+06 1.55562e+06 2.62356e+06 3.21686e+06 3.843e+06 1.13348e+06 3.07943e+06 1.97215e+06 2.03268e+06 2.025e+06 2.42433e+06 2.27542e+06 1.05018e+06 2.36338e+06 3.18982e+06 1.53035e+06
reclaspred
 1.03954e+07 2.38242e+06 1.15609e+06 1.07214e+06 152989 3.36394e+06 1.89057e+06 475516 1.04855e+06 251681 314345 1.57728e+06 2.15587e+06 213897 677938 2.09911e+06 1.4771e+06 1.73064e+06 1.89159e+06 2.29806e+06 3.82467e+06 3.72178e+06 2.32152e+06 2.26438e+06 2.48681e+06 2.1136e+06 2.13913e+06 2.58896e+06 2.0555e+06 2.76397e+06 1.64262e+06 1.00851e+06 791845
pelacesobs
 0 0 0 0 0 0 0 0 0 0 0 0 0 0 0 552880 188675 0 991730 2.46772e+06 1.41603e+06 1.21717e+06 2.29649e+06 1.80582e+06 0 1.4828e+06 1.56532e+06 1.57751e+06 1.42118e+06 867257 1.10002e+06 1.06204e+06 0
pelacespred
 1.02046e+07 2.00157e+06 574339 408085 48904 1.8649e+06 996041 367130 549722 81727.9 157714 746654 1.28525e+06 52930.3 320310 921513 717789 739183 785333 946519 1.89874e+06 1.87529e+06 1.34075e+06 1.29352e+06 1.32565e+06 1.24822e+06 1.39791e+06 1.54046e+06 1.23076e+06 1.82926e+06 935907 559429 317119
mphobs
 0 0 0 0 0 0 0 0 0 0 0 0 498337 0 5186 125008 0 168611 109162 213762 579715 649985 157893 87575 83554 210694 70296 0 107559 103333 445601 22526 28222
mphpred
 2.67485e+06 963003 111341 251275 87451.6 7221.23 787260 146269 35817.7 157509 9246.64 73422.4 379636 197639 6336.21 104461 433667 134016 176581 260458 555797 556409 187946 68871.2 110150 159331 73251.6 112444 180541 88091.7 150468 50266.2 26914.9
desembarqueobs
 494567 514787 250237 358949 120608 361735 552515 73892 212993 205616 52469 317467 293654 387597 252695 516296 358380 742168 942051 627588 828172 859565 418607 520667 417249 300574 415391 372974 316634 284311 391294 218835 356480
desembarquepred
 494490 514286 250112 358274 120457 361490 551736 73854.5 212789 205333 52441.1 317102 293303 386370 252299 515547 357862 740577 939461 626292 827410 858180 417834 519966 416634 300300 414849 372507 315906 283870 391029 218588 356041
Reclutas
 4494.2 2852.58 191674 46542.9 3420.05 285967 3746.57 1172.29 57300.4 4357.64 31348.5 175816 104408 15647.7 60045.6 252614 21302.5 211536 281968 251683 204974 395062 17658 110693 198125 18333.7 116456 125199 34510.1 145714 28401.1 34047.2 70207
log_desv_Rt
 -2.34781 -2.80237 1.4052 -0.0102197 -2.62094 1.80528 -2.52975 -3.69164 0.197713 -2.37866 -0.405427 1.31884 0.797716 -1.10027 0.24451 1.68127 -0.791769 1.5038 1.7912 1.67758 1.47229 2.12845 -0.979403 0.856169 1.4383 -0.941854 0.906918 0.97931 -0.309341 1.13105 -0.504167 -0.322847 0.400855
SSB
 1.56508e+06 563460 65146.6 147023 51168.6 4225.2 460632 85583.1 20957.2 92159.8 5410.28 42960 210397 109139 3483.49 58215.5 253742 78413.5 110921 130253 288911 311393 398392 141733 198544 313067 132851 190876 324384 144651 307306 109730 52268.5
BT
 1.9495e+06 832041 401787 371349 106485 1.26379e+06 695312 128923 442746 194816 117230 606075 688193 374050 408039 843791 454204 1.00142e+06 1.23903e+06 875522 1.41806e+06 1.44024e+06 640389 1.00531e+06 828172 529453 992614 921082 542702 960974 581158 362489 444079
Ftot
 0.340048 1.37522 1.36765 1.80067 3.15125 0.705774 1.56091 1.01355 1.28722 3.16536 1.0698 1.25553 0.847682 4.95303 2.19535 1.50797 1.36852 2.40365 2.67504 1.62881 1.3015 1.39289 1.06471 1.4232 1.04528 0.865092 1.2235 0.911553 0.932711 0.674679 1.36935 1.31884 2.4567
BD_Bspro_t
 0.947348 0.573993 0.149757 0.281398 0.0918435 0.0115927 0.451033 0.124039 0.0508661 0.194131 0.0221099 0.22443 0.388695 0.178609 0.00903206 0.131616 0.279385 0.105123 0.118616 0.117563 0.181613 0.191821 0.24605 0.119892 0.186529 0.302046 0.188248 0.279465 0.376149 0.232069 0.388804 0.17877 0.136537
BD_Bspro
 4.62008 1.66333 0.192312 0.434009 0.151049 0.0124727 1.35978 0.25264 0.0618654 0.272054 0.0159711 0.126817 0.621089 0.322178 0.0102832 0.171851 0.749042 0.231476 0.327438 0.384504 0.85286 0.919227 1.17605 0.418395 0.586099 0.924169 0.392176 0.563464 0.957578 0.427007 0.907163 0.323922 0.154296
BD_Bo
 7.03697 2.53346 0.292916 0.661052 0.230067 0.0189976 2.07112 0.384803 0.0942289 0.414374 0.024326 0.193159 0.945999 0.490718 0.0156627 0.261752 1.14089 0.352567 0.498729 0.58565 1.29902 1.4001 1.79127 0.637269 0.892704 1.40763 0.597334 0.858229 1.45851 0.650386 1.38173 0.493375 0.235012
BD_Brms
 7.53896 2.71419 0.313811 0.708208 0.246479 0.0203528 2.21886 0.412254 0.100951 0.443934 0.0260613 0.206938 1.01348 0.525724 0.01678 0.280424 1.22227 0.377718 0.534307 0.627427 1.39168 1.49998 1.91905 0.682729 0.956385 1.50804 0.639945 0.919451 1.56256 0.696782 1.48029 0.52857 0.251777
Sel_flota
 0.507758 0.951454 0.997322 0.999859 0.999993
 0.507758 0.951454 0.997322 0.999859 0.999993
 0.507758 0.951454 0.997322 0.999859 0.999993
 0.507758 0.951454 0.997322 0.999859 0.999993
 0.507758 0.951454 0.997322 0.999859 0.999993
 0.507758 0.951454 0.997322 0.999859 0.999993
 0.507758 0.951454 0.997322 0.999859 0.999993
 0.507758 0.951454 0.997322 0.999859 0.999993
 0.507758 0.951454 0.997322 0.999859 0.999993
 0.507758 0.951454 0.997322 0.999859 0.999993
 0.507758 0.951454 0.997322 0.999859 0.999993
 0.507758 0.951454 0.997322 0.999859 0.999993
 0.507758 0.951454 0.997322 0.999859 0.999993
 0.507758 0.951454 0.997322 0.999859 0.999993
 0.507758 0.951454 0.997322 0.999859 0.999993
 0.507758 0.951454 0.997322 0.999859 0.999993
 0.507758 0.951454 0.997322 0.999859 0.999993
 0.507758 0.951454 0.997322 0.999859 0.999993
 0.507758 0.951454 0.997322 0.999859 0.999993
 0.507758 0.951454 0.997322 0.999859 0.999993
 0.507758 0.951454 0.997322 0.999859 0.999993
 0.507758 0.951454 0.997322 0.999859 0.999993
 0.507758 0.951454 0.997322 0.999859 0.999993
 0.507758 0.951454 0.997322 0.999859 0.999993
 0.507758 0.951454 0.997322 0.999859 0.999993
 0.507758 0.951454 0.997322 0.999859 0.999993
 0.507758 0.951454 0.997322 0.999859 0.999993
 0.507758 0.951454 0.997322 0.999859 0.999993
 0.507758 0.951454 0.997322 0.999859 0.999993
 0.507758 0.951454 0.997322 0.999859 0.999993
 0.507758 0.951454 0.997322 0.999859 0.999993
 0.507758 0.951454 0.997322 0.999859 0.999993
 0.507758 0.951454 0.997322 0.999859 0.999993
Sel_reclas
 0.443926 0.800704 0.952873 0.990268 0.998051
 0.443926 0.800704 0.952873 0.990268 0.998051
 0.443926 0.800704 0.952873 0.990268 0.998051
 0.443926 0.800704 0.952873 0.990268 0.998051
 0.443926 0.800704 0.952873 0.990268 0.998051
 0.443926 0.800704 0.952873 0.990268 0.998051
 0.443926 0.800704 0.952873 0.990268 0.998051
 0.443926 0.800704 0.952873 0.990268 0.998051
 0.443926 0.800704 0.952873 0.990268 0.998051
 0.443926 0.800704 0.952873 0.990268 0.998051
 0.443926 0.800704 0.952873 0.990268 0.998051
 0.443926 0.800704 0.952873 0.990268 0.998051
 0.443926 0.800704 0.952873 0.990268 0.998051
 0.443926 0.800704 0.952873 0.990268 0.998051
 0.443926 0.800704 0.952873 0.990268 0.998051
 0.443926 0.800704 0.952873 0.990268 0.998051
 0.443926 0.800704 0.952873 0.990268 0.998051
 0.443926 0.800704 0.952873 0.990268 0.998051
 0.443926 0.800704 0.952873 0.990268 0.998051
 0.443926 0.800704 0.952873 0.990268 0.998051
 0.443926 0.800704 0.952873 0.990268 0.998051
 0.443926 0.800704 0.952873 0.990268 0.998051
 0.443926 0.800704 0.952873 0.990268 0.998051
 0.443926 0.800704 0.952873 0.990268 0.998051
 0.443926 0.800704 0.952873 0.990268 0.998051
 0.443926 0.800704 0.952873 0.990268 0.998051
 0.443926 0.800704 0.952873 0.990268 0.998051
 0.443926 0.800704 0.952873 0.990268 0.998051
 0.443926 0.800704 0.952873 0.990268 0.998051
 0.443926 0.800704 0.952873 0.990268 0.998051
 0.443926 0.800704 0.952873 0.990268 0.998051
 0.443926 0.800704 0.952873 0.990268 0.998051
 0.443926 0.800704 0.952873 0.990268 0.998051
Sel_pelaces
 0.251956 0.628955 0.895076 0.977238 0.995393
 0.251956 0.628955 0.895076 0.977238 0.995393
 0.251956 0.628955 0.895076 0.977238 0.995393
 0.251956 0.628955 0.895076 0.977238 0.995393
 0.251956 0.628955 0.895076 0.977238 0.995393
 0.251956 0.628955 0.895076 0.977238 0.995393
 0.251956 0.628955 0.895076 0.977238 0.995393
 0.251956 0.628955 0.895076 0.977238 0.995393
 0.251956 0.628955 0.895076 0.977238 0.995393
 0.251956 0.628955 0.895076 0.977238 0.995393
 0.251956 0.628955 0.895076 0.977238 0.995393
 0.251956 0.628955 0.895076 0.977238 0.995393
 0.251956 0.628955 0.895076 0.977238 0.995393
 0.251956 0.628955 0.895076 0.977238 0.995393
 0.251956 0.628955 0.895076 0.977238 0.995393
 0.251956 0.628955 0.895076 0.977238 0.995393
 0.251956 0.628955 0.895076 0.977238 0.995393
 0.251956 0.628955 0.895076 0.977238 0.995393
 0.251956 0.628955 0.895076 0.977238 0.995393
 0.251956 0.628955 0.895076 0.977238 0.995393
 0.251956 0.628955 0.895076 0.977238 0.995393
 0.251956 0.628955 0.895076 0.977238 0.995393
 0.251956 0.628955 0.895076 0.977238 0.995393
 0.251956 0.628955 0.895076 0.977238 0.995393
 0.251956 0.628955 0.895076 0.977238 0.995393
 0.251956 0.628955 0.895076 0.977238 0.995393
 0.251956 0.628955 0.895076 0.977238 0.995393
 0.251956 0.628955 0.895076 0.977238 0.995393
 0.251956 0.628955 0.895076 0.977238 0.995393
 0.251956 0.628955 0.895076 0.977238 0.995393
 0.251956 0.628955 0.895076 0.977238 0.995393
 0.251956 0.628955 0.895076 0.977238 0.995393
 0.251956 0.628955 0.895076 0.977238 0.995393
pf_obs 
 0.8446 0.082 0.0669 0.0065 0
 0.8095 0.147 0.0364 0.0071 0
 0.9664 0.0169 0.016 0.0007 0
 0.9276 0.0648 0.0075 0.0001 0
 0.7033 0.2144 0.0806 0.0017 0
 0.9318 0.0425 0.0243 0.0014 0
 0.5671 0.3108 0.0964 0.0239 0.0018
 0.0768 0.2599 0.5324 0.112 0.0189
 0.490249 0.384438 0.106611 0.0170017 0.00170017
 0.7925 0.1577 0.0466 0.003 0.0002
 0.840416 0.127587 0.0312969 0.00059994 9.999e-05
 0.8084 0.0986 0.0794 0.0134 0.0002
 0.7335 0.1905 0.0724 0.0035 0.0001
 0.4001 0.4547 0.1325 0.0127 0
 0.49795 0.308269 0.164784 0.0264974 0.00249975
 0.9179 0.0499 0.0305 0.0017 0
 0.2467 0.6533 0.0926 0.0074 0
 0.9418 0.0223 0.034 0.0019 0
 0.707729 0.231977 0.0356964 0.0245975 0
 0.517169 0.277429 0.184464 0.0207286 0.00020938
 0.811772 0.124168 0.05621 0.00726502 0.000585176
 0.764997 0.148141 0.077277 0.00933861 0.000247198
 0.163321 0.427699 0.378323 0.0303852 0.000271297
 0.753843 0.0900009 0.118128 0.0371064 0.000921714
 0.721811 0.176058 0.0630433 0.0369309 0.00215725
 0.143369 0.312575 0.442814 0.0836902 0.0175525
 0.692698 0.0596174 0.167031 0.0765114 0.00414204
 0.394062 0.376323 0.152708 0.0712218 0.00568511
 0.125707 0.32114 0.495352 0.0537591 0.00404204
 0.23352 0.215282 0.420074 0.123614 0.00750983
 0.796117 0.104755 0.0508955 0.0450114 0.00322123
 0.162477 0.292055 0.404252 0.121198 0.0200186
 0 0 0 0 0
pf_pred 
 0.0253358 0.162679 0.711428 0.100556 8.88735e-07
 0.0650555 0.0482101 0.154973 0.641376 0.0903849
 0.976397 0.00404454 0.00110078 0.00323882 0.0152189
 0.475208 0.520519 0.000790462 0.000196923 0.00328532
 0.222511 0.576921 0.199103 0.00027234 0.00119254
 0.997543 0.00147477 0.000757267 0.00022343 1.62912e-06
 0.0331105 0.965846 0.000643072 0.000309025 9.1511e-05
 0.0958014 0.0811912 0.822201 0.000497881 0.000308477
 0.969009 0.00669653 0.00233734 0.0219355 2.14219e-05
 0.233397 0.758173 0.00195385 0.000625694 0.00585017
 0.97408 0.0157777 0.0100471 2.2117e-05 7.26405e-05
 0.943946 0.0554735 0.000363833 0.000214315 2.01234e-06
 0.646868 0.345266 0.00779144 4.69854e-05 2.78084e-05
 0.300459 0.567994 0.128815 0.00270585 2.58715e-05
 0.987065 0.0106559 0.0019263 0.000345405 7.23038e-06
 0.958723 0.04113 0.000123492 1.98213e-05 3.60491e-06
 0.242023 0.746672 0.0112684 3.08223e-05 5.81695e-06
 0.948657 0.0239789 0.0269897 0.000372729 1.20601e-06
 0.90066 0.0980677 0.000634578 0.000628743 8.65023e-06
 0.861814 0.134717 0.00343043 1.93384e-05 1.92773e-05
 0.75796 0.229614 0.0121425 0.000280467 3.13989e-06
 0.856658 0.128036 0.0145815 0.000707606 1.64497e-05
 0.128102 0.821956 0.0450195 0.00469084 0.000231795
 0.83802 0.0432708 0.112394 0.00569479 0.000620045
 0.855726 0.135377 0.00253724 0.00602327 0.000336744
 0.197502 0.750844 0.0486988 0.0008452 0.00210973
 0.863093 0.0498929 0.0817763 0.00493952 0.000298513
 0.760877 0.225937 0.00506201 0.00763656 0.000486926
 0.394701 0.533983 0.0676533 0.00140975 0.0022534
 0.86998 0.0789409 0.0454386 0.00535168 0.000288582
 0.315175 0.64221 0.0265357 0.0143097 0.00176995
 0.70389 0.164904 0.123704 0.0046796 0.00282193
 0.874947 0.108731 0.00943938 0.00649093 0.000391708
pobs_RECLAS
 0 0 0 0 0
 0 0 0 0 0
 0 0 0 0 0
 0 0 0 0 0
 0 0 0 0 0
 0 0 0 0 0
 0 0 0 0 0
 0 0 0 0 0
 0 0 0 0 0
 0 0 0 0 0
 0.991045 0.00858322 0.000360255 1.14367e-05 0
 0.934742 0.0480273 0.0164251 0.00080598 0
 0.827803 0.169806 0.00239088 0 0
 0.941827 0.0461693 0.0120037 0 0
 0.791401 0.0380133 0.147996 0.0225897 0
 0.846168 0.0940531 0.0597789 0 0
 0.134021 0.677848 0.182769 0.00536245 0
 0.80878 0.0450904 0.141981 0.00414843 0
 0.846168 0.0940531 0.0597789 0 0
 0.905697 0.0802665 0.012482 0.00150086 5.37128e-05
 0.989698 0.0102097 9.19794e-05 0 0
 0.975433 0.0193895 0.00387452 0.00125025 5.28907e-05
 0.303575 0.632131 0.0575291 0.00676475 0
 0.966965 0.00978017 0.0227588 0.000495775 0
 0.843318 0.132988 0.00938335 0.0141283 0.000182051
 0.564624 0.303363 0.111486 0.0197234 0.00080311
 0.826376 0.0876187 0.0782897 0.00655872 0.00115652
 0.89761 0.0855135 0.0140674 0.00269457 0.000114338
 0.34875 0.467042 0.161289 0.0227151 0.000203297
 0.318654 0.224769 0.449479 0.00709798 0
 0.937255 0.0296025 0.0250945 0.00804832 0
 0.456809 0.399803 0.12412 0.0192676 0
 0.883104 0.0372192 0.0704036 0.00927362 0
ppred_RECLAS
 0.0239945 0.146048 0.723902 0.106055 9.44571e-07
 0.0647562 0.0419834 0.151496 0.649527 0.0922374
 0.976462 0.00354134 0.00108204 0.00329817 0.0156169
 0.519794 0.475694 0.000806376 0.000208044 0.0034975
 0.287216 0.516657 0.194637 0.000275371 0.00121499
 0.997596 0.00136658 0.000793209 0.000242543 1.78212e-06
 0.0383665 0.960455 0.000716166 0.000356476 0.000106374
 0.0949993 0.0728328 0.831321 0.00052162 0.000325675
 0.969209 0.00591063 0.00231829 0.0225403 2.21819e-05
 0.305165 0.686244 0.00192996 0.000639254 0.00602241
 0.975472 0.0142243 0.0102035 2.32732e-05 7.70267e-05
 0.949995 0.0494164 0.000364345 0.00022235 2.10384e-06
 0.665788 0.325829 0.00830102 5.18746e-05 3.09388e-05
 0.455879 0.437383 0.104451 0.00226484 2.18173e-05
 0.98947 0.00850155 0.00170543 0.00031659 6.67794e-06
 0.964159 0.0356977 0.000120116 1.99709e-05 3.66001e-06
 0.266894 0.720852 0.0122129 3.46069e-05 6.58143e-06
 0.957601 0.0187383 0.0233263 0.000333442 1.08714e-06
 0.923936 0.0749749 0.000534116 0.000547634 7.59184e-06
 0.879504 0.11712 0.00333695 1.94842e-05 1.95718e-05
 0.779298 0.208042 0.0123609 0.000295791 3.33692e-06
 0.871029 0.113692 0.0145315 0.000730523 1.7113e-05
 0.139354 0.805325 0.0496895 0.00536463 0.000267132
 0.844889 0.0379821 0.110682 0.00580946 0.000637393
 0.866874 0.123725 0.00261279 0.00642695 0.000362081
 0.210439 0.73254 0.05363 0.000964547 0.00242619
 0.867905 0.044543 0.0821016 0.00513797 0.000312896
 0.775714 0.210137 0.00531193 0.00830405 0.000533568
 0.413546 0.509528 0.0728208 0.00157241 0.00253278
 0.87248 0.0735167 0.0478463 0.0058402 0.000317354
 0.342651 0.611186 0.0283507 0.0158382 0.00197407
 0.719049 0.1482 0.124883 0.00489419 0.00297404
 0.899613 0.0859212 0.00824243 0.00586644 0.000356728
pobs_PELACES
 0 0 0 0 0
 0 0 0 0 0
 0 0 0 0 0
 0 0 0 0 0
 0 0 0 0 0
 0 0 0 0 0
 0 0 0 0 0
 0 0 0 0 0
 0 0 0 0 0
 0 0 0 0 0
 0 0 0 0 0
 0 0 0 0 0
 0 0 0 0 0
 0 0 0 0 0
 0 0 0 0 0
 0 0 0 0 0
 0.505614 0.472636 0.0217494 0 0
 0 0 0 0 0
 0.443492 0.261883 0.143347 0.151278 0
 0.227955 0.32914 0.350689 0.0885471 0.00366901
 0.970185 0.0296113 0.000203453 0 0
 0.997202 0.00247181 0.000326279 0 0
 0.445219 0.490057 0.0546422 0.010081 0
 0.90214 0.0892962 0.00764917 0.000914606 0
 0 0 0 0 0
 0.581667 0.319106 0.0959925 0.00289975 0.000334073
 0.762889 0.0836404 0.116647 0.0363945 0.000428098
 0.88444 0.0763242 0.0277011 0.0115352 0
 0.521256 0.241999 0.230069 0.00667565 0
 0.616807 0.101726 0.260614 0.0208532 0
 0.833518 0.0704572 0.0857862 0.0102388 0
 0.697417 0.212968 0.0787535 0.0105354 0.000325836
 0 0 0 0 0
ppred_PELACES
 0.0157356 0.126118 0.743711 0.114434 1.03002e-06
 0.0481102 0.0352953 0.149169 0.671115 0.0963108
 0.968253 0.00397802 0.00142374 0.00455391 0.0217909
 0.503957 0.490366 0.000967321 0.000261792 0.00444752
 0.307788 0.483052 0.207481 0.000307573 0.00137131
 0.996747 0.0017042 0.00117033 0.00037573 2.79001e-06
 0.0349552 0.963635 0.000839201 0.000438266 0.000132162
 0.0703066 0.064311 0.864454 0.000569353 0.000359241
 0.958729 0.00670182 0.00308278 0.031455 3.12822e-05
 0.334771 0.655456 0.00210128 0.000729254 0.0069424
 0.96902 0.0167207 0.0141129 3.37877e-05 0.00011301
 0.942724 0.0564716 0.000488535 0.000312886 2.9918e-06
 0.618645 0.370106 0.011132 7.30315e-05 4.40187e-05
 0.550291 0.353817 0.0937448 0.00212664 2.06994e-05
 0.989099 0.00852842 0.00197902 0.000385246 8.21175e-06
 0.960352 0.0394607 0.0001552 2.70745e-05 5.01432e-06
 0.242707 0.742505 0.0147352 4.3815e-05 8.42071e-06
 0.955292 0.0181958 0.0261193 0.000391457 1.28973e-06
 0.928325 0.07047 0.000576523 0.000619614 8.68002e-06
 0.869504 0.126247 0.00419674 2.57085e-05 2.60968e-05
 0.753478 0.230086 0.0160292 0.000402527 4.58908e-06
 0.854294 0.125854 0.0188351 0.000993589 2.35216e-05
 0.119054 0.81475 0.0591557 0.00670358 0.000337339
 0.810811 0.0409574 0.139685 0.00769335 0.000853011
 0.843733 0.143011 0.00355488 0.00917842 0.000522568
 0.177437 0.753133 0.0650786 0.00122874 0.0031235
 0.835547 0.0496147 0.107354 0.00705075 0.000433925
 0.738036 0.242129 0.00721908 0.0118471 0.000769285
 0.363222 0.540306 0.0910486 0.0020638 0.0033595
 0.834696 0.0881841 0.0679352 0.00870667 0.000478133
 0.312272 0.630829 0.034275 0.020093 0.00253086
 0.674372 0.158583 0.156646 0.00644232 0.00395618
 0.900479 0.0830676 0.00918152 0.00685115 0.000420992
pobs_pel_tallas
 0 0 0 0 0 0 0 0 0 0 0 0 0 0 0 0 0 0 0 0 0 0 0 0 0 0
 0 0 0 0 0 0 0 0 0 0 0 0 0 0 0 0 0 0 0 0 0 0 0 0 0 0
 0 0 0 0 0 0 0 0 0 0 0 0 0 0 0 0 0 0 0 0 0 0 0 0 0 0
 0 0 0 0 0 0 0 0 0 0 0 0 0 0 0 0 0 0 0 0 0 0 0 0 0 0
 0 0 0 0 0 0 0 0 0 0 0 0 0 0 0 0 0 0 0 0 0 0 0 0 0 0
 0 0 0 0 0 0 0 0 0 0 0 0 0 0 0 0 0 0 0 0 0 0 0 0 0 0
 0 0 0 0 0 0 0 0 0 0 0 0 0 0 0 0 0 0 0 0 0 0 0 0 0 0
 0 0 0 0 0 0 0 0 0 0 0 0 0 0 0 0 0 0 0 0 0 0 0 0 0 0
 0 0 0 0 0 0 0 0 0 0 0 0 0 0 0 0 0 0 0 0 0 0 0 0 0 0
 0 0 0 0 0 0 0 0 0 0 0 0 0 0 0 0 0 0 0 0 0 0 0 0 0 0
 0 0 0 0 0 0 0 0 0 0 0 0 0 0 0 0 0 0 0 0 0 0 0 0 0 0
 0 0 0 0 0 0 0 0 0 0 0 0 0 0 0 0 0 0 0 0 0 0 0 0 0 0
 0.00862536 0 0 0.000197151 0.00414017 0.0128641 0.00837892 0.0270097 0.101434 0.158115 0.152841 0.127902 0.109271 0.109419 0.0830992 0.0579132 0.0238553 0.00714673 0.00463305 0.00128148 0.00103504 0.000492878 0.000147863 0.000147863 4.92878e-05 0
 0 0 0 0 0 0 0 0 0 0 0 0 0 0 0 0 0 0 0 0 0 0 0 0 0 0
 0 0 0 0 0 0 0 0.0054083 0.00873648 0.0413646 0.0450493 0.0745869 0.0622846 0.0627006 0.0613931 0.0827291 0.12552 0.122667 0.0946155 0.0697135 0.0546179 0.0294188 0.0215738 0.0213955 0.0102223 0.00600262
 0 0 0 0 0.00359764 0.0251062 0.0480494 0.140153 0.205849 0.193036 0.1447 0.116669 0.0760912 0.0342217 0.00950174 0.001854 0.000860785 0 0 0 0.000165536 0 0.000143464 0 0 0
 0 0 0 0 0 0 0 0.000145254 0.000435761 0.0275982 0.070085 0.0708112 0.156366 0.174668 0.174014 0.160142 0.0824315 0.0480064 0.0283245 0.00493863 0.00203355 0 0 0 0 0
 0 0 0 0 0 0 0 0 0 0 0 0 0 0 0 0 0 0 0 0 0 0 0 0 0 0
 0 0 1.00437e-05 0.000401748 0.00122533 0.00171747 0.00176769 0.0269171 0.070346 0.194647 0.189555 0.159765 0.064822 0.0314167 0.0384472 0.0292271 0.0345202 0.0313363 0.0194345 0.0106764 0.0143323 0.0359363 0.0279516 0.0138201 0.00172751 0
 0 0.0021121 0.0136068 0.0755702 0.200478 0.177729 0.0527432 0.0373336 0.0318909 0.0142505 0.0149659 0.0166563 0.0217959 0.0798694 0.0677717 0.0528807 0.04013 0.0224614 0.0357745 0.0225083 0.00881397 0.00855152 0.00135912 0.000746735 0 0
 0 0 0 0 5.4009e-05 0.00500934 0.000945158 0.0243581 0.138947 0.33067 0.221406 0.137944 0.0707744 0.0437923 0.0131692 0.00525238 0.0047753 0.00276346 9.45158e-05 9.00151e-06 2.25038e-05 9.00151e-06 4.50075e-06 0 0 0
 0.000866109 0.00284123 0.00948549 0.0512746 0.133035 0.25785 0.225252 0.132002 0.0553304 0.0519788 0.0540692 0.017754 0.00435017 0.00159236 0.00146478 0.000404838 0.000125132 0.000115318 0.000107957 0.000100596 0 0 0 0 0 0
 0 0 0 0 0.00144013 0.00171154 0.00461396 0.0210425 0.0478622 0.0707936 0.0888783 0.103762 0.0637923 0.0337046 0.0602308 0.124433 0.169614 0.0934646 0.0462172 0.0250306 0.0313229 0.00938855 0.002487 0.000210481 0 0
 0 0.00764035 0.051015 0.0998891 0.058973 0.0496711 0.0374665 0.0718981 0.12319 0.153886 0.159021 0.0857701 0.0377988 0.023471 0.0147837 0.00900784 0.00315554 0.000888139 0.00291439 0.00214683 0.00393193 0.00274676 0.000635225 9.99891e-05 0 0
 0 0 0 0 0 0 0 0 0 0 0 0 0 0 0 0 0 0 0 0 0 0 0 0 0 0
 0 0 0 0 0 0 0 0 0 0 0 0 0 0 0 0 0 0 0 0 0 0 0 0 0 0
 0 0 0 0 0 0 0 0 0 0 0 0 0 0 0 0 0 0 0 0 0 0 0 0 0 0
 0 0 0 0 0 0 0 0 0 0 0 0 0 0 0 0 0 0 0 0 0 0 0 0 0 0
 0 0 0 0 0 0 0 0 0 0 0 0 0 0 0 0 0 0 0 0 0 0 0 0 0 0
 0 0 0 0 0 0 0 0 0 0 0 0 0 0 0 0 0 0 0 0 0 0 0 0 0 0
 0 0 0 0 0 0 0 0 0 0 0 0 0 0 0 0 0 0 0 0 0 0 0 0 0 0
 0 0 0 0 0 0 0 0 0 0 0 0 0 0 0 0 0 0 0 0 0 0 0 0 0 0
 0 0 0 0 0 0 0 0 0 0 0 0 0 0 0 0 0 0 0 0 0 0 0 0 0 0
ppred_pel_tallas
 1.32971e-16 1.29615e-06 1.25991e-05 8.3726e-05 0.000380614 0.0011843 0.00252377 0.00368629 0.0036996 0.00258937 0.00140794 0.00104141 0.00179842 0.00394122 0.00800613 0.0146529 0.0244176 0.0376145 0.0543473 0.0743599 0.0965282 0.118273 0.135611 0.144299 0.14165 0.127888
 1.87916e-16 3.96278e-06 3.85197e-05 0.000255977 0.00116364 0.00362052 0.00771405 0.0112597 0.0112636 0.00773326 0.00368656 0.00136134 0.000779536 0.00127573 0.00264411 0.00516867 0.00945132 0.0164159 0.0273562 0.043767 0.0667601 0.0961309 0.129517 0.162255 0.188309 0.202069
 1.04187e-16 7.97538e-05 0.000775235 0.00515171 0.0234189 0.0728649 0.155246 0.226587 0.226587 0.155248 0.0728714 0.0234377 0.00519922 0.000880625 0.000285272 0.000360856 0.00055257 0.000791103 0.00108087 0.00146349 0.00201109 0.00279332 0.00382658 0.0050336 0.00623966 0.00721312
 1.00933e-16 4.15104e-05 0.000403496 0.00268137 0.0121892 0.0379253 0.0808055 0.117948 0.117995 0.0810359 0.0386984 0.0144207 0.00827748 0.0126019 0.0231557 0.0380771 0.0545236 0.0678852 0.0734989 0.0692264 0.0567735 0.0406341 0.0255312 0.0143043 0.00744003 0.00392654
 1.06374e-16 2.53522e-05 0.000246433 0.00163763 0.00744447 0.0231628 0.0493524 0.0720411 0.0720879 0.049581 0.023931 0.00966594 0.00722368 0.0124732 0.0233404 0.0387897 0.0564358 0.0721196 0.0815469 0.0826198 0.0765257 0.0666471 0.0562732 0.0470032 0.0387916 0.031034
 1.00073e-16 8.21007e-05 0.000798048 0.00530331 0.0241081 0.0750092 0.159815 0.233255 0.233255 0.159816 0.0750119 0.024116 0.00532321 0.000841738 0.000165815 0.000146107 0.000206992 0.00026954 0.000314978 0.000336474 0.000337789 0.00032867 0.000316874 0.00030342 0.000284182 0.000255059
 1.00337e-16 2.87941e-06 2.7989e-05 0.000186001 0.000845592 0.00263145 0.00561 0.00820739 0.00830004 0.00606264 0.00415063 0.00523064 0.0111822 0.0239969 0.0454182 0.0748031 0.107104 0.133314 0.144257 0.135713 0.111013 0.0789803 0.0489017 0.0263913 0.012464 0.00520621
 1.25081e-16 5.79108e-06 5.62914e-05 0.000374076 0.0017005 0.00529093 0.0112732 0.0164551 0.0164626 0.0113105 0.00542014 0.00209046 0.00141594 0.0025386 0.00532722 0.0103745 0.018598 0.0309543 0.0481013 0.0698226 0.0943104 0.117806 0.135222 0.141877 0.135556 0.117657
 1.03251e-16 7.89693e-05 0.000767609 0.00510103 0.0231886 0.0721482 0.153719 0.224358 0.224359 0.153723 0.0721591 0.0232203 0.00518153 0.00094639 0.000428039 0.000609429 0.000938166 0.00133561 0.00179632 0.0023575 0.00308675 0.00403211 0.00515755 0.0063106 0.00725292 0.00774435
 1.01477e-16 2.75748e-05 0.000268037 0.0017812 0.00809713 0.0251935 0.0536798 0.0783604 0.0784235 0.0539877 0.0262269 0.0110801 0.0092617 0.0165743 0.0309264 0.0509015 0.0728955 0.0907716 0.0983023 0.0926326 0.0760438 0.0545406 0.0344295 0.0194964 0.0103801 0.00571796
 1.00435e-16 7.98169e-05 0.000775848 0.00515578 0.0234375 0.0729226 0.155369 0.226767 0.226768 0.155377 0.0729494 0.0235151 0.00535162 0.00120617 0.000905274 0.00139152 0.00204588 0.00267392 0.00313255 0.00334963 0.00335014 0.00321644 0.00301656 0.00276503 0.00244142 0.00203633
 1.00061e-16 7.76509e-05 0.000754795 0.00501588 0.0228015 0.0709438 0.151153 0.220614 0.220619 0.15118 0.0710328 0.0230585 0.00566047 0.00215997 0.0027405 0.00439243 0.00628404 0.00782673 0.00847931 0.00799478 0.00656789 0.00471334 0.00297185 0.00166824 0.000858712 0.00042982
 1.00431e-16 5.09571e-05 0.000495321 0.00329158 0.0149631 0.0465559 0.0991936 0.144783 0.144819 0.0993675 0.0471397 0.0166485 0.00751878 0.00971212 0.0175223 0.0288004 0.0412785 0.0514767 0.055884 0.0528791 0.0437168 0.0317305 0.0204165 0.0118681 0.00644763 0.0034399
 1.03013e-16 4.53268e-05 0.000440593 0.0029279 0.0133098 0.041412 0.0882338 0.128787 0.128821 0.0884008 0.0419728 0.0149304 0.00699884 0.00933717 0.0169695 0.028054 0.0405721 0.0513524 0.0571643 0.0564685 0.0502724 0.0413447 0.0324742 0.0251651 0.0195294 0.0150158
 1.001e-16 8.14708e-05 0.000791925 0.00526262 0.0239231 0.0744337 0.158589 0.231465 0.231466 0.158593 0.0744472 0.0239621 0.00536068 0.00100618 0.000488939 0.000680813 0.000976149 0.00123421 0.00137249 0.00135433 0.00120525 0.000993427 0.000787078 0.000622236 0.000499774 0.000403374
 1.00019e-16 7.91029e-05 0.000768909 0.00510967 0.0232278 0.0722704 0.15398 0.224739 0.224743 0.153998 0.0723326 0.0234074 0.00556001 0.00175056 0.00193918 0.0030695 0.00438781 0.00546236 0.00591287 0.00556624 0.00455869 0.00325081 0.00202216 0.00110185 0.000531051 0.000231567
 1.00621e-16 1.99916e-05 0.000194326 0.00129137 0.00587041 0.0182654 0.038919 0.0568184 0.0568898 0.0392679 0.0194364 0.00925078 0.00976924 0.0186773 0.0350507 0.0577259 0.0827113 0.103077 0.111773 0.105546 0.0869307 0.0626525 0.0397763 0.0225471 0.0117126 0.00582637
 1.00798e-16 7.86862e-05 0.000764857 0.00508275 0.0231054 0.0718896 0.153168 0.223554 0.223556 0.153177 0.0719191 0.0231912 0.00529972 0.00124421 0.00100569 0.00158125 0.00237016 0.00318715 0.00389325 0.00441122 0.00474326 0.00492465 0.00495749 0.0047931 0.00437904 0.00372261
 1.00099e-16 7.64649e-05 0.000743266 0.00493927 0.0224532 0.0698603 0.148845 0.217245 0.217252 0.148878 0.0699714 0.0227739 0.00574365 0.00249679 0.00339949 0.00548006 0.00784237 0.00976843 0.0105846 0.00998309 0.00820748 0.00590025 0.00373575 0.00211826 0.00111623 0.000586296
 1.00161e-16 7.16199e-05 0.000696171 0.0046263 0.0210305 0.0654338 0.139414 0.203481 0.203494 0.139473 0.0656329 0.0216055 0.00606839 0.00384054 0.00603236 0.00983046 0.0140861 0.0175696 0.0190806 0.0180661 0.0149531 0.0108766 0.00702676 0.00411516 0.00226425 0.00123071
 1.00563e-16 6.2063e-05 0.000603275 0.00400897 0.0182242 0.0567024 0.120811 0.176332 0.176354 0.12092 0.0570657 0.019273 0.0066402 0.00634254 0.010948 0.0179641 0.0257843 0.0322378 0.0351541 0.0335267 0.0281145 0.0209442 0.0141281 0.00891276 0.00549658 0.00344883
 1.0068e-16 7.03671e-05 0.000683993 0.00454538 0.0206626 0.0642892 0.136975 0.199922 0.199934 0.137035 0.0644882 0.0212375 0.00598828 0.00383379 0.00605211 0.00989291 0.0142409 0.0178987 0.0196931 0.019076 0.0164401 0.0128433 0.00937288 0.0066472 0.00474246 0.00343498
 1.02645e-16 9.80646e-06 9.53223e-05 0.000633454 0.00287964 0.00896005 0.0190932 0.0278836 0.027962 0.0194764 0.0102464 0.00659394 0.00995215 0.0204224 0.0385683 0.0636233 0.0913614 0.114275 0.124704 0.119099 0.100149 0.0750202 0.051164 0.0329494 0.0210313 0.0138468
 1.04958e-16 6.67854e-05 0.000649178 0.00431402 0.0196109 0.0610168 0.130003 0.189744 0.189748 0.130023 0.0610859 0.0198132 0.0048319 0.00181282 0.00237355 0.0040701 0.00644154 0.00931499 0.0125172 0.0158968 0.0192821 0.0223474 0.0245462 0.0252558 0.0240885 0.0211462
 1.01149e-16 6.94972e-05 0.000675537 0.00448918 0.0204072 0.0634944 0.135282 0.197451 0.197465 0.135349 0.06372 0.0210586 0.00612321 0.00423889 0.0068261 0.0111469 0.0159865 0.0199715 0.0217591 0.0207431 0.0174265 0.0131024 0.00910355 0.0061911 0.00443473 0.00348484
 1.02723e-16 1.46154e-05 0.000142067 0.000944086 0.00429172 0.0133535 0.0284538 0.0415444 0.0416169 0.0288081 0.014543 0.0077262 0.00956143 0.0189416 0.035682 0.0588702 0.0845746 0.105866 0.115675 0.110714 0.0934475 0.0704497 0.0485528 0.0317534 0.0206489 0.0138247
 1.03892e-16 6.88229e-05 0.000668983 0.00444563 0.0202092 0.0628783 0.133969 0.195533 0.195538 0.133993 0.06296 0.0204472 0.0050507 0.00201469 0.00269721 0.00453911 0.00697108 0.00967797 0.0123546 0.0148071 0.0169674 0.0187511 0.0199102 0.0200664 0.0189337 0.016548
 1.01589e-16 6.07911e-05 0.000590911 0.00392681 0.0178507 0.0555404 0.118335 0.172719 0.172742 0.118449 0.0559224 0.0189537 0.00669342 0.0066241 0.0115004 0.0188683 0.0270638 0.0338043 0.0368145 0.0350602 0.0293837 0.0219682 0.0150713 0.00999556 0.00688433 0.00517611
 1.03542e-16 2.99182e-05 0.000290816 0.00193258 0.00878525 0.0273344 0.0582409 0.0850151 0.0850672 0.0584954 0.0281892 0.0112542 0.00813073 0.0138236 0.0257371 0.0425155 0.0612716 0.0771015 0.0850014 0.0826219 0.0716302 0.0565225 0.0419042 0.0303734 0.0222255 0.0165059
 1.02938e-16 6.87528e-05 0.000668302 0.0044411 0.0201886 0.0628143 0.133833 0.195335 0.195343 0.133875 0.0629556 0.0205978 0.00547239 0.00293356 0.0044117 0.00729093 0.0107435 0.0140249 0.016408 0.0175304 0.0175532 0.0169435 0.0160814 0.0150348 0.0136494 0.0118023
 1.03594e-16 2.57215e-05 0.000250023 0.00166149 0.00755294 0.0235003 0.0500721 0.0730945 0.0731552 0.0503688 0.0244961 0.0104279 0.008874 0.0159814 0.0298625 0.0492241 0.0706644 0.0883573 0.0963858 0.0920361 0.0774494 0.0582363 0.0402042 0.0267138 0.0181759 0.0132298
 1.05877e-16 5.55472e-05 0.000539938 0.00358808 0.0163109 0.0507493 0.108127 0.157818 0.157834 0.108203 0.0510044 0.0170504 0.00545427 0.00464671 0.00795107 0.0133064 0.0197419 0.0260265 0.0308951 0.0336867 0.0346023 0.0343137 0.0333002 0.0315234 0.028665 0.0246055
 1.01045e-16 7.41713e-05 0.000720971 0.00479111 0.0217797 0.0677647 0.14438 0.210729 0.210737 0.144419 0.067896 0.0221589 0.00574291 0.00279845 0.00401884 0.00652459 0.00938776 0.0117987 0.0129888 0.0126098 0.01094 0.00869506 0.00659812 0.00504102 0.00403327 0.00337216
pSPR Fmed_Fpbrs
1   0.983414 0.6 0.325 0.983414 0.983414 0.983414
Fs Fmed_Fpbrs
0   0.01 0.346641 0.888434 0.01 0.01 0.01
SSBpbr Bo_Bmed_Bpbrs
222407  211287  207598 122324 61162 207598 207598 207598
Ro
47021
SPR SPRFo_SPRFmed_SPRFpbrs
338755 338755 333136
Fref
0
Nvult_r0
 62788.1 6183.72 529.435 363.794 21.9531
CTP_r0
 34850.1 4330.89 375.981 258.541 15.6022
YTP_r0
356041
Np
 70207 25827.7 9501.49 3495.4 1758.94
Nvult_p0
 44379.3 16326.2 6006.09 2209.52 1111.86
CTP_p0
 0 0 0 0 0
 0 0 0 0 0
 0 0 0 0 0
 0 0 0 0 0
 0 0 0 0 0
 0 0 0 0 0
YTP_p0
 0 0 0 0 0 0
CBA_c0
0
log_Ro
10.5783
likeval ReclasPelacesDesembMPH_pf_preclas_ppelaces_ptallas_desvR_qrecl_qpela
 47.2865 26.3919 0.36993 63.523 348.255 160.46 148.799 0 113.56 0.000218873 0.000417241 0.0156858 2067.44 0 0
q_reclas_q_pelaces
8.10304 17.9706
M
1
N
 4494.2 16354.5 68650.8 9682.04 0.0855618
 2852.58 1391.14 4353.42 17991.4 2535.22
 191674 522.018 138.3 406.335 1909.18
 46542.9 35211.1 52.271 13.0063 216.974
 3420.05 6862.47 2335.21 3.19182 13.976
 285967 254.001 125.908 37.0788 0.27033
 3746.57 73516.9 47.7428 22.9122 6.78446
 1172.29 623.925 6125 3.70282 2.29399
 57300.4 257.771 87.5035 819.991 0.800727
 4357.64 10965 27.864 8.91649 83.3649
 31348.5 321.325 198.497 0.436248 1.43268
 175816 6699.07 42.7167 25.1244 0.23589
 104408 34190 746.314 4.49256 2.65869
 15647.7 24975.4 5614.79 117.888 1.12714
 60045.6 465.513 82.5222 14.7817 0.30941
 252614 7245.64 21.2078 3.3994 0.618205
 21302.5 43214.6 634.851 1.73401 0.327226
 211536 3911.6 4323.61 59.6523 0.193002
 281968 22963.9 146.166 144.696 1.99063
 251683 26669.6 662.82 3.73172 3.71967
 204974 40493.1 2082.96 48.0412 0.53779
 395062 38940.7 4318.11 209.251 4.86408
 17658 71650 3806.72 396 19.5664
 110693 3783.21 9571.28 484.279 52.7241
 198125 19769.1 359.323 851.615 47.6073
 18333.7 42869 2690.12 46.6065 116.325
 116456 4346.98 6924.41 417.618 25.2362
 125199 23017.9 499.266 751.89 47.938
 34510.1 28993 3557.19 73.9972 118.269
 145714 7906.31 4391.29 516.21 27.8331
 28401.1 38056.5 1530.72 824.277 101.946
 34047.2 5212.85 3804.54 143.711 86.6551
 70207 6411.51 546.791 375.644 22.6679
pred_Ctot
 456.892 2933.66 12829.5 1813.38 0.016027
 958.255 710.126 2282.73 9447.35 1331.35
 64123.9 265.621 72.2926 212.706 999.483
 18952 20759.1 31.5249 7.85359 131.024
 1948.37 5051.7 1743.41 2.38469 10.4423
 56048.5 82.862 42.5482 12.5537 0.0915345
 1380.65 40273.9 26.8149 12.8858 3.81583
 310.731 263.343 2666.8 1.61487 1.00054
 18314.4 126.565 44.176 414.585 0.404877
 2488.2 8082.73 20.8296 6.6704 62.3674
 8676.47 140.537 89.4932 0.197003 0.647034
 55137.1 3240.27 21.252 12.5184 0.117543
 23901.6 12757.5 287.892 1.7361 1.02751
 10862.9 20535.3 4657.21 97.8277 0.935363
 27831.9 300.46 54.3153 9.73926 0.203872
 90805.3 3895.62 11.6965 1.87737 0.341438
 7130.05 21997.2 331.971 0.908034 0.171369
 103648 2619.87 2948.81 40.7233 0.131765
 147042 16010.5 103.601 102.649 1.41224
 95598.6 14943.8 380.528 2.14516 2.13838
 66064.1 20013.3 1058.35 24.4456 0.273674
 133978 20024.3 2280.48 110.666 2.57266
 4868.8 31240.2 1711.06 178.285 8.80986
 38142.3 1969.46 5115.58 259.197 28.2212
 53831 8516.11 159.61 378.905 21.1835
 4268.69 16228.3 1052.55 18.2677 45.5986
 35804.3 2069.74 3392.38 204.909 12.3834
 30439.7 9038.87 202.511 305.509 19.48
 8550.08 11567.2 1465.52 30.5383 48.8136
 27470 2492.6 1434.75 168.982 9.11211
 9510.26 19378.4 800.703 431.79 53.4073
 11083.9 2596.69 1947.93 73.688 44.4359
 34850.1 4330.89 375.981 258.541 15.6022
F
 0.172662 0.32354 0.339137 0.34 0.340045
 0.698279 1.30846 1.37154 1.37503 1.37521
 0.694437 1.30126 1.36399 1.36746 1.36764
 0.914306 1.71326 1.79585 1.80042 1.80066
 1.60007 2.99827 3.14281 3.15081 3.15123
 0.358362 0.671511 0.703884 0.705674 0.705769
 0.792566 1.48514 1.55673 1.56069 1.5609
 0.51464 0.96435 1.01084 1.01341 1.01355
 0.653598 1.22473 1.28378 1.28704 1.28721
 1.60724 3.01169 3.15688 3.16491 3.16534
 0.543197 1.01786 1.06693 1.06965 1.06979
 0.637504 1.19458 1.25217 1.25535 1.25552
 0.430417 0.80653 0.845412 0.847562 0.847676
 2.51494 4.71258 4.93977 4.95233 4.953
 1.1147 2.08877 2.18947 2.19504 2.19533
 0.765684 1.43476 1.50393 1.50776 1.50796
 0.694878 1.30209 1.36486 1.36833 1.36851
 1.22047 2.28696 2.39721 2.40331 2.40363
 1.35827 2.54518 2.66787 2.67466 2.67502
 0.827039 1.54973 1.62445 1.62858 1.6288
 0.660844 1.23831 1.29801 1.30131 1.30149
 0.70725 1.32527 1.38916 1.39269 1.39288
 0.540617 1.01303 1.06186 1.06456 1.06471
 0.72264 1.35411 1.41939 1.423 1.42319
 0.530749 0.994535 1.04248 1.04513 1.04527
 0.439257 0.823095 0.862775 0.864969 0.865085
 0.621239 1.1641 1.22022 1.22332 1.22349
 0.462848 0.867301 0.909112 0.911424 0.911546
 0.473591 0.887431 0.930213 0.932579 0.932704
 0.342573 0.641926 0.672872 0.674584 0.674674
 0.695299 1.30288 1.36568 1.36916 1.36934
 0.669652 1.25482 1.31531 1.31865 1.31883
 1.24741 2.33744 2.45012 2.45635 2.45668
YTP_r0W_actual
 262770 75574 9049.86 8097.49 549.976
YTP_p0W_proyectada
 0 0 0 0 0
 0 0 0 0 0
 0 0 0 0 0
 0 0 0 0 0
 0 0 0 0 0
 0 0 0 0 0
CTP_r0_actual
 34850.1 4330.89 375.981 258.541 15.6022
CTP_p0_proyectada
 0 0 0 0 0
 0 0 0 0 0
 0 0 0 0 0
 0 0 0 0 0
 0 0 0 0 0
 0 0 0 0 0
Wmedp
 7.54 17.45 24.07 31.32 35.25
Frms_r0
 1.24741 2.33744 2.45012 2.45635 2.45668
Zrms_r0
 2.24741 3.33744 3.45012 3.45635 3.45668
nmprior
 7.29 8.9 8.7 0
nm_flota  nm_reclas  nm_pelaces    nm_pelaL
inf 9.14807 3.56889 5.93671
cv_recla  cv_pelaces  cv_mph
0.595524 0.562764 0.319516
 ------------------------------------------------
Talla a la edad & desviaci?n 
 8 13.2811 15.8009 17.003 17.5766
 0.8 1.32811 1.58009 1.7003 1.75766
