years
 1991 1992 1993 1994 1995 1996 1997 1998 1999 2000 2001 2002 2003 2004 2005 2006 2007 2008 2009 2010 2011 2012 2013 2014 2015 2016 2017 2018 2019 2020 2021 2022 2023
reclasobs
 0 0 0 0 0 0 0 0 0 252601 567819 844713 477998 351125 339783 2.1784e+06 2.13404e+06 4.81314e+06 1.55562e+06 2.62356e+06 3.21686e+06 3.843e+06 1.13348e+06 3.07943e+06 1.97215e+06 2.03268e+06 2.025e+06 2.42433e+06 2.27542e+06 1.05018e+06 2.36338e+06 3.18982e+06 1.53035e+06
reclaspred
 7.15064e+06 2.43807e+06 1.13388e+06 878658 449446 3.02797e+06 2.0267e+06 1.19979e+06 705390 259345 449450 1.59554e+06 1.70797e+06 199115 720678 1.7351e+06 1.43174e+06 1.76838e+06 1.86975e+06 2.23546e+06 4.01503e+06 3.32789e+06 2.272e+06 2.34161e+06 2.33726e+06 2.15654e+06 2.21052e+06 2.39526e+06 2.13462e+06 2.64502e+06 1.62535e+06 1.02481e+06 989215
pelacesobs
 0 0 0 0 0 0 0 0 0 0 0 0 0 0 0 552880 188675 0 991730 2.46772e+06 1.41603e+06 1.21717e+06 2.29649e+06 1.80582e+06 0 1.4828e+06 1.56532e+06 1.57751e+06 1.42118e+06 867257 1.10002e+06 1.06204e+06 0
pelacespred
 6.00506e+06 1.78502e+06 626960 336608 218086 1.71221e+06 1.08538e+06 951947 400247 94665.5 247227 792287 1.00052e+06 51422.2 363056 764406 684968 788880 816705 963945 2.06387e+06 1.73749e+06 1.32169e+06 1.38574e+06 1.29763e+06 1.29578e+06 1.49222e+06 1.47197e+06 1.27739e+06 1.76532e+06 944956 585913 450682
mphobs
 0 0 0 0 0 0 0 0 0 0 0 0 498337 0 5186 125008 0 168611 109162 213762 579715 649985 157893 87575 83554 210694 70296 0 107559 103333 445601 22526 28222
mphpred
 1.5425e+06 687425 183405 167588 87874.1 60502 616037 209941 128995 60559.1 20656 101118 327184 119879 6669.57 105982 304058 150929 170356 258718 538504 578139 152863 79487.8 111601 141306 83833.8 111907 159422 103385 134241 52863.1 28675
desembarqueobs
 494567 514787 250237 358949 120608 361735 552515 73892 212993 205616 52469 317467 293654 387597 252695 516296 358380 742168 942051 627588 828172 859565 418607 520667 417249 300574 415391 372974 316634 284311 391294 218835 356480
desembarquepred
 494507 514568 249944 358794 120571 361596 552077 73882.8 212889 205499 52461.8 317273 293564 387140 252470 515852 358190 741269 940292 626744 827981 858831 418310 520466 416869 300542 415180 372725 316248 284011 391461 218792 356346
Reclutas
 58663.3 53571.1 134298 59576.9 27830.6 270018 37670.4 12911.4 27976.3 31899.8 42292 175885 73668.8 27373.9 66758.9 232707 41204.8 210788 288439 260218 227773 353106 42301.3 114375 192608 31824.1 120987 122759 57332.9 135043 33854.2 32765.1 84701.4
log_desv_Rt
 -0.289605 -0.38041 0.538644 -0.274152 -1.03528 1.23707 -0.732545 -1.80331 -1.03006 -0.898821 -0.616821 0.808411 -0.0618397 -1.05183 -0.160331 1.08836 -0.642863 0.989436 1.30306 1.2001 1.06693 1.50535 -0.616601 0.378062 0.899239 -0.901194 0.434264 0.448805 -0.312544 0.544174 -0.839356 -0.872055 0.077713
SSB
 1.17773e+06 524863 140033 127957 67093.6 46194.5 470357 160294 98490 46238.1 15771.3 77205.6 236242 86348.2 4826.7 77082.7 232154 115237 138691 157189 338461 392510 385037 192441 240908 330452 181410 228163 342646 204241 325709 135711 65142.7
BT
 1.61711e+06 895178 412128 385344 166592 1.248e+06 773886 319130 348569 231150 168412 651481 605519 391870 454694 811810 498554 1.0489e+06 1.29898e+06 931619 1.58398e+06 1.44613e+06 739399 1.09484e+06 865953 625682 1.08402e+06 954741 625978 978610 623762 386342 528151
Ftot
 0.415649 1.15588 1.16113 1.87763 1.34522 0.644694 1.32078 0.358903 1.53207 3.10028 0.629184 1.03617 0.89641 4.95303 1.74294 1.49191 1.2412 1.99646 2.30068 1.40888 1.06457 1.30327 0.955745 1.16728 0.936782 0.740889 1.00131 0.826089 0.786506 0.590174 1.21619 1.11944 1.75772
BD_Bspro_t
 0.936163 0.571195 0.241065 0.231971 0.119165 0.108932 0.458598 0.204302 0.182346 0.114511 0.0584672 0.306204 0.402326 0.153236 0.0127438 0.166852 0.266995 0.145163 0.142947 0.138386 0.207073 0.228321 0.242949 0.15849 0.219595 0.317421 0.241023 0.316634 0.392803 0.294606 0.400291 0.210185 0.166931
BD_Bspro
 2.08598 0.929633 0.248025 0.226636 0.118836 0.0818192 0.833092 0.283912 0.174445 0.0818965 0.0279339 0.136746 0.41843 0.152939 0.00854902 0.136528 0.41119 0.204108 0.245649 0.278411 0.59948 0.695211 0.681975 0.340849 0.426694 0.585293 0.321312 0.404121 0.606892 0.36175 0.576893 0.240371 0.11538
BD_Bo
 5.01461 2.2348 0.596243 0.544824 0.285676 0.19669 2.00272 0.682513 0.419358 0.196876 0.0671521 0.328732 1.00589 0.36766 0.0205515 0.328208 0.988484 0.490667 0.59053 0.66929 1.44113 1.67126 1.63944 0.819389 1.02576 1.40702 0.772423 0.97149 1.45894 0.869633 1.38683 0.577841 0.277369
BD_Brms
 5.37446 2.39517 0.63903 0.583921 0.306176 0.210805 2.14644 0.731491 0.449451 0.211004 0.0719709 0.352322 1.07807 0.394043 0.0220263 0.351761 1.05942 0.525877 0.632907 0.717319 1.54454 1.79119 1.75709 0.878188 1.09936 1.50799 0.827852 1.0412 1.56364 0.932038 1.48635 0.619307 0.297274
Sel_flota
 0.541463 0.957331 0.99766 0.999877 0.999994
 0.541463 0.957331 0.99766 0.999877 0.999994
 0.541463 0.957331 0.99766 0.999877 0.999994
 0.541463 0.957331 0.99766 0.999877 0.999994
 0.541463 0.957331 0.99766 0.999877 0.999994
 0.541463 0.957331 0.99766 0.999877 0.999994
 0.541463 0.957331 0.99766 0.999877 0.999994
 0.541463 0.957331 0.99766 0.999877 0.999994
 0.541463 0.957331 0.99766 0.999877 0.999994
 0.541463 0.957331 0.99766 0.999877 0.999994
 0.541463 0.957331 0.99766 0.999877 0.999994
 0.541463 0.957331 0.99766 0.999877 0.999994
 0.541463 0.957331 0.99766 0.999877 0.999994
 0.541463 0.957331 0.99766 0.999877 0.999994
 0.541463 0.957331 0.99766 0.999877 0.999994
 0.541463 0.957331 0.99766 0.999877 0.999994
 0.541463 0.957331 0.99766 0.999877 0.999994
 0.541463 0.957331 0.99766 0.999877 0.999994
 0.541463 0.957331 0.99766 0.999877 0.999994
 0.541463 0.957331 0.99766 0.999877 0.999994
 0.541463 0.957331 0.99766 0.999877 0.999994
 0.541463 0.957331 0.99766 0.999877 0.999994
 0.541463 0.957331 0.99766 0.999877 0.999994
 0.541463 0.957331 0.99766 0.999877 0.999994
 0.541463 0.957331 0.99766 0.999877 0.999994
 0.541463 0.957331 0.99766 0.999877 0.999994
 0.541463 0.957331 0.99766 0.999877 0.999994
 0.541463 0.957331 0.99766 0.999877 0.999994
 0.541463 0.957331 0.99766 0.999877 0.999994
 0.541463 0.957331 0.99766 0.999877 0.999994
 0.541463 0.957331 0.99766 0.999877 0.999994
 0.541463 0.957331 0.99766 0.999877 0.999994
 0.541463 0.957331 0.99766 0.999877 0.999994
Sel_reclas
 0.449273 0.804134 0.953835 0.990475 0.998093
 0.449273 0.804134 0.953835 0.990475 0.998093
 0.449273 0.804134 0.953835 0.990475 0.998093
 0.449273 0.804134 0.953835 0.990475 0.998093
 0.449273 0.804134 0.953835 0.990475 0.998093
 0.449273 0.804134 0.953835 0.990475 0.998093
 0.449273 0.804134 0.953835 0.990475 0.998093
 0.449273 0.804134 0.953835 0.990475 0.998093
 0.449273 0.804134 0.953835 0.990475 0.998093
 0.449273 0.804134 0.953835 0.990475 0.998093
 0.449273 0.804134 0.953835 0.990475 0.998093
 0.449273 0.804134 0.953835 0.990475 0.998093
 0.449273 0.804134 0.953835 0.990475 0.998093
 0.449273 0.804134 0.953835 0.990475 0.998093
 0.449273 0.804134 0.953835 0.990475 0.998093
 0.449273 0.804134 0.953835 0.990475 0.998093
 0.449273 0.804134 0.953835 0.990475 0.998093
 0.449273 0.804134 0.953835 0.990475 0.998093
 0.449273 0.804134 0.953835 0.990475 0.998093
 0.449273 0.804134 0.953835 0.990475 0.998093
 0.449273 0.804134 0.953835 0.990475 0.998093
 0.449273 0.804134 0.953835 0.990475 0.998093
 0.449273 0.804134 0.953835 0.990475 0.998093
 0.449273 0.804134 0.953835 0.990475 0.998093
 0.449273 0.804134 0.953835 0.990475 0.998093
 0.449273 0.804134 0.953835 0.990475 0.998093
 0.449273 0.804134 0.953835 0.990475 0.998093
 0.449273 0.804134 0.953835 0.990475 0.998093
 0.449273 0.804134 0.953835 0.990475 0.998093
 0.449273 0.804134 0.953835 0.990475 0.998093
 0.449273 0.804134 0.953835 0.990475 0.998093
 0.449273 0.804134 0.953835 0.990475 0.998093
 0.449273 0.804134 0.953835 0.990475 0.998093
Sel_pelaces
 0.275998 0.657358 0.906148 0.979835 0.995927
 0.275998 0.657358 0.906148 0.979835 0.995927
 0.275998 0.657358 0.906148 0.979835 0.995927
 0.275998 0.657358 0.906148 0.979835 0.995927
 0.275998 0.657358 0.906148 0.979835 0.995927
 0.275998 0.657358 0.906148 0.979835 0.995927
 0.275998 0.657358 0.906148 0.979835 0.995927
 0.275998 0.657358 0.906148 0.979835 0.995927
 0.275998 0.657358 0.906148 0.979835 0.995927
 0.275998 0.657358 0.906148 0.979835 0.995927
 0.275998 0.657358 0.906148 0.979835 0.995927
 0.275998 0.657358 0.906148 0.979835 0.995927
 0.275998 0.657358 0.906148 0.979835 0.995927
 0.275998 0.657358 0.906148 0.979835 0.995927
 0.275998 0.657358 0.906148 0.979835 0.995927
 0.275998 0.657358 0.906148 0.979835 0.995927
 0.275998 0.657358 0.906148 0.979835 0.995927
 0.275998 0.657358 0.906148 0.979835 0.995927
 0.275998 0.657358 0.906148 0.979835 0.995927
 0.275998 0.657358 0.906148 0.979835 0.995927
 0.275998 0.657358 0.906148 0.979835 0.995927
 0.275998 0.657358 0.906148 0.979835 0.995927
 0.275998 0.657358 0.906148 0.979835 0.995927
 0.275998 0.657358 0.906148 0.979835 0.995927
 0.275998 0.657358 0.906148 0.979835 0.995927
 0.275998 0.657358 0.906148 0.979835 0.995927
 0.275998 0.657358 0.906148 0.979835 0.995927
 0.275998 0.657358 0.906148 0.979835 0.995927
 0.275998 0.657358 0.906148 0.979835 0.995927
 0.275998 0.657358 0.906148 0.979835 0.995927
 0.275998 0.657358 0.906148 0.979835 0.995927
 0.275998 0.657358 0.906148 0.979835 0.995927
 0.275998 0.657358 0.906148 0.979835 0.995927
pf_obs 
 0.8446 0.082 0.0669 0.0065 0
 0.8095 0.147 0.0364 0.0071 0
 0.9664 0.0169 0.016 0.0007 0
 0.9276 0.0648 0.0075 0.0001 0
 0.7033 0.2144 0.0806 0.0017 0
 0.9318 0.0425 0.0243 0.0014 0
 0.5671 0.3108 0.0964 0.0239 0.0018
 0.0768 0.2599 0.5324 0.112 0.0189
 0.490249 0.384438 0.106611 0.0170017 0.00170017
 0.7925 0.1577 0.0466 0.003 0.0002
 0.840416 0.127587 0.0312969 0.00059994 9.999e-05
 0.8084 0.0986 0.0794 0.0134 0.0002
 0.7335 0.1905 0.0724 0.0035 0.0001
 0.4001 0.4547 0.1325 0.0127 0
 0.49795 0.308269 0.164784 0.0264974 0.00249975
 0.9179 0.0499 0.0305 0.0017 0
 0.2467 0.6533 0.0926 0.0074 0
 0.9418 0.0223 0.034 0.0019 0
 0.707729 0.231977 0.0356964 0.0245975 0
 0.517169 0.277429 0.184464 0.0207286 0.00020938
 0.811772 0.124168 0.05621 0.00726502 0.000585176
 0.764997 0.148141 0.077277 0.00933861 0.000247198
 0.163321 0.427699 0.378323 0.0303852 0.000271297
 0.753843 0.0900009 0.118128 0.0371064 0.000921714
 0.721811 0.176058 0.0630433 0.0369309 0.00215725
 0.143369 0.312575 0.442814 0.0836902 0.0175525
 0.692698 0.0596174 0.167031 0.0765114 0.00414204
 0.394062 0.376323 0.152708 0.0712218 0.00568511
 0.125707 0.32114 0.495352 0.0537591 0.00404204
 0.23352 0.215282 0.420074 0.123614 0.00750983
 0.796117 0.104755 0.0508955 0.0450114 0.00322123
 0.162477 0.292055 0.404252 0.121198 0.0200186
 0 0 0 0 0
pf_pred 
 0.304873 0.205057 0.431719 0.0583497 1.15818e-06
 0.49213 0.236207 0.083021 0.166235 0.0224073
 0.85732 0.100331 0.0204736 0.00670333 0.0151724
 0.60514 0.369468 0.0182387 0.00346527 0.00368771
 0.663388 0.275824 0.0572127 0.00257157 0.00100325
 0.96606 0.0282271 0.00474436 0.000911774 5.67305e-05
 0.265376 0.722288 0.0103562 0.00164525 0.000334829
 0.349202 0.30548 0.339937 0.0045202 0.000860678
 0.71857 0.143595 0.0663814 0.0703429 0.0011105
 0.832031 0.147236 0.0110212 0.00468819 0.00502355
 0.920321 0.0762533 0.00305202 0.000199439 0.000174405
 0.909624 0.0866755 0.00354939 0.000134355 1.64063e-05
 0.553507 0.427776 0.0179989 0.000689151 2.91645e-05
 0.509624 0.360005 0.125234 0.00494121 0.000196509
 0.984328 0.0142131 0.00112669 0.000318868 1.2934e-05
 0.944023 0.0556655 0.000284668 2.06359e-05 6.0475e-06
 0.416802 0.570222 0.0129093 6.08641e-05 5.67959e-06
 0.926805 0.0464735 0.026168 0.000550234 2.82486e-06
 0.889421 0.107908 0.0017561 0.000896446 1.88451e-05
 0.850179 0.144524 0.00518204 7.56995e-05 3.92225e-05
 0.759723 0.224696 0.01507 0.000499517 1.10296e-05
 0.818083 0.159953 0.020628 0.00129217 4.36143e-05
 0.283389 0.657505 0.0524296 0.00627136 0.000404444
 0.795046 0.0960699 0.100428 0.00750392 0.000952085
 0.835499 0.148804 0.00763768 0.007436 0.000623678
 0.303064 0.63993 0.0518825 0.00249734 0.00262611
 0.828692 0.0816719 0.0826928 0.00632123 0.000622186
 0.736675 0.241765 0.0106366 0.0100802 0.00084335
 0.520893 0.410558 0.0632511 0.00261786 0.00267956
 0.809446 0.13288 0.0498382 0.00723217 0.000603693
 0.362113 0.571863 0.0468021 0.016617 0.00260485
 0.662104 0.195248 0.128833 0.00980447 0.00401074
 0.883873 0.0958256 0.0120777 0.00742964 0.000793629
pobs_RECLAS
 0 0 0 0 0
 0 0 0 0 0
 0 0 0 0 0
 0 0 0 0 0
 0 0 0 0 0
 0 0 0 0 0
 0 0 0 0 0
 0 0 0 0 0
 0 0 0 0 0
 0 0 0 0 0
 0.991045 0.00858322 0.000360255 1.14367e-05 0
 0.934742 0.0480273 0.0164251 0.00080598 0
 0.827803 0.169806 0.00239088 0 0
 0.941827 0.0461693 0.0120037 0 0
 0.791401 0.0380133 0.147996 0.0225897 0
 0.846168 0.0940531 0.0597789 0 0
 0.134021 0.677848 0.182769 0.00536245 0
 0.80878 0.0450904 0.141981 0.00414843 0
 0.846168 0.0940531 0.0597789 0 0
 0.905697 0.0802665 0.012482 0.00150086 5.37128e-05
 0.989698 0.0102097 9.19794e-05 0 0
 0.975433 0.0193895 0.00387452 0.00125025 5.28907e-05
 0.303575 0.632131 0.0575291 0.00676475 0
 0.966965 0.00978017 0.0227588 0.000495775 0
 0.843318 0.132988 0.00938335 0.0141283 0.000182051
 0.564624 0.303363 0.111486 0.0197234 0.00080311
 0.826376 0.0876187 0.0782897 0.00655872 0.00115652
 0.89761 0.0855135 0.0140674 0.00269457 0.000114338
 0.34875 0.467042 0.161289 0.0227151 0.000203297
 0.318654 0.224769 0.449479 0.00709798 0
 0.937255 0.0296025 0.0250945 0.00804832 0
 0.456809 0.399803 0.12412 0.0192676 0
 0.883104 0.0372192 0.0704036 0.00927362 0
ppred_RECLAS
 0.286425 0.191475 0.457972 0.0641263 1.28247e-06
 0.486435 0.220223 0.0874246 0.181296 0.0246219
 0.859068 0.0947862 0.0218454 0.00740754 0.016893
 0.63396 0.339605 0.018781 0.00369391 0.00396061
 0.674977 0.260228 0.0608491 0.00283227 0.00111329
 0.965935 0.0276725 0.00527613 0.00105039 6.58493e-05
 0.279443 0.706863 0.0114282 0.00188013 0.000385519
 0.334112 0.291371 0.368467 0.00507606 0.000973833
 0.723561 0.131653 0.0684673 0.0751243 0.00119492
 0.86725 0.114664 0.00944509 0.00415504 0.00448554
 0.92125 0.074915 0.00340173 0.000230277 0.000202895
 0.913095 0.0828978 0.00383856 0.000150493 1.85158e-05
 0.561349 0.417919 0.0199079 0.000789534 3.36652e-05
 0.649432 0.252888 0.0937106 0.00381691 0.000152917
 0.985851 0.0126777 0.00112776 0.000330436 1.35042e-05
 0.948545 0.0511323 0.000294301 2.20907e-05 6.52268e-06
 0.432216 0.553566 0.0141429 6.9055e-05 6.49257e-06
 0.933421 0.0405078 0.0255132 0.000555299 2.87231e-06
 0.905797 0.091645 0.00166134 0.000877645 1.85884e-05
 0.859736 0.134698 0.00544084 8.2303e-05 4.29656e-05
 0.767341 0.215729 0.0163561 0.000561511 1.24921e-05
 0.826271 0.150389 0.0218732 0.00141893 4.8254e-05
 0.289681 0.644493 0.0581536 0.00720487 0.000468158
 0.793636 0.090367 0.106685 0.00825576 0.00105539
 0.839039 0.143507 0.00833632 0.00840662 0.000710415
 0.306229 0.629933 0.0578934 0.00288665 0.00305844
 0.825494 0.0777338 0.0890247 0.00704855 0.000699016
 0.740471 0.235318 0.0117279 0.0115128 0.000970483
 0.523379 0.400596 0.0699348 0.00299827 0.00309213
 0.805502 0.1301 0.0553734 0.00832416 0.000700102
 0.373564 0.553527 0.0511364 0.0188029 0.00296975
 0.662164 0.184759 0.137745 0.0108568 0.00447476
 0.893139 0.0860978 0.0121752 0.00775389 0.000834504
pobs_PELACES
 0 0 0 0 0
 0 0 0 0 0
 0 0 0 0 0
 0 0 0 0 0
 0 0 0 0 0
 0 0 0 0 0
 0 0 0 0 0
 0 0 0 0 0
 0 0 0 0 0
 0 0 0 0 0
 0 0 0 0 0
 0 0 0 0 0
 0 0 0 0 0
 0 0 0 0 0
 0 0 0 0 0
 0 0 0 0 0
 0.505614 0.472636 0.0217494 0 0
 0 0 0 0 0
 0.443492 0.261883 0.143347 0.151278 0
 0.227955 0.32914 0.350689 0.0885471 0.00366901
 0.970185 0.0296113 0.000203453 0 0
 0.997202 0.00247181 0.000326279 0 0
 0.445219 0.490057 0.0546422 0.010081 0
 0.90214 0.0892962 0.00764917 0.000914606 0
 0 0 0 0 0
 0.581667 0.319106 0.0959925 0.00289975 0.000334073
 0.762889 0.0836404 0.116647 0.0363945 0.000428098
 0.88444 0.0763242 0.0277011 0.0115352 0
 0.521256 0.241999 0.230069 0.00667565 0
 0.616807 0.101726 0.260614 0.0208532 0
 0.833518 0.0704572 0.0857862 0.0102388 0
 0.697417 0.212968 0.0787535 0.0105354 0.000325836
 0 0 0 0 0
ppred_PELACES
 0.222151 0.186661 0.515976 0.0752105 1.51716e-06
 0.430937 0.221532 0.100642 0.217145 0.0297448
 0.835662 0.104622 0.0275915 0.00973433 0.0223906
 0.624944 0.344288 0.0215808 0.00441389 0.00477324
 0.645954 0.27553 0.0735436 0.00356108 0.00141183
 0.957626 0.0334156 0.00734079 0.00152109 9.6182e-05
 0.25836 0.72548 0.0133932 0.00229224 0.00047407
 0.266803 0.294734 0.431084 0.00618243 0.00119635
 0.691022 0.135585 0.0802899 0.0916337 0.00147006
 0.880582 0.10124 0.00929956 0.00425041 0.0046277
 0.904859 0.0898152 0.00469999 0.000331154 0.000294299
 0.900403 0.0943593 0.00500811 0.000204304 2.53531e-05
 0.519212 0.454836 0.0248805 0.00102684 4.41617e-05
 0.728278 0.191233 0.077099 0.00325823 0.00013164
 0.984965 0.0132693 0.0013403 0.000408416 1.68345e-05
 0.9444 0.0552016 0.000361973 2.82621e-05 8.41672e-06
 0.403294 0.579683 0.0169292 8.59971e-05 8.15515e-06
 0.92944 0.0408103 0.0290876 0.000658293 3.4343e-06
 0.908007 0.08915 0.00182149 0.00100032 2.13683e-05
 0.847502 0.145628 0.00670899 0.000105571 5.55869e-05
 0.739446 0.239031 0.0207647 0.000741736 1.6644e-05
 0.807412 0.163527 0.0271648 0.00183326 6.28814e-05
 0.256251 0.665394 0.0688915 0.00888168 0.000582093
 0.757966 0.0978463 0.132174 0.0106417 0.00137212
 0.813881 0.162891 0.0108601 0.0113964 0.000971382
 0.265798 0.657234 0.0695064 0.00360693 0.0038546
 0.790105 0.0862938 0.11333 0.00933684 0.000933936
 0.702659 0.265298 0.0151977 0.0155259 0.00132007
 0.472908 0.432382 0.0868081 0.00387322 0.00402897
 0.762204 0.151072 0.0741393 0.0116007 0.000984108
 0.342104 0.57085 0.0603026 0.023069 0.00367494
 0.616609 0.19634 0.167594 0.013744 0.0057136
 0.885863 0.0892803 0.0143328 0.00949296 0.00103045
pobs_pel_tallas
 0 0 0 0 0 0 0 0 0 0 0 0 0 0 0 0 0 0 0 0 0 0 0 0 0 0
 0 0 0 0 0 0 0 0 0 0 0 0 0 0 0 0 0 0 0 0 0 0 0 0 0 0
 0 0 0 0 0 0 0 0 0 0 0 0 0 0 0 0 0 0 0 0 0 0 0 0 0 0
 0 0 0 0 0 0 0 0 0 0 0 0 0 0 0 0 0 0 0 0 0 0 0 0 0 0
 0 0 0 0 0 0 0 0 0 0 0 0 0 0 0 0 0 0 0 0 0 0 0 0 0 0
 0 0 0 0 0 0 0 0 0 0 0 0 0 0 0 0 0 0 0 0 0 0 0 0 0 0
 0 0 0 0 0 0 0 0 0 0 0 0 0 0 0 0 0 0 0 0 0 0 0 0 0 0
 0 0 0 0 0 0 0 0 0 0 0 0 0 0 0 0 0 0 0 0 0 0 0 0 0 0
 0 0 0 0 0 0 0 0 0 0 0 0 0 0 0 0 0 0 0 0 0 0 0 0 0 0
 0 0 0 0 0 0 0 0 0 0 0 0 0 0 0 0 0 0 0 0 0 0 0 0 0 0
 0 0 0 0 0 0 0 0 0 0 0 0 0 0 0 0 0 0 0 0 0 0 0 0 0 0
 0 0 0 0 0 0 0 0 0 0 0 0 0 0 0 0 0 0 0 0 0 0 0 0 0 0
 0.00862536 0 0 0.000197151 0.00414017 0.0128641 0.00837892 0.0270097 0.101434 0.158115 0.152841 0.127902 0.109271 0.109419 0.0830992 0.0579132 0.0238553 0.00714673 0.00463305 0.00128148 0.00103504 0.000492878 0.000147863 0.000147863 4.92878e-05 0
 0 0 0 0 0 0 0 0 0 0 0 0 0 0 0 0 0 0 0 0 0 0 0 0 0 0
 0 0 0 0 0 0 0 0.0054083 0.00873648 0.0413646 0.0450493 0.0745869 0.0622846 0.0627006 0.0613931 0.0827291 0.12552 0.122667 0.0946155 0.0697135 0.0546179 0.0294188 0.0215738 0.0213955 0.0102223 0.00600262
 0 0 0 0 0.00359764 0.0251062 0.0480494 0.140153 0.205849 0.193036 0.1447 0.116669 0.0760912 0.0342217 0.00950174 0.001854 0.000860785 0 0 0 0.000165536 0 0.000143464 0 0 0
 0 0 0 0 0 0 0 0.000145254 0.000435761 0.0275982 0.070085 0.0708112 0.156366 0.174668 0.174014 0.160142 0.0824315 0.0480064 0.0283245 0.00493863 0.00203355 0 0 0 0 0
 0 0 0 0 0 0 0 0 0 0 0 0 0 0 0 0 0 0 0 0 0 0 0 0 0 0
 0 0 1.00437e-05 0.000401748 0.00122533 0.00171747 0.00176769 0.0269171 0.070346 0.194647 0.189555 0.159765 0.064822 0.0314167 0.0384472 0.0292271 0.0345202 0.0313363 0.0194345 0.0106764 0.0143323 0.0359363 0.0279516 0.0138201 0.00172751 0
 0 0.0021121 0.0136068 0.0755702 0.200478 0.177729 0.0527432 0.0373336 0.0318909 0.0142505 0.0149659 0.0166563 0.0217959 0.0798694 0.0677717 0.0528807 0.04013 0.0224614 0.0357745 0.0225083 0.00881397 0.00855152 0.00135912 0.000746735 0 0
 0 0 0 0 5.4009e-05 0.00500934 0.000945158 0.0243581 0.138947 0.33067 0.221406 0.137944 0.0707744 0.0437923 0.0131692 0.00525238 0.0047753 0.00276346 9.45158e-05 9.00151e-06 2.25038e-05 9.00151e-06 4.50075e-06 0 0 0
 0.000866109 0.00284123 0.00948549 0.0512746 0.133035 0.25785 0.225252 0.132002 0.0553304 0.0519788 0.0540692 0.017754 0.00435017 0.00159236 0.00146478 0.000404838 0.000125132 0.000115318 0.000107957 0.000100596 0 0 0 0 0 0
 0 0 0 0 0.00144013 0.00171154 0.00461396 0.0210425 0.0478622 0.0707936 0.0888783 0.103762 0.0637923 0.0337046 0.0602308 0.124433 0.169614 0.0934646 0.0462172 0.0250306 0.0313229 0.00938855 0.002487 0.000210481 0 0
 0 0.00764035 0.051015 0.0998891 0.058973 0.0496711 0.0374665 0.0718981 0.12319 0.153886 0.159021 0.0857701 0.0377988 0.023471 0.0147837 0.00900784 0.00315554 0.000888139 0.00291439 0.00214683 0.00393193 0.00274676 0.000635225 9.99891e-05 0 0
 0 0 0 0 0 0 0 0 0 0 0 0 0 0 0 0 0 0 0 0 0 0 0 0 0 0
 0 0 0 0 0 0 0 0 0 0 0 0 0 0 0 0 0 0 0 0 0 0 0 0 0 0
 0 0 0 0 0 0 0 0 0 0 0 0 0 0 0 0 0 0 0 0 0 0 0 0 0 0
 0 0 0 0 0 0 0 0 0 0 0 0 0 0 0 0 0 0 0 0 0 0 0 0 0 0
 0 0 0 0 0 0 0 0 0 0 0 0 0 0 0 0 0 0 0 0 0 0 0 0 0 0
 0 0 0 0 0 0 0 0 0 0 0 0 0 0 0 0 0 0 0 0 0 0 0 0 0 0
 0 0 0 0 0 0 0 0 0 0 0 0 0 0 0 0 0 0 0 0 0 0 0 0 0 0
 0 0 0 0 0 0 0 0 0 0 0 0 0 0 0 0 0 0 0 0 0 0 0 0 0 0
 0 0 0 0 0 0 0 0 0 0 0 0 0 0 0 0 0 0 0 0 0 0 0 0 0 0
ppred_pel_tallas
 1.22481e-16 1.82983e-05 0.000177866 0.00118198 0.00537313 0.0167179 0.03562 0.0519923 0.0520111 0.035712 0.0170294 0.00628269 0.00350275 0.0053687 0.0102418 0.0178555 0.0279405 0.0397684 0.0524579 0.065388 0.078115 0.0897575 0.0985187 0.102056 0.0986434 0.0882688
 1.29772e-16 3.54957e-05 0.000345031 0.00229285 0.010423 0.0324299 0.0690962 0.100852 0.100874 0.0692015 0.0327842 0.0114489 0.00487839 0.00602455 0.0109296 0.0183076 0.0270973 0.0356993 0.0426036 0.0473739 0.05097 0.0549837 0.0603319 0.0664296 0.0714175 0.0731697
 1.05589e-16 6.88324e-05 0.000669075 0.00444624 0.020212 0.062887 0.133988 0.195561 0.195571 0.134037 0.063053 0.0206918 0.00565202 0.003306 0.00509107 0.00834623 0.0121107 0.0154379 0.0174235 0.0176823 0.0165831 0.0149872 0.0136957 0.013035 0.0128254 0.0126384
 1.01962e-16 5.14759e-05 0.000500364 0.0033251 0.0151154 0.0470299 0.100203 0.146257 0.14629 0.100365 0.0475734 0.0166847 0.00726207 0.00908772 0.0163396 0.0268765 0.0385838 0.0482518 0.0526468 0.0502814 0.0423153 0.0318019 0.0219083 0.0144776 0.00975391 0.00701798
 1.02789e-16 5.32064e-05 0.000517185 0.00343688 0.0156236 0.0486109 0.103572 0.151171 0.151198 0.103702 0.0490476 0.0168857 0.00660751 0.00744659 0.0132363 0.021857 0.0316158 0.0400337 0.0446006 0.0441249 0.0393964 0.0325712 0.0258125 0.0202738 0.0160174 0.0125886
 1.0039e-16 7.88784e-05 0.000766726 0.00509517 0.0231619 0.0720652 0.153543 0.224101 0.224104 0.153559 0.0721182 0.0233148 0.00547923 0.00160579 0.00167434 0.00264817 0.00381867 0.00482583 0.00536042 0.00527973 0.00468486 0.00384516 0.00303062 0.00238457 0.00191102 0.00154465
 1.00883e-16 2.1281e-05 0.000206859 0.00137465 0.00624901 0.0194434 0.0414287 0.060481 0.0605508 0.0417696 0.0205875 0.00955182 0.009658 0.0182657 0.0342481 0.0564013 0.0808139 0.100715 0.109219 0.103154 0.0850038 0.0613448 0.0390813 0.0223527 0.0118724 0.00620475
 1.13338e-16 2.19763e-05 0.000213617 0.00141956 0.00645314 0.0200783 0.0427799 0.0624446 0.0624736 0.042922 0.0205568 0.00784302 0.00493694 0.00798642 0.0150593 0.025576 0.0384966 0.0518362 0.0634331 0.0720432 0.0776858 0.0808941 0.0816501 0.0791155 0.0724133 0.0616669
 1.11791e-16 5.69186e-05 0.000553269 0.00367667 0.0167136 0.0520023 0.110797 0.161714 0.161727 0.110861 0.0522193 0.0173422 0.00526101 0.00403383 0.00673295 0.0112174 0.0165792 0.0217729 0.0257949 0.0282538 0.029584 0.0306321 0.0319419 0.0333252 0.0340141 0.033193
 1.01504e-16 7.25324e-05 0.000705041 0.00468525 0.0212985 0.0662674 0.14119 0.206073 0.206083 0.141238 0.0664274 0.0217604 0.00584444 0.00323461 0.0048739 0.00793586 0.0114096 0.0143182 0.0157225 0.0151986 0.0130937 0.0102967 0.00771178 0.00583755 0.00469483 0.00402709
 1.00242e-16 7.45321e-05 0.000724478 0.00481441 0.0218856 0.0680944 0.145083 0.211754 0.211763 0.145125 0.0682361 0.0222949 0.005841 0.00296334 0.00432006 0.00700694 0.0100463 0.0125484 0.0136613 0.012993 0.0108443 0.00801478 0.00533885 0.00331024 0.00200737 0.00125545
 1.00194e-16 7.4165e-05 0.00072091 0.0047907 0.0217778 0.067759 0.144368 0.210711 0.21072 0.144412 0.0679079 0.0222078 0.00586923 0.00307303 0.00453443 0.00736093 0.0105539 0.0131815 0.0143484 0.0136416 0.0113763 0.00839145 0.00556365 0.00341288 0.00202424 0.0012178
 1.00945e-16 4.27669e-05 0.00041571 0.00276254 0.0125581 0.0390733 0.0832513 0.121517 0.121561 0.0834652 0.0397911 0.0146307 0.00796157 0.0117543 0.0215443 0.035464 0.0508814 0.0635571 0.0691955 0.0658074 0.0549097 0.0405427 0.026927 0.0165644 0.00986357 0.00595882
 1.02623e-16 5.99873e-05 0.000583098 0.00387489 0.0176147 0.054806 0.116771 0.170434 0.170453 0.116861 0.05511 0.0184937 0.0060848 0.00541918 0.00927903 0.0153343 0.0222894 0.0284525 0.0321182 0.0324613 0.0299677 0.0260014 0.0218898 0.0182794 0.0151445 0.0122173
 1.00086e-16 8.11303e-05 0.000788615 0.00524063 0.0238231 0.0741226 0.157926 0.230498 0.230499 0.157932 0.0741435 0.0238837 0.00539256 0.00112014 0.000710348 0.00104485 0.00149469 0.00187396 0.00205415 0.00197787 0.00168857 0.00130109 0.000933532 0.000653166 0.000467337 0.000348949
 1.00029e-16 7.7789e-05 0.000756136 0.00502479 0.022842 0.0710699 0.151422 0.221006 0.221011 0.151448 0.0711569 0.0230932 0.00565482 0.00212951 0.00268023 0.00429249 0.00613986 0.00764489 0.00827777 0.00779646 0.00639116 0.00456558 0.00284974 0.00156336 0.000763713 0.000341718
 1.00647e-16 3.32189e-05 0.000322899 0.00214578 0.00975445 0.03035 0.064666 0.0943936 0.0944494 0.0649384 0.0312644 0.0123942 0.0087665 0.0147583 0.0273965 0.0451024 0.0646459 0.0806125 0.087505 0.0827843 0.0684163 0.0496246 0.0318887 0.0184908 0.00999989 0.00529604
 1.00917e-16 7.65568e-05 0.000744159 0.0049452 0.0224802 0.0699441 0.149024 0.217505 0.217509 0.149043 0.0700094 0.0226692 0.0054213 0.00178909 0.00207738 0.00335545 0.00492395 0.00639364 0.00741517 0.00781302 0.00766107 0.00718678 0.00659015 0.00593556 0.00518471 0.00430334
 1.0018e-16 7.47913e-05 0.000726998 0.00483116 0.0219618 0.0683312 0.145587 0.212491 0.212499 0.145629 0.0684718 0.0223677 0.00584918 0.00294652 0.00428175 0.00693842 0.00993667 0.012388 0.0134436 0.0127147 0.0105072 0.00762842 0.00492382 0.00289715 0.00163045 0.000942606
 1.00251e-16 6.98077e-05 0.000678555 0.00450924 0.0204984 0.0637781 0.135886 0.198333 0.198347 0.135955 0.0640079 0.0211618 0.00617338 0.00430755 0.00695061 0.0113505 0.0162736 0.0203154 0.0220948 0.0209743 0.0174424 0.0127989 0.00840409 0.00506745 0.00292453 0.00169721
 1.00738e-16 6.09072e-05 0.00059204 0.00393432 0.0178848 0.0556465 0.118562 0.173049 0.173072 0.118674 0.056024 0.0189749 0.00666933 0.00655872 0.0113812 0.0186885 0.0268427 0.0335995 0.0367107 0.0351316 0.0296419 0.0223261 0.0153508 0.00998505 0.00642174 0.00421811
 1.01021e-16 6.65055e-05 0.000646457 0.00429594 0.0195287 0.0607611 0.129459 0.188952 0.188968 0.129536 0.0610198 0.0202759 0.00617177 0.00474202 0.00784641 0.0128704 0.018542 0.0233311 0.0257196 0.0249969 0.0216679 0.0170939 0.0126681 0.00917549 0.00670357 0.00496219
 1.03148e-16 2.11072e-05 0.00020517 0.00136343 0.00619798 0.0192846 0.0410902 0.0599857 0.0600498 0.0414033 0.0203358 0.00923381 0.00898153 0.016828 0.0315686 0.0520966 0.0749035 0.0938895 0.102835 0.0988504 0.0840906 0.0643046 0.0454334 0.0309051 0.0211729 0.0149687
 1.05139e-16 6.24327e-05 0.000606868 0.00403285 0.0183328 0.0570401 0.12153 0.177379 0.177389 0.121577 0.0571987 0.0187932 0.00519751 0.00317873 0.00503288 0.00844543 0.0126801 0.0170267 0.0207657 0.0235034 0.0252886 0.0263557 0.0267487 0.0262032 0.0243856 0.0212456
 1.01663e-16 6.70383e-05 0.000651637 0.00433035 0.0196852 0.061248 0.130496 0.190466 0.190481 0.130572 0.0615052 0.020428 0.00619406 0.00471761 0.00778184 0.0127404 0.0183046 0.022934 0.0251121 0.0241519 0.0206126 0.0159338 0.011586 0.00838996 0.00639765 0.00521266
 1.03188e-16 2.18936e-05 0.000212813 0.00141422 0.00642889 0.020003 0.0426209 0.0622197 0.062283 0.0429302 0.0210414 0.00942756 0.00893912 0.0166324 0.0311839 0.0514605 0.0739897 0.0927448 0.101581 0.0976391 0.0830455 0.0634765 0.0448037 0.030423 0.0207958 0.0146815
 1.04387e-16 6.508e-05 0.0006326 0.00420385 0.0191101 0.0594587 0.126683 0.1849 0.184908 0.126725 0.0595984 0.0195158 0.00522983 0.00289744 0.00443992 0.00742838 0.0111391 0.0149313 0.0181647 0.0204911 0.0219602 0.0227946 0.0230548 0.0225273 0.0209288 0.0182119
 1.02287e-16 5.78771e-05 0.000562586 0.00373858 0.0169951 0.0528781 0.112663 0.164441 0.164466 0.112788 0.053297 0.0182045 0.00677279 0.00718132 0.0126137 0.0207244 0.0297637 0.037255 0.0407216 0.0390377 0.0331143 0.0253078 0.0180374 0.0126721 0.0093274 0.00737815
 1.03686e-16 3.89529e-05 0.000378636 0.00251617 0.0114382 0.0355886 0.0758269 0.11068 0.110722 0.0760307 0.0362731 0.0134156 0.00748152 0.0112234 0.0206506 0.0341174 0.0492325 0.0620895 0.0687096 0.0672217 0.058934 0.0473772 0.0361389 0.0272004 0.0207361 0.0159782
 1.03509e-16 6.27817e-05 0.000610261 0.0040554 0.0184353 0.057359 0.12221 0.178372 0.178387 0.122282 0.0575997 0.0191314 0.0058068 0.00444693 0.0073884 0.012217 0.0178301 0.0229156 0.0261631 0.0269426 0.025624 0.0232204 0.02067 0.0183537 0.0161426 0.0137743
 1.04822e-16 2.81787e-05 0.000273907 0.00182021 0.00827446 0.0257452 0.0548549 0.0800739 0.0801289 0.0551236 0.0266473 0.0108796 0.00835792 0.014541 0.0271102 0.0447383 0.0643615 0.0807645 0.088647 0.085569 0.0734105 0.0571044 0.0416999 0.030036 0.0223613 0.0174482
 1.07232e-16 5.07893e-05 0.00049369 0.00328074 0.0149138 0.0464025 0.0988661 0.144302 0.144321 0.0989597 0.0467175 0.0158266 0.00558244 0.00555309 0.0097613 0.016322 0.0241237 0.0316172 0.037211 0.0400988 0.0406028 0.0396893 0.0381106 0.0359392 0.0328014 0.0284528
 1.01563e-16 7.29674e-05 0.000709269 0.00471334 0.0214262 0.0666649 0.142037 0.207309 0.207317 0.142079 0.0668061 0.0218343 0.00573815 0.00294739 0.00432647 0.007045 0.0101611 0.0128215 0.0142119 0.0139644 0.0123722 0.0101834 0.0081404 0.00662459 0.00561468 0.00487991
pSPR Fmed_Fpbrs
1   0.983045 0.6 0.325 0.983045 0.983045 0.983045
Fs Fmed_Fpbrs
0   0.01 0.337125 0.85761 0.01 0.01 0.01
SSBpbr Bo_Bmed_Bpbrs
234859  223116  219134 129172 64586.2 219134 219134 219134
Ro
78368.3
SPR SPRFo_SPRFmed_SPRFpbrs
564592 564592 555019
Fref
0
Nvult_r0
 72671.5 6125.13 760.366 467.367 49.9217
CTP_r0
 35437.3 3841.95 484.231 297.878 31.8191
YTP_r0
356346
Np
 84701.4 31159.9 11463.1 4217.03 2122.07
Nvult_p0
 53541.5 19696.8 7246.05 2665.67 1341.41
CTP_p0
 0 0 0 0 0
 0 0 0 0 0
 0 0 0 0 0
 0 0 0 0 0
 0 0 0 0 0
 0 0 0 0 0
YTP_p0
 0 0 0 0 0 0
CBA_c0
0
log_Ro
11.0892
likeval ReclasPelacesDesembMPH_pf_preclas_ppelaces_ptallas_desvR_qrecl_qpela
 41.0413 23.6182 0.0981546 69.7915 274.419 153.705 136.693 0 34.0855 0.000189303 0.000356344 0.015018 2068.97 0 0
q_reclas_q_pelaces
6.9991 14.4345
M
1
N
 58663.3 23888.3 48574.2 6552.89 0.130055
 53571.1 17231.8 5903.08 11803.7 1590.95
 134298 10539.6 2096.34 685.436 1551.32
 59576.9 26346.9 1275.77 242.144 257.674
 27830.6 7929.58 1606.15 72.1013 28.1271
 270018 4941.9 804.752 154.396 9.60566
 37670.4 70064.2 980.752 155.609 31.6664
 12911.4 6778.26 7278.96 96.605 18.3924
 27976.3 3910.93 1768.5 1871.85 29.5488
 31899.8 4489.75 331.898 141.09 151.178
 42292 2190.03 84.9075 5.53896 4.84326
 175885 11066.5 441.127 16.674 2.03593
 73668.8 36921.1 1509.78 57.719 2.44244
 27373.9 16679.9 5758.18 227.103 9.03159
 66758.9 689.153 53.5316 15.1339 0.613828
 232707 9557.74 47.7937 3.46049 1.01406
 41204.8 38166.7 842.902 3.96883 0.370329
 210788 7740.69 4279.02 89.8871 0.461451
 288439 26307.2 421.142 214.796 4.51523
 260218 30531.2 1069.65 15.6063 8.08561
 227773 44641.4 2915.33 96.4959 2.13052
 353106 47083.7 5927.01 370.8 12.5147
 42301.3 64142 4974.23 594.108 38.3114
 114375 9274.95 9451.14 705.225 89.4714
 192608 22363.7 1116.1 1085 90.995
 31824.1 42667 3355.6 161.258 169.558
 120987 7838.61 7722.6 589.474 58.0162
 122759 25881.1 1105.7 1046.22 87.5236
 57332.9 28873.6 4317.48 178.409 182.598
 135043 13777.1 5002.72 724.703 60.4878
 33854.2 36090.7 2880.66 1021.42 160.103
 32765.1 6446.51 4144.31 314.954 128.83
 84701.4 6574.69 812.095 499.03 53.3031
pred_Ctot
 7611.47 5119.45 10778.3 1456.76 0.0289152
 16564.7 7950.53 2794.41 5595.32 754.21
 41671.1 4876.71 995.144 325.823 737.475
 26037.1 15896.9 784.748 149.099 158.67
 9645.9 4010.59 831.893 37.3916 14.5876
 51738.7 1511.74 254.091 48.8314 3.03829
 12880.8 35058.4 502.67 79.8571 16.252
 1464.48 1281.12 1425.62 18.9568 3.6095
 10649.3 2128.09 983.78 1042.49 16.4577
 18618.6 3294.75 246.624 104.909 112.413
 7934.72 657.432 26.3136 1.7195 1.50367
 49944.3 4759.05 194.885 7.37697 0.900813
 18622.2 14392.1 605.555 23.1858 0.981209
 19437.2 13730.7 4776.44 188.459 7.49492
 27772.7 401.021 31.7894 8.99684 0.364931
 86929.5 5125.91 26.2134 1.90023 0.556879
 13450.5 18401.4 416.592 1.96412 0.183284
 95831.4 4805.34 2705.76 56.894 0.29209
 143064 17357 282.471 144.194 3.03125
 93288.4 15858.3 568.614 8.30635 4.3038
 66069.4 19540.7 1310.56 43.4406 0.959192
 119550 23374.6 3014.47 188.831 6.37356
 11262.7 26131.1 2083.7 249.241 16.0738
 35633.2 4305.75 4501.07 336.318 42.6715
 50460.1 8987.02 461.279 449.098 37.6671
 6867.23 14500.4 1175.62 56.5883 59.5061
 33435.8 3295.27 3336.46 255.047 25.1037
 29015.9 9522.54 418.951 397.037 33.2176
 13008.8 10253.3 1579.64 65.3787 66.9195
 23963.3 3933.84 1475.44 214.105 17.872
 10882.3 17185.8 1406.51 499.381 78.2818
 9883.95 2914.68 1923.23 146.362 59.8727
 35437.3 3841.95 484.231 297.878 31.8191
F
 0.225058 0.397913 0.414676 0.415597 0.415646
 0.625866 1.10656 1.15318 1.15574 1.15587
 0.628711 1.11159 1.15842 1.16099 1.16113
 1.01667 1.79751 1.87324 1.8774 1.87762
 0.728387 1.28782 1.34207 1.34505 1.34521
 0.349078 0.617186 0.643185 0.644615 0.64469
 0.715154 1.26442 1.31769 1.32062 1.32077
 0.194333 0.343589 0.358063 0.358859 0.358901
 0.829561 1.4667 1.52849 1.53189 1.53206
 1.67868 2.96799 3.09302 3.09989 3.10026
 0.34068 0.602337 0.627712 0.629107 0.62918
 0.561047 0.991957 1.03375 1.03604 1.03616
 0.485373 0.858161 0.894312 0.896299 0.896404
 2.68188 4.74169 4.94144 4.95242 4.953
 0.943737 1.66857 1.73886 1.74272 1.74293
 0.807816 1.42826 1.48842 1.49173 1.4919
 0.672064 1.18824 1.2383 1.24105 1.24119
 1.08101 1.91128 1.99179 1.99622 1.99645
 1.24573 2.20251 2.2953 2.3004 2.30067
 0.762857 1.34877 1.40558 1.40871 1.40887
 0.576423 1.01914 1.06207 1.06443 1.06456
 0.705669 1.24766 1.30021 1.3031 1.30326
 0.5175 0.914964 0.953508 0.955627 0.955739
 0.632041 1.11748 1.16455 1.16714 1.16728
 0.507232 0.89681 0.934589 0.936666 0.936776
 0.401164 0.709275 0.739155 0.740797 0.740884
 0.542171 0.958583 0.998965 1.00118 1.0013
 0.447296 0.79084 0.824156 0.825987 0.826083
 0.425864 0.752946 0.784665 0.786409 0.786501
 0.319557 0.564991 0.588792 0.590101 0.59017
 0.658524 1.1643 1.21335 1.21604 1.21619
 0.606137 1.07168 1.11682 1.11931 1.11944
 0.951739 1.68272 1.7536 1.7575 1.75771
YTP_r0W_actual
 267197 67042 11655.4 9329.53 1121.62
YTP_p0W_proyectada
 0 0 0 0 0
 0 0 0 0 0
 0 0 0 0 0
 0 0 0 0 0
 0 0 0 0 0
 0 0 0 0 0
CTP_r0_actual
 35437.3 3841.95 484.231 297.878 31.8191
CTP_p0_proyectada
 0 0 0 0 0
 0 0 0 0 0
 0 0 0 0 0
 0 0 0 0 0
 0 0 0 0 0
 0 0 0 0 0
Wmedp
 7.54 17.45 24.07 31.32 35.25
Frms_r0
 0.951739 1.68272 1.7536 1.7575 1.75771
Zrms_r0
 1.95174 2.68272 2.7536 2.7575 2.75771
nmprior
 7.29 8.9 8.7 0
nm_flota  nm_reclas  nm_pelaces    nm_pelaL
inf 12.9616 6.10799 12.5967
cv_recla  cv_pelaces  cv_mph
0.554806 0.53237 0.33491
 ------------------------------------------------
Talla a la edad & desviaci?n 
 8 13.2811 15.8009 17.003 17.5766
 0.8 1.32811 1.58009 1.7003 1.75766
