years
 1991 1992 1993 1994 1995 1996 1997 1998 1999 2000 2001 2002 2003 2004 2005 2006 2007 2008 2009 2010 2011 2012 2013 2014 2015 2016 2017 2018 2019 2020 2021 2022 2023
reclasobs
 0 0 0 0 0 0 0 0 0 252601 567819 844713 477998 351125 339783 2.1784e+06 2.13404e+06 4.81314e+06 1.55562e+06 2.62356e+06 3.21686e+06 3.843e+06 1.13348e+06 3.07943e+06 1.97215e+06 2.03268e+06 2.025e+06 2.42433e+06 2.27542e+06 1.05018e+06 2.36338e+06 3.18982e+06 1.53035e+06
reclaspred
 3.41961e+06 1.87606e+06 992352 1.26055e+06 1.43814e+06 2.21093e+06 1.416e+06 1.30885e+06 928408 672502 850820 1.03183e+06 679398 126442 645042 1.23636e+06 1.03812e+06 1.34143e+06 1.57583e+06 2.05397e+06 3.81653e+06 3.02818e+06 2.30659e+06 3.02282e+06 2.63724e+06 2.35638e+06 2.65209e+06 2.84832e+06 2.65652e+06 2.37703e+06 1.59044e+06 1.29452e+06 1.64761e+06
pelacesobs
 0 0 0 0 0 0 0 0 0 0 0 0 0 0 0 552880 188675 0 991730 2.46772e+06 1.41603e+06 1.21717e+06 2.29649e+06 1.80582e+06 0 1.4828e+06 1.56532e+06 1.57751e+06 1.42118e+06 867257 1.10002e+06 1.06204e+06 0
pelacespred
 1.84558e+06 1.11671e+06 575957 620228 744949 1.20527e+06 729317 822746 569869 391385 503363 519311 354418 42817.8 367651 580293 481986 663446 816483 956181 1.96505e+06 1.67641e+06 1.28705e+06 1.83616e+06 1.49798e+06 1.335e+06 1.77831e+06 1.71376e+06 1.42958e+06 1.45027e+06 908305 738642 907421
mphobs
 0 0 0 0 0 0 0 0 0 0 0 0 498337 0 5186 125008 0 168611 109162 213762 579715 649985 157893 87575 83554 210694 70296 0 107559 103333 445601 22526 28222
mphpred
 949907 647299 313707 186567 267522 341869 429435 276601 250101 169140 111828 195009 204394 74082.3 7717.83 108499 246498 191406 181513 246654 517928 630507 117737 94884.2 118128 116185 96264.4 100400 138904 122273 91821.5 61510.5 38052.5
desembarqueobs
 494567 514787 250237 358949 120608 361735 552515 73892 212993 205616 52469 317467 293654 387597 252695 516296 358380 742168 942051 627588 828172 859565 418607 520667 417249 300574 415391 372974 316634 284311 391294 218835 356480
desembarquepred
 494575 513382 251082 358990 120615 361772 552640 73897.8 213068 205686 52470.8 317471 294082 388945 252661 516273 358507 742344 941576 627383 828312 859621 418691 520798 417202 300632 415449 372970 316590 284221 391578 218925 356529
Reclutas
 191004 91058.7 114827 218270 183742 259526 112213 56779.2 46966.4 62885.6 142052 150551 51176.5 21511.9 118334 330402 64890.1 256174 413860 458684 432945 552498 104945 264380 374436 102777 264878 313253 184539 171618 79125.7 64607.3 231129
log_desv_Rt
 0.231632 -0.509161 -0.277239 0.36507 0.19287 0.538193 -0.300262 -0.981495 -1.17123 -0.879348 -0.0644722 -0.00636435 -1.08538 -1.95206 -0.247156 0.779644 -0.847969 0.525192 1.00486 1.1077 1.04995 1.29379 -0.367226 0.556724 0.904755 -0.3881 0.558603 0.726345 0.197195 0.124604 -0.649627 -0.852337 0.422312
SSB
 2.3383e+06 1.5934e+06 772224 459256 658534 841548 1.0571e+06 680883 615650 416355 275277 480035 480332 175425 18333.9 258001 606781 471167 464864 592043 1.27183e+06 1.62117e+06 1.49736e+06 1.16588e+06 1.36114e+06 1.41638e+06 1.10956e+06 1.11486e+06 1.59685e+06 1.32644e+06 1.13331e+06 781561 446215
BT
 3.28514e+06 2.23674e+06 1.13818e+06 1.25457e+06 1.2471e+06 2.16911e+06 1.63416e+06 1.33709e+06 1.09783e+06 805283 825588 1.07121e+06 814741 461783 817210 1.33146e+06 1.03135e+06 1.68393e+06 2.16944e+06 1.99223e+06 3.69347e+06 3.41398e+06 2.35929e+06 3.33114e+06 2.70638e+06 2.32382e+06 3.18141e+06 3.0137e+06 2.47495e+06 2.50817e+06 1.77998e+06 1.33846e+06 1.72214e+06
Ftot
 0.185612 0.334496 0.324196 0.436547 0.119722 0.245894 0.493323 0.0778941 0.313811 0.416873 0.102969 0.440897 0.546212 2.87797 0.779822 0.729613 0.450598 0.851494 0.98029 0.509493 0.324452 0.413961 0.233537 0.265721 0.232927 0.167012 0.243261 0.212068 0.15617 0.166433 0.321623 0.225143 0.362878
BD_Bspro_t
 0.970739 0.804972 0.61738 0.543603 0.598343 0.693816 0.679462 0.537612 0.602137 0.554655 0.522835 0.727058 0.597051 0.290952 0.0518473 0.411496 0.49708 0.40761 0.36088 0.378893 0.499672 0.55325 0.567411 0.55055 0.627677 0.6859 0.677559 0.704088 0.761213 0.731876 0.712306 0.620288 0.598859
BD_Bspro
 2.14219 1.45976 0.707461 0.42074 0.603305 0.77097 0.968446 0.62378 0.564017 0.381437 0.25219 0.439776 0.440048 0.160713 0.0167963 0.236363 0.555893 0.431652 0.425878 0.54239 1.16517 1.48521 1.37178 1.0681 1.24698 1.2976 1.0165 1.02136 1.46293 1.21519 1.03826 0.716015 0.408793
BD_Bo
 2.51926 1.71671 0.831988 0.494798 0.709499 0.906676 1.13891 0.733578 0.663295 0.448578 0.296581 0.517185 0.517505 0.189001 0.0197528 0.277968 0.653741 0.507631 0.500841 0.637862 1.37026 1.74663 1.61324 1.25611 1.46648 1.526 1.19543 1.20114 1.72043 1.42909 1.22102 0.842048 0.480748
BD_Brms
 2.70121 1.8407 0.892077 0.530534 0.760741 0.97216 1.22117 0.78656 0.711201 0.480976 0.318001 0.554538 0.554881 0.202652 0.0211794 0.298044 0.700957 0.544294 0.537014 0.683931 1.46923 1.87278 1.72976 1.34683 1.57239 1.63621 1.28177 1.28789 1.84469 1.5323 1.3092 0.902864 0.51547
Sel_flota
 0.554393 1 1 1 1
 0.554393 1 1 1 1
 0.554393 1 1 1 1
 0.554393 1 1 1 1
 0.554393 1 1 1 1
 0.554393 1 1 1 1
 0.554393 1 1 1 1
 0.554393 1 1 1 1
 0.554393 1 1 1 1
 0.554393 1 1 1 1
 0.554393 1 1 1 1
 0.554393 1 1 1 1
 0.554393 1 1 1 1
 0.554393 1 1 1 1
 0.554393 1 1 1 1
 0.554393 1 1 1 1
 0.554393 1 1 1 1
 0.554393 1 1 1 1
 0.554393 1 1 1 1
 0.554393 1 1 1 1
 0.554393 1 1 1 1
 0.554393 1 1 1 1
 0.554393 1 1 1 1
 0.554393 1 1 1 1
 0.554393 1 1 1 1
 0.554393 1 1 1 1
 0.554393 1 1 1 1
 0.554393 1 1 1 1
 0.554393 1 1 1 1
 0.554393 1 1 1 1
 0.554393 1 1 1 1
 0.554393 1 1 1 1
 0.554393 1 1 1 1
Sel_reclas
 1 1 1 1 1
 1 1 1 1 1
 1 1 1 1 1
 1 1 1 1 1
 1 1 1 1 1
 1 1 1 1 1
 1 1 1 1 1
 1 1 1 1 1
 1 1 1 1 1
 1 1 1 1 1
 1 1 1 1 1
 1 1 1 1 1
 1 1 1 1 1
 1 1 1 1 1
 1 1 1 1 1
 1 1 1 1 1
 1 1 1 1 1
 1 1 1 1 1
 1 1 1 1 1
 1 1 1 1 1
 1 1 1 1 1
 1 1 1 1 1
 1 1 1 1 1
 1 1 1 1 1
 1 1 1 1 1
 1 1 1 1 1
 1 1 1 1 1
 1 1 1 1 1
 1 1 1 1 1
 1 1 1 1 1
 1 1 1 1 1
 1 1 1 1 1
 1 1 1 1 1
Sel_pelaces
 1 1 1 1 1
 1 1 1 1 1
 1 1 1 1 1
 1 1 1 1 1
 1 1 1 1 1
 1 1 1 1 1
 1 1 1 1 1
 1 1 1 1 1
 1 1 1 1 1
 1 1 1 1 1
 1 1 1 1 1
 1 1 1 1 1
 1 1 1 1 1
 1 1 1 1 1
 1 1 1 1 1
 1 1 1 1 1
 1 1 1 1 1
 1 1 1 1 1
 1 1 1 1 1
 1 1 1 1 1
 1 1 1 1 1
 1 1 1 1 1
 1 1 1 1 1
 1 1 1 1 1
 1 1 1 1 1
 1 1 1 1 1
 1 1 1 1 1
 1 1 1 1 1
 1 1 1 1 1
 1 1 1 1 1
 1 1 1 1 1
 1 1 1 1 1
 1 1 1 1 1
pf_obs 
 0.8446 0.082 0.0669 0.0065 0
 0.8095 0.147 0.0364 0.0071 0
 0.9664 0.0169 0.016 0.0007 0
 0.9276 0.0648 0.0075 0.0001 0
 0.7033 0.2144 0.0806 0.0017 0
 0.9318 0.0425 0.0243 0.0014 0
 0.5671 0.3108 0.0964 0.0239 0.0018
 0.0768 0.2599 0.5324 0.112 0.0189
 0.490249 0.384438 0.106611 0.0170017 0.00170017
 0.7925 0.1577 0.0466 0.003 0.0002
 0.840416 0.127587 0.0312969 0.00059994 9.999e-05
 0.8084 0.0986 0.0794 0.0134 0.0002
 0.7335 0.1905 0.0724 0.0035 0.0001
 0.4001 0.4547 0.1325 0.0127 0
 0.49795 0.308269 0.164784 0.0264974 0.00249975
 0.9179 0.0499 0.0305 0.0017 0
 0.2467 0.6533 0.0926 0.0074 0
 0.9418 0.0223 0.034 0.0019 0
 0.707729 0.231977 0.0356964 0.0245975 0
 0.517169 0.277429 0.184464 0.0207286 0.00020938
 0.811772 0.124168 0.05621 0.00726502 0.000585176
 0.764997 0.148141 0.077277 0.00933861 0.000247198
 0.163321 0.427699 0.378323 0.0303852 0.000271297
 0.753843 0.0900009 0.118128 0.0371064 0.000921714
 0.721811 0.176058 0.0630433 0.0369309 0.00215725
 0.143369 0.312575 0.442814 0.0836902 0.0175525
 0.692698 0.0596174 0.167031 0.0765114 0.00414204
 0.394062 0.376323 0.152708 0.0712218 0.00568511
 0.125707 0.32114 0.495352 0.0537591 0.00404204
 0.23352 0.215282 0.420074 0.123614 0.00750983
 0.796117 0.104755 0.0508955 0.0450114 0.00322123
 0.162477 0.292055 0.404252 0.121198 0.0200186
 0 0 0 0 0
pf_pred 
 0.427068 0.122836 0.426006 0.0240893 9.55237e-07
 0.33095 0.391686 0.0594663 0.206235 0.0116624
 0.544801 0.224842 0.13486 0.0204745 0.0750231
 0.722002 0.195134 0.0409299 0.0245496 0.0173843
 0.581321 0.351939 0.046847 0.00982627 0.0100673
 0.631553 0.265657 0.0864045 0.0115014 0.00488408
 0.384309 0.472535 0.103218 0.0335715 0.00636639
 0.364039 0.358001 0.21333 0.0465987 0.0180303
 0.413879 0.300733 0.160654 0.0957323 0.0290024
 0.600022 0.232299 0.0860341 0.04596 0.0356842
 0.76669 0.175403 0.0336315 0.0124557 0.0118202
 0.610676 0.33441 0.0412849 0.00791591 0.00571387
 0.353542 0.492124 0.132565 0.0163659 0.00540304
 0.392626 0.32431 0.215486 0.058046 0.00953194
 0.972081 0.0209 0.00374778 0.00249019 0.000780942
 0.878499 0.119966 0.00114945 0.000206119 0.000179904
 0.311048 0.648385 0.0400543 0.00038378 0.000128886
 0.807995 0.0920196 0.0940976 0.00581292 7.44012e-05
 0.80544 0.17629 0.00875592 0.00895365 0.000560195
 0.740369 0.235756 0.0216334 0.00107448 0.00116749
 0.630909 0.315687 0.0484928 0.0044498 0.000461153
 0.656115 0.265077 0.0674059 0.0103542 0.00104859
 0.229644 0.611496 0.122454 0.0311385 0.0052676
 0.622529 0.137369 0.190589 0.0381659 0.0113469
 0.662606 0.25693 0.0292821 0.0406267 0.0105544
 0.277157 0.571258 0.115434 0.0131559 0.0229947
 0.651247 0.146317 0.159984 0.032328 0.0101242
 0.623746 0.294342 0.0343654 0.0375754 0.00997076
 0.43838 0.426718 0.105533 0.0123213 0.0170471
 0.483657 0.307054 0.159017 0.039327 0.0109442
 0.339946 0.421375 0.141935 0.0735056 0.0232378
 0.435212 0.284167 0.179147 0.0603435 0.0411303
 0.795139 0.122107 0.0416366 0.0262489 0.0148681
pobs_RECLAS
 0 0 0 0 0
 0 0 0 0 0
 0 0 0 0 0
 0 0 0 0 0
 0 0 0 0 0
 0 0 0 0 0
 0 0 0 0 0
 0 0 0 0 0
 0 0 0 0 0
 0 0 0 0 0
 0.991045 0.00858322 0.000360255 1.14367e-05 0
 0.934742 0.0480273 0.0164251 0.00080598 0
 0.827803 0.169806 0.00239088 0 0
 0.941827 0.0461693 0.0120037 0 0
 0.791401 0.0380133 0.147996 0.0225897 0
 0.846168 0.0940531 0.0597789 0 0
 0.134021 0.677848 0.182769 0.00536245 0
 0.80878 0.0450904 0.141981 0.00414843 0
 0.846168 0.0940531 0.0597789 0 0
 0.905697 0.0802665 0.012482 0.00150086 5.37128e-05
 0.989698 0.0102097 9.19794e-05 0 0
 0.975433 0.0193895 0.00387452 0.00125025 5.28907e-05
 0.303575 0.632131 0.0575291 0.00676475 0
 0.966965 0.00978017 0.0227588 0.000495775 0
 0.843318 0.132988 0.00938335 0.0141283 0.000182051
 0.564624 0.303363 0.111486 0.0197234 0.00080311
 0.826376 0.0876187 0.0782897 0.00655872 0.00115652
 0.89761 0.0855135 0.0140674 0.00269457 0.000114338
 0.34875 0.467042 0.161289 0.0227151 0.000203297
 0.318654 0.224769 0.449479 0.00709798 0
 0.937255 0.0296025 0.0250945 0.00804832 0
 0.456809 0.399803 0.12412 0.0192676 0
 0.883104 0.0372192 0.0704036 0.00927362 0
ppred_RECLAS
 0.575366 0.0910409 0.315739 0.017854 7.07984e-07
 0.47533 0.307161 0.0466336 0.16173 0.00914568
 0.686597 0.154803 0.0928503 0.0140966 0.0516532
 0.827124 0.121346 0.0254527 0.0152664 0.0108106
 0.715621 0.239047 0.0318198 0.00667428 0.006838
 0.757568 0.174798 0.0568527 0.00756774 0.00321364
 0.535726 0.356324 0.0778336 0.0253152 0.0048007
 0.508753 0.276537 0.164787 0.0359951 0.0139275
 0.563668 0.223878 0.119597 0.0712669 0.0215905
 0.734067 0.154448 0.0572014 0.0305574 0.0237253
 0.856146 0.108149 0.0207364 0.00767992 0.00728805
 0.742954 0.220789 0.0272577 0.00522637 0.0037725
 0.503583 0.377904 0.101797 0.0125674 0.00414902
 0.61062 0.207911 0.138145 0.0372125 0.00611081
 0.985 0.0112286 0.00201351 0.00133787 0.000419565
 0.931437 0.0676968 0.000648637 0.000116313 0.00010152
 0.454275 0.513592 0.0317274 0.000303996 0.000102092
 0.888664 0.0533586 0.0545635 0.00337069 4.31423e-05
 0.888106 0.101387 0.00503567 0.00514938 0.000322177
 0.840688 0.144662 0.0132745 0.000659314 0.000716385
 0.757809 0.207148 0.0318201 0.00291988 0.000302601
 0.778277 0.17091 0.0434605 0.00667598 0.000676088
 0.351962 0.514402 0.10301 0.0261943 0.00443121
 0.750598 0.0907623 0.125926 0.025217 0.00749714
 0.781563 0.166343 0.018958 0.0263028 0.00683316
 0.410509 0.465871 0.0941387 0.0107289 0.0187526
 0.772925 0.0952675 0.104166 0.0210489 0.00659192
 0.751071 0.194736 0.0227361 0.0248599 0.00659664
 0.586257 0.314362 0.0777456 0.00907704 0.0125585
 0.629792 0.220152 0.114013 0.0281967 0.00784679
 0.485229 0.328627 0.110694 0.0573265 0.018123
 0.583916 0.209348 0.131979 0.0444556 0.030301
 0.876845 0.0734065 0.0250304 0.0157799 0.00893818
pobs_PELACES
 0 0 0 0 0
 0 0 0 0 0
 0 0 0 0 0
 0 0 0 0 0
 0 0 0 0 0
 0 0 0 0 0
 0 0 0 0 0
 0 0 0 0 0
 0 0 0 0 0
 0 0 0 0 0
 0 0 0 0 0
 0 0 0 0 0
 0 0 0 0 0
 0 0 0 0 0
 0 0 0 0 0
 0 0 0 0 0
 0.505614 0.472636 0.0217494 0 0
 0 0 0 0 0
 0.443492 0.261883 0.143347 0.151278 0
 0.227955 0.32914 0.350689 0.0885471 0.00366901
 0.970185 0.0296113 0.000203453 0 0
 0.997202 0.00247181 0.000326279 0 0
 0.445219 0.490057 0.0546422 0.010081 0
 0.90214 0.0892962 0.00764917 0.000914606 0
 0 0 0 0 0
 0.581667 0.319106 0.0959925 0.00289975 0.000334073
 0.762889 0.0836404 0.116647 0.0363945 0.000428098
 0.88444 0.0763242 0.0277011 0.0115352 0
 0.521256 0.241999 0.230069 0.00667565 0
 0.616807 0.101726 0.260614 0.0208532 0
 0.833518 0.0704572 0.0857862 0.0102388 0
 0.697417 0.212968 0.0787535 0.0105354 0.000325836
 0 0 0 0 0
ppred_PELACES
 0.58202 0.0896142 0.310791 0.0175742 6.96889e-07
 0.487609 0.299972 0.0455422 0.157945 0.00893163
 0.696763 0.149781 0.0898385 0.0136394 0.0499777
 0.836111 0.115038 0.0241295 0.0144728 0.0102486
 0.71919 0.236046 0.0314204 0.00659051 0.00675218
 0.764147 0.170055 0.0553099 0.00736237 0.00312643
 0.553715 0.342518 0.0748179 0.0243344 0.0046147
 0.511616 0.274926 0.163826 0.0357854 0.0138463
 0.574982 0.218073 0.116496 0.069419 0.0210307
 0.745861 0.147599 0.0546646 0.0292022 0.0226731
 0.858001 0.106755 0.020469 0.0075809 0.00719408
 0.75514 0.210323 0.0259656 0.00497861 0.00359366
 0.523645 0.362631 0.0976829 0.0120595 0.00398133
 0.705396 0.157305 0.10452 0.028155 0.00462343
 0.986604 0.0100284 0.00179829 0.00119486 0.000374717
 0.937979 0.0612369 0.000586741 0.000105214 9.18327e-05
 0.470745 0.498091 0.0307698 0.000294821 9.90104e-05
 0.900463 0.0477038 0.0487811 0.00301348 3.85703e-05
 0.901649 0.0891152 0.00442614 0.0045261 0.00028318
 0.850468 0.135781 0.0124596 0.000618839 0.000672406
 0.766458 0.199751 0.0306838 0.00281561 0.000291795
 0.788604 0.16295 0.0414364 0.00636506 0.000644601
 0.359834 0.508153 0.101759 0.0258761 0.00437738
 0.757841 0.0881265 0.122269 0.0244846 0.00727942
 0.787354 0.161933 0.0184554 0.0256054 0.006652
 0.416465 0.461164 0.0931876 0.0106205 0.0185632
 0.779142 0.0926592 0.101314 0.0204727 0.00641144
 0.756856 0.190211 0.0222078 0.0242822 0.00644335
 0.591816 0.310138 0.076701 0.00895508 0.0123898
 0.635479 0.21677 0.112261 0.0277635 0.00772623
 0.497049 0.321082 0.108153 0.0560102 0.0177069
 0.591937 0.205313 0.129435 0.0435987 0.0297169
 0.882492 0.0700404 0.0238826 0.0150563 0.0085283
pobs_pel_tallas
 0 0 0 0 0 0 0 0 0 0 0 0 0 0 0 0 0 0 0 0 0 0 0 0 0 0
 0 0 0 0 0 0 0 0 0 0 0 0 0 0 0 0 0 0 0 0 0 0 0 0 0 0
 0 0 0 0 0 0 0 0 0 0 0 0 0 0 0 0 0 0 0 0 0 0 0 0 0 0
 0 0 0 0 0 0 0 0 0 0 0 0 0 0 0 0 0 0 0 0 0 0 0 0 0 0
 0 0 0 0 0 0 0 0 0 0 0 0 0 0 0 0 0 0 0 0 0 0 0 0 0 0
 0 0 0 0 0 0 0 0 0 0 0 0 0 0 0 0 0 0 0 0 0 0 0 0 0 0
 0 0 0 0 0 0 0 0 0 0 0 0 0 0 0 0 0 0 0 0 0 0 0 0 0 0
 0 0 0 0 0 0 0 0 0 0 0 0 0 0 0 0 0 0 0 0 0 0 0 0 0 0
 0 0 0 0 0 0 0 0 0 0 0 0 0 0 0 0 0 0 0 0 0 0 0 0 0 0
 0 0 0 0 0 0 0 0 0 0 0 0 0 0 0 0 0 0 0 0 0 0 0 0 0 0
 0 0 0 0 0 0 0 0 0 0 0 0 0 0 0 0 0 0 0 0 0 0 0 0 0 0
 0 0 0 0 0 0 0 0 0 0 0 0 0 0 0 0 0 0 0 0 0 0 0 0 0 0
 0.00862536 0 0 0.000197151 0.00414017 0.0128641 0.00837892 0.0270097 0.101434 0.158115 0.152841 0.127902 0.109271 0.109419 0.0830992 0.0579132 0.0238553 0.00714673 0.00463305 0.00128148 0.00103504 0.000492878 0.000147863 0.000147863 4.92878e-05 0
 0 0 0 0 0 0 0 0 0 0 0 0 0 0 0 0 0 0 0 0 0 0 0 0 0 0
 0 0 0 0 0 0 0 0.0054083 0.00873648 0.0413646 0.0450493 0.0745869 0.0622846 0.0627006 0.0613931 0.0827291 0.12552 0.122667 0.0946155 0.0697135 0.0546179 0.0294188 0.0215738 0.0213955 0.0102223 0.00600262
 0 0 0 0 0.00359764 0.0251062 0.0480494 0.140153 0.205849 0.193036 0.1447 0.116669 0.0760912 0.0342217 0.00950174 0.001854 0.000860785 0 0 0 0.000165536 0 0.000143464 0 0 0
 0 0 0 0 0 0 0 0.000145254 0.000435761 0.0275982 0.070085 0.0708112 0.156366 0.174668 0.174014 0.160142 0.0824315 0.0480064 0.0283245 0.00493863 0.00203355 0 0 0 0 0
 0 0 0 0 0 0 0 0 0 0 0 0 0 0 0 0 0 0 0 0 0 0 0 0 0 0
 0 0 1.00437e-05 0.000401748 0.00122533 0.00171747 0.00176769 0.0269171 0.070346 0.194647 0.189555 0.159765 0.064822 0.0314167 0.0384472 0.0292271 0.0345202 0.0313363 0.0194345 0.0106764 0.0143323 0.0359363 0.0279516 0.0138201 0.00172751 0
 0 0.0021121 0.0136068 0.0755702 0.200478 0.177729 0.0527432 0.0373336 0.0318909 0.0142505 0.0149659 0.0166563 0.0217959 0.0798694 0.0677717 0.0528807 0.04013 0.0224614 0.0357745 0.0225083 0.00881397 0.00855152 0.00135912 0.000746735 0 0
 0 0 0 0 5.4009e-05 0.00500934 0.000945158 0.0243581 0.138947 0.33067 0.221406 0.137944 0.0707744 0.0437923 0.0131692 0.00525238 0.0047753 0.00276346 9.45158e-05 9.00151e-06 2.25038e-05 9.00151e-06 4.50075e-06 0 0 0
 0.000866109 0.00284123 0.00948549 0.0512746 0.133035 0.25785 0.225252 0.132002 0.0553304 0.0519788 0.0540692 0.017754 0.00435017 0.00159236 0.00146478 0.000404838 0.000125132 0.000115318 0.000107957 0.000100596 0 0 0 0 0 0
 0 0 0 0 0.00144013 0.00171154 0.00461396 0.0210425 0.0478622 0.0707936 0.0888783 0.103762 0.0637923 0.0337046 0.0602308 0.124433 0.169614 0.0934646 0.0462172 0.0250306 0.0313229 0.00938855 0.002487 0.000210481 0 0
 0 0.00764035 0.051015 0.0998891 0.058973 0.0496711 0.0374665 0.0718981 0.12319 0.153886 0.159021 0.0857701 0.0377988 0.023471 0.0147837 0.00900784 0.00315554 0.000888139 0.00291439 0.00214683 0.00393193 0.00274676 0.000635225 9.99891e-05 0 0
 0 0 0 0 0 0 0 0 0 0 0 0 0 0 0 0 0 0 0 0 0 0 0 0 0 0
 0 0 0 0 0 0 0 0 0 0 0 0 0 0 0 0 0 0 0 0 0 0 0 0 0 0
 0 0 0 0 0 0 0 0 0 0 0 0 0 0 0 0 0 0 0 0 0 0 0 0 0 0
 0 0 0 0 0 0 0 0 0 0 0 0 0 0 0 0 0 0 0 0 0 0 0 0 0 0
 0 0 0 0 0 0 0 0 0 0 0 0 0 0 0 0 0 0 0 0 0 0 0 0 0 0
 0 0 0 0 0 0 0 0 0 0 0 0 0 0 0 0 0 0 0 0 0 0 0 0 0 0
 0 0 0 0 0 0 0 0 0 0 0 0 0 0 0 0 0 0 0 0 0 0 0 0 0 0
 0 0 0 0 0 0 0 0 0 0 0 0 0 0 0 0 0 0 0 0 0 0 0 0 0 0
 0 0 0 0 0 0 0 0 0 0 0 0 0 0 0 0 0 0 0 0 0 0 0 0 0 0
ppred_pel_tallas
 1.10755e-16 4.79402e-05 0.000465996 0.00309671 0.0140772 0.0437994 0.0933196 0.136205 0.136214 0.0933643 0.0439508 0.0145204 0.00423163 0.00301719 0.00510847 0.00892964 0.0141597 0.020507 0.0276044 0.0351189 0.0426588 0.0494825 0.0543583 0.0558953 0.0532379 0.0466294
 1.18743e-16 4.01638e-05 0.000390406 0.00259439 0.0117937 0.0366948 0.0781833 0.114117 0.114146 0.0783249 0.0371705 0.0131684 0.00604873 0.00794432 0.0144276 0.0239052 0.0347323 0.044373 0.0503441 0.0516888 0.049619 0.0466797 0.0450602 0.0453457 0.0464858 0.0467223
 1.12457e-16 5.73915e-05 0.000557866 0.00370721 0.0168525 0.0524344 0.111717 0.163058 0.163073 0.111789 0.0526737 0.0175453 0.00545234 0.00438736 0.00738934 0.012282 0.0180603 0.0235115 0.0274468 0.0293587 0.0297011 0.0294866 0.0295298 0.0299506 0.0302453 0.0297334
 1.03912e-16 6.88694e-05 0.000669435 0.00444863 0.0202228 0.0629208 0.13406 0.195667 0.195678 0.134114 0.0631031 0.0207496 0.00577181 0.00356119 0.00557066 0.00912714 0.0132067 0.0167526 0.0187447 0.0187342 0.0171118 0.0148293 0.0127998 0.011442 0.0106388 0.0100075
 1.02771e-16 5.92388e-05 0.000575822 0.00382654 0.0173949 0.0541222 0.115314 0.168309 0.168331 0.115425 0.0544954 0.0184729 0.00653221 0.00648195 0.0112751 0.0185437 0.0267019 0.0335683 0.0369612 0.0358776 0.031088 0.0246087 0.0184922 0.0138747 0.0108302 0.0088382
 1.02908e-16 6.29418e-05 0.000611817 0.00406574 0.0184823 0.0575053 0.122522 0.178827 0.178844 0.122602 0.0577752 0.0192626 0.00602676 0.00490056 0.00823093 0.0135673 0.0196766 0.0250319 0.02811 0.0281922 0.0257567 0.0220889 0.0184452 0.0154439 0.013044 0.0109244
 1.05469e-16 4.56088e-05 0.000443334 0.00294611 0.0133926 0.0416696 0.0887827 0.129588 0.129621 0.0889442 0.0422122 0.0149604 0.0068837 0.00904666 0.0164071 0.0271107 0.039188 0.0495727 0.0551634 0.0545261 0.0487216 0.0405203 0.0326699 0.0265828 0.0222117 0.0187898
 1.1073e-16 4.21412e-05 0.000409627 0.00272212 0.0123744 0.0385014 0.0820323 0.119734 0.119761 0.0821629 0.0389404 0.0136451 0.0059217 0.00742746 0.0134677 0.0224535 0.0329397 0.0426805 0.0493855 0.0519691 0.0510903 0.0484708 0.045589 0.0428514 0.0397586 0.0356694
 1.13939e-16 4.73605e-05 0.000460361 0.00305926 0.013907 0.0432699 0.0921919 0.134561 0.134582 0.0922954 0.0436181 0.0149147 0.00559676 0.00602657 0.0106985 0.0178246 0.0261804 0.0340138 0.0395807 0.0421287 0.0423045 0.0415625 0.0410591 0.040938 0.0404644 0.0387142
 1.08381e-16 6.14356e-05 0.000597176 0.00396845 0.01804 0.0561292 0.11959 0.174548 0.174562 0.11966 0.056364 0.018719 0.0056761 0.00433626 0.0071964 0.0118903 0.0173404 0.0222791 0.0254696 0.0263824 0.025504 0.0239546 0.0227217 0.022116 0.0217833 0.0211118
 1.02596e-16 7.06724e-05 0.000686961 0.0045651 0.0207523 0.0645681 0.13757 0.200789 0.200799 0.13762 0.0647372 0.0212407 0.00579165 0.00336648 0.00516543 0.00844347 0.0121947 0.0154193 0.0171527 0.0169606 0.0151947 0.0127433 0.0104814 0.00884824 0.00779936 0.00703985
 1.01911e-16 6.21999e-05 0.000604605 0.00401781 0.0182644 0.0568275 0.121078 0.176721 0.176741 0.121177 0.0571599 0.0192246 0.00642768 0.00586436 0.0100485 0.0165059 0.0237531 0.0298315 0.0327879 0.031721 0.0273146 0.021371 0.0157348 0.0114426 0.00858816 0.00673202
 1.04795e-16 4.3132e-05 0.000419259 0.00278612 0.0126653 0.0394067 0.0839615 0.122552 0.122587 0.0841327 0.0399817 0.0143269 0.00696019 0.00954258 0.017403 0.0287881 0.0416645 0.0528046 0.0589251 0.0584783 0.0525189 0.0438845 0.0353974 0.0285233 0.0232726 0.0189753
 1.06663e-16 5.81026e-05 0.000564778 0.00375315 0.0170613 0.053084 0.113102 0.165078 0.165094 0.113176 0.0533356 0.0177897 0.00558824 0.00459282 0.00777292 0.0129283 0.0190168 0.0247525 0.0288474 0.0306897 0.0306357 0.0296105 0.0283695 0.0270499 0.0253011 0.0227479
 1.00238e-16 8.12652e-05 0.000789927 0.00524934 0.0238628 0.0742459 0.158189 0.230881 0.230882 0.158193 0.0742618 0.0239086 0.00536455 0.0010416 0.000559767 0.000798236 0.00114553 0.0014482 0.0016113 0.00159416 0.00143013 0.00120278 0.000993886 0.000843712 0.000746717 0.000674076
 1.00059e-16 7.72601e-05 0.000750996 0.00499063 0.0226867 0.0705868 0.150393 0.219504 0.21951 0.150422 0.0706833 0.0229654 0.00568962 0.00227475 0.00296482 0.00476257 0.00681419 0.00848681 0.00919381 0.00866707 0.00711747 0.00510302 0.00321028 0.00179217 0.000910652 0.000443775
 1.01062e-16 3.87748e-05 0.000376905 0.00250467 0.0113859 0.035426 0.0754805 0.110176 0.110224 0.0757147 0.0362122 0.0136559 0.0081993 0.0127971 0.0235938 0.0388564 0.055763 0.0696829 0.0759162 0.0722831 0.0604354 0.0447797 0.0299169 0.0185708 0.0111853 0.00682444
 1.01729e-16 7.417e-05 0.000720958 0.00479102 0.0217793 0.0677635 0.144377 0.210724 0.210729 0.1444 0.0678403 0.0220019 0.00535302 0.00195813 0.00245393 0.0040178 0.00596232 0.00787442 0.0093726 0.0102576 0.0105849 0.0105462 0.010272 0.00973863 0.00884533 0.00756137
 1.00653e-16 7.42677e-05 0.000721908 0.00479734 0.021808 0.0678528 0.144568 0.211003 0.211011 0.14461 0.0679935 0.0222141 0.00581623 0.00294427 0.00428942 0.00695946 0.00998518 0.0124885 0.0136317 0.0130345 0.011003 0.00833176 0.00583971 0.00399495 0.00284434 0.00218311
 1.00571e-16 7.00519e-05 0.00068093 0.00452502 0.0205701 0.0640012 0.136362 0.199027 0.19904 0.136426 0.0642157 0.0211894 0.00607893 0.00407115 0.00650278 0.0106239 0.01526 0.01911 0.0208971 0.0200299 0.0169515 0.0128439 0.00893317 0.00593293 0.00394532 0.00271268
 1.01269e-16 6.31322e-05 0.000613667 0.00407803 0.0185382 0.0576792 0.122892 0.179369 0.179388 0.122986 0.0579951 0.0194507 0.00636857 0.00561412 0.00956036 0.0157061 0.0226197 0.0284432 0.0313211 0.0303867 0.0262645 0.02063 0.0152003 0.0109448 0.00797141 0.00591506
 1.01985e-16 6.49563e-05 0.000631398 0.00419586 0.0190738 0.0593457 0.126443 0.18455 0.184566 0.12652 0.059604 0.0198201 0.00607065 0.00472858 0.00785939 0.0129244 0.0186907 0.0236671 0.0263715 0.0261077 0.0233542 0.0193962 0.0155159 0.0123845 0.0100134 0.00810051
 1.06403e-16 2.96392e-05 0.000288103 0.00191455 0.0087033 0.0270794 0.0576974 0.0842214 0.0842704 0.057937 0.027884 0.0110279 0.00775191 0.0130391 0.0242694 0.0401366 0.0579587 0.0731845 0.081178 0.0797843 0.0705757 0.0577037 0.0453319 0.0356737 0.0287764 0.0235831
 1.07239e-16 6.24223e-05 0.000606767 0.00403218 0.0183297 0.0570306 0.12151 0.177349 0.177358 0.121553 0.0571737 0.0187453 0.00508401 0.0029317 0.00456248 0.00766537 0.0115546 0.0156173 0.0192477 0.0221369 0.0243605 0.0261256 0.0274124 0.0278628 0.0270167 0.0246711
 1.04268e-16 6.48533e-05 0.000630398 0.00418921 0.0190436 0.0592517 0.126243 0.184258 0.184274 0.126319 0.0595078 0.0197833 0.00604633 0.00468531 0.00776873 0.0127497 0.0183856 0.0231851 0.0256882 0.0252556 0.0224628 0.0187138 0.0153832 0.0131459 0.0118891 0.0110767
 1.07014e-16 3.43037e-05 0.000333445 0.00221586 0.010073 0.0313411 0.0667771 0.0974725 0.097517 0.0669945 0.0320713 0.0121826 0.00751333 0.011905 0.0220317 0.0364235 0.0525945 0.0664086 0.0736596 0.0723981 0.0640642 0.0524471 0.0413522 0.0328094 0.0268619 0.0225182
 1.06086e-16 6.41769e-05 0.000623823 0.00414552 0.0188449 0.0586337 0.124926 0.182334 0.182343 0.12497 0.0587832 0.0192787 0.00524119 0.00303882 0.00471872 0.00787754 0.0117587 0.0156614 0.0188971 0.0211249 0.0224766 0.0233043 0.0237806 0.0237211 0.0227616 0.0206902
 1.04216e-16 6.23412e-05 0.000605979 0.00402694 0.0183059 0.0569566 0.121353 0.177122 0.17714 0.121442 0.0572574 0.0191747 0.00620793 0.00536765 0.00910764 0.0149648 0.0215708 0.0271768 0.0300562 0.0294431 0.025999 0.0213677 0.0171751 0.0142472 0.0125025 0.011367
 1.05288e-16 4.87472e-05 0.00047384 0.00314884 0.0143142 0.0445368 0.0948916 0.138503 0.138533 0.0950379 0.0450284 0.0157345 0.0067166 0.00827066 0.0148808 0.0245879 0.0355647 0.0450367 0.0501975 0.0497406 0.0446043 0.0372662 0.0301883 0.0246438 0.0206121 0.0174384
 1.07387e-16 5.23436e-05 0.000508799 0.00338115 0.0153702 0.0478226 0.101892 0.148719 0.14874 0.101995 0.0481682 0.0163702 0.00589767 0.00602419 0.0105912 0.0175949 0.0257356 0.0331931 0.0381291 0.0396781 0.0383911 0.0357043 0.0328967 0.0303997 0.0278881 0.0248581
 1.11817e-16 4.09413e-05 0.000397964 0.00264461 0.012022 0.0374052 0.0796969 0.116326 0.116358 0.0798487 0.0379154 0.0134971 0.00635313 0.00851336 0.0155122 0.0257359 0.037442 0.0478843 0.0542954 0.0554349 0.0522952 0.0473091 0.042716 0.0393935 0.0368603 0.0341019
 1.1319e-16 4.87571e-05 0.000473936 0.00314947 0.0143171 0.0445458 0.0949103 0.138528 0.138548 0.0950079 0.0448741 0.0152676 0.00554405 0.00573013 0.0101166 0.0168732 0.0248364 0.0323707 0.037839 0.0405108 0.0409374 0.0404058 0.0399292 0.0396171 0.0388255 0.0367922
 1.03661e-16 7.26897e-05 0.00070657 0.00469541 0.0213446 0.0664112 0.141496 0.206519 0.206526 0.141529 0.0665225 0.0216666 0.005505 0.00247875 0.00345287 0.00563216 0.00820019 0.0105162 0.0119861 0.0123558 0.0118575 0.0110289 0.0103494 0.00997868 0.00975937 0.00940849
pSPR Fmed_Fpbrs
1   0.982641 0.6 0.325 0.982641 0.982641 0.982641
Fs Fmed_Fpbrs
0   0.01 0.32833 0.833576 0.01 0.01 0.01
SSBpbr Bo_Bmed_Bpbrs
928168  881760  865647 510492 255246 865647 865647 865647
Ro
151512
SPR SPRFo_SPRFmed_SPRFpbrs
1.09154e+06 1.09154e+06 1.0726e+06
Fref
0
Nvult_r0
 161596 15609.8 5322.69 3355.57 1900.69
CTP_r0
 27064.7 4156.25 1417.21 893.451 506.076
YTP_r0
356529
Np
 231129 85027.7 31279.9 11507.2 5790.62
Nvult_p0
 146102 53747.8 19772.7 7273.97 3660.37
CTP_p0
 0 0 0 0 0
 0 0 0 0 0
 0 0 0 0 0
 0 0 0 0 0
 0 0 0 0 0
 0 0 0 0 0
YTP_p0
 0 0 0 0 0 0
CBA_c0
0
log_Ro
11.7484
likeval ReclasPelacesDesembMPH_pf_preclas_ppelaces_ptallas_desvR_qrecl_qpela
 42.9759 15.7288 0.174714 125.199 247.306 147.373 124.548 0 26.879 2.05652e-06 7.90316e-06 0.492244 2070.64 0 0
q_reclas_q_pelaces
1.22484 1.48821
M
1
N
 191004 31499 109242 6177.26 0.244953
 91058.7 63395.6 9624.8 33379.7 1887.59
 114827 27828.5 16691.5 2534.12 9285.57
 218270 35293.3 7402.85 4440.21 3144.23
 183742 63036.6 8390.88 1760.01 1803.18
 259526 63254.2 20573.3 2738.54 1162.92
 112213 83307.2 18197.2 5918.6 1122.39
 56779.2 31403.1 18712.9 4087.54 1581.58
 46966.4 20005.1 10686.8 6368.21 1929.27
 62885.6 14519 5377.24 2872.56 2230.31
 142052 18360.6 3520.43 1303.82 1237.3
 150551 49358.4 6093.59 1168.38 843.359
 51176.5 43374.4 11683.9 1442.45 476.209
 21511.9 13908 9241.08 2489.29 408.776
 118334 1604.93 287.795 191.224 59.9692
 330402 28252.5 270.701 48.5419 42.3682
 64890.1 81110.8 5010.66 48.0096 16.1232
 256174 18594.9 19014.8 1174.65 15.0347
 413860 58779.6 2919.45 2985.37 186.783
 458684 88416.6 8113.29 402.969 437.85
 432945 127218 19542 1793.22 185.839
 552498 133052 33833.5 5197.18 526.327
 104945 161572 32355.3 8227.57 1391.83
 264380 33918.7 47059.7 9423.81 2801.75
 374436 83937.7 9566.3 13272.5 3448.05
 102777 121060 24462.7 2787.98 4873.01
 264878 34466 37685.5 7615.12 2384.83
 313253 85149.2 9941.45 10870.1 2884.41
 184539 102457 25338.8 2958.39 4093.08
 171618 62257.6 32242 7973.85 2219.02
 79125.7 57569.8 19391.7 10042.6 3174.83
 64607.3 24354.9 15354 5171.82 3525.12
 231129 20978.8 7153.42 4509.71 2554.43
pred_Ctot
 11906 3424.48 11876.4 671.575 0.0266306
 9891.29 11706.6 1777.3 6163.86 348.561
 12116.9 5000.71 2999.41 455.375 1668.59
 30248.7 8175.28 1714.78 1028.52 728.325
 7499.39 4540.22 604.354 126.765 129.874
 21140.6 8892.61 2892.3 384.998 163.489
 17354.8 21338.9 4661.16 1516.03 287.496
 1522.31 1497.06 892.089 194.863 75.3978
 4808.48 3493.94 1866.49 1112.23 336.952
 8358.5 3236 1198.48 640.237 497.092
 5005.67 1145.19 219.578 81.3228 77.1734
 21051.5 11527.9 1423.19 272.881 196.971
 8662.39 12057.9 3248.07 400.993 132.384
 12237.3 10108 6716.19 1809.16 297.089
 27189.8 584.588 104.828 69.6523 21.8435
 71795.5 9804.22 93.9391 16.8451 14.7027
 9253.37 19288.8 1191.58 11.4171 3.83423
 63300.6 7209.07 7371.87 455.401 5.8288
 114591 25081 1245.72 1273.85 79.6997
 73004.9 23247 2133.19 105.951 115.122
 45719.3 22876.5 3514.06 322.458 33.4178
 72970 29480.6 7496.56 1151.55 116.62
 8141.78 21679.9 4341.46 1103.98 186.757
 23168.6 5112.46 7093.15 1420.42 422.298
 28977.3 11236.2 1280.57 1776.7 461.566
 5788.97 11931.8 2411.07 274.787 480.29
 21358.2 4798.57 5246.8 1060.22 332.031
 22175.8 10464.6 1221.78 1335.91 354.487
 9743.48 9484.28 2345.58 273.854 378.89
 9634.17 6116.33 3167.53 783.37 218.002
 8288.12 10273.4 3460.48 1792.12 566.553
 4841.33 3161.09 1992.84 671.265 457.536
 27064.7 4156.25 1417.21 893.451 506.076
F
 0.102902 0.185612 0.185612 0.185612 0.185612
 0.185442 0.334496 0.334496 0.334496 0.334496
 0.179732 0.324196 0.324196 0.324196 0.324196
 0.242019 0.436547 0.436547 0.436547 0.436547
 0.0663729 0.119722 0.119722 0.119722 0.119722
 0.136322 0.245894 0.245894 0.245894 0.245894
 0.273495 0.493323 0.493323 0.493323 0.493323
 0.0431839 0.0778941 0.0778941 0.0778941 0.0778941
 0.173975 0.313811 0.313811 0.313811 0.313811
 0.231112 0.416873 0.416873 0.416873 0.416873
 0.0570851 0.102969 0.102969 0.102969 0.102969
 0.24443 0.440897 0.440897 0.440897 0.440897
 0.302816 0.546212 0.546212 0.546212 0.546212
 1.59553 2.87797 2.87797 2.87797 2.87797
 0.432328 0.779822 0.779822 0.779822 0.779822
 0.404492 0.729613 0.729613 0.729613 0.729613
 0.249808 0.450598 0.450598 0.450598 0.450598
 0.472062 0.851494 0.851494 0.851494 0.851494
 0.543466 0.98029 0.98029 0.98029 0.98029
 0.28246 0.509493 0.509493 0.509493 0.509493
 0.179874 0.324452 0.324452 0.324452 0.324452
 0.229497 0.413961 0.413961 0.413961 0.413961
 0.129471 0.233537 0.233537 0.233537 0.233537
 0.147314 0.265721 0.265721 0.265721 0.265721
 0.129133 0.232927 0.232927 0.232927 0.232927
 0.0925906 0.167012 0.167012 0.167012 0.167012
 0.134862 0.243261 0.243261 0.243261 0.243261
 0.117569 0.212068 0.212068 0.212068 0.212068
 0.0865796 0.15617 0.15617 0.15617 0.15617
 0.0922694 0.166433 0.166433 0.166433 0.166433
 0.178305 0.321623 0.321623 0.321623 0.321623
 0.124818 0.225143 0.225143 0.225143 0.225143
 0.201177 0.362878 0.362878 0.362878 0.362878
YTP_r0W_actual
 204068 72526.5 34112.3 27982.9 17839.2
YTP_p0W_proyectada
 0 0 0 0 0
 0 0 0 0 0
 0 0 0 0 0
 0 0 0 0 0
 0 0 0 0 0
 0 0 0 0 0
CTP_r0_actual
 27064.7 4156.25 1417.21 893.451 506.076
CTP_p0_proyectada
 0 0 0 0 0
 0 0 0 0 0
 0 0 0 0 0
 0 0 0 0 0
 0 0 0 0 0
 0 0 0 0 0
Wmedp
 7.54 17.45 24.07 31.32 35.25
Frms_r0
 0.201177 0.362878 0.362878 0.362878 0.362878
Zrms_r0
 1.20118 1.36288 1.36288 1.36288 1.36288
nmprior
 7.29 8.9 8.7 0
nm_flota  nm_reclas  nm_pelaces    nm_pelaL
inf 9.49437 12.8695 35.7591
cv_recla  cv_pelaces  cv_mph
0.567732 0.434449 0.448568
 ------------------------------------------------
Talla a la edad & desviaci?n 
 8 13.2811 15.8009 17.003 17.5766
 0.8 1.32811 1.58009 1.7003 1.75766
