years
 1991 1992 1993 1994 1995 1996 1997 1998 1999 2000 2001 2002 2003 2004 2005 2006 2007 2008 2009 2010 2011 2012 2013 2014 2015 2016 2017 2018 2019 2020 2021 2022 2023
reclasobs
 0 0 0 0 0 0 0 0 0 252601 567819 844713 477998 351125 339783 2.1784e+06 2.13404e+06 4.81314e+06 1.55562e+06 2.62356e+06 3.21686e+06 3.843e+06 1.13348e+06 3.07943e+06 1.97215e+06 2.03268e+06 2.025e+06 2.42433e+06 2.27542e+06 1.05018e+06 2.36338e+06 3.18982e+06 1.53035e+06
reclaspred
 3.42147e+06 1.93894e+06 1.04352e+06 1.43881e+06 1.71739e+06 2.58909e+06 1.89303e+06 1.76951e+06 1.27208e+06 938475 854631 774713 467478 119692 591926 1.07569e+06 1.01365e+06 1.27786e+06 1.47555e+06 1.95941e+06 3.81485e+06 3.0669e+06 2.48974e+06 3.26631e+06 2.79264e+06 2.52159e+06 2.81514e+06 2.99524e+06 2.84648e+06 2.41974e+06 1.72001e+06 1.46086e+06 1.82239e+06
pelacesobs
 0 0 0 0 0 0 0 0 0 0 0 0 0 0 0 552880 188675 0 991730 2.46772e+06 1.41603e+06 1.21717e+06 2.29649e+06 1.80582e+06 0 1.4828e+06 1.56532e+06 1.57751e+06 1.42118e+06 867257 1.10002e+06 1.06204e+06 0
pelacespred
 1.81465e+06 1.15677e+06 620670 702544 845268 1.353e+06 1.00374e+06 1.04587e+06 772707 552675 504327 386886 242529 48110.9 332246 503489 468578 634856 784101 913898 1.86642e+06 1.69889e+06 1.35195e+06 1.8993e+06 1.55392e+06 1.37954e+06 1.8003e+06 1.73577e+06 1.46542e+06 1.41377e+06 968864 807696 976918
mphobs
 0 0 0 0 0 0 0 0 0 0 0 0 498337 0 5186 125008 0 168611 109162 213762 579715 649985 157893 87575 83554 210694 70296 0 107559 103333 445601 22526 28222
mphpred
 947660 637568 323503 194133 312566 398633 517340 388473 334307 239512 159976 182198 145502 57321.1 9817.75 107274 224264 201020 193036 250880 504922 635855 115015 97485.4 120315 112825 95993.6 99583 134981 119468 87685.9 63986.4 40756.2
desembarqueobs
 494567 514787 250237 358949 120608 361735 552515 73892 212993 205616 52469 317467 293654 387597 252695 516296 358380 742168 942051 627588 828172 859565 418607 520667 417249 300574 415391 372974 316634 284311 391294 218835 356480
desembarquepred
 494567 512657 251519 358963 120610 361750 552577 73893.9 213027 205650 52469.9 317508 294216 389589 252692 516315 358487 742409 941857 627472 828260 859637 418660 520743 417228 300603 415425 372975 316613 284266 391454 218884 356504
Reclutas
 248106 130095 185842 442507 379620 512265 226819 120264 95700.4 117936 205043 128570 46427 20673.4 187127 466406 102641 347152 584950 717559 725309 895247 190111 486378 643255 194266 484356 579313 325743 274305 145944 118747 438086
log_desv_Rt
 0.0103391 -0.635253 -0.278618 0.58894 0.435654 0.735325 -0.0793663 -0.713827 -0.942294 -0.733372 -0.180294 -0.647044 -1.66563 -2.47467 -0.271731 0.64154 -0.872281 0.346247 0.86801 1.07234 1.08308 1.29358 -0.255907 0.683469 0.963024 -0.234288 0.679303 0.858326 0.282592 0.110725 -0.520294 -0.726521 0.578898
SSB
 4.749e+06 3.19504e+06 1.62117e+06 972859 1.56636e+06 1.99767e+06 2.59254e+06 1.94675e+06 1.67531e+06 1.20026e+06 801684 913045 699019 279247 47789.2 522468 1.12385e+06 1.00737e+06 997615 1.24029e+06 2.54979e+06 3.33562e+06 3.12684e+06 2.56615e+06 2.99215e+06 2.95911e+06 2.38776e+06 2.39527e+06 3.35315e+06 2.81195e+06 2.31357e+06 1.73775e+06 1.02732e+06
BT
 6.25349e+06 4.22936e+06 2.24954e+06 2.55149e+06 2.80248e+06 4.63933e+06 3.72866e+06 3.41378e+06 2.69244e+06 1.97408e+06 1.66585e+06 1.51964e+06 1.05653e+06 569174 1.31406e+06 2.05557e+06 1.79172e+06 2.69497e+06 3.44066e+06 3.45788e+06 6.6274e+06 6.28693e+06 4.70605e+06 6.57539e+06 5.37616e+06 4.6839e+06 6.19793e+06 5.92851e+06 4.96002e+06 4.79819e+06 3.48439e+06 2.7859e+06 3.45134e+06
Ftot
 0.0951424 0.170344 0.162538 0.208042 0.0533497 0.110917 0.200015 0.0298699 0.119314 0.155259 0.0498408 0.290449 0.413704 1.84697 0.463288 0.444673 0.250896 0.463671 0.555757 0.282165 0.17261 0.21662 0.116019 0.128958 0.115345 0.0838435 0.120512 0.107028 0.0777911 0.0850201 0.159108 0.105452 0.173841
BD_Bspro_t
 0.984971 0.892928 0.777892 0.73217 0.788388 0.84757 0.842023 0.770597 0.808987 0.786603 0.765363 0.836564 0.693642 0.412981 0.13078 0.592844 0.651505 0.597938 0.549057 0.564101 0.672953 0.722877 0.736995 0.73529 0.791698 0.824278 0.823051 0.838574 0.871723 0.854104 0.837668 0.78761 0.778193
BD_Bspro
 2.68448 1.80607 0.916405 0.549932 0.885422 1.12923 1.4655 1.10045 0.947008 0.678478 0.453171 0.51612 0.395137 0.157851 0.027014 0.295337 0.635283 0.569438 0.563926 0.701106 1.44133 1.88554 1.76752 1.45058 1.69138 1.67271 1.34974 1.35398 1.89545 1.58952 1.3078 0.982305 0.580717
BD_Bo
 2.37428 1.59737 0.81051 0.486385 0.783108 0.998741 1.29615 0.973286 0.837577 0.600077 0.400805 0.45648 0.349478 0.139611 0.0238924 0.26121 0.561873 0.503637 0.498762 0.62009 1.27478 1.66766 1.56328 1.28296 1.49594 1.47942 1.19377 1.19753 1.67642 1.40585 1.15668 0.868796 0.513612
BD_Brms
 2.54445 1.71186 0.868602 0.521245 0.839235 1.07032 1.38905 1.04304 0.897609 0.643086 0.429532 0.489198 0.374526 0.149617 0.0256049 0.279931 0.602144 0.539734 0.53451 0.664534 1.36614 1.78718 1.67532 1.37491 1.60316 1.58545 1.27933 1.28336 1.79658 1.50661 1.23958 0.931065 0.550424
Sel_flota
 0.534502 0.956172 0.997593 0.999873 0.999993
 0.534502 0.956172 0.997593 0.999873 0.999993
 0.534502 0.956172 0.997593 0.999873 0.999993
 0.534502 0.956172 0.997593 0.999873 0.999993
 0.534502 0.956172 0.997593 0.999873 0.999993
 0.534502 0.956172 0.997593 0.999873 0.999993
 0.534502 0.956172 0.997593 0.999873 0.999993
 0.534502 0.956172 0.997593 0.999873 0.999993
 0.534502 0.956172 0.997593 0.999873 0.999993
 0.534502 0.956172 0.997593 0.999873 0.999993
 0.534502 0.956172 0.997593 0.999873 0.999993
 0.534502 0.956172 0.997593 0.999873 0.999993
 0.534502 0.956172 0.997593 0.999873 0.999993
 0.534502 0.956172 0.997593 0.999873 0.999993
 0.534502 0.956172 0.997593 0.999873 0.999993
 0.534502 0.956172 0.997593 0.999873 0.999993
 0.534502 0.956172 0.997593 0.999873 0.999993
 0.534502 0.956172 0.997593 0.999873 0.999993
 0.534502 0.956172 0.997593 0.999873 0.999993
 0.534502 0.956172 0.997593 0.999873 0.999993
 0.534502 0.956172 0.997593 0.999873 0.999993
 0.534502 0.956172 0.997593 0.999873 0.999993
 0.534502 0.956172 0.997593 0.999873 0.999993
 0.534502 0.956172 0.997593 0.999873 0.999993
 0.534502 0.956172 0.997593 0.999873 0.999993
 0.534502 0.956172 0.997593 0.999873 0.999993
 0.534502 0.956172 0.997593 0.999873 0.999993
 0.534502 0.956172 0.997593 0.999873 0.999993
 0.534502 0.956172 0.997593 0.999873 0.999993
 0.534502 0.956172 0.997593 0.999873 0.999993
 0.534502 0.956172 0.997593 0.999873 0.999993
 0.534502 0.956172 0.997593 0.999873 0.999993
 0.534502 0.956172 0.997593 0.999873 0.999993
Sel_reclas
 1 1 1 1 1
 1 1 1 1 1
 1 1 1 1 1
 1 1 1 1 1
 1 1 1 1 1
 1 1 1 1 1
 1 1 1 1 1
 1 1 1 1 1
 1 1 1 1 1
 1 1 1 1 1
 1 1 1 1 1
 1 1 1 1 1
 1 1 1 1 1
 1 1 1 1 1
 1 1 1 1 1
 1 1 1 1 1
 1 1 1 1 1
 1 1 1 1 1
 1 1 1 1 1
 1 1 1 1 1
 1 1 1 1 1
 1 1 1 1 1
 1 1 1 1 1
 1 1 1 1 1
 1 1 1 1 1
 1 1 1 1 1
 1 1 1 1 1
 1 1 1 1 1
 1 1 1 1 1
 1 1 1 1 1
 1 1 1 1 1
 1 1 1 1 1
 1 1 1 1 1
Sel_pelaces
 1 1 1 1 1
 1 1 1 1 1
 1 1 1 1 1
 1 1 1 1 1
 1 1 1 1 1
 1 1 1 1 1
 1 1 1 1 1
 1 1 1 1 1
 1 1 1 1 1
 1 1 1 1 1
 1 1 1 1 1
 1 1 1 1 1
 1 1 1 1 1
 1 1 1 1 1
 1 1 1 1 1
 1 1 1 1 1
 1 1 1 1 1
 1 1 1 1 1
 1 1 1 1 1
 1 1 1 1 1
 1 1 1 1 1
 1 1 1 1 1
 1 1 1 1 1
 1 1 1 1 1
 1 1 1 1 1
 1 1 1 1 1
 1 1 1 1 1
 1 1 1 1 1
 1 1 1 1 1
 1 1 1 1 1
 1 1 1 1 1
 1 1 1 1 1
 1 1 1 1 1
pf_obs 
 0.8446 0.082 0.0669 0.0065 0
 0.8095 0.147 0.0364 0.0071 0
 0.9664 0.0169 0.016 0.0007 0
 0.9276 0.0648 0.0075 0.0001 0
 0.7033 0.2144 0.0806 0.0017 0
 0.9318 0.0425 0.0243 0.0014 0
 0.5671 0.3108 0.0964 0.0239 0.0018
 0.0768 0.2599 0.5324 0.112 0.0189
 0.490249 0.384438 0.106611 0.0170017 0.00170017
 0.7925 0.1577 0.0466 0.003 0.0002
 0.840416 0.127587 0.0312969 0.00059994 9.999e-05
 0.8084 0.0986 0.0794 0.0134 0.0002
 0.7335 0.1905 0.0724 0.0035 0.0001
 0.4001 0.4547 0.1325 0.0127 0
 0.49795 0.308269 0.164784 0.0264974 0.00249975
 0.9179 0.0499 0.0305 0.0017 0
 0.2467 0.6533 0.0926 0.0074 0
 0.9418 0.0223 0.034 0.0019 0
 0.707729 0.231977 0.0356964 0.0245975 0
 0.517169 0.277429 0.184464 0.0207286 0.00020938
 0.811772 0.124168 0.05621 0.00726502 0.000585176
 0.764997 0.148141 0.077277 0.00933861 0.000247198
 0.163321 0.427699 0.378323 0.0303852 0.000271297
 0.753843 0.0900009 0.118128 0.0371064 0.000921714
 0.721811 0.176058 0.0630433 0.0369309 0.00215725
 0.143369 0.312575 0.442814 0.0836902 0.0175525
 0.692698 0.0596174 0.167031 0.0765114 0.00414204
 0.394062 0.376323 0.152708 0.0712218 0.00568511
 0.125707 0.32114 0.495352 0.0537591 0.00404204
 0.23352 0.215282 0.420074 0.123614 0.00750983
 0.796117 0.104755 0.0508955 0.0450114 0.00322123
 0.162477 0.292055 0.404252 0.121198 0.0200186
 0 0 0 0 0
pf_pred 
 0.323988 0.099891 0.551161 0.0249585 9.53449e-07
 0.287162 0.332646 0.0582548 0.308021 0.0139168
 0.509897 0.20854 0.134655 0.0225558 0.124352
 0.728683 0.178182 0.0406715 0.0251233 0.0273408
 0.550098 0.374074 0.0505917 0.0110362 0.0142003
 0.59457 0.276444 0.108 0.0140123 0.0069736
 0.34862 0.47188 0.124069 0.0464295 0.00900065
 0.308195 0.341943 0.256622 0.0644968 0.0287444
 0.355875 0.283725 0.181881 0.13102 0.0474982
 0.506517 0.247076 0.111239 0.0682949 0.066874
 0.653679 0.225751 0.0617331 0.0265974 0.0322404
 0.441654 0.429714 0.085088 0.0223199 0.021224
 0.290913 0.423793 0.221997 0.0419077 0.0213896
 0.327169 0.302403 0.226041 0.112424 0.0319637
 0.959891 0.0240916 0.00758383 0.00515668 0.00327672
 0.836446 0.160184 0.00206711 0.000617517 0.000684709
 0.286693 0.647738 0.0642862 0.000787794 0.000494862
 0.729979 0.115067 0.141304 0.0133831 0.000266336
 0.751999 0.209412 0.0169438 0.019744 0.00190178
 0.693252 0.263444 0.0368801 0.00282507 0.00359829
 0.597752 0.324904 0.0668654 0.00892784 0.00155085
 0.608819 0.285242 0.0862973 0.0169857 0.00265543
 0.21497 0.581546 0.150209 0.0434184 0.00985745
 0.581664 0.137523 0.210356 0.0520422 0.0184149
 0.611806 0.278532 0.0371224 0.0543714 0.018168
 0.267721 0.540559 0.139276 0.0177808 0.0346632
 0.614124 0.151792 0.17472 0.0431534 0.0162109
 0.594703 0.301161 0.0420566 0.0463635 0.0157156
 0.398845 0.434911 0.124918 0.0167134 0.0246126
 0.422416 0.312022 0.194369 0.0535262 0.0176664
 0.330223 0.379756 0.159764 0.0953961 0.0348604
 0.393494 0.287016 0.184683 0.0743417 0.0604648
 0.767283 0.12556 0.051883 0.0319839 0.0232908
pobs_RECLAS
 0 0 0 0 0
 0 0 0 0 0
 0 0 0 0 0
 0 0 0 0 0
 0 0 0 0 0
 0 0 0 0 0
 0 0 0 0 0
 0 0 0 0 0
 0 0 0 0 0
 0 0 0 0 0
 0.991045 0.00858322 0.000360255 1.14367e-05 0
 0.934742 0.0480273 0.0164251 0.00080598 0
 0.827803 0.169806 0.00239088 0 0
 0.941827 0.0461693 0.0120037 0 0
 0.791401 0.0380133 0.147996 0.0225897 0
 0.846168 0.0940531 0.0597789 0 0
 0.134021 0.677848 0.182769 0.00536245 0
 0.80878 0.0450904 0.141981 0.00414843 0
 0.846168 0.0940531 0.0597789 0 0
 0.905697 0.0802665 0.012482 0.00150086 5.37128e-05
 0.989698 0.0102097 9.19794e-05 0 0
 0.975433 0.0193895 0.00387452 0.00125025 5.28907e-05
 0.303575 0.632131 0.0575291 0.00676475 0
 0.966965 0.00978017 0.0227588 0.000495775 0
 0.843318 0.132988 0.00938335 0.0141283 0.000182051
 0.564624 0.303363 0.111486 0.0197234 0.00080311
 0.826376 0.0876187 0.0782897 0.00655872 0.00115652
 0.89761 0.0855135 0.0140674 0.00269457 0.000114338
 0.34875 0.467042 0.161289 0.0227151 0.000203297
 0.318654 0.224769 0.449479 0.00709798 0
 0.937255 0.0296025 0.0250945 0.00804832 0
 0.456809 0.399803 0.12412 0.0192676 0
 0.883104 0.0372192 0.0704036 0.00927362 0
ppred_RECLAS
 0.471536 0.0809841 0.428136 0.0193429 7.38836e-07
 0.426235 0.274188 0.0459928 0.242623 0.0109607
 0.657614 0.149406 0.0924076 0.0154431 0.0851291
 0.831024 0.112658 0.0246267 0.0151768 0.0165144
 0.68821 0.261108 0.0338409 0.00736522 0.0094757
 0.72754 0.188311 0.0704844 0.00912388 0.00454019
 0.494079 0.370899 0.0933944 0.0348691 0.00675875
 0.449093 0.27824 0.200123 0.050182 0.022362
 0.504289 0.223743 0.137412 0.0987582 0.0357981
 0.653739 0.1772 0.0764207 0.0468098 0.0458303
 0.774456 0.149245 0.0391106 0.016812 0.0203764
 0.5913 0.317728 0.0602258 0.015761 0.0149853
 0.432162 0.345476 0.173121 0.0326031 0.0166384
 0.508528 0.228154 0.160881 0.0797632 0.022674
 0.978037 0.0134331 0.00404396 0.00274311 0.00174284
 0.903327 0.0947681 0.00116967 0.000348583 0.000386463
 0.421712 0.527194 0.0500973 0.000612481 0.00038469
 0.835196 0.0720439 0.0846072 0.00799402 0.000159068
 0.84874 0.128636 0.00994753 0.0115633 0.00111365
 0.804519 0.168911 0.022637 0.00172996 0.00220318
 0.729604 0.220203 0.0434066 0.0057822 0.0010043
 0.739671 0.192053 0.0556421 0.0109264 0.00170795
 0.332212 0.500206 0.123781 0.0356969 0.00810342
 0.720121 0.0947121 0.138789 0.0342573 0.0121203
 0.741383 0.187863 0.0239882 0.0350534 0.0117116
 0.398824 0.448766 0.110791 0.0141117 0.027507
 0.745915 0.102596 0.113138 0.0278791 0.0104717
 0.727148 0.205024 0.0274314 0.030171 0.0102257
 0.546353 0.332085 0.091397 0.0122004 0.0179645
 0.572377 0.235606 0.140629 0.038638 0.012751
 0.474872 0.303407 0.122268 0.0728381 0.0266139
 0.543814 0.220866 0.136164 0.0546847 0.0444716
 0.858338 0.0779887 0.0308668 0.018984 0.0138226
pobs_PELACES
 0 0 0 0 0
 0 0 0 0 0
 0 0 0 0 0
 0 0 0 0 0
 0 0 0 0 0
 0 0 0 0 0
 0 0 0 0 0
 0 0 0 0 0
 0 0 0 0 0
 0 0 0 0 0
 0 0 0 0 0
 0 0 0 0 0
 0 0 0 0 0
 0 0 0 0 0
 0 0 0 0 0
 0 0 0 0 0
 0.505614 0.472636 0.0217494 0 0
 0 0 0 0 0
 0.443492 0.261883 0.143347 0.151278 0
 0.227955 0.32914 0.350689 0.0885471 0.00366901
 0.970185 0.0296113 0.000203453 0 0
 0.997202 0.00247181 0.000326279 0 0
 0.445219 0.490057 0.0546422 0.010081 0
 0.90214 0.0892962 0.00764917 0.000914606 0
 0 0 0 0 0
 0.581667 0.319106 0.0959925 0.00289975 0.000334073
 0.762889 0.0836404 0.116647 0.0363945 0.000428098
 0.88444 0.0763242 0.0277011 0.0115352 0
 0.521256 0.241999 0.230069 0.00667565 0
 0.616807 0.101726 0.260614 0.0208532 0
 0.833518 0.0704572 0.0857862 0.0102388 0
 0.697417 0.212968 0.0787535 0.0105354 0.000325836
 0 0 0 0 0
ppred_PELACES
 0.475112 0.080525 0.425155 0.0192069 7.33637e-07
 0.432354 0.27161 0.0454542 0.239751 0.0108309
 0.662977 0.147256 0.0908755 0.0151852 0.0837069
 0.835184 0.109992 0.0239755 0.0147732 0.016075
 0.689827 0.259785 0.0336449 0.00732228 0.00942044
 0.730682 0.186228 0.069599 0.00900852 0.00448276
 0.501222 0.365934 0.0918924 0.0343032 0.006649
 0.450172 0.277752 0.19969 0.0500724 0.0223131
 0.508669 0.22197 0.136101 0.0978073 0.0354532
 0.658853 0.174769 0.0752127 0.0460644 0.0451003
 0.775706 0.148453 0.0388765 0.0167108 0.0202537
 0.601245 0.310275 0.05858 0.015327 0.0145725
 0.446893 0.337267 0.168054 0.0316391 0.0161462
 0.57563 0.199728 0.137326 0.0679902 0.0193259
 0.979431 0.0126124 0.00377292 0.00255837 0.00162543
 0.908608 0.0896026 0.00109922 0.000327477 0.000363057
 0.430323 0.519501 0.0491973 0.000601364 0.000377703
 0.844357 0.0682832 0.0796841 0.00752624 0.000149757
 0.858545 0.120438 0.00924312 0.0107399 0.00103434
 0.810701 0.163656 0.0218482 0.00166932 0.00212593
 0.734402 0.216391 0.0425546 0.00566797 0.000984455
 0.745582 0.187839 0.0542604 0.0106533 0.00166525
 0.335894 0.49765 0.122953 0.035455 0.00804848
 0.72396 0.0935236 0.136806 0.0337645 0.0119459
 0.744534 0.185658 0.0236692 0.0345843 0.0115548
 0.401695 0.446755 0.110168 0.0140315 0.0273505
 0.749267 0.101343 0.111573 0.0274908 0.0103258
 0.730167 0.202832 0.0270984 0.0298023 0.0101007
 0.549106 0.330165 0.090772 0.0121163 0.0178406
 0.575399 0.234064 0.139546 0.0383382 0.012652
 0.480631 0.300362 0.120778 0.0719419 0.0262862
 0.54764 0.21918 0.13493 0.0541848 0.0440649
 0.861385 0.076395 0.0301643 0.0185495 0.0135061
pobs_pel_tallas
 0 0 0 0 0 0 0 0 0 0 0 0 0 0 0 0 0 0 0 0 0 0 0 0 0 0
 0 0 0 0 0 0 0 0 0 0 0 0 0 0 0 0 0 0 0 0 0 0 0 0 0 0
 0 0 0 0 0 0 0 0 0 0 0 0 0 0 0 0 0 0 0 0 0 0 0 0 0 0
 0 0 0 0 0 0 0 0 0 0 0 0 0 0 0 0 0 0 0 0 0 0 0 0 0 0
 0 0 0 0 0 0 0 0 0 0 0 0 0 0 0 0 0 0 0 0 0 0 0 0 0 0
 0 0 0 0 0 0 0 0 0 0 0 0 0 0 0 0 0 0 0 0 0 0 0 0 0 0
 0 0 0 0 0 0 0 0 0 0 0 0 0 0 0 0 0 0 0 0 0 0 0 0 0 0
 0 0 0 0 0 0 0 0 0 0 0 0 0 0 0 0 0 0 0 0 0 0 0 0 0 0
 0 0 0 0 0 0 0 0 0 0 0 0 0 0 0 0 0 0 0 0 0 0 0 0 0 0
 0 0 0 0 0 0 0 0 0 0 0 0 0 0 0 0 0 0 0 0 0 0 0 0 0 0
 0 0 0 0 0 0 0 0 0 0 0 0 0 0 0 0 0 0 0 0 0 0 0 0 0 0
 0 0 0 0 0 0 0 0 0 0 0 0 0 0 0 0 0 0 0 0 0 0 0 0 0 0
 0.00862536 0 0 0.000197151 0.00414017 0.0128641 0.00837892 0.0270097 0.101434 0.158115 0.152841 0.127902 0.109271 0.109419 0.0830992 0.0579132 0.0238553 0.00714673 0.00463305 0.00128148 0.00103504 0.000492878 0.000147863 0.000147863 4.92878e-05 0
 0 0 0 0 0 0 0 0 0 0 0 0 0 0 0 0 0 0 0 0 0 0 0 0 0 0
 0 0 0 0 0 0 0 0.0054083 0.00873648 0.0413646 0.0450493 0.0745869 0.0622846 0.0627006 0.0613931 0.0827291 0.12552 0.122667 0.0946155 0.0697135 0.0546179 0.0294188 0.0215738 0.0213955 0.0102223 0.00600262
 0 0 0 0 0.00359764 0.0251062 0.0480494 0.140153 0.205849 0.193036 0.1447 0.116669 0.0760912 0.0342217 0.00950174 0.001854 0.000860785 0 0 0 0.000165536 0 0.000143464 0 0 0
 0 0 0 0 0 0 0 0.000145254 0.000435761 0.0275982 0.070085 0.0708112 0.156366 0.174668 0.174014 0.160142 0.0824315 0.0480064 0.0283245 0.00493863 0.00203355 0 0 0 0 0
 0 0 0 0 0 0 0 0 0 0 0 0 0 0 0 0 0 0 0 0 0 0 0 0 0 0
 0 0 1.00437e-05 0.000401748 0.00122533 0.00171747 0.00176769 0.0269171 0.070346 0.194647 0.189555 0.159765 0.064822 0.0314167 0.0384472 0.0292271 0.0345202 0.0313363 0.0194345 0.0106764 0.0143323 0.0359363 0.0279516 0.0138201 0.00172751 0
 0 0.0021121 0.0136068 0.0755702 0.200478 0.177729 0.0527432 0.0373336 0.0318909 0.0142505 0.0149659 0.0166563 0.0217959 0.0798694 0.0677717 0.0528807 0.04013 0.0224614 0.0357745 0.0225083 0.00881397 0.00855152 0.00135912 0.000746735 0 0
 0 0 0 0 5.4009e-05 0.00500934 0.000945158 0.0243581 0.138947 0.33067 0.221406 0.137944 0.0707744 0.0437923 0.0131692 0.00525238 0.0047753 0.00276346 9.45158e-05 9.00151e-06 2.25038e-05 9.00151e-06 4.50075e-06 0 0 0
 0.000866109 0.00284123 0.00948549 0.0512746 0.133035 0.25785 0.225252 0.132002 0.0553304 0.0519788 0.0540692 0.017754 0.00435017 0.00159236 0.00146478 0.000404838 0.000125132 0.000115318 0.000107957 0.000100596 0 0 0 0 0 0
 0 0 0 0 0.00144013 0.00171154 0.00461396 0.0210425 0.0478622 0.0707936 0.0888783 0.103762 0.0637923 0.0337046 0.0602308 0.124433 0.169614 0.0934646 0.0462172 0.0250306 0.0313229 0.00938855 0.002487 0.000210481 0 0
 0 0.00764035 0.051015 0.0998891 0.058973 0.0496711 0.0374665 0.0718981 0.12319 0.153886 0.159021 0.0857701 0.0377988 0.023471 0.0147837 0.00900784 0.00315554 0.000888139 0.00291439 0.00214683 0.00393193 0.00274676 0.000635225 9.99891e-05 0 0
 0 0 0 0 0 0 0 0 0 0 0 0 0 0 0 0 0 0 0 0 0 0 0 0 0 0
 0 0 0 0 0 0 0 0 0 0 0 0 0 0 0 0 0 0 0 0 0 0 0 0 0 0
 0 0 0 0 0 0 0 0 0 0 0 0 0 0 0 0 0 0 0 0 0 0 0 0 0 0
 0 0 0 0 0 0 0 0 0 0 0 0 0 0 0 0 0 0 0 0 0 0 0 0 0 0
 0 0 0 0 0 0 0 0 0 0 0 0 0 0 0 0 0 0 0 0 0 0 0 0 0 0
 0 0 0 0 0 0 0 0 0 0 0 0 0 0 0 0 0 0 0 0 0 0 0 0 0 0
 0 0 0 0 0 0 0 0 0 0 0 0 0 0 0 0 0 0 0 0 0 0 0 0 0 0
 0 0 0 0 0 0 0 0 0 0 0 0 0 0 0 0 0 0 0 0 0 0 0 0 0 0
 0 0 0 0 0 0 0 0 0 0 0 0 0 0 0 0 0 0 0 0 0 0 0 0 0 0
ppred_pel_tallas
 1.14216e-16 3.91344e-05 0.0003804 0.00252789 0.0114914 0.0357542 0.0761783 0.111186 0.111195 0.0762197 0.0358949 0.0119062 0.00359999 0.00282275 0.00497559 0.00893872 0.0146719 0.0221842 0.0313664 0.0419372 0.0532075 0.063777 0.0715675 0.0744576 0.0712685 0.0624522
 1.27258e-16 3.56125e-05 0.000346166 0.0023004 0.0104573 0.0325367 0.0693238 0.101186 0.101212 0.0694522 0.0329682 0.0117052 0.00543878 0.00721811 0.0131523 0.0218729 0.0319809 0.041319 0.0478297 0.0508578 0.0516561 0.0525196 0.0551552 0.0595265 0.0639243 0.0660259
 1.18349e-16 5.46085e-05 0.000530815 0.00352745 0.0160353 0.0498918 0.1063 0.155151 0.155166 0.10637 0.0501273 0.0167174 0.0052461 0.00430471 0.00728799 0.0121391 0.0179081 0.0234475 0.0276537 0.0301105 0.0313469 0.0324094 0.034076 0.0363335 0.038443 0.0394213
 1.04922e-16 6.87931e-05 0.000668693 0.0044437 0.0202004 0.0628511 0.133911 0.19545 0.19546 0.133963 0.0630254 0.0207043 0.00570959 0.00343585 0.00533546 0.00874268 0.0126639 0.0160958 0.0180764 0.0181931 0.0168342 0.0149171 0.013306 0.0123715 0.0119517 0.01162
 1.03366e-16 5.68202e-05 0.000552312 0.00367031 0.0166847 0.0519125 0.110606 0.161438 0.161463 0.110728 0.0523232 0.017871 0.00664786 0.00705182 0.0123992 0.020405 0.0293815 0.0369354 0.0406681 0.0394802 0.0342271 0.0271363 0.0204725 0.0154852 0.0122449 0.010159
 1.03719e-16 6.01853e-05 0.000585023 0.00388768 0.0176729 0.0549869 0.117156 0.170996 0.171014 0.117244 0.0552828 0.0185284 0.00603858 0.00529133 0.0090302 0.0149166 0.0216755 0.0276605 0.0312208 0.0315745 0.0292282 0.0255462 0.0218422 0.0187323 0.0161337 0.0136943
 1.07311e-16 4.1285e-05 0.000401305 0.00266682 0.012123 0.0377193 0.0803663 0.117304 0.11734 0.080539 0.0382994 0.0137995 0.00687872 0.00960763 0.0175605 0.0290573 0.0420709 0.0533661 0.0596655 0.0594597 0.0538715 0.0458045 0.0380938 0.0321275 0.02775 0.0240865
 1.14632e-16 3.70801e-05 0.000360432 0.0023952 0.0108883 0.0338775 0.0721807 0.105355 0.105382 0.0723129 0.0343223 0.0121764 0.00564159 0.00749066 0.0137063 0.022936 0.0338247 0.0441969 0.0518291 0.0556751 0.0563644 0.0554803 0.0542551 0.0527972 0.0503535 0.0461603
 1.19793e-16 4.18984e-05 0.000407268 0.00270644 0.0123031 0.0382796 0.0815595 0.119043 0.119065 0.0816651 0.0386348 0.0133318 0.00529881 0.00610094 0.0109583 0.0183256 0.0270563 0.0354543 0.0418446 0.0455519 0.0472728 0.0484274 0.0500069 0.0518624 0.0529042 0.0518985
 1.14468e-16 5.42689e-05 0.000527513 0.00350551 0.0159356 0.0495815 0.105639 0.154187 0.154204 0.105722 0.04986 0.0167413 0.00553331 0.00497197 0.00854851 0.0141904 0.0207849 0.0268995 0.0311383 0.0329407 0.0329225 0.0323918 0.0324184 0.0331895 0.0340535 0.0340584
 1.06264e-16 6.38939e-05 0.000621072 0.00412724 0.0187618 0.0583751 0.124375 0.181532 0.181546 0.124445 0.0586107 0.0194425 0.00583772 0.00436132 0.00718614 0.0118298 0.0171581 0.0218461 0.0245982 0.0248481 0.0230957 0.0205434 0.0183229 0.0169186 0.0161285 0.0154249
 1.05774e-16 4.95238e-05 0.000481389 0.003199 0.0145422 0.0452464 0.0964034 0.14071 0.14074 0.0965496 0.0457376 0.0159614 0.00676259 0.0082653 0.0148462 0.0245017 0.0353778 0.044676 0.0495775 0.0487923 0.0433176 0.035728 0.0285899 0.0232416 0.0196479 0.0170555
 1.10842e-16 3.68101e-05 0.000357807 0.00237776 0.010809 0.0336308 0.0716553 0.10459 0.104622 0.0718151 0.0341683 0.0123637 0.00628995 0.00892973 0.0164093 0.0273128 0.039911 0.0513842 0.0588511 0.0609495 0.0585433 0.0539076 0.0491049 0.0448962 0.0408536 0.03623
 1.14103e-16 4.74139e-05 0.00046088 0.00306271 0.0139226 0.0433186 0.0922956 0.134712 0.134732 0.0923907 0.0436385 0.0148492 0.00539807 0.00559139 0.0098873 0.0165253 0.0244052 0.0319805 0.0377068 0.0409066 0.0421076 0.0424883 0.0428943 0.0432537 0.0427792 0.0406455
 1.00644e-16 8.06744e-05 0.000784184 0.00521118 0.0236893 0.0737061 0.157039 0.229203 0.229204 0.157045 0.0737261 0.0237472 0.00535677 0.00110274 0.000687881 0.00101547 0.00146942 0.00187927 0.00213306 0.00218466 0.00207707 0.00190996 0.0017735 0.0017001 0.00166339 0.00161182
 1.0015e-16 7.48408e-05 0.000727479 0.00483436 0.0219763 0.0683764 0.145684 0.212631 0.21264 0.145726 0.0685177 0.0223842 0.00585724 0.00295739 0.00430085 0.00696813 0.00997524 0.0124276 0.0134703 0.0127119 0.0104614 0.00753439 0.00478717 0.00273305 0.00145927 0.000784516
 1.01677e-16 3.54452e-05 0.00034454 0.00228959 0.0104082 0.032384 0.0689994 0.100717 0.100767 0.0692439 0.0332046 0.0127777 0.00823514 0.0133162 0.0246487 0.0406337 0.0583887 0.0731195 0.0799506 0.0766111 0.0647845 0.0489817 0.0338873 0.0222399 0.0144536 0.00957768
 1.03098e-16 6.95486e-05 0.000676037 0.0044925 0.0204223 0.0635413 0.135382 0.197595 0.197602 0.135414 0.0636516 0.0207422 0.00530077 0.00245792 0.00350466 0.00581658 0.00868073 0.0115573 0.013923 0.0155004 0.0163514 0.016701 0.0166628 0.0161274 0.0148997 0.0129285
 1.0155e-16 7.07172e-05 0.000687396 0.00456799 0.0207654 0.064609 0.137657 0.200917 0.200928 0.137713 0.0647993 0.0213148 0.00594664 0.00369564 0.00578008 0.00943415 0.0135624 0.0170144 0.0186743 0.0180398 0.0155261 0.0121922 0.00911136 0.00686978 0.00548309 0.0046405
 1.012e-16 6.67764e-05 0.00064909 0.00431343 0.0196083 0.0610086 0.129986 0.189722 0.189737 0.130063 0.0612674 0.0203555 0.00618894 0.00474273 0.00783953 0.0128497 0.0184917 0.0232264 0.0255299 0.0246949 0.0212442 0.0165706 0.0121042 0.00865628 0.00631636 0.00476759
 1.02019e-16 6.04918e-05 0.000588002 0.00390748 0.0177628 0.0552669 0.117753 0.171868 0.171889 0.117855 0.0556095 0.0187525 0.00639242 0.00601537 0.0103759 0.0170781 0.0246421 0.0310824 0.0344092 0.0336914 0.0295894 0.023873 0.018334 0.0139518 0.0107945 0.00845808
 1.02965e-16 6.14126e-05 0.000596952 0.00396696 0.0180332 0.0561082 0.119545 0.174483 0.174501 0.119634 0.0564061 0.0188944 0.00613078 0.00532767 0.00906667 0.014946 0.0216505 0.0274891 0.0307715 0.0307046 0.0278325 0.0236062 0.019452 0.0160848 0.0134697 0.0112371
 1.08594e-16 2.76672e-05 0.000268935 0.00178717 0.00812425 0.0252778 0.0538588 0.0786186 0.0786667 0.0540937 0.0260666 0.0104037 0.00751331 0.0127836 0.023838 0.0394775 0.0571301 0.0723991 0.0808038 0.0802656 0.0722954 0.0608493 0.049825 0.0411867 0.0348188 0.0296197
 1.0938e-16 5.96316e-05 0.000579641 0.00385192 0.0175103 0.054481 0.116078 0.169421 0.16943 0.116123 0.0546331 0.0179524 0.00497163 0.00305708 0.00486222 0.00819965 0.0124066 0.0168655 0.0209657 0.024406 0.0272734 0.0297604 0.0317794 0.0328534 0.0323895 0.0300901
 1.06155e-16 6.13263e-05 0.000596114 0.00396139 0.0180079 0.0560293 0.119377 0.174238 0.174256 0.119465 0.0563231 0.0188565 0.00609218 0.00524982 0.00890662 0.0146481 0.0211502 0.026729 0.0297314 0.0294447 0.026541 0.0226251 0.0192428 0.0171126 0.0160334 0.0153217
 1.0933e-16 3.30872e-05 0.000321619 0.00213728 0.00971578 0.0302296 0.064409 0.0940158 0.094059 0.0646198 0.0309377 0.0117619 0.00727717 0.0115546 0.0214035 0.035429 0.0512625 0.0649476 0.0724618 0.071947 0.0647811 0.0545523 0.0448059 0.0373425 0.032063 0.0279315
 1.07751e-16 6.17162e-05 0.000599903 0.00398657 0.0181224 0.0563855 0.120136 0.175343 0.175353 0.120184 0.0565491 0.018597 0.00518585 0.00324402 0.00516018 0.00863473 0.012906 0.017226 0.0208582 0.0234481 0.025155 0.0263663 0.0272527 0.0275697 0.0268571 0.0248175
 1.05533e-16 6.01429e-05 0.00058461 0.00388494 0.0176604 0.0549482 0.117074 0.170876 0.170896 0.117169 0.0552691 0.0185874 0.0062124 0.00566737 0.00971935 0.0159907 0.0230764 0.0291314 0.0323325 0.0318789 0.0284825 0.0238851 0.0197878 0.0170199 0.0154353 0.0143705
 1.06939e-16 4.52292e-05 0.000439644 0.00292159 0.0132811 0.0413228 0.0880437 0.128509 0.128541 0.0881995 0.0418463 0.0147944 0.00672349 0.00875077 0.0158636 0.0262433 0.0380094 0.0482381 0.0539684 0.0538261 0.0488044 0.0415038 0.0344783 0.0290016 0.024978 0.0216666
 1.10073e-16 4.73949e-05 0.000460696 0.00306148 0.0139171 0.0433013 0.0922589 0.134659 0.134682 0.0923701 0.0436752 0.0149991 0.00578632 0.00643793 0.0114844 0.0191348 0.0280857 0.0364275 0.0422256 0.0445743 0.0440497 0.0421193 0.0400212 0.0380549 0.0357302 0.0324357
 1.15226e-16 3.9589e-05 0.000384819 0.00255726 0.011625 0.0361697 0.0770644 0.112484 0.112513 0.0772067 0.0366478 0.0130078 0.0060358 0.00800375 0.0145847 0.02425 0.035411 0.0455693 0.0522175 0.05426 0.0526355 0.0495403 0.0468895 0.0452519 0.0439154 0.0417355
 1.16841e-16 4.51084e-05 0.00043847 0.00291379 0.0132457 0.0412123 0.087808 0.128163 0.128184 0.0879122 0.0415628 0.0142604 0.00547033 0.00605063 0.0107964 0.0180239 0.0265471 0.0346432 0.040595 0.0436665 0.0444974 0.044501 0.0447604 0.0453313 0.0453974 0.0439738
 1.05036e-16 7.09512e-05 0.000689671 0.0045831 0.0208341 0.0648227 0.138112 0.20158 0.201587 0.138148 0.0649444 0.0211859 0.00546804 0.00262815 0.00377246 0.006178 0.0090223 0.0116278 0.0133641 0.0139685 0.0136983 0.0131276 0.0127461 0.0126793 0.0127018 0.0124591
pSPR Fmed_Fpbrs
1   0.983121 0.6 0.325 0.983121 0.983121 0.983121
Fs Fmed_Fpbrs
0   0.01 0.339036 0.863757 0.01 0.01 0.01
SSBpbr Bo_Bmed_Bpbrs
2.00018e+06  1.90017e+06  1.86641e+06 1.1001e+06 550051 1.86641e+06 1.86641e+06 1.86641e+06
Ro
245554
SPR SPRFo_SPRFmed_SPRFpbrs
1.76905e+06 1.76905e+06 1.73919e+06
Fref
0
Nvult_r0
 291223 28426.8 11328.1 6969.78 5074.92
CTP_r0
 24759.4 4051.68 1674.21 1032.09 751.571
YTP_r0
356504
Np
 438086 161163 59288.4 21811 10975.6
Nvult_p0
 276923 101874 37477.4 13787.2 6937.91
CTP_p0
 0 0 0 0 0
 0 0 0 0 0
 0 0 0 0 0
 0 0 0 0 0
 0 0 0 0 0
 0 0 0 0 0
YTP_p0
 0 0 0 0 0 0
CBA_c0
0
log_Ro
12.2313
likeval ReclasPelacesDesembMPH_pf_preclas_ppelaces_ptallas_desvR_qrecl_qpela
 48.7468 15.0756 0.369524 155.995 250.839 150.967 121.073 0 31.8119 1.00598e-05 5.51815e-06 1.10048 2068.66 0 0
q_reclas_q_pelaces
0.638554 0.717337
M
1
N
 248106 43474.4 230288 10405.4 0.397454
 130095 86747.5 14602.6 77047 3480.7
 185842 43694.2 27116 4532.46 24985.1
 442507 62678.7 13760.5 8482.26 9229.92
 379620 145657 18898.8 4113.44 5292.15
 512265 135728 50919.5 6592.13 3280.37
 226819 177604 44907.3 16770.1 3250.62
 120264 74981.5 53963.5 13532.1 6030.16
 95700.4 43541.9 26807.5 19269.2 6984.8
 117936 33031.1 14291.1 8755.26 8572.14
 205043 39931.2 10475 4503.05 5457.77
 128570 73448.3 14006.2 3666.63 3486.23
 46427 40497 20468 3856.47 1968.13
 20673.4 13691.2 10030.7 4983.61 1416.83
 187127 2833.86 861.342 584.576 371.422
 466406 53740 669.421 199.601 221.297
 102641 135284 12922.5 158.034 99.2602
 347152 33020.6 39153 3701.29 73.6514
 584950 99676.5 7797.33 9069.55 873.516
 717559 159888 21553.3 1647.67 2098.42
 725309 227020 44910.6 5983.73 1039.32
 895247 243310 70809.4 13908.2 2174.08
 190111 293335 72763.3 20986.8 4764.17
 486378 65732.7 96581 23842.5 8435.64
 643255 167011 21376.5 31241.1 10437.9
 194266 222491 55023.9 7009.2 13662.6
 484356 68334.4 75544.3 18617.9 6993.16
 579313 167069 22402.7 24643.1 8352.19
 325743 201268 55482.5 7406.91 10906.4
 274305 114954 68734.7 18886.8 6232.89
 145944 96428.2 38987.3 23229.9 8487.89
 118747 49312.6 30467.6 12237.6 9952.1
 438086 41290.5 16401.1 10089.2 7346.19
pred_Ctot
 7808.59 2407.52 13283.8 601.537 0.0229795
 7210.23 8352.27 1462.7 7733.98 349.431
 9844.78 4026.37 2599.84 435.493 2400.92
 29706.1 7263.92 1658.05 1024.2 1114.6
 6761.88 4598.17 621.879 135.658 174.552
 18730 8708.48 3402.18 441.413 219.681
 14664.8 19849.8 5219.02 1953.08 378.616
 1205.66 1337.68 1003.9 252.312 112.448
 3757.04 2995.34 1920.15 1383.2 501.447
 5977.31 2915.69 1312.71 805.936 789.168
 3414.73 1179.29 322.485 138.941 168.419
 11835.5 11515.6 2280.2 598.132 568.764
 5927.9 8635.58 4523.6 853.949 435.853
 8862.37 8191.5 6123.01 3045.35 865.835
 26474.5 664.465 209.168 142.225 90.3744
 63587.2 12177.3 157.143 46.9441 52.052
 8232.39 18599.8 1845.98 22.6215 14.21
 49151.3 7747.74 9514.35 901.12 17.933
 97348.5 27109 2193.42 2555.91 246.191
 64286.5 24429.6 3419.96 261.973 333.676
 40713.3 22129.4 4554.25 608.081 105.63
 62459.7 29263.4 8853.37 1742.59 272.425
 7262.62 19647.2 5074.72 1466.87 333.028
 20593.9 4869.01 7447.69 1842.56 651.983
 24434.6 11124.1 1482.61 2171.51 725.603
 5401.5 10906.2 2810.02 358.743 699.359
 19200.9 4745.87 5462.72 1349.22 506.842
 20456.5 10359.3 1446.65 1594.8 540.583
 8414.64 9175.54 2635.45 352.61 519.265
 7731.98 5711.31 3557.76 979.752 323.368
 7573.77 8709.81 3664.24 2187.94 799.534
 4132.85 3014.52 1939.72 780.808 635.058
 24759.4 4051.68 1674.21 1032.09 751.571
F
 0.0508538 0.0909725 0.0949134 0.0951303 0.0951417
 0.0910492 0.162878 0.169934 0.170322 0.170343
 0.0868768 0.155414 0.162147 0.162517 0.162537
 0.111199 0.198924 0.207541 0.208016 0.208041
 0.0285155 0.0510115 0.0532213 0.0533429 0.0533494
 0.0592852 0.106055 0.11065 0.110903 0.110916
 0.106908 0.191249 0.199533 0.199989 0.200013
 0.0159655 0.0285607 0.029798 0.0298661 0.0298697
 0.0637735 0.114085 0.119027 0.119299 0.119313
 0.0829862 0.148454 0.154885 0.155239 0.155258
 0.02664 0.0476564 0.0497208 0.0498344 0.0498404
 0.155245 0.277719 0.28975 0.290412 0.290447
 0.221125 0.395572 0.412708 0.413651 0.413701
 0.987209 1.76602 1.84252 1.84673 1.84696
 0.247629 0.442983 0.462173 0.46323 0.463285
 0.237678 0.425184 0.443602 0.444616 0.44467
 0.134105 0.2399 0.250293 0.250865 0.250895
 0.247833 0.443349 0.462555 0.463612 0.463668
 0.297053 0.5314 0.55442 0.555687 0.555754
 0.150818 0.269799 0.281486 0.28213 0.282164
 0.0922606 0.165045 0.172195 0.172589 0.172609
 0.115784 0.207126 0.216098 0.216592 0.216618
 0.0620123 0.110934 0.11574 0.116004 0.116018
 0.0689283 0.123306 0.128648 0.128942 0.128957
 0.0616523 0.11029 0.115068 0.115331 0.115345
 0.0448145 0.0801688 0.0836417 0.0838329 0.083843
 0.0644141 0.115231 0.120222 0.120497 0.120512
 0.0572068 0.102337 0.106771 0.107015 0.107027
 0.0415795 0.0743817 0.0776039 0.0777813 0.0777906
 0.0454434 0.0812939 0.0848155 0.0850093 0.0850196
 0.0850435 0.152134 0.158725 0.159088 0.159107
 0.0563644 0.10083 0.105198 0.105439 0.105451
 0.0929185 0.166222 0.173423 0.173819 0.17384
YTP_r0W_actual
 186686 70701.8 40298.3 32324.9 26492.9
YTP_p0W_proyectada
 0 0 0 0 0
 0 0 0 0 0
 0 0 0 0 0
 0 0 0 0 0
 0 0 0 0 0
 0 0 0 0 0
CTP_r0_actual
 24759.4 4051.68 1674.21 1032.09 751.571
CTP_p0_proyectada
 0 0 0 0 0
 0 0 0 0 0
 0 0 0 0 0
 0 0 0 0 0
 0 0 0 0 0
 0 0 0 0 0
Wmedp
 7.54 17.45 24.07 31.32 35.25
Frms_r0
 0.0929185 0.166222 0.173423 0.173819 0.17384
Zrms_r0
 1.09292 1.16622 1.17342 1.17382 1.17384
nmprior
 7.29 8.9 8.7 0
nm_flota  nm_reclas  nm_pelaces    nm_pelaL
inf 9.40385 11.2942 29.7849
cv_recla  cv_pelaces  cv_mph
0.604649 0.425331 0.500706
 ------------------------------------------------
Talla a la edad & desviaci?n 
 8 13.2811 15.8009 17.003 17.5766
 0.8 1.32811 1.58009 1.7003 1.75766
