years
 1997 1998 1999 2000 2001 2002 2003 2004 2005 2006 2007 2008 2009 2010 2011 2012 2013 2014 2015 2016 2017 2018 2019 2020 2021 2022 2023
reclasobs
 0 0 0 370054 412103 1.49427e+06 250295 1.28982e+06 931140 785840 897777 1.04006e+06 184774 17550 25797 100020 73551 82996 120727 218422 84188 347160 605670 569463 516374 1.08416e+06 1.01767e+06
reclaspred
 445122 120823 346025 242104 370986 465725 1.00919e+06 684301 760049 736594 606041 407405 246214 102259 64396.6 65531.2 79901.8 109867 122525 170010 252414 237170 408751 551829 724100 718936 712930
pelacesobs
 0 0 0 0 0 0 0 0 0 2.06254e+06 1.5e+06 0 1.87456e+06 323000 250000 174000 83755 137374 0 501740 490994 745055 786931 1.00524e+06 1.33801e+06 1.41789e+06 0
pelacespred
 1.9215e+06 385323 741012 767842 1.0473e+06 976378 2.70472e+06 2.12663e+06 2.18394e+06 2.09257e+06 1.45341e+06 1.00963e+06 630180 206403 141644 148399 188095 269128 291585 412445 699464 605915 862991 1.3412e+06 1.66673e+06 1.81937e+06 1.74384e+06
mphobs
 0 0 0 0 0 0 112323 0 153150 637223 0 255016 313432 73983 77613 109348 50772 17779 17303 59886 28197 0 207744 136588 643089 65757 70829
mphpred
 137576 80227.8 95705.4 104076 116266 189381 284507 341637 294648 304365 292387 200023 117237 59776.6 24470 21225.8 24097.8 33806.5 45986.3 51350 81974.7 101733 123754 185853 257566 271228 261639
desembarqueobs
 350755 77701 442110 56441 14545 235359 269955 359681 431902 328805 639364 411747 362871 311530 167758 66681 60226 58785 57116 73181 50977 67692 138656 160484 209506 203330 245020
desembarquepred
 350768 77704.7 442153 56444.9 14545.3 235440 270018 359717 431990 328847 639514 411924 363103 311808 167674 66686.2 60255.6 58786.3 57108.1 73182.6 50979.7 67685.9 138664 160498 209501 203320 245010
Reclutas
 40586.2 48939.9 28057.6 40740.1 70692.6 51827.8 89383.5 84502.5 107200 115933 63720 42600.8 45991 24529.2 15726 14971.9 11044.1 13404.1 15094.6 24141.8 31014.7 39737.3 64687.1 92315.5 44413.6 63883.9 91593.9
log_desv_Rt
 -0.0288173 0.158348 -0.397987 -0.0250311 0.526097 0.215683 0.760691 0.704537 0.94245 1.02077 0.422255 0.0196292 0.0962017 -0.532381 -0.976928 -1.02607 -1.33035 -1.13668 -1.01791 -0.548299 -0.297785 -0.0499538 0.437317 0.792967 0.0613002 0.424823 0.78512
SSB
 468174 273016 325687 354173 395654 644466 942445 1.14984e+06 980074 1.01439e+06 994996 680679 413425 214748 92792.1 80154 94430 125734 161448 189925 286196 346198 433274 620787 941333 1.01839e+06 924944
BT
 1.68051e+06 411973 778170 616985 770828 895979 2.14573e+06 1.95273e+06 1.97869e+06 1.83403e+06 1.62885e+06 1.10703e+06 806648 437277 238621 161704 185205 242364 260278 358831 549345 504048 723694 1.1061e+06 1.37172e+06 1.49743e+06 1.47575e+06
Ftot
 0.90978 0.764819 1.19979 0.234817 0.0431071 0.418269 0.258395 0.512267 0.578666 0.447238 0.885158 0.807137 1.33677 2.6429 2.94357 1.15155 0.812095 0.548297 0.436089 0.442215 0.206095 0.2567 0.308813 0.296507 0.240278 0.225101 0.303836
BD_Bspro_t
 0.915845 0.662541 0.604033 0.445034 0.599143 0.758825 0.715073 0.729934 0.665581 0.630335 0.597502 0.432507 0.320074 0.218894 0.120324 0.126855 0.194627 0.312969 0.426693 0.526888 0.651795 0.74855 0.757691 0.766846 0.788711 0.751723 0.731254
BD_Bspro
 0.542631 0.316436 0.377483 0.4105 0.458578 0.74696 1.09233 1.33271 1.13594 1.17572 1.15324 0.788933 0.479176 0.248901 0.10755 0.0929015 0.109448 0.14573 0.187124 0.220131 0.331712 0.401257 0.502181 0.719516 1.09104 1.18035 1.07205
BD_Bo
 0.410013 0.2391 0.285227 0.310175 0.346503 0.564405 0.825366 1.007 0.858321 0.888377 0.871389 0.596119 0.362066 0.18807 0.0812647 0.0701966 0.0826991 0.110114 0.141391 0.166331 0.250642 0.30319 0.379449 0.543668 0.824393 0.891874 0.81004
BD_Brms
 0.745479 0.434727 0.518595 0.563954 0.630005 1.02619 1.50067 1.83091 1.56058 1.61523 1.58434 1.08385 0.658302 0.341946 0.147754 0.12763 0.150362 0.200207 0.257075 0.30242 0.455713 0.551255 0.689907 0.988487 1.4989 1.62159 1.4728
S_f
 0.113686 0.709057 0.978861 0.998865 0.99994
 0.113686 0.709057 0.978861 0.998865 0.99994
 0.113686 0.709057 0.978861 0.998865 0.99994
 0.113686 0.709057 0.978861 0.998865 0.99994
 0.113686 0.709057 0.978861 0.998865 0.99994
 0.113686 0.709057 0.978861 0.998865 0.99994
 0.113686 0.709057 0.978861 0.998865 0.99994
 0.113686 0.709057 0.978861 0.998865 0.99994
 0.113686 0.709057 0.978861 0.998865 0.99994
 0.113686 0.709057 0.978861 0.998865 0.99994
 0.113686 0.709057 0.978861 0.998865 0.99994
 0.113686 0.709057 0.978861 0.998865 0.99994
 0.113686 0.709057 0.978861 0.998865 0.99994
 0.113686 0.709057 0.978861 0.998865 0.99994
 0.113686 0.709057 0.978861 0.998865 0.99994
 0.113686 0.709057 0.978861 0.998865 0.99994
 0.113686 0.709057 0.978861 0.998865 0.99994
 0.113686 0.709057 0.978861 0.998865 0.99994
 0.113686 0.709057 0.978861 0.998865 0.99994
 0.113686 0.709057 0.978861 0.998865 0.99994
 0.113686 0.709057 0.978861 0.998865 0.99994
 0.113686 0.709057 0.978861 0.998865 0.99994
 0.113686 0.709057 0.978861 0.998865 0.99994
 0.113686 0.709057 0.978861 0.998865 0.99994
 0.113686 0.709057 0.978861 0.998865 0.99994
 0.113686 0.709057 0.978861 0.998865 0.99994
 0.113686 0.709057 0.978861 0.998865 0.99994
Scru_reclas
 0.721769 0.980956 0.999023 0.999951 0.999998
 0.721769 0.980956 0.999023 0.999951 0.999998
 0.721769 0.980956 0.999023 0.999951 0.999998
 0.721769 0.980956 0.999023 0.999951 0.999998
 0.721769 0.980956 0.999023 0.999951 0.999998
 0.721769 0.980956 0.999023 0.999951 0.999998
 0.721769 0.980956 0.999023 0.999951 0.999998
 0.721769 0.980956 0.999023 0.999951 0.999998
 0.721769 0.980956 0.999023 0.999951 0.999998
 0.721769 0.980956 0.999023 0.999951 0.999998
 0.721769 0.980956 0.999023 0.999951 0.999998
 0.721769 0.980956 0.999023 0.999951 0.999998
 0.721769 0.980956 0.999023 0.999951 0.999998
 0.721769 0.980956 0.999023 0.999951 0.999998
 0.721769 0.980956 0.999023 0.999951 0.999998
 0.721769 0.980956 0.999023 0.999951 0.999998
 0.721769 0.980956 0.999023 0.999951 0.999998
 0.721769 0.980956 0.999023 0.999951 0.999998
 0.721769 0.980956 0.999023 0.999951 0.999998
 0.721769 0.980956 0.999023 0.999951 0.999998
 0.721769 0.980956 0.999023 0.999951 0.999998
 0.721769 0.980956 0.999023 0.999951 0.999998
 0.721769 0.980956 0.999023 0.999951 0.999998
 0.721769 0.980956 0.999023 0.999951 0.999998
 0.721769 0.980956 0.999023 0.999951 0.999998
 0.721769 0.980956 0.999023 0.999951 0.999998
 0.721769 0.980956 0.999023 0.999951 0.999998
Scru_pelaces
 1 1 1 1 1
 1 1 1 1 1
 1 1 1 1 1
 1 1 1 1 1
 1 1 1 1 1
 1 1 1 1 1
 1 1 1 1 1
 1 1 1 1 1
 1 1 1 1 1
 1 1 1 1 1
 1 1 1 1 1
 1 1 1 1 1
 1 1 1 1 1
 1 1 1 1 1
 1 1 1 1 1
 1 1 1 1 1
 1 1 1 1 1
 1 1 1 1 1
 1 1 1 1 1
 1 1 1 1 1
 1 1 1 1 1
 1 1 1 1 1
 1 1 1 1 1
 1 1 1 1 1
 1 1 1 1 1
 1 1 1 1 1
 1 1 1 1 1
pf_obs 
 0.256992 0.487395 0.22802 0.0275931 0
 0.321318 0.546541 0.124235 0.00734118 0.000564706
 0.182869 0.594174 0.210203 0.0122559 0.00049798
 0.330522 0.361315 0.267642 0.0388342 0.00168674
 0.649043 0.306663 0.0425973 0.00169635 0
 0.582887 0.30429 0.105238 0.00758474 0
 0.465427 0.430635 0.0974691 0.00646863 0
 0.296916 0.608066 0.0921331 0.00288517 0
 0.311714 0.524322 0.152257 0.0117073 0
 0.15457 0.633149 0.183074 0.0267441 0.00246327
 0.131901 0.49318 0.331252 0.0422183 0.00144891
 0.196976 0.569456 0.194076 0.0375587 0.00193317
 0.518974 0.381816 0.0799577 0.0180837 0.00116848
 0.0928022 0.601141 0.25162 0.0475244 0.00691264
 0.122501 0.610282 0.24278 0.0234846 0.000952079
 0.383417 0.481906 0.127806 0.00687128 0
 0.0376549 0.599619 0.316969 0.0457579 0
 0.0361596 0.667082 0.258105 0.0386534 0
 0.158088 0.579412 0.248529 0.0139706 0
 0.0477256 0.309471 0.559284 0.082774 0.000745712
 0.0406174 0.521527 0.379366 0.0568643 0.0016247
 0.151134 0.462217 0.34131 0.0453401 0
 0.294876 0.26143 0.354403 0.0886775 0.000613685
 0.281977 0.475581 0.204845 0.0348837 0.00271318
 0.0841818 0.532909 0.334909 0.0458182 0.00218182
 0.115287 0.27431 0.454777 0.147771 0.00785563
 0 0 0 0 0
pf_pred 
 0.336859 0.45508 0.186046 0.0220007 1.44821e-05
 0.293207 0.561678 0.112689 0.0290887 0.00333739
 0.167645 0.622567 0.179931 0.0233356 0.00652148
 0.259715 0.454867 0.237585 0.0412279 0.00660427
 0.277511 0.476859 0.169934 0.0632422 0.0124546
 0.150664 0.569305 0.203706 0.0531277 0.023197
 0.243269 0.389711 0.274444 0.0677931 0.0247829
 0.191525 0.535191 0.164406 0.0818776 0.0269993
 0.232894 0.463682 0.225989 0.0470641 0.0303716
 0.218605 0.523156 0.17982 0.058804 0.0196146
 0.129955 0.559857 0.232335 0.0546229 0.023229
 0.135021 0.463228 0.297901 0.0783875 0.0254629
 0.227408 0.433371 0.218602 0.090129 0.0304893
 0.212471 0.601867 0.128376 0.0374129 0.0198735
 0.299664 0.579262 0.106905 0.00997646 0.00419286
 0.333494 0.588316 0.0720472 0.00546465 0.00067883
 0.208805 0.629181 0.150014 0.0110859 0.000913194
 0.241311 0.488911 0.231495 0.0355237 0.00275856
 0.225495 0.521469 0.184586 0.0589523 0.00949833
 0.280311 0.461585 0.193871 0.0471685 0.0170649
 0.244316 0.531 0.162543 0.0469633 0.0151779
 0.224084 0.495213 0.21584 0.0472065 0.0176558
 0.267276 0.456196 0.197589 0.0610133 0.0179255
 0.259707 0.504203 0.165896 0.0504861 0.0197076
 0.102186 0.597733 0.226039 0.0523835 0.021659
 0.164131 0.32443 0.377475 0.101464 0.0325004
 0.219208 0.426868 0.167255 0.13857 0.0480995
pobs_RECLAS
 0 0 0 0 0
 0 0 0 0 0
 0 0 0 0 0
 0 0 0 0 0
 0.835266 0.146461 0.0176864 0.000547809 3.91292e-05
 0.385257 0.428462 0.181853 0.0044286 0
 0.867414 0.0963971 0.0333333 0.00285562 0
 0.441836 0.489002 0.0689373 0.000224442 0
 0.779404 0.147425 0.0564933 0.0165055 0.000172143
 0.814271 0.122319 0.05973 0.00367925 0
 0.40263 0.566651 0.0304383 0.000280538 0
 0.475488 0.404961 0.113038 0.00651328 0
 0.955842 0.0263864 0.0167828 0.000988607 0
 0.975058 0.0227948 0.00214734 0 0
 0.738997 0.206755 0.0527124 0.00153531 0
 0.850938 0.134255 0.0134407 0.00136685 0
 0.542534 0.407297 0.0501686 0 0
 0.764087 0.199537 0.0359546 0.000420521 0
 0.470689 0.182191 0.310203 0.0369168 0
 0.84361 0.089868 0.0606195 0.00523954 0.000663233
 0.607945 0.314616 0.071237 0.00620181 0
 0.523733 0.453247 0.0230204 0 0
 0.530135 0.295979 0.169645 0.0042399 0
 0.562478 0.366248 0.0663022 0.0049721 0
 0.250443 0.683176 0.0655157 0.000865301 0
 0.195077 0.31981 0.436473 0.0351445 0.0134964
 0.565238 0.351407 0.0832357 0.000118908 0
ppred_RECLAS
 0.728603 0.204535 0.0599234 0.00693453 4.55941e-06
 0.677279 0.272227 0.0393962 0.00995718 0.00114112
 0.517039 0.390398 0.0796481 0.0100961 0.00281807
 0.644404 0.243689 0.0934598 0.0159022 0.00254469
 0.660066 0.246782 0.064831 0.0236649 0.00465564
 0.476672 0.385543 0.100785 0.0257631 0.0112369
 0.631653 0.218259 0.112794 0.0273186 0.00997627
 0.551044 0.327969 0.0733809 0.0358105 0.0117958
 0.616399 0.260423 0.0922297 0.0188179 0.0121304
 0.590091 0.301828 0.0757245 0.0242695 0.00808659
 0.444199 0.398324 0.118597 0.0272885 0.0115914
 0.462174 0.331785 0.153627 0.0395744 0.0128405
 0.628402 0.240744 0.0850381 0.0342457 0.0115703
 0.628685 0.311161 0.0420064 0.0118592 0.00628878
 0.732011 0.237566 0.0269696 0.00243252 0.00102046
 0.717426 0.258317 0.022391 0.00166029 0.000205995
 0.572426 0.360801 0.0619246 0.0044799 0.000368609
 0.623809 0.268661 0.0925369 0.0139132 0.00107924
 0.599224 0.296348 0.076594 0.0239753 0.00385874
 0.668884 0.235476 0.0722015 0.0172165 0.00622201
 0.619138 0.290909 0.0654307 0.0185377 0.00598488
 0.597336 0.284754 0.0910815 0.0195318 0.00729745
 0.653785 0.240139 0.076227 0.0230763 0.00677255
 0.640745 0.267851 0.06461 0.0192771 0.00751704
 0.36686 0.463235 0.12861 0.0292242 0.0120707
 0.521166 0.222526 0.190153 0.0501184 0.0160368
 0.598366 0.250809 0.0720308 0.0585074 0.0202872
pobs_PELACES
 0 0 0 0 0
 0 0 0 0 0
 0 0 0 0 0
 0 0 0 0 0
 0 0 0 0 0
 0 0 0 0 0
 0 0 0 0 0
 0 0 0 0 0
 0 0 0 0 0
 0 0 0 0 0
 0.450072 0.473896 0.0757376 0.000293798 0
 0 0 0 0 0
 0.463077 0.371075 0.160297 0.00555027 0
 0.529543 0.364841 0.0842815 0.0213345 0
 0.631943 0.363953 0.00410389 0 0
 0.735681 0.248677 0.0153453 0.000297389 0
 0.695825 0.281241 0.0229344 0 0
 0.275771 0.60734 0.115278 0.00161068 0
 0 0 0 0 0
 0.896147 0.0623911 0.0374545 0.00400742 0
 0.803859 0.145111 0.0509908 3.86294e-05 0
 0.739449 0.233085 0.0266225 0.000797448 4.60066e-05
 0.878498 0.100942 0.0204185 0.000141795 0
 0.694673 0.275183 0.0284847 0.00165964 0
 0.469039 0.446079 0.0841089 0.000773354 0
 0.822795 0.102175 0.0682046 0.00682512 0
 0 0 0 0 0
ppred_PELACES
 0.817101 0.141147 0.0374452 0.00430335 2.82838e-06
 0.770582 0.196097 0.0260312 0.00654006 0.000749267
 0.653336 0.286745 0.0516232 0.00648607 0.00180956
 0.723077 0.192121 0.0708529 0.0120258 0.00192413
 0.728096 0.198603 0.0510342 0.0186062 0.0036602
 0.576932 0.316254 0.0782096 0.0199187 0.00868605
 0.713771 0.172486 0.0855361 0.0206623 0.00754446
 0.652401 0.258345 0.0542271 0.0263494 0.00867739
 0.714442 0.198224 0.0654707 0.0132949 0.00856801
 0.684454 0.235924 0.0558509 0.0178307 0.00593997
 0.570428 0.316287 0.0854603 0.0195313 0.00829335
 0.586123 0.264191 0.111787 0.0286169 0.00928211
 0.758075 0.16433 0.050601 0.0201798 0.00681438
 0.800647 0.173473 0.0181737 0.00503733 0.00266861
 0.871955 0.116773 0.0100158 0.000885171 0.000370931
 0.813765 0.171935 0.0132079 0.000971043 0.000120424
 0.683912 0.270398 0.0423908 0.00304752 0.000250667
 0.718935 0.204554 0.0658855 0.00986115 0.000764739
 0.692014 0.231135 0.0564249 0.0175949 0.00283126
 0.752766 0.17876 0.0517423 0.0122907 0.0044409
 0.69886 0.232019 0.0503098 0.0142211 0.00459072
 0.682149 0.227497 0.0698368 0.0149368 0.00557991
 0.734439 0.186802 0.0566449 0.0170974 0.00501705
 0.722132 0.209543 0.048338 0.0143806 0.00560682
 0.454865 0.403116 0.107568 0.0243816 0.0100692
 0.612162 0.183997 0.151323 0.0397879 0.0127296
 0.686222 0.199372 0.0547224 0.0443184 0.0153649
pobs_pel_tallas
 0 0 0 0 0 0 0 0 0 0 0 0 0 0 0 0 0 0 0 0 0 0 0 0 0 0 0 0 0 0 0 0 0 0 0 0
 0 0 0 0 0 0 0 0 0 0 0 0 0 0 0 0 0 0 0 0 0 0 0 0 0 0 0 0 0 0 0 0 0 0 0 0
 0 0 0 0 0 0 0 0 0 0 0 0 0 0 0 0 0 0 0 0 0 0 0 0 0 0 0 0 0 0 0 0 0 0 0 0
 0 0 0 0 0 0 0 0 0 0 0 0 0 0 0 0 0 0 0 0 0 0 0 0 0 0 0 0 0 0 0 0 0 0 0 0
 0 0 0 0 0 0 0 0 0 0 0 0 0 0 0 0 0 0 0 0 0 0 0 0 0 0 0 0 0 0 0 0 0 0 0 0
 0 0 0 0 0 0 0 0 0 0 0 0 0 0 0 0 0 0 0 0 0 0 0 0 0 0 0 0 0 0 0 0 0 0 0 0
 0 0 0 0 0 0 0 0 0 0 0 0 0 0 0 0 0 0 0 0 0 0 0 0 0 0 0 0 0 0 0 0 0 0 0 0
 0 0 0 0 0 0 0 0 0 0 0 0 0 0 0 0 0 0 0 0 0 0 0 0 0 0 0 0 0 0 0 0 0 0 0 0
 0 0 0 0 0 0 0 0 0 0 0 0 0 0 0 0 0 0 0 0 0 0 0 0 0 0 0 0 0 0 0 0 0 0 0 0
 0 0 0 0 0 0 0 0 0 0 0 0 0 0 0 0 0 0 0 0 0 0 0 0 0 0 0 0 0 0 0 0 0 0 0 0
 0 0 0 0 0 0 0 0 1.78061e-05 0.00172719 0.00360574 0.0105946 0.0120993 0.0124554 0.0147524 0.0171206 0.0266825 0.0428682 0.0675386 0.121331 0.153587 0.119568 0.100827 0.0573624 0.0630603 0.0341343 0.0324427 0.0444173 0.0211091 0.0280891 0.0125444 0.00206551 0 0 0 0
 0 0 0 0 0 0 0 0 0 0 0 0 0 0 0 0 0 0 0 0 0 0 0 0 0 0 0 0 0 0 0 0 0 0 0 0
 0 0 0 0 0 0 0.0133647 0.0140871 0.0187388 0.0205184 0.03894 0.0496705 0.03968 0.0493445 0.0407372 0.0367815 0.0215668 0.0243155 0.0234873 0.0199281 0.019796 0.0243948 0.0301388 0.0376714 0.0412746 0.0863199 0.0771752 0.113111 0.0741005 0.0525337 0.0229764 0.00759418 0.00175318 0 0 0
 0 0 0 0 0 0 0 0 0 0 0.00219441 0.00772107 0.0458388 0.0604681 0.0671733 0.0775358 0.0609151 0.0617685 0.073594 0.0568108 0.0755445 0.0548602 0.0670107 0.0636378 0.0643287 0.046367 0.0373049 0.0286899 0.0247887 0.0153202 0.00654259 0.00121912 0.000365735 0 0 0
 0 0 0 0 0 0 0 0 0 0 0 0 0.000112435 0.00938835 0.0111873 0.0202946 0.0414886 0.0713402 0.111592 0.104902 0.108894 0.110636 0.117776 0.105296 0.107544 0.0401394 0.0192827 0.0124803 0.00416011 0.0028671 0.000618394 0 0 0 0 0
 0 0 0 0 0 0 0 0 0 0 0.00291406 0.0102884 0.027416 0.0768956 0.0749926 0.110853 0.0956884 0.0897413 0.0766577 0.0534642 0.0500743 0.0551293 0.0594112 0.0620874 0.0668451 0.0424026 0.0208742 0.0120726 0.0048766 0.00582813 0.00118941 0.000297354 0 0 0 0
 0 0.00264628 0.0354308 0.0461629 0.0458689 0.0383711 0.0214643 0.0164657 0.0346957 0.0420465 0.0363128 0.0245516 0.0311673 0.0291091 0.0169068 0.0133784 0.00837989 0.0085269 0.0148486 0.0160247 0.0276389 0.0546898 0.0760071 0.122758 0.109233 0.0665981 0.0333725 0.0166128 0.00676272 0.00308733 0.000882094 0 0 0 0 0
 0 0 0 0 0 0 0 0.000805153 0.000690131 0.00759144 0.0133425 0.0154129 0.00931677 0.000345066 0.00356568 0.00563607 0.00851162 0.0253048 0.0502646 0.0516448 0.0657925 0.0565908 0.0611916 0.0827007 0.0866115 0.110766 0.145733 0.0935128 0.0569358 0.0249597 0.0138026 0.00621118 0.00161031 0.00115022 0 0
 0 0 0 0 0 0 0 0 0 0 0 0 0 0 0 0 0 0 0 0 0 0 0 0 0 0 0 0 0 0 0 0 0 0 0 0
 0.00147267 0.00158595 0.00478618 0.00569244 0.00954404 0.0108468 0.00647125 0.017049 0.0510054 0.094081 0.124002 0.0959785 0.0687766 0.0820023 0.061753 0.0591476 0.0492212 0.0479892 0.0443925 0.0268479 0.0217502 0.0140895 0.0121071 0.0120363 0.00920419 0.00665534 0.0049561 0.00860946 0.00930331 0.0156896 0.0114698 0.00855282 0.00243557 0.00046729 0 2.83206e-05
 0 0 0 0 0.000772559 0.00158375 0.000888443 0.00281984 0.00712685 0.0440552 0.0773331 0.111326 0.0921469 0.0852325 0.0710754 0.0886704 0.0786465 0.0553345 0.0373146 0.0185414 0.00753245 0.00457741 0.012979 0.0271748 0.0457355 0.0583668 0.034881 0.0177882 0.00938659 0.00492506 0.0015258 0.00185414 0.000309023 5.79419e-05 3.86279e-05 0
 0 0.00173294 0.00326652 0 0.00397197 0.00683976 0.00946217 0.0152591 0.00757587 0.0136028 0.0228656 0.0392903 0.0559909 0.0764795 0.0681675 0.0726916 0.0566044 0.0477403 0.0527397 0.0444891 0.0609904 0.0582453 0.0661739 0.0445044 0.0529084 0.0360697 0.0280645 0.0235558 0.0158879 0.00826598 0.00280645 0.00217768 0.000904811 0.00058276 9.20147e-05 0
 0 0 0 0 0 0 0 0 0 0 0 0 0 0 0 0 0 0 0 0 0 0 0 0 0 0 0 0 0 0 0 0 0 0 0 0
 0 0 0 0 0 0 0 0 0 0 0 0 0 0 0 0 0 0 0 0 0 0 0 0 0 0 0 0 0 0 0 0 0 0 0 0
 0 0 0 0 0 0 0 0 0 0 0 0 0 0 0 0 0 0 0 0 0 0 0 0 0 0 0 0 0 0 0 0 0 0 0 0
 0 0 0 0 0 0 0 0 0 0 0 0 0 0 0 0 0 0 0 0 0 0 0 0 0 0 0 0 0 0 0 0 0 0 0 0
 0 0 0 0 0 0 0 0 0 0 0 0 0 0 0 0 0 0 0 0 0 0 0 0 0 0 0 0 0 0 0 0 0 0 0 0
ppred_pel_tallas
 1.00726e-16 3.56479e-05 0.000209233 0.000994614 0.00382935 0.0119415 0.0301632 0.0617176 0.102302 0.137385 0.14949 0.131833 0.0943084 0.0549143 0.0264174 0.0112383 0.00546323 0.00449212 0.00550823 0.00728211 0.00932684 0.0113684 0.0131659 0.0144993 0.0152061 0.0152162 0.0145658 0.0133829 0.0118514 0.0101661 0.00849402 0.00695148 0.00559969 0.0044547 0.00350406 0.00272279
 1.00694e-16 3.36216e-05 0.000197332 0.000938025 0.00361145 0.011262 0.0284468 0.0582062 0.0964836 0.129576 0.141008 0.124388 0.0890586 0.0520109 0.0253076 0.0112581 0.00619651 0.00580093 0.00741236 0.00984139 0.0125677 0.0152448 0.0175448 0.019167 0.0198956 0.0196491 0.018498 0.0166426 0.0143598 0.0119373 0.00961657 0.00755909 0.0058406 0.00446639 0.00339741 0.00257609
 1.01134e-16 2.85129e-05 0.00016733 0.000795377 0.00306218 0.00954908 0.0241204 0.0493546 0.0818148 0.109887 0.119612 0.105583 0.0757474 0.0445449 0.0222501 0.0108761 0.00736975 0.00810603 0.0108356 0.0145033 0.018561 0.0225533 0.0260094 0.0284891 0.0296717 0.0294302 0.0278581 0.0252377 0.0219639 0.0184501 0.0150458 0.011988 0.00939291 0.00727708 0.0055941 0.00427062
 1.01572e-16 3.15501e-05 0.00018517 0.000880208 0.00338884 0.0105678 0.0266934 0.0546184 0.0905368 0.121591 0.132322 0.116733 0.083596 0.0488571 0.0238423 0.0107273 0.00608317 0.00586608 0.00759241 0.0101551 0.0130701 0.0160101 0.0186569 0.02071 0.0219406 0.0222402 0.0216396 0.0202907 0.0184213 0.0162764 0.014069 0.0119511 0.0100088 0.008275 0.00675045 0.00542222
 1.016e-16 3.17692e-05 0.000186456 0.00088632 0.00341237 0.0106411 0.0268787 0.0549976 0.0911656 0.122436 0.133242 0.117547 0.0841823 0.0492072 0.0240267 0.010832 0.00617032 0.00596838 0.00772188 0.0103104 0.0132387 0.0161688 0.018773 0.0207449 0.0218566 0.0220083 0.0212465 0.0197441 0.0177501 0.0155268 0.0132971 0.0112136 0.00935425 0.00773738 0.00634607 0.00515035
 1.02304e-16 2.51825e-05 0.000147775 0.000702404 0.0027042 0.00843273 0.0213006 0.0435854 0.0722532 0.097051 0.105656 0.0933021 0.0670209 0.0395825 0.0200865 0.0103424 0.00768703 0.00894527 0.0121404 0.0163243 0.0209648 0.0255824 0.0296652 0.0327269 0.0344065 0.034548 0.0332313 0.0307388 0.0274745 0.0238645 0.0202701 0.0169385 0.0139953 0.0114679 0.00932466 0.00751104
 1.02333e-16 3.11436e-05 0.000182785 0.000868874 0.0033452 0.0104317 0.0263496 0.053915 0.0893705 0.120023 0.130612 0.115217 0.0824927 0.0481772 0.0234458 0.0104412 0.00577477 0.00545455 0.00703479 0.00943682 0.0122057 0.0150477 0.0176795 0.0198299 0.0212854 0.021933 0.0217779 0.0209291 0.0195614 0.0178675 0.0160174 0.0141358 0.0122993 0.010548 0.00890196 0.00737515
 1.02165e-16 2.84709e-05 0.000167087 0.000794224 0.00305776 0.00953528 0.0240855 0.049283 0.0816953 0.109724 0.119428 0.105406 0.075589 0.044388 0.0220541 0.0105872 0.00692943 0.00745674 0.00992807 0.0133082 0.0170823 0.0208407 0.0241638 0.0266566 0.0280278 0.0281539 0.0271038 0.0251102 0.0225034 0.0196287 0.0167759 0.0141395 0.0118135 0.00981213 0.00810316 0.00663855
 1.01852e-16 3.11738e-05 0.000182961 0.000869702 0.00334839 0.0104416 0.0263747 0.0539665 0.0894565 0.120141 0.130746 0.115347 0.0826137 0.0483034 0.0236102 0.0106873 0.00615016 0.00600558 0.00779958 0.0104348 0.0134258 0.0164383 0.0191462 0.0212417 0.0224923 0.02279 0.0221707 0.020795 0.0188996 0.0167371 0.0145244 0.0124129 0.0104843 0.00876512 0.00724902 0.00591761
 1.0176e-16 2.98677e-05 0.000175289 0.000833224 0.00320792 0.0100036 0.0252683 0.051703 0.0857058 0.115108 0.125279 0.11055 0.0792334 0.0464391 0.0229076 0.0107214 0.00665624 0.00689865 0.00909578 0.0121746 0.0156254 0.019064 0.022104 0.0243826 0.0256311 0.0257343 0.0247528 0.0228979 0.0204714 0.0177908 0.0151248 0.0126563 0.0104773 0.00860639 0.00701848 0.00567203
 1.02375e-16 2.4899e-05 0.000146111 0.000694489 0.00267373 0.0083377 0.0210606 0.0430942 0.0714391 0.095958 0.104467 0.0922549 0.0662743 0.039153 0.0198898 0.0102763 0.00768194 0.00896987 0.0121873 0.0163972 0.0210718 0.0257329 0.0298689 0.0329924 0.0347393 0.0349494 0.0336973 0.031259 0.0280331 0.0244411 0.0208423 0.0174842 0.0144951 0.0119073 0.00969524 0.00781056
 1.0309e-16 2.55813e-05 0.000150121 0.000713566 0.0027472 0.00856681 0.0216392 0.0442778 0.0733995 0.0985861 0.107314 0.0947375 0.0679878 0.040025 0.020075 0.00995538 0.00694192 0.00780026 0.0105317 0.0142083 0.0183527 0.0225639 0.0264161 0.0294975 0.0314887 0.0322288 0.0317427 0.0302172 0.0279401 0.025224 0.0223412 0.0194869 0.0167752 0.0142561 0.0119442 0.00984174
 1.01784e-16 3.3075e-05 0.000194125 0.000922788 0.00355279 0.0110791 0.0279848 0.0572606 0.0949155 0.127468 0.138708 0.122345 0.0875666 0.0510802 0.0247451 0.0108244 0.00570502 0.00513431 0.00650544 0.00867091 0.0111558 0.0136671 0.0159326 0.0176984 0.0187729 0.0190671 0.0186103 0.0175339 0.0160307 0.0143056 0.0125328 0.0108321 0.00926639 0.00785407 0.0065886 0.00545574
 1.00613e-16 3.49317e-05 0.000205025 0.000974604 0.00375229 0.0117012 0.0295563 0.060476 0.100245 0.134625 0.146495 0.12921 0.0924728 0.0539271 0.0260946 0.0113609 0.00590309 0.00522058 0.00654906 0.00866415 0.0110519 0.013393 0.0153949 0.0167927 0.0173971 0.0171392 0.0160849 0.0144153 0.0123791 0.010233 0.00819161 0.00639697 0.00491351 0.00374209 0.00284374 0.00216323
 1.00229e-16 3.80387e-05 0.000223271 0.00106136 0.00408635 0.0127429 0.0321876 0.0658593 0.109166 0.146599 0.159508 0.140646 0.100567 0.0584642 0.0279481 0.0115833 0.00517462 0.00379773 0.00444003 0.00579684 0.00737315 0.00891791 0.0102271 0.0111211 0.0114733 0.0112392 0.0104661 0.00927999 0.00785276 0.00636195 0.00495594 0.00373319 0.0027383 0.00197135 0.00140392 0.000995388
 1.00283e-16 3.55036e-05 0.000208383 0.000990569 0.00381376 0.0118929 0.0300405 0.0614666 0.101887 0.13683 0.148893 0.131322 0.0939774 0.0547909 0.0264869 0.0114871 0.00590312 0.00515742 0.00643835 0.00850092 0.0108243 0.0130877 0.0149995 0.0162966 0.0167936 0.0164255 0.0152639 0.0134958 0.0113761 0.00916795 0.00709093 0.00529066 0.00383273 0.00271644 0.00189869 0.00131801
 1.00807e-16 2.98455e-05 0.000175155 0.000832581 0.00320544 0.00999581 0.0252488 0.0516632 0.0856408 0.115023 0.125195 0.110493 0.0792316 0.0465159 0.0230896 0.0110458 0.00717393 0.0076681 0.0101708 0.013587 0.0173675 0.0210735 0.024259 0.0265088 0.0275231 0.0271864 0.0255934 0.0230182 0.0198419 0.016462 0.0132141 0.0103254 0.0079055 0.00596686 0.0044601 0.00330867
 1.01377e-16 3.137e-05 0.000184112 0.000875174 0.00336945 0.0105073 0.0265406 0.054306 0.0900194 0.120897 0.13157 0.116077 0.0831417 0.048623 0.0237865 0.0108007 0.00626073 0.00614877 0.0079936 0.0106867 0.0137323 0.0167847 0.0195051 0.0215746 0.0227532 0.0229317 0.022152 0.0205866 0.0184889 0.01613 0.0137436 0.011495 0.00947458 0.00771236 0.00620059 0.00491535
 1.01614e-16 3.01972e-05 0.000177224 0.000842422 0.00324334 0.010114 0.0255473 0.0522737 0.0866517 0.116377 0.126659 0.111764 0.0800939 0.0469246 0.0231122 0.0107585 0.00660045 0.00677999 0.00891789 0.011932 0.0153132 0.0186824 0.0216603 0.0238905 0.025109 0.025202 0.0242281 0.022394 0.0199957 0.017345 0.0147069 0.0122627 0.0101049 0.008254 0.00668719 0.00536477
 1.01423e-16 3.28441e-05 0.000192768 0.000916334 0.00352794 0.0110015 0.027789 0.0568601 0.0942521 0.126578 0.137744 0.121503 0.0869824 0.0507768 0.0246678 0.010909 0.00591859 0.00547704 0.00699438 0.00932264 0.0119736 0.0146328 0.0170031 0.0188073 0.0198382 0.0200029 0.0193405 0.0180032 0.0162126 0.0142038 0.0121776 0.0102732 0.00856387 0.00706994 0.0057801 0.0046707
 1.01493e-16 3.04957e-05 0.000178976 0.000850754 0.00327542 0.0102141 0.0258 0.0527908 0.0875087 0.117528 0.127911 0.112867 0.0808816 0.0473801 0.0233251 0.0108379 0.00662147 0.00677752 0.00890158 0.0118994 0.0152562 0.0185897 0.0215185 0.0236859 0.0248293 0.0248388 0.0237794 0.0218652 0.0194003 0.0167037 0.0140449 0.0116075 0.00948225 0.00768564 0.0061886 0.0049443
 1.0184e-16 2.97669e-05 0.000174698 0.000830415 0.00319711 0.00996986 0.0251831 0.0515286 0.0854166 0.114719 0.124854 0.110172 0.0789549 0.0462611 0.0227927 0.0106231 0.00653763 0.00673571 0.00887529 0.0118932 0.0152913 0.0186986 0.0217423 0.0240697 0.0254156 0.0256596 0.0248484 0.0231729 0.0209119 0.0183627 0.0157797 0.0133405 0.01114 0.00920676 0.00752961 0.00608167
 1.01687e-16 3.20453e-05 0.000188078 0.000894033 0.00344207 0.0107338 0.0271127 0.0554762 0.0919586 0.1235 0.134396 0.118558 0.0848907 0.0495894 0.024154 0.0107896 0.00600813 0.00569812 0.00733473 0.00979496 0.0125934 0.0154082 0.0179309 0.0198721 0.0210143 0.0212581 0.0206404 0.0193156 0.0175098 0.015463 0.0133804 0.0114042 0.00960992 0.00801968 0.00662454 0.0054042
 1.01511e-16 3.15095e-05 0.000184931 0.000879066 0.00338443 0.010554 0.0266587 0.0545475 0.0904199 0.121435 0.132156 0.116595 0.083516 0.0488476 0.0239067 0.0108717 0.00632261 0.00622244 0.0080863 0.0107962 0.0138483 0.016889 0.0195725 0.0215765 0.0226628 0.0227301 0.0218337 0.020163 0.0179882 0.0155929 0.0132172 0.0110245 0.00909617 0.00744819 0.00605686 0.00488351
 1.02967e-16 1.98634e-05 0.00011654 0.000553887 0.00213235 0.00664939 0.0167962 0.0343696 0.0569806 0.0765511 0.083376 0.0737176 0.0531493 0.031785 0.0168599 0.00987268 0.00879544 0.0111777 0.0154705 0.0208709 0.0268262 0.0327553 0.038011 0.0419727 0.0441773 0.0444214 0.0428013 0.0396708 0.0355395 0.0309466 0.026351 0.0220692 0.0182648 0.0149783 0.0121758 0.00979441
 1.04171e-16 2.67135e-05 0.000156776 0.000745218 0.00286909 0.00894696 0.0225993 0.0462417 0.0766525 0.102947 0.112041 0.0988617 0.0708413 0.0414917 0.0204173 0.00948105 0.00580523 0.00599426 0.00797185 0.0108209 0.0141408 0.017648 0.0210494 0.0240492 0.0263974 0.0279332 0.0286066 0.0284684 0.0276378 0.026261 0.0244777 0.0224032 0.0201288 0.0177314 0.0152856 0.0128694
 1.03083e-16 2.99433e-05 0.000175736 0.000835357 0.00321615 0.0100292 0.0253331 0.0518353 0.085924 0.115398 0.125586 0.110801 0.0793707 0.0464332 0.0227448 0.010379 0.00609056 0.00604962 0.00790302 0.010598 0.0136662 0.0167814 0.0196228 0.0218873 0.0233453 0.0238889 0.02355 0.0224794 0.0208983 0.0190386 0.017093 0.0151887 0.0133865 0.0116992 0.0101162 0.00862504
pSPR Fmed_Fpbrs
0.509533   0.6 0.325
Fs Fmed_Fpbrs
0.64   0.436952 1.46967
SSBpbr Bo_Bmed_Bpbrs
1.14185e+06  524718  628018 314009
Ro
41772.8
SPR SPRFo_SPRFmed_SPRFpbrs
862784 439617 280405
log_Ro
10.46
likeval ReclasPelacesDesembMPH_pf_preclas_ppelaces_ptallas_desvR_qrecl_qpela
 62.4617 18.0748 0.0112772 0.000746562 330.596 211.376 54.76 0 16.809 1.40113e-05 4.04458e-05 7.91371e-15 0 0 0
q_reclas_q_pelaces
0.588357 2.47142
M
0.7
N
 40586.2 10990.6 3574.6 417.059 0.274335
 48939.9 18174.1 2863.25 728.552 83.5242
 28057.6 22279 5247.21 672.539 187.834
 40740.1 12156.4 4725.27 805.149 128.851
 70692.6 19698 5110.82 1864.65 366.827
 51827.8 34933.3 9487.29 2433.09 1061.41
 89383.5 24541.8 12895.3 3128.41 1142.55
 84502.5 43101.6 10146.8 4972.54 1638.31
 107200 39588.7 14884.7 3051.77 1967.75
 115933 49844.5 13042.8 4195.03 1398.05
 63720 54716.7 18025.6 4180.59 1776.56
 42600.8 28613.2 14505.7 3763.48 1221.59
 45991 19300.2 8016.99 3268.94 1105.19
 24529.2 19618.5 3714.59 1075.79 571.262
 15726 9019.63 1495.57 138.795 58.315
 14971.9 5588.29 555.573 41.6342 5.16858
 11044.1 6522.53 1226.49 89.3704 7.35631
 13404.1 5000.65 1821.1 275.058 21.3414
 15094.6 6254.06 1683.36 528.736 85.1141
 24141.8 7133.2 2279.64 545.487 197.175
 31014.7 11400.7 2588.83 734.292 237.081
 39737.3 15044.8 4891.69 1050.71 392.602
 64687.1 19165.4 6227.75 1889.41 554.581
 92315.5 31014.5 7645.69 2285.83 891.451
 44413.6 44323 12481.1 2840.28 1173.24
 63883.9 21460.8 18562.3 4898.92 1567.66
 91593.9 30922.3 9084.95 7394.89 2564.45
pred_Ctot
 2885.22 3897.79 1593.5 188.437 0.12404
 2945.74 5642.97 1132.14 292.244 33.5295
 2593.14 9629.89 2783.19 360.956 100.875
 772.991 1353.82 707.127 122.707 19.6563
 248.61 427.197 152.236 56.6559 11.1576
 1735.66 6558.41 2346.7 612.033 267.23
 1864.02 2986.12 2102.9 519.458 189.897
 3449.68 9639.65 2961.22 1474.75 486.301
 4927.22 9809.88 4781.13 995.712 642.557
 4145.38 9920.52 3409.9 1115.09 371.948
 4412.53 19009.5 7888.77 1854.68 788.723
 2700.41 9264.56 5958.01 1567.75 509.257
 4704.25 8964.88 4522.08 1864.44 630.713
 4657.87 13194.3 2814.3 820.179 435.674
 3278.93 6338.29 1169.76 109.163 45.8784
 1331.26 2348.47 287.601 21.8141 2.70978
 704.196 2121.92 505.924 37.3874 3.07975
 584.642 1184.52 560.86 86.0659 6.68336
 526.569 1217.72 431.04 137.664 22.1802
 853.748 1405.86 590.476 143.662 51.9747
 517.226 1124.15 344.11 99.423 32.1323
 823.325 1819.5 793.036 173.445 64.8706
 1608.16 2744.86 1188.87 367.108 107.855
 2204.91 4280.7 1408.46 428.628 167.318
 862.053 5042.54 1906.89 441.913 182.718
 1162.52 2297.91 2673.62 718.663 230.198
 2240.94 4363.83 1709.83 1416.59 491.717
F
 0.103429 0.645086 0.890548 0.908747 0.909726
 0.0869494 0.542301 0.748652 0.763951 0.764774
 0.136399 0.850718 1.17442 1.19843 1.19972
 0.0266955 0.166499 0.229853 0.234551 0.234803
 0.00490069 0.0305654 0.0421959 0.0430582 0.0431046
 0.0475515 0.296577 0.409427 0.417795 0.418244
 0.0293759 0.183217 0.252932 0.258101 0.258379
 0.0582377 0.363227 0.501438 0.511686 0.512237
 0.0657864 0.410308 0.566434 0.578009 0.578632
 0.0508447 0.317117 0.437783 0.44673 0.447211
 0.10063 0.627628 0.866447 0.884153 0.885105
 0.0917603 0.572306 0.790074 0.806221 0.807089
 0.151972 0.947847 1.30851 1.33525 1.33669
 0.300461 1.87396 2.58703 2.6399 2.64274
 0.334643 2.08716 2.88134 2.94023 2.94339
 0.130916 0.816518 1.12721 1.15025 1.15148
 0.092324 0.575822 0.794928 0.811173 0.812047
 0.0623338 0.388774 0.536706 0.547674 0.548264
 0.0495773 0.309212 0.42687 0.435594 0.436063
 0.0502737 0.313556 0.432866 0.441713 0.442188
 0.0234302 0.146133 0.201738 0.205861 0.206083
 0.0291832 0.182015 0.251273 0.256408 0.256684
 0.0351078 0.218966 0.302285 0.308462 0.308794
 0.0337087 0.21024 0.290239 0.29617 0.296489
 0.0273163 0.170371 0.235199 0.240006 0.240264
 0.0255909 0.159609 0.220342 0.224845 0.225087
 0.034542 0.215437 0.297413 0.303491 0.303818
Np
 30987.8 14642.4 16006.6 4008.13 1420.47
YTP_r0W_actual
 26251.5 130274 73164.5 77332.7 29786.9
YTP_p0W_proyectada
 8881.36 185117 99696.5 35041.5 43028.3
 8881.36 61687.7 128907 41915.3 16499.2
CTP_r0_actual
 3201.41 6031.21 2330.08 1928.5 669.369
CTP_p0_proyectada
 1083.09 8570.22 3175.05 873.852 966.929
 1083.09 2855.91 4105.31 1045.27 370.77
Wmedp
 8.2 21.6 31.4 40.1 44.5
nmprior
 10.8 10.6 4.6 0
nm_flota  nm_reclas  nm_pelaces    nm_pelaL
inf 18.5393 17.3887 54.4971
cv_recla  cv_pelaces  cv_mph
0.684443 0.465723 0.730246
 ------------------------------------------------
Talla a la edad & desviaci?n 
 7.2 14.2025 17.0495 18.207 18.6776
 1.08 2.13037 2.55742 2.73105 2.80164
