years
 1997 1998 1999 2000 2001 2002 2003 2004 2005 2006 2007 2008 2009 2010 2011 2012 2013 2014 2015 2016 2017 2018 2019 2020 2021 2022 2023
reclasobs
 0 0 0 370054 412103 1.49427e+06 250295 1.28982e+06 931140 785840 897777 1.04006e+06 184774 17550 25797 100020 73551 82996 120727 218422 84188 347160 605670 569463 516374 1.08416e+06 1.01767e+06
reclaspred
 455870 130389 422985 299412 413958 498468 1.07345e+06 699345 748125 656681 512292 339281 205855 91212.5 62498.8 65080.1 82714.4 117180 128506 181527 259448 237359 413193 567957 719424 727307 751841
pelacesobs
 0 0 0 0 0 0 0 0 0 2.06254e+06 1.5e+06 0 1.87456e+06 323000 250000 174000 83755 137374 0 501740 490994 745055 786931 1.00524e+06 1.33801e+06 1.41789e+06 0
pelacespred
 1.85994e+06 451593 897746 969576 1.15207e+06 1.13184e+06 2.78729e+06 2.2736e+06 2.1434e+06 1.89532e+06 1.30305e+06 886406 535086 191341 133811 150068 200187 289646 322057 449857 718348 633727 903857 1.40132e+06 1.74525e+06 1.93769e+06 1.9166e+06
mphobs
 0 0 0 0 0 0 112323 0 153150 637223 0 255016 313432 73983 77613 109348 50772 17779 17303 59886 28197 0 207744 136588 643089 65757 70829
mphpred
 128756 83553.4 106852 136069 136032 202572 310626 356518 299097 289829 255987 175111 103207 52736.2 23255.2 20410 24793.1 36165.9 49114.5 55258.4 85629.5 102609 125568 189137 263179 281988 275623
desembarqueobs
 350755 77701 442110 56441 14545 235359 269955 359681 431902 328805 639364 411747 362871 311530 167758 66681 60226 58785 57116 73181 50977 67692 138656 160484 209506 203330 245020
desembarquepred
 350767 77705.4 442163 56443.5 14545.2 235408 269992 359716 431984 328864 639684 412048 363282 312025 167795 66695.9 60251.2 58788.8 57113.4 73184.2 50978.7 67688.4 138662 160493 209503 203326 245014
Reclutas
 58343.1 72080.4 44448.7 64370.7 108285 81543.8 126309 113943 132090 126879 65188.5 40831.1 43375.9 23687.9 17597.5 20055.5 15848.4 19278.6 21897.7 36278 45218.7 58461.6 96908.8 138365 65032.7 95928.9 144152
log_desv_Rt
 0.0340964 0.245538 -0.23791 0.132414 0.652525 0.368895 0.80649 0.703451 0.851239 0.810992 0.145039 -0.322802 -0.26234 -0.867281 -1.16449 -1.03374 -1.26918 -1.07325 -0.945861 -0.441033 -0.220734 0.0361249 0.541525 0.897654 0.142645 0.531362 0.938623
SSB
 698425 453229 579613 738097 737895 1.09884e+06 1.64458e+06 1.91599e+06 1.59155e+06 1.54347e+06 1.38858e+06 949877 576177 298077 136532 120363 150823 211351 273642 321872 475621 556597 698618 1.009e+06 1.52369e+06 1.67286e+06 1.54634e+06
BT
 2.418e+06 647013 1.26609e+06 1.16737e+06 1.32695e+06 1.47942e+06 3.36629e+06 3.00676e+06 2.84436e+06 2.48397e+06 2.07029e+06 1.39315e+06 966970 515533 293337 226001 277491 377820 416584 573158 862235 787633 1.12856e+06 1.73076e+06 2.15442e+06 2.38956e+06 2.3966e+06
Ftot
 0.441415 0.335433 0.472663 0.0900047 0.0187803 0.191956 0.120722 0.241218 0.279444 0.232279 0.501613 0.477966 0.77295 1.40746 1.39372 0.532745 0.368778 0.248147 0.199784 0.204315 0.0964073 0.127921 0.15269 0.142321 0.11785 0.11749 0.14919
BD_Bspro_t
 0.947849 0.765631 0.733979 0.621179 0.733375 0.84336 0.813845 0.818998 0.76381 0.721342 0.677177 0.51751 0.40009 0.286856 0.171838 0.18452 0.287183 0.443668 0.565524 0.658559 0.758173 0.827895 0.834648 0.841832 0.856493 0.830596 0.818324
BD_Bspro
 0.599693 0.389159 0.497677 0.633757 0.633584 0.943504 1.41209 1.64514 1.36657 1.32528 1.19229 0.815599 0.494726 0.25594 0.117232 0.103348 0.129502 0.181473 0.234959 0.276371 0.408385 0.477914 0.599859 0.866363 1.3083 1.43638 1.32775
BD_Bo
 0.326395 0.211808 0.270871 0.344935 0.344841 0.513521 0.768561 0.895401 0.743781 0.721308 0.648925 0.443906 0.269265 0.1393 0.0638056 0.0562492 0.0704842 0.0987705 0.127881 0.15042 0.222272 0.260114 0.326485 0.471535 0.712068 0.781778 0.722653
BD_Brms
 0.593446 0.385105 0.492492 0.627154 0.626983 0.933674 1.39738 1.628 1.35233 1.31147 1.17986 0.807102 0.489572 0.253273 0.11601 0.102271 0.128153 0.179583 0.232511 0.273492 0.404131 0.472935 0.593609 0.857337 1.29467 1.42141 1.31392
S_f
 0.180727 1 1 1 1
 0.180727 1 1 1 1
 0.180727 1 1 1 1
 0.180727 1 1 1 1
 0.180727 1 1 1 1
 0.180727 1 1 1 1
 0.180727 1 1 1 1
 0.180727 1 1 1 1
 0.180727 1 1 1 1
 0.180727 1 1 1 1
 0.180727 1 1 1 1
 0.180727 1 1 1 1
 0.180727 1 1 1 1
 0.180727 1 1 1 1
 0.180727 1 1 1 1
 0.180727 1 1 1 1
 0.180727 1 1 1 1
 0.180727 1 1 1 1
 0.180727 1 1 1 1
 0.180727 1 1 1 1
 0.180727 1 1 1 1
 0.180727 1 1 1 1
 0.180727 1 1 1 1
 0.180727 1 1 1 1
 0.180727 1 1 1 1
 0.180727 1 1 1 1
 0.180727 1 1 1 1
Scru_reclas
 0.910614 1 1 1 1
 0.910614 1 1 1 1
 0.910614 1 1 1 1
 0.910614 1 1 1 1
 0.910614 1 1 1 1
 0.910614 1 1 1 1
 0.910614 1 1 1 1
 0.910614 1 1 1 1
 0.910614 1 1 1 1
 0.910614 1 1 1 1
 0.910614 1 1 1 1
 0.910614 1 1 1 1
 0.910614 1 1 1 1
 0.910614 1 1 1 1
 0.910614 1 1 1 1
 0.910614 1 1 1 1
 0.910614 1 1 1 1
 0.910614 1 1 1 1
 0.910614 1 1 1 1
 0.910614 1 1 1 1
 0.910614 1 1 1 1
 0.910614 1 1 1 1
 0.910614 1 1 1 1
 0.910614 1 1 1 1
 0.910614 1 1 1 1
 0.910614 1 1 1 1
 0.910614 1 1 1 1
Scru_pelaces
 1 1 1 1 1
 1 1 1 1 1
 1 1 1 1 1
 1 1 1 1 1
 1 1 1 1 1
 1 1 1 1 1
 1 1 1 1 1
 1 1 1 1 1
 1 1 1 1 1
 1 1 1 1 1
 1 1 1 1 1
 1 1 1 1 1
 1 1 1 1 1
 1 1 1 1 1
 1 1 1 1 1
 1 1 1 1 1
 1 1 1 1 1
 1 1 1 1 1
 1 1 1 1 1
 1 1 1 1 1
 1 1 1 1 1
 1 1 1 1 1
 1 1 1 1 1
 1 1 1 1 1
 1 1 1 1 1
 1 1 1 1 1
 1 1 1 1 1
pf_obs 
 0.256992 0.487395 0.22802 0.0275931 0
 0.321318 0.546541 0.124235 0.00734118 0.000564706
 0.182869 0.594174 0.210203 0.0122559 0.00049798
 0.330522 0.361315 0.267642 0.0388342 0.00168674
 0.649043 0.306663 0.0425973 0.00169635 0
 0.582887 0.30429 0.105238 0.00758474 0
 0.465427 0.430635 0.0974691 0.00646863 0
 0.296916 0.608066 0.0921331 0.00288517 0
 0.311714 0.524322 0.152257 0.0117073 0
 0.15457 0.633149 0.183074 0.0267441 0.00246327
 0.131901 0.49318 0.331252 0.0422183 0.00144891
 0.196976 0.569456 0.194076 0.0375587 0.00193317
 0.518974 0.381816 0.0799577 0.0180837 0.00116848
 0.0928022 0.601141 0.25162 0.0475244 0.00691264
 0.122501 0.610282 0.24278 0.0234846 0.000952079
 0.383417 0.481906 0.127806 0.00687128 0
 0.0376549 0.599619 0.316969 0.0457579 0
 0.0361596 0.667082 0.258105 0.0386534 0
 0.158088 0.579412 0.248529 0.0139706 0
 0.0477256 0.309471 0.559284 0.082774 0.000745712
 0.0406174 0.521527 0.379366 0.0568643 0.0016247
 0.151134 0.462217 0.34131 0.0453401 0
 0.294876 0.26143 0.354403 0.0886775 0.000613685
 0.281977 0.475581 0.204845 0.0348837 0.00271318
 0.0841818 0.532909 0.334909 0.0458182 0.00218182
 0.115287 0.27431 0.454777 0.147771 0.00785563
 0 0 0 0 0
pf_pred 
 0.3662 0.447839 0.166366 0.0195843 1.10444e-05
 0.303952 0.555187 0.0995311 0.0369744 0.00435503
 0.171684 0.611988 0.172549 0.0309338 0.012845
 0.258978 0.436803 0.224768 0.0633731 0.0160788
 0.295155 0.471115 0.137774 0.0708953 0.0250604
 0.170921 0.580632 0.166061 0.0485633 0.0338229
 0.252723 0.414727 0.232896 0.0666082 0.0330457
 0.195296 0.53454 0.149937 0.0841993 0.036028
 0.225955 0.464774 0.205439 0.0576251 0.0462068
 0.205486 0.514843 0.167928 0.0742276 0.0375157
 0.124598 0.538021 0.218622 0.0713088 0.0474504
 0.128226 0.435931 0.267869 0.108847 0.0591276
 0.215948 0.396211 0.19394 0.119171 0.0747297
 0.19587 0.554412 0.126192 0.0617694 0.0617571
 0.2828 0.526562 0.131436 0.0299168 0.0292848
 0.343123 0.536064 0.0886997 0.0221405 0.00997253
 0.221099 0.614156 0.134445 0.0222459 0.00805395
 0.251751 0.487434 0.20565 0.045019 0.0101459
 0.238904 0.514808 0.16044 0.0676902 0.0181576
 0.305923 0.455225 0.161561 0.0503503 0.0269414
 0.261944 0.537602 0.131472 0.0466599 0.0223224
 0.252068 0.50295 0.178445 0.0436393 0.0228972
 0.302175 0.463526 0.157555 0.0559002 0.0208434
 0.28807 0.512596 0.132406 0.0450057 0.0219218
 0.114326 0.624512 0.188039 0.0485713 0.0245514
 0.197363 0.345082 0.322634 0.0971441 0.0377765
 0.257791 0.437578 0.130972 0.122452 0.0512075
pobs_RECLAS
 0 0 0 0 0
 0 0 0 0 0
 0 0 0 0 0
 0 0 0 0 0
 0.835266 0.146461 0.0176864 0.000547809 3.91292e-05
 0.385257 0.428462 0.181853 0.0044286 0
 0.867414 0.0963971 0.0333333 0.00285562 0
 0.441836 0.489002 0.0689373 0.000224442 0
 0.779404 0.147425 0.0564933 0.0165055 0.000172143
 0.814271 0.122319 0.05973 0.00367925 0
 0.40263 0.566651 0.0304383 0.000280538 0
 0.475488 0.404961 0.113038 0.00651328 0
 0.955842 0.0263864 0.0167828 0.000988607 0
 0.975058 0.0227948 0.00214734 0 0
 0.738997 0.206755 0.0527124 0.00153531 0
 0.850938 0.134255 0.0134407 0.00136685 0
 0.542534 0.407297 0.0501686 0 0
 0.764087 0.199537 0.0359546 0.000420521 0
 0.470689 0.182191 0.310203 0.0369168 0
 0.84361 0.089868 0.0606195 0.00523954 0.000663233
 0.607945 0.314616 0.071237 0.00620181 0
 0.523733 0.453247 0.0230204 0 0
 0.530135 0.295979 0.169645 0.0042399 0
 0.562478 0.366248 0.0663022 0.0049721 0
 0.250443 0.683176 0.0655157 0.000865301 0
 0.195077 0.31981 0.436473 0.0351445 0.0134964
 0.565238 0.351407 0.0832357 0.000118908 0
ppred_RECLAS
 0.749712 0.176852 0.0656978 0.00773386 4.36144e-06
 0.691869 0.245774 0.044061 0.016368 0.00192791
 0.51861 0.355667 0.10028 0.0179777 0.00746507
 0.638862 0.212876 0.109541 0.0308849 0.00783603
 0.678647 0.214791 0.0628142 0.0323226 0.0114255
 0.512138 0.341666 0.0977165 0.0285765 0.0199027
 0.631647 0.20443 0.114801 0.032833 0.0162891
 0.553516 0.296586 0.0831915 0.0467174 0.0199899
 0.599201 0.240659 0.106376 0.0298382 0.0239258
 0.569031 0.279266 0.0910895 0.0402633 0.0203497
 0.425823 0.352889 0.143394 0.0467715 0.0311228
 0.433379 0.283339 0.174105 0.0707464 0.0384308
 0.595634 0.204341 0.100022 0.0614613 0.038541
 0.585601 0.285709 0.0650317 0.0318321 0.0318258
 0.695394 0.22364 0.055823 0.0127061 0.0124377
 0.731841 0.218839 0.0362102 0.00903848 0.00407112
 0.594028 0.320105 0.0700744 0.0115948 0.00419782
 0.63228 0.239545 0.101065 0.0221242 0.00498613
 0.615259 0.260241 0.0811038 0.0342181 0.00917886
 0.691939 0.202048 0.0717075 0.0223476 0.0119577
 0.642488 0.260413 0.0636847 0.0226019 0.0108129
 0.630934 0.24818 0.0880536 0.0215338 0.0112986
 0.687471 0.207595 0.0705629 0.0250355 0.00933495
 0.672584 0.235742 0.0608935 0.0206981 0.0100818
 0.395554 0.426211 0.128331 0.0331485 0.0167556
 0.554875 0.191375 0.178926 0.053874 0.02095
 0.638208 0.213298 0.0638425 0.0596895 0.0249612
pobs_PELACES
 0 0 0 0 0
 0 0 0 0 0
 0 0 0 0 0
 0 0 0 0 0
 0 0 0 0 0
 0 0 0 0 0
 0 0 0 0 0
 0 0 0 0 0
 0 0 0 0 0
 0 0 0 0 0
 0.450072 0.473896 0.0757376 0.000293798 0
 0 0 0 0 0
 0.463077 0.371075 0.160297 0.00555027 0
 0.529543 0.364841 0.0842815 0.0213345 0
 0.631943 0.363953 0.00410389 0 0
 0.735681 0.248677 0.0153453 0.000297389 0
 0.695825 0.281241 0.0229344 0 0
 0.275771 0.60734 0.115278 0.00161068 0
 0 0 0 0 0
 0.896147 0.0623911 0.0374545 0.00400742 0
 0.803859 0.145111 0.0509908 3.86294e-05 0
 0.739449 0.233085 0.0266225 0.000797448 4.60066e-05
 0.878498 0.100942 0.0204185 0.000141795 0
 0.694673 0.275183 0.0284847 0.00165964 0
 0.469039 0.446079 0.0841089 0.000773354 0
 0.822795 0.102175 0.0682046 0.00682512 0
 0 0 0 0 0
ppred_PELACES
 0.787523 0.150135 0.055773 0.00656553 3.70257e-06
 0.729719 0.215584 0.0386487 0.0143574 0.00169109
 0.57344 0.315157 0.0888582 0.01593 0.00661481
 0.665611 0.197109 0.101427 0.0285973 0.00725563
 0.699785 0.200662 0.0586824 0.0301965 0.010674
 0.548372 0.31629 0.090459 0.0264541 0.0184245
 0.660509 0.188412 0.105806 0.0302604 0.0150128
 0.592362 0.270781 0.0759534 0.0426528 0.0182507
 0.639069 0.216721 0.0957947 0.0268701 0.0215459
 0.606908 0.254722 0.0830838 0.0367246 0.0185612
 0.482591 0.317999 0.129217 0.0421472 0.0280457
 0.488697 0.255677 0.157107 0.0638396 0.0346788
 0.665949 0.168809 0.0826295 0.0507739 0.0318391
 0.69423 0.210815 0.0479846 0.0234878 0.0234831
 0.785144 0.157745 0.0393751 0.00896235 0.00877302
 0.775851 0.182923 0.0302673 0.00755508 0.00340297
 0.639681 0.284108 0.0621942 0.0102909 0.00372575
 0.668794 0.215759 0.0910295 0.0199273 0.00449101
 0.649563 0.237037 0.0738723 0.0311671 0.00836044
 0.722736 0.181849 0.0645388 0.0201135 0.0107623
 0.66949 0.240744 0.0588747 0.0208948 0.00999621
 0.660259 0.228461 0.0810572 0.0198228 0.0104008
 0.715702 0.188843 0.064189 0.0227741 0.00849172
 0.700989 0.215291 0.0556107 0.0189024 0.00920719
 0.425917 0.404801 0.121884 0.0314833 0.0159139
 0.585596 0.178167 0.166577 0.0501558 0.0195041
 0.668535 0.195419 0.058491 0.0546861 0.0228689
pobs_pel_tallas
 0 0 0 0 0 0 0 0 0 0 0 0 0 0 0 0 0 0 0 0 0 0 0 0 0 0 0 0 0 0 0 0 0 0 0 0
 0 0 0 0 0 0 0 0 0 0 0 0 0 0 0 0 0 0 0 0 0 0 0 0 0 0 0 0 0 0 0 0 0 0 0 0
 0 0 0 0 0 0 0 0 0 0 0 0 0 0 0 0 0 0 0 0 0 0 0 0 0 0 0 0 0 0 0 0 0 0 0 0
 0 0 0 0 0 0 0 0 0 0 0 0 0 0 0 0 0 0 0 0 0 0 0 0 0 0 0 0 0 0 0 0 0 0 0 0
 0 0 0 0 0 0 0 0 0 0 0 0 0 0 0 0 0 0 0 0 0 0 0 0 0 0 0 0 0 0 0 0 0 0 0 0
 0 0 0 0 0 0 0 0 0 0 0 0 0 0 0 0 0 0 0 0 0 0 0 0 0 0 0 0 0 0 0 0 0 0 0 0
 0 0 0 0 0 0 0 0 0 0 0 0 0 0 0 0 0 0 0 0 0 0 0 0 0 0 0 0 0 0 0 0 0 0 0 0
 0 0 0 0 0 0 0 0 0 0 0 0 0 0 0 0 0 0 0 0 0 0 0 0 0 0 0 0 0 0 0 0 0 0 0 0
 0 0 0 0 0 0 0 0 0 0 0 0 0 0 0 0 0 0 0 0 0 0 0 0 0 0 0 0 0 0 0 0 0 0 0 0
 0 0 0 0 0 0 0 0 0 0 0 0 0 0 0 0 0 0 0 0 0 0 0 0 0 0 0 0 0 0 0 0 0 0 0 0
 0 0 0 0 0 0 0 0 1.78061e-05 0.00172719 0.00360574 0.0105946 0.0120993 0.0124554 0.0147524 0.0171206 0.0266825 0.0428682 0.0675386 0.121331 0.153587 0.119568 0.100827 0.0573624 0.0630603 0.0341343 0.0324427 0.0444173 0.0211091 0.0280891 0.0125444 0.00206551 0 0 0 0
 0 0 0 0 0 0 0 0 0 0 0 0 0 0 0 0 0 0 0 0 0 0 0 0 0 0 0 0 0 0 0 0 0 0 0 0
 0 0 0 0 0 0 0.0133647 0.0140871 0.0187388 0.0205184 0.03894 0.0496705 0.03968 0.0493445 0.0407372 0.0367815 0.0215668 0.0243155 0.0234873 0.0199281 0.019796 0.0243948 0.0301388 0.0376714 0.0412746 0.0863199 0.0771752 0.113111 0.0741005 0.0525337 0.0229764 0.00759418 0.00175318 0 0 0
 0 0 0 0 0 0 0 0 0 0 0.00219441 0.00772107 0.0458388 0.0604681 0.0671733 0.0775358 0.0609151 0.0617685 0.073594 0.0568108 0.0755445 0.0548602 0.0670107 0.0636378 0.0643287 0.046367 0.0373049 0.0286899 0.0247887 0.0153202 0.00654259 0.00121912 0.000365735 0 0 0
 0 0 0 0 0 0 0 0 0 0 0 0 0.000112435 0.00938835 0.0111873 0.0202946 0.0414886 0.0713402 0.111592 0.104902 0.108894 0.110636 0.117776 0.105296 0.107544 0.0401394 0.0192827 0.0124803 0.00416011 0.0028671 0.000618394 0 0 0 0 0
 0 0 0 0 0 0 0 0 0 0 0.00291406 0.0102884 0.027416 0.0768956 0.0749926 0.110853 0.0956884 0.0897413 0.0766577 0.0534642 0.0500743 0.0551293 0.0594112 0.0620874 0.0668451 0.0424026 0.0208742 0.0120726 0.0048766 0.00582813 0.00118941 0.000297354 0 0 0 0
 0 0.00264628 0.0354308 0.0461629 0.0458689 0.0383711 0.0214643 0.0164657 0.0346957 0.0420465 0.0363128 0.0245516 0.0311673 0.0291091 0.0169068 0.0133784 0.00837989 0.0085269 0.0148486 0.0160247 0.0276389 0.0546898 0.0760071 0.122758 0.109233 0.0665981 0.0333725 0.0166128 0.00676272 0.00308733 0.000882094 0 0 0 0 0
 0 0 0 0 0 0 0 0.000805153 0.000690131 0.00759144 0.0133425 0.0154129 0.00931677 0.000345066 0.00356568 0.00563607 0.00851162 0.0253048 0.0502646 0.0516448 0.0657925 0.0565908 0.0611916 0.0827007 0.0866115 0.110766 0.145733 0.0935128 0.0569358 0.0249597 0.0138026 0.00621118 0.00161031 0.00115022 0 0
 0 0 0 0 0 0 0 0 0 0 0 0 0 0 0 0 0 0 0 0 0 0 0 0 0 0 0 0 0 0 0 0 0 0 0 0
 0.00147267 0.00158595 0.00478618 0.00569244 0.00954404 0.0108468 0.00647125 0.017049 0.0510054 0.094081 0.124002 0.0959785 0.0687766 0.0820023 0.061753 0.0591476 0.0492212 0.0479892 0.0443925 0.0268479 0.0217502 0.0140895 0.0121071 0.0120363 0.00920419 0.00665534 0.0049561 0.00860946 0.00930331 0.0156896 0.0114698 0.00855282 0.00243557 0.00046729 0 2.83206e-05
 0 0 0 0 0.000772559 0.00158375 0.000888443 0.00281984 0.00712685 0.0440552 0.0773331 0.111326 0.0921469 0.0852325 0.0710754 0.0886704 0.0786465 0.0553345 0.0373146 0.0185414 0.00753245 0.00457741 0.012979 0.0271748 0.0457355 0.0583668 0.034881 0.0177882 0.00938659 0.00492506 0.0015258 0.00185414 0.000309023 5.79419e-05 3.86279e-05 0
 0 0.00173294 0.00326652 0 0.00397197 0.00683976 0.00946217 0.0152591 0.00757587 0.0136028 0.0228656 0.0392903 0.0559909 0.0764795 0.0681675 0.0726916 0.0566044 0.0477403 0.0527397 0.0444891 0.0609904 0.0582453 0.0661739 0.0445044 0.0529084 0.0360697 0.0280645 0.0235558 0.0158879 0.00826598 0.00280645 0.00217768 0.000904811 0.00058276 9.20147e-05 0
 0 0 0 0 0 0 0 0 0 0 0 0 0 0 0 0 0 0 0 0 0 0 0 0 0 0 0 0 0 0 0 0 0 0 0 0
 0 0 0 0 0 0 0 0 0 0 0 0 0 0 0 0 0 0 0 0 0 0 0 0 0 0 0 0 0 0 0 0 0 0 0 0
 0 0 0 0 0 0 0 0 0 0 0 0 0 0 0 0 0 0 0 0 0 0 0 0 0 0 0 0 0 0 0 0 0 0 0 0
 0 0 0 0 0 0 0 0 0 0 0 0 0 0 0 0 0 0 0 0 0 0 0 0 0 0 0 0 0 0 0 0 0 0 0 0
 0 0 0 0 0 0 0 0 0 0 0 0 0 0 0 0 0 0 0 0 0 0 0 0 0 0 0 0 0 0 0 0 0 0 0 0
ppred_pel_tallas
 1.01067e-16 3.43585e-05 0.000201662 0.000958621 0.00369076 0.0115093 0.0290716 0.059484 0.0986005 0.132415 0.144086 0.127077 0.0909267 0.0529869 0.0255689 0.0110139 0.00555876 0.00477785 0.00596099 0.00792216 0.0101837 0.0124655 0.0145139 0.0160927 0.0170231 0.0172204 0.0167097 0.0156119 0.0141073 0.0123907 0.0106317 0.0089521 0.00742148 0.00606687 0.00488873 0.00387571
 1.01192e-16 3.18406e-05 0.000186874 0.000888303 0.00342 0.0106649 0.0269388 0.0551208 0.0913701 0.122712 0.133546 0.117823 0.084398 0.0493691 0.024172 0.0110084 0.00642235 0.00633304 0.00822657 0.0109683 0.0140423 0.0170834 0.019735 0.0216663 0.0226363 0.0225477 0.0214675 0.0196023 0.0172423 0.0146904 0.0122017 0.00994786 0.00801199 0.00640497 0.00509352 0.00402694
 1.02221e-16 2.50303e-05 0.000146882 0.000698155 0.00268784 0.00838171 0.0211717 0.0433217 0.0718161 0.0964641 0.105017 0.0927393 0.0666189 0.0393498 0.0199772 0.0103011 0.00767568 0.00894682 0.0121513 0.0163481 0.0210087 0.0256558 0.0297784 0.0328897 0.0346254 0.0348244 0.0335597 0.0311059 0.0278604 0.0242447 0.0206195 0.0172348 0.0142223 0.0116177 0.00939801 0.00751651
 1.02826e-16 2.90446e-05 0.00017046 0.000810273 0.00311957 0.00972805 0.0245723 0.0502786 0.083344 0.111933 0.121818 0.107482 0.0770029 0.0450694 0.0221176 0.0101642 0.0060682 0.00612237 0.00805177 0.0108413 0.0140394 0.0173272 0.0203849 0.0229025 0.0246346 0.0254491 0.0253473 0.0244483 0.0229458 0.0210546 0.0189647 0.0168159 0.014696 0.0126529 0.0107138 0.00889996
 1.02435e-16 3.05347e-05 0.000179208 0.000851864 0.0032797 0.0102274 0.0258337 0.0528596 0.0876219 0.117678 0.128067 0.112988 0.0809324 0.047338 0.0231712 0.0105447 0.00614666 0.0060691 0.00790999 0.010594 0.0136422 0.0167219 0.0195064 0.0216878 0.0230333 0.0234351 0.022929 0.0216737 0.0199022 0.0178604 0.0157561 0.0137302 0.0118546 0.0101481 0.00860095 0.00719599
 1.03158e-16 2.39372e-05 0.000140464 0.000667646 0.00257038 0.00801539 0.0202465 0.0414285 0.0686782 0.0922508 0.100434 0.0887018 0.0637394 0.037691 0.0192131 0.0100353 0.00763629 0.00900756 0.0122761 0.0165409 0.0212886 0.0260479 0.0303111 0.0335924 0.0355266 0.0359487 0.0349241 0.0327164 0.0297087 0.0263061 0.0228523 0.0195822 0.0166165 0.0139858 0.0116686 0.00962665
 1.03305e-16 2.88217e-05 0.000169153 0.000804059 0.00309564 0.00965345 0.0243839 0.049893 0.0827046 0.111074 0.120881 0.106652 0.0764012 0.0447025 0.0219106 0.0100243 0.00592542 0.00593501 0.00779823 0.0105139 0.0136439 0.0168848 0.0199327 0.0224916 0.0243242 0.0252976 0.0254034 0.0247422 0.0234847 0.0218219 0.0199228 0.0179129 0.0158726 0.0138497 0.0118773 0.00998669
 1.03485e-16 2.58535e-05 0.000151719 0.000721161 0.00277644 0.008658 0.0218696 0.0447491 0.0741809 0.0996356 0.108457 0.0957464 0.0687124 0.0404525 0.0202904 0.010062 0.0070122 0.00786886 0.0106069 0.0142821 0.0184047 0.0225632 0.0263248 0.029276 0.0311047 0.0316666 0.0310108 0.0293519 0.0270033 0.0242947 0.0215032 0.018815 0.0163226 0.0140477 0.0119742 0.0100777
 1.03361e-16 2.7888e-05 0.000163668 0.000777979 0.00299522 0.00934028 0.0235929 0.0482748 0.0800231 0.107476 0.116973 0.103223 0.0739863 0.043373 0.0214142 0.0100584 0.00630211 0.00659472 0.00875309 0.0117922 0.015255 0.0188 0.0220789 0.0247551 0.0265662 0.0273763 0.027198 0.0261732 0.0245236 0.0224898 0.0202797 0.0180404 0.0158565 0.0137658 0.0117827 0.00991698
 1.03392e-16 2.64871e-05 0.00015544 0.000738857 0.00284458 0.00887049 0.0224063 0.0458472 0.0760004 0.102078 0.11111 0.0980757 0.0703564 0.041365 0.0206454 0.0100693 0.00680442 0.00749207 0.010058 0.0135446 0.0174716 0.0214481 0.0250659 0.0279339 0.0297543 0.0303848 0.0298633 0.0283827 0.0262294 0.0237073 0.0210738 0.018505 0.0160923 0.0138633 0.011812 0.00992463
 1.04697e-16 2.1069e-05 0.000123625 0.000587589 0.00226214 0.00705416 0.0178185 0.0364607 0.0604442 0.0811949 0.0884087 0.078108 0.0561855 0.0333425 0.0172165 0.00935343 0.00756078 0.00921468 0.012682 0.0171695 0.0222057 0.0273353 0.0320553 0.0358747 0.0384124 0.0394757 0.0390921 0.0374795 0.0349734 0.0319351 0.0286747 0.0254096 0.0222611 0.0192786 0.0164746 0.0138539
 1.06128e-16 2.13327e-05 0.000125179 0.000594991 0.00229066 0.00714311 0.0180431 0.0369198 0.0612035 0.0822093 0.0894987 0.0790365 0.0567785 0.0335445 0.0170468 0.00882648 0.00664157 0.00782468 0.0107331 0.0146051 0.0190376 0.0236717 0.0281107 0.0319567 0.0348834 0.0366973 0.0373642 0.0369898 0.0357691 0.0339227 0.0316455 0.029081 0.0263241 0.0234397 0.0204866 0.0175331
 1.04461e-16 2.9058e-05 0.000170542 0.000810669 0.0031211 0.00973285 0.0245844 0.0503031 0.0833838 0.111984 0.121867 0.107509 0.0769882 0.0449917 0.0219511 0.00987222 0.00560161 0.00542385 0.00706588 0.00952871 0.0123929 0.015386 0.0182425 0.0207042 0.0225641 0.0237054 0.0241167 0.0238782 0.023125 0.0220038 0.0206378 0.0191099 0.0174664 0.015732 0.0139285 0.0120878
 1.02655e-16 3.02929e-05 0.000177788 0.000845108 0.00325369 0.0101463 0.0256288 0.0524403 0.0869273 0.116746 0.127055 0.112101 0.0803106 0.0470006 0.023055 0.0105736 0.00627504 0.00628397 0.00821575 0.0109967 0.0141397 0.0172979 0.0201296 0.0223146 0.0236148 0.0239258 0.0232964 0.0219051 0.020007 0.0178675 0.015707 0.0136701 0.0118236 0.0101748 0.00869887 0.00736431
 1.01329e-16 3.42551e-05 0.000201054 0.000955729 0.00367962 0.0114746 0.0289839 0.0593046 0.0983033 0.132016 0.143654 0.126699 0.0906648 0.0528507 0.0255334 0.0110495 0.00564911 0.0049204 0.00615911 0.00817719 0.0104894 0.0128052 0.0148605 0.0164119 0.0172794 0.0173849 0.0167674 0.0155659 0.0139798 0.0122188 0.0104602 0.00882466 0.00737241 0.00611577 0.00503856 0.00411436
 1.00908e-16 3.38509e-05 0.000198679 0.000944432 0.00363612 0.0113389 0.0286412 0.0586037 0.0971421 0.130459 0.141966 0.125225 0.089641 0.052317 0.0253933 0.0111892 0.00600868 0.00549744 0.00697991 0.0092667 0.0118493 0.0144005 0.0166142 0.0182096 0.0189832 0.0188547 0.0178843 0.0162513 0.0142063 0.0120104 0.00988302 0.0079716 0.00634645 0.00501505 0.00394598 0.00309211
 1.01504e-16 2.79174e-05 0.000163834 0.000778757 0.00299819 0.00934953 0.0236163 0.0483232 0.0801052 0.107592 0.117114 0.103381 0.0741742 0.0436328 0.021819 0.0107069 0.00731085 0.00808523 0.0108312 0.0145182 0.01861 0.0226594 0.0262015 0.0287991 0.0301304 0.0300621 0.0286761 0.0262392 0.0231294 0.0197439 0.0164201 0.0133883 0.0107646 0.00857107 0.00677147 0.00530525
 1.02258e-16 2.91841e-05 0.000171277 0.000814155 0.00313451 0.00977464 0.02469 0.0505196 0.0837439 0.112472 0.122408 0.108011 0.0774011 0.0453408 0.0223216 0.0103758 0.00635213 0.0065273 0.00861097 0.0115704 0.0149301 0.018341 0.0214507 0.0239214 0.0254919 0.026032 0.0255642 0.0242446 0.0223127 0.0200291 0.0176215 0.0152539 0.0130228 0.0109707 0.00910886 0.00743662
 1.02588e-16 2.83464e-05 0.000166357 0.000790761 0.00304443 0.00949372 0.0239805 0.049068 0.0813384 0.109244 0.118901 0.104931 0.0752269 0.0441328 0.021849 0.0103604 0.00661709 0.00700955 0.009312 0.0125085 0.0161111 0.0197442 0.0230235 0.025584 0.0271489 0.027589 0.0269456 0.0254066 0.0232491 0.0207671 0.0182113 0.0157543 0.0134869 0.0114367 0.00959552 0.00794428
 1.0217e-16 3.15348e-05 0.000185081 0.000879788 0.00338723 0.0105627 0.0266807 0.0545923 0.0904933 0.121532 0.132255 0.116669 0.0835375 0.0487983 0.0237678 0.0106166 0.00591343 0.00561426 0.00723786 0.00968378 0.01248 0.0153162 0.0178938 0.0199309 0.0212128 0.021636 0.0212262 0.020121 0.0185263 0.0166622 0.0147172 0.0128227 0.0110499 0.00942376 0.00794338 0.00660024
 1.021e-16 2.92154e-05 0.000171459 0.000815014 0.00313781 0.00978492 0.024716 0.050573 0.083833 0.112593 0.122545 0.108144 0.0775222 0.0454633 0.0224771 0.0106054 0.00670016 0.0070355 0.00931197 0.0124779 0.0160279 0.0195746 0.0227257 0.0251117 0.0264579 0.0266451 0.0257314 0.0239278 0.0215363 0.0188744 0.0162102 0.0137258 0.0115117 0.00958633 0.00792572 0.00649119
 1.02393e-16 2.88124e-05 0.000169094 0.000803774 0.00309453 0.00964998 0.0243752 0.0498755 0.0826765 0.11104 0.120853 0.106647 0.0764416 0.0448149 0.0221298 0.0103986 0.00651615 0.00680972 0.00901685 0.01211 0.0156042 0.0191336 0.0223262 0.0248276 0.0263678 0.026818 0.0262134 0.0247312 0.0226359 0.0202107 0.0176993 0.0152728 0.0130249 0.0109888 0.00916286 0.00753302
 1.02153e-16 3.12284e-05 0.000183282 0.000871231 0.00335427 0.01046 0.0264211 0.0540613 0.0896134 0.120351 0.130972 0.115542 0.0827415 0.0483553 0.023593 0.0106081 0.00600627 0.00578571 0.00748932 0.0100237 0.0129133 0.0158389 0.0184908 0.0205768 0.0218744 0.0222779 0.0218161 0.0206345 0.0189495 0.0169921 0.01496 0.0129904 0.0111573 0.0094855 0.00797242 0.006607
 1.0194e-16 3.05878e-05 0.000179519 0.000853337 0.00328537 0.0102451 0.0258784 0.052951 0.0877738 0.117883 0.128293 0.113195 0.0810968 0.0474662 0.0232935 0.0106999 0.00637242 0.00639818 0.0083681 0.0111953 0.0143832 0.0175753 0.020419 0.0225831 0.023821 0.024024 0.0232417 0.0216599 0.0195457 0.0171808 0.0148034 0.0125756 0.0105794 0.00883277 0.00731691 0.00600002
 1.03688e-16 1.86013e-05 0.000109129 0.000518658 0.0019967 0.00622639 0.0157277 0.0321835 0.0533572 0.071686 0.0780844 0.0690564 0.0498264 0.0298739 0.0159855 0.00957959 0.00877292 0.0112842 0.0156698 0.0211732 0.0272592 0.0333523 0.0388062 0.0429973 0.0454556 0.045967 0.044613 0.0417302 0.0378099 0.0333739 0.0288676 0.024599 0.0207303 0.0173079 0.0143101 0.0116905
 1.05058e-16 2.55549e-05 0.000149974 0.000712883 0.0027446 0.00855873 0.0216187 0.0442352 0.0733266 0.0984812 0.107182 0.0945773 0.0677788 0.0397135 0.0195721 0.00914079 0.00567255 0.00592598 0.00792266 0.0107932 0.0141614 0.0177606 0.0213115 0.024527 0.0271577 0.0290333 0.0300834 0.0303296 0.0298573 0.0287798 0.0272093 0.0252436 0.0229681 0.0204658 0.017827 0.0151523
 1.03842e-16 2.91719e-05 0.000171208 0.000813829 0.00313326 0.00977076 0.0246802 0.0504993 0.0837096 0.112424 0.122351 0.107948 0.0773307 0.0452475 0.0221788 0.0101467 0.00599262 0.00598876 0.00784668 0.0105451 0.0136317 0.0167921 0.019716 0.0221079 0.0237414 0.0245053 0.0244208 0.0236219 0.0223085 0.0206895 0.0189368 0.0171615 0.0154151 0.0137085 0.0120368 0.0103988
pSPR Fmed_Fpbrs
0.446568   0.6 0.325
Fs Fmed_Fpbrs
0.64   0.348533 1.07275
SSBpbr Bo_Bmed_Bpbrs
2.13982e+06  848582  1.1769e+06 588449
Ro
56387.3
SPR SPRFo_SPRFmed_SPRFpbrs
1.16464e+06 520090 378507
log_Ro
10.76
likeval ReclasPelacesDesembMPH_pf_preclas_ppelaces_ptallas_desvR_qrecl_qpela
 62.1094 22.6764 0.0252061 0.000816679 336.59 217.948 54.6248 0 17.7507 5.71661e-05 9.99234e-06 8.02061e-16 0 0 0
q_reclas_q_pelaces
0.342528 1.56788
M
0.7
N
 58343.1 15016.4 5578.39 656.681 0.370329
 72080.4 26750.8 4795.75 1781.55 209.84
 44448.7 33688.7 9498.49 1702.84 707.089
 64370.7 20265.3 10428 2940.18 745.973
 108285 31449.8 9197.27 4732.69 1672.93
 81543.8 53590.7 15326.9 4482.26 3121.76
 126309 39112.7 21964.3 6281.79 3116.53
 113943 61369.7 17214 9666.8 4136.33
 132090 54168.6 23943.6 6716.1 5385.33
 126879 62363.5 20341.4 8991.28 4544.33
 65188.5 60416.2 24549.7 8007.5 5328.37
 40831.1 29566.1 18167.7 7382.32 4010.21
 43375.9 18598.1 9103.54 5593.91 3507.81
 23687.9 18731.6 4263.59 2086.97 2086.55
 17597.5 9121.16 2276.75 518.221 507.274
 20055.5 6792.88 1123.98 280.559 126.37
 15848.4 9045.09 1980.06 327.631 118.616
 19278.6 7362.66 3106.34 680.009 153.254
 21897.7 9153.63 2852.72 1203.58 322.855
 36278 10488.5 3722.39 1160.08 620.735
 45218.7 17362 4245.94 1506.9 720.909
 58461.6 22067.1 7829.35 1914.69 1004.62
 96908.8 28367.7 9642.36 3421.09 1275.61
 138365 46813.6 12092.2 4110.22 2002.04
 65032.7 66965.5 20163.1 5208.23 2632.61
 95928.9 31613.7 29557.2 8899.58 3460.79
 144152 46636 13958.7 13050.6 5457.58
pred_Ctot
 3232.07 3952.6 1468.34 172.851 0.0974776
 3059.83 5588.97 1001.96 372.215 43.8413
 2630.18 9375.61 2643.45 473.903 196.784
 747.627 1260.98 648.868 182.948 46.417
 263.919 421.258 123.194 63.3926 22.4083
 2003.56 6806.25 1946.59 569.266 396.476
 1962.88 3221.14 1808.88 517.339 256.663
 3504.36 9591.67 2690.44 1510.86 646.48
 4692.05 9651.2 4266.02 1196.61 959.502
 3760.29 9421.37 3073.01 1358.33 686.52
 4084.4 17636.6 7166.54 2337.54 1555.45
 2442.2 8302.79 5101.87 2073.11 1126.15
 4099.87 7522.25 3682.04 2262.52 1418.78
 3882.45 10989.3 2501.34 1224.37 1224.13
 2859.07 5323.46 1328.8 302.454 296.064
 1331.31 2079.91 344.152 85.9044 38.6932
 737.702 2049.15 448.579 74.224 26.8722
 609.621 1180.33 497.987 109.015 24.5686
 559.628 1205.93 375.826 158.563 42.5338
 947.822 1410.4 500.554 155.997 83.4709
 562.261 1153.96 282.204 100.155 47.9148
 962.128 1919.73 681.115 166.569 87.397
 1899.94 2914.44 990.636 351.475 131.054
 2530.57 4502.94 1163.13 395.356 192.574
 986.802 5390.44 1623.04 419.241 211.914
 1451.21 2537.39 2372.33 714.301 277.771
 2762.15 4688.51 1403.32 1312.03 548.672
F
 0.0797754 0.441415 0.441415 0.441415 0.441415
 0.0606217 0.335433 0.335433 0.335433 0.335433
 0.0854228 0.472663 0.472663 0.472663 0.472663
 0.0162663 0.0900047 0.0900047 0.0900047 0.0900047
 0.0033941 0.0187803 0.0187803 0.0187803 0.0187803
 0.0346916 0.191956 0.191956 0.191956 0.191956
 0.0218178 0.120722 0.120722 0.120722 0.120722
 0.0435944 0.241218 0.241218 0.241218 0.241218
 0.050503 0.279444 0.279444 0.279444 0.279444
 0.041979 0.232279 0.232279 0.232279 0.232279
 0.0906549 0.501613 0.501613 0.501613 0.501613
 0.0863811 0.477966 0.477966 0.477966 0.477966
 0.139693 0.77295 0.77295 0.77295 0.77295
 0.254366 1.40746 1.40746 1.40746 1.40746
 0.251882 1.39372 1.39372 1.39372 1.39372
 0.0962813 0.532745 0.532745 0.532745 0.532745
 0.066648 0.368778 0.368778 0.368778 0.368778
 0.0448468 0.248147 0.248147 0.248147 0.248147
 0.0361062 0.199784 0.199784 0.199784 0.199784
 0.0369251 0.204315 0.204315 0.204315 0.204315
 0.0174234 0.0964073 0.0964073 0.0964073 0.0964073
 0.0231187 0.127921 0.127921 0.127921 0.127921
 0.0275952 0.15269 0.15269 0.15269 0.15269
 0.0257211 0.142321 0.142321 0.142321 0.142321
 0.0212987 0.11785 0.11785 0.11785 0.11785
 0.0212336 0.11749 0.11749 0.11749 0.11749
 0.0269627 0.14919 0.14919 0.14919 0.14919
Np
 44559.9 20777 24419.3 6991.19 2825.87
YTP_r0W_actual
 52083.8 217494 94633.9 112992 52436.4
YTP_p0W_proyectada
 16100 324961 135246 51696.7 76581.1
 16100 96896.6 165552 60529.7 27151
CTP_r0_actual
 6351.69 10069.2 3013.82 2817.76 1178.35
CTP_p0_proyectada
 1963.42 15044.5 4307.21 1289.19 1720.92
 1963.42 4485.95 5272.37 1509.47 610.134
Wmedp
 8.2 21.6 31.4 40.1 44.5
nmprior
 10.8 10.6 4.6 0
nm_flota  nm_reclas  nm_pelaces    nm_pelaL
inf 13.6617 18.3265 58.6557
cv_recla  cv_pelaces  cv_mph
0.682511 0.521648 0.763768
 ------------------------------------------------
Talla a la edad & desviaci?n 
 7.2 14.2025 17.0495 18.207 18.6776
 1.08 2.13037 2.55742 2.73105 2.80164
