years
 1997 1998 1999 2000 2001 2002 2003 2004 2005 2006 2007 2008 2009 2010 2011 2012 2013 2014 2015 2016 2017 2018 2019 2020 2021 2022 2023
reclasobs
 0 0 0 370054 412103 1.49427e+06 250295 1.28982e+06 931140 785840 897777 1.04006e+06 184774 17550 25797 100020 73551 82996 120727 218422 84188 347160 605670 569463 516374 1.08416e+06 1.01767e+06
reclaspred
 533453 137608 376833 242778 365143 457916 984669 680754 763379 768677 646427 431059 260292 107165 65807.2 66434.1 80661.3 109818 122036 166419 248707 234602 403351 545032 711763 681624 640087
pelacesobs
 0 0 0 0 0 0 0 0 0 2.06254e+06 1.5e+06 0 1.87456e+06 323000 250000 174000 83755 137374 0 501740 490994 745055 786931 1.00524e+06 1.33801e+06 1.41789e+06 0
pelacespred
 2.15002e+06 461388 754552 766765 1.03438e+06 945144 2.66057e+06 2.09598e+06 2.18882e+06 2.18317e+06 1.5348e+06 1.05949e+06 665939 214469 144269 148819 188352 266818 287355 400885 686228 594049 845352 1.31692e+06 1.61063e+06 1.70682e+06 1.54289e+06
mphobs
 0 0 0 0 0 0 112323 0 153150 637223 0 255016 313432 73983 77613 109348 50772 17779 17303 59886 28197 0 207744 136588 643089 65757 70829
mphpred
 169301 95662.2 107392 108727 114772 187229 275597 336846 294255 309984 309853 210883 122798 62812.8 25510.4 21720 24417.2 33885.3 45836.1 50591.6 80343 100442 121677 183268 253502 258628 241142
desembarqueobs
 350755 77701 442110 56441 14545 235359 269955 359681 431902 328805 639364 411747 362871 311530 167758 66681 60226 58785 57116 73181 50977 67692 138656 160484 209506 203330 245020
desembarquepred
 350760 77700.4 442106 56443.9 14545.2 235430 270007 359672 431939 328813 639354 411835 363008 311705 167625 66680.5 60251.8 58779.2 57103.5 73178.2 50978.3 67681.5 138658 160489 209488 203312 245003
Reclutas
 40140.5 49084.6 24866.4 35245.3 65255.3 46223.9 84842 81203.6 104482 119399 63902.5 42982.8 48057.8 25637.5 15604.3 14353.1 10486 12633 14022.8 22092.1 28788.8 36426.6 59974.9 85401.4 38333.3 54900.8 73037.3
log_desv_Rt
 0.0201419 0.2213 -0.458725 -0.109912 0.506062 0.161252 0.768545 0.724714 0.976769 1.11022 0.485113 0.0885561 0.20016 -0.428187 -0.9247 -1.00828 -1.3222 -1.13593 -1.03156 -0.577027 -0.312257 -0.0769461 0.421682 0.775118 -0.0259255 0.333283 0.618725
SSB
 524500 296365 332706 336839 355569 580044 830679 1.03178e+06 890453 940212 959937 653324 394435 205741 88367.9 74971.7 87407.4 115023 146613 170691 255460 311172 388034 557139 844647 886550 777386
BT
 1.72977e+06 437864 744344 569393 700863 809032 1.96563e+06 1.79562e+06 1.85647e+06 1.76839e+06 1.58803e+06 1.07786e+06 794894 431463 232765 153524 173607 224955 238531 325490 498832 455939 656347 1.00476e+06 1.2238e+06 1.30417e+06 1.22924e+06
Ftot
 0.616507 0.54829 0.909601 0.203603 0.0391896 0.378915 0.249296 0.463585 0.525527 0.389511 0.749739 0.720969 1.19744 2.2126 2.36863 0.924644 0.671573 0.483682 0.384257 0.398846 0.182939 0.233909 0.281755 0.264151 0.216899 0.227869 0.308754
BD_Bspro_t
 0.926482 0.68083 0.609902 0.432982 0.574153 0.739409 0.68865 0.706576 0.640896 0.608362 0.58415 0.417016 0.304938 0.207111 0.112431 0.116508 0.178453 0.28893 0.398293 0.496013 0.621858 0.72436 0.734357 0.744663 0.766798 0.720959 0.692428
BD_Bspro
 0.645507 0.36474 0.409464 0.414551 0.437602 0.713865 1.02232 1.26982 1.09589 1.15713 1.1814 0.804052 0.485435 0.253207 0.108755 0.0922683 0.107573 0.14156 0.180438 0.210071 0.314397 0.382962 0.477557 0.685675 1.03951 1.09108 0.956736
BD_Bo
 0.438629 0.247844 0.278235 0.281692 0.297355 0.485079 0.69468 0.862856 0.744668 0.78628 0.802776 0.546361 0.329858 0.172057 0.0739003 0.0626973 0.073097 0.0961915 0.12261 0.142746 0.213636 0.260227 0.324505 0.465924 0.706361 0.741403 0.650112
BD_Brms
 0.797507 0.450626 0.505882 0.512167 0.540645 0.881961 1.26306 1.56883 1.35394 1.4296 1.45959 0.993384 0.599742 0.312831 0.134364 0.113995 0.132904 0.174894 0.222927 0.259537 0.388429 0.47314 0.590009 0.847134 1.28429 1.34801 1.18202
S_f
 0.153658 1 1 1 1
 0.153658 1 1 1 1
 0.153658 1 1 1 1
 0.153658 1 1 1 1
 0.153658 1 1 1 1
 0.153658 1 1 1 1
 0.153658 1 1 1 1
 0.153658 1 1 1 1
 0.153658 1 1 1 1
 0.153658 1 1 1 1
 0.153658 1 1 1 1
 0.153658 1 1 1 1
 0.153658 1 1 1 1
 0.153658 1 1 1 1
 0.153658 1 1 1 1
 0.153658 1 1 1 1
 0.153658 1 1 1 1
 0.153658 1 1 1 1
 0.153658 1 1 1 1
 0.153658 1 1 1 1
 0.153658 1 1 1 1
 0.153658 1 1 1 1
 0.153658 1 1 1 1
 0.153658 1 1 1 1
 0.153658 1 1 1 1
 0.153658 1 1 1 1
 0.153658 1 1 1 1
Scru_reclas
 0.678745 0.991375 0.99984 0.999997 1
 0.678745 0.991375 0.99984 0.999997 1
 0.678745 0.991375 0.99984 0.999997 1
 0.678745 0.991375 0.99984 0.999997 1
 0.678745 0.991375 0.99984 0.999997 1
 0.678745 0.991375 0.99984 0.999997 1
 0.678745 0.991375 0.99984 0.999997 1
 0.678745 0.991375 0.99984 0.999997 1
 0.678745 0.991375 0.99984 0.999997 1
 0.678745 0.991375 0.99984 0.999997 1
 0.678745 0.991375 0.99984 0.999997 1
 0.678745 0.991375 0.99984 0.999997 1
 0.678745 0.991375 0.99984 0.999997 1
 0.678745 0.991375 0.99984 0.999997 1
 0.678745 0.991375 0.99984 0.999997 1
 0.678745 0.991375 0.99984 0.999997 1
 0.678745 0.991375 0.99984 0.999997 1
 0.678745 0.991375 0.99984 0.999997 1
 0.678745 0.991375 0.99984 0.999997 1
 0.678745 0.991375 0.99984 0.999997 1
 0.678745 0.991375 0.99984 0.999997 1
 0.678745 0.991375 0.99984 0.999997 1
 0.678745 0.991375 0.99984 0.999997 1
 0.678745 0.991375 0.99984 0.999997 1
 0.678745 0.991375 0.99984 0.999997 1
 0.678745 0.991375 0.99984 0.999997 1
 0.678745 0.991375 0.99984 0.999997 1
Scru_pelaces
 0.962449 1 1 1 1
 0.962449 1 1 1 1
 0.962449 1 1 1 1
 0.962449 1 1 1 1
 0.962449 1 1 1 1
 0.962449 1 1 1 1
 0.962449 1 1 1 1
 0.962449 1 1 1 1
 0.962449 1 1 1 1
 0.962449 1 1 1 1
 0.962449 1 1 1 1
 0.962449 1 1 1 1
 0.962449 1 1 1 1
 0.962449 1 1 1 1
 0.962449 1 1 1 1
 0.962449 1 1 1 1
 0.962449 1 1 1 1
 0.962449 1 1 1 1
 0.962449 1 1 1 1
 0.962449 1 1 1 1
 0.962449 1 1 1 1
 0.962449 1 1 1 1
 0.962449 1 1 1 1
 0.962449 1 1 1 1
 0.962449 1 1 1 1
 0.962449 1 1 1 1
 0.962449 1 1 1 1
pf_obs 
 0.256992 0.487395 0.22802 0.0275931 0
 0.321318 0.546541 0.124235 0.00734118 0.000564706
 0.182869 0.594174 0.210203 0.0122559 0.00049798
 0.330522 0.361315 0.267642 0.0388342 0.00168674
 0.649043 0.306663 0.0425973 0.00169635 0
 0.582887 0.30429 0.105238 0.00758474 0
 0.465427 0.430635 0.0974691 0.00646863 0
 0.296916 0.608066 0.0921331 0.00288517 0
 0.311714 0.524322 0.152257 0.0117073 0
 0.15457 0.633149 0.183074 0.0267441 0.00246327
 0.131901 0.49318 0.331252 0.0422183 0.00144891
 0.196976 0.569456 0.194076 0.0375587 0.00193317
 0.518974 0.381816 0.0799577 0.0180837 0.00116848
 0.0928022 0.601141 0.25162 0.0475244 0.00691264
 0.122501 0.610282 0.24278 0.0234846 0.000952079
 0.383417 0.481906 0.127806 0.00687128 0
 0.0376549 0.599619 0.316969 0.0457579 0
 0.0361596 0.667082 0.258105 0.0386534 0
 0.158088 0.579412 0.248529 0.0139706 0
 0.0477256 0.309471 0.559284 0.082774 0.000745712
 0.0406174 0.521527 0.379366 0.0568643 0.0016247
 0.151134 0.462217 0.34131 0.0453401 0
 0.294876 0.26143 0.354403 0.0886775 0.000613685
 0.281977 0.475581 0.204845 0.0348837 0.00271318
 0.0841818 0.532909 0.334909 0.0458182 0.00218182
 0.115287 0.27431 0.454777 0.147771 0.00785563
 0 0 0 0 0
pf_pred 
 0.31062 0.485099 0.182547 0.0217241 1.04859e-05
 0.287453 0.569514 0.100648 0.0378748 0.00450948
 0.152455 0.656716 0.152524 0.026955 0.0113511
 0.261014 0.480328 0.200419 0.0465479 0.0116904
 0.300753 0.501425 0.128581 0.0536509 0.01559
 0.157589 0.623694 0.156841 0.0402188 0.0216579
 0.281458 0.426947 0.215887 0.0542894 0.0214182
 0.212148 0.584519 0.120818 0.0610919 0.0214238
 0.261413 0.507754 0.171258 0.0353983 0.0241762
 0.248237 0.563075 0.129716 0.0437514 0.0152196
 0.141223 0.620116 0.178759 0.041181 0.0187215
 0.154397 0.515085 0.238664 0.0687991 0.0230546
 0.265218 0.463067 0.165511 0.0766893 0.0295151
 0.236137 0.621543 0.0896915 0.0320579 0.0205708
 0.313778 0.59864 0.0712645 0.0102838 0.00603426
 0.339501 0.606145 0.0474167 0.00564468 0.00129251
 0.217125 0.659585 0.113144 0.00885089 0.00129491
 0.260055 0.529871 0.176991 0.0303607 0.00272249
 0.240021 0.565137 0.139526 0.0466052 0.00871147
 0.298303 0.499978 0.150003 0.0370338 0.0146825
 0.26109 0.569469 0.120731 0.0362216 0.0124881
 0.238752 0.544388 0.167131 0.035433 0.0142956
 0.289207 0.494376 0.154765 0.047514 0.0141374
 0.275866 0.544635 0.124847 0.0390834 0.0155691
 0.103583 0.661527 0.176665 0.0404969 0.0177278
 0.184694 0.370914 0.327947 0.0875807 0.0288645
 0.228694 0.479707 0.132659 0.117292 0.0416473
pobs_RECLAS
 0 0 0 0 0
 0 0 0 0 0
 0 0 0 0 0
 0 0 0 0 0
 0.835266 0.146461 0.0176864 0.000547809 3.91292e-05
 0.385257 0.428462 0.181853 0.0044286 0
 0.867414 0.0963971 0.0333333 0.00285562 0
 0.441836 0.489002 0.0689373 0.000224442 0
 0.779404 0.147425 0.0564933 0.0165055 0.000172143
 0.814271 0.122319 0.05973 0.00367925 0
 0.40263 0.566651 0.0304383 0.000280538 0
 0.475488 0.404961 0.113038 0.00651328 0
 0.955842 0.0263864 0.0167828 0.000988607 0
 0.975058 0.0227948 0.00214734 0 0
 0.738997 0.206755 0.0527124 0.00153531 0
 0.850938 0.134255 0.0134407 0.00136685 0
 0.542534 0.407297 0.0501686 0 0
 0.764087 0.199537 0.0359546 0.000420521 0
 0.470689 0.182191 0.310203 0.0369168 0
 0.84361 0.089868 0.0606195 0.00523954 0.000663233
 0.607945 0.314616 0.071237 0.00620181 0
 0.523733 0.453247 0.0230204 0 0
 0.530135 0.295979 0.169645 0.0042399 0
 0.562478 0.366248 0.0663022 0.0049721 0
 0.250443 0.683176 0.0655157 0.000865301 0
 0.195077 0.31981 0.436473 0.0351445 0.0134964
 0.565238 0.351407 0.0832357 0.000118908 0
ppred_RECLAS
 0.676874 0.2268 0.0860756 0.0102451 4.94516e-06
 0.650964 0.278493 0.0496373 0.0186819 0.00222432
 0.463383 0.414993 0.0972062 0.0171816 0.00723542
 0.613509 0.250461 0.105398 0.0244829 0.00614885
 0.657014 0.245356 0.063454 0.0264806 0.00769483
 0.460054 0.39887 0.101161 0.0259447 0.0139713
 0.63833 0.214153 0.109212 0.027468 0.0108367
 0.552571 0.331219 0.0690462 0.0349189 0.0122454
 0.619967 0.260561 0.0886339 0.0183232 0.0125143
 0.600855 0.29832 0.069311 0.0233812 0.00813353
 0.436636 0.405832 0.117987 0.0271851 0.0123588
 0.461532 0.326902 0.152763 0.0440435 0.0147591
 0.642305 0.224708 0.0810019 0.037538 0.0144472
 0.646873 0.286874 0.0417507 0.0149251 0.00957707
 0.736785 0.22937 0.0275383 0.00397453 0.00233216
 0.71223 0.263903 0.0208206 0.00247895 0.000567629
 0.56483 0.366145 0.0633442 0.00495598 0.000725075
 0.617493 0.273247 0.0920511 0.0157928 0.00141616
 0.590017 0.304203 0.0757453 0.0253049 0.00473002
 0.659733 0.241853 0.0731798 0.0180701 0.00716413
 0.613532 0.297261 0.0635596 0.019072 0.00657548
 0.585604 0.295624 0.0915335 0.0194088 0.00783061
 0.647772 0.244346 0.077146 0.0236881 0.00704824
 0.632435 0.275866 0.0637765 0.0199685 0.00795455
 0.342175 0.484365 0.130458 0.0299095 0.0130931
 0.504464 0.224389 0.20009 0.0534438 0.0176139
 0.572999 0.264706 0.0738275 0.0652856 0.0231812
pobs_PELACES
 0 0 0 0 0
 0 0 0 0 0
 0 0 0 0 0
 0 0 0 0 0
 0 0 0 0 0
 0 0 0 0 0
 0 0 0 0 0
 0 0 0 0 0
 0 0 0 0 0
 0 0 0 0 0
 0.450072 0.473896 0.0757376 0.000293798 0
 0 0 0 0 0
 0.463077 0.371075 0.160297 0.00555027 0
 0.529543 0.364841 0.0842815 0.0213345 0
 0.631943 0.363953 0.00410389 0 0
 0.735681 0.248677 0.0153453 0.000297389 0
 0.695825 0.281241 0.0229344 0 0
 0.275771 0.60734 0.115278 0.00161068 0
 0 0 0 0 0
 0.896147 0.0623911 0.0374545 0.00400742 0
 0.803859 0.145111 0.0509908 3.86294e-05 0
 0.739449 0.233085 0.0266225 0.000797448 4.60066e-05
 0.878498 0.100942 0.0204185 0.000141795 0
 0.694673 0.275183 0.0284847 0.00165964 0
 0.469039 0.446079 0.0841089 0.000773354 0
 0.822795 0.102175 0.0682046 0.00682512 0
 0 0 0 0 0
ppred_PELACES
 0.778119 0.156132 0.0587539 0.00699203 3.37495e-06
 0.753749 0.19682 0.0347833 0.0130893 0.00155844
 0.610596 0.301727 0.0700769 0.0123844 0.00521525
 0.703187 0.192923 0.0804982 0.0186959 0.00469545
 0.731837 0.192298 0.0493109 0.0205752 0.0059788
 0.571629 0.317151 0.0797544 0.0204515 0.0110131
 0.727465 0.161936 0.0818837 0.0205914 0.00812368
 0.664482 0.248926 0.051452 0.0260169 0.00912363
 0.726996 0.187681 0.063302 0.0130843 0.00893626
 0.702774 0.222624 0.0512862 0.0172981 0.00601739
 0.573838 0.307728 0.088708 0.0204358 0.0092904
 0.59655 0.245755 0.11387 0.0328251 0.0109997
 0.779639 0.138873 0.0496367 0.0229991 0.00885157
 0.827135 0.140657 0.0202975 0.0072548 0.00465523
 0.884171 0.101046 0.0120289 0.00173583 0.00101854
 0.818432 0.166626 0.0130346 0.00155169 0.000355305
 0.68789 0.262958 0.0451074 0.0035286 0.000516243
 0.722523 0.1987 0.066371 0.0113852 0.00102093
 0.692989 0.2283 0.0563646 0.0188273 0.00351921
 0.753346 0.175748 0.0527275 0.0130178 0.00516107
 0.701786 0.22983 0.0487256 0.0146186 0.00504004
 0.680085 0.22878 0.0702369 0.0148907 0.00600775
 0.737136 0.182829 0.057235 0.0175715 0.00522829
 0.722952 0.208373 0.0477653 0.014953 0.00595659
 0.437769 0.414908 0.110804 0.0253996 0.0111189
 0.605094 0.179657 0.158846 0.042421 0.013981
 0.673523 0.20305 0.0561518 0.0496473 0.0176284
pobs_pel_tallas
 0 0 0 0 0 0 0 0 0 0 0 0 0 0 0 0 0 0 0 0 0 0 0 0 0 0 0 0 0 0 0 0 0 0 0 0
 0 0 0 0 0 0 0 0 0 0 0 0 0 0 0 0 0 0 0 0 0 0 0 0 0 0 0 0 0 0 0 0 0 0 0 0
 0 0 0 0 0 0 0 0 0 0 0 0 0 0 0 0 0 0 0 0 0 0 0 0 0 0 0 0 0 0 0 0 0 0 0 0
 0 0 0 0 0 0 0 0 0 0 0 0 0 0 0 0 0 0 0 0 0 0 0 0 0 0 0 0 0 0 0 0 0 0 0 0
 0 0 0 0 0 0 0 0 0 0 0 0 0 0 0 0 0 0 0 0 0 0 0 0 0 0 0 0 0 0 0 0 0 0 0 0
 0 0 0 0 0 0 0 0 0 0 0 0 0 0 0 0 0 0 0 0 0 0 0 0 0 0 0 0 0 0 0 0 0 0 0 0
 0 0 0 0 0 0 0 0 0 0 0 0 0 0 0 0 0 0 0 0 0 0 0 0 0 0 0 0 0 0 0 0 0 0 0 0
 0 0 0 0 0 0 0 0 0 0 0 0 0 0 0 0 0 0 0 0 0 0 0 0 0 0 0 0 0 0 0 0 0 0 0 0
 0 0 0 0 0 0 0 0 0 0 0 0 0 0 0 0 0 0 0 0 0 0 0 0 0 0 0 0 0 0 0 0 0 0 0 0
 0 0 0 0 0 0 0 0 0 0 0 0 0 0 0 0 0 0 0 0 0 0 0 0 0 0 0 0 0 0 0 0 0 0 0 0
 0 0 0 0 0 0 0 0 1.78061e-05 0.00172719 0.00360574 0.0105946 0.0120993 0.0124554 0.0147524 0.0171206 0.0266825 0.0428682 0.0675386 0.121331 0.153587 0.119568 0.100827 0.0573624 0.0630603 0.0341343 0.0324427 0.0444173 0.0211091 0.0280891 0.0125444 0.00206551 0 0 0 0
 0 0 0 0 0 0 0 0 0 0 0 0 0 0 0 0 0 0 0 0 0 0 0 0 0 0 0 0 0 0 0 0 0 0 0 0
 0 0 0 0 0 0 0.0133647 0.0140871 0.0187388 0.0205184 0.03894 0.0496705 0.03968 0.0493445 0.0407372 0.0367815 0.0215668 0.0243155 0.0234873 0.0199281 0.019796 0.0243948 0.0301388 0.0376714 0.0412746 0.0863199 0.0771752 0.113111 0.0741005 0.0525337 0.0229764 0.00759418 0.00175318 0 0 0
 0 0 0 0 0 0 0 0 0 0 0.00219441 0.00772107 0.0458388 0.0604681 0.0671733 0.0775358 0.0609151 0.0617685 0.073594 0.0568108 0.0755445 0.0548602 0.0670107 0.0636378 0.0643287 0.046367 0.0373049 0.0286899 0.0247887 0.0153202 0.00654259 0.00121912 0.000365735 0 0 0
 0 0 0 0 0 0 0 0 0 0 0 0 0.000112435 0.00938835 0.0111873 0.0202946 0.0414886 0.0713402 0.111592 0.104902 0.108894 0.110636 0.117776 0.105296 0.107544 0.0401394 0.0192827 0.0124803 0.00416011 0.0028671 0.000618394 0 0 0 0 0
 0 0 0 0 0 0 0 0 0 0 0.00291406 0.0102884 0.027416 0.0768956 0.0749926 0.110853 0.0956884 0.0897413 0.0766577 0.0534642 0.0500743 0.0551293 0.0594112 0.0620874 0.0668451 0.0424026 0.0208742 0.0120726 0.0048766 0.00582813 0.00118941 0.000297354 0 0 0 0
 0 0.00264628 0.0354308 0.0461629 0.0458689 0.0383711 0.0214643 0.0164657 0.0346957 0.0420465 0.0363128 0.0245516 0.0311673 0.0291091 0.0169068 0.0133784 0.00837989 0.0085269 0.0148486 0.0160247 0.0276389 0.0546898 0.0760071 0.122758 0.109233 0.0665981 0.0333725 0.0166128 0.00676272 0.00308733 0.000882094 0 0 0 0 0
 0 0 0 0 0 0 0 0.000805153 0.000690131 0.00759144 0.0133425 0.0154129 0.00931677 0.000345066 0.00356568 0.00563607 0.00851162 0.0253048 0.0502646 0.0516448 0.0657925 0.0565908 0.0611916 0.0827007 0.0866115 0.110766 0.145733 0.0935128 0.0569358 0.0249597 0.0138026 0.00621118 0.00161031 0.00115022 0 0
 0 0 0 0 0 0 0 0 0 0 0 0 0 0 0 0 0 0 0 0 0 0 0 0 0 0 0 0 0 0 0 0 0 0 0 0
 0.00147267 0.00158595 0.00478618 0.00569244 0.00954404 0.0108468 0.00647125 0.017049 0.0510054 0.094081 0.124002 0.0959785 0.0687766 0.0820023 0.061753 0.0591476 0.0492212 0.0479892 0.0443925 0.0268479 0.0217502 0.0140895 0.0121071 0.0120363 0.00920419 0.00665534 0.0049561 0.00860946 0.00930331 0.0156896 0.0114698 0.00855282 0.00243557 0.00046729 0 2.83206e-05
 0 0 0 0 0.000772559 0.00158375 0.000888443 0.00281984 0.00712685 0.0440552 0.0773331 0.111326 0.0921469 0.0852325 0.0710754 0.0886704 0.0786465 0.0553345 0.0373146 0.0185414 0.00753245 0.00457741 0.012979 0.0271748 0.0457355 0.0583668 0.034881 0.0177882 0.00938659 0.00492506 0.0015258 0.00185414 0.000309023 5.79419e-05 3.86279e-05 0
 0 0.00173294 0.00326652 0 0.00397197 0.00683976 0.00946217 0.0152591 0.00757587 0.0136028 0.0228656 0.0392903 0.0559909 0.0764795 0.0681675 0.0726916 0.0566044 0.0477403 0.0527397 0.0444891 0.0609904 0.0582453 0.0661739 0.0445044 0.0529084 0.0360697 0.0280645 0.0235558 0.0158879 0.00826598 0.00280645 0.00217768 0.000904811 0.00058276 9.20147e-05 0
 0 0 0 0 0 0 0 0 0 0 0 0 0 0 0 0 0 0 0 0 0 0 0 0 0 0 0 0 0 0 0 0 0 0 0 0
 0 0 0 0 0 0 0 0 0 0 0 0 0 0 0 0 0 0 0 0 0 0 0 0 0 0 0 0 0 0 0 0 0 0 0 0
 0 0 0 0 0 0 0 0 0 0 0 0 0 0 0 0 0 0 0 0 0 0 0 0 0 0 0 0 0 0 0 0 0 0 0 0
 0 0 0 0 0 0 0 0 0 0 0 0 0 0 0 0 0 0 0 0 0 0 0 0 0 0 0 0 0 0 0 0 0 0 0 0
 0 0 0 0 0 0 0 0 0 0 0 0 0 0 0 0 0 0 0 0 0 0 0 0 0 0 0 0 0 0 0 0 0 0 0 0
ppred_pel_tallas
 1.01126e-16 3.39487e-05 0.000199255 0.000947179 0.0036467 0.0113719 0.0287245 0.058774 0.0974238 0.130835 0.14237 0.125567 0.0898568 0.0523841 0.0253165 0.0109714 0.00563429 0.00493531 0.00619742 0.00824625 0.0106033 0.0129819 0.015119 0.016769 0.0177455 0.0179602 0.0174384 0.0163051 0.014747 0.0129661 0.0111382 0.00939002 0.00779397 0.00637866 0.00514523 0.00408262
 1.01081e-16 3.28877e-05 0.000193023 0.000917539 0.00353257 0.011016 0.0278255 0.0569349 0.0943765 0.126747 0.137931 0.121677 0.0871259 0.0508989 0.0247981 0.0110859 0.00618066 0.00585899 0.0075231 0.010011 0.0128127 0.0155856 0.0180023 0.0197609 0.0206413 0.0205552 0.0195639 0.0178567 0.0156988 0.0133672 0.0110948 0.00903871 0.00727437 0.00581145 0.00461916 0.00365072
 1.01763e-16 2.66499e-05 0.000156391 0.000743368 0.00286193 0.00892459 0.022543 0.0461273 0.076466 0.102706 0.111804 0.0987119 0.0708635 0.0417647 0.0210322 0.0105652 0.00752807 0.00854761 0.0115275 0.0154736 0.0198486 0.0241857 0.0279934 0.0308071 0.0322839 0.0322792 0.030876 0.0283527 0.0251054 0.0215514 0.0180448 0.0148284 0.0120253 0.00966089 0.00770013 0.0060833
 1.02068e-16 3.06829e-05 0.000180079 0.000856002 0.00329564 0.0102771 0.0259592 0.0531163 0.0880472 0.118248 0.128686 0.11353 0.0813123 0.0475428 0.0232394 0.0105225 0.00606231 0.00593131 0.0077182 0.0103482 0.0133497 0.0163998 0.0191815 0.0213928 0.0228006 0.0232888 0.0228778 0.0217071 0.0199906 0.0179607 0.0158202 0.0137146 0.0117291 0.00990082 0.00823909 0.00674307
 1.0175e-16 3.19321e-05 0.000187413 0.00089087 0.00342989 0.0106958 0.0270167 0.05528 0.0916334 0.123063 0.133923 0.118143 0.0846008 0.0494337 0.0241035 0.0108096 0.00607832 0.00581356 0.00749842 0.0100102 0.0128587 0.0157148 0.0182615 0.020203 0.0213189 0.0215116 0.020825 0.0194241 0.0175467 0.015443 0.0133249 0.0113366 0.00955096 0.00798427 0.00662029 0.00543164
 1.02453e-16 2.49514e-05 0.000146418 0.000695952 0.00267936 0.00835525 0.0211049 0.043185 0.0715896 0.09616 0.104687 0.0924488 0.0664132 0.0392342 0.0199292 0.0102936 0.00769038 0.00897565 0.0121917 0.0163985 0.0210664 0.0257159 0.0298345 0.0329349 0.0346544 0.0348358 0.0335574 0.0311 0.0278659 0.0242793 0.0206998 0.0173734 0.0144245 0.0118807 0.00971112 0.00786293
 1.02303e-16 3.17402e-05 0.000186289 0.000885534 0.00340935 0.0106318 0.026855 0.0549488 0.0910837 0.122323 0.133111 0.117413 0.0840473 0.0490491 0.0238028 0.0104856 0.00563734 0.00518458 0.00663369 0.00889022 0.0115025 0.0141893 0.0166843 0.0187325 0.0201331 0.0207787 0.0206723 0.0199136 0.0186639 0.0171013 0.0153831 0.0136246 0.0118971 0.0102386 0.00866962 0.00720524
 1.02132e-16 2.89973e-05 0.000170178 0.000808922 0.00311435 0.00971177 0.0245313 0.050195 0.0832067 0.111753 0.121633 0.107344 0.0769604 0.045157 0.0223685 0.0106256 0.00680699 0.00721688 0.00957199 0.0128232 0.0164588 0.0200805 0.0232833 0.0256871 0.0270113 0.0271375 0.0261322 0.0242196 0.0217177 0.0189588 0.0162213 0.0136916 0.0114594 0.00953734 0.00789382 0.00648226
 1.01827e-16 3.17208e-05 0.000186173 0.000884976 0.0034072 0.010625 0.026838 0.0549142 0.0910271 0.122249 0.133036 0.11736 0.0840375 0.0491001 0.0239328 0.0107203 0.00601214 0.00574042 0.00740747 0.00990212 0.0127428 0.0156084 0.0181894 0.0201941 0.0214021 0.02171 0.0211506 0.019874 0.0181024 0.016073 0.0139896 0.0119945 0.0101649 0.00852626 0.00707366 0.00579128
 1.01677e-16 3.0666e-05 0.000179977 0.000855513 0.00329374 0.0102712 0.0259443 0.053086 0.0879978 0.118184 0.128622 0.113489 0.0813147 0.0476084 0.0233902 0.0107891 0.00648555 0.00655712 0.00858684 0.0114801 0.0147305 0.0179695 0.0208316 0.0229746 0.0241455 0.0242364 0.0233052 0.0215522 0.0192629 0.016737 0.0142279 0.0119079 0.00986265 0.0081086 0.00662094 0.00535951
 1.02496e-16 2.50473e-05 0.000146982 0.000698635 0.0026897 0.00838749 0.0211863 0.0433515 0.0718653 0.0965295 0.105086 0.0927966 0.0666512 0.0393511 0.0199452 0.0102318 0.00756068 0.00877401 0.0119084 0.0160269 0.0206094 0.0251903 0.029272 0.0323798 0.0341573 0.0344452 0.0333104 0.0310156 0.0279418 0.0244933 0.0210153 0.0177465 0.0148123 0.0122469 0.0100302 0.00812107
 1.03339e-16 2.60352e-05 0.000152788 0.000726246 0.00279603 0.00871909 0.0220238 0.0450646 0.0747032 0.100335 0.109213 0.0964005 0.0691534 0.0406551 0.0202873 0.00989012 0.00668178 0.00736451 0.00990524 0.0133709 0.0172988 0.0213138 0.025021 0.0280365 0.0300596 0.0309334 0.0306703 0.0294307 0.027468 0.0250593 0.0224472 0.0198071 0.017244 0.0148093 0.0125256 0.0104072
 1.01954e-16 3.40143e-05 0.000199642 0.00094902 0.0036538 0.0113941 0.0287804 0.0588883 0.0976127 0.131088 0.14264 0.125796 0.0899994 0.0524247 0.0252569 0.0108105 0.00535718 0.00451475 0.00560282 0.00745495 0.00961157 0.0118136 0.0138304 0.0154468 0.0164986 0.0169052 0.0166828 0.0159316 0.0148026 0.0134571 0.0120323 0.010623 0.00928017 0.00802162 0.00684842 0.0057581
 1.00801e-16 3.60853e-05 0.000211801 0.00100683 0.00387636 0.0120881 0.0305336 0.0624753 0.103558 0.139071 0.151324 0.133448 0.0954588 0.0555741 0.0267155 0.0113311 0.005456 0.00443065 0.00540084 0.0071201 0.00909522 0.0110507 0.0127474 0.0139697 0.0145622 0.0144648 0.0137249 0.0124816 0.0109276 0.0092633 0.00765568 0.00621577 0.00499475 0.00399544 0.00319123 0.00254432
 1.00312e-16 3.85707e-05 0.000226396 0.00107622 0.00414357 0.0129214 0.0326383 0.0667814 0.110694 0.14865 0.161734 0.1426 0.101943 0.0592221 0.0282314 0.0115645 0.00496056 0.00342192 0.0038947 0.00506444 0.00644643 0.00781074 0.00897877 0.00979441 0.0101469 0.00999531 0.00937754 0.00839871 0.00720351 0.00594198 0.00473985 0.00368102 0.00280435 0.00211163 0.00158121 0.00118154
 1.0031e-16 3.57069e-05 0.000209577 0.000996246 0.00383562 0.0119611 0.0302126 0.0618189 0.102471 0.137613 0.149744 0.132069 0.0945043 0.0550825 0.0265989 0.0114862 0.00583104 0.0050281 0.0062497 0.00824664 0.0105012 0.0126995 0.0145587 0.0158237 0.0163147 0.0159685 0.014854 0.0131519 0.0111082 0.00897715 0.00697092 0.00522997 0.00381751 0.00273285 0.0019345 0.00136346
 1.00872e-16 3.00186e-05 0.000176173 0.000837419 0.00322406 0.0100539 0.0253955 0.0519633 0.0861381 0.11569 0.125919 0.111128 0.0796757 0.0467553 0.023169 0.0110184 0.0070708 0.00749641 0.00992469 0.0132592 0.0169565 0.0205886 0.0237215 0.0259508 0.0269834 0.0267047 0.0252033 0.0227419 0.0196872 0.0164224 0.0132718 0.0104555 0.0080808 0.00616238 0.00465544 0.00348934
 1.01446e-16 3.15262e-05 0.000185029 0.000879538 0.00338625 0.0105597 0.026673 0.0545768 0.0904681 0.121499 0.132223 0.11665 0.0835437 0.0488415 0.0238624 0.0107829 0.00617862 0.00600979 0.00779334 0.0104187 0.0133945 0.0163832 0.0190558 0.0211022 0.0222886 0.0225069 0.0217952 0.0203179 0.0183176 0.0160543 0.0137525 0.0115711 0.00959802 0.00786335 0.00636193 0.00507356
 1.01686e-16 3.02395e-05 0.000177473 0.000843607 0.0032479 0.0101282 0.0255832 0.0523472 0.0867735 0.116541 0.126836 0.111918 0.0802008 0.0469797 0.0231253 0.0107412 0.00655848 0.00671298 0.00882243 0.0118048 0.0151538 0.0184945 0.0214524 0.0236757 0.0249035 0.0250226 0.0240897 0.0223073 0.0199657 0.0173708 0.0147823 0.0123778 0.0102477 0.00841235 0.00684982 0.00552232
 1.01495e-16 3.28693e-05 0.000192916 0.000917038 0.00353065 0.01101 0.0278104 0.0569038 0.0943244 0.126675 0.137849 0.121594 0.0870437 0.0508054 0.0246682 0.0108863 0.00587424 0.00540854 0.00689776 0.00919493 0.011815 0.014448 0.016802 0.0186044 0.0196508 0.0198485 0.0192339 0.0179543 0.0162246 0.0142734 0.0122961 0.010428 0.00874106 0.00725598 0.00596325 0.00484191
 1.01505e-16 3.06232e-05 0.000179725 0.000854314 0.00328913 0.0102568 0.025908 0.0530117 0.0878748 0.11802 0.128445 0.113336 0.0812138 0.0475665 0.0234014 0.0108474 0.00659205 0.00671963 0.00881533 0.0117814 0.0151038 0.0184029 0.0213007 0.0234442 0.0245738 0.0245813 0.0235314 0.0216368 0.019199 0.0165339 0.0139082 0.011503 0.00940729 0.00763644 0.00616078 0.00493326
 1.01865e-16 2.96769e-05 0.00017417 0.000827903 0.00318744 0.0099397 0.025107 0.0513728 0.0851583 0.114372 0.124477 0.10984 0.07872 0.0461285 0.022737 0.0106132 0.00655326 0.00676881 0.00892503 0.0119613 0.0153794 0.0188069 0.021869 0.0242111 0.0255666 0.0258144 0.0250015 0.0233195 0.0210489 0.0184884 0.0158936 0.0134428 0.0112314 0.00928794 0.00760108 0.00614383
 1.01721e-16 3.21627e-05 0.000188768 0.000897314 0.0034547 0.0107732 0.0272122 0.0556798 0.0922959 0.123952 0.134888 0.118989 0.0851937 0.0497551 0.0242137 0.0107806 0.00595328 0.0056039 0.00719862 0.0096126 0.0123633 0.0151343 0.0176237 0.019548 0.0206936 0.0209621 0.0203876 0.0191193 0.0173758 0.0153901 0.0133613 0.0114278 0.00966343 0.00809082 0.00670283 0.00548168
 1.01539e-16 3.15453e-05 0.00018514 0.000880064 0.00338828 0.010566 0.0266889 0.0546095 0.0905225 0.121573 0.132305 0.116727 0.0836081 0.048898 0.0239247 0.0108687 0.00630554 0.00619307 0.00804368 0.0107388 0.0137752 0.0168011 0.0194728 0.0214697 0.0225554 0.0226289 0.0217453 0.0200926 0.017939 0.015566 0.0132117 0.0110377 0.00912451 0.00748746 0.00610283 0.0049323
 1.03101e-16 1.91185e-05 0.000112165 0.000533087 0.00205225 0.00639962 0.0161653 0.0330789 0.0548416 0.0736799 0.0802554 0.0709743 0.0512057 0.0306915 0.0164054 0.00980246 0.00894362 0.0114796 0.0159217 0.021487 0.0276207 0.0337279 0.0391434 0.0432288 0.0455071 0.0457692 0.0441136 0.0409039 0.036664 0.0319478 0.0272271 0.0228265 0.0189139 0.0155309 0.0126424 0.0101842
 1.04425e-16 2.64052e-05 0.000154966 0.000736614 0.00283597 0.00884366 0.0223384 0.0457078 0.0757675 0.101759 0.110747 0.0977195 0.0700219 0.0410101 0.0201775 0.00936565 0.00573109 0.00591898 0.00787981 0.0107112 0.0140221 0.017538 0.0209738 0.0240397 0.0264871 0.0281518 0.0289744 0.0289919 0.0283077 0.0270528 0.0253552 0.0233234 0.0210478 0.0186095 0.0160911 0.0135806
 1.03393e-16 2.93897e-05 0.000172486 0.000819903 0.00315664 0.00984368 0.0248644 0.0508763 0.0843346 0.113264 0.123266 0.108759 0.0779176 0.0456035 0.0223766 0.0102759 0.00612041 0.00615461 0.00807065 0.0108342 0.0139809 0.0171826 0.0201145 0.0224687 0.0240112 0.024631 0.024358 0.023342 0.0218037 0.0199737 0.0180429 0.0161364 0.0143132 0.012585 0.0109421 0.00937465
pSPR Fmed_Fpbrs
0.45377   0.6 0.325
Fs Fmed_Fpbrs
0.64   0.356293 1.11701
SSBpbr Bo_Bmed_Bpbrs
1.19577e+06  482817  657675 328837
Ro
39340.1
SPR SPRFo_SPRFmed_SPRFpbrs
812540 368706 264075
log_Ro
10.4
likeval ReclasPelacesDesembMPH_pf_preclas_ppelaces_ptallas_desvR_qrecl_qpela
 63.4611 16.8182 0.00780082 0.000709195 335.041 210.545 55.5708 0 16.6765 8.83959e-06 5.02051e-05 2.47058e-16 0 0 0
q_reclas_q_pelaces
0.656189 2.74028
M
0.7
N
 40140.5 11953.3 4498.14 535.303 0.258383
 49084.6 18131.6 3204.33 1205.82 143.568
 24866.4 22405.3 5203.68 919.627 387.267
 35245.3 10737.6 4480.32 1040.57 261.336
 65255.3 16963.2 4349.88 1815.01 527.41
 46223.9 32210.3 8099.95 2077.07 1118.51
 84842 21655.8 10950.3 2753.69 1086.38
 81203.6 40547.9 8381.09 4237.93 1486.16
 104482 37552 12665.7 2617.96 1788
 119399 47859.2 11025.4 3718.69 1293.6
 63902.5 55847.1 16098.9 3708.72 1686.04
 42982.8 28280 13103.5 3777.31 1265.78
 48057.8 19106.3 6829.05 3164.23 1217.81
 25637.5 19854.1 2865.04 1024.03 657.096
 15604.3 9061.87 1078.76 155.67 91.3433
 14353.1 5384.83 421.237 50.1458 11.4823
 10486 6183.53 1060.71 82.9761 12.1396
 12633 4696.66 1568.81 269.111 24.1316
 14022.8 5824.01 1437.88 480.29 89.776
 22092.1 6564.29 1969.41 486.223 192.769
 28788.8 10318.4 2187.58 656.315 226.278
 36426.6 13899.9 4267.35 904.71 365.01
 59974.9 17450.3 5462.84 1677.13 499.018
 85401.4 28520.8 6537.8 2046.67 815.3
 38333.3 40722.2 10875.2 2492.91 1091.29
 54900.8 18411.8 16279 4347.42 1432.81
 73037.3 26324.9 7279.93 6436.63 2285.47
pred_Ctot
 2623.44 4097.06 1541.76 183.478 0.0885622
 2866.06 5678.36 1003.52 377.632 44.9619
 2351.55 10129.6 2352.61 415.769 175.086
 782.127 1439.3 600.556 139.481 35.0303
 281.847 469.904 120.498 50.2783 14.61
 1886.56 7466.49 1877.61 481.475 259.275
 2298.15 3486.09 1762.75 443.281 174.883
 4031.79 11108.6 2296.1 1161.03 407.151
 5856.37 11375.1 3836.64 793.019 541.614
 5005.79 11354.6 2615.77 882.261 306.908
 5034.12 22105 6372.17 1467.96 667.358
 3262.41 10883.7 5042.96 1453.72 487.144
 5870.36 10249.6 3663.44 1697.45 653.291
 5418.79 14262.9 2058.21 735.654 472.051
 3495.87 6669.58 793.973 114.574 67.2291
 1378.41 2461.01 192.517 22.918 5.24773
 743.806 2259.54 387.598 30.3205 4.43596
 653.544 1331.62 444.796 76.2996 6.84189
 580.183 1366.06 337.264 112.655 21.0576
 947.813 1588.6 476.61 117.669 46.6516
 574.816 1253.74 265.803 79.7456 27.4939
 926.766 2113.16 648.754 137.541 55.4915
 1832.08 3131.79 980.411 300.993 89.5583
 2448.7 4834.41 1108.19 346.921 138.198
 905.391 5782.22 1544.18 353.972 154.954
 1361.27 2733.8 2417.12 645.509 212.745
 2440.45 5119.07 1415.64 1251.65 444.428
F
 0.0947311 0.616507 0.616507 0.616507 0.616507
 0.0842491 0.54829 0.54829 0.54829 0.54829
 0.139767 0.909601 0.909601 0.909601 0.909601
 0.0312851 0.203603 0.203603 0.203603 0.203603
 0.0060218 0.0391896 0.0391896 0.0391896 0.0391896
 0.0582233 0.378915 0.378915 0.378915 0.378915
 0.0383062 0.249296 0.249296 0.249296 0.249296
 0.0712334 0.463585 0.463585 0.463585 0.463585
 0.0807514 0.525527 0.525527 0.525527 0.525527
 0.0598514 0.389511 0.389511 0.389511 0.389511
 0.115203 0.749739 0.749739 0.749739 0.749739
 0.110783 0.720969 0.720969 0.720969 0.720969
 0.183996 1.19744 1.19744 1.19744 1.19744
 0.339983 2.2126 2.2126 2.2126 2.2126
 0.363959 2.36863 2.36863 2.36863 2.36863
 0.142079 0.924644 0.924644 0.924644 0.924644
 0.103192 0.671573 0.671573 0.671573 0.671573
 0.0743215 0.483682 0.483682 0.483682 0.483682
 0.0590442 0.384257 0.384257 0.384257 0.384257
 0.0612859 0.398846 0.398846 0.398846 0.398846
 0.02811 0.182939 0.182939 0.182939 0.182939
 0.035942 0.233909 0.233909 0.233909 0.233909
 0.0432939 0.281755 0.281755 0.281755 0.281755
 0.0405889 0.264151 0.264151 0.264151 0.264151
 0.0333282 0.216899 0.216899 0.216899 0.216899
 0.0350139 0.227869 0.227869 0.227869 0.227869
 0.0474425 0.308754 0.308754 0.308754 0.308754
Np
 28334.8 13321 12028 3338.32 1244.22
YTP_r0W_actual
 23019.1 125101 50292 56786.5 22375.8
YTP_p0W_proyectada
 8930.25 164373 66319.5 23421.6 31361.2
 8930.25 63304.2 83092.8 29451.9 12181.4
CTP_r0_actual
 2807.21 5791.72 1601.66 1416.12 502.826
CTP_p0_proyectada
 1089.05 7609.85 2112.08 584.08 704.746
 1089.05 2930.75 2646.27 734.462 273.739
Wmedp
 8.2 21.6 31.4 40.1 44.5
nmprior
 10.8 10.6 4.6 0
nm_flota  nm_reclas  nm_pelaces    nm_pelaL
inf 20.6137 15.7389 47.3986
cv_recla  cv_pelaces  cv_mph
0.689897 0.449242 0.711736
 ------------------------------------------------
Talla a la edad & desviaci?n 
 7.2 14.2025 17.0495 18.207 18.6776
 1.08 2.13037 2.55742 2.73105 2.80164
