years
 1997 1998 1999 2000 2001 2002 2003 2004 2005 2006 2007 2008 2009 2010 2011 2012 2013 2014 2015 2016 2017 2018 2019 2020 2021 2022 2023
reclasobs
 0 0 0 370054 412103 1.49427e+06 250295 1.28982e+06 931140 785840 897777 1.04006e+06 184774 17550 25797 100020 73551 82996 120727 218422 84188 347160 605670 569463 516374 1.08416e+06 1.01767e+06
reclaspred
 667744 159103 385431 220691 336967 425166 919907 659926 751201 823938 734130 498056 296332 117717 69215.7 68747 80731.1 108745 121557 158679 241976 235188 396805 528769 711427 671409 558314
pelacesobs
 0 0 0 0 0 0 0 0 0 2.06254e+06 1.5e+06 0 1.87456e+06 323000 250000 174000 83755 137374 0 501740 490994 745055 786931 1.00524e+06 1.33801e+06 1.41789e+06 0
pelacespred
 2.41185e+06 546880 682115 671804 950007 828341 2.48584e+06 1.95918e+06 2.11767e+06 2.33281e+06 1.68596e+06 1.1736e+06 744841 235977 152658 151824 184492 258485 276627 367639 659850 579134 797678 1.24461e+06 1.54867e+06 1.56476e+06 1.23907e+06
mphobs
 0 0 0 0 0 0 112323 0 153150 637223 0 255016 313432 73983 77613 109348 50772 17779 17303 59886 28197 0 207744 136588 643089 65757 70829
mphpred
 218716 115181 118378 98812.5 102122 173806 246085 321203 288269 318290 344882 232502 134641 70665.9 29098 24088.5 24956.6 33458.6 45412.9 48223.6 76732.6 98577.6 116958 175904 244032 237528 210507
desembarqueobs
 350755 77701 442110 56441 14545 235359 269955 359681 431902 328805 639364 411747 362871 311530 167758 66681 60226 58785 57116 73181 50977 67692 138656 160484 209506 203330 245020
desembarquepred
 350752 77693.2 442016 56442.8 14545.2 235434 270010 359595 431870 328764 639100 411673 362821 311527 167523 66667.3 60247.1 58767.2 57092.7 73169.6 50977.1 67673.9 138649 160479 209468 203292 244985
Reclutas
 34908.2 44077.5 17663.9 24429.7 49485.9 34100.1 71788 69881 92355.3 116917 63205.1 44534.3 51460.2 27272 14729.4 12297.5 8897.31 10739 11313 17137 23182.3 28337.6 46900.5 67717.5 28852.8 40964.1 44914.9
log_desv_Rt
 0.0604757 0.293705 -0.620722 -0.296444 0.409443 0.0370547 0.781473 0.754549 1.0334 1.26922 0.65414 0.304014 0.448564 -0.186384 -0.802397 -0.982846 -1.3065 -1.11836 -1.06629 -0.651006 -0.348858 -0.148056 0.355784 0.723099 -0.130038 0.220451 0.312525
SSB
 504486 265674 273048 227919 235552 400898 550440 731133 646970 717176 795499 536286 323715 173878 76289.6 62835.7 68009.2 85714.1 108597 122661 182021 227378 278618 397332 609491 613229 508792
BT
 1.56582e+06 397028 589338 392542 493901 579295 1.49798e+06 1.38428e+06 1.49674e+06 1.50591e+06 1.40432e+06 959450 738731 409498 217229 132591 142516 179609 183832 244645 376766 341405 490098 752606 900400 929207 808883
Ftot
 0.642823 0.635165 1.16184 0.311709 0.0598749 0.572006 0.393232 0.674562 0.759373 0.523453 0.930819 0.908036 1.52621 2.73364 2.87842 1.16289 0.902498 0.679498 0.532034 0.574279 0.261464 0.326241 0.401569 0.377265 0.30519 0.33761 0.490435
BD_Bspro_t
 0.921722 0.656164 0.55979 0.343885 0.476078 0.662878 0.596512 0.629031 0.561771 0.53965 0.532625 0.365768 0.26055 0.176239 0.0959328 0.0966384 0.140481 0.227699 0.324758 0.410588 0.537531 0.655206 0.663316 0.674421 0.702464 0.639811 0.593839
BD_Bspro
 0.743323 0.391451 0.402316 0.335822 0.347069 0.590693 0.811033 1.07727 0.953262 1.05671 1.17211 0.790178 0.47697 0.256197 0.112407 0.0925837 0.100207 0.126293 0.16001 0.180732 0.268194 0.335024 0.410523 0.58544 0.89804 0.903547 0.749668
BD_Bo
 0.571397 0.30091 0.309263 0.258148 0.266793 0.454069 0.623445 0.828104 0.732778 0.812295 0.901006 0.607414 0.36665 0.19694 0.0864079 0.0711696 0.0770293 0.0970824 0.123001 0.138929 0.206162 0.257535 0.315571 0.450031 0.690328 0.694562 0.576273
BD_Brms
 1.0389 0.54711 0.562296 0.469361 0.485079 0.82558 1.13354 1.50564 1.33232 1.4769 1.63819 1.10439 0.666636 0.358073 0.157105 0.129399 0.140053 0.176513 0.223638 0.252599 0.374841 0.468245 0.573766 0.818237 1.25514 1.26284 1.04777
S_f
 0.13834 1 1 1 1
 0.13834 1 1 1 1
 0.13834 1 1 1 1
 0.13834 1 1 1 1
 0.13834 1 1 1 1
 0.13834 1 1 1 1
 0.13834 1 1 1 1
 0.13834 1 1 1 1
 0.13834 1 1 1 1
 0.13834 1 1 1 1
 0.13834 1 1 1 1
 0.13834 1 1 1 1
 0.13834 1 1 1 1
 0.13834 1 1 1 1
 0.13834 1 1 1 1
 0.13834 1 1 1 1
 0.13834 1 1 1 1
 0.13834 1 1 1 1
 0.13834 1 1 1 1
 0.13834 1 1 1 1
 0.13834 1 1 1 1
 0.13834 1 1 1 1
 0.13834 1 1 1 1
 0.13834 1 1 1 1
 0.13834 1 1 1 1
 0.13834 1 1 1 1
 0.13834 1 1 1 1
Scru_reclas
 0.468821 0.816238 0.957181 0.991189 0.998237
 0.468821 0.816238 0.957181 0.991189 0.998237
 0.468821 0.816238 0.957181 0.991189 0.998237
 0.468821 0.816238 0.957181 0.991189 0.998237
 0.468821 0.816238 0.957181 0.991189 0.998237
 0.468821 0.816238 0.957181 0.991189 0.998237
 0.468821 0.816238 0.957181 0.991189 0.998237
 0.468821 0.816238 0.957181 0.991189 0.998237
 0.468821 0.816238 0.957181 0.991189 0.998237
 0.468821 0.816238 0.957181 0.991189 0.998237
 0.468821 0.816238 0.957181 0.991189 0.998237
 0.468821 0.816238 0.957181 0.991189 0.998237
 0.468821 0.816238 0.957181 0.991189 0.998237
 0.468821 0.816238 0.957181 0.991189 0.998237
 0.468821 0.816238 0.957181 0.991189 0.998237
 0.468821 0.816238 0.957181 0.991189 0.998237
 0.468821 0.816238 0.957181 0.991189 0.998237
 0.468821 0.816238 0.957181 0.991189 0.998237
 0.468821 0.816238 0.957181 0.991189 0.998237
 0.468821 0.816238 0.957181 0.991189 0.998237
 0.468821 0.816238 0.957181 0.991189 0.998237
 0.468821 0.816238 0.957181 0.991189 0.998237
 0.468821 0.816238 0.957181 0.991189 0.998237
 0.468821 0.816238 0.957181 0.991189 0.998237
 0.468821 0.816238 0.957181 0.991189 0.998237
 0.468821 0.816238 0.957181 0.991189 0.998237
 0.468821 0.816238 0.957181 0.991189 0.998237
Scru_pelaces
 0.796021 1 1 1 1
 0.796021 1 1 1 1
 0.796021 1 1 1 1
 0.796021 1 1 1 1
 0.796021 1 1 1 1
 0.796021 1 1 1 1
 0.796021 1 1 1 1
 0.796021 1 1 1 1
 0.796021 1 1 1 1
 0.796021 1 1 1 1
 0.796021 1 1 1 1
 0.796021 1 1 1 1
 0.796021 1 1 1 1
 0.796021 1 1 1 1
 0.796021 1 1 1 1
 0.796021 1 1 1 1
 0.796021 1 1 1 1
 0.796021 1 1 1 1
 0.796021 1 1 1 1
 0.796021 1 1 1 1
 0.796021 1 1 1 1
 0.796021 1 1 1 1
 0.796021 1 1 1 1
 0.796021 1 1 1 1
 0.796021 1 1 1 1
 0.796021 1 1 1 1
 0.796021 1 1 1 1
pf_obs 
 0.256992 0.487395 0.22802 0.0275931 0
 0.321318 0.546541 0.124235 0.00734118 0.000564706
 0.182869 0.594174 0.210203 0.0122559 0.00049798
 0.330522 0.361315 0.267642 0.0388342 0.00168674
 0.649043 0.306663 0.0425973 0.00169635 0
 0.582887 0.30429 0.105238 0.00758474 0
 0.465427 0.430635 0.0974691 0.00646863 0
 0.296916 0.608066 0.0921331 0.00288517 0
 0.311714 0.524322 0.152257 0.0117073 0
 0.15457 0.633149 0.183074 0.0267441 0.00246327
 0.131901 0.49318 0.331252 0.0422183 0.00144891
 0.196976 0.569456 0.194076 0.0375587 0.00193317
 0.518974 0.381816 0.0799577 0.0180837 0.00116848
 0.0928022 0.601141 0.25162 0.0475244 0.00691264
 0.122501 0.610282 0.24278 0.0234846 0.000952079
 0.383417 0.481906 0.127806 0.00687128 0
 0.0376549 0.599619 0.316969 0.0457579 0
 0.0361596 0.667082 0.258105 0.0386534 0
 0.158088 0.579412 0.248529 0.0139706 0
 0.0477256 0.309471 0.559284 0.082774 0.000745712
 0.0406174 0.521527 0.379366 0.0568643 0.0016247
 0.151134 0.462217 0.34131 0.0453401 0
 0.294876 0.26143 0.354403 0.0886775 0.000613685
 0.281977 0.475581 0.204845 0.0348837 0.00271318
 0.0841818 0.532909 0.334909 0.0458182 0.00218182
 0.115287 0.27431 0.454777 0.147771 0.00785563
 0 0 0 0 0
pf_pred 
 0.26371 0.514886 0.1975 0.0238938 9.37667e-06
 0.273725 0.567834 0.110797 0.0424997 0.00514369
 0.124565 0.691365 0.143914 0.0280809 0.0120749
 0.24934 0.491243 0.204872 0.0426459 0.0118993
 0.307517 0.510246 0.119259 0.0497367 0.0132419
 0.154274 0.64924 0.144778 0.0338387 0.0178697
 0.31842 0.434483 0.189689 0.0423 0.0151077
 0.226285 0.622145 0.0966205 0.0421832 0.0127664
 0.283181 0.536547 0.144957 0.0225121 0.012803
 0.276527 0.584539 0.103994 0.0280956 0.0068448
 0.148641 0.665953 0.149801 0.0266507 0.00895423
 0.170216 0.556978 0.213395 0.0480014 0.0114091
 0.295935 0.495075 0.140281 0.0537459 0.0149632
 0.256987 0.649088 0.0660445 0.0187139 0.009166
 0.311924 0.635711 0.0457455 0.00465458 0.00196488
 0.326351 0.637271 0.0336097 0.00241854 0.000349967
 0.218793 0.676363 0.0991823 0.00523088 0.000430879
 0.270049 0.557159 0.149602 0.0219378 0.0012523
 0.235879 0.604089 0.122149 0.0327981 0.00508409
 0.293519 0.525977 0.142701 0.0288546 0.00894871
 0.264597 0.588603 0.109293 0.0296519 0.00785518
 0.229297 0.57594 0.155885 0.028945 0.00993332
 0.285788 0.511677 0.151353 0.0409653 0.0102169
 0.27559 0.564522 0.114548 0.0338828 0.011458
 0.097087 0.69368 0.163052 0.033085 0.0130959
 0.181466 0.388496 0.330385 0.0776581 0.021995
 0.200057 0.523473 0.13122 0.111592 0.0336591
pobs_RECLAS
 0 0 0 0 0
 0 0 0 0 0
 0 0 0 0 0
 0 0 0 0 0
 0.835266 0.146461 0.0176864 0.000547809 3.91292e-05
 0.385257 0.428462 0.181853 0.0044286 0
 0.867414 0.0963971 0.0333333 0.00285562 0
 0.441836 0.489002 0.0689373 0.000224442 0
 0.779404 0.147425 0.0564933 0.0165055 0.000172143
 0.814271 0.122319 0.05973 0.00367925 0
 0.40263 0.566651 0.0304383 0.000280538 0
 0.475488 0.404961 0.113038 0.00651328 0
 0.955842 0.0263864 0.0167828 0.000988607 0
 0.975058 0.0227948 0.00214734 0 0
 0.738997 0.206755 0.0527124 0.00153531 0
 0.850938 0.134255 0.0134407 0.00136685 0
 0.542534 0.407297 0.0501686 0 0
 0.764087 0.199537 0.0359546 0.000420521 0
 0.470689 0.182191 0.310203 0.0369168 0
 0.84361 0.089868 0.0606195 0.00523954 0.000663233
 0.607945 0.314616 0.071237 0.00620181 0
 0.523733 0.453247 0.0230204 0 0
 0.530135 0.295979 0.169645 0.0042399 0
 0.562478 0.366248 0.0663022 0.0049721 0
 0.250443 0.683176 0.0655157 0.000865301 0
 0.195077 0.31981 0.436473 0.0351445 0.0134964
 0.565238 0.351407 0.0832357 0.000118908 0
ppred_RECLAS
 0.597031 0.267542 0.120344 0.0150767 5.95862e-06
 0.611959 0.291589 0.0667201 0.0265018 0.00323028
 0.388372 0.465193 0.113555 0.0229443 0.00993632
 0.569512 0.265062 0.129632 0.0279427 0.00785219
 0.638004 0.254176 0.0696663 0.0300865 0.0080672
 0.430821 0.41899 0.109567 0.0265187 0.0141037
 0.651134 0.208562 0.106778 0.0246571 0.00886906
 0.552139 0.3473 0.0632499 0.0285952 0.00871559
 0.624936 0.268488 0.0850614 0.0136796 0.0078351
 0.613968 0.301278 0.0628549 0.0175846 0.00431451
 0.43035 0.428688 0.11308 0.0208327 0.00704924
 0.464704 0.339011 0.152313 0.0354789 0.00849265
 0.660839 0.225945 0.0750773 0.0297864 0.00835166
 0.677229 0.275496 0.032872 0.00964532 0.00475783
 0.741763 0.235391 0.0198634 0.00209291 0.000889778
 0.689826 0.290663 0.0179766 0.00133955 0.000195213
 0.550884 0.37992 0.0653317 0.00356802 0.000295995
 0.608205 0.286938 0.0903491 0.0137196 0.000788742
 0.561741 0.333698 0.079126 0.0220009 0.00343464
 0.632131 0.261721 0.0832675 0.0174352 0.00544564
 0.594128 0.313356 0.0682316 0.0191694 0.00511433
 0.546593 0.323974 0.102828 0.0197718 0.0068335
 0.618513 0.259777 0.0901098 0.0252558 0.00634369
 0.608616 0.293028 0.0697254 0.0213574 0.00727368
 0.303864 0.51313 0.141439 0.0297193 0.0118473
 0.461764 0.233079 0.232442 0.0565774 0.0161383
 0.501528 0.305537 0.0898143 0.0790938 0.0240264
pobs_PELACES
 0 0 0 0 0
 0 0 0 0 0
 0 0 0 0 0
 0 0 0 0 0
 0 0 0 0 0
 0 0 0 0 0
 0 0 0 0 0
 0 0 0 0 0
 0 0 0 0 0
 0 0 0 0 0
 0.450072 0.473896 0.0757376 0.000293798 0
 0 0 0 0 0
 0.463077 0.371075 0.160297 0.00555027 0
 0.529543 0.364841 0.0842815 0.0213345 0
 0.631943 0.363953 0.00410389 0 0
 0.735681 0.248677 0.0153453 0.000297389 0
 0.695825 0.281241 0.0229344 0 0
 0.275771 0.60734 0.115278 0.00161068 0
 0 0 0 0 0
 0.896147 0.0623911 0.0374545 0.00400742 0
 0.803859 0.145111 0.0509908 3.86294e-05 0
 0.739449 0.233085 0.0266225 0.000797448 4.60066e-05
 0.878498 0.100942 0.0204185 0.000141795 0
 0.694673 0.275183 0.0284847 0.00165964 0
 0.469039 0.446079 0.0841089 0.000773354 0
 0.822795 0.102175 0.0682046 0.00682512 0
 0 0 0 0 0
ppred_PELACES
 0.72195 0.19444 0.0745832 0.00902318 3.54097e-06
 0.731488 0.209935 0.0409631 0.0157126 0.00190168
 0.559759 0.347676 0.0723718 0.0141214 0.00607226
 0.680439 0.209125 0.0872153 0.0181546 0.00506562
 0.722783 0.204263 0.0477421 0.0199107 0.00530105
 0.562781 0.33564 0.0748465 0.0174938 0.00923816
 0.755173 0.156069 0.0681374 0.0151944 0.00542677
 0.682167 0.25557 0.0396906 0.0173284 0.00524427
 0.749783 0.18729 0.0505994 0.0078582 0.00446908
 0.72589 0.221471 0.0394013 0.0106449 0.00259336
 0.586445 0.323493 0.0727669 0.0129458 0.0043496
 0.62276 0.253216 0.0970145 0.0218226 0.00518684
 0.814782 0.130239 0.0369037 0.0141389 0.00393636
 0.866221 0.116868 0.0118913 0.00336944 0.00165034
 0.901451 0.0910486 0.00655181 0.000666644 0.000281416
 0.812416 0.177455 0.00935897 0.000673466 9.7452e-05
 0.692201 0.26649 0.0390782 0.00206099 0.000169768
 0.731194 0.205175 0.0550913 0.00807863 0.000461163
 0.6821 0.251321 0.0508181 0.0136451 0.00211515
 0.745817 0.18924 0.0513419 0.0103815 0.00321963
 0.693767 0.245103 0.0455113 0.0123475 0.00327101
 0.657205 0.256168 0.0693347 0.0128742 0.00441816
 0.726025 0.196281 0.0580595 0.0157145 0.00391925
 0.714057 0.222831 0.0452148 0.0133744 0.00452276
 0.407472 0.455221 0.107001 0.0217117 0.00859405
 0.589233 0.19496 0.165798 0.0389713 0.0110378
 0.631194 0.241342 0.0604975 0.0514483 0.0155182
pobs_pel_tallas
 0 0 0 0 0 0 0 0 0 0 0 0 0 0 0 0 0 0 0 0 0 0 0 0 0 0 0 0 0 0 0 0 0 0 0 0
 0 0 0 0 0 0 0 0 0 0 0 0 0 0 0 0 0 0 0 0 0 0 0 0 0 0 0 0 0 0 0 0 0 0 0 0
 0 0 0 0 0 0 0 0 0 0 0 0 0 0 0 0 0 0 0 0 0 0 0 0 0 0 0 0 0 0 0 0 0 0 0 0
 0 0 0 0 0 0 0 0 0 0 0 0 0 0 0 0 0 0 0 0 0 0 0 0 0 0 0 0 0 0 0 0 0 0 0 0
 0 0 0 0 0 0 0 0 0 0 0 0 0 0 0 0 0 0 0 0 0 0 0 0 0 0 0 0 0 0 0 0 0 0 0 0
 0 0 0 0 0 0 0 0 0 0 0 0 0 0 0 0 0 0 0 0 0 0 0 0 0 0 0 0 0 0 0 0 0 0 0 0
 0 0 0 0 0 0 0 0 0 0 0 0 0 0 0 0 0 0 0 0 0 0 0 0 0 0 0 0 0 0 0 0 0 0 0 0
 0 0 0 0 0 0 0 0 0 0 0 0 0 0 0 0 0 0 0 0 0 0 0 0 0 0 0 0 0 0 0 0 0 0 0 0
 0 0 0 0 0 0 0 0 0 0 0 0 0 0 0 0 0 0 0 0 0 0 0 0 0 0 0 0 0 0 0 0 0 0 0 0
 0 0 0 0 0 0 0 0 0 0 0 0 0 0 0 0 0 0 0 0 0 0 0 0 0 0 0 0 0 0 0 0 0 0 0 0
 0 0 0 0 0 0 0 0 1.78061e-05 0.00172719 0.00360574 0.0105946 0.0120993 0.0124554 0.0147524 0.0171206 0.0266825 0.0428682 0.0675386 0.121331 0.153587 0.119568 0.100827 0.0573624 0.0630603 0.0341343 0.0324427 0.0444173 0.0211091 0.0280891 0.0125444 0.00206551 0 0 0 0
 0 0 0 0 0 0 0 0 0 0 0 0 0 0 0 0 0 0 0 0 0 0 0 0 0 0 0 0 0 0 0 0 0 0 0 0
 0 0 0 0 0 0 0.0133647 0.0140871 0.0187388 0.0205184 0.03894 0.0496705 0.03968 0.0493445 0.0407372 0.0367815 0.0215668 0.0243155 0.0234873 0.0199281 0.019796 0.0243948 0.0301388 0.0376714 0.0412746 0.0863199 0.0771752 0.113111 0.0741005 0.0525337 0.0229764 0.00759418 0.00175318 0 0 0
 0 0 0 0 0 0 0 0 0 0 0.00219441 0.00772107 0.0458388 0.0604681 0.0671733 0.0775358 0.0609151 0.0617685 0.073594 0.0568108 0.0755445 0.0548602 0.0670107 0.0636378 0.0643287 0.046367 0.0373049 0.0286899 0.0247887 0.0153202 0.00654259 0.00121912 0.000365735 0 0 0
 0 0 0 0 0 0 0 0 0 0 0 0 0.000112435 0.00938835 0.0111873 0.0202946 0.0414886 0.0713402 0.111592 0.104902 0.108894 0.110636 0.117776 0.105296 0.107544 0.0401394 0.0192827 0.0124803 0.00416011 0.0028671 0.000618394 0 0 0 0 0
 0 0 0 0 0 0 0 0 0 0 0.00291406 0.0102884 0.027416 0.0768956 0.0749926 0.110853 0.0956884 0.0897413 0.0766577 0.0534642 0.0500743 0.0551293 0.0594112 0.0620874 0.0668451 0.0424026 0.0208742 0.0120726 0.0048766 0.00582813 0.00118941 0.000297354 0 0 0 0
 0 0.00264628 0.0354308 0.0461629 0.0458689 0.0383711 0.0214643 0.0164657 0.0346957 0.0420465 0.0363128 0.0245516 0.0311673 0.0291091 0.0169068 0.0133784 0.00837989 0.0085269 0.0148486 0.0160247 0.0276389 0.0546898 0.0760071 0.122758 0.109233 0.0665981 0.0333725 0.0166128 0.00676272 0.00308733 0.000882094 0 0 0 0 0
 0 0 0 0 0 0 0 0.000805153 0.000690131 0.00759144 0.0133425 0.0154129 0.00931677 0.000345066 0.00356568 0.00563607 0.00851162 0.0253048 0.0502646 0.0516448 0.0657925 0.0565908 0.0611916 0.0827007 0.0866115 0.110766 0.145733 0.0935128 0.0569358 0.0249597 0.0138026 0.00621118 0.00161031 0.00115022 0 0
 0 0 0 0 0 0 0 0 0 0 0 0 0 0 0 0 0 0 0 0 0 0 0 0 0 0 0 0 0 0 0 0 0 0 0 0
 0.00147267 0.00158595 0.00478618 0.00569244 0.00954404 0.0108468 0.00647125 0.017049 0.0510054 0.094081 0.124002 0.0959785 0.0687766 0.0820023 0.061753 0.0591476 0.0492212 0.0479892 0.0443925 0.0268479 0.0217502 0.0140895 0.0121071 0.0120363 0.00920419 0.00665534 0.0049561 0.00860946 0.00930331 0.0156896 0.0114698 0.00855282 0.00243557 0.00046729 0 2.83206e-05
 0 0 0 0 0.000772559 0.00158375 0.000888443 0.00281984 0.00712685 0.0440552 0.0773331 0.111326 0.0921469 0.0852325 0.0710754 0.0886704 0.0786465 0.0553345 0.0373146 0.0185414 0.00753245 0.00457741 0.012979 0.0271748 0.0457355 0.0583668 0.034881 0.0177882 0.00938659 0.00492506 0.0015258 0.00185414 0.000309023 5.79419e-05 3.86279e-05 0
 0 0.00173294 0.00326652 0 0.00397197 0.00683976 0.00946217 0.0152591 0.00757587 0.0136028 0.0228656 0.0392903 0.0559909 0.0764795 0.0681675 0.0726916 0.0566044 0.0477403 0.0527397 0.0444891 0.0609904 0.0582453 0.0661739 0.0445044 0.0529084 0.0360697 0.0280645 0.0235558 0.0158879 0.00826598 0.00280645 0.00217768 0.000904811 0.00058276 9.20147e-05 0
 0 0 0 0 0 0 0 0 0 0 0 0 0 0 0 0 0 0 0 0 0 0 0 0 0 0 0 0 0 0 0 0 0 0 0 0
 0 0 0 0 0 0 0 0 0 0 0 0 0 0 0 0 0 0 0 0 0 0 0 0 0 0 0 0 0 0 0 0 0 0 0 0
 0 0 0 0 0 0 0 0 0 0 0 0 0 0 0 0 0 0 0 0 0 0 0 0 0 0 0 0 0 0 0 0 0 0 0 0
 0 0 0 0 0 0 0 0 0 0 0 0 0 0 0 0 0 0 0 0 0 0 0 0 0 0 0 0 0 0 0 0 0 0 0 0
 0 0 0 0 0 0 0 0 0 0 0 0 0 0 0 0 0 0 0 0 0 0 0 0 0 0 0 0 0 0 0 0 0 0 0 0
ppred_pel_tallas
 1.01433e-16 3.15011e-05 0.000184882 0.000878839 0.00338356 0.0105513 0.0266518 0.0545334 0.0903961 0.121402 0.132117 0.116554 0.0834712 0.048791 0.023823 0.0107407 0.00612157 0.00592915 0.00768373 0.0102788 0.0132286 0.016202 0.0188763 0.0209464 0.0221795 0.0224647 0.0218325 0.0204368 0.0185089 0.016299 0.0140254 0.0118454 0.00984977 0.00807481 0.00652326 0.00518275
 1.01279e-16 3.19175e-05 0.000187326 0.000890453 0.00342828 0.0106907 0.027004 0.0552541 0.0915911 0.123008 0.133867 0.118103 0.0845914 0.049468 0.0241939 0.010974 0.00634158 0.00620502 0.0080451 0.0107281 0.0137434 0.0167342 0.0193532 0.0212783 0.0222732 0.022241 0.0212433 0.0194776 0.017222 0.0147676 0.0123599 0.0101647 0.00826308 0.00666743 0.00534844 0.00426057
 1.0191e-16 2.4435e-05 0.000143384 0.000681519 0.00262378 0.00818192 0.0206671 0.0422895 0.0701061 0.0941706 0.102529 0.0905638 0.0651028 0.0385478 0.0197421 0.0104586 0.00812891 0.00968251 0.0131988 0.0177375 0.022741 0.0276853 0.0320066 0.0351712 0.036787 0.0366928 0.0349908 0.0320094 0.0282123 0.024086 0.0200421 0.0163608 0.013181 0.0105267 0.00835053 0.00657601
 1.02167e-16 2.96916e-05 0.000174258 0.000828325 0.00318907 0.00994479 0.0251198 0.0513989 0.0852011 0.114428 0.124534 0.109881 0.0787274 0.04609 0.0226387 0.010436 0.00627056 0.00635003 0.00834292 0.0112015 0.0144504 0.0177475 0.0207506 0.0231323 0.0246399 0.0251481 0.0246796 0.023387 0.0215039 0.0192837 0.0169481 0.0146562 0.0125013 0.0105238 0.00873348 0.00712834
 1.01677e-16 3.15377e-05 0.000185097 0.000879856 0.00338748 0.0105635 0.0266827 0.0545966 0.090501 0.121544 0.132273 0.116696 0.0835813 0.048873 0.0238953 0.0108265 0.00624172 0.00609913 0.00791245 0.010566 0.0135617 0.016554 0.0192068 0.0212063 0.02232 0.0224477 0.0216405 0.0200794 0.0180229 0.0157425 0.0134674 0.0113532 0.00947696 0.00785392 0.00646263 0.00526873
 1.02205e-16 2.45663e-05 0.000144156 0.000685192 0.00263793 0.00822604 0.0207786 0.0425173 0.0704835 0.0946763 0.103077 0.0910399 0.0654288 0.0387083 0.0197647 0.0103747 0.00795146 0.00940484 0.0128056 0.0172162 0.0220912 0.0269247 0.0311734 0.0343224 0.0359915 0.036021 0.0345035 0.0317478 0.0281926 0.0242985 0.0204551 0.0169277 0.0138481 0.0112407 0.00906447 0.00725252
 1.01794e-16 3.29482e-05 0.000193381 0.000919253 0.00353918 0.0110366 0.0278776 0.0570411 0.0945515 0.126979 0.138174 0.121871 0.0872202 0.050864 0.0246143 0.0107238 0.0055922 0.00498343 0.00630387 0.00841699 0.0108595 0.0133517 0.015634 0.0174612 0.0186439 0.0190861 0.0188014 0.0178994 0.0165494 0.0149362 0.0132212 0.0115207 0.00990365 0.00840122 0.00702341 0.00577258
 1.01488e-16 2.97687e-05 0.000174706 0.000830449 0.00319723 0.00997023 0.0251841 0.0515308 0.085421 0.114727 0.124869 0.110198 0.0790039 0.0463496 0.0229468 0.010878 0.00693597 0.00732242 0.00968836 0.0129511 0.0165793 0.0201592 0.0232719 0.0255275 0.0266429 0.0265062 0.0252006 0.0229753 0.0201773 0.0171672 0.014247 0.0116179 0.00937413 0.00752333 0.00602063 0.00480121
 1.01259e-16 3.27144e-05 0.000192006 0.000912708 0.00351397 0.010958 0.027679 0.0566351 0.0938794 0.126079 0.137202 0.12103 0.0866547 0.0506074 0.0246261 0.0109592 0.00604259 0.00567521 0.00727634 0.00969733 0.012442 0.0151833 0.0176094 0.0194301 0.0204298 0.0205143 0.0197291 0.0182402 0.0162864 0.0141207 0.011959 0.00995086 0.00817399 0.00664822 0.00535771 0.00427203
 1.01119e-16 3.16739e-05 0.000185894 0.000883645 0.00340206 0.010609 0.0267975 0.0548318 0.0908913 0.122069 0.132848 0.117211 0.0839684 0.049135 0.0240893 0.0110245 0.00650561 0.00647501 0.00843165 0.0112434 0.01439 0.017498 0.0202008 0.0221586 0.023124 0.022998 0.0218508 0.0198971 0.0174375 0.0147863 0.0122081 0.00988146 0.00789273 0.00625315 0.00492744 0.00386142
 1.01787e-16 2.55977e-05 0.000150212 0.000713986 0.00274879 0.00857178 0.0216518 0.0443041 0.0734446 0.0986514 0.107398 0.0948411 0.0681269 0.0402367 0.0204197 0.0105152 0.00781481 0.00908899 0.0123252 0.0165549 0.0212313 0.0258605 0.0299165 0.0329013 0.0344482 0.0344038 0.0328593 0.0301161 0.0266018 0.0227665 0.0189923 0.0155407 0.0125438 0.0100276 0.00795302 0.00625329
 1.02452e-16 2.71784e-05 0.000159499 0.000758149 0.00291886 0.00910214 0.0229914 0.0470444 0.0779847 0.104742 0.114008 0.100629 0.0721778 0.0424148 0.0211305 0.0102412 0.00683671 0.00746722 0.0100027 0.0134617 0.0173556 0.0212898 0.0248531 0.0276509 0.0293806 0.0298955 0.0292306 0.0275785 0.0252301 0.0224992 0.0196584 0.0169016 0.0143394 0.0120158 0.00993542 0.00808794
 1.01237e-16 3.55463e-05 0.000208637 0.000991786 0.00381846 0.0119075 0.0300775 0.061542 0.102011 0.136993 0.149061 0.131449 0.094022 0.0547237 0.0262812 0.0111045 0.00528755 0.00424204 0.00516131 0.00682659 0.00876513 0.0107211 0.012474 0.0138219 0.014614 0.0147823 0.0143535 0.0134362 0.0121883 0.0107769 0.00934398 0.00798698 0.00675636 0.00566552 0.00470641 0.00386368
 1.004e-16 3.77887e-05 0.000221803 0.00105438 0.00405948 0.0126592 0.0319759 0.0654263 0.108449 0.145636 0.158459 0.139722 0.0999078 0.0580847 0.0277731 0.0115222 0.00516527 0.00381141 0.00446884 0.0058422 0.00744017 0.00901329 0.0103583 0.0112956 0.0116979 0.0115188 0.0108032 0.0096735 0.00829747 0.00684861 0.00547168 0.00426253 0.00326457 0.0024782 0.00187688 0.00142307
 1.00159e-16 3.93238e-05 0.000230818 0.00109725 0.00422453 0.0131739 0.033276 0.0680861 0.112857 0.151552 0.164889 0.145374 0.10391 0.0603334 0.0287013 0.0116528 0.00483779 0.00315641 0.00349367 0.00451309 0.00573014 0.00692567 0.00793631 0.00862157 0.00888321 0.00868712 0.00807138 0.0071353 0.00601396 0.00484672 0.00374979 0.00280001 0.00203175 0.00144428 0.00101438 0.000709232
 1.00219e-16 3.5445e-05 0.000208038 0.000988929 0.00380744 0.0118732 0.0299907 0.0613648 0.101719 0.136604 0.148648 0.131109 0.0938317 0.054719 0.0264765 0.0115238 0.00598092 0.00527878 0.00660937 0.00872618 0.0111028 0.0134102 0.0153478 0.0166449 0.0171115 0.0166833 0.0154377 0.0135718 0.0113525 0.00905469 0.00690697 0.00506005 0.00358032 0.00246443 0.00166421 0.00111227
 1.00721e-16 3.02067e-05 0.000177277 0.000842667 0.00324427 0.0101169 0.0255546 0.052289 0.086678 0.116416 0.126708 0.111825 0.0801769 0.0470517 0.0233199 0.0110964 0.00712786 0.00755967 0.0100047 0.0133569 0.0170658 0.0206967 0.0238093 0.0259947 0.0269584 0.0265884 0.0249806 0.022408 0.0192493 0.0158991 0.0126898 0.00984619 0.00747578 0.00558938 0.00413585 0.00303685
 1.01149e-16 3.19046e-05 0.00018725 0.000890093 0.00342689 0.0106864 0.0269931 0.0552318 0.091554 0.122958 0.133811 0.118052 0.0845507 0.0494357 0.0241626 0.0109342 0.00628464 0.00612415 0.00793642 0.010592 0.0135862 0.016569 0.0191997 0.0211597 0.0222127 0.0222561 0.0213412 0.0196523 0.0174544 0.0150286 0.0126156 0.0103827 0.00841821 0.0067454 0.00534701 0.00418828
 1.01372e-16 2.97657e-05 0.000174689 0.000830366 0.00319691 0.00996924 0.0251816 0.0515257 0.0854124 0.114715 0.124855 0.110184 0.07899 0.0463336 0.0229245 0.0108439 0.00688431 0.00724791 0.00958751 0.0128239 0.0164309 0.0200008 0.0231207 0.0254043 0.0265687 0.0264973 0.0252648 0.0231087 0.0203644 0.0173835 0.0144633 0.0118059 0.0095111 0.00759568 0.00602509 0.00474393
 1.01298e-16 3.25415e-05 0.000190991 0.000907883 0.00349539 0.0109001 0.0275327 0.0563357 0.0933832 0.125413 0.136478 0.120393 0.0862025 0.0503511 0.0245161 0.0109354 0.0060652 0.00572787 0.00735676 0.00980851 0.0125873 0.0153642 0.0178246 0.0196753 0.0206981 0.0207976 0.0200188 0.0185283 0.0165664 0.0143875 0.0122089 0.0101809 0.00838186 0.00683225 0.00551681 0.00440588
 1.01304e-16 3.02742e-05 0.000177675 0.000844562 0.00325157 0.0101397 0.0256122 0.0524066 0.0868723 0.116675 0.126985 0.112058 0.0803192 0.0470852 0.0232441 0.0109073 0.00680725 0.00707699 0.00932784 0.0124652 0.0159626 0.0194186 0.02243 0.0246207 0.0257163 0.025606 0.0243656 0.0222306 0.0195314 0.0166137 0.0137687 0.0111935 0.00898364 0.00715262 0.005663 0.00445691
 1.01717e-16 2.86804e-05 0.000168317 0.000800071 0.00308027 0.00960548 0.0242628 0.0496458 0.0822966 0.110532 0.120306 0.106179 0.0761391 0.0447029 0.0221953 0.0106301 0.00692572 0.00743088 0.00988873 0.0132584 0.0170248 0.0207792 0.0241023 0.0265981 0.0279716 0.0280936 0.0270259 0.0249947 0.0223263 0.0193661 0.016409 0.0136594 0.0112238 0.00912979 0.00735647 0.00586296
 1.01612e-16 3.16788e-05 0.000185926 0.000883798 0.00340266 0.0106109 0.0268022 0.0548412 0.0909063 0.122087 0.132862 0.117211 0.0839409 0.0490636 0.0239521 0.0107913 0.00613817 0.0059316 0.00767566 0.0102551 0.013179 0.0161131 0.0187332 0.0207353 0.0218912 0.0220979 0.0213966 0.0199525 0.0180069 0.0158159 0.0135985 0.0115068 0.00962127 0.0079652 0.00652767 0.00528472
 1.01386e-16 3.1158e-05 0.000182865 0.000869245 0.00334662 0.0104361 0.0263608 0.0539382 0.0894103 0.120081 0.130685 0.115307 0.0826114 0.048356 0.0237359 0.0109114 0.00650688 0.00653412 0.00853491 0.0113958 0.0146028 0.0177836 0.020571 0.0226227 0.0236878 0.0236628 0.0226123 0.0207451 0.0183559 0.0157534 0.013198 0.0108659 0.0088435 0.00714457 0.00573855 0.00457757
 1.02815e-16 1.7799e-05 0.000104415 0.000496233 0.00191035 0.00595708 0.0150475 0.0307921 0.0510524 0.0685954 0.0747335 0.0661299 0.0477952 0.0288166 0.015711 0.00986291 0.00949641 0.0124445 0.0173205 0.0233651 0.0299966 0.0365655 0.0423408 0.0466235 0.0488956 0.0489377 0.0468729 0.0431179 0.0382667 0.0329447 0.027683 0.0228453 0.0186159 0.015033 0.0120457 0.00956639
 1.04272e-16 2.57142e-05 0.000150908 0.000717319 0.00276167 0.00861196 0.0217532 0.0445105 0.0737834 0.0990959 0.107854 0.0951786 0.0682272 0.0400112 0.0197835 0.00934685 0.00594189 0.00630884 0.00845338 0.0114896 0.0150193 0.018748 0.0223652 0.0255564 0.028054 0.0296854 0.030395 0.0302345 0.0293292 0.0278348 0.0259016 0.0236556 0.021198 0.0186155 0.0159911 0.0134106
 1.03431e-16 2.75455e-05 0.000161655 0.000768406 0.00295835 0.00922531 0.0233025 0.0476808 0.0790392 0.106157 0.115543 0.101975 0.0731214 0.0429258 0.0213039 0.0101897 0.00662493 0.00710635 0.00947274 0.0127345 0.0164106 0.0201252 0.0234924 0.0261461 0.0278104 0.0283588 0.0278359 0.0264319 0.0244232 0.0220982 0.0196969 0.017377 0.0152136 0.0132196 0.0113773 0.00966503
pSPR Fmed_Fpbrs
0.4579   0.6 0.325
Fs Fmed_Fpbrs
0.64   0.360869 1.14432
SSBpbr Bo_Bmed_Bpbrs
882901  360135  485595 242798
Ro
32859.6
SPR SPRFo_SPRFmed_SPRFpbrs
678690 310772 220574
log_Ro
10.22
likeval ReclasPelacesDesembMPH_pf_preclas_ppelaces_ptallas_desvR_qrecl_qpela
 66.3841 14.3821 0.0153456 0.000626298 337.946 208.334 56.3574 0 17.2664 4.38409e-07 9.39442e-05 1.44332e-15 0 0 0
q_reclas_q_pelaces
1.09837 3.97072
M
0.7
N
 34908.2 11851.9 4546.16 550 0.215837
 44077.5 15859.9 3094.62 1187.04 143.666
 17663.9 20047 4172.96 814.241 350.127
 24429.7 7469.24 3115.03 648.421 180.927
 49485.9 11619.4 2715.79 1132.62 301.549
 34100.1 24371.3 5434.7 1270.24 670.795
 71788 15645.3 6830.51 1523.18 544.012
 69881 33761.4 5243.22 2289.12 692.78
 92355.3 31610 8539.96 1326.27 754.273
 116917 41288.8 7345.6 1984.53 483.482
 63205.1 54003.7 12147.7 2161.17 726.12
 44534.3 27594.5 10572.3 2378.14 565.242
 51460.2 19504.4 5526.64 2117.42 589.503
 27272 20690.5 2105.25 596.528 292.177
 14729.4 9278.4 667.669 67.9351 28.678
 12297.5 4911.83 259.05 18.6411 2.69741
 8897.31 5199.3 762.429 40.2106 3.31223
 10739 3899.69 1047.1 153.548 8.76518
 11313 4854.38 981.572 263.561 40.855
 17137 5219.25 1416.01 286.323 88.7977
 23182.3 7860.05 1459.47 395.964 104.896
 28337.6 11103 3005.15 558.004 191.495
 46900.5 13451 3978.78 1076.9 268.584
 67717.5 22031.5 4470.44 1322.34 447.171
 28852.8 31917.5 7502.3 1522.3 602.565
 40964.1 13735.5 11681 2745.66 777.647
 44914.9 19413.9 4866.51 4138.58 1248.31
pred_Ctot
 2147.13 4192.2 1608.05 194.544 0.0763449
 2680.05 5559.7 1084.82 416.117 50.3622
 1903.71 10566 2199.41 429.156 184.539
 743.357 1464.54 610.785 127.14 35.4755
 293.706 487.331 113.903 47.5031 12.6472
 1874.34 7887.87 1758.97 411.12 217.106
 2742.1 3741.58 1633.52 364.269 130.101
 4501.85 12377.3 1922.23 839.219 253.982
 6663.71 12625.8 3411.06 529.746 301.275
 5898.22 12468 2218.15 599.27 145.997
 5532.98 24789.3 5576.14 992.038 333.31
 3808.29 12461.4 4774.34 1073.95 255.258
 7130.21 11928.2 3379.91 1294.94 360.52
 6311.31 15940.8 1621.97 459.592 225.106
 3559.81 7255.01 522.067 53.1201 22.424
 1326.47 2590.22 136.609 9.83027 1.42246
 756.453 2338.44 342.911 18.0851 1.48971
 696.681 1437.38 385.948 56.5957 3.23073
 579.772 1484.8 300.232 80.615 12.4963
 945.561 1694.42 459.706 92.9542 28.828
 593.501 1320.26 245.149 66.5104 17.6195
 901.669 2264.79 612.99 113.821 39.0611
 1828.53 3273.81 968.385 262.104 65.37
 2483.99 5088.23 1032.46 305.398 103.275
 859.922 6144.09 1444.19 293.041 115.993
 1347.92 2885.74 2454.09 576.842 163.378
 2127.17 5565.99 1395.23 1186.54 357.891
F
 0.0889283 0.642823 0.642823 0.642823 0.642823
 0.0878689 0.635165 0.635165 0.635165 0.635165
 0.160729 1.16184 1.16184 1.16184 1.16184
 0.0431219 0.311709 0.311709 0.311709 0.311709
 0.0082831 0.0598749 0.0598749 0.0598749 0.0598749
 0.0791314 0.572006 0.572006 0.572006 0.572006
 0.0543998 0.393232 0.393232 0.393232 0.393232
 0.093319 0.674562 0.674562 0.674562 0.674562
 0.105052 0.759373 0.759373 0.759373 0.759373
 0.0724146 0.523453 0.523453 0.523453 0.523453
 0.12877 0.930819 0.930819 0.930819 0.930819
 0.125618 0.908036 0.908036 0.908036 0.908036
 0.211136 1.52621 1.52621 1.52621 1.52621
 0.378172 2.73364 2.73364 2.73364 2.73364
 0.398201 2.87842 2.87842 2.87842 2.87842
 0.160875 1.16289 1.16289 1.16289 1.16289
 0.124852 0.902498 0.902498 0.902498 0.902498
 0.0940018 0.679498 0.679498 0.679498 0.679498
 0.0736017 0.532034 0.532034 0.532034 0.532034
 0.0794458 0.574279 0.574279 0.574279 0.574279
 0.036171 0.261464 0.261464 0.261464 0.261464
 0.0451322 0.326241 0.326241 0.326241 0.326241
 0.0555532 0.401569 0.401569 0.401569 0.401569
 0.0521909 0.377265 0.377265 0.377265 0.377265
 0.0422201 0.30519 0.30519 0.30519 0.30519
 0.046705 0.33761 0.33761 0.33761 0.33761
 0.0678469 0.490435 0.490435 0.490435 0.490435
Np
 22467.1 10613.5 7214.22 2043.54 689.578
YTP_r0W_actual
 12935.6 93267.4 33986.8 36911.3 12355.1
YTP_p0W_proyectada
 6470.61 100123 41229.3 13198.5 16243.6
 6470.61 50989 50382.7 18226 6825.06
CTP_r0_actual
 1577.52 4317.93 1082.38 920.48 277.642
CTP_p0_proyectada
 789.099 4635.34 1313.04 329.14 365.025
 789.099 2360.6 1604.55 454.514 153.372
Wmedp
 8.2 21.6 31.4 40.1 44.5
nmprior
 10.8 10.6 4.6 0
nm_flota  nm_reclas  nm_pelaces    nm_pelaL
inf 24.0379 14.4375 42.0038
cv_recla  cv_pelaces  cv_mph
0.705607 0.415434 0.668847
 ------------------------------------------------
Talla a la edad & desviaci?n 
 7.2 14.2025 17.0495 18.207 18.6776
 1.08 2.13037 2.55742 2.73105 2.80164
