years
 1997 1998 1999 2000 2001 2002 2003 2004 2005 2006 2007 2008 2009 2010 2011 2012 2013 2014 2015 2016 2017 2018 2019 2020 2021 2022 2023
reclasobs
 0 0 0 370054 412103 1.49427e+06 250295 1.28982e+06 931140 785840 897777 1.04006e+06 184774 17550 25797 100020 73551 82996 120727 218422 84188 347160 605670 569463 516374 1.08416e+06 1.01767e+06
reclaspred
 7.70312e+06 1.3965e+06 1.6457e+06 257028 228131 347530 655201 650712 667362 853470 974197 711270 361470 138843 76018.5 79843.5 82011.4 108327 142733 146429 209720 243356 384557 491043 838527 744956 332996
pelacesobs
 0 0 0 0 0 0 0 0 0 2.06254e+06 1.5e+06 0 1.87456e+06 323000 250000 174000 83755 137374 0 501740 490994 745055 786931 1.00524e+06 1.33801e+06 1.41789e+06 0
pelacespred
 1.19465e+07 4.45018e+06 905033 327947 654172 614226 2.08603e+06 1.95867e+06 1.74113e+06 2.53273e+06 2.1962e+06 1.54795e+06 926251 299971 170161 173308 177236 252207 315467 276656 557130 568285 645079 1.07644e+06 1.68989e+06 1.23327e+06 438719
mphobs
 0 0 0 0 0 0 112323 0 153150 637223 0 255016 313432 73983 77613 109348 50772 17779 17303 59886 28197 0 207744 136588 643089 65757 70829
mphpred
 1.3971e+06 583756 230509 69178.1 44959.4 158029 180251 342900 304119 326563 450925 299880 173697 101786 44179.2 32583.1 26297.2 33859.1 50473.4 43561.7 60224 88958.2 97317.4 149606 232163 169009 134003
desembarqueobs
 350755 77701 442110 56441 14545 235359 269955 359681 431902 328805 639364 411747 362871 311530 167758 66681 60226 58785 57116 73181 50977 67692 138656 160484 209506 203330 245020
desembarquepred
 350744 77677.2 441478 56401.6 14541.6 235134 269841 359016 431284 328439 638037 410924 362041 310932 167202 66587.4 60175.7 58681.9 57022.8 73073.2 50952.8 67603.4 138500 160336 209267 202993 244679
Reclutas
 7475.35 10375.4 1231.26 3748.48 39292 12075.5 64918.7 55783 61630.5 114056 63197.5 48999.3 57984.1 28976.9 12196.9 9100.83 6836.34 8671.83 7787.65 8309.57 15482.6 16958.7 27672.7 48066.6 12783.5 30163 1259.42
log_desv_Rt
 -0.820634 -0.49281 -2.62421 -1.51089 0.838775 -0.341063 1.34089 1.18922 1.28891 1.90445 1.31402 1.05956 1.22792 0.534254 -0.331059 -0.623879 -0.909993 -0.672165 -0.779706 -0.714837 -0.0925306 -0.00146445 0.488201 1.04034 -0.284092 0.57437 -2.60159
SSB
 1.62644e+06 679582 268348 80534.1 52339.7 183971 199870 391423 338666 367674 524946 349107 214541 129272 60822.7 44906.5 39428.7 46183 61756.1 59375.8 72947.7 103561 119117 168813 300662 236015 171907
BT
 2.06829e+06 812572 386650 127494 241537 290011 1.02889e+06 920563 946326 1.10665e+06 1.12271e+06 792137 672151 387960 195307 102806 100233 123335 116511 127918 200700 174865 249753 417697 454481 460244 259105
Ftot
 0.171819 0.295367 1.3674 1.20063 0.363634 1.74106 1.87017 1.72302 2.11955 1.44025 1.89427 1.85887 3.20024 4.95303 4.95303 2.30308 2.20322 1.80164 1.22065 1.61508 0.887256 0.917472 1.22239 1.16011 0.765296 1.11405 1.99956
BD_Bspro_t
 0.975919 0.825721 0.554475 0.171157 0.216001 0.535514 0.378071 0.478382 0.390225 0.371296 0.419214 0.267675 0.183654 0.130797 0.0745764 0.0683167 0.0835213 0.134699 0.213564 0.249395 0.319707 0.463357 0.453875 0.467481 0.535693 0.399829 0.321297
BD_Bspro
 4.63661 1.93734 0.764999 0.229584 0.149209 0.524459 0.569785 1.11586 0.96546 1.04816 1.4965 0.995226 0.611607 0.368525 0.173392 0.128018 0.112402 0.131657 0.176053 0.169267 0.207957 0.29523 0.339577 0.481247 0.85712 0.672825 0.490068
BD_Bo
 2.87948 1.20315 0.475088 0.142579 0.0926632 0.325705 0.353854 0.692982 0.59958 0.650938 0.929375 0.618066 0.379827 0.228865 0.107682 0.0795033 0.0698053 0.0817633 0.109334 0.10512 0.129148 0.183347 0.210888 0.298869 0.532298 0.417845 0.304347
BD_Brms
 5.23542 2.18754 0.863797 0.259235 0.168479 0.592191 0.643371 1.25997 1.09015 1.18352 1.68977 1.12376 0.690594 0.416119 0.195785 0.144552 0.126919 0.14866 0.19879 0.191127 0.234815 0.333358 0.383432 0.543398 0.967815 0.759718 0.553359
S_f
 0.0757703 0.8217 0.996155 0.999931 0.999999
 0.0757703 0.8217 0.996155 0.999931 0.999999
 0.0757703 0.8217 0.996155 0.999931 0.999999
 0.0757703 0.8217 0.996155 0.999931 0.999999
 0.0757703 0.8217 0.996155 0.999931 0.999999
 0.0757703 0.8217 0.996155 0.999931 0.999999
 0.0757703 0.8217 0.996155 0.999931 0.999999
 0.0757703 0.8217 0.996155 0.999931 0.999999
 0.0757703 0.8217 0.996155 0.999931 0.999999
 0.0757703 0.8217 0.996155 0.999931 0.999999
 0.0757703 0.8217 0.996155 0.999931 0.999999
 0.0757703 0.8217 0.996155 0.999931 0.999999
 0.0757703 0.8217 0.996155 0.999931 0.999999
 0.0757703 0.8217 0.996155 0.999931 0.999999
 0.0757703 0.8217 0.996155 0.999931 0.999999
 0.0757703 0.8217 0.996155 0.999931 0.999999
 0.0757703 0.8217 0.996155 0.999931 0.999999
 0.0757703 0.8217 0.996155 0.999931 0.999999
 0.0757703 0.8217 0.996155 0.999931 0.999999
 0.0757703 0.8217 0.996155 0.999931 0.999999
 0.0757703 0.8217 0.996155 0.999931 0.999999
 0.0757703 0.8217 0.996155 0.999931 0.999999
 0.0757703 0.8217 0.996155 0.999931 0.999999
 0.0757703 0.8217 0.996155 0.999931 0.999999
 0.0757703 0.8217 0.996155 0.999931 0.999999
 0.0757703 0.8217 0.996155 0.999931 0.999999
 0.0757703 0.8217 0.996155 0.999931 0.999999
Scru_reclas
 0.0813673 0.308323 0.691677 0.918633 0.982704
 0.0813673 0.308323 0.691677 0.918633 0.982704
 0.0813673 0.308323 0.691677 0.918633 0.982704
 0.0813673 0.308323 0.691677 0.918633 0.982704
 0.0813673 0.308323 0.691677 0.918633 0.982704
 0.0813673 0.308323 0.691677 0.918633 0.982704
 0.0813673 0.308323 0.691677 0.918633 0.982704
 0.0813673 0.308323 0.691677 0.918633 0.982704
 0.0813673 0.308323 0.691677 0.918633 0.982704
 0.0813673 0.308323 0.691677 0.918633 0.982704
 0.0813673 0.308323 0.691677 0.918633 0.982704
 0.0813673 0.308323 0.691677 0.918633 0.982704
 0.0813673 0.308323 0.691677 0.918633 0.982704
 0.0813673 0.308323 0.691677 0.918633 0.982704
 0.0813673 0.308323 0.691677 0.918633 0.982704
 0.0813673 0.308323 0.691677 0.918633 0.982704
 0.0813673 0.308323 0.691677 0.918633 0.982704
 0.0813673 0.308323 0.691677 0.918633 0.982704
 0.0813673 0.308323 0.691677 0.918633 0.982704
 0.0813673 0.308323 0.691677 0.918633 0.982704
 0.0813673 0.308323 0.691677 0.918633 0.982704
 0.0813673 0.308323 0.691677 0.918633 0.982704
 0.0813673 0.308323 0.691677 0.918633 0.982704
 0.0813673 0.308323 0.691677 0.918633 0.982704
 0.0813673 0.308323 0.691677 0.918633 0.982704
 0.0813673 0.308323 0.691677 0.918633 0.982704
 0.0813673 0.308323 0.691677 0.918633 0.982704
Scru_pelaces
 0.329841 1 1 1 1
 0.329841 1 1 1 1
 0.329841 1 1 1 1
 0.329841 1 1 1 1
 0.329841 1 1 1 1
 0.329841 1 1 1 1
 0.329841 1 1 1 1
 0.329841 1 1 1 1
 0.329841 1 1 1 1
 0.329841 1 1 1 1
 0.329841 1 1 1 1
 0.329841 1 1 1 1
 0.329841 1 1 1 1
 0.329841 1 1 1 1
 0.329841 1 1 1 1
 0.329841 1 1 1 1
 0.329841 1 1 1 1
 0.329841 1 1 1 1
 0.329841 1 1 1 1
 0.329841 1 1 1 1
 0.329841 1 1 1 1
 0.329841 1 1 1 1
 0.329841 1 1 1 1
 0.329841 1 1 1 1
 0.329841 1 1 1 1
 0.329841 1 1 1 1
 0.329841 1 1 1 1
pf_obs 
 0.256992 0.487395 0.22802 0.0275931 0
 0.321318 0.546541 0.124235 0.00734118 0.000564706
 0.182869 0.594174 0.210203 0.0122559 0.00049798
 0.330522 0.361315 0.267642 0.0388342 0.00168674
 0.649043 0.306663 0.0425973 0.00169635 0
 0.582887 0.30429 0.105238 0.00758474 0
 0.465427 0.430635 0.0974691 0.00646863 0
 0.296916 0.608066 0.0921331 0.00288517 0
 0.311714 0.524322 0.152257 0.0117073 0
 0.15457 0.633149 0.183074 0.0267441 0.00246327
 0.131901 0.49318 0.331252 0.0422183 0.00144891
 0.196976 0.569456 0.194076 0.0375587 0.00193317
 0.518974 0.381816 0.0799577 0.0180837 0.00116848
 0.0928022 0.601141 0.25162 0.0475244 0.00691264
 0.122501 0.610282 0.24278 0.0234846 0.000952079
 0.383417 0.481906 0.127806 0.00687128 0
 0.0376549 0.599619 0.316969 0.0457579 0
 0.0361596 0.667082 0.258105 0.0386534 0
 0.158088 0.579412 0.248529 0.0139706 0
 0.0477256 0.309471 0.559284 0.082774 0.000745712
 0.0406174 0.521527 0.379366 0.0568643 0.0016247
 0.151134 0.462217 0.34131 0.0453401 0
 0.294876 0.26143 0.354403 0.0886775 0.000613685
 0.281977 0.475581 0.204845 0.0348837 0.00271318
 0.0841818 0.532909 0.334909 0.0458182 0.00218182
 0.115287 0.27431 0.454777 0.147771 0.00785563
 0 0 0 0 0
pf_pred 
 0.0103731 0.638133 0.310468 0.041023 1.91283e-06
 0.0277393 0.0966045 0.604769 0.239384 0.0315027
 0.0092384 0.274296 0.0867197 0.435524 0.194222
 0.135807 0.151425 0.251294 0.0562104 0.405264
 0.646181 0.269819 0.0191328 0.0229702 0.0418973
 0.084356 0.876067 0.0317378 0.0017919 0.00604727
 0.565249 0.293125 0.137454 0.0033511 0.000820809
 0.225983 0.752131 0.0165878 0.00514339 0.000154759
 0.266593 0.635919 0.0956149 0.00142233 0.000450576
 0.358607 0.583556 0.0526801 0.00505889 9.81605e-05
 0.151863 0.77728 0.0662602 0.00418982 0.000407141
 0.186155 0.66341 0.141915 0.007972 0.000548263
 0.326273 0.576725 0.0843508 0.0119405 0.000710713
 0.251441 0.721365 0.0249221 0.0019785 0.000292902
 0.247337 0.737689 0.0147474 0.000208287 1.86208e-05
 0.269323 0.715021 0.0155269 0.000126997 1.91676e-06
 0.217797 0.71768 0.063657 0.000859446 7.06453e-06
 0.291953 0.629764 0.0740807 0.00414564 5.58869e-05
 0.199179 0.72463 0.0703532 0.00552653 0.000310806
 0.219421 0.634364 0.135922 0.00950943 0.0007837
 0.305138 0.594736 0.0864782 0.0126946 0.000953791
 0.199324 0.692385 0.0961422 0.0105008 0.00164762
 0.269243 0.576166 0.138405 0.0143792 0.00180618
 0.302675 0.604591 0.0777158 0.0134554 0.0015629
 0.0565301 0.827363 0.104474 0.0097594 0.0018736
 0.227095 0.350038 0.382045 0.0367518 0.00406962
 0.0123508 0.839034 0.0789921 0.0629413 0.00668186
pobs_RECLAS
 0 0 0 0 0
 0 0 0 0 0
 0 0 0 0 0
 0 0 0 0 0
 0.835266 0.146461 0.0176864 0.000547809 3.91292e-05
 0.385257 0.428462 0.181853 0.0044286 0
 0.867414 0.0963971 0.0333333 0.00285562 0
 0.441836 0.489002 0.0689373 0.000224442 0
 0.779404 0.147425 0.0564933 0.0165055 0.000172143
 0.814271 0.122319 0.05973 0.00367925 0
 0.40263 0.566651 0.0304383 0.000280538 0
 0.475488 0.404961 0.113038 0.00651328 0
 0.955842 0.0263864 0.0167828 0.000988607 0
 0.975058 0.0227948 0.00214734 0 0
 0.738997 0.206755 0.0527124 0.00153531 0
 0.850938 0.134255 0.0134407 0.00136685 0
 0.542534 0.407297 0.0501686 0 0
 0.764087 0.199537 0.0359546 0.000420521 0
 0.470689 0.182191 0.310203 0.0369168 0
 0.84361 0.089868 0.0606195 0.00523954 0.000663233
 0.607945 0.314616 0.071237 0.00620181 0
 0.523733 0.453247 0.0230204 0 0
 0.530135 0.295979 0.169645 0.0042399 0
 0.562478 0.366248 0.0663022 0.0049721 0
 0.250443 0.683176 0.0655157 0.000865301 0
 0.195077 0.31981 0.436473 0.0351445 0.0134964
 0.565238 0.351407 0.0832357 0.000118908 0
ppred_RECLAS
 0.0223107 0.475653 0.427328 0.0747046 3.72604e-06
 0.041172 0.0493496 0.569352 0.298156 0.0419707
 0.0149091 0.138818 0.0783117 0.519942 0.248019
 0.194066 0.0691071 0.206011 0.0609293 0.469887
 0.800417 0.114554 0.0149512 0.0237467 0.0463314
 0.228452 0.710829 0.0451797 0.00337091 0.0121684
 0.779656 0.119062 0.0973255 0.00313514 0.000821398
 0.486715 0.486477 0.0188398 0.0077199 0.000248462
 0.53821 0.364915 0.0943924 0.00185474 0.000628476
 0.625843 0.316709 0.0508585 0.00645618 0.000133999
 0.364193 0.547115 0.0812025 0.00678423 0.000705166
 0.404123 0.424763 0.158485 0.0117635 0.000865365
 0.650709 0.272449 0.064111 0.0119694 0.000762033
 0.670558 0.312363 0.0152371 0.00159073 0.000251876
 0.667459 0.323231 0.00912368 0.000169457 1.62032e-05
 0.567723 0.416701 0.0154075 0.000166421 2.68671e-06
 0.483548 0.447292 0.067938 0.00121146 1.06515e-05
 0.560873 0.359586 0.0739904 0.00547138 7.88965e-05
 0.419507 0.486397 0.0847627 0.00880372 0.000529602
 0.445111 0.391808 0.148172 0.0137011 0.0012078
 0.541453 0.347525 0.0917733 0.0178172 0.00143193
 0.403772 0.460608 0.116045 0.0167623 0.00281331
 0.494642 0.337282 0.145416 0.0199752 0.00268388
 0.547363 0.35067 0.0810952 0.0185651 0.00230665
 0.139683 0.680385 0.156609 0.0193499 0.00397357
 0.382752 0.190112 0.373936 0.0475659 0.00563401
 0.0362252 0.711743 0.116027 0.122136 0.0138691
pobs_PELACES
 0 0 0 0 0
 0 0 0 0 0
 0 0 0 0 0
 0 0 0 0 0
 0 0 0 0 0
 0 0 0 0 0
 0 0 0 0 0
 0 0 0 0 0
 0 0 0 0 0
 0 0 0 0 0
 0.450072 0.473896 0.0757376 0.000293798 0
 0 0 0 0 0
 0.463077 0.371075 0.160297 0.00555027 0
 0.529543 0.364841 0.0842815 0.0213345 0
 0.631943 0.363953 0.00410389 0 0
 0.735681 0.248677 0.0153453 0.000297389 0
 0.695825 0.281241 0.0229344 0 0
 0.275771 0.60734 0.115278 0.00161068 0
 0 0 0 0 0
 0.896147 0.0623911 0.0374545 0.00400742 0
 0.803859 0.145111 0.0509908 3.86294e-05 0
 0.739449 0.233085 0.0266225 0.000797448 4.60066e-05
 0.878498 0.100942 0.0204185 0.000141795 0
 0.694673 0.275183 0.0284847 0.00165964 0
 0.469039 0.446079 0.0841089 0.000773354 0
 0.822795 0.102175 0.0682046 0.00682512 0
 0 0 0 0 0
ppred_PELACES
 0.0405053 0.662306 0.262626 0.0345614 1.61142e-06
 0.118884 0.106015 0.536024 0.211275 0.0278014
 0.0606771 0.322834 0.0750366 0.374475 0.166978
 0.511555 0.108456 0.134494 0.0299055 0.215589
 0.884327 0.0925915 0.0052753 0.0063058 0.0115008
 0.374041 0.606599 0.0155472 0.000871515 0.00294079
 0.906543 0.0698984 0.0228699 0.000553407 0.000135532
 0.651871 0.341106 0.00533245 0.00164169 4.93902e-05
 0.737764 0.237524 0.0242416 0.000357701 0.000113299
 0.766539 0.217721 0.0143449 0.00136864 2.65535e-05
 0.554992 0.418473 0.0248256 0.001558 0.000151376
 0.618645 0.329224 0.0491995 0.00274324 0.000188637
 0.856427 0.130499 0.0113853 0.0015941 9.48643e-05
 0.899215 0.0990204 0.00161895 0.000126476 1.87184e-05
 0.896396 0.102619 0.00097084 1.34933e-05 1.20595e-06
 0.747394 0.248982 0.00359415 2.91466e-05 4.39841e-07
 0.686674 0.295466 0.0176216 0.000235946 1.93915e-06
 0.736397 0.242429 0.0200454 0.00111358 1.50102e-05
 0.574466 0.394604 0.0285732 0.00223111 0.000125462
 0.644576 0.305043 0.046857 0.00325575 0.000268283
 0.682039 0.281528 0.0314899 0.00459807 0.000345437
 0.550805 0.401098 0.0427276 0.00464175 0.000728242
 0.673612 0.272002 0.0487228 0.00503164 0.000631959
 0.699529 0.269492 0.0259861 0.00447277 0.000519479
 0.218338 0.704798 0.0691982 0.00643138 0.00123458
 0.63416 0.191572 0.157533 0.015067 0.00166824
 0.0849194 0.816012 0.0528495 0.0417837 0.00443515
pobs_pel_tallas
 0 0 0 0 0 0 0 0 0 0 0 0 0 0 0 0 0 0 0 0 0 0 0 0 0 0 0 0 0 0 0 0 0 0 0 0
 0 0 0 0 0 0 0 0 0 0 0 0 0 0 0 0 0 0 0 0 0 0 0 0 0 0 0 0 0 0 0 0 0 0 0 0
 0 0 0 0 0 0 0 0 0 0 0 0 0 0 0 0 0 0 0 0 0 0 0 0 0 0 0 0 0 0 0 0 0 0 0 0
 0 0 0 0 0 0 0 0 0 0 0 0 0 0 0 0 0 0 0 0 0 0 0 0 0 0 0 0 0 0 0 0 0 0 0 0
 0 0 0 0 0 0 0 0 0 0 0 0 0 0 0 0 0 0 0 0 0 0 0 0 0 0 0 0 0 0 0 0 0 0 0 0
 0 0 0 0 0 0 0 0 0 0 0 0 0 0 0 0 0 0 0 0 0 0 0 0 0 0 0 0 0 0 0 0 0 0 0 0
 0 0 0 0 0 0 0 0 0 0 0 0 0 0 0 0 0 0 0 0 0 0 0 0 0 0 0 0 0 0 0 0 0 0 0 0
 0 0 0 0 0 0 0 0 0 0 0 0 0 0 0 0 0 0 0 0 0 0 0 0 0 0 0 0 0 0 0 0 0 0 0 0
 0 0 0 0 0 0 0 0 0 0 0 0 0 0 0 0 0 0 0 0 0 0 0 0 0 0 0 0 0 0 0 0 0 0 0 0
 0 0 0 0 0 0 0 0 0 0 0 0 0 0 0 0 0 0 0 0 0 0 0 0 0 0 0 0 0 0 0 0 0 0 0 0
 0 0 0 0 0 0 0 0 1.78061e-05 0.00172719 0.00360574 0.0105946 0.0120993 0.0124554 0.0147524 0.0171206 0.0266825 0.0428682 0.0675386 0.121331 0.153587 0.119568 0.100827 0.0573624 0.0630603 0.0341343 0.0324427 0.0444173 0.0211091 0.0280891 0.0125444 0.00206551 0 0 0 0
 0 0 0 0 0 0 0 0 0 0 0 0 0 0 0 0 0 0 0 0 0 0 0 0 0 0 0 0 0 0 0 0 0 0 0 0
 0 0 0 0 0 0 0.0133647 0.0140871 0.0187388 0.0205184 0.03894 0.0496705 0.03968 0.0493445 0.0407372 0.0367815 0.0215668 0.0243155 0.0234873 0.0199281 0.019796 0.0243948 0.0301388 0.0376714 0.0412746 0.0863199 0.0771752 0.113111 0.0741005 0.0525337 0.0229764 0.00759418 0.00175318 0 0 0
 0 0 0 0 0 0 0 0 0 0 0.00219441 0.00772107 0.0458388 0.0604681 0.0671733 0.0775358 0.0609151 0.0617685 0.073594 0.0568108 0.0755445 0.0548602 0.0670107 0.0636378 0.0643287 0.046367 0.0373049 0.0286899 0.0247887 0.0153202 0.00654259 0.00121912 0.000365735 0 0 0
 0 0 0 0 0 0 0 0 0 0 0 0 0.000112435 0.00938835 0.0111873 0.0202946 0.0414886 0.0713402 0.111592 0.104902 0.108894 0.110636 0.117776 0.105296 0.107544 0.0401394 0.0192827 0.0124803 0.00416011 0.0028671 0.000618394 0 0 0 0 0
 0 0 0 0 0 0 0 0 0 0 0.00291406 0.0102884 0.027416 0.0768956 0.0749926 0.110853 0.0956884 0.0897413 0.0766577 0.0534642 0.0500743 0.0551293 0.0594112 0.0620874 0.0668451 0.0424026 0.0208742 0.0120726 0.0048766 0.00582813 0.00118941 0.000297354 0 0 0 0
 0 0.00264628 0.0354308 0.0461629 0.0458689 0.0383711 0.0214643 0.0164657 0.0346957 0.0420465 0.0363128 0.0245516 0.0311673 0.0291091 0.0169068 0.0133784 0.00837989 0.0085269 0.0148486 0.0160247 0.0276389 0.0546898 0.0760071 0.122758 0.109233 0.0665981 0.0333725 0.0166128 0.00676272 0.00308733 0.000882094 0 0 0 0 0
 0 0 0 0 0 0 0 0.000805153 0.000690131 0.00759144 0.0133425 0.0154129 0.00931677 0.000345066 0.00356568 0.00563607 0.00851162 0.0253048 0.0502646 0.0516448 0.0657925 0.0565908 0.0611916 0.0827007 0.0866115 0.110766 0.145733 0.0935128 0.0569358 0.0249597 0.0138026 0.00621118 0.00161031 0.00115022 0 0
 0 0 0 0 0 0 0 0 0 0 0 0 0 0 0 0 0 0 0 0 0 0 0 0 0 0 0 0 0 0 0 0 0 0 0 0
 0.00147267 0.00158595 0.00478618 0.00569244 0.00954404 0.0108468 0.00647125 0.017049 0.0510054 0.094081 0.124002 0.0959785 0.0687766 0.0820023 0.061753 0.0591476 0.0492212 0.0479892 0.0443925 0.0268479 0.0217502 0.0140895 0.0121071 0.0120363 0.00920419 0.00665534 0.0049561 0.00860946 0.00930331 0.0156896 0.0114698 0.00855282 0.00243557 0.00046729 0 2.83206e-05
 0 0 0 0 0.000772559 0.00158375 0.000888443 0.00281984 0.00712685 0.0440552 0.0773331 0.111326 0.0921469 0.0852325 0.0710754 0.0886704 0.0786465 0.0553345 0.0373146 0.0185414 0.00753245 0.00457741 0.012979 0.0271748 0.0457355 0.0583668 0.034881 0.0177882 0.00938659 0.00492506 0.0015258 0.00185414 0.000309023 5.79419e-05 3.86279e-05 0
 0 0.00173294 0.00326652 0 0.00397197 0.00683976 0.00946217 0.0152591 0.00757587 0.0136028 0.0228656 0.0392903 0.0559909 0.0764795 0.0681675 0.0726916 0.0566044 0.0477403 0.0527397 0.0444891 0.0609904 0.0582453 0.0661739 0.0445044 0.0529084 0.0360697 0.0280645 0.0235558 0.0158879 0.00826598 0.00280645 0.00217768 0.000904811 0.00058276 9.20147e-05 0
 0 0 0 0 0 0 0 0 0 0 0 0 0 0 0 0 0 0 0 0 0 0 0 0 0 0 0 0 0 0 0 0 0 0 0 0
 0 0 0 0 0 0 0 0 0 0 0 0 0 0 0 0 0 0 0 0 0 0 0 0 0 0 0 0 0 0 0 0 0 0 0 0
 0 0 0 0 0 0 0 0 0 0 0 0 0 0 0 0 0 0 0 0 0 0 0 0 0 0 0 0 0 0 0 0 0 0 0 0
 0 0 0 0 0 0 0 0 0 0 0 0 0 0 0 0 0 0 0 0 0 0 0 0 0 0 0 0 0 0 0 0 0 0 0 0
 0 0 0 0 0 0 0 0 0 0 0 0 0 0 0 0 0 0 0 0 0 0 0 0 0 0 0 0 0 0 0 0 0 0 0 0
ppred_pel_tallas
 1.05132e-16 1.80633e-06 1.05037e-05 4.9725e-05 0.000191101 0.000595621 0.00150522 0.00308524 0.0051345 0.00695712 0.00773327 0.00720807 0.0060041 0.00520948 0.00572024 0.00796917 0.0120767 0.0180503 0.025804 0.0350526 0.0452167 0.0554241 0.0646233 0.0717801 0.0760997 0.077198 0.0751709 0.0705329 0.0640617 0.0566002 0.048886 0.0414519 0.0346079 0.0284832 0.0230948 0.01841
 1.16203e-16 5.2019e-06 3.04888e-05 0.000144848 0.000557535 0.00173847 0.00439129 0.0089863 0.0149004 0.020025 0.0218288 0.0193444 0.0140453 0.00860283 0.00495215 0.00355111 0.00396283 0.00566965 0.0084168 0.0121612 0.0169219 0.0226763 0.0293129 0.0366162 0.0442707 0.0518752 0.0589686 0.0650649 0.0696979 0.0724753 0.073133 0.0715807 0.0679263 0.0624685 0.055659 0.0480381
 1.2184e-16 2.67088e-06 1.56138e-05 7.40952e-05 0.000285062 0.000888733 0.00224518 0.00459662 0.00762977 0.010278 0.0112676 0.0101364 0.00768788 0.00536116 0.00424497 0.0046919 0.00659653 0.00977952 0.0141244 0.0195176 0.0257575 0.0325206 0.0393933 0.0459463 0.0518197 0.0567834 0.0607532 0.0637535 0.0658499 0.067078 0.0674028 0.0667218 0.06491 0.0618819 0.0576501 0.0523543
 1.13046e-16 2.23231e-05 0.000131008 0.000622733 0.00239753 0.00747642 0.0188848 0.0386409 0.064052 0.0860215 0.0936122 0.0825815 0.0591345 0.0345535 0.0168544 0.00758483 0.00433664 0.0042815 0.00571408 0.00792475 0.010664 0.0138027 0.0172111 0.0207422 0.0242468 0.0275891 0.0306535 0.0333386 0.0355464 0.0371733 0.0381115 0.0382636 0.0375646 0.0360051 0.033645 0.0306153
 1.0086e-16 3.85771e-05 0.000226435 0.00107641 0.00414428 0.0129236 0.0326439 0.0667929 0.110713 0.148674 0.161759 0.142617 0.101944 0.0592021 0.0281826 0.0114766 0.00481905 0.00320952 0.00359429 0.00466352 0.005942 0.00721371 0.00831647 0.00911017 0.00949621 0.00943904 0.00897382 0.00819484 0.0072299 0.00620884 0.00523699 0.00438023 0.00366356 0.00308013 0.00260498 0.00220839
 1.00586e-16 1.63472e-05 9.5878e-05 0.000455619 0.00175392 0.00546923 0.0138154 0.0282723 0.0468799 0.063005 0.0686846 0.0608767 0.044214 0.0270868 0.0155411 0.0109194 0.0116565 0.0157973 0.0220438 0.0295895 0.0376975 0.0454922 0.051992 0.0562809 0.057717 0.0560908 0.0516796 0.0451714 0.0374925 0.0295927 0.0222596 0.0160075 0.0110572 0.00738556 0.00481378 0.00309654
 1.00373e-16 3.9545e-05 0.000232119 0.00110343 0.00424835 0.0132482 0.0334636 0.0684699 0.113492 0.152404 0.165812 0.146176 0.10446 0.0606038 0.0287394 0.0115125 0.00454143 0.00269463 0.00284348 0.0036576 0.00467388 0.00570445 0.00662028 0.00731015 0.00769179 0.00772814 0.00743428 0.00687056 0.00612537 0.00529342 0.0044568 0.00367389 0.00297702 0.00237709 0.00187122 0.00145022
 1.00246e-16 2.84511e-05 0.000166963 0.000793619 0.0030554 0.0095279 0.0240669 0.0492456 0.0816356 0.109651 0.119366 0.105394 0.0756712 0.0446197 0.0225075 0.011362 0.0081526 0.00926831 0.0124525 0.0166154 0.021146 0.0255049 0.0291316 0.03151 0.0322803 0.0313265 0.0288073 0.0251127 0.0207664 0.0163053 0.0121739 0.00866214 0.00589342 0.00385315 0.00243825 0.00150798
 1.0044e-16 3.21923e-05 0.000188936 0.000898104 0.00345773 0.0107826 0.027236 0.055729 0.0923789 0.124068 0.135026 0.119138 0.0853604 0.0499729 0.0245431 0.0113028 0.00676283 0.00679808 0.0088609 0.0117888 0.0150347 0.0181967 0.0208793 0.0227192 0.0234579 0.0230023 0.0214469 0.0190453 0.0161452 0.0131067 0.0102319 0.00772216 0.00567062 0.00408033 0.00289654 0.00203926
 1.00323e-16 3.34462e-05 0.0001963 0.000933115 0.00359254 0.011203 0.0282979 0.0579015 0.0959793 0.128901 0.140278 0.123755 0.0886313 0.0518127 0.0253064 0.011418 0.00650832 0.00628142 0.00808844 0.0107321 0.0136695 0.0165215 0.0189239 0.0205448 0.0211502 0.0206593 0.0191646 0.0169051 0.0142054 0.0114005 0.00876945 0.00649663 0.00466434 0.00327023 0.00225774 0.00154698
 1.0055e-16 2.42299e-05 0.000142174 0.000675752 0.00260155 0.00811258 0.0204921 0.0419318 0.0695151 0.0933828 0.101687 0.0898576 0.0646767 0.0384586 0.019995 0.0110695 0.00915843 0.0112268 0.015356 0.0205657 0.0262187 0.031682 0.0362729 0.0393563 0.0404837 0.0395019 0.0365912 0.0322138 0.026997 0.0215871 0.0165223 0.012158 0.00865161 0.00599709 0.00408319 0.00275339
 1.00909e-16 2.70019e-05 0.000158456 0.000753177 0.00289969 0.00904233 0.0228404 0.046736 0.0774757 0.104065 0.113287 0.100032 0.0718358 0.0423862 0.021434 0.0109103 0.00794773 0.00912936 0.0123237 0.0165049 0.0210981 0.0255912 0.0294449 0.0321545 0.0333559 0.0329102 0.030935 0.0277668 0.0238723 0.0197383 0.0157751 0.01226 0.00932625 0.00698768 0.00518195 0.00381321
 1.00264e-16 3.73622e-05 0.000219298 0.00104247 0.00401361 0.0125161 0.0316146 0.0646871 0.107224 0.143992 0.156675 0.138157 0.0988065 0.0574808 0.0275525 0.0115483 0.00535431 0.00413881 0.004943 0.00647876 0.00824539 0.00997478 0.0114412 0.0124443 0.0128426 0.0125858 0.0117269 0.010406 0.00881501 0.00715181 0.00558196 0.00421533 0.00310178 0.00224155 0.00160321 0.00114174
 1.00061e-16 3.92267e-05 0.000230247 0.00109453 0.00421406 0.0131412 0.0331935 0.0679175 0.112577 0.151178 0.164484 0.145021 0.103667 0.0602107 0.0286776 0.0117031 0.00495034 0.00333344 0.00374378 0.00484318 0.00613924 0.00740108 0.00845222 0.00914087 0.00936227 0.0090828 0.00834857 0.00727291 0.00600809 0.00471016 0.00350841 0.00248723 0.00168262 0.00109042 0.000680715 0.000412539
 1.00048e-16 3.91039e-05 0.000229526 0.0010911 0.00420085 0.0131 0.0330895 0.0677047 0.112225 0.150705 0.16397 0.14457 0.103349 0.0600357 0.028612 0.011707 0.004999 0.00341903 0.00386798 0.00500991 0.00635011 0.00765286 0.00873592 0.00944215 0.00966329 0.00936495 0.0085955 0.00747312 0.00615631 0.00480738 0.00356072 0.0025039 0.00167404 0.00106642 0.000649411 0.000379876
 1.00134e-16 3.26126e-05 0.000191403 0.00090983 0.00350287 0.0109234 0.0275916 0.0564567 0.0935853 0.125689 0.136791 0.120699 0.0864856 0.0506454 0.0248983 0.011507 0.00693672 0.00700716 0.00913239 0.0121258 0.0154205 0.0185943 0.0212323 0.0229572 0.0235063 0.0227954 0.0209409 0.0182284 0.0150414 0.011773 0.00874857 0.00618067 0.00415977 0.00267519 0.00165123 0.00098433
 1.00355e-16 2.99669e-05 0.000175866 0.000835954 0.00321841 0.0100363 0.025351 0.0518726 0.0859885 0.115492 0.12571 0.11096 0.0795912 0.0467776 0.0233125 0.0113052 0.00753828 0.00819209 0.0108931 0.0145246 0.0185058 0.0223587 0.0255955 0.0277667 0.0285555 0.027854 0.0257896 0.0226892 0.0189963 0.0151678 0.0115847 0.00849834 0.00602048 0.00414698 0.00279924 0.00186641
 1.00403e-16 3.21328e-05 0.000188587 0.000896442 0.00345133 0.0107626 0.0271856 0.0556259 0.0922082 0.123839 0.134778 0.118922 0.0852116 0.0498978 0.0245283 0.0113331 0.0068307 0.00690473 0.00901126 0.0119866 0.0152791 0.0184793 0.0211841 0.0230234 0.0237352 0.0232273 0.0215994 0.0191143 0.0161304 0.013018 0.0100866 0.0075417 0.00547647 0.00389095 0.00272549 0.00189458
 1.00617e-16 2.50781e-05 0.000147155 0.000699441 0.00269277 0.00839705 0.0212106 0.0434017 0.0719509 0.0966515 0.105238 0.0929735 0.0668727 0.039671 0.020454 0.011052 0.00883675 0.0106569 0.0145277 0.0194527 0.0248097 0.0299972 0.034371 0.0373312 0.038453 0.0375886 0.0349036 0.0308289 0.0259511 0.0208752 0.0161063 0.0119787 0.00864244 0.00609481 0.00423545 0.00292176
 1.00889e-16 2.81317e-05 0.000165091 0.000784725 0.00302116 0.00942116 0.0237973 0.0486936 0.0807197 0.108418 0.118018 0.104188 0.0747728 0.0440243 0.0220871 0.0109564 0.00762819 0.00853087 0.0114433 0.0153128 0.0195755 0.0237499 0.0273349 0.0298627 0.0309955 0.0306036 0.0287948 0.0258791 0.0222874 0.0184692 0.0148035 0.0115467 0.00882212 0.00664348 0.00495411 0.00366671
 1.00713e-16 2.97642e-05 0.000174677 0.000830306 0.00319667 0.00996848 0.0251797 0.051522 0.0854071 0.11471 0.124857 0.110201 0.079035 0.0464265 0.0230933 0.0111269 0.00732888 0.00790541 0.010503 0.0140221 0.0179015 0.021686 0.0249116 0.0271483 0.0280886 0.0276199 0.0258502 0.0230752 0.0197016 0.0161508 0.012776 0.00981322 0.00737165 0.00545605 0.00400463 0.00292706
 1.00931e-16 2.40467e-05 0.000141099 0.000670648 0.0025819 0.00805132 0.0203373 0.041615 0.0689896 0.0926758 0.100915 0.0891683 0.0641662 0.0381267 0.0197709 0.0108651 0.00890162 0.0108682 0.0148656 0.0199323 0.0254544 0.0308268 0.0353963 0.0385514 0.0398552 0.0391487 0.0365882 0.032598 0.0277604 0.0226787 0.0178585 0.0136369 0.0101696 0.00746208 0.00542424 0.00392457
 1.00983e-16 2.93964e-05 0.000172519 0.000820046 0.00315717 0.0098453 0.0248686 0.0508853 0.0843516 0.113292 0.123312 0.108836 0.0780512 0.0458395 0.022785 0.0109526 0.00718341 0.00773226 0.0102789 0.0137445 0.0175847 0.0213612 0.0246262 0.0269614 0.0280629 0.0278105 0.0262938 0.0237818 0.0206509 0.0172951 0.0140476 0.0111351 0.00866868 0.00666455 0.00507838 0.00383962
 1.00635e-16 3.05264e-05 0.000179153 0.000851587 0.00327861 0.010224 0.0258252 0.0528426 0.0875955 0.117648 0.128049 0.113007 0.0810232 0.0475449 0.0235575 0.0111972 0.00717475 0.00759229 0.0100349 0.0133819 0.0170745 0.0206716 0.0237279 0.0258324 0.0266925 0.0262026 0.0244694 0.0217798 0.0185262 0.0151147 0.0118851 0.00906308 0.00675169 0.00495274 0.00360358 0.0026141
 1.01491e-16 9.56192e-06 5.60331e-05 0.000266171 0.00102446 0.00319442 0.00806958 0.0165166 0.0273978 0.0368538 0.0402607 0.0358849 0.0264992 0.0171022 0.0113578 0.0102084 0.0128958 0.0183884 0.0259373 0.0349299 0.0446183 0.0540163 0.0619899 0.0674675 0.0696839 0.0683636 0.0637866 0.0567047 0.0481475 0.0391805 0.0306958 0.0232873 0.0172273 0.0125221 0.0090079 0.00644756
 1.02895e-16 2.76731e-05 0.000162408 0.000771995 0.00297219 0.00926845 0.0234114 0.0479033 0.0794068 0.106647 0.116067 0.102413 0.0733844 0.0429778 0.0211416 0.0098041 0.00598175 0.00615298 0.00816138 0.0110497 0.0143941 0.0178915 0.0212296 0.0240955 0.0262283 0.0274664 0.0277701 0.0272123 0.025943 0.0241444 0.021992 0.0196321 0.0171783 0.0147189 0.0123279 0.0100716
 1.02659e-16 3.74866e-06 2.18941e-05 0.000103848 0.000399441 0.00124529 0.0031464 0.00644427 0.010706 0.0144501 0.015915 0.0144911 0.0113611 0.00862331 0.0079076 0.00982031 0.0143005 0.0211076 0.0299544 0.0403736 0.0515756 0.0624403 0.0716638 0.0780147 0.0806169 0.0791618 0.0739815 0.06595 0.056256 0.0461222 0.0365628 0.0282414 0.0214477 0.0161656 0.0121888 0.00923534
pSPR Fmed_Fpbrs
0.50193   0.6 0.325
Fs Fmed_Fpbrs
0.64   0.422088 1.45759
SSBpbr Bo_Bmed_Bpbrs
564838  255267  310661 155330
Ro
16983.5
SPR SPRFo_SPRFmed_SPRFpbrs
350782 176068 114004
log_Ro
9.56
likeval ReclasPelacesDesembMPH_pf_preclas_ppelaces_ptallas_desvR_qrecl_qpela
 73.8991 12.9494 0.2971 0.000449557 406.366 225.223 59.4687 0 49.2419 0.000195635 0.000318018 2.31322e-15 0 0 0
q_reclas_q_pelaces
7.25732 12.643
M
0.7
N
 7475.35 44841.7 18229.1 2400.23 0.111912
 10375.4 3664.14 19335.7 7628.28 1003.81
 1231.26 5038.23 1427.45 7154.38 3190.37
 3748.48 551.248 813.393 181.544 1308.84
 39292 1699.58 102.067 122.144 222.776
 12075.5 18981.5 625.992 35.2827 119.067
 64918.7 5255.42 2254.29 54.8702 13.4394
 55783 27978.4 561.321 173.749 5.22774
 61630.5 24310.7 3372.4 50.0937 15.8686
 114056 26064.1 2115.48 202.751 3.93396
 63197.5 50783 3963.43 250.217 24.3139
 48999.3 27186.9 5317.7 298.234 20.51
 57984.1 21135.6 2930.88 414.5 24.6712
 28976.9 22594 756.784 60.0467 8.88939
 12196.9 9886.86 191.624 2.70497 0.241822
 9100.83 4161.57 83.8523 0.684922 0.0103372
 6836.34 3795.67 311.441 4.19896 0.034514
 8671.83 2872.88 308.349 17.2267 0.232225
 7787.65 3756.8 324.621 25.4449 1.43094
 8309.57 3525.6 684.243 47.7843 3.93792
 15482.6 3651.12 464.377 67.9959 5.10854
 16958.7 7188.53 874.568 95.2831 14.9497
 27672.7 7855.89 1679.67 174.127 21.8713
 48066.6 12526.2 1428.79 246.822 28.6684
 12783.5 21860.6 2397.83 223.393 42.8846
 30163 5990.45 5788.33 555.553 61.5154
 1259.42 13766 1190.95 947.507 100.585
pred_Ctot
 69.5877 4280.9 2082.77 275.202 0.0128322
 165.35 575.844 3604.93 1426.93 187.783
 87.6735 2603.1 822.98 4133.17 1843.18
 235.651 262.75 436.043 97.5358 703.21
 769.162 321.171 22.7742 27.3418 49.8712
 1081.49 11231.7 406.896 22.9732 77.5293
 6219.03 3225.05 1512.31 36.8697 9.03078
 4947.1 16465.3 363.131 112.596 3.3879
 6637.16 15832 2380.45 35.4106 11.2176
 8533.69 13886.8 1253.62 120.385 2.3359
 6127.32 31361.4 2673.45 169.049 16.4272
 4667.35 16633.3 3558.13 199.877 13.7462
 9105.2 16094.5 2353.95 333.219 19.8337
 6662.7 19114.8 660.388 52.4263 7.76132
 2804.46 8364.38 167.216 2.36169 0.211134
 1058.63 2810.53 61.0317 0.499187 0.00753421
 763.208 2514.91 223.068 3.01169 0.0247557
 802.088 1730.16 203.523 11.3894 0.153539
 497.413 1809.62 175.694 13.8014 0.776179
 693.209 2004.12 429.414 30.0428 2.47591
 726.757 1416.5 205.968 30.2352 2.27168
 822.334 2856.52 396.646 43.3222 6.79744
 1769.92 3787.53 909.829 94.5246 11.8733
 2923.66 5839.99 750.688 129.971 15.0967
 519.672 7605.82 960.412 89.7166 17.2237
 1764.5 2719.75 2968.44 285.556 31.6204
 128.453 8726.25 821.546 654.612 69.4938
F
 0.0130188 0.141183 0.171158 0.171807 0.171819
 0.02238 0.242703 0.294231 0.295347 0.295366
 0.103609 1.1236 1.36215 1.36731 1.3674
 0.0909722 0.986558 1.19601 1.20055 1.20063
 0.0275526 0.298798 0.362236 0.363609 0.363633
 0.131921 1.43063 1.73437 1.74094 1.74106
 0.141704 1.53672 1.86298 1.87005 1.87017
 0.130554 1.41581 1.7164 1.7229 1.72302
 0.160599 1.74163 2.1114 2.1194 2.11955
 0.109128 1.18345 1.43471 1.44015 1.44024
 0.143529 1.55652 1.88699 1.89414 1.89427
 0.140847 1.52743 1.85172 1.85874 1.85887
 0.242483 2.62964 3.18793 3.20002 3.20024
 0.375293 4.06991 4.93399 4.95269 4.95303
 0.375293 4.06991 4.93399 4.95269 4.95303
 0.174505 1.89244 2.29422 2.30292 2.30307
 0.166939 1.81039 2.19475 2.20307 2.20322
 0.136511 1.48041 1.79472 1.80152 1.80164
 0.0924893 1.00301 1.21596 1.22057 1.22065
 0.122375 1.32711 1.60887 1.61497 1.61507
 0.0672277 0.729058 0.883845 0.887195 0.887255
 0.0695171 0.753886 0.913944 0.917409 0.91747
 0.0926208 1.00444 1.21769 1.2223 1.22239
 0.0879019 0.953263 1.15565 1.16003 1.16011
 0.0579867 0.628843 0.762353 0.765243 0.765295
 0.0844117 0.915413 1.10976 1.11397 1.11405
 0.151507 1.64304 1.99187 1.99942 1.99955
Np
 11642.7 5599.59 188.683 431.151 34.8288
YTP_r0W_actual
 234.203 63931.4 9456.55 9638.21 1135.5
YTP_p0W_proyectada
 2165.07 2496.16 10497.3 820.814 767.632
 2165.07 26005.3 1498.21 4385.74 393.181
CTP_r0_actual
 28.5613 2959.79 301.164 240.354 25.5168
CTP_p0_proyectada
 264.033 115.563 334.31 20.4692 17.2502
 264.033 1203.95 47.7137 109.37 8.83553
Wmedp
 8.2 21.6 31.4 40.1 44.5
nmprior
 10.8 10.6 4.6 0
nm_flota  nm_reclas  nm_pelaces    nm_pelaL
inf 18.3756 15.6541 47.0413
cv_recla  cv_pelaces  cv_mph
0.744475 0.394199 0.566668
 ------------------------------------------------
Talla a la edad & desviaci?n 
 7.2 14.2025 17.0495 18.207 18.6776
 1.08 2.13037 2.55742 2.73105 2.80164
