years
 1997 1998 1999 2000 2001 2002 2003 2004 2005 2006 2007 2008 2009 2010 2011 2012 2013 2014 2015 2016 2017 2018 2019 2020 2021 2022 2023
reclasobs
 0 0 0 370054 412103 1.49427e+06 250295 1.28982e+06 931140 785840 897777 1.04006e+06 184774 17550 25797 100020 73551 82996 120727 218422 84188 347160 605670 569463 516374 1.08416e+06 1.01767e+06
reclaspred
 439408 130813 452168 325487 428539 506860 1.08125e+06 684015 707513 581457 441920 294546 180687 88278.7 66465.2 70027.5 88088.1 124874 134833 190379 266470 240719 420182 580699 729474 746418 777302
pelacesobs
 0 0 0 0 0 0 0 0 0 2.06254e+06 1.5e+06 0 1.87456e+06 323000 250000 174000 83755 137374 0 501740 490994 745055 786931 1.00524e+06 1.33801e+06 1.41789e+06 0
pelacespred
 1.70407e+06 455450 935141 1.03209e+06 1.14914e+06 1.15354e+06 2.68041e+06 2.21653e+06 1.98107e+06 1.6645e+06 1.14272e+06 780964 477336 200175 147425 163482 213155 302656 337680 463369 714774 635660 903375 1.39661e+06 1.7517e+06 1.96417e+06 1.95256e+06
mphobs
 0 0 0 0 0 0 112323 0 153150 637223 0 255016 313432 73983 77613 109348 50772 17779 17303 59886 28197 0 207744 136588 643089 65757 70829
mphpred
 114909 80232.5 107179 148304 141657 201148 311117 348687 286527 266301 221898 153539 92530.7 49247.7 25180.2 22550.5 26660.5 38353.3 51397.4 57435 87086.2 102227 125194 188330 262862 286067 280527
desembarqueobs
 350755 77701 442110 56441 14545 235359 269955 359681 431902 328805 639364 411747 362871 311530 167758 66681 60226 58785 57116 73181 50977 67692 138656 160484 209506 203330 245020
desembarquepred
 350766 77704.8 442155 56442.7 14545.1 235393 269981 359714 431978 328870 639778 412110 363374 312151 167869 66698.5 60245.4 58789.5 57115.6 73184.1 50978.3 67690.1 138661 160491 209505 203328 245017
Reclutas
 81917.8 103295 67141.4 96902.9 158757 120609 176645 151043 162292 140270 69057.5 41214.9 43101 25019.5 20784.6 27398.6 23073.2 28176.6 31911.3 54015.1 66593.5 85944.1 143512 205910 97272.3 142496 214468
log_desv_Rt
 0.0734715 0.305345 -0.125444 0.241465 0.73513 0.460312 0.841897 0.68532 0.75715 0.611326 -0.0973048 -0.613445 -0.568699 -1.11259 -1.29803 -1.02175 -1.19357 -0.993753 -0.869284 -0.342981 -0.133637 0.121453 0.634176 0.995193 0.245269 0.627071 1.03592
SSB
 978952 683533 913097 1.26346e+06 1.20683e+06 1.71366e+06 2.59009e+06 2.9455e+06 2.39885e+06 2.23033e+06 1.89044e+06 1.30806e+06 807698 433057 227193 205826 250891 349391 448730 522335 758937 870909 1.09222e+06 1.57949e+06 2.38219e+06 2.65284e+06 2.4665e+06
BT
 3.37348e+06 952319 1.92868e+06 1.9219e+06 2.0842e+06 2.26829e+06 5.01923e+06 4.41198e+06 3.97218e+06 3.32555e+06 2.65221e+06 1.79439e+06 1.22111e+06 664669 410712 350614 434501 593158 658479 895984 1.33157e+06 1.21076e+06 1.72668e+06 2.65056e+06 3.32183e+06 3.72021e+06 3.73111e+06
Ftot
 0.299157 0.214454 0.284917 0.0519731 0.0114327 0.121037 0.0753394 0.154329 0.181394 0.159384 0.362063 0.340715 0.5317 0.90626 0.779904 0.301765 0.217845 0.146158 0.120446 0.123981 0.0597758 0.080733 0.0963717 0.0894742 0.0745572 0.073166 0.0922184
BD_Bspro_t
 0.964177 0.831198 0.813587 0.735804 0.81756 0.893971 0.873423 0.875022 0.830588 0.790218 0.743838 0.60052 0.489442 0.378719 0.264318 0.289045 0.415339 0.583526 0.692162 0.764755 0.836617 0.884565 0.888448 0.893182 0.903303 0.886091 0.877847
BD_Bspro
 0.622705 0.434791 0.580815 0.803678 0.767659 1.09005 1.64754 1.87361 1.52589 1.4187 1.20249 0.832051 0.513772 0.275465 0.144516 0.130925 0.15959 0.222245 0.285434 0.332254 0.482755 0.55398 0.694751 1.0047 1.51529 1.68746 1.56893
BD_Bo
 0.293646 0.205032 0.273892 0.378987 0.362001 0.514028 0.776924 0.883531 0.719558 0.669008 0.567054 0.392366 0.242277 0.1299 0.0681487 0.0617396 0.0752573 0.104803 0.134601 0.15668 0.22765 0.261238 0.327621 0.473784 0.71456 0.795746 0.739852
BD_Brms
 0.533902 0.372786 0.497986 0.689067 0.658184 0.934597 1.41259 1.60642 1.30829 1.21638 1.03101 0.713393 0.440503 0.236181 0.123907 0.112254 0.136831 0.190551 0.244729 0.284872 0.41391 0.474977 0.595674 0.861425 1.2992 1.44681 1.34518
S_f
 0.202989 1 1 1 1
 0.202989 1 1 1 1
 0.202989 1 1 1 1
 0.202989 1 1 1 1
 0.202989 1 1 1 1
 0.202989 1 1 1 1
 0.202989 1 1 1 1
 0.202989 1 1 1 1
 0.202989 1 1 1 1
 0.202989 1 1 1 1
 0.202989 1 1 1 1
 0.202989 1 1 1 1
 0.202989 1 1 1 1
 0.202989 1 1 1 1
 0.202989 1 1 1 1
 0.202989 1 1 1 1
 0.202989 1 1 1 1
 0.202989 1 1 1 1
 0.202989 1 1 1 1
 0.202989 1 1 1 1
 0.202989 1 1 1 1
 0.202989 1 1 1 1
 0.202989 1 1 1 1
 0.202989 1 1 1 1
 0.202989 1 1 1 1
 0.202989 1 1 1 1
 0.202989 1 1 1 1
Scru_reclas
 1 1 1 1 1
 1 1 1 1 1
 1 1 1 1 1
 1 1 1 1 1
 1 1 1 1 1
 1 1 1 1 1
 1 1 1 1 1
 1 1 1 1 1
 1 1 1 1 1
 1 1 1 1 1
 1 1 1 1 1
 1 1 1 1 1
 1 1 1 1 1
 1 1 1 1 1
 1 1 1 1 1
 1 1 1 1 1
 1 1 1 1 1
 1 1 1 1 1
 1 1 1 1 1
 1 1 1 1 1
 1 1 1 1 1
 1 1 1 1 1
 1 1 1 1 1
 1 1 1 1 1
 1 1 1 1 1
 1 1 1 1 1
 1 1 1 1 1
Scru_pelaces
 1 1 1 1 1
 1 1 1 1 1
 1 1 1 1 1
 1 1 1 1 1
 1 1 1 1 1
 1 1 1 1 1
 1 1 1 1 1
 1 1 1 1 1
 1 1 1 1 1
 1 1 1 1 1
 1 1 1 1 1
 1 1 1 1 1
 1 1 1 1 1
 1 1 1 1 1
 1 1 1 1 1
 1 1 1 1 1
 1 1 1 1 1
 1 1 1 1 1
 1 1 1 1 1
 1 1 1 1 1
 1 1 1 1 1
 1 1 1 1 1
 1 1 1 1 1
 1 1 1 1 1
 1 1 1 1 1
 1 1 1 1 1
 1 1 1 1 1
pf_obs 
 0.256992 0.487395 0.22802 0.0275931 0
 0.321318 0.546541 0.124235 0.00734118 0.000564706
 0.182869 0.594174 0.210203 0.0122559 0.00049798
 0.330522 0.361315 0.267642 0.0388342 0.00168674
 0.649043 0.306663 0.0425973 0.00169635 0
 0.582887 0.30429 0.105238 0.00758474 0
 0.465427 0.430635 0.0974691 0.00646863 0
 0.296916 0.608066 0.0921331 0.00288517 0
 0.311714 0.524322 0.152257 0.0117073 0
 0.15457 0.633149 0.183074 0.0267441 0.00246327
 0.131901 0.49318 0.331252 0.0422183 0.00144891
 0.196976 0.569456 0.194076 0.0375587 0.00193317
 0.518974 0.381816 0.0799577 0.0180837 0.00116848
 0.0928022 0.601141 0.25162 0.0475244 0.00691264
 0.122501 0.610282 0.24278 0.0234846 0.000952079
 0.383417 0.481906 0.127806 0.00687128 0
 0.0376549 0.599619 0.316969 0.0457579 0
 0.0361596 0.667082 0.258105 0.0386534 0
 0.158088 0.579412 0.248529 0.0139706 0
 0.0477256 0.309471 0.559284 0.082774 0.000745712
 0.0406174 0.521527 0.379366 0.0568643 0.0016247
 0.151134 0.462217 0.34131 0.0453401 0
 0.294876 0.26143 0.354403 0.0886775 0.000613685
 0.281977 0.475581 0.204845 0.0348837 0.00271318
 0.0841818 0.532909 0.334909 0.0458182 0.00218182
 0.115287 0.27431 0.454777 0.147771 0.00785563
 0 0 0 0 0
pf_pred 
 0.387961 0.432187 0.160866 0.0189753 1.05326e-05
 0.315487 0.535035 0.105553 0.0392883 0.0046369
 0.17934 0.586329 0.18316 0.0361341 0.015037
 0.259577 0.407769 0.237668 0.0742438 0.0207422
 0.302649 0.445385 0.138764 0.0808784 0.0323237
 0.181368 0.558662 0.166038 0.0517307 0.0422014
 0.252214 0.400373 0.237087 0.0704638 0.0398632
 0.191384 0.511172 0.159255 0.0943051 0.0438844
 0.211384 0.438112 0.221574 0.069031 0.0598999
 0.185772 0.479598 0.185902 0.0940192 0.0547086
 0.113893 0.48474 0.236414 0.0916388 0.0733142
 0.111965 0.379879 0.277984 0.135576 0.0945956
 0.186908 0.341998 0.201522 0.147468 0.122104
 0.172667 0.489661 0.14203 0.0836907 0.111951
 0.243594 0.464018 0.173051 0.0501947 0.0691418
 0.32769 0.468373 0.125105 0.0466567 0.0321746
 0.224462 0.569038 0.143861 0.038426 0.024213
 0.251281 0.457811 0.213449 0.053963 0.0234962
 0.240982 0.484592 0.1678 0.0782349 0.028391
 0.31555 0.42627 0.164834 0.0570774 0.0362688
 0.271444 0.514359 0.1334 0.0515845 0.0292125
 0.264103 0.480834 0.180074 0.0467027 0.0282866
 0.317073 0.441873 0.157504 0.0589861 0.0245639
 0.303104 0.491215 0.133081 0.0474365 0.0251632
 0.122309 0.605985 0.191515 0.0518857 0.0283052
 0.205667 0.329755 0.320759 0.101372 0.0424465
 0.268286 0.416045 0.131045 0.12747 0.0571537
pobs_RECLAS
 0 0 0 0 0
 0 0 0 0 0
 0 0 0 0 0
 0 0 0 0 0
 0.835266 0.146461 0.0176864 0.000547809 3.91292e-05
 0.385257 0.428462 0.181853 0.0044286 0
 0.867414 0.0963971 0.0333333 0.00285562 0
 0.441836 0.489002 0.0689373 0.000224442 0
 0.779404 0.147425 0.0564933 0.0165055 0.000172143
 0.814271 0.122319 0.05973 0.00367925 0
 0.40263 0.566651 0.0304383 0.000280538 0
 0.475488 0.404961 0.113038 0.00651328 0
 0.955842 0.0263864 0.0167828 0.000988607 0
 0.975058 0.0227948 0.00214734 0 0
 0.738997 0.206755 0.0527124 0.00153531 0
 0.850938 0.134255 0.0134407 0.00136685 0
 0.542534 0.407297 0.0501686 0 0
 0.764087 0.199537 0.0359546 0.000420521 0
 0.470689 0.182191 0.310203 0.0369168 0
 0.84361 0.089868 0.0606195 0.00523954 0.000663233
 0.607945 0.314616 0.071237 0.00620181 0
 0.523733 0.453247 0.0230204 0 0
 0.530135 0.295979 0.169645 0.0042399 0
 0.562478 0.366248 0.0663022 0.0049721 0
 0.250443 0.683176 0.0655157 0.000865301 0
 0.195077 0.31981 0.436473 0.0351445 0.0134964
 0.565238 0.351407 0.0832357 0.000118908 0
ppred_RECLAS
 0.760599 0.169051 0.0629233 0.00742224 4.11985e-06
 0.696711 0.237059 0.0467675 0.0174076 0.00205448
 0.522499 0.341156 0.106572 0.0210246 0.00874929
 0.633888 0.201627 0.117518 0.0367108 0.0102562
 0.681445 0.203455 0.0633882 0.0369458 0.0147657
 0.523394 0.325252 0.096667 0.0301175 0.0245696
 0.625148 0.2007 0.118847 0.0353223 0.0199827
 0.540312 0.290595 0.0905343 0.0536112 0.0249477
 0.571418 0.238097 0.120417 0.0375156 0.0325533
 0.531264 0.276096 0.10702 0.0541251 0.0314947
 0.392881 0.332121 0.16198 0.0627866 0.0502315
 0.387929 0.261829 0.191598 0.093445 0.0651993
 0.539854 0.193544 0.114046 0.0834551 0.0691012
 0.525153 0.281041 0.0815179 0.0480343 0.0642544
 0.627303 0.228632 0.0852659 0.024732 0.0340676
 0.709589 0.202318 0.0540403 0.0201538 0.0138981
 0.590646 0.300356 0.0759345 0.0202825 0.0127804
 0.624895 0.229361 0.106937 0.0270352 0.0117715
 0.611451 0.248067 0.0858987 0.0400492 0.0145336
 0.695639 0.189554 0.0732983 0.0253811 0.016128
 0.647984 0.248523 0.064455 0.0249241 0.0141146
 0.639646 0.235455 0.0881788 0.0228694 0.0138514
 0.696809 0.196173 0.0699252 0.0261873 0.0109053
 0.682759 0.223611 0.0605813 0.021594 0.0114548
 0.40794 0.408777 0.129189 0.0350003 0.0190937
 0.561424 0.182068 0.177101 0.0559708 0.023436
 0.644707 0.202016 0.0636308 0.0618948 0.0277518
pobs_PELACES
 0 0 0 0 0
 0 0 0 0 0
 0 0 0 0 0
 0 0 0 0 0
 0 0 0 0 0
 0 0 0 0 0
 0 0 0 0 0
 0 0 0 0 0
 0 0 0 0 0
 0 0 0 0 0
 0.450072 0.473896 0.0757376 0.000293798 0
 0 0 0 0 0
 0.463077 0.371075 0.160297 0.00555027 0
 0.529543 0.364841 0.0842815 0.0213345 0
 0.631943 0.363953 0.00410389 0 0
 0.735681 0.248677 0.0153453 0.000297389 0
 0.695825 0.281241 0.0229344 0 0
 0.275771 0.60734 0.115278 0.00161068 0
 0 0 0 0 0
 0.896147 0.0623911 0.0374545 0.00400742 0
 0.803859 0.145111 0.0509908 3.86294e-05 0
 0.739449 0.233085 0.0266225 0.000797448 4.60066e-05
 0.878498 0.100942 0.0204185 0.000141795 0
 0.694673 0.275183 0.0284847 0.00165964 0
 0.469039 0.446079 0.0841089 0.000773354 0
 0.822795 0.102175 0.0682046 0.00682512 0
 0 0 0 0 0
ppred_PELACES
 0.774632 0.159142 0.0592351 0.0069872 3.87837e-06
 0.708496 0.227848 0.0449503 0.0167312 0.00197465
 0.541155 0.327826 0.102408 0.0202032 0.00840745
 0.637055 0.199883 0.116502 0.0363933 0.0101675
 0.682098 0.203038 0.0632584 0.0368702 0.0147355
 0.531329 0.319837 0.0950577 0.0296161 0.0241605
 0.62978 0.19822 0.117379 0.0348858 0.0197358
 0.550376 0.284233 0.0885523 0.0524375 0.0244015
 0.58306 0.231629 0.117146 0.0364966 0.031669
 0.541688 0.269956 0.10464 0.0529215 0.0307943
 0.415811 0.319577 0.155862 0.0604152 0.0483342
 0.409408 0.252641 0.184875 0.0901658 0.0629113
 0.574344 0.179037 0.105497 0.0771996 0.0639217
 0.583961 0.246235 0.0714222 0.0420854 0.0562967
 0.67388 0.200059 0.0746099 0.0216411 0.02981
 0.725669 0.191116 0.0510482 0.0190379 0.0131286
 0.604424 0.290247 0.0733787 0.0195998 0.0123503
 0.633862 0.223878 0.104381 0.0263889 0.0114901
 0.61895 0.243279 0.0842408 0.0392763 0.0142531
 0.702499 0.185281 0.0716463 0.0248091 0.0157645
 0.651561 0.245997 0.0637999 0.0246707 0.0139711
 0.644526 0.232266 0.0869847 0.0225597 0.0136638
 0.702137 0.192725 0.0686964 0.0257271 0.0107137
 0.687834 0.220034 0.0596121 0.0212486 0.0112715
 0.412684 0.405501 0.128154 0.0347199 0.0189407
 0.566156 0.180104 0.17519 0.0553668 0.0231831
 0.650243 0.198868 0.0626393 0.0609303 0.0273193
pobs_pel_tallas
 0 0 0 0 0 0 0 0 0 0 0 0 0 0 0 0 0 0 0 0 0 0 0 0 0 0 0 0 0 0 0 0 0 0 0 0
 0 0 0 0 0 0 0 0 0 0 0 0 0 0 0 0 0 0 0 0 0 0 0 0 0 0 0 0 0 0 0 0 0 0 0 0
 0 0 0 0 0 0 0 0 0 0 0 0 0 0 0 0 0 0 0 0 0 0 0 0 0 0 0 0 0 0 0 0 0 0 0 0
 0 0 0 0 0 0 0 0 0 0 0 0 0 0 0 0 0 0 0 0 0 0 0 0 0 0 0 0 0 0 0 0 0 0 0 0
 0 0 0 0 0 0 0 0 0 0 0 0 0 0 0 0 0 0 0 0 0 0 0 0 0 0 0 0 0 0 0 0 0 0 0 0
 0 0 0 0 0 0 0 0 0 0 0 0 0 0 0 0 0 0 0 0 0 0 0 0 0 0 0 0 0 0 0 0 0 0 0 0
 0 0 0 0 0 0 0 0 0 0 0 0 0 0 0 0 0 0 0 0 0 0 0 0 0 0 0 0 0 0 0 0 0 0 0 0
 0 0 0 0 0 0 0 0 0 0 0 0 0 0 0 0 0 0 0 0 0 0 0 0 0 0 0 0 0 0 0 0 0 0 0 0
 0 0 0 0 0 0 0 0 0 0 0 0 0 0 0 0 0 0 0 0 0 0 0 0 0 0 0 0 0 0 0 0 0 0 0 0
 0 0 0 0 0 0 0 0 0 0 0 0 0 0 0 0 0 0 0 0 0 0 0 0 0 0 0 0 0 0 0 0 0 0 0 0
 0 0 0 0 0 0 0 0 1.78061e-05 0.00172719 0.00360574 0.0105946 0.0120993 0.0124554 0.0147524 0.0171206 0.0266825 0.0428682 0.0675386 0.121331 0.153587 0.119568 0.100827 0.0573624 0.0630603 0.0341343 0.0324427 0.0444173 0.0211091 0.0280891 0.0125444 0.00206551 0 0 0 0
 0 0 0 0 0 0 0 0 0 0 0 0 0 0 0 0 0 0 0 0 0 0 0 0 0 0 0 0 0 0 0 0 0 0 0 0
 0 0 0 0 0 0 0.0133647 0.0140871 0.0187388 0.0205184 0.03894 0.0496705 0.03968 0.0493445 0.0407372 0.0367815 0.0215668 0.0243155 0.0234873 0.0199281 0.019796 0.0243948 0.0301388 0.0376714 0.0412746 0.0863199 0.0771752 0.113111 0.0741005 0.0525337 0.0229764 0.00759418 0.00175318 0 0 0
 0 0 0 0 0 0 0 0 0 0 0.00219441 0.00772107 0.0458388 0.0604681 0.0671733 0.0775358 0.0609151 0.0617685 0.073594 0.0568108 0.0755445 0.0548602 0.0670107 0.0636378 0.0643287 0.046367 0.0373049 0.0286899 0.0247887 0.0153202 0.00654259 0.00121912 0.000365735 0 0 0
 0 0 0 0 0 0 0 0 0 0 0 0 0.000112435 0.00938835 0.0111873 0.0202946 0.0414886 0.0713402 0.111592 0.104902 0.108894 0.110636 0.117776 0.105296 0.107544 0.0401394 0.0192827 0.0124803 0.00416011 0.0028671 0.000618394 0 0 0 0 0
 0 0 0 0 0 0 0 0 0 0 0.00291406 0.0102884 0.027416 0.0768956 0.0749926 0.110853 0.0956884 0.0897413 0.0766577 0.0534642 0.0500743 0.0551293 0.0594112 0.0620874 0.0668451 0.0424026 0.0208742 0.0120726 0.0048766 0.00582813 0.00118941 0.000297354 0 0 0 0
 0 0.00264628 0.0354308 0.0461629 0.0458689 0.0383711 0.0214643 0.0164657 0.0346957 0.0420465 0.0363128 0.0245516 0.0311673 0.0291091 0.0169068 0.0133784 0.00837989 0.0085269 0.0148486 0.0160247 0.0276389 0.0546898 0.0760071 0.122758 0.109233 0.0665981 0.0333725 0.0166128 0.00676272 0.00308733 0.000882094 0 0 0 0 0
 0 0 0 0 0 0 0 0.000805153 0.000690131 0.00759144 0.0133425 0.0154129 0.00931677 0.000345066 0.00356568 0.00563607 0.00851162 0.0253048 0.0502646 0.0516448 0.0657925 0.0565908 0.0611916 0.0827007 0.0866115 0.110766 0.145733 0.0935128 0.0569358 0.0249597 0.0138026 0.00621118 0.00161031 0.00115022 0 0
 0 0 0 0 0 0 0 0 0 0 0 0 0 0 0 0 0 0 0 0 0 0 0 0 0 0 0 0 0 0 0 0 0 0 0 0
 0.00147267 0.00158595 0.00478618 0.00569244 0.00954404 0.0108468 0.00647125 0.017049 0.0510054 0.094081 0.124002 0.0959785 0.0687766 0.0820023 0.061753 0.0591476 0.0492212 0.0479892 0.0443925 0.0268479 0.0217502 0.0140895 0.0121071 0.0120363 0.00920419 0.00665534 0.0049561 0.00860946 0.00930331 0.0156896 0.0114698 0.00855282 0.00243557 0.00046729 0 2.83206e-05
 0 0 0 0 0.000772559 0.00158375 0.000888443 0.00281984 0.00712685 0.0440552 0.0773331 0.111326 0.0921469 0.0852325 0.0710754 0.0886704 0.0786465 0.0553345 0.0373146 0.0185414 0.00753245 0.00457741 0.012979 0.0271748 0.0457355 0.0583668 0.034881 0.0177882 0.00938659 0.00492506 0.0015258 0.00185414 0.000309023 5.79419e-05 3.86279e-05 0
 0 0.00173294 0.00326652 0 0.00397197 0.00683976 0.00946217 0.0152591 0.00757587 0.0136028 0.0228656 0.0392903 0.0559909 0.0764795 0.0681675 0.0726916 0.0566044 0.0477403 0.0527397 0.0444891 0.0609904 0.0582453 0.0661739 0.0445044 0.0529084 0.0360697 0.0280645 0.0235558 0.0158879 0.00826598 0.00280645 0.00217768 0.000904811 0.00058276 9.20147e-05 0
 0 0 0 0 0 0 0 0 0 0 0 0 0 0 0 0 0 0 0 0 0 0 0 0 0 0 0 0 0 0 0 0 0 0 0 0
 0 0 0 0 0 0 0 0 0 0 0 0 0 0 0 0 0 0 0 0 0 0 0 0 0 0 0 0 0 0 0 0 0 0 0 0
 0 0 0 0 0 0 0 0 0 0 0 0 0 0 0 0 0 0 0 0 0 0 0 0 0 0 0 0 0 0 0 0 0 0 0 0
 0 0 0 0 0 0 0 0 0 0 0 0 0 0 0 0 0 0 0 0 0 0 0 0 0 0 0 0 0 0 0 0 0 0 0 0
 0 0 0 0 0 0 0 0 0 0 0 0 0 0 0 0 0 0 0 0 0 0 0 0 0 0 0 0 0 0 0 0 0 0 0 0
ppred_pel_tallas
 1.01134e-16 3.37968e-05 0.000198363 0.000942936 0.00363037 0.011321 0.0285959 0.0585108 0.0969876 0.13025 0.141733 0.125008 0.0894615 0.052163 0.0252274 0.010963 0.00567372 0.00501056 0.00630852 0.00839703 0.0107964 0.0132162 0.0153886 0.0170634 0.018051 0.0182616 0.0177218 0.0165594 0.0149656 0.0131467 0.0112824 0.00950179 0.00787869 0.00644179 0.00519169 0.00411647
 1.0138e-16 3.09157e-05 0.000181442 0.000862479 0.00332056 0.0103548 0.0261556 0.0535183 0.0887145 0.119147 0.129671 0.114415 0.0819812 0.0480041 0.0235947 0.0108997 0.00657258 0.00665827 0.00871782 0.0116437 0.0149197 0.0181674 0.0210116 0.0231026 0.024184 0.0241503 0.0230682 0.0211515 0.0187023 0.0160364 0.0134202 0.0110342 0.00896657 0.00723118 0.00579658 0.00461362
 1.02648e-16 2.3623e-05 0.000138619 0.000658869 0.00253658 0.00790999 0.0199802 0.0408839 0.0677758 0.0910401 0.09912 0.0875504 0.0629321 0.0372541 0.0190651 0.0100794 0.00781594 0.00931106 0.0127169 0.0171375 0.0220511 0.0269697 0.0313642 0.0347273 0.0366765 0.0370373 0.0358761 0.0334667 0.0302106 0.0265353 0.0228077 0.0192842 0.0161024 0.0133048 0.0108763 0.00877933
 1.03445e-16 2.77995e-05 0.00016315 0.00077552 0.00298576 0.00931078 0.0235183 0.0481221 0.0797697 0.107134 0.116599 0.102884 0.0737272 0.0431882 0.0212623 0.00988716 0.00606512 0.00625615 0.00828899 0.011194 0.0145354 0.0179981 0.021261 0.0240089 0.0259879 0.0270543 0.027195 0.0265134 0.0251871 0.0234165 0.0213805 0.0192137 0.0170044 0.014808 0.0126645 0.0106118
 1.0292e-16 2.97636e-05 0.000174681 0.000830339 0.00319683 0.00996898 0.0251809 0.0515239 0.085408 0.114705 0.124834 0.110141 0.0789041 0.0461738 0.0226432 0.0103758 0.00614858 0.00615681 0.00806219 0.0108168 0.0139508 0.0171328 0.0200352 0.0223469 0.0238314 0.0243758 0.0240098 0.0228854 0.0212281 0.019276 0.0172296 0.0152244 0.0133289 0.0115625 0.00991906 0.00838869
 1.03601e-16 2.31942e-05 0.000136102 0.000646906 0.00249052 0.00776636 0.0196174 0.0401415 0.0665451 0.0893868 0.0973196 0.0859595 0.0617871 0.0365734 0.0187116 0.00988475 0.00765731 0.0091205 0.0124625 0.0168078 0.0216503 0.0265181 0.0309002 0.0343059 0.036365 0.0369076 0.0359947 0.0338857 0.0309595 0.0276169 0.0241972 0.0209319 0.0179394 0.0152503 0.0128459 0.0106931
 1.03852e-16 2.74822e-05 0.000161287 0.000766665 0.00295167 0.00920446 0.0232498 0.0475726 0.0788589 0.105911 0.115268 0.101711 0.0728878 0.0426999 0.0210284 0.00978973 0.00602165 0.00622601 0.00825794 0.0111606 0.0145048 0.0179805 0.0212709 0.0240648 0.0261105 0.0272638 0.0275087 0.0269426 0.0257352 0.0240776 0.02214 0.020049 0.0178874 0.0157075 0.0135492 0.0114531
 1.04292e-16 2.40232e-05 0.000140972 0.000670069 0.00257972 0.00804452 0.02032 0.0415787 0.0689263 0.0925812 0.100786 0.0889952 0.0639118 0.0377158 0.0190841 0.00973972 0.0071407 0.00826153 0.0112273 0.0151539 0.019564 0.0240372 0.0281233 0.0313888 0.033503 0.0343075 0.0338426 0.0323193 0.0300501 0.027365 0.0245412 0.0217645 0.0191287 0.0166587 0.014346 0.0121779
 1.04473e-16 2.54463e-05 0.000149332 0.000709821 0.00273279 0.0085219 0.0215257 0.0440454 0.0730134 0.0980648 0.10674 0.0942144 0.0675773 0.0397129 0.0197888 0.00960155 0.00643147 0.00705672 0.00949518 0.0128446 0.0166673 0.020615 0.0243208 0.0274254 0.0296432 0.030818 0.0309469 0.03016 0.0286709 0.026714 0.0244924 0.0221511 0.0197766 0.0174143 0.0150925 0.0128402
 1.04831e-16 2.36439e-05 0.000138746 0.000659489 0.00253898 0.00791751 0.0199992 0.0409222 0.0678377 0.0911183 0.0991922 0.0875835 0.0628892 0.0370951 0.0187387 0.009514 0.00691806 0.00797458 0.0108434 0.0146647 0.0189832 0.0234033 0.0274999 0.0308597 0.0331612 0.0342405 0.0341167 0.0329668 0.0310632 0.0286971 0.0261148 0.0234843 0.0208952 0.0183811 0.0159507 0.0136132
 1.06651e-16 1.81571e-05 0.00010653 0.000506316 0.00194922 0.00607832 0.0153536 0.0314174 0.0520851 0.0699709 0.0762003 0.0673523 0.0485149 0.0289242 0.0151825 0.00864894 0.00746352 0.00939189 0.0130433 0.0177334 0.0230327 0.0285035 0.0336499 0.03798 0.041102 0.0428022 0.0430758 0.0421003 0.0401652 0.037586 0.0346338 0.0314988 0.0282909 0.025066 0.0218597 0.0187125
 1.08745e-16 1.78752e-05 0.000104881 0.00049849 0.0019191 0.00598444 0.0151164 0.0309316 0.051278 0.0688817 0.075001 0.0662613 0.0476616 0.028281 0.0146009 0.0079383 0.00644431 0.00791286 0.0109895 0.0150446 0.0197308 0.0247179 0.0296274 0.0340691 0.0377113 0.0403382 0.0418755 0.042374 0.041964 0.0408002 0.0390189 0.036721 0.0339804 0.0308652 0.0274602 0.023878
 1.07196e-16 2.5064e-05 0.000147093 0.000699187 0.00269187 0.00839429 0.0212033 0.0433853 0.0719178 0.0965893 0.105123 0.0927614 0.066479 0.0389548 0.0192028 0.00897474 0.00557536 0.00582374 0.00777684 0.010579 0.0138592 0.0173566 0.0208033 0.0239306 0.0265142 0.0284132 0.0295858 0.0300749 0.0299738 0.0293844 0.0283878 0.0270328 0.0253453 0.0233477 0.0210793 0.018607
 1.05171e-16 2.5486e-05 0.000149564 0.000710923 0.00273703 0.00853511 0.0215591 0.0441138 0.0731271 0.0982185 0.10691 0.0943699 0.0677012 0.0398104 0.019882 0.00971861 0.00659772 0.00729104 0.009807 0.0132296 0.0171029 0.0210576 0.024708 0.0276848 0.0297059 0.0306358 0.030507 0.029494 0.0278534 0.0258518 0.0237056 0.0215514 0.0194478 0.0173997 0.0153906 0.01341
 1.03261e-16 2.94052e-05 0.000172577 0.000820337 0.00315832 0.00984889 0.0248776 0.0509032 0.0843792 0.113323 0.12333 0.108815 0.0779551 0.0456207 0.0223763 0.0102616 0.0060937 0.00611561 0.00801966 0.0107735 0.0139161 0.0171229 0.0200716 0.022455 0.0240364 0.0246991 0.0244646 0.0234738 0.0219394 0.0200885 0.0181131 0.0161438 0.0142494 0.0124522 0.0107525 0.00914725
 1.02055e-16 3.1663e-05 0.000185833 0.000883362 0.00340098 0.0106056 0.026789 0.0548141 0.0908612 0.122026 0.132795 0.117149 0.0838896 0.0490207 0.023907 0.0107301 0.00604647 0.00579562 0.00748312 0.00999704 0.0128525 0.0157241 0.0182983 0.0202817 0.021455 0.0217199 0.0211172 0.0198069 0.0180202 0.0160004 0.0139526 0.0120153 0.0102577 0.0086947 0.0073108 0.00608135
 1.02387e-16 2.63803e-05 0.00015481 0.000735851 0.00283299 0.00883435 0.022315 0.0456608 0.0756924 0.101667 0.110671 0.0977073 0.0701337 0.0413173 0.0207755 0.0103855 0.00733872 0.00829607 0.0111855 0.0150305 0.0193109 0.0235802 0.0273684 0.0302297 0.0318323 0.0320317 0.0308984 0.0286875 0.025765 0.0225163 0.019268 0.0162427 0.0135527 0.0112225 0.00922387 0.00750989
 1.02999e-16 2.76613e-05 0.000162336 0.000771646 0.00297083 0.00926423 0.0234008 0.0478818 0.079372 0.106602 0.116025 0.102391 0.0734018 0.0430541 0.0213008 0.0100792 0.00641444 0.00678813 0.0090355 0.0121761 0.0157481 0.0193999 0.0227698 0.0255073 0.0273386 0.0281208 0.0278658 0.0267203 0.0249165 0.022708 0.0203171 0.0179049 0.0155677 0.0133528 0.0112803 0.00936254
 1.03291e-16 2.70118e-05 0.000158522 0.000753507 0.00290099 0.00904641 0.0228506 0.0467563 0.0775069 0.104099 0.113306 0.100005 0.0717203 0.0421257 0.0209488 0.0100909 0.00665664 0.00721559 0.00965213 0.0129966 0.0167742 0.0206083 0.0241084 0.0269003 0.0286972 0.0293596 0.0289191 0.0275547 0.0255347 0.0231451 0.0206294 0.0181554 0.0158123 0.0136307 0.0116099 0.00974243
 1.02667e-16 3.06525e-05 0.000179901 0.00085516 0.0032924 0.010267 0.0259337 0.053064 0.0879604 0.118131 0.128556 0.113412 0.0812182 0.0474691 0.0231686 0.0104317 0.00592882 0.00573449 0.00744033 0.00997694 0.0128817 0.0158448 0.0185647 0.0207547 0.022194 0.0227725 0.0225091 0.0215342 0.0200465 0.0182592 0.0163548 0.0144603 0.0126455 0.010937 0.00933907 0.00785137
 1.02487e-16 2.84338e-05 0.00016687 0.000793197 0.0030538 0.00952296 0.0240543 0.0492192 0.0815892 0.109581 0.119269 0.10526 0.0754713 0.0442929 0.0219587 0.0104624 0.00674651 0.00719039 0.00955872 0.0128259 0.0164922 0.0201673 0.0234525 0.0259708 0.0274404 0.0277362 0.026913 0.0251792 0.0228359 0.0201996 0.0175371 0.0150291 0.0127657 0.010766 0.0090089 0.00746035
 1.02725e-16 2.81265e-05 0.000165067 0.000784628 0.00302081 0.00942009 0.0237945 0.0486874 0.0807074 0.108396 0.117978 0.104116 0.0746406 0.0437854 0.0216708 0.0102664 0.00654637 0.00693039 0.0092125 0.0123886 0.0159797 0.0196186 0.0229288 0.0255502 0.0272067 0.0277639 0.0272524 0.0258456 0.0238049 0.0214108 0.018905 0.0164571 0.014161 0.0120519 0.0101319 0.00839278
 1.02423e-16 3.0637e-05 0.00017981 0.000854724 0.00329072 0.0102618 0.0259205 0.053037 0.0879158 0.118072 0.128494 0.11336 0.0811898 0.0474696 0.0232007 0.0104996 0.00604107 0.00590266 0.00767596 0.0102874 0.0132659 0.01629 0.0190453 0.0212337 0.0226271 0.023115 0.0227231 0.0215945 0.0199445 0.018003 0.0159669 0.0139729 0.0120953 0.0103602 0.00876795 0.00731168
 1.02175e-16 3.00144e-05 0.000176152 0.00083733 0.00322373 0.0100529 0.0253929 0.0519577 0.0861276 0.115673 0.12589 0.11108 0.0795937 0.0466105 0.0229187 0.0106041 0.00642088 0.00653338 0.00857951 0.011491 0.0147744 0.0180695 0.0210175 0.0232799 0.0246039 0.0248761 0.0241441 0.0225931 0.0204914 0.018122 0.0157241 0.0134609 0.0114147 0.00960498 0.00801486 0.00661563
 1.0403e-16 1.80243e-05 0.000105742 0.000502553 0.0019347 0.00603302 0.0152393 0.0311841 0.0517008 0.069462 0.0756654 0.0669255 0.0483073 0.0289999 0.0155852 0.00944467 0.0087611 0.0113306 0.0157575 0.0213068 0.0274512 0.0336179 0.0391611 0.0434563 0.0460303 0.0466643 0.0454333 0.0426659 0.0388451 0.0344845 0.0300229 0.0257643 0.02187 0.0183886 0.0153038 0.0125766
 1.05532e-16 2.47073e-05 0.000144998 0.000689225 0.00265351 0.00827466 0.0209012 0.0427672 0.0708934 0.0952142 0.103629 0.0914477 0.0655487 0.0384326 0.0189893 0.00895121 0.00566875 0.00601419 0.00807954 0.0110263 0.0144886 0.0182028 0.0218886 0.0252561 0.0280505 0.0300946 0.0313093 0.0317064 0.0313607 0.0303759 0.028856 0.026894 0.0245744 0.0219834 0.0192185 0.0163902
 1.04325e-16 2.83743e-05 0.000166525 0.000791568 0.00304755 0.00950347 0.0240051 0.049118 0.0814201 0.10935 0.119008 0.105005 0.0752347 0.0440467 0.0216383 0.00998137 0.00600919 0.00610103 0.00803408 0.0108148 0.0139989 0.0172722 0.0203213 0.0228464 0.0246161 0.0255142 0.0255569 0.024873 0.023657 0.0221122 0.0204049 0.0186412 0.01687 0.0151021 0.0133354 0.011575
pSPR Fmed_Fpbrs
0.440736   0.6 0.325
Fs Fmed_Fpbrs
0.64   0.342442 1.03965
SSBpbr Bo_Bmed_Bpbrs
3.33378e+06  1.30263e+06  1.83358e+06 916790
Ro
76115
SPR SPRFo_SPRFmed_SPRFpbrs
1.5721e+06 692880 510931
log_Ro
11.06
likeval ReclasPelacesDesembMPH_pf_preclas_ppelaces_ptallas_desvR_qrecl_qpela
 65.4496 24.8775 0.039096 0.000827188 341.919 224.874 55.4737 0 19.3938 0.00011567 3.11591e-09 4.88706e-16 0 0 0
q_reclas_q_pelaces
0.217832 0.99209
M
0.7
N
 81917.8 20512.3 7634.99 900.6 0.499895
 103295 38282.4 7552.42 2811.12 331.776
 67141.4 49109.8 15341.1 3026.52 1259.47
 96902.9 31467.8 18341 5729.45 1600.69
 158757 47615.6 14835.1 8646.61 3455.69
 120609 78653.6 23376.4 7283.13 5941.51
 176645 58439.2 34605.6 10285 5818.51
 151043 86388 26914 15937.5 7416.45
 162292 72692.4 36764 11453.8 9938.72
 140270 77678.1 30109.6 15227.8 8860.88
 69057.5 67438.6 32890.7 12749.1 10199.7
 41214.9 31863 23316.4 11371.7 7934.36
 43101 19099 11254.1 8235.39 6818.94
 25019.5 19213.6 5573.03 3283.9 4392.8
 20784.6 10336.6 3854.94 1118.15 1540.23
 27398.6 8810.13 2353.23 877.614 605.205
 23073.2 12797.3 3235.35 864.179 544.537
 28176.6 10962.2 5110.98 1292.13 562.611
 31911.3 13583.1 4703.43 2192.92 795.796
 54015.1 15464 5979.74 2070.62 1315.74
 66593.5 26156.5 6783.75 2623.2 1485.53
 85944.1 32670.5 12235.3 3173.24 1921.95
 143512 41984.9 14965.4 5604.6 2333.96
 205910 69885.5 18933.6 6748.83 3579.99
 97272.3 100411 31733.9 8597.43 4690.15
 142496 47578.4 46280.4 14626.4 6124.35
 214468 69718.4 21959.8 21360.7 9577.49
pred_Ctot
 3483.24 3880.31 1444.31 170.366 0.094565
 3172.41 5380.09 1061.39 395.067 46.6268
 2722.48 8900.79 2780.47 548.535 228.27
 731.8 1149.58 670.035 209.309 58.4765
 264.69 389.523 121.359 70.7342 28.2695
 2108.11 6493.54 1929.92 601.285 490.523
 1929.71 3063.29 1813.97 539.125 304.997
 3356.23 8964.26 2792.8 1653.8 769.586
 4228.37 8763.69 4432.21 1380.85 1198.2
 3217.48 8306.4 3219.72 1628.37 947.525
 3534.1 15041.5 7335.95 2843.56 2274.95
 1988.61 6747.05 4937.29 2407.98 1680.12
 3191.06 5838.9 3440.56 2517.7 2084.67
 3055.65 8665.41 2513.46 1481.05 1981.17
 2208.65 4207.22 1569.04 455.112 626.904
 1174.9 1679.31 448.552 167.283 115.359
 719.613 1824.3 461.211 123.192 77.6257
 593.379 1081.08 504.042 127.429 55.4844
 555.078 1116.21 386.511 180.206 65.3957
 966.831 1306.07 505.044 174.883 111.126
 578.005 1095.26 284.059 109.843 62.2043
 1005.6 1830.83 685.653 177.826 107.704
 2001.66 2789.52 994.315 372.375 155.07
 2668.05 4323.88 1171.44 417.556 221.497
 1051.67 5210.53 1646.73 446.137 243.38
 1512.05 2424.33 2358.19 745.28 312.063
 2863.48 4440.53 1398.67 1360.51 610.014
F
 0.0607257 0.299157 0.299157 0.299157 0.299157
 0.0435318 0.214454 0.214454 0.214454 0.214454
 0.0578352 0.284917 0.284917 0.284917 0.284917
 0.01055 0.0519731 0.0519731 0.0519731 0.0519731
 0.00232072 0.0114327 0.0114327 0.0114327 0.0114327
 0.0245692 0.121037 0.121037 0.121037 0.121037
 0.0152931 0.0753394 0.0753394 0.0753394 0.0753394
 0.0313272 0.154329 0.154329 0.154329 0.154329
 0.036821 0.181394 0.181394 0.181394 0.181394
 0.0323532 0.159384 0.159384 0.159384 0.159384
 0.0734949 0.362063 0.362063 0.362063 0.362063
 0.0691615 0.340715 0.340715 0.340715 0.340715
 0.107929 0.5317 0.5317 0.5317 0.5317
 0.183961 0.90626 0.90626 0.90626 0.90626
 0.158312 0.779904 0.779904 0.779904 0.779904
 0.0612551 0.301765 0.301765 0.301765 0.301765
 0.0442201 0.217845 0.217845 0.217845 0.217845
 0.0296686 0.146158 0.146158 0.146158 0.146158
 0.0244492 0.120446 0.120446 0.120446 0.120446
 0.0251668 0.123981 0.123981 0.123981 0.123981
 0.0121339 0.0597758 0.0597758 0.0597758 0.0597758
 0.0163879 0.080733 0.080733 0.080733 0.080733
 0.0195624 0.0963717 0.0963717 0.0963717 0.0963717
 0.0181623 0.0894742 0.0894742 0.0894742 0.0894742
 0.0151343 0.0745572 0.0745572 0.0745572 0.0745572
 0.0148519 0.073166 0.073166 0.073166 0.073166
 0.0187194 0.0922184 0.0922184 0.0922184 0.0922184
Np
 64294.9 29783.9 36855.4 11131.8 4742.56
YTP_r0W_actual
 85271.3 320268 146646 182168 90641
YTP_p0W_proyectada
 25563.3 480169 210831 84806.6 132999
 25563.3 136820 246118 94934 44883.4
CTP_r0_actual
 10398.9 14827.2 4670.26 4542.85 2036.88
CTP_p0_proyectada
 3117.47 22230 6714.35 2114.88 2988.75
 3117.47 6334.24 7838.15 2367.43 1008.61
Wmedp
 8.2 21.6 31.4 40.1 44.5
nmprior
 10.8 10.6 4.6 0
nm_flota  nm_reclas  nm_pelaces    nm_pelaL
inf 11.1671 20.14 66.9396
cv_recla  cv_pelaces  cv_mph
0.700623 0.546379 0.768667
 ------------------------------------------------
Talla a la edad & desviaci?n 
 7.2 14.2025 17.0495 18.207 18.6776
 1.08 2.13037 2.55742 2.73105 2.80164
