years
 1997 1998 1999 2000 2001 2002 2003 2004 2005 2006 2007 2008 2009 2010 2011 2012 2013 2014 2015 2016 2017 2018 2019 2020 2021 2022 2023
reclasobs
 0 0 0 370054 412103 1.49427e+06 250295 1.28982e+06 931140 785840 897777 1.04006e+06 184774 17550 25797 100020 73551 82996 120727 218422 84188 347160 605670 569463 516374 1.08416e+06 1.01767e+06
reclaspred
 5.25912e+06 933433 1.17127e+06 235143 244455 348829 670286 645365 672865 858116 960361 698923 357346 138690 76497.2 79428.8 81882.9 108283 140793 146531 213592 244875 388376 492159 819070 745139 344117
pelacesobs
 0 0 0 0 0 0 0 0 0 2.06254e+06 1.5e+06 0 1.87456e+06 323000 250000 174000 83755 137374 0 501740 490994 745055 786931 1.00524e+06 1.33801e+06 1.41789e+06 0
pelacespred
 8.57065e+06 3.06225e+06 782251 363852 691394 598255 2.10166e+06 1.92812e+06 1.77673e+06 2.53867e+06 2.15099e+06 1.52101e+06 915046 298128 170628 172193 177263 252241 308606 280965 566692 566979 655777 1.07496e+06 1.63153e+06 1.27098e+06 461886
mphobs
 0 0 0 0 0 0 112323 0 153150 637223 0 255016 313432 73983 77613 109348 50772 17779 17303 59886 28197 0 207744 136588 643089 65757 70829
mphpred
 1.03634e+06 437229 206834 71038.2 51368.7 154399 182385 337101 301099 328527 441439 295552 170655 100229 43668.4 32149.7 26229.3 33724.5 49908.2 43631.3 61675 89610.4 98711.4 150912 228012 175671 135937
desembarqueobs
 350755 77701 442110 56441 14545 235359 269955 359681 431902 328805 639364 411747 362871 311530 167758 66681 60226 58785 57116 73181 50977 67692 138656 160484 209506 203330 245020
desembarquepred
 350741 77673.6 441490 56409.1 14542.6 235174 269883 359085 431373 328490 638157 411017 362131 310978 167237 66600.2 60186.7 58694 57031.6 73088.3 50958.3 67614.5 138525 160361 209296 203047 244721
Reclutas
 12859.6 20961.5 2181.68 5285.29 38137 13700 64735 56172.6 64281.2 113414 63801.6 48321.7 57706.2 29102.5 12417.8 9243.44 6919.83 8797.27 7878.89 8821.21 15780.6 17438.1 28583.1 47748.2 14629.3 29498.4 2364.45
log_desv_Rt
 -0.398158 0.0904431 -2.17215 -1.28732 0.688939 -0.33485 1.21806 1.07618 1.21102 1.7788 1.20353 0.925637 1.10312 0.418581 -0.433112 -0.728331 -1.01785 -0.777803 -0.888058 -0.775086 -0.193463 -0.0935866 0.400573 0.913697 -0.269218 0.432092 -2.0917
SSB
 1.26148e+06 532212 251766 86470.4 62528 187940 211830 402547 351189 387205 537337 359758 220034 132738 62513.6 46103.9 40803.8 47859.5 63779.4 61861.1 78006.5 109077 126108 178212 308342 254216 181613
BT
 1.80771e+06 664260 378481 140865 247760 298306 1.03938e+06 934101 977119 1.12377e+06 1.13813e+06 798367 674456 389318 196985 104358 102051 125823 119085 133296 208374 182147 260405 426754 474875 476241 274061
Ftot
 0.23438 0.383001 1.4888 1.08867 0.299289 1.75851 1.71317 1.71847 2.07164 1.38356 1.8972 1.83088 3.15428 4.95303 4.95303 2.30263 2.17611 1.76713 1.21584 1.57999 0.841325 0.891492 1.17511 1.12088 0.772367 1.03246 1.93555
BD_Bspro_t
 0.968801 0.787914 0.539354 0.178515 0.232463 0.520997 0.385556 0.483868 0.399647 0.383383 0.425211 0.27378 0.187812 0.134346 0.076678 0.0700454 0.0861603 0.138705 0.218577 0.256838 0.333793 0.475773 0.468008 0.480643 0.541869 0.418643 0.333853
BD_Bspro
 3.18953 1.34565 0.636567 0.218633 0.158096 0.47519 0.535593 1.0178 0.887949 0.979013 1.35861 0.909615 0.556336 0.335616 0.15806 0.11657 0.103169 0.121008 0.161261 0.15641 0.197232 0.275792 0.318853 0.450594 0.779616 0.642762 0.459192
BD_Bo
 2.38095 1.00451 0.475191 0.163207 0.118017 0.354725 0.399815 0.759779 0.662845 0.730823 1.01419 0.679018 0.415299 0.250534 0.11799 0.087018 0.0770143 0.0903314 0.120379 0.116759 0.147232 0.205876 0.23802 0.336363 0.581975 0.479815 0.342782
BD_Brms
 4.329 1.82639 0.863983 0.29674 0.214577 0.644954 0.726936 1.38142 1.20517 1.32877 1.84397 1.23458 0.755089 0.455516 0.214528 0.158215 0.140026 0.164239 0.218871 0.212288 0.267694 0.37432 0.432764 0.61157 1.05814 0.872391 0.62324
S_f
 0.0775871 0.784347 0.993682 0.999853 0.999997
 0.0775871 0.784347 0.993682 0.999853 0.999997
 0.0775871 0.784347 0.993682 0.999853 0.999997
 0.0775871 0.784347 0.993682 0.999853 0.999997
 0.0775871 0.784347 0.993682 0.999853 0.999997
 0.0775871 0.784347 0.993682 0.999853 0.999997
 0.0775871 0.784347 0.993682 0.999853 0.999997
 0.0775871 0.784347 0.993682 0.999853 0.999997
 0.0775871 0.784347 0.993682 0.999853 0.999997
 0.0775871 0.784347 0.993682 0.999853 0.999997
 0.0775871 0.784347 0.993682 0.999853 0.999997
 0.0775871 0.784347 0.993682 0.999853 0.999997
 0.0775871 0.784347 0.993682 0.999853 0.999997
 0.0775871 0.784347 0.993682 0.999853 0.999997
 0.0775871 0.784347 0.993682 0.999853 0.999997
 0.0775871 0.784347 0.993682 0.999853 0.999997
 0.0775871 0.784347 0.993682 0.999853 0.999997
 0.0775871 0.784347 0.993682 0.999853 0.999997
 0.0775871 0.784347 0.993682 0.999853 0.999997
 0.0775871 0.784347 0.993682 0.999853 0.999997
 0.0775871 0.784347 0.993682 0.999853 0.999997
 0.0775871 0.784347 0.993682 0.999853 0.999997
 0.0775871 0.784347 0.993682 0.999853 0.999997
 0.0775871 0.784347 0.993682 0.999853 0.999997
 0.0775871 0.784347 0.993682 0.999853 0.999997
 0.0775871 0.784347 0.993682 0.999853 0.999997
 0.0775871 0.784347 0.993682 0.999853 0.999997
Scru_reclas
 0.0904078 0.333428 0.715698 0.926842 0.984558
 0.0904078 0.333428 0.715698 0.926842 0.984558
 0.0904078 0.333428 0.715698 0.926842 0.984558
 0.0904078 0.333428 0.715698 0.926842 0.984558
 0.0904078 0.333428 0.715698 0.926842 0.984558
 0.0904078 0.333428 0.715698 0.926842 0.984558
 0.0904078 0.333428 0.715698 0.926842 0.984558
 0.0904078 0.333428 0.715698 0.926842 0.984558
 0.0904078 0.333428 0.715698 0.926842 0.984558
 0.0904078 0.333428 0.715698 0.926842 0.984558
 0.0904078 0.333428 0.715698 0.926842 0.984558
 0.0904078 0.333428 0.715698 0.926842 0.984558
 0.0904078 0.333428 0.715698 0.926842 0.984558
 0.0904078 0.333428 0.715698 0.926842 0.984558
 0.0904078 0.333428 0.715698 0.926842 0.984558
 0.0904078 0.333428 0.715698 0.926842 0.984558
 0.0904078 0.333428 0.715698 0.926842 0.984558
 0.0904078 0.333428 0.715698 0.926842 0.984558
 0.0904078 0.333428 0.715698 0.926842 0.984558
 0.0904078 0.333428 0.715698 0.926842 0.984558
 0.0904078 0.333428 0.715698 0.926842 0.984558
 0.0904078 0.333428 0.715698 0.926842 0.984558
 0.0904078 0.333428 0.715698 0.926842 0.984558
 0.0904078 0.333428 0.715698 0.926842 0.984558
 0.0904078 0.333428 0.715698 0.926842 0.984558
 0.0904078 0.333428 0.715698 0.926842 0.984558
 0.0904078 0.333428 0.715698 0.926842 0.984558
Scru_pelaces
 0.354044 1 1 1 1
 0.354044 1 1 1 1
 0.354044 1 1 1 1
 0.354044 1 1 1 1
 0.354044 1 1 1 1
 0.354044 1 1 1 1
 0.354044 1 1 1 1
 0.354044 1 1 1 1
 0.354044 1 1 1 1
 0.354044 1 1 1 1
 0.354044 1 1 1 1
 0.354044 1 1 1 1
 0.354044 1 1 1 1
 0.354044 1 1 1 1
 0.354044 1 1 1 1
 0.354044 1 1 1 1
 0.354044 1 1 1 1
 0.354044 1 1 1 1
 0.354044 1 1 1 1
 0.354044 1 1 1 1
 0.354044 1 1 1 1
 0.354044 1 1 1 1
 0.354044 1 1 1 1
 0.354044 1 1 1 1
 0.354044 1 1 1 1
 0.354044 1 1 1 1
 0.354044 1 1 1 1
pf_obs 
 0.256992 0.487395 0.22802 0.0275931 0
 0.321318 0.546541 0.124235 0.00734118 0.000564706
 0.182869 0.594174 0.210203 0.0122559 0.00049798
 0.330522 0.361315 0.267642 0.0388342 0.00168674
 0.649043 0.306663 0.0425973 0.00169635 0
 0.582887 0.30429 0.105238 0.00758474 0
 0.465427 0.430635 0.0974691 0.00646863 0
 0.296916 0.608066 0.0921331 0.00288517 0
 0.311714 0.524322 0.152257 0.0117073 0
 0.15457 0.633149 0.183074 0.0267441 0.00246327
 0.131901 0.49318 0.331252 0.0422183 0.00144891
 0.196976 0.569456 0.194076 0.0375587 0.00193317
 0.518974 0.381816 0.0799577 0.0180837 0.00116848
 0.0928022 0.601141 0.25162 0.0475244 0.00691264
 0.122501 0.610282 0.24278 0.0234846 0.000952079
 0.383417 0.481906 0.127806 0.00687128 0
 0.0376549 0.599619 0.316969 0.0457579 0
 0.0361596 0.667082 0.258105 0.0386534 0
 0.158088 0.579412 0.248529 0.0139706 0
 0.0477256 0.309471 0.559284 0.082774 0.000745712
 0.0406174 0.521527 0.379366 0.0568643 0.0016247
 0.151134 0.462217 0.34131 0.0453401 0
 0.294876 0.26143 0.354403 0.0886775 0.000613685
 0.281977 0.475581 0.204845 0.0348837 0.00271318
 0.0841818 0.532909 0.334909 0.0458182 0.00218182
 0.115287 0.27431 0.454777 0.147771 0.00785563
 0 0 0 0 0
pf_pred 
 0.0245378 0.63979 0.296414 0.0392553 2.82296e-06
 0.068606 0.184744 0.531651 0.190007 0.0249921
 0.0154784 0.479837 0.124708 0.271147 0.108829
 0.151224 0.204445 0.385237 0.0646188 0.194476
 0.563111 0.328616 0.0343061 0.0444114 0.0295556
 0.0991126 0.840447 0.0483424 0.00385232 0.00824579
 0.541007 0.314739 0.138135 0.00490724 0.00121126
 0.23252 0.7383 0.0227081 0.00620066 0.00027099
 0.277991 0.617681 0.101834 0.00194623 0.000547279
 0.35359 0.582059 0.058552 0.00566307 0.000136572
 0.157653 0.76028 0.0765289 0.00504473 0.00049383
 0.186602 0.652053 0.151484 0.00920436 0.000656684
 0.330355 0.562163 0.0934061 0.0132276 0.000849108
 0.257881 0.710778 0.0286982 0.00230279 0.000339819
 0.256218 0.725952 0.0175668 0.000242003 2.15929e-05
 0.278067 0.703299 0.018479 0.000152772 2.22142e-06
 0.222694 0.706659 0.0696082 0.00103043 8.50255e-06
 0.297625 0.615268 0.0823648 0.00467355 6.8669e-05
 0.205111 0.710376 0.0777256 0.00642187 0.000364748
 0.232287 0.613883 0.142444 0.0104817 0.000905184
 0.303593 0.589479 0.0922319 0.0136213 0.00107514
 0.205061 0.673391 0.107678 0.0119794 0.00189107
 0.274263 0.561312 0.145866 0.0164591 0.00209994
 0.299928 0.5975 0.0856123 0.0150645 0.00189607
 0.0669904 0.802014 0.117269 0.0114771 0.00224981
 0.212676 0.370607 0.373027 0.0391484 0.00454109
 0.0231944 0.799773 0.0996888 0.0693087 0.00803501
pobs_RECLAS
 0 0 0 0 0
 0 0 0 0 0
 0 0 0 0 0
 0 0 0 0 0
 0.835266 0.146461 0.0176864 0.000547809 3.91292e-05
 0.385257 0.428462 0.181853 0.0044286 0
 0.867414 0.0963971 0.0333333 0.00285562 0
 0.441836 0.489002 0.0689373 0.000224442 0
 0.779404 0.147425 0.0564933 0.0165055 0.000172143
 0.814271 0.122319 0.05973 0.00367925 0
 0.40263 0.566651 0.0304383 0.000280538 0
 0.475488 0.404961 0.113038 0.00651328 0
 0.955842 0.0263864 0.0167828 0.000988607 0
 0.975058 0.0227948 0.00214734 0 0
 0.738997 0.206755 0.0527124 0.00153531 0
 0.850938 0.134255 0.0134407 0.00136685 0
 0.542534 0.407297 0.0501686 0 0
 0.764087 0.199537 0.0359546 0.000420521 0
 0.470689 0.182191 0.310203 0.0369168 0
 0.84361 0.089868 0.0606195 0.00523954 0.000663233
 0.607945 0.314616 0.071237 0.00620181 0
 0.523733 0.453247 0.0230204 0 0
 0.530135 0.295979 0.169645 0.0042399 0
 0.562478 0.366248 0.0663022 0.0049721 0
 0.250443 0.683176 0.0655157 0.000865301 0
 0.195077 0.31981 0.436473 0.0351445 0.0134964
 0.565238 0.351407 0.0832357 0.000118908 0
ppred_RECLAS
 0.0525726 0.494638 0.386854 0.0659304 5.03574e-06
 0.11018 0.106174 0.514162 0.23645 0.0330327
 0.0310717 0.313612 0.131457 0.36729 0.156569
 0.240188 0.110108 0.341037 0.0735543 0.235113
 0.739759 0.155234 0.0273214 0.0455142 0.032171
 0.249857 0.668561 0.0611086 0.00625468 0.0142189
 0.756953 0.139721 0.097699 0.00445829 0.00116875
 0.482108 0.485386 0.0237781 0.00834018 0.000387119
 0.539893 0.36366 0.0934691 0.00229306 0.00068482
 0.609096 0.33018 0.0538573 0.00669486 0.000171479
 0.362958 0.542871 0.0861229 0.00728999 0.000757908
 0.395518 0.432246 0.158897 0.0123992 0.00093952
 0.640547 0.279562 0.0669279 0.0121363 0.000827354
 0.657326 0.32466 0.0161084 0.00164706 0.000258092
 0.656548 0.333349 0.00991255 0.000174009 1.64868e-05
 0.564075 0.418846 0.0168967 0.000179228 2.7678e-06
 0.477152 0.452506 0.0690191 0.00131123 1.14909e-05
 0.555418 0.361933 0.076954 0.00560838 8.75193e-05
 0.418225 0.485223 0.0867784 0.00921736 0.000556031
 0.454213 0.386843 0.144073 0.0136212 0.00124933
 0.530954 0.357185 0.092763 0.0176206 0.00147718
 0.402679 0.456253 0.120873 0.0172951 0.00289975
 0.492735 0.339162 0.144328 0.0209376 0.00283719
 0.534044 0.359667 0.0845925 0.0191384 0.0025584
 0.157733 0.65787 0.160053 0.0201492 0.00419507
 0.366544 0.217701 0.36103 0.0487219 0.00600254
 0.0632165 0.67274 0.13185 0.117702 0.0144921
pobs_PELACES
 0 0 0 0 0
 0 0 0 0 0
 0 0 0 0 0
 0 0 0 0 0
 0 0 0 0 0
 0 0 0 0 0
 0 0 0 0 0
 0 0 0 0 0
 0 0 0 0 0
 0 0 0 0 0
 0.450072 0.473896 0.0757376 0.000293798 0
 0 0 0 0 0
 0.463077 0.371075 0.160297 0.00555027 0
 0.529543 0.364841 0.0842815 0.0213345 0
 0.631943 0.363953 0.00410389 0 0
 0.735681 0.248677 0.0153453 0.000297389 0
 0.695825 0.281241 0.0229344 0 0
 0.275771 0.60734 0.115278 0.00161068 0
 0 0 0 0 0
 0.896147 0.0623911 0.0374545 0.00400742 0
 0.803859 0.145111 0.0509908 3.86294e-05 0
 0.739449 0.233085 0.0266225 0.000797448 4.60066e-05
 0.878498 0.100942 0.0204185 0.000141795 0
 0.694673 0.275183 0.0284847 0.00165964 0
 0.469039 0.446079 0.0841089 0.000773354 0
 0.822795 0.102175 0.0682046 0.00682512 0
 0 0 0 0 0
ppred_PELACES
 0.0944289 0.644228 0.230961 0.0303805 2.1844e-06
 0.266431 0.179826 0.395107 0.140197 0.0184374
 0.0968476 0.529006 0.0932093 0.200489 0.0804491
 0.531989 0.144892 0.193927 0.032226 0.0969657
 0.841974 0.126191 0.0101353 0.0130298 0.00866991
 0.412582 0.561029 0.0211574 0.00166622 0.00356552
 0.890125 0.0843847 0.0244211 0.000857537 0.000211609
 0.653654 0.337577 0.00684194 0.00184663 8.06824e-05
 0.739636 0.235351 0.0244235 0.00046073 0.000129518
 0.755597 0.227175 0.0156898 0.00150181 3.62094e-05
 0.559591 0.411803 0.0266972 0.00173828 0.000170112
 0.612071 0.334243 0.0504417 0.00302811 0.000215979
 0.849863 0.13612 0.0122093 0.00169866 0.000108996
 0.891836 0.106263 0.00174454 0.000136358 2.01099e-05
 0.889911 0.109001 0.00107248 1.4392e-05 1.28335e-06
 0.747525 0.248459 0.00398284 3.24701e-05 4.71985e-07
 0.682902 0.298575 0.0182551 0.00026662 2.19932e-06
 0.734692 0.24281 0.0212875 0.00119369 1.75343e-05
 0.579762 0.387949 0.0297194 0.00243155 0.000138075
 0.654897 0.295499 0.0459699 0.00334528 0.000288819
 0.675956 0.286209 0.0326735 0.00478434 0.000377556
 0.556456 0.392215 0.0455172 0.00501998 0.000792293
 0.674182 0.270203 0.0493915 0.00551966 0.000704068
 0.691894 0.274774 0.0278644 0.00485688 0.000611168
 0.250778 0.668991 0.0718861 0.00697716 0.00136744
 0.608059 0.217395 0.156397 0.0162637 0.00188614
 0.144479 0.749745 0.0598892 0.0411212 0.00476583
pobs_pel_tallas
 0 0 0 0 0 0 0 0 0 0 0 0 0 0 0 0 0 0 0 0 0 0 0 0 0 0 0 0 0 0 0 0 0 0 0 0
 0 0 0 0 0 0 0 0 0 0 0 0 0 0 0 0 0 0 0 0 0 0 0 0 0 0 0 0 0 0 0 0 0 0 0 0
 0 0 0 0 0 0 0 0 0 0 0 0 0 0 0 0 0 0 0 0 0 0 0 0 0 0 0 0 0 0 0 0 0 0 0 0
 0 0 0 0 0 0 0 0 0 0 0 0 0 0 0 0 0 0 0 0 0 0 0 0 0 0 0 0 0 0 0 0 0 0 0 0
 0 0 0 0 0 0 0 0 0 0 0 0 0 0 0 0 0 0 0 0 0 0 0 0 0 0 0 0 0 0 0 0 0 0 0 0
 0 0 0 0 0 0 0 0 0 0 0 0 0 0 0 0 0 0 0 0 0 0 0 0 0 0 0 0 0 0 0 0 0 0 0 0
 0 0 0 0 0 0 0 0 0 0 0 0 0 0 0 0 0 0 0 0 0 0 0 0 0 0 0 0 0 0 0 0 0 0 0 0
 0 0 0 0 0 0 0 0 0 0 0 0 0 0 0 0 0 0 0 0 0 0 0 0 0 0 0 0 0 0 0 0 0 0 0 0
 0 0 0 0 0 0 0 0 0 0 0 0 0 0 0 0 0 0 0 0 0 0 0 0 0 0 0 0 0 0 0 0 0 0 0 0
 0 0 0 0 0 0 0 0 0 0 0 0 0 0 0 0 0 0 0 0 0 0 0 0 0 0 0 0 0 0 0 0 0 0 0 0
 0 0 0 0 0 0 0 0 1.78061e-05 0.00172719 0.00360574 0.0105946 0.0120993 0.0124554 0.0147524 0.0171206 0.0266825 0.0428682 0.0675386 0.121331 0.153587 0.119568 0.100827 0.0573624 0.0630603 0.0341343 0.0324427 0.0444173 0.0211091 0.0280891 0.0125444 0.00206551 0 0 0 0
 0 0 0 0 0 0 0 0 0 0 0 0 0 0 0 0 0 0 0 0 0 0 0 0 0 0 0 0 0 0 0 0 0 0 0 0
 0 0 0 0 0 0 0.0133647 0.0140871 0.0187388 0.0205184 0.03894 0.0496705 0.03968 0.0493445 0.0407372 0.0367815 0.0215668 0.0243155 0.0234873 0.0199281 0.019796 0.0243948 0.0301388 0.0376714 0.0412746 0.0863199 0.0771752 0.113111 0.0741005 0.0525337 0.0229764 0.00759418 0.00175318 0 0 0
 0 0 0 0 0 0 0 0 0 0 0.00219441 0.00772107 0.0458388 0.0604681 0.0671733 0.0775358 0.0609151 0.0617685 0.073594 0.0568108 0.0755445 0.0548602 0.0670107 0.0636378 0.0643287 0.046367 0.0373049 0.0286899 0.0247887 0.0153202 0.00654259 0.00121912 0.000365735 0 0 0
 0 0 0 0 0 0 0 0 0 0 0 0 0.000112435 0.00938835 0.0111873 0.0202946 0.0414886 0.0713402 0.111592 0.104902 0.108894 0.110636 0.117776 0.105296 0.107544 0.0401394 0.0192827 0.0124803 0.00416011 0.0028671 0.000618394 0 0 0 0 0
 0 0 0 0 0 0 0 0 0 0 0.00291406 0.0102884 0.027416 0.0768956 0.0749926 0.110853 0.0956884 0.0897413 0.0766577 0.0534642 0.0500743 0.0551293 0.0594112 0.0620874 0.0668451 0.0424026 0.0208742 0.0120726 0.0048766 0.00582813 0.00118941 0.000297354 0 0 0 0
 0 0.00264628 0.0354308 0.0461629 0.0458689 0.0383711 0.0214643 0.0164657 0.0346957 0.0420465 0.0363128 0.0245516 0.0311673 0.0291091 0.0169068 0.0133784 0.00837989 0.0085269 0.0148486 0.0160247 0.0276389 0.0546898 0.0760071 0.122758 0.109233 0.0665981 0.0333725 0.0166128 0.00676272 0.00308733 0.000882094 0 0 0 0 0
 0 0 0 0 0 0 0 0.000805153 0.000690131 0.00759144 0.0133425 0.0154129 0.00931677 0.000345066 0.00356568 0.00563607 0.00851162 0.0253048 0.0502646 0.0516448 0.0657925 0.0565908 0.0611916 0.0827007 0.0866115 0.110766 0.145733 0.0935128 0.0569358 0.0249597 0.0138026 0.00621118 0.00161031 0.00115022 0 0
 0 0 0 0 0 0 0 0 0 0 0 0 0 0 0 0 0 0 0 0 0 0 0 0 0 0 0 0 0 0 0 0 0 0 0 0
 0.00147267 0.00158595 0.00478618 0.00569244 0.00954404 0.0108468 0.00647125 0.017049 0.0510054 0.094081 0.124002 0.0959785 0.0687766 0.0820023 0.061753 0.0591476 0.0492212 0.0479892 0.0443925 0.0268479 0.0217502 0.0140895 0.0121071 0.0120363 0.00920419 0.00665534 0.0049561 0.00860946 0.00930331 0.0156896 0.0114698 0.00855282 0.00243557 0.00046729 0 2.83206e-05
 0 0 0 0 0.000772559 0.00158375 0.000888443 0.00281984 0.00712685 0.0440552 0.0773331 0.111326 0.0921469 0.0852325 0.0710754 0.0886704 0.0786465 0.0553345 0.0373146 0.0185414 0.00753245 0.00457741 0.012979 0.0271748 0.0457355 0.0583668 0.034881 0.0177882 0.00938659 0.00492506 0.0015258 0.00185414 0.000309023 5.79419e-05 3.86279e-05 0
 0 0.00173294 0.00326652 0 0.00397197 0.00683976 0.00946217 0.0152591 0.00757587 0.0136028 0.0228656 0.0392903 0.0559909 0.0764795 0.0681675 0.0726916 0.0566044 0.0477403 0.0527397 0.0444891 0.0609904 0.0582453 0.0661739 0.0445044 0.0529084 0.0360697 0.0280645 0.0235558 0.0158879 0.00826598 0.00280645 0.00217768 0.000904811 0.00058276 9.20147e-05 0
 0 0 0 0 0 0 0 0 0 0 0 0 0 0 0 0 0 0 0 0 0 0 0 0 0 0 0 0 0 0 0 0 0 0 0 0
 0 0 0 0 0 0 0 0 0 0 0 0 0 0 0 0 0 0 0 0 0 0 0 0 0 0 0 0 0 0 0 0 0 0 0 0
 0 0 0 0 0 0 0 0 0 0 0 0 0 0 0 0 0 0 0 0 0 0 0 0 0 0 0 0 0 0 0 0 0 0 0 0
 0 0 0 0 0 0 0 0 0 0 0 0 0 0 0 0 0 0 0 0 0 0 0 0 0 0 0 0 0 0 0 0 0 0 0 0
 0 0 0 0 0 0 0 0 0 0 0 0 0 0 0 0 0 0 0 0 0 0 0 0 0 0 0 0 0 0 0 0 0 0 0 0
ppred_pel_tallas
 1.04533e-16 4.15685e-06 2.43051e-05 0.000115343 0.000443752 0.00138351 0.00349534 0.00715701 0.0118829 0.0160168 0.0175837 0.015877 0.0121663 0.0087179 0.00725782 0.00836288 0.0118785 0.0174938 0.0249293 0.0338216 0.0435766 0.0533354 0.0620729 0.0687864 0.0727122 0.0734922 0.0712401 0.0664804 0.0599927 0.0526164 0.0450815 0.0379092 0.0313943 0.0256471 0.0206632 0.0163873
 1.11347e-16 1.16384e-05 6.82705e-05 0.000324452 0.00124904 0.00389487 0.00983824 0.0201316 0.0333756 0.0448381 0.0488341 0.0431738 0.0311217 0.0186041 0.00986613 0.00580381 0.00526546 0.00687889 0.00983411 0.013793 0.0185901 0.0240455 0.0299066 0.035859 0.0415635 0.0466939 0.0509654 0.0541473 0.0560663 0.056609 0.0557281 0.0534556 0.0499155 0.0453256 0.039984 0.0342377
 1.12144e-16 4.2569e-06 2.4905e-05 0.000118222 0.000454885 0.00141827 0.00358298 0.00733541 0.0121751 0.0163988 0.0179716 0.0161531 0.0122198 0.00845837 0.00658898 0.00714518 0.00991301 0.0145385 0.0207422 0.0282217 0.0365132 0.0449499 0.0527362 0.0590962 0.0634428 0.0655039 0.0653649 0.0634086 0.060183 0.0562429 0.0520232 0.0477781 0.0435916 0.0394369 0.0352537 0.0310097
 1.08439e-16 2.3216e-05 0.000136246 0.000647624 0.00249335 0.00777522 0.0196396 0.0401856 0.0666135 0.0894644 0.0973664 0.0859115 0.0615584 0.0360494 0.0177322 0.00822984 0.00505012 0.00525813 0.00707506 0.00974011 0.0129502 0.0165076 0.0202013 0.0238009 0.0270874 0.0298836 0.0320704 0.0335843 0.034402 0.0345223 0.033955 0.0327207 0.0308612 0.0284499 0.0255989 0.0224542
 1.01038e-16 3.67318e-05 0.000215598 0.00102488 0.00394587 0.0123049 0.0310811 0.0635954 0.105414 0.141562 0.15403 0.135824 0.0971372 0.0565073 0.0270817 0.0113444 0.00525171 0.00405479 0.00484752 0.00636791 0.00812965 0.00987626 0.0113931 0.0124893 0.0130286 0.0129606 0.0123307 0.0112653 0.00993694 0.00852215 0.00716542 0.00595885 0.00494004 0.0041037 0.00341991 0.00285153
 1.00707e-16 1.80259e-05 0.000105738 0.000502502 0.00193445 0.00603221 0.0152374 0.0311815 0.0517005 0.0694741 0.0757116 0.0670445 0.0485628 0.0294912 0.0164586 0.0108996 0.0110433 0.0147039 0.0204524 0.0274489 0.0349842 0.042243 0.0483166 0.052357 0.0537678 0.0523509 0.0483569 0.0424154 0.0353759 0.0281111 0.021345 0.0155523 0.0109381 0.00748512 0.0050337 0.00336359
 1.00414e-16 3.88297e-05 0.000227918 0.00108346 0.00417144 0.0130083 0.0328578 0.0672305 0.111438 0.149647 0.162816 0.143544 0.102599 0.0595639 0.0283211 0.0114752 0.00473105 0.0030547 0.00337448 0.00437756 0.00559481 0.00682036 0.00790231 0.00870747 0.00913781 0.0091505 0.0087662 0.00806047 0.00714259 0.00612891 0.00511965 0.0041852 0.00336346 0.00266547 0.00208515 0.0016086
 1.00275e-16 2.85287e-05 0.000167419 0.000795787 0.00306375 0.00955394 0.0241327 0.0493802 0.0818585 0.10995 0.11969 0.105678 0.0758701 0.0447265 0.022542 0.011348 0.00810375 0.00918751 0.0123369 0.0164617 0.0209536 0.0252784 0.0288812 0.0312512 0.0320315 0.0311065 0.0286317 0.0249916 0.0207032 0.0162963 0.01221 0.00873115 0.00598215 0.00394955 0.0025327 0.00159382
 1.00446e-16 3.22738e-05 0.000189415 0.000900381 0.00346649 0.0108099 0.0273051 0.0558703 0.0926131 0.124382 0.135367 0.119438 0.0855717 0.0500898 0.0245878 0.0113022 0.00673357 0.00674574 0.00878464 0.0116861 0.0149045 0.0180406 0.0207025 0.0225301 0.0232672 0.0228212 0.0212854 0.0189106 0.016041 0.013033 0.0101854 0.00769807 0.00566311 0.00408381 0.00290631 0.00205176
 1.00351e-16 3.29695e-05 0.0001935 0.000919803 0.00354128 0.0110431 0.0278941 0.0570755 0.0946104 0.127063 0.138282 0.122001 0.0873907 0.051119 0.0250265 0.0113914 0.00663197 0.00651742 0.00843684 0.0112049 0.0142747 0.0172557 0.0197686 0.0214671 0.0221067 0.0216029 0.0200514 0.0177009 0.0148897 0.0119663 0.00922184 0.00684856 0.00493252 0.00347172 0.00240777 0.00165797
 1.00581e-16 2.44302e-05 0.00014335 0.000681346 0.00262309 0.00817976 0.0206617 0.0422789 0.0700903 0.0941546 0.102525 0.0905926 0.0651936 0.0387417 0.0200977 0.0110559 0.00906766 0.0110704 0.0151301 0.0202634 0.0258378 0.0312293 0.0357661 0.0388228 0.0399571 0.039017 0.0361777 0.0318923 0.0267758 0.0214625 0.0164808 0.0121803 0.00871665 0.00608517 0.00417837 0.00284436
 1.0094e-16 2.67155e-05 0.000156774 0.000745179 0.00286889 0.00894629 0.0225978 0.0462397 0.0766532 0.102961 0.112087 0.098978 0.0710893 0.0419673 0.0212621 0.0108881 0.00801231 0.00925679 0.012513 0.0167628 0.0214297 0.0259956 0.0299134 0.0326707 0.0338976 0.0334528 0.0314553 0.0282459 0.0242981 0.0201054 0.0160839 0.012515 0.00953398 0.00715523 0.00531586 0.00391913
 1.00282e-16 3.70762e-05 0.000217618 0.00103448 0.00398286 0.0124202 0.0313724 0.0641915 0.106403 0.14289 0.155477 0.137104 0.0980622 0.0570645 0.0273843 0.0115318 0.00542773 0.00427926 0.00515043 0.0067603 0.00860593 0.0104123 0.0119448 0.0129944 0.0134136 0.0131497 0.0122576 0.0108833 0.00922642 0.00749322 0.00585621 0.00442995 0.00326653 0.00236641 0.00169708 0.00121192
 1.00066e-16 3.89052e-05 0.000228359 0.00108555 0.00417949 0.0130334 0.0329213 0.0673604 0.111654 0.149939 0.163138 0.143839 0.102832 0.0597456 0.0284937 0.0116931 0.00504621 0.003511 0.0040043 0.00519532 0.00658812 0.00794256 0.00907068 0.00980977 0.0100474 0.00974762 0.00895975 0.00780548 0.0064482 0.00505537 0.00376573 0.00266984 0.00180633 0.00117075 0.000731006 0.000443135
 1.00052e-16 3.88214e-05 0.000227867 0.00108321 0.00417048 0.0130053 0.0328503 0.0672152 0.111414 0.149616 0.162787 0.143531 0.102616 0.059627 0.0284504 0.0116984 0.0050835 0.00357544 0.00409744 0.00532006 0.00674542 0.00812967 0.00928043 0.010031 0.0102663 0.00994981 0.00913293 0.00794111 0.00654267 0.00511001 0.00378583 0.00266315 0.00178144 0.00113569 0.000692341 0.000405611
 1.00139e-16 3.26183e-05 0.000191437 0.000909989 0.00350348 0.0109253 0.0275964 0.0564666 0.0936017 0.125711 0.136815 0.120719 0.0864998 0.0506524 0.0248994 0.0115035 0.00692939 0.0069957 0.00911625 0.0121045 0.0153943 0.0185639 0.0211995 0.0229245 0.0234765 0.0227712 0.0209246 0.0182213 0.0150436 0.0117835 0.00876564 0.00620197 0.00418294 0.00269816 0.00167244 0.00100276
 1.00366e-16 2.98025e-05 0.000174901 0.000831364 0.00320074 0.00998116 0.0252118 0.0515878 0.0855165 0.114859 0.125021 0.110355 0.0791632 0.0465379 0.0232152 0.0112947 0.00757878 0.00827032 0.0110089 0.0146819 0.0187076 0.0226041 0.0258786 0.0280769 0.0288788 0.0281749 0.0260936 0.0229648 0.0192362 0.0153694 0.0117489 0.00862888 0.0061223 0.0042253 0.00285883 0.00191129
 1.00424e-16 3.20585e-05 0.000188151 0.000894368 0.00344334 0.0107377 0.0271227 0.0554972 0.0919948 0.123553 0.134466 0.118648 0.0850164 0.0497863 0.0244787 0.0113189 0.0068343 0.0069184 0.00903348 0.0120185 0.0153224 0.0185357 0.0212547 0.0231086 0.0238345 0.0233392 0.0217218 0.0192442 0.0162643 0.0131522 0.0102172 0.00766506 0.00558947 0.00399122 0.00281161 0.00196611
 1.00639e-16 2.53088e-05 0.00014851 0.000705883 0.00271758 0.00847441 0.021406 0.0438015 0.0726133 0.0975403 0.106203 0.0938207 0.0674697 0.0400001 0.020578 0.0110457 0.00874688 0.0104984 0.0142976 0.0191436 0.0244186 0.02953 0.0338442 0.0367713 0.0378928 0.0370625 0.0344418 0.0304527 0.0256704 0.0206884 0.0160023 0.0119406 0.00865125 0.00613257 0.00428732 0.00297686
 1.00878e-16 2.85813e-05 0.000167731 0.00079728 0.00306951 0.00957193 0.0241781 0.0494727 0.0820108 0.110151 0.1199 0.105842 0.0759419 0.0446766 0.0223476 0.0109756 0.00750231 0.00829461 0.0110956 0.014842 0.0189741 0.0230223 0.0265009 0.0289565 0.0300616 0.0296902 0.027946 0.025129 0.0216558 0.0179612 0.014412 0.0112563 0.00861398 0.00649834 0.00485511 0.00360033
 1.0074e-16 2.94992e-05 0.000173121 0.000822905 0.00316818 0.00987961 0.0249553 0.0510628 0.0846461 0.113689 0.123746 0.109225 0.0783443 0.0460391 0.0229345 0.0111067 0.00738924 0.00802422 0.0106794 0.0142624 0.0182104 0.0220626 0.0253478 0.0276287 0.0285925 0.0281242 0.0263331 0.0235193 0.0200953 0.0164891 0.0130595 0.0100461 0.00756028 0.00560715 0.0041245 0.00302113
 1.00984e-16 2.42927e-05 0.000142545 0.000677521 0.00260837 0.00813386 0.0205458 0.0420415 0.0696963 0.093624 0.101944 0.0900708 0.0648002 0.0384723 0.0198933 0.010842 0.00878002 0.0106611 0.0145673 0.0195338 0.0249531 0.0302327 0.0347334 0.0378568 0.0391743 0.038528 0.0360677 0.0322045 0.0275042 0.0225539 0.0178458 0.0137093 0.0102974 0.00761792 0.00558584 0.00407621
 1.01012e-16 2.94212e-05 0.000172664 0.000820738 0.00315984 0.00985362 0.0248896 0.0509283 0.0844227 0.113388 0.123415 0.108926 0.0781135 0.0458715 0.0227922 0.0109416 0.00715762 0.00769135 0.0102209 0.0136677 0.017489 0.0212493 0.0245038 0.0268368 0.0279461 0.0277115 0.0262211 0.0237408 0.0206433 0.0173189 0.0140976 0.0112042 0.00874925 0.00674922 0.00516102 0.00391575
 1.00681e-16 3.01936e-05 0.000177199 0.000842297 0.00324284 0.0101125 0.0255434 0.0522661 0.0866402 0.116365 0.126655 0.111782 0.0801552 0.0470566 0.0233548 0.0111664 0.00724178 0.00772851 0.0102384 0.0136601 0.0174334 0.0211113 0.0242404 0.0264013 0.0272952 0.0268137 0.0250643 0.022338 0.0190335 0.0155638 0.0122742 0.00939468 0.00703055 0.00518446 0.00379372 0.00276786
 1.01542e-16 1.0975e-05 6.43324e-05 0.000305634 0.00117642 0.0036683 0.00926652 0.0189654 0.0314556 0.0422994 0.0461764 0.0410786 0.030164 0.0191341 0.0121444 0.0102155 0.0124168 0.0175229 0.024674 0.0332278 0.0424564 0.0514208 0.0590438 0.0643076 0.0664832 0.0653052 0.0610343 0.0543779 0.0463071 0.0378282 0.0297847 0.0227393 0.0169521 0.0124327 0.00903118 0.00652835
 1.02938e-16 2.6536e-05 0.00015573 0.000740241 0.00284992 0.00888715 0.0224483 0.045933 0.0761417 0.102264 0.111306 0.0982314 0.0704304 0.0413331 0.0204915 0.0097697 0.00632205 0.00678254 0.00908452 0.0122967 0.0159823 0.0198055 0.0234131 0.0264538 0.02864 0.029802 0.0299131 0.0290761 0.0274814 0.0253516 0.0228956 0.0202807 0.017629 0.0150262 0.0125374 0.0102176
 1.0273e-16 6.34306e-06 3.71316e-05 0.000176302 0.00067843 0.00211532 0.00534394 0.0109401 0.018156 0.024448 0.0267759 0.0240263 0.018089 0.0123526 0.00934943 0.00982961 0.0134155 0.0195105 0.0276243 0.0372354 0.0475919 0.0576603 0.0662424 0.0722052 0.0747394 0.0735541 0.0689442 0.0617008 0.052904 0.0436667 0.0349132 0.0272508 0.0209476 0.0159956 0.0122151 0.00935863
pSPR Fmed_Fpbrs
0.507424   0.6 0.325
Fs Fmed_Fpbrs
0.64   0.431306 1.49628
SSBpbr Bo_Bmed_Bpbrs
529821  242353  291401 145701
Ro
19148.9
SPR SPRFo_SPRFmed_SPRFpbrs
395506 200689 128539
log_Ro
9.68
likeval ReclasPelacesDesembMPH_pf_preclas_ppelaces_ptallas_desvR_qrecl_qpela
 73.6955 12.7313 0.237199 0.000457704 382.419 221.562 58.9297 0 38.2266 0.000169866 0.000295991 1.2936e-14 0 0 0
q_reclas_q_pelaces
6.33992 11.5614
M
0.7
N
 12859.6 35639.3 13308 1752.64 0.12602
 20961.5 6270.79 14726 5235.54 688.559
 2181.68 10104.4 2305.96 4997.97 2005.87
 5285.29 965.203 1560.85 260.826 784.908
 38137 2412.01 204.066 262.749 174.836
 13700 18503.6 947.162 75.2675 161.098
 64735 5935.53 2313.31 81.9466 20.2256
 56172.6 28145.4 768.926 209.367 9.14947
 64281.2 24412.6 3631 69.2267 19.4654
 113414 27181.5 2387.43 230.147 5.54987
 63801.6 50587.4 4560.11 299.813 29.347
 48321.7 27346.3 5672.56 343.743 24.5227
 57706.2 20818.2 3230.18 456.729 29.3174
 29102.5 22435.2 870.908 69.8219 10.3033
 12417.8 9840.77 228.947 3.15125 0.281167
 9243.44 4198.98 100.423 0.82841 0.0120451
 6919.83 3839.18 342.589 5.0597 0.0417477
 8797.27 2902.44 345.912 19.5733 0.287575
 7878.89 3808.88 360.419 29.6726 1.6852
 8821.21 3560.33 728.836 53.4692 4.6172
 15780.6 3875.1 512.012 75.2971 5.94266
 17438.1 7341.22 994.696 110.205 17.3952
 28583.1 8080.79 1811.7 203.686 25.985
 47748.2 12957.1 1596.48 279.874 35.2228
 14629.3 21736.1 2671.09 260.279 51.0164
 29498.4 6842.14 5889.5 615.696 71.4124
 2364.45 13520.8 1511.79 1048.37 121.531
pred_Ctot
 166.832 4349.92 2015.31 266.896 0.0191932
 442.13 1190.58 3426.21 1224.5 161.061
 172.306 5341.56 1388.26 3018.42 1211.49
 309.377 418.259 788.126 132.199 397.863
 630.383 367.873 38.4045 49.717 33.0864
 1266.52 10739.7 617.749 49.2273 105.37
 5839.08 3396.98 1490.89 52.9638 13.0731
 5081.52 16134.9 496.265 135.51 5.92225
 6927.97 15393.6 2537.87 48.5031 13.6391
 8353.58 13751.2 1383.3 133.791 3.22653
 6334 30545.7 3074.7 202.682 19.8406
 4639.78 16213 3766.59 228.863 16.3282
 9136.88 15548.2 2583.4 365.846 23.4845
 6826.7 18815.9 759.706 60.9602 8.9958
 2912.9 8253.24 199.714 2.7513 0.245487
 1098.83 2779.22 73.0232 0.603707 0.00877835
 780.685 2477.29 244.021 3.61231 0.0298069
 817.029 1689.01 226.105 12.8297 0.188508
 512.865 1776.24 194.346 16.0574 0.912022
 737.098 1947.99 452.007 33.2608 2.87235
 719.856 1397.73 218.693 32.2978 2.54928
 841.467 2763.26 441.857 49.1575 7.76
 1800.71 3685.37 957.704 108.065 13.7874
 2874.54 5726.5 820.517 144.38 18.1721
 614.075 7351.75 1074.96 105.206 20.6232
 1640.67 2859.02 2877.69 302.007 35.0318
 239.174 8247.01 1027.96 714.69 82.8545
F
 0.0181849 0.183836 0.232899 0.234346 0.234379
 0.029716 0.300406 0.380581 0.382945 0.383
 0.115512 1.16774 1.4794 1.48859 1.4888
 0.0844665 0.853893 1.08179 1.08851 1.08866
 0.0232209 0.234746 0.297398 0.299245 0.299288
 0.136438 1.37929 1.7474 1.75826 1.75851
 0.13292 1.34372 1.70234 1.71291 1.71316
 0.133331 1.34787 1.70761 1.71821 1.71846
 0.160732 1.62488 2.05855 2.07133 2.07163
 0.107346 1.08519 1.37481 1.38335 1.38355
 0.147198 1.48806 1.88521 1.89692 1.89719
 0.142052 1.43604 1.81931 1.83061 1.83087
 0.244731 2.47405 3.13435 3.15381 3.15427
 0.384291 3.8849 4.92174 4.9523 4.95302
 0.384291 3.8849 4.92174 4.9523 4.95302
 0.178655 1.80607 2.28809 2.3023 2.30263
 0.168838 1.70683 2.16236 2.17579 2.17611
 0.137106 1.38604 1.75596 1.76687 1.76712
 0.0943337 0.953643 1.20816 1.21566 1.21584
 0.122587 1.23926 1.57001 1.57976 1.57998
 0.0652759 0.659891 0.836009 0.841201 0.841322
 0.0691683 0.69924 0.88586 0.891361 0.891489
 0.0911731 0.921692 1.16768 1.17493 1.1751
 0.0869658 0.879159 1.1138 1.12072 1.12088
 0.0599257 0.605804 0.767487 0.772254 0.772365
 0.0801058 0.809809 1.02594 1.03231 1.03246
 0.150174 1.51814 1.92332 1.93527 1.93554
Np
 12522 6013.6 357.75 475.925 46.8097
YTP_r0W_actual
 459.771 61464.4 12195.3 10855.4 1396.65
YTP_p0W_proyectada
 2434.92 4593.31 11868 1135.88 925.759
 2434.92 27337.3 2885.91 4928.03 537.945
CTP_r0_actual
 56.0696 2845.57 388.386 270.709 31.3854
CTP_p0_proyectada
 296.941 212.653 377.962 28.3261 20.8036
 296.941 1265.61 91.9078 122.894 12.0887
Wmedp
 8.2 21.6 31.4 40.1 44.5
nmprior
 10.8 10.6 4.6 0
nm_flota  nm_reclas  nm_pelaces    nm_pelaL
inf 17.1133 17.2417 53.8531
cv_recla  cv_pelaces  cv_mph
0.743449 0.390865 0.571779
 ------------------------------------------------
Talla a la edad & desviaci?n 
 7.2 14.2025 17.0495 18.207 18.6776
 1.08 2.13037 2.55742 2.73105 2.80164
