years
 1991 1992 1993 1994 1995 1996 1997 1998 1999 2000 2001 2002 2003 2004 2005 2006 2007 2008 2009 2010 2011 2012 2013 2014 2015 2016 2017 2018 2019 2020 2021
reclasobs
 0 0 0 0 0 0 0 0 0 252601 567819 844713 477998 351125 339783 2.1784e+06 2.13404e+06 4.81314e+06 1.55562e+06 2.62356e+06 3.21686e+06 3.843e+06 1.13348e+06 3.07943e+06 1.97215e+06 2.03268e+06 2.025e+06 2.42433e+06 2.27542e+06 1.05018e+06 2.36338e+06
reclaspred
 6.502e+06 2.24346e+06 1.04256e+06 803331 374575 2.85488e+06 1.78824e+06 996244 561649 259369 857516 1.0402e+06 307189 800505 509687 1.55504e+06 1.05936e+06 2.98859e+06 3.33764e+06 2.43989e+06 3.01909e+06 2.40308e+06 1.36669e+06 2.9524e+06 2.33318e+06 1.74131e+06 2.14731e+06 2.88012e+06 2.50035e+06 918057 1.5416e+06
pelacesobs
 0 0 0 0 0 0 0 0 0 0 0 0 0 0 0 552880 188675 0 991730 2.46772e+06 1.41603e+06 1.21717e+06 2.29649e+06 1.80582e+06 0 1.4828e+06 1.56532e+06 1.57751e+06 1.42118e+06 867257 1.10002e+06
pelacespred
 6.41399e+06 2.02413e+06 665152 335823 199535 1.575e+06 1.06526e+06 895019 336189 101504 478648 535726 111588 397386 252385 653229 524862 1.5634e+06 1.89744e+06 1.37131e+06 1.58089e+06 1.19084e+06 766346 1.82076e+06 1.57316e+06 1.21347e+06 1.49597e+06 2.03575e+06 1.81202e+06 663819 869569
mphobs
 0 0 0 0 0 0 0 0 0 0 0 498337 0 5186 125008 0 168611 109162 213762 579715 649985 157893 87575 83554 0 0 0 0 0 0 0
mphpred
 1.16897e+06 530551 134587 118567 61375.5 36819 429930 148140 84380.7 36515.2 17433.3 153221 72304.3 12480.2 61251.1 40384.3 198720 88502.5 361309 327828 316212 244193 254908 115222 376072 264487 161789 234516 449958 204027 59287.1
desembarqueobs
 494567 514787 250237 358949 120608 361735 552515 73892 212993 205616 52469 317467 293654 387597 252695 516296 358380 742168 942051 627588 828172 859565 418607 520667 417249 300574 415391 372974 316634 284311 391294
desembarquepred
 494505 514540 249931 358763 120563 361591 552030 73880.7 212864 205477 52460.2 317312 293519 387078 252467 515885 358203 741510 940685 626682 827973 858705 418158 520431 416939 300382 415131 372745 316386 283969 391112
Reclutas
 54674.8 42888.9 138219 60347.6 24900.8 278283 36955.6 11088.6 25843.2 37321.3 85228.2 71672.4 38982.1 101796 40478.1 243889 30916.9 349219 323701 198908 173229 353588 38009.8 184319 128926 44122.7 132655 162167 37220.2 23929 125435
log_desv_Rt
 -0.360017 -0.602805 0.567417 -0.261298 -1.14652 1.26722 -0.751701 -1.95551 -1.10937 -0.741856 0.0839137 -0.0893131 -0.698317 0.261554 -0.660658 1.13529 -0.930116 1.49428 1.4184 0.931425 0.793194 1.50671 -0.723576 0.855252 0.49782 -0.574445 0.526331 0.72721 -0.744567 -1.18633 0.470366
SSB
 1.33601e+06 606362 153818 135508 70145.4 42080.1 491362 169308 96437.9 41732.8 19924.3 175115 82635.8 14263.5 70003.3 46154.8 227116 101149 412937 374672 361395 279086 291332 131686 429809 302280 184907 268026 514253 233181 67758.6
BT
 1.79233e+06 960614 433306 393898 163128 1.27824e+06 793657 312985 329983 241852 322678 470691 305501 663657 380675 798364 454296 1.57143e+06 1.77673e+06 1.05593e+06 1.35495e+06 1.29279e+06 607722 1.50116e+06 928681 663465 1.16242e+06 1.34865e+06 769819 452404 859058
Ftot
 0.363215 1.01423 1.01868 1.68281 1.29598 0.545323 1.22532 0.345254 1.51557 2.63243 0.268183 1.2221 2.92466 1.84584 1.84825 1.33374 1.32643 1.02999 1.14517 1.05998 1.12856 1.41697 1.2258 0.753129 0.759541 0.74505 0.824349 0.559469 0.555828 1.27854 1.05331
BD_Bspro_t
 0.943835 0.605431 0.261371 0.247752 0.124728 0.100661 0.470258 0.21244 0.178533 0.106328 0.0720864 0.462195 0.191702 0.0413644 0.150796 0.106305 0.255594 0.131023 0.316264 0.263122 0.215714 0.179364 0.198612 0.116214 0.323753 0.300407 0.254266 0.35985 0.490541 0.309509 0.144384
BD_Bspro
 2.38844 1.08402 0.274988 0.242255 0.125402 0.0752286 0.878432 0.30268 0.172407 0.0746078 0.0356196 0.313061 0.147732 0.0254996 0.125148 0.0825132 0.406026 0.180828 0.738227 0.669819 0.646084 0.498936 0.520828 0.235422 0.76839 0.5404 0.330567 0.479163 0.919355 0.416868 0.121135
BD_Bo
 1.07081 0.485999 0.123285 0.10861 0.0562216 0.0337272 0.393827 0.1357 0.0772951 0.0334489 0.0159693 0.140355 0.0662327 0.0114322 0.0561077 0.0369932 0.182033 0.0810708 0.330969 0.3003 0.289659 0.223688 0.233503 0.105547 0.344492 0.242277 0.148203 0.214823 0.412174 0.186895 0.0543086
BD_Brms
 1.94693 0.883635 0.224155 0.197473 0.102221 0.0613223 0.71605 0.246728 0.140536 0.0608162 0.0290352 0.25519 0.120423 0.0207859 0.102014 0.0672603 0.33097 0.147401 0.601762 0.546 0.526652 0.406705 0.42455 0.191903 0.626349 0.440504 0.26946 0.390588 0.749408 0.339808 0.0987429
Sel_flota
 0.632697 0.970351 0.998394 0.999915 0.999996
 0.632697 0.970351 0.998394 0.999915 0.999996
 0.632697 0.970351 0.998394 0.999915 0.999996
 0.632697 0.970351 0.998394 0.999915 0.999996
 0.632697 0.970351 0.998394 0.999915 0.999996
 0.632697 0.970351 0.998394 0.999915 0.999996
 0.632697 0.970351 0.998394 0.999915 0.999996
 0.632697 0.970351 0.998394 0.999915 0.999996
 0.632697 0.970351 0.998394 0.999915 0.999996
 0.632697 0.970351 0.998394 0.999915 0.999996
 0.632697 0.970351 0.998394 0.999915 0.999996
 0.632697 0.970351 0.998394 0.999915 0.999996
 0.632697 0.970351 0.998394 0.999915 0.999996
 0.632697 0.970351 0.998394 0.999915 0.999996
 0.632697 0.970351 0.998394 0.999915 0.999996
 0.632697 0.970351 0.998394 0.999915 0.999996
 0.632697 0.970351 0.998394 0.999915 0.999996
 0.632697 0.970351 0.998394 0.999915 0.999996
 0.632697 0.970351 0.998394 0.999915 0.999996
 0.632697 0.970351 0.998394 0.999915 0.999996
 0.632697 0.970351 0.998394 0.999915 0.999996
 0.632697 0.970351 0.998394 0.999915 0.999996
 0.632697 0.970351 0.998394 0.999915 0.999996
 0.632697 0.970351 0.998394 0.999915 0.999996
 0.632697 0.970351 0.998394 0.999915 0.999996
 0.632697 0.970351 0.998394 0.999915 0.999996
 0.632697 0.970351 0.998394 0.999915 0.999996
 0.632697 0.970351 0.998394 0.999915 0.999996
 0.632697 0.970351 0.998394 0.999915 0.999996
 0.632697 0.970351 0.998394 0.999915 0.999996
 0.632697 0.970351 0.998394 0.999915 0.999996
Sel_reclas
 0.538948 0.854713 0.967327 0.993333 0.998668
 0.538948 0.854713 0.967327 0.993333 0.998668
 0.538948 0.854713 0.967327 0.993333 0.998668
 0.538948 0.854713 0.967327 0.993333 0.998668
 0.538948 0.854713 0.967327 0.993333 0.998668
 0.538948 0.854713 0.967327 0.993333 0.998668
 0.538948 0.854713 0.967327 0.993333 0.998668
 0.538948 0.854713 0.967327 0.993333 0.998668
 0.538948 0.854713 0.967327 0.993333 0.998668
 0.538948 0.854713 0.967327 0.993333 0.998668
 0.538948 0.854713 0.967327 0.993333 0.998668
 0.538948 0.854713 0.967327 0.993333 0.998668
 0.538948 0.854713 0.967327 0.993333 0.998668
 0.538948 0.854713 0.967327 0.993333 0.998668
 0.538948 0.854713 0.967327 0.993333 0.998668
 0.538948 0.854713 0.967327 0.993333 0.998668
 0.538948 0.854713 0.967327 0.993333 0.998668
 0.538948 0.854713 0.967327 0.993333 0.998668
 0.538948 0.854713 0.967327 0.993333 0.998668
 0.538948 0.854713 0.967327 0.993333 0.998668
 0.538948 0.854713 0.967327 0.993333 0.998668
 0.538948 0.854713 0.967327 0.993333 0.998668
 0.538948 0.854713 0.967327 0.993333 0.998668
 0.538948 0.854713 0.967327 0.993333 0.998668
 0.538948 0.854713 0.967327 0.993333 0.998668
 0.538948 0.854713 0.967327 0.993333 0.998668
 0.538948 0.854713 0.967327 0.993333 0.998668
 0.538948 0.854713 0.967327 0.993333 0.998668
 0.538948 0.854713 0.967327 0.993333 0.998668
 0.538948 0.854713 0.967327 0.993333 0.998668
 0.538948 0.854713 0.967327 0.993333 0.998668
Sel_pelaces
 0.267689 0.647842 0.902517 0.978989 0.995753
 0.267689 0.647842 0.902517 0.978989 0.995753
 0.267689 0.647842 0.902517 0.978989 0.995753
 0.267689 0.647842 0.902517 0.978989 0.995753
 0.267689 0.647842 0.902517 0.978989 0.995753
 0.267689 0.647842 0.902517 0.978989 0.995753
 0.267689 0.647842 0.902517 0.978989 0.995753
 0.267689 0.647842 0.902517 0.978989 0.995753
 0.267689 0.647842 0.902517 0.978989 0.995753
 0.267689 0.647842 0.902517 0.978989 0.995753
 0.267689 0.647842 0.902517 0.978989 0.995753
 0.267689 0.647842 0.902517 0.978989 0.995753
 0.267689 0.647842 0.902517 0.978989 0.995753
 0.267689 0.647842 0.902517 0.978989 0.995753
 0.267689 0.647842 0.902517 0.978989 0.995753
 0.267689 0.647842 0.902517 0.978989 0.995753
 0.267689 0.647842 0.902517 0.978989 0.995753
 0.267689 0.647842 0.902517 0.978989 0.995753
 0.267689 0.647842 0.902517 0.978989 0.995753
 0.267689 0.647842 0.902517 0.978989 0.995753
 0.267689 0.647842 0.902517 0.978989 0.995753
 0.267689 0.647842 0.902517 0.978989 0.995753
 0.267689 0.647842 0.902517 0.978989 0.995753
 0.267689 0.647842 0.902517 0.978989 0.995753
 0.267689 0.647842 0.902517 0.978989 0.995753
 0.267689 0.647842 0.902517 0.978989 0.995753
 0.267689 0.647842 0.902517 0.978989 0.995753
 0.267689 0.647842 0.902517 0.978989 0.995753
 0.267689 0.647842 0.902517 0.978989 0.995753
 0.267689 0.647842 0.902517 0.978989 0.995753
 0.267689 0.647842 0.902517 0.978989 0.995753
pf_obs 
 0.8446 0.082 0.0669 0.0065 0
 0.8095 0.147 0.0364 0.0071 0
 0.9664 0.0169 0.016 0.0007 0
 0.9276 0.0648 0.0075 0.0001 0
 0.7033 0.2144 0.0806 0.0017 0
 0.9318 0.0425 0.0243 0.0014 0
 0.5671 0.3108 0.0964 0.0239 0.0018
 0.0768 0.2599 0.5324 0.112 0.0189
 0.490249 0.384438 0.106611 0.0170017 0.00170017
 0.7925 0.1577 0.0466 0.003 0.0002
 0.840416 0.127587 0.0312969 0.00059994 9.999e-05
 0.8084 0.0986 0.0794 0.0134 0.0002
 0.7335 0.1905 0.0724 0.0035 0.0001
 0.4001 0.4547 0.1325 0.0127 0
 0.49795 0.308269 0.164784 0.0264974 0.00249975
 0.9179 0.0499 0.0305 0.0017 0
 0.2467 0.6533 0.0926 0.0074 0
 0.9418 0.0223 0.034 0.0019 0
 0.707729 0.231977 0.0356964 0.0245975 0
 0.517169 0.277429 0.184464 0.0207286 0.00020938
 0.811772 0.124168 0.05621 0.00726502 0.000585176
 0.764997 0.148141 0.077277 0.00933861 0.000247198
 0.163321 0.427699 0.378323 0.0303852 0.000271297
 0.753843 0.0900009 0.118128 0.0371064 0.000921714
 0.721811 0.176058 0.0630433 0.0369309 0.00215725
 0.143369 0.312575 0.442814 0.0836902 0.0175525
 0.692698 0.0596174 0.167031 0.0765114 0.00414204
 0.394062 0.376323 0.152708 0.0712218 0.00568511
 0.125707 0.32114 0.495352 0.0537591 0.00404204
 0.23352 0.215282 0.420074 0.123614 0.00750983
 0.796117 0.104755 0.0508955 0.0450114 0.00322123
pf_pred 
 0.294472 0.198751 0.448568 0.0582079 1.0571e-06
 0.447309 0.226277 0.0942092 0.205576 0.0266287
 0.882046 0.071909 0.0193871 0.00770756 0.01895
 0.623138 0.352343 0.0152261 0.00391857 0.00537411
 0.65945 0.267843 0.068243 0.00277565 0.00168832
 0.974651 0.0201924 0.00409987 0.000991849 6.46951e-05
 0.274069 0.715001 0.0087725 0.00171628 0.000441405
 0.339853 0.281046 0.373672 0.00436014 0.00106949
 0.736505 0.121097 0.0617958 0.0794497 0.00115234
 0.880094 0.103191 0.00792717 0.00382017 0.0049674
 0.954944 0.0430211 0.00177168 0.000125324 0.00013829
 0.664178 0.326167 0.00923263 0.000368199 5.46888e-05
 0.68358 0.252424 0.0622456 0.00167438 7.64808e-05
 0.96898 0.0270886 0.00319242 0.000719193 2.01307e-05
 0.730878 0.265493 0.0031945 0.000352974 8.14597e-05
 0.971885 0.0242634 0.0038026 4.29025e-05 5.81405e-06
 0.374885 0.616401 0.00757383 0.00112576 1.43812e-05
 0.966399 0.0184284 0.0149718 0.00017452 2.61972e-05
 0.779932 0.216162 0.00218663 0.00169571 2.2676e-05
 0.690128 0.270495 0.0387123 0.000372921 0.000292293
 0.736337 0.213469 0.0440741 0.00601725 0.000103129
 0.879889 0.101488 0.0152159 0.00299235 0.000414447
 0.335816 0.623471 0.0346905 0.00492419 0.00109924
 0.911141 0.0444086 0.041853 0.00221421 0.000383409
 0.675649 0.307667 0.00850905 0.00769827 0.00047674
 0.458622 0.425791 0.109874 0.00291674 0.00279605
 0.850309 0.089907 0.0474253 0.0117494 0.000609529
 0.781559 0.199158 0.0117774 0.00595605 0.00154861
 0.3483 0.559223 0.0845912 0.00482029 0.00306535
 0.47208 0.251468 0.238469 0.0347505 0.00323284
 0.938747 0.0396674 0.0105627 0.00951226 0.00151088
pobs_RECLAS
 0 0 0 0 0
 0 0 0 0 0
 0 0 0 0 0
 0 0 0 0 0
 0 0 0 0 0
 0 0 0 0 0
 0 0 0 0 0
 0 0 0 0 0
 0 0 0 0 0
 0 0 0 0 0
 0.991045 0.00858322 0.000360255 1.14367e-05 0
 0.934742 0.0480273 0.0164251 0.00080598 0
 0.827803 0.169806 0.00239088 0 0
 0.941827 0.0461693 0.0120037 0 0
 0.791401 0.0380133 0.147996 0.0225897 0
 0.846168 0.0940531 0.0597789 0 0
 0.134021 0.677848 0.182769 0.00536245 0
 0.80878 0.0450904 0.141981 0.00414843 0
 0.846168 0.0940531 0.0597789 0 0
 0.905697 0.0802665 0.012482 0.00150086 5.37128e-05
 0.989698 0.0102097 9.19794e-05 0 0
 0.975433 0.0193895 0.00387452 0.00125025 5.28907e-05
 0.303575 0.632131 0.0575291 0.00676475 0
 0.966965 0.00978017 0.0227588 0.000495775 0
 0.843318 0.132988 0.00938335 0.0141283 0.000182051
 0.564624 0.303363 0.111486 0.0197234 0.00080311
 0.826376 0.0876187 0.0782897 0.00655872 0.00115652
 0.89761 0.0855135 0.0140674 0.00269457 0.000114338
 0.34875 0.467042 0.161289 0.0227151 0.000203297
 0.318654 0.224769 0.449479 0.00709798 0
 0.937255 0.0296025 0.0250945 0.00804832 0
ppred_RECLAS
 0.275867 0.190076 0.471347 0.0627088 1.14487e-06
 0.434944 0.216614 0.0987617 0.220914 0.0287664
 0.879166 0.0705427 0.0208266 0.00848743 0.0209775
 0.63759 0.336615 0.015851 0.00418054 0.00576357
 0.663055 0.25975 0.0723353 0.00301556 0.00184391
 0.973822 0.020422 0.0045524 0.0011291 7.40367e-05
 0.279924 0.708177 0.00950155 0.00190538 0.000492622
 0.322835 0.272748 0.398474 0.004767 0.00117547
 0.736112 0.114673 0.0638524 0.0841358 0.00122674
 0.895328 0.0888986 0.00737459 0.0036402 0.00475817
 0.953671 0.0440307 0.00199298 0.000144543 0.00016034
 0.670342 0.319309 0.00988424 0.000404038 6.03285e-05
 0.722196 0.218212 0.0579239 0.0015957 7.32679e-05
 0.971069 0.0249687 0.00320199 0.000739178 2.07989e-05
 0.74682 0.249458 0.0032661 0.000369805 8.57928e-05
 0.972598 0.0233504 0.00399871 4.62407e-05 6.29947e-06
 0.383636 0.606957 0.00814949 0.00124155 1.5944e-05
 0.965562 0.0181078 0.0161086 0.000192478 2.90453e-05
 0.783842 0.211923 0.00234558 0.00186449 2.50646e-05
 0.691563 0.266021 0.04168 0.00041157 0.000324288
 0.737343 0.208774 0.0471683 0.00660088 0.000113729
 0.883109 0.0973019 0.0159306 0.00321096 0.000447067
 0.341368 0.614577 0.0373943 0.00544065 0.00122094
 0.907098 0.0442504 0.0457392 0.00248069 0.00043182
 0.674297 0.307205 0.00931806 0.00864228 0.000538027
 0.453136 0.421263 0.119229 0.00324473 0.0031269
 0.845591 0.0891074 0.0515314 0.0130876 0.000682536
 0.777949 0.200519 0.0130179 0.00674937 0.00176416
 0.342473 0.556298 0.092382 0.00539697 0.00345021
 0.468408 0.240982 0.249808 0.037312 0.00348943
 0.937617 0.0389016 0.011341 0.010469 0.00167162
pobs_PELACES
 0 0 0 0 0
 0 0 0 0 0
 0 0 0 0 0
 0 0 0 0 0
 0 0 0 0 0
 0 0 0 0 0
 0 0 0 0 0
 0 0 0 0 0
 0 0 0 0 0
 0 0 0 0 0
 0 0 0 0 0
 0 0 0 0 0
 0 0 0 0 0
 0 0 0 0 0
 0 0 0 0 0
 0 0 0 0 0
 0.505614 0.472636 0.0217494 0 0
 0 0 0 0 0
 0.443492 0.261883 0.143347 0.151278 0
 0.227955 0.32914 0.350689 0.0885471 0.00366901
 0.970185 0.0296113 0.000203453 0 0
 0.997202 0.00247181 0.000326279 0 0
 0.445219 0.490057 0.0546422 0.010081 0
 0.90214 0.0892962 0.00764917 0.000914606 0
 0 0 0 0 0
 0.581667 0.319106 0.0959925 0.00289975 0.000334073
 0.762889 0.0836404 0.116647 0.0363945 0.000428098
 0.88444 0.0763242 0.0277011 0.0115352 0
 0.521256 0.241999 0.230069 0.00667565 0
 0.616807 0.101726 0.260614 0.0208532 0
 0.833518 0.0704572 0.0857862 0.0102388 0
ppred_PELACES
 0.181381 0.18315 0.557178 0.0782894 1.44602e-06
 0.326278 0.221475 0.123136 0.290802 0.0383086
 0.827865 0.090492 0.0325773 0.0140169 0.0350483
 0.577554 0.385757 0.0220145 0.00612798 0.00854683
 0.58645 0.30345 0.102779 0.00452315 0.00279799
 0.960953 0.0289398 0.00790096 0.00206944 0.000137281
 0.225343 0.758954 0.012393 0.00262359 0.000686221
 0.222239 0.275714 0.494245 0.00624472 0.00155784
 0.654441 0.131404 0.0888114 0.123522 0.00182198
 0.878826 0.0993097 0.00989665 0.0051535 0.00681451
 0.93214 0.0637419 0.00354265 0.000271371 0.000304546
 0.602609 0.382274 0.0144022 0.000621501 9.38805e-05
 0.693514 0.230841 0.0734128 0.00213318 9.90845e-05
 0.963259 0.0307701 0.00477494 0.00116331 3.31142e-05
 0.703034 0.291664 0.00462083 0.000552154 0.000129588
 0.963165 0.0304147 0.0063326 7.73031e-05 1.06539e-05
 0.320289 0.667047 0.0108901 0.00175137 2.27532e-05
 0.949133 0.0242177 0.0262675 0.000331374 5.05882e-05
 0.728746 0.264652 0.0035676 0.0029939 4.07167e-05
 0.616103 0.321372 0.0613751 0.00063985 0.000510036
 0.665931 0.253739 0.0698327 0.0103173 0.000179833
 0.848123 0.121776 0.024222 0.00515352 0.000725895
 0.277197 0.664336 0.0491953 0.00755619 0.00171546
 0.8615 0.0589708 0.0745101 0.00426713 0.000751459
 0.592708 0.37864 0.014038 0.0137481 0.00086588
 0.359315 0.46915 0.162323 0.00466458 0.00454766
 0.7815 0.114645 0.0809903 0.0217192 0.0011459
 0.704577 0.26039 0.0207011 0.0113343 0.00299716
 0.25961 0.60488 0.123012 0.00758911 0.00490826
 0.37208 0.253332 0.319453 0.0503698 0.00476552
 0.909949 0.0512333 0.0182069 0.0177444 0.00286636
pobs_pel_tallas
 0 0 0 0 0 0 0 0 0 0 0 0 0 0 0 0 0 0 0 0 0 0 0 0 0 0
 0 0 0 0 0 0 0 0 0 0 0 0 0 0 0 0 0 0 0 0 0 0 0 0 0 0
 0 0 0 0 0 0 0 0 0 0 0 0 0 0 0 0 0 0 0 0 0 0 0 0 0 0
 0 0 0 0 0 0 0 0 0 0 0 0 0 0 0 0 0 0 0 0 0 0 0 0 0 0
 0 0 0 0 0 0 0 0 0 0 0 0 0 0 0 0 0 0 0 0 0 0 0 0 0 0
 0 0 0 0 0 0 0 0 0 0 0 0 0 0 0 0 0 0 0 0 0 0 0 0 0 0
 0 0 0 0 0 0 0 0 0 0 0 0 0 0 0 0 0 0 0 0 0 0 0 0 0 0
 0 0 0 0 0 0 0 0 0 0 0 0 0 0 0 0 0 0 0 0 0 0 0 0 0 0
 0 0 0 0 0 0 0 0 0 0 0 0 0 0 0 0 0 0 0 0 0 0 0 0 0 0
 0 0 0 0 0 0 0 0 0 0 0 0 0 0 0 0 0 0 0 0 0 0 0 0 0 0
 0 0 0 0 0 0 0 0 0 0 0 0 0 0 0 0 0 0 0 0 0 0 0 0 0 0
 0 0 0 0 0 0 0 0 0 0 0 0 0 0 0 0 0 0 0 0 0 0 0 0 0 0
 0.00862536 0 0 0.000197151 0.00414017 0.0128641 0.00837892 0.0270097 0.101434 0.158115 0.152841 0.127902 0.109271 0.109419 0.0830992 0.0579132 0.0238553 0.00714673 0.00463305 0.00128148 0.00103504 0.000492878 0.000147863 0.000147863 4.92878e-05 0
 0 0 0 0 0 0 0 0 0 0 0 0 0 0 0 0 0 0 0 0 0 0 0 0 0 0
 0 0 0 0 0 0 0 0.0054083 0.00873648 0.0413646 0.0450493 0.0745869 0.0622846 0.0627006 0.0613931 0.0827291 0.12552 0.122667 0.0946155 0.0697135 0.0546179 0.0294188 0.0215738 0.0213955 0.0102223 0.00600262
 0 0 0 0 0.00359764 0.0251062 0.0480494 0.140153 0.205849 0.193036 0.1447 0.116669 0.0760912 0.0342217 0.00950174 0.001854 0.000860785 0 0 0 0.000165536 0 0.000143464 0 0 0
 0 0 0 0 0 0 0 0.000145254 0.000435761 0.0275982 0.070085 0.0708112 0.156366 0.174668 0.174014 0.160142 0.0824315 0.0480064 0.0283245 0.00493863 0.00203355 0 0 0 0 0
 0 0 0 0 0 0 0 0 0 0 0 0 0 0 0 0 0 0 0 0 0 0 0 0 0 0
 0 0 1.00437e-05 0.000401748 0.00122533 0.00171747 0.00176769 0.0269171 0.070346 0.194647 0.189555 0.159765 0.064822 0.0314167 0.0384472 0.0292271 0.0345202 0.0313363 0.0194345 0.0106764 0.0143323 0.0359363 0.0279516 0.0138201 0.00172751 0
 0 0.0021121 0.0136068 0.0755702 0.200478 0.177729 0.0527432 0.0373336 0.0318909 0.0142505 0.0149659 0.0166563 0.0217959 0.0798694 0.0677717 0.0528807 0.04013 0.0224614 0.0357745 0.0225083 0.00881397 0.00855152 0.00135912 0.000746735 0 0
 0 0 0 0 5.4009e-05 0.00500934 0.000945158 0.0243581 0.138947 0.33067 0.221406 0.137944 0.0707744 0.0437923 0.0131692 0.00525238 0.0047753 0.00276346 9.45158e-05 9.00151e-06 2.25038e-05 9.00151e-06 4.50075e-06 0 0 0
 0.000866109 0.00284123 0.00948549 0.0512746 0.133035 0.25785 0.225252 0.132002 0.0553304 0.0519788 0.0540692 0.017754 0.00435017 0.00159236 0.00146478 0.000404838 0.000125132 0.000115318 0.000107957 0.000100596 0 0 0 0 0 0
 0 0 0 0 0.00144013 0.00171154 0.00461396 0.0210425 0.0478622 0.0707936 0.0888783 0.103762 0.0637923 0.0337046 0.0602308 0.124433 0.169614 0.0934646 0.0462172 0.0250306 0.0313229 0.00938855 0.002487 0.000210481 0 0
 0 0.00764035 0.051015 0.0998891 0.058973 0.0496711 0.0374665 0.0718981 0.12319 0.153886 0.159021 0.0857701 0.0377988 0.023471 0.0147837 0.00900784 0.00315554 0.000888139 0.00291439 0.00214683 0.00393193 0.00274676 0.000635225 9.99891e-05 0 0
 0 0 0 0 0 0 0 0 0 0 0 0 0 0 0 0 0 0 0 0 0 0 0 0 0 0
 0 0 0 0 0 0 0 0 0 0 0 0 0 0 0 0 0 0 0 0 0 0 0 0 0 0
 0 0 0 0 0 0 0 0 0 0 0 0 0 0 0 0 0 0 0 0 0 0 0 0 0 0
 0 0 0 0 0 0 0 0 0 0 0 0 0 0 0 0 0 0 0 0 0 0 0 0 0 0
 0 0 0 0 0 0 0 0 0 0 0 0 0 0 0 0 0 0 0 0 0 0 0 0 0 0
 0 0 0 0 0 0 0 0 0 0 0 0 0 0 0 0 0 0 0 0 0 0 0 0 0 0
 0 0 0 0 0 0 0 0 0 0 0 0 0 0 0 0 0 0 0 0 0 0 0 0 0 0
ppred_pel_tallas
 1.23978e-16 1.49401e-05 0.000145223 0.000965061 0.00438704 0.0136498 0.029083 0.0424514 0.0424699 0.0291738 0.0139571 0.00528535 0.00326073 0.00529168 0.0101846 0.0178456 0.0281108 0.040366 0.0538298 0.0679059 0.0820468 0.095132 0.105051 0.109183 0.105665 0.0945447
 1.39257e-16 2.68751e-05 0.000261236 0.001736 0.00789164 0.0245539 0.0523155 0.0763606 0.0763822 0.0524212 0.0249095 0.00892205 0.00433623 0.00598469 0.0110408 0.0186047 0.0277725 0.0370991 0.0452601 0.0519964 0.0583568 0.0658403 0.075026 0.0847649 0.0925276 0.0956091
 1.08301e-16 6.81902e-05 0.000662833 0.00440476 0.0200234 0.0623003 0.132738 0.193736 0.193745 0.13278 0.0624442 0.0204398 0.00545217 0.00295678 0.00444735 0.0073057 0.0106675 0.0137467 0.0158102 0.0165729 0.0163816 0.0159665 0.0159481 0.0164788 0.0172366 0.0176863
 1.02795e-16 4.75724e-05 0.000462421 0.00307295 0.0139692 0.0434636 0.0926052 0.135168 0.135205 0.0927865 0.0440725 0.0157274 0.00748364 0.0100828 0.0182943 0.0301062 0.0432184 0.0540439 0.0589643 0.056323 0.0474343 0.0357361 0.0247881 0.0166519 0.0115769 0.00871644
 1.03971e-16 4.83052e-05 0.000469543 0.00312028 0.0141844 0.044133 0.0940311 0.137247 0.137277 0.0941745 0.0446147 0.0155769 0.00662009 0.00812374 0.0146261 0.0242095 0.0351148 0.0446614 0.0501204 0.0501855 0.0456794 0.0388693 0.0319922 0.026184 0.0214436 0.0172933
 1.00467e-16 7.91524e-05 0.000769389 0.00511286 0.0232423 0.0723156 0.154076 0.224879 0.224882 0.15409 0.0723614 0.023375 0.00544611 0.00149787 0.00146563 0.00230544 0.00333147 0.00422708 0.00472757 0.00471116 0.00426311 0.00360911 0.00297086 0.00245916 0.00206739 0.00173571
 1.00931e-16 1.85614e-05 0.000180423 0.00119898 0.00545043 0.0169587 0.036135 0.0527554 0.0528284 0.0364916 0.0181556 0.00890547 0.00986398 0.0190709 0.0358206 0.0589941 0.0845229 0.105324 0.114194 0.107814 0.0887875 0.0640029 0.0406931 0.0231963 0.01226 0.00637599
 1.15224e-16 1.83056e-05 0.000177937 0.00118246 0.00537529 0.0167247 0.0356347 0.0520155 0.0520428 0.0357683 0.0171753 0.00668573 0.00450531 0.0075422 0.0143268 0.0244931 0.0372205 0.0508196 0.0634034 0.0738166 0.0818654 0.0875917 0.0903769 0.0889012 0.0820984 0.0702377
 1.15293e-16 5.39054e-05 0.00052398 0.00348203 0.0158288 0.0492494 0.104932 0.153153 0.153166 0.104994 0.0494604 0.0164402 0.00502469 0.00391839 0.00658108 0.0110116 0.0163829 0.0217489 0.0262185 0.0294875 0.032009 0.0345511 0.0374798 0.0403556 0.0421411 0.0418058
 1.01982e-16 7.23877e-05 0.000703634 0.0046759 0.021256 0.0661352 0.140908 0.205662 0.205672 0.140955 0.0662922 0.0217092 0.00581348 0.00318643 0.00478616 0.00779444 0.0112144 0.0140917 0.0155119 0.0150665 0.0131015 0.0104892 0.00810897 0.00643277 0.00545693 0.0049038
 1.00198e-16 7.67791e-05 0.00074632 0.00495956 0.0225454 0.0701473 0.149456 0.218137 0.218143 0.149486 0.0702479 0.0228359 0.00568821 0.00233548 0.00309046 0.00497599 0.0071332 0.00891196 0.00970685 0.00923981 0.00772425 0.00572666 0.00383779 0.00240634 0.00148653 0.000953565
 1.00592e-16 4.96361e-05 0.000482481 0.00320626 0.0145752 0.0453491 0.0966223 0.141031 0.141068 0.096802 0.0459522 0.0163164 0.00757352 0.0100054 0.0181036 0.0297663 0.0426769 0.0532494 0.0578626 0.0548439 0.0454833 0.0332091 0.0216123 0.0128348 0.0072387 0.00408605
 1.02409e-16 5.71239e-05 0.000555264 0.00368993 0.0167739 0.0521899 0.111197 0.1623 0.162322 0.111306 0.0525562 0.0178326 0.00635038 0.0063724 0.0111321 0.0183832 0.0266367 0.0338248 0.0378576 0.0377334 0.0340821 0.0286486 0.0231696 0.0185506 0.0148262 0.0116523
 1.00269e-16 7.93423e-05 0.000771236 0.00512513 0.0232981 0.0724891 0.154446 0.225419 0.225422 0.15446 0.0725378 0.0234387 0.00547806 0.00154177 0.00154302 0.00242607 0.00348877 0.00439026 0.00484195 0.00471165 0.00409658 0.00325463 0.00244812 0.00182213 0.00138771 0.00108343
 1.00286e-16 5.7908e-05 0.000562886 0.00374058 0.0170041 0.0529064 0.112724 0.164529 0.164557 0.112861 0.0533663 0.0183319 0.00707042 0.00782216 0.0138157 0.0226728 0.0324776 0.0404665 0.0438667 0.0414016 0.0340706 0.0245217 0.0155365 0.00878587 0.00456176 0.00228887
 1.00201e-16 7.93346e-05 0.000771161 0.00512463 0.0232958 0.072482 0.154431 0.225397 0.2254 0.154445 0.0725302 0.023435 0.00547395 0.00153414 0.00152952 0.00240593 0.00346457 0.00436928 0.00483509 0.00472911 0.00414183 0.00331996 0.00251487 0.00186651 0.0013898 0.00103499
 1.00665e-16 2.63819e-05 0.000256441 0.00170415 0.00774684 0.0241036 0.0513577 0.0749715 0.0750357 0.0516711 0.0251556 0.0107835 0.00931976 0.0168591 0.0314922 0.0518489 0.074283 0.09256 0.100345 0.0947204 0.0779702 0.0561489 0.0356144 0.0201844 0.010524 0.00531684
 1.00807e-16 7.81788e-05 0.000759926 0.00504998 0.0229565 0.0714261 0.152181 0.222113 0.222115 0.152192 0.0714651 0.0230696 0.00533571 0.0013892 0.00128935 0.0020495 0.00304122 0.00402359 0.00480051 0.00526837 0.00544986 0.00543474 0.00528239 0.00497857 0.00447695 0.00377318
 1.00478e-16 6.00259e-05 0.000583473 0.00387739 0.0176261 0.0548413 0.116846 0.170546 0.170571 0.116971 0.0552587 0.0188308 0.00689884 0.00717049 0.012544 0.0205747 0.0294732 0.0367284 0.039827 0.0376159 0.0310072 0.022407 0.0143368 0.00830296 0.00455381 0.00254847
 1.02004e-16 5.07476e-05 0.000493285 0.00327806 0.0149016 0.0463645 0.0987857 0.144187 0.144218 0.0989371 0.0468731 0.0163709 0.00696713 0.0085495 0.0153592 0.0253322 0.0365323 0.046027 0.0508451 0.0495851 0.0432168 0.0343756 0.0257547 0.0188648 0.013877 0.0102535
 1.03146e-16 5.48519e-05 0.00053318 0.00354317 0.0161068 0.0501142 0.106775 0.155846 0.15587 0.106894 0.0505166 0.0172695 0.00646439 0.00691853 0.012206 0.0201549 0.0291739 0.0369871 0.0412969 0.0410185 0.036883 0.0308639 0.0249214 0.0200701 0.016316 0.0132022
 1.0137e-16 6.98588e-05 0.000679052 0.00451254 0.0205134 0.0638248 0.135986 0.198478 0.19849 0.136043 0.0640176 0.0210704 0.00591125 0.00373422 0.00587734 0.0096193 0.0138814 0.0175207 0.0194198 0.0190591 0.0168132 0.0136772 0.0106526 0.00827759 0.00657392 0.00529861
 1.02638e-16 2.28325e-05 0.00022194 0.00147487 0.00670459 0.0208608 0.0444485 0.0648873 0.0649513 0.044761 0.0219098 0.00973337 0.00907383 0.0167982 0.0314678 0.0518908 0.0745224 0.0932351 0.10179 0.0973 0.0819638 0.0616215 0.0423374 0.0276523 0.0180726 0.0122976
 1.02721e-16 7.09607e-05 0.000689763 0.00458372 0.0208369 0.0648314 0.13813 0.201607 0.201612 0.138159 0.0649268 0.0211138 0.00528361 0.00223392 0.0030512 0.00505575 0.00756347 0.0101074 0.0122402 0.0137196 0.0145831 0.0149978 0.0150296 0.0145614 0.0134223 0.0115893
 1.02028e-16 4.88206e-05 0.000474554 0.00315358 0.0143357 0.044604 0.0950349 0.138714 0.13875 0.0952129 0.0452015 0.0160607 0.00748051 0.00991062 0.0179414 0.0295098 0.0423343 0.0528806 0.0575879 0.0548286 0.0459045 0.034215 0.0232847 0.0151617 0.0101012 0.00726828
 1.06042e-16 2.95964e-05 0.000287688 0.00191179 0.00869074 0.0270404 0.057614 0.0840989 0.0841442 0.0578358 0.0277853 0.010844 0.00732369 0.0121244 0.0225749 0.0374429 0.054324 0.0691133 0.0775959 0.0777477 0.0708295 0.0603296 0.04969 0.040659 0.0332417 0.0267211
 1.04739e-16 6.43711e-05 0.00062571 0.00415806 0.018902 0.0588111 0.125304 0.182887 0.182898 0.125358 0.0589946 0.0194334 0.00549719 0.00356625 0.0056996 0.00945328 0.0139221 0.0181592 0.02123 0.0226865 0.0227734 0.0221367 0.0212923 0.0203122 0.0189336 0.0169022
 1.02308e-16 5.80351e-05 0.000564122 0.00374879 0.0170415 0.0530225 0.112971 0.16489 0.164915 0.113093 0.0534338 0.0182291 0.00672866 0.00706551 0.0123946 0.0203713 0.0292763 0.0366847 0.0401699 0.0386227 0.0329217 0.0253533 0.0182638 0.0129792 0.0096163 0.00758536
 1.05297e-16 2.13839e-05 0.000207859 0.0013813 0.00627922 0.0195373 0.0416284 0.0607701 0.0608285 0.0419136 0.0204949 0.00904581 0.00832829 0.0153812 0.0288616 0.0477394 0.0689027 0.0869176 0.0962255 0.0942117 0.0827045 0.066634 0.0510033 0.038565 0.0295474 0.0228697
 1.15142e-16 3.06478e-05 0.000297907 0.0019797 0.00899945 0.0280008 0.0596595 0.08708 0.0871048 0.0597812 0.0284108 0.0101897 0.00498918 0.00694013 0.012858 0.0217634 0.0326424 0.043751 0.0532455 0.0601566 0.0647041 0.0676133 0.0690903 0.0684534 0.0647196 0.0575387
 1.02804e-16 7.49513e-05 0.000728553 0.00484149 0.0220087 0.0684774 0.145898 0.212944 0.212949 0.145923 0.0685589 0.0222445 0.0054344 0.00202696 0.00255316 0.00413536 0.00602997 0.0077575 0.0088901 0.00924841 0.00900312 0.00853829 0.0081825 0.00802152 0.00790944 0.00762066
pSPR Fmed_Fpbrs
0.24987   0.6 0.325
Fs Fmed_Fpbrs
1.01469   0.312746 0.781693
SSBpbr Bo_Bmed_Bpbrs
1.24766e+06  249369  686212 343106
Ro
78368.3
SPR SPRFo_SPRFmed_SPRFpbrs
559363 139768 181793
Fref
0.312746
Nvult_r0
 101737 3401.3 893.126 803.707 127.652
CTP_r0
 40686 1719.22 457.798 412.269 65.4828
YTP_r0
391112
Np
 97420.5 29404.9 6435.88 139.713 44.9818
Nvult_p0
 68015.5 21418.9 4703.24 102.118 32.878
CTP_p0
 11235.3 4018.79 90.2417 22.9352 23.246
 11235.3 4986.74 1119.12 24.3269 7.83277
YTP_p0
 150674 189159
CBA_c0
162220
log_Ro
11.0892
likeval ReclasPelacesDesembMPH_pf_preclas_ppelaces_ptallas_desvR_qrecl_qpela
 17.9354 18.6162 0.0965446 29.4258 279.711 121.235 108.059 0 36.0674 0.000142471 0.000330184 0.0156249 7.01001e-16 0 0
q_reclas_q_pelaces
5.42707 13.2657
M
1
N
 54674.8 25256.5 55621.9 7208.27 0.130899
 42888.9 15984.1 6531.51 14238.4 1844.23
 138219 8305.48 2197.76 872.878 2145.97
 60347.6 26690.9 1137.05 292.409 401.008
 24900.8 7655.4 1918.23 77.9516 47.4125
 278283 4034.74 800.803 193.498 12.6204
 36955.6 72502.1 874.403 170.915 43.9551
 11088.6 6261.76 8122.39 94.6503 23.215
 25843.2 3278.78 1647.8 2116.84 30.7015
 37321.3 3644.24 277.158 133.494 173.579
 85228.2 2596.16 104.222 7.36238 8.12348
 71672.4 26460.5 736.24 29.3346 4.35688
 38982.1 12168.9 2973.64 79.9513 3.65186
 101796 2253.94 262.092 59.0025 1.65146
 40478.1 11647.8 138.286 15.2689 3.52365
 243889 4624.56 712.959 8.03689 1.08909
 30916.9 38584.8 466.351 69.2569 0.884692
 349219 4913.94 3918.69 45.6334 6.84966
 323701 66955.3 665.391 515.518 6.89346
 198908 57701 8107.66 78.0262 61.1532
 173229 37419.6 7589.14 1035.13 17.7402
 353588 31205 4604.8 904.814 125.313
 38009.8 53070.4 2902.63 411.644 91.8881
 184319 6438.44 5942.72 314.048 54.3768
 128926 42105.1 1140.52 1030.71 63.8261
 44122.7 29332 7412.34 196.551 188.407
 132655 10130.8 5236.85 1296.01 67.2299
 162167 28967.9 1674.77 845.941 219.937
 37220.2 41873.6 6192.3 352.433 224.107
 23929 9632.87 8982.75 1307.83 121.662
 125435 3920.26 1024.85 922.023 146.442
pred_Ctot
 7229.85 4879.73 11013.2 1429.12 0.025954
 13517.8 6838.15 2847.03 6212.57 804.726
 43709.7 3563.44 960.727 381.947 939.065
 27171.8 15363.8 663.93 170.868 234.336
 9400.95 3818.3 972.855 39.569 24.0682
 52786.8 1093.62 222.048 53.7183 3.50387
 13404 34969 429.042 83.9392 21.5881
 1400.13 1157.86 1539.46 17.963 4.40611
 10866.6 1786.71 911.753 1172.23 17.002
 21697.6 2544.06 195.435 94.1817 122.465
 8525.1 384.064 15.8164 1.11881 1.23456
 25946.7 12742 360.681 14.384 2.13647
 23843 8804.45 2171.1 58.4016 2.66762
 48564.3 1357.66 160.001 36.0453 1.00893
 19326.4 7020.37 84.4715 9.3336 2.15402
 93959 2345.72 367.625 4.14769 0.562086
 11865 19508.9 239.709 35.6299 0.455159
 111368 2123.7 1725.36 20.1118 3.01898
 111756 30973.8 313.322 242.977 3.24923
 64826.4 25408.6 3636.4 35.0299 27.4562
 59164.4 17152.1 3541.34 483.484 8.28642
 142060 16385.4 2456.64 483.121 66.9133
 13790.3 25602.8 1424.56 202.212 45.1403
 45896 2236.95 2108.22 111.534 19.3131
 32326.2 14720.2 407.112 368.321 22.8094
 10890 10110.4 2608.97 69.2581 66.3924
 35541.9 3758.01 1982.32 491.113 25.4776
 31448.8 8013.86 473.907 239.663 62.3141
 7177.54 11524.1 1743.2 99.3334 63.1687
 8947.65 4766.25 4519.87 658.651 61.2743
 40686 1719.22 457.798 412.269 65.4828
F
 0.229805 0.352447 0.362632 0.363185 0.363214
 0.641699 0.984157 1.0126 1.01414 1.01422
 0.644515 0.988476 1.01704 1.01859 1.01867
 1.06471 1.63292 1.68011 1.68267 1.6828
 0.81996 1.25755 1.29389 1.29587 1.29597
 0.345025 0.529155 0.544448 0.545277 0.545321
 0.775256 1.18899 1.22335 1.22522 1.22531
 0.218441 0.335018 0.3447 0.345225 0.345253
 0.9589 1.47064 1.51314 1.51545 1.51557
 1.66553 2.55438 2.6282 2.63221 2.63242
 0.169679 0.260232 0.267752 0.26816 0.268182
 0.773219 1.18587 1.22014 1.222 1.22209
 1.85042 2.83795 2.91996 2.92441 2.92465
 1.16786 1.79111 1.84288 1.84568 1.84583
 1.16938 1.79345 1.84528 1.84809 1.84824
 0.843855 1.2942 1.3316 1.33363 1.33374
 0.839227 1.2871 1.3243 1.32632 1.32642
 0.651674 0.999456 1.02834 1.02991 1.02999
 0.724545 1.11122 1.14333 1.14507 1.14516
 0.670648 1.02856 1.05828 1.05989 1.05998
 0.714034 1.0951 1.12674 1.12846 1.12855
 0.896514 1.37496 1.4147 1.41685 1.41697
 0.775557 1.18945 1.22383 1.22569 1.22579
 0.476502 0.7308 0.751919 0.753065 0.753125
 0.480559 0.737022 0.758321 0.759477 0.759538
 0.471391 0.72296 0.743853 0.744987 0.745046
 0.521563 0.799908 0.823025 0.824279 0.824345
 0.353974 0.542881 0.55857 0.559421 0.559466
 0.351671 0.539349 0.554936 0.555781 0.555826
 0.808932 1.24064 1.27649 1.27844 1.27854
 0.666424 1.02208 1.05161 1.05322 1.0533
YTP_r0W_actual
 337694 24241 12635.2 14099.6 2442.51
YTP_p0W_proyectada
 84152.4 62974.4 2087.29 673.607 786.413
 84152.4 78142.2 25885.2 714.481 264.983
CTP_r0_actual
 40686 1719.22 457.798 412.269 65.4828
CTP_p0_proyectada
 11235.3 4018.79 90.2417 22.9352 23.246
 11235.3 4986.74 1119.12 24.3269 7.83277
Wmedp
 7.49 15.67 23.13 29.37 33.83
Frms_r0
 0.666424 1.02208 1.05161 1.05322 1.0533
Zrms_r0
 1.66642 2.02208 2.05161 2.05322 2.0533
nmprior
 8.19 8.8 8.5 0
nm_flota  nm_reclas  nm_pelaces    nm_pelaL
inf 16.6069 8.12155 15.2241
cv_recla  cv_pelaces  cv_mph
0.383072 0.489236 0.502216
 ------------------------------------------------
Talla a la edad & desviaci?n 
 8 13.2811 15.8009 17.003 17.5766
 0.8 1.32811 1.58009 1.7003 1.75766
