years
 1991 1992 1993 1994 1995 1996 1997 1998 1999 2000 2001 2002 2003 2004 2005 2006 2007 2008 2009 2010 2011 2012 2013 2014 2015 2016 2017 2018 2019 2020 2021
reclasobs
 0 0 0 0 0 0 0 0 0 252601 567819 844713 477998 351125 339783 2.1784e+06 2.13404e+06 4.81314e+06 1.55562e+06 2.62356e+06 3.21686e+06 3.843e+06 1.13348e+06 3.07943e+06 1.97215e+06 2.03268e+06 2.025e+06 2.42433e+06 2.27542e+06 1.05018e+06 2.36338e+06
reclaspred
 3.4506e+06 1.83249e+06 920755 931505 968449 2.14145e+06 1.12928e+06 892910 583537 345049 798711 776523 309182 749198 588559 1.43642e+06 1.10006e+06 3.14406e+06 3.14255e+06 2.25487e+06 3.07814e+06 2.11706e+06 1.36332e+06 2.89706e+06 2.21394e+06 1.92294e+06 2.37769e+06 2.68093e+06 2.10098e+06 1.10846e+06 1.81119e+06
pelacesobs
 0 0 0 0 0 0 0 0 0 0 0 0 0 0 0 552880 188675 0 991730 2.46772e+06 1.41603e+06 1.21717e+06 2.29649e+06 1.80582e+06 0 1.4828e+06 1.56532e+06 1.57751e+06 1.42118e+06 867257 1.10002e+06
pelacespred
 2.34471e+06 1.28359e+06 599744 440989 555551 1.19692e+06 598634 650411 362369 171462 443184 386311 128505 383192 317458 617114 557040 1.66581e+06 1.80881e+06 1.25924e+06 1.63274e+06 1.10286e+06 783011 1.75439e+06 1.41225e+06 1.27737e+06 1.65378e+06 1.8399e+06 1.39971e+06 797327 1.07819e+06
mphobs
 0 0 0 0 0 0 0 0 0 0 0 498337 0 5186 125008 0 168611 109162 213762 579715 649985 157893 87575 83554 0 0 0 0 0 0 0
mphpred
 559248 374932 169396 96376.2 103379 137024 241316 108931 94120.4 48761.8 27163.3 116964 59319.1 16010.8 55831.6 51850 168880 117184 349315 306034 307192 268192 214440 141602 331411 267772 210263 244814 373880 214356 103428
desembarqueobs
 494567 514787 250237 358949 120608 361735 552515 73892 212993 205616 52469 317467 293654 387597 252695 516296 358380 742168 942051 627588 828172 859565 418607 520667 417249 300574 415391 372974 316634 284311 391294
desembarquepred
 494552 514272 250383 358962 120609 361703 552414 73896.2 213040 205645 52467.3 317620 293906 387315 252620 516143 358420 741881 941309 627153 828387 859403 418506 520630 417173 300543 415341 372895 316574 284276 391269
Reclutas
 148792 87132.4 85595.4 109911 87449 205851 67624.5 25549.4 27452.9 39359.3 100372 66126.5 42046.3 113261 52729.6 268853 47714.5 434060 357952 221527 214202 335710 60532 221467 170033 72167.5 169030 189370 53735 39259.3 162002
log_desv_Rt
 0.353451 -0.181673 -0.199469 0.0505706 -0.178046 0.67805 -0.435131 -1.40849 -1.33663 -0.97637 -0.0402161 -0.457532 -0.910331 0.0805919 -0.683925 0.945063 -0.783866 1.42408 1.2313 0.751444 0.717817 1.16715 -0.545929 0.751174 0.486894 -0.370111 0.480976 0.5946 -0.665037 -0.978914 0.438506
SSB
 1.13157e+06 758632 342752 195006 209175 277252 488275 220409 190442 98664 54961.9 236663 120025 32396.1 112969 104912 341710 237108 706798 619225 621567 542655 433894 286516 670573 541805 425444 495352 756503 433724 209274
BT
 1.7629e+06 1.24266e+06 583896 608615 477339 1.25668e+06 859105 505303 456205 322714 417885 529651 358560 761511 512101 951555 649831 2.09023e+06 2.26428e+06 1.41266e+06 1.86407e+06 1.5914e+06 882043 1.96008e+06 1.32587e+06 1.11037e+06 1.70583e+06 1.79272e+06 1.10152e+06 754373 1.25955e+06
Ftot
 0.358827 0.671631 0.666374 0.999967 0.335904 0.482017 1.12703 0.217744 0.922752 1.4599 0.203348 1.0036 2.05422 1.48407 1.16323 1.04748 0.801666 0.697489 0.803596 0.729248 0.702606 1.06165 0.759309 0.529008 0.493179 0.403099 0.491641 0.398175 0.368089 0.624882 0.630589
BD_Bspro_t
 0.944596 0.661239 0.405603 0.308492 0.302067 0.415346 0.478374 0.264551 0.302593 0.218344 0.174191 0.539332 0.262341 0.0896064 0.223956 0.207759 0.342997 0.258733 0.439614 0.371536 0.324174 0.297655 0.278458 0.231413 0.439376 0.443368 0.440366 0.508996 0.591667 0.461937 0.336535
BD_Bspro
 1.51723 1.01718 0.459566 0.261466 0.280464 0.371743 0.654685 0.295527 0.255346 0.13229 0.0736935 0.317321 0.160931 0.043437 0.15147 0.140668 0.458168 0.317917 0.947682 0.830263 0.833403 0.727598 0.58177 0.384164 0.899111 0.726458 0.57044 0.664174 1.01433 0.581542 0.280597
BD_Bo
 0.959318 0.643147 0.290576 0.165321 0.177333 0.235047 0.413946 0.186857 0.161451 0.0836446 0.0465952 0.200637 0.101754 0.0274645 0.0957719 0.0889419 0.289692 0.201014 0.599204 0.524962 0.526947 0.460048 0.367843 0.2429 0.568493 0.459328 0.360679 0.419946 0.641342 0.367699 0.177417
BD_Brms
 1.74421 1.16936 0.52832 0.300583 0.322424 0.427358 0.752629 0.339739 0.293548 0.152081 0.0847185 0.364794 0.185008 0.0499354 0.174131 0.161713 0.526713 0.365479 1.08946 0.954476 0.958086 0.836451 0.668806 0.441637 1.03362 0.835141 0.655781 0.763538 1.16608 0.668544 0.322576
Sel_flota
 0.623285 0.96917 0.998329 0.999912 0.999995
 0.623285 0.96917 0.998329 0.999912 0.999995
 0.623285 0.96917 0.998329 0.999912 0.999995
 0.623285 0.96917 0.998329 0.999912 0.999995
 0.623285 0.96917 0.998329 0.999912 0.999995
 0.623285 0.96917 0.998329 0.999912 0.999995
 0.623285 0.96917 0.998329 0.999912 0.999995
 0.623285 0.96917 0.998329 0.999912 0.999995
 0.623285 0.96917 0.998329 0.999912 0.999995
 0.623285 0.96917 0.998329 0.999912 0.999995
 0.623285 0.96917 0.998329 0.999912 0.999995
 0.623285 0.96917 0.998329 0.999912 0.999995
 0.623285 0.96917 0.998329 0.999912 0.999995
 0.623285 0.96917 0.998329 0.999912 0.999995
 0.623285 0.96917 0.998329 0.999912 0.999995
 0.623285 0.96917 0.998329 0.999912 0.999995
 0.623285 0.96917 0.998329 0.999912 0.999995
 0.623285 0.96917 0.998329 0.999912 0.999995
 0.623285 0.96917 0.998329 0.999912 0.999995
 0.623285 0.96917 0.998329 0.999912 0.999995
 0.623285 0.96917 0.998329 0.999912 0.999995
 0.623285 0.96917 0.998329 0.999912 0.999995
 0.623285 0.96917 0.998329 0.999912 0.999995
 0.623285 0.96917 0.998329 0.999912 0.999995
 0.623285 0.96917 0.998329 0.999912 0.999995
 0.623285 0.96917 0.998329 0.999912 0.999995
 0.623285 0.96917 0.998329 0.999912 0.999995
 0.623285 0.96917 0.998329 0.999912 0.999995
 0.623285 0.96917 0.998329 0.999912 0.999995
 0.623285 0.96917 0.998329 0.999912 0.999995
 0.623285 0.96917 0.998329 0.999912 0.999995
Sel_reclas
 0.869446 1 1 1 1
 0.869446 1 1 1 1
 0.869446 1 1 1 1
 0.869446 1 1 1 1
 0.869446 1 1 1 1
 0.869446 1 1 1 1
 0.869446 1 1 1 1
 0.869446 1 1 1 1
 0.869446 1 1 1 1
 0.869446 1 1 1 1
 0.869446 1 1 1 1
 0.869446 1 1 1 1
 0.869446 1 1 1 1
 0.869446 1 1 1 1
 0.869446 1 1 1 1
 0.869446 1 1 1 1
 0.869446 1 1 1 1
 0.869446 1 1 1 1
 0.869446 1 1 1 1
 0.869446 1 1 1 1
 0.869446 1 1 1 1
 0.869446 1 1 1 1
 0.869446 1 1 1 1
 0.869446 1 1 1 1
 0.869446 1 1 1 1
 0.869446 1 1 1 1
 0.869446 1 1 1 1
 0.869446 1 1 1 1
 0.869446 1 1 1 1
 0.869446 1 1 1 1
 0.869446 1 1 1 1
Sel_pelaces
 0.526406 0.848343 0.965697 0.992991 0.998599
 0.526406 0.848343 0.965697 0.992991 0.998599
 0.526406 0.848343 0.965697 0.992991 0.998599
 0.526406 0.848343 0.965697 0.992991 0.998599
 0.526406 0.848343 0.965697 0.992991 0.998599
 0.526406 0.848343 0.965697 0.992991 0.998599
 0.526406 0.848343 0.965697 0.992991 0.998599
 0.526406 0.848343 0.965697 0.992991 0.998599
 0.526406 0.848343 0.965697 0.992991 0.998599
 0.526406 0.848343 0.965697 0.992991 0.998599
 0.526406 0.848343 0.965697 0.992991 0.998599
 0.526406 0.848343 0.965697 0.992991 0.998599
 0.526406 0.848343 0.965697 0.992991 0.998599
 0.526406 0.848343 0.965697 0.992991 0.998599
 0.526406 0.848343 0.965697 0.992991 0.998599
 0.526406 0.848343 0.965697 0.992991 0.998599
 0.526406 0.848343 0.965697 0.992991 0.998599
 0.526406 0.848343 0.965697 0.992991 0.998599
 0.526406 0.848343 0.965697 0.992991 0.998599
 0.526406 0.848343 0.965697 0.992991 0.998599
 0.526406 0.848343 0.965697 0.992991 0.998599
 0.526406 0.848343 0.965697 0.992991 0.998599
 0.526406 0.848343 0.965697 0.992991 0.998599
 0.526406 0.848343 0.965697 0.992991 0.998599
 0.526406 0.848343 0.965697 0.992991 0.998599
 0.526406 0.848343 0.965697 0.992991 0.998599
 0.526406 0.848343 0.965697 0.992991 0.998599
 0.526406 0.848343 0.965697 0.992991 0.998599
 0.526406 0.848343 0.965697 0.992991 0.998599
 0.526406 0.848343 0.965697 0.992991 0.998599
 0.526406 0.848343 0.965697 0.992991 0.998599
pf_obs 
 0.8446 0.082 0.0669 0.0065 0
 0.8095 0.147 0.0364 0.0071 0
 0.9664 0.0169 0.016 0.0007 0
 0.9276 0.0648 0.0075 0.0001 0
 0.7033 0.2144 0.0806 0.0017 0
 0.9318 0.0425 0.0243 0.0014 0
 0.5671 0.3108 0.0964 0.0239 0.0018
 0.0768 0.2599 0.5324 0.112 0.0189
 0.490249 0.384438 0.106611 0.0170017 0.00170017
 0.7925 0.1577 0.0466 0.003 0.0002
 0.840416 0.127587 0.0312969 0.00059994 9.999e-05
 0.8084 0.0986 0.0794 0.0134 0.0002
 0.7335 0.1905 0.0724 0.0035 0.0001
 0.4001 0.4547 0.1325 0.0127 0
 0.49795 0.308269 0.164784 0.0264974 0.00249975
 0.9179 0.0499 0.0305 0.0017 0
 0.2467 0.6533 0.0926 0.0074 0
 0.9418 0.0223 0.034 0.0019 0
 0.707729 0.231977 0.0356964 0.0245975 0
 0.517169 0.277429 0.184464 0.0207286 0.00020938
 0.811772 0.124168 0.05621 0.00726502 0.000585176
 0.764997 0.148141 0.077277 0.00933861 0.000247198
 0.163321 0.427699 0.378323 0.0303852 0.000271297
 0.753843 0.0900009 0.118128 0.0371064 0.000921714
 0.721811 0.176058 0.0630433 0.0369309 0.00215725
 0.143369 0.312575 0.442814 0.0836902 0.0175525
 0.692698 0.0596174 0.167031 0.0765114 0.00414204
 0.394062 0.376323 0.152708 0.0712218 0.00568511
 0.125707 0.32114 0.495352 0.0537591 0.00404204
 0.23352 0.215282 0.420074 0.123614 0.00750983
 0.796117 0.104755 0.0508955 0.0450114 0.00322123
pf_pred 
 0.551741 0.162065 0.263579 0.0226138 9.49357e-07
 0.484835 0.346944 0.0621834 0.0976727 0.00836455
 0.640719 0.225037 0.0916452 0.0157686 0.0268299
 0.745517 0.19371 0.0386539 0.015111 0.00700793
 0.697458 0.256747 0.0352561 0.00670965 0.00382951
 0.81055 0.14975 0.0338661 0.00449363 0.00134077
 0.438795 0.49349 0.0539426 0.011752 0.0020205
 0.45413 0.330385 0.190619 0.0198198 0.0050466
 0.580587 0.240395 0.109738 0.0612978 0.00798232
 0.792741 0.150445 0.0332186 0.0144782 0.00911758
 0.910402 0.0798962 0.00715371 0.00149149 0.0010561
 0.582316 0.393417 0.0217152 0.00188281 0.000669331
 0.652337 0.253241 0.0891808 0.00469107 0.000549884
 0.943257 0.046966 0.00725914 0.00237894 0.000139259
 0.696785 0.295048 0.00682682 0.000995312 0.000344185
 0.944958 0.0451453 0.00964342 0.000211988 4.14781e-05
 0.390625 0.591607 0.0146991 0.00299083 7.8403e-05
 0.939123 0.0327274 0.0273627 0.000650943 0.000135602
 0.70429 0.285452 0.0056207 0.00450872 0.000129313
 0.614376 0.313193 0.0700236 0.00132009 0.00108675
 0.683687 0.234367 0.0670738 0.0143795 0.000493109
 0.793574 0.164121 0.0316831 0.00869771 0.00192427
 0.372734 0.553375 0.059336 0.0109079 0.00364724
 0.850596 0.0772069 0.0640095 0.00657779 0.0016098
 0.644146 0.323051 0.0172642 0.0137801 0.00175902
 0.445418 0.41791 0.124503 0.00641054 0.00575841
 0.762924 0.135686 0.0770701 0.0221586 0.00216155
 0.703869 0.250587 0.0264846 0.0144943 0.00456464
 0.347772 0.520159 0.112372 0.0114636 0.00823363
 0.449648 0.257829 0.234938 0.0490103 0.00857435
 0.872559 0.0754322 0.0248878 0.0217914 0.00532967
pobs_RECLAS
 0 0 0 0 0
 0 0 0 0 0
 0 0 0 0 0
 0 0 0 0 0
 0 0 0 0 0
 0 0 0 0 0
 0 0 0 0 0
 0 0 0 0 0
 0 0 0 0 0
 0 0 0 0 0
 0.991045 0.00858322 0.000360255 1.14367e-05 0
 0.934742 0.0480273 0.0164251 0.00080598 0
 0.827803 0.169806 0.00239088 0 0
 0.941827 0.0461693 0.0120037 0 0
 0.791401 0.0380133 0.147996 0.0225897 0
 0.846168 0.0940531 0.0597789 0 0
 0.134021 0.677848 0.182769 0.00536245 0
 0.80878 0.0450904 0.141981 0.00414843 0
 0.846168 0.0940531 0.0597789 0 0
 0.905697 0.0802665 0.012482 0.00150086 5.37128e-05
 0.989698 0.0102097 9.19794e-05 0 0
 0.975433 0.0193895 0.00387452 0.00125025 5.28907e-05
 0.303575 0.632131 0.0575291 0.00676475 0
 0.966965 0.00978017 0.0227588 0.000495775 0
 0.843318 0.132988 0.00938335 0.0141283 0.000182051
 0.564624 0.303363 0.111486 0.0197234 0.00080311
 0.826376 0.0876187 0.0782897 0.00655872 0.00115652
 0.89761 0.0855135 0.0140674 0.00269457 0.000114338
 0.34875 0.467042 0.161289 0.0227151 0.000203297
 0.318654 0.224769 0.449479 0.00709798 0
 0.937255 0.0296025 0.0250945 0.00804832 0
ppred_RECLAS
 0.632235 0.135598 0.213849 0.018317 7.68903e-07
 0.5696 0.292994 0.050848 0.0797302 0.00682736
 0.715134 0.180603 0.0712185 0.0122328 0.020812
 0.807487 0.147748 0.0284919 0.011118 0.00515562
 0.760123 0.204515 0.0272346 0.00517456 0.00295311
 0.855733 0.114782 0.025158 0.00333258 0.000994259
 0.529438 0.415529 0.0438572 0.00953681 0.00163949
 0.53411 0.285356 0.159731 0.0165813 0.00422164
 0.664902 0.19488 0.0860141 0.0479595 0.00624479
 0.85043 0.109702 0.0233301 0.0101479 0.00638988
 0.93277 0.0601476 0.00522514 0.00108764 0.000770072
 0.664899 0.316252 0.0168691 0.00145996 0.000518957
 0.747003 0.186415 0.0628949 0.00330076 0.000386866
 0.961038 0.0324586 0.00483109 0.00158002 9.24821e-05
 0.767704 0.226252 0.00505353 0.000735382 0.000254274
 0.960954 0.0322223 0.00664964 0.000145906 2.85456e-05
 0.473539 0.511598 0.0122992 0.0024981 6.54801e-05
 0.956168 0.0239171 0.0193596 0.000459755 9.57655e-05
 0.769745 0.222523 0.00423952 0.00339479 9.73555e-05
 0.691094 0.252406 0.0546258 0.00102802 0.000846224
 0.752323 0.185055 0.0512726 0.010973 0.000376255
 0.846668 0.122775 0.0228957 0.00627372 0.00138786
 0.454763 0.482858 0.0501085 0.00919547 0.00307437
 0.888647 0.0584249 0.0469349 0.00481502 0.00117829
 0.71444 0.259995 0.0134655 0.01073 0.00136955
 0.526184 0.359765 0.103912 0.00534148 0.00479768
 0.818004 0.105573 0.0581152 0.0166808 0.00162705
 0.766173 0.198818 0.0203728 0.011131 0.00350514
 0.423665 0.462499 0.0968825 0.00986718 0.00708638
 0.535568 0.22132 0.195321 0.040676 0.00711562
 0.905932 0.0564247 0.0180299 0.0157597 0.00385409
pobs_PELACES
 0 0 0 0 0
 0 0 0 0 0
 0 0 0 0 0
 0 0 0 0 0
 0 0 0 0 0
 0 0 0 0 0
 0 0 0 0 0
 0 0 0 0 0
 0 0 0 0 0
 0 0 0 0 0
 0 0 0 0 0
 0 0 0 0 0
 0 0 0 0 0
 0 0 0 0 0
 0 0 0 0 0
 0 0 0 0 0
 0.505614 0.472636 0.0217494 0 0
 0 0 0 0 0
 0.443492 0.261883 0.143347 0.151278 0
 0.227955 0.32914 0.350689 0.0885471 0.00366901
 0.970185 0.0296113 0.000203453 0 0
 0.997202 0.00247181 0.000326279 0 0
 0.445219 0.490057 0.0546422 0.010081 0
 0.90214 0.0892962 0.00764917 0.000914606 0
 0 0 0 0 0
 0.581667 0.319106 0.0959925 0.00289975 0.000334073
 0.762889 0.0836404 0.116647 0.0363945 0.000428098
 0.88444 0.0763242 0.0277011 0.0115352 0
 0.521256 0.241999 0.230069 0.00667565 0
 0.616807 0.101726 0.260614 0.0208532 0
 0.833518 0.0704572 0.0857862 0.0102388 0
ppred_PELACES
 0.54055 0.155926 0.278958 0.0245646 1.03698e-06
 0.493107 0.329177 0.0646111 0.104138 0.00896759
 0.647576 0.212368 0.0947199 0.0167235 0.0286123
 0.764705 0.174906 0.0380272 0.0152502 0.00711157
 0.697113 0.252921 0.0382162 0.00746499 0.00428427
 0.813087 0.144635 0.0359194 0.00489135 0.00146753
 0.473482 0.457841 0.0544144 0.0121598 0.00210215
 0.443107 0.323568 0.205743 0.0219589 0.00562233
 0.597734 0.220937 0.110023 0.06305 0.00825587
 0.822243 0.125805 0.030031 0.0134215 0.00849863
 0.908939 0.0802402 0.00791938 0.00169488 0.00120677
 0.611854 0.363638 0.0218677 0.00194504 0.00069527
 0.72098 0.199409 0.0750869 0.00404763 0.000477056
 0.953292 0.0380839 0.00636098 0.00213752 0.000125815
 0.728584 0.263457 0.00662398 0.000990554 0.000344429
 0.95089 0.0396418 0.00921906 0.000207888 4.09005e-05
 0.412036 0.569195 0.0154571 0.00322689 8.50589e-05
 0.940854 0.0304519 0.0278713 0.000680352 0.000142513
 0.722413 0.266976 0.00574547 0.00472871 0.000136373
 0.628874 0.296122 0.072442 0.0014013 0.00115999
 0.69424 0.220836 0.0691812 0.0152185 0.000524769
 0.812455 0.146238 0.0307283 0.00865315 0.00192498
 0.389934 0.53196 0.0623831 0.0117669 0.00395622
 0.850343 0.0737451 0.0670948 0.0070758 0.00174128
 0.650863 0.313715 0.0184077 0.0150789 0.00193548
 0.445487 0.407593 0.133493 0.00705453 0.00637205
 0.76211 0.130298 0.0812622 0.0239778 0.00235198
 0.705381 0.24508 0.0284779 0.0159959 0.00506546
 0.347461 0.509614 0.12109 0.0126787 0.00915691
 0.451854 0.243625 0.243281 0.0520787 0.00916163
 0.874555 0.0710225 0.0256775 0.0230711 0.0056739
pobs_pel_tallas
 0 0 0 0 0 0 0 0 0 0 0 0 0 0 0 0 0 0 0 0 0 0 0 0 0 0
 0 0 0 0 0 0 0 0 0 0 0 0 0 0 0 0 0 0 0 0 0 0 0 0 0 0
 0 0 0 0 0 0 0 0 0 0 0 0 0 0 0 0 0 0 0 0 0 0 0 0 0 0
 0 0 0 0 0 0 0 0 0 0 0 0 0 0 0 0 0 0 0 0 0 0 0 0 0 0
 0 0 0 0 0 0 0 0 0 0 0 0 0 0 0 0 0 0 0 0 0 0 0 0 0 0
 0 0 0 0 0 0 0 0 0 0 0 0 0 0 0 0 0 0 0 0 0 0 0 0 0 0
 0 0 0 0 0 0 0 0 0 0 0 0 0 0 0 0 0 0 0 0 0 0 0 0 0 0
 0 0 0 0 0 0 0 0 0 0 0 0 0 0 0 0 0 0 0 0 0 0 0 0 0 0
 0 0 0 0 0 0 0 0 0 0 0 0 0 0 0 0 0 0 0 0 0 0 0 0 0 0
 0 0 0 0 0 0 0 0 0 0 0 0 0 0 0 0 0 0 0 0 0 0 0 0 0 0
 0 0 0 0 0 0 0 0 0 0 0 0 0 0 0 0 0 0 0 0 0 0 0 0 0 0
 0 0 0 0 0 0 0 0 0 0 0 0 0 0 0 0 0 0 0 0 0 0 0 0 0 0
 0.00862536 0 0 0.000197151 0.00414017 0.0128641 0.00837892 0.0270097 0.101434 0.158115 0.152841 0.127902 0.109271 0.109419 0.0830992 0.0579132 0.0238553 0.00714673 0.00463305 0.00128148 0.00103504 0.000492878 0.000147863 0.000147863 4.92878e-05 0
 0 0 0 0 0 0 0 0 0 0 0 0 0 0 0 0 0 0 0 0 0 0 0 0 0 0
 0 0 0 0 0 0 0 0.0054083 0.00873648 0.0413646 0.0450493 0.0745869 0.0622846 0.0627006 0.0613931 0.0827291 0.12552 0.122667 0.0946155 0.0697135 0.0546179 0.0294188 0.0215738 0.0213955 0.0102223 0.00600262
 0 0 0 0 0.00359764 0.0251062 0.0480494 0.140153 0.205849 0.193036 0.1447 0.116669 0.0760912 0.0342217 0.00950174 0.001854 0.000860785 0 0 0 0.000165536 0 0.000143464 0 0 0
 0 0 0 0 0 0 0 0.000145254 0.000435761 0.0275982 0.070085 0.0708112 0.156366 0.174668 0.174014 0.160142 0.0824315 0.0480064 0.0283245 0.00493863 0.00203355 0 0 0 0 0
 0 0 0 0 0 0 0 0 0 0 0 0 0 0 0 0 0 0 0 0 0 0 0 0 0 0
 0 0 1.00437e-05 0.000401748 0.00122533 0.00171747 0.00176769 0.0269171 0.070346 0.194647 0.189555 0.159765 0.064822 0.0314167 0.0384472 0.0292271 0.0345202 0.0313363 0.0194345 0.0106764 0.0143323 0.0359363 0.0279516 0.0138201 0.00172751 0
 0 0.0021121 0.0136068 0.0755702 0.200478 0.177729 0.0527432 0.0373336 0.0318909 0.0142505 0.0149659 0.0166563 0.0217959 0.0798694 0.0677717 0.0528807 0.04013 0.0224614 0.0357745 0.0225083 0.00881397 0.00855152 0.00135912 0.000746735 0 0
 0 0 0 0 5.4009e-05 0.00500934 0.000945158 0.0243581 0.138947 0.33067 0.221406 0.137944 0.0707744 0.0437923 0.0131692 0.00525238 0.0047753 0.00276346 9.45158e-05 9.00151e-06 2.25038e-05 9.00151e-06 4.50075e-06 0 0 0
 0.000866109 0.00284123 0.00948549 0.0512746 0.133035 0.25785 0.225252 0.132002 0.0553304 0.0519788 0.0540692 0.017754 0.00435017 0.00159236 0.00146478 0.000404838 0.000125132 0.000115318 0.000107957 0.000100596 0 0 0 0 0 0
 0 0 0 0 0.00144013 0.00171154 0.00461396 0.0210425 0.0478622 0.0707936 0.0888783 0.103762 0.0637923 0.0337046 0.0602308 0.124433 0.169614 0.0934646 0.0462172 0.0250306 0.0313229 0.00938855 0.002487 0.000210481 0 0
 0 0.00764035 0.051015 0.0998891 0.058973 0.0496711 0.0374665 0.0718981 0.12319 0.153886 0.159021 0.0857701 0.0377988 0.023471 0.0147837 0.00900784 0.00315554 0.000888139 0.00291439 0.00214683 0.00393193 0.00274676 0.000635225 9.99891e-05 0 0
 0 0 0 0 0 0 0 0 0 0 0 0 0 0 0 0 0 0 0 0 0 0 0 0 0 0
 0 0 0 0 0 0 0 0 0 0 0 0 0 0 0 0 0 0 0 0 0 0 0 0 0 0
 0 0 0 0 0 0 0 0 0 0 0 0 0 0 0 0 0 0 0 0 0 0 0 0 0 0
 0 0 0 0 0 0 0 0 0 0 0 0 0 0 0 0 0 0 0 0 0 0 0 0 0 0
 0 0 0 0 0 0 0 0 0 0 0 0 0 0 0 0 0 0 0 0 0 0 0 0 0 0
 0 0 0 0 0 0 0 0 0 0 0 0 0 0 0 0 0 0 0 0 0 0 0 0 0 0
 0 0 0 0 0 0 0 0 0 0 0 0 0 0 0 0 0 0 0 0 0 0 0 0 0 0
ppred_pel_tallas
 1.10554e-16 4.45244e-05 0.000432793 0.00287607 0.0130742 0.0406787 0.0866709 0.126502 0.126517 0.0867465 0.0409337 0.0138158 0.00475697 0.0046028 0.00815132 0.0138926 0.0211413 0.0289403 0.0362575 0.0424817 0.047537 0.0514496 0.0538197 0.0537909 0.0506087 0.0442772
 1.1391e-16 4.06166e-05 0.000394808 0.00262364 0.0119267 0.0371086 0.0790649 0.115404 0.115436 0.0792203 0.0376304 0.0134349 0.00641302 0.00867929 0.0158121 0.0261805 0.0379701 0.048335 0.0544418 0.0550932 0.0514692 0.0462831 0.042017 0.0396118 0.0384033 0.0370056
 1.09307e-16 5.334e-05 0.000518484 0.00344551 0.0156628 0.0487329 0.103831 0.151549 0.15157 0.103932 0.049071 0.0166408 0.00590567 0.0059069 0.0103397 0.0171486 0.0250273 0.0321714 0.0367735 0.0380102 0.0364923 0.0337418 0.031138 0.029186 0.0275503 0.0256014
 1.03876e-16 6.29878e-05 0.000612264 0.00406871 0.0184958 0.0575473 0.122611 0.178958 0.178975 0.122694 0.0578244 0.0192965 0.00607988 0.00500695 0.00842204 0.0138577 0.0200378 0.0253734 0.0282913 0.028076 0.025286 0.0213457 0.0176521 0.0148973 0.0130056 0.0115221
 1.02642e-16 5.74203e-05 0.000558146 0.00370908 0.0168609 0.0524608 0.111774 0.163143 0.163167 0.111893 0.0528608 0.0180164 0.00660967 0.00689077 0.012086 0.0198943 0.0286636 0.0360671 0.0397701 0.0386922 0.0336416 0.0267506 0.0201875 0.0151498 0.0117211 0.00937468
 1.01813e-16 6.69729e-05 0.000651001 0.00432613 0.019666 0.0611882 0.130368 0.190279 0.190293 0.130437 0.0614174 0.0203283 0.00598986 0.00428672 0.00698287 0.0114666 0.0165777 0.0209835 0.0233668 0.0231099 0.0206405 0.0171054 0.0136502 0.0108772 0.00879858 0.00714229
 1.03263e-16 3.90002e-05 0.000379096 0.00251923 0.0114521 0.0356319 0.0759191 0.110815 0.11086 0.0761346 0.0363555 0.0135419 0.00776421 0.0118261 0.0217703 0.0359064 0.0516669 0.0648576 0.0712222 0.0687886 0.0590381 0.0458944 0.0333836 0.0237849 0.017335 0.0131143
 1.09174e-16 3.64982e-05 0.000354776 0.00235761 0.0107174 0.0333459 0.0710481 0.103703 0.103735 0.0712019 0.0338628 0.0122136 0.00612544 0.00861992 0.0158504 0.0264506 0.0388074 0.0502736 0.058118 0.0609968 0.0595959 0.0558552 0.0514816 0.0470217 0.0420747 0.036152
 1.10952e-16 4.92346e-05 0.000478578 0.00318032 0.0144573 0.0449821 0.0958399 0.139886 0.139907 0.0959447 0.0453344 0.0154769 0.00574691 0.00610545 0.0108069 0.0179772 0.0263415 0.0340862 0.0393968 0.0414653 0.0409213 0.0392542 0.0377075 0.0365538 0.0352091 0.0328919
 1.03684e-16 6.77271e-05 0.000658332 0.00437485 0.0198874 0.0618772 0.131836 0.192422 0.192434 0.131896 0.0620767 0.0204638 0.0058228 0.00382333 0.00609089 0.00999514 0.0144709 0.0183689 0.0205704 0.0205738 0.0187869 0.0162273 0.0138757 0.0121901 0.0110688 0.0101414
 1.00624e-16 7.48681e-05 0.000727745 0.00483612 0.0219843 0.0684014 0.145737 0.212708 0.212716 0.145774 0.0685281 0.0223504 0.00575477 0.00273228 0.00387922 0.00628777 0.00903439 0.011327 0.0124138 0.0119498 0.0101997 0.00786091 0.00565076 0.00397796 0.00288614 0.00220705
 1.01037e-16 5.03977e-05 0.000489883 0.00325545 0.0147988 0.0460448 0.0981046 0.143194 0.143229 0.0982756 0.0466188 0.0164561 0.00741288 0.00955742 0.0172472 0.0283698 0.0407131 0.0508803 0.0554425 0.0528132 0.044204 0.0328364 0.0220687 0.0138816 0.00858358 0.00547205
 1.02705e-16 5.93862e-05 0.000577255 0.00383606 0.0174382 0.0542568 0.115601 0.168726 0.168746 0.115695 0.0545736 0.0183542 0.00613863 0.00561491 0.00965918 0.0159584 0.0231762 0.0295427 0.0332738 0.0335106 0.0307745 0.0265148 0.0221492 0.0183782 0.0151819 0.0122638
 1.0043e-16 7.85214e-05 0.000763256 0.0050721 0.023057 0.0717391 0.152848 0.223087 0.22309 0.152866 0.0717993 0.0232311 0.00550914 0.00171762 0.0018919 0.0030057 0.00432757 0.00545321 0.00602873 0.00589227 0.00516444 0.00416238 0.00320601 0.00246812 0.00195541 0.00158676
 1.00417e-16 6.00126e-05 0.000583344 0.00387652 0.0176221 0.0548291 0.11682 0.170508 0.170533 0.116944 0.0552447 0.0188217 0.00688526 0.00714324 0.0124943 0.0204972 0.0293722 0.0366223 0.039747 0.037595 0.0310648 0.0225363 0.0145046 0.0084613 0.00465853 0.0025753
 1.00305e-16 7.83236e-05 0.000761333 0.00505933 0.022999 0.0715583 0.152463 0.222525 0.222528 0.152481 0.0716211 0.0231804 0.00551498 0.0017568 0.00197111 0.00314033 0.00452894 0.00572075 0.00634752 0.00623649 0.00550356 0.0044655 0.00344329 0.00261303 0.00199062 0.00151192
 1.0093e-16 3.39389e-05 0.000329899 0.00219229 0.00996589 0.0310079 0.0660676 0.096439 0.0964938 0.0663351 0.0319057 0.0125578 0.00869311 0.0145039 0.0269017 0.0442858 0.0634764 0.0791579 0.0859367 0.0813264 0.0672656 0.0488893 0.0315778 0.018543 0.0103227 0.00579099
 1.00905e-16 7.74969e-05 0.000753297 0.00500593 0.0227562 0.0708031 0.150854 0.220176 0.220179 0.150868 0.070852 0.0228979 0.00536341 0.00153938 0.00158703 0.00254416 0.00375725 0.00493111 0.00581347 0.00627446 0.00635538 0.0061952 0.00590196 0.0054862 0.00490076 0.00412837
 1.00732e-16 5.95043e-05 0.000578403 0.00384369 0.0174729 0.0543647 0.115831 0.169064 0.169089 0.115956 0.0547858 0.0186885 0.00689261 0.00722597 0.0126602 0.0207723 0.0297691 0.0371243 0.0403094 0.0381649 0.031609 0.0230584 0.0150382 0.00904588 0.00531264 0.00328325
 1.02504e-16 5.17996e-05 0.000503511 0.00334601 0.0152105 0.0473256 0.100833 0.147175 0.147204 0.100973 0.0477948 0.0165662 0.00675101 0.00794333 0.0142006 0.0234437 0.0338785 0.0428295 0.0475845 0.0468565 0.0415049 0.0338795 0.0263547 0.0202233 0.0155903 0.0119764
 1.03668e-16 5.71836e-05 0.000555845 0.00369379 0.0167914 0.0522445 0.111313 0.162469 0.162491 0.111418 0.052595 0.0178046 0.0062398 0.0061236 0.0106601 0.0176076 0.0255335 0.0324733 0.0364513 0.036538 0.0333612 0.028597 0.0238803 0.0200093 0.0169179 0.0141738
 1.02118e-16 6.69209e-05 0.000650495 0.00432277 0.0196507 0.0611407 0.130267 0.190132 0.190146 0.130336 0.0613723 0.0203199 0.00600333 0.00432194 0.00704785 0.0115671 0.0167068 0.0211156 0.0234611 0.0231272 0.0205667 0.0169682 0.0135175 0.0108342 0.00891497 0.00744327
 1.03786e-16 3.21185e-05 0.000312203 0.0020747 0.00943132 0.0293446 0.0625237 0.0912659 0.0913171 0.0627741 0.0301853 0.0118594 0.00816835 0.013611 0.0252781 0.0417101 0.0600133 0.0753219 0.0826883 0.0798195 0.0684385 0.0531111 0.0385267 0.0273467 0.0198564 0.0149897
 1.0296e-16 7.00416e-05 0.00068083 0.00452435 0.0205671 0.0639918 0.136342 0.198996 0.199003 0.136377 0.0641103 0.0209104 0.0053905 0.00258585 0.00372962 0.00616334 0.0091239 0.0119983 0.0141947 0.0154135 0.0157681 0.0156 0.0151595 0.0144402 0.0132791 0.0115812
 1.02452e-16 5.36108e-05 0.000521116 0.003463 0.0157423 0.0489804 0.104359 0.152321 0.152351 0.104506 0.0494756 0.0171724 0.00705082 0.00834735 0.0148996 0.024502 0.0351867 0.0440335 0.04811 0.0460789 0.0390118 0.0296937 0.0209905 0.0145355 0.0104868 0.00812634
 1.05743e-16 3.66942e-05 0.000356681 0.00237027 0.0107749 0.033525 0.0714301 0.104263 0.104302 0.0716227 0.034172 0.012645 0.00706982 0.0106339 0.0196075 0.0324933 0.0471188 0.0599019 0.0671785 0.0672017 0.0610951 0.0519322 0.042745 0.0350727 0.0289011 0.0235505
 1.05182e-16 6.2774e-05 0.000610185 0.0040549 0.018433 0.0573519 0.122195 0.17835 0.178362 0.122257 0.0575601 0.0190358 0.00557302 0.00394119 0.0064388 0.0106761 0.0156801 0.0203636 0.0236498 0.0250296 0.024808 0.0237753 0.0225906 0.0213997 0.0199307 0.0178716
 1.03346e-16 5.81013e-05 0.000564766 0.00375307 0.0170609 0.053083 0.1131 0.165077 0.165101 0.113215 0.0534704 0.0181799 0.00656155 0.00669497 0.0116985 0.0192436 0.027707 0.0348292 0.0383529 0.0372514 0.0323445 0.0257436 0.0195839 0.0150246 0.0120974 0.0102038
 1.06446e-16 2.862e-05 0.000278197 0.00184872 0.00840403 0.0261483 0.0557136 0.0813259 0.0813751 0.055954 0.0269558 0.0107371 0.00770865 0.0130823 0.0243803 0.0403494 0.0583283 0.0737756 0.0820531 0.0809842 0.0720908 0.0594484 0.0471407 0.0373348 0.030097 0.0244571
 1.13857e-16 3.72187e-05 0.000361779 0.00240415 0.0109289 0.0340041 0.0724501 0.105748 0.105772 0.0725667 0.0343964 0.0120665 0.00527612 0.00668603 0.0122089 0.0205455 0.0305772 0.0405149 0.0485056 0.0536304 0.0562686 0.0574477 0.0577787 0.0569453 0.0541134 0.0487658
 1.04034e-16 7.2036e-05 0.000700215 0.00465318 0.0211527 0.0658138 0.140224 0.204662 0.204669 0.140257 0.0659268 0.0214795 0.0054752 0.00250045 0.00350825 0.00573224 0.00836279 0.0107613 0.0123371 0.0128425 0.0125148 0.011887 0.0114158 0.0112206 0.0110985 0.0107338
pSPR Fmed_Fpbrs
0.375333   0.6 0.325
Fs Fmed_Fpbrs
0.667483   0.314901 0.788346
SSBpbr Bo_Bmed_Bpbrs
1.17956e+06  383750  648759 324379
Ro
104491
SPR SPRFo_SPRFmed_SPRFpbrs
745817 279930 242391
Fref
0.314901
Nvult_r0
 121773 7830.23 2536.64 2218.89 542.66
CTP_r0
 34357.7 2970.2 979.976 858.054 209.86
YTP_r0
391269
Np
 126400 38213 10906.7 524.759 210.652
Nvult_p0
 88186.6 27852.7 7976.7 383.857 154.091
CTP_p0
 14468.8 6856.25 341.7 108.337 113.191
 14468.8 6512.78 1907.88 91.9225 36.9027
YTP_p0
 230724 258504
CBA_c0
239058
log_Ro
11.3769
likeval ReclasPelacesDesembMPH_pf_preclas_ppelaces_ptallas_desvR_qrecl_qpela
 17.3648 18.0176 0.023582 36.6571 255.804 120.462 102.856 0 25.0369 4.04257e-05 0.000118228 0.0411398 1.28476e-15 0 0
q_reclas_q_pelaces
2.462 4.69706
M
1
N
 148792 29522.3 46803 4010 0.168333
 87132.4 43767.9 7670.49 12033.8 1030.49
 85595.4 21090.2 8397.85 1443.21 2455.44
 109911 20786.2 4067.31 1588.38 736.594
 87449 21680.4 2901.28 551.389 314.681
 205851 26093.6 5759.55 763.235 227.712
 67624.5 56076.5 6016.68 1309.5 225.13
 25549.4 12323.5 6920.15 718.488 182.931
 27452.9 8206.27 3671.06 2048.4 266.731
 39359.3 5682.17 1234.41 537.552 338.505
 100372 5828.72 507.856 105.73 74.8595
 66126.5 32529.3 1760.71 152.504 54.2114
 42046.3 13014.2 4524.37 237.828 27.8771
 113261 4299.09 653.866 214.1 12.5325
 52729.6 16522 375.345 54.67 18.9043
 268853 9394.76 1968.61 43.2311 8.45825
 47714.5 51484.6 1252.28 254.512 6.6715
 434060 10650.1 8708.79 206.932 43.1045
 357952 103384 1992.88 1596.81 45.7948
 221527 79800.5 17455 328.68 270.565
 214202 51728.9 14479.9 3100.61 106.321
 335710 50855.8 9631.81 2641.46 584.364
 60532 63722.4 6686.39 1227.77 410.498
 221467 13872.5 11230.5 1152.62 282.064
 170033 58589.3 3056.31 2436.38 310.98
 72167.5 45998.3 13364.2 687.188 617.238
 169030 20650.6 11449.3 3287.58 320.678
 189370 45770.7 4717.42 2578.26 811.902
 53735 54354.3 11447.2 1166.2 837.553
 39259.3 15715.4 13996.2 2916.17 510.152
 162002 9783.6 3155.11 2759.21 674.795
pred_Ctot
 19195.7 5638.42 9170.23 786.761 0.0330293
 19488.3 13945.7 2499.5 3926.02 336.219
 19018.7 6679.86 2720.34 468.064 796.401
 33876.8 8802.32 1756.46 686.654 318.446
 10621.8 3910.07 536.924 102.183 58.3207
 34601.7 6392.69 1445.72 191.829 57.2364
 22818 25662.2 2805.09 611.119 105.069
 2072.49 1507.76 869.92 90.4506 23.0309
 7949.25 3291.43 1502.5 839.274 109.292
 15974.7 3031.65 669.394 291.754 183.73
 7631.44 669.729 59.9658 12.5024 8.85271
 20438.5 13808.4 762.175 66.0843 23.4926
 21194.1 8227.65 2897.43 152.41 17.8654
 46484.8 2314.54 357.739 117.237 6.86287
 18213.5 7712.38 178.449 26.0168 8.99679
 85859.6 4101.93 876.209 19.2614 3.76873
 12349.3 18703.2 464.702 94.5529 2.47865
 100197 3491.77 2919.39 69.4507 14.4677
 92824.6 37622.2 740.802 594.243 17.0433
 53060.7 27049 6047.6 114.01 93.8572
 49747.4 17053.4 4880.52 1046.31 35.8804
 108308 22399.5 4324.17 1187.08 262.628
 14988.7 22252.9 2386.08 438.64 146.666
 40387.8 3665.92 3039.29 312.325 76.4362
 29162.9 14625.7 781.616 623.879 79.6374
 10344.4 9705.59 2891.47 148.879 133.734
 28911.3 5141.88 2920.61 839.709 81.9128
 26845.3 9557.28 1010.11 552.807 174.093
 7094.89 10611.8 2292.5 233.869 167.974
 8262.21 4737.56 4316.95 900.556 157.552
 34357.7 2970.2 979.976 858.054 209.86
F
 0.223651 0.347764 0.358227 0.358795 0.358825
 0.418618 0.650925 0.670508 0.671572 0.671628
 0.415341 0.645829 0.66526 0.666315 0.666371
 0.623265 0.969138 0.998295 0.999879 0.999962
 0.209364 0.325548 0.335342 0.335874 0.335902
 0.300434 0.467156 0.481211 0.481974 0.482014
 0.702459 1.09228 1.12514 1.12693 1.12702
 0.135717 0.211031 0.21738 0.217725 0.217743
 0.575138 0.894304 0.92121 0.922671 0.922748
 0.909934 1.41489 1.45746 1.45977 1.45989
 0.126744 0.197079 0.203008 0.20333 0.203347
 0.625532 0.972663 1.00193 1.00352 1.0036
 1.28037 1.99089 2.05079 2.05404 2.05421
 0.924997 1.43831 1.48159 1.48394 1.48406
 0.725024 1.12737 1.16129 1.16313 1.16322
 0.652881 1.01519 1.04573 1.04739 1.04748
 0.499666 0.77695 0.800326 0.801595 0.801662
 0.434735 0.675986 0.696323 0.697428 0.697486
 0.500869 0.778821 0.802252 0.803525 0.803592
 0.45453 0.706765 0.728029 0.729184 0.729245
 0.437924 0.680944 0.701431 0.702544 0.702602
 0.661711 1.02892 1.05988 1.06156 1.06165
 0.473266 0.735899 0.75804 0.759242 0.759305
 0.329723 0.512699 0.528124 0.528962 0.529006
 0.307391 0.477975 0.492355 0.493136 0.493177
 0.251246 0.390672 0.402425 0.403064 0.403097
 0.306432 0.476483 0.490819 0.491597 0.491638
 0.248177 0.385899 0.397509 0.39814 0.398173
 0.229424 0.356741 0.367474 0.368057 0.368087
 0.38948 0.605617 0.623837 0.624827 0.624879
 0.393037 0.611148 0.629535 0.630534 0.630586
YTP_r0W_actual
 285169 41879.8 27047.3 29345.4 7827.76
YTP_p0W_proyectada
 108372 107437 7903.51 3181.86 3829.24
 108372 102055 44129.3 2699.76 1248.42
CTP_r0_actual
 34357.7 2970.2 979.976 858.054 209.86
CTP_p0_proyectada
 14468.8 6856.25 341.7 108.337 113.191
 14468.8 6512.78 1907.88 91.9225 36.9027
Wmedp
 7.49 15.67 23.13 29.37 33.83
Frms_r0
 0.393037 0.611148 0.629535 0.630534 0.630586
Zrms_r0
 1.39304 1.61115 1.62954 1.63053 1.63059
nmprior
 8.19 8.8 8.5 0
nm_flota  nm_reclas  nm_pelaces    nm_pelaL
inf 15.5382 14.4021 32.0594
cv_recla  cv_pelaces  cv_mph
0.376929 0.481305 0.560539
 ------------------------------------------------
Talla a la edad & desviaci?n 
 8 13.2811 15.8009 17.003 17.5766
 0.8 1.32811 1.58009 1.7003 1.75766
