years
 1991 1992 1993 1994 1995 1996 1997 1998 1999 2000 2001 2002 2003 2004 2005 2006 2007 2008 2009 2010 2011 2012 2013 2014 2015 2016 2017 2018 2019 2020 2021
reclasobs
 0 0 0 0 0 0 0 0 0 252601 567819 844713 477998 351125 339783 2.1784e+06 2.13404e+06 4.81314e+06 1.55562e+06 2.62356e+06 3.21686e+06 3.843e+06 1.13348e+06 3.07943e+06 1.97215e+06 2.03268e+06 2.025e+06 2.42433e+06 2.27542e+06 1.05018e+06 2.36338e+06
reclaspred
 3.40331e+06 1.94136e+06 988689 1.03872e+06 1.07689e+06 1.69547e+06 1.18457e+06 1.09228e+06 814625 625446 664930 613221 442727 589399 587081 1.25196e+06 1.20663e+06 2.82849e+06 2.67409e+06 1.98997e+06 2.93294e+06 1.94286e+06 1.49712e+06 2.75126e+06 2.19842e+06 2.01607e+06 2.38412e+06 2.49603e+06 2.08414e+06 1.36365e+06 1.93623e+06
pelacesobs
 0 0 0 0 0 0 0 0 0 0 0 0 0 0 0 552880 188675 0 991730 2.46772e+06 1.41603e+06 1.21717e+06 2.29649e+06 1.80582e+06 0 1.4828e+06 1.56532e+06 1.57751e+06 1.42118e+06 867257 1.10002e+06
pelacespred
 1.96824e+06 1.26106e+06 651068 557255 586630 960801 654378 700753 524674 388634 414393 321574 247202 374403 369447 640438 616792 1.64556e+06 1.62984e+06 1.14982e+06 1.52634e+06 1.17816e+06 871911 1.75123e+06 1.32925e+06 1.22354e+06 1.65255e+06 1.71207e+06 1.17761e+06 877624 1.24561e+06
mphobs
 0 0 0 0 0 0 0 0 0 0 0 498337 0 5186 125008 0 168611 109162 213762 579715 649985 157893 87575 83554 0 0 0 0 0 0 0
mphpred
 525550 352776 180092 98344.2 116575 134084 182158 128952 113292 83217.7 57994.4 80041.3 59429.1 36860 49348.8 60079.3 147550 140204 294479 262932 274466 260171 202026 164479 283803 248784 211807 224326 306624 214561 136484
desembarqueobs
 494567 514787 250237 358949 120608 361735 552515 73892 212993 205616 52469 317467 293654 387597 252695 516296 358380 742168 942051 627588 828172 859565 418607 520667 417249 300574 415391 372974 316634 284311 391294
desembarquepred
 494573 513151 251102 358967 120611 361746 552556 73894.6 213025 205640 52469.6 317648 293892 387558 252694 516291 358419 742110 941845 627501 828331 859735 418634 520682 417249 300577 415395 372967 316633 284321 391299
Reclutas
 235291 136867 136129 269637 219684 366998 156425 77171.7 70546.9 93459 176054 104295 84170.1 168631 114692 527182 117053 928772 645098 390594 425111 561185 141820 513837 424056 191367 416773 463088 142124 107543 402908
log_desv_Rt
 0.0579504 -0.483866 -0.489271 0.194203 -0.0106808 0.502483 -0.350297 -1.05684 -1.1466 -0.865351 -0.232084 -0.755654 -0.970033 -0.275158 -0.660622 0.864673 -0.640246 1.43099 1.06653 0.564796 0.649478 0.927177 -0.448315 0.839034 0.646993 -0.148681 0.629668 0.735045 -0.446176 -0.724984 0.595835
SSB
 4.49554e+06 3.01764e+06 1.54051e+06 841234 997179 1.14695e+06 1.55817e+06 1.10305e+06 969098 711842 496083 684672 508355 315300 422128 513917 1.26214e+06 1.1993e+06 2.51897e+06 2.24911e+06 2.34777e+06 2.22549e+06 1.72812e+06 1.40695e+06 2.42765e+06 2.12809e+06 1.81179e+06 1.91888e+06 2.62285e+06 1.83535e+06 1.16748e+06
BT
 5.92094e+06 4.03616e+06 2.07397e+06 1.86078e+06 1.73363e+06 2.99269e+06 2.32573e+06 2.02157e+06 1.67736e+06 1.28558e+06 1.20351e+06 1.17131e+06 967466 1.4602e+06 1.28779e+06 2.21323e+06 2.00805e+06 5.25765e+06 5.45711e+06 3.78419e+06 4.92264e+06 4.14091e+06 2.81185e+06 5.38628e+06 4.09485e+06 3.68562e+06 5.04331e+06 5.16078e+06 3.55341e+06 2.7285e+06 3.85925e+06
Ftot
 0.0949645 0.17094 0.165285 0.234866 0.0758605 0.147201 0.303467 0.0455081 0.174843 0.218873 0.0553444 0.339051 0.432923 0.454594 0.297471 0.291091 0.196644 0.185647 0.238567 0.211035 0.189392 0.296412 0.184865 0.133587 0.128105 0.0999398 0.120982 0.104617 0.0994724 0.137282 0.142238
BD_Bspro_t
 0.984938 0.887274 0.76412 0.691446 0.697201 0.761049 0.759882 0.645729 0.695393 0.672704 0.655233 0.783513 0.616777 0.477236 0.520921 0.560043 0.661079 0.639145 0.738134 0.683327 0.649179 0.639022 0.615434 0.61068 0.750597 0.764043 0.773334 0.801711 0.835749 0.786225 0.735862
BD_Bspro
 2.83655 1.90404 0.972013 0.530793 0.62919 0.723691 0.983159 0.695993 0.611472 0.449151 0.313013 0.432007 0.320757 0.198945 0.26635 0.324266 0.796374 0.756722 1.58939 1.41912 1.48137 1.40422 1.09039 0.887745 1.53177 1.34276 1.14318 1.21075 1.65494 1.15805 0.736646
BD_Bo
 1.94026 1.3024 0.664876 0.363073 0.430378 0.495018 0.6725 0.476073 0.418259 0.307228 0.214107 0.295501 0.219404 0.136082 0.182189 0.221804 0.544735 0.517612 1.08718 0.970708 1.01329 0.960514 0.745851 0.607235 1.04776 0.918474 0.78196 0.828179 1.13201 0.792128 0.50388
BD_Brms
 3.52774 2.368 1.20886 0.660132 0.782506 0.900033 1.22273 0.865587 0.76047 0.558596 0.389286 0.537275 0.398916 0.247422 0.331252 0.403281 0.990428 0.941113 1.97668 1.76492 1.84234 1.74639 1.35609 1.10406 1.90502 1.66995 1.42175 1.50578 2.0582 1.44023 0.916145
Sel_flota
 0.856559 0.991263 0.999536 0.999976 0.999999
 0.856559 0.991263 0.999536 0.999976 0.999999
 0.856559 0.991263 0.999536 0.999976 0.999999
 0.856559 0.991263 0.999536 0.999976 0.999999
 0.856559 0.991263 0.999536 0.999976 0.999999
 0.856559 0.991263 0.999536 0.999976 0.999999
 0.856559 0.991263 0.999536 0.999976 0.999999
 0.856559 0.991263 0.999536 0.999976 0.999999
 0.856559 0.991263 0.999536 0.999976 0.999999
 0.856559 0.991263 0.999536 0.999976 0.999999
 0.856559 0.991263 0.999536 0.999976 0.999999
 0.856559 0.991263 0.999536 0.999976 0.999999
 0.856559 0.991263 0.999536 0.999976 0.999999
 0.856559 0.991263 0.999536 0.999976 0.999999
 0.856559 0.991263 0.999536 0.999976 0.999999
 0.856559 0.991263 0.999536 0.999976 0.999999
 0.856559 0.991263 0.999536 0.999976 0.999999
 0.856559 0.991263 0.999536 0.999976 0.999999
 0.856559 0.991263 0.999536 0.999976 0.999999
 0.856559 0.991263 0.999536 0.999976 0.999999
 0.856559 0.991263 0.999536 0.999976 0.999999
 0.856559 0.991263 0.999536 0.999976 0.999999
 0.856559 0.991263 0.999536 0.999976 0.999999
 0.856559 0.991263 0.999536 0.999976 0.999999
 0.856559 0.991263 0.999536 0.999976 0.999999
 0.856559 0.991263 0.999536 0.999976 0.999999
 0.856559 0.991263 0.999536 0.999976 0.999999
 0.856559 0.991263 0.999536 0.999976 0.999999
 0.856559 0.991263 0.999536 0.999976 0.999999
 0.856559 0.991263 0.999536 0.999976 0.999999
 0.856559 0.991263 0.999536 0.999976 0.999999
Sel_reclas
 1 1 1 1 1
 1 1 1 1 1
 1 1 1 1 1
 1 1 1 1 1
 1 1 1 1 1
 1 1 1 1 1
 1 1 1 1 1
 1 1 1 1 1
 1 1 1 1 1
 1 1 1 1 1
 1 1 1 1 1
 1 1 1 1 1
 1 1 1 1 1
 1 1 1 1 1
 1 1 1 1 1
 1 1 1 1 1
 1 1 1 1 1
 1 1 1 1 1
 1 1 1 1 1
 1 1 1 1 1
 1 1 1 1 1
 1 1 1 1 1
 1 1 1 1 1
 1 1 1 1 1
 1 1 1 1 1
 1 1 1 1 1
 1 1 1 1 1
 1 1 1 1 1
 1 1 1 1 1
 1 1 1 1 1
 1 1 1 1 1
Sel_pelaces
 1 1 1 1 1
 1 1 1 1 1
 1 1 1 1 1
 1 1 1 1 1
 1 1 1 1 1
 1 1 1 1 1
 1 1 1 1 1
 1 1 1 1 1
 1 1 1 1 1
 1 1 1 1 1
 1 1 1 1 1
 1 1 1 1 1
 1 1 1 1 1
 1 1 1 1 1
 1 1 1 1 1
 1 1 1 1 1
 1 1 1 1 1
 1 1 1 1 1
 1 1 1 1 1
 1 1 1 1 1
 1 1 1 1 1
 1 1 1 1 1
 1 1 1 1 1
 1 1 1 1 1
 1 1 1 1 1
 1 1 1 1 1
 1 1 1 1 1
 1 1 1 1 1
 1 1 1 1 1
 1 1 1 1 1
 1 1 1 1 1
pf_obs 
 0.8446 0.082 0.0669 0.0065 0
 0.8095 0.147 0.0364 0.0071 0
 0.9664 0.0169 0.016 0.0007 0
 0.9276 0.0648 0.0075 0.0001 0
 0.7033 0.2144 0.0806 0.0017 0
 0.9318 0.0425 0.0243 0.0014 0
 0.5671 0.3108 0.0964 0.0239 0.0018
 0.0768 0.2599 0.5324 0.112 0.0189
 0.490249 0.384438 0.106611 0.0170017 0.00170017
 0.7925 0.1577 0.0466 0.003 0.0002
 0.840416 0.127587 0.0312969 0.00059994 9.999e-05
 0.8084 0.0986 0.0794 0.0134 0.0002
 0.7335 0.1905 0.0724 0.0035 0.0001
 0.4001 0.4547 0.1325 0.0127 0
 0.49795 0.308269 0.164784 0.0264974 0.00249975
 0.9179 0.0499 0.0305 0.0017 0
 0.2467 0.6533 0.0926 0.0074 0
 0.9418 0.0223 0.034 0.0019 0
 0.707729 0.231977 0.0356964 0.0245975 0
 0.517169 0.277429 0.184464 0.0207286 0.00020938
 0.811772 0.124168 0.05621 0.00726502 0.000585176
 0.764997 0.148141 0.077277 0.00933861 0.000247198
 0.163321 0.427699 0.378323 0.0303852 0.000271297
 0.753843 0.0900009 0.118128 0.0371064 0.000921714
 0.721811 0.176058 0.0630433 0.0369309 0.00215725
 0.143369 0.312575 0.442814 0.0836902 0.0175525
 0.692698 0.0596174 0.167031 0.0765114 0.00414204
 0.394062 0.376323 0.152708 0.0712218 0.00568511
 0.125707 0.32114 0.495352 0.0537591 0.00404204
 0.23352 0.215282 0.420074 0.123614 0.00750983
 0.796117 0.104755 0.0508955 0.0450114 0.00322123
pf_pred 
 0.424707 0.111043 0.44048 0.0237701 7.54656e-07
 0.408876 0.273309 0.0617608 0.242949 0.0131051
 0.549683 0.20141 0.115648 0.0259059 0.107353
 0.76148 0.140272 0.0441609 0.0251364 0.0289504
 0.64977 0.276488 0.0435336 0.0135819 0.0166264
 0.742265 0.175835 0.0647705 0.0101143 0.00701521
 0.470709 0.407809 0.0831086 0.0303503 0.00802282
 0.43541 0.288995 0.212806 0.0429626 0.0198268
 0.515246 0.22859 0.131648 0.0961567 0.0283591
 0.669701 0.183098 0.069744 0.0398157 0.0376409
 0.790314 0.147622 0.0345459 0.0130414 0.0144765
 0.547177 0.368344 0.0596224 0.0138386 0.0110184
 0.604064 0.233022 0.132762 0.0212833 0.0088685
 0.818514 0.117243 0.0379686 0.0214138 0.00486066
 0.669041 0.279245 0.0335318 0.0107485 0.00743393
 0.908808 0.0642337 0.0227803 0.00270984 0.00146864
 0.383998 0.567694 0.0341216 0.0119883 0.00219786
 0.90371 0.0405597 0.051396 0.00306189 0.00127239
 0.639766 0.330209 0.0127123 0.015967 0.00134587
 0.543786 0.308139 0.135839 0.00518213 0.00705414
 0.643277 0.207862 0.100838 0.0440568 0.00396667
 0.715441 0.193098 0.0534947 0.0257224 0.0122444
 0.366316 0.473938 0.108735 0.0298419 0.021169
 0.801912 0.079839 0.0886387 0.020158 0.00945221
 0.643664 0.294064 0.0252288 0.027771 0.00927277
 0.446159 0.375084 0.147744 0.012568 0.0184453
 0.730499 0.130212 0.0945896 0.0369475 0.00775218
 0.68858 0.236489 0.036365 0.0261934 0.0123725
 0.36323 0.458152 0.135921 0.0207259 0.0219703
 0.437117 0.22415 0.244295 0.0718709 0.0225661
 0.82586 0.0827863 0.0365692 0.0395156 0.0152685
pobs_RECLAS
 0 0 0 0 0
 0 0 0 0 0
 0 0 0 0 0
 0 0 0 0 0
 0 0 0 0 0
 0 0 0 0 0
 0 0 0 0 0
 0 0 0 0 0
 0 0 0 0 0
 0 0 0 0 0
 0.991045 0.00858322 0.000360255 1.14367e-05 0
 0.934742 0.0480273 0.0164251 0.00080598 0
 0.827803 0.169806 0.00239088 0 0
 0.941827 0.0461693 0.0120037 0 0
 0.791401 0.0380133 0.147996 0.0225897 0
 0.846168 0.0940531 0.0597789 0 0
 0.134021 0.677848 0.182769 0.00536245 0
 0.80878 0.0450904 0.141981 0.00414843 0
 0.846168 0.0940531 0.0597789 0 0
 0.905697 0.0802665 0.012482 0.00150086 5.37128e-05
 0.989698 0.0102097 9.19794e-05 0 0
 0.975433 0.0193895 0.00387452 0.00125025 5.28907e-05
 0.303575 0.632131 0.0575291 0.00676475 0
 0.966965 0.00978017 0.0227588 0.000495775 0
 0.843318 0.132988 0.00938335 0.0141283 0.000182051
 0.564624 0.303363 0.111486 0.0197234 0.00080311
 0.826376 0.0876187 0.0782897 0.00655872 0.00115652
 0.89761 0.0855135 0.0140674 0.00269457 0.000114338
 0.34875 0.467042 0.161289 0.0227151 0.000203297
 0.318654 0.224769 0.449479 0.00709798 0
 0.937255 0.0296025 0.0250945 0.00804832 0
ppred_RECLAS
 0.462692 0.104416 0.410736 0.0221552 7.03369e-07
 0.446294 0.257221 0.0576365 0.226624 0.0122243
 0.587183 0.185525 0.105631 0.0236515 0.0980092
 0.788115 0.125058 0.0390375 0.0222102 0.0255796
 0.682823 0.250845 0.0391669 0.0122141 0.0149517
 0.77001 0.15733 0.0574679 0.00896994 0.00622136
 0.50875 0.379255 0.0766296 0.0279715 0.00739384
 0.472748 0.270996 0.197894 0.0399344 0.0184289
 0.553263 0.211628 0.120854 0.0882333 0.0260217
 0.702589 0.165508 0.0625108 0.0356704 0.0337212
 0.813974 0.131296 0.0304698 0.0114976 0.0127625
 0.584631 0.338427 0.05431 0.0125998 0.0100318
 0.640767 0.212187 0.119842 0.0192031 0.00800153
 0.840579 0.103314 0.0331664 0.0186967 0.00424382
 0.701701 0.25203 0.0300056 0.00961384 0.00664901
 0.920693 0.0560041 0.0196923 0.00234145 0.00126896
 0.419864 0.535001 0.0318854 0.0111976 0.00205285
 0.916253 0.0354497 0.0445424 0.0026524 0.0011022
 0.673558 0.299451 0.0114305 0.0143505 0.00120959
 0.581072 0.283737 0.124025 0.00472931 0.00643759
 0.677367 0.188672 0.0907572 0.0396348 0.00356845
 0.745537 0.17316 0.047562 0.0228594 0.0108813
 0.401923 0.448275 0.101981 0.0279758 0.0198448
 0.825069 0.0708648 0.0780162 0.0177344 0.00831556
 0.677093 0.266879 0.0227048 0.0249815 0.00834118
 0.483452 0.350782 0.137018 0.0116504 0.0170982
 0.759347 0.116788 0.0841279 0.0328465 0.00689156
 0.719681 0.213312 0.0325271 0.0234186 0.0110615
 0.398494 0.433809 0.127625 0.0194521 0.0206196
 0.475026 0.21013 0.227095 0.0667811 0.0209675
 0.846699 0.0732118 0.0320687 0.034637 0.0133832
pobs_PELACES
 0 0 0 0 0
 0 0 0 0 0
 0 0 0 0 0
 0 0 0 0 0
 0 0 0 0 0
 0 0 0 0 0
 0 0 0 0 0
 0 0 0 0 0
 0 0 0 0 0
 0 0 0 0 0
 0 0 0 0 0
 0 0 0 0 0
 0 0 0 0 0
 0 0 0 0 0
 0 0 0 0 0
 0 0 0 0 0
 0.505614 0.472636 0.0217494 0 0
 0 0 0 0 0
 0.443492 0.261883 0.143347 0.151278 0
 0.227955 0.32914 0.350689 0.0885471 0.00366901
 0.970185 0.0296113 0.000203453 0 0
 0.997202 0.00247181 0.000326279 0 0
 0.445219 0.490057 0.0546422 0.010081 0
 0.90214 0.0892962 0.00764917 0.000914606 0
 0 0 0 0 0
 0.581667 0.319106 0.0959925 0.00289975 0.000334073
 0.762889 0.0836404 0.116647 0.0363945 0.000428098
 0.88444 0.0763242 0.0277011 0.0115352 0
 0.521256 0.241999 0.230069 0.00667565 0
 0.616807 0.101726 0.260614 0.0208532 0
 0.833518 0.0704572 0.0857862 0.0102388 0
ppred_PELACES
 0.463794 0.104224 0.409873 0.0221083 7.01882e-07
 0.448237 0.256386 0.0574224 0.225777 0.0121785
 0.589025 0.184745 0.105139 0.0235409 0.0975504
 0.789898 0.124039 0.0386947 0.0220144 0.025354
 0.683562 0.250271 0.0390692 0.0121835 0.0149143
 0.77119 0.156544 0.0571576 0.00892131 0.00618763
 0.512169 0.376688 0.0760479 0.027758 0.00733737
 0.473267 0.270745 0.197686 0.0398923 0.0184094
 0.555247 0.210743 0.120291 0.0878199 0.0258997
 0.704675 0.164393 0.0620522 0.0354076 0.0334727
 0.814353 0.131035 0.0304045 0.0114728 0.0127351
 0.588328 0.335473 0.0537861 0.0124777 0.00993456
 0.645296 0.209614 0.118248 0.0189466 0.00789464
 0.843327 0.101578 0.0325688 0.0183586 0.00416706
 0.704488 0.249708 0.029705 0.00951709 0.00658208
 0.92165 0.0553415 0.0194439 0.00231181 0.00125289
 0.422005 0.533049 0.031752 0.0111505 0.0020442
 0.916907 0.0351834 0.0441854 0.00263107 0.00109333
 0.675898 0.297321 0.0113418 0.0142387 0.00120017
 0.583399 0.282213 0.123288 0.00470106 0.00639913
 0.679252 0.187611 0.0902001 0.0393904 0.00354644
 0.748079 0.171476 0.0470613 0.0226177 0.0107662
 0.403931 0.446827 0.101601 0.0278706 0.0197702
 0.825956 0.0705209 0.0776093 0.0176416 0.00827202
 0.678351 0.265857 0.0226099 0.0248766 0.00830615
 0.484583 0.350045 0.136692 0.0116225 0.0170573
 0.760359 0.116316 0.0837606 0.0327025 0.00686134
 0.720632 0.212603 0.0324097 0.0233338 0.0110214
 0.399573 0.433064 0.127371 0.0194132 0.0205783
 0.476605 0.209546 0.226379 0.0665691 0.0209009
 0.847545 0.072823 0.031886 0.034439 0.0133066
pobs_pel_tallas
 0 0 0 0 0 0 0 0 0 0 0 0 0 0 0 0 0 0 0 0 0 0 0 0 0 0
 0 0 0 0 0 0 0 0 0 0 0 0 0 0 0 0 0 0 0 0 0 0 0 0 0 0
 0 0 0 0 0 0 0 0 0 0 0 0 0 0 0 0 0 0 0 0 0 0 0 0 0 0
 0 0 0 0 0 0 0 0 0 0 0 0 0 0 0 0 0 0 0 0 0 0 0 0 0 0
 0 0 0 0 0 0 0 0 0 0 0 0 0 0 0 0 0 0 0 0 0 0 0 0 0 0
 0 0 0 0 0 0 0 0 0 0 0 0 0 0 0 0 0 0 0 0 0 0 0 0 0 0
 0 0 0 0 0 0 0 0 0 0 0 0 0 0 0 0 0 0 0 0 0 0 0 0 0 0
 0 0 0 0 0 0 0 0 0 0 0 0 0 0 0 0 0 0 0 0 0 0 0 0 0 0
 0 0 0 0 0 0 0 0 0 0 0 0 0 0 0 0 0 0 0 0 0 0 0 0 0 0
 0 0 0 0 0 0 0 0 0 0 0 0 0 0 0 0 0 0 0 0 0 0 0 0 0 0
 0 0 0 0 0 0 0 0 0 0 0 0 0 0 0 0 0 0 0 0 0 0 0 0 0 0
 0 0 0 0 0 0 0 0 0 0 0 0 0 0 0 0 0 0 0 0 0 0 0 0 0 0
 0.00862536 0 0 0.000197151 0.00414017 0.0128641 0.00837892 0.0270097 0.101434 0.158115 0.152841 0.127902 0.109271 0.109419 0.0830992 0.0579132 0.0238553 0.00714673 0.00463305 0.00128148 0.00103504 0.000492878 0.000147863 0.000147863 4.92878e-05 0
 0 0 0 0 0 0 0 0 0 0 0 0 0 0 0 0 0 0 0 0 0 0 0 0 0 0
 0 0 0 0 0 0 0 0.0054083 0.00873648 0.0413646 0.0450493 0.0745869 0.0622846 0.0627006 0.0613931 0.0827291 0.12552 0.122667 0.0946155 0.0697135 0.0546179 0.0294188 0.0215738 0.0213955 0.0102223 0.00600262
 0 0 0 0 0.00359764 0.0251062 0.0480494 0.140153 0.205849 0.193036 0.1447 0.116669 0.0760912 0.0342217 0.00950174 0.001854 0.000860785 0 0 0 0.000165536 0 0.000143464 0 0 0
 0 0 0 0 0 0 0 0.000145254 0.000435761 0.0275982 0.070085 0.0708112 0.156366 0.174668 0.174014 0.160142 0.0824315 0.0480064 0.0283245 0.00493863 0.00203355 0 0 0 0 0
 0 0 0 0 0 0 0 0 0 0 0 0 0 0 0 0 0 0 0 0 0 0 0 0 0 0
 0 0 1.00437e-05 0.000401748 0.00122533 0.00171747 0.00176769 0.0269171 0.070346 0.194647 0.189555 0.159765 0.064822 0.0314167 0.0384472 0.0292271 0.0345202 0.0313363 0.0194345 0.0106764 0.0143323 0.0359363 0.0279516 0.0138201 0.00172751 0
 0 0.0021121 0.0136068 0.0755702 0.200478 0.177729 0.0527432 0.0373336 0.0318909 0.0142505 0.0149659 0.0166563 0.0217959 0.0798694 0.0677717 0.0528807 0.04013 0.0224614 0.0357745 0.0225083 0.00881397 0.00855152 0.00135912 0.000746735 0 0
 0 0 0 0 5.4009e-05 0.00500934 0.000945158 0.0243581 0.138947 0.33067 0.221406 0.137944 0.0707744 0.0437923 0.0131692 0.00525238 0.0047753 0.00276346 9.45158e-05 9.00151e-06 2.25038e-05 9.00151e-06 4.50075e-06 0 0 0
 0.000866109 0.00284123 0.00948549 0.0512746 0.133035 0.25785 0.225252 0.132002 0.0553304 0.0519788 0.0540692 0.017754 0.00435017 0.00159236 0.00146478 0.000404838 0.000125132 0.000115318 0.000107957 0.000100596 0 0 0 0 0 0
 0 0 0 0 0.00144013 0.00171154 0.00461396 0.0210425 0.0478622 0.0707936 0.0888783 0.103762 0.0637923 0.0337046 0.0602308 0.124433 0.169614 0.0934646 0.0462172 0.0250306 0.0313229 0.00938855 0.002487 0.000210481 0 0
 0 0.00764035 0.051015 0.0998891 0.058973 0.0496711 0.0374665 0.0718981 0.12319 0.153886 0.159021 0.0857701 0.0377988 0.023471 0.0147837 0.00900784 0.00315554 0.000888139 0.00291439 0.00214683 0.00393193 0.00274676 0.000635225 9.99891e-05 0 0
 0 0 0 0 0 0 0 0 0 0 0 0 0 0 0 0 0 0 0 0 0 0 0 0 0 0
 0 0 0 0 0 0 0 0 0 0 0 0 0 0 0 0 0 0 0 0 0 0 0 0 0 0
 0 0 0 0 0 0 0 0 0 0 0 0 0 0 0 0 0 0 0 0 0 0 0 0 0 0
 0 0 0 0 0 0 0 0 0 0 0 0 0 0 0 0 0 0 0 0 0 0 0 0 0 0
 0 0 0 0 0 0 0 0 0 0 0 0 0 0 0 0 0 0 0 0 0 0 0 0 0 0
 0 0 0 0 0 0 0 0 0 0 0 0 0 0 0 0 0 0 0 0 0 0 0 0 0 0
 0 0 0 0 0 0 0 0 0 0 0 0 0 0 0 0 0 0 0 0 0 0 0 0 0 0
ppred_pel_tallas
 1.14072e-16 3.82021e-05 0.000371338 0.00246767 0.0112177 0.0349024 0.0743637 0.108538 0.108549 0.0744161 0.0350801 0.0117387 0.00380502 0.00338835 0.00605332 0.010689 0.0171172 0.0251027 0.0342935 0.0443095 0.0545841 0.0640114 0.070835 0.0731452 0.0698066 0.0611758
 1.26426e-16 3.69207e-05 0.000358882 0.0023849 0.0108414 0.0337318 0.0718702 0.104902 0.104927 0.0719915 0.0341397 0.0120211 0.0053526 0.00686065 0.0124574 0.0207389 0.0303842 0.0393818 0.0458128 0.0490632 0.0502855 0.0515765 0.054453 0.0587926 0.0629351 0.0647006
 1.21951e-16 4.85172e-05 0.000471605 0.00313398 0.0142466 0.0443267 0.0944433 0.137847 0.137864 0.0945311 0.0446219 0.0151014 0.00528703 0.00519723 0.00909983 0.0151724 0.0223477 0.0291839 0.0342807 0.0371076 0.0383382 0.0393164 0.0410658 0.0436199 0.0460893 0.047258
 1.07647e-16 6.50629e-05 0.000632435 0.00420275 0.0191051 0.0594431 0.12665 0.184852 0.184864 0.126709 0.0596402 0.0196749 0.00563535 0.00376764 0.006043 0.00995123 0.0144844 0.0185569 0.0211237 0.0217483 0.020868 0.0194721 0.0184445 0.0180832 0.0180878 0.0178944
 1.04938e-16 5.63042e-05 0.000547297 0.00363698 0.0165332 0.051441 0.109601 0.159972 0.159996 0.109719 0.051837 0.017677 0.00650864 0.00681801 0.0119712 0.0197173 0.028437 0.0358482 0.0396694 0.038866 0.0342693 0.0280029 0.0221912 0.0179528 0.0152618 0.0134694
 1.03632e-16 6.35219e-05 0.000617456 0.00410321 0.0186526 0.0580353 0.123651 0.180475 0.18049 0.123725 0.058284 0.0193717 0.00591103 0.004573 0.00760242 0.0125373 0.0182169 0.0232486 0.0262487 0.0265682 0.0246442 0.0216349 0.01865 0.0162003 0.0141939 0.0123014
 1.06317e-16 4.21867e-05 0.00041007 0.00272506 0.0123878 0.0385431 0.0821215 0.119866 0.119903 0.0822991 0.0391396 0.0141113 0.00705346 0.00986597 0.0180213 0.029781 0.0430268 0.0543858 0.0604439 0.059631 0.0531356 0.0440399 0.0354044 0.0288063 0.024188 0.0206677
 1.12891e-16 3.89824e-05 0.000378923 0.00251808 0.0114468 0.0356155 0.0758836 0.11076 0.110786 0.0760125 0.0360491 0.0127025 0.00568265 0.00732928 0.0133627 0.0223539 0.0329579 0.0430418 0.0504205 0.0540479 0.0545074 0.0533205 0.0516914 0.0497672 0.0468947 0.0424304
 1.16716e-16 4.5735e-05 0.00044456 0.00295426 0.0134296 0.0417847 0.0890275 0.129943 0.129963 0.0891277 0.0421216 0.014405 0.00541144 0.00583839 0.0103786 0.0173232 0.0255206 0.0333247 0.0391094 0.0422045 0.043265 0.043669 0.0444302 0.0455107 0.0459878 0.04478
 1.11049e-16 5.80432e-05 0.0005642 0.00374931 0.0170438 0.0530298 0.112986 0.16491 0.164926 0.113064 0.0532913 0.0178004 0.00565239 0.00473213 0.00801423 0.0132663 0.0193689 0.0249331 0.0286031 0.0298137 0.0291294 0.0278073 0.0269318 0.0268008 0.0269421 0.0265823
 1.04217e-16 6.70772e-05 0.000652014 0.00433286 0.0196966 0.0612834 0.130571 0.190575 0.190588 0.130633 0.0614911 0.0202968 0.00584067 0.00394762 0.00633819 0.0104048 0.015061 0.0191118 0.0213926 0.0213845 0.0195198 0.0168699 0.0144681 0.0127986 0.0117515 0.0109235
 1.04571e-16 4.84599e-05 0.000471048 0.00313028 0.0142298 0.0442744 0.0943325 0.137688 0.13772 0.0944905 0.0448051 0.0157629 0.00697917 0.0088752 0.0160154 0.0264158 0.0380861 0.0479758 0.0530061 0.0517596 0.0453158 0.0364953 0.0281469 0.0218138 0.0175516 0.0146105
 1.06703e-16 5.31522e-05 0.000516659 0.00343338 0.0156077 0.0485613 0.103466 0.151016 0.151036 0.103565 0.0488958 0.0165755 0.00586957 0.0058577 0.0102637 0.0170589 0.0249776 0.0322648 0.0371433 0.0387611 0.0376161 0.0350488 0.032252 0.0296285 0.0268953 0.0236367
 1.03513e-16 6.94638e-05 0.000675213 0.00448702 0.0203974 0.0634638 0.135217 0.197355 0.197365 0.135265 0.0636252 0.0208638 0.00565966 0.00324088 0.00495943 0.00813507 0.0118222 0.0151032 0.0170956 0.0174047 0.0163458 0.0146943 0.0131679 0.0120547 0.0112115 0.0103221
 1.0299e-16 5.80278e-05 0.000564051 0.00374832 0.0170393 0.0530158 0.112957 0.164869 0.164893 0.113074 0.0534105 0.0181793 0.00660952 0.00680902 0.0119154 0.0195991 0.028211 0.0354436 0.0389877 0.0377863 0.0326654 0.0257751 0.0193034 0.0144606 0.0113189 0.00930735
 1.0102e-16 7.59151e-05 0.000737922 0.00490375 0.0222917 0.0693579 0.147775 0.215682 0.215688 0.147801 0.0694458 0.0225458 0.00554245 0.00213512 0.00273793 0.00442829 0.0064231 0.00818389 0.00921397 0.00927977 0.00853396 0.00738798 0.00624136 0.00528668 0.00450587 0.00379554
 1.02517e-16 3.47601e-05 0.00033788 0.00224534 0.010207 0.031758 0.0676658 0.0987709 0.0988222 0.0679164 0.0325995 0.0126365 0.00834033 0.013632 0.0252495 0.0416004 0.0597197 0.074671 0.0814469 0.0777417 0.0653486 0.0489938 0.0335808 0.021966 0.0145332 0.0101817
 1.01734e-16 7.55244e-05 0.000734124 0.00487851 0.022177 0.0690009 0.147014 0.214572 0.214575 0.147031 0.0690578 0.0223422 0.00529603 0.00165526 0.00185328 0.00301806 0.00451156 0.00602899 0.00730232 0.00818842 0.00871219 0.00897574 0.00902004 0.0087742 0.00813226 0.00707369
 1.02035e-16 5.56729e-05 0.00054116 0.0035962 0.0163478 0.0508643 0.108373 0.158179 0.158208 0.108513 0.0513335 0.0177025 0.00699432 0.00795207 0.0141093 0.0231831 0.0332649 0.0415717 0.0453138 0.0432217 0.036324 0.0272893 0.0188745 0.0126654 0.00883215 0.00668973
 1.05185e-16 4.80539e-05 0.000467101 0.00310405 0.0141106 0.0439034 0.0935418 0.136533 0.13656 0.0936754 0.0443523 0.0154089 0.00636904 0.0076147 0.0136812 0.0226939 0.0330387 0.0422749 0.0479126 0.0487484 0.0454925 0.0401213 0.0345309 0.0296014 0.0252305 0.0209858
 1.07202e-16 5.59491e-05 0.000543845 0.00361404 0.0164289 0.0511166 0.10891 0.158961 0.158979 0.108999 0.0514156 0.017294 0.00579084 0.00531406 0.00916946 0.0152129 0.022246 0.028689 0.0329636 0.0343454 0.0333449 0.0312357 0.0291313 0.0273708 0.0255957 0.0232718
 1.05493e-16 6.16183e-05 0.000598952 0.00398025 0.0180936 0.0562961 0.119945 0.175067 0.175084 0.120026 0.0565681 0.01888 0.00595639 0.00492027 0.00829063 0.0136674 0.0198235 0.025233 0.0283885 0.0286141 0.0264563 0.02327 0.0203405 0.0182351 0.0167716 0.0154313
 1.09187e-16 3.32714e-05 0.000323409 0.00214917 0.00976985 0.0303979 0.0647674 0.094539 0.0945821 0.0649782 0.0311058 0.0118156 0.00728771 0.0115521 0.0213917 0.0353999 0.0512 0.0648297 0.0722662 0.0716625 0.0644208 0.05416 0.0444475 0.0370817 0.0319306 0.0279079
 1.05427e-16 6.80329e-05 0.000661304 0.0043946 0.0199772 0.0621566 0.132431 0.193289 0.193296 0.132465 0.0622704 0.0203075 0.00522904 0.00250098 0.00361513 0.00600852 0.00897672 0.0119784 0.0144984 0.0162894 0.0174624 0.0182893 0.0188926 0.0191073 0.0186174 0.0172174
 1.04621e-16 5.58749e-05 0.000543124 0.00360925 0.0164071 0.0510489 0.108766 0.158752 0.158778 0.108891 0.0514689 0.0176203 0.00665372 0.00718717 0.0126685 0.020842 0.0299915 0.0376697 0.0414349 0.040195 0.0348782 0.0278224 0.0213788 0.0168034 0.0140773 0.0124564
 1.08087e-16 3.99146e-05 0.000387984 0.00257829 0.0117206 0.0364672 0.0776984 0.11341 0.113444 0.077864 0.0370236 0.0133294 0.0066233 0.00924017 0.016916 0.0280698 0.0408218 0.0521483 0.0589643 0.0598092 0.0556342 0.0489893 0.0423186 0.0367485 0.0320921 0.027661
 1.06888e-16 6.26298e-05 0.000608784 0.00404559 0.0183907 0.0572202 0.121914 0.17794 0.177951 0.12197 0.0574066 0.0189304 0.0054061 0.00359781 0.00579549 0.00963004 0.0142158 0.0186172 0.0219181 0.0236995 0.0242376 0.0241911 0.0240454 0.0237878 0.0230303 0.0213887
 1.05195e-16 5.93575e-05 0.000576977 0.00383421 0.0174298 0.0542306 0.115545 0.168645 0.168666 0.115645 0.0545671 0.0184017 0.00627451 0.00590651 0.0101884 0.0167701 0.0242043 0.0305572 0.0339101 0.0334079 0.0297758 0.0248194 0.0203156 0.0171525 0.0152231 0.0138936
 1.09216e-16 3.29124e-05 0.00031992 0.00212599 0.00966444 0.0300699 0.0640686 0.0935188 0.0935607 0.0642732 0.030757 0.0116503 0.00711591 0.0112303 0.0208046 0.0344757 0.0499733 0.0635005 0.0711889 0.0712376 0.0649288 0.0556267 0.0466174 0.0395125 0.034156 0.02959
 1.168e-16 3.92574e-05 0.000381595 0.00253584 0.0115276 0.0358666 0.0764184 0.111539 0.11156 0.0765188 0.0362049 0.0125088 0.00501491 0.00584707 0.0105774 0.0178402 0.0266736 0.0356065 0.0431321 0.048537 0.0521753 0.0548701 0.0569775 0.0579654 0.0568228 0.0528595
 1.06645e-16 6.98112e-05 0.00067859 0.00450947 0.0204994 0.0637812 0.135893 0.198341 0.198348 0.135928 0.0638974 0.0208355 0.00535573 0.00253447 0.00362011 0.00594369 0.00872438 0.0113428 0.0132344 0.0141855 0.0144624 0.0145986 0.0149974 0.0156666 0.0162536 0.0162989
pSPR Fmed_Fpbrs
0.720666   0.6 0.325
Fs Fmed_Fpbrs
0.167936   0.270041 0.654954
SSBpbr Bo_Bmed_Bpbrs
2.31698e+06  1.55392e+06  1.27434e+06 637171
Ro
222043
SPR SPRFo_SPRFmed_SPRFpbrs
1.58486e+06 1.14216e+06 515080
Fref
0.270041
Nvult_r0
 271688 23935.7 10496.4 11337.7 4380.72
CTP_r0
 29506.3 2957.78 1306.54 1411.81 545.513
YTP_r0
391299
Np
 311502 90930.8 36936.2 3156.26 1769.51
Nvult_p0
 220571 65335.3 26562.4 2269.91 1272.6
CTP_p0
 41435.1 19908.7 1717.75 752.27 1071.79
 41435.1 13796.1 5645.74 482.628 270.584
YTP_p0
 720403 680448
CBA_c0
708417
log_Ro
12.1306
likeval ReclasPelacesDesembMPH_pf_preclas_ppelaces_ptallas_desvR_qrecl_qpela
 19.5893 18.3207 0.116339 61.1813 246.249 123.136 99.194 0 21.4635 7.93876e-06 1.85374e-06 0.567504 9.33755e-16 0 0
q_reclas_q_pelaces
0.670814 0.823902
M
1
N
 235291 53439 210293 11343.5 0.360126
 136867 79796.6 17892.9 70356.9 3795.1
 136129 43492.4 24779.9 5548.6 22992.8
 269637 43468 13582 7727.81 8900.17
 219684 81117.6 12669.7 3951.08 4836.66
 366998 75732.9 27679.8 4320.56 2996.66
 156425 119017 24078 8789.6 2323.4
 77171.7 44373.3 32409.6 6540.23 3018.18
 70546.9 27304.5 15604 11392.6 3359.91
 93459 22343 8446.37 4819.96 4556.59
 176054 28504 6616.41 2496.69 2771.37
 104295 61767.9 9926.26 2303.05 1833.67
 84170.1 28697.2 16237 2602.02 1084.22
 168631 21370.6 6873.42 3875.1 879.582
 114692 42027.7 5009.79 1605.25 1110.21
 527182 32702.5 11512.8 1368.97 741.925
 117053 151140 9015.11 3166.1 580.438
 928772 36386.2 45754.2 2724.67 1132.23
 645098 291443 11135.8 13981.3 1178.48
 390594 193457 84636.3 3227.5 4393.32
 425111 119930 57735 25214.7 2270.16
 561185 132970 36567.8 17576.5 8366.59
 141820 160157 36463.2 10003.1 7095.75
 513837 44532.1 49053.2 11150.9 5228.63
 424056 168592 14350.6 15790.1 5272.21
 191367 139789 54625.2 4644.78 6816.73
 416773 64624.1 46575.3 18185.1 3815.44
 463088 138229 21087.1 15182.5 7171.3
 142124 155759 45842.4 6987.3 7406.67
 107543 48014 51920 15268.4 4793.87
 402908 35173.7 15416.1 16651.2 6433.76
pred_Ctot
 11696.9 3058.24 12131.3 654.653 0.020784
 11925.7 7971.63 1801.38 7086.12 382.239
 11491.7 4210.68 2417.73 541.588 2244.33
 31573.7 5816.18 1831.07 1042.25 1200.39
 8783.1 3737.36 588.454 183.589 224.744
 27766 6577.48 2422.88 378.346 262.419
 23117.3 20028.2 4081.61 1490.55 394.014
 1870.91 1241.78 914.403 184.605 85.1936
 6278.85 2785.62 1604.28 1171.78 345.587
 10255 2803.75 1067.98 609.69 576.388
 5172.59 966.185 226.102 85.3557 94.7486
 17013.7 11453.1 1853.88 430.292 342.602
 16988 6553.23 3733.64 598.545 249.407
 35481.6 5082.33 1645.9 928.263 210.704
 16648.9 6948.95 834.431 267.474 184.992
 75048.7 5304.37 1881.18 223.776 121.28
 11628.6 17191.5 1033.3 363.043 66.5577
 87441.8 3924.5 4973.01 296.264 123.115
 76631.9 39552.8 1522.69 1912.54 161.21
 41436.2 23480 10350.8 394.875 537.521
 40777.5 13176.4 6392.13 2792.77 251.448
 81202 21916.4 6071.6 2919.47 1389.73
 13299.4 17206.6 3947.71 1083.43 768.556
 35448.6 3529.29 3918.28 891.087 417.836
 28108.2 12841.5 1101.72 1212.73 404.933
 9994.18 8402.05 3309.53 281.528 413.183
 26154.6 4662.07 3386.66 1322.86 277.557
 25275.2 8680.61 1334.82 961.463 454.147
 7388.94 9319.86 2764.95 421.612 446.927
 7614.51 3904.66 4255.58 1251.98 393.097
 29506.3 2957.78 1306.54 1411.81 545.513
F
 0.0813427 0.0941348 0.0949204 0.0949621 0.0949643
 0.14642 0.169447 0.170861 0.170936 0.17094
 0.141577 0.163841 0.165209 0.165281 0.165285
 0.201176 0.232814 0.234757 0.23486 0.234865
 0.064979 0.0751977 0.0758253 0.0758586 0.0758604
 0.126086 0.145915 0.147133 0.147197 0.147201
 0.259937 0.300816 0.303326 0.30346 0.303467
 0.0389803 0.0451105 0.045487 0.0455069 0.045508
 0.149764 0.173316 0.174762 0.174839 0.174843
 0.187477 0.216961 0.218771 0.218867 0.218872
 0.0474057 0.0548608 0.0553187 0.055343 0.0553443
 0.290418 0.336089 0.338894 0.339043 0.339051
 0.370824 0.42914 0.432722 0.432912 0.432922
 0.389386 0.450622 0.454383 0.454582 0.454593
 0.254801 0.294872 0.297333 0.297464 0.29747
 0.249337 0.288548 0.290957 0.291084 0.291091
 0.168437 0.194926 0.196553 0.196639 0.196644
 0.159018 0.184025 0.185561 0.185643 0.185647
 0.204347 0.236483 0.238457 0.238561 0.238567
 0.180764 0.209191 0.210937 0.211029 0.211034
 0.162225 0.187737 0.189304 0.189387 0.189392
 0.253895 0.293823 0.296275 0.296405 0.296412
 0.158347 0.18325 0.184779 0.18486 0.184864
 0.114425 0.13242 0.133525 0.133584 0.133587
 0.10973 0.126986 0.128046 0.128102 0.128105
 0.0856044 0.0990667 0.0998935 0.0999374 0.0999397
 0.103628 0.119925 0.120926 0.120979 0.120982
 0.089611 0.103703 0.104569 0.104615 0.104617
 0.085204 0.0986033 0.0994263 0.09947 0.0994723
 0.11759 0.136083 0.137219 0.137279 0.137282
 0.121835 0.140995 0.142172 0.142235 0.142238
YTP_r0W_actual
 244902 41704.8 36060.6 48284 20347.6
YTP_p0W_proyectada
 310349 311970 39731.5 22094.2 36258.5
 310349 216185 130586 14174.8 9153.86
CTP_r0_actual
 29506.3 2957.78 1306.54 1411.81 545.513
CTP_p0_proyectada
 41435.1 19908.7 1717.75 752.27 1071.79
 41435.1 13796.1 5645.74 482.628 270.584
Wmedp
 7.49 15.67 23.13 29.37 33.83
Frms_r0
 0.121835 0.140995 0.142172 0.142235 0.142238
Zrms_r0
 1.12184 1.141 1.14217 1.14223 1.14224
nmprior
 8.19 8.8 8.5 0
nm_flota  nm_reclas  nm_pelaces    nm_pelaL
inf 11.0355 18.983 45.9065
cv_recla  cv_pelaces  cv_mph
0.400345 0.485336 0.724162
 ------------------------------------------------
Talla a la edad & desviaci?n 
 8 13.2811 15.8009 17.003 17.5766
 0.8 1.32811 1.58009 1.7003 1.75766
