years
 1991 1992 1993 1994 1995 1996 1997 1998 1999 2000 2001 2002 2003 2004 2005 2006 2007 2008 2009 2010 2011 2012 2013 2014 2015 2016 2017 2018 2019 2020 2021
reclasobs
 0 0 0 0 0 0 0 0 0 252601 567819 844713 477998 351125 339783 2.1784e+06 2.13404e+06 4.81314e+06 1.55562e+06 2.62356e+06 3.21686e+06 3.843e+06 1.13348e+06 3.07943e+06 1.97215e+06 2.03268e+06 2.025e+06 2.42433e+06 2.27542e+06 1.05018e+06 2.36338e+06
reclaspred
 3.28199e+06 1.7663e+06 897879 985370 1.03953e+06 1.95562e+06 1.05361e+06 896563 621260 414010 760727 685485 318971 720254 593936 1.40975e+06 1.10631e+06 3.1661e+06 3.01639e+06 2.16898e+06 3.02314e+06 2.04201e+06 1.36413e+06 2.9139e+06 2.20132e+06 1.9616e+06 2.44037e+06 2.67232e+06 2.03731e+06 1.18461e+06 1.90661e+06
pelacesobs
 0 0 0 0 0 0 0 0 0 0 0 0 0 0 0 552880 188675 0 991730 2.46772e+06 1.41603e+06 1.21717e+06 2.29649e+06 1.80582e+06 0 1.4828e+06 1.56532e+06 1.57751e+06 1.42118e+06 867257 1.10002e+06
pelacespred
 2.1255e+06 1.22757e+06 592200 481673 589824 1.08843e+06 563876 629297 392692 227833 429455 342765 142957 376506 328655 616633 567620 1.68557e+06 1.75474e+06 1.21624e+06 1.60038e+06 1.10013e+06 794957 1.75533e+06 1.3824e+06 1.2774e+06 1.68113e+06 1.81033e+06 1.32055e+06 837781 1.14758e+06
mphobs
 0 0 0 0 0 0 0 0 0 0 0 498337 0 5186 125008 0 168611 109162 213762 579715 649985 157893 87575 83554 0 0 0 0 0 0 0
mphpred
 541574 368131 172119 97277.4 113336 146113 213814 108427 97842.7 58069.5 35756.1 103583 56415.2 18730.8 53353.4 54197.3 162417 126633 340913 296439 302330 270063 209231 150548 321338 270602 221470 246544 360862 222648 119987
desembarqueobs
 494567 514787 250237 358949 120608 361735 552515 73892 212993 205616 52469 317467 293654 387597 252695 516296 358380 742168 942051 627588 828172 859565 418607 520667 417249 300574 415391 372974 316634 284311 391294
desembarquepred
 494567 514004 250599 358983 120613 361737 552520 73897.8 213059 205666 52468.9 317691 293992 387386 252652 516208 358442 741975 941484 627281 828430 859600 418577 520666 417213 300565 415376 372929 316606 284312 391294
Reclutas
 161945 88074.9 88040.1 132155 107387 205352 77203.3 31795.8 31525.7 44537.9 106817 66684.2 44878.9 120461 59613.2 295093 56503 493200 385299 240526 236841 350291 70875.7 253739 202063 88014.5 197175 219856 65181.9 48186.6 188615
log_desv_Rt
 0.320375 -0.288696 -0.289092 0.117094 -0.0904427 0.55784 -0.420442 -1.30755 -1.31608 -0.970544 -0.0957654 -0.566916 -0.962917 0.0244448 -0.679008 0.920407 -0.73259 1.43403 1.18713 0.715945 0.700504 1.09188 -0.505957 0.76942 0.541695 -0.289383 0.517208 0.626091 -0.589702 -0.891803 0.472823
SSB
 1.45843e+06 991358 463508 261963 305207 393474 575789 291988 263486 156378 96289.3 278944 151923 50441.1 143678 145950 437380 341016 918061 798295 814158 727265 563448 405417 865348 728717 596408 663930 971784 599581 323118
BT
 2.17843e+06 1.51852e+06 730749 755322 640202 1.3953e+06 981918 647354 570633 413878 489807 581242 404512 830779 593738 1.08081e+06 796015 2.45819e+06 2.61671e+06 1.67538e+06 2.2017e+06 1.85084e+06 1.08543e+06 2.33455e+06 1.64303e+06 1.42442e+06 2.10242e+06 2.18087e+06 1.38749e+06 990963 1.55878e+06
Ftot
 0.281074 0.518895 0.511089 0.741069 0.236798 0.39967 0.924265 0.16398 0.667432 0.959201 0.163866 0.861113 1.59945 1.23331 0.910433 0.844761 0.607904 0.543351 0.642585 0.578327 0.54546 0.846798 0.577533 0.409722 0.377328 0.298531 0.368771 0.308274 0.281886 0.442533 0.465674
BD_Bspro_t
 0.956263 0.718691 0.482802 0.383972 0.393872 0.505865 0.525315 0.324877 0.378806 0.308643 0.269487 0.583362 0.314358 0.132412 0.268969 0.265876 0.401079 0.333636 0.504641 0.432944 0.38724 0.363172 0.336906 0.302511 0.507292 0.519918 0.525447 0.581829 0.651945 0.544364 0.43759
BD_Bspro
 1.73821 1.18153 0.552424 0.312216 0.363756 0.468955 0.686244 0.348001 0.31403 0.186377 0.114761 0.332455 0.181067 0.0601173 0.17124 0.173948 0.521284 0.406434 1.09417 0.951434 0.97034 0.866777 0.671536 0.483189 1.03135 0.868508 0.710818 0.791294 1.1582 0.7146 0.385103
BD_Bo
 1.14015 0.77501 0.362355 0.204794 0.238601 0.307604 0.450132 0.228266 0.205984 0.122251 0.0752757 0.218069 0.118769 0.0394331 0.112323 0.114099 0.341929 0.266595 0.717709 0.62408 0.636481 0.568551 0.440485 0.316941 0.6765 0.569686 0.466251 0.519038 0.759707 0.468732 0.252603
BD_Brms
 2.073 1.40911 0.658827 0.372353 0.43382 0.559281 0.818423 0.415029 0.374516 0.222275 0.136865 0.39649 0.215943 0.0716966 0.204223 0.207453 0.621689 0.484718 1.30492 1.13469 1.15724 1.03373 0.800881 0.576257 1.23 1.03579 0.84773 0.943706 1.38129 0.85224 0.459278
Sel_flota
 0.655031 0.973029 0.998543 0.999923 0.999996
 0.655031 0.973029 0.998543 0.999923 0.999996
 0.655031 0.973029 0.998543 0.999923 0.999996
 0.655031 0.973029 0.998543 0.999923 0.999996
 0.655031 0.973029 0.998543 0.999923 0.999996
 0.655031 0.973029 0.998543 0.999923 0.999996
 0.655031 0.973029 0.998543 0.999923 0.999996
 0.655031 0.973029 0.998543 0.999923 0.999996
 0.655031 0.973029 0.998543 0.999923 0.999996
 0.655031 0.973029 0.998543 0.999923 0.999996
 0.655031 0.973029 0.998543 0.999923 0.999996
 0.655031 0.973029 0.998543 0.999923 0.999996
 0.655031 0.973029 0.998543 0.999923 0.999996
 0.655031 0.973029 0.998543 0.999923 0.999996
 0.655031 0.973029 0.998543 0.999923 0.999996
 0.655031 0.973029 0.998543 0.999923 0.999996
 0.655031 0.973029 0.998543 0.999923 0.999996
 0.655031 0.973029 0.998543 0.999923 0.999996
 0.655031 0.973029 0.998543 0.999923 0.999996
 0.655031 0.973029 0.998543 0.999923 0.999996
 0.655031 0.973029 0.998543 0.999923 0.999996
 0.655031 0.973029 0.998543 0.999923 0.999996
 0.655031 0.973029 0.998543 0.999923 0.999996
 0.655031 0.973029 0.998543 0.999923 0.999996
 0.655031 0.973029 0.998543 0.999923 0.999996
 0.655031 0.973029 0.998543 0.999923 0.999996
 0.655031 0.973029 0.998543 0.999923 0.999996
 0.655031 0.973029 0.998543 0.999923 0.999996
 0.655031 0.973029 0.998543 0.999923 0.999996
 0.655031 0.973029 0.998543 0.999923 0.999996
 0.655031 0.973029 0.998543 0.999923 0.999996
Sel_reclas
 1 1 1 1 1
 1 1 1 1 1
 1 1 1 1 1
 1 1 1 1 1
 1 1 1 1 1
 1 1 1 1 1
 1 1 1 1 1
 1 1 1 1 1
 1 1 1 1 1
 1 1 1 1 1
 1 1 1 1 1
 1 1 1 1 1
 1 1 1 1 1
 1 1 1 1 1
 1 1 1 1 1
 1 1 1 1 1
 1 1 1 1 1
 1 1 1 1 1
 1 1 1 1 1
 1 1 1 1 1
 1 1 1 1 1
 1 1 1 1 1
 1 1 1 1 1
 1 1 1 1 1
 1 1 1 1 1
 1 1 1 1 1
 1 1 1 1 1
 1 1 1 1 1
 1 1 1 1 1
 1 1 1 1 1
 1 1 1 1 1
Sel_pelaces
 0.666132 0.909429 0.980595 0.996083 0.999219
 0.666132 0.909429 0.980595 0.996083 0.999219
 0.666132 0.909429 0.980595 0.996083 0.999219
 0.666132 0.909429 0.980595 0.996083 0.999219
 0.666132 0.909429 0.980595 0.996083 0.999219
 0.666132 0.909429 0.980595 0.996083 0.999219
 0.666132 0.909429 0.980595 0.996083 0.999219
 0.666132 0.909429 0.980595 0.996083 0.999219
 0.666132 0.909429 0.980595 0.996083 0.999219
 0.666132 0.909429 0.980595 0.996083 0.999219
 0.666132 0.909429 0.980595 0.996083 0.999219
 0.666132 0.909429 0.980595 0.996083 0.999219
 0.666132 0.909429 0.980595 0.996083 0.999219
 0.666132 0.909429 0.980595 0.996083 0.999219
 0.666132 0.909429 0.980595 0.996083 0.999219
 0.666132 0.909429 0.980595 0.996083 0.999219
 0.666132 0.909429 0.980595 0.996083 0.999219
 0.666132 0.909429 0.980595 0.996083 0.999219
 0.666132 0.909429 0.980595 0.996083 0.999219
 0.666132 0.909429 0.980595 0.996083 0.999219
 0.666132 0.909429 0.980595 0.996083 0.999219
 0.666132 0.909429 0.980595 0.996083 0.999219
 0.666132 0.909429 0.980595 0.996083 0.999219
 0.666132 0.909429 0.980595 0.996083 0.999219
 0.666132 0.909429 0.980595 0.996083 0.999219
 0.666132 0.909429 0.980595 0.996083 0.999219
 0.666132 0.909429 0.980595 0.996083 0.999219
 0.666132 0.909429 0.980595 0.996083 0.999219
 0.666132 0.909429 0.980595 0.996083 0.999219
 0.666132 0.909429 0.980595 0.996083 0.999219
 0.666132 0.909429 0.980595 0.996083 0.999219
pf_obs 
 0.8446 0.082 0.0669 0.0065 0
 0.8095 0.147 0.0364 0.0071 0
 0.9664 0.0169 0.016 0.0007 0
 0.9276 0.0648 0.0075 0.0001 0
 0.7033 0.2144 0.0806 0.0017 0
 0.9318 0.0425 0.0243 0.0014 0
 0.5671 0.3108 0.0964 0.0239 0.0018
 0.0768 0.2599 0.5324 0.112 0.0189
 0.490249 0.384438 0.106611 0.0170017 0.00170017
 0.7925 0.1577 0.0466 0.003 0.0002
 0.840416 0.127587 0.0312969 0.00059994 9.999e-05
 0.8084 0.0986 0.0794 0.0134 0.0002
 0.7335 0.1905 0.0724 0.0035 0.0001
 0.4001 0.4547 0.1325 0.0127 0
 0.49795 0.308269 0.164784 0.0264974 0.00249975
 0.9179 0.0499 0.0305 0.0017 0
 0.2467 0.6533 0.0926 0.0074 0
 0.9418 0.0223 0.034 0.0019 0
 0.707729 0.231977 0.0356964 0.0245975 0
 0.517169 0.277429 0.184464 0.0207286 0.00020938
 0.811772 0.124168 0.05621 0.00726502 0.000585176
 0.764997 0.148141 0.077277 0.00933861 0.000247198
 0.163321 0.427699 0.378323 0.0303852 0.000271297
 0.753843 0.0900009 0.118128 0.0371064 0.000921714
 0.721811 0.176058 0.0630433 0.0369309 0.00215725
 0.143369 0.312575 0.442814 0.0836902 0.0175525
 0.692698 0.0596174 0.167031 0.0765114 0.00414204
 0.394062 0.376323 0.152708 0.0712218 0.00568511
 0.125707 0.32114 0.495352 0.0537591 0.00404204
 0.23352 0.215282 0.420074 0.123614 0.00750983
 0.796117 0.104755 0.0508955 0.0450114 0.00322123
pf_pred 
 0.528389 0.148616 0.30073 0.0222643 9.07547e-07
 0.448135 0.3515 0.0644097 0.126597 0.00935829
 0.609134 0.222645 0.108469 0.0192311 0.0405206
 0.750553 0.179102 0.0406485 0.0191611 0.0105358
 0.675671 0.271297 0.0384769 0.00841805 0.00613774
 0.765711 0.178259 0.0470864 0.00649144 0.00245191
 0.454555 0.457346 0.0675312 0.0172902 0.00327846
 0.456153 0.323435 0.186002 0.0263898 0.00802045
 0.550741 0.251705 0.118798 0.0664766 0.01228
 0.750867 0.168132 0.0461091 0.0209984 0.013894
 0.876344 0.10429 0.0132449 0.00348791 0.00263355
 0.562433 0.400196 0.031654 0.0039114 0.00180505
 0.638529 0.250229 0.10208 0.00776251 0.00139883
 0.926558 0.0578309 0.0109834 0.00424769 0.000380113
 0.684101 0.30329 0.0100261 0.00181845 0.000764298
 0.934928 0.0515318 0.0130203 0.000413543 0.000106298
 0.386708 0.589706 0.0188277 0.00457645 0.000182334
 0.928219 0.0365204 0.0339493 0.00104713 0.000264176
 0.677996 0.307559 0.00746997 0.00671552 0.000258919
 0.591932 0.317098 0.0870268 0.00204072 0.00190175
 0.664579 0.236265 0.077631 0.020593 0.000931158
 0.765483 0.179314 0.0392721 0.0124776 0.00345334
 0.370342 0.535507 0.0726486 0.0153065 0.0061961
 0.831539 0.08262 0.0733759 0.00962221 0.00284273
 0.639417 0.32001 0.0202169 0.0174048 0.00295171
 0.438022 0.413244 0.132458 0.00811643 0.00815902
 0.740701 0.141871 0.0870183 0.0270866 0.00332283
 0.688624 0.254916 0.0313217 0.0186361 0.00650191
 0.347515 0.504993 0.121402 0.0144842 0.0116061
 0.436852 0.254144 0.240729 0.0562134 0.0120615
 0.849258 0.0837684 0.0307573 0.0282246 0.0079913
pobs_RECLAS
 0 0 0 0 0
 0 0 0 0 0
 0 0 0 0 0
 0 0 0 0 0
 0 0 0 0 0
 0 0 0 0 0
 0 0 0 0 0
 0 0 0 0 0
 0 0 0 0 0
 0 0 0 0 0
 0.991045 0.00858322 0.000360255 1.14367e-05 0
 0.934742 0.0480273 0.0164251 0.00080598 0
 0.827803 0.169806 0.00239088 0 0
 0.941827 0.0461693 0.0120037 0 0
 0.791401 0.0380133 0.147996 0.0225897 0
 0.846168 0.0940531 0.0597789 0 0
 0.134021 0.677848 0.182769 0.00536245 0
 0.80878 0.0450904 0.141981 0.00414843 0
 0.846168 0.0940531 0.0597789 0 0
 0.905697 0.0802665 0.012482 0.00150086 5.37128e-05
 0.989698 0.0102097 9.19794e-05 0 0
 0.975433 0.0193895 0.00387452 0.00125025 5.28907e-05
 0.303575 0.632131 0.0575291 0.00676475 0
 0.966965 0.00978017 0.0227588 0.000495775 0
 0.843318 0.132988 0.00938335 0.0141283 0.000182051
 0.564624 0.303363 0.111486 0.0197234 0.00080311
 0.826376 0.0876187 0.0782897 0.00655872 0.00115652
 0.89761 0.0855135 0.0140674 0.00269457 0.000114338
 0.34875 0.467042 0.161289 0.0227151 0.000203297
 0.318654 0.224769 0.449479 0.00709798 0
 0.937255 0.0296025 0.0250945 0.00804832 0
ppred_RECLAS
 0.631013 0.118416 0.233322 0.0172492 7.03069e-07
 0.553964 0.287021 0.0511683 0.100423 0.00742292
 0.70473 0.170214 0.0806798 0.0142831 0.0300929
 0.822829 0.128246 0.0282891 0.0133148 0.00732063
 0.757925 0.203374 0.0280897 0.00613684 0.00447414
 0.832029 0.128628 0.0330705 0.0045526 0.00171945
 0.564406 0.366978 0.0526162 0.0134503 0.00255015
 0.558573 0.265337 0.148633 0.0210583 0.00639963
 0.654346 0.196102 0.0899865 0.050279 0.0092871
 0.825167 0.119146 0.0317213 0.0144232 0.00954259
 0.913958 0.0728677 0.00901423 0.00237049 0.00178971
 0.665144 0.307016 0.0235876 0.00291012 0.00134286
 0.743624 0.17932 0.0707212 0.00536812 0.000967265
 0.952522 0.0376362 0.0069279 0.00267481 0.000239339
 0.770228 0.220859 0.00708988 0.00128389 0.000539577
 0.957007 0.0342511 0.00840664 0.000266593 6.85202e-05
 0.489715 0.491185 0.0152512 0.0037016 0.000147466
 0.952072 0.0247155 0.0223503 0.000688353 0.000173649
 0.762523 0.227113 0.00536367 0.00481474 0.000185619
 0.68903 0.243133 0.0649016 0.00151965 0.00141605
 0.751729 0.176314 0.0563553 0.0149272 0.000674915
 0.83504 0.126998 0.0270188 0.00857114 0.00237198
 0.472741 0.450284 0.0594159 0.0124999 0.0050596
 0.8829 0.0582292 0.0503331 0.00659094 0.00194704
 0.727972 0.242163 0.0148921 0.0128022 0.00217098
 0.5407 0.340125 0.106151 0.00649516 0.00652876
 0.813054 0.103547 0.0618248 0.0192169 0.00235724
 0.769288 0.189808 0.022707 0.0134911 0.00470655
 0.4454 0.431823 0.101084 0.012043 0.00964927
 0.542961 0.209376 0.193004 0.0450036 0.00965556
 0.895987 0.058521 0.0209089 0.0191593 0.0054242
pobs_PELACES
 0 0 0 0 0
 0 0 0 0 0
 0 0 0 0 0
 0 0 0 0 0
 0 0 0 0 0
 0 0 0 0 0
 0 0 0 0 0
 0 0 0 0 0
 0 0 0 0 0
 0 0 0 0 0
 0 0 0 0 0
 0 0 0 0 0
 0 0 0 0 0
 0 0 0 0 0
 0 0 0 0 0
 0 0 0 0 0
 0.505614 0.472636 0.0217494 0 0
 0 0 0 0 0
 0.443492 0.261883 0.143347 0.151278 0
 0.227955 0.32914 0.350689 0.0885471 0.00366901
 0.970185 0.0296113 0.000203453 0 0
 0.997202 0.00247181 0.000326279 0 0
 0.445219 0.490057 0.0546422 0.010081 0
 0.90214 0.0892962 0.00764917 0.000914606 0
 0 0 0 0 0
 0.581667 0.319106 0.0959925 0.00289975 0.000334073
 0.762889 0.0836404 0.116647 0.0363945 0.000428098
 0.88444 0.0763242 0.0277011 0.0115352 0
 0.521256 0.241999 0.230069 0.00667565 0
 0.616807 0.101726 0.260614 0.0208532 0
 0.833518 0.0704572 0.0857862 0.0102388 0
ppred_PELACES
 0.550787 0.13701 0.290397 0.0218051 8.91554e-07
 0.482497 0.323211 0.0618582 0.123292 0.00914185
 0.640781 0.200262 0.101911 0.0183224 0.0387242
 0.782531 0.154054 0.0364131 0.0174033 0.0095985
 0.69888 0.24974 0.0371189 0.00823667 0.00602392
 0.787966 0.159478 0.0440619 0.0061604 0.00233399
 0.508289 0.409491 0.0628153 0.0163043 0.00310091
 0.47752 0.304399 0.183604 0.026422 0.00805489
 0.589835 0.225006 0.110706 0.0628137 0.0116387
 0.788646 0.140576 0.0400311 0.018481 0.0122655
 0.886578 0.0948563 0.0126352 0.00337492 0.00255607
 0.612842 0.352824 0.029017 0.0036351 0.00168265
 0.711361 0.198006 0.0830755 0.00640082 0.00115693
 0.94279 0.0446835 0.00877716 0.00344039 0.000308802
 0.729277 0.25948 0.00891293 0.00163884 0.000690902
 0.946125 0.0423074 0.0111172 0.000357983 9.22972e-05
 0.42763 0.54938 0.0182991 0.00451025 0.000180245
 0.936993 0.0313677 0.030446 0.000952261 0.000240977
 0.714871 0.271731 0.00688225 0.00627365 0.000242621
 0.629244 0.285283 0.0817136 0.001943 0.00181622
 0.696715 0.210683 0.0722778 0.0194423 0.000881814
 0.799323 0.151855 0.0345877 0.0111412 0.00309287
 0.408287 0.499707 0.0707524 0.015116 0.0061377
 0.847332 0.0730834 0.0678819 0.00902762 0.00267523
 0.668963 0.292017 0.0193017 0.0168522 0.00286675
 0.465861 0.387741 0.130153 0.00808853 0.0081559
 0.761798 0.127426 0.0817819 0.0258173 0.00317682
 0.713132 0.23257 0.0299222 0.0180563 0.00631894
 0.373239 0.479628 0.120773 0.0146141 0.0117461
 0.466536 0.234468 0.23218 0.0549826 0.0118336
 0.864723 0.0734298 0.0281781 0.0262224 0.00744713
pobs_pel_tallas
 0 0 0 0 0 0 0 0 0 0 0 0 0 0 0 0 0 0 0 0 0 0 0 0 0 0
 0 0 0 0 0 0 0 0 0 0 0 0 0 0 0 0 0 0 0 0 0 0 0 0 0 0
 0 0 0 0 0 0 0 0 0 0 0 0 0 0 0 0 0 0 0 0 0 0 0 0 0 0
 0 0 0 0 0 0 0 0 0 0 0 0 0 0 0 0 0 0 0 0 0 0 0 0 0 0
 0 0 0 0 0 0 0 0 0 0 0 0 0 0 0 0 0 0 0 0 0 0 0 0 0 0
 0 0 0 0 0 0 0 0 0 0 0 0 0 0 0 0 0 0 0 0 0 0 0 0 0 0
 0 0 0 0 0 0 0 0 0 0 0 0 0 0 0 0 0 0 0 0 0 0 0 0 0 0
 0 0 0 0 0 0 0 0 0 0 0 0 0 0 0 0 0 0 0 0 0 0 0 0 0 0
 0 0 0 0 0 0 0 0 0 0 0 0 0 0 0 0 0 0 0 0 0 0 0 0 0 0
 0 0 0 0 0 0 0 0 0 0 0 0 0 0 0 0 0 0 0 0 0 0 0 0 0 0
 0 0 0 0 0 0 0 0 0 0 0 0 0 0 0 0 0 0 0 0 0 0 0 0 0 0
 0 0 0 0 0 0 0 0 0 0 0 0 0 0 0 0 0 0 0 0 0 0 0 0 0 0
 0.00862536 0 0 0.000197151 0.00414017 0.0128641 0.00837892 0.0270097 0.101434 0.158115 0.152841 0.127902 0.109271 0.109419 0.0830992 0.0579132 0.0238553 0.00714673 0.00463305 0.00128148 0.00103504 0.000492878 0.000147863 0.000147863 4.92878e-05 0
 0 0 0 0 0 0 0 0 0 0 0 0 0 0 0 0 0 0 0 0 0 0 0 0 0 0
 0 0 0 0 0 0 0 0.0054083 0.00873648 0.0413646 0.0450493 0.0745869 0.0622846 0.0627006 0.0613931 0.0827291 0.12552 0.122667 0.0946155 0.0697135 0.0546179 0.0294188 0.0215738 0.0213955 0.0102223 0.00600262
 0 0 0 0 0.00359764 0.0251062 0.0480494 0.140153 0.205849 0.193036 0.1447 0.116669 0.0760912 0.0342217 0.00950174 0.001854 0.000860785 0 0 0 0.000165536 0 0.000143464 0 0 0
 0 0 0 0 0 0 0 0.000145254 0.000435761 0.0275982 0.070085 0.0708112 0.156366 0.174668 0.174014 0.160142 0.0824315 0.0480064 0.0283245 0.00493863 0.00203355 0 0 0 0 0
 0 0 0 0 0 0 0 0 0 0 0 0 0 0 0 0 0 0 0 0 0 0 0 0 0 0
 0 0 1.00437e-05 0.000401748 0.00122533 0.00171747 0.00176769 0.0269171 0.070346 0.194647 0.189555 0.159765 0.064822 0.0314167 0.0384472 0.0292271 0.0345202 0.0313363 0.0194345 0.0106764 0.0143323 0.0359363 0.0279516 0.0138201 0.00172751 0
 0 0.0021121 0.0136068 0.0755702 0.200478 0.177729 0.0527432 0.0373336 0.0318909 0.0142505 0.0149659 0.0166563 0.0217959 0.0798694 0.0677717 0.0528807 0.04013 0.0224614 0.0357745 0.0225083 0.00881397 0.00855152 0.00135912 0.000746735 0 0
 0 0 0 0 5.4009e-05 0.00500934 0.000945158 0.0243581 0.138947 0.33067 0.221406 0.137944 0.0707744 0.0437923 0.0131692 0.00525238 0.0047753 0.00276346 9.45158e-05 9.00151e-06 2.25038e-05 9.00151e-06 4.50075e-06 0 0 0
 0.000866109 0.00284123 0.00948549 0.0512746 0.133035 0.25785 0.225252 0.132002 0.0553304 0.0519788 0.0540692 0.017754 0.00435017 0.00159236 0.00146478 0.000404838 0.000125132 0.000115318 0.000107957 0.000100596 0 0 0 0 0 0
 0 0 0 0 0.00144013 0.00171154 0.00461396 0.0210425 0.0478622 0.0707936 0.0888783 0.103762 0.0637923 0.0337046 0.0602308 0.124433 0.169614 0.0934646 0.0462172 0.0250306 0.0313229 0.00938855 0.002487 0.000210481 0 0
 0 0.00764035 0.051015 0.0998891 0.058973 0.0496711 0.0374665 0.0718981 0.12319 0.153886 0.159021 0.0857701 0.0377988 0.023471 0.0147837 0.00900784 0.00315554 0.000888139 0.00291439 0.00214683 0.00393193 0.00274676 0.000635225 9.99891e-05 0 0
 0 0 0 0 0 0 0 0 0 0 0 0 0 0 0 0 0 0 0 0 0 0 0 0 0 0
 0 0 0 0 0 0 0 0 0 0 0 0 0 0 0 0 0 0 0 0 0 0 0 0 0 0
 0 0 0 0 0 0 0 0 0 0 0 0 0 0 0 0 0 0 0 0 0 0 0 0 0 0
 0 0 0 0 0 0 0 0 0 0 0 0 0 0 0 0 0 0 0 0 0 0 0 0 0 0
 0 0 0 0 0 0 0 0 0 0 0 0 0 0 0 0 0 0 0 0 0 0 0 0 0 0
 0 0 0 0 0 0 0 0 0 0 0 0 0 0 0 0 0 0 0 0 0 0 0 0 0 0
 0 0 0 0 0 0 0 0 0 0 0 0 0 0 0 0 0 0 0 0 0 0 0 0 0 0
ppred_pel_tallas
 1.10603e-16 4.53676e-05 0.000440989 0.00293053 0.0133218 0.041449 0.0883121 0.128897 0.128911 0.0883789 0.0416745 0.0139785 0.00459941 0.00415142 0.00728885 0.01249 0.0191773 0.0265869 0.0338781 0.040518 0.0463336 0.0511203 0.0542273 0.0546362 0.0515631 0.0450903
 1.1578e-16 3.97427e-05 0.000386313 0.00256719 0.0116701 0.0363101 0.0773637 0.112921 0.112952 0.0775163 0.0368226 0.0131514 0.00628931 0.00852508 0.0155381 0.0257398 0.0373639 0.0476417 0.0538285 0.0547939 0.0517355 0.0473274 0.0439635 0.0424598 0.0420075 0.041085
 1.11383e-16 5.27803e-05 0.000513044 0.00340936 0.0154984 0.0482215 0.102742 0.149959 0.149978 0.102837 0.0485408 0.0164223 0.00573463 0.00560985 0.0097939 0.01627 0.023817 0.0307698 0.0354669 0.0371648 0.0364432 0.0346959 0.0331335 0.0321084 0.031176 0.0296423
 1.0446e-16 6.44561e-05 0.000626536 0.00416355 0.0189269 0.0588888 0.125469 0.183129 0.183144 0.125542 0.059133 0.0196327 0.00593655 0.00450196 0.00743948 0.0122368 0.0177174 0.0224885 0.0251812 0.0251815 0.0229892 0.0198507 0.0169668 0.0148979 0.0135181 0.0123733
 1.02981e-16 5.75659e-05 0.000559561 0.00371848 0.0169037 0.0525938 0.112057 0.163556 0.16358 0.112175 0.0529888 0.0180446 0.00658255 0.00681246 0.0119348 0.0196444 0.0283048 0.0356198 0.0392874 0.038247 0.0333039 0.0265699 0.0201878 0.0153336 0.0120731 0.009863
 1.02326e-16 6.49038e-05 0.000630888 0.00419247 0.0190584 0.0592978 0.126341 0.184401 0.184417 0.126416 0.0595506 0.0197892 0.00602864 0.0046446 0.00770329 0.012673 0.0183439 0.0232637 0.0259897 0.0258445 0.0232921 0.0195761 0.015928 0.0129796 0.0107223 0.00885183
 1.04078e-16 4.18671e-05 0.000406964 0.00270442 0.0122939 0.0382511 0.0814996 0.118959 0.118999 0.0816925 0.0388989 0.0141648 0.00740112 0.0106613 0.0195206 0.0322157 0.0464281 0.0584349 0.0644617 0.06276 0.0546334 0.0435227 0.0329214 0.0247517 0.0191393 0.0152358
 1.0939e-16 3.93327e-05 0.000382328 0.00254071 0.0115497 0.0359356 0.0765656 0.111756 0.111785 0.0767102 0.0364216 0.0129564 0.00608246 0.00814978 0.014896 0.0248374 0.0364133 0.0471218 0.054394 0.0569834 0.0555749 0.0520493 0.0480629 0.044148 0.0398923 0.0347517
 1.11522e-16 4.8584e-05 0.000472253 0.00313829 0.0142662 0.0443877 0.0945734 0.138037 0.138059 0.0946801 0.0447465 0.0153045 0.00575172 0.00620154 0.0110013 0.0183011 0.0268124 0.0346883 0.040082 0.0421749 0.0416171 0.0399379 0.0384161 0.0373351 0.036093 0.0338736
 1.05121e-16 6.49598e-05 0.000631432 0.00419609 0.0190748 0.0593489 0.12645 0.18456 0.184573 0.126516 0.059572 0.0197197 0.00581683 0.0041761 0.00681659 0.011219 0.0162812 0.0207472 0.0233878 0.0236569 0.0220075 0.0195494 0.0173266 0.0157856 0.0147513 0.0137713
 1.0116e-16 7.30262e-05 0.000709841 0.00471714 0.0214435 0.0667186 0.142151 0.207476 0.207485 0.142196 0.0668686 0.0218766 0.00580449 0.00308343 0.00458068 0.00745668 0.0107336 0.0134963 0.0148662 0.0144413 0.0125319 0.00994813 0.00751278 0.00567888 0.00447174 0.00367816
 1.01577e-16 5.0479e-05 0.000490674 0.0032607 0.0148227 0.0461191 0.0982629 0.143425 0.143459 0.0984289 0.0466763 0.0164316 0.00729749 0.00929718 0.0167584 0.0275797 0.0396172 0.0495917 0.0541923 0.0518862 0.0438362 0.0331307 0.022972 0.0152236 0.0101448 0.0070456
 1.03286e-16 5.85939e-05 0.000569553 0.00378488 0.0172055 0.0535329 0.114058 0.166475 0.166495 0.114152 0.0538478 0.0181161 0.00607455 0.00558126 0.00961567 0.0159049 0.0231397 0.029582 0.0334786 0.0339837 0.0316006 0.0277271 0.0237085 0.0201754 0.0170632 0.0140691
 1.00663e-16 7.76564e-05 0.000754848 0.00501623 0.022803 0.0709488 0.151164 0.220629 0.220634 0.151185 0.0710195 0.0230075 0.00552957 0.00187622 0.00220958 0.00353584 0.00509987 0.00644265 0.00715377 0.0070458 0.0062591 0.00515951 0.00411133 0.00330398 0.00273379 0.0022996
 1.00605e-16 6.00696e-05 0.000583898 0.00388021 0.0176389 0.0548813 0.116931 0.17067 0.170695 0.117053 0.0552906 0.0188207 0.00684447 0.00704747 0.0123137 0.0202046 0.0289649 0.0361399 0.0392725 0.0372308 0.0308963 0.0226015 0.0147865 0.0089016 0.00518158 0.00310955
 1.00384e-16 7.79311e-05 0.000757518 0.00503397 0.0228837 0.0711997 0.151699 0.22141 0.221414 0.151719 0.0712668 0.0230775 0.00552073 0.00182127 0.00210151 0.0033594 0.0048512 0.00613982 0.00683479 0.00675225 0.00601325 0.0049495 0.0038948 0.0030287 0.0023635 0.00183153
 1.01152e-16 3.52234e-05 0.000342384 0.00227527 0.0103431 0.0321814 0.0685678 0.100088 0.100141 0.0688261 0.0330481 0.0128452 0.00855111 0.0140268 0.0259777 0.0427683 0.0613184 0.0765037 0.083126 0.0787887 0.0653575 0.047772 0.0311994 0.0187118 0.0108083 0.00639722
 1.01023e-16 7.71789e-05 0.000750206 0.00498538 0.0226628 0.0705125 0.150234 0.219272 0.219275 0.150249 0.0705629 0.022809 0.00535426 0.00156179 0.00163696 0.00263193 0.00389474 0.00512701 0.00607221 0.00659746 0.00674184 0.00663999 0.00639106 0.00599409 0.00539342 0.00457167
 1.00939e-16 5.8883e-05 0.000572364 0.00380356 0.0172904 0.0537971 0.114621 0.167299 0.167325 0.114749 0.0542258 0.0185279 0.00690729 0.0073398 0.0128879 0.0211517 0.0303204 0.0378279 0.0411053 0.0389758 0.0323743 0.0237554 0.0156788 0.00965413 0.00590233 0.00384841
 1.02934e-16 5.18301e-05 0.000503807 0.00334797 0.0152194 0.0473534 0.100892 0.147261 0.147289 0.101027 0.0478058 0.0165269 0.00663268 0.00768376 0.0137151 0.022662 0.0328014 0.0415772 0.0463961 0.0460219 0.0412574 0.0343075 0.0273796 0.021644 0.0171616 0.0134811
 1.04239e-16 5.73875e-05 0.000557827 0.00370696 0.0168513 0.0524308 0.11171 0.163048 0.163069 0.11181 0.0527654 0.0178187 0.00613864 0.00587748 0.0101935 0.016848 0.0244678 0.0311948 0.0351631 0.0354976 0.0327914 0.0286132 0.0244685 0.0210539 0.0182503 0.0156166
 1.02678e-16 6.58392e-05 0.000639981 0.0042529 0.0193331 0.0601524 0.128162 0.187059 0.187073 0.128233 0.060393 0.0200283 0.00599922 0.00445597 0.00732423 0.0120336 0.0173979 0.0220254 0.0245427 0.0243173 0.0218193 0.0182718 0.0148826 0.0122644 0.0103832 0.0088897
 1.04725e-16 3.36301e-05 0.000326897 0.00217235 0.0098752 0.0307257 0.0654661 0.0955598 0.0956079 0.0657014 0.0315159 0.0121576 0.00790138 0.0128334 0.0237855 0.0392686 0.056563 0.0711252 0.0783366 0.0760584 0.0658933 0.0520738 0.0389142 0.0288138 0.0219622 0.0173283
 1.03336e-16 6.97936e-05 0.000678419 0.00450833 0.0204942 0.0637652 0.135859 0.198291 0.198298 0.135894 0.0638827 0.0208347 0.00536744 0.0025685 0.00370228 0.00612207 0.0090732 0.0119541 0.0141854 0.015477 0.0159434 0.0159181 0.0156348 0.015065 0.0140221 0.0123912
 1.02807e-16 5.51016e-05 0.000535607 0.0035593 0.0161801 0.0503424 0.107261 0.156556 0.156584 0.107398 0.0508035 0.0175116 0.00690006 0.00782374 0.0138828 0.0228284 0.0327988 0.0410804 0.0449536 0.043182 0.0367655 0.0282874 0.020394 0.0145743 0.0109413 0.00880057
 1.06047e-16 3.83724e-05 0.000372993 0.00247867 0.0112677 0.0350583 0.0746967 0.10903 0.109067 0.0748799 0.0356738 0.0130471 0.00695069 0.0101536 0.0186665 0.0309362 0.0448791 0.0570945 0.0641074 0.0642637 0.0586326 0.0501256 0.0416028 0.0344957 0.0287588 0.0237222
 1.0552e-16 6.27483e-05 0.000609936 0.00405324 0.0184254 0.0573284 0.122145 0.178276 0.178289 0.122205 0.0575322 0.0190153 0.00553899 0.0038707 0.00630667 0.0104612 0.0153793 0.0200048 0.0232939 0.0247558 0.0246893 0.0238576 0.022884 0.0218817 0.0205552 0.0185782
 1.03804e-16 5.87398e-05 0.000570972 0.00379431 0.0172484 0.0536663 0.114343 0.166891 0.166913 0.114452 0.0540341 0.0183107 0.00646082 0.0063923 0.0111157 0.0182875 0.0263498 0.0331663 0.0366069 0.0357067 0.0312457 0.0252157 0.0196165 0.0155106 0.0128889 0.0111542
 1.07062e-16 3.07433e-05 0.000298836 0.00198587 0.00902751 0.0280882 0.0598466 0.0873575 0.0874038 0.0600729 0.0288484 0.0112242 0.00750385 0.0123578 0.0229712 0.0380274 0.0550093 0.0696589 0.0776309 0.0768899 0.0688646 0.0573624 0.0461747 0.0372769 0.030673 0.0254146
 1.14277e-16 3.8428e-05 0.000373534 0.00248226 0.011284 0.0351089 0.0748041 0.109184 0.109206 0.0749162 0.0354865 0.0123788 0.00524621 0.00645998 0.0117527 0.0197751 0.0294352 0.0390149 0.0467421 0.0517494 0.0544219 0.0557643 0.0563648 0.0558946 0.0534997 0.0486166
 1.04723e-16 7.12261e-05 0.000692343 0.00460086 0.0209149 0.0650739 0.138647 0.202361 0.202368 0.138682 0.0651908 0.021253 0.00545164 0.0025562 0.00363089 0.00594336 0.00868433 0.0112038 0.012901 0.0135282 0.013335 0.0128673 0.0125803 0.0125701 0.0125944 0.0122984
pSPR Fmed_Fpbrs
0.448013   0.6 0.325
Fs Fmed_Fpbrs
0.513813   0.307771 0.766434
SSBpbr Bo_Bmed_Bpbrs
1.27916e+06  509121  703535 351768
Ro
117552
SPR SPRFo_SPRFmed_SPRFpbrs
839044 375903 272689
Fref
0.307771
Nvult_r0
 137469 10163.9 3666.26 3361.2 951.618
CTP_r0
 32131.3 3169.34 1163.69 1067.86 302.347
YTP_r0
391294
Np
 148190 44562.5 13946.2 839.265 378.533
Nvult_p0
 103627 32411.4 10173.1 612.304 276.169
CTP_p0
 17386.1 8572.82 531.953 189.165 213.308
 17386.1 7469.39 2391.48 144.091 64.9935
YTP_p0
 289634 309013
CBA_c0
295448
log_Ro
11.4946
likeval ReclasPelacesDesembMPH_pf_preclas_ppelaces_ptallas_desvR_qrecl_qpela
 17.8204 18.0962 0.0379758 41.7344 251.854 119.922 101.458 0 23.8596 1.70021e-05 6.13798e-05 0.125119 8.99142e-16 0 0
q_reclas_q_pelaces
1.79373 3.0484
M
1
N
 161945 31779.6 62842.2 4646.77 0.189401
 88074.9 49558.2 8893.59 17460.9 1290.67
 88040.1 23064.5 11003.9 1948.76 4105.87
 132155 23173.6 5160.28 2430.03 1336.09
 107387 29920.8 4145.12 905.744 660.349
 205352 33829.5 8742.04 1203.79 454.661
 77203.3 58144.3 8435.43 2157.73 409.114
 31795.8 15502.8 8702.33 1233.09 374.738
 31525.7 10505.7 4862.06 2717.87 502.034
 44537.9 7490.34 2018.77 918.515 607.723
 106817 8741.09 1083.59 284.987 215.165
 66684.2 35296.4 2741.73 338.462 156.187
 44878.9 13956 5617.54 426.872 76.9212
 120461 5790.85 1082.86 418.438 37.4431
 59613.2 19756.3 641.614 116.262 48.8625
 295093 12079.6 2996.95 95.0954 24.4423
 56503 62423.8 1953.33 474.291 18.8955
 493200 13958.6 12710.6 391.613 98.7931
 385299 127104 3026.48 2717.95 104.786
 240526 93047.1 25021.8 586.11 546.167
 236841 60582.6 19499.3 5166.85 233.617
 350291 60952.5 13108.5 4160.81 1151.5
 70875.7 74001.4 9836.86 2070.3 838.016
 253739 17861.1 15520 2032.86 600.539
 202063 71373.3 4410.35 3792.41 643.122
 88014.5 58056.6 18188.2 1113.13 1118.9
 197175 26627.8 15973.6 4966.31 609.2
 219856 56970.6 6842.33 4066.18 1418.55
 65181.9 66091.8 15526.9 1850.22 1482.47
 48186.6 19936.2 18481.3 4310.7 924.878
 188615 13266 4768.06 4370.48 1237.35
pred_Ctot
 17474.6 4914.95 9945.56 736.312 0.0300139
 16491.3 12935.1 2370.26 4658.73 344.383
 16269.3 5946.6 2897.1 513.641 1082.26
 33409.4 7972.36 1809.39 852.92 468.982
 9877.45 3966.01 562.483 123.061 89.7259
 30542.5 7110.35 1878.17 258.929 97.8009
 23267.9 23410.8 3456.82 885.059 167.819
 2065 1464.18 842.027 119.466 36.3084
 7311.48 3341.57 1577.12 882.526 163.025
 13812.7 3092.91 848.21 386.28 255.59
 6932.73 825.031 104.78 27.5927 20.8339
 19015.7 13530.5 1070.21 132.243 61.0282
 19999.2 7837.34 3197.23 243.127 43.8125
 45000.9 2808.72 533.438 206.301 18.4613
 17757.4 7872.59 260.249 47.2021 19.8391
 82883.3 4568.4 1154.27 36.6614 9.42354
 12116.3 18476.7 589.909 143.389 5.71288
 96096.2 3780.86 3514.69 108.406 27.3495
 86572.8 39272 953.835 857.5 33.0612
 49438.3 26484.1 7268.49 170.441 158.835
 46300.8 16460.5 5408.5 1434.7 64.8732
 98574.6 23091.1 5057.25 1606.8 444.702
 14550.9 21040.3 2854.4 601.398 243.447
 38587.2 3833.94 3404.97 446.514 131.916
 28539.1 14283 902.339 776.827 131.743
 10040.6 9472.63 3036.29 186.049 187.026
 27278.1 5224.74 3204.66 997.53 122.371
 25833.1 9562.95 1175 699.115 243.913
 7052.22 10247.9 2463.64 293.933 235.527
 7847.69 4565.49 4324.49 1009.83 216.675
 32131.3 3169.34 1163.69 1067.86 302.347
F
 0.184112 0.273493 0.280664 0.281052 0.281073
 0.339892 0.5049 0.518139 0.518855 0.518893
 0.334779 0.497305 0.510345 0.51105 0.511087
 0.485423 0.721082 0.73999 0.741012 0.741066
 0.15511 0.230411 0.236453 0.236779 0.236797
 0.261796 0.388891 0.399088 0.39964 0.399669
 0.605422 0.899337 0.922919 0.924194 0.924262
 0.107412 0.159557 0.163741 0.163967 0.163979
 0.437188 0.64943 0.666459 0.66738 0.667429
 0.628306 0.93333 0.957803 0.959127 0.959197
 0.107338 0.159447 0.163628 0.163854 0.163866
 0.564055 0.837888 0.859858 0.861047 0.861109
 1.04769 1.55631 1.59712 1.59933 1.59944
 0.807856 1.20005 1.23151 1.23322 1.23331
 0.596362 0.885878 0.909106 0.910363 0.910429
 0.553344 0.821977 0.84353 0.844696 0.844757
 0.398196 0.591509 0.607019 0.607858 0.607902
 0.355912 0.528697 0.54256 0.54331 0.543349
 0.420913 0.625254 0.641649 0.642535 0.642582
 0.378822 0.562729 0.577484 0.578283 0.578325
 0.357293 0.530749 0.544666 0.545418 0.545458
 0.554679 0.823959 0.845564 0.846733 0.846794
 0.378302 0.561957 0.576692 0.577489 0.577531
 0.26838 0.398671 0.409125 0.40969 0.40972
 0.247162 0.367151 0.376778 0.377299 0.377326
 0.195547 0.290479 0.298096 0.298508 0.29853
 0.241557 0.358825 0.368234 0.368743 0.36877
 0.201929 0.29996 0.307825 0.308251 0.308273
 0.184644 0.274284 0.281476 0.281865 0.281885
 0.289873 0.430598 0.441888 0.442499 0.442531
 0.305031 0.453114 0.464995 0.465638 0.465672
YTP_r0W_actual
 266690 44687.6 32117.8 36521 11277.5
YTP_p0W_proyectada
 130222 134336 12304.1 5555.78 7216.22
 130222 117045 55314.9 4231.96 2198.73
CTP_r0_actual
 32131.3 3169.34 1163.69 1067.86 302.347
CTP_p0_proyectada
 17386.1 8572.82 531.953 189.165 213.308
 17386.1 7469.39 2391.48 144.091 64.9935
Wmedp
 7.49 15.67 23.13 29.37 33.83
Frms_r0
 0.305031 0.453114 0.464995 0.465638 0.465672
Zrms_r0
 1.30503 1.45311 1.465 1.46564 1.46567
nmprior
 8.19 8.8 8.5 0
nm_flota  nm_reclas  nm_pelaces    nm_pelaL
inf 16.4595 17.6996 41.9134
cv_recla  cv_pelaces  cv_mph
0.381842 0.482354 0.5981
 ------------------------------------------------
Talla a la edad & desviaci?n 
 8 13.2811 15.8009 17.003 17.5766
 0.8 1.32811 1.58009 1.7003 1.75766
