years
 1991 1992 1993 1994 1995 1996 1997 1998 1999 2000 2001 2002 2003 2004 2005 2006 2007 2008 2009 2010 2011 2012 2013 2014 2015 2016 2017 2018 2019 2020 2021
reclasobs
 0 0 0 0 0 0 0 0 0 252601 567819 844713 477998 351125 339783 2.1784e+06 2.13404e+06 4.81314e+06 1.55562e+06 2.62356e+06 3.21686e+06 3.843e+06 1.13348e+06 3.07943e+06 1.97215e+06 2.03268e+06 2.025e+06 2.42433e+06 2.27542e+06 1.05018e+06 2.36338e+06
reclaspred
 3.43871e+06 2.01983e+06 1.03111e+06 1.01717e+06 1.02501e+06 1.55691e+06 1.18227e+06 1.11222e+06 841519 665457 654235 625742 517096 581522 595191 1.21043e+06 1.25028e+06 2.67137e+06 2.53253e+06 1.92438e+06 2.90031e+06 1.95026e+06 1.5662e+06 2.71016e+06 2.17812e+06 1.98814e+06 2.31648e+06 2.39916e+06 2.06205e+06 1.38653e+06 1.90673e+06
pelacesobs
 0 0 0 0 0 0 0 0 0 0 0 0 0 0 0 552880 188675 0 991730 2.46772e+06 1.41603e+06 1.21717e+06 2.29649e+06 1.80582e+06 0 1.4828e+06 1.56532e+06 1.57751e+06 1.42118e+06 867257 1.10002e+06
pelacespred
 1.99652e+06 1.33758e+06 708737 566591 560445 882840 678114 699461 546812 422429 409228 343719 307937 387115 386119 638249 652099 1.55536e+06 1.57519e+06 1.14999e+06 1.50917e+06 1.24925e+06 930890 1.71309e+06 1.32791e+06 1.20432e+06 1.5925e+06 1.63518e+06 1.15867e+06 896498 1.22677e+06
mphobs
 0 0 0 0 0 0 0 0 0 0 0 498337 0 5186 125008 0 168611 109162 213762 579715 649985 157893 87575 83554 0 0 0 0 0 0 0
mphpred
 503488 341638 180921 96960.2 109836 119587 164109 128371 110040 84310.8 60461.8 74875.7 63617.7 46928.6 51299.2 62400.7 142613 142564 271659 247768 261069 253582 202175 167603 269022 234865 199654 209569 281240 203726 134593
desembarqueobs
 494567 514787 250237 358949 120608 361735 552515 73892 212993 205616 52469 317467 293654 387597 252695 516296 358380 742168 942051 627588 828172 859565 418607 520667 417249 300574 415391 372974 316634 284311 391294
desembarquepred
 494569 512774 251282 358955 120609 361737 552529 73892.8 213005 205624 52469 317547 293756 387595 252696 516295 358396 742140 941959 627553 828241 859653 418621 520672 417248 300574 415391 372970 316633 284315 391294
Reclutas
 438285 269829 254887 540986 442537 748972 321140 167926 153388 200991 373292 214518 183495 293130 235433 1.06905e+06 254919 1.88187e+06 1.25671e+06 742501 866782 1.11763e+06 295047 1.11095e+06 900897 410413 905405 1.00614e+06 304710 231618 879762
log_desv_Rt
 -0.0421375 -0.527218 -0.584189 0.168386 -0.0324846 0.493694 -0.353132 -1.00149 -1.09204 -0.821746 -0.202648 -0.756616 -0.912823 -0.444391 -0.66358 0.849514 -0.584061 1.41501 1.01124 0.485016 0.63978 0.893954 -0.437873 0.887961 0.678383 -0.107844 0.683375 0.788871 -0.405647 -0.679919 0.654643
SSB
 1.12486e+07 7.63268e+06 4.04203e+06 2.16623e+06 2.45389e+06 2.67174e+06 3.66644e+06 2.86799e+06 2.45845e+06 1.88362e+06 1.3508e+06 1.67283e+06 1.42131e+06 1.04845e+06 1.1461e+06 1.39412e+06 3.18617e+06 3.18508e+06 6.06926e+06 5.53548e+06 5.83264e+06 5.66539e+06 4.51688e+06 3.74448e+06 6.01034e+06 5.24721e+06 4.46056e+06 4.68206e+06 6.28331e+06 4.55152e+06 3.00699e+06
BT
 1.4333e+07 9.83618e+06 5.20031e+06 4.25727e+06 4.00041e+06 6.46176e+06 5.22298e+06 4.93683e+06 4.02045e+06 3.14394e+06 2.89711e+06 2.6704e+06 2.42379e+06 3.1119e+06 2.94662e+06 4.8728e+06 4.82973e+06 1.14975e+07 1.18847e+07 8.59071e+06 1.1175e+07 9.56695e+06 6.86556e+06 1.24289e+07 9.63314e+06 8.65971e+06 1.15217e+07 1.17688e+07 8.33579e+06 6.52274e+06 8.92606e+06
Ftot
 0.038092 0.0670702 0.0643983 0.0930183 0.0311822 0.0614134 0.122854 0.0176264 0.0668731 0.0815309 0.021271 0.133275 0.148976 0.174368 0.111721 0.112236 0.075674 0.0733555 0.0979961 0.0860113 0.0753903 0.115946 0.0705924 0.0508277 0.0506815 0.0400346 0.0474553 0.0411628 0.0406598 0.0542341 0.0542769
BD_Bspro_t
 0.993924 0.952349 0.895684 0.856338 0.853493 0.884208 0.883496 0.82523 0.85256 0.844483 0.837617 0.899627 0.818879 0.747474 0.746661 0.776568 0.832042 0.8256 0.872215 0.841628 0.822258 0.819304 0.807979 0.808473 0.882787 0.889236 0.894092 0.908107 0.924104 0.901015 0.877358
BD_Bspro
 3.44738 2.3392 1.23877 0.663887 0.752046 0.818813 1.12366 0.878956 0.753445 0.577276 0.413982 0.512674 0.43559 0.32132 0.351246 0.427258 0.97647 0.976134 1.86005 1.69646 1.78754 1.73628 1.38429 1.14758 1.842 1.60812 1.36703 1.43492 1.92565 1.39491 0.921557
BD_Bo
 2.35352 1.59697 0.845704 0.453234 0.51342 0.559002 0.767119 0.600062 0.514375 0.394105 0.282625 0.350002 0.297377 0.219365 0.239795 0.291688 0.666635 0.666405 1.26985 1.15817 1.22035 1.18535 0.945055 0.783448 1.25753 1.09786 0.933272 0.979615 1.31464 0.952303 0.629145
BD_Brms
 4.27913 2.90358 1.53764 0.824062 0.933492 1.01637 1.39476 1.09102 0.935228 0.716555 0.513863 0.636367 0.540685 0.398845 0.435991 0.530342 1.21206 1.21165 2.30883 2.10577 2.21882 2.15519 1.71828 1.42445 2.28641 1.99611 1.69686 1.78112 2.39025 1.73146 1.1439
Sel_flota
 1 1 1 1 1
 1 1 1 1 1
 1 1 1 1 1
 1 1 1 1 1
 1 1 1 1 1
 1 1 1 1 1
 1 1 1 1 1
 1 1 1 1 1
 1 1 1 1 1
 1 1 1 1 1
 1 1 1 1 1
 1 1 1 1 1
 1 1 1 1 1
 1 1 1 1 1
 1 1 1 1 1
 1 1 1 1 1
 1 1 1 1 1
 1 1 1 1 1
 1 1 1 1 1
 1 1 1 1 1
 1 1 1 1 1
 1 1 1 1 1
 1 1 1 1 1
 1 1 1 1 1
 1 1 1 1 1
 1 1 1 1 1
 1 1 1 1 1
 1 1 1 1 1
 1 1 1 1 1
 1 1 1 1 1
 1 1 1 1 1
Sel_reclas
 1 1 1 1 1
 1 1 1 1 1
 1 1 1 1 1
 1 1 1 1 1
 1 1 1 1 1
 1 1 1 1 1
 1 1 1 1 1
 1 1 1 1 1
 1 1 1 1 1
 1 1 1 1 1
 1 1 1 1 1
 1 1 1 1 1
 1 1 1 1 1
 1 1 1 1 1
 1 1 1 1 1
 1 1 1 1 1
 1 1 1 1 1
 1 1 1 1 1
 1 1 1 1 1
 1 1 1 1 1
 1 1 1 1 1
 1 1 1 1 1
 1 1 1 1 1
 1 1 1 1 1
 1 1 1 1 1
 1 1 1 1 1
 1 1 1 1 1
 1 1 1 1 1
 1 1 1 1 1
 1 1 1 1 1
 1 1 1 1 1
Sel_pelaces
 1 1 1 1 1
 1 1 1 1 1
 1 1 1 1 1
 1 1 1 1 1
 1 1 1 1 1
 1 1 1 1 1
 1 1 1 1 1
 1 1 1 1 1
 1 1 1 1 1
 1 1 1 1 1
 1 1 1 1 1
 1 1 1 1 1
 1 1 1 1 1
 1 1 1 1 1
 1 1 1 1 1
 1 1 1 1 1
 1 1 1 1 1
 1 1 1 1 1
 1 1 1 1 1
 1 1 1 1 1
 1 1 1 1 1
 1 1 1 1 1
 1 1 1 1 1
 1 1 1 1 1
 1 1 1 1 1
 1 1 1 1 1
 1 1 1 1 1
 1 1 1 1 1
 1 1 1 1 1
 1 1 1 1 1
 1 1 1 1 1
pf_obs 
 0.8446 0.082 0.0669 0.0065 0
 0.8095 0.147 0.0364 0.0071 0
 0.9664 0.0169 0.016 0.0007 0
 0.9276 0.0648 0.0075 0.0001 0
 0.7033 0.2144 0.0806 0.0017 0
 0.9318 0.0425 0.0243 0.0014 0
 0.5671 0.3108 0.0964 0.0239 0.0018
 0.0768 0.2599 0.5324 0.112 0.0189
 0.490249 0.384438 0.106611 0.0170017 0.00170017
 0.7925 0.1577 0.0466 0.003 0.0002
 0.840416 0.127587 0.0312969 0.00059994 9.999e-05
 0.8084 0.0986 0.0794 0.0134 0.0002
 0.7335 0.1905 0.0724 0.0035 0.0001
 0.4001 0.4547 0.1325 0.0127 0
 0.49795 0.308269 0.164784 0.0264974 0.00249975
 0.9179 0.0499 0.0305 0.0017 0
 0.2467 0.6533 0.0926 0.0074 0
 0.9418 0.0223 0.034 0.0019 0
 0.707729 0.231977 0.0356964 0.0245975 0
 0.517169 0.277429 0.184464 0.0207286 0.00020938
 0.811772 0.124168 0.05621 0.00726502 0.000585176
 0.764997 0.148141 0.077277 0.00933861 0.000247198
 0.163321 0.427699 0.378323 0.0303852 0.000271297
 0.753843 0.0900009 0.118128 0.0371064 0.000921714
 0.721811 0.176058 0.0630433 0.0369309 0.00215725
 0.143369 0.312575 0.442814 0.0836902 0.0175525
 0.692698 0.0596174 0.167031 0.0765114 0.00414204
 0.394062 0.376323 0.152708 0.0712218 0.00568511
 0.125707 0.32114 0.495352 0.0537591 0.00404204
 0.23352 0.215282 0.420074 0.123614 0.00750983
 0.796117 0.104755 0.0508955 0.0450114 0.00322123
pf_pred 
 0.39535 0.0988538 0.482253 0.023543 6.71221e-07
 0.40734 0.234308 0.0585867 0.285812 0.0139534
 0.527969 0.192277 0.110601 0.0276548 0.141499
 0.764634 0.124266 0.0452555 0.0260317 0.039813
 0.65108 0.266796 0.0433589 0.0157906 0.0229745
 0.755513 0.15918 0.0652281 0.0106007 0.00947754
 0.483564 0.390175 0.0822065 0.0336861 0.0103691
 0.437314 0.272095 0.219546 0.0462565 0.0247893
 0.524971 0.207736 0.129253 0.104291 0.0337488
 0.666579 0.175036 0.0692637 0.0430956 0.0460252
 0.784998 0.143316 0.0376332 0.0148918 0.0191612
 0.55607 0.348484 0.0636222 0.0167065 0.0151171
 0.596333 0.224467 0.140672 0.0256822 0.0128462
 0.750345 0.148878 0.0560395 0.0351194 0.00961881
 0.661046 0.254333 0.0504628 0.0189948 0.0151642
 0.901222 0.0652964 0.0251223 0.00498459 0.00337415
 0.395239 0.545024 0.0394887 0.015193 0.00505504
 0.89534 0.0413658 0.0570423 0.00413289 0.00211916
 0.636228 0.325699 0.0150477 0.0207504 0.00227432
 0.529858 0.299118 0.153125 0.00707456 0.0108249
 0.646943 0.18707 0.105606 0.0540619 0.00631953
 0.709729 0.187789 0.0543011 0.0306543 0.017527
 0.363836 0.451504 0.119465 0.0345444 0.0306512
 0.799853 0.0728208 0.0903673 0.0239105 0.0130487
 0.649746 0.280152 0.0255058 0.0316515 0.0129451
 0.458416 0.351892 0.151726 0.0138135 0.0241528
 0.74102 0.118721 0.0911329 0.0392939 0.00983252
 0.701243 0.221385 0.0354686 0.0272266 0.0146769
 0.375602 0.437854 0.138232 0.0221465 0.0261644
 0.446991 0.207712 0.242137 0.0764437 0.0267164
 0.829711 0.0761177 0.035371 0.0412334 0.017567
pobs_RECLAS
 0 0 0 0 0
 0 0 0 0 0
 0 0 0 0 0
 0 0 0 0 0
 0 0 0 0 0
 0 0 0 0 0
 0 0 0 0 0
 0 0 0 0 0
 0 0 0 0 0
 0 0 0 0 0
 0.991045 0.00858322 0.000360255 1.14367e-05 0
 0.934742 0.0480273 0.0164251 0.00080598 0
 0.827803 0.169806 0.00239088 0 0
 0.941827 0.0461693 0.0120037 0 0
 0.791401 0.0380133 0.147996 0.0225897 0
 0.846168 0.0940531 0.0597789 0 0
 0.134021 0.677848 0.182769 0.00536245 0
 0.80878 0.0450904 0.141981 0.00414843 0
 0.846168 0.0940531 0.0597789 0 0
 0.905697 0.0802665 0.012482 0.00150086 5.37128e-05
 0.989698 0.0102097 9.19794e-05 0 0
 0.975433 0.0193895 0.00387452 0.00125025 5.28907e-05
 0.303575 0.632131 0.0575291 0.00676475 0
 0.966965 0.00978017 0.0227588 0.000495775 0
 0.843318 0.132988 0.00938335 0.0141283 0.000182051
 0.564624 0.303363 0.111486 0.0197234 0.00080311
 0.826376 0.0876187 0.0782897 0.00655872 0.00115652
 0.89761 0.0855135 0.0140674 0.00269457 0.000114338
 0.34875 0.467042 0.161289 0.0227151 0.000203297
 0.318654 0.224769 0.449479 0.00709798 0
 0.937255 0.0296025 0.0250945 0.00804832 0
ppred_RECLAS
 0.39535 0.0988538 0.482253 0.023543 6.71221e-07
 0.40734 0.234308 0.0585867 0.285812 0.0139534
 0.527969 0.192277 0.110601 0.0276548 0.141499
 0.764634 0.124266 0.0452555 0.0260317 0.039813
 0.65108 0.266796 0.0433589 0.0157906 0.0229745
 0.755513 0.15918 0.0652281 0.0106007 0.00947754
 0.483564 0.390175 0.0822065 0.0336861 0.0103691
 0.437314 0.272095 0.219546 0.0462565 0.0247893
 0.524971 0.207736 0.129253 0.104291 0.0337488
 0.666579 0.175036 0.0692637 0.0430956 0.0460252
 0.784998 0.143316 0.0376332 0.0148918 0.0191612
 0.55607 0.348484 0.0636222 0.0167065 0.0151171
 0.596333 0.224467 0.140672 0.0256822 0.0128462
 0.750345 0.148878 0.0560395 0.0351194 0.00961881
 0.661046 0.254333 0.0504628 0.0189948 0.0151642
 0.901222 0.0652964 0.0251223 0.00498459 0.00337415
 0.395239 0.545024 0.0394887 0.015193 0.00505504
 0.89534 0.0413658 0.0570423 0.00413289 0.00211916
 0.636228 0.325699 0.0150477 0.0207504 0.00227432
 0.529858 0.299118 0.153125 0.00707456 0.0108249
 0.646943 0.18707 0.105606 0.0540619 0.00631953
 0.709729 0.187789 0.0543011 0.0306543 0.017527
 0.363836 0.451504 0.119465 0.0345444 0.0306512
 0.799853 0.0728208 0.0903673 0.0239105 0.0130487
 0.649746 0.280152 0.0255058 0.0316515 0.0129451
 0.458416 0.351892 0.151726 0.0138135 0.0241528
 0.74102 0.118721 0.0911329 0.0392939 0.00983252
 0.701243 0.221385 0.0354686 0.0272266 0.0146769
 0.375602 0.437854 0.138232 0.0221465 0.0261644
 0.446991 0.207712 0.242137 0.0764437 0.0267164
 0.829711 0.0761177 0.035371 0.0412334 0.017567
pobs_PELACES
 0 0 0 0 0
 0 0 0 0 0
 0 0 0 0 0
 0 0 0 0 0
 0 0 0 0 0
 0 0 0 0 0
 0 0 0 0 0
 0 0 0 0 0
 0 0 0 0 0
 0 0 0 0 0
 0 0 0 0 0
 0 0 0 0 0
 0 0 0 0 0
 0 0 0 0 0
 0 0 0 0 0
 0 0 0 0 0
 0.505614 0.472636 0.0217494 0 0
 0 0 0 0 0
 0.443492 0.261883 0.143347 0.151278 0
 0.227955 0.32914 0.350689 0.0885471 0.00366901
 0.970185 0.0296113 0.000203453 0 0
 0.997202 0.00247181 0.000326279 0 0
 0.445219 0.490057 0.0546422 0.010081 0
 0.90214 0.0892962 0.00764917 0.000914606 0
 0 0 0 0 0
 0.581667 0.319106 0.0959925 0.00289975 0.000334073
 0.762889 0.0836404 0.116647 0.0363945 0.000428098
 0.88444 0.0763242 0.0277011 0.0115352 0
 0.521256 0.241999 0.230069 0.00667565 0
 0.616807 0.101726 0.260614 0.0208532 0
 0.833518 0.0704572 0.0857862 0.0102388 0
ppred_PELACES
 0.39535 0.0988538 0.482253 0.023543 6.71221e-07
 0.40734 0.234308 0.0585867 0.285812 0.0139534
 0.527969 0.192277 0.110601 0.0276548 0.141499
 0.764634 0.124266 0.0452555 0.0260317 0.039813
 0.65108 0.266796 0.0433589 0.0157906 0.0229745
 0.755513 0.15918 0.0652281 0.0106007 0.00947754
 0.483564 0.390175 0.0822065 0.0336861 0.0103691
 0.437314 0.272095 0.219546 0.0462565 0.0247893
 0.524971 0.207736 0.129253 0.104291 0.0337488
 0.666579 0.175036 0.0692637 0.0430956 0.0460252
 0.784998 0.143316 0.0376332 0.0148918 0.0191612
 0.55607 0.348484 0.0636222 0.0167065 0.0151171
 0.596333 0.224467 0.140672 0.0256822 0.0128462
 0.750345 0.148878 0.0560395 0.0351194 0.00961881
 0.661046 0.254333 0.0504628 0.0189948 0.0151642
 0.901222 0.0652964 0.0251223 0.00498459 0.00337415
 0.395239 0.545024 0.0394887 0.015193 0.00505504
 0.89534 0.0413658 0.0570423 0.00413289 0.00211916
 0.636228 0.325699 0.0150477 0.0207504 0.00227432
 0.529858 0.299118 0.153125 0.00707456 0.0108249
 0.646943 0.18707 0.105606 0.0540619 0.00631953
 0.709729 0.187789 0.0543011 0.0306543 0.017527
 0.363836 0.451504 0.119465 0.0345444 0.0306512
 0.799853 0.0728208 0.0903673 0.0239105 0.0130487
 0.649746 0.280152 0.0255058 0.0316515 0.0129451
 0.458416 0.351892 0.151726 0.0138135 0.0241528
 0.74102 0.118721 0.0911329 0.0392939 0.00983252
 0.701243 0.221385 0.0354686 0.0272266 0.0146769
 0.375602 0.437854 0.138232 0.0221465 0.0261644
 0.446991 0.207712 0.242137 0.0764437 0.0267164
 0.829711 0.0761177 0.035371 0.0412334 0.017567
pobs_pel_tallas
 0 0 0 0 0 0 0 0 0 0 0 0 0 0 0 0 0 0 0 0 0 0 0 0 0 0
 0 0 0 0 0 0 0 0 0 0 0 0 0 0 0 0 0 0 0 0 0 0 0 0 0 0
 0 0 0 0 0 0 0 0 0 0 0 0 0 0 0 0 0 0 0 0 0 0 0 0 0 0
 0 0 0 0 0 0 0 0 0 0 0 0 0 0 0 0 0 0 0 0 0 0 0 0 0 0
 0 0 0 0 0 0 0 0 0 0 0 0 0 0 0 0 0 0 0 0 0 0 0 0 0 0
 0 0 0 0 0 0 0 0 0 0 0 0 0 0 0 0 0 0 0 0 0 0 0 0 0 0
 0 0 0 0 0 0 0 0 0 0 0 0 0 0 0 0 0 0 0 0 0 0 0 0 0 0
 0 0 0 0 0 0 0 0 0 0 0 0 0 0 0 0 0 0 0 0 0 0 0 0 0 0
 0 0 0 0 0 0 0 0 0 0 0 0 0 0 0 0 0 0 0 0 0 0 0 0 0 0
 0 0 0 0 0 0 0 0 0 0 0 0 0 0 0 0 0 0 0 0 0 0 0 0 0 0
 0 0 0 0 0 0 0 0 0 0 0 0 0 0 0 0 0 0 0 0 0 0 0 0 0 0
 0 0 0 0 0 0 0 0 0 0 0 0 0 0 0 0 0 0 0 0 0 0 0 0 0 0
 0.00862536 0 0 0.000197151 0.00414017 0.0128641 0.00837892 0.0270097 0.101434 0.158115 0.152841 0.127902 0.109271 0.109419 0.0830992 0.0579132 0.0238553 0.00714673 0.00463305 0.00128148 0.00103504 0.000492878 0.000147863 0.000147863 4.92878e-05 0
 0 0 0 0 0 0 0 0 0 0 0 0 0 0 0 0 0 0 0 0 0 0 0 0 0 0
 0 0 0 0 0 0 0 0.0054083 0.00873648 0.0413646 0.0450493 0.0745869 0.0622846 0.0627006 0.0613931 0.0827291 0.12552 0.122667 0.0946155 0.0697135 0.0546179 0.0294188 0.0215738 0.0213955 0.0102223 0.00600262
 0 0 0 0 0.00359764 0.0251062 0.0480494 0.140153 0.205849 0.193036 0.1447 0.116669 0.0760912 0.0342217 0.00950174 0.001854 0.000860785 0 0 0 0.000165536 0 0.000143464 0 0 0
 0 0 0 0 0 0 0 0.000145254 0.000435761 0.0275982 0.070085 0.0708112 0.156366 0.174668 0.174014 0.160142 0.0824315 0.0480064 0.0283245 0.00493863 0.00203355 0 0 0 0 0
 0 0 0 0 0 0 0 0 0 0 0 0 0 0 0 0 0 0 0 0 0 0 0 0 0 0
 0 0 1.00437e-05 0.000401748 0.00122533 0.00171747 0.00176769 0.0269171 0.070346 0.194647 0.189555 0.159765 0.064822 0.0314167 0.0384472 0.0292271 0.0345202 0.0313363 0.0194345 0.0106764 0.0143323 0.0359363 0.0279516 0.0138201 0.00172751 0
 0 0.0021121 0.0136068 0.0755702 0.200478 0.177729 0.0527432 0.0373336 0.0318909 0.0142505 0.0149659 0.0166563 0.0217959 0.0798694 0.0677717 0.0528807 0.04013 0.0224614 0.0357745 0.0225083 0.00881397 0.00855152 0.00135912 0.000746735 0 0
 0 0 0 0 5.4009e-05 0.00500934 0.000945158 0.0243581 0.138947 0.33067 0.221406 0.137944 0.0707744 0.0437923 0.0131692 0.00525238 0.0047753 0.00276346 9.45158e-05 9.00151e-06 2.25038e-05 9.00151e-06 4.50075e-06 0 0 0
 0.000866109 0.00284123 0.00948549 0.0512746 0.133035 0.25785 0.225252 0.132002 0.0553304 0.0519788 0.0540692 0.017754 0.00435017 0.00159236 0.00146478 0.000404838 0.000125132 0.000115318 0.000107957 0.000100596 0 0 0 0 0 0
 0 0 0 0 0.00144013 0.00171154 0.00461396 0.0210425 0.0478622 0.0707936 0.0888783 0.103762 0.0637923 0.0337046 0.0602308 0.124433 0.169614 0.0934646 0.0462172 0.0250306 0.0313229 0.00938855 0.002487 0.000210481 0 0
 0 0.00764035 0.051015 0.0998891 0.058973 0.0496711 0.0374665 0.0718981 0.12319 0.153886 0.159021 0.0857701 0.0377988 0.023471 0.0147837 0.00900784 0.00315554 0.000888139 0.00291439 0.00214683 0.00393193 0.00274676 0.000635225 9.99891e-05 0 0
 0 0 0 0 0 0 0 0 0 0 0 0 0 0 0 0 0 0 0 0 0 0 0 0 0 0
 0 0 0 0 0 0 0 0 0 0 0 0 0 0 0 0 0 0 0 0 0 0 0 0 0 0
 0 0 0 0 0 0 0 0 0 0 0 0 0 0 0 0 0 0 0 0 0 0 0 0 0 0
 0 0 0 0 0 0 0 0 0 0 0 0 0 0 0 0 0 0 0 0 0 0 0 0 0 0
 0 0 0 0 0 0 0 0 0 0 0 0 0 0 0 0 0 0 0 0 0 0 0 0 0 0
 0 0 0 0 0 0 0 0 0 0 0 0 0 0 0 0 0 0 0 0 0 0 0 0 0 0
 0 0 0 0 0 0 0 0 0 0 0 0 0 0 0 0 0 0 0 0 0 0 0 0 0 0
ppred_pel_tallas
 1.16304e-16 3.25645e-05 0.000316538 0.00210351 0.00956225 0.0297517 0.0633896 0.0925211 0.0925314 0.0634401 0.0299233 0.010067 0.0034055 0.00327429 0.0059875 0.0107252 0.0174858 0.0262213 0.03674 0.0486938 0.0613298 0.0731288 0.0818012 0.0849751 0.081308 0.0712847
 1.32775e-16 3.35521e-05 0.000326138 0.0021673 0.00985227 0.0306542 0.0653128 0.0953307 0.0953534 0.0654239 0.0310277 0.0109333 0.00488917 0.00629733 0.0114653 0.0191576 0.0282423 0.037 0.0438389 0.0483729 0.0517782 0.0559509 0.0620337 0.0694321 0.0759954 0.0791309
 1.2996e-16 4.34881e-05 0.00042272 0.00280912 0.0127699 0.0397319 0.0846538 0.123559 0.123577 0.0847452 0.0400395 0.0136603 0.00505284 0.0053499 0.00948901 0.0158562 0.0234168 0.0307245 0.0363967 0.0399793 0.0422749 0.0447503 0.0484532 0.0532712 0.0579935 0.0609798
 1.10686e-16 6.29819e-05 0.000612207 0.00406833 0.018494 0.0575419 0.1226 0.17894 0.178952 0.122658 0.0577396 0.019066 0.00550702 0.00376335 0.00607927 0.0100366 0.014662 0.0189018 0.0217505 0.0228123 0.0225525 0.0219564 0.0218558 0.022445 0.023283 0.0236594
 1.06792e-16 5.36286e-05 0.00052129 0.00346415 0.0157476 0.0489966 0.104393 0.152371 0.152396 0.104519 0.0494188 0.0169673 0.00652669 0.00720979 0.0127655 0.0210443 0.0303733 0.0383392 0.0425295 0.0418637 0.0372462 0.0309452 0.0252069 0.0211763 0.0187545 0.0171698
 1.04591e-16 6.22307e-05 0.000604904 0.0040198 0.0182734 0.0568556 0.121137 0.176807 0.176822 0.121213 0.0571087 0.0190056 0.00586092 0.00463531 0.00774971 0.0127998 0.0186354 0.0238604 0.0270868 0.0276654 0.0260346 0.0233423 0.0206657 0.0184647 0.016595 0.0146946
 1.07606e-16 3.98306e-05 0.000387167 0.00257287 0.0116959 0.0363905 0.0775351 0.113173 0.11321 0.0777192 0.0370085 0.0134817 0.00705807 0.010187 0.0186771 0.030882 0.0446455 0.0564923 0.0629053 0.0622752 0.0558399 0.0467802 0.0382308 0.0317694 0.0272723 0.0237712
 1.1524e-16 3.6021e-05 0.000350137 0.00232678 0.0105772 0.0329099 0.0701189 0.102346 0.102373 0.0702487 0.0333463 0.0118418 0.00551548 0.00735926 0.0134894 0.0226158 0.0334484 0.0438987 0.0518234 0.0562004 0.0575925 0.0574357 0.0567864 0.0556173 0.0531297 0.0486128
 1.19954e-16 4.32412e-05 0.00042032 0.00279318 0.0126974 0.0395064 0.0841733 0.122858 0.122878 0.0842722 0.039839 0.0136607 0.00522121 0.00575454 0.0102751 0.0171894 0.0254098 0.0333666 0.0395195 0.0432647 0.0452723 0.0468635 0.0489212 0.0512229 0.052644 0.0519339
 1.14155e-16 5.49053e-05 0.000533699 0.00354662 0.0161224 0.0501629 0.106878 0.155995 0.156012 0.106961 0.0504416 0.0169286 0.00557512 0.00497804 0.00854406 0.0141692 0.0207244 0.0267602 0.0308656 0.0324741 0.0322139 0.031427 0.0312325 0.0318675 0.0327126 0.0328188
 1.05859e-16 6.46593e-05 0.000628511 0.00417668 0.0189866 0.0590744 0.125865 0.183706 0.18372 0.125932 0.0593017 0.0196437 0.00582787 0.00423902 0.00693955 0.0114182 0.0165585 0.0210769 0.0237199 0.0239369 0.0222076 0.0196913 0.0174831 0.0160581 0.0152329 0.0145108
 1.06159e-16 4.58029e-05 0.00044522 0.00295865 0.0134496 0.0418469 0.0891604 0.130139 0.130173 0.0893247 0.0423985 0.0150432 0.00696018 0.0091851 0.0166579 0.0275021 0.0396992 0.0501079 0.0555567 0.0545927 0.0483371 0.0396901 0.0315498 0.0254386 0.0213347 0.018403
 1.08867e-16 4.91192e-05 0.000477456 0.00317286 0.0144234 0.0448766 0.0956152 0.139558 0.13958 0.0957219 0.0452353 0.0154616 0.00578743 0.00621358 0.0110269 0.0183713 0.0269735 0.0349975 0.0405786 0.0428267 0.042262 0.0402577 0.0379845 0.0357483 0.0331401 0.0296611
 1.06806e-16 6.18049e-05 0.000600766 0.0039923 0.0181484 0.0564666 0.120309 0.175597 0.175611 0.120379 0.0567034 0.0188333 0.00571487 0.00437253 0.00725902 0.0119934 0.0174878 0.0224591 0.0256495 0.0265066 0.0254953 0.0237172 0.0221483 0.0211064 0.0202746 0.0191131
 1.05993e-16 5.44495e-05 0.000529269 0.00351718 0.0159886 0.0497466 0.105991 0.154702 0.154727 0.106111 0.0501494 0.0171524 0.0064399 0.00691461 0.0121965 0.0201176 0.029073 0.0367739 0.0409299 0.0405046 0.0363283 0.0305054 0.0251069 0.0211701 0.0185906 0.0166791
 1.01813e-16 7.42325e-05 0.000721566 0.00479506 0.0217977 0.0678207 0.144499 0.210902 0.210909 0.14453 0.0679245 0.0220978 0.00554975 0.00237328 0.00322359 0.00524444 0.00762428 0.00974894 0.0110439 0.011243 0.0105294 0.00938147 0.00825024 0.00733194 0.00657024 0.00581358
 1.03659e-16 3.25554e-05 0.00031645 0.00210293 0.00955963 0.0297438 0.0633743 0.0925077 0.0925602 0.0636307 0.0306045 0.0120447 0.00833787 0.013918 0.0258368 0.0425901 0.0611821 0.0765888 0.0837127 0.0802118 0.0679164 0.0516294 0.0363084 0.0248027 0.0174386 0.0130488
 1.0243e-16 7.3748e-05 0.000716857 0.00476376 0.0216554 0.0673779 0.143556 0.209525 0.209529 0.143576 0.067445 0.0218502 0.0052566 0.00180549 0.00217861 0.00358223 0.00537939 0.00723519 0.00884623 0.0100488 0.0108638 0.0113875 0.0116317 0.0114749 0.0107659 0.00947469
 1.02984e-16 5.24053e-05 0.000509399 0.00338513 0.0153883 0.047879 0.102012 0.148897 0.148928 0.102166 0.0483931 0.0168727 0.00710906 0.00863196 0.015459 0.0254234 0.0365026 0.0456674 0.0498773 0.0477552 0.0404322 0.0308207 0.0219102 0.0153912 0.0113981 0.00913856
 1.07037e-16 4.36437e-05 0.000424233 0.00281918 0.0128156 0.0398742 0.0849573 0.124004 0.124033 0.0850991 0.0403508 0.0141943 0.00628816 0.00802417 0.0145566 0.024202 0.035338 0.0454309 0.0518858 0.0534425 0.0508145 0.045991 0.0408283 0.0361038 0.0316081 0.0268715
 1.09587e-16 5.32879e-05 0.000517977 0.00344214 0.0156475 0.0486852 0.10373 0.1514 0.151418 0.103819 0.048984 0.0165122 0.00561976 0.0052951 0.00919516 0.0153003 0.0224697 0.0291809 0.0339156 0.0359901 0.0359079 0.0348661 0.0338338 0.0329675 0.031739 0.0295098
 1.07656e-16 5.84595e-05 0.000568247 0.0037762 0.0171661 0.0534101 0.113797 0.166093 0.166111 0.113885 0.0537082 0.0180278 0.00594218 0.00530612 0.00908512 0.0150037 0.0217926 0.0278069 0.0314209 0.0319201 0.0299205 0.026903 0.0242414 0.022491 0.0213634 0.0202014
 1.12215e-16 2.99688e-05 0.000291307 0.00193584 0.00880008 0.0273805 0.0583388 0.0851563 0.0851999 0.0585519 0.0280966 0.0108695 0.00713532 0.0116583 0.0216667 0.0359016 0.0520231 0.0660805 0.0740634 0.0741445 0.0677383 0.0584371 0.0497181 0.0432321 0.0386844 0.0348658
 1.07233e-16 6.58828e-05 0.000640405 0.00425571 0.0193459 0.0601922 0.128246 0.18718 0.187188 0.128281 0.0603101 0.0196883 0.00512179 0.0025529 0.00376249 0.00628534 0.00944677 0.012722 0.0156126 0.0178862 0.0196539 0.0211537 0.0224298 0.023207 0.0230598 0.0217122
 1.06173e-16 5.35188e-05 0.000520221 0.00345706 0.0157153 0.0488962 0.10418 0.152059 0.152086 0.104311 0.049339 0.0169941 0.00666656 0.00752549 0.0133552 0.0219893 0.031666 0.0398252 0.0439139 0.0428025 0.0374844 0.0304228 0.0240703 0.0196978 0.0172126 0.0157566
 1.09942e-16 3.77592e-05 0.000367033 0.00243907 0.0110877 0.034498 0.0735029 0.107287 0.107321 0.0736695 0.0350579 0.0127068 0.0065111 0.00928234 0.0170459 0.0283203 0.0412593 0.0528613 0.0600619 0.0614141 0.0578615 0.0519088 0.0459125 0.0408881 0.0365487 0.0321501
 1.08265e-16 6.10369e-05 0.0005933 0.00394269 0.0179229 0.0557648 0.118813 0.173414 0.173425 0.11887 0.0559553 0.0184746 0.00533405 0.00365204 0.00593345 0.00987982 0.014622 0.0192284 0.022788 0.0248927 0.0258278 0.0262428 0.0265807 0.0267544 0.0262899 0.0247367
 1.06295e-16 5.77605e-05 0.000561453 0.00373105 0.0169608 0.0527715 0.112436 0.164108 0.16413 0.11254 0.053122 0.0179732 0.00627321 0.00611426 0.0106137 0.0174834 0.0252512 0.031917 0.0354964 0.0351127 0.0315297 0.026625 0.0222299 0.0192332 0.0174761 0.0162518
 1.1075e-16 3.0938e-05 0.000300728 0.00199845 0.00908467 0.028266 0.0602253 0.0879094 0.0879518 0.0604322 0.028961 0.0110937 0.00704746 0.0113431 0.0210621 0.0349278 0.0506805 0.064509 0.0725298 0.0729406 0.0670326 0.05817 0.0496061 0.0428846 0.0377695 0.0332428
 1.19229e-16 3.68181e-05 0.000357885 0.00237827 0.0108113 0.0336381 0.0716702 0.104609 0.104629 0.0717699 0.033974 0.0117863 0.00484326 0.00579762 0.0105409 0.0178235 0.0267447 0.0359001 0.0438519 0.0499299 0.0544756 0.0582273 0.061394 0.0632683 0.0626839 0.0588579
 1.08149e-16 6.83422e-05 0.000664311 0.00441458 0.020068 0.0624391 0.133033 0.194168 0.194175 0.13307 0.0625607 0.0204198 0.00530054 0.00260835 0.00379063 0.00624046 0.0091831 0.0119893 0.0140882 0.0152758 0.0158436 0.0163459 0.0171774 0.0182939 0.0192585 0.0195236
pSPR Fmed_Fpbrs
0.867355   0.6 0.325
Fs Fmed_Fpbrs
0.065713   0.248967 0.595728
SSBpbr Bo_Bmed_Bpbrs
4.77949e+06  3.90654e+06  2.62872e+06 1.31436e+06
Ro
457148
SPR SPRFo_SPRFmed_SPRFpbrs
3.26295e+06 2.83014e+06 1.06046e+06
Fref
0.248967
Nvult_r0
 573214 52586.7 24436.4 28486.5 12136.4
CTP_r0
 29510.5 2707.3 1258.05 1466.56 624.811
YTP_r0
391294
Np
 671660 192633 87918.2 8065.62 4822.93
Nvult_p0
 479027 137385 62703.2 5752.39 3439.71
CTP_p0
 95488.7 43581.4 3998.16 1857.9 2920.49
 95488.7 27386.2 12499.2 1146.67 685.667
YTP_p0
 1.64397e+06 1.49033e+06
CBA_c0
1.59788e+06
log_Ro
12.8528
likeval ReclasPelacesDesembMPH_pf_preclas_ppelaces_ptallas_desvR_qrecl_qpela
 20.4885 18.2121 0.164628 68.6565 246.041 126.572 99.5206 0 20.9755 8.21142e-05 6.08218e-05 0.826362 8.62454e-16 0 0
q_reclas_q_pelaces
0.276906 0.329711
M
1
N
 438285 109590 534626 26099.8 0.744117
 269829 155210 38808.9 189327 9242.99
 254887 92825.3 53394.5 13350.8 68311.1
 540986 87919.4 32018.7 18417.7 28168.1
 442537 181340 29470.9 10732.8 15615.7
 748972 157802 64663.3 10508.9 9395.47
 321140 259119 54594.2 22371.3 6886.23
 167926 104483 84304.4 17762.2 9518.94
 153388 60697.1 37765.5 30472 9860.82
 200991 52778.1 20884.8 12994.4 13877.8
 373292 68151.3 17895.8 7081.55 9111.74
 214518 134436 24543.8 6444.94 5831.8
 183495 69069.8 43285.3 7902.54 3952.83
 293130 58160.7 21892.4 13719.8 3757.69
 235433 90581.4 17972.5 6765.07 5400.78
 1.06905e+06 77455.8 29800.6 5912.8 4002.47
 254919 351527 25469.2 9799.11 3260.37
 1.88187e+06 86944.7 119894 8686.73 4454.17
 1.25671e+06 643336 29722.9 40987.1 4492.34
 742501 419160 214577 9913.73 15169.1
 866782 250639 141492 72432.8 8466.98
 1.11763e+06 295715 85509.1 48272 27600.1
 295047 366140 96877.8 28013.2 24856.1
 1.11095e+06 101144 125515 33210.2 18123.9
 900897 388441 35364.7 43886 17948.9
 410413 315043 135837 12367 21623.6
 905405 145057 111350 48010.7 12013.7
 1.00614e+06 317643 50890.4 39064.7 21058.3
 304710 355212 112142 17966.5 21226.1
 231618 107630 125469 39610.9 13843.7
 879762 80709.4 37504.7 43720.7 18626.7
pred_Ctot
 10387.3 2597.24 12670.5 618.559 0.0176354
 11125.5 6399.56 1600.16 7806.27 381.104
 10101.9 3678.92 2116.17 529.131 2707.36
 30606.7 4974.1 1811.48 1041.99 1593.63
 8610.17 3528.23 573.397 208.821 303.825
 28342.9 5971.6 2447.01 397.681 355.547
 23705 19126.9 4029.88 1651.34 508.308
 1857.32 1155.62 932.437 196.457 105.283
 6306.36 2495.49 1552.68 1252.82 405.416
 10014.1 2629.59 1040.56 647.43 691.442
 4974.88 908.257 238.499 94.3763 121.433
 17104.9 10719.5 1957.04 513.897 465.007
 16250.7 6116.99 3833.46 699.869 350.073
 30074.2 5967.08 2246.09 1407.6 385.526
 15875.8 6108.1 1211.92 456.183 364.186
 72404.9 5245.96 2018.35 400.465 271.082
 11817 16295.4 1180.65 454.248 151.138
 84644.3 3910.67 5392.7 390.719 200.343
 74750.9 38266.7 1767.96 2437.98 267.212
 38955.1 21991.1 11257.7 520.121 795.845
 40034.7 11576.4 6535.18 3345.51 391.07
 78078.9 20659.1 5973.79 3372.35 1928.19
 12785.5 15866.3 4198.1 1213.92 1077.11
 34947 3181.67 3948.31 1044.69 570.123
 28259.7 12184.8 1109.33 1376.63 563.028
 10214.5 7840.89 3380.76 307.794 538.175
 26628.7 4266.26 3274.89 1412.04 353.334
 25734.7 8124.56 1301.66 999.183 538.623
 7700.15 8976.37 2833.87 454.022 536.392
 7763.35 3607.54 4205.45 1327.68 464.011
 29510.5 2707.3 1258.05 1466.56 624.811
F
 0.038092 0.038092 0.038092 0.038092 0.038092
 0.0670702 0.0670702 0.0670702 0.0670702 0.0670702
 0.0643983 0.0643983 0.0643983 0.0643983 0.0643983
 0.0930183 0.0930183 0.0930183 0.0930183 0.0930183
 0.0311822 0.0311822 0.0311822 0.0311822 0.0311822
 0.0614134 0.0614134 0.0614134 0.0614134 0.0614134
 0.122854 0.122854 0.122854 0.122854 0.122854
 0.0176264 0.0176264 0.0176264 0.0176264 0.0176264
 0.0668731 0.0668731 0.0668731 0.0668731 0.0668731
 0.0815309 0.0815309 0.0815309 0.0815309 0.0815309
 0.021271 0.021271 0.021271 0.021271 0.021271
 0.133275 0.133275 0.133275 0.133275 0.133275
 0.148976 0.148976 0.148976 0.148976 0.148976
 0.174368 0.174368 0.174368 0.174368 0.174368
 0.111721 0.111721 0.111721 0.111721 0.111721
 0.112236 0.112236 0.112236 0.112236 0.112236
 0.075674 0.075674 0.075674 0.075674 0.075674
 0.0733555 0.0733555 0.0733555 0.0733555 0.0733555
 0.0979961 0.0979961 0.0979961 0.0979961 0.0979961
 0.0860113 0.0860113 0.0860113 0.0860113 0.0860113
 0.0753903 0.0753903 0.0753903 0.0753903 0.0753903
 0.115946 0.115946 0.115946 0.115946 0.115946
 0.0705924 0.0705924 0.0705924 0.0705924 0.0705924
 0.0508277 0.0508277 0.0508277 0.0508277 0.0508277
 0.0506815 0.0506815 0.0506815 0.0506815 0.0506815
 0.0400346 0.0400346 0.0400346 0.0400346 0.0400346
 0.0474553 0.0474553 0.0474553 0.0474553 0.0474553
 0.0411628 0.0411628 0.0411628 0.0411628 0.0411628
 0.0406598 0.0406598 0.0406598 0.0406598 0.0406598
 0.0542341 0.0542341 0.0542341 0.0542341 0.0542341
 0.0542769 0.0542769 0.0542769 0.0542769 0.0542769
YTP_r0W_actual
 244937 38172.9 34722.2 50156.3 23305.5
YTP_p0W_proyectada
 715210 682920 92477.4 54566.4 98800.2
 715210 429142 289106 33677.8 23196.1
CTP_r0_actual
 29510.5 2707.3 1258.05 1466.56 624.811
CTP_p0_proyectada
 95488.7 43581.4 3998.16 1857.9 2920.49
 95488.7 27386.2 12499.2 1146.67 685.667
Wmedp
 7.49 15.67 23.13 29.37 33.83
Frms_r0
 0.0542769 0.0542769 0.0542769 0.0542769 0.0542769
Zrms_r0
 1.05428 1.05428 1.05428 1.05428 1.05428
nmprior
 8.19 8.8 8.5 0
nm_flota  nm_reclas  nm_pelaces    nm_pelaL
inf 10.4118 16.3001 37.6572
cv_recla  cv_pelaces  cv_mph
0.409431 0.483896 0.767127
 ------------------------------------------------
Talla a la edad & desviaci?n 
 8 13.2811 15.8009 17.003 17.5766
 0.8 1.32811 1.58009 1.7003 1.75766
