years
 1991 1992 1993 1994 1995 1996 1997 1998 1999 2000 2001 2002 2003 2004 2005 2006 2007 2008 2009 2010 2011 2012 2013 2014 2015 2016 2017 2018 2019 2020 2021
reclasobs
 0 0 0 0 0 0 0 0 0 252601 567819 844713 477998 351125 339783 2.1784e+06 2.13404e+06 4.81314e+06 1.55562e+06 2.62356e+06 3.21686e+06 3.843e+06 1.13348e+06 3.07943e+06 1.97215e+06 2.03268e+06 2.025e+06 2.42433e+06 2.27542e+06 1.05018e+06 2.36338e+06
reclaspred
 3.44597e+06 2.02165e+06 1.03152e+06 1.02037e+06 1.02931e+06 1.56675e+06 1.1848e+06 1.11275e+06 841087 663909 654824 625175 513520 581071 594009 1.21234e+06 1.24794e+06 2.68036e+06 2.54069e+06 1.92766e+06 2.90182e+06 1.94969e+06 1.56217e+06 2.7126e+06 2.17961e+06 1.98961e+06 2.32021e+06 2.40442e+06 2.06339e+06 1.38527e+06 1.90777e+06
pelacesobs
 0 0 0 0 0 0 0 0 0 0 0 0 0 0 0 552880 188675 0 991730 2.46772e+06 1.41603e+06 1.21717e+06 2.29649e+06 1.80582e+06 0 1.4828e+06 1.56532e+06 1.57751e+06 1.42118e+06 867257 1.10002e+06
pelacespred
 2.00064e+06 1.33773e+06 707781 567425 562706 888325 678389 700505 546373 421094 409554 342634 304999 385821 384737 638167 650236 1.5604e+06 1.5784e+06 1.15008e+06 1.50983e+06 1.24556e+06 927633 1.71517e+06 1.32827e+06 1.20531e+06 1.59566e+06 1.63923e+06 1.15975e+06 895553 1.22742e+06
mphobs
 0 0 0 0 0 0 0 0 0 0 0 498337 0 5186 125008 0 168611 109162 213762 579715 649985 157893 87575 83554 0 0 0 0 0 0 0
mphpred
 505958 343081 181422 97253.9 110377 120465 165293 128646 110355 84347.7 60382.3 75128.1 63426.8 46442.4 51120 62210.6 142831 142444 272875 248581 261700 253876 202125 167401 269772 235567 200240 210301 282478 204256 134672
desembarqueobs
 494567 514787 250237 358949 120608 361735 552515 73892 212993 205616 52469 317467 293654 387597 252695 516296 358380 742168 942051 627588 828172 859565 418607 520667 417249 300574 415391 372974 316634 284311 391294
desembarquepred
 494569 512797 251271 358955 120609 361738 552530 73892.8 213006 205625 52469 317553 293763 387594 252696 516295 358397 742139 941954 627551 828246 859658 418622 520672 417248 300575 415391 372970 316633 284315 391294
Reclutas
 415930 256003 241178 511752 418092 707856 303177 157854 144169 188995 351208 202204 172478 278591 221745 1.00889e+06 239419 1.7768e+06 1.18867e+06 702644 817399 1.05538e+06 277740 1.04479e+06 847893 385876 851113 945747 286505 217639 826345
log_desv_Rt
 -0.0356506 -0.520976 -0.580634 0.171673 -0.0304646 0.496073 -0.351852 -1.0045 -1.09518 -0.824446 -0.20479 -0.756888 -0.9159 -0.436422 -0.664639 0.850443 -0.587954 1.4164 1.01443 0.488683 0.63996 0.89549 -0.439482 0.885402 0.676588 -0.11065 0.680377 0.785807 -0.408411 -0.68333 0.650845
SSB
 1.05245e+07 7.13645e+06 3.77376e+06 2.02298e+06 2.29596e+06 2.5058e+06 3.43827e+06 2.67597e+06 2.29551e+06 1.75452e+06 1.25602e+06 1.56274e+06 1.31934e+06 966051 1.06335e+06 1.29405e+06 2.97103e+06 2.96299e+06 5.67609e+06 5.17074e+06 5.44364e+06 5.28088e+06 4.20441e+06 3.48213e+06 5.61153e+06 4.90004e+06 4.1652e+06 4.37448e+06 5.87584e+06 4.24874e+06 2.80131e+06
BT
 1.34294e+07 9.21371e+06 4.86349e+06 3.99839e+06 3.75393e+06 6.08602e+06 4.90863e+06 4.6178e+06 3.76285e+06 2.93842e+06 2.70855e+06 2.50306e+06 2.26117e+06 2.92314e+06 2.75767e+06 4.57466e+06 4.51368e+06 1.08057e+07 1.11713e+07 8.05488e+06 1.04763e+07 8.95983e+06 6.41052e+06 1.16445e+07 9.01663e+06 8.10502e+06 1.08004e+07 1.10333e+07 7.803e+06 6.09891e+06 8.35874e+06
Ftot
 0.0406689 0.0716842 0.068858 0.0991755 0.0332244 0.0652861 0.13109 0.0188518 0.071571 0.0874073 0.0227396 0.14263 0.160366 0.186524 0.119708 0.119835 0.0810953 0.0782036 0.104471 0.091839 0.0805993 0.124024 0.0757046 0.0543272 0.0541825 0.0428008 0.050688 0.0439429 0.0434729 0.0580716 0.0580333
BD_Bspro_t
 0.993514 0.949198 0.889 0.847421 0.844674 0.87722 0.876555 0.814911 0.843602 0.834828 0.827397 0.893207 0.807494 0.731882 0.732176 0.763306 0.82194 0.814815 0.864486 0.83226 0.811809 0.808536 0.796422 0.79672 0.875346 0.882193 0.887326 0.90223 0.919228 0.894662 0.869504
BD_Bspro
 3.42093 2.31967 1.22664 0.657561 0.746291 0.814497 1.11759 0.869809 0.746144 0.570298 0.408262 0.507962 0.428847 0.31401 0.345636 0.420623 0.965718 0.963104 1.84498 1.68072 1.76943 1.71652 1.36662 1.13185 1.824 1.59273 1.35388 1.4219 1.90991 1.38103 0.910552
BD_Bo
 2.33486 1.58322 0.837211 0.4488 0.50936 0.555912 0.762782 0.593664 0.50926 0.389241 0.278648 0.346696 0.292697 0.214319 0.235905 0.287085 0.659124 0.65734 1.25924 1.14713 1.20767 1.17157 0.932751 0.772511 1.24492 1.08708 0.924053 0.970481 1.30356 0.942584 0.621472
BD_Brms
 4.2452 2.87859 1.5222 0.816 0.92611 1.01075 1.38688 1.07939 0.925927 0.707711 0.506632 0.630356 0.532177 0.389671 0.428917 0.521972 1.19841 1.19516 2.28953 2.08569 2.19577 2.13012 1.69591 1.40457 2.26349 1.9765 1.6801 1.76451 2.37011 1.71379 1.12995
Sel_flota
 1 1 1 1 1
 1 1 1 1 1
 1 1 1 1 1
 1 1 1 1 1
 1 1 1 1 1
 1 1 1 1 1
 1 1 1 1 1
 1 1 1 1 1
 1 1 1 1 1
 1 1 1 1 1
 1 1 1 1 1
 1 1 1 1 1
 1 1 1 1 1
 1 1 1 1 1
 1 1 1 1 1
 1 1 1 1 1
 1 1 1 1 1
 1 1 1 1 1
 1 1 1 1 1
 1 1 1 1 1
 1 1 1 1 1
 1 1 1 1 1
 1 1 1 1 1
 1 1 1 1 1
 1 1 1 1 1
 1 1 1 1 1
 1 1 1 1 1
 1 1 1 1 1
 1 1 1 1 1
 1 1 1 1 1
 1 1 1 1 1
Sel_reclas
 1 1 1 1 1
 1 1 1 1 1
 1 1 1 1 1
 1 1 1 1 1
 1 1 1 1 1
 1 1 1 1 1
 1 1 1 1 1
 1 1 1 1 1
 1 1 1 1 1
 1 1 1 1 1
 1 1 1 1 1
 1 1 1 1 1
 1 1 1 1 1
 1 1 1 1 1
 1 1 1 1 1
 1 1 1 1 1
 1 1 1 1 1
 1 1 1 1 1
 1 1 1 1 1
 1 1 1 1 1
 1 1 1 1 1
 1 1 1 1 1
 1 1 1 1 1
 1 1 1 1 1
 1 1 1 1 1
 1 1 1 1 1
 1 1 1 1 1
 1 1 1 1 1
 1 1 1 1 1
 1 1 1 1 1
 1 1 1 1 1
Sel_pelaces
 1 1 1 1 1
 1 1 1 1 1
 1 1 1 1 1
 1 1 1 1 1
 1 1 1 1 1
 1 1 1 1 1
 1 1 1 1 1
 1 1 1 1 1
 1 1 1 1 1
 1 1 1 1 1
 1 1 1 1 1
 1 1 1 1 1
 1 1 1 1 1
 1 1 1 1 1
 1 1 1 1 1
 1 1 1 1 1
 1 1 1 1 1
 1 1 1 1 1
 1 1 1 1 1
 1 1 1 1 1
 1 1 1 1 1
 1 1 1 1 1
 1 1 1 1 1
 1 1 1 1 1
 1 1 1 1 1
 1 1 1 1 1
 1 1 1 1 1
 1 1 1 1 1
 1 1 1 1 1
 1 1 1 1 1
 1 1 1 1 1
pf_obs 
 0.8446 0.082 0.0669 0.0065 0
 0.8095 0.147 0.0364 0.0071 0
 0.9664 0.0169 0.016 0.0007 0
 0.9276 0.0648 0.0075 0.0001 0
 0.7033 0.2144 0.0806 0.0017 0
 0.9318 0.0425 0.0243 0.0014 0
 0.5671 0.3108 0.0964 0.0239 0.0018
 0.0768 0.2599 0.5324 0.112 0.0189
 0.490249 0.384438 0.106611 0.0170017 0.00170017
 0.7925 0.1577 0.0466 0.003 0.0002
 0.840416 0.127587 0.0312969 0.00059994 9.999e-05
 0.8084 0.0986 0.0794 0.0134 0.0002
 0.7335 0.1905 0.0724 0.0035 0.0001
 0.4001 0.4547 0.1325 0.0127 0
 0.49795 0.308269 0.164784 0.0264974 0.00249975
 0.9179 0.0499 0.0305 0.0017 0
 0.2467 0.6533 0.0926 0.0074 0
 0.9418 0.0223 0.034 0.0019 0
 0.707729 0.231977 0.0356964 0.0245975 0
 0.517169 0.277429 0.184464 0.0207286 0.00020938
 0.811772 0.124168 0.05621 0.00726502 0.000585176
 0.764997 0.148141 0.077277 0.00933861 0.000247198
 0.163321 0.427699 0.378323 0.0303852 0.000271297
 0.753843 0.0900009 0.118128 0.0371064 0.000921714
 0.721811 0.176058 0.0630433 0.0369309 0.00215725
 0.143369 0.312575 0.442814 0.0836902 0.0175525
 0.692698 0.0596174 0.167031 0.0765114 0.00414204
 0.394062 0.376323 0.152708 0.0712218 0.00568511
 0.125707 0.32114 0.495352 0.0537591 0.00404204
 0.23352 0.215282 0.420074 0.123614 0.00750983
 0.796117 0.104755 0.0508955 0.0450114 0.00322123
pf_pred 
 0.398418 0.0993973 0.47867 0.0235142 6.72097e-07
 0.409771 0.235158 0.0586671 0.282525 0.0138792
 0.529932 0.192621 0.11054 0.0275775 0.13933
 0.766053 0.123976 0.0450629 0.0258605 0.0390475
 0.652611 0.266119 0.0430679 0.0156544 0.0225483
 0.75639 0.158983 0.0648292 0.0104918 0.00930657
 0.484546 0.389885 0.0819483 0.0334165 0.0102051
 0.438784 0.271935 0.21881 0.0459907 0.0244812
 0.526081 0.207948 0.128875 0.103698 0.0333979
 0.668189 0.174559 0.0689993 0.0427621 0.0454899
 0.786487 0.142667 0.0372707 0.0147322 0.0188429
 0.557362 0.348129 0.0631498 0.0164974 0.0148616
 0.598466 0.2238 0.139786 0.0253568 0.0125917
 0.755185 0.146514 0.0547896 0.0342217 0.00929037
 0.663184 0.254358 0.0493481 0.018454 0.0146556
 0.902392 0.0647322 0.0248275 0.00481679 0.00323177
 0.396213 0.544852 0.0390845 0.0149905 0.00485961
 0.896567 0.0409816 0.0563558 0.00404263 0.00205316
 0.638081 0.324484 0.014832 0.0203962 0.00220618
 0.532315 0.298421 0.151757 0.00693671 0.0105708
 0.648533 0.187091 0.104885 0.0533375 0.00615332
 0.711583 0.187048 0.0539602 0.0302507 0.0171581
 0.365583 0.45144 0.118666 0.0342333 0.030077
 0.801282 0.0726479 0.0897092 0.0235811 0.0127796
 0.651121 0.27955 0.0253453 0.0312976 0.0126855
 0.45956 0.351892 0.15108 0.0136976 0.0237702
 0.741991 0.118571 0.0907914 0.0389801 0.00966705
 0.70218 0.22098 0.0353127 0.0270395 0.0144881
 0.376638 0.437712 0.13775 0.0220126 0.0258867
 0.448208 0.207826 0.241526 0.0760096 0.0264305
 0.830581 0.0759351 0.0352098 0.0409192 0.0173553
pobs_RECLAS
 0 0 0 0 0
 0 0 0 0 0
 0 0 0 0 0
 0 0 0 0 0
 0 0 0 0 0
 0 0 0 0 0
 0 0 0 0 0
 0 0 0 0 0
 0 0 0 0 0
 0 0 0 0 0
 0.991045 0.00858322 0.000360255 1.14367e-05 0
 0.934742 0.0480273 0.0164251 0.00080598 0
 0.827803 0.169806 0.00239088 0 0
 0.941827 0.0461693 0.0120037 0 0
 0.791401 0.0380133 0.147996 0.0225897 0
 0.846168 0.0940531 0.0597789 0 0
 0.134021 0.677848 0.182769 0.00536245 0
 0.80878 0.0450904 0.141981 0.00414843 0
 0.846168 0.0940531 0.0597789 0 0
 0.905697 0.0802665 0.012482 0.00150086 5.37128e-05
 0.989698 0.0102097 9.19794e-05 0 0
 0.975433 0.0193895 0.00387452 0.00125025 5.28907e-05
 0.303575 0.632131 0.0575291 0.00676475 0
 0.966965 0.00978017 0.0227588 0.000495775 0
 0.843318 0.132988 0.00938335 0.0141283 0.000182051
 0.564624 0.303363 0.111486 0.0197234 0.00080311
 0.826376 0.0876187 0.0782897 0.00655872 0.00115652
 0.89761 0.0855135 0.0140674 0.00269457 0.000114338
 0.34875 0.467042 0.161289 0.0227151 0.000203297
 0.318654 0.224769 0.449479 0.00709798 0
 0.937255 0.0296025 0.0250945 0.00804832 0
ppred_RECLAS
 0.398418 0.0993973 0.47867 0.0235142 6.72097e-07
 0.409771 0.235158 0.0586671 0.282525 0.0138792
 0.529932 0.192621 0.11054 0.0275775 0.13933
 0.766053 0.123976 0.0450629 0.0258605 0.0390475
 0.652611 0.266119 0.0430679 0.0156544 0.0225483
 0.75639 0.158983 0.0648292 0.0104918 0.00930657
 0.484546 0.389885 0.0819483 0.0334165 0.0102051
 0.438784 0.271935 0.21881 0.0459907 0.0244812
 0.526081 0.207948 0.128875 0.103698 0.0333979
 0.668189 0.174559 0.0689993 0.0427621 0.0454899
 0.786487 0.142667 0.0372707 0.0147322 0.0188429
 0.557362 0.348129 0.0631498 0.0164974 0.0148616
 0.598466 0.2238 0.139786 0.0253568 0.0125917
 0.755185 0.146514 0.0547896 0.0342217 0.00929037
 0.663184 0.254358 0.0493481 0.018454 0.0146556
 0.902392 0.0647322 0.0248275 0.00481679 0.00323177
 0.396213 0.544852 0.0390845 0.0149905 0.00485961
 0.896567 0.0409816 0.0563558 0.00404263 0.00205316
 0.638081 0.324484 0.014832 0.0203962 0.00220618
 0.532315 0.298421 0.151757 0.00693671 0.0105708
 0.648533 0.187091 0.104885 0.0533375 0.00615332
 0.711583 0.187048 0.0539602 0.0302507 0.0171581
 0.365583 0.45144 0.118666 0.0342333 0.030077
 0.801282 0.0726479 0.0897092 0.0235811 0.0127796
 0.651121 0.27955 0.0253453 0.0312976 0.0126855
 0.45956 0.351892 0.15108 0.0136976 0.0237702
 0.741991 0.118571 0.0907914 0.0389801 0.00966705
 0.70218 0.22098 0.0353127 0.0270395 0.0144881
 0.376638 0.437712 0.13775 0.0220126 0.0258867
 0.448208 0.207826 0.241526 0.0760096 0.0264305
 0.830581 0.0759351 0.0352098 0.0409192 0.0173553
pobs_PELACES
 0 0 0 0 0
 0 0 0 0 0
 0 0 0 0 0
 0 0 0 0 0
 0 0 0 0 0
 0 0 0 0 0
 0 0 0 0 0
 0 0 0 0 0
 0 0 0 0 0
 0 0 0 0 0
 0 0 0 0 0
 0 0 0 0 0
 0 0 0 0 0
 0 0 0 0 0
 0 0 0 0 0
 0 0 0 0 0
 0.505614 0.472636 0.0217494 0 0
 0 0 0 0 0
 0.443492 0.261883 0.143347 0.151278 0
 0.227955 0.32914 0.350689 0.0885471 0.00366901
 0.970185 0.0296113 0.000203453 0 0
 0.997202 0.00247181 0.000326279 0 0
 0.445219 0.490057 0.0546422 0.010081 0
 0.90214 0.0892962 0.00764917 0.000914606 0
 0 0 0 0 0
 0.581667 0.319106 0.0959925 0.00289975 0.000334073
 0.762889 0.0836404 0.116647 0.0363945 0.000428098
 0.88444 0.0763242 0.0277011 0.0115352 0
 0.521256 0.241999 0.230069 0.00667565 0
 0.616807 0.101726 0.260614 0.0208532 0
 0.833518 0.0704572 0.0857862 0.0102388 0
ppred_PELACES
 0.398418 0.0993973 0.47867 0.0235142 6.72097e-07
 0.409771 0.235158 0.0586671 0.282525 0.0138792
 0.529932 0.192621 0.11054 0.0275775 0.13933
 0.766053 0.123976 0.0450629 0.0258605 0.0390475
 0.652611 0.266119 0.0430679 0.0156544 0.0225483
 0.75639 0.158983 0.0648292 0.0104918 0.00930657
 0.484546 0.389885 0.0819483 0.0334165 0.0102051
 0.438784 0.271935 0.21881 0.0459907 0.0244812
 0.526081 0.207948 0.128875 0.103698 0.0333979
 0.668189 0.174559 0.0689993 0.0427621 0.0454899
 0.786487 0.142667 0.0372707 0.0147322 0.0188429
 0.557362 0.348129 0.0631498 0.0164974 0.0148616
 0.598466 0.2238 0.139786 0.0253568 0.0125917
 0.755185 0.146514 0.0547896 0.0342217 0.00929037
 0.663184 0.254358 0.0493481 0.018454 0.0146556
 0.902392 0.0647322 0.0248275 0.00481679 0.00323177
 0.396213 0.544852 0.0390845 0.0149905 0.00485961
 0.896567 0.0409816 0.0563558 0.00404263 0.00205316
 0.638081 0.324484 0.014832 0.0203962 0.00220618
 0.532315 0.298421 0.151757 0.00693671 0.0105708
 0.648533 0.187091 0.104885 0.0533375 0.00615332
 0.711583 0.187048 0.0539602 0.0302507 0.0171581
 0.365583 0.45144 0.118666 0.0342333 0.030077
 0.801282 0.0726479 0.0897092 0.0235811 0.0127796
 0.651121 0.27955 0.0253453 0.0312976 0.0126855
 0.45956 0.351892 0.15108 0.0136976 0.0237702
 0.741991 0.118571 0.0907914 0.0389801 0.00966705
 0.70218 0.22098 0.0353127 0.0270395 0.0144881
 0.376638 0.437712 0.13775 0.0220126 0.0258867
 0.448208 0.207826 0.241526 0.0760096 0.0264305
 0.830581 0.0759351 0.0352098 0.0409192 0.0173553
pobs_pel_tallas
 0 0 0 0 0 0 0 0 0 0 0 0 0 0 0 0 0 0 0 0 0 0 0 0 0 0
 0 0 0 0 0 0 0 0 0 0 0 0 0 0 0 0 0 0 0 0 0 0 0 0 0 0
 0 0 0 0 0 0 0 0 0 0 0 0 0 0 0 0 0 0 0 0 0 0 0 0 0 0
 0 0 0 0 0 0 0 0 0 0 0 0 0 0 0 0 0 0 0 0 0 0 0 0 0 0
 0 0 0 0 0 0 0 0 0 0 0 0 0 0 0 0 0 0 0 0 0 0 0 0 0 0
 0 0 0 0 0 0 0 0 0 0 0 0 0 0 0 0 0 0 0 0 0 0 0 0 0 0
 0 0 0 0 0 0 0 0 0 0 0 0 0 0 0 0 0 0 0 0 0 0 0 0 0 0
 0 0 0 0 0 0 0 0 0 0 0 0 0 0 0 0 0 0 0 0 0 0 0 0 0 0
 0 0 0 0 0 0 0 0 0 0 0 0 0 0 0 0 0 0 0 0 0 0 0 0 0 0
 0 0 0 0 0 0 0 0 0 0 0 0 0 0 0 0 0 0 0 0 0 0 0 0 0 0
 0 0 0 0 0 0 0 0 0 0 0 0 0 0 0 0 0 0 0 0 0 0 0 0 0 0
 0 0 0 0 0 0 0 0 0 0 0 0 0 0 0 0 0 0 0 0 0 0 0 0 0 0
 0.00862536 0 0 0.000197151 0.00414017 0.0128641 0.00837892 0.0270097 0.101434 0.158115 0.152841 0.127902 0.109271 0.109419 0.0830992 0.0579132 0.0238553 0.00714673 0.00463305 0.00128148 0.00103504 0.000492878 0.000147863 0.000147863 4.92878e-05 0
 0 0 0 0 0 0 0 0 0 0 0 0 0 0 0 0 0 0 0 0 0 0 0 0 0 0
 0 0 0 0 0 0 0 0.0054083 0.00873648 0.0413646 0.0450493 0.0745869 0.0622846 0.0627006 0.0613931 0.0827291 0.12552 0.122667 0.0946155 0.0697135 0.0546179 0.0294188 0.0215738 0.0213955 0.0102223 0.00600262
 0 0 0 0 0.00359764 0.0251062 0.0480494 0.140153 0.205849 0.193036 0.1447 0.116669 0.0760912 0.0342217 0.00950174 0.001854 0.000860785 0 0 0 0.000165536 0 0.000143464 0 0 0
 0 0 0 0 0 0 0 0.000145254 0.000435761 0.0275982 0.070085 0.0708112 0.156366 0.174668 0.174014 0.160142 0.0824315 0.0480064 0.0283245 0.00493863 0.00203355 0 0 0 0 0
 0 0 0 0 0 0 0 0 0 0 0 0 0 0 0 0 0 0 0 0 0 0 0 0 0 0
 0 0 1.00437e-05 0.000401748 0.00122533 0.00171747 0.00176769 0.0269171 0.070346 0.194647 0.189555 0.159765 0.064822 0.0314167 0.0384472 0.0292271 0.0345202 0.0313363 0.0194345 0.0106764 0.0143323 0.0359363 0.0279516 0.0138201 0.00172751 0
 0 0.0021121 0.0136068 0.0755702 0.200478 0.177729 0.0527432 0.0373336 0.0318909 0.0142505 0.0149659 0.0166563 0.0217959 0.0798694 0.0677717 0.0528807 0.04013 0.0224614 0.0357745 0.0225083 0.00881397 0.00855152 0.00135912 0.000746735 0 0
 0 0 0 0 5.4009e-05 0.00500934 0.000945158 0.0243581 0.138947 0.33067 0.221406 0.137944 0.0707744 0.0437923 0.0131692 0.00525238 0.0047753 0.00276346 9.45158e-05 9.00151e-06 2.25038e-05 9.00151e-06 4.50075e-06 0 0 0
 0.000866109 0.00284123 0.00948549 0.0512746 0.133035 0.25785 0.225252 0.132002 0.0553304 0.0519788 0.0540692 0.017754 0.00435017 0.00159236 0.00146478 0.000404838 0.000125132 0.000115318 0.000107957 0.000100596 0 0 0 0 0 0
 0 0 0 0 0.00144013 0.00171154 0.00461396 0.0210425 0.0478622 0.0707936 0.0888783 0.103762 0.0637923 0.0337046 0.0602308 0.124433 0.169614 0.0934646 0.0462172 0.0250306 0.0313229 0.00938855 0.002487 0.000210481 0 0
 0 0.00764035 0.051015 0.0998891 0.058973 0.0496711 0.0374665 0.0718981 0.12319 0.153886 0.159021 0.0857701 0.0377988 0.023471 0.0147837 0.00900784 0.00315554 0.000888139 0.00291439 0.00214683 0.00393193 0.00274676 0.000635225 9.99891e-05 0 0
 0 0 0 0 0 0 0 0 0 0 0 0 0 0 0 0 0 0 0 0 0 0 0 0 0 0
 0 0 0 0 0 0 0 0 0 0 0 0 0 0 0 0 0 0 0 0 0 0 0 0 0 0
 0 0 0 0 0 0 0 0 0 0 0 0 0 0 0 0 0 0 0 0 0 0 0 0 0 0
 0 0 0 0 0 0 0 0 0 0 0 0 0 0 0 0 0 0 0 0 0 0 0 0 0 0
 0 0 0 0 0 0 0 0 0 0 0 0 0 0 0 0 0 0 0 0 0 0 0 0 0 0
 0 0 0 0 0 0 0 0 0 0 0 0 0 0 0 0 0 0 0 0 0 0 0 0 0 0
 0 0 0 0 0 0 0 0 0 0 0 0 0 0 0 0 0 0 0 0 0 0 0 0 0 0
ppred_pel_tallas
 1.16198e-16 3.28172e-05 0.000318995 0.00211983 0.00963646 0.0299827 0.0638816 0.0932392 0.0932495 0.0639323 0.0301549 0.0101433 0.00342675 0.0032866 0.00600385 0.010745 0.0174986 0.0262047 0.0366613 0.0485174 0.0610305 0.0727043 0.0812782 0.0844045 0.0807511 0.0707955
 1.32436e-16 3.37524e-05 0.000328085 0.00218024 0.00991108 0.0308372 0.0657027 0.0958998 0.0959226 0.0658142 0.031212 0.0109959 0.00491153 0.00631954 0.0115031 0.0192173 0.0283216 0.0370845 0.0439 0.0483709 0.0516708 0.0557027 0.0616253 0.0688671 0.0753034 0.0783647
 1.29584e-16 4.36498e-05 0.000424292 0.00281957 0.0128174 0.0398797 0.0849686 0.124018 0.124037 0.0850602 0.0401877 0.0137093 0.00506706 0.00535956 0.00950407 0.0158795 0.0234469 0.030754 0.0364112 0.0399577 0.0421919 0.0445801 0.0481741 0.0528706 0.0574744 0.0603637
 1.10534e-16 6.30988e-05 0.000613343 0.00407588 0.0185284 0.0576487 0.122827 0.179272 0.179284 0.122886 0.057846 0.0190989 0.00551113 0.0037569 0.0060647 0.0100115 0.0146239 0.0188495 0.0216835 0.0227293 0.0224495 0.0218263 0.0216905 0.022239 0.0230373 0.0233834
 1.06697e-16 5.37547e-05 0.000522515 0.0034723 0.0157846 0.0491118 0.104639 0.152729 0.152755 0.104764 0.049533 0.0170012 0.00652696 0.00719376 0.0127326 0.0209891 0.0302922 0.0382336 0.0424059 0.0417304 0.0371084 0.0308027 0.0250551 0.0210105 0.018574 0.0169791
 1.04539e-16 6.23029e-05 0.000605606 0.00402447 0.0182946 0.0569215 0.121278 0.177012 0.177027 0.121353 0.0571744 0.0190258 0.00586317 0.00463062 0.00773924 0.0127816 0.0186071 0.0238206 0.0270346 0.0276004 0.0259561 0.0232491 0.0205581 0.0183449 0.0164681 0.0145677
 1.07543e-16 3.99115e-05 0.000387954 0.00257809 0.0117196 0.0364644 0.0776926 0.113402 0.11344 0.0778765 0.037082 0.0135041 0.00705986 0.0101802 0.0186625 0.0308571 0.044608 0.0564416 0.0628423 0.0622012 0.055755 0.0466827 0.0381186 0.0316423 0.0271335 0.0236276
 1.1514e-16 3.61421e-05 0.000351314 0.00233461 0.0106128 0.0330205 0.0703546 0.10269 0.102717 0.0704843 0.0334567 0.0118765 0.00552117 0.00735559 0.0134797 0.0225979 0.0334186 0.0438528 0.0517566 0.0561072 0.0574674 0.0572749 0.0565901 0.0553914 0.0528859 0.0483666
 1.19824e-16 4.33327e-05 0.000421209 0.00279908 0.0127242 0.0395899 0.0843513 0.123117 0.123138 0.0844503 0.0399229 0.0136884 0.00522932 0.00576006 0.0102835 0.0172018 0.0254243 0.0333774 0.0395166 0.0432352 0.0452029 0.0467441 0.0487477 0.050999 0.0523815 0.0516509
 1.14023e-16 5.50379e-05 0.000534988 0.00355518 0.0161614 0.0502841 0.107136 0.156372 0.156389 0.107219 0.050562 0.0169654 0.00557809 0.00496701 0.00852049 0.0141292 0.0206646 0.0266802 0.0307674 0.0323602 0.0320836 0.0312758 0.0310537 0.0316567 0.0324718 0.0325573
 1.05779e-16 6.47819e-05 0.000629704 0.0041846 0.0190226 0.0591865 0.126104 0.184055 0.184068 0.126171 0.0594128 0.0196767 0.00582823 0.0042236 0.00690785 0.0113649 0.0164798 0.0209739 0.0235985 0.0238048 0.0220699 0.0195486 0.0173324 0.0158966 0.0150613 0.0143346
 1.06081e-16 4.59092e-05 0.000446254 0.00296552 0.0134808 0.041944 0.0893675 0.130441 0.130475 0.0895316 0.0424951 0.0150728 0.00696281 0.00917674 0.0166397 0.0274709 0.0396517 0.0500428 0.0554744 0.0544943 0.0482224 0.0395576 0.0313983 0.0252696 0.0211537 0.0182191
 1.08765e-16 4.92949e-05 0.000479164 0.00318421 0.014475 0.0450372 0.0959573 0.140057 0.140079 0.0960636 0.0453947 0.01551 0.0057908 0.00619764 0.0109928 0.018313 0.0268852 0.0348773 0.0404286 0.0426507 0.0420623 0.0400346 0.0377382 0.0354833 0.0328663 0.0293929
 1.06623e-16 6.22036e-05 0.000604641 0.00401805 0.0182655 0.0568308 0.121085 0.176729 0.176744 0.121154 0.0570639 0.0189395 0.0057131 0.00431602 0.00714381 0.0117999 0.0172032 0.0220885 0.0252164 0.0260423 0.0250236 0.0232456 0.0216723 0.0206208 0.0197841 0.0186342
 1.0582e-16 5.46256e-05 0.000530981 0.00352855 0.0160403 0.0499075 0.106334 0.155203 0.155227 0.106454 0.0503103 0.017204 0.00645109 0.00691559 0.0121942 0.0201109 0.0290569 0.0367397 0.0408652 0.0403947 0.0361587 0.0302667 0.0247986 0.0208031 0.0181858 0.0162642
 1.01764e-16 7.43288e-05 0.000722503 0.00480128 0.0218259 0.0679086 0.144687 0.211176 0.211182 0.144717 0.0680115 0.0221235 0.0055494 0.00235981 0.00319612 0.00519829 0.00755641 0.0096606 0.0109408 0.0111323 0.0104169 0.00926853 0.00813542 0.00721353 0.00644889 0.00569303
 1.03593e-16 3.26357e-05 0.00031723 0.00210811 0.00958319 0.0298172 0.0635305 0.0927357 0.0927881 0.0637868 0.0306775 0.0120674 0.00834092 0.013914 0.0258275 0.0425736 0.061156 0.0765512 0.0836618 0.0801458 0.0678331 0.0515264 0.0361852 0.0246615 0.0172857 0.012893
 1.0239e-16 7.3849e-05 0.000717839 0.00477029 0.0216851 0.0674703 0.143753 0.209812 0.209816 0.143772 0.0675367 0.021878 0.00525849 0.00179618 0.00215868 0.00354788 0.00532696 0.00716312 0.00875533 0.00994111 0.0107415 0.0112524 0.0114867 0.0113254 0.0106199 0.00934081
 1.0293e-16 5.2558e-05 0.000510882 0.00339499 0.0154332 0.0480185 0.10231 0.14933 0.149362 0.102462 0.0485307 0.016912 0.00710493 0.00860288 0.015401 0.0253269 0.0363628 0.0454896 0.0496775 0.0475536 0.0402446 0.0306529 0.0217583 0.0152478 0.0112582 0.00900249
 1.06941e-16 4.38461e-05 0.0004262 0.00283225 0.012875 0.0400591 0.0853512 0.124579 0.124608 0.0854926 0.0405345 0.0142504 0.00629277 0.00800734 0.0145201 0.0241388 0.035241 0.0452964 0.051714 0.0532357 0.050575 0.0457211 0.0405329 0.0357934 0.0312987 0.0265813
 1.09465e-16 5.34188e-05 0.00051925 0.0034506 0.0156859 0.0488049 0.103985 0.151772 0.15179 0.104073 0.0491036 0.0165507 0.00562813 0.00529593 0.00919372 0.0152958 0.0224585 0.0291567 0.0338691 0.0359101 0.0357832 0.0346892 0.0336038 0.0326924 0.0314352 0.0291993
 1.07543e-16 5.86122e-05 0.000569732 0.00378607 0.0172109 0.0535497 0.114094 0.166527 0.166545 0.114182 0.0538466 0.0180693 0.00594341 0.00528865 0.00904893 0.0149427 0.0217026 0.0276888 0.0312808 0.0317658 0.0297563 0.0267274 0.0240492 0.0222779 0.0211306 0.0199573
 1.12063e-16 3.01127e-05 0.000292706 0.00194514 0.00884234 0.027512 0.0586189 0.0855652 0.0856088 0.0588321 0.028228 0.0109114 0.00714355 0.0116571 0.0216612 0.0358904 0.0520021 0.0660439 0.0740032 0.074051 0.0676014 0.0582492 0.0494769 0.0429432 0.0383615 0.0345286
 1.07135e-16 6.60006e-05 0.000641549 0.00426332 0.0193804 0.0602998 0.128475 0.187515 0.187522 0.12851 0.0604174 0.019722 0.00512714 0.00254893 0.00375232 0.00626681 0.0094164 0.0126759 0.0155465 0.0177953 0.019533 0.020999 0.0222409 0.0229889 0.0228235 0.0214725
 1.06089e-16 5.3632e-05 0.000521323 0.00346437 0.0157486 0.0489997 0.1044 0.152381 0.152408 0.104532 0.0494416 0.0170246 0.00666691 0.00751133 0.0133261 0.0219406 0.0315945 0.0397324 0.0438055 0.0426856 0.0373632 0.0302962 0.0239335 0.019546 0.0170453 0.015579
 1.09847e-16 3.78534e-05 0.000367949 0.00244515 0.0111153 0.0345841 0.0736863 0.107554 0.107588 0.0738528 0.0351439 0.0127343 0.00651692 0.0092825 0.017044 0.0283155 0.041249 0.0528409 0.060025 0.0613533 0.0577696 0.0517813 0.0457493 0.0406947 0.0363359 0.0319315
 1.08196e-16 6.11168e-05 0.000594077 0.00394785 0.0179464 0.0558379 0.118969 0.173641 0.173653 0.119025 0.0560281 0.0184974 0.00533734 0.00364862 0.00592523 0.0098652 0.0145988 0.0191944 0.0227413 0.0248308 0.0257477 0.0261414 0.0264566 0.0266094 0.0261303 0.0245718
 1.0624e-16 5.78377e-05 0.000562203 0.00373604 0.0169835 0.0528421 0.112586 0.164328 0.164349 0.112691 0.0531918 0.017994 0.00627349 0.00610469 0.010594 0.0174504 0.0252026 0.0318537 0.0354221 0.0350322 0.0314457 0.0265373 0.0221357 0.0191299 0.0173636 0.0161338
 1.10676e-16 3.10233e-05 0.000301557 0.00200396 0.00910973 0.028344 0.0603914 0.0881518 0.0881942 0.0605982 0.0290387 0.011118 0.00705115 0.0113398 0.0210539 0.0349132 0.0506568 0.0644736 0.0724801 0.0728735 0.066945 0.0580591 0.0494715 0.0427293 0.0376005 0.03307
 1.19119e-16 3.69183e-05 0.000358859 0.00238475 0.0108407 0.0337296 0.0718653 0.104894 0.104914 0.0719651 0.0340657 0.0118162 0.00485077 0.00580065 0.0105443 0.0178273 0.0267464 0.0358937 0.0438285 0.0498783 0.054385 0.0580905 0.0612101 0.0630439 0.0624324 0.0585971
 1.08077e-16 6.84138e-05 0.000665007 0.0044192 0.0200891 0.0625046 0.133173 0.194371 0.194379 0.133209 0.0626258 0.02044 0.00530298 0.00260421 0.00378132 0.00622437 0.00915847 0.0119551 0.0140439 0.0152207 0.0157755 0.0162614 0.0170731 0.0181689 0.0191158 0.0193703
pSPR Fmed_Fpbrs
0.859069   0.6 0.325
Fs Fmed_Fpbrs
0.070246   0.248967 0.595728
SSBpbr Bo_Bmed_Bpbrs
4.50754e+06  3.64691e+06  2.47915e+06 1.23957e+06
Ro
431025
SPR SPRFo_SPRFmed_SPRFpbrs
3.0765e+06 2.64292e+06 999861
Fref
0.248967
Nvult_r0
 539490 49322.3 22869.9 26578.4 11272.9
CTP_r0
 29591.1 2705.34 1254.42 1457.83 618.318
YTP_r0
391294
Np
 631516 181119 82270.4 7521.5 4487.83
Nvult_p0
 450397 129174 58675.2 5364.33 3200.72
CTP_p0
 89781.5 40781.8 3728.43 1728.81 2706.6
 89781.5 25749.4 11696.2 1069.32 638.027
YTP_p0
 1.54009e+06 1.39948e+06
CBA_c0
1.49791e+06
log_Ro
12.7939
likeval ReclasPelacesDesembMPH_pf_preclas_ppelaces_ptallas_desvR_qrecl_qpela
 20.4251 18.2141 0.161225 68.3119 246.009 126.368 99.4914 0 21.0048 7.36735e-05 5.34599e-05 0.809037 8.39397e-16 0 0
q_reclas_q_pelaces
0.296327 0.353375
M
1
N
 415930 103766 499709 24547.7 0.701638
 256003 146914 36652.1 176506 8670.96
 241178 87663.6 50308 12550.8 63410.5
 511752 82820.5 30103.7 17275.8 26085.2
 418092 170488 27591.3 10028.9 14445.5
 707856 148781 60669.4 9818.57 8709.41
 303177 243948 51274.4 20908.5 6385.28
 157854 97829.4 78717.4 16545.3 8807.18
 144169 56986.6 35317.3 28417.7 9152.48
 188995 49373.6 19516.2 12095.1 12866.7
 351208 63708.2 16643.3 6578.71 8414.35
 202204 126297 22910 5985.07 5391.63
 172478 64498.9 40286.2 7307.81 3628.93
 278591 54049.5 20212.1 12624.5 3427.26
 221745 85048.5 16500.3 6170.37 4900.3
 1.00889e+06 72372.1 27757.7 5385.28 3613.19
 239419 329236 23617.5 9058.27 2936.5
 1.7768e+06 81216.5 111685 8011.6 4068.91
 1.18867e+06 604477 27630.3 37995.8 4109.87
 702644 393910 200315 9156.31 13953.2
 817399 235806 132196 67225.6 7755.54
 1.05538e+06 277419 80030.8 44866.2 25448
 277740 342967 90152.6 26007.6 22850
 1.04479e+06 94725.2 116971 30747.2 16663.2
 847893 364032 33004.8 40756 16519.1
 385876 295471 126857 11501.4 19959
 851113 136008 104144 44712.7 11088.7
 945747 297632 47561.7 36418.7 19513.6
 286505 332963 104785 16744.8 19691.8
 217639 100915 117279 36908.5 12834
 826345 75547.8 35030.2 40710.6 17266.8
pred_Ctot
 10513 2622.79 12630.6 620.467 0.0177346
 11260.1 6461.91 1612.12 7763.51 381.386
 10201.7 3708.12 2128 530.893 2682.23
 30791.3 4983.17 1811.29 1039.46 1569.5
 8659.97 3531.33 571.5 207.73 299.211
 28430.6 5975.72 2436.75 394.357 349.809
 23799.2 19149.8 4025.02 1641.3 501.242
 1866.34 1156.66 930.693 195.619 104.129
 6331.45 2502.68 1551.03 1248.02 401.948
 10070.7 2630.9 1039.93 644.497 685.609
 5000.67 907.109 236.976 93.6709 119.808
 17189.2 10736.4 1947.56 508.786 458.338
 16367.1 6120.58 3822.93 693.47 344.365
 30425.3 5902.83 2207.39 1378.74 374.296
 15969.4 6124.94 1188.3 444.371 352.905
 72731.1 5217.3 2001.05 388.224 260.475
 11867.1 16319 1170.63 448.985 145.551
 85029.9 3886.67 5344.76 383.401 194.721
 75176 38229.3 1747.44 2402.99 259.923
 39267.6 22013.8 11194.7 511.705 779.784
 40275.8 11618.9 6513.7 3312.42 382.14
 78607.1 20662.8 5960.88 3341.73 1895.42
 12880 15904.8 4180.76 1206.08 1059.65
 35077.8 3180.32 3927.21 1032.31 559.454
 28393.2 12190.2 1105.22 1364.78 553.17
 10255.6 7852.87 3371.53 305.678 530.46
 26701.4 4266.9 3267.23 1402.74 347.88
 25794 8117.52 1297.18 993.274 532.209
 7731.98 8985.75 2827.87 451.895 531.426
 7798.58 3616.07 4202.43 1322.53 459.877
 29591.1 2705.34 1254.42 1457.83 618.318
F
 0.0406689 0.0406689 0.0406689 0.0406689 0.0406689
 0.0716842 0.0716842 0.0716842 0.0716842 0.0716842
 0.068858 0.068858 0.068858 0.068858 0.068858
 0.0991755 0.0991755 0.0991755 0.0991755 0.0991755
 0.0332244 0.0332244 0.0332244 0.0332244 0.0332244
 0.0652861 0.0652861 0.0652861 0.0652861 0.0652861
 0.13109 0.13109 0.13109 0.13109 0.13109
 0.0188518 0.0188518 0.0188518 0.0188518 0.0188518
 0.071571 0.071571 0.071571 0.071571 0.071571
 0.0874073 0.0874073 0.0874073 0.0874073 0.0874073
 0.0227396 0.0227396 0.0227396 0.0227396 0.0227396
 0.14263 0.14263 0.14263 0.14263 0.14263
 0.160366 0.160366 0.160366 0.160366 0.160366
 0.186524 0.186524 0.186524 0.186524 0.186524
 0.119708 0.119708 0.119708 0.119708 0.119708
 0.119835 0.119835 0.119835 0.119835 0.119835
 0.0810953 0.0810953 0.0810953 0.0810953 0.0810953
 0.0782036 0.0782036 0.0782036 0.0782036 0.0782036
 0.104471 0.104471 0.104471 0.104471 0.104471
 0.091839 0.091839 0.091839 0.091839 0.091839
 0.0805993 0.0805993 0.0805993 0.0805993 0.0805993
 0.124024 0.124024 0.124024 0.124024 0.124024
 0.0757046 0.0757046 0.0757046 0.0757046 0.0757046
 0.0543272 0.0543272 0.0543272 0.0543272 0.0543272
 0.0541825 0.0541825 0.0541825 0.0541825 0.0541825
 0.0428008 0.0428008 0.0428008 0.0428008 0.0428008
 0.050688 0.050688 0.050688 0.050688 0.050688
 0.0439429 0.0439429 0.0439429 0.0439429 0.0439429
 0.0434729 0.0434729 0.0434729 0.0434729 0.0434729
 0.0580716 0.0580716 0.0580716 0.0580716 0.0580716
 0.0580333 0.0580333 0.0580333 0.0580333 0.0580333
YTP_r0W_actual
 245606 38145.3 34622 49857.7 23063.3
YTP_p0W_proyectada
 672463 639050 86238.7 50775.2 91564.1
 672463 403493 270534 31405.9 21584.5
CTP_r0_actual
 29591.1 2705.34 1254.42 1457.83 618.318
CTP_p0_proyectada
 89781.5 40781.8 3728.43 1728.81 2706.6
 89781.5 25749.4 11696.2 1069.32 638.027
Wmedp
 7.49 15.67 23.13 29.37 33.83
Frms_r0
 0.0580333 0.0580333 0.0580333 0.0580333 0.0580333
Zrms_r0
 1.05803 1.05803 1.05803 1.05803 1.05803
nmprior
 8.19 8.8 8.5 0
nm_flota  nm_reclas  nm_pelaces    nm_pelaL
inf 10.4313 16.4142 38.0003
cv_recla  cv_pelaces  cv_mph
0.408796 0.483923 0.7652
 ------------------------------------------------
Talla a la edad & desviaci?n 
 8 13.2811 15.8009 17.003 17.5766
 0.8 1.32811 1.58009 1.7003 1.75766
