years
 1991 1992 1993 1994 1995 1996 1997 1998 1999 2000 2001 2002 2003 2004 2005 2006 2007 2008 2009 2010 2011 2012 2013 2014 2015 2016 2017 2018 2019 2020 2021
reclasobs
 0 0 0 0 0 0 0 0 0 252601 567819 844713 477998 351125 339783 2.1784e+06 2.13404e+06 4.81314e+06 1.55562e+06 2.62356e+06 3.21686e+06 3.843e+06 1.13348e+06 3.07943e+06 1.97215e+06 2.03268e+06 2.025e+06 2.42433e+06 2.27542e+06 1.05018e+06 2.36338e+06
reclaspred
 3.36186e+06 1.85391e+06 942841 1.03973e+06 1.09855e+06 1.84309e+06 1.12477e+06 999365 721158 522843 700263 626324 352811 649076 593240 1.32937e+06 1.15137e+06 3.01899e+06 2.86039e+06 2.08674e+06 2.98467e+06 1.97194e+06 1.41658e+06 2.83494e+06 2.21341e+06 2.01703e+06 2.44399e+06 2.60594e+06 2.07798e+06 1.29216e+06 1.9516e+06
pelacesobs
 0 0 0 0 0 0 0 0 0 0 0 0 0 0 0 552880 188675 0 991730 2.46772e+06 1.41603e+06 1.21717e+06 2.29649e+06 1.80582e+06 0 1.4828e+06 1.56532e+06 1.57751e+06 1.42118e+06 867257 1.10002e+06
pelacespred
 2.03594e+06 1.23331e+06 614480 531316 608806 1.03568e+06 606133 669463 462678 312206 420983 314378 174366 372630 349028 628111 584123 1.68559e+06 1.69532e+06 1.17608e+06 1.5629e+06 1.11753e+06 818203 1.76087e+06 1.35125e+06 1.25732e+06 1.68856e+06 1.77504e+06 1.2416e+06 862020 1.22002e+06
mphobs
 0 0 0 0 0 0 0 0 0 0 0 498337 0 5186 125008 0 168611 109162 213762 579715 649985 157893 87575 83554 0 0 0 0 0 0 0
mphpred
 546648 368667 179353 100037 120967 148387 202070 120751 108901 72975.6 48345.1 90742 55437.9 24356.5 50857.8 57784.5 155993 134929 323341 283365 292639 268664 204754 158577 306831 265759 223802 241946 340752 224614 132967
desembarqueobs
 494567 514787 250237 358949 120608 361735 552515 73892 212993 205616 52469 317467 293654 387597 252695 516296 358380 742168 942051 627588 828172 859565 418607 520667 417249 300574 415391 372974 316634 284311 391294
desembarquepred
 494575 513635 250844 358983 120614 361752 552574 73897.1 213053 205663 52469.8 317725 294015 387469 252679 516263 358443 742054 941670 627403 828418 859732 418624 520685 417240 300577 415394 372954 316626 284325 391303
Reclutas
 179847 97322.3 98462.9 171870 139504 238860 97763.5 44098.3 41246.3 56761.6 119213 72235.3 52569.8 133091 74100.6 349507 71951.5 601745 446834 277148 282460 392222 89893.4 317577 259838 115802 252527 279919 85823.4 64517.1 243684
log_desv_Rt
 0.224552 -0.389527 -0.377875 0.179185 -0.0294628 0.508321 -0.385003 -1.18113 -1.24799 -0.928694 -0.186643 -0.687626 -1.00541 -0.0765253 -0.662131 0.888968 -0.691563 1.43228 1.13463 0.656996 0.675981 1.00427 -0.46893 0.793164 0.592505 -0.215671 0.563961 0.666944 -0.515263 -0.800625 0.528318
SSB
 2.22306e+06 1.49927e+06 729379 406822 491937 603447 821761 491061 442871 296771 196606 369023 225451 99051 206825 234993 634379 548718 1.31494e+06 1.15236e+06 1.19008e+06 1.09258e+06 832678 644888 1.2478e+06 1.08077e+06 910139 983929 1.38575e+06 913443 540742
BT
 3.11968e+06 2.1406e+06 1.06045e+06 1.04757e+06 939923 1.79104e+06 1.31664e+06 995545 850065 633541 652096 703539 516648 972117 763645 1.35082e+06 1.0884e+06 3.14983e+06 3.31066e+06 2.18996e+06 2.86563e+06 2.38754e+06 1.49675e+06 3.07688e+06 2.25197e+06 2.00355e+06 2.85252e+06 2.9288e+06 1.93397e+06 1.43723e+06 2.15156e+06
Ftot
 0.187052 0.34202 0.333954 0.470906 0.148377 0.275396 0.605566 0.0986264 0.389028 0.513954 0.110939 0.638211 1.02314 0.87227 0.600115 0.574174 0.398009 0.365193 0.446547 0.39989 0.369304 0.580658 0.379303 0.271053 0.251483 0.1962 0.241232 0.205804 0.190436 0.280266 0.293645
BD_Bspro_t
 0.970515 0.795253 0.59954 0.504674 0.520211 0.616684 0.61839 0.447952 0.508879 0.460273 0.429406 0.654673 0.411052 0.228386 0.347008 0.367037 0.4934 0.446291 0.594002 0.52464 0.481673 0.462599 0.431791 0.412659 0.601907 0.618697 0.629334 0.673674 0.728276 0.64626 0.564244
BD_Bspro
 2.16779 1.46199 0.711244 0.396706 0.479706 0.588443 0.801329 0.478851 0.431859 0.289392 0.191717 0.359847 0.219845 0.0965882 0.201682 0.22915 0.618606 0.535074 1.28224 1.12371 1.16049 1.06541 0.811974 0.628853 1.21677 1.0539 0.887509 0.959464 1.35129 0.89073 0.527296
BD_Bo
 1.46153 0.985674 0.479522 0.26746 0.323418 0.396729 0.540257 0.322842 0.29116 0.195109 0.129256 0.242609 0.14822 0.0651199 0.135974 0.154494 0.417065 0.360748 0.864489 0.757608 0.782404 0.718303 0.547434 0.423974 0.820348 0.710539 0.59836 0.646872 0.911041 0.600532 0.355504
BD_Brms
 2.65732 1.79213 0.871857 0.486291 0.588033 0.721325 0.982285 0.586986 0.529382 0.354743 0.235011 0.441108 0.269491 0.1184 0.247226 0.280897 0.7583 0.655905 1.5718 1.37747 1.42255 1.30601 0.995334 0.770862 1.49154 1.29189 1.08793 1.17613 1.65644 1.09188 0.646371
Sel_flota
 0.741114 1 1 1 1
 0.741114 1 1 1 1
 0.741114 1 1 1 1
 0.741114 1 1 1 1
 0.741114 1 1 1 1
 0.741114 1 1 1 1
 0.741114 1 1 1 1
 0.741114 1 1 1 1
 0.741114 1 1 1 1
 0.741114 1 1 1 1
 0.741114 1 1 1 1
 0.741114 1 1 1 1
 0.741114 1 1 1 1
 0.741114 1 1 1 1
 0.741114 1 1 1 1
 0.741114 1 1 1 1
 0.741114 1 1 1 1
 0.741114 1 1 1 1
 0.741114 1 1 1 1
 0.741114 1 1 1 1
 0.741114 1 1 1 1
 0.741114 1 1 1 1
 0.741114 1 1 1 1
 0.741114 1 1 1 1
 0.741114 1 1 1 1
 0.741114 1 1 1 1
 0.741114 1 1 1 1
 0.741114 1 1 1 1
 0.741114 1 1 1 1
 0.741114 1 1 1 1
 0.741114 1 1 1 1
Sel_reclas
 1 1 1 1 1
 1 1 1 1 1
 1 1 1 1 1
 1 1 1 1 1
 1 1 1 1 1
 1 1 1 1 1
 1 1 1 1 1
 1 1 1 1 1
 1 1 1 1 1
 1 1 1 1 1
 1 1 1 1 1
 1 1 1 1 1
 1 1 1 1 1
 1 1 1 1 1
 1 1 1 1 1
 1 1 1 1 1
 1 1 1 1 1
 1 1 1 1 1
 1 1 1 1 1
 1 1 1 1 1
 1 1 1 1 1
 1 1 1 1 1
 1 1 1 1 1
 1 1 1 1 1
 1 1 1 1 1
 1 1 1 1 1
 1 1 1 1 1
 1 1 1 1 1
 1 1 1 1 1
 1 1 1 1 1
 1 1 1 1 1
Sel_pelaces
 0.841473 0.963917 0.992617 0.998524 0.999706
 0.841473 0.963917 0.992617 0.998524 0.999706
 0.841473 0.963917 0.992617 0.998524 0.999706
 0.841473 0.963917 0.992617 0.998524 0.999706
 0.841473 0.963917 0.992617 0.998524 0.999706
 0.841473 0.963917 0.992617 0.998524 0.999706
 0.841473 0.963917 0.992617 0.998524 0.999706
 0.841473 0.963917 0.992617 0.998524 0.999706
 0.841473 0.963917 0.992617 0.998524 0.999706
 0.841473 0.963917 0.992617 0.998524 0.999706
 0.841473 0.963917 0.992617 0.998524 0.999706
 0.841473 0.963917 0.992617 0.998524 0.999706
 0.841473 0.963917 0.992617 0.998524 0.999706
 0.841473 0.963917 0.992617 0.998524 0.999706
 0.841473 0.963917 0.992617 0.998524 0.999706
 0.841473 0.963917 0.992617 0.998524 0.999706
 0.841473 0.963917 0.992617 0.998524 0.999706
 0.841473 0.963917 0.992617 0.998524 0.999706
 0.841473 0.963917 0.992617 0.998524 0.999706
 0.841473 0.963917 0.992617 0.998524 0.999706
 0.841473 0.963917 0.992617 0.998524 0.999706
 0.841473 0.963917 0.992617 0.998524 0.999706
 0.841473 0.963917 0.992617 0.998524 0.999706
 0.841473 0.963917 0.992617 0.998524 0.999706
 0.841473 0.963917 0.992617 0.998524 0.999706
 0.841473 0.963917 0.992617 0.998524 0.999706
 0.841473 0.963917 0.992617 0.998524 0.999706
 0.841473 0.963917 0.992617 0.998524 0.999706
 0.841473 0.963917 0.992617 0.998524 0.999706
 0.841473 0.963917 0.992617 0.998524 0.999706
 0.841473 0.963917 0.992617 0.998524 0.999706
pf_obs 
 0.8446 0.082 0.0669 0.0065 0
 0.8095 0.147 0.0364 0.0071 0
 0.9664 0.0169 0.016 0.0007 0
 0.9276 0.0648 0.0075 0.0001 0
 0.7033 0.2144 0.0806 0.0017 0
 0.9318 0.0425 0.0243 0.0014 0
 0.5671 0.3108 0.0964 0.0239 0.0018
 0.0768 0.2599 0.5324 0.112 0.0189
 0.490249 0.384438 0.106611 0.0170017 0.00170017
 0.7925 0.1577 0.0466 0.003 0.0002
 0.840416 0.127587 0.0312969 0.00059994 9.999e-05
 0.8084 0.0986 0.0794 0.0134 0.0002
 0.7335 0.1905 0.0724 0.0035 0.0001
 0.4001 0.4547 0.1325 0.0127 0
 0.49795 0.308269 0.164784 0.0264974 0.00249975
 0.9179 0.0499 0.0305 0.0017 0
 0.2467 0.6533 0.0926 0.0074 0
 0.9418 0.0223 0.034 0.0019 0
 0.707729 0.231977 0.0356964 0.0245975 0
 0.517169 0.277429 0.184464 0.0207286 0.00020938
 0.811772 0.124168 0.05621 0.00726502 0.000585176
 0.764997 0.148141 0.077277 0.00933861 0.000247198
 0.163321 0.427699 0.378323 0.0303852 0.000271297
 0.753843 0.0900009 0.118128 0.0371064 0.000921714
 0.721811 0.176058 0.0630433 0.0369309 0.00215725
 0.143369 0.312575 0.442814 0.0836902 0.0175525
 0.692698 0.0596174 0.167031 0.0765114 0.00414204
 0.394062 0.376323 0.152708 0.0712218 0.00568511
 0.125707 0.32114 0.495352 0.0537591 0.00404204
 0.23352 0.215282 0.420074 0.123614 0.00750983
 0.796117 0.104755 0.0508955 0.0450114 0.00322123
pf_pred 
 0.487361 0.130026 0.359754 0.0228578 8.33366e-07
 0.424593 0.327415 0.0629008 0.174033 0.011058
 0.581973 0.214159 0.116004 0.0222859 0.0655782
 0.758249 0.160608 0.0415703 0.0225175 0.0170552
 0.65885 0.279802 0.0407564 0.010549 0.0100421
 0.742322 0.187386 0.0576512 0.00839757 0.00424264
 0.462577 0.431155 0.0772791 0.0237757 0.00521289
 0.446805 0.310616 0.194613 0.0348818 0.0130847
 0.525522 0.249215 0.126484 0.0792471 0.0195322
 0.70492 0.181102 0.0598661 0.0303839 0.0237287
 0.829736 0.132419 0.0232267 0.00767797 0.00694008
 0.550898 0.390685 0.0454327 0.00796903 0.00501542
 0.625657 0.242305 0.114863 0.0133574 0.00381747
 0.895824 0.0758529 0.0183333 0.00869076 0.00129948
 0.678742 0.298958 0.0162377 0.00392457 0.00213859
 0.922456 0.058814 0.0174297 0.000946679 0.000353491
 0.384719 0.582206 0.0250864 0.0074344 0.000554571
 0.91745 0.0390643 0.0411479 0.001773 0.000564628
 0.658625 0.321153 0.00956932 0.0100797 0.000572633
 0.571567 0.315515 0.106229 0.00316528 0.00352352
 0.653299 0.227857 0.0875215 0.0294672 0.00185543
 0.73957 0.189938 0.0463279 0.0177949 0.00636852
 0.373503 0.506172 0.0877562 0.0214046 0.0111641
 0.817037 0.0842719 0.0797361 0.013824 0.00513047
 0.640852 0.309847 0.0227078 0.0214856 0.00510745
 0.441044 0.399412 0.137643 0.0100875 0.0118134
 0.731599 0.140431 0.0914435 0.0315128 0.0050141
 0.683748 0.250612 0.0343436 0.0223633 0.00893296
 0.355247 0.484023 0.127369 0.0174545 0.0159058
 0.437705 0.24382 0.239083 0.062914 0.0164783
 0.83472 0.0864691 0.0341737 0.0335099 0.0111276
pobs_RECLAS
 0 0 0 0 0
 0 0 0 0 0
 0 0 0 0 0
 0 0 0 0 0
 0 0 0 0 0
 0 0 0 0 0
 0 0 0 0 0
 0 0 0 0 0
 0 0 0 0 0
 0 0 0 0 0
 0.991045 0.00858322 0.000360255 1.14367e-05 0
 0.934742 0.0480273 0.0164251 0.00080598 0
 0.827803 0.169806 0.00239088 0 0
 0.941827 0.0461693 0.0120037 0 0
 0.791401 0.0380133 0.147996 0.0225897 0
 0.846168 0.0940531 0.0597789 0 0
 0.134021 0.677848 0.182769 0.00536245 0
 0.80878 0.0450904 0.141981 0.00414843 0
 0.846168 0.0940531 0.0597789 0 0
 0.905697 0.0802665 0.012482 0.00150086 5.37128e-05
 0.989698 0.0102097 9.19794e-05 0 0
 0.975433 0.0193895 0.00387452 0.00125025 5.28907e-05
 0.303575 0.632131 0.0575291 0.00676475 0
 0.966965 0.00978017 0.0227588 0.000495775 0
 0.843318 0.132988 0.00938335 0.0141283 0.000182051
 0.564624 0.303363 0.111486 0.0197234 0.00080311
 0.826376 0.0876187 0.0782897 0.00655872 0.00115652
 0.89761 0.0855135 0.0140674 0.00269457 0.000114338
 0.34875 0.467042 0.161289 0.0227151 0.000203297
 0.318654 0.224769 0.449479 0.00709798 0
 0.937255 0.0296025 0.0250945 0.00804832 0
ppred_RECLAS
 0.563068 0.110824 0.306625 0.0194822 7.10293e-07
 0.501243 0.2838 0.0545218 0.15085 0.00958495
 0.654647 0.176927 0.0958369 0.0184115 0.0541774
 0.811008 0.125558 0.0324981 0.0176033 0.0133331
 0.723385 0.226872 0.0330466 0.00855345 0.00814245
 0.796548 0.147953 0.0455191 0.00663038 0.00334982
 0.542111 0.367348 0.0658425 0.0202571 0.00444143
 0.522055 0.268364 0.16814 0.0301369 0.0113048
 0.601733 0.209186 0.106168 0.0665184 0.0163949
 0.766016 0.143604 0.0474708 0.0240929 0.0188156
 0.868291 0.102434 0.0179672 0.00593936 0.00536855
 0.628199 0.323439 0.0376126 0.00659737 0.00415214
 0.701126 0.193456 0.0917062 0.0106645 0.00304786
 0.922925 0.0561198 0.0135639 0.00642986 0.000961424
 0.743946 0.238279 0.0129419 0.00312801 0.00170453
 0.942335 0.0437366 0.0129614 0.00070399 0.000262871
 0.460398 0.510594 0.0220008 0.00651997 0.000486359
 0.938074 0.0293046 0.0308676 0.00133004 0.000423563
 0.725068 0.258646 0.00770682 0.00811788 0.00046118
 0.64546 0.261097 0.0879076 0.00261936 0.00291582
 0.719787 0.18416 0.0707371 0.0238161 0.0014996
 0.796006 0.148778 0.0362884 0.0139387 0.00498843
 0.448424 0.44564 0.0772617 0.0188449 0.009829
 0.85852 0.0651651 0.0616577 0.0106897 0.00396725
 0.707882 0.252019 0.0184697 0.0174756 0.00415422
 0.516874 0.345226 0.11897 0.00871897 0.0102108
 0.787262 0.111307 0.0724793 0.0249775 0.00397424
 0.745693 0.201524 0.0276167 0.017983 0.00718326
 0.427571 0.429729 0.113082 0.0154966 0.0141216
 0.51411 0.210689 0.206596 0.0543652 0.0142392
 0.872896 0.0664968 0.0262804 0.0257699 0.0085574
pobs_PELACES
 0 0 0 0 0
 0 0 0 0 0
 0 0 0 0 0
 0 0 0 0 0
 0 0 0 0 0
 0 0 0 0 0
 0 0 0 0 0
 0 0 0 0 0
 0 0 0 0 0
 0 0 0 0 0
 0 0 0 0 0
 0 0 0 0 0
 0 0 0 0 0
 0 0 0 0 0
 0 0 0 0 0
 0 0 0 0 0
 0.505614 0.472636 0.0217494 0 0
 0 0 0 0 0
 0.443492 0.261883 0.143347 0.151278 0
 0.227955 0.32914 0.350689 0.0885471 0.00366901
 0.970185 0.0296113 0.000203453 0 0
 0.997202 0.00247181 0.000326279 0 0
 0.445219 0.490057 0.0546422 0.010081 0
 0.90214 0.0892962 0.00764917 0.000914606 0
 0 0 0 0 0
 0.581667 0.319106 0.0959925 0.00289975 0.000334073
 0.762889 0.0836404 0.116647 0.0363945 0.000428098
 0.88444 0.0763242 0.0277011 0.0115352 0
 0.521256 0.241999 0.230069 0.00667565 0
 0.616807 0.101726 0.260614 0.0208532 0
 0.833518 0.0704572 0.0857862 0.0102388 0
ppred_PELACES
 0.527848 0.117122 0.333701 0.0213286 7.78534e-07
 0.470938 0.296646 0.0586864 0.163339 0.0103908
 0.62629 0.18844 0.105112 0.0203136 0.0598451
 0.794118 0.135279 0.0360568 0.0196472 0.0148989
 0.696862 0.247202 0.03708 0.00965454 0.00920151
 0.776282 0.161329 0.0511121 0.00748939 0.00378829
 0.519619 0.383006 0.070693 0.0218788 0.00480269
 0.486835 0.284269 0.183408 0.0330692 0.0124194
 0.573154 0.220783 0.115391 0.0727267 0.0179463
 0.746752 0.153475 0.0522441 0.0266734 0.0208555
 0.852254 0.114085 0.0206068 0.00685245 0.00620122
 0.608049 0.339588 0.0406664 0.00717547 0.00452133
 0.688579 0.199424 0.0973501 0.0113882 0.00325855
 0.917797 0.0593378 0.0147687 0.00704266 0.0010543
 0.727071 0.253428 0.0141746 0.00344633 0.0018802
 0.937005 0.0474327 0.0144753 0.000790894 0.000295671
 0.434807 0.533913 0.0236905 0.00706251 0.000527453
 0.9307 0.0322818 0.0350161 0.00151777 0.00048392
 0.704763 0.277205 0.00850575 0.00901275 0.000512625
 0.619996 0.277642 0.096261 0.00288534 0.0032157
 0.696016 0.197655 0.0781811 0.0264791 0.00166925
 0.78017 0.158952 0.0399244 0.0154265 0.00552745
 0.421523 0.46456 0.08294 0.0203503 0.0106267
 0.842078 0.0715416 0.0697065 0.0121571 0.00451717
 0.682699 0.272502 0.0205655 0.0195744 0.00465864
 0.484931 0.364854 0.129478 0.00954551 0.011192
 0.764645 0.121315 0.0813477 0.0282005 0.00449238
 0.721257 0.219392 0.0309604 0.0202803 0.00811051
 0.396735 0.449386 0.121776 0.0167873 0.0153159
 0.481742 0.220802 0.222959 0.0590201 0.0154767
 0.858177 0.0730331 0.029723 0.0293191 0.00974751
pobs_pel_tallas
 0 0 0 0 0 0 0 0 0 0 0 0 0 0 0 0 0 0 0 0 0 0 0 0 0 0
 0 0 0 0 0 0 0 0 0 0 0 0 0 0 0 0 0 0 0 0 0 0 0 0 0 0
 0 0 0 0 0 0 0 0 0 0 0 0 0 0 0 0 0 0 0 0 0 0 0 0 0 0
 0 0 0 0 0 0 0 0 0 0 0 0 0 0 0 0 0 0 0 0 0 0 0 0 0 0
 0 0 0 0 0 0 0 0 0 0 0 0 0 0 0 0 0 0 0 0 0 0 0 0 0 0
 0 0 0 0 0 0 0 0 0 0 0 0 0 0 0 0 0 0 0 0 0 0 0 0 0 0
 0 0 0 0 0 0 0 0 0 0 0 0 0 0 0 0 0 0 0 0 0 0 0 0 0 0
 0 0 0 0 0 0 0 0 0 0 0 0 0 0 0 0 0 0 0 0 0 0 0 0 0 0
 0 0 0 0 0 0 0 0 0 0 0 0 0 0 0 0 0 0 0 0 0 0 0 0 0 0
 0 0 0 0 0 0 0 0 0 0 0 0 0 0 0 0 0 0 0 0 0 0 0 0 0 0
 0 0 0 0 0 0 0 0 0 0 0 0 0 0 0 0 0 0 0 0 0 0 0 0 0 0
 0 0 0 0 0 0 0 0 0 0 0 0 0 0 0 0 0 0 0 0 0 0 0 0 0 0
 0.00862536 0 0 0.000197151 0.00414017 0.0128641 0.00837892 0.0270097 0.101434 0.158115 0.152841 0.127902 0.109271 0.109419 0.0830992 0.0579132 0.0238553 0.00714673 0.00463305 0.00128148 0.00103504 0.000492878 0.000147863 0.000147863 4.92878e-05 0
 0 0 0 0 0 0 0 0 0 0 0 0 0 0 0 0 0 0 0 0 0 0 0 0 0 0
 0 0 0 0 0 0 0 0.0054083 0.00873648 0.0413646 0.0450493 0.0745869 0.0622846 0.0627006 0.0613931 0.0827291 0.12552 0.122667 0.0946155 0.0697135 0.0546179 0.0294188 0.0215738 0.0213955 0.0102223 0.00600262
 0 0 0 0 0.00359764 0.0251062 0.0480494 0.140153 0.205849 0.193036 0.1447 0.116669 0.0760912 0.0342217 0.00950174 0.001854 0.000860785 0 0 0 0.000165536 0 0.000143464 0 0 0
 0 0 0 0 0 0 0 0.000145254 0.000435761 0.0275982 0.070085 0.0708112 0.156366 0.174668 0.174014 0.160142 0.0824315 0.0480064 0.0283245 0.00493863 0.00203355 0 0 0 0 0
 0 0 0 0 0 0 0 0 0 0 0 0 0 0 0 0 0 0 0 0 0 0 0 0 0 0
 0 0 1.00437e-05 0.000401748 0.00122533 0.00171747 0.00176769 0.0269171 0.070346 0.194647 0.189555 0.159765 0.064822 0.0314167 0.0384472 0.0292271 0.0345202 0.0313363 0.0194345 0.0106764 0.0143323 0.0359363 0.0279516 0.0138201 0.00172751 0
 0 0.0021121 0.0136068 0.0755702 0.200478 0.177729 0.0527432 0.0373336 0.0318909 0.0142505 0.0149659 0.0166563 0.0217959 0.0798694 0.0677717 0.0528807 0.04013 0.0224614 0.0357745 0.0225083 0.00881397 0.00855152 0.00135912 0.000746735 0 0
 0 0 0 0 5.4009e-05 0.00500934 0.000945158 0.0243581 0.138947 0.33067 0.221406 0.137944 0.0707744 0.0437923 0.0131692 0.00525238 0.0047753 0.00276346 9.45158e-05 9.00151e-06 2.25038e-05 9.00151e-06 4.50075e-06 0 0 0
 0.000866109 0.00284123 0.00948549 0.0512746 0.133035 0.25785 0.225252 0.132002 0.0553304 0.0519788 0.0540692 0.017754 0.00435017 0.00159236 0.00146478 0.000404838 0.000125132 0.000115318 0.000107957 0.000100596 0 0 0 0 0 0
 0 0 0 0 0.00144013 0.00171154 0.00461396 0.0210425 0.0478622 0.0707936 0.0888783 0.103762 0.0637923 0.0337046 0.0602308 0.124433 0.169614 0.0934646 0.0462172 0.0250306 0.0313229 0.00938855 0.002487 0.000210481 0 0
 0 0.00764035 0.051015 0.0998891 0.058973 0.0496711 0.0374665 0.0718981 0.12319 0.153886 0.159021 0.0857701 0.0377988 0.023471 0.0147837 0.00900784 0.00315554 0.000888139 0.00291439 0.00214683 0.00393193 0.00274676 0.000635225 9.99891e-05 0 0
 0 0 0 0 0 0 0 0 0 0 0 0 0 0 0 0 0 0 0 0 0 0 0 0 0 0
 0 0 0 0 0 0 0 0 0 0 0 0 0 0 0 0 0 0 0 0 0 0 0 0 0 0
 0 0 0 0 0 0 0 0 0 0 0 0 0 0 0 0 0 0 0 0 0 0 0 0 0 0
 0 0 0 0 0 0 0 0 0 0 0 0 0 0 0 0 0 0 0 0 0 0 0 0 0 0
 0 0 0 0 0 0 0 0 0 0 0 0 0 0 0 0 0 0 0 0 0 0 0 0 0 0
 0 0 0 0 0 0 0 0 0 0 0 0 0 0 0 0 0 0 0 0 0 0 0 0 0 0
 0 0 0 0 0 0 0 0 0 0 0 0 0 0 0 0 0 0 0 0 0 0 0 0 0 0
ppred_pel_tallas
 1.11799e-16 4.34781e-05 0.000422623 0.00280848 0.0127669 0.0397228 0.084634 0.123528 0.12354 0.0846918 0.0399183 0.0133381 0.0042658 0.00368247 0.00646405 0.0112148 0.0175382 0.0249356 0.0328186 0.0407432 0.0483655 0.0550805 0.0597612 0.0610226 0.0579494 0.0507435
 1.19909e-16 3.87906e-05 0.000377059 0.00250569 0.0113905 0.0354403 0.0755103 0.110216 0.110244 0.0756505 0.0359111 0.0127517 0.00592733 0.00786343 0.0143093 0.0237416 0.0345674 0.0443152 0.0505655 0.0523915 0.0509755 0.0487688 0.047828 0.0486079 0.0499699 0.0501328
 1.15247e-16 5.15867e-05 0.000501441 0.00333225 0.015148 0.047131 0.100418 0.146567 0.146586 0.100508 0.0474319 0.0160188 0.0055251 0.00531162 0.00925596 0.0154037 0.0226224 0.0293891 0.0341989 0.0364124 0.0366169 0.0361208 0.0359933 0.0364235 0.036794 0.0362387
 1.05567e-16 6.54105e-05 0.000635813 0.0042252 0.0192072 0.0597607 0.127327 0.18584 0.185853 0.127391 0.0599753 0.0198276 0.00578433 0.00404545 0.00655908 0.0107889 0.0156539 0.0199443 0.0224821 0.0227526 0.0212082 0.0189352 0.0169497 0.0156759 0.0149177 0.0141942
 1.03659e-16 5.73996e-05 0.000557945 0.00370774 0.0168549 0.0524419 0.111734 0.163084 0.163108 0.11185 0.0528329 0.0179843 0.00654314 0.00674862 0.0118176 0.0194542 0.0280392 0.0353055 0.0389832 0.0380329 0.0332615 0.0267639 0.0206548 0.0160779 0.0130653 0.01104
 1.02909e-16 6.39413e-05 0.000621532 0.0041303 0.0187758 0.0584185 0.124467 0.181667 0.181682 0.124543 0.0586745 0.0195159 0.00599031 0.00468911 0.00781 0.0128651 0.018654 0.023724 0.0266299 0.026693 0.0243729 0.0208974 0.0174659 0.014668 0.012459 0.0105209
 1.05145e-16 4.28004e-05 0.000416036 0.0027647 0.012568 0.0391038 0.0833162 0.12161 0.121647 0.0834967 0.0397101 0.0143194 0.00716261 0.0100215 0.0182996 0.0302227 0.0436215 0.0550432 0.0609905 0.059847 0.0528197 0.0430706 0.0337716 0.0266082 0.0216043 0.0179219
 1.10784e-16 4.01e-05 0.000389786 0.00259027 0.011775 0.0366365 0.078059 0.113935 0.113963 0.0781942 0.0370909 0.0130903 0.0059031 0.00765897 0.013955 0.023293 0.0342196 0.0444335 0.0515768 0.0545153 0.0538865 0.0513961 0.0484906 0.0455356 0.0420201 0.0373516
 1.13717e-16 4.721e-05 0.000458898 0.00304954 0.0138628 0.0431323 0.0918988 0.134133 0.134155 0.0920036 0.0434847 0.0148827 0.0056177 0.0060918 0.0108243 0.0180309 0.0264731 0.0343729 0.0399597 0.0424691 0.0425575 0.0417043 0.0410909 0.0408747 0.0403215 0.0385028
 1.07752e-16 6.1509e-05 0.00059789 0.00397319 0.0180615 0.0561962 0.119733 0.174756 0.174771 0.119805 0.0564402 0.0187669 0.00574669 0.00447962 0.00746407 0.0123238 0.0179433 0.0229905 0.0261612 0.0268906 0.0256824 0.0237195 0.0220684 0.0211077 0.0205268 0.0197326
 1.02361e-16 7.01991e-05 0.00068236 0.00453452 0.0206133 0.0641356 0.136648 0.199444 0.199455 0.136702 0.0643162 0.021135 0.00584465 0.00354397 0.00550972 0.00901051 0.0130045 0.016422 0.0182258 0.0179457 0.0159547 0.0132058 0.0106456 0.00876243 0.00753112 0.00665662
 1.02746e-16 5.00842e-05 0.000486837 0.0032352 0.0147068 0.0457584 0.0974943 0.142303 0.142335 0.0976542 0.0462952 0.0162569 0.00712559 0.00897752 0.0161693 0.0266358 0.0383268 0.0481157 0.0528463 0.0510587 0.043855 0.0341496 0.024931 0.0178892 0.0131935 0.0101499
 1.04554e-16 5.67174e-05 0.000551313 0.00366367 0.0166545 0.0518185 0.110406 0.161144 0.161163 0.1105 0.0521361 0.0175733 0.00597519 0.00561464 0.00972344 0.0161166 0.0235171 0.0302097 0.0344615 0.0354368 0.0336238 0.0303657 0.0269143 0.0237911 0.0208444 0.0177383
 1.01327e-16 7.55977e-05 0.000734837 0.00488325 0.0221985 0.0690679 0.147157 0.214781 0.214786 0.147185 0.069162 0.0224704 0.00556632 0.00222797 0.00291723 0.00471879 0.00682757 0.00866555 0.00969966 0.00968801 0.00881534 0.00755317 0.00635836 0.00544866 0.00478816 0.0042241
 1.01138e-16 5.98879e-05 0.000582132 0.00386847 0.0175855 0.0547152 0.116578 0.170153 0.170178 0.116697 0.0551153 0.0187405 0.00676577 0.00690125 0.0120443 0.0197728 0.0283744 0.0354645 0.0386563 0.0368518 0.0309047 0.0230682 0.0156845 0.0101242 0.00658061 0.00453419
 1.0056e-16 7.71799e-05 0.000750216 0.00498545 0.0226631 0.0705135 0.150237 0.219276 0.21928 0.150259 0.0705887 0.0228806 0.00553194 0.00194503 0.00235164 0.00377921 0.00546798 0.00694039 0.00776327 0.00773193 0.00697849 0.0058651 0.00475171 0.00382514 0.00308968 0.00246849
 1.01618e-16 3.58146e-05 0.00034813 0.00231345 0.0105166 0.0327215 0.0697184 0.101767 0.101818 0.0699694 0.033564 0.012949 0.00841497 0.0136541 0.0252659 0.041607 0.0596843 0.0745311 0.0811095 0.0770976 0.0642997 0.0474875 0.0316368 0.0196831 0.0120732 0.00773373
 1.01253e-16 7.66606e-05 0.000745168 0.0049519 0.0225106 0.070039 0.149226 0.2178 0.217803 0.149241 0.070091 0.0226615 0.00533291 0.00158436 0.0016922 0.00273277 0.00406036 0.00537771 0.00642779 0.00707578 0.00735475 0.00738516 0.0072434 0.00690324 0.00629214 0.00539266
 1.01307e-16 5.80505e-05 0.000564271 0.00374978 0.017046 0.0530365 0.113001 0.164934 0.16496 0.113131 0.0534739 0.0183086 0.00691683 0.00747036 0.0131517 0.0215926 0.0309644 0.0386572 0.042058 0.0399724 0.0333558 0.0247054 0.0166159 0.0106034 0.00686812 0.00480442
 1.03683e-16 5.10683e-05 0.000496402 0.00329877 0.0149957 0.0466575 0.0994097 0.145097 0.145124 0.0995409 0.0470983 0.0162701 0.00650163 0.00750165 0.0133942 0.0221632 0.0321538 0.0409112 0.0459404 0.0460448 0.0419716 0.0357852 0.0295209 0.0242098 0.0198501 0.0160124
 1.05245e-16 5.733e-05 0.000557268 0.00370324 0.0168344 0.0523782 0.111598 0.162884 0.162904 0.111692 0.0526925 0.0177434 0.00598905 0.00556103 0.00960111 0.0158889 0.0231346 0.0296228 0.0336345 0.0343691 0.032374 0.029071 0.0257829 0.0230545 0.0206792 0.0181935
 1.03676e-16 6.42616e-05 0.000624645 0.00415099 0.0188698 0.058711 0.125091 0.182577 0.182592 0.125166 0.058963 0.0195981 0.00598072 0.00462424 0.00767587 0.0126295 0.0182857 0.0232056 0.0259682 0.0259247 0.0235705 0.0201714 0.0169576 0.0145209 0.0127726 0.0113056
 1.06352e-16 3.47203e-05 0.000337494 0.00224277 0.0101953 0.0317217 0.0675881 0.0986562 0.098701 0.067807 0.0324569 0.0123194 0.00757582 0.0119845 0.0221689 0.036633 0.0528581 0.0666618 0.0737956 0.0722968 0.0636374 0.0516756 0.0402925 0.0315685 0.0255555 0.0212353
 1.04014e-16 6.93608e-05 0.000674212 0.00448038 0.0203671 0.0633698 0.135016 0.197062 0.197069 0.13505 0.0634849 0.0207009 0.00532293 0.00252901 0.00363742 0.00602254 0.00894703 0.0118334 0.0141288 0.0155605 0.0162434 0.0164911 0.0165024 0.0162061 0.0153739 0.0138577
 1.03415e-16 5.62331e-05 0.000546606 0.00363239 0.0165123 0.0513761 0.109463 0.15977 0.159797 0.109591 0.0518065 0.0177553 0.00675127 0.00735173 0.0129706 0.0213295 0.0306657 0.0384549 0.0421731 0.0406795 0.0349123 0.0272733 0.0202052 0.0150551 0.0118801 0.00999066
 1.06682e-16 3.99432e-05 0.000388262 0.00258014 0.011729 0.0364933 0.0777542 0.113492 0.113527 0.0779267 0.0370728 0.0134042 0.00679105 0.00959984 0.0175903 0.0291625 0.0423433 0.0539486 0.0607282 0.061138 0.0561797 0.0485642 0.0409316 0.0345663 0.0293698 0.0246787
 1.05967e-16 6.29828e-05 0.000612215 0.00406839 0.0184943 0.0575427 0.122601 0.178943 0.178954 0.122659 0.0577368 0.0190563 0.00548454 0.00372142 0.00602028 0.00999074 0.0147101 0.0191828 0.0224294 0.0239938 0.0241618 0.0236455 0.023006 0.0223059 0.0212183 0.0193988
 1.04356e-16 5.9409e-05 0.000577477 0.00383754 0.0174449 0.0542777 0.115645 0.168792 0.168813 0.115748 0.0546247 0.0184474 0.00635434 0.00607303 0.0105007 0.017278 0.0249155 0.0314063 0.0347542 0.0340613 0.0300672 0.0246418 0.0196446 0.0160378 0.013767 0.0122309
 1.07905e-16 3.26786e-05 0.000317648 0.00211088 0.0095958 0.0298563 0.0636137 0.0928551 0.0928985 0.0638258 0.0305689 0.0116551 0.00728454 0.0116266 0.0215541 0.0356956 0.0516837 0.06555 0.0732488 0.0728897 0.0658071 0.055533 0.0455549 0.0376427 0.0317266 0.0268721
 1.15029e-16 3.96805e-05 0.000385709 0.00256317 0.0116518 0.0362533 0.0772422 0.112742 0.112763 0.0773479 0.0366091 0.0126836 0.00516847 0.00612459 0.0110905 0.0186701 0.0278254 0.0369579 0.0444255 0.0494369 0.0523672 0.0541493 0.0552901 0.0554013 0.053585 0.0492261
 1.05467e-16 7.06869e-05 0.000687102 0.00456604 0.0207565 0.0645813 0.137598 0.200829 0.200836 0.137632 0.0646977 0.0210932 0.00541325 0.00254394 0.00361934 0.00593148 0.008683 0.0112374 0.0130095 0.0137653 0.0137601 0.013533 0.013517 0.0137728 0.0140155 0.0138504
pSPR Fmed_Fpbrs
0.554987   0.6 0.325
Fs Fmed_Fpbrs
0.337356   0.288414 0.709461
SSBpbr Bo_Bmed_Bpbrs
1.52106e+06  768113  836581 418291
Ro
143675
SPR SPRFo_SPRFmed_SPRFpbrs
1.0255e+06 569138 333287
Fref
0.288414
Nvult_r0
 171570 13994.2 5530.7 5423.26 1800.9
CTP_r0
 30664.5 3176.55 1255.42 1231.03 408.787
YTP_r0
391303
Np
 189953 56431.7 19882.4 1458.14 735.16
Nvult_p0
 133522 40873 14400.7 1056.12 532.471
CTP_p0
 23513.9 11692.1 857.482 338.888 423.446
 23513.9 9149.5 3223.61 236.414 119.195
YTP_p0
 403447 405030
CBA_c0
403922
log_Ro
11.6953
likeval ReclasPelacesDesembMPH_pf_preclas_ppelaces_ptallas_desvR_qrecl_qpela
 18.6544 18.2706 0.0688935 49.3803 248.933 120.551 100.107 0 22.586 2.86917e-06 1.69106e-05 0.291271 9.15519e-16 0 0
q_reclas_q_pelaces
1.27128 1.79508
M
1
N
 179847 36265.3 100338 6375.22 0.232432
 97322.3 57597.6 11065.2 30615.1 1945.27
 98462.9 27786.5 15051.2 2891.54 8508.59
 171870 28280.8 7319.91 3965 3003.18
 139504 44600.5 6496.58 1681.51 1600.71
 238860 45976.4 14145.1 2060.4 1040.96
 97763.5 71648.8 12842.1 3951.01 866.272
 44098.3 22960.1 14385.3 2578.39 967.194
 41246.3 15079.4 7653.26 4795.05 1181.85
 56761.6 11373.1 3759.55 1908.09 1490.14
 119213 14267.2 2502.51 827.245 747.742
 72235.3 40394.5 4697.46 823.95 518.564
 52569.8 16559.2 7849.75 912.846 260.887
 133091 9060.09 2189.79 1038.05 155.214
 74100.6 25650.9 1393.21 336.732 183.493
 349507 17473.2 5178.23 281.251 105.02
 71951.5 84014.9 3620.08 1072.82 80.0271
 601745 19707.9 20759.1 894.48 284.855
 446834 168879 5032.06 5300.45 301.121
 277148 118066 39751.1 1184.45 1318.51
 282460 75806.7 29117.9 9803.58 617.291
 392222 79030.9 19276.4 7404.22 2649.86
 89893.4 93831 16267.7 3967.85 2069.53
 317577 24966.1 23622.3 4095.46 1519.93
 259838 95568 7003.89 6626.92 1575.32
 115802 79335.2 27340.1 2003.67 2346.5
 252527 36836.1 23986.3 8266.04 1315.24
 279919 77690.7 10646.7 6932.71 2769.26
 85823.4 88409.1 23264.6 3188.15 2905.26
 64517.1 27416.8 26884.2 7074.5 1852.94
 243684 19282.9 7620.87 7472.83 2481.5
pred_Ctot
 14883.7 3970.93 10986.7 698.066 0.0254506
 14061.4 10843.1 2083.11 5763.5 366.211
 13923.8 5123.8 2775.43 533.196 1568.97
 32925.6 6974.14 1805.12 977.784 740.594
 9265.75 3935 573.179 148.356 141.227
 28343 7154.68 2201.21 320.632 161.99
 23171.9 21597.9 3871.14 1191 261.13
 1976.61 1374.13 860.945 154.313 57.8853
 6685.38 3170.36 1609.06 1008.14 248.477
 11721.4 3011.35 995.453 505.224 394.56
 5988.02 955.639 167.622 55.4102 50.085
 17878 12678.7 1474.4 258.615 162.763
 18763.8 7266.88 3444.8 400.596 114.488
 42184.4 3571.92 863.318 409.249 61.1928
 17432.2 7678.16 417.033 100.795 54.9256
 79250.9 5052.89 1497.43 81.3319 30.3695
 11900.1 18008.7 775.97 229.96 17.1539
 92200.8 3925.84 4135.23 178.181 56.7433
 81749 39861.7 1187.75 1251.1 71.0756
 46028.9 25408.7 8554.75 254.904 283.753
 43713.5 15246.4 5856.24 1971.71 124.15
 89774.8 23056.2 5623.64 2160.08 773.06
 14246.7 19307.1 3347.32 816.444 425.836
 37137.1 3830.45 3624.28 628.35 233.198
 28356.7 13710.2 1004.78 950.702 225.996
 10024.6 9078.3 3128.52 229.28 268.509
 26516.6 5089.88 3314.34 1142.17 181.735
 25344.2 9289.32 1273 828.929 331.114
 7223.67 9842.22 2589.95 354.924 323.431
 7779.65 4333.59 4249.4 1118.22 292.881
 30664.5 3176.55 1255.42 1231.03 408.787
F
 0.138627 0.187052 0.187052 0.187052 0.187052
 0.253476 0.34202 0.34202 0.34202 0.34202
 0.247498 0.333954 0.333954 0.333954 0.333954
 0.348995 0.470906 0.470906 0.470906 0.470906
 0.109964 0.148377 0.148377 0.148377 0.148377
 0.2041 0.275396 0.275396 0.275396 0.275396
 0.448794 0.605566 0.605566 0.605566 0.605566
 0.0730934 0.0986264 0.0986264 0.0986264 0.0986264
 0.288314 0.389028 0.389028 0.389028 0.389028
 0.380898 0.513954 0.513954 0.513954 0.513954
 0.0822186 0.110939 0.110939 0.110939 0.110939
 0.472987 0.638211 0.638211 0.638211 0.638211
 0.758262 1.02314 1.02314 1.02314 1.02314
 0.646452 0.87227 0.87227 0.87227 0.87227
 0.444754 0.600115 0.600115 0.600115 0.600115
 0.425529 0.574174 0.574174 0.574174 0.574174
 0.29497 0.398009 0.398009 0.398009 0.398009
 0.27065 0.365193 0.365193 0.365193 0.365193
 0.330942 0.446547 0.446547 0.446547 0.446547
 0.296364 0.39989 0.39989 0.39989 0.39989
 0.273697 0.369304 0.369304 0.369304 0.369304
 0.430334 0.580658 0.580658 0.580658 0.580658
 0.281107 0.379303 0.379303 0.379303 0.379303
 0.200881 0.271053 0.271053 0.271053 0.271053
 0.186377 0.251483 0.251483 0.251483 0.251483
 0.145407 0.1962 0.1962 0.1962 0.1962
 0.17878 0.241232 0.241232 0.241232 0.241232
 0.152524 0.205804 0.205804 0.205804 0.205804
 0.141135 0.190436 0.190436 0.190436 0.190436
 0.207709 0.280266 0.280266 0.280266 0.280266
 0.217624 0.293645 0.293645 0.293645 0.293645
YTP_r0W_actual
 254515 44789.4 34649.5 42101.1 15247.8
YTP_p0W_proyectada
 176119 183216 19833.6 9953.14 14325.2
 176119 143373 74562.2 6943.49 4032.35
CTP_r0_actual
 30664.5 3176.55 1255.42 1231.03 408.787
CTP_p0_proyectada
 23513.9 11692.1 857.482 338.888 423.446
 23513.9 9149.5 3223.61 236.414 119.195
Wmedp
 7.49 15.67 23.13 29.37 33.83
Frms_r0
 0.217624 0.293645 0.293645 0.293645 0.293645
Zrms_r0
 1.21762 1.29364 1.29364 1.29364 1.29364
nmprior
 8.19 8.8 8.5 0
nm_flota  nm_reclas  nm_pelaces    nm_pelaL
inf 13.8477 19.7626 48.3724
cv_recla  cv_pelaces  cv_mph
0.390675 0.484673 0.650584
 ------------------------------------------------
Talla a la edad & desviaci?n 
 8 13.2811 15.8009 17.003 17.5766
 0.8 1.32811 1.58009 1.7003 1.75766
