years
 1991 1992 1993 1994 1995 1996 1997 1998 1999 2000 2001 2002 2003 2004 2005 2006 2007 2008 2009 2010 2011 2012 2013 2014 2015 2016 2017 2018 2019 2020 2021
reclasobs
 0 0 0 0 0 0 0 0 0 252601 567819 844713 477998 351125 339783 2.1784e+06 2.13404e+06 4.81314e+06 1.55562e+06 2.62356e+06 3.21686e+06 3.843e+06 1.13348e+06 3.07943e+06 1.97215e+06 2.03268e+06 2.025e+06 2.42433e+06 2.27542e+06 1.05018e+06 2.36338e+06
reclaspred
 3.34717e+06 1.85834e+06 946488 1.03879e+06 1.09611e+06 1.79781e+06 1.1391e+06 1.02656e+06 749743 554912 686621 616258 371877 629032 592136 1.30659e+06 1.16623e+06 2.97082e+06 2.81009e+06 2.0609e+06 2.97084e+06 1.9573e+06 1.43708e+06 2.80842e+06 2.21161e+06 2.02449e+06 2.43428e+06 2.58032e+06 2.08581e+06 1.31895e+06 1.95459e+06
pelacesobs
 0 0 0 0 0 0 0 0 0 0 0 0 0 0 0 552880 188675 0 991730 2.46772e+06 1.41603e+06 1.21717e+06 2.29649e+06 1.80582e+06 0 1.4828e+06 1.56532e+06 1.57751e+06 1.42118e+06 867257 1.10002e+06
pelacespred
 1.98658e+06 1.21776e+06 612464 536660 602539 1.013e+06 614412 677952 480791 335693 418995 311503 190152 373325 355950 633897 590821 1.68604e+06 1.67824e+06 1.16522e+06 1.55211e+06 1.12728e+06 828992 1.76351e+06 1.34166e+06 1.24784e+06 1.68576e+06 1.76344e+06 1.21866e+06 865520 1.23581e+06
mphobs
 0 0 0 0 0 0 0 0 0 0 0 498337 0 5186 125008 0 168611 109162 213762 579715 649985 157893 87575 83554 0 0 0 0 0 0 0
mphpred
 539593 361846 177989 99089 120199 145229 196283 123182 110798 76655.4 51717.7 87280.6 55933.4 27117.5 50157.2 58584.2 153781 136783 316374 278168 288385 266849 203690 160642 300692 262110 221958 238198 332490 223193 135232
desembarqueobs
 494567 514787 250237 358949 120608 361735 552515 73892 212993 205616 52469 317467 293654 387597 252695 516296 358380 742168 942051 627588 828172 859565 418607 520667 417249 300574 415391 372974 316634 284311 391294
desembarquepred
 494575 513507 250917 358980 120614 361753 552576 73896.6 213047 205658 52469.9 317717 293999 387496 252685 516274 358438 742071 941719 627432 828403 859751 418631 520687 417245 300578 415396 372959 316629 284325 391303
Reclutas
 185817 102714 104693 188761 153554 258281 107657 50058.8 46351.7 63062.2 127256 76521.8 57258.2 139045 81254.6 378699 79524.9 657626 478986 296164 305678 417326 99029.9 349958 288434 129152 280358 310992 95794.2 72245 270896
log_desv_Rt
 0.170196 -0.422614 -0.40353 0.185916 -0.0205148 0.499483 -0.375612 -1.14137 -1.21831 -0.910445 -0.208363 -0.716991 -1.007 -0.119769 -0.656979 0.882176 -0.678496 1.43407 1.1171 0.636346 0.667966 0.979302 -0.459144 0.803248 0.609901 -0.193579 0.581503 0.685201 -0.492365 -0.774503 0.547167
SSB
 2.59194e+06 1.73813e+06 854973 475975 577378 697607 942846 591706 532220 368215 248427 419253 268677 130259 240931 281410 738688 657038 1.51971e+06 1.33618e+06 1.38526e+06 1.28181e+06 978428 771643 1.44438e+06 1.25905e+06 1.06618e+06 1.14418e+06 1.59712e+06 1.07211e+06 649587
BT
 3.56777e+06 2.43675e+06 1.21832e+06 1.18141e+06 1.07548e+06 1.98754e+06 1.48269e+06 1.1692e+06 991544 745898 741460 775606 584715 1.04892e+06 851512 1.49386e+06 1.24147e+06 3.50764e+06 3.67081e+06 2.45782e+06 3.20898e+06 2.67426e+06 1.71442e+06 3.45993e+06 2.56257e+06 2.29298e+06 3.22811e+06 3.30976e+06 2.2117e+06 1.66111e+06 2.44615e+06
Ftot
 0.162996 0.298001 0.290188 0.410542 0.129582 0.245119 0.52757 0.0835402 0.326143 0.423128 0.0972152 0.570417 0.859462 0.7779 0.524675 0.50633 0.345843 0.320901 0.396871 0.352942 0.32316 0.510217 0.327811 0.236427 0.220224 0.170835 0.210051 0.180535 0.166812 0.239731 0.253529
BD_Bspro_t
 0.974328 0.818578 0.639161 0.548821 0.56371 0.653122 0.652394 0.49496 0.555812 0.515001 0.487924 0.684879 0.456071 0.27898 0.382786 0.409796 0.531891 0.491467 0.628792 0.561633 0.520437 0.50328 0.473244 0.458866 0.638338 0.655262 0.666245 0.706352 0.755883 0.682379 0.60857
BD_Bspro
 2.31687 1.55367 0.764238 0.425462 0.516103 0.623573 0.842785 0.528911 0.475737 0.329138 0.222062 0.37476 0.240163 0.116435 0.215362 0.251545 0.660294 0.587309 1.35843 1.19438 1.23825 1.14578 0.874591 0.689752 1.29109 1.12543 0.95303 1.02276 1.42762 0.958332 0.580649
BD_Bo
 1.57341 1.05511 0.519002 0.288936 0.350491 0.423475 0.572345 0.359189 0.323078 0.223521 0.150805 0.254503 0.163097 0.0790724 0.146254 0.170827 0.448413 0.398848 0.922522 0.811116 0.840909 0.778111 0.593944 0.468418 0.876793 0.764291 0.647213 0.694565 0.969515 0.650814 0.394325
BD_Brms
 2.86075 1.91839 0.943641 0.525338 0.637257 0.769955 1.04063 0.653071 0.587415 0.406402 0.27419 0.462733 0.296541 0.143768 0.265917 0.310594 0.815296 0.725178 1.67731 1.47476 1.52893 1.41475 1.0799 0.851669 1.59417 1.38962 1.17675 1.26285 1.76276 1.1833 0.716955
Sel_flota
 0.747606 0.982542 0.999066 0.999951 0.999997
 0.747606 0.982542 0.999066 0.999951 0.999997
 0.747606 0.982542 0.999066 0.999951 0.999997
 0.747606 0.982542 0.999066 0.999951 0.999997
 0.747606 0.982542 0.999066 0.999951 0.999997
 0.747606 0.982542 0.999066 0.999951 0.999997
 0.747606 0.982542 0.999066 0.999951 0.999997
 0.747606 0.982542 0.999066 0.999951 0.999997
 0.747606 0.982542 0.999066 0.999951 0.999997
 0.747606 0.982542 0.999066 0.999951 0.999997
 0.747606 0.982542 0.999066 0.999951 0.999997
 0.747606 0.982542 0.999066 0.999951 0.999997
 0.747606 0.982542 0.999066 0.999951 0.999997
 0.747606 0.982542 0.999066 0.999951 0.999997
 0.747606 0.982542 0.999066 0.999951 0.999997
 0.747606 0.982542 0.999066 0.999951 0.999997
 0.747606 0.982542 0.999066 0.999951 0.999997
 0.747606 0.982542 0.999066 0.999951 0.999997
 0.747606 0.982542 0.999066 0.999951 0.999997
 0.747606 0.982542 0.999066 0.999951 0.999997
 0.747606 0.982542 0.999066 0.999951 0.999997
 0.747606 0.982542 0.999066 0.999951 0.999997
 0.747606 0.982542 0.999066 0.999951 0.999997
 0.747606 0.982542 0.999066 0.999951 0.999997
 0.747606 0.982542 0.999066 0.999951 0.999997
 0.747606 0.982542 0.999066 0.999951 0.999997
 0.747606 0.982542 0.999066 0.999951 0.999997
 0.747606 0.982542 0.999066 0.999951 0.999997
 0.747606 0.982542 0.999066 0.999951 0.999997
 0.747606 0.982542 0.999066 0.999951 0.999997
 0.747606 0.982542 0.999066 0.999951 0.999997
Sel_reclas
 1 1 1 1 1
 1 1 1 1 1
 1 1 1 1 1
 1 1 1 1 1
 1 1 1 1 1
 1 1 1 1 1
 1 1 1 1 1
 1 1 1 1 1
 1 1 1 1 1
 1 1 1 1 1
 1 1 1 1 1
 1 1 1 1 1
 1 1 1 1 1
 1 1 1 1 1
 1 1 1 1 1
 1 1 1 1 1
 1 1 1 1 1
 1 1 1 1 1
 1 1 1 1 1
 1 1 1 1 1
 1 1 1 1 1
 1 1 1 1 1
 1 1 1 1 1
 1 1 1 1 1
 1 1 1 1 1
 1 1 1 1 1
 1 1 1 1 1
 1 1 1 1 1
 1 1 1 1 1
 1 1 1 1 1
 1 1 1 1 1
Sel_pelaces
 0.902313 0.978941 0.995744 0.999151 0.999831
 0.902313 0.978941 0.995744 0.999151 0.999831
 0.902313 0.978941 0.995744 0.999151 0.999831
 0.902313 0.978941 0.995744 0.999151 0.999831
 0.902313 0.978941 0.995744 0.999151 0.999831
 0.902313 0.978941 0.995744 0.999151 0.999831
 0.902313 0.978941 0.995744 0.999151 0.999831
 0.902313 0.978941 0.995744 0.999151 0.999831
 0.902313 0.978941 0.995744 0.999151 0.999831
 0.902313 0.978941 0.995744 0.999151 0.999831
 0.902313 0.978941 0.995744 0.999151 0.999831
 0.902313 0.978941 0.995744 0.999151 0.999831
 0.902313 0.978941 0.995744 0.999151 0.999831
 0.902313 0.978941 0.995744 0.999151 0.999831
 0.902313 0.978941 0.995744 0.999151 0.999831
 0.902313 0.978941 0.995744 0.999151 0.999831
 0.902313 0.978941 0.995744 0.999151 0.999831
 0.902313 0.978941 0.995744 0.999151 0.999831
 0.902313 0.978941 0.995744 0.999151 0.999831
 0.902313 0.978941 0.995744 0.999151 0.999831
 0.902313 0.978941 0.995744 0.999151 0.999831
 0.902313 0.978941 0.995744 0.999151 0.999831
 0.902313 0.978941 0.995744 0.999151 0.999831
 0.902313 0.978941 0.995744 0.999151 0.999831
 0.902313 0.978941 0.995744 0.999151 0.999831
 0.902313 0.978941 0.995744 0.999151 0.999831
 0.902313 0.978941 0.995744 0.999151 0.999831
 0.902313 0.978941 0.995744 0.999151 0.999831
 0.902313 0.978941 0.995744 0.999151 0.999831
 0.902313 0.978941 0.995744 0.999151 0.999831
 0.902313 0.978941 0.995744 0.999151 0.999831
pf_obs 
 0.8446 0.082 0.0669 0.0065 0
 0.8095 0.147 0.0364 0.0071 0
 0.9664 0.0169 0.016 0.0007 0
 0.9276 0.0648 0.0075 0.0001 0
 0.7033 0.2144 0.0806 0.0017 0
 0.9318 0.0425 0.0243 0.0014 0
 0.5671 0.3108 0.0964 0.0239 0.0018
 0.0768 0.2599 0.5324 0.112 0.0189
 0.490249 0.384438 0.106611 0.0170017 0.00170017
 0.7925 0.1577 0.0466 0.003 0.0002
 0.840416 0.127587 0.0312969 0.00059994 9.999e-05
 0.8084 0.0986 0.0794 0.0134 0.0002
 0.7335 0.1905 0.0724 0.0035 0.0001
 0.4001 0.4547 0.1325 0.0127 0
 0.49795 0.308269 0.164784 0.0264974 0.00249975
 0.9179 0.0499 0.0305 0.0017 0
 0.2467 0.6533 0.0926 0.0074 0
 0.9418 0.0223 0.034 0.0019 0
 0.707729 0.231977 0.0356964 0.0245975 0
 0.517169 0.277429 0.184464 0.0207286 0.00020938
 0.811772 0.124168 0.05621 0.00726502 0.000585176
 0.764997 0.148141 0.077277 0.00933861 0.000247198
 0.163321 0.427699 0.378323 0.0303852 0.000271297
 0.753843 0.0900009 0.118128 0.0371064 0.000921714
 0.721811 0.176058 0.0630433 0.0369309 0.00215725
 0.143369 0.312575 0.442814 0.0836902 0.0175525
 0.692698 0.0596174 0.167031 0.0765114 0.00414204
 0.394062 0.376323 0.152708 0.0712218 0.00568511
 0.125707 0.32114 0.495352 0.0537591 0.00404204
 0.23352 0.215282 0.420074 0.123614 0.00750983
 0.796117 0.104755 0.0508955 0.0450114 0.00322123
pf_pred 
 0.463317 0.125407 0.387839 0.0234367 8.32767e-07
 0.416198 0.313415 0.0640353 0.194603 0.0117492
 0.571545 0.211152 0.117719 0.0236022 0.0759809
 0.756324 0.157227 0.0430215 0.0235374 0.0198904
 0.652517 0.281788 0.0426964 0.0114515 0.0115471
 0.736592 0.187788 0.0615246 0.00916372 0.00493146
 0.461886 0.425383 0.0807949 0.025988 0.00594787
 0.439977 0.305894 0.201794 0.0375218 0.0148143
 0.516889 0.245978 0.130519 0.0846738 0.0219407
 0.689371 0.184681 0.0647462 0.0337015 0.0275007
 0.813514 0.140727 0.0274328 0.00942589 0.00890018
 0.545274 0.38745 0.0509824 0.00977151 0.00652169
 0.616134 0.241598 0.121616 0.0156552 0.0049972
 0.87808 0.0859892 0.0228264 0.0112042 0.00190008
 0.674326 0.297504 0.0200115 0.00518517 0.00297287
 0.917418 0.0614199 0.019368 0.00127525 0.000519276
 0.380933 0.581703 0.0279395 0.00862636 0.000798359
 0.912329 0.0399756 0.044869 0.00211372 0.000712273
 0.64985 0.327204 0.010572 0.0116411 0.000732436
 0.560772 0.315434 0.115835 0.0036688 0.00428942
 0.645649 0.22542 0.0931004 0.0335299 0.00230115
 0.728725 0.193566 0.0497842 0.0201703 0.00775487
 0.369328 0.498433 0.0949376 0.0239067 0.0133945
 0.809042 0.0847177 0.0843042 0.0157528 0.00618287
 0.638779 0.307527 0.0240653 0.0235156 0.00611265
 0.438253 0.394884 0.142449 0.010948 0.0134657
 0.726216 0.139546 0.0948578 0.0336234 0.00575702
 0.680815 0.24929 0.0359432 0.0239986 0.00995348
 0.354012 0.477832 0.131851 0.0186784 0.0176269
 0.432582 0.239329 0.243799 0.0661047 0.0181846
 0.828336 0.087175 0.0360185 0.0360272 0.0124436
pobs_RECLAS
 0 0 0 0 0
 0 0 0 0 0
 0 0 0 0 0
 0 0 0 0 0
 0 0 0 0 0
 0 0 0 0 0
 0 0 0 0 0
 0 0 0 0 0
 0 0 0 0 0
 0 0 0 0 0
 0.991045 0.00858322 0.000360255 1.14367e-05 0
 0.934742 0.0480273 0.0164251 0.00080598 0
 0.827803 0.169806 0.00239088 0 0
 0.941827 0.0461693 0.0120037 0 0
 0.791401 0.0380133 0.147996 0.0225897 0
 0.846168 0.0940531 0.0597789 0 0
 0.134021 0.677848 0.182769 0.00536245 0
 0.80878 0.0450904 0.141981 0.00414843 0
 0.846168 0.0940531 0.0597789 0 0
 0.905697 0.0802665 0.012482 0.00150086 5.37128e-05
 0.989698 0.0102097 9.19794e-05 0 0
 0.975433 0.0193895 0.00387452 0.00125025 5.28907e-05
 0.303575 0.632131 0.0575291 0.00676475 0
 0.966965 0.00978017 0.0227588 0.000495775 0
 0.843318 0.132988 0.00938335 0.0141283 0.000182051
 0.564624 0.303363 0.111486 0.0197234 0.00080311
 0.826376 0.0876187 0.0782897 0.00655872 0.00115652
 0.89761 0.0855135 0.0140674 0.00269457 0.000114338
 0.34875 0.467042 0.161289 0.0227151 0.000203297
 0.318654 0.224769 0.449479 0.00709798 0
 0.937255 0.0296025 0.0250945 0.00804832 0
ppred_RECLAS
 0.535645 0.109925 0.334249 0.0201802 7.1702e-07
 0.487569 0.277377 0.0557062 0.169137 0.0102111
 0.640434 0.178786 0.0979769 0.019626 0.0631776
 0.805775 0.126114 0.0339113 0.018536 0.0156631
 0.712874 0.233595 0.034802 0.00932583 0.0094032
 0.787881 0.151969 0.048946 0.0072836 0.00391948
 0.534643 0.369249 0.0688996 0.022141 0.00506715
 0.510349 0.269515 0.174833 0.0324797 0.012823
 0.588424 0.211373 0.110238 0.0714513 0.0185136
 0.748129 0.150834 0.0519638 0.0270229 0.0220499
 0.852267 0.111951 0.0214594 0.00736685 0.00695565
 0.616237 0.327856 0.0423771 0.00811448 0.00541548
 0.68597 0.199026 0.0983242 0.0126443 0.00403591
 0.906998 0.0659565 0.017188 0.00842835 0.00142925
 0.7344 0.243002 0.0160581 0.00415688 0.00238319
 0.936988 0.0470772 0.0145849 0.000959417 0.000390651
 0.449494 0.517823 0.0244448 0.00754043 0.000697824
 0.932947 0.0308623 0.0340479 0.00160248 0.000539972
 0.711555 0.269857 0.00856858 0.00942636 0.000593059
 0.629764 0.267185 0.0964325 0.00305146 0.00356747
 0.708364 0.186702 0.0757912 0.0272711 0.00187151
 0.782532 0.155971 0.0394112 0.0159526 0.006133
 0.437783 0.445956 0.0834888 0.0210044 0.0117679
 0.849678 0.0673309 0.0658682 0.0122967 0.00482617
 0.700764 0.255416 0.0196497 0.0191835 0.00498633
 0.508453 0.347284 0.123173 0.009458 0.0116325
 0.779364 0.113409 0.0757905 0.0268405 0.00459543
 0.738574 0.204953 0.0290536 0.019381 0.00803796
 0.420654 0.430442 0.116779 0.0165284 0.0155972
 0.504363 0.211149 0.21145 0.0572816 0.0157567
 0.865494 0.0688978 0.0279841 0.0279655 0.00965863
pobs_PELACES
 0 0 0 0 0
 0 0 0 0 0
 0 0 0 0 0
 0 0 0 0 0
 0 0 0 0 0
 0 0 0 0 0
 0 0 0 0 0
 0 0 0 0 0
 0 0 0 0 0
 0 0 0 0 0
 0 0 0 0 0
 0 0 0 0 0
 0 0 0 0 0
 0 0 0 0 0
 0 0 0 0 0
 0 0 0 0 0
 0.505614 0.472636 0.0217494 0 0
 0 0 0 0 0
 0.443492 0.261883 0.143347 0.151278 0
 0.227955 0.32914 0.350689 0.0885471 0.00366901
 0.970185 0.0296113 0.000203453 0 0
 0.997202 0.00247181 0.000326279 0 0
 0.445219 0.490057 0.0546422 0.010081 0
 0.90214 0.0892962 0.00764917 0.000914606 0
 0 0 0 0 0
 0.581667 0.319106 0.0959925 0.00289975 0.000334073
 0.762889 0.0836404 0.116647 0.0363945 0.000428098
 0.88444 0.0763242 0.0277011 0.0115352 0
 0.521256 0.241999 0.230069 0.00667565 0
 0.616807 0.101726 0.260614 0.0208532 0
 0.833518 0.0704572 0.0857862 0.0102388 0
ppred_PELACES
 0.515362 0.113303 0.350124 0.02121 7.5412e-07
 0.470927 0.284024 0.0579259 0.176462 0.0106606
 0.624701 0.184995 0.102957 0.0206923 0.0666552
 0.796937 0.131084 0.0357725 0.0196179 0.0165885
 0.697329 0.245429 0.0371663 0.00999309 0.0100828
 0.776439 0.159422 0.0521579 0.00778756 0.00419351
 0.523745 0.376713 0.0712934 0.0229851 0.00526387
 0.48964 0.278727 0.183828 0.0342669 0.0135378
 0.572737 0.217636 0.115248 0.0749468 0.0194325
 0.737559 0.156125 0.0545836 0.028479 0.0232536
 0.842126 0.119112 0.0232116 0.00799543 0.00755427
 0.606866 0.335136 0.0439247 0.00843821 0.00563531
 0.681735 0.200761 0.100412 0.0129538 0.00413745
 0.904843 0.0672097 0.0177397 0.0087267 0.00148084
 0.726101 0.250269 0.0167741 0.00435643 0.00249927
 0.93422 0.0489639 0.0153873 0.00101551 0.000413769
 0.435765 0.53023 0.0254121 0.00786486 0.000728339
 0.928764 0.032514 0.036422 0.00171992 0.000579938
 0.700803 0.279613 0.00901123 0.00994609 0.00062618
 0.616038 0.275904 0.101094 0.00320957 0.00375486
 0.695326 0.19391 0.0799273 0.028855 0.00198155
 0.774541 0.160992 0.0412634 0.016757 0.00644657
 0.423203 0.455978 0.0866751 0.0218786 0.0122659
 0.840208 0.0709227 0.070482 0.0132022 0.00518504
 0.686517 0.266878 0.0208588 0.0204323 0.00531452
 0.490161 0.358443 0.129192 0.00995367 0.0122504
 0.766472 0.119051 0.0808335 0.0287226 0.00492101
 0.72456 0.215107 0.0309859 0.0207397 0.00860726
 0.402986 0.441633 0.121761 0.0172917 0.0163285
 0.486244 0.216784 0.220531 0.0599418 0.0164996
 0.857073 0.0725808 0.0299446 0.0300248 0.0103769
pobs_pel_tallas
 0 0 0 0 0 0 0 0 0 0 0 0 0 0 0 0 0 0 0 0 0 0 0 0 0 0
 0 0 0 0 0 0 0 0 0 0 0 0 0 0 0 0 0 0 0 0 0 0 0 0 0 0
 0 0 0 0 0 0 0 0 0 0 0 0 0 0 0 0 0 0 0 0 0 0 0 0 0 0
 0 0 0 0 0 0 0 0 0 0 0 0 0 0 0 0 0 0 0 0 0 0 0 0 0 0
 0 0 0 0 0 0 0 0 0 0 0 0 0 0 0 0 0 0 0 0 0 0 0 0 0 0
 0 0 0 0 0 0 0 0 0 0 0 0 0 0 0 0 0 0 0 0 0 0 0 0 0 0
 0 0 0 0 0 0 0 0 0 0 0 0 0 0 0 0 0 0 0 0 0 0 0 0 0 0
 0 0 0 0 0 0 0 0 0 0 0 0 0 0 0 0 0 0 0 0 0 0 0 0 0 0
 0 0 0 0 0 0 0 0 0 0 0 0 0 0 0 0 0 0 0 0 0 0 0 0 0 0
 0 0 0 0 0 0 0 0 0 0 0 0 0 0 0 0 0 0 0 0 0 0 0 0 0 0
 0 0 0 0 0 0 0 0 0 0 0 0 0 0 0 0 0 0 0 0 0 0 0 0 0 0
 0 0 0 0 0 0 0 0 0 0 0 0 0 0 0 0 0 0 0 0 0 0 0 0 0 0
 0.00862536 0 0 0.000197151 0.00414017 0.0128641 0.00837892 0.0270097 0.101434 0.158115 0.152841 0.127902 0.109271 0.109419 0.0830992 0.0579132 0.0238553 0.00714673 0.00463305 0.00128148 0.00103504 0.000492878 0.000147863 0.000147863 4.92878e-05 0
 0 0 0 0 0 0 0 0 0 0 0 0 0 0 0 0 0 0 0 0 0 0 0 0 0 0
 0 0 0 0 0 0 0 0.0054083 0.00873648 0.0413646 0.0450493 0.0745869 0.0622846 0.0627006 0.0613931 0.0827291 0.12552 0.122667 0.0946155 0.0697135 0.0546179 0.0294188 0.0215738 0.0213955 0.0102223 0.00600262
 0 0 0 0 0.00359764 0.0251062 0.0480494 0.140153 0.205849 0.193036 0.1447 0.116669 0.0760912 0.0342217 0.00950174 0.001854 0.000860785 0 0 0 0.000165536 0 0.000143464 0 0 0
 0 0 0 0 0 0 0 0.000145254 0.000435761 0.0275982 0.070085 0.0708112 0.156366 0.174668 0.174014 0.160142 0.0824315 0.0480064 0.0283245 0.00493863 0.00203355 0 0 0 0 0
 0 0 0 0 0 0 0 0 0 0 0 0 0 0 0 0 0 0 0 0 0 0 0 0 0 0
 0 0 1.00437e-05 0.000401748 0.00122533 0.00171747 0.00176769 0.0269171 0.070346 0.194647 0.189555 0.159765 0.064822 0.0314167 0.0384472 0.0292271 0.0345202 0.0313363 0.0194345 0.0106764 0.0143323 0.0359363 0.0279516 0.0138201 0.00172751 0
 0 0.0021121 0.0136068 0.0755702 0.200478 0.177729 0.0527432 0.0373336 0.0318909 0.0142505 0.0149659 0.0166563 0.0217959 0.0798694 0.0677717 0.0528807 0.04013 0.0224614 0.0357745 0.0225083 0.00881397 0.00855152 0.00135912 0.000746735 0 0
 0 0 0 0 5.4009e-05 0.00500934 0.000945158 0.0243581 0.138947 0.33067 0.221406 0.137944 0.0707744 0.0437923 0.0131692 0.00525238 0.0047753 0.00276346 9.45158e-05 9.00151e-06 2.25038e-05 9.00151e-06 4.50075e-06 0 0 0
 0.000866109 0.00284123 0.00948549 0.0512746 0.133035 0.25785 0.225252 0.132002 0.0553304 0.0519788 0.0540692 0.017754 0.00435017 0.00159236 0.00146478 0.000404838 0.000125132 0.000115318 0.000107957 0.000100596 0 0 0 0 0 0
 0 0 0 0 0.00144013 0.00171154 0.00461396 0.0210425 0.0478622 0.0707936 0.0888783 0.103762 0.0637923 0.0337046 0.0602308 0.124433 0.169614 0.0934646 0.0462172 0.0250306 0.0313229 0.00938855 0.002487 0.000210481 0 0
 0 0.00764035 0.051015 0.0998891 0.058973 0.0496711 0.0374665 0.0718981 0.12319 0.153886 0.159021 0.0857701 0.0377988 0.023471 0.0147837 0.00900784 0.00315554 0.000888139 0.00291439 0.00214683 0.00393193 0.00274676 0.000635225 9.99891e-05 0 0
 0 0 0 0 0 0 0 0 0 0 0 0 0 0 0 0 0 0 0 0 0 0 0 0 0 0
 0 0 0 0 0 0 0 0 0 0 0 0 0 0 0 0 0 0 0 0 0 0 0 0 0 0
 0 0 0 0 0 0 0 0 0 0 0 0 0 0 0 0 0 0 0 0 0 0 0 0 0 0
 0 0 0 0 0 0 0 0 0 0 0 0 0 0 0 0 0 0 0 0 0 0 0 0 0 0
 0 0 0 0 0 0 0 0 0 0 0 0 0 0 0 0 0 0 0 0 0 0 0 0 0 0
 0 0 0 0 0 0 0 0 0 0 0 0 0 0 0 0 0 0 0 0 0 0 0 0 0 0
 0 0 0 0 0 0 0 0 0 0 0 0 0 0 0 0 0 0 0 0 0 0 0 0 0 0
ppred_pel_tallas
 1.12261e-16 4.24497e-05 0.000412627 0.00274205 0.012465 0.0387832 0.0826321 0.120606 0.120618 0.0826883 0.0389732 0.0130205 0.00416163 0.00359421 0.00632644 0.0110202 0.0173307 0.024825 0.0329752 0.0413551 0.0495685 0.0568931 0.0620567 0.0635568 0.0604318 0.052921
 1.21246e-16 3.87897e-05 0.00037705 0.00250563 0.0113903 0.0354394 0.0755085 0.110213 0.11024 0.0756427 0.0358905 0.0126943 0.00578421 0.00755248 0.013723 0.0227844 0.033219 0.0426895 0.0489204 0.0510686 0.0502966 0.0489454 0.0489213 0.0505367 0.052541 0.0530775
 1.16374e-16 5.14559e-05 0.000500169 0.0033238 0.0151095 0.0470115 0.100164 0.146195 0.146213 0.100251 0.0473069 0.0159646 0.00547698 0.00522373 0.0090914 0.0151325 0.0222345 0.0289106 0.0336976 0.0359874 0.0363781 0.0361697 0.0364115 0.0372616 0.0380581 0.0378748
 1.05841e-16 6.56427e-05 0.00063807 0.0042402 0.0192753 0.0599728 0.127779 0.1865 0.186512 0.127841 0.0601809 0.0198767 0.00575145 0.00394335 0.00636167 0.0104636 0.0151892 0.0193686 0.0218665 0.0221899 0.0207819 0.0186947 0.0169058 0.0158116 0.0152018 0.0145883
 1.03844e-16 5.74381e-05 0.000558319 0.00371023 0.0168662 0.052477 0.111809 0.163193 0.163217 0.111924 0.0528653 0.0179876 0.00652549 0.0067052 0.011735 0.0193189 0.0278477 0.0350722 0.0387418 0.0378277 0.033133 0.0267375 0.0207375 0.0162612 0.0133304 0.0113614
 1.03037e-16 6.39543e-05 0.000621658 0.00413114 0.0187796 0.0584303 0.124492 0.181704 0.181719 0.124568 0.0586834 0.0195112 0.00596981 0.00464304 0.00772338 0.0127248 0.0184588 0.023493 0.0264035 0.0265212 0.0242984 0.0209408 0.017622 0.014911 0.0127539 0.0108323
 1.0535e-16 4.31403e-05 0.000419339 0.00278665 0.0126677 0.0394143 0.0839776 0.122575 0.122612 0.0841552 0.0400106 0.0143907 0.00711309 0.00986929 0.018006 0.0297409 0.0429369 0.054203 0.0601054 0.0590589 0.05225 0.0427812 0.0337568 0.0268146 0.0219588 0.0183529
 1.11104e-16 4.03311e-05 0.000392032 0.00260519 0.0118429 0.0368477 0.0785088 0.114592 0.114619 0.0786413 0.0372933 0.013133 0.00585511 0.00752433 0.0136966 0.0228694 0.0336186 0.0436983 0.0508079 0.0538427 0.0534248 0.051209 0.0485827 0.0458666 0.0425264 0.0379625
 1.14187e-16 4.71756e-05 0.000458564 0.00304732 0.0138527 0.0431009 0.0918319 0.134036 0.134057 0.0919353 0.0434484 0.0148584 0.00557981 0.00601394 0.0106781 0.0177922 0.026137 0.033968 0.0395511 0.0421436 0.0423989 0.041771 0.0414063 0.0414278 0.041072 0.0393869
 1.08407e-16 6.07518e-05 0.000590529 0.00392427 0.0178392 0.0555044 0.118259 0.172605 0.17262 0.118332 0.0557526 0.0185569 0.00572915 0.00454149 0.00759701 0.0125508 0.0182852 0.0234529 0.0267356 0.0275661 0.0264608 0.0246196 0.0231144 0.0223084 0.0218583 0.0211355
 1.02781e-16 6.93648e-05 0.000674251 0.00448064 0.0203683 0.0633735 0.135024 0.197074 0.197086 0.13508 0.0635621 0.0209133 0.00584923 0.00366411 0.00575426 0.00942095 0.0136075 0.0172055 0.0191381 0.0189189 0.0169373 0.0141818 0.0116274 0.00976596 0.00855348 0.00766915
 1.03154e-16 4.99868e-05 0.000485889 0.00322891 0.0146782 0.0456694 0.0973047 0.142026 0.142058 0.0974625 0.0461992 0.0162084 0.00706983 0.00886972 0.0159696 0.0263145 0.0378848 0.0476043 0.0523681 0.0507412 0.0438078 0.0344269 0.0255195 0.0187201 0.014168 0.0111647
 1.04949e-16 5.61537e-05 0.000545834 0.00362726 0.016489 0.0513035 0.109308 0.159543 0.159562 0.109403 0.0516233 0.0174143 0.00595531 0.00564614 0.00979567 0.0162438 0.0237166 0.0304955 0.0348436 0.0359252 0.0342303 0.0311008 0.0277773 0.0247597 0.0218721 0.0187623
 1.01655e-16 7.45307e-05 0.000724465 0.00481433 0.0218852 0.0680931 0.14508 0.21175 0.211756 0.145112 0.0681997 0.0221933 0.00558846 0.00241697 0.00329655 0.00535222 0.00775122 0.00985087 0.0110514 0.0110811 0.010149 0.00878439 0.00749631 0.00652041 0.00580586 0.00517336
 1.01408e-16 5.98081e-05 0.000581356 0.00386331 0.0175621 0.0546423 0.116422 0.169926 0.16995 0.11654 0.0550374 0.018703 0.00672561 0.00682492 0.0119032 0.0195465 0.0280642 0.0351079 0.0383275 0.0366424 0.0308921 0.0232893 0.016126 0.0107324 0.00728052 0.00524972
 1.00629e-16 7.69504e-05 0.000747986 0.00497063 0.0225958 0.0703038 0.14979 0.218624 0.218628 0.149813 0.0703815 0.0228203 0.00553495 0.0019819 0.00242622 0.00390434 0.00565169 0.00717865 0.00803945 0.0080235 0.00726672 0.00614093 0.00501427 0.00407555 0.00332583 0.00268413
 1.01781e-16 3.58935e-05 0.000348897 0.00231855 0.0105398 0.0327936 0.069872 0.101991 0.102042 0.0701213 0.0336303 0.0129557 0.00837874 0.0135653 0.0250977 0.0413338 0.0593024 0.0740755 0.0806547 0.0767365 0.0641103 0.0475058 0.0318498 0.0200411 0.012511 0.0081886
 1.01331e-16 7.65011e-05 0.000743618 0.0049416 0.0224638 0.0698932 0.148915 0.217347 0.21735 0.148931 0.0699457 0.0226159 0.00532578 0.00159009 0.00170691 0.00276007 0.00410606 0.00544849 0.00653073 0.0072177 0.00754053 0.00761493 0.00750973 0.00719042 0.00657886 0.0056573
 1.01436e-16 5.77243e-05 0.000561101 0.00372871 0.0169502 0.0527385 0.112366 0.164007 0.164034 0.112497 0.0531797 0.0182239 0.0069235 0.00752787 0.013267 0.0217847 0.0312435 0.0390137 0.0424619 0.0403856 0.0337489 0.025069 0.016958 0.0109377 0.00720159 0.00513238
 1.03946e-16 5.07423e-05 0.000493233 0.00327771 0.0149 0.0463596 0.0987751 0.144171 0.144197 0.0989055 0.0467979 0.016167 0.00646252 0.00746036 0.0133253 0.0220597 0.032028 0.0408014 0.0459101 0.0461677 0.0423055 0.036349 0.0302837 0.0250991 0.0207728 0.0168802
 1.05586e-16 5.72731e-05 0.000556715 0.00369957 0.0168177 0.0523263 0.111487 0.162723 0.162742 0.111579 0.0526348 0.0177099 0.00594351 0.00546985 0.00943126 0.0156144 0.0227541 0.0291765 0.0332061 0.0340641 0.032286 0.0292509 0.026228 0.0237161 0.0214799 0.0190461
 1.04004e-16 6.37979e-05 0.000620139 0.00412104 0.0187337 0.0582874 0.124188 0.181259 0.181275 0.124264 0.0585427 0.0194715 0.00597471 0.00467238 0.00777661 0.0128001 0.0185396 0.0235425 0.0263746 0.0263832 0.0240718 0.0207202 0.0175659 0.0151946 0.0135004 0.0120564
 1.06888e-16 3.48588e-05 0.00033884 0.00225171 0.010236 0.0318481 0.0678575 0.0990492 0.0990932 0.0680724 0.03257 0.0123214 0.00748838 0.0117769 0.0217765 0.0359953 0.0519663 0.0655978 0.0727339 0.0714567 0.0632066 0.0517473 0.0408486 0.0325055 0.0267288 0.0224982
 1.04254e-16 6.92068e-05 0.000672715 0.00447043 0.0203219 0.0632291 0.134717 0.196624 0.196631 0.13475 0.0633433 0.020653 0.00530634 0.00251332 0.00361131 0.00598232 0.00889569 0.0117834 0.0141025 0.015587 0.016351 0.0167 0.0168189 0.0166207 0.015862 0.0143837
 1.03619e-16 5.65475e-05 0.000549662 0.0036527 0.0166047 0.0516634 0.110075 0.160663 0.160689 0.110201 0.052085 0.0178221 0.00670762 0.00721554 0.0127077 0.0208974 0.0300507 0.0376981 0.0413722 0.0399601 0.0343829 0.0269907 0.0201679 0.0152202 0.0121872 0.0103791
 1.06892e-16 4.0374e-05 0.000392449 0.00260797 0.0118555 0.0368869 0.0785927 0.114716 0.11475 0.0787622 0.0374563 0.0135015 0.00674572 0.00944458 0.0172887 0.0286653 0.0416324 0.0530666 0.0597805 0.0602618 0.0554936 0.0481319 0.0407555 0.0346075 0.0295736 0.0249903
 1.06077e-16 6.31333e-05 0.000613678 0.00407811 0.0185385 0.0576802 0.122894 0.17937 0.179382 0.122951 0.0578707 0.0190902 0.00546831 0.00366627 0.00591299 0.00981344 0.0144555 0.0188651 0.022085 0.0236712 0.0239049 0.0234807 0.0229399 0.0223309 0.0213188 0.0195553
 1.04486e-16 5.96811e-05 0.000580121 0.00385511 0.0175248 0.0545262 0.116175 0.169565 0.169585 0.116276 0.0548665 0.0185078 0.0063231 0.00596934 0.0102997 0.0169472 0.0244435 0.0308227 0.0341311 0.0334918 0.0296315 0.0243815 0.0195587 0.0160962 0.0139283 0.0124542
 1.08125e-16 3.31935e-05 0.000322652 0.00214414 0.00974698 0.0303267 0.0646158 0.0943176 0.0943603 0.0648243 0.0310271 0.011771 0.00722942 0.0114391 0.0211901 0.035096 0.0508275 0.0644898 0.0721136 0.0718459 0.0649976 0.0550318 0.0453597 0.0377005 0.0319657 0.0272234
 1.15224e-16 4.00513e-05 0.000389313 0.00258712 0.0117607 0.036592 0.0779639 0.113795 0.113816 0.0780677 0.0369414 0.0127739 0.00514584 0.00602621 0.0108963 0.0183463 0.0273545 0.0363573 0.0437508 0.0487654 0.0517722 0.0536813 0.0549745 0.0552461 0.0535867 0.0493691
 1.0565e-16 7.0596e-05 0.000686218 0.00456016 0.0207298 0.0644982 0.137421 0.200571 0.200578 0.137455 0.0646139 0.0210645 0.00540239 0.00253234 0.00359939 0.00590001 0.00864109 0.0111924 0.0129758 0.0137623 0.0138076 0.013647 0.0137057 0.0140347 0.0143385 0.0142132
pSPR Fmed_Fpbrs
0.595578   0.6 0.325
Fs Fmed_Fpbrs
0.293595   0.289004 0.71007
SSBpbr Bo_Bmed_Bpbrs
1.64734e+06  898752  906037 453018
Ro
156737
SPR SPRFo_SPRFmed_SPRFpbrs
1.11873e+06 666288 363586
Fref
0.289004
Nvult_r0
 188445 15845.7 6460.36 6457.36 2230.25
CTP_r0
 30026.7 3160.04 1305.65 1305.97 451.072
YTP_r0
391303
Np
 210762 62468.9 22833.6 1755.94 907.59
Nvult_p0
 148293 45168.9 16540.2 1272.09 657.508
CTP_p0
 26347.7 13184.7 1033.95 419.408 538.75
 26347.7 9989.48 3705.75 285.201 147.418
YTP_p0
 458407 452957
CBA_c0
456772
log_Ro
11.7823
likeval ReclasPelacesDesembMPH_pf_preclas_ppelaces_ptallas_desvR_qrecl_qpela
 18.9242 18.3302 0.0806569 52.4075 247.838 121.023 99.7778 0 22.2186 4.96173e-07 7.63121e-06 0.358149 1.38683e-15 0 0
q_reclas_q_pelaces
1.10497 1.48144
M
1
N
 185817 38870.3 118353 7146.04 0.253906
 102714 60515.9 12183.5 36996.6 2233.58
 104693 30240 16611.7 3327.95 10713
 188761 31003.2 8364.89 4573.09 3864.36
 153554 51088.5 7619.53 2041.91 2058.86
 258281 51273.6 16547.6 2462.69 1325.24
 107657 79106.7 14825.3 4765.24 1090.58
 50058.8 26696.7 17330 3219.6 1271.11
 46351.7 17300.6 9047.22 5864.84 1519.64
 63062.2 13362.2 4619.53 2402.76 1960.6
 127256 16908 3243.62 1113.56 1051.4
 76521.8 43533.2 5653.48 1082.82 722.665
 57258.2 18377.5 9143.71 1176.31 375.472
 139045 11078.8 2905.69 1425.34 241.708
 81254.6 28595.1 1897.83 491.397 281.727
 378699 20193 6282.2 413.345 168.306
 79524.9 95412.3 4517 1393.56 128.967
 657626 22590.2 24988.2 1176.25 396.351
 478986 190324 6063.08 6671.21 419.723
 296164 130970 47407.8 1500.38 1754.12
 305678 83684.3 34062.2 12257.9 841.225
 417326 88317.3 22410.6 9073.25 3488.27
 99029.9 104839 19680.5 4952.01 2774.41
 349958 28512.7 27947.8 5218.04 2047.96
 288434 107884 8314.9 8118.39 2110.21
 129152 90001.5 31966.3 2454.76 3019.14
 280358 41815.6 27993.5 9914.57 1697.51
 310992 88149.5 12514.5 8348.81 3462.55
 95794.2 99962.9 27157.4 3844.03 3627.46
 72245 31108.8 31215 8457 2326.32
 270896 22216.6 9042.59 9037.58 3121.39
pred_Ctot
 13610.3 3683.93 11393.1 688.472 0.0244632
 13204.6 9943.61 2031.63 6174.12 372.763
 13136.8 4853.29 2705.75 542.49 1746.4
 32331.6 6721.2 1839.1 1006.19 850.283
 9033.41 3901.05 591.087 158.534 159.857
 27749.1 7074.39 2317.77 345.218 185.779
 22900 21090.2 4005.76 1288.47 294.892
 1925.65 1338.81 883.191 164.222 64.838
 6466.9 3077.47 1632.94 1059.37 274.505
 11091.5 2971.38 1041.72 542.233 442.467
 5672.61 981.282 191.288 65.7264 62.0606
 17382.7 12351.4 1625.26 311.504 207.903
 18064.7 7083.55 3565.72 459.003 146.515
 40614 3977.27 1055.79 518.231 87.8846
 17203.4 7589.91 510.532 132.284 75.8436
 77788.4 5207.83 1642.22 108.129 44.0298
 11696.5 17861.1 857.881 264.872 24.5136
 90417.2 3961.82 4446.79 209.482 70.5905
 79630.6 40094.5 1295.46 1426.46 89.7504
 44360.2 24952.6 9163.2 290.222 339.316
 42295.2 14766.8 6098.82 2196.48 150.744
 86283.4 22918.9 5894.62 2388.23 918.203
 13880.2 18732.3 3567.98 898.47 503.397
 36360.7 3807.46 3788.87 707.976 277.876
 28051.6 13504.9 1056.82 1032.67 268.434
 9891.07 8912.26 3214.97 247.089 303.91
 26087 5012.73 3407.46 1207.81 206.803
 25095.3 9188.97 1324.89 884.603 366.892
 7172.43 9681.05 2671.35 378.431 357.127
 7603.57 4206.73 4285.29 1161.93 319.633
 30026.7 3160.04 1305.65 1305.97 451.072
F
 0.121857 0.16015 0.162844 0.162988 0.162996
 0.222788 0.292799 0.297723 0.297987 0.298001
 0.216946 0.285122 0.289917 0.290174 0.290187
 0.306924 0.403375 0.410158 0.410522 0.410541
 0.0968762 0.12732 0.129461 0.129576 0.129582
 0.183252 0.24084 0.24489 0.245107 0.245118
 0.394415 0.51836 0.527078 0.527545 0.527569
 0.0624551 0.0820817 0.0834621 0.0835361 0.08354
 0.243827 0.320449 0.325838 0.326127 0.326142
 0.316333 0.415741 0.422733 0.423107 0.423127
 0.0726787 0.095518 0.0971244 0.0972104 0.097215
 0.426447 0.560459 0.569884 0.570389 0.570416
 0.642539 0.844457 0.858659 0.85942 0.85946
 0.581563 0.76432 0.777174 0.777862 0.777898
 0.39225 0.515515 0.524184 0.524649 0.524673
 0.378535 0.49749 0.505857 0.506305 0.506328
 0.258554 0.339805 0.34552 0.345826 0.345842
 0.239907 0.315298 0.320601 0.320885 0.3209
 0.296703 0.389942 0.3965 0.396851 0.39687
 0.263861 0.34678 0.352612 0.352924 0.352941
 0.241596 0.317518 0.322858 0.323144 0.323159
 0.381441 0.50131 0.509741 0.510192 0.510216
 0.245073 0.322088 0.327505 0.327795 0.32781
 0.176754 0.2323 0.236206 0.236416 0.236427
 0.16464 0.216379 0.220018 0.220213 0.220223
 0.127717 0.167853 0.170676 0.170827 0.170835
 0.157035 0.206384 0.209854 0.21004 0.21005
 0.134969 0.177383 0.180366 0.180526 0.180534
 0.12471 0.1639 0.166656 0.166804 0.166812
 0.179224 0.235546 0.239507 0.239719 0.23973
 0.18954 0.249103 0.253293 0.253517 0.253529
YTP_r0W_actual
 249222 44556.6 36036 44664 16825
YTP_p0W_proyectada
 197344 206604 23915.3 12318 18225.9
 197344 156535 85714.1 8376.35 4987.14
CTP_r0_actual
 30026.7 3160.04 1305.65 1305.97 451.072
CTP_p0_proyectada
 26347.7 13184.7 1033.95 419.408 538.75
 26347.7 9989.48 3705.75 285.201 147.418
Wmedp
 7.49 15.67 23.13 29.37 33.83
Frms_r0
 0.18954 0.249103 0.253293 0.253517 0.253529
Zrms_r0
 1.18954 1.2491 1.25329 1.25352 1.25353
nmprior
 8.19 8.8 8.5 0
nm_flota  nm_reclas  nm_pelaces    nm_pelaL
inf 12.6822 20.0066 49.1501
cv_recla  cv_pelaces  cv_mph
0.39349 0.485463 0.670229
 ------------------------------------------------
Talla a la edad & desviaci?n 
 8 13.2811 15.8009 17.003 17.5766
 0.8 1.32811 1.58009 1.7003 1.75766
