years
 1991 1992 1993 1994 1995 1996 1997 1998 1999 2000 2001 2002 2003 2004 2005 2006 2007 2008 2009 2010 2011 2012 2013 2014 2015 2016 2017 2018 2019 2020 2021
reclasobs
 0 0 0 0 0 0 0 0 0 252601 567819 844713 477998 351125 339783 2.1784e+06 2.13404e+06 4.81314e+06 1.55562e+06 2.62356e+06 3.21686e+06 3.843e+06 1.13348e+06 3.07943e+06 1.97215e+06 2.03268e+06 2.025e+06 2.42433e+06 2.27542e+06 1.05018e+06 2.36338e+06
reclaspred
 3.4399e+06 1.99011e+06 1.01358e+06 1.03388e+06 1.05789e+06 1.63903e+06 1.19229e+06 1.1084e+06 832138 647572 659664 618887 478663 581399 588096 1.23067e+06 1.22703e+06 2.75639e+06 2.60954e+06 1.95804e+06 2.91654e+06 1.94447e+06 1.5277e+06 2.73195e+06 2.18983e+06 2.00372e+06 2.35354e+06 2.45088e+06 2.07457e+06 1.37536e+06 1.92385e+06
pelacesobs
 0 0 0 0 0 0 0 0 0 0 0 0 0 0 0 552880 188675 0 991730 2.46772e+06 1.41603e+06 1.21717e+06 2.29649e+06 1.80582e+06 0 1.4828e+06 1.56532e+06 1.57751e+06 1.42118e+06 867257 1.10002e+06
pelacespred
 1.99458e+06 1.30598e+06 682336 564802 577121 928618 671006 704426 538634 406957 412103 331929 276481 377105 375291 638132 633335 1.60341e+06 1.60475e+06 1.14967e+06 1.51706e+06 1.21069e+06 898785 1.73289e+06 1.32927e+06 1.21485e+06 1.62466e+06 1.6758e+06 1.16912e+06 887362 1.23764e+06
mphobs
 0 0 0 0 0 0 0 0 0 0 0 498337 0 5186 125008 0 168611 109162 213762 579715 649985 157893 87575 83554 0 0 0 0 0 0 0
mphpred
 518282 349489 181645 98147.7 113943 127720 174499 129646 112463 84294.5 59508.3 77502.5 61480.5 41728.7 49878.1 60933.9 145000 141446 283698 255818 267896 256925 201872 165865 276711 242134 206041 217308 294324 209416 135712
desembarqueobs
 494567 514787 250237 358949 120608 361735 552515 73892 212993 205616 52469 317467 293654 387597 252695 516296 358380 742168 942051 627588 828172 859565 418607 520667 417249 300574 415391 372974 316634 284311 391294
desembarquepred
 494571 512981 251184 358961 120610 361741 552543 73893.7 213015 205632 52469.3 317603 293829 387580 252696 516294 358408 742125 941900 627527 828290 859703 418629 520677 417249 300576 415393 372968 316634 284319 391297
Reclutas
 291435 174123 168275 346866 282689 475448 203163 102689 93748.6 123364 229851 134619 111872 201109 147804 677156 155309 1.19429e+06 814715 486444 546960 713580 183954 679723 556376 252141 552442 613583 187232 141954 535402
log_desv_Rt
 0.0141158 -0.500939 -0.5351 0.188237 -0.0163541 0.503555 -0.346695 -1.029 -1.12009 -0.845564 -0.223269 -0.758252 -0.943345 -0.356853 -0.664813 0.857199 -0.615287 1.4246 1.04214 0.52642 0.643674 0.909592 -0.446014 0.860983 0.660742 -0.130713 0.653647 0.758614 -0.428356 -0.705201 0.622315
SSB
 6.40517e+06 4.31914e+06 2.24485e+06 1.21295e+06 1.40816e+06 1.57843e+06 2.15653e+06 1.60222e+06 1.38987e+06 1.04175e+06 735430 957812 759803 515703 616416 753049 1.79197e+06 1.74805e+06 3.50607e+06 3.16151e+06 3.31078e+06 3.17519e+06 2.49483e+06 2.04984e+06 3.41972e+06 2.9924e+06 2.54634e+06 2.68559e+06 3.63739e+06 2.58806e+06 1.67719e+06
BT
 8.29655e+06 5.67072e+06 2.95228e+06 2.53636e+06 2.37347e+06 3.97556e+06 3.14675e+06 2.84468e+06 2.33755e+06 1.80693e+06 1.67279e+06 1.58467e+06 1.36916e+06 1.90328e+06 1.73755e+06 2.94396e+06 2.78582e+06 6.99073e+06 7.24175e+06 5.1133e+06 6.64879e+06 5.63497e+06 3.92611e+06 7.33494e+06 5.62877e+06 5.06417e+06 6.84046e+06 6.99268e+06 4.87878e+06 3.77973e+06 5.26506e+06
Ftot
 0.0666362 0.118731 0.114438 0.163199 0.0536576 0.104675 0.213178 0.0313231 0.119684 0.147952 0.0380517 0.236479 0.282446 0.313286 0.203097 0.200304 0.135684 0.129001 0.169172 0.149526 0.13281 0.206064 0.127286 0.0913777 0.0894395 0.0702717 0.0840378 0.0727285 0.0707053 0.096062 0.0973985
BD_Bspro_t
 0.989395 0.918617 0.825806 0.766321 0.766909 0.816045 0.815287 0.725241 0.765641 0.750146 0.737558 0.835926 0.706882 0.595783 0.613292 0.651643 0.735134 0.721196 0.797167 0.751985 0.723368 0.716793 0.698257 0.696452 0.809758 0.820144 0.82764 0.849841 0.87574 0.838135 0.799785
BD_Bspro
 3.12295 2.10587 1.09452 0.591397 0.686575 0.76959 1.05146 0.781191 0.677653 0.507924 0.358572 0.466998 0.370456 0.25144 0.300545 0.367162 0.873708 0.852294 1.70945 1.54145 1.61423 1.54812 1.2164 0.999435 1.66735 1.459 1.24152 1.30941 1.77347 1.26185 0.817743
BD_Bo
 2.13456 1.43938 0.748108 0.404223 0.469278 0.52602 0.718677 0.533949 0.46318 0.347169 0.245086 0.319196 0.253209 0.171861 0.205424 0.250958 0.597185 0.582548 1.16842 1.05359 1.10334 1.05815 0.831415 0.68312 1.13964 0.997234 0.848583 0.894989 1.21218 0.862485 0.558932
BD_Brms
 3.88101 2.61705 1.3602 0.734952 0.853233 0.956399 1.30669 0.970816 0.842146 0.631216 0.445611 0.580356 0.460379 0.312474 0.373498 0.456287 1.08579 1.05918 2.1244 1.91562 2.00607 1.92391 1.51166 1.24204 2.07207 1.81315 1.54288 1.62725 2.20397 1.56815 1.01624
Sel_flota
 0.93304 1 1 1 1
 0.93304 1 1 1 1
 0.93304 1 1 1 1
 0.93304 1 1 1 1
 0.93304 1 1 1 1
 0.93304 1 1 1 1
 0.93304 1 1 1 1
 0.93304 1 1 1 1
 0.93304 1 1 1 1
 0.93304 1 1 1 1
 0.93304 1 1 1 1
 0.93304 1 1 1 1
 0.93304 1 1 1 1
 0.93304 1 1 1 1
 0.93304 1 1 1 1
 0.93304 1 1 1 1
 0.93304 1 1 1 1
 0.93304 1 1 1 1
 0.93304 1 1 1 1
 0.93304 1 1 1 1
 0.93304 1 1 1 1
 0.93304 1 1 1 1
 0.93304 1 1 1 1
 0.93304 1 1 1 1
 0.93304 1 1 1 1
 0.93304 1 1 1 1
 0.93304 1 1 1 1
 0.93304 1 1 1 1
 0.93304 1 1 1 1
 0.93304 1 1 1 1
 0.93304 1 1 1 1
Sel_reclas
 1 1 1 1 1
 1 1 1 1 1
 1 1 1 1 1
 1 1 1 1 1
 1 1 1 1 1
 1 1 1 1 1
 1 1 1 1 1
 1 1 1 1 1
 1 1 1 1 1
 1 1 1 1 1
 1 1 1 1 1
 1 1 1 1 1
 1 1 1 1 1
 1 1 1 1 1
 1 1 1 1 1
 1 1 1 1 1
 1 1 1 1 1
 1 1 1 1 1
 1 1 1 1 1
 1 1 1 1 1
 1 1 1 1 1
 1 1 1 1 1
 1 1 1 1 1
 1 1 1 1 1
 1 1 1 1 1
 1 1 1 1 1
 1 1 1 1 1
 1 1 1 1 1
 1 1 1 1 1
 1 1 1 1 1
 1 1 1 1 1
Sel_pelaces
 1 1 1 1 1
 1 1 1 1 1
 1 1 1 1 1
 1 1 1 1 1
 1 1 1 1 1
 1 1 1 1 1
 1 1 1 1 1
 1 1 1 1 1
 1 1 1 1 1
 1 1 1 1 1
 1 1 1 1 1
 1 1 1 1 1
 1 1 1 1 1
 1 1 1 1 1
 1 1 1 1 1
 1 1 1 1 1
 1 1 1 1 1
 1 1 1 1 1
 1 1 1 1 1
 1 1 1 1 1
 1 1 1 1 1
 1 1 1 1 1
 1 1 1 1 1
 1 1 1 1 1
 1 1 1 1 1
 1 1 1 1 1
 1 1 1 1 1
 1 1 1 1 1
 1 1 1 1 1
 1 1 1 1 1
 1 1 1 1 1
pf_obs 
 0.8446 0.082 0.0669 0.0065 0
 0.8095 0.147 0.0364 0.0071 0
 0.9664 0.0169 0.016 0.0007 0
 0.9276 0.0648 0.0075 0.0001 0
 0.7033 0.2144 0.0806 0.0017 0
 0.9318 0.0425 0.0243 0.0014 0
 0.5671 0.3108 0.0964 0.0239 0.0018
 0.0768 0.2599 0.5324 0.112 0.0189
 0.490249 0.384438 0.106611 0.0170017 0.00170017
 0.7925 0.1577 0.0466 0.003 0.0002
 0.840416 0.127587 0.0312969 0.00059994 9.999e-05
 0.8084 0.0986 0.0794 0.0134 0.0002
 0.7335 0.1905 0.0724 0.0035 0.0001
 0.4001 0.4547 0.1325 0.0127 0
 0.49795 0.308269 0.164784 0.0264974 0.00249975
 0.9179 0.0499 0.0305 0.0017 0
 0.2467 0.6533 0.0926 0.0074 0
 0.9418 0.0223 0.034 0.0019 0
 0.707729 0.231977 0.0356964 0.0245975 0
 0.517169 0.277429 0.184464 0.0207286 0.00020938
 0.811772 0.124168 0.05621 0.00726502 0.000585176
 0.764997 0.148141 0.077277 0.00933861 0.000247198
 0.163321 0.427699 0.378323 0.0303852 0.000271297
 0.753843 0.0900009 0.118128 0.0371064 0.000921714
 0.721811 0.176058 0.0630433 0.0369309 0.00215725
 0.143369 0.312575 0.442814 0.0836902 0.0175525
 0.692698 0.0596174 0.167031 0.0765114 0.00414204
 0.394062 0.376323 0.152708 0.0712218 0.00568511
 0.125707 0.32114 0.495352 0.0537591 0.00404204
 0.23352 0.215282 0.420074 0.123614 0.00750983
 0.796117 0.104755 0.0508955 0.0450114 0.00322123
pf_pred 
 0.413278 0.105008 0.458099 0.0236137 7.0823e-07
 0.410718 0.253875 0.0600295 0.261878 0.0134995
 0.540795 0.196879 0.113015 0.0267227 0.122587
 0.765622 0.131033 0.0443081 0.0254343 0.0336026
 0.652501 0.270684 0.0429447 0.0145215 0.0193487
 0.750418 0.166849 0.0644452 0.0102244 0.0080639
 0.478651 0.398268 0.0822812 0.031781 0.00901883
 0.438122 0.279871 0.215431 0.0445074 0.0220694
 0.521453 0.218004 0.129776 0.0998953 0.0308717
 0.669191 0.178601 0.0693388 0.041277 0.0415921
 0.788291 0.145151 0.0359338 0.0139507 0.0166729
 0.553356 0.357255 0.0612867 0.0151722 0.0129301
 0.602628 0.227592 0.135802 0.0232966 0.0106824
 0.788154 0.131723 0.0458896 0.0273819 0.00685123
 0.668027 0.266084 0.0409687 0.0142726 0.0106472
 0.906296 0.0641843 0.0236606 0.003643 0.00221592
 0.391124 0.555696 0.0364266 0.0134281 0.00332512
 0.900857 0.0405541 0.0534714 0.00350512 0.00161207
 0.640124 0.326518 0.0136448 0.0179909 0.00172172
 0.539295 0.30289 0.143187 0.00598359 0.00864449
 0.647384 0.196734 0.102484 0.0484479 0.00494949
 0.714416 0.189689 0.0535023 0.0278709 0.0145216
 0.367277 0.46187 0.113483 0.0320081 0.0253616
 0.802775 0.0758764 0.0885815 0.0217647 0.0110029
 0.648501 0.286142 0.0251438 0.029354 0.0108585
 0.454263 0.362871 0.148865 0.013081 0.0209204
 0.737409 0.123991 0.0921581 0.0378072 0.00863533
 0.696361 0.228101 0.0356674 0.0265104 0.0133597
 0.371221 0.447314 0.136321 0.0213161 0.0238277
 0.444287 0.215726 0.241867 0.0737101 0.0244097
 0.82909 0.0790288 0.035668 0.03999 0.016223
pobs_RECLAS
 0 0 0 0 0
 0 0 0 0 0
 0 0 0 0 0
 0 0 0 0 0
 0 0 0 0 0
 0 0 0 0 0
 0 0 0 0 0
 0 0 0 0 0
 0 0 0 0 0
 0 0 0 0 0
 0.991045 0.00858322 0.000360255 1.14367e-05 0
 0.934742 0.0480273 0.0164251 0.00080598 0
 0.827803 0.169806 0.00239088 0 0
 0.941827 0.0461693 0.0120037 0 0
 0.791401 0.0380133 0.147996 0.0225897 0
 0.846168 0.0940531 0.0597789 0 0
 0.134021 0.677848 0.182769 0.00536245 0
 0.80878 0.0450904 0.141981 0.00414843 0
 0.846168 0.0940531 0.0597789 0 0
 0.905697 0.0802665 0.012482 0.00150086 5.37128e-05
 0.989698 0.0102097 9.19794e-05 0 0
 0.975433 0.0193895 0.00387452 0.00125025 5.28907e-05
 0.303575 0.632131 0.0575291 0.00676475 0
 0.966965 0.00978017 0.0227588 0.000495775 0
 0.843318 0.132988 0.00938335 0.0141283 0.000182051
 0.564624 0.303363 0.111486 0.0197234 0.00080311
 0.826376 0.0876187 0.0782897 0.00655872 0.00115652
 0.89761 0.0855135 0.0140674 0.00269457 0.000114338
 0.34875 0.467042 0.161289 0.0227151 0.000203297
 0.318654 0.224769 0.449479 0.00709798 0
 0.937255 0.0296025 0.0250945 0.00804832 0
ppred_RECLAS
 0.430274 0.101967 0.444829 0.0229297 6.87715e-07
 0.427767 0.24653 0.0582927 0.254302 0.0131089
 0.558123 0.18945 0.108751 0.0257144 0.117962
 0.778007 0.124109 0.0419668 0.0240903 0.0318269
 0.668114 0.258522 0.0410152 0.0138691 0.0184793
 0.763286 0.158246 0.0611225 0.00969723 0.00764814
 0.496315 0.384774 0.0794934 0.0307042 0.00871326
 0.455293 0.271318 0.208847 0.0431472 0.0213949
 0.538897 0.210057 0.125046 0.096254 0.0297464
 0.684549 0.170309 0.0661196 0.0393606 0.0396611
 0.799661 0.137356 0.0340039 0.0132014 0.0157775
 0.570803 0.3433 0.0588927 0.0145795 0.012425
 0.619561 0.217893 0.130015 0.0223039 0.0102272
 0.79985 0.124451 0.043356 0.0258702 0.00647298
 0.683501 0.253682 0.0390591 0.0136074 0.010151
 0.912123 0.0601931 0.0221893 0.00341647 0.00207812
 0.40795 0.540339 0.0354199 0.013057 0.00323323
 0.906945 0.0380641 0.0501883 0.0032899 0.00151309
 0.656173 0.311957 0.0130363 0.0171886 0.00164494
 0.556692 0.291453 0.13778 0.00575764 0.00831807
 0.663222 0.187897 0.0978813 0.0462718 0.00472718
 0.728611 0.180261 0.0508431 0.0264857 0.0137998
 0.383711 0.449874 0.110535 0.0311768 0.0247029
 0.8136 0.0717115 0.0837191 0.02057 0.0103989
 0.664251 0.273321 0.0240172 0.0280387 0.0103719
 0.471595 0.351346 0.144137 0.0126656 0.020256
 0.7507 0.117715 0.0874936 0.0358936 0.00819825
 0.710901 0.217179 0.0339595 0.0252409 0.01272
 0.387636 0.435637 0.132762 0.0207596 0.0232057
 0.461601 0.209005 0.234331 0.0714136 0.0236492
 0.838767 0.0745542 0.0336485 0.0377258 0.0153045
pobs_PELACES
 0 0 0 0 0
 0 0 0 0 0
 0 0 0 0 0
 0 0 0 0 0
 0 0 0 0 0
 0 0 0 0 0
 0 0 0 0 0
 0 0 0 0 0
 0 0 0 0 0
 0 0 0 0 0
 0 0 0 0 0
 0 0 0 0 0
 0 0 0 0 0
 0 0 0 0 0
 0 0 0 0 0
 0 0 0 0 0
 0.505614 0.472636 0.0217494 0 0
 0 0 0 0 0
 0.443492 0.261883 0.143347 0.151278 0
 0.227955 0.32914 0.350689 0.0885471 0.00366901
 0.970185 0.0296113 0.000203453 0 0
 0.997202 0.00247181 0.000326279 0 0
 0.445219 0.490057 0.0546422 0.010081 0
 0.90214 0.0892962 0.00764917 0.000914606 0
 0 0 0 0 0
 0.581667 0.319106 0.0959925 0.00289975 0.000334073
 0.762889 0.0836404 0.116647 0.0363945 0.000428098
 0.88444 0.0763242 0.0277011 0.0115352 0
 0.521256 0.241999 0.230069 0.00667565 0
 0.616807 0.101726 0.260614 0.0208532 0
 0.833518 0.0704572 0.0857862 0.0102388 0
ppred_PELACES
 0.430635 0.101902 0.444547 0.0229152 6.87279e-07
 0.428409 0.246253 0.0582273 0.254016 0.0130942
 0.558746 0.189183 0.108597 0.0256781 0.117795
 0.778629 0.123761 0.0418491 0.0240227 0.0317377
 0.668377 0.258318 0.0409827 0.0138581 0.0184647
 0.763703 0.157967 0.0610147 0.00968013 0.00763465
 0.497492 0.383875 0.0793076 0.0306325 0.00869289
 0.455465 0.271232 0.208781 0.0431336 0.0213882
 0.539554 0.209758 0.124868 0.0961168 0.029704
 0.685255 0.169928 0.0659717 0.0392726 0.0395724
 0.799796 0.137263 0.0339811 0.0131926 0.0157669
 0.572082 0.342277 0.0587171 0.0145361 0.012388
 0.621031 0.217051 0.129512 0.0222177 0.0101877
 0.800956 0.123763 0.0431165 0.0257272 0.00643721
 0.684471 0.252904 0.0389394 0.0135657 0.0101199
 0.912477 0.0599506 0.0220999 0.0034027 0.00206975
 0.408675 0.539678 0.0353766 0.0130411 0.00322927
 0.907185 0.0379658 0.0500587 0.00328141 0.00150918
 0.657016 0.311192 0.0130043 0.0171465 0.00164091
 0.557507 0.290917 0.137526 0.00574705 0.00830277
 0.663877 0.187532 0.0976909 0.0461818 0.00471798
 0.72951 0.179663 0.0506746 0.0263979 0.0137541
 0.384376 0.449388 0.110416 0.0311431 0.0246762
 0.813907 0.0715937 0.0835817 0.0205362 0.0103818
 0.664692 0.272962 0.0239856 0.0280019 0.0103583
 0.471982 0.351089 0.144032 0.0126563 0.0202412
 0.751047 0.117551 0.0873717 0.0358435 0.00818683
 0.711231 0.216931 0.0339207 0.0252121 0.0127055
 0.388006 0.435373 0.132682 0.020747 0.0231916
 0.462128 0.2088 0.234102 0.0713436 0.023626
 0.839058 0.0744197 0.0335878 0.0376578 0.0152769
pobs_pel_tallas
 0 0 0 0 0 0 0 0 0 0 0 0 0 0 0 0 0 0 0 0 0 0 0 0 0 0
 0 0 0 0 0 0 0 0 0 0 0 0 0 0 0 0 0 0 0 0 0 0 0 0 0 0
 0 0 0 0 0 0 0 0 0 0 0 0 0 0 0 0 0 0 0 0 0 0 0 0 0 0
 0 0 0 0 0 0 0 0 0 0 0 0 0 0 0 0 0 0 0 0 0 0 0 0 0 0
 0 0 0 0 0 0 0 0 0 0 0 0 0 0 0 0 0 0 0 0 0 0 0 0 0 0
 0 0 0 0 0 0 0 0 0 0 0 0 0 0 0 0 0 0 0 0 0 0 0 0 0 0
 0 0 0 0 0 0 0 0 0 0 0 0 0 0 0 0 0 0 0 0 0 0 0 0 0 0
 0 0 0 0 0 0 0 0 0 0 0 0 0 0 0 0 0 0 0 0 0 0 0 0 0 0
 0 0 0 0 0 0 0 0 0 0 0 0 0 0 0 0 0 0 0 0 0 0 0 0 0 0
 0 0 0 0 0 0 0 0 0 0 0 0 0 0 0 0 0 0 0 0 0 0 0 0 0 0
 0 0 0 0 0 0 0 0 0 0 0 0 0 0 0 0 0 0 0 0 0 0 0 0 0 0
 0 0 0 0 0 0 0 0 0 0 0 0 0 0 0 0 0 0 0 0 0 0 0 0 0 0
 0.00862536 0 0 0.000197151 0.00414017 0.0128641 0.00837892 0.0270097 0.101434 0.158115 0.152841 0.127902 0.109271 0.109419 0.0830992 0.0579132 0.0238553 0.00714673 0.00463305 0.00128148 0.00103504 0.000492878 0.000147863 0.000147863 4.92878e-05 0
 0 0 0 0 0 0 0 0 0 0 0 0 0 0 0 0 0 0 0 0 0 0 0 0 0 0
 0 0 0 0 0 0 0 0.0054083 0.00873648 0.0413646 0.0450493 0.0745869 0.0622846 0.0627006 0.0613931 0.0827291 0.12552 0.122667 0.0946155 0.0697135 0.0546179 0.0294188 0.0215738 0.0213955 0.0102223 0.00600262
 0 0 0 0 0.00359764 0.0251062 0.0480494 0.140153 0.205849 0.193036 0.1447 0.116669 0.0760912 0.0342217 0.00950174 0.001854 0.000860785 0 0 0 0.000165536 0 0.000143464 0 0 0
 0 0 0 0 0 0 0 0.000145254 0.000435761 0.0275982 0.070085 0.0708112 0.156366 0.174668 0.174014 0.160142 0.0824315 0.0480064 0.0283245 0.00493863 0.00203355 0 0 0 0 0
 0 0 0 0 0 0 0 0 0 0 0 0 0 0 0 0 0 0 0 0 0 0 0 0 0 0
 0 0 1.00437e-05 0.000401748 0.00122533 0.00171747 0.00176769 0.0269171 0.070346 0.194647 0.189555 0.159765 0.064822 0.0314167 0.0384472 0.0292271 0.0345202 0.0313363 0.0194345 0.0106764 0.0143323 0.0359363 0.0279516 0.0138201 0.00172751 0
 0 0.0021121 0.0136068 0.0755702 0.200478 0.177729 0.0527432 0.0373336 0.0318909 0.0142505 0.0149659 0.0166563 0.0217959 0.0798694 0.0677717 0.0528807 0.04013 0.0224614 0.0357745 0.0225083 0.00881397 0.00855152 0.00135912 0.000746735 0 0
 0 0 0 0 5.4009e-05 0.00500934 0.000945158 0.0243581 0.138947 0.33067 0.221406 0.137944 0.0707744 0.0437923 0.0131692 0.00525238 0.0047753 0.00276346 9.45158e-05 9.00151e-06 2.25038e-05 9.00151e-06 4.50075e-06 0 0 0
 0.000866109 0.00284123 0.00948549 0.0512746 0.133035 0.25785 0.225252 0.132002 0.0553304 0.0519788 0.0540692 0.017754 0.00435017 0.00159236 0.00146478 0.000404838 0.000125132 0.000115318 0.000107957 0.000100596 0 0 0 0 0 0
 0 0 0 0 0.00144013 0.00171154 0.00461396 0.0210425 0.0478622 0.0707936 0.0888783 0.103762 0.0637923 0.0337046 0.0602308 0.124433 0.169614 0.0934646 0.0462172 0.0250306 0.0313229 0.00938855 0.002487 0.000210481 0 0
 0 0.00764035 0.051015 0.0998891 0.058973 0.0496711 0.0374665 0.0718981 0.12319 0.153886 0.159021 0.0857701 0.0377988 0.023471 0.0147837 0.00900784 0.00315554 0.000888139 0.00291439 0.00214683 0.00393193 0.00274676 0.000635225 9.99891e-05 0 0
 0 0 0 0 0 0 0 0 0 0 0 0 0 0 0 0 0 0 0 0 0 0 0 0 0 0
 0 0 0 0 0 0 0 0 0 0 0 0 0 0 0 0 0 0 0 0 0 0 0 0 0 0
 0 0 0 0 0 0 0 0 0 0 0 0 0 0 0 0 0 0 0 0 0 0 0 0 0 0
 0 0 0 0 0 0 0 0 0 0 0 0 0 0 0 0 0 0 0 0 0 0 0 0 0 0
 0 0 0 0 0 0 0 0 0 0 0 0 0 0 0 0 0 0 0 0 0 0 0 0 0 0
 0 0 0 0 0 0 0 0 0 0 0 0 0 0 0 0 0 0 0 0 0 0 0 0 0 0
 0 0 0 0 0 0 0 0 0 0 0 0 0 0 0 0 0 0 0 0 0 0 0 0 0 0
ppred_pel_tallas
 1.15153e-16 3.54708e-05 0.000344789 0.00229124 0.0104157 0.0324071 0.0690471 0.100778 0.100789 0.0690987 0.0325822 0.01093 0.00361453 0.00333968 0.00603367 0.010726 0.0173222 0.0256745 0.0355055 0.0464497 0.0578522 0.0684114 0.0761177 0.0788406 0.075345 0.0660476
 1.29434e-16 3.52875e-05 0.000343007 0.00227941 0.0103619 0.0322397 0.068691 0.100262 0.100285 0.0688077 0.0326318 0.0114963 0.00513445 0.00660175 0.0120033 0.0200164 0.0294084 0.0383035 0.0449348 0.0487944 0.0510467 0.0536951 0.0580811 0.0638601 0.0691402 0.0715466
 1.25692e-16 4.60232e-05 0.000447362 0.00297288 0.0135143 0.0420481 0.0895885 0.130761 0.130779 0.0896785 0.0423505 0.01439 0.00517911 0.00529096 0.00932727 0.015569 0.0229615 0.0300541 0.0354474 0.0386422 0.0403732 0.042045 0.0446949 0.0482879 0.0517834 0.0537677
 1.0902e-16 6.41347e-05 0.000623412 0.00414279 0.0188325 0.0585951 0.124843 0.182215 0.182227 0.124902 0.0587919 0.0194016 0.00557388 0.00375658 0.00604207 0.00996166 0.0145254 0.0186659 0.0213603 0.0221919 0.0216091 0.0205946 0.0200033 0.0200824 0.0204667 0.020527
 1.05764e-16 5.50534e-05 0.000535138 0.00355618 0.0161659 0.0502983 0.107167 0.156418 0.156443 0.107288 0.050707 0.0173467 0.0065207 0.00700902 0.0123573 0.0203617 0.029376 0.0370531 0.0410469 0.0402994 0.0356768 0.0293732 0.0235738 0.0194127 0.016832 0.0151265
 1.04064e-16 6.29053e-05 0.000611462 0.00406338 0.0184715 0.0574719 0.12245 0.178723 0.178739 0.122525 0.057723 0.0191976 0.00588897 0.00460682 0.00768042 0.0126752 0.0184345 0.0235623 0.0266709 0.0271103 0.0253183 0.0224494 0.0195996 0.0172568 0.0153055 0.0134017
 1.0693e-16 4.09779e-05 0.000398319 0.00264697 0.0120328 0.0374387 0.0797684 0.116432 0.116469 0.0799494 0.0380467 0.0137895 0.00705889 0.0100373 0.0183704 0.0303666 0.0438869 0.0555029 0.0617447 0.0610202 0.0545429 0.0454475 0.0368347 0.0302845 0.025708 0.0221817
 1.1404e-16 3.75161e-05 0.00036467 0.00242336 0.0110163 0.0342758 0.0730292 0.106594 0.10662 0.0731585 0.0347106 0.0122755 0.0055979 0.00733989 0.0134176 0.0224712 0.0331841 0.0434476 0.0510993 0.0551055 0.0560378 0.0553722 0.0542358 0.0526868 0.0499996 0.0454991
 1.18324e-16 4.44424e-05 0.000431996 0.00287076 0.0130501 0.0406038 0.0865114 0.12627 0.126291 0.0866112 0.0409393 0.0140218 0.00531932 0.005809 0.0103515 0.0172971 0.025524 0.0334195 0.0393957 0.0428132 0.0443356 0.045317 0.0467097 0.048386 0.0493229 0.048354
 1.12583e-16 5.64436e-05 0.000548652 0.00364598 0.0165741 0.0515683 0.109872 0.160365 0.160382 0.109953 0.0518388 0.0173565 0.00561432 0.0048604 0.00828996 0.0137362 0.0200742 0.0258832 0.0297781 0.0311918 0.03072 0.0296626 0.0291212 0.0293631 0.0298428 0.0297008
 1.05008e-16 6.58782e-05 0.000640359 0.00425541 0.0193445 0.060188 0.128237 0.187169 0.187182 0.128302 0.0604056 0.0199736 0.0058359 0.00409554 0.00664285 0.0109179 0.0158185 0.0201044 0.0225652 0.0226656 0.0208614 0.0182686 0.0159526 0.0143942 0.013448 0.0126654
 1.05337e-16 4.71217e-05 0.00045804 0.00304384 0.0138369 0.0430518 0.0917277 0.133886 0.133919 0.0918889 0.0435935 0.0154016 0.00697245 0.00903745 0.0163506 0.0269819 0.0389252 0.0490818 0.0543233 0.0532129 0.0468514 0.0381017 0.0298401 0.0236018 0.0194054 0.0164595
 1.07746e-16 5.11536e-05 0.000497231 0.00330427 0.0150208 0.0467353 0.0995753 0.145337 0.145358 0.0996783 0.0470819 0.0160238 0.00582977 0.00603607 0.0106458 0.0177158 0.0259763 0.0336316 0.0388601 0.0407901 0.0399299 0.037636 0.0350901 0.0326473 0.0299635 0.0265838
 1.04946e-16 6.59737e-05 0.000641288 0.00426158 0.0193726 0.0602753 0.128423 0.18744 0.187452 0.128482 0.060472 0.0199414 0.00569193 0.00377199 0.00603635 0.00994048 0.0144701 0.0185343 0.0210725 0.0216143 0.0205447 0.0187939 0.017205 0.0160864 0.0152202 0.0141906
 1.04262e-16 5.6379e-05 0.000548024 0.00364181 0.0165552 0.0515094 0.109747 0.160184 0.160209 0.109866 0.0519095 0.0177109 0.00654335 0.00688368 0.0120938 0.0199175 0.0287193 0.0361891 0.0400145 0.0391414 0.0344009 0.0279326 0.0218839 0.0173965 0.0144683 0.0124774
 1.01345e-16 7.51595e-05 0.000730578 0.00485494 0.0220699 0.0686676 0.146304 0.213536 0.213542 0.146332 0.0687629 0.0223453 0.00554733 0.00224557 0.00296269 0.00480581 0.00697836 0.00890645 0.0100569 0.0101802 0.00944271 0.00828616 0.00713423 0.00618233 0.00539679 0.00465448
 1.03014e-16 3.36621e-05 0.000327208 0.00217441 0.0098846 0.0307549 0.0655285 0.0956517 0.0957037 0.0657824 0.031607 0.0123448 0.00834659 0.0137907 0.0255725 0.0421429 0.0605173 0.0757088 0.0826575 0.0790358 0.0666571 0.0502926 0.034881 0.0232818 0.0158549 0.0114679
 1.02039e-16 7.47236e-05 0.00072634 0.00482679 0.0219419 0.0682693 0.145455 0.212297 0.212301 0.145473 0.0683308 0.0221204 0.00527823 0.00172293 0.00199988 0.0032724 0.00490301 0.00657347 0.00799981 0.00902949 0.0096853 0.0100661 0.0101993 0.009991 0.00931515 0.00814763
 1.02453e-16 5.41176e-05 0.000526042 0.00349574 0.0158911 0.0494434 0.105345 0.153761 0.153791 0.105492 0.0499345 0.0173092 0.00705302 0.00828456 0.0147684 0.0242765 0.0348439 0.0435664 0.0475308 0.0454143 0.0382952 0.0289621 0.0202869 0.0139094 0.0099854 0.00777984
 1.06025e-16 4.59212e-05 0.00044637 0.00296629 0.0134843 0.0419549 0.0893904 0.130474 0.130502 0.0895283 0.0424181 0.0148239 0.00633587 0.0078256 0.0141288 0.0234625 0.0342056 0.0438666 0.049899 0.0510687 0.0480892 0.0429484 0.0375297 0.0326691 0.0282158 0.0237209
 1.08297e-16 5.46827e-05 0.000531536 0.00353224 0.0160571 0.0499596 0.106445 0.155363 0.155381 0.106534 0.0502588 0.0169228 0.00571149 0.00530955 0.00919028 0.0152687 0.022373 0.0289488 0.0334442 0.0351528 0.0345814 0.0329675 0.0313573 0.0300044 0.0284718 0.0261784
 1.06484e-16 6.00888e-05 0.000584085 0.00388145 0.0176445 0.0548987 0.116968 0.170722 0.170739 0.117053 0.0551838 0.0184687 0.00595282 0.00511431 0.00868899 0.0143369 0.020809 0.0265188 0.0298982 0.0302506 0.0281559 0.0250318 0.0222086 0.0202504 0.0189262 0.0176534
 1.10601e-16 3.16607e-05 0.000307753 0.00204513 0.00929688 0.0289263 0.0616321 0.0899629 0.0900063 0.0618442 0.0296386 0.0113555 0.0072166 0.0116109 0.0215391 0.0356665 0.0516327 0.0654784 0.0731836 0.0729088 0.0660619 0.0562502 0.0469992 0.0400373 0.0351558 0.0312114
 1.06247e-16 6.70404e-05 0.000651657 0.00433049 0.0196858 0.0612498 0.130499 0.190469 0.190476 0.130534 0.0613655 0.0200217 0.00517968 0.00252529 0.00368385 0.00613756 0.00919574 0.0123246 0.0150167 0.0170312 0.0184788 0.0196153 0.0205266 0.0209967 0.0206595 0.0192778
 1.05324e-16 5.47498e-05 0.000532188 0.00353658 0.0160768 0.050021 0.106576 0.155556 0.155583 0.106704 0.0504523 0.0173225 0.00666302 0.00735561 0.0130094 0.0214111 0.030821 0.0387351 0.0426554 0.0414701 0.0361388 0.0290616 0.0226411 0.0181433 0.0155162 0.0139629
 1.08941e-16 3.88766e-05 0.000377895 0.00251124 0.0114158 0.0355189 0.075678 0.110461 0.110495 0.0758441 0.0360772 0.0130303 0.00657105 0.00926439 0.016986 0.0282027 0.0410502 0.0525137 0.0595165 0.0606033 0.0567213 0.0503991 0.0440397 0.038717 0.0341977 0.0297686
 1.07532e-16 6.18628e-05 0.000601328 0.00399604 0.0181654 0.0565194 0.120421 0.17576 0.175772 0.120477 0.0567078 0.0187113 0.0053723 0.00362587 0.00586564 0.00975647 0.0144203 0.0189226 0.022349 0.0242849 0.0250108 0.0251812 0.0252614 0.0252036 0.0245793 0.0229732
 1.05713e-16 5.85832e-05 0.00056945 0.00378419 0.0172024 0.0535232 0.114038 0.166446 0.166467 0.11414 0.0538665 0.0181943 0.00627468 0.00600898 0.0103979 0.0171214 0.0247197 0.0312261 0.0346894 0.0342434 0.0306318 0.0256958 0.021239 0.0181504 0.0162985 0.0150149
 1.09946e-16 3.19597e-05 0.000310659 0.00206444 0.00938468 0.0291995 0.0622141 0.0908121 0.0908542 0.0624198 0.0298903 0.0113817 0.00708287 0.0112847 0.0209289 0.034694 0.050315 0.0639881 0.0718377 0.0720621 0.0659474 0.0568573 0.0480617 0.0411389 0.0358948 0.0313431
 1.17963e-16 3.8065e-05 0.000370005 0.00245881 0.0111774 0.0347772 0.0740973 0.108151 0.108172 0.0741975 0.0351146 0.0121563 0.00493272 0.00582664 0.0105666 0.0178436 0.0267248 0.03577 0.0435046 0.0492352 0.0533097 0.056511 0.0591247 0.0605345 0.0596546 0.0557508
 1.07351e-16 6.91121e-05 0.000671794 0.00446431 0.0202941 0.0631425 0.134532 0.196355 0.196362 0.134567 0.0632613 0.0206378 0.0053298 0.00257037 0.00370269 0.00608732 0.0089462 0.011655 0.0136458 0.0147092 0.0151235 0.0154318 0.0160336 0.0169119 0.0176745 0.0178205
pSPR Fmed_Fpbrs
0.786196   0.6 0.325
Fs Fmed_Fpbrs
0.116502   0.258026 0.621096
SSBpbr Bo_Bmed_Bpbrs
3.0007e+06  2.2091e+06  1.65039e+06 825193
Ro
287350
SPR SPRFo_SPRFmed_SPRFpbrs
2.051e+06 1.61249e+06 666574
Fref
0.258026
Nvult_r0
 355548 31810.6 14357 16096.7 6530.08
CTP_r0
 29619.4 2823.32 1274.25 1428.65 579.571
YTP_r0
391297
Np
 411423 118970 51116.9 4528.75 2624.88
Nvult_p0
 292453 85157.2 36588.7 3241.62 1878.85
CTP_p0
 56746 26404.3 2339.31 1055.8 1578.8
 56746 17466 7504.48 664.867 385.36
YTP_p0
 977310 904863
CBA_c0
955576
log_Ro
12.3885
likeval ReclasPelacesDesembMPH_pf_preclas_ppelaces_ptallas_desvR_qrecl_qpela
 19.9542 18.2548 0.136405 64.917 245.988 124.593 99.2637 0 21.2108 2.66202e-05 1.44284e-05 0.678884 1.00241e-15 0 0
q_reclas_q_pelaces
0.48137 0.582511
M
1
N
 291435 69218.9 301967 15565.6 0.466847
 174123 100750 23822.7 103926 5357.28
 168275 57339.1 32914.5 7782.72 35702.3
 346866 55635.8 18812.9 10799.2 14267.4
 282689 109581 17385.4 5878.76 7832.95
 475448 98917.2 38206.7 6061.58 4780.73
 203163 158633 32773.1 12658.6 3592.26
 102689 61258.5 47153.7 9741.84 4830.58
 93748.6 36689.1 21840.8 16812 5195.58
 123364 30844.1 11974.7 7128.47 7182.88
 229851 39531.3 9786.41 3799.4 4540.79
 134619 81608.2 13999.8 3465.8 2953.63
 111872 39718.1 23699.4 4065.6 1864.23
 201109 31621.1 11016.1 6573.22 1644.69
 147804 55231.9 8504 2962.62 2210.08
 677156 44987.8 16584.1 2553.44 1553.17
 155309 206647 13545.9 4993.51 1236.51
 1.19429e+06 50340.8 66375.4 4350.99 2001.1
 814715 389531 16278 21462.9 2053.99
 486444 255953 120998 5056.35 7304.91
 546960 155650 81082.6 38330.5 3915.88
 713580 177764 50139 26118.9 13608.7
 183954 216595 53217.9 15010.3 11893.4
 679723 60094.9 70157.5 17237.9 8714.39
 556376 229620 20177.1 23555.6 8713.57
 252141 188292 77245.3 6787.67 10855.5
 552442 86870.9 64568.2 26488.6 6050.12
 613583 187905 29382.1 21838.7 11005.5
 187232 210915 64277.5 10050.8 11235.1
 141954 64481.3 72294.8 22032.2 7296.13
 535402 47744.8 21548.7 24159.8 9801.07
pred_Ctot
 11161.7 2836.05 12372.2 637.755 0.0191277
 11647.2 7199.42 1702.32 7426.38 382.821
 10866.8 3956.11 2270.94 536.969 2463.28
 31356.9 5366.61 1814.69 1041.69 1376.23
 8761.84 3634.77 576.664 194.996 259.816
 28188.9 6267.55 2420.83 384.071 302.914
 23542.6 19589 4047.03 1563.16 443.595
 1874.12 1197.19 921.533 190.386 94.4047
 6318.9 2641.74 1572.61 1210.52 374.099
 10168.9 2713.99 1053.66 627.237 632.025
 5082.74 935.905 231.694 89.951 107.503
 17154.4 11075.2 1899.93 470.349 400.841
 16737.9 6321.32 3771.88 647.06 296.702
 32996.2 5514.61 1921.17 1146.35 286.828
 16379.6 6524.22 1004.53 349.957 261.064
 74087.8 5246.94 1934.21 297.808 181.147
 11795.5 16758.6 1098.55 404.964 100.279
 86457 3892.05 5131.75 336.393 154.713
 76173.6 38855 1623.7 2140.88 204.881
 40500.1 22746.5 10753 449.356 649.185
 40705.7 12370.1 6443.93 3046.27 311.21
 80144.2 21279.6 6001.96 3126.6 1629.05
 13148.4 16534.8 4062.64 1145.88 907.937
 35360.5 3342.2 3901.83 958.69 484.654
 28351 12509.5 1099.23 1283.29 474.707
 10169.4 8123.43 3332.57 292.839 468.337
 26505.3 4456.7 3312.52 1358.93 310.387
 25588.1 8381.68 1310.61 974.135 490.909
 7596.79 9153.98 2789.72 436.219 487.619
 7749.34 3762.74 4218.69 1285.67 425.758
 29619.4 2823.32 1274.25 1428.65 579.571
F
 0.0621742 0.0666362 0.0666362 0.0666362 0.0666362
 0.110781 0.118731 0.118731 0.118731 0.118731
 0.106775 0.114438 0.114438 0.114438 0.114438
 0.152271 0.163199 0.163199 0.163199 0.163199
 0.0500648 0.0536576 0.0536576 0.0536576 0.0536576
 0.0976656 0.104675 0.104675 0.104675 0.104675
 0.198904 0.213178 0.213178 0.213178 0.213178
 0.0292257 0.0313231 0.0313231 0.0313231 0.0313231
 0.11167 0.119684 0.119684 0.119684 0.119684
 0.138045 0.147952 0.147952 0.147952 0.147952
 0.0355038 0.0380517 0.0380517 0.0380517 0.0380517
 0.220644 0.236479 0.236479 0.236479 0.236479
 0.263534 0.282446 0.282446 0.282446 0.282446
 0.292309 0.313286 0.313286 0.313286 0.313286
 0.189498 0.203097 0.203097 0.203097 0.203097
 0.186892 0.200304 0.200304 0.200304 0.200304
 0.126598 0.135684 0.135684 0.135684 0.135684
 0.120363 0.129001 0.129001 0.129001 0.129001
 0.157844 0.169172 0.169172 0.169172 0.169172
 0.139514 0.149526 0.149526 0.149526 0.149526
 0.123917 0.13281 0.13281 0.13281 0.13281
 0.192266 0.206064 0.206064 0.206064 0.206064
 0.118763 0.127286 0.127286 0.127286 0.127286
 0.0852591 0.0913777 0.0913777 0.0913777 0.0913777
 0.0834507 0.0894395 0.0894395 0.0894395 0.0894395
 0.0655663 0.0702717 0.0702717 0.0702717 0.0702717
 0.0784107 0.0840378 0.0840378 0.0840378 0.0840378
 0.0678587 0.0727285 0.0727285 0.0727285 0.0727285
 0.065971 0.0707053 0.0707053 0.0707053 0.0707053
 0.0896298 0.096062 0.096062 0.096062 0.096062
 0.0908768 0.0973985 0.0973985 0.0973985 0.0973985
YTP_r0W_actual
 245841 39808.8 35169.2 48859.9 21618
YTP_p0W_proyectada
 425028 413755 54108.3 31008.9 53410.6
 425028 273693 173579 19527.1 13036.7
CTP_r0_actual
 29619.4 2823.32 1274.25 1428.65 579.571
CTP_p0_proyectada
 56746 26404.3 2339.31 1055.8 1578.8
 56746 17466 7504.48 664.867 385.36
Wmedp
 7.49 15.67 23.13 29.37 33.83
Frms_r0
 0.0908768 0.0973985 0.0973985 0.0973985 0.0973985
Zrms_r0
 1.09088 1.0974 1.0974 1.0974 1.0974
nmprior
 8.19 8.8 8.5 0
nm_flota  nm_reclas  nm_pelaces    nm_pelaL
inf 10.6651 17.6571 41.7824
cv_recla  cv_pelaces  cv_mph
0.404056 0.484463 0.745943
 ------------------------------------------------
Talla a la edad & desviaci?n 
 8 13.2811 15.8009 17.003 17.5766
 0.8 1.32811 1.58009 1.7003 1.75766
