years
 1991 1992 1993 1994 1995 1996 1997 1998 1999 2000 2001 2002 2003 2004 2005 2006 2007 2008 2009 2010 2011 2012 2013 2014 2015 2016 2017 2018 2019 2020 2021
reclasobs
 0 0 0 0 0 0 0 0 0 252601 567819 844713 477998 351125 339783 2.1784e+06 2.13404e+06 4.81314e+06 1.55562e+06 2.62356e+06 3.21686e+06 3.843e+06 1.13348e+06 3.07943e+06 1.97215e+06 2.03268e+06 2.025e+06 2.42433e+06 2.27542e+06 1.05018e+06 2.36338e+06
reclaspred
 3.43024e+06 1.98777e+06 1.01298e+06 1.03027e+06 1.05295e+06 1.62716e+06 1.1901e+06 1.10872e+06 833541 650244 658924 619676 483584 580851 588856 1.22776e+06 1.23003e+06 2.74539e+06 2.59955e+06 1.95355e+06 2.91429e+06 1.94463e+06 1.53244e+06 2.72878e+06 2.18814e+06 2.00205e+06 2.34899e+06 2.44414e+06 2.07307e+06 1.37732e+06 1.92301e+06
pelacesobs
 0 0 0 0 0 0 0 0 0 0 0 0 0 0 0 552880 188675 0 991730 2.46772e+06 1.41603e+06 1.21717e+06 2.29649e+06 1.80582e+06 0 1.4828e+06 1.56532e+06 1.57751e+06 1.42118e+06 867257 1.10002e+06
pelacespred
 1.98944e+06 1.30591e+06 683536 563936 574448 921850 671286 703693 539812 409157 411750 333368 280493 377928 376541 637917 635712 1.59709e+06 1.60075e+06 1.14948e+06 1.51592e+06 1.21506e+06 902760 1.73012e+06 1.32896e+06 1.21368e+06 1.62068e+06 1.67053e+06 1.16785e+06 888838 1.23712e+06
mphobs
 0 0 0 0 0 0 0 0 0 0 0 498337 0 5186 125008 0 168611 109162 213762 579715 649985 157893 87575 83554 0 0 0 0 0 0 0
mphpred
 515152 347487 180982 97762.8 113288 126599 173001 129398 112149 84346.4 59682.9 77162.1 61755.7 42395.1 50010 61110.3 144667 141629 282129 254769 267023 256496 201880 166110 275708 241204 205273 216338 292638 208723 135647
desembarqueobs
 494567 514787 250237 358949 120608 361735 552515 73892 212993 205616 52469 317467 293654 387597 252695 516296 358380 742168 942051 627588 828172 859565 418607 520667 417249 300574 415391 372974 316634 284311 391294
desembarquepred
 494571 512953 251198 358960 120610 361741 552541 73893.6 213014 205631 52469.3 317596 293820 387582 252696 516295 358407 742127 941907 627531 828284 859698 418628 520677 417249 300576 415393 372969 316634 284318 391296
Reclutas
 301479 181017 175045 361599 294960 495968 212249 107840 98445.8 129415 240765 140743 117427 207907 154616 707216 163119 1.2471e+06 848732 506095 571501 744178 192596 712867 582956 264505 579667 643818 196428 149053 562417
log_desv_Rt
 0.00354745 -0.506561 -0.540109 0.185382 -0.0183126 0.501358 -0.347393 -1.0245 -1.11565 -0.842127 -0.221331 -0.758219 -0.939333 -0.368065 -0.664206 0.856182 -0.610674 1.42343 1.03859 0.52157 0.643113 0.907127 -0.444561 0.864141 0.662958 -0.127294 0.657299 0.762262 -0.424857 -0.700852 0.62709
SSB
 6.76278e+06 4.56172e+06 2.37589e+06 1.2834e+06 1.48721e+06 1.66196e+06 2.27112e+06 1.6987e+06 1.47226e+06 1.10728e+06 783502 1.01296e+06 810713 556552 656519 802240 1.89916e+06 1.85927e+06 3.70372e+06 3.34454e+06 3.5054e+06 3.36721e+06 2.65023e+06 2.18065e+06 3.61943e+06 3.16647e+06 2.69477e+06 2.84002e+06 3.84168e+06 2.74006e+06 1.78074e+06
BT
 8.74043e+06 5.97541e+06 3.11697e+06 2.66485e+06 2.49695e+06 4.16394e+06 3.30464e+06 3.00582e+06 2.46805e+06 1.91108e+06 1.76744e+06 1.66831e+06 1.45052e+06 1.99467e+06 1.83036e+06 3.09209e+06 2.94359e+06 7.33815e+06 7.59975e+06 5.38134e+06 6.99757e+06 5.9371e+06 4.15263e+06 7.72731e+06 5.93761e+06 5.34268e+06 7.20258e+06 7.36141e+06 5.14608e+06 3.99289e+06 5.55149e+06
Ftot
 0.0632499 0.112572 0.108445 0.155081 0.0510731 0.0998424 0.20258 0.0296516 0.113146 0.139611 0.0360498 0.224059 0.265115 0.297007 0.192175 0.190109 0.128406 0.122577 0.160994 0.142008 0.125894 0.195278 0.120283 0.0865657 0.0848375 0.0666391 0.0797031 0.0690529 0.0671007 0.0908486 0.0922102
BD_Bspro_t
 0.989936 0.92263 0.834005 0.776822 0.777027 0.824068 0.823217 0.736856 0.775985 0.761541 0.749734 0.843651 0.720286 0.613677 0.628209 0.666001 0.746439 0.733584 0.805996 0.76241 0.734831 0.728737 0.711096 0.709738 0.818591 0.82851 0.835717 0.856909 0.88162 0.845782 0.809229
BD_Bspro
 3.15395 2.12745 1.10804 0.59854 0.69359 0.775086 1.05918 0.792221 0.686615 0.5164 0.365401 0.472415 0.378091 0.259559 0.30618 0.37414 0.885708 0.867105 1.7273 1.55979 1.63481 1.57036 1.23598 1.01699 1.68799 1.47674 1.25676 1.3245 1.79164 1.27788 0.830481
BD_Bo
 2.15701 1.45497 0.757797 0.409346 0.47435 0.530086 0.72438 0.541805 0.46958 0.353169 0.2499 0.323088 0.258579 0.177514 0.209399 0.255877 0.605741 0.593019 1.18131 1.06675 1.11806 1.07398 0.845297 0.695524 1.15443 1.00995 0.859506 0.905834 1.22532 0.873949 0.567971
BD_Brms
 3.92183 2.64541 1.37781 0.744265 0.862455 0.963793 1.31705 0.9851 0.853783 0.642126 0.454364 0.587432 0.470144 0.322752 0.380725 0.46523 1.10135 1.07822 2.14784 1.93954 2.03283 1.95269 1.5369 1.26459 2.09896 1.83628 1.56274 1.64697 2.22785 1.589 1.03267
Sel_flota
 0.933561 0.996268 0.999803 0.99999 0.999999
 0.933561 0.996268 0.999803 0.99999 0.999999
 0.933561 0.996268 0.999803 0.99999 0.999999
 0.933561 0.996268 0.999803 0.99999 0.999999
 0.933561 0.996268 0.999803 0.99999 0.999999
 0.933561 0.996268 0.999803 0.99999 0.999999
 0.933561 0.996268 0.999803 0.99999 0.999999
 0.933561 0.996268 0.999803 0.99999 0.999999
 0.933561 0.996268 0.999803 0.99999 0.999999
 0.933561 0.996268 0.999803 0.99999 0.999999
 0.933561 0.996268 0.999803 0.99999 0.999999
 0.933561 0.996268 0.999803 0.99999 0.999999
 0.933561 0.996268 0.999803 0.99999 0.999999
 0.933561 0.996268 0.999803 0.99999 0.999999
 0.933561 0.996268 0.999803 0.99999 0.999999
 0.933561 0.996268 0.999803 0.99999 0.999999
 0.933561 0.996268 0.999803 0.99999 0.999999
 0.933561 0.996268 0.999803 0.99999 0.999999
 0.933561 0.996268 0.999803 0.99999 0.999999
 0.933561 0.996268 0.999803 0.99999 0.999999
 0.933561 0.996268 0.999803 0.99999 0.999999
 0.933561 0.996268 0.999803 0.99999 0.999999
 0.933561 0.996268 0.999803 0.99999 0.999999
 0.933561 0.996268 0.999803 0.99999 0.999999
 0.933561 0.996268 0.999803 0.99999 0.999999
 0.933561 0.996268 0.999803 0.99999 0.999999
 0.933561 0.996268 0.999803 0.99999 0.999999
 0.933561 0.996268 0.999803 0.99999 0.999999
 0.933561 0.996268 0.999803 0.99999 0.999999
 0.933561 0.996268 0.999803 0.99999 0.999999
 0.933561 0.996268 0.999803 0.99999 0.999999
Sel_reclas
 1 1 1 1 1
 1 1 1 1 1
 1 1 1 1 1
 1 1 1 1 1
 1 1 1 1 1
 1 1 1 1 1
 1 1 1 1 1
 1 1 1 1 1
 1 1 1 1 1
 1 1 1 1 1
 1 1 1 1 1
 1 1 1 1 1
 1 1 1 1 1
 1 1 1 1 1
 1 1 1 1 1
 1 1 1 1 1
 1 1 1 1 1
 1 1 1 1 1
 1 1 1 1 1
 1 1 1 1 1
 1 1 1 1 1
 1 1 1 1 1
 1 1 1 1 1
 1 1 1 1 1
 1 1 1 1 1
 1 1 1 1 1
 1 1 1 1 1
 1 1 1 1 1
 1 1 1 1 1
 1 1 1 1 1
 1 1 1 1 1
Sel_pelaces
 1 1 1 1 1
 1 1 1 1 1
 1 1 1 1 1
 1 1 1 1 1
 1 1 1 1 1
 1 1 1 1 1
 1 1 1 1 1
 1 1 1 1 1
 1 1 1 1 1
 1 1 1 1 1
 1 1 1 1 1
 1 1 1 1 1
 1 1 1 1 1
 1 1 1 1 1
 1 1 1 1 1
 1 1 1 1 1
 1 1 1 1 1
 1 1 1 1 1
 1 1 1 1 1
 1 1 1 1 1
 1 1 1 1 1
 1 1 1 1 1
 1 1 1 1 1
 1 1 1 1 1
 1 1 1 1 1
 1 1 1 1 1
 1 1 1 1 1
 1 1 1 1 1
 1 1 1 1 1
 1 1 1 1 1
 1 1 1 1 1
pf_obs 
 0.8446 0.082 0.0669 0.0065 0
 0.8095 0.147 0.0364 0.0071 0
 0.9664 0.0169 0.016 0.0007 0
 0.9276 0.0648 0.0075 0.0001 0
 0.7033 0.2144 0.0806 0.0017 0
 0.9318 0.0425 0.0243 0.0014 0
 0.5671 0.3108 0.0964 0.0239 0.0018
 0.0768 0.2599 0.5324 0.112 0.0189
 0.490249 0.384438 0.106611 0.0170017 0.00170017
 0.7925 0.1577 0.0466 0.003 0.0002
 0.840416 0.127587 0.0312969 0.00059994 9.999e-05
 0.8084 0.0986 0.0794 0.0134 0.0002
 0.7335 0.1905 0.0724 0.0035 0.0001
 0.4001 0.4547 0.1325 0.0127 0
 0.49795 0.308269 0.164784 0.0264974 0.00249975
 0.9179 0.0499 0.0305 0.0017 0
 0.2467 0.6533 0.0926 0.0074 0
 0.9418 0.0223 0.034 0.0019 0
 0.707729 0.231977 0.0356964 0.0245975 0
 0.517169 0.277429 0.184464 0.0207286 0.00020938
 0.811772 0.124168 0.05621 0.00726502 0.000585176
 0.764997 0.148141 0.077277 0.00933861 0.000247198
 0.163321 0.427699 0.378323 0.0303852 0.000271297
 0.753843 0.0900009 0.118128 0.0371064 0.000921714
 0.721811 0.176058 0.0630433 0.0369309 0.00215725
 0.143369 0.312575 0.442814 0.0836902 0.0175525
 0.692698 0.0596174 0.167031 0.0765114 0.00414204
 0.394062 0.376323 0.152708 0.0712218 0.00568511
 0.125707 0.32114 0.495352 0.0537591 0.00404204
 0.23352 0.215282 0.420074 0.123614 0.00750983
 0.796117 0.104755 0.0508955 0.0450114 0.00322123
pf_pred 
 0.40904 0.104222 0.463068 0.0236692 7.08337e-07
 0.408985 0.251353 0.0600762 0.265992 0.0135938
 0.538634 0.196314 0.112968 0.0269036 0.125181
 0.76453 0.13079 0.044637 0.025594 0.0344496
 0.651294 0.270849 0.0433182 0.0147296 0.0198096
 0.749897 0.166505 0.0649838 0.0103572 0.00825663
 0.478264 0.397661 0.082702 0.0321617 0.00921055
 0.436864 0.279177 0.216628 0.0448822 0.0224481
 0.52051 0.217105 0.130306 0.100766 0.0313132
 0.667463 0.178713 0.0697899 0.0417372 0.0422969
 0.786681 0.145585 0.0364648 0.0141882 0.0170806
 0.55251 0.356766 0.0619863 0.0154723 0.0132651
 0.600501 0.227716 0.137064 0.0237227 0.0109958
 0.782432 0.134462 0.0474522 0.0284496 0.00720478
 0.666277 0.265262 0.0423765 0.0148951 0.0111894
 0.905191 0.0646216 0.024014 0.00382185 0.00235203
 0.390721 0.55507 0.0369932 0.0136953 0.0035203
 0.899572 0.0408462 0.0542989 0.00360568 0.00167766
 0.63865 0.327233 0.013906 0.0184191 0.00179185
 0.53682 0.303011 0.145098 0.00614328 0.00892687
 0.645942 0.196052 0.103498 0.0493796 0.00512762
 0.712591 0.190078 0.0539841 0.0283955 0.0149516
 0.365756 0.460944 0.114761 0.0324705 0.0260673
 0.801299 0.0757939 0.0894138 0.0221811 0.011312
 0.647542 0.286109 0.025365 0.0298172 0.011167
 0.453548 0.361924 0.149894 0.0132419 0.021392
 0.736589 0.123739 0.0926171 0.0382242 0.00883023
 0.695824 0.22791 0.0358946 0.0267721 0.0135991
 0.370691 0.446436 0.137145 0.0215241 0.0242039
 0.443262 0.214902 0.242751 0.0743124 0.0247731
 0.828263 0.0789812 0.0358833 0.0403898 0.0164831
pobs_RECLAS
 0 0 0 0 0
 0 0 0 0 0
 0 0 0 0 0
 0 0 0 0 0
 0 0 0 0 0
 0 0 0 0 0
 0 0 0 0 0
 0 0 0 0 0
 0 0 0 0 0
 0 0 0 0 0
 0.991045 0.00858322 0.000360255 1.14367e-05 0
 0.934742 0.0480273 0.0164251 0.00080598 0
 0.827803 0.169806 0.00239088 0 0
 0.941827 0.0461693 0.0120037 0 0
 0.791401 0.0380133 0.147996 0.0225897 0
 0.846168 0.0940531 0.0597789 0 0
 0.134021 0.677848 0.182769 0.00536245 0
 0.80878 0.0450904 0.141981 0.00414843 0
 0.846168 0.0940531 0.0597789 0 0
 0.905697 0.0802665 0.012482 0.00150086 5.37128e-05
 0.989698 0.0102097 9.19794e-05 0 0
 0.975433 0.0193895 0.00387452 0.00125025 5.28907e-05
 0.303575 0.632131 0.0575291 0.00676475 0
 0.966965 0.00978017 0.0227588 0.000495775 0
 0.843318 0.132988 0.00938335 0.0141283 0.000182051
 0.564624 0.303363 0.111486 0.0197234 0.00080311
 0.826376 0.0876187 0.0782897 0.00655872 0.00115652
 0.89761 0.0855135 0.0140674 0.00269457 0.000114338
 0.34875 0.467042 0.161289 0.0227151 0.000203297
 0.318654 0.224769 0.449479 0.00709798 0
 0.937255 0.0296025 0.0250945 0.00804832 0
ppred_RECLAS
 0.425645 0.101592 0.449777 0.0229855 6.87871e-07
 0.425467 0.244868 0.0583172 0.258155 0.0131931
 0.555418 0.189573 0.108699 0.0258822 0.120428
 0.776476 0.124359 0.0422901 0.0242437 0.0326318
 0.666151 0.25952 0.0413588 0.0140608 0.0189099
 0.762211 0.158498 0.0616382 0.00982211 0.00782999
 0.495031 0.385218 0.0798254 0.0310371 0.0088884
 0.453405 0.271468 0.2099 0.04348 0.0217466
 0.537367 0.209893 0.125528 0.0970524 0.030159
 0.682278 0.171042 0.0665553 0.0397953 0.0403286
 0.797605 0.13829 0.0345147 0.0134269 0.016164
 0.569047 0.343838 0.0595242 0.0148549 0.0127357
 0.616765 0.218791 0.131214 0.0227058 0.0105243
 0.793847 0.127588 0.0448624 0.0268917 0.00681019
 0.680989 0.25376 0.0403929 0.0141952 0.0106635
 0.910812 0.0608603 0.0225348 0.00358576 0.00220671
 0.406559 0.540816 0.0359143 0.0132934 0.00341695
 0.905537 0.038502 0.0509997 0.00338596 0.00157541
 0.653808 0.313616 0.0132795 0.017586 0.00171078
 0.553453 0.292494 0.139561 0.00590771 0.00858447
 0.661192 0.187913 0.0988472 0.0471516 0.00489621
 0.726203 0.181302 0.051306 0.0269818 0.014207
 0.381361 0.450051 0.111649 0.0315839 0.0253552
 0.811863 0.071925 0.0845474 0.0209699 0.0106942
 0.662493 0.274162 0.0242192 0.028465 0.0106604
 0.470096 0.35139 0.145014 0.0128084 0.0206914
 0.749451 0.117924 0.08795 0.0362912 0.00838361
 0.709673 0.217733 0.0341699 0.0254809 0.0129431
 0.386315 0.435809 0.133404 0.0209331 0.023539
 0.460037 0.208891 0.23512 0.0719628 0.0239896
 0.837654 0.0748106 0.0338674 0.0381135 0.015554
pobs_PELACES
 0 0 0 0 0
 0 0 0 0 0
 0 0 0 0 0
 0 0 0 0 0
 0 0 0 0 0
 0 0 0 0 0
 0 0 0 0 0
 0 0 0 0 0
 0 0 0 0 0
 0 0 0 0 0
 0 0 0 0 0
 0 0 0 0 0
 0 0 0 0 0
 0 0 0 0 0
 0 0 0 0 0
 0 0 0 0 0
 0.505614 0.472636 0.0217494 0 0
 0 0 0 0 0
 0.443492 0.261883 0.143347 0.151278 0
 0.227955 0.32914 0.350689 0.0885471 0.00366901
 0.970185 0.0296113 0.000203453 0 0
 0.997202 0.00247181 0.000326279 0 0
 0.445219 0.490057 0.0546422 0.010081 0
 0.90214 0.0892962 0.00764917 0.000914606 0
 0 0 0 0 0
 0.581667 0.319106 0.0959925 0.00289975 0.000334073
 0.762889 0.0836404 0.116647 0.0363945 0.000428098
 0.88444 0.0763242 0.0277011 0.0115352 0
 0.521256 0.241999 0.230069 0.00667565 0
 0.616807 0.101726 0.260614 0.0208532 0
 0.833518 0.0704572 0.0857862 0.0102388 0
ppred_PELACES
 0.42598 0.101539 0.449509 0.0229717 6.87458e-07
 0.426056 0.244636 0.0582543 0.257875 0.0131788
 0.55599 0.189343 0.108554 0.0258473 0.120265
 0.777046 0.124052 0.042178 0.0241792 0.0325449
 0.666389 0.259338 0.0413274 0.01405 0.0188955
 0.762593 0.15825 0.0615346 0.00980554 0.00781678
 0.496093 0.38443 0.0796432 0.0309659 0.00886799
 0.453562 0.271395 0.209836 0.0434668 0.0217399
 0.537968 0.209636 0.125358 0.0969202 0.0301179
 0.682921 0.17071 0.066415 0.0397111 0.0402432
 0.797727 0.138208 0.0344928 0.0134183 0.0161537
 0.570197 0.342939 0.0593531 0.014812 0.0126989
 0.618092 0.218062 0.130737 0.0226229 0.0104859
 0.794873 0.126971 0.0446297 0.0267518 0.00677474
 0.681862 0.253077 0.0402752 0.0141536 0.0106323
 0.911137 0.060643 0.0224494 0.00357212 0.00219832
 0.407203 0.540236 0.0358704 0.0132771 0.00341275
 0.905761 0.038414 0.0508758 0.00337771 0.00157157
 0.654566 0.312935 0.0132482 0.0175443 0.00170673
 0.554193 0.292026 0.139314 0.00589723 0.00856923
 0.66179 0.187594 0.0986647 0.0470642 0.00488714
 0.727022 0.180774 0.051145 0.0268968 0.0141623
 0.381958 0.449634 0.11153 0.03155 0.025328
 0.812146 0.0718213 0.084417 0.0209375 0.0106777
 0.66289 0.273845 0.0241889 0.0284291 0.010647
 0.470446 0.351168 0.144911 0.0127992 0.0206766
 0.74977 0.117779 0.0878343 0.0362433 0.00837253
 0.709972 0.217513 0.0341327 0.025453 0.0129289
 0.38665 0.435581 0.133324 0.0209204 0.0235248
 0.46052 0.208717 0.2349 0.0718951 0.0239671
 0.837922 0.0746919 0.03381 0.0380487 0.0155275
pobs_pel_tallas
 0 0 0 0 0 0 0 0 0 0 0 0 0 0 0 0 0 0 0 0 0 0 0 0 0 0
 0 0 0 0 0 0 0 0 0 0 0 0 0 0 0 0 0 0 0 0 0 0 0 0 0 0
 0 0 0 0 0 0 0 0 0 0 0 0 0 0 0 0 0 0 0 0 0 0 0 0 0 0
 0 0 0 0 0 0 0 0 0 0 0 0 0 0 0 0 0 0 0 0 0 0 0 0 0 0
 0 0 0 0 0 0 0 0 0 0 0 0 0 0 0 0 0 0 0 0 0 0 0 0 0 0
 0 0 0 0 0 0 0 0 0 0 0 0 0 0 0 0 0 0 0 0 0 0 0 0 0 0
 0 0 0 0 0 0 0 0 0 0 0 0 0 0 0 0 0 0 0 0 0 0 0 0 0 0
 0 0 0 0 0 0 0 0 0 0 0 0 0 0 0 0 0 0 0 0 0 0 0 0 0 0
 0 0 0 0 0 0 0 0 0 0 0 0 0 0 0 0 0 0 0 0 0 0 0 0 0 0
 0 0 0 0 0 0 0 0 0 0 0 0 0 0 0 0 0 0 0 0 0 0 0 0 0 0
 0 0 0 0 0 0 0 0 0 0 0 0 0 0 0 0 0 0 0 0 0 0 0 0 0 0
 0 0 0 0 0 0 0 0 0 0 0 0 0 0 0 0 0 0 0 0 0 0 0 0 0 0
 0.00862536 0 0 0.000197151 0.00414017 0.0128641 0.00837892 0.0270097 0.101434 0.158115 0.152841 0.127902 0.109271 0.109419 0.0830992 0.0579132 0.0238553 0.00714673 0.00463305 0.00128148 0.00103504 0.000492878 0.000147863 0.000147863 4.92878e-05 0
 0 0 0 0 0 0 0 0 0 0 0 0 0 0 0 0 0 0 0 0 0 0 0 0 0 0
 0 0 0 0 0 0 0 0.0054083 0.00873648 0.0413646 0.0450493 0.0745869 0.0622846 0.0627006 0.0613931 0.0827291 0.12552 0.122667 0.0946155 0.0697135 0.0546179 0.0294188 0.0215738 0.0213955 0.0102223 0.00600262
 0 0 0 0 0.00359764 0.0251062 0.0480494 0.140153 0.205849 0.193036 0.1447 0.116669 0.0760912 0.0342217 0.00950174 0.001854 0.000860785 0 0 0 0.000165536 0 0.000143464 0 0 0
 0 0 0 0 0 0 0 0.000145254 0.000435761 0.0275982 0.070085 0.0708112 0.156366 0.174668 0.174014 0.160142 0.0824315 0.0480064 0.0283245 0.00493863 0.00203355 0 0 0 0 0
 0 0 0 0 0 0 0 0 0 0 0 0 0 0 0 0 0 0 0 0 0 0 0 0 0 0
 0 0 1.00437e-05 0.000401748 0.00122533 0.00171747 0.00176769 0.0269171 0.070346 0.194647 0.189555 0.159765 0.064822 0.0314167 0.0384472 0.0292271 0.0345202 0.0313363 0.0194345 0.0106764 0.0143323 0.0359363 0.0279516 0.0138201 0.00172751 0
 0 0.0021121 0.0136068 0.0755702 0.200478 0.177729 0.0527432 0.0373336 0.0318909 0.0142505 0.0149659 0.0166563 0.0217959 0.0798694 0.0677717 0.0528807 0.04013 0.0224614 0.0357745 0.0225083 0.00881397 0.00855152 0.00135912 0.000746735 0 0
 0 0 0 0 5.4009e-05 0.00500934 0.000945158 0.0243581 0.138947 0.33067 0.221406 0.137944 0.0707744 0.0437923 0.0131692 0.00525238 0.0047753 0.00276346 9.45158e-05 9.00151e-06 2.25038e-05 9.00151e-06 4.50075e-06 0 0 0
 0.000866109 0.00284123 0.00948549 0.0512746 0.133035 0.25785 0.225252 0.132002 0.0553304 0.0519788 0.0540692 0.017754 0.00435017 0.00159236 0.00146478 0.000404838 0.000125132 0.000115318 0.000107957 0.000100596 0 0 0 0 0 0
 0 0 0 0 0.00144013 0.00171154 0.00461396 0.0210425 0.0478622 0.0707936 0.0888783 0.103762 0.0637923 0.0337046 0.0602308 0.124433 0.169614 0.0934646 0.0462172 0.0250306 0.0313229 0.00938855 0.002487 0.000210481 0 0
 0 0.00764035 0.051015 0.0998891 0.058973 0.0496711 0.0374665 0.0718981 0.12319 0.153886 0.159021 0.0857701 0.0377988 0.023471 0.0147837 0.00900784 0.00315554 0.000888139 0.00291439 0.00214683 0.00393193 0.00274676 0.000635225 9.99891e-05 0 0
 0 0 0 0 0 0 0 0 0 0 0 0 0 0 0 0 0 0 0 0 0 0 0 0 0 0
 0 0 0 0 0 0 0 0 0 0 0 0 0 0 0 0 0 0 0 0 0 0 0 0 0 0
 0 0 0 0 0 0 0 0 0 0 0 0 0 0 0 0 0 0 0 0 0 0 0 0 0 0
 0 0 0 0 0 0 0 0 0 0 0 0 0 0 0 0 0 0 0 0 0 0 0 0 0 0
 0 0 0 0 0 0 0 0 0 0 0 0 0 0 0 0 0 0 0 0 0 0 0 0 0 0
 0 0 0 0 0 0 0 0 0 0 0 0 0 0 0 0 0 0 0 0 0 0 0 0 0 0
 0 0 0 0 0 0 0 0 0 0 0 0 0 0 0 0 0 0 0 0 0 0 0 0 0 0
ppred_pel_tallas
 1.15302e-16 3.50874e-05 0.000341062 0.00226648 0.0103031 0.0320568 0.0683008 0.0996892 0.0996997 0.0683522 0.0322315 0.0108164 0.00358739 0.00333201 0.00602937 0.0107288 0.0173479 0.0257514 0.0356731 0.0467493 0.0583125 0.0690327 0.0768638 0.0796441 0.0761245 0.0667308
 1.29836e-16 3.50937e-05 0.000341123 0.00226689 0.0103049 0.0320626 0.0683137 0.0997108 0.0997345 0.0684296 0.0324522 0.0114321 0.00510385 0.00656079 0.0119301 0.0198991 0.029248 0.0381216 0.0447757 0.048718 0.0511135 0.0539513 0.0585473 0.0645256 0.0699629 0.0724585
 1.26126e-16 4.57962e-05 0.000445156 0.00295822 0.0134476 0.0418407 0.0891466 0.130116 0.130134 0.0892367 0.0421434 0.0143241 0.0051664 0.00529316 0.00933581 0.0155846 0.0229874 0.0300947 0.03551 0.0387396 0.040525 0.0422773 0.0450348 0.0487554 0.0523814 0.0544757
 1.09182e-16 6.40043e-05 0.000622145 0.00413437 0.0187943 0.058476 0.12459 0.181845 0.181857 0.124648 0.0586732 0.0193647 0.00556895 0.00376306 0.00605702 0.00998761 0.0145653 0.018722 0.0214338 0.0222852 0.021727 0.0207445 0.0201926 0.0203152 0.02074 0.0208295
 1.05866e-16 5.48896e-05 0.000533547 0.00354561 0.0161178 0.0501487 0.106848 0.155953 0.155978 0.10697 0.0505591 0.0173033 0.00652193 0.00703329 0.0124065 0.020444 0.0294962 0.0372082 0.0412255 0.0404871 0.0358632 0.0295566 0.0237594 0.0196073 0.0170382 0.0153404
 1.04123e-16 6.28138e-05 0.000610572 0.00405747 0.0184447 0.0573883 0.122272 0.178463 0.178479 0.122347 0.0576399 0.0191721 0.0058865 0.00461357 0.00769523 0.0127009 0.018474 0.0236173 0.0267418 0.0271967 0.0254205 0.0225679 0.0197337 0.0174035 0.0154584 0.0135523
 1.07003e-16 4.08626e-05 0.000397199 0.00263953 0.0119989 0.0373333 0.079544 0.116105 0.116142 0.0797253 0.0379422 0.0137582 0.00705794 0.0100505 0.0183977 0.0304127 0.0439552 0.055593 0.0618523 0.0611396 0.0546708 0.045584 0.0369823 0.0304447 0.0258783 0.022355
 1.14163e-16 3.73593e-05 0.000363146 0.00241323 0.0109702 0.0341326 0.0727241 0.106148 0.106175 0.0728534 0.0345676 0.0122304 0.00559006 0.00734365 0.0134284 0.0224915 0.0332189 0.0435031 0.0511828 0.0552254 0.0562019 0.0555851 0.0544959 0.0529844 0.0503174 0.045816
 1.18488e-16 4.43117e-05 0.000430726 0.00286233 0.0130117 0.0404844 0.0862571 0.125899 0.125919 0.0863569 0.0408198 0.013983 0.00530977 0.00580551 0.0103477 0.0172929 0.0255222 0.0334266 0.0394223 0.042873 0.0444433 0.0454844 0.046942 0.0486794 0.0496632 0.0487187
 1.12754e-16 5.62513e-05 0.000546783 0.00363357 0.0165177 0.0513927 0.109498 0.159819 0.159836 0.109579 0.0516644 0.0173037 0.00561105 0.00487865 0.00832843 0.0138013 0.0201711 0.026012 0.0299339 0.0313689 0.0309169 0.0298837 0.0293744 0.0296539 0.0301688 0.0300495
 1.05111e-16 6.57078e-05 0.000638703 0.00424441 0.0192945 0.0600323 0.127906 0.186685 0.186698 0.127971 0.0602515 0.0199279 0.00583589 0.00411803 0.00668892 0.0109954 0.0159326 0.0202532 0.0227398 0.0228543 0.0210558 0.0184671 0.0161589 0.0146119 0.0136763 0.0128974
 1.05435e-16 4.69664e-05 0.00045653 0.00303381 0.0137913 0.0429099 0.0914254 0.133445 0.133478 0.091587 0.0434526 0.0153591 0.00697025 0.0090532 0.0163837 0.0270382 0.0390096 0.0491948 0.0544612 0.0533703 0.0470251 0.0382918 0.0300483 0.0238275 0.0196427 0.0166978
 1.07872e-16 5.09115e-05 0.000494878 0.00328864 0.0149497 0.0465141 0.0991041 0.14465 0.144671 0.0992076 0.0468623 0.0159575 0.00582616 0.00606028 0.0106969 0.0178031 0.0261078 0.0338091 0.0390788 0.0410424 0.0402104 0.0379428 0.0354219 0.0329986 0.0303213 0.02693
 1.0515e-16 6.54727e-05 0.000636418 0.00422922 0.0192254 0.0598175 0.127448 0.186017 0.186029 0.127508 0.0600193 0.0198091 0.00569682 0.00384879 0.006192 0.0102014 0.0148527 0.0190298 0.0216463 0.0222208 0.0211485 0.0193819 0.0177825 0.0166618 0.0157914 0.0147414
 1.04446e-16 5.61641e-05 0.000545936 0.00362793 0.0164921 0.0513131 0.109329 0.159574 0.159598 0.109448 0.0517135 0.0176488 0.006532 0.00688749 0.0121059 0.019941 0.0287607 0.0362569 0.0401197 0.0392968 0.0346188 0.0282212 0.0222429 0.0178139 0.0149209 0.0129352
 1.01394e-16 7.50492e-05 0.000729505 0.00484782 0.0220375 0.0685668 0.146089 0.213222 0.213228 0.146118 0.0686631 0.0223161 0.00554825 0.00226215 0.00299633 0.00486224 0.00706116 0.00901384 0.0101815 0.0103124 0.00957491 0.00841569 0.00726233 0.0063109 0.00552544 0.00477969
 1.03083e-16 3.35409e-05 0.00032603 0.00216658 0.00984901 0.0306442 0.0652926 0.0953074 0.0953594 0.0655467 0.0314972 0.0123118 0.00834534 0.013804 0.0256002 0.04219 0.0605876 0.0758024 0.0827706 0.0791633 0.0667954 0.050441 0.0350405 0.0234518 0.016031 0.0116424
 1.02083e-16 7.46063e-05 0.0007252 0.00481921 0.0219074 0.0681622 0.145227 0.211964 0.211967 0.145245 0.0682244 0.0220881 0.00527607 0.00173381 0.00202316 0.00331254 0.00496431 0.00665776 0.00810618 0.00915545 0.00982832 0.0102238 0.0103678 0.0101638 0.00948278 0.00829994
 1.02511e-16 5.39158e-05 0.000524081 0.0034827 0.0158319 0.049259 0.104953 0.153188 0.153218 0.1051 0.0497529 0.0172579 0.00706 0.00832631 0.0148513 0.0244142 0.0350429 0.0438182 0.0478117 0.0456937 0.038549 0.0291808 0.0204755 0.0140791 0.010145 0.00793191
 1.06137e-16 4.56482e-05 0.000443717 0.00294866 0.0134042 0.0417055 0.0888591 0.129698 0.129727 0.0889974 0.0421705 0.014749 0.00633156 0.00785246 0.0141858 0.0235604 0.0343541 0.0440692 0.0501517 0.0513639 0.0484198 0.0433089 0.0379132 0.033063 0.0286012 0.0240763
 1.08443e-16 5.45108e-05 0.000529864 0.00352114 0.0160066 0.0498025 0.10611 0.154875 0.154893 0.106199 0.0501018 0.0168727 0.00570153 0.0053107 0.00919641 0.0152816 0.0223976 0.0289927 0.0335178 0.0352685 0.0347513 0.0332 0.0316524 0.0303517 0.0288504 0.0265611
 1.06617e-16 5.98839e-05 0.000582092 0.00386821 0.0175843 0.0547115 0.116569 0.17014 0.170157 0.116655 0.0549984 0.0184137 0.00595249 0.00514064 0.00874297 0.0144276 0.0209424 0.0266926 0.0301019 0.0304707 0.0283838 0.0252671 0.0224574 0.0205186 0.0192132 0.0179497
 1.10784e-16 3.14615e-05 0.000305817 0.00203226 0.00923839 0.0287443 0.0612444 0.0893971 0.0894405 0.0614566 0.0294571 0.0112983 0.00720701 0.0116164 0.0215541 0.0356942 0.0516788 0.0655498 0.0732882 0.073056 0.0662615 0.05651 0.0473209 0.0404132 0.0355683 0.0316356
 1.06362e-16 6.68954e-05 0.000650248 0.00432112 0.0196432 0.0611173 0.130217 0.190057 0.190064 0.130252 0.0612335 0.0199803 0.00517327 0.00253056 0.00369711 0.00616163 0.00923498 0.0123837 0.0151007 0.0171457 0.0186297 0.0198068 0.0207587 0.0212626 0.0209455 0.0195657
 1.05421e-16 5.46014e-05 0.000530745 0.00352699 0.0160332 0.0498854 0.106287 0.155135 0.155161 0.106416 0.0503181 0.017283 0.00666364 0.0073765 0.0130519 0.0214821 0.0309248 0.038869 0.0428098 0.0416332 0.0363029 0.0292264 0.0228126 0.018328 0.015716 0.0141726
 1.09055e-16 3.87501e-05 0.000376665 0.00250307 0.0113786 0.0354033 0.0754317 0.110102 0.110136 0.0755979 0.0359617 0.0129936 0.00656413 0.00926612 0.0169922 0.0282151 0.0410726 0.0525516 0.0595769 0.0606942 0.0568501 0.0505706 0.044253 0.0389646 0.0344658 0.03004
 1.07617e-16 6.17576e-05 0.000600306 0.00398925 0.0181345 0.0564233 0.120216 0.175462 0.175473 0.120272 0.0566122 0.0186815 0.00536833 0.00363115 0.00587793 0.00977814 0.0144543 0.0189716 0.0224149 0.0243701 0.0251186 0.0253149 0.0254224 0.0253893 0.0247817 0.0231803
 1.05782e-16 5.84795e-05 0.000568441 0.00377749 0.017172 0.0534284 0.113836 0.166151 0.166172 0.113938 0.0537727 0.0181665 0.00627474 0.00602279 0.0104261 0.0171687 0.0247891 0.0313163 0.0347944 0.0343559 0.030747 0.0258135 0.0213625 0.0182834 0.0164413 0.0151634
 1.10038e-16 3.18479e-05 0.000309573 0.00205722 0.00935187 0.0290974 0.0619966 0.0904946 0.0905367 0.0622023 0.0297886 0.0113499 0.00707829 0.0112896 0.0209406 0.0347149 0.0503485 0.0640375 0.071906 0.0721527 0.0660641 0.057003 0.0482366 0.0413389 0.0361106 0.0315622
 1.18099e-16 3.79325e-05 0.000368717 0.00245026 0.0111385 0.0346562 0.0738395 0.107775 0.107796 0.0739396 0.0349935 0.0121171 0.00492357 0.00582432 0.0105653 0.0178437 0.0267299 0.0357871 0.0435443 0.0493104 0.0534331 0.0566909 0.059362 0.0608209 0.0599733 0.0560793
 1.07439e-16 6.90185e-05 0.000670885 0.00445827 0.0202666 0.063057 0.13435 0.196089 0.196096 0.134385 0.0631762 0.0206116 0.00532699 0.00257661 0.00371644 0.00611095 0.00898208 0.0117042 0.0137083 0.0147852 0.0152149 0.0155424 0.0161672 0.0170698 0.0178531 0.0180109
pSPR Fmed_Fpbrs
0.795919   0.6 0.325
Fs Fmed_Fpbrs
0.110435   0.258252 0.62157
SSBpbr Bo_Bmed_Bpbrs
3.13526e+06  2.33865e+06  1.72439e+06 862196
Ro
300412
SPR SPRFo_SPRFmed_SPRFpbrs
2.14422e+06 1.70663e+06 696873
Fref
0.258252
Nvult_r0
 372581 33469.5 15156.9 17057.5 6961.09
CTP_r0
 29531.1 2816.02 1279.39 1440.07 587.692
YTP_r0
391296
Np
 431590 124759 53993.9 4803.87 2792.12
Nvult_p0
 306831 89274.3 38650.8 3438.85 1998.74
CTP_p0
 59604.8 27798.4 2483.37 1124.25 1689.65
 59604.8 18268.9 7931.7 705.806 410.234
YTP_p0
 1.02966e+06 950781
CBA_c0
1.006e+06
log_Ro
12.4329
likeval ReclasPelacesDesembMPH_pf_preclas_ppelaces_ptallas_desvR_qrecl_qpela
 20.0187 18.2483 0.14002 65.4123 245.951 124.817 99.2843 0 21.165 3.0816e-05 1.76628e-05 0.698072 5.89451e-16 0 0
q_reclas_q_pelaces
0.455377 0.549955
M
1
N
 301479 72099.3 319239 16314.6 0.488235
 181017 104549 24904.1 110245 5634.11
 175045 59949.3 34380.9 8186.45 38090.9
 361599 58195.3 19795.6 11348.4 15274.9
 294960 115095 18344 6236.44 8387.19
 495968 103458 40240.6 6412.44 5111.87
 212249 166218 34456.3 13397.3 3836.72
 107840 64627.5 49972.8 10351.7 5177.42
 98445.8 38589.1 23083.1 17847 5545.94
 129415 32585.8 12682.8 7583.5 7685.13
 240765 41791.4 10431.1 4057.89 4885.11
 140743 85641.3 14831.8 3701.52 3173.46
 117427 42003.9 25202.5 4361.26 2021.48
 207907 33727.7 11865.5 7112.7 1801.26
 154616 57963.5 9229.65 3243.61 2436.62
 707216 47538.5 17608 2801.86 1724.3
 163119 217861 14470.9 5356.36 1376.8
 1.2471e+06 53229.1 70522.4 4682.16 2178.51
 848732 409176 17330.8 22951.4 2232.74
 506095 268660 128221 5427.74 7887.04
 571501 163065 85795.6 40926.3 4249.78
 744178 186930 52917.1 27829.5 14653.4
 192596 228144 56610.1 16014.4 12856.2
 712867 63326.4 74451.1 18465.9 9417.23
 582956 241889 21371.5 25118.2 9407.04
 264505 198127 81774 7222.77 11668.1
 579667 91436.8 68205.2 28144 6501.53
 643818 197956 31070 23169.4 11769
 196428 222061 67982.5 10667.5 11995.5
 149053 67874.1 76409 23386.6 7796.19
 562417 50374.7 22808.8 25668.6 10475.3
pred_Ctot
 10979.9 2797.66 12430.2 635.356 0.019014
 11513.4 7075.88 1691.22 7487.98 382.68
 10742.3 3915.21 2252.98 536.555 2496.57
 31174.9 5333.15 1820.14 1043.63 1404.73
 8715.28 3624.36 579.662 197.105 265.082
 28115.1 6242.59 2436.36 388.31 309.556
 23478.1 19521.3 4059.86 1578.82 452.148
 1865.34 1192.05 924.972 191.64 95.8501
 6292.06 2624.42 1575.17 1218.08 378.522
 10103.6 2705.23 1056.43 631.79 640.262
 5050.67 934.692 234.113 91.0913 109.662
 17080.7 11029.3 1916.29 478.322 410.087
 16605.8 6297.1 3790.28 656.012 304.07
 32550 5593.76 1974.06 1183.53 299.727
 16288.3 6484.82 1035.97 364.138 273.545
 73759.2 5265.67 1956.77 311.423 191.655
 11762.9 16710.7 1113.7 412.307 105.981
 86040.9 3906.8 5193.5 344.871 160.462
 75792.3 38834.6 1650.31 2185.9 212.65
 40153.3 22664.8 10853.1 459.508 667.716
 40445.2 12275.6 6480.47 3091.87 321.062
 79569.3 21224.5 6027.96 3170.7 1669.52
 13050.4 16446.7 4094.75 1158.56 930.094
 35215.8 3331.02 3929.59 974.824 497.144
 28242 12478.4 1106.27 1300.45 487.038
 10136.3 8088.59 3349.96 295.942 478.085
 26435.2 4440.84 3323.91 1371.82 316.906
 25542.1 8366.03 1317.61 982.739 499.19
 7578.25 9126.74 2803.73 440.029 494.814
 7714.86 3740.31 4225.02 1293.39 431.17
 29531.1 2816.02 1279.39 1440.07 587.692
F
 0.0590476 0.0630138 0.0632374 0.0632492 0.0632498
 0.105093 0.112152 0.11255 0.112571 0.112572
 0.10124 0.10804 0.108423 0.108444 0.108445
 0.144778 0.154503 0.155051 0.15508 0.155081
 0.0476798 0.0508825 0.051063 0.0510725 0.051073
 0.093209 0.0994698 0.0998227 0.0998413 0.0998423
 0.189121 0.201824 0.20254 0.202578 0.20258
 0.0276815 0.0295409 0.0296457 0.0296512 0.0296515
 0.105628 0.112724 0.113123 0.113145 0.113146
 0.130335 0.13909 0.139583 0.139609 0.139611
 0.0336547 0.0359153 0.0360427 0.0360494 0.0360498
 0.209173 0.223223 0.224015 0.224057 0.224059
 0.247501 0.264126 0.265063 0.265112 0.265115
 0.277274 0.295899 0.296949 0.297004 0.297007
 0.179407 0.191458 0.192137 0.192173 0.192175
 0.177478 0.1894 0.190072 0.190107 0.190109
 0.119874 0.127926 0.12838 0.128404 0.128405
 0.114433 0.12212 0.122553 0.122576 0.122577
 0.150298 0.160393 0.160962 0.160993 0.160994
 0.132573 0.141478 0.14198 0.142007 0.142008
 0.11753 0.125425 0.12587 0.125893 0.125894
 0.182304 0.194549 0.195239 0.195276 0.195278
 0.112291 0.119834 0.120259 0.120281 0.120283
 0.0808144 0.0862427 0.0865487 0.0865648 0.0865657
 0.079201 0.084521 0.0848208 0.0848367 0.0848375
 0.0622117 0.0663904 0.0666259 0.0666384 0.066639
 0.0744077 0.0794057 0.0796874 0.0797023 0.079703
 0.0644651 0.0687953 0.0690393 0.0690522 0.0690529
 0.0626427 0.0668504 0.0670875 0.0671001 0.0671007
 0.0848127 0.0905096 0.0908307 0.0908476 0.0908485
 0.0860839 0.0918661 0.092192 0.0922093 0.0922102
YTP_r0W_actual
 245108 39705.8 35311.2 49250.3 21920.9
YTP_p0W_proyectada
 446440 435600 57440.5 33019.2 57160.7
 446440 286273 183460 20729.5 13878.2
CTP_r0_actual
 29531.1 2816.02 1279.39 1440.07 587.692
CTP_p0_proyectada
 59604.8 27798.4 2483.37 1124.25 1689.65
 59604.8 18268.9 7931.7 705.806 410.234
Wmedp
 7.49 15.67 23.13 29.37 33.83
Frms_r0
 0.0860839 0.0918661 0.092192 0.0922093 0.0922102
Zrms_r0
 1.08608 1.09187 1.09219 1.09221 1.09221
nmprior
 8.19 8.8 8.5 0
nm_flota  nm_reclas  nm_pelaces    nm_pelaL
inf 10.6219 17.4951 41.285
cv_recla  cv_pelaces  cv_mph
0.404709 0.484377 0.748783
 ------------------------------------------------
Talla a la edad & desviaci?n 
 8 13.2811 15.8009 17.003 17.5766
 0.8 1.32811 1.58009 1.7003 1.75766
