years
 1991 1992 1993 1994 1995 1996 1997 1998 1999 2000 2001 2002 2003 2004 2005 2006 2007 2008 2009 2010 2011 2012 2013 2014 2015 2016 2017 2018 2019 2020 2021
reclasobs
 0 0 0 0 0 0 0 0 0 252601 567819 844713 477998 351125 339783 2.1784e+06 2.13404e+06 4.81314e+06 1.55562e+06 2.62356e+06 3.21686e+06 3.843e+06 1.13348e+06 3.07943e+06 1.97215e+06 2.03268e+06 2.025e+06 2.42433e+06 2.27542e+06 1.05018e+06 2.36338e+06
reclaspred
 3.42333e+06 1.97558e+06 1.00653e+06 1.03288e+06 1.05991e+06 1.64587e+06 1.19001e+06 1.10576e+06 829714 644673 660346 617841 473180 582122 587934 1.23354e+06 1.22401e+06 2.7669e+06 2.61895e+06 1.96264e+06 2.91885e+06 1.94359e+06 1.52296e+06 2.73438e+06 2.19084e+06 2.00594e+06 2.35833e+06 2.45746e+06 2.07608e+06 1.37421e+06 1.92729e+06
pelacesobs
 0 0 0 0 0 0 0 0 0 0 0 0 0 0 0 552880 188675 0 991730 2.46772e+06 1.41603e+06 1.21717e+06 2.29649e+06 1.80582e+06 0 1.4828e+06 1.56532e+06 1.57751e+06 1.42118e+06 867257 1.10002e+06
pelacespred
 1.98432e+06 1.2944e+06 675101 562398 577946 932389 667752 703754 536675 404447 412429 330240 272001 376294 374366 638251 630839 1.60945e+06 1.60821e+06 1.14942e+06 1.51835e+06 1.20517e+06 894625 1.73535e+06 1.32907e+06 1.21636e+06 1.629e+06 1.68114e+06 1.17045e+06 886247 1.23986e+06
mphobs
 0 0 0 0 0 0 0 0 0 0 0 498337 0 5186 125008 0 168611 109162 213762 579715 649985 157893 87575 83554 0 0 0 0 0 0 0
mphpred
 517932 348841 180748 97908.7 114193 128597 175464 129446 112588 84192.8 59342.8 77872.8 61163.6 40986.4 49755.9 60808.1 145357 141306 285277 256864 268891 257422 201864 165688 277758 243137 206972 218391 296165 210233 135922
desembarqueobs
 494567 514787 250237 358949 120608 361735 552515 73892 212993 205616 52469 317467 293654 387597 252695 516296 358380 742168 942051 627588 828172 859565 418607 520667 417249 300574 415391 372974 316634 284311 391294
desembarquepred
 494572 513005 251173 358962 120610 361742 552545 73893.9 213016 205634 52469.3 317610 293839 387577 252696 516294 358410 742122 941892 627523 828297 859710 418630 520678 417249 300576 415394 372968 316634 284319 391297
Reclutas
 279022 166119 161991 331209 270088 453179 193818 97723.2 89218 117462 218931 128506 106360 194417 141279 647031 147815 1.141e+06 780810 467265 522546 682590 175638 646486 529973 240186 525364 583496 178374 135283 509444
log_desv_Rt
 0.017107 -0.501478 -0.52664 0.188568 -0.015433 0.502104 -0.347263 -1.03204 -1.1231 -0.848068 -0.225425 -0.758206 -0.947351 -0.344178 -0.663448 0.858212 -0.618221 1.42548 1.04615 0.532714 0.644531 0.911713 -0.445755 0.857369 0.658644 -0.132769 0.64991 0.754856 -0.430302 -0.706811 0.619139
SSB
 6.00733e+06 4.0461e+06 2.09644e+06 1.13561e+06 1.32449e+06 1.49156e+06 2.03515e+06 1.5014e+06 1.30587e+06 976526 688299 903223 709418 475389 577104 705294 1.68596e+06 1.63896e+06 3.30884e+06 2.97928e+06 3.11879e+06 2.98576e+06 2.34136e+06 1.92176e+06 3.22163e+06 2.82008e+06 2.4006e+06 2.53305e+06 3.43512e+06 2.43843e+06 1.57651e+06
BT
 7.80001e+06 5.32733e+06 2.76806e+06 2.39718e+06 2.2438e+06 3.77587e+06 2.98054e+06 2.6802e+06 2.20652e+06 1.70395e+06 1.57927e+06 1.50193e+06 1.28884e+06 1.81349e+06 1.64779e+06 2.79767e+06 2.63087e+06 6.64439e+06 6.88536e+06 4.84794e+06 6.30423e+06 5.33584e+06 3.70376e+06 6.94556e+06 5.32264e+06 4.79036e+06 6.48293e+06 6.62742e+06 4.61496e+06 3.57163e+06 4.98883e+06
Ftot
 0.0711838 0.127085 0.122542 0.174917 0.0572908 0.111811 0.227689 0.0335296 0.128165 0.158705 0.0408235 0.252837 0.304778 0.336394 0.21826 0.215243 0.145297 0.13832 0.180613 0.159442 0.14181 0.220522 0.136244 0.09818 0.0956515 0.0749914 0.0899955 0.0779452 0.075282 0.102411 0.104523
BD_Bspro_t
 0.988683 0.913578 0.815756 0.754091 0.755637 0.807243 0.806309 0.712372 0.754537 0.738057 0.724773 0.827671 0.692502 0.576588 0.597707 0.636555 0.723096 0.708063 0.787656 0.740834 0.711292 0.704176 0.684855 0.682746 0.800448 0.811332 0.819146 0.842285 0.86947 0.830006 0.789796
BD_Bspro
 3.06845 2.06669 1.07083 0.580054 0.676531 0.761867 1.03953 0.766894 0.667018 0.498795 0.351573 0.461353 0.36236 0.242821 0.294776 0.360254 0.861161 0.837159 1.69011 1.52177 1.59303 1.52508 1.19593 0.981607 1.64556 1.44045 1.22619 1.29384 1.75461 1.24551 0.80526
BD_Bo
 2.09932 1.41395 0.732624 0.396851 0.462857 0.521241 0.711204 0.524681 0.456349 0.341257 0.240533 0.31564 0.247913 0.166129 0.201675 0.246472 0.589174 0.572753 1.15631 1.04114 1.08989 1.04341 0.818211 0.671579 1.12583 0.985504 0.838915 0.8852 1.20044 0.852134 0.550929
BD_Brms
 3.81695 2.57082 1.33204 0.721548 0.841559 0.947711 1.2931 0.953965 0.829726 0.620467 0.437333 0.573892 0.450752 0.302053 0.366681 0.448131 1.07123 1.04137 2.10238 1.89298 1.98162 1.8971 1.48766 1.22105 2.04697 1.79183 1.5253 1.60945 2.18262 1.54933 1.00169
Sel_flota
 0.912077 0.994952 0.999733 0.999986 0.999999
 0.912077 0.994952 0.999733 0.999986 0.999999
 0.912077 0.994952 0.999733 0.999986 0.999999
 0.912077 0.994952 0.999733 0.999986 0.999999
 0.912077 0.994952 0.999733 0.999986 0.999999
 0.912077 0.994952 0.999733 0.999986 0.999999
 0.912077 0.994952 0.999733 0.999986 0.999999
 0.912077 0.994952 0.999733 0.999986 0.999999
 0.912077 0.994952 0.999733 0.999986 0.999999
 0.912077 0.994952 0.999733 0.999986 0.999999
 0.912077 0.994952 0.999733 0.999986 0.999999
 0.912077 0.994952 0.999733 0.999986 0.999999
 0.912077 0.994952 0.999733 0.999986 0.999999
 0.912077 0.994952 0.999733 0.999986 0.999999
 0.912077 0.994952 0.999733 0.999986 0.999999
 0.912077 0.994952 0.999733 0.999986 0.999999
 0.912077 0.994952 0.999733 0.999986 0.999999
 0.912077 0.994952 0.999733 0.999986 0.999999
 0.912077 0.994952 0.999733 0.999986 0.999999
 0.912077 0.994952 0.999733 0.999986 0.999999
 0.912077 0.994952 0.999733 0.999986 0.999999
 0.912077 0.994952 0.999733 0.999986 0.999999
 0.912077 0.994952 0.999733 0.999986 0.999999
 0.912077 0.994952 0.999733 0.999986 0.999999
 0.912077 0.994952 0.999733 0.999986 0.999999
 0.912077 0.994952 0.999733 0.999986 0.999999
 0.912077 0.994952 0.999733 0.999986 0.999999
 0.912077 0.994952 0.999733 0.999986 0.999999
 0.912077 0.994952 0.999733 0.999986 0.999999
 0.912077 0.994952 0.999733 0.999986 0.999999
 0.912077 0.994952 0.999733 0.999986 0.999999
Sel_reclas
 1 1 1 1 1
 1 1 1 1 1
 1 1 1 1 1
 1 1 1 1 1
 1 1 1 1 1
 1 1 1 1 1
 1 1 1 1 1
 1 1 1 1 1
 1 1 1 1 1
 1 1 1 1 1
 1 1 1 1 1
 1 1 1 1 1
 1 1 1 1 1
 1 1 1 1 1
 1 1 1 1 1
 1 1 1 1 1
 1 1 1 1 1
 1 1 1 1 1
 1 1 1 1 1
 1 1 1 1 1
 1 1 1 1 1
 1 1 1 1 1
 1 1 1 1 1
 1 1 1 1 1
 1 1 1 1 1
 1 1 1 1 1
 1 1 1 1 1
 1 1 1 1 1
 1 1 1 1 1
 1 1 1 1 1
 1 1 1 1 1
Sel_pelaces
 1 1 1 1 1
 1 1 1 1 1
 1 1 1 1 1
 1 1 1 1 1
 1 1 1 1 1
 1 1 1 1 1
 1 1 1 1 1
 1 1 1 1 1
 1 1 1 1 1
 1 1 1 1 1
 1 1 1 1 1
 1 1 1 1 1
 1 1 1 1 1
 1 1 1 1 1
 1 1 1 1 1
 1 1 1 1 1
 1 1 1 1 1
 1 1 1 1 1
 1 1 1 1 1
 1 1 1 1 1
 1 1 1 1 1
 1 1 1 1 1
 1 1 1 1 1
 1 1 1 1 1
 1 1 1 1 1
 1 1 1 1 1
 1 1 1 1 1
 1 1 1 1 1
 1 1 1 1 1
 1 1 1 1 1
 1 1 1 1 1
pf_obs 
 0.8446 0.082 0.0669 0.0065 0
 0.8095 0.147 0.0364 0.0071 0
 0.9664 0.0169 0.016 0.0007 0
 0.9276 0.0648 0.0075 0.0001 0
 0.7033 0.2144 0.0806 0.0017 0
 0.9318 0.0425 0.0243 0.0014 0
 0.5671 0.3108 0.0964 0.0239 0.0018
 0.0768 0.2599 0.5324 0.112 0.0189
 0.490249 0.384438 0.106611 0.0170017 0.00170017
 0.7925 0.1577 0.0466 0.003 0.0002
 0.840416 0.127587 0.0312969 0.00059994 9.999e-05
 0.8084 0.0986 0.0794 0.0134 0.0002
 0.7335 0.1905 0.0724 0.0035 0.0001
 0.4001 0.4547 0.1325 0.0127 0
 0.49795 0.308269 0.164784 0.0264974 0.00249975
 0.9179 0.0499 0.0305 0.0017 0
 0.2467 0.6533 0.0926 0.0074 0
 0.9418 0.0223 0.034 0.0019 0
 0.707729 0.231977 0.0356964 0.0245975 0
 0.517169 0.277429 0.184464 0.0207286 0.00020938
 0.811772 0.124168 0.05621 0.00726502 0.000585176
 0.764997 0.148141 0.077277 0.00933861 0.000247198
 0.163321 0.427699 0.378323 0.0303852 0.000271297
 0.753843 0.0900009 0.118128 0.0371064 0.000921714
 0.721811 0.176058 0.0630433 0.0369309 0.00215725
 0.143369 0.312575 0.442814 0.0836902 0.0175525
 0.692698 0.0596174 0.167031 0.0765114 0.00414204
 0.394062 0.376323 0.152708 0.0712218 0.00568511
 0.125707 0.32114 0.495352 0.0537591 0.00404204
 0.23352 0.215282 0.420074 0.123614 0.00750983
 0.796117 0.104755 0.0508955 0.0450114 0.00322123
pf_pred 
 0.412735 0.105927 0.457626 0.0237117 7.20628e-07
 0.408655 0.257032 0.0605368 0.260292 0.0134839
 0.541445 0.197613 0.113749 0.0266591 0.120534
 0.763729 0.133265 0.0445178 0.0254997 0.0329881
 0.650727 0.272478 0.0434134 0.0144295 0.0189523
 0.747672 0.169076 0.0650163 0.0103102 0.00792578
 0.476095 0.400377 0.0829061 0.0317254 0.00889611
 0.436218 0.281764 0.215792 0.0444523 0.0217743
 0.518759 0.220202 0.130768 0.0996853 0.0305858
 0.667517 0.180056 0.0699377 0.0413288 0.0411611
 0.787082 0.146424 0.0360944 0.01395 0.0164493
 0.550862 0.359832 0.0615083 0.0150914 0.012707
 0.601174 0.229157 0.136077 0.0231375 0.0104539
 0.791686 0.130194 0.0449913 0.0265711 0.00655732
 0.666987 0.269058 0.0400557 0.0137656 0.010133
 0.906057 0.0645973 0.0237342 0.00351512 0.00209666
 0.388812 0.558514 0.0362784 0.0132606 0.00313449
 0.900547 0.0408163 0.0536069 0.0034648 0.00156541
 0.638755 0.328194 0.013604 0.0177789 0.00166784
 0.538345 0.304542 0.142807 0.00588957 0.00841678
 0.645022 0.199184 0.102949 0.048034 0.00481073
 0.713009 0.191063 0.0539459 0.0277441 0.0142376
 0.365733 0.464334 0.113333 0.0318337 0.0247666
 0.801276 0.0768954 0.0893079 0.0216907 0.0108298
 0.646306 0.288347 0.0253618 0.0293139 0.0106715
 0.451443 0.365413 0.149444 0.0130813 0.0206187
 0.734773 0.12551 0.0932198 0.0379434 0.0085541
 0.693693 0.230283 0.0360683 0.0266606 0.0132947
 0.368598 0.449515 0.13691 0.0213417 0.0236356
 0.4415 0.217351 0.243212 0.0737239 0.0242132
 0.827474 0.080033 0.0361034 0.040204 0.0161852
pobs_RECLAS
 0 0 0 0 0
 0 0 0 0 0
 0 0 0 0 0
 0 0 0 0 0
 0 0 0 0 0
 0 0 0 0 0
 0 0 0 0 0
 0 0 0 0 0
 0 0 0 0 0
 0 0 0 0 0
 0.991045 0.00858322 0.000360255 1.14367e-05 0
 0.934742 0.0480273 0.0164251 0.00080598 0
 0.827803 0.169806 0.00239088 0 0
 0.941827 0.0461693 0.0120037 0 0
 0.791401 0.0380133 0.147996 0.0225897 0
 0.846168 0.0940531 0.0597789 0 0
 0.134021 0.677848 0.182769 0.00536245 0
 0.80878 0.0450904 0.141981 0.00414843 0
 0.846168 0.0940531 0.0597789 0 0
 0.905697 0.0802665 0.012482 0.00150086 5.37128e-05
 0.989698 0.0102097 9.19794e-05 0 0
 0.975433 0.0193895 0.00387452 0.00125025 5.28907e-05
 0.303575 0.632131 0.0575291 0.00676475 0
 0.966965 0.00978017 0.0227588 0.000495775 0
 0.843318 0.132988 0.00938335 0.0141283 0.000182051
 0.564624 0.303363 0.111486 0.0197234 0.00080311
 0.826376 0.0876187 0.0782897 0.00655872 0.00115652
 0.89761 0.0855135 0.0140674 0.00269457 0.000114338
 0.34875 0.467042 0.161289 0.0227151 0.000203297
 0.318654 0.224769 0.449479 0.00709798 0
 0.937255 0.0296025 0.0250945 0.00804832 0
ppred_RECLAS
 0.435063 0.102304 0.439848 0.0227847 6.92446e-07
 0.430764 0.24813 0.0581576 0.249998 0.0129505
 0.563874 0.188482 0.107968 0.0252979 0.114378
 0.779675 0.124543 0.041402 0.0237089 0.030671
 0.670555 0.257288 0.0407961 0.0135561 0.017805
 0.764166 0.158279 0.0605705 0.00960274 0.00738183
 0.49858 0.383644 0.0790527 0.030243 0.00848031
 0.458375 0.271349 0.206819 0.0425932 0.0208633
 0.541334 0.21044 0.124365 0.0947806 0.0290806
 0.687288 0.169737 0.0656097 0.0387613 0.0386035
 0.801584 0.136661 0.0335262 0.0129541 0.0152748
 0.573031 0.34241 0.0582432 0.0142866 0.0120292
 0.622953 0.217105 0.128284 0.0218067 0.00985249
 0.80643 0.12121 0.0416791 0.0246085 0.0060729
 0.686605 0.25345 0.0375478 0.0129004 0.00949601
 0.913463 0.0595963 0.0217898 0.00322632 0.00192437
 0.410042 0.539344 0.0348634 0.0127401 0.00301142
 0.908397 0.0377027 0.0492778 0.00318418 0.0014386
 0.658997 0.309947 0.0127852 0.0167045 0.00156703
 0.56059 0.29035 0.135491 0.00558641 0.00798343
 0.665401 0.188156 0.0967784 0.0451433 0.00452115
 0.731154 0.179283 0.0503724 0.0258996 0.0132908
 0.386693 0.449583 0.109202 0.0306653 0.0238573
 0.815325 0.0716741 0.0828422 0.0201152 0.010043
 0.666287 0.272308 0.0238356 0.0275428 0.0100267
 0.473599 0.351224 0.14295 0.0125097 0.0197174
 0.751979 0.117672 0.0869769 0.0353933 0.0079791
 0.712224 0.216618 0.0337646 0.0249514 0.0124423
 0.389524 0.435228 0.131921 0.0205587 0.0227681
 0.463976 0.20923 0.232995 0.0706089 0.0231899
 0.840004 0.0744195 0.0334091 0.0371941 0.0149734
pobs_PELACES
 0 0 0 0 0
 0 0 0 0 0
 0 0 0 0 0
 0 0 0 0 0
 0 0 0 0 0
 0 0 0 0 0
 0 0 0 0 0
 0 0 0 0 0
 0 0 0 0 0
 0 0 0 0 0
 0 0 0 0 0
 0 0 0 0 0
 0 0 0 0 0
 0 0 0 0 0
 0 0 0 0 0
 0 0 0 0 0
 0.505614 0.472636 0.0217494 0 0
 0 0 0 0 0
 0.443492 0.261883 0.143347 0.151278 0
 0.227955 0.32914 0.350689 0.0885471 0.00366901
 0.970185 0.0296113 0.000203453 0 0
 0.997202 0.00247181 0.000326279 0 0
 0.445219 0.490057 0.0546422 0.010081 0
 0.90214 0.0892962 0.00764917 0.000914606 0
 0 0 0 0 0
 0.581667 0.319106 0.0959925 0.00289975 0.000334073
 0.762889 0.0836404 0.116647 0.0363945 0.000428098
 0.88444 0.0763242 0.0277011 0.0115352 0
 0.521256 0.241999 0.230069 0.00667565 0
 0.616807 0.101726 0.260614 0.0208532 0
 0.833518 0.0704572 0.0857862 0.0102388 0
ppred_PELACES
 0.435564 0.102222 0.439449 0.0227639 6.91814e-07
 0.431645 0.247775 0.0580627 0.249588 0.0129292
 0.564726 0.188135 0.107749 0.0252462 0.114144
 0.780517 0.124083 0.0412376 0.0236144 0.0305487
 0.670906 0.257019 0.0407498 0.0135407 0.0177847
 0.764727 0.157912 0.0604193 0.00957867 0.00736333
 0.500158 0.38247 0.0787823 0.030139 0.00845114
 0.458609 0.271239 0.206724 0.0425735 0.0208537
 0.542232 0.210051 0.124111 0.0945855 0.0290207
 0.688246 0.169237 0.0654002 0.038637 0.0384796
 0.801765 0.136539 0.0334942 0.0129417 0.0152601
 0.574742 0.341066 0.0579914 0.0142245 0.0119769
 0.624957 0.215995 0.127567 0.0216843 0.00979716
 0.807893 0.120318 0.0413504 0.0244138 0.00602483
 0.687903 0.252418 0.037382 0.0128432 0.00945389
 0.913936 0.0592772 0.0216658 0.00320789 0.00191338
 0.411008 0.538471 0.034799 0.0127164 0.00300582
 0.908722 0.0375738 0.0490986 0.00317256 0.00143336
 0.660112 0.308941 0.0127401 0.0166453 0.00156147
 0.561685 0.289651 0.135131 0.00557149 0.00796211
 0.666286 0.187677 0.0965104 0.0450178 0.00450858
 0.732362 0.178499 0.0501348 0.0257769 0.0132279
 0.387591 0.448951 0.109025 0.0306153 0.0238184
 0.815744 0.0715186 0.0826497 0.0200683 0.0100196
 0.666874 0.271836 0.0237907 0.0274907 0.0100077
 0.47412 0.35089 0.142797 0.0124962 0.0196962
 0.752452 0.117457 0.0868053 0.0353233 0.00796329
 0.712667 0.216291 0.0337095 0.0249105 0.0124219
 0.390022 0.434888 0.131802 0.0205401 0.0227475
 0.464698 0.208969 0.232667 0.0705089 0.023157
 0.8404 0.0742421 0.0333239 0.037099 0.014935
pobs_pel_tallas
 0 0 0 0 0 0 0 0 0 0 0 0 0 0 0 0 0 0 0 0 0 0 0 0 0 0
 0 0 0 0 0 0 0 0 0 0 0 0 0 0 0 0 0 0 0 0 0 0 0 0 0 0
 0 0 0 0 0 0 0 0 0 0 0 0 0 0 0 0 0 0 0 0 0 0 0 0 0 0
 0 0 0 0 0 0 0 0 0 0 0 0 0 0 0 0 0 0 0 0 0 0 0 0 0 0
 0 0 0 0 0 0 0 0 0 0 0 0 0 0 0 0 0 0 0 0 0 0 0 0 0 0
 0 0 0 0 0 0 0 0 0 0 0 0 0 0 0 0 0 0 0 0 0 0 0 0 0 0
 0 0 0 0 0 0 0 0 0 0 0 0 0 0 0 0 0 0 0 0 0 0 0 0 0 0
 0 0 0 0 0 0 0 0 0 0 0 0 0 0 0 0 0 0 0 0 0 0 0 0 0 0
 0 0 0 0 0 0 0 0 0 0 0 0 0 0 0 0 0 0 0 0 0 0 0 0 0 0
 0 0 0 0 0 0 0 0 0 0 0 0 0 0 0 0 0 0 0 0 0 0 0 0 0 0
 0 0 0 0 0 0 0 0 0 0 0 0 0 0 0 0 0 0 0 0 0 0 0 0 0 0
 0 0 0 0 0 0 0 0 0 0 0 0 0 0 0 0 0 0 0 0 0 0 0 0 0 0
 0.00862536 0 0 0.000197151 0.00414017 0.0128641 0.00837892 0.0270097 0.101434 0.158115 0.152841 0.127902 0.109271 0.109419 0.0830992 0.0579132 0.0238553 0.00714673 0.00463305 0.00128148 0.00103504 0.000492878 0.000147863 0.000147863 4.92878e-05 0
 0 0 0 0 0 0 0 0 0 0 0 0 0 0 0 0 0 0 0 0 0 0 0 0 0 0
 0 0 0 0 0 0 0 0.0054083 0.00873648 0.0413646 0.0450493 0.0745869 0.0622846 0.0627006 0.0613931 0.0827291 0.12552 0.122667 0.0946155 0.0697135 0.0546179 0.0294188 0.0215738 0.0213955 0.0102223 0.00600262
 0 0 0 0 0.00359764 0.0251062 0.0480494 0.140153 0.205849 0.193036 0.1447 0.116669 0.0760912 0.0342217 0.00950174 0.001854 0.000860785 0 0 0 0.000165536 0 0.000143464 0 0 0
 0 0 0 0 0 0 0 0.000145254 0.000435761 0.0275982 0.070085 0.0708112 0.156366 0.174668 0.174014 0.160142 0.0824315 0.0480064 0.0283245 0.00493863 0.00203355 0 0 0 0 0
 0 0 0 0 0 0 0 0 0 0 0 0 0 0 0 0 0 0 0 0 0 0 0 0 0 0
 0 0 1.00437e-05 0.000401748 0.00122533 0.00171747 0.00176769 0.0269171 0.070346 0.194647 0.189555 0.159765 0.064822 0.0314167 0.0384472 0.0292271 0.0345202 0.0313363 0.0194345 0.0106764 0.0143323 0.0359363 0.0279516 0.0138201 0.00172751 0
 0 0.0021121 0.0136068 0.0755702 0.200478 0.177729 0.0527432 0.0373336 0.0318909 0.0142505 0.0149659 0.0166563 0.0217959 0.0798694 0.0677717 0.0528807 0.04013 0.0224614 0.0357745 0.0225083 0.00881397 0.00855152 0.00135912 0.000746735 0 0
 0 0 0 0 5.4009e-05 0.00500934 0.000945158 0.0243581 0.138947 0.33067 0.221406 0.137944 0.0707744 0.0437923 0.0131692 0.00525238 0.0047753 0.00276346 9.45158e-05 9.00151e-06 2.25038e-05 9.00151e-06 4.50075e-06 0 0 0
 0.000866109 0.00284123 0.00948549 0.0512746 0.133035 0.25785 0.225252 0.132002 0.0553304 0.0519788 0.0540692 0.017754 0.00435017 0.00159236 0.00146478 0.000404838 0.000125132 0.000115318 0.000107957 0.000100596 0 0 0 0 0 0
 0 0 0 0 0.00144013 0.00171154 0.00461396 0.0210425 0.0478622 0.0707936 0.0888783 0.103762 0.0637923 0.0337046 0.0602308 0.124433 0.169614 0.0934646 0.0462172 0.0250306 0.0313229 0.00938855 0.002487 0.000210481 0 0
 0 0.00764035 0.051015 0.0998891 0.058973 0.0496711 0.0374665 0.0718981 0.12319 0.153886 0.159021 0.0857701 0.0377988 0.023471 0.0147837 0.00900784 0.00315554 0.000888139 0.00291439 0.00214683 0.00393193 0.00274676 0.000635225 9.99891e-05 0 0
 0 0 0 0 0 0 0 0 0 0 0 0 0 0 0 0 0 0 0 0 0 0 0 0 0 0
 0 0 0 0 0 0 0 0 0 0 0 0 0 0 0 0 0 0 0 0 0 0 0 0 0 0
 0 0 0 0 0 0 0 0 0 0 0 0 0 0 0 0 0 0 0 0 0 0 0 0 0 0
 0 0 0 0 0 0 0 0 0 0 0 0 0 0 0 0 0 0 0 0 0 0 0 0 0 0
 0 0 0 0 0 0 0 0 0 0 0 0 0 0 0 0 0 0 0 0 0 0 0 0 0 0
 0 0 0 0 0 0 0 0 0 0 0 0 0 0 0 0 0 0 0 0 0 0 0 0 0 0
 0 0 0 0 0 0 0 0 0 0 0 0 0 0 0 0 0 0 0 0 0 0 0 0 0 0
ppred_pel_tallas
 1.14991e-16 3.58769e-05 0.000348736 0.00231747 0.0105349 0.032778 0.0698375 0.101932 0.101943 0.0698892 0.0329535 0.0110502 0.00364258 0.00334635 0.00603555 0.0107189 0.0172896 0.0255872 0.0353235 0.0461308 0.0573671 0.0677595 0.0753353 0.0779967 0.0745234 0.0653235
 1.28958e-16 3.55541e-05 0.000345598 0.00229662 0.0104401 0.0324833 0.0692099 0.101019 0.101043 0.0693273 0.0328777 0.0115813 0.00516855 0.00664075 0.0120713 0.0201243 0.0295534 0.0384622 0.0450604 0.0488239 0.0509147 0.0533506 0.0575002 0.0630536 0.0681554 0.0704616
 1.25006e-16 4.65157e-05 0.00045215 0.00300469 0.0136589 0.042498 0.0905473 0.13216 0.132178 0.0906367 0.0427988 0.0145297 0.00519842 0.00526807 0.009274 0.0154767 0.0228201 0.0298568 0.035189 0.0383131 0.0399522 0.0414989 0.0439872 0.0473946 0.0507084 0.0525511
 1.0876e-16 6.42901e-05 0.000624923 0.00415283 0.0188782 0.0587371 0.125146 0.182657 0.182669 0.125205 0.0589344 0.0194486 0.00558727 0.00376515 0.00605486 0.00998045 0.0145473 0.018682 0.0213548 0.0221443 0.0214975 0.0204011 0.0197182 0.0197073 0.020016 0.0200269
 1.0561e-16 5.52617e-05 0.000537163 0.00356964 0.0162271 0.0504886 0.107572 0.15701 0.157035 0.107693 0.0508953 0.0174019 0.00651919 0.00697831 0.0122951 0.020258 0.0292249 0.0368594 0.0408254 0.0400686 0.0354488 0.0291483 0.0233421 0.0191619 0.0165558 0.0148292
 1.03991e-16 6.29896e-05 0.000612281 0.00406882 0.0184963 0.0575489 0.122615 0.178963 0.178978 0.122689 0.0577999 0.019222 0.00589355 0.00460558 0.0076761 0.0126667 0.0184191 0.0235364 0.02663 0.0270489 0.0252317 0.0223346 0.0194574 0.0170924 0.0151283 0.0132232
 1.06824e-16 4.11974e-05 0.000400454 0.00266116 0.0120973 0.0376393 0.0801958 0.117056 0.117093 0.0803762 0.038245 0.0138475 0.00705679 0.0100038 0.0183025 0.030253 0.0437206 0.0552882 0.0614971 0.0607597 0.0542846 0.0451955 0.0365846 0.0300301 0.0254482 0.0219231
 1.13834e-16 3.77751e-05 0.000367187 0.00244009 0.0110923 0.0345124 0.0735334 0.10733 0.107356 0.0736626 0.0349471 0.0123514 0.0056139 0.00734024 0.0134121 0.0224571 0.0331532 0.0433864 0.0509891 0.0549252 0.0557689 0.0550054 0.053777 0.0521587 0.049438 0.044945
 1.18033e-16 4.4663e-05 0.00043414 0.00288501 0.0131149 0.0408053 0.0869408 0.126897 0.126917 0.0870407 0.0411413 0.0140878 0.00533647 0.00581712 0.010362 0.0173112 0.025537 0.0334199 0.0393638 0.0427233 0.0441607 0.045035 0.0463104 0.0478759 0.0487268 0.047712
 1.12318e-16 5.66899e-05 0.000551046 0.0036619 0.0166465 0.0517934 0.110352 0.161065 0.161082 0.110432 0.0520628 0.0174256 0.00562203 0.00484466 0.00825509 0.0136763 0.0199832 0.0257585 0.0296196 0.0309985 0.0304864 0.0293774 0.0287719 0.0289435 0.0293594 0.0291745
 1.04882e-16 6.60403e-05 0.000641935 0.00426589 0.0193921 0.0603361 0.128553 0.18763 0.187643 0.128617 0.0605526 0.0200178 0.00583788 0.00407846 0.00660716 0.0108575 0.0157288 0.0199855 0.0224224 0.0225053 0.0206871 0.0180788 0.0157424 0.0141606 0.0131935 0.0123994
 1.05215e-16 4.73408e-05 0.000460169 0.00305799 0.0139012 0.0432519 0.092154 0.134508 0.134541 0.0923147 0.0437916 0.0154603 0.00697247 0.00900856 0.0162914 0.0268822 0.0387782 0.0488896 0.0540972 0.0529677 0.0465981 0.037843 0.0295727 0.0233225 0.0191166 0.0161707
 1.0757e-16 5.14769e-05 0.000500374 0.00332516 0.0151157 0.0470307 0.100205 0.146256 0.146277 0.100307 0.0473755 0.0161137 0.00583784 0.00601074 0.0105906 0.0176202 0.0258294 0.0334275 0.0385985 0.0404732 0.0395589 0.0372114 0.0346165 0.0321387 0.0294444 0.0260847
 1.04693e-16 6.65451e-05 0.000646842 0.00429849 0.0195403 0.0607973 0.129536 0.189063 0.189075 0.129592 0.0609885 0.0200933 0.00568875 0.00368961 0.00586863 0.00965888 0.0140562 0.017996 0.0204448 0.0209434 0.0198659 0.018119 0.0165276 0.0153987 0.014528 0.013517
 1.04032e-16 5.66617e-05 0.000550772 0.00366007 0.0166382 0.0517677 0.110297 0.160987 0.161012 0.110416 0.052167 0.0177915 0.0065554 0.00687243 0.0120661 0.0198677 0.0286391 0.0360698 0.0398474 0.0389169 0.0341082 0.0275634 0.021437 0.0168834 0.0139135 0.0119149
 1.01286e-16 7.52797e-05 0.000731745 0.00486271 0.0221052 0.0687774 0.146538 0.213877 0.213883 0.146566 0.0688716 0.0223775 0.00554723 0.00222946 0.00292969 0.00475025 0.00689634 0.00879908 0.0099304 0.010043 0.00930116 0.00814236 0.00698715 0.00603109 0.00524344 0.00450445
 1.02926e-16 3.38543e-05 0.000329076 0.00218683 0.00994103 0.0309305 0.0659026 0.0961977 0.0962495 0.0661559 0.0317806 0.0123956 0.00834498 0.0137618 0.0255139 0.0420446 0.0603732 0.075522 0.0824409 0.0788064 0.0664279 0.050068 0.0346585 0.0230577 0.0156294 0.0112473
 1.01988e-16 7.48502e-05 0.000727571 0.00483496 0.021979 0.068385 0.145702 0.212656 0.21266 0.14572 0.0684458 0.0221557 0.00528158 0.00171339 0.00197886 0.00323567 0.00484596 0.00649306 0.00789502 0.00890051 0.00953289 0.0098921 0.0100084 0.00979195 0.00912024 0.00796967
 1.02381e-16 5.43726e-05 0.000528521 0.00351221 0.015966 0.0496763 0.105842 0.154485 0.154515 0.105987 0.0501639 0.0173737 0.00704366 0.00823063 0.0146615 0.024099 0.0345876 0.0432424 0.0471705 0.0450576 0.0379736 0.0286878 0.0200535 0.0137018 0.00979107 0.00759474
 1.0588e-16 4.62653e-05 0.000449715 0.00298852 0.0135854 0.0422693 0.0900603 0.131451 0.13148 0.0901975 0.0427304 0.0149189 0.00634277 0.00779491 0.0140628 0.0233486 0.0340313 0.0436261 0.0495942 0.0507057 0.0476741 0.0424873 0.0370326 0.0321548 0.0277114 0.0232563
 1.08111e-16 5.48811e-05 0.000533464 0.00354506 0.0161153 0.0501409 0.106831 0.155927 0.155945 0.10692 0.0504402 0.0169815 0.00572543 0.00531353 0.00919318 0.01527 0.0223672 0.0289251 0.033386 0.03504 0.0343946 0.0326942 0.0309971 0.0295718 0.0279947 0.0256925
 1.06317e-16 6.03237e-05 0.000586368 0.00389662 0.0177135 0.0551133 0.117425 0.171389 0.171407 0.11751 0.0553966 0.0185323 0.00595442 0.00508681 0.00863216 0.0142412 0.0206678 0.0263336 0.029679 0.0300099 0.0279011 0.0247611 0.0219145 0.0199266 0.0185748 0.0172869
 1.10363e-16 3.19254e-05 0.000310327 0.00206223 0.00937464 0.0291682 0.0621475 0.0907152 0.0907586 0.0623594 0.0298798 0.0114311 0.00722812 0.0116008 0.0215142 0.0356217 0.0515604 0.0653707 0.0730323 0.0727045 0.065794 0.0559094 0.0465826 0.039553 0.0346248 0.0306644
 1.06112e-16 6.71918e-05 0.000653128 0.00434026 0.0197302 0.0613881 0.130794 0.190899 0.190906 0.130828 0.0615037 0.0200657 0.00518821 0.00252375 0.00367744 0.00612451 0.00917164 0.0122829 0.0149488 0.0169268 0.0183281 0.0194116 0.0202699 0.0206956 0.020331 0.018944
 1.05207e-16 5.49296e-05 0.000533936 0.00354819 0.0161296 0.0501852 0.106926 0.156067 0.156093 0.107054 0.0506148 0.0173702 0.00666165 0.00732895 0.0129554 0.021321 0.0306897 0.0385666 0.0424624 0.0412683 0.0359391 0.0288645 0.0224392 0.0179273 0.0152825 0.0137166
 1.08797e-16 3.90527e-05 0.000379606 0.00252262 0.0114675 0.0356798 0.0760208 0.110962 0.110996 0.0761868 0.0362377 0.0130809 0.00657968 0.00925975 0.0169731 0.0281786 0.0410092 0.0524491 0.0594204 0.0604668 0.0565362 0.0501607 0.0437498 0.0383861 0.0338441 0.0294146
 1.07426e-16 6.19785e-05 0.000602453 0.00400351 0.0181994 0.0566251 0.120646 0.176089 0.1761 0.120702 0.0568134 0.0187447 0.00537843 0.00362388 0.00585928 0.00974427 0.0143991 0.0188881 0.0222955 0.0242055 0.0248984 0.0250301 0.0250699 0.0249765 0.0243281 0.0227145
 1.05629e-16 5.87015e-05 0.000570599 0.00379183 0.0172371 0.0536313 0.114268 0.166782 0.166802 0.11437 0.0539736 0.018226 0.0062749 0.00599387 0.0103669 0.0170695 0.0246434 0.031127 0.0345737 0.0341188 0.0305032 0.0255626 0.0210966 0.0179944 0.0161284 0.0148358
 1.09825e-16 3.21257e-05 0.000312273 0.00207516 0.00943342 0.0293511 0.0625372 0.0912837 0.0913257 0.0627426 0.0300412 0.0114281 0.00708771 0.0112732 0.0209035 0.03465 0.0502471 0.0638933 0.0717151 0.0719114 0.0657673 0.0566456 0.0478178 0.0408672 0.0356059 0.0310523
 1.17758e-16 3.82766e-05 0.000372062 0.00247248 0.0112396 0.0349706 0.0745092 0.108753 0.108773 0.0746095 0.0353081 0.012219 0.0049477 0.00583112 0.0105701 0.0178455 0.0267191 0.0357447 0.0434416 0.0491128 0.0531078 0.056217 0.0587394 0.060074 0.0591486 0.0552361
 1.07229e-16 6.92226e-05 0.000672869 0.00447145 0.0203266 0.0632435 0.134747 0.196669 0.196676 0.134783 0.063362 0.0206694 0.00533475 0.00256654 0.00369312 0.00607031 0.00891918 0.0116154 0.0135907 0.0146345 0.0150234 0.0152995 0.0158636 0.0167035 0.017434 0.0175612
pSPR Fmed_Fpbrs
0.77581   0.6 0.325
Fs Fmed_Fpbrs
0.124717   0.261423 0.630486
SSBpbr Bo_Bmed_Bpbrs
2.86156e+06  2.07695e+06  1.57386e+06 786928
Ro
274289
SPR SPRFo_SPRFmed_SPRFpbrs
1.95777e+06 1.51886e+06 636275
Fref
0.261423
Nvult_r0
 339072 30301 13609.7 15152.1 6099.82
CTP_r0
 29511.4 2854.33 1287.61 1433.85 577.237
YTP_r0
391297
Np
 391583 113495 48321.9 4257.21 2451.76
Nvult_p0
 278088 81305 34633.7 3051.35 1757.29
CTP_p0
 53540.6 25193 2231.88 1001.93 1485.07
 53540.6 16782.5 7176.13 632.369 364.189
YTP_p0
 927083 860878
CBA_c0
907222
log_Ro
12.3419
likeval ReclasPelacesDesembMPH_pf_preclas_ppelaces_ptallas_desvR_qrecl_qpela
 19.8988 18.2645 0.133542 64.3688 245.987 124.346 99.2406 0 21.2307 2.25741e-05 1.13948e-05 0.663112 6.19835e-16 0 0
q_reclas_q_pelaces
0.510039 0.618629
M
1
N
 279022 65804.9 282972 14658.4 0.445483
 166119 96193.7 22553 96948.8 5022.18
 161991 54423.3 31184.5 7306.9 33036.2
 331209 53291.4 17723.1 10149.4 13129.7
 270088 103877 16473.3 5473.94 7189.63
 453179 94301.4 36097 5722.84 4399.27
 193818 150552 31039.1 11874.9 3329.8
 97723.2 57930.8 44157.6 9094.05 4454.52
 89218 34867.6 20612.3 15709.2 4819.89
 117462 29200.5 11291.4 6670.92 6643.77
 218931 37388.5 9173.17 3544.43 4179.38
 128506 77596.5 13207 3239.67 2727.77
 106360 37538.6 22197.1 3773.4 1704.86
 194417 29631.9 10197.4 6021.07 1485.89
 141279 52624.8 7800.24 2680.03 1972.77
 647031 42591.9 15580.6 2307.01 1376.04
 147815 195601 12648.1 4622.07 1092.54
 1.141e+06 47628.8 62272 4023.89 1817.99
 780810 369998 15268.9 19950 1871.49
 467265 243617 113727 4689.15 6701.18
 522546 148632 76474.9 35673.2 3572.71
 682590 168911 47483.4 24414.8 12528.9
 175638 205359 49897.1 14012 10901.2
 646486 57063.4 65970.4 16018.7 7997.73
 529973 217458 19038.8 22000.2 8008.94
 240186 178678 72735.9 6365.24 10032.7
 525364 82517.9 61005.9 24825.3 5596.64
 583496 178040 27756.6 20511.8 10228.4
 178374 199926 60609.9 9445.6 10460.7
 135283 61265.5 68240.9 20680.6 6792.07
 509444 45329.8 20354.9 22661.3 9122.84
pred_Ctot
 11146.4 2860.68 12358.8 640.364 0.0194615
 11601.9 7297.27 1718.67 7389.83 382.816
 10927.8 3988.35 2295.75 538.051 2432.69
 31278 5457.78 1823.2 1044.32 1351.01
 8729.36 3655.24 582.381 193.568 254.241
 28005.9 6333.16 2435.35 386.194 296.88
 23367.1 19650.8 4069.09 1557.11 436.627
 1865.18 1204.76 922.681 190.069 93.1023
 6281.52 2666.37 1583.43 1207.06 370.356
 10125.1 2731.14 1060.84 626.889 624.345
 5073.56 943.853 232.666 89.9223 106.033
 17046.6 11135.1 1903.4 467.009 393.222
 16689.6 6361.79 3777.73 642.338 290.218
 33290.2 5474.62 1891.87 1117.31 275.733
 16384 6609.2 983.936 338.141 248.91
 74080.6 5281.58 1940.55 287.402 171.426
 11723.3 16840 1093.85 399.827 94.5096
 86371.7 3914.7 5141.46 332.31 150.139
 75977.2 39037.2 1618.14 2114.73 198.383
 40453.6 22884.6 10731.1 442.568 632.473
 40501.2 12506.8 6464.21 3016.07 302.067
 79913.7 21414.2 6046.23 3109.55 1595.74
 13106.1 16639.4 4061.31 1140.76 887.515
 35261 3383.86 3930.09 954.52 476.574
 28188.3 12576.1 1106.14 1278.51 465.434
 10093.8 8170.22 3341.41 292.484 461.011
 26346.7 4500.41 3342.58 1360.54 306.724
 25458.9 8451.5 1323.72 978.455 487.923
 7524.34 9176.14 2794.81 435.657 482.483
 7684.5 3783.08 4233.2 1283.2 421.442
 29511.4 2854.33 1287.61 1433.85 577.237
F
 0.0649251 0.0708245 0.0711648 0.0711828 0.0711838
 0.115911 0.126443 0.127051 0.127083 0.127084
 0.111768 0.121924 0.122509 0.12254 0.122542
 0.159538 0.174034 0.174871 0.174915 0.174917
 0.0522536 0.0570016 0.0572755 0.05729 0.0572907
 0.10198 0.111247 0.111781 0.111809 0.111811
 0.20767 0.22654 0.227628 0.227686 0.227689
 0.0305815 0.0333603 0.0335206 0.0335291 0.0335295
 0.116896 0.127518 0.12813 0.128163 0.128164
 0.144751 0.157904 0.158663 0.158703 0.158705
 0.0372341 0.0406174 0.0408126 0.0408229 0.0408234
 0.230607 0.25156 0.252769 0.252833 0.252837
 0.277981 0.30324 0.304697 0.304774 0.304778
 0.306817 0.334695 0.336304 0.336389 0.336393
 0.19907 0.217158 0.218202 0.218257 0.21826
 0.196318 0.214157 0.215186 0.21524 0.215243
 0.132522 0.144564 0.145258 0.145295 0.145297
 0.126159 0.137622 0.138283 0.138318 0.13832
 0.164733 0.179701 0.180564 0.18061 0.180612
 0.145423 0.158637 0.159399 0.159439 0.159441
 0.129341 0.141094 0.141772 0.141808 0.14181
 0.201133 0.219409 0.220463 0.220519 0.220522
 0.124265 0.135556 0.136207 0.136242 0.136244
 0.0895477 0.0976844 0.0981538 0.0981787 0.09818
 0.0872415 0.0951687 0.095626 0.0956502 0.0956514
 0.0683979 0.0746128 0.0749713 0.0749903 0.0749913
 0.0820828 0.0895412 0.0899714 0.0899942 0.0899954
 0.071092 0.0775517 0.0779244 0.0779441 0.0779451
 0.0686629 0.074902 0.0752619 0.0752809 0.0752819
 0.093407 0.101894 0.102384 0.10241 0.102411
 0.0953332 0.103996 0.104495 0.104522 0.104523
YTP_r0W_actual
 244945 40246 35537.9 49037.7 21530.9
YTP_p0W_proyectada
 401019 394775 51623.4 29426.7 50239.8
 401019 262982 165984 18572.7 12320.5
CTP_r0_actual
 29511.4 2854.33 1287.61 1433.85 577.237
CTP_p0_proyectada
 53540.6 25193 2231.88 1001.93 1485.07
 53540.6 16782.5 7176.13 632.369 364.189
Wmedp
 7.49 15.67 23.13 29.37 33.83
Frms_r0
 0.0953332 0.103996 0.104495 0.104522 0.104523
Zrms_r0
 1.09533 1.104 1.1045 1.10452 1.10452
nmprior
 8.19 8.8 8.5 0
nm_flota  nm_reclas  nm_pelaces    nm_pelaL
inf 10.7083 17.8739 42.4507
cv_recla  cv_pelaces  cv_mph
0.403496 0.484592 0.742787
 ------------------------------------------------
Talla a la edad & desviaci?n 
 8 13.2811 15.8009 17.003 17.5766
 0.8 1.32811 1.58009 1.7003 1.75766
