years
 1991 1992 1993 1994 1995 1996 1997 1998 1999 2000 2001 2002 2003 2004 2005 2006 2007 2008 2009 2010 2011 2012 2013 2014 2015 2016 2017 2018 2019 2020 2021
reclasobs
 0 0 0 0 0 0 0 0 0 252601 567819 844713 477998 351125 339783 2.1784e+06 2.13404e+06 4.81314e+06 1.55562e+06 2.62356e+06 3.21686e+06 3.843e+06 1.13348e+06 3.07943e+06 1.97215e+06 2.03268e+06 2.025e+06 2.42433e+06 2.27542e+06 1.05018e+06 2.36338e+06
reclaspred
 3.41207e+06 1.93149e+06 982599 1.04544e+06 1.08929e+06 1.73513e+06 1.1799e+06 1.07915e+06 799811 607421 669432 611219 419765 598367 587293 1.26806e+06 1.19294e+06 2.87633e+06 2.71634e+06 2.01205e+06 2.94449e+06 1.94568e+06 1.47858e+06 2.76581e+06 2.20457e+06 2.02189e+06 2.40255e+06 2.52648e+06 2.0897e+06 1.35279e+06 1.9369e+06
pelacesobs
 0 0 0 0 0 0 0 0 0 0 0 0 0 0 0 552880 188675 0 991730 2.46772e+06 1.41603e+06 1.21717e+06 2.29649e+06 1.80582e+06 0 1.4828e+06 1.56532e+06 1.57751e+06 1.42118e+06 867257 1.10002e+06
pelacespred
 1.96884e+06 1.24616e+06 638461 555457 593480 984207 643997 696617 513104 374320 416203 315868 228541 375668 366434 643469 605947 1.67435e+06 1.64714e+06 1.15113e+06 1.53329e+06 1.16029e+06 855344 1.76472e+06 1.3297e+06 1.22806e+06 1.66995e+06 1.73661e+06 1.1828e+06 869282 1.24602e+06
mphobs
 0 0 0 0 0 0 0 0 0 0 0 498337 0 5186 125008 0 168611 109162 213762 579715 649985 157893 87575 83554 0 0 0 0 0 0 0
mphpred
 534124 358476 181118 99271.3 118504 138232 187526 128380 113426 81927.8 56525.1 81871.8 58164.2 33746.1 49335.3 59572 149417 139111 301699 267610 278804 262271 202387 163466 288555 253115 215264 228792 314883 217731 136485
desembarqueobs
 494567 514787 250237 358949 120608 361735 552515 73892 212993 205616 52469 317467 293654 387597 252695 516296 358380 742168 942051 627588 828172 859565 418607 520667 417249 300574 415391 372974 316634 284311 391294
desembarquepred
 494574 513263 251046 358971 120612 361748 552562 73895.2 213031 205645 52469.7 317674 293929 387540 252692 516287 358425 742099 941808 627481 828353 859745 418634 520684 417248 300577 415395 372964 316632 284323 391301
Reclutas
 216405 123233 123116 238621 194065 324687 137477 66485.5 60931.9 81285.8 155435 92566 73122.6 156506 101241 467751 101348 822781 577188 352843 376737 502570 124785 447611 370978 166509 362357 403009 123643 93209 348436
log_desv_Rt
 0.0994402 -0.46363 -0.464579 0.197166 -0.00951879 0.505152 -0.354253 -1.08073 -1.16795 -0.879738 -0.231479 -0.749788 -0.985572 -0.224615 -0.660203 0.870227 -0.659152 1.43498 1.08046 0.588313 0.653839 0.942025 -0.451118 0.826215 0.638434 -0.162659 0.61492 0.721248 -0.460312 -0.742865 0.575744
SSB
 3.75874e+06 2.52267e+06 1.27456e+06 698592 833938 972769 1.31966e+06 903434 798199 576542 397778 576148 409313 237478 347182 419220 1.05147e+06 978950 2.12312e+06 1.88322e+06 1.962e+06 1.84565e+06 1.42423e+06 1.15034e+06 2.03062e+06 1.78122e+06 1.51486e+06 1.61005e+06 2.21589e+06 1.53222e+06 960471
BT
 5.0106e+06 3.41591e+06 1.74073e+06 1.59698e+06 1.47791e+06 2.60209e+06 1.99796e+06 1.68787e+06 1.40778e+06 1.07204e+06 1.01579e+06 1.00806e+06 808864 1.2898e+06 1.10964e+06 1.92322e+06 1.69684e+06 4.56339e+06 4.74129e+06 3.25244e+06 4.23286e+06 3.54811e+06 2.36827e+06 4.60777e+06 3.48042e+06 3.12939e+06 4.31942e+06 4.42595e+06 3.02061e+06 2.30276e+06 3.28387e+06
Ftot
 0.112776 0.203861 0.197548 0.279149 0.0894946 0.172333 0.36025 0.0549657 0.212354 0.268279 0.0662315 0.402673 0.540076 0.539612 0.356254 0.346095 0.235608 0.220119 0.280073 0.248878 0.225044 0.352836 0.222295 0.160114 0.152171 0.118633 0.144077 0.124077 0.1174 0.164529 0.171157
BD_Bspro_t
 0.982118 0.867911 0.727198 0.647394 0.655729 0.72783 0.726944 0.5987 0.652365 0.624365 0.603594 0.751653 0.56349 0.409262 0.471919 0.508953 0.6185 0.590699 0.703361 0.643547 0.606657 0.594195 0.567845 0.560437 0.714572 0.729746 0.739852 0.772073 0.811104 0.754188 0.69627
BD_Bspro
 2.68787 1.80396 0.911438 0.499563 0.596349 0.695627 0.943687 0.646045 0.570791 0.412285 0.284451 0.412003 0.292699 0.16982 0.24827 0.299784 0.751908 0.700046 1.51824 1.34669 1.40303 1.31982 1.01847 0.822607 1.45209 1.27375 1.08327 1.15135 1.58458 1.09569 0.686832
BD_Bo
 1.83318 1.23033 0.621617 0.340711 0.406721 0.47443 0.643612 0.440614 0.38929 0.281186 0.194001 0.280993 0.199626 0.115821 0.169325 0.204458 0.512815 0.477444 1.03547 0.918469 0.956889 0.900144 0.694615 0.561033 0.990354 0.86872 0.738813 0.785241 1.08071 0.747278 0.468432
BD_Brms
 3.33305 2.23697 1.13021 0.619474 0.739492 0.8626 1.1702 0.801117 0.7078 0.511247 0.352728 0.510897 0.362957 0.210583 0.307863 0.371742 0.932391 0.868081 1.88267 1.66994 1.7398 1.63663 1.26294 1.02006 1.80064 1.57949 1.3433 1.42771 1.96494 1.35869 0.851695
Sel_flota
 0.836534 1 1 1 1
 0.836534 1 1 1 1
 0.836534 1 1 1 1
 0.836534 1 1 1 1
 0.836534 1 1 1 1
 0.836534 1 1 1 1
 0.836534 1 1 1 1
 0.836534 1 1 1 1
 0.836534 1 1 1 1
 0.836534 1 1 1 1
 0.836534 1 1 1 1
 0.836534 1 1 1 1
 0.836534 1 1 1 1
 0.836534 1 1 1 1
 0.836534 1 1 1 1
 0.836534 1 1 1 1
 0.836534 1 1 1 1
 0.836534 1 1 1 1
 0.836534 1 1 1 1
 0.836534 1 1 1 1
 0.836534 1 1 1 1
 0.836534 1 1 1 1
 0.836534 1 1 1 1
 0.836534 1 1 1 1
 0.836534 1 1 1 1
 0.836534 1 1 1 1
 0.836534 1 1 1 1
 0.836534 1 1 1 1
 0.836534 1 1 1 1
 0.836534 1 1 1 1
 0.836534 1 1 1 1
Sel_reclas
 1 1 1 1 1
 1 1 1 1 1
 1 1 1 1 1
 1 1 1 1 1
 1 1 1 1 1
 1 1 1 1 1
 1 1 1 1 1
 1 1 1 1 1
 1 1 1 1 1
 1 1 1 1 1
 1 1 1 1 1
 1 1 1 1 1
 1 1 1 1 1
 1 1 1 1 1
 1 1 1 1 1
 1 1 1 1 1
 1 1 1 1 1
 1 1 1 1 1
 1 1 1 1 1
 1 1 1 1 1
 1 1 1 1 1
 1 1 1 1 1
 1 1 1 1 1
 1 1 1 1 1
 1 1 1 1 1
 1 1 1 1 1
 1 1 1 1 1
 1 1 1 1 1
 1 1 1 1 1
 1 1 1 1 1
 1 1 1 1 1
Sel_pelaces
 1 1 1 1 1
 1 1 1 1 1
 1 1 1 1 1
 1 1 1 1 1
 1 1 1 1 1
 1 1 1 1 1
 1 1 1 1 1
 1 1 1 1 1
 1 1 1 1 1
 1 1 1 1 1
 1 1 1 1 1
 1 1 1 1 1
 1 1 1 1 1
 1 1 1 1 1
 1 1 1 1 1
 1 1 1 1 1
 1 1 1 1 1
 1 1 1 1 1
 1 1 1 1 1
 1 1 1 1 1
 1 1 1 1 1
 1 1 1 1 1
 1 1 1 1 1
 1 1 1 1 1
 1 1 1 1 1
 1 1 1 1 1
 1 1 1 1 1
 1 1 1 1 1
 1 1 1 1 1
 1 1 1 1 1
 1 1 1 1 1
pf_obs 
 0.8446 0.082 0.0669 0.0065 0
 0.8095 0.147 0.0364 0.0071 0
 0.9664 0.0169 0.016 0.0007 0
 0.9276 0.0648 0.0075 0.0001 0
 0.7033 0.2144 0.0806 0.0017 0
 0.9318 0.0425 0.0243 0.0014 0
 0.5671 0.3108 0.0964 0.0239 0.0018
 0.0768 0.2599 0.5324 0.112 0.0189
 0.490249 0.384438 0.106611 0.0170017 0.00170017
 0.7925 0.1577 0.0466 0.003 0.0002
 0.840416 0.127587 0.0312969 0.00059994 9.999e-05
 0.8084 0.0986 0.0794 0.0134 0.0002
 0.7335 0.1905 0.0724 0.0035 0.0001
 0.4001 0.4547 0.1325 0.0127 0
 0.49795 0.308269 0.164784 0.0264974 0.00249975
 0.9179 0.0499 0.0305 0.0017 0
 0.2467 0.6533 0.0926 0.0074 0
 0.9418 0.0223 0.034 0.0019 0
 0.707729 0.231977 0.0356964 0.0245975 0
 0.517169 0.277429 0.184464 0.0207286 0.00020938
 0.811772 0.124168 0.05621 0.00726502 0.000585176
 0.764997 0.148141 0.077277 0.00933861 0.000247198
 0.163321 0.427699 0.378323 0.0303852 0.000271297
 0.753843 0.0900009 0.118128 0.0371064 0.000921714
 0.721811 0.176058 0.0630433 0.0369309 0.00215725
 0.143369 0.312575 0.442814 0.0836902 0.0175525
 0.692698 0.0596174 0.167031 0.0765114 0.00414204
 0.394062 0.376323 0.152708 0.0712218 0.00568511
 0.125707 0.32114 0.495352 0.0537591 0.00404204
 0.23352 0.215282 0.420074 0.123614 0.00750983
 0.796117 0.104755 0.0508955 0.0450114 0.00322123
pf_pred 
 0.440055 0.114931 0.421435 0.0235774 7.66129e-07
 0.412645 0.286107 0.0618326 0.226731 0.012685
 0.557413 0.204214 0.116114 0.0250943 0.0971649
 0.762233 0.143966 0.0432804 0.0246088 0.0259112
 0.652065 0.277488 0.0426551 0.0128233 0.0149683
 0.741938 0.178894 0.0631385 0.00970555 0.0063236
 0.46947 0.4125 0.0818207 0.0288776 0.00733125
 0.438296 0.293763 0.208331 0.0413231 0.0182871
 0.517097 0.233688 0.130336 0.0924314 0.0264476
 0.676252 0.183408 0.0679141 0.037878 0.0345485
 0.797271 0.145842 0.0322273 0.0119335 0.0127264
 0.547973 0.373155 0.0567403 0.0125381 0.00959397
 0.610058 0.234499 0.12832 0.0195118 0.00761078
 0.839992 0.106232 0.0323392 0.0176964 0.00374042
 0.672535 0.284538 0.0285001 0.00867599 0.00575109
 0.912187 0.0630317 0.021533 0.00215681 0.0010918
 0.382764 0.572675 0.0319859 0.0109271 0.00164853
 0.907745 0.0397956 0.0486718 0.00271849 0.0010688
 0.643231 0.329363 0.0118219 0.0144587 0.00112507
 0.551672 0.3089 0.128718 0.00462008 0.00609026
 0.645914 0.212864 0.0973025 0.0405456 0.00337372
 0.721117 0.192519 0.051919 0.0237328 0.0107122
 0.369652 0.480308 0.103576 0.0279327 0.0185316
 0.805606 0.0811383 0.0862976 0.0186097 0.00834831
 0.64486 0.29626 0.0245761 0.0261388 0.00816534
 0.445559 0.381333 0.144408 0.0119793 0.016721
 0.731125 0.132509 0.0937898 0.0355174 0.00705891
 0.688197 0.239227 0.0357676 0.0253162 0.0114924
 0.362049 0.464135 0.133358 0.0199388 0.0205191
 0.437573 0.22887 0.242676 0.0697273 0.0211537
 0.827395 0.0838624 0.0361121 0.0382905 0.0143396
pobs_RECLAS
 0 0 0 0 0
 0 0 0 0 0
 0 0 0 0 0
 0 0 0 0 0
 0 0 0 0 0
 0 0 0 0 0
 0 0 0 0 0
 0 0 0 0 0
 0 0 0 0 0
 0 0 0 0 0
 0.991045 0.00858322 0.000360255 1.14367e-05 0
 0.934742 0.0480273 0.0164251 0.00080598 0
 0.827803 0.169806 0.00239088 0 0
 0.941827 0.0461693 0.0120037 0 0
 0.791401 0.0380133 0.147996 0.0225897 0
 0.846168 0.0940531 0.0597789 0 0
 0.134021 0.677848 0.182769 0.00536245 0
 0.80878 0.0450904 0.141981 0.00414843 0
 0.846168 0.0940531 0.0597789 0 0
 0.905697 0.0802665 0.012482 0.00150086 5.37128e-05
 0.989698 0.0102097 9.19794e-05 0 0
 0.975433 0.0193895 0.00387452 0.00125025 5.28907e-05
 0.303575 0.632131 0.0575291 0.00676475 0
 0.966965 0.00978017 0.0227588 0.000495775 0
 0.843318 0.132988 0.00938335 0.0141283 0.000182051
 0.564624 0.303363 0.111486 0.0197234 0.00080311
 0.826376 0.0876187 0.0782897 0.00655872 0.00115652
 0.89761 0.0855135 0.0140674 0.00269457 0.000114338
 0.34875 0.467042 0.161289 0.0227151 0.000203297
 0.318654 0.224769 0.449479 0.00709798 0
 0.937255 0.0296025 0.0250945 0.00804832 0
ppred_RECLAS
 0.484808 0.105746 0.387753 0.021693 7.04898e-07
 0.457272 0.264369 0.0571347 0.209504 0.0117212
 0.601631 0.183811 0.104513 0.0225872 0.0874574
 0.79382 0.124841 0.0375307 0.0213396 0.022469
 0.691664 0.245907 0.0378004 0.0113639 0.0132647
 0.775079 0.15592 0.0550302 0.00845915 0.00551151
 0.515636 0.376606 0.0747009 0.0263648 0.0066933
 0.482802 0.270487 0.191824 0.0380489 0.0168381
 0.562246 0.21184 0.11815 0.0837897 0.0239749
 0.714946 0.161487 0.0597971 0.0333509 0.0304193
 0.824733 0.126086 0.0278617 0.0103169 0.0110024
 0.593453 0.33561 0.0510314 0.0112766 0.00862868
 0.653998 0.208075 0.113861 0.0173132 0.00675317
 0.863805 0.0904225 0.0275263 0.0150627 0.00318375
 0.711857 0.250371 0.0250779 0.00763418 0.0050605
 0.925887 0.0531978 0.0181735 0.00182031 0.000921461
 0.426649 0.531958 0.0297117 0.0101502 0.00153132
 0.921898 0.0336905 0.0412051 0.00230145 0.00090484
 0.684079 0.291653 0.0104684 0.0128033 0.000996262
 0.596278 0.278166 0.115911 0.00416041 0.00548432
 0.686375 0.18854 0.0861838 0.0359125 0.00298821
 0.756702 0.167954 0.0452943 0.0207045 0.00934537
 0.41298 0.447293 0.0964566 0.0260127 0.0172578
 0.832388 0.0699598 0.0744083 0.0160458 0.00719816
 0.685103 0.262689 0.0217912 0.0231769 0.00724008
 0.490404 0.350489 0.132727 0.0110103 0.0153686
 0.765128 0.115752 0.0819288 0.0310257 0.00616621
 0.725525 0.210587 0.0314856 0.0222854 0.0101166
 0.404619 0.433164 0.124459 0.0186083 0.0191499
 0.482506 0.210585 0.223288 0.0641567 0.0194637
 0.851752 0.0720286 0.0310163 0.0328873 0.0123161
pobs_PELACES
 0 0 0 0 0
 0 0 0 0 0
 0 0 0 0 0
 0 0 0 0 0
 0 0 0 0 0
 0 0 0 0 0
 0 0 0 0 0
 0 0 0 0 0
 0 0 0 0 0
 0 0 0 0 0
 0 0 0 0 0
 0 0 0 0 0
 0 0 0 0 0
 0 0 0 0 0
 0 0 0 0 0
 0 0 0 0 0
 0.505614 0.472636 0.0217494 0 0
 0 0 0 0 0
 0.443492 0.261883 0.143347 0.151278 0
 0.227955 0.32914 0.350689 0.0885471 0.00366901
 0.970185 0.0296113 0.000203453 0 0
 0.997202 0.00247181 0.000326279 0 0
 0.445219 0.490057 0.0546422 0.010081 0
 0.90214 0.0892962 0.00764917 0.000914606 0
 0 0 0 0 0
 0.581667 0.319106 0.0959925 0.00289975 0.000334073
 0.762889 0.0836404 0.116647 0.0363945 0.000428098
 0.88444 0.0763242 0.0277011 0.0115352 0
 0.521256 0.241999 0.230069 0.00667565 0
 0.616807 0.101726 0.260614 0.0208532 0
 0.833518 0.0704572 0.0857862 0.0102388 0
ppred_PELACES
 0.486327 0.105434 0.386609 0.021629 7.02819e-07
 0.460002 0.263039 0.0568472 0.20845 0.0116622
 0.604182 0.182634 0.103844 0.0224425 0.0868973
 0.796274 0.123355 0.0370841 0.0210857 0.0222016
 0.692693 0.245086 0.0376743 0.011326 0.0132205
 0.776696 0.1548 0.0546347 0.00839836 0.0054719
 0.520487 0.372833 0.0739526 0.0261007 0.00662625
 0.483542 0.2701 0.19155 0.0379944 0.016814
 0.565063 0.210476 0.11739 0.0832504 0.0238206
 0.717886 0.159821 0.0591803 0.0330069 0.0301055
 0.825249 0.125715 0.0277797 0.0102866 0.01097
 0.598683 0.331293 0.0503749 0.0111315 0.00851768
 0.660561 0.204128 0.111701 0.0169848 0.00662508
 0.867193 0.0881729 0.0268415 0.014688 0.00310454
 0.715783 0.24696 0.0247362 0.00753017 0.00499155
 0.927158 0.0522855 0.0178619 0.00178909 0.000905658
 0.429761 0.52907 0.0295504 0.0100951 0.00152301
 0.922749 0.0333236 0.0407563 0.00227638 0.000894984
 0.687335 0.288648 0.0103605 0.0126713 0.000985994
 0.599506 0.275943 0.114984 0.00412715 0.00544047
 0.688983 0.186973 0.0854673 0.0356139 0.00296337
 0.760189 0.165546 0.0446451 0.0204078 0.00921143
 0.41589 0.445076 0.0959785 0.0258838 0.0171723
 0.833589 0.0694583 0.0738749 0.0159308 0.00714656
 0.686871 0.261214 0.0216689 0.0230467 0.00719943
 0.492004 0.349389 0.132311 0.0109758 0.0153203
 0.766521 0.115065 0.0814426 0.0308416 0.00612962
 0.726856 0.209566 0.0313329 0.0221774 0.0100675
 0.406145 0.432053 0.12414 0.0185606 0.0191008
 0.484722 0.209683 0.222332 0.0638819 0.0193804
 0.852914 0.0714639 0.0307731 0.0326295 0.0122196
pobs_pel_tallas
 0 0 0 0 0 0 0 0 0 0 0 0 0 0 0 0 0 0 0 0 0 0 0 0 0 0
 0 0 0 0 0 0 0 0 0 0 0 0 0 0 0 0 0 0 0 0 0 0 0 0 0 0
 0 0 0 0 0 0 0 0 0 0 0 0 0 0 0 0 0 0 0 0 0 0 0 0 0 0
 0 0 0 0 0 0 0 0 0 0 0 0 0 0 0 0 0 0 0 0 0 0 0 0 0 0
 0 0 0 0 0 0 0 0 0 0 0 0 0 0 0 0 0 0 0 0 0 0 0 0 0 0
 0 0 0 0 0 0 0 0 0 0 0 0 0 0 0 0 0 0 0 0 0 0 0 0 0 0
 0 0 0 0 0 0 0 0 0 0 0 0 0 0 0 0 0 0 0 0 0 0 0 0 0 0
 0 0 0 0 0 0 0 0 0 0 0 0 0 0 0 0 0 0 0 0 0 0 0 0 0 0
 0 0 0 0 0 0 0 0 0 0 0 0 0 0 0 0 0 0 0 0 0 0 0 0 0 0
 0 0 0 0 0 0 0 0 0 0 0 0 0 0 0 0 0 0 0 0 0 0 0 0 0 0
 0 0 0 0 0 0 0 0 0 0 0 0 0 0 0 0 0 0 0 0 0 0 0 0 0 0
 0 0 0 0 0 0 0 0 0 0 0 0 0 0 0 0 0 0 0 0 0 0 0 0 0 0
 0.00862536 0 0 0.000197151 0.00414017 0.0128641 0.00837892 0.0270097 0.101434 0.158115 0.152841 0.127902 0.109271 0.109419 0.0830992 0.0579132 0.0238553 0.00714673 0.00463305 0.00128148 0.00103504 0.000492878 0.000147863 0.000147863 4.92878e-05 0
 0 0 0 0 0 0 0 0 0 0 0 0 0 0 0 0 0 0 0 0 0 0 0 0 0 0
 0 0 0 0 0 0 0 0.0054083 0.00873648 0.0413646 0.0450493 0.0745869 0.0622846 0.0627006 0.0613931 0.0827291 0.12552 0.122667 0.0946155 0.0697135 0.0546179 0.0294188 0.0215738 0.0213955 0.0102223 0.00600262
 0 0 0 0 0.00359764 0.0251062 0.0480494 0.140153 0.205849 0.193036 0.1447 0.116669 0.0760912 0.0342217 0.00950174 0.001854 0.000860785 0 0 0 0.000165536 0 0.000143464 0 0 0
 0 0 0 0 0 0 0 0.000145254 0.000435761 0.0275982 0.070085 0.0708112 0.156366 0.174668 0.174014 0.160142 0.0824315 0.0480064 0.0283245 0.00493863 0.00203355 0 0 0 0 0
 0 0 0 0 0 0 0 0 0 0 0 0 0 0 0 0 0 0 0 0 0 0 0 0 0 0
 0 0 1.00437e-05 0.000401748 0.00122533 0.00171747 0.00176769 0.0269171 0.070346 0.194647 0.189555 0.159765 0.064822 0.0314167 0.0384472 0.0292271 0.0345202 0.0313363 0.0194345 0.0106764 0.0143323 0.0359363 0.0279516 0.0138201 0.00172751 0
 0 0.0021121 0.0136068 0.0755702 0.200478 0.177729 0.0527432 0.0373336 0.0318909 0.0142505 0.0149659 0.0166563 0.0217959 0.0798694 0.0677717 0.0528807 0.04013 0.0224614 0.0357745 0.0225083 0.00881397 0.00855152 0.00135912 0.000746735 0 0
 0 0 0 0 5.4009e-05 0.00500934 0.000945158 0.0243581 0.138947 0.33067 0.221406 0.137944 0.0707744 0.0437923 0.0131692 0.00525238 0.0047753 0.00276346 9.45158e-05 9.00151e-06 2.25038e-05 9.00151e-06 4.50075e-06 0 0 0
 0.000866109 0.00284123 0.00948549 0.0512746 0.133035 0.25785 0.225252 0.132002 0.0553304 0.0519788 0.0540692 0.017754 0.00435017 0.00159236 0.00146478 0.000404838 0.000125132 0.000115318 0.000107957 0.000100596 0 0 0 0 0 0
 0 0 0 0 0.00144013 0.00171154 0.00461396 0.0210425 0.0478622 0.0707936 0.0888783 0.103762 0.0637923 0.0337046 0.0602308 0.124433 0.169614 0.0934646 0.0462172 0.0250306 0.0313229 0.00938855 0.002487 0.000210481 0 0
 0 0.00764035 0.051015 0.0998891 0.058973 0.0496711 0.0374665 0.0718981 0.12319 0.153886 0.159021 0.0857701 0.0377988 0.023471 0.0147837 0.00900784 0.00315554 0.000888139 0.00291439 0.00214683 0.00393193 0.00274676 0.000635225 9.99891e-05 0 0
 0 0 0 0 0 0 0 0 0 0 0 0 0 0 0 0 0 0 0 0 0 0 0 0 0 0
 0 0 0 0 0 0 0 0 0 0 0 0 0 0 0 0 0 0 0 0 0 0 0 0 0 0
 0 0 0 0 0 0 0 0 0 0 0 0 0 0 0 0 0 0 0 0 0 0 0 0 0 0
 0 0 0 0 0 0 0 0 0 0 0 0 0 0 0 0 0 0 0 0 0 0 0 0 0 0
 0 0 0 0 0 0 0 0 0 0 0 0 0 0 0 0 0 0 0 0 0 0 0 0 0 0
 0 0 0 0 0 0 0 0 0 0 0 0 0 0 0 0 0 0 0 0 0 0 0 0 0 0
 0 0 0 0 0 0 0 0 0 0 0 0 0 0 0 0 0 0 0 0 0 0 0 0 0 0
ppred_pel_tallas
 1.13353e-16 4.00582e-05 0.00038938 0.00258756 0.0117627 0.0365982 0.0779767 0.113812 0.113822 0.0780295 0.036777 0.0122866 0.00393039 0.0034126 0.00605019 0.0106372 0.0169413 0.0246716 0.0334295 0.042827 0.0523554 0.0610369 0.0672817 0.0693256 0.0660995 0.0579198
 1.24586e-16 3.78898e-05 0.000368303 0.0024475 0.011126 0.0346172 0.0737566 0.107655 0.107681 0.0738811 0.0350354 0.0123353 0.00548927 0.00702994 0.0127563 0.0212156 0.0310305 0.0401019 0.0464139 0.0492851 0.0498628 0.0503056 0.0522424 0.0556901 0.0591312 0.0605038
 1.2e-16 4.97657e-05 0.00048374 0.00321463 0.0146132 0.0454673 0.0968735 0.141393 0.141411 0.0969603 0.0457591 0.015458 0.00534245 0.00515343 0.00899211 0.0149846 0.0220568 0.0287708 0.0337244 0.0363697 0.0373476 0.0379697 0.0392511 0.0412592 0.0431831 0.0439109
 1.06974e-16 6.5588e-05 0.000637539 0.00423667 0.0192593 0.0599229 0.127672 0.186344 0.186356 0.127731 0.0601188 0.0198257 0.00566064 0.00375329 0.00600477 0.00988219 0.0143726 0.0183888 0.0208831 0.0214124 0.0204063 0.01885 0.017634 0.0170763 0.0169078 0.0165976
 1.04524e-16 5.70562e-05 0.000554607 0.00368556 0.016754 0.0521281 0.111065 0.162108 0.162132 0.111181 0.0525159 0.017874 0.0064974 0.00669441 0.0117224 0.0193023 0.0278328 0.0350744 0.0387882 0.0379567 0.0333908 0.0271706 0.021382 0.0171313 0.0144082 0.0125931
 1.03385e-16 6.39754e-05 0.000621864 0.0041325 0.0187858 0.0584496 0.124534 0.181764 0.181779 0.124607 0.0586955 0.0194966 0.00591944 0.00453119 0.00751323 0.0123843 0.0179849 0.0229324 0.0258538 0.0261048 0.0241199 0.0210525 0.0180135 0.0155235 0.0135039 0.0116343
 1.05969e-16 4.28719e-05 0.000416731 0.00276932 0.012589 0.0391691 0.0834553 0.121813 0.121849 0.0836311 0.0397595 0.0142947 0.0070528 0.00977401 0.0178331 0.0294644 0.0425604 0.0537767 0.0597285 0.0588576 0.0523392 0.0432298 0.0345704 0.0279395 0.0232979 0.0197863
 1.12253e-16 3.98288e-05 0.00038715 0.00257275 0.0116954 0.0363887 0.077531 0.113164 0.113191 0.0776595 0.0368211 0.0129473 0.0057275 0.00731438 0.0133146 0.0222597 0.0327906 0.0427647 0.0499874 0.0534076 0.0536137 0.0521491 0.0502572 0.0481326 0.0451623 0.0407211
 1.15822e-16 4.65436e-05 0.00045242 0.00300649 0.0136671 0.0425235 0.0906015 0.13224 0.13226 0.0907015 0.0428598 0.0146408 0.00545906 0.005835 0.0103545 0.0172725 0.0254238 0.0331509 0.0388139 0.0417292 0.0425447 0.0426471 0.0430778 0.0438464 0.0440853 0.0427602
 1.10154e-16 5.91314e-05 0.000574778 0.0038196 0.0173634 0.054024 0.115104 0.168001 0.168017 0.11518 0.0542782 0.0180987 0.00566909 0.00462482 0.00778872 0.0128844 0.0188005 0.0241782 0.0276905 0.0287797 0.0279887 0.0265408 0.0255016 0.0251828 0.0251546 0.0246951
 1.03722e-16 6.79747e-05 0.000660738 0.00439084 0.0199601 0.0621034 0.132318 0.193125 0.193137 0.132378 0.0623026 0.0205358 0.0058368 0.00382071 0.00607961 0.00997089 0.0144237 0.0182838 0.0204284 0.0203551 0.0184776 0.0158283 0.0134099 0.0117027 0.0106185 0.00978435
 1.04097e-16 4.93128e-05 0.000479338 0.00318537 0.0144803 0.0450536 0.0959927 0.140111 0.140143 0.0961487 0.0455776 0.0159939 0.00698515 0.00877541 0.0158085 0.0260656 0.0375653 0.0472862 0.0521794 0.0508393 0.0443334 0.0354584 0.0270488 0.020655 0.0163567 0.0134287
 1.06101e-16 5.44096e-05 0.00052888 0.0035146 0.0159769 0.04971 0.105913 0.154588 0.154607 0.10601 0.0500356 0.0169189 0.0058856 0.00572602 0.00998692 0.0165868 0.0242677 0.0313093 0.0359711 0.0374176 0.0361367 0.0334492 0.0305433 0.0278426 0.0250988 0.0219209
 1.02796e-16 7.14296e-05 0.000694321 0.00461401 0.0209746 0.0652598 0.139043 0.20294 0.202948 0.139085 0.0653998 0.0213793 0.00563123 0.00291949 0.00431103 0.00705013 0.0102354 0.0130568 0.0147421 0.014945 0.0139392 0.0124037 0.0109744 0.00991808 0.00912679 0.00833746
 1.02377e-16 5.89581e-05 0.000573094 0.00380841 0.0173125 0.0538657 0.114768 0.167512 0.167535 0.114884 0.0542559 0.0184393 0.00663621 0.0067438 0.0117713 0.0193488 0.0278251 0.0349044 0.0382901 0.0369288 0.0316416 0.0245753 0.0179294 0.012943 0.00972377 0.00772611
 1.00862e-16 7.63688e-05 0.000742332 0.00493306 0.022425 0.0697724 0.148658 0.216971 0.216976 0.148682 0.0698554 0.022665 0.00553626 0.00206169 0.00258959 0.00417975 0.0060589 0.00771285 0.00867014 0.00870854 0.00797216 0.00685175 0.00572914 0.00479228 0.00403023 0.00334975
 1.02259e-16 3.5399e-05 0.000344091 0.0022866 0.0103946 0.0323417 0.0689094 0.100586 0.100637 0.0691582 0.0331769 0.0128057 0.0083353 0.0135366 0.0250557 0.0412751 0.0592416 0.0740498 0.0807237 0.0769719 0.0645756 0.0482347 0.0328318 0.02122 0.0137964 0.00947645
 1.01565e-16 7.60056e-05 0.000738801 0.0049096 0.0223183 0.0694406 0.147951 0.215939 0.215942 0.147967 0.0694944 0.0224746 0.00530463 0.00161005 0.00175665 0.0028514 0.00425712 0.00567913 0.00686106 0.00766648 0.00812083 0.00832606 0.00832875 0.00806976 0.00745416 0.00646339
 1.01811e-16 5.66149e-05 0.000550317 0.00365705 0.0166244 0.051725 0.110207 0.160855 0.160883 0.110342 0.0521804 0.0179394 0.00695569 0.00774401 0.0136976 0.0225003 0.0322797 0.040329 0.0439362 0.0418661 0.0351163 0.0262807 0.0180427 0.0119527 0.00818746 0.00609083
 1.04724e-16 4.93805e-05 0.000479996 0.00318975 0.0145001 0.0451155 0.0961242 0.140302 0.140328 0.0962548 0.0455542 0.0157689 0.00638013 0.00746283 0.0133641 0.0221531 0.032226 0.0411829 0.0465784 0.0472328 0.0438508 0.0383911 0.032746 0.0278134 0.0235168 0.0194344
 1.06588e-16 5.67506e-05 0.000551636 0.00366582 0.0166643 0.0518489 0.11047 0.161238 0.161256 0.110559 0.0521467 0.0175258 0.00583326 0.00529997 0.00912434 0.0151255 0.0220923 0.0284362 0.03257 0.0337625 0.0325254 0.0301488 0.0277812 0.0258081 0.0239151 0.0215939
 1.04937e-16 6.26158e-05 0.000608648 0.00404468 0.0183865 0.0572074 0.121887 0.177901 0.177917 0.121965 0.0574701 0.0191456 0.00595201 0.00477912 0.00800326 0.0131856 0.0191169 0.0243169 0.0273242 0.0274806 0.0253104 0.0221232 0.0191688 0.0170109 0.0154943 0.0141376
 1.08386e-16 3.42564e-05 0.000332984 0.0022128 0.0100591 0.0312978 0.0666849 0.0973375 0.0973805 0.0668948 0.0320028 0.0120962 0.00732902 0.0115113 0.0212924 0.0352216 0.050913 0.0644045 0.0716735 0.0708702 0.0633942 0.0528717 0.0428957 0.0353059 0.0300152 0.0259684
 1.04957e-16 6.86617e-05 0.000667416 0.00443521 0.0201618 0.062731 0.133655 0.195075 0.195082 0.133689 0.062843 0.0204868 0.00525598 0.00247617 0.00355387 0.00589787 0.00879732 0.0117101 0.0141207 0.0157798 0.0167981 0.0174542 0.0178895 0.0179675 0.0174011 0.0160028
 1.04222e-16 5.65767e-05 0.000549946 0.00365458 0.0166132 0.05169 0.110132 0.160746 0.160771 0.110255 0.0521027 0.0178051 0.00664551 0.00707686 0.012446 0.0204707 0.0294507 0.0369764 0.0406435 0.0393739 0.034076 0.0270478 0.0206068 0.0160008 0.0132294 0.0115794
 1.07601e-16 4.05258e-05 0.000393925 0.00261777 0.0119 0.0370256 0.0788882 0.115147 0.11518 0.0790534 0.0375808 0.0135053 0.00665359 0.00922486 0.0168728 0.0279881 0.0406823 0.0519266 0.0586318 0.0593343 0.054988 0.048156 0.0413063 0.0355963 0.0308659 0.0264405
 1.06511e-16 6.31374e-05 0.000613718 0.00407837 0.0185397 0.0576839 0.122902 0.179382 0.179393 0.122957 0.0578682 0.0190734 0.00542357 0.0035686 0.00572905 0.00951375 0.0140347 0.0183602 0.0215779 0.0232686 0.0237045 0.0235433 0.0232782 0.0229155 0.0220905 0.0204378
 1.04886e-16 5.98702e-05 0.00058196 0.00386733 0.0175803 0.054699 0.116543 0.170102 0.170122 0.116642 0.0550306 0.0185382 0.00627243 0.00583437 0.0100416 0.0165241 0.0238439 0.0300907 0.0333693 0.0328332 0.0291954 0.0242373 0.0197165 0.0165191 0.0145525 0.013204
 1.08787e-16 3.34537e-05 0.000325182 0.00216095 0.0098234 0.0305645 0.0651224 0.0950568 0.0950985 0.0653264 0.0312498 0.0118042 0.00713803 0.0112066 0.0207476 0.0343735 0.0498093 0.0632587 0.0708538 0.0707931 0.0643576 0.0549156 0.0457673 0.0385463 0.0331202 0.0285466
 1.16156e-16 3.9926e-05 0.000388095 0.00257903 0.0117239 0.0364775 0.0777199 0.113439 0.113459 0.0778204 0.0368158 0.0127052 0.00505789 0.00585183 0.0105709 0.0178182 0.0266175 0.0354831 0.0428937 0.0481258 0.0515351 0.0539635 0.0558021 0.0565626 0.055275 0.0512749
 1.06247e-16 7.02534e-05 0.000682888 0.00453803 0.0206292 0.0641852 0.136754 0.199597 0.199604 0.136788 0.0642992 0.020959 0.00536816 0.00250313 0.00355158 0.00582618 0.0085464 0.0110996 0.0129275 0.0138157 0.014023 0.0140738 0.0143704 0.0149324 0.0154294 0.0154256
pSPR Fmed_Fpbrs
0.681043   0.6 0.325
Fs Fmed_Fpbrs
0.200455   0.272398 0.662232
SSBpbr Bo_Bmed_Bpbrs
2.0504e+06  1.29389e+06  1.12772e+06 563859
Ro
195921
SPR SPRFo_SPRFmed_SPRFpbrs
1.39841e+06 952376 454482
Fref
0.272398
Nvult_r0
 237353 20617.4 8878.07 9413.63 3525.36
CTP_r0
 29727.5 3013.09 1297.47 1375.74 515.208
YTP_r0
391301
Np
 271171 79430.2 31120.8 2595.18 1430.59
Nvult_p0
 191741 57177.1 22402 1868.12 1029.8
CTP_p0
 35583.5 17118.4 1427.51 614.702 853.841
 35583.5 12240.6 4795.88 399.93 220.462
YTP_p0
 614723 588463
CBA_c0
606845
log_Ro
12.0055
likeval ReclasPelacesDesembMPH_pf_preclas_ppelaces_ptallas_desvR_qrecl_qpela
 19.372 18.3668 0.103996 58.611 246.697 122.358 99.2333 0 21.7123 2.57216e-06 7.23686e-09 0.497147 6.34431e-16 0 0
q_reclas_q_pelaces
0.79671 0.98797
M
1
N
 216405 47639 174685 9772.83 0.317561
 123233 72443.7 15656.3 57409.4 3211.9
 123116 38227.1 21735.5 4697.43 18188.4
 238621 38393 11542 6562.69 6910.01
 194065 69502.2 10683.8 3211.85 3749.1
 324687 66242.7 23379.6 3593.87 2341.57
 137477 103410 20511.6 7239.34 1837.87
 66485.5 37415.9 26534.6 5263.22 2329.18
 60931.9 23359.5 13028.4 9239.46 2643.71
 81285.8 18767.3 6949.36 3875.89 3535.2
 155435 23892.1 5279.52 1954.96 2084.85
 92566 54099.5 8226.13 1817.76 1390.92
 73122.6 24314.5 13305.2 2023.12 789.139
 156506 17121.7 5212.17 2852.16 602.85
 101241 36660.2 3671.99 1117.82 740.976
 467751 27646.2 9444.54 945.992 478.871
 101348 128820 7195.05 2457.98 370.827
 822781 30614.2 37442.6 2091.3 822.217
 577188 251779 9037.16 11052.9 860.056
 352843 167985 69998.9 2512.48 3311.99
 376737 105407 48182.7 20077.5 1670.61
 502570 114811 30962.7 14153.4 6388.41
 124785 137631 29679.5 8004.05 5310.18
 447611 38116 40539.7 8742.19 3921.75
 370978 144025 11947.5 12707.2 3969.52
 166509 120163 45504.6 3774.81 5269
 362357 55468.2 39260.3 14867.5 2954.85
 403009 118168 17667.6 12505.1 5676.75
 123643 133642 38398.9 5741.13 5908.23
 93209 41230.9 43718.2 12561.4 3810.85
 348436 29880.6 12866.9 13643.1 5109.28
pred_Ctot
 12410.6 3241.33 11885.5 664.939 0.0216067
 12384.6 8586.86 1855.77 6804.83 380.712
 12015.4 4401.98 2502.92 540.926 2094.46
 32016 6047 1817.9 1033.64 1088.34
 8902.9 3788.66 582.386 175.082 204.368
 27880.6 6722.48 2372.62 364.715 237.628
 23171.5 20359.7 4038.41 1425.31 361.847
 1895.79 1270.64 901.11 178.738 79.0986
 6360.32 2874.37 1603.13 1136.91 325.307
 10519.7 2853.07 1056.47 589.227 537.433
 5319.77 973.128 215.036 79.6258 84.9164
 17197.5 11711.1 1780.73 393.495 301.096
 17427.3 6698.83 3665.68 557.386 217.414
 37273.5 4713.93 1435.01 785.254 165.976
 16897.1 7148.86 716.051 217.979 144.493
 76096.1 5258.21 1796.32 179.924 91.0796
 11645.8 17424 973.191 332.463 50.1575
 88792.5 3892.66 4760.91 265.913 104.547
 77674.1 39772.6 1427.56 1745.98 135.86
 42637.9 23874.5 9948.4 357.08 470.708
 41497.3 13675.6 6251.28 2604.89 216.748
 83167.5 22203.4 5987.9 2737.13 1235.46
 13589.6 17657.7 3807.8 1026.9 681.283
 35859.5 3611.67 3841.32 828.362 371.604
 28322.5 13011.9 1079.39 1148.03 358.625
 10024.9 8579.85 3249.12 269.529 376.217
 26265.4 4760.35 3369.37 1275.95 253.589
 25329.8 8805 1316.46 931.789 422.99
 7369.81 9447.84 2714.62 405.87 417.684
 7661.66 4007.38 4249.13 1220.89 370.39
 29727.5 3013.09 1297.47 1375.74 515.208
F
 0.094341 0.112776 0.112776 0.112776 0.112776
 0.170536 0.203861 0.203861 0.203861 0.203861
 0.165256 0.197548 0.197548 0.197548 0.197548
 0.233518 0.279149 0.279149 0.279149 0.279149
 0.0748652 0.0894946 0.0894946 0.0894946 0.0894946
 0.144163 0.172333 0.172333 0.172333 0.172333
 0.301361 0.36025 0.36025 0.36025 0.36025
 0.0459807 0.0549657 0.0549657 0.0549657 0.0549657
 0.177641 0.212354 0.212354 0.212354 0.212354
 0.224425 0.268279 0.268279 0.268279 0.268279
 0.0554049 0.0662315 0.0662315 0.0662315 0.0662315
 0.33685 0.402673 0.402673 0.402673 0.402673
 0.451792 0.540076 0.540076 0.540076 0.540076
 0.451404 0.539612 0.539612 0.539612 0.539612
 0.298018 0.356254 0.356254 0.356254 0.356254
 0.28952 0.346095 0.346095 0.346095 0.346095
 0.197094 0.235608 0.235608 0.235608 0.235608
 0.184137 0.220119 0.220119 0.220119 0.220119
 0.234291 0.280073 0.280073 0.280073 0.280073
 0.208195 0.248878 0.248878 0.248878 0.248878
 0.188257 0.225044 0.225044 0.225044 0.225044
 0.295159 0.352836 0.352836 0.352836 0.352836
 0.185957 0.222295 0.222295 0.222295 0.222295
 0.133941 0.160114 0.160114 0.160114 0.160114
 0.127296 0.152171 0.152171 0.152171 0.152171
 0.0992406 0.118633 0.118633 0.118633 0.118633
 0.120525 0.144077 0.144077 0.144077 0.144077
 0.103795 0.124077 0.124077 0.124077 0.124077
 0.0982089 0.1174 0.1174 0.1174 0.1174
 0.137634 0.164529 0.164529 0.164529 0.164529
 0.143178 0.171157 0.171157 0.171157 0.171157
YTP_r0W_actual
 246738 42484.6 35810.2 47050.3 19217.2
YTP_p0W_proyectada
 266520 268245 33018.3 18053.8 28885.4
 266520 191810 110929 11746 7458.22
CTP_r0_actual
 29727.5 3013.09 1297.47 1375.74 515.208
CTP_p0_proyectada
 35583.5 17118.4 1427.51 614.702 853.841
 35583.5 12240.6 4795.88 399.93 220.462
Wmedp
 7.49 15.67 23.13 29.37 33.83
Frms_r0
 0.143178 0.171157 0.171157 0.171157 0.171157
Zrms_r0
 1.14318 1.17116 1.17116 1.17116 1.17116
nmprior
 8.19 8.8 8.5 0
nm_flota  nm_reclas  nm_pelaces    nm_pelaL
inf 11.3884 19.7836 48.4391
cv_recla  cv_pelaces  cv_mph
0.398118 0.485946 0.708788
 ------------------------------------------------
Talla a la edad & desviaci?n 
 8 13.2811 15.8009 17.003 17.5766
 0.8 1.32811 1.58009 1.7003 1.75766
