years
 1991 1992 1993 1994 1995 1996 1997 1998 1999 2000 2001 2002 2003 2004 2005 2006 2007 2008 2009 2010 2011 2012 2013 2014 2015 2016 2017 2018 2019 2020 2021
reclasobs
 0 0 0 0 0 0 0 0 0 252601 567819 844713 477998 351125 339783 2.1784e+06 2.13404e+06 4.81314e+06 1.55562e+06 2.62356e+06 3.21686e+06 3.843e+06 1.13348e+06 3.07943e+06 1.97215e+06 2.03268e+06 2.025e+06 2.42433e+06 2.27542e+06 1.05018e+06 2.36338e+06
reclaspred
 3.36446e+06 1.88174e+06 958015 1.03901e+06 1.09073e+06 1.7658e+06 1.15173e+06 1.04506e+06 768805 576085 677643 611807 389693 614960 589977 1.29226e+06 1.17442e+06 2.94127e+06 2.77188e+06 2.04389e+06 2.96081e+06 1.95127e+06 1.4555e+06 2.78437e+06 2.2105e+06 2.02803e+06 2.42496e+06 2.56702e+06 2.09572e+06 1.33643e+06 1.93638e+06
pelacesobs
 0 0 0 0 0 0 0 0 0 0 0 0 0 0 0 552880 188675 0 991730 2.46772e+06 1.41603e+06 1.21717e+06 2.29649e+06 1.80582e+06 0 1.4828e+06 1.56532e+06 1.57751e+06 1.42118e+06 867257 1.10002e+06
pelacespred
 1.93302e+06 1.19977e+06 608264 543166 594157 1.00305e+06 615909 680418 489366 349783 419478 309914 203953 380874 364173 649332 591188 1.71505e+06 1.67046e+06 1.15329e+06 1.5445e+06 1.13618e+06 833807 1.7836e+06 1.32897e+06 1.2335e+06 1.69308e+06 1.77056e+06 1.18937e+06 856547 1.24591e+06
mphobs
 0 0 0 0 0 0 0 0 0 0 0 498337 0 5186 125008 0 168611 109162 213762 579715 649985 157893 87575 83554 0 0 0 0 0 0 0
mphpred
 536580 359441 178677 98909.4 119249 141989 191929 124877 111633 78782.6 53727.2 84785.2 56621.6 29614.1 49685.7 59000.9 152225 137357 311602 273785 284996 265025 203083 162111 294939 258910 219804 234722 326480 221923 136163
desembarqueobs
 494567 514787 250237 358949 120608 361735 552515 73892 212993 205616 52469 317467 293654 387597 252695 516296 358380 742168 942051 627588 828172 859565 418607 520667 417249 300574 415391 372974 316634 284311 391294
desembarquepred
 494575 513412 250968 358977 120613 361751 552572 73896 213040 205653 52469.8 317703 293975 387514 252688 516279 358431 742083 941754 627451 828382 859751 418633 520686 417246 300577 415396 372961 316629 284323 391302
Reclutas
 194911 109277 110803 205199 166888 279671 117550 55594.6 51271.6 69214 136322 81542.9 62398.4 144936 88096.8 409365 85848.4 717348 509713 316553 328876 445566 108156 381625 318324 141898 308290 343643 105387 79110.2 294603
log_desv_Rt
 0.137936 -0.440722 -0.426856 0.189373 -0.017286 0.499006 -0.367749 -1.11652 -1.19747 -0.897406 -0.219589 -0.73348 -1.00107 -0.158314 -0.656173 0.879999 -0.682026 1.44095 1.09924 0.622883 0.661073 0.964737 -0.451035 0.809831 0.628462 -0.179499 0.59643 0.704994 -0.476971 -0.763767 0.551021
SSB
 2.98114e+06 1.99699e+06 992697 549523 662523 788866 1.06632e+06 693794 620214 437702 298499 471051 314579 164531 276045 327798 845737 763132 1.73121e+06 1.5211e+06 1.58338e+06 1.47243e+06 1.12829e+06 900657 1.63863e+06 1.43846e+06 1.22119e+06 1.30408e+06 1.81387e+06 1.23297e+06 756498
BT
 4.04653e+06 2.75925e+06 1.38997e+06 1.31868e+06 1.20879e+06 2.18865e+06 1.65155e+06 1.34053e+06 1.1299e+06 855017 832158 851479 657530 1.12828e+06 938364 1.64055e+06 1.39274e+06 3.87728e+06 4.03286e+06 2.72973e+06 3.55495e+06 2.96851e+06 1.93656e+06 3.83973e+06 2.87363e+06 2.57984e+06 3.6025e+06 3.69946e+06 2.49455e+06 1.88323e+06 2.71656e+06
Ftot
 0.142236 0.259135 0.251856 0.356714 0.113315 0.216258 0.459576 0.0715708 0.277861 0.356073 0.0845639 0.503989 0.723494 0.682081 0.455485 0.440185 0.300673 0.278793 0.349349 0.310035 0.282573 0.445606 0.283489 0.205213 0.192206 0.148989 0.18253 0.15688 0.146002 0.207619 0.220391
BD_Bspro_t
 0.97755 0.838491 0.673878 0.587127 0.599428 0.682221 0.681076 0.534557 0.593387 0.558078 0.533669 0.710625 0.4966 0.326799 0.415486 0.447306 0.565568 0.529198 0.658763 0.593282 0.554058 0.538337 0.509537 0.498445 0.667936 0.685139 0.695913 0.73282 0.7786 0.71186 0.643917
BD_Bspro
 2.45978 1.64775 0.819089 0.453419 0.546657 0.650905 0.87984 0.57246 0.511748 0.361154 0.246296 0.388671 0.259564 0.135757 0.227769 0.270471 0.69783 0.629671 1.42844 1.25508 1.30647 1.21492 0.930971 0.743145 1.35206 1.18689 1.00762 1.07601 1.49665 1.01734 0.624198
BD_Bo
 1.67288 1.12062 0.557055 0.308366 0.371776 0.442674 0.598371 0.389324 0.348035 0.245618 0.167503 0.264332 0.176527 0.0923267 0.154903 0.183945 0.474588 0.428233 0.971471 0.853569 0.88852 0.826258 0.633144 0.505406 0.91952 0.807194 0.685275 0.731785 1.01786 0.691882 0.424511
BD_Brms
 3.04159 2.03748 1.01283 0.560666 0.675957 0.804862 1.08795 0.707863 0.632791 0.446577 0.304551 0.480603 0.320958 0.167867 0.281642 0.334445 0.862887 0.778606 1.76631 1.55194 1.61549 1.50229 1.15117 0.91892 1.67185 1.46762 1.24596 1.33052 1.85065 1.25797 0.771838
Sel_flota
 0.77669 0.985093 0.999204 0.999958 0.999998
 0.77669 0.985093 0.999204 0.999958 0.999998
 0.77669 0.985093 0.999204 0.999958 0.999998
 0.77669 0.985093 0.999204 0.999958 0.999998
 0.77669 0.985093 0.999204 0.999958 0.999998
 0.77669 0.985093 0.999204 0.999958 0.999998
 0.77669 0.985093 0.999204 0.999958 0.999998
 0.77669 0.985093 0.999204 0.999958 0.999998
 0.77669 0.985093 0.999204 0.999958 0.999998
 0.77669 0.985093 0.999204 0.999958 0.999998
 0.77669 0.985093 0.999204 0.999958 0.999998
 0.77669 0.985093 0.999204 0.999958 0.999998
 0.77669 0.985093 0.999204 0.999958 0.999998
 0.77669 0.985093 0.999204 0.999958 0.999998
 0.77669 0.985093 0.999204 0.999958 0.999998
 0.77669 0.985093 0.999204 0.999958 0.999998
 0.77669 0.985093 0.999204 0.999958 0.999998
 0.77669 0.985093 0.999204 0.999958 0.999998
 0.77669 0.985093 0.999204 0.999958 0.999998
 0.77669 0.985093 0.999204 0.999958 0.999998
 0.77669 0.985093 0.999204 0.999958 0.999998
 0.77669 0.985093 0.999204 0.999958 0.999998
 0.77669 0.985093 0.999204 0.999958 0.999998
 0.77669 0.985093 0.999204 0.999958 0.999998
 0.77669 0.985093 0.999204 0.999958 0.999998
 0.77669 0.985093 0.999204 0.999958 0.999998
 0.77669 0.985093 0.999204 0.999958 0.999998
 0.77669 0.985093 0.999204 0.999958 0.999998
 0.77669 0.985093 0.999204 0.999958 0.999998
 0.77669 0.985093 0.999204 0.999958 0.999998
 0.77669 0.985093 0.999204 0.999958 0.999998
Sel_reclas
 1 1 1 1 1
 1 1 1 1 1
 1 1 1 1 1
 1 1 1 1 1
 1 1 1 1 1
 1 1 1 1 1
 1 1 1 1 1
 1 1 1 1 1
 1 1 1 1 1
 1 1 1 1 1
 1 1 1 1 1
 1 1 1 1 1
 1 1 1 1 1
 1 1 1 1 1
 1 1 1 1 1
 1 1 1 1 1
 1 1 1 1 1
 1 1 1 1 1
 1 1 1 1 1
 1 1 1 1 1
 1 1 1 1 1
 1 1 1 1 1
 1 1 1 1 1
 1 1 1 1 1
 1 1 1 1 1
 1 1 1 1 1
 1 1 1 1 1
 1 1 1 1 1
 1 1 1 1 1
 1 1 1 1 1
 1 1 1 1 1
Sel_pelaces
 1 1 1 1 1
 1 1 1 1 1
 1 1 1 1 1
 1 1 1 1 1
 1 1 1 1 1
 1 1 1 1 1
 1 1 1 1 1
 1 1 1 1 1
 1 1 1 1 1
 1 1 1 1 1
 1 1 1 1 1
 1 1 1 1 1
 1 1 1 1 1
 1 1 1 1 1
 1 1 1 1 1
 1 1 1 1 1
 1 1 1 1 1
 1 1 1 1 1
 1 1 1 1 1
 1 1 1 1 1
 1 1 1 1 1
 1 1 1 1 1
 1 1 1 1 1
 1 1 1 1 1
 1 1 1 1 1
 1 1 1 1 1
 1 1 1 1 1
 1 1 1 1 1
 1 1 1 1 1
 1 1 1 1 1
 1 1 1 1 1
pf_obs 
 0.8446 0.082 0.0669 0.0065 0
 0.8095 0.147 0.0364 0.0071 0
 0.9664 0.0169 0.016 0.0007 0
 0.9276 0.0648 0.0075 0.0001 0
 0.7033 0.2144 0.0806 0.0017 0
 0.9318 0.0425 0.0243 0.0014 0
 0.5671 0.3108 0.0964 0.0239 0.0018
 0.0768 0.2599 0.5324 0.112 0.0189
 0.490249 0.384438 0.106611 0.0170017 0.00170017
 0.7925 0.1577 0.0466 0.003 0.0002
 0.840416 0.127587 0.0312969 0.00059994 9.999e-05
 0.8084 0.0986 0.0794 0.0134 0.0002
 0.7335 0.1905 0.0724 0.0035 0.0001
 0.4001 0.4547 0.1325 0.0127 0
 0.49795 0.308269 0.164784 0.0264974 0.00249975
 0.9179 0.0499 0.0305 0.0017 0
 0.2467 0.6533 0.0926 0.0074 0
 0.9418 0.0223 0.034 0.0019 0
 0.707729 0.231977 0.0356964 0.0245975 0
 0.517169 0.277429 0.184464 0.0207286 0.00020938
 0.811772 0.124168 0.05621 0.00726502 0.000585176
 0.764997 0.148141 0.077277 0.00933861 0.000247198
 0.163321 0.427699 0.378323 0.0303852 0.000271297
 0.753843 0.0900009 0.118128 0.0371064 0.000921714
 0.721811 0.176058 0.0630433 0.0369309 0.00215725
 0.143369 0.312575 0.442814 0.0836902 0.0175525
 0.692698 0.0596174 0.167031 0.0765114 0.00414204
 0.394062 0.376323 0.152708 0.0712218 0.00568511
 0.125707 0.32114 0.495352 0.0537591 0.00404204
 0.23352 0.215282 0.420074 0.123614 0.00750983
 0.796117 0.104755 0.0508955 0.0450114 0.00322123
pf_pred 
 0.451573 0.121199 0.403621 0.0236061 8.08994e-07
 0.413858 0.301809 0.0635624 0.208581 0.0121899
 0.565385 0.208312 0.117452 0.0243494 0.0845018
 0.757665 0.15245 0.0434441 0.024113 0.0223279
 0.651355 0.280526 0.0431228 0.0120868 0.0129089
 0.737656 0.184695 0.0626579 0.0094934 0.00549841
 0.464475 0.420045 0.0816737 0.0272837 0.00652257
 0.43855 0.300917 0.205132 0.0391941 0.016208
 0.515885 0.241252 0.131029 0.0880668 0.023767
 0.682766 0.184706 0.0665849 0.0355919 0.0303517
 0.805644 0.143696 0.0297058 0.0105329 0.010422
 0.545048 0.382406 0.0538396 0.0109719 0.00773371
 0.612645 0.238876 0.125165 0.0173065 0.00600693
 0.863553 0.0938022 0.0265028 0.0136098 0.00253221
 0.67315 0.293252 0.023242 0.00643869 0.00391745
 0.915042 0.0622487 0.0204124 0.00158964 0.000707637
 0.377454 0.581951 0.029882 0.00962996 0.00108277
 0.910813 0.0393444 0.0466416 0.00235666 0.000844137
 0.644207 0.331029 0.011022 0.0128595 0.000881731
 0.557561 0.311269 0.122184 0.00400143 0.00498423
 0.643532 0.221895 0.0951312 0.0367421 0.00269969
 0.72472 0.193321 0.0513304 0.021657 0.00897143
 0.369444 0.490697 0.0987373 0.0257636 0.0153585
 0.805793 0.0840325 0.0860438 0.0170397 0.00709057
 0.642424 0.301483 0.0244842 0.0246906 0.00691857
 0.43939 0.391153 0.143222 0.0114567 0.0147786
 0.72673 0.136891 0.0955827 0.0344846 0.00631177
 0.683551 0.245023 0.0360529 0.0247976 0.0105755
 0.355705 0.473193 0.132935 0.0192723 0.0188938
 0.431555 0.235338 0.245613 0.06799 0.0195044
 0.825736 0.0864379 0.036691 0.0377121 0.0134231
pobs_RECLAS
 0 0 0 0 0
 0 0 0 0 0
 0 0 0 0 0
 0 0 0 0 0
 0 0 0 0 0
 0 0 0 0 0
 0 0 0 0 0
 0 0 0 0 0
 0 0 0 0 0
 0 0 0 0 0
 0.991045 0.00858322 0.000360255 1.14367e-05 0
 0.934742 0.0480273 0.0164251 0.00080598 0
 0.827803 0.169806 0.00239088 0 0
 0.941827 0.0461693 0.0120037 0 0
 0.791401 0.0380133 0.147996 0.0225897 0
 0.846168 0.0940531 0.0597789 0 0
 0.134021 0.677848 0.182769 0.00536245 0
 0.80878 0.0450904 0.141981 0.00414843 0
 0.846168 0.0940531 0.0597789 0 0
 0.905697 0.0802665 0.012482 0.00150086 5.37128e-05
 0.989698 0.0102097 9.19794e-05 0 0
 0.975433 0.0193895 0.00387452 0.00125025 5.28907e-05
 0.303575 0.632131 0.0575291 0.00676475 0
 0.966965 0.00978017 0.0227588 0.000495775 0
 0.843318 0.132988 0.00938335 0.0141283 0.000182051
 0.564624 0.303363 0.111486 0.0197234 0.00080311
 0.826376 0.0876187 0.0782897 0.00655872 0.00115652
 0.89761 0.0855135 0.0140674 0.00269457 0.000114338
 0.34875 0.467042 0.161289 0.0227151 0.000203297
 0.318654 0.224769 0.449479 0.00709798 0
 0.937255 0.0296025 0.0250945 0.00804832 0
ppred_RECLAS
 0.514331 0.108543 0.356302 0.0208227 7.13577e-07
 0.475618 0.271999 0.0564542 0.185112 0.0108179
 0.625679 0.180812 0.10047 0.0208129 0.0722256
 0.800774 0.126036 0.0353899 0.0196273 0.0181735
 0.70426 0.238637 0.0361602 0.0101276 0.010816
 0.782485 0.153798 0.0514237 0.00778529 0.00450892
 0.527342 0.371946 0.0712458 0.0237813 0.00568502
 0.499658 0.269965 0.181417 0.0346368 0.0143228
 0.578009 0.211875 0.113403 0.0761606 0.020553
 0.734664 0.155467 0.0552226 0.0294952 0.0251516
 0.840907 0.118072 0.0240614 0.00852505 0.00843498
 0.606595 0.331476 0.0459705 0.00936081 0.00659781
 0.673015 0.202862 0.104648 0.0144575 0.00501787
 0.891478 0.0749725 0.0208567 0.0107016 0.00199103
 0.725608 0.246569 0.0192516 0.00532901 0.00324216
 0.932691 0.0495144 0.0159958 0.00124471 0.000554065
 0.436526 0.527239 0.0266784 0.00859087 0.000965897
 0.929259 0.0314635 0.0367573 0.00185579 0.000664704
 0.698494 0.280816 0.00921309 0.0107407 0.000736417
 0.617745 0.2701 0.104478 0.0034189 0.00425845
 0.698461 0.188754 0.079747 0.0307764 0.00226126
 0.772178 0.160717 0.04204 0.0177232 0.00734154
 0.428584 0.446135 0.0884661 0.0230656 0.0137496
 0.841977 0.0689458 0.0695793 0.0137686 0.00572915
 0.696299 0.256655 0.0205438 0.0207011 0.00580045
 0.500324 0.350166 0.126379 0.0101016 0.0130301
 0.773241 0.114425 0.0787486 0.0283894 0.00519595
 0.73384 0.206771 0.0299886 0.0206107 0.00878956
 0.413455 0.432444 0.119749 0.0173473 0.0170059
 0.493738 0.211403 0.217455 0.0601492 0.0172544
 0.858804 0.0705648 0.0295211 0.0303193 0.0107913
pobs_PELACES
 0 0 0 0 0
 0 0 0 0 0
 0 0 0 0 0
 0 0 0 0 0
 0 0 0 0 0
 0 0 0 0 0
 0 0 0 0 0
 0 0 0 0 0
 0 0 0 0 0
 0 0 0 0 0
 0 0 0 0 0
 0 0 0 0 0
 0 0 0 0 0
 0 0 0 0 0
 0 0 0 0 0
 0 0 0 0 0
 0.505614 0.472636 0.0217494 0 0
 0 0 0 0 0
 0.443492 0.261883 0.143347 0.151278 0
 0.227955 0.32914 0.350689 0.0885471 0.00366901
 0.970185 0.0296113 0.000203453 0 0
 0.997202 0.00247181 0.000326279 0 0
 0.445219 0.490057 0.0546422 0.010081 0
 0.90214 0.0892962 0.00764917 0.000914606 0
 0 0 0 0 0
 0.581667 0.319106 0.0959925 0.00289975 0.000334073
 0.762889 0.0836404 0.116647 0.0363945 0.000428098
 0.88444 0.0763242 0.0277011 0.0115352 0
 0.521256 0.241999 0.230069 0.00667565 0
 0.616807 0.101726 0.260614 0.0208532 0
 0.833518 0.0704572 0.0857862 0.0102388 0
ppred_PELACES
 0.516903 0.108024 0.354364 0.0207087 7.09668e-07
 0.480215 0.269777 0.0559255 0.183366 0.0107158
 0.629872 0.178898 0.0992903 0.0205671 0.0713726
 0.804757 0.123593 0.0346465 0.0192132 0.01779
 0.705902 0.237336 0.0359442 0.0100668 0.010751
 0.785056 0.152025 0.0507798 0.0076874 0.00445221
 0.535327 0.365831 0.0699247 0.0233376 0.00557894
 0.500927 0.269322 0.180925 0.0345421 0.0142836
 0.582823 0.209596 0.112038 0.0752388 0.0203041
 0.739546 0.152714 0.0541549 0.0289224 0.024663
 0.841697 0.117497 0.023935 0.00848006 0.00839046
 0.614923 0.32458 0.0449086 0.00914343 0.00644455
 0.684148 0.196208 0.100875 0.0139338 0.00483604
 0.896027 0.0719019 0.0199391 0.010229 0.00190309
 0.731844 0.241018 0.0187784 0.00519742 0.00316208
 0.9346 0.0481363 0.0155188 0.00120745 0.000537478
 0.441641 0.522501 0.0264017 0.00850111 0.000955801
 0.930556 0.030909 0.0360627 0.0018206 0.000652096
 0.703553 0.276136 0.0090448 0.0105435 0.000722899
 0.622867 0.266594 0.102973 0.00336939 0.00419677
 0.702643 0.186229 0.0785769 0.0303227 0.00222792
 0.777632 0.156967 0.0409741 0.0172719 0.00715456
 0.433437 0.442476 0.0876247 0.0228447 0.0136178
 0.843918 0.0681362 0.0686966 0.0135932 0.00565616
 0.699117 0.25431 0.0203379 0.0204926 0.00574201
 0.502938 0.348407 0.125657 0.0100435 0.0129552
 0.775509 0.113329 0.0779281 0.0280923 0.00514156
 0.735975 0.205147 0.0297313 0.0204331 0.0087138
 0.415936 0.430692 0.119183 0.0172647 0.0169249
 0.49745 0.209973 0.215775 0.0596814 0.0171202
 0.860695 0.0696564 0.0291112 0.0298966 0.0106408
pobs_pel_tallas
 0 0 0 0 0 0 0 0 0 0 0 0 0 0 0 0 0 0 0 0 0 0 0 0 0 0
 0 0 0 0 0 0 0 0 0 0 0 0 0 0 0 0 0 0 0 0 0 0 0 0 0 0
 0 0 0 0 0 0 0 0 0 0 0 0 0 0 0 0 0 0 0 0 0 0 0 0 0 0
 0 0 0 0 0 0 0 0 0 0 0 0 0 0 0 0 0 0 0 0 0 0 0 0 0 0
 0 0 0 0 0 0 0 0 0 0 0 0 0 0 0 0 0 0 0 0 0 0 0 0 0 0
 0 0 0 0 0 0 0 0 0 0 0 0 0 0 0 0 0 0 0 0 0 0 0 0 0 0
 0 0 0 0 0 0 0 0 0 0 0 0 0 0 0 0 0 0 0 0 0 0 0 0 0 0
 0 0 0 0 0 0 0 0 0 0 0 0 0 0 0 0 0 0 0 0 0 0 0 0 0 0
 0 0 0 0 0 0 0 0 0 0 0 0 0 0 0 0 0 0 0 0 0 0 0 0 0 0
 0 0 0 0 0 0 0 0 0 0 0 0 0 0 0 0 0 0 0 0 0 0 0 0 0 0
 0 0 0 0 0 0 0 0 0 0 0 0 0 0 0 0 0 0 0 0 0 0 0 0 0 0
 0 0 0 0 0 0 0 0 0 0 0 0 0 0 0 0 0 0 0 0 0 0 0 0 0 0
 0.00862536 0 0 0.000197151 0.00414017 0.0128641 0.00837892 0.0270097 0.101434 0.158115 0.152841 0.127902 0.109271 0.109419 0.0830992 0.0579132 0.0238553 0.00714673 0.00463305 0.00128148 0.00103504 0.000492878 0.000147863 0.000147863 4.92878e-05 0
 0 0 0 0 0 0 0 0 0 0 0 0 0 0 0 0 0 0 0 0 0 0 0 0 0 0
 0 0 0 0 0 0 0 0.0054083 0.00873648 0.0413646 0.0450493 0.0745869 0.0622846 0.0627006 0.0613931 0.0827291 0.12552 0.122667 0.0946155 0.0697135 0.0546179 0.0294188 0.0215738 0.0213955 0.0102223 0.00600262
 0 0 0 0 0.00359764 0.0251062 0.0480494 0.140153 0.205849 0.193036 0.1447 0.116669 0.0760912 0.0342217 0.00950174 0.001854 0.000860785 0 0 0 0.000165536 0 0.000143464 0 0 0
 0 0 0 0 0 0 0 0.000145254 0.000435761 0.0275982 0.070085 0.0708112 0.156366 0.174668 0.174014 0.160142 0.0824315 0.0480064 0.0283245 0.00493863 0.00203355 0 0 0 0 0
 0 0 0 0 0 0 0 0 0 0 0 0 0 0 0 0 0 0 0 0 0 0 0 0 0 0
 0 0 1.00437e-05 0.000401748 0.00122533 0.00171747 0.00176769 0.0269171 0.070346 0.194647 0.189555 0.159765 0.064822 0.0314167 0.0384472 0.0292271 0.0345202 0.0313363 0.0194345 0.0106764 0.0143323 0.0359363 0.0279516 0.0138201 0.00172751 0
 0 0.0021121 0.0136068 0.0755702 0.200478 0.177729 0.0527432 0.0373336 0.0318909 0.0142505 0.0149659 0.0166563 0.0217959 0.0798694 0.0677717 0.0528807 0.04013 0.0224614 0.0357745 0.0225083 0.00881397 0.00855152 0.00135912 0.000746735 0 0
 0 0 0 0 5.4009e-05 0.00500934 0.000945158 0.0243581 0.138947 0.33067 0.221406 0.137944 0.0707744 0.0437923 0.0131692 0.00525238 0.0047753 0.00276346 9.45158e-05 9.00151e-06 2.25038e-05 9.00151e-06 4.50075e-06 0 0 0
 0.000866109 0.00284123 0.00948549 0.0512746 0.133035 0.25785 0.225252 0.132002 0.0553304 0.0519788 0.0540692 0.017754 0.00435017 0.00159236 0.00146478 0.000404838 0.000125132 0.000115318 0.000107957 0.000100596 0 0 0 0 0 0
 0 0 0 0 0.00144013 0.00171154 0.00461396 0.0210425 0.0478622 0.0707936 0.0888783 0.103762 0.0637923 0.0337046 0.0602308 0.124433 0.169614 0.0934646 0.0462172 0.0250306 0.0313229 0.00938855 0.002487 0.000210481 0 0
 0 0.00764035 0.051015 0.0998891 0.058973 0.0496711 0.0374665 0.0718981 0.12319 0.153886 0.159021 0.0857701 0.0377988 0.023471 0.0147837 0.00900784 0.00315554 0.000888139 0.00291439 0.00214683 0.00393193 0.00274676 0.000635225 9.99891e-05 0 0
 0 0 0 0 0 0 0 0 0 0 0 0 0 0 0 0 0 0 0 0 0 0 0 0 0 0
 0 0 0 0 0 0 0 0 0 0 0 0 0 0 0 0 0 0 0 0 0 0 0 0 0 0
 0 0 0 0 0 0 0 0 0 0 0 0 0 0 0 0 0 0 0 0 0 0 0 0 0 0
 0 0 0 0 0 0 0 0 0 0 0 0 0 0 0 0 0 0 0 0 0 0 0 0 0 0
 0 0 0 0 0 0 0 0 0 0 0 0 0 0 0 0 0 0 0 0 0 0 0 0 0 0
 0 0 0 0 0 0 0 0 0 0 0 0 0 0 0 0 0 0 0 0 0 0 0 0 0 0
 0 0 0 0 0 0 0 0 0 0 0 0 0 0 0 0 0 0 0 0 0 0 0 0 0 0
ppred_pel_tallas
 1.12331e-16 4.25766e-05 0.00041386 0.00275025 0.0125022 0.0388991 0.0828791 0.120967 0.120978 0.0829328 0.039081 0.0130342 0.00411105 0.00346833 0.00608863 0.0106359 0.0167977 0.0241978 0.0323634 0.0408909 0.049355 0.0569638 0.0623673 0.0640104 0.0609183 0.0533521
 1.21886e-16 3.95547e-05 0.000384486 0.00255505 0.0116149 0.0361384 0.0769976 0.112386 0.112412 0.0771251 0.0365669 0.0128541 0.00567099 0.00720549 0.0130526 0.0216804 0.0316428 0.0407407 0.0468441 0.0491871 0.0488988 0.0482007 0.048857 0.0510704 0.0535282 0.054347
 1.17052e-16 5.18817e-05 0.000504309 0.00335131 0.0152346 0.0474005 0.100992 0.147405 0.147423 0.101077 0.0476862 0.0160615 0.00543386 0.00507326 0.00879702 0.0146424 0.0215228 0.0280065 0.0326904 0.0350035 0.0355427 0.0355795 0.0361286 0.0373203 0.0384662 0.0386049
 1.05969e-16 6.62868e-05 0.000644331 0.00428181 0.0194645 0.0605613 0.129033 0.18833 0.188341 0.129091 0.0607575 0.0200316 0.00570721 0.00376224 0.00600658 0.00987598 0.0143437 0.0183082 0.020705 0.0210758 0.0198427 0.0179972 0.0164529 0.0155677 0.0151214 0.0146314
 1.03927e-16 5.81442e-05 0.000565183 0.00375584 0.0170735 0.0531222 0.113183 0.165199 0.165222 0.113295 0.0534976 0.018158 0.00647837 0.00650968 0.0113515 0.0186842 0.0269347 0.0339273 0.037488 0.0366249 0.032118 0.0259802 0.0202376 0.0159759 0.0132066 0.0113536
 1.03029e-16 6.4664e-05 0.000628557 0.00417698 0.018988 0.0590787 0.125874 0.18372 0.183735 0.125946 0.0593201 0.0196858 0.00593077 0.00446456 0.00737189 0.0121422 0.0176188 0.0224355 0.025237 0.0253869 0.0233156 0.0201685 0.0170571 0.0145153 0.0124838 0.010655
 1.05396e-16 4.40943e-05 0.000428612 0.00284828 0.0129479 0.0402859 0.0858346 0.125286 0.125321 0.0860071 0.0408651 0.0146212 0.00705011 0.00960667 0.017491 0.0288889 0.0417122 0.052669 0.0584282 0.0574537 0.0508989 0.0417742 0.033087 0.0264168 0.0217551 0.0182791
 1.11172e-16 4.12608e-05 0.00040107 0.00266525 0.0121159 0.0376971 0.0803185 0.117233 0.117259 0.0804466 0.0381278 0.0133629 0.00580688 0.00729669 0.0132472 0.0221229 0.0325387 0.0423316 0.0492882 0.052347 0.0521066 0.0501519 0.0477978 0.0453233 0.0421849 0.0377881
 1.14269e-16 4.80064e-05 0.000466639 0.00310098 0.0140966 0.04386 0.0934491 0.136396 0.136416 0.0935486 0.0441947 0.0150654 0.00554067 0.00581899 0.0102922 0.01715 0.0252052 0.0327834 0.0382243 0.0408228 0.0412145 0.0407979 0.040662 0.0408973 0.0407326 0.0392162
 1.08677e-16 6.09154e-05 0.00059212 0.00393484 0.0178872 0.0556539 0.118577 0.17307 0.173085 0.118649 0.0558968 0.0185895 0.00570076 0.00445817 0.00743633 0.0122862 0.0179071 0.0229849 0.0262365 0.0271135 0.0261259 0.024447 0.0231176 0.0224767 0.0221659 0.0215472
 1.02992e-16 6.93295e-05 0.000673907 0.00447835 0.0203579 0.0633412 0.134956 0.196974 0.196985 0.135011 0.0635273 0.0208957 0.00582887 0.00362462 0.00568083 0.00930218 0.0134426 0.0170117 0.0189512 0.018785 0.0168979 0.0142617 0.0118297 0.0100748 0.00894041 0.00809919
 1.03387e-16 5.06505e-05 0.000492341 0.00327178 0.0148731 0.0462758 0.0985965 0.143911 0.143942 0.0987494 0.046789 0.0163554 0.00699271 0.00861496 0.0154764 0.0255038 0.0367307 0.0461825 0.050859 0.0493748 0.0427784 0.0338288 0.0253368 0.0188631 0.0145229 0.0116277
 1.05177e-16 5.63524e-05 0.000547765 0.00364009 0.0165474 0.051485 0.109695 0.160107 0.160126 0.109788 0.0517977 0.017452 0.00591648 0.00553568 0.00958362 0.0158962 0.0232237 0.0298928 0.0342137 0.0353742 0.0338511 0.0309433 0.0278421 0.0250106 0.0222549 0.0192191
 1.01942e-16 7.38046e-05 0.000717407 0.00476742 0.021672 0.0674297 0.143666 0.209687 0.209694 0.1437 0.0675438 0.0220017 0.00559604 0.00252936 0.00352418 0.00573369 0.00831041 0.0105748 0.0118891 0.0119655 0.0110273 0.00963699 0.00833023 0.00734766 0.00662358 0.00595847
 1.0166e-16 6.0281e-05 0.000585953 0.00389387 0.017701 0.0550744 0.117343 0.17127 0.171293 0.117456 0.055455 0.0188 0.00665144 0.00660184 0.0114741 0.0188435 0.0270689 0.0338931 0.0370599 0.0355323 0.0301166 0.0229317 0.0161649 0.0110742 0.00780597 0.00584922
 1.00673e-16 7.69818e-05 0.00074829 0.00497265 0.022605 0.0703324 0.149851 0.218713 0.218717 0.149874 0.0704088 0.0228258 0.0055276 0.00196183 0.00238781 0.00384148 0.00556278 0.00707043 0.0079273 0.00792712 0.00720327 0.00611957 0.00503479 0.00413073 0.00340496 0.00277589
 1.0191e-16 3.63775e-05 0.000353602 0.00234981 0.0106819 0.0332357 0.0708141 0.103366 0.103416 0.0710598 0.0340604 0.0130628 0.00832223 0.013379 0.0247372 0.0407416 0.0584603 0.0730399 0.0795587 0.0757489 0.0633724 0.0470838 0.031727 0.0201459 0.0127544 0.00849228
 1.01342e-16 7.66486e-05 0.000745052 0.00495113 0.0225071 0.0700281 0.149202 0.217766 0.217769 0.149217 0.070078 0.0226519 0.00531688 0.00155128 0.00163059 0.00263357 0.00392366 0.00521891 0.00627775 0.00697248 0.00732986 0.00745286 0.00739693 0.00711954 0.00654055 0.00564338
 1.01512e-16 5.79508e-05 0.000563302 0.00374334 0.0170167 0.0529455 0.112807 0.16465 0.164677 0.112937 0.0533812 0.0182746 0.00689853 0.0074438 0.013104 0.0215163 0.0308607 0.0385406 0.0419569 0.0399241 0.0333952 0.0248556 0.0168823 0.0109728 0.00731185 0.00528378
 1.04088e-16 5.13048e-05 0.000498701 0.00331404 0.0150652 0.0468735 0.0998699 0.145768 0.145794 0.099996 0.0472971 0.01629 0.00639333 0.00723631 0.0128924 0.0213497 0.0310204 0.0395665 0.0446105 0.0450082 0.0414559 0.0358849 0.0301783 0.0252579 0.0210827 0.0172445
 1.05734e-16 5.78758e-05 0.000562573 0.0037385 0.0169947 0.0528769 0.11266 0.164435 0.164453 0.112749 0.0531732 0.0178518 0.00589447 0.00528375 0.00906761 0.0150132 0.0218905 0.0280969 0.0320309 0.0329512 0.0313726 0.0286115 0.0258681 0.0235953 0.0215407 0.0192308
 1.04166e-16 6.40526e-05 0.000622614 0.00413749 0.0188084 0.0585201 0.124684 0.181983 0.181998 0.124758 0.058769 0.0195279 0.00594521 0.00457472 0.00758718 0.0124879 0.0180932 0.0229889 0.0257808 0.0258364 0.0236488 0.0204635 0.0174798 0.0152567 0.0136762 0.0123089
 1.07238e-16 3.57017e-05 0.000347034 0.00230616 0.0104835 0.0326183 0.0694983 0.101444 0.101487 0.069707 0.0333189 0.0125077 0.00738926 0.0114507 0.021145 0.034957 0.0504874 0.0637743 0.070796 0.0696989 0.0618793 0.050975 0.040617 0.0327063 0.027221 0.0231499
 1.04321e-16 6.95124e-05 0.000675685 0.00449017 0.0204116 0.0635083 0.135311 0.197492 0.197499 0.135344 0.063618 0.0207299 0.0052937 0.00244535 0.00347611 0.00575636 0.00856578 0.0113599 0.0136213 0.0150978 0.0159001 0.0163178 0.0165199 0.0164098 0.01574 0.0143467
 1.03679e-16 5.75854e-05 0.000559751 0.00371974 0.0169094 0.0526116 0.112096 0.163612 0.163636 0.112215 0.0530134 0.0180696 0.0066311 0.0069126 0.0121153 0.0199194 0.0286488 0.0359502 0.0394759 0.0381692 0.0329101 0.025937 0.0195162 0.0148817 0.0120578 0.0103745
 1.06915e-16 4.14264e-05 0.000402679 0.00267595 0.0121645 0.0378484 0.0806413 0.117705 0.117739 0.080806 0.0384018 0.0137645 0.00669797 0.00920172 0.0168078 0.0278655 0.040473 0.0515942 0.0581338 0.0586246 0.0540254 0.0469193 0.0398114 0.0339043 0.0290771 0.0246729
 1.05966e-16 6.38776e-05 0.000620913 0.00412619 0.0187571 0.0583602 0.124343 0.181485 0.181496 0.124397 0.0585416 0.0192824 0.00545003 0.00352809 0.00563602 0.00935032 0.0137789 0.0179946 0.0210897 0.0226442 0.0229258 0.0225917 0.0221487 0.0216318 0.0207109 0.0190466
 1.04435e-16 6.06213e-05 0.000589261 0.00391585 0.0178009 0.0553853 0.118005 0.172236 0.172255 0.118102 0.0557098 0.0187384 0.00626971 0.00572939 0.00982777 0.0161658 0.0233188 0.0294105 0.03258 0.0319932 0.0283452 0.0233825 0.0188353 0.0155869 0.0135661 0.0121911
 1.08146e-16 3.42602e-05 0.000333021 0.00221304 0.0100602 0.0313012 0.0666921 0.0973478 0.0973894 0.0668955 0.0319843 0.0120342 0.00717259 0.0111748 0.020669 0.0342316 0.0495793 0.0629148 0.0703699 0.070141 0.0635084 0.0538491 0.0444859 0.0370874 0.0315568 0.0269743
 1.15163e-16 4.09743e-05 0.000398285 0.00264675 0.0120317 0.0374353 0.0797606 0.116417 0.116438 0.0798612 0.0377738 0.0130134 0.00512607 0.00586096 0.0105638 0.0177884 0.0265353 0.0352956 0.0425239 0.0474807 0.0505259 0.0525324 0.0539482 0.0543553 0.0528474 0.0487989
 1.05657e-16 7.08943e-05 0.000689118 0.00457943 0.0208174 0.0647708 0.138001 0.201418 0.201425 0.138034 0.0648818 0.0211387 0.005388 0.00246166 0.00345969 0.00566793 0.00830527 0.0107672 0.0125024 0.0132949 0.0133927 0.0133091 0.0134468 0.0138444 0.0142051 0.0141276
pSPR Fmed_Fpbrs
0.629144   0.6 0.325
Fs Fmed_Fpbrs
0.255104   0.283646 0.694315
SSBpbr Bo_Bmed_Bpbrs
1.78205e+06  1.03206e+06  980126 490063
Ro
169798
SPR SPRFo_SPRFmed_SPRFpbrs
1.21195e+06 762493 393885
Fref
0.283646
Nvult_r0
 203276 17435.1 7314.96 7513.88 2674.38
CTP_r0
 29710.1 3110.05 1320.15 1356.89 482.966
YTP_r0
391302
Np
 231226 68244.2 25407.3 2032.08 1083.72
Nvult_p0
 162982 49258.7 18367.2 1469.14 783.502
CTP_p0
 29423.6 14396.6 1170.77 489.362 650.885
 29423.6 10757.8 4056.07 324.623 173.129
YTP_p0
 509450 498166
CBA_c0
506065
log_Ro
11.8624
likeval ReclasPelacesDesembMPH_pf_preclas_ppelaces_ptallas_desvR_qrecl_qpela
 19.0863 18.4465 0.0892946 54.9259 247.267 121.457 99.425 0 22.0547 2.70315e-08 2.0957e-06 0.410058 6.0789e-16 0 0
q_reclas_q_pelaces
0.976971 1.2287
M
1
N
 194911 41747.9 137178 8017.3 0.274747
 109277 64204.4 13350.2 43779.3 2558.46
 110803 32871.9 18298.1 3790.9 13155.4
 205199 33519.9 9435.87 5233.84 4846.21
 166888 57221.3 8677.58 2430.48 2595.69
 279671 56222.3 18827.2 2850.57 1650.94
 117550 86977.5 16714.5 5580.14 1333.97
 55594.6 30262.6 20346.8 3884.79 1606.41
 51271.6 19346.2 10375.1 6968.57 1880.58
 69214 15200.4 5412.86 2891.48 2465.68
 136322 19310.4 3937.55 1395.13 1380.39
 81542.9 46962.1 6536.1 1331.18 938.266
 62398.4 20281 10515.6 1453.18 504.371
 144936 13086.9 3658.22 1877.51 349.316
 88096.8 31391.3 2458.86 680.749 414.17
 409365 22752.3 7373.08 573.828 255.434
 85848.4 106988 5425.13 1747.18 196.441
 717348 25004.4 29269 1477.88 529.347
 509713 212518 6989.55 8149.51 558.763
 316553 142952 55416.9 1813.66 2259.04
 328876 91532.2 38748.8 14955.7 1098.86
 445566 97145.5 25491.1 10748.3 4452.36
 108156 115960 23040.3 6007.92 3581.38
 381625 31925 32265.1 6385.2 2656.92
 318324 119708 9594.94 9669.1 2709.29
 141898 100865 36441.6 2913 3757.5
 308290 46497.2 32041.1 11551.8 2114.27
 343643 98422.5 14290.3 9822.08 4188.71
 105387 111917 31023 4494.38 4405.93
 79110.2 34613.4 35656.5 9863.52 2829.46
 294603 24768.8 10378.3 10659.8 3794.06
pred_Ctot
 13003.1 3489.95 11622.3 679.742 0.0232951
 12801.4 9335.51 1966.1 6451.79 377.056
 12644.2 4658.69 2626.68 544.55 1889.79
 32103.8 6459.63 1840.81 1021.72 946.077
 8951.87 3855.4 592.657 166.115 177.413
 27711.4 6938.4 2353.86 356.637 206.558
 22961 20764.7 4037.49 1348.75 322.439
 1908.87 1309.8 892.876 170.6 70.5483
 6402.79 2994.25 1626.24 1093.02 294.979
 10811.3 2924.74 1054.34 563.582 480.606
 5507.43 982.313 203.071 72.0034 71.2456
 17234.3 12091.6 1702.39 346.93 244.538
 17740.6 6917.24 3624.47 501.152 173.946
 39321.2 4271.21 1206.79 619.711 115.303
 17076 7439 589.585 163.332 99.3749
 77039.8 5240.88 1718.58 133.836 59.5779
 11518.9 17759.6 911.919 293.881 33.0432
 89856.7 3881.54 4601.45 232.497 83.2787
 78276.2 40222.6 1339.26 1562.53 107.137
 43669.7 24379.4 9569.78 313.402 390.378
 41705.3 14380.3 6165.16 2381.14 174.959
 84745.6 22606.2 6002.36 2532.48 1049.08
 13755.9 18270.7 3676.41 959.289 571.862
 36007.2 3755.03 3844.9 761.426 316.845
 28246.5 13255.8 1076.54 1085.61 304.2
 9894.67 8808.43 3225.23 257.994 332.801
 26058.5 4908.5 3427.32 1236.52 226.322
 25168.4 9021.77 1327.47 913.049 389.392
 7208.21 9589.06 2693.87 390.545 382.874
 7546.03 4115.04 4294.71 1188.85 341.048
 29710.1 3110.05 1320.15 1356.89 482.966
F
 0.110473 0.140115 0.142122 0.14223 0.142235
 0.201268 0.255272 0.258929 0.259124 0.259135
 0.195614 0.248101 0.251655 0.251845 0.251855
 0.277057 0.351397 0.356431 0.3567 0.356714
 0.0880103 0.111625 0.113224 0.11331 0.113314
 0.167966 0.213035 0.216086 0.216249 0.216258
 0.356948 0.452725 0.45921 0.459557 0.459575
 0.0555883 0.0705039 0.0715138 0.0715678 0.0715706
 0.215812 0.273719 0.27764 0.27785 0.277861
 0.276559 0.350765 0.35579 0.356058 0.356072
 0.06568 0.0833033 0.0844966 0.0845604 0.0845637
 0.391443 0.496476 0.503588 0.503968 0.503988
 0.56193 0.712709 0.722918 0.723463 0.723492
 0.529765 0.671913 0.681538 0.682052 0.682079
 0.353771 0.448695 0.455122 0.455466 0.455484
 0.341887 0.433623 0.439834 0.440166 0.440184
 0.23353 0.296191 0.300434 0.300661 0.300673
 0.216536 0.274637 0.278571 0.278781 0.278792
 0.271336 0.344141 0.349071 0.349334 0.349348
 0.240801 0.305413 0.309788 0.310022 0.310034
 0.219472 0.278361 0.282349 0.282562 0.282573
 0.346098 0.438963 0.445251 0.445587 0.445605
 0.220183 0.279263 0.283264 0.283478 0.283489
 0.159387 0.202154 0.20505 0.205205 0.205213
 0.149284 0.189341 0.192053 0.192198 0.192205
 0.115718 0.146768 0.148871 0.148983 0.148989
 0.14177 0.17981 0.182385 0.182523 0.18253
 0.121847 0.154541 0.156755 0.156873 0.156879
 0.113398 0.143826 0.145886 0.145996 0.146002
 0.161256 0.204524 0.207454 0.207611 0.207619
 0.171175 0.217106 0.220215 0.220382 0.22039
YTP_r0W_actual
 246594 43851.8 36436.1 46405.6 18014.6
YTP_p0W_proyectada
 220383 225595 27079.9 14372.6 22019.4
 220383 168575 93817 9534.18 5856.96
CTP_r0_actual
 29710.1 3110.05 1320.15 1356.89 482.966
CTP_p0_proyectada
 29423.6 14396.6 1170.77 489.362 650.885
 29423.6 10757.8 4056.07 324.623 173.129
Wmedp
 7.49 15.67 23.13 29.37 33.83
Frms_r0
 0.171175 0.217106 0.220215 0.220382 0.22039
Zrms_r0
 1.17118 1.21711 1.22022 1.22038 1.22039
nmprior
 8.19 8.8 8.5 0
nm_flota  nm_reclas  nm_pelaces    nm_pelaL
inf 12.0429 20.9015 52.0271
cv_recla  cv_pelaces  cv_mph
0.395172 0.487 0.686144
 ------------------------------------------------
Talla a la edad & desviaci?n 
 8 13.2811 15.8009 17.003 17.5766
 0.8 1.32811 1.58009 1.7003 1.75766
