years
 1991 1992 1993 1994 1995 1996 1997 1998 1999 2000 2001 2002 2003 2004 2005 2006 2007 2008 2009 2010 2011 2012 2013 2014 2015 2016 2017 2018 2019 2020 2021
reclasobs
 0 0 0 0 0 0 0 0 0 252601 567819 844713 477998 351125 339783 2.1784e+06 2.13404e+06 4.81314e+06 1.55562e+06 2.62356e+06 3.21686e+06 3.843e+06 1.13348e+06 3.07943e+06 1.97215e+06 2.03268e+06 2.025e+06 2.42433e+06 2.27542e+06 1.05018e+06 2.36338e+06
reclaspred
 9.86756e+06 2.84536e+06 1.36555e+06 1.04735e+06 128117 9.27082e+06 9.33402e+06 6.01126e+06 2.71683e+06 211936 857962 1.25972e+06 296274 910427 405659 1.8434e+06 976584 3.10917e+06 3.39015e+06 2.54494e+06 2.69469e+06 2.77967e+06 1.29986e+06 3.18699e+06 2.56566e+06 1.4779e+06 1.97173e+06 3.54188e+06 3.17545e+06 717123 1.33613e+06
pelacesobs
 0 0 0 0 0 0 0 0 0 0 0 0 0 0 0 552880 188675 0 991730 2.46772e+06 1.41603e+06 1.21717e+06 2.29649e+06 1.80582e+06 0 1.4828e+06 1.56532e+06 1.57751e+06 1.42118e+06 867257 1.10002e+06
pelacespred
 1.12005e+07 3.15226e+06 926967 476308 50314.1 5.59742e+06 8.08963e+06 7.36506e+06 3.40468e+06 120995 475300 665446 104298 472661 182256 797339 490148 1.6544e+06 1.92581e+06 1.39695e+06 1.36373e+06 1.3486e+06 725756 2.00453e+06 1.75989e+06 1.03185e+06 1.33545e+06 2.50071e+06 2.45188e+06 533849 713891
mphobs
 0 0 0 0 0 0 0 0 0 0 0 498337 0 5186 125008 0 168611 109162 213762 579715 649985 157893 87575 83554 0 0 0 0 0 0 0
mphpred
 1.97768e+06 801895 139683 202538 57016.3 4416.28 1.98703e+06 1.12529e+06 611403 127552 4769.12 167036 99030.7 10443.6 67422.3 28130.2 253072 63462.8 393612 339971 338307 209901 334165 92254.1 437479 301294 114736 231120 632245 242052 30893.8
desembarqueobs
 494567 514787 250237 358949 120608 361735 552515 73892 212993 205616 52469 317467 293654 387597 252695 516296 358380 742168 942051 627588 828172 859565 418607 520667 417249 300574 415391 372974 316634 284311 391294
desembarquepred
 494487 514182 250239 358153 120423 361621 552132 73878.6 212772 205115 52448.8 316982 293083 386792 252210 515573 357826 741051 939875 626111 827211 858052 417759 520161 416624 300101 414826 372587 316165 283427 390879
Reclutas
 4237.63 2558.29 199649 30314.5 3017.68 769044 4011.63 1103.97 2322.14 3778.44 82512.9 89705.2 25951.8 103751 32669.2 262593 9963.19 350237 305779 203448 142322 408029 9348.66 189481 128287 20143.1 129343 192311 20205.8 7277.83 114017
log_desv_Rt
 -2.22427 -2.72893 1.62829 -0.256647 -2.56378 2.97688 -2.27907 -3.56936 -2.82578 -2.33896 0.744683 0.828257 -0.412032 0.973724 -0.18184 1.90233 -1.36937 2.19034 2.05459 1.64714 1.28982 2.34307 -1.43304 1.57602 1.186 -0.665409 1.1942 1.59084 -0.662301 -1.68344 1.06808
SSB
 1.88813e+06 765585 133358 193367 54434.6 4216.31 1.89705e+06 1.07433e+06 583718 121777 4553.18 159473 94546.6 9970.7 64369.5 26856.5 241613 60589.3 375789 324577 322989 200396 319034 88076.9 417670 287651 109541 220655 603617 231092 29494.9
BT
 2.32589e+06 1.05176e+06 501091 380525 110623 3.38891e+06 2.34211e+06 1.28509e+06 751345 253812 294419 503440 285226 669599 330949 826891 402225 1.52172e+06 1.67294e+06 1.00776e+06 1.1712e+06 1.31639e+06 513777 1.48223e+06 914408 514172 1.04431e+06 1.47435e+06 826111 393028 738872
Ftot
 0.275838 0.940636 0.93165 1.45827 2.9906 0.20516 0.28929 0.0693926 0.437141 3.15666 0.319664 1.16124 3.16201 1.94278 2.46526 1.34964 1.51613 1.17092 1.28389 1.1583 1.39506 1.44453 1.36939 0.826384 0.779034 0.955362 1.04089 0.533732 0.484878 1.72466 1.4091
BD_Bspro_t
 0.956826 0.653648 0.258457 0.342883 0.100858 0.012396 0.786256 0.631038 0.565348 0.242937 0.0227553 0.521965 0.222175 0.0309046 0.140366 0.0669051 0.263697 0.0846309 0.296733 0.237023 0.196164 0.138341 0.209978 0.0795521 0.31355 0.286187 0.171575 0.320172 0.528314 0.300124 0.0724141
BD_Bspro
 6.75101 2.73735 0.476821 0.691384 0.194631 0.0150754 6.78291 3.84128 2.08708 0.435412 0.0162799 0.570195 0.338051 0.0356502 0.230153 0.0960251 0.863886 0.216637 1.34363 1.16053 1.15485 0.716517 1.1407 0.314919 1.49338 1.0285 0.391664 0.788951 2.15823 0.826269 0.105459
BD_Bo
 1.22905 0.498346 0.0868074 0.12587 0.0354334 0.00274454 1.23486 0.699322 0.379963 0.0792687 0.00296382 0.103807 0.0615437 0.00649027 0.0419003 0.0174818 0.157274 0.0394397 0.244614 0.211279 0.210245 0.130445 0.20767 0.0573323 0.271876 0.187242 0.0713041 0.143632 0.392915 0.150426 0.0191993
BD_Brms
 2.23464 0.906084 0.157832 0.228854 0.0644243 0.00499008 2.2452 1.27149 0.690841 0.144125 0.00538877 0.188739 0.111898 0.0118005 0.0761824 0.0317851 0.285953 0.0717085 0.444753 0.384143 0.382263 0.237173 0.377582 0.104241 0.49432 0.34044 0.129644 0.261149 0.714392 0.273502 0.0349078
Sel_flota
 0.59437 1 1 1 1
 0.59437 1 1 1 1
 0.59437 1 1 1 1
 0.59437 1 1 1 1
 0.59437 1 1 1 1
 0.59437 1 1 1 1
 0.59437 1 1 1 1
 0.59437 1 1 1 1
 0.59437 1 1 1 1
 0.59437 1 1 1 1
 0.59437 1 1 1 1
 0.59437 1 1 1 1
 0.59437 1 1 1 1
 0.59437 1 1 1 1
 0.59437 1 1 1 1
 0.59437 1 1 1 1
 0.59437 1 1 1 1
 0.59437 1 1 1 1
 0.59437 1 1 1 1
 0.59437 1 1 1 1
 0.59437 1 1 1 1
 0.59437 1 1 1 1
 0.59437 1 1 1 1
 0.59437 1 1 1 1
 0.59437 1 1 1 1
 0.59437 1 1 1 1
 0.59437 1 1 1 1
 0.59437 1 1 1 1
 0.59437 1 1 1 1
 0.59437 1 1 1 1
 0.59437 1 1 1 1
Sel_reclas
 0.537035 0.853754 0.967083 0.993282 0.998658
 0.537035 0.853754 0.967083 0.993282 0.998658
 0.537035 0.853754 0.967083 0.993282 0.998658
 0.537035 0.853754 0.967083 0.993282 0.998658
 0.537035 0.853754 0.967083 0.993282 0.998658
 0.537035 0.853754 0.967083 0.993282 0.998658
 0.537035 0.853754 0.967083 0.993282 0.998658
 0.537035 0.853754 0.967083 0.993282 0.998658
 0.537035 0.853754 0.967083 0.993282 0.998658
 0.537035 0.853754 0.967083 0.993282 0.998658
 0.537035 0.853754 0.967083 0.993282 0.998658
 0.537035 0.853754 0.967083 0.993282 0.998658
 0.537035 0.853754 0.967083 0.993282 0.998658
 0.537035 0.853754 0.967083 0.993282 0.998658
 0.537035 0.853754 0.967083 0.993282 0.998658
 0.537035 0.853754 0.967083 0.993282 0.998658
 0.537035 0.853754 0.967083 0.993282 0.998658
 0.537035 0.853754 0.967083 0.993282 0.998658
 0.537035 0.853754 0.967083 0.993282 0.998658
 0.537035 0.853754 0.967083 0.993282 0.998658
 0.537035 0.853754 0.967083 0.993282 0.998658
 0.537035 0.853754 0.967083 0.993282 0.998658
 0.537035 0.853754 0.967083 0.993282 0.998658
 0.537035 0.853754 0.967083 0.993282 0.998658
 0.537035 0.853754 0.967083 0.993282 0.998658
 0.537035 0.853754 0.967083 0.993282 0.998658
 0.537035 0.853754 0.967083 0.993282 0.998658
 0.537035 0.853754 0.967083 0.993282 0.998658
 0.537035 0.853754 0.967083 0.993282 0.998658
 0.537035 0.853754 0.967083 0.993282 0.998658
 0.537035 0.853754 0.967083 0.993282 0.998658
Sel_pelaces
 0.268883 0.649227 0.90305 0.979113 0.995779
 0.268883 0.649227 0.90305 0.979113 0.995779
 0.268883 0.649227 0.90305 0.979113 0.995779
 0.268883 0.649227 0.90305 0.979113 0.995779
 0.268883 0.649227 0.90305 0.979113 0.995779
 0.268883 0.649227 0.90305 0.979113 0.995779
 0.268883 0.649227 0.90305 0.979113 0.995779
 0.268883 0.649227 0.90305 0.979113 0.995779
 0.268883 0.649227 0.90305 0.979113 0.995779
 0.268883 0.649227 0.90305 0.979113 0.995779
 0.268883 0.649227 0.90305 0.979113 0.995779
 0.268883 0.649227 0.90305 0.979113 0.995779
 0.268883 0.649227 0.90305 0.979113 0.995779
 0.268883 0.649227 0.90305 0.979113 0.995779
 0.268883 0.649227 0.90305 0.979113 0.995779
 0.268883 0.649227 0.90305 0.979113 0.995779
 0.268883 0.649227 0.90305 0.979113 0.995779
 0.268883 0.649227 0.90305 0.979113 0.995779
 0.268883 0.649227 0.90305 0.979113 0.995779
 0.268883 0.649227 0.90305 0.979113 0.995779
 0.268883 0.649227 0.90305 0.979113 0.995779
 0.268883 0.649227 0.90305 0.979113 0.995779
 0.268883 0.649227 0.90305 0.979113 0.995779
 0.268883 0.649227 0.90305 0.979113 0.995779
 0.268883 0.649227 0.90305 0.979113 0.995779
 0.268883 0.649227 0.90305 0.979113 0.995779
 0.268883 0.649227 0.90305 0.979113 0.995779
 0.268883 0.649227 0.90305 0.979113 0.995779
 0.268883 0.649227 0.90305 0.979113 0.995779
 0.268883 0.649227 0.90305 0.979113 0.995779
 0.268883 0.649227 0.90305 0.979113 0.995779
pf_obs 
 0.8446 0.082 0.0669 0.0065 0
 0.8095 0.147 0.0364 0.0071 0
 0.9664 0.0169 0.016 0.0007 0
 0.9276 0.0648 0.0075 0.0001 0
 0.7033 0.2144 0.0806 0.0017 0
 0.9318 0.0425 0.0243 0.0014 0
 0.5671 0.3108 0.0964 0.0239 0.0018
 0.0768 0.2599 0.5324 0.112 0.0189
 0.490249 0.384438 0.106611 0.0170017 0.00170017
 0.7925 0.1577 0.0466 0.003 0.0002
 0.840416 0.127587 0.0312969 0.00059994 9.999e-05
 0.8084 0.0986 0.0794 0.0134 0.0002
 0.7335 0.1905 0.0724 0.0035 0.0001
 0.4001 0.4547 0.1325 0.0127 0
 0.49795 0.308269 0.164784 0.0264974 0.00249975
 0.9179 0.0499 0.0305 0.0017 0
 0.2467 0.6533 0.0926 0.0074 0
 0.9418 0.0223 0.034 0.0019 0
 0.707729 0.231977 0.0356964 0.0245975 0
 0.517169 0.277429 0.184464 0.0207286 0.00020938
 0.811772 0.124168 0.05621 0.00726502 0.000585176
 0.764997 0.148141 0.077277 0.00933861 0.000247198
 0.163321 0.427699 0.378323 0.0303852 0.000271297
 0.753843 0.0900009 0.118128 0.0371064 0.000921714
 0.721811 0.176058 0.0630433 0.0369309 0.00215725
 0.143369 0.312575 0.442814 0.0836902 0.0175525
 0.692698 0.0596174 0.167031 0.0765114 0.00414204
 0.394062 0.376323 0.152708 0.0712218 0.00568511
 0.125707 0.32114 0.495352 0.0537591 0.00404204
 0.23352 0.215282 0.420074 0.123614 0.00750983
 0.796117 0.104755 0.0508955 0.0450114 0.00322123
pf_pred 
 0.0227843 0.161413 0.721405 0.094397 6.34578e-07
 0.0504223 0.0382288 0.150534 0.67278 0.088035
 0.962788 0.00380796 0.00134481 0.00529548 0.026764
 0.33792 0.650342 0.00120116 0.000424201 0.0101127
 0.227399 0.4329 0.333678 0.000616294 0.00540627
 0.999276 0.000396682 0.000183175 0.000141191 2.54835e-06
 0.00987584 0.989719 0.000222243 0.000102624 8.05304e-05
 0.00936037 0.0175215 0.97272 0.000218426 0.000180009
 0.0569331 0.0149992 0.0164148 0.91128 0.000373268
 0.324363 0.0686797 0.00965346 0.0105646 0.586739
 0.993949 0.00409781 0.000198567 2.79102e-05 0.00172693
 0.71387 0.285176 0.000646341 3.13198e-05 0.000276789
 0.523594 0.405349 0.0708201 0.000160511 7.65151e-05
 0.978091 0.0181391 0.00320768 0.000560426 1.87568e-06
 0.680193 0.317358 0.00202754 0.000358545 6.28526e-05
 0.98348 0.0145359 0.0019689 1.25789e-05 2.61436e-06
 0.14258 0.851502 0.00520748 0.000705357 5.44297e-06
 0.980005 0.00593916 0.0139587 8.53663e-05 1.16521e-05
 0.77016 0.227813 0.000602123 0.00141516 9.83592e-06
 0.706975 0.260255 0.0324811 8.58498e-05 0.000203173
 0.697262 0.256248 0.0412913 0.00515337 4.58556e-05
 0.916394 0.0710189 0.010654 0.00171676 0.000216167
 0.092255 0.875617 0.027291 0.00409408 0.000742782
 0.943059 0.0112811 0.0440436 0.00137274 0.000243294
 0.661363 0.329083 0.00189293 0.00739039 0.000271166
 0.270581 0.583797 0.141513 0.000814005 0.00329465
 0.904316 0.0425166 0.0425527 0.0103149 0.000299478
 0.822246 0.169628 0.00361088 0.00361394 0.00090146
 0.184458 0.733088 0.0786849 0.00167497 0.00209454
 0.225635 0.232551 0.487034 0.0522751 0.00250431
 0.974161 0.0113999 0.0043361 0.00908115 0.00102141
pobs_RECLAS
 0 0 0 0 0
 0 0 0 0 0
 0 0 0 0 0
 0 0 0 0 0
 0 0 0 0 0
 0 0 0 0 0
 0 0 0 0 0
 0 0 0 0 0
 0 0 0 0 0
 0 0 0 0 0
 0.991045 0.00858322 0.000360255 1.14367e-05 0
 0.934742 0.0480273 0.0164251 0.00080598 0
 0.827803 0.169806 0.00239088 0 0
 0.941827 0.0461693 0.0120037 0 0
 0.791401 0.0380133 0.147996 0.0225897 0
 0.846168 0.0940531 0.0597789 0 0
 0.134021 0.677848 0.182769 0.00536245 0
 0.80878 0.0450904 0.141981 0.00414843 0
 0.846168 0.0940531 0.0597789 0 0
 0.905697 0.0802665 0.012482 0.00150086 5.37128e-05
 0.989698 0.0102097 9.19794e-05 0 0
 0.975433 0.0193895 0.00387452 0.00125025 5.28907e-05
 0.303575 0.632131 0.0575291 0.00676475 0
 0.966965 0.00978017 0.0227588 0.000495775 0
 0.843318 0.132988 0.00938335 0.0141283 0.000182051
 0.564624 0.303363 0.111486 0.0197234 0.00080311
 0.826376 0.0876187 0.0782897 0.00655872 0.00115652
 0.89761 0.0855135 0.0140674 0.00269457 0.000114338
 0.34875 0.467042 0.161289 0.0227151 0.000203297
 0.318654 0.224769 0.449479 0.00709798 0
 0.937255 0.0296025 0.0250945 0.00804832 0
ppred_RECLAS
 0.0219108 0.145053 0.734342 0.098693 6.67048e-07
 0.0488955 0.0332217 0.148182 0.680212 0.0894892
 0.961663 0.00341094 0.0013645 0.00551857 0.0280425
 0.372892 0.614186 0.00128496 0.000466089 0.0111714
 0.28218 0.379924 0.331717 0.000629269 0.00554997
 0.999277 0.00037188 0.000194517 0.000153995 2.7945e-06
 0.0105671 0.988968 0.000251553 0.000119306 9.41269e-05
 0.00878974 0.0155091 0.97529 0.000224936 0.000186377
 0.0531552 0.0129788 0.0160892 0.917399 0.000377809
 0.376534 0.0550217 0.00876031 0.00984684 0.549837
 0.994054 0.00382161 0.000209765 3.02829e-05 0.00188388
 0.739175 0.25983 0.000667066 3.31997e-05 0.00029499
 0.609806 0.325545 0.0644273 0.000149978 7.18809e-05
 0.981719 0.0147863 0.00296186 0.000531498 1.78849e-06
 0.736301 0.261403 0.00189173 0.000343593 6.05574e-05
 0.985454 0.0125976 0.00193286 1.26831e-05 2.6503e-06
 0.163355 0.830089 0.00575039 0.000799996 6.20668e-06
 0.980763 0.00522563 0.013912 8.73856e-05 1.19923e-05
 0.793608 0.204294 0.000611638 0.00147646 1.03176e-05
 0.729803 0.236461 0.033429 9.07485e-05 0.000215929
 0.723737 0.229048 0.0418077 0.00535918 4.7945e-05
 0.926092 0.0615072 0.0104519 0.00172982 0.000218991
 0.104869 0.859268 0.0303364 0.00467423 0.000852628
 0.943007 0.0101968 0.0450949 0.00144358 0.000257235
 0.681901 0.307756 0.00200524 0.00804096 0.000296633
 0.287566 0.555373 0.152494 0.000900928 0.0036662
 0.908001 0.0379502 0.0430242 0.0107117 0.000312683
 0.832902 0.158369 0.00381871 0.00392549 0.000984473
 0.19447 0.714387 0.086856 0.00189899 0.00238754
 0.242231 0.20781 0.492993 0.0543481 0.00261771
 0.975818 0.00982041 0.00423114 0.00910139 0.00102922
pobs_PELACES
 0 0 0 0 0
 0 0 0 0 0
 0 0 0 0 0
 0 0 0 0 0
 0 0 0 0 0
 0 0 0 0 0
 0 0 0 0 0
 0 0 0 0 0
 0 0 0 0 0
 0 0 0 0 0
 0 0 0 0 0
 0 0 0 0 0
 0 0 0 0 0
 0 0 0 0 0
 0 0 0 0 0
 0 0 0 0 0
 0.505614 0.472636 0.0217494 0 0
 0 0 0 0 0
 0.443492 0.261883 0.143347 0.151278 0
 0.227955 0.32914 0.350689 0.0885471 0.00366901
 0.970185 0.0296113 0.000203453 0 0
 0.997202 0.00247181 0.000326279 0 0
 0.445219 0.490057 0.0546422 0.010081 0
 0.90214 0.0892962 0.00764917 0.000914606 0
 0 0 0 0 0
 0.581667 0.319106 0.0959925 0.00289975 0.000334073
 0.762889 0.0836404 0.116647 0.0363945 0.000428098
 0.88444 0.0763242 0.0277011 0.0115352 0
 0.521256 0.241999 0.230069 0.00667565 0
 0.616807 0.101726 0.260614 0.0208532 0
 0.833518 0.0704572 0.0857862 0.0102388 0
ppred_PELACES
 0.0125821 0.121924 0.757959 0.107534 7.35195e-07
 0.0291923 0.0265608 0.145479 0.704953 0.093815
 0.936041 0.00445132 0.00218662 0.00933551 0.0479859
 0.321089 0.660803 0.00169764 0.000650036 0.0157602
 0.258487 0.354206 0.379762 0.000760488 0.00678473
 0.998798 0.000549252 0.000352784 0.000294829 5.41195e-06
 0.0072555 0.992156 0.000309893 0.000155151 0.000123821
 0.00478987 0.0127176 0.982053 0.000239096 0.000200397
 0.0294607 0.0103044 0.0156858 0.944156 0.000393317
 0.321175 0.0467161 0.00913348 0.0108374 0.612138
 0.990447 0.00554099 0.000373473 5.6916e-05 0.0035816
 0.685298 0.313197 0.000987373 5.18751e-05 0.00046625
 0.602218 0.319785 0.0777142 0.000190972 9.25853e-05
 0.977708 0.0172442 0.00424164 0.000803494 2.73497e-06
 0.718454 0.278511 0.00247501 0.000474541 8.46023e-05
 0.981079 0.0159001 0.00299568 2.07508e-05 4.3862e-06
 0.135837 0.855806 0.00728002 0.00106914 8.39058e-06
 0.97115 0.00671884 0.0219649 0.000145644 2.02182e-05
 0.749873 0.24689 0.000907667 0.00231295 1.63496e-05
 0.668763 0.281834 0.0489261 0.000140207 0.000337464
 0.666496 0.265795 0.0595746 0.00806148 7.29535e-05
 0.905875 0.0753125 0.0157152 0.00274561 0.000351601
 0.0840613 0.870908 0.0377566 0.00614116 0.00113315
 0.910967 0.0133941 0.0727381 0.00245803 0.00044306
 0.608188 0.37561 0.00300526 0.0127214 0.000474716
 0.223254 0.576251 0.194295 0.00121175 0.00498799
 0.867376 0.0478992 0.0666824 0.0175254 0.000517488
 0.776597 0.208809 0.00618271 0.00670915 0.00170202
 0.141838 0.741633 0.110723 0.0025555 0.00325004
 0.184659 0.191007 0.556425 0.0647535 0.00315491
 0.964972 0.0122141 0.00646211 0.0146736 0.00167851
pobs_pel_tallas
 0 0 0 0 0 0 0 0 0 0 0 0 0 0 0 0 0 0 0 0 0 0 0 0 0 0
 0 0 0 0 0 0 0 0 0 0 0 0 0 0 0 0 0 0 0 0 0 0 0 0 0 0
 0 0 0 0 0 0 0 0 0 0 0 0 0 0 0 0 0 0 0 0 0 0 0 0 0 0
 0 0 0 0 0 0 0 0 0 0 0 0 0 0 0 0 0 0 0 0 0 0 0 0 0 0
 0 0 0 0 0 0 0 0 0 0 0 0 0 0 0 0 0 0 0 0 0 0 0 0 0 0
 0 0 0 0 0 0 0 0 0 0 0 0 0 0 0 0 0 0 0 0 0 0 0 0 0 0
 0 0 0 0 0 0 0 0 0 0 0 0 0 0 0 0 0 0 0 0 0 0 0 0 0 0
 0 0 0 0 0 0 0 0 0 0 0 0 0 0 0 0 0 0 0 0 0 0 0 0 0 0
 0 0 0 0 0 0 0 0 0 0 0 0 0 0 0 0 0 0 0 0 0 0 0 0 0 0
 0 0 0 0 0 0 0 0 0 0 0 0 0 0 0 0 0 0 0 0 0 0 0 0 0 0
 0 0 0 0 0 0 0 0 0 0 0 0 0 0 0 0 0 0 0 0 0 0 0 0 0 0
 0 0 0 0 0 0 0 0 0 0 0 0 0 0 0 0 0 0 0 0 0 0 0 0 0 0
 0.00862536 0 0 0.000197151 0.00414017 0.0128641 0.00837892 0.0270097 0.101434 0.158115 0.152841 0.127902 0.109271 0.109419 0.0830992 0.0579132 0.0238553 0.00714673 0.00463305 0.00128148 0.00103504 0.000492878 0.000147863 0.000147863 4.92878e-05 0
 0 0 0 0 0 0 0 0 0 0 0 0 0 0 0 0 0 0 0 0 0 0 0 0 0 0
 0 0 0 0 0 0 0 0.0054083 0.00873648 0.0413646 0.0450493 0.0745869 0.0622846 0.0627006 0.0613931 0.0827291 0.12552 0.122667 0.0946155 0.0697135 0.0546179 0.0294188 0.0215738 0.0213955 0.0102223 0.00600262
 0 0 0 0 0.00359764 0.0251062 0.0480494 0.140153 0.205849 0.193036 0.1447 0.116669 0.0760912 0.0342217 0.00950174 0.001854 0.000860785 0 0 0 0.000165536 0 0.000143464 0 0 0
 0 0 0 0 0 0 0 0.000145254 0.000435761 0.0275982 0.070085 0.0708112 0.156366 0.174668 0.174014 0.160142 0.0824315 0.0480064 0.0283245 0.00493863 0.00203355 0 0 0 0 0
 0 0 0 0 0 0 0 0 0 0 0 0 0 0 0 0 0 0 0 0 0 0 0 0 0 0
 0 0 1.00437e-05 0.000401748 0.00122533 0.00171747 0.00176769 0.0269171 0.070346 0.194647 0.189555 0.159765 0.064822 0.0314167 0.0384472 0.0292271 0.0345202 0.0313363 0.0194345 0.0106764 0.0143323 0.0359363 0.0279516 0.0138201 0.00172751 0
 0 0.0021121 0.0136068 0.0755702 0.200478 0.177729 0.0527432 0.0373336 0.0318909 0.0142505 0.0149659 0.0166563 0.0217959 0.0798694 0.0677717 0.0528807 0.04013 0.0224614 0.0357745 0.0225083 0.00881397 0.00855152 0.00135912 0.000746735 0 0
 0 0 0 0 5.4009e-05 0.00500934 0.000945158 0.0243581 0.138947 0.33067 0.221406 0.137944 0.0707744 0.0437923 0.0131692 0.00525238 0.0047753 0.00276346 9.45158e-05 9.00151e-06 2.25038e-05 9.00151e-06 4.50075e-06 0 0 0
 0.000866109 0.00284123 0.00948549 0.0512746 0.133035 0.25785 0.225252 0.132002 0.0553304 0.0519788 0.0540692 0.017754 0.00435017 0.00159236 0.00146478 0.000404838 0.000125132 0.000115318 0.000107957 0.000100596 0 0 0 0 0 0
 0 0 0 0 0.00144013 0.00171154 0.00461396 0.0210425 0.0478622 0.0707936 0.0888783 0.103762 0.0637923 0.0337046 0.0602308 0.124433 0.169614 0.0934646 0.0462172 0.0250306 0.0313229 0.00938855 0.002487 0.000210481 0 0
 0 0.00764035 0.051015 0.0998891 0.058973 0.0496711 0.0374665 0.0718981 0.12319 0.153886 0.159021 0.0857701 0.0377988 0.023471 0.0147837 0.00900784 0.00315554 0.000888139 0.00291439 0.00214683 0.00393193 0.00274676 0.000635225 9.99891e-05 0 0
 0 0 0 0 0 0 0 0 0 0 0 0 0 0 0 0 0 0 0 0 0 0 0 0 0 0
 0 0 0 0 0 0 0 0 0 0 0 0 0 0 0 0 0 0 0 0 0 0 0 0 0 0
 0 0 0 0 0 0 0 0 0 0 0 0 0 0 0 0 0 0 0 0 0 0 0 0 0 0
 0 0 0 0 0 0 0 0 0 0 0 0 0 0 0 0 0 0 0 0 0 0 0 0 0 0
 0 0 0 0 0 0 0 0 0 0 0 0 0 0 0 0 0 0 0 0 0 0 0 0 0 0
 0 0 0 0 0 0 0 0 0 0 0 0 0 0 0 0 0 0 0 0 0 0 0 0 0 0
 0 0 0 0 0 0 0 0 0 0 0 0 0 0 0 0 0 0 0 0 0 0 0 0 0 0
ppred_pel_tallas
 1.32689e-16 1.0364e-06 1.00742e-05 6.69471e-05 0.00030434 0.000946982 0.00201812 0.00294819 0.00296112 0.00208186 0.00116442 0.000947461 0.00173822 0.00384698 0.00784049 0.0144019 0.0241069 0.0373256 0.0542098 0.0745082 0.0970374 0.119108 0.136619 0.145259 0.142349 0.128199
 1.90779e-16 2.40454e-06 2.33729e-05 0.000155322 0.000706071 0.00219687 0.00468076 0.00683234 0.00683539 0.00469591 0.00224926 0.00086452 0.000580909 0.00104876 0.00224688 0.00453373 0.00858755 0.0154505 0.0265528 0.0434935 0.0674119 0.0980398 0.132868 0.167026 0.194238 0.208679
 1.09122e-16 7.71004e-05 0.000749444 0.00498032 0.0226398 0.0704408 0.150082 0.219049 0.219049 0.150084 0.0704482 0.0226613 0.00503537 0.00087319 0.000323554 0.000445956 0.00072174 0.00111466 0.00167874 0.0025233 0.00379334 0.00560754 0.00796844 0.0106902 0.0133911 0.015573
 1.02951e-16 2.64478e-05 0.000257083 0.00170841 0.00776621 0.0241639 0.0514861 0.0751588 0.0752223 0.0517965 0.0252058 0.0107736 0.00925025 0.0166974 0.0311805 0.0513252 0.073512 0.0915635 0.0992153 0.0936089 0.0770668 0.0556609 0.0357519 0.0211324 0.0123917 0.00807823
 1.12275e-16 2.12913e-05 0.000206959 0.00137532 0.00625201 0.0194525 0.0414469 0.0605002 0.0605348 0.0416164 0.0200232 0.00790667 0.00555283 0.00940597 0.0177237 0.0298688 0.0444177 0.0587363 0.0700207 0.0767632 0.079315 0.0790219 0.0767916 0.0724458 0.0653102 0.05529
 1.00041e-16 8.22696e-05 0.00079969 0.00531422 0.0241577 0.0751635 0.160144 0.233735 0.233735 0.160144 0.0751644 0.0241602 0.00532064 0.000813796 0.000109326 5.12219e-05 6.74321e-05 8.81084e-05 0.000104119 0.000113469 0.000117716 0.000120147 0.000122976 0.000125705 0.000125728 0.000120359
 1.003e-16 5.97832e-07 5.81124e-06 3.86223e-05 0.00017563 0.000546963 0.00116889 0.00172602 0.00182142 0.00163492 0.00211109 0.00469039 0.0113601 0.0246835 0.0467584 0.0770128 0.110265 0.137242 0.148496 0.139679 0.114224 0.0812157 0.0502221 0.0270276 0.0126809 0.00521332
 1.28402e-16 3.94543e-07 3.83509e-06 2.54856e-05 0.000115855 0.000360483 0.000768142 0.00112168 0.00112441 0.000782229 0.000412144 0.000284267 0.000520476 0.00132283 0.00320161 0.00710056 0.0144195 0.0268132 0.0456031 0.0708064 0.100159 0.128839 0.150485 0.15943 0.153098 0.133202
 1.95208e-16 2.42665e-06 2.35879e-05 0.00015675 0.000712562 0.00221705 0.00472371 0.00689467 0.00689602 0.00473051 0.00224108 0.00078761 0.000367768 0.000564238 0.00128184 0.00283297 0.00592237 0.0117267 0.0219292 0.0384841 0.0629391 0.0953746 0.133374 0.1717 0.203201 0.220916
 2.04954e-16 2.64548e-05 0.00025715 0.00170885 0.00776819 0.0241697 0.0514964 0.0751614 0.075166 0.0515191 0.0242465 0.00799195 0.0022795 0.00153542 0.00255999 0.00450157 0.00731269 0.0112132 0.016817 0.0253351 0.0384494 0.0576685 0.083328 0.113705 0.144785 0.170999
 1.00625e-16 8.15818e-05 0.000793004 0.00526979 0.0239557 0.0745351 0.158805 0.231781 0.231781 0.158808 0.0745439 0.023981 0.00533335 0.000931827 0.000345494 0.000442911 0.000632671 0.000802315 0.000900806 0.000911904 0.000862904 0.000809263 0.000801659 0.000858904 0.000962303 0.00106944
 1.00193e-16 5.64471e-05 0.000548686 0.00364622 0.0165752 0.0515717 0.10988 0.16038 0.16041 0.110027 0.0520655 0.0180005 0.00722044 0.00833973 0.0148192 0.0243209 0.0348211 0.0433494 0.0469221 0.0441677 0.0361689 0.0257896 0.0160443 0.00875249 0.0042401 0.00188342
 1.0236e-16 4.96039e-05 0.000482168 0.00320418 0.0145657 0.0453196 0.0965593 0.140938 0.140969 0.0967102 0.0458262 0.0160296 0.0068809 0.00851538 0.015326 0.0253091 0.0365687 0.0462165 0.0513189 0.0504805 0.0446257 0.0362922 0.0280512 0.0213126 0.0162086 0.0122407
 1.00208e-16 8.05325e-05 0.000782805 0.00520201 0.0236476 0.0735764 0.156762 0.2288 0.228801 0.156771 0.0736038 0.0237266 0.00540037 0.00121627 0.000905069 0.00137219 0.00197671 0.00250181 0.00278611 0.00275582 0.00246196 0.00204115 0.00162969 0.00129894 0.00104993 0.000850034
 1.00205e-16 5.91782e-05 0.000575233 0.00382263 0.0173771 0.0540668 0.115196 0.168138 0.168164 0.115327 0.054506 0.0186448 0.00700161 0.00750515 0.0131914 0.0216385 0.030987 0.0385914 0.0418007 0.0393953 0.0323341 0.0231554 0.0145281 0.00805958 0.00403434 0.00190032
 1.00094e-16 8.08102e-05 0.000785504 0.00521995 0.0237291 0.0738301 0.157303 0.229589 0.22959 0.15731 0.0738553 0.0238018 0.00540245 0.00118404 0.000838078 0.00125852 0.00180706 0.00227591 0.00251323 0.00244936 0.0021323 0.00169261 0.00126382 0.000921063 0.000673107 0.000493545
 1.00538e-16 1.11889e-05 0.00010876 0.000722752 0.00328558 0.0102231 0.0217844 0.0318123 0.0318946 0.0221865 0.0115725 0.0071807 0.0104909 0.0214024 0.0403624 0.0664752 0.0952088 0.118569 0.128418 0.121008 0.0992855 0.07105 0.0445064 0.0245984 0.0122057 0.00563652
 1.00654e-16 7.99924e-05 0.000777554 0.00516712 0.023489 0.073083 0.155711 0.227265 0.227266 0.155714 0.0730943 0.023522 0.00525163 0.000967137 0.000454942 0.000664176 0.00103857 0.00149129 0.00198604 0.00249512 0.00299041 0.00342299 0.00371234 0.00376838 0.00353918 0.00304909
 1.00325e-16 6.17661e-05 0.000600389 0.00398979 0.018137 0.0564312 0.120233 0.175489 0.175513 0.120349 0.0568205 0.0192607 0.00680756 0.00674271 0.0117011 0.0191782 0.0274608 0.0341965 0.0370361 0.0349024 0.0286513 0.0205394 0.0129363 0.00726413 0.00376456 0.0019325
 1.01556e-16 5.50851e-05 0.000535447 0.00355824 0.0161752 0.0503273 0.107229 0.156509 0.156536 0.107361 0.0507732 0.0174632 0.00679166 0.00759537 0.0134668 0.0221848 0.0319705 0.0402342 0.0443613 0.0431213 0.0373753 0.0294587 0.0217669 0.015656 0.0112928 0.00820111
 1.02608e-16 5.48984e-05 0.000533632 0.00354618 0.0161204 0.0501567 0.106865 0.155978 0.156004 0.106991 0.0505777 0.0173368 0.0066011 0.00720771 0.0127452 0.0210221 0.0303666 0.0383685 0.042596 0.0419057 0.0370906 0.0302856 0.0236409 0.018314 0.0143686 0.0113232
 1.00808e-16 7.46157e-05 0.000725292 0.00481982 0.0219102 0.0681708 0.145245 0.211991 0.211999 0.145281 0.0682901 0.0222548 0.00568507 0.00261538 0.00366782 0.00595484 0.00859237 0.0108492 0.0120323 0.0118192 0.0104389 0.00850286 0.00662683 0.00514202 0.00406393 0.0032477
 1.0212e-16 6.9242e-06 6.73057e-05 0.000447274 0.0020333 0.00632679 0.013483 0.0196964 0.0197802 0.0138924 0.00770102 0.00600073 0.0103992 0.0217693 0.0411552 0.0678487 0.0973188 0.121497 0.132157 0.125501 0.104466 0.0768415 0.0507619 0.0310499 0.0184756 0.0113238
 1.02425e-16 7.50351e-05 0.000729368 0.00484691 0.0220333 0.0685539 0.146061 0.213181 0.213183 0.146068 0.0685774 0.0221026 0.00502591 0.00113754 0.00090112 0.00150327 0.00246526 0.003737 0.00529848 0.00710233 0.00902903 0.0108363 0.012167 0.0126591 0.012114 0.0106118
 1.01539e-16 5.00957e-05 0.000486948 0.00323594 0.0147102 0.0457689 0.0975169 0.142336 0.142372 0.0976934 0.0463613 0.01642 0.00752426 0.00983604 0.0177696 0.0292035 0.0418453 0.0521666 0.0566164 0.0535766 0.0443619 0.0323985 0.0212572 0.0130399 0.00803794 0.00541378
 1.0672e-16 1.83892e-05 0.00017875 0.00118786 0.00539987 0.0168013 0.035799 0.0522614 0.0523171 0.0360713 0.017716 0.00804404 0.00783297 0.014711 0.0276932 0.0459477 0.0666344 0.0847097 0.0949807 0.0949503 0.0861697 0.072948 0.059558 0.0482035 0.0389424 0.0309233
 1.03782e-16 7.14446e-05 0.000694467 0.00461498 0.020979 0.0652735 0.139072 0.202981 0.202986 0.139095 0.0653513 0.021205 0.00518696 0.00195898 0.00251963 0.00417456 0.00629281 0.00851365 0.010508 0.0121089 0.0133553 0.0143525 0.0150777 0.0153223 0.0148261 0.0134783
 1.01193e-16 6.39673e-05 0.000621785 0.00413198 0.0187834 0.0584423 0.124518 0.181742 0.181762 0.124616 0.0587717 0.0197345 0.00651759 0.00582386 0.00992694 0.0162665 0.0233252 0.029122 0.0316889 0.030129 0.0251657 0.0186836 0.0126387 0.00817092 0.00542359 0.00392913
 1.04192e-16 1.16832e-05 0.000113565 0.00075468 0.00343071 0.0106746 0.022746 0.0332134 0.0332849 0.0230953 0.0118474 0.00681803 0.0092572 0.0186741 0.0352592 0.0582644 0.0839079 0.105455 0.116014 0.112357 0.0968012 0.0755878 0.0551329 0.0390915 0.0279179 0.0202902
 1.23134e-16 1.52101e-05 0.000147848 0.000982503 0.00446633 0.0138965 0.0296087 0.0432188 0.043238 0.0297031 0.0142161 0.00539998 0.00336647 0.00548564 0.0105439 0.0184271 0.0289185 0.0413144 0.0547373 0.0685352 0.082175 0.094617 0.103865 0.107416 0.103496 0.0922091
 1.01946e-16 7.94834e-05 0.000772607 0.00513425 0.0233395 0.072618 0.15472 0.225819 0.22582 0.154726 0.0726376 0.0233963 0.00527738 0.00108745 0.00068472 0.00102611 0.00151955 0.00202018 0.00244647 0.00278001 0.00307608 0.00341811 0.00384372 0.0043003 0.00466234 0.00479395
pSPR Fmed_Fpbrs
0.279056   0.6 0.325
Fs Fmed_Fpbrs
0.937072   0.317492 0.799423
SSBpbr Bo_Bmed_Bpbrs
1.53625e+06  351888  844939 422469
Ro
39184.1
SPR SPRFo_SPRFmed_SPRFpbrs
279681 78046.9 90896.5
Fref
0.317492
Nvult_r0
 95864.6 874.195 332.51 696.381 78.3257
CTP_r0
 43694.2 511.323 194.488 407.318 45.8133
YTP_r0
390879
Np
 90046 27429.3 4861.42 23.1248 11.1514
Nvult_p0
 62616.7 20083.6 3559.5 16.9318 8.16495
CTP_p0
 9940.43 3202.98 15.2359 5.79516 13.2279
 9940.43 4839.79 857.776 4.08027 1.96761
YTP_p0
 125615 170320
CBA_c0
139026
log_Ro
10.396
likeval ReclasPelacesDesembMPH_pf_preclas_ppelaces_ptallas_desvR_qrecl_qpela
 22.3326 23.601 0.391713 30.5176 389.511 127.165 126.59 0 143.701 0.000163757 0.000371868 0.0480899 1.10577e-15 0 0
q_reclas_q_pelaces
6.13097 15.5415
M
1
N
 4237.63 18662 83406.1 10913.8 0.0733675
 2558.29 1323.2 5210.37 23286.7 3047.13
 199649 538.081 190.028 748.274 3781.87
 30314.5 42216.6 77.9728 27.5368 656.458
 3017.68 4687.37 3613.01 6.67312 58.5382
 769044 187.676 86.6625 66.7993 1.20566
 4011.63 250437 56.236 25.9679 20.3773
 1103.97 1242.66 68986.9 15.4911 12.7665
 2322.14 389.719 426.501 23677.5 9.6985
 3778.44 658.801 92.5996 101.339 5628.22
 82512.9 212.904 10.3167 1.45009 89.7238
 89705.2 25102.2 56.8933 2.75688 24.3639
 25951.8 16549 2891.34 6.55311 3.12384
 103751 1457.66 257.77 45.036 0.15073
 32669.2 12028.4 76.8467 13.5894 2.38221
 262593 2776.4 376.065 2.4026 0.49935
 9963.19 43311.5 264.878 35.8779 0.276856
 350237 1488.48 3498.34 21.3946 2.92027
 305779 64241.3 169.794 399.063 2.77365
 203448 52444.6 6545.35 17.2998 40.9419
 142322 37598.1 6058.49 756.131 6.72819
 408029 22849.1 3427.72 552.338 69.548
 9348.66 63608.8 1982.54 297.412 53.959
 189481 1523.96 5949.84 185.443 32.8666
 128287 42653.5 245.349 957.893 35.1467
 20143.1 29702.6 7199.96 41.4152 167.626
 129343 4199.75 4203.31 1018.89 29.5821
 192311 25630.8 545.604 546.067 136.211
 20205.8 51515.3 5529.32 117.703 147.187
 7277.83 5572.11 11669.8 1252.56 60.0054
 114017 960.544 365.354 765.166 86.0624
pred_Ctot
 410.516 2908.26 12997.9 1700.8 0.0114335
 724.446 549.254 2162.8 9666.21 1264.85
 56107.8 221.914 78.3708 308.601 1559.71
 11898.9 22900 42.2957 14.9371 356.09
 1811.11 3447.82 2657.57 4.90845 43.0581
 56366.2 22.3757 10.3323 7.96414 0.143745
 406.258 40713.6 9.14231 4.22162 3.31274
 28.2924 52.9601 2940.12 0.660208 0.54409
 343.044 90.3758 98.9056 5490.81 2.24908
 2325.87 492.473 69.2209 75.7541 4207.26
 9166.36 37.7907 1.83122 0.257393 15.9261
 29873.8 11934 27.0479 1.31066 11.583
 15987.5 12376.9 2162.42 4.90106 2.33632
 49154.7 911.594 161.204 28.1647 0.0942637
 17767.3 8289.69 52.9611 9.36553 1.64177
 97606.2 1442.62 195.405 1.2484 0.259464
 4017.02 23990 146.714 19.8726 0.153349
 117362 711.254 1671.64 10.2232 1.39542
 109648 32433.8 85.7247 201.477 1.40035
 67624.1 24894.1 3106.91 8.21177 19.4341
 54157.8 19903.3 3207.19 400.273 3.56171
 159107 12330.5 1849.77 298.07 37.5316
 3511.01 33324 1038.63 155.811 28.2686
 48363.4 578.532 2258.71 70.3988 12.477
 31200.9 15525 89.3021 348.654 12.7927
 5774.36 12458.6 3019.98 17.3714 70.3098
 39639.8 1863.67 1865.25 452.141 13.1273
 33908.3 6995.24 148.908 149.034 37.175
 3273.88 13011.3 1396.55 29.7284 37.1753
 3197.78 3295.78 6902.41 740.86 35.4919
 43694.2 511.323 194.488 407.318 45.8133
F
 0.16395 0.275838 0.275838 0.275838 0.275838
 0.559086 0.940636 0.940636 0.940636 0.940636
 0.553745 0.93165 0.93165 0.93165 0.93165
 0.866754 1.45827 1.45827 1.45827 1.45827
 1.77753 2.9906 2.9906 2.9906 2.9906
 0.121941 0.20516 0.20516 0.20516 0.20516
 0.171946 0.28929 0.28929 0.28929 0.28929
 0.0412449 0.0693926 0.0693926 0.0693926 0.0693926
 0.259823 0.437141 0.437141 0.437141 0.437141
 1.87622 3.15666 3.15666 3.15666 3.15666
 0.189999 0.319664 0.319664 0.319664 0.319664
 0.690205 1.16124 1.16124 1.16124 1.16124
 1.87941 3.16201 3.16201 3.16201 3.16201
 1.15473 1.94278 1.94278 1.94278 1.94278
 1.46528 2.46526 2.46526 2.46526 2.46526
 0.802187 1.34964 1.34964 1.34964 1.34964
 0.901143 1.51613 1.51613 1.51613 1.51613
 0.695962 1.17092 1.17092 1.17092 1.17092
 0.763107 1.28389 1.28389 1.28389 1.28389
 0.688457 1.1583 1.1583 1.1583 1.1583
 0.82918 1.39506 1.39506 1.39506 1.39506
 0.858587 1.44453 1.44453 1.44453 1.44453
 0.813923 1.36939 1.36939 1.36939 1.36939
 0.491178 0.826384 0.826384 0.826384 0.826384
 0.463035 0.779034 0.779034 0.779034 0.779034
 0.567839 0.955362 0.955362 0.955362 0.955362
 0.618672 1.04089 1.04089 1.04089 1.04089
 0.317234 0.533732 0.533732 0.533732 0.533732
 0.288197 0.484878 0.484878 0.484878 0.484878
 1.02509 1.72466 1.72466 1.72466 1.72466
 0.837528 1.4091 1.4091 1.4091 1.4091
YTP_r0W_actual
 362662 7209.66 5367.86 13930.3 1708.84
YTP_p0W_proyectada
 74453.8 50190.6 352.407 170.204 447.501
 74453.8 75839.5 19840.4 119.838 66.5642
CTP_r0_actual
 43694.2 511.323 194.488 407.318 45.8133
CTP_p0_proyectada
 9940.43 3202.98 15.2359 5.79516 13.2279
 9940.43 4839.79 857.776 4.08027 1.96761
Wmedp
 7.49 15.67 23.13 29.37 33.83
Frms_r0
 0.837528 1.4091 1.4091 1.4091 1.4091
Zrms_r0
 1.83753 2.4091 2.4091 2.4091 2.4091
nmprior
 8.19 8.8 8.5 0
nm_flota  nm_reclas  nm_pelaces    nm_pelaL
inf 10.095 3.33954 4.79505
cv_recla  cv_pelaces  cv_mph
0.42746 0.550855 0.511449
 ------------------------------------------------
Talla a la edad & desviaci?n 
 8 13.2811 15.8009 17.003 17.5766
 0.8 1.32811 1.58009 1.7003 1.75766
