years
 1991 1992 1993 1994 1995 1996 1997 1998 1999 2000 2001 2002 2003 2004 2005 2006 2007 2008 2009 2010 2011 2012 2013 2014 2015 2016 2017 2018 2019 2020 2021
reclasobs
 0 0 0 0 0 0 0 0 0 252601 567819 844713 477998 351125 339783 2.1784e+06 2.13404e+06 4.81314e+06 1.55562e+06 2.62356e+06 3.21686e+06 3.843e+06 1.13348e+06 3.07943e+06 1.97215e+06 2.03268e+06 2.025e+06 2.42433e+06 2.27542e+06 1.05018e+06 2.36338e+06
reclaspred
 3.45043e+06 2.01499e+06 1.02716e+06 1.0266e+06 1.04042e+06 1.59379e+06 1.18942e+06 1.11263e+06 838914 658832 656529 623102 501803 580268 591226 1.21836e+06 1.24066e+06 2.70726e+06 2.5651e+06 1.93797e+06 2.90668e+06 1.94764e+06 1.54986e+06 2.71947e+06 2.1835e+06 1.99454e+06 2.33192e+06 2.42063e+06 2.06744e+06 1.38189e+06 1.91313e+06
pelacesobs
 0 0 0 0 0 0 0 0 0 0 0 0 0 0 0 552880 188675 0 991730 2.46772e+06 1.41603e+06 1.21717e+06 2.29649e+06 1.80582e+06 0 1.4828e+06 1.56532e+06 1.57751e+06 1.42118e+06 867257 1.10002e+06
pelacespred
 2.00266e+06 1.32979e+06 700465 567494 568364 903329 677103 702713 544370 416643 410496 339013 295392 382137 380971 637928 644382 1.57549e+06 1.58777e+06 1.14998e+06 1.51207e+06 1.23348e+06 917502 1.72132e+06 1.32885e+06 1.20861e+06 1.6057e+06 1.65187e+06 1.16308e+06 892818 1.23081e+06
mphobs
 0 0 0 0 0 0 0 0 0 0 0 498337 0 5186 125008 0 168611 109162 213762 579715 649985 157893 87575 83554 0 0 0 0 0 0 0
mphpred
 511181 345897 181888 97717.4 111749 123056 168654 129194 111209 84420.7 60133.4 75932.9 62784.6 44857.3 50610 61703.7 143536 142111 276621 251090 263773 254879 201995 166841 272139 237807 202203 212685 286482 206008 135025
desembarqueobs
 494567 514787 250237 358949 120608 361735 552515 73892 212993 205616 52469 317467 293654 387597 252695 516296 358380 742168 942051 627588 828172 859565 418607 520667 417249 300574 415391 372974 316634 284311 391294
desembarquepred
 494570 512864 251240 358957 120609 361739 552534 73893.1 213009 205627 52469.1 317570 293785 387590 252696 516295 358401 742134 941935 627543 828261 859675 418624 520674 417249 300575 415392 372969 316634 284316 391295
Reclutas
 359231 219354 207672 437439 356776 603113 257990 132817 121268 159149 295898 171447 144967 242732 187941 858121 201094 1.51259e+06 1.01865e+06 603785 694223 899623 234922 878974 715390 324984 715368 794731 241314 183140 693906
log_desv_Rt
 -0.0178999 -0.511179 -0.565903 0.179074 -0.0247564 0.50024 -0.348944 -1.01289 -1.10386 -0.832024 -0.211849 -0.757592 -0.925356 -0.409905 -0.665738 0.852881 -0.598094 1.41972 1.02437 0.501354 0.64093 0.900111 -0.442612 0.876891 0.670964 -0.118088 0.670933 0.77614 -0.415764 -0.691614 0.640473
SSB
 8.66821e+06 5.86546e+06 3.08432e+06 1.65702e+06 1.89495e+06 2.08668e+06 2.8599e+06 2.19078e+06 1.8858e+06 1.43154e+06 1.0197e+06 1.28761e+06 1.06465e+06 760656 858205 1.04632e+06 2.43397e+06 2.4098e+06 4.69073e+06 4.25779e+06 4.47286e+06 4.32204e+06 3.42528e+06 2.82916e+06 4.61473e+06 4.03255e+06 3.4288e+06 3.60655e+06 4.85793e+06 3.49333e+06 2.28965e+06
BT
 1.11149e+07 7.61605e+06 4.00067e+06 3.33836e+06 3.12999e+06 5.13336e+06 4.11309e+06 3.81556e+06 3.11729e+06 2.42515e+06 2.23759e+06 2.08512e+06 1.85524e+06 2.45503e+06 2.29028e+06 3.83127e+06 3.72645e+06 9.07282e+06 9.38583e+06 6.71646e+06 8.73358e+06 7.44519e+06 5.27779e+06 9.68412e+06 7.47593e+06 6.72167e+06 8.99968e+06 9.19599e+06 6.47303e+06 5.04351e+06 6.95041e+06
Ftot
 0.0493032 0.0872285 0.0838916 0.12023 0.0400556 0.0784229 0.15849 0.0229604 0.087361 0.107166 0.0277512 0.173809 0.199313 0.228076 0.146952 0.14609 0.0991591 0.094871 0.126125 0.111179 0.09798 0.151166 0.0927416 0.0663859 0.0658939 0.0519786 0.0616732 0.0534225 0.0526693 0.0707417 0.0708808
BD_Bspro_t
 0.992143 0.93883 0.867252 0.818962 0.817002 0.855414 0.85477 0.782795 0.815784 0.80477 0.79556 0.873018 0.771815 0.683243 0.68813 0.722578 0.790643 0.781312 0.8404 0.803282 0.779686 0.775336 0.760866 0.760541 0.852092 0.860196 0.866195 0.883762 0.903905 0.874726 0.844893
BD_Bspro
 3.32069 2.24699 1.18157 0.634785 0.725936 0.799385 1.09559 0.839262 0.722431 0.548407 0.390634 0.49327 0.407857 0.291399 0.328769 0.400835 0.932428 0.923169 1.79697 1.63111 1.7135 1.65573 1.31219 1.08382 1.76785 1.54483 1.31354 1.38163 1.86102 1.33826 0.877141
BD_Bo
 2.26715 1.5341 0.806697 0.433389 0.495621 0.545767 0.747999 0.572992 0.493228 0.374416 0.266699 0.336772 0.278457 0.198948 0.224462 0.273663 0.6366 0.630278 1.22685 1.11362 1.16987 1.13042 0.895873 0.73996 1.20697 1.0547 0.896795 0.943286 1.27058 0.913672 0.598853
BD_Brms
 4.12209 2.78927 1.46672 0.78798 0.901129 0.992304 1.36 1.0418 0.896778 0.680757 0.484907 0.612312 0.506286 0.361723 0.408112 0.49757 1.15745 1.14596 2.23063 2.02475 2.12703 2.05531 1.62886 1.34538 2.19449 1.91764 1.63054 1.71506 2.31015 1.66122 1.08882
Sel_flota
 0.981891 1 1 1 1
 0.981891 1 1 1 1
 0.981891 1 1 1 1
 0.981891 1 1 1 1
 0.981891 1 1 1 1
 0.981891 1 1 1 1
 0.981891 1 1 1 1
 0.981891 1 1 1 1
 0.981891 1 1 1 1
 0.981891 1 1 1 1
 0.981891 1 1 1 1
 0.981891 1 1 1 1
 0.981891 1 1 1 1
 0.981891 1 1 1 1
 0.981891 1 1 1 1
 0.981891 1 1 1 1
 0.981891 1 1 1 1
 0.981891 1 1 1 1
 0.981891 1 1 1 1
 0.981891 1 1 1 1
 0.981891 1 1 1 1
 0.981891 1 1 1 1
 0.981891 1 1 1 1
 0.981891 1 1 1 1
 0.981891 1 1 1 1
 0.981891 1 1 1 1
 0.981891 1 1 1 1
 0.981891 1 1 1 1
 0.981891 1 1 1 1
 0.981891 1 1 1 1
 0.981891 1 1 1 1
Sel_reclas
 1 1 1 1 1
 1 1 1 1 1
 1 1 1 1 1
 1 1 1 1 1
 1 1 1 1 1
 1 1 1 1 1
 1 1 1 1 1
 1 1 1 1 1
 1 1 1 1 1
 1 1 1 1 1
 1 1 1 1 1
 1 1 1 1 1
 1 1 1 1 1
 1 1 1 1 1
 1 1 1 1 1
 1 1 1 1 1
 1 1 1 1 1
 1 1 1 1 1
 1 1 1 1 1
 1 1 1 1 1
 1 1 1 1 1
 1 1 1 1 1
 1 1 1 1 1
 1 1 1 1 1
 1 1 1 1 1
 1 1 1 1 1
 1 1 1 1 1
 1 1 1 1 1
 1 1 1 1 1
 1 1 1 1 1
 1 1 1 1 1
Sel_pelaces
 1 1 1 1 1
 1 1 1 1 1
 1 1 1 1 1
 1 1 1 1 1
 1 1 1 1 1
 1 1 1 1 1
 1 1 1 1 1
 1 1 1 1 1
 1 1 1 1 1
 1 1 1 1 1
 1 1 1 1 1
 1 1 1 1 1
 1 1 1 1 1
 1 1 1 1 1
 1 1 1 1 1
 1 1 1 1 1
 1 1 1 1 1
 1 1 1 1 1
 1 1 1 1 1
 1 1 1 1 1
 1 1 1 1 1
 1 1 1 1 1
 1 1 1 1 1
 1 1 1 1 1
 1 1 1 1 1
 1 1 1 1 1
 1 1 1 1 1
 1 1 1 1 1
 1 1 1 1 1
 1 1 1 1 1
 1 1 1 1 1
pf_obs 
 0.8446 0.082 0.0669 0.0065 0
 0.8095 0.147 0.0364 0.0071 0
 0.9664 0.0169 0.016 0.0007 0
 0.9276 0.0648 0.0075 0.0001 0
 0.7033 0.2144 0.0806 0.0017 0
 0.9318 0.0425 0.0243 0.0014 0
 0.5671 0.3108 0.0964 0.0239 0.0018
 0.0768 0.2599 0.5324 0.112 0.0189
 0.490249 0.384438 0.106611 0.0170017 0.00170017
 0.7925 0.1577 0.0466 0.003 0.0002
 0.840416 0.127587 0.0312969 0.00059994 9.999e-05
 0.8084 0.0986 0.0794 0.0134 0.0002
 0.7335 0.1905 0.0724 0.0035 0.0001
 0.4001 0.4547 0.1325 0.0127 0
 0.49795 0.308269 0.164784 0.0264974 0.00249975
 0.9179 0.0499 0.0305 0.0017 0
 0.2467 0.6533 0.0926 0.0074 0
 0.9418 0.0223 0.034 0.0019 0
 0.707729 0.231977 0.0356964 0.0245975 0
 0.517169 0.277429 0.184464 0.0207286 0.00020938
 0.811772 0.124168 0.05621 0.00726502 0.000585176
 0.764997 0.148141 0.077277 0.00933861 0.000247198
 0.163321 0.427699 0.378323 0.0303852 0.000271297
 0.753843 0.0900009 0.118128 0.0371064 0.000921714
 0.721811 0.176058 0.0630433 0.0369309 0.00215725
 0.143369 0.312575 0.442814 0.0836902 0.0175525
 0.692698 0.0596174 0.167031 0.0765114 0.00414204
 0.394062 0.376323 0.152708 0.0712218 0.00568511
 0.125707 0.32114 0.495352 0.0537591 0.00404204
 0.23352 0.215282 0.420074 0.123614 0.00750983
 0.796117 0.104755 0.0508955 0.0450114 0.00322123
pf_pred 
 0.404554 0.101251 0.470672 0.0235224 6.82051e-07
 0.411852 0.240605 0.0590969 0.274716 0.0137297
 0.534305 0.193968 0.111161 0.0273031 0.133263
 0.767109 0.125545 0.044711 0.0256235 0.0370118
 0.653768 0.266801 0.0428188 0.0152493 0.0213626
 0.755482 0.16089 0.0644424 0.0103423 0.00884313
 0.483743 0.391837 0.0818672 0.0327909 0.00976233
 0.439703 0.273836 0.217422 0.0454265 0.0236119
 0.525635 0.210746 0.12884 0.102297 0.0324825
 0.669528 0.175289 0.0689428 0.0421482 0.0440913
 0.787936 0.142891 0.0366908 0.0144308 0.0180513
 0.557266 0.350212 0.0623421 0.0160079 0.0141717
 0.601144 0.224249 0.138118 0.0245866 0.0119023
 0.767404 0.140961 0.0515201 0.0317318 0.00838314
 0.666182 0.257403 0.04631 0.016926 0.013179
 0.904314 0.0641655 0.0243052 0.00437282 0.00284266
 0.395616 0.547582 0.0380902 0.0144282 0.00428329
 0.898615 0.0405789 0.0550909 0.00383216 0.00188251
 0.640031 0.324101 0.0143559 0.0194899 0.00202173
 0.535978 0.299081 0.148506 0.00657803 0.00985685
 0.649426 0.189596 0.103757 0.0515198 0.00570158
 0.713673 0.187204 0.0536072 0.0293368 0.0161791
 0.367362 0.454058 0.116758 0.0334344 0.0283879
 0.802742 0.0733503 0.0889311 0.022868 0.0121084
 0.651461 0.280828 0.0251781 0.0305264 0.0120059
 0.459042 0.354737 0.150044 0.0134524 0.0227246
 0.741498 0.119872 0.0909071 0.0384511 0.00927094
 0.701336 0.222538 0.0353014 0.0267714 0.0140537
 0.376013 0.440078 0.137033 0.0217376 0.025139
 0.448112 0.209961 0.24115 0.07509 0.025687
 0.830833 0.0766023 0.0352153 0.0404463 0.0169026
pobs_RECLAS
 0 0 0 0 0
 0 0 0 0 0
 0 0 0 0 0
 0 0 0 0 0
 0 0 0 0 0
 0 0 0 0 0
 0 0 0 0 0
 0 0 0 0 0
 0 0 0 0 0
 0 0 0 0 0
 0.991045 0.00858322 0.000360255 1.14367e-05 0
 0.934742 0.0480273 0.0164251 0.00080598 0
 0.827803 0.169806 0.00239088 0 0
 0.941827 0.0461693 0.0120037 0 0
 0.791401 0.0380133 0.147996 0.0225897 0
 0.846168 0.0940531 0.0597789 0 0
 0.134021 0.677848 0.182769 0.00536245 0
 0.80878 0.0450904 0.141981 0.00414843 0
 0.846168 0.0940531 0.0597789 0 0
 0.905697 0.0802665 0.012482 0.00150086 5.37128e-05
 0.989698 0.0102097 9.19794e-05 0 0
 0.975433 0.0193895 0.00387452 0.00125025 5.28907e-05
 0.303575 0.632131 0.0575291 0.00676475 0
 0.966965 0.00978017 0.0227588 0.000495775 0
 0.843318 0.132988 0.00938335 0.0141283 0.000182051
 0.564624 0.303363 0.111486 0.0197234 0.00080311
 0.826376 0.0876187 0.0782897 0.00655872 0.00115652
 0.89761 0.0855135 0.0140674 0.00269457 0.000114338
 0.34875 0.467042 0.161289 0.0227151 0.000203297
 0.318654 0.224769 0.449479 0.00709798 0
 0.937255 0.0296025 0.0250945 0.00804832 0
ppred_RECLAS
 0.408982 0.100498 0.467171 0.0233475 6.76979e-07
 0.41632 0.238778 0.058648 0.272629 0.0136254
 0.538882 0.192061 0.110068 0.0270347 0.131953
 0.770393 0.123775 0.0440805 0.0252622 0.0364899
 0.657907 0.263612 0.042307 0.015067 0.0211072
 0.758865 0.158664 0.0635508 0.0101992 0.00872078
 0.488376 0.388321 0.0811325 0.0324966 0.00967473
 0.444218 0.271629 0.21567 0.0450604 0.0234216
 0.530224 0.208707 0.127593 0.101307 0.0321682
 0.673598 0.173131 0.0680939 0.0416292 0.0435484
 0.790981 0.14084 0.036164 0.0142236 0.0177921
 0.561844 0.346591 0.0616974 0.0158423 0.0140251
 0.605602 0.221743 0.136574 0.0243119 0.0117693
 0.770723 0.138949 0.050785 0.0312791 0.00826353
 0.670288 0.254237 0.0457403 0.0167178 0.0130169
 0.905905 0.0630988 0.0239012 0.00430012 0.0027954
 0.400032 0.543581 0.0378119 0.0143228 0.00425199
 0.900282 0.0399119 0.0541853 0.00376917 0.00185157
 0.644278 0.320277 0.0141865 0.01926 0.00199787
 0.540565 0.296124 0.147038 0.006513 0.00975941
 0.653611 0.187332 0.102518 0.0509047 0.00563352
 0.717444 0.184738 0.0529011 0.0289503 0.0159659
 0.371654 0.450978 0.115966 0.0332076 0.0281953
 0.805636 0.0722741 0.0876263 0.0225324 0.0119307
 0.655623 0.277475 0.0248775 0.0301619 0.0118626
 0.463603 0.351746 0.148779 0.013339 0.022533
 0.745004 0.118247 0.0896742 0.0379297 0.00914521
 0.705167 0.219683 0.0348486 0.026428 0.0138735
 0.380329 0.437033 0.136085 0.0215873 0.0249651
 0.452663 0.20823 0.239161 0.0744708 0.0254752
 0.833402 0.0754392 0.0346806 0.0398322 0.016646
pobs_PELACES
 0 0 0 0 0
 0 0 0 0 0
 0 0 0 0 0
 0 0 0 0 0
 0 0 0 0 0
 0 0 0 0 0
 0 0 0 0 0
 0 0 0 0 0
 0 0 0 0 0
 0 0 0 0 0
 0 0 0 0 0
 0 0 0 0 0
 0 0 0 0 0
 0 0 0 0 0
 0 0 0 0 0
 0 0 0 0 0
 0.505614 0.472636 0.0217494 0 0
 0 0 0 0 0
 0.443492 0.261883 0.143347 0.151278 0
 0.227955 0.32914 0.350689 0.0885471 0.00366901
 0.970185 0.0296113 0.000203453 0 0
 0.997202 0.00247181 0.000326279 0 0
 0.445219 0.490057 0.0546422 0.010081 0
 0.90214 0.0892962 0.00764917 0.000914606 0
 0 0 0 0 0
 0.581667 0.319106 0.0959925 0.00289975 0.000334073
 0.762889 0.0836404 0.116647 0.0363945 0.000428098
 0.88444 0.0763242 0.0277011 0.0115352 0
 0.521256 0.241999 0.230069 0.00667565 0
 0.616807 0.101726 0.260614 0.0208532 0
 0.833518 0.0704572 0.0857862 0.0102388 0
ppred_PELACES
 0.409054 0.100486 0.467115 0.0233447 6.76897e-07
 0.416447 0.238726 0.0586353 0.27257 0.0136224
 0.539007 0.192009 0.110039 0.0270274 0.131918
 0.77052 0.123706 0.0440561 0.0252482 0.0364697
 0.657961 0.263571 0.0423003 0.0150646 0.0211039
 0.758951 0.158607 0.0635282 0.0101956 0.00871768
 0.488612 0.388141 0.081095 0.0324816 0.00967025
 0.444252 0.271613 0.215657 0.0450576 0.0234202
 0.530354 0.208649 0.127558 0.101279 0.0321593
 0.673739 0.173056 0.0680645 0.0416113 0.0435296
 0.791008 0.140821 0.0361593 0.0142218 0.0177898
 0.5621 0.346389 0.0616614 0.0158331 0.0140169
 0.605886 0.221583 0.136476 0.0242943 0.0117608
 0.770964 0.138803 0.0507317 0.0312462 0.00825485
 0.670483 0.254087 0.0457134 0.0167079 0.0130092
 0.905979 0.0630489 0.0238823 0.00429672 0.00279319
 0.400175 0.543452 0.0378029 0.0143194 0.00425098
 0.900333 0.0398915 0.0541576 0.00376724 0.00185062
 0.644451 0.320122 0.0141797 0.0192506 0.0019969
 0.54073 0.296018 0.146986 0.00651066 0.00975591
 0.653744 0.187261 0.102479 0.0508853 0.00563136
 0.717628 0.184618 0.0528668 0.0289316 0.0159556
 0.371783 0.450885 0.115942 0.0332007 0.0281895
 0.805699 0.072251 0.0875983 0.0225252 0.0119269
 0.655712 0.277404 0.0248711 0.0301541 0.0118595
 0.46368 0.351696 0.148757 0.0133371 0.0225297
 0.745074 0.118214 0.0896496 0.0379192 0.0091427
 0.705233 0.219634 0.0348407 0.026422 0.0138703
 0.380404 0.436981 0.136069 0.0215847 0.0249621
 0.452768 0.20819 0.239115 0.0744565 0.0254703
 0.833461 0.0754126 0.0346684 0.0398181 0.0166401
pobs_pel_tallas
 0 0 0 0 0 0 0 0 0 0 0 0 0 0 0 0 0 0 0 0 0 0 0 0 0 0
 0 0 0 0 0 0 0 0 0 0 0 0 0 0 0 0 0 0 0 0 0 0 0 0 0 0
 0 0 0 0 0 0 0 0 0 0 0 0 0 0 0 0 0 0 0 0 0 0 0 0 0 0
 0 0 0 0 0 0 0 0 0 0 0 0 0 0 0 0 0 0 0 0 0 0 0 0 0 0
 0 0 0 0 0 0 0 0 0 0 0 0 0 0 0 0 0 0 0 0 0 0 0 0 0 0
 0 0 0 0 0 0 0 0 0 0 0 0 0 0 0 0 0 0 0 0 0 0 0 0 0 0
 0 0 0 0 0 0 0 0 0 0 0 0 0 0 0 0 0 0 0 0 0 0 0 0 0 0
 0 0 0 0 0 0 0 0 0 0 0 0 0 0 0 0 0 0 0 0 0 0 0 0 0 0
 0 0 0 0 0 0 0 0 0 0 0 0 0 0 0 0 0 0 0 0 0 0 0 0 0 0
 0 0 0 0 0 0 0 0 0 0 0 0 0 0 0 0 0 0 0 0 0 0 0 0 0 0
 0 0 0 0 0 0 0 0 0 0 0 0 0 0 0 0 0 0 0 0 0 0 0 0 0 0
 0 0 0 0 0 0 0 0 0 0 0 0 0 0 0 0 0 0 0 0 0 0 0 0 0 0
 0.00862536 0 0 0.000197151 0.00414017 0.0128641 0.00837892 0.0270097 0.101434 0.158115 0.152841 0.127902 0.109271 0.109419 0.0830992 0.0579132 0.0238553 0.00714673 0.00463305 0.00128148 0.00103504 0.000492878 0.000147863 0.000147863 4.92878e-05 0
 0 0 0 0 0 0 0 0 0 0 0 0 0 0 0 0 0 0 0 0 0 0 0 0 0 0
 0 0 0 0 0 0 0 0.0054083 0.00873648 0.0413646 0.0450493 0.0745869 0.0622846 0.0627006 0.0613931 0.0827291 0.12552 0.122667 0.0946155 0.0697135 0.0546179 0.0294188 0.0215738 0.0213955 0.0102223 0.00600262
 0 0 0 0 0.00359764 0.0251062 0.0480494 0.140153 0.205849 0.193036 0.1447 0.116669 0.0760912 0.0342217 0.00950174 0.001854 0.000860785 0 0 0 0.000165536 0 0.000143464 0 0 0
 0 0 0 0 0 0 0 0.000145254 0.000435761 0.0275982 0.070085 0.0708112 0.156366 0.174668 0.174014 0.160142 0.0824315 0.0480064 0.0283245 0.00493863 0.00203355 0 0 0 0 0
 0 0 0 0 0 0 0 0 0 0 0 0 0 0 0 0 0 0 0 0 0 0 0 0 0 0
 0 0 1.00437e-05 0.000401748 0.00122533 0.00171747 0.00176769 0.0269171 0.070346 0.194647 0.189555 0.159765 0.064822 0.0314167 0.0384472 0.0292271 0.0345202 0.0313363 0.0194345 0.0106764 0.0143323 0.0359363 0.0279516 0.0138201 0.00172751 0
 0 0.0021121 0.0136068 0.0755702 0.200478 0.177729 0.0527432 0.0373336 0.0318909 0.0142505 0.0149659 0.0166563 0.0217959 0.0798694 0.0677717 0.0528807 0.04013 0.0224614 0.0357745 0.0225083 0.00881397 0.00855152 0.00135912 0.000746735 0 0
 0 0 0 0 5.4009e-05 0.00500934 0.000945158 0.0243581 0.138947 0.33067 0.221406 0.137944 0.0707744 0.0437923 0.0131692 0.00525238 0.0047753 0.00276346 9.45158e-05 9.00151e-06 2.25038e-05 9.00151e-06 4.50075e-06 0 0 0
 0.000866109 0.00284123 0.00948549 0.0512746 0.133035 0.25785 0.225252 0.132002 0.0553304 0.0519788 0.0540692 0.017754 0.00435017 0.00159236 0.00146478 0.000404838 0.000125132 0.000115318 0.000107957 0.000100596 0 0 0 0 0 0
 0 0 0 0 0.00144013 0.00171154 0.00461396 0.0210425 0.0478622 0.0707936 0.0888783 0.103762 0.0637923 0.0337046 0.0602308 0.124433 0.169614 0.0934646 0.0462172 0.0250306 0.0313229 0.00938855 0.002487 0.000210481 0 0
 0 0.00764035 0.051015 0.0998891 0.058973 0.0496711 0.0374665 0.0718981 0.12319 0.153886 0.159021 0.0857701 0.0377988 0.023471 0.0147837 0.00900784 0.00315554 0.000888139 0.00291439 0.00214683 0.00393193 0.00274676 0.000635225 9.99891e-05 0 0
 0 0 0 0 0 0 0 0 0 0 0 0 0 0 0 0 0 0 0 0 0 0 0 0 0 0
 0 0 0 0 0 0 0 0 0 0 0 0 0 0 0 0 0 0 0 0 0 0 0 0 0 0
 0 0 0 0 0 0 0 0 0 0 0 0 0 0 0 0 0 0 0 0 0 0 0 0 0 0
 0 0 0 0 0 0 0 0 0 0 0 0 0 0 0 0 0 0 0 0 0 0 0 0 0 0
 0 0 0 0 0 0 0 0 0 0 0 0 0 0 0 0 0 0 0 0 0 0 0 0 0 0
 0 0 0 0 0 0 0 0 0 0 0 0 0 0 0 0 0 0 0 0 0 0 0 0 0 0
 0 0 0 0 0 0 0 0 0 0 0 0 0 0 0 0 0 0 0 0 0 0 0 0 0 0
ppred_pel_tallas
 1.15847e-16 3.36932e-05 0.00032751 0.00217642 0.0098937 0.030783 0.0655869 0.0957281 0.0957385 0.065638 0.0309566 0.0104042 0.00349162 0.00331035 0.00602529 0.0107573 0.0174658 0.0260588 0.0363066 0.0478524 0.059984 0.0712735 0.0795475 0.0825329 0.0789306 0.0691967
 1.31394e-16 3.43022e-05 0.00033343 0.00221576 0.0100725 0.0313395 0.066773 0.097462 0.0974851 0.0668862 0.0317199 0.0111733 0.00498681 0.00641073 0.0116637 0.0194733 0.0286687 0.0374711 0.0442212 0.0484848 0.0514308 0.0549939 0.060393 0.0671332 0.0731703 0.0760035
 1.2826e-16 4.43973e-05 0.000431558 0.00286785 0.0130369 0.0405626 0.0864236 0.126142 0.12616 0.0865149 0.0408696 0.0139258 0.00510773 0.00534969 0.00947061 0.0158183 0.0233461 0.0305975 0.0361746 0.0396011 0.0416552 0.0437862 0.0470453 0.0513544 0.0555708 0.058143
 1.10007e-16 6.34667e-05 0.000616919 0.00409965 0.0186364 0.0579848 0.123543 0.180317 0.180329 0.123602 0.0581816 0.0192056 0.00553126 0.00375213 0.00604794 0.00997973 0.0145695 0.0187615 0.0215469 0.0225227 0.0221458 0.0213961 0.0211099 0.0215001 0.0221556 0.0224005
 1.06371e-16 5.41954e-05 0.000526799 0.00350076 0.015914 0.0495144 0.105497 0.153981 0.154006 0.105621 0.0499315 0.0171189 0.00652594 0.00713347 0.0126097 0.0207835 0.0299914 0.037845 0.0419565 0.0412536 0.0366262 0.0303149 0.0245435 0.0204544 0.0179655 0.0163314
 1.04372e-16 6.25138e-05 0.000607657 0.00403809 0.0183566 0.0571143 0.121689 0.177611 0.177627 0.121764 0.0573665 0.0190859 0.00587199 0.00462183 0.0077178 0.012743 0.0185448 0.0237281 0.0269056 0.0274279 0.025733 0.0229706 0.0202247 0.0179662 0.0160628 0.0141603
 1.07334e-16 4.02464e-05 0.00039121 0.00259973 0.011818 0.0367704 0.0783446 0.114354 0.114392 0.0785277 0.0373852 0.0135944 0.00706118 0.0101389 0.0185774 0.0307139 0.0443967 0.056165 0.0625159 0.0618448 0.0553815 0.0462924 0.037703 0.0311944 0.0266573 0.0231406
 1.14775e-16 3.65925e-05 0.000355692 0.0023637 0.0107451 0.033432 0.0712314 0.10397 0.103996 0.0713609 0.0338676 0.0120069 0.00554533 0.00734829 0.0134554 0.02255 0.0333332 0.0437105 0.0515328 0.0557742 0.0569996 0.0566576 0.0558287 0.0545164 0.0519496 0.0474324
 1.19334e-16 4.36846e-05 0.00042463 0.00282182 0.0128276 0.0399115 0.0850364 0.124117 0.124138 0.0851357 0.0402454 0.0137947 0.00525929 0.00577869 0.0103109 0.0172415 0.0254692 0.0334066 0.039494 0.0431136 0.0449335 0.0462888 0.0480902 0.0501518 0.0513874 0.050578
 1.13548e-16 5.5495e-05 0.000539431 0.00358471 0.0162956 0.0507017 0.108026 0.157671 0.157687 0.108108 0.0509772 0.0170926 0.00558991 0.00493245 0.00844574 0.0140018 0.0204733 0.0264222 0.0304474 0.0319824 0.0316426 0.0307533 0.0304262 0.0309097 0.031613 0.0316216
 1.05517e-16 6.51543e-05 0.000633323 0.00420866 0.0191319 0.0595266 0.126828 0.185112 0.185126 0.126895 0.05975 0.0197775 0.00583072 0.00417986 0.00681737 0.0112123 0.0162541 0.0206774 0.0232464 0.0234171 0.0216592 0.0191143 0.0168648 0.0153877 0.0145149 0.013769
 1.05828e-16 4.62995e-05 0.000450048 0.00299073 0.0135954 0.0423006 0.0901271 0.13155 0.131584 0.0902904 0.0428488 0.0151792 0.00696752 0.00913539 0.0165532 0.0273241 0.0394327 0.049751 0.0551212 0.054095 0.0477868 0.0390853 0.0308839 0.0247122 0.020565 0.0176242
 1.08422e-16 4.99061e-05 0.000485105 0.00322369 0.0146545 0.0455956 0.097147 0.141793 0.141815 0.0972523 0.0459495 0.015679 0.00580366 0.00614463 0.010879 0.0181171 0.0265873 0.0344692 0.039915 0.0420417 0.0413643 0.0392485 0.0368686 0.0345492 0.0319067 0.0284603
 1.06031e-16 6.35033e-05 0.000617275 0.00410201 0.0186471 0.0580182 0.123614 0.180422 0.180435 0.12368 0.058239 0.0192855 0.0057073 0.00413172 0.00676814 0.0111688 0.0162749 0.0208799 0.0238045 0.0245289 0.0234858 0.0217084 0.0201207 0.0190381 0.0181853 0.0170733
 1.05262e-16 5.52268e-05 0.000536824 0.00356739 0.0162168 0.0504567 0.107504 0.156911 0.156935 0.107624 0.050859 0.0173789 0.00648528 0.00691019 0.0121702 0.0200616 0.0289649 0.0365793 0.0406018 0.039987 0.0355664 0.0294618 0.0237794 0.0196018 0.016868 0.014917
 1.01609e-16 7.46243e-05 0.000725375 0.00482037 0.0219127 0.0681786 0.145262 0.212015 0.212021 0.145292 0.0682788 0.0222025 0.00554887 0.00231963 0.00311395 0.00506013 0.00735291 0.00939505 0.0106294 0.0107965 0.0100725 0.00891999 0.00777842 0.00684371 0.00606935 0.00531626
 1.03386e-16 3.2962e-05 0.000320402 0.00212919 0.00967901 0.0301153 0.0641657 0.0936627 0.093715 0.0644213 0.0309734 0.0121567 0.00834547 0.0138807 0.0257576 0.0424548 0.0609783 0.0763134 0.0833722 0.0798156 0.0674691 0.0511282 0.0357486 0.0241876 0.0167862 0.0123907
 1.02265e-16 7.41592e-05 0.000720854 0.00479033 0.0217761 0.0677537 0.144357 0.210693 0.210697 0.144376 0.0678184 0.0219639 0.00526527 0.00176972 0.00210148 0.00344878 0.00517473 0.00695193 0.00848561 0.00961689 0.0103673 0.0108332 0.0110325 0.0108546 0.010159 0.00891842
 1.0276e-16 5.30827e-05 0.000515982 0.00342889 0.0155872 0.0484978 0.103331 0.150821 0.150852 0.103481 0.0490031 0.0170461 0.0070887 0.00849845 0.0151932 0.0249816 0.0358631 0.044856 0.0489686 0.0468441 0.0395932 0.0300813 0.0212534 0.0147817 0.0108101 0.00856932
 1.06622e-16 4.45393e-05 0.000432938 0.00287702 0.0130786 0.0406924 0.0867005 0.126548 0.126577 0.0868408 0.0411639 0.0144424 0.00630834 0.00794917 0.0143942 0.0239207 0.0349061 0.0448319 0.051121 0.0525224 0.04975 0.0447935 0.039521 0.0347344 0.0302482 0.0256017
 1.09062e-16 5.3848e-05 0.000523422 0.00347832 0.015812 0.049197 0.10482 0.152992 0.15301 0.104909 0.0494959 0.0166771 0.00565667 0.00530107 0.00919355 0.0152883 0.0224319 0.0290893 0.0337284 0.0356565 0.0353779 0.0341059 0.03284 0.0317759 0.0304222 0.0281639
 1.07175e-16 5.91101e-05 0.000574571 0.00381823 0.0173571 0.0540045 0.115063 0.167942 0.167959 0.11515 0.0542976 0.0182042 0.00594727 0.00523137 0.00893042 0.0147432 0.021408 0.0273025 0.0308231 0.0312621 0.029221 0.0261559 0.0234241 0.0215849 0.0203736 0.0191632
 1.11562e-16 3.06234e-05 0.00029767 0.00197813 0.0089923 0.0279786 0.059613 0.0870161 0.0870596 0.0598258 0.0286935 0.0110584 0.00716903 0.0116448 0.0216266 0.0358258 0.0518933 0.0658732 0.073749 0.0736876 0.067101 0.0575891 0.0486499 0.0419662 0.037278 0.0334026
 1.06824e-16 6.63643e-05 0.000645085 0.00428682 0.0194873 0.0606321 0.129183 0.188548 0.188555 0.129218 0.0607491 0.0198267 0.00514521 0.00253999 0.00372713 0.00621961 0.00933651 0.01255 0.0153584 0.0175263 0.0191642 0.0205166 0.0216443 0.0222957 0.02207 0.0207074
 1.0582e-16 5.40101e-05 0.000524998 0.0034888 0.0158596 0.0493452 0.105136 0.153455 0.153482 0.105267 0.0497836 0.0171257 0.00666652 0.00746066 0.0132228 0.0217676 0.0313415 0.0394054 0.0434269 0.0422827 0.0369532 0.0298774 0.0234894 0.0190594 0.0165119 0.0150136
 1.09533e-16 3.81928e-05 0.000371248 0.00246707 0.011215 0.0348941 0.0743469 0.108519 0.108553 0.0745134 0.0354536 0.0128328 0.00653568 0.00927823 0.0170281 0.0282835 0.0411907 0.0527418 0.0598661 0.0611128 0.0574269 0.0513231 0.045177 0.0400279 0.0356106 0.0311939
 1.07968e-16 6.13708e-05 0.000596546 0.00396426 0.018021 0.0560699 0.119463 0.174363 0.174374 0.11952 0.0562595 0.0185702 0.00534914 0.00364066 0.00590456 0.00982759 0.0145373 0.0191011 0.0226072 0.0246449 0.0254974 0.0258157 0.026051 0.0261318 0.0256024 0.0240266
 1.06059e-16 5.80892e-05 0.000564647 0.00375228 0.0170573 0.0530718 0.113076 0.165042 0.165063 0.113179 0.0534194 0.0180616 0.00627411 0.0060729 0.0105288 0.0173409 0.0250418 0.0316445 0.0351776 0.0347682 0.0311723 0.0262533 0.0218316 0.0187965 0.0170002 0.0157514
 1.10428e-16 3.13334e-05 0.000304572 0.00202399 0.0092008 0.0286273 0.0609951 0.089033 0.0890752 0.0612015 0.0293209 0.0112056 0.00706215 0.0113226 0.0210146 0.0348439 0.0505482 0.0643185 0.0722731 0.0726095 0.0666171 0.0576607 0.049001 0.042196 0.0370264 0.0324871
 1.18731e-16 3.72939e-05 0.00036251 0.00240901 0.010951 0.0340728 0.0725964 0.105961 0.105981 0.0726964 0.0344094 0.0119278 0.00487813 0.00581028 0.0105538 0.0178361 0.0267443 0.0358594 0.0437289 0.0496733 0.0540364 0.0575737 0.0605238 0.0622147 0.0615116 0.0576508
 1.07829e-16 6.86511e-05 0.000667313 0.00443453 0.0201587 0.0627213 0.133635 0.195045 0.195053 0.133671 0.0628417 0.0205072 0.00531201 0.00259253 0.00375427 0.00617727 0.00908564 0.0118523 0.013908 0.0150465 0.015554 0.0159801 0.0167208 0.0177428 0.0186269 0.0188442
pSPR Fmed_Fpbrs
0.833183   0.6 0.325
Fs Fmed_Fpbrs
0.0855192   0.25135 0.602359
SSBpbr Bo_Bmed_Bpbrs
3.8234e+06  2.99442e+06  2.10287e+06 1.05143e+06
Ro
365719
SPR SPRFo_SPRFmed_SPRFpbrs
2.61036e+06 2.17491e+06 848367
Fref
0.25135
Nvult_r0
 455795 41312.5 18992 21813.2 9115.77
CTP_r0
 29658 2734.44 1257.07 1443.8 603.366
YTP_r0
391295
Np
 531414 152741 68128.1 6162.97 3643.85
Nvult_p0
 378673 109039 48635.4 4399.63 2601.28
CTP_p0
 74956.7 34143.4 3088.66 1419.91 2189.72
 74956.7 21901.9 9769.05 883.723 522.5
YTP_p0
 1.28367e+06 1.17422e+06
CBA_c0
1.25084e+06
log_Ro
12.6296
likeval ReclasPelacesDesembMPH_pf_preclas_ppelaces_ptallas_desvR_qrecl_qpela
 20.2464 18.2243 0.151888 67.1875 245.958 125.727 99.3991 0 21.0763 5.22192e-05 3.51056e-05 0.760901 9.23503e-16 0 0
q_reclas_q_pelaces
0.359157 0.43044
M
1
N
 359231 88312.1 410524 20516.5 0.594891
 219354 125908 30925.3 143758 7184.71
 207672 74071.9 42449.9 10426.4 50890.3
 437439 70357.4 25056.8 14359.8 20742
 356776 143006 22950.9 8173.64 11450.4
 603113 126189 50543.3 8111.66 6935.82
 257990 205429 42920.7 17191.4 5118.12
 132817 81231.3 64496.5 13475.4 7004.28
 121268 47771.3 29205 23188.4 7363.04
 159149 40944.7 16103.9 9845.15 10299
 295898 52700 13532 5322.26 6657.54
 171447 105929 18856.6 4841.9 4286.5
 144967 53176.2 32751.8 5830.22 2822.38
 242732 43851.3 16027.4 9871.42 2607.9
 187941 71379.7 12842.1 4693.7 3654.64
 858121 59849.6 22670.4 4078.69 2651.46
 201094 273500 19024.8 7206.42 2139.36
 1.51259e+06 67114.9 91116.8 6338.15 3113.56
 1.01865e+06 506958 22455.5 30486.1 3162.38
 603785 331090 164400 7282.04 10911.8
 694223 199149 108985 54115.7 5988.87
 899623 231965 66424.9 36351.3 20047.5
 234922 285301 73363.1 21008.1 17837.1
 878974 78900.7 95660.4 24598.4 13024.6
 715390 302951 27161.6 32931.1 12951.7
 324984 246689 104342 9354.99 15803
 715368 113606 86155.1 36441.2 8786.32
 794731 247706 39293.8 29799 15643.1
 241314 277425 86385.4 13703.4 15847.6
 183140 84300.3 96822.5 30148.9 10313.4
 693906 62852.4 28894.3 33186.3 13868.6
pred_Ctot
 10773.7 2696.41 12534.4 626.425 0.0181637
 11461.6 6695.88 1644.63 7645.14 382.087
 10450.1 3793.7 2174.13 534.005 2606.42
 31088.5 5087.94 1812 1038.44 1499.97
 8725.85 3561 571.503 203.533 285.127
 28433.3 6055.24 2425.35 389.243 332.82
 23802.9 19280.6 4028.34 1613.5 480.363
 1875.04 1167.73 927.163 193.714 100.689
 6345.71 2544.23 1555.41 1234.98 392.144
 10134.7 2653.36 1043.59 637.999 667.412
 5039.11 913.834 234.649 92.2897 115.444
 17241.7 10835.5 1928.85 495.281 438.469
 16549.9 6173.73 3802.47 676.886 327.677
 31352.4 5758.97 2104.86 1296.41 342.495
 16151.8 6240.82 1122.8 410.376 319.53
 73340.4 5203.86 1971.17 354.638 230.542
 11887.2 16453.4 1144.51 433.53 128.702
 85695.3 3869.76 5253.67 365.449 179.524
 75765.1 38366.2 1699.42 2307.17 239.326
 39824.9 22222.7 11034.5 488.769 732.397
 40568.9 11843.8 6481.59 3218.38 356.171
 79398.1 20827 5963.96 3263.8 1799.97
 13021.8 16094.9 4138.69 1185.14 1006.26
 35249.7 3220.92 3905.1 1004.17 531.698
 28482.5 12278.1 1100.81 1334.64 524.91
 10264.3 7932.02 3355.02 300.8 508.128
 26702.9 4316.85 3273.75 1384.71 333.866
 25782.9 8181.07 1297.77 984.184 516.652
 7720.78 9036.24 2813.73 446.345 516.186
 7812.58 3660.56 4204.32 1309.15 447.839
 29658 2734.44 1257.07 1443.8 603.366
F
 0.0484104 0.0493032 0.0493032 0.0493032 0.0493032
 0.0856489 0.0872285 0.0872285 0.0872285 0.0872285
 0.0823724 0.0838916 0.0838916 0.0838916 0.0838916
 0.118052 0.12023 0.12023 0.12023 0.12023
 0.0393302 0.0400556 0.0400556 0.0400556 0.0400556
 0.0770028 0.0784229 0.0784229 0.0784229 0.0784229
 0.15562 0.15849 0.15849 0.15849 0.15849
 0.0225446 0.0229604 0.0229604 0.0229604 0.0229604
 0.085779 0.087361 0.087361 0.087361 0.087361
 0.105225 0.107166 0.107166 0.107166 0.107166
 0.0272487 0.0277512 0.0277512 0.0277512 0.0277512
 0.170662 0.173809 0.173809 0.173809 0.173809
 0.195704 0.199313 0.199313 0.199313 0.199313
 0.223946 0.228076 0.228076 0.228076 0.228076
 0.144291 0.146952 0.146952 0.146952 0.146952
 0.143444 0.14609 0.14609 0.14609 0.14609
 0.0973635 0.0991591 0.0991591 0.0991591 0.0991591
 0.0931531 0.094871 0.094871 0.094871 0.094871
 0.123841 0.126125 0.126125 0.126125 0.126125
 0.109166 0.111179 0.111179 0.111179 0.111179
 0.0962057 0.09798 0.09798 0.09798 0.09798
 0.148429 0.151166 0.151166 0.151166 0.151166
 0.0910622 0.0927416 0.0927416 0.0927416 0.0927416
 0.0651838 0.0663859 0.0663859 0.0663859 0.0663859
 0.0647006 0.0658939 0.0658939 0.0658939 0.0658939
 0.0510374 0.0519786 0.0519786 0.0519786 0.0519786
 0.0605563 0.0616732 0.0616732 0.0616732 0.0616732
 0.0524551 0.0534225 0.0534225 0.0534225 0.0534225
 0.0517155 0.0526693 0.0526693 0.0526693 0.0526693
 0.0694607 0.0707417 0.0707417 0.0707417 0.0707417
 0.0695973 0.0708808 0.0708808 0.0708808 0.0708808
YTP_r0W_actual
 246161 38555.6 34695.1 49377.9 22505.6
YTP_p0W_proyectada
 561426 535027 71440.7 41702.7 74078.2
 561426 343203 225958 25954.9 17676.2
CTP_r0_actual
 29658 2734.44 1257.07 1443.8 603.366
CTP_p0_proyectada
 74956.7 34143.4 3088.66 1419.91 2189.72
 74956.7 21901.9 9769.05 883.723 522.5
Wmedp
 7.49 15.67 23.13 29.37 33.83
Frms_r0
 0.0695973 0.0708808 0.0708808 0.0708808 0.0708808
Zrms_r0
 1.0696 1.07088 1.07088 1.07088 1.07088
nmprior
 8.19 8.8 8.5 0
nm_flota  nm_reclas  nm_pelaces    nm_pelaL
inf 10.4987 16.8199 39.2256
cv_recla  cv_pelaces  cv_mph
0.407005 0.484059 0.758876
 ------------------------------------------------
Talla a la edad & desviaci?n 
 8 13.2811 15.8009 17.003 17.5766
 0.8 1.32811 1.58009 1.7003 1.75766
