years
 1991 1992 1993 1994 1995 1996 1997 1998 1999 2000 2001 2002 2003 2004 2005 2006 2007 2008 2009 2010 2011 2012 2013 2014 2015 2016 2017 2018 2019 2020 2021
reclasobs
 0 0 0 0 0 0 0 0 0 252601 567819 844713 477998 351125 339783 2.1784e+06 2.13404e+06 4.81314e+06 1.55562e+06 2.62356e+06 3.21686e+06 3.843e+06 1.13348e+06 3.07943e+06 1.97215e+06 2.03268e+06 2.025e+06 2.42433e+06 2.27542e+06 1.05018e+06 2.36338e+06
reclaspred
 3.40422e+06 1.91732e+06 975216 1.04601e+06 1.09328e+06 1.75471e+06 1.17173e+06 1.06679e+06 787644 594179 672874 610908 405631 605404 588084 1.27892e+06 1.18429e+06 2.90632e+06 2.74231e+06 2.02644e+06 2.95194e+06 1.94825e+06 1.46758e+06 2.77482e+06 2.20786e+06 2.02493e+06 2.41337e+06 2.54553e+06 2.09277e+06 1.34534e+06 1.93649e+06
pelacesobs
 0 0 0 0 0 0 0 0 0 0 0 0 0 0 0 552880 188675 0 991730 2.46772e+06 1.41603e+06 1.21717e+06 2.29649e+06 1.80582e+06 0 1.4828e+06 1.56532e+06 1.57751e+06 1.42118e+06 867257 1.10002e+06
pelacespred
 1.96088e+06 1.23103e+06 627694 552070 595712 996029 634138 691361 503727 363918 417581 312805 217021 377566 365047 645916 599095 1.69285e+06 1.65795e+06 1.15211e+06 1.53814e+06 1.1494e+06 845256 1.77346e+06 1.32969e+06 1.23065e+06 1.68072e+06 1.7523e+06 1.18593e+06 863556 1.24579e+06
mphobs
 0 0 0 0 0 0 0 0 0 0 0 498337 0 5186 125008 0 168611 109162 213762 579715 649985 157893 87575 83554 0 0 0 0 0 0 0
mphpred
 537387 360595 180935 99501.5 119275 140397 190259 127362 113013 80742.2 55372.7 83144.9 57418.8 31816.7 49446.6 59288.3 150674 138336 306269 270504 281611 263573 202695 162831 291546 255824 217384 231568 320205 219692 136374
desembarqueobs
 494567 514787 250237 358949 120608 361735 552515 73892 212993 205616 52469 317467 293654 387597 252695 516296 358380 742168 942051 627588 828172 859565 418607 520667 417249 300574 415391 372974 316634 284311 391294
desembarquepred
 494575 513333 251010 358973 120612 361749 552566 73895.6 213035 205649 52469.8 317688 293950 387528 252690 516284 358428 742092 941784 627468 828366 859749 418634 520684 417247 300578 415395 372963 316631 284323 391301
Reclutas
 206537 116393 116801 222453 180804 302881 127730 61059 56094.7 75214.2 145588 86927.9 67695.4 150654 94580.8 438338 93524.7 769870 543326 334419 352719 473903 116369 414556 344534 154109 335223 373164 114437 86072.1 321279
log_desv_Rt
 0.121762 -0.451749 -0.448246 0.195998 -0.0113026 0.504623 -0.358796 -1.09688 -1.18168 -0.888377 -0.227936 -0.743637 -0.993699 -0.193733 -0.659262 0.874272 -0.670491 1.4375 1.08899 0.603679 0.656954 0.952286 -0.451948 0.818492 0.633476 -0.171059 0.606079 0.713301 -0.468692 -0.753532 0.563592
SSB
 3.37934e+06 2.26758e+06 1.1378e+06 625711 750056 882877 1.19644e+06 800912 710677 507744 348209 522853 361075 200078 310943 372832 947506 869922 1.92596e+06 1.70105e+06 1.7709e+06 1.65747e+06 1.27464e+06 1.02396e+06 1.83337e+06 1.60874e+06 1.36701e+06 1.4562e+06 2.01359e+06 1.38152e+06 857580
BT
 4.54156e+06 3.09691e+06 1.56996e+06 1.4613e+06 1.34629e+06 2.40073e+06 1.82907e+06 1.51706e+06 1.27042e+06 964030 923040 928394 731698 1.20749e+06 1.02253e+06 1.7803e+06 1.5431e+06 4.21801e+06 4.38487e+06 2.9888e+06 3.89109e+06 3.25559e+06 2.14986e+06 4.22129e+06 3.17509e+06 2.85264e+06 3.95886e+06 4.06053e+06 2.75577e+06 2.09118e+06 2.9975e+06
Ftot
 0.125107 0.226795 0.220073 0.310608 0.0991557 0.190052 0.400587 0.0617604 0.239322 0.30425 0.0738187 0.445616 0.616938 0.598174 0.397198 0.384562 0.262721 0.244208 0.30868 0.274616 0.249373 0.391624 0.248108 0.178719 0.168819 0.131436 0.160098 0.137604 0.129535 0.183094 0.19155
BD_Bspro_t
 0.980182 0.855092 0.703496 0.619973 0.629998 0.707064 0.706269 0.569524 0.625465 0.594041 0.571367 0.732354 0.53179 0.36972 0.444521 0.479444 0.593389 0.561705 0.682425 0.619847 0.581654 0.567722 0.540015 0.530863 0.692687 0.708844 0.719324 0.753814 0.795952 0.734472 0.67188
BD_Bspro
 2.58917 1.73737 0.871758 0.479406 0.574676 0.676441 0.916683 0.613641 0.544505 0.389022 0.26679 0.400598 0.276648 0.153295 0.238237 0.285655 0.725958 0.666515 1.47563 1.30331 1.35682 1.26991 0.976598 0.784532 1.40469 1.23258 1.04737 1.11571 1.54277 1.05849 0.657059
BD_Bo
 1.76279 1.18285 0.593519 0.326394 0.391257 0.460541 0.624106 0.417785 0.370715 0.264858 0.181639 0.272739 0.18835 0.104368 0.162199 0.194483 0.494254 0.453783 1.00465 0.887331 0.923767 0.864595 0.664897 0.534133 0.956356 0.839176 0.713083 0.759609 1.05036 0.720653 0.447345
BD_Brms
 3.20507 2.15065 1.07913 0.593443 0.711376 0.837348 1.13474 0.759609 0.674028 0.48156 0.330252 0.49589 0.342455 0.18976 0.294908 0.353605 0.898644 0.825061 1.82664 1.61333 1.67958 1.57199 1.2089 0.971151 1.73883 1.52577 1.29651 1.38111 1.90975 1.31028 0.813355
Sel_flota
 0.817114 1 1 1 1
 0.817114 1 1 1 1
 0.817114 1 1 1 1
 0.817114 1 1 1 1
 0.817114 1 1 1 1
 0.817114 1 1 1 1
 0.817114 1 1 1 1
 0.817114 1 1 1 1
 0.817114 1 1 1 1
 0.817114 1 1 1 1
 0.817114 1 1 1 1
 0.817114 1 1 1 1
 0.817114 1 1 1 1
 0.817114 1 1 1 1
 0.817114 1 1 1 1
 0.817114 1 1 1 1
 0.817114 1 1 1 1
 0.817114 1 1 1 1
 0.817114 1 1 1 1
 0.817114 1 1 1 1
 0.817114 1 1 1 1
 0.817114 1 1 1 1
 0.817114 1 1 1 1
 0.817114 1 1 1 1
 0.817114 1 1 1 1
 0.817114 1 1 1 1
 0.817114 1 1 1 1
 0.817114 1 1 1 1
 0.817114 1 1 1 1
 0.817114 1 1 1 1
 0.817114 1 1 1 1
Sel_reclas
 1 1 1 1 1
 1 1 1 1 1
 1 1 1 1 1
 1 1 1 1 1
 1 1 1 1 1
 1 1 1 1 1
 1 1 1 1 1
 1 1 1 1 1
 1 1 1 1 1
 1 1 1 1 1
 1 1 1 1 1
 1 1 1 1 1
 1 1 1 1 1
 1 1 1 1 1
 1 1 1 1 1
 1 1 1 1 1
 1 1 1 1 1
 1 1 1 1 1
 1 1 1 1 1
 1 1 1 1 1
 1 1 1 1 1
 1 1 1 1 1
 1 1 1 1 1
 1 1 1 1 1
 1 1 1 1 1
 1 1 1 1 1
 1 1 1 1 1
 1 1 1 1 1
 1 1 1 1 1
 1 1 1 1 1
 1 1 1 1 1
Sel_pelaces
 1 1 1 1 1
 1 1 1 1 1
 1 1 1 1 1
 1 1 1 1 1
 1 1 1 1 1
 1 1 1 1 1
 1 1 1 1 1
 1 1 1 1 1
 1 1 1 1 1
 1 1 1 1 1
 1 1 1 1 1
 1 1 1 1 1
 1 1 1 1 1
 1 1 1 1 1
 1 1 1 1 1
 1 1 1 1 1
 1 1 1 1 1
 1 1 1 1 1
 1 1 1 1 1
 1 1 1 1 1
 1 1 1 1 1
 1 1 1 1 1
 1 1 1 1 1
 1 1 1 1 1
 1 1 1 1 1
 1 1 1 1 1
 1 1 1 1 1
 1 1 1 1 1
 1 1 1 1 1
 1 1 1 1 1
 1 1 1 1 1
pf_obs 
 0.8446 0.082 0.0669 0.0065 0
 0.8095 0.147 0.0364 0.0071 0
 0.9664 0.0169 0.016 0.0007 0
 0.9276 0.0648 0.0075 0.0001 0
 0.7033 0.2144 0.0806 0.0017 0
 0.9318 0.0425 0.0243 0.0014 0
 0.5671 0.3108 0.0964 0.0239 0.0018
 0.0768 0.2599 0.5324 0.112 0.0189
 0.490249 0.384438 0.106611 0.0170017 0.00170017
 0.7925 0.1577 0.0466 0.003 0.0002
 0.840416 0.127587 0.0312969 0.00059994 9.999e-05
 0.8084 0.0986 0.0794 0.0134 0.0002
 0.7335 0.1905 0.0724 0.0035 0.0001
 0.4001 0.4547 0.1325 0.0127 0
 0.49795 0.308269 0.164784 0.0264974 0.00249975
 0.9179 0.0499 0.0305 0.0017 0
 0.2467 0.6533 0.0926 0.0074 0
 0.9418 0.0223 0.034 0.0019 0
 0.707729 0.231977 0.0356964 0.0245975 0
 0.517169 0.277429 0.184464 0.0207286 0.00020938
 0.811772 0.124168 0.05621 0.00726502 0.000585176
 0.764997 0.148141 0.077277 0.00933861 0.000247198
 0.163321 0.427699 0.378323 0.0303852 0.000271297
 0.753843 0.0900009 0.118128 0.0371064 0.000921714
 0.721811 0.176058 0.0630433 0.0369309 0.00215725
 0.143369 0.312575 0.442814 0.0836902 0.0175525
 0.692698 0.0596174 0.167031 0.0765114 0.00414204
 0.394062 0.376323 0.152708 0.0712218 0.00568511
 0.125707 0.32114 0.495352 0.0537591 0.00404204
 0.23352 0.215282 0.420074 0.123614 0.00750983
 0.796117 0.104755 0.0508955 0.0450114 0.00322123
pf_pred 
 0.44786 0.117551 0.411084 0.0235049 7.77816e-07
 0.414193 0.293808 0.0621668 0.217401 0.0124309
 0.561723 0.20602 0.116487 0.0246475 0.0911223
 0.761457 0.147032 0.0430164 0.0243221 0.0241724
 0.652707 0.278426 0.0424479 0.0124188 0.0140003
 0.741014 0.18109 0.0624494 0.00952083 0.00592566
 0.467994 0.415717 0.0813125 0.0280409 0.00693575
 0.43937 0.296902 0.20608 0.0403085 0.0173387
 0.517588 0.236971 0.129982 0.090221 0.0252377
 0.680043 0.183685 0.0669395 0.0367173 0.0326147
 0.801637 0.144606 0.0308617 0.0112468 0.0116488
 0.547687 0.37674 0.0550922 0.0117578 0.00872278
 0.612663 0.235905 0.12613 0.0184445 0.00685675
 0.851985 0.0999145 0.0292953 0.0156632 0.00314198
 0.673726 0.288077 0.025784 0.00755997 0.00485288
 0.913927 0.0624365 0.0208689 0.00186785 0.000899215
 0.3812 0.57631 0.0308219 0.010302 0.00136597
 0.909752 0.0394324 0.0473265 0.00253109 0.00095817
 0.644617 0.329389 0.0113578 0.0136316 0.00100502
 0.555648 0.30957 0.124923 0.00430754 0.00555105
 0.646323 0.216449 0.0956042 0.0385798 0.00304462
 0.723895 0.192398 0.0512283 0.0226273 0.00985154
 0.370719 0.484679 0.100763 0.0268292 0.0170098
 0.806919 0.0821694 0.0854251 0.0177595 0.00772665
 0.644774 0.298069 0.0243241 0.0252879 0.00754451
 0.444043 0.385548 0.14299 0.0116688 0.0157504
 0.730472 0.134186 0.0938577 0.0348094 0.00667491
 0.687148 0.241342 0.0356019 0.0249021 0.0110065
 0.360287 0.468131 0.132362 0.0195256 0.0196938
 0.436452 0.23185 0.242731 0.0686313 0.0203357
 0.827612 0.0847431 0.0360582 0.0377505 0.0138365
pobs_RECLAS
 0 0 0 0 0
 0 0 0 0 0
 0 0 0 0 0
 0 0 0 0 0
 0 0 0 0 0
 0 0 0 0 0
 0 0 0 0 0
 0 0 0 0 0
 0 0 0 0 0
 0 0 0 0 0
 0.991045 0.00858322 0.000360255 1.14367e-05 0
 0.934742 0.0480273 0.0164251 0.00080598 0
 0.827803 0.169806 0.00239088 0 0
 0.941827 0.0461693 0.0120037 0 0
 0.791401 0.0380133 0.147996 0.0225897 0
 0.846168 0.0940531 0.0597789 0 0
 0.134021 0.677848 0.182769 0.00536245 0
 0.80878 0.0450904 0.141981 0.00414843 0
 0.846168 0.0940531 0.0597789 0 0
 0.905697 0.0802665 0.012482 0.00150086 5.37128e-05
 0.989698 0.0102097 9.19794e-05 0 0
 0.975433 0.0193895 0.00387452 0.00125025 5.28907e-05
 0.303575 0.632131 0.0575291 0.00676475 0
 0.966965 0.00978017 0.0227588 0.000495775 0
 0.843318 0.132988 0.00938335 0.0141283 0.000182051
 0.564624 0.303363 0.111486 0.0197234 0.00080311
 0.826376 0.0876187 0.0782897 0.00655872 0.00115652
 0.89761 0.0855135 0.0140674 0.00269457 0.000114338
 0.34875 0.467042 0.161289 0.0227151 0.000203297
 0.318654 0.224769 0.449479 0.00709798 0
 0.937255 0.0296025 0.0250945 0.00804832 0
ppred_RECLAS
 0.498684 0.106731 0.373244 0.0213412 7.06219e-07
 0.464905 0.268373 0.0567851 0.198581 0.0113548
 0.611606 0.182572 0.103229 0.0218422 0.0807513
 0.797149 0.125032 0.03658 0.0206829 0.0205556
 0.697317 0.242662 0.0369955 0.0108236 0.012202
 0.778431 0.154927 0.0534271 0.00814532 0.00506956
 0.520453 0.374725 0.0732947 0.0252759 0.00625185
 0.48981 0.27019 0.187539 0.0366819 0.0157788
 0.568735 0.211847 0.116201 0.0806555 0.0225619
 0.723464 0.158758 0.0578552 0.0317345 0.0281886
 0.831978 0.122487 0.0261412 0.0095265 0.009867
 0.599299 0.333751 0.0488057 0.0104161 0.00772744
 0.662534 0.205532 0.109891 0.0160697 0.00597393
 0.877157 0.082923 0.0243133 0.0129995 0.00260765
 0.7181 0.248898 0.0222773 0.0065318 0.00419288
 0.929052 0.0514653 0.0172019 0.00153964 0.000741207
 0.431031 0.5299 0.0283398 0.00947236 0.00125597
 0.925327 0.0326272 0.039159 0.00209428 0.000792811
 0.69068 0.286694 0.00988566 0.0118647 0.000874754
 0.606015 0.274481 0.110763 0.00381928 0.00492184
 0.69199 0.1885 0.0832597 0.0335984 0.00265149
 0.763812 0.164583 0.0438221 0.019356 0.00842727
 0.420034 0.446697 0.0928661 0.0247267 0.0156768
 0.836879 0.0694193 0.0721698 0.0150038 0.00652772
 0.690194 0.259957 0.021214 0.0220545 0.00657985
 0.494851 0.350313 0.129922 0.0106024 0.014311
 0.768832 0.115088 0.0804994 0.0298552 0.0057249
 0.729306 0.20882 0.0308043 0.0215464 0.00952331
 0.408546 0.432816 0.122377 0.0180526 0.0182082
 0.487399 0.21089 0.220787 0.0624267 0.0184973
 0.85497 0.0712944 0.0303358 0.0317595 0.0116406
pobs_PELACES
 0 0 0 0 0
 0 0 0 0 0
 0 0 0 0 0
 0 0 0 0 0
 0 0 0 0 0
 0 0 0 0 0
 0 0 0 0 0
 0 0 0 0 0
 0 0 0 0 0
 0 0 0 0 0
 0 0 0 0 0
 0 0 0 0 0
 0 0 0 0 0
 0 0 0 0 0
 0 0 0 0 0
 0 0 0 0 0
 0.505614 0.472636 0.0217494 0 0
 0 0 0 0 0
 0.443492 0.261883 0.143347 0.151278 0
 0.227955 0.32914 0.350689 0.0885471 0.00366901
 0.970185 0.0296113 0.000203453 0 0
 0.997202 0.00247181 0.000326279 0 0
 0.445219 0.490057 0.0546422 0.010081 0
 0.90214 0.0892962 0.00764917 0.000914606 0
 0 0 0 0 0
 0.581667 0.319106 0.0959925 0.00289975 0.000334073
 0.762889 0.0836404 0.116647 0.0363945 0.000428098
 0.88444 0.0763242 0.0277011 0.0115352 0
 0.521256 0.241999 0.230069 0.00667565 0
 0.616807 0.101726 0.260614 0.0208532 0
 0.833518 0.0704572 0.0857862 0.0102388 0
ppred_PELACES
 0.500572 0.106329 0.371838 0.0212609 7.03559e-07
 0.468312 0.266665 0.0564236 0.197317 0.0112825
 0.614756 0.181091 0.102392 0.0216651 0.0800963
 0.800164 0.123174 0.0360364 0.0203756 0.0202501
 0.698578 0.241651 0.0368413 0.0107785 0.0121511
 0.780403 0.153548 0.0529516 0.00807283 0.00502444
 0.526483 0.370013 0.0723729 0.024958 0.00617322
 0.490741 0.269697 0.187197 0.0366149 0.0157499
 0.572274 0.210108 0.115248 0.0799936 0.0223767
 0.727123 0.156657 0.0570898 0.0313146 0.0278156
 0.8326 0.122034 0.0260444 0.00949124 0.00983048
 0.60574 0.328387 0.0480212 0.0102487 0.00760324
 0.670808 0.200492 0.107196 0.0156757 0.00582746
 0.880994 0.0803327 0.0235538 0.0125934 0.00252619
 0.722928 0.244635 0.0218959 0.00641995 0.00412108
 0.930567 0.0503666 0.0168347 0.00150677 0.000725383
 0.434924 0.526275 0.0281459 0.00940756 0.00124737
 0.926339 0.032185 0.0386283 0.0020659 0.000782066
 0.694646 0.283019 0.00975892 0.0117126 0.000863539
 0.609965 0.271729 0.109653 0.00378099 0.00487249
 0.695189 0.186543 0.082395 0.0332495 0.00262396
 0.768049 0.16163 0.0430359 0.0190087 0.00827608
 0.423686 0.443884 0.0922814 0.024571 0.0155781
 0.838346 0.0687949 0.0715207 0.0148688 0.00646901
 0.692369 0.258133 0.0210651 0.0218997 0.00653367
 0.496834 0.348938 0.129412 0.0105608 0.0142548
 0.770545 0.114235 0.079903 0.029634 0.00568248
 0.730943 0.207557 0.0306181 0.0214161 0.00946574
 0.410436 0.431433 0.121986 0.0179949 0.01815
 0.49016 0.209754 0.219598 0.0620905 0.0183976
 0.856397 0.0705926 0.0300372 0.0314469 0.0115261
pobs_pel_tallas
 0 0 0 0 0 0 0 0 0 0 0 0 0 0 0 0 0 0 0 0 0 0 0 0 0 0
 0 0 0 0 0 0 0 0 0 0 0 0 0 0 0 0 0 0 0 0 0 0 0 0 0 0
 0 0 0 0 0 0 0 0 0 0 0 0 0 0 0 0 0 0 0 0 0 0 0 0 0 0
 0 0 0 0 0 0 0 0 0 0 0 0 0 0 0 0 0 0 0 0 0 0 0 0 0 0
 0 0 0 0 0 0 0 0 0 0 0 0 0 0 0 0 0 0 0 0 0 0 0 0 0 0
 0 0 0 0 0 0 0 0 0 0 0 0 0 0 0 0 0 0 0 0 0 0 0 0 0 0
 0 0 0 0 0 0 0 0 0 0 0 0 0 0 0 0 0 0 0 0 0 0 0 0 0 0
 0 0 0 0 0 0 0 0 0 0 0 0 0 0 0 0 0 0 0 0 0 0 0 0 0 0
 0 0 0 0 0 0 0 0 0 0 0 0 0 0 0 0 0 0 0 0 0 0 0 0 0 0
 0 0 0 0 0 0 0 0 0 0 0 0 0 0 0 0 0 0 0 0 0 0 0 0 0 0
 0 0 0 0 0 0 0 0 0 0 0 0 0 0 0 0 0 0 0 0 0 0 0 0 0 0
 0 0 0 0 0 0 0 0 0 0 0 0 0 0 0 0 0 0 0 0 0 0 0 0 0 0
 0.00862536 0 0 0.000197151 0.00414017 0.0128641 0.00837892 0.0270097 0.101434 0.158115 0.152841 0.127902 0.109271 0.109419 0.0830992 0.0579132 0.0238553 0.00714673 0.00463305 0.00128148 0.00103504 0.000492878 0.000147863 0.000147863 4.92878e-05 0
 0 0 0 0 0 0 0 0 0 0 0 0 0 0 0 0 0 0 0 0 0 0 0 0 0 0
 0 0 0 0 0 0 0 0.0054083 0.00873648 0.0413646 0.0450493 0.0745869 0.0622846 0.0627006 0.0613931 0.0827291 0.12552 0.122667 0.0946155 0.0697135 0.0546179 0.0294188 0.0215738 0.0213955 0.0102223 0.00600262
 0 0 0 0 0.00359764 0.0251062 0.0480494 0.140153 0.205849 0.193036 0.1447 0.116669 0.0760912 0.0342217 0.00950174 0.001854 0.000860785 0 0 0 0.000165536 0 0.000143464 0 0 0
 0 0 0 0 0 0 0 0.000145254 0.000435761 0.0275982 0.070085 0.0708112 0.156366 0.174668 0.174014 0.160142 0.0824315 0.0480064 0.0283245 0.00493863 0.00203355 0 0 0 0 0
 0 0 0 0 0 0 0 0 0 0 0 0 0 0 0 0 0 0 0 0 0 0 0 0 0 0
 0 0 1.00437e-05 0.000401748 0.00122533 0.00171747 0.00176769 0.0269171 0.070346 0.194647 0.189555 0.159765 0.064822 0.0314167 0.0384472 0.0292271 0.0345202 0.0313363 0.0194345 0.0106764 0.0143323 0.0359363 0.0279516 0.0138201 0.00172751 0
 0 0.0021121 0.0136068 0.0755702 0.200478 0.177729 0.0527432 0.0373336 0.0318909 0.0142505 0.0149659 0.0166563 0.0217959 0.0798694 0.0677717 0.0528807 0.04013 0.0224614 0.0357745 0.0225083 0.00881397 0.00855152 0.00135912 0.000746735 0 0
 0 0 0 0 5.4009e-05 0.00500934 0.000945158 0.0243581 0.138947 0.33067 0.221406 0.137944 0.0707744 0.0437923 0.0131692 0.00525238 0.0047753 0.00276346 9.45158e-05 9.00151e-06 2.25038e-05 9.00151e-06 4.50075e-06 0 0 0
 0.000866109 0.00284123 0.00948549 0.0512746 0.133035 0.25785 0.225252 0.132002 0.0553304 0.0519788 0.0540692 0.017754 0.00435017 0.00159236 0.00146478 0.000404838 0.000125132 0.000115318 0.000107957 0.000100596 0 0 0 0 0 0
 0 0 0 0 0.00144013 0.00171154 0.00461396 0.0210425 0.0478622 0.0707936 0.0888783 0.103762 0.0637923 0.0337046 0.0602308 0.124433 0.169614 0.0934646 0.0462172 0.0250306 0.0313229 0.00938855 0.002487 0.000210481 0 0
 0 0.00764035 0.051015 0.0998891 0.058973 0.0496711 0.0374665 0.0718981 0.12319 0.153886 0.159021 0.0857701 0.0377988 0.023471 0.0147837 0.00900784 0.00315554 0.000888139 0.00291439 0.00214683 0.00393193 0.00274676 0.000635225 9.99891e-05 0 0
 0 0 0 0 0 0 0 0 0 0 0 0 0 0 0 0 0 0 0 0 0 0 0 0 0 0
 0 0 0 0 0 0 0 0 0 0 0 0 0 0 0 0 0 0 0 0 0 0 0 0 0 0
 0 0 0 0 0 0 0 0 0 0 0 0 0 0 0 0 0 0 0 0 0 0 0 0 0 0
 0 0 0 0 0 0 0 0 0 0 0 0 0 0 0 0 0 0 0 0 0 0 0 0 0 0
 0 0 0 0 0 0 0 0 0 0 0 0 0 0 0 0 0 0 0 0 0 0 0 0 0 0
 0 0 0 0 0 0 0 0 0 0 0 0 0 0 0 0 0 0 0 0 0 0 0 0 0 0
 0 0 0 0 0 0 0 0 0 0 0 0 0 0 0 0 0 0 0 0 0 0 0 0 0 0
ppred_pel_tallas
 1.1289e-16 4.12314e-05 0.000400784 0.00266335 0.0121072 0.0376701 0.0802606 0.117145 0.117156 0.0803136 0.0378499 0.0126335 0.00401109 0.00343108 0.00605411 0.0106141 0.0168434 0.0244148 0.0328986 0.0419011 0.0509508 0.0591525 0.0650232 0.0668924 0.0637337 0.0558383
 1.23394e-16 3.85743e-05 0.000374956 0.00249172 0.011327 0.0352426 0.0750891 0.1096 0.109626 0.0752152 0.0356664 0.0125525 0.00557366 0.00712313 0.0129177 0.0214712 0.0313728 0.0404733 0.0466999 0.0493312 0.0495087 0.0494248 0.0507748 0.0536618 0.0566594 0.0577835
 1.18729e-16 5.06367e-05 0.000492207 0.00327089 0.014869 0.046263 0.0985689 0.143868 0.143885 0.0986549 0.0465523 0.0157064 0.00538014 0.00512065 0.00891246 0.0148454 0.0218407 0.0284632 0.0333104 0.0358241 0.036625 0.0370052 0.0379768 0.0396319 0.0412117 0.0416706
 1.06542e-16 6.59085e-05 0.000640654 0.00425737 0.0193534 0.0602156 0.128296 0.187255 0.187267 0.128354 0.0604112 0.0199188 0.00567872 0.0037503 0.00599226 0.00985765 0.014329 0.0183156 0.0207653 0.0212299 0.0201346 0.0184649 0.017118 0.0164273 0.0161438 0.0157579
 1.04263e-16 5.7541e-05 0.000559319 0.00371687 0.0168964 0.052571 0.112009 0.163485 0.163509 0.112123 0.0529533 0.0180006 0.0064891 0.00661249 0.0115578 0.019028 0.0274339 0.0345645 0.0382095 0.0373628 0.0328219 0.0266375 0.0208693 0.0166148 0.0138733 0.0120441
 1.03228e-16 6.42808e-05 0.000624832 0.00415223 0.0188754 0.0587286 0.125128 0.182631 0.182646 0.125201 0.0589724 0.0195804 0.00592423 0.00450114 0.00744963 0.0122755 0.0178205 0.0227097 0.0255782 0.0257851 0.0237631 0.0206616 0.0175916 0.0150791 0.0130543 0.0112024
 1.05731e-16 4.33658e-05 0.000421531 0.00280122 0.012734 0.0396203 0.0844166 0.123216 0.123252 0.0845911 0.0402062 0.0144266 0.00705182 0.00970665 0.0176954 0.0292328 0.042219 0.053331 0.0592055 0.058293 0.0517599 0.0426435 0.0339713 0.0273222 0.0226697 0.0191696
 1.11809e-16 4.04218e-05 0.000392914 0.00261105 0.0118695 0.0369305 0.0786854 0.114849 0.114875 0.0788137 0.0373621 0.0131191 0.00575947 0.0073051 0.013283 0.0221971 0.0326781 0.0425757 0.0496886 0.0529617 0.0529874 0.0513251 0.0492467 0.0469808 0.0439426 0.0395197
 1.15189e-16 4.71375e-05 0.000458193 0.00304485 0.0138415 0.0430661 0.0917576 0.133927 0.133948 0.0918574 0.0434017 0.0148131 0.00549208 0.00582827 0.0103288 0.0172221 0.0253342 0.0330009 0.038574 0.0413612 0.0420055 0.0418977 0.0420985 0.0426502 0.0427241 0.0413201
 1.09536e-16 5.98922e-05 0.000582173 0.00386875 0.0175868 0.054719 0.116585 0.170163 0.170178 0.116659 0.0549682 0.0183074 0.0056811 0.00455051 0.00763237 0.0126194 0.0184058 0.023653 0.0270544 0.0280569 0.027189 0.0256514 0.0244971 0.0240481 0.0239042 0.0233791
 1.03399e-16 6.85802e-05 0.000666624 0.00442995 0.0201379 0.0626566 0.133497 0.194845 0.194857 0.133554 0.0628499 0.0206966 0.00583316 0.00373285 0.00590097 0.00967132 0.0139842 0.0177139 0.0197667 0.0196518 0.0177704 0.0151276 0.012704 0.0109767 0.00987142 0.0090353
 1.03785e-16 4.98941e-05 0.000484988 0.00322292 0.0146509 0.0455847 0.0971242 0.141762 0.141794 0.0972788 0.046104 0.0161511 0.00698856 0.00870597 0.0156647 0.0258224 0.037204 0.0468084 0.0516076 0.0502049 0.0436592 0.034751 0.0263043 0.0198743 0.0155562 0.012641
 1.05703e-16 5.52536e-05 0.000537085 0.00356912 0.0162247 0.0504812 0.107556 0.156985 0.157005 0.107651 0.0508008 0.0171496 0.00589687 0.00563869 0.00980307 0.0162729 0.0237951 0.0306721 0.0351873 0.0365164 0.0351413 0.0323704 0.0293899 0.0266385 0.0238905 0.0207713
 1.02391e-16 7.25663e-05 0.00070537 0.00468743 0.0213084 0.0662984 0.141256 0.206169 0.206177 0.141294 0.0664259 0.021677 0.0056138 0.00273149 0.00393202 0.00641615 0.00930862 0.0118624 0.0133702 0.0135141 0.0125434 0.0110809 0.00971367 0.00869548 0.00793818 0.00720899
 1.02036e-16 5.95466e-05 0.000578815 0.00384643 0.0174853 0.0544034 0.115913 0.169184 0.169207 0.116028 0.0547899 0.0186012 0.00664655 0.00668836 0.0116535 0.0191474 0.0275211 0.0344926 0.0377797 0.0363347 0.0309733 0.0238336 0.0171144 0.0120665 0.00881671 0.00683484
 1.00773e-16 7.66495e-05 0.000745061 0.00495119 0.0225074 0.0700289 0.149204 0.217769 0.217774 0.149228 0.0701089 0.0227385 0.00553209 0.00201554 0.0024964 0.00402362 0.00583011 0.00741698 0.00832868 0.00835033 0.00762088 0.00651833 0.00541351 0.0044913 0.00374471 0.00308618
 1.02102e-16 3.58242e-05 0.000348224 0.00231408 0.0105195 0.0327303 0.0697372 0.101794 0.101845 0.0699847 0.0335609 0.0129177 0.00833029 0.0134696 0.02492 0.0410477 0.0589082 0.0736181 0.0802244 0.0764456 0.0640548 0.0477328 0.0323462 0.0207447 0.0133331 0.00903742
 1.01463e-16 7.63013e-05 0.000741676 0.0049287 0.0224051 0.0697107 0.148526 0.216779 0.216782 0.148542 0.0697627 0.022556 0.00530995 0.00158235 0.00169743 0.00274922 0.00410103 0.00546435 0.00658991 0.00734543 0.00775678 0.00792597 0.00790318 0.00763657 0.00703793 0.00608973
 1.01675e-16 5.72172e-05 0.000556171 0.00369595 0.0168013 0.0522752 0.111379 0.162566 0.162594 0.111512 0.0527218 0.0180906 0.00693005 0.00760895 0.0134305 0.0220576 0.0316412 0.0395241 0.0430452 0.0409916 0.0343407 0.0256378 0.0175185 0.0115093 0.00779078 0.00572499
 1.04438e-16 5.02421e-05 0.000488371 0.0032454 0.0147531 0.0459026 0.0978013 0.142749 0.142776 0.0979298 0.0463345 0.0160021 0.00638573 0.00736075 0.0131517 0.0217915 0.0316837 0.0404563 0.0456948 0.0462355 0.0427789 0.0372711 0.0315996 0.0266727 0.0224298 0.0184554
 1.06204e-16 5.72618e-05 0.000556605 0.00369884 0.0168144 0.0523159 0.111465 0.162691 0.162709 0.111554 0.0526129 0.0176735 0.00586004 0.00529038 0.00909441 0.0150677 0.0219913 0.0282712 0.0323146 0.0333863 0.0319991 0.0294538 0.026921 0.0248158 0.0228514 0.0205354
 1.04591e-16 6.32632e-05 0.000614941 0.0040865 0.0185767 0.0577989 0.123147 0.17974 0.179756 0.123224 0.0580553 0.0193176 0.00594839 0.0046858 0.0078135 0.0128676 0.0186506 0.0237127 0.0266233 0.026736 0.0245608 0.0213777 0.0184129 0.0162274 0.0146824 0.0133203
 1.07877e-16 3.48985e-05 0.000339226 0.00225428 0.0102477 0.0318845 0.0679348 0.0991618 0.0992047 0.0681441 0.0325875 0.0122788 0.00735538 0.0114835 0.0212252 0.0351013 0.0507201 0.0641201 0.0712793 0.0703466 0.06272 0.0520303 0.0418869 0.0341563 0.02878 0.0247225
 1.04668e-16 6.90535e-05 0.000671225 0.00446052 0.0202769 0.063089 0.134418 0.196188 0.196195 0.134451 0.0631999 0.0205985 0.00527275 0.00246066 0.00351559 0.0058287 0.00868513 0.0115423 0.0138843 0.015461 0.0163827 0.0169325 0.0172638 0.0172578 0.0166453 0.0152498
 1.03976e-16 5.70295e-05 0.000554347 0.00368383 0.0167462 0.0521038 0.111013 0.162033 0.162057 0.111135 0.0525116 0.0179239 0.00663925 0.00700356 0.0122984 0.0202246 0.0290926 0.036518 0.0401216 0.0388348 0.0335534 0.0265488 0.0201156 0.0154957 0.0127 0.0110345
 1.07296e-16 4.09236e-05 0.000397792 0.00264347 0.0120169 0.0373891 0.0796626 0.116277 0.116311 0.0798276 0.0379435 0.0136198 0.00667301 0.00921425 0.0168434 0.0279328 0.0405884 0.0517783 0.0584107 0.0590205 0.0545637 0.0476115 0.0406482 0.0348507 0.0300764 0.0256587
 1.06269e-16 6.34688e-05 0.00061694 0.00409978 0.018637 0.0579867 0.123547 0.180323 0.180334 0.123602 0.0581696 0.0191667 0.00543483 0.0035492 0.00568503 0.00943676 0.0139149 0.0181904 0.0213534 0.0229848 0.0233545 0.0231192 0.0227776 0.0223481 0.0214813 0.0198233
 1.04687e-16 6.02068e-05 0.000585232 0.00388907 0.0176792 0.0550066 0.117198 0.171058 0.171078 0.117296 0.055335 0.0186278 0.00627089 0.00578662 0.00994444 0.0163614 0.0236056 0.0297822 0.0330119 0.0324539 0.0288129 0.0238547 0.019324 0.0161056 0.014116 0.0127564
 1.08507e-16 3.38072e-05 0.000328618 0.00218378 0.00992718 0.0308874 0.0658104 0.0960609 0.0961025 0.0660141 0.0315717 0.0119049 0.00715292 0.0111921 0.0207121 0.0343096 0.0497062 0.0631052 0.0706392 0.0705055 0.0639849 0.0544491 0.045208 0.0379102 0.0324387 0.0278611
 1.15731e-16 4.03739e-05 0.000392448 0.00260796 0.0118554 0.0368867 0.0785918 0.114711 0.114732 0.0786923 0.037225 0.0128366 0.00508643 0.00585448 0.0105655 0.0178017 0.0265773 0.0353973 0.0427305 0.047847 0.0511039 0.0533554 0.0550159 0.0556265 0.0542444 0.050222
 1.0599e-16 7.05403e-05 0.000685677 0.00455657 0.0207135 0.0644474 0.137312 0.200413 0.200419 0.137346 0.0645599 0.0210392 0.00537634 0.00248304 0.00350758 0.00575067 0.00843189 0.010943 0.0127293 0.0135763 0.0137378 0.0137325 0.0139624 0.0144546 0.0148935 0.0148583
pSPR Fmed_Fpbrs
0.656858   0.6 0.325
Fs Fmed_Fpbrs
0.223128   0.2755 0.671264
SSBpbr Bo_Bmed_Bpbrs
1.91704e+06  1.16337e+06  1.05437e+06 527187
Ro
182859
SPR SPRFo_SPRFmed_SPRFpbrs
1.30518e+06 857318 424184
Fref
0.2755
Nvult_r0
 220211 18982.7 8077.16 8456.24 3099.42
CTP_r0
 29802.4 3051.61 1298.46 1359.4 498.253
YTP_r0
391301
Np
 251083 73748.9 28227.3 2312.96 1259.03
Nvult_p0
 177334 53151.5 20343.7 1666.97 907.395
CTP_p0
 32585.1 15733.1 1289.17 548.544 748.729
 32585.1 11480.4 4394.11 360.055 195.992
YTP_p0
 561859 542801
CBA_c0
556141
log_Ro
11.9365
likeval ReclasPelacesDesembMPH_pf_preclas_ppelaces_ptallas_desvR_qrecl_qpela
 19.2417 18.3996 0.0969192 56.9345 247.004 121.921 99.2962 0 21.8751 8.36248e-07 4.17022e-07 0.455776 1.0674e-15 0 0
q_reclas_q_pelaces
0.878461 1.09623
M
1
N
 206537 44712.5 156363 8940.47 0.295856
 116393 68597.3 14514.5 50758.1 2902.33
 116801 35575.3 20114.8 4256.1 15734.9
 222453 35896.7 10502.1 5938.07 5901.51
 180804 63491.9 9679.77 2831.96 3192.62
 302881 61337.6 21152.5 3224.84 2007.1
 127730 95396.8 18659.2 6434.7 1591.58
 61059 33872.2 23510.8 4598.61 1978.1
 56094.7 21356.9 11714.6 8131.12 2274.53
 75214.2 16970.7 6184.54 3392.32 3013.27
 145588 21579.3 4605.44 1678.34 1738.32
 86927.9 50423.8 7373.66 1573.68 1167.48
 67695.4 22219.3 11879.9 1737.24 645.82
 150654 15043 4410.65 2358.22 473.051
 94580.8 33994.8 3042.67 892.123 572.669
 438338 25151 8406.54 752.419 362.227
 93524.7 117773 6298.66 2105.28 279.144
 769870 27758.8 33316 1781.78 674.513
 543326 231986 7999.23 9600.64 707.829
 334419 155319 62677.1 2161.2 2785.1
 352719 98297.9 43417.7 17520.6 1382.68
 473903 105838 28180.5 12447.2 5419.29
 116369 126596 26318.7 7007.67 4442.87
 414556 34954.1 36339.1 7554.72 3286.85
 344534 131785 10754.4 11180.5 3335.66
 154109 110415 40950.2 3341.76 4510.67
 335223 50920.2 35616.6 13209.3 2532.96
 373164 108200 15961.2 11164.2 4934.49
 114437 122680 34687.3 5116.95 5161.03
 86072.1 37870.8 39648.2 11210.4 3321.67
 321279 27264.3 11600.9 12145.4 4451.59
pred_Ctot
 12793.2 3357.88 11742.7 671.423 0.0222185
 12635.3 8962.84 1896.45 6632 379.216
 12331.1 4522.62 2557.16 541.069 2000.35
 32177.8 6213.3 1817.79 1027.81 1021.48
 8953.9 3819.47 582.305 170.362 192.058
 27890 6815.77 2350.44 358.341 223.027
 23145.9 20560.4 4021.53 1386.84 343.026
 1907.32 1288.86 894.603 174.981 75.2681
 6399.39 2929.89 1607.09 1115.48 312.036
 10679.1 2884.52 1051.19 576.594 512.167
 5413.61 976.552 208.415 75.9517 78.6664
 17272.4 11881.3 1737.45 370.805 275.091
 17646.7 6794.83 3632.96 531.262 197.497
 38300 4491.54 1316.94 704.121 141.244
 17012.4 7274.28 651.077 190.898 122.541
 76646.7 5236.25 1750.18 156.648 75.4128
 11623 17572.1 939.778 314.114 41.6492
 89477.5 3878.32 4654.74 248.942 94.2396
 78153.4 39935.1 1377.02 1652.7 121.849
 43273.6 24109.2 9728.96 335.469 432.314
 41790.5 13995.3 6181.67 2494.53 196.862
 84196 22377.8 5958.35 2631.77 1145.83
 13723.3 17941.9 3730.04 993.168 629.67
 36032.2 3669.19 3814.57 793.031 345.026
 28380.5 13119.9 1070.65 1113.08 332.08
 10007.4 8689.14 3222.58 262.98 354.968
 26263.1 4824.47 3374.52 1251.52 239.987
 25317.3 8892.02 1311.72 917.494 405.525
 7328.44 9522.06 2692.32 397.162 400.584
 7653.17 4065.48 4256.29 1203.45 356.586
 29802.4 3051.61 1298.46 1359.4 498.253
F
 0.102226 0.125107 0.125107 0.125107 0.125107
 0.185317 0.226795 0.226795 0.226795 0.226795
 0.179825 0.220073 0.220073 0.220073 0.220073
 0.253802 0.310608 0.310608 0.310608 0.310608
 0.0810215 0.0991557 0.0991557 0.0991557 0.0991557
 0.155294 0.190052 0.190052 0.190052 0.190052
 0.327325 0.400587 0.400587 0.400587 0.400587
 0.0504653 0.0617604 0.0617604 0.0617604 0.0617604
 0.195553 0.239322 0.239322 0.239322 0.239322
 0.248607 0.30425 0.30425 0.30425 0.30425
 0.0603183 0.0738187 0.0738187 0.0738187 0.0738187
 0.364119 0.445616 0.445616 0.445616 0.445616
 0.504108 0.616938 0.616938 0.616938 0.616938
 0.488777 0.598174 0.598174 0.598174 0.598174
 0.324556 0.397198 0.397198 0.397198 0.397198
 0.314231 0.384562 0.384562 0.384562 0.384562
 0.214673 0.262721 0.262721 0.262721 0.262721
 0.199545 0.244208 0.244208 0.244208 0.244208
 0.252227 0.30868 0.30868 0.30868 0.30868
 0.224393 0.274616 0.274616 0.274616 0.274616
 0.203766 0.249373 0.249373 0.249373 0.249373
 0.320002 0.391624 0.391624 0.391624 0.391624
 0.202732 0.248108 0.248108 0.248108 0.248108
 0.146034 0.178719 0.178719 0.178719 0.178719
 0.137945 0.168819 0.168819 0.168819 0.168819
 0.107398 0.131436 0.131436 0.131436 0.131436
 0.130818 0.160098 0.160098 0.160098 0.160098
 0.112438 0.137604 0.137604 0.137604 0.137604
 0.105844 0.129535 0.129535 0.129535 0.129535
 0.149608 0.183094 0.183094 0.183094 0.183094
 0.156518 0.19155 0.19155 0.19155 0.19155
YTP_r0W_actual
 247360 43027.7 35837.5 46491.5 18584.9
YTP_p0W_proyectada
 244062 246537 29818.6 16110.7 25329.5
 244062 179898 101636 10574.8 6630.4
CTP_r0_actual
 29802.4 3051.61 1298.46 1359.4 498.253
CTP_p0_proyectada
 32585.1 15733.1 1289.17 548.544 748.729
 32585.1 11480.4 4394.11 360.055 195.992
Wmedp
 7.49 15.67 23.13 29.37 33.83
Frms_r0
 0.156518 0.19155 0.19155 0.19155 0.19155
Zrms_r0
 1.15652 1.19155 1.19155 1.19155 1.19155
nmprior
 8.19 8.8 8.5 0
nm_flota  nm_reclas  nm_pelaces    nm_pelaL
inf 11.6625 20.2908 50.0598
cv_recla  cv_pelaces  cv_mph
0.396777 0.486381 0.698577
 ------------------------------------------------
Talla a la edad & desviaci?n 
 8 13.2811 15.8009 17.003 17.5766
 0.8 1.32811 1.58009 1.7003 1.75766
