years
 1991 1992 1993 1994 1995 1996 1997 1998 1999 2000 2001 2002 2003 2004 2005 2006 2007 2008 2009 2010 2011 2012 2013 2014 2015 2016 2017 2018 2019 2020 2021
reclasobs
 0 0 0 0 0 0 0 0 0 252601 567819 844713 477998 351125 339783 2.1784e+06 2.13404e+06 4.81314e+06 1.55562e+06 2.62356e+06 3.21686e+06 3.843e+06 1.13348e+06 3.07943e+06 1.97215e+06 2.03268e+06 2.025e+06 2.42433e+06 2.27542e+06 1.05018e+06 2.36338e+06
reclaspred
 8.42653e+06 2.39307e+06 1.05829e+06 867919 243764 2.99838e+06 1.75414e+06 698037 780240 245970 856559 1.12363e+06 305434 833231 469700 1.64207e+06 1.03341e+06 2.98158e+06 3.37459e+06 2.48392e+06 2.91252e+06 2.54702e+06 1.35115e+06 3.02447e+06 2.41228e+06 1.64469e+06 2.05764e+06 3.04378e+06 2.72666e+06 840264 1.46096e+06
pelacesobs
 0 0 0 0 0 0 0 0 0 0 0 0 0 0 0 552880 188675 0 991730 2.46772e+06 1.41603e+06 1.21717e+06 2.29649e+06 1.80582e+06 0 1.4828e+06 1.56532e+06 1.57751e+06 1.42118e+06 867257 1.10002e+06
pelacespred
 9.72609e+06 2.57028e+06 684998 361916 118087 1.62594e+06 1.06042e+06 681309 453149 94576 471168 583616 108670 408661 220742 680593 512233 1.54069e+06 1.90007e+06 1.39506e+06 1.51136e+06 1.24431e+06 760735 1.86451e+06 1.65802e+06 1.17304e+06 1.41717e+06 2.14424e+06 2.06302e+06 626899 797105
mphobs
 0 0 0 0 0 0 0 0 0 0 0 498337 0 5186 125008 0 168611 109162 213762 579715 649985 157893 87575 83554 0 0 0 0 0 0 0
mphpred
 1.56158e+06 632757 110723 136322 59033.7 16229.9 474398 122446 52803.9 68719.7 12167.2 161252 79699.7 11754.3 63278 35322.2 216670 78195.3 369029 334861 321415 231512 283558 104441 400695 271809 142069 231588 501931 211495 46470.2
desembarqueobs
 494567 514787 250237 358949 120608 361735 552515 73892 212993 205616 52469 317467 293654 387597 252695 516296 358380 742168 942051 627588 828172 859565 418607 520667 417249 300574 415391 372974 316634 284311 391294
desembarquepred
 494498 514401 249967 358589 120521 361550 551877 73869.4 212819 205396 52456.2 317176 293349 386967 252378 515763 358068 741328 940391 626463 827716 858434 417988 520328 416817 300281 415016 372679 316294 283773 391027
Reclutas
 22708.6 14712.8 165082 54147.8 12609 285103 17659.6 4948 43494.5 20199.4 82445.3 76643.8 36303.2 100817 37277.4 245980 24201.9 339518 316546 196970 161587 371268 27529.2 182507 123826 35663.1 128031 165482 32966.9 18474.1 119339
log_desv_Rt
 -1.05635 -1.49038 0.927345 -0.18738 -1.64469 1.47375 -1.30782 -2.58011 -0.406464 -1.17345 0.233038 0.160071 -0.587193 0.434213 -0.560711 1.32615 -0.992666 1.64843 1.57837 1.10395 0.905945 1.73783 -0.863852 1.02769 0.639777 -0.604982 0.673171 0.929766 -0.683595 -1.26273 0.602868
SSB
 1.5745e+06 637993 111639 137450 59522.1 16364.1 478323 123460 53240.8 69288.3 12267.8 162586 80359.2 11851.5 63801.6 35614.5 218463 78842.3 372082 337632 324075 233428 285904 105305 404011 274058 143244 233504 506084 213245 46854.7
BT
 2.00061e+06 934894 420288 378946 127083 1.27546e+06 740447 204294 389227 217654 303639 469802 296044 654023 354451 789928 422357 1.50257e+06 1.70184e+06 1.0062e+06 1.25682e+06 1.27354e+06 555301 1.45443e+06 885274 582815 1.07844e+06 1.32635e+06 748338 409089 794492
Ftot
 0.324326 1.09621 1.09746 1.68133 1.95881 0.560462 1.33096 0.552731 1.22992 2.77495 0.290267 1.22763 3.08398 1.90814 2.09528 1.36428 1.44648 1.11229 1.21834 1.12533 1.2572 1.44842 1.32741 0.796974 0.796634 0.856329 0.928703 0.573577 0.558778 1.50869 1.19082
BD_Bspro_t
 0.949431 0.611264 0.219605 0.264342 0.107941 0.042587 0.460946 0.16687 0.113935 0.158273 0.0469195 0.461155 0.18973 0.0351439 0.139152 0.0850435 0.247007 0.105956 0.294765 0.243682 0.197424 0.155476 0.193794 0.094302 0.308068 0.278681 0.21031 0.32999 0.48546 0.288347 0.106169
BD_Bspro
 3.37777 1.36868 0.239498 0.294872 0.127693 0.035106 1.02614 0.264858 0.114217 0.148644 0.0263182 0.348795 0.172394 0.0254251 0.136873 0.0764037 0.468668 0.16914 0.798227 0.724322 0.695237 0.500772 0.61335 0.225911 0.866723 0.587937 0.307302 0.500936 1.0857 0.457473 0.100517
BD_Bo
 1.17129 0.474613 0.0830498 0.102251 0.0442794 0.0121735 0.355832 0.0918435 0.0396067 0.0515446 0.00912623 0.12095 0.0597804 0.00881654 0.047463 0.0264942 0.162518 0.058652 0.276798 0.25117 0.241084 0.17365 0.212688 0.078338 0.30055 0.203876 0.106562 0.173707 0.376483 0.158636 0.0348559
BD_Brms
 2.12963 0.862932 0.151 0.185912 0.080508 0.0221337 0.646967 0.166988 0.0720121 0.0937175 0.0165931 0.219909 0.108692 0.0160301 0.0862963 0.0481712 0.295487 0.10664 0.503268 0.456672 0.438335 0.315728 0.386706 0.142433 0.546454 0.370684 0.193748 0.315832 0.684515 0.288429 0.0633744
Sel_flota
 0.628076 1 1 1 1
 0.628076 1 1 1 1
 0.628076 1 1 1 1
 0.628076 1 1 1 1
 0.628076 1 1 1 1
 0.628076 1 1 1 1
 0.628076 1 1 1 1
 0.628076 1 1 1 1
 0.628076 1 1 1 1
 0.628076 1 1 1 1
 0.628076 1 1 1 1
 0.628076 1 1 1 1
 0.628076 1 1 1 1
 0.628076 1 1 1 1
 0.628076 1 1 1 1
 0.628076 1 1 1 1
 0.628076 1 1 1 1
 0.628076 1 1 1 1
 0.628076 1 1 1 1
 0.628076 1 1 1 1
 0.628076 1 1 1 1
 0.628076 1 1 1 1
 0.628076 1 1 1 1
 0.628076 1 1 1 1
 0.628076 1 1 1 1
 0.628076 1 1 1 1
 0.628076 1 1 1 1
 0.628076 1 1 1 1
 0.628076 1 1 1 1
 0.628076 1 1 1 1
 0.628076 1 1 1 1
Sel_reclas
 0.500286 0.834393 0.962058 0.992224 0.998445
 0.500286 0.834393 0.962058 0.992224 0.998445
 0.500286 0.834393 0.962058 0.992224 0.998445
 0.500286 0.834393 0.962058 0.992224 0.998445
 0.500286 0.834393 0.962058 0.992224 0.998445
 0.500286 0.834393 0.962058 0.992224 0.998445
 0.500286 0.834393 0.962058 0.992224 0.998445
 0.500286 0.834393 0.962058 0.992224 0.998445
 0.500286 0.834393 0.962058 0.992224 0.998445
 0.500286 0.834393 0.962058 0.992224 0.998445
 0.500286 0.834393 0.962058 0.992224 0.998445
 0.500286 0.834393 0.962058 0.992224 0.998445
 0.500286 0.834393 0.962058 0.992224 0.998445
 0.500286 0.834393 0.962058 0.992224 0.998445
 0.500286 0.834393 0.962058 0.992224 0.998445
 0.500286 0.834393 0.962058 0.992224 0.998445
 0.500286 0.834393 0.962058 0.992224 0.998445
 0.500286 0.834393 0.962058 0.992224 0.998445
 0.500286 0.834393 0.962058 0.992224 0.998445
 0.500286 0.834393 0.962058 0.992224 0.998445
 0.500286 0.834393 0.962058 0.992224 0.998445
 0.500286 0.834393 0.962058 0.992224 0.998445
 0.500286 0.834393 0.962058 0.992224 0.998445
 0.500286 0.834393 0.962058 0.992224 0.998445
 0.500286 0.834393 0.962058 0.992224 0.998445
 0.500286 0.834393 0.962058 0.992224 0.998445
 0.500286 0.834393 0.962058 0.992224 0.998445
 0.500286 0.834393 0.962058 0.992224 0.998445
 0.500286 0.834393 0.962058 0.992224 0.998445
 0.500286 0.834393 0.962058 0.992224 0.998445
 0.500286 0.834393 0.962058 0.992224 0.998445
Sel_pelaces
 0.220766 0.587765 0.877684 0.973054 0.994528
 0.220766 0.587765 0.877684 0.973054 0.994528
 0.220766 0.587765 0.877684 0.973054 0.994528
 0.220766 0.587765 0.877684 0.973054 0.994528
 0.220766 0.587765 0.877684 0.973054 0.994528
 0.220766 0.587765 0.877684 0.973054 0.994528
 0.220766 0.587765 0.877684 0.973054 0.994528
 0.220766 0.587765 0.877684 0.973054 0.994528
 0.220766 0.587765 0.877684 0.973054 0.994528
 0.220766 0.587765 0.877684 0.973054 0.994528
 0.220766 0.587765 0.877684 0.973054 0.994528
 0.220766 0.587765 0.877684 0.973054 0.994528
 0.220766 0.587765 0.877684 0.973054 0.994528
 0.220766 0.587765 0.877684 0.973054 0.994528
 0.220766 0.587765 0.877684 0.973054 0.994528
 0.220766 0.587765 0.877684 0.973054 0.994528
 0.220766 0.587765 0.877684 0.973054 0.994528
 0.220766 0.587765 0.877684 0.973054 0.994528
 0.220766 0.587765 0.877684 0.973054 0.994528
 0.220766 0.587765 0.877684 0.973054 0.994528
 0.220766 0.587765 0.877684 0.973054 0.994528
 0.220766 0.587765 0.877684 0.973054 0.994528
 0.220766 0.587765 0.877684 0.973054 0.994528
 0.220766 0.587765 0.877684 0.973054 0.994528
 0.220766 0.587765 0.877684 0.973054 0.994528
 0.220766 0.587765 0.877684 0.973054 0.994528
 0.220766 0.587765 0.877684 0.973054 0.994528
 0.220766 0.587765 0.877684 0.973054 0.994528
 0.220766 0.587765 0.877684 0.973054 0.994528
 0.220766 0.587765 0.877684 0.973054 0.994528
 0.220766 0.587765 0.877684 0.973054 0.994528
pf_obs 
 0.8446 0.082 0.0669 0.0065 0
 0.8095 0.147 0.0364 0.0071 0
 0.9664 0.0169 0.016 0.0007 0
 0.9276 0.0648 0.0075 0.0001 0
 0.7033 0.2144 0.0806 0.0017 0
 0.9318 0.0425 0.0243 0.0014 0
 0.5671 0.3108 0.0964 0.0239 0.0018
 0.0768 0.2599 0.5324 0.112 0.0189
 0.490249 0.384438 0.106611 0.0170017 0.00170017
 0.7925 0.1577 0.0466 0.003 0.0002
 0.840416 0.127587 0.0312969 0.00059994 9.999e-05
 0.8084 0.0986 0.0794 0.0134 0.0002
 0.7335 0.1905 0.0724 0.0035 0.0001
 0.4001 0.4547 0.1325 0.0127 0
 0.49795 0.308269 0.164784 0.0264974 0.00249975
 0.9179 0.0499 0.0305 0.0017 0
 0.2467 0.6533 0.0926 0.0074 0
 0.9418 0.0223 0.034 0.0019 0
 0.707729 0.231977 0.0356964 0.0245975 0
 0.517169 0.277429 0.184464 0.0207286 0.00020938
 0.811772 0.124168 0.05621 0.00726502 0.000585176
 0.764997 0.148141 0.077277 0.00933861 0.000247198
 0.163321 0.427699 0.378323 0.0303852 0.000271297
 0.753843 0.0900009 0.118128 0.0371064 0.000921714
 0.721811 0.176058 0.0630433 0.0369309 0.00215725
 0.143369 0.312575 0.442814 0.0836902 0.0175525
 0.692698 0.0596174 0.167031 0.0765114 0.00414204
 0.394062 0.376323 0.152708 0.0712218 0.00568511
 0.125707 0.32114 0.495352 0.0537591 0.00404204
 0.23352 0.215282 0.420074 0.123614 0.00750983
 0.796117 0.104755 0.0508955 0.0450114 0.00322123
pf_pred 
 0.132929 0.180585 0.605566 0.0809191 1.01218e-06
 0.245473 0.15688 0.124472 0.417399 0.0557759
 0.946618 0.0215096 0.0066268 0.00525785 0.0199875
 0.570088 0.418538 0.00458308 0.00141198 0.00537906
 0.521544 0.365397 0.110068 0.00120527 0.00178592
 0.990672 0.00692384 0.00183629 0.000553141 1.50321e-05
 0.150258 0.845346 0.00326276 0.000865326 0.000267744
 0.251199 0.210379 0.535637 0.00206738 0.000717947
 0.903659 0.036365 0.0168506 0.0429026 0.000223095
 0.683097 0.30193 0.00565168 0.00261884 0.0067024
 0.973382 0.023415 0.00305202 5.71293e-05 9.42226e-05
 0.686795 0.308243 0.00436478 0.000568926 2.82134e-05
 0.658901 0.281376 0.0587776 0.000832301 0.000113866
 0.972933 0.0237784 0.00271282 0.000566691 9.12227e-06
 0.723179 0.273893 0.00257198 0.000293431 6.22826e-05
 0.977643 0.0196261 0.00270213 2.53742e-05 3.50933e-06
 0.318896 0.674191 0.00606932 0.000835627 8.93216e-06
 0.972577 0.0141625 0.0131256 0.000118162 1.64424e-05
 0.786835 0.210318 0.00147012 0.00136248 1.39723e-05
 0.701176 0.265289 0.0330871 0.000231278 0.000216543
 0.734594 0.220461 0.0399005 0.00497644 6.73541e-05
 0.898502 0.0869867 0.0120539 0.00218159 0.000275774
 0.26145 0.703721 0.0298499 0.00413636 0.000843258
 0.927262 0.0319077 0.0389046 0.00165023 0.000275293
 0.671878 0.315242 0.00565007 0.00688904 0.000340962
 0.420697 0.461821 0.112871 0.00202298 0.00258867
 0.874468 0.0735612 0.0414314 0.010126 0.000413726
 0.800029 0.186489 0.00790085 0.00444995 0.00113202
 0.317007 0.600381 0.0770416 0.00326398 0.00230601
 0.427237 0.2615 0.273615 0.0351106 0.00253844
 0.954579 0.0287917 0.00759243 0.00794417 0.00109311
pobs_RECLAS
 0 0 0 0 0
 0 0 0 0 0
 0 0 0 0 0
 0 0 0 0 0
 0 0 0 0 0
 0 0 0 0 0
 0 0 0 0 0
 0 0 0 0 0
 0 0 0 0 0
 0 0 0 0 0
 0.991045 0.00858322 0.000360255 1.14367e-05 0
 0.934742 0.0480273 0.0164251 0.00080598 0
 0.827803 0.169806 0.00239088 0 0
 0.941827 0.0461693 0.0120037 0 0
 0.791401 0.0380133 0.147996 0.0225897 0
 0.846168 0.0940531 0.0597789 0 0
 0.134021 0.677848 0.182769 0.00536245 0
 0.80878 0.0450904 0.141981 0.00414843 0
 0.846168 0.0940531 0.0597789 0 0
 0.905697 0.0802665 0.012482 0.00150086 5.37128e-05
 0.989698 0.0102097 9.19794e-05 0 0
 0.975433 0.0193895 0.00387452 0.00125025 5.28907e-05
 0.303575 0.632131 0.0575291 0.00676475 0
 0.966965 0.00978017 0.0227588 0.000495775 0
 0.843318 0.132988 0.00938335 0.0141283 0.000182051
 0.564624 0.303363 0.111486 0.0197234 0.00080311
 0.826376 0.0876187 0.0782897 0.00655872 0.00115652
 0.89761 0.0855135 0.0140674 0.00269457 0.000114338
 0.34875 0.467042 0.161289 0.0227151 0.000203297
 0.318654 0.224769 0.449479 0.00709798 0
 0.937255 0.0296025 0.0250945 0.00804832 0
ppred_RECLAS
 0.116427 0.163646 0.632727 0.0871995 1.09757e-06
 0.223827 0.141016 0.129004 0.446161 0.059993
 0.941824 0.0210949 0.00749341 0.00613186 0.0234562
 0.585207 0.401925 0.00507456 0.00161242 0.00618116
 0.536458 0.341571 0.118633 0.00133979 0.0019977
 0.990073 0.0070735 0.00216302 0.00067199 1.83764e-05
 0.154517 0.840402 0.00373997 0.00102299 0.000318512
 0.228085 0.195353 0.573481 0.00228286 0.000797745
 0.896418 0.0351775 0.0187944 0.0493519 0.000258241
 0.721758 0.262875 0.00567349 0.00271139 0.00698274
 0.971945 0.0242273 0.00364108 7.02926e-05 0.00011666
 0.691609 0.30275 0.00494293 0.000664488 3.3159e-05
 0.704067 0.237724 0.0572572 0.000836194 0.000115116
 0.974741 0.0217687 0.00286353 0.000616931 9.99326e-06
 0.744474 0.252403 0.00273282 0.000321556 6.86803e-05
 0.978037 0.0189255 0.00300435 2.90968e-05 4.04941e-06
 0.328213 0.663906 0.00689121 0.000978534 1.05253e-05
 0.971044 0.0139219 0.0148767 0.000138125 1.93409e-05
 0.790487 0.206245 0.00166223 0.00158883 1.63957e-05
 0.701075 0.260884 0.0375162 0.00027046 0.000254815
 0.734829 0.214559 0.0447739 0.00575935 7.84392e-05
 0.900476 0.083396 0.0133245 0.00248717 0.000316373
 0.266513 0.693715 0.0339277 0.00484885 0.000994707
 0.920899 0.0319257 0.0448824 0.00196348 0.000329605
 0.668727 0.316116 0.00653263 0.00821489 0.000409132
 0.412362 0.454225 0.128 0.00236608 0.00304669
 0.867431 0.0728472 0.047307 0.0119245 0.000490265
 0.79477 0.189241 0.00924418 0.0053698 0.00137459
 0.308254 0.596839 0.0883053 0.00385849 0.00274312
 0.419389 0.24419 0.294596 0.0389883 0.00283646
 0.952832 0.0281163 0.00854874 0.00922526 0.00127734
pobs_PELACES
 0 0 0 0 0
 0 0 0 0 0
 0 0 0 0 0
 0 0 0 0 0
 0 0 0 0 0
 0 0 0 0 0
 0 0 0 0 0
 0 0 0 0 0
 0 0 0 0 0
 0 0 0 0 0
 0 0 0 0 0
 0 0 0 0 0
 0 0 0 0 0
 0 0 0 0 0
 0 0 0 0 0
 0 0 0 0 0
 0.505614 0.472636 0.0217494 0 0
 0 0 0 0 0
 0.443492 0.261883 0.143347 0.151278 0
 0.227955 0.32914 0.350689 0.0885471 0.00366901
 0.970185 0.0296113 0.000203453 0 0
 0.997202 0.00247181 0.000326279 0 0
 0.445219 0.490057 0.0546422 0.010081 0
 0.90214 0.0892962 0.00764917 0.000914606 0
 0 0 0 0 0
 0.581667 0.319106 0.0959925 0.00289975 0.000334073
 0.762889 0.0836404 0.116647 0.0363945 0.000428098
 0.88444 0.0763242 0.0277011 0.0115352 0
 0.521256 0.241999 0.230069 0.00667565 0
 0.616807 0.101726 0.260614 0.0208532 0
 0.833518 0.0704572 0.0857862 0.0102388 0
ppred_PELACES
 0.0642981 0.138637 0.694218 0.102845 1.31483e-06
 0.136579 0.120068 0.142255 0.528867 0.0722306
 0.903014 0.0282179 0.0129817 0.0114191 0.0443674
 0.517893 0.461929 0.00755322 0.0025799 0.0100452
 0.460902 0.368352 0.165688 0.00201147 0.0030463
 0.983952 0.0104758 0.00414873 0.00138551 3.84833e-05
 0.118586 0.874423 0.00503973 0.00148184 0.000468619
 0.139608 0.178358 0.678102 0.00290165 0.0010299
 0.835488 0.0450045 0.0311403 0.0879001 0.000467171
 0.691268 0.285897 0.00799126 0.00410532 0.0107386
 0.955759 0.0366995 0.00714313 0.000148238 0.000249882
 0.618933 0.372007 0.00786601 0.0011367 5.76139e-05
 0.672789 0.248355 0.0774698 0.00121619 0.000170057
 0.966984 0.0272755 0.00464671 0.00107614 1.77054e-05
 0.701629 0.29362 0.00411725 0.000520768 0.000112976
 0.969403 0.0253277 0.00520718 5.42111e-05 7.66303e-06
 0.266971 0.721828 0.00970344 0.00148114 1.61816e-05
 0.954278 0.0190531 0.026368 0.000263168 3.74286e-05
 0.731916 0.262499 0.00273992 0.00281524 2.95076e-05
 0.619114 0.320324 0.0596574 0.000462316 0.000442413
 0.656794 0.26236 0.0709053 0.00980434 0.000135626
 0.865671 0.107137 0.0221692 0.00444831 0.000574716
 0.208527 0.736187 0.04663 0.00716374 0.00149266
 0.872156 0.0437684 0.0796894 0.00374751 0.000638962
 0.57849 0.395868 0.0105949 0.0143219 0.000724481
 0.31376 0.496666 0.181262 0.00360177 0.00471065
 0.800885 0.0957999 0.0805715 0.0218317 0.000911681
 0.717204 0.254076 0.0160738 0.0100369 0.00260963
 0.223033 0.643655 0.123335 0.00579305 0.00418313
 0.31611 0.244147 0.381464 0.054269 0.00401014
 0.927703 0.0377568 0.0148677 0.0172469 0.00242552
pobs_pel_tallas
 0 0 0 0 0 0 0 0 0 0 0 0 0 0 0 0 0 0 0 0 0 0 0 0 0 0
 0 0 0 0 0 0 0 0 0 0 0 0 0 0 0 0 0 0 0 0 0 0 0 0 0 0
 0 0 0 0 0 0 0 0 0 0 0 0 0 0 0 0 0 0 0 0 0 0 0 0 0 0
 0 0 0 0 0 0 0 0 0 0 0 0 0 0 0 0 0 0 0 0 0 0 0 0 0 0
 0 0 0 0 0 0 0 0 0 0 0 0 0 0 0 0 0 0 0 0 0 0 0 0 0 0
 0 0 0 0 0 0 0 0 0 0 0 0 0 0 0 0 0 0 0 0 0 0 0 0 0 0
 0 0 0 0 0 0 0 0 0 0 0 0 0 0 0 0 0 0 0 0 0 0 0 0 0 0
 0 0 0 0 0 0 0 0 0 0 0 0 0 0 0 0 0 0 0 0 0 0 0 0 0 0
 0 0 0 0 0 0 0 0 0 0 0 0 0 0 0 0 0 0 0 0 0 0 0 0 0 0
 0 0 0 0 0 0 0 0 0 0 0 0 0 0 0 0 0 0 0 0 0 0 0 0 0 0
 0 0 0 0 0 0 0 0 0 0 0 0 0 0 0 0 0 0 0 0 0 0 0 0 0 0
 0 0 0 0 0 0 0 0 0 0 0 0 0 0 0 0 0 0 0 0 0 0 0 0 0 0
 0.00862536 0 0 0.000197151 0.00414017 0.0128641 0.00837892 0.0270097 0.101434 0.158115 0.152841 0.127902 0.109271 0.109419 0.0830992 0.0579132 0.0238553 0.00714673 0.00463305 0.00128148 0.00103504 0.000492878 0.000147863 0.000147863 4.92878e-05 0
 0 0 0 0 0 0 0 0 0 0 0 0 0 0 0 0 0 0 0 0 0 0 0 0 0 0
 0 0 0 0 0 0 0 0.0054083 0.00873648 0.0413646 0.0450493 0.0745869 0.0622846 0.0627006 0.0613931 0.0827291 0.12552 0.122667 0.0946155 0.0697135 0.0546179 0.0294188 0.0215738 0.0213955 0.0102223 0.00600262
 0 0 0 0 0.00359764 0.0251062 0.0480494 0.140153 0.205849 0.193036 0.1447 0.116669 0.0760912 0.0342217 0.00950174 0.001854 0.000860785 0 0 0 0.000165536 0 0.000143464 0 0 0
 0 0 0 0 0 0 0 0.000145254 0.000435761 0.0275982 0.070085 0.0708112 0.156366 0.174668 0.174014 0.160142 0.0824315 0.0480064 0.0283245 0.00493863 0.00203355 0 0 0 0 0
 0 0 0 0 0 0 0 0 0 0 0 0 0 0 0 0 0 0 0 0 0 0 0 0 0 0
 0 0 1.00437e-05 0.000401748 0.00122533 0.00171747 0.00176769 0.0269171 0.070346 0.194647 0.189555 0.159765 0.064822 0.0314167 0.0384472 0.0292271 0.0345202 0.0313363 0.0194345 0.0106764 0.0143323 0.0359363 0.0279516 0.0138201 0.00172751 0
 0 0.0021121 0.0136068 0.0755702 0.200478 0.177729 0.0527432 0.0373336 0.0318909 0.0142505 0.0149659 0.0166563 0.0217959 0.0798694 0.0677717 0.0528807 0.04013 0.0224614 0.0357745 0.0225083 0.00881397 0.00855152 0.00135912 0.000746735 0 0
 0 0 0 0 5.4009e-05 0.00500934 0.000945158 0.0243581 0.138947 0.33067 0.221406 0.137944 0.0707744 0.0437923 0.0131692 0.00525238 0.0047753 0.00276346 9.45158e-05 9.00151e-06 2.25038e-05 9.00151e-06 4.50075e-06 0 0 0
 0.000866109 0.00284123 0.00948549 0.0512746 0.133035 0.25785 0.225252 0.132002 0.0553304 0.0519788 0.0540692 0.017754 0.00435017 0.00159236 0.00146478 0.000404838 0.000125132 0.000115318 0.000107957 0.000100596 0 0 0 0 0 0
 0 0 0 0 0.00144013 0.00171154 0.00461396 0.0210425 0.0478622 0.0707936 0.0888783 0.103762 0.0637923 0.0337046 0.0602308 0.124433 0.169614 0.0934646 0.0462172 0.0250306 0.0313229 0.00938855 0.002487 0.000210481 0 0
 0 0.00764035 0.051015 0.0998891 0.058973 0.0496711 0.0374665 0.0718981 0.12319 0.153886 0.159021 0.0857701 0.0377988 0.023471 0.0147837 0.00900784 0.00315554 0.000888139 0.00291439 0.00214683 0.00393193 0.00274676 0.000635225 9.99891e-05 0 0
 0 0 0 0 0 0 0 0 0 0 0 0 0 0 0 0 0 0 0 0 0 0 0 0 0 0
 0 0 0 0 0 0 0 0 0 0 0 0 0 0 0 0 0 0 0 0 0 0 0 0 0 0
 0 0 0 0 0 0 0 0 0 0 0 0 0 0 0 0 0 0 0 0 0 0 0 0 0 0
 0 0 0 0 0 0 0 0 0 0 0 0 0 0 0 0 0 0 0 0 0 0 0 0 0 0
 0 0 0 0 0 0 0 0 0 0 0 0 0 0 0 0 0 0 0 0 0 0 0 0 0 0
 0 0 0 0 0 0 0 0 0 0 0 0 0 0 0 0 0 0 0 0 0 0 0 0 0 0
 0 0 0 0 0 0 0 0 0 0 0 0 0 0 0 0 0 0 0 0 0 0 0 0 0 0
ppred_pel_tallas
 1.30384e-16 5.29619e-06 5.14808e-05 0.000342109 0.00155519 0.00483884 0.0103102 0.015051 0.0150655 0.0103812 0.00508053 0.00226705 0.00218095 0.00423767 0.00845979 0.0152931 0.0250975 0.0379622 0.0537773 0.0722036 0.0922577 0.111724 0.127094 0.134554 0.131645 0.118565
 1.69398e-16 1.12499e-05 0.000109353 0.000726688 0.00330342 0.0102782 0.0218993 0.0319652 0.0319772 0.021958 0.0104765 0.00388174 0.00220057 0.0034035 0.00650306 0.0113834 0.0180159 0.0263005 0.0364077 0.0491048 0.0655199 0.0862056 0.110027 0.133715 0.152568 0.162059
 1.09036e-16 7.43801e-05 0.000723001 0.00480459 0.021841 0.0679554 0.144786 0.21132 0.211323 0.1448 0.0680006 0.0219719 0.00513469 0.00144888 0.00146936 0.00235727 0.00350447 0.00467313 0.00570479 0.00660157 0.00755976 0.00885484 0.0106422 0.0128111 0.0149845 0.0166527
 1.02295e-16 4.26583e-05 0.000414654 0.00275552 0.0125262 0.038974 0.0830398 0.121208 0.121253 0.0832569 0.0397025 0.0146293 0.00802999 0.0119141 0.0218387 0.0359229 0.0514795 0.0641844 0.0696686 0.0659366 0.054598 0.0398638 0.0261327 0.0160102 0.00988158 0.00673645
 1.05593e-16 3.7964e-05 0.000369023 0.00245229 0.0111478 0.0346851 0.0739016 0.107869 0.107905 0.074076 0.0352712 0.0128427 0.00671487 0.00970104 0.0178391 0.0296332 0.0431492 0.0552185 0.0625833 0.0636524 0.0593217 0.0521367 0.0445517 0.0377264 0.0315802 0.0256346
 1.00268e-16 8.10468e-05 0.000787804 0.00523523 0.0237986 0.0740463 0.157764 0.230261 0.230262 0.157768 0.074063 0.0238468 0.00535638 0.001053 0.000586846 0.00084753 0.00122623 0.00156961 0.00178175 0.00181981 0.00171264 0.00153547 0.00135843 0.00121062 0.00108153 0.000947172
 1.00597e-16 9.76799e-06 9.49484e-05 0.000630969 0.00286835 0.00892494 0.0190186 0.0277759 0.02786 0.0194294 0.0103036 0.00684795 0.0106108 0.0218496 0.041233 0.0679077 0.0972516 0.121095 0.13112 0.1235 0.101253 0.0723606 0.0452212 0.0248967 0.0122862 0.00564992
 1.2008e-16 1.14994e-05 0.000111778 0.000742806 0.0033767 0.0105063 0.0223854 0.0326759 0.0326941 0.0224747 0.0108093 0.00426472 0.00301991 0.00524124 0.0102161 0.0180729 0.028818 0.0420047 0.0569364 0.0728895 0.0888945 0.103176 0.11297 0.115336 0.108648 0.0937238
 1.09805e-16 6.8818e-05 0.000668936 0.00444531 0.0202078 0.0628739 0.13396 0.195519 0.195523 0.133981 0.0629465 0.0204185 0.00497815 0.00184515 0.00234246 0.00387261 0.0058408 0.0079441 0.00995991 0.0118801 0.0139324 0.0163793 0.0192246 0.0220628 0.0241939 0.0249314
 1.02533e-16 5.69389e-05 0.000553466 0.00367798 0.0167196 0.0520209 0.110837 0.161776 0.161803 0.110971 0.052472 0.0180217 0.00694412 0.00767556 0.01356 0.0222672 0.0319323 0.0398685 0.0433871 0.0412688 0.0345173 0.0257307 0.0176031 0.0116998 0.00820242 0.00643303
 1.00273e-16 7.87246e-05 0.000765231 0.00508523 0.0231167 0.0719247 0.153243 0.223664 0.223667 0.153261 0.0719828 0.0232845 0.00550658 0.00168541 0.00182741 0.00289921 0.00417484 0.00526171 0.00581674 0.00568027 0.00496334 0.00396656 0.0029964 0.00222361 0.00166555 0.0012588
 1.00446e-16 5.09808e-05 0.000495551 0.00329311 0.01497 0.0465775 0.0992397 0.144851 0.144887 0.0994145 0.0471643 0.0166637 0.00754094 0.00975661 0.0176041 0.0289298 0.0414518 0.0516677 0.0560456 0.0529581 0.043676 0.0315664 0.0201631 0.0115835 0.00619246 0.00325729
 1.0245e-16 5.54168e-05 0.000538671 0.00357966 0.0162726 0.0506303 0.107874 0.15745 0.157474 0.107991 0.0510243 0.0174115 0.00644132 0.00679531 0.0119658 0.0197659 0.0286326 0.0363417 0.040641 0.0404507 0.0364504 0.030525 0.0245558 0.0195315 0.0155011 0.0120989
 1.00253e-16 7.96492e-05 0.000774218 0.00514495 0.0233882 0.0727694 0.155043 0.22629 0.226293 0.155056 0.0728126 0.0235129 0.00545795 0.00145768 0.00137822 0.00215385 0.00309824 0.0039026 0.00431124 0.00420702 0.0036752 0.00294229 0.00223797 0.00168819 0.00130142 0.00102371
 1.00266e-16 5.77923e-05 0.000561762 0.0037331 0.0169702 0.0528006 0.112498 0.164201 0.164229 0.112636 0.0532637 0.0183067 0.00708508 0.00786917 0.0139065 0.0228215 0.0326881 0.0407239 0.0441362 0.0416399 0.0342423 0.0246118 0.0155521 0.00874886 0.0044977 0.00221891
 1.00164e-16 7.98485e-05 0.000776156 0.00515783 0.0234467 0.0729515 0.155431 0.226857 0.226859 0.155443 0.0729916 0.0235626 0.0054487 0.00141145 0.0012873 0.00200406 0.00288422 0.0036367 0.00402322 0.00393307 0.00344173 0.00275496 0.00208258 0.00154157 0.00114461 0.000850228
 1.00616e-16 2.19902e-05 0.000213753 0.00142047 0.00645728 0.0200914 0.0428093 0.062496 0.0625655 0.0431485 0.0212296 0.00974303 0.00966073 0.0181777 0.0340661 0.0560927 0.0803537 0.100104 0.108485 0.102337 0.0841375 0.0604481 0.0381635 0.0214296 0.0109746 0.00537341
 1.00799e-16 7.86026e-05 0.000764046 0.00507735 0.0230809 0.0718133 0.153006 0.223317 0.223319 0.153015 0.0718442 0.0231706 0.00530418 0.00126494 0.00104659 0.00164912 0.00246822 0.00331099 0.00403048 0.00454553 0.00486059 0.0050176 0.00502563 0.00484013 0.00440965 0.00374086
 1.00434e-16 6.0287e-05 0.000586011 0.00389425 0.0177027 0.0550799 0.117354 0.171287 0.171313 0.117478 0.0554938 0.0188976 0.00689083 0.0071186 0.0124405 0.0204021 0.0292222 0.0364076 0.0394642 0.0372477 0.0306644 0.0221048 0.0140757 0.00807659 0.00435721 0.00238086
 1.01925e-16 5.09957e-05 0.000495696 0.00329408 0.0149744 0.0465911 0.0992684 0.144892 0.144923 0.0994194 0.047098 0.0164387 0.00697056 0.00852403 0.0153054 0.0252397 0.036392 0.0458359 0.0506071 0.0493082 0.0429088 0.0340433 0.0254066 0.0185145 0.0135431 0.00995588
 1.0312e-16 5.40993e-05 0.000525865 0.00349456 0.0158858 0.0494267 0.10531 0.153708 0.153733 0.105434 0.0498426 0.0170879 0.00651449 0.00712658 0.0126139 0.0208296 0.0301435 0.0382012 0.0426234 0.0422865 0.037948 0.0316547 0.0254442 0.0203782 0.0164731 0.013261
 1.01211e-16 7.13042e-05 0.000693102 0.00460591 0.0209378 0.0651453 0.138799 0.202584 0.202594 0.13885 0.0653149 0.0214279 0.00583677 0.00338185 0.00518285 0.00846876 0.0122235 0.0154351 0.0171208 0.0168232 0.0148696 0.012131 0.00948306 0.00739491 0.00588448 0.00474073
 1.02505e-16 1.71762e-05 0.000166959 0.0011095 0.00504369 0.0156932 0.0334386 0.0488194 0.0488903 0.0337848 0.0168553 0.00839912 0.00952738 0.0185276 0.034841 0.0574503 0.0824707 0.103102 0.112417 0.107212 0.0899381 0.0671074 0.0454944 0.0290771 0.0184493 0.0121679
 1.02795e-16 7.18383e-05 0.000698294 0.00464041 0.0210946 0.0656333 0.139839 0.2041 0.204104 0.13986 0.0657048 0.0213029 0.00516862 0.00186945 0.00234889 0.00390684 0.00593971 0.00813051 0.0101831 0.0119207 0.0133151 0.0143678 0.0149652 0.0148744 0.0138995 0.0120617
 1.01966e-16 4.76496e-05 0.000463171 0.00307793 0.0139919 0.0435341 0.0927554 0.135387 0.135425 0.0929415 0.0441586 0.0157948 0.00760027 0.0103244 0.0187434 0.0308266 0.0442056 0.0551808 0.0600228 0.0570293 0.0475705 0.0352205 0.0236914 0.0151492 0.00987307 0.00698476
 1.06517e-16 2.58441e-05 0.000251214 0.0016694 0.0075889 0.0236121 0.0503099 0.0734389 0.0734869 0.0505447 0.024401 0.00986951 0.00740195 0.0127914 0.0239173 0.0396944 0.0576281 0.0733924 0.0825366 0.0829157 0.0758396 0.0649538 0.0538432 0.0443112 0.0363495 0.0292263
 1.04694e-16 6.59679e-05 0.000641231 0.00426121 0.0193708 0.0602699 0.128412 0.187423 0.187432 0.128457 0.0604237 0.0198165 0.00538515 0.00311262 0.00481196 0.00798798 0.0118221 0.0155414 0.01839 0.0200021 0.0205578 0.0205322 0.0202618 0.0197113 0.0185997 0.0167107
 1.01978e-16 5.90752e-05 0.000574232 0.00381597 0.0173469 0.0539727 0.114995 0.167844 0.167869 0.115115 0.0543739 0.0185052 0.006722 0.0069134 0.0120846 0.0198493 0.0285058 0.0356769 0.0389862 0.0373483 0.0316275 0.0240752 0.0170103 0.0117576 0.00845163 0.00651993
 1.05013e-16 1.83711e-05 0.000178574 0.00118669 0.00539455 0.0167848 0.035764 0.0522116 0.0522737 0.0360674 0.0178035 0.00833756 0.00857604 0.0163161 0.030685 0.0507463 0.0732051 0.092265 0.101994 0.0996027 0.0870474 0.0696104 0.0526714 0.0392194 0.029541 0.022499
 1.17192e-16 2.60376e-05 0.000253095 0.00168191 0.00764572 0.0237888 0.0506854 0.0739819 0.074006 0.0508034 0.0241864 0.0088012 0.00460898 0.00673114 0.0125875 0.0214431 0.0324592 0.0440977 0.0546998 0.0633473 0.0700872 0.0752474 0.0785264 0.0788072 0.0749091 0.0665881
 1.02579e-16 7.64137e-05 0.000742768 0.00493596 0.0224381 0.0698134 0.148745 0.217098 0.217102 0.148763 0.0698735 0.0226121 0.00537383 0.00170236 0.00191007 0.00306706 0.00448428 0.00579992 0.00670778 0.00708528 0.0070624 0.00691575 0.00686723 0.00694764 0.00701215 0.00686356
pSPR Fmed_Fpbrs
0.2277   0.6 0.325
Fs Fmed_Fpbrs
1.09529   0.310258 0.776495
SSBpbr Bo_Bmed_Bpbrs
1.34424e+06  238871  739332 369666
Ro
65306.9
SPR SPRFo_SPRFmed_SPRFpbrs
466136 106139 151494
Fref
0.310258
Nvult_r0
 98557.7 2340.14 617.1 645.69 88.8461
CTP_r0
 42172.2 1271.99 335.425 350.965 48.2923
YTP_r0
391027
Np
 92646.3 28048.2 5605.68 79.4774 26.6119
Nvult_p0
 64598.2 20482.2 4093.55 58.0384 19.4333
CTP_p0
 10535.1 3593.39 50.9471 13.4349 15.6292
 10535.1 4850.01 969.318 13.743 4.60165
YTP_p0
 137318 177887
CBA_c0
149488
log_Ro
10.9069
likeval ReclasPelacesDesembMPH_pf_preclas_ppelaces_ptallas_desvR_qrecl_qpela
 18.9036 19.5678 0.178763 29.1795 303.813 121.736 111.615 0 54.5542 0.000167982 0.00040015 0.00462104 7.58055e-16 0 0
q_reclas_q_pelaces
6.27517 17.2176
M
1
N
 22708.6 20327.4 68165.2 9108.61 0.113935
 14712.8 6814.44 5406.72 18130.7 2422.76
 165082 2718.87 837.645 664.605 2526.48
 54147.8 30482.6 333.791 102.836 391.763
 12609 6929.01 2087.21 22.8554 33.8663
 285103 1355.44 359.481 108.286 2.94275
 17659.6 73761.6 284.696 75.505 23.3623
 4948 2816.06 7169.84 27.6732 9.61018
 43494.5 1286.37 596.072 1517.63 7.89175
 20199.4 7390.17 138.333 64.0999 164.051
 82445.3 1300.53 169.517 3.17311 5.23337
 76643.8 25275.2 357.902 46.6507 2.31344
 36303.2 13041.3 2724.24 38.5758 5.27751
 100817 1925.01 219.62 45.8772 0.738505
 37277.4 11188.1 105.061 11.9862 2.54414
 245980 3678.09 506.401 4.75533 0.657677
 24201.9 38412.2 345.801 47.6101 0.508912
 339518 3589.21 3326.42 29.9457 4.16701
 316546 62111.1 434.155 402.367 4.12631
 196970 54177 6757.01 47.2314 44.2221
 161587 35739.5 6468.37 806.743 10.9189
 371268 26988.9 3739.91 676.873 85.563
 27529.2 54993 2332.65 323.24 65.8973
 182507 4399.67 5364.45 227.546 37.9595
 123826 40700 729.465 889.426 44.0207
 35663.1 27619.7 6750.34 120.986 154.818
 128031 7662.02 4315.44 1054.71 43.0931
 165482 26284.3 1113.57 627.191 159.551
 32966.9 42462.2 5448.8 230.846 163.093
 18474.1 8538.18 8933.74 1146.39 82.8821
 119339 2634.78 694.796 726.985 100.032
pred_Ctot
 2689.76 3654.05 12253.4 1637.36 0.020481
 4890.62 3125.55 2479.88 8315.94 1111.24
 54921.2 1247.95 384.476 305.051 1159.64
 24252.5 17805.3 194.972 60.068 228.834
 6207.76 4349.2 1310.1 14.3459 21.2572
 55025.4 384.574 101.994 30.7234 0.834934
 6758.57 38023.4 146.758 38.922 12.043
 943.587 790.255 2012.03 7.7658 2.69685
 15735 633.205 293.411 747.041 3.88464
 12008.7 5307.87 99.3554 46.0388 117.827
 8815.52 212.06 27.6409 0.517396 0.853335
 27690.1 12427.7 175.979 22.9379 1.13751
 22672.9 9682.17 2022.54 28.6396 3.91815
 48860.2 1194.14 136.236 28.4589 0.458115
 19091.8 7230.74 67.8998 7.74652 1.64425
 95784.2 1922.86 264.74 2.48603 0.343826
 9812.22 20744.4 186.749 25.7117 0.274837
 114092 1661.39 1539.75 13.8614 1.92884
 113736 30401.2 212.504 196.945 2.01968
 66766.5 25261 3150.58 22.0225 20.6193
 59387.3 17822.9 3225.7 402.314 5.44515
 150662 14586 2021.21 365.812 46.242
 10516 28305.1 1200.62 166.373 33.9175
 47304.3 1627.77 1984.71 84.1862 14.0441
 32083.5 15053.4 269.802 328.965 16.2816
 9793.01 10750.3 2627.41 47.091 60.2592
 37484 3153.19 1775.95 434.05 17.7343
 32580.8 7594.66 321.758 181.222 46.101
 6346.16 12019 1542.29 65.3414 46.1639
 7706.44 4716.89 4935.42 633.319 45.788
 42172.2 1271.99 335.425 350.965 48.2923
F
 0.203701 0.324326 0.324326 0.324326 0.324326
 0.6885 1.09621 1.09621 1.09621 1.09621
 0.689288 1.09746 1.09746 1.09746 1.09746
 1.056 1.68133 1.68133 1.68133 1.68133
 1.23028 1.95881 1.95881 1.95881 1.95881
 0.352013 0.560462 0.560462 0.560462 0.560462
 0.835942 1.33096 1.33096 1.33096 1.33096
 0.347157 0.552731 0.552731 0.552731 0.552731
 0.772483 1.22992 1.22992 1.22992 1.22992
 1.74288 2.77495 2.77495 2.77495 2.77495
 0.18231 0.290267 0.290267 0.290267 0.290267
 0.771048 1.22763 1.22763 1.22763 1.22763
 1.93697 3.08398 3.08398 3.08398 3.08398
 1.19846 1.90814 1.90814 1.90814 1.90814
 1.31599 2.09528 2.09528 2.09528 2.09528
 0.856874 1.36428 1.36428 1.36428 1.36428
 0.908498 1.44648 1.44648 1.44648 1.44648
 0.698601 1.11229 1.11229 1.11229 1.11229
 0.765213 1.21834 1.21834 1.21834 1.21834
 0.706794 1.12533 1.12533 1.12533 1.12533
 0.789615 1.2572 1.2572 1.2572 1.2572
 0.909719 1.44842 1.44842 1.44842 1.44842
 0.833715 1.32741 1.32741 1.32741 1.32741
 0.50056 0.796974 0.796974 0.796974 0.796974
 0.500347 0.796634 0.796634 0.796634 0.796634
 0.53784 0.856329 0.856329 0.856329 0.856329
 0.583296 0.928703 0.928703 0.928703 0.928703
 0.36025 0.573577 0.573577 0.573577 0.573577
 0.350955 0.558778 0.558778 0.558778 0.558778
 0.947569 1.50869 1.50869 1.50869 1.50869
 0.747927 1.19082 1.19082 1.19082 1.19082
YTP_r0W_actual
 350030 17935 9257.73 12003 1801.3
YTP_p0W_proyectada
 78907.6 56308.4 1178.41 394.582 528.737
 78907.6 75999.7 22420.3 403.632 155.674
CTP_r0_actual
 42172.2 1271.99 335.425 350.965 48.2923
CTP_p0_proyectada
 10535.1 3593.39 50.9471 13.4349 15.6292
 10535.1 4850.01 969.318 13.743 4.60165
Wmedp
 7.49 15.67 23.13 29.37 33.83
Frms_r0
 0.747927 1.19082 1.19082 1.19082 1.19082
Zrms_r0
 1.74793 2.19082 2.19082 2.19082 2.19082
nmprior
 8.19 8.8 8.5 0
nm_flota  nm_reclas  nm_pelaces    nm_pelaL
inf 14.6467 6.31692 10.9814
cv_recla  cv_pelaces  cv_mph
0.393276 0.501583 0.50011
 ------------------------------------------------
Talla a la edad & desviaci?n 
 8 13.2811 15.8009 17.003 17.5766
 0.8 1.32811 1.58009 1.7003 1.75766
