years
 1991 1992 1993 1994 1995 1996 1997 1998 1999 2000 2001 2002 2003 2004 2005 2006 2007 2008 2009 2010 2011 2012 2013 2014 2015 2016 2017 2018 2019 2020 2021
reclasobs
 0 0 0 0 0 0 0 0 0 252601 567819 844713 477998 351125 339783 2.1784e+06 2.13404e+06 4.81314e+06 1.55562e+06 2.62356e+06 3.21686e+06 3.843e+06 1.13348e+06 3.07943e+06 1.97215e+06 2.03268e+06 2.025e+06 2.42433e+06 2.27542e+06 1.05018e+06 2.36338e+06
reclaspred
 3.41925e+06 1.96847e+06 1.00279e+06 1.0343e+06 1.06378e+06 1.65657e+06 1.18954e+06 1.10361e+06 827128 641128 661215 616794 466980 583182 587553 1.2371e+06 1.22046e+06 2.77955e+06 2.63034e+06 1.9681e+06 2.92163e+06 1.94316e+06 1.51748e+06 2.73774e+06 2.19243e+06 2.00816e+06 2.36375e+06 2.46534e+06 2.07781e+06 1.37225e+06 1.92954e+06
pelacesobs
 0 0 0 0 0 0 0 0 0 0 0 0 0 0 0 552880 188675 0 991730 2.46772e+06 1.41603e+06 1.21717e+06 2.29649e+06 1.80582e+06 0 1.4828e+06 1.56532e+06 1.57751e+06 1.42118e+06 867257 1.10002e+06
pelacespred
 1.98119e+06 1.28759e+06 670144 561440 579908 938460 665409 703539 534586 401487 412825 328410 266947 375569 373201 638551 627962 1.61679e+06 1.61263e+06 1.14943e+06 1.51987e+06 1.19945e+06 889880 1.73851e+06 1.32913e+06 1.21791e+06 1.63387e+06 1.68743e+06 1.17196e+06 884624 1.24131e+06
mphobs
 0 0 0 0 0 0 0 0 0 0 0 498337 0 5186 125008 0 168611 109162 213762 579715 649985 157893 87575 83554 0 0 0 0 0 0 0
mphpred
 519546 349645 180613 97997.3 114712 129759 176888 129425 112804 84060.4 59113 78301.1 60809.8 40146.8 49633.7 60642.8 145782 141101 287147 258104 270012 257978 201872 165440 278981 244286 207972 219606 298272 211124 136066
desembarqueobs
 494567 514787 250237 358949 120608 361735 552515 73892 212993 205616 52469 317467 293654 387597 252695 516296 358380 742168 942051 627588 828172 859565 418607 520667 417249 300574 415391 372974 316634 284311 391294
desembarquepred
 494572 513035 251159 358963 120611 361743 552547 73894 213018 205635 52469.4 317618 293850 387573 252695 516294 358412 742120 941882 627519 828304 859716 418631 520679 417249 300577 415394 372968 316634 284320 391298
Reclutas
 267912 158724 155491 315939 257590 431720 184549 92633.6 84582.4 111475 208087 122409 100817 187803 134621 616987 140147 1.08793e+06 746863 447951 498117 651968 167170 613305 503485 228009 498213 553356 169332 128379 482898
log_desv_Rt
 0.0252667 -0.498225 -0.518805 0.190157 -0.0140232 0.502385 -0.347479 -1.03674 -1.12767 -0.851591 -0.227438 -0.758027 -0.952085 -0.329998 -0.662929 0.859456 -0.6227 1.42664 1.05049 0.539292 0.645444 0.914604 -0.446381 0.853471 0.656162 -0.136009 0.645637 0.75061 -0.433529 -0.710407 0.614414
SSB
 5.62952e+06 3.78857e+06 1.95702e+06 1.06185e+06 1.24296e+06 1.406e+06 1.91667e+06 1.40238e+06 1.22228e+06 910833 640517 848428 658902 435009 537804 657093 1.57962e+06 1.5289e+06 3.11137e+06 2.79668e+06 2.9257e+06 2.79531e+06 2.18737e+06 1.79262e+06 3.02289e+06 2.64696e+06 2.25347e+06 2.37953e+06 3.23192e+06 2.28763e+06 1.47434e+06
BT
 7.32999e+06 5.00379e+06 2.59398e+06 2.26326e+06 2.11686e+06 3.58114e+06 2.81784e+06 2.51666e+06 2.07515e+06 1.59998e+06 1.48522e+06 1.41891e+06 1.20816e+06 1.72385e+06 1.55706e+06 2.65092e+06 2.47478e+06 6.29755e+06 6.52819e+06 4.58155e+06 5.95808e+06 5.03597e+06 3.47991e+06 6.5551e+06 5.01536e+06 4.51418e+06 6.12307e+06 6.26055e+06 4.34946e+06 3.36094e+06 4.70707e+06
Ftot
 0.0759433 0.135822 0.131041 0.186856 0.0610121 0.118948 0.242779 0.0358818 0.137297 0.170379 0.0437065 0.270119 0.329315 0.360072 0.234012 0.230381 0.155493 0.147782 0.192316 0.169849 0.151352 0.235696 0.145888 0.105202 0.102145 0.079996 0.0961843 0.0832853 0.0801637 0.109365 0.111977
BD_Bspro_t
 0.987932 0.908215 0.805059 0.740916 0.743297 0.79752 0.796537 0.698273 0.742123 0.724412 0.710259 0.818395 0.676461 0.555318 0.580674 0.619897 0.70977 0.693395 0.777118 0.728507 0.697898 0.690167 0.6699 0.667306 0.789946 0.801382 0.809532 0.833787 0.862409 0.820838 0.778504
BD_Bspro
 3.01925 2.0319 1.0496 0.569494 0.66663 0.754072 1.02795 0.752131 0.655539 0.488502 0.343525 0.455033 0.353385 0.233306 0.288438 0.352415 0.847188 0.819986 1.6687 1.49993 1.56913 1.49919 1.17314 0.961423 1.62125 1.41963 1.20859 1.2762 1.73336 1.22691 0.790726
BD_Bo
 2.0659 1.39031 0.718179 0.389671 0.456136 0.515967 0.703369 0.51464 0.448547 0.334254 0.235054 0.311352 0.241801 0.159638 0.197361 0.241137 0.579681 0.561069 1.1418 1.02631 1.07366 1.02581 0.802712 0.657846 1.10933 0.971368 0.826968 0.873231 1.18603 0.839503 0.541048
BD_Brms
 3.75617 2.52784 1.30578 0.708494 0.829338 0.938122 1.27885 0.935708 0.81554 0.607734 0.427371 0.566095 0.439638 0.29025 0.358838 0.438431 1.05397 1.02013 2.07599 1.86602 1.95211 1.86511 1.45948 1.19608 2.01696 1.76612 1.50358 1.58769 2.15643 1.52637 0.983723
Sel_flota
 0.899947 0.994183 0.999692 0.999984 0.999999
 0.899947 0.994183 0.999692 0.999984 0.999999
 0.899947 0.994183 0.999692 0.999984 0.999999
 0.899947 0.994183 0.999692 0.999984 0.999999
 0.899947 0.994183 0.999692 0.999984 0.999999
 0.899947 0.994183 0.999692 0.999984 0.999999
 0.899947 0.994183 0.999692 0.999984 0.999999
 0.899947 0.994183 0.999692 0.999984 0.999999
 0.899947 0.994183 0.999692 0.999984 0.999999
 0.899947 0.994183 0.999692 0.999984 0.999999
 0.899947 0.994183 0.999692 0.999984 0.999999
 0.899947 0.994183 0.999692 0.999984 0.999999
 0.899947 0.994183 0.999692 0.999984 0.999999
 0.899947 0.994183 0.999692 0.999984 0.999999
 0.899947 0.994183 0.999692 0.999984 0.999999
 0.899947 0.994183 0.999692 0.999984 0.999999
 0.899947 0.994183 0.999692 0.999984 0.999999
 0.899947 0.994183 0.999692 0.999984 0.999999
 0.899947 0.994183 0.999692 0.999984 0.999999
 0.899947 0.994183 0.999692 0.999984 0.999999
 0.899947 0.994183 0.999692 0.999984 0.999999
 0.899947 0.994183 0.999692 0.999984 0.999999
 0.899947 0.994183 0.999692 0.999984 0.999999
 0.899947 0.994183 0.999692 0.999984 0.999999
 0.899947 0.994183 0.999692 0.999984 0.999999
 0.899947 0.994183 0.999692 0.999984 0.999999
 0.899947 0.994183 0.999692 0.999984 0.999999
 0.899947 0.994183 0.999692 0.999984 0.999999
 0.899947 0.994183 0.999692 0.999984 0.999999
 0.899947 0.994183 0.999692 0.999984 0.999999
 0.899947 0.994183 0.999692 0.999984 0.999999
Sel_reclas
 1 1 1 1 1
 1 1 1 1 1
 1 1 1 1 1
 1 1 1 1 1
 1 1 1 1 1
 1 1 1 1 1
 1 1 1 1 1
 1 1 1 1 1
 1 1 1 1 1
 1 1 1 1 1
 1 1 1 1 1
 1 1 1 1 1
 1 1 1 1 1
 1 1 1 1 1
 1 1 1 1 1
 1 1 1 1 1
 1 1 1 1 1
 1 1 1 1 1
 1 1 1 1 1
 1 1 1 1 1
 1 1 1 1 1
 1 1 1 1 1
 1 1 1 1 1
 1 1 1 1 1
 1 1 1 1 1
 1 1 1 1 1
 1 1 1 1 1
 1 1 1 1 1
 1 1 1 1 1
 1 1 1 1 1
 1 1 1 1 1
Sel_pelaces
 1 1 1 1 1
 1 1 1 1 1
 1 1 1 1 1
 1 1 1 1 1
 1 1 1 1 1
 1 1 1 1 1
 1 1 1 1 1
 1 1 1 1 1
 1 1 1 1 1
 1 1 1 1 1
 1 1 1 1 1
 1 1 1 1 1
 1 1 1 1 1
 1 1 1 1 1
 1 1 1 1 1
 1 1 1 1 1
 1 1 1 1 1
 1 1 1 1 1
 1 1 1 1 1
 1 1 1 1 1
 1 1 1 1 1
 1 1 1 1 1
 1 1 1 1 1
 1 1 1 1 1
 1 1 1 1 1
 1 1 1 1 1
 1 1 1 1 1
 1 1 1 1 1
 1 1 1 1 1
 1 1 1 1 1
 1 1 1 1 1
pf_obs 
 0.8446 0.082 0.0669 0.0065 0
 0.8095 0.147 0.0364 0.0071 0
 0.9664 0.0169 0.016 0.0007 0
 0.9276 0.0648 0.0075 0.0001 0
 0.7033 0.2144 0.0806 0.0017 0
 0.9318 0.0425 0.0243 0.0014 0
 0.5671 0.3108 0.0964 0.0239 0.0018
 0.0768 0.2599 0.5324 0.112 0.0189
 0.490249 0.384438 0.106611 0.0170017 0.00170017
 0.7925 0.1577 0.0466 0.003 0.0002
 0.840416 0.127587 0.0312969 0.00059994 9.999e-05
 0.8084 0.0986 0.0794 0.0134 0.0002
 0.7335 0.1905 0.0724 0.0035 0.0001
 0.4001 0.4547 0.1325 0.0127 0
 0.49795 0.308269 0.164784 0.0264974 0.00249975
 0.9179 0.0499 0.0305 0.0017 0
 0.2467 0.6533 0.0926 0.0074 0
 0.9418 0.0223 0.034 0.0019 0
 0.707729 0.231977 0.0356964 0.0245975 0
 0.517169 0.277429 0.184464 0.0207286 0.00020938
 0.811772 0.124168 0.05621 0.00726502 0.000585176
 0.764997 0.148141 0.077277 0.00933861 0.000247198
 0.163321 0.427699 0.378323 0.0303852 0.000271297
 0.753843 0.0900009 0.118128 0.0371064 0.000921714
 0.721811 0.176058 0.0630433 0.0369309 0.00215725
 0.143369 0.312575 0.442814 0.0836902 0.0175525
 0.692698 0.0596174 0.167031 0.0765114 0.00414204
 0.394062 0.376323 0.152708 0.0712218 0.00568511
 0.125707 0.32114 0.495352 0.0537591 0.00404204
 0.23352 0.215282 0.420074 0.123614 0.00750983
 0.796117 0.104755 0.0508955 0.0450114 0.00322123
pf_pred 
 0.415027 0.10695 0.454291 0.0237316 7.27765e-07
 0.408559 0.260381 0.0608004 0.256846 0.0134138
 0.543116 0.198386 0.114182 0.0265107 0.117805
 0.763261 0.134717 0.0444465 0.0254364 0.0321394
 0.650445 0.273386 0.043457 0.0142538 0.0184584
 0.746436 0.170544 0.0650087 0.0102776 0.00773414
 0.474885 0.401948 0.0829958 0.0314585 0.0087134
 0.435922 0.283274 0.21525 0.0441778 0.0213762
 0.517848 0.221988 0.131005 0.099013 0.0301456
 0.667712 0.180783 0.0699752 0.0410605 0.0404695
 0.787485 0.146824 0.0358367 0.013791 0.0160632
 0.549975 0.361616 0.0611857 0.0148536 0.0123703
 0.601653 0.229985 0.135453 0.0227779 0.0101314
 0.79719 0.127605 0.0435377 0.0254792 0.00618822
 0.667405 0.271248 0.038693 0.0131165 0.0095371
 0.906588 0.0645594 0.0235574 0.00334019 0.00195495
 0.387744 0.560484 0.0358479 0.0130023 0.00292166
 0.901152 0.0407849 0.0531798 0.00338178 0.00150175
 0.638877 0.328698 0.0134238 0.0174033 0.00159766
 0.539334 0.305379 0.141421 0.00574164 0.00812454
 0.644555 0.201006 0.10258 0.0472294 0.00462933
 0.713358 0.19158 0.0538952 0.0273465 0.0138207
 0.365775 0.466322 0.112449 0.0314438 0.0240102
 0.801321 0.0775279 0.089215 0.0213905 0.0105454
 0.645653 0.289608 0.0253497 0.0290086 0.0103809
 0.450266 0.367441 0.149144 0.0129822 0.0201662
 0.733779 0.126524 0.0935455 0.0377617 0.00839028
 0.692519 0.231633 0.0361541 0.0265824 0.0131109
 0.367418 0.451313 0.136746 0.0212264 0.0232974
 0.440519 0.218776 0.243462 0.0733628 0.0238794
 0.827063 0.0806322 0.0362196 0.0400813 0.0160042
pobs_RECLAS
 0 0 0 0 0
 0 0 0 0 0
 0 0 0 0 0
 0 0 0 0 0
 0 0 0 0 0
 0 0 0 0 0
 0 0 0 0 0
 0 0 0 0 0
 0 0 0 0 0
 0 0 0 0 0
 0.991045 0.00858322 0.000360255 1.14367e-05 0
 0.934742 0.0480273 0.0164251 0.00080598 0
 0.827803 0.169806 0.00239088 0 0
 0.941827 0.0461693 0.0120037 0 0
 0.791401 0.0380133 0.147996 0.0225897 0
 0.846168 0.0940531 0.0597789 0 0
 0.134021 0.677848 0.182769 0.00536245 0
 0.80878 0.0450904 0.141981 0.00414843 0
 0.846168 0.0940531 0.0597789 0 0
 0.905697 0.0802665 0.012482 0.00150086 5.37128e-05
 0.989698 0.0102097 9.19794e-05 0 0
 0.975433 0.0193895 0.00387452 0.00125025 5.28907e-05
 0.303575 0.632131 0.0575291 0.00676475 0
 0.966965 0.00978017 0.0227588 0.000495775 0
 0.843318 0.132988 0.00938335 0.0141283 0.000182051
 0.564624 0.303363 0.111486 0.0197234 0.00080311
 0.826376 0.0876187 0.0782897 0.00655872 0.00115652
 0.89761 0.0855135 0.0140674 0.00269457 0.000114338
 0.34875 0.467042 0.161289 0.0227151 0.000203297
 0.318654 0.224769 0.449479 0.00709798 0
 0.937255 0.0296025 0.0250945 0.00804832 0
ppred_RECLAS
 0.440667 0.102729 0.433941 0.0226619 6.9495e-07
 0.433914 0.250033 0.0580583 0.24519 0.0128049
 0.568778 0.187854 0.107517 0.0249559 0.110895
 0.781496 0.124651 0.0408946 0.0233967 0.0295617
 0.673116 0.255971 0.0404633 0.013268 0.0171816
 0.765333 0.158126 0.0599393 0.00947332 0.00712882
 0.500669 0.382727 0.0785809 0.0297761 0.0082473
 0.46131 0.27128 0.204996 0.0420611 0.0203517
 0.543712 0.210732 0.123668 0.09344 0.0284484
 0.690314 0.16893 0.065021 0.0381422 0.0375926
 0.804006 0.135648 0.0329256 0.012667 0.0147538
 0.575391 0.341579 0.0574681 0.0139469 0.0116151
 0.626605 0.216105 0.126553 0.0212747 0.00946264
 0.813704 0.117469 0.0398498 0.023314 0.00566225
 0.689827 0.253231 0.0359192 0.0121726 0.00885062
 0.914992 0.058855 0.0213548 0.00302699 0.0017716
 0.412081 0.538463 0.034247 0.0124179 0.0027903
 0.910052 0.0372354 0.0482803 0.00306931 0.00136297
 0.662028 0.307786 0.0124992 0.0161998 0.00148715
 0.564798 0.289047 0.133108 0.00540253 0.00764457
 0.667873 0.188285 0.095551 0.0439801 0.00431078
 0.734087 0.178066 0.0498109 0.0252666 0.0127693
 0.389832 0.44931 0.107741 0.0301186 0.0229979
 0.81735 0.0715193 0.0818428 0.0196171 0.00967102
 0.668516 0.271206 0.023607 0.0270063 0.00966427
 0.475647 0.351129 0.141732 0.0123334 0.0191581
 0.753477 0.117511 0.0863986 0.0348664 0.00774687
 0.713738 0.215952 0.0335195 0.0246381 0.0121517
 0.391396 0.434906 0.131043 0.0203352 0.0223189
 0.466278 0.209424 0.231758 0.0698154 0.0227244
 0.841384 0.0741825 0.0331369 0.0366591 0.0146375
pobs_PELACES
 0 0 0 0 0
 0 0 0 0 0
 0 0 0 0 0
 0 0 0 0 0
 0 0 0 0 0
 0 0 0 0 0
 0 0 0 0 0
 0 0 0 0 0
 0 0 0 0 0
 0 0 0 0 0
 0 0 0 0 0
 0 0 0 0 0
 0 0 0 0 0
 0 0 0 0 0
 0 0 0 0 0
 0 0 0 0 0
 0.505614 0.472636 0.0217494 0 0
 0 0 0 0 0
 0.443492 0.261883 0.143347 0.151278 0
 0.227955 0.32914 0.350689 0.0885471 0.00366901
 0.970185 0.0296113 0.000203453 0 0
 0.997202 0.00247181 0.000326279 0 0
 0.445219 0.490057 0.0546422 0.010081 0
 0.90214 0.0892962 0.00764917 0.000914606 0
 0 0 0 0 0
 0.581667 0.319106 0.0959925 0.00289975 0.000334073
 0.762889 0.0836404 0.116647 0.0363945 0.000428098
 0.88444 0.0763242 0.0277011 0.0115352 0
 0.521256 0.241999 0.230069 0.00667565 0
 0.616807 0.101726 0.260614 0.0208532 0
 0.833518 0.0704572 0.0857862 0.0102388 0
ppred_PELACES
 0.441277 0.102629 0.433457 0.0226364 6.94169e-07
 0.434987 0.249595 0.0579422 0.244696 0.0127791
 0.569812 0.18743 0.107249 0.0248933 0.110616
 0.782513 0.12409 0.0406967 0.0232831 0.0294181
 0.673539 0.255646 0.0404075 0.0132496 0.0171577
 0.766009 0.157681 0.0597579 0.00944453 0.00710715
 0.502582 0.3813 0.0782534 0.0296514 0.00821273
 0.461596 0.271146 0.204881 0.0420374 0.0203402
 0.544805 0.210256 0.123358 0.0932044 0.0283767
 0.691477 0.16832 0.0647663 0.0379921 0.0374446
 0.804224 0.1355 0.0328872 0.0126522 0.0147365
 0.577466 0.339943 0.0571648 0.013873 0.0115535
 0.629057 0.21474 0.125678 0.021127 0.00939695
 0.815433 0.116408 0.039464 0.0230874 0.00560722
 0.691399 0.251967 0.0357248 0.0121064 0.00880251
 0.915557 0.058471 0.0212065 0.00300591 0.00175927
 0.413259 0.537398 0.0341695 0.0123896 0.00278395
 0.91044 0.0370804 0.0480665 0.00305567 0.00135691
 0.663372 0.306572 0.0124456 0.01613 0.00148074
 0.566122 0.288198 0.132676 0.00538491 0.00761963
 0.668943 0.187702 0.0952285 0.043831 0.00429617
 0.735544 0.177116 0.049524 0.0251205 0.0126954
 0.390929 0.448535 0.107527 0.0300582 0.0229517
 0.817855 0.0713298 0.0816103 0.0195612 0.00964345
 0.669227 0.270634 0.0235528 0.026944 0.00964198
 0.47628 0.350722 0.141548 0.0123172 0.019133
 0.75405 0.117249 0.086191 0.0347823 0.00772817
 0.714275 0.215556 0.0334529 0.0245889 0.0121275
 0.392 0.434493 0.1309 0.0203128 0.0222943
 0.467155 0.209106 0.23136 0.0696946 0.0226851
 0.841863 0.0739667 0.0330338 0.0365446 0.0145918
pobs_pel_tallas
 0 0 0 0 0 0 0 0 0 0 0 0 0 0 0 0 0 0 0 0 0 0 0 0 0 0
 0 0 0 0 0 0 0 0 0 0 0 0 0 0 0 0 0 0 0 0 0 0 0 0 0 0
 0 0 0 0 0 0 0 0 0 0 0 0 0 0 0 0 0 0 0 0 0 0 0 0 0 0
 0 0 0 0 0 0 0 0 0 0 0 0 0 0 0 0 0 0 0 0 0 0 0 0 0 0
 0 0 0 0 0 0 0 0 0 0 0 0 0 0 0 0 0 0 0 0 0 0 0 0 0 0
 0 0 0 0 0 0 0 0 0 0 0 0 0 0 0 0 0 0 0 0 0 0 0 0 0 0
 0 0 0 0 0 0 0 0 0 0 0 0 0 0 0 0 0 0 0 0 0 0 0 0 0 0
 0 0 0 0 0 0 0 0 0 0 0 0 0 0 0 0 0 0 0 0 0 0 0 0 0 0
 0 0 0 0 0 0 0 0 0 0 0 0 0 0 0 0 0 0 0 0 0 0 0 0 0 0
 0 0 0 0 0 0 0 0 0 0 0 0 0 0 0 0 0 0 0 0 0 0 0 0 0 0
 0 0 0 0 0 0 0 0 0 0 0 0 0 0 0 0 0 0 0 0 0 0 0 0 0 0
 0 0 0 0 0 0 0 0 0 0 0 0 0 0 0 0 0 0 0 0 0 0 0 0 0 0
 0.00862536 0 0 0.000197151 0.00414017 0.0128641 0.00837892 0.0270097 0.101434 0.158115 0.152841 0.127902 0.109271 0.109419 0.0830992 0.0579132 0.0238553 0.00714673 0.00463305 0.00128148 0.00103504 0.000492878 0.000147863 0.000147863 4.92878e-05 0
 0 0 0 0 0 0 0 0 0 0 0 0 0 0 0 0 0 0 0 0 0 0 0 0 0 0
 0 0 0 0 0 0 0 0.0054083 0.00873648 0.0413646 0.0450493 0.0745869 0.0622846 0.0627006 0.0613931 0.0827291 0.12552 0.122667 0.0946155 0.0697135 0.0546179 0.0294188 0.0215738 0.0213955 0.0102223 0.00600262
 0 0 0 0 0.00359764 0.0251062 0.0480494 0.140153 0.205849 0.193036 0.1447 0.116669 0.0760912 0.0342217 0.00950174 0.001854 0.000860785 0 0 0 0.000165536 0 0.000143464 0 0 0
 0 0 0 0 0 0 0 0.000145254 0.000435761 0.0275982 0.070085 0.0708112 0.156366 0.174668 0.174014 0.160142 0.0824315 0.0480064 0.0283245 0.00493863 0.00203355 0 0 0 0 0
 0 0 0 0 0 0 0 0 0 0 0 0 0 0 0 0 0 0 0 0 0 0 0 0 0 0
 0 0 1.00437e-05 0.000401748 0.00122533 0.00171747 0.00176769 0.0269171 0.070346 0.194647 0.189555 0.159765 0.064822 0.0314167 0.0384472 0.0292271 0.0345202 0.0313363 0.0194345 0.0106764 0.0143323 0.0359363 0.0279516 0.0138201 0.00172751 0
 0 0.0021121 0.0136068 0.0755702 0.200478 0.177729 0.0527432 0.0373336 0.0318909 0.0142505 0.0149659 0.0166563 0.0217959 0.0798694 0.0677717 0.0528807 0.04013 0.0224614 0.0357745 0.0225083 0.00881397 0.00855152 0.00135912 0.000746735 0 0
 0 0 0 0 5.4009e-05 0.00500934 0.000945158 0.0243581 0.138947 0.33067 0.221406 0.137944 0.0707744 0.0437923 0.0131692 0.00525238 0.0047753 0.00276346 9.45158e-05 9.00151e-06 2.25038e-05 9.00151e-06 4.50075e-06 0 0 0
 0.000866109 0.00284123 0.00948549 0.0512746 0.133035 0.25785 0.225252 0.132002 0.0553304 0.0519788 0.0540692 0.017754 0.00435017 0.00159236 0.00146478 0.000404838 0.000125132 0.000115318 0.000107957 0.000100596 0 0 0 0 0 0
 0 0 0 0 0.00144013 0.00171154 0.00461396 0.0210425 0.0478622 0.0707936 0.0888783 0.103762 0.0637923 0.0337046 0.0602308 0.124433 0.169614 0.0934646 0.0462172 0.0250306 0.0313229 0.00938855 0.002487 0.000210481 0 0
 0 0.00764035 0.051015 0.0998891 0.058973 0.0496711 0.0374665 0.0718981 0.12319 0.153886 0.159021 0.0857701 0.0377988 0.023471 0.0147837 0.00900784 0.00315554 0.000888139 0.00291439 0.00214683 0.00393193 0.00274676 0.000635225 9.99891e-05 0 0
 0 0 0 0 0 0 0 0 0 0 0 0 0 0 0 0 0 0 0 0 0 0 0 0 0 0
 0 0 0 0 0 0 0 0 0 0 0 0 0 0 0 0 0 0 0 0 0 0 0 0 0 0
 0 0 0 0 0 0 0 0 0 0 0 0 0 0 0 0 0 0 0 0 0 0 0 0 0 0
 0 0 0 0 0 0 0 0 0 0 0 0 0 0 0 0 0 0 0 0 0 0 0 0 0 0
 0 0 0 0 0 0 0 0 0 0 0 0 0 0 0 0 0 0 0 0 0 0 0 0 0 0
 0 0 0 0 0 0 0 0 0 0 0 0 0 0 0 0 0 0 0 0 0 0 0 0 0 0
 0 0 0 0 0 0 0 0 0 0 0 0 0 0 0 0 0 0 0 0 0 0 0 0 0 0
ppred_pel_tallas
 1.14806e-16 3.63474e-05 0.00035331 0.00234787 0.0106731 0.033208 0.0707535 0.103269 0.10328 0.0708053 0.0333839 0.0111895 0.00367547 0.00335488 0.00603919 0.0107129 0.0172548 0.0254892 0.035115 0.0457621 0.0568037 0.0670008 0.0744244 0.0770148 0.073569 0.0644845
 1.28439e-16 3.58294e-05 0.000348274 0.00231441 0.010521 0.0327348 0.0697458 0.101801 0.101825 0.069864 0.0331321 0.0116703 0.0052066 0.00668715 0.012153 0.0202546 0.0297299 0.0386585 0.0452232 0.0488811 0.0507926 0.0529921 0.056879 0.0621822 0.0670863 0.069281
 1.24359e-16 4.69347e-05 0.000456222 0.00303175 0.0137819 0.0428808 0.0913627 0.13335 0.133369 0.0914518 0.0431804 0.0146494 0.00521703 0.00525339 0.00923784 0.0154136 0.0227221 0.0297173 0.0350008 0.0380632 0.039617 0.0410442 0.0433766 0.0466032 0.0497373 0.0514357
 1.0852e-16 6.44545e-05 0.000626521 0.00416345 0.0189265 0.0588873 0.125466 0.183124 0.183136 0.125525 0.0590846 0.0194968 0.00559768 0.00376608 0.00605309 0.00997547 0.0145357 0.0186575 0.0213079 0.0220619 0.0213647 0.0202036 0.0194461 0.0193593 0.0196021 0.0195685
 1.05464e-16 5.54786e-05 0.000539272 0.00358365 0.0162908 0.0506868 0.107994 0.157626 0.157651 0.108115 0.0510913 0.0174593 0.00651735 0.00694572 0.0122292 0.0201479 0.0290643 0.0366532 0.0405892 0.0398221 0.0352056 0.0289101 0.0231004 0.0189055 0.0162794 0.0145373
 1.03915e-16 6.30952e-05 0.000613308 0.00407565 0.0185273 0.0576454 0.12282 0.179263 0.179278 0.122895 0.057896 0.0192519 0.00589748 0.00460011 0.00766335 0.0126441 0.0183832 0.0234844 0.0265594 0.0269575 0.025117 0.022195 0.0192936 0.0169095 0.0149352 0.0130315
 1.0672e-16 4.13971e-05 0.000402395 0.00267406 0.0121559 0.0378217 0.0805845 0.117623 0.11766 0.0807643 0.0384256 0.0139007 0.0070561 0.00997594 0.0182457 0.0301576 0.0435805 0.0551062 0.0612848 0.0605325 0.0540535 0.0449632 0.036347 0.029783 0.0251928 0.0216674
 1.1364e-16 3.80211e-05 0.000369579 0.00245598 0.0111645 0.0347372 0.0740122 0.108029 0.108055 0.0741414 0.0351717 0.0124229 0.00562798 0.00733817 0.0134023 0.0224366 0.0331141 0.0433171 0.0508742 0.0547472 0.0555123 0.0546621 0.0533515 0.0516704 0.0489182 0.0444306
 1.17763e-16 4.48749e-05 0.000436201 0.00289871 0.0131771 0.040999 0.0873534 0.127499 0.12752 0.0874534 0.0413353 0.0141508 0.00535206 0.005823 0.0103684 0.0173187 0.025541 0.0334098 0.0393224 0.042628 0.0439874 0.0447642 0.045933 0.0473979 0.048171 0.0471155
 1.12059e-16 5.69561e-05 0.000553633 0.00367909 0.0167246 0.0520366 0.11087 0.161821 0.161838 0.11095 0.0523044 0.0174995 0.00562841 0.00482343 0.00820943 0.0135985 0.0198665 0.0256013 0.0294251 0.0307704 0.0302229 0.0290695 0.0284078 0.0285163 0.0288746 0.0286522
 1.04747e-16 6.62429e-05 0.000643904 0.00427897 0.0194516 0.0605212 0.128947 0.188205 0.188218 0.129011 0.060736 0.0200725 0.00583884 0.00405379 0.0065563 0.0107718 0.0156022 0.0198195 0.022226 0.0222902 0.0204612 0.0178423 0.0154906 0.0138891 0.0129042 0.0121019
 1.05084e-16 4.75652e-05 0.00046235 0.00307248 0.0139671 0.043457 0.0925908 0.135146 0.135179 0.092751 0.0439949 0.015521 0.0069738 0.0089818 0.016236 0.0267887 0.0386395 0.0487065 0.0538787 0.052726 0.0463417 0.0375735 0.0292873 0.02302 0.0188019 0.015856
 1.07391e-16 5.18147e-05 0.000503657 0.00334698 0.0152149 0.0473393 0.100862 0.147216 0.147236 0.100964 0.0476821 0.0162069 0.0058446 0.00598066 0.0105261 0.0175094 0.025661 0.0331971 0.0383091 0.0401311 0.0391687 0.0367748 0.034137 0.031628 0.0289244 0.0255842
 1.04433e-16 6.71662e-05 0.000652879 0.00433861 0.0197227 0.0613647 0.130744 0.190828 0.190839 0.130799 0.0615497 0.0202576 0.00568344 0.00359603 0.00567875 0.00934046 0.013589 0.0173902 0.0197419 0.020198 0.0191205 0.0173887 0.0158058 0.0146756 0.0138074 0.0128203
 1.038e-16 5.69497e-05 0.000553571 0.00367868 0.0167227 0.0520308 0.110858 0.161806 0.16183 0.110977 0.0524293 0.0178738 0.00656817 0.006862 0.0120399 0.0198201 0.0285614 0.0359528 0.0396811 0.0386901 0.0338094 0.0271838 0.0209766 0.0163551 0.0133439 0.0113398
 1.01227e-16 7.54133e-05 0.000733044 0.00487133 0.0221444 0.0688994 0.146798 0.214257 0.214262 0.146825 0.0689923 0.0224129 0.00554647 0.00221016 0.00289038 0.00468421 0.00679919 0.00867262 0.00978279 0.00988515 0.00914144 0.0079839 0.0068288 0.00587129 0.00508348 0.00434928
 1.02838e-16 3.40397e-05 0.000330878 0.00219881 0.00999548 0.0310999 0.0662636 0.0967245 0.0967762 0.0665163 0.0319483 0.0124451 0.00834444 0.0137361 0.0254614 0.0419564 0.0602433 0.0753525 0.0822422 0.0785923 0.066209 0.0498477 0.0344348 0.0228287 0.0153975 0.0110203
 1.01933e-16 7.49918e-05 0.000728947 0.00484411 0.0220206 0.0685143 0.145977 0.213059 0.213062 0.145995 0.0685744 0.0221949 0.00528471 0.00170139 0.00195289 0.00319063 0.00477666 0.00639673 0.00777169 0.0087519 0.00936105 0.0096996 0.00980012 0.00957694 0.008911 0.00777941
 1.02306e-16 5.46411e-05 0.000531131 0.00352955 0.0160449 0.0499217 0.106365 0.155248 0.155278 0.106509 0.0504055 0.0174418 0.00703381 0.00817384 0.0145488 0.0239121 0.0343176 0.0429012 0.0467909 0.0446814 0.0376344 0.0283984 0.0198073 0.0134833 0.00958723 0.00740131
 1.05732e-16 4.66308e-05 0.000453268 0.00301212 0.0136927 0.0426032 0.0907717 0.13249 0.132518 0.0909082 0.0430619 0.0150193 0.00634889 0.00775971 0.0139879 0.0232197 0.0338353 0.0433581 0.0492585 0.0503117 0.0472308 0.0420019 0.0365153 0.0316235 0.0271927 0.0227796
 1.07919e-16 5.51e-05 0.000535591 0.00355919 0.0161796 0.0503408 0.107257 0.156549 0.156567 0.107346 0.0506401 0.0170457 0.00573926 0.00531458 0.0091901 0.0152613 0.0223465 0.0288818 0.0333047 0.0349021 0.034182 0.0323953 0.0306118 0.0291149 0.0274946 0.0251863
 1.06143e-16 6.05858e-05 0.000588916 0.00391355 0.0177905 0.0553528 0.117936 0.172134 0.172151 0.118019 0.0556338 0.0186029 0.00595527 0.00505407 0.00856486 0.0141281 0.0205012 0.0261161 0.0294233 0.029732 0.0276114 0.0244594 0.0215929 0.019578 0.0182007 0.0168998
 1.10117e-16 3.22004e-05 0.000312999 0.00207999 0.00945537 0.0294194 0.0626827 0.0914964 0.0915397 0.0628944 0.0301303 0.0115097 0.0072405 0.0115913 0.0214901 0.0355778 0.0514889 0.0652628 0.0728787 0.0724944 0.0655155 0.0555529 0.0461456 0.0390452 0.0340692 0.0300939
 1.05968e-16 6.73657e-05 0.000654818 0.0043515 0.0197813 0.061547 0.131133 0.191393 0.1914 0.131167 0.0616622 0.0201158 0.00519685 0.00251947 0.00366538 0.00610187 0.00913324 0.0122223 0.0148581 0.016797 0.0181503 0.0191795 0.0199838 0.0203646 0.0199728 0.0185822
 1.05083e-16 5.51234e-05 0.000535819 0.00356071 0.0161865 0.0503623 0.107303 0.156618 0.156644 0.107431 0.0507899 0.0174215 0.00666029 0.00730047 0.0128977 0.0212246 0.0305491 0.0383858 0.0422549 0.041051 0.0357231 0.0286509 0.02222 0.0176933 0.0150302 0.0134519
 1.08648e-16 3.92306e-05 0.000381336 0.00253411 0.0115197 0.0358423 0.0763671 0.111467 0.111501 0.076533 0.0363999 0.0131322 0.00658876 0.00925589 0.0169617 0.0281567 0.0409714 0.0523881 0.0593274 0.0603322 0.0563509 0.0499194 0.0434541 0.0380469 0.0334801 0.0290494
 1.07314e-16 6.21101e-05 0.000603732 0.00401201 0.018238 0.0567454 0.120902 0.176463 0.176474 0.120958 0.0569333 0.0187824 0.00538428 0.00361917 0.00584744 0.00972291 0.0143645 0.0188363 0.0222222 0.0241057 0.0247662 0.0248603 0.024861 0.0247328 0.024061 0.0224408
 1.05539e-16 5.88339e-05 0.000571887 0.00380039 0.017276 0.0537523 0.114526 0.167158 0.167179 0.114627 0.0540934 0.0182615 0.00627493 0.00597647 0.0103314 0.0170098 0.0245558 0.0310133 0.0344411 0.0339766 0.0303572 0.0254128 0.0209383 0.017823 0.0159433 0.0146424
 1.09699e-16 3.22886e-05 0.000313857 0.00208569 0.00948128 0.0295 0.0628545 0.0917467 0.0917887 0.0630597 0.0301895 0.0114741 0.00709336 0.0112639 0.0208823 0.0346126 0.0501886 0.0638099 0.0716042 0.0717705 0.0655933 0.0564353 0.0475709 0.040589 0.0353081 0.0307517
 1.17559e-16 3.8479e-05 0.000374029 0.00248556 0.011299 0.0351555 0.0749032 0.109328 0.109348 0.0750035 0.0354932 0.0122789 0.00496177 0.00583484 0.0105724 0.0178457 0.0267115 0.0357183 0.0433798 0.0489956 0.052916 0.0559385 0.0583742 0.0596364 0.0586656 0.0547424
 1.07107e-16 6.93432e-05 0.00067404 0.00447923 0.020362 0.0633536 0.134982 0.197012 0.197019 0.135017 0.0634717 0.0207035 0.00533922 0.00256035 0.00367888 0.00604555 0.00888096 0.0115616 0.0135199 0.0145444 0.0149096 0.015156 0.0156851 0.0164888 0.0171889 0.0172985
pSPR Fmed_Fpbrs
0.764183   0.6 0.325
Fs Fmed_Fpbrs
0.133321   0.263252 0.635651
SSBpbr Bo_Bmed_Bpbrs
2.72498e+06  1.94613e+06  1.49874e+06 749369
Ro
261228
SPR SPRFo_SPRFmed_SPRFpbrs
1.86454e+06 1.42485e+06 605976
Fref
0.263252
Nvult_r0
 322280 28714.2 12834.3 14199 5669.49
CTP_r0
 29504 2876.41 1292.07 1429.83 570.923
YTP_r0
391298
Np
 371572 107859 45481.8 3983.12 2281.41
Nvult_p0
 263712 77317.3 32621.5 2856.95 1636.38
CTP_p0
 50510.4 23883 2105.01 940.254 1382.32
 50510.4 16038.1 6796.43 595.36 341.009
YTP_p0
 875638 815863
CBA_c0
857706
log_Ro
12.2931
likeval ReclasPelacesDesembMPH_pf_preclas_ppelaces_ptallas_desvR_qrecl_qpela
 19.8313 18.2749 0.129844 63.7368 246.022 124.081 99.2214 0 21.2731 1.86168e-05 8.54337e-06 0.642911 8.65689e-16 0 0
q_reclas_q_pelaces
0.542583 0.659785
M
1
N
 267912 62680 264824 13830.2 0.424116
 158724 92048.3 21381.8 90300.7 4715.9
 155491 51672.9 29585.4 6867.23 30515.4
 315939 50838.6 16687.4 9547.52 12063.3
 257590 98237.5 15531.8 5092.95 6595.18
 431720 89699.1 34012.6 5375.73 4045.33
 184549 142698 29318.1 11109.7 3077.14
 92633.6 54566.7 41238.1 8461.28 4094.07
 84582.4 32995.1 19370.5 14636.1 4456.06
 111475 27499.4 10589.5 6212.09 6122.58
 208087 35179.7 8540.15 3285.56 3826.83
 122409 73598.2 12391.6 3007.43 2504.61
 100817 35313.8 20698.7 3479.82 1547.77
 187803 27575.9 9364.01 5478.65 1330.6
 134621 49966.3 7091.97 2403.47 1747.55
 616987 40119.6 14566.1 2064.78 1208.46
 140147 184476 11737.9 4256.25 956.381
 1.08793e+06 44824.6 58144.3 3696.47 1641.47
 746863 350388 14236.9 18452.4 1693.94
 447951 231090 106468 4321.39 6114.77
 498117 141433 71804.4 33050.8 3239.53
 651968 159913 44761.9 22706.3 11475.4
 167170 194005 46539.5 13010.2 9934.31
 613305 53931.8 61734.5 14797.5 7295.02
 503485 205241 17870.1 20443.7 7315.82
 228009 168954 68213.1 5935.89 9220.55
 498213 78053.2 57403.1 23165.5 5147.08
 553356 168085 26095.6 19181.5 9460.49
 169332 188868 56921.1 8833.1 9694.78
 128379 57958 64158.2 19327.5 6290.96
 482898 42801 19124.9 21158.1 8448.16
pred_Ctot
 11250.5 2899.18 12314.9 643.312 0.0197281
 11659.9 7431.04 1735.19 7330.14 382.818
 11039.7 4032.51 2320.93 538.873 2394.59
 31338.8 5531.36 1824.93 1044.4 1319.61
 8738.67 3672.92 583.841 191.499 247.988
 27947.3 6385.33 2433.99 384.802 289.574
 23307.2 19727.5 4073.41 1543.97 427.651
 1865.58 1212.31 921.189 189.065 91.4822
 6277.51 2691.01 1588.08 1200.27 365.434
 10143.2 2746.29 1063 623.753 614.774
 5089.7 948.96 231.621 89.1345 103.82
 17031.8 11198.6 1894.82 459.992 383.09
 16743.9 6400.43 3769.64 633.904 281.955
 33734.1 5399.77 1842.35 1078.18 261.862
 16439.7 6681.44 953.096 323.089 234.92
 74273.6 5289.13 1929.97 273.65 160.162
 11701.5 16914.6 1081.84 392.389 88.1713
 86576.6 3918.34 5109.16 324.899 144.278
 76096.6 39151.2 1598.91 2072.9 190.297
 40640.7 23011.4 10656.6 432.653 612.213
 40543.9 12643.7 6452.5 2970.83 291.195
 80141.5 21522.8 6054.8 3072.22 1552.67
 13141.8 16754.3 4040.12 1129.73 862.653
 35292.5 3414.55 3929.28 942.096 464.451
 28162.9 12632.5 1105.74 1265.33 452.809
 10070.6 8218.16 3335.75 290.358 451.036
 26299.7 4534.8 3352.8 1353.43 300.72
 25414.4 8500.58 1326.8 975.533 481.15
 7494.22 9205.41 2789.2 432.954 475.196
 7668.07 3808.22 4237.92 1277.02 415.667
 29504 2876.41 1292.07 1429.83 570.923
F
 0.068345 0.0755015 0.07592 0.0759421 0.0759433
 0.122232 0.135032 0.13578 0.13582 0.135822
 0.11793 0.130279 0.131001 0.131039 0.131041
 0.16816 0.185769 0.186798 0.186853 0.186856
 0.0549077 0.0606572 0.0609933 0.0610111 0.0610121
 0.107047 0.118256 0.118912 0.118946 0.118948
 0.218489 0.241367 0.242705 0.242775 0.242779
 0.0322917 0.035673 0.0358707 0.0358812 0.0358817
 0.12356 0.136498 0.137255 0.137295 0.137297
 0.153332 0.169388 0.170326 0.170376 0.170379
 0.0393335 0.0434522 0.043693 0.0437058 0.0437064
 0.243093 0.268547 0.270036 0.270114 0.270119
 0.296366 0.327399 0.329214 0.32931 0.329315
 0.324046 0.357977 0.359961 0.360066 0.360072
 0.210599 0.232651 0.23394 0.234009 0.234012
 0.20733 0.22904 0.23031 0.230377 0.23038
 0.139936 0.154589 0.155445 0.155491 0.155493
 0.132996 0.146923 0.147737 0.14778 0.147782
 0.173074 0.191197 0.192257 0.192313 0.192316
 0.152855 0.168861 0.169797 0.169847 0.169849
 0.136208 0.150471 0.151305 0.151349 0.151352
 0.212114 0.234325 0.235624 0.235692 0.235696
 0.131291 0.145039 0.145843 0.145885 0.145888
 0.0946759 0.10459 0.105169 0.1052 0.105202
 0.091925 0.101551 0.102113 0.102143 0.102145
 0.0719922 0.0795307 0.0799714 0.0799947 0.079996
 0.0865608 0.0956248 0.0961547 0.0961827 0.0961842
 0.0749524 0.0828008 0.0832597 0.083284 0.0832853
 0.0721431 0.0796974 0.0801391 0.0801624 0.0801637
 0.0984227 0.108729 0.109331 0.109363 0.109365
 0.100773 0.111326 0.111943 0.111975 0.111977
YTP_r0W_actual
 244883 40557.4 35661.2 48900.2 21295.4
YTP_p0W_proyectada
 378323 374247 48689 27615.3 46763.9
 378323 251317 157201 17485.7 11536.3
CTP_r0_actual
 29504 2876.41 1292.07 1429.83 570.923
CTP_p0_proyectada
 50510.4 23883 2105.01 940.254 1382.32
 50510.4 16038.1 6796.43 595.36 341.009
Wmedp
 7.49 15.67 23.13 29.37 33.83
Frms_r0
 0.100773 0.111326 0.111943 0.111975 0.111977
Zrms_r0
 1.10077 1.11133 1.11194 1.11198 1.11198
nmprior
 8.19 8.8 8.5 0
nm_flota  nm_reclas  nm_pelaces    nm_pelaL
inf 10.7654 18.0995 43.1487
cv_recla  cv_pelaces  cv_mph
0.402811 0.48473 0.739132
 ------------------------------------------------
Talla a la edad & desviaci?n 
 8 13.2811 15.8009 17.003 17.5766
 0.8 1.32811 1.58009 1.7003 1.75766
