years
 1991 1992 1993 1994 1995 1996 1997 1998 1999 2000 2001 2002 2003 2004 2005 2006 2007 2008 2009 2010 2011 2012 2013 2014 2015 2016 2017 2018 2019 2020 2021
reclasobs
 0 0 0 0 0 0 0 0 0 252601 567819 844713 477998 351125 339783 2.1784e+06 2.13404e+06 4.81314e+06 1.55562e+06 2.62356e+06 3.21686e+06 3.843e+06 1.13348e+06 3.07943e+06 1.97215e+06 2.03268e+06 2.025e+06 2.42433e+06 2.27542e+06 1.05018e+06 2.36338e+06
reclaspred
 3.44623e+06 2.01654e+06 1.02845e+06 1.02345e+06 1.03526e+06 1.58136e+06 1.18715e+06 1.11264e+06 839933 661192 655757 624014 507053 580504 592443 1.21559e+06 1.24393e+06 2.69517e+06 2.55411e+06 1.93331e+06 2.90446e+06 1.94843e+06 1.55534e+06 2.7163e+06 2.1817e+06 1.99241e+06 2.32672e+06 2.41334e+06 2.06565e+06 1.38352e+06 1.91105e+06
pelacesobs
 0 0 0 0 0 0 0 0 0 0 0 0 0 0 0 552880 188675 0 991730 2.46772e+06 1.41603e+06 1.21717e+06 2.29649e+06 1.80582e+06 0 1.4828e+06 1.56532e+06 1.57751e+06 1.42118e+06 867257 1.10002e+06
pelacespred
 2.00051e+06 1.33239e+06 703237 567198 565697 896400 677536 701700 545295 418685 410078 340622 299694 383687 382631 637981 646999 1.56868e+06 1.58351e+06 1.14996e+06 1.51103e+06 1.23877e+06 922016 1.71851e+06 1.32855e+06 1.20717e+06 1.60123e+06 1.64619e+06 1.1616e+06 894113 1.22949e+06
mphobs
 0 0 0 0 0 0 0 0 0 0 0 498337 0 5186 125008 0 168611 109162 213762 579715 649985 157893 87575 83554 0 0 0 0 0 0 0
mphpred
 508550 344412 181548 97455.3 111102 121876 167111 128929 110826 84398.8 60256.5 75571.7 63072.8 45568.2 50827.7 61928.9 143214 142270 274935 249960 262844 254430 202047 167098 271074 236803 201335 211622 284687 205232 134885
desembarqueobs
 494567 514787 250237 358949 120608 361735 552515 73892 212993 205616 52469 317467 293654 387597 252695 516296 358380 742168 942051 627588 828172 859565 418607 520667 417249 300574 415391 372974 316634 284311 391294
desembarquepred
 494569 512834 251254 358956 120609 361738 552533 73893 213007 205626 52469.1 317562 293776 387592 252696 516295 358399 742136 941943 627547 828255 859668 418623 520673 417249 300575 415392 372970 316634 284316 391295
Reclutas
 381583 233829 221115 467088 381298 644849 276068 142872 130463 171113 317984 183746 155988 256989 201487 918394 216474 1.61823e+06 1.08665e+06 643320 743479 961785 252083 945283 768411 349402 769686 855147 259441 197004 747051
log_desv_Rt
 -0.0265277 -0.516269 -0.572172 0.17566 -0.0272759 0.498159 -0.350208 -1.00891 -1.09977 -0.828534 -0.208855 -0.757301 -0.92108 -0.421825 -0.665134 0.851769 -0.593385 1.41823 1.02 0.495786 0.640484 0.897934 -0.441099 0.880627 0.673467 -0.114633 0.675126 0.780416 -0.412329 -0.687634 0.645276
SSB
 9.40568e+06 6.36994e+06 3.35775e+06 1.80245e+06 2.05485e+06 2.25411e+06 3.09074e+06 2.38456e+06 2.04973e+06 1.56096e+06 1.11445e+06 1.39771e+06 1.16654e+06 842788 940062 1.14538e+06 2.64875e+06 2.63129e+06 5.08495e+06 4.62304e+06 4.86133e+06 4.70571e+06 3.73688e+06 3.09049e+06 5.01354e+06 4.3797e+06 3.72372e+06 3.91397e+06 5.26531e+06 3.79578e+06 2.49471e+06
BT
 1.20341e+07 8.24999e+06 4.34313e+06 3.60104e+06 3.37896e+06 5.51348e+06 4.43071e+06 4.13649e+06 3.37582e+06 2.63086e+06 2.42612e+06 2.25234e+06 2.01769e+06 2.64179e+06 2.47719e+06 4.12853e+06 4.04151e+06 9.76612e+06 1.01002e+07 7.25194e+06 9.43085e+06 8.05094e+06 5.73102e+06 1.04684e+07 8.0924e+06 7.27557e+06 9.72055e+06 9.93131e+06 7.00542e+06 5.46633e+06 7.51526e+06
Ftot
 0.0454839 0.0803429 0.0772265 0.110958 0.0370489 0.0726732 0.146384 0.021134 0.0803271 0.0983375 0.0255315 0.159962 0.181795 0.209705 0.134861 0.134518 0.0911212 0.0875344 0.116591 0.102622 0.0902684 0.139129 0.0851404 0.0610508 0.0607062 0.0479068 0.0568147 0.0492403 0.0485875 0.0650888 0.0651849
BD_Bspro_t
 0.99275 0.943414 0.876838 0.831484 0.82917 0.865014 0.864341 0.7969 0.828056 0.818066 0.809664 0.881962 0.787584 0.704685 0.707356 0.740443 0.804405 0.796094 0.851005 0.816011 0.793789 0.789929 0.776511 0.776501 0.862388 0.869938 0.87556 0.891943 0.910696 0.883562 0.855802
BD_Bspro
 3.363 2.27757 1.20056 0.644464 0.73471 0.805955 1.10509 0.852598 0.73288 0.558122 0.398471 0.499749 0.417095 0.301338 0.336119 0.409531 0.94706 0.940818 1.81812 1.65297 1.73817 1.68252 1.33612 1.105 1.79259 1.56596 1.33141 1.39944 1.88261 1.35718 0.891981
BD_Bo
 2.29611 1.55502 0.819692 0.440011 0.501627 0.550271 0.754508 0.582116 0.500378 0.381061 0.272058 0.341207 0.284774 0.205741 0.229487 0.279609 0.646611 0.642349 1.24133 1.12857 1.18674 1.14875 0.912244 0.754448 1.2239 1.06917 0.909031 0.955476 1.28536 0.926622 0.609005
BD_Brms
 4.17474 2.82732 1.49035 0.800021 0.91205 1.00049 1.37183 1.05839 0.909779 0.692839 0.494652 0.620376 0.517771 0.374074 0.41725 0.508381 1.17566 1.16791 2.25697 2.05195 2.15772 2.08864 1.65863 1.37172 2.22528 1.94394 1.65278 1.73723 2.33702 1.68477 1.10728
Sel_flota
 0.987992 0.999361 0.999966 0.999998 1
 0.987992 0.999361 0.999966 0.999998 1
 0.987992 0.999361 0.999966 0.999998 1
 0.987992 0.999361 0.999966 0.999998 1
 0.987992 0.999361 0.999966 0.999998 1
 0.987992 0.999361 0.999966 0.999998 1
 0.987992 0.999361 0.999966 0.999998 1
 0.987992 0.999361 0.999966 0.999998 1
 0.987992 0.999361 0.999966 0.999998 1
 0.987992 0.999361 0.999966 0.999998 1
 0.987992 0.999361 0.999966 0.999998 1
 0.987992 0.999361 0.999966 0.999998 1
 0.987992 0.999361 0.999966 0.999998 1
 0.987992 0.999361 0.999966 0.999998 1
 0.987992 0.999361 0.999966 0.999998 1
 0.987992 0.999361 0.999966 0.999998 1
 0.987992 0.999361 0.999966 0.999998 1
 0.987992 0.999361 0.999966 0.999998 1
 0.987992 0.999361 0.999966 0.999998 1
 0.987992 0.999361 0.999966 0.999998 1
 0.987992 0.999361 0.999966 0.999998 1
 0.987992 0.999361 0.999966 0.999998 1
 0.987992 0.999361 0.999966 0.999998 1
 0.987992 0.999361 0.999966 0.999998 1
 0.987992 0.999361 0.999966 0.999998 1
 0.987992 0.999361 0.999966 0.999998 1
 0.987992 0.999361 0.999966 0.999998 1
 0.987992 0.999361 0.999966 0.999998 1
 0.987992 0.999361 0.999966 0.999998 1
 0.987992 0.999361 0.999966 0.999998 1
 0.987992 0.999361 0.999966 0.999998 1
Sel_reclas
 1 1 1 1 1
 1 1 1 1 1
 1 1 1 1 1
 1 1 1 1 1
 1 1 1 1 1
 1 1 1 1 1
 1 1 1 1 1
 1 1 1 1 1
 1 1 1 1 1
 1 1 1 1 1
 1 1 1 1 1
 1 1 1 1 1
 1 1 1 1 1
 1 1 1 1 1
 1 1 1 1 1
 1 1 1 1 1
 1 1 1 1 1
 1 1 1 1 1
 1 1 1 1 1
 1 1 1 1 1
 1 1 1 1 1
 1 1 1 1 1
 1 1 1 1 1
 1 1 1 1 1
 1 1 1 1 1
 1 1 1 1 1
 1 1 1 1 1
 1 1 1 1 1
 1 1 1 1 1
 1 1 1 1 1
 1 1 1 1 1
Sel_pelaces
 1 1 1 1 1
 1 1 1 1 1
 1 1 1 1 1
 1 1 1 1 1
 1 1 1 1 1
 1 1 1 1 1
 1 1 1 1 1
 1 1 1 1 1
 1 1 1 1 1
 1 1 1 1 1
 1 1 1 1 1
 1 1 1 1 1
 1 1 1 1 1
 1 1 1 1 1
 1 1 1 1 1
 1 1 1 1 1
 1 1 1 1 1
 1 1 1 1 1
 1 1 1 1 1
 1 1 1 1 1
 1 1 1 1 1
 1 1 1 1 1
 1 1 1 1 1
 1 1 1 1 1
 1 1 1 1 1
 1 1 1 1 1
 1 1 1 1 1
 1 1 1 1 1
 1 1 1 1 1
 1 1 1 1 1
 1 1 1 1 1
pf_obs 
 0.8446 0.082 0.0669 0.0065 0
 0.8095 0.147 0.0364 0.0071 0
 0.9664 0.0169 0.016 0.0007 0
 0.9276 0.0648 0.0075 0.0001 0
 0.7033 0.2144 0.0806 0.0017 0
 0.9318 0.0425 0.0243 0.0014 0
 0.5671 0.3108 0.0964 0.0239 0.0018
 0.0768 0.2599 0.5324 0.112 0.0189
 0.490249 0.384438 0.106611 0.0170017 0.00170017
 0.7925 0.1577 0.0466 0.003 0.0002
 0.840416 0.127587 0.0312969 0.00059994 9.999e-05
 0.8084 0.0986 0.0794 0.0134 0.0002
 0.7335 0.1905 0.0724 0.0035 0.0001
 0.4001 0.4547 0.1325 0.0127 0
 0.49795 0.308269 0.164784 0.0264974 0.00249975
 0.9179 0.0499 0.0305 0.0017 0
 0.2467 0.6533 0.0926 0.0074 0
 0.9418 0.0223 0.034 0.0019 0
 0.707729 0.231977 0.0356964 0.0245975 0
 0.517169 0.277429 0.184464 0.0207286 0.00020938
 0.811772 0.124168 0.05621 0.00726502 0.000585176
 0.764997 0.148141 0.077277 0.00933861 0.000247198
 0.163321 0.427699 0.378323 0.0303852 0.000271297
 0.753843 0.0900009 0.118128 0.0371064 0.000921714
 0.721811 0.176058 0.0630433 0.0369309 0.00215725
 0.143369 0.312575 0.442814 0.0836902 0.0175525
 0.692698 0.0596174 0.167031 0.0765114 0.00414204
 0.394062 0.376323 0.152708 0.0712218 0.00568511
 0.125707 0.32114 0.495352 0.0537591 0.00404204
 0.23352 0.215282 0.420074 0.123614 0.00750983
 0.796117 0.104755 0.0508955 0.0450114 0.00322123
pf_pred 
 0.401361 0.10042 0.474685 0.023533 6.785e-07
 0.410523 0.238245 0.0589474 0.278479 0.0138058
 0.532203 0.193375 0.110953 0.0274358 0.136033
 0.766375 0.125019 0.0449113 0.0257533 0.0379415
 0.652966 0.266694 0.0430045 0.0154393 0.0218959
 0.755579 0.16022 0.064717 0.0104295 0.00905428
 0.483809 0.391123 0.0820006 0.0331022 0.00996549
 0.438978 0.273107 0.21819 0.0457158 0.0240097
 0.525471 0.209629 0.128993 0.102995 0.0329123
 0.668566 0.175129 0.0690735 0.0424779 0.0447533
 0.786976 0.142977 0.037024 0.0145939 0.0184297
 0.556977 0.349481 0.0627958 0.0162516 0.0144952
 0.599592 0.224212 0.139012 0.0249622 0.0122218
 0.761664 0.143613 0.053056 0.0328736 0.00879303
 0.664584 0.256236 0.0477234 0.0176193 0.0138366
 0.903324 0.0645057 0.0245796 0.00457503 0.00301543
 0.39561 0.546589 0.038575 0.0146897 0.00453619
 0.897545 0.0408151 0.0557487 0.00393202 0.00195966
 0.638871 0.32452 0.0145893 0.0199151 0.00210462
 0.533991 0.298977 0.150109 0.00674424 0.0101788
 0.648661 0.18864 0.104406 0.0523876 0.00590588
 0.712408 0.187319 0.0538536 0.029788 0.0166312
 0.366264 0.453035 0.117723 0.033824 0.0291536
 0.801806 0.0731255 0.0894226 0.0232229 0.0124229
 0.650994 0.280479 0.0252936 0.0309122 0.0123219
 0.458933 0.353627 0.150654 0.0135779 0.0232079
 0.74139 0.119416 0.0909928 0.0387424 0.00945955
 0.701397 0.222041 0.0353648 0.0269314 0.014266
 0.375986 0.439159 0.137479 0.0218836 0.025492
 0.447799 0.209093 0.24151 0.0755604 0.0260374
 0.830489 0.0763961 0.0352717 0.0407159 0.0171277
pobs_RECLAS
 0 0 0 0 0
 0 0 0 0 0
 0 0 0 0 0
 0 0 0 0 0
 0 0 0 0 0
 0 0 0 0 0
 0 0 0 0 0
 0 0 0 0 0
 0 0 0 0 0
 0 0 0 0 0
 0.991045 0.00858322 0.000360255 1.14367e-05 0
 0.934742 0.0480273 0.0164251 0.00080598 0
 0.827803 0.169806 0.00239088 0 0
 0.941827 0.0461693 0.0120037 0 0
 0.791401 0.0380133 0.147996 0.0225897 0
 0.846168 0.0940531 0.0597789 0 0
 0.134021 0.677848 0.182769 0.00536245 0
 0.80878 0.0450904 0.141981 0.00414843 0
 0.846168 0.0940531 0.0597789 0 0
 0.905697 0.0802665 0.012482 0.00150086 5.37128e-05
 0.989698 0.0102097 9.19794e-05 0 0
 0.975433 0.0193895 0.00387452 0.00125025 5.28907e-05
 0.303575 0.632131 0.0575291 0.00676475 0
 0.966965 0.00978017 0.0227588 0.000495775 0
 0.843318 0.132988 0.00938335 0.0141283 0.000182051
 0.564624 0.303363 0.111486 0.0197234 0.00080311
 0.826376 0.0876187 0.0782897 0.00655872 0.00115652
 0.89761 0.0855135 0.0140674 0.00269457 0.000114338
 0.34875 0.467042 0.161289 0.0227151 0.000203297
 0.318654 0.224769 0.449479 0.00709798 0
 0.937255 0.0296025 0.0250945 0.00804832 0
ppred_RECLAS
 0.404246 0.0999871 0.47235 0.0234165 6.75139e-07
 0.413406 0.23717 0.0586456 0.277044 0.0137347
 0.535162 0.192223 0.110225 0.0272548 0.135136
 0.76849 0.123924 0.0444906 0.0255113 0.0375849
 0.655595 0.264712 0.042659 0.0153148 0.0217192
 0.757738 0.158838 0.0641198 0.0103329 0.00897043
 0.486743 0.388958 0.0814967 0.0328978 0.00990392
 0.441881 0.271779 0.216998 0.0454646 0.0238777
 0.52843 0.208395 0.128155 0.102322 0.0326974
 0.671184 0.173797 0.0685063 0.0421278 0.0443844
 0.788925 0.141697 0.0366704 0.0144541 0.0182531
 0.559873 0.347242 0.0623552 0.016137 0.014393
 0.602449 0.222674 0.137973 0.0247749 0.0121301
 0.763823 0.142348 0.0525563 0.0325629 0.0087099
 0.667194 0.25428 0.04733 0.0174735 0.013722
 0.904349 0.0638352 0.0243092 0.00452455 0.00298216
 0.398385 0.544111 0.0383768 0.0146137 0.00451272
 0.898634 0.0403962 0.0551428 0.00388917 0.0019383
 0.641549 0.322134 0.0144732 0.019756 0.0020878
 0.536917 0.297165 0.149108 0.00669904 0.0101106
 0.65135 0.18725 0.103573 0.0519682 0.00585859
 0.714821 0.185788 0.0533807 0.0295254 0.0164846
 0.368984 0.45117 0.117167 0.0336631 0.0290149
 0.803689 0.072459 0.0885537 0.0229965 0.0123018
 0.65363 0.278394 0.0250903 0.0306628 0.0122224
 0.46184 0.351802 0.149786 0.0134992 0.0230733
 0.743652 0.118411 0.0901721 0.0383917 0.00937392
 0.703831 0.220266 0.0350608 0.0266991 0.0141429
 0.378729 0.437309 0.136817 0.0217775 0.0253683
 0.450741 0.208059 0.24017 0.0751385 0.025892
 0.83215 0.0756733 0.0349167 0.0403048 0.0169547
pobs_PELACES
 0 0 0 0 0
 0 0 0 0 0
 0 0 0 0 0
 0 0 0 0 0
 0 0 0 0 0
 0 0 0 0 0
 0 0 0 0 0
 0 0 0 0 0
 0 0 0 0 0
 0 0 0 0 0
 0 0 0 0 0
 0 0 0 0 0
 0 0 0 0 0
 0 0 0 0 0
 0 0 0 0 0
 0 0 0 0 0
 0.505614 0.472636 0.0217494 0 0
 0 0 0 0 0
 0.443492 0.261883 0.143347 0.151278 0
 0.227955 0.32914 0.350689 0.0885471 0.00366901
 0.970185 0.0296113 0.000203453 0 0
 0.997202 0.00247181 0.000326279 0 0
 0.445219 0.490057 0.0546422 0.010081 0
 0.90214 0.0892962 0.00764917 0.000914606 0
 0 0 0 0 0
 0.581667 0.319106 0.0959925 0.00289975 0.000334073
 0.762889 0.0836404 0.116647 0.0363945 0.000428098
 0.88444 0.0763242 0.0277011 0.0115352 0
 0.521256 0.241999 0.230069 0.00667565 0
 0.616807 0.101726 0.260614 0.0208532 0
 0.833518 0.0704572 0.0857862 0.0102388 0
ppred_PELACES
 0.404289 0.0999807 0.472315 0.0234147 6.75089e-07
 0.413482 0.237142 0.0586377 0.277006 0.0137328
 0.535236 0.192194 0.110206 0.0272503 0.135113
 0.768566 0.123884 0.0444755 0.0255026 0.037572
 0.655627 0.264688 0.0426548 0.0153133 0.0217171
 0.757789 0.158806 0.0641057 0.0103307 0.00896845
 0.486882 0.388856 0.0814729 0.0328881 0.009901
 0.441901 0.27177 0.216989 0.0454628 0.0238768
 0.528508 0.208363 0.128133 0.102305 0.0326918
 0.671268 0.173755 0.0684883 0.0421166 0.0443726
 0.788942 0.141686 0.0366675 0.0144529 0.0182516
 0.560022 0.347126 0.0623325 0.0161311 0.0143877
 0.602616 0.222584 0.137912 0.0247639 0.0121247
 0.763968 0.142263 0.0525227 0.032542 0.00870432
 0.667308 0.254195 0.0473129 0.0174672 0.013717
 0.904393 0.0638062 0.0242975 0.00452236 0.00298072
 0.398468 0.544038 0.0383709 0.0146114 0.00451202
 0.898664 0.0403844 0.0551256 0.00388795 0.00193769
 0.64165 0.322044 0.0144688 0.01975 0.00208717
 0.537015 0.297104 0.149075 0.00669754 0.0101083
 0.651429 0.187209 0.103549 0.0519559 0.00585721
 0.71493 0.185719 0.0533595 0.0295136 0.016478
 0.36906 0.451119 0.117152 0.0336586 0.029011
 0.803726 0.0724458 0.0885365 0.022992 0.0122994
 0.653682 0.278353 0.0250863 0.0306579 0.0122205
 0.461885 0.351774 0.149772 0.013498 0.0230712
 0.743693 0.118392 0.090157 0.0383853 0.00937234
 0.70387 0.220238 0.0350559 0.0266953 0.0141409
 0.378772 0.43728 0.136806 0.0217758 0.0253663
 0.450803 0.208037 0.240141 0.0751296 0.0258889
 0.832186 0.075658 0.0349092 0.0402961 0.016951
pobs_pel_tallas
 0 0 0 0 0 0 0 0 0 0 0 0 0 0 0 0 0 0 0 0 0 0 0 0 0 0
 0 0 0 0 0 0 0 0 0 0 0 0 0 0 0 0 0 0 0 0 0 0 0 0 0 0
 0 0 0 0 0 0 0 0 0 0 0 0 0 0 0 0 0 0 0 0 0 0 0 0 0 0
 0 0 0 0 0 0 0 0 0 0 0 0 0 0 0 0 0 0 0 0 0 0 0 0 0 0
 0 0 0 0 0 0 0 0 0 0 0 0 0 0 0 0 0 0 0 0 0 0 0 0 0 0
 0 0 0 0 0 0 0 0 0 0 0 0 0 0 0 0 0 0 0 0 0 0 0 0 0 0
 0 0 0 0 0 0 0 0 0 0 0 0 0 0 0 0 0 0 0 0 0 0 0 0 0 0
 0 0 0 0 0 0 0 0 0 0 0 0 0 0 0 0 0 0 0 0 0 0 0 0 0 0
 0 0 0 0 0 0 0 0 0 0 0 0 0 0 0 0 0 0 0 0 0 0 0 0 0 0
 0 0 0 0 0 0 0 0 0 0 0 0 0 0 0 0 0 0 0 0 0 0 0 0 0 0
 0 0 0 0 0 0 0 0 0 0 0 0 0 0 0 0 0 0 0 0 0 0 0 0 0 0
 0 0 0 0 0 0 0 0 0 0 0 0 0 0 0 0 0 0 0 0 0 0 0 0 0 0
 0.00862536 0 0 0.000197151 0.00414017 0.0128641 0.00837892 0.0270097 0.101434 0.158115 0.152841 0.127902 0.109271 0.109419 0.0830992 0.0579132 0.0238553 0.00714673 0.00463305 0.00128148 0.00103504 0.000492878 0.000147863 0.000147863 4.92878e-05 0
 0 0 0 0 0 0 0 0 0 0 0 0 0 0 0 0 0 0 0 0 0 0 0 0 0 0
 0 0 0 0 0 0 0 0.0054083 0.00873648 0.0413646 0.0450493 0.0745869 0.0622846 0.0627006 0.0613931 0.0827291 0.12552 0.122667 0.0946155 0.0697135 0.0546179 0.0294188 0.0215738 0.0213955 0.0102223 0.00600262
 0 0 0 0 0.00359764 0.0251062 0.0480494 0.140153 0.205849 0.193036 0.1447 0.116669 0.0760912 0.0342217 0.00950174 0.001854 0.000860785 0 0 0 0.000165536 0 0.000143464 0 0 0
 0 0 0 0 0 0 0 0.000145254 0.000435761 0.0275982 0.070085 0.0708112 0.156366 0.174668 0.174014 0.160142 0.0824315 0.0480064 0.0283245 0.00493863 0.00203355 0 0 0 0 0
 0 0 0 0 0 0 0 0 0 0 0 0 0 0 0 0 0 0 0 0 0 0 0 0 0 0
 0 0 1.00437e-05 0.000401748 0.00122533 0.00171747 0.00176769 0.0269171 0.070346 0.194647 0.189555 0.159765 0.064822 0.0314167 0.0384472 0.0292271 0.0345202 0.0313363 0.0194345 0.0106764 0.0143323 0.0359363 0.0279516 0.0138201 0.00172751 0
 0 0.0021121 0.0136068 0.0755702 0.200478 0.177729 0.0527432 0.0373336 0.0318909 0.0142505 0.0149659 0.0166563 0.0217959 0.0798694 0.0677717 0.0528807 0.04013 0.0224614 0.0357745 0.0225083 0.00881397 0.00855152 0.00135912 0.000746735 0 0
 0 0 0 0 5.4009e-05 0.00500934 0.000945158 0.0243581 0.138947 0.33067 0.221406 0.137944 0.0707744 0.0437923 0.0131692 0.00525238 0.0047753 0.00276346 9.45158e-05 9.00151e-06 2.25038e-05 9.00151e-06 4.50075e-06 0 0 0
 0.000866109 0.00284123 0.00948549 0.0512746 0.133035 0.25785 0.225252 0.132002 0.0553304 0.0519788 0.0540692 0.017754 0.00435017 0.00159236 0.00146478 0.000404838 0.000125132 0.000115318 0.000107957 0.000100596 0 0 0 0 0 0
 0 0 0 0 0.00144013 0.00171154 0.00461396 0.0210425 0.0478622 0.0707936 0.0888783 0.103762 0.0637923 0.0337046 0.0602308 0.124433 0.169614 0.0934646 0.0462172 0.0250306 0.0313229 0.00938855 0.002487 0.000210481 0 0
 0 0.00764035 0.051015 0.0998891 0.058973 0.0496711 0.0374665 0.0718981 0.12319 0.153886 0.159021 0.0857701 0.0377988 0.023471 0.0147837 0.00900784 0.00315554 0.000888139 0.00291439 0.00214683 0.00393193 0.00274676 0.000635225 9.99891e-05 0 0
 0 0 0 0 0 0 0 0 0 0 0 0 0 0 0 0 0 0 0 0 0 0 0 0 0 0
 0 0 0 0 0 0 0 0 0 0 0 0 0 0 0 0 0 0 0 0 0 0 0 0 0 0
 0 0 0 0 0 0 0 0 0 0 0 0 0 0 0 0 0 0 0 0 0 0 0 0 0 0
 0 0 0 0 0 0 0 0 0 0 0 0 0 0 0 0 0 0 0 0 0 0 0 0 0 0
 0 0 0 0 0 0 0 0 0 0 0 0 0 0 0 0 0 0 0 0 0 0 0 0 0 0
 0 0 0 0 0 0 0 0 0 0 0 0 0 0 0 0 0 0 0 0 0 0 0 0 0 0
 0 0 0 0 0 0 0 0 0 0 0 0 0 0 0 0 0 0 0 0 0 0 0 0 0 0
ppred_pel_tallas
 1.16004e-16 3.33008e-05 0.000323695 0.00215107 0.00977845 0.0304245 0.0648229 0.0946131 0.0946234 0.0648738 0.0305975 0.0102872 0.00346237 0.00329929 0.00601491 0.0107506 0.0174788 0.0261223 0.0364638 0.0481493 0.0604528 0.0719156 0.0803247 0.0833737 0.0797483 0.0699147
 1.31857e-16 3.4058e-05 0.000331056 0.00219998 0.0100008 0.0311164 0.0662976 0.0967681 0.0967911 0.06641 0.0314943 0.0110945 0.00495337 0.00637024 0.0115924 0.0193596 0.0285145 0.0372993 0.0440784 0.048434 0.051537 0.0553084 0.0609402 0.0679035 0.0741182 0.0770531
 1.28828e-16 4.40867e-05 0.000428539 0.00284779 0.0129457 0.0402789 0.085819 0.125259 0.125278 0.0859104 0.0405862 0.0138356 0.00509003 0.00535205 0.00948119 0.0158382 0.0233801 0.0306527 0.0362624 0.0397398 0.0418717 0.0441143 0.0475186 0.0519955 0.0563799 0.0590901
 1.10232e-16 6.33058e-05 0.000615354 0.00408925 0.0185891 0.0578378 0.12323 0.17986 0.179872 0.123289 0.0580348 0.0191592 0.00552313 0.00375568 0.00605803 0.00999811 0.0145996 0.0188075 0.021614 0.0226188 0.0222813 0.021583 0.0213586 0.0218146 0.0225301 0.0228179
 1.0651e-16 5.40032e-05 0.00052493 0.00348835 0.0158575 0.0493388 0.105122 0.153435 0.15346 0.105247 0.0497577 0.0170675 0.00652646 0.00715994 0.0126636 0.0208737 0.0301234 0.0380156 0.0421539 0.041463 0.0368378 0.0305285 0.0247666 0.0206958 0.0182283 0.01661
 1.04445e-16 6.24181e-05 0.000606727 0.00403191 0.0183285 0.0570268 0.121502 0.177339 0.177355 0.121577 0.0572794 0.0190588 0.00586831 0.0046265 0.00772881 0.0127626 0.018576 0.0237735 0.0269675 0.0275088 0.0258354 0.0230963 0.0203734 0.0181339 0.0162414 0.0143392
 1.07425e-16 4.01039e-05 0.000389825 0.00259052 0.0117762 0.0366402 0.0780673 0.113949 0.113987 0.0782507 0.0372562 0.0135559 0.00706032 0.0101558 0.0186124 0.0307728 0.0444838 0.0562794 0.0626516 0.0619941 0.0555395 0.0464593 0.0378823 0.0313888 0.0268644 0.0233525
 1.14932e-16 3.63988e-05 0.00035381 0.00235119 0.0106882 0.0332551 0.0708544 0.10342 0.103446 0.070984 0.0336909 0.0119509 0.00553515 0.00735188 0.0134667 0.0225719 0.0333717 0.0437737 0.0516309 0.0559185 0.0572008 0.056922 0.0561541 0.0548902 0.0523498 0.0478321
 1.19544e-16 4.35325e-05 0.000423152 0.00281199 0.0127829 0.0397725 0.0847403 0.123685 0.123705 0.0848395 0.040106 0.0137489 0.00524653 0.00577105 0.0102998 0.0172256 0.0254516 0.0333962 0.0395061 0.0431681 0.045051 0.0464855 0.048373 0.0505153 0.0518134 0.0510373
 1.13754e-16 5.52915e-05 0.000537453 0.00357156 0.0162358 0.0505158 0.10763 0.157092 0.157109 0.107712 0.0507924 0.0170361 0.00558498 0.00494857 0.00848041 0.0140608 0.0205617 0.026541 0.030594 0.0321542 0.0318411 0.0309861 0.0307034 0.0312378 0.0319886 0.0320296
 1.05633e-16 6.49841e-05 0.000631669 0.00419766 0.019082 0.0593712 0.126497 0.184629 0.184643 0.126564 0.0595959 0.0197315 0.00582982 0.00420038 0.00685973 0.0112837 0.0163596 0.0208157 0.0234102 0.0235967 0.0218483 0.0193127 0.0170768 0.015617 0.01476 0.0140218
 1.05941e-16 4.61284e-05 0.000448384 0.00297967 0.0135452 0.0421443 0.0897941 0.131064 0.131098 0.0899577 0.0426937 0.0151324 0.00696517 0.0091529 0.01659 0.0273866 0.0395261 0.0498759 0.0552732 0.054268 0.0479772 0.0392934 0.0311119 0.0249601 0.0208272 0.0178891
 1.08573e-16 4.96367e-05 0.000482487 0.00320629 0.0145754 0.0453495 0.0966227 0.141028 0.14105 0.0967284 0.0457051 0.0156046 0.00579825 0.00616856 0.0109302 0.0182052 0.0267209 0.0346517 0.0401439 0.0423119 0.0416723 0.0395939 0.0372495 0.0349577 0.0323261 0.0288681
 1.06289e-16 6.2927e-05 0.000611673 0.00406478 0.0184779 0.0574918 0.122493 0.178785 0.178798 0.12256 0.057718 0.0191322 0.00571034 0.00421444 0.00693661 0.0114517 0.0166908 0.0214209 0.0244357 0.025204 0.0241695 0.0223892 0.020805 0.0197337 0.0188862 0.0177564
 1.05504e-16 5.49653e-05 0.000534283 0.0035505 0.0161401 0.0502178 0.106995 0.156168 0.156192 0.107115 0.0506203 0.0173028 0.0064703 0.00691231 0.0121802 0.0200824 0.029004 0.0366481 0.0407156 0.0401639 0.0358243 0.0298128 0.0242239 0.0201255 0.017442 0.0155031
 1.01676e-16 7.44937e-05 0.000724105 0.00481193 0.0218744 0.0680593 0.145008 0.211644 0.21165 0.145038 0.0681607 0.0221676 0.00554925 0.00233771 0.00315088 0.00512219 0.00744425 0.0095141 0.0107687 0.0109463 0.0102254 0.00907384 0.00793509 0.00700522 0.00623451 0.0054798
 1.03476e-16 3.28214e-05 0.000319036 0.00212011 0.00963773 0.0299868 0.063892 0.0932633 0.0933156 0.0641479 0.0308459 0.0121181 0.00834331 0.0138946 0.0257869 0.0425047 0.0610531 0.0764138 0.0834951 0.0799566 0.0676256 0.0513006 0.0359385 0.0243942 0.017004 0.0126095
 1.0232e-16 7.40218e-05 0.000719518 0.00478145 0.0217358 0.0676281 0.144089 0.210303 0.210307 0.144108 0.0676936 0.0219259 0.00526238 0.00178168 0.00212727 0.00349341 0.00524318 0.00704668 0.00860626 0.00976138 0.0105334 0.0110186 0.0112328 0.0110618 0.0103615 0.00910378
 1.02834e-16 5.2852e-05 0.00051374 0.00341398 0.0155195 0.0482871 0.102882 0.150166 0.150197 0.103033 0.0487954 0.0169871 0.00709588 0.00854447 0.0152847 0.0251337 0.0360832 0.0451351 0.0492808 0.0471565 0.0398799 0.0303327 0.0214751 0.014986 0.0110062 0.00875863
 1.06761e-16 4.42333e-05 0.000429963 0.00285726 0.0129887 0.0404128 0.0861048 0.125679 0.125707 0.0862456 0.0408861 0.0143578 0.00630175 0.00797546 0.0144509 0.0240188 0.0350565 0.04504 0.0513857 0.0528394 0.050115 0.0452021 0.0399654 0.0351984 0.0307077 0.0260298
 1.09238e-16 5.36574e-05 0.000521569 0.00346601 0.015756 0.0490228 0.104449 0.15245 0.152468 0.104538 0.0493217 0.0166211 0.00564427 0.00529938 0.00919474 0.0152934 0.0224463 0.0291223 0.033794 0.0357717 0.0355593 0.0343647 0.0331773 0.0321794 0.0308672 0.0286181
 1.07336e-16 5.88878e-05 0.000572411 0.00380387 0.0172919 0.0538015 0.11463 0.16731 0.167328 0.114718 0.0540963 0.0181441 0.00594574 0.00525735 0.0089841 0.0148335 0.0215413 0.0274771 0.0310298 0.0314889 0.0294611 0.0264111 0.0237019 0.0218917 0.0207077 0.0195129
 1.11782e-16 3.03991e-05 0.00029549 0.00196364 0.00892643 0.0277737 0.0591764 0.0863788 0.0864223 0.0593893 0.028489 0.0109938 0.00715772 0.01165 0.0216414 0.0358534 0.0519402 0.0659471 0.0738597 0.0738467 0.0673208 0.0578797 0.0490144 0.0423967 0.0377551 0.0338979
 1.06961e-16 6.62019e-05 0.000643506 0.00427632 0.0194396 0.0604837 0.128867 0.188087 0.188094 0.128902 0.060601 0.01978 0.00513734 0.00254441 0.00373919 0.006242 0.00937403 0.0126084 0.0154446 0.0176481 0.0193297 0.0207317 0.0219092 0.0226027 0.0224031 0.0210452
 1.05938e-16 5.3843e-05 0.000523373 0.003478 0.0158105 0.0491925 0.104811 0.15298 0.153007 0.104942 0.0496324 0.017081 0.0066667 0.00748307 0.0132685 0.0218442 0.0314535 0.0395501 0.0435945 0.0424611 0.0371347 0.0300628 0.0236858 0.0192743 0.0167472 0.0152628
 1.09671e-16 3.80449e-05 0.00036981 0.00245752 0.0111716 0.034759 0.0740591 0.108099 0.108133 0.0742256 0.0353186 0.0127899 0.00652742 0.00927991 0.0170347 0.0282969 0.0412153 0.052784 0.0599344 0.0612169 0.0575759 0.0515229 0.0454271 0.0403195 0.035928 0.0315167
 1.08068e-16 6.12571e-05 0.00059544 0.00395691 0.0179876 0.055966 0.119242 0.17404 0.174051 0.119298 0.0561559 0.0185377 0.00534406 0.00364467 0.00591465 0.0098458 0.0145667 0.0191452 0.0226696 0.02473 0.0256104 0.0259612 0.0262311 0.026343 0.0258353 0.0242668
 1.06139e-16 5.79769e-05 0.000563556 0.00374503 0.0170244 0.0529693 0.112857 0.164723 0.164744 0.112961 0.0533179 0.0180315 0.00627387 0.00608716 0.010558 0.01739 0.0251139 0.0317383 0.0352872 0.0348865 0.0312947 0.0263802 0.0219672 0.0189448 0.0171615 0.0159208
 1.10537e-16 3.1199e-05 0.000303266 0.00201531 0.00916134 0.0285045 0.0607335 0.0886512 0.0886934 0.0609401 0.0291986 0.0111676 0.00705718 0.0113296 0.0210308 0.0348726 0.0505934 0.0643835 0.0723606 0.0727223 0.0667585 0.0578339 0.0492065 0.0424297 0.0372784 0.0327431
 1.18899e-16 3.71321e-05 0.000360937 0.00239856 0.0109035 0.0339249 0.0722814 0.105501 0.105522 0.0723813 0.0342613 0.0118797 0.00486638 0.00580622 0.0105498 0.0178326 0.0267455 0.0358745 0.043772 0.0497616 0.0541863 0.0577958 0.0608189 0.0625716 0.0619084 0.0580591
 1.07937e-16 6.8546e-05 0.000666292 0.00442774 0.0201279 0.0626254 0.13343 0.194747 0.194754 0.133466 0.0627462 0.0204775 0.00530817 0.00259805 0.0037669 0.0061992 0.00911941 0.0118997 0.0139701 0.0151251 0.0156529 0.0161045 0.0168757 0.0179293 0.0188404 0.0190736
pSPR Fmed_Fpbrs
0.844622   0.6 0.325
Fs Fmed_Fpbrs
0.0787511   0.25059 0.600216
SSBpbr Bo_Bmed_Bpbrs
4.09636e+06  3.25506e+06  2.253e+06 1.1265e+06
Ro
391841
SPR SPRFo_SPRFmed_SPRFpbrs
2.79681e+06 2.36225e+06 908965
Fref
0.25059
Nvult_r0
 489367 44535.5 20550.1 23721.3 9978.66
CTP_r0
 29609.4 2723.75 1257.54 1451.64 610.652
YTP_r0
391295
Np
 571501 164134 73795.7 6707.26 3980.87
Nvult_p0
 407366 117129 52665.2 4786.73 2841.01
CTP_p0
 80841.4 36828.1 3349.62 1545.58 2398.98
 80841.4 23458.1 10552.6 959.152 569.274
YTP_p0
 1.38663e+06 1.2646e+06
CBA_c0
1.35002e+06
log_Ro
12.6986
likeval ReclasPelacesDesembMPH_pf_preclas_ppelaces_ptallas_desvR_qrecl_qpela
 20.3258 18.2195 0.156092 67.6949 245.973 126.008 99.4375 0 21.0407 6.08582e-05 4.24213e-05 0.782643 9.98895e-16 0 0
q_reclas_q_pelaces
0.331059 0.395887
M
1
N
 381583 94406.1 445991 22109.8 0.637464
 233829 134208 33186.8 156776 7772.28
 221115 79456.5 45563.2 11266.2 55860.6
 467088 75368.2 27059.4 15516.1 22859.3
 381298 153991 24816.2 8909.15 12634.8
 644849 135230 54590.8 8797.35 7637.33
 276068 220791 46263.4 18675.2 5622.19
 142872 87884.4 70170.2 14701.8 7721.31
 130463 51473.7 31655.2 25274.4 8076.5
 171113 44332.9 17475.4 10746.5 11322.1
 317984 57120.7 14782.6 5826.76 7358.21
 183746 114066 20484.2 5301.14 4728.21
 155988 57714.9 35763.1 6421.78 3144.18
 256989 47950.3 17704.8 10969.6 2934.15
 201487 76849.2 14304.8 5281.12 4147.29
 918394 64876.2 24706.6 4598.53 3030.92
 216474 295812 20864.5 7945.11 2453.46
 1.61823e+06 72780.3 99351.2 7007.15 3492.25
 1.08665e+06 545991 24531.7 33486.1 3538.79
 643320 356263 178768 8031.57 12121.7
 743479 213845 118287 59350.9 6690.88
 961785 250174 71883.2 39759.4 22198.4
 252083 308380 80087.2 23009.7 19832.5
 945283 85254.4 104193 27057.9 14474.4
 768411 327395 29507 36060.5 14374
 349402 266226 113352 10215.7 17461
 769686 122596 93360.7 39749.4 9705.41
 855147 267696 42611.1 32448.6 17188.6
 259441 299653 93750.9 14922.6 17383.1
 197004 90969.4 105011 32853.4 11321
 747051 67959.8 31358.2 36197.2 15226.8
pred_Ctot
 10638.4 2661.73 12581.9 623.763 0.0179842
 11352.6 6588.44 1630.13 7701.05 381.787
 10332.1 3754.13 2154.01 532.631 2640.91
 30932.5 5046.03 1812.72 1039.46 1531.4
 8689.02 3548.9 572.261 205.451 291.368
 28407.9 6023.86 2433.19 392.123 340.418
 23777.5 19222.3 4030.04 1626.86 489.769
 1869.39 1163.02 929.161 194.681 102.245
 6332.91 2526.42 1554.61 1241.28 396.655
 10094.4 2644.19 1042.91 641.353 675.709
 5017.27 911.531 236.042 93.042 117.497
 17199.9 10792.2 1939.19 501.862 447.622
 16450.1 6151.39 3813.86 684.853 335.313
 30917 5829.44 2153.61 1334.38 356.92
 16062.1 6192.89 1153.41 425.835 334.411
 73036 5215.45 1987.32 369.902 243.805
 11867.9 16397.1 1157.21 440.675 136.081
 85349.1 3881.19 5301.24 373.903 186.348
 75443.9 38322.3 1722.84 2351.76 248.533
 39535.9 22135.8 11113.9 499.334 753.626
 40392.8 11746.8 6501.44 3262.23 367.766
 78962.2 20762.2 5969.06 3301.65 1843.37
 12944.4 16011.1 4160.57 1195.4 1030.34
 35149.5 3205.66 3920.1 1018.04 544.595
 28415.4 12242.7 1104.04 1349.29 537.84
 10250 7898.02 3364.76 303.254 518.332
 26680.4 4297.4 3274.55 1394.22 340.42
 25770.5 8158.16 1299.36 989.507 524.158
 7716.86 9013.44 2821.67 449.146 523.205
 7797.06 3640.72 4205.17 1315.66 453.363
 29609.4 2723.75 1257.54 1451.64 610.652
F
 0.0449378 0.0454549 0.0454824 0.0454839 0.0454839
 0.0793781 0.0802915 0.0803402 0.0803427 0.0803429
 0.0762992 0.0771771 0.0772239 0.0772263 0.0772265
 0.109626 0.110887 0.110954 0.110958 0.110958
 0.036604 0.0370252 0.0370476 0.0370488 0.0370489
 0.0718005 0.0726267 0.0726707 0.072673 0.0726732
 0.144627 0.146291 0.146379 0.146384 0.146384
 0.0208802 0.0211205 0.0211333 0.0211339 0.021134
 0.0793625 0.0802757 0.0803244 0.0803269 0.0803271
 0.0971567 0.0982746 0.0983342 0.0983373 0.0983375
 0.025225 0.0255152 0.0255307 0.0255315 0.0255315
 0.158041 0.15986 0.159957 0.159962 0.159962
 0.179612 0.181678 0.181788 0.181794 0.181795
 0.207187 0.209571 0.209698 0.209705 0.209705
 0.133242 0.134775 0.134857 0.134861 0.134861
 0.132902 0.134432 0.134513 0.134517 0.134518
 0.090027 0.0910629 0.0911181 0.091121 0.0911212
 0.0864833 0.0874784 0.0875314 0.0875342 0.0875344
 0.115191 0.116516 0.116587 0.11659 0.116591
 0.10139 0.102557 0.102619 0.102622 0.102622
 0.0891845 0.0902107 0.0902654 0.0902683 0.0902684
 0.137459 0.13904 0.139125 0.139129 0.139129
 0.0841181 0.085086 0.0851376 0.0851403 0.0851404
 0.0603177 0.0610118 0.0610487 0.0610507 0.0610508
 0.0599772 0.0606674 0.0607041 0.0607061 0.0607062
 0.0473316 0.0478762 0.0479052 0.0479067 0.0479068
 0.0561325 0.0567784 0.0568128 0.0568146 0.0568147
 0.0486491 0.0492088 0.0492387 0.0492402 0.0492403
 0.0480041 0.0485565 0.0485859 0.0485874 0.0485875
 0.0643072 0.0650472 0.0650866 0.0650887 0.0650888
 0.0644022 0.0651432 0.0651827 0.0651848 0.0651849
YTP_r0W_actual
 245758 38404.9 34708.2 49646.2 22777.3
YTP_p0W_proyectada
 605502 577096 77476.8 45393.6 81157.6
 605502 367588 244082 28170.3 19258.5
CTP_r0_actual
 29609.4 2723.75 1257.54 1451.64 610.652
CTP_p0_proyectada
 80841.4 36828.1 3349.62 1545.58 2398.98
 80841.4 23458.1 10552.6 959.152 569.274
Wmedp
 7.49 15.67 23.13 29.37 33.83
Frms_r0
 0.0644022 0.0651432 0.0651827 0.0651848 0.0651849
Zrms_r0
 1.0644 1.06514 1.06518 1.06518 1.06518
nmprior
 8.19 8.8 8.5 0
nm_flota  nm_reclas  nm_pelaces    nm_pelaL
inf 10.4664 16.641 38.6842
cv_recla  cv_pelaces  cv_mph
0.407802 0.483994 0.761736
 ------------------------------------------------
Talla a la edad & desviaci?n 
 8 13.2811 15.8009 17.003 17.5766
 0.8 1.32811 1.58009 1.7003 1.75766
