years
 1991 1992 1993 1994 1995 1996 1997 1998 1999 2000 2001 2002 2003 2004 2005 2006 2007 2008 2009 2010 2011 2012 2013 2014 2015 2016 2017 2018 2019 2020 2021
reclasobs
 0 0 0 0 0 0 0 0 0 252601 567819 844713 477998 351125 339783 2.1784e+06 2.13404e+06 4.81314e+06 1.55562e+06 2.62356e+06 3.21686e+06 3.843e+06 1.13348e+06 3.07943e+06 1.97215e+06 2.03268e+06 2.025e+06 2.42433e+06 2.27542e+06 1.05018e+06 2.36338e+06
reclaspred
 3.41464e+06 1.96051e+06 998630 1.03578e+06 1.06793e+06 1.66833e+06 1.18862e+06 1.10082e+06 823909 636892 662231 615661 459949 584650 587258 1.24125e+06 1.21645e+06 2.7938e+06 2.64313e+06 1.97435e+06 2.92483e+06 1.94285e+06 1.51142e+06 2.7416e+06 2.19419e+06 2.01058e+06 2.36979e+06 2.47424e+06 2.07971e+06 1.36991e+06 1.93183e+06
pelacesobs
 0 0 0 0 0 0 0 0 0 0 0 0 0 0 0 552880 188675 0 991730 2.46772e+06 1.41603e+06 1.21717e+06 2.29649e+06 1.80582e+06 0 1.4828e+06 1.56532e+06 1.57751e+06 1.42118e+06 867257 1.10002e+06
pelacespred
 1.97756e+06 1.2799e+06 664573 560306 582019 945163 662528 703058 532009 397979 413271 326371 261219 374963 371989 638981 624715 1.6251e+06 1.61762e+06 1.14948e+06 1.52165e+06 1.19311e+06 884581 1.74213e+06 1.32918e+06 1.2196e+06 1.63935e+06 1.69455e+06 1.17363e+06 882707 1.24278e+06
mphobs
 0 0 0 0 0 0 0 0 0 0 0 498337 0 5186 125008 0 168611 109162 213762 579715 649985 157893 87575 83554 0 0 0 0 0 0 0
mphpred
 521338 350555 180461 98098.4 115281 131049 178465 129354 113006 83871.4 58826.3 78793 60408.2 39194.4 49520.3 60467.1 146277 140858 289266 259507 271290 258610 201896 165161 280371 245588 209095 220979 300672 212128 136213
desembarqueobs
 494567 514787 250237 358949 120608 361735 552515 73892 212993 205616 52469 317467 293654 387597 252695 516296 358380 742168 942051 627588 828172 859565 418607 520667 417249 300574 415391 372974 316634 284311 391294
desembarquepred
 494573 513069 251143 358964 120611 361744 552550 73894.2 213020 205637 52469.4 317627 293862 387569 252695 516293 358414 742117 941872 627514 828312 859722 418632 520680 417249 300577 415394 372968 316634 284320 391298
Reclutas
 256904 151376 149011 300601 245035 410209 175234 87516.8 79928.2 105480 197310 116333 95268.7 181293 127971 586987 132466 1.03487e+06 712927 428722 473730 621498 158710 580135 477002 215816 471064 523236 160279 121457 456302
log_desv_Rt
 0.0346045 -0.494334 -0.510076 0.191685 -0.0126973 0.502569 -0.347977 -1.04227 -1.13297 -0.855578 -0.229325 -0.757639 -0.957397 -0.313986 -0.662295 0.860904 -0.627772 1.42793 1.05528 0.546711 0.646538 0.918035 -0.447021 0.849161 0.653422 -0.139673 0.640894 0.745935 -0.437183 -0.714539 0.609056
SSB
 5.25163e+06 3.53128e+06 1.81785e+06 988183 1.16127e+06 1.32011e+06 1.79775e+06 1.30304e+06 1.13835e+06 844869 592579 793712 608515 394820 498836 609108 1.4735e+06 1.41892e+06 2.91388e+06 2.61411e+06 2.7328e+06 2.60508e+06 2.03377e+06 1.66372e+06 2.82429e+06 2.47391e+06 2.1063e+06 2.226e+06 3.02879e+06 2.13684e+06 1.37212e+06
BT
 6.86012e+06 4.68069e+06 2.42023e+06 2.12925e+06 1.9896e+06 3.38581e+06 2.65456e+06 2.35249e+06 1.94326e+06 1.49565e+06 1.39122e+06 1.33608e+06 1.12764e+06 1.63499e+06 1.46677e+06 2.50453e+06 2.31891e+06 5.95078e+06 6.17108e+06 4.31541e+06 5.61236e+06 4.73675e+06 3.25656e+06 6.165e+06 4.70827e+06 4.23801e+06 5.76318e+06 5.89378e+06 4.08402e+06 3.15019e+06 4.42494e+06
Ftot
 0.0813813 0.145831 0.140787 0.200532 0.0652588 0.127067 0.260058 0.0385952 0.147852 0.183931 0.0470162 0.289863 0.358034 0.387137 0.252086 0.247714 0.167196 0.158603 0.205625 0.181692 0.162245 0.25305 0.156964 0.113268 0.109567 0.0857077 0.103265 0.0893881 0.085717 0.117325 0.120553
BD_Bspro_t
 0.987075 0.902149 0.793063 0.726266 0.729615 0.786724 0.785685 0.682661 0.728318 0.709193 0.694064 0.808072 0.658688 0.531884 0.562291 0.60173 0.695129 0.677194 0.76548 0.714949 0.683215 0.674784 0.653493 0.650314 0.778281 0.790322 0.798832 0.824318 0.854539 0.810621 0.765919
BD_Bspro
 2.96482 1.99359 1.02627 0.55788 0.655596 0.745271 1.01492 0.735632 0.642657 0.476972 0.334542 0.448092 0.343539 0.222896 0.281619 0.343873 0.831868 0.801052 1.64504 1.4758 1.54281 1.4707 1.14817 0.939259 1.59446 1.39665 1.18911 1.25669 1.70991 1.20636 0.774634
BD_Bo
 2.02872 1.36414 0.702243 0.381738 0.448601 0.509963 0.694476 0.503367 0.439747 0.326375 0.228915 0.306613 0.235071 0.15252 0.192702 0.2353 0.569218 0.548132 1.12564 1.00984 1.05569 1.00635 0.785653 0.642702 1.09103 0.955677 0.813669 0.859912 1.17003 0.825468 0.530055
BD_Brms
 3.68859 2.48026 1.2768 0.694069 0.815639 0.927205 1.26268 0.915213 0.799541 0.59341 0.416209 0.557479 0.427402 0.277309 0.350367 0.427819 1.03494 0.996603 2.04662 1.83607 1.91944 1.82973 1.42846 1.16855 1.98369 1.7376 1.4794 1.56348 2.12733 1.50085 0.963736
Sel_flota
 0.886741 0.993323 0.999646 0.999981 0.999999
 0.886741 0.993323 0.999646 0.999981 0.999999
 0.886741 0.993323 0.999646 0.999981 0.999999
 0.886741 0.993323 0.999646 0.999981 0.999999
 0.886741 0.993323 0.999646 0.999981 0.999999
 0.886741 0.993323 0.999646 0.999981 0.999999
 0.886741 0.993323 0.999646 0.999981 0.999999
 0.886741 0.993323 0.999646 0.999981 0.999999
 0.886741 0.993323 0.999646 0.999981 0.999999
 0.886741 0.993323 0.999646 0.999981 0.999999
 0.886741 0.993323 0.999646 0.999981 0.999999
 0.886741 0.993323 0.999646 0.999981 0.999999
 0.886741 0.993323 0.999646 0.999981 0.999999
 0.886741 0.993323 0.999646 0.999981 0.999999
 0.886741 0.993323 0.999646 0.999981 0.999999
 0.886741 0.993323 0.999646 0.999981 0.999999
 0.886741 0.993323 0.999646 0.999981 0.999999
 0.886741 0.993323 0.999646 0.999981 0.999999
 0.886741 0.993323 0.999646 0.999981 0.999999
 0.886741 0.993323 0.999646 0.999981 0.999999
 0.886741 0.993323 0.999646 0.999981 0.999999
 0.886741 0.993323 0.999646 0.999981 0.999999
 0.886741 0.993323 0.999646 0.999981 0.999999
 0.886741 0.993323 0.999646 0.999981 0.999999
 0.886741 0.993323 0.999646 0.999981 0.999999
 0.886741 0.993323 0.999646 0.999981 0.999999
 0.886741 0.993323 0.999646 0.999981 0.999999
 0.886741 0.993323 0.999646 0.999981 0.999999
 0.886741 0.993323 0.999646 0.999981 0.999999
 0.886741 0.993323 0.999646 0.999981 0.999999
 0.886741 0.993323 0.999646 0.999981 0.999999
Sel_reclas
 1 1 1 1 1
 1 1 1 1 1
 1 1 1 1 1
 1 1 1 1 1
 1 1 1 1 1
 1 1 1 1 1
 1 1 1 1 1
 1 1 1 1 1
 1 1 1 1 1
 1 1 1 1 1
 1 1 1 1 1
 1 1 1 1 1
 1 1 1 1 1
 1 1 1 1 1
 1 1 1 1 1
 1 1 1 1 1
 1 1 1 1 1
 1 1 1 1 1
 1 1 1 1 1
 1 1 1 1 1
 1 1 1 1 1
 1 1 1 1 1
 1 1 1 1 1
 1 1 1 1 1
 1 1 1 1 1
 1 1 1 1 1
 1 1 1 1 1
 1 1 1 1 1
 1 1 1 1 1
 1 1 1 1 1
 1 1 1 1 1
Sel_pelaces
 1 1 1 1 1
 1 1 1 1 1
 1 1 1 1 1
 1 1 1 1 1
 1 1 1 1 1
 1 1 1 1 1
 1 1 1 1 1
 1 1 1 1 1
 1 1 1 1 1
 1 1 1 1 1
 1 1 1 1 1
 1 1 1 1 1
 1 1 1 1 1
 1 1 1 1 1
 1 1 1 1 1
 1 1 1 1 1
 1 1 1 1 1
 1 1 1 1 1
 1 1 1 1 1
 1 1 1 1 1
 1 1 1 1 1
 1 1 1 1 1
 1 1 1 1 1
 1 1 1 1 1
 1 1 1 1 1
 1 1 1 1 1
 1 1 1 1 1
 1 1 1 1 1
 1 1 1 1 1
 1 1 1 1 1
 1 1 1 1 1
pf_obs 
 0.8446 0.082 0.0669 0.0065 0
 0.8095 0.147 0.0364 0.0071 0
 0.9664 0.0169 0.016 0.0007 0
 0.9276 0.0648 0.0075 0.0001 0
 0.7033 0.2144 0.0806 0.0017 0
 0.9318 0.0425 0.0243 0.0014 0
 0.5671 0.3108 0.0964 0.0239 0.0018
 0.0768 0.2599 0.5324 0.112 0.0189
 0.490249 0.384438 0.106611 0.0170017 0.00170017
 0.7925 0.1577 0.0466 0.003 0.0002
 0.840416 0.127587 0.0312969 0.00059994 9.999e-05
 0.8084 0.0986 0.0794 0.0134 0.0002
 0.7335 0.1905 0.0724 0.0035 0.0001
 0.4001 0.4547 0.1325 0.0127 0
 0.49795 0.308269 0.164784 0.0264974 0.00249975
 0.9179 0.0499 0.0305 0.0017 0
 0.2467 0.6533 0.0926 0.0074 0
 0.9418 0.0223 0.034 0.0019 0
 0.707729 0.231977 0.0356964 0.0245975 0
 0.517169 0.277429 0.184464 0.0207286 0.00020938
 0.811772 0.124168 0.05621 0.00726502 0.000585176
 0.764997 0.148141 0.077277 0.00933861 0.000247198
 0.163321 0.427699 0.378323 0.0303852 0.000271297
 0.753843 0.0900009 0.118128 0.0371064 0.000921714
 0.721811 0.176058 0.0630433 0.0369309 0.00215725
 0.143369 0.312575 0.442814 0.0836902 0.0175525
 0.692698 0.0596174 0.167031 0.0765114 0.00414204
 0.394062 0.376323 0.152708 0.0712218 0.00568511
 0.125707 0.32114 0.495352 0.0537591 0.00404204
 0.23352 0.215282 0.420074 0.123614 0.00750983
 0.796117 0.104755 0.0508955 0.0450114 0.00322123
pf_pred 
 0.417712 0.10812 0.450419 0.0237493 7.38476e-07
 0.408537 0.264154 0.0610899 0.252889 0.0133301
 0.545011 0.199262 0.114644 0.0263396 0.114743
 0.762736 0.136346 0.0443651 0.0253582 0.0311949
 0.650178 0.274359 0.0434946 0.014057 0.0179121
 0.745116 0.172152 0.0649749 0.0102362 0.00752115
 0.473584 0.40369 0.0830682 0.0311485 0.00850975
 0.435666 0.284962 0.214595 0.0438495 0.0209267
 0.516935 0.223963 0.131239 0.0982235 0.0296392
 0.668083 0.181542 0.0699712 0.0407328 0.0396708
 0.788094 0.147185 0.0355099 0.0135949 0.0156162
 0.549054 0.363604 0.0607838 0.0145737 0.0119846
 0.602263 0.230897 0.134715 0.0223596 0.00976577
 0.80341 0.124636 0.0419029 0.0242667 0.00578453
 0.667877 0.273662 0.037168 0.0124021 0.00889075
 0.907207 0.0644947 0.0233467 0.00314876 0.00180318
 0.386591 0.56265 0.035355 0.0127093 0.00269469
 0.901861 0.0407367 0.0526816 0.00328835 0.00143221
 0.639067 0.329211 0.0132189 0.016982 0.00152114
 0.540527 0.306263 0.13983 0.00557653 0.00780288
 0.644095 0.203037 0.102124 0.0463142 0.00442988
 0.713843 0.192102 0.0538124 0.0268871 0.0133552
 0.365872 0.468554 0.111415 0.0309923 0.0231681
 0.801424 0.0782242 0.089083 0.0210428 0.0102256
 0.644984 0.290976 0.0253268 0.0286572 0.0100553
 0.448997 0.369701 0.148776 0.0128665 0.0196599
 0.732729 0.127638 0.0938854 0.0375426 0.008205
 0.691272 0.233109 0.0362357 0.0264834 0.0129002
 0.366138 0.453323 0.136536 0.0210895 0.0229137
 0.439464 0.220365 0.243727 0.0729436 0.0235003
 0.826647 0.0812875 0.0363382 0.0399314 0.0157956
pobs_RECLAS
 0 0 0 0 0
 0 0 0 0 0
 0 0 0 0 0
 0 0 0 0 0
 0 0 0 0 0
 0 0 0 0 0
 0 0 0 0 0
 0 0 0 0 0
 0 0 0 0 0
 0 0 0 0 0
 0.991045 0.00858322 0.000360255 1.14367e-05 0
 0.934742 0.0480273 0.0164251 0.00080598 0
 0.827803 0.169806 0.00239088 0 0
 0.941827 0.0461693 0.0120037 0 0
 0.791401 0.0380133 0.147996 0.0225897 0
 0.846168 0.0940531 0.0597789 0 0
 0.134021 0.677848 0.182769 0.00536245 0
 0.80878 0.0450904 0.141981 0.00414843 0
 0.846168 0.0940531 0.0597789 0 0
 0.905697 0.0802665 0.012482 0.00150086 5.37128e-05
 0.989698 0.0102097 9.19794e-05 0 0
 0.975433 0.0193895 0.00387452 0.00125025 5.28907e-05
 0.303575 0.632131 0.0575291 0.00676475 0
 0.966965 0.00978017 0.0227588 0.000495775 0
 0.843318 0.132988 0.00938335 0.0141283 0.000182051
 0.564624 0.303363 0.111486 0.0197234 0.00080311
 0.826376 0.0876187 0.0782897 0.00655872 0.00115652
 0.89761 0.0855135 0.0140674 0.00269457 0.000114338
 0.34875 0.467042 0.161289 0.0227151 0.000203297
 0.318654 0.224769 0.449479 0.00709798 0
 0.937255 0.0296025 0.0250945 0.00804832 0
ppred_RECLAS
 0.447026 0.103213 0.42724 0.0225195 7.00226e-07
 0.437488 0.252157 0.0579416 0.239775 0.0126386
 0.574232 0.187159 0.106991 0.0245729 0.107045
 0.783493 0.12477 0.0403367 0.0230478 0.0283522
 0.675974 0.254484 0.0400872 0.0129514 0.016503
 0.766665 0.157929 0.0592254 0.00932726 0.00685318
 0.503021 0.381703 0.078034 0.0292507 0.00799114
 0.464626 0.271202 0.202937 0.0414532 0.0197827
 0.546433 0.211032 0.122869 0.0919275 0.0277389
 0.693792 0.167984 0.064329 0.0374354 0.0364588
 0.806807 0.134455 0.0322325 0.012336 0.0141699
 0.578063 0.340651 0.0565756 0.0135601 0.0111508
 0.630724 0.214973 0.1246 0.0206735 0.00902922
 0.821753 0.113286 0.0378358 0.0219037 0.00522117
 0.69338 0.252943 0.0341311 0.0113849 0.00816137
 0.916685 0.0580224 0.0208676 0.00281343 0.00161112
 0.414367 0.537463 0.0335553 0.0120583 0.00255661
 0.911891 0.0367119 0.0471719 0.00294344 0.00128197
 0.665418 0.305354 0.0121819 0.0156444 0.0014013
 0.56954 0.287545 0.130439 0.00520023 0.00727622
 0.670649 0.188417 0.0941617 0.0426888 0.00408304
 0.737405 0.17667 0.0491684 0.0245583 0.0121982
 0.393364 0.449006 0.106081 0.0294986 0.0220511
 0.819616 0.0713382 0.0807218 0.0190613 0.00926253
 0.671022 0.269957 0.0233472 0.0264082 0.009266
 0.47794 0.351024 0.14036 0.0121346 0.0185412
 0.755174 0.117317 0.0857429 0.034275 0.00749073
 0.715455 0.215195 0.0332378 0.0242841 0.0118287
 0.393488 0.434562 0.130051 0.020081 0.0218176
 0.468852 0.209638 0.230379 0.0689257 0.0222055
 0.842935 0.073909 0.0328284 0.0360624 0.0142649
pobs_PELACES
 0 0 0 0 0
 0 0 0 0 0
 0 0 0 0 0
 0 0 0 0 0
 0 0 0 0 0
 0 0 0 0 0
 0 0 0 0 0
 0 0 0 0 0
 0 0 0 0 0
 0 0 0 0 0
 0 0 0 0 0
 0 0 0 0 0
 0 0 0 0 0
 0 0 0 0 0
 0 0 0 0 0
 0 0 0 0 0
 0.505614 0.472636 0.0217494 0 0
 0 0 0 0 0
 0.443492 0.261883 0.143347 0.151278 0
 0.227955 0.32914 0.350689 0.0885471 0.00366901
 0.970185 0.0296113 0.000203453 0 0
 0.997202 0.00247181 0.000326279 0 0
 0.445219 0.490057 0.0546422 0.010081 0
 0.90214 0.0892962 0.00764917 0.000914606 0
 0 0 0 0 0
 0.581667 0.319106 0.0959925 0.00289975 0.000334073
 0.762889 0.0836404 0.116647 0.0363945 0.000428098
 0.88444 0.0763242 0.0277011 0.0115352 0
 0.521256 0.241999 0.230069 0.00667565 0
 0.616807 0.101726 0.260614 0.0208532 0
 0.833518 0.0704572 0.0857862 0.0102388 0
ppred_PELACES
 0.447768 0.103089 0.426653 0.0224884 6.99258e-07
 0.438794 0.251616 0.0577997 0.239184 0.0126074
 0.575484 0.18664 0.106663 0.0244972 0.106716
 0.784718 0.124087 0.040099 0.0229115 0.0281844
 0.676483 0.254092 0.04002 0.0129296 0.0164752
 0.767479 0.157392 0.0590082 0.00929293 0.00682795
 0.505339 0.379971 0.0776377 0.0291014 0.00795032
 0.464974 0.271036 0.202797 0.0414245 0.019769
 0.547763 0.210449 0.122491 0.0916436 0.0276532
 0.695203 0.167241 0.0640195 0.0372546 0.0362826
 0.807069 0.134276 0.0321866 0.0123184 0.0141496
 0.580576 0.338662 0.0562113 0.0134723 0.0110786
 0.633725 0.213293 0.123534 0.0204958 0.00895159
 0.823783 0.11203 0.0373861 0.0216424 0.00515887
 0.695282 0.251398 0.0339048 0.011309 0.00810701
 0.91736 0.0575614 0.0206911 0.00278956 0.00159745
 0.415802 0.536162 0.0334624 0.0120247 0.00254948
 0.912353 0.0365262 0.0469178 0.00292753 0.00127504
 0.667035 0.30389 0.0121183 0.0155624 0.00139395
 0.571137 0.286514 0.129922 0.00517952 0.00724724
 0.671941 0.187706 0.0937745 0.0425125 0.00406618
 0.739158 0.175521 0.0488229 0.0243851 0.0121121
 0.394703 0.448053 0.105821 0.0294259 0.0219967
 0.820226 0.0711074 0.0804417 0.0189949 0.00923026
 0.671881 0.269263 0.0232818 0.026334 0.00923995
 0.478707 0.350529 0.140137 0.0121152 0.0185115
 0.755866 0.116999 0.0854919 0.0341743 0.00746871
 0.716104 0.214714 0.0331573 0.0242251 0.0117999
 0.39422 0.434059 0.129878 0.020054 0.0217883
 0.469917 0.209249 0.229896 0.0687801 0.0221585
 0.843514 0.0736468 0.0327038 0.035925 0.0142105
pobs_pel_tallas
 0 0 0 0 0 0 0 0 0 0 0 0 0 0 0 0 0 0 0 0 0 0 0 0 0 0
 0 0 0 0 0 0 0 0 0 0 0 0 0 0 0 0 0 0 0 0 0 0 0 0 0 0
 0 0 0 0 0 0 0 0 0 0 0 0 0 0 0 0 0 0 0 0 0 0 0 0 0 0
 0 0 0 0 0 0 0 0 0 0 0 0 0 0 0 0 0 0 0 0 0 0 0 0 0 0
 0 0 0 0 0 0 0 0 0 0 0 0 0 0 0 0 0 0 0 0 0 0 0 0 0 0
 0 0 0 0 0 0 0 0 0 0 0 0 0 0 0 0 0 0 0 0 0 0 0 0 0 0
 0 0 0 0 0 0 0 0 0 0 0 0 0 0 0 0 0 0 0 0 0 0 0 0 0 0
 0 0 0 0 0 0 0 0 0 0 0 0 0 0 0 0 0 0 0 0 0 0 0 0 0 0
 0 0 0 0 0 0 0 0 0 0 0 0 0 0 0 0 0 0 0 0 0 0 0 0 0 0
 0 0 0 0 0 0 0 0 0 0 0 0 0 0 0 0 0 0 0 0 0 0 0 0 0 0
 0 0 0 0 0 0 0 0 0 0 0 0 0 0 0 0 0 0 0 0 0 0 0 0 0 0
 0 0 0 0 0 0 0 0 0 0 0 0 0 0 0 0 0 0 0 0 0 0 0 0 0 0
 0.00862536 0 0 0.000197151 0.00414017 0.0128641 0.00837892 0.0270097 0.101434 0.158115 0.152841 0.127902 0.109271 0.109419 0.0830992 0.0579132 0.0238553 0.00714673 0.00463305 0.00128148 0.00103504 0.000492878 0.000147863 0.000147863 4.92878e-05 0
 0 0 0 0 0 0 0 0 0 0 0 0 0 0 0 0 0 0 0 0 0 0 0 0 0 0
 0 0 0 0 0 0 0 0.0054083 0.00873648 0.0413646 0.0450493 0.0745869 0.0622846 0.0627006 0.0613931 0.0827291 0.12552 0.122667 0.0946155 0.0697135 0.0546179 0.0294188 0.0215738 0.0213955 0.0102223 0.00600262
 0 0 0 0 0.00359764 0.0251062 0.0480494 0.140153 0.205849 0.193036 0.1447 0.116669 0.0760912 0.0342217 0.00950174 0.001854 0.000860785 0 0 0 0.000165536 0 0.000143464 0 0 0
 0 0 0 0 0 0 0 0.000145254 0.000435761 0.0275982 0.070085 0.0708112 0.156366 0.174668 0.174014 0.160142 0.0824315 0.0480064 0.0283245 0.00493863 0.00203355 0 0 0 0 0
 0 0 0 0 0 0 0 0 0 0 0 0 0 0 0 0 0 0 0 0 0 0 0 0 0 0
 0 0 1.00437e-05 0.000401748 0.00122533 0.00171747 0.00176769 0.0269171 0.070346 0.194647 0.189555 0.159765 0.064822 0.0314167 0.0384472 0.0292271 0.0345202 0.0313363 0.0194345 0.0106764 0.0143323 0.0359363 0.0279516 0.0138201 0.00172751 0
 0 0.0021121 0.0136068 0.0755702 0.200478 0.177729 0.0527432 0.0373336 0.0318909 0.0142505 0.0149659 0.0166563 0.0217959 0.0798694 0.0677717 0.0528807 0.04013 0.0224614 0.0357745 0.0225083 0.00881397 0.00855152 0.00135912 0.000746735 0 0
 0 0 0 0 5.4009e-05 0.00500934 0.000945158 0.0243581 0.138947 0.33067 0.221406 0.137944 0.0707744 0.0437923 0.0131692 0.00525238 0.0047753 0.00276346 9.45158e-05 9.00151e-06 2.25038e-05 9.00151e-06 4.50075e-06 0 0 0
 0.000866109 0.00284123 0.00948549 0.0512746 0.133035 0.25785 0.225252 0.132002 0.0553304 0.0519788 0.0540692 0.017754 0.00435017 0.00159236 0.00146478 0.000404838 0.000125132 0.000115318 0.000107957 0.000100596 0 0 0 0 0 0
 0 0 0 0 0.00144013 0.00171154 0.00461396 0.0210425 0.0478622 0.0707936 0.0888783 0.103762 0.0637923 0.0337046 0.0602308 0.124433 0.169614 0.0934646 0.0462172 0.0250306 0.0313229 0.00938855 0.002487 0.000210481 0 0
 0 0.00764035 0.051015 0.0998891 0.058973 0.0496711 0.0374665 0.0718981 0.12319 0.153886 0.159021 0.0857701 0.0377988 0.023471 0.0147837 0.00900784 0.00315554 0.000888139 0.00291439 0.00214683 0.00393193 0.00274676 0.000635225 9.99891e-05 0 0
 0 0 0 0 0 0 0 0 0 0 0 0 0 0 0 0 0 0 0 0 0 0 0 0 0 0
 0 0 0 0 0 0 0 0 0 0 0 0 0 0 0 0 0 0 0 0 0 0 0 0 0 0
 0 0 0 0 0 0 0 0 0 0 0 0 0 0 0 0 0 0 0 0 0 0 0 0 0 0
 0 0 0 0 0 0 0 0 0 0 0 0 0 0 0 0 0 0 0 0 0 0 0 0 0 0
 0 0 0 0 0 0 0 0 0 0 0 0 0 0 0 0 0 0 0 0 0 0 0 0 0 0
 0 0 0 0 0 0 0 0 0 0 0 0 0 0 0 0 0 0 0 0 0 0 0 0 0 0
 0 0 0 0 0 0 0 0 0 0 0 0 0 0 0 0 0 0 0 0 0 0 0 0 0 0
ppred_pel_tallas
 1.14595e-16 3.68821e-05 0.000358507 0.00238241 0.0108301 0.0336965 0.0717942 0.104788 0.104799 0.0718462 0.0338729 0.0113478 0.00371282 0.00336454 0.00604329 0.010706 0.0172152 0.0253778 0.0348782 0.0453433 0.0561637 0.0661388 0.0733895 0.0758993 0.0724845 0.063531
 1.27853e-16 3.61429e-05 0.000351322 0.00233466 0.010613 0.0330212 0.0703561 0.102692 0.102716 0.0704752 0.0334216 0.0117714 0.00524933 0.00673871 0.0122437 0.020399 0.0299254 0.0388753 0.0454017 0.0489408 0.0506508 0.0525845 0.056176 0.0611977 0.0658794 0.0679487
 1.23642e-16 4.74019e-05 0.000460763 0.00306193 0.0139191 0.0433076 0.0922721 0.134678 0.134696 0.0923609 0.0436059 0.0147828 0.00523774 0.00523692 0.00919734 0.0153428 0.0226123 0.029561 0.0347898 0.037783 0.0392415 0.0405359 0.0426952 0.0457213 0.0486568 0.0501962
 1.08257e-16 6.46362e-05 0.000628287 0.00417519 0.0189798 0.0590533 0.12582 0.18364 0.183652 0.125878 0.0592505 0.0195501 0.00560908 0.00376686 0.00605067 0.0099692 0.0145217 0.0186292 0.0212547 0.0219698 0.0212173 0.0199852 0.0191461 0.0189763 0.019147 0.0190649
 1.05305e-16 5.57211e-05 0.000541629 0.00359931 0.016362 0.0509083 0.108466 0.158315 0.15834 0.108586 0.0513103 0.0175233 0.00651508 0.00690883 0.0121546 0.0200233 0.0288828 0.0364201 0.0403225 0.0395442 0.0349324 0.0286438 0.0228315 0.0186218 0.0159748 0.0142165
 1.03831e-16 6.32163e-05 0.000614485 0.00408347 0.0185629 0.057756 0.123056 0.179607 0.179622 0.12313 0.0580062 0.0192861 0.0059017 0.00459323 0.00764759 0.0126162 0.0183395 0.0234216 0.0264753 0.0268502 0.0249843 0.0220354 0.0191081 0.0167034 0.0147186 0.0128172
 1.06602e-16 4.16242e-05 0.000404602 0.00268873 0.0122226 0.0380292 0.0810265 0.118268 0.118305 0.0812057 0.038631 0.0139613 0.00705532 0.00994427 0.0181811 0.0300492 0.0434212 0.054899 0.0610431 0.0602737 0.0537902 0.0446985 0.0360765 0.0295022 0.0249031 0.0213783
 1.13422e-16 3.82993e-05 0.000372283 0.00247395 0.0112462 0.0349914 0.0745538 0.108819 0.108845 0.0746829 0.0354256 0.0125039 0.00564388 0.00733576 0.0133912 0.0224131 0.0330696 0.0432383 0.0507438 0.0545456 0.0552219 0.0542738 0.0528706 0.0511186 0.0483312 0.0438499
 1.17459e-16 4.51186e-05 0.000438569 0.00291444 0.0132486 0.0412216 0.0878277 0.128191 0.128212 0.0879277 0.0415581 0.0142231 0.00536951 0.00582872 0.0103738 0.0173242 0.0255411 0.0333928 0.0392693 0.0425139 0.0437859 0.0444535 0.0455027 0.0468549 0.0475411 0.0464403
 1.11767e-16 5.7263e-05 0.000556616 0.00369891 0.0168147 0.0523169 0.111467 0.162693 0.16271 0.111547 0.0525831 0.0175846 0.00563551 0.00479839 0.00815572 0.013507 0.0197294 0.0254168 0.0291975 0.0305043 0.0299169 0.0287139 0.0279892 0.0280273 0.0283214 0.0280577
 1.04594e-16 6.64773e-05 0.000646183 0.00429411 0.0195204 0.0607353 0.129404 0.188871 0.188884 0.129467 0.0609482 0.0201356 0.0058397 0.00402471 0.00649643 0.010671 0.0154534 0.0196246 0.0219958 0.022039 0.0201985 0.0175689 0.0152009 0.0135782 0.0125741 0.0117633
 1.04935e-16 4.78214e-05 0.000464841 0.00308903 0.0140423 0.043691 0.0930895 0.135874 0.135906 0.0932491 0.0442269 0.0155902 0.00697533 0.00895126 0.0161728 0.0266819 0.038481 0.0484973 0.053629 0.0524497 0.0460485 0.0372655 0.0289613 0.0226746 0.0184432 0.0154979
 1.0719e-16 5.21992e-05 0.000507394 0.00337182 0.0153278 0.0476906 0.101611 0.148308 0.148329 0.101712 0.048031 0.016313 0.00585207 0.00594596 0.0104519 0.0173819 0.0254673 0.0329324 0.0379773 0.0397398 0.0387236 0.0362781 0.0335929 0.0310494 0.0283361 0.0250187
 1.04152e-16 6.78539e-05 0.000659564 0.00438304 0.0199247 0.0619931 0.132083 0.192782 0.192792 0.132136 0.0621711 0.0204393 0.005677 0.00349121 0.00546623 0.00898419 0.0130665 0.0167133 0.0189573 0.0193678 0.0182928 0.016581 0.0150108 0.0138822 0.0130187 0.0120593
 1.03549e-16 5.72695e-05 0.00055668 0.00369933 0.0168166 0.052323 0.111481 0.162714 0.162738 0.111599 0.0527205 0.0179649 0.00658156 0.00684874 0.0120075 0.019762 0.0284679 0.0358142 0.0394878 0.0384316 0.0334745 0.0267638 0.0204714 0.0157785 0.0127245 0.0107159
 1.01162e-16 7.55618e-05 0.000734487 0.00488093 0.022188 0.0690351 0.147087 0.214679 0.214684 0.147114 0.0691265 0.0224524 0.00554547 0.00218836 0.00284604 0.00460976 0.00668973 0.00853023 0.0096168 0.009708 0.00896288 0.00780763 0.0066537 0.00569565 0.00490865 0.00418053
 1.02741e-16 3.42491e-05 0.000332914 0.00221233 0.010057 0.0312913 0.0666712 0.0973194 0.097371 0.0669234 0.0321377 0.0125009 0.00834357 0.0137065 0.0254011 0.0418551 0.0600941 0.075158 0.0820147 0.078348 0.0659604 0.0495991 0.0341842 0.0225737 0.0151405 0.0107697
 1.01873e-16 7.51493e-05 0.000730478 0.00485429 0.0220669 0.0686583 0.146284 0.213506 0.21351 0.146301 0.0687174 0.0222385 0.00528814 0.00168792 0.00192375 0.00314011 0.00469898 0.00628884 0.00763374 0.00858594 0.00916948 0.00948538 0.00956877 0.00933841 0.00867919 0.00756894
 1.02225e-16 5.49429e-05 0.000534064 0.00354905 0.0161335 0.0501974 0.106952 0.156105 0.156135 0.107095 0.0506769 0.0175181 0.00702253 0.00810957 0.0144214 0.0237007 0.0340122 0.0425153 0.0463619 0.0442569 0.0372522 0.0280736 0.0195324 0.0132406 0.00936184 0.00718807
 1.05569e-16 4.70438e-05 0.000457283 0.00303881 0.013814 0.0429806 0.0915758 0.133663 0.133691 0.0917114 0.0434365 0.0151326 0.00635534 0.00771892 0.0139013 0.023071 0.0336095 0.0430502 0.0488742 0.0498627 0.0467281 0.0414545 0.0359344 0.0310289 0.0266137 0.0222488
 1.07706e-16 5.53469e-05 0.000537992 0.00357515 0.0162521 0.0505664 0.107738 0.15725 0.157268 0.107827 0.0508657 0.0171181 0.00575461 0.00531519 0.00918554 0.0152496 0.0223207 0.0288298 0.0332097 0.0347437 0.0339406 0.032058 0.0301788 0.0286029 0.0269356 0.0246213
 1.0595e-16 6.08835e-05 0.00059181 0.00393278 0.0178779 0.0556248 0.118515 0.17298 0.172997 0.118598 0.0559033 0.0186829 0.00595595 0.00501627 0.00848727 0.0139977 0.0203092 0.0258657 0.0291293 0.0294134 0.0272806 0.0241166 0.0212294 0.0191858 0.0177813 0.0164672
 1.09842e-16 3.25112e-05 0.000316021 0.00210007 0.00954665 0.0297034 0.0632878 0.0923795 0.0924227 0.0634992 0.0304135 0.0115986 0.00725437 0.0115803 0.0214622 0.0355274 0.0514067 0.0651393 0.0727033 0.0722552 0.0651994 0.0551493 0.045652 0.0384729 0.0334442 0.0294535
 1.05807e-16 6.75609e-05 0.000656716 0.00436411 0.0198386 0.0617253 0.131513 0.191948 0.191955 0.131547 0.0618402 0.0201719 0.00520643 0.00251441 0.00365134 0.00607565 0.00908899 0.0121528 0.0147548 0.0166501 0.01795 0.018919 0.0196634 0.0199945 0.019573 0.0181789
 1.04946e-16 5.5342e-05 0.000537944 0.00357483 0.0162507 0.050562 0.107729 0.157239 0.157264 0.107855 0.0509875 0.0174794 0.0066586 0.00726798 0.0128319 0.0211147 0.030389 0.03818 0.042019 0.0408042 0.0354786 0.0284099 0.0219738 0.0174316 0.0147489 0.0131572
 1.08482e-16 3.94306e-05 0.000383279 0.00254703 0.0115784 0.036025 0.0767563 0.112035 0.112069 0.0769221 0.0365823 0.0131899 0.00659892 0.00925143 0.0169486 0.0281317 0.0409283 0.0523188 0.0592223 0.0601802 0.0561421 0.0496479 0.043122 0.0376663 0.0330726 0.0286409
 1.07189e-16 6.22597e-05 0.000605187 0.00402168 0.018282 0.0568821 0.121194 0.176888 0.1769 0.121249 0.0570696 0.0188251 0.00539077 0.00361348 0.00583334 0.00969757 0.0143237 0.0187756 0.0221371 0.0239908 0.0246151 0.0246675 0.0246247 0.024458 0.0237604 0.0221333
 1.05439e-16 5.89846e-05 0.000573351 0.00381012 0.0173203 0.0538899 0.114819 0.167586 0.167606 0.11492 0.0542297 0.0183019 0.0062749 0.00595654 0.0102906 0.0169414 0.0244556 0.0308832 0.0342895 0.033814 0.0301906 0.0252422 0.0207587 0.0176289 0.0157342 0.0144245
 1.09558e-16 3.24715e-05 0.000315635 0.00209751 0.00953498 0.0296671 0.0632104 0.0922662 0.0923082 0.0634154 0.0303558 0.0115257 0.00709981 0.0112537 0.0208588 0.0345714 0.0501241 0.0637175 0.0714809 0.0716132 0.0653982 0.0561989 0.0472929 0.0402754 0.0349725 0.0304131
 1.17336e-16 3.87065e-05 0.000376241 0.00250025 0.0113658 0.0353633 0.0753461 0.109974 0.109995 0.0754464 0.0357012 0.0123461 0.00497746 0.00583876 0.0105745 0.0178451 0.0267019 0.0356873 0.043309 0.0488628 0.0527 0.0556258 0.0579647 0.059146 0.0581245 0.0541894
 1.06971e-16 6.94791e-05 0.000675362 0.00448802 0.0204019 0.0634779 0.135247 0.197398 0.197405 0.135282 0.0635954 0.0207419 0.00534416 0.00255314 0.00366239 0.00601691 0.00883683 0.0114997 0.0134387 0.0144415 0.0147805 0.0149941 0.0154843 0.016248 0.0169144 0.0170046
pSPR Fmed_Fpbrs
0.751276   0.6 0.325
Fs Fmed_Fpbrs
0.143181   0.265277 0.641386
SSBpbr Bo_Bmed_Bpbrs
2.58864e+06  1.81535e+06  1.42375e+06 711876
Ro
248166
SPR SPRFo_SPRFmed_SPRFpbrs
1.77132e+06 1.33075e+06 575678
Fref
0.265277
Nvult_r0
 305456 27125.1 12057.3 13245.6 5239.47
CTP_r0
 29499.6 2900.81 1296.76 1424.99 563.679
YTP_r0
391298
Np
 351556 102221 42638.1 3708.37 2110.93
Nvult_p0
 249335 73326.9 30606.2 2662 1515.31
CTP_p0
 47482.2 22566.8 1977.19 878.146 1279.22
 47482.2 15292.4 6415.08 558.106 317.699
YTP_p0
 824063 770795
CBA_c0
808082
log_Ro
12.2419
likeval ReclasPelacesDesembMPH_pf_preclas_ppelaces_ptallas_desvR_qrecl_qpela
 19.7579 18.2874 0.125783 63.0103 246.073 123.792 99.2056 0 21.3242 1.48202e-05 5.95079e-06 0.620508 1.07694e-15 0 0
q_reclas_q_pelaces
0.579541 0.706765
M
1
N
 256904 59574.2 246664 13001.7 0.404276
 151376 87929.8 20214.2 83652.7 4409.36
 149011 48932.9 27985.4 6427.63 28000.2
 300601 48384.6 15652.1 8943.66 11002
 245035 92569.9 14584.9 4712.14 6004.35
 410209 85075 31917.1 5026.65 3693.32
 175234 134827 27586.2 10341 2825.12
 87516.8 51188.6 38308.5 7825.2 3734.43
 79928.2 31112.4 18123 13559.5 4091.55
 105480 25790.9 9882.27 5751.04 5601.01
 197310 32964.2 7903.6 3024.89 3474.56
 116333 69622.1 11573.5 2774.08 2281.2
 95268.7 33096.4 19204.7 3186.61 1391.77
 181293 25513.8 8531.65 4939.42 1177.41
 127971 47314.7 6389.57 2131.41 1527.93
 586987 37647.6 13550.4 1826.99 1046.24
 132466 173356 10828.8 3891.49 825.079
 1.03487e+06 42016.7 54015.2 3370.54 1467.98
 712927 330760 13204 16957.6 1518.93
 428722 218556 99200.3 3954.96 5533.84
 473730 134249 67125.5 30432.5 2910.78
 621498 150923 42036.3 20996.9 10429.3
 158710 182681 43181.3 12008 8976.36
 580135 50799.8 57502.4 13578.6 6598.32
 477002 193025 16699.5 18889.4 6627.81
 215816 159232 63687.3 5506.07 8413.07
 471064 73583.8 53797.5 21505.5 4699.98
 523236 158131 24430.9 17849.9 8694.62
 160279 177820 53230.5 8219.36 8930.18
 121457 54647.7 60076.9 17974.3 5790.71
 456302 40266.6 17892.2 19655.2 7774.84
pred_Ctot
 11373.2 2943.81 12263.7 646.628 0.0201067
 11730.4 7584.67 1754.08 7261.23 382.748
 11168.2 4083.2 2349.25 539.742 2351.28
 31407.2 5614.31 1826.82 1044.17 1284.51
 8750.16 3692.35 585.355 189.18 241.063
 27886.7 6442.94 2431.75 383.1 281.487
 23244.9 19814.3 4077.24 1528.86 417.684
 1866.5 1220.85 919.38 187.862 89.6551
 6275.06 2718.69 1593.11 1192.33 359.789
 10168.8 2763.21 1065.02 619.985 603.821
 5110.39 954.42 230.263 88.1561 101.263
 17020 11271.3 1884.22 451.767 371.506
 16809.3 6444.39 3759.93 624.062 272.566
 34239.3 5311.64 1785.79 1034.18 246.522
 16501.7 6761.55 918.335 306.427 219.67
 74494.4 5295.92 1917.09 258.557 148.067
 11678.5 16997.1 1068.04 383.936 81.4039
 86816.6 3921.47 5071.33 316.549 137.87
 76240.4 39274.7 1577.01 2025.94 181.471
 40860.6 23151.7 10570.3 421.552 589.851
 40600.8 12798.5 6437.41 2919.43 279.239
 80420.6 21642 6062.43 3029.06 1504.57
 13184.5 16884.8 4014.93 1116.84 834.885
 35332.3 3448.66 3927.39 927.711 450.814
 28139.7 12694.9 1104.97 1250.27 438.696
 10046.2 8271.97 3328.82 287.886 439.886
 26251.3 4572.84 3363.61 1345.03 293.958
 25368.4 8554.66 1329.78 971.891 473.412
 7461.74 9238.54 2782.56 429.795 466.972
 7650.85 3836.45 4243.16 1269.91 409.129
 29499.6 2900.81 1296.76 1424.99 563.679
F
 0.0721641 0.0808378 0.0813525 0.0813797 0.0813812
 0.129314 0.144857 0.145779 0.145828 0.14583
 0.124842 0.139847 0.140737 0.140784 0.140787
 0.17782 0.199192 0.200461 0.200528 0.200531
 0.0578677 0.064823 0.0652357 0.0652576 0.0652587
 0.112676 0.126219 0.127022 0.127065 0.127067
 0.230604 0.258321 0.259966 0.260053 0.260057
 0.0342239 0.0383374 0.0385815 0.0385944 0.0385951
 0.131107 0.146865 0.1478 0.147849 0.147852
 0.163099 0.182703 0.183866 0.183928 0.183931
 0.0416912 0.0467023 0.0469996 0.0470154 0.0470162
 0.257034 0.287928 0.289761 0.289858 0.289863
 0.317483 0.355643 0.357907 0.358027 0.358033
 0.34329 0.384552 0.387 0.38713 0.387137
 0.223535 0.250402 0.251996 0.252081 0.252085
 0.219658 0.24606 0.247627 0.24771 0.247714
 0.148259 0.166079 0.167136 0.167192 0.167195
 0.14064 0.157544 0.158547 0.158601 0.158603
 0.182336 0.204252 0.205553 0.205621 0.205625
 0.161114 0.180479 0.181628 0.181689 0.181692
 0.143869 0.161162 0.162188 0.162242 0.162245
 0.22439 0.25136 0.252961 0.253045 0.25305
 0.139187 0.155916 0.156909 0.156961 0.156964
 0.100439 0.112512 0.113228 0.113266 0.113268
 0.0971575 0.108835 0.109528 0.109565 0.109567
 0.0760005 0.0851354 0.0856774 0.0857061 0.0857076
 0.0915697 0.102576 0.103229 0.103263 0.103265
 0.0792642 0.0887913 0.0893565 0.0893865 0.0893881
 0.0760088 0.0851446 0.0856866 0.0857154 0.0857169
 0.104037 0.116542 0.117284 0.117323 0.117325
 0.106899 0.119748 0.12051 0.120551 0.120553
YTP_r0W_actual
 244846 40901.4 35790.5 48734.5 21025.2
YTP_p0W_proyectada
 355642 353621 45732.5 25791.1 43276
 355642 239633 148381 16391.6 10747.7
CTP_r0_actual
 29499.6 2900.81 1296.76 1424.99 563.679
CTP_p0_proyectada
 47482.2 22566.8 1977.19 878.146 1279.22
 47482.2 15292.4 6415.08 558.106 317.699
Wmedp
 7.49 15.67 23.13 29.37 33.83
Frms_r0
 0.106899 0.119748 0.12051 0.120551 0.120553
Zrms_r0
 1.1069 1.11975 1.12051 1.12055 1.12055
nmprior
 8.19 8.8 8.5 0
nm_flota  nm_reclas  nm_pelaces    nm_pelaL
inf 10.8357 18.3555 43.9436
cv_recla  cv_pelaces  cv_mph
0.402064 0.484896 0.734907
 ------------------------------------------------
Talla a la edad & desviaci?n 
 8 13.2811 15.8009 17.003 17.5766
 0.8 1.32811 1.58009 1.7003 1.75766
