years
 1991 1992 1993 1994 1995 1996 1997 1998 1999 2000 2001 2002 2003 2004 2005 2006 2007 2008 2009 2010 2011 2012 2013 2014 2015 2016 2017 2018 2019 2020 2021
reclasobs
 0 0 0 0 0 0 0 0 0 252601 567819 844713 477998 351125 339783 2.1784e+06 2.13404e+06 4.81314e+06 1.55562e+06 2.62356e+06 3.21686e+06 3.843e+06 1.13348e+06 3.07943e+06 1.97215e+06 2.03268e+06 2.025e+06 2.42433e+06 2.27542e+06 1.05018e+06 2.36338e+06
reclaspred
 3.44995e+06 2.02264e+06 1.03174e+06 1.02214e+06 1.03166e+06 1.57217e+06 1.18618e+06 1.11301e+06 840820 663029 655148 624860 511531 580864 593380 1.21342e+06 1.24664e+06 2.6853e+06 2.54518e+06 1.92949e+06 2.90267e+06 1.9494e+06 1.55996e+06 2.71396e+06 2.18044e+06 1.99041e+06 2.32226e+06 2.40733e+06 2.06413e+06 1.38456e+06 1.90831e+06
pelacesobs
 0 0 0 0 0 0 0 0 0 0 0 0 0 0 0 552880 188675 0 991730 2.46772e+06 1.41603e+06 1.21717e+06 2.29649e+06 1.80582e+06 0 1.4828e+06 1.56532e+06 1.57751e+06 1.42118e+06 867257 1.10002e+06
pelacespred
 2.00289e+06 1.3378e+06 707250 567883 563951 891354 678526 701064 546111 420339 409732 342032 303366 385137 383991 638136 649206 1.56318e+06 1.58018e+06 1.15013e+06 1.5102e+06 1.24355e+06 925839 1.71633e+06 1.32847e+06 1.20585e+06 1.5974e+06 1.64147e+06 1.16034e+06 895019 1.22776e+06
mphobs
 0 0 0 0 0 0 0 0 0 0 0 498337 0 5186 125008 0 168611 109162 213762 579715 649985 157893 87575 83554 0 0 0 0 0 0 0
mphpred
 507321 343879 181699 97416.4 110676 120950 165948 128795 110527 84364.8 60335.8 75268.1 63320.3 46172.1 51024.6 62107.8 142953 142376 273547 249031 262051 254039 202100 167290 270188 235956 200563 210706 283165 204549 134713
desembarqueobs
 494567 514787 250237 358949 120608 361735 552515 73892 212993 205616 52469 317467 293654 387597 252695 516296 358380 742168 942051 627588 828172 859565 418607 520667 417249 300574 415391 372974 316634 284311 391294
desembarquepred
 494569 512810 251265 358955 120609 361738 552531 73892.9 213006 205625 52469 317556 293767 387593 252696 516295 358398 742138 941950 627549 828248 859661 418622 520673 417248 300575 415391 372970 316634 284315 391294
Reclutas
 404768 249102 234327 497129 405861 687289 294190 152812 139556 182995 340173 196050 166967 271357 214904 978823 231665 1.72423e+06 1.15467e+06 682740 792720 1.02431e+06 269088 1.0117e+06 821391 373603 823961 915549 277400 210646 799623
log_desv_Rt
 -0.0320805 -0.517534 -0.578677 0.173455 -0.0293855 0.497359 -0.351168 -1.00619 -1.09693 -0.825937 -0.205943 -0.757024 -0.917602 -0.43196 -0.665204 0.850955 -0.590103 1.41714 1.01617 0.490718 0.640074 0.896374 -0.440356 0.883996 0.675604 -0.112201 0.678728 0.784128 -0.409936 -0.685218 0.648745
SSB
 1.01621e+07 6.88823e+06 3.6396e+06 1.95135e+06 2.21696e+06 2.42275e+06 3.3241e+06 2.57989e+06 2.21396e+06 1.68991e+06 1.20859e+06 1.50769e+06 1.26837e+06 924874 1.02207e+06 1.24408e+06 2.8635e+06 2.85193e+06 5.47941e+06 4.98833e+06 5.24915e+06 5.08866e+06 4.04825e+06 3.35099e+06 5.41212e+06 4.72643e+06 4.01748e+06 4.22065e+06 5.67208e+06 4.09731e+06 2.69844e+06
BT
 1.29774e+07 8.9024e+06 4.69506e+06 3.86892e+06 3.63061e+06 5.89803e+06 4.75135e+06 4.45815e+06 3.63393e+06 2.83559e+06 2.61425e+06 2.4194e+06 2.17986e+06 2.82898e+06 2.66333e+06 4.42567e+06 4.3557e+06 1.04597e+07 1.08145e+07 7.78697e+06 1.01271e+07 8.6564e+06 6.1831e+06 1.12523e+07 8.70837e+06 7.82762e+06 1.04396e+07 1.06656e+07 7.53657e+06 5.88695e+06 8.07496e+06
Ftot
 0.0420933 0.0742383 0.0713282 0.102572 0.03435 0.0674132 0.135641 0.0195313 0.074179 0.090678 0.0235528 0.147818 0.166742 0.193246 0.124139 0.124032 0.084108 0.0808774 0.108041 0.0950592 0.0834832 0.128498 0.0785478 0.0562641 0.0561211 0.0443327 0.0524758 0.0454789 0.0450308 0.0602021 0.0601145
BD_Bspro_t
 0.993288 0.947459 0.885325 0.842534 0.839853 0.873398 0.872763 0.809278 0.838699 0.829533 0.821786 0.889678 0.801248 0.723345 0.724314 0.756079 0.816422 0.808908 0.86026 0.827147 0.806112 0.802658 0.79011 0.79029 0.87126 0.878324 0.883608 0.898999 0.916546 0.891168 0.865186
BD_Bspro
 3.40638 2.30895 1.22 0.654097 0.74313 0.812114 1.11425 0.864786 0.742127 0.566462 0.405121 0.505384 0.425161 0.31002 0.342602 0.417019 0.959852 0.955976 1.83671 1.6721 1.75953 1.70573 1.35699 1.12326 1.81416 1.58431 1.34667 1.41477 1.9013 1.37343 0.904525
BD_Bo
 2.32457 1.57567 0.832553 0.446368 0.507126 0.554201 0.760383 0.590145 0.506441 0.386564 0.276462 0.344883 0.290137 0.211563 0.233798 0.284582 0.65502 0.652376 1.25341 1.14107 1.20073 1.16402 0.926032 0.766534 1.23802 1.08116 0.918994 0.965468 1.29748 0.937255 0.617265
BD_Brms
 4.2265 2.86486 1.51373 0.811577 0.922047 1.00764 1.38252 1.07299 0.920801 0.702844 0.502658 0.62706 0.527522 0.384661 0.425087 0.517421 1.19095 1.18614 2.27892 2.07468 2.18315 2.11641 1.68369 1.3937 2.25094 1.96575 1.6709 1.7554 2.35905 1.7041 1.1223
Sel_flota
 1 1 1 1 1
 1 1 1 1 1
 1 1 1 1 1
 1 1 1 1 1
 1 1 1 1 1
 1 1 1 1 1
 1 1 1 1 1
 1 1 1 1 1
 1 1 1 1 1
 1 1 1 1 1
 1 1 1 1 1
 1 1 1 1 1
 1 1 1 1 1
 1 1 1 1 1
 1 1 1 1 1
 1 1 1 1 1
 1 1 1 1 1
 1 1 1 1 1
 1 1 1 1 1
 1 1 1 1 1
 1 1 1 1 1
 1 1 1 1 1
 1 1 1 1 1
 1 1 1 1 1
 1 1 1 1 1
 1 1 1 1 1
 1 1 1 1 1
 1 1 1 1 1
 1 1 1 1 1
 1 1 1 1 1
 1 1 1 1 1
Sel_reclas
 1 1 1 1 1
 1 1 1 1 1
 1 1 1 1 1
 1 1 1 1 1
 1 1 1 1 1
 1 1 1 1 1
 1 1 1 1 1
 1 1 1 1 1
 1 1 1 1 1
 1 1 1 1 1
 1 1 1 1 1
 1 1 1 1 1
 1 1 1 1 1
 1 1 1 1 1
 1 1 1 1 1
 1 1 1 1 1
 1 1 1 1 1
 1 1 1 1 1
 1 1 1 1 1
 1 1 1 1 1
 1 1 1 1 1
 1 1 1 1 1
 1 1 1 1 1
 1 1 1 1 1
 1 1 1 1 1
 1 1 1 1 1
 1 1 1 1 1
 1 1 1 1 1
 1 1 1 1 1
 1 1 1 1 1
 1 1 1 1 1
Sel_pelaces
 1 1 1 1 1
 1 1 1 1 1
 1 1 1 1 1
 1 1 1 1 1
 1 1 1 1 1
 1 1 1 1 1
 1 1 1 1 1
 1 1 1 1 1
 1 1 1 1 1
 1 1 1 1 1
 1 1 1 1 1
 1 1 1 1 1
 1 1 1 1 1
 1 1 1 1 1
 1 1 1 1 1
 1 1 1 1 1
 1 1 1 1 1
 1 1 1 1 1
 1 1 1 1 1
 1 1 1 1 1
 1 1 1 1 1
 1 1 1 1 1
 1 1 1 1 1
 1 1 1 1 1
 1 1 1 1 1
 1 1 1 1 1
 1 1 1 1 1
 1 1 1 1 1
 1 1 1 1 1
 1 1 1 1 1
 1 1 1 1 1
pf_obs 
 0.8446 0.082 0.0669 0.0065 0
 0.8095 0.147 0.0364 0.0071 0
 0.9664 0.0169 0.016 0.0007 0
 0.9276 0.0648 0.0075 0.0001 0
 0.7033 0.2144 0.0806 0.0017 0
 0.9318 0.0425 0.0243 0.0014 0
 0.5671 0.3108 0.0964 0.0239 0.0018
 0.0768 0.2599 0.5324 0.112 0.0189
 0.490249 0.384438 0.106611 0.0170017 0.00170017
 0.7925 0.1577 0.0466 0.003 0.0002
 0.840416 0.127587 0.0312969 0.00059994 9.999e-05
 0.8084 0.0986 0.0794 0.0134 0.0002
 0.7335 0.1905 0.0724 0.0035 0.0001
 0.4001 0.4547 0.1325 0.0127 0
 0.49795 0.308269 0.164784 0.0264974 0.00249975
 0.9179 0.0499 0.0305 0.0017 0
 0.2467 0.6533 0.0926 0.0074 0
 0.9418 0.0223 0.034 0.0019 0
 0.707729 0.231977 0.0356964 0.0245975 0
 0.517169 0.277429 0.184464 0.0207286 0.00020938
 0.811772 0.124168 0.05621 0.00726502 0.000585176
 0.764997 0.148141 0.077277 0.00933861 0.000247198
 0.163321 0.427699 0.378323 0.0303852 0.000271297
 0.753843 0.0900009 0.118128 0.0371064 0.000921714
 0.721811 0.176058 0.0630433 0.0369309 0.00215725
 0.143369 0.312575 0.442814 0.0836902 0.0175525
 0.692698 0.0596174 0.167031 0.0765114 0.00414204
 0.394062 0.376323 0.152708 0.0712218 0.00568511
 0.125707 0.32114 0.495352 0.0537591 0.00404204
 0.23352 0.215282 0.420074 0.123614 0.00750983
 0.796117 0.104755 0.0508955 0.0450114 0.00322123
pf_pred 
 0.400113 0.0996976 0.476691 0.0234974 6.71679e-07
 0.411113 0.235622 0.0587106 0.280717 0.0138377
 0.531012 0.192807 0.110504 0.0275346 0.138143
 0.766829 0.123817 0.0449571 0.0257663 0.0386312
 0.65345 0.265744 0.0429087 0.0155799 0.022317
 0.756872 0.158872 0.0646099 0.0104323 0.00921378
 0.485086 0.389724 0.0818055 0.0332686 0.0101161
 0.439594 0.271845 0.218404 0.0458443 0.024313
 0.526696 0.208062 0.128665 0.103371 0.0332058
 0.669083 0.174292 0.0688511 0.0425775 0.0451957
 0.787317 0.142303 0.0370691 0.0146435 0.0186679
 0.558073 0.347936 0.0628874 0.0163818 0.0147212
 0.599642 0.223429 0.139299 0.0251775 0.0124523
 0.757856 0.1452 0.0541019 0.0337304 0.00911182
 0.66435 0.254374 0.0487363 0.0181593 0.01438
 0.90303 0.0644221 0.0246667 0.00472596 0.00315534
 0.39675 0.544753 0.0388627 0.0148802 0.0047544
 0.897238 0.0407709 0.05598 0.00399361 0.00201769
 0.639103 0.32381 0.0147141 0.020203 0.00216946
 0.533673 0.298031 0.151001 0.00686157 0.0104329
 0.649409 0.187101 0.104487 0.0529397 0.00606327
 0.712609 0.186634 0.053771 0.0300285 0.0169569
 0.366548 0.451404 0.118224 0.0340614 0.029763
 0.802069 0.0725513 0.089347 0.0234002 0.0126328
 0.651879 0.279217 0.0252566 0.0311035 0.0125438
 0.46019 0.351891 0.150724 0.0136338 0.0235613
 0.742527 0.118486 0.0906025 0.0388074 0.00957672
 0.702698 0.220755 0.0352262 0.0269363 0.0143847
 0.377209 0.437634 0.137484 0.0219386 0.0257343
 0.448877 0.207888 0.24119 0.0757706 0.0262736
 0.83106 0.0758332 0.0351206 0.0407466 0.0172393
pobs_RECLAS
 0 0 0 0 0
 0 0 0 0 0
 0 0 0 0 0
 0 0 0 0 0
 0 0 0 0 0
 0 0 0 0 0
 0 0 0 0 0
 0 0 0 0 0
 0 0 0 0 0
 0 0 0 0 0
 0.991045 0.00858322 0.000360255 1.14367e-05 0
 0.934742 0.0480273 0.0164251 0.00080598 0
 0.827803 0.169806 0.00239088 0 0
 0.941827 0.0461693 0.0120037 0 0
 0.791401 0.0380133 0.147996 0.0225897 0
 0.846168 0.0940531 0.0597789 0 0
 0.134021 0.677848 0.182769 0.00536245 0
 0.80878 0.0450904 0.141981 0.00414843 0
 0.846168 0.0940531 0.0597789 0 0
 0.905697 0.0802665 0.012482 0.00150086 5.37128e-05
 0.989698 0.0102097 9.19794e-05 0 0
 0.975433 0.0193895 0.00387452 0.00125025 5.28907e-05
 0.303575 0.632131 0.0575291 0.00676475 0
 0.966965 0.00978017 0.0227588 0.000495775 0
 0.843318 0.132988 0.00938335 0.0141283 0.000182051
 0.564624 0.303363 0.111486 0.0197234 0.00080311
 0.826376 0.0876187 0.0782897 0.00655872 0.00115652
 0.89761 0.0855135 0.0140674 0.00269457 0.000114338
 0.34875 0.467042 0.161289 0.0227151 0.000203297
 0.318654 0.224769 0.449479 0.00709798 0
 0.937255 0.0296025 0.0250945 0.00804832 0
ppred_RECLAS
 0.400113 0.0996976 0.476691 0.0234974 6.71679e-07
 0.411113 0.235622 0.0587106 0.280717 0.0138377
 0.531012 0.192807 0.110504 0.0275346 0.138143
 0.766829 0.123817 0.0449571 0.0257663 0.0386312
 0.65345 0.265744 0.0429087 0.0155799 0.022317
 0.756872 0.158872 0.0646099 0.0104323 0.00921378
 0.485086 0.389724 0.0818055 0.0332686 0.0101161
 0.439594 0.271845 0.218404 0.0458443 0.024313
 0.526696 0.208062 0.128665 0.103371 0.0332058
 0.669083 0.174292 0.0688511 0.0425775 0.0451957
 0.787317 0.142303 0.0370691 0.0146435 0.0186679
 0.558073 0.347936 0.0628874 0.0163818 0.0147212
 0.599642 0.223429 0.139299 0.0251775 0.0124523
 0.757856 0.1452 0.0541019 0.0337304 0.00911182
 0.66435 0.254374 0.0487363 0.0181593 0.01438
 0.90303 0.0644221 0.0246667 0.00472596 0.00315534
 0.39675 0.544753 0.0388627 0.0148802 0.0047544
 0.897238 0.0407709 0.05598 0.00399361 0.00201769
 0.639103 0.32381 0.0147141 0.020203 0.00216946
 0.533673 0.298031 0.151001 0.00686157 0.0104329
 0.649409 0.187101 0.104487 0.0529397 0.00606327
 0.712609 0.186634 0.053771 0.0300285 0.0169569
 0.366548 0.451404 0.118224 0.0340614 0.029763
 0.802069 0.0725513 0.089347 0.0234002 0.0126328
 0.651879 0.279217 0.0252566 0.0311035 0.0125438
 0.46019 0.351891 0.150724 0.0136338 0.0235613
 0.742527 0.118486 0.0906025 0.0388074 0.00957672
 0.702698 0.220755 0.0352262 0.0269363 0.0143847
 0.377209 0.437634 0.137484 0.0219386 0.0257343
 0.448877 0.207888 0.24119 0.0757706 0.0262736
 0.83106 0.0758332 0.0351206 0.0407466 0.0172393
pobs_PELACES
 0 0 0 0 0
 0 0 0 0 0
 0 0 0 0 0
 0 0 0 0 0
 0 0 0 0 0
 0 0 0 0 0
 0 0 0 0 0
 0 0 0 0 0
 0 0 0 0 0
 0 0 0 0 0
 0 0 0 0 0
 0 0 0 0 0
 0 0 0 0 0
 0 0 0 0 0
 0 0 0 0 0
 0 0 0 0 0
 0.505614 0.472636 0.0217494 0 0
 0 0 0 0 0
 0.443492 0.261883 0.143347 0.151278 0
 0.227955 0.32914 0.350689 0.0885471 0.00366901
 0.970185 0.0296113 0.000203453 0 0
 0.997202 0.00247181 0.000326279 0 0
 0.445219 0.490057 0.0546422 0.010081 0
 0.90214 0.0892962 0.00764917 0.000914606 0
 0 0 0 0 0
 0.581667 0.319106 0.0959925 0.00289975 0.000334073
 0.762889 0.0836404 0.116647 0.0363945 0.000428098
 0.88444 0.0763242 0.0277011 0.0115352 0
 0.521256 0.241999 0.230069 0.00667565 0
 0.616807 0.101726 0.260614 0.0208532 0
 0.833518 0.0704572 0.0857862 0.0102388 0
ppred_PELACES
 0.400113 0.0996976 0.476691 0.0234974 6.71679e-07
 0.411113 0.235622 0.0587106 0.280717 0.0138377
 0.531012 0.192807 0.110504 0.0275346 0.138143
 0.766829 0.123817 0.0449571 0.0257663 0.0386312
 0.65345 0.265744 0.0429087 0.0155799 0.022317
 0.756872 0.158872 0.0646099 0.0104323 0.00921378
 0.485086 0.389724 0.0818055 0.0332686 0.0101161
 0.439594 0.271845 0.218404 0.0458443 0.024313
 0.526696 0.208062 0.128665 0.103371 0.0332058
 0.669083 0.174292 0.0688511 0.0425775 0.0451957
 0.787317 0.142303 0.0370691 0.0146435 0.0186679
 0.558073 0.347936 0.0628874 0.0163818 0.0147212
 0.599642 0.223429 0.139299 0.0251775 0.0124523
 0.757856 0.1452 0.0541019 0.0337304 0.00911182
 0.66435 0.254374 0.0487363 0.0181593 0.01438
 0.90303 0.0644221 0.0246667 0.00472596 0.00315534
 0.39675 0.544753 0.0388627 0.0148802 0.0047544
 0.897238 0.0407709 0.05598 0.00399361 0.00201769
 0.639103 0.32381 0.0147141 0.020203 0.00216946
 0.533673 0.298031 0.151001 0.00686157 0.0104329
 0.649409 0.187101 0.104487 0.0529397 0.00606327
 0.712609 0.186634 0.053771 0.0300285 0.0169569
 0.366548 0.451404 0.118224 0.0340614 0.029763
 0.802069 0.0725513 0.089347 0.0234002 0.0126328
 0.651879 0.279217 0.0252566 0.0311035 0.0125438
 0.46019 0.351891 0.150724 0.0136338 0.0235613
 0.742527 0.118486 0.0906025 0.0388074 0.00957672
 0.702698 0.220755 0.0352262 0.0269363 0.0143847
 0.377209 0.437634 0.137484 0.0219386 0.0257343
 0.448877 0.207888 0.24119 0.0757706 0.0262736
 0.83106 0.0758332 0.0351206 0.0407466 0.0172393
pobs_pel_tallas
 0 0 0 0 0 0 0 0 0 0 0 0 0 0 0 0 0 0 0 0 0 0 0 0 0 0
 0 0 0 0 0 0 0 0 0 0 0 0 0 0 0 0 0 0 0 0 0 0 0 0 0 0
 0 0 0 0 0 0 0 0 0 0 0 0 0 0 0 0 0 0 0 0 0 0 0 0 0 0
 0 0 0 0 0 0 0 0 0 0 0 0 0 0 0 0 0 0 0 0 0 0 0 0 0 0
 0 0 0 0 0 0 0 0 0 0 0 0 0 0 0 0 0 0 0 0 0 0 0 0 0 0
 0 0 0 0 0 0 0 0 0 0 0 0 0 0 0 0 0 0 0 0 0 0 0 0 0 0
 0 0 0 0 0 0 0 0 0 0 0 0 0 0 0 0 0 0 0 0 0 0 0 0 0 0
 0 0 0 0 0 0 0 0 0 0 0 0 0 0 0 0 0 0 0 0 0 0 0 0 0 0
 0 0 0 0 0 0 0 0 0 0 0 0 0 0 0 0 0 0 0 0 0 0 0 0 0 0
 0 0 0 0 0 0 0 0 0 0 0 0 0 0 0 0 0 0 0 0 0 0 0 0 0 0
 0 0 0 0 0 0 0 0 0 0 0 0 0 0 0 0 0 0 0 0 0 0 0 0 0 0
 0 0 0 0 0 0 0 0 0 0 0 0 0 0 0 0 0 0 0 0 0 0 0 0 0 0
 0.00862536 0 0 0.000197151 0.00414017 0.0128641 0.00837892 0.0270097 0.101434 0.158115 0.152841 0.127902 0.109271 0.109419 0.0830992 0.0579132 0.0238553 0.00714673 0.00463305 0.00128148 0.00103504 0.000492878 0.000147863 0.000147863 4.92878e-05 0
 0 0 0 0 0 0 0 0 0 0 0 0 0 0 0 0 0 0 0 0 0 0 0 0 0 0
 0 0 0 0 0 0 0 0.0054083 0.00873648 0.0413646 0.0450493 0.0745869 0.0622846 0.0627006 0.0613931 0.0827291 0.12552 0.122667 0.0946155 0.0697135 0.0546179 0.0294188 0.0215738 0.0213955 0.0102223 0.00600262
 0 0 0 0 0.00359764 0.0251062 0.0480494 0.140153 0.205849 0.193036 0.1447 0.116669 0.0760912 0.0342217 0.00950174 0.001854 0.000860785 0 0 0 0.000165536 0 0.000143464 0 0 0
 0 0 0 0 0 0 0 0.000145254 0.000435761 0.0275982 0.070085 0.0708112 0.156366 0.174668 0.174014 0.160142 0.0824315 0.0480064 0.0283245 0.00493863 0.00203355 0 0 0 0 0
 0 0 0 0 0 0 0 0 0 0 0 0 0 0 0 0 0 0 0 0 0 0 0 0 0 0
 0 0 1.00437e-05 0.000401748 0.00122533 0.00171747 0.00176769 0.0269171 0.070346 0.194647 0.189555 0.159765 0.064822 0.0314167 0.0384472 0.0292271 0.0345202 0.0313363 0.0194345 0.0106764 0.0143323 0.0359363 0.0279516 0.0138201 0.00172751 0
 0 0.0021121 0.0136068 0.0755702 0.200478 0.177729 0.0527432 0.0373336 0.0318909 0.0142505 0.0149659 0.0166563 0.0217959 0.0798694 0.0677717 0.0528807 0.04013 0.0224614 0.0357745 0.0225083 0.00881397 0.00855152 0.00135912 0.000746735 0 0
 0 0 0 0 5.4009e-05 0.00500934 0.000945158 0.0243581 0.138947 0.33067 0.221406 0.137944 0.0707744 0.0437923 0.0131692 0.00525238 0.0047753 0.00276346 9.45158e-05 9.00151e-06 2.25038e-05 9.00151e-06 4.50075e-06 0 0 0
 0.000866109 0.00284123 0.00948549 0.0512746 0.133035 0.25785 0.225252 0.132002 0.0553304 0.0519788 0.0540692 0.017754 0.00435017 0.00159236 0.00146478 0.000404838 0.000125132 0.000115318 0.000107957 0.000100596 0 0 0 0 0 0
 0 0 0 0 0.00144013 0.00171154 0.00461396 0.0210425 0.0478622 0.0707936 0.0888783 0.103762 0.0637923 0.0337046 0.0602308 0.124433 0.169614 0.0934646 0.0462172 0.0250306 0.0313229 0.00938855 0.002487 0.000210481 0 0
 0 0.00764035 0.051015 0.0998891 0.058973 0.0496711 0.0374665 0.0718981 0.12319 0.153886 0.159021 0.0857701 0.0377988 0.023471 0.0147837 0.00900784 0.00315554 0.000888139 0.00291439 0.00214683 0.00393193 0.00274676 0.000635225 9.99891e-05 0 0
 0 0 0 0 0 0 0 0 0 0 0 0 0 0 0 0 0 0 0 0 0 0 0 0 0 0
 0 0 0 0 0 0 0 0 0 0 0 0 0 0 0 0 0 0 0 0 0 0 0 0 0 0
 0 0 0 0 0 0 0 0 0 0 0 0 0 0 0 0 0 0 0 0 0 0 0 0 0 0
 0 0 0 0 0 0 0 0 0 0 0 0 0 0 0 0 0 0 0 0 0 0 0 0 0 0
 0 0 0 0 0 0 0 0 0 0 0 0 0 0 0 0 0 0 0 0 0 0 0 0 0 0
 0 0 0 0 0 0 0 0 0 0 0 0 0 0 0 0 0 0 0 0 0 0 0 0 0 0
 0 0 0 0 0 0 0 0 0 0 0 0 0 0 0 0 0 0 0 0 0 0 0 0 0 0
ppred_pel_tallas
 1.16139e-16 3.29568e-05 0.000320352 0.00212885 0.00967746 0.0301102 0.0641534 0.0936359 0.0936463 0.0642042 0.0302829 0.0101854 0.00343849 0.0032934 0.00601289 0.010756 0.0175057 0.0261956 0.0366178 0.04842 0.0608652 0.0724698 0.0809892 0.0840893 0.0804434 0.0705251
 1.32249e-16 3.38629e-05 0.000329159 0.00218738 0.00994352 0.0309381 0.0659177 0.0962136 0.0962365 0.0660294 0.0313137 0.0110304 0.0049238 0.00633168 0.0115238 0.0192498 0.0283649 0.0371306 0.0439331 0.0483694 0.0516113 0.0555658 0.0614005 0.0685563 0.0749227 0.0779432
 1.29378e-16 4.37388e-05 0.000425157 0.00282532 0.0128435 0.039961 0.0851417 0.124271 0.12429 0.0852334 0.0402693 0.0137363 0.00507485 0.00536481 0.00951223 0.0158921 0.0234631 0.0307699 0.0364188 0.0399454 0.042146 0.0444864 0.0480206 0.0526507 0.0571895 0.0600259
 1.10451e-16 6.31627e-05 0.000613964 0.00408001 0.0185471 0.057707 0.122951 0.179454 0.179466 0.12301 0.057904 0.0191169 0.00551337 0.00375336 0.00605671 0.00999778 0.0146031 0.0188208 0.0216468 0.0226839 0.0223932 0.0217553 0.0216002 0.0221266 0.0229033 0.0232328
 1.06646e-16 5.38239e-05 0.000523187 0.00347676 0.0158049 0.049175 0.104773 0.152925 0.152951 0.104899 0.0495955 0.0170198 0.00652708 0.0071849 0.0127144 0.0209586 0.0302474 0.0381753 0.0423378 0.041657 0.0370327 0.0307246 0.0249721 0.0209201 0.0184755 0.0168753
 1.04511e-16 6.23426e-05 0.000605992 0.00402703 0.0183063 0.0569578 0.121355 0.177125 0.17714 0.12143 0.0572104 0.019037 0.00586438 0.00462801 0.0077334 0.0127714 0.0185913 0.0237984 0.0270057 0.0275645 0.0259128 0.0231979 0.020499 0.0182792 0.0163986 0.0144983
 1.07509e-16 3.99559e-05 0.000388386 0.00258096 0.0117327 0.036505 0.0777792 0.113529 0.113566 0.077963 0.0371223 0.0135164 0.00706083 0.0101764 0.0186544 0.0308434 0.0445873 0.0564136 0.0628075 0.0621604 0.0557082 0.046629 0.0380569 0.0315725 0.0270574 0.0235488
 1.15085e-16 3.62088e-05 0.000351963 0.00233892 0.0106324 0.0330815 0.0704845 0.10288 0.102906 0.0706141 0.0335175 0.0118957 0.00552429 0.00735351 0.0134743 0.0225879 0.033402 0.0438273 0.0517195 0.0560556 0.0573982 0.0571862 0.0564819 0.0552671 0.052752 0.0482314
 1.19753e-16 4.33833e-05 0.000421701 0.00280235 0.0127391 0.0396362 0.0844498 0.123261 0.123281 0.0845488 0.0399693 0.0137038 0.00523377 0.00576305 0.010288 0.0172084 0.025432 0.0333831 0.0395147 0.0432186 0.0451642 0.0466779 0.0486519 0.0508756 0.0522369 0.051495
 1.1395e-16 5.51115e-05 0.000535704 0.00355994 0.016183 0.0503514 0.10728 0.156581 0.156598 0.107362 0.0506289 0.0169858 0.00557971 0.00496083 0.0085073 0.0141068 0.0206311 0.0266354 0.0307126 0.0322967 0.0320112 0.0311918 0.0309546 0.0315401 0.0323386 0.0324128
 1.05734e-16 6.48503e-05 0.000630368 0.00418901 0.0190427 0.0592489 0.126236 0.184249 0.184262 0.126304 0.0594746 0.0196951 0.00582839 0.00421495 0.00689007 0.011335 0.0164357 0.0209163 0.0235306 0.023731 0.0219932 0.0194691 0.0172486 0.015807 0.0149663 0.0142371
 1.06038e-16 4.59678e-05 0.000446824 0.0029693 0.013498 0.0419976 0.0894816 0.130608 0.130642 0.0896456 0.0425483 0.0150891 0.00696428 0.00917218 0.0166298 0.0274539 0.0396257 0.0500071 0.0554293 0.0544402 0.0481592 0.0394845 0.0313147 0.0251762 0.0210536 0.0181175
 1.0871e-16 4.93918e-05 0.000480106 0.00319047 0.0145034 0.0451257 0.0961459 0.140332 0.140354 0.096252 0.0454827 0.0155367 0.00579263 0.00618879 0.010974 0.0182807 0.0268362 0.0348107 0.0403456 0.0425535 0.0419522 0.0399116 0.0376027 0.0353375 0.0327158 0.0292454
 1.06524e-16 6.24236e-05 0.00060678 0.00403227 0.0183301 0.0570318 0.121513 0.177355 0.177369 0.121582 0.0572628 0.018998 0.00571203 0.0042846 0.00707982 0.0116924 0.0170451 0.0218828 0.0249763 0.0257852 0.0247628 0.0229855 0.0214104 0.0203542 0.0195151 0.0183718
 1.05727e-16 5.47217e-05 0.000531914 0.00353476 0.0160685 0.0499953 0.106521 0.155476 0.1555 0.106641 0.050398 0.0172323 0.00645722 0.00691616 0.0121931 0.0201074 0.0290482 0.0367212 0.0408301 0.0403347 0.0360661 0.0301363 0.0246303 0.0206027 0.017965 0.016038
 1.01737e-16 7.43814e-05 0.000723014 0.00480468 0.0218414 0.0679567 0.144789 0.211325 0.211331 0.14482 0.0680591 0.0221375 0.00554919 0.00235241 0.00318102 0.00517294 0.00751914 0.00961211 0.0108842 0.0110717 0.0103553 0.00920692 0.00807294 0.00714923 0.0063831 0.00562777
 1.03558e-16 3.26799e-05 0.00031766 0.00211097 0.00959617 0.0298575 0.0636166 0.0928612 0.0929137 0.0638728 0.0307177 0.0120799 0.00834254 0.0139117 0.0258221 0.0425641 0.0611412 0.0765299 0.0836332 0.080109 0.0677869 0.0514698 0.0361177 0.0245845 0.0172023 0.0128082
 1.02368e-16 7.39043e-05 0.000718376 0.00477386 0.0217013 0.0675208 0.14386 0.209969 0.209973 0.14388 0.0675869 0.0218933 0.00525952 0.00179107 0.00214776 0.00352904 0.00529822 0.00712362 0.00870552 0.00988215 0.0106746 0.0111785 0.0114074 0.0112438 0.0105402 0.00926779
 1.02901e-16 5.26421e-05 0.0005117 0.00340043 0.0154579 0.0480954 0.102473 0.14957 0.149601 0.102626 0.0486065 0.0169336 0.00710262 0.00858676 0.0153688 0.0252734 0.0362853 0.0453911 0.0495668 0.047442 0.040141 0.0305604 0.0216749 0.0151693 0.0111819 0.0089283
 1.06888e-16 4.3958e-05 0.000427288 0.00283948 0.0129079 0.0401613 0.0855691 0.124897 0.124925 0.0857103 0.0406361 0.0142814 0.00629526 0.0079979 0.0144997 0.0241035 0.0351868 0.0452214 0.0516183 0.0531208 0.0504423 0.045572 0.0403701 0.0356226 0.0311286 0.026422
 1.09399e-16 5.3491e-05 0.000519952 0.00345526 0.0157071 0.0488708 0.104125 0.151977 0.151996 0.104214 0.0491696 0.0165719 0.00563272 0.00529634 0.00919283 0.0152931 0.0224521 0.0291431 0.0338431 0.0358657 0.0357143 0.0345916 0.033477 0.0325409 0.0312681 0.0290286
 1.07481e-16 5.86967e-05 0.000570553 0.00379153 0.0172357 0.0536269 0.114258 0.166767 0.166785 0.114347 0.0539232 0.0180922 0.00594405 0.00527889 0.00902876 0.0149088 0.0216524 0.027623 0.0312029 0.03168 0.0296652 0.0266302 0.0239431 0.0221605 0.0210026 0.0198232
 1.1198e-16 3.01922e-05 0.000293479 0.00195027 0.00886567 0.0275846 0.0587736 0.0857909 0.0858345 0.0589867 0.0283005 0.0109345 0.00714807 0.0116564 0.0216581 0.035884 0.0519904 0.0660235 0.0739698 0.0739992 0.0675257 0.0581454 0.0493438 0.0427839 0.0381836 0.034343
 1.07082e-16 6.60654e-05 0.000642179 0.0042675 0.0193995 0.060359 0.128601 0.187699 0.187706 0.128636 0.0604764 0.0197405 0.00513007 0.00254671 0.00374666 0.0062565 0.00939952 0.0126503 0.01551 0.0177451 0.0194665 0.0209139 0.0221371 0.0228692 0.0226938 0.021341
 1.06043e-16 5.36945e-05 0.00052193 0.00346841 0.0157669 0.0490568 0.104522 0.152558 0.152585 0.104653 0.0494981 0.0170414 0.00666708 0.00750346 0.01331 0.0219136 0.0315549 0.0396809 0.0437454 0.0426209 0.0372962 0.0302264 0.0238582 0.0194626 0.0169535 0.0154817
 1.09795e-16 3.79053e-05 0.000368453 0.0024485 0.0111305 0.0346315 0.0737872 0.107702 0.107736 0.0739538 0.0351913 0.0127495 0.00652012 0.00928257 0.017043 0.0283129 0.0412432 0.0528295 0.0600046 0.0613197 0.0577189 0.051711 0.0456595 0.0405884 0.0362189 0.0318114
 1.08158e-16 6.1161e-05 0.000594507 0.00395071 0.0179593 0.0558783 0.119055 0.173767 0.173778 0.119111 0.0560683 0.0185099 0.00533914 0.00364669 0.00592061 0.00985701 0.0145858 0.0191755 0.0227154 0.0247965 0.0257034 0.0260854 0.0263881 0.0265296 0.0260424 0.0244812
 1.06209e-16 5.78804e-05 0.000562618 0.00373879 0.016996 0.0528811 0.112669 0.164449 0.16447 0.112774 0.0532305 0.0180055 0.00627363 0.00609937 0.0105831 0.017432 0.0251756 0.0318185 0.0353809 0.0349875 0.0313992 0.0264888 0.0220837 0.0190729 0.0173017 0.0160688
 1.10635e-16 3.10703e-05 0.000302014 0.00200699 0.00912352 0.0283869 0.0604828 0.0882853 0.0883276 0.0606896 0.0290815 0.0111314 0.00705319 0.011338 0.0210495 0.0349051 0.0506438 0.0644542 0.0724528 0.0728367 0.0668968 0.057998 0.0493973 0.0426437 0.0375074 0.0329748
 1.19059e-16 3.69735e-05 0.000359395 0.00238831 0.0108569 0.03378 0.0719727 0.10505 0.105071 0.0720725 0.0341162 0.0118326 0.00485489 0.00580229 0.0105462 0.0178294 0.0267471 0.0358901 0.0438155 0.0498498 0.0543351 0.0580153 0.061109 0.0629205 0.0622942 0.0584538
 1.08037e-16 6.84533e-05 0.000665391 0.00442176 0.0201007 0.0625407 0.13325 0.194484 0.194491 0.133286 0.0626617 0.0204511 0.00530432 0.0026019 0.00377613 0.00621541 0.00914478 0.0119361 0.0140194 0.0151901 0.0157378 0.0162148 0.0170158 0.0181002 0.0190374 0.0192861
pSPR Fmed_Fpbrs
0.854526   0.6 0.325
Fs Fmed_Fpbrs
0.0727558   0.248967 0.595728
SSBpbr Bo_Bmed_Bpbrs
4.37161e+06  3.51707e+06  2.40439e+06 1.20219e+06
Ro
417964
SPR SPRFo_SPRFmed_SPRFpbrs
2.98327e+06 2.54928e+06 969562
Fref
0.248967
Nvult_r0
 522621 47688.5 22086 25623.9 10841.1
CTP_r0
 29635.6 2704.21 1252.4 1453.02 614.754
YTP_r0
391294
Np
 611441 175362 79444.5 7249.22 4320.21
Nvult_p0
 436079 125068 56659.8 5170.14 3081.17
CTP_p0
 86927.4 39380.9 3593.46 1664.24 2599.71
 86927.4 24930.8 11294.5 1030.61 614.196
YTP_p0
 1.48813e+06 1.35404e+06
CBA_c0
1.4479e+06
log_Ro
12.7632
likeval ReclasPelacesDesembMPH_pf_preclas_ppelaces_ptallas_desvR_qrecl_qpela
 20.3906 18.2154 0.159381 68.1197 245.995 126.257 99.476 0 21.0214 6.94122e-05 4.97696e-05 0.799615 1.61826e-15 0 0
q_reclas_q_pelaces
0.307096 0.366528
M
1
N
 404768 100857 482237 23770.8 0.679494
 249102 142768 35574 170092 8384.57
 234327 85082.6 48763.6 12150.6 60960.2
 497129 80269.5 29145.3 16704.1 25044.3
 405861 165055 26650.8 9676.72 13861.2
 687289 144266 58670 9473.22 8366.71
 294190 236357 49612.7 20176.4 6135.1
 152812 94498.7 75921.6 15936.4 8451.69
 139556 55129 34091.7 27389.8 8798.35
 182995 47669.1 18830.8 11645 12361.1
 340173 61484.2 16016.3 6326.95 8065.76
 196050 122229 22092.3 5754.91 5171.53
 166967 62212.4 38786.9 7010.5 3467.27
 271357 51990 19371.7 12077.4 3262.57
 214904 82285 15765.2 5874.18 4651.64
 978823 69829.2 26737 5122.62 3420.17
 231665 318085 22692.2 8688.65 2776.12
 1.72423e+06 78349.9 107577 7674.57 3877.43
 1.15467e+06 585028 26583.9 36500.8 3919.57
 682740 381277 193179 8778.15 13347
 792720 228390 127545 64622.3 7401.3
 1.02431e+06 268268 77290.5 43163 24373.8
 269088 331382 86789.8 25004.9 21849.5
 1.0117e+06 91513.9 112699 29516.2 15934.7
 821391 351823 31824.2 39191.5 15805.7
 373603 285682 122365 11068.5 19128.2
 823961 131481 100539 43063.4 10627
 915549 287622 45896.4 35095.4 18741.9
 277400 321837 101106 16133.6 18925
 210646 97556.2 113184 35557 12329.5
 799623 72964.7 33792.1 39205.3 16587.2
pred_Ctot
 10583 2637 12608.5 621.506 0.0177659
 11335 6496.45 1618.74 7739.81 381.528
 10257 3724.26 2134.49 531.859 2668.37
 30892.7 4988.12 1811.15 1038.03 1556.31
 8687.36 3532.97 570.454 207.128 296.695
 28478.9 5977.9 2431.09 392.538 346.688
 23851.1 19162.3 4022.29 1635.78 497.396
 1871.32 1157.22 929.729 195.156 103.499
 6345.35 2506.62 1550.09 1245.37 400.046
 10102.3 2631.59 1039.56 642.866 682.397
 5015.05 906.442 236.123 93.2762 118.911
 17235.9 10745.9 1942.26 505.947 454.659
 16431.6 6122.47 3817.11 689.921 341.223
 30620.2 5866.6 2185.92 1362.83 368.151
 16020.7 6134.2 1175.27 437.909 346.771
 72909.6 5201.37 1991.56 381.569 254.759
 11894.6 16331.7 1165.11 446.11 142.537
 85241.8 3873.42 5318.36 379.412 191.69
 75410.7 38207.8 1736.18 2383.84 255.984
 39440.9 22025.8 11159.7 507.101 771.037
 40409.4 11642.3 6501.68 3294.16 377.286
 78900.5 20664.2 5953.56 3324.78 1877.48
 12932.3 15926.1 4171.08 1201.73 1050.08
 35149.9 3179.49 3915.55 1025.49 553.623
 28467 12193.1 1102.93 1358.26 547.778
 10278.3 7859.44 3366.4 304.509 526.238
 26741.5 4267.2 3262.98 1397.62 344.898
 25826.8 8113.56 1294.7 990.009 528.691
 7749.53 8990.95 2824.53 450.715 528.697
 7818.02 3620.75 4200.77 1319.68 457.603
 29635.6 2704.21 1252.4 1453.02 614.754
F
 0.0420933 0.0420933 0.0420933 0.0420933 0.0420933
 0.0742383 0.0742383 0.0742383 0.0742383 0.0742383
 0.0713282 0.0713282 0.0713282 0.0713282 0.0713282
 0.102572 0.102572 0.102572 0.102572 0.102572
 0.03435 0.03435 0.03435 0.03435 0.03435
 0.0674132 0.0674132 0.0674132 0.0674132 0.0674132
 0.135641 0.135641 0.135641 0.135641 0.135641
 0.0195313 0.0195313 0.0195313 0.0195313 0.0195313
 0.074179 0.074179 0.074179 0.074179 0.074179
 0.090678 0.090678 0.090678 0.090678 0.090678
 0.0235528 0.0235528 0.0235528 0.0235528 0.0235528
 0.147818 0.147818 0.147818 0.147818 0.147818
 0.166742 0.166742 0.166742 0.166742 0.166742
 0.193246 0.193246 0.193246 0.193246 0.193246
 0.124139 0.124139 0.124139 0.124139 0.124139
 0.124032 0.124032 0.124032 0.124032 0.124032
 0.084108 0.084108 0.084108 0.084108 0.084108
 0.0808774 0.0808774 0.0808774 0.0808774 0.0808774
 0.108041 0.108041 0.108041 0.108041 0.108041
 0.0950592 0.0950592 0.0950592 0.0950592 0.0950592
 0.0834832 0.0834832 0.0834832 0.0834832 0.0834832
 0.128498 0.128498 0.128498 0.128498 0.128498
 0.0785478 0.0785478 0.0785478 0.0785478 0.0785478
 0.0562641 0.0562641 0.0562641 0.0562641 0.0562641
 0.056121 0.0561211 0.0561211 0.0561211 0.0561211
 0.0443327 0.0443327 0.0443327 0.0443327 0.0443327
 0.0524758 0.0524758 0.0524758 0.0524758 0.0524758
 0.0454789 0.0454789 0.0454789 0.0454789 0.0454789
 0.0450308 0.0450308 0.0450308 0.0450308 0.0450308
 0.0602021 0.0602021 0.0602021 0.0602021 0.0602021
 0.0601145 0.0601145 0.0601145 0.0601145 0.0601145
YTP_r0W_actual
 245975 38129.4 34566.2 49693.4 22930.3
YTP_p0W_proyectada
 651086 617099 83116.8 48878.7 87948.1
 651086 390666 261241 30269 20778.3
CTP_r0_actual
 29635.6 2704.21 1252.4 1453.02 614.754
CTP_p0_proyectada
 86927.4 39380.9 3593.46 1664.24 2599.71
 86927.4 24930.8 11294.5 1030.61 614.196
Wmedp
 7.49 15.67 23.13 29.37 33.83
Frms_r0
 0.0601145 0.0601145 0.0601145 0.0601145 0.0601145
Zrms_r0
 1.06011 1.06011 1.06011 1.06011 1.06011
nmprior
 8.19 8.8 8.5 0
nm_flota  nm_reclas  nm_pelaces    nm_pelaL
inf 10.4426 16.4774 38.1904
cv_recla  cv_pelaces  cv_mph
0.408451 0.483939 0.764122
 ------------------------------------------------
Talla a la edad & desviaci?n 
 8 13.2811 15.8009 17.003 17.5766
 0.8 1.32811 1.58009 1.7003 1.75766
