years
 1991 1992 1993 1994 1995 1996 1997 1998 1999 2000 2001 2002 2003 2004 2005 2006 2007 2008 2009 2010 2011 2012 2013 2014 2015 2016 2017 2018 2019 2020 2021
reclasobs
 0 0 0 0 0 0 0 0 0 252601 567819 844713 477998 351125 339783 2.1784e+06 2.13404e+06 4.81314e+06 1.55562e+06 2.62356e+06 3.21686e+06 3.843e+06 1.13348e+06 3.07943e+06 1.97215e+06 2.03268e+06 2.025e+06 2.42433e+06 2.27542e+06 1.05018e+06 2.36338e+06
reclaspred
 3.45397e+06 2.02355e+06 1.03191e+06 1.02397e+06 1.03415e+06 1.57792e+06 1.18759e+06 1.11325e+06 840507 662069 655494 624517 509388 580676 592732 1.21459e+06 1.24524e+06 2.69057e+06 2.54998e+06 1.93145e+06 2.90358e+06 1.94911e+06 1.5576e+06 2.71541e+06 2.18132e+06 1.99127e+06 2.32444e+06 2.41045e+06 2.06491e+06 1.38379e+06 1.9089e+06
pelacesobs
 0 0 0 0 0 0 0 0 0 0 0 0 0 0 0 552880 188675 0 991730 2.46772e+06 1.41603e+06 1.21717e+06 2.29649e+06 1.80582e+06 0 1.4828e+06 1.56532e+06 1.57751e+06 1.42118e+06 867257 1.10002e+06
pelacespred
 2.00516e+06 1.33777e+06 706629 568345 565264 894571 678639 701638 545810 419517 409920 341384 301606 384427 383208 638113 648103 1.56615e+06 1.58207e+06 1.15018e+06 1.51061e+06 1.24139e+06 923923 1.71757e+06 1.32867e+06 1.20642e+06 1.59926e+06 1.64387e+06 1.16097e+06 894443 1.22813e+06
mphobs
 0 0 0 0 0 0 0 0 0 0 0 498337 0 5186 125008 0 168611 109162 213762 579715 649985 157893 87575 83554 0 0 0 0 0 0 0
mphpred
 508750 344714 181983 97585.3 110993 121469 166646 128949 110707 84380.5 60284.3 75418.5 63205.1 45881 50925.3 62000.1 143086 142303 274266 249512 262429 254216 202074 167172 270635 236374 200911 211142 283904 204864 134758
desembarqueobs
 494567 514787 250237 358949 120608 361735 552515 73892 212993 205616 52469 317467 293654 387597 252695 516296 358380 742168 942051 627588 828172 859565 418607 520667 417249 300574 415391 372974 316634 284311 391294
desembarquepred
 494569 512824 251258 358956 120609 361738 552532 73892.9 213007 205626 52469.1 317559 293771 387593 252696 516295 358398 742137 941947 627548 828251 859664 418623 520673 417248 300575 415391 372970 316634 284316 391295
Reclutas
 393606 242180 227489 482488 393621 666692 285198 147768 134942 176995 329140 189899 161455 264150 208070 948749 223915 1.67163e+06 1.12067e+06 662860 768051 993256 260443 978614 794889 361333 796807 885350 268297 203656 772908
log_desv_Rt
 -0.0282969 -0.513966 -0.576545 0.175309 -0.0282595 0.498681 -0.350462 -1.008 -1.0988 -0.827524 -0.207163 -0.757156 -0.919423 -0.42713 -0.665771 0.851498 -0.59238 1.41791 1.01803 0.492917 0.64021 0.897342 -0.441262 0.88249 0.674555 -0.113847 0.676965 0.782337 -0.411553 -0.687215 0.646513
SSB
 9.79907e+06 6.63956e+06 3.50519e+06 1.8796e+06 2.13785e+06 2.33962e+06 3.20978e+06 2.48371e+06 2.13234e+06 1.62526e+06 1.16114e+06 1.45264e+06 1.2174e+06 883718 980878 1.19419e+06 2.75599e+06 2.74091e+06 5.28265e+06 4.80588e+06 5.05468e+06 4.89648e+06 3.89217e+06 3.21992e+06 5.21272e+06 4.55281e+06 3.86977e+06 4.06682e+06 5.46831e+06 3.9459e+06 2.59559e+06
BT
 1.25245e+07 8.59049e+06 4.52634e+06 3.73925e+06 3.50715e+06 5.7098e+06 4.59388e+06 4.29837e+06 3.50493e+06 2.73271e+06 2.51994e+06 2.33574e+06 2.09855e+06 2.735e+06 2.56913e+06 4.27676e+06 4.19776e+06 1.01136e+07 1.04577e+07 7.51908e+06 9.77792e+06 8.3531e+06 5.9558e+06 1.08601e+07 8.4001e+06 7.55023e+06 1.00789e+07 1.02978e+07 7.27014e+06 5.675e+06 7.79123e+06
Ftot
 0.0436252 0.0769882 0.0739887 0.106223 0.0355585 0.0696939 0.140531 0.0202634 0.0769912 0.0942104 0.0244291 0.153406 0.173657 0.200482 0.12892 0.128551 0.0873569 0.0837535 0.111875 0.0985195 0.0865866 0.133315 0.0816153 0.0583519 0.0582076 0.0459811 0.0544006 0.047132 0.0467059 0.0624972 0.0623583
BD_Bspro_t
 0.993044 0.945594 0.881392 0.837319 0.83472 0.869329 0.868726 0.803289 0.833479 0.823888 0.815799 0.88591 0.794587 0.714253 0.715996 0.748409 0.810556 0.802618 0.855761 0.821714 0.800063 0.796413 0.783403 0.783449 0.8669 0.874196 0.879639 0.895549 0.913682 0.887437 0.860575
BD_Bspro
 3.39063 2.29739 1.21285 0.650371 0.739729 0.809545 1.11063 0.859402 0.737825 0.562366 0.401773 0.502638 0.421239 0.305781 0.339399 0.413208 0.953618 0.948397 1.82788 1.66291 1.749 1.69426 1.34675 1.11414 1.80368 1.57535 1.339 1.40718 1.89212 1.36534 0.898115
BD_Bo
 2.31347 1.56754 0.827542 0.443756 0.504726 0.552362 0.757799 0.58638 0.503427 0.383709 0.274135 0.342955 0.287416 0.208638 0.231576 0.281937 0.650664 0.647102 1.24719 1.13462 1.19336 1.15601 0.918904 0.760192 1.23067 1.07488 0.913615 0.960138 1.29102 0.931589 0.612795
BD_Brms
 4.20631 2.85007 1.50462 0.806829 0.917683 1.00429 1.37782 1.06615 0.915321 0.697652 0.498427 0.623555 0.522575 0.379341 0.421047 0.512612 1.18303 1.17655 2.26761 2.06295 2.16975 2.10184 1.67074 1.38217 2.23759 1.95432 1.66112 1.7457 2.3473 1.6938 1.11417
Sel_flota
 0.99979 1 1 1 1
 0.99979 1 1 1 1
 0.99979 1 1 1 1
 0.99979 1 1 1 1
 0.99979 1 1 1 1
 0.99979 1 1 1 1
 0.99979 1 1 1 1
 0.99979 1 1 1 1
 0.99979 1 1 1 1
 0.99979 1 1 1 1
 0.99979 1 1 1 1
 0.99979 1 1 1 1
 0.99979 1 1 1 1
 0.99979 1 1 1 1
 0.99979 1 1 1 1
 0.99979 1 1 1 1
 0.99979 1 1 1 1
 0.99979 1 1 1 1
 0.99979 1 1 1 1
 0.99979 1 1 1 1
 0.99979 1 1 1 1
 0.99979 1 1 1 1
 0.99979 1 1 1 1
 0.99979 1 1 1 1
 0.99979 1 1 1 1
 0.99979 1 1 1 1
 0.99979 1 1 1 1
 0.99979 1 1 1 1
 0.99979 1 1 1 1
 0.99979 1 1 1 1
 0.99979 1 1 1 1
Sel_reclas
 1 1 1 1 1
 1 1 1 1 1
 1 1 1 1 1
 1 1 1 1 1
 1 1 1 1 1
 1 1 1 1 1
 1 1 1 1 1
 1 1 1 1 1
 1 1 1 1 1
 1 1 1 1 1
 1 1 1 1 1
 1 1 1 1 1
 1 1 1 1 1
 1 1 1 1 1
 1 1 1 1 1
 1 1 1 1 1
 1 1 1 1 1
 1 1 1 1 1
 1 1 1 1 1
 1 1 1 1 1
 1 1 1 1 1
 1 1 1 1 1
 1 1 1 1 1
 1 1 1 1 1
 1 1 1 1 1
 1 1 1 1 1
 1 1 1 1 1
 1 1 1 1 1
 1 1 1 1 1
 1 1 1 1 1
 1 1 1 1 1
Sel_pelaces
 1 1 1 1 1
 1 1 1 1 1
 1 1 1 1 1
 1 1 1 1 1
 1 1 1 1 1
 1 1 1 1 1
 1 1 1 1 1
 1 1 1 1 1
 1 1 1 1 1
 1 1 1 1 1
 1 1 1 1 1
 1 1 1 1 1
 1 1 1 1 1
 1 1 1 1 1
 1 1 1 1 1
 1 1 1 1 1
 1 1 1 1 1
 1 1 1 1 1
 1 1 1 1 1
 1 1 1 1 1
 1 1 1 1 1
 1 1 1 1 1
 1 1 1 1 1
 1 1 1 1 1
 1 1 1 1 1
 1 1 1 1 1
 1 1 1 1 1
 1 1 1 1 1
 1 1 1 1 1
 1 1 1 1 1
 1 1 1 1 1
pf_obs 
 0.8446 0.082 0.0669 0.0065 0
 0.8095 0.147 0.0364 0.0071 0
 0.9664 0.0169 0.016 0.0007 0
 0.9276 0.0648 0.0075 0.0001 0
 0.7033 0.2144 0.0806 0.0017 0
 0.9318 0.0425 0.0243 0.0014 0
 0.5671 0.3108 0.0964 0.0239 0.0018
 0.0768 0.2599 0.5324 0.112 0.0189
 0.490249 0.384438 0.106611 0.0170017 0.00170017
 0.7925 0.1577 0.0466 0.003 0.0002
 0.840416 0.127587 0.0312969 0.00059994 9.999e-05
 0.8084 0.0986 0.0794 0.0134 0.0002
 0.7335 0.1905 0.0724 0.0035 0.0001
 0.4001 0.4547 0.1325 0.0127 0
 0.49795 0.308269 0.164784 0.0264974 0.00249975
 0.9179 0.0499 0.0305 0.0017 0
 0.2467 0.6533 0.0926 0.0074 0
 0.9418 0.0223 0.034 0.0019 0
 0.707729 0.231977 0.0356964 0.0245975 0
 0.517169 0.277429 0.184464 0.0207286 0.00020938
 0.811772 0.124168 0.05621 0.00726502 0.000585176
 0.764997 0.148141 0.077277 0.00933861 0.000247198
 0.163321 0.427699 0.378323 0.0303852 0.000271297
 0.753843 0.0900009 0.118128 0.0371064 0.000921714
 0.721811 0.176058 0.0630433 0.0369309 0.00215725
 0.143369 0.312575 0.442814 0.0836902 0.0175525
 0.692698 0.0596174 0.167031 0.0765114 0.00414204
 0.394062 0.376323 0.152708 0.0712218 0.00568511
 0.125707 0.32114 0.495352 0.0537591 0.00404204
 0.23352 0.215282 0.420074 0.123614 0.00750983
 0.796117 0.104755 0.0508955 0.0450114 0.00322123
pf_pred 
 0.401889 0.100021 0.47461 0.02348 6.72847e-07
 0.412484 0.236147 0.0587588 0.278817 0.0137941
 0.532145 0.193007 0.110472 0.0274881 0.136887
 0.767615 0.123675 0.0448468 0.0256691 0.0381939
 0.654303 0.265375 0.0427469 0.0155007 0.0220734
 0.757345 0.158782 0.0643857 0.0103713 0.00911629
 0.485618 0.389585 0.0816611 0.0331134 0.0100224
 0.440418 0.271775 0.217981 0.045691 0.0241353
 0.527309 0.208206 0.128453 0.103028 0.0330032
 0.67 0.17403 0.0687001 0.0423846 0.044885
 0.788172 0.141935 0.036859 0.0145505 0.0184834
 0.558787 0.347768 0.0626133 0.0162599 0.0145726
 0.600854 0.22306 0.138792 0.0249886 0.0123051
 0.76068 0.14381 0.0533753 0.0332111 0.0089239
 0.665547 0.254426 0.048089 0.0178483 0.0140897
 0.903688 0.0641049 0.0245005 0.00463084 0.00307554
 0.397282 0.544681 0.0386293 0.0147639 0.00464383
 0.897931 0.0405554 0.05559 0.0039425 0.00198075
 0.640152 0.323126 0.0145909 0.02 0.00213105
 0.535083 0.297641 0.150205 0.00678259 0.0102876
 0.6503 0.187138 0.104073 0.0525206 0.00596875
 0.713666 0.186217 0.0535761 0.0297953 0.0167451
 0.367538 0.451396 0.117756 0.0338794 0.0294302
 0.802874 0.0724613 0.0889747 0.0232109 0.012479
 0.652645 0.278894 0.0251654 0.0309004 0.0123949
 0.460816 0.351922 0.150354 0.0135669 0.0233409
 0.743061 0.118415 0.0904137 0.0386281 0.00948211
 0.70321 0.220545 0.0351388 0.0268295 0.0142763
 0.377774 0.437584 0.137208 0.021861 0.0255733
 0.449548 0.207974 0.240849 0.0755203 0.0261081
 0.831545 0.0757378 0.0350309 0.0405684 0.0171182
pobs_RECLAS
 0 0 0 0 0
 0 0 0 0 0
 0 0 0 0 0
 0 0 0 0 0
 0 0 0 0 0
 0 0 0 0 0
 0 0 0 0 0
 0 0 0 0 0
 0 0 0 0 0
 0 0 0 0 0
 0.991045 0.00858322 0.000360255 1.14367e-05 0
 0.934742 0.0480273 0.0164251 0.00080598 0
 0.827803 0.169806 0.00239088 0 0
 0.941827 0.0461693 0.0120037 0 0
 0.791401 0.0380133 0.147996 0.0225897 0
 0.846168 0.0940531 0.0597789 0 0
 0.134021 0.677848 0.182769 0.00536245 0
 0.80878 0.0450904 0.141981 0.00414843 0
 0.846168 0.0940531 0.0597789 0 0
 0.905697 0.0802665 0.012482 0.00150086 5.37128e-05
 0.989698 0.0102097 9.19794e-05 0 0
 0.975433 0.0193895 0.00387452 0.00125025 5.28907e-05
 0.303575 0.632131 0.0575291 0.00676475 0
 0.966965 0.00978017 0.0227588 0.000495775 0
 0.843318 0.132988 0.00938335 0.0141283 0.000182051
 0.564624 0.303363 0.111486 0.0197234 0.00080311
 0.826376 0.0876187 0.0782897 0.00655872 0.00115652
 0.89761 0.0855135 0.0140674 0.00269457 0.000114338
 0.34875 0.467042 0.161289 0.0227151 0.000203297
 0.318654 0.224769 0.449479 0.00709798 0
 0.937255 0.0296025 0.0250945 0.00804832 0
ppred_RECLAS
 0.401939 0.100012 0.47457 0.023478 6.7279e-07
 0.412535 0.236126 0.0587536 0.278793 0.0137929
 0.532198 0.192986 0.11046 0.027485 0.136872
 0.767652 0.123655 0.0448395 0.025665 0.0381877
 0.654351 0.265339 0.042741 0.0154986 0.0220704
 0.757384 0.158756 0.0643754 0.0103696 0.00911483
 0.485671 0.389545 0.0816526 0.03311 0.0100214
 0.44047 0.271749 0.217961 0.0456868 0.0241331
 0.527362 0.208183 0.128439 0.103016 0.0329995
 0.670047 0.174005 0.0686904 0.0423786 0.0448786
 0.788207 0.141912 0.0368529 0.0145481 0.0184804
 0.558839 0.347726 0.0626059 0.016258 0.0145708
 0.600905 0.223031 0.138774 0.0249854 0.0123035
 0.760719 0.143786 0.0533666 0.0332057 0.00892244
 0.665594 0.25439 0.0480822 0.0178458 0.0140877
 0.903707 0.0640926 0.0244958 0.00462996 0.00307495
 0.397332 0.544636 0.0386261 0.0147627 0.00464344
 0.897951 0.0405477 0.0555795 0.00394175 0.00198037
 0.6402 0.323083 0.0145889 0.0199973 0.00213076
 0.535136 0.297608 0.150188 0.00678182 0.0102865
 0.650348 0.187112 0.104058 0.0525134 0.00596793
 0.71371 0.186189 0.053568 0.0297907 0.0167425
 0.367587 0.451361 0.117747 0.0338768 0.0294279
 0.802908 0.072449 0.0889596 0.023207 0.0124768
 0.652693 0.278856 0.025162 0.0308962 0.0123932
 0.460868 0.351888 0.15034 0.0135656 0.0233386
 0.743101 0.118397 0.0903996 0.038622 0.00948062
 0.703254 0.220512 0.0351336 0.0268256 0.0142742
 0.377823 0.437549 0.137197 0.0218592 0.0255712
 0.4496 0.207954 0.240826 0.0755131 0.0261056
 0.831574 0.0757245 0.0350248 0.0405612 0.0171152
pobs_PELACES
 0 0 0 0 0
 0 0 0 0 0
 0 0 0 0 0
 0 0 0 0 0
 0 0 0 0 0
 0 0 0 0 0
 0 0 0 0 0
 0 0 0 0 0
 0 0 0 0 0
 0 0 0 0 0
 0 0 0 0 0
 0 0 0 0 0
 0 0 0 0 0
 0 0 0 0 0
 0 0 0 0 0
 0 0 0 0 0
 0.505614 0.472636 0.0217494 0 0
 0 0 0 0 0
 0.443492 0.261883 0.143347 0.151278 0
 0.227955 0.32914 0.350689 0.0885471 0.00366901
 0.970185 0.0296113 0.000203453 0 0
 0.997202 0.00247181 0.000326279 0 0
 0.445219 0.490057 0.0546422 0.010081 0
 0.90214 0.0892962 0.00764917 0.000914606 0
 0 0 0 0 0
 0.581667 0.319106 0.0959925 0.00289975 0.000334073
 0.762889 0.0836404 0.116647 0.0363945 0.000428098
 0.88444 0.0763242 0.0277011 0.0115352 0
 0.521256 0.241999 0.230069 0.00667565 0
 0.616807 0.101726 0.260614 0.0208532 0
 0.833518 0.0704572 0.0857862 0.0102388 0
ppred_PELACES
 0.40194 0.100012 0.474569 0.023478 6.72789e-07
 0.412536 0.236126 0.0587535 0.278792 0.0137929
 0.532199 0.192985 0.11046 0.0274849 0.136871
 0.767654 0.123655 0.0448393 0.0256648 0.0381875
 0.654352 0.265338 0.0427409 0.0154986 0.0220704
 0.757385 0.158756 0.0643752 0.0103696 0.0091148
 0.485673 0.389543 0.0816523 0.0331098 0.0100213
 0.440471 0.271749 0.21796 0.0456867 0.0241331
 0.527363 0.208183 0.128439 0.103016 0.0329994
 0.670049 0.174004 0.0686901 0.0423784 0.0448784
 0.788207 0.141912 0.0368528 0.014548 0.0184803
 0.558842 0.347724 0.0626055 0.0162579 0.0145707
 0.600908 0.22303 0.138773 0.0249852 0.0123034
 0.760721 0.143785 0.053366 0.0332054 0.00892235
 0.665596 0.254388 0.0480819 0.0178457 0.0140876
 0.903707 0.0640921 0.0244956 0.00462992 0.00307493
 0.397334 0.544634 0.038626 0.0147626 0.00464343
 0.897951 0.0405475 0.0555792 0.00394173 0.00198036
 0.640202 0.323081 0.0145889 0.0199972 0.00213075
 0.535137 0.297607 0.150188 0.0067818 0.0102864
 0.65035 0.187111 0.104058 0.0525132 0.0059679
 0.713712 0.186188 0.0535677 0.0297905 0.0167424
 0.367588 0.45136 0.117747 0.0338767 0.0294279
 0.802908 0.0724488 0.0889593 0.0232069 0.0124768
 0.652694 0.278855 0.0251619 0.0308961 0.0123932
 0.460869 0.351888 0.150339 0.0135655 0.0233386
 0.743102 0.118397 0.0903993 0.0386219 0.0094806
 0.703255 0.220512 0.0351335 0.0268255 0.0142742
 0.377824 0.437549 0.137197 0.0218592 0.0255712
 0.449601 0.207954 0.240826 0.0755129 0.0261056
 0.831575 0.0757242 0.0350246 0.0405611 0.0171151
pobs_pel_tallas
 0 0 0 0 0 0 0 0 0 0 0 0 0 0 0 0 0 0 0 0 0 0 0 0 0 0
 0 0 0 0 0 0 0 0 0 0 0 0 0 0 0 0 0 0 0 0 0 0 0 0 0 0
 0 0 0 0 0 0 0 0 0 0 0 0 0 0 0 0 0 0 0 0 0 0 0 0 0 0
 0 0 0 0 0 0 0 0 0 0 0 0 0 0 0 0 0 0 0 0 0 0 0 0 0 0
 0 0 0 0 0 0 0 0 0 0 0 0 0 0 0 0 0 0 0 0 0 0 0 0 0 0
 0 0 0 0 0 0 0 0 0 0 0 0 0 0 0 0 0 0 0 0 0 0 0 0 0 0
 0 0 0 0 0 0 0 0 0 0 0 0 0 0 0 0 0 0 0 0 0 0 0 0 0 0
 0 0 0 0 0 0 0 0 0 0 0 0 0 0 0 0 0 0 0 0 0 0 0 0 0 0
 0 0 0 0 0 0 0 0 0 0 0 0 0 0 0 0 0 0 0 0 0 0 0 0 0 0
 0 0 0 0 0 0 0 0 0 0 0 0 0 0 0 0 0 0 0 0 0 0 0 0 0 0
 0 0 0 0 0 0 0 0 0 0 0 0 0 0 0 0 0 0 0 0 0 0 0 0 0 0
 0 0 0 0 0 0 0 0 0 0 0 0 0 0 0 0 0 0 0 0 0 0 0 0 0 0
 0.00862536 0 0 0.000197151 0.00414017 0.0128641 0.00837892 0.0270097 0.101434 0.158115 0.152841 0.127902 0.109271 0.109419 0.0830992 0.0579132 0.0238553 0.00714673 0.00463305 0.00128148 0.00103504 0.000492878 0.000147863 0.000147863 4.92878e-05 0
 0 0 0 0 0 0 0 0 0 0 0 0 0 0 0 0 0 0 0 0 0 0 0 0 0 0
 0 0 0 0 0 0 0 0.0054083 0.00873648 0.0413646 0.0450493 0.0745869 0.0622846 0.0627006 0.0613931 0.0827291 0.12552 0.122667 0.0946155 0.0697135 0.0546179 0.0294188 0.0215738 0.0213955 0.0102223 0.00600262
 0 0 0 0 0.00359764 0.0251062 0.0480494 0.140153 0.205849 0.193036 0.1447 0.116669 0.0760912 0.0342217 0.00950174 0.001854 0.000860785 0 0 0 0.000165536 0 0.000143464 0 0 0
 0 0 0 0 0 0 0 0.000145254 0.000435761 0.0275982 0.070085 0.0708112 0.156366 0.174668 0.174014 0.160142 0.0824315 0.0480064 0.0283245 0.00493863 0.00203355 0 0 0 0 0
 0 0 0 0 0 0 0 0 0 0 0 0 0 0 0 0 0 0 0 0 0 0 0 0 0 0
 0 0 1.00437e-05 0.000401748 0.00122533 0.00171747 0.00176769 0.0269171 0.070346 0.194647 0.189555 0.159765 0.064822 0.0314167 0.0384472 0.0292271 0.0345202 0.0313363 0.0194345 0.0106764 0.0143323 0.0359363 0.0279516 0.0138201 0.00172751 0
 0 0.0021121 0.0136068 0.0755702 0.200478 0.177729 0.0527432 0.0373336 0.0318909 0.0142505 0.0149659 0.0166563 0.0217959 0.0798694 0.0677717 0.0528807 0.04013 0.0224614 0.0357745 0.0225083 0.00881397 0.00855152 0.00135912 0.000746735 0 0
 0 0 0 0 5.4009e-05 0.00500934 0.000945158 0.0243581 0.138947 0.33067 0.221406 0.137944 0.0707744 0.0437923 0.0131692 0.00525238 0.0047753 0.00276346 9.45158e-05 9.00151e-06 2.25038e-05 9.00151e-06 4.50075e-06 0 0 0
 0.000866109 0.00284123 0.00948549 0.0512746 0.133035 0.25785 0.225252 0.132002 0.0553304 0.0519788 0.0540692 0.017754 0.00435017 0.00159236 0.00146478 0.000404838 0.000125132 0.000115318 0.000107957 0.000100596 0 0 0 0 0 0
 0 0 0 0 0.00144013 0.00171154 0.00461396 0.0210425 0.0478622 0.0707936 0.0888783 0.103762 0.0637923 0.0337046 0.0602308 0.124433 0.169614 0.0934646 0.0462172 0.0250306 0.0313229 0.00938855 0.002487 0.000210481 0 0
 0 0.00764035 0.051015 0.0998891 0.058973 0.0496711 0.0374665 0.0718981 0.12319 0.153886 0.159021 0.0857701 0.0377988 0.023471 0.0147837 0.00900784 0.00315554 0.000888139 0.00291439 0.00214683 0.00393193 0.00274676 0.000635225 9.99891e-05 0 0
 0 0 0 0 0 0 0 0 0 0 0 0 0 0 0 0 0 0 0 0 0 0 0 0 0 0
 0 0 0 0 0 0 0 0 0 0 0 0 0 0 0 0 0 0 0 0 0 0 0 0 0 0
 0 0 0 0 0 0 0 0 0 0 0 0 0 0 0 0 0 0 0 0 0 0 0 0 0 0
 0 0 0 0 0 0 0 0 0 0 0 0 0 0 0 0 0 0 0 0 0 0 0 0 0 0
 0 0 0 0 0 0 0 0 0 0 0 0 0 0 0 0 0 0 0 0 0 0 0 0 0 0
 0 0 0 0 0 0 0 0 0 0 0 0 0 0 0 0 0 0 0 0 0 0 0 0 0 0
 0 0 0 0 0 0 0 0 0 0 0 0 0 0 0 0 0 0 0 0 0 0 0 0 0 0
ppred_pel_tallas
 1.16076e-16 3.31073e-05 0.000321815 0.00213857 0.00972165 0.0302477 0.0644463 0.0940634 0.0940738 0.0644973 0.0304208 0.0102308 0.00345104 0.00330051 0.00602223 0.0107672 0.0175125 0.0261848 0.0365701 0.0483145 0.0606869 0.0722175 0.0806788 0.0837508 0.080113 0.0702348
 1.32049e-16 3.39801e-05 0.000330299 0.00219495 0.00997795 0.0310452 0.066146 0.0965468 0.0965697 0.0662579 0.0314216 0.011067 0.00493696 0.00634484 0.0115462 0.0192852 0.028412 0.0371808 0.0439696 0.0483687 0.0515486 0.0554202 0.0611608 0.0682246 0.0745165 0.0774935
 1.29156e-16 4.38366e-05 0.000426107 0.00283163 0.0128722 0.0400503 0.0853321 0.124549 0.124567 0.0854239 0.0403589 0.0137658 0.00508311 0.00536992 0.00951994 0.015904 0.0234781 0.0307837 0.0364233 0.0399287 0.0420935 0.0443831 0.0478538 0.052413 0.0568825 0.0596624
 1.10362e-16 6.32306e-05 0.000614624 0.0040844 0.0185671 0.0577691 0.123084 0.179647 0.179659 0.123142 0.0579659 0.0191361 0.00551584 0.00374976 0.00604853 0.00998368 0.0145816 0.0187911 0.0216085 0.0226361 0.0223334 0.0216793 0.0215034 0.0220059 0.0227595 0.0230715
 1.06591e-16 5.38981e-05 0.000523909 0.00348156 0.0158267 0.0492428 0.104918 0.153136 0.153162 0.105043 0.0496627 0.0170397 0.00652717 0.00717529 0.0126947 0.0209256 0.0301989 0.0381122 0.0422642 0.0415779 0.0369512 0.0306408 0.0248833 0.0208234 0.0183704 0.0167643
 1.04481e-16 6.23848e-05 0.000606402 0.00402976 0.0183187 0.0569964 0.121437 0.177245 0.17726 0.121512 0.0572488 0.0190488 0.00586569 0.00462525 0.00772724 0.0127607 0.0185747 0.023775 0.0269751 0.0275264 0.0258667 0.0231434 0.020436 0.0182092 0.0163246 0.0144244
 1.07473e-16 4.00043e-05 0.000388856 0.00258409 0.0117469 0.0365492 0.0778734 0.113666 0.113704 0.0780571 0.0371663 0.0135298 0.00706182 0.0101722 0.0186454 0.0308279 0.0445641 0.0563823 0.0627689 0.0621154 0.055657 0.0465708 0.0379904 0.0314975 0.0269758 0.0234645
 1.15026e-16 3.6281e-05 0.000352665 0.00234358 0.0106536 0.0331474 0.0706251 0.103085 0.103111 0.0707547 0.0335833 0.0119164 0.00552768 0.00735131 0.0134685 0.0225771 0.0333841 0.0437998 0.0516795 0.0559997 0.0573234 0.0570901 0.0563648 0.0551325 0.052607 0.0480852
 1.19676e-16 4.34382e-05 0.000422235 0.0028059 0.0127552 0.0396864 0.0845568 0.123417 0.123438 0.0846559 0.0400197 0.0137204 0.00523858 0.00576623 0.0102928 0.0172154 0.0254401 0.0333888 0.0395122 0.0432002 0.0451221 0.0466061 0.048548 0.0507419 0.0520803 0.0513264
 1.13872e-16 5.51911e-05 0.000536477 0.00356508 0.0162063 0.050424 0.107434 0.156807 0.156824 0.107517 0.0507011 0.0170078 0.00558147 0.00495416 0.00849306 0.0140826 0.020595 0.0265871 0.0306534 0.0322281 0.0319328 0.031101 0.0308475 0.0314141 0.0321948 0.0322569
 1.05687e-16 6.49236e-05 0.000631081 0.00419375 0.0190642 0.0593159 0.126379 0.184457 0.184471 0.126446 0.059541 0.0197148 0.00582857 0.00420566 0.00687097 0.0113028 0.0163883 0.0208543 0.0234576 0.0236517 0.0219107 0.0193838 0.0171588 0.0157109 0.0148644 0.0141325
 1.05992e-16 4.60311e-05 0.000447439 0.00297339 0.0135166 0.0420554 0.0896048 0.130788 0.130821 0.0897686 0.0426058 0.0151066 0.00696582 0.00916717 0.016619 0.0274352 0.0395974 0.0499682 0.0553802 0.0543815 0.0480909 0.0394057 0.0312246 0.0250758 0.0209462 0.0180084
 1.0865e-16 4.94961e-05 0.000481119 0.00319721 0.0145341 0.045221 0.0963489 0.140629 0.14065 0.0964548 0.0455773 0.0155655 0.0057946 0.00617926 0.0109536 0.0182458 0.0267835 0.034739 0.0402563 0.0424487 0.0418335 0.0397792 0.0374568 0.0351807 0.0325539 0.0290871
 1.06417e-16 6.26596e-05 0.000609074 0.00404751 0.0183994 0.0572475 0.121972 0.178025 0.178039 0.12204 0.0574761 0.0190608 0.0057108 0.00425078 0.00701092 0.0115767 0.016875 0.0216614 0.024718 0.0255089 0.0244829 0.0227067 0.02113 0.020069 0.0192277 0.0180916
 1.05627e-16 5.48243e-05 0.000532912 0.00354139 0.0160987 0.050089 0.106721 0.155767 0.155792 0.106841 0.0504918 0.0172624 0.00646373 0.0069167 0.0121917 0.0201034 0.0290387 0.0367011 0.0407922 0.0402703 0.035967 0.0299969 0.0244506 0.020389 0.0177296 0.0157971
 1.01709e-16 7.44372e-05 0.000723556 0.00480828 0.0218578 0.0680077 0.144898 0.211484 0.21149 0.144928 0.0681095 0.0221523 0.00554895 0.00234452 0.00316495 0.00514596 0.00747947 0.00956051 0.0108239 0.0110073 0.0102899 0.00914148 0.00800664 0.00708108 0.00631344 0.00555873
 1.03521e-16 3.2728e-05 0.000318127 0.00211407 0.00961029 0.0299015 0.0637102 0.0929979 0.0930503 0.0639664 0.0307615 0.0120934 0.0083442 0.0139089 0.0258158 0.0425531 0.0611239 0.0765054 0.0836008 0.080068 0.0677363 0.0514084 0.0360452 0.0245021 0.0171135 0.012718
 1.02345e-16 7.39631e-05 0.000718947 0.00477766 0.0217185 0.0675745 0.143975 0.210136 0.21014 0.143994 0.0676402 0.0219094 0.00526061 0.00178566 0.00213617 0.00350905 0.00526771 0.00708168 0.00865261 0.00981949 0.0106034 0.0110998 0.0113231 0.0111569 0.0104554 0.00919015
 1.0287e-16 5.27327e-05 0.00051258 0.00340628 0.0154845 0.0481781 0.10265 0.149827 0.149858 0.102802 0.048688 0.0169569 0.00710008 0.00856931 0.015334 0.0252155 0.0362014 0.0452846 0.0494472 0.0473216 0.0400294 0.030461 0.0215856 0.0150856 0.0111005 0.00884937
 1.06832e-16 4.40786e-05 0.00042846 0.00284727 0.0129433 0.0402715 0.0858038 0.125239 0.125268 0.0859448 0.0407456 0.0143148 0.0062979 0.00798764 0.0144775 0.0240652 0.035128 0.04514 0.0515148 0.0529967 0.0502991 0.0454113 0.0401948 0.035439 0.0309461 0.0262512
 1.09328e-16 5.35685e-05 0.000520705 0.00346027 0.0157299 0.0489416 0.104276 0.152198 0.152216 0.104365 0.0492404 0.0165946 0.00563764 0.00529677 0.00919187 0.0152902 0.0224452 0.0291284 0.0338153 0.035818 0.0356404 0.0344868 0.0333411 0.0323785 0.031089 0.0288458
 1.07415e-16 5.87875e-05 0.000571436 0.00379739 0.0172624 0.0537098 0.114435 0.167025 0.167043 0.114523 0.0540054 0.0181168 0.00594472 0.00526836 0.00900698 0.0148721 0.0215983 0.0275521 0.0311189 0.0315876 0.0295672 0.0265259 0.0238293 0.0220347 0.0208655 0.0196797
 1.11891e-16 3.02779e-05 0.000294312 0.00195581 0.00889084 0.0276629 0.0589404 0.0860344 0.086078 0.0591535 0.0283787 0.0109594 0.00715291 0.0116555 0.0216546 0.0358769 0.0519773 0.066001 0.0739331 0.0739428 0.0674438 0.0580334 0.0492006 0.0426128 0.0379927 0.034144
 1.07025e-16 6.61345e-05 0.000642851 0.00427197 0.0194198 0.0604221 0.128736 0.187895 0.187903 0.128771 0.0605394 0.0197603 0.0051332 0.00254436 0.00374064 0.00624553 0.00938156 0.0126231 0.015471 0.0176916 0.0193954 0.020823 0.0220261 0.0227413 0.0225553 0.0212006
 1.05994e-16 5.37616e-05 0.000522582 0.00347274 0.0157866 0.0491181 0.104652 0.152749 0.152775 0.104783 0.0495588 0.0170594 0.00666723 0.00749495 0.0132926 0.0218843 0.031512 0.0396252 0.0436806 0.0425512 0.0372242 0.0301515 0.0237776 0.0193736 0.0168556 0.0153779
 1.09739e-16 3.79612e-05 0.000368997 0.00245211 0.011147 0.0346826 0.0738961 0.107861 0.107895 0.0740627 0.0352423 0.0127659 0.00652354 0.00928258 0.0170417 0.0283098 0.0412367 0.0528169 0.0599822 0.0612831 0.0576641 0.0516352 0.0455628 0.0404742 0.0360934 0.0316828
 1.08117e-16 6.12083e-05 0.000594967 0.00395376 0.0179732 0.0559215 0.119147 0.173901 0.173913 0.119204 0.0561114 0.0185234 0.00534108 0.00364464 0.00591569 0.00984827 0.0145719 0.0191552 0.0226876 0.0247598 0.0256559 0.0260254 0.0263147 0.026444 0.0259482 0.024384
 1.06177e-16 5.79262e-05 0.000563064 0.00374176 0.0170095 0.052923 0.112759 0.164579 0.1646 0.112863 0.053272 0.0180179 0.00627377 0.00609363 0.0105713 0.0174122 0.0251465 0.0317806 0.0353364 0.0349394 0.0313492 0.0264367 0.0220279 0.0190118 0.0172353 0.0159992
 1.10591e-16 3.1121e-05 0.000302507 0.00201027 0.00913841 0.0284332 0.0605815 0.0884293 0.0884716 0.0607882 0.0291277 0.0111459 0.00705537 0.011336 0.0210446 0.0348963 0.0506295 0.064433 0.0724231 0.0727967 0.0668446 0.0579321 0.0493174 0.0425516 0.0374073 0.0328726
 1.18994e-16 3.70331e-05 0.000359975 0.00239216 0.0108744 0.0338345 0.0720888 0.10522 0.10524 0.0721886 0.0341708 0.0118503 0.00485933 0.00580403 0.0105481 0.0178314 0.0267479 0.035886 0.0438012 0.0498188 0.0542811 0.0579339 0.0609997 0.0627873 0.062145 0.0582993
 1.07995e-16 6.84957e-05 0.000665803 0.0044245 0.0201131 0.0625794 0.133332 0.194604 0.194611 0.133368 0.0627003 0.020463 0.00530575 0.00259943 0.00377057 0.00620581 0.0091301 0.0119157 0.0139931 0.0151574 0.0156974 0.0161647 0.0169541 0.0180264 0.0189531 0.0191957
pSPR Fmed_Fpbrs
0.849681   0.6 0.325
Fs Fmed_Fpbrs
0.0754584   0.248995 0.595804
SSBpbr Bo_Bmed_Bpbrs
4.23566e+06  3.38718e+06  2.32961e+06 1.16481e+06
Ro
404903
SPR SPRFo_SPRFmed_SPRFpbrs
2.89004e+06 2.45561e+06 939264
Fref
0.248995
Nvult_r0
 505757 46055.6 21302.1 24669.3 10409.4
CTP_r0
 29681 2703.37 1250.39 1448.04 611.013
YTP_r0
391295
Np
 591366 169609 76617.1 6976.83 4152.46
Nvult_p0
 421758 120966 54643.8 4975.92 2961.56
CTP_p0
 84065.9 37984.1 3458.88 1599.83 2493.09
 84065.9 24115.3 10893.6 991.981 590.406
YTP_p0
 1.4362e+06 1.30862e+06
CBA_c0
1.39792e+06
log_Ro
12.7314
likeval ReclasPelacesDesembMPH_pf_preclas_ppelaces_ptallas_desvR_qrecl_qpela
 20.3542 18.2168 0.157443 67.9122 245.982 126.139 99.4598 0 21.0391 6.51277e-05 4.60795e-05 0.78969 9.94997e-16 0 0
q_reclas_q_pelaces
0.318677 0.380696
M
1
N
 393606 97939.1 464732 22991.4 0.658844
 242180 138620 34491.8 163667 8097.23
 227489 82492.6 47216.6 11748.6 58506.4
 482488 77721.2 28183 16131.2 24002.1
 393621 159613 25710.6 9323.12 13276.4
 666692 139747 56667.2 9128 8023.45
 285198 228754 47949.2 19443.3 5884.89
 147768 91166.1 73121.1 15326.9 8096.14
 134942 53270.6 32865.4 26360.2 8444.02
 176995 45964.5 18145 11194.6 11855
 329140 59259.9 15389.1 6075.01 7717.07
 189899 118162 21274.4 5524.71 4951.38
 161455 59926.4 37287.3 6713.34 3305.83
 264150 49929.1 18531.3 11530.5 3098.27
 208070 79525.4 15031.1 5578.82 4403.98
 948749 67288 25717.1 4860.79 3228.26
 223915 306930 21767.8 8319.52 2616.82
 1.67163e+06 75484.6 103468 7338.06 3686.71
 1.12067e+06 565562 25538.2 35005.7 3729.93
 662860 368643 186037 8400.57 12741.7
 768051 220978 122893 62018 7048.09
 993256 259119 74550.6 41459.8 23300.6
 260443 319802 83427.1 24002.6 20850.5
 978614 88304.1 108428 28285.7 15207.3
 794889 339610 30643.9 37627.5 15093.3
 361333 275891 117871 10635.8 18298.2
 796807 126954 96933.5 41413.6 10165.9
 885350 277612 44231.1 33771.8 17970.3
 268297 310710 97425.8 15522.6 18158.5
 203656 94197.9 109088 34205.5 11825.2
 772908 70382.7 32554 37699.9 15907.8
pred_Ctot
 10656.7 2652.2 12585 622.608 0.0178415
 11413 6533.92 1625.79 7714.56 381.668
 10315.7 3741.47 2141.52 532.86 2653.57
 30997.7 4994.24 1811 1036.57 1542.34
 8715.59 3534.91 569.406 206.476 294.027
 28527.4 5980.94 2425.26 390.662 343.389
 23903.3 19176.4 4019.56 1629.92 493.328
 1876.42 1157.91 928.717 194.669 102.83
 6359.52 2511.04 1549.19 1242.55 398.029
 10135 2632.51 1039.21 641.143 678.966
 5030.06 905.823 235.232 92.8601 117.96
 17283.5 10756.6 1936.66 502.927 450.736
 16498.6 6124.92 3811.04 686.154 337.881
 30827.2 5828.01 2163.08 1345.91 361.648
 16074 6144.8 1161.43 431.066 340.288
 73094.9 5185.13 1981.73 374.566 248.766
 11922.4 16345.9 1159.27 443.065 139.361
 85461.6 3859.9 5290.84 375.232 188.52
 75653.4 38187.2 1724.36 2363.61 251.848
 39622.1 22039.9 11122.5 502.241 761.784
 40547.3 11668.4 6489.12 3274.75 372.162
 79205.7 20667.2 5946.11 3306.8 1858.44
 12986.6 15949.6 4160.79 1197.09 1039.89
 35224.3 3179.08 3903.56 1018.33 547.486
 28542.2 12196.9 1100.56 1351.37 542.069
 10301.1 7866.93 3361.04 303.276 521.766
 26782 4268.02 3258.76 1392.26 341.761
 25859.7 8110.26 1292.18 986.622 524.993
 7767.05 8996.75 2821 449.463 525.787
 7837.72 3625.96 4199.12 1316.67 455.186
 29681 2703.37 1250.39 1448.04 611.013
F
 0.043616 0.0436252 0.0436252 0.0436252 0.0436252
 0.076972 0.0769882 0.0769882 0.0769882 0.0769882
 0.0739732 0.0739887 0.0739887 0.0739887 0.0739887
 0.106201 0.106223 0.106223 0.106223 0.106223
 0.035551 0.0355585 0.0355585 0.0355585 0.0355585
 0.0696793 0.0696939 0.0696939 0.0696939 0.0696939
 0.140501 0.140531 0.140531 0.140531 0.140531
 0.0202591 0.0202634 0.0202634 0.0202634 0.0202634
 0.0769751 0.0769912 0.0769912 0.0769912 0.0769912
 0.0941906 0.0942104 0.0942104 0.0942104 0.0942104
 0.024424 0.0244291 0.0244291 0.0244291 0.0244291
 0.153374 0.153406 0.153406 0.153406 0.153406
 0.173621 0.173657 0.173657 0.173657 0.173657
 0.20044 0.200482 0.200482 0.200482 0.200482
 0.128893 0.12892 0.12892 0.12892 0.12892
 0.128524 0.128551 0.128551 0.128551 0.128551
 0.0873386 0.0873569 0.0873569 0.0873569 0.0873569
 0.0837359 0.0837535 0.0837535 0.0837535 0.0837535
 0.111852 0.111875 0.111875 0.111875 0.111875
 0.0984988 0.0985195 0.0985195 0.0985195 0.0985195
 0.0865685 0.0865866 0.0865866 0.0865866 0.0865866
 0.133287 0.133315 0.133315 0.133315 0.133315
 0.0815982 0.0816153 0.0816153 0.0816153 0.0816153
 0.0583396 0.0583519 0.0583519 0.0583519 0.0583519
 0.0581954 0.0582076 0.0582076 0.0582076 0.0582076
 0.0459714 0.0459811 0.0459811 0.0459811 0.0459811
 0.0543892 0.0544006 0.0544006 0.0544006 0.0544006
 0.0471221 0.047132 0.047132 0.047132 0.047132
 0.0466961 0.0467059 0.0467059 0.0467059 0.0467059
 0.0624841 0.0624972 0.0624972 0.0624972 0.0624972
 0.0623452 0.0623583 0.0623583 0.0623583 0.0623583
YTP_r0W_actual
 246353 38117.6 34510.7 49523 22790.8
YTP_p0W_proyectada
 629653 595212 80003.8 46987 84341.3
 629653 377887 251969 29134.5 19973.4
CTP_r0_actual
 29681 2703.37 1250.39 1448.04 611.013
CTP_p0_proyectada
 84065.9 37984.1 3458.88 1599.83 2493.09
 84065.9 24115.3 10893.6 991.981 590.406
Wmedp
 7.49 15.67 23.13 29.37 33.83
Frms_r0
 0.0623452 0.0623583 0.0623583 0.0623583 0.0623583
Zrms_r0
 1.06235 1.06236 1.06236 1.06236 1.06236
nmprior
 8.19 8.8 8.5 0
nm_flota  nm_reclas  nm_pelaces    nm_pelaL
inf 10.4552 16.5455 38.3957
cv_recla  cv_pelaces  cv_mph
0.408087 0.483959 0.762958
 ------------------------------------------------
Talla a la edad & desviaci?n 
 8 13.2811 15.8009 17.003 17.5766
 0.8 1.32811 1.58009 1.7003 1.75766
