years
 1991 1992 1993 1994 1995 1996 1997 1998 1999 2000 2001 2002 2003 2004 2005 2006 2007 2008 2009 2010 2011 2012 2013 2014 2015 2016 2017 2018 2019 2020 2021
reclasobs
 0 0 0 0 0 0 0 0 0 252601 567819 844713 477998 351125 339783 2.1784e+06 2.13404e+06 4.81314e+06 1.55562e+06 2.62356e+06 3.21686e+06 3.843e+06 1.13348e+06 3.07943e+06 1.97215e+06 2.03268e+06 2.025e+06 2.42433e+06 2.27542e+06 1.05018e+06 2.36338e+06
reclaspred
 3.44223e+06 2.02071e+06 1.03131e+06 1.01872e+06 1.02709e+06 1.56167e+06 1.1835e+06 1.11248e+06 841319 664715 654520 625469 515370 581292 594612 1.21135e+06 1.24915e+06 2.67572e+06 2.53648e+06 1.92596e+06 2.90104e+06 1.94998e+06 1.56425e+06 2.71134e+06 2.17884e+06 1.98886e+06 2.31829e+06 2.4017e+06 2.0627e+06 1.38593e+06 1.90724e+06
pelacesobs
 0 0 0 0 0 0 0 0 0 0 0 0 0 0 0 552880 188675 0 991730 2.46772e+06 1.41603e+06 1.21717e+06 2.29649e+06 1.80582e+06 0 1.4828e+06 1.56532e+06 1.57751e+06 1.42118e+06 867257 1.10002e+06
pelacespred
 1.99852e+06 1.33765e+06 708276 566995 561540 885493 678251 699971 546605 421788 409387 343195 306519 386480 385446 638205 651198 1.5578e+06 1.57674e+06 1.15003e+06 1.50949e+06 1.24746e+06 929313 1.71409e+06 1.32808e+06 1.2048e+06 1.59403e+06 1.63713e+06 1.15919e+06 896044 1.22709e+06
mphobs
 0 0 0 0 0 0 0 0 0 0 0 498337 0 5186 125008 0 168611 109162 213762 579715 649985 157893 87575 83554 0 0 0 0 0 0 0
mphpred
 504684 342336 181163 97102.2 110098 120011 164682 128505 110193 84329.6 60424.1 74997.7 63525.7 46693.9 51211.5 62308.1 142718 142506 272247 248161 261373 253724 202150 167505 269384 235204 199938 209923 281838 203982 134631
desembarqueobs
 494567 514787 250237 358949 120608 361735 552515 73892 212993 205616 52469 317467 293654 387597 252695 516296 358380 742168 942051 627588 828172 859565 418607 520667 417249 300574 415391 372974 316634 284311 391294
desembarquepred
 494569 512785 251276 358955 120609 361737 552530 73892.8 213005 205625 52469 317550 293759 387595 252696 516295 358396 742139 941957 627552 828244 859656 418621 520672 417248 300575 415391 372970 316633 284315 391294
Reclutas
 427103 262913 248031 526371 430317 728417 312160 162892 148780 194994 362248 208360 177987 285850 228588 1.03897e+06 247170 1.82934e+06 1.22269e+06 722565 842087 1.08649e+06 286393 1.07787e+06 874395 398146 878261 975944 295608 224630 853058
log_desv_Rt
 -0.038996 -0.524197 -0.582468 0.169986 -0.0314969 0.494853 -0.352506 -1.00294 -1.09355 -0.823052 -0.203692 -0.756752 -0.914311 -0.440554 -0.664098 0.849964 -0.585944 1.41569 1.01279 0.486787 0.639863 0.894687 -0.438656 0.88672 0.677512 -0.109201 0.681923 0.787385 -0.406985 -0.681567 0.652807
SSB
 1.08866e+07 7.3846e+06 3.9079e+06 2.09461e+06 2.37494e+06 2.58879e+06 3.55238e+06 2.772e+06 2.377e+06 1.81909e+06 1.30342e+06 1.61779e+06 1.37033e+06 1.00724e+06 1.10469e+06 1.34406e+06 3.07859e+06 3.07403e+06 5.8727e+06 5.35312e+06 5.63814e+06 5.47312e+06 4.36062e+06 3.61329e+06 5.81094e+06 5.07363e+06 4.3129e+06 4.52828e+06 6.07958e+06 4.40014e+06 2.90416e+06
BT
 1.38813e+07 9.52497e+06 5.03191e+06 4.12784e+06 3.87719e+06 6.27393e+06 5.06584e+06 4.77736e+06 3.89168e+06 3.04121e+06 2.80283e+06 2.58673e+06 2.34248e+06 3.01745e+06 2.85211e+06 4.7237e+06 4.67169e+06 1.11517e+07 1.1528e+07 8.32279e+06 1.08256e+07 9.26334e+06 6.63801e+06 1.20367e+07 9.32489e+06 8.38238e+06 1.11611e+07 1.14011e+07 8.06941e+06 6.31084e+06 8.64244e+06
Ftot
 0.0393381 0.0693003 0.0665534 0.0959979 0.0321707 0.0632901 0.126838 0.0182184 0.0691417 0.0843661 0.0219808 0.137794 0.154461 0.180246 0.115578 0.115912 0.0782909 0.0757016 0.10113 0.0888297 0.0779079 0.11985 0.0730595 0.0525192 0.0523735 0.0413714 0.0490182 0.0425074 0.0420193 0.0560871 0.056092
BD_Bspro_t
 0.993726 0.950824 0.892446 0.852014 0.849213 0.880817 0.880127 0.820219 0.848214 0.839802 0.832664 0.896516 0.81336 0.73991 0.739614 0.770125 0.827137 0.820368 0.868464 0.837079 0.817182 0.814075 0.802368 0.80277 0.879181 0.885823 0.890814 0.90526 0.921742 0.897937 0.873553
BD_Bspro
 3.43457 2.32973 1.23288 0.660818 0.749257 0.816725 1.12072 0.874524 0.749909 0.573896 0.41121 0.510388 0.432317 0.31777 0.348514 0.424031 0.971249 0.969811 1.85275 1.68883 1.77875 1.72669 1.37571 1.13994 1.83326 1.60065 1.36065 1.4286 1.91802 1.38818 0.916219
BD_Bo
 2.34449 1.59031 0.841586 0.451084 0.511454 0.557509 0.765022 0.596963 0.511899 0.39175 0.280698 0.348399 0.295106 0.216915 0.237901 0.28945 0.662989 0.662008 1.26471 1.15282 1.2142 1.17866 0.939081 0.77814 1.25141 1.09263 0.928803 0.975187 1.30927 0.947591 0.625425
BD_Brms
 4.2627 2.89147 1.53016 0.820153 0.929917 1.01365 1.39095 1.08539 0.930725 0.712272 0.51036 0.633452 0.536557 0.394391 0.432547 0.526273 1.20543 1.20365 2.29948 2.09604 2.20764 2.14302 1.70742 1.4148 2.2753 1.9866 1.68873 1.77307 2.38049 1.72289 1.13714
Sel_flota
 1 1 1 1 1
 1 1 1 1 1
 1 1 1 1 1
 1 1 1 1 1
 1 1 1 1 1
 1 1 1 1 1
 1 1 1 1 1
 1 1 1 1 1
 1 1 1 1 1
 1 1 1 1 1
 1 1 1 1 1
 1 1 1 1 1
 1 1 1 1 1
 1 1 1 1 1
 1 1 1 1 1
 1 1 1 1 1
 1 1 1 1 1
 1 1 1 1 1
 1 1 1 1 1
 1 1 1 1 1
 1 1 1 1 1
 1 1 1 1 1
 1 1 1 1 1
 1 1 1 1 1
 1 1 1 1 1
 1 1 1 1 1
 1 1 1 1 1
 1 1 1 1 1
 1 1 1 1 1
 1 1 1 1 1
 1 1 1 1 1
Sel_reclas
 1 1 1 1 1
 1 1 1 1 1
 1 1 1 1 1
 1 1 1 1 1
 1 1 1 1 1
 1 1 1 1 1
 1 1 1 1 1
 1 1 1 1 1
 1 1 1 1 1
 1 1 1 1 1
 1 1 1 1 1
 1 1 1 1 1
 1 1 1 1 1
 1 1 1 1 1
 1 1 1 1 1
 1 1 1 1 1
 1 1 1 1 1
 1 1 1 1 1
 1 1 1 1 1
 1 1 1 1 1
 1 1 1 1 1
 1 1 1 1 1
 1 1 1 1 1
 1 1 1 1 1
 1 1 1 1 1
 1 1 1 1 1
 1 1 1 1 1
 1 1 1 1 1
 1 1 1 1 1
 1 1 1 1 1
 1 1 1 1 1
Sel_pelaces
 1 1 1 1 1
 1 1 1 1 1
 1 1 1 1 1
 1 1 1 1 1
 1 1 1 1 1
 1 1 1 1 1
 1 1 1 1 1
 1 1 1 1 1
 1 1 1 1 1
 1 1 1 1 1
 1 1 1 1 1
 1 1 1 1 1
 1 1 1 1 1
 1 1 1 1 1
 1 1 1 1 1
 1 1 1 1 1
 1 1 1 1 1
 1 1 1 1 1
 1 1 1 1 1
 1 1 1 1 1
 1 1 1 1 1
 1 1 1 1 1
 1 1 1 1 1
 1 1 1 1 1
 1 1 1 1 1
 1 1 1 1 1
 1 1 1 1 1
 1 1 1 1 1
 1 1 1 1 1
 1 1 1 1 1
 1 1 1 1 1
pf_obs 
 0.8446 0.082 0.0669 0.0065 0
 0.8095 0.147 0.0364 0.0071 0
 0.9664 0.0169 0.016 0.0007 0
 0.9276 0.0648 0.0075 0.0001 0
 0.7033 0.2144 0.0806 0.0017 0
 0.9318 0.0425 0.0243 0.0014 0
 0.5671 0.3108 0.0964 0.0239 0.0018
 0.0768 0.2599 0.5324 0.112 0.0189
 0.490249 0.384438 0.106611 0.0170017 0.00170017
 0.7925 0.1577 0.0466 0.003 0.0002
 0.840416 0.127587 0.0312969 0.00059994 9.999e-05
 0.8084 0.0986 0.0794 0.0134 0.0002
 0.7335 0.1905 0.0724 0.0035 0.0001
 0.4001 0.4547 0.1325 0.0127 0
 0.49795 0.308269 0.164784 0.0264974 0.00249975
 0.9179 0.0499 0.0305 0.0017 0
 0.2467 0.6533 0.0926 0.0074 0
 0.9418 0.0223 0.034 0.0019 0
 0.707729 0.231977 0.0356964 0.0245975 0
 0.517169 0.277429 0.184464 0.0207286 0.00020938
 0.811772 0.124168 0.05621 0.00726502 0.000585176
 0.764997 0.148141 0.077277 0.00933861 0.000247198
 0.163321 0.427699 0.378323 0.0303852 0.000271297
 0.753843 0.0900009 0.118128 0.0371064 0.000921714
 0.721811 0.176058 0.0630433 0.0369309 0.00215725
 0.143369 0.312575 0.442814 0.0836902 0.0175525
 0.692698 0.0596174 0.167031 0.0765114 0.00414204
 0.394062 0.376323 0.152708 0.0712218 0.00568511
 0.125707 0.32114 0.495352 0.0537591 0.00404204
 0.23352 0.215282 0.420074 0.123614 0.00750983
 0.796117 0.104755 0.0508955 0.0450114 0.00322123
pf_pred 
 0.396834 0.0991167 0.48052 0.0235293 6.69935e-07
 0.408517 0.234721 0.0586259 0.284219 0.0139176
 0.52892 0.192444 0.110572 0.0276175 0.140447
 0.765323 0.124125 0.0451622 0.0259488 0.0394408
 0.651822 0.266469 0.0432177 0.0157245 0.0227672
 0.755938 0.159085 0.0650349 0.0105478 0.00939436
 0.484039 0.390034 0.0820816 0.0335554 0.0102894
 0.438025 0.272018 0.21919 0.0461278 0.0246397
 0.525508 0.207839 0.12907 0.104004 0.0335786
 0.667357 0.174807 0.0691364 0.0429344 0.0457658
 0.785716 0.143004 0.0374582 0.0148148 0.019007
 0.556696 0.348312 0.0633941 0.0166054 0.0149934
 0.597365 0.224145 0.140242 0.0255247 0.0127228
 0.752686 0.147737 0.0554342 0.0346839 0.00945912
 0.662084 0.254345 0.0499226 0.0187321 0.0149166
 0.90179 0.0650231 0.0249791 0.00490288 0.00330463
 0.395711 0.544942 0.0392928 0.0150946 0.00495971
 0.895935 0.0411795 0.0567093 0.00408899 0.00208695
 0.637125 0.325112 0.014943 0.0205784 0.00224109
 0.531046 0.298783 0.152463 0.00700759 0.0107013
 0.647712 0.187081 0.105258 0.0537108 0.00623862
 0.710625 0.187432 0.0541365 0.0304589 0.0173479
 0.364681 0.451474 0.119079 0.0343939 0.0303725
 0.800545 0.0727375 0.0900486 0.0237508 0.012918
 0.650412 0.279861 0.0254282 0.03148 0.012819
 0.45897 0.351892 0.151413 0.0137574 0.0239671
 0.74149 0.118649 0.0909678 0.0391419 0.00975217
 0.701696 0.221189 0.0353933 0.0271361 0.0145853
 0.376104 0.437785 0.137999 0.0220818 0.0260298
 0.44758 0.207767 0.241841 0.0762335 0.0265778
 0.830132 0.0760296 0.0352931 0.0410811 0.0174644
pobs_RECLAS
 0 0 0 0 0
 0 0 0 0 0
 0 0 0 0 0
 0 0 0 0 0
 0 0 0 0 0
 0 0 0 0 0
 0 0 0 0 0
 0 0 0 0 0
 0 0 0 0 0
 0 0 0 0 0
 0.991045 0.00858322 0.000360255 1.14367e-05 0
 0.934742 0.0480273 0.0164251 0.00080598 0
 0.827803 0.169806 0.00239088 0 0
 0.941827 0.0461693 0.0120037 0 0
 0.791401 0.0380133 0.147996 0.0225897 0
 0.846168 0.0940531 0.0597789 0 0
 0.134021 0.677848 0.182769 0.00536245 0
 0.80878 0.0450904 0.141981 0.00414843 0
 0.846168 0.0940531 0.0597789 0 0
 0.905697 0.0802665 0.012482 0.00150086 5.37128e-05
 0.989698 0.0102097 9.19794e-05 0 0
 0.975433 0.0193895 0.00387452 0.00125025 5.28907e-05
 0.303575 0.632131 0.0575291 0.00676475 0
 0.966965 0.00978017 0.0227588 0.000495775 0
 0.843318 0.132988 0.00938335 0.0141283 0.000182051
 0.564624 0.303363 0.111486 0.0197234 0.00080311
 0.826376 0.0876187 0.0782897 0.00655872 0.00115652
 0.89761 0.0855135 0.0140674 0.00269457 0.000114338
 0.34875 0.467042 0.161289 0.0227151 0.000203297
 0.318654 0.224769 0.449479 0.00709798 0
 0.937255 0.0296025 0.0250945 0.00804832 0
ppred_RECLAS
 0.396834 0.0991167 0.48052 0.0235293 6.69935e-07
 0.408517 0.234721 0.0586259 0.284219 0.0139176
 0.52892 0.192444 0.110572 0.0276175 0.140447
 0.765323 0.124125 0.0451622 0.0259488 0.0394408
 0.651822 0.266469 0.0432177 0.0157245 0.0227672
 0.755938 0.159085 0.0650349 0.0105478 0.00939436
 0.484039 0.390034 0.0820816 0.0335554 0.0102894
 0.438025 0.272018 0.21919 0.0461278 0.0246397
 0.525508 0.207839 0.12907 0.104004 0.0335786
 0.667357 0.174807 0.0691364 0.0429344 0.0457658
 0.785716 0.143004 0.0374582 0.0148148 0.019007
 0.556696 0.348312 0.0633941 0.0166054 0.0149934
 0.597365 0.224145 0.140242 0.0255247 0.0127228
 0.752686 0.147737 0.0554342 0.0346839 0.00945912
 0.662084 0.254345 0.0499226 0.0187321 0.0149166
 0.90179 0.0650231 0.0249791 0.00490288 0.00330463
 0.395711 0.544942 0.0392928 0.0150946 0.00495971
 0.895935 0.0411795 0.0567093 0.00408899 0.00208695
 0.637125 0.325112 0.014943 0.0205784 0.00224109
 0.531046 0.298783 0.152463 0.00700759 0.0107013
 0.647712 0.187081 0.105258 0.0537108 0.00623862
 0.710625 0.187432 0.0541365 0.0304589 0.0173479
 0.364681 0.451474 0.119079 0.0343939 0.0303725
 0.800545 0.0727375 0.0900486 0.0237508 0.012918
 0.650412 0.279861 0.0254282 0.03148 0.012819
 0.45897 0.351892 0.151413 0.0137574 0.0239671
 0.74149 0.118649 0.0909678 0.0391419 0.00975217
 0.701696 0.221189 0.0353933 0.0271361 0.0145853
 0.376104 0.437785 0.137999 0.0220818 0.0260298
 0.44758 0.207767 0.241841 0.0762335 0.0265778
 0.830132 0.0760296 0.0352931 0.0410811 0.0174644
pobs_PELACES
 0 0 0 0 0
 0 0 0 0 0
 0 0 0 0 0
 0 0 0 0 0
 0 0 0 0 0
 0 0 0 0 0
 0 0 0 0 0
 0 0 0 0 0
 0 0 0 0 0
 0 0 0 0 0
 0 0 0 0 0
 0 0 0 0 0
 0 0 0 0 0
 0 0 0 0 0
 0 0 0 0 0
 0 0 0 0 0
 0.505614 0.472636 0.0217494 0 0
 0 0 0 0 0
 0.443492 0.261883 0.143347 0.151278 0
 0.227955 0.32914 0.350689 0.0885471 0.00366901
 0.970185 0.0296113 0.000203453 0 0
 0.997202 0.00247181 0.000326279 0 0
 0.445219 0.490057 0.0546422 0.010081 0
 0.90214 0.0892962 0.00764917 0.000914606 0
 0 0 0 0 0
 0.581667 0.319106 0.0959925 0.00289975 0.000334073
 0.762889 0.0836404 0.116647 0.0363945 0.000428098
 0.88444 0.0763242 0.0277011 0.0115352 0
 0.521256 0.241999 0.230069 0.00667565 0
 0.616807 0.101726 0.260614 0.0208532 0
 0.833518 0.0704572 0.0857862 0.0102388 0
ppred_PELACES
 0.396834 0.0991167 0.48052 0.0235293 6.69935e-07
 0.408517 0.234721 0.0586259 0.284219 0.0139176
 0.52892 0.192444 0.110572 0.0276175 0.140447
 0.765323 0.124125 0.0451622 0.0259488 0.0394408
 0.651822 0.266469 0.0432177 0.0157245 0.0227672
 0.755938 0.159085 0.0650349 0.0105478 0.00939436
 0.484039 0.390034 0.0820816 0.0335554 0.0102894
 0.438025 0.272018 0.21919 0.0461278 0.0246397
 0.525508 0.207839 0.12907 0.104004 0.0335786
 0.667357 0.174807 0.0691364 0.0429344 0.0457658
 0.785716 0.143004 0.0374582 0.0148148 0.019007
 0.556696 0.348312 0.0633941 0.0166054 0.0149934
 0.597365 0.224145 0.140242 0.0255247 0.0127228
 0.752686 0.147737 0.0554342 0.0346839 0.00945912
 0.662084 0.254345 0.0499226 0.0187321 0.0149166
 0.90179 0.0650231 0.0249791 0.00490288 0.00330463
 0.395711 0.544942 0.0392928 0.0150946 0.00495971
 0.895935 0.0411795 0.0567093 0.00408899 0.00208695
 0.637125 0.325112 0.014943 0.0205784 0.00224109
 0.531046 0.298783 0.152463 0.00700759 0.0107013
 0.647712 0.187081 0.105258 0.0537108 0.00623862
 0.710625 0.187432 0.0541365 0.0304589 0.0173479
 0.364681 0.451474 0.119079 0.0343939 0.0303725
 0.800545 0.0727375 0.0900486 0.0237508 0.012918
 0.650412 0.279861 0.0254282 0.03148 0.012819
 0.45897 0.351892 0.151413 0.0137574 0.0239671
 0.74149 0.118649 0.0909678 0.0391419 0.00975217
 0.701696 0.221189 0.0353933 0.0271361 0.0145853
 0.376104 0.437785 0.137999 0.0220818 0.0260298
 0.44758 0.207767 0.241841 0.0762335 0.0265778
 0.830132 0.0760296 0.0352931 0.0410811 0.0174644
pobs_pel_tallas
 0 0 0 0 0 0 0 0 0 0 0 0 0 0 0 0 0 0 0 0 0 0 0 0 0 0
 0 0 0 0 0 0 0 0 0 0 0 0 0 0 0 0 0 0 0 0 0 0 0 0 0 0
 0 0 0 0 0 0 0 0 0 0 0 0 0 0 0 0 0 0 0 0 0 0 0 0 0 0
 0 0 0 0 0 0 0 0 0 0 0 0 0 0 0 0 0 0 0 0 0 0 0 0 0 0
 0 0 0 0 0 0 0 0 0 0 0 0 0 0 0 0 0 0 0 0 0 0 0 0 0 0
 0 0 0 0 0 0 0 0 0 0 0 0 0 0 0 0 0 0 0 0 0 0 0 0 0 0
 0 0 0 0 0 0 0 0 0 0 0 0 0 0 0 0 0 0 0 0 0 0 0 0 0 0
 0 0 0 0 0 0 0 0 0 0 0 0 0 0 0 0 0 0 0 0 0 0 0 0 0 0
 0 0 0 0 0 0 0 0 0 0 0 0 0 0 0 0 0 0 0 0 0 0 0 0 0 0
 0 0 0 0 0 0 0 0 0 0 0 0 0 0 0 0 0 0 0 0 0 0 0 0 0 0
 0 0 0 0 0 0 0 0 0 0 0 0 0 0 0 0 0 0 0 0 0 0 0 0 0 0
 0 0 0 0 0 0 0 0 0 0 0 0 0 0 0 0 0 0 0 0 0 0 0 0 0 0
 0.00862536 0 0 0.000197151 0.00414017 0.0128641 0.00837892 0.0270097 0.101434 0.158115 0.152841 0.127902 0.109271 0.109419 0.0830992 0.0579132 0.0238553 0.00714673 0.00463305 0.00128148 0.00103504 0.000492878 0.000147863 0.000147863 4.92878e-05 0
 0 0 0 0 0 0 0 0 0 0 0 0 0 0 0 0 0 0 0 0 0 0 0 0 0 0
 0 0 0 0 0 0 0 0.0054083 0.00873648 0.0413646 0.0450493 0.0745869 0.0622846 0.0627006 0.0613931 0.0827291 0.12552 0.122667 0.0946155 0.0697135 0.0546179 0.0294188 0.0215738 0.0213955 0.0102223 0.00600262
 0 0 0 0 0.00359764 0.0251062 0.0480494 0.140153 0.205849 0.193036 0.1447 0.116669 0.0760912 0.0342217 0.00950174 0.001854 0.000860785 0 0 0 0.000165536 0 0.000143464 0 0 0
 0 0 0 0 0 0 0 0.000145254 0.000435761 0.0275982 0.070085 0.0708112 0.156366 0.174668 0.174014 0.160142 0.0824315 0.0480064 0.0283245 0.00493863 0.00203355 0 0 0 0 0
 0 0 0 0 0 0 0 0 0 0 0 0 0 0 0 0 0 0 0 0 0 0 0 0 0 0
 0 0 1.00437e-05 0.000401748 0.00122533 0.00171747 0.00176769 0.0269171 0.070346 0.194647 0.189555 0.159765 0.064822 0.0314167 0.0384472 0.0292271 0.0345202 0.0313363 0.0194345 0.0106764 0.0143323 0.0359363 0.0279516 0.0138201 0.00172751 0
 0 0.0021121 0.0136068 0.0755702 0.200478 0.177729 0.0527432 0.0373336 0.0318909 0.0142505 0.0149659 0.0166563 0.0217959 0.0798694 0.0677717 0.0528807 0.04013 0.0224614 0.0357745 0.0225083 0.00881397 0.00855152 0.00135912 0.000746735 0 0
 0 0 0 0 5.4009e-05 0.00500934 0.000945158 0.0243581 0.138947 0.33067 0.221406 0.137944 0.0707744 0.0437923 0.0131692 0.00525238 0.0047753 0.00276346 9.45158e-05 9.00151e-06 2.25038e-05 9.00151e-06 4.50075e-06 0 0 0
 0.000866109 0.00284123 0.00948549 0.0512746 0.133035 0.25785 0.225252 0.132002 0.0553304 0.0519788 0.0540692 0.017754 0.00435017 0.00159236 0.00146478 0.000404838 0.000125132 0.000115318 0.000107957 0.000100596 0 0 0 0 0 0
 0 0 0 0 0.00144013 0.00171154 0.00461396 0.0210425 0.0478622 0.0707936 0.0888783 0.103762 0.0637923 0.0337046 0.0602308 0.124433 0.169614 0.0934646 0.0462172 0.0250306 0.0313229 0.00938855 0.002487 0.000210481 0 0
 0 0.00764035 0.051015 0.0998891 0.058973 0.0496711 0.0374665 0.0718981 0.12319 0.153886 0.159021 0.0857701 0.0377988 0.023471 0.0147837 0.00900784 0.00315554 0.000888139 0.00291439 0.00214683 0.00393193 0.00274676 0.000635225 9.99891e-05 0 0
 0 0 0 0 0 0 0 0 0 0 0 0 0 0 0 0 0 0 0 0 0 0 0 0 0 0
 0 0 0 0 0 0 0 0 0 0 0 0 0 0 0 0 0 0 0 0 0 0 0 0 0 0
 0 0 0 0 0 0 0 0 0 0 0 0 0 0 0 0 0 0 0 0 0 0 0 0 0 0
 0 0 0 0 0 0 0 0 0 0 0 0 0 0 0 0 0 0 0 0 0 0 0 0 0 0
 0 0 0 0 0 0 0 0 0 0 0 0 0 0 0 0 0 0 0 0 0 0 0 0 0 0
 0 0 0 0 0 0 0 0 0 0 0 0 0 0 0 0 0 0 0 0 0 0 0 0 0 0
 0 0 0 0 0 0 0 0 0 0 0 0 0 0 0 0 0 0 0 0 0 0 0 0 0 0
ppred_pel_tallas
 1.16252e-16 3.26867e-05 0.000317726 0.0021114 0.00959814 0.0298634 0.0636276 0.0928684 0.0928787 0.0636781 0.0300353 0.0101039 0.00341577 0.00328024 0.00599541 0.0107348 0.017492 0.0262133 0.0367019 0.0486085 0.061185 0.0729235 0.0815483 0.0846992 0.0810387 0.0710481
 1.32611e-16 3.3649e-05 0.00032708 0.00217357 0.00988073 0.0307427 0.0655015 0.0956061 0.0956289 0.0656128 0.0311169 0.0109636 0.00490001 0.00630811 0.0114837 0.0191866 0.0282808 0.0370411 0.0438687 0.0483721 0.0517263 0.0558307 0.0618359 0.0691585 0.0756602 0.0787598
 1.29778e-16 4.35664e-05 0.000423481 0.00281418 0.0127929 0.0398035 0.0848062 0.123781 0.1238 0.0848978 0.0401113 0.0136841 0.00505974 0.0053546 0.00949634 0.0158676 0.0234315 0.0307389 0.0364039 0.0399689 0.0422348 0.0446679 0.048318 0.0530771 0.0577418 0.0606811
 1.10612e-16 6.30387e-05 0.000612758 0.00407199 0.0185107 0.0575937 0.12271 0.179101 0.179113 0.122769 0.0577912 0.019082 0.00550902 0.00376022 0.00607221 0.0100244 0.0146435 0.0188764 0.021718 0.022772 0.0225025 0.0218933 0.0217755 0.022345 0.0231636 0.0235253
 1.06746e-16 5.36898e-05 0.000521884 0.0034681 0.0157655 0.0490525 0.104512 0.152544 0.15257 0.104638 0.0494742 0.0169837 0.00652683 0.00720204 0.0127496 0.0210176 0.0303341 0.0382881 0.0424697 0.0417992 0.0371794 0.0308761 0.0251332 0.0210958 0.0186668 0.0170772
 1.04566e-16 6.22656e-05 0.000605244 0.00402206 0.0182837 0.0568875 0.121205 0.176906 0.176921 0.121281 0.0571405 0.0190154 0.00586202 0.00463305 0.00774466 0.012791 0.0186217 0.0238412 0.0270616 0.027634 0.0259966 0.0232972 0.0206135 0.0184066 0.0165334 0.014633
 1.07575e-16 3.98698e-05 0.000387548 0.0025754 0.0117074 0.0364263 0.0776114 0.113284 0.113322 0.0777954 0.0370441 0.0134926 0.00705894 0.0101837 0.01867 0.03087 0.0446273 0.0564678 0.0628748 0.0622394 0.0557988 0.046733 0.0381764 0.0317078 0.027205 0.0237015
 1.15191e-16 3.60796e-05 0.000350707 0.00233057 0.0105944 0.0329634 0.070233 0.102513 0.102539 0.0703627 0.0333998 0.0118586 0.00551824 0.0073575 0.0134848 0.0226072 0.033434 0.0438766 0.0517912 0.0561553 0.057532 0.0573579 0.0566913 0.0555079 0.0530116 0.0484935
 1.19891e-16 4.32854e-05 0.00042075 0.00279603 0.0127104 0.0395468 0.0842593 0.122983 0.123003 0.0843583 0.0398795 0.0136741 0.00522514 0.00575723 0.0102792 0.0171955 0.0254169 0.033372 0.0395182 0.0432506 0.0452388 0.0468058 0.0488373 0.0511146 0.0525169 0.0517969
 1.14091e-16 5.49693e-05 0.000534321 0.00355075 0.0161412 0.0502214 0.107003 0.156177 0.156194 0.107085 0.0504998 0.0169464 0.00557656 0.00497273 0.00853271 0.0141499 0.0206956 0.0267217 0.0308183 0.0324192 0.032151 0.031354 0.0311461 0.0317656 0.0325962 0.0326923
 1.0582e-16 6.47184e-05 0.000629086 0.0041805 0.019004 0.0591284 0.12598 0.183874 0.183888 0.126047 0.0593553 0.0196596 0.00582805 0.0042316 0.00692429 0.0113926 0.0165206 0.0210273 0.0236614 0.0238733 0.0221412 0.0196224 0.0174103 0.01598 0.01515 0.0144256
 1.06122e-16 4.58543e-05 0.000445721 0.00296197 0.0134647 0.0418939 0.0892606 0.130286 0.130319 0.0894248 0.0424452 0.0150575 0.00696145 0.00918104 0.016649 0.027487 0.0396761 0.0500763 0.0555168 0.054545 0.0482816 0.039626 0.0314765 0.0253569 0.0212472 0.0183141
 1.08818e-16 4.92042e-05 0.000478283 0.00317836 0.0144484 0.0449543 0.0957808 0.139799 0.139821 0.0958873 0.0453125 0.015485 0.00578907 0.00620589 0.0110104 0.0183432 0.0269309 0.0349394 0.0405061 0.0427416 0.0421654 0.0401497 0.0378652 0.0356199 0.0330075 0.0295311
 1.06717e-16 6.19978e-05 0.000602641 0.00400476 0.0182051 0.0566428 0.120684 0.176145 0.176159 0.120754 0.0568778 0.0188847 0.00571405 0.00434525 0.00720341 0.0119 0.0173504 0.0222801 0.0254403 0.0262822 0.0252672 0.023489 0.0219178 0.0208711 0.0200368 0.0188808
 1.05909e-16 5.4535e-05 0.0005301 0.0035227 0.0160137 0.0498247 0.106158 0.154945 0.15497 0.106278 0.0502275 0.0171775 0.00644533 0.00691508 0.0121954 0.0201143 0.0290651 0.0367572 0.0408985 0.0404512 0.036246 0.0303895 0.0249573 0.0209919 0.018394 0.0164776
 1.01789e-16 7.42793e-05 0.000722021 0.00479808 0.0218114 0.0678634 0.14459 0.211035 0.211041 0.144621 0.0679668 0.0221103 0.00554959 0.00236675 0.00321028 0.00522208 0.00759139 0.00970613 0.0109939 0.0111893 0.0104748 0.00932662 0.00819443 0.00727434 0.00651118 0.00575488
 1.03627e-16 3.25943e-05 0.000316828 0.00210544 0.00957104 0.0297793 0.06345 0.0926181 0.0926705 0.0637063 0.0306398 0.0120557 0.00833936 0.0139161 0.0258323 0.0425822 0.0611696 0.0765707 0.0836883 0.08018 0.0678761 0.0515795 0.0362486 0.0247341 0.0173643 0.0129731
 1.02411e-16 7.3797e-05 0.000717333 0.00476693 0.0216698 0.0674228 0.143651 0.209664 0.209668 0.143671 0.0674895 0.0218637 0.00525752 0.00180098 0.00216895 0.00356558 0.00535397 0.00720024 0.00880214 0.00999654 0.0108045 0.011322 0.0115613 0.0114023 0.010695 0.00940966
 1.02958e-16 5.24792e-05 0.000510117 0.00338991 0.01541 0.0479465 0.102156 0.149107 0.149138 0.102309 0.0484597 0.0168917 0.00710707 0.00861792 0.015431 0.0253767 0.036435 0.0455815 0.0497807 0.0476577 0.0403414 0.0307395 0.0218366 0.0153216 0.0113302 0.00907247
 1.0699e-16 4.37416e-05 0.000425184 0.0028255 0.0128443 0.0399636 0.0851477 0.124282 0.124311 0.0852894 0.0404396 0.0142214 0.00629041 0.00801608 0.014539 0.0241716 0.0352912 0.0453661 0.0518029 0.0533427 0.0506987 0.0458605 0.0406854 0.0359535 0.0314582 0.0267309
 1.09528e-16 5.33512e-05 0.000518593 0.00344623 0.0156661 0.0487431 0.103853 0.15158 0.151598 0.103942 0.0490419 0.0165308 0.00562382 0.00529552 0.00919449 0.0152981 0.0224643 0.0291693 0.0338932 0.0359514 0.0358476 0.0347805 0.0337225 0.0328343 0.0315918 0.0293593
 1.07601e-16 5.85333e-05 0.000568965 0.00378097 0.0171878 0.0534776 0.11394 0.166303 0.166321 0.114029 0.0537751 0.0180479 0.00594279 0.0052977 0.00906767 0.0149743 0.0217492 0.02775 0.0313533 0.0318456 0.0298412 0.0268181 0.0241484 0.0223878 0.0212507 0.0200831
 1.12141e-16 3.00384e-05 0.000291984 0.00194034 0.00882053 0.0274442 0.0584743 0.0853541 0.0853977 0.0586875 0.0281601 0.0108898 0.00713931 0.0116577 0.0216641 0.0358962 0.052013 0.0660629 0.0740343 0.0740994 0.0676721 0.0583462 0.0496014 0.0430922 0.0385281 0.0347025
 1.07186e-16 6.59398e-05 0.000640959 0.0042594 0.0193626 0.0602443 0.128357 0.187342 0.18735 0.128392 0.0603621 0.0197046 0.00512438 0.00255099 0.00375758 0.0062764 0.00943211 0.0126997 0.0155807 0.0178422 0.0195954 0.0210787 0.0223383 0.0231013 0.0229452 0.021596
 1.06132e-16 5.35736e-05 0.000520754 0.0034606 0.0157314 0.0489463 0.104286 0.152215 0.152242 0.104418 0.0493887 0.0170088 0.00666674 0.00751865 0.0133412 0.0219658 0.0316315 0.0397804 0.0438615 0.042746 0.0374258 0.0303615 0.0240041 0.0196242 0.0171315 0.0156705
 1.09896e-16 3.78048e-05 0.000367476 0.00244201 0.0111011 0.0345397 0.0735917 0.107416 0.10745 0.0737583 0.0350995 0.0127201 0.00651392 0.00928242 0.017045 0.028318 0.0412543 0.0528515 0.0600441 0.0613847 0.057817 0.051847 0.0458335 0.0407944 0.0364456 0.0320442
 1.08232e-16 6.10755e-05 0.000593676 0.00394519 0.0179343 0.0558002 0.118889 0.173524 0.173535 0.118945 0.0559905 0.0184856 0.00533564 0.00365039 0.00592949 0.00987278 0.0146108 0.019212 0.0227655 0.0248628 0.0257891 0.0261938 0.0265206 0.0266842 0.0262126 0.0246568
 1.06268e-16 5.77978e-05 0.000561815 0.00373346 0.0169718 0.0528056 0.112509 0.164214 0.164236 0.112613 0.0531557 0.0179833 0.00627335 0.00610964 0.0106042 0.0174674 0.0252277 0.0318864 0.0354606 0.0350738 0.0314891 0.0265826 0.0221843 0.0191832 0.0174217 0.0161947
 1.10714e-16 3.09793e-05 0.00030113 0.00200111 0.0090968 0.0283038 0.0603057 0.0880268 0.0880691 0.0605126 0.0289986 0.0111055 0.00704925 0.0113415 0.0210581 0.0349207 0.050669 0.0644918 0.0725057 0.0729081 0.0669902 0.0581163 0.0495409 0.0428094 0.0376877 0.0331592
 1.19176e-16 3.68666e-05 0.000358357 0.00238141 0.0108255 0.0336824 0.0717647 0.104747 0.104767 0.0718644 0.0340184 0.0118008 0.0048469 0.00579909 0.0105426 0.0178254 0.0267455 0.035897 0.0438406 0.049905 0.0544318 0.0581611 0.0613049 0.0631596 0.0625621 0.0587315
 1.08114e-16 6.83769e-05 0.000664648 0.00441682 0.0200782 0.0624708 0.133101 0.194266 0.194274 0.133137 0.0625922 0.0204296 0.00530172 0.00260635 0.00378614 0.0062327 0.00917122 0.0119728 0.0140668 0.0152491 0.0158107 0.016305 0.0171269 0.0182333 0.0191894 0.0194493
pSPR Fmed_Fpbrs
0.863338   0.6 0.325
Fs Fmed_Fpbrs
0.0679038   0.248967 0.595728
SSBpbr Bo_Bmed_Bpbrs
4.6435e+06  3.77673e+06  2.55392e+06 1.27696e+06
Ro
444087
SPR SPRFo_SPRFmed_SPRFpbrs
3.16972e+06 2.73654e+06 1.03016e+06
Fref
0.248967
Nvult_r0
 556354 50955 23653.4 27532.5 11704.6
CTP_r0
 29549.5 2706.36 1256.3 1462.33 621.665
YTP_r0
391294
Np
 651589 186876 85095 7793.63 4655.4
Nvult_p0
 464713 133280 60689.7 5558.41 3320.23
CTP_p0
 92635.3 42181.9 3863.33 1793.36 2813.52
 92635.3 26567.9 12097.8 1108.01 661.85
YTP_p0
 1.59204e+06 1.44491e+06
CBA_c0
1.5479e+06
log_Ro
12.8238
likeval ReclasPelacesDesembMPH_pf_preclas_ppelaces_ptallas_desvR_qrecl_qpela
 20.4577 18.213 0.162972 68.4904 246.025 126.473 99.5063 0 20.9896 7.79082e-05 5.71453e-05 0.817938 8.47777e-16 0 0
q_reclas_q_pelaces
0.286287 0.341133
M
1
N
 427103 106677 517172 25324.1 0.721035
 262913 151061 37730.4 182918 8957.09
 248031 90244.5 51851.6 12950.9 65860.8
 526371 85370.4 31061.5 17846.9 27126.4
 430317 175916 28531.3 10380.9 15030.4
 728417 153293 62667.1 10163.8 9052.34
 312160 251535 52934.9 21640.1 6635.67
 162892 101157 81511.6 17153.9 9162.94
 148780 58842.6 36541.9 29445.1 9506.63
 194994 51076.5 20200.8 12544.9 13372.2
 362248 65930.5 17269.8 6830.23 8763.01
 208360 130366 23727.2 6215.07 5611.72
 177987 66784.7 41785.7 7605.16 3790.79
 285850 56106.3 21052.4 13172 3592.32
 228588 87813.9 17236 6467.36 5150.05
 1.03897e+06 74914.3 28778.9 5648.7 3807.32
 247170 340383 24543.2 9428.44 3097.95
 1.82934e+06 84081.4 115790 8349 4261.18
 1.22269e+06 623913 28676.7 39491.3 4300.81
 722565 406537 207448 9534.85 14560.7
 842087 243223 136845 69829.1 8110.8
 1.08649e+06 286568 82770.3 46569.2 26523.5
 286393 354553 93515.3 27010.4 23852.2
 1.07787e+06 97935.1 121243 31978.6 17393
 874395 376238 34185 42320.8 17233.5
 398146 305258 131348 11934.2 20790.9
 878261 140534 107747 46361.8 11551
 975944 307638 49226.4 37741.8 20285.8
 295608 344088 108464 17355.7 20458.8
 224630 104273 121374 38259.8 13338.7
 853058 78129.4 36267.8 42215.7 17946.7
pred_Ctot
 10447.9 2609.57 12651.3 619.487 0.0176382
 11190.5 6429.69 1605.94 7785.61 381.245
 10150.1 3693.05 2121.91 529.986 2695.2
 30696.1 4978.51 1811.4 1040.77 1581.92
 8634.29 3529.75 572.478 208.293 301.583
 28385.4 5973.62 2442.05 396.068 352.757
 23750.6 19138 4027.54 1646.48 504.873
 1861.68 1156.12 931.594 196.051 104.723
 6318.49 2498.97 1551.89 1250.5 403.735
 10041.4 2630.24 1040.26 646.014 688.618
 4987.31 907.712 237.765 94.0366 120.646
 17145.6 10727.6 1952.47 511.429 461.78
 16307 6118.75 3828.36 696.778 347.308
 30243.8 5936.22 2227.41 1393.64 380.078
 15921.2 6116.25 1200.49 450.452 358.702
 72563.2 5232.13 2009.96 394.514 265.909
 11841.3 16306.9 1175.8 451.693 148.415
 84831.2 3899.06 5369.49 387.164 197.602
 74956.5 38248.8 1758.02 2421 263.66
 39106 22002.3 11227.3 516.037 788.04
 40151.2 11597 6524.84 3329.5 386.728
 78334 20661 5967.6 3357.55 1912.3
 12831.2 15884.9 4189.74 1210.14 1068.65
 35010.3 3181.04 3938.11 1038.7 564.944
 28324.2 12187.5 1107.35 1370.9 558.244
 10234.4 7846.69 3376.3 306.771 534.431
 26663.9 4266.59 3271.19 1407.54 350.687
 25763.4 8121.17 1299.5 996.325 535.513
 7715.55 8980.9 2830.97 452.994 533.986
 7780.4 3611.67 4203.99 1325.19 462.008
 29549.5 2706.36 1256.3 1462.33 621.665
F
 0.0393381 0.0393381 0.0393381 0.0393381 0.0393381
 0.0693003 0.0693003 0.0693003 0.0693003 0.0693003
 0.0665534 0.0665534 0.0665534 0.0665534 0.0665534
 0.0959979 0.0959979 0.0959979 0.0959979 0.0959979
 0.0321707 0.0321707 0.0321707 0.0321707 0.0321707
 0.0632901 0.0632901 0.0632901 0.0632901 0.0632901
 0.126838 0.126838 0.126838 0.126838 0.126838
 0.0182184 0.0182184 0.0182184 0.0182184 0.0182184
 0.0691417 0.0691417 0.0691417 0.0691417 0.0691417
 0.0843661 0.0843661 0.0843661 0.0843661 0.0843661
 0.0219808 0.0219808 0.0219808 0.0219808 0.0219808
 0.137794 0.137794 0.137794 0.137794 0.137794
 0.154461 0.154461 0.154461 0.154461 0.154461
 0.180246 0.180246 0.180246 0.180246 0.180246
 0.115578 0.115578 0.115578 0.115578 0.115578
 0.115912 0.115912 0.115912 0.115912 0.115912
 0.0782909 0.0782909 0.0782909 0.0782909 0.0782909
 0.0757016 0.0757016 0.0757016 0.0757016 0.0757016
 0.10113 0.10113 0.10113 0.10113 0.10113
 0.0888297 0.0888297 0.0888297 0.0888297 0.0888297
 0.0779079 0.0779079 0.0779079 0.0779079 0.0779079
 0.11985 0.11985 0.11985 0.11985 0.11985
 0.0730595 0.0730595 0.0730595 0.0730595 0.0730595
 0.0525192 0.0525192 0.0525192 0.0525192 0.0525192
 0.0523735 0.0523735 0.0523735 0.0523735 0.0523735
 0.0413714 0.0413714 0.0413714 0.0413714 0.0413714
 0.0490182 0.0490182 0.0490182 0.0490182 0.0490182
 0.0425074 0.0425074 0.0425074 0.0425074 0.0425074
 0.0420193 0.0420193 0.0420193 0.0420193 0.0420193
 0.0560871 0.0560871 0.0560871 0.0560871 0.0560871
 0.056092 0.056092 0.056092 0.056092 0.056092
YTP_r0W_actual
 245261 38159.7 34673.8 50011.7 23188.1
YTP_p0W_proyectada
 693838 660990 89358.8 52671.1 95181.5
 693838 416318 279822 32542.1 22390.4
CTP_r0_actual
 29549.5 2706.36 1256.3 1462.33 621.665
CTP_p0_proyectada
 92635.3 42181.9 3863.33 1793.36 2813.52
 92635.3 26567.9 12097.8 1108.01 661.85
Wmedp
 7.49 15.67 23.13 29.37 33.83
Frms_r0
 0.056092 0.056092 0.056092 0.056092 0.056092
Zrms_r0
 1.05609 1.05609 1.05609 1.05609 1.05609
nmprior
 8.19 8.8 8.5 0
nm_flota  nm_reclas  nm_pelaces    nm_pelaL
inf 10.4211 16.3553 37.823
cv_recla  cv_pelaces  cv_mph
0.409122 0.483908 0.766199
 ------------------------------------------------
Talla a la edad & desviaci?n 
 8 13.2811 15.8009 17.003 17.5766
 0.8 1.32811 1.58009 1.7003 1.75766
