years
 1991 1992 1993 1994 1995 1996 1997 1998 1999 2000 2001 2002 2003 2004 2005 2006 2007 2008 2009 2010 2011 2012 2013 2014 2015 2016 2017 2018 2019 2020 2021
reclasobs
 0 0 0 0 0 0 0 0 0 252601 567819 844713 477998 351125 339783 2.1784e+06 2.13404e+06 4.81314e+06 1.55562e+06 2.62356e+06 3.21686e+06 3.843e+06 1.13348e+06 3.07943e+06 1.97215e+06 2.03268e+06 2.025e+06 2.42433e+06 2.27542e+06 1.05018e+06 2.36338e+06
reclaspred
 8.77428e+06 2.26305e+06 1.06621e+06 911909 169028 3.04045e+06 1.6192e+06 465679 919026 235464 858620 1.20391e+06 299449 879119 433170 1.7402e+06 998149 3.04964e+06 3.40339e+06 2.51175e+06 2.79053e+06 2.67215e+06 1.3205e+06 3.11328e+06 2.48589e+06 1.54394e+06 1.99891e+06 3.26411e+06 2.95448e+06 760883 1.39515e+06
pelacesobs
 0 0 0 0 0 0 0 0 0 0 0 0 0 0 0 552880 188675 0 991730 2.46772e+06 1.41603e+06 1.21717e+06 2.29649e+06 1.80582e+06 0 1.4828e+06 1.56532e+06 1.57751e+06 1.42118e+06 867257 1.10002e+06
pelacespred
 1.06364e+07 2.53246e+06 651157 384518 72876.5 1.64622e+06 976483 452450 501483 90924.1 470309 633068 106243 437778 196654 724865 502548 1.57996e+06 1.91895e+06 1.40157e+06 1.43485e+06 1.28863e+06 751586 1.92499e+06 1.7281e+06 1.11306e+06 1.3566e+06 2.28955e+06 2.31032e+06 583156 741999
mphobs
 0 0 0 0 0 0 0 0 0 0 0 498337 0 5186 125008 0 168611 109162 213762 579715 649985 157893 87575 83554 0 0 0 0 0 0 0
mphpred
 1.69889e+06 651517 94585.1 150406 57580.4 7768.86 482161 99288.9 30265.5 93634.5 8552.24 165282 90083.2 11074.9 65785.7 31135.2 235174 69150.5 383835 340998 328399 220016 312453 95628.9 423248 284317 125113 231078 563817 225089 36188.8
desembarqueobs
 494567 514787 250237 358949 120608 361735 552515 73892 212993 205616 52469 317467 293654 387597 252695 516296 358380 742168 942051 627588 828172 859565 418607 520667 417249 300574 415391 372974 316634 284311 391294
desembarquepred
 494490 514293 250029 358398 120477 361509 551753 73857.4 212798 205347 52452.3 317064 293196 386865 252285 515649 357943 741157 940108 626250 827455 858199 417856 520233 416709 300182 414905 372624 316221 283581 390943
Reclutas
 9192.4 5629.38 180572 49578.3 6015.97 285902 7359.48 2011.22 54670.3 8017.99 82266.3 83887 30407.8 102504 34539.1 253793 16524.3 345058 311161 197888 151512 390408 16517.1 186540 123318 27340.4 128394 176758 27434.8 11883.8 116816
log_desv_Rt
 -1.73758 -2.22795 1.24018 -0.0524012 -2.16154 1.69969 -1.95997 -3.25721 0.0453658 -1.87427 0.454007 0.473517 -0.541254 0.673943 -0.413863 1.58056 -1.15112 1.88776 1.78436 1.33175 1.06471 2.01124 -1.15156 1.27269 0.858815 -0.647589 0.89915 1.21883 -0.64414 -1.48077 0.804648
SSB
 1.64164e+06 629563 91397.9 145338 55640.1 7507.07 465914 95943.1 29245.7 90479.3 8264.06 159713 87047.7 10701.7 63568.9 30086 227249 66820.3 370901 329508 317333 212602 301924 92406.5 408986 274737 120897 223292 544818 217504 34969.4
BT
 2.04915e+06 907875 418286 376602 113310 1.26768e+06 707554 147338 434877 203064 298139 487785 289266 663087 340460 805720 407895 1.50967e+06 1.68634e+06 1.0014e+06 1.20623e+06 1.29318e+06 526073 1.46728e+06 891736 538608 1.05327e+06 1.38341e+06 778192 391983 763591
Ftot
 0.318138 1.1746 1.17162 1.67316 2.55507 0.611137 1.43998 0.832603 1.14974 2.82984 0.319742 1.21755 3.20816 2.00705 2.37292 1.42411 1.52078 1.19458 1.29012 1.18101 1.37218 1.4998 1.37976 0.847905 0.810958 0.937206 1.03239 0.579851 0.529606 1.67614 1.35993
BD_Bspro_t
 0.950372 0.604892 0.193739 0.280063 0.100785 0.0203893 0.454222 0.136413 0.0686425 0.192679 0.0330037 0.471765 0.202015 0.0323245 0.138478 0.0736222 0.253016 0.092015 0.293783 0.239325 0.193844 0.144741 0.201833 0.0835987 0.309836 0.278581 0.185542 0.321929 0.503766 0.289884 0.0832547
BD_Bspro
 4.40227 1.68825 0.245095 0.389741 0.149206 0.0201311 1.24941 0.257283 0.0784258 0.242631 0.0221611 0.428289 0.233429 0.028698 0.170468 0.0806794 0.609396 0.179187 0.994616 0.883615 0.850967 0.570118 0.809647 0.247799 1.09675 0.73674 0.3242 0.598784 1.46099 0.583263 0.0937747
BD_Bo
 1.18535 0.454575 0.0659938 0.104941 0.0401749 0.00542048 0.336413 0.0692757 0.0211168 0.0653305 0.00596706 0.11532 0.0628527 0.00772718 0.0458999 0.0217236 0.164085 0.0482475 0.267809 0.237921 0.22913 0.153509 0.218004 0.066722 0.295308 0.198373 0.0872936 0.161228 0.393385 0.157048 0.0252496
BD_Brms
 2.15518 0.8265 0.119989 0.190802 0.0730452 0.00985541 0.61166 0.125956 0.0383942 0.118783 0.0108492 0.209673 0.114278 0.0140494 0.0834543 0.0394974 0.298336 0.0877228 0.486925 0.432583 0.4166 0.279108 0.396371 0.121313 0.536923 0.360679 0.158716 0.293141 0.715246 0.285543 0.0459084
Sel_flota
 0.583321 1 1 1 1
 0.583321 1 1 1 1
 0.583321 1 1 1 1
 0.583321 1 1 1 1
 0.583321 1 1 1 1
 0.583321 1 1 1 1
 0.583321 1 1 1 1
 0.583321 1 1 1 1
 0.583321 1 1 1 1
 0.583321 1 1 1 1
 0.583321 1 1 1 1
 0.583321 1 1 1 1
 0.583321 1 1 1 1
 0.583321 1 1 1 1
 0.583321 1 1 1 1
 0.583321 1 1 1 1
 0.583321 1 1 1 1
 0.583321 1 1 1 1
 0.583321 1 1 1 1
 0.583321 1 1 1 1
 0.583321 1 1 1 1
 0.583321 1 1 1 1
 0.583321 1 1 1 1
 0.583321 1 1 1 1
 0.583321 1 1 1 1
 0.583321 1 1 1 1
 0.583321 1 1 1 1
 0.583321 1 1 1 1
 0.583321 1 1 1 1
 0.583321 1 1 1 1
 0.583321 1 1 1 1
Sel_reclas
 0.508836 0.839065 0.963287 0.992484 0.998497
 0.508836 0.839065 0.963287 0.992484 0.998497
 0.508836 0.839065 0.963287 0.992484 0.998497
 0.508836 0.839065 0.963287 0.992484 0.998497
 0.508836 0.839065 0.963287 0.992484 0.998497
 0.508836 0.839065 0.963287 0.992484 0.998497
 0.508836 0.839065 0.963287 0.992484 0.998497
 0.508836 0.839065 0.963287 0.992484 0.998497
 0.508836 0.839065 0.963287 0.992484 0.998497
 0.508836 0.839065 0.963287 0.992484 0.998497
 0.508836 0.839065 0.963287 0.992484 0.998497
 0.508836 0.839065 0.963287 0.992484 0.998497
 0.508836 0.839065 0.963287 0.992484 0.998497
 0.508836 0.839065 0.963287 0.992484 0.998497
 0.508836 0.839065 0.963287 0.992484 0.998497
 0.508836 0.839065 0.963287 0.992484 0.998497
 0.508836 0.839065 0.963287 0.992484 0.998497
 0.508836 0.839065 0.963287 0.992484 0.998497
 0.508836 0.839065 0.963287 0.992484 0.998497
 0.508836 0.839065 0.963287 0.992484 0.998497
 0.508836 0.839065 0.963287 0.992484 0.998497
 0.508836 0.839065 0.963287 0.992484 0.998497
 0.508836 0.839065 0.963287 0.992484 0.998497
 0.508836 0.839065 0.963287 0.992484 0.998497
 0.508836 0.839065 0.963287 0.992484 0.998497
 0.508836 0.839065 0.963287 0.992484 0.998497
 0.508836 0.839065 0.963287 0.992484 0.998497
 0.508836 0.839065 0.963287 0.992484 0.998497
 0.508836 0.839065 0.963287 0.992484 0.998497
 0.508836 0.839065 0.963287 0.992484 0.998497
 0.508836 0.839065 0.963287 0.992484 0.998497
Sel_pelaces
 0.219572 0.586079 0.876935 0.972871 0.99449
 0.219572 0.586079 0.876935 0.972871 0.99449
 0.219572 0.586079 0.876935 0.972871 0.99449
 0.219572 0.586079 0.876935 0.972871 0.99449
 0.219572 0.586079 0.876935 0.972871 0.99449
 0.219572 0.586079 0.876935 0.972871 0.99449
 0.219572 0.586079 0.876935 0.972871 0.99449
 0.219572 0.586079 0.876935 0.972871 0.99449
 0.219572 0.586079 0.876935 0.972871 0.99449
 0.219572 0.586079 0.876935 0.972871 0.99449
 0.219572 0.586079 0.876935 0.972871 0.99449
 0.219572 0.586079 0.876935 0.972871 0.99449
 0.219572 0.586079 0.876935 0.972871 0.99449
 0.219572 0.586079 0.876935 0.972871 0.99449
 0.219572 0.586079 0.876935 0.972871 0.99449
 0.219572 0.586079 0.876935 0.972871 0.99449
 0.219572 0.586079 0.876935 0.972871 0.99449
 0.219572 0.586079 0.876935 0.972871 0.99449
 0.219572 0.586079 0.876935 0.972871 0.99449
 0.219572 0.586079 0.876935 0.972871 0.99449
 0.219572 0.586079 0.876935 0.972871 0.99449
 0.219572 0.586079 0.876935 0.972871 0.99449
 0.219572 0.586079 0.876935 0.972871 0.99449
 0.219572 0.586079 0.876935 0.972871 0.99449
 0.219572 0.586079 0.876935 0.972871 0.99449
 0.219572 0.586079 0.876935 0.972871 0.99449
 0.219572 0.586079 0.876935 0.972871 0.99449
 0.219572 0.586079 0.876935 0.972871 0.99449
 0.219572 0.586079 0.876935 0.972871 0.99449
 0.219572 0.586079 0.876935 0.972871 0.99449
 0.219572 0.586079 0.876935 0.972871 0.99449
pf_obs 
 0.8446 0.082 0.0669 0.0065 0
 0.8095 0.147 0.0364 0.0071 0
 0.9664 0.0169 0.016 0.0007 0
 0.9276 0.0648 0.0075 0.0001 0
 0.7033 0.2144 0.0806 0.0017 0
 0.9318 0.0425 0.0243 0.0014 0
 0.5671 0.3108 0.0964 0.0239 0.0018
 0.0768 0.2599 0.5324 0.112 0.0189
 0.490249 0.384438 0.106611 0.0170017 0.00170017
 0.7925 0.1577 0.0466 0.003 0.0002
 0.840416 0.127587 0.0312969 0.00059994 9.999e-05
 0.8084 0.0986 0.0794 0.0134 0.0002
 0.7335 0.1905 0.0724 0.0035 0.0001
 0.4001 0.4547 0.1325 0.0127 0
 0.49795 0.308269 0.164784 0.0264974 0.00249975
 0.9179 0.0499 0.0305 0.0017 0
 0.2467 0.6533 0.0926 0.0074 0
 0.9418 0.0223 0.034 0.0019 0
 0.707729 0.231977 0.0356964 0.0245975 0
 0.517169 0.277429 0.184464 0.0207286 0.00020938
 0.811772 0.124168 0.05621 0.00726502 0.000585176
 0.764997 0.148141 0.077277 0.00933861 0.000247198
 0.163321 0.427699 0.378323 0.0303852 0.000271297
 0.753843 0.0900009 0.118128 0.0371064 0.000921714
 0.721811 0.176058 0.0630433 0.0369309 0.00215725
 0.143369 0.312575 0.442814 0.0836902 0.0175525
 0.692698 0.0596174 0.167031 0.0765114 0.00414204
 0.394062 0.376323 0.152708 0.0712218 0.00568511
 0.125707 0.32114 0.495352 0.0537591 0.00404204
 0.23352 0.215282 0.420074 0.123614 0.00750983
 0.796117 0.104755 0.0508955 0.0450114 0.00322123
pf_pred 
 0.053774 0.167713 0.684985 0.0935274 8.7984e-07
 0.116862 0.0842895 0.141591 0.578296 0.078961
 0.966049 0.00807466 0.00246971 0.00414867 0.0192578
 0.515379 0.477499 0.00169396 0.000518114 0.00491039
 0.338979 0.492599 0.165947 0.000588709 0.00188659
 0.995869 0.00270211 0.00106453 0.000358619 5.34923e-06
 0.0663743 0.9317 0.00125949 0.00049619 0.00016965
 0.149197 0.13084 0.718478 0.00097125 0.000513461
 0.95756 0.01156 0.00474884 0.0260772 5.38875e-05
 0.379892 0.608585 0.0031387 0.00128937 0.00709493
 0.984559 0.0110141 0.00434493 2.24084e-05 5.98589e-05
 0.69724 0.300225 0.00180819 0.000713306 1.35058e-05
 0.581356 0.354248 0.063857 0.000384596 0.000154591
 0.974889 0.0217434 0.00284933 0.000513623 4.33686e-06
 0.694382 0.303071 0.00220579 0.000289054 5.2545e-05
 0.980522 0.017283 0.00217717 1.58458e-05 2.45395e-06
 0.224658 0.769334 0.00533094 0.000671549 5.64454e-06
 0.976334 0.0102158 0.0133462 9.24795e-05 1.17477e-05
 0.773499 0.224211 0.000988911 0.00129194 1.00894e-05
 0.694018 0.273215 0.0324361 0.000143064 0.000188362
 0.711949 0.242753 0.0404471 0.00480188 4.90647e-05
 0.905933 0.0809791 0.0110294 0.0018377 0.000220401
 0.158144 0.809576 0.0277886 0.00378482 0.000706254
 0.935919 0.0205291 0.0418819 0.00143759 0.000232338
 0.653614 0.335667 0.00343401 0.00700582 0.000279339
 0.342075 0.526435 0.127421 0.00130357 0.00276548
 0.888887 0.0592787 0.041475 0.0100388 0.000320578
 0.805573 0.184242 0.00543382 0.00380183 0.000949599
 0.251029 0.667964 0.0767635 0.00226398 0.00197966
 0.31733 0.270932 0.367205 0.0421998 0.00233289
 0.965725 0.0192399 0.00596719 0.00808757 0.000980817
pobs_RECLAS
 0 0 0 0 0
 0 0 0 0 0
 0 0 0 0 0
 0 0 0 0 0
 0 0 0 0 0
 0 0 0 0 0
 0 0 0 0 0
 0 0 0 0 0
 0 0 0 0 0
 0 0 0 0 0
 0.991045 0.00858322 0.000360255 1.14367e-05 0
 0.934742 0.0480273 0.0164251 0.00080598 0
 0.827803 0.169806 0.00239088 0 0
 0.941827 0.0461693 0.0120037 0 0
 0.791401 0.0380133 0.147996 0.0225897 0
 0.846168 0.0940531 0.0597789 0 0
 0.134021 0.677848 0.182769 0.00536245 0
 0.80878 0.0450904 0.141981 0.00414843 0
 0.846168 0.0940531 0.0597789 0 0
 0.905697 0.0802665 0.012482 0.00150086 5.37128e-05
 0.989698 0.0102097 9.19794e-05 0 0
 0.975433 0.0193895 0.00387452 0.00125025 5.28907e-05
 0.303575 0.632131 0.0575291 0.00676475 0
 0.966965 0.00978017 0.0227588 0.000495775 0
 0.843318 0.132988 0.00938335 0.0141283 0.000182051
 0.564624 0.303363 0.111486 0.0197234 0.00080311
 0.826376 0.0876187 0.0782897 0.00655872 0.00115652
 0.89761 0.0855135 0.0140674 0.00269457 0.000114338
 0.34875 0.467042 0.161289 0.0227151 0.000203297
 0.318654 0.224769 0.449479 0.00709798 0
 0.937255 0.0296025 0.0250945 0.00804832 0
ppred_RECLAS
 0.0505289 0.149557 0.701261 0.098652 9.33671e-07
 0.113218 0.0729345 0.140656 0.591886 0.0813062
 0.965418 0.00720898 0.00253137 0.00438113 0.0204601
 0.555233 0.437077 0.00178012 0.000560968 0.00534875
 0.39359 0.435412 0.168398 0.000615511 0.00198443
 0.995936 0.00252152 0.00114045 0.000395841 5.94022e-06
 0.075458 0.92233 0.00143141 0.000581013 0.000199855
 0.145012 0.116838 0.736578 0.0010259 0.000545637
 0.957124 0.010343 0.00487791 0.0275978 5.73754e-05
 0.454721 0.533385 0.00315813 0.00133668 0.00739978
 0.98472 0.0104534 0.00473424 2.51563e-05 6.76063e-05
 0.721073 0.276225 0.00190994 0.000776284 1.47873e-05
 0.662418 0.279281 0.0577967 0.000358647 0.000145034
 0.978963 0.0178486 0.00268521 0.000498709 4.23645e-06
 0.744124 0.25342 0.00211749 0.000285893 5.22853e-05
 0.982689 0.0151069 0.0021848 1.63832e-05 2.55255e-06
 0.251006 0.742316 0.00590524 0.000766441 6.48117e-06
 0.977104 0.00911478 0.0136707 9.75995e-05 1.24733e-05
 0.794159 0.203414 0.00103001 0.00138642 1.08929e-05
 0.714388 0.251035 0.0342151 0.000155484 0.000205956
 0.733588 0.219282 0.0419457 0.00513073 5.27424e-05
 0.91593 0.0708587 0.0110798 0.00190205 0.000229501
 0.175725 0.788044 0.0310542 0.00435779 0.000818098
 0.935266 0.0188263 0.0440943 0.00155941 0.000253551
 0.671015 0.317118 0.00372455 0.00782886 0.000314046
 0.356493 0.499983 0.138935 0.00146444 0.00312558
 0.891893 0.0537847 0.0432023 0.0107738 0.000346135
 0.814591 0.174191 0.00589796 0.00425164 0.00106838
 0.260164 0.64928 0.0856631 0.00260303 0.00228992
 0.333936 0.242163 0.376804 0.0446154 0.00248137
 0.967615 0.0169203 0.00602471 0.00841303 0.00102647
pobs_PELACES
 0 0 0 0 0
 0 0 0 0 0
 0 0 0 0 0
 0 0 0 0 0
 0 0 0 0 0
 0 0 0 0 0
 0 0 0 0 0
 0 0 0 0 0
 0 0 0 0 0
 0 0 0 0 0
 0 0 0 0 0
 0 0 0 0 0
 0 0 0 0 0
 0 0 0 0 0
 0 0 0 0 0
 0 0 0 0 0
 0.505614 0.472636 0.0217494 0 0
 0 0 0 0 0
 0.443492 0.261883 0.143347 0.151278 0
 0.227955 0.32914 0.350689 0.0885471 0.00366901
 0.970185 0.0296113 0.000203453 0 0
 0.997202 0.00247181 0.000326279 0 0
 0.445219 0.490057 0.0546422 0.010081 0
 0.90214 0.0892962 0.00764917 0.000914606 0
 0 0 0 0 0
 0.581667 0.319106 0.0959925 0.00289975 0.000334073
 0.762889 0.0836404 0.116647 0.0363945 0.000428098
 0.88444 0.0763242 0.0277011 0.0115352 0
 0.521256 0.241999 0.230069 0.00667565 0
 0.616807 0.101726 0.260614 0.0208532 0
 0.833518 0.0704572 0.0857862 0.0102388 0
ppred_PELACES
 0.0264153 0.12114 0.740305 0.112139 1.07837e-06
 0.0639713 0.0567572 0.142658 0.646393 0.0902203
 0.938607 0.0096569 0.00441947 0.0082361 0.0390809
 0.490869 0.496927 0.00263776 0.000895045 0.00867123
 0.344104 0.433637 0.218581 0.000860265 0.00281808
 0.993215 0.00374232 0.00220601 0.000824462 1.25711e-05
 0.0578589 0.939121 0.00189955 0.000830219 0.000290164
 0.0851654 0.099057 0.813897 0.0012206 0.000659624
 0.925795 0.0138259 0.00849833 0.0517719 0.000109362
 0.429816 0.553031 0.00426766 0.00194494 0.0109401
 0.974319 0.0160219 0.00945709 5.41096e-05 0.000147753
 0.653029 0.342507 0.00308658 0.00135082 2.61449e-05
 0.64162 0.281687 0.0759765 0.000507649 0.000208587
 0.973074 0.0217916 0.00427283 0.000854485 7.37531e-06
 0.712826 0.283554 0.00308793 0.000448921 8.34196e-05
 0.976228 0.0199724 0.00376457 3.03964e-05 4.81194e-06
 0.202853 0.787827 0.00816828 0.00114154 9.80819e-06
 0.963321 0.0123424 0.0241267 0.00018547 2.4084e-05
 0.739181 0.256651 0.00169377 0.00245487 1.95974e-05
 0.636771 0.307906 0.0546957 0.000267635 0.000360206
 0.660574 0.264662 0.0659822 0.00869038 9.07698e-05
 0.887341 0.0904105 0.018425 0.00340581 0.000417545
 0.135714 0.814903 0.041853 0.00632402 0.00120629
 0.891709 0.0258571 0.0789312 0.0030057 0.000496563
 0.581595 0.397963 0.00609182 0.0137877 0.000561965
 0.267059 0.532974 0.193025 0.00219075 0.0047509
 0.834762 0.0706999 0.0740147 0.0198747 0.000648781
 0.742139 0.237194 0.0104673 0.00812472 0.00207444
 0.183762 0.690201 0.118683 0.00388323 0.00347102
 0.245259 0.228631 0.463656 0.0591133 0.00334052
 0.949861 0.0223006 0.0103489 0.0155608 0.00192906
pobs_pel_tallas
 0 0 0 0 0 0 0 0 0 0 0 0 0 0 0 0 0 0 0 0 0 0 0 0 0 0
 0 0 0 0 0 0 0 0 0 0 0 0 0 0 0 0 0 0 0 0 0 0 0 0 0 0
 0 0 0 0 0 0 0 0 0 0 0 0 0 0 0 0 0 0 0 0 0 0 0 0 0 0
 0 0 0 0 0 0 0 0 0 0 0 0 0 0 0 0 0 0 0 0 0 0 0 0 0 0
 0 0 0 0 0 0 0 0 0 0 0 0 0 0 0 0 0 0 0 0 0 0 0 0 0 0
 0 0 0 0 0 0 0 0 0 0 0 0 0 0 0 0 0 0 0 0 0 0 0 0 0 0
 0 0 0 0 0 0 0 0 0 0 0 0 0 0 0 0 0 0 0 0 0 0 0 0 0 0
 0 0 0 0 0 0 0 0 0 0 0 0 0 0 0 0 0 0 0 0 0 0 0 0 0 0
 0 0 0 0 0 0 0 0 0 0 0 0 0 0 0 0 0 0 0 0 0 0 0 0 0 0
 0 0 0 0 0 0 0 0 0 0 0 0 0 0 0 0 0 0 0 0 0 0 0 0 0 0
 0 0 0 0 0 0 0 0 0 0 0 0 0 0 0 0 0 0 0 0 0 0 0 0 0 0
 0 0 0 0 0 0 0 0 0 0 0 0 0 0 0 0 0 0 0 0 0 0 0 0 0 0
 0.00862536 0 0 0.000197151 0.00414017 0.0128641 0.00837892 0.0270097 0.101434 0.158115 0.152841 0.127902 0.109271 0.109419 0.0830992 0.0579132 0.0238553 0.00714673 0.00463305 0.00128148 0.00103504 0.000492878 0.000147863 0.000147863 4.92878e-05 0
 0 0 0 0 0 0 0 0 0 0 0 0 0 0 0 0 0 0 0 0 0 0 0 0 0 0
 0 0 0 0 0 0 0 0.0054083 0.00873648 0.0413646 0.0450493 0.0745869 0.0622846 0.0627006 0.0613931 0.0827291 0.12552 0.122667 0.0946155 0.0697135 0.0546179 0.0294188 0.0215738 0.0213955 0.0102223 0.00600262
 0 0 0 0 0.00359764 0.0251062 0.0480494 0.140153 0.205849 0.193036 0.1447 0.116669 0.0760912 0.0342217 0.00950174 0.001854 0.000860785 0 0 0 0.000165536 0 0.000143464 0 0 0
 0 0 0 0 0 0 0 0.000145254 0.000435761 0.0275982 0.070085 0.0708112 0.156366 0.174668 0.174014 0.160142 0.0824315 0.0480064 0.0283245 0.00493863 0.00203355 0 0 0 0 0
 0 0 0 0 0 0 0 0 0 0 0 0 0 0 0 0 0 0 0 0 0 0 0 0 0 0
 0 0 1.00437e-05 0.000401748 0.00122533 0.00171747 0.00176769 0.0269171 0.070346 0.194647 0.189555 0.159765 0.064822 0.0314167 0.0384472 0.0292271 0.0345202 0.0313363 0.0194345 0.0106764 0.0143323 0.0359363 0.0279516 0.0138201 0.00172751 0
 0 0.0021121 0.0136068 0.0755702 0.200478 0.177729 0.0527432 0.0373336 0.0318909 0.0142505 0.0149659 0.0166563 0.0217959 0.0798694 0.0677717 0.0528807 0.04013 0.0224614 0.0357745 0.0225083 0.00881397 0.00855152 0.00135912 0.000746735 0 0
 0 0 0 0 5.4009e-05 0.00500934 0.000945158 0.0243581 0.138947 0.33067 0.221406 0.137944 0.0707744 0.0437923 0.0131692 0.00525238 0.0047753 0.00276346 9.45158e-05 9.00151e-06 2.25038e-05 9.00151e-06 4.50075e-06 0 0 0
 0.000866109 0.00284123 0.00948549 0.0512746 0.133035 0.25785 0.225252 0.132002 0.0553304 0.0519788 0.0540692 0.017754 0.00435017 0.00159236 0.00146478 0.000404838 0.000125132 0.000115318 0.000107957 0.000100596 0 0 0 0 0 0
 0 0 0 0 0.00144013 0.00171154 0.00461396 0.0210425 0.0478622 0.0707936 0.0888783 0.103762 0.0637923 0.0337046 0.0602308 0.124433 0.169614 0.0934646 0.0462172 0.0250306 0.0313229 0.00938855 0.002487 0.000210481 0 0
 0 0.00764035 0.051015 0.0998891 0.058973 0.0496711 0.0374665 0.0718981 0.12319 0.153886 0.159021 0.0857701 0.0377988 0.023471 0.0147837 0.00900784 0.00315554 0.000888139 0.00291439 0.00214683 0.00393193 0.00274676 0.000635225 9.99891e-05 0 0
 0 0 0 0 0 0 0 0 0 0 0 0 0 0 0 0 0 0 0 0 0 0 0 0 0 0
 0 0 0 0 0 0 0 0 0 0 0 0 0 0 0 0 0 0 0 0 0 0 0 0 0 0
 0 0 0 0 0 0 0 0 0 0 0 0 0 0 0 0 0 0 0 0 0 0 0 0 0 0
 0 0 0 0 0 0 0 0 0 0 0 0 0 0 0 0 0 0 0 0 0 0 0 0 0 0
 0 0 0 0 0 0 0 0 0 0 0 0 0 0 0 0 0 0 0 0 0 0 0 0 0 0
 0 0 0 0 0 0 0 0 0 0 0 0 0 0 0 0 0 0 0 0 0 0 0 0 0 0
 0 0 0 0 0 0 0 0 0 0 0 0 0 0 0 0 0 0 0 0 0 0 0 0 0 0
ppred_pel_tallas
 1.32641e-16 2.17582e-06 2.11498e-05 0.000140548 0.00063892 0.00198799 0.00423608 0.00618536 0.00619819 0.00429932 0.00220365 0.00127661 0.001797 0.00382182 0.00776155 0.0142406 0.0238081 0.036815 0.0534029 0.0733326 0.0954668 0.117198 0.134523 0.143202 0.14057 0.12687
 1.84224e-16 5.26924e-06 5.12189e-05 0.000340368 0.00154727 0.00481415 0.0102573 0.014972 0.014978 0.0102865 0.0049136 0.00184111 0.00110387 0.00180753 0.00361692 0.00673551 0.0116112 0.0189154 0.0296714 0.0452136 0.0666875 0.094105 0.125417 0.156279 0.180919 0.193911
 1.0757e-16 7.73118e-05 0.000751498 0.00499397 0.0227019 0.0706339 0.150493 0.219649 0.21965 0.150498 0.0706495 0.0227472 0.00510863 0.00100517 0.000569774 0.00085011 0.00129616 0.00181602 0.00240044 0.00311348 0.00408895 0.00546552 0.00728439 0.00941045 0.0115276 0.0132181
 1.01761e-16 4.04323e-05 0.000393016 0.00261173 0.0118726 0.0369403 0.078707 0.114885 0.114933 0.0789404 0.0377238 0.0141343 0.00828359 0.0127572 0.0234708 0.0386034 0.0552914 0.0688723 0.0746317 0.0704135 0.0579538 0.0418061 0.0267437 0.0156183 0.00888687 0.00548555
 1.06982e-16 2.83434e-05 0.000275508 0.00183085 0.00832281 0.0258956 0.0551748 0.0805381 0.0805801 0.0553803 0.0265863 0.0103207 0.00685711 0.011285 0.0210452 0.0350265 0.0510985 0.065584 0.074679 0.0765073 0.0720639 0.0642255 0.05573 0.0478158 0.0403425 0.0328062
 1.0015e-16 8.18098e-05 0.00079522 0.00528452 0.0240226 0.0747434 0.159249 0.232428 0.232429 0.15925 0.0747494 0.0240399 0.00532808 0.000890789 0.000264679 0.000311663 0.000449407 0.000582638 0.000675563 0.000713466 0.000705485 0.000674872 0.000641059 0.000608396 0.000568747 0.000512406
 1.00428e-16 4.76596e-06 4.63269e-05 0.000307863 0.00139956 0.00435502 0.00928217 0.0135665 0.0136568 0.00972331 0.0058356 0.00567319 0.0110248 0.0234067 0.0442681 0.0729081 0.104396 0.129955 0.140646 0.132356 0.108332 0.0771649 0.047899 0.0259959 0.0124379 0.00535766
 1.23747e-16 7.01499e-06 6.81882e-05 0.000453135 0.00205989 0.00640915 0.0136558 0.0199332 0.019944 0.013709 0.00659152 0.00260229 0.00187355 0.00336334 0.00683264 0.0127586 0.021794 0.0344797 0.0510699 0.0711944 0.0932863 0.11416 0.129395 0.134804 0.128335 0.11122
 1.0546e-16 7.62565e-05 0.00074124 0.0049258 0.022392 0.0696698 0.148439 0.216651 0.216652 0.148445 0.0696922 0.0224573 0.00509142 0.00110853 0.000791627 0.00123765 0.00190013 0.0026727 0.00352811 0.00451595 0.00574921 0.00731548 0.00915978 0.0110273 0.0125193 0.0132405
 1.02311e-16 3.54035e-05 0.000344134 0.0022869 0.0103959 0.0323459 0.0689183 0.100599 0.100653 0.0691781 0.0332179 0.0129132 0.00859975 0.0141061 0.026116 0.0429731 0.0615602 0.0767014 0.0831562 0.0785303 0.0647575 0.046901 0.0302618 0.0179967 0.0105951 0.00685696
 1.00308e-16 8.02534e-05 0.000780091 0.00518398 0.0235656 0.0733214 0.156219 0.228007 0.228008 0.156227 0.073347 0.0236396 0.00537019 0.00118829 0.000860477 0.00130841 0.00190677 0.00245896 0.00282178 0.00292592 0.00280502 0.00255851 0.00227838 0.00200205 0.00172025 0.00141626
 1.00317e-16 5.37892e-05 0.00052285 0.00347453 0.0157947 0.0491434 0.104706 0.152829 0.152862 0.104867 0.0496835 0.0173537 0.00738405 0.00904536 0.0162042 0.0266109 0.0381111 0.0474675 0.0514223 0.0484774 0.039813 0.0285502 0.0179689 0.0100417 0.0051131 0.00249919
 1.02351e-16 5.28495e-05 0.000513716 0.00341382 0.0155188 0.0482848 0.102877 0.150157 0.150185 0.10301 0.0487313 0.0168091 0.00665523 0.00759768 0.0135295 0.0223422 0.0323137 0.0409068 0.0455486 0.0450115 0.040093 0.0329909 0.0259195 0.0200746 0.0155494 0.0119144
 1.00216e-16 8.01508e-05 0.000779094 0.00517736 0.0235355 0.0732277 0.156019 0.227715 0.227717 0.15603 0.0732622 0.0236352 0.00542762 0.00132571 0.00111911 0.00172544 0.00248275 0.00313215 0.00346915 0.00340014 0.00299189 0.00242253 0.00187188 0.00143735 0.0011243 0.000890715
 1.00221e-16 5.87146e-05 0.000570726 0.00379268 0.017241 0.0536432 0.114294 0.166821 0.166848 0.114427 0.0540904 0.0185316 0.00702942 0.00762669 0.0134302 0.0220336 0.0315554 0.0393043 0.042582 0.0401471 0.0329743 0.023645 0.0148728 0.00829089 0.00418791 0.00200302
 1.00118e-16 8.04106e-05 0.00078162 0.00519414 0.0236118 0.0734651 0.156525 0.228453 0.228455 0.156535 0.0734967 0.0237031 0.00542338 0.00128223 0.00103164 0.00157939 0.00226985 0.0028589 0.00315707 0.00307695 0.00267883 0.0021267 0.00158827 0.00115788 0.000846518 0.000620986
 1.00554e-16 1.67089e-05 0.000162417 0.00107932 0.00490648 0.0152663 0.0325292 0.0474932 0.047569 0.0328993 0.0165085 0.00849237 0.0100721 0.0197662 0.0371668 0.0612049 0.0876664 0.10919 0.118286 0.111506 0.0915565 0.0656127 0.0412168 0.0229104 0.0114983 0.00542445
 1.00723e-16 7.93475e-05 0.000771286 0.00512547 0.0232996 0.0724938 0.154456 0.225433 0.225434 0.154462 0.072514 0.0233585 0.00527492 0.00110296 0.000725078 0.00111417 0.00169236 0.00232472 0.00292469 0.00344017 0.00385751 0.00416842 0.00433223 0.00427884 0.00395623 0.00338111
 1.00365e-16 6.08854e-05 0.000591828 0.00393291 0.0178784 0.0556266 0.118519 0.172987 0.173012 0.11864 0.0560312 0.0190466 0.00686234 0.00697777 0.0121624 0.0199409 0.0285566 0.0355681 0.0385348 0.036337 0.0298628 0.0214542 0.0135695 0.00768228 0.00404147 0.00212293
 1.01745e-16 5.245e-05 0.000509833 0.00338802 0.0154015 0.0479198 0.102099 0.149023 0.149053 0.102244 0.048407 0.0168087 0.00692102 0.00822416 0.0147083 0.0242445 0.034945 0.043989 0.0485227 0.0472019 0.0409646 0.0323562 0.0239849 0.0173246 0.0125534 0.00915242
 1.02859e-16 5.44107e-05 0.000528891 0.00351467 0.0159772 0.0497111 0.105916 0.154592 0.154618 0.106041 0.0501305 0.0171892 0.00655901 0.00718152 0.0127088 0.0209753 0.0303286 0.038382 0.042725 0.042221 0.037645 0.0310896 0.0246501 0.0194364 0.0154892 0.0123358
 1.00968e-16 7.30891e-05 0.000710452 0.00472121 0.0214619 0.0667761 0.142274 0.207655 0.207663 0.142316 0.0669192 0.0218755 0.00575977 0.00297902 0.00438554 0.00714493 0.0103095 0.013014 0.014427 0.0141617 0.0124941 0.0101605 0.0079027 0.00612033 0.00483233 0.00386327
 1.02255e-16 1.11787e-05 0.000108661 0.000722096 0.00328259 0.0102138 0.0217644 0.0317823 0.0318607 0.0221476 0.0114999 0.00699564 0.0100364 0.020422 0.0385312 0.0635279 0.0911503 0.113857 0.123963 0.117915 0.0984485 0.0728178 0.0485912 0.0302389 0.0184592 0.011653
 1.0267e-16 7.34489e-05 0.00071395 0.00474445 0.0215676 0.0671047 0.142974 0.208675 0.208678 0.142987 0.0671481 0.0216942 0.00506792 0.0014386 0.00150374 0.00251027 0.00393512 0.00562494 0.00745133 0.00931404 0.0111232 0.0127195 0.0138238 0.0141075 0.0133643 0.0116562
 1.01756e-16 4.79053e-05 0.000465657 0.00309445 0.014067 0.0437677 0.0932532 0.136114 0.136152 0.0934402 0.0443954 0.0158789 0.00763904 0.0103742 0.0188299 0.0309599 0.0443757 0.0553489 0.0601224 0.0569828 0.0473168 0.03474 0.0230159 0.0143525 0.00904804 0.00621753
 1.06731e-16 2.19974e-05 0.000213823 0.00142093 0.00645938 0.0200978 0.0428224 0.0625113 0.0625629 0.0430743 0.0209443 0.00890649 0.00757184 0.0136687 0.0256546 0.0425827 0.0618122 0.0787 0.0884647 0.0888001 0.081112 0.0693189 0.0572823 0.0469561 0.0383498 0.0306906
 1.04258e-16 6.87582e-05 0.000668355 0.00444145 0.0201902 0.0628192 0.133843 0.19535 0.195357 0.133877 0.0629332 0.0205208 0.00527645 0.00250815 0.00361282 0.00599477 0.00893557 0.01188 0.0142973 0.0159265 0.0168723 0.0174124 0.0176895 0.0175718 0.0167853 0.0151686
 1.01529e-16 6.11291e-05 0.000594196 0.00394864 0.01795 0.0558492 0.118993 0.173679 0.173702 0.119105 0.0562235 0.0190308 0.00665983 0.00650713 0.0112745 0.0184996 0.0265446 0.033175 0.0361625 0.03449 0.0289721 0.0217327 0.0149697 0.00995446 0.0068362 0.00508487
 1.04579e-16 1.51364e-05 0.000147131 0.000977739 0.0044447 0.0138295 0.0294676 0.0430228 0.0430893 0.0297928 0.0149214 0.00759893 0.00889635 0.0174369 0.0328611 0.0543251 0.0783047 0.0985593 0.108702 0.105734 0.0917782 0.0725652 0.0539594 0.0392611 0.0288377 0.0214717
 1.19933e-16 2.02017e-05 0.000196368 0.00130494 0.00593206 0.018457 0.0393253 0.0574012 0.057424 0.0394367 0.0188328 0.00702632 0.00408466 0.00637368 0.0120718 0.020759 0.0318446 0.0440942 0.0561256 0.0671034 0.076834 0.0850889 0.0908621 0.0924408 0.0883795 0.0785809
 1.02192e-16 7.82388e-05 0.000760509 0.00505385 0.0229741 0.0714808 0.152298 0.222283 0.222285 0.152308 0.0715165 0.0230772 0.00531356 0.00133049 0.00116994 0.00183526 0.00269704 0.00352555 0.0041511 0.00451379 0.00469675 0.00485674 0.00510075 0.00540662 0.00564099 0.0056461
pSPR Fmed_Fpbrs
0.221335   0.6 0.325
Fs Fmed_Fpbrs
1.17237   0.319945 0.807285
SSBpbr Bo_Bmed_Bpbrs
1.38495e+06  237290  761721 380860
Ro
52245.5
SPR SPRFo_SPRFmed_SPRFpbrs
372909 82537.8 121195
Fref
0.319945
Nvult_r0
 97376.4 1489.23 461.881 626.006 75.9187
CTP_r0
 43075.6 858.184 266.163 360.742 43.7488
YTP_r0
390943
Np
 90555.8 27642 5193.36 41.4848 16.3036
Nvult_p0
 62913.9 20257.4 3805.95 30.4022 11.9481
CTP_p0
 9894.95 3453.24 27.5847 8.5553 12.6903
 9894.95 4910.25 922.534 7.36925 2.89613
YTP_p0
 129544 172709
CBA_c0
142494
log_Ro
10.6837
likeval ReclasPelacesDesembMPH_pf_preclas_ppelaces_ptallas_desvR_qrecl_qpela
 20.6433 21.3004 0.28158 29.7858 335.241 123.586 117.934 0 88.2978 0.00017027 0.000412377 0.00402304 7.59215e-16 0 0
q_reclas_q_pelaces
6.35388 17.9769
M
1
N
 9192.4 17630.4 72007.3 9831.84 0.092491
 5629.38 2808.92 4718.49 19271.5 2631.35
 180572 1043.76 319.243 536.272 2489.34
 49578.3 33538.6 118.981 36.3913 344.896
 6015.97 6872.74 2315.29 8.21367 26.3217
 285902 498.57 196.418 66.1693 0.986994
 7359.48 73637.8 99.5447 39.2168 13.4085
 2011.22 1168.85 6418.45 8.67655 4.58695
 54670.3 455.239 187.011 1026.93 2.12212
 8017.99 10284.6 53.0417 21.7895 119.899
 82266.3 566.082 223.312 1.1517 3.07651
 83887 25114.6 151.26 59.6699 1.1298
 30407.8 15168.9 2734.35 16.4684 6.61957
 102504 1721.7 225.617 40.67 0.343403
 34539.1 11694.8 85.116 11.1539 2.02759
 253793 3183.29 401.005 2.91857 0.451983
 16524.3 40682.9 281.903 35.5119 0.298487
 345058 2503.6 3270.77 22.6641 2.87904
 311161 63237 278.915 364.383 2.84565
 197888 53933.6 6402.99 28.2413 37.1833
 151512 36554.1 6090.59 723.075 7.38824
 390408 25034.3 3409.68 568.116 68.1359
 16517.1 59879 2055.34 279.938 52.237
 186540 2717.08 5543.18 190.269 30.7505
 123318 41848 428.122 873.422 34.8254
 27340.4 28267.7 6842.04 69.9968 148.496
 128394 5822.17 4073.55 985.979 31.4862
 176758 25864.9 762.832 533.723 133.31
 27434.8 46364.9 5328.33 157.148 137.413
 11883.8 7410.39 10043.6 1154.23 63.808
 116816 1644.52 510.043 691.282 83.8349
pred_Ctot
 999.198 3116.35 12728 1737.87 0.0163487
 1864.46 1344.79 2259.01 9226.37 1259.78
 59692.1 498.932 152.603 256.346 1189.94
 21093.3 19543 69.3302 21.2053 200.972
 3301.96 4798.35 1616.47 5.73455 18.3771
 55783.6 151.358 59.6295 20.088 0.299637
 2826.11 39670.2 53.6268 21.1269 7.22342
 508.658 446.075 2449.52 3.31129 1.75055
 17818.1 215.106 88.3653 485.238 1.00273
 4640.61 7434.23 38.3411 15.7505 86.6689
 8983.88 100.501 39.6465 0.204472 0.546199
 28537.4 12287.9 74.0074 29.1949 0.55278
 18695.8 11392.2 2053.58 12.3682 4.97148
 48976 1092.33 143.143 25.8031 0.217873
 18204.2 7945.4 57.8277 7.57793 1.37754
 96701.6 1704.49 214.719 1.56275 0.242015
 6590.97 22570.6 156.398 19.7018 0.165599
 115733 1210.97 1582.04 10.9624 1.39256
 110455 32017 141.215 184.488 1.44076
 65808.2 25906.8 3075.66 13.5656 17.8609
 56228.7 19172.2 3194.45 379.246 3.87506
 154235 13786.6 1877.75 312.867 37.5231
 6153.93 31503.3 1081.35 147.28 27.4827
 47882.1 1050.28 2142.7 73.5481 11.8865
 30524.2 15675.9 160.371 327.176 13.0453
 7605.81 11704.9 2833.12 28.9839 61.4886
 38537.1 2569.99 1798.12 435.225 13.8984
 32956.8 7537.53 222.304 155.537 38.8491
 4726.12 12575.8 1445.23 42.6239 37.2711
 5062.02 4321.88 5857.63 673.167 37.214
 43075.6 858.184 266.163 360.742 43.7488
F
 0.185577 0.318138 0.318138 0.318138 0.318138
 0.68517 1.1746 1.1746 1.1746 1.1746
 0.683434 1.17162 1.17162 1.17162 1.17162
 0.97599 1.67316 1.67316 1.67316 1.67316
 1.49043 2.55507 2.55507 2.55507 2.55507
 0.35649 0.611137 0.611137 0.611137 0.611137
 0.839972 1.43998 1.43998 1.43998 1.43998
 0.485675 0.832603 0.832603 0.832603 0.832603
 0.67067 1.14974 1.14974 1.14974 1.14974
 1.6507 2.82984 2.82984 2.82984 2.82984
 0.186512 0.319742 0.319742 0.319742 0.319742
 0.710225 1.21755 1.21755 1.21755 1.21755
 1.87139 3.20816 3.20816 3.20816 3.20816
 1.17076 2.00705 2.00705 2.00705 2.00705
 1.38418 2.37292 2.37292 2.37292 2.37292
 0.830711 1.4241 1.42411 1.42411 1.42411
 0.887104 1.52078 1.52078 1.52078 1.52078
 0.696822 1.19458 1.19458 1.19458 1.19458
 0.752557 1.29012 1.29012 1.29012 1.29012
 0.688907 1.18101 1.18101 1.18101 1.18101
 0.800419 1.37218 1.37218 1.37218 1.37218
 0.874868 1.4998 1.4998 1.4998 1.4998
 0.804842 1.37976 1.37976 1.37976 1.37976
 0.494601 0.847904 0.847905 0.847905 0.847905
 0.473049 0.810958 0.810958 0.810958 0.810958
 0.546692 0.937206 0.937206 0.937206 0.937206
 0.602216 1.03239 1.03239 1.03239 1.03239
 0.33824 0.579851 0.579851 0.579851 0.579851
 0.308931 0.529606 0.529606 0.529606 0.529606
 0.977731 1.67614 1.67614 1.67614 1.67614
 0.793277 1.35993 1.35993 1.35993 1.35993
YTP_r0W_actual
 357527 12100.4 7346.1 12337.4 1631.83
YTP_p0W_proyectada
 74113.2 54112.3 638.034 251.269 429.311
 74113.2 76943.6 21338.2 216.435 97.9762
CTP_r0_actual
 43075.6 858.184 266.163 360.742 43.7488
CTP_p0_proyectada
 9894.95 3453.24 27.5847 8.5553 12.6903
 9894.95 4910.25 922.534 7.36925 2.89613
Wmedp
 7.49 15.67 23.13 29.37 33.83
Frms_r0
 0.793277 1.35993 1.35993 1.35993 1.35993
Zrms_r0
 1.79328 2.35993 2.35993 2.35993 2.35993
nmprior
 8.19 8.8 8.5 0
nm_flota  nm_reclas  nm_pelaces    nm_pelaL
inf 12.8923 4.50176 7.06964
cv_recla  cv_pelaces  cv_mph
0.410974 0.523318 0.505279
 ------------------------------------------------
Talla a la edad & desviaci?n 
 8 13.2811 15.8009 17.003 17.5766
 0.8 1.32811 1.58009 1.7003 1.75766
