years
 1991 1992 1993 1994 1995 1996 1997 1998 1999 2000 2001 2002 2003 2004 2005 2006 2007 2008 2009 2010 2011 2012 2013 2014 2015 2016 2017 2018 2019 2020 2021
reclasobs
 0 0 0 0 0 0 0 0 0 252601 567819 844713 477998 351125 339783 2.1784e+06 2.13404e+06 4.81314e+06 1.55562e+06 2.62356e+06 3.21686e+06 3.843e+06 1.13348e+06 3.07943e+06 1.97215e+06 2.03268e+06 2.025e+06 2.42433e+06 2.27542e+06 1.05018e+06 2.36338e+06
reclaspred
 3.30008e+06 1.79841e+06 915577 1.0162e+06 1.07715e+06 1.87148e+06 1.08119e+06 948036 674335 475849 722087 646430 334700 677674 596114 1.36014e+06 1.13393e+06 3.07956e+06 2.92473e+06 2.12082e+06 3.00275e+06 1.99387e+06 1.3937e+06 2.86565e+06 2.2093e+06 2.00073e+06 2.4476e+06 2.63164e+06 2.06193e+06 1.25317e+06 1.94418e+06
pelacesobs
 0 0 0 0 0 0 0 0 0 0 0 0 0 0 0 552880 188675 0 991730 2.46772e+06 1.41603e+06 1.21717e+06 2.29649e+06 1.80582e+06 0 1.4828e+06 1.56532e+06 1.57751e+06 1.42118e+06 867257 1.10002e+06
pelacespred
 2.05408e+06 1.2175e+06 598452 508725 602554 1.04681e+06 579232 646690 430609 276354 423441 322910 158369 372978 341492 621244 577454 1.68324e+06 1.71811e+06 1.19153e+06 1.57906e+06 1.10534e+06 807168 1.75523e+06 1.3631e+06 1.26851e+06 1.68773e+06 1.78677e+06 1.27317e+06 855901 1.19658e+06
mphobs
 0 0 0 0 0 0 0 0 0 0 0 498337 0 5186 125008 0 168611 109162 213762 579715 649985 157893 87575 83554 0 0 0 0 0 0 0
mphpred
 541486 365952 174848 98406.7 118282 148388 204817 114145 103736 66562.1 43132.4 95725.4 55403.5 21530.1 51904.9 56639.5 158678 132057 331197 289273 297402 270025 206181 155619 313379 268736 224385 244993 349600 224761 128788
desembarqueobs
 494567 514787 250237 358949 120608 361735 552515 73892 212993 205616 52469 317467 293654 387597 252695 516296 358380 742168 942051 627588 828172 859565 418607 520667 417249 300574 415391 372974 316634 284311 391294
desembarquepred
 494573 513791 250748 358987 120614 361750 552564 73897.8 213060 205668 52469.6 317721 294021 387436 252670 516245 358446 742025 941599 627358 828435 859695 418610 520681 417233 300574 415390 372947 316621 284323 391302
Reclutas
 169858 91664.7 92964.1 152442 124019 218344 87153.6 38069.9 36271.9 50627.3 112627 68815.3 48364.8 127036 67219.9 321560 64635.3 547262 415921 258799 259715 368544 80849.8 285567 231305 102565 225018 249487 75928.6 56904.9 217239
log_desv_Rt
 0.26272 -0.354108 -0.340031 0.154539 -0.0518134 0.513826 -0.404572 -1.23282 -1.2812 -0.947754 -0.148164 -0.640818 -0.993472 -0.0277715 -0.664276 0.900938 -0.703484 1.43268 1.15825 0.683809 0.687342 1.03731 -0.479651 0.782232 0.571491 -0.241743 0.543934 0.647161 -0.542452 -0.830863 0.508752
SSB
 1.82614e+06 1.23416e+06 589669 331872 398900 500432 690736 384949 349844 224478 145462 322830 186846 72609.3 175047 191014 535134 445356 1.11695e+06 975561 1.00297e+06 910646 695335 524817 1.05686e+06 906300 756728 826228 1.17901e+06 757995 434332
BT
 2.62981e+06 1.81378e+06 887392 899920 791968 1.57973e+06 1.13878e+06 814898 705693 521268 568574 639271 457043 900811 680849 1.21487e+06 942862 2.80457e+06 2.96441e+06 1.93338e+06 2.53545e+06 2.11493e+06 1.29024e+06 2.70528e+06 1.94895e+06 1.71985e+06 2.48321e+06 2.55552e+06 1.66226e+06 1.21846e+06 1.86523e+06
Ftot
 0.227685 0.418911 0.410468 0.585672 0.184573 0.333335 0.749674 0.125933 0.501673 0.682698 0.13502 0.74635 1.2782 1.04424 0.735099 0.698411 0.487818 0.444967 0.53528 0.478891 0.445442 0.700357 0.464275 0.332245 0.306111 0.238983 0.295465 0.251157 0.229632 0.344659 0.364592
BD_Bspro_t
 0.964377 0.761325 0.545946 0.448997 0.464637 0.569161 0.574276 0.389086 0.449625 0.39189 0.357963 0.621579 0.364023 0.179358 0.31008 0.320645 0.450844 0.395402 0.553924 0.483017 0.438736 0.417338 0.387434 0.362449 0.560045 0.575728 0.585072 0.634191 0.695137 0.602477 0.510448
BD_Bspro
 1.95881 1.32382 0.632507 0.355983 0.42788 0.536788 0.740918 0.412916 0.375259 0.240786 0.15603 0.346283 0.20042 0.0778843 0.187764 0.204891 0.574011 0.47771 1.19809 1.04643 1.07584 0.976803 0.74585 0.562944 1.13364 0.972141 0.811704 0.886253 1.26466 0.813063 0.465886
BD_Bo
 1.3104 0.885608 0.423135 0.238145 0.286243 0.3591 0.495659 0.276232 0.251041 0.161081 0.104381 0.231656 0.134077 0.052103 0.12561 0.137068 0.384002 0.319578 0.801499 0.700043 0.719715 0.653461 0.498959 0.376598 0.758379 0.650343 0.543013 0.592885 0.846034 0.543922 0.311668
BD_Brms
 2.38255 1.6102 0.769335 0.432991 0.520441 0.65291 0.901198 0.50224 0.456438 0.292874 0.189783 0.421193 0.243776 0.0947327 0.228382 0.249214 0.698185 0.581052 1.45727 1.27281 1.30857 1.18811 0.907198 0.684724 1.37887 1.18244 0.987297 1.07797 1.53824 0.988949 0.566669
Sel_flota
 0.686528 0.976532 0.998737 0.999933 0.999996
 0.686528 0.976532 0.998737 0.999933 0.999996
 0.686528 0.976532 0.998737 0.999933 0.999996
 0.686528 0.976532 0.998737 0.999933 0.999996
 0.686528 0.976532 0.998737 0.999933 0.999996
 0.686528 0.976532 0.998737 0.999933 0.999996
 0.686528 0.976532 0.998737 0.999933 0.999996
 0.686528 0.976532 0.998737 0.999933 0.999996
 0.686528 0.976532 0.998737 0.999933 0.999996
 0.686528 0.976532 0.998737 0.999933 0.999996
 0.686528 0.976532 0.998737 0.999933 0.999996
 0.686528 0.976532 0.998737 0.999933 0.999996
 0.686528 0.976532 0.998737 0.999933 0.999996
 0.686528 0.976532 0.998737 0.999933 0.999996
 0.686528 0.976532 0.998737 0.999933 0.999996
 0.686528 0.976532 0.998737 0.999933 0.999996
 0.686528 0.976532 0.998737 0.999933 0.999996
 0.686528 0.976532 0.998737 0.999933 0.999996
 0.686528 0.976532 0.998737 0.999933 0.999996
 0.686528 0.976532 0.998737 0.999933 0.999996
 0.686528 0.976532 0.998737 0.999933 0.999996
 0.686528 0.976532 0.998737 0.999933 0.999996
 0.686528 0.976532 0.998737 0.999933 0.999996
 0.686528 0.976532 0.998737 0.999933 0.999996
 0.686528 0.976532 0.998737 0.999933 0.999996
 0.686528 0.976532 0.998737 0.999933 0.999996
 0.686528 0.976532 0.998737 0.999933 0.999996
 0.686528 0.976532 0.998737 0.999933 0.999996
 0.686528 0.976532 0.998737 0.999933 0.999996
 0.686528 0.976532 0.998737 0.999933 0.999996
 0.686528 0.976532 0.998737 0.999933 0.999996
Sel_reclas
 1 1 1 1 1
 1 1 1 1 1
 1 1 1 1 1
 1 1 1 1 1
 1 1 1 1 1
 1 1 1 1 1
 1 1 1 1 1
 1 1 1 1 1
 1 1 1 1 1
 1 1 1 1 1
 1 1 1 1 1
 1 1 1 1 1
 1 1 1 1 1
 1 1 1 1 1
 1 1 1 1 1
 1 1 1 1 1
 1 1 1 1 1
 1 1 1 1 1
 1 1 1 1 1
 1 1 1 1 1
 1 1 1 1 1
 1 1 1 1 1
 1 1 1 1 1
 1 1 1 1 1
 1 1 1 1 1
 1 1 1 1 1
 1 1 1 1 1
 1 1 1 1 1
 1 1 1 1 1
 1 1 1 1 1
 1 1 1 1 1
Sel_pelaces
 0.762744 0.94179 0.987868 0.997566 0.999515
 0.762744 0.94179 0.987868 0.997566 0.999515
 0.762744 0.94179 0.987868 0.997566 0.999515
 0.762744 0.94179 0.987868 0.997566 0.999515
 0.762744 0.94179 0.987868 0.997566 0.999515
 0.762744 0.94179 0.987868 0.997566 0.999515
 0.762744 0.94179 0.987868 0.997566 0.999515
 0.762744 0.94179 0.987868 0.997566 0.999515
 0.762744 0.94179 0.987868 0.997566 0.999515
 0.762744 0.94179 0.987868 0.997566 0.999515
 0.762744 0.94179 0.987868 0.997566 0.999515
 0.762744 0.94179 0.987868 0.997566 0.999515
 0.762744 0.94179 0.987868 0.997566 0.999515
 0.762744 0.94179 0.987868 0.997566 0.999515
 0.762744 0.94179 0.987868 0.997566 0.999515
 0.762744 0.94179 0.987868 0.997566 0.999515
 0.762744 0.94179 0.987868 0.997566 0.999515
 0.762744 0.94179 0.987868 0.997566 0.999515
 0.762744 0.94179 0.987868 0.997566 0.999515
 0.762744 0.94179 0.987868 0.997566 0.999515
 0.762744 0.94179 0.987868 0.997566 0.999515
 0.762744 0.94179 0.987868 0.997566 0.999515
 0.762744 0.94179 0.987868 0.997566 0.999515
 0.762744 0.94179 0.987868 0.997566 0.999515
 0.762744 0.94179 0.987868 0.997566 0.999515
 0.762744 0.94179 0.987868 0.997566 0.999515
 0.762744 0.94179 0.987868 0.997566 0.999515
 0.762744 0.94179 0.987868 0.997566 0.999515
 0.762744 0.94179 0.987868 0.997566 0.999515
 0.762744 0.94179 0.987868 0.997566 0.999515
 0.762744 0.94179 0.987868 0.997566 0.999515
pf_obs 
 0.8446 0.082 0.0669 0.0065 0
 0.8095 0.147 0.0364 0.0071 0
 0.9664 0.0169 0.016 0.0007 0
 0.9276 0.0648 0.0075 0.0001 0
 0.7033 0.2144 0.0806 0.0017 0
 0.9318 0.0425 0.0243 0.0014 0
 0.5671 0.3108 0.0964 0.0239 0.0018
 0.0768 0.2599 0.5324 0.112 0.0189
 0.490249 0.384438 0.106611 0.0170017 0.00170017
 0.7925 0.1577 0.0466 0.003 0.0002
 0.840416 0.127587 0.0312969 0.00059994 9.999e-05
 0.8084 0.0986 0.0794 0.0134 0.0002
 0.7335 0.1905 0.0724 0.0035 0.0001
 0.4001 0.4547 0.1325 0.0127 0
 0.49795 0.308269 0.164784 0.0264974 0.00249975
 0.9179 0.0499 0.0305 0.0017 0
 0.2467 0.6533 0.0926 0.0074 0
 0.9418 0.0223 0.034 0.0019 0
 0.707729 0.231977 0.0356964 0.0245975 0
 0.517169 0.277429 0.184464 0.0207286 0.00020938
 0.811772 0.124168 0.05621 0.00726502 0.000585176
 0.764997 0.148141 0.077277 0.00933861 0.000247198
 0.163321 0.427699 0.378323 0.0303852 0.000271297
 0.753843 0.0900009 0.118128 0.0371064 0.000921714
 0.721811 0.176058 0.0630433 0.0369309 0.00215725
 0.143369 0.312575 0.442814 0.0836902 0.0175525
 0.692698 0.0596174 0.167031 0.0765114 0.00414204
 0.394062 0.376323 0.152708 0.0712218 0.00568511
 0.125707 0.32114 0.495352 0.0537591 0.00404204
 0.23352 0.215282 0.420074 0.123614 0.00750983
 0.796117 0.104755 0.0508955 0.0450114 0.00322123
pf_pred 
 0.501126 0.138427 0.337717 0.0227293 8.79756e-07
 0.430362 0.340363 0.0647556 0.154158 0.0103621
 0.591342 0.218435 0.114948 0.0212828 0.0539929
 0.752922 0.169922 0.0417732 0.0213939 0.0139891
 0.662494 0.278917 0.0406715 0.00970775 0.00820947
 0.745827 0.187952 0.0549547 0.00782432 0.00344238
 0.458359 0.441004 0.0749253 0.0213427 0.00436944
 0.449573 0.317117 0.191093 0.0314446 0.0107722
 0.531687 0.253212 0.125153 0.0736891 0.0162592
 0.721035 0.177871 0.0553911 0.0266086 0.0190944
 0.847439 0.122766 0.019215 0.00580142 0.00477862
 0.5523 0.397904 0.0402559 0.00615514 0.00338477
 0.628608 0.247245 0.110734 0.0108463 0.00256584
 0.910187 0.0677599 0.0148815 0.00639825 0.000773244
 0.679464 0.303121 0.0132584 0.00280641 0.00134974
 0.926564 0.056731 0.0158245 0.000670368 0.000209776
 0.384365 0.586522 0.0226497 0.00612291 0.000339972
 0.920624 0.0387106 0.0387944 0.00145647 0.000414962
 0.664523 0.317614 0.00883503 0.00861301 0.000414869
 0.577071 0.318467 0.0990539 0.00267687 0.00273106
 0.654523 0.233617 0.0848126 0.0256494 0.00139819
 0.746948 0.188057 0.0443478 0.0156605 0.00498689
 0.370876 0.519118 0.0824164 0.0188353 0.00875442
 0.820189 0.0850362 0.0785845 0.0121341 0.00405588
 0.637329 0.316382 0.022193 0.0199846 0.00411146
 0.436888 0.406355 0.137203 0.00938182 0.0101723
 0.73103 0.143008 0.0915206 0.0301501 0.00429118
 0.681711 0.255096 0.0340037 0.0212161 0.00797321
 0.349853 0.492858 0.126692 0.0164748 0.0141233
 0.434249 0.248936 0.241598 0.0606006 0.0146165
 0.837761 0.0869352 0.033626 0.0317936 0.00988441
pobs_RECLAS
 0 0 0 0 0
 0 0 0 0 0
 0 0 0 0 0
 0 0 0 0 0
 0 0 0 0 0
 0 0 0 0 0
 0 0 0 0 0
 0 0 0 0 0
 0 0 0 0 0
 0 0 0 0 0
 0.991045 0.00858322 0.000360255 1.14367e-05 0
 0.934742 0.0480273 0.0164251 0.00080598 0
 0.827803 0.169806 0.00239088 0 0
 0.941827 0.0461693 0.0120037 0 0
 0.791401 0.0380133 0.147996 0.0225897 0
 0.846168 0.0940531 0.0597789 0 0
 0.134021 0.677848 0.182769 0.00536245 0
 0.80878 0.0450904 0.141981 0.00414843 0
 0.846168 0.0940531 0.0597789 0 0
 0.905697 0.0802665 0.012482 0.00150086 5.37128e-05
 0.989698 0.0102097 9.19794e-05 0 0
 0.975433 0.0193895 0.00387452 0.00125025 5.28907e-05
 0.303575 0.632131 0.0575291 0.00676475 0
 0.966965 0.00978017 0.0227588 0.000495775 0
 0.843318 0.132988 0.00938335 0.0141283 0.000182051
 0.564624 0.303363 0.111486 0.0197234 0.00080311
 0.826376 0.0876187 0.0782897 0.00655872 0.00115652
 0.89761 0.0855135 0.0140674 0.00269457 0.000114338
 0.34875 0.467042 0.161289 0.0227151 0.000203297
 0.318654 0.224769 0.449479 0.00709798 0
 0.937255 0.0296025 0.0250945 0.00804832 0
ppred_RECLAS
 0.593841 0.114588 0.273205 0.018365 7.10784e-07
 0.523734 0.287366 0.0534005 0.126966 0.00853379
 0.678287 0.173883 0.0893762 0.0165274 0.0419262
 0.816765 0.126984 0.0304732 0.0155866 0.0101912
 0.738043 0.21735 0.030977 0.00738479 0.00624464
 0.809216 0.141936 0.0405454 0.0057656 0.00253646
 0.55434 0.364537 0.0604177 0.0171874 0.00351849
 0.540643 0.267221 0.157405 0.0258699 0.00886188
 0.624109 0.205512 0.0991853 0.0583255 0.0128685
 0.791807 0.13395 0.0407038 0.0195276 0.0140121
 0.888456 0.0901635 0.0137946 0.00415984 0.00342624
 0.644077 0.317207 0.0313067 0.00478048 0.00262865
 0.72058 0.187725 0.081802 0.00800068 0.00189253
 0.938159 0.0469592 0.0100469 0.0043136 0.00052127
 0.756294 0.230775 0.00984757 0.00208168 0.00100112
 0.948759 0.0398055 0.0108338 0.000458348 0.000143419
 0.47464 0.50108 0.0188956 0.00510158 0.000283244
 0.944253 0.027517 0.0269326 0.00100987 0.000287701
 0.741781 0.244787 0.00664812 0.00647279 0.000311759
 0.664771 0.253905 0.0771197 0.00208147 0.00212347
 0.733673 0.181484 0.0643476 0.0194358 0.00105941
 0.812577 0.140173 0.0322532 0.0113746 0.00362185
 0.460863 0.446719 0.0692615 0.0158089 0.0073473
 0.869016 0.0627126 0.0566212 0.00873195 0.0029185
 0.716712 0.247877 0.0169889 0.0152794 0.00314325
 0.5279 0.342865 0.113132 0.00772637 0.00837684
 0.797676 0.108757 0.0680068 0.0223761 0.00318453
 0.755066 0.197219 0.0256898 0.0160091 0.00601599
 0.43652 0.429544 0.107907 0.0140149 0.0120137
 0.527824 0.210513 0.1996 0.0500039 0.0120598
 0.882497 0.0636663 0.0240568 0.0227176 0.00706227
pobs_PELACES
 0 0 0 0 0
 0 0 0 0 0
 0 0 0 0 0
 0 0 0 0 0
 0 0 0 0 0
 0 0 0 0 0
 0 0 0 0 0
 0 0 0 0 0
 0 0 0 0 0
 0 0 0 0 0
 0 0 0 0 0
 0 0 0 0 0
 0 0 0 0 0
 0 0 0 0 0
 0 0 0 0 0
 0 0 0 0 0
 0.505614 0.472636 0.0217494 0 0
 0 0 0 0 0
 0.443492 0.261883 0.143347 0.151278 0
 0.227955 0.32914 0.350689 0.0885471 0.00366901
 0.970185 0.0296113 0.000203453 0 0
 0.997202 0.00247181 0.000326279 0 0
 0.445219 0.490057 0.0546422 0.010081 0
 0.90214 0.0892962 0.00764917 0.000914606 0
 0 0 0 0 0
 0.581667 0.319106 0.0959925 0.00289975 0.000334073
 0.762889 0.0836404 0.116647 0.0363945 0.000428098
 0.88444 0.0763242 0.0277011 0.0115352 0
 0.521256 0.241999 0.230069 0.00667565 0
 0.616807 0.101726 0.260614 0.0208532 0
 0.833518 0.0704572 0.0857862 0.0102388 0
ppred_PELACES
 0.539181 0.125694 0.313823 0.0213005 8.26007e-07
 0.475873 0.309728 0.0601868 0.144483 0.00973002
 0.634475 0.193096 0.103795 0.019379 0.0492556
 0.789967 0.143381 0.0359372 0.0185575 0.0121572
 0.697199 0.24908 0.0371857 0.00895129 0.00758404
 0.77794 0.163191 0.0487785 0.00700352 0.00308706
 0.517693 0.391251 0.0676451 0.0194266 0.0039846
 0.48587 0.292968 0.180848 0.030013 0.0103012
 0.579816 0.224694 0.113331 0.0672849 0.014874
 0.763714 0.149436 0.0473936 0.022954 0.0165027
 0.866138 0.107139 0.0171767 0.0052303 0.00431632
 0.610345 0.34557 0.0355794 0.00548464 0.00302169
 0.699662 0.199149 0.0901773 0.00890191 0.00210977
 0.930723 0.0520521 0.0115924 0.00502392 0.000608282
 0.728996 0.256003 0.011397 0.00243217 0.00117194
 0.940743 0.0455833 0.0129469 0.000552972 0.000173363
 0.433425 0.539208 0.0212521 0.00579302 0.00032226
 0.933284 0.0321816 0.0329317 0.00124671 0.000355867
 0.709512 0.274663 0.00779385 0.00766118 0.000369714
 0.624465 0.281305 0.0893087 0.00243366 0.00248759
 0.696343 0.203808 0.0755512 0.0230398 0.0012583
 0.787724 0.156906 0.037676 0.0134138 0.00427944
 0.417876 0.478398 0.0775377 0.0178684 0.00832063
 0.844015 0.0728524 0.0688264 0.010717 0.00358895
 0.677031 0.280771 0.0201396 0.0182888 0.00376966
 0.47765 0.374389 0.129351 0.00891994 0.00968975
 0.762532 0.124791 0.0816739 0.0271337 0.00386913
 0.716857 0.225701 0.0307815 0.0193685 0.00729258
 0.387974 0.461145 0.121309 0.0159088 0.0136638
 0.476732 0.227151 0.225343 0.0569996 0.0137738
 0.860179 0.0739959 0.0292496 0.0278885 0.00868663
pobs_pel_tallas
 0 0 0 0 0 0 0 0 0 0 0 0 0 0 0 0 0 0 0 0 0 0 0 0 0 0
 0 0 0 0 0 0 0 0 0 0 0 0 0 0 0 0 0 0 0 0 0 0 0 0 0 0
 0 0 0 0 0 0 0 0 0 0 0 0 0 0 0 0 0 0 0 0 0 0 0 0 0 0
 0 0 0 0 0 0 0 0 0 0 0 0 0 0 0 0 0 0 0 0 0 0 0 0 0 0
 0 0 0 0 0 0 0 0 0 0 0 0 0 0 0 0 0 0 0 0 0 0 0 0 0 0
 0 0 0 0 0 0 0 0 0 0 0 0 0 0 0 0 0 0 0 0 0 0 0 0 0 0
 0 0 0 0 0 0 0 0 0 0 0 0 0 0 0 0 0 0 0 0 0 0 0 0 0 0
 0 0 0 0 0 0 0 0 0 0 0 0 0 0 0 0 0 0 0 0 0 0 0 0 0 0
 0 0 0 0 0 0 0 0 0 0 0 0 0 0 0 0 0 0 0 0 0 0 0 0 0 0
 0 0 0 0 0 0 0 0 0 0 0 0 0 0 0 0 0 0 0 0 0 0 0 0 0 0
 0 0 0 0 0 0 0 0 0 0 0 0 0 0 0 0 0 0 0 0 0 0 0 0 0 0
 0 0 0 0 0 0 0 0 0 0 0 0 0 0 0 0 0 0 0 0 0 0 0 0 0 0
 0.00862536 0 0 0.000197151 0.00414017 0.0128641 0.00837892 0.0270097 0.101434 0.158115 0.152841 0.127902 0.109271 0.109419 0.0830992 0.0579132 0.0238553 0.00714673 0.00463305 0.00128148 0.00103504 0.000492878 0.000147863 0.000147863 4.92878e-05 0
 0 0 0 0 0 0 0 0 0 0 0 0 0 0 0 0 0 0 0 0 0 0 0 0 0 0
 0 0 0 0 0 0 0 0.0054083 0.00873648 0.0413646 0.0450493 0.0745869 0.0622846 0.0627006 0.0613931 0.0827291 0.12552 0.122667 0.0946155 0.0697135 0.0546179 0.0294188 0.0215738 0.0213955 0.0102223 0.00600262
 0 0 0 0 0.00359764 0.0251062 0.0480494 0.140153 0.205849 0.193036 0.1447 0.116669 0.0760912 0.0342217 0.00950174 0.001854 0.000860785 0 0 0 0.000165536 0 0.000143464 0 0 0
 0 0 0 0 0 0 0 0.000145254 0.000435761 0.0275982 0.070085 0.0708112 0.156366 0.174668 0.174014 0.160142 0.0824315 0.0480064 0.0283245 0.00493863 0.00203355 0 0 0 0 0
 0 0 0 0 0 0 0 0 0 0 0 0 0 0 0 0 0 0 0 0 0 0 0 0 0 0
 0 0 1.00437e-05 0.000401748 0.00122533 0.00171747 0.00176769 0.0269171 0.070346 0.194647 0.189555 0.159765 0.064822 0.0314167 0.0384472 0.0292271 0.0345202 0.0313363 0.0194345 0.0106764 0.0143323 0.0359363 0.0279516 0.0138201 0.00172751 0
 0 0.0021121 0.0136068 0.0755702 0.200478 0.177729 0.0527432 0.0373336 0.0318909 0.0142505 0.0149659 0.0166563 0.0217959 0.0798694 0.0677717 0.0528807 0.04013 0.0224614 0.0357745 0.0225083 0.00881397 0.00855152 0.00135912 0.000746735 0 0
 0 0 0 0 5.4009e-05 0.00500934 0.000945158 0.0243581 0.138947 0.33067 0.221406 0.137944 0.0707744 0.0437923 0.0131692 0.00525238 0.0047753 0.00276346 9.45158e-05 9.00151e-06 2.25038e-05 9.00151e-06 4.50075e-06 0 0 0
 0.000866109 0.00284123 0.00948549 0.0512746 0.133035 0.25785 0.225252 0.132002 0.0553304 0.0519788 0.0540692 0.017754 0.00435017 0.00159236 0.00146478 0.000404838 0.000125132 0.000115318 0.000107957 0.000100596 0 0 0 0 0 0
 0 0 0 0 0.00144013 0.00171154 0.00461396 0.0210425 0.0478622 0.0707936 0.0888783 0.103762 0.0637923 0.0337046 0.0602308 0.124433 0.169614 0.0934646 0.0462172 0.0250306 0.0313229 0.00938855 0.002487 0.000210481 0 0
 0 0.00764035 0.051015 0.0998891 0.058973 0.0496711 0.0374665 0.0718981 0.12319 0.153886 0.159021 0.0857701 0.0377988 0.023471 0.0147837 0.00900784 0.00315554 0.000888139 0.00291439 0.00214683 0.00393193 0.00274676 0.000635225 9.99891e-05 0 0
 0 0 0 0 0 0 0 0 0 0 0 0 0 0 0 0 0 0 0 0 0 0 0 0 0 0
 0 0 0 0 0 0 0 0 0 0 0 0 0 0 0 0 0 0 0 0 0 0 0 0 0 0
 0 0 0 0 0 0 0 0 0 0 0 0 0 0 0 0 0 0 0 0 0 0 0 0 0 0
 0 0 0 0 0 0 0 0 0 0 0 0 0 0 0 0 0 0 0 0 0 0 0 0 0 0
 0 0 0 0 0 0 0 0 0 0 0 0 0 0 0 0 0 0 0 0 0 0 0 0 0 0
 0 0 0 0 0 0 0 0 0 0 0 0 0 0 0 0 0 0 0 0 0 0 0 0 0 0
 0 0 0 0 0 0 0 0 0 0 0 0 0 0 0 0 0 0 0 0 0 0 0 0 0 0
ppred_pel_tallas
 1.11225e-16 4.44117e-05 0.000431697 0.00286878 0.0130411 0.0405757 0.0864512 0.126181 0.126193 0.0865129 0.0407841 0.0136489 0.00441683 0.00388444 0.00681626 0.0117564 0.0182275 0.0256139 0.0332164 0.040552 0.047353 0.053193 0.0571588 0.0580318 0.0549585 0.0480885
 1.17953e-16 3.91971e-05 0.00038101 0.00253194 0.0115099 0.0358116 0.0763016 0.111371 0.111401 0.0764479 0.036303 0.0129302 0.00610161 0.00818882 0.0149148 0.0247269 0.0359477 0.0459605 0.0521869 0.0536018 0.0513963 0.0481318 0.0460292 0.0457169 0.0462125 0.0458567
 1.13324e-16 5.22609e-05 0.000507994 0.0033758 0.0153459 0.047747 0.101731 0.148483 0.148501 0.101822 0.0480551 0.0162376 0.00562065 0.00543057 0.00946665 0.0157413 0.0230842 0.0299135 0.0346585 0.0366334 0.0364165 0.0353461 0.034548 0.0342835 0.0340196 0.0329787
 1.04993e-16 6.50685e-05 0.000632489 0.00420311 0.0191068 0.0594483 0.126661 0.184869 0.184883 0.126729 0.0596757 0.019764 0.00585441 0.00424275 0.00693806 0.0114112 0.0165388 0.0210308 0.0236255 0.0237639 0.0219183 0.0192446 0.0168407 0.0151933 0.0141412 0.0132193
 1.03318e-16 5.74274e-05 0.000558215 0.00370953 0.016863 0.0524672 0.111788 0.163163 0.163187 0.111905 0.0528612 0.018001 0.00656624 0.00679523 0.011905 0.0195971 0.0282408 0.0355489 0.0392299 0.0382311 0.0333603 0.0267261 0.0204624 0.0157321 0.012585 0.0104598
 1.02675e-16 6.40779e-05 0.00062286 0.00413913 0.0188159 0.0585433 0.124733 0.182055 0.182071 0.12481 0.0588022 0.0195642 0.00601947 0.00473412 0.007891 0.0129932 0.0188255 0.0239119 0.0267842 0.0267524 0.0242857 0.0206394 0.0170475 0.0141289 0.0118553 0.00991052
 1.04675e-16 4.26418e-05 0.000414493 0.00275446 0.0125214 0.0389589 0.0830074 0.12116 0.121197 0.0831917 0.039578 0.01431 0.00724508 0.0102211 0.0186775 0.0308376 0.0444829 0.0560742 0.0620253 0.0606764 0.053264 0.0430394 0.0332803 0.0257543 0.0205259 0.0167604
 1.10047e-16 4.00205e-05 0.000389014 0.00258513 0.0117517 0.0365639 0.0779044 0.11371 0.113738 0.0780435 0.0370319 0.0131061 0.00599593 0.00787073 0.0143546 0.0239433 0.035131 0.0455242 0.0526693 0.0553823 0.0543268 0.0512967 0.0478474 0.0444336 0.0405967 0.0357639
 1.12593e-16 4.77587e-05 0.000464232 0.00308498 0.0140239 0.0436337 0.092967 0.135693 0.135714 0.0930736 0.0439921 0.0150612 0.00569637 0.00619025 0.0109979 0.0183065 0.0268444 0.0347822 0.0402939 0.042579 0.0422961 0.0409644 0.039831 0.0391273 0.0381897 0.0361457
 1.06501e-16 6.29062e-05 0.00061147 0.00406344 0.0184718 0.0574727 0.122452 0.178726 0.17874 0.122523 0.05771 0.019158 0.00578854 0.004386 0.00725718 0.0119669 0.0173984 0.0222377 0.0251981 0.0257139 0.0242695 0.022027 0.0200555 0.0187725 0.0179319 0.017006
 1.01779e-16 7.13427e-05 0.000693476 0.00460839 0.0209491 0.0651805 0.138874 0.202693 0.202704 0.138925 0.06535 0.0214388 0.00583778 0.00337802 0.00517218 0.00844425 0.0121732 0.0153431 0.0169714 0.0166106 0.0146103 0.0118736 0.00930693 0.00739279 0.00613219 0.00526639
 1.02177e-16 5.02734e-05 0.000488675 0.00324742 0.0147623 0.0459312 0.0978625 0.14284 0.142873 0.0980252 0.0464772 0.016339 0.00720401 0.0091222 0.0164358 0.027063 0.0389112 0.0487848 0.0534574 0.0514354 0.0438475 0.0336851 0.0240326 0.0166584 0.0117743 0.00869085
 1.03904e-16 5.76303e-05 0.000560187 0.00372264 0.0169226 0.0526526 0.112183 0.163738 0.163757 0.112277 0.0529695 0.0178392 0.00602817 0.00560844 0.00968983 0.0160441 0.0233759 0.0299544 0.0340321 0.0347663 0.032654 0.0290697 0.0253164 0.0219732 0.0189329 0.0158761
 1.00955e-16 7.66625e-05 0.000745186 0.00495203 0.0225112 0.0700407 0.149229 0.217806 0.217811 0.149254 0.0701232 0.0227495 0.00555061 0.00205321 0.0025647 0.00412887 0.00596465 0.00755242 0.00841925 0.00834965 0.00750621 0.00630875 0.00517 0.00429625 0.00367036 0.00316723
 1.00837e-16 6.00464e-05 0.000583673 0.00387871 0.0176321 0.0548601 0.116886 0.170604 0.170628 0.117006 0.055264 0.0187984 0.00680428 0.00696361 0.0121573 0.0199524 0.0286167 0.0357341 0.0388864 0.0369601 0.030821 0.0227585 0.0151606 0.00943695 0.00580302 0.00374311
 1.00471e-16 7.74878e-05 0.000753209 0.00500534 0.0227535 0.0707948 0.150836 0.22015 0.220155 0.150857 0.070867 0.0229624 0.00553016 0.00190038 0.00226049 0.00362553 0.00524068 0.00664222 0.00741171 0.00735165 0.00659066 0.00548139 0.00437668 0.00346316 0.00274978 0.00216349
 1.01387e-16 3.57007e-05 0.000347024 0.0023061 0.0104832 0.0326175 0.0694969 0.101444 0.101495 0.0697503 0.0334682 0.0129394 0.00846704 0.0137818 0.0255077 0.042 0.0602337 0.0751865 0.0817639 0.0776173 0.0645726 0.0474618 0.031331 0.0191685 0.0114441 0.00708071
 1.01144e-16 7.68734e-05 0.000747237 0.00496565 0.0225731 0.0702334 0.14964 0.218404 0.218407 0.149655 0.0702852 0.0227233 0.00534474 0.0015817 0.00168189 0.00271131 0.00401991 0.00530691 0.00631248 0.0069012 0.00710993 0.00706845 0.00686664 0.00649175 0.0058795 0.00501209
 1.01127e-16 5.84417e-05 0.000568074 0.00377505 0.0171608 0.0533939 0.113762 0.166045 0.166071 0.113891 0.0538272 0.0184118 0.0069127 0.00740979 0.0130293 0.0213879 0.0306654 0.0382722 0.0416155 0.039509 0.0328982 0.0242604 0.0161739 0.010152 0.00640523 0.00434295
 1.03315e-16 5.14364e-05 0.00049998 0.00332254 0.0151038 0.0469937 0.100126 0.146143 0.14617 0.100259 0.0474401 0.016394 0.00656465 0.007589 0.0135481 0.0224024 0.0324645 0.0412307 0.046159 0.0460338 0.0416285 0.0350748 0.0284904 0.0229731 0.0185515 0.0147862
 1.04756e-16 5.73569e-05 0.000557529 0.00370498 0.0168423 0.0524028 0.11165 0.162961 0.162981 0.111747 0.0527267 0.0177789 0.00605972 0.0057106 0.00988121 0.0163425 0.0237656 0.0303678 0.0343605 0.0349076 0.0325776 0.0288607 0.0251652 0.0221076 0.0195231 0.0169604
 1.03197e-16 6.48838e-05 0.000630694 0.00419118 0.0190525 0.0592796 0.126302 0.184345 0.18436 0.126376 0.0595283 0.0197712 0.00599652 0.00457633 0.00757191 0.0124511 0.0180149 0.0228352 0.0255013 0.0253661 0.0229167 0.0194093 0.0160741 0.0135192 0.0116829 0.010184
 1.0556e-16 3.442e-05 0.000334574 0.00222337 0.0101071 0.0314473 0.0670035 0.0978032 0.0978493 0.0672288 0.0322041 0.0122934 0.00771202 0.0123191 0.0228033 0.0376653 0.0543049 0.0683953 0.0755396 0.0737036 0.0644103 0.0516671 0.0395309 0.0302149 0.0238337 0.0193707
 1.03688e-16 6.95204e-05 0.000675763 0.00449069 0.020414 0.0635156 0.135327 0.197515 0.197522 0.135362 0.0636328 0.0207536 0.0053477 0.0025617 0.00369542 0.00611465 0.00907112 0.0119705 0.0142418 0.0156015 0.0161664 0.0162646 0.0161171 0.0156764 0.0147347 0.0131585
 1.03126e-16 5.57662e-05 0.000542067 0.00360223 0.0163752 0.0509496 0.108554 0.158444 0.158471 0.108686 0.051393 0.0176557 0.00681515 0.00755191 0.0133573 0.0219649 0.0315699 0.0395679 0.0433515 0.0417388 0.0356935 0.0276934 0.0202672 0.0148224 0.0114415 0.00943525
 1.06363e-16 3.93435e-05 0.000382433 0.0025414 0.0115529 0.0359455 0.0765869 0.111788 0.111825 0.0767639 0.03654 0.0132715 0.00686094 0.00983061 0.0180375 0.0298985 0.0433935 0.0552469 0.0621139 0.062404 0.0571472 0.0491397 0.0411161 0.0344252 0.0289932 0.0241558
 1.05765e-16 6.28088e-05 0.000610524 0.00405715 0.0184432 0.0573837 0.122263 0.178448 0.17846 0.122322 0.0575833 0.0190211 0.00551295 0.00380612 0.00618363 0.0102596 0.0150936 0.0196563 0.0229325 0.0244473 0.0244946 0.0238153 0.0230045 0.0221513 0.0209435 0.0190437
 1.04123e-16 5.90466e-05 0.000573954 0.00381413 0.0173385 0.0539465 0.11494 0.167762 0.167784 0.115046 0.0543035 0.0183696 0.00640273 0.00622583 0.0107961 0.0177636 0.0256072 0.0322589 0.035659 0.0348783 0.0306751 0.0249762 0.0197058 0.0158713 0.0134378 0.0118048
 1.07527e-16 3.1957e-05 0.000310634 0.00206427 0.0093839 0.029197 0.062209 0.0908052 0.0908498 0.0624267 0.0299281 0.0114966 0.00737176 0.0119111 0.0221048 0.0366013 0.0529747 0.0671434 0.0749445 0.0744307 0.0669725 0.0562087 0.0457458 0.0374349 0.0312372 0.0262151
 1.14609e-16 3.92679e-05 0.000381698 0.00253652 0.0115306 0.0358762 0.0764389 0.11157 0.111592 0.0765476 0.0362421 0.0125915 0.00521483 0.00628008 0.0113932 0.0191714 0.0285475 0.0378635 0.0454141 0.050372 0.0531212 0.0546374 0.0554783 0.0552951 0.0532165 0.0486492
 1.0513e-16 7.08519e-05 0.000688705 0.00457669 0.020805 0.064732 0.137919 0.201298 0.201305 0.137954 0.0648499 0.0211459 0.00543453 0.00256842 0.00366196 0.00599897 0.00877343 0.0113359 0.0130867 0.0137824 0.0136776 0.0133206 0.0131605 0.0132775 0.0134067 0.0131705
pSPR Fmed_Fpbrs
0.50715   0.6 0.325
Fs Fmed_Fpbrs
0.413814   0.301068 0.746088
SSBpbr Bo_Bmed_Bpbrs
1.39357e+06  637071  766465 383232
Ro
130614
SPR SPRFo_SPRFmed_SPRFpbrs
932271 472801 302988
Fref
0.301068
Nvult_r0
 155018 12265.5 4666.43 4408.27 1370.44
CTP_r0
 31033.6 3220.38 1245.62 1177.75 366.153
YTP_r0
391302
Np
 169429 50690.8 17059.2 1159.56 554.978
Nvult_p0
 118739 36792.8 12413.2 843.874 403.89
CTP_p0
 20338.5 10261 716.215 269.819 319.843
 20338.5 8359.48 2869.64 195.263 93.4603
YTP_p0
 348435 358600
CBA_c0
351485
log_Ro
11.6
likeval ReclasPelacesDesembMPH_pf_preclas_ppelaces_ptallas_desvR_qrecl_qpela
 18.2706 18.2059 0.0553251 45.8601 249.866 120.168 100.66 0 23.038 7.83003e-06 3.29692e-05 0.215779 3.42763e-16 0 0
q_reclas_q_pelaces
1.48664 2.26347
M
1
N
 169858 33876.1 80973.2 5443.8 0.210694
 91664.7 53445 9977.85 23729.5 1594.95
 92964.1 25293.4 13060.2 2415.69 6128.11
 152442 25801.1 6232.06 3188.73 2084.96
 124019 37513.6 5357.45 1277.33 1080.13
 218344 40194 11524.4 1639.1 721.099
 87153.6 63894.1 10678.2 3039.06 622.151
 38069.9 19163.4 11303.9 1857.96 636.457
 36271.9 12845.2 6234.03 3666.99 809.068
 50627.3 9455.82 2895.24 1389.55 997.102
 112627 11655.7 1785.96 538.607 443.624
 68815.3 37765.1 3758.23 574.132 315.706
 48364.8 15165.7 6702.97 656.089 155.201
 127036 7398.29 1601.32 687.95 83.137
 67219.9 22818.5 981.685 207.61 99.8455
 321560 14929 4094.83 173.313 54.2317
 64635.3 73237.2 2776.75 749.909 41.6363
 547262 17011 16732.2 627.557 178.788
 415921 148331 4052.51 3946.89 190.103
 258799 105955 32353.7 873.481 891.12
 259715 68530.7 24418.9 7377.55 402.142
 368544 70370.8 16318.4 5757.36 1833.27
 80849.8 83826.1 13064 2982.68 1386.24
 285567 21625.1 19596.8 3022.75 1010.31
 231305 83628.2 5751.19 5173.44 1064.28
 102565 68963.8 22815.8 1558.43 1689.65
 225018 32022.3 20089.7 6611.25 940.908
 249487 67581.5 8827.77 5502.02 2067.59
 75928.6 77244.8 19454.4 2527.08 2166.25
 56904.9 23858.6 22708.4 5690.11 1372.34
 217239 16523.2 6268.73 5921.05 1840.71
pred_Ctot
 15737 4347.05 10605.4 713.775 0.0276272
 14824.5 11724.4 2230.62 5310.23 356.941
 14765.5 5454.21 2870.19 531.42 1348.18
 32958.5 7438.18 1828.58 936.499 612.361
 9427.21 3968.96 578.751 138.14 116.82
 28762.7 7248.33 2119.32 301.744 132.755
 23102.5 22227.8 3776.44 1075.73 220.231
 2007.3 1415.9 853.212 140.397 48.097
 6869.76 3271.67 1617.06 952.114 210.08
 12436.7 3067.97 955.406 458.954 329.347
 6350.65 919.997 143.996 43.4754 35.8107
 18176.2 13095 1324.82 202.566 111.393
 19147.1 7530.96 3372.9 330.372 78.1541
 43516.7 3239.65 711.496 305.905 36.9693
 17538.4 7824.19 342.228 72.4394 34.8397
 80477.9 4927.44 1374.46 58.2256 18.2203
 11948 18232.1 704.068 190.331 10.5681
 93349.8 3925.19 3933.69 147.684 42.0765
 83297.5 39812.7 1107.46 1079.63 52.0036
 47077.4 25980.5 8080.8 218.378 222.8
 44342.8 15827.1 5745.91 1737.7 94.7252
 92446.6 23275.1 5488.74 1938.23 617.206
 14314.6 20036.2 3181 726.981 337.892
 37506.4 3888.61 3593.58 554.879 185.471
 28192 13995 981.699 884.011 181.869
 9942.65 9247.79 3122.46 213.511 231.501
 26549.6 5193.77 3323.86 1094.99 155.847
 25331.2 9478.95 1263.52 788.355 296.271
 7090.9 9989.36 2567.81 333.916 286.255
 7726.75 4429.41 4298.85 1078.29 260.076
 31033.6 3220.38 1245.62 1177.75 366.153
F
 0.156312 0.222342 0.227398 0.22767 0.227684
 0.287594 0.40908 0.418382 0.418883 0.41891
 0.281798 0.400835 0.409949 0.41044 0.410466
 0.402081 0.571928 0.584933 0.585634 0.58567
 0.126714 0.180241 0.184339 0.18456 0.184572
 0.228844 0.325512 0.332914 0.333313 0.333334
 0.514672 0.732081 0.748727 0.749624 0.749671
 0.0864568 0.122978 0.125774 0.125925 0.125933
 0.344413 0.4899 0.501039 0.50164 0.501671
 0.468692 0.666677 0.681836 0.682653 0.682696
 0.0926951 0.131852 0.13485 0.135011 0.13502
 0.51239 0.728835 0.745407 0.7463 0.746347
 0.877524 1.24821 1.27659 1.27812 1.2782
 0.7169 1.01973 1.04292 1.04417 1.04424
 0.504666 0.717848 0.73417 0.73505 0.735096
 0.479479 0.682021 0.697529 0.698365 0.698409
 0.334901 0.47637 0.487202 0.487786 0.487817
 0.305482 0.434525 0.444405 0.444937 0.444966
 0.367485 0.522718 0.534604 0.535245 0.535278
 0.328772 0.467653 0.478286 0.478859 0.47889
 0.305808 0.434988 0.444879 0.445412 0.44544
 0.480815 0.683921 0.699472 0.70031 0.700354
 0.318738 0.45338 0.463689 0.464245 0.464274
 0.228096 0.324448 0.331826 0.332223 0.332244
 0.210154 0.298928 0.305725 0.306091 0.30611
 0.164069 0.233375 0.238681 0.238967 0.238982
 0.202845 0.288531 0.295091 0.295445 0.295464
 0.172426 0.245262 0.250839 0.25114 0.251156
 0.157649 0.224243 0.229342 0.229617 0.229631
 0.236618 0.33657 0.344223 0.344636 0.344657
 0.250303 0.356036 0.364132 0.364568 0.364591
YTP_r0W_actual
 257579 45407.4 34379.2 40278.9 13657.5
YTP_p0W_proyectada
 152335 160789 16566.1 7924.57 10820.3
 152335 130993 66374.9 5734.88 3161.76
CTP_r0_actual
 31033.6 3220.38 1245.62 1177.75 366.153
CTP_p0_proyectada
 20338.5 10261 716.215 269.819 319.843
 20338.5 8359.48 2869.64 195.263 93.4603
Wmedp
 7.49 15.67 23.13 29.37 33.83
Frms_r0
 0.250303 0.356036 0.364132 0.364568 0.364591
Zrms_r0
 1.2503 1.35604 1.36413 1.36457 1.36459
nmprior
 8.19 8.8 8.5 0
nm_flota  nm_reclas  nm_pelaces    nm_pelaL
inf 16.4452 19.3198 46.9682
cv_recla  cv_pelaces  cv_mph
0.386635 0.483815 0.626966
 ------------------------------------------------
Talla a la edad & desviaci?n 
 8 13.2811 15.8009 17.003 17.5766
 0.8 1.32811 1.58009 1.7003 1.75766
