years
 1991 1992 1993 1994 1995 1996 1997 1998 1999 2000 2001 2002 2003 2004 2005 2006 2007 2008 2009 2010 2011 2012 2013 2014 2015 2016 2017 2018 2019 2020 2021
reclasobs
 0 0 0 0 0 0 0 0 0 252601 567819 844713 477998 351125 339783 2.1784e+06 2.13404e+06 4.81314e+06 1.55562e+06 2.62356e+06 3.21686e+06 3.843e+06 1.13348e+06 3.07943e+06 1.97215e+06 2.03268e+06 2.025e+06 2.42433e+06 2.27542e+06 1.05018e+06 2.36338e+06
reclaspred
 4.22523e+06 2.03227e+06 993489 810253 683634 2.4442e+06 1.40824e+06 981302 593115 288637 831222 922058 307777 769988 559603 1.46731e+06 1.0892e+06 3.04747e+06 3.26225e+06 2.36461e+06 3.11316e+06 2.23965e+06 1.37735e+06 2.88097e+06 2.25244e+06 1.85335e+06 2.26138e+06 2.71637e+06 2.27598e+06 1.02174e+06 1.66399e+06
pelacesobs
 0 0 0 0 0 0 0 0 0 0 0 0 0 0 0 552880 188675 0 991730 2.46772e+06 1.41603e+06 1.21717e+06 2.29649e+06 1.80582e+06 0 1.4828e+06 1.56532e+06 1.57751e+06 1.42118e+06 867257 1.10002e+06
pelacespred
 3.23946e+06 1.47049e+06 630121 356746 387683 1.36919e+06 770628 768062 362999 125782 465955 465991 117573 391563 293521 627761 544067 1.61841e+06 1.87306e+06 1.32395e+06 1.64299e+06 1.13172e+06 775984 1.77046e+06 1.47699e+06 1.25593e+06 1.58295e+06 1.90685e+06 1.56666e+06 725053 972207
mphobs
 0 0 0 0 0 0 0 0 0 0 0 498337 0 5186 125008 0 168611 109162 213762 579715 649985 157893 87575 83554 0 0 0 0 0 0 0
mphpred
 690088 399022 164435 97272.7 77269 90531.9 313503 125311 94259 42294.2 20429 136956 65358.9 13784.9 59102.4 47304.3 181038 102430 356536 318016 310846 259189 228780 127964 348730 261210 185944 238523 398975 202477 78339.7
desembarqueobs
 494567 514787 250237 358949 120608 361735 552515 73892 212993 205616 52469 317467 293654 387597 252695 516296 358380 742168 942051 627588 828172 859565 418607 520667 417249 300574 415391 372974 316634 284311 391294
desembarquepred
 494521 514530 250092 358888 120595 361638 552216 73890.1 212968 205575 52464.1 317479 293725 387203 252557 516021 358344 741705 941022 626930 828235 859049 418355 520545 417077 300482 415253 372826 316497 284162 391203
Reclutas
 111236 87180.7 92399.5 81971.5 54118.3 237304 55558.6 18804 25564.8 36380.6 92515.3 68083.7 39914.2 106328 45876.6 249574 38530.1 380746 335915 205262 191617 336210 48898.2 195495 141651 56078.9 145184 166785 43488.5 30467.5 139625
log_desv_Rt
 0.196083 -0.0475873 0.0105515 -0.109198 -0.524398 0.953773 -0.498131 -1.5815 -1.27435 -0.921535 0.0118039 -0.294831 -0.828838 0.150963 -0.689615 1.00419 -0.864129 1.42656 1.30129 0.808716 0.739931 1.30216 -0.62583 0.759963 0.437794 -0.48881 0.462434 0.601133 -0.743073 -1.09891 0.423392
SSB
 1.0063e+06 581865 239783 141846 112676 132016 457158 182732 137451 61674.5 29790 199713 95308 20101.5 86184.6 68980.3 263994 149367 519910 463739 453283 377957 333614 186601 508528 380903 271148 347821 581795 295258 114237
BT
 1.53092e+06 1.03747e+06 471111 463458 281323 1.21331e+06 796130 398959 379955 265252 360134 491208 323805 700895 435476 847398 524701 1.76318e+06 1.9569e+06 1.18352e+06 1.55469e+06 1.38542e+06 708251 1.65138e+06 1.0575e+06 825953 1.356e+06 1.47624e+06 867122 552418 1.00563e+06
Ftot
 0.42815 0.879226 0.880219 1.46238 0.635946 0.56239 1.25304 0.278897 1.23052 2.1664 0.247385 1.15114 2.60032 1.75593 1.52674 1.27214 1.08898 0.905638 1.01435 0.931786 0.935459 1.31758 1.02042 0.681809 0.657306 0.579631 0.681657 0.513914 0.4881 0.955914 0.87574
BD_Bspro_t
 0.934296 0.601272 0.327927 0.241066 0.185693 0.254117 0.455536 0.226281 0.234519 0.147288 0.103036 0.494912 0.217128 0.0576494 0.180034 0.148849 0.286569 0.18114 0.366604 0.306486 0.257786 0.227701 0.225123 0.160504 0.366956 0.355337 0.333589 0.421329 0.524384 0.365894 0.219071
BD_Bspro
 1.54202 0.891624 0.367433 0.217358 0.172659 0.202296 0.700529 0.28001 0.210624 0.0945072 0.0456489 0.306031 0.146046 0.0308027 0.132065 0.105702 0.404533 0.228883 0.796687 0.710613 0.694591 0.579164 0.511215 0.285938 0.779245 0.583678 0.415495 0.532986 0.891518 0.45244 0.175052
BD_Bo
 0.880992 0.509407 0.209924 0.124182 0.0986444 0.115576 0.400229 0.159977 0.120335 0.0539943 0.0260804 0.174843 0.0834396 0.0175983 0.0754523 0.0603904 0.23112 0.130767 0.455167 0.405991 0.396837 0.330891 0.29207 0.163364 0.445202 0.33347 0.237383 0.304508 0.509346 0.25849 0.100011
BD_Brms
 1.6018 0.926194 0.38168 0.225785 0.179354 0.210139 0.72769 0.290866 0.21879 0.0981715 0.0474189 0.317897 0.151708 0.0319969 0.137186 0.109801 0.420218 0.237757 0.827576 0.738166 0.721522 0.60162 0.531036 0.297025 0.809458 0.606309 0.431605 0.553651 0.926084 0.469982 0.181839
Sel_flota
 0.603986 0.966642 0.998187 0.999904 0.999995
 0.603986 0.966642 0.998187 0.999904 0.999995
 0.603986 0.966642 0.998187 0.999904 0.999995
 0.603986 0.966642 0.998187 0.999904 0.999995
 0.603986 0.966642 0.998187 0.999904 0.999995
 0.603986 0.966642 0.998187 0.999904 0.999995
 0.603986 0.966642 0.998187 0.999904 0.999995
 0.603986 0.966642 0.998187 0.999904 0.999995
 0.603986 0.966642 0.998187 0.999904 0.999995
 0.603986 0.966642 0.998187 0.999904 0.999995
 0.603986 0.966642 0.998187 0.999904 0.999995
 0.603986 0.966642 0.998187 0.999904 0.999995
 0.603986 0.966642 0.998187 0.999904 0.999995
 0.603986 0.966642 0.998187 0.999904 0.999995
 0.603986 0.966642 0.998187 0.999904 0.999995
 0.603986 0.966642 0.998187 0.999904 0.999995
 0.603986 0.966642 0.998187 0.999904 0.999995
 0.603986 0.966642 0.998187 0.999904 0.999995
 0.603986 0.966642 0.998187 0.999904 0.999995
 0.603986 0.966642 0.998187 0.999904 0.999995
 0.603986 0.966642 0.998187 0.999904 0.999995
 0.603986 0.966642 0.998187 0.999904 0.999995
 0.603986 0.966642 0.998187 0.999904 0.999995
 0.603986 0.966642 0.998187 0.999904 0.999995
 0.603986 0.966642 0.998187 0.999904 0.999995
 0.603986 0.966642 0.998187 0.999904 0.999995
 0.603986 0.966642 0.998187 0.999904 0.999995
 0.603986 0.966642 0.998187 0.999904 0.999995
 0.603986 0.966642 0.998187 0.999904 0.999995
 0.603986 0.966642 0.998187 0.999904 0.999995
 0.603986 0.966642 0.998187 0.999904 0.999995
Sel_reclas
 0.627636 0.894545 0.977112 0.995367 0.999076
 0.627636 0.894545 0.977112 0.995367 0.999076
 0.627636 0.894545 0.977112 0.995367 0.999076
 0.627636 0.894545 0.977112 0.995367 0.999076
 0.627636 0.894545 0.977112 0.995367 0.999076
 0.627636 0.894545 0.977112 0.995367 0.999076
 0.627636 0.894545 0.977112 0.995367 0.999076
 0.627636 0.894545 0.977112 0.995367 0.999076
 0.627636 0.894545 0.977112 0.995367 0.999076
 0.627636 0.894545 0.977112 0.995367 0.999076
 0.627636 0.894545 0.977112 0.995367 0.999076
 0.627636 0.894545 0.977112 0.995367 0.999076
 0.627636 0.894545 0.977112 0.995367 0.999076
 0.627636 0.894545 0.977112 0.995367 0.999076
 0.627636 0.894545 0.977112 0.995367 0.999076
 0.627636 0.894545 0.977112 0.995367 0.999076
 0.627636 0.894545 0.977112 0.995367 0.999076
 0.627636 0.894545 0.977112 0.995367 0.999076
 0.627636 0.894545 0.977112 0.995367 0.999076
 0.627636 0.894545 0.977112 0.995367 0.999076
 0.627636 0.894545 0.977112 0.995367 0.999076
 0.627636 0.894545 0.977112 0.995367 0.999076
 0.627636 0.894545 0.977112 0.995367 0.999076
 0.627636 0.894545 0.977112 0.995367 0.999076
 0.627636 0.894545 0.977112 0.995367 0.999076
 0.627636 0.894545 0.977112 0.995367 0.999076
 0.627636 0.894545 0.977112 0.995367 0.999076
 0.627636 0.894545 0.977112 0.995367 0.999076
 0.627636 0.894545 0.977112 0.995367 0.999076
 0.627636 0.894545 0.977112 0.995367 0.999076
 0.627636 0.894545 0.977112 0.995367 0.999076
Sel_pelaces
 0.360867 0.739687 0.934642 0.986295 0.997247
 0.360867 0.739687 0.934642 0.986295 0.997247
 0.360867 0.739687 0.934642 0.986295 0.997247
 0.360867 0.739687 0.934642 0.986295 0.997247
 0.360867 0.739687 0.934642 0.986295 0.997247
 0.360867 0.739687 0.934642 0.986295 0.997247
 0.360867 0.739687 0.934642 0.986295 0.997247
 0.360867 0.739687 0.934642 0.986295 0.997247
 0.360867 0.739687 0.934642 0.986295 0.997247
 0.360867 0.739687 0.934642 0.986295 0.997247
 0.360867 0.739687 0.934642 0.986295 0.997247
 0.360867 0.739687 0.934642 0.986295 0.997247
 0.360867 0.739687 0.934642 0.986295 0.997247
 0.360867 0.739687 0.934642 0.986295 0.997247
 0.360867 0.739687 0.934642 0.986295 0.997247
 0.360867 0.739687 0.934642 0.986295 0.997247
 0.360867 0.739687 0.934642 0.986295 0.997247
 0.360867 0.739687 0.934642 0.986295 0.997247
 0.360867 0.739687 0.934642 0.986295 0.997247
 0.360867 0.739687 0.934642 0.986295 0.997247
 0.360867 0.739687 0.934642 0.986295 0.997247
 0.360867 0.739687 0.934642 0.986295 0.997247
 0.360867 0.739687 0.934642 0.986295 0.997247
 0.360867 0.739687 0.934642 0.986295 0.997247
 0.360867 0.739687 0.934642 0.986295 0.997247
 0.360867 0.739687 0.934642 0.986295 0.997247
 0.360867 0.739687 0.934642 0.986295 0.997247
 0.360867 0.739687 0.934642 0.986295 0.997247
 0.360867 0.739687 0.934642 0.986295 0.997247
 0.360867 0.739687 0.934642 0.986295 0.997247
 0.360867 0.739687 0.934642 0.986295 0.997247
pf_obs 
 0.8446 0.082 0.0669 0.0065 0
 0.8095 0.147 0.0364 0.0071 0
 0.9664 0.0169 0.016 0.0007 0
 0.9276 0.0648 0.0075 0.0001 0
 0.7033 0.2144 0.0806 0.0017 0
 0.9318 0.0425 0.0243 0.0014 0
 0.5671 0.3108 0.0964 0.0239 0.0018
 0.0768 0.2599 0.5324 0.112 0.0189
 0.490249 0.384438 0.106611 0.0170017 0.00170017
 0.7925 0.1577 0.0466 0.003 0.0002
 0.840416 0.127587 0.0312969 0.00059994 9.999e-05
 0.8084 0.0986 0.0794 0.0134 0.0002
 0.7335 0.1905 0.0724 0.0035 0.0001
 0.4001 0.4547 0.1325 0.0127 0
 0.49795 0.308269 0.164784 0.0264974 0.00249975
 0.9179 0.0499 0.0305 0.0017 0
 0.2467 0.6533 0.0926 0.0074 0
 0.9418 0.0223 0.034 0.0019 0
 0.707729 0.231977 0.0356964 0.0245975 0
 0.517169 0.277429 0.184464 0.0207286 0.00020938
 0.811772 0.124168 0.05621 0.00726502 0.000585176
 0.764997 0.148141 0.077277 0.00933861 0.000247198
 0.163321 0.427699 0.378323 0.0303852 0.000271297
 0.753843 0.0900009 0.118128 0.0371064 0.000921714
 0.721811 0.176058 0.0630433 0.0369309 0.00215725
 0.143369 0.312575 0.442814 0.0836902 0.0175525
 0.692698 0.0596174 0.167031 0.0765114 0.00414204
 0.394062 0.376323 0.152708 0.0712218 0.00568511
 0.125707 0.32114 0.495352 0.0537591 0.00404204
 0.23352 0.215282 0.420074 0.123614 0.00750983
 0.796117 0.104755 0.0508955 0.0450114 0.00322123
pf_pred 
 0.501839 0.184299 0.282943 0.030918 1.03668e-06
 0.553432 0.285705 0.0609988 0.0900456 0.00981912
 0.70876 0.20602 0.0555066 0.0112856 0.0184274
 0.716587 0.23416 0.0353468 0.00906654 0.0048401
 0.715694 0.24176 0.0355308 0.00503891 0.00197568
 0.906536 0.0766574 0.0143839 0.0020242 0.000398676
 0.381837 0.584563 0.0277653 0.00499471 0.000839402
 0.41884 0.328249 0.239895 0.0107615 0.0022542
 0.636782 0.199685 0.0938293 0.0661226 0.00358047
 0.835756 0.130059 0.019289 0.0085577 0.00633753
 0.939259 0.0566798 0.00326978 0.00044757 0.000344087
 0.617862 0.367801 0.0134097 0.000746423 0.000180365
 0.666808 0.25681 0.0736659 0.00254035 0.000175039
 0.95838 0.0359586 0.00445379 0.00116452 4.27093e-05
 0.714011 0.28101 0.00434225 0.000501389 0.000135389
 0.958601 0.0352081 0.00608986 8.82412e-05 1.28949e-05
 0.389234 0.598688 0.0103599 0.00169087 2.79922e-05
 0.953623 0.026117 0.0198797 0.000326033 5.39372e-05
 0.742446 0.251358 0.00356489 0.0025824 4.9226e-05
 0.648231 0.299452 0.0511221 0.000688336 0.000506711
 0.711326 0.225994 0.0537485 0.00872772 0.000203459
 0.836555 0.135543 0.0220805 0.00499369 0.00082753
 0.364369 0.583091 0.0440065 0.00675744 0.00177578
 0.880324 0.0637696 0.0515024 0.00369014 0.000713521
 0.654523 0.321945 0.0128003 0.00988877 0.00084349
 0.456448 0.421104 0.11445 0.00435522 0.00364292
 0.804619 0.117467 0.0609327 0.0158753 0.00110684
 0.736717 0.232757 0.0186794 0.00926922 0.00257718
 0.349645 0.540383 0.0976841 0.00752618 0.00476248
 0.468014 0.258429 0.228845 0.0397263 0.00498647
 0.908569 0.0583439 0.0164953 0.0138863 0.00270574
pobs_RECLAS
 0 0 0 0 0
 0 0 0 0 0
 0 0 0 0 0
 0 0 0 0 0
 0 0 0 0 0
 0 0 0 0 0
 0 0 0 0 0
 0 0 0 0 0
 0 0 0 0 0
 0 0 0 0 0
 0.991045 0.00858322 0.000360255 1.14367e-05 0
 0.934742 0.0480273 0.0164251 0.00080598 0
 0.827803 0.169806 0.00239088 0 0
 0.941827 0.0461693 0.0120037 0 0
 0.791401 0.0380133 0.147996 0.0225897 0
 0.846168 0.0940531 0.0597789 0 0
 0.134021 0.677848 0.182769 0.00536245 0
 0.80878 0.0450904 0.141981 0.00414843 0
 0.846168 0.0940531 0.0597789 0 0
 0.905697 0.0802665 0.012482 0.00150086 5.37128e-05
 0.989698 0.0102097 9.19794e-05 0 0
 0.975433 0.0193895 0.00387452 0.00125025 5.28907e-05
 0.303575 0.632131 0.0575291 0.00676475 0
 0.966965 0.00978017 0.0227588 0.000495775 0
 0.843318 0.132988 0.00938335 0.0141283 0.000182051
 0.564624 0.303363 0.111486 0.0197234 0.00080311
 0.826376 0.0876187 0.0782897 0.00655872 0.00115652
 0.89761 0.0855135 0.0140674 0.00269457 0.000114338
 0.34875 0.467042 0.161289 0.0227151 0.000203297
 0.318654 0.224769 0.449479 0.00709798 0
 0.937255 0.0296025 0.0250945 0.00804832 0
ppred_RECLAS
 0.526037 0.169175 0.274307 0.0304793 1.02568e-06
 0.586702 0.258402 0.0581199 0.0872291 0.00954647
 0.737057 0.182771 0.0518758 0.0107236 0.0175732
 0.754444 0.200994 0.0318202 0.00829627 0.00444489
 0.742356 0.217199 0.0336778 0.0048563 0.00191098
 0.916924 0.0674326 0.0133546 0.00191094 0.000377734
 0.426004 0.541217 0.0270075 0.0049388 0.000833008
 0.443636 0.306537 0.236756 0.0108 0.00227049
 0.672651 0.175363 0.0865862 0.062029 0.00337095
 0.868857 0.102788 0.0158779 0.00715757 0.00531967
 0.945785 0.0503852 0.00307218 0.000427625 0.000329948
 0.658575 0.327969 0.0125726 0.000711443 0.000172534
 0.732938 0.204107 0.0606832 0.0021257 0.000146993
 0.966478 0.0287679 0.00372686 0.000990341 3.6452e-05
 0.754734 0.240785 0.00389992 0.00045771 0.00012404
 0.9652 0.0293733 0.00533693 7.8611e-05 1.15291e-05
 0.430968 0.557178 0.0101423 0.00168288 2.79608e-05
 0.959337 0.0223753 0.0179392 0.000299121 4.96644e-05
 0.77303 0.22119 0.00330175 0.00243162 4.65196e-05
 0.682598 0.268062 0.0481936 0.000659734 0.000487415
 0.741251 0.20015 0.0501289 0.00827578 0.000193623
 0.860022 0.115026 0.0196763 0.00452348 0.000752318
 0.403148 0.54502 0.0432911 0.00675828 0.00178243
 0.892445 0.0558448 0.0475718 0.00346568 0.000672551
 0.6856 0.29173 0.0122358 0.00961131 0.000822797
 0.488309 0.391427 0.112273 0.00434417 0.00364687
 0.823269 0.103824 0.0568053 0.0150482 0.00105298
 0.761103 0.209668 0.0177639 0.00896321 0.00250114
 0.378797 0.511147 0.0975593 0.00764308 0.00485401
 0.501905 0.235207 0.219307 0.0387054 0.00487592
 0.919269 0.050374 0.0150039 0.0128419 0.0025113
pobs_PELACES
 0 0 0 0 0
 0 0 0 0 0
 0 0 0 0 0
 0 0 0 0 0
 0 0 0 0 0
 0 0 0 0 0
 0 0 0 0 0
 0 0 0 0 0
 0 0 0 0 0
 0 0 0 0 0
 0 0 0 0 0
 0 0 0 0 0
 0 0 0 0 0
 0 0 0 0 0
 0 0 0 0 0
 0 0 0 0 0
 0.505614 0.472636 0.0217494 0 0
 0 0 0 0 0
 0.443492 0.261883 0.143347 0.151278 0
 0.227955 0.32914 0.350689 0.0885471 0.00366901
 0.970185 0.0296113 0.000203453 0 0
 0.997202 0.00247181 0.000326279 0 0
 0.445219 0.490057 0.0546422 0.010081 0
 0.90214 0.0892962 0.00764917 0.000914606 0
 0 0 0 0 0
 0.581667 0.319106 0.0959925 0.00289975 0.000334073
 0.762889 0.0836404 0.116647 0.0363945 0.000428098
 0.88444 0.0763242 0.0277011 0.0115352 0
 0.521256 0.241999 0.230069 0.00667565 0
 0.616807 0.101726 0.260614 0.0208532 0
 0.833518 0.0704572 0.0857862 0.0102388 0
ppred_PELACES
 0.424743 0.186637 0.348513 0.0401055 1.35952e-06
 0.507423 0.289305 0.0745874 0.115907 0.0127779
 0.673566 0.216193 0.0703358 0.0150542 0.0248506
 0.71238 0.229122 0.0413266 0.0111525 0.00601883
 0.678468 0.264562 0.0471404 0.00703917 0.00279026
 0.88857 0.0878626 0.0200114 0.00296536 0.00059046
 0.372839 0.586353 0.0334089 0.00632432 0.0010745
 0.348879 0.335306 0.298713 0.0141134 0.00298884
 0.606504 0.196259 0.110671 0.082073 0.00449285
 0.852571 0.111926 0.0195544 0.00912024 0.00682775
 0.925109 0.0688099 0.00484096 0.000697927 0.000542462
 0.604828 0.377429 0.0165378 0.000968797 0.000236664
 0.716637 0.210254 0.0703809 0.00255018 0.000177628
 0.960379 0.0333196 0.00490289 0.00134829 4.99895e-05
 0.71925 0.274896 0.00506931 0.000615788 0.000168099
 0.956464 0.0359493 0.00745648 0.000113693 1.67962e-05
 0.374245 0.610817 0.0127171 0.00218452 3.65611e-05
 0.944905 0.0284394 0.0261287 0.000451087 7.54444e-05
 0.726992 0.264963 0.00452722 0.00345188 6.65218e-05
 0.620423 0.313426 0.0645554 0.000914965 0.000680931
 0.682947 0.237117 0.0680333 0.0116288 0.000274062
 0.829692 0.13631 0.0266057 0.00633143 0.0010607
 0.343738 0.591487 0.0537742 0.00869126 0.00230901
 0.853669 0.0708042 0.0692786 0.00522629 0.00102165
 0.618431 0.349818 0.016857 0.0137116 0.00118242
 0.407079 0.43784 0.144402 0.0057861 0.00489296
 0.767425 0.128283 0.0806183 0.0221149 0.0015588
 0.697749 0.259946 0.0253408 0.0132417 0.00372212
 0.304309 0.557046 0.122366 0.00992806 0.00635142
 0.421014 0.253074 0.270261 0.0493844 0.00626676
 0.892142 0.0633121 0.0216163 0.0191564 0.00377356
pobs_pel_tallas
 0 0 0 0 0 0 0 0 0 0 0 0 0 0 0 0 0 0 0 0 0 0 0 0 0 0
 0 0 0 0 0 0 0 0 0 0 0 0 0 0 0 0 0 0 0 0 0 0 0 0 0 0
 0 0 0 0 0 0 0 0 0 0 0 0 0 0 0 0 0 0 0 0 0 0 0 0 0 0
 0 0 0 0 0 0 0 0 0 0 0 0 0 0 0 0 0 0 0 0 0 0 0 0 0 0
 0 0 0 0 0 0 0 0 0 0 0 0 0 0 0 0 0 0 0 0 0 0 0 0 0 0
 0 0 0 0 0 0 0 0 0 0 0 0 0 0 0 0 0 0 0 0 0 0 0 0 0 0
 0 0 0 0 0 0 0 0 0 0 0 0 0 0 0 0 0 0 0 0 0 0 0 0 0 0
 0 0 0 0 0 0 0 0 0 0 0 0 0 0 0 0 0 0 0 0 0 0 0 0 0 0
 0 0 0 0 0 0 0 0 0 0 0 0 0 0 0 0 0 0 0 0 0 0 0 0 0 0
 0 0 0 0 0 0 0 0 0 0 0 0 0 0 0 0 0 0 0 0 0 0 0 0 0 0
 0 0 0 0 0 0 0 0 0 0 0 0 0 0 0 0 0 0 0 0 0 0 0 0 0 0
 0 0 0 0 0 0 0 0 0 0 0 0 0 0 0 0 0 0 0 0 0 0 0 0 0 0
 0.00862536 0 0 0.000197151 0.00414017 0.0128641 0.00837892 0.0270097 0.101434 0.158115 0.152841 0.127902 0.109271 0.109419 0.0830992 0.0579132 0.0238553 0.00714673 0.00463305 0.00128148 0.00103504 0.000492878 0.000147863 0.000147863 4.92878e-05 0
 0 0 0 0 0 0 0 0 0 0 0 0 0 0 0 0 0 0 0 0 0 0 0 0 0 0
 0 0 0 0 0 0 0 0.0054083 0.00873648 0.0413646 0.0450493 0.0745869 0.0622846 0.0627006 0.0613931 0.0827291 0.12552 0.122667 0.0946155 0.0697135 0.0546179 0.0294188 0.0215738 0.0213955 0.0102223 0.00600262
 0 0 0 0 0.00359764 0.0251062 0.0480494 0.140153 0.205849 0.193036 0.1447 0.116669 0.0760912 0.0342217 0.00950174 0.001854 0.000860785 0 0 0 0.000165536 0 0.000143464 0 0 0
 0 0 0 0 0 0 0 0.000145254 0.000435761 0.0275982 0.070085 0.0708112 0.156366 0.174668 0.174014 0.160142 0.0824315 0.0480064 0.0283245 0.00493863 0.00203355 0 0 0 0 0
 0 0 0 0 0 0 0 0 0 0 0 0 0 0 0 0 0 0 0 0 0 0 0 0 0 0
 0 0 1.00437e-05 0.000401748 0.00122533 0.00171747 0.00176769 0.0269171 0.070346 0.194647 0.189555 0.159765 0.064822 0.0314167 0.0384472 0.0292271 0.0345202 0.0313363 0.0194345 0.0106764 0.0143323 0.0359363 0.0279516 0.0138201 0.00172751 0
 0 0.0021121 0.0136068 0.0755702 0.200478 0.177729 0.0527432 0.0373336 0.0318909 0.0142505 0.0149659 0.0166563 0.0217959 0.0798694 0.0677717 0.0528807 0.04013 0.0224614 0.0357745 0.0225083 0.00881397 0.00855152 0.00135912 0.000746735 0 0
 0 0 0 0 5.4009e-05 0.00500934 0.000945158 0.0243581 0.138947 0.33067 0.221406 0.137944 0.0707744 0.0437923 0.0131692 0.00525238 0.0047753 0.00276346 9.45158e-05 9.00151e-06 2.25038e-05 9.00151e-06 4.50075e-06 0 0 0
 0.000866109 0.00284123 0.00948549 0.0512746 0.133035 0.25785 0.225252 0.132002 0.0553304 0.0519788 0.0540692 0.017754 0.00435017 0.00159236 0.00146478 0.000404838 0.000125132 0.000115318 0.000107957 0.000100596 0 0 0 0 0 0
 0 0 0 0 0.00144013 0.00171154 0.00461396 0.0210425 0.0478622 0.0707936 0.0888783 0.103762 0.0637923 0.0337046 0.0602308 0.124433 0.169614 0.0934646 0.0462172 0.0250306 0.0313229 0.00938855 0.002487 0.000210481 0 0
 0 0.00764035 0.051015 0.0998891 0.058973 0.0496711 0.0374665 0.0718981 0.12319 0.153886 0.159021 0.0857701 0.0377988 0.023471 0.0147837 0.00900784 0.00315554 0.000888139 0.00291439 0.00214683 0.00393193 0.00274676 0.000635225 9.99891e-05 0 0
 0 0 0 0 0 0 0 0 0 0 0 0 0 0 0 0 0 0 0 0 0 0 0 0 0 0
 0 0 0 0 0 0 0 0 0 0 0 0 0 0 0 0 0 0 0 0 0 0 0 0 0 0
 0 0 0 0 0 0 0 0 0 0 0 0 0 0 0 0 0 0 0 0 0 0 0 0 0 0
 0 0 0 0 0 0 0 0 0 0 0 0 0 0 0 0 0 0 0 0 0 0 0 0 0 0
 0 0 0 0 0 0 0 0 0 0 0 0 0 0 0 0 0 0 0 0 0 0 0 0 0 0
 0 0 0 0 0 0 0 0 0 0 0 0 0 0 0 0 0 0 0 0 0 0 0 0 0 0
 0 0 0 0 0 0 0 0 0 0 0 0 0 0 0 0 0 0 0 0 0 0 0 0 0 0
ppred_pel_tallas
 1.14128e-16 3.49855e-05 0.000340072 0.0022599 0.0102732 0.0319638 0.0681029 0.099402 0.0994205 0.0681935 0.0322695 0.0111628 0.00451747 0.00534938 0.00978576 0.0167406 0.0255505 0.0351254 0.044272 0.0522827 0.0590499 0.064532 0.0681269 0.0686649 0.0651239 0.0574555
 1.16013e-16 4.17958e-05 0.00040627 0.00269981 0.012273 0.0381859 0.0813601 0.118753 0.118781 0.0814968 0.0386453 0.0136013 0.00603908 0.00771323 0.0139719 0.023177 0.0337403 0.0432254 0.0492214 0.0507401 0.0488289 0.0457934 0.0436353 0.0429278 0.0428248 0.0419168
 1.07801e-16 5.54808e-05 0.000539293 0.00358379 0.0162914 0.0506887 0.107999 0.157631 0.157652 0.108101 0.0510321 0.0172839 0.00607855 0.00599684 0.0104544 0.0172856 0.0251094 0.0320339 0.0361698 0.036663 0.0341828 0.0304019 0.0269018 0.0243733 0.022586 0.0209052
 1.03389e-16 5.86779e-05 0.00057037 0.00379031 0.0172302 0.0536097 0.114222 0.166715 0.166737 0.11433 0.0539723 0.0182779 0.00642087 0.00631556 0.0109777 0.0180763 0.0260833 0.0329058 0.0364498 0.0357514 0.0315394 0.025716 0.0201898 0.0159757 0.0130849 0.0110008
 1.02607e-16 5.58846e-05 0.000543218 0.00360988 0.01641 0.0510577 0.108785 0.15878 0.158805 0.108909 0.0514764 0.0176194 0.00664635 0.0071741 0.0126556 0.0208505 0.0300686 0.0378896 0.0418778 0.0408982 0.0357739 0.028696 0.0218875 0.0165685 0.0128242 0.0101372
 1.00998e-16 7.31904e-05 0.000711436 0.00472775 0.0214917 0.0668685 0.142471 0.207942 0.207951 0.142512 0.0670077 0.0218938 0.00573777 0.00291816 0.00426951 0.00695637 0.0100458 0.0126986 0.0141097 0.0139027 0.0123411 0.0101299 0.00797711 0.00626007 0.00499306 0.00401023
 1.01931e-16 3.07104e-05 0.000298516 0.00198375 0.00901786 0.0280582 0.0597831 0.087267 0.0873234 0.0600588 0.0289837 0.01169 0.00868708 0.0149186 0.0277575 0.0457367 0.0656389 0.0820285 0.0893824 0.0851491 0.0712919 0.0530148 0.0357369 0.0226453 0.0142189 0.00929812
 1.10628e-16 2.87368e-05 0.000279332 0.00185626 0.00843831 0.0262549 0.05594 0.0816529 0.0816856 0.0561 0.0267932 0.00999815 0.00579027 0.00892865 0.0166345 0.0279203 0.0412965 0.0541674 0.0638077 0.0688065 0.0696524 0.0679197 0.064835 0.0605213 0.0544219 0.0462705
 1.12236e-16 4.9957e-05 0.000485599 0.00322698 0.0146694 0.045642 0.0972459 0.141937 0.141956 0.0973391 0.0459556 0.0155773 0.00551377 0.0055041 0.00965972 0.0160999 0.0236877 0.0308617 0.0360726 0.0386522 0.0391651 0.0388657 0.0387068 0.03872 0.0381742 0.0362311
 1.02664e-16 7.02252e-05 0.000682614 0.00453621 0.020621 0.0641595 0.136699 0.199518 0.199529 0.136752 0.0643367 0.0211328 0.00582157 0.0034902 0.00540731 0.00884182 0.0127636 0.0161248 0.0179125 0.0176722 0.0157771 0.0131671 0.0107691 0.00905049 0.00796543 0.00719905
 1.0032e-16 7.62e-05 0.000740691 0.00492215 0.0223754 0.0696182 0.148329 0.216492 0.216499 0.148362 0.0697268 0.0226891 0.00570915 0.00245739 0.00333261 0.00537859 0.00771643 0.00965226 0.0105355 0.0100675 0.00847734 0.00637191 0.00438118 0.00287274 0.00189801 0.00131918
 1.00711e-16 4.9819e-05 0.000484258 0.00321807 0.0146289 0.0455161 0.0969782 0.14155 0.141586 0.0971556 0.0461117 0.0163482 0.00753084 0.009889 0.0178814 0.0294044 0.0421689 0.0526383 0.0572419 0.0543293 0.0451697 0.0331367 0.0217593 0.0131366 0.0076162 0.0044698
 1.02371e-16 5.90285e-05 0.000573778 0.00381296 0.0173332 0.05393 0.114904 0.167711 0.167731 0.115004 0.0542638 0.0182979 0.00623745 0.0058759 0.0101561 0.0167674 0.024311 0.0309049 0.0346517 0.0346409 0.0314389 0.0266177 0.0217345 0.0175895 0.0142001 0.0112537
 1.00294e-16 7.91052e-05 0.00076893 0.00510981 0.0232285 0.0722724 0.153984 0.224745 0.224748 0.154 0.0723251 0.0233807 0.00549189 0.00160307 0.00166343 0.00262515 0.00377474 0.00474822 0.00523329 0.00508702 0.00441548 0.00349934 0.00262418 0.00194812 0.00148309 0.00116131
 1.00307e-16 5.92438e-05 0.00057587 0.00382686 0.0173964 0.0541267 0.115324 0.168324 0.16835 0.115453 0.0545603 0.0186479 0.00696554 0.00741858 0.0130281 0.0213744 0.0306206 0.0381597 0.0413793 0.0390766 0.0321921 0.0232181 0.0147713 0.00842164 0.00444146 0.00228864
 1.00239e-16 7.87827e-05 0.000765795 0.00508898 0.0231338 0.0719778 0.153356 0.223829 0.223832 0.153373 0.0720347 0.0232982 0.00550186 0.00166759 0.0017928 0.00284256 0.00409472 0.00516391 0.0057142 0.00558865 0.00489431 0.00392293 0.00297178 0.0022063 0.00164398 0.00122579
 1.00749e-16 3.08262e-05 0.000299642 0.00199123 0.00905187 0.028164 0.0600086 0.0875967 0.0876554 0.0602956 0.0291274 0.0118328 0.0089659 0.0155057 0.0288519 0.0474969 0.0680603 0.0848336 0.092021 0.0869511 0.0717111 0.051831 0.033113 0.019034 0.0101911 0.00537925
 1.0082e-16 7.78306e-05 0.000756541 0.00502748 0.0228542 0.0711079 0.151503 0.221124 0.221127 0.151517 0.0711536 0.0229866 0.00536135 0.00149071 0.00148769 0.00237657 0.0035092 0.00460541 0.00542899 0.0058581 0.00593065 0.0057758 0.00549426 0.0050965 0.00453997 0.00381059
 1.00556e-16 5.98814e-05 0.000582069 0.00386805 0.0175836 0.0547093 0.116565 0.170135 0.170161 0.116689 0.0551272 0.0187899 0.00689344 0.00717793 0.0125614 0.0206057 0.0295228 0.0368009 0.0399262 0.0377452 0.0311699 0.0226043 0.0145654 0.00855325 0.0048103 0.00279315
 1.02151e-16 5.11035e-05 0.000496744 0.00330104 0.0150061 0.0466896 0.0994783 0.145198 0.145228 0.0996261 0.0471858 0.0164396 0.00690061 0.00835866 0.0149938 0.024736 0.0356931 0.0450131 0.0498057 0.0487054 0.0426482 0.0341807 0.0258979 0.0192437 0.0143689 0.0107538
 1.03237e-16 5.62535e-05 0.000546804 0.0036337 0.0165183 0.0513947 0.109503 0.159827 0.15985 0.109615 0.0517708 0.0176053 0.00636474 0.00651728 0.0114204 0.0188565 0.0273095 0.0346565 0.0387581 0.0386051 0.0348778 0.0294067 0.0240002 0.0195789 0.0161256 0.0132024
 1.01618e-16 6.83406e-05 0.000664295 0.00441448 0.0200676 0.0624378 0.133031 0.194165 0.194178 0.133095 0.0626536 0.020691 0.00598002 0.0040838 0.00656821 0.0107651 0.015535 0.0196067 0.0217306 0.0213268 0.0188176 0.0153197 0.0119561 0.00932825 0.00745608 0.00606034
 1.02966e-16 2.83134e-05 0.000275216 0.00182891 0.00831401 0.0258683 0.0551172 0.0804571 0.080514 0.0553955 0.0268025 0.0110119 0.00859837 0.0150447 0.0280535 0.0462683 0.0664945 0.0832918 0.0911247 0.0874285 0.0741432 0.0564199 0.0395869 0.0267251 0.0182395 0.012968
 1.02715e-16 7.03156e-05 0.000683493 0.00454205 0.0206475 0.0642421 0.136875 0.199774 0.199781 0.136909 0.064356 0.0209777 0.00537521 0.00251695 0.00359526 0.00594396 0.00881476 0.0116227 0.0138024 0.0150619 0.0154943 0.0154018 0.0149967 0.0142551 0.0130237 0.0112373
 1.02152e-16 5.09394e-05 0.000495149 0.00329044 0.0149579 0.0465397 0.099159 0.144733 0.144766 0.0993235 0.0470918 0.016552 0.00728951 0.00921727 0.0165928 0.0272908 0.0391694 0.0489679 0.0534041 0.0509778 0.0428849 0.0322475 0.0222935 0.0148858 0.0102397 0.00757985
 1.05688e-16 3.35307e-05 0.00032593 0.00216592 0.00984599 0.0306348 0.0652721 0.0952755 0.0953178 0.065479 0.0313297 0.0118548 0.00721429 0.0113659 0.0210569 0.0349041 0.0506137 0.0643397 0.0721416 0.0721343 0.065515 0.0555763 0.0455735 0.0371696 0.0303733 0.0244865
 1.04841e-16 6.32118e-05 0.000614441 0.00408318 0.0185615 0.0577519 0.123047 0.179593 0.179606 0.123108 0.0579569 0.019155 0.00557786 0.003894 0.0063407 0.0105108 0.0154361 0.0200432 0.0232689 0.024607 0.0243519 0.0232774 0.0220321 0.0207664 0.0192273 0.0171262
 1.02756e-16 5.74727e-05 0.000558655 0.00371246 0.0168763 0.0525087 0.111876 0.163292 0.163317 0.111999 0.0529194 0.0180625 0.00668913 0.0070544 0.0123873 0.0203706 0.0292999 0.0367669 0.0403605 0.0389798 0.0334955 0.0261685 0.0193049 0.0141885 0.0109042 0.00885101
 1.05745e-16 2.50656e-05 0.000243647 0.00161912 0.00736032 0.022901 0.0487949 0.0712289 0.0712826 0.0490576 0.0237832 0.00990926 0.00802034 0.0142275 0.0266118 0.0440294 0.0635941 0.0803197 0.0891087 0.0875642 0.077358 0.0629882 0.0489946 0.0378374 0.0296687 0.0234716
 1.13877e-16 3.46784e-05 0.000337087 0.00224006 0.010183 0.0316833 0.0675055 0.0985314 0.0985561 0.0676267 0.0320913 0.0113665 0.00522906 0.00692264 0.0127195 0.0214374 0.0319623 0.0424609 0.0510203 0.0566698 0.0597463 0.0612226 0.0616298 0.0605728 0.0571956 0.0510554
 1.032e-16 7.34845e-05 0.000714296 0.00474675 0.021578 0.0671373 0.143043 0.208777 0.208783 0.143073 0.067238 0.0218692 0.00547888 0.00231717 0.00313153 0.0050981 0.00742717 0.0095365 0.0108925 0.011268 0.0108723 0.0101845 0.00962365 0.0093154 0.00910119 0.00871908
pSPR Fmed_Fpbrs
0.29857   0.6 0.325
Fs Fmed_Fpbrs
0.878094   0.319436 0.802428
SSBpbr Bo_Bmed_Bpbrs
1.14224e+06  283927  628232 314116
Ro
91429.6
SPR SPRFo_SPRFmed_SPRFpbrs
652590 194844 212092
Fref
0.319436
Nvult_r0
 109359 5299.33 1472.61 1238.56 241.321
CTP_r0
 37832.8 2429.44 686.863 578.227 112.667
YTP_r0
391203
Np
 107519 32613.8 8176.36 265.515 90.4448
Nvult_p0
 74905.4 23803.2 5989.67 194.544 66.2701
CTP_p0
 12114.5 5211.62 175.834 47.3601 45.8592
 12114.5 5615.88 1448.11 47.0958 16.044
YTP_p0
 179413 214159
CBA_c0
189837
log_Ro
11.2433
likeval ReclasPelacesDesembMPH_pf_preclas_ppelaces_ptallas_desvR_qrecl_qpela
 17.3155 18.0849 0.0363115 31.7228 263.982 121.004 105.196 0 27.8153 9.69775e-05 0.00022517 0.0074958 1.74624e-16 0 0
q_reclas_q_pelaces
4.03684 8.45583
M
1
N
 111236 27126.1 40539.5 4423.5 0.148309
 87180.7 31596.8 6597.09 9726.97 1060.62
 92399.5 18858.1 4968.7 1009.04 1647.48
 81971.5 19975 2962.65 759.22 405.284
 54118.3 12467.4 1787.62 253.183 99.2622
 237304 13559.3 2480.31 348.573 68.6482
 55558.6 62157.2 2896.31 520.489 87.4678
 18804 9589.03 6810.23 305.035 63.8902
 25564.8 5845.2 2694 1896.55 102.69
 36380.6 4472.72 654.518 290.176 214.886
 92515.3 3616.69 202.678 27.6998 21.2936
 68083.7 29310.8 1047.52 58.2463 14.0738
 39914.2 12496.7 3543.87 122.136 8.41534
 106328 3053.16 372.281 97.2586 3.56684
 45876.6 13544.5 205.733 23.7339 6.40851
 249574 6711.53 1139.02 16.4877 2.40925
 38530.1 42580.7 721.893 117.694 1.94831
 380746 7342.72 5467.06 89.5562 14.8148
 335915 81055.9 1125.56 814.44 15.524
 205262 66967.1 11185.5 150.433 110.733
 191617 43012.9 10009.1 1623.4 37.8422
 336210 40064.7 6406.07 1447.35 239.835
 48898.2 55809 4124.18 632.582 166.226
 195495 9712.55 7656.47 547.877 105.93
 141651 47642.7 1848.46 1426.15 121.639
 56078.9 35035.5 9284.53 352.833 295.106
 145184 14536.6 7360.04 1915.1 133.513
 166785 35385.2 2766.97 1371.14 381.199
 43488.5 44984 7921.03 609.431 385.612
 30467.5 11913.7 10324.2 1790.16 224.689
 139625 6292.13 1739.62 1462.73 284.994
pred_Ctot
 16363 6009.25 9225.65 1008.11 0.0338021
 23697.6 12233.7 2611.93 3855.7 420.449
 25138.9 7307.29 1968.75 400.287 653.599
 32597.8 10652 1607.94 412.44 220.178
 11255.5 3802.1 558.784 79.2457 31.071
 44408.7 3755.23 704.628 99.16 19.53
 19803.2 30317.2 1439.99 259.04 43.5339
 1868.21 1464.13 1070.04 48.001 10.0547
 8992.59 2819.94 1325.05 933.778 50.5631
 18571 2890 428.613 190.157 140.824
 8216.2 495.809 28.6025 3.91514 3.00991
 22797.5 13570.9 494.782 27.5411 6.65499
 22521.3 8673.72 2488.05 85.7996 5.91192
 47755.4 1791.79 221.929 58.0272 2.12817
 18789.2 7394.77 114.266 13.194 3.56275
 89939.3 3303.35 571.371 8.2791 1.20984
 12374.1 19032.9 329.35 53.7543 0.889899
 105966 2902.1 2209.01 36.2285 5.99345
 102175 34591.6 490.596 355.387 6.77442
 58428.5 26991.2 4607.91 62.0434 45.6725
 54714.2 17383.1 4134.25 671.323 15.6498
 124258 20133 3279.75 741.741 122.918
 14941.9 23911.2 1804.61 277.107 72.8206
 43126.3 3124.02 2523.06 180.777 34.9548
 30298.2 14903 592.533 457.756 39.0455
 10772.3 9938.13 2701.04 102.784 85.9735
 32021.8 4674.87 2424.97 631.798 44.0493
 28851.2 9115.22 731.522 363 100.927
 7189.05 11110.8 2008.48 154.746 97.9215
 8848.87 4886.19 4326.84 751.116 94.2805
 37832.8 2429.44 686.863 578.227 112.667
F
 0.258597 0.413868 0.427374 0.428109 0.428148
 0.53104 0.849897 0.877632 0.879142 0.879222
 0.53164 0.850857 0.878623 0.880134 0.880214
 0.883256 1.4136 1.45973 1.46224 1.46237
 0.384103 0.614733 0.634793 0.635886 0.635943
 0.339676 0.54363 0.56137 0.562336 0.562387
 0.756819 1.21124 1.25077 1.25292 1.25303
 0.16845 0.269593 0.278391 0.27887 0.278895
 0.74322 1.18948 1.22829 1.23041 1.23052
 1.30848 2.09413 2.16247 2.16619 2.16639
 0.149417 0.239133 0.246937 0.247362 0.247384
 0.69527 1.11274 1.14905 1.15103 1.15113
 1.57055 2.51358 2.5956 2.60007 2.6003
 1.06056 1.69735 1.75274 1.75576 1.75592
 0.922127 1.47581 1.52397 1.52659 1.52673
 0.768356 1.22971 1.26984 1.27202 1.27213
 0.657732 1.05266 1.08701 1.08888 1.08898
 0.546993 0.875428 0.903996 0.905551 0.905633
 0.612656 0.980518 1.01252 1.01426 1.01435
 0.562786 0.900703 0.930096 0.931696 0.931781
 0.565004 0.904254 0.933763 0.935369 0.935454
 0.7958 1.27363 1.31519 1.31745 1.31757
 0.616321 0.986384 1.01857 1.02033 1.02042
 0.411803 0.659065 0.680573 0.681744 0.681806
 0.397004 0.63538 0.656114 0.657243 0.657303
 0.350089 0.560296 0.57858 0.579575 0.579628
 0.411711 0.658918 0.680421 0.681591 0.681653
 0.310397 0.496771 0.512983 0.513865 0.513912
 0.294805 0.471818 0.487215 0.488053 0.488097
 0.577359 0.924027 0.954181 0.955823 0.955909
 0.528935 0.846527 0.874152 0.875656 0.875736
YTP_r0W_actual
 314012 34255.1 18957.4 19775.4 4202.48
YTP_p0W_proyectada
 90737.9 81666.1 4067.03 1390.97 1551.42
 90737.9 88000.8 33494.7 1383.2 542.767
CTP_r0_actual
 37832.8 2429.44 686.863 578.227 112.667
CTP_p0_proyectada
 12114.5 5211.62 175.834 47.3601 45.8592
 12114.5 5615.88 1448.11 47.0958 16.044
Wmedp
 7.49 15.67 23.13 29.37 33.83
Frms_r0
 0.528935 0.846527 0.874152 0.875656 0.875736
Zrms_r0
 1.52893 1.84653 1.87415 1.87566 1.87574
nmprior
 8.19 8.8 8.5 0
nm_flota  nm_reclas  nm_pelaces    nm_pelaL
inf 15.4705 10.6072 21.5416
cv_recla  cv_pelaces  cv_mph
0.376394 0.482204 0.521449
 ------------------------------------------------
Talla a la edad & desviaci?n 
 8 13.2811 15.8009 17.003 17.5766
 0.8 1.32811 1.58009 1.7003 1.75766
