years
 1991 1992 1993 1994 1995 1996 1997 1998 1999 2000 2001 2002 2003 2004 2005 2006 2007 2008 2009 2010 2011 2012 2013 2014 2015 2016 2017 2018 2019 2020 2021
reclasobs
 0 0 0 0 0 0 0 0 0 252601 567819 844713 477998 351125 339783 2.1784e+06 2.13404e+06 4.81314e+06 1.55562e+06 2.62356e+06 3.21686e+06 3.843e+06 1.13348e+06 3.07943e+06 1.97215e+06 2.03268e+06 2.025e+06 2.42433e+06 2.27542e+06 1.05018e+06 2.36338e+06
reclaspred
 3.43833e+06 2.0022e+06 1.02069e+06 1.02695e+06 1.04427e+06 1.60447e+06 1.18915e+06 1.11119e+06 837179 656094 657314 621865 495544 580219 590401 1.2214e+06 1.23704e+06 2.72015e+06 2.57672e+06 1.9432e+06 2.9092e+06 1.94632e+06 1.54383e+06 2.72241e+06 2.18492e+06 1.99729e+06 2.33787e+06 2.4286e+06 2.0694e+06 1.38062e+06 1.91732e+06
pelacesobs
 0 0 0 0 0 0 0 0 0 0 0 0 0 0 0 552880 188675 0 991730 2.46772e+06 1.41603e+06 1.21717e+06 2.29649e+06 1.80582e+06 0 1.4828e+06 1.56532e+06 1.57751e+06 1.42118e+06 867257 1.10002e+06
pelacespred
 1.99517e+06 1.31931e+06 693451 565627 570132 909179 674764 702993 542874 414193 410928 337035 290269 380487 379423 637803 641405 1.58273e+06 1.59204e+06 1.14966e+06 1.51333e+06 1.22689e+06 912405 1.72418e+06 1.32878e+06 1.21044e+06 1.6109e+06 1.65822e+06 1.16474e+06 891621 1.23348e+06
mphobs
 0 0 0 0 0 0 0 0 0 0 0 498337 0 5186 125008 0 168611 109162 213762 579715 649985 157893 87575 83554 0 0 0 0 0 0 0
mphpred
 511849 345927 181265 97602.1 112198 124229 170059 129220 111530 84422.3 60007.4 76351.3 62430.9 44013.1 50382.5 61501.5 143909 141970 278484 252335 264888 255439 201942 166606 273351 238971 203286 213951 288590 206960 135283
desembarqueobs
 494567 514787 250237 358949 120608 361735 552515 73892 212993 205616 52469 317467 293654 387597 252695 516296 358380 742168 942051 627588 828172 859565 418607 520667 417249 300574 415391 372974 316634 284311 391294
desembarquepred
 494570 512893 251226 358958 120610 361740 552537 73893.3 213010 205629 52469.2 317579 293798 387588 252696 516295 358403 742131 941926 627539 828269 859684 418626 520675 417249 300575 415392 372969 316634 284317 391296
Reclutas
 335593 203558 194730 406931 332060 559910 239701 122908 112208 147307 273752 159154 133982 228655 174672 797650 186016 1.40621e+06 950670 564711 645113 837153 218070 812467 662438 300921 661113 734364 223460 169638 641658
log_desv_Rt
 -0.0118558 -0.511807 -0.556144 0.180887 -0.02244 0.50002 -0.348362 -1.01632 -1.1074 -0.83524 -0.215533 -0.757883 -0.930049 -0.395542 -0.664844 0.853914 -0.601921 1.4209 1.02941 0.508558 0.64167 0.90225 -0.442942 0.872319 0.668171 -0.120909 0.666168 0.771249 -0.418526 -0.69409 0.6363
SSB
 7.89568e+06 5.3362e+06 2.79616e+06 1.50559e+06 1.73074e+06 1.91633e+06 2.62329e+06 1.99332e+06 1.72045e+06 1.30228e+06 925663 1.17778e+06 963047 678938 777191 948710 2.21991e+06 2.19001e+06 4.29584e+06 3.89247e+06 4.08611e+06 3.94035e+06 3.11513e+06 2.57004e+06 4.21666e+06 3.68631e+06 3.13585e+06 3.30037e+06 4.45173e+06 3.19252e+06 2.08684e+06
BT
 1.01517e+07 6.94938e+06 3.64177e+06 3.06615e+06 2.8755e+06 4.74358e+06 3.78844e+06 3.49169e+06 2.85818e+06 2.2203e+06 2.04974e+06 1.91841e+06 1.69345e+06 2.27005e+06 2.10637e+06 3.53539e+06 3.41363e+06 8.37881e+06 8.6714e+06 6.18249e+06 8.03944e+06 6.84167e+06 4.82801e+06 8.90136e+06 6.86077e+06 6.17111e+06 8.28185e+06 8.46271e+06 5.94291e+06 4.62451e+06 6.39391e+06
Ftot
 0.0541829 0.0960742 0.0924487 0.132511 0.0439366 0.0860442 0.173912 0.0252786 0.096267 0.118306 0.0306499 0.191271 0.22166 0.252246 0.162704 0.161594 0.109278 0.104649 0.138412 0.121965 0.107705 0.166542 0.102237 0.0734507 0.072504 0.0570827 0.0679894 0.0589186 0.0576858 0.0776794 0.0783195
BD_Bspro_t
 0.991371 0.933147 0.855518 0.80404 0.802848 0.84435 0.843591 0.766517 0.801794 0.789644 0.779562 0.862745 0.753712 0.658686 0.666598 0.70243 0.774976 0.764505 0.828239 0.788784 0.76376 0.758822 0.743256 0.74265 0.840364 0.849112 0.855549 0.874372 0.896118 0.864615 0.832438
BD_Bspro
 3.25742 2.20149 1.15358 0.621142 0.714029 0.790594 1.08226 0.822357 0.709783 0.537266 0.381889 0.485902 0.397312 0.280101 0.320636 0.391397 0.915841 0.903503 1.77228 1.60587 1.68576 1.62562 1.28517 1.06029 1.73961 1.52082 1.29372 1.36159 1.8366 1.3171 0.860943
BD_Bo
 2.22618 1.50454 0.788375 0.424501 0.487981 0.540307 0.739637 0.562015 0.485079 0.367178 0.26099 0.332075 0.271531 0.191426 0.219129 0.267488 0.625903 0.617471 1.21121 1.09748 1.15208 1.11098 0.878308 0.72462 1.18888 1.03935 0.884151 0.930537 1.25516 0.900129 0.588385
BD_Brms
 4.04761 2.73553 1.43341 0.771819 0.887238 0.982377 1.34479 1.02184 0.881962 0.667596 0.474527 0.603772 0.493692 0.348047 0.398415 0.486342 1.13801 1.12268 2.2022 1.99542 2.09469 2.01996 1.59692 1.31749 2.16161 1.88974 1.60755 1.69189 2.28212 1.6366 1.06979
Sel_flota
 0.960207 0.997824 0.999885 0.999994 1
 0.960207 0.997824 0.999885 0.999994 1
 0.960207 0.997824 0.999885 0.999994 1
 0.960207 0.997824 0.999885 0.999994 1
 0.960207 0.997824 0.999885 0.999994 1
 0.960207 0.997824 0.999885 0.999994 1
 0.960207 0.997824 0.999885 0.999994 1
 0.960207 0.997824 0.999885 0.999994 1
 0.960207 0.997824 0.999885 0.999994 1
 0.960207 0.997824 0.999885 0.999994 1
 0.960207 0.997824 0.999885 0.999994 1
 0.960207 0.997824 0.999885 0.999994 1
 0.960207 0.997824 0.999885 0.999994 1
 0.960207 0.997824 0.999885 0.999994 1
 0.960207 0.997824 0.999885 0.999994 1
 0.960207 0.997824 0.999885 0.999994 1
 0.960207 0.997824 0.999885 0.999994 1
 0.960207 0.997824 0.999885 0.999994 1
 0.960207 0.997824 0.999885 0.999994 1
 0.960207 0.997824 0.999885 0.999994 1
 0.960207 0.997824 0.999885 0.999994 1
 0.960207 0.997824 0.999885 0.999994 1
 0.960207 0.997824 0.999885 0.999994 1
 0.960207 0.997824 0.999885 0.999994 1
 0.960207 0.997824 0.999885 0.999994 1
 0.960207 0.997824 0.999885 0.999994 1
 0.960207 0.997824 0.999885 0.999994 1
 0.960207 0.997824 0.999885 0.999994 1
 0.960207 0.997824 0.999885 0.999994 1
 0.960207 0.997824 0.999885 0.999994 1
 0.960207 0.997824 0.999885 0.999994 1
Sel_reclas
 1 1 1 1 1
 1 1 1 1 1
 1 1 1 1 1
 1 1 1 1 1
 1 1 1 1 1
 1 1 1 1 1
 1 1 1 1 1
 1 1 1 1 1
 1 1 1 1 1
 1 1 1 1 1
 1 1 1 1 1
 1 1 1 1 1
 1 1 1 1 1
 1 1 1 1 1
 1 1 1 1 1
 1 1 1 1 1
 1 1 1 1 1
 1 1 1 1 1
 1 1 1 1 1
 1 1 1 1 1
 1 1 1 1 1
 1 1 1 1 1
 1 1 1 1 1
 1 1 1 1 1
 1 1 1 1 1
 1 1 1 1 1
 1 1 1 1 1
 1 1 1 1 1
 1 1 1 1 1
 1 1 1 1 1
 1 1 1 1 1
Sel_pelaces
 1 1 1 1 1
 1 1 1 1 1
 1 1 1 1 1
 1 1 1 1 1
 1 1 1 1 1
 1 1 1 1 1
 1 1 1 1 1
 1 1 1 1 1
 1 1 1 1 1
 1 1 1 1 1
 1 1 1 1 1
 1 1 1 1 1
 1 1 1 1 1
 1 1 1 1 1
 1 1 1 1 1
 1 1 1 1 1
 1 1 1 1 1
 1 1 1 1 1
 1 1 1 1 1
 1 1 1 1 1
 1 1 1 1 1
 1 1 1 1 1
 1 1 1 1 1
 1 1 1 1 1
 1 1 1 1 1
 1 1 1 1 1
 1 1 1 1 1
 1 1 1 1 1
 1 1 1 1 1
 1 1 1 1 1
 1 1 1 1 1
pf_obs 
 0.8446 0.082 0.0669 0.0065 0
 0.8095 0.147 0.0364 0.0071 0
 0.9664 0.0169 0.016 0.0007 0
 0.9276 0.0648 0.0075 0.0001 0
 0.7033 0.2144 0.0806 0.0017 0
 0.9318 0.0425 0.0243 0.0014 0
 0.5671 0.3108 0.0964 0.0239 0.0018
 0.0768 0.2599 0.5324 0.112 0.0189
 0.490249 0.384438 0.106611 0.0170017 0.00170017
 0.7925 0.1577 0.0466 0.003 0.0002
 0.840416 0.127587 0.0312969 0.00059994 9.999e-05
 0.8084 0.0986 0.0794 0.0134 0.0002
 0.7335 0.1905 0.0724 0.0035 0.0001
 0.4001 0.4547 0.1325 0.0127 0
 0.49795 0.308269 0.164784 0.0264974 0.00249975
 0.9179 0.0499 0.0305 0.0017 0
 0.2467 0.6533 0.0926 0.0074 0
 0.9418 0.0223 0.034 0.0019 0
 0.707729 0.231977 0.0356964 0.0245975 0
 0.517169 0.277429 0.184464 0.0207286 0.00020938
 0.811772 0.124168 0.05621 0.00726502 0.000585176
 0.764997 0.148141 0.077277 0.00933861 0.000247198
 0.163321 0.427699 0.378323 0.0303852 0.000271297
 0.753843 0.0900009 0.118128 0.0371064 0.000921714
 0.721811 0.176058 0.0630433 0.0369309 0.00215725
 0.143369 0.312575 0.442814 0.0836902 0.0175525
 0.692698 0.0596174 0.167031 0.0765114 0.00414204
 0.394062 0.376323 0.152708 0.0712218 0.00568511
 0.125707 0.32114 0.495352 0.0537591 0.00404204
 0.23352 0.215282 0.420074 0.123614 0.00750983
 0.796117 0.104755 0.0508955 0.0450114 0.00322123
pf_pred 
 0.405021 0.102279 0.469093 0.0236065 6.93375e-07
 0.409635 0.244725 0.0595168 0.272416 0.0137079
 0.535379 0.194817 0.111984 0.0271779 0.130642
 0.76547 0.127879 0.0447747 0.025684 0.0361925
 0.652086 0.268811 0.0431744 0.0150848 0.0208441
 0.752686 0.163383 0.064879 0.0103994 0.00865327
 0.48098 0.394401 0.0823849 0.0326473 0.00958632
 0.437834 0.276122 0.217479 0.0453299 0.0232352
 0.522869 0.21338 0.129681 0.101936 0.0321342
 0.667821 0.176979 0.0694896 0.0421444 0.0435662
 0.786632 0.144373 0.0367962 0.0144175 0.0177809
 0.55466 0.353118 0.0624426 0.0158828 0.0138967
 0.599935 0.225972 0.138105 0.0243678 0.0116199
 0.771812 0.139218 0.050303 0.0306745 0.00799224
 0.665438 0.26073 0.0450862 0.0162538 0.0124924
 0.904229 0.0645899 0.0243117 0.00419499 0.00267434
 0.393111 0.550875 0.0378039 0.0141988 0.00401143
 0.898512 0.0408459 0.0550556 0.00377031 0.00181596
 0.638687 0.325943 0.0142533 0.0191717 0.00194505
 0.535278 0.301053 0.147679 0.00644417 0.00954619
 0.647219 0.192333 0.104018 0.0509176 0.00551261
 0.71237 0.188762 0.0539542 0.0291186 0.0157952
 0.365938 0.456959 0.116315 0.0331748 0.0276129
 0.801482 0.0744644 0.0894566 0.0227231 0.011874
 0.649188 0.283339 0.0253418 0.0303817 0.0117488
 0.456182 0.357771 0.150325 0.0134176 0.0223041
 0.738916 0.121592 0.0918345 0.0385081 0.00914965
 0.698534 0.225007 0.0356482 0.0268691 0.0139423
 0.37329 0.442786 0.137348 0.0217162 0.0248589
 0.445477 0.211991 0.242153 0.0749617 0.0254168
 0.829322 0.0776992 0.035591 0.0405716 0.0168161
pobs_RECLAS
 0 0 0 0 0
 0 0 0 0 0
 0 0 0 0 0
 0 0 0 0 0
 0 0 0 0 0
 0 0 0 0 0
 0 0 0 0 0
 0 0 0 0 0
 0 0 0 0 0
 0 0 0 0 0
 0.991045 0.00858322 0.000360255 1.14367e-05 0
 0.934742 0.0480273 0.0164251 0.00080598 0
 0.827803 0.169806 0.00239088 0 0
 0.941827 0.0461693 0.0120037 0 0
 0.791401 0.0380133 0.147996 0.0225897 0
 0.846168 0.0940531 0.0597789 0 0
 0.134021 0.677848 0.182769 0.00536245 0
 0.80878 0.0450904 0.141981 0.00414843 0
 0.846168 0.0940531 0.0597789 0 0
 0.905697 0.0802665 0.012482 0.00150086 5.37128e-05
 0.989698 0.0102097 9.19794e-05 0 0
 0.975433 0.0193895 0.00387452 0.00125025 5.28907e-05
 0.303575 0.632131 0.0575291 0.00676475 0
 0.966965 0.00978017 0.0227588 0.000495775 0
 0.843318 0.132988 0.00938335 0.0141283 0.000182051
 0.564624 0.303363 0.111486 0.0197234 0.00080311
 0.826376 0.0876187 0.0782897 0.00655872 0.00115652
 0.89761 0.0855135 0.0140674 0.00269457 0.000114338
 0.34875 0.467042 0.161289 0.0227151 0.000203297
 0.318654 0.224769 0.449479 0.00709798 0
 0.937255 0.0296025 0.0250945 0.00804832 0
ppred_RECLAS
 0.414774 0.100776 0.461241 0.0232088 6.8169e-07
 0.419347 0.241005 0.0584902 0.267688 0.0134699
 0.54531 0.190891 0.109499 0.0265719 0.127729
 0.772551 0.124139 0.0433747 0.0248781 0.0350568
 0.660892 0.262133 0.0420148 0.0146781 0.0202819
 0.759952 0.158696 0.0628868 0.010079 0.0083866
 0.490863 0.387089 0.0806882 0.0319714 0.00938779
 0.447597 0.271616 0.213488 0.0444932 0.0228061
 0.532821 0.209176 0.126862 0.0997094 0.031432
 0.676598 0.172476 0.0675803 0.0409819 0.0423642
 0.793139 0.140066 0.0356247 0.0139569 0.0172128
 0.564411 0.345539 0.0609741 0.0155076 0.0135683
 0.609539 0.220752 0.134631 0.0237521 0.0113262
 0.778821 0.135056 0.0486961 0.0296913 0.00773602
 0.674169 0.254045 0.0438384 0.0158022 0.0121452
 0.907612 0.0623517 0.0234201 0.0040407 0.00257596
 0.402452 0.542502 0.0371518 0.0139523 0.00394178
 0.902105 0.0394493 0.0530624 0.00363341 0.00175001
 0.647665 0.317911 0.013873 0.0186581 0.00189294
 0.54511 0.294901 0.14436 0.00629864 0.00933055
 0.656243 0.187594 0.101244 0.0495542 0.00536497
 0.720447 0.183596 0.0523679 0.0282593 0.015329
 0.375119 0.450609 0.11446 0.0326422 0.0271694
 0.807767 0.0722017 0.0865583 0.0219845 0.011488
 0.658036 0.276308 0.0246616 0.029563 0.0114321
 0.465955 0.351594 0.147424 0.0131571 0.0218711
 0.746517 0.118185 0.0890765 0.0373475 0.00887384
 0.706716 0.219018 0.0346275 0.026097 0.0135415
 0.382513 0.436539 0.13513 0.0213631 0.0244546
 0.455375 0.208478 0.237647 0.0735585 0.0249409
 0.83489 0.0752525 0.0343987 0.0392082 0.0162509
pobs_PELACES
 0 0 0 0 0
 0 0 0 0 0
 0 0 0 0 0
 0 0 0 0 0
 0 0 0 0 0
 0 0 0 0 0
 0 0 0 0 0
 0 0 0 0 0
 0 0 0 0 0
 0 0 0 0 0
 0 0 0 0 0
 0 0 0 0 0
 0 0 0 0 0
 0 0 0 0 0
 0 0 0 0 0
 0 0 0 0 0
 0.505614 0.472636 0.0217494 0 0
 0 0 0 0 0
 0.443492 0.261883 0.143347 0.151278 0
 0.227955 0.32914 0.350689 0.0885471 0.00366901
 0.970185 0.0296113 0.000203453 0 0
 0.997202 0.00247181 0.000326279 0 0
 0.445219 0.490057 0.0546422 0.010081 0
 0.90214 0.0892962 0.00764917 0.000914606 0
 0 0 0 0 0
 0.581667 0.319106 0.0959925 0.00289975 0.000334073
 0.762889 0.0836404 0.116647 0.0363945 0.000428098
 0.88444 0.0763242 0.0277011 0.0115352 0
 0.521256 0.241999 0.230069 0.00667565 0
 0.616807 0.101726 0.260614 0.0208532 0
 0.833518 0.0704572 0.0857862 0.0102388 0
ppred_PELACES
 0.414945 0.100749 0.461103 0.0232018 6.81486e-07
 0.419647 0.24089 0.0584585 0.267542 0.0134626
 0.545604 0.190775 0.109426 0.026554 0.127642
 0.772847 0.123983 0.0433161 0.0248444 0.0350092
 0.661016 0.26204 0.0419985 0.0146724 0.020274
 0.76015 0.158568 0.0628324 0.0100703 0.00837932
 0.49141 0.386685 0.0805943 0.031934 0.00937681
 0.447677 0.271579 0.213456 0.0444864 0.0228026
 0.533127 0.209047 0.126775 0.0996407 0.0314104
 0.676928 0.172306 0.0675085 0.0409382 0.042319
 0.793203 0.140024 0.0356132 0.0139524 0.0172073
 0.565001 0.34508 0.0608852 0.0154849 0.0135484
 0.610209 0.220388 0.134388 0.0237091 0.0113057
 0.779371 0.134729 0.0485698 0.029614 0.00771589
 0.674618 0.253702 0.0437743 0.015779 0.0121274
 0.907783 0.0622384 0.023375 0.00403289 0.00257099
 0.40278 0.542208 0.037129 0.0139437 0.00393933
 0.902223 0.0394032 0.0529967 0.0036289 0.00174784
 0.648059 0.317558 0.0138563 0.0186356 0.00189065
 0.545492 0.294662 0.144231 0.00629298 0.00932216
 0.656552 0.187432 0.101149 0.0495075 0.00535992
 0.720872 0.183325 0.0522846 0.0282142 0.0153045
 0.375422 0.4504 0.114399 0.0326246 0.0271548
 0.807914 0.0721489 0.0864908 0.0219673 0.011479
 0.65824 0.276145 0.0246459 0.0295441 0.0114248
 0.466134 0.35148 0.14737 0.0131523 0.0218631
 0.746682 0.118111 0.0890168 0.0373224 0.00886787
 0.706869 0.218906 0.0346084 0.0260825 0.013534
 0.382685 0.436423 0.135089 0.0213566 0.024447
 0.455623 0.208391 0.237534 0.0735235 0.0249291
 0.835028 0.0751918 0.0343692 0.0391744 0.0162369
pobs_pel_tallas
 0 0 0 0 0 0 0 0 0 0 0 0 0 0 0 0 0 0 0 0 0 0 0 0 0 0
 0 0 0 0 0 0 0 0 0 0 0 0 0 0 0 0 0 0 0 0 0 0 0 0 0 0
 0 0 0 0 0 0 0 0 0 0 0 0 0 0 0 0 0 0 0 0 0 0 0 0 0 0
 0 0 0 0 0 0 0 0 0 0 0 0 0 0 0 0 0 0 0 0 0 0 0 0 0 0
 0 0 0 0 0 0 0 0 0 0 0 0 0 0 0 0 0 0 0 0 0 0 0 0 0 0
 0 0 0 0 0 0 0 0 0 0 0 0 0 0 0 0 0 0 0 0 0 0 0 0 0 0
 0 0 0 0 0 0 0 0 0 0 0 0 0 0 0 0 0 0 0 0 0 0 0 0 0 0
 0 0 0 0 0 0 0 0 0 0 0 0 0 0 0 0 0 0 0 0 0 0 0 0 0 0
 0 0 0 0 0 0 0 0 0 0 0 0 0 0 0 0 0 0 0 0 0 0 0 0 0 0
 0 0 0 0 0 0 0 0 0 0 0 0 0 0 0 0 0 0 0 0 0 0 0 0 0 0
 0 0 0 0 0 0 0 0 0 0 0 0 0 0 0 0 0 0 0 0 0 0 0 0 0 0
 0 0 0 0 0 0 0 0 0 0 0 0 0 0 0 0 0 0 0 0 0 0 0 0 0 0
 0.00862536 0 0 0.000197151 0.00414017 0.0128641 0.00837892 0.0270097 0.101434 0.158115 0.152841 0.127902 0.109271 0.109419 0.0830992 0.0579132 0.0238553 0.00714673 0.00463305 0.00128148 0.00103504 0.000492878 0.000147863 0.000147863 4.92878e-05 0
 0 0 0 0 0 0 0 0 0 0 0 0 0 0 0 0 0 0 0 0 0 0 0 0 0 0
 0 0 0 0 0 0 0 0.0054083 0.00873648 0.0413646 0.0450493 0.0745869 0.0622846 0.0627006 0.0613931 0.0827291 0.12552 0.122667 0.0946155 0.0697135 0.0546179 0.0294188 0.0215738 0.0213955 0.0102223 0.00600262
 0 0 0 0 0.00359764 0.0251062 0.0480494 0.140153 0.205849 0.193036 0.1447 0.116669 0.0760912 0.0342217 0.00950174 0.001854 0.000860785 0 0 0 0.000165536 0 0.000143464 0 0 0
 0 0 0 0 0 0 0 0.000145254 0.000435761 0.0275982 0.070085 0.0708112 0.156366 0.174668 0.174014 0.160142 0.0824315 0.0480064 0.0283245 0.00493863 0.00203355 0 0 0 0 0
 0 0 0 0 0 0 0 0 0 0 0 0 0 0 0 0 0 0 0 0 0 0 0 0 0 0
 0 0 1.00437e-05 0.000401748 0.00122533 0.00171747 0.00176769 0.0269171 0.070346 0.194647 0.189555 0.159765 0.064822 0.0314167 0.0384472 0.0292271 0.0345202 0.0313363 0.0194345 0.0106764 0.0143323 0.0359363 0.0279516 0.0138201 0.00172751 0
 0 0.0021121 0.0136068 0.0755702 0.200478 0.177729 0.0527432 0.0373336 0.0318909 0.0142505 0.0149659 0.0166563 0.0217959 0.0798694 0.0677717 0.0528807 0.04013 0.0224614 0.0357745 0.0225083 0.00881397 0.00855152 0.00135912 0.000746735 0 0
 0 0 0 0 5.4009e-05 0.00500934 0.000945158 0.0243581 0.138947 0.33067 0.221406 0.137944 0.0707744 0.0437923 0.0131692 0.00525238 0.0047753 0.00276346 9.45158e-05 9.00151e-06 2.25038e-05 9.00151e-06 4.50075e-06 0 0 0
 0.000866109 0.00284123 0.00948549 0.0512746 0.133035 0.25785 0.225252 0.132002 0.0553304 0.0519788 0.0540692 0.017754 0.00435017 0.00159236 0.00146478 0.000404838 0.000125132 0.000115318 0.000107957 0.000100596 0 0 0 0 0 0
 0 0 0 0 0.00144013 0.00171154 0.00461396 0.0210425 0.0478622 0.0707936 0.0888783 0.103762 0.0637923 0.0337046 0.0602308 0.124433 0.169614 0.0934646 0.0462172 0.0250306 0.0313229 0.00938855 0.002487 0.000210481 0 0
 0 0.00764035 0.051015 0.0998891 0.058973 0.0496711 0.0374665 0.0718981 0.12319 0.153886 0.159021 0.0857701 0.0377988 0.023471 0.0147837 0.00900784 0.00315554 0.000888139 0.00291439 0.00214683 0.00393193 0.00274676 0.000635225 9.99891e-05 0 0
 0 0 0 0 0 0 0 0 0 0 0 0 0 0 0 0 0 0 0 0 0 0 0 0 0 0
 0 0 0 0 0 0 0 0 0 0 0 0 0 0 0 0 0 0 0 0 0 0 0 0 0 0
 0 0 0 0 0 0 0 0 0 0 0 0 0 0 0 0 0 0 0 0 0 0 0 0 0 0
 0 0 0 0 0 0 0 0 0 0 0 0 0 0 0 0 0 0 0 0 0 0 0 0 0 0
 0 0 0 0 0 0 0 0 0 0 0 0 0 0 0 0 0 0 0 0 0 0 0 0 0 0
 0 0 0 0 0 0 0 0 0 0 0 0 0 0 0 0 0 0 0 0 0 0 0 0 0 0
 0 0 0 0 0 0 0 0 0 0 0 0 0 0 0 0 0 0 0 0 0 0 0 0 0 0
ppred_pel_tallas
 1.1566e-16 3.41785e-05 0.000332227 0.00220777 0.0100362 0.0312264 0.0665315 0.0971068 0.0971172 0.0665827 0.0314002 0.0105472 0.00352382 0.00331543 0.00602214 0.0107401 0.0174147 0.0259404 0.0360756 0.0474616 0.0594012 0.070499 0.0786241 0.0815411 0.0779679 0.0683506
 1.30858e-16 3.45658e-05 0.000335992 0.00223279 0.0101499 0.0315804 0.0672862 0.098211 0.0982344 0.0674003 0.0319641 0.0112604 0.00502799 0.00646548 0.0117614 0.0196297 0.028882 0.037712 0.0444299 0.048581 0.0513334 0.054642 0.0597606 0.0662359 0.0720656 0.0747828
 1.27471e-16 4.49407e-05 0.00043684 0.00290295 0.0131964 0.041059 0.0874813 0.127685 0.127704 0.087572 0.0413641 0.0140796 0.00512825 0.00532278 0.00940888 0.0157121 0.0231849 0.0303754 0.0358885 0.0392425 0.0412015 0.0431987 0.0462787 0.0503755 0.0543781 0.0567775
 1.09698e-16 6.36584e-05 0.000618783 0.00411203 0.0186927 0.05816 0.123916 0.180862 0.180874 0.123975 0.0583572 0.019263 0.00554643 0.00375975 0.00605818 0.00999389 0.0145838 0.0187662 0.021525 0.0224521 0.0220025 0.0211598 0.020769 0.0210555 0.021623 0.0218097
 1.06182e-16 5.4447e-05 0.000529245 0.00351702 0.0159879 0.0497443 0.105986 0.154696 0.154721 0.10611 0.050159 0.0171857 0.00652454 0.00709728 0.0125363 0.0206609 0.0298127 0.0376154 0.0416933 0.040978 0.036352 0.030042 0.0242601 0.020146 0.0176254 0.0159654
 1.04282e-16 6.26126e-05 0.000608617 0.00404447 0.0183856 0.0572045 0.121881 0.177892 0.177907 0.121956 0.0574566 0.0191146 0.00587764 0.004621 0.00771392 0.0127349 0.0185295 0.0237011 0.026861 0.0273589 0.0256332 0.022836 0.0200561 0.0177698 0.0158498 0.0139445
 1.07215e-16 4.04769e-05 0.00039345 0.00261461 0.0118857 0.0369809 0.0787932 0.115009 0.115046 0.0789755 0.0375934 0.0136554 0.00705921 0.0101042 0.0185071 0.0305963 0.0442247 0.055943 0.0622599 0.0615754 0.0551137 0.0460299 0.03744 0.0309237 0.0263773 0.0228584
 1.1455e-16 3.68746e-05 0.000358434 0.00238192 0.0108279 0.0336897 0.0717805 0.104771 0.104798 0.0719099 0.0341252 0.0120893 0.00556229 0.00734767 0.0134475 0.0225317 0.0332955 0.0436391 0.0514085 0.0555751 0.0567063 0.0562604 0.0553336 0.0539469 0.0513434 0.0468332
 1.19021e-16 4.3913e-05 0.00042685 0.00283657 0.0128947 0.0401202 0.085481 0.124766 0.124787 0.0855805 0.0404547 0.0138635 0.00527811 0.00578941 0.0103261 0.0172632 0.0254927 0.0334191 0.0394732 0.0430305 0.0447577 0.0459959 0.047669 0.0496094 0.0507508 0.0498903
 1.1326e-16 5.57577e-05 0.000541985 0.00360168 0.0163727 0.0509417 0.108537 0.158417 0.158434 0.108619 0.051216 0.0171662 0.005598 0.00491539 0.00840808 0.0139372 0.0203756 0.0262886 0.0302783 0.0317772 0.0313954 0.0304517 0.0300561 0.0304634 0.0310962 0.0310563
 1.05375e-16 6.53351e-05 0.00063508 0.00422033 0.019185 0.0596918 0.12718 0.185626 0.18564 0.127246 0.0599139 0.0198269 0.00583305 0.00416106 0.00677806 0.0111458 0.0161552 0.0205462 0.0230885 0.0232394 0.0214656 0.0189026 0.0166297 0.0151257 0.0142289 0.0134696
 1.05691e-16 4.65385e-05 0.000452371 0.00300616 0.0136656 0.042519 0.0905924 0.132229 0.132262 0.090755 0.0430651 0.0152434 0.00696769 0.00910419 0.0164892 0.0272164 0.0392738 0.0495432 0.0548765 0.0538295 0.0475119 0.0388037 0.0305915 0.0244053 0.0202462 0.0173039
 1.08226e-16 5.02622e-05 0.000488566 0.0032467 0.014759 0.0459209 0.0978401 0.142805 0.142826 0.0979448 0.0462729 0.0157778 0.0058122 0.00611598 0.0108168 0.0180096 0.0264225 0.0342411 0.0396242 0.0416914 0.0409563 0.0387836 0.036351 0.0339931 0.031338 0.0279118
 1.05712e-16 6.41958e-05 0.000624006 0.00414674 0.0188505 0.0586509 0.124962 0.182389 0.182402 0.125026 0.0588652 0.01947 0.00570459 0.00403435 0.00656953 0.0108351 0.0157839 0.0202402 0.0230564 0.0237258 0.022668 0.0208887 0.0192909 0.0181897 0.0173268 0.0162345
 1.04963e-16 5.55674e-05 0.000540135 0.00358939 0.0163169 0.0507679 0.108167 0.157879 0.157903 0.108287 0.0511695 0.0174769 0.00650206 0.00690153 0.0121461 0.0200166 0.0288891 0.0364604 0.0404252 0.0397357 0.0352227 0.0290128 0.0232234 0.0189542 0.0161617 0.0141966
 1.01531e-16 7.47729e-05 0.000726819 0.00482997 0.0219563 0.0683143 0.145551 0.212437 0.212443 0.145581 0.0684132 0.0222423 0.005549 0.00230028 0.00307424 0.00499325 0.00725414 0.00926564 0.0104767 0.0106303 0.00990004 0.00874314 0.00759531 0.00665283 0.00587311 0.00512166
 1.03276e-16 3.31766e-05 0.000322488 0.00214305 0.00974202 0.0303113 0.0645834 0.0942723 0.0943245 0.0648385 0.0311674 0.0122139 0.00834484 0.013851 0.0256969 0.0423529 0.0608283 0.0761179 0.0831435 0.0795698 0.0672183 0.0508757 0.0354913 0.0239221 0.0165143 0.012121
 1.022e-16 7.43149e-05 0.000722368 0.00480039 0.0218219 0.067896 0.14466 0.211136 0.21114 0.144679 0.0679598 0.0220073 0.00526932 0.00175785 0.00207539 0.00340325 0.0051041 0.00685259 0.00835647 0.00945836 0.0101803 0.0106201 0.0107985 0.0106104 0.00991919 0.00869857
 1.0267e-16 5.33799e-05 0.000518871 0.00344808 0.0156745 0.0487694 0.103909 0.151665 0.151696 0.104059 0.0492706 0.0171216 0.00707846 0.00843706 0.0150712 0.0247792 0.0355706 0.044486 0.0485561 0.046434 0.0392211 0.0297604 0.0209761 0.0145309 0.0105723 0.00834094
 1.06447e-16 4.49315e-05 0.000436751 0.00290236 0.0131937 0.0410508 0.087464 0.127662 0.127691 0.0876037 0.04152 0.0145511 0.00631718 0.00791631 0.014323 0.0237973 0.0347165 0.0445687 0.0507844 0.0521172 0.049281 0.0442663 0.0389469 0.0341354 0.0296565 0.0250528
 1.08839e-16 5.40794e-05 0.000525671 0.00349327 0.0158799 0.0494083 0.10527 0.153649 0.153667 0.105359 0.0497075 0.0167456 0.00567295 0.00530579 0.00919709 0.0152901 0.0224258 0.0290626 0.0336621 0.0355268 0.0351622 0.033789 0.0324209 0.0312705 0.0298624 0.0275915
 1.06976e-16 5.93773e-05 0.000577168 0.00383549 0.0174356 0.0542486 0.115583 0.168701 0.168718 0.11567 0.0545396 0.0182767 0.00594946 0.00520089 0.0088673 0.0146368 0.021251 0.0270965 0.0305789 0.030993 0.0289345 0.0258492 0.0230878 0.0212113 0.0199648 0.0187339
 1.11284e-16 3.09231e-05 0.000300583 0.00199748 0.0090803 0.0282524 0.0601964 0.0878675 0.087911 0.060409 0.0289665 0.011144 0.00718219 0.0116338 0.021599 0.035776 0.0518129 0.0657532 0.0735802 0.073459 0.0668003 0.0572051 0.0481786 0.041416 0.036672 0.0327755
 1.06661e-16 6.65468e-05 0.000646859 0.0042986 0.0195408 0.0607988 0.129539 0.189067 0.189074 0.129573 0.0609156 0.0198797 0.00515536 0.00253786 0.0037189 0.00620309 0.00930638 0.0124985 0.0152755 0.0173999 0.0189826 0.0202718 0.021336 0.0219341 0.021675 0.0203054
 1.05679e-16 5.42184e-05 0.000527023 0.00350225 0.0159207 0.0495355 0.105542 0.154047 0.154073 0.105672 0.0499719 0.0171811 0.00666545 0.0074309 0.0131624 0.0216667 0.0311943 0.039216 0.0432093 0.042054 0.0367245 0.0296487 0.0232517 0.0188022 0.0162315 0.0147167
 1.09362e-16 3.83949e-05 0.000373213 0.00248013 0.0112743 0.0350788 0.0747404 0.109093 0.109127 0.0749067 0.0356379 0.012891 0.00654573 0.00927325 0.017014 0.0282569 0.0411454 0.0526698 0.0597583 0.0609587 0.0572167 0.0510507 0.044844 0.0396457 0.0351998 0.0307802
 1.07843e-16 6.15032e-05 0.000597833 0.00397281 0.0180598 0.0561909 0.119721 0.174739 0.17475 0.119777 0.0563803 0.0186085 0.00535623 0.00363853 0.00589755 0.0098141 0.0145137 0.0190625 0.0225471 0.0245553 0.0253698 0.0256433 0.0258318 0.0258709 0.0253128 0.0237272
 1.05961e-16 5.82239e-05 0.000565957 0.00376099 0.0170969 0.053195 0.113338 0.165425 0.165446 0.113441 0.0535414 0.0180979 0.00627438 0.00605571 0.0104936 0.0172818 0.0249551 0.0315319 0.0350462 0.0346268 0.0310263 0.0261019 0.0216696 0.0186185 0.0168055 0.0155458
 1.10289e-16 3.15213e-05 0.000306399 0.00203613 0.00925597 0.028799 0.0613609 0.0895668 0.089609 0.061567 0.0294916 0.0112581 0.00706752 0.0113094 0.0209854 0.0347933 0.0504705 0.0642101 0.0721335 0.0724385 0.0664134 0.0574218 0.0487261 0.0418896 0.0367002 0.0321581
 1.18501e-16 3.75291e-05 0.000364796 0.0024242 0.0110201 0.0342876 0.0730542 0.106629 0.106649 0.0731542 0.0346245 0.0119975 0.00489493 0.00581559 0.0105582 0.0178393 0.0267394 0.0358331 0.0436609 0.0495393 0.0538133 0.0572474 0.0600949 0.061701 0.0609457 0.057074
 1.07688e-16 6.87802e-05 0.000668568 0.00444287 0.0201966 0.0628393 0.133886 0.195412 0.195419 0.133922 0.0629593 0.020544 0.00531764 0.00258774 0.00374249 0.00615644 0.00905274 0.0118045 0.0138421 0.0149582 0.0154368 0.0158261 0.0165237 0.0175015 0.0183483 0.0185434
pSPR Fmed_Fpbrs
0.8201   0.6 0.325
Fs Fmed_Fpbrs
0.09421   0.254437 0.610904
SSBpbr Bo_Bmed_Bpbrs
3.54673e+06  2.73134e+06  1.9507e+06 975352
Ro
339596
SPR SPRFo_SPRFmed_SPRFpbrs
2.42391e+06 1.98784e+06 787769
Fref
0.254437
Nvult_r0
 422706 38214.8 17471.3 19914.2 8253.96
CTP_r0
 29565.3 2769.97 1268.82 1446.38 599.494
YTP_r0
391296
Np
 491570 141640 62487.7 5621.07 3302
Nvult_p0
 349929 101217 44663.4 4017.73 2360.15
CTP_p0
 68706.2 31680.5 2856.6 1305.81 1994.68
 68706.2 20494.2 9058.23 814.91 478.707
YTP_p0
 1.18295e+06 1.0854e+06
CBA_c0
1.15368e+06
log_Ro
12.5555
likeval ReclasPelacesDesembMPH_pf_preclas_ppelaces_ptallas_desvR_qrecl_qpela
 20.1683 18.2321 0.147938 66.5871 245.943 125.401 99.3526 0 21.0977 4.3612e-05 2.79462e-05 0.740096 8.35153e-16 0 0
q_reclas_q_pelaces
0.392269 0.471377
M
1
N
 335593 81620.6 373591 18798.5 0.55215
 203558 117199 28446.2 130189 6551.03
 194730 68285.5 39173.8 9506.28 45695.7
 406931 65551.9 22907.2 13138.8 18514.4
 332060 131816 21128.4 7381.34 10199.4
 559910 117112 46412.3 7438.64 6189.59
 239701 189645 39538.3 15666.6 4600.2
 122908 74619.6 58652 12223.7 6265.59
 112208 44130.9 26767.2 21038.3 6632.05
 147307 37634.5 14747.9 8943.47 9245.12
 273752 48371.9 12303.3 4820.17 5944.63
 159154 97787.1 17259 4389.54 3840.61
 133982 48726 29723.5 5244.01 2500.61
 228655 39839.8 14368.5 8760.94 2282.65
 174672 66023.2 11395 4107.52 3156.95
 797650 54964.2 20648.8 3562.58 2271.16
 186016 251264 17209.1 6462.91 1825.88
 1.40621e+06 61615 82885.9 5675.59 2733.62
 950670 467859 20419.4 27462.7 2786.2
 564711 306207 149913 6540.98 9689.55
 645113 184787 99739.6 48818.3 5285.3
 837153 214006 61052.3 32946 17871.3
 218070 262458 66674.8 19014.6 15826.6
 812467 72722.1 87188.9 22144.8 11571.7
 662438 278536 24862.3 29803.8 11525.2
 300921 227309 95316.3 8506.74 14140.7
 661113 104798 78992.3 33119.6 7869.28
 734364 227839 36024.3 27149.8 14087.8
 223460 255298 79031.8 12494.4 14302.5
 169638 77776.6 88665.5 27444.6 9305.45
 641658 57920.9 26478.4 30180.6 12509.2
pred_Ctot
 10800.5 2727.41 12509 629.5 0.0184898
 11425 6825.56 1659.97 7597.9 382.325
 10532.2 3832.5 2202.99 534.653 2570.04
 31053.8 5187.83 1816.43 1041.95 1468.27
 8701.21 3586.92 576.105 201.287 278.137
 28256.8 6133.6 2435.64 390.408 324.855
 23622.5 19370.3 4046.2 1603.42 470.816
 1866.81 1177.31 927.274 193.275 99.0686
 6310.04 2575.09 1565 1230.18 387.8
 10092.4 2674.57 1050.15 636.902 658.388
 5030.64 923.292 235.318 92.202 113.712
 17134.3 10908.4 1928.95 490.646 429.291
 16520.9 6222.78 3803.12 671.037 319.986
 31710.3 5719.83 2066.72 1260.27 328.365
 16175 6337.63 1095.92 395.086 303.656
 73391.6 5242.43 1973.26 340.486 217.062
 11813.8 16554.9 1136.09 426.702 120.552
 85680.2 3894.98 5249.98 359.528 173.166
 75603.9 38583.1 1687.22 2269.43 230.244
 39829.1 22400.8 10988.5 479.5 710.316
 40406 12007.4 6493.86 3178.8 344.154
 79231.8 20994.6 6000.94 3238.65 1756.79
 12993.1 16224.9 4129.93 1177.91 980.432
 35176.1 3268.16 3926.15 997.293 521.138
 28321.5 12361 1105.56 1325.43 512.552
 10191.1 7992.63 3358.27 299.749 498.276
 26552.4 4369.3 3300 1383.76 328.785
 25651.5 8262.69 1309.07 986.687 511.988
 7645.92 9069.37 2813.24 444.803 509.172
 7754.39 3690.11 4215.15 1304.85 442.43
 29565.3 2769.97 1268.82 1446.38 599.494
F
 0.0520268 0.054065 0.0541767 0.0541826 0.0541829
 0.0922511 0.0958651 0.0960632 0.0960736 0.0960742
 0.0887699 0.0922475 0.0924381 0.0924482 0.0924487
 0.127238 0.132222 0.132495 0.13251 0.132511
 0.0421883 0.043841 0.0439316 0.0439364 0.0439366
 0.0826203 0.085857 0.0860343 0.0860437 0.0860442
 0.166992 0.173534 0.173892 0.173911 0.173912
 0.0242727 0.0252236 0.0252757 0.0252784 0.0252786
 0.0924362 0.0960574 0.0962559 0.0962664 0.0962669
 0.113598 0.118049 0.118293 0.118305 0.118306
 0.0294302 0.0305832 0.0306464 0.0306497 0.0306499
 0.18366 0.190855 0.191249 0.19127 0.191271
 0.212839 0.221178 0.221634 0.221659 0.22166
 0.242208 0.251697 0.252217 0.252244 0.252246
 0.15623 0.16235 0.162686 0.162703 0.162704
 0.155164 0.161243 0.161576 0.161593 0.161594
 0.10493 0.10904 0.109266 0.109278 0.109278
 0.100485 0.104421 0.104637 0.104648 0.104649
 0.132905 0.138111 0.138397 0.138412 0.138412
 0.117112 0.121699 0.121951 0.121964 0.121965
 0.103419 0.107471 0.107693 0.107705 0.107705
 0.159915 0.16618 0.166523 0.166541 0.166542
 0.0981691 0.102015 0.102226 0.102237 0.102237
 0.0705279 0.0732909 0.0734423 0.0734503 0.0734507
 0.0696188 0.0723462 0.0724957 0.0725035 0.072504
 0.0548113 0.0569585 0.0570762 0.0570824 0.0570827
 0.065284 0.0678415 0.0679816 0.067989 0.0679894
 0.0565741 0.0587904 0.0589119 0.0589183 0.0589186
 0.0553903 0.0575603 0.0576792 0.0576855 0.0576858
 0.0745883 0.0775103 0.0776705 0.0776789 0.0776794
 0.0752029 0.078149 0.0783105 0.078319 0.0783194
YTP_r0W_actual
 245392 39056.6 35019.4 49466.2 22361.1
YTP_p0W_proyectada
 514609 496434 66073.2 38351.5 67479.9
 514609 321144 209517 23933.9 16194.7
CTP_r0_actual
 29565.3 2769.97 1268.82 1446.38 599.494
CTP_p0_proyectada
 68706.2 31680.5 2856.6 1305.81 1994.68
 68706.2 20494.2 9058.23 814.91 478.707
Wmedp
 7.49 15.67 23.13 29.37 33.83
Frms_r0
 0.0752029 0.078149 0.0783105 0.078319 0.0783194
Zrms_r0
 1.0752 1.07815 1.07831 1.07832 1.07832
nmprior
 8.19 8.8 8.5 0
nm_flota  nm_reclas  nm_pelaces    nm_pelaL
inf 10.5361 17.0597 39.9542
cv_recla  cv_pelaces  cv_mph
0.406218 0.484163 0.755478
 ------------------------------------------------
Talla a la edad & desviaci?n 
 8 13.2811 15.8009 17.003 17.5766
 0.8 1.32811 1.58009 1.7003 1.75766
