years
 1991 1992 1993 1994 1995 1996 1997 1998 1999 2000 2001 2002 2003 2004 2005 2006 2007 2008 2009 2010 2011 2012 2013 2014 2015 2016 2017 2018 2019 2020 2021
reclasobs
 0 0 0 0 0 0 0 0 0 252601 567819 844713 477998 351125 339783 2.1784e+06 2.13404e+06 4.81314e+06 1.55562e+06 2.62356e+06 3.21686e+06 3.843e+06 1.13348e+06 3.07943e+06 1.97215e+06 2.03268e+06 2.025e+06 2.42433e+06 2.27542e+06 1.05018e+06 2.36338e+06
reclaspred
 3.4459e+06 2.00419e+06 1.02122e+06 1.02985e+06 1.04818e+06 1.61363e+06 1.19114e+06 1.11127e+06 836385 654296 657862 621280 491949 580327 589639 1.22346e+06 1.2348e+06 2.72848e+06 2.58432e+06 1.94648e+06 2.9108e+06 1.94604e+06 1.54017e+06 2.72476e+06 2.18625e+06 1.99859e+06 2.34133e+06 2.43364e+06 2.07058e+06 1.37924e+06 1.91808e+06
pelacesobs
 0 0 0 0 0 0 0 0 0 0 0 0 0 0 0 552880 188675 0 991730 2.46772e+06 1.41603e+06 1.21717e+06 2.29649e+06 1.80582e+06 0 1.4828e+06 1.56532e+06 1.57751e+06 1.42118e+06 867257 1.10002e+06
pelacespred
 1.99932e+06 1.31956e+06 692630 566374 572228 914360 674772 703735 542180 412692 411205 335965 287331 379646 378354 637878 639627 1.58748e+06 1.59507e+06 1.14978e+06 1.5141e+06 1.22353e+06 909378 1.72621e+06 1.32905e+06 1.21135e+06 1.6139e+06 1.66214e+06 1.16572e+06 890587 1.23396e+06
mphobs
 0 0 0 0 0 0 0 0 0 0 0 498337 0 5186 125008 0 168611 109162 213762 579715 649985 157893 87575 83554 0 0 0 0 0 0 0
mphpred
 514263 347431 181777 97896.5 112705 125076 171194 129442 111796 84413.8 59898.3 76600 62232.6 43525.7 50257.3 61352.6 144143 141842 279652 253118 265524 255746 201921 166419 274088 239657 203856 214669 289822 207474 135341
desembarqueobs
 494567 514787 250237 358949 120608 361735 552515 73892 212993 205616 52469 317467 293654 387597 252695 516296 358380 742168 942051 627588 828172 859565 418607 520667 417249 300574 415391 372974 316634 284311 391294
desembarquepred
 494571 512915 251216 358959 120610 361740 552538 73893.4 213011 205629 52469.2 317584 293804 387586 252696 516295 358404 742130 941920 627536 828274 859687 418627 520675 417249 300576 415392 372969 316634 284317 391296
Reclutas
 325126 196647 187925 392260 319823 539387 230665 117802 107545 141276 262774 153012 128444 221669 167848 767571 178231 1.35348e+06 916658 544941 620507 806328 209421 779339 635884 288594 633913 704133 214298 162580 614760
log_desv_Rt
 -0.00432176 -0.507127 -0.552493 0.18339 -0.0207681 0.501899 -0.347571 -1.01953 -1.11063 -0.837823 -0.21724 -0.758018 -0.933043 -0.387352 -0.665475 0.854696 -0.605456 1.4219 1.0322 0.512142 0.642002 0.903955 -0.444187 0.869911 0.666481 -0.123516 0.663376 0.768432 -0.421169 -0.697365 0.632697
SSB
 7.53698e+06 5.0919e+06 2.6641e+06 1.43476e+06 1.65179e+06 1.83309e+06 2.509e+06 1.89709e+06 1.63846e+06 1.23716e+06 877861 1.12264e+06 912072 637907 736564 899176 2.11253e+06 2.07882e+06 4.09855e+06 3.70966e+06 3.89148e+06 3.74818e+06 2.95932e+06 2.43902e+06 4.017e+06 3.51238e+06 2.98768e+06 3.14615e+06 4.2476e+06 3.04071e+06 1.98354e+06
BT
 9.7056e+06 6.64262e+06 3.47585e+06 2.93743e+06 2.75223e+06 4.55554e+06 3.63096e+06 3.33127e+06 2.72839e+06 2.11671e+06 1.95519e+06 1.8347e+06 1.61205e+06 2.17742e+06 2.01288e+06 3.38684e+06 3.25571e+06 8.03186e+06 8.31383e+06 5.91442e+06 7.69034e+06 6.53886e+06 4.601e+06 8.50891e+06 6.55207e+06 5.89298e+06 7.92022e+06 8.09425e+06 5.67588e+06 4.41177e+06 6.10851e+06
Ftot
 0.0566768 0.100588 0.0968304 0.138471 0.0458628 0.08966 0.181768 0.0264922 0.100981 0.124278 0.0321054 0.20041 0.233777 0.264185 0.170657 0.169046 0.11461 0.10936 0.144522 0.127549 0.112792 0.174457 0.107336 0.0769375 0.0758979 0.0597646 0.0711607 0.0616204 0.0603732 0.0814854 0.082072
BD_Bspro_t
 0.990973 0.930151 0.849308 0.795962 0.794998 0.83813 0.837436 0.757449 0.793789 0.78089 0.770233 0.856836 0.743377 0.644753 0.654502 0.691007 0.7661 0.75487 0.821368 0.780594 0.754703 0.749419 0.733145 0.732249 0.833575 0.842683 0.849355 0.868967 0.891625 0.858769 0.825215
BD_Bspro
 3.23381 2.18473 1.14306 0.615596 0.708718 0.786507 1.07651 0.813963 0.702997 0.530814 0.376655 0.481679 0.391333 0.2737 0.31603 0.3858 0.906403 0.891937 1.75852 1.59167 1.66968 1.60819 1.26973 1.04649 1.72353 1.50702 1.28189 1.34989 1.82247 1.30465 0.851057
BD_Bo
 2.2092 1.49251 0.780888 0.420549 0.484165 0.537307 0.735426 0.556064 0.480257 0.362629 0.257314 0.329062 0.267342 0.18698 0.215898 0.263562 0.619215 0.609332 1.20134 1.08736 1.14065 1.09865 0.867421 0.714913 1.17744 1.02953 0.875733 0.922184 1.24503 0.891277 0.581405
BD_Brms
 4.01673 2.71366 1.4198 0.764634 0.880301 0.976922 1.33714 1.01103 0.873195 0.659325 0.467844 0.598295 0.486076 0.339964 0.392541 0.479203 1.12585 1.10788 2.18426 1.97701 2.07391 1.99754 1.57713 1.29984 2.14081 1.87187 1.59224 1.6767 2.2637 1.6205 1.0571
Sel_flota
 0.960095 1 1 1 1
 0.960095 1 1 1 1
 0.960095 1 1 1 1
 0.960095 1 1 1 1
 0.960095 1 1 1 1
 0.960095 1 1 1 1
 0.960095 1 1 1 1
 0.960095 1 1 1 1
 0.960095 1 1 1 1
 0.960095 1 1 1 1
 0.960095 1 1 1 1
 0.960095 1 1 1 1
 0.960095 1 1 1 1
 0.960095 1 1 1 1
 0.960095 1 1 1 1
 0.960095 1 1 1 1
 0.960095 1 1 1 1
 0.960095 1 1 1 1
 0.960095 1 1 1 1
 0.960095 1 1 1 1
 0.960095 1 1 1 1
 0.960095 1 1 1 1
 0.960095 1 1 1 1
 0.960095 1 1 1 1
 0.960095 1 1 1 1
 0.960095 1 1 1 1
 0.960095 1 1 1 1
 0.960095 1 1 1 1
 0.960095 1 1 1 1
 0.960095 1 1 1 1
 0.960095 1 1 1 1
Sel_reclas
 1 1 1 1 1
 1 1 1 1 1
 1 1 1 1 1
 1 1 1 1 1
 1 1 1 1 1
 1 1 1 1 1
 1 1 1 1 1
 1 1 1 1 1
 1 1 1 1 1
 1 1 1 1 1
 1 1 1 1 1
 1 1 1 1 1
 1 1 1 1 1
 1 1 1 1 1
 1 1 1 1 1
 1 1 1 1 1
 1 1 1 1 1
 1 1 1 1 1
 1 1 1 1 1
 1 1 1 1 1
 1 1 1 1 1
 1 1 1 1 1
 1 1 1 1 1
 1 1 1 1 1
 1 1 1 1 1
 1 1 1 1 1
 1 1 1 1 1
 1 1 1 1 1
 1 1 1 1 1
 1 1 1 1 1
 1 1 1 1 1
Sel_pelaces
 1 1 1 1 1
 1 1 1 1 1
 1 1 1 1 1
 1 1 1 1 1
 1 1 1 1 1
 1 1 1 1 1
 1 1 1 1 1
 1 1 1 1 1
 1 1 1 1 1
 1 1 1 1 1
 1 1 1 1 1
 1 1 1 1 1
 1 1 1 1 1
 1 1 1 1 1
 1 1 1 1 1
 1 1 1 1 1
 1 1 1 1 1
 1 1 1 1 1
 1 1 1 1 1
 1 1 1 1 1
 1 1 1 1 1
 1 1 1 1 1
 1 1 1 1 1
 1 1 1 1 1
 1 1 1 1 1
 1 1 1 1 1
 1 1 1 1 1
 1 1 1 1 1
 1 1 1 1 1
 1 1 1 1 1
 1 1 1 1 1
pf_obs 
 0.8446 0.082 0.0669 0.0065 0
 0.8095 0.147 0.0364 0.0071 0
 0.9664 0.0169 0.016 0.0007 0
 0.9276 0.0648 0.0075 0.0001 0
 0.7033 0.2144 0.0806 0.0017 0
 0.9318 0.0425 0.0243 0.0014 0
 0.5671 0.3108 0.0964 0.0239 0.0018
 0.0768 0.2599 0.5324 0.112 0.0189
 0.490249 0.384438 0.106611 0.0170017 0.00170017
 0.7925 0.1577 0.0466 0.003 0.0002
 0.840416 0.127587 0.0312969 0.00059994 9.999e-05
 0.8084 0.0986 0.0794 0.0134 0.0002
 0.7335 0.1905 0.0724 0.0035 0.0001
 0.4001 0.4547 0.1325 0.0127 0
 0.49795 0.308269 0.164784 0.0264974 0.00249975
 0.9179 0.0499 0.0305 0.0017 0
 0.2467 0.6533 0.0926 0.0074 0
 0.9418 0.0223 0.034 0.0019 0
 0.707729 0.231977 0.0356964 0.0245975 0
 0.517169 0.277429 0.184464 0.0207286 0.00020938
 0.811772 0.124168 0.05621 0.00726502 0.000585176
 0.764997 0.148141 0.077277 0.00933861 0.000247198
 0.163321 0.427699 0.378323 0.0303852 0.000271297
 0.753843 0.0900009 0.118128 0.0371064 0.000921714
 0.721811 0.176058 0.0630433 0.0369309 0.00215725
 0.143369 0.312575 0.442814 0.0836902 0.0175525
 0.692698 0.0596174 0.167031 0.0765114 0.00414204
 0.394062 0.376323 0.152708 0.0712218 0.00568511
 0.125707 0.32114 0.495352 0.0537591 0.00404204
 0.23352 0.215282 0.420074 0.123614 0.00750983
 0.796117 0.104755 0.0508955 0.0450114 0.00322123
pf_pred 
 0.408161 0.10285 0.465421 0.0235684 6.935e-07
 0.411228 0.246316 0.0595118 0.269306 0.0136377
 0.537084 0.195212 0.111996 0.027059 0.12865
 0.766464 0.127921 0.0445378 0.025552 0.0355251
 0.65316 0.26854 0.0428894 0.0149327 0.020478
 0.753211 0.163514 0.0644753 0.0102976 0.00850195
 0.481461 0.394653 0.0820828 0.0323661 0.00943721
 0.438919 0.276453 0.216627 0.0450556 0.022946
 0.523685 0.213924 0.129284 0.101306 0.0318011
 0.669182 0.176797 0.0691745 0.0418051 0.0430414
 0.787889 0.143976 0.0364132 0.0142473 0.0174751
 0.55547 0.353284 0.0619353 0.0156642 0.0136463
 0.60167 0.225724 0.137177 0.0240488 0.0113809
 0.776217 0.137115 0.0491122 0.0298464 0.00770868
 0.666984 0.261181 0.044015 0.0157653 0.0120554
 0.905143 0.064204 0.0240404 0.00405137 0.00256077
 0.393599 0.551167 0.0373851 0.0139984 0.00385016
 0.899542 0.0405862 0.0544186 0.00369116 0.00176225
 0.639988 0.32523 0.0140522 0.0188414 0.00188814
 0.537285 0.300809 0.146264 0.00631961 0.00932258
 0.648445 0.192701 0.10327 0.0502138 0.0053701
 0.713858 0.188358 0.0535988 0.0287241 0.0154604
 0.367245 0.45744 0.115404 0.0328391 0.0270711
 0.802678 0.0744599 0.0888212 0.022408 0.0116328
 0.650084 0.283196 0.0251767 0.0300326 0.01151
 0.456895 0.358281 0.149583 0.0132982 0.0219426
 0.739635 0.121685 0.0914855 0.0381954 0.0089986
 0.699084 0.225 0.0354807 0.0266751 0.0137607
 0.37387 0.443224 0.136762 0.0215662 0.0245781
 0.446385 0.212469 0.24149 0.0745144 0.0251417
 0.830014 0.0776741 0.035428 0.040267 0.016617
pobs_RECLAS
 0 0 0 0 0
 0 0 0 0 0
 0 0 0 0 0
 0 0 0 0 0
 0 0 0 0 0
 0 0 0 0 0
 0 0 0 0 0
 0 0 0 0 0
 0 0 0 0 0
 0 0 0 0 0
 0.991045 0.00858322 0.000360255 1.14367e-05 0
 0.934742 0.0480273 0.0164251 0.00080598 0
 0.827803 0.169806 0.00239088 0 0
 0.941827 0.0461693 0.0120037 0 0
 0.791401 0.0380133 0.147996 0.0225897 0
 0.846168 0.0940531 0.0597789 0 0
 0.134021 0.677848 0.182769 0.00536245 0
 0.80878 0.0450904 0.141981 0.00414843 0
 0.846168 0.0940531 0.0597789 0 0
 0.905697 0.0802665 0.012482 0.00150086 5.37128e-05
 0.989698 0.0102097 9.19794e-05 0 0
 0.975433 0.0193895 0.00387452 0.00125025 5.28907e-05
 0.303575 0.632131 0.0575291 0.00676475 0
 0.966965 0.00978017 0.0227588 0.000495775 0
 0.843318 0.132988 0.00938335 0.0141283 0.000182051
 0.564624 0.303363 0.111486 0.0197234 0.00080311
 0.826376 0.0876187 0.0782897 0.00655872 0.00115652
 0.89761 0.0855135 0.0140674 0.00269457 0.000114338
 0.34875 0.467042 0.161289 0.0227151 0.000203297
 0.318654 0.224769 0.449479 0.00709798 0
 0.937255 0.0296025 0.0250945 0.00804832 0
ppred_RECLAS
 0.418081 0.101126 0.457619 0.0231733 6.81876e-07
 0.421211 0.24214 0.0585028 0.26474 0.0134065
 0.547278 0.190913 0.109529 0.0264631 0.125817
 0.773764 0.123922 0.0431457 0.0247533 0.0344147
 0.662362 0.261415 0.0417515 0.0145365 0.0199347
 0.760761 0.158512 0.062503 0.00998255 0.00824187
 0.491808 0.386778 0.0804449 0.0317203 0.0092489
 0.448993 0.271489 0.212737 0.0442466 0.022534
 0.533922 0.209327 0.126505 0.0991285 0.0311176
 0.678234 0.171959 0.0672819 0.0406613 0.0418637
 0.794632 0.139399 0.0352556 0.0137943 0.0169195
 0.565693 0.34516 0.0605109 0.0153039 0.0133324
 0.61161 0.220091 0.133754 0.0234487 0.0110969
 0.783394 0.132718 0.0475371 0.0288892 0.00746145
 0.676108 0.254024 0.042809 0.0153334 0.0117251
 0.908636 0.0618402 0.0231553 0.00390221 0.00246649
 0.40346 0.542204 0.0367772 0.0137708 0.00378755
 0.903197 0.0391095 0.0524386 0.00355686 0.00169813
 0.649439 0.316693 0.0136833 0.0183468 0.00183857
 0.547508 0.294163 0.143033 0.00617998 0.0091166
 0.657763 0.187593 0.100533 0.0488828 0.00522776
 0.722237 0.182843 0.0520293 0.0278831 0.0150077
 0.376849 0.450497 0.113652 0.0323407 0.0266602
 0.80909 0.0720402 0.0859348 0.0216798 0.0112547
 0.65935 0.275697 0.02451 0.0292373 0.0112052
 0.467068 0.35157 0.146781 0.0130491 0.0215316
 0.747448 0.118034 0.0887404 0.0370493 0.00872859
 0.707624 0.218614 0.0344737 0.025918 0.0133701
 0.3835 0.436407 0.134658 0.0212345 0.0242001
 0.45654 0.208572 0.23706 0.0731475 0.0246805
 0.835722 0.0750656 0.0342383 0.0389148 0.016059
pobs_PELACES
 0 0 0 0 0
 0 0 0 0 0
 0 0 0 0 0
 0 0 0 0 0
 0 0 0 0 0
 0 0 0 0 0
 0 0 0 0 0
 0 0 0 0 0
 0 0 0 0 0
 0 0 0 0 0
 0 0 0 0 0
 0 0 0 0 0
 0 0 0 0 0
 0 0 0 0 0
 0 0 0 0 0
 0 0 0 0 0
 0.505614 0.472636 0.0217494 0 0
 0 0 0 0 0
 0.443492 0.261883 0.143347 0.151278 0
 0.227955 0.32914 0.350689 0.0885471 0.00366901
 0.970185 0.0296113 0.000203453 0 0
 0.997202 0.00247181 0.000326279 0 0
 0.445219 0.490057 0.0546422 0.010081 0
 0.90214 0.0892962 0.00764917 0.000914606 0
 0 0 0 0 0
 0.581667 0.319106 0.0959925 0.00289975 0.000334073
 0.762889 0.0836404 0.116647 0.0363945 0.000428098
 0.88444 0.0763242 0.0277011 0.0115352 0
 0.521256 0.241999 0.230069 0.00667565 0
 0.616807 0.101726 0.260614 0.0208532 0
 0.833518 0.0704572 0.0857862 0.0102388 0
ppred_PELACES
 0.418263 0.101094 0.457477 0.0231661 6.81663e-07
 0.421534 0.242005 0.0584702 0.264592 0.013399
 0.547594 0.19078 0.109453 0.0264447 0.125729
 0.774083 0.123747 0.0430848 0.0247184 0.0343662
 0.662497 0.261311 0.0417348 0.0145307 0.0199267
 0.760975 0.15837 0.0624468 0.00997358 0.00823447
 0.492407 0.386322 0.0803502 0.0316829 0.00923801
 0.449079 0.271447 0.212704 0.0442397 0.0225305
 0.534253 0.209178 0.126415 0.0990581 0.0310955
 0.678591 0.171769 0.0672072 0.0406162 0.0418173
 0.794701 0.139352 0.0352437 0.0137897 0.0169138
 0.566341 0.344644 0.0604206 0.0152811 0.0133125
 0.612341 0.219677 0.133502 0.0234046 0.0110761
 0.783984 0.132357 0.0474076 0.0288105 0.00744113
 0.6766 0.253638 0.042744 0.0153101 0.0117073
 0.908821 0.0617152 0.0231085 0.00389432 0.0024615
 0.403823 0.541874 0.0367548 0.0137624 0.00378524
 0.903323 0.0390587 0.0523705 0.00355224 0.00169593
 0.649872 0.316301 0.0136664 0.0183241 0.0018363
 0.547924 0.293892 0.142901 0.0061743 0.00910822
 0.658097 0.18741 0.100435 0.0488351 0.00522266
 0.722698 0.18254 0.0519431 0.0278368 0.0149828
 0.377181 0.450257 0.113592 0.0323234 0.026646
 0.809247 0.0719812 0.0858644 0.0216621 0.0112455
 0.659575 0.275516 0.0244939 0.0292181 0.0111978
 0.467264 0.351441 0.146727 0.0130443 0.0215237
 0.747624 0.117951 0.0886783 0.0370234 0.00872248
 0.707792 0.218488 0.0344539 0.0259031 0.0133625
 0.383688 0.436274 0.134617 0.021228 0.0241927
 0.456806 0.20847 0.236944 0.0731116 0.0246684
 0.835871 0.0749979 0.0342073 0.0388796 0.0160445
pobs_pel_tallas
 0 0 0 0 0 0 0 0 0 0 0 0 0 0 0 0 0 0 0 0 0 0 0 0 0 0
 0 0 0 0 0 0 0 0 0 0 0 0 0 0 0 0 0 0 0 0 0 0 0 0 0 0
 0 0 0 0 0 0 0 0 0 0 0 0 0 0 0 0 0 0 0 0 0 0 0 0 0 0
 0 0 0 0 0 0 0 0 0 0 0 0 0 0 0 0 0 0 0 0 0 0 0 0 0 0
 0 0 0 0 0 0 0 0 0 0 0 0 0 0 0 0 0 0 0 0 0 0 0 0 0 0
 0 0 0 0 0 0 0 0 0 0 0 0 0 0 0 0 0 0 0 0 0 0 0 0 0 0
 0 0 0 0 0 0 0 0 0 0 0 0 0 0 0 0 0 0 0 0 0 0 0 0 0 0
 0 0 0 0 0 0 0 0 0 0 0 0 0 0 0 0 0 0 0 0 0 0 0 0 0 0
 0 0 0 0 0 0 0 0 0 0 0 0 0 0 0 0 0 0 0 0 0 0 0 0 0 0
 0 0 0 0 0 0 0 0 0 0 0 0 0 0 0 0 0 0 0 0 0 0 0 0 0 0
 0 0 0 0 0 0 0 0 0 0 0 0 0 0 0 0 0 0 0 0 0 0 0 0 0 0
 0 0 0 0 0 0 0 0 0 0 0 0 0 0 0 0 0 0 0 0 0 0 0 0 0 0
 0.00862536 0 0 0.000197151 0.00414017 0.0128641 0.00837892 0.0270097 0.101434 0.158115 0.152841 0.127902 0.109271 0.109419 0.0830992 0.0579132 0.0238553 0.00714673 0.00463305 0.00128148 0.00103504 0.000492878 0.000147863 0.000147863 4.92878e-05 0
 0 0 0 0 0 0 0 0 0 0 0 0 0 0 0 0 0 0 0 0 0 0 0 0 0 0
 0 0 0 0 0 0 0 0.0054083 0.00873648 0.0413646 0.0450493 0.0745869 0.0622846 0.0627006 0.0613931 0.0827291 0.12552 0.122667 0.0946155 0.0697135 0.0546179 0.0294188 0.0215738 0.0213955 0.0102223 0.00600262
 0 0 0 0 0.00359764 0.0251062 0.0480494 0.140153 0.205849 0.193036 0.1447 0.116669 0.0760912 0.0342217 0.00950174 0.001854 0.000860785 0 0 0 0.000165536 0 0.000143464 0 0 0
 0 0 0 0 0 0 0 0.000145254 0.000435761 0.0275982 0.070085 0.0708112 0.156366 0.174668 0.174014 0.160142 0.0824315 0.0480064 0.0283245 0.00493863 0.00203355 0 0 0 0 0
 0 0 0 0 0 0 0 0 0 0 0 0 0 0 0 0 0 0 0 0 0 0 0 0 0 0
 0 0 1.00437e-05 0.000401748 0.00122533 0.00171747 0.00176769 0.0269171 0.070346 0.194647 0.189555 0.159765 0.064822 0.0314167 0.0384472 0.0292271 0.0345202 0.0313363 0.0194345 0.0106764 0.0143323 0.0359363 0.0279516 0.0138201 0.00172751 0
 0 0.0021121 0.0136068 0.0755702 0.200478 0.177729 0.0527432 0.0373336 0.0318909 0.0142505 0.0149659 0.0166563 0.0217959 0.0798694 0.0677717 0.0528807 0.04013 0.0224614 0.0357745 0.0225083 0.00881397 0.00855152 0.00135912 0.000746735 0 0
 0 0 0 0 5.4009e-05 0.00500934 0.000945158 0.0243581 0.138947 0.33067 0.221406 0.137944 0.0707744 0.0437923 0.0131692 0.00525238 0.0047753 0.00276346 9.45158e-05 9.00151e-06 2.25038e-05 9.00151e-06 4.50075e-06 0 0 0
 0.000866109 0.00284123 0.00948549 0.0512746 0.133035 0.25785 0.225252 0.132002 0.0553304 0.0519788 0.0540692 0.017754 0.00435017 0.00159236 0.00146478 0.000404838 0.000125132 0.000115318 0.000107957 0.000100596 0 0 0 0 0 0
 0 0 0 0 0.00144013 0.00171154 0.00461396 0.0210425 0.0478622 0.0707936 0.0888783 0.103762 0.0637923 0.0337046 0.0602308 0.124433 0.169614 0.0934646 0.0462172 0.0250306 0.0313229 0.00938855 0.002487 0.000210481 0 0
 0 0.00764035 0.051015 0.0998891 0.058973 0.0496711 0.0374665 0.0718981 0.12319 0.153886 0.159021 0.0857701 0.0377988 0.023471 0.0147837 0.00900784 0.00315554 0.000888139 0.00291439 0.00214683 0.00393193 0.00274676 0.000635225 9.99891e-05 0 0
 0 0 0 0 0 0 0 0 0 0 0 0 0 0 0 0 0 0 0 0 0 0 0 0 0 0
 0 0 0 0 0 0 0 0 0 0 0 0 0 0 0 0 0 0 0 0 0 0 0 0 0 0
 0 0 0 0 0 0 0 0 0 0 0 0 0 0 0 0 0 0 0 0 0 0 0 0 0 0
 0 0 0 0 0 0 0 0 0 0 0 0 0 0 0 0 0 0 0 0 0 0 0 0 0 0
 0 0 0 0 0 0 0 0 0 0 0 0 0 0 0 0 0 0 0 0 0 0 0 0 0 0
 0 0 0 0 0 0 0 0 0 0 0 0 0 0 0 0 0 0 0 0 0 0 0 0 0 0
 0 0 0 0 0 0 0 0 0 0 0 0 0 0 0 0 0 0 0 0 0 0 0 0 0 0
ppred_pel_tallas
 1.15551e-16 3.44518e-05 0.000334883 0.00222542 0.0101164 0.031476 0.0670634 0.0978832 0.0978936 0.0671147 0.0316503 0.0106286 0.00354411 0.00332296 0.00602903 0.0107442 0.0174049 0.0258952 0.0359651 0.047254 0.0590742 0.0700519 0.0780834 0.0809569 0.0774003 0.0678528
 1.30552e-16 3.47212e-05 0.000337503 0.00224282 0.0101956 0.0317223 0.0675886 0.0986525 0.0986759 0.0677033 0.0321078 0.011311 0.00505048 0.00649389 0.0118118 0.0197102 0.0289917 0.0378351 0.0445349 0.0486248 0.0512718 0.0544406 0.0594032 0.0657294 0.0714405 0.0740898
 1.27137e-16 4.51046e-05 0.000438433 0.00291354 0.0132446 0.0412088 0.0878004 0.128151 0.12817 0.0878911 0.0415139 0.0141278 0.00513879 0.00532417 0.00940834 0.01571 0.0231792 0.0303619 0.0358595 0.0391857 0.0410996 0.0430307 0.0460239 0.0500198 0.0539201 0.0562338
 1.0957e-16 6.37602e-05 0.000619772 0.0041186 0.0187226 0.058253 0.124115 0.181151 0.181163 0.124173 0.0584498 0.0192918 0.00555019 0.00375451 0.00604616 0.0099731 0.014552 0.0187218 0.0214672 0.0223793 0.0219111 0.0210439 0.0206224 0.0208746 0.0214097 0.0215725
 1.06101e-16 5.45691e-05 0.000530431 0.0035249 0.0160237 0.0498558 0.106224 0.155042 0.155067 0.106347 0.0502693 0.0172182 0.00652398 0.00707997 0.0125011 0.020602 0.0297265 0.0375039 0.0415643 0.0408415 0.0362148 0.029905 0.0241192 0.0199964 0.0174653 0.0157984
 1.04237e-16 6.26806e-05 0.000609277 0.00404886 0.0184056 0.0572666 0.122013 0.178085 0.1781 0.122088 0.0575184 0.0191336 0.00587962 0.00461629 0.00770348 0.0127168 0.0185015 0.0236619 0.02681 0.0272961 0.0255581 0.022748 0.0199554 0.0176589 0.0157335 0.0138293
 1.07159e-16 4.0559e-05 0.000394248 0.00261992 0.0119098 0.0370559 0.078953 0.115242 0.115279 0.0791352 0.0376678 0.0136778 0.00706025 0.0100956 0.0184892 0.0305659 0.0441795 0.055883 0.0621874 0.0614936 0.0550243 0.0459321 0.037332 0.0308047 0.0262495 0.0227275
 1.14458e-16 3.69901e-05 0.000359557 0.00238939 0.0108618 0.0337953 0.0720054 0.1051 0.105126 0.0721348 0.0342305 0.0121226 0.00556794 0.00734463 0.013439 0.0225159 0.0332688 0.0435972 0.0513461 0.0554864 0.0565858 0.0561047 0.0551434 0.053729 0.0511099 0.0465993
 1.18898e-16 4.40057e-05 0.000427751 0.00284256 0.0129219 0.0402049 0.0856615 0.12503 0.12505 0.085761 0.0405396 0.0138912 0.0052854 0.00579299 0.0103308 0.0172696 0.0254987 0.0334197 0.0394601 0.0429925 0.0446834 0.0458763 0.0475002 0.0493946 0.0505005 0.0496215
 1.13134e-16 5.58947e-05 0.000543316 0.00361053 0.0164129 0.0510668 0.108804 0.158806 0.158823 0.108885 0.0513403 0.0172039 0.00560055 0.00490286 0.00838157 0.0138923 0.0203086 0.0261995 0.0301701 0.0316536 0.0312569 0.0302946 0.0298745 0.0302531 0.030859 0.0308013
 1.05298e-16 6.54585e-05 0.00063628 0.0042283 0.0192213 0.0598046 0.12742 0.185977 0.18599 0.127486 0.0600256 0.01986 0.00583318 0.00414506 0.00674523 0.0110905 0.0160738 0.0204399 0.0229636 0.0231041 0.0213256 0.0187588 0.0164794 0.0149663 0.014061 0.0132984
 1.05618e-16 4.66489e-05 0.000453444 0.00301329 0.013698 0.0426198 0.0908072 0.132543 0.132576 0.0909696 0.0431652 0.0152737 0.00696965 0.00909385 0.0164673 0.027179 0.0392175 0.0494672 0.0547829 0.053721 0.04739 0.0386678 0.0304404 0.0242398 0.0200709 0.0171272
 1.08131e-16 5.04377e-05 0.000490273 0.00325804 0.0148106 0.0460813 0.0981819 0.143304 0.143325 0.0982862 0.0464321 0.015826 0.00581507 0.00609898 0.0107808 0.017948 0.0263296 0.0341154 0.0394686 0.0415108 0.0407542 0.0385609 0.0361085 0.033735 0.0310736 0.0276549
 1.05551e-16 6.45758e-05 0.000627699 0.00417128 0.0189621 0.0589981 0.125702 0.183469 0.183481 0.125765 0.0592085 0.0195706 0.00570156 0.00397757 0.00645425 0.0106417 0.0155001 0.019872 0.0226288 0.0232717 0.0222129 0.0204416 0.0188477 0.0177445 0.0168822 0.0158039
 1.04815e-16 5.57307e-05 0.000541723 0.00359994 0.0163648 0.0509171 0.108485 0.158342 0.158367 0.108605 0.0513185 0.0175244 0.00651145 0.00690028 0.01214 0.0200037 0.0288648 0.0364174 0.0403538 0.0396244 0.0350604 0.0287922 0.0229447 0.018627 0.0158045 0.0138336
 1.0149e-16 7.48584e-05 0.00072765 0.00483549 0.0219814 0.0683924 0.145718 0.21268 0.212686 0.145747 0.0684905 0.022265 0.00554844 0.00228777 0.0030488 0.00495056 0.00719144 0.00918423 0.010382 0.0105295 0.00979858 0.00864287 0.00749511 0.0065512 0.00577044 0.00502091
 1.0322e-16 3.32625e-05 0.000323324 0.0021486 0.00976726 0.0303899 0.0647507 0.0945165 0.0945687 0.0650056 0.0312454 0.0122376 0.00834642 0.0138431 0.0256801 0.0423241 0.0607849 0.0760592 0.0830708 0.0794852 0.0671228 0.050769 0.0353727 0.0237926 0.016378 0.0119846
 1.02165e-16 7.44055e-05 0.000723248 0.00480624 0.0218485 0.0679787 0.144836 0.211393 0.211397 0.144855 0.068042 0.0220322 0.00527101 0.00174949 0.0020575 0.00337238 0.00505698 0.00678778 0.00827466 0.00936144 0.0100702 0.0104985 0.0106684 0.0104767 0.00978917 0.00858006
 1.02624e-16 5.35292e-05 0.000520322 0.00345773 0.0157183 0.0489058 0.1042 0.152089 0.15212 0.104349 0.049405 0.0171597 0.00707367 0.00840696 0.0150114 0.0246798 0.0354268 0.0443036 0.0483523 0.0462304 0.0390347 0.0295978 0.0208336 0.0144006 0.0104481 0.00822179
 1.0636e-16 4.51318e-05 0.000438698 0.0029153 0.0132526 0.0412338 0.0878539 0.128231 0.12826 0.0879932 0.0417018 0.0146063 0.00632084 0.00789768 0.0142832 0.0237288 0.0346121 0.0444256 0.0506044 0.0519047 0.0490403 0.0440007 0.0386616 0.0338399 0.0293655 0.0247829
 1.08728e-16 5.42067e-05 0.000526908 0.00350149 0.0159173 0.0495246 0.105518 0.154011 0.154029 0.105607 0.0498237 0.0167828 0.0056806 0.00530553 0.00919369 0.0152824 0.0224102 0.0290334 0.0336109 0.035444 0.035038 0.0336169 0.0322005 0.0310097 0.0295767 0.0273015
 1.06873e-16 5.95277e-05 0.00057863 0.0038452 0.0174797 0.0543861 0.115876 0.169128 0.169146 0.115962 0.0546758 0.0183172 0.00595004 0.00518231 0.00882908 0.0145726 0.0211563 0.0269729 0.0304335 0.0308348 0.0287692 0.0256765 0.0229029 0.0210099 0.0197477 0.0185084
 1.11144e-16 3.1068e-05 0.000301992 0.00200685 0.00912286 0.0283849 0.0604785 0.0882793 0.0883228 0.0606911 0.0290987 0.0111858 0.00718958 0.0116306 0.0215898 0.0357586 0.0517833 0.0657061 0.073509 0.0733561 0.0666574 0.0570161 0.0479418 0.041137 0.0363638 0.0324569
 1.06572e-16 6.66566e-05 0.000647926 0.0043057 0.0195731 0.0608991 0.129752 0.189379 0.189386 0.129787 0.0610156 0.0199111 0.00516028 0.00253399 0.00370909 0.00618525 0.00927723 0.0124545 0.0152127 0.0173139 0.0188689 0.020127 0.0211601 0.021732 0.021457 0.0200853
 1.05603e-16 5.43283e-05 0.000528091 0.00350935 0.015953 0.0496359 0.105756 0.154359 0.154385 0.105885 0.0500713 0.0172105 0.00666527 0.00741602 0.013132 0.021616 0.03112 0.03912 0.0430981 0.0419357 0.0366043 0.0295264 0.0231227 0.0186618 0.0160786 0.0145555
 1.09275e-16 3.8488e-05 0.000374117 0.00248614 0.0113016 0.0351638 0.0749215 0.109357 0.109391 0.0750878 0.0357228 0.0129181 0.00655103 0.00927244 0.0170103 0.0282492 0.0411309 0.0526445 0.0597165 0.0608941 0.0571233 0.0509247 0.0446858 0.0394608 0.0349984 0.0305753
 1.07779e-16 6.15809e-05 0.000598588 0.00397783 0.0180826 0.0562618 0.119872 0.174959 0.174971 0.119928 0.056451 0.0186305 0.00535926 0.00363485 0.00588889 0.00979878 0.0144895 0.0190276 0.0224997 0.0244934 0.0252909 0.0255447 0.0257123 0.0257324 0.0251612 0.0235716
 1.0591e-16 5.83e-05 0.000566696 0.0037659 0.0171192 0.0532644 0.113486 0.165641 0.165662 0.113589 0.0536102 0.0181183 0.00627444 0.00604582 0.0104733 0.0172479 0.0249053 0.0314671 0.0349705 0.0345454 0.0309425 0.0260156 0.0215783 0.0185196 0.0166987 0.0154344
 1.1022e-16 3.1604e-05 0.000307202 0.00204147 0.00928024 0.0288745 0.0615217 0.0898016 0.0898438 0.0617278 0.0295669 0.0112816 0.00707097 0.0113059 0.020977 0.0347783 0.0504463 0.0641743 0.0720837 0.0723721 0.0663276 0.0573143 0.0485965 0.041741 0.0365392 0.0319943
 1.18398e-16 3.76266e-05 0.000365744 0.0024305 0.0110487 0.0343767 0.073244 0.106906 0.106926 0.073344 0.0347137 0.0120264 0.00490186 0.00581774 0.0105601 0.0178406 0.0267376 0.0358228 0.043634 0.0494857 0.0537235 0.0571147 0.0599187 0.0614875 0.0607075 0.0568279
 1.07621e-16 6.88496e-05 0.000669242 0.00444735 0.020217 0.0629027 0.134021 0.195609 0.195616 0.134057 0.0630224 0.0205635 0.00531982 0.00258331 0.00373266 0.00613953 0.00902701 0.0117691 0.0137969 0.0149028 0.0153696 0.0157441 0.016424 0.017383 0.0182139 0.0183998
pSPR Fmed_Fpbrs
0.812601   0.6 0.325
Fs Fmed_Fpbrs
0.098652   0.254282 0.610562
SSBpbr Bo_Bmed_Bpbrs
3.41163e+06  2.60172e+06  1.8764e+06 938199
Ro
326534
SPR SPRFo_SPRFmed_SPRFpbrs
2.33068e+06 1.89391e+06 757471
Fref
0.254282
Nvult_r0
 405739 36565.2 16677.8 18955.8 7822.51
CTP_r0
 29635.8 2773.37 1264.96 1437.74 593.314
YTP_r0
391296
Np
 471436 135863 59629.7 5347.25 3134.72
Nvult_p0
 335573 97104 42618.5 3821.78 2240.45
CTP_p0
 65849 30286.3 2715.91 1238.75 1885.1
 65849 19686 8640.1 774.795 454.209
YTP_p0
 1.13077e+06 1.03966e+06
CBA_c0
1.10344e+06
log_Ro
12.5163
likeval ReclasPelacesDesembMPH_pf_preclas_ppelaces_ptallas_desvR_qrecl_qpela
 20.1157 18.236 0.145039 66.232 245.952 125.223 99.3325 0 21.1296 3.92875e-05 2.4417e-05 0.72496 9.53707e-16 0 0
q_reclas_q_pelaces
0.411396 0.495095
M
1
N
 325126 78730.8 356277 18041.4 0.53087
 196647 113273 27367.5 123845 6271.55
 187925 65682.6 37683.1 9104.51 43286.6
 392260 62996.3 21933.3 12583.4 17494.8
 319823 126341 20178.3 7025.41 9634.32
 539387 112588 44394.6 7090.41 5854.04
 230665 182063 37866.8 14931.3 4353.62
 117802 71268.2 55845.2 11615.1 5915.37
 107545 42248.6 25532.7 20007.2 6280.5
 141276 35907.9 14049.5 8490.75 8741.83
 262774 46126.8 11666 4564.52 5598.64
 153012 93735 16432.9 4156.09 3620.69
 128444 46437.4 28220.9 4947.48 2341.36
 221669 37752.2 13522.1 8217.65 2122.44
 167848 63278.2 10663.9 3819.59 2920.76
 767571 52416 19626.6 3307.53 2090.61
 178231 240070 16283.7 6097.25 1677
 1.35348e+06 58735.4 78753.4 5341.77 2550.29
 916658 448290 19369.2 25970.5 2602.57
 544941 293530 142725 6166.69 9096.99
 620507 177367 95052.5 46218 4942.77
 806328 204843 58289.7 31238.1 16813.5
 209421 250885 63293.9 18010.8 14847.3
 779339 69497.8 82902.1 20914.7 10857.6
 635884 266288 23673.5 28239.5 10822.8
 288594 217489 90802 8072.48 13319.9
 633913 100247 75368 31466.3 7413.27
 704133 217803 34345.8 25821.9 13320.5
 214298 244156 75336.9 11880 13539.2
 162580 74396 84557.6 26091.2 8803.34
 614760 55309 25227.1 28672.8 11832.4
pred_Ctot
 10933.1 2754.96 12466.9 631.308 0.0185763
 11533.8 6908.49 1669.14 7553.29 382.501
 10626.3 3862.28 2215.85 535.365 2545.35
 31204.3 5207.9 1813.22 1040.27 1446.3
 8740.24 3593.46 573.923 199.821 274.026
 28321.3 6148.25 2424.32 387.196 319.68
 23683.8 19413.5 4037.77 1592.14 464.23
 1874.04 1180.37 924.926 192.373 97.9722
 6331.48 2586.4 1563.07 1224.81 384.483
 10142.8 2679.7 1048.48 633.64 652.377
 5054.71 923.679 233.609 91.4034 112.112
 17197.3 10937.6 1917.51 484.961 422.487
 16624.3 6236.81 3790.22 664.475 314.458
 32046.2 5660.82 2027.6 1232.21 318.253
 16250.6 6363.5 1072.4 384.113 293.723
 73658.6 5224.78 1956.36 329.692 208.39
 11845.4 16587.4 1125.11 421.284 115.871
 86010.6 3880.69 5203.29 352.934 168.499
 75926.8 38584.6 1667.12 2235.3 224.004
 40102.1 22451.9 10916.9 471.686 695.823
 40614.5 12069.6 6468.2 3145.08 336.349
 79686.9 21026.1 5983.15 3206.43 1725.82
 13072.3 16282.9 4107.88 1168.93 963.614
 35290.9 3273.74 3905.15 985.2 511.451
 28417.4 12379.5 1100.56 1312.83 503.142
 10220.8 8014.79 3346.19 297.483 490.859
 26611 4378.05 3291.51 1374.21 323.756
 25692.9 8269.26 1304 980.372 505.737
 7664.97 9086.84 2803.84 442.144 503.892
 7783.29 3704.68 4210.69 1299.25 438.377
 29635.8 2773.37 1264.96 1437.74 593.314
F
 0.0544151 0.0566768 0.0566768 0.0566768 0.0566768
 0.0965738 0.100588 0.100588 0.100588 0.100588
 0.0929664 0.0968304 0.0968304 0.0968304 0.0968304
 0.132945 0.138471 0.138471 0.138471 0.138471
 0.0440326 0.0458628 0.0458628 0.0458628 0.0458628
 0.0860821 0.08966 0.08966 0.08966 0.08966
 0.174514 0.181768 0.181768 0.181768 0.181768
 0.025435 0.0264922 0.0264922 0.0264922 0.0264922
 0.0969516 0.100981 0.100981 0.100981 0.100981
 0.119319 0.124278 0.124278 0.124278 0.124278
 0.0308243 0.0321054 0.0321054 0.0321054 0.0321054
 0.192412 0.20041 0.20041 0.20041 0.20041
 0.224448 0.233777 0.233777 0.233777 0.233777
 0.253642 0.264185 0.264185 0.264185 0.264185
 0.163847 0.170657 0.170657 0.170657 0.170657
 0.1623 0.169046 0.169046 0.169046 0.169046
 0.110036 0.11461 0.11461 0.11461 0.11461
 0.104996 0.10936 0.10936 0.10936 0.10936
 0.138755 0.144522 0.144522 0.144522 0.144522
 0.12246 0.127549 0.127549 0.127549 0.127549
 0.108291 0.112792 0.112792 0.112792 0.112792
 0.167495 0.174457 0.174457 0.174457 0.174457
 0.103053 0.107336 0.107336 0.107336 0.107336
 0.0738673 0.0769375 0.0769375 0.0769375 0.0769375
 0.0728692 0.0758979 0.0758979 0.0758979 0.0758979
 0.0573797 0.0597646 0.0597646 0.0597646 0.0597646
 0.068321 0.0711607 0.0711607 0.0711607 0.0711607
 0.0591615 0.0616204 0.0616204 0.0616204 0.0616204
 0.057964 0.0603732 0.0603732 0.0603732 0.0603732
 0.0782337 0.0814854 0.0814854 0.0814854 0.0814854
 0.0787969 0.082072 0.082072 0.082072 0.082072
YTP_r0W_actual
 245977 39104.5 34913 49170.7 22130.6
YTP_p0W_proyectada
 493209 474587 62818.9 36382.2 63772.9
 493209 308480 199846 22755.7 15365.9
CTP_r0_actual
 29635.8 2773.37 1264.96 1437.74 593.314
CTP_p0_proyectada
 65849 30286.3 2715.91 1238.75 1885.1
 65849 19686 8640.1 774.795 454.209
Wmedp
 7.49 15.67 23.13 29.37 33.83
Frms_r0
 0.0787969 0.082072 0.082072 0.082072 0.082072
Zrms_r0
 1.0788 1.08207 1.08207 1.08207 1.08207
nmprior
 8.19 8.8 8.5 0
nm_flota  nm_reclas  nm_pelaces    nm_pelaL
inf 10.5632 17.1765 40.3103
cv_recla  cv_pelaces  cv_mph
0.405688 0.484214 0.753461
 ------------------------------------------------
Talla a la edad & desviaci?n 
 8 13.2811 15.8009 17.003 17.5766
 0.8 1.32811 1.58009 1.7003 1.75766
