years
 1991 1992 1993 1994 1995 1996 1997 1998 1999 2000 2001 2002 2003 2004 2005 2006 2007 2008 2009 2010 2011 2012 2013 2014 2015 2016 2017 2018 2019 2020 2021
reclasobs
 0 0 0 0 0 0 0 0 0 252601 567819 844713 477998 351125 339783 2.1784e+06 2.13404e+06 4.81314e+06 1.55562e+06 2.62356e+06 3.21686e+06 3.843e+06 1.13348e+06 3.07943e+06 1.97215e+06 2.03268e+06 2.025e+06 2.42433e+06 2.27542e+06 1.05018e+06 2.36338e+06
reclaspred
 3.44456e+06 2.0134e+06 1.02674e+06 1.02425e+06 1.03729e+06 1.58654e+06 1.18769e+06 1.1124e+06 839394 660119 656100 623542 504535 580364 591944 1.21684e+06 1.24241e+06 2.7007e+06 2.55912e+06 1.93547e+06 2.90548e+06 1.94793e+06 1.55277e+06 2.71764e+06 2.18242e+06 1.9935e+06 2.3292e+06 2.41671e+06 2.06649e+06 1.38291e+06 1.91248e+06
pelacesobs
 0 0 0 0 0 0 0 0 0 0 0 0 0 0 0 552880 188675 0 991730 2.46772e+06 1.41603e+06 1.21717e+06 2.29649e+06 1.80582e+06 0 1.4828e+06 1.56532e+06 1.57751e+06 1.42118e+06 867257 1.10002e+06
pelacespred
 1.99939e+06 1.32954e+06 701088 566866 566695 899254 676983 702036 544810 417731 410270 339833 297630 382923 381889 637918 645764 1.57178e+06 1.5854e+06 1.14989e+06 1.51152e+06 1.23613e+06 919884 1.71975e+06 1.32861e+06 1.2079e+06 1.60337e+06 1.64884e+06 1.1623e+06 893582 1.2304e+06
mphobs
 0 0 0 0 0 0 0 0 0 0 0 498337 0 5186 125008 0 168611 109162 213762 579715 649985 157893 87575 83554 0 0 0 0 0 0 0
mphpred
 509291 344751 181489 97488.3 111347 122397 167767 129003 110989 84411.8 60206.9 75742.5 62933.2 45228.1 50722.7 61830.6 143363 142206 275716 250483 263291 254650 202021 166989 271573 237279 201765 212135 285542 205612 134975
desembarqueobs
 494567 514787 250237 358949 120608 361735 552515 73892 212993 205616 52469 317467 293654 387597 252695 516296 358380 742168 942051 627588 828172 859565 418607 520667 417249 300574 415391 372974 316634 284311 391294
desembarquepred
 494570 512847 251248 358957 120609 361739 552533 73893.1 213008 205627 52469.1 317566 293780 387591 252696 516295 358400 742135 941940 627545 828258 859671 418624 520674 417249 300575 415392 372969 316634 284316 391295
Reclutas
 370050 226251 214505 452074 369006 623647 266996 137890 125906 165165 306908 177596 150492 249849 194775 888197 208864 1.56524e+06 1.05265e+06 623629 718870 930578 243574 912080 741918 337286 742545 824948 250449 190167 720720
log_desv_Rt
 -0.0233175 -0.51531 -0.568624 0.176891 -0.026142 0.498629 -0.34972 -1.0105 -1.10142 -0.830012 -0.210406 -0.757445 -0.923046 -0.416099 -0.665109 0.852238 -0.595271 1.41884 1.02211 0.498601 0.640725 0.898851 -0.441533 0.878772 0.672284 -0.116024 0.673128 0.778365 -0.4137 -0.689053 0.643295
SSB
 9.02838e+06 6.11152e+06 3.21732e+06 1.72821e+06 1.97388e+06 2.16978e+06 2.97407e+06 2.28689e+06 1.96754e+06 1.4964e+06 1.06731e+06 1.34271e+06 1.11564e+06 801775 899179 1.09609e+06 2.54145e+06 2.52094e+06 4.88772e+06 4.4404e+06 4.66745e+06 4.51427e+06 3.58129e+06 2.96027e+06 4.81428e+06 4.20633e+06 3.57676e+06 3.76059e+06 5.0619e+06 3.64496e+06 2.39275e+06
BT
 1.15636e+07 7.92483e+06 4.16773e+06 3.46737e+06 3.25322e+06 5.32128e+06 4.2704e+06 3.97554e+06 3.24661e+06 2.52835e+06 2.33203e+06 2.16883e+06 1.93661e+06 2.54847e+06 2.38423e+06 3.98007e+06 3.88444e+06 9.41933e+06 9.743e+06 6.98447e+06 9.0828e+06 7.74836e+06 5.50506e+06 1.00765e+07 7.78443e+06 6.99945e+06 9.3609e+06 9.56415e+06 6.73978e+06 5.25589e+06 7.23504e+06
Ftot
 0.0473851 0.0837722 0.0805423 0.115658 0.038558 0.075606 0.152405 0.022036 0.0837914 0.102665 0.0266444 0.166791 0.190359 0.218958 0.140905 0.140406 0.0950732 0.091265 0.121372 0.106859 0.0940776 0.145105 0.0888589 0.0637434 0.0632812 0.049913 0.0592504 0.0513503 0.0505821 0.0678377 0.0680382
BD_Bspro_t
 0.992448 0.941155 0.87212 0.825368 0.823275 0.860386 0.859695 0.790081 0.822175 0.811717 0.802946 0.87768 0.780018 0.694379 0.698093 0.731859 0.797787 0.789016 0.8459 0.809884 0.787018 0.782926 0.769025 0.768895 0.857471 0.865289 0.871096 0.888028 0.90745 0.879341 0.850595
BD_Bspro
 3.33941 2.26052 1.19002 0.639228 0.730098 0.802556 1.10005 0.845872 0.727753 0.553486 0.394775 0.496642 0.412651 0.29656 0.332587 0.405421 0.940027 0.932443 1.80786 1.64241 1.72639 1.66973 1.32464 1.09494 1.7807 1.55583 1.32297 1.39096 1.87229 1.34819 0.885029
BD_Bo
 2.28053 1.54374 0.812681 0.436538 0.498594 0.548077 0.751237 0.577658 0.496993 0.377984 0.269598 0.339164 0.281805 0.202525 0.227129 0.276868 0.641958 0.636779 1.23462 1.12163 1.17898 1.14028 0.904618 0.747751 1.21607 1.0625 0.903475 0.949907 1.27861 0.920701 0.604399
BD_Brms
 4.14642 2.80681 1.4776 0.793705 0.906535 0.996503 1.36588 1.05029 0.903624 0.687243 0.490178 0.616661 0.512373 0.368227 0.412961 0.503396 1.1672 1.15778 2.24476 2.03932 2.14359 2.07324 1.64476 1.35955 2.21103 1.93182 1.64268 1.7271 2.32475 1.674 1.09891
Sel_flota
 0.981782 0.999024 0.999949 0.999997 1
 0.981782 0.999024 0.999949 0.999997 1
 0.981782 0.999024 0.999949 0.999997 1
 0.981782 0.999024 0.999949 0.999997 1
 0.981782 0.999024 0.999949 0.999997 1
 0.981782 0.999024 0.999949 0.999997 1
 0.981782 0.999024 0.999949 0.999997 1
 0.981782 0.999024 0.999949 0.999997 1
 0.981782 0.999024 0.999949 0.999997 1
 0.981782 0.999024 0.999949 0.999997 1
 0.981782 0.999024 0.999949 0.999997 1
 0.981782 0.999024 0.999949 0.999997 1
 0.981782 0.999024 0.999949 0.999997 1
 0.981782 0.999024 0.999949 0.999997 1
 0.981782 0.999024 0.999949 0.999997 1
 0.981782 0.999024 0.999949 0.999997 1
 0.981782 0.999024 0.999949 0.999997 1
 0.981782 0.999024 0.999949 0.999997 1
 0.981782 0.999024 0.999949 0.999997 1
 0.981782 0.999024 0.999949 0.999997 1
 0.981782 0.999024 0.999949 0.999997 1
 0.981782 0.999024 0.999949 0.999997 1
 0.981782 0.999024 0.999949 0.999997 1
 0.981782 0.999024 0.999949 0.999997 1
 0.981782 0.999024 0.999949 0.999997 1
 0.981782 0.999024 0.999949 0.999997 1
 0.981782 0.999024 0.999949 0.999997 1
 0.981782 0.999024 0.999949 0.999997 1
 0.981782 0.999024 0.999949 0.999997 1
 0.981782 0.999024 0.999949 0.999997 1
 0.981782 0.999024 0.999949 0.999997 1
Sel_reclas
 1 1 1 1 1
 1 1 1 1 1
 1 1 1 1 1
 1 1 1 1 1
 1 1 1 1 1
 1 1 1 1 1
 1 1 1 1 1
 1 1 1 1 1
 1 1 1 1 1
 1 1 1 1 1
 1 1 1 1 1
 1 1 1 1 1
 1 1 1 1 1
 1 1 1 1 1
 1 1 1 1 1
 1 1 1 1 1
 1 1 1 1 1
 1 1 1 1 1
 1 1 1 1 1
 1 1 1 1 1
 1 1 1 1 1
 1 1 1 1 1
 1 1 1 1 1
 1 1 1 1 1
 1 1 1 1 1
 1 1 1 1 1
 1 1 1 1 1
 1 1 1 1 1
 1 1 1 1 1
 1 1 1 1 1
 1 1 1 1 1
Sel_pelaces
 1 1 1 1 1
 1 1 1 1 1
 1 1 1 1 1
 1 1 1 1 1
 1 1 1 1 1
 1 1 1 1 1
 1 1 1 1 1
 1 1 1 1 1
 1 1 1 1 1
 1 1 1 1 1
 1 1 1 1 1
 1 1 1 1 1
 1 1 1 1 1
 1 1 1 1 1
 1 1 1 1 1
 1 1 1 1 1
 1 1 1 1 1
 1 1 1 1 1
 1 1 1 1 1
 1 1 1 1 1
 1 1 1 1 1
 1 1 1 1 1
 1 1 1 1 1
 1 1 1 1 1
 1 1 1 1 1
 1 1 1 1 1
 1 1 1 1 1
 1 1 1 1 1
 1 1 1 1 1
 1 1 1 1 1
 1 1 1 1 1
pf_obs 
 0.8446 0.082 0.0669 0.0065 0
 0.8095 0.147 0.0364 0.0071 0
 0.9664 0.0169 0.016 0.0007 0
 0.9276 0.0648 0.0075 0.0001 0
 0.7033 0.2144 0.0806 0.0017 0
 0.9318 0.0425 0.0243 0.0014 0
 0.5671 0.3108 0.0964 0.0239 0.0018
 0.0768 0.2599 0.5324 0.112 0.0189
 0.490249 0.384438 0.106611 0.0170017 0.00170017
 0.7925 0.1577 0.0466 0.003 0.0002
 0.840416 0.127587 0.0312969 0.00059994 9.999e-05
 0.8084 0.0986 0.0794 0.0134 0.0002
 0.7335 0.1905 0.0724 0.0035 0.0001
 0.4001 0.4547 0.1325 0.0127 0
 0.49795 0.308269 0.164784 0.0264974 0.00249975
 0.9179 0.0499 0.0305 0.0017 0
 0.2467 0.6533 0.0926 0.0074 0
 0.9418 0.0223 0.034 0.0019 0
 0.707729 0.231977 0.0356964 0.0245975 0
 0.517169 0.277429 0.184464 0.0207286 0.00020938
 0.811772 0.124168 0.05621 0.00726502 0.000585176
 0.764997 0.148141 0.077277 0.00933861 0.000247198
 0.163321 0.427699 0.378323 0.0303852 0.000271297
 0.753843 0.0900009 0.118128 0.0371064 0.000921714
 0.721811 0.176058 0.0630433 0.0369309 0.00215725
 0.143369 0.312575 0.442814 0.0836902 0.0175525
 0.692698 0.0596174 0.167031 0.0765114 0.00414204
 0.394062 0.376323 0.152708 0.0712218 0.00568511
 0.125707 0.32114 0.495352 0.0537591 0.00404204
 0.23352 0.215282 0.420074 0.123614 0.00750983
 0.796117 0.104755 0.0508955 0.0450114 0.00322123
pf_pred 
 0.402158 0.100826 0.473466 0.0235498 6.8224e-07
 0.410324 0.239663 0.0590739 0.277153 0.0137851
 0.532909 0.193689 0.111183 0.0273799 0.134839
 0.766189 0.125641 0.04488 0.0257386 0.0375514
 0.652777 0.267161 0.043042 0.0153605 0.0216603
 0.754941 0.160917 0.0647543 0.0104231 0.00896456
 0.483185 0.391843 0.0820886 0.0330028 0.00988068
 0.438723 0.273765 0.21804 0.0456341 0.0238382
 0.524887 0.210457 0.129146 0.102767 0.0327423
 0.668383 0.175541 0.0691723 0.0424081 0.0444953
 0.78688 0.143293 0.0369796 0.0145583 0.0182891
 0.556463 0.350277 0.062723 0.0161724 0.0143646
 0.599663 0.224596 0.138818 0.0248335 0.0120897
 0.763886 0.142662 0.0524513 0.032387 0.00861395
 0.664788 0.257219 0.0471431 0.0173154 0.0135347
 0.903527 0.0645245 0.024521 0.0044899 0.002938
 0.395058 0.547538 0.038406 0.0145813 0.00441676
 0.897758 0.0408217 0.0555968 0.00389612 0.00192717
 0.638832 0.324835 0.0145149 0.0197501 0.00206855
 0.53427 0.299438 0.149578 0.00667742 0.0100369
 0.648341 0.18945 0.104326 0.0520653 0.00581765
 0.712392 0.187641 0.0538791 0.0296425 0.0164457
 0.366192 0.453892 0.11742 0.0336837 0.0288116
 0.801733 0.0734192 0.0894318 0.0231143 0.0123016
 0.650593 0.281111 0.0253051 0.030796 0.0121949
 0.458326 0.354537 0.150586 0.0135431 0.0230073
 0.740841 0.119895 0.0911802 0.0386928 0.00939112
 0.700761 0.222695 0.035429 0.0269193 0.0141952
 0.375392 0.439954 0.137453 0.0218479 0.0253527
 0.447288 0.20973 0.241652 0.07543 0.025901
 0.83023 0.0766829 0.035343 0.0406851 0.0170595
pobs_RECLAS
 0 0 0 0 0
 0 0 0 0 0
 0 0 0 0 0
 0 0 0 0 0
 0 0 0 0 0
 0 0 0 0 0
 0 0 0 0 0
 0 0 0 0 0
 0 0 0 0 0
 0 0 0 0 0
 0.991045 0.00858322 0.000360255 1.14367e-05 0
 0.934742 0.0480273 0.0164251 0.00080598 0
 0.827803 0.169806 0.00239088 0 0
 0.941827 0.0461693 0.0120037 0 0
 0.791401 0.0380133 0.147996 0.0225897 0
 0.846168 0.0940531 0.0597789 0 0
 0.134021 0.677848 0.182769 0.00536245 0
 0.80878 0.0450904 0.141981 0.00414843 0
 0.846168 0.0940531 0.0597789 0 0
 0.905697 0.0802665 0.012482 0.00150086 5.37128e-05
 0.989698 0.0102097 9.19794e-05 0 0
 0.975433 0.0193895 0.00387452 0.00125025 5.28907e-05
 0.303575 0.632131 0.0575291 0.00676475 0
 0.966965 0.00978017 0.0227588 0.000495775 0
 0.843318 0.132988 0.00938335 0.0141283 0.000182051
 0.564624 0.303363 0.111486 0.0197234 0.00080311
 0.826376 0.0876187 0.0782897 0.00655872 0.00115652
 0.89761 0.0855135 0.0140674 0.00269457 0.000114338
 0.34875 0.467042 0.161289 0.0227151 0.000203297
 0.318654 0.224769 0.449479 0.00709798 0
 0.937255 0.0296025 0.0250945 0.00804832 0
ppred_RECLAS
 0.406554 0.100162 0.469911 0.0233718 6.77083e-07
 0.414714 0.238016 0.0586133 0.274979 0.0136769
 0.53741 0.191931 0.110071 0.0271047 0.133484
 0.769404 0.123969 0.0442411 0.0253709 0.0370149
 0.656774 0.264143 0.0425163 0.0151721 0.0213946
 0.758228 0.15881 0.063847 0.0102766 0.0088385
 0.487653 0.388545 0.0813214 0.0326927 0.00978783
 0.443141 0.27174 0.216227 0.0452525 0.0236389
 0.529392 0.208573 0.127871 0.101747 0.0324173
 0.672365 0.173512 0.0683088 0.0418766 0.0439376
 0.789843 0.141345 0.0364431 0.0143463 0.0180228
 0.560872 0.346865 0.0620536 0.015999 0.0142105
 0.604011 0.222249 0.137238 0.0245497 0.0119515
 0.767147 0.140745 0.0516979 0.0319202 0.00848977
 0.668755 0.254231 0.0465518 0.0170974 0.0133642
 0.90508 0.0635056 0.0241112 0.00441464 0.00288875
 0.399283 0.543763 0.0381057 0.0144666 0.00438199
 0.899409 0.0401853 0.0546791 0.00383161 0.00189526
 0.642905 0.321203 0.0143391 0.01951 0.0020434
 0.538723 0.296674 0.148059 0.00660928 0.00993449
 0.652432 0.187328 0.103061 0.0514316 0.00574682
 0.716061 0.185309 0.0531596 0.0292453 0.0162252
 0.370337 0.451046 0.116575 0.0334396 0.0286027
 0.804594 0.0724027 0.0881116 0.0227719 0.0121194
 0.654604 0.277936 0.024996 0.0304184 0.0120454
 0.46275 0.351756 0.149266 0.0134237 0.0228045
 0.744283 0.118363 0.0899313 0.038161 0.00926201
 0.704466 0.219992 0.0349664 0.0265665 0.0140092
 0.379566 0.437135 0.136446 0.0216867 0.0251656
 0.451766 0.208153 0.239611 0.0747894 0.025681
 0.832757 0.0755811 0.0348028 0.0400613 0.0167979
pobs_PELACES
 0 0 0 0 0
 0 0 0 0 0
 0 0 0 0 0
 0 0 0 0 0
 0 0 0 0 0
 0 0 0 0 0
 0 0 0 0 0
 0 0 0 0 0
 0 0 0 0 0
 0 0 0 0 0
 0 0 0 0 0
 0 0 0 0 0
 0 0 0 0 0
 0 0 0 0 0
 0 0 0 0 0
 0 0 0 0 0
 0.505614 0.472636 0.0217494 0 0
 0 0 0 0 0
 0.443492 0.261883 0.143347 0.151278 0
 0.227955 0.32914 0.350689 0.0885471 0.00366901
 0.970185 0.0296113 0.000203453 0 0
 0.997202 0.00247181 0.000326279 0 0
 0.445219 0.490057 0.0546422 0.010081 0
 0.90214 0.0892962 0.00764917 0.000914606 0
 0 0 0 0 0
 0.581667 0.319106 0.0959925 0.00289975 0.000334073
 0.762889 0.0836404 0.116647 0.0363945 0.000428098
 0.88444 0.0763242 0.0277011 0.0115352 0
 0.521256 0.241999 0.230069 0.00667565 0
 0.616807 0.101726 0.260614 0.0208532 0
 0.833518 0.0704572 0.0857862 0.0102388 0
ppred_PELACES
 0.406622 0.100152 0.469857 0.0233691 6.77004e-07
 0.414834 0.237971 0.0586008 0.27492 0.013674
 0.537528 0.191885 0.110042 0.0270975 0.133448
 0.769524 0.123906 0.0442173 0.0253572 0.036995
 0.656824 0.264105 0.0425097 0.0151698 0.0213913
 0.758309 0.158758 0.0638248 0.010273 0.00883542
 0.487872 0.388383 0.0812837 0.0326775 0.00978326
 0.443173 0.271726 0.216214 0.0452498 0.0236374
 0.529514 0.208522 0.127836 0.101719 0.0324084
 0.672497 0.173445 0.0682801 0.041859 0.0439191
 0.789868 0.141328 0.0364384 0.0143445 0.0180205
 0.561108 0.346682 0.0620177 0.0159897 0.0142023
 0.604277 0.222106 0.137142 0.0245324 0.011943
 0.767374 0.140612 0.0516454 0.0318877 0.00848111
 0.668935 0.254096 0.046525 0.0170875 0.0133565
 0.90515 0.0634598 0.0240927 0.00441126 0.00288654
 0.399414 0.543646 0.0380964 0.0144631 0.00438092
 0.899457 0.0401666 0.0546521 0.00382972 0.00189433
 0.643064 0.321061 0.0143323 0.0195006 0.00204241
 0.538877 0.296578 0.148007 0.00660692 0.00993095
 0.652557 0.187263 0.103023 0.0514124 0.00574467
 0.716232 0.1852 0.0531261 0.0292267 0.0162149
 0.370456 0.450964 0.116551 0.0334326 0.0285967
 0.804653 0.0723817 0.0880844 0.0227649 0.0121156
 0.654686 0.277871 0.0249897 0.0304106 0.0120423
 0.462822 0.35171 0.149244 0.0134218 0.0228012
 0.744349 0.118333 0.0899073 0.0381508 0.00925953
 0.704528 0.219947 0.0349587 0.0265606 0.0140061
 0.379635 0.437089 0.136429 0.0216841 0.0251625
 0.451865 0.208118 0.239566 0.0747753 0.0256761
 0.832812 0.0755569 0.0347909 0.0400476 0.0167921
pobs_pel_tallas
 0 0 0 0 0 0 0 0 0 0 0 0 0 0 0 0 0 0 0 0 0 0 0 0 0 0
 0 0 0 0 0 0 0 0 0 0 0 0 0 0 0 0 0 0 0 0 0 0 0 0 0 0
 0 0 0 0 0 0 0 0 0 0 0 0 0 0 0 0 0 0 0 0 0 0 0 0 0 0
 0 0 0 0 0 0 0 0 0 0 0 0 0 0 0 0 0 0 0 0 0 0 0 0 0 0
 0 0 0 0 0 0 0 0 0 0 0 0 0 0 0 0 0 0 0 0 0 0 0 0 0 0
 0 0 0 0 0 0 0 0 0 0 0 0 0 0 0 0 0 0 0 0 0 0 0 0 0 0
 0 0 0 0 0 0 0 0 0 0 0 0 0 0 0 0 0 0 0 0 0 0 0 0 0 0
 0 0 0 0 0 0 0 0 0 0 0 0 0 0 0 0 0 0 0 0 0 0 0 0 0 0
 0 0 0 0 0 0 0 0 0 0 0 0 0 0 0 0 0 0 0 0 0 0 0 0 0 0
 0 0 0 0 0 0 0 0 0 0 0 0 0 0 0 0 0 0 0 0 0 0 0 0 0 0
 0 0 0 0 0 0 0 0 0 0 0 0 0 0 0 0 0 0 0 0 0 0 0 0 0 0
 0 0 0 0 0 0 0 0 0 0 0 0 0 0 0 0 0 0 0 0 0 0 0 0 0 0
 0.00862536 0 0 0.000197151 0.00414017 0.0128641 0.00837892 0.0270097 0.101434 0.158115 0.152841 0.127902 0.109271 0.109419 0.0830992 0.0579132 0.0238553 0.00714673 0.00463305 0.00128148 0.00103504 0.000492878 0.000147863 0.000147863 4.92878e-05 0
 0 0 0 0 0 0 0 0 0 0 0 0 0 0 0 0 0 0 0 0 0 0 0 0 0 0
 0 0 0 0 0 0 0 0.0054083 0.00873648 0.0413646 0.0450493 0.0745869 0.0622846 0.0627006 0.0613931 0.0827291 0.12552 0.122667 0.0946155 0.0697135 0.0546179 0.0294188 0.0215738 0.0213955 0.0102223 0.00600262
 0 0 0 0 0.00359764 0.0251062 0.0480494 0.140153 0.205849 0.193036 0.1447 0.116669 0.0760912 0.0342217 0.00950174 0.001854 0.000860785 0 0 0 0.000165536 0 0.000143464 0 0 0
 0 0 0 0 0 0 0 0.000145254 0.000435761 0.0275982 0.070085 0.0708112 0.156366 0.174668 0.174014 0.160142 0.0824315 0.0480064 0.0283245 0.00493863 0.00203355 0 0 0 0 0
 0 0 0 0 0 0 0 0 0 0 0 0 0 0 0 0 0 0 0 0 0 0 0 0 0 0
 0 0 1.00437e-05 0.000401748 0.00122533 0.00171747 0.00176769 0.0269171 0.070346 0.194647 0.189555 0.159765 0.064822 0.0314167 0.0384472 0.0292271 0.0345202 0.0313363 0.0194345 0.0106764 0.0143323 0.0359363 0.0279516 0.0138201 0.00172751 0
 0 0.0021121 0.0136068 0.0755702 0.200478 0.177729 0.0527432 0.0373336 0.0318909 0.0142505 0.0149659 0.0166563 0.0217959 0.0798694 0.0677717 0.0528807 0.04013 0.0224614 0.0357745 0.0225083 0.00881397 0.00855152 0.00135912 0.000746735 0 0
 0 0 0 0 5.4009e-05 0.00500934 0.000945158 0.0243581 0.138947 0.33067 0.221406 0.137944 0.0707744 0.0437923 0.0131692 0.00525238 0.0047753 0.00276346 9.45158e-05 9.00151e-06 2.25038e-05 9.00151e-06 4.50075e-06 0 0 0
 0.000866109 0.00284123 0.00948549 0.0512746 0.133035 0.25785 0.225252 0.132002 0.0553304 0.0519788 0.0540692 0.017754 0.00435017 0.00159236 0.00146478 0.000404838 0.000125132 0.000115318 0.000107957 0.000100596 0 0 0 0 0 0
 0 0 0 0 0.00144013 0.00171154 0.00461396 0.0210425 0.0478622 0.0707936 0.0888783 0.103762 0.0637923 0.0337046 0.0602308 0.124433 0.169614 0.0934646 0.0462172 0.0250306 0.0313229 0.00938855 0.002487 0.000210481 0 0
 0 0.00764035 0.051015 0.0998891 0.058973 0.0496711 0.0374665 0.0718981 0.12319 0.153886 0.159021 0.0857701 0.0377988 0.023471 0.0147837 0.00900784 0.00315554 0.000888139 0.00291439 0.00214683 0.00393193 0.00274676 0.000635225 9.99891e-05 0 0
 0 0 0 0 0 0 0 0 0 0 0 0 0 0 0 0 0 0 0 0 0 0 0 0 0 0
 0 0 0 0 0 0 0 0 0 0 0 0 0 0 0 0 0 0 0 0 0 0 0 0 0 0
 0 0 0 0 0 0 0 0 0 0 0 0 0 0 0 0 0 0 0 0 0 0 0 0 0 0
 0 0 0 0 0 0 0 0 0 0 0 0 0 0 0 0 0 0 0 0 0 0 0 0 0 0
 0 0 0 0 0 0 0 0 0 0 0 0 0 0 0 0 0 0 0 0 0 0 0 0 0 0
 0 0 0 0 0 0 0 0 0 0 0 0 0 0 0 0 0 0 0 0 0 0 0 0 0 0
 0 0 0 0 0 0 0 0 0 0 0 0 0 0 0 0 0 0 0 0 0 0 0 0 0 0
ppred_pel_tallas
 1.15929e-16 3.34929e-05 0.000325563 0.00216348 0.00983489 0.0306 0.065197 0.0951591 0.0951695 0.065248 0.0307732 0.0103442 0.00347585 0.00330289 0.00601661 0.0107485 0.017465 0.0260827 0.036379 0.0479989 0.0602226 0.0716052 0.0799521 0.0829721 0.0793582 0.069572
 1.31637e-16 3.41694e-05 0.000332139 0.00220718 0.0100335 0.0312181 0.0665144 0.0970846 0.0971076 0.0666272 0.0315974 0.0111309 0.00496983 0.00639131 0.0116298 0.0194194 0.028596 0.0373908 0.0441565 0.0484671 0.0514929 0.0551622 0.0606808 0.0675365 0.0736664 0.0765532
 1.28526e-16 4.42755e-05 0.000430374 0.00285998 0.0130011 0.0404513 0.0861865 0.125796 0.125814 0.0862777 0.0407581 0.0138895 0.00509854 0.0053457 0.00946545 0.0158108 0.0233375 0.0305922 0.0361806 0.0396307 0.0417243 0.0439123 0.0472443 0.0516366 0.0559358 0.0585765
 1.10112e-16 6.33847e-05 0.000616122 0.00409435 0.0186123 0.0579099 0.123384 0.180084 0.180096 0.123442 0.058107 0.0191824 0.00552835 0.0037566 0.00605807 0.00999718 0.0145961 0.0187983 0.0215942 0.0225816 0.022219 0.0214884 0.0212267 0.0216447 0.0223269 0.0225919
 1.06436e-16 5.41018e-05 0.000525889 0.00349472 0.0158865 0.0494289 0.105314 0.153715 0.15374 0.105439 0.0498468 0.0170938 0.0065261 0.00714615 0.0126356 0.0208269 0.030055 0.0379274 0.0420523 0.0413559 0.0367302 0.0304204 0.0246537 0.0205728 0.0180931 0.0164653
 1.04408e-16 6.24609e-05 0.000607142 0.00403467 0.0183411 0.0570659 0.121586 0.177461 0.177476 0.121661 0.0573184 0.0190711 0.00587041 0.00462541 0.00772576 0.0127569 0.0185663 0.0237582 0.0269447 0.0274763 0.0257912 0.023039 0.0203032 0.0180531 0.0161543 0.0142513
 1.07378e-16 4.01855e-05 0.000390617 0.00259579 0.0118001 0.0367147 0.078226 0.114181 0.114218 0.0784091 0.0373299 0.0135776 0.0070601 0.0101446 0.0185895 0.0307344 0.0444274 0.0562062 0.0625663 0.0619029 0.0554467 0.0463655 0.0377855 0.0312867 0.0267573 0.0232436
 1.14847e-16 3.65036e-05 0.000354828 0.00235796 0.010719 0.0333508 0.0710584 0.103717 0.103744 0.0711879 0.0337866 0.0119814 0.0055411 0.0073509 0.0134624 0.0225629 0.0333547 0.0437439 0.0515817 0.0558428 0.0570919 0.0567764 0.0559737 0.0546827 0.0521283 0.0476122
 1.19428e-16 4.36154e-05 0.000423957 0.00281735 0.0128073 0.0398482 0.0849017 0.123921 0.123941 0.0850009 0.040182 0.0137739 0.00525352 0.00577531 0.010306 0.0172346 0.0254616 0.0334025 0.0395003 0.0431392 0.0449876 0.0463787 0.0482188 0.0503164 0.0515798 0.050785
 1.13646e-16 5.53927e-05 0.000538437 0.0035781 0.0162656 0.0506083 0.107827 0.15738 0.157397 0.107909 0.0508844 0.0170644 0.00558786 0.00494147 0.00846491 0.0140343 0.0205218 0.0264868 0.0305262 0.032073 0.0317448 0.0308702 0.0305626 0.0310688 0.0317935 0.0318165
 1.05576e-16 6.50604e-05 0.000632411 0.00420259 0.0191044 0.0594409 0.126646 0.184846 0.184859 0.126712 0.0596651 0.0197523 0.00583056 0.00419191 0.00684212 0.0112539 0.0163155 0.0207576 0.0233407 0.0235194 0.0217653 0.0192235 0.0169793 0.0155097 0.0146438 0.0139008
 1.05886e-16 4.62178e-05 0.000449254 0.00298545 0.0135714 0.042226 0.0899682 0.131318 0.131352 0.0901316 0.0427747 0.0151567 0.00696574 0.00914232 0.0165681 0.0273496 0.0394713 0.0498036 0.055187 0.0541726 0.0478758 0.0391866 0.0309983 0.0248388 0.0207 0.0177608
 1.08496e-16 4.97735e-05 0.000483816 0.00321513 0.0146155 0.0454744 0.0968889 0.141417 0.141438 0.0969944 0.0458292 0.0156425 0.00580134 0.00615713 0.0109055 0.0181626 0.026656 0.0345623 0.0400306 0.0421765 0.0415159 0.0394167 0.0370528 0.0347463 0.0321094 0.0286581
 1.0616e-16 6.32076e-05 0.000614401 0.00408291 0.0185603 0.0577481 0.123039 0.179582 0.179595 0.123105 0.0579717 0.019207 0.00570923 0.00417497 0.0068561 0.0113164 0.0164918 0.0211616 0.0241325 0.0248785 0.0238382 0.0220571 0.0204689 0.0193901 0.0185385 0.0174167
 1.05382e-16 5.50994e-05 0.000535585 0.00355915 0.0161794 0.0503403 0.107256 0.156549 0.156573 0.107376 0.0507426 0.0173416 0.00647749 0.00691017 0.0121731 0.0200685 0.0289795 0.0366077 0.0406523 0.0400698 0.035691 0.0296346 0.0240003 0.0198632 0.0171548 0.0152096
 1.01643e-16 7.4556e-05 0.000724711 0.00481596 0.0218927 0.0681162 0.145129 0.211821 0.211827 0.145159 0.0682171 0.0221843 0.00554924 0.00232945 0.00313394 0.00509369 0.00740221 0.00945912 0.010704 0.0108762 0.010153 0.00900006 0.00785901 0.00692603 0.00615305 0.00539886
 1.03431e-16 3.28993e-05 0.000319793 0.00212514 0.0096606 0.030058 0.0640437 0.0934846 0.0935369 0.0642994 0.0309164 0.0121392 0.00834375 0.0138853 0.0257676 0.0424721 0.0610048 0.0763501 0.0834192 0.0798727 0.0675368 0.0512073 0.0358396 0.0242892 0.0168947 0.0125002
 1.02293e-16 7.40871e-05 0.000720153 0.00478567 0.021755 0.0676878 0.144216 0.210489 0.210492 0.144235 0.0677529 0.021944 0.00526393 0.0017764 0.00211575 0.00347339 0.00521229 0.00700356 0.00855074 0.00969399 0.0104548 0.0109299 0.011136 0.0109611 0.0102628 0.00901321
 1.02798e-16 5.29684e-05 0.000514872 0.00342151 0.0155537 0.0483935 0.103109 0.150496 0.150527 0.103259 0.0489002 0.0170168 0.00709211 0.00852093 0.0152379 0.025056 0.0359708 0.0449927 0.0491218 0.0469978 0.0397349 0.0302063 0.0213645 0.0148847 0.0109093 0.00866513
 1.06691e-16 4.43867e-05 0.000431454 0.00286717 0.0130337 0.040553 0.0864035 0.126114 0.126143 0.086544 0.0410254 0.0144003 0.00630525 0.00796272 0.0144233 0.0239709 0.0349828 0.0449377 0.0512548 0.0526817 0.0499322 0.0449963 0.0397407 0.0349633 0.0304749 0.025813
 1.0915e-16 5.37503e-05 0.000522472 0.00347201 0.0157833 0.0491077 0.10463 0.152714 0.152732 0.104719 0.0494066 0.0166485 0.00565064 0.00530091 0.00919549 0.0152931 0.0224423 0.0291099 0.0337657 0.0357184 0.0354722 0.034238 0.0330104 0.0319785 0.0306448 0.0283906
 1.07256e-16 5.89951e-05 0.000573454 0.0038108 0.0173234 0.0538995 0.114839 0.167615 0.167633 0.114927 0.0541935 0.0181732 0.00594662 0.00524512 0.00895878 0.0147909 0.0214783 0.0273945 0.0309318 0.0313809 0.0293462 0.026288 0.0235669 0.0217416 0.0205435 0.0193404
 1.11671e-16 3.05141e-05 0.000296608 0.00197107 0.00896021 0.0278788 0.0594003 0.0867055 0.0867491 0.0596131 0.0285938 0.0110268 0.00716313 0.0116465 0.0216322 0.0358367 0.0519126 0.065905 0.0737988 0.073762 0.0672069 0.0577318 0.0488308 0.0421809 0.0375165 0.0336503
 1.06894e-16 6.62782e-05 0.000644248 0.00428126 0.019462 0.0605535 0.129016 0.188304 0.188311 0.129051 0.0606706 0.0198021 0.00514135 0.002543 0.00373478 0.00623352 0.00935924 0.0125843 0.0154074 0.0175934 0.019253 0.0206299 0.0217822 0.0224544 0.0222415 0.0208809
 1.0588e-16 5.39257e-05 0.000524177 0.00348334 0.0158348 0.049268 0.104972 0.153215 0.153242 0.105103 0.0497072 0.0171031 0.00666647 0.00747168 0.0132453 0.0218054 0.0313968 0.0394771 0.0435102 0.0423719 0.0370446 0.0299715 0.0235898 0.0191697 0.0166327 0.0151413
 1.09602e-16 3.81221e-05 0.000370561 0.00246251 0.0111942 0.0348296 0.0742093 0.108318 0.108352 0.0743758 0.035389 0.0128122 0.00653148 0.00927848 0.0170302 0.0282882 0.0412001 0.0527591 0.0598959 0.0611602 0.0574969 0.0514189 0.0452984 0.0401707 0.0357669 0.0313536
 1.08018e-16 6.13111e-05 0.000595965 0.0039604 0.0180034 0.0560154 0.119347 0.174193 0.174204 0.119403 0.0562051 0.0185532 0.00534676 0.0036434 0.00591104 0.00983907 0.0145554 0.0191274 0.0226431 0.024692 0.0255578 0.0258915 0.0261432 0.026239 0.02572 0.0241476
 1.061e-16 5.80311e-05 0.000564083 0.00374853 0.0170403 0.0530187 0.112963 0.164877 0.164898 0.113066 0.0533669 0.018046 0.00627399 0.00608029 0.010544 0.0173664 0.0250793 0.0316933 0.0352346 0.0348297 0.031236 0.0263192 0.0219019 0.0188731 0.0170831 0.0158381
 1.10482e-16 3.12701e-05 0.000303957 0.0020199 0.00918221 0.0285695 0.0608719 0.0888532 0.0888954 0.0610784 0.0292632 0.0111875 0.00705945 0.0113251 0.0210207 0.034855 0.0505661 0.0643451 0.0723104 0.0726596 0.0666824 0.0577431 0.0491007 0.0423107 0.037151 0.0326142
 1.18811e-16 3.72195e-05 0.000361787 0.0024042 0.0109292 0.0340048 0.0724516 0.10575 0.10577 0.0725516 0.0343413 0.0119057 0.0048727 0.00580835 0.0105518 0.0178343 0.0267444 0.0358657 0.0437478 0.0497129 0.0541042 0.0576749 0.0606592 0.0623794 0.0616958 0.0578415
 1.07882e-16 6.85977e-05 0.000666794 0.00443108 0.0201431 0.0626725 0.133531 0.194894 0.194901 0.133567 0.0627932 0.0204922 0.00531028 0.00259582 0.0037616 0.0061899 0.00910489 0.0118789 0.0139421 0.0150885 0.0156054 0.0160431 0.0167979 0.0178347 0.0187315 0.0189561
pSPR Fmed_Fpbrs
0.839142   0.6 0.325
Fs Fmed_Fpbrs
0.0821201   0.251439 0.602568
SSBpbr Bo_Bmed_Bpbrs
3.9589e+06  3.12413e+06  2.17739e+06 1.0887e+06
Ro
378780
SPR SPRFo_SPRFmed_SPRFpbrs
2.70359e+06 2.26869e+06 878666
Fref
0.251439
Nvult_r0
 472714 42955.1 19780.8 22769.6 9547.43
CTP_r0
 29599.5 2733.91 1260.05 1450.51 608.209
YTP_r0
391295
Np
 551521 158511 70970.1 6435.98 3811.26
Nvult_p0
 393010 113151 50665.8 4594.69 2720.88
CTP_p0
 77809.7 35542.2 3226.6 1485.77 2298.05
 77809.7 22716.5 10179.3 923.161 546.679
YTP_p0
 1.33575e+06 1.21982e+06
CBA_c0
1.30097e+06
log_Ro
12.6647
likeval ReclasPelacesDesembMPH_pf_preclas_ppelaces_ptallas_desvR_qrecl_qpela
 20.2901 18.222 0.154257 67.4543 245.963 125.871 99.4173 0 21.0526 5.65548e-05 3.87614e-05 0.773128 8.8013e-16 0 0
q_reclas_q_pelaces
0.344501 0.412404
M
1
N
 370050 91205.7 427903 21282.5 0.616554
 226251 129946 32001.4 150132 7467.26
 214505 76661.5 43966.4 10826.6 53318.4
 452074 72912.2 26021.8 14922.8 21771.6
 369006 148457 23896 8527.39 12024.7
 623647 130707 52550.5 8458.36 7274.72
 266996 213013 44586.3 17924.6 5366.41
 137890 84572.3 67295.9 14083.8 7357.07
 125906 49641.3 30435 24217.2 7715.76
 165165 42660.5 16795.5 10296.5 10803.3
 306908 54934.9 14164.1 5575.9 7004.81
 177596 109990 19678.6 5073.68 4506.5
 150492 55465.3 34252.6 6127.26 2982.93
 249849 45925.4 16870.8 10416.7 2770.52
 194775 74135 13575.6 4986.02 3897.33
 888197 62396.5 23691.6 4337.84 2838.5
 208864 284674 19950.2 7574 2294.2
 1.56524e+06 69989.3 95236.7 6673.68 3301.06
 1.05265e+06 526468 23503.9 31979.8 3349.44
 623629 343748 171561 7658.38 11511.4
 718870 206571 113653 56717.5 6337.46
 930578 241125 69176.3 38056.8 21113.9
 243574 296885 76734.6 22011.4 18827.5
 912080 82120 99940.2 25829 13746.4
 741918 315180 28346.4 34495.6 13659.9
 337286 256495 108845 9788.64 16629.1
 742545 118147 89769.6 38092.4 9245.37
 824948 257730 40965.7 31124.6 16412.8
 250449 288561 90072.3 14316.1 16612.7
 190167 87671.3 100924 31501.4 10816.9
 720720 65450.9 30139.1 34693 14547
pred_Ctot
 10673.5 2675.99 12566.1 625.027 0.0181071
 11368.2 6639.95 1636.66 7678.62 381.921
 10375.9 3771.21 2164.77 533.097 2625.37
 30960.5 5076.97 1813.53 1040.06 1517.39
 8691.91 3557.32 573.116 204.529 288.413
 28374.6 6048.07 2433.8 391.754 336.934
 23743.3 19254.8 4033.76 1621.73 485.527
 1868.8 1166.13 928.767 194.384 101.542
 6327.67 2537.12 1556.9 1238.89 394.718
 10093.3 2650.86 1044.57 640.405 671.925
 5019.87 914.134 235.91 92.874 116.675
 17185.1 10817.5 1937.06 499.449 443.617
 16465.3 6166.87 3811.6 681.868 331.953
 31089.8 5806.25 2134.74 1318.13 350.583
 16087.5 6224.56 1140.84 419.023 327.531
 73115.5 5221.47 1984.29 363.333 237.75
 11856.1 16432.1 1152.6 437.6 132.551
 85422.2 3884.21 5290.07 370.717 183.372
 75479.7 38380.1 1714.97 2333.52 244.404
 39600 22194.3 11086.7 494.93 743.937
 40395.2 11803.8 6500.09 3243.96 362.471
 79019.7 20813.5 5976.36 3288 1824.18
 12955.1 16057.7 4154.08 1191.66 1019.29
 35155.2 3219.36 3921.49 1013.54 539.414
 28394.5 12268.8 1104.41 1344.06 532.235
 10237 7918.8 3363.42 302.493 513.882
 26651.8 4313.24 3280.22 1391.98 337.847
 25744 8181.19 1301.56 988.938 521.492
 7701.2 9025.68 2819.86 448.211 520.113
 7787.65 3651.58 4207.36 1313.3 450.958
 29599.5 2733.91 1260.05 1450.51 608.209
F
 0.0465218 0.0473388 0.0473826 0.0473849 0.0473851
 0.0822461 0.0836905 0.0837679 0.083772 0.0837722
 0.079075 0.0804637 0.0805382 0.0805421 0.0805423
 0.113551 0.115545 0.115652 0.115658 0.115658
 0.0378555 0.0385204 0.038556 0.0385579 0.038558
 0.0742287 0.0755323 0.0756021 0.0756058 0.075606
 0.149629 0.152257 0.152398 0.152405 0.152405
 0.0216346 0.0220145 0.0220349 0.022036 0.022036
 0.0822649 0.0837097 0.0837871 0.0837912 0.0837914
 0.100795 0.102565 0.10266 0.102665 0.102665
 0.026159 0.0266184 0.026643 0.0266443 0.0266444
 0.163753 0.166629 0.166783 0.166791 0.166791
 0.186891 0.190173 0.190349 0.190359 0.190359
 0.214969 0.218744 0.218947 0.218957 0.218958
 0.138338 0.140767 0.140897 0.140904 0.140905
 0.137848 0.140269 0.140398 0.140405 0.140406
 0.0933411 0.0949804 0.0950683 0.0950729 0.0950732
 0.0896023 0.0911759 0.0912603 0.0912647 0.091265
 0.119161 0.121254 0.121366 0.121372 0.121372
 0.104912 0.106755 0.106854 0.106859 0.106859
 0.0923637 0.0939858 0.0940728 0.0940774 0.0940776
 0.142462 0.144964 0.145098 0.145105 0.145105
 0.0872401 0.0887722 0.0888543 0.0888586 0.0888589
 0.0625822 0.0636812 0.0637401 0.0637433 0.0637434
 0.0621284 0.0632195 0.063278 0.0632811 0.0632812
 0.0490037 0.0498643 0.0499104 0.0499128 0.0499129
 0.058171 0.0591926 0.0592474 0.0592503 0.0592504
 0.0504149 0.0513003 0.0513477 0.0513502 0.0513503
 0.0496606 0.0505328 0.0505795 0.050582 0.0505821
 0.0666019 0.0677716 0.0678342 0.0678376 0.0678377
 0.0667987 0.0679718 0.0680347 0.068038 0.0680382
YTP_r0W_actual
 245676 38548.1 34777.5 49607.5 22686.2
YTP_p0W_proyectada
 582795 556946 74631.3 43637.1 77743
 582795 355967 235448 27113.2 18494.2
CTP_r0_actual
 29599.5 2733.91 1260.05 1450.51 608.209
CTP_p0_proyectada
 77809.7 35542.2 3226.6 1485.77 2298.05
 77809.7 22716.5 10179.3 923.161 546.679
Wmedp
 7.49 15.67 23.13 29.37 33.83
Frms_r0
 0.0667987 0.0679718 0.0680347 0.068038 0.0680382
Zrms_r0
 1.0668 1.06797 1.06803 1.06804 1.06804
nmprior
 8.19 8.8 8.5 0
nm_flota  nm_reclas  nm_pelaces    nm_pelaL
inf 10.4807 16.7325 38.9608
cv_recla  cv_pelaces  cv_mph
0.407443 0.484027 0.760381
 ------------------------------------------------
Talla a la edad & desviaci?n 
 8 13.2811 15.8009 17.003 17.5766
 0.8 1.32811 1.58009 1.7003 1.75766
