years
 1991 1992 1993 1994 1995 1996 1997 1998 1999 2000 2001 2002 2003 2004 2005 2006 2007 2008 2009 2010 2011 2012 2013 2014 2015 2016 2017 2018 2019 2020 2021
reclasobs
 0 0 0 0 0 0 0 0 0 252601 567819 844713 477998 351125 339783 2.1784e+06 2.13404e+06 4.81314e+06 1.55562e+06 2.62356e+06 3.21686e+06 3.843e+06 1.13348e+06 3.07943e+06 1.97215e+06 2.03268e+06 2.025e+06 2.42433e+06 2.27542e+06 1.05018e+06 2.36338e+06
reclaspred
 3.39619e+06 1.92971e+06 982678 1.03999e+06 1.08149e+06 1.71107e+06 1.1807e+06 1.08566e+06 807805 617530 666811 612042 432125 593133 587304 1.25899e+06 1.20054e+06 2.84992e+06 2.69305e+06 1.99988e+06 2.93812e+06 1.94345e+06 1.48862e+06 2.7574e+06 2.20096e+06 2.01913e+06 2.39266e+06 2.50955e+06 2.08671e+06 1.35934e+06 1.93804e+06
pelacesobs
 0 0 0 0 0 0 0 0 0 0 0 0 0 0 0 552880 188675 0 991730 2.46772e+06 1.41603e+06 1.21717e+06 2.29649e+06 1.80582e+06 0 1.4828e+06 1.56532e+06 1.57751e+06 1.42118e+06 867257 1.10002e+06
pelacespred
 1.96212e+06 1.24937e+06 642779 555121 589033 969909 648496 698457 519347 382264 415142 318796 238576 374691 368137 641634 611890 1.6584e+06 1.63744e+06 1.15018e+06 1.52946e+06 1.16933e+06 864272 1.75706e+06 1.32926e+06 1.22581e+06 1.66059e+06 1.72302e+06 1.17999e+06 874175 1.24679e+06
mphobs
 0 0 0 0 0 0 0 0 0 0 0 498337 0 5186 125008 0 168611 109162 213762 579715 649985 157893 87575 83554 0 0 0 0 0 0 0
mphpred
 528012 354135 179859 98489.4 117292 135856 184310 128523 113305 82662.7 57377.3 80854.7 58834.4 35420.9 49314.1 59862.4 148383 139753 297730 265047 276463 261139 202156 164054 285946 250763 213450 226384 310364 216046 136582
desembarqueobs
 494567 514787 250237 358949 120608 361735 552515 73892 212993 205616 52469 317467 293654 387597 252695 516296 358380 742168 942051 627588 828172 859565 418607 520667 417249 300574 415391 372974 316634 284311 391294
desembarquepred
 494574 513201 251077 358969 120612 361747 552559 73894.9 213028 205643 52469.6 317661 293910 387551 252693 516290 358422 742105 941828 627492 828342 859742 418635 520683 417249 300577 415395 372966 316633 284322 391300
Reclutas
 224754 129741 129734 253944 206833 345277 146901 71920.7 65807.5 87428.9 165652 98370.6 78635.9 162504 108059 497425 109312 875762 611210 371745 400903 531468 133392 480722 397599 179096 389636 433083 133011 100535 376074
log_desv_Rt
 0.0727595 -0.47671 -0.476766 0.194866 -0.0103382 0.5021 -0.352492 -1.06668 -1.15551 -0.871423 -0.232361 -0.753506 -0.97742 -0.251546 -0.659568 0.867197 -0.648039 1.43285 1.07319 0.575961 0.651472 0.933395 -0.448956 0.833041 0.643196 -0.154327 0.622964 0.728682 -0.451817 -0.731741 0.587538
SSB
 4.11728e+06 2.76144e+06 1.40249e+06 767990 914604 1.05937e+06 1.43719e+06 1.00218e+06 883517 644579 447410 630480 458772 276202 384537 466789 1.15705e+06 1.08975e+06 2.32161e+06 2.06675e+06 2.15577e+06 2.03628e+06 1.57635e+06 1.27925e+06 2.22972e+06 1.95537e+06 1.66442e+06 1.76527e+06 2.42013e+06 1.68466e+06 1.06502e+06
BT
 5.45172e+06 3.71503e+06 1.90166e+06 1.72617e+06 1.60457e+06 2.79446e+06 2.15976e+06 1.85435e+06 1.54296e+06 1.17958e+06 1.10992e+06 1.08965e+06 888117 1.37462e+06 1.19926e+06 2.06852e+06 1.85322e+06 4.91148e+06 5.10037e+06 3.51929e+06 4.5789e+06 3.84476e+06 2.59082e+06 4.99792e+06 3.78866e+06 3.40938e+06 4.68331e+06 4.79467e+06 3.28831e+06 2.5175e+06 3.57541e+06
Ftot
 0.103596 0.186965 0.180955 0.256821 0.0826093 0.159905 0.331303 0.0500145 0.192514 0.241972 0.0606698 0.370087 0.482771 0.497182 0.326404 0.318634 0.215494 0.202811 0.259262 0.22949 0.206578 0.323923 0.202737 0.146596 0.139872 0.108954 0.132247 0.114266 0.108126 0.150018 0.156204
BD_Bspro_t
 0.983584 0.878026 0.74646 0.670549 0.677768 0.745572 0.744338 0.623609 0.675473 0.650502 0.631619 0.768783 0.591924 0.445283 0.497632 0.536024 0.641156 0.616625 0.72193 0.66474 0.629317 0.618088 0.593233 0.587407 0.734007 0.748268 0.757971 0.788066 0.82441 0.771497 0.717702
BD_Bspro
 2.76024 1.85128 0.940234 0.514865 0.613155 0.710205 0.963502 0.671867 0.592314 0.432129 0.299946 0.422677 0.307564 0.185167 0.257796 0.312938 0.775692 0.730574 1.55642 1.38556 1.44524 1.36514 1.05679 0.857613 1.49482 1.31089 1.11583 1.18345 1.62247 1.1294 0.713997
BD_Bo
 1.88703 1.26562 0.642788 0.351986 0.419182 0.485529 0.658695 0.45932 0.404934 0.295424 0.205057 0.288962 0.210265 0.126589 0.176241 0.213939 0.530299 0.499455 1.06404 0.947235 0.988035 0.933271 0.722473 0.586305 1.02193 0.896189 0.762837 0.809062 1.10919 0.772114 0.488122
BD_Brms
 3.43097 2.30114 1.16871 0.639974 0.762149 0.882781 1.19763 0.835127 0.736244 0.537134 0.372832 0.525386 0.3823 0.230162 0.320438 0.38898 0.96418 0.908099 1.93462 1.72225 1.79643 1.69686 1.31359 1.06601 1.85805 1.62943 1.38698 1.47102 2.01672 1.40384 0.887494
Sel_flota
 0.839274 0.990021 0.99947 0.999972 0.999999
 0.839274 0.990021 0.99947 0.999972 0.999999
 0.839274 0.990021 0.99947 0.999972 0.999999
 0.839274 0.990021 0.99947 0.999972 0.999999
 0.839274 0.990021 0.99947 0.999972 0.999999
 0.839274 0.990021 0.99947 0.999972 0.999999
 0.839274 0.990021 0.99947 0.999972 0.999999
 0.839274 0.990021 0.99947 0.999972 0.999999
 0.839274 0.990021 0.99947 0.999972 0.999999
 0.839274 0.990021 0.99947 0.999972 0.999999
 0.839274 0.990021 0.99947 0.999972 0.999999
 0.839274 0.990021 0.99947 0.999972 0.999999
 0.839274 0.990021 0.99947 0.999972 0.999999
 0.839274 0.990021 0.99947 0.999972 0.999999
 0.839274 0.990021 0.99947 0.999972 0.999999
 0.839274 0.990021 0.99947 0.999972 0.999999
 0.839274 0.990021 0.99947 0.999972 0.999999
 0.839274 0.990021 0.99947 0.999972 0.999999
 0.839274 0.990021 0.99947 0.999972 0.999999
 0.839274 0.990021 0.99947 0.999972 0.999999
 0.839274 0.990021 0.99947 0.999972 0.999999
 0.839274 0.990021 0.99947 0.999972 0.999999
 0.839274 0.990021 0.99947 0.999972 0.999999
 0.839274 0.990021 0.99947 0.999972 0.999999
 0.839274 0.990021 0.99947 0.999972 0.999999
 0.839274 0.990021 0.99947 0.999972 0.999999
 0.839274 0.990021 0.99947 0.999972 0.999999
 0.839274 0.990021 0.99947 0.999972 0.999999
 0.839274 0.990021 0.99947 0.999972 0.999999
 0.839274 0.990021 0.99947 0.999972 0.999999
 0.839274 0.990021 0.99947 0.999972 0.999999
Sel_reclas
 1 1 1 1 1
 1 1 1 1 1
 1 1 1 1 1
 1 1 1 1 1
 1 1 1 1 1
 1 1 1 1 1
 1 1 1 1 1
 1 1 1 1 1
 1 1 1 1 1
 1 1 1 1 1
 1 1 1 1 1
 1 1 1 1 1
 1 1 1 1 1
 1 1 1 1 1
 1 1 1 1 1
 1 1 1 1 1
 1 1 1 1 1
 1 1 1 1 1
 1 1 1 1 1
 1 1 1 1 1
 1 1 1 1 1
 1 1 1 1 1
 1 1 1 1 1
 1 1 1 1 1
 1 1 1 1 1
 1 1 1 1 1
 1 1 1 1 1
 1 1 1 1 1
 1 1 1 1 1
 1 1 1 1 1
 1 1 1 1 1
Sel_pelaces
 1 1 1 1 1
 1 1 1 1 1
 1 1 1 1 1
 1 1 1 1 1
 1 1 1 1 1
 1 1 1 1 1
 1 1 1 1 1
 1 1 1 1 1
 1 1 1 1 1
 1 1 1 1 1
 1 1 1 1 1
 1 1 1 1 1
 1 1 1 1 1
 1 1 1 1 1
 1 1 1 1 1
 1 1 1 1 1
 1 1 1 1 1
 1 1 1 1 1
 1 1 1 1 1
 1 1 1 1 1
 1 1 1 1 1
 1 1 1 1 1
 1 1 1 1 1
 1 1 1 1 1
 1 1 1 1 1
 1 1 1 1 1
 1 1 1 1 1
 1 1 1 1 1
 1 1 1 1 1
 1 1 1 1 1
 1 1 1 1 1
pf_obs 
 0.8446 0.082 0.0669 0.0065 0
 0.8095 0.147 0.0364 0.0071 0
 0.9664 0.0169 0.016 0.0007 0
 0.9276 0.0648 0.0075 0.0001 0
 0.7033 0.2144 0.0806 0.0017 0
 0.9318 0.0425 0.0243 0.0014 0
 0.5671 0.3108 0.0964 0.0239 0.0018
 0.0768 0.2599 0.5324 0.112 0.0189
 0.490249 0.384438 0.106611 0.0170017 0.00170017
 0.7925 0.1577 0.0466 0.003 0.0002
 0.840416 0.127587 0.0312969 0.00059994 9.999e-05
 0.8084 0.0986 0.0794 0.0134 0.0002
 0.7335 0.1905 0.0724 0.0035 0.0001
 0.4001 0.4547 0.1325 0.0127 0
 0.49795 0.308269 0.164784 0.0264974 0.00249975
 0.9179 0.0499 0.0305 0.0017 0
 0.2467 0.6533 0.0926 0.0074 0
 0.9418 0.0223 0.034 0.0019 0
 0.707729 0.231977 0.0356964 0.0245975 0
 0.517169 0.277429 0.184464 0.0207286 0.00020938
 0.811772 0.124168 0.05621 0.00726502 0.000585176
 0.764997 0.148141 0.077277 0.00933861 0.000247198
 0.163321 0.427699 0.378323 0.0303852 0.000271297
 0.753843 0.0900009 0.118128 0.0371064 0.000921714
 0.721811 0.176058 0.0630433 0.0369309 0.00215725
 0.143369 0.312575 0.442814 0.0836902 0.0175525
 0.692698 0.0596174 0.167031 0.0765114 0.00414204
 0.394062 0.376323 0.152708 0.0712218 0.00568511
 0.125707 0.32114 0.495352 0.0537591 0.00404204
 0.23352 0.215282 0.420074 0.123614 0.00750983
 0.796117 0.104755 0.0508955 0.0450114 0.00322123
pf_pred 
 0.429348 0.1129 0.433985 0.0237663 7.65813e-07
 0.409365 0.278918 0.0621494 0.236616 0.0129516
 0.552609 0.202742 0.116173 0.0256263 0.10285
 0.760723 0.142663 0.0440303 0.0249771 0.0276069
 0.649708 0.277617 0.0435192 0.0132915 0.0158645
 0.740794 0.177922 0.0645498 0.0100233 0.00671168
 0.469151 0.410266 0.08303 0.0298247 0.00772807
 0.435527 0.291418 0.21156 0.0423511 0.0191434
 0.514611 0.231302 0.131774 0.0947769 0.0275352
 0.671237 0.183834 0.0694392 0.0391611 0.0363294
 0.792243 0.147545 0.0338268 0.0126454 0.0137396
 0.546291 0.371191 0.0587661 0.0133469 0.0104052
 0.605394 0.234263 0.131452 0.0205789 0.00831253
 0.827697 0.112628 0.0355998 0.0197395 0.00433571
 0.669777 0.282439 0.0313668 0.00979649 0.00662087
 0.909868 0.0639945 0.022391 0.00245964 0.00128661
 0.382545 0.570648 0.0333386 0.0115387 0.00192942
 0.904937 0.0404059 0.0505536 0.00292332 0.00118032
 0.640363 0.330647 0.0123946 0.0153501 0.00124535
 0.546044 0.309091 0.133303 0.00494469 0.00661689
 0.642986 0.210743 0.099923 0.0426509 0.00369709
 0.716727 0.193505 0.0532151 0.024975 0.011578
 0.366731 0.47722 0.106973 0.0290995 0.0199765
 0.802382 0.0807712 0.0882775 0.0195879 0.00898139
 0.643069 0.29579 0.0251375 0.0272044 0.00879952
 0.444587 0.378316 0.147015 0.0123721 0.0177109
 0.729362 0.131694 0.0949337 0.0365379 0.00747267
 0.687174 0.238414 0.0363937 0.0259802 0.0120379
 0.361581 0.461088 0.135468 0.0204803 0.0213833
 0.435824 0.226421 0.244598 0.0711742 0.0219835
 0.825542 0.0836352 0.0366688 0.0392236 0.0149308
pobs_RECLAS
 0 0 0 0 0
 0 0 0 0 0
 0 0 0 0 0
 0 0 0 0 0
 0 0 0 0 0
 0 0 0 0 0
 0 0 0 0 0
 0 0 0 0 0
 0 0 0 0 0
 0 0 0 0 0
 0.991045 0.00858322 0.000360255 1.14367e-05 0
 0.934742 0.0480273 0.0164251 0.00080598 0
 0.827803 0.169806 0.00239088 0 0
 0.941827 0.0461693 0.0120037 0 0
 0.791401 0.0380133 0.147996 0.0225897 0
 0.846168 0.0940531 0.0597789 0 0
 0.134021 0.677848 0.182769 0.00536245 0
 0.80878 0.0450904 0.141981 0.00414843 0
 0.846168 0.0940531 0.0597789 0 0
 0.905697 0.0802665 0.012482 0.00150086 5.37128e-05
 0.989698 0.0102097 9.19794e-05 0 0
 0.975433 0.0193895 0.00387452 0.00125025 5.28907e-05
 0.303575 0.632131 0.0575291 0.00676475 0
 0.966965 0.00978017 0.0227588 0.000495775 0
 0.843318 0.132988 0.00938335 0.0141283 0.000182051
 0.564624 0.303363 0.111486 0.0197234 0.00080311
 0.826376 0.0876187 0.0782897 0.00655872 0.00115652
 0.89761 0.0855135 0.0140674 0.00269457 0.000114338
 0.34875 0.467042 0.161289 0.0227151 0.000203297
 0.318654 0.224769 0.449479 0.00709798 0
 0.937255 0.0296025 0.0250945 0.00804832 0
ppred_RECLAS
 0.472472 0.105175 0.400434 0.0219179 7.06232e-07
 0.451799 0.260257 0.0574333 0.218549 0.0119624
 0.594939 0.184558 0.104736 0.0230917 0.092675
 0.790801 0.125234 0.0382765 0.0217019 0.0239862
 0.686985 0.248576 0.0385956 0.0117818 0.0140622
 0.772167 0.156864 0.056364 0.00874771 0.00585741
 0.512291 0.377779 0.0757069 0.0271801 0.00704262
 0.477804 0.270851 0.194762 0.0389688 0.017614
 0.557646 0.21189 0.119553 0.0859428 0.0249679
 0.708269 0.163845 0.0612897 0.0345474 0.0320484
 0.818661 0.129147 0.0293276 0.0109579 0.0119058
 0.588737 0.337077 0.0528403 0.0119947 0.00935087
 0.646969 0.210444 0.116907 0.0182921 0.0073886
 0.851563 0.0973729 0.0304697 0.016886 0.00370883
 0.706613 0.251296 0.0276352 0.00862653 0.00583001
 0.923091 0.0547624 0.0189735 0.00208315 0.00108964
 0.423197 0.533474 0.0308659 0.0106774 0.00178536
 0.918867 0.0346782 0.0429691 0.00248347 0.0010027
 0.678495 0.295827 0.0109817 0.0135934 0.00110279
 0.588168 0.281281 0.120136 0.004454 0.0059601
 0.681479 0.188779 0.0886457 0.037818 0.00327807
 0.750593 0.170912 0.0465424 0.0218319 0.0101207
 0.407162 0.447834 0.0994181 0.0270305 0.0185556
 0.828387 0.0705472 0.0763646 0.0169359 0.0077652
 0.680817 0.264956 0.0223015 0.0241229 0.00780257
 0.486796 0.350642 0.13496 0.0113518 0.01625
 0.761951 0.116417 0.0831183 0.0319741 0.00653912
 0.722325 0.21212 0.0320707 0.0228825 0.0106023
 0.401513 0.433412 0.126121 0.0190576 0.0198973
 0.478762 0.210413 0.225127 0.065475 0.0202226
 0.849016 0.0727565 0.0315932 0.0337772 0.0128572
pobs_PELACES
 0 0 0 0 0
 0 0 0 0 0
 0 0 0 0 0
 0 0 0 0 0
 0 0 0 0 0
 0 0 0 0 0
 0 0 0 0 0
 0 0 0 0 0
 0 0 0 0 0
 0 0 0 0 0
 0 0 0 0 0
 0 0 0 0 0
 0 0 0 0 0
 0 0 0 0 0
 0 0 0 0 0
 0 0 0 0 0
 0.505614 0.472636 0.0217494 0 0
 0 0 0 0 0
 0.443492 0.261883 0.143347 0.151278 0
 0.227955 0.32914 0.350689 0.0885471 0.00366901
 0.970185 0.0296113 0.000203453 0 0
 0.997202 0.00247181 0.000326279 0 0
 0.445219 0.490057 0.0546422 0.010081 0
 0.90214 0.0892962 0.00764917 0.000914606 0
 0 0 0 0 0
 0.581667 0.319106 0.0959925 0.00289975 0.000334073
 0.762889 0.0836404 0.116647 0.0363945 0.000428098
 0.88444 0.0763242 0.0277011 0.0115352 0
 0.521256 0.241999 0.230069 0.00667565 0
 0.616807 0.101726 0.260614 0.0208532 0
 0.833518 0.0704572 0.0857862 0.0102388 0
ppred_PELACES
 0.473822 0.104933 0.399384 0.02186 7.04368e-07
 0.454183 0.259208 0.0571684 0.217534 0.0119068
 0.597183 0.183593 0.10413 0.0229574 0.0921359
 0.792961 0.123982 0.0378634 0.0214668 0.0237264
 0.687879 0.247879 0.0384775 0.0117455 0.014019
 0.773591 0.155908 0.0559926 0.00868984 0.00581865
 0.516467 0.374633 0.0749989 0.0269244 0.00697635
 0.478444 0.27054 0.194508 0.0389176 0.0175909
 0.560086 0.210789 0.11886 0.0854421 0.0248224
 0.71082 0.162468 0.0607287 0.0342297 0.0317537
 0.819117 0.12883 0.0292499 0.0109288 0.0118741
 0.593238 0.333458 0.0522127 0.0118515 0.00923921
 0.652574 0.20723 0.114948 0.0179842 0.0072642
 0.854729 0.0953474 0.0297896 0.0165077 0.00362574
 0.709998 0.248433 0.0272925 0.00851912 0.0057574
 0.924229 0.0539677 0.0186796 0.00205077 0.00107271
 0.425829 0.531068 0.030706 0.0106218 0.00177604
 0.919642 0.034359 0.0425468 0.00245897 0.000992807
 0.681316 0.293251 0.0108773 0.0134635 0.00109226
 0.590986 0.27942 0.119256 0.00442121 0.0059162
 0.683763 0.187476 0.0879768 0.0375313 0.00325322
 0.753658 0.168867 0.045939 0.0215477 0.00998891
 0.409637 0.446034 0.0989561 0.026904 0.0184687
 0.82946 0.0701253 0.0758732 0.0168265 0.00771504
 0.682344 0.263708 0.0221868 0.0239983 0.00776226
 0.488178 0.349736 0.134565 0.0113185 0.0162022
 0.763181 0.115841 0.0826724 0.0318019 0.0065039
 0.723481 0.211255 0.0319286 0.0227807 0.0105551
 0.402828 0.432499 0.125813 0.0190107 0.0198484
 0.480696 0.209692 0.22425 0.0652185 0.0201434
 0.850043 0.0722806 0.0313713 0.033539 0.0127666
pobs_pel_tallas
 0 0 0 0 0 0 0 0 0 0 0 0 0 0 0 0 0 0 0 0 0 0 0 0 0 0
 0 0 0 0 0 0 0 0 0 0 0 0 0 0 0 0 0 0 0 0 0 0 0 0 0 0
 0 0 0 0 0 0 0 0 0 0 0 0 0 0 0 0 0 0 0 0 0 0 0 0 0 0
 0 0 0 0 0 0 0 0 0 0 0 0 0 0 0 0 0 0 0 0 0 0 0 0 0 0
 0 0 0 0 0 0 0 0 0 0 0 0 0 0 0 0 0 0 0 0 0 0 0 0 0 0
 0 0 0 0 0 0 0 0 0 0 0 0 0 0 0 0 0 0 0 0 0 0 0 0 0 0
 0 0 0 0 0 0 0 0 0 0 0 0 0 0 0 0 0 0 0 0 0 0 0 0 0 0
 0 0 0 0 0 0 0 0 0 0 0 0 0 0 0 0 0 0 0 0 0 0 0 0 0 0
 0 0 0 0 0 0 0 0 0 0 0 0 0 0 0 0 0 0 0 0 0 0 0 0 0 0
 0 0 0 0 0 0 0 0 0 0 0 0 0 0 0 0 0 0 0 0 0 0 0 0 0 0
 0 0 0 0 0 0 0 0 0 0 0 0 0 0 0 0 0 0 0 0 0 0 0 0 0 0
 0 0 0 0 0 0 0 0 0 0 0 0 0 0 0 0 0 0 0 0 0 0 0 0 0 0
 0.00862536 0 0 0.000197151 0.00414017 0.0128641 0.00837892 0.0270097 0.101434 0.158115 0.152841 0.127902 0.109271 0.109419 0.0830992 0.0579132 0.0238553 0.00714673 0.00463305 0.00128148 0.00103504 0.000492878 0.000147863 0.000147863 4.92878e-05 0
 0 0 0 0 0 0 0 0 0 0 0 0 0 0 0 0 0 0 0 0 0 0 0 0 0 0
 0 0 0 0 0 0 0 0.0054083 0.00873648 0.0413646 0.0450493 0.0745869 0.0622846 0.0627006 0.0613931 0.0827291 0.12552 0.122667 0.0946155 0.0697135 0.0546179 0.0294188 0.0215738 0.0213955 0.0102223 0.00600262
 0 0 0 0 0.00359764 0.0251062 0.0480494 0.140153 0.205849 0.193036 0.1447 0.116669 0.0760912 0.0342217 0.00950174 0.001854 0.000860785 0 0 0 0.000165536 0 0.000143464 0 0 0
 0 0 0 0 0 0 0 0.000145254 0.000435761 0.0275982 0.070085 0.0708112 0.156366 0.174668 0.174014 0.160142 0.0824315 0.0480064 0.0283245 0.00493863 0.00203355 0 0 0 0 0
 0 0 0 0 0 0 0 0 0 0 0 0 0 0 0 0 0 0 0 0 0 0 0 0 0 0
 0 0 1.00437e-05 0.000401748 0.00122533 0.00171747 0.00176769 0.0269171 0.070346 0.194647 0.189555 0.159765 0.064822 0.0314167 0.0384472 0.0292271 0.0345202 0.0313363 0.0194345 0.0106764 0.0143323 0.0359363 0.0279516 0.0138201 0.00172751 0
 0 0.0021121 0.0136068 0.0755702 0.200478 0.177729 0.0527432 0.0373336 0.0318909 0.0142505 0.0149659 0.0166563 0.0217959 0.0798694 0.0677717 0.0528807 0.04013 0.0224614 0.0357745 0.0225083 0.00881397 0.00855152 0.00135912 0.000746735 0 0
 0 0 0 0 5.4009e-05 0.00500934 0.000945158 0.0243581 0.138947 0.33067 0.221406 0.137944 0.0707744 0.0437923 0.0131692 0.00525238 0.0047753 0.00276346 9.45158e-05 9.00151e-06 2.25038e-05 9.00151e-06 4.50075e-06 0 0 0
 0.000866109 0.00284123 0.00948549 0.0512746 0.133035 0.25785 0.225252 0.132002 0.0553304 0.0519788 0.0540692 0.017754 0.00435017 0.00159236 0.00146478 0.000404838 0.000125132 0.000115318 0.000107957 0.000100596 0 0 0 0 0 0
 0 0 0 0 0.00144013 0.00171154 0.00461396 0.0210425 0.0478622 0.0707936 0.0888783 0.103762 0.0637923 0.0337046 0.0602308 0.124433 0.169614 0.0934646 0.0462172 0.0250306 0.0313229 0.00938855 0.002487 0.000210481 0 0
 0 0.00764035 0.051015 0.0998891 0.058973 0.0496711 0.0374665 0.0718981 0.12319 0.153886 0.159021 0.0857701 0.0377988 0.023471 0.0147837 0.00900784 0.00315554 0.000888139 0.00291439 0.00214683 0.00393193 0.00274676 0.000635225 9.99891e-05 0 0
 0 0 0 0 0 0 0 0 0 0 0 0 0 0 0 0 0 0 0 0 0 0 0 0 0 0
 0 0 0 0 0 0 0 0 0 0 0 0 0 0 0 0 0 0 0 0 0 0 0 0 0 0
 0 0 0 0 0 0 0 0 0 0 0 0 0 0 0 0 0 0 0 0 0 0 0 0 0 0
 0 0 0 0 0 0 0 0 0 0 0 0 0 0 0 0 0 0 0 0 0 0 0 0 0 0
 0 0 0 0 0 0 0 0 0 0 0 0 0 0 0 0 0 0 0 0 0 0 0 0 0 0
 0 0 0 0 0 0 0 0 0 0 0 0 0 0 0 0 0 0 0 0 0 0 0 0 0 0
 0 0 0 0 0 0 0 0 0 0 0 0 0 0 0 0 0 0 0 0 0 0 0 0 0 0
ppred_pel_tallas
 1.13745e-16 3.90281e-05 0.000379367 0.00252103 0.0114602 0.0356571 0.0759716 0.110885 0.110896 0.0760242 0.0358355 0.0119833 0.00386271 0.00340325 0.0060596 0.0106783 0.017056 0.0249307 0.0339278 0.0436629 0.0535961 0.0626806 0.0692368 0.0714217 0.0681304 0.0597011
 1.25547e-16 3.74105e-05 0.000363643 0.00241654 0.0109852 0.0341793 0.0728235 0.106293 0.106318 0.0729462 0.0345915 0.0121775 0.00541557 0.00693295 0.0125835 0.0209392 0.0306538 0.0396773 0.0460479 0.0491211 0.0500456 0.0509443 0.0533838 0.057306 0.0611184 0.062698
 1.20947e-16 4.91892e-05 0.000478137 0.00317739 0.0144439 0.0449406 0.0957513 0.139756 0.139773 0.0958386 0.0452339 0.0152932 0.00531659 0.00517301 0.00904046 0.0150686 0.0221863 0.0289539 0.03397 0.0366959 0.0377888 0.0385774 0.0400826 0.0423566 0.0445513 0.0455031
 1.07293e-16 6.53152e-05 0.000634887 0.00421905 0.0191792 0.0596736 0.127141 0.185569 0.185581 0.1272 0.0598706 0.0197486 0.00565057 0.0037674 0.00603716 0.00993845 0.0144593 0.0185104 0.0210424 0.021614 0.0206594 0.0191686 0.0180317 0.0175593 0.0174679 0.0172106
 1.04725e-16 5.66598e-05 0.000550753 0.00365995 0.0166376 0.0517659 0.110294 0.160982 0.161006 0.11041 0.0521581 0.0177705 0.00650402 0.00676108 0.0118564 0.0195259 0.0281583 0.0354912 0.0392625 0.0384452 0.0338606 0.0276119 0.0218054 0.0175543 0.0148409 0.0130313
 1.03512e-16 6.37197e-05 0.000619378 0.00411599 0.0187107 0.058216 0.124036 0.181037 0.181052 0.12411 0.0584636 0.0194268 0.0059161 0.0045578 0.00756921 0.0124798 0.0181285 0.0231259 0.0260914 0.0263774 0.0244203 0.0213776 0.0183612 0.0158873 0.0138707 0.011986
 1.06141e-16 4.25408e-05 0.000413512 0.00274793 0.0124917 0.0388666 0.0828107 0.120872 0.120908 0.0829873 0.0394598 0.0142058 0.00705242 0.00981693 0.0179212 0.0296128 0.0427794 0.0540635 0.0600669 0.0592259 0.052722 0.0436233 0.0349794 0.0283674 0.0237389 0.0202235
 1.12563e-16 3.94089e-05 0.000383068 0.00254562 0.0115721 0.0360051 0.0767136 0.111971 0.111998 0.0768424 0.0364382 0.0128264 0.00570658 0.00732465 0.0133439 0.0223151 0.0328856 0.0429162 0.0502157 0.0537349 0.0540603 0.0527258 0.0509572 0.0489269 0.0460026 0.0415498
 1.16254e-16 4.61336e-05 0.000448435 0.00298001 0.0135467 0.0421489 0.0898035 0.131075 0.131096 0.0899037 0.0424858 0.014522 0.00543693 0.0058411 0.0103749 0.0173117 0.0254918 0.0332619 0.0389869 0.0419889 0.0429196 0.043163 0.0437484 0.0446633 0.0450135 0.0437419
 1.10601e-16 5.85493e-05 0.000569121 0.00378201 0.0171925 0.0534922 0.113971 0.166348 0.166364 0.114048 0.0537507 0.0179401 0.00566245 0.0046872 0.00791875 0.0131041 0.0191263 0.0246084 0.0282058 0.0293553 0.0286115 0.0272174 0.0262507 0.0260175 0.026067 0.0256513
 1.03983e-16 6.74696e-05 0.000655829 0.00435821 0.0198118 0.061642 0.131335 0.19169 0.191703 0.131396 0.0618461 0.0204018 0.00584035 0.00389512 0.00623076 0.0102243 0.0147953 0.0187654 0.020987 0.0209474 0.0190712 0.0164135 0.0139956 0.0123012 0.0112307 0.0103949
 1.04345e-16 4.88643e-05 0.000474979 0.0031564 0.0143486 0.0446439 0.0951197 0.138837 0.138869 0.0952768 0.0451714 0.0158723 0.00698165 0.00882712 0.0159158 0.0262475 0.0378361 0.0476454 0.052611 0.0513215 0.0448502 0.0360059 0.02763 0.0212686 0.0169886 0.0140524
 1.06404e-16 5.37517e-05 0.000522485 0.0034721 0.0157837 0.049109 0.104633 0.152719 0.152739 0.104731 0.0494395 0.0167402 0.00587979 0.00580048 0.0101422 0.0168506 0.0246623 0.0318362 0.0366102 0.0381388 0.0369164 0.034277 0.0314148 0.028745 0.0260023 0.0227825
 1.03154e-16 7.0403e-05 0.000684342 0.00454769 0.0206732 0.0643219 0.137045 0.200023 0.200032 0.13709 0.0644733 0.0211109 0.00564803 0.00309158 0.00465763 0.00762969 0.0110822 0.0141472 0.0159927 0.0162463 0.0152037 0.0135962 0.0121044 0.0110083 0.0101826 0.00933728
 1.0268e-16 5.84816e-05 0.000568462 0.00377763 0.0171726 0.0534304 0.11384 0.166158 0.166182 0.113957 0.053823 0.0183065 0.00662329 0.00677884 0.0118481 0.0194821 0.0280299 0.0351893 0.0386565 0.0373756 0.0321704 0.0251898 0.0186281 0.0137101 0.0105261 0.00851792
 1.00941e-16 7.61275e-05 0.000739987 0.00491747 0.0223541 0.069552 0.148188 0.216286 0.216291 0.148214 0.0696377 0.0226019 0.00554019 0.00210213 0.00267108 0.00431614 0.00625847 0.00797033 0.00896623 0.00901756 0.00827318 0.00713543 0.00599633 0.00504688 0.00427273 0.00357534
 1.02388e-16 3.5075e-05 0.000340942 0.00226568 0.0102995 0.0320458 0.0682789 0.0996658 0.0997169 0.0685286 0.0328841 0.0127199 0.00833764 0.0135845 0.0251531 0.0414387 0.0594822 0.0743628 0.0810888 0.0773615 0.0649681 0.0486213 0.033214 0.0216005 0.0141715 0.00983425
 1.01652e-16 7.57497e-05 0.000736314 0.00489307 0.0222432 0.0692068 0.147453 0.215212 0.215215 0.147469 0.0692624 0.0224044 0.00530057 0.00163521 0.00181013 0.0029434 0.0043971 0.00587064 0.00710095 0.0079478 0.00843655 0.00866981 0.00869187 0.00843784 0.00780717 0.00678022
 1.01924e-16 5.61192e-05 0.000545499 0.00362503 0.0164789 0.0512721 0.109242 0.159447 0.159475 0.109379 0.0517348 0.0178149 0.00697645 0.00785445 0.0139161 0.0228625 0.0328023 0.0409879 0.0446661 0.0425835 0.0357539 0.0268109 0.0184771 0.0123219 0.00851886 0.00639693
 1.04958e-16 4.86788e-05 0.000473175 0.00314442 0.0142941 0.0444743 0.0947582 0.138308 0.138335 0.0948905 0.0449187 0.0155792 0.00637606 0.00754703 0.0135391 0.0224508 0.032672 0.0417794 0.0473022 0.0480474 0.0447234 0.0393003 0.0336746 0.0287368 0.0243974 0.0202288
 1.06902e-16 5.63207e-05 0.000547457 0.00363805 0.016538 0.0514561 0.109633 0.160017 0.160035 0.109722 0.0517548 0.0174021 0.00581231 0.00531145 0.00915593 0.0151844 0.0221916 0.028592 0.0328013 0.0340909 0.0329724 0.0307286 0.0284912 0.0266225 0.0247858 0.0224595
 1.05221e-16 6.20778e-05 0.000603418 0.00400993 0.0182286 0.0567159 0.12084 0.176373 0.176389 0.12092 0.0569838 0.0190029 0.00595575 0.00485825 0.00816392 0.0134547 0.019511 0.0248267 0.0279141 0.0281047 0.0259351 0.0227403 0.0197905 0.0176528 0.0161582 0.014806
 1.08794e-16 3.37413e-05 0.000327978 0.00217953 0.00990786 0.0308272 0.0656823 0.0958743 0.0959173 0.0658927 0.0315339 0.0119497 0.00730792 0.0115337 0.0213464 0.0353182 0.051068 0.064633 0.0719901 0.0712907 0.0639353 0.0535467 0.0437046 0.0362273 0.031005 0.0269666
 1.05201e-16 6.83215e-05 0.00066411 0.00441324 0.020062 0.0624202 0.132993 0.194109 0.194116 0.133027 0.0625334 0.0203902 0.00524244 0.00249184 0.00359125 0.00596463 0.00890405 0.0118668 0.0143366 0.0160646 0.0171619 0.0179043 0.0184242 0.0185706 0.0180413 0.0166395
 1.04429e-16 5.62038e-05 0.000546321 0.0036305 0.0165037 0.0513494 0.109406 0.159687 0.159712 0.10953 0.051766 0.017707 0.00665019 0.00713616 0.0125655 0.0206701 0.0297412 0.0373486 0.0410681 0.0398138 0.0345046 0.0274598 0.021015 0.0164227 0.0136729 0.0120363
 1.0785e-16 4.02106e-05 0.000390862 0.00259741 0.0118075 0.0367377 0.0782747 0.114251 0.114285 0.0784402 0.0372935 0.0134147 0.00663807 0.00923298 0.0168955 0.0280309 0.0407552 0.0520421 0.0588044 0.0595801 0.0553216 0.0485855 0.0418276 0.036189 0.0314963 0.0270676
 1.06706e-16 6.28622e-05 0.000611043 0.0040606 0.0184589 0.0574325 0.122367 0.1786 0.178611 0.122422 0.0576181 0.0189963 0.0054152 0.00358682 0.00576954 0.00958407 0.0141431 0.0185117 0.0217744 0.0235115 0.0239978 0.0238924 0.0236854 0.023374 0.0225816 0.0209328
 1.05047e-16 5.95922e-05 0.000579257 0.00384937 0.0174987 0.054445 0.116002 0.169312 0.169332 0.116101 0.0547793 0.0184644 0.00627404 0.00587453 0.0101232 0.0166608 0.0240439 0.0303493 0.0336684 0.0331498 0.0295131 0.0245531 0.0200382 0.0168561 0.0149067 0.0135662
 1.09007e-16 3.31805e-05 0.000322527 0.00214331 0.00974318 0.0303149 0.0645906 0.0942806 0.0943224 0.0647948 0.031001 0.0117262 0.00712616 0.011217 0.0207735 0.0344204 0.0498857 0.0633732 0.0710157 0.0710122 0.0646441 0.0552769 0.0462026 0.0390429 0.0336534 0.0290836
 1.16475e-16 3.95943e-05 0.000384871 0.0025576 0.0116265 0.0361745 0.0770743 0.112496 0.112517 0.0771748 0.0365129 0.0126081 0.00503742 0.0058513 0.0105775 0.0178345 0.0266528 0.0355528 0.0430197 0.0483347 0.0518533 0.054409 0.0563771 0.0572483 0.0560326 0.0520525
 1.06448e-16 7.00169e-05 0.000680589 0.00452275 0.0205598 0.0639692 0.136293 0.198926 0.198933 0.136328 0.0640844 0.0208934 0.00536253 0.0025221 0.00359241 0.00589585 0.00865122 0.0112413 0.0131035 0.0140231 0.0142632 0.0143536 0.0146983 0.0153114 0.0158516 0.0158706
pSPR Fmed_Fpbrs
0.702327   0.6 0.325
Fs Fmed_Fpbrs
0.183749   0.272857 0.663029
SSBpbr Bo_Bmed_Bpbrs
2.18188e+06  1.4233e+06  1.20003e+06 600017
Ro
208982
SPR SPRFo_SPRFmed_SPRFpbrs
1.49163e+06 1.04761e+06 484781
Fref
0.272857
Nvult_r0
 254723 22331.9 9710.99 10383.1 3952.31
CTP_r0
 29523.3 2990.99 1311.36 1402.73 533.961
YTP_r0
391300
Np
 291461 85276.9 34074.7 2878.42 1598.52
Nvult_p0
 206184 61331.7 24531.3 2072.37 1150.88
CTP_p0
 38418.6 18562.1 1585.45 688.252 967.363
 38418.6 13044.1 5256.49 444.236 246.71
YTP_p0
 668235 635133
CBA_c0
658305
log_Ro
12.07
likeval ReclasPelacesDesembMPH_pf_preclas_ppelaces_ptallas_desvR_qrecl_qpela
 19.4909 18.3429 0.110801 60.0155 246.393 122.764 99.2062 0 21.5599 5.0168e-06 5.69926e-07 0.535845 1.19991e-16 0 0
q_reclas_q_pelaces
0.728045 0.898162
M
1
N
 224754 50423.8 192073 10513.4 0.338762
 129741 75797.3 16741.7 63709.5 3487.18
 129734 40797.6 23172.4 5109.16 20504.9
 253944 41001.6 12546.9 7114.28 7863.15
 206833 75306.9 11697.2 3570.8 4261.95
 345277 70992.8 25528.3 3962.15 2653.04
 146901 111068 22292.9 8004.2 2073.97
 71920.7 40923.4 29433.9 5889.33 2662
 65807.5 25370.5 14327.6 10300.2 2992.39
 87428.9 20597.3 7713.68 4348.25 4033.74
 165652 26252.1 5963.18 2228.1 2420.85
 98370.6 57914.6 9094.6 2064.66 1609.58
 78635.9 26526.3 14769.7 2311.25 933.575
 162504 19291.2 6050.76 3353.69 736.608
 108059 39386.8 4338.08 1354.28 915.255
 497425 30227.1 10488.5 1151.66 602.405
 109312 140053 8111.51 2806.17 469.215
 875762 33560.5 41624.1 2405.85 971.364
 611210 271749 10100.3 12503.1 1014.35
 371745 180883 77339.5 2867.49 3837.14
 400903 112799 53018.9 22620.1 1960.72
 531468 124008 33821.2 15866 7355.09
 133392 148976 33104 9001.01 6178.93
 480722 41394.2 44838.6 9944.55 4559.63
 397599 156375 13170.9 14247.1 4608.23
 179096 130067 50087.8 4213.14 6031.07
 389636 60128.2 42956.4 16525.1 3379.61
 433083 128281 19405.4 13846.2 6415.48
 133011 144753 42144.1 6368.38 6649
 100535 44687.1 47845.8 13915.8 4298.05
 376074 32609.4 14170.5 15150.7 5767.09
pred_Ctot
 11915.2 3133.17 12043.8 659.557 0.0212527
 12063.6 8219.43 1831.48 6972.84 381.672
 11699.1 4292.16 2459.45 542.523 2177.4
 31676.4 5940.46 1833.42 1040.04 1149.55
 8807.4 3763.36 589.943 180.178 215.059
 27712.7 6655.94 2414.77 374.964 251.08
 23056.4 20162.5 4080.51 1465.73 379.796
 1875.27 1254.77 910.923 182.353 82.4263
 6288.63 2826.55 1610.3 1158.19 336.484
 10326.7 2828.2 1068.29 602.477 558.913
 5220.02 972.16 222.882 83.3192 90.529
 17026.6 11569.2 1831.6 415.991 324.307
 17111.8 6621.57 3715.56 581.674 234.958
 36248 4932.42 1559.05 864.469 189.877
 16736.7 7057.7 783.807 244.799 165.445
 75404.1 5303.45 1855.62 203.839 106.626
 11602 17306.9 1011.11 349.953 58.5165
 87856.8 3922.85 4908.05 283.814 114.593
 76902.4 39708.1 1488.49 1843.43 149.556
 41819.7 23672.3 10209.2 378.697 506.765
 40913.5 13409.7 6358.14 2713.9 235.248
 81757.8 22073.3 6070.31 2848.92 1320.72
 13377.4 17407.8 3902.1 1061.47 728.69
 35534 3577.01 3909.43 867.464 397.747
 28106.4 12928 1098.68 1189.01 384.598
 9967.25 8481.52 3295.94 277.371 397.064
 26110.2 4714.48 3398.5 1308.01 267.512
 25231.4 8753.99 1336.29 953.929 442.004
 7348.28 9370.52 2753.06 416.214 434.565
 7595.92 3946.26 4263.07 1240.49 383.147
 29523.3 2990.99 1311.36 1402.73 533.961
F
 0.0869454 0.102562 0.103541 0.103593 0.103596
 0.156915 0.1851 0.186866 0.18696 0.186965
 0.151871 0.17915 0.180859 0.18095 0.180955
 0.215543 0.254258 0.256685 0.256814 0.25682
 0.0693319 0.081785 0.0825655 0.082607 0.0826092
 0.134204 0.158309 0.15982 0.1599 0.159905
 0.278054 0.327997 0.331127 0.331294 0.331302
 0.0419759 0.0495154 0.049988 0.0500131 0.0500144
 0.161572 0.190593 0.192412 0.192509 0.192514
 0.203081 0.239558 0.241844 0.241965 0.241972
 0.0509185 0.0600643 0.0606376 0.0606681 0.0606697
 0.310604 0.366394 0.369891 0.370076 0.370086
 0.405177 0.477954 0.482515 0.482757 0.48277
 0.417272 0.49222 0.496918 0.497168 0.497181
 0.273942 0.323147 0.326231 0.326395 0.326403
 0.267421 0.315454 0.318465 0.318625 0.318633
 0.180858 0.213343 0.21538 0.215488 0.215493
 0.170214 0.200787 0.202703 0.202805 0.202811
 0.217592 0.256675 0.259125 0.259255 0.259262
 0.192605 0.2272 0.229368 0.229483 0.229489
 0.173375 0.204517 0.206468 0.206572 0.206578
 0.27186 0.320691 0.323751 0.323914 0.323923
 0.170152 0.200714 0.202629 0.202731 0.202736
 0.123035 0.145134 0.146519 0.146592 0.146596
 0.117391 0.138476 0.139798 0.139868 0.139872
 0.0914423 0.107867 0.108896 0.108951 0.108954
 0.110992 0.130927 0.132177 0.132243 0.132247
 0.0959007 0.113126 0.114206 0.114263 0.114266
 0.0907469 0.107047 0.108068 0.108122 0.108125
 0.125906 0.148521 0.149939 0.150014 0.150018
 0.131098 0.154646 0.156121 0.1562 0.156204
YTP_r0W_actual
 245043 42173 36193.6 47973.3 19916.7
YTP_p0W_proyectada
 287755 290869 36671.4 20214 32725.9
 287755 204402 121583 13047.2 8346.19
CTP_r0_actual
 29523.3 2990.99 1311.36 1402.73 533.961
CTP_p0_proyectada
 38418.6 18562.1 1585.45 688.252 967.363
 38418.6 13044.1 5256.49 444.236 246.71
Wmedp
 7.49 15.67 23.13 29.37 33.83
Frms_r0
 0.131098 0.154646 0.156121 0.1562 0.156204
Zrms_r0
 1.1311 1.15465 1.15612 1.1562 1.1562
nmprior
 8.19 8.8 8.5 0
nm_flota  nm_reclas  nm_pelaces    nm_pelaL
inf 11.1814 19.3699 47.1267
cv_recla  cv_pelaces  cv_mph
0.399338 0.48563 0.71723
 ------------------------------------------------
Talla a la edad & desviaci?n 
 8 13.2811 15.8009 17.003 17.5766
 0.8 1.32811 1.58009 1.7003 1.75766
