years
 1991 1992 1993 1994 1995 1996 1997 1998 1999 2000 2001 2002 2003 2004 2005 2006 2007 2008 2009 2010 2011 2012 2013 2014 2015 2016 2017 2018 2019 2020 2021
reclasobs
 0 0 0 0 0 0 0 0 0 252601 567819 844713 477998 351125 339783 2.1784e+06 2.13404e+06 4.81314e+06 1.55562e+06 2.62356e+06 3.21686e+06 3.843e+06 1.13348e+06 3.07943e+06 1.97215e+06 2.03268e+06 2.025e+06 2.42433e+06 2.27542e+06 1.05018e+06 2.36338e+06
reclaspred
 6.99239e+06 1.58765e+06 1.32111e+06 1.03735e+06 55917.2 3.04059e+06 1.41708e+06 333134 955312 209264 956875 1.32575e+06 270266 1.22426e+06 315766 1.87988e+06 933274 3.7582e+06 3.45095e+06 2.55684e+06 2.63527e+06 2.70197e+06 1.25321e+06 3.39595e+06 2.55698e+06 1.30978e+06 2.01793e+06 3.70259e+06 3.10852e+06 615507 1.29258e+06
pelacesobs
 0 0 0 0 0 0 0 0 0 0 0 0 0 0 0 552880 188675 0 991730 2.46772e+06 1.41603e+06 1.21717e+06 2.29649e+06 1.80582e+06 0 1.4828e+06 1.56532e+06 1.57751e+06 1.42118e+06 867257 1.10002e+06
pelacespred
 7.61499e+06 1.49492e+06 660204 487059 16152.1 1.75307e+06 855846 293305 517241 82271.2 549479 727898 100440 720322 142227 835583 495538 2.12274e+06 2.05784e+06 1.38495e+06 1.3716e+06 1.29383e+06 724169 2.18887e+06 1.78573e+06 928396 1.37187e+06 2.63699e+06 2.45816e+06 475445 695187
mphobs
 0 0 0 0 0 0 0 0 0 0 0 498337 0 5186 125008 0 168611 109162 213762 579715 649985 157893 87575 83554 0 0 0 0 0 0 0
mphpred
 1.49422e+06 536954 63485.9 224837 41072.4 998.141 441517 86223.3 19365.2 96290.4 6242.29 170141 106925 9073.44 87298.7 17889 248564 57101.7 466158 326361 337105 196914 324904 88167.2 444611 294593 90931.8 229297 633310 232747 22469.2
desembarqueobs
 494567 514787 250237 358949 120608 361735 552515 73892 212993 205616 52469 317467 293654 387597 252695 516296 358380 742168 942051 627588 828172 859565 418607 520667 417249 300574 415391 372974 316634 284311 391294
desembarquepred
 494447 513870 251027 357536 120302 361397 551627 73843.9 212718 205295 52442.4 316881 292956 386691 252031 515375 357841 740820 939531 625763 826964 857579 417804 520035 416532 300019 414655 372492 316145 283343 390752
Reclutas
 1204.91 711.02 250670 3261.84 985.061 295620 988.572 281.688 60058.8 1279.04 94694.3 92769.5 12760 126743 19688.6 278415 3236.65 421383 271336 210574 133736 408388 2920.71 208475 121922 10050.2 143012 209111 8668.59 2587.89 116920
log_desv_Rt
 -3.0764 -3.60386 2.26133 -2.08052 -3.27786 2.42627 -3.2743 -4.52976 0.832518 -3.0167 1.28785 1.26731 -0.716494 1.57936 -0.282766 2.36631 -2.08827 2.78074 2.34055 2.08703 1.63306 2.74941 -2.19098 2.07701 1.54058 -0.95521 1.70012 2.08006 -1.1031 -2.31196 1.49868
SSB
 1.64948e+06 592748 70082.6 248199 45340.1 1101.86 487394 95182.6 21377.4 106296 6890.91 187820 118035 10016.2 96369.6 19747.8 274391 63034.9 514596 360272 372132 217375 358664 97328.4 490809 325204 100380 253123 699116 256931 24804
BT
 2.04132e+06 860086 501809 367506 107276 1.30222e+06 717902 132484 464486 198044 340064 554398 279358 815099 316758 866616 416123 1.81984e+06 1.75806e+06 1.08898e+06 1.21023e+06 1.36511e+06 528801 1.63609e+06 994785 504763 1.13276e+06 1.62565e+06 904877 409704 753575
Ftot
 0.323245 1.31165 1.26768 1.2788 4.23746 0.885007 1.39797 0.941848 1.53349 2.70481 0.40955 1.19414 3.15832 2.16372 3.07077 1.89285 1.4001 1.37477 1.38854 1.29875 1.49742 1.87142 1.24784 1.04842 0.788364 0.952568 1.34051 0.641623 0.430139 1.71993 2.04338
BD_Bspro_t
 0.949595 0.587188 0.160607 0.39274 0.0816263 0.00334044 0.478368 0.138631 0.0524526 0.218856 0.0283765 0.514518 0.24909 0.0316436 0.187675 0.0508407 0.289026 0.0878316 0.356076 0.256465 0.221916 0.151194 0.237988 0.0901405 0.35342 0.318489 0.166025 0.354511 0.569848 0.324301 0.0633898
BD_Bspro
 8.84656 3.17905 0.37587 1.33115 0.24317 0.00590952 2.61401 0.510487 0.114652 0.57009 0.0369577 1.00733 0.633052 0.0537195 0.516854 0.105912 1.47163 0.338072 2.7599 1.93223 1.99584 1.16583 1.9236 0.521996 2.63233 1.74415 0.538364 1.35756 3.74953 1.37798 0.13303
BD_Bo
 1.25662 0.451572 0.0533909 0.189086 0.0345414 0.000839425 0.371311 0.0725128 0.0162859 0.0809792 0.0052497 0.143087 0.0899227 0.00763066 0.0734172 0.0150444 0.209039 0.0480218 0.392034 0.274466 0.283501 0.165602 0.27324 0.0741476 0.373912 0.24775 0.0764726 0.192837 0.532607 0.195737 0.0188964
BD_Brms
 2.28477 0.82104 0.0970744 0.343792 0.0628025 0.00152623 0.67511 0.131841 0.0296108 0.147235 0.00954491 0.260158 0.163496 0.0138739 0.133486 0.0273535 0.380071 0.0873124 0.712789 0.499029 0.515456 0.301095 0.4968 0.134814 0.679841 0.450454 0.139041 0.350612 0.968376 0.355886 0.0343571
Sel_flota
 0.39195 1 1 1 1
 0.39195 1 1 1 1
 0.39195 1 1 1 1
 0.39195 1 1 1 1
 0.39195 1 1 1 1
 0.39195 1 1 1 1
 0.39195 1 1 1 1
 0.39195 1 1 1 1
 0.39195 1 1 1 1
 0.39195 1 1 1 1
 0.39195 1 1 1 1
 0.39195 1 1 1 1
 0.39195 1 1 1 1
 0.39195 1 1 1 1
 0.39195 1 1 1 1
 0.39195 1 1 1 1
 0.39195 1 1 1 1
 0.39195 1 1 1 1
 0.39195 1 1 1 1
 0.39195 1 1 1 1
 0.39195 1 1 1 1
 0.39195 1 1 1 1
 0.39195 1 1 1 1
 0.39195 1 1 1 1
 0.39195 1 1 1 1
 0.39195 1 1 1 1
 0.39195 1 1 1 1
 0.39195 1 1 1 1
 0.39195 1 1 1 1
 0.39195 1 1 1 1
 0.39195 1 1 1 1
Sel_reclas
 0.624085 0.893106 0.97677 0.995297 0.999062
 0.624085 0.893106 0.97677 0.995297 0.999062
 0.624085 0.893106 0.97677 0.995297 0.999062
 0.624085 0.893106 0.97677 0.995297 0.999062
 0.624085 0.893106 0.97677 0.995297 0.999062
 0.624085 0.893106 0.97677 0.995297 0.999062
 0.624085 0.893106 0.97677 0.995297 0.999062
 0.624085 0.893106 0.97677 0.995297 0.999062
 0.624085 0.893106 0.97677 0.995297 0.999062
 0.624085 0.893106 0.97677 0.995297 0.999062
 0.624085 0.893106 0.97677 0.995297 0.999062
 0.624085 0.893106 0.97677 0.995297 0.999062
 0.624085 0.893106 0.97677 0.995297 0.999062
 0.624085 0.893106 0.97677 0.995297 0.999062
 0.624085 0.893106 0.97677 0.995297 0.999062
 0.624085 0.893106 0.97677 0.995297 0.999062
 0.624085 0.893106 0.97677 0.995297 0.999062
 0.624085 0.893106 0.97677 0.995297 0.999062
 0.624085 0.893106 0.97677 0.995297 0.999062
 0.624085 0.893106 0.97677 0.995297 0.999062
 0.624085 0.893106 0.97677 0.995297 0.999062
 0.624085 0.893106 0.97677 0.995297 0.999062
 0.624085 0.893106 0.97677 0.995297 0.999062
 0.624085 0.893106 0.97677 0.995297 0.999062
 0.624085 0.893106 0.97677 0.995297 0.999062
 0.624085 0.893106 0.97677 0.995297 0.999062
 0.624085 0.893106 0.97677 0.995297 0.999062
 0.624085 0.893106 0.97677 0.995297 0.999062
 0.624085 0.893106 0.97677 0.995297 0.999062
 0.624085 0.893106 0.97677 0.995297 0.999062
 0.624085 0.893106 0.97677 0.995297 0.999062
Sel_pelaces
 0.340582 0.722167 0.928984 0.985037 0.996991
 0.340582 0.722167 0.928984 0.985037 0.996991
 0.340582 0.722167 0.928984 0.985037 0.996991
 0.340582 0.722167 0.928984 0.985037 0.996991
 0.340582 0.722167 0.928984 0.985037 0.996991
 0.340582 0.722167 0.928984 0.985037 0.996991
 0.340582 0.722167 0.928984 0.985037 0.996991
 0.340582 0.722167 0.928984 0.985037 0.996991
 0.340582 0.722167 0.928984 0.985037 0.996991
 0.340582 0.722167 0.928984 0.985037 0.996991
 0.340582 0.722167 0.928984 0.985037 0.996991
 0.340582 0.722167 0.928984 0.985037 0.996991
 0.340582 0.722167 0.928984 0.985037 0.996991
 0.340582 0.722167 0.928984 0.985037 0.996991
 0.340582 0.722167 0.928984 0.985037 0.996991
 0.340582 0.722167 0.928984 0.985037 0.996991
 0.340582 0.722167 0.928984 0.985037 0.996991
 0.340582 0.722167 0.928984 0.985037 0.996991
 0.340582 0.722167 0.928984 0.985037 0.996991
 0.340582 0.722167 0.928984 0.985037 0.996991
 0.340582 0.722167 0.928984 0.985037 0.996991
 0.340582 0.722167 0.928984 0.985037 0.996991
 0.340582 0.722167 0.928984 0.985037 0.996991
 0.340582 0.722167 0.928984 0.985037 0.996991
 0.340582 0.722167 0.928984 0.985037 0.996991
 0.340582 0.722167 0.928984 0.985037 0.996991
 0.340582 0.722167 0.928984 0.985037 0.996991
 0.340582 0.722167 0.928984 0.985037 0.996991
 0.340582 0.722167 0.928984 0.985037 0.996991
 0.340582 0.722167 0.928984 0.985037 0.996991
 0.340582 0.722167 0.928984 0.985037 0.996991
pf_obs 
 0.8446 0.082 0.0669 0.0065 0
 0.8095 0.147 0.0364 0.0071 0
 0.9664 0.0169 0.016 0.0007 0
 0.9276 0.0648 0.0075 0.0001 0
 0.7033 0.2144 0.0806 0.0017 0
 0.9318 0.0425 0.0243 0.0014 0
 0.5671 0.3108 0.0964 0.0239 0.0018
 0.0768 0.2599 0.5324 0.112 0.0189
 0.490249 0.384438 0.106611 0.0170017 0.00170017
 0.7925 0.1577 0.0466 0.003 0.0002
 0.840416 0.127587 0.0312969 0.00059994 9.999e-05
 0.8084 0.0986 0.0794 0.0134 0.0002
 0.7335 0.1905 0.0724 0.0035 0.0001
 0.4001 0.4547 0.1325 0.0127 0
 0.49795 0.308269 0.164784 0.0264974 0.00249975
 0.9179 0.0499 0.0305 0.0017 0
 0.2467 0.6533 0.0926 0.0074 0
 0.9418 0.0223 0.034 0.0019 0
 0.707729 0.231977 0.0356964 0.0245975 0
 0.517169 0.277429 0.184464 0.0207286 0.00020938
 0.811772 0.124168 0.05621 0.00726502 0.000585176
 0.764997 0.148141 0.077277 0.00933861 0.000247198
 0.163321 0.427699 0.378323 0.0303852 0.000271297
 0.753843 0.0900009 0.118128 0.0371064 0.000921714
 0.721811 0.176058 0.0630433 0.0369309 0.00215725
 0.143369 0.312575 0.442814 0.0836902 0.0175525
 0.692698 0.0596174 0.167031 0.0765114 0.00414204
 0.394062 0.376323 0.152708 0.0712218 0.00568511
 0.125707 0.32114 0.495352 0.0537591 0.00404204
 0.23352 0.215282 0.420074 0.123614 0.00750983
 0.796117 0.104755 0.0508955 0.0450114 0.00322123
pf_pred 
 0.00525643 0.140734 0.733357 0.120652 5.79364e-07
 0.0138986 0.0147338 0.137427 0.716123 0.117818
 0.979133 0.00118849 0.000294021 0.00274243 0.0166417
 0.0289338 0.966169 0.000278936 6.90065e-05 0.00454945
 0.0985269 0.100787 0.796648 0.000229995 0.00380812
 0.99927 0.000486268 2.72836e-05 0.000215658 1.09314e-06
 0.00671522 0.993082 0.000135022 7.57586e-06 6.01854e-05
 0.0185815 0.02866 0.952564 0.000129513 6.49965e-05
 0.96694 0.00214454 0.000902815 0.0300066 6.12724e-06
 0.0620038 0.931256 0.000437211 0.000184059 0.00611876
 0.988818 0.00393487 0.00719499 3.37795e-06 4.86963e-05
 0.612477 0.386051 0.000518014 0.0009472 6.85542e-06
 0.254597 0.645193 0.0998299 0.000133955 0.000246712
 0.977176 0.0177817 0.00436457 0.000675325 2.57511e-06
 0.391646 0.606112 0.00174658 0.000428704 6.65858e-05
 0.984351 0.0135213 0.0021194 6.1073e-06 1.73188e-06
 0.033637 0.963609 0.00237995 0.000373046 1.37982e-06
 0.977307 0.00304568 0.0195909 4.83863e-05 7.61238e-06
 0.610413 0.387544 0.000274207 0.0017638 5.04163e-06
 0.621591 0.330767 0.0473923 3.35324e-05 0.000216309
 0.573321 0.373342 0.0466223 0.00668004 3.52157e-05
 0.879394 0.103963 0.0145625 0.00181854 0.000261934
 0.0198343 0.956348 0.0205311 0.00287588 0.000410862
 0.924001 0.00591206 0.0683836 0.00146808 0.000235018
 0.524189 0.465808 0.000778181 0.00900105 0.000224171
 0.104835 0.708319 0.182918 0.000305583 0.00362264
 0.898078 0.0306966 0.0563583 0.0145541 0.000312554
 0.748859 0.24474 0.00192786 0.00353951 0.00093368
 0.0539918 0.857399 0.0863506 0.000680199 0.00157826
 0.0719562 0.135245 0.71854 0.0723658 0.00189269
 0.975528 0.00697129 0.00255044 0.0135502 0.00140036
pobs_RECLAS
 0 0 0 0 0
 0 0 0 0 0
 0 0 0 0 0
 0 0 0 0 0
 0 0 0 0 0
 0 0 0 0 0
 0 0 0 0 0
 0 0 0 0 0
 0 0 0 0 0
 0 0 0 0 0
 0.991045 0.00858322 0.000360255 1.14367e-05 0
 0.934742 0.0480273 0.0164251 0.00080598 0
 0.827803 0.169806 0.00239088 0 0
 0.941827 0.0461693 0.0120037 0 0
 0.791401 0.0380133 0.147996 0.0225897 0
 0.846168 0.0940531 0.0597789 0 0
 0.134021 0.677848 0.182769 0.00536245 0
 0.80878 0.0450904 0.141981 0.00414843 0
 0.846168 0.0940531 0.0597789 0 0
 0.905697 0.0802665 0.012482 0.00150086 5.37128e-05
 0.989698 0.0102097 9.19794e-05 0 0
 0.975433 0.0193895 0.00387452 0.00125025 5.28907e-05
 0.303575 0.632131 0.0575291 0.00676475 0
 0.966965 0.00978017 0.0227588 0.000495775 0
 0.843318 0.132988 0.00938335 0.0141283 0.000182051
 0.564624 0.303363 0.111486 0.0197234 0.00080311
 0.826376 0.0876187 0.0782897 0.00655872 0.00115652
 0.89761 0.0855135 0.0140674 0.00269457 0.000114338
 0.34875 0.467042 0.161289 0.0227151 0.000203297
 0.318654 0.224769 0.449479 0.00709798 0
 0.937255 0.0296025 0.0250945 0.00804832 0
ppred_RECLAS
 0.00879329 0.129494 0.737994 0.123718 5.96334e-07
 0.0248756 0.0131221 0.13386 0.710764 0.117378
 0.98829 0.000600311 0.000162424 0.00154372 0.00940309
 0.0562392 0.938447 0.000296313 7.46958e-05 0.00494316
 0.261673 0.0761981 0.658714 0.00019378 0.00322063
 0.999603 0.000254542 1.56198e-05 0.000125805 6.40105e-07
 0.0135555 0.986223 0.000146651 8.38438e-06 6.68606e-05
 0.0322909 0.0259038 0.941609 0.000130452 6.57153e-05
 0.982061 0.00105171 0.000484228 0.0163994 3.36137e-06
 0.14279 0.850336 0.000436619 0.000187295 0.00624991
 0.993486 0.0021607 0.00432099 2.06712e-06 2.99122e-05
 0.757754 0.241228 0.000354009 0.00065959 4.79189e-06
 0.482288 0.442533 0.074887 0.000102391 0.000189293
 0.989671 0.0078791 0.00211511 0.000333476 1.27641e-06
 0.635774 0.362753 0.00114324 0.000285933 4.45788e-05
 0.992688 0.00623826 0.00106942 3.14011e-06 8.93829e-07
 0.0660781 0.931004 0.00251483 0.000401664 1.49129e-06
 0.987763 0.00151911 0.0106868 2.68953e-05 4.24731e-06
 0.760704 0.237902 0.000184096 0.00120663 3.46208e-06
 0.765099 0.20293 0.0317995 2.29265e-05 0.000148452
 0.732317 0.231435 0.0316087 0.00461479 2.44202e-05
 0.940032 0.0510145 0.00781522 0.000994462 0.000143779
 0.038684 0.935759 0.021971 0.00313594 0.000449712
 0.956076 0.0031438 0.0397701 0.000869988 0.0001398
 0.675275 0.317146 0.000579458 0.00682959 0.000170735
 0.181059 0.63551 0.179489 0.000305543 0.00363587
 0.943295 0.0159835 0.0320945 0.00844533 0.000182053
 0.847278 0.148418 0.00127863 0.00239207 0.000633385
 0.0939389 0.814005 0.0896601 0.000719664 0.00167615
 0.132354 0.116894 0.679219 0.0697032 0.00182995
 0.98805 0.00315232 0.00126131 0.00682828 0.000708347
pobs_PELACES
 0 0 0 0 0
 0 0 0 0 0
 0 0 0 0 0
 0 0 0 0 0
 0 0 0 0 0
 0 0 0 0 0
 0 0 0 0 0
 0 0 0 0 0
 0 0 0 0 0
 0 0 0 0 0
 0 0 0 0 0
 0 0 0 0 0
 0 0 0 0 0
 0 0 0 0 0
 0 0 0 0 0
 0 0 0 0 0
 0.505614 0.472636 0.0217494 0 0
 0 0 0 0 0
 0.443492 0.261883 0.143347 0.151278 0
 0.227955 0.32914 0.350689 0.0885471 0.00366901
 0.970185 0.0296113 0.000203453 0 0
 0.997202 0.00247181 0.000326279 0 0
 0.445219 0.490057 0.0546422 0.010081 0
 0.90214 0.0892962 0.00764917 0.000914606 0
 0 0 0 0 0
 0.581667 0.319106 0.0959925 0.00289975 0.000334073
 0.762889 0.0836404 0.116647 0.0363945 0.000428098
 0.88444 0.0763242 0.0277011 0.0115352 0
 0.521256 0.241999 0.230069 0.00667565 0
 0.616807 0.101726 0.260614 0.0208532 0
 0.833518 0.0704572 0.0857862 0.0102388 0
ppred_PELACES
 0.0054812 0.112088 0.751357 0.131072 6.37039e-07
 0.018094 0.0108697 0.13042 0.72062 0.119996
 0.983664 0.000686476 0.000218464 0.00216064 0.0132704
 0.0493531 0.944067 0.000350611 9.19718e-05 0.00613708
 0.325824 0.0600697 0.610786 0.000186976 0.0031334
 0.999469 0.000315745 2.27894e-05 0.000191003 9.79921e-07
 0.012128 0.987606 0.000172732 1.02765e-05 8.2631e-05
 0.0226958 0.022331 0.954766 0.000137645 6.99159e-05
 0.9765 0.00113908 0.000616862 0.0217396 4.493e-06
 0.161841 0.829907 0.000501212 0.000223733 0.00752795
 0.990095 0.00293884 0.00691268 3.44123e-06 5.02105e-05
 0.728289 0.270333 0.000466623 0.000904713 6.62738e-06
 0.536032 0.386688 0.0769664 0.000109507 0.000204133
 0.989656 0.00756262 0.00238787 0.000391765 1.51199e-06
 0.685529 0.312962 0.00116011 0.000301933 4.7465e-05
 0.9924 0.00632041 0.00127441 3.89396e-06 1.11763e-06
 0.0594477 0.937078 0.00297724 0.000494826 1.85246e-06
 0.984172 0.00170201 0.0140832 3.6882e-05 5.87287e-06
 0.738987 0.259163 0.000235885 0.00160885 4.65454e-06
 0.735853 0.222843 0.0410727 3.08145e-05 0.000201189
 0.708746 0.245747 0.0394771 0.00599757 3.20015e-05
 0.937471 0.0517826 0.00933064 0.0012355 0.000180115
 0.0335521 0.936198 0.0258544 0.00384005 0.000555267
 0.939636 0.0037095 0.0551949 0.00125643 0.000203578
 0.62058 0.368666 0.000792276 0.00971704 0.00024494
 0.148022 0.635877 0.211237 0.000374187 0.00448976
 0.928356 0.0178107 0.0420648 0.0115183 0.000250362
 0.808925 0.184591 0.00187047 0.00364137 0.000972205
 0.0697055 0.820961 0.106359 0.000888362 0.00208627
 0.111679 0.103491 0.707298 0.0755318 0.00199947
 0.986387 0.00309449 0.00145634 0.00820416 0.00085816
pobs_pel_tallas
 0 0 0 0 0 0 0 0 0 0 0 0 0 0 0 0 0 0 0 0 0 0 0 0 0 0
 0 0 0 0 0 0 0 0 0 0 0 0 0 0 0 0 0 0 0 0 0 0 0 0 0 0
 0 0 0 0 0 0 0 0 0 0 0 0 0 0 0 0 0 0 0 0 0 0 0 0 0 0
 0 0 0 0 0 0 0 0 0 0 0 0 0 0 0 0 0 0 0 0 0 0 0 0 0 0
 0 0 0 0 0 0 0 0 0 0 0 0 0 0 0 0 0 0 0 0 0 0 0 0 0 0
 0 0 0 0 0 0 0 0 0 0 0 0 0 0 0 0 0 0 0 0 0 0 0 0 0 0
 0 0 0 0 0 0 0 0 0 0 0 0 0 0 0 0 0 0 0 0 0 0 0 0 0 0
 0 0 0 0 0 0 0 0 0 0 0 0 0 0 0 0 0 0 0 0 0 0 0 0 0 0
 0 0 0 0 0 0 0 0 0 0 0 0 0 0 0 0 0 0 0 0 0 0 0 0 0 0
 0 0 0 0 0 0 0 0 0 0 0 0 0 0 0 0 0 0 0 0 0 0 0 0 0 0
 0 0 0 0 0 0 0 0 0 0 0 0 0 0 0 0 0 0 0 0 0 0 0 0 0 0
 0 0 0 0 0 0 0 0 0 0 0 0 0 0 0 0 0 0 0 0 0 0 0 0 0 0
 0.00862536 0 0 0.000197151 0.00414017 0.0128641 0.00837892 0.0270097 0.101434 0.158115 0.152841 0.127902 0.109271 0.109419 0.0830992 0.0579132 0.0238553 0.00714673 0.00463305 0.00128148 0.00103504 0.000492878 0.000147863 0.000147863 4.92878e-05 0
 0 0 0 0 0 0 0 0 0 0 0 0 0 0 0 0 0 0 0 0 0 0 0 0 0 0
 0 0 0 0 0 0 0 0.0054083 0.00873648 0.0413646 0.0450493 0.0745869 0.0622846 0.0627006 0.0613931 0.0827291 0.12552 0.122667 0.0946155 0.0697135 0.0546179 0.0294188 0.0215738 0.0213955 0.0102223 0.00600262
 0 0 0 0 0.00359764 0.0251062 0.0480494 0.140153 0.205849 0.193036 0.1447 0.116669 0.0760912 0.0342217 0.00950174 0.001854 0.000860785 0 0 0 0.000165536 0 0.000143464 0 0 0
 0 0 0 0 0 0 0 0.000145254 0.000435761 0.0275982 0.070085 0.0708112 0.156366 0.174668 0.174014 0.160142 0.0824315 0.0480064 0.0283245 0.00493863 0.00203355 0 0 0 0 0
 0 0 0 0 0 0 0 0 0 0 0 0 0 0 0 0 0 0 0 0 0 0 0 0 0 0
 0 0 1.00437e-05 0.000401748 0.00122533 0.00171747 0.00176769 0.0269171 0.070346 0.194647 0.189555 0.159765 0.064822 0.0314167 0.0384472 0.0292271 0.0345202 0.0313363 0.0194345 0.0106764 0.0143323 0.0359363 0.0279516 0.0138201 0.00172751 0
 0 0.0021121 0.0136068 0.0755702 0.200478 0.177729 0.0527432 0.0373336 0.0318909 0.0142505 0.0149659 0.0166563 0.0217959 0.0798694 0.0677717 0.0528807 0.04013 0.0224614 0.0357745 0.0225083 0.00881397 0.00855152 0.00135912 0.000746735 0 0
 0 0 0 0 5.4009e-05 0.00500934 0.000945158 0.0243581 0.138947 0.33067 0.221406 0.137944 0.0707744 0.0437923 0.0131692 0.00525238 0.0047753 0.00276346 9.45158e-05 9.00151e-06 2.25038e-05 9.00151e-06 4.50075e-06 0 0 0
 0.000866109 0.00284123 0.00948549 0.0512746 0.133035 0.25785 0.225252 0.132002 0.0553304 0.0519788 0.0540692 0.017754 0.00435017 0.00159236 0.00146478 0.000404838 0.000125132 0.000115318 0.000107957 0.000100596 0 0 0 0 0 0
 0 0 0 0 0.00144013 0.00171154 0.00461396 0.0210425 0.0478622 0.0707936 0.0888783 0.103762 0.0637923 0.0337046 0.0602308 0.124433 0.169614 0.0934646 0.0462172 0.0250306 0.0313229 0.00938855 0.002487 0.000210481 0 0
 0 0.00764035 0.051015 0.0998891 0.058973 0.0496711 0.0374665 0.0718981 0.12319 0.153886 0.159021 0.0857701 0.0377988 0.023471 0.0147837 0.00900784 0.00315554 0.000888139 0.00291439 0.00214683 0.00393193 0.00274676 0.000635225 9.99891e-05 0 0
 0 0 0 0 0 0 0 0 0 0 0 0 0 0 0 0 0 0 0 0 0 0 0 0 0 0
 0 0 0 0 0 0 0 0 0 0 0 0 0 0 0 0 0 0 0 0 0 0 0 0 0 0
 0 0 0 0 0 0 0 0 0 0 0 0 0 0 0 0 0 0 0 0 0 0 0 0 0 0
 0 0 0 0 0 0 0 0 0 0 0 0 0 0 0 0 0 0 0 0 0 0 0 0 0 0
 0 0 0 0 0 0 0 0 0 0 0 0 0 0 0 0 0 0 0 0 0 0 0 0 0 0
 0 0 0 0 0 0 0 0 0 0 0 0 0 0 0 0 0 0 0 0 0 0 0 0 0 0
 0 0 0 0 0 0 0 0 0 0 0 0 0 0 0 0 0 0 0 0 0 0 0 0 0 0
ppred_pel_tallas
 1.34856e-16 4.51506e-07 4.38881e-06 2.91657e-05 0.00013259 0.000412601 0.000879528 0.00128619 0.00129817 0.000938638 0.0006145 0.000730869 0.00158804 0.0035966 0.00737763 0.0136456 0.0230402 0.0360435 0.0529348 0.0735555 0.096742 0.11975 0.138367 0.148131 0.146197 0.132705
 1.96342e-16 1.49038e-06 1.4487e-05 9.62715e-05 0.000437637 0.00136166 0.00290121 0.00423472 0.00423625 0.00290892 0.00138907 0.00052385 0.000340329 0.00064312 0.00149189 0.00328809 0.00680346 0.0132487 0.0242545 0.0415803 0.0664372 0.0985384 0.135282 0.171626 0.201031 0.217329
 1.02469e-16 8.10231e-05 0.000787573 0.0052337 0.0237917 0.0740247 0.157717 0.230193 0.230193 0.157718 0.0740258 0.0237951 0.00524254 0.000807738 0.000122159 8.19916e-05 0.000132131 0.000218679 0.000356801 0.000578011 0.000920739 0.00141473 0.00205906 0.00280373 0.00354681 0.00415405
 1.013e-16 4.06535e-06 3.95167e-05 0.000262607 0.00119383 0.00371493 0.0079184 0.0115762 0.0116669 0.00836185 0.00520327 0.00548987 0.0110357 0.0235221 0.0444986 0.0732884 0.10494 0.130634 0.14139 0.133085 0.108999 0.0777885 0.0485565 0.0267886 0.0134444 0.00659756
 1.18191e-16 2.68377e-05 0.000260872 0.00173358 0.00788063 0.0245196 0.0522418 0.0762499 0.0762566 0.0522751 0.024634 0.00822277 0.0026368 0.00237908 0.00447745 0.00847066 0.0147746 0.0239131 0.0362145 0.051468 0.0684537 0.0846548 0.0966189 0.101116 0.0965787 0.0839424
 1.00021e-16 8.2325e-05 0.000800228 0.0053178 0.0241739 0.0752141 0.160252 0.233892 0.233892 0.160252 0.0752146 0.0241754 0.00532143 0.000808159 9.74179e-05 3.08287e-05 3.6596e-05 4.62727e-05 5.22622e-05 5.33379e-05 5.08456e-05 4.75769e-05 4.5939e-05 4.65844e-05 4.83416e-05 4.9207e-05
 1.00273e-16 9.99176e-07 9.71244e-06 6.45472e-05 0.00029348 0.000913636 0.00195011 0.00286615 0.00296111 0.002414 0.00247059 0.00478752 0.011334 0.024574 0.0465439 0.0766585 0.109757 0.136607 0.147805 0.139022 0.113675 0.0808081 0.049946 0.0268486 0.0125617 0.00512657
 1.27584e-16 1.86943e-06 1.81715e-05 0.000120756 0.000548943 0.00170798 0.00363916 0.0053122 0.00531582 0.00365754 0.00177392 0.000758023 0.000715707 0.00154837 0.0035837 0.00767663 0.0151256 0.0274449 0.0458237 0.0702346 0.0985109 0.126054 0.146778 0.155231 0.148922 0.129496
 1.022e-16 8.0433e-05 0.000781838 0.00519559 0.0236184 0.0734855 0.156569 0.228517 0.228517 0.156569 0.0734875 0.0236242 0.00521083 0.000816977 0.000153067 0.000142463 0.000240227 0.000401247 0.000651194 0.00103088 0.00157844 0.00230268 0.00315499 0.00401853 0.00472896 0.0051247
 1.01523e-16 1.33308e-05 0.00012958 0.000861107 0.00391452 0.0121799 0.0259536 0.0378968 0.0379766 0.0263434 0.0134883 0.00769112 0.0103317 0.0207732 0.0391291 0.064431 0.0922607 0.114859 0.124336 0.117072 0.0959566 0.0686009 0.043006 0.0239859 0.0123685 0.00644094
 1.0021e-16 8.15528e-05 0.000792722 0.00526792 0.0239472 0.0745086 0.158748 0.231698 0.231698 0.15875 0.0745135 0.0239613 0.00530392 0.000872885 0.00023839 0.000276942 0.000418588 0.000583226 0.000748173 0.000900932 0.00103554 0.00114423 0.00120972 0.00120857 0.00112533 0.000965979
 1.00175e-16 5.99883e-05 0.000583107 0.00387495 0.017615 0.0548069 0.116773 0.170439 0.170465 0.1169 0.0552331 0.0188452 0.00695993 0.00730767 0.0128018 0.020992 0.0300534 0.037413 0.0404952 0.0381172 0.0312146 0.0222608 0.013858 0.00757546 0.00369162 0.00166456
 1.02366e-16 4.41524e-05 0.000429177 0.00285203 0.0129649 0.040339 0.0859478 0.125451 0.125488 0.0861301 0.040951 0.0147332 0.0072919 0.0101257 0.0184715 0.030497 0.0439938 0.0554512 0.0612976 0.0598448 0.0522503 0.0416685 0.031321 0.0230126 0.0169483 0.012495
 1.00111e-16 8.15167e-05 0.000792371 0.00526558 0.0239366 0.0744756 0.158678 0.231596 0.231596 0.158682 0.0744876 0.0239713 0.00535277 0.000983021 0.000444555 0.000608402 0.000874242 0.00111107 0.00124618 0.00124718 0.00113526 0.000967695 0.000800675 0.000662193 0.000551014 0.000453471
 1.00152e-16 5.64661e-05 0.000548871 0.00364744 0.0165808 0.0515891 0.109917 0.160433 0.160464 0.110064 0.0520825 0.018005 0.00721905 0.00833426 0.0148086 0.0243037 0.0347972 0.0433209 0.0468936 0.0441443 0.0361537 0.0257821 0.0160399 0.00874421 0.00422103 0.00184925
 1.0004e-16 8.17427e-05 0.000794568 0.00528018 0.0240029 0.0746821 0.159118 0.232238 0.232238 0.159121 0.0746921 0.0240319 0.00535276 0.000953074 0.000382981 0.000504272 0.000719572 0.000906783 0.00100265 0.000979331 0.000855698 0.000683223 0.000514451 0.000378777 0.000279509 0.000206334
 1.00376e-16 4.89682e-06 4.75989e-05 0.000316316 0.00143798 0.00447458 0.00953689 0.0139383 0.0140284 0.00997708 0.00595197 0.00570243 0.0110103 0.0233581 0.0441744 0.0727552 0.104181 0.129695 0.140377 0.132123 0.108169 0.0770809 0.047877 0.0260036 0.0124423 0.00533681
 1.00412e-16 8.10649e-05 0.00078798 0.0052364 0.0238039 0.0740629 0.157799 0.230312 0.230312 0.1578 0.074066 0.0238133 0.00526085 0.000844702 0.000198615 0.000225549 0.000376108 0.000595089 0.000882132 0.00123066 0.00161351 0.00197545 0.00223984 0.00233408 0.00222257 0.00192657
 1.00236e-16 6.08694e-05 0.000591673 0.00393187 0.0178737 0.055612 0.118488 0.172942 0.172967 0.11861 0.0560206 0.0190531 0.00688938 0.00703838 0.0122762 0.0201251 0.0288124 0.0358695 0.0388281 0.0365556 0.0299508 0.021386 0.0133554 0.0073605 0.00366329 0.00173838
 1.0128e-16 6.06113e-05 0.000589163 0.0039152 0.0177979 0.0553761 0.117985 0.172208 0.172229 0.11809 0.0557287 0.0188166 0.00647266 0.00617376 0.0106713 0.0175571 0.0253098 0.0318723 0.0351795 0.0342583 0.0297836 0.0235899 0.0175555 0.0127396 0.00926858 0.00677147
 1.01809e-16 5.83786e-05 0.00056746 0.00377097 0.0171423 0.0533362 0.113639 0.165865 0.165889 0.113755 0.053725 0.0182652 0.00658978 0.00672178 0.0117489 0.0193368 0.0278624 0.035061 0.038658 0.0375921 0.0326306 0.0258257 0.0192722 0.0141396 0.010539 0.00800862
 1.00437e-16 7.72183e-05 0.000750589 0.00498793 0.0226744 0.0705485 0.150311 0.219385 0.21939 0.150336 0.0706304 0.0229111 0.00558226 0.00204845 0.00254334 0.00408559 0.00588506 0.00741465 0.00819288 0.00799629 0.00698456 0.0055854 0.00423353 0.00316913 0.00241204 0.0018654
 1.01465e-16 2.76384e-06 2.68656e-05 0.000178536 0.000811652 0.00252583 0.00538488 0.00787828 0.00796833 0.00582485 0.0040026 0.00507477 0.0108709 0.0233399 0.0441943 0.0728367 0.104404 0.130195 0.141341 0.13375 0.110608 0.0803593 0.0518544 0.0303805 0.0168292 0.00935677
 1.01755e-16 7.73965e-05 0.000752322 0.00499944 0.0227267 0.0707113 0.150658 0.21989 0.21989 0.15066 0.070719 0.0227499 0.00506156 0.000901326 0.000399531 0.000639761 0.00115012 0.00193564 0.00304002 0.00445393 0.00606303 0.00762408 0.00880535 0.0092983 0.00895076 0.0078421
 1.01134e-16 5.11164e-05 0.00049687 0.00330188 0.0150099 0.0467015 0.0995038 0.145236 0.145272 0.099677 0.0472828 0.0166878 0.00750986 0.00967007 0.017435 0.0286443 0.0410289 0.0511164 0.0554125 0.0523227 0.0431371 0.031229 0.0201244 0.011915 0.00691467 0.00431991
 1.07056e-16 1.21925e-05 0.000118515 0.000787579 0.00358026 0.0111398 0.0237369 0.0346575 0.034719 0.0240373 0.0121491 0.00649762 0.00811901 0.0161508 0.0305409 0.0506786 0.0734795 0.0933768 0.104633 0.104487 0.0946547 0.0799049 0.0649759 0.0523264 0.0420423 0.0331948
 1.02417e-16 7.64674e-05 0.000743291 0.00493943 0.0224539 0.0698625 0.14885 0.217251 0.217252 0.148858 0.069892 0.02254 0.00515873 0.00123254 0.00103655 0.00167358 0.00259314 0.00365907 0.00478074 0.00590791 0.0070228 0.00807816 0.00893871 0.00939821 0.00927631 0.00852507
 1.00631e-16 6.66301e-05 0.000647668 0.00430398 0.0195653 0.060875 0.129701 0.189306 0.189324 0.129788 0.0611661 0.0204056 0.00641139 0.005242 0.0087741 0.0143529 0.0205597 0.0256249 0.0277979 0.0262796 0.0217126 0.0157799 0.0102404 0.00613696 0.00362654 0.00231099
 1.03722e-16 5.74172e-06 5.58117e-05 0.000370892 0.00168607 0.00524641 0.011181 0.0163355 0.0164146 0.0115675 0.00654408 0.00543381 0.00977683 0.0205842 0.0389782 0.0643893 0.0926541 0.11629 0.127639 0.123119 0.105326 0.081247 0.0580973 0.0400325 0.0276226 0.0194034
 1.28351e-16 9.1989e-06 8.94166e-05 0.000594205 0.00270118 0.00840443 0.0179069 0.026138 0.0261491 0.0179615 0.00859094 0.00325386 0.00203423 0.00340737 0.00682125 0.0125934 0.0212391 0.0331626 0.0485602 0.0671945 0.0878898 0.108045 0.123796 0.13119 0.127892 0.114377
 1.01011e-16 8.12474e-05 0.000789753 0.00524819 0.0238575 0.0742296 0.158154 0.23083 0.230831 0.158155 0.0742346 0.023872 0.00528483 0.000870684 0.000237892 0.000272893 0.00040588 0.000557364 0.000711811 0.000874827 0.00106928 0.0013183 0.00162115 0.00193949 0.00220536 0.00234709
pSPR Fmed_Fpbrs
0.250637   0.6 0.325
Fs Fmed_Fpbrs
1.2999   0.370283 0.979932
SSBpbr Bo_Bmed_Bpbrs
1.31263e+06  263363  721947 360973
Ro
26122.8
SPR SPRFo_SPRFmed_SPRFpbrs
186454 46732.4 60597.6
Fref
0.370283
Nvult_r0
 97610.5 462.026 169.032 898.044 92.8096
CTP_r0
 43409.6 310.213 113.491 602.963 62.314
YTP_r0
390752
Np
 91518.7 29119.6 4905.23 5.8756 2.69566
Nvult_p0
 62399.1 21722.2 3659.13 4.38299 2.01086
CTP_p0
 7908.38 3892.32 4.66231 1.7057 9.49419
 7908.38 5869.85 988.785 1.18439 0.543384
YTP_p0
 120706 174138
CBA_c0
136735
log_Ro
9.99056
likeval ReclasPelacesDesembMPH_pf_preclas_ppelaces_ptallas_desvR_qrecl_qpela
 28.7456 26.1997 0.645346 29.4818 457.816 143.033 147.713 0 225.124 0.000130381 0.0003067 0.7107 2.35044e-16 0 0
q_reclas_q_pelaces
5.04319 12.08
M
1
N
 1204.91 13679.5 71283.3 11727.6 0.056315
 711.02 390.514 3642.45 18980.6 3122.71
 250670 156.429 38.6991 360.959 2190.39
 3261.84 56107.5 16.1984 4.00736 264.196
 985.061 726.923 5745.82 1.65884 27.466
 295620 68.8431 3.86266 30.5316 0.154761
 988.572 76876.2 10.4523 0.58646 4.65906
 281.688 210.257 6988.24 0.950141 0.476831
 60058.8 71.6392 30.1589 1002.38 0.204683
 1279.04 12112.9 5.68685 2.39407 79.5873
 94694.3 162.994 298.038 0.139925 2.01715
 92769.5 29669.8 39.8118 72.7968 0.526872
 12760 21371.9 3306.85 4.43722 8.17228
 126743 1361.26 334.125 51.6988 0.197135
 19688.6 19967.2 57.538 14.1229 2.19354
 278415 2173.74 340.724 0.981838 0.278426
 3236.65 48774.7 120.465 18.8824 0.0698417
 421383 687.818 4424.29 10.9273 1.71913
 271336 90441.4 63.9919 411.619 1.17657
 210574 57923.4 8299.26 5.87214 37.8797
 133736 46562.3 5814.62 833.119 4.39201
 408388 27356.5 3831.94 478.526 68.9246
 2920.71 72147.7 1548.88 216.958 30.9958
 208475 658.847 7620.74 163.604 26.1907
 121922 50850.5 84.9511 982.611 24.4719
 10050.2 32930 8503.91 14.2067 168.418
 143012 2545.27 4673.08 1206.78 25.9161
 209111 31109.7 245.056 449.919 118.683
 8668.59 59822.6 6024.87 47.4589 110.119
 2587.89 2694.23 14314.1 1441.6 37.7044
 116920 485.156 177.494 943 97.4557
pred_Ctot
 91.5781 2451.89 12776.6 2102.02 0.0100937
 188.307 199.623 1861.94 9702.47 1596.26
 64583 78.3917 19.3934 180.889 1097.68
 846.35 28261.6 8.15922 2.01852 133.077
 571.888 585.005 4624.05 1.33498 22.1038
 56335.9 27.4144 1.53817 12.1582 0.0616282
 275.506 40743.3 5.53957 0.310816 2.46923
 56.6342 87.3522 2903.3 0.394741 0.198102
 17999.4 39.9201 16.8057 558.567 0.114057
 574.315 8625.83 4.0497 1.70486 56.6755
 8994.16 35.7911 65.4447 0.0307254 0.442935
 22763 14347.8 19.2523 35.2032 0.254785
 6305.23 15978.6 2472.34 3.31746 6.10995
 48999 891.637 218.855 33.8631 0.129125
 9566.54 14805.2 42.6629 10.4717 1.62646
 97807.1 1343.5 210.588 0.606833 0.172083
 903.118 25871.9 63.8991 10.0159 0.0370465
 115883 361.137 2322.96 5.73732 0.902626
 75213.2 47752 33.7869 217.33 0.621215
 55325.6 29440.4 4218.22 2.9846 19.2529
 39344.1 25620.6 3199.45 458.417 2.41667
 142275 16819.9 2356.03 294.217 42.3776
 742.908 35820.7 769.009 107.718 15.3892
 45907.3 293.73 3397.51 72.9387 11.6764
 21007.3 18667.6 31.1862 360.725 8.98385
 2040.29 13785.3 3559.93 5.94724 70.5037
 38543.6 1317.43 2418.78 624.63 13.4142
 29999.4 9804.32 77.2303 141.793 37.4034
 861.922 13687.5 1378.5 10.8587 25.1952
 846.715 1591.44 8455.12 851.535 22.2715
 43409.6 310.213 113.491 602.963 62.314
F
 0.126696 0.323245 0.323245 0.323245 0.323245
 0.5141 1.31165 1.31165 1.31165 1.31165
 0.496869 1.26768 1.26768 1.26768 1.26768
 0.501225 1.2788 1.2788 1.2788 1.2788
 1.66087 4.23746 4.23746 4.23746 4.23746
 0.346879 0.885007 0.885007 0.885007 0.885007
 0.547933 1.39797 1.39797 1.39797 1.39797
 0.369157 0.941848 0.941848 0.941848 0.941848
 0.60105 1.53349 1.53349 1.53349 1.53349
 1.06015 2.70481 2.70481 2.70481 2.70481
 0.160523 0.40955 0.40955 0.40955 0.40955
 0.468042 1.19414 1.19414 1.19414 1.19414
 1.2379 3.15832 3.15832 3.15832 3.15832
 0.848071 2.16372 2.16372 2.16372 2.16372
 1.20359 3.07077 3.07077 3.07077 3.07077
 0.741901 1.89285 1.89285 1.89285 1.89285
 0.54877 1.4001 1.4001 1.4001 1.4001
 0.53884 1.37477 1.37477 1.37477 1.37477
 0.544237 1.38854 1.38854 1.38854 1.38854
 0.509043 1.29875 1.29875 1.29875 1.29875
 0.586914 1.49742 1.49742 1.49742 1.49742
 0.733503 1.87142 1.87142 1.87142 1.87142
 0.489091 1.24784 1.24784 1.24784 1.24784
 0.410926 1.04842 1.04842 1.04842 1.04842
 0.308999 0.788364 0.788364 0.788364 0.788364
 0.373359 0.952568 0.952568 0.952568 0.952568
 0.525411 1.34051 1.34051 1.34051 1.34051
 0.251484 0.641623 0.641623 0.641623 0.641623
 0.168593 0.430139 0.430139 0.430139 0.430139
 0.674128 1.71993 1.71993 1.71993 1.71993
 0.800902 2.04338 2.04338 2.04338 2.04338
YTP_r0W_actual
 360300 4374 3132.36 20621.3 2324.31
YTP_p0W_proyectada
 59233.7 60992.7 107.839 50.0965 321.188
 59233.7 91980.6 22870.6 34.7855 18.3827
CTP_r0_actual
 43409.6 310.213 113.491 602.963 62.314
CTP_p0_proyectada
 7908.38 3892.32 4.66231 1.7057 9.49419
 7908.38 5869.85 988.785 1.18439 0.543384
Wmedp
 7.49 15.67 23.13 29.37 33.83
Frms_r0
 0.800902 2.04338 2.04338 2.04338 2.04338
Zrms_r0
 1.8009 3.04338 3.04338 3.04338 3.04338
nmprior
 8.19 8.8 8.5 0
nm_flota  nm_reclas  nm_pelaces    nm_pelaL
inf 5.64318 2.04553 2.53541
cv_recla  cv_pelaces  cv_mph
0.484965 0.580391 0.502694
 ------------------------------------------------
Talla a la edad & desviaci?n 
 8 13.2811 15.8009 17.003 17.5766
 0.8 1.32811 1.58009 1.7003 1.75766
