years
 1991 1992 1993 1994 1995 1996 1997 1998 1999 2000 2001 2002 2003 2004 2005 2006 2007 2008 2009 2010 2011 2012 2013 2014 2015 2016 2017 2018 2019 2020 2021
reclasobs
 0 0 0 0 0 0 0 0 0 252601 567819 844713 477998 351125 339783 2.1784e+06 2.13404e+06 4.81314e+06 1.55562e+06 2.62356e+06 3.21686e+06 3.843e+06 1.13348e+06 3.07943e+06 1.97215e+06 2.03268e+06 2.025e+06 2.42433e+06 2.27542e+06 1.05018e+06 2.36338e+06
reclaspred
 3.43319e+06 1.99302e+06 1.01577e+06 1.02909e+06 1.04984e+06 1.61896e+06 1.18988e+06 1.10974e+06 834973 652463 658331 620473 487984 580513 589360 1.22538e+06 1.23259e+06 2.73618e+06 2.59122e+06 1.94973e+06 2.91239e+06 1.94519e+06 1.53656e+06 2.72643e+06 2.18697e+06 2.00033e+06 2.34495e+06 2.43845e+06 2.07174e+06 1.37857e+06 1.92102e+06
pelacesobs
 0 0 0 0 0 0 0 0 0 0 0 0 0 0 0 552880 188675 0 991730 2.46772e+06 1.41603e+06 1.21717e+06 2.29649e+06 1.80582e+06 0 1.4828e+06 1.56532e+06 1.57751e+06 1.42118e+06 867257 1.10002e+06
pelacespred
 1.99157e+06 1.31082e+06 687154 564566 572896 917258 672637 703513 541005 411055 411454 334709 284087 378782 377552 637841 637794 1.59183e+06 1.59756e+06 1.14953e+06 1.51494e+06 1.21935e+06 906270 1.72793e+06 1.32889e+06 1.21251e+06 1.61711e+06 1.66602e+06 1.16672e+06 889886 1.23584e+06
mphobs
 0 0 0 0 0 0 0 0 0 0 0 498337 0 5186 125008 0 168611 109162 213762 579715 649985 157893 87575 83554 0 0 0 0 0 0 0
mphpred
 513950 346914 181084 97702.6 112893 125736 171933 129347 111935 84386.5 59810.3 76863.4 62004.9 42990.6 50136.8 61248.4 144384 141758 280792 253877 266236 256106 201897 166291 274841 240384 204547 215463 291149 208078 135519
desembarqueobs
 494567 514787 250237 358949 120608 361735 552515 73892 212993 205616 52469 317467 293654 387597 252695 516296 358380 742168 942051 627588 828172 859565 418607 520667 417249 300574 415391 372974 316634 284311 391294
desembarquepred
 494571 512931 251208 358959 120610 361740 552540 73893.5 213012 205630 52469.2 317590 293812 387584 252696 516295 358405 742128 941914 627534 828279 859693 418628 520676 417249 300576 415393 372969 316634 284318 391296
Reclutas
 312803 188509 181595 376737 307350 517310 221422 112875 103042 135384 251736 146875 122952 214763 161296 737343 170758 1.30015e+06 882705 525592 596018 775105 201083 746065 609450 276651 606817 673994 205444 155922 588856
log_desv_Rt
 -0.00214112 -0.508567 -0.545937 0.183834 -0.0197277 0.500929 -0.347644 -1.02143 -1.11257 -0.839601 -0.219333 -0.758134 -0.935923 -0.378181 -0.664474 0.85534 -0.607465 1.42252 1.03528 0.516811 0.642558 0.905285 -0.443997 0.867099 0.664843 -0.124958 0.660513 0.765507 -0.422538 -0.698355 0.630468
SSB
 7.14044e+06 4.81976e+06 2.51586e+06 1.35741e+06 1.56845e+06 1.74688e+06 2.38871e+06 1.79705e+06 1.55514e+06 1.1724e+06 830961 1.06788e+06 861451 597279 696564 850940 2.00597e+06 1.96948e+06 3.90112e+06 3.52718e+06 3.69889e+06 3.55815e+06 2.80501e+06 2.31032e+06 3.81845e+06 3.33972e+06 2.84182e+06 2.99349e+06 4.04501e+06 2.89088e+06 1.8828e+06
BT
 9.21079e+06 6.29986e+06 3.29174e+06 2.79863e+06 2.62326e+06 4.35743e+06 3.46617e+06 3.16807e+06 2.59833e+06 2.01432e+06 1.86154e+06 1.75163e+06 1.53145e+06 2.08605e+06 1.92211e+06 3.23967e+06 3.10016e+06 7.68505e+06 7.95697e+06 5.64827e+06 7.34465e+06 6.23832e+06 4.37752e+06 8.1185e+06 6.24525e+06 5.61883e+06 7.56236e+06 7.72848e+06 5.41168e+06 4.20346e+06 5.83248e+06
Ftot
 0.0599092 0.106482 0.102536 0.146753 0.0484481 0.0947742 0.192017 0.0280335 0.106893 0.131699 0.034053 0.211963 0.248874 0.280476 0.18127 0.179573 0.121335 0.115963 0.152694 0.134638 0.119192 0.184674 0.113609 0.0817127 0.0802896 0.0631192 0.0753805 0.0653147 0.0636399 0.0859909 0.0870693
BD_Bspro_t
 0.990464 0.926483 0.841849 0.786692 0.786361 0.831403 0.830586 0.747564 0.785324 0.771729 0.760554 0.85058 0.732388 0.629926 0.641896 0.679064 0.756713 0.744751 0.814025 0.771904 0.745226 0.739561 0.722665 0.721598 0.82648 0.835976 0.842909 0.863247 0.886883 0.852617 0.817652
BD_Bspro
 3.19133 2.15413 1.12443 0.606676 0.700997 0.780746 1.0676 0.803169 0.69505 0.523991 0.371387 0.477277 0.385014 0.266946 0.31132 0.380317 0.896541 0.880236 1.74356 1.57643 1.65317 1.59027 1.25366 1.03257 1.7066 1.49265 1.27012 1.3379 1.80787 1.29204 0.841493
BD_Bo
 2.18208 1.47289 0.76883 0.414816 0.479307 0.533836 0.729975 0.549168 0.475242 0.35828 0.253937 0.326338 0.263254 0.182525 0.212866 0.260042 0.613011 0.601862 1.19216 1.07788 1.13036 1.08735 0.857195 0.706021 1.16689 1.0206 0.868443 0.914791 1.23613 0.883434 0.575372
BD_Brms
 3.96741 2.67798 1.39787 0.75421 0.871468 0.970611 1.32723 0.998488 0.864076 0.651418 0.461703 0.593343 0.478644 0.331863 0.387028 0.472804 1.11457 1.0943 2.16756 1.95979 2.05519 1.97699 1.55854 1.28367 2.12162 1.85563 1.57899 1.66326 2.24751 1.60624 1.04613
Sel_flota
 0.943108 0.996835 0.999833 0.999991 1
 0.943108 0.996835 0.999833 0.999991 1
 0.943108 0.996835 0.999833 0.999991 1
 0.943108 0.996835 0.999833 0.999991 1
 0.943108 0.996835 0.999833 0.999991 1
 0.943108 0.996835 0.999833 0.999991 1
 0.943108 0.996835 0.999833 0.999991 1
 0.943108 0.996835 0.999833 0.999991 1
 0.943108 0.996835 0.999833 0.999991 1
 0.943108 0.996835 0.999833 0.999991 1
 0.943108 0.996835 0.999833 0.999991 1
 0.943108 0.996835 0.999833 0.999991 1
 0.943108 0.996835 0.999833 0.999991 1
 0.943108 0.996835 0.999833 0.999991 1
 0.943108 0.996835 0.999833 0.999991 1
 0.943108 0.996835 0.999833 0.999991 1
 0.943108 0.996835 0.999833 0.999991 1
 0.943108 0.996835 0.999833 0.999991 1
 0.943108 0.996835 0.999833 0.999991 1
 0.943108 0.996835 0.999833 0.999991 1
 0.943108 0.996835 0.999833 0.999991 1
 0.943108 0.996835 0.999833 0.999991 1
 0.943108 0.996835 0.999833 0.999991 1
 0.943108 0.996835 0.999833 0.999991 1
 0.943108 0.996835 0.999833 0.999991 1
 0.943108 0.996835 0.999833 0.999991 1
 0.943108 0.996835 0.999833 0.999991 1
 0.943108 0.996835 0.999833 0.999991 1
 0.943108 0.996835 0.999833 0.999991 1
 0.943108 0.996835 0.999833 0.999991 1
 0.943108 0.996835 0.999833 0.999991 1
Sel_reclas
 1 1 1 1 1
 1 1 1 1 1
 1 1 1 1 1
 1 1 1 1 1
 1 1 1 1 1
 1 1 1 1 1
 1 1 1 1 1
 1 1 1 1 1
 1 1 1 1 1
 1 1 1 1 1
 1 1 1 1 1
 1 1 1 1 1
 1 1 1 1 1
 1 1 1 1 1
 1 1 1 1 1
 1 1 1 1 1
 1 1 1 1 1
 1 1 1 1 1
 1 1 1 1 1
 1 1 1 1 1
 1 1 1 1 1
 1 1 1 1 1
 1 1 1 1 1
 1 1 1 1 1
 1 1 1 1 1
 1 1 1 1 1
 1 1 1 1 1
 1 1 1 1 1
 1 1 1 1 1
 1 1 1 1 1
 1 1 1 1 1
Sel_pelaces
 1 1 1 1 1
 1 1 1 1 1
 1 1 1 1 1
 1 1 1 1 1
 1 1 1 1 1
 1 1 1 1 1
 1 1 1 1 1
 1 1 1 1 1
 1 1 1 1 1
 1 1 1 1 1
 1 1 1 1 1
 1 1 1 1 1
 1 1 1 1 1
 1 1 1 1 1
 1 1 1 1 1
 1 1 1 1 1
 1 1 1 1 1
 1 1 1 1 1
 1 1 1 1 1
 1 1 1 1 1
 1 1 1 1 1
 1 1 1 1 1
 1 1 1 1 1
 1 1 1 1 1
 1 1 1 1 1
 1 1 1 1 1
 1 1 1 1 1
 1 1 1 1 1
 1 1 1 1 1
 1 1 1 1 1
 1 1 1 1 1
pf_obs 
 0.8446 0.082 0.0669 0.0065 0
 0.8095 0.147 0.0364 0.0071 0
 0.9664 0.0169 0.016 0.0007 0
 0.9276 0.0648 0.0075 0.0001 0
 0.7033 0.2144 0.0806 0.0017 0
 0.9318 0.0425 0.0243 0.0014 0
 0.5671 0.3108 0.0964 0.0239 0.0018
 0.0768 0.2599 0.5324 0.112 0.0189
 0.490249 0.384438 0.106611 0.0170017 0.00170017
 0.7925 0.1577 0.0466 0.003 0.0002
 0.840416 0.127587 0.0312969 0.00059994 9.999e-05
 0.8084 0.0986 0.0794 0.0134 0.0002
 0.7335 0.1905 0.0724 0.0035 0.0001
 0.4001 0.4547 0.1325 0.0127 0
 0.49795 0.308269 0.164784 0.0264974 0.00249975
 0.9179 0.0499 0.0305 0.0017 0
 0.2467 0.6533 0.0926 0.0074 0
 0.9418 0.0223 0.034 0.0019 0
 0.707729 0.231977 0.0356964 0.0245975 0
 0.517169 0.277429 0.184464 0.0207286 0.00020938
 0.811772 0.124168 0.05621 0.00726502 0.000585176
 0.764997 0.148141 0.077277 0.00933861 0.000247198
 0.163321 0.427699 0.378323 0.0303852 0.000271297
 0.753843 0.0900009 0.118128 0.0371064 0.000921714
 0.721811 0.176058 0.0630433 0.0369309 0.00215725
 0.143369 0.312575 0.442814 0.0836902 0.0175525
 0.692698 0.0596174 0.167031 0.0765114 0.00414204
 0.394062 0.376323 0.152708 0.0712218 0.00568511
 0.125707 0.32114 0.495352 0.0537591 0.00404204
 0.23352 0.215282 0.420074 0.123614 0.00750983
 0.796117 0.104755 0.0508955 0.0450114 0.00322123
pf_pred 
 0.407533 0.103506 0.465312 0.0236478 7.02779e-07
 0.409189 0.248928 0.0598742 0.268371 0.0136373
 0.53744 0.195764 0.112616 0.0270053 0.127175
 0.764873 0.129727 0.0446875 0.0256294 0.0350826
 0.651568 0.27012 0.0432696 0.0148589 0.0201838
 0.750895 0.165377 0.0649535 0.0103742 0.00840039
 0.479235 0.39648 0.0825956 0.0323422 0.00934687
 0.437193 0.278064 0.216955 0.0450527 0.0227359
 0.521335 0.215755 0.130088 0.101205 0.031617
 0.667543 0.178098 0.0696956 0.0418946 0.0427684
 0.786612 0.14517 0.0365984 0.0142781 0.0173414
 0.553269 0.35544 0.0621655 0.0156267 0.0134987
 0.600266 0.227085 0.137459 0.0239635 0.0112253
 0.778519 0.136232 0.0484991 0.0292604 0.00748916
 0.665971 0.263615 0.043369 0.0153876 0.0116577
 0.904833 0.0646173 0.0241263 0.00395658 0.00246694
 0.391575 0.553557 0.0372928 0.01388 0.00369485
 0.899174 0.0408504 0.0545821 0.0036659 0.00172733
 0.638644 0.326782 0.0140337 0.0186938 0.00184683
 0.536226 0.302316 0.146055 0.00625279 0.00915046
 0.646384 0.194699 0.103704 0.0499467 0.0052666
 0.712477 0.189617 0.0539823 0.0286649 0.0152591
 0.365803 0.45949 0.115344 0.0327332 0.0266295
 0.801347 0.0753127 0.0894394 0.0223833 0.0115178
 0.648119 0.285115 0.0253598 0.0300266 0.0113795
 0.454489 0.360415 0.150064 0.0133077 0.0217246
 0.737415 0.122963 0.0923406 0.0383336 0.0089475
 0.696788 0.226864 0.0358098 0.0268117 0.0137262
 0.371622 0.445108 0.137228 0.021597 0.0244446
 0.444052 0.213843 0.24254 0.0745547 0.0250099
 0.828633 0.0785187 0.0357807 0.0404607 0.0166068
pobs_RECLAS
 0 0 0 0 0
 0 0 0 0 0
 0 0 0 0 0
 0 0 0 0 0
 0 0 0 0 0
 0 0 0 0 0
 0 0 0 0 0
 0 0 0 0 0
 0 0 0 0 0
 0 0 0 0 0
 0.991045 0.00858322 0.000360255 1.14367e-05 0
 0.934742 0.0480273 0.0164251 0.00080598 0
 0.827803 0.169806 0.00239088 0 0
 0.941827 0.0461693 0.0120037 0 0
 0.791401 0.0380133 0.147996 0.0225897 0
 0.846168 0.0940531 0.0597789 0 0
 0.134021 0.677848 0.182769 0.00536245 0
 0.80878 0.0450904 0.141981 0.00414843 0
 0.846168 0.0940531 0.0597789 0 0
 0.905697 0.0802665 0.012482 0.00150086 5.37128e-05
 0.989698 0.0102097 9.19794e-05 0 0
 0.975433 0.0193895 0.00387452 0.00125025 5.28907e-05
 0.303575 0.632131 0.0575291 0.00676475 0
 0.966965 0.00978017 0.0227588 0.000495775 0
 0.843318 0.132988 0.00938335 0.0141283 0.000182051
 0.564624 0.303363 0.111486 0.0197234 0.00080311
 0.826376 0.0876187 0.0782897 0.00655872 0.00115652
 0.89761 0.0855135 0.0140674 0.00269457 0.000114338
 0.34875 0.467042 0.161289 0.0227151 0.000203297
 0.318654 0.224769 0.449479 0.00709798 0
 0.937255 0.0296025 0.0250945 0.00804832 0
ppred_RECLAS
 0.421653 0.101292 0.453986 0.0230685 6.85558e-07
 0.42322 0.243461 0.0583821 0.261641 0.0132952
 0.551749 0.19005 0.108999 0.0261336 0.123069
 0.775064 0.124279 0.0426807 0.0244745 0.0335015
 0.664243 0.260474 0.0415989 0.0142829 0.0194012
 0.761383 0.158577 0.0620944 0.00991595 0.00802928
 0.49351 0.385899 0.0801457 0.0313779 0.0090681
 0.451282 0.271521 0.211214 0.0438534 0.0221305
 0.535695 0.209641 0.126018 0.0980236 0.0306228
 0.68018 0.171577 0.06694 0.0402318 0.0410705
 0.79595 0.138954 0.0349261 0.0136235 0.0165463
 0.56735 0.344456 0.06006 0.015095 0.0130393
 0.614122 0.219509 0.132465 0.023089 0.0108155
 0.788387 0.130321 0.0462514 0.0278998 0.00714084
 0.678527 0.253872 0.0416387 0.0147713 0.0111907
 0.909655 0.0614037 0.0228565 0.00374773 0.0023367
 0.405062 0.541438 0.0363657 0.0135328 0.00360239
 0.904293 0.0388467 0.0517476 0.00347497 0.00163735
 0.651572 0.315185 0.0134946 0.0179727 0.00177557
 0.550402 0.293387 0.141311 0.00604872 0.00885176
 0.659386 0.187801 0.0997263 0.0480234 0.00506376
 0.724095 0.182149 0.0516979 0.0274474 0.0146109
 0.37908 0.450253 0.112683 0.0319729 0.0260108
 0.810372 0.0720282 0.0852805 0.021339 0.0109804
 0.660866 0.274949 0.0243817 0.028864 0.0109387
 0.468587 0.351464 0.145895 0.012936 0.0211176
 0.748376 0.118023 0.0883633 0.0366766 0.00856067
 0.708589 0.218205 0.0343392 0.0257065 0.0131603
 0.384931 0.436069 0.134036 0.0210913 0.023872
 0.458339 0.208742 0.236039 0.0725447 0.0243354
 0.836646 0.074974 0.0340622 0.0385113 0.0158065
pobs_PELACES
 0 0 0 0 0
 0 0 0 0 0
 0 0 0 0 0
 0 0 0 0 0
 0 0 0 0 0
 0 0 0 0 0
 0 0 0 0 0
 0 0 0 0 0
 0 0 0 0 0
 0 0 0 0 0
 0 0 0 0 0
 0 0 0 0 0
 0 0 0 0 0
 0 0 0 0 0
 0 0 0 0 0
 0 0 0 0 0
 0.505614 0.472636 0.0217494 0 0
 0 0 0 0 0
 0.443492 0.261883 0.143347 0.151278 0
 0.227955 0.32914 0.350689 0.0885471 0.00366901
 0.970185 0.0296113 0.000203453 0 0
 0.997202 0.00247181 0.000326279 0 0
 0.445219 0.490057 0.0546422 0.010081 0
 0.90214 0.0892962 0.00764917 0.000914606 0
 0 0 0 0 0
 0.581667 0.319106 0.0959925 0.00289975 0.000334073
 0.762889 0.0836404 0.116647 0.0363945 0.000428098
 0.88444 0.0763242 0.0277011 0.0115352 0
 0.521256 0.241999 0.230069 0.00667565 0
 0.616807 0.101726 0.260614 0.0208532 0
 0.833518 0.0704572 0.0857862 0.0102388 0
ppred_PELACES
 0.421924 0.101249 0.453769 0.0230574 6.85227e-07
 0.423697 0.243275 0.0583314 0.261413 0.0132836
 0.552214 0.189864 0.108881 0.0261053 0.122935
 0.775529 0.12403 0.0425891 0.0244218 0.0334293
 0.664437 0.260327 0.0415733 0.0142741 0.0193892
 0.761694 0.158376 0.0620096 0.00990236 0.00801828
 0.494372 0.385259 0.0799977 0.0313196 0.00905126
 0.451409 0.271462 0.211162 0.0438426 0.022125
 0.536181 0.209434 0.12588 0.0979159 0.0305892
 0.680702 0.171308 0.0668263 0.0401632 0.0410004
 0.79605 0.138888 0.0349082 0.0136165 0.0165378
 0.568283 0.343728 0.0599205 0.0150598 0.0130089
 0.615192 0.218923 0.132079 0.0230215 0.0107839
 0.789234 0.129813 0.0460586 0.0277831 0.00711097
 0.679236 0.253322 0.041541 0.0147366 0.0111643
 0.909921 0.0612264 0.0227865 0.00373621 0.00232952
 0.405583 0.540969 0.0363299 0.0135193 0.00359882
 0.904477 0.0387748 0.0516459 0.00346812 0.00163412
 0.652189 0.314631 0.0134688 0.0179383 0.00177217
 0.551004 0.293008 0.141109 0.00604006 0.00883907
 0.659872 0.187543 0.0995775 0.0479514 0.00505616
 0.724761 0.18172 0.0515669 0.0273776 0.0145737
 0.379562 0.449918 0.112587 0.0319453 0.0259884
 0.810602 0.0719443 0.0851743 0.0213124 0.0109667
 0.661189 0.274692 0.024357 0.0288346 0.0109276
 0.468871 0.351283 0.145811 0.0129285 0.0211054
 0.748635 0.117906 0.0882692 0.0366374 0.00855153
 0.708831 0.218027 0.034309 0.0256838 0.0131487
 0.385203 0.435885 0.133971 0.021081 0.0238603
 0.458731 0.208602 0.23586 0.0724896 0.024317
 0.836864 0.0748778 0.0340156 0.0384584 0.0157848
pobs_pel_tallas
 0 0 0 0 0 0 0 0 0 0 0 0 0 0 0 0 0 0 0 0 0 0 0 0 0 0
 0 0 0 0 0 0 0 0 0 0 0 0 0 0 0 0 0 0 0 0 0 0 0 0 0 0
 0 0 0 0 0 0 0 0 0 0 0 0 0 0 0 0 0 0 0 0 0 0 0 0 0 0
 0 0 0 0 0 0 0 0 0 0 0 0 0 0 0 0 0 0 0 0 0 0 0 0 0 0
 0 0 0 0 0 0 0 0 0 0 0 0 0 0 0 0 0 0 0 0 0 0 0 0 0 0
 0 0 0 0 0 0 0 0 0 0 0 0 0 0 0 0 0 0 0 0 0 0 0 0 0 0
 0 0 0 0 0 0 0 0 0 0 0 0 0 0 0 0 0 0 0 0 0 0 0 0 0 0
 0 0 0 0 0 0 0 0 0 0 0 0 0 0 0 0 0 0 0 0 0 0 0 0 0 0
 0 0 0 0 0 0 0 0 0 0 0 0 0 0 0 0 0 0 0 0 0 0 0 0 0 0
 0 0 0 0 0 0 0 0 0 0 0 0 0 0 0 0 0 0 0 0 0 0 0 0 0 0
 0 0 0 0 0 0 0 0 0 0 0 0 0 0 0 0 0 0 0 0 0 0 0 0 0 0
 0 0 0 0 0 0 0 0 0 0 0 0 0 0 0 0 0 0 0 0 0 0 0 0 0 0
 0.00862536 0 0 0.000197151 0.00414017 0.0128641 0.00837892 0.0270097 0.101434 0.158115 0.152841 0.127902 0.109271 0.109419 0.0830992 0.0579132 0.0238553 0.00714673 0.00463305 0.00128148 0.00103504 0.000492878 0.000147863 0.000147863 4.92878e-05 0
 0 0 0 0 0 0 0 0 0 0 0 0 0 0 0 0 0 0 0 0 0 0 0 0 0 0
 0 0 0 0 0 0 0 0.0054083 0.00873648 0.0413646 0.0450493 0.0745869 0.0622846 0.0627006 0.0613931 0.0827291 0.12552 0.122667 0.0946155 0.0697135 0.0546179 0.0294188 0.0215738 0.0213955 0.0102223 0.00600262
 0 0 0 0 0.00359764 0.0251062 0.0480494 0.140153 0.205849 0.193036 0.1447 0.116669 0.0760912 0.0342217 0.00950174 0.001854 0.000860785 0 0 0 0.000165536 0 0.000143464 0 0 0
 0 0 0 0 0 0 0 0.000145254 0.000435761 0.0275982 0.070085 0.0708112 0.156366 0.174668 0.174014 0.160142 0.0824315 0.0480064 0.0283245 0.00493863 0.00203355 0 0 0 0 0
 0 0 0 0 0 0 0 0 0 0 0 0 0 0 0 0 0 0 0 0 0 0 0 0 0 0
 0 0 1.00437e-05 0.000401748 0.00122533 0.00171747 0.00176769 0.0269171 0.070346 0.194647 0.189555 0.159765 0.064822 0.0314167 0.0384472 0.0292271 0.0345202 0.0313363 0.0194345 0.0106764 0.0143323 0.0359363 0.0279516 0.0138201 0.00172751 0
 0 0.0021121 0.0136068 0.0755702 0.200478 0.177729 0.0527432 0.0373336 0.0318909 0.0142505 0.0149659 0.0166563 0.0217959 0.0798694 0.0677717 0.0528807 0.04013 0.0224614 0.0357745 0.0225083 0.00881397 0.00855152 0.00135912 0.000746735 0 0
 0 0 0 0 5.4009e-05 0.00500934 0.000945158 0.0243581 0.138947 0.33067 0.221406 0.137944 0.0707744 0.0437923 0.0131692 0.00525238 0.0047753 0.00276346 9.45158e-05 9.00151e-06 2.25038e-05 9.00151e-06 4.50075e-06 0 0 0
 0.000866109 0.00284123 0.00948549 0.0512746 0.133035 0.25785 0.225252 0.132002 0.0553304 0.0519788 0.0540692 0.017754 0.00435017 0.00159236 0.00146478 0.000404838 0.000125132 0.000115318 0.000107957 0.000100596 0 0 0 0 0 0
 0 0 0 0 0.00144013 0.00171154 0.00461396 0.0210425 0.0478622 0.0707936 0.0888783 0.103762 0.0637923 0.0337046 0.0602308 0.124433 0.169614 0.0934646 0.0462172 0.0250306 0.0313229 0.00938855 0.002487 0.000210481 0 0
 0 0.00764035 0.051015 0.0998891 0.058973 0.0496711 0.0374665 0.0718981 0.12319 0.153886 0.159021 0.0857701 0.0377988 0.023471 0.0147837 0.00900784 0.00315554 0.000888139 0.00291439 0.00214683 0.00393193 0.00274676 0.000635225 9.99891e-05 0 0
 0 0 0 0 0 0 0 0 0 0 0 0 0 0 0 0 0 0 0 0 0 0 0 0 0 0
 0 0 0 0 0 0 0 0 0 0 0 0 0 0 0 0 0 0 0 0 0 0 0 0 0 0
 0 0 0 0 0 0 0 0 0 0 0 0 0 0 0 0 0 0 0 0 0 0 0 0 0 0
 0 0 0 0 0 0 0 0 0 0 0 0 0 0 0 0 0 0 0 0 0 0 0 0 0 0
 0 0 0 0 0 0 0 0 0 0 0 0 0 0 0 0 0 0 0 0 0 0 0 0 0 0
 0 0 0 0 0 0 0 0 0 0 0 0 0 0 0 0 0 0 0 0 0 0 0 0 0 0
 0 0 0 0 0 0 0 0 0 0 0 0 0 0 0 0 0 0 0 0 0 0 0 0 0 0
ppred_pel_tallas
 1.15434e-16 3.47533e-05 0.000337815 0.0022449 0.010205 0.0317516 0.0676504 0.09874 0.0987504 0.0677018 0.031926 0.0107174 0.00356403 0.00332592 0.00602673 0.010733 0.0173725 0.0258209 0.035821 0.0470111 0.0587126 0.0695716 0.0775108 0.0803414 0.0768021 0.0673263
 1.3021e-16 3.48994e-05 0.000339234 0.00225433 0.0102479 0.0318851 0.0679355 0.0991587 0.0991823 0.0680507 0.0322726 0.011369 0.00507613 0.00652616 0.0118689 0.0198013 0.0291153 0.0379732 0.0446508 0.0486695 0.0511955 0.0542053 0.0589923 0.0651524 0.0707332 0.0733098
 1.26613e-16 4.54852e-05 0.000442132 0.00293812 0.0133563 0.0415565 0.0885412 0.129232 0.129251 0.0886314 0.0418601 0.0142352 0.00515254 0.00530395 0.00936243 0.0156311 0.0230593 0.030197 0.035648 0.0389229 0.0407715 0.0426128 0.0454873 0.0493442 0.0531064 0.0553109
 1.09368e-16 6.38793e-05 0.00062093 0.0041263 0.0187576 0.0583618 0.124346 0.18149 0.181502 0.124405 0.058559 0.019328 0.00556085 0.00376196 0.00605761 0.00999017 0.0145724 0.0187384 0.0214672 0.0223459 0.0218268 0.0208945 0.0204006 0.0205821 0.0210582 0.0211826
 1.0598e-16 5.47288e-05 0.000531984 0.00353522 0.0160706 0.0500018 0.106535 0.155496 0.155521 0.106658 0.0504137 0.0172606 0.00652296 0.00705672 0.012454 0.0205234 0.029612 0.0373571 0.0413964 0.0406663 0.0360413 0.0297331 0.0239408 0.0198019 0.0172499 0.0155654
 1.04181e-16 6.27398e-05 0.000609853 0.00405269 0.0184229 0.0573207 0.122128 0.178253 0.178268 0.122203 0.0575725 0.019151 0.00588334 0.00461651 0.00770251 0.0127141 0.0184953 0.0236492 0.0267867 0.0272572 0.0254992 0.0226664 0.0198516 0.017537 0.0156008 0.0136947
 1.0708e-16 4.07209e-05 0.000395821 0.00263037 0.0119573 0.0372039 0.0792681 0.115702 0.115739 0.0794498 0.0378141 0.0137204 0.00705841 0.0100702 0.0184379 0.0304802 0.0440543 0.0557218 0.0620023 0.0613 0.0548338 0.045748 0.0371505 0.0306205 0.0260612 0.0225392
 1.14305e-16 3.7182e-05 0.000361422 0.00240178 0.0109182 0.0339706 0.0723789 0.105645 0.105671 0.0725082 0.0344058 0.0121788 0.00557989 0.00734511 0.0134353 0.0225062 0.0332469 0.0435528 0.0512654 0.0553533 0.0563865 0.0558323 0.0548025 0.0533366 0.0506928 0.046188
 1.18683e-16 4.41646e-05 0.000429295 0.00285282 0.0129685 0.04035 0.0859706 0.125481 0.125501 0.0860703 0.0406851 0.0139389 0.00529825 0.00579993 0.0103404 0.0172831 0.0255129 0.0334258 0.0394431 0.0429327 0.0445602 0.045673 0.0472091 0.0490205 0.0500616 0.0491476
 1.12939e-16 5.60685e-05 0.000545006 0.00362176 0.016464 0.0512257 0.109142 0.1593 0.159317 0.109223 0.0514984 0.0172528 0.00560631 0.00489245 0.00835829 0.0138522 0.0202477 0.0261155 0.0300626 0.0315212 0.0310948 0.0300942 0.0296264 0.0299524 0.0305102 0.0304195
 1.05208e-16 6.55696e-05 0.00063736 0.00423548 0.0192539 0.059906 0.127637 0.186292 0.186306 0.127702 0.0601263 0.0198905 0.00583491 0.00413415 0.00672228 0.0110516 0.0160158 0.0203627 0.02287 0.0229978 0.0212081 0.0186286 0.0163329 0.0148015 0.0138798 0.0131079
 1.05529e-16 4.68088e-05 0.000454998 0.00302362 0.013745 0.0427659 0.0911184 0.132997 0.13303 0.0912804 0.0433099 0.0153164 0.00696931 0.009072 0.0164226 0.0271039 0.039107 0.0493232 0.0546144 0.0535397 0.0472046 0.0384806 0.0302485 0.0240403 0.0198648 0.0169206
 1.08002e-16 5.06726e-05 0.000492556 0.00327321 0.0148795 0.0462959 0.0986391 0.143971 0.143992 0.0987431 0.0466455 0.0158914 0.00582109 0.00608091 0.0107413 0.0178795 0.0262242 0.0339688 0.0392802 0.0412818 0.0404851 0.038252 0.0357632 0.0333636 0.0306942 0.0272898
 1.05353e-16 6.50082e-05 0.000631903 0.00419922 0.019089 0.0593931 0.126544 0.184697 0.18471 0.126605 0.0595995 0.0196858 0.00569988 0.00391679 0.00633027 0.0104334 0.0151936 0.0194726 0.0221618 0.0227703 0.0217022 0.0199296 0.0183294 0.0172146 0.016346 0.0152801
 1.04631e-16 5.59479e-05 0.000543833 0.00361396 0.0164286 0.0511155 0.108908 0.158959 0.158984 0.109027 0.0515164 0.0175866 0.00652135 0.00689303 0.0121213 0.0199698 0.0288092 0.036333 0.0402328 0.0394577 0.0348386 0.0285079 0.0225967 0.0182244 0.0153669 0.013388
 1.01443e-16 7.4949e-05 0.000728531 0.00484135 0.0220081 0.0684753 0.145894 0.212938 0.212944 0.145923 0.0685726 0.0222894 0.00554858 0.0022761 0.00302481 0.00491013 0.00713168 0.00910581 0.0102892 0.0104283 0.00969313 0.0085344 0.00738263 0.00643402 0.00565026 0.00490215
 1.03152e-16 3.34074e-05 0.000324732 0.00215796 0.00980981 0.0305222 0.0650328 0.0949282 0.0949803 0.0652872 0.0313764 0.012276 0.00834527 0.0138215 0.0256361 0.0422504 0.0606769 0.0759193 0.0829086 0.0793133 0.0669509 0.0506002 0.0352048 0.0236226 0.016206 0.0118152
 1.02125e-16 7.45006e-05 0.000724172 0.00481238 0.0218764 0.0680656 0.145021 0.211663 0.211667 0.14504 0.0681284 0.0220588 0.00527364 0.00174258 0.0020422 0.00334559 0.00501523 0.0067287 0.00819726 0.00926559 0.00995619 0.0103676 0.010524 0.0103256 0.00964075 0.00844411
 1.02569e-16 5.372e-05 0.000522178 0.00347006 0.0157744 0.0490802 0.104572 0.152632 0.152662 0.10472 0.0495768 0.0172081 0.00706683 0.00836695 0.014932 0.0245481 0.0352365 0.0440631 0.0480846 0.0459649 0.0387948 0.0293923 0.0206576 0.0142429 0.0102996 0.0080796
 1.06249e-16 4.53855e-05 0.000441164 0.00293169 0.013327 0.0414655 0.0883478 0.128952 0.12898 0.0884866 0.0419321 0.0146765 0.00632646 0.00787623 0.0142367 0.0236484 0.0344885 0.0442541 0.0503854 0.0516414 0.048736 0.0436594 0.0382907 0.0334538 0.0289852 0.0244311
 1.08587e-16 5.43528e-05 0.000528329 0.00351093 0.0159602 0.0496582 0.105803 0.154426 0.154444 0.105892 0.0499575 0.0168262 0.00569116 0.0053091 0.00919703 0.0152854 0.0224088 0.0290194 0.0335717 0.035364 0.0349023 0.0334156 0.0319331 0.0306868 0.029219 0.026936
 1.06747e-16 5.96977e-05 0.000580283 0.00385618 0.0175297 0.0545414 0.116207 0.169611 0.169628 0.116293 0.0548298 0.0183634 0.00595148 0.005163 0.00878908 0.0145052 0.0210568 0.0268422 0.0302784 0.0306638 0.0285869 0.0254811 0.0226885 0.0207718 0.0194874 0.0182353
 1.10966e-16 3.12641e-05 0.000303898 0.00201951 0.00918043 0.028564 0.0608602 0.0888363 0.0888797 0.0610725 0.0292772 0.0112417 0.00719795 0.0116229 0.0215707 0.0357245 0.0517284 0.0656249 0.0733958 0.0732043 0.0664595 0.0567651 0.0476352 0.0407803 0.0359719 0.032052
 1.0647e-16 6.67683e-05 0.000649011 0.00431291 0.0196059 0.0610011 0.12997 0.189696 0.189703 0.130004 0.0611175 0.0199436 0.00516677 0.00253331 0.00370522 0.00617702 0.00926141 0.0124261 0.015165 0.0172389 0.0187587 0.0199765 0.0209691 0.0215071 0.0212109 0.0198346
 1.05515e-16 5.44613e-05 0.000529383 0.00351794 0.0159921 0.0497574 0.106014 0.154737 0.154763 0.106144 0.0501915 0.0172457 0.00666436 0.00739654 0.0130926 0.0215501 0.031024 0.0389967 0.0429567 0.0417878 0.0364575 0.0293809 0.0229728 0.0185006 0.0159034 0.0143702
 1.09166e-16 3.86204e-05 0.000375404 0.00249469 0.0113405 0.0352848 0.0751792 0.109733 0.109767 0.0753455 0.0358435 0.0129561 0.00655743 0.00926877 0.0170002 0.0282305 0.0410994 0.0525951 0.0596435 0.0607911 0.0569842 0.0507461 0.0444688 0.039213 0.0347333 0.0303095
 1.07699e-16 6.16641e-05 0.000599397 0.00398321 0.0181071 0.0563379 0.120034 0.175196 0.175208 0.120091 0.056527 0.0186547 0.00536394 0.00363399 0.00588538 0.00979173 0.0144767 0.0190056 0.0224641 0.0244387 0.0252112 0.0254356 0.0255725 0.0255655 0.0249758 0.0233799
 1.05847e-16 5.83856e-05 0.000567528 0.00377143 0.0171444 0.0533426 0.113653 0.165884 0.165905 0.113756 0.0536877 0.0181413 0.00627463 0.00603494 0.010451 0.0172104 0.0248503 0.0313958 0.0348872 0.0344557 0.0308499 0.0259196 0.0214753 0.0184063 0.0165747 0.0153033
 1.1013e-16 3.17287e-05 0.000308415 0.00204953 0.00931687 0.0289885 0.0617645 0.090156 0.0901981 0.0619705 0.0296802 0.0113164 0.00707432 0.0112967 0.0209568 0.0347433 0.0503927 0.0641001 0.0719887 0.0722568 0.0661915 0.057156 0.0484156 0.0415403 0.0363263 0.0317801
 1.18245e-16 3.77851e-05 0.000367285 0.00244074 0.0110953 0.0345216 0.0735526 0.107356 0.107377 0.0736527 0.0348587 0.0120734 0.00491315 0.00582122 0.0105629 0.0178424 0.0267338 0.0358044 0.0435874 0.0493944 0.0535721 0.0568941 0.0596294 0.0611418 0.0603278 0.0564419
 1.07529e-16 6.89314e-05 0.000670037 0.00445263 0.020241 0.0629774 0.13418 0.195842 0.195849 0.134216 0.0630969 0.0205869 0.00532361 0.00258076 0.00372612 0.00612782 0.00900826 0.0117413 0.0137577 0.0148489 0.0152963 0.0156462 0.0162973 0.0172272 0.0180335 0.0182048
pSPR Fmed_Fpbrs
0.804674   0.6 0.325
Fs Fmed_Fpbrs
0.104444   0.25687 0.6177
SSBpbr Bo_Bmed_Bpbrs
3.27232e+06  2.46953e+06  1.79977e+06 899887
Ro
313473
SPR SPRFo_SPRFmed_SPRFpbrs
2.23745e+06 1.80042e+06 727172
Fref
0.25687
Nvult_r0
 389306 35052 15929 18009.9 7391.95
CTP_r0
 29542.2 2799.33 1275.65 1442.5 592.061
YTP_r0
391296
Np
 451587 130388 56826.8 5076.59 2962.16
Nvult_p0
 321199 93256.5 40656.4 3632.07 2119.3
CTP_p0
 62638.1 29095.3 2608.24 1184.99 1791.54
 62638.1 19011.1 8307.97 742.293 433.127
YTP_p0
 1.08082e+06 995680
CBA_c0
1.05528e+06
log_Ro
12.4755
likeval ReclasPelacesDesembMPH_pf_preclas_ppelaces_ptallas_desvR_qrecl_qpela
 20.0722 18.2421 0.142872 65.8475 245.943 125.027 99.3071 0 21.1392 3.50436e-05 2.1001e-05 0.713292 5.88258e-16 0 0
q_reclas_q_pelaces
0.432205 0.521014
M
1
N
 312803 75264.1 337362 17142.6 0.509448
 188509 108752 26083 116893 5939.86
 181595 62722.7 35978.7 8626.33 40623.3
 376737 60647.2 20832.4 11946.1 16352.3
 307350 120680 19274.5 6617.93 8989.46
 517310 108018 42302.6 6755.42 5470.1
 221422 174036 36155.2 14155.3 4090.85
 112875 67963.9 52870.8 10977.4 5539.7
 103042 40440.8 24313.5 18912.5 5908.31
 135384 34271.9 13373.6 8037.81 8205.37
 251736 43987.5 11056.8 4312.89 5238.18
 146875 89681.5 15642 3931.4 3396.01
 122952 44242 26708.2 4655.42 2180.73
 214763 35768.8 12699.8 7660.98 1960.8
 161296 60643.6 9949.14 3529.51 2673.94
 737343 50013 18621.5 3053.37 1903.77
 170758 228994 15383.2 5724.61 1523.88
 1.30015e+06 56026 74645.1 5012.64 2361.88
 882705 428747 18360.9 24454.2 2415.89
 525592 281177 135457 5798.23 8485.18
 596018 170297 90447.8 43555.7 4592.67
 775105 195950 55630.5 29535.7 15722.6
 201083 239566 59965.6 17014.9 13842.1
 746065 66458.1 78695.2 19691.4 10132.6
 609450 254105 22536.1 26679.2 10110.8
 276651 207854 86289.9 7651.03 12490.1
 606817 95892.4 71802.2 29802.9 6956.27
 673994 207916 32723.2 24496.9 12541
 205444 233136 71666.7 11277.2 12764
 155922 71176 80494.1 24739.4 8298.95
 588856 52892.4 24033.2 27172.5 11152.7
pred_Ctot
 10912.5 2771.56 12459.6 633.214 0.0188182
 11479.2 6983.3 1679.69 7528.77 382.574
 10664.7 3884.62 2234.7 535.878 2523.59
 31130.7 5279.95 1818.8 1043.13 1427.88
 8709.86 3610.84 578.408 198.628 269.808
 28165.2 6203.11 2436.33 389.123 315.089
 23529.1 19466.1 4055.21 1587.91 458.905
 1865.73 1186.64 925.86 192.263 97.0258
 6297.95 2606.42 1571.51 1222.6 381.947
 10097.8 2694.06 1054.27 633.733 646.949
 5042.54 930.604 234.612 91.5287 111.166
 17098.6 10984.8 1921.21 482.939 417.173
 16573.2 6269.76 3795.21 661.624 309.926
 32239.5 5641.55 2008.41 1211.71 310.136
 16247 6431.15 1058.03 375.397 284.401
 73623.8 5257.74 1963.09 321.936 200.728
 11780.9 16654.4 1121.99 417.594 111.163
 85905.8 3902.79 5214.69 350.235 165.027
 75720 38744.5 1663.89 2216.41 218.966
 40031.4 22569.1 10903.6 466.796 683.119
 40427.6 12177.3 6486.06 3123.88 329.395
 79437.8 21141.4 6018.78 3196 1701.32
 13028.4 16365.2 4108.09 1165.82 948.437
 35199.7 3308.16 3928.69 983.201 505.928
 28269 12435.9 1106.12 1309.67 496.338
 10155.7 8053.57 3353.21 297.363 485.441
 26476.4 4414.91 3315.42 1376.34 321.254
 25580.6 8328.66 1314.66 984.315 503.918
 7602.41 9105.72 2807.32 441.817 500.072
 7728.8 3721.98 4221.45 1297.64 435.302
 29542.2 2799.33 1275.65 1442.5 592.061
F
 0.0565009 0.0597196 0.0598992 0.0599087 0.0599092
 0.100424 0.106145 0.106464 0.106481 0.106482
 0.0967029 0.102212 0.102519 0.102535 0.102536
 0.138404 0.146289 0.146728 0.146752 0.146753
 0.0456918 0.0482947 0.04844 0.0484476 0.048448
 0.0893823 0.0944742 0.0947583 0.0947733 0.0947741
 0.181093 0.191409 0.191985 0.192015 0.192017
 0.0264386 0.0279448 0.0280288 0.0280332 0.0280335
 0.100812 0.106555 0.106875 0.106892 0.106893
 0.124207 0.131283 0.131677 0.131698 0.131699
 0.0321157 0.0339452 0.0340473 0.0340527 0.034053
 0.199904 0.211292 0.211928 0.211961 0.211963
 0.234715 0.248087 0.248833 0.248872 0.248874
 0.264519 0.279588 0.280429 0.280474 0.280476
 0.170957 0.180696 0.18124 0.181268 0.18127
 0.169357 0.179005 0.179543 0.179572 0.179573
 0.114432 0.120951 0.121315 0.121334 0.121335
 0.109365 0.115596 0.115943 0.115962 0.115963
 0.144007 0.152211 0.152668 0.152692 0.152694
 0.126978 0.134212 0.134615 0.134637 0.134638
 0.112411 0.118815 0.119172 0.119191 0.119192
 0.174167 0.184089 0.184643 0.184672 0.184674
 0.107145 0.113249 0.11359 0.113608 0.113609
 0.0770639 0.0814541 0.0816991 0.081712 0.0817127
 0.0757218 0.0800355 0.0802762 0.0802889 0.0802896
 0.0595283 0.0629195 0.0631087 0.0631187 0.0631192
 0.071092 0.0751419 0.0753679 0.0753798 0.0753804
 0.0615988 0.065108 0.0653038 0.0653141 0.0653147
 0.0600193 0.0634385 0.0636293 0.0636393 0.0636399
 0.0810987 0.0857187 0.0859765 0.0859901 0.0859908
 0.0821157 0.0867937 0.0870547 0.0870685 0.0870692
YTP_r0W_actual
 245201 39470.5 35207.8 49333.4 22083.9
YTP_p0W_proyectada
 469160 455923 60328.5 34803.1 60607.8
 469160 297904 192163 21801.1 14652.7
CTP_r0_actual
 29542.2 2799.33 1275.65 1442.5 592.061
CTP_p0_proyectada
 62638.1 29095.3 2608.24 1184.99 1791.54
 62638.1 19011.1 8307.97 742.293 433.127
Wmedp
 7.49 15.67 23.13 29.37 33.83
Frms_r0
 0.0821157 0.0867937 0.0870547 0.0870685 0.0870692
Zrms_r0
 1.08212 1.08679 1.08705 1.08707 1.08707
nmprior
 8.19 8.8 8.5 0
nm_flota  nm_reclas  nm_pelaces    nm_pelaL
inf 10.5887 17.3349 40.7942
cv_recla  cv_pelaces  cv_mph
0.405249 0.484294 0.75127
 ------------------------------------------------
Talla a la edad & desviaci?n 
 8 13.2811 15.8009 17.003 17.5766
 0.8 1.32811 1.58009 1.7003 1.75766
