years
 1991 1992 1993 1994 1995 1996 1997 1998 1999 2000 2001 2002 2003 2004 2005 2006 2007 2008 2009 2010 2011 2012 2013 2014 2015 2016 2017 2018 2019 2020 2021
reclasobs
 0 0 0 0 0 0 0 0 0 252601 567819 844713 477998 351125 339783 2.1784e+06 2.13404e+06 4.81314e+06 1.55562e+06 2.62356e+06 3.21686e+06 3.843e+06 1.13348e+06 3.07943e+06 1.97215e+06 2.03268e+06 2.025e+06 2.42433e+06 2.27542e+06 1.05018e+06 2.36338e+06
reclaspred
 4.03293e+06 2.08031e+06 673267 674143 81665.8 3.15156e+06 1.22464e+06 207806 1.0264e+06 195620 893078 1.41364e+06 256251 1.73347e+06 205820 2.05913e+06 914684 3.14224e+06 5.91467e+06 2.29423e+06 2.52122e+06 2.91497e+06 1.19249e+06 3.66236e+06 2.63751e+06 1.13751e+06 1.96014e+06 4.09177e+06 3.18699e+06 552769 1.22649e+06
pelacesobs
 0 0 0 0 0 0 0 0 0 0 0 0 0 0 0 552880 188675 0 991730 2.46772e+06 1.41603e+06 1.21717e+06 2.29649e+06 1.80582e+06 0 1.4828e+06 1.56532e+06 1.57751e+06 1.42118e+06 867257 1.10002e+06
pelacespred
 4.08483e+06 1.32815e+06 414901 235709 22801.2 1.66739e+06 692417 160033 502868 73291.4 468680 719673 90107.5 999803 83077.4 839525 480385 1.56615e+06 3.4473e+06 1.69459e+06 1.23414e+06 1.3004e+06 675019 2.19022e+06 1.77222e+06 786903 1.20879e+06 2.6864e+06 2.49727e+06 431372 588660
mphobs
 0 0 0 0 0 0 0 0 0 0 0 498337 0 5186 125008 0 168611 109162 213762 579715 649985 157893 87575 83554 0 0 0 0 0 0 0
mphpred
 988762 296086 204931 31791.8 44358 2090.13 415853 66504.3 10489.2 97724.9 5278.4 147848 118703 7497.43 126333 6299.86 258232 53140.1 364966 696823 198127 204378 330130 84702.4 457712 296687 71881.8 209462 680803 239589 18782.4
desembarqueobs
 494567 514787 250237 358949 120608 361735 552515 73892 212993 205616 52469 317467 293654 387597 252695 516296 358380 742168 942051 627588 828172 859565 418607 520667 417249 300574 415391 372974 316634 284311 391294
desembarquepred
 494444 514660 249384 358108 120447 361362 551425 73834.4 212685 205238 52439.8 316761 292792 386692 251806 515278 357731 740525 939821 625112 826068 857396 417675 519967 416388 299876 414542 372464 316096 283182 390639
Reclutas
 181.897 177361 251.034 111306 153.646 284630 147.05 41.5583 62014.2 193.661 83002.5 111156 5746.7 152504 2456.32 286804 498.609 350420 544115 4142.63 189633 407582 460.201 211302 122043 2172.1 138002 224233 1644.72 549.93 108893
log_desv_Rt
 -4.27398 2.60853 -3.95183 2.14263 -4.44276 3.08153 -4.48664 -5.75032 1.5577 -4.2113 1.84921 2.14127 -0.821034 2.45753 -1.67099 3.08914 -3.26559 3.28947 3.7295 -1.14833 2.67543 3.44058 -3.34575 2.78363 2.23472 -1.79396 2.35761 2.84303 -2.07209 -3.16762 2.1207
SSB
 1.07495e+06 321894 222794 34562.9 48224.5 2272.32 452100 72301.1 11403.5 106243 5738.49 160735 129050 8150.94 137345 6848.98 280740 57772 396778 757561 215397 222192 358905 92085.4 497608 322548 78147.4 227719 740144 260473 20419.5
BT
 1.37188e+06 981611 324047 410935 96644.3 1.25543e+06 679571 105606 463379 194441 297730 572242 268695 973058 281748 871035 413226 1.52429e+06 2.55651e+06 1.06038e+06 1.26586e+06 1.36177e+06 518394 1.64764e+06 1.00101e+06 458823 1.06677e+06 1.68377e+06 932124 409570 697895
Ftot
 0.523477 1.32927 1.35168 3.03284 3.37242 0.847192 1.56861 1.34534 1.45026 2.79339 0.43633 1.19437 3.07747 1.57243 3.16457 1.75007 1.40734 1.60032 0.979406 1.05016 1.79219 1.73519 1.28865 0.973134 0.77019 1.03268 1.39214 0.595679 0.414118 1.78818 2.1227
BD_Bspro_t
 0.919808 0.479765 0.320072 0.0776349 0.0876536 0.00617886 0.442009 0.105965 0.0286397 0.216945 0.0235915 0.48425 0.261869 0.0254464 0.233534 0.018336 0.291857 0.0804507 0.314836 0.400702 0.140122 0.150801 0.234886 0.0860438 0.355499 0.314128 0.134987 0.332532 0.581735 0.324171 0.0533191
BD_Bspro
 11.5304 3.45279 2.3898 0.370738 0.517279 0.024374 4.84945 0.775537 0.122319 1.13961 0.0615539 1.72412 1.38425 0.087431 1.47323 0.0734655 3.01136 0.619691 4.25604 8.12597 2.31045 2.38334 3.84979 0.987753 5.33758 3.4598 0.838247 2.44263 7.93915 2.79396 0.21903
BD_Bo
 0.833706 0.249654 0.172794 0.0268062 0.0374019 0.00176236 0.350639 0.0560752 0.00884429 0.0823998 0.00445066 0.124663 0.100088 0.0063217 0.106522 0.00531193 0.217736 0.0448067 0.307733 0.587548 0.167057 0.172328 0.278359 0.0714195 0.385934 0.250161 0.0606094 0.176614 0.57404 0.202018 0.015837
BD_Brms
 1.51583 0.453917 0.314172 0.0487386 0.0680034 0.00320429 0.637526 0.101955 0.0160805 0.149818 0.0080921 0.226659 0.181979 0.011494 0.193676 0.00965805 0.395884 0.0814668 0.559515 1.06827 0.303741 0.313323 0.506108 0.129854 0.701699 0.454838 0.110199 0.321117 1.04371 0.367305 0.0287945
Sel_flota
 0.426677 0.984113 0.999806 0.999998 1
 0.426677 0.984113 0.999806 0.999998 1
 0.426677 0.984113 0.999806 0.999998 1
 0.426677 0.984113 0.999806 0.999998 1
 0.426677 0.984113 0.999806 0.999998 1
 0.426677 0.984113 0.999806 0.999998 1
 0.426677 0.984113 0.999806 0.999998 1
 0.426677 0.984113 0.999806 0.999998 1
 0.426677 0.984113 0.999806 0.999998 1
 0.426677 0.984113 0.999806 0.999998 1
 0.426677 0.984113 0.999806 0.999998 1
 0.426677 0.984113 0.999806 0.999998 1
 0.426677 0.984113 0.999806 0.999998 1
 0.426677 0.984113 0.999806 0.999998 1
 0.426677 0.984113 0.999806 0.999998 1
 0.426677 0.984113 0.999806 0.999998 1
 0.426677 0.984113 0.999806 0.999998 1
 0.426677 0.984113 0.999806 0.999998 1
 0.426677 0.984113 0.999806 0.999998 1
 0.426677 0.984113 0.999806 0.999998 1
 0.426677 0.984113 0.999806 0.999998 1
 0.426677 0.984113 0.999806 0.999998 1
 0.426677 0.984113 0.999806 0.999998 1
 0.426677 0.984113 0.999806 0.999998 1
 0.426677 0.984113 0.999806 0.999998 1
 0.426677 0.984113 0.999806 0.999998 1
 0.426677 0.984113 0.999806 0.999998 1
 0.426677 0.984113 0.999806 0.999998 1
 0.426677 0.984113 0.999806 0.999998 1
 0.426677 0.984113 0.999806 0.999998 1
 0.426677 0.984113 0.999806 0.999998 1
Sel_reclas
 0.712723 0.925848 0.984335 0.996848 0.999372
 0.712723 0.925848 0.984335 0.996848 0.999372
 0.712723 0.925848 0.984335 0.996848 0.999372
 0.712723 0.925848 0.984335 0.996848 0.999372
 0.712723 0.925848 0.984335 0.996848 0.999372
 0.712723 0.925848 0.984335 0.996848 0.999372
 0.712723 0.925848 0.984335 0.996848 0.999372
 0.712723 0.925848 0.984335 0.996848 0.999372
 0.712723 0.925848 0.984335 0.996848 0.999372
 0.712723 0.925848 0.984335 0.996848 0.999372
 0.712723 0.925848 0.984335 0.996848 0.999372
 0.712723 0.925848 0.984335 0.996848 0.999372
 0.712723 0.925848 0.984335 0.996848 0.999372
 0.712723 0.925848 0.984335 0.996848 0.999372
 0.712723 0.925848 0.984335 0.996848 0.999372
 0.712723 0.925848 0.984335 0.996848 0.999372
 0.712723 0.925848 0.984335 0.996848 0.999372
 0.712723 0.925848 0.984335 0.996848 0.999372
 0.712723 0.925848 0.984335 0.996848 0.999372
 0.712723 0.925848 0.984335 0.996848 0.999372
 0.712723 0.925848 0.984335 0.996848 0.999372
 0.712723 0.925848 0.984335 0.996848 0.999372
 0.712723 0.925848 0.984335 0.996848 0.999372
 0.712723 0.925848 0.984335 0.996848 0.999372
 0.712723 0.925848 0.984335 0.996848 0.999372
 0.712723 0.925848 0.984335 0.996848 0.999372
 0.712723 0.925848 0.984335 0.996848 0.999372
 0.712723 0.925848 0.984335 0.996848 0.999372
 0.712723 0.925848 0.984335 0.996848 0.999372
 0.712723 0.925848 0.984335 0.996848 0.999372
 0.712723 0.925848 0.984335 0.996848 0.999372
Sel_pelaces
 0.360959 0.739763 0.934666 0.986301 0.997248
 0.360959 0.739763 0.934666 0.986301 0.997248
 0.360959 0.739763 0.934666 0.986301 0.997248
 0.360959 0.739763 0.934666 0.986301 0.997248
 0.360959 0.739763 0.934666 0.986301 0.997248
 0.360959 0.739763 0.934666 0.986301 0.997248
 0.360959 0.739763 0.934666 0.986301 0.997248
 0.360959 0.739763 0.934666 0.986301 0.997248
 0.360959 0.739763 0.934666 0.986301 0.997248
 0.360959 0.739763 0.934666 0.986301 0.997248
 0.360959 0.739763 0.934666 0.986301 0.997248
 0.360959 0.739763 0.934666 0.986301 0.997248
 0.360959 0.739763 0.934666 0.986301 0.997248
 0.360959 0.739763 0.934666 0.986301 0.997248
 0.360959 0.739763 0.934666 0.986301 0.997248
 0.360959 0.739763 0.934666 0.986301 0.997248
 0.360959 0.739763 0.934666 0.986301 0.997248
 0.360959 0.739763 0.934666 0.986301 0.997248
 0.360959 0.739763 0.934666 0.986301 0.997248
 0.360959 0.739763 0.934666 0.986301 0.997248
 0.360959 0.739763 0.934666 0.986301 0.997248
 0.360959 0.739763 0.934666 0.986301 0.997248
 0.360959 0.739763 0.934666 0.986301 0.997248
 0.360959 0.739763 0.934666 0.986301 0.997248
 0.360959 0.739763 0.934666 0.986301 0.997248
 0.360959 0.739763 0.934666 0.986301 0.997248
 0.360959 0.739763 0.934666 0.986301 0.997248
 0.360959 0.739763 0.934666 0.986301 0.997248
 0.360959 0.739763 0.934666 0.986301 0.997248
 0.360959 0.739763 0.934666 0.986301 0.997248
 0.360959 0.739763 0.934666 0.986301 0.997248
pf_obs 
 0.8446 0.082 0.0669 0.0065 0
 0.8095 0.147 0.0364 0.0071 0
 0.9664 0.0169 0.016 0.0007 0
 0.9276 0.0648 0.0075 0.0001 0
 0.7033 0.2144 0.0806 0.0017 0
 0.9318 0.0425 0.0243 0.0014 0
 0.5671 0.3108 0.0964 0.0239 0.0018
 0.0768 0.2599 0.5324 0.112 0.0189
 0.490249 0.384438 0.106611 0.0170017 0.00170017
 0.7925 0.1577 0.0466 0.003 0.0002
 0.840416 0.127587 0.0312969 0.00059994 9.999e-05
 0.8084 0.0986 0.0794 0.0134 0.0002
 0.7335 0.1905 0.0724 0.0035 0.0001
 0.4001 0.4547 0.1325 0.0127 0
 0.49795 0.308269 0.164784 0.0264974 0.00249975
 0.9179 0.0499 0.0305 0.0017 0
 0.2467 0.6533 0.0926 0.0074 0
 0.9418 0.0223 0.034 0.0019 0
 0.707729 0.231977 0.0356964 0.0245975 0
 0.517169 0.277429 0.184464 0.0207286 0.00020938
 0.811772 0.124168 0.05621 0.00726502 0.000585176
 0.764997 0.148141 0.077277 0.00933861 0.000247198
 0.163321 0.427699 0.378323 0.0303852 0.000271297
 0.753843 0.0900009 0.118128 0.0371064 0.000921714
 0.721811 0.176058 0.0630433 0.0369309 0.00215725
 0.143369 0.312575 0.442814 0.0836902 0.0175525
 0.692698 0.0596174 0.167031 0.0765114 0.00414204
 0.394062 0.376323 0.152708 0.0712218 0.00568511
 0.125707 0.32114 0.495352 0.0537591 0.00404204
 0.23352 0.215282 0.420074 0.123614 0.00750983
 0.796117 0.104755 0.0508955 0.0450114 0.00322123
pf_pred 
 0.00129841 0.254899 0.565992 0.17781 5.87073e-07
 0.869832 0.000467774 0.033621 0.0731157 0.022964
 0.00366268 0.95876 0.000139153 0.00970736 0.0277309
 0.952777 0.000643596 0.0448735 6.31928e-06 0.00169954
 0.0095698 0.984509 8.49818e-05 0.00562288 0.000213615
 0.998877 9.10172e-05 0.00102618 8.36601e-08 5.74172e-06
 0.00117134 0.998472 2.95699e-05 0.000325383 1.84658e-06
 0.00400538 0.00474591 0.990906 2.83998e-05 0.000314156
 0.984296 0.000239051 7.5928e-05 0.0153838 5.31622e-06
 0.0104797 0.985617 6.12999e-05 1.88691e-05 0.00382295
 0.992089 0.000541887 0.00734171 4.3482e-07 2.72348e-05
 0.705937 0.293196 6.04973e-05 0.000803478 3.02743e-06
 0.126592 0.781168 0.0919758 1.84485e-05 0.000245857
 0.988216 0.0063286 0.00490634 0.000547885 1.5734e-06
 0.0562552 0.941053 0.00146733 0.00110079 0.000123228
 0.995885 0.00136183 0.0027458 4.05551e-06 3.38078e-06
 0.00562694 0.993462 0.000308534 0.000600661 1.62604e-06
 0.977352 0.000480019 0.0221479 6.66971e-06 1.3015e-05
 0.814765 0.184234 2.1908e-05 0.000977874 8.68765e-07
 0.0154918 0.919743 0.0644247 7.46617e-06 0.000333448
 0.853524 0.0072961 0.130249 0.00888399 4.69958e-05
 0.878242 0.117416 0.000223708 0.00385395 0.000264146
 0.00346566 0.965954 0.0295261 5.4328e-05 0.000999665
 0.934681 0.000817299 0.0625783 0.00185749 6.6283e-05
 0.542692 0.447821 0.000121747 0.00908554 0.000279219
 0.0272374 0.758623 0.2098 5.57162e-05 0.00428447
 0.928191 0.00610437 0.051536 0.0138814 0.000287075
 0.794462 0.201535 0.000349965 0.00286562 0.000787533
 0.0110519 0.90509 0.0822595 0.000139802 0.00145896
 0.0182915 0.0280959 0.874198 0.0779006 0.00151367
 0.982933 0.00135847 0.00046536 0.0139738 0.00126886
pobs_RECLAS
 0 0 0 0 0
 0 0 0 0 0
 0 0 0 0 0
 0 0 0 0 0
 0 0 0 0 0
 0 0 0 0 0
 0 0 0 0 0
 0 0 0 0 0
 0 0 0 0 0
 0 0 0 0 0
 0.991045 0.00858322 0.000360255 1.14367e-05 0
 0.934742 0.0480273 0.0164251 0.00080598 0
 0.827803 0.169806 0.00239088 0 0
 0.941827 0.0461693 0.0120037 0 0
 0.791401 0.0380133 0.147996 0.0225897 0
 0.846168 0.0940531 0.0597789 0 0
 0.134021 0.677848 0.182769 0.00536245 0
 0.80878 0.0450904 0.141981 0.00414843 0
 0.846168 0.0940531 0.0597789 0 0
 0.905697 0.0802665 0.012482 0.00150086 5.37128e-05
 0.989698 0.0102097 9.19794e-05 0 0
 0.975433 0.0193895 0.00387452 0.00125025 5.28907e-05
 0.303575 0.632131 0.0575291 0.00676475 0
 0.966965 0.00978017 0.0227588 0.000495775 0
 0.843318 0.132988 0.00938335 0.0141283 0.000182051
 0.564624 0.303363 0.111486 0.0197234 0.00080311
 0.826376 0.0876187 0.0782897 0.00655872 0.00115652
 0.89761 0.0855135 0.0140674 0.00269457 0.000114338
 0.34875 0.467042 0.161289 0.0227151 0.000203297
 0.318654 0.224769 0.449479 0.00709798 0
 0.937255 0.0296025 0.0250945 0.00804832 0
ppred_RECLAS
 0.00229561 0.245756 0.570485 0.181462 6.00649e-07
 0.926555 0.00025076 0.0187912 0.0413749 0.0130278
 0.00725581 0.953237 0.000144232 0.0101872 0.0291753
 0.98067 0.000254963 0.0183665 2.61841e-06 0.000705989
 0.0261026 0.967823 8.61251e-05 0.0057688 0.000219712
 0.99938 4.82865e-05 0.000568613 4.6936e-08 3.22944e-06
 0.00239616 0.997228 3.07595e-05 0.00034269 1.94971e-06
 0.00762279 0.00453659 0.987494 2.8655e-05 0.00031778
 0.991731 0.00011941 3.95231e-05 0.00810762 2.80885e-06
 0.0256453 0.97032 6.24425e-05 1.94587e-05 0.00395237
 0.995457 0.000298442 0.00422802 2.53541e-07 1.59206e-05
 0.824393 0.175061 3.76812e-05 0.000506697 1.91402e-06
 0.274552 0.646586 0.0786331 1.59671e-05 0.000213326
 0.9941 0.00310664 0.00250844 0.000283604 8.16504e-07
 0.137032 0.860413 0.00138494 0.00105181 0.000118042
 0.997982 0.000649984 0.0013638 2.03939e-06 1.70439e-06
 0.0112247 0.987824 0.000319749 0.000630256 1.71047e-06
 0.988414 0.000236014 0.0113402 3.45756e-06 6.76403e-06
 0.893641 0.105752 1.31287e-05 0.000593324 5.28456e-07
 0.0293183 0.904219 0.0661076 7.75686e-06 0.000347307
 0.922138 0.00373206 0.0693176 0.00478685 2.53862e-05
 0.937827 0.0598425 0.000118658 0.00206964 0.00014221
 0.00682095 0.961424 0.0306448 5.709e-05 0.00105314
 0.963204 0.000441065 0.0352578 0.00105962 3.79072e-05
 0.689373 0.303819 8.62911e-05 0.00652009 0.000200884
 0.050587 0.733291 0.211677 5.69167e-05 0.00438786
 0.961325 0.00315732 0.027784 0.00757702 0.000157093
 0.876861 0.120606 0.000218906 0.00181488 0.000500029
 0.0198471 0.893555 0.0849233 0.000146135 0.0015289
 0.0364291 0.0265074 0.858134 0.0774209 0.00150816
 0.991872 0.000617717 0.00021979 0.00668184 0.000608266
pobs_PELACES
 0 0 0 0 0
 0 0 0 0 0
 0 0 0 0 0
 0 0 0 0 0
 0 0 0 0 0
 0 0 0 0 0
 0 0 0 0 0
 0 0 0 0 0
 0 0 0 0 0
 0 0 0 0 0
 0 0 0 0 0
 0 0 0 0 0
 0 0 0 0 0
 0 0 0 0 0
 0 0 0 0 0
 0 0 0 0 0
 0.505614 0.472636 0.0217494 0 0
 0 0 0 0 0
 0.443492 0.261883 0.143347 0.151278 0
 0.227955 0.32914 0.350689 0.0885471 0.00366901
 0.970185 0.0296113 0.000203453 0 0
 0.997202 0.00247181 0.000326279 0 0
 0.445219 0.490057 0.0546422 0.010081 0
 0.90214 0.0892962 0.00764917 0.000914606 0
 0 0 0 0 0
 0.581667 0.319106 0.0959925 0.00289975 0.000334073
 0.762889 0.0836404 0.116647 0.0363945 0.000428098
 0.88444 0.0763242 0.0277011 0.0115352 0
 0.521256 0.241999 0.230069 0.00667565 0
 0.616807 0.101726 0.260614 0.0208532 0
 0.833518 0.0704572 0.0857862 0.0102388 0
ppred_PELACES
 0.00139612 0.214153 0.589178 0.195272 6.51885e-07
 0.893424 0.00029872 0.0264199 0.06061 0.0192474
 0.00585048 0.945663 0.000168857 0.0124263 0.0358918
 0.979602 0.000229999 0.0193827 2.87879e-06 0.000782824
 0.0305846 0.962071 9.99808e-05 0.00697665 0.000267984
 0.999021 6.51634e-05 0.000907926 7.80878e-08 5.41875e-06
 0.0020274 0.997513 3.6269e-05 0.000421 2.41572e-06
 0.00525982 0.00385588 0.990519 2.99474e-05 0.00033495
 0.987805 0.000143705 5.61025e-05 0.0119909 4.18969e-06
 0.0271075 0.967943 7.29614e-05 2.36874e-05 0.00485239
 0.992262 0.000433132 0.00727575 4.54614e-07 2.87906e-05
 0.787421 0.211768 5.38356e-05 0.000754271 2.87355e-06
 0.293225 0.618527 0.0879786 1.86114e-05 0.000250779
 0.992437 0.00366402 0.00348734 0.000410797 1.1928e-06
 0.152575 0.844436 0.00158904 0.00125725 0.000142303
 0.997417 0.000742778 0.0018354 2.85957e-06 2.41026e-06
 0.00923372 0.98961 0.000377911 0.000776114 2.12432e-06
 0.984069 0.000276179 0.0156399 4.9683e-06 9.80251e-06
 0.86429 0.134758 1.97809e-05 0.000931445 8.36698e-07
 0.0224237 0.899417 0.0777208 9.50189e-06 0.000429074
 0.899059 0.00412837 0.0902823 0.00649572 3.47432e-05
 0.928806 0.0679521 0.000158689 0.0028838 0.000199846
 0.00545567 0.957158 0.0360154 6.99073e-05 0.0013006
 0.943798 0.00057008 0.0538841 0.00168731 6.08782e-05
 0.617235 0.372475 0.000125221 0.00985846 0.000306335
 0.0377238 0.713458 0.243447 6.82038e-05 0.00530294
 0.945416 0.00379201 0.0393709 0.0111868 0.000233917
 0.833674 0.162129 0.000348636 0.00301171 0.000836864
 0.0134424 0.884775 0.0997168 0.000178793 0.00188656
 0.0275203 0.0227368 0.866676 0.0814662 0.00160052
 0.989551 0.000657969 0.000275176 0.00871579 0.000800201
pobs_pel_tallas
 0 0 0 0 0 0 0 0 0 0 0 0 0 0 0 0 0 0 0 0 0 0 0 0 0 0
 0 0 0 0 0 0 0 0 0 0 0 0 0 0 0 0 0 0 0 0 0 0 0 0 0 0
 0 0 0 0 0 0 0 0 0 0 0 0 0 0 0 0 0 0 0 0 0 0 0 0 0 0
 0 0 0 0 0 0 0 0 0 0 0 0 0 0 0 0 0 0 0 0 0 0 0 0 0 0
 0 0 0 0 0 0 0 0 0 0 0 0 0 0 0 0 0 0 0 0 0 0 0 0 0 0
 0 0 0 0 0 0 0 0 0 0 0 0 0 0 0 0 0 0 0 0 0 0 0 0 0 0
 0 0 0 0 0 0 0 0 0 0 0 0 0 0 0 0 0 0 0 0 0 0 0 0 0 0
 0 0 0 0 0 0 0 0 0 0 0 0 0 0 0 0 0 0 0 0 0 0 0 0 0 0
 0 0 0 0 0 0 0 0 0 0 0 0 0 0 0 0 0 0 0 0 0 0 0 0 0 0
 0 0 0 0 0 0 0 0 0 0 0 0 0 0 0 0 0 0 0 0 0 0 0 0 0 0
 0 0 0 0 0 0 0 0 0 0 0 0 0 0 0 0 0 0 0 0 0 0 0 0 0 0
 0 0 0 0 0 0 0 0 0 0 0 0 0 0 0 0 0 0 0 0 0 0 0 0 0 0
 0.00862536 0 0 0.000197151 0.00414017 0.0128641 0.00837892 0.0270097 0.101434 0.158115 0.152841 0.127902 0.109271 0.109419 0.0830992 0.0579132 0.0238553 0.00714673 0.00463305 0.00128148 0.00103504 0.000492878 0.000147863 0.000147863 4.92878e-05 0
 0 0 0 0 0 0 0 0 0 0 0 0 0 0 0 0 0 0 0 0 0 0 0 0 0 0
 0 0 0 0 0 0 0 0.0054083 0.00873648 0.0413646 0.0450493 0.0745869 0.0622846 0.0627006 0.0613931 0.0827291 0.12552 0.122667 0.0946155 0.0697135 0.0546179 0.0294188 0.0215738 0.0213955 0.0102223 0.00600262
 0 0 0 0 0.00359764 0.0251062 0.0480494 0.140153 0.205849 0.193036 0.1447 0.116669 0.0760912 0.0342217 0.00950174 0.001854 0.000860785 0 0 0 0.000165536 0 0.000143464 0 0 0
 0 0 0 0 0 0 0 0.000145254 0.000435761 0.0275982 0.070085 0.0708112 0.156366 0.174668 0.174014 0.160142 0.0824315 0.0480064 0.0283245 0.00493863 0.00203355 0 0 0 0 0
 0 0 0 0 0 0 0 0 0 0 0 0 0 0 0 0 0 0 0 0 0 0 0 0 0 0
 0 0 1.00437e-05 0.000401748 0.00122533 0.00171747 0.00176769 0.0269171 0.070346 0.194647 0.189555 0.159765 0.064822 0.0314167 0.0384472 0.0292271 0.0345202 0.0313363 0.0194345 0.0106764 0.0143323 0.0359363 0.0279516 0.0138201 0.00172751 0
 0 0.0021121 0.0136068 0.0755702 0.200478 0.177729 0.0527432 0.0373336 0.0318909 0.0142505 0.0149659 0.0166563 0.0217959 0.0798694 0.0677717 0.0528807 0.04013 0.0224614 0.0357745 0.0225083 0.00881397 0.00855152 0.00135912 0.000746735 0 0
 0 0 0 0 5.4009e-05 0.00500934 0.000945158 0.0243581 0.138947 0.33067 0.221406 0.137944 0.0707744 0.0437923 0.0131692 0.00525238 0.0047753 0.00276346 9.45158e-05 9.00151e-06 2.25038e-05 9.00151e-06 4.50075e-06 0 0 0
 0.000866109 0.00284123 0.00948549 0.0512746 0.133035 0.25785 0.225252 0.132002 0.0553304 0.0519788 0.0540692 0.017754 0.00435017 0.00159236 0.00146478 0.000404838 0.000125132 0.000115318 0.000107957 0.000100596 0 0 0 0 0 0
 0 0 0 0 0.00144013 0.00171154 0.00461396 0.0210425 0.0478622 0.0707936 0.0888783 0.103762 0.0637923 0.0337046 0.0602308 0.124433 0.169614 0.0934646 0.0462172 0.0250306 0.0313229 0.00938855 0.002487 0.000210481 0 0
 0 0.00764035 0.051015 0.0998891 0.058973 0.0496711 0.0374665 0.0718981 0.12319 0.153886 0.159021 0.0857701 0.0377988 0.023471 0.0147837 0.00900784 0.00315554 0.000888139 0.00291439 0.00214683 0.00393193 0.00274676 0.000635225 9.99891e-05 0 0
 0 0 0 0 0 0 0 0 0 0 0 0 0 0 0 0 0 0 0 0 0 0 0 0 0 0
 0 0 0 0 0 0 0 0 0 0 0 0 0 0 0 0 0 0 0 0 0 0 0 0 0 0
 0 0 0 0 0 0 0 0 0 0 0 0 0 0 0 0 0 0 0 0 0 0 0 0 0 0
 0 0 0 0 0 0 0 0 0 0 0 0 0 0 0 0 0 0 0 0 0 0 0 0 0 0
 0 0 0 0 0 0 0 0 0 0 0 0 0 0 0 0 0 0 0 0 0 0 0 0 0 0
 0 0 0 0 0 0 0 0 0 0 0 0 0 0 0 0 0 0 0 0 0 0 0 0 0 0
 0 0 0 0 0 0 0 0 0 0 0 0 0 0 0 0 0 0 0 0 0 0 0 0 0 0
ppred_pel_tallas
 1.36641e-16 1.15044e-07 1.11829e-06 7.43243e-06 3.37999e-05 0.000105279 0.000225101 0.000333048 0.000354617 0.000330936 0.000463355 0.00108005 0.00267915 0.00598458 0.0118087 0.0206898 0.0325459 0.0466969 0.0623318 0.0789686 0.0962832 0.113286 0.127656 0.136121 0.135885 0.126127
 1.10099e-16 7.35901e-05 0.000715322 0.00475357 0.021609 0.0672337 0.143249 0.209075 0.209076 0.143249 0.0672356 0.0216154 0.00477307 0.000770214 0.000215342 0.000341996 0.000737794 0.00148919 0.00277278 0.00476099 0.00754002 0.0110192 0.0148714 0.0185505 0.021406 0.0228666
 1.07567e-16 4.82093e-07 4.6862e-06 3.11459e-05 0.000141641 0.000441184 0.000943351 0.00139591 0.00148685 0.0013876 0.00193226 0.00444574 0.0108251 0.0235354 0.0445941 0.0734747 0.10527 0.131194 0.142325 0.134626 0.11148 0.0816113 0.0541082 0.0343071 0.0228841 0.0175554
 1.00693e-16 8.06885e-05 0.000784321 0.00521209 0.0236934 0.0737189 0.157066 0.229242 0.229242 0.157066 0.0737199 0.0236966 0.00522166 0.000809963 0.00014326 0.000145191 0.000285002 0.000531899 0.00090858 0.001417 0.00201434 0.00260664 0.00306814 0.00328447 0.00319976 0.00284095
 1.00994e-16 2.51941e-06 2.44897e-05 0.000162747 0.000739881 0.00230254 0.00490923 0.00718455 0.00727706 0.00536114 0.00381929 0.00511791 0.0111415 0.0239556 0.0453475 0.0746906 0.106953 0.133148 0.144128 0.135693 0.111183 0.0794079 0.0496304 0.0274224 0.013749 0.00664913
 1.00028e-16 8.22881e-05 0.000799869 0.00531541 0.0241631 0.0751804 0.16018 0.233787 0.233787 0.16018 0.0751805 0.0241635 0.00531648 0.000802418 8.77669e-05 1.65001e-05 1.95596e-05 3.22215e-05 5.02289e-05 7.31246e-05 9.9005e-05 0.000123909 0.000142473 0.000149752 0.000143389 0.000124817
 1.00299e-16 1.67202e-07 1.62536e-06 1.08057e-05 4.91802e-05 0.000153533 0.000330663 0.000502719 0.000598633 0.000799208 0.0017261 0.00458829 0.0113933 0.0248123 0.0470099 0.0774272 0.110858 0.137978 0.149289 0.14042 0.114824 0.0816341 0.0504723 0.0271546 0.0127348 0.00523224
 1.28645e-16 4.3325e-07 4.21134e-06 2.79859e-05 0.000127221 0.00039584 0.000843442 0.0012314 0.0012333 0.000853437 0.000433802 0.000256257 0.000424861 0.0011114 0.00280635 0.00646517 0.0135462 0.0258023 0.0446513 0.0701499 0.0999839 0.129206 0.151317 0.160547 0.15429 0.134291
 1.01205e-16 8.13642e-05 0.000790889 0.00525574 0.0238918 0.0743363 0.158381 0.231162 0.231162 0.158381 0.0743366 0.0238928 0.00525851 0.000797928 9.78384e-05 4.18003e-05 7.50183e-05 0.000147059 0.000274047 0.000480482 0.000786393 0.00119363 0.00167259 0.00215765 0.00255839 0.00278612
 1.01074e-16 2.23301e-06 2.17058e-05 0.000144247 0.000655783 0.00204088 0.00435176 0.00637103 0.0064641 0.00480642 0.00356685 0.00506041 0.0111896 0.0240977 0.0456206 0.0751379 0.107586 0.13392 0.14493 0.136386 0.111648 0.0795903 0.0495474 0.0271507 0.0133944 0.0063164
 1.00216e-16 8.17313e-05 0.000794457 0.00527945 0.0239996 0.0746717 0.159096 0.232205 0.232205 0.159096 0.0746726 0.0240024 0.00528698 0.000812663 0.000121432 8.46892e-05 0.00014485 0.00024572 0.000388962 0.000573026 0.000782374 0.000984424 0.00113533 0.001195 0.00114454 0.00099574
 1.00132e-16 6.48589e-05 0.000630451 0.00418957 0.0190452 0.0592568 0.126254 0.184275 0.184295 0.126353 0.0595906 0.0200089 0.00660611 0.00589789 0.0100455 0.0164437 0.0235387 0.0293003 0.0317094 0.0298392 0.0244237 0.0174019 0.0108142 0.00589157 0.0028525 0.00127164
 1.02742e-16 2.41527e-05 0.000234772 0.00156015 0.00709225 0.0220669 0.0470181 0.0686368 0.0686964 0.0473094 0.0230449 0.00991671 0.00864943 0.0157089 0.0294064 0.0485593 0.069904 0.0877987 0.0964813 0.0932482 0.0800333 0.0620586 0.0447098 0.0310799 0.0215911 0.0151705
 1.00144e-16 8.17457e-05 0.000794597 0.00528038 0.0240038 0.0746848 0.159124 0.232246 0.232246 0.159126 0.0746907 0.0240209 0.00532347 0.000889407 0.000263984 0.000312694 0.000455635 0.000600074 0.000712058 0.000776409 0.000798274 0.000793694 0.000773945 0.000737748 0.000676701 0.000586676
 1.00412e-16 1.25676e-05 0.000122162 0.00081181 0.00369042 0.0114827 0.0244681 0.035729 0.0358102 0.0248648 0.012814 0.00753317 0.0104482 0.0211273 0.0398131 0.065558 0.0938713 0.116854 0.126469 0.119019 0.0974242 0.0694095 0.0431069 0.0234258 0.0112466 0.00488727
 1.00054e-16 8.21559e-05 0.000798584 0.00530687 0.0241243 0.0750596 0.159922 0.233411 0.233411 0.159923 0.0750608 0.0241279 0.005316 0.000818934 0.000122026 7.48615e-05 0.000107149 0.000149612 0.000192911 0.000233686 0.000270194 0.00030001 0.000318176 0.000318274 0.000296222 0.000253758
 1.00343e-16 7.60775e-07 7.3951e-06 4.91477e-05 0.000223477 0.000695829 0.00148605 0.00218889 0.00228404 0.00195089 0.00225595 0.00472668 0.0113416 0.024622 0.0466392 0.0768167 0.109986 0.136897 0.148129 0.139345 0.113971 0.0810669 0.0501741 0.0270588 0.0127632 0.00532004
 1.00454e-16 8.10565e-05 0.000787898 0.00523586 0.0238014 0.0740551 0.157782 0.230288 0.230288 0.157783 0.0740561 0.0238045 0.00524458 0.000810737 0.000135513 0.000124505 0.000238124 0.000437275 0.000737407 0.00113824 0.001604 0.00205855 0.00240131 0.00254242 0.0024409 0.00212378
 1.00129e-16 7.11904e-05 0.000691996 0.00459856 0.0209044 0.0650414 0.138578 0.202261 0.202274 0.138641 0.0652538 0.0215176 0.00613636 0.00404404 0.00642267 0.0104669 0.0149809 0.0186496 0.020187 0.0190043 0.0155693 0.0111159 0.00694165 0.00382729 0.00190859 0.000911518
 1.02547e-16 1.8472e-06 1.79555e-05 0.000119325 0.000542487 0.00168834 0.00360039 0.00527303 0.00535963 0.0040235 0.00310876 0.00464396 0.0104101 0.022468 0.0425943 0.0702965 0.100984 0.12639 0.138063 0.132068 0.111336 0.0837126 0.0573613 0.0370727 0.0235927 0.0152719
 1.03264e-16 7.40543e-05 0.000719834 0.00478355 0.0217453 0.0676578 0.144152 0.210394 0.210395 0.144155 0.0676672 0.0217745 0.00486343 0.000916537 0.000512971 0.000900952 0.0016861 0.00294231 0.00477045 0.00717267 0.00996174 0.0127218 0.0148802 0.0158975 0.0154909 0.0137643
 1.00346e-16 7.65045e-05 0.000743651 0.00494182 0.0224648 0.0698964 0.148922 0.217357 0.217364 0.148954 0.0700036 0.0227741 0.00571755 0.0024348 0.00328166 0.00528692 0.00756858 0.00943463 0.0102393 0.00969101 0.00802984 0.00587779 0.00388191 0.00242115 0.00154408 0.00109321
 1.01512e-16 4.49575e-07 4.37012e-06 2.90455e-05 0.000132093 0.000411485 0.000880115 0.00130386 0.00139595 0.00133 0.00192159 0.00449164 0.0109639 0.0238482 0.045204 0.0745199 0.106852 0.13332 0.144863 0.137292 0.113839 0.0830892 0.0540377 0.0320532 0.0180464 0.0101713
 1.01735e-16 7.77394e-05 0.000755654 0.00502159 0.0228274 0.0710245 0.151325 0.220864 0.220864 0.151326 0.0710272 0.0228361 0.00504745 0.000825334 0.000248725 0.000388644 0.000785507 0.00147147 0.00251873 0.00393222 0.00559017 0.00722695 0.0084881 0.00905249 0.00876575 0.00770924
 1.0114e-16 5.08409e-05 0.000494192 0.00328408 0.014929 0.0464498 0.0989675 0.144453 0.144489 0.0991424 0.0470371 0.0166242 0.00753531 0.00976151 0.0176126 0.0289362 0.0414443 0.0516282 0.0559568 0.0528191 0.0435206 0.0314728 0.0202425 0.0119466 0.00690325 0.00429864
 1.08112e-16 3.10741e-06 3.02052e-05 0.000200728 0.000912521 0.00283956 0.00605253 0.0088483 0.00891728 0.00638967 0.00397217 0.00418654 0.00842891 0.0180251 0.0342734 0.0569006 0.0825288 0.104932 0.117682 0.117681 0.106841 0.0904792 0.0738705 0.0597373 0.0481599 0.0381078
 1.02299e-16 7.78727e-05 0.00075695 0.0050302 0.0228666 0.0711464 0.151585 0.221243 0.221243 0.151587 0.0711537 0.0228886 0.00508855 0.000894679 0.000369901 0.000568094 0.000997896 0.00164775 0.00255584 0.00373239 0.00511691 0.00654725 0.00777154 0.00851936 0.00860525 0.00800683
 1.00496e-16 6.86686e-05 0.000667484 0.00443566 0.0201639 0.0627374 0.133669 0.195098 0.195113 0.133746 0.0629931 0.0209018 0.00628614 0.00470137 0.00771296 0.0125986 0.0180397 0.0224716 0.0243536 0.0229832 0.0189276 0.0136716 0.00876893 0.00514423 0.00294027 0.00180661
 1.03441e-16 1.10742e-06 1.07646e-05 7.15385e-05 0.000325256 0.00101245 0.00216028 0.00317086 0.00325608 0.00257669 0.0024105 0.00436261 0.0102032 0.0221194 0.0419627 0.0692991 0.0996539 0.124938 0.136876 0.131601 0.111947 0.085516 0.0601855 0.0405266 0.0272009 0.018613
 1.33457e-16 2.26682e-06 2.20343e-05 0.000146426 0.000665633 0.00207105 0.00441271 0.00644121 0.00644476 0.00443071 0.00213542 0.000868943 0.000722276 0.00149576 0.00343539 0.00732851 0.0144026 0.0261177 0.0436837 0.0672407 0.0949675 0.122721 0.144792 0.155793 0.152843 0.136816
 1.01018e-16 8.1508e-05 0.000792287 0.00526502 0.023934 0.0744677 0.158661 0.231571 0.231571 0.158662 0.0744688 0.0239373 0.00527348 0.000811545 0.000120578 7.74124e-05 0.000121757 0.000195171 0.00030443 0.000466681 0.000699827 0.00101057 0.00138115 0.00176327 0.00208603 0.00227723
pSPR Fmed_Fpbrs
0.233214   0.6 0.325
Fs Fmed_Fpbrs
1.34194   0.362322 0.948543
SSBpbr Bo_Bmed_Bpbrs
1.28936e+06  236229  709148 354574
Ro
13061.4
SPR SPRFo_SPRFmed_SPRFpbrs
93227.1 21741.9 30298.8
Fref
0.362322
Nvult_r0
 92698.5 90.035 30.6858 921.376 83.6637
CTP_r0
 44055.9 60.8878 20.8578 626.317 56.8716
YTP_r0
390639
Np
 89922.2 28342.2 4170.74 1.10031 0.454861
Nvult_p0
 61580 21042.8 3102.69 0.81856 0.338387
CTP_p0
 8245.25 3160.33 0.849985 0.27981 8.76789
 8245.25 5530.98 825.07 0.217703 0.0899971
YTP_p0
 111604 167521
CBA_c0
128379
log_Ro
9.29741
likeval ReclasPelacesDesembMPH_pf_preclas_ppelaces_ptallas_desvR_qrecl_qpela
 45.8343 34.7172 0.760675 32.6195 575.374 211.723 195.157 0 403.129 0.000121975 0.000291987 0.142301 8.6379e-16 0 0
q_reclas_q_pelaces
4.78273 11.3709
M
1
N
 181.897 17345.1 38027.4 11944.7 0.0394376
 177361 53.5215 3811.98 8289.01 2603.38
 251.034 37003.7 5.32243 371.255 1060.56
 111306 51.8761 3599.54 0.506874 136.321
 153.646 11226.1 0.964836 63.8357 2.42513
 284630 13.4062 149.479 0.0121848 0.836262
 147.05 72945.6 2.14253 23.5737 0.133782
 41.5583 27.7015 5731.77 0.164257 1.81699
 62014.2 8.61126 2.71154 549.329 0.189832
 193.661 12287.4 0.760222 0.233994 47.408
 83002.5 21.6334 289.258 0.0171289 1.07286
 111156 25348 5.18018 68.7911 0.259198
 5746.7 24565 2878.59 0.577353 7.69419
 152504 568.668 437.247 48.822 0.140205
 2456.32 28682 44.5158 33.3938 3.73826
 286804 234.199 468.59 0.692039 0.576901
 498.609 50003.2 15.3929 29.9641 0.0811152
 350420 100.619 4604.83 1.38658 2.70572
 544115 65125.2 7.66331 342.013 0.303851
 4142.63 131798 9138.22 1.0589 47.2916
 189633 973.607 17249.7 1176.46 6.22341
 407582 32472.8 61.3926 1057.55 72.4833
 460.201 71512.7 2165.78 3.98459 73.3186
 211302 97.6928 7401.65 219.673 7.83883
 122043 51319.7 13.7929 1029.18 31.6288
 2172.1 32322.2 8847.38 2.34929 180.656
 138002 514.312 4303.71 1159.09 23.9707
 224233 28029.9 48.0771 393.611 108.172
 1644.72 63976.9 5737.69 9.74977 101.747
 549.93 507.06 15658 1395.17 27.1094
 108893 94.3317 32.1 963.821 87.5178
pred_Ctot
 23.4382 4601.31 10217 3209.73 0.0105976
 50796.3 27.317 1963.39 4269.8 1341.05
 72.8475 19068.9 2.76762 193.071 551.542
 56454 38.1344 2658.85 0.374431 100.701
 82.7393 8511.94 0.734741 48.6147 1.84688
 56203 5.12119 57.739 0.00470724 0.323065
 47.852 40790.1 1.20801 13.2927 0.0754373
 12.0153 14.2368 2972.52 0.085194 0.942406
 19008.3 4.61645 1.46629 297.086 0.102665
 93.5435 8797.78 0.547173 0.168429 34.1243
 9048.99 4.94263 66.9648 0.00396605 0.248413
 29231.2 12140.5 2.50505 33.2701 0.125358
 2939.45 18138.6 2135.67 0.42837 5.70875
 49717.8 318.396 246.842 27.5645 0.0791587
 1276.64 21356 33.2993 24.981 2.79649
 101232 138.43 279.11 0.412243 0.343656
 149.321 26363.3 8.18749 15.9396 0.0431498
 115761 56.8552 2623.28 0.789985 1.54155
 121521 27478.1 3.26753 145.848 0.129575
 980.588 58217 4077.89 0.472586 21.1063
 68101.6 582.146 10392.4 708.842 3.74974
 142966 19113.8 36.4168 627.373 42.9996
 128.607 35845.6 1095.68 2.01606 37.0966
 46937.6 41.043 3142.55 93.2791 3.32859
 22191.7 18312.2 4.97844 371.524 11.4178
 507.044 14122.3 3905.58 1.0372 79.7586
 40980.4 269.513 2275.35 612.874 12.6746
 32476.7 8238.5 14.3062 117.143 32.1934
 170.832 13990.3 1271.51 2.16096 22.5515
 197.173 302.858 9423.37 839.725 16.3166
 44055.9 60.8878 20.8578 626.317 56.8716
F
 0.223356 0.515161 0.523376 0.523476 0.523477
 0.567169 1.30815 1.32901 1.32927 1.32927
 0.576732 1.33021 1.35142 1.35168 1.35168
 1.29404 2.98465 3.03225 3.03283 3.03284
 1.43893 3.31884 3.37177 3.37241 3.37242
 0.361477 0.833732 0.847028 0.84719 0.847192
 0.669289 1.54369 1.56831 1.56861 1.56861
 0.574026 1.32397 1.34508 1.34534 1.34534
 0.61879 1.42722 1.44997 1.45025 1.45026
 1.19187 2.74901 2.79285 2.79338 2.79339
 0.186172 0.429398 0.436246 0.436329 0.43633
 0.509611 1.1754 1.19414 1.19437 1.19437
 1.31309 3.02858 3.07688 3.07747 3.07747
 0.67092 1.54745 1.57213 1.57243 1.57243
 1.35025 3.1143 3.16396 3.16456 3.16457
 0.746713 1.72226 1.74973 1.75006 1.75007
 0.600479 1.38498 1.40707 1.40734 1.40734
 0.682821 1.5749 1.60001 1.60032 1.60032
 0.417889 0.963846 0.979216 0.979403 0.979406
 0.448078 1.03347 1.04995 1.05016 1.05016
 0.764686 1.76372 1.79184 1.79219 1.79219
 0.740365 1.70762 1.73485 1.73519 1.73519
 0.549835 1.26817 1.2884 1.28864 1.28865
 0.415214 0.957674 0.972946 0.973132 0.973134
 0.328622 0.757953 0.77004 0.770188 0.77019
 0.440621 1.01628 1.03248 1.03268 1.03268
 0.593993 1.37002 1.39187 1.39214 1.39214
 0.254162 0.586215 0.595563 0.595678 0.595679
 0.176694 0.407539 0.414038 0.414117 0.414118
 0.762975 1.75977 1.78783 1.78818 1.78818
 0.905704 2.08897 2.12228 2.12269 2.1227
YTP_r0W_actual
 365664 858.517 575.676 21420.1 2121.31
YTP_p0W_proyectada
 61756.9 49522.3 19.6602 8.21803 296.618
 61756.9 86670.5 19083.9 6.39394 3.0446
CTP_r0_actual
 44055.9 60.8878 20.8578 626.317 56.8716
CTP_p0_proyectada
 8245.25 3160.33 0.849985 0.27981 8.76789
 8245.25 5530.98 825.07 0.217703 0.0899971
Wmedp
 7.49 15.67 23.13 29.37 33.83
Frms_r0
 0.905704 2.08897 2.12228 2.12269 2.1227
Zrms_r0
 1.9057 3.08897 3.12228 3.12269 3.1227
nmprior
 8.19 8.8 8.5 0
nm_flota  nm_reclas  nm_pelaces    nm_pelaL
0 2.87688 1.24607 1.33108
cv_recla  cv_pelaces  cv_mph
0.612379 0.668105 0.528768
 ------------------------------------------------
Talla a la edad & desviaci?n 
 8 13.2811 15.8009 17.003 17.5766
 0.8 1.32811 1.58009 1.7003 1.75766
