years
 1991 1992 1993 1994 1995 1996 1997 1998 1999 2000 2001 2002 2003 2004 2005 2006 2007 2008 2009 2010 2011 2012 2013 2014 2015 2016 2017 2018 2019 2020 2021
reclasobs
 0 0 0 0 0 0 0 0 0 252601 567819 844713 477998 351125 339783 2.1784e+06 2.13404e+06 4.81314e+06 1.55562e+06 2.62356e+06 3.21686e+06 3.843e+06 1.13348e+06 3.07943e+06 1.97215e+06 2.03268e+06 2.025e+06 2.42433e+06 2.27542e+06 1.05018e+06 2.36338e+06
reclaspred
 3.44058e+06 2.00624e+06 1.02286e+06 1.02599e+06 1.04178e+06 1.59804e+06 1.18869e+06 1.11169e+06 838035 657594 656874 622473 498812 580208 590922 1.21972e+06 1.23898e+06 2.71313e+06 2.57037e+06 1.94038e+06 2.90784e+06 1.94687e+06 1.54704e+06 2.72067e+06 2.18402e+06 1.99593e+06 2.33475e+06 2.4243e+06 2.06836e+06 1.38147e+06 1.91562e+06
pelacesobs
 0 0 0 0 0 0 0 0 0 0 0 0 0 0 0 552880 188675 0 991730 2.46772e+06 1.41603e+06 1.21717e+06 2.29649e+06 1.80582e+06 0 1.4828e+06 1.56532e+06 1.57751e+06 1.42118e+06 867257 1.10002e+06
pelacespred
 1.99671e+06 1.32301e+06 696208 566079 568901 905611 675609 702687 543613 415503 410693 338049 292944 381321 380289 637824 642981 1.57876e+06 1.58964e+06 1.14974e+06 1.51265e+06 1.23021e+06 915101 1.72256e+06 1.32872e+06 1.20953e+06 1.60818e+06 1.65483e+06 1.16386e+06 892347 1.2324e+06
mphobs
 0 0 0 0 0 0 0 0 0 0 0 498337 0 5186 125008 0 168611 109162 213762 579715 649985 157893 87575 83554 0 0 0 0 0 0 0
mphpred
 510926 345500 181345 97559.9 111891 123568 169234 129149 111341 84425.1 60084.2 76130.1 62614.1 44455 50500 61617.4 143708 142058 277481 251664 264307 255151 201968 166744 272705 238357 202736 213293 287483 206472 135174
desembarqueobs
 494567 514787 250237 358949 120608 361735 552515 73892 212993 205616 52469 317467 293654 387597 252695 516296 358380 742168 942051 627588 828172 859565 418607 520667 417249 300574 415391 372974 316634 284311 391294
desembarquepred
 494570 512876 251234 358958 120609 361739 552536 73893.2 213009 205628 52469.1 317574 293791 387589 252696 516295 358402 742133 941931 627541 828265 859679 418625 520675 417249 300575 415392 372969 316634 284317 391295
Reclutas
 347048 211108 201313 421995 344389 581175 248814 127909 116780 153262 284790 165299 139490 235678 181369 827823 193637 1.45923e+06 984660 584323 669686 868255 226568 845670 688932 313047 688259 764556 232460 176486 668029
log_desv_Rt
 -0.0160339 -0.513126 -0.560637 0.179498 -0.0237249 0.499555 -0.34879 -1.01417 -1.1052 -0.833344 -0.213746 -0.757739 -0.927505 -0.403031 -0.664964 0.853302 -0.599511 1.42016 1.0268 0.504957 0.641312 0.900989 -0.44245 0.874633 0.669646 -0.119142 0.668668 0.773798 -0.416779 -0.692255 0.638834
SSB
 8.27327e+06 5.59456e+06 2.93646e+06 1.57976e+06 1.81182e+06 2.00089e+06 2.74035e+06 2.09127e+06 1.80291e+06 1.36707e+06 972925 1.23275e+06 1.01389e+06 719845 817731 997751 2.32702e+06 2.3003e+06 4.49316e+06 4.07511e+06 4.27984e+06 4.13158e+06 3.2704e+06 2.70004e+06 4.41583e+06 3.85964e+06 3.28284e+06 3.45379e+06 4.65512e+06 3.34334e+06 2.18883e+06
BT
 1.06223e+07 7.27439e+06 3.81698e+06 3.1999e+06 3.00148e+06 4.93632e+06 3.94926e+06 3.65316e+06 2.98781e+06 2.32309e+06 2.14384e+06 2.00186e+06 1.77448e+06 2.36258e+06 2.19881e+06 3.68349e+06 3.5705e+06 8.72567e+06 9.02861e+06 6.44974e+06 8.38709e+06 7.14371e+06 5.05355e+06 9.29297e+06 7.16861e+06 6.44723e+06 8.64156e+06 8.82985e+06 6.20853e+06 4.835e+06 6.67441e+06
Ftot
 0.0517106 0.0915932 0.0881097 0.126375 0.0419836 0.0822577 0.166093 0.024096 0.0917129 0.112586 0.0291887 0.182357 0.210151 0.240108 0.154744 0.153867 0.104098 0.0997751 0.132226 0.116479 0.102748 0.158734 0.0973562 0.0699072 0.0691471 0.0544755 0.0648065 0.0561627 0.0551067 0.0740969 0.0745668
BD_Bspro_t
 0.991762 0.936047 0.861508 0.811703 0.810166 0.850095 0.849361 0.774947 0.809098 0.797566 0.787959 0.868113 0.763152 0.671468 0.677771 0.712915 0.783126 0.773282 0.83456 0.79632 0.772055 0.767427 0.752457 0.752033 0.846505 0.85492 0.861133 0.879281 0.900192 0.869908 0.838964
BD_Bspro
 3.28678 2.22259 1.16659 0.627601 0.719795 0.794909 1.08868 0.830814 0.716256 0.543105 0.386521 0.489744 0.402795 0.285978 0.324866 0.396384 0.924472 0.913858 1.78503 1.61895 1.70028 1.64138 1.29926 1.07266 1.75431 1.53335 1.3042 1.37211 1.84937 1.32823 0.869574
BD_Bo
 2.24569 1.51859 0.797072 0.428808 0.491799 0.543121 0.743838 0.567653 0.489381 0.371076 0.26409 0.334617 0.27521 0.195394 0.221964 0.270829 0.631645 0.624393 1.21962 1.10615 1.16172 1.12147 0.887716 0.732897 1.19863 1.04766 0.891092 0.937494 1.26358 0.907514 0.594136
BD_Brms
 4.08307 2.76107 1.44922 0.779651 0.894181 0.987492 1.35243 1.0321 0.889784 0.674684 0.480164 0.608395 0.500381 0.355262 0.403572 0.492417 1.14845 1.13526 2.21749 2.01118 2.11221 2.03904 1.61403 1.33254 2.17933 1.90483 1.62017 1.70454 2.29742 1.65002 1.08025
Sel_flota
 0.967888 0.998257 0.999908 0.999995 1
 0.967888 0.998257 0.999908 0.999995 1
 0.967888 0.998257 0.999908 0.999995 1
 0.967888 0.998257 0.999908 0.999995 1
 0.967888 0.998257 0.999908 0.999995 1
 0.967888 0.998257 0.999908 0.999995 1
 0.967888 0.998257 0.999908 0.999995 1
 0.967888 0.998257 0.999908 0.999995 1
 0.967888 0.998257 0.999908 0.999995 1
 0.967888 0.998257 0.999908 0.999995 1
 0.967888 0.998257 0.999908 0.999995 1
 0.967888 0.998257 0.999908 0.999995 1
 0.967888 0.998257 0.999908 0.999995 1
 0.967888 0.998257 0.999908 0.999995 1
 0.967888 0.998257 0.999908 0.999995 1
 0.967888 0.998257 0.999908 0.999995 1
 0.967888 0.998257 0.999908 0.999995 1
 0.967888 0.998257 0.999908 0.999995 1
 0.967888 0.998257 0.999908 0.999995 1
 0.967888 0.998257 0.999908 0.999995 1
 0.967888 0.998257 0.999908 0.999995 1
 0.967888 0.998257 0.999908 0.999995 1
 0.967888 0.998257 0.999908 0.999995 1
 0.967888 0.998257 0.999908 0.999995 1
 0.967888 0.998257 0.999908 0.999995 1
 0.967888 0.998257 0.999908 0.999995 1
 0.967888 0.998257 0.999908 0.999995 1
 0.967888 0.998257 0.999908 0.999995 1
 0.967888 0.998257 0.999908 0.999995 1
 0.967888 0.998257 0.999908 0.999995 1
 0.967888 0.998257 0.999908 0.999995 1
Sel_reclas
 1 1 1 1 1
 1 1 1 1 1
 1 1 1 1 1
 1 1 1 1 1
 1 1 1 1 1
 1 1 1 1 1
 1 1 1 1 1
 1 1 1 1 1
 1 1 1 1 1
 1 1 1 1 1
 1 1 1 1 1
 1 1 1 1 1
 1 1 1 1 1
 1 1 1 1 1
 1 1 1 1 1
 1 1 1 1 1
 1 1 1 1 1
 1 1 1 1 1
 1 1 1 1 1
 1 1 1 1 1
 1 1 1 1 1
 1 1 1 1 1
 1 1 1 1 1
 1 1 1 1 1
 1 1 1 1 1
 1 1 1 1 1
 1 1 1 1 1
 1 1 1 1 1
 1 1 1 1 1
 1 1 1 1 1
 1 1 1 1 1
Sel_pelaces
 1 1 1 1 1
 1 1 1 1 1
 1 1 1 1 1
 1 1 1 1 1
 1 1 1 1 1
 1 1 1 1 1
 1 1 1 1 1
 1 1 1 1 1
 1 1 1 1 1
 1 1 1 1 1
 1 1 1 1 1
 1 1 1 1 1
 1 1 1 1 1
 1 1 1 1 1
 1 1 1 1 1
 1 1 1 1 1
 1 1 1 1 1
 1 1 1 1 1
 1 1 1 1 1
 1 1 1 1 1
 1 1 1 1 1
 1 1 1 1 1
 1 1 1 1 1
 1 1 1 1 1
 1 1 1 1 1
 1 1 1 1 1
 1 1 1 1 1
 1 1 1 1 1
 1 1 1 1 1
 1 1 1 1 1
 1 1 1 1 1
pf_obs 
 0.8446 0.082 0.0669 0.0065 0
 0.8095 0.147 0.0364 0.0071 0
 0.9664 0.0169 0.016 0.0007 0
 0.9276 0.0648 0.0075 0.0001 0
 0.7033 0.2144 0.0806 0.0017 0
 0.9318 0.0425 0.0243 0.0014 0
 0.5671 0.3108 0.0964 0.0239 0.0018
 0.0768 0.2599 0.5324 0.112 0.0189
 0.490249 0.384438 0.106611 0.0170017 0.00170017
 0.7925 0.1577 0.0466 0.003 0.0002
 0.840416 0.127587 0.0312969 0.00059994 9.999e-05
 0.8084 0.0986 0.0794 0.0134 0.0002
 0.7335 0.1905 0.0724 0.0035 0.0001
 0.4001 0.4547 0.1325 0.0127 0
 0.49795 0.308269 0.164784 0.0264974 0.00249975
 0.9179 0.0499 0.0305 0.0017 0
 0.2467 0.6533 0.0926 0.0074 0
 0.9418 0.0223 0.034 0.0019 0
 0.707729 0.231977 0.0356964 0.0245975 0
 0.517169 0.277429 0.184464 0.0207286 0.00020938
 0.811772 0.124168 0.05621 0.00726502 0.000585176
 0.764997 0.148141 0.077277 0.00933861 0.000247198
 0.163321 0.427699 0.378323 0.0303852 0.000271297
 0.753843 0.0900009 0.118128 0.0371064 0.000921714
 0.721811 0.176058 0.0630433 0.0369309 0.00215725
 0.143369 0.312575 0.442814 0.0836902 0.0175525
 0.692698 0.0596174 0.167031 0.0765114 0.00414204
 0.394062 0.376323 0.152708 0.0712218 0.00568511
 0.125707 0.32114 0.495352 0.0537591 0.00404204
 0.23352 0.215282 0.420074 0.123614 0.00750983
 0.796117 0.104755 0.0508955 0.0450114 0.00322123
pf_pred 
 0.403964 0.10175 0.470698 0.0235868 6.89138e-07
 0.409865 0.242893 0.0593581 0.274148 0.0137369
 0.534484 0.194407 0.111699 0.0272518 0.132158
 0.76573 0.12707 0.0448128 0.0257051 0.0366815
 0.652328 0.268223 0.0431287 0.0151841 0.0211368
 0.75349 0.162498 0.0648381 0.0104088 0.00876506
 0.481765 0.393482 0.082283 0.0327774 0.00969207
 0.438141 0.275271 0.217691 0.0454437 0.0234532
 0.523578 0.21233 0.129493 0.102243 0.0323561
 0.667996 0.17647 0.0693834 0.0422444 0.0439064
 0.786694 0.143997 0.0368694 0.0144718 0.0179675
 0.555297 0.352095 0.0625507 0.01599 0.0140675
 0.59982 0.225478 0.138372 0.024539 0.0117906
 0.768923 0.140484 0.051084 0.0312934 0.00821535
 0.665204 0.259463 0.0458325 0.0166359 0.0128651
 0.903972 0.0645702 0.0243892 0.00430078 0.00276802
 0.393803 0.54968 0.0380236 0.0143374 0.00415507
 0.898234 0.0408395 0.0552551 0.00381583 0.00185564
 0.638728 0.325554 0.0143483 0.0193806 0.00198908
 0.534896 0.30048 0.148374 0.00652824 0.009722
 0.64761 0.191294 0.104138 0.0513358 0.0056219
 0.712359 0.188368 0.0539322 0.0293111 0.0160301
 0.366019 0.455851 0.116723 0.0333619 0.028045
 0.801562 0.074089 0.0894533 0.022867 0.012029
 0.649682 0.282544 0.0253304 0.0305333 0.0119101
 0.456945 0.356607 0.150426 0.0134639 0.022558
 0.739598 0.120983 0.0916033 0.0385782 0.0092373
 0.699324 0.224179 0.0355719 0.0268897 0.0140348
 0.374039 0.441766 0.137391 0.0217654 0.0250383
 0.44612 0.211176 0.241976 0.075134 0.0255928
 0.829641 0.077335 0.0355037 0.0406152 0.0169053
pobs_RECLAS
 0 0 0 0 0
 0 0 0 0 0
 0 0 0 0 0
 0 0 0 0 0
 0 0 0 0 0
 0 0 0 0 0
 0 0 0 0 0
 0 0 0 0 0
 0 0 0 0 0
 0 0 0 0 0
 0.991045 0.00858322 0.000360255 1.14367e-05 0
 0.934742 0.0480273 0.0164251 0.00080598 0
 0.827803 0.169806 0.00239088 0 0
 0.941827 0.0461693 0.0120037 0 0
 0.791401 0.0380133 0.147996 0.0225897 0
 0.846168 0.0940531 0.0597789 0 0
 0.134021 0.677848 0.182769 0.00536245 0
 0.80878 0.0450904 0.141981 0.00414843 0
 0.846168 0.0940531 0.0597789 0 0
 0.905697 0.0802665 0.012482 0.00150086 5.37128e-05
 0.989698 0.0102097 9.19794e-05 0 0
 0.975433 0.0193895 0.00387452 0.00125025 5.28907e-05
 0.303575 0.632131 0.0575291 0.00676475 0
 0.966965 0.00978017 0.0227588 0.000495775 0
 0.843318 0.132988 0.00938335 0.0141283 0.000182051
 0.564624 0.303363 0.111486 0.0197234 0.00080311
 0.826376 0.0876187 0.0782897 0.00655872 0.00115652
 0.89761 0.0855135 0.0140674 0.00269457 0.000114338
 0.34875 0.467042 0.161289 0.0227151 0.000203297
 0.318654 0.224769 0.449479 0.00709798 0
 0.937255 0.0296025 0.0250945 0.00804832 0
ppred_RECLAS
 0.411791 0.100553 0.464387 0.0232685 6.79836e-07
 0.417667 0.239927 0.0585357 0.270326 0.0135453
 0.542469 0.191264 0.10971 0.0267641 0.129793
 0.771428 0.124078 0.0436843 0.0250556 0.0357545
 0.659412 0.262859 0.0421962 0.0148545 0.0206779
 0.759328 0.15874 0.0632335 0.0101503 0.00854734
 0.489705 0.387614 0.0809198 0.0322316 0.00953061
 0.445987 0.271659 0.214479 0.0447694 0.023105
 0.531576 0.208964 0.127228 0.100446 0.0317872
 0.675056 0.172856 0.0678492 0.0413067 0.0429316
 0.791935 0.140536 0.0359237 0.0140994 0.017505
 0.563131 0.346016 0.0613674 0.0156861 0.0138001
 0.60754 0.221294 0.135575 0.0240409 0.0115512
 0.774613 0.137118 0.0497756 0.0304892 0.00800419
 0.672231 0.254115 0.0448126 0.0162643 0.0125776
 0.906704 0.0627676 0.0236686 0.00417334 0.00268599
 0.401309 0.542961 0.0374961 0.0141373 0.00409706
 0.901137 0.0397143 0.0536432 0.00370419 0.00180134
 0.64595 0.319101 0.0140404 0.018963 0.00194621
 0.5428 0.295549 0.145695 0.00640983 0.00954562
 0.654867 0.1875 0.101903 0.0502294 0.00550072
 0.718859 0.18422 0.0526563 0.0286151 0.0156494
 0.37339 0.450766 0.115229 0.0329319 0.0276834
 0.806624 0.0722754 0.0871186 0.0222682 0.011714
 0.656797 0.276898 0.024783 0.0298708 0.0116516
 0.464799 0.351652 0.14809 0.0132536 0.0222056
 0.745708 0.118251 0.0893863 0.0376412 0.00901291
 0.705901 0.219371 0.0347512 0.026267 0.0137097
 0.381451 0.436751 0.135606 0.0214807 0.0247107
 0.454074 0.208362 0.238354 0.0740027 0.0252074
 0.83412 0.0753722 0.0345451 0.0395152 0.0164473
pobs_PELACES
 0 0 0 0 0
 0 0 0 0 0
 0 0 0 0 0
 0 0 0 0 0
 0 0 0 0 0
 0 0 0 0 0
 0 0 0 0 0
 0 0 0 0 0
 0 0 0 0 0
 0 0 0 0 0
 0 0 0 0 0
 0 0 0 0 0
 0 0 0 0 0
 0 0 0 0 0
 0 0 0 0 0
 0 0 0 0 0
 0.505614 0.472636 0.0217494 0 0
 0 0 0 0 0
 0.443492 0.261883 0.143347 0.151278 0
 0.227955 0.32914 0.350689 0.0885471 0.00366901
 0.970185 0.0296113 0.000203453 0 0
 0.997202 0.00247181 0.000326279 0 0
 0.445219 0.490057 0.0546422 0.010081 0
 0.90214 0.0892962 0.00764917 0.000914606 0
 0 0 0 0 0
 0.581667 0.319106 0.0959925 0.00289975 0.000334073
 0.762889 0.0836404 0.116647 0.0363945 0.000428098
 0.88444 0.0763242 0.0277011 0.0115352 0
 0.521256 0.241999 0.230069 0.00667565 0
 0.616807 0.101726 0.260614 0.0208532 0
 0.833518 0.0704572 0.0857862 0.0102388 0
ppred_PELACES
 0.411923 0.100532 0.464281 0.0232632 6.7968e-07
 0.417897 0.239839 0.0585113 0.270213 0.0135396
 0.542695 0.191175 0.109654 0.0267503 0.129726
 0.771657 0.123958 0.0436389 0.0250295 0.0357172
 0.659508 0.262787 0.0421836 0.0148501 0.0206717
 0.759482 0.158642 0.0631913 0.0101436 0.00854162
 0.490126 0.387302 0.0808474 0.0322026 0.00952204
 0.446048 0.271631 0.214454 0.0447641 0.0231023
 0.531812 0.208864 0.127161 0.100393 0.0317704
 0.67531 0.172726 0.067794 0.041273 0.0428965
 0.791985 0.140504 0.0359148 0.0140959 0.0175007
 0.563585 0.345663 0.0612987 0.0156685 0.0137846
 0.608054 0.221015 0.135388 0.0240077 0.0115353
 0.775042 0.136864 0.049677 0.0304286 0.00798827
 0.672576 0.253852 0.0447625 0.016246 0.0125635
 0.906837 0.0626801 0.0236336 0.00416715 0.002682
 0.401561 0.542735 0.0374784 0.0141306 0.00409511
 0.901229 0.0396786 0.0535921 0.00370065 0.00179962
 0.646254 0.318829 0.0140274 0.0189454 0.0019444
 0.543095 0.295365 0.145595 0.00640541 0.00953903
 0.655106 0.187375 0.101829 0.0501931 0.00549673
 0.719187 0.184011 0.052592 0.02858 0.0156302
 0.373622 0.450606 0.115182 0.0329184 0.027672
 0.806737 0.0722349 0.0870665 0.0222549 0.0117069
 0.656955 0.276773 0.0247708 0.0298561 0.0116459
 0.464938 0.351564 0.148049 0.0132499 0.0221994
 0.745835 0.118195 0.0893403 0.0376218 0.00900826
 0.706019 0.219285 0.0347364 0.0262558 0.0137038
 0.381583 0.436662 0.135575 0.0214757 0.0247048
 0.454265 0.208294 0.238267 0.0739757 0.0251982
 0.834227 0.0753255 0.0345223 0.039489 0.0164364
pobs_pel_tallas
 0 0 0 0 0 0 0 0 0 0 0 0 0 0 0 0 0 0 0 0 0 0 0 0 0 0
 0 0 0 0 0 0 0 0 0 0 0 0 0 0 0 0 0 0 0 0 0 0 0 0 0 0
 0 0 0 0 0 0 0 0 0 0 0 0 0 0 0 0 0 0 0 0 0 0 0 0 0 0
 0 0 0 0 0 0 0 0 0 0 0 0 0 0 0 0 0 0 0 0 0 0 0 0 0 0
 0 0 0 0 0 0 0 0 0 0 0 0 0 0 0 0 0 0 0 0 0 0 0 0 0 0
 0 0 0 0 0 0 0 0 0 0 0 0 0 0 0 0 0 0 0 0 0 0 0 0 0 0
 0 0 0 0 0 0 0 0 0 0 0 0 0 0 0 0 0 0 0 0 0 0 0 0 0 0
 0 0 0 0 0 0 0 0 0 0 0 0 0 0 0 0 0 0 0 0 0 0 0 0 0 0
 0 0 0 0 0 0 0 0 0 0 0 0 0 0 0 0 0 0 0 0 0 0 0 0 0 0
 0 0 0 0 0 0 0 0 0 0 0 0 0 0 0 0 0 0 0 0 0 0 0 0 0 0
 0 0 0 0 0 0 0 0 0 0 0 0 0 0 0 0 0 0 0 0 0 0 0 0 0 0
 0 0 0 0 0 0 0 0 0 0 0 0 0 0 0 0 0 0 0 0 0 0 0 0 0 0
 0.00862536 0 0 0.000197151 0.00414017 0.0128641 0.00837892 0.0270097 0.101434 0.158115 0.152841 0.127902 0.109271 0.109419 0.0830992 0.0579132 0.0238553 0.00714673 0.00463305 0.00128148 0.00103504 0.000492878 0.000147863 0.000147863 4.92878e-05 0
 0 0 0 0 0 0 0 0 0 0 0 0 0 0 0 0 0 0 0 0 0 0 0 0 0 0
 0 0 0 0 0 0 0 0.0054083 0.00873648 0.0413646 0.0450493 0.0745869 0.0622846 0.0627006 0.0613931 0.0827291 0.12552 0.122667 0.0946155 0.0697135 0.0546179 0.0294188 0.0215738 0.0213955 0.0102223 0.00600262
 0 0 0 0 0.00359764 0.0251062 0.0480494 0.140153 0.205849 0.193036 0.1447 0.116669 0.0760912 0.0342217 0.00950174 0.001854 0.000860785 0 0 0 0.000165536 0 0.000143464 0 0 0
 0 0 0 0 0 0 0 0.000145254 0.000435761 0.0275982 0.070085 0.0708112 0.156366 0.174668 0.174014 0.160142 0.0824315 0.0480064 0.0283245 0.00493863 0.00203355 0 0 0 0 0
 0 0 0 0 0 0 0 0 0 0 0 0 0 0 0 0 0 0 0 0 0 0 0 0 0 0
 0 0 1.00437e-05 0.000401748 0.00122533 0.00171747 0.00176769 0.0269171 0.070346 0.194647 0.189555 0.159765 0.064822 0.0314167 0.0384472 0.0292271 0.0345202 0.0313363 0.0194345 0.0106764 0.0143323 0.0359363 0.0279516 0.0138201 0.00172751 0
 0 0.0021121 0.0136068 0.0755702 0.200478 0.177729 0.0527432 0.0373336 0.0318909 0.0142505 0.0149659 0.0166563 0.0217959 0.0798694 0.0677717 0.0528807 0.04013 0.0224614 0.0357745 0.0225083 0.00881397 0.00855152 0.00135912 0.000746735 0 0
 0 0 0 0 5.4009e-05 0.00500934 0.000945158 0.0243581 0.138947 0.33067 0.221406 0.137944 0.0707744 0.0437923 0.0131692 0.00525238 0.0047753 0.00276346 9.45158e-05 9.00151e-06 2.25038e-05 9.00151e-06 4.50075e-06 0 0 0
 0.000866109 0.00284123 0.00948549 0.0512746 0.133035 0.25785 0.225252 0.132002 0.0553304 0.0519788 0.0540692 0.017754 0.00435017 0.00159236 0.00146478 0.000404838 0.000125132 0.000115318 0.000107957 0.000100596 0 0 0 0 0 0
 0 0 0 0 0.00144013 0.00171154 0.00461396 0.0210425 0.0478622 0.0707936 0.0888783 0.103762 0.0637923 0.0337046 0.0602308 0.124433 0.169614 0.0934646 0.0462172 0.0250306 0.0313229 0.00938855 0.002487 0.000210481 0 0
 0 0.00764035 0.051015 0.0998891 0.058973 0.0496711 0.0374665 0.0718981 0.12319 0.153886 0.159021 0.0857701 0.0377988 0.023471 0.0147837 0.00900784 0.00315554 0.000888139 0.00291439 0.00214683 0.00393193 0.00274676 0.000635225 9.99891e-05 0 0
 0 0 0 0 0 0 0 0 0 0 0 0 0 0 0 0 0 0 0 0 0 0 0 0 0 0
 0 0 0 0 0 0 0 0 0 0 0 0 0 0 0 0 0 0 0 0 0 0 0 0 0 0
 0 0 0 0 0 0 0 0 0 0 0 0 0 0 0 0 0 0 0 0 0 0 0 0 0 0
 0 0 0 0 0 0 0 0 0 0 0 0 0 0 0 0 0 0 0 0 0 0 0 0 0 0
 0 0 0 0 0 0 0 0 0 0 0 0 0 0 0 0 0 0 0 0 0 0 0 0 0 0
 0 0 0 0 0 0 0 0 0 0 0 0 0 0 0 0 0 0 0 0 0 0 0 0 0 0
 0 0 0 0 0 0 0 0 0 0 0 0 0 0 0 0 0 0 0 0 0 0 0 0 0 0
ppred_pel_tallas
 1.15757e-16 3.39295e-05 0.000329807 0.00219169 0.00996309 0.0309989 0.0660469 0.0963995 0.0964099 0.066098 0.0311725 0.0104735 0.0035064 0.00331088 0.00602014 0.0107432 0.017433 0.0259921 0.0361858 0.0476567 0.0596994 0.0709007 0.0791063 0.0820608 0.0784728 0.0687942
 1.3114e-16 3.44217e-05 0.000334591 0.00222348 0.0101076 0.0314487 0.0670056 0.0978015 0.0978247 0.0671193 0.0318308 0.0112133 0.00500696 0.00643877 0.011714 0.019554 0.0287791 0.0375966 0.0443319 0.0485407 0.051392 0.054831 0.0600942 0.0667072 0.0726455 0.0754241
 1.2785e-16 4.47011e-05 0.000434511 0.00288748 0.0131261 0.0408402 0.087015 0.127005 0.127023 0.0871059 0.0411459 0.0140112 0.00511755 0.00533105 0.00942927 0.0157477 0.0232399 0.0304536 0.0359939 0.0393826 0.0413901 0.043456 0.0466266 0.0508295 0.0549385 0.0574244
 1.09846e-16 6.35604e-05 0.000617829 0.00410569 0.0186639 0.0580704 0.123726 0.180584 0.180596 0.123784 0.0582675 0.0192341 0.00553997 0.00375868 0.00605824 0.00999523 0.0145884 0.018778 0.0215501 0.0224987 0.0220802 0.0212775 0.0209328 0.0212662 0.0218747 0.0220893
 1.06273e-16 5.43229e-05 0.000528038 0.003509 0.0159514 0.0496309 0.105745 0.154343 0.154368 0.105869 0.0500467 0.0171527 0.00652515 0.00711496 0.0125722 0.0207209 0.0299003 0.0377282 0.041823 0.0411144 0.0364884 0.0301781 0.0244014 0.0202989 0.0177926 0.016144
 1.04327e-16 6.25575e-05 0.000608082 0.00404092 0.0183694 0.0571542 0.121774 0.177735 0.177751 0.121849 0.0574064 0.0190989 0.00587507 0.00462272 0.00771844 0.0127432 0.0185434 0.0237225 0.026892 0.027402 0.0256908 0.0229096 0.0201454 0.0178719 0.0159594 0.0140547
 1.07273e-16 4.03711e-05 0.000392422 0.00260778 0.0118546 0.0368843 0.0785873 0.114708 0.114746 0.07877 0.0374978 0.0136272 0.00705954 0.0101188 0.018537 0.0306465 0.0442984 0.0560386 0.0623712 0.0616944 0.0552347 0.0461518 0.0375654 0.0310553 0.0265149 0.0229977
 1.14657e-16 3.67405e-05 0.00035713 0.00237326 0.0107885 0.0335672 0.0715194 0.10439 0.104417 0.0716489 0.0340028 0.0120503 0.00555462 0.00734882 0.0134528 0.0225429 0.0333168 0.0436769 0.0514711 0.0556718 0.0568457 0.0564471 0.0555651 0.054213 0.0516273 0.0471148
 1.19168e-16 4.38047e-05 0.000425797 0.00282957 0.0128628 0.0400212 0.0852701 0.124458 0.124479 0.0853695 0.0403555 0.0138309 0.00526926 0.00578448 0.0103192 0.0172534 0.0254823 0.0334141 0.0394842 0.0430709 0.0448418 0.0461351 0.0478684 0.0498655 0.0510508 0.050214
 1.134e-16 5.56244e-05 0.000540689 0.00359307 0.0163336 0.05082 0.108278 0.158038 0.158055 0.10836 0.051095 0.017129 0.00559435 0.00492502 0.00842903 0.013973 0.0204295 0.0263616 0.0303695 0.0318858 0.0315234 0.0306046 0.0302408 0.0306837 0.0313496 0.0313322
 1.05448e-16 6.52347e-05 0.000634105 0.00421385 0.0191556 0.0596001 0.126985 0.185341 0.185355 0.127051 0.059823 0.0197996 0.00583218 0.00417242 0.00680162 0.0111855 0.0162141 0.0206239 0.0231811 0.0233421 0.0215753 0.0190198 0.0167572 0.0152655 0.0143798 0.0136262
 1.05762e-16 4.64218e-05 0.000451237 0.00299863 0.0136314 0.0424124 0.0903653 0.131898 0.131931 0.0905282 0.0429595 0.0152118 0.00696698 0.00911807 0.0165179 0.0272649 0.0393457 0.049638 0.0549896 0.0539544 0.0476444 0.0389431 0.0307395 0.0245629 0.0204111 0.0174699
 1.08324e-16 5.00846e-05 0.00048684 0.00323523 0.0147069 0.0457587 0.0974945 0.142301 0.142322 0.0975995 0.0461117 0.0157287 0.00580829 0.00613101 0.0108492 0.0180654 0.0265076 0.0343582 0.0397723 0.0418679 0.0411598 0.0390136 0.0366057 0.0342664 0.0316177 0.0281823
 1.05873e-16 6.38392e-05 0.00062054 0.00412371 0.0187458 0.0583251 0.124268 0.181376 0.181389 0.124333 0.0585428 0.0193751 0.0057064 0.00408539 0.0066735 0.0110097 0.0160406 0.0205742 0.0234463 0.024143 0.0230908 0.0213101 0.0197149 0.0186211 0.0177617 0.0166584
 1.05113e-16 5.53993e-05 0.000538501 0.00357853 0.0162675 0.0506143 0.10784 0.157401 0.157425 0.10796 0.0510161 0.0174283 0.00649333 0.00690484 0.0121562 0.0200359 0.0289225 0.0365144 0.0405079 0.0398566 0.0353914 0.0292361 0.0235018 0.0192795 0.0165167 0.0145584
 1.0157e-16 7.4695e-05 0.000726062 0.00482494 0.0219335 0.0682432 0.1454 0.212216 0.212222 0.145429 0.0683428 0.0222215 0.00554912 0.00231083 0.00309582 0.00502955 0.00730765 0.00933553 0.0105587 0.010719 0.0099911 0.00883541 0.00768977 0.00675046 0.00597293 0.00522033
 1.03331e-16 3.30761e-05 0.000321512 0.00213656 0.00971253 0.0302196 0.0643879 0.093987 0.0940392 0.0646432 0.0310765 0.0121869 0.00834452 0.0138636 0.0257228 0.0423966 0.0608929 0.0762029 0.0832442 0.0796802 0.067334 0.0509957 0.035617 0.0240541 0.0166508 0.0122568
 1.02233e-16 7.4233e-05 0.000721572 0.0047951 0.0217978 0.0678211 0.1445 0.210903 0.210907 0.144519 0.0678854 0.0219845 0.0052674 0.00176454 0.00208995 0.00342854 0.0051431 0.006907 0.00842644 0.00954319 0.0102791 0.0107314 0.0109197 0.0107363 0.0100425 0.00881139
 1.02716e-16 5.32312e-05 0.000517426 0.00343848 0.0156308 0.0486335 0.10362 0.151243 0.151274 0.10377 0.0491368 0.0170838 0.00708345 0.00846748 0.0151317 0.0248796 0.0357158 0.0446697 0.0487611 0.0466382 0.039407 0.0299215 0.021116 0.014658 0.0106931 0.00845706
 1.06534e-16 4.47341e-05 0.000434831 0.00288961 0.0131358 0.0408704 0.0870797 0.127101 0.12713 0.0872197 0.0413408 0.0144965 0.00631295 0.00793334 0.0143597 0.0238609 0.0348139 0.0447035 0.0509559 0.0523226 0.0495173 0.0445306 0.0392338 0.0344341 0.0299515 0.0253265
 1.08951e-16 5.39602e-05 0.000524513 0.00348557 0.0158449 0.0492995 0.105038 0.153311 0.153329 0.105127 0.0495986 0.0167105 0.00566492 0.00530413 0.00919672 0.0152915 0.0224323 0.0290803 0.0337002 0.0355967 0.0352748 0.0339516 0.0326339 0.0315261 0.0301446 0.0278795
 1.07077e-16 5.92385e-05 0.000575819 0.00382652 0.0173948 0.0541219 0.115313 0.168306 0.168324 0.1154 0.0544139 0.0182391 0.00594849 0.00521707 0.00890075 0.0146932 0.0213341 0.0272054 0.0307078 0.0311345 0.0290844 0.0260086 0.0232614 0.0214031 0.0201737 0.0189526
 1.11424e-16 3.07748e-05 0.000299143 0.00198791 0.00903677 0.028117 0.0599078 0.0874463 0.0874899 0.0601205 0.0288314 0.0111015 0.0071753 0.0116384 0.0216111 0.0357981 0.0518492 0.0658085 0.0736598 0.0735692 0.0669479 0.0573962 0.048415 0.041693 0.0369775 0.0330917
 1.06745e-16 6.64499e-05 0.000645916 0.00429234 0.0195124 0.0607102 0.12935 0.188791 0.188798 0.129385 0.0608271 0.0198517 0.00515033 0.00253977 0.00372472 0.00621422 0.00932567 0.0125297 0.0153234 0.01747 0.0190804 0.0204011 0.0214969 0.0221217 0.0218791 0.0205126
 1.05751e-16 5.41125e-05 0.000525993 0.00349541 0.0158896 0.0494387 0.105335 0.153746 0.153772 0.105466 0.0498761 0.0171529 0.00666586 0.00744573 0.0131925 0.0217172 0.0312679 0.0393109 0.0433186 0.0421694 0.0368405 0.0297655 0.0233738 0.0189347 0.0163759 0.0148695
 1.09448e-16 3.82964e-05 0.000372254 0.00247376 0.0112454 0.0349888 0.0745485 0.108813 0.108847 0.0747149 0.035548 0.0128625 0.00654059 0.00927517 0.0170199 0.0282683 0.0411653 0.0527022 0.0598082 0.0610317 0.0573181 0.0511838 0.0450082 0.0398352 0.0354044 0.0309869
 1.07906e-16 6.14335e-05 0.000597155 0.00396831 0.0180393 0.0561272 0.119585 0.174541 0.174552 0.119642 0.0563167 0.0185884 0.00535282 0.00364037 0.00590258 0.00982338 0.0145291 0.0190864 0.0225823 0.0246052 0.0254382 0.0257334 0.0259446 0.0260041 0.02546 0.0238791
 1.06011e-16 5.81539e-05 0.000565277 0.00375646 0.0170764 0.053131 0.113202 0.165226 0.165247 0.113305 0.0534781 0.0180791 0.00627425 0.00606466 0.0105119 0.0173126 0.0250003 0.0315906 0.0351147 0.0347006 0.0311025 0.0261808 0.0217539 0.0187108 0.016906 0.0156516
 1.10359e-16 3.14306e-05 0.000305517 0.00203027 0.00922933 0.0287161 0.0611843 0.0893091 0.0893513 0.0613906 0.0294091 0.0112326 0.00706458 0.011315 0.0209981 0.0348155 0.0505048 0.0642587 0.0721972 0.0725182 0.0665105 0.0575379 0.0488616 0.042042 0.0368633 0.0323231
 1.18613e-16 3.74172e-05 0.000363709 0.00241697 0.0109872 0.0341854 0.0728364 0.106311 0.106332 0.0729364 0.0345221 0.0119643 0.00488692 0.00581302 0.010556 0.0178376 0.0267414 0.0358451 0.0436926 0.0496022 0.0539185 0.0574018 0.0602986 0.0619459 0.0612164 0.0573509
 1.07758e-16 6.87142e-05 0.000667926 0.0044386 0.0201773 0.062779 0.133758 0.195225 0.195232 0.133793 0.0628992 0.0205253 0.005315 0.0025907 0.00374948 0.00616867 0.00907179 0.0118316 0.0138785 0.0150056 0.0154979 0.0159046 0.0166227 0.0176217 0.0184865 0.0186922
pSPR Fmed_Fpbrs
0.826931   0.6 0.325
Fs Fmed_Fpbrs
0.0898054   0.25336 0.607906
SSBpbr Bo_Bmed_Bpbrs
3.68406e+06  2.86226e+06  2.02623e+06 1.01312e+06
Ro
352657
SPR SPRFo_SPRFmed_SPRFpbrs
2.51713e+06 2.08149e+06 818068
Fref
0.25336
Nvult_r0
 439386 39795.3 18241.5 20866.1 8685.07
CTP_r0
 29576.9 2757.01 1265.72 1447.94 602.678
YTP_r0
391295
Np
 511556 147265 65316.2 5892.91 3471.81
Nvult_p0
 364291 105196 46665.1 4210.23 2480.46
CTP_p0
 71740.6 32969.6 2980.23 1365.94 2095.96
 71740.6 21235.2 9432.42 851.072 501.411
YTP_p0
 1.23393e+06 1.13022e+06
CBA_c0
1.20282e+06
log_Ro
12.5933
likeval ReclasPelacesDesembMPH_pf_preclas_ppelaces_ptallas_desvR_qrecl_qpela
 20.2115 18.2282 0.150197 66.9039 245.948 125.568 99.3748 0 21.0807 4.79245e-05 3.1513e-05 0.751955 8.55374e-16 0 0
q_reclas_q_pelaces
0.374942 0.449935
M
1
N
 347048 84809.8 391698 19626.4 0.573425
 211108 121439 29630.1 136836 6856.5
 201313 71073.8 40771.3 9946.35 48235
 421995 68004.9 23945.1 13734 19598.5
 344389 137370 22052.5 7763.24 10806.6
 581175 121649 48461.4 7779.13 6550.61
 248814 197440 41224.1 16420.3 4855.34
 127909 77940.6 61536.5 12844.9 6629.1
 116780 45970.5 27991.3 22099.1 6993.51
 153262 39311.8 15432 9395.1 9764.68
 284790 50561 12924.6 5072.69 6297.97
 165299 101850 18066.2 4617.94 4062.7
 139490 50971 31232.5 5538.39 2661.1
 235678 41870.8 15202.7 9312.23 2444.7
 181369 68721.9 12120.5 4399.04 3401.91
 827823 57441 21662.7 3819.69 2458.38
 193637 262401 18122.6 6832.84 1980.19
 1.45923e+06 64407.5 87004.1 6007.87 2921.61
 984660 487402 21447.9 28967.9 2973.03
 584323 318721 157133 6913.08 10295.1
 669686 192042 104380 51450.8 5634.48
 868255 223042 63761.3 34650.2 18949.9
 226568 273923 70028.5 20013.9 16824.2
 845670 75854.5 91438.1 23372.4 12294.8
 688932 290751 26024.3 31367.2 12235.3
 313047 237037 99827.2 8934.24 14968.8
 688259 109249 82585.6 34777.5 8327.22
 764556 237802 37672.6 28475.2 14862.3
 232460 266383 82712.8 13102.2 15072.3
 176486 81075.5 92751.6 28797 9809.07
 668029 60432.3 27699.5 31684.7 13188.1
pred_Ctot
 10753.5 2708.58 12530 627.881 0.0183449
 11403.4 6757.84 1651.48 7627.43 382.192
 10475.2 3810.13 2189.16 534.1 2590.14
 31020.1 5147.69 1815.39 1041.33 1485.99
 8697.72 3576.31 575.05 202.455 281.824
 28298.5 6102.87 2435.1 390.92 329.185
 23665.2 19328.6 4041.89 1610.09 476.092
 1867.44 1173.26 927.841 193.69 99.9619
 6316.04 2561.38 1562.1 1233.38 390.319
 10091.8 2666.02 1048.21 638.208 663.317
 5026.3 920.02 235.564 92.4625 114.797
 17151.7 10875.3 1932.03 493.891 434.509
 16499.9 6202.46 3806.33 675.02 324.337
 31483.5 5752.11 2091.63 1281.31 336.377
 16143.4 6296.73 1112.28 403.725 312.214
 73291.3 5235.16 1977.4 348.694 224.423
 11828.7 16510.9 1142.12 430.655 124.807
 85585.1 3891.25 5264.79 363.578 176.808
 75557 38510.8 1697.3 2292.59 235.294
 39744.3 22326.6 11024.6 485.068 722.374
 40400.2 11933.6 6496.51 3202.51 350.714
 79150.6 20929.6 5992.43 3256.77 1781.11
 12978.8 16164.2 4138.93 1182.99 994.456
 35167.6 3250.57 3924.66 1003.26 527.759
 28346.7 12327.9 1105.21 1332.22 519.657
 10207.3 7965.96 3360.26 300.759 503.905
 26587.4 4349.15 3292.99 1386.82 332.066
 25684.1 8233.45 1306.45 987.578 515.455
 7665.56 9053.55 2815.7 446.06 513.134
 7766.12 3676.19 4212.36 1307.94 445.523
 29576.9 2757.01 1265.72 1447.94 602.678
F
 0.0500501 0.0516205 0.0517059 0.0517104 0.0517106
 0.088652 0.0914336 0.0915848 0.0915928 0.0915932
 0.0852803 0.0879561 0.0881016 0.0881092 0.0881097
 0.122317 0.126154 0.126363 0.126374 0.126375
 0.0406354 0.0419104 0.0419797 0.0419834 0.0419836
 0.0796163 0.0821143 0.0822501 0.0822573 0.0822577
 0.16076 0.165804 0.166078 0.166093 0.166093
 0.0233222 0.024054 0.0240938 0.0240959 0.024096
 0.0887679 0.0915531 0.0917045 0.0917125 0.0917129
 0.108971 0.11239 0.112576 0.112586 0.112586
 0.0282514 0.0291378 0.029186 0.0291885 0.0291887
 0.176501 0.182039 0.18234 0.182356 0.182357
 0.203403 0.209785 0.210132 0.21015 0.210151
 0.232398 0.239689 0.240086 0.240107 0.240108
 0.149775 0.154474 0.15473 0.154743 0.154744
 0.148926 0.153599 0.153853 0.153867 0.153867
 0.100755 0.103917 0.104088 0.104098 0.104098
 0.0965712 0.0996012 0.099766 0.0997747 0.0997751
 0.12798 0.131995 0.132214 0.132225 0.132226
 0.112738 0.116276 0.116468 0.116478 0.116479
 0.0994483 0.102569 0.102738 0.102747 0.102748
 0.153637 0.158457 0.158719 0.158733 0.158734
 0.09423 0.0971865 0.0973473 0.0973557 0.0973562
 0.0676623 0.0697853 0.0699007 0.0699068 0.0699071
 0.0669266 0.0690265 0.0691407 0.0691467 0.069147
 0.0527263 0.0543806 0.0544705 0.0544753 0.0544755
 0.0627254 0.0646935 0.0648005 0.0648061 0.0648064
 0.0543592 0.0560648 0.0561575 0.0561624 0.0561627
 0.0533372 0.0550107 0.0551017 0.0551065 0.0551067
 0.0717176 0.0739678 0.0740901 0.0740966 0.0740969
 0.0721723 0.0744368 0.0745599 0.0745664 0.0745667
YTP_r0W_actual
 245488 38873.8 34933.8 49519.7 22479.9
YTP_p0W_proyectada
 537337 516633 68932.7 40117.7 70906.3
 537337 332756 218172 24996 16962.7
CTP_r0_actual
 29576.9 2757.01 1265.72 1447.94 602.678
CTP_p0_proyectada
 71740.6 32969.6 2980.23 1365.94 2095.96
 71740.6 21235.2 9432.42 851.072 501.411
Wmedp
 7.49 15.67 23.13 29.37 33.83
Frms_r0
 0.0721723 0.0744368 0.0745599 0.0745664 0.0745667
Zrms_r0
 1.07217 1.07444 1.07456 1.07457 1.07457
nmprior
 8.19 8.8 8.5 0
nm_flota  nm_reclas  nm_pelaces    nm_pelaL
inf 10.5151 16.9407 39.5923
cv_recla  cv_pelaces  cv_mph
0.406654 0.484111 0.757273
 ------------------------------------------------
Talla a la edad & desviaci?n 
 8 13.2811 15.8009 17.003 17.5766
 0.8 1.32811 1.58009 1.7003 1.75766
