years
 1991 1992 1993 1994 1995 1996 1997 1998 1999 2000 2001 2002 2003 2004 2005 2006 2007 2008 2009 2010 2011 2012 2013 2014 2015 2016 2017 2018 2019 2020 2021
reclasobs
 0 0 0 0 0 0 0 0 0 252601 567819 844713 477998 351125 339783 2.1784e+06 2.13404e+06 4.81314e+06 1.55562e+06 2.62356e+06 3.21686e+06 3.843e+06 1.13348e+06 3.07943e+06 1.97215e+06 2.03268e+06 2.025e+06 2.42433e+06 2.27542e+06 1.05018e+06 2.36338e+06
reclaspred
 3.40938e+06 1.95154e+06 993962 1.03727e+06 1.07232e+06 1.68126e+06 1.18706e+06 1.09716e+06 819843 631761 663443 614457 451928 586659 587085 1.24614e+06 1.21188e+06 2.80997e+06 2.6576e+06 1.98156e+06 2.92856e+06 1.94271e+06 1.50467e+06 2.74605e+06 2.19618e+06 2.01321e+06 2.37654e+06 2.48438e+06 2.08181e+06 1.3671e+06 1.9341e+06
pelacesobs
 0 0 0 0 0 0 0 0 0 0 0 0 0 0 0 552880 188675 0 991730 2.46772e+06 1.41603e+06 1.21717e+06 2.29649e+06 1.80582e+06 0 1.4828e+06 1.56532e+06 1.57751e+06 1.42118e+06 867257 1.10002e+06
pelacespred
 1.97331e+06 1.27113e+06 658265 558940 584269 952581 658934 702191 528781 393767 413785 324098 254689 374541 370735 639587 621024 1.63459e+06 1.6233e+06 1.1496e+06 1.52378e+06 1.18605e+06 878632 1.74632e+06 1.32922e+06 1.22148e+06 1.64553e+06 1.70269e+06 1.17551e+06 880412 1.24424e+06
mphobs
 0 0 0 0 0 0 0 0 0 0 0 498337 0 5186 125008 0 168611 109162 213762 579715 649985 157893 87575 83554 0 0 0 0 0 0 0
mphpred
 523331 351591 180290 98213.7 115902 132485 180215 129209 113177 83602.3 58463 79365.4 59951 38107.5 49422.1 60279.8 146859 140564 291687 261102 272760 259335 201944 164844 281964 247075 210365 222539 303429 213265 136355
desembarqueobs
 494567 514787 250237 358949 120608 361735 552515 73892 212993 205616 52469 317467 293654 387597 252695 516296 358380 742168 942051 627588 828172 859565 418607 520667 417249 300574 415391 372974 316634 284311 391294
desembarquepred
 494573 513107 251124 358966 120611 361745 552553 73894.4 213022 205638 52469.5 317637 293876 387564 252695 516292 358416 742114 941859 627508 828321 859729 418633 520681 417249 300577 415395 372967 316633 284321 391299
Reclutas
 246021 144085 142556 285176 232408 388638 165864 82366 75251.4 99475.2 186622 110290 89717.9 174898 121328 557046 124769 981815 679005 409596 449391 591219 150259 546977 450525 203604 443916 493144 151211 114514 429643
log_desv_Rt
 0.0453842 -0.489628 -0.500295 0.193075 -0.0115389 0.502618 -0.348865 -1.04886 -1.1392 -0.860123 -0.230949 -0.756917 -0.963361 -0.295829 -0.66153 0.862616 -0.633565 1.42937 1.0606 0.55514 0.647862 0.922156 -0.447668 0.844375 0.650382 -0.143855 0.635604 0.74077 -0.441357 -0.719337 0.602924
SSB
 4.87365e+06 3.27428e+06 1.67899e+06 914639 1.07937e+06 1.2338e+06 1.6783e+06 1.20329e+06 1.05399e+06 778567 544451 739109 558308 354885 460255 561371 1.36766e+06 1.30904e+06 2.71641e+06 2.43158e+06 2.54014e+06 2.41512e+06 1.88065e+06 1.53515e+06 2.62586e+06 2.30094e+06 1.95907e+06 2.07245e+06 2.82575e+06 1.98608e+06 1.26984e+06
BT
 6.39042e+06 4.3581e+06 2.24687e+06 1.99511e+06 1.8619e+06 3.18972e+06 2.49059e+06 2.18753e+06 1.81072e+06 1.39089e+06 1.2973e+06 1.25351e+06 1.04737e+06 1.54705e+06 1.37699e+06 2.35861e+06 2.16331e+06 5.60413e+06 5.81404e+06 4.0496e+06 5.26718e+06 4.43833e+06 3.03383e+06 5.77535e+06 4.40141e+06 3.96182e+06 5.40326e+06 5.52717e+06 3.81866e+06 2.93938e+06 4.14238e+06
Ftot
 0.0876529 0.157406 0.152072 0.216353 0.0701532 0.136387 0.280049 0.0417617 0.160198 0.199862 0.0508519 0.31261 0.392057 0.418327 0.273007 0.267736 0.180756 0.171091 0.22089 0.195284 0.174792 0.273074 0.169808 0.122622 0.118128 0.0922855 0.111442 0.0964242 0.0920888 0.126527 0.13052
BD_Bspro_t
 0.986088 0.895232 0.779521 0.709883 0.714352 0.774653 0.773552 0.665263 0.712856 0.69209 0.675863 0.796519 0.638903 0.505975 0.542423 0.581855 0.678977 0.659211 0.752559 0.699967 0.667052 0.657819 0.635422 0.631534 0.765249 0.777958 0.786849 0.8137 0.845714 0.799164 0.751805
BD_Bspro
 2.90429 1.9512 1.00054 0.545048 0.643211 0.735243 1.00012 0.717062 0.628091 0.46396 0.324447 0.440447 0.332705 0.211482 0.274274 0.33453 0.815008 0.780077 1.61875 1.44902 1.51371 1.43921 1.12071 0.914818 1.56479 1.37117 1.16744 1.23501 1.68391 1.18354 0.756718
BD_Bo
 1.98713 1.33502 0.684573 0.372924 0.440088 0.503056 0.684289 0.490617 0.429742 0.317444 0.221988 0.301356 0.227638 0.144697 0.187659 0.228887 0.557632 0.533732 1.10756 0.991423 1.03569 0.984713 0.766795 0.625922 1.07064 0.93816 0.79877 0.844997 1.15214 0.809781 0.51775
BD_Brms
 3.61296 2.4273 1.24468 0.678044 0.80016 0.914648 1.24416 0.892031 0.78135 0.57717 0.403615 0.54792 0.413887 0.263085 0.341199 0.416158 1.01388 0.970422 2.01374 1.80259 1.88307 1.79039 1.39417 1.13804 1.94661 1.70574 1.45231 1.53636 2.0948 1.47233 0.941363
Sel_flota
 0.872328 0.992356 0.999595 0.999979 0.999999
 0.872328 0.992356 0.999595 0.999979 0.999999
 0.872328 0.992356 0.999595 0.999979 0.999999
 0.872328 0.992356 0.999595 0.999979 0.999999
 0.872328 0.992356 0.999595 0.999979 0.999999
 0.872328 0.992356 0.999595 0.999979 0.999999
 0.872328 0.992356 0.999595 0.999979 0.999999
 0.872328 0.992356 0.999595 0.999979 0.999999
 0.872328 0.992356 0.999595 0.999979 0.999999
 0.872328 0.992356 0.999595 0.999979 0.999999
 0.872328 0.992356 0.999595 0.999979 0.999999
 0.872328 0.992356 0.999595 0.999979 0.999999
 0.872328 0.992356 0.999595 0.999979 0.999999
 0.872328 0.992356 0.999595 0.999979 0.999999
 0.872328 0.992356 0.999595 0.999979 0.999999
 0.872328 0.992356 0.999595 0.999979 0.999999
 0.872328 0.992356 0.999595 0.999979 0.999999
 0.872328 0.992356 0.999595 0.999979 0.999999
 0.872328 0.992356 0.999595 0.999979 0.999999
 0.872328 0.992356 0.999595 0.999979 0.999999
 0.872328 0.992356 0.999595 0.999979 0.999999
 0.872328 0.992356 0.999595 0.999979 0.999999
 0.872328 0.992356 0.999595 0.999979 0.999999
 0.872328 0.992356 0.999595 0.999979 0.999999
 0.872328 0.992356 0.999595 0.999979 0.999999
 0.872328 0.992356 0.999595 0.999979 0.999999
 0.872328 0.992356 0.999595 0.999979 0.999999
 0.872328 0.992356 0.999595 0.999979 0.999999
 0.872328 0.992356 0.999595 0.999979 0.999999
 0.872328 0.992356 0.999595 0.999979 0.999999
 0.872328 0.992356 0.999595 0.999979 0.999999
Sel_reclas
 1 1 1 1 1
 1 1 1 1 1
 1 1 1 1 1
 1 1 1 1 1
 1 1 1 1 1
 1 1 1 1 1
 1 1 1 1 1
 1 1 1 1 1
 1 1 1 1 1
 1 1 1 1 1
 1 1 1 1 1
 1 1 1 1 1
 1 1 1 1 1
 1 1 1 1 1
 1 1 1 1 1
 1 1 1 1 1
 1 1 1 1 1
 1 1 1 1 1
 1 1 1 1 1
 1 1 1 1 1
 1 1 1 1 1
 1 1 1 1 1
 1 1 1 1 1
 1 1 1 1 1
 1 1 1 1 1
 1 1 1 1 1
 1 1 1 1 1
 1 1 1 1 1
 1 1 1 1 1
 1 1 1 1 1
 1 1 1 1 1
Sel_pelaces
 1 1 1 1 1
 1 1 1 1 1
 1 1 1 1 1
 1 1 1 1 1
 1 1 1 1 1
 1 1 1 1 1
 1 1 1 1 1
 1 1 1 1 1
 1 1 1 1 1
 1 1 1 1 1
 1 1 1 1 1
 1 1 1 1 1
 1 1 1 1 1
 1 1 1 1 1
 1 1 1 1 1
 1 1 1 1 1
 1 1 1 1 1
 1 1 1 1 1
 1 1 1 1 1
 1 1 1 1 1
 1 1 1 1 1
 1 1 1 1 1
 1 1 1 1 1
 1 1 1 1 1
 1 1 1 1 1
 1 1 1 1 1
 1 1 1 1 1
 1 1 1 1 1
 1 1 1 1 1
 1 1 1 1 1
 1 1 1 1 1
pf_obs 
 0.8446 0.082 0.0669 0.0065 0
 0.8095 0.147 0.0364 0.0071 0
 0.9664 0.0169 0.016 0.0007 0
 0.9276 0.0648 0.0075 0.0001 0
 0.7033 0.2144 0.0806 0.0017 0
 0.9318 0.0425 0.0243 0.0014 0
 0.5671 0.3108 0.0964 0.0239 0.0018
 0.0768 0.2599 0.5324 0.112 0.0189
 0.490249 0.384438 0.106611 0.0170017 0.00170017
 0.7925 0.1577 0.0466 0.003 0.0002
 0.840416 0.127587 0.0312969 0.00059994 9.999e-05
 0.8084 0.0986 0.0794 0.0134 0.0002
 0.7335 0.1905 0.0724 0.0035 0.0001
 0.4001 0.4547 0.1325 0.0127 0
 0.49795 0.308269 0.164784 0.0264974 0.00249975
 0.9179 0.0499 0.0305 0.0017 0
 0.2467 0.6533 0.0926 0.0074 0
 0.9418 0.0223 0.034 0.0019 0
 0.707729 0.231977 0.0356964 0.0245975 0
 0.517169 0.277429 0.184464 0.0207286 0.00020938
 0.811772 0.124168 0.05621 0.00726502 0.000585176
 0.764997 0.148141 0.077277 0.00933861 0.000247198
 0.163321 0.427699 0.378323 0.0303852 0.000271297
 0.753843 0.0900009 0.118128 0.0371064 0.000921714
 0.721811 0.176058 0.0630433 0.0369309 0.00215725
 0.143369 0.312575 0.442814 0.0836902 0.0175525
 0.692698 0.0596174 0.167031 0.0765114 0.00414204
 0.394062 0.376323 0.152708 0.0712218 0.00568511
 0.125707 0.32114 0.495352 0.0537591 0.00404204
 0.23352 0.215282 0.420074 0.123614 0.00750983
 0.796117 0.104755 0.0508955 0.0450114 0.00322123
pf_pred 
 0.420892 0.109469 0.445875 0.023763 7.44668e-07
 0.408626 0.268429 0.0614089 0.248307 0.0132289
 0.547179 0.200261 0.115134 0.0261404 0.111285
 0.762147 0.138184 0.0442709 0.0252603 0.0301384
 0.649943 0.275395 0.0435222 0.0138347 0.0173048
 0.74372 0.173912 0.064902 0.0101832 0.00728307
 0.472191 0.405632 0.0831118 0.0307843 0.00828121
 0.43548 0.286857 0.213796 0.0434516 0.0204149
 0.51605 0.226154 0.13146 0.0972857 0.0290508
 0.668708 0.182321 0.0699048 0.0403267 0.0387393
 0.788995 0.14747 0.0350907 0.0133504 0.0150936
 0.548113 0.365832 0.0602757 0.0142405 0.0115387
 0.603048 0.231905 0.133831 0.0218679 0.00934841
 0.810471 0.121211 0.0400576 0.0229172 0.00534298
 0.668416 0.276322 0.0354565 0.0116151 0.00819049
 0.907936 0.0643918 0.0230923 0.00293915 0.00164106
 0.385344 0.565042 0.0347857 0.0123745 0.00245334
 0.902702 0.040665 0.0520948 0.00318254 0.00135604
 0.639352 0.32972 0.012984 0.0165067 0.0014375
 0.541985 0.307188 0.137989 0.00539124 0.00744767
 0.643661 0.205309 0.101555 0.045266 0.00420991
 0.714514 0.192616 0.0536849 0.0263518 0.012833
 0.366043 0.471073 0.110193 0.0304646 0.0222265
 0.80161 0.0789921 0.0888975 0.0206368 0.00986378
 0.644314 0.292459 0.0252886 0.0282492 0.00968835
 0.447629 0.372232 0.148318 0.0127303 0.0190902
 0.731631 0.128863 0.0942359 0.0372759 0.00799406
 0.689955 0.234723 0.0363085 0.0263568 0.0126566
 0.364745 0.455586 0.136268 0.0209253 0.0224753
 0.438331 0.222145 0.244004 0.0724525 0.0230665
 0.82624 0.0820042 0.0364563 0.0397465 0.0155531
pobs_RECLAS
 0 0 0 0 0
 0 0 0 0 0
 0 0 0 0 0
 0 0 0 0 0
 0 0 0 0 0
 0 0 0 0 0
 0 0 0 0 0
 0 0 0 0 0
 0 0 0 0 0
 0 0 0 0 0
 0.991045 0.00858322 0.000360255 1.14367e-05 0
 0.934742 0.0480273 0.0164251 0.00080598 0
 0.827803 0.169806 0.00239088 0 0
 0.941827 0.0461693 0.0120037 0 0
 0.791401 0.0380133 0.147996 0.0225897 0
 0.846168 0.0940531 0.0597789 0 0
 0.134021 0.677848 0.182769 0.00536245 0
 0.80878 0.0450904 0.141981 0.00414843 0
 0.846168 0.0940531 0.0597789 0 0
 0.905697 0.0802665 0.012482 0.00150086 5.37128e-05
 0.989698 0.0102097 9.19794e-05 0 0
 0.975433 0.0193895 0.00387452 0.00125025 5.28907e-05
 0.303575 0.632131 0.0575291 0.00676475 0
 0.966965 0.00978017 0.0227588 0.000495775 0
 0.843318 0.132988 0.00938335 0.0141283 0.000182051
 0.564624 0.303363 0.111486 0.0197234 0.00080311
 0.826376 0.0876187 0.0782897 0.00655872 0.00115652
 0.89761 0.0855135 0.0140674 0.00269457 0.000114338
 0.34875 0.467042 0.161289 0.0227151 0.000203297
 0.318654 0.224769 0.449479 0.00709798 0
 0.937255 0.0296025 0.0250945 0.00804832 0
ppred_RECLAS
 0.454299 0.10377 0.419577 0.0223528 7.00461e-07
 0.441575 0.254538 0.0578031 0.233636 0.012447
 0.580328 0.186387 0.106371 0.0241413 0.102773
 0.78569 0.124905 0.0397207 0.0226551 0.0270296
 0.679185 0.252792 0.039659 0.0126018 0.0157623
 0.768205 0.157672 0.05841 0.00916102 0.00655188
 0.505691 0.380554 0.0773925 0.0286546 0.00770815
 0.468403 0.271109 0.20059 0.040752 0.0191462
 0.549578 0.211335 0.121943 0.0902075 0.0269366
 0.697834 0.166862 0.0635053 0.0366206 0.0351784
 0.810085 0.133029 0.0314241 0.0119508 0.013511
 0.581113 0.339608 0.0555364 0.0131156 0.010627
 0.635404 0.21368 0.122382 0.019989 0.00854503
 0.830676 0.108592 0.0356153 0.0203676 0.00474844
 0.697317 0.252557 0.0321659 0.010533 0.00742728
 0.918574 0.0570801 0.0203179 0.00258501 0.0014433
 0.416943 0.536318 0.0327741 0.0116544 0.00231052
 0.913945 0.0361214 0.0459337 0.00280506 0.00119518
 0.669234 0.302598 0.0118278 0.0150309 0.00130895
 0.57492 0.285796 0.127432 0.00497686 0.00687508
 0.673789 0.188548 0.0925778 0.0412486 0.0038362
 0.741187 0.175054 0.0484268 0.0237614 0.0115712
 0.397363 0.448663 0.104179 0.0287906 0.0210047
 0.82217 0.0711234 0.0794561 0.0184378 0.00881258
 0.673858 0.268528 0.0230494 0.0257378 0.00882686
 0.480523 0.350909 0.138801 0.0119088 0.0178579
 0.757112 0.11708 0.0849932 0.0336069 0.00720706
 0.717416 0.214324 0.0329109 0.0238812 0.0114675
 0.395839 0.434195 0.128922 0.0197895 0.021255
 0.471747 0.209872 0.228835 0.0679218 0.0216237
 0.844692 0.0735898 0.0324758 0.035393 0.0138493
pobs_PELACES
 0 0 0 0 0
 0 0 0 0 0
 0 0 0 0 0
 0 0 0 0 0
 0 0 0 0 0
 0 0 0 0 0
 0 0 0 0 0
 0 0 0 0 0
 0 0 0 0 0
 0 0 0 0 0
 0 0 0 0 0
 0 0 0 0 0
 0 0 0 0 0
 0 0 0 0 0
 0 0 0 0 0
 0 0 0 0 0
 0.505614 0.472636 0.0217494 0 0
 0 0 0 0 0
 0.443492 0.261883 0.143347 0.151278 0
 0.227955 0.32914 0.350689 0.0885471 0.00366901
 0.970185 0.0296113 0.000203453 0 0
 0.997202 0.00247181 0.000326279 0 0
 0.445219 0.490057 0.0546422 0.010081 0
 0.90214 0.0892962 0.00764917 0.000914606 0
 0 0 0 0 0
 0.581667 0.319106 0.0959925 0.00289975 0.000334073
 0.762889 0.0836404 0.116647 0.0363945 0.000428098
 0.88444 0.0763242 0.0277011 0.0115352 0
 0.521256 0.241999 0.230069 0.00667565 0
 0.616807 0.101726 0.260614 0.0208532 0
 0.833518 0.0704572 0.0857862 0.0102388 0
ppred_PELACES
 0.455202 0.103616 0.418866 0.0223147 6.99267e-07
 0.443166 0.253868 0.0576291 0.232928 0.0124093
 0.581845 0.185752 0.10597 0.0240498 0.102383
 0.787167 0.124072 0.0394354 0.0224918 0.0268346
 0.679798 0.252318 0.039578 0.012576 0.01573
 0.769184 0.157023 0.0581504 0.00912015 0.00652264
 0.508503 0.378448 0.0769129 0.028476 0.00766009
 0.468827 0.270906 0.20042 0.0407172 0.0191298
 0.5512 0.210618 0.121482 0.0898652 0.0268343
 0.699546 0.165953 0.0631291 0.0364027 0.034969
 0.8104 0.132813 0.0313693 0.0119299 0.0134874
 0.584159 0.337187 0.0550993 0.0130119 0.0105429
 0.639085 0.211606 0.121081 0.0197755 0.00845373
 0.833045 0.107112 0.0350948 0.0200689 0.00467879
 0.699617 0.250665 0.0319041 0.0104469 0.00736656
 0.919378 0.0565274 0.0201083 0.00255826 0.00142836
 0.418693 0.534727 0.0326628 0.0116145 0.00230261
 0.914495 0.0358991 0.0456323 0.00278659 0.00118731
 0.671178 0.300833 0.0117526 0.0149349 0.00130059
 0.576846 0.284544 0.126815 0.00495262 0.0068416
 0.675348 0.187681 0.0921134 0.0410407 0.00381686
 0.743297 0.173664 0.0480109 0.0235565 0.0114714
 0.399 0.447491 0.103865 0.0287031 0.0209409
 0.822905 0.0708421 0.0791186 0.0183592 0.00877501
 0.674896 0.267687 0.0229707 0.0256495 0.00879658
 0.481454 0.350306 0.138532 0.0118856 0.0178231
 0.757949 0.116694 0.0846898 0.0334864 0.00718123
 0.718201 0.213741 0.0328137 0.0238104 0.0114335
 0.396726 0.433584 0.128712 0.0197571 0.0212202
 0.473043 0.209396 0.228247 0.0677462 0.0215677
 0.845391 0.0732709 0.032325 0.0352281 0.0137847
pobs_pel_tallas
 0 0 0 0 0 0 0 0 0 0 0 0 0 0 0 0 0 0 0 0 0 0 0 0 0 0
 0 0 0 0 0 0 0 0 0 0 0 0 0 0 0 0 0 0 0 0 0 0 0 0 0 0
 0 0 0 0 0 0 0 0 0 0 0 0 0 0 0 0 0 0 0 0 0 0 0 0 0 0
 0 0 0 0 0 0 0 0 0 0 0 0 0 0 0 0 0 0 0 0 0 0 0 0 0 0
 0 0 0 0 0 0 0 0 0 0 0 0 0 0 0 0 0 0 0 0 0 0 0 0 0 0
 0 0 0 0 0 0 0 0 0 0 0 0 0 0 0 0 0 0 0 0 0 0 0 0 0 0
 0 0 0 0 0 0 0 0 0 0 0 0 0 0 0 0 0 0 0 0 0 0 0 0 0 0
 0 0 0 0 0 0 0 0 0 0 0 0 0 0 0 0 0 0 0 0 0 0 0 0 0 0
 0 0 0 0 0 0 0 0 0 0 0 0 0 0 0 0 0 0 0 0 0 0 0 0 0 0
 0 0 0 0 0 0 0 0 0 0 0 0 0 0 0 0 0 0 0 0 0 0 0 0 0 0
 0 0 0 0 0 0 0 0 0 0 0 0 0 0 0 0 0 0 0 0 0 0 0 0 0 0
 0 0 0 0 0 0 0 0 0 0 0 0 0 0 0 0 0 0 0 0 0 0 0 0 0 0
 0.00862536 0 0 0.000197151 0.00414017 0.0128641 0.00837892 0.0270097 0.101434 0.158115 0.152841 0.127902 0.109271 0.109419 0.0830992 0.0579132 0.0238553 0.00714673 0.00463305 0.00128148 0.00103504 0.000492878 0.000147863 0.000147863 4.92878e-05 0
 0 0 0 0 0 0 0 0 0 0 0 0 0 0 0 0 0 0 0 0 0 0 0 0 0 0
 0 0 0 0 0 0 0 0.0054083 0.00873648 0.0413646 0.0450493 0.0745869 0.0622846 0.0627006 0.0613931 0.0827291 0.12552 0.122667 0.0946155 0.0697135 0.0546179 0.0294188 0.0215738 0.0213955 0.0102223 0.00600262
 0 0 0 0 0.00359764 0.0251062 0.0480494 0.140153 0.205849 0.193036 0.1447 0.116669 0.0760912 0.0342217 0.00950174 0.001854 0.000860785 0 0 0 0.000165536 0 0.000143464 0 0 0
 0 0 0 0 0 0 0 0.000145254 0.000435761 0.0275982 0.070085 0.0708112 0.156366 0.174668 0.174014 0.160142 0.0824315 0.0480064 0.0283245 0.00493863 0.00203355 0 0 0 0 0
 0 0 0 0 0 0 0 0 0 0 0 0 0 0 0 0 0 0 0 0 0 0 0 0 0 0
 0 0 1.00437e-05 0.000401748 0.00122533 0.00171747 0.00176769 0.0269171 0.070346 0.194647 0.189555 0.159765 0.064822 0.0314167 0.0384472 0.0292271 0.0345202 0.0313363 0.0194345 0.0106764 0.0143323 0.0359363 0.0279516 0.0138201 0.00172751 0
 0 0.0021121 0.0136068 0.0755702 0.200478 0.177729 0.0527432 0.0373336 0.0318909 0.0142505 0.0149659 0.0166563 0.0217959 0.0798694 0.0677717 0.0528807 0.04013 0.0224614 0.0357745 0.0225083 0.00881397 0.00855152 0.00135912 0.000746735 0 0
 0 0 0 0 5.4009e-05 0.00500934 0.000945158 0.0243581 0.138947 0.33067 0.221406 0.137944 0.0707744 0.0437923 0.0131692 0.00525238 0.0047753 0.00276346 9.45158e-05 9.00151e-06 2.25038e-05 9.00151e-06 4.50075e-06 0 0 0
 0.000866109 0.00284123 0.00948549 0.0512746 0.133035 0.25785 0.225252 0.132002 0.0553304 0.0519788 0.0540692 0.017754 0.00435017 0.00159236 0.00146478 0.000404838 0.000125132 0.000115318 0.000107957 0.000100596 0 0 0 0 0 0
 0 0 0 0 0.00144013 0.00171154 0.00461396 0.0210425 0.0478622 0.0707936 0.0888783 0.103762 0.0637923 0.0337046 0.0602308 0.124433 0.169614 0.0934646 0.0462172 0.0250306 0.0313229 0.00938855 0.002487 0.000210481 0 0
 0 0.00764035 0.051015 0.0998891 0.058973 0.0496711 0.0374665 0.0718981 0.12319 0.153886 0.159021 0.0857701 0.0377988 0.023471 0.0147837 0.00900784 0.00315554 0.000888139 0.00291439 0.00214683 0.00393193 0.00274676 0.000635225 9.99891e-05 0 0
 0 0 0 0 0 0 0 0 0 0 0 0 0 0 0 0 0 0 0 0 0 0 0 0 0 0
 0 0 0 0 0 0 0 0 0 0 0 0 0 0 0 0 0 0 0 0 0 0 0 0 0 0
 0 0 0 0 0 0 0 0 0 0 0 0 0 0 0 0 0 0 0 0 0 0 0 0 0 0
 0 0 0 0 0 0 0 0 0 0 0 0 0 0 0 0 0 0 0 0 0 0 0 0 0 0
 0 0 0 0 0 0 0 0 0 0 0 0 0 0 0 0 0 0 0 0 0 0 0 0 0 0
 0 0 0 0 0 0 0 0 0 0 0 0 0 0 0 0 0 0 0 0 0 0 0 0 0 0
 0 0 0 0 0 0 0 0 0 0 0 0 0 0 0 0 0 0 0 0 0 0 0 0 0 0
ppred_pel_tallas
 1.14353e-16 3.74944e-05 0.000364459 0.00242196 0.0110099 0.0342559 0.0729862 0.106528 0.106538 0.0730384 0.0344329 0.0115292 0.0037556 0.00337559 0.00604796 0.0106981 0.0171697 0.0252502 0.0346069 0.0448636 0.0554309 0.0651518 0.0722044 0.0746216 0.0712423 0.0624386
 1.27188e-16 3.6503e-05 0.000354823 0.00235792 0.0107188 0.0333502 0.0710571 0.103715 0.10374 0.0711773 0.0337542 0.0118872 0.00529764 0.00679624 0.0123447 0.0205597 0.0301425 0.0391154 0.0455977 0.0490021 0.050484 0.0521172 0.0553745 0.0600775 0.0645073 0.0664346
 1.22844e-16 4.79259e-05 0.000465856 0.00309578 0.014073 0.0437864 0.0932921 0.136166 0.136184 0.0933804 0.0440832 0.0149325 0.00526093 0.00521835 0.00915168 0.0152631 0.0224884 0.0293845 0.0345516 0.0374669 0.0388184 0.039964 0.0419301 0.0447334 0.0474484 0.0488121
 1.07967e-16 6.48379e-05 0.000630247 0.00418822 0.019039 0.0592376 0.126212 0.184213 0.184225 0.126271 0.0594347 0.0196091 0.00562158 0.00376741 0.0060474 0.00996128 0.0145049 0.018596 0.0211938 0.021866 0.0210527 0.0197427 0.018814 0.018553 0.0186446 0.0185094
 1.0513e-16 5.59941e-05 0.000544283 0.00361695 0.0164422 0.0511578 0.108998 0.159091 0.159115 0.109117 0.051557 0.0175954 0.00651224 0.00686668 0.0120694 0.0198812 0.0286757 0.0361544 0.0400188 0.0392284 0.0346229 0.0283437 0.0225305 0.0183062 0.0156375 0.0138623
 1.03737e-16 6.33567e-05 0.00061585 0.00409254 0.0186041 0.0578843 0.123329 0.180006 0.180021 0.123404 0.0581339 0.0193255 0.00590622 0.00458444 0.00762778 0.0125815 0.0182853 0.0233447 0.0263738 0.0267226 0.024829 0.021851 0.0188958 0.0164692 0.0144736 0.0125758
 1.06469e-16 4.18848e-05 0.000407135 0.00270556 0.0122991 0.0382672 0.0815337 0.119008 0.119045 0.0817122 0.0388666 0.0140308 0.00705444 0.00990796 0.018107 0.0299248 0.0432384 0.0546612 0.0607656 0.0599762 0.0534874 0.0443939 0.0357656 0.02918 0.0245715 0.0210482
 1.13174e-16 3.86167e-05 0.000375368 0.00249445 0.0113394 0.0352814 0.0751716 0.109721 0.109747 0.0753006 0.0357153 0.0125962 0.00566195 0.00733287 0.0133782 0.022386 0.0330182 0.0431476 0.0505942 0.0543148 0.0548902 0.0538309 0.0523223 0.05049 0.0476628 0.0431892
 1.17113e-16 4.54017e-05 0.00044132 0.00293273 0.0133318 0.0414802 0.0883787 0.128996 0.129016 0.0884789 0.041817 0.0143068 0.00538916 0.005834 0.0103776 0.0173263 0.0255353 0.033366 0.0392004 0.0423755 0.0435487 0.0440929 0.0450073 0.0462324 0.0468206 0.0456693
 1.11433e-16 5.76208e-05 0.000560094 0.00372202 0.0169198 0.0526438 0.112164 0.16371 0.163726 0.112242 0.0529079 0.0176836 0.00564346 0.00476846 0.00809171 0.0133981 0.0195661 0.0251976 0.0289277 0.0301901 0.0295574 0.0282986 0.0275031 0.0274619 0.0276841 0.0273748
 1.04419e-16 6.67516e-05 0.00064885 0.00431183 0.019601 0.060986 0.129938 0.18965 0.189663 0.13 0.0611965 0.0202094 0.00584036 0.00398993 0.00642496 0.0105507 0.015276 0.0193925 0.0217225 0.0217417 0.0198892 0.017249 0.0148642 0.0132188 0.0121938 0.0113744
 1.04766e-16 4.81165e-05 0.000467709 0.00310809 0.014129 0.0439606 0.0936639 0.136712 0.136745 0.0938228 0.0444941 0.01567 0.0069771 0.00891609 0.0161 0.0265589 0.0382985 0.0482563 0.0533413 0.052131 0.0457102 0.0369099 0.0285852 0.0222768 0.0180307 0.0150869
 1.06963e-16 5.26406e-05 0.000511685 0.00340033 0.0154574 0.0480939 0.10247 0.149562 0.149583 0.10257 0.0484316 0.0164346 0.00586036 0.00590549 0.0103655 0.0172335 0.0252422 0.0326253 0.0375931 0.0392881 0.0382114 0.0357084 0.0329704 0.0303889 0.0276656 0.024375
 1.03845e-16 6.86168e-05 0.00066698 0.00443232 0.0201487 0.0626901 0.133568 0.194949 0.194959 0.133619 0.0628602 0.0206407 0.00566919 0.00337345 0.00522769 0.00858445 0.0124805 0.0159547 0.0180795 0.0184409 0.0173717 0.0156861 0.0141343 0.0130109 0.0121554 0.0112283
 1.0328e-16 5.76266e-05 0.000560151 0.0037224 0.0169215 0.0526492 0.112176 0.163729 0.163753 0.112294 0.0530455 0.0180661 0.00659544 0.00683158 0.011967 0.01969 0.0283535 0.0356475 0.0392601 0.0381337 0.0330962 0.0262967 0.0199157 0.0151487 0.0120508 0.0100395
 1.01094e-16 7.57279e-05 0.000736102 0.00489166 0.0222368 0.0691869 0.14741 0.215151 0.215156 0.147437 0.0692767 0.0224964 0.00554416 0.00216357 0.00279567 0.00452519 0.00656544 0.00836871 0.00942877 0.00950782 0.00876191 0.00761033 0.00645904 0.00550175 0.00471691 0.00399657
 1.02634e-16 3.44873e-05 0.000335229 0.00222771 0.0101269 0.0315088 0.0671348 0.0979959 0.0980474 0.0673862 0.032353 0.0125642 0.00834225 0.0136722 0.0253312 0.0417376 0.0599213 0.0749331 0.0817522 0.0780671 0.0656762 0.0493168 0.0339016 0.022288 0.0148541 0.0104917
 1.01807e-16 7.53257e-05 0.000732193 0.00486568 0.0221187 0.0688194 0.146627 0.214007 0.214011 0.146644 0.0688775 0.0222873 0.0052919 0.00167267 0.00189081 0.00308304 0.0046113 0.00616719 0.00747844 0.00839944 0.00895466 0.00924565 0.00931035 0.00907243 0.00842111 0.00733501
 1.02134e-16 5.52841e-05 0.000537382 0.00357109 0.0162337 0.0505092 0.107616 0.157075 0.157104 0.107758 0.0509839 0.0176044 0.0070095 0.00803629 0.0142762 0.0234598 0.0336644 0.042076 0.0458737 0.0437744 0.0368189 0.0277067 0.0192236 0.0129696 0.00911151 0.00695206
 1.05387e-16 4.75141e-05 0.000461854 0.00306919 0.0139521 0.0434103 0.0924912 0.134999 0.135027 0.0926259 0.043863 0.0152614 0.00636209 0.00767118 0.0138003 0.0228978 0.0333471 0.0426931 0.0484303 0.0493467 0.0461539 0.0408328 0.0352779 0.0303596 0.025964 0.0216546
 1.07468e-16 5.56276e-05 0.00054072 0.00359328 0.0163345 0.0508229 0.108284 0.158048 0.158066 0.108373 0.051122 0.0172001 0.00577171 0.00531513 0.00917893 0.0152339 0.0222879 0.0287667 0.0330976 0.0345602 0.0336642 0.0316747 0.0296891 0.0280257 0.0263069 0.0239873
 1.05734e-16 6.12244e-05 0.000595123 0.00395481 0.017978 0.0559363 0.119179 0.173948 0.173965 0.119261 0.0562118 0.0187745 0.00595638 0.00497221 0.00839695 0.013846 0.020086 0.0255748 0.0287883 0.0290448 0.0268995 0.0237239 0.0208155 0.0187417 0.0173083 0.015981
 1.09535e-16 3.28652e-05 0.000319461 0.00212293 0.00965058 0.0300268 0.0639768 0.0933851 0.0934283 0.0641879 0.0307359 0.0116997 0.00727 0.0115674 0.0214298 0.0354687 0.0513115 0.0649964 0.0725012 0.0719806 0.0648379 0.054689 0.0450907 0.0378236 0.0327368 0.0287302
 1.05628e-16 6.77816e-05 0.000658861 0.00437837 0.0199034 0.061927 0.131942 0.192575 0.192582 0.131976 0.0620414 0.0202353 0.0052171 0.00250835 0.00363483 0.00604495 0.00903747 0.0120724 0.0146361 0.0164825 0.0177226 0.0186246 0.0193023 0.0195783 0.0191243 0.0177269
 1.04793e-16 5.55904e-05 0.000540358 0.00359087 0.0163236 0.0507889 0.108212 0.157944 0.15797 0.108338 0.0512119 0.0175451 0.00665645 0.0072306 0.0127563 0.0209885 0.030205 0.0379437 0.0417483 0.0405216 0.0351996 0.0281361 0.0216956 0.017137 0.0144333 0.0128274
 1.08296e-16 3.96568e-05 0.000385478 0.00256164 0.0116449 0.0362317 0.0771966 0.112678 0.112712 0.0773623 0.0367885 0.0132551 0.00661035 0.00924625 0.0169335 0.028103 0.0408789 0.0522396 0.0591023 0.0600074 0.0559052 0.0493403 0.0427464 0.0372368 0.0326132 0.0281814
 1.07048e-16 6.24313e-05 0.000606854 0.00403276 0.0183323 0.0570388 0.121528 0.177375 0.177387 0.121583 0.0572258 0.0188739 0.00539801 0.00360649 0.00581633 0.00966713 0.0142749 0.0187037 0.0220371 0.023857 0.0244408 0.0244466 0.0243552 0.0241456 0.0234196 0.0217853
 1.05325e-16 5.91573e-05 0.00057503 0.00382128 0.017371 0.0540477 0.115155 0.168077 0.168097 0.115256 0.054386 0.0183482 0.00627477 0.00593348 0.0102435 0.0168624 0.0243397 0.0307328 0.0341145 0.0336265 0.0299988 0.0250464 0.0205531 0.0174074 0.0154962 0.0141769
 1.09398e-16 3.26779e-05 0.000317641 0.00211084 0.00959559 0.0298557 0.0636122 0.0928527 0.0928946 0.063817 0.0305436 0.011584 0.00710724 0.0112425 0.020833 0.0345259 0.0500526 0.0636149 0.0713432 0.0714367 0.0651783 0.0559315 0.0469776 0.0399195 0.0345916 0.030029
 1.17085e-16 3.89639e-05 0.000378743 0.00251688 0.0114414 0.0355986 0.0758472 0.110706 0.110726 0.0759476 0.0359366 0.0124222 0.00499506 0.00584286 0.0105762 0.0178434 0.0266896 0.0356506 0.0432274 0.0487113 0.0524551 0.0552724 0.0575025 0.058593 0.0575146 0.0535662
 1.06818e-16 6.96338e-05 0.000676865 0.00449801 0.0204473 0.0636191 0.135548 0.197837 0.197844 0.135582 0.063736 0.0207855 0.00534963 0.00254464 0.00364306 0.00598341 0.00878531 0.0114277 0.0133446 0.0143232 0.0146329 0.0148099 0.015257 0.0159761 0.0166049 0.0166738
pSPR Fmed_Fpbrs
0.736864   0.6 0.325
Fs Fmed_Fpbrs
0.154589   0.267528 0.647784
SSBpbr Bo_Bmed_Bpbrs
2.45261e+06  1.68461e+06  1.34894e+06 674469
Ro
235105
SPR SPRFo_SPRFmed_SPRFpbrs
1.67809e+06 1.23652e+06 545379
Fref
0.267528
Nvult_r0
 288595 25532.7 11278.2 12291.9 4809.83
CTP_r0
 29499.6 2927.83 1301.61 1419.08 555.299
YTP_r0
391299
Np
 331533 96578.3 39790 3432.81 1940.31
Nvult_p0
 234954 69333.3 28586.9 2466.38 1394.06
CTP_p0
 44456.8 21242.7 1848.2 815.521 1175.72
 44456.8 14545.3 6031.69 520.552 294.234
YTP_p0
 772330 725662
CBA_c0
758329
log_Ro
12.1878
likeval ReclasPelacesDesembMPH_pf_preclas_ppelaces_ptallas_desvR_qrecl_qpela
 19.6776 18.3025 0.121304 62.1677 246.146 123.478 99.1954 0 21.3865 1.12376e-05 3.68935e-06 0.595528 6.46999e-16 0 0
q_reclas_q_pelaces
0.621868 0.760889
M
1
N
 246021 56491.9 228488 12172.8 0.381455
 144085 83843.6 19050.9 77004.7 4102.45
 142556 46205.3 26383.8 5988.09 25492.1
 285176 45928.2 14617 8337.3 9947.15
 232408 86866.8 13631.5 4331.52 5417.86
 388638 80422.7 29807.5 4675.12 3343.61
 165864 126935 25840.7 9568.03 2573.83
 82366 47792.6 35366.5 7185.14 3375.74
 75251.4 29216.8 16868.2 12478.7 3726.22
 99475.2 24073 9168.46 5287.23 5079.02
 186622 30739.9 7262.73 2762.09 3122.69
 110290 65675.3 10752.1 2539.39 2057.56
 89717.9 30889.5 17716.6 2893.93 1237.12
 174898 23445.3 7701.05 4404.4 1026.84
 121328 44669.2 5694.72 1864.89 1315.02
 557046 35175.5 12533 1594.63 890.338
 124769 162243 9921.06 3528.02 699.442
 981815 39204.3 49884.9 3046.45 1298.03
 679005 311113 12170.4 15466.8 1346.92
 409596 206013 91923.2 3590.18 4959.53
 449391 127080 62436.4 27819.8 2587.3
 591219 141942 39305.5 19286.9 9392.28
 150259 171396 39822.4 11005.6 8029.33
 546977 47666.8 53275 12362.8 5908.95
 450525 180809 15526.5 17337.9 5946.09
 203604 149511 59158.2 5075.73 7611.34
 443916 69108.2 50188.5 19845.3 4255.87
 493144 148179 22761.8 16517 7931.33
 151211 166782 49537.7 7604.18 8167.3
 114514 51333.5 55997.3 16621.3 5291.57
 429643 37724.9 16656.2 18152.8 7103.22
pred_Ctot
 11519.6 2996.11 12203.3 650.38 0.0203811
 11817.2 7762.81 1775.91 7180.89 382.572
 11317.1 4141.93 2381.28 540.652 2301.67
 31484.8 5708.47 1828.87 1043.52 1245.04
 8764.6 3713.76 586.905 186.564 233.358
 27825.5 6506.73 2428.24 380.993 272.488
 23181.1 19913.5 4080.18 1511.28 406.547
 1868.16 1230.59 917.161 186.403 87.5779
 6275.05 2749.98 1598.52 1182.97 353.25
 10204.6 2782.24 1066.76 615.39 591.167
 5137.23 960.196 228.479 86.9257 98.2761
 17013 11355.2 1870.91 442.014 358.151
 16889.2 6494.83 3748.14 612.442 261.816
 34817.3 5207.13 1720.85 984.509 229.531
 16571 6850.43 879.019 287.956 203.055
 74749.7 5301.33 1901.17 241.978 135.107
 11654.2 17088.8 1052.04 374.248 74.1975
 87100.8 3923.72 5026.58 307.08 130.843
 76415.7 39408.3 1551.86 1972.88 171.81
 41121.9 23307.2 10469.6 409.048 565.075
 40676.4 12974.6 6417.8 2860.61 266.047
 80766.7 21772.9 6068.4 2978.74 1450.6
 13236.2 17034.1 3984.63 1101.61 803.717
 35383.1 3486.71 3923.94 910.907 435.388
 28120.7 12764.2 1103.71 1232.92 422.841
 10020.6 8332.8 3320.25 284.981 427.353
 26202.5 4615.06 3374.94 1334.99 286.297
 25321.6 8614.42 1332.53 967.303 464.5
 7426.71 9276.34 2774.6 426.067 457.628
 7632.93 3868.36 4249 1261.66 401.672
 29499.6 2927.83 1301.61 1419.08 555.299
F
 0.076462 0.0869828 0.0876174 0.087651 0.0876528
 0.13731 0.156203 0.157342 0.157403 0.157406
 0.132657 0.15091 0.152011 0.152069 0.152072
 0.18873 0.214699 0.216265 0.216348 0.216352
 0.0611966 0.069617 0.0701248 0.0701517 0.0701532
 0.118974 0.135345 0.136332 0.136384 0.136387
 0.244295 0.277909 0.279936 0.280043 0.280049
 0.0364299 0.0414424 0.0417447 0.0417608 0.0417616
 0.139745 0.158974 0.160133 0.160195 0.160198
 0.174345 0.198335 0.199781 0.199858 0.199862
 0.0443595 0.0504631 0.0508312 0.0508508 0.0508518
 0.272698 0.31022 0.312483 0.312603 0.312609
 0.342002 0.38906 0.391898 0.392049 0.392057
 0.364918 0.415129 0.418157 0.418318 0.418326
 0.238152 0.27092 0.272897 0.273001 0.273007
 0.233554 0.26569 0.267628 0.267731 0.267736
 0.157679 0.179375 0.180683 0.180753 0.180756
 0.149247 0.169783 0.171021 0.171087 0.171091
 0.192689 0.219202 0.220801 0.220885 0.22089
 0.170352 0.193791 0.195205 0.19528 0.195284
 0.152476 0.173456 0.174721 0.174788 0.174792
 0.23821 0.270987 0.272964 0.273068 0.273074
 0.148128 0.16851 0.169739 0.169804 0.169808
 0.106967 0.121685 0.122573 0.12262 0.122622
 0.103046 0.117225 0.11808 0.118125 0.118128
 0.0805032 0.0915801 0.0922481 0.0922836 0.0922854
 0.0972137 0.11059 0.111397 0.111439 0.111442
 0.0841135 0.0956872 0.0963852 0.0964222 0.0964241
 0.0803316 0.0913849 0.0920515 0.0920869 0.0920887
 0.110373 0.12556 0.126476 0.126524 0.126527
 0.113856 0.129522 0.130467 0.130517 0.130519
YTP_r0W_actual
 244846 41282.3 35924.5 48532.7 20712.7
YTP_p0W_proyectada
 332981 332873 42748.8 23951.8 39774.7
 332981 227925 139513 15288.6 9953.93
CTP_r0_actual
 29499.6 2927.83 1301.61 1419.08 555.299
CTP_p0_proyectada
 44456.8 21242.7 1848.2 815.521 1175.72
 44456.8 14545.3 6031.69 520.552 294.234
Wmedp
 7.49 15.67 23.13 29.37 33.83
Frms_r0
 0.113856 0.129522 0.130467 0.130517 0.130519
Zrms_r0
 1.11386 1.12952 1.13047 1.13052 1.13052
nmprior
 8.19 8.8 8.5 0
nm_flota  nm_reclas  nm_pelaces    nm_pelaL
inf 10.9236 18.6476 44.8549
cv_recla  cv_pelaces  cv_mph
0.401247 0.485095 0.729977
 ------------------------------------------------
Talla a la edad & desviaci?n 
 8 13.2811 15.8009 17.003 17.5766
 0.8 1.32811 1.58009 1.7003 1.75766
