years
 1991 1992 1993 1994 1995 1996 1997 1998 1999 2000 2001 2002 2003 2004 2005 2006 2007 2008 2009 2010 2011 2012 2013 2014 2015 2016 2017 2018 2019
reclasobs
 0 0 0 0 0 0 0 0 0 252601 567819 844713 477998 351125 339783 2.1784e+06 2.13404e+06 4.81314e+06 1.55562e+06 2.62356e+06 3.21686e+06 3.843e+06 1.13348e+06 3.07943e+06 1.97215e+06 2.03268e+06 2.025e+06 2.42433e+06 2.27542e+06
reclaspred
 3.1977e+06 1.74712e+06 881188 910515 925857 1.59338e+06 898973 780858 553792 373031 505749 685720 662948 490584 486897 1.35854e+06 1.20702e+06 3.13104e+06 2.47698e+06 1.7895e+06 3.08368e+06 2.53873e+06 1.92707e+06 3.05785e+06 2.27137e+06 2.02242e+06 2.46663e+06 2.51179e+06 1.99183e+06
pelacesobs
 0 0 0 0 0 0 0 0 0 0 0 0 0 0 0 552880 188675 0 991730 2.46772e+06 1.41603e+06 1.21717e+06 2.29649e+06 1.80582e+06 0 1.4828e+06 1.56532e+06 1.57751e+06 1.42118e+06
pelacespred
 1.83379e+06 1.09296e+06 536727 447092 498050 876498 442101 507181 329721 202897 294896 331447 354705 264822 272319 639703 596625 1.76272e+06 1.43659e+06 949116 1.62644e+06 1.40625e+06 1.11151e+06 1.91274e+06 1.38119e+06 1.23673e+06 1.69389e+06 1.56266e+06 1.14623e+06
mphobs
 0 0 0 0 0 0 0 0 0 0 0 0 498337 0 5186 125008 0 168611 109162 213762 579715 649985 157893 87575 83554 210694 70296 0 107559
mphpred
 533904 355702 170758 94375.9 104179 125677 171302 92222.6 84239.6 53017 32279.5 66525.1 74415.5 58012.5 35854.8 46340.6 165187 145942 329312 405339 413505 480598 107910 89573.1 138008 107238 93869 106394 137109
desembarqueobs
 494567 514787 250237 358949 120608 361735 552515 73892 212993 205616 52469 317467 293654 387597 252695 516296 358380 742168 942051 627588 828172 859565 418607 520667 417249 300574 415391 372974 316634
desembarquepred
 494571 513920 250652 358980 120613 361742 552540 73897.2 213054 205672 52471.8 317528 293690 387580 252671 516226 358407 742013 941741 627364 828253 859545 418608 520692 417237 300570 415378 372939 316623
Reclutas
 167487 95114.6 93694.2 144822 116837 210775 84652.5 36257.9 34896.1 46296.3 87476.6 126252 103885 74410.1 68402.8 365144 73039.7 593592 328371 261571 356941 503941 97656.5 286179 246376 110835 247400 253833 85396.9
log_desv_Rt
 0.183178 -0.382643 -0.397689 0.0377789 -0.176942 0.413067 -0.49917 -1.34707 -1.38535 -1.10266 -0.466354 -0.0994478 -0.294437 -0.628134 -0.712311 0.962567 -0.646722 1.44847 0.856419 0.628982 0.939846 1.28473 -0.356269 0.718891 0.569132 -0.229683 0.573283 0.598953 -0.490415
SSB
 2.01825e+06 1.34461e+06 645492 356756 393814 475082 647552 348617 318440 200413 122022 251476 267945 214786 130824 169674 624432 551683 1.28336e+06 894393 936132 1.1419e+06 1.10238e+06 877873 1.27014e+06 1.04666e+06 863802 942991 1.26009e+06
BT
 2.84981e+06 1.95281e+06 954151 906655 768078 1.51561e+06 1.08102e+06 755120 657979 473290 453119 718975 752474 768303 631943 1.31445e+06 1.08035e+06 3.1205e+06 2.85249e+06 1.8417e+06 2.91782e+06 2.70762e+06 1.85339e+06 3.13388e+06 2.24253e+06 1.93422e+06 2.7623e+06 2.49196e+06 1.78507e+06
Ftot
 0.206816 0.382556 0.376093 0.56123 0.18663 0.338193 0.789908 0.134288 0.533384 0.752279 0.163592 0.662438 0.629438 1.09088 0.77944 0.604118 0.404327 0.371802 0.531477 0.49644 0.391418 0.489345 0.294724 0.258264 0.258743 0.207003 0.253044 0.224931 0.21116
BD_Bspro_t
 0.967559 0.776931 0.569409 0.468584 0.463726 0.559641 0.559735 0.365582 0.425165 0.363475 0.317153 0.575661 0.45241 0.354169 0.242105 0.294824 0.487163 0.444019 0.582408 0.463665 0.428731 0.475165 0.494343 0.47653 0.600074 0.6105 0.619521 0.665584 0.710078
BD_Bspro
 2.03639 1.3567 0.651295 0.359964 0.397355 0.479353 0.653373 0.351751 0.321303 0.202215 0.123119 0.253737 0.270354 0.216717 0.132 0.1712 0.630046 0.556643 1.2949 0.902434 0.944548 1.15217 1.11229 0.885765 1.28155 1.05607 0.871567 0.951469 1.27142
BD_Bo
 1.43082 0.95325 0.457615 0.252919 0.279191 0.336805 0.459076 0.247149 0.225755 0.142081 0.0865062 0.178281 0.189957 0.152271 0.0927462 0.120289 0.442686 0.391111 0.909825 0.634072 0.663662 0.809543 0.781525 0.62236 0.900451 0.742018 0.612384 0.668525 0.893328
BD_Brms
 2.60149 1.73318 0.832028 0.459853 0.50762 0.612372 0.834683 0.449361 0.410463 0.258329 0.157284 0.324148 0.345377 0.276856 0.168629 0.218707 0.804883 0.711111 1.65423 1.15286 1.20666 1.4719 1.42095 1.13156 1.63718 1.34912 1.11343 1.2155 1.62423
Sel_flota
 0.733513 0.981238 0.998995 0.999947 0.999997
 0.733513 0.981238 0.998995 0.999947 0.999997
 0.733513 0.981238 0.998995 0.999947 0.999997
 0.733513 0.981238 0.998995 0.999947 0.999997
 0.733513 0.981238 0.998995 0.999947 0.999997
 0.733513 0.981238 0.998995 0.999947 0.999997
 0.733513 0.981238 0.998995 0.999947 0.999997
 0.733513 0.981238 0.998995 0.999947 0.999997
 0.733513 0.981238 0.998995 0.999947 0.999997
 0.733513 0.981238 0.998995 0.999947 0.999997
 0.733513 0.981238 0.998995 0.999947 0.999997
 0.733513 0.981238 0.998995 0.999947 0.999997
 0.733513 0.981238 0.998995 0.999947 0.999997
 0.733513 0.981238 0.998995 0.999947 0.999997
 0.733513 0.981238 0.998995 0.999947 0.999997
 0.733513 0.981238 0.998995 0.999947 0.999997
 0.733513 0.981238 0.998995 0.999947 0.999997
 0.733513 0.981238 0.998995 0.999947 0.999997
 0.733513 0.981238 0.998995 0.999947 0.999997
 0.733513 0.981238 0.998995 0.999947 0.999997
 0.733513 0.981238 0.998995 0.999947 0.999997
 0.733513 0.981238 0.998995 0.999947 0.999997
 0.733513 0.981238 0.998995 0.999947 0.999997
 0.733513 0.981238 0.998995 0.999947 0.999997
 0.733513 0.981238 0.998995 0.999947 0.999997
 0.733513 0.981238 0.998995 0.999947 0.999997
 0.733513 0.981238 0.998995 0.999947 0.999997
 0.733513 0.981238 0.998995 0.999947 0.999997
 0.733513 0.981238 0.998995 0.999947 0.999997
Sel_reclas
 1 1 1 1 1
 1 1 1 1 1
 1 1 1 1 1
 1 1 1 1 1
 1 1 1 1 1
 1 1 1 1 1
 1 1 1 1 1
 1 1 1 1 1
 1 1 1 1 1
 1 1 1 1 1
 1 1 1 1 1
 1 1 1 1 1
 1 1 1 1 1
 1 1 1 1 1
 1 1 1 1 1
 1 1 1 1 1
 1 1 1 1 1
 1 1 1 1 1
 1 1 1 1 1
 1 1 1 1 1
 1 1 1 1 1
 1 1 1 1 1
 1 1 1 1 1
 1 1 1 1 1
 1 1 1 1 1
 1 1 1 1 1
 1 1 1 1 1
 1 1 1 1 1
 1 1 1 1 1
Sel_pelaces
 0.923312 1 1 1 1
 0.923312 1 1 1 1
 0.923312 1 1 1 1
 0.923312 1 1 1 1
 0.923312 1 1 1 1
 0.923312 1 1 1 1
 0.923312 1 1 1 1
 0.923312 1 1 1 1
 0.923312 1 1 1 1
 0.923312 1 1 1 1
 0.923312 1 1 1 1
 0.923312 1 1 1 1
 0.923312 1 1 1 1
 0.923312 1 1 1 1
 0.923312 1 1 1 1
 0.923312 1 1 1 1
 0.923312 1 1 1 1
 0.923312 1 1 1 1
 0.923312 1 1 1 1
 0.923312 1 1 1 1
 0.923312 1 1 1 1
 0.923312 1 1 1 1
 0.923312 1 1 1 1
 0.923312 1 1 1 1
 0.923312 1 1 1 1
 0.923312 1 1 1 1
 0.923312 1 1 1 1
 0.923312 1 1 1 1
 0.923312 1 1 1 1
pf_obs 
 0.8446 0.082 0.0669 0.0065 0
 0.8095 0.147 0.0364 0.0071 0
 0.9664 0.0169 0.016 0.0007 0
 0.9276 0.0648 0.0075 0.0001 0
 0.7033 0.2144 0.0806 0.0017 0
 0.9318 0.0425 0.0243 0.0014 0
 0.5671 0.3108 0.0964 0.0239 0.0018
 0.0768 0.2599 0.5324 0.112 0.0189
 0.490249 0.384438 0.106611 0.0170017 0.00170017
 0.7925 0.1577 0.0466 0.003 0.0002
 0.840416 0.127587 0.0312969 0.00059994 9.999e-05
 0.8084 0.0986 0.0794 0.0134 0.0002
 0.7335 0.1905 0.0724 0.0035 0.0001
 0.4001 0.4547 0.1325 0.0127 0
 0.49795 0.308269 0.164784 0.0264974 0.00249975
 0.9179 0.0499 0.0305 0.0017 0
 0.2467 0.6533 0.0926 0.0074 0
 0.9418 0.0223 0.034 0.0019 0
 0.707729 0.231977 0.0356964 0.0245975 0
 0.517169 0.277429 0.184464 0.0207286 0.00020938
 0.811772 0.124168 0.05621 0.00726502 0.000585176
 0.764997 0.148141 0.077277 0.00933861 0.000247198
 0.163321 0.427699 0.378323 0.0303852 0.000271297
 0.753843 0.0900009 0.118128 0.0371064 0.000921714
 0.721811 0.176058 0.0630433 0.0369309 0.00215725
 0.143369 0.312575 0.442814 0.0836902 0.0175525
 0.692698 0.0596174 0.167031 0.0765114 0.00414204
 0.394062 0.376323 0.152708 0.0712218 0.00568511
 0.125707 0.32114 0.495352 0.0537591 0.00404204
pf_pred 
 0.48932 0.138225 0.348948 0.0235057 8.79633e-07
 0.442295 0.317308 0.0659921 0.163409 0.0109966
 0.591925 0.215332 0.110705 0.0225392 0.0594993
 0.745593 0.170863 0.0445371 0.0224154 0.0165915
 0.67101 0.26615 0.0425334 0.0108317 0.00947466
 0.761506 0.175255 0.0513486 0.0080509 0.00383966
 0.478581 0.425927 0.0705617 0.0202465 0.00468309
 0.476769 0.302744 0.180971 0.0292105 0.0103057
 0.556427 0.245114 0.115735 0.0679093 0.0148136
 0.733606 0.171793 0.0528282 0.0243734 0.0173994
 0.84501 0.124675 0.0197308 0.00591421 0.00467001
 0.755946 0.214991 0.0234662 0.00364403 0.00195276
 0.702591 0.243744 0.0474136 0.00504923 0.00120265
 0.663092 0.261343 0.0622013 0.0118082 0.00155497
 0.771699 0.172897 0.0432679 0.00999297 0.0021434
 0.944393 0.0464472 0.00698088 0.00170205 0.000476744
 0.387527 0.588601 0.0200182 0.00293772 0.000915709
 0.915438 0.0397413 0.04311 0.00143495 0.000275901
 0.593065 0.381917 0.0118901 0.0126273 0.000500552
 0.628859 0.250915 0.112997 0.00343779 0.00379101
 0.74589 0.179925 0.050521 0.0222435 0.00142122
 0.763319 0.19055 0.0328703 0.0090341 0.00422685
 0.322816 0.55615 0.0978742 0.0165083 0.00665187
 0.750618 0.0989771 0.123971 0.0213799 0.00505362
 0.636287 0.293319 0.0282768 0.0347216 0.00739555
 0.443399 0.392973 0.132479 0.0125206 0.0186291
 0.738231 0.136358 0.0890477 0.0294465 0.00691643
 0.671286 0.2615 0.0353493 0.0226327 0.00923233
 0.377401 0.458304 0.131231 0.0173978 0.0156665
pobs_RECLAS
 0 0 0 0 0
 0 0 0 0 0
 0 0 0 0 0
 0 0 0 0 0
 0 0 0 0 0
 0 0 0 0 0
 0 0 0 0 0
 0 0 0 0 0
 0 0 0 0 0
 0 0 0 0 0
 0.991045 0.00858322 0.000360255 1.14367e-05 0
 0.934742 0.0480273 0.0164251 0.00080598 0
 0.827803 0.169806 0.00239088 0 0
 0.941827 0.0461693 0.0120037 0 0
 0.791401 0.0380133 0.147996 0.0225897 0
 0.846168 0.0940531 0.0597789 0 0
 0.134021 0.677848 0.182769 0.00536245 0
 0.80878 0.0450904 0.141981 0.00414843 0
 0.846168 0.0940531 0.0597789 0 0
 0.905697 0.0802665 0.012482 0.00150086 5.37128e-05
 0.989698 0.0102097 9.19794e-05 0 0
 0.975433 0.0193895 0.00387452 0.00125025 5.28907e-05
 0.303575 0.632131 0.0575291 0.00676475 0
 0.966965 0.00978017 0.0227588 0.000495775 0
 0.843318 0.132988 0.00938335 0.0141283 0.000182051
 0.564624 0.303363 0.111486 0.0197234 0.00080311
 0.826376 0.0876187 0.0782897 0.00655872 0.00115652
 0.89761 0.0855135 0.0140674 0.00269457 0.000114338
 0.34875 0.467042 0.161289 0.0227151 0.000203297
ppred_RECLAS
 0.566236 0.118985 0.294931 0.0198477 7.42704e-07
 0.519398 0.275725 0.056282 0.139226 0.00936872
 0.664154 0.178817 0.0902313 0.0183526 0.048445
 0.800463 0.134874 0.0344884 0.0173402 0.0128343
 0.733337 0.216489 0.0339713 0.00864282 0.00755965
 0.812393 0.138544 0.0398453 0.00624114 0.00297639
 0.558495 0.361974 0.0587845 0.0168494 0.0038971
 0.551984 0.261223 0.153342 0.0247271 0.00872344
 0.63224 0.204994 0.0949613 0.0556632 0.0121416
 0.791761 0.135253 0.040777 0.0187935 0.0134153
 0.8802 0.0967154 0.0150297 0.00450074 0.00355372
 0.809148 0.168516 0.0180385 0.00279826 0.00149945
 0.763756 0.194293 0.0370687 0.0039435 0.000939232
 0.733779 0.20749 0.0483542 0.00916922 0.00120738
 0.82338 0.134408 0.0329738 0.00760744 0.00163164
 0.958697 0.0346099 0.0051023 0.00124274 0.000348074
 0.461301 0.518081 0.0172926 0.00253521 0.0007902
 0.936588 0.0300969 0.0320444 0.00106556 0.000204868
 0.664687 0.315075 0.00962362 0.01021 0.000404706
 0.698162 0.205317 0.0907231 0.00275734 0.00304048
 0.799597 0.142682 0.0393208 0.017295 0.00110499
 0.814503 0.1499 0.0253721 0.00696626 0.00325918
 0.391944 0.501034 0.0865599 0.0145856 0.00587683
 0.803829 0.0787322 0.0968159 0.0166804 0.00394259
 0.702718 0.240622 0.0227737 0.0279369 0.00595012
 0.518468 0.341813 0.113142 0.0106828 0.0158938
 0.792962 0.108813 0.0697645 0.0230473 0.00541311
 0.733842 0.212545 0.0282096 0.0180439 0.00736008
 0.450229 0.406661 0.114332 0.0151427 0.0136351
pobs_PELACES
 0 0 0 0 0
 0 0 0 0 0
 0 0 0 0 0
 0 0 0 0 0
 0 0 0 0 0
 0 0 0 0 0
 0 0 0 0 0
 0 0 0 0 0
 0 0 0 0 0
 0 0 0 0 0
 0 0 0 0 0
 0 0 0 0 0
 0 0 0 0 0
 0 0 0 0 0
 0 0 0 0 0
 0 0 0 0 0
 0.505614 0.472636 0.0217494 0 0
 0 0 0 0 0
 0.443492 0.261883 0.143347 0.151278 0
 0.227955 0.32914 0.350689 0.0885471 0.00366901
 0.970185 0.0296113 0.000203453 0 0
 0.997202 0.00247181 0.000326279 0 0
 0.445219 0.490057 0.0546422 0.010081 0
 0.90214 0.0892962 0.00764917 0.000914606 0
 0 0 0 0 0
 0.581667 0.319106 0.0959925 0.00289975 0.000334073
 0.762889 0.0836404 0.116647 0.0363945 0.000428098
 0.88444 0.0763242 0.0277011 0.0115352 0
 0.521256 0.241999 0.230069 0.00667565 0
ppred_PELACES
 0.550951 0.123286 0.305223 0.020539 7.6857e-07
 0.507526 0.282816 0.0576002 0.14247 0.00958694
 0.653367 0.184756 0.0930224 0.0189181 0.0499374
 0.79517 0.138603 0.0353256 0.017758 0.0131434
 0.720572 0.2269 0.0355661 0.00904803 0.00791405
 0.804399 0.144524 0.0414827 0.00649691 0.00309835
 0.554948 0.36519 0.0590328 0.0169164 0.00391254
 0.534996 0.271218 0.159084 0.0256519 0.00904971
 0.624118 0.209818 0.0968923 0.0567856 0.0123863
 0.788992 0.137268 0.0412024 0.0189851 0.0135519
 0.873039 0.102516 0.0159159 0.00476586 0.00376305
 0.80523 0.172054 0.0183459 0.00284535 0.00152467
 0.758726 0.19856 0.0377433 0.00401448 0.000956128
 0.735885 0.206141 0.0477337 0.00904845 0.00119146
 0.821192 0.136222 0.0332667 0.00767313 0.00164571
 0.9575 0.0356337 0.00523467 0.00127474 0.000357033
 0.449733 0.529254 0.0176237 0.00258343 0.000805224
 0.933662 0.0315221 0.0334887 0.00111346 0.000214075
 0.656583 0.322752 0.00982745 0.0104245 0.000413205
 0.690037 0.211041 0.0929815 0.00282554 0.00311566
 0.79194 0.148233 0.040757 0.0179245 0.0011452
 0.808503 0.154835 0.0261323 0.00717389 0.0033563
 0.378825 0.512001 0.0883019 0.0148777 0.00599452
 0.794561 0.0825275 0.101329 0.0174566 0.00412604
 0.690388 0.250676 0.0236893 0.0290578 0.00618883
 0.502849 0.353025 0.116712 0.0110191 0.0163941
 0.783213 0.114018 0.0729937 0.0241122 0.0056632
 0.721733 0.222275 0.0294622 0.0188437 0.00768631
 0.434886 0.418147 0.117415 0.0155501 0.0140019
pobs_pel_tallas
 0 0 0 0 0 0 0 0 0 0 0 0 0 0 0 0 0 0 0 0 0 0 0 0 0 0
 0 0 0 0 0 0 0 0 0 0 0 0 0 0 0 0 0 0 0 0 0 0 0 0 0 0
 0 0 0 0 0 0 0 0 0 0 0 0 0 0 0 0 0 0 0 0 0 0 0 0 0 0
 0 0 0 0 0 0 0 0 0 0 0 0 0 0 0 0 0 0 0 0 0 0 0 0 0 0
 0 0 0 0 0 0 0 0 0 0 0 0 0 0 0 0 0 0 0 0 0 0 0 0 0 0
 0 0 0 0 0 0 0 0 0 0 0 0 0 0 0 0 0 0 0 0 0 0 0 0 0 0
 0 0 0 0 0 0 0 0 0 0 0 0 0 0 0 0 0 0 0 0 0 0 0 0 0 0
 0 0 0 0 0 0 0 0 0 0 0 0 0 0 0 0 0 0 0 0 0 0 0 0 0 0
 0 0 0 0 0 0 0 0 0 0 0 0 0 0 0 0 0 0 0 0 0 0 0 0 0 0
 0 0 0 0 0 0 0 0 0 0 0 0 0 0 0 0 0 0 0 0 0 0 0 0 0 0
 0 0 0 0 0 0 0 0 0 0 0 0 0 0 0 0 0 0 0 0 0 0 0 0 0 0
 0 0 0 0 0 0 0 0 0 0 0 0 0 0 0 0 0 0 0 0 0 0 0 0 0 0
 0.00862536 0 0 0.000197151 0.00414017 0.0128641 0.00837892 0.0270097 0.101434 0.158115 0.152841 0.127902 0.109271 0.109419 0.0830992 0.0579132 0.0238553 0.00714673 0.00463305 0.00128148 0.00103504 0.000492878 0.000147863 0.000147863 4.92878e-05 0
 0 0 0 0 0 0 0 0 0 0 0 0 0 0 0 0 0 0 0 0 0 0 0 0 0 0
 0 0 0 0 0 0 0 0.0054083 0.00873648 0.0413646 0.0450493 0.0745869 0.0622846 0.0627006 0.0613931 0.0827291 0.12552 0.122667 0.0946155 0.0697135 0.0546179 0.0294188 0.0215738 0.0213955 0.0102223 0.00600262
 0 0 0 0 0.00359764 0.0251062 0.0480494 0.140153 0.205849 0.193036 0.1447 0.116669 0.0760912 0.0342217 0.00950174 0.001854 0.000860785 0 0 0 0.000165536 0 0.000143464 0 0 0
 0 0 0 0 0 0 0 0.000145254 0.000435761 0.0275982 0.070085 0.0708112 0.156366 0.174668 0.174014 0.160142 0.0824315 0.0480064 0.0283245 0.00493863 0.00203355 0 0 0 0 0
 0 0 0 0 0 0 0 0 0 0 0 0 0 0 0 0 0 0 0 0 0 0 0 0 0 0
 0 0 1.00437e-05 0.000401748 0.00122533 0.00171747 0.00176769 0.0269171 0.070346 0.194647 0.189555 0.159765 0.064822 0.0314167 0.0384472 0.0292271 0.0345202 0.0313363 0.0194345 0.0106764 0.0143323 0.0359363 0.0279516 0.0138201 0.00172751 0
 0 0.0021121 0.0136068 0.0755702 0.200478 0.177729 0.0527432 0.0373336 0.0318909 0.0142505 0.0149659 0.0166563 0.0217959 0.0798694 0.0677717 0.0528807 0.04013 0.0224614 0.0357745 0.0225083 0.00881397 0.00855152 0.00135912 0.000746735 0 0
 0 0 0 0 5.4009e-05 0.00500934 0.000945158 0.0243581 0.138947 0.33067 0.221406 0.137944 0.0707744 0.0437923 0.0131692 0.00525238 0.0047753 0.00276346 9.45158e-05 9.00151e-06 2.25038e-05 9.00151e-06 4.50075e-06 0 0 0
 0.000866109 0.00284123 0.00948549 0.0512746 0.133035 0.25785 0.225252 0.132002 0.0553304 0.0519788 0.0540692 0.017754 0.00435017 0.00159236 0.00146478 0.000404838 0.000125132 0.000115318 0.000107957 0.000100596 0 0 0 0 0 0
 0 0 0 0 0.00144013 0.00171154 0.00461396 0.0210425 0.0478622 0.0707936 0.0888783 0.103762 0.0637923 0.0337046 0.0602308 0.124433 0.169614 0.0934646 0.0462172 0.0250306 0.0313229 0.00938855 0.002487 0.000210481 0 0
 0 0.00764035 0.051015 0.0998891 0.058973 0.0496711 0.0374665 0.0718981 0.12319 0.153886 0.159021 0.0857701 0.0377988 0.023471 0.0147837 0.00900784 0.00315554 0.000888139 0.00291439 0.00214683 0.00393193 0.00274676 0.000635225 9.99891e-05 0 0
 0 0 0 0 0 0 0 0 0 0 0 0 0 0 0 0 0 0 0 0 0 0 0 0 0 0
 0 0 0 0 0 0 0 0 0 0 0 0 0 0 0 0 0 0 0 0 0 0 0 0 0 0
 0 0 0 0 0 0 0 0 0 0 0 0 0 0 0 0 0 0 0 0 0 0 0 0 0 0
 0 0 0 0 0 0 0 0 0 0 0 0 0 0 0 0 0 0 0 0 0 0 0 0 0 0
 0 0 0 0 0 0 0 0 0 0 0 0 0 0 0 0 0 0 0 0 0 0 0 0 0 0
ppred_pel_tallas
 1.109e-16 4.53811e-05 0.000441121 0.0029314 0.0133257 0.0414614 0.0883383 0.128935 0.128947 0.0883987 0.0416657 0.0139217 0.00444884 0.00382498 0.00668037 0.0115145 0.0178423 0.0250535 0.0324576 0.0395799 0.0461633 0.0518026 0.0556202 0.0564378 0.0534277 0.0467348
 1.17645e-16 4.18043e-05 0.000406353 0.00270036 0.0122755 0.0381937 0.0813766 0.118777 0.118805 0.0815102 0.0386425 0.013573 0.00596183 0.00754158 0.0136407 0.0226178 0.0329126 0.0421501 0.0480004 0.0495515 0.0479039 0.0453851 0.0439785 0.0441824 0.0450087 0.0448629
 1.1308e-16 5.3817e-05 0.00052312 0.00347632 0.0158029 0.0491686 0.10476 0.152903 0.152921 0.104847 0.0494633 0.0166554 0.00562215 0.00522725 0.00904659 0.015027 0.0220146 0.0284853 0.0329318 0.0347047 0.0343801 0.0332749 0.0325068 0.032352 0.0322959 0.0315559
 1.05061e-16 6.54971e-05 0.000636656 0.0042308 0.0192326 0.0598399 0.127496 0.186086 0.1861 0.127561 0.0600597 0.019868 0.00582733 0.00412738 0.00671151 0.0110362 0.0159989 0.0203529 0.0228813 0.0230464 0.0213067 0.018779 0.0165213 0.0149973 0.0140419 0.0131958
 1.03332e-16 5.93526e-05 0.000576928 0.00383389 0.0174283 0.0542261 0.115535 0.168632 0.168654 0.115642 0.0545851 0.0184652 0.00643696 0.0062607 0.0108577 0.0178662 0.0257559 0.0324431 0.0358456 0.0350087 0.0306683 0.0247385 0.0191499 0.014944 0.0121481 0.0102388
 1.02411e-16 6.62573e-05 0.000644044 0.0042799 0.0194558 0.0605343 0.128975 0.188246 0.18826 0.129044 0.0607636 0.0201184 0.00594459 0.00428341 0.00699372 0.011498 0.016652 0.0211385 0.0236556 0.0235934 0.0213728 0.0181148 0.0149229 0.0123524 0.0103782 0.00871203
 1.04156e-16 4.57104e-05 0.000444322 0.00295268 0.0134225 0.0417624 0.0889806 0.129877 0.129912 0.0891526 0.0423402 0.0150914 0.00714262 0.0095932 0.0174276 0.0287562 0.0414604 0.0522231 0.0576887 0.0563056 0.049236 0.0395355 0.0302939 0.0231909 0.0183056 0.0148589
 1.08765e-16 4.40669e-05 0.000428346 0.00284651 0.0129399 0.0402608 0.0857809 0.125205 0.125232 0.0859097 0.0406938 0.0141928 0.0060009 0.00734543 0.0132719 0.0221094 0.0324006 0.041906 0.0483364 0.0505897 0.049295 0.046154 0.0426669 0.0393169 0.0357205 0.0313528
 1.10641e-16 5.14078e-05 0.000499703 0.0033207 0.0150954 0.0469676 0.10007 0.14606 0.14608 0.10017 0.047302 0.0160629 0.00575537 0.00583552 0.0102473 0.017025 0.0249148 0.0321772 0.03708 0.0388587 0.0381355 0.0363712 0.0348044 0.0337416 0.0326418 0.0307324
 1.05422e-16 6.49883e-05 0.000631709 0.00419793 0.0190832 0.059375 0.126505 0.184641 0.184654 0.12657 0.0595929 0.0197132 0.00578146 0.00409565 0.00666485 0.0109722 0.0159356 0.020334 0.0229747 0.02333 0.0218427 0.019589 0.0175718 0.0162047 0.015294 0.0143806
 1.01601e-16 7.19111e-05 0.000699002 0.00464511 0.021116 0.0656998 0.139981 0.204308 0.204318 0.140029 0.065862 0.0215845 0.00582122 0.00326706 0.00495092 0.00807597 0.0116388 0.0146627 0.0162055 0.0158377 0.0138937 0.0112394 0.00874631 0.00688161 0.00565179 0.00481333
 1.01117e-16 6.63258e-05 0.00064471 0.00428433 0.0194759 0.060597 0.129109 0.188442 0.188458 0.12919 0.0608688 0.020261 0.00625449 0.0049439 0.00822624 0.0134814 0.0193824 0.0243067 0.0266464 0.0256582 0.0219028 0.0168664 0.0120802 0.00842033 0.00598951 0.00444463
 1.01705e-16 6.24953e-05 0.000607477 0.0040369 0.0183512 0.0570974 0.121653 0.17756 0.177579 0.121746 0.0574116 0.0192591 0.0063165 0.00558597 0.00952358 0.0156609 0.0225888 0.0284759 0.0314919 0.0307799 0.0269473 0.0216244 0.0164671 0.0123882 0.00946211 0.00732406
 1.0254e-16 6.06139e-05 0.000589189 0.00391537 0.0177987 0.0553785 0.11799 0.172215 0.172235 0.118088 0.0557051 0.0187424 0.00628553 0.00576791 0.00990956 0.016322 0.0235887 0.0298338 0.0331794 0.0327473 0.0291563 0.0240569 0.0190993 0.0151535 0.0122362 0.00994619
 1.02043e-16 6.76406e-05 0.00065749 0.00436925 0.019862 0.0617981 0.131668 0.192176 0.192189 0.131732 0.062014 0.0204859 0.00593632 0.00408208 0.00658235 0.0108031 0.0156217 0.0197826 0.0220504 0.0218504 0.0195922 0.0163597 0.0132275 0.0107484 0.00891087 0.00743247
 1.00349e-16 7.8868e-05 0.000766625 0.00509449 0.0231588 0.0720557 0.153522 0.224071 0.224075 0.153539 0.0721121 0.0233216 0.00550311 0.00165869 0.00177322 0.00280706 0.00403692 0.0050782 0.00559744 0.00544213 0.00472622 0.00375045 0.00282073 0.00210618 0.00161888 0.00128489
 1.0104e-16 3.7044e-05 0.000360081 0.00239287 0.0108777 0.0338447 0.0721117 0.10526 0.105311 0.0723604 0.0346797 0.0132881 0.00843867 0.0135428 0.0250281 0.0411989 0.0590655 0.0736871 0.0800533 0.0758532 0.0628829 0.0459021 0.0298929 0.017823 0.0101824 0.00592659
 1.01123e-16 7.69045e-05 0.000747539 0.00496766 0.0225823 0.0702618 0.1497 0.218493 0.218496 0.149715 0.0703126 0.0227295 0.0053394 0.00156611 0.00165214 0.00266313 0.00395289 0.00522747 0.00623365 0.00683833 0.00707421 0.00706197 0.00688177 0.00651496 0.00589699 0.00501461
 1.01482e-16 5.40819e-05 0.000525695 0.00349343 0.0158807 0.0494108 0.105276 0.15366 0.153691 0.105428 0.04992 0.0173507 0.0071808 0.00856637 0.0152988 0.0251386 0.0360501 0.0450049 0.0489608 0.0465269 0.0388149 0.0287325 0.0193014 0.0122883 0.00792796 0.00551743
 1.03548e-16 5.68374e-05 0.00055248 0.00367143 0.0166898 0.0519282 0.110639 0.161486 0.161506 0.110739 0.0522639 0.0176607 0.00611314 0.00589782 0.0102525 0.0169734 0.0247084 0.0316142 0.0358249 0.036435 0.0339688 0.0298969 0.0256341 0.0218427 0.0184602 0.0151845
 1.03206e-16 6.52311e-05 0.00063407 0.00421362 0.0191545 0.0595968 0.126978 0.185331 0.185345 0.127048 0.059832 0.0198341 0.00592133 0.00436787 0.00717373 0.0118022 0.0171037 0.0217389 0.0243873 0.0244428 0.0223545 0.0192782 0.016329 0.0140309 0.0122913 0.0107461
 1.02082e-16 6.65953e-05 0.00064733 0.00430174 0.0195551 0.0608432 0.129633 0.189207 0.189222 0.129706 0.0610882 0.0202628 0.00607869 0.00452773 0.00744 0.0122046 0.0175987 0.0221822 0.0245337 0.0239994 0.0210735 0.0170492 0.0132291 0.0103138 0.00832285 0.00691288
 1.05186e-16 3.12034e-05 0.000303309 0.00201559 0.00916263 0.0285086 0.0607424 0.0886657 0.0887151 0.0609837 0.0293187 0.0115029 0.00789112 0.0131334 0.0244087 0.0403312 0.05816 0.0732697 0.08095 0.0790086 0.0690487 0.0553269 0.0421609 0.0319208 0.0247658 0.0196744
 1.05395e-16 6.54469e-05 0.000636167 0.00422756 0.0192179 0.0597939 0.127398 0.185942 0.18595 0.127437 0.0599275 0.0196054 0.00520721 0.00279793 0.00423903 0.00708215 0.010611 0.0142123 0.0172844 0.019519 0.0210025 0.0219896 0.0225628 0.0225023 0.0214705 0.0193181
 1.0471e-16 5.68664e-05 0.000552762 0.0036733 0.0166983 0.0519547 0.110696 0.161569 0.161593 0.110814 0.0523509 0.0178425 0.0065452 0.00682116 0.0119593 0.0196763 0.0283322 0.0356261 0.0392665 0.038232 0.0333973 0.0269522 0.0210838 0.0169367 0.0144551 0.012915
 1.07338e-16 4.14191e-05 0.000402608 0.00267548 0.0121623 0.0378418 0.0806271 0.117685 0.117719 0.0807939 0.0384022 0.0137825 0.00674729 0.00930825 0.0170042 0.0281748 0.0408834 0.0520398 0.058499 0.0587828 0.0538972 0.0465189 0.0392539 0.0333683 0.0287399 0.0246492
 1.05513e-16 6.45122e-05 0.000627082 0.00416718 0.0189434 0.05894 0.125578 0.183288 0.183299 0.125633 0.0591223 0.0194712 0.00549678 0.00354532 0.00565313 0.00936564 0.0137725 0.0179261 0.0208981 0.0222581 0.0222825 0.0216603 0.0209477 0.0202328 0.0192259 0.0176024
 1.04098e-16 5.94482e-05 0.000577858 0.00384007 0.0174564 0.0543135 0.115721 0.168903 0.168925 0.115826 0.054665 0.0184718 0.00638908 0.0061431 0.0106313 0.0174889 0.0252077 0.0317487 0.0350826 0.0342948 0.0301351 0.0245062 0.0193092 0.015541 0.0131679 0.0115944
 1.07425e-16 3.5821e-05 0.000348193 0.00231387 0.0105185 0.0327273 0.0697305 0.101782 0.101822 0.0699279 0.0333905 0.0124352 0.00712931 0.0108752 0.0200719 0.0332396 0.0481441 0.0610954 0.0683342 0.0681013 0.0616277 0.0521788 0.0429728 0.0356337 0.0300879 0.0254759
pSPR Fmed_Fpbrs
0.556076   0.6 0.325
Fs Fmed_Fpbrs
0.34   0.291697 0.718476
SSBpbr Bo_Bmed_Bpbrs
1.41056e+06  713848  775805 387903
Ro
139453
SPR SPRFo_SPRFmed_SPRFpbrs
991090 551121 322104
Fref
0.291697
Nvult_r0
 60032.5 57299.5 16171.7 2142.3 1929.04
CTP_r0
 10580.8 12750.9 3649.12 483.765 435.623
YTP_r0
424178
Np
 221585 65814.6 7434.99 6508.35 2327.63
Nvult_p0
 155770 47629.2 5391.23 4719.8 1687.99
CTP_p0
 27454.8 4333.32 3874.01 1088.04 187.018
 27454.8 10598.9 1216.52 1065.8 381.188
YTP_p0
 416543 468060
CBA_c0
421888
log_Ro
11.6655
likeval ReclasPelacesDesembMPH_pf_preclas_ppelaces_ptallas_desvR_qrecl_qpela
 12.1429 16.9579 0.0307652 0.0005595 198.49 104.377 86.6781 0 22.2366 4.09233e-06 1.59626e-05 0.152191 6.60515e-16 0 0
q_reclas_q_pelaces
1.33121 1.75949
M
1
N
 167487 36107.6 89665.4 6034.72 0.225822
 95114.6 52942.2 10843.5 26828.8 1805.36
 93694.2 26429.3 13380.8 2722.08 7185.49
 144822 26158.3 6722.34 3380.79 2502.31
 116837 35298.3 5548.16 1411.66 1234.75
 210775 37483 10812.5 1693.89 807.818
 84652.5 60504.8 9895.11 2837.3 656.253
 36257.9 17446.6 10253.7 1653.55 583.358
 34896.1 12087.3 5625.88 3298.55 719.508
 46296.3 8680.96 2634.73 1214.74 867.134
 87476.6 9808.57 1526.49 457.15 360.961
 126252 28541.9 3073.25 476.895 255.548
 103885 28570.4 5481.43 583.309 138.93
 74410.1 24085 5667.46 1075.26 141.591
 68402.8 12297.8 3037.93 701.145 150.384
 365144 14206.3 2105.6 512.999 143.686
 73039.7 86242.6 2888.97 423.623 132.041
 593592 19973.9 21336.6 709.625 136.436
 328371 166246 5101.82 5414.04 214.606
 261571 81801.8 36305.4 1103.69 1217.04
 356941 66857.4 18489 8133.77 519.677
 503941 98539.8 16751.5 4600.43 2152.35
 97656.5 129479 22427.7 3779.66 1522.92
 286179 28941.4 35670.5 6146.42 1452.78
 246376 87110.4 8263.54 10138.3 2159.31
 110835 74968.3 24860.7 2347.55 3492.69
 247400 35029.9 22509.7 7437.19 1746.78
 253833 75595.5 10053.4 6431.17 2623.28
 85396.9 79177.2 22302.2 2954.12 2660.02
pred_Ctot
 15087.8 4262.06 10759.5 724.778 0.0271227
 15050.5 10797.4 2245.59 5560.49 374.192
 14602.7 5312.19 2731.06 556.036 1467.84
 31939.2 7319.29 1907.85 960.214 710.736
 9555.2 3789.98 605.677 154.243 134.919
 29868.1 6873.91 2014.02 315.776 150.601
 24654.6 21942.1 3635.05 1043.02 241.254
 2167.37 1376.26 822.686 132.79 46.8492
 7372.2 3247.56 1533.4 899.741 196.267
 12974.7 3038.36 934.329 431.071 307.728
 6314.26 931.623 147.436 44.1934 34.8963
 31942.8 9084.52 991.574 153.98 82.5146
 25206.2 8744.59 1701.02 181.147 43.1465
 27608.8 10881.4 2589.84 491.653 64.7436
 19714.4 4416.96 1105.36 255.289 54.7571
 85639.9 4211.95 633.043 154.346 43.2323
 12138.3 18436.4 627.018 92.0164 28.6822
 91572.6 3975.38 4312.35 143.54 27.5988
 69161.6 44538 1386.58 1472.56 58.373
 51977 20738.9 9339.57 284.144 313.338
 57640.5 13904.1 3904.14 1718.92 109.829
 98907.8 24690.7 4259.2 1170.6 547.698
 12214.5 21043.3 3703.31 624.631 251.69
 31705.3 4180.69 5236.41 903.063 213.46
 27342.3 12604.4 1215.1 1492.04 317.799
 9992.89 8856.45 2985.67 282.178 419.845
 26896.6 4968.04 3244.35 1072.85 251.992
 24735.4 9635.71 1302.54 833.966 340.191
 7844.28 9525.85 2727.64 361.615 325.629
F
 0.151702 0.202935 0.206608 0.206805 0.206815
 0.28061 0.375379 0.382172 0.382536 0.382555
 0.275869 0.369036 0.375715 0.376073 0.376092
 0.41167 0.5507 0.560666 0.561201 0.561229
 0.136895 0.183128 0.186442 0.18662 0.186629
 0.248069 0.331848 0.337853 0.338175 0.338192
 0.579408 0.775088 0.789114 0.789866 0.789906
 0.0985022 0.131769 0.134153 0.134281 0.134288
 0.391244 0.523376 0.532847 0.533355 0.533382
 0.551806 0.738164 0.751522 0.752239 0.752277
 0.119997 0.160522 0.163427 0.163583 0.163591
 0.485907 0.650009 0.661772 0.662403 0.662436
 0.461701 0.617629 0.628806 0.629405 0.629437
 0.800175 1.07041 1.08978 1.09082 1.09088
 0.57173 0.764816 0.778657 0.779399 0.779438
 0.443129 0.592784 0.603511 0.604086 0.604117
 0.296579 0.39674 0.40392 0.404305 0.404325
 0.272722 0.364826 0.371428 0.371782 0.371801
 0.389845 0.521505 0.530943 0.531449 0.531475
 0.364146 0.487126 0.495941 0.496414 0.496439
 0.28711 0.384074 0.391024 0.391397 0.391417
 0.358941 0.480164 0.488853 0.489319 0.489344
 0.216184 0.289195 0.294428 0.294709 0.294723
 0.18944 0.253419 0.258005 0.258251 0.258264
 0.189791 0.253888 0.258483 0.258729 0.258742
 0.15184 0.203119 0.206795 0.206992 0.207003
 0.185611 0.248296 0.252789 0.25303 0.253043
 0.16499 0.220711 0.224705 0.224919 0.22493
 0.154889 0.207198 0.210948 0.211149 0.211159
YTP_r0W_actual
 55020.4 261393 79185.8 14029.2 14549.8
YTP_p0W_proyectada
 207009 75616.4 93247.3 34077.5 6592.38
 207009 184951 29281.7 33381 13436.9
CTP_r0_actual
 10580.8 12750.9 3649.12 483.765 435.623
CTP_p0_proyectada
 27454.8 4333.32 3874.01 1088.04 187.018
 27454.8 10598.9 1216.52 1065.8 381.188
Wmedp
 7.54 17.45 24.07 31.32 35.25
Frms_r0
 0.213963 0.286224 0.291403 0.291681 0.291696
Zrms_r0
 1.21396 1.28622 1.2914 1.29168 1.2917
nmprior
 7.29 8.9 8.7 0
nm_flota  nm_reclas  nm_pelaces    nm_pelaL
inf 13.0224 17.172 22.8194
cv_recla  cv_pelaces  cv_mph
0.330585 0.50435 0.682825
 ------------------------------------------------
Talla a la edad & desviaci?n 
 8 13.2811 15.8009 17.003 17.5766
 0.8 1.32811 1.58009 1.7003 1.75766
