    unsorted:	 2.338954368e-06 5.730655400e-05 8.683955079e-05 0.0002999954550 0.0004999842582 0.0007000156913 3.348820039 0.8215976649 6.251599262 12.23168620 9.869301220 55.39230441 155.0813922 127.8365656 203.3249321 241.4981518 462.8340068 492.2736461 621.6986709 790.0556886 815.9866806 875.2287930 901.7285590 915.3825961 1052.751018 1138.065890 1267.913304 1365.872353 1441.510553 1535.046733 1682.754439 1806.598269 1991.781657 2290.039772 2299.644372 2215.198869 2382.257148 2524.971121 2721.171772 2842.835059 3039.052659 3159.009803 3667.157753 3736.424746 4214.885992 10132.07255 41237.37728 385500.3063 387815.2206 378251.0651 356957.9490 359471.5138 397728.1967 421398.4705 445473.6176 454311.8305 460192.4775 315987.3377 163559.2926 604982.0384 613681.6649 657172.6395 693079.0952 711369.8529 973745.1535 1052573.115 1131137.802 1188829.451 1510647.549 1658678.187 1818729.407 2299117.452 2439259.356 2479583.695 2739138.107 2945284.014 3287467.105 41865743.36
      sorted:	 2.338954368e-06 5.730655400e-05 8.683955079e-05 0.0002999954550 0.0004999842582 0.0007000156913 0.8215976649 3.348820039 6.251599262 9.869301220 12.23168620 55.39230441 127.8365656 155.0813922 203.3249321 241.4981518 462.8340068 492.2736461 621.6986709 790.0556886 815.9866806 875.2287930 901.7285590 915.3825961 1052.751018 1138.065890 1267.913304 1365.872353 1441.510553 1535.046733 1682.754439 1806.598269 1991.781657 2215.198869 2290.039772 2299.644372 2382.257148 2524.971121 2721.171772 2842.835059 3039.052659 3159.009803 3667.157753 3736.424746 4214.885992 10132.07255 41237.37728 163559.2926 315987.3377 356957.9490 359471.5138 378251.0651 385500.3063 387815.2206 397728.1967 421398.4705 445473.6176 454311.8305 460192.4775 604982.0384 613681.6649 657172.6395 693079.0952 711369.8529 973745.1535 1052573.115 1131137.802 1188829.451 1510647.549 1658678.187 1818729.407 2299117.452 2439259.356 2479583.695 2739138.107 2945284.014 3287467.105 41865743.36
