    unsorted:	 2.337751806e-06 2.227030121e-06 5.788796667e-05 4.985210493e-05 8.425791701e-05 0.0002999951942 0.0004999850970 0.0009999689839 9.197933049 9.339187734 12.20444047 62.41592470 172.7939619 204.6690037 132.3243435 257.9662375 453.4799010 502.5398613 634.1425337 622.9690160 780.5698125 794.7762673 888.9118639 925.4635666 940.4413146 1041.595125 1172.626538 1189.117059 1318.864448 1440.981843 1522.384643 1624.436972 1790.029471 1881.837457 2111.672550 2347.517430 2300.275309 2402.935428 2433.064629 2608.614380 2838.694995 2878.448947 3026.565736 3240.499221 3317.608236 3816.612372 4174.403829 4305.465449 9711.733058 41002.04723 375363.7206 375086.9506 383459.4238 391110.0328 361413.5963 354038.4476 399163.3050 413021.4565 436430.5398 434781.0954 315567.6945 148769.0311 511494.8827 592877.9305 598571.8920 638456.1123 679269.6619 689842.1870 786228.2925 952638.6201 1021118.245 1116411.483 1162486.861 1489095.660 1637022.256 1792263.854 2352307.155 2391098.428 2437485.115 2494280.125 2752796.012 2960671.861 3336226.343 46091594.12
      sorted:	 2.227030121e-06 2.337751806e-06 4.985210493e-05 5.788796667e-05 8.425791701e-05 0.0002999951942 0.0004999850970 0.0009999689839 9.197933049 9.339187734 12.20444047 62.41592470 132.3243435 172.7939619 204.6690037 257.9662375 453.4799010 502.5398613 622.9690160 634.1425337 780.5698125 794.7762673 888.9118639 925.4635666 940.4413146 1041.595125 1172.626538 1189.117059 1318.864448 1440.981843 1522.384643 1624.436972 1790.029471 1881.837457 2111.672550 2300.275309 2347.517430 2402.935428 2433.064629 2608.614380 2838.694995 2878.448947 3026.565736 3240.499221 3317.608236 3816.612372 4174.403829 4305.465449 9711.733058 41002.04723 148769.0311 315567.6945 354038.4476 361413.5963 375086.9506 375363.7206 383459.4238 391110.0328 399163.3050 413021.4565 434781.0954 436430.5398 511494.8827 592877.9305 598571.8920 638456.1123 679269.6619 689842.1870 786228.2925 952638.6201 1021118.245 1116411.483 1162486.861 1489095.660 1637022.256 1792263.854 2352307.155 2391098.428 2437485.115 2494280.125 2752796.012 2960671.861 3336226.343 46091594.12
