    unsorted:	 2.334045792e-06 2.222958976e-06 5.760551243e-05 4.957593579e-05 8.437893713e-05 0.0002999946340 0.0004999855141 0.0008999509202 9.214816120 9.246629353 12.19782341 62.28261035 171.3472177 204.7808026 132.5839973 259.5165842 458.0591051 504.8877685 635.9712515 780.3800654 793.0257866 854.8752031 891.2433653 945.2782971 994.3217171 1078.567245 1193.891698 1317.622937 1435.232615 1532.505572 1632.264938 1797.942871 1881.866563 2119.040895 2370.874872 2349.769416 2301.157011 2423.274180 2579.313821 2800.708647 2898.147116 3015.375217 3245.176860 3320.457719 3826.604924 4169.414954 4307.905216 9672.300659 40835.35778 375451.2633 375207.8443 391544.4666 387935.1538 361917.3956 354278.3676 407151.0313 414127.4811 434141.0803 435222.3757 315857.6401 153396.9948 513945.7732 591915.2926 597447.0262 636586.5819 677762.7036 687586.3165 948399.6801 1018285.889 1111547.685 1158625.737 1486429.765 1633493.147 1785326.474 2169265.593 2371870.051 2428449.223 2467118.047 2742379.434 2945394.536 3323622.208 44728281.04
      sorted:	 2.222958976e-06 2.334045792e-06 4.957593579e-05 5.760551243e-05 8.437893713e-05 0.0002999946340 0.0004999855141 0.0008999509202 9.214816120 9.246629353 12.19782341 62.28261035 132.5839973 171.3472177 204.7808026 259.5165842 458.0591051 504.8877685 635.9712515 780.3800654 793.0257866 854.8752031 891.2433653 945.2782971 994.3217171 1078.567245 1193.891698 1317.622937 1435.232615 1532.505572 1632.264938 1797.942871 1881.866563 2119.040895 2301.157011 2349.769416 2370.874872 2423.274180 2579.313821 2800.708647 2898.147116 3015.375217 3245.176860 3320.457719 3826.604924 4169.414954 4307.905216 9672.300659 40835.35778 153396.9948 315857.6401 354278.3676 361917.3956 375207.8443 375451.2633 387935.1538 391544.4666 407151.0313 414127.4811 434141.0803 435222.3757 513945.7732 591915.2926 597447.0262 636586.5819 677762.7036 687586.3165 948399.6801 1018285.889 1111547.685 1158625.737 1486429.765 1633493.147 1785326.474 2169265.593 2371870.051 2428449.223 2467118.047 2742379.434 2945394.536 3323622.208 44728281.04
