    unsorted:	 2.337726111e-06 2.654670097e-06 5.786432076e-05 9.068529870e-05 0.0002999949380 0.0004999837399 0.0005999373088 4.883982987 6.967179928 12.21394617 46.85272720 92.77598498 130.0775962 203.2306804 239.6345218 492.1851375 450.9327198 619.2484324 901.3834938 889.8324434 920.2450115 792.0384462 724.5810524 1041.464906 1122.609942 1149.106462 1296.278688 1422.658576 1517.105680 1661.986689 1812.953800 1962.047347 2310.729912 2281.028576 2269.967777 2324.105841 2532.525282 2607.035312 2638.422027 2818.916361 3044.710388 3668.854923 3937.083809 4518.496967 10267.57996 41289.56659 388050.6419 392038.4947 384186.0978 367923.4796 363126.8938 403983.3270 430674.4801 319042.7599 453196.7793 470400.5604 169220.7477 605605.9558 621302.4462 661639.7962 702045.9842 724550.0783 970746.3789 1056809.877 1117494.350 1197937.234 1516383.361 1667236.789 1793903.888 2281191.523 2363771.542 2445701.440 2577112.346 2777666.514 3239795.910 40473793.18
      sorted:	 2.337726111e-06 2.654670097e-06 5.786432076e-05 9.068529870e-05 0.0002999949380 0.0004999837399 0.0005999373088 4.883982987 6.967179928 12.21394617 46.85272720 92.77598498 130.0775962 203.2306804 239.6345218 450.9327198 492.1851375 619.2484324 724.5810524 792.0384462 889.8324434 901.3834938 920.2450115 1041.464906 1122.609942 1149.106462 1296.278688 1422.658576 1517.105680 1661.986689 1812.953800 1962.047347 2269.967777 2281.028576 2310.729912 2324.105841 2532.525282 2607.035312 2638.422027 2818.916361 3044.710388 3668.854923 3937.083809 4518.496967 10267.57996 41289.56659 169220.7477 319042.7599 363126.8938 367923.4796 384186.0978 388050.6419 392038.4947 403983.3270 430674.4801 453196.7793 470400.5604 605605.9558 621302.4462 661639.7962 702045.9842 724550.0783 970746.3789 1056809.877 1117494.350 1197937.234 1516383.361 1667236.789 1793903.888 2281191.523 2363771.542 2445701.440 2577112.346 2777666.514 3239795.910 40473793.18
