years
 1991 1992 1993 1994 1995 1996 1997 1998 1999 2000 2001 2002 2003 2004 2005 2006 2007 2008 2009 2010 2011 2012 2013 2014 2015 2016 2017 2018 2019 2020 2021
reclasobs
 0 0 0 0 0 0 0 0 0 252601 567819 844713 477998 351125 339783 2.1784e+06 2.13404e+06 4.81314e+06 1.55562e+06 2.62356e+06 3.21686e+06 3.843e+06 1.13348e+06 3.07943e+06 1.97215e+06 2.03268e+06 2.025e+06 2.42433e+06 2.27542e+06 1.05018e+06 2.36338e+06
reclaspred
 3.19824e+06 1.74334e+06 882161 907558 923034 1.58385e+06 887023 773253 548740 370016 505390 685447 664075 490683 487325 1.35482e+06 1.20869e+06 3.13053e+06 2.47629e+06 1.77924e+06 3.07272e+06 2.52258e+06 1.91317e+06 3.04167e+06 2.24356e+06 1.98511e+06 2.38533e+06 2.62026e+06 2.07762e+06 1.26474e+06 1.99505e+06
pelacesobs
 0 0 0 0 0 0 0 0 0 0 0 0 0 0 0 552880 188675 0 991730 2.46772e+06 1.41603e+06 1.21717e+06 2.29649e+06 1.80582e+06 0 1.4828e+06 1.56532e+06 1.57751e+06 1.42118e+06 867257 1.10002e+06
pelacespred
 1.89864e+06 1.1276e+06 554079 448795 502217 871030 442464 507905 330639 202364 293338 330930 355786 264079 270120 628501 603121 1.74676e+06 1.44259e+06 953631 1.62231e+06 1.4023e+06 1.12083e+06 1.90222e+06 1.38361e+06 1.23268e+06 1.63789e+06 1.61762e+06 1.22537e+06 847291 1.05614e+06
mphobs
 0 0 0 0 0 0 0 0 0 0 0 0 498337 0 5186 125008 0 168611 109162 213762 579715 649985 157893 87575 83554 210694 70296 0 107559 103333 445601
mphpred
 534663 356223 170577 94719.6 103963 125339 169934 90888.1 83309.5 52433.1 32031.8 66483.8 74451.8 58022.3 35808.3 46285.3 164817 146364 329241 406707 412189 480475 141169 116985 180834 139230 120979 135234 190667 132056 66911.2
desembarqueobs
 494567 514787 250237 358949 120608 361735 552515 73892 212993 205616 52469 317467 293654 387597 252695 516296 358380 742168 942051 627588 828172 859565 418607 520667 417249 300574 415391 372974 316634 284311 391294
desembarquepred
 494570 513923 250645 358982 120613 361742 552539 73897.2 213054 205672 52471.7 317528 293690 387577 252670 516224 358409 742007 941737 627357 828257 859548 418609 520693 417238 300571 415384 372945 316621 284317 391290
Reclutas
 167530 93760.3 94473.9 142903 116160 208714 83374.5 36056.9 34742.4 46105.2 87334.5 125866 103811 74163.4 68310.2 363303 73666 590908 327597 258354 355988 498466 96790.8 284452 240734 108253 237916 274966 80418.8 59760.3 243159
log_desv_Rt
 0.198789 -0.381635 -0.374052 0.0397921 -0.167411 0.418589 -0.499034 -1.33728 -1.37441 -1.09145 -0.452631 -0.0871566 -0.279801 -0.616105 -0.698317 0.972861 -0.622835 1.45928 0.869409 0.631954 0.952521 1.28916 -0.349824 0.728187 0.561318 -0.237907 0.549543 0.694273 -0.535129 -0.832035 0.571338
SSB
 2.01047e+06 1.33949e+06 641414 356171 390930 471308 638998 341764 313266 197162 120448 249997 266546 213625 129895 168490 619754 550369 1.27661e+06 889476 925077 1.13241e+06 1.09007e+06 866695 1.25742e+06 1.02706e+06 841322 905382 1.32333e+06 861352 497617
BT
 2.84143e+06 1.94368e+06 950886 901063 763221 1.50294e+06 1.06907e+06 745293 651307 469070 450863 716768 751191 766613 630843 1.30832e+06 1.07779e+06 3.10937e+06 2.84391e+06 1.82925e+06 2.9015e+06 2.68539e+06 1.83514e+06 3.10937e+06 2.21305e+06 1.89639e+06 2.67197e+06 2.55812e+06 1.84494e+06 1.37785e+06 1.7812e+06
Ftot
 0.20936 0.38737 0.380902 0.577263 0.191383 0.350413 0.812245 0.138457 0.550563 0.776498 0.169918 0.682109 0.645964 1.12479 0.809033 0.632898 0.411537 0.386319 0.544341 0.511282 0.40394 0.505921 0.301556 0.268048 0.267046 0.214625 0.269145 0.224799 0.204154 0.305282 0.316065
BD_Bspro_t
 0.967185 0.776215 0.568538 0.469063 0.463349 0.559144 0.557128 0.362174 0.422519 0.360612 0.315181 0.574318 0.451383 0.352981 0.240965 0.293332 0.485556 0.443558 0.581282 0.462579 0.426388 0.473574 0.492602 0.474556 0.598496 0.60712 0.614277 0.658342 0.7201 0.63308 0.545165
BD_Bspro
 2.05106 1.36654 0.654364 0.363362 0.398823 0.480824 0.6519 0.348664 0.319591 0.201143 0.12288 0.255044 0.271928 0.217938 0.132518 0.171892 0.632267 0.561481 1.30238 0.907434 0.943754 1.15527 1.11208 0.884193 1.28281 1.04779 0.858309 0.923661 1.35005 0.878743 0.507664
BD_Bo
 1.45892 0.972019 0.465449 0.258459 0.283683 0.34201 0.463696 0.248004 0.227325 0.143073 0.0874044 0.181413 0.193422 0.155019 0.09426 0.122266 0.449731 0.399381 0.926385 0.645458 0.671292 0.821745 0.791024 0.628926 0.91246 0.745296 0.610515 0.657 0.960291 0.62505 0.361101
BD_Brms
 7.86109 5.23752 2.50797 1.39265 1.52856 1.84285 2.49853 1.33632 1.22489 0.770918 0.47096 0.977504 1.04221 0.835289 0.5079 0.658807 2.42328 2.15198 4.99163 3.47791 3.61711 4.4278 4.26226 3.38884 4.9166 4.01587 3.28963 3.5401 5.17433 3.36795 1.94572
Sel_flota
 0.698931 0.977831 0.998808 0.999937 0.999997
 0.698931 0.977831 0.998808 0.999937 0.999997
 0.698931 0.977831 0.998808 0.999937 0.999997
 0.698931 0.977831 0.998808 0.999937 0.999997
 0.698931 0.977831 0.998808 0.999937 0.999997
 0.698931 0.977831 0.998808 0.999937 0.999997
 0.698931 0.977831 0.998808 0.999937 0.999997
 0.698931 0.977831 0.998808 0.999937 0.999997
 0.698931 0.977831 0.998808 0.999937 0.999997
 0.698931 0.977831 0.998808 0.999937 0.999997
 0.698931 0.977831 0.998808 0.999937 0.999997
 0.698931 0.977831 0.998808 0.999937 0.999997
 0.698931 0.977831 0.998808 0.999937 0.999997
 0.698931 0.977831 0.998808 0.999937 0.999997
 0.698931 0.977831 0.998808 0.999937 0.999997
 0.698931 0.977831 0.998808 0.999937 0.999997
 0.698931 0.977831 0.998808 0.999937 0.999997
 0.698931 0.977831 0.998808 0.999937 0.999997
 0.698931 0.977831 0.998808 0.999937 0.999997
 0.698931 0.977831 0.998808 0.999937 0.999997
 0.698931 0.977831 0.998808 0.999937 0.999997
 0.698931 0.977831 0.998808 0.999937 0.999997
 0.698931 0.977831 0.998808 0.999937 0.999997
 0.698931 0.977831 0.998808 0.999937 0.999997
 0.698931 0.977831 0.998808 0.999937 0.999997
 0.698931 0.977831 0.998808 0.999937 0.999997
 0.698931 0.977831 0.998808 0.999937 0.999997
 0.698931 0.977831 0.998808 0.999937 0.999997
 0.698931 0.977831 0.998808 0.999937 0.999997
 0.698931 0.977831 0.998808 0.999937 0.999997
 0.698931 0.977831 0.998808 0.999937 0.999997
Sel_reclas
 1 1 1 1 1
 1 1 1 1 1
 1 1 1 1 1
 1 1 1 1 1
 1 1 1 1 1
 1 1 1 1 1
 1 1 1 1 1
 1 1 1 1 1
 1 1 1 1 1
 1 1 1 1 1
 1 1 1 1 1
 1 1 1 1 1
 1 1 1 1 1
 1 1 1 1 1
 1 1 1 1 1
 1 1 1 1 1
 1 1 1 1 1
 1 1 1 1 1
 1 1 1 1 1
 1 1 1 1 1
 1 1 1 1 1
 1 1 1 1 1
 1 1 1 1 1
 1 1 1 1 1
 1 1 1 1 1
 1 1 1 1 1
 1 1 1 1 1
 1 1 1 1 1
 1 1 1 1 1
 1 1 1 1 1
 1 1 1 1 1
Sel_pelaces
 0.856467 0.967773 0.993427 0.998687 0.999739
 0.856467 0.967773 0.993427 0.998687 0.999739
 0.856467 0.967773 0.993427 0.998687 0.999739
 0.856467 0.967773 0.993427 0.998687 0.999739
 0.856467 0.967773 0.993427 0.998687 0.999739
 0.856467 0.967773 0.993427 0.998687 0.999739
 0.856467 0.967773 0.993427 0.998687 0.999739
 0.856467 0.967773 0.993427 0.998687 0.999739
 0.856467 0.967773 0.993427 0.998687 0.999739
 0.856467 0.967773 0.993427 0.998687 0.999739
 0.856467 0.967773 0.993427 0.998687 0.999739
 0.856467 0.967773 0.993427 0.998687 0.999739
 0.856467 0.967773 0.993427 0.998687 0.999739
 0.856467 0.967773 0.993427 0.998687 0.999739
 0.856467 0.967773 0.993427 0.998687 0.999739
 0.856467 0.967773 0.993427 0.998687 0.999739
 0.856467 0.967773 0.993427 0.998687 0.999739
 0.856467 0.967773 0.993427 0.998687 0.999739
 0.856467 0.967773 0.993427 0.998687 0.999739
 0.856467 0.967773 0.993427 0.998687 0.999739
 0.856467 0.967773 0.993427 0.998687 0.999739
 0.856467 0.967773 0.993427 0.998687 0.999739
 0.856467 0.967773 0.993427 0.998687 0.999739
 0.856467 0.967773 0.993427 0.998687 0.999739
 0.856467 0.967773 0.993427 0.998687 0.999739
 0.856467 0.967773 0.993427 0.998687 0.999739
 0.856467 0.967773 0.993427 0.998687 0.999739
 0.856467 0.967773 0.993427 0.998687 0.999739
 0.856467 0.967773 0.993427 0.998687 0.999739
 0.856467 0.967773 0.993427 0.998687 0.999739
 0.856467 0.967773 0.993427 0.998687 0.999739
pf_obs 
 0.8446 0.082 0.0669 0.0065 0
 0.8095 0.147 0.0364 0.0071 0
 0.9664 0.0169 0.016 0.0007 0
 0.9276 0.0648 0.0075 0.0001 0
 0.7033 0.2144 0.0806 0.0017 0
 0.9318 0.0425 0.0243 0.0014 0
 0.5671 0.3108 0.0964 0.0239 0.0018
 0.0768 0.2599 0.5324 0.112 0.0189
 0.490249 0.384438 0.106611 0.0170017 0.00170017
 0.7925 0.1577 0.0466 0.003 0.0002
 0.840416 0.127587 0.0312969 0.00059994 9.999e-05
 0.8084 0.0986 0.0794 0.0134 0.0002
 0.7335 0.1905 0.0724 0.0035 0.0001
 0.4001 0.4547 0.1325 0.0127 0
 0.49795 0.308269 0.164784 0.0264974 0.00249975
 0.9179 0.0499 0.0305 0.0017 0
 0.2467 0.6533 0.0926 0.0074 0
 0.9418 0.0223 0.034 0.0019 0
 0.707729 0.231977 0.0356964 0.0245975 0
 0.517169 0.277429 0.184464 0.0207286 0.00020938
 0.811772 0.124168 0.05621 0.00726502 0.000585176
 0.764997 0.148141 0.077277 0.00933861 0.000247198
 0.163321 0.427699 0.378323 0.0303852 0.000271297
 0.753843 0.0900009 0.118128 0.0371064 0.000921714
 0.721811 0.176058 0.0630433 0.0369309 0.00215725
 0.143369 0.312575 0.442814 0.0836902 0.0175525
 0.692698 0.0596174 0.167031 0.0765114 0.00414204
 0.394062 0.376323 0.152708 0.0712218 0.00568511
 0.125707 0.32114 0.495352 0.0537591 0.00404204
 0.23352 0.215282 0.420074 0.123614 0.00750983
 0.796117 0.104755 0.0508955 0.0450114 0.00322123
pf_pred 
 0.479593 0.139568 0.356669 0.0241688 8.88589e-07
 0.428712 0.326437 0.0667765 0.166786 0.0112885
 0.585011 0.218618 0.113466 0.0226324 0.0602729
 0.734033 0.180005 0.0458382 0.0231981 0.0169263
 0.661396 0.273756 0.0442907 0.0109698 0.00958786
 0.753149 0.181576 0.0530049 0.0083836 0.00388646
 0.468384 0.434781 0.0716997 0.0204156 0.0047196
 0.467859 0.310662 0.182167 0.0291209 0.0101915
 0.548435 0.250764 0.118311 0.0678624 0.0146276
 0.727509 0.177307 0.0535201 0.0245632 0.0171007
 0.839361 0.13001 0.0201471 0.00589812 0.00458384
 0.749017 0.221216 0.0241961 0.00366614 0.00190505
 0.694468 0.251394 0.0478834 0.0050855 0.00116907
 0.65451 0.269208 0.0630876 0.0116721 0.00152223
 0.765131 0.179331 0.0436197 0.00985969 0.00205808
 0.942236 0.0484643 0.00715319 0.00168635 0.000459969
 0.381487 0.594849 0.0199463 0.00286091 0.00085709
 0.911709 0.0420573 0.0445083 0.00145478 0.000270796
 0.584046 0.390538 0.0122675 0.0126583 0.00049009
 0.616879 0.260495 0.115329 0.00352466 0.00377222
 0.7393 0.184832 0.0520288 0.0224227 0.00141659
 0.754786 0.198128 0.0336338 0.00922922 0.004223
 0.313653 0.564511 0.0989509 0.0163533 0.00653116
 0.743275 0.102323 0.127537 0.0218243 0.00504075
 0.622855 0.304842 0.0292318 0.0355848 0.00748625
 0.431705 0.400186 0.136509 0.0127852 0.0188142
 0.727084 0.142212 0.0926677 0.0308942 0.00714242
 0.688345 0.247634 0.0337428 0.0214745 0.00880329
 0.340763 0.500806 0.126492 0.0168438 0.0150953
 0.42252 0.245268 0.253762 0.0626502 0.0157993
 0.839862 0.0828687 0.0332797 0.0336118 0.0103774
pobs_RECLAS
 0 0 0 0 0
 0 0 0 0 0
 0 0 0 0 0
 0 0 0 0 0
 0 0 0 0 0
 0 0 0 0 0
 0 0 0 0 0
 0 0 0 0 0
 0 0 0 0 0
 0 0 0 0 0
 0.991045 0.00858322 0.000360255 1.14367e-05 0
 0.934742 0.0480273 0.0164251 0.00080598 0
 0.827803 0.169806 0.00239088 0 0
 0.941827 0.0461693 0.0120037 0 0
 0.791401 0.0380133 0.147996 0.0225897 0
 0.846168 0.0940531 0.0597789 0 0
 0.134021 0.677848 0.182769 0.00536245 0
 0.80878 0.0450904 0.141981 0.00414843 0
 0.846168 0.0940531 0.0597789 0 0
 0.905697 0.0802665 0.012482 0.00150086 5.37128e-05
 0.989698 0.0102097 9.19794e-05 0 0
 0.975433 0.0193895 0.00387452 0.00125025 5.28907e-05
 0.303575 0.632131 0.0575291 0.00676475 0
 0.966965 0.00978017 0.0227588 0.000495775 0
 0.843318 0.132988 0.00938335 0.0141283 0.000182051
 0.564624 0.303363 0.111486 0.0197234 0.00080311
 0.826376 0.0876187 0.0782897 0.00655872 0.00115652
 0.89761 0.0855135 0.0140674 0.00269457 0.000114338
 0.34875 0.467042 0.161289 0.0227151 0.000203297
 0.318654 0.224769 0.449479 0.00709798 0
 0.937255 0.0296025 0.0250945 0.00804832 0
ppred_RECLAS
 0.568457 0.117585 0.294054 0.0199029 7.31703e-07
 0.517507 0.278411 0.0557056 0.138971 0.00940529
 0.668445 0.176534 0.0896195 0.0178549 0.0475468
 0.798615 0.137319 0.0341819 0.017278 0.012606
 0.733906 0.216032 0.0342044 0.00846191 0.00739545
 0.812655 0.138612 0.0395815 0.00625313 0.00289864
 0.560652 0.360878 0.0581211 0.0165284 0.00382072
 0.554665 0.262329 0.150554 0.0240397 0.00841276
 0.63609 0.204165 0.0941679 0.0539489 0.0116278
 0.794892 0.134579 0.039679 0.018188 0.0126615
 0.88057 0.0970606 0.0147202 0.00430444 0.00334508
 0.810897 0.167132 0.0178625 0.00270315 0.00140456
 0.765525 0.193713 0.036058 0.00382488 0.000879219
 0.736546 0.206425 0.0471757 0.00871651 0.00113669
 0.825285 0.134151 0.0318678 0.00719426 0.00150161
 0.959029 0.0345024 0.00497691 0.00117186 0.000319617
 0.466521 0.513503 0.0168405 0.00241259 0.000722734
 0.936646 0.0305291 0.0316011 0.00103168 0.000192028
 0.666945 0.313144 0.00961626 0.00991065 0.000383686
 0.697561 0.207118 0.0896555 0.00273674 0.00292877
 0.801681 0.141523 0.0389636 0.0167722 0.00105954
 0.81467 0.150396 0.0249628 0.00684164 0.00313032
 0.392967 0.501223 0.085955 0.014189 0.00566642
 0.805255 0.0786495 0.0959152 0.0163941 0.00378631
 0.70039 0.243209 0.0228187 0.0277458 0.00583673
 0.518259 0.341423 0.113968 0.0106617 0.0156884
 0.79145 0.109824 0.0700194 0.0233165 0.0053902
 0.757455 0.193596 0.0258133 0.0164091 0.00672637
 0.42227 0.441182 0.109047 0.014504 0.0129976
 0.511182 0.210265 0.212834 0.0524844 0.0132349
 0.882143 0.0616538 0.0242228 0.0244359 0.007544
pobs_PELACES
 0 0 0 0 0
 0 0 0 0 0
 0 0 0 0 0
 0 0 0 0 0
 0 0 0 0 0
 0 0 0 0 0
 0 0 0 0 0
 0 0 0 0 0
 0 0 0 0 0
 0 0 0 0 0
 0 0 0 0 0
 0 0 0 0 0
 0 0 0 0 0
 0 0 0 0 0
 0 0 0 0 0
 0 0 0 0 0
 0.505614 0.472636 0.0217494 0 0
 0 0 0 0 0
 0.443492 0.261883 0.143347 0.151278 0
 0.227955 0.32914 0.350689 0.0885471 0.00366901
 0.970185 0.0296113 0.000203453 0 0
 0.997202 0.00247181 0.000326279 0 0
 0.445219 0.490057 0.0546422 0.010081 0
 0.90214 0.0892962 0.00764917 0.000914606 0
 0 0 0 0 0
 0.581667 0.319106 0.0959925 0.00289975 0.000334073
 0.762889 0.0836404 0.116647 0.0363945 0.000428098
 0.88444 0.0763242 0.0277011 0.0115352 0
 0.521256 0.241999 0.230069 0.00667565 0
 0.616807 0.101726 0.260614 0.0208532 0
 0.833518 0.0704572 0.0857862 0.0102388 0
ppred_PELACES
 0.538515 0.123466 0.316485 0.0215329 7.92459e-07
 0.492977 0.289185 0.0592359 0.148539 0.0100634
 0.646065 0.186155 0.0967537 0.0193755 0.0516502
 0.785948 0.144803 0.0368526 0.0187226 0.0136742
 0.711955 0.232672 0.0377653 0.00939167 0.00821664
 0.797529 0.148832 0.0435209 0.00691098 0.00320694
 0.547962 0.36984 0.0608005 0.0173766 0.00402097
 0.524794 0.276906 0.162976 0.0261597 0.00916427
 0.616824 0.212657 0.100302 0.0577554 0.0124612
 0.785149 0.139845 0.0420977 0.0193932 0.0135145
 0.868321 0.106471 0.0165559 0.00486655 0.00378588
 0.801201 0.17524 0.0191349 0.00291031 0.00151377
 0.753352 0.202974 0.0386103 0.00411631 0.000947195
 0.732087 0.20904 0.0486593 0.00903444 0.00117937
 0.817542 0.139388 0.0337997 0.00766849 0.00160225
 0.956289 0.0366751 0.00540682 0.00127953 0.000349345
 0.445384 0.53336 0.0179043 0.00257817 0.000773146
 0.930513 0.0330736 0.0350487 0.00115013 0.000214298
 0.650401 0.328202 0.0103069 0.0106765 0.000413767
 0.679895 0.217623 0.0963582 0.00295635 0.00316709
 0.78661 0.151183 0.0426071 0.0184349 0.0011658
 0.80225 0.159736 0.0271208 0.00747106 0.00342187
 0.369653 0.518177 0.0910278 0.0151042 0.00603825
 0.786982 0.0847376 0.105882 0.0181918 0.00420589
 0.678375 0.259715 0.0249672 0.0305158 0.00642618
 0.490767 0.358184 0.122549 0.0115243 0.0169755
 0.772758 0.118201 0.077214 0.0258459 0.00598119
 0.737252 0.208561 0.0285015 0.0182123 0.00747336
 0.39579 0.458559 0.116182 0.0155336 0.0139349
 0.484041 0.218743 0.226805 0.0562194 0.0141916
 0.870659 0.066788 0.0268766 0.0272535 0.00842265
pobs_pel_tallas
 0 0 0 0 0 0 0 0 0 0 0 0 0 0 0 0 0 0 0 0 0 0 0 0 0 0
 0 0 0 0 0 0 0 0 0 0 0 0 0 0 0 0 0 0 0 0 0 0 0 0 0 0
 0 0 0 0 0 0 0 0 0 0 0 0 0 0 0 0 0 0 0 0 0 0 0 0 0 0
 0 0 0 0 0 0 0 0 0 0 0 0 0 0 0 0 0 0 0 0 0 0 0 0 0 0
 0 0 0 0 0 0 0 0 0 0 0 0 0 0 0 0 0 0 0 0 0 0 0 0 0 0
 0 0 0 0 0 0 0 0 0 0 0 0 0 0 0 0 0 0 0 0 0 0 0 0 0 0
 0 0 0 0 0 0 0 0 0 0 0 0 0 0 0 0 0 0 0 0 0 0 0 0 0 0
 0 0 0 0 0 0 0 0 0 0 0 0 0 0 0 0 0 0 0 0 0 0 0 0 0 0
 0 0 0 0 0 0 0 0 0 0 0 0 0 0 0 0 0 0 0 0 0 0 0 0 0 0
 0 0 0 0 0 0 0 0 0 0 0 0 0 0 0 0 0 0 0 0 0 0 0 0 0 0
 0 0 0 0 0 0 0 0 0 0 0 0 0 0 0 0 0 0 0 0 0 0 0 0 0 0
 0 0 0 0 0 0 0 0 0 0 0 0 0 0 0 0 0 0 0 0 0 0 0 0 0 0
 0.00862536 0 0 0.000197151 0.00414017 0.0128641 0.00837892 0.0270097 0.101434 0.158115 0.152841 0.127902 0.109271 0.109419 0.0830992 0.0579132 0.0238553 0.00714673 0.00463305 0.00128148 0.00103504 0.000492878 0.000147863 0.000147863 4.92878e-05 0
 0 0 0 0 0 0 0 0 0 0 0 0 0 0 0 0 0 0 0 0 0 0 0 0 0 0
 0 0 0 0 0 0 0 0.0054083 0.00873648 0.0413646 0.0450493 0.0745869 0.0622846 0.0627006 0.0613931 0.0827291 0.12552 0.122667 0.0946155 0.0697135 0.0546179 0.0294188 0.0215738 0.0213955 0.0102223 0.00600262
 0 0 0 0 0.00359764 0.0251062 0.0480494 0.140153 0.205849 0.193036 0.1447 0.116669 0.0760912 0.0342217 0.00950174 0.001854 0.000860785 0 0 0 0.000165536 0 0.000143464 0 0 0
 0 0 0 0 0 0 0 0.000145254 0.000435761 0.0275982 0.070085 0.0708112 0.156366 0.174668 0.174014 0.160142 0.0824315 0.0480064 0.0283245 0.00493863 0.00203355 0 0 0 0 0
 0 0 0 0 0 0 0 0 0 0 0 0 0 0 0 0 0 0 0 0 0 0 0 0 0 0
 0 0 1.00437e-05 0.000401748 0.00122533 0.00171747 0.00176769 0.0269171 0.070346 0.194647 0.189555 0.159765 0.064822 0.0314167 0.0384472 0.0292271 0.0345202 0.0313363 0.0194345 0.0106764 0.0143323 0.0359363 0.0279516 0.0138201 0.00172751 0
 0 0.0021121 0.0136068 0.0755702 0.200478 0.177729 0.0527432 0.0373336 0.0318909 0.0142505 0.0149659 0.0166563 0.0217959 0.0798694 0.0677717 0.0528807 0.04013 0.0224614 0.0357745 0.0225083 0.00881397 0.00855152 0.00135912 0.000746735 0 0
 0 0 0 0 5.4009e-05 0.00500934 0.000945158 0.0243581 0.138947 0.33067 0.221406 0.137944 0.0707744 0.0437923 0.0131692 0.00525238 0.0047753 0.00276346 9.45158e-05 9.00151e-06 2.25038e-05 9.00151e-06 4.50075e-06 0 0 0
 0.000866109 0.00284123 0.00948549 0.0512746 0.133035 0.25785 0.225252 0.132002 0.0553304 0.0519788 0.0540692 0.017754 0.00435017 0.00159236 0.00146478 0.000404838 0.000125132 0.000115318 0.000107957 0.000100596 0 0 0 0 0 0
 0 0 0 0 0.00144013 0.00171154 0.00461396 0.0210425 0.0478622 0.0707936 0.0888783 0.103762 0.0637923 0.0337046 0.0602308 0.124433 0.169614 0.0934646 0.0462172 0.0250306 0.0313229 0.00938855 0.002487 0.000210481 0 0
 0 0.00764035 0.051015 0.0998891 0.058973 0.0496711 0.0374665 0.0718981 0.12319 0.153886 0.159021 0.0857701 0.0377988 0.023471 0.0147837 0.00900784 0.00315554 0.000888139 0.00291439 0.00214683 0.00393193 0.00274676 0.000635225 9.99891e-05 0 0
 0 0 0 0 0 0 0 0 0 0 0 0 0 0 0 0 0 0 0 0 0 0 0 0 0 0
 0 0 0 0 0 0 0 0 0 0 0 0 0 0 0 0 0 0 0 0 0 0 0 0 0 0
 0 0 0 0 0 0 0 0 0 0 0 0 0 0 0 0 0 0 0 0 0 0 0 0 0 0
 0 0 0 0 0 0 0 0 0 0 0 0 0 0 0 0 0 0 0 0 0 0 0 0 0 0
 0 0 0 0 0 0 0 0 0 0 0 0 0 0 0 0 0 0 0 0 0 0 0 0 0 0
 0 0 0 0 0 0 0 0 0 0 0 0 0 0 0 0 0 0 0 0 0 0 0 0 0 0
 0 0 0 0 0 0 0 0 0 0 0 0 0 0 0 0 0 0 0 0 0 0 0 0 0 0
ppred_pel_tallas
 1.11325e-16 4.43568e-05 0.000431164 0.00286524 0.013025 0.0405255 0.0863444 0.126025 0.126037 0.086405 0.0407305 0.013623 0.00438883 0.00383128 0.00671844 0.0116005 0.0180162 0.0253761 0.0330062 0.0404343 0.0473788 0.0533798 0.0574843 0.0584439 0.0553939 0.0484915
 1.18383e-16 4.06059e-05 0.000394704 0.00262295 0.0119236 0.0370987 0.0790438 0.115373 0.115401 0.0791804 0.0375577 0.0132504 0.00595826 0.00769181 0.013949 0.0231353 0.0336729 0.0431398 0.04916 0.0508075 0.0492123 0.0467532 0.0454489 0.04579 0.0467423 0.0466525
 1.13524e-16 5.32156e-05 0.000517274 0.00343747 0.0156263 0.0486192 0.103589 0.151195 0.151213 0.103677 0.0489161 0.0164856 0.00560074 0.00526045 0.00912304 0.0151619 0.0222272 0.0287912 0.0333425 0.0352309 0.0350332 0.034064 0.0334283 0.033381 0.0333846 0.0326417
 1.05293e-16 6.47375e-05 0.000629272 0.00418173 0.0190096 0.0591458 0.126017 0.183928 0.183942 0.126085 0.0593755 0.0196734 0.00584967 0.00427613 0.00700801 0.0115295 0.0167145 0.0212634 0.0239051 0.0240784 0.0222623 0.019624 0.0172684 0.0156797 0.0146848 0.0138027
 1.03482e-16 5.86428e-05 0.000570029 0.00378804 0.0172199 0.0535777 0.114154 0.166615 0.166638 0.114263 0.0539458 0.0182833 0.0064578 0.00639975 0.0111352 0.0183289 0.0264291 0.0333033 0.0368189 0.0359974 0.0315909 0.0255559 0.0198631 0.015572 0.012706 0.0107285
 1.0253e-16 6.56914e-05 0.000638544 0.00424335 0.0192897 0.0600174 0.127874 0.186639 0.186653 0.127944 0.0602535 0.0199721 0.00595797 0.0043873 0.007202 0.0118461 0.0171602 0.0217916 0.0244013 0.0243619 0.0221054 0.0187821 0.0155226 0.0128927 0.0108629 0.00913579
 1.04273e-16 4.5135e-05 0.000438728 0.0029155 0.0132535 0.0412367 0.0878604 0.128242 0.128278 0.0880346 0.0418218 0.0149438 0.00715919 0.00970522 0.0176513 0.0291291 0.0420031 0.052917 0.0584745 0.057105 0.0499836 0.0402001 0.0308759 0.023705 0.0187622 0.0152584
 1.08949e-16 4.32267e-05 0.000420179 0.00279224 0.0126931 0.0394931 0.0841453 0.122818 0.122845 0.0842768 0.0399352 0.0139724 0.00601295 0.00748285 0.0135499 0.0225762 0.033087 0.042798 0.049373 0.0516863 0.0503787 0.0471848 0.0436326 0.0402125 0.0365324 0.032058
 1.1085e-16 5.0807e-05 0.000493863 0.00328189 0.014919 0.0464187 0.0989007 0.144353 0.144373 0.0990016 0.0467577 0.0158998 0.00575027 0.00590408 0.0103904 0.0172687 0.0252804 0.0326677 0.037678 0.039537 0.0388706 0.0371483 0.0356114 0.0345574 0.0334316 0.0314539
 1.05483e-16 6.46717e-05 0.000628632 0.00417748 0.0189902 0.0590858 0.125889 0.183741 0.183755 0.125955 0.0593078 0.0196321 0.00579077 0.0041577 0.00678866 0.0111785 0.0162358 0.0207173 0.0234082 0.02377 0.0222533 0.019953 0.0178902 0.0164859 0.0155441 0.0145994
 1.01634e-16 7.15225e-05 0.000695224 0.00462001 0.0210019 0.0653447 0.139224 0.203204 0.203214 0.139274 0.0655132 0.0214884 0.00584149 0.00336233 0.0051387 0.00838714 0.0120873 0.0152272 0.0168283 0.0164438 0.0144207 0.0116579 0.00906059 0.00711464 0.00582812 0.0049499
 1.01146e-16 6.59939e-05 0.000641484 0.00426289 0.0193785 0.0602937 0.128463 0.187499 0.187516 0.128545 0.0605706 0.0201782 0.0062697 0.00502074 0.0083782 0.0137337 0.0197473 0.0247681 0.0271595 0.0261643 0.0223523 0.0172351 0.0123691 0.00864423 0.00616398 0.00457997
 1.0174e-16 6.20526e-05 0.000603174 0.0040083 0.0182212 0.0566929 0.120791 0.176302 0.176322 0.120887 0.0570142 0.0191493 0.0063386 0.00569237 0.00973354 0.016009 0.0230913 0.0291095 0.032193 0.0314658 0.0275484 0.0221074 0.0168354 0.012665 0.00967255 0.00748534
 1.02564e-16 6.03011e-05 0.000586148 0.00389516 0.0177068 0.0550927 0.117382 0.171326 0.171346 0.11748 0.0554239 0.0186638 0.00629872 0.00583791 0.0100483 0.0165527 0.023923 0.0302581 0.0336539 0.0332195 0.0295814 0.024412 0.0193835 0.0153773 0.0124113 0.0100799
 1.02052e-16 6.73398e-05 0.000654567 0.00434983 0.0197737 0.0615234 0.131083 0.191322 0.191335 0.131148 0.0617443 0.020412 0.00595321 0.00415843 0.00673264 0.0110521 0.0159804 0.0202338 0.0225472 0.022332 0.0200076 0.0166839 0.0134626 0.0109121 0.00902298 0.00750802
 1.00353e-16 7.87683e-05 0.000765656 0.00508805 0.0231295 0.0719646 0.153328 0.223788 0.223792 0.153346 0.0720226 0.0232971 0.00550861 0.0016838 0.00182265 0.00288896 0.00415493 0.00522663 0.00576092 0.00560076 0.00486327 0.00385784 0.00289929 0.0021618 0.00165812 0.00131258
 1.01043e-16 3.66858e-05 0.000356599 0.00236973 0.0107725 0.0335175 0.0714144 0.104242 0.104293 0.0716651 0.0343589 0.0132016 0.00846248 0.0136417 0.0252219 0.0415193 0.0595254 0.0742618 0.0806796 0.0764497 0.0633816 0.0462711 0.0301383 0.0179732 0.0102696 0.00597574
 1.01172e-16 7.66452e-05 0.000745018 0.00495091 0.0225061 0.0700249 0.149196 0.217756 0.217759 0.149211 0.0700782 0.0226606 0.00534091 0.00160378 0.00172916 0.00279332 0.00414615 0.00548226 0.00653601 0.00716772 0.00741185 0.00739542 0.0072032 0.00681624 0.00616728 0.00524245
 1.01523e-16 5.35728e-05 0.000520746 0.00346054 0.0157312 0.0489456 0.104285 0.152214 0.152245 0.104439 0.0494634 0.0172261 0.00721029 0.00869752 0.0155566 0.0255651 0.0366632 0.0457735 0.0498029 0.0473372 0.0395063 0.0292653 0.0196848 0.012559 0.00812529 0.00566891
 1.03669e-16 5.60021e-05 0.000544361 0.00361747 0.0164445 0.0511651 0.109013 0.159113 0.159134 0.109116 0.0515113 0.0174458 0.0061355 0.00605691 0.010571 0.0175056 0.0254853 0.0326125 0.0369636 0.0376052 0.0350765 0.0308917 0.0265063 0.0226006 0.0191087 0.0157201
 1.03315e-16 6.4792e-05 0.000629802 0.00418525 0.0190256 0.0591957 0.126123 0.184083 0.184098 0.126195 0.0594355 0.0197188 0.00592733 0.00443901 0.00731762 0.0120437 0.0174585 0.0221995 0.024922 0.0250079 0.0229134 0.0198119 0.0168334 0.0145055 0.0127298 0.0111357
 1.02152e-16 6.60803e-05 0.000642324 0.00426847 0.0194039 0.0603727 0.128631 0.187744 0.187759 0.128706 0.0606254 0.020134 0.00610174 0.00464574 0.00767336 0.0125918 0.0181582 0.0228889 0.0253184 0.0247719 0.0217592 0.0176133 0.013677 0.0106717 0.00861696 0.00715868
 1.05296e-16 3.04479e-05 0.000295964 0.00196679 0.00894077 0.0278183 0.0592717 0.0865193 0.0865693 0.0595159 0.0286383 0.0113095 0.00791379 0.0132825 0.0247064 0.040828 0.0588837 0.0741962 0.082001 0.0800794 0.0700501 0.0562126 0.0429257 0.032578 0.0253264 0.0201398
 1.05614e-16 6.48227e-05 0.0006301 0.00418724 0.0190346 0.0592236 0.126183 0.184169 0.184177 0.126223 0.0593608 0.0194327 0.0051938 0.0028517 0.00435525 0.00728361 0.0109207 0.0146425 0.0178342 0.0201803 0.0217652 0.0228414 0.0234806 0.0234451 0.0223816 0.0201383
 1.04935e-16 5.58769e-05 0.000543144 0.00360938 0.0164077 0.0510507 0.10877 0.158758 0.158783 0.108892 0.0514612 0.0175933 0.00658504 0.00703813 0.0123889 0.0203891 0.0293615 0.036926 0.0407101 0.0396564 0.034671 0.0280205 0.0219671 0.0176919 0.0151327 0.013537
 1.07657e-16 4.04239e-05 0.000392935 0.00261119 0.0118701 0.0369325 0.07869 0.114858 0.114892 0.0788593 0.0375013 0.0135144 0.00674402 0.00943308 0.0172625 0.0286132 0.0415383 0.0529117 0.0595499 0.059955 0.0551393 0.0477986 0.0405488 0.0346473 0.0299544 0.025742
 1.05863e-16 6.36511e-05 0.000618711 0.00411155 0.0186905 0.0581532 0.123902 0.180841 0.180853 0.123958 0.0583423 0.0192379 0.00549056 0.00364584 0.0058621 0.00972047 0.0143026 0.0186327 0.0217528 0.0232185 0.0233147 0.022748 0.0220828 0.0213963 0.020377 0.0186838
 1.03968e-16 6.07265e-05 0.000590284 0.00392264 0.0178318 0.0554814 0.11821 0.172535 0.172555 0.118308 0.0558113 0.0187847 0.00631475 0.00581322 0.00998311 0.016417 0.0236672 0.0298191 0.0329712 0.0322669 0.0284092 0.0231797 0.0183553 0.0148624 0.0126616 0.0111894
 1.07386e-16 3.26008e-05 0.000316892 0.00210586 0.00957295 0.0297852 0.0634623 0.0926343 0.0926786 0.0636787 0.0305121 0.0116733 0.007382 0.0118477 0.0219698 0.0363684 0.0526186 0.066653 0.0743258 0.0737002 0.0661499 0.0553164 0.044816 0.0365159 0.0303891 0.0254945
 1.14641e-16 3.98699e-05 0.000387549 0.0025754 0.0117074 0.0364262 0.0776107 0.11328 0.113301 0.0777155 0.0367789 0.0127301 0.00515825 0.00607814 0.011001 0.0185268 0.02763 0.0367327 0.0442109 0.0492737 0.0522722 0.0540987 0.0552219 0.0552385 0.0532677 0.0487373
 1.04952e-16 7.17151e-05 0.000697096 0.00463245 0.0210584 0.0655207 0.139599 0.20375 0.203757 0.139631 0.0656271 0.0213663 0.00540712 0.00239488 0.00331622 0.00542314 0.00793707 0.0102698 0.0118853 0.0125694 0.0125557 0.0123379 0.012313 0.0125372 0.0127506 0.0125929
pSPR Fmed_Fpbrs
0.56297   0.235588 0.235588
Fs Fmed_Fpbrs
0.34   1.005 1.005
SSBpbr Bo_Bmed_Bpbrs
1.37805e+06  706901  255750 255750
Ro
137329
SPR SPRFo_SPRFmed_SPRFpbrs
980210 551829 230925
Fref
1.005
Nvult_r0
 198845 15314.9 6057.06 6112.53 1887.13
CTP_r0
 82044.1 7590.7 3034.27 3063.79 945.916
YTP_r0
1.0118e+06
Np
 186922 34064.8 9875.79 646.689 287.007
Nvult_p0
 152857 29374.3 8544.32 559.6 248.359
CTP_p0
 63069.1 30653.9 2078.9 814.667 1042.1
 63069.1 14559.1 4280.27 280.489 124.489
YTP_p0
 1.12274e+06 845797
CBA_c0
1.04509e+06
log_Ro
11.6501
likeval ReclasPelacesDesembMPH_pf_preclas_ppelaces_ptallas_desvR_qrecl_qpela
 12.3825 16.8226 0.0302851 0.000766839 214.863 118.474 101.566 0 23.7601 4.19062e-06 1.93642e-05 0.149149 0 0 0
q_reclas_q_pelaces
1.33576 1.86325
M
1
N
 167530 35680.3 89424.2 6053.35 0.222545
 93760.3 53241.4 10696.1 26689.8 1806.34
 94473.9 26311.3 13410.7 2672.39 7116.54
 142903 26631.6 6669.46 3372.34 2460.48
 116160 35117.6 5571.33 1378.46 1204.73
 208714 37382.5 10714.1 1692.96 784.78
 83374.5 60102.5 9762.59 2777.54 642.075
 36056.9 17385.5 9992.28 1595.65 558.403
 34742.4 12041.1 5585.93 3201.18 689.975
 46105.2 8698.55 2585.63 1185.71 825.449
 87334.5 9857.25 1497.61 437.97 340.359
 125866 28530.8 3071.16 464.942 241.589
 103811 28745.3 5387.04 571.643 131.405
 74163.4 24314.9 5622.8 1039.57 135.571
 68310.2 12430.1 2977.94 672.587 140.388
 363303 14276.3 2073.05 488.295 133.181
 73666 85874.3 2828.46 405.302 121.417
 590908 20326.1 21125.3 689.827 128.4
 327597 165944 5125.1 5283.62 204.556
 258354 82378.8 35851.2 1094.68 1171.5
 355988 66485.2 18382.2 7914.56 499.989
 498466 98748 16477.5 4517.34 2066.89
 96790.8 128757 22150.6 3657.12 1460.5
 284452 28840.6 35270.9 6029.53 1392.56
 240734 86766.1 8163.55 9927.72 2088.46
 108253 73482.5 24583.9 2300.1 3384.55
 237916 34276.5 21915.2 7298.87 1687.33
 274966 72515.8 9691.82 6161.71 2525.8
 80418.8 86446.9 21412.8 2848.38 2552.56
 59760.3 25650.4 26047 6424.24 1620
 243159 17760.4 7000.93 7063.8 2180.8
pred_Ctot
 14588.9 4245.58 10849.7 735.201 0.0270303
 14370.7 10942.4 2238.39 5590.78 378.398
 14263.9 5330.4 2766.55 551.829 1469.59
 30986.1 7598.64 1934.99 979.274 714.519
 9294.26 3846.95 622.395 154.153 134.733
 29236.6 7048.63 2057.61 325.445 150.869
 23896.2 22181.8 3658 1041.57 240.786
 2119 1407.03 825.057 131.892 46.1588
 7236.99 3309 1561.2 895.492 193.021
 12751.8 3107.83 938.1 430.543 299.741
 6242.26 966.872 149.832 43.8638 34.0896
 31354.1 9260.18 1012.86 153.466 79.7462
 24727.3 8951.19 1704.95 181.075 41.6262
 27171.1 11175.8 2619 484.553 63.1935
 19517.5 4574.52 1112.68 251.508 52.4991
 85084 4376.33 645.933 152.278 41.5352
 11915.2 18579.3 622.998 89.3567 26.7701
 90349.3 4167.83 4410.72 144.167 26.8356
 67582.7 45191 1419.53 1464.75 56.7106
 50513.3 21330.7 9443.78 288.618 308.889
 56635.8 14159.5 3985.78 1717.74 108.521
 96579.4 25351.6 4303.65 1180.93 540.358
 11828.6 21289 3731.66 616.719 246.304
 31192 4294.08 5352.18 915.873 211.539
 26306.9 12875.3 1234.64 1502.96 316.19
 9649.55 8945.03 3051.27 285.776 420.537
 26187.8 5122.14 3337.67 1112.74 257.253
 25598.1 9208.98 1254.82 798.591 327.375
 6839.02 10051 2538.67 338.05 302.958
 7385.68 4287.31 4435.77 1095.13 276.173
 31019.1 3060.64 1229.14 1241.4 383.276
F
 0.146328 0.204719 0.20911 0.209347 0.209359
 0.270745 0.378783 0.386908 0.387346 0.387369
 0.266224 0.372458 0.380448 0.380878 0.380901
 0.403467 0.564466 0.576575 0.577227 0.577261
 0.133763 0.18714 0.191155 0.191371 0.191382
 0.244914 0.342645 0.349995 0.350391 0.350412
 0.567703 0.794239 0.811277 0.812194 0.812242
 0.096772 0.135388 0.138292 0.138449 0.138457
 0.384805 0.538358 0.549907 0.550528 0.550561
 0.542718 0.759284 0.775573 0.776449 0.776495
 0.118761 0.166152 0.169716 0.169908 0.169918
 0.476747 0.666988 0.681296 0.682066 0.682107
 0.451484 0.631643 0.645194 0.645923 0.645962
 0.786153 1.09986 1.12345 1.12472 1.12479
 0.565458 0.791098 0.808069 0.808982 0.80903
 0.442352 0.618868 0.632144 0.632859 0.632896
 0.287636 0.402414 0.411047 0.411511 0.411536
 0.27001 0.377755 0.385858 0.386295 0.386318
 0.380457 0.532274 0.543692 0.544307 0.544339
 0.35735 0.499947 0.510672 0.51125 0.51128
 0.282326 0.394985 0.403458 0.403914 0.403939
 0.353604 0.494706 0.505318 0.50589 0.50592
 0.210767 0.294871 0.301197 0.301537 0.301555
 0.187347 0.262106 0.267729 0.268031 0.268047
 0.186647 0.261126 0.266728 0.26703 0.267045
 0.150008 0.209867 0.21437 0.214612 0.214625
 0.188114 0.263179 0.268825 0.269128 0.269144
 0.157119 0.219816 0.224531 0.224785 0.224799
 0.142689 0.199628 0.203911 0.204141 0.204153
 0.213371 0.298515 0.304919 0.305263 0.305281
 0.220907 0.309058 0.315688 0.316045 0.316064
YTP_r0W_actual
 680966 107029 83746 104782 35282.7
YTP_p0W_proyectada
 475541 534911 50039.2 25515.4 36734
 475541 254057 103026 8784.92 4388.23
CTP_r0_actual
 82044.1 7590.7 3034.27 3063.79 945.916
CTP_p0_proyectada
 63069.1 30653.9 2078.9 814.667 1042.1
 63069.1 14559.1 4280.27 280.489 124.489
Wmedp
 7.54 17.45 24.07 31.32 35.25
Frms_r0
 0.702425 0.98272 1.0038 1.00494 1.005
Zrms_r0
 1.70243 1.98272 2.0038 2.00494 2.005
nmprior
 7.29 8.9 8.7 0
nm_flota  nm_reclas  nm_pelaces    nm_pelaL
inf 13.9507 17.5596 41.4829
cv_recla  cv_pelaces  cv_mph
0.318294 0.46507 0.768034
 ------------------------------------------------
Talla a la edad & desviaci?n 
 8 13.2811 15.8009 17.003 17.5766
 0.8 1.32811 1.58009 1.7003 1.75766
