years
 1991 1992 1993 1994 1995 1996 1997 1998 1999 2000 2001 2002 2003 2004 2005 2006 2007 2008 2009 2010 2011 2012 2013 2014 2015 2016 2017 2018 2019
reclasobs
 0 0 0 0 0 0 0 0 0 252601 567819 844713 477998 351125 339783 2.1784e+06 2.13404e+06 4.81314e+06 1.55562e+06 2.62356e+06 3.21686e+06 3.843e+06 1.13348e+06 3.07943e+06 1.97215e+06 2.03268e+06 2.025e+06 2.42433e+06 2.27542e+06
reclaspred
 4.19751e+06 2.89569e+06 2.05118e+06 2.14211e+06 2.22289e+06 2.55081e+06 2.13919e+06 3.00286e+06 3.13601e+06 3.32888e+06 2.43684e+06 2.45106e+06 2.2643e+06 2.12217e+06 2.18948e+06 2.23976e+06 2.3367e+06 2.70692e+06 1.57338e+06 1.16666e+06 1.86969e+06 1.1809e+06 1.47277e+06 2.19714e+06 1.93991e+06 2.32742e+06 2.50041e+06 2.09254e+06 2.50488e+06
pelacesobs
 0 0 0 0 0 0 0 0 0 0 0 0 0 0 0 552880 188675 0 991730 2.46772e+06 1.41603e+06 1.21717e+06 2.29649e+06 1.80582e+06 0 1.4828e+06 1.56532e+06 1.57751e+06 1.42118e+06
pelacespred
 2.01941e+06 1.502e+06 1.03775e+06 932853 1.04556e+06 1.18341e+06 1.01141e+06 1.5532e+06 1.71866e+06 1.70616e+06 1.39654e+06 1.17807e+06 1.14632e+06 1.17246e+06 1.21468e+06 1.0671e+06 1.06863e+06 1.17671e+06 780352 511369 739931 528719 681539 1.08289e+06 974452 1.13767e+06 1.35714e+06 1.14402e+06 1.14318e+06
mphobs
 0 0 0 0 0 0 0 0 0 0 0 0 498337 0 5186 125008 0 168611 109162 213762 579715 649985 157893 87575 83554 210694 70296 0 107559
mphpred
 3.90904e+06 2.85632e+06 1.96868e+06 1.57672e+06 1.76169e+06 1.89495e+06 1.93938e+06 1.77703e+06 2.48555e+06 2.83066e+06 2.27577e+06 2.05334e+06 1.93507e+06 1.67285e+06 1.62857e+06 2.01776e+06 1.70793e+06 2.12051e+06 1.55578e+06 935811 1.08098e+06 1.06084e+06 722624 1.26373e+06 1.70713e+06 1.41621e+06 1.87782e+06 1.73073e+06 1.92348e+06
desembarqueobs
 494567 514787 250237 358949 120608 361735 552515 73892 212993 205616 52469 317467 293654 387597 252695 516296 358380 742168 942051 627588 828172 859565 418607 520667 417249 300574 415391 372974 316634
desembarquepred
 494367 505198 260958 358668 120524 361451 552057 73844.1 212883 205517 52437.2 317354 293542 387471 252569 515970 358073 740901 939021 625795 826397 857078 418140 520194 416883 300353 415073 372648 316408
Reclutas
 327765 327765 327765 327765 327765 327765 327765 327765 327765 327765 327765 327765 327765 327765 327765 327765 327765 327765 327765 327765 327765 327765 327765 327765 327765 327765 327765 327765 327765
log_desv_Rt
 0 0 0 0 0 0 0 0 0 0 0 0 0 0 0 0 0 0 0 0 0 0 0 0 0 0 0 0 0
SSB
 3.90904e+06 2.85632e+06 1.96868e+06 1.57672e+06 1.76169e+06 1.89495e+06 1.93938e+06 1.77703e+06 2.48555e+06 2.83066e+06 2.27577e+06 2.05334e+06 1.87095e+06 1.65334e+06 1.59282e+06 1.96924e+06 1.70793e+06 2.12051e+06 1.60464e+06 964206 1.14371e+06 1.19126e+06 830728 1.39369e+06 1.76986e+06 1.5493e+06 1.94417e+06 1.73073e+06 1.98922e+06
BT
 5.45687e+06 4.3922e+06 2.87981e+06 2.91395e+06 2.90398e+06 3.7143e+06 3.21822e+06 5.14145e+06 5.30714e+06 4.82825e+06 3.82665e+06 3.4736e+06 3.51758e+06 4.05958e+06 4.09836e+06 3.37594e+06 3.3953e+06 3.93679e+06 3.26768e+06 2.10965e+06 3.03927e+06 2.37218e+06 2.68908e+06 4.05498e+06 3.06323e+06 3.82076e+06 4.60128e+06 3.82379e+06 3.36294e+06
Ftot
 0.111992 0.165163 0.120894 0.158685 0.0518212 0.134572 0.242784 0.023558 0.0648386 0.0589712 0.0206162 0.123044 0.123222 0.172989 0.109851 0.217206 0.145461 0.257118 0.545971 0.494578 0.410266 0.65642 0.267387 0.223562 0.202928 0.122744 0.157443 0.16883 0.120076
BD_Bspro_t
 0.982241 0.884457 0.804391 0.791388 0.794954 0.840075 0.808562 0.75817 0.86302 0.892633 0.8953 0.916713 0.861515 0.821775 0.805805 0.81938 0.746641 0.778341 0.667659 0.521285 0.513048 0.505539 0.451123 0.611966 0.690207 0.709624 0.786252 0.786177 0.802266
BD_Bspro
 1.67811 1.22619 0.845134 0.676872 0.756276 0.813483 0.83256 0.762862 1.06702 1.21518 0.976969 0.88148 0.803183 0.709764 0.683784 0.845375 0.733198 0.910317 0.688856 0.413925 0.490985 0.511398 0.356624 0.598298 0.759784 0.665099 0.834614 0.742986 0.853952
BD_Bo
 1.14695 0.838075 0.57763 0.462626 0.516897 0.555997 0.569036 0.521399 0.729285 0.830546 0.667736 0.602472 0.548957 0.485107 0.467351 0.577794 0.501124 0.622181 0.470817 0.282908 0.335577 0.349529 0.243744 0.408923 0.519295 0.45458 0.57044 0.507814 0.583657
BD_Brms
 4.86646 3.55591 2.45085 1.9629 2.19317 2.35907 2.41439 2.21227 3.09432 3.52396 2.83317 2.55626 2.3292 2.05829 1.98295 2.45155 2.12624 2.63988 1.99765 1.20036 1.42384 1.48303 1.03419 1.73504 2.20334 1.92876 2.42035 2.15463 2.47643
Sel_flota
 0.5 1 1 1 1
 0.5 1 1 1 1
 0.5 1 1 1 1
 0.5 1 1 1 1
 0.5 1 1 1 1
 0.5 1 1 1 1
 0.5 1 1 1 1
 0.5 1 1 1 1
 0.5 1 1 1 1
 0.5 1 1 1 1
 0.5 1 1 1 1
 0.5 1 1 1 1
 0.5 1 1 1 1
 0.5 1 1 1 1
 0.5 1 1 1 1
 0.5 1 1 1 1
 0.5 1 1 1 1
 0.5 1 1 1 1
 0.5 1 1 1 1
 0.5 1 1 1 1
 0.5 1 1 1 1
 0.5 1 1 1 1
 0.5 1 1 1 1
 0.5 1 1 1 1
 0.5 1 1 1 1
 0.5 1 1 1 1
 0.5 1 1 1 1
 0.5 1 1 1 1
 0.5 1 1 1 1
Sel_reclas
 0.5 1 1 1 1
 0.5 1 1 1 1
 0.5 1 1 1 1
 0.5 1 1 1 1
 0.5 1 1 1 1
 0.5 1 1 1 1
 0.5 1 1 1 1
 0.5 1 1 1 1
 0.5 1 1 1 1
 0.5 1 1 1 1
 0.5 1 1 1 1
 0.5 1 1 1 1
 0.5 1 1 1 1
 0.5 1 1 1 1
 0.5 1 1 1 1
 0.5 1 1 1 1
 0.5 1 1 1 1
 0.5 1 1 1 1
 0.5 1 1 1 1
 0.5 1 1 1 1
 0.5 1 1 1 1
 0.5 1 1 1 1
 0.5 1 1 1 1
 0.5 1 1 1 1
 0.5 1 1 1 1
 0.5 1 1 1 1
 0.5 1 1 1 1
 0.5 1 1 1 1
 0.5 1 1 1 1
Sel_pelaces
 0.5 1 1 1 1
 0.5 1 1 1 1
 0.5 1 1 1 1
 0.5 1 1 1 1
 0.5 1 1 1 1
 0.5 1 1 1 1
 0.5 1 1 1 1
 0.5 1 1 1 1
 0.5 1 1 1 1
 0.5 1 1 1 1
 0.5 1 1 1 1
 0.5 1 1 1 1
 0.5 1 1 1 1
 0.5 1 1 1 1
 0.5 1 1 1 1
 0.5 1 1 1 1
 0.5 1 1 1 1
 0.5 1 1 1 1
 0.5 1 1 1 1
 0.5 1 1 1 1
 0.5 1 1 1 1
 0.5 1 1 1 1
 0.5 1 1 1 1
 0.5 1 1 1 1
 0.5 1 1 1 1
 0.5 1 1 1 1
 0.5 1 1 1 1
 0.5 1 1 1 1
 0.5 1 1 1 1
pf_obs 
 0.8446 0.082 0.0669 0.0065 0
 0.8095 0.147 0.0364 0.0071 0
 0.9664 0.0169 0.016 0.0007 0
 0.9276 0.0648 0.0075 0.0001 0
 0.7033 0.2144 0.0806 0.0017 0
 0.9318 0.0425 0.0243 0.0014 0
 0.5671 0.3108 0.0964 0.0239 0.0018
 0.0768 0.2599 0.5324 0.112 0.0189
 0.490249 0.384438 0.106611 0.0170017 0.00170017
 0.7925 0.1577 0.0466 0.003 0.0002
 0.840416 0.127587 0.0312969 0.00059994 9.999e-05
 0.8084 0.0986 0.0794 0.0134 0.0002
 0.7335 0.1905 0.0724 0.0035 0.0001
 0.4001 0.4547 0.1325 0.0127 0
 0.49795 0.308269 0.164784 0.0264974 0.00249975
 0.9179 0.0499 0.0305 0.0017 0
 0.2467 0.6533 0.0926 0.0074 0
 0.9418 0.0223 0.034 0.0019 0
 0.707729 0.231977 0.0356964 0.0245975 0
 0.517169 0.277429 0.184464 0.0207286 0.00020938
 0.811772 0.124168 0.05621 0.00726502 0.000585176
 0.764997 0.148141 0.077277 0.00933861 0.000247198
 0.163321 0.427699 0.378323 0.0303852 0.000271297
 0.753843 0.0900009 0.118128 0.0371064 0.000921714
 0.721811 0.176058 0.0630433 0.0369309 0.00215725
 0.143369 0.312575 0.442814 0.0836902 0.0175525
 0.692698 0.0596174 0.167031 0.0765114 0.00414204
 0.394062 0.376323 0.152708 0.0712218 0.00568511
 0.125707 0.32114 0.495352 0.0537591 0.00404204
pf_pred 
 0.431488 0.0410458 0.500843 0.013274 0.013349
 0.475879 0.320089 0.0147308 0.179746 0.00955465
 0.498163 0.329198 0.105434 0.00485216 0.0623534
 0.500898 0.335855 0.107088 0.0342975 0.021862
 0.502009 0.337536 0.107973 0.0344274 0.0180546
 0.490642 0.342188 0.113308 0.0362455 0.0176177
 0.504608 0.330509 0.110768 0.0366783 0.0174358
 0.514259 0.333477 0.101585 0.0340456 0.0166325
 0.486866 0.349299 0.112478 0.0342635 0.0170931
 0.483685 0.340338 0.11979 0.0385737 0.0176125
 0.479738 0.341246 0.118002 0.0415335 0.0194808
 0.477841 0.339288 0.119948 0.0414774 0.0214464
 0.492607 0.332298 0.113773 0.0402218 0.0211001
 0.500128 0.333995 0.108635 0.0371946 0.0200474
 0.506858 0.334381 0.106078 0.0345029 0.0181803
 0.504961 0.336533 0.107477 0.0340957 0.0169334
 0.516776 0.331086 0.103425 0.0330304 0.0156826
 0.515315 0.334755 0.102726 0.0320898 0.0151142
 0.544712 0.317156 0.0954026 0.0292761 0.0134528
 0.592287 0.30124 0.0741701 0.0223108 0.00999257
 0.592845 0.314179 0.0686958 0.016914 0.00736658
 0.59191 0.313132 0.0732738 0.0160214 0.0056628
 0.608498 0.30556 0.0659439 0.0154311 0.00456658
 0.5562 0.342177 0.0793148 0.0171172 0.00519082
 0.535598 0.33817 0.0973269 0.0225599 0.00634516
 0.522791 0.338883 0.100727 0.0289896 0.00860958
 0.508904 0.340993 0.106594 0.031683 0.0118266
 0.510299 0.335284 0.10722 0.0335168 0.0136809
 0.509986 0.336448 0.105142 0.0336232 0.0148008
pobs_RECLAS
 0 0 0 0 0
 0 0 0 0 0
 0 0 0 0 0
 0 0 0 0 0
 0 0 0 0 0
 0 0 0 0 0
 0 0 0 0 0
 0 0 0 0 0
 0 0 0 0 0
 0 0 0 0 0
 0.991045 0.00858322 0.000360255 1.14367e-05 0
 0.934742 0.0480273 0.0164251 0.00080598 0
 0.827803 0.169806 0.00239088 0 0
 0.941827 0.0461693 0.0120037 0 0
 0.791401 0.0380133 0.147996 0.0225897 0
 0.846168 0.0940531 0.0597789 0 0
 0.134021 0.677848 0.182769 0.00536245 0
 0.80878 0.0450904 0.141981 0.00414843 0
 0.846168 0.0940531 0.0597789 0 0
 0.905697 0.0802665 0.012482 0.00150086 5.37128e-05
 0.989698 0.0102097 9.19794e-05 0 0
 0.975433 0.0193895 0.00387452 0.00125025 5.28907e-05
 0.303575 0.632131 0.0575291 0.00676475 0
 0.966965 0.00978017 0.0227588 0.000495775 0
 0.843318 0.132988 0.00938335 0.0141283 0.000182051
 0.564624 0.303363 0.111486 0.0197234 0.00080311
 0.826376 0.0876187 0.0782897 0.00655872 0.00115652
 0.89761 0.0855135 0.0140674 0.00269457 0.000114338
 0.34875 0.467042 0.161289 0.0227151 0.000203297
ppred_RECLAS
 0.432706 0.0409579 0.49977 0.0132456 0.0133204
 0.477769 0.318935 0.0146777 0.179098 0.0095202
 0.49951 0.328314 0.105151 0.00483914 0.0621861
 0.50271 0.334635 0.106699 0.034173 0.0217826
 0.50256 0.337162 0.107854 0.0343893 0.0180346
 0.492154 0.341171 0.112971 0.0361379 0.0175654
 0.50753 0.32856 0.110115 0.036462 0.017333
 0.514505 0.333309 0.101534 0.0340284 0.0166241
 0.487561 0.348826 0.112326 0.0342171 0.01707
 0.484315 0.339923 0.119644 0.0385267 0.017591
 0.479952 0.341106 0.117953 0.0415165 0.0194728
 0.479211 0.338397 0.119633 0.0413686 0.0213902
 0.493982 0.331398 0.113464 0.0401128 0.021043
 0.502121 0.332663 0.108202 0.0370463 0.0199674
 0.508073 0.333557 0.105817 0.0344179 0.0181355
 0.507534 0.334784 0.106918 0.0339185 0.0168454
 0.518421 0.329959 0.103073 0.032918 0.0156292
 0.518432 0.332602 0.102065 0.0318834 0.015017
 0.552399 0.311801 0.0937918 0.0287818 0.0132256
 0.598886 0.296364 0.0729696 0.0219497 0.00983083
 0.598081 0.310138 0.0678123 0.0166965 0.00727184
 0.601382 0.305864 0.071573 0.0156496 0.00553136
 0.611606 0.303135 0.0654205 0.0153086 0.00453034
 0.558824 0.340154 0.0788458 0.017016 0.00516013
 0.537968 0.336444 0.0968302 0.0224447 0.00631277
 0.524157 0.337913 0.100438 0.0289066 0.00858493
 0.5107 0.339746 0.106204 0.0315671 0.0117833
 0.512238 0.333956 0.106795 0.0333841 0.0136268
 0.511323 0.335531 0.104855 0.0335314 0.0147604
pobs_PELACES
 0 0 0 0 0
 0 0 0 0 0
 0 0 0 0 0
 0 0 0 0 0
 0 0 0 0 0
 0 0 0 0 0
 0 0 0 0 0
 0 0 0 0 0
 0 0 0 0 0
 0 0 0 0 0
 0 0 0 0 0
 0 0 0 0 0
 0 0 0 0 0
 0 0 0 0 0
 0 0 0 0 0
 0 0 0 0 0
 0.505614 0.472636 0.0217494 0 0
 0 0 0 0 0
 0.443492 0.261883 0.143347 0.151278 0
 0.227955 0.32914 0.350689 0.0885471 0.00366901
 0.970185 0.0296113 0.000203453 0 0
 0.997202 0.00247181 0.000326279 0 0
 0.445219 0.490057 0.0546422 0.010081 0
 0.90214 0.0892962 0.00764917 0.000914606 0
 0 0 0 0 0
 0.581667 0.319106 0.0959925 0.00289975 0.000334073
 0.762889 0.0836404 0.116647 0.0363945 0.000428098
 0.88444 0.0763242 0.0277011 0.0115352 0
 0.521256 0.241999 0.230069 0.00667565 0
ppred_PELACES
 0.437247 0.04063 0.495769 0.0131395 0.0132138
 0.484572 0.31478 0.0144865 0.176765 0.00939618
 0.504497 0.325043 0.104103 0.00479092 0.0615665
 0.509254 0.330231 0.105295 0.0337233 0.0214959
 0.504698 0.335714 0.10739 0.0342416 0.0179571
 0.497705 0.337443 0.111736 0.0357429 0.0173734
 0.517538 0.321883 0.107877 0.035721 0.0169808
 0.515476 0.332642 0.101331 0.0339604 0.0165908
 0.490234 0.347006 0.11174 0.0340386 0.0169809
 0.486745 0.338321 0.11908 0.0383451 0.0175081
 0.480801 0.340549 0.117761 0.0414487 0.019441
 0.48428 0.335103 0.118468 0.0409659 0.021182
 0.499065 0.328069 0.112325 0.0397099 0.0208316
 0.509256 0.327896 0.106651 0.0365154 0.0196813
 0.512602 0.330486 0.104842 0.034101 0.0179685
 0.516488 0.328696 0.104974 0.0333017 0.0165391
 0.52441 0.325855 0.101791 0.0325086 0.0154348
 0.529014 0.325293 0.0998226 0.0311828 0.014687
 0.574554 0.296369 0.0891495 0.0273572 0.012571
 0.618322 0.282004 0.0694339 0.0208862 0.00935449
 0.61424 0.297669 0.0650859 0.0160252 0.00697948
 0.62704 0.286177 0.0669662 0.0146423 0.00517533
 0.622033 0.294997 0.0636641 0.0148976 0.00440871
 0.567898 0.333158 0.0772242 0.016666 0.005054
 0.546279 0.330392 0.0950884 0.022041 0.00619922
 0.529206 0.334328 0.0993727 0.0285999 0.00849385
 0.517189 0.33524 0.104795 0.0311485 0.0116271
 0.519196 0.329192 0.105272 0.0329079 0.0134324
 0.516272 0.332132 0.103793 0.0331918 0.0146109
pobs_pel_tallas
 0 0 0 0 0 0 0 0 0 0 0 0 0 0 0 0 0 0 0 0 0 0 0 0 0 0
 0 0 0 0 0 0 0 0 0 0 0 0 0 0 0 0 0 0 0 0 0 0 0 0 0 0
 0 0 0 0 0 0 0 0 0 0 0 0 0 0 0 0 0 0 0 0 0 0 0 0 0 0
 0 0 0 0 0 0 0 0 0 0 0 0 0 0 0 0 0 0 0 0 0 0 0 0 0 0
 0 0 0 0 0 0 0 0 0 0 0 0 0 0 0 0 0 0 0 0 0 0 0 0 0 0
 0 0 0 0 0 0 0 0 0 0 0 0 0 0 0 0 0 0 0 0 0 0 0 0 0 0
 0 0 0 0 0 0 0 0 0 0 0 0 0 0 0 0 0 0 0 0 0 0 0 0 0 0
 0 0 0 0 0 0 0 0 0 0 0 0 0 0 0 0 0 0 0 0 0 0 0 0 0 0
 0 0 0 0 0 0 0 0 0 0 0 0 0 0 0 0 0 0 0 0 0 0 0 0 0 0
 0 0 0 0 0 0 0 0 0 0 0 0 0 0 0 0 0 0 0 0 0 0 0 0 0 0
 0 0 0 0 0 0 0 0 0 0 0 0 0 0 0 0 0 0 0 0 0 0 0 0 0 0
 0 0 0 0 0 0 0 0 0 0 0 0 0 0 0 0 0 0 0 0 0 0 0 0 0 0
 0.00862536 0 0 0.000197151 0.00414017 0.0128641 0.00837892 0.0270097 0.101434 0.158115 0.152841 0.127902 0.109271 0.109419 0.0830992 0.0579132 0.0238553 0.00714673 0.00463305 0.00128148 0.00103504 0.000492878 0.000147863 0.000147863 4.92878e-05 0
 0 0 0 0 0 0 0 0 0 0 0 0 0 0 0 0 0 0 0 0 0 0 0 0 0 0
 0 0 0 0 0 0 0 0.0054083 0.00873648 0.0413646 0.0450493 0.0745869 0.0622846 0.0627006 0.0613931 0.0827291 0.12552 0.122667 0.0946155 0.0697135 0.0546179 0.0294188 0.0215738 0.0213955 0.0102223 0.00600262
 0 0 0 0 0.00359764 0.0251062 0.0480494 0.140153 0.205849 0.193036 0.1447 0.116669 0.0760912 0.0342217 0.00950174 0.001854 0.000860785 0 0 0 0.000165536 0 0.000143464 0 0 0
 0 0 0 0 0 0 0 0.000145254 0.000435761 0.0275982 0.070085 0.0708112 0.156366 0.174668 0.174014 0.160142 0.0824315 0.0480064 0.0283245 0.00493863 0.00203355 0 0 0 0 0
 0 0 0 0 0 0 0 0 0 0 0 0 0 0 0 0 0 0 0 0 0 0 0 0 0 0
 0 0 1.00437e-05 0.000401748 0.00122533 0.00171747 0.00176769 0.0269171 0.070346 0.194647 0.189555 0.159765 0.064822 0.0314167 0.0384472 0.0292271 0.0345202 0.0313363 0.0194345 0.0106764 0.0143323 0.0359363 0.0279516 0.0138201 0.00172751 0
 0 0.0021121 0.0136068 0.0755702 0.200478 0.177729 0.0527432 0.0373336 0.0318909 0.0142505 0.0149659 0.0166563 0.0217959 0.0798694 0.0677717 0.0528807 0.04013 0.0224614 0.0357745 0.0225083 0.00881397 0.00855152 0.00135912 0.000746735 0 0
 0 0 0 0 5.4009e-05 0.00500934 0.000945158 0.0243581 0.138947 0.33067 0.221406 0.137944 0.0707744 0.0437923 0.0131692 0.00525238 0.0047753 0.00276346 9.45158e-05 9.00151e-06 2.25038e-05 9.00151e-06 4.50075e-06 0 0 0
 0.000866109 0.00284123 0.00948549 0.0512746 0.133035 0.25785 0.225252 0.132002 0.0553304 0.0519788 0.0540692 0.017754 0.00435017 0.00159236 0.00146478 0.000404838 0.000125132 0.000115318 0.000107957 0.000100596 0 0 0 0 0 0
 0 0 0 0 0.00144013 0.00171154 0.00461396 0.0210425 0.0478622 0.0707936 0.0888783 0.103762 0.0637923 0.0337046 0.0602308 0.124433 0.169614 0.0934646 0.0462172 0.0250306 0.0313229 0.00938855 0.002487 0.000210481 0 0
 0 0.00764035 0.051015 0.0998891 0.058973 0.0496711 0.0374665 0.0718981 0.12319 0.153886 0.159021 0.0857701 0.0377988 0.023471 0.0147837 0.00900784 0.00315554 0.000888139 0.00291439 0.00214683 0.00393193 0.00274676 0.000635225 9.99891e-05 0 0
 0 0 0 0 0 0 0 0 0 0 0 0 0 0 0 0 0 0 0 0 0 0 0 0 0 0
 0 0 0 0 0 0 0 0 0 0 0 0 0 0 0 0 0 0 0 0 0 0 0 0 0 0
 0 0 0 0 0 0 0 0 0 0 0 0 0 0 0 0 0 0 0 0 0 0 0 0 0 0
 0 0 0 0 0 0 0 0 0 0 0 0 0 0 0 0 0 0 0 0 0 0 0 0 0 0
 0 0 0 0 0 0 0 0 0 0 0 0 0 0 0 0 0 0 0 0 0 0 0 0 0 0
ppred_pel_tallas
 1.17872e-16 3.60155e-05 0.000350083 0.00232643 0.0105756 0.0329046 0.070107 0.102324 0.102329 0.0701302 0.0329848 0.0108169 0.0029686 0.00187276 0.00328105 0.00628613 0.011186 0.0184988 0.0286097 0.0414348 0.0560038 0.07022 0.0811688 0.0860765 0.0834962 0.0740122
 1.19816e-16 3.99136e-05 0.000387975 0.00257823 0.0117203 0.0364663 0.0776964 0.113407 0.113437 0.0778447 0.0369644 0.0131594 0.00619225 0.00828392 0.0150582 0.0249004 0.0360592 0.0458297 0.0515778 0.0523204 0.0494258 0.0457329 0.0437307 0.044167 0.0459442 0.0470765
 1.13987e-16 4.15548e-05 0.000403928 0.00268424 0.0122022 0.0379657 0.0808912 0.11807 0.118101 0.0810448 0.0384818 0.0136941 0.00643414 0.0086066 0.0156694 0.0259702 0.0377203 0.0481075 0.0542989 0.0550278 0.0513352 0.0457875 0.0408181 0.0374988 0.0354659 0.0336796
 1.10143e-16 4.19467e-05 0.000407737 0.00270956 0.0123173 0.0383238 0.081654 0.119183 0.119215 0.0818101 0.0388481 0.0138331 0.00651959 0.0087421 0.0159209 0.0263876 0.0383252 0.0488706 0.0551298 0.0557836 0.0518358 0.0458226 0.0401474 0.0358691 0.0326673 0.0296348
 1.09658e-16 4.15713e-05 0.000404088 0.00268531 0.0122071 0.0379808 0.0809234 0.118117 0.118149 0.0810821 0.0385139 0.013748 0.0065585 0.00887649 0.0161831 0.0268226 0.0389534 0.0496622 0.0560011 0.0566198 0.0525283 0.046296 0.0403642 0.0358196 0.0323608 0.0291013
 1.09836e-16 4.09953e-05 0.000398489 0.0026481 0.0120379 0.0374546 0.0798022 0.11648 0.116513 0.0799617 0.0379905 0.0135873 0.00654268 0.00891867 0.0162764 0.0269862 0.0392086 0.0500238 0.0564758 0.0572088 0.0532296 0.0471007 0.0412474 0.0367347 0.0332441 0.0298874
 1.09652e-16 4.2629e-05 0.000414369 0.00275363 0.0125176 0.0389471 0.0829821 0.121121 0.121152 0.0831343 0.0394584 0.0139957 0.00646926 0.00854353 0.0155344 0.025754 0.0374269 0.0477702 0.0539692 0.0547354 0.0510297 0.0452907 0.0398194 0.0356137 0.0323516 0.0291724
 1.09223e-16 4.24591e-05 0.000412718 0.00274266 0.0124677 0.0387919 0.0826515 0.120639 0.120671 0.0828086 0.0393199 0.013994 0.00657855 0.00880224 0.0160223 0.0265443 0.0385262 0.0490701 0.0552456 0.0557116 0.0514779 0.0451138 0.0390718 0.0344615 0.0310056 0.0278269
 1.09601e-16 4.038e-05 0.000392508 0.00260836 0.0118572 0.0368924 0.0786045 0.114733 0.114766 0.0787685 0.0374434 0.0134501 0.00661189 0.00915001 0.016725 0.0277245 0.0402619 0.051326 0.0578657 0.058479 0.0542018 0.0476834 0.0414458 0.0366202 0.0329137 0.0294353
 1.10332e-16 4.00926e-05 0.000389715 0.00258979 0.0117728 0.0366299 0.078045 0.113916 0.113949 0.078205 0.0371674 0.0133271 0.00649726 0.00894 0.0163385 0.0271055 0.0394165 0.0503609 0.0569902 0.0579513 0.0542413 0.0483941 0.0427885 0.0384368 0.0349818 0.031526
 1.10933e-16 3.9603e-05 0.000384955 0.00255816 0.0116291 0.0361825 0.0770919 0.112525 0.112558 0.0772529 0.0367236 0.0131934 0.00649098 0.00899051 0.016443 0.0272791 0.0396677 0.0506818 0.0573586 0.0583462 0.0546622 0.0488715 0.043375 0.0391828 0.0359074 0.0326047
 1.11198e-16 3.98896e-05 0.000387741 0.00257668 0.0117132 0.0364443 0.0776497 0.113339 0.113371 0.0778082 0.0369769 0.0132529 0.00644766 0.00885874 0.016189 0.0268621 0.0390751 0.0499542 0.0565913 0.0576614 0.0541654 0.0486176 0.0433632 0.0393733 0.0362455 0.0330358
 1.10833e-16 4.11074e-05 0.000399578 0.00265534 0.0120708 0.0375569 0.0800202 0.116798 0.11683 0.0801753 0.0380782 0.0135777 0.00644373 0.00868892 0.0158412 0.0262749 0.0382048 0.0488088 0.0552338 0.0561817 0.0526405 0.0470905 0.0418525 0.0379007 0.034853 0.031781
 1.10155e-16 4.19468e-05 0.000407738 0.00270956 0.0123173 0.0383239 0.0816542 0.119183 0.119215 0.0818092 0.0388446 0.0138227 0.0064936 0.00868589 0.0158158 0.0262182 0.0380914 0.0485984 0.0548716 0.0556039 0.0517879 0.0459285 0.0403905 0.0362014 0.0330254 0.029958
 1.09571e-16 4.22224e-05 0.000410417 0.00272737 0.0123982 0.0385757 0.0821907 0.119966 0.119998 0.0823469 0.0391004 0.0139151 0.00653999 0.00875016 0.0159306 0.0264008 0.0383381 0.0488728 0.0551027 0.0557 0.0516624 0.0455242 0.0396935 0.0352421 0.0318708 0.0286999
 1.09252e-16 4.25425e-05 0.000413529 0.00274804 0.0124922 0.0388681 0.0828139 0.120876 0.120908 0.0829692 0.03939 0.0140009 0.00654014 0.00870843 0.0158455 0.0262592 0.0381326 0.04861 0.0548026 0.0553856 0.0513452 0.0451962 0.0393305 0.0348174 0.0313709 0.0281335
 1.08893e-16 4.31951e-05 0.000419871 0.00279019 0.0126838 0.0394643 0.084084 0.12273 0.122761 0.084238 0.0399816 0.0141792 0.0065486 0.00864043 0.0157027 0.0260159 0.0377673 0.0481195 0.0542027 0.0546999 0.0505912 0.044379 0.038451 0.0338864 0.0304177 0.0272028
 1.08577e-16 4.35743e-05 0.000423557 0.00281469 0.0127952 0.0398107 0.0848222 0.123807 0.123838 0.0849759 0.0403271 0.0142878 0.00656582 0.00862764 0.01567 0.0259564 0.03767 0.0479724 0.0539922 0.0544105 0.0502058 0.0438841 0.0378439 0.0331822 0.029651 0.0264222
 1.0752e-16 4.73253e-05 0.000460019 0.00305699 0.0138966 0.0432378 0.0921237 0.134463 0.134492 0.0922637 0.0437081 0.0152562 0.00647379 0.00793233 0.0142782 0.0236345 0.034289 0.043644 0.0490772 0.0493826 0.0454523 0.0395768 0.033956 0.0296082 0.0263252 0.0233645
 1.05754e-16 5.09304e-05 0.000495062 0.00328986 0.0149552 0.0465315 0.0991412 0.144705 0.144732 0.0992743 0.0469785 0.016247 0.00653495 0.00758757 0.0135459 0.0223796 0.03239 0.0410632 0.0458671 0.0456362 0.0412407 0.0349322 0.028919 0.0242963 0.0209623 0.018244
 1.04743e-16 5.05942e-05 0.000491794 0.00326814 0.0148565 0.0462243 0.0984868 0.14375 0.143779 0.0986272 0.0466958 0.0162189 0.00668986 0.00796772 0.0142673 0.0235554 0.0340423 0.043051 0.047881 0.0472821 0.0421748 0.0349716 0.0280731 0.0227254 0.0189066 0.015962
 1.0435e-16 5.16485e-05 0.000502042 0.00333624 0.0151661 0.0471875 0.100539 0.146745 0.146773 0.100674 0.047641 0.0164764 0.00662726 0.00769334 0.0137297 0.02267 0.0327776 0.0414819 0.0461888 0.0456918 0.0408603 0.0339887 0.027358 0.0221493 0.0183459 0.0153452
 1.04153e-16 5.12361e-05 0.000498033 0.00330961 0.015045 0.0468107 0.0997363 0.145574 0.145602 0.0998754 0.047278 0.016395 0.00670007 0.00790528 0.0141361 0.0233335 0.0337128 0.0426148 0.0473557 0.0466887 0.0415204 0.034241 0.0272375 0.0217632 0.017822 0.0147932
 1.04841e-16 4.67771e-05 0.00045469 0.00302157 0.0137357 0.0427369 0.0910567 0.132907 0.132939 0.0912138 0.0432648 0.0152609 0.00685252 0.00882555 0.0159677 0.0263841 0.0381439 0.0482622 0.0537164 0.0530987 0.0474202 0.0393539 0.0315608 0.0254255 0.0209396 0.0174118
 1.06089e-16 4.49964e-05 0.000437381 0.00290655 0.0132128 0.04111 0.0875904 0.127847 0.127879 0.0877464 0.0416341 0.0147276 0.00671287 0.00875941 0.0158877 0.026293 0.0381028 0.0483999 0.0542265 0.0542022 0.0492982 0.0420745 0.0350341 0.0294079 0.0250893 0.0213745
 1.07259e-16 4.35901e-05 0.000423711 0.00281571 0.0127998 0.0398252 0.0848529 0.123852 0.123884 0.0850109 0.0403557 0.0143333 0.00666919 0.00885025 0.0160895 0.0266415 0.0386359 0.0491388 0.0551773 0.0553731 0.0507174 0.0437895 0.0370851 0.0317897 0.0277256 0.0241199
 1.08202e-16 4.26003e-05 0.00041409 0.00275177 0.0125092 0.0389209 0.0829263 0.12104 0.121073 0.0830847 0.0394531 0.0140475 0.006618 0.00887011 0.0161494 0.0267552 0.0388313 0.0494525 0.0556552 0.05607 0.0516906 0.0450832 0.0387099 0.0337062 0.0298414 0.0263041
 1.08696e-16 4.27655e-05 0.000415696 0.00276245 0.0125577 0.0390719 0.0832479 0.121509 0.121541 0.0834035 0.0395945 0.0140687 0.0065601 0.00872259 0.0158681 0.0262948 0.0381798 0.0486597 0.0548352 0.0553715 0.0512474 0.0449751 0.0389503 0.0342553 0.030627 0.0272376
 1.08882e-16 4.25247e-05 0.000413355 0.00274689 0.012487 0.0388518 0.0827792 0.120825 0.120857 0.0829361 0.0393791 0.0140112 0.00657766 0.00879215 0.0160033 0.0265159 0.0384921 0.0490401 0.055233 0.0557263 0.0515159 0.0451503 0.0390628 0.0343563 0.0307648 0.0274396
pSPR Fmed_Fpbrs
0.599947   0.285685 0.285685
Fs Fmed_Fpbrs
0.34   1.005 1.005
SSBpbr Bo_Bmed_Bpbrs
3.40819e+06  1.87433e+06  803261 803261
Ro
327765
SPR SPRFo_SPRFmed_SPRFpbrs
2.32942e+06 1.39753e+06 665482
Fref
1.005
Nvult_r0
 254813 95894.4 29967.4 9583.26 4218.51
CTP_r0
 85220.4 48066.8 15021.1 4803.58 2114.51
YTP_r0
1.9644e+06
Np
 327765 72951.6 15290.9 4868.59 1726.34
Nvult_p0
 254813 63127.9 13231.8 4212.99 1493.87
CTP_p0
 85220.4 49252.9 15682 4900.7 2078.5
 85220.4 31642.7 6632.41 2111.75 748.797
YTP_p0
 2.10625e+06 1.4469e+06
CBA_c0
2.00696e+06
log_Ro
12.5201
likeval ReclasPelacesDesembMPH_pf_preclas_ppelaces_ptallas_desvR_qrecl_qpela
 122.185 50.3847 10.7945 0.00500957 225.167 139.555 92.7098 0 0 0 0 53.2285 0 0 0
q_reclas_q_pelaces
1 1
M
1
N
 327765 15952.8 194657 5159.04 5188.2
 327765 114012 5246.93 64023.2 3403.24
 327765 111020 35557 1636.37 21028.4
 327765 113505 36191.4 11591.2 7388.46
 327765 111381 35629.1 11360.4 5957.68
 327765 117494 38905.4 12445.3 6049.23
 327765 112732 37781.3 12510.4 5947.09
 327765 106794 32532.1 10902.9 5326.46
 327765 119166 38372.7 11689.2 5831.44
 327765 116732 41086.5 13230.3 6040.84
 327765 117075 40484 14249.3 6683.46
 327765 119341 42190.5 14589.3 7543.6
 327765 113383 38820.3 13724.1 7199.57
 327765 113373 36875.7 12625.5 6804.99
 327765 110587 35082.3 11410.8 6012.6
 327765 114134 36450.4 11563.4 5742.91
 327765 108169 33790 10791.4 5123.65
 327765 112120 34406.1 10747.8 5062.2
 327765 106032 31895 9787.58 4497.52
 327765 91772.3 22595.8 6796.97 3044.22
 327765 94161.1 20588.5 5069.22 2207.8
 327765 98215.4 22982.7 5025.2 1776.16
 327765 86841.6 18741.6 4385.58 1297.84
 327765 105489 24451.7 5276.99 1600.26
 327765 107826 31032.7 7193.21 2023.15
 327765 108944 32381.5 9319.53 2767.8
 327765 113400 35448.8 10536.5 3933.05
 327765 111450 35640.5 11141.2 4547.61
 327765 110817 34630.8 11074.6 4874.97
pred_Ctot
 11334.6 1078.22 13156.4 348.689 350.66
 16533.7 11121 511.799 6245 331.961
 12213.1 8070.7 2584.84 118.957 1528.67
 15906.4 10665.3 3400.67 1089.15 694.245
 5310.65 3570.72 1142.22 364.2 190.995
 13556.6 9454.74 3130.72 1001.47 486.782
 23920.3 15667.4 5250.82 1738.69 826.524
 2428.48 1574.78 479.715 160.773 78.5435
 6626.72 4754.3 1530.94 466.36 232.654
 6034.4 4246.02 1494.49 481.241 219.731
 2126.53 1512.64 523.065 184.105 86.3524
 12424.8 8822.13 3118.87 1078.49 557.649
 12442.3 8393.21 2873.68 1015.93 532.949
 17289.2 11546.1 3755.47 1285.8 693.03
 11122.8 7337.87 2327.85 757.153 398.959
 21512.4 14337 4578.75 1452.55 721.401
 14620.6 9367.07 2926.1 934.496 443.691
 25258.6 16408.3 5035.21 1572.91 740.836
 50607.5 29466 8863.54 2719.95 1249.85
 46314.6 23555.8 5799.82 1744.62 781.38
 39073 20706.8 4527.58 1114.76 485.514
 59533.8 31494.6 7369.82 1611.42 569.56
 26212.5 13162.7 2840.69 664.729 196.716
 22113.2 13604.1 3153.37 680.537 206.375
 20157.2 12727.1 3662.9 849.041 238.8
 12395.2 8034.82 2388.2 687.334 204.131
 15785.9 10577.4 3306.48 982.79 366.855
 16888.1 11096 3548.39 1109.22 452.764
 12132.5 8004.06 2501.3 799.89 352.108
F
 0.0559958 0.111992 0.111992 0.111992 0.111992
 0.0825813 0.165163 0.165163 0.165163 0.165163
 0.0604471 0.120894 0.120894 0.120894 0.120894
 0.0793425 0.158685 0.158685 0.158685 0.158685
 0.0259106 0.0518212 0.0518212 0.0518212 0.0518212
 0.067286 0.134572 0.134572 0.134572 0.134572
 0.121392 0.242784 0.242784 0.242784 0.242784
 0.011779 0.023558 0.023558 0.023558 0.023558
 0.0324193 0.0648386 0.0648386 0.0648386 0.0648386
 0.0294856 0.0589712 0.0589712 0.0589712 0.0589712
 0.0103081 0.0206162 0.0206162 0.0206162 0.0206162
 0.061522 0.123044 0.123044 0.123044 0.123044
 0.0616111 0.123222 0.123222 0.123222 0.123222
 0.0864943 0.172989 0.172989 0.172989 0.172989
 0.0549253 0.109851 0.109851 0.109851 0.109851
 0.108603 0.217206 0.217206 0.217206 0.217206
 0.0727305 0.145461 0.145461 0.145461 0.145461
 0.128559 0.257118 0.257118 0.257118 0.257118
 0.272986 0.545971 0.545971 0.545971 0.545971
 0.247289 0.494578 0.494578 0.494578 0.494578
 0.205133 0.410266 0.410266 0.410266 0.410266
 0.32821 0.65642 0.65642 0.65642 0.65642
 0.133694 0.267387 0.267387 0.267387 0.267387
 0.111781 0.223562 0.223562 0.223562 0.223562
 0.101464 0.202928 0.202928 0.202928 0.202928
 0.0613718 0.122744 0.122744 0.122744 0.122744
 0.0787215 0.157443 0.157443 0.157443 0.157443
 0.0844152 0.16883 0.16883 0.16883 0.16883
 0.0600379 0.120076 0.120076 0.120076 0.120076
YTP_r0W_actual
 443146 985369 325957 139304 70624.7
YTP_p0W_proyectada
 642562 859463 377466 153490 73267
 642562 552165 159642 66139.9 26395.1
CTP_r0_actual
 85220.4 48066.8 15021.1 4803.58 2114.51
CTP_p0_proyectada
 85220.4 49252.9 15682 4900.7 2078.5
 85220.4 31642.7 6632.41 2111.75 748.797
Wmedp
 7.54 17.45 24.07 31.32 35.25
Frms_r0
 0.5025 1.005 1.005 1.005 1.005
Zrms_r0
 1.5025 2.005 2.005 2.005 2.005
nmprior
 7.29 8.9 8.7 0
nm_flota  nm_reclas  nm_pelaces    nm_pelaL
inf 3.87665 7.74123 9.49929
cv_recla  cv_pelaces  cv_mph
1.04865 0.869351 2.04319
 ------------------------------------------------
Talla a la edad & desviaci?n 
 8 13.2811 15.8009 17.003 17.5766
 0.8 1.32811 1.58009 1.7003 1.75766
