years
 1991 1992 1993 1994 1995 1996 1997 1998 1999 2000 2001 2002 2003 2004 2005 2006 2007 2008 2009 2010 2011 2012 2013 2014 2015 2016 2017 2018 2019
reclasobs
 0 0 0 0 0 0 0 0 0 252601 567819 844713 477998 351125 339783 2.1784e+06 2.13404e+06 4.81314e+06 1.55562e+06 2.62356e+06 3.21686e+06 3.843e+06 1.13348e+06 3.07943e+06 1.97215e+06 2.03268e+06 2.025e+06 2.42433e+06 2.27542e+06
reclaspred
 3.19772e+06 1.74712e+06 881188 910527 925877 1.59345e+06 898993 780871 553795 373023 505752 685731 662958 490584 486892 1.35855e+06 1.20701e+06 3.1311e+06 2.47701e+06 1.78951e+06 3.08369e+06 2.53873e+06 1.92704e+06 3.05784e+06 2.27135e+06 2.0224e+06 2.46663e+06 2.51179e+06 1.99181e+06
pelacesobs
 0 0 0 0 0 0 0 0 0 0 0 0 0 0 0 552880 188675 0 991730 2.46772e+06 1.41603e+06 1.21717e+06 2.29649e+06 1.80582e+06 0 1.4828e+06 1.56532e+06 1.57751e+06 1.42118e+06
pelacespred
 1.83382e+06 1.09297e+06 536728 447095 498064 876538 442113 507195 329722 202890 294896 331450 354708 264817 272311 639701 596621 1.76275e+06 1.43661e+06 949119 1.62644e+06 1.40624e+06 1.11151e+06 1.91273e+06 1.38118e+06 1.23673e+06 1.69389e+06 1.56267e+06 1.14623e+06
mphobs
 0 0 0 0 0 0 0 0 0 0 0 0 498337 0 5186 125008 0 168611 109162 213762 579715 649985 157893 87575 83554 210694 70296 0 107559
mphpred
 2.01805e+06 1.34448e+06 645425 356721 393779 475048 647514 348587 318412 200390 122005 251453 281276 219274 135518 175151 624371 551617 1.24475e+06 868020 885504 1.02918e+06 956326 793809 1.22306e+06 950366 831888 942895 1.2151e+06
desembarqueobs
 494567 514787 250237 358949 120608 361735 552515 73892 212993 205616 52469 317467 293654 387597 252695 516296 358380 742168 942051 627588 828172 859565 418607 520667 417249 300574 415391 372974 316634
desembarquepred
 494571 513920 250652 358980 120613 361742 552540 73897.2 213054 205672 52471.8 317528 293690 387580 252671 516226 358407 742013 941741 627364 828253 859545 418608 520692 417237 300570 415378 372939 316623
Reclutas
 167483 95112.2 93691.7 144816 116833 210770 84649.4 36256 34894.4 46294 87471.6 126247 103882 74407.7 68399.2 365126 73034.9 593565 328357 261561 356921 503914 97649.8 286159 246358 110827 247384 253815 85391.1
log_desv_Rt
 0.183204 -0.382619 -0.397668 0.03779 -0.17693 0.413092 -0.499159 -1.34707 -1.38535 -1.10266 -0.466362 -0.0994338 -0.294418 -0.628117 -0.712316 0.962566 -0.64674 1.44847 0.856425 0.628991 0.939838 1.28473 -0.35629 0.718871 0.56911 -0.229705 0.573264 0.598929 -0.490435
SSB
 2.01805e+06 1.34448e+06 645425 356721 393779 475048 647514 348587 318412 200390 122005 251453 267919 214763 130806 169651 624371 551617 1.28325e+06 894304 936036 1.14179e+06 1.10227e+06 877769 1.27e+06 1.04654e+06 863706 942895 1.25996e+06
BT
 2.84957e+06 1.95265e+06 954068 906596 768026 1.51555e+06 1.08097e+06 755067 657935 473253 453081 718934 752431 768261 631897 1.31436e+06 1.08026e+06 3.12031e+06 2.85231e+06 1.84157e+06 2.91761e+06 2.70742e+06 1.85322e+06 3.13361e+06 2.24232e+06 1.93404e+06 2.76208e+06 2.49175e+06 1.7849e+06
Ftot
 0.206835 0.382592 0.376128 0.561278 0.186644 0.338213 0.789961 0.134299 0.533432 0.752364 0.163608 0.662493 0.629492 1.09098 0.779526 0.604174 0.404369 0.371834 0.531521 0.496485 0.391455 0.489393 0.294756 0.258292 0.25877 0.207025 0.25307 0.224954 0.211181
BD_Bspro_t
 0.967556 0.776914 0.569382 0.468556 0.463702 0.559621 0.559719 0.365562 0.425143 0.363448 0.317123 0.575638 0.452385 0.354144 0.24208 0.294795 0.487138 0.443989 0.582387 0.46364 0.428706 0.475138 0.494316 0.4765 0.600047 0.610473 0.619494 0.665561 0.710057
BD_Bspro
 2.03629 1.35664 0.651259 0.359945 0.397339 0.479342 0.653367 0.351737 0.32129 0.202202 0.123107 0.253726 0.270341 0.216704 0.131988 0.171184 0.630014 0.556603 1.29485 0.902388 0.944497 1.15211 1.11223 0.885703 1.28148 1.056 0.871513 0.951418 1.27135
BD_Bo
 1.43083 0.95326 0.457616 0.252921 0.279195 0.336816 0.459097 0.247153 0.225759 0.14208 0.0865032 0.178284 0.189959 0.15227 0.0927431 0.120285 0.442688 0.391105 0.909844 0.634075 0.663664 0.809544 0.781524 0.622352 0.90045 0.742015 0.612381 0.668527 0.893333
BD_Brms
 8.06056 5.37018 2.57798 1.42483 1.57284 1.89745 2.58632 1.39234 1.27181 0.800406 0.487315 1.00436 1.07013 0.857814 0.522467 0.677625 2.49388 2.20329 5.1256 3.57206 3.73874 4.56056 4.40271 3.50601 5.07268 4.18013 3.44984 3.76614 5.03258
Sel_flota
 0.7335 0.981236 0.998995 0.999947 0.999997
 0.7335 0.981236 0.998995 0.999947 0.999997
 0.7335 0.981236 0.998995 0.999947 0.999997
 0.7335 0.981236 0.998995 0.999947 0.999997
 0.7335 0.981236 0.998995 0.999947 0.999997
 0.7335 0.981236 0.998995 0.999947 0.999997
 0.7335 0.981236 0.998995 0.999947 0.999997
 0.7335 0.981236 0.998995 0.999947 0.999997
 0.7335 0.981236 0.998995 0.999947 0.999997
 0.7335 0.981236 0.998995 0.999947 0.999997
 0.7335 0.981236 0.998995 0.999947 0.999997
 0.7335 0.981236 0.998995 0.999947 0.999997
 0.7335 0.981236 0.998995 0.999947 0.999997
 0.7335 0.981236 0.998995 0.999947 0.999997
 0.7335 0.981236 0.998995 0.999947 0.999997
 0.7335 0.981236 0.998995 0.999947 0.999997
 0.7335 0.981236 0.998995 0.999947 0.999997
 0.7335 0.981236 0.998995 0.999947 0.999997
 0.7335 0.981236 0.998995 0.999947 0.999997
 0.7335 0.981236 0.998995 0.999947 0.999997
 0.7335 0.981236 0.998995 0.999947 0.999997
 0.7335 0.981236 0.998995 0.999947 0.999997
 0.7335 0.981236 0.998995 0.999947 0.999997
 0.7335 0.981236 0.998995 0.999947 0.999997
 0.7335 0.981236 0.998995 0.999947 0.999997
 0.7335 0.981236 0.998995 0.999947 0.999997
 0.7335 0.981236 0.998995 0.999947 0.999997
 0.7335 0.981236 0.998995 0.999947 0.999997
 0.7335 0.981236 0.998995 0.999947 0.999997
Sel_reclas
 1 1 1 1 1
 1 1 1 1 1
 1 1 1 1 1
 1 1 1 1 1
 1 1 1 1 1
 1 1 1 1 1
 1 1 1 1 1
 1 1 1 1 1
 1 1 1 1 1
 1 1 1 1 1
 1 1 1 1 1
 1 1 1 1 1
 1 1 1 1 1
 1 1 1 1 1
 1 1 1 1 1
 1 1 1 1 1
 1 1 1 1 1
 1 1 1 1 1
 1 1 1 1 1
 1 1 1 1 1
 1 1 1 1 1
 1 1 1 1 1
 1 1 1 1 1
 1 1 1 1 1
 1 1 1 1 1
 1 1 1 1 1
 1 1 1 1 1
 1 1 1 1 1
 1 1 1 1 1
Sel_pelaces
 0.923279 1 1 1 1
 0.923279 1 1 1 1
 0.923279 1 1 1 1
 0.923279 1 1 1 1
 0.923279 1 1 1 1
 0.923279 1 1 1 1
 0.923279 1 1 1 1
 0.923279 1 1 1 1
 0.923279 1 1 1 1
 0.923279 1 1 1 1
 0.923279 1 1 1 1
 0.923279 1 1 1 1
 0.923279 1 1 1 1
 0.923279 1 1 1 1
 0.923279 1 1 1 1
 0.923279 1 1 1 1
 0.923279 1 1 1 1
 0.923279 1 1 1 1
 0.923279 1 1 1 1
 0.923279 1 1 1 1
 0.923279 1 1 1 1
 0.923279 1 1 1 1
 0.923279 1 1 1 1
 0.923279 1 1 1 1
 0.923279 1 1 1 1
 0.923279 1 1 1 1
 0.923279 1 1 1 1
 0.923279 1 1 1 1
 0.923279 1 1 1 1
pf_obs 
 0.8446 0.082 0.0669 0.0065 0
 0.8095 0.147 0.0364 0.0071 0
 0.9664 0.0169 0.016 0.0007 0
 0.9276 0.0648 0.0075 0.0001 0
 0.7033 0.2144 0.0806 0.0017 0
 0.9318 0.0425 0.0243 0.0014 0
 0.5671 0.3108 0.0964 0.0239 0.0018
 0.0768 0.2599 0.5324 0.112 0.0189
 0.490249 0.384438 0.106611 0.0170017 0.00170017
 0.7925 0.1577 0.0466 0.003 0.0002
 0.840416 0.127587 0.0312969 0.00059994 9.999e-05
 0.8084 0.0986 0.0794 0.0134 0.0002
 0.7335 0.1905 0.0724 0.0035 0.0001
 0.4001 0.4547 0.1325 0.0127 0
 0.49795 0.308269 0.164784 0.0264974 0.00249975
 0.9179 0.0499 0.0305 0.0017 0
 0.2467 0.6533 0.0926 0.0074 0
 0.9418 0.0223 0.034 0.0019 0
 0.707729 0.231977 0.0356964 0.0245975 0
 0.517169 0.277429 0.184464 0.0207286 0.00020938
 0.811772 0.124168 0.05621 0.00726502 0.000585176
 0.764997 0.148141 0.077277 0.00933861 0.000247198
 0.163321 0.427699 0.378323 0.0303852 0.000271297
 0.753843 0.0900009 0.118128 0.0371064 0.000921714
 0.721811 0.176058 0.0630433 0.0369309 0.00215725
 0.143369 0.312575 0.442814 0.0836902 0.0175525
 0.692698 0.0596174 0.167031 0.0765114 0.00414204
 0.394062 0.376323 0.152708 0.0712218 0.00568511
 0.125707 0.32114 0.495352 0.0537591 0.00404204
pf_pred 
 0.489332 0.138228 0.348933 0.0235053 8.79793e-07
 0.442302 0.317314 0.0659918 0.163397 0.0109961
 0.591932 0.215333 0.110703 0.0225383 0.0594931
 0.745597 0.170863 0.0445359 0.0224143 0.0165895
 0.671015 0.266148 0.0425319 0.0108309 0.0094735
 0.76151 0.175254 0.0513467 0.00805036 0.00383918
 0.47858 0.425931 0.0705603 0.0202454 0.0046826
 0.476771 0.302746 0.180969 0.0292092 0.0103048
 0.55643 0.245116 0.115734 0.0679073 0.0148125
 0.733613 0.171791 0.0528262 0.024372 0.0173979
 0.845016 0.124672 0.0197291 0.00591355 0.00466935
 0.755952 0.214987 0.0234646 0.00364357 0.00195243
 0.702599 0.24374 0.0474103 0.00504861 0.00120242
 0.663101 0.26134 0.0621971 0.0118068 0.00155468
 0.771708 0.172893 0.0432641 0.00999149 0.00214295
 0.944396 0.0464452 0.00698008 0.00170174 0.000476622
 0.387529 0.588601 0.0200167 0.00293729 0.000915495
 0.915442 0.0397401 0.0431073 0.00143475 0.000275837
 0.593069 0.381915 0.0118893 0.0126261 0.000500458
 0.628866 0.250913 0.112992 0.00343743 0.00379048
 0.745893 0.179926 0.050519 0.0222417 0.001421
 0.763323 0.190548 0.0328692 0.00903337 0.00422632
 0.322818 0.556153 0.0978706 0.0165073 0.00665105
 0.750623 0.098977 0.123968 0.0213784 0.00505307
 0.63629 0.293319 0.0282761 0.0347199 0.00739479
 0.443402 0.392975 0.132476 0.01252 0.0186275
 0.738235 0.136358 0.0890457 0.0294451 0.00691575
 0.671287 0.261501 0.0353486 0.0226317 0.00923157
 0.377404 0.458305 0.131229 0.0173971 0.0156653
pobs_RECLAS
 0 0 0 0 0
 0 0 0 0 0
 0 0 0 0 0
 0 0 0 0 0
 0 0 0 0 0
 0 0 0 0 0
 0 0 0 0 0
 0 0 0 0 0
 0 0 0 0 0
 0 0 0 0 0
 0.991045 0.00858322 0.000360255 1.14367e-05 0
 0.934742 0.0480273 0.0164251 0.00080598 0
 0.827803 0.169806 0.00239088 0 0
 0.941827 0.0461693 0.0120037 0 0
 0.791401 0.0380133 0.147996 0.0225897 0
 0.846168 0.0940531 0.0597789 0 0
 0.134021 0.677848 0.182769 0.00536245 0
 0.80878 0.0450904 0.141981 0.00414843 0
 0.846168 0.0940531 0.0597789 0 0
 0.905697 0.0802665 0.012482 0.00150086 5.37128e-05
 0.989698 0.0102097 9.19794e-05 0 0
 0.975433 0.0193895 0.00387452 0.00125025 5.28907e-05
 0.303575 0.632131 0.0575291 0.00676475 0
 0.966965 0.00978017 0.0227588 0.000495775 0
 0.843318 0.132988 0.00938335 0.0141283 0.000182051
 0.564624 0.303363 0.111486 0.0197234 0.00080311
 0.826376 0.0876187 0.0782897 0.00655872 0.00115652
 0.89761 0.0855135 0.0140674 0.00269457 0.000114338
 0.34875 0.467042 0.161289 0.0227151 0.000203297
ppred_RECLAS
 0.566253 0.118986 0.294914 0.0198471 7.42829e-07
 0.519409 0.275727 0.0562811 0.139215 0.00936819
 0.664165 0.178816 0.0902286 0.0183516 0.0484392
 0.80047 0.134872 0.0344869 0.017339 0.0128325
 0.733345 0.216485 0.0339696 0.00864211 0.00755861
 0.812399 0.138542 0.0398432 0.00624062 0.00297597
 0.558499 0.361974 0.0587825 0.0168482 0.00389665
 0.551991 0.261222 0.153339 0.0247257 0.00872258
 0.632247 0.204993 0.094959 0.0556608 0.0121405
 0.79177 0.135249 0.0407746 0.018792 0.0134139
 0.880207 0.0967113 0.0150282 0.00450016 0.00355316
 0.809156 0.16851 0.0180369 0.00279785 0.00149917
 0.763766 0.194286 0.0370654 0.00394294 0.000939031
 0.733791 0.207484 0.0483499 0.00916789 0.00120713
 0.823391 0.134402 0.0329702 0.00760614 0.00163126
 0.9587 0.0346077 0.00510161 0.00124249 0.000347978
 0.461308 0.518076 0.0172911 0.0025348 0.000790006
 0.936592 0.0300955 0.0320418 0.00106539 0.000204816
 0.664694 0.31507 0.00962288 0.0102088 0.000404624
 0.698173 0.205312 0.0907175 0.002757 0.00304
 0.799603 0.14268 0.0393185 0.0172933 0.00110479
 0.814509 0.149896 0.0253708 0.00696557 0.00325872
 0.39195 0.501033 0.086556 0.0145846 0.00587606
 0.803836 0.078731 0.0968121 0.016679 0.00394209
 0.702724 0.240619 0.0227727 0.027935 0.00594942
 0.518476 0.341811 0.113139 0.0106821 0.0158923
 0.792969 0.108811 0.0697618 0.0230459 0.00541249
 0.733846 0.212543 0.0282087 0.0180428 0.00735938
 0.450237 0.406659 0.114329 0.0151419 0.0136339
pobs_PELACES
 0 0 0 0 0
 0 0 0 0 0
 0 0 0 0 0
 0 0 0 0 0
 0 0 0 0 0
 0 0 0 0 0
 0 0 0 0 0
 0 0 0 0 0
 0 0 0 0 0
 0 0 0 0 0
 0 0 0 0 0
 0 0 0 0 0
 0 0 0 0 0
 0 0 0 0 0
 0 0 0 0 0
 0 0 0 0 0
 0.505614 0.472636 0.0217494 0 0
 0 0 0 0 0
 0.443492 0.261883 0.143347 0.151278 0
 0.227955 0.32914 0.350689 0.0885471 0.00366901
 0.970185 0.0296113 0.000203453 0 0
 0.997202 0.00247181 0.000326279 0 0
 0.445219 0.490057 0.0546422 0.010081 0
 0.90214 0.0892962 0.00764917 0.000914606 0
 0 0 0 0 0
 0.581667 0.319106 0.0959925 0.00289975 0.000334073
 0.762889 0.0836404 0.116647 0.0363945 0.000428098
 0.88444 0.0763242 0.0277011 0.0115352 0
 0.521256 0.241999 0.230069 0.00667565 0
ppred_PELACES
 0.550959 0.12329 0.305211 0.0205387 7.68714e-07
 0.50753 0.282823 0.0576002 0.14246 0.00958655
 0.653371 0.184758 0.0930215 0.0189174 0.0499323
 0.795172 0.138604 0.0353249 0.0177572 0.0131419
 0.720573 0.226901 0.0355652 0.0090475 0.00791316
 0.804399 0.144525 0.0414815 0.00649654 0.00309799
 0.554945 0.365195 0.0590317 0.0169155 0.00391214
 0.534994 0.271223 0.159084 0.025651 0.00904898
 0.624119 0.20982 0.0968917 0.0567841 0.0123854
 0.788998 0.137267 0.0412008 0.018984 0.0135508
 0.873043 0.102515 0.0159148 0.00476538 0.00376256
 0.805234 0.172052 0.0183447 0.00284501 0.00152442
 0.758732 0.198558 0.0377408 0.004014 0.000955942
 0.735893 0.206138 0.0477302 0.00904728 0.00119122
 0.8212 0.136219 0.0332637 0.00767197 0.00164535
 0.957502 0.0356324 0.00523411 0.00127452 0.000356944
 0.449733 0.529257 0.0176224 0.00258305 0.000805038
 0.933664 0.0315215 0.0334869 0.00111331 0.000214028
 0.656584 0.322753 0.00982688 0.0104235 0.000413129
 0.690041 0.21104 0.0929777 0.00282525 0.00311523
 0.791941 0.148235 0.0407557 0.0179232 0.00114503
 0.808505 0.154834 0.0261316 0.00717335 0.00335589
 0.378824 0.512006 0.088299 0.0148769 0.0059938
 0.794563 0.0825283 0.101328 0.0174556 0.00412562
 0.690388 0.250679 0.0236889 0.0290565 0.00618823
 0.502849 0.353029 0.116711 0.0110186 0.0163928
 0.783214 0.11402 0.0729927 0.0241113 0.00566269
 0.721731 0.222278 0.0294619 0.0188431 0.00768576
 0.434885 0.41815 0.117414 0.0155495 0.0140009
pobs_pel_tallas
 0 0 0 0 0 0 0 0 0 0 0 0 0 0 0 0 0 0 0 0 0 0 0 0 0 0
 0 0 0 0 0 0 0 0 0 0 0 0 0 0 0 0 0 0 0 0 0 0 0 0 0 0
 0 0 0 0 0 0 0 0 0 0 0 0 0 0 0 0 0 0 0 0 0 0 0 0 0 0
 0 0 0 0 0 0 0 0 0 0 0 0 0 0 0 0 0 0 0 0 0 0 0 0 0 0
 0 0 0 0 0 0 0 0 0 0 0 0 0 0 0 0 0 0 0 0 0 0 0 0 0 0
 0 0 0 0 0 0 0 0 0 0 0 0 0 0 0 0 0 0 0 0 0 0 0 0 0 0
 0 0 0 0 0 0 0 0 0 0 0 0 0 0 0 0 0 0 0 0 0 0 0 0 0 0
 0 0 0 0 0 0 0 0 0 0 0 0 0 0 0 0 0 0 0 0 0 0 0 0 0 0
 0 0 0 0 0 0 0 0 0 0 0 0 0 0 0 0 0 0 0 0 0 0 0 0 0 0
 0 0 0 0 0 0 0 0 0 0 0 0 0 0 0 0 0 0 0 0 0 0 0 0 0 0
 0 0 0 0 0 0 0 0 0 0 0 0 0 0 0 0 0 0 0 0 0 0 0 0 0 0
 0 0 0 0 0 0 0 0 0 0 0 0 0 0 0 0 0 0 0 0 0 0 0 0 0 0
 0.00862536 0 0 0.000197151 0.00414017 0.0128641 0.00837892 0.0270097 0.101434 0.158115 0.152841 0.127902 0.109271 0.109419 0.0830992 0.0579132 0.0238553 0.00714673 0.00463305 0.00128148 0.00103504 0.000492878 0.000147863 0.000147863 4.92878e-05 0
 0 0 0 0 0 0 0 0 0 0 0 0 0 0 0 0 0 0 0 0 0 0 0 0 0 0
 0 0 0 0 0 0 0 0.0054083 0.00873648 0.0413646 0.0450493 0.0745869 0.0622846 0.0627006 0.0613931 0.0827291 0.12552 0.122667 0.0946155 0.0697135 0.0546179 0.0294188 0.0215738 0.0213955 0.0102223 0.00600262
 0 0 0 0 0.00359764 0.0251062 0.0480494 0.140153 0.205849 0.193036 0.1447 0.116669 0.0760912 0.0342217 0.00950174 0.001854 0.000860785 0 0 0 0.000165536 0 0.000143464 0 0 0
 0 0 0 0 0 0 0 0.000145254 0.000435761 0.0275982 0.070085 0.0708112 0.156366 0.174668 0.174014 0.160142 0.0824315 0.0480064 0.0283245 0.00493863 0.00203355 0 0 0 0 0
 0 0 0 0 0 0 0 0 0 0 0 0 0 0 0 0 0 0 0 0 0 0 0 0 0 0
 0 0 1.00437e-05 0.000401748 0.00122533 0.00171747 0.00176769 0.0269171 0.070346 0.194647 0.189555 0.159765 0.064822 0.0314167 0.0384472 0.0292271 0.0345202 0.0313363 0.0194345 0.0106764 0.0143323 0.0359363 0.0279516 0.0138201 0.00172751 0
 0 0.0021121 0.0136068 0.0755702 0.200478 0.177729 0.0527432 0.0373336 0.0318909 0.0142505 0.0149659 0.0166563 0.0217959 0.0798694 0.0677717 0.0528807 0.04013 0.0224614 0.0357745 0.0225083 0.00881397 0.00855152 0.00135912 0.000746735 0 0
 0 0 0 0 5.4009e-05 0.00500934 0.000945158 0.0243581 0.138947 0.33067 0.221406 0.137944 0.0707744 0.0437923 0.0131692 0.00525238 0.0047753 0.00276346 9.45158e-05 9.00151e-06 2.25038e-05 9.00151e-06 4.50075e-06 0 0 0
 0.000866109 0.00284123 0.00948549 0.0512746 0.133035 0.25785 0.225252 0.132002 0.0553304 0.0519788 0.0540692 0.017754 0.00435017 0.00159236 0.00146478 0.000404838 0.000125132 0.000115318 0.000107957 0.000100596 0 0 0 0 0 0
 0 0 0 0 0.00144013 0.00171154 0.00461396 0.0210425 0.0478622 0.0707936 0.0888783 0.103762 0.0637923 0.0337046 0.0602308 0.124433 0.169614 0.0934646 0.0462172 0.0250306 0.0313229 0.00938855 0.002487 0.000210481 0 0
 0 0.00764035 0.051015 0.0998891 0.058973 0.0496711 0.0374665 0.0718981 0.12319 0.153886 0.159021 0.0857701 0.0377988 0.023471 0.0147837 0.00900784 0.00315554 0.000888139 0.00291439 0.00214683 0.00393193 0.00274676 0.000635225 9.99891e-05 0 0
 0 0 0 0 0 0 0 0 0 0 0 0 0 0 0 0 0 0 0 0 0 0 0 0 0 0
 0 0 0 0 0 0 0 0 0 0 0 0 0 0 0 0 0 0 0 0 0 0 0 0 0 0
 0 0 0 0 0 0 0 0 0 0 0 0 0 0 0 0 0 0 0 0 0 0 0 0 0 0
 0 0 0 0 0 0 0 0 0 0 0 0 0 0 0 0 0 0 0 0 0 0 0 0 0 0
 0 0 0 0 0 0 0 0 0 0 0 0 0 0 0 0 0 0 0 0 0 0 0 0 0 0
ppred_pel_tallas
 1.109e-16 4.53818e-05 0.000441127 0.00293145 0.0133259 0.041462 0.0883396 0.128937 0.128949 0.0884001 0.0416664 0.0139219 0.00444893 0.00382507 0.00668051 0.0115147 0.0178426 0.0250537 0.0324576 0.0395796 0.0461625 0.0518013 0.0556185 0.056436 0.0534259 0.0467332
 1.17644e-16 4.18046e-05 0.000406356 0.00270038 0.0122756 0.0381939 0.0813772 0.118778 0.118806 0.0815108 0.0386428 0.0135731 0.00596192 0.00754174 0.013641 0.0226183 0.0329133 0.0421509 0.0480012 0.049552 0.047904 0.0453846 0.0439775 0.0441807 0.0450066 0.0448606
 1.13079e-16 5.38173e-05 0.000523124 0.00347634 0.015803 0.049169 0.10476 0.152904 0.152922 0.104848 0.0494636 0.0166555 0.0056222 0.00522731 0.0090467 0.0150271 0.0220148 0.0284855 0.032932 0.0347048 0.03438 0.0332745 0.0325061 0.0323509 0.0322945 0.0315542
 1.0506e-16 6.54973e-05 0.000636657 0.00423081 0.0192327 0.05984 0.127496 0.186087 0.1861 0.127561 0.0600598 0.019868 0.00582735 0.00412741 0.00671158 0.0110363 0.0159991 0.0203531 0.0228814 0.0230465 0.0213066 0.0187788 0.016521 0.0149968 0.0140413 0.0131951
 1.03331e-16 5.93527e-05 0.000576929 0.0038339 0.0174284 0.0542262 0.115535 0.168632 0.168654 0.115642 0.0545852 0.0184652 0.00643698 0.00626072 0.0108577 0.0178662 0.025756 0.0324432 0.0358457 0.0350087 0.0306682 0.0247384 0.0191497 0.0149436 0.0121477 0.0102383
 1.0241e-16 6.62573e-05 0.000644045 0.00427991 0.0194558 0.0605344 0.128975 0.188246 0.18826 0.129044 0.0607636 0.0201184 0.0059446 0.00428343 0.00699377 0.0114981 0.0166521 0.0211387 0.0236557 0.0235934 0.0213727 0.0181147 0.0149227 0.0123521 0.0103779 0.0087117
 1.04156e-16 4.57102e-05 0.000444319 0.00295266 0.0134224 0.0417622 0.0889801 0.129876 0.129912 0.0891522 0.04234 0.0150914 0.00714266 0.00959333 0.0174278 0.0287566 0.0414609 0.0522238 0.0576894 0.0563062 0.0492364 0.0395357 0.0302938 0.0231907 0.0183052 0.0148584
 1.08764e-16 4.40668e-05 0.000428345 0.0028465 0.0129398 0.0402607 0.0857806 0.125205 0.125231 0.0859094 0.0406936 0.0141927 0.00600093 0.00734553 0.0132721 0.0221097 0.0324011 0.0419065 0.048337 0.0505903 0.0492953 0.0461541 0.0426668 0.0393166 0.0357201 0.0313523
 1.10641e-16 5.14079e-05 0.000499703 0.0033207 0.0150954 0.0469676 0.10007 0.14606 0.14608 0.10017 0.047302 0.0160629 0.0057554 0.00583558 0.0102474 0.0170252 0.024915 0.0321775 0.0370803 0.0388589 0.0381356 0.0363711 0.0348041 0.0337411 0.0326412 0.0307318
 1.05422e-16 6.49887e-05 0.000631713 0.00419796 0.0190833 0.0593754 0.126506 0.184642 0.184655 0.126571 0.0595933 0.0197133 0.00578147 0.00409562 0.00666478 0.010972 0.0159355 0.0203338 0.0229744 0.0233296 0.0218423 0.0195884 0.0175712 0.016204 0.0152932 0.0143798
 1.01601e-16 7.19114e-05 0.000699004 0.00464513 0.0211161 0.0657001 0.139981 0.204309 0.204319 0.14003 0.0658622 0.0215846 0.00582123 0.00326703 0.00495086 0.00807587 0.0116386 0.0146625 0.0162053 0.0158374 0.0138934 0.011239 0.00874594 0.00688122 0.00565138 0.00481293
 1.01117e-16 6.63261e-05 0.000644713 0.00428434 0.019476 0.0605972 0.129109 0.188442 0.188459 0.12919 0.0608691 0.0202611 0.00625449 0.00494386 0.00822615 0.0134812 0.0193822 0.0243064 0.0266461 0.0256579 0.0219024 0.016866 0.0120799 0.00841998 0.00598917 0.00444432
 1.01705e-16 6.24958e-05 0.000607481 0.00403693 0.0183513 0.0570978 0.121654 0.177561 0.17758 0.121747 0.057412 0.0192592 0.00631651 0.00558591 0.00952346 0.0156607 0.0225885 0.0284755 0.0314914 0.0307794 0.0269467 0.0216238 0.0164666 0.0123876 0.00946155 0.00732355
 1.0254e-16 6.06146e-05 0.000589195 0.00391541 0.0177989 0.0553791 0.117992 0.172217 0.172236 0.118089 0.0557057 0.0187426 0.00628553 0.00576784 0.00990941 0.0163217 0.0235883 0.0298333 0.0331787 0.0327466 0.0291555 0.0240561 0.0190984 0.0151526 0.0122353 0.00994536
 1.02043e-16 6.76412e-05 0.000657496 0.00436929 0.0198622 0.0617987 0.131669 0.192178 0.192191 0.131733 0.0620146 0.020486 0.00593632 0.00408201 0.0065822 0.0108029 0.0156213 0.0197821 0.0220498 0.0218497 0.0195915 0.0163589 0.0132267 0.0107476 0.00891004 0.00743169
 1.00349e-16 7.88682e-05 0.000766627 0.0050945 0.0231589 0.0720559 0.153523 0.224072 0.224075 0.15354 0.0721122 0.0233217 0.0055031 0.00165866 0.00177315 0.00280696 0.00403677 0.005078 0.00559721 0.00544189 0.004726 0.00375024 0.00282053 0.002106 0.00161871 0.00128473
 1.0104e-16 3.7044e-05 0.000360081 0.00239287 0.0108777 0.0338447 0.0721116 0.10526 0.105311 0.0723603 0.0346796 0.0132881 0.0084387 0.0135428 0.0250282 0.0411991 0.0590658 0.0736874 0.0800536 0.0758535 0.062883 0.045902 0.0298927 0.0178228 0.0101821 0.00592629
 1.01123e-16 7.69047e-05 0.000747541 0.00496767 0.0225823 0.070262 0.149701 0.218493 0.218496 0.149716 0.0703128 0.0227296 0.0053394 0.00156609 0.0016521 0.00266307 0.0039528 0.00522735 0.00623348 0.00683812 0.00707396 0.00706168 0.00688145 0.00651463 0.00589667 0.00501432
 1.01482e-16 5.4082e-05 0.000525696 0.00349344 0.0158807 0.0494109 0.105276 0.15366 0.153691 0.105428 0.0499201 0.0173507 0.00718081 0.00856639 0.0152988 0.0251387 0.0360501 0.045005 0.0489609 0.0465269 0.0388149 0.0287324 0.0193012 0.012288 0.00792766 0.00551711
 1.03548e-16 5.68378e-05 0.000552484 0.00367145 0.0166899 0.0519286 0.11064 0.161487 0.161507 0.11074 0.0522643 0.0176608 0.00611316 0.00589781 0.0102525 0.0169733 0.0247083 0.0316141 0.0358246 0.0364347 0.0339683 0.0298963 0.0256334 0.0218419 0.0184594 0.0151838
 1.03206e-16 6.52312e-05 0.00063407 0.00421362 0.0191545 0.0595969 0.126978 0.185331 0.185345 0.127048 0.059832 0.0198341 0.00592136 0.00436792 0.00717383 0.0118024 0.0171039 0.0217391 0.0243876 0.0244429 0.0223545 0.0192781 0.0163287 0.0140305 0.0122908 0.0107456
 1.02082e-16 6.65955e-05 0.000647332 0.00430175 0.0195551 0.0608434 0.129634 0.189207 0.189222 0.129707 0.0610884 0.0202629 0.0060787 0.00452772 0.00743998 0.0122045 0.0175987 0.0221821 0.0245336 0.0239992 0.0210733 0.017049 0.0132289 0.0103136 0.00832253 0.00691255
 1.05186e-16 3.12033e-05 0.000303308 0.00201559 0.0091626 0.0285085 0.0607422 0.0886654 0.0887148 0.0609835 0.0293187 0.0115029 0.00789118 0.0131335 0.0244089 0.0403316 0.0581606 0.0732704 0.0809507 0.0790091 0.069049 0.0553269 0.0421606 0.0319202 0.024765 0.0196737
 1.05394e-16 6.54471e-05 0.000636169 0.00422757 0.0192179 0.0597941 0.127398 0.185943 0.185951 0.127438 0.0599276 0.0196054 0.00520723 0.00279795 0.00423907 0.00708221 0.0106111 0.0142124 0.0172844 0.019519 0.0210023 0.0219893 0.0225624 0.0225018 0.02147 0.0193176
 1.04709e-16 5.68664e-05 0.000552761 0.0036733 0.0166983 0.0519547 0.110696 0.161569 0.161593 0.110814 0.0523509 0.0178426 0.00654523 0.00682122 0.0119594 0.0196765 0.0283325 0.0356264 0.0392668 0.0382323 0.0333974 0.0269521 0.0210836 0.0169363 0.0144547 0.0129145
 1.07338e-16 4.1419e-05 0.000402608 0.00267547 0.0121623 0.0378417 0.080627 0.117685 0.117719 0.0807939 0.0384022 0.0137825 0.00674733 0.00930835 0.0170044 0.0281751 0.0408839 0.0520403 0.0584995 0.0587832 0.0538974 0.0465188 0.0392536 0.0333678 0.0287393 0.0246485
 1.05512e-16 6.45123e-05 0.000627083 0.00416718 0.0189434 0.0589401 0.125578 0.183288 0.183299 0.125633 0.0591224 0.0194712 0.0054968 0.00354535 0.00565319 0.00936573 0.0137727 0.0179262 0.0208983 0.0222582 0.0222825 0.0216601 0.0209474 0.0202325 0.0192255 0.0176019
 1.04098e-16 5.94481e-05 0.000577857 0.00384006 0.0174564 0.0543134 0.115721 0.168903 0.168924 0.115826 0.0546649 0.0184718 0.00638911 0.00614318 0.0106315 0.0174892 0.0252081 0.0317491 0.0350831 0.0342953 0.0301354 0.0245063 0.0193092 0.0155408 0.0131676 0.011594
 1.07424e-16 3.5821e-05 0.000348193 0.00231387 0.0105185 0.0327272 0.0697303 0.101782 0.101822 0.0699278 0.0333904 0.0124352 0.00712935 0.0108753 0.0200721 0.0332399 0.0481445 0.0610959 0.0683347 0.0681017 0.0616279 0.0521788 0.0429725 0.0356333 0.0300874 0.0254753
pSPR Fmed_Fpbrs
0.556078   0.22751 0.22751
Fs Fmed_Fpbrs
0.34   1.005 1.005
SSBpbr Bo_Bmed_Bpbrs
1.41041e+06  713776  250361 250361
Ro
139446
SPR SPRFo_SPRFmed_SPRFpbrs
991042 551097 225472
Fref
1.005
Nvult_r0
 70360.7 68306.3 19293.9 2555.96 2301.44
CTP_r0
 29857.6 33914.9 9666.18 1281.13 1153.59
YTP_r0
1.13595e+06
Np
 221571 39000.5 3692.11 3191.19 1015.11
Nvult_p0
 182570 33648.7 3194.43 2761.44 878.417
CTP_p0
 77473.8 11525.8 10261.9 2881.43 495.253
 77473.8 16707 1600.39 1384.13 440.303
YTP_p0
 1.13999e+06 973083
CBA_c0
1.13716e+06
log_Ro
11.6654
likeval ReclasPelacesDesembMPH_pf_preclas_ppelaces_ptallas_desvR_qrecl_qpela
 12.1427 16.9579 0.0307617 0.00251653 198.49 104.377 86.6784 0 22.2366 4.09491e-06 1.59693e-05 0.152171 0 0 0
q_reclas_q_pelaces
1.33133 1.7597
M
1
N
 167483 36106.2 89655.9 6034.25 0.225849
 95112.2 52940.5 10842.9 26825.5 1805.19
 93691.7 26428.1 13379.9 2721.83 7184.36
 144816 26157.1 6721.8 3380.44 2501.87
 116833 35296 5547.64 1411.48 1234.53
 210770 37481.3 10811.7 1693.7 807.683
 84649.4 60502.8 9894.47 2837.02 656.156
 36256 17445.5 10252.8 1653.36 583.264
 34894.4 12086.6 5625.46 3298.23 719.408
 46294 8680.28 2634.45 1214.59 867.003
 87471.6 9807.56 1526.24 457.063 360.881
 126247 28540 3072.88 476.81 255.492
 103882 28568.5 5480.77 583.208 138.896
 74407.7 24083.5 5666.8 1075.07 141.557
 68399.2 12296.6 3037.44 700.99 150.341
 365126 14204.8 2105.23 512.873 143.64
 73034.9 86235.4 2888.51 423.525 131.999
 593565 19972 21334 709.481 136.396
 328357 166236 5101.2 5413.2 214.553
 261561 81796.2 36301.5 1103.5 1216.79
 356921 66853 18486.9 8132.53 519.557
 503914 98532.1 16749.8 4599.74 2151.93
 97649.8 129468 22424.9 3779.1 1522.59
 286159 28938.8 35666.5 6145.46 1452.49
 246358 87102.9 8262.59 10136.9 2158.9
 110827 74961.8 24857.9 2347.21 3492.08
 247384 35027 22507.3 7436.19 1746.46
 253815 75589.3 10052.3 6430.31 2622.84
 85391.1 79170.4 22299.9 2953.73 2659.58
pred_Ctot
 15088.5 4262.25 10759.3 724.782 0.0271283
 15051.1 10797.9 2245.64 5560.24 374.186
 14603.2 5312.37 2731.1 556.03 1467.72
 31939.8 7319.42 1907.82 960.179 710.659
 9555.39 3790 605.663 154.235 134.905
 29868.5 6873.93 2013.96 315.757 150.583
 24654.6 21942.4 3634.99 1042.97 241.23
 2167.39 1376.27 822.681 132.784 46.8453
 7372.28 3247.6 1533.39 899.721 196.254
 12975 3038.38 934.307 431.054 307.707
 6314.39 931.612 147.426 44.1891 34.8918
 31943.4 9084.48 991.519 153.962 82.5016
 25206.9 8744.57 1700.92 181.127 43.1386
 27609.5 10881.4 2589.69 491.598 64.7319
 19714.8 4416.9 1105.27 255.253 54.746
 85640.9 4211.8 632.976 154.319 43.2216
 12138.4 18436.4 626.972 92.0031 28.6756
 91574 3975.31 4312.14 143.521 27.5927
 69162.5 44538.2 1386.51 1472.43 58.3624
 51978.3 20739 9339.27 284.117 313.298
 57641.3 13904.4 3904.02 1718.8 109.812
 98909.3 24690.7 4259.1 1170.52 547.635
 12214.7 21043.5 3703.2 624.597 251.66
 31705.7 4180.71 5236.33 903.008 213.438
 27342.6 12604.5 1215.08 1491.98 317.768
 9993.02 8856.54 2985.63 282.165 419.812
 26896.9 4968.08 3244.3 1072.8 251.969
 24735.5 9635.78 1302.52 833.931 340.165
 7844.37 9525.92 2727.61 361.601 325.605
F
 0.151713 0.202954 0.206627 0.206824 0.206834
 0.280631 0.375413 0.382207 0.382571 0.382591
 0.27589 0.369071 0.37575 0.376108 0.376127
 0.411698 0.550747 0.560714 0.561248 0.561277
 0.136904 0.183142 0.186457 0.186635 0.186644
 0.248079 0.331867 0.337873 0.338195 0.338212
 0.579437 0.775139 0.789167 0.789919 0.789959
 0.0985086 0.131779 0.134164 0.134292 0.134299
 0.391272 0.523423 0.532895 0.533403 0.53343
 0.551859 0.738247 0.751607 0.752324 0.752362
 0.120006 0.160538 0.163443 0.163599 0.163607
 0.485939 0.650062 0.661827 0.662458 0.662491
 0.461732 0.61768 0.628859 0.629458 0.62949
 0.800236 1.07051 1.08989 1.09093 1.09098
 0.571783 0.7649 0.778743 0.779485 0.779524
 0.443162 0.592838 0.603567 0.604142 0.604173
 0.296604 0.396781 0.403962 0.404347 0.404367
 0.27274 0.364857 0.37146 0.371814 0.371833
 0.389871 0.521548 0.530987 0.531493 0.53152
 0.364172 0.48717 0.495986 0.496459 0.496484
 0.287133 0.38411 0.391062 0.391435 0.391454
 0.35897 0.48021 0.488901 0.489367 0.489391
 0.216203 0.289225 0.294459 0.29474 0.294755
 0.189457 0.253445 0.258032 0.258278 0.258291
 0.189808 0.253915 0.25851 0.258757 0.25877
 0.151853 0.203141 0.206817 0.207014 0.207025
 0.185627 0.248321 0.252815 0.253056 0.253069
 0.165004 0.220733 0.224728 0.224942 0.224953
 0.154902 0.207219 0.210969 0.21117 0.211181
YTP_r0W_actual
 155260 695255 209756 37152.9 38529.8
YTP_p0W_proyectada
 584153 201126 247003 90246.5 17457.7
 584153 291537 38521.5 43350.8 15520.7
CTP_r0_actual
 29857.6 33914.9 9666.18 1281.13 1153.59
CTP_p0_proyectada
 77473.8 11525.8 10261.9 2881.43 495.253
 77473.8 16707 1600.39 1384.13 440.303
Wmedp
 7.54 17.45 24.07 31.32 35.25
Frms_r0
 0.737168 0.986143 1.00399 1.00495 1.005
Zrms_r0
 1.73717 1.98614 2.00399 2.00495 2.005
nmprior
 7.29 8.9 8.7 0
nm_flota  nm_reclas  nm_pelaces    nm_pelaL
inf 13.0229 17.1716 22.8187
cv_recla  cv_pelaces  cv_mph
0.330581 0.50435 1.44814
 ------------------------------------------------
Talla a la edad & desviaci?n 
 8 13.2811 15.8009 17.003 17.5766
 0.8 1.32811 1.58009 1.7003 1.75766
