    unsorted:	 2.335124251e-06 5.769574658e-05 8.872157886e-05 0.0002999947374 0.0004999852580 0.0007999607975 4.199201878 1.644770830 6.651239355 12.24110328 10.79835278 57.68860157 164.8379594 129.8810306 203.2024417 241.8193215 460.1660616 491.1297913 617.8514902 789.8081984 810.0856428 854.0513570 898.0983968 911.0435179 1013.447196 1089.380221 1140.620568 1287.208728 1440.247482 1411.142092 1541.976613 1693.021922 1838.695061 2018.848720 2311.389390 2283.083384 2349.790328 2422.968694 2582.724006 2726.748843 2874.102362 3112.175931 3185.613908 3748.534980 3898.933127 4248.213656 10167.68166 41424.80965 158303.9933 381363.1639 387315.2491 376378.0219 396182.8964 354930.1519 358599.8885 419480.6209 451585.4216 444219.8580 464116.7094 314708.6005 605658.7986 614239.9247 656444.6719 691884.9595 711867.9092 974510.4500 1049425.746 1132820.852 1190496.807 1384740.144 1515566.739 1662670.833 1827073.112 2297608.129 2438823.208 2481820.451 2742713.200 2957245.820 3297601.821 43244232.72
      sorted:	 2.335124251e-06 5.769574658e-05 8.872157886e-05 0.0002999947374 0.0004999852580 0.0007999607975 1.644770830 4.199201878 6.651239355 10.79835278 12.24110328 57.68860157 129.8810306 164.8379594 203.2024417 241.8193215 460.1660616 491.1297913 617.8514902 789.8081984 810.0856428 854.0513570 898.0983968 911.0435179 1013.447196 1089.380221 1140.620568 1287.208728 1411.142092 1440.247482 1541.976613 1693.021922 1838.695061 2018.848720 2283.083384 2311.389390 2349.790328 2422.968694 2582.724006 2726.748843 2874.102362 3112.175931 3185.613908 3748.534980 3898.933127 4248.213656 10167.68166 41424.80965 158303.9933 314708.6005 354930.1519 358599.8885 376378.0219 381363.1639 387315.2491 396182.8964 419480.6209 444219.8580 451585.4216 464116.7094 605658.7986 614239.9247 656444.6719 691884.9595 711867.9092 974510.4500 1049425.746 1132820.852 1190496.807 1384740.144 1515566.739 1662670.833 1827073.112 2297608.129 2438823.208 2481820.451 2742713.200 2957245.820 3297601.821 43244232.72
