years
 1991 1992 1993 1994 1995 1996 1997 1998 1999 2000 2001 2002 2003 2004 2005 2006 2007 2008 2009 2010 2011 2012 2013 2014 2015 2016 2017 2018 2019 2020 2021 2022
reclasobs
 0 0 0 0 0 0 0 0 0 252601 567819 844713 477998 351125 339783 2.1784e+06 2.13404e+06 4.81314e+06 1.55562e+06 2.62356e+06 3.21686e+06 3.843e+06 1.13348e+06 3.07943e+06 1.97215e+06 2.03268e+06 2.025e+06 2.42433e+06 2.27542e+06 1.05018e+06 2.36338e+06 3.18982e+06
reclaspred
 3.306e+06 1.8109e+06 918584 921596 924452 1.53022e+06 868714 763639 546663 376573 501801 673333 653815 487900 490414 1.36098e+06 1.23086e+06 3.11438e+06 2.47137e+06 1.80264e+06 3.11329e+06 2.54635e+06 1.96113e+06 3.06476e+06 2.27868e+06 2.02626e+06 2.42204e+06 2.67426e+06 2.17818e+06 1.48087e+06 2.04223e+06 2.22272e+06
pelacesobs
 0 0 0 0 0 0 0 0 0 0 0 0 0 0 0 552880 188675 0 991730 2.46772e+06 1.41603e+06 1.21717e+06 2.29649e+06 1.80582e+06 0 1.4828e+06 1.56532e+06 1.57751e+06 1.42118e+06 867257 1.10002e+06 1.06204e+06
pelacespred
 1.801e+06 1.08178e+06 537499 444258 479194 822407 406989 476705 313962 200150 287737 318731 342235 261701 273903 642270 583292 1.73978e+06 1.39092e+06 926971 1.60746e+06 1.37646e+06 1.08084e+06 1.88043e+06 1.32666e+06 1.18643e+06 1.62472e+06 1.60895e+06 1.18297e+06 921452 1.08014e+06 1.21284e+06
mphobs
 0 0 0 0 0 0 0 0 0 0 0 0 498337 0 5186 125008 0 168611 109162 213762 579715 649985 157893 87575 83554 210694 70296 0 107559 103333 445601 22526
mphpred
 548420 364820 176187 97686 104834 123057 162189 88620.9 81298.5 52385.1 32773.1 65051.9 72817.9 57207.1 36091.8 46947.1 165688 148207 325181 402954 415040 481619 112508 94277.3 142523 110817 96653 107464 152368 109649 63458.7 111204
desembarqueobs
 494567 514787 250237 358949 120608 361735 552515 73892 212993 205616 52469 317467 293654 387597 252695 516296 358380 742168 942051 627588 828172 859565 418607 520667 417249 300574 415391 372974 316634 284311 391294 218835
desembarquepred
 494570 513852 250674 358984 120614 361745 552547 73897.1 213053 205671 52471.7 317531 293695 387591 252674 516227 358403 742017 941755 627376 828252 859552 418609 520693 417240 300571 415385 372946 316619 284304 391252 218838
Reclutas
 173101 96028.9 98990.8 147628 120454 211308 85377.9 37841.9 36280.9 48132.4 91524.5 128939 106491 75885.2 71583.5 384776 76572.9 620890 339319 273149 374936 522785 103977 300903 258817 116137 255059 299124 94994.3 87285.2 244434 102217
log_desv_Rt
 0.183851 -0.405378 -0.375001 0.0246659 -0.178758 0.38329 -0.522939 -1.33661 -1.37874 -1.09607 -0.45342 -0.110689 -0.301969 -0.640805 -0.699162 0.982635 -0.631784 1.46113 0.856913 0.639989 0.95673 1.28914 -0.325856 0.736762 0.586094 -0.215252 0.571469 0.73083 -0.41621 -0.500846 0.528916 -0.342929
SSB
 2.27535e+06 1.51361e+06 730988 405292 434948 510553 672910 367681 337301 217342 135973 269895 287924 232536 144606 188707 687426 614902 1.39022e+06 978838 1.0341e+06 1.25848e+06 1.20896e+06 973393 1.38238e+06 1.1393e+06 937590 1.00423e+06 1.47509e+06 999430 657040 1.17628e+06
BT
 3.16661e+06 2.15521e+06 1.06387e+06 974964 826038 1.56178e+06 1.11411e+06 792426 690811 502138 483983 750457 787469 800791 670792 1.39746e+06 1.16958e+06 3.31013e+06 3.02256e+06 1.97509e+06 3.12418e+06 2.89691e+06 2.01159e+06 3.35476e+06 2.41076e+06 2.07581e+06 2.90426e+06 2.80278e+06 2.06621e+06 1.68256e+06 1.97987e+06 2.02193e+06
Ftot
 0.187561 0.346101 0.339896 0.529845 0.177516 0.338156 0.774546 0.130555 0.516409 0.71464 0.159989 0.649645 0.613375 1.0636 0.757007 0.594746 0.376141 0.364355 0.509242 0.471844 0.372122 0.46845 0.273959 0.248455 0.245262 0.195742 0.247855 0.206506 0.181677 0.24764 0.28408 0.128951
BD_Bspro_t
 0.970553 0.796922 0.602327 0.505712 0.494626 0.583223 0.572814 0.381139 0.443069 0.384955 0.342832 0.593698 0.471261 0.373081 0.261368 0.317288 0.511572 0.471271 0.602362 0.487017 0.454574 0.500861 0.520187 0.505495 0.622833 0.633063 0.640723 0.681967 0.742281 0.668471 0.609052 0.700376
BD_Bspro
 2.1947 1.45996 0.705078 0.390926 0.419531 0.492456 0.649059 0.354649 0.325346 0.209638 0.131153 0.260329 0.277718 0.224294 0.13948 0.182018 0.66306 0.593106 1.34094 0.944142 0.99745 1.21387 1.16611 0.93889 1.33338 1.09891 0.904356 0.968631 1.42281 0.964005 0.633751 1.13459
BD_Bo
 1.46801 0.976549 0.471617 0.261485 0.280619 0.329398 0.434147 0.23722 0.217619 0.140224 0.0877268 0.174131 0.185762 0.150027 0.0932966 0.121749 0.443512 0.396721 0.896936 0.631524 0.667181 0.811944 0.779995 0.628011 0.891878 0.735049 0.604912 0.647905 0.951698 0.64481 0.423908 0.758912
BD_Brms
 7.71228 5.13037 2.47767 1.37373 1.47425 1.73051 2.28082 1.24625 1.14328 0.736677 0.460878 0.914806 0.975913 0.788177 0.49014 0.639619 2.33002 2.0842 4.71211 3.31775 3.50508 4.2656 4.09775 3.2993 4.68554 3.86163 3.17794 3.40381 4.99981 3.38755 2.22703 3.98699
Sel_flota
 0.683783 0.976239 0.998721 0.999933 0.999996
 0.683783 0.976239 0.998721 0.999933 0.999996
 0.683783 0.976239 0.998721 0.999933 0.999996
 0.683783 0.976239 0.998721 0.999933 0.999996
 0.683783 0.976239 0.998721 0.999933 0.999996
 0.683783 0.976239 0.998721 0.999933 0.999996
 0.683783 0.976239 0.998721 0.999933 0.999996
 0.683783 0.976239 0.998721 0.999933 0.999996
 0.683783 0.976239 0.998721 0.999933 0.999996
 0.683783 0.976239 0.998721 0.999933 0.999996
 0.683783 0.976239 0.998721 0.999933 0.999996
 0.683783 0.976239 0.998721 0.999933 0.999996
 0.683783 0.976239 0.998721 0.999933 0.999996
 0.683783 0.976239 0.998721 0.999933 0.999996
 0.683783 0.976239 0.998721 0.999933 0.999996
 0.683783 0.976239 0.998721 0.999933 0.999996
 0.683783 0.976239 0.998721 0.999933 0.999996
 0.683783 0.976239 0.998721 0.999933 0.999996
 0.683783 0.976239 0.998721 0.999933 0.999996
 0.683783 0.976239 0.998721 0.999933 0.999996
 0.683783 0.976239 0.998721 0.999933 0.999996
 0.683783 0.976239 0.998721 0.999933 0.999996
 0.683783 0.976239 0.998721 0.999933 0.999996
 0.683783 0.976239 0.998721 0.999933 0.999996
 0.683783 0.976239 0.998721 0.999933 0.999996
 0.683783 0.976239 0.998721 0.999933 0.999996
 0.683783 0.976239 0.998721 0.999933 0.999996
 0.683783 0.976239 0.998721 0.999933 0.999996
 0.683783 0.976239 0.998721 0.999933 0.999996
 0.683783 0.976239 0.998721 0.999933 0.999996
 0.683783 0.976239 0.998721 0.999933 0.999996
 0.683783 0.976239 0.998721 0.999933 0.999996
Sel_reclas
 1 1 1 1 1
 1 1 1 1 1
 1 1 1 1 1
 1 1 1 1 1
 1 1 1 1 1
 1 1 1 1 1
 1 1 1 1 1
 1 1 1 1 1
 1 1 1 1 1
 1 1 1 1 1
 1 1 1 1 1
 1 1 1 1 1
 1 1 1 1 1
 1 1 1 1 1
 1 1 1 1 1
 1 1 1 1 1
 1 1 1 1 1
 1 1 1 1 1
 1 1 1 1 1
 1 1 1 1 1
 1 1 1 1 1
 1 1 1 1 1
 1 1 1 1 1
 1 1 1 1 1
 1 1 1 1 1
 1 1 1 1 1
 1 1 1 1 1
 1 1 1 1 1
 1 1 1 1 1
 1 1 1 1 1
 1 1 1 1 1
 1 1 1 1 1
Sel_pelaces
 1 1 1 1 1
 1 1 1 1 1
 1 1 1 1 1
 1 1 1 1 1
 1 1 1 1 1
 1 1 1 1 1
 1 1 1 1 1
 1 1 1 1 1
 1 1 1 1 1
 1 1 1 1 1
 1 1 1 1 1
 1 1 1 1 1
 1 1 1 1 1
 1 1 1 1 1
 1 1 1 1 1
 1 1 1 1 1
 1 1 1 1 1
 1 1 1 1 1
 1 1 1 1 1
 1 1 1 1 1
 1 1 1 1 1
 1 1 1 1 1
 1 1 1 1 1
 1 1 1 1 1
 1 1 1 1 1
 1 1 1 1 1
 1 1 1 1 1
 1 1 1 1 1
 1 1 1 1 1
 1 1 1 1 1
 1 1 1 1 1
 1 1 1 1 1
pf_obs 
 0.8446 0.082 0.0669 0.0065 0
 0.8095 0.147 0.0364 0.0071 0
 0.9664 0.0169 0.016 0.0007 0
 0.9276 0.0648 0.0075 0.0001 0
 0.7033 0.2144 0.0806 0.0017 0
 0.9318 0.0425 0.0243 0.0014 0
 0.5671 0.3108 0.0964 0.0239 0.0018
 0.0768 0.2599 0.5324 0.112 0.0189
 0.490249 0.384438 0.106611 0.0170017 0.00170017
 0.7925 0.1577 0.0466 0.003 0.0002
 0.840416 0.127587 0.0312969 0.00059994 9.999e-05
 0.8084 0.0986 0.0794 0.0134 0.0002
 0.7335 0.1905 0.0724 0.0035 0.0001
 0.4001 0.4547 0.1325 0.0127 0
 0.49795 0.308269 0.164784 0.0264974 0.00249975
 0.9179 0.0499 0.0305 0.0017 0
 0.2467 0.6533 0.0926 0.0074 0
 0.9418 0.0223 0.034 0.0019 0
 0.707729 0.231977 0.0356964 0.0245975 0
 0.517169 0.277429 0.184464 0.0207286 0.00020938
 0.811772 0.124168 0.05621 0.00726502 0.000585176
 0.764997 0.148141 0.077277 0.00933861 0.000247198
 0.163321 0.427699 0.378323 0.0303852 0.000271297
 0.753843 0.0900009 0.118128 0.0371064 0.000921714
 0.721811 0.176058 0.0630433 0.0369309 0.00215725
 0.143369 0.312575 0.442814 0.0836902 0.0175525
 0.692698 0.0596174 0.167031 0.0765114 0.00414204
 0.394062 0.376323 0.152708 0.0712218 0.00568511
 0.125707 0.32114 0.495352 0.0537591 0.00404204
 0.23352 0.215282 0.420074 0.123614 0.00750983
 0.796117 0.104755 0.0508955 0.0450114 0.00322123
 0.162477 0.292055 0.404252 0.121198 0.0200186
pf_pred 
 0.454764 0.136623 0.383483 0.0251296 8.76768e-07
 0.407914 0.326379 0.0678001 0.18575 0.0121569
 0.568461 0.219775 0.118171 0.0239074 0.0696863
 0.716643 0.188493 0.0489545 0.0256355 0.020274
 0.644993 0.282968 0.0483976 0.0122096 0.011432
 0.73979 0.188638 0.0573302 0.0095721 0.00466968
 0.460594 0.43704 0.0747535 0.0221243 0.00548814
 0.458106 0.314688 0.185237 0.0306626 0.0113061
 0.537935 0.254307 0.121849 0.0700567 0.0158524
 0.714868 0.183924 0.056445 0.0262699 0.0184924
 0.82824 0.137688 0.0222318 0.0066089 0.0052319
 0.737668 0.229497 0.0264477 0.00416918 0.00221763
 0.681879 0.259832 0.0511907 0.00571897 0.00137873
 0.640013 0.277988 0.0673494 0.0128682 0.00178125
 0.752804 0.186615 0.0471829 0.0110087 0.00238968
 0.938511 0.0511545 0.00786424 0.0019244 0.0005455
 0.363212 0.61124 0.0213618 0.00318663 0.000999187
 0.905616 0.0434906 0.0489038 0.00166376 0.000325536
 0.569493 0.402828 0.0129393 0.0141653 0.000575378
 0.605639 0.26443 0.121807 0.00380118 0.00432368
 0.725738 0.192675 0.055215 0.0247248 0.00164666
 0.74277 0.205708 0.0364882 0.0101791 0.00485469
 0.305186 0.566573 0.103138 0.0177859 0.00731688
 0.728949 0.10654 0.134778 0.0239195 0.00581378
 0.61498 0.307845 0.0308013 0.0380015 0.00837219
 0.420197 0.406357 0.13939 0.0136028 0.0204525
 0.716578 0.145599 0.0972998 0.0325749 0.00794788
 0.681375 0.251365 0.0349793 0.0227984 0.00948211
 0.350071 0.49199 0.125254 0.0170095 0.0156764
 0.472293 0.23159 0.225477 0.056036 0.0146037
 0.788235 0.120732 0.0405201 0.038475 0.0120375
 0.45401 0.462356 0.0482186 0.0157761 0.0196394
pobs_RECLAS
 0 0 0 0 0
 0 0 0 0 0
 0 0 0 0 0
 0 0 0 0 0
 0 0 0 0 0
 0 0 0 0 0
 0 0 0 0 0
 0 0 0 0 0
 0 0 0 0 0
 0 0 0 0 0
 0.991045 0.00858322 0.000360255 1.14367e-05 0
 0.934742 0.0480273 0.0164251 0.00080598 0
 0.827803 0.169806 0.00239088 0 0
 0.941827 0.0461693 0.0120037 0 0
 0.791401 0.0380133 0.147996 0.0225897 0
 0.846168 0.0940531 0.0597789 0 0
 0.134021 0.677848 0.182769 0.00536245 0
 0.80878 0.0450904 0.141981 0.00414843 0
 0.846168 0.0940531 0.0597789 0 0
 0.905697 0.0802665 0.012482 0.00150086 5.37128e-05
 0.989698 0.0102097 9.19794e-05 0 0
 0.975433 0.0193895 0.00387452 0.00125025 5.28907e-05
 0.303575 0.632131 0.0575291 0.00676475 0
 0.966965 0.00978017 0.0227588 0.000495775 0
 0.843318 0.132988 0.00938335 0.0141283 0.000182051
 0.564624 0.303363 0.111486 0.0197234 0.00080311
 0.826376 0.0876187 0.0782897 0.00655872 0.00115652
 0.89761 0.0855135 0.0140674 0.00269457 0.000114338
 0.34875 0.467042 0.161289 0.0227151 0.000203297
 0.318654 0.224769 0.449479 0.00709798 0
 0.937255 0.0296025 0.0250945 0.00804832 0
 0.456809 0.399803 0.12412 0.0192676 0
ppred_RECLAS
 0.549133 0.114956 0.315276 0.0206345 7.19888e-07
 0.501246 0.277956 0.0563936 0.154306 0.0100983
 0.657859 0.176312 0.092591 0.0187087 0.0545292
 0.787541 0.142502 0.0361241 0.0188923 0.0149401
 0.723675 0.221298 0.0369837 0.00931866 0.00872457
 0.804981 0.1423 0.0422392 0.00704357 0.00343593
 0.557893 0.359931 0.060032 0.0177434 0.0044011
 0.550142 0.263785 0.151737 0.0250865 0.00924947
 0.631005 0.205338 0.0960355 0.0551443 0.0124772
 0.787654 0.138211 0.0413709 0.0192287 0.0135349
 0.874157 0.101347 0.0159903 0.00474762 0.00375818
 0.804788 0.171306 0.0192604 0.00303219 0.00161274
 0.758544 0.1981 0.0380825 0.00424898 0.00102427
 0.727836 0.211446 0.0498836 0.00951753 0.00131734
 0.818267 0.138045 0.0340365 0.0079307 0.00172142
 0.957161 0.0357867 0.0053687 0.00131202 0.000371886
 0.451964 0.526548 0.0179709 0.0026774 0.00083946
 0.933472 0.0310476 0.0340955 0.0011585 0.000226661
 0.658027 0.320491 0.0100489 0.0109869 0.000446245
 0.691783 0.208302 0.0936746 0.00291954 0.00332062
 0.793774 0.145912 0.040835 0.0182625 0.00121619
 0.807941 0.154335 0.0267264 0.00744631 0.00355111
 0.388331 0.500936 0.0890799 0.0153425 0.00631129
 0.796851 0.0809952 0.100099 0.0177428 0.00431222
 0.697657 0.242898 0.0237427 0.0292565 0.00644515
 0.511619 0.344673 0.115521 0.0112594 0.016928
 0.786203 0.111097 0.0725309 0.0242524 0.0059169
 0.755268 0.194035 0.0263815 0.0171734 0.00714213
 0.437323 0.42835 0.106555 0.0144524 0.0133188
 0.565969 0.193009 0.183581 0.0455671 0.0118746
 0.844097 0.0898043 0.0294421 0.0279212 0.00873505
 0.544524 0.387088 0.0394497 0.0128912 0.0160471
pobs_PELACES
 0 0 0 0 0
 0 0 0 0 0
 0 0 0 0 0
 0 0 0 0 0
 0 0 0 0 0
 0 0 0 0 0
 0 0 0 0 0
 0 0 0 0 0
 0 0 0 0 0
 0 0 0 0 0
 0 0 0 0 0
 0 0 0 0 0
 0 0 0 0 0
 0 0 0 0 0
 0 0 0 0 0
 0 0 0 0 0
 0.505614 0.472636 0.0217494 0 0
 0 0 0 0 0
 0.443492 0.261883 0.143347 0.151278 0
 0.227955 0.32914 0.350689 0.0885471 0.00366901
 0.970185 0.0296113 0.000203453 0 0
 0.997202 0.00247181 0.000326279 0 0
 0.445219 0.490057 0.0546422 0.010081 0
 0.90214 0.0892962 0.00764917 0.000914606 0
 0 0 0 0 0
 0.581667 0.319106 0.0959925 0.00289975 0.000334073
 0.762889 0.0836404 0.116647 0.0363945 0.000428098
 0.88444 0.0763242 0.0277011 0.0115352 0
 0.521256 0.241999 0.230069 0.00667565 0
 0.616807 0.101726 0.260614 0.0208532 0
 0.833518 0.0704572 0.0857862 0.0102388 0
 0.697417 0.212968 0.0787535 0.0105354 0.000325836
ppred_PELACES
 0.553867 0.113867 0.311856 0.0204091 7.12021e-07
 0.50989 0.273462 0.0553394 0.1514 0.00990804
 0.665483 0.172599 0.090413 0.0182661 0.053239
 0.796187 0.136885 0.034564 0.0180726 0.0142917
 0.727141 0.218581 0.0364815 0.00919147 0.00860546
 0.810159 0.138617 0.0410428 0.00684314 0.00333813
 0.576506 0.34515 0.0572369 0.0169121 0.00419482
 0.553358 0.262005 0.150567 0.0248918 0.00917766
 0.642931 0.199047 0.0927373 0.0532394 0.012046
 0.799265 0.130902 0.0389757 0.0181102 0.0127474
 0.875871 0.0999903 0.0157574 0.00467819 0.00370321
 0.81454 0.162845 0.0182211 0.00286782 0.00152529
 0.769365 0.189377 0.0362404 0.00404245 0.000974473
 0.748022 0.19611 0.045902 0.00875414 0.00121165
 0.829073 0.130014 0.0318768 0.00742523 0.00161167
 0.959482 0.0338724 0.00505914 0.00123608 0.000350356
 0.460998 0.517926 0.0176273 0.00262583 0.000823282
 0.935709 0.0300467 0.0329072 0.00111796 0.000218728
 0.669053 0.310233 0.00969059 0.010593 0.000430241
 0.701645 0.201866 0.0904633 0.00281892 0.00320615
 0.799723 0.14182 0.0395803 0.0176987 0.00117864
 0.814964 0.148795 0.0256776 0.00715277 0.00341108
 0.394718 0.495889 0.0880034 0.0151554 0.0062343
 0.800884 0.0794763 0.0980407 0.0173763 0.00422312
 0.702704 0.238932 0.0233126 0.0287237 0.00632774
 0.516446 0.341414 0.114262 0.0111359 0.0167423
 0.790345 0.109043 0.0710588 0.0237578 0.0057962
 0.758993 0.191144 0.0259486 0.0168902 0.00702434
 0.441723 0.425139 0.105614 0.0143237 0.0132002
 0.572083 0.190487 0.180849 0.0448847 0.0116967
 0.84779 0.0877579 0.0287106 0.0272244 0.008517
 0.547645 0.384492 0.0391477 0.0127919 0.0159234
pobs_pel_tallas
 0 0 0 0 0 0 0 0 0 0 0 0 0 0 0 0 0 0 0 0 0 0 0 0 0 0
 0 0 0 0 0 0 0 0 0 0 0 0 0 0 0 0 0 0 0 0 0 0 0 0 0 0
 0 0 0 0 0 0 0 0 0 0 0 0 0 0 0 0 0 0 0 0 0 0 0 0 0 0
 0 0 0 0 0 0 0 0 0 0 0 0 0 0 0 0 0 0 0 0 0 0 0 0 0 0
 0 0 0 0 0 0 0 0 0 0 0 0 0 0 0 0 0 0 0 0 0 0 0 0 0 0
 0 0 0 0 0 0 0 0 0 0 0 0 0 0 0 0 0 0 0 0 0 0 0 0 0 0
 0 0 0 0 0 0 0 0 0 0 0 0 0 0 0 0 0 0 0 0 0 0 0 0 0 0
 0 0 0 0 0 0 0 0 0 0 0 0 0 0 0 0 0 0 0 0 0 0 0 0 0 0
 0 0 0 0 0 0 0 0 0 0 0 0 0 0 0 0 0 0 0 0 0 0 0 0 0 0
 0 0 0 0 0 0 0 0 0 0 0 0 0 0 0 0 0 0 0 0 0 0 0 0 0 0
 0 0 0 0 0 0 0 0 0 0 0 0 0 0 0 0 0 0 0 0 0 0 0 0 0 0
 0 0 0 0 0 0 0 0 0 0 0 0 0 0 0 0 0 0 0 0 0 0 0 0 0 0
 0.00862536 0 0 0.000197151 0.00414017 0.0128641 0.00837892 0.0270097 0.101434 0.158115 0.152841 0.127902 0.109271 0.109419 0.0830992 0.0579132 0.0238553 0.00714673 0.00463305 0.00128148 0.00103504 0.000492878 0.000147863 0.000147863 4.92878e-05 0
 0 0 0 0 0 0 0 0 0 0 0 0 0 0 0 0 0 0 0 0 0 0 0 0 0 0
 0 0 0 0 0 0 0 0.0054083 0.00873648 0.0413646 0.0450493 0.0745869 0.0622846 0.0627006 0.0613931 0.0827291 0.12552 0.122667 0.0946155 0.0697135 0.0546179 0.0294188 0.0215738 0.0213955 0.0102223 0.00600262
 0 0 0 0 0.00359764 0.0251062 0.0480494 0.140153 0.205849 0.193036 0.1447 0.116669 0.0760912 0.0342217 0.00950174 0.001854 0.000860785 0 0 0 0.000165536 0 0.000143464 0 0 0
 0 0 0 0 0 0 0 0.000145254 0.000435761 0.0275982 0.070085 0.0708112 0.156366 0.174668 0.174014 0.160142 0.0824315 0.0480064 0.0283245 0.00493863 0.00203355 0 0 0 0 0
 0 0 0 0 0 0 0 0 0 0 0 0 0 0 0 0 0 0 0 0 0 0 0 0 0 0
 0 0 1.00437e-05 0.000401748 0.00122533 0.00171747 0.00176769 0.0269171 0.070346 0.194647 0.189555 0.159765 0.064822 0.0314167 0.0384472 0.0292271 0.0345202 0.0313363 0.0194345 0.0106764 0.0143323 0.0359363 0.0279516 0.0138201 0.00172751 0
 0 0.0021121 0.0136068 0.0755702 0.200478 0.177729 0.0527432 0.0373336 0.0318909 0.0142505 0.0149659 0.0166563 0.0217959 0.0798694 0.0677717 0.0528807 0.04013 0.0224614 0.0357745 0.0225083 0.00881397 0.00855152 0.00135912 0.000746735 0 0
 0 0 0 0 5.4009e-05 0.00500934 0.000945158 0.0243581 0.138947 0.33067 0.221406 0.137944 0.0707744 0.0437923 0.0131692 0.00525238 0.0047753 0.00276346 9.45158e-05 9.00151e-06 2.25038e-05 9.00151e-06 4.50075e-06 0 0 0
 0.000866109 0.00284123 0.00948549 0.0512746 0.133035 0.25785 0.225252 0.132002 0.0553304 0.0519788 0.0540692 0.017754 0.00435017 0.00159236 0.00146478 0.000404838 0.000125132 0.000115318 0.000107957 0.000100596 0 0 0 0 0 0
 0 0 0 0 0.00144013 0.00171154 0.00461396 0.0210425 0.0478622 0.0707936 0.0888783 0.103762 0.0637923 0.0337046 0.0602308 0.124433 0.169614 0.0934646 0.0462172 0.0250306 0.0313229 0.00938855 0.002487 0.000210481 0 0
 0 0.00764035 0.051015 0.0998891 0.058973 0.0496711 0.0374665 0.0718981 0.12319 0.153886 0.159021 0.0857701 0.0377988 0.023471 0.0147837 0.00900784 0.00315554 0.000888139 0.00291439 0.00214683 0.00393193 0.00274676 0.000635225 9.99891e-05 0 0
 0 0 0 0 0 0 0 0 0 0 0 0 0 0 0 0 0 0 0 0 0 0 0 0 0 0
 0 0 0 0 0 0 0 0 0 0 0 0 0 0 0 0 0 0 0 0 0 0 0 0 0 0
 0 0 0 0 0 0 0 0 0 0 0 0 0 0 0 0 0 0 0 0 0 0 0 0 0 0
 0 0 0 0 0 0 0 0 0 0 0 0 0 0 0 0 0 0 0 0 0 0 0 0 0 0
 0 0 0 0 0 0 0 0 0 0 0 0 0 0 0 0 0 0 0 0 0 0 0 0 0 0
 0 0 0 0 0 0 0 0 0 0 0 0 0 0 0 0 0 0 0 0 0 0 0 0 0 0
 0 0 0 0 0 0 0 0 0 0 0 0 0 0 0 0 0 0 0 0 0 0 0 0 0 0
 0 0 0 0 0 0 0 0 0 0 0 0 0 0 0 0 0 0 0 0 0 0 0 0 0 0
ppred_pel_tallas
 1.11076e-16 4.56214e-05 0.000443456 0.00294692 0.0133963 0.0416809 0.0888059 0.129617 0.129629 0.088862 0.0418706 0.0139501 0.00435923 0.00359977 0.00625418 0.0108244 0.0168827 0.0239185 0.0313404 0.0387152 0.0457374 0.0518823 0.0561378 0.0572328 0.054313 0.0475547
 1.18527e-16 4.19991e-05 0.000408246 0.00271294 0.0123326 0.0383716 0.0817556 0.11933 0.119357 0.0818848 0.0388057 0.0135876 0.0058677 0.00731108 0.0132013 0.0218964 0.0318873 0.0408945 0.0466909 0.048425 0.0471857 0.0452274 0.0444354 0.0452163 0.0465087 0.0466641
 1.13495e-16 5.4815e-05 0.000532821 0.00354078 0.0160959 0.0500804 0.106702 0.155739 0.155755 0.106784 0.0503558 0.0168928 0.00554709 0.0049323 0.00846889 0.0140702 0.0206364 0.0267542 0.0310325 0.0328811 0.0328471 0.0321556 0.0318256 0.032071 0.0323549 0.0318897
 1.05264e-16 6.55809e-05 0.00063747 0.00423621 0.0192572 0.0599164 0.127659 0.186324 0.186338 0.127723 0.0601335 0.0198847 0.00581295 0.00408497 0.00662942 0.0109002 0.0158031 0.0201074 0.0226141 0.0227962 0.0211115 0.018667 0.0165082 0.0150881 0.0142319 0.01347
 1.03487e-16 5.98937e-05 0.000582188 0.00386884 0.0175872 0.0547205 0.116589 0.170169 0.17019 0.116692 0.0550663 0.0185863 0.00637735 0.00606013 0.010469 0.0172274 0.0248464 0.0313222 0.0346547 0.0339275 0.0298475 0.0242495 0.0189771 0.0150152 0.0123743 0.0105419
 1.02472e-16 6.67317e-05 0.000648656 0.00431055 0.0195951 0.0609678 0.129899 0.189594 0.189607 0.129964 0.0611877 0.0202308 0.00590773 0.0041408 0.00671508 0.0110379 0.0159922 0.0203157 0.0227629 0.0227512 0.0206833 0.0176286 0.0146358 0.0122255 0.0103635 0.00876767
 1.04146e-16 4.74861e-05 0.000461582 0.00306738 0.0139439 0.0433847 0.092437 0.134922 0.134955 0.0925997 0.0439309 0.0155214 0.00702802 0.00911023 0.0164803 0.02719 0.0392104 0.0494074 0.0546139 0.0533667 0.0467636 0.0376861 0.0290427 0.0224058 0.017836 0.0145886
 1.08462e-16 4.55794e-05 0.000443048 0.00294421 0.013384 0.0416427 0.088725 0.129502 0.129528 0.0888494 0.0420608 0.014594 0.00599036 0.00712208 0.0128161 0.0213399 0.0312607 0.0404073 0.0465648 0.0486693 0.0473371 0.0442287 0.0408137 0.0375747 0.0341462 0.0300106
 1.10105e-16 5.29574e-05 0.000514765 0.00342079 0.0155504 0.0483833 0.103086 0.150462 0.150481 0.103181 0.0487005 0.0164683 0.00573073 0.00557737 0.00972729 0.0161555 0.0236445 0.0305418 0.0352042 0.036906 0.0362351 0.0345737 0.0330931 0.0320818 0.0310274 0.0292002
 1.05132e-16 6.58344e-05 0.000639934 0.00425259 0.0193317 0.060148 0.128152 0.187044 0.187057 0.128214 0.0603558 0.0199324 0.00576255 0.00394287 0.00635867 0.0104614 0.0151918 0.0193817 0.0218926 0.0222208 0.0207892 0.0186251 0.016687 0.0153717 0.0144964 0.0136242
 1.01577e-16 7.21443e-05 0.000701269 0.00466018 0.0211845 0.0659129 0.140435 0.204971 0.20498 0.140482 0.0660711 0.0216415 0.0058074 0.00320631 0.00483161 0.00787871 0.0113554 0.0143079 0.0158178 0.015466 0.0135784 0.0109985 0.00857476 0.00676107 0.00556277 0.00474225
 1.01114e-16 6.70927e-05 0.000652164 0.00433386 0.0197011 0.0612976 0.130602 0.19062 0.190636 0.130678 0.0615549 0.0204443 0.00619891 0.00472219 0.00779272 0.0127659 0.0183575 0.02303 0.0252633 0.0243542 0.020832 0.0160992 0.011599 0.00815432 0.00585832 0.00438575
 1.01665e-16 6.33717e-05 0.000615995 0.0040935 0.0186085 0.057898 0.123359 0.180049 0.180067 0.123448 0.0581978 0.0194744 0.0062678 0.00536457 0.00908775 0.0149389 0.0215486 0.0271678 0.0300517 0.0293835 0.0257422 0.0206821 0.0157801 0.0119039 0.00912199 0.00708474
 1.02458e-16 6.16136e-05 0.000598906 0.00397994 0.0180923 0.0562918 0.119936 0.175055 0.175074 0.120029 0.0566026 0.0189901 0.00623496 0.00552618 0.00943276 0.0155315 0.0224483 0.0283966 0.0315909 0.0311961 0.0278002 0.0229711 0.018275 0.0145356 0.0117662 0.00958385
 1.01971e-16 6.82897e-05 0.0006638 0.00441118 0.0200526 0.0623912 0.132931 0.19402 0.194033 0.132993 0.0625972 0.020648 0.00590688 0.00393247 0.00628652 0.0103121 0.014912 0.0188856 0.0210538 0.0208685 0.0187206 0.0156439 0.0126632 0.0103045 0.00855541 0.00714558
 1.00339e-16 7.90313e-05 0.000768212 0.00510504 0.0232068 0.0722049 0.15384 0.224535 0.224538 0.153856 0.0722585 0.0233615 0.00549349 0.00161627 0.00168988 0.00266918 0.00383865 0.00482965 0.00532514 0.00518022 0.00450309 0.00357921 0.00269875 0.00202185 0.0015595 0.00124129
 1.01044e-16 3.79719e-05 0.0003691 0.0024528 0.0111501 0.0346924 0.0739177 0.107896 0.107945 0.0741612 0.0355095 0.013509 0.00836934 0.01327 0.0244952 0.0403198 0.0578068 0.0721208 0.0783592 0.0742611 0.0615832 0.0449816 0.0293291 0.0175269 0.0100525 0.00588357
 1.01107e-16 7.70732e-05 0.000749178 0.00497855 0.0226318 0.0704159 0.150029 0.218972 0.218975 0.150043 0.0704643 0.0227723 0.00533325 0.00153046 0.00158124 0.00254502 0.00378126 0.00500866 0.00598715 0.00659012 0.00684653 0.00686648 0.00671974 0.0063824 0.00578982 0.00493057
 1.01495e-16 5.51091e-05 0.00053568 0.00355978 0.0161823 0.0503492 0.107275 0.156578 0.156608 0.107421 0.0508387 0.0175954 0.00710427 0.00826489 0.0147096 0.0241665 0.0346579 0.0432717 0.047085 0.0447622 0.0373721 0.0277087 0.0186734 0.0119595 0.00778773 0.00547818
 1.03488e-16 5.77936e-05 0.000561775 0.00373319 0.0169706 0.0528018 0.112501 0.164202 0.164222 0.112596 0.053123 0.0178994 0.00606932 0.00567637 0.0098145 0.0162458 0.0236557 0.0302816 0.0343411 0.0349691 0.0326642 0.0288259 0.024797 0.0212009 0.0179714 0.0148194
 1.03153e-16 6.58721e-05 0.0006403 0.00425502 0.0193427 0.0601825 0.128226 0.187152 0.187166 0.128293 0.0604074 0.019993 0.00588912 0.00421333 0.00686887 0.0112967 0.0163744 0.0208197 0.023371 0.0234498 0.0214856 0.0185813 0.0157985 0.013632 0.0119867 0.0105106
 1.02074e-16 6.71275e-05 0.000652503 0.00433611 0.0197114 0.0613294 0.130669 0.190719 0.190733 0.130739 0.0615649 0.0203916 0.00604399 0.00438221 0.00715469 0.011733 0.0169215 0.0213353 0.02361 0.0231181 0.0203342 0.0164986 0.0128586 0.0100823 0.00818364 0.00683028
 1.05242e-16 3.25125e-05 0.000316033 0.00210015 0.00954702 0.0297046 0.0632905 0.0923844 0.0924322 0.0635242 0.0304893 0.0118139 0.00779177 0.0127452 0.0236503 0.0390797 0.0563676 0.0710382 0.078535 0.0767374 0.0671946 0.0540177 0.0413702 0.0315275 0.0246292 0.0196809
 1.05307e-16 6.59677e-05 0.00064123 0.0042612 0.0193708 0.0602698 0.128411 0.187422 0.18743 0.12845 0.0603984 0.019744 0.00520486 0.00272374 0.00408703 0.00682486 0.0102283 0.0137063 0.0166812 0.0188582 0.0203208 0.0213125 0.0219083 0.02189 0.0209253 0.0188649
 1.04686e-16 5.78808e-05 0.000562622 0.00373882 0.0169962 0.0528815 0.11267 0.164451 0.164474 0.112783 0.0532592 0.0180869 0.00647656 0.00653847 0.0114056 0.018762 0.027021 0.0339896 0.0374874 0.0365439 0.0319938 0.0259216 0.0204044 0.016522 0.0142086 0.0127642
 1.07335e-16 4.2539e-05 0.000413494 0.00274782 0.0124912 0.0388649 0.0828071 0.120866 0.120899 0.0829684 0.039407 0.0140582 0.00668629 0.00902793 0.0164519 0.027259 0.0395623 0.050375 0.05666 0.0569908 0.0523401 0.0452912 0.038354 0.0327394 0.0283161 0.0243797
 1.05443e-16 6.50997e-05 0.000632792 0.00420513 0.0191159 0.0594767 0.126722 0.184956 0.184967 0.126774 0.0596511 0.0196208 0.00547723 0.00342522 0.00541389 0.00896688 0.0131927 0.0171858 0.0200621 0.0214122 0.0214997 0.0209781 0.0203692 0.0197448 0.018817 0.0172689
 1.03681e-16 6.25173e-05 0.00060769 0.00403832 0.0183576 0.0571174 0.121695 0.177622 0.17764 0.121785 0.0574198 0.0192309 0.00623063 0.00539437 0.00915608 0.0150461 0.02169 0.0273279 0.0302169 0.0295728 0.0260411 0.0212558 0.0168459 0.01366 0.0116598 0.0103254
 1.06827e-16 3.63842e-05 0.000353667 0.00235025 0.0106839 0.0332418 0.0708267 0.103382 0.103423 0.0710273 0.0339156 0.012631 0.00724112 0.011042 0.0203693 0.0337054 0.0487564 0.061743 0.068818 0.0681865 0.0611273 0.0510278 0.0412545 0.0335507 0.0278954 0.0234105
 1.11749e-16 4.71218e-05 0.00045804 0.00304384 0.0138369 0.0430517 0.0917269 0.133882 0.133901 0.091818 0.0433582 0.0147255 0.00528669 0.00539526 0.00954464 0.0160216 0.0238184 0.0315153 0.0376639 0.0415641 0.0435527 0.0444887 0.0449009 0.0445599 0.0427774 0.0390616
 1.05023e-16 6.98314e-05 0.000678786 0.00451077 0.0205053 0.0637997 0.135932 0.198399 0.198407 0.135974 0.0639392 0.0209088 0.00552539 0.00290002 0.00430746 0.00706215 0.0102919 0.0132174 0.0151058 0.0156514 0.0151562 0.0142968 0.0136604 0.0134148 0.0133172 0.0129682
 1.05206e-16 4.51089e-05 0.000438474 0.00291382 0.0132458 0.0412129 0.0878097 0.128169 0.128206 0.0879907 0.0418204 0.0150004 0.0073172 0.010048 0.0182865 0.0301377 0.0433604 0.0544289 0.059787 0.0578157 0.0498139 0.0391359 0.0291987 0.0218968 0.0173355 0.0145864
pSPR Fmed_Fpbrs
0.567015   0.240347 0.240347
Fs Fmed_Fpbrs
0.34   1.005 1.005
SSBpbr Bo_Bmed_Bpbrs
1.54996e+06  801353  295030 295030
Ro
144031
SPR SPRFo_SPRFmed_SPRFpbrs
1.03675e+06 587852 249179
Fref
1.005
Nvult_r0
 83303.1 63834.5 6538.36 2137.15 2660.38
CTP_r0
 33929.6 31613.1 3275.24 1071.2 1333.51
YTP_r0
1.26034e+06
Np
 183134 33886.6 4748.38 3238.45 373.49
Nvult_p0
 149248 29213.1 4108.14 2802.33 323.195
CTP_p0
 60789 14699.3 10409.1 1060.14 458.437
 60789 14467.3 2057.88 1404.61 162
YTP_p0
 1.01476e+06 810040
CBA_c0
1.18667e+06
log_Ro
11.6978
likeval ReclasPelacesDesembMPH_pf_preclas_ppelaces_ptallas_desvR_qrecl_qpela
 13.5627 17.0948 0.0345256 0.000881325 231.315 129.606 109.124 0 23.3759 2.24725e-06 8.57878e-06 0.171013 0 0 0
q_reclas_q_pelaces
1.23615 1.51319
M
1
N
 173101 37244.8 102363 6700.29 0.233758
 96028.9 56015.4 11409.1 31224.4 2043.45
 98990.8 27882.3 14698.6 2970.56 8658.25
 147628 28864.5 7360.83 3850.83 3045.29
 120454 37803.2 6330.36 1595.21 1493.52
 211308 39247.4 11694.2 1950.46 951.467
 85377.9 61688.1 10378.8 3069.06 761.273
 37841.9 18494.4 10654.2 1761.58 649.501
 36280.9 12732.3 5989.53 3440.31 778.431
 48132.4 9376.25 2829.24 1315.56 926.035
 91524.5 10862.3 1716.9 509.809 403.563
 128939 30180.9 3418.18 538.34 286.334
 106491 30420.7 5888.5 657.241 158.44
 75885.2 25755.4 6149.2 1173.99 162.501
 71583.5 13490 3354.54 781.986 169.74
 384776 15693.3 2370.1 579.422 164.237
 76572.9 94253.2 3230.45 481.401 150.938
 620890 21781.1 24017.5 816.248 159.701
 339319 178041 5614.47 6140.42 249.405
 273149 88122.5 39840 1242.04 1412.69
 374936 72775.3 20452.3 9148.88 609.276
 522785 106944 18617.4 5188.53 2474.42
 103977 139610 24903 4289.83 1764.68
 300903 31716.7 39307 6968.35 1693.6
 258817 93400.8 9154.92 11282.6 2485.56
 116137 80512.7 27044 2636.21 3963.45
 255059 37372.3 24467 8182.31 1996.27
 299124 79203.2 10793.7 7027.19 2922.52
 94994.3 95550.2 23817.4 3230.78 2977.39
 87285.2 30864 29438.2 7308.03 1904.45
 244434 27108.5 8915.88 8456.79 2645.69
 102217 74046.6 7557.34 2469.75 3074.38
pred_Ctot
 13309.4 3998.5 11223.3 735.462 0.0256601
 13041.1 10434.5 2167.59 5938.51 388.66
 13224.8 5112.87 2749.15 556.184 1621.19
 29207.4 7682.22 1995.19 1044.8 826.284
 8790.11 3856.35 659.573 166.395 155.797
 28098.8 7164.87 2177.52 363.568 177.364
 23158 21973.7 3758.49 1112.38 275.935
 2057.86 1413.61 832.104 137.74 50.7883
 7021.11 3319.2 1590.36 914.377 206.905
 12234.1 3147.64 965.986 449.576 316.475
 6049.11 1005.61 162.371 48.2686 38.2115
 30302.5 9427.47 1086.44 171.265 91.0974
 23856 9090.42 1790.94 200.083 48.2358
 26271.6 11411 2764.6 528.221 73.1178
 19062.9 4725.56 1194.79 278.766 60.5125
 83991.6 4578.05 703.806 172.223 48.8192
 11209.3 18863.9 659.262 98.3449 30.8366
 88325.7 4241.68 4769.64 162.268 31.7499
 64878 45891.1 1474.08 1613.74 65.5485
 48878.2 21340.8 9830.41 306.775 348.943
 54359.1 14431.7 4135.7 1851.93 123.337
 92960.9 25745.2 4566.66 1273.96 607.586
 11400.7 21165.3 3852.88 664.422 273.334
 30133.1 4404.15 5571.4 988.779 240.329
 25608 12818.8 1282.58 1582.4 348.621
 9297.85 8991.61 3084.34 300.993 452.559
 25484.8 5178.17 3460.43 1158.51 282.663
 25188.8 9292.38 1293.1 842.802 350.531
 7086.42 9959.26 2535.49 344.32 317.334
 8714.21 4273.04 4160.25 1033.91 269.45
 27714 4244.89 1424.67 1352.77 423.235
 5492.76 5593.74 583.366 190.864 237.605
F
 0.128251 0.183104 0.187321 0.187548 0.18756
 0.236658 0.337877 0.345658 0.346078 0.3461
 0.232415 0.331819 0.339461 0.339873 0.339894
 0.362299 0.517255 0.529167 0.529809 0.529843
 0.121383 0.173298 0.177289 0.177504 0.177516
 0.231225 0.330121 0.337723 0.338133 0.338155
 0.529621 0.756142 0.773555 0.774494 0.774543
 0.0892715 0.127453 0.130388 0.130547 0.130555
 0.353112 0.504139 0.515748 0.516374 0.516407
 0.488659 0.69766 0.713726 0.714592 0.714638
 0.109398 0.156188 0.159785 0.159979 0.159989
 0.444216 0.634209 0.648814 0.649601 0.649643
 0.419415 0.5988 0.61259 0.613334 0.613373
 0.727272 1.03833 1.06224 1.06353 1.0636
 0.517628 0.73902 0.756039 0.756956 0.757004
 0.406677 0.580614 0.593985 0.594706 0.594744
 0.257199 0.367204 0.37566 0.376116 0.37614
 0.249139 0.355697 0.363889 0.36433 0.364353
 0.348211 0.497142 0.508591 0.509208 0.509241
 0.322639 0.460633 0.471241 0.471812 0.471843
 0.25445 0.36328 0.371646 0.372097 0.37212
 0.320318 0.457319 0.467851 0.468419 0.468449
 0.187328 0.267449 0.273609 0.273941 0.273958
 0.169889 0.242551 0.248137 0.248438 0.248454
 0.167706 0.239434 0.244948 0.245245 0.245261
 0.133845 0.191091 0.195491 0.195729 0.195741
 0.169479 0.241966 0.247538 0.247839 0.247854
 0.141205 0.201599 0.206241 0.206492 0.206505
 0.124227 0.17736 0.181444 0.181665 0.181676
 0.169332 0.241755 0.247323 0.247623 0.247639
 0.194249 0.27733 0.283716 0.284061 0.284079
 0.0881743 0.125887 0.128786 0.128942 0.12895
YTP_r0W_actual
 291794 784004 91379.2 39955.9 53206.9
YTP_p0W_proyectada
 458349 256503 250547 33203.5 16159.9
 458349 252455 49533.1 43992.4 5710.51
CTP_r0_actual
 33929.6 31613.1 3275.24 1071.2 1333.51
CTP_p0_proyectada
 60789 14699.3 10409.1 1060.14 458.437
 60789 14467.3 2057.88 1404.61 162
Wmedp
 7.54 17.45 24.07 31.32 35.25
Frms_r0
 0.687202 0.98112 1.00371 1.00493 1.005
Zrms_r0
 1.6872 1.98112 2.00371 2.00493 2.005
nmprior
 7.29 8.9 8.7 0
nm_flota  nm_reclas  nm_pelaces    nm_pelaL
inf 13.1459 21.4879 73.2944
cv_recla  cv_pelaces  cv_mph
0.325796 0.452921 0.807981
 ------------------------------------------------
Talla a la edad & desviaci?n 
 8 13.2811 15.8009 17.003 17.5766
 0.8 1.32811 1.58009 1.7003 1.75766
