years
 1991 1992 1993 1994 1995 1996 1997 1998 1999 2000 2001 2002 2003 2004 2005 2006 2007 2008 2009 2010 2011 2012 2013 2014 2015 2016 2017 2018 2019 2020 2021 2022 2023
reclasobs
 0 0 0 0 0 0 0 0 0 252601 567819 844713 477998 351125 339783 2.1784e+06 2.13404e+06 4.81314e+06 1.55562e+06 2.62356e+06 3.21686e+06 3.843e+06 1.13348e+06 3.07943e+06 1.97215e+06 2.03268e+06 2.025e+06 2.42433e+06 2.27542e+06 1.05018e+06 2.36338e+06 3.18982e+06 1.53035e+06
reclaspred
 3.31951e+06 1.81731e+06 921729 926863 930685 1.54386e+06 874823 767863 548616 376455 502959 675729 655965 488747 490495 1.36129e+06 1.22615e+06 3.12123e+06 2.47204e+06 1.80179e+06 3.10834e+06 2.54397e+06 1.95592e+06 3.06047e+06 2.27515e+06 2.02246e+06 2.41826e+06 2.67267e+06 2.17384e+06 1.47493e+06 2.00076e+06 2.10655e+06 1.66326e+06
pelacesobs
 0 0 0 0 0 0 0 0 0 0 0 0 0 0 0 552880 188675 0 991730 2.46772e+06 1.41603e+06 1.21717e+06 2.29649e+06 1.80582e+06 0 1.4828e+06 1.56532e+06 1.57751e+06 1.42118e+06 867257 1.10002e+06 1.06204e+06 0
pelacespred
 1.82115e+06 1.0928e+06 542612 449733 485941 836092 412600 483083 317205 201210 290432 321912 345612 263577 275514 646383 584589 1.75627e+06 1.39974e+06 931534 1.61607e+06 1.38272e+06 1.08485e+06 1.89132e+06 1.33311e+06 1.19229e+06 1.63375e+06 1.61908e+06 1.1889e+06 923858 1.06526e+06 1.15407e+06 941827
mphobs
 0 0 0 0 0 0 0 0 0 0 0 0 498337 0 5186 125008 0 168611 109162 213762 579715 649985 157893 87575 83554 210694 70296 0 107559 103333 445601 22526 28222
mphpred
 551653 366921 177057 98200.1 105612 124193 163910 89319.1 81870.5 52542.5 32731 65298.2 73083.7 57346 36060.5 46873.5 165615 147587 326155 403192 415105 481259 102531 85814.1 129965 101069 88105.7 97990.3 139116 99943.7 57601.9 98986.4 66740.1
desembarqueobs
 494567 514787 250237 358949 120608 361735 552515 73892 212993 205616 52469 317467 293654 387597 252695 516296 358380 742168 942051 627588 828172 859565 418607 520667 417249 300574 415391 372974 316634 284311 391294 218835 356480
desembarquepred
 494570 513859 250671 358984 120613 361745 552546 73897.1 213053 205671 52471.7 317531 293694 387588 252673 516225 358403 742014 941752 627372 828252 859549 418609 520693 417239 300571 415384 372945 316618 284303 391252 218841 356496
Reclutas
 172549 95786.2 98661.3 147294 120089 210946 85062.3 37609.3 36038.8 47778.9 90857.4 128432 106072 75602 71082.3 381391 75655.4 617169 336387 271475 371354 518985 102928 297778 256455 114830 252231 296004 93927.8 86119.7 235963 90076.3 168767
log_desv_Rt
 0.187175 -0.401386 -0.371812 0.0289295 -0.175272 0.3881 -0.52012 -1.33625 -1.37891 -1.09692 -0.454213 -0.108106 -0.299387 -0.638021 -0.699666 0.980321 -0.637315 1.46164 0.854757 0.640366 0.95365 1.28837 -0.329478 0.732846 0.58345 -0.220049 0.56684 0.726867 -0.420978 -0.507766 0.500171 -0.462847 0.165016
SSB
 2.25417e+06 1.49932e+06 723490 401266 431550 507478 669770 364976 334540 214699 133746 266822 284559 229552 142271 185537 676736 603070 1.37346e+06 963597 1.01765e+06 1.23762e+06 1.18983e+06 956680 1.36088e+06 1.1219e+06 922684 988461 1.45393e+06 983271 644242 1.13122e+06 709169
BT
 3.14037e+06 2.1377e+06 1.0545e+06 969091 821112 1.55651e+06 1.10967e+06 787085 685849 497465 479010 745205 781813 795405 664613 1.38348e+06 1.15331e+06 3.28063e+06 2.99207e+06 1.9525e+06 3.08719e+06 2.86261e+06 1.98376e+06 3.31251e+06 2.37885e+06 2.04751e+06 2.86718e+06 2.76765e+06 2.03819e+06 1.65743e+06 1.92461e+06 1.89681e+06 1.72544e+06
Ftot
 0.189193 0.349245 0.343027 0.533531 0.178581 0.3394 0.77845 0.131462 0.520814 0.723351 0.161673 0.655396 0.619013 1.07433 0.765995 0.601706 0.382181 0.368242 0.51526 0.478058 0.377379 0.474802 0.278133 0.251954 0.248766 0.198573 0.251347 0.209225 0.184319 0.251714 0.292916 0.136884 0.303029
BD_Bspro_t
 0.970301 0.795369 0.599733 0.502932 0.492338 0.58142 0.571436 0.379302 0.440917 0.381995 0.339131 0.590935 0.468297 0.370018 0.258219 0.313638 0.507623 0.466484 0.599337 0.483046 0.450498 0.496588 0.516019 0.500905 0.618932 0.629282 0.636846 0.678443 0.739421 0.664761 0.604087 0.692071 0.685066
BD_Bspro
 2.1866 1.45437 0.701804 0.389238 0.418615 0.492267 0.649694 0.354036 0.324512 0.208264 0.129737 0.258824 0.276029 0.222672 0.138007 0.179976 0.656451 0.584994 1.33229 0.934713 0.987143 1.20052 1.15417 0.928004 1.32009 1.08827 0.895027 0.958832 1.41035 0.953798 0.624931 1.09731 0.687912
BD_Bo
 1.48147 0.985371 0.475488 0.263718 0.283621 0.333522 0.440182 0.239868 0.219864 0.141103 0.0878995 0.175359 0.187016 0.150865 0.0935028 0.121938 0.44476 0.396346 0.902659 0.633289 0.668811 0.81338 0.781976 0.628744 0.894392 0.737327 0.606401 0.64963 0.955546 0.64622 0.423405 0.743452 0.466076
BD_Brms
 7.77126 5.1689 2.49424 1.38337 1.48777 1.74953 2.30904 1.25826 1.15333 0.740178 0.461089 0.919871 0.981019 0.791384 0.490482 0.639641 2.33305 2.07909 4.73502 3.32201 3.50834 4.2667 4.10196 3.29816 4.69166 3.86775 3.18096 3.40773 5.01245 3.38984 2.22103 3.89988 2.44487
Sel_flota
 0.684262 0.97629 0.998723 0.999933 0.999996
 0.684262 0.97629 0.998723 0.999933 0.999996
 0.684262 0.97629 0.998723 0.999933 0.999996
 0.684262 0.97629 0.998723 0.999933 0.999996
 0.684262 0.97629 0.998723 0.999933 0.999996
 0.684262 0.97629 0.998723 0.999933 0.999996
 0.684262 0.97629 0.998723 0.999933 0.999996
 0.684262 0.97629 0.998723 0.999933 0.999996
 0.684262 0.97629 0.998723 0.999933 0.999996
 0.684262 0.97629 0.998723 0.999933 0.999996
 0.684262 0.97629 0.998723 0.999933 0.999996
 0.684262 0.97629 0.998723 0.999933 0.999996
 0.684262 0.97629 0.998723 0.999933 0.999996
 0.684262 0.97629 0.998723 0.999933 0.999996
 0.684262 0.97629 0.998723 0.999933 0.999996
 0.684262 0.97629 0.998723 0.999933 0.999996
 0.684262 0.97629 0.998723 0.999933 0.999996
 0.684262 0.97629 0.998723 0.999933 0.999996
 0.684262 0.97629 0.998723 0.999933 0.999996
 0.684262 0.97629 0.998723 0.999933 0.999996
 0.684262 0.97629 0.998723 0.999933 0.999996
 0.684262 0.97629 0.998723 0.999933 0.999996
 0.684262 0.97629 0.998723 0.999933 0.999996
 0.684262 0.97629 0.998723 0.999933 0.999996
 0.684262 0.97629 0.998723 0.999933 0.999996
 0.684262 0.97629 0.998723 0.999933 0.999996
 0.684262 0.97629 0.998723 0.999933 0.999996
 0.684262 0.97629 0.998723 0.999933 0.999996
 0.684262 0.97629 0.998723 0.999933 0.999996
 0.684262 0.97629 0.998723 0.999933 0.999996
 0.684262 0.97629 0.998723 0.999933 0.999996
 0.684262 0.97629 0.998723 0.999933 0.999996
 0.684262 0.97629 0.998723 0.999933 0.999996
Sel_reclas
 1 1 1 1 1
 1 1 1 1 1
 1 1 1 1 1
 1 1 1 1 1
 1 1 1 1 1
 1 1 1 1 1
 1 1 1 1 1
 1 1 1 1 1
 1 1 1 1 1
 1 1 1 1 1
 1 1 1 1 1
 1 1 1 1 1
 1 1 1 1 1
 1 1 1 1 1
 1 1 1 1 1
 1 1 1 1 1
 1 1 1 1 1
 1 1 1 1 1
 1 1 1 1 1
 1 1 1 1 1
 1 1 1 1 1
 1 1 1 1 1
 1 1 1 1 1
 1 1 1 1 1
 1 1 1 1 1
 1 1 1 1 1
 1 1 1 1 1
 1 1 1 1 1
 1 1 1 1 1
 1 1 1 1 1
 1 1 1 1 1
 1 1 1 1 1
 1 1 1 1 1
Sel_pelaces
 1 1 1 1 1
 1 1 1 1 1
 1 1 1 1 1
 1 1 1 1 1
 1 1 1 1 1
 1 1 1 1 1
 1 1 1 1 1
 1 1 1 1 1
 1 1 1 1 1
 1 1 1 1 1
 1 1 1 1 1
 1 1 1 1 1
 1 1 1 1 1
 1 1 1 1 1
 1 1 1 1 1
 1 1 1 1 1
 1 1 1 1 1
 1 1 1 1 1
 1 1 1 1 1
 1 1 1 1 1
 1 1 1 1 1
 1 1 1 1 1
 1 1 1 1 1
 1 1 1 1 1
 1 1 1 1 1
 1 1 1 1 1
 1 1 1 1 1
 1 1 1 1 1
 1 1 1 1 1
 1 1 1 1 1
 1 1 1 1 1
 1 1 1 1 1
 1 1 1 1 1
pf_obs 
 0.8446 0.082 0.0669 0.0065 0
 0.8095 0.147 0.0364 0.0071 0
 0.9664 0.0169 0.016 0.0007 0
 0.9276 0.0648 0.0075 0.0001 0
 0.7033 0.2144 0.0806 0.0017 0
 0.9318 0.0425 0.0243 0.0014 0
 0.5671 0.3108 0.0964 0.0239 0.0018
 0.0768 0.2599 0.5324 0.112 0.0189
 0.490249 0.384438 0.106611 0.0170017 0.00170017
 0.7925 0.1577 0.0466 0.003 0.0002
 0.840416 0.127587 0.0312969 0.00059994 9.999e-05
 0.8084 0.0986 0.0794 0.0134 0.0002
 0.7335 0.1905 0.0724 0.0035 0.0001
 0.4001 0.4547 0.1325 0.0127 0
 0.49795 0.308269 0.164784 0.0264974 0.00249975
 0.9179 0.0499 0.0305 0.0017 0
 0.2467 0.6533 0.0926 0.0074 0
 0.9418 0.0223 0.034 0.0019 0
 0.707729 0.231977 0.0356964 0.0245975 0
 0.517169 0.277429 0.184464 0.0207286 0.00020938
 0.811772 0.124168 0.05621 0.00726502 0.000585176
 0.764997 0.148141 0.077277 0.00933861 0.000247198
 0.163321 0.427699 0.378323 0.0303852 0.000271297
 0.753843 0.0900009 0.118128 0.0371064 0.000921714
 0.721811 0.176058 0.0630433 0.0369309 0.00215725
 0.143369 0.312575 0.442814 0.0836902 0.0175525
 0.692698 0.0596174 0.167031 0.0765114 0.00414204
 0.394062 0.376323 0.152708 0.0712218 0.00568511
 0.125707 0.32114 0.495352 0.0537591 0.00404204
 0.23352 0.215282 0.420074 0.123614 0.00750983
 0.796117 0.104755 0.0508955 0.0450114 0.00322123
 0.162477 0.292055 0.404252 0.121198 0.0200186
 0 0 0 0 0
pf_pred 
 0.456276 0.136902 0.381678 0.025144 8.76054e-07
 0.40921 0.326499 0.0677613 0.184398 0.0121324
 0.569689 0.219711 0.117817 0.0238136 0.0689697
 0.717848 0.187997 0.048711 0.0254392 0.0200045
 0.645892 0.282587 0.0481258 0.0121126 0.0112822
 0.740523 0.188285 0.0570922 0.00949194 0.00460814
 0.46073 0.437207 0.0746013 0.0220297 0.00543287
 0.458484 0.314535 0.185168 0.0305774 0.0112364
 0.538343 0.254203 0.121694 0.0699781 0.0157821
 0.715802 0.183438 0.0562217 0.0261432 0.0183948
 0.829413 0.136897 0.0219964 0.00652989 0.00516386
 0.738963 0.228591 0.0261631 0.00410433 0.0021791
 0.683318 0.25899 0.0507152 0.00562699 0.00134911
 0.6417 0.277125 0.0667569 0.0126773 0.00174093
 0.754301 0.185879 0.0466628 0.0108241 0.00233304
 0.938941 0.0508744 0.00776694 0.00188695 0.000531107
 0.363996 0.610684 0.0212026 0.00314081 0.000976225
 0.906758 0.0430533 0.0482425 0.00163046 0.000316135
 0.570034 0.402667 0.0127872 0.0139498 0.000562063
 0.607782 0.263221 0.121032 0.00373402 0.00423107
 0.726728 0.192519 0.0546981 0.0244487 0.00160645
 0.744365 0.204647 0.0362098 0.0100148 0.00476363
 0.306124 0.56673 0.102363 0.0176078 0.00717534
 0.730215 0.106332 0.134125 0.0236182 0.00571035
 0.616414 0.30709 0.0306127 0.0376597 0.00822379
 0.420952 0.406558 0.138795 0.0134949 0.0201995
 0.717517 0.145324 0.0970018 0.0323208 0.00783582
 0.682473 0.250741 0.0347816 0.0226429 0.00936103
 0.350814 0.492011 0.124766 0.0168896 0.0155202
 0.472927 0.231713 0.225162 0.055738 0.0144597
 0.785519 0.12242 0.0410478 0.0389008 0.0121115
 0.432843 0.479157 0.0507942 0.0166018 0.0206035
 0.67991 0.167436 0.129444 0.0134037 0.00980516
pobs_RECLAS
 0 0 0 0 0
 0 0 0 0 0
 0 0 0 0 0
 0 0 0 0 0
 0 0 0 0 0
 0 0 0 0 0
 0 0 0 0 0
 0 0 0 0 0
 0 0 0 0 0
 0 0 0 0 0
 0.991045 0.00858322 0.000360255 1.14367e-05 0
 0.934742 0.0480273 0.0164251 0.00080598 0
 0.827803 0.169806 0.00239088 0 0
 0.941827 0.0461693 0.0120037 0 0
 0.791401 0.0380133 0.147996 0.0225897 0
 0.846168 0.0940531 0.0597789 0 0
 0.134021 0.677848 0.182769 0.00536245 0
 0.80878 0.0450904 0.141981 0.00414843 0
 0.846168 0.0940531 0.0597789 0 0
 0.905697 0.0802665 0.012482 0.00150086 5.37128e-05
 0.989698 0.0102097 9.19794e-05 0 0
 0.975433 0.0193895 0.00387452 0.00125025 5.28907e-05
 0.303575 0.632131 0.0575291 0.00676475 0
 0.966965 0.00978017 0.0227588 0.000495775 0
 0.843318 0.132988 0.00938335 0.0141283 0.000182051
 0.564624 0.303363 0.111486 0.0197234 0.00080311
 0.826376 0.0876187 0.0782897 0.00655872 0.00115652
 0.89761 0.0855135 0.0140674 0.00269457 0.000114338
 0.34875 0.467042 0.161289 0.0227151 0.000203297
 0.318654 0.224769 0.449479 0.00709798 0
 0.937255 0.0296025 0.0250945 0.00804832 0
 0.456809 0.399803 0.12412 0.0192676 0
 0.883104 0.0372192 0.0704036 0.00927362 0
ppred_RECLAS
 0.550477 0.11516 0.313721 0.0206417 7.19142e-07
 0.502436 0.277988 0.0563494 0.153151 0.0100759
 0.65885 0.176242 0.0923077 0.0186342 0.0539653
 0.788442 0.142123 0.0359449 0.0187479 0.0147417
 0.724329 0.22103 0.0367827 0.00924634 0.00861187
 0.805477 0.142068 0.042076 0.00698664 0.00339164
 0.557903 0.360143 0.0599246 0.0176719 0.00435786
 0.550357 0.263708 0.151717 0.025023 0.00919466
 0.63127 0.205283 0.0959306 0.0550925 0.0124241
 0.788376 0.137826 0.0412021 0.0191336 0.0134618
 0.874994 0.10078 0.015824 0.00469178 0.00371003
 0.805771 0.170608 0.0190513 0.00298474 0.00158457
 0.759677 0.197419 0.0377225 0.00417994 0.0010021
 0.729269 0.210659 0.0494143 0.00937059 0.00128673
 0.819423 0.137452 0.03365 0.00779512 0.00168005
 0.95745 0.0355979 0.00530349 0.00128679 0.000362158
 0.452694 0.526012 0.0178355 0.00263871 0.000820108
 0.934266 0.0307388 0.0336394 0.00113548 0.000220149
 0.658426 0.320386 0.0099318 0.0108208 0.000435963
 0.693602 0.207247 0.0930362 0.00286663 0.003248
 0.794502 0.145797 0.040455 0.0180596 0.00118656
 0.809169 0.153505 0.0265174 0.00732476 0.00348384
 0.389248 0.500979 0.0883975 0.0151867 0.00618828
 0.797792 0.0808358 0.0996167 0.0175199 0.00423563
 0.698813 0.24227 0.0235953 0.0289908 0.00633035
 0.512241 0.344839 0.11503 0.0111705 0.0167192
 0.786882 0.110898 0.0723187 0.0240666 0.00583429
 0.756093 0.193563 0.0262348 0.0170579 0.00705161
 0.437977 0.428347 0.106139 0.0143505 0.0131861
 0.566454 0.193119 0.183339 0.0453286 0.0117585
 0.841904 0.0911696 0.0298622 0.028265 0.00879954
 0.523086 0.404376 0.041892 0.0136754 0.0169706
 0.75565 0.129257 0.0976137 0.0100951 0.00738434
pobs_PELACES
 0 0 0 0 0
 0 0 0 0 0
 0 0 0 0 0
 0 0 0 0 0
 0 0 0 0 0
 0 0 0 0 0
 0 0 0 0 0
 0 0 0 0 0
 0 0 0 0 0
 0 0 0 0 0
 0 0 0 0 0
 0 0 0 0 0
 0 0 0 0 0
 0 0 0 0 0
 0 0 0 0 0
 0 0 0 0 0
 0.505614 0.472636 0.0217494 0 0
 0 0 0 0 0
 0.443492 0.261883 0.143347 0.151278 0
 0.227955 0.32914 0.350689 0.0885471 0.00366901
 0.970185 0.0296113 0.000203453 0 0
 0.997202 0.00247181 0.000326279 0 0
 0.445219 0.490057 0.0546422 0.010081 0
 0.90214 0.0892962 0.00764917 0.000914606 0
 0 0 0 0 0
 0.581667 0.319106 0.0959925 0.00289975 0.000334073
 0.762889 0.0836404 0.116647 0.0363945 0.000428098
 0.88444 0.0763242 0.0277011 0.0115352 0
 0.521256 0.241999 0.230069 0.00667565 0
 0.616807 0.101726 0.260614 0.0208532 0
 0.833518 0.0704572 0.0857862 0.0102388 0
 0.697417 0.212968 0.0787535 0.0105354 0.000325836
 0 0 0 0 0
ppred_PELACES
 0.555242 0.114058 0.310285 0.0204141 7.11209e-07
 0.511145 0.273446 0.0552857 0.150239 0.0098842
 0.666521 0.172497 0.0901166 0.0181894 0.0526768
 0.797106 0.136484 0.0343826 0.0179293 0.0140978
 0.727805 0.218301 0.0362806 0.00911947 0.00849367
 0.810656 0.138381 0.040881 0.0067873 0.00329485
 0.576581 0.3453 0.0571247 0.016841 0.00415289
 0.553591 0.261918 0.150541 0.0248276 0.00912286
 0.643274 0.198947 0.0926118 0.0531755 0.0119917
 0.800078 0.130454 0.0387899 0.0180082 0.0126698
 0.876714 0.0994172 0.0155913 0.00462249 0.00365523
 0.815555 0.16211 0.0180148 0.00282161 0.00149794
 0.770544 0.188647 0.0358815 0.00397497 0.000952949
 0.749552 0.195223 0.0454307 0.00861147 0.00118247
 0.830282 0.129363 0.0314906 0.00729266 0.00157174
 0.959779 0.0336742 0.00499458 0.00121155 0.000340977
 0.461862 0.517258 0.0174892 0.00258707 0.000804052
 0.936499 0.029738 0.0324556 0.00109536 0.000212368
 0.669558 0.31002 0.00957387 0.0104287 0.00042016
 0.703544 0.200753 0.0898023 0.00276646 0.00313447
 0.800508 0.141652 0.0391954 0.0174946 0.00114944
 0.816239 0.147921 0.0254631 0.00703219 0.00334466
 0.395728 0.495849 0.0873123 0.0149986 0.0061116
 0.80186 0.079299 0.0975408 0.0171531 0.00414693
 0.703912 0.238257 0.0231617 0.0284553 0.00621339
 0.517129 0.341532 0.11376 0.0110463 0.0165331
 0.791066 0.10882 0.0708314 0.0235692 0.0057137
 0.759852 0.190642 0.025799 0.0167731 0.00693385
 0.442435 0.425089 0.105188 0.0142208 0.013067
 0.572658 0.190555 0.180568 0.044639 0.0115796
 0.845748 0.0890367 0.0291004 0.0275407 0.00857401
 0.526415 0.401617 0.041564 0.0135676 0.0168368
 0.761195 0.126458 0.0952861 0.00985318 0.00720734
pobs_pel_tallas
 0 0 0 0 0 0 0 0 0 0 0 0 0 0 0 0 0 0 0 0 0 0 0 0 0 0
 0 0 0 0 0 0 0 0 0 0 0 0 0 0 0 0 0 0 0 0 0 0 0 0 0 0
 0 0 0 0 0 0 0 0 0 0 0 0 0 0 0 0 0 0 0 0 0 0 0 0 0 0
 0 0 0 0 0 0 0 0 0 0 0 0 0 0 0 0 0 0 0 0 0 0 0 0 0 0
 0 0 0 0 0 0 0 0 0 0 0 0 0 0 0 0 0 0 0 0 0 0 0 0 0 0
 0 0 0 0 0 0 0 0 0 0 0 0 0 0 0 0 0 0 0 0 0 0 0 0 0 0
 0 0 0 0 0 0 0 0 0 0 0 0 0 0 0 0 0 0 0 0 0 0 0 0 0 0
 0 0 0 0 0 0 0 0 0 0 0 0 0 0 0 0 0 0 0 0 0 0 0 0 0 0
 0 0 0 0 0 0 0 0 0 0 0 0 0 0 0 0 0 0 0 0 0 0 0 0 0 0
 0 0 0 0 0 0 0 0 0 0 0 0 0 0 0 0 0 0 0 0 0 0 0 0 0 0
 0 0 0 0 0 0 0 0 0 0 0 0 0 0 0 0 0 0 0 0 0 0 0 0 0 0
 0 0 0 0 0 0 0 0 0 0 0 0 0 0 0 0 0 0 0 0 0 0 0 0 0 0
 0.00862536 0 0 0.000197151 0.00414017 0.0128641 0.00837892 0.0270097 0.101434 0.158115 0.152841 0.127902 0.109271 0.109419 0.0830992 0.0579132 0.0238553 0.00714673 0.00463305 0.00128148 0.00103504 0.000492878 0.000147863 0.000147863 4.92878e-05 0
 0 0 0 0 0 0 0 0 0 0 0 0 0 0 0 0 0 0 0 0 0 0 0 0 0 0
 0 0 0 0 0 0 0 0.0054083 0.00873648 0.0413646 0.0450493 0.0745869 0.0622846 0.0627006 0.0613931 0.0827291 0.12552 0.122667 0.0946155 0.0697135 0.0546179 0.0294188 0.0215738 0.0213955 0.0102223 0.00600262
 0 0 0 0 0.00359764 0.0251062 0.0480494 0.140153 0.205849 0.193036 0.1447 0.116669 0.0760912 0.0342217 0.00950174 0.001854 0.000860785 0 0 0 0.000165536 0 0.000143464 0 0 0
 0 0 0 0 0 0 0 0.000145254 0.000435761 0.0275982 0.070085 0.0708112 0.156366 0.174668 0.174014 0.160142 0.0824315 0.0480064 0.0283245 0.00493863 0.00203355 0 0 0 0 0
 0 0 0 0 0 0 0 0 0 0 0 0 0 0 0 0 0 0 0 0 0 0 0 0 0 0
 0 0 1.00437e-05 0.000401748 0.00122533 0.00171747 0.00176769 0.0269171 0.070346 0.194647 0.189555 0.159765 0.064822 0.0314167 0.0384472 0.0292271 0.0345202 0.0313363 0.0194345 0.0106764 0.0143323 0.0359363 0.0279516 0.0138201 0.00172751 0
 0 0.0021121 0.0136068 0.0755702 0.200478 0.177729 0.0527432 0.0373336 0.0318909 0.0142505 0.0149659 0.0166563 0.0217959 0.0798694 0.0677717 0.0528807 0.04013 0.0224614 0.0357745 0.0225083 0.00881397 0.00855152 0.00135912 0.000746735 0 0
 0 0 0 0 5.4009e-05 0.00500934 0.000945158 0.0243581 0.138947 0.33067 0.221406 0.137944 0.0707744 0.0437923 0.0131692 0.00525238 0.0047753 0.00276346 9.45158e-05 9.00151e-06 2.25038e-05 9.00151e-06 4.50075e-06 0 0 0
 0.000866109 0.00284123 0.00948549 0.0512746 0.133035 0.25785 0.225252 0.132002 0.0553304 0.0519788 0.0540692 0.017754 0.00435017 0.00159236 0.00146478 0.000404838 0.000125132 0.000115318 0.000107957 0.000100596 0 0 0 0 0 0
 0 0 0 0 0.00144013 0.00171154 0.00461396 0.0210425 0.0478622 0.0707936 0.0888783 0.103762 0.0637923 0.0337046 0.0602308 0.124433 0.169614 0.0934646 0.0462172 0.0250306 0.0313229 0.00938855 0.002487 0.000210481 0 0
 0 0.00764035 0.051015 0.0998891 0.058973 0.0496711 0.0374665 0.0718981 0.12319 0.153886 0.159021 0.0857701 0.0377988 0.023471 0.0147837 0.00900784 0.00315554 0.000888139 0.00291439 0.00214683 0.00393193 0.00274676 0.000635225 9.99891e-05 0 0
 0 0 0 0 0 0 0 0 0 0 0 0 0 0 0 0 0 0 0 0 0 0 0 0 0 0
 0 0 0 0 0 0 0 0 0 0 0 0 0 0 0 0 0 0 0 0 0 0 0 0 0 0
 0 0 0 0 0 0 0 0 0 0 0 0 0 0 0 0 0 0 0 0 0 0 0 0 0 0
 0 0 0 0 0 0 0 0 0 0 0 0 0 0 0 0 0 0 0 0 0 0 0 0 0 0
 0 0 0 0 0 0 0 0 0 0 0 0 0 0 0 0 0 0 0 0 0 0 0 0 0 0
 0 0 0 0 0 0 0 0 0 0 0 0 0 0 0 0 0 0 0 0 0 0 0 0 0 0
 0 0 0 0 0 0 0 0 0 0 0 0 0 0 0 0 0 0 0 0 0 0 0 0 0 0
 0 0 0 0 0 0 0 0 0 0 0 0 0 0 0 0 0 0 0 0 0 0 0 0 0 0
 0 0 0 0 0 0 0 0 0 0 0 0 0 0 0 0 0 0 0 0 0 0 0 0 0 0
ppred_pel_tallas
 1.11031e-16 4.57346e-05 0.000444556 0.00295423 0.0134295 0.0417843 0.0890263 0.129939 0.12995 0.0890825 0.0419743 0.013984 0.00436817 0.00360402 0.00625914 0.0108295 0.0168832 0.0239049 0.0312992 0.0386319 0.0456019 0.0516941 0.0559086 0.0569846 0.0540721 0.0473441
 1.18405e-16 4.21024e-05 0.00040925 0.00271961 0.012363 0.038466 0.0819568 0.119624 0.11965 0.082086 0.0389 0.0136179 0.00587408 0.00731132 0.0131996 0.0218925 0.0318792 0.0408786 0.0466617 0.0483742 0.0471033 0.0451034 0.044263 0.0449952 0.046248 0.0463812
 1.13384e-16 5.49004e-05 0.000533652 0.00354631 0.016121 0.0501585 0.106869 0.155981 0.155998 0.10695 0.0504337 0.0169174 0.0055513 0.00493017 0.00846302 0.0140595 0.020619 0.0267276 0.0309939 0.0328266 0.0327718 0.0320537 0.0316929 0.0319064 0.0321622 0.0316779
 1.05211e-16 6.56566e-05 0.000638206 0.0042411 0.0192794 0.0599856 0.127806 0.186539 0.186553 0.127871 0.060202 0.0199051 0.00581318 0.00407548 0.00660992 0.0108674 0.0157548 0.0200445 0.0225401 0.022716 0.0210281 0.0185802 0.0164158 0.0149877 0.0141237 0.0133573
 1.03455e-16 5.99484e-05 0.00058272 0.00387238 0.0176033 0.0547705 0.116695 0.170324 0.170345 0.116798 0.0551159 0.0186011 0.00637761 0.00605346 0.0104552 0.0172041 0.0248119 0.0312768 0.0346007 0.033868 0.0297848 0.024184 0.0189082 0.0149423 0.0122986 0.010466
 1.02454e-16 6.67727e-05 0.000649054 0.00431319 0.0196072 0.0610052 0.129979 0.18971 0.189724 0.130044 0.0612248 0.0202417 0.00590761 0.00413514 0.00670349 0.0110184 0.0159634 0.020278 0.0227186 0.0227033 0.0206341 0.0175791 0.0145859 0.0121752 0.0103136 0.00871981
 1.04129e-16 4.74923e-05 0.000461642 0.00306778 0.0139457 0.0433904 0.092449 0.134939 0.134972 0.0926117 0.0439367 0.0155239 0.00703009 0.00911389 0.0164871 0.0272007 0.0392251 0.0494243 0.0546294 0.0533761 0.0467629 0.0376734 0.029018 0.0223715 0.0177957 0.0145463
 1.08445e-16 4.55986e-05 0.000443235 0.00294545 0.0133896 0.0416602 0.0887624 0.129557 0.129582 0.0888867 0.0420782 0.0145992 0.00599059 0.00712004 0.0128119 0.0213328 0.0312501 0.0403935 0.0465484 0.0486511 0.0473175 0.0442072 0.0407893 0.0375468 0.0341147 0.0299768
 1.10086e-16 5.29857e-05 0.00051504 0.00342262 0.0155588 0.0484092 0.103142 0.150542 0.150561 0.103236 0.0487262 0.0164761 0.00573136 0.00557501 0.00972219 0.0161468 0.0236313 0.0305237 0.0351815 0.0368791 0.0362041 0.0345384 0.0330532 0.0320377 0.0309806 0.0291531
 1.05103e-16 6.59014e-05 0.000640585 0.00425691 0.0193513 0.0602092 0.128283 0.187235 0.187247 0.128344 0.0604163 0.01995 0.00576169 0.00393215 0.00633702 0.0104251 0.0151389 0.0193133 0.021814 0.0221386 0.0207085 0.0185477 0.016612 0.0152974 0.0144223 0.0135519
 1.01558e-16 7.22138e-05 0.000701944 0.00466466 0.0212049 0.0659763 0.14057 0.205168 0.205177 0.140617 0.0661336 0.0216592 0.00580528 0.00319254 0.00480417 0.00783302 0.0112891 0.0142235 0.0157228 0.0153702 0.0134898 0.0109206 0.00850666 0.00670012 0.00550681 0.00469082
 1.01098e-16 6.71762e-05 0.000652977 0.00433926 0.0197257 0.061374 0.130764 0.190858 0.190873 0.130841 0.0616301 0.0204655 0.00619584 0.00470449 0.00775757 0.0127075 0.0182728 0.0229224 0.0251427 0.0242337 0.0207223 0.0160054 0.0115205 0.00808784 0.00580081 0.00433587
 1.01644e-16 6.34687e-05 0.000616938 0.00409977 0.018637 0.0579867 0.123547 0.180325 0.180343 0.123636 0.0582853 0.0194996 0.0062656 0.00534696 0.00905242 0.0148798 0.0214623 0.0270568 0.0299247 0.0292523 0.0256167 0.0205672 0.0156764 0.01181 0.00903762 0.00701087
 1.02425e-16 6.17397e-05 0.000600132 0.00398809 0.0181293 0.056407 0.120182 0.175413 0.175432 0.120274 0.0567163 0.019023 0.0062328 0.00550482 0.0093897 0.0154593 0.0223427 0.0282602 0.0314337 0.0310318 0.0276402 0.0228207 0.0181348 0.0144045 0.0116446 0.00947445
 1.0194e-16 6.83893e-05 0.000664768 0.00441762 0.0200819 0.0624822 0.133125 0.194303 0.194315 0.133186 0.0626872 0.0206743 0.00590574 0.00391681 0.0062548 0.0102588 0.0148338 0.018784 0.0209359 0.0207435 0.0185964 0.0155241 0.012548 0.0101935 0.00844974 0.00704833
 1.00333e-16 7.90557e-05 0.00076845 0.00510662 0.0232139 0.0722272 0.153888 0.224604 0.224608 0.153904 0.0722805 0.0233678 0.00549278 0.00161151 0.00168036 0.00265333 0.00381562 0.00480026 0.00529195 0.00514658 0.00447174 0.0035514 0.00267431 0.00199996 0.00153958 0.00122328
 1.01033e-16 3.8043e-05 0.000369792 0.0024574 0.011171 0.0347574 0.0740562 0.108098 0.108147 0.0742994 0.0355735 0.0135268 0.00836627 0.013254 0.0244634 0.040267 0.0577306 0.0720243 0.0782521 0.0741554 0.061489 0.0449036 0.0292665 0.0174761 0.0100099 0.0058472
 1.01091e-16 7.71382e-05 0.00074981 0.00498275 0.0226509 0.0704753 0.150155 0.219156 0.219159 0.150169 0.0705232 0.0227899 0.00533376 0.00152295 0.00156554 0.0025182 0.00374085 0.00495416 0.0059203 0.0065139 0.00676386 0.00677973 0.00663133 0.00629573 0.00570937 0.00486084
 1.01473e-16 5.51506e-05 0.000536084 0.00356247 0.0161945 0.0503872 0.107356 0.156696 0.156726 0.107502 0.0508763 0.0176066 0.00710446 0.00825981 0.0146992 0.0241488 0.0346318 0.0432374 0.0470443 0.0447173 0.0373248 0.0276591 0.0186208 0.0119036 0.00772966 0.00542049
 1.03451e-16 5.795e-05 0.000563295 0.00374329 0.0170165 0.0529447 0.112805 0.164646 0.164666 0.1129 0.0532641 0.0179402 0.00606647 0.00564949 0.00976036 0.016155 0.0235227 0.0301097 0.0341429 0.0347619 0.0324626 0.0286377 0.0246235 0.0210415 0.0178268 0.0146924
 1.03117e-16 6.59368e-05 0.00064093 0.0042592 0.0193617 0.0602416 0.128352 0.187336 0.187349 0.128418 0.0604663 0.0200112 0.00589123 0.00420934 0.00685984 0.0112809 0.0163496 0.0207843 0.0233241 0.0233906 0.0214131 0.0184951 0.0156994 0.0135234 0.0118746 0.0104024
 1.02044e-16 6.72326e-05 0.000653525 0.0043429 0.0197422 0.0614254 0.130874 0.191017 0.191031 0.130944 0.0616595 0.0204184 0.00604071 0.00436123 0.00711291 0.0116635 0.0168208 0.0212072 0.0234661 0.0229735 0.020201 0.0163818 0.0127566 0.00999043 0.00809832 0.00675069
 1.05185e-16 3.25957e-05 0.000316842 0.00210553 0.00957146 0.0297806 0.0634525 0.0926208 0.0926686 0.0636862 0.0305653 0.0118381 0.00779642 0.0127442 0.0236465 0.0390718 0.0563529 0.0710125 0.0784932 0.0766737 0.0671043 0.0538989 0.0412254 0.0313647 0.0244596 0.0195173
 1.05258e-16 6.60482e-05 0.000642012 0.00426639 0.0193944 0.0603433 0.128568 0.18765 0.187658 0.128606 0.0604716 0.0197668 0.00520783 0.00271952 0.00407722 0.00680743 0.0102007 0.0136661 0.0166266 0.0187874 0.020232 0.0212047 0.0217825 0.0217507 0.0207803 0.0187238
 1.04635e-16 5.79804e-05 0.00056359 0.00374525 0.0170254 0.0529725 0.112864 0.164734 0.164756 0.112976 0.0533491 0.0181131 0.00647521 0.0065224 0.0113733 0.0187079 0.0269423 0.0338887 0.0373723 0.0364248 0.031878 0.0258108 0.0202956 0.0164108 0.0140934 0.0126469
 1.07276e-16 4.25953e-05 0.000414042 0.00275145 0.0125077 0.0389164 0.0829167 0.121026 0.121059 0.0830781 0.0394586 0.0140752 0.00669107 0.00903083 0.016456 0.0272646 0.0395676 0.050376 0.0566502 0.0569626 0.0522867 0.0452091 0.0382443 0.032608 0.0281724 0.0242344
 1.05403e-16 6.51591e-05 0.000633369 0.00420896 0.0191333 0.059531 0.126837 0.185125 0.185136 0.126889 0.059705 0.0196372 0.00547842 0.00341996 0.00540266 0.00894768 0.0131637 0.0171466 0.0200134 0.0213553 0.021435 0.0209049 0.0202867 0.0196536 0.0187198 0.0171708
 1.03649e-16 6.2588e-05 0.000608378 0.00404289 0.0183784 0.0571821 0.121833 0.177823 0.177841 0.121923 0.0574836 0.0192494 0.0062294 0.00538238 0.00913196 0.0150058 0.0216314 0.0272528 0.0301313 0.0294845 0.0259562 0.0211761 0.01677 0.0135851 0.0115845 0.0102507
 1.06782e-16 3.64429e-05 0.000354238 0.00235404 0.0107011 0.0332954 0.0709409 0.103549 0.10359 0.0711415 0.0339691 0.0126479 0.00724417 0.0110409 0.0203658 0.0336984 0.0487443 0.0617231 0.0687874 0.0681417 0.0610653 0.0509469 0.0411558 0.0334382 0.027776 0.0232924
 1.11696e-16 4.71691e-05 0.000458501 0.0030469 0.0138508 0.043095 0.0918191 0.134017 0.134035 0.0919102 0.0434016 0.0147396 0.0052904 0.00539705 0.00954693 0.0160245 0.0238208 0.0315142 0.0376548 0.0415413 0.0435107 0.0444239 0.0448127 0.0444515 0.0426555 0.0389351
 1.05076e-16 6.96632e-05 0.000677151 0.00449991 0.0204559 0.063646 0.135605 0.197921 0.19793 0.135647 0.0637876 0.0208653 0.00552929 0.0029307 0.00436887 0.00716456 0.0104409 0.013408 0.015322 0.0158725 0.0153656 0.0144879 0.0138355 0.0135794 0.0134743 0.0131163
 1.05513e-16 4.33602e-05 0.000421476 0.00280086 0.0127323 0.0396152 0.0844058 0.123201 0.12324 0.0845949 0.0402499 0.0145652 0.00740063 0.0104598 0.0190993 0.0314846 0.0453021 0.0568738 0.0624871 0.0604517 0.0521237 0.0410038 0.0306562 0.0230542 0.0183029 0.0154306
 1.0499e-16 6.26987e-05 0.000609453 0.00405003 0.0184109 0.0572831 0.122048 0.178135 0.178148 0.122108 0.0574856 0.0189974 0.00552828 0.00385607 0.00628603 0.0104426 0.0153861 0.020077 0.0234775 0.0250776 0.0251247 0.0243117 0.0232038 0.0219054 0.0201787 0.0178055
pSPR Fmed_Fpbrs
0.56737   0.240635 0.240635
Fs Fmed_Fpbrs
0.34   1.005 1.005
SSBpbr Bo_Bmed_Bpbrs
1.52157e+06  787216  290065 290065
Ro
143094
SPR SPRFo_SPRFmed_SPRFpbrs
1.0309e+06 584902 248070
Fref
1.005
Nvult_r0
 137554 26013.1 19782 2046.59 1497.07
CTP_r0
 56049.4 12882.9 9909.35 1025.81 750.399
YTP_r0
944518
Np
 161545 29877.3 6958.73 1113.41 949.675
Nvult_p0
 131668 25757 6020.46 963.472 821.791
CTP_p0
 53650.9 21543.6 3578.78 2695.62 354.475
 53650.9 12756.1 3015.82 482.921 411.92
YTP_p0
 963527 729358
CBA_c0
950221
log_Ro
11.6913
likeval ReclasPelacesDesembMPH_pf_preclas_ppelaces_ptallas_desvR_qrecl_qpela
 13.8569 17.0181 0.0341239 0.000919296 231.131 134.227 109.274 0 23.4804 2.52362e-06 9.45813e-06 0.168687 0 0 0
q_reclas_q_pelaces
1.2519 1.54485
M
1
N
 172549 37108.3 101306 6666.34 0.232252
 95786.2 55769.2 11349 30851.8 2029.78
 98661.3 27747.4 14588.8 2945.66 8530.86
 147294 28702.2 7302.74 3810.15 2996.02
 120089 37613.3 6271.97 1576.8 1468.61
 210946 39096.6 11623.3 1930.42 937.127
 85062.3 61520.2 10326.2 3046.66 751.318
 37609.3 18370 10584.3 1745.82 641.504
 36038.8 12645.4 5943.96 3414.66 770.065
 47778.9 9283.35 2797.79 1299.82 914.531
 90857.4 10714.8 1685.43 499.775 395.2
 128432 29924.1 3366.19 527.585 280.095
 106072 30172.7 5805.51 643.537 154.285
 75602 25547.8 6065.39 1150.95 158.049
 71082.3 13334.5 3292.63 763.102 164.473
 381391 15482.3 2322.22 563.645 158.637
 75655.4 92953.5 3165.33 468.408 145.582
 617169 21427.5 23546.6 794.981 154.133
 336387 176473 5502.3 5996.69 241.606
 271475 86980.8 39256.8 1209.93 1370.92
 371354 72006.3 20064.7 8959.17 588.65
 518985 105523 18326 5063.55 2408.39
 102928 137963 24419.5 4195.98 1709.8
 297778 31302.9 38684.8 6804.64 1645.11
 256455 92198.8 9004.55 11065.3 2416.21
 114830 79577.6 26604.5 2583.85 3867.34
 252231 36876.7 24115.8 8026.59 1945.85
 296004 78128.7 10614.2 6902.22 2853.35
 93927.8 94368.4 23431.8 3168.42 2911.37
 86119.7 30459.7 28998.9 7170.74 1860.15
 235963 26669 8764.04 8296.76 2583
 90076.3 71040.1 7370.82 2406.36 2986.2
 168767 30174.4 22865 2365.1 1730.04
pred_Ctot
 13385.2 4016.11 11196.8 737.616 0.0256997
 13123.4 10470.8 2173.11 5913.67 389.089
 13299.2 5129.1 2750.4 555.922 1610.08
 29333.1 7682.04 1990.45 1039.51 817.433
 8819.26 3858.55 657.128 165.391 154.052
 28162.2 7160.5 2171.22 360.979 175.248
 23178.3 21994.9 3753.04 1108.27 273.316
 2060.29 1413.42 832.088 137.406 50.4928
 7029.72 3319.39 1589.08 913.778 206.083
 12271.4 3144.8 963.844 448.19 315.353
 6069.42 1001.78 160.964 47.784 37.7878
 30422.3 9410.84 1077.11 168.971 89.7111
 23959.1 9080.95 1778.22 197.298 47.3037
 26381.1 11392.9 2744.46 521.18 71.5718
 19120.5 4711.76 1182.83 274.375 59.1392
 84121.8 4557.95 695.858 169.056 47.5831
 11241.5 18860.1 654.81 96.9993 30.1492
 88695.2 4211.29 4718.88 159.484 30.923
 65012.2 45924 1458.38 1590.97 64.1031
 49166.5 21293.2 9790.9 302.063 342.272
 54556.5 14452.7 4106.27 1835.4 120.599
 93434.1 25687.7 4545.13 1257.08 597.94
 11451.9 21201 3829.33 658.698 268.424
 30230.6 4402.11 5552.7 977.783 236.406
 25728.8 12817.7 1277.76 1571.89 343.256
 9324.97 9006.12 3074.6 298.941 447.461
 25549.2 5174.68 3454.01 1150.87 279.016
 25251.9 9277.57 1286.94 837.802 346.364
 7108.25 9969.22 2528.02 342.22 314.474
 8735.18 4279.85 4158.86 1029.51 267.078
 27536.5 4291.47 1438.94 1363.67 424.571
 5130.17 5679.1 602.026 196.769 244.197
 20318.2 5003.61 3868.27 400.552 293.014
F
 0.129457 0.184707 0.188951 0.18918 0.189192
 0.238975 0.340964 0.348799 0.349221 0.349244
 0.23472 0.334893 0.342589 0.343004 0.343025
 0.365075 0.520881 0.53285 0.533496 0.53353
 0.122196 0.174347 0.178353 0.178569 0.17858
 0.232238 0.331352 0.338966 0.339377 0.339398
 0.532664 0.759993 0.777456 0.778398 0.778447
 0.0899548 0.128345 0.131295 0.131454 0.131462
 0.356373 0.508466 0.520149 0.520779 0.520812
 0.494962 0.706201 0.722428 0.723302 0.723348
 0.110627 0.15784 0.161467 0.161662 0.161673
 0.448463 0.639857 0.654559 0.655352 0.655394
 0.423568 0.604337 0.618223 0.618972 0.619011
 0.735127 1.04886 1.07296 1.07426 1.07433
 0.524142 0.747834 0.765017 0.765944 0.765992
 0.411725 0.58744 0.600938 0.601666 0.601704
 0.261512 0.37312 0.381694 0.382156 0.38218
 0.251974 0.359511 0.367772 0.368217 0.368241
 0.352573 0.503044 0.514603 0.515226 0.515259
 0.327117 0.466723 0.477448 0.478026 0.478056
 0.258226 0.368432 0.376897 0.377354 0.377378
 0.324889 0.463545 0.474196 0.47477 0.4748
 0.190316 0.271539 0.277778 0.278115 0.278132
 0.172402 0.24598 0.251632 0.251937 0.251953
 0.170221 0.242868 0.248449 0.248749 0.248765
 0.135876 0.193865 0.198319 0.198559 0.198572
 0.171987 0.245387 0.251026 0.25133 0.251346
 0.143165 0.204265 0.208958 0.209211 0.209225
 0.126123 0.179949 0.184084 0.184307 0.184318
 0.172238 0.245746 0.251393 0.251697 0.251713
 0.200431 0.285971 0.292542 0.292896 0.292915
 0.0936645 0.133638 0.136709 0.136875 0.136883
 0.207351 0.295844 0.302642 0.303008 0.303027
YTP_r0W_actual
 422613 224807 238518 32128.5 26451.6
YTP_p0W_proyectada
 404527 375936 86141.2 84427 12495.2
 404527 222594 72590.7 15125.1 14520.2
CTP_r0_actual
 56049.4 12882.9 9909.35 1025.81 750.399
CTP_p0_proyectada
 53650.9 21543.6 3578.78 2695.62 354.475
 53650.9 12756.1 3015.82 482.921 411.92
Wmedp
 7.54 17.45 24.07 31.32 35.25
Frms_r0
 0.687684 0.981172 1.00372 1.00493 1.005
Zrms_r0
 1.68768 1.98117 2.00372 2.00493 2.005
nmprior
 7.29 8.9 8.7 0
nm_flota  nm_reclas  nm_pelaces    nm_pelaL
inf 13.4505 21.3559 72.6648
cv_recla  cv_pelaces  cv_mph
0.322377 0.451904 0.810333
 ------------------------------------------------
Talla a la edad & desviaci?n 
 8 13.2811 15.8009 17.003 17.5766
 0.8 1.32811 1.58009 1.7003 1.75766
