years
 1991 1992 1993 1994 1995 1996 1997 1998 1999 2000 2001 2002 2003 2004 2005 2006 2007 2008 2009 2010 2011 2012 2013 2014 2015 2016 2017 2018 2019 2020 2021 2022 2023
reclasobs
 0 0 0 0 0 0 0 0 0 252601 567819 844713 477998 351125 339783 2.1784e+06 2.13404e+06 4.81314e+06 1.55562e+06 2.62356e+06 3.21686e+06 3.843e+06 1.13348e+06 3.07943e+06 1.97215e+06 2.03268e+06 2.025e+06 2.42433e+06 2.27542e+06 1.05018e+06 2.36338e+06 3.18982e+06 1.53035e+06
reclaspred
 3.94841e+06 2.26156e+06 1.11842e+06 909705 939658 1.25003e+06 937764 799058 569692 429835 427310 586703 581052 478187 550086 1.08606e+06 1.56781e+06 2.38007e+06 2.31364e+06 1.78949e+06 3.03342e+06 2.45266e+06 2.26323e+06 2.8195e+06 2.48085e+06 2.24157e+06 2.29532e+06 2.30698e+06 2.54566e+06 1.74064e+06 1.81484e+06 2.49157e+06 1.90822e+06
pelacesobs
 0 0 0 0 0 0 0 0 0 0 0 0 0 0 0 552880 188675 0 991730 2.46772e+06 1.41603e+06 1.21717e+06 2.29649e+06 1.80582e+06 0 1.4828e+06 1.56532e+06 1.57751e+06 1.42118e+06 867257 1.10002e+06 1.06204e+06 0
pelacespred
 1.92873e+06 1.21184e+06 614656 400096 432268 567814 412876 406166 296696 207960 222997 245368 263986 232582 284892 471756 667561 1.0957e+06 1.16153e+06 867004 1.28457e+06 1.23854e+06 1.08827e+06 1.45289e+06 1.31011e+06 1.13096e+06 1.29826e+06 1.26364e+06 1.19382e+06 934781 881534 1.14365e+06 934787
mphobs
 0 0 0 0 0 0 0 0 0 0 0 0 498337 0 5186 125008 0 168611 109162 213762 579715 649985 157893 87575 83554 210694 70296 0 107559 103333 445601 22526 28222
mphpred
 3.84386e+06 2.56702e+06 1.28583e+06 702950 738196 806251 1.00151e+06 627455 563167 393019 275004 440207 468066 396503 319681 516089 1.19812e+06 1.3186e+06 1.92253e+06 1.61978e+06 1.66338e+06 2.01876e+06 1.76504e+06 1.55965e+06 2.3166e+06 1.74623e+06 1.57162e+06 1.75341e+06 2.25295e+06 1.70158e+06 1.10905e+06 1.72382e+06 1.253e+06
desembarqueobs
 494567 514787 250237 358949 120608 361735 552515 73892 212993 205616 52469 317467 293654 387597 252695 516296 358380 742168 942051 627588 828172 859565 418607 520667 417249 300574 415391 372974 316634 284311 391294 218835 356480
desembarquepred
 494572 513510 250858 358978 120613 361752 552571 73896.1 213042 205660 52471.7 317558 293730 387673 252696 516278 358412 742085 941911 627502 828268 859670 418636 520707 417275 300585 415407 372985 316650 284324 391289 218845 356495
Reclutas
 214468 118827 125961 197018 159101 256701 109268 52618.7 48071.6 68747 126132 146968 132942 105590 132269 502485 162279 673892 529525 336835 548419 663216 165636 457861 350523 185660 392719 410554 144098 151128 343082 160514 325523
log_desv_Rt
 0.0462584 -0.544237 -0.485931 -0.0386088 -0.252362 0.226011 -0.628099 -1.35883 -1.44921 -1.09147 -0.484571 -0.331686 -0.431991 -0.662342 -0.437061 0.897663 -0.232587 1.19117 0.950079 0.497692 0.985137 1.1752 -0.212111 0.804663 0.537523 -0.0979876 0.651192 0.695605 -0.351407 -0.303772 0.516067 -0.243524 0.463531
SSB
 3.84386e+06 2.56702e+06 1.28583e+06 702950 738196 806251 1.00151e+06 627455 563167 393019 275004 440207 448796 390169 311263 502439 1.19812e+06 1.3186e+06 1.97423e+06 1.66208e+06 1.74647e+06 2.20857e+06 2.00546e+06 1.70905e+06 2.39747e+06 1.90914e+06 1.62641e+06 1.75341e+06 2.32938e+06 1.6632e+06 1.21754e+06 1.94056e+06 1.31194e+06
BT
 5.10756e+06 3.45712e+06 1.75935e+06 1.47887e+06 1.27928e+06 2.11103e+06 1.55681e+06 1.23506e+06 1.04054e+06 800313 769080 1.00894e+06 1.08007e+06 1.17006e+06 1.27154e+06 2.13006e+06 2.1155e+06 4.37062e+06 4.40039e+06 2.95224e+06 4.80975e+06 4.37019e+06 3.25956e+06 5.34877e+06 3.86042e+06 3.39593e+06 4.66232e+06 4.2756e+06 3.21527e+06 2.7972e+06 3.11421e+06 3.26846e+06 3.22062e+06
Ftot
 0.112635 0.204313 0.199247 0.319012 0.109038 0.229593 0.497732 0.0791011 0.309452 0.390539 0.0941444 0.429491 0.401405 0.61039 0.334259 0.340235 0.193247 0.238813 0.326801 0.289023 0.218726 0.283724 0.160927 0.143482 0.143828 0.114915 0.14227 0.126334 0.111999 0.140696 0.166664 0.0766895 0.149047
BD_Bspro_t
 0.98214 0.869875 0.730774 0.650737 0.634322 0.697045 0.673554 0.515495 0.575679 0.535446 0.514988 0.705481 0.584959 0.505389 0.434633 0.54706 0.650201 0.656825 0.69104 0.621122 0.588711 0.639387 0.645936 0.648725 0.745165 0.74673 0.75919 0.789834 0.821156 0.772071 0.741469 0.794959 0.8026
BD_Bspro
 2.60556 1.74005 0.871598 0.476494 0.500385 0.546517 0.678874 0.42532 0.381742 0.266408 0.186411 0.298394 0.304216 0.264476 0.210989 0.340578 0.812142 0.893811 1.33823 1.12664 1.18385 1.49708 1.3594 1.15848 1.62513 1.29411 1.10246 1.18855 1.57897 1.1274 0.825311 1.31541 0.889295
BD_Bo
 1.42837 0.953901 0.477813 0.261216 0.274313 0.299602 0.372161 0.233162 0.209272 0.146046 0.102191 0.163581 0.166772 0.144986 0.115665 0.186706 0.445219 0.48999 0.733622 0.617629 0.648988 0.820703 0.745227 0.635083 0.890899 0.709435 0.604373 0.651567 0.865594 0.618043 0.452438 0.72111 0.487514
BD_Brms
 8.08464 5.39911 2.70444 1.47849 1.55262 1.69576 2.10644 1.3197 1.18449 0.826623 0.578404 0.925871 0.943935 0.820628 0.654667 1.05676 2.51995 2.77336 4.15233 3.4958 3.67329 4.6452 4.21801 3.59459 5.04252 4.01542 3.42077 3.68789 4.89929 3.49814 2.56081 4.0815 2.75935
Sel_flota
 0.734966 1 1 1 1
 0.734966 1 1 1 1
 0.734966 1 1 1 1
 0.734966 1 1 1 1
 0.734966 1 1 1 1
 0.734966 1 1 1 1
 0.734966 1 1 1 1
 0.734966 1 1 1 1
 0.734966 1 1 1 1
 0.734966 1 1 1 1
 0.734966 1 1 1 1
 0.734966 1 1 1 1
 0.734966 1 1 1 1
 0.734966 1 1 1 1
 0.734966 1 1 1 1
 0.734966 1 1 1 1
 0.734966 1 1 1 1
 0.734966 1 1 1 1
 0.734966 1 1 1 1
 0.734966 1 1 1 1
 0.734966 1 1 1 1
 0.734966 1 1 1 1
 0.734966 1 1 1 1
 0.734966 1 1 1 1
 0.734966 1 1 1 1
 0.734966 1 1 1 1
 0.734966 1 1 1 1
 0.734966 1 1 1 1
 0.734966 1 1 1 1
 0.734966 1 1 1 1
 0.734966 1 1 1 1
 0.734966 1 1 1 1
 0.734966 1 1 1 1
Sel_reclas
 0.5 1 1 1 1
 0.5 1 1 1 1
 0.5 1 1 1 1
 0.5 1 1 1 1
 0.5 1 1 1 1
 0.5 1 1 1 1
 0.5 1 1 1 1
 0.5 1 1 1 1
 0.5 1 1 1 1
 0.5 1 1 1 1
 0.5 1 1 1 1
 0.5 1 1 1 1
 0.5 1 1 1 1
 0.5 1 1 1 1
 0.5 1 1 1 1
 0.5 1 1 1 1
 0.5 1 1 1 1
 0.5 1 1 1 1
 0.5 1 1 1 1
 0.5 1 1 1 1
 0.5 1 1 1 1
 0.5 1 1 1 1
 0.5 1 1 1 1
 0.5 1 1 1 1
 0.5 1 1 1 1
 0.5 1 1 1 1
 0.5 1 1 1 1
 0.5 1 1 1 1
 0.5 1 1 1 1
 0.5 1 1 1 1
 0.5 1 1 1 1
 0.5 1 1 1 1
 0.5 1 1 1 1
Sel_pelaces
 0.5 1 1 1 1
 0.5 1 1 1 1
 0.5 1 1 1 1
 0.5 1 1 1 1
 0.5 1 1 1 1
 0.5 1 1 1 1
 0.5 1 1 1 1
 0.5 1 1 1 1
 0.5 1 1 1 1
 0.5 1 1 1 1
 0.5 1 1 1 1
 0.5 1 1 1 1
 0.5 1 1 1 1
 0.5 1 1 1 1
 0.5 1 1 1 1
 0.5 1 1 1 1
 0.5 1 1 1 1
 0.5 1 1 1 1
 0.5 1 1 1 1
 0.5 1 1 1 1
 0.5 1 1 1 1
 0.5 1 1 1 1
 0.5 1 1 1 1
 0.5 1 1 1 1
 0.5 1 1 1 1
 0.5 1 1 1 1
 0.5 1 1 1 1
 0.5 1 1 1 1
 0.5 1 1 1 1
 0.5 1 1 1 1
 0.5 1 1 1 1
 0.5 1 1 1 1
 0.5 1 1 1 1
pf_obs 
 0.8446 0.082 0.0669 0.0065 0
 0.8095 0.147 0.0364 0.0071 0
 0.9664 0.0169 0.016 0.0007 0
 0.9276 0.0648 0.0075 0.0001 0
 0.7033 0.2144 0.0806 0.0017 0
 0.9318 0.0425 0.0243 0.0014 0
 0.5671 0.3108 0.0964 0.0239 0.0018
 0.0768 0.2599 0.5324 0.112 0.0189
 0.490249 0.384438 0.106611 0.0170017 0.00170017
 0.7925 0.1577 0.0466 0.003 0.0002
 0.840416 0.127587 0.0312969 0.00059994 9.999e-05
 0.8084 0.0986 0.0794 0.0134 0.0002
 0.7335 0.1905 0.0724 0.0035 0.0001
 0.4001 0.4547 0.1325 0.0127 0
 0.49795 0.308269 0.164784 0.0264974 0.00249975
 0.9179 0.0499 0.0305 0.0017 0
 0.2467 0.6533 0.0926 0.0074 0
 0.9418 0.0223 0.034 0.0019 0
 0.707729 0.231977 0.0356964 0.0245975 0
 0.517169 0.277429 0.184464 0.0207286 0.00020938
 0.811772 0.124168 0.05621 0.00726502 0.000585176
 0.764997 0.148141 0.077277 0.00933861 0.000247198
 0.163321 0.427699 0.378323 0.0303852 0.000271297
 0.753843 0.0900009 0.118128 0.0371064 0.000921714
 0.721811 0.176058 0.0630433 0.0369309 0.00215725
 0.143369 0.312575 0.442814 0.0836902 0.0175525
 0.692698 0.0596174 0.167031 0.0765114 0.00414204
 0.394062 0.376323 0.152708 0.0712218 0.00568511
 0.125707 0.32114 0.495352 0.0537591 0.00404204
 0.23352 0.215282 0.420074 0.123614 0.00750983
 0.796117 0.104755 0.0508955 0.0450114 0.00322123
 0.162477 0.292055 0.404252 0.121198 0.0200186
 0 0 0 0 0
pf_pred 
 0.402834 0.119894 0.451554 0.0257175 8.2379e-07
 0.372488 0.303071 0.0651385 0.245329 0.0139728
 0.533441 0.212184 0.122856 0.0264053 0.105114
 0.697437 0.186432 0.0528147 0.0305802 0.0327364
 0.613011 0.297003 0.0554471 0.0157077 0.0188311
 0.710801 0.198607 0.0695272 0.01298 0.00808541
 0.451174 0.425991 0.0843568 0.0295312 0.00894738
 0.434034 0.310232 0.198496 0.0393073 0.0179296
 0.50657 0.253478 0.131529 0.0841564 0.0242667
 0.689585 0.184621 0.0646208 0.0335316 0.027641
 0.790136 0.160122 0.0295846 0.0103551 0.00980257
 0.686217 0.26316 0.0386242 0.00713631 0.00486238
 0.662917 0.25663 0.0674731 0.00990309 0.00307642
 0.626554 0.276571 0.0737533 0.0193912 0.00373019
 0.744087 0.183308 0.0537705 0.014339 0.00449522
 0.89025 0.0885374 0.0151946 0.00445709 0.00156119
 0.437898 0.517687 0.0358307 0.00614917 0.00243557
 0.83665 0.0852957 0.071887 0.00497552 0.00119209
 0.629802 0.325258 0.0234657 0.0197769 0.00169677
 0.541605 0.325106 0.117109 0.00844883 0.00773158
 0.720921 0.175077 0.0737606 0.0265699 0.00367104
 0.696366 0.238174 0.0410654 0.017301 0.00709321
 0.323759 0.517677 0.124379 0.0214452 0.0127392
 0.716595 0.113508 0.130061 0.0312489 0.00858843
 0.573416 0.332178 0.0378107 0.0433248 0.0132703
 0.436964 0.366901 0.152728 0.0173846 0.0260212
 0.707547 0.151518 0.09184 0.0382298 0.010865
 0.644428 0.274132 0.0421935 0.0255749 0.0136715
 0.357861 0.459462 0.140836 0.021677 0.020163
 0.501528 0.217112 0.201319 0.061709 0.0183327
 0.749158 0.146302 0.0455328 0.0422207 0.0167864
 0.46219 0.433814 0.0606548 0.0188773 0.0244635
 0.702469 0.161258 0.109923 0.0153691 0.010982
pobs_RECLAS
 0 0 0 0 0
 0 0 0 0 0
 0 0 0 0 0
 0 0 0 0 0
 0 0 0 0 0
 0 0 0 0 0
 0 0 0 0 0
 0 0 0 0 0
 0 0 0 0 0
 0 0 0 0 0
 0.991045 0.00858322 0.000360255 1.14367e-05 0
 0.934742 0.0480273 0.0164251 0.00080598 0
 0.827803 0.169806 0.00239088 0 0
 0.941827 0.0461693 0.0120037 0 0
 0.791401 0.0380133 0.147996 0.0225897 0
 0.846168 0.0940531 0.0597789 0 0
 0.134021 0.677848 0.182769 0.00536245 0
 0.80878 0.0450904 0.141981 0.00414843 0
 0.846168 0.0940531 0.0597789 0 0
 0.905697 0.0802665 0.012482 0.00150086 5.37128e-05
 0.989698 0.0102097 9.19794e-05 0 0
 0.975433 0.0193895 0.00387452 0.00125025 5.28907e-05
 0.303575 0.632131 0.0575291 0.00676475 0
 0.966965 0.00978017 0.0227588 0.000495775 0
 0.843318 0.132988 0.00938335 0.0141283 0.000182051
 0.564624 0.303363 0.111486 0.0197234 0.00080311
 0.826376 0.0876187 0.0782897 0.00655872 0.00115652
 0.89761 0.0855135 0.0140674 0.00269457 0.000114338
 0.34875 0.467042 0.161289 0.0227151 0.000203297
 0.318654 0.224769 0.449479 0.00709798 0
 0.937255 0.0296025 0.0250945 0.00804832 0
 0.456809 0.399803 0.12412 0.0192676 0
 0.883104 0.0372192 0.0704036 0.00927362 0
ppred_RECLAS
 0.315138 0.137501 0.517866 0.0294942 9.44767e-07
 0.288726 0.343526 0.0738333 0.278077 0.0158379
 0.438758 0.255244 0.147789 0.0317639 0.126445
 0.612697 0.238646 0.0676066 0.0391448 0.0419049
 0.51933 0.3689 0.0688697 0.0195102 0.0233897
 0.627148 0.256055 0.0896384 0.0167345 0.0104242
 0.362179 0.495067 0.0980357 0.0343198 0.0103982
 0.343262 0.359989 0.230332 0.0456116 0.0208053
 0.413264 0.30141 0.156401 0.10007 0.0288554
 0.604483 0.235236 0.0823369 0.0427244 0.035219
 0.719652 0.2139 0.0395207 0.0138329 0.0130948
 0.601065 0.334574 0.0491057 0.0090729 0.0061819
 0.575105 0.323484 0.0850503 0.0124829 0.00387784
 0.537953 0.342189 0.0912516 0.0239918 0.0046152
 0.666273 0.239046 0.0701203 0.018699 0.00586206
 0.847813 0.122772 0.0210698 0.0061805 0.00216484
 0.347501 0.60094 0.0415929 0.00713807 0.00282725
 0.77808 0.115879 0.0976624 0.00675951 0.00161952
 0.538716 0.405288 0.0292395 0.024643 0.00211427
 0.447537 0.391821 0.141141 0.0101826 0.00931819
 0.638633 0.2267 0.0955094 0.0344042 0.00475347
 0.611222 0.304963 0.0525809 0.0221525 0.00908227
 0.246419 0.576882 0.138604 0.0238978 0.0141961
 0.633185 0.146914 0.168339 0.0404458 0.0111161
 0.478535 0.406061 0.0462206 0.0529611 0.0162219
 0.346158 0.426075 0.17736 0.0201884 0.0302179
 0.622869 0.195389 0.118432 0.049299 0.0140109
 0.552914 0.344685 0.0530528 0.0321571 0.0171902
 0.275436 0.518439 0.158914 0.0244595 0.0227511
 0.407167 0.258211 0.239428 0.0733905 0.021803
 0.671071 0.191846 0.0597071 0.0553639 0.022012
 0.369358 0.508696 0.0711245 0.0221357 0.0286862
 0.617159 0.207494 0.14144 0.0197758 0.0141308
pobs_PELACES
 0 0 0 0 0
 0 0 0 0 0
 0 0 0 0 0
 0 0 0 0 0
 0 0 0 0 0
 0 0 0 0 0
 0 0 0 0 0
 0 0 0 0 0
 0 0 0 0 0
 0 0 0 0 0
 0 0 0 0 0
 0 0 0 0 0
 0 0 0 0 0
 0 0 0 0 0
 0 0 0 0 0
 0 0 0 0 0
 0.505614 0.472636 0.0217494 0 0
 0 0 0 0 0
 0.443492 0.261883 0.143347 0.151278 0
 0.227955 0.32914 0.350689 0.0885471 0.00366901
 0.970185 0.0296113 0.000203453 0 0
 0.997202 0.00247181 0.000326279 0 0
 0.445219 0.490057 0.0546422 0.010081 0
 0.90214 0.0892962 0.00764917 0.000914606 0
 0 0 0 0 0
 0.581667 0.319106 0.0959925 0.00289975 0.000334073
 0.762889 0.0836404 0.116647 0.0363945 0.000428098
 0.88444 0.0763242 0.0277011 0.0115352 0
 0.521256 0.241999 0.230069 0.00667565 0
 0.616807 0.101726 0.260614 0.0208532 0
 0.833518 0.0704572 0.0857862 0.0102388 0
 0.697417 0.212968 0.0787535 0.0105354 0.000325836
 0 0 0 0 0
ppred_PELACES
 0.317268 0.137073 0.516256 0.0294025 9.41829e-07
 0.29241 0.341747 0.073451 0.276637 0.0157559
 0.443053 0.253291 0.146658 0.0315208 0.125478
 0.619297 0.23458 0.0664545 0.0384778 0.0411908
 0.52171 0.367074 0.0685287 0.0194136 0.0232739
 0.631831 0.252839 0.0885124 0.0165243 0.0102932
 0.372294 0.487216 0.0964809 0.0337755 0.0102333
 0.344823 0.359133 0.229785 0.0455031 0.0207558
 0.419842 0.298031 0.154647 0.0989483 0.028532
 0.61262 0.230397 0.0806431 0.0418455 0.0344944
 0.72131 0.212635 0.0392869 0.0137511 0.0130174
 0.610038 0.327049 0.0480013 0.00886885 0.00604287
 0.58366 0.316971 0.0833377 0.0122316 0.00379976
 0.551192 0.332384 0.0886368 0.0233043 0.00448295
 0.672741 0.234412 0.0687612 0.0183366 0.00574844
 0.851613 0.119706 0.0205437 0.00602618 0.00211079
 0.351344 0.597402 0.041348 0.00709604 0.0028106
 0.781665 0.114007 0.0960845 0.0066503 0.00159336
 0.54581 0.399055 0.0287898 0.024264 0.00208175
 0.453795 0.387383 0.139542 0.0100673 0.00921264
 0.643036 0.223937 0.0943456 0.033985 0.00469556
 0.617102 0.30035 0.0517856 0.0218175 0.00894491
 0.249042 0.574875 0.138122 0.0238146 0.0141467
 0.636095 0.145749 0.167003 0.040125 0.0110279
 0.481675 0.403616 0.0459423 0.0526422 0.0161242
 0.348436 0.424591 0.176742 0.020118 0.0301126
 0.625788 0.193877 0.117515 0.0489175 0.0139025
 0.555644 0.342581 0.0527289 0.0319608 0.0170852
 0.277396 0.517037 0.158484 0.0243934 0.0226896
 0.410141 0.256916 0.238227 0.0730223 0.0216937
 0.674281 0.189974 0.0591245 0.0548237 0.0217972
 0.370922 0.507434 0.0709482 0.0220808 0.0286151
 0.620234 0.205827 0.140304 0.0196169 0.0140173
pobs_pel_tallas
 0 0 0 0 0 0 0 0 0 0 0 0 0 0 0 0 0 0 0 0 0 0 0 0 0 0
 0 0 0 0 0 0 0 0 0 0 0 0 0 0 0 0 0 0 0 0 0 0 0 0 0 0
 0 0 0 0 0 0 0 0 0 0 0 0 0 0 0 0 0 0 0 0 0 0 0 0 0 0
 0 0 0 0 0 0 0 0 0 0 0 0 0 0 0 0 0 0 0 0 0 0 0 0 0 0
 0 0 0 0 0 0 0 0 0 0 0 0 0 0 0 0 0 0 0 0 0 0 0 0 0 0
 0 0 0 0 0 0 0 0 0 0 0 0 0 0 0 0 0 0 0 0 0 0 0 0 0 0
 0 0 0 0 0 0 0 0 0 0 0 0 0 0 0 0 0 0 0 0 0 0 0 0 0 0
 0 0 0 0 0 0 0 0 0 0 0 0 0 0 0 0 0 0 0 0 0 0 0 0 0 0
 0 0 0 0 0 0 0 0 0 0 0 0 0 0 0 0 0 0 0 0 0 0 0 0 0 0
 0 0 0 0 0 0 0 0 0 0 0 0 0 0 0 0 0 0 0 0 0 0 0 0 0 0
 0 0 0 0 0 0 0 0 0 0 0 0 0 0 0 0 0 0 0 0 0 0 0 0 0 0
 0 0 0 0 0 0 0 0 0 0 0 0 0 0 0 0 0 0 0 0 0 0 0 0 0 0
 0.00862536 0 0 0.000197151 0.00414017 0.0128641 0.00837892 0.0270097 0.101434 0.158115 0.152841 0.127902 0.109271 0.109419 0.0830992 0.0579132 0.0238553 0.00714673 0.00463305 0.00128148 0.00103504 0.000492878 0.000147863 0.000147863 4.92878e-05 0
 0 0 0 0 0 0 0 0 0 0 0 0 0 0 0 0 0 0 0 0 0 0 0 0 0 0
 0 0 0 0 0 0 0 0.0054083 0.00873648 0.0413646 0.0450493 0.0745869 0.0622846 0.0627006 0.0613931 0.0827291 0.12552 0.122667 0.0946155 0.0697135 0.0546179 0.0294188 0.0215738 0.0213955 0.0102223 0.00600262
 0 0 0 0 0.00359764 0.0251062 0.0480494 0.140153 0.205849 0.193036 0.1447 0.116669 0.0760912 0.0342217 0.00950174 0.001854 0.000860785 0 0 0 0.000165536 0 0.000143464 0 0 0
 0 0 0 0 0 0 0 0.000145254 0.000435761 0.0275982 0.070085 0.0708112 0.156366 0.174668 0.174014 0.160142 0.0824315 0.0480064 0.0283245 0.00493863 0.00203355 0 0 0 0 0
 0 0 0 0 0 0 0 0 0 0 0 0 0 0 0 0 0 0 0 0 0 0 0 0 0 0
 0 0 1.00437e-05 0.000401748 0.00122533 0.00171747 0.00176769 0.0269171 0.070346 0.194647 0.189555 0.159765 0.064822 0.0314167 0.0384472 0.0292271 0.0345202 0.0313363 0.0194345 0.0106764 0.0143323 0.0359363 0.0279516 0.0138201 0.00172751 0
 0 0.0021121 0.0136068 0.0755702 0.200478 0.177729 0.0527432 0.0373336 0.0318909 0.0142505 0.0149659 0.0166563 0.0217959 0.0798694 0.0677717 0.0528807 0.04013 0.0224614 0.0357745 0.0225083 0.00881397 0.00855152 0.00135912 0.000746735 0 0
 0 0 0 0 5.4009e-05 0.00500934 0.000945158 0.0243581 0.138947 0.33067 0.221406 0.137944 0.0707744 0.0437923 0.0131692 0.00525238 0.0047753 0.00276346 9.45158e-05 9.00151e-06 2.25038e-05 9.00151e-06 4.50075e-06 0 0 0
 0.000866109 0.00284123 0.00948549 0.0512746 0.133035 0.25785 0.225252 0.132002 0.0553304 0.0519788 0.0540692 0.017754 0.00435017 0.00159236 0.00146478 0.000404838 0.000125132 0.000115318 0.000107957 0.000100596 0 0 0 0 0 0
 0 0 0 0 0.00144013 0.00171154 0.00461396 0.0210425 0.0478622 0.0707936 0.0888783 0.103762 0.0637923 0.0337046 0.0602308 0.124433 0.169614 0.0934646 0.0462172 0.0250306 0.0313229 0.00938855 0.002487 0.000210481 0 0
 0 0.00764035 0.051015 0.0998891 0.058973 0.0496711 0.0374665 0.0718981 0.12319 0.153886 0.159021 0.0857701 0.0377988 0.023471 0.0147837 0.00900784 0.00315554 0.000888139 0.00291439 0.00214683 0.00393193 0.00274676 0.000635225 9.99891e-05 0 0
 0 0 0 0 0 0 0 0 0 0 0 0 0 0 0 0 0 0 0 0 0 0 0 0 0 0
 0 0 0 0 0 0 0 0 0 0 0 0 0 0 0 0 0 0 0 0 0 0 0 0 0 0
 0 0 0 0 0 0 0 0 0 0 0 0 0 0 0 0 0 0 0 0 0 0 0 0 0 0
 0 0 0 0 0 0 0 0 0 0 0 0 0 0 0 0 0 0 0 0 0 0 0 0 0 0
 0 0 0 0 0 0 0 0 0 0 0 0 0 0 0 0 0 0 0 0 0 0 0 0 0 0
 0 0 0 0 0 0 0 0 0 0 0 0 0 0 0 0 0 0 0 0 0 0 0 0 0 0
 0 0 0 0 0 0 0 0 0 0 0 0 0 0 0 0 0 0 0 0 0 0 0 0 0 0
 0 0 0 0 0 0 0 0 0 0 0 0 0 0 0 0 0 0 0 0 0 0 0 0 0 0
 0 0 0 0 0 0 0 0 0 0 0 0 0 0 0 0 0 0 0 0 0 0 0 0 0 0
ppred_pel_tallas
 1.17882e-16 2.6133e-05 0.000254022 0.00168806 0.0076737 0.0238758 0.0508704 0.0742498 0.0742638 0.0509391 0.0241087 0.00835637 0.00343883 0.00419876 0.00787696 0.013915 0.0222118 0.0324364 0.0440945 0.0566853 0.0695178 0.0812522 0.0897281 0.0925655 0.0883288 0.0774441
 1.32617e-16 2.40855e-05 0.000234119 0.00155581 0.00707249 0.0220053 0.0468859 0.0684382 0.0684713 0.0470476 0.0225486 0.00864383 0.00550819 0.00889044 0.016552 0.0275724 0.0403403 0.0521565 0.0604143 0.0642426 0.0651437 0.0659256 0.0686927 0.0734352 0.0781349 0.080064
 1.28693e-16 3.64938e-05 0.000354733 0.00235732 0.0107161 0.0333418 0.0710391 0.103689 0.103713 0.0711595 0.0337466 0.0118881 0.00530959 0.00683465 0.0124481 0.0208031 0.0306425 0.0400086 0.0469716 0.0507841 0.0523419 0.0534596 0.0555264 0.0586031 0.061523 0.0627018
 1.12808e-16 5.10107e-05 0.000495843 0.00329505 0.0149788 0.0466048 0.0992973 0.144932 0.144955 0.0994082 0.0469772 0.0160555 0.0060013 0.00641616 0.0113327 0.0187574 0.0272666 0.0348412 0.0394824 0.040342 0.0382411 0.0350719 0.0325585 0.031342 0.0309397 0.0303562
 1.07957e-16 4.29726e-05 0.000417709 0.00277583 0.0126185 0.0392611 0.0836513 0.122099 0.122134 0.0838243 0.0398423 0.0142975 0.00699193 0.00962713 0.0175502 0.0289915 0.0418691 0.0528914 0.058736 0.057893 0.0515612 0.0428015 0.0346518 0.0286743 0.0247806 0.0220156
 1.06019e-16 5.20432e-05 0.000505878 0.00336174 0.015282 0.0475481 0.101307 0.147866 0.14789 0.101427 0.0479497 0.0164431 0.00628047 0.00689138 0.0122201 0.020227 0.0293834 0.0374769 0.0422745 0.0427329 0.0395716 0.0346807 0.0298723 0.0259811 0.0228509 0.0199245
 1.08028e-16 3.06655e-05 0.000298079 0.00198084 0.00900466 0.0280171 0.0596951 0.0871366 0.0871836 0.0599249 0.0287886 0.0112337 0.00757846 0.0125261 0.0232789 0.0385025 0.0556188 0.0702788 0.0780625 0.0769364 0.0684403 0.0565717 0.0453068 0.0367062 0.0307112 0.0261874
 1.14799e-16 2.84027e-05 0.000276084 0.00183468 0.00834021 0.0259497 0.0552898 0.0807044 0.0807393 0.0554605 0.0265237 0.0100019 0.00601991 0.00945962 0.0176082 0.0294281 0.0432402 0.0561618 0.0652281 0.0690253 0.0683822 0.065473 0.062128 0.0587843 0.0547405 0.0491723
 1.19291e-16 3.45819e-05 0.000336148 0.00223382 0.0101547 0.0315951 0.0673177 0.0982582 0.0982871 0.0674592 0.0320708 0.0115314 0.00570045 0.00793972 0.0145822 0.0243377 0.0357381 0.04641 0.0539721 0.0574039 0.0576062 0.0565896 0.0559541 0.055901 0.0554085 0.0531777
 1.12421e-16 5.04607e-05 0.000490496 0.00325952 0.0148173 0.0461023 0.0982267 0.143369 0.143392 0.0983357 0.0464686 0.0158765 0.00592304 0.00632109 0.0111721 0.0185193 0.0269847 0.0346117 0.0394573 0.0406846 0.0390557 0.036341 0.0341223 0.0329353 0.0322736 0.0312094
 1.04771e-16 5.94134e-05 0.000577519 0.00383782 0.0174462 0.0542817 0.115654 0.168804 0.168825 0.115754 0.0546183 0.0184188 0.00628014 0.00591247 0.0102015 0.0167983 0.0242588 0.0306509 0.034051 0.0335887 0.0299624 0.0249465 0.0202971 0.016909 0.0147165 0.0131509
 1.03381e-16 5.02481e-05 0.000488429 0.00324578 0.0147549 0.0459081 0.0978132 0.142768 0.142799 0.0979672 0.0464253 0.0162488 0.00699595 0.00867547 0.0156001 0.0257136 0.0370435 0.0465972 0.0513544 0.0499176 0.0433351 0.0343723 0.0258441 0.0193102 0.014885 0.0118862
 1.04356e-16 4.80754e-05 0.00046731 0.00310544 0.0141169 0.0439231 0.0935839 0.136595 0.136625 0.0937335 0.0444256 0.015569 0.00675338 0.00844032 0.0152182 0.0251551 0.0364005 0.0461237 0.0514547 0.0510449 0.0458246 0.0382852 0.0309027 0.0249598 0.0204563 0.0167876
 1.05739e-16 4.54011e-05 0.000441314 0.00293269 0.0133316 0.0414797 0.0883782 0.128997 0.129029 0.0885351 0.0420068 0.0148548 0.00675946 0.00880635 0.015965 0.0264078 0.0382393 0.0485117 0.054238 0.0540276 0.0488714 0.0413772 0.0341064 0.0283375 0.023985 0.0203351
 1.04856e-16 5.54129e-05 0.000538633 0.00357941 0.0162715 0.0506267 0.107866 0.157439 0.157462 0.107977 0.0509986 0.0173465 0.00628076 0.00644541 0.011302 0.0186718 0.0270684 0.0344107 0.0386078 0.0386891 0.0353485 0.0303985 0.0255993 0.0217976 0.0188855 0.0163339
 1.01586e-16 7.01462e-05 0.000681847 0.00453111 0.0205978 0.0640874 0.136545 0.199294 0.199306 0.136602 0.0642768 0.021145 0.00590506 0.00368227 0.00577174 0.00943941 0.0136113 0.0171598 0.0189855 0.0185826 0.0163323 0.0132316 0.0102842 0.00802855 0.00647839 0.00536965
 1.02534e-16 2.89398e-05 0.000281305 0.00186938 0.00849795 0.0264406 0.0563366 0.0822369 0.0822944 0.0566175 0.0273838 0.0112213 0.00870178 0.0151848 0.0282989 0.0466474 0.0669812 0.0837799 0.0914313 0.0873417 0.0734995 0.0551732 0.0378342 0.0246778 0.0161568 0.0110827
 1.03739e-16 6.43848e-05 0.000625843 0.00415895 0.018906 0.0588235 0.12533 0.182925 0.182937 0.125385 0.0590064 0.0194358 0.00549479 0.00356171 0.00569773 0.00946739 0.0139796 0.0183011 0.0214986 0.0230968 0.0232794 0.0226102 0.0215379 0.0201243 0.0181767 0.0155762
 1.03719e-16 4.49577e-05 0.000437005 0.00290405 0.0132014 0.0410748 0.0875156 0.12774 0.127778 0.0877033 0.041705 0.0150213 0.00747023 0.0103991 0.0189476 0.0312091 0.044853 0.0561996 0.0615367 0.0591737 0.0504685 0.0389361 0.0281739 0.020201 0.0151683 0.0121383
 1.06695e-16 3.73786e-05 0.000363333 0.00241448 0.0109759 0.0341503 0.0727621 0.106206 0.106244 0.0729453 0.0347656 0.0127548 0.00688599 0.0101453 0.0186755 0.0309721 0.0449765 0.0573127 0.0645286 0.0649788 0.059715 0.0516005 0.0434248 0.0365481 0.0308783 0.0257387
 1.06983e-16 5.29661e-05 0.000514849 0.00342136 0.015553 0.0483913 0.103104 0.150487 0.150509 0.10321 0.0487476 0.0165837 0.0060137 0.00619147 0.0108856 0.0180485 0.0263154 0.0337709 0.0384889 0.0395773 0.0376565 0.0343137 0.0309992 0.0282661 0.0258167 0.023082
 1.05273e-16 5.08299e-05 0.000494085 0.00328337 0.0149257 0.0464397 0.0989457 0.14442 0.144449 0.0990872 0.046915 0.016299 0.00673158 0.00802509 0.0143642 0.0236952 0.0341984 0.0431575 0.0478407 0.0470021 0.0416171 0.0341935 0.0272307 0.0220303 0.0185519 0.0160517
 1.08916e-16 2.05134e-05 0.000199398 0.00132507 0.00602361 0.018742 0.0399338 0.0582962 0.0583517 0.0402051 0.019653 0.00865597 0.00793706 0.0146481 0.0275041 0.0455496 0.0658761 0.0833893 0.0928843 0.0919345 0.0822783 0.0685131 0.055211 0.0447434 0.037085 0.0310398
 1.10747e-16 5.23943e-05 0.000509292 0.00338442 0.0153851 0.0478688 0.10199 0.148861 0.148875 0.10206 0.0481043 0.0160684 0.00511136 0.00431817 0.00740077 0.0124526 0.0186382 0.0249194 0.0302435 0.0340939 0.0366755 0.0385059 0.0397857 0.0401338 0.0388912 0.0356714
 1.09437e-16 3.9675e-05 0.000385655 0.00256282 0.0116502 0.0362484 0.0772324 0.112731 0.11277 0.0774225 0.0368866 0.0134937 0.00719056 0.0104891 0.0192322 0.0317459 0.0457691 0.0576666 0.063785 0.0625068 0.0552468 0.0455033 0.0367313 0.0306768 0.0271456 0.0248878
 1.12323e-16 2.87003e-05 0.000278977 0.00185391 0.00842761 0.0262216 0.0558695 0.0815518 0.0815929 0.0560705 0.026897 0.0103806 0.00676532 0.0110308 0.0205371 0.0341388 0.0497192 0.0636639 0.0722752 0.0738165 0.0694492 0.0622292 0.0550328 0.0491003 0.04407 0.0389985
 1.107e-16 5.15453e-05 0.000501039 0.00332958 0.0151358 0.0470932 0.100338 0.14645 0.146469 0.10043 0.0474031 0.0160328 0.00558905 0.00545945 0.00954536 0.0159019 0.0233831 0.0304269 0.0354707 0.0378086 0.0379498 0.0371076 0.0362509 0.0355113 0.0343262 0.0320357
 1.07706e-16 4.57678e-05 0.000444879 0.00295638 0.0134393 0.0418148 0.089092 0.130039 0.130072 0.0892535 0.0423569 0.0150053 0.0068882 0.00903149 0.0163639 0.0270099 0.038979 0.0491876 0.0545363 0.0536338 0.0476364 0.0394498 0.031948 0.0265925 0.0232562 0.0209664
 1.10992e-16 2.28488e-05 0.000222099 0.00147593 0.00670938 0.0208756 0.0444796 0.0649297 0.0649797 0.0447238 0.0216961 0.00908099 0.00743572 0.0132546 0.0248394 0.0411995 0.0597482 0.0759764 0.0852753 0.0854936 0.0781443 0.0672082 0.0565635 0.0480956 0.0416045 0.0359655
 1.17935e-16 3.37828e-05 0.000328381 0.00218221 0.00992002 0.030865 0.0657621 0.0959869 0.096012 0.0658849 0.0312784 0.0111183 0.00520667 0.00698612 0.0128412 0.0216046 0.0321285 0.0425341 0.0508946 0.0563053 0.0592689 0.0609847 0.0621709 0.0624644 0.0608195 0.0564186
 1.10942e-16 5.55397e-05 0.000539865 0.0035876 0.0163087 0.0507425 0.108113 0.157798 0.157816 0.108203 0.0510444 0.0171817 0.0057827 0.0053446 0.00921928 0.0152582 0.0222298 0.0285163 0.0325305 0.0336095 0.032416 0.0304359 0.0289706 0.0284132 0.0282553 0.0276278
 1.09235e-16 3.05524e-05 0.000296981 0.00197354 0.00897147 0.0279138 0.0594752 0.086816 0.0868649 0.0597142 0.0287164 0.0112896 0.00779268 0.0130016 0.0241637 0.0399128 0.0575295 0.0724337 0.0799844 0.0780749 0.0684013 0.0553079 0.0431635 0.0343036 0.0287278 0.0251399
 1.08441e-16 5.10879e-05 0.000496593 0.00330004 0.0150015 0.0466753 0.0994474 0.145151 0.145171 0.0995453 0.0470045 0.0159547 0.00570127 0.0057672 0.0101452 0.0169114 0.0248715 0.0323547 0.0376639 0.0399804 0.0397537 0.0381901 0.0362981 0.034307 0.0318272 0.0284305
pSPR Fmed_Fpbrs
0.555248   0.226677 0.226677
Fs Fmed_Fpbrs
0.34   1.005 1.005
SSBpbr Bo_Bmed_Bpbrs
2.69107e+06  1.35966e+06  475452 475452
Ro
204773
SPR SPRFo_SPRFmed_SPRFpbrs
1.47525e+06 819132 334407
Fref
1.005
Nvult_r0
 268309 48297.6 32922.4 4603.13 3289.16
CTP_r0
 113988 24209 16502.3 2307.31 1648.68
YTP_r0
1.80951e+06
Np
 256087 45009.7 14452.8 2382.06 1842.41
Nvult_p0
 211078 38948.7 12506.6 2061.29 1594.31
CTP_p0
 89673.8 46553.4 7672.77 5230.21 963.043
 89673.8 19522.9 6268.89 1033.22 799.142
YTP_p0
 1.87094e+06 1.22824e+06
CBA_c0
1.82794e+06
log_Ro
12.0497
likeval ReclasPelacesDesembMPH_pf_preclas_ppelaces_ptallas_desvR_qrecl_qpela
 19.223 20.0214 0.0637599 0.00641883 231.789 155.708 117.116 0 21.917 1.17922e-08 0 0.319553 0 0 0
q_reclas_q_pelaces
0.98476 1
M
1
N
 214468 47491.9 178868 10187.1 0.326317
 118827 72630 15610.2 58792.4 3348.53
 125961 37618.7 21781.6 4681.47 18635.9
 197018 40026.1 11339.1 6565.43 7028.36
 159101 57330.4 10703 3032.06 3634.97
 256701 54022.5 18911.9 3530.65 2199.29
 109268 79771.8 15796.8 5530.06 1675.5
 52618.7 27882.2 17839.9 3532.75 1611.43
 48071.6 18264.1 9477.18 6063.8 1748.51
 68747 14087 4930.72 2558.54 2109.07
 126132 18980.3 3506.84 1227.46 1161.96
 146968 43299.4 6355.09 1174.18 800.039
 132942 39431.1 10367.2 1521.6 472.689
 105590 36411.8 9709.94 2552.93 491.096
 132269 24802.5 7275.42 1940.14 608.226
 502485 38060.3 6531.82 1916.01 671.12
 162279 143955 9963.59 1709.93 677.269
 673892 51794.6 43652.3 3021.31 723.882
 529525 208003 15006.3 12647.3 1085.09
 336835 153208 55188.2 3981.55 3643.54
 548419 100200 42214.8 15206.6 2101.02
 663216 171792 29619.9 12479 5116.23
 165636 198061 47587 8204.82 4873.94
 457861 54136.9 62031.8 14904 4096.21
 350523 151580 17253.8 19770 6055.52
 185660 116015 48292.8 5497.02 8227.94
 392719 62768.7 38046.2 15837.3 4501
 410554 130130 20029.1 12140.3 6489.83
 144098 137642 42190.6 6493.83 6040.26
 151128 48821.9 45270.6 13876.5 4122.47
 343082 50135.2 15603.3 14468.3 5752.41
 160514 111662 15612.3 4858.94 6296.82
 325523 55813.4 38045.7 5319.45 3801.01
pred_Ctot
 10844 3227.47 12155.5 692.298 0.0221759
 10602.3 8626.49 1854.07 6982.95 397.715
 10976.8 4366.19 2528.06 543.351 2162.96
 26531 7092.01 2009.11 1163.29 1245.32
 7796.15 3777.22 705.165 199.768 239.49
 25545.1 7137.61 2498.7 466.479 290.577
 21798.1 20581.5 4075.64 1426.78 432.286
 1887.53 1349.14 863.221 170.939 77.9723
 6297.13 3150.96 1635.02 1046.14 301.657
 11098.9 2971.49 1040.08 539.693 444.884
 5360.53 1086.32 200.711 70.2524 66.5037
 25800.9 9894.48 1452.22 268.316 182.82
 21990.5 8513.05 2238.25 328.509 102.052
 25018.6 11043.6 2945.01 774.299 148.948
 18579.8 4577.18 1342.64 358.043 112.245
 71719.8 7132.7 1224.1 359.07 125.771
 13740.5 16244.1 1124.3 192.95 76.4238
 69562.8 7091.87 5977.01 413.687 99.1161
 72881.6 37639.3 2715.49 2288.61 196.353
 41459.5 24886.6 8964.63 646.753 591.848
 52160.1 12667.2 5336.73 1922.39 265.607
 80261.1 27451.3 4733.08 1994.06 817.543
 11792.8 18856.2 4530.48 781.133 464.019
 29217.5 4628.01 5302.92 1274.1 350.174
 22419.6 12987.6 1478.33 1693.92 518.846
 9570.85 8036.26 3345.21 380.775 569.944
 24858 5323.21 3226.58 1343.11 381.716
 23187.3 9863.61 1518.17 920.216 491.919
 7246.22 9303.5 2851.75 438.931 408.273
 9464.67 4097.26 3799.22 1164.55 345.968
 25253.8 4931.78 1534.89 1423.24 565.862
 5586.45 5243.48 733.13 228.168 295.689
 21542.3 4945.21 3370.95 471.317 336.779
F
 0.0827828 0.112635 0.112635 0.112635 0.112635
 0.150163 0.204313 0.204313 0.204313 0.204313
 0.14644 0.199247 0.199247 0.199247 0.199247
 0.234463 0.319012 0.319012 0.319012 0.319012
 0.0801393 0.109038 0.109038 0.109038 0.109038
 0.168743 0.229593 0.229593 0.229593 0.229593
 0.365816 0.497732 0.497732 0.497732 0.497732
 0.0581366 0.0791011 0.0791011 0.0791011 0.0791011
 0.227436 0.309452 0.309452 0.309452 0.309452
 0.287033 0.390539 0.390539 0.390539 0.390539
 0.0691929 0.0941443 0.0941444 0.0941444 0.0941444
 0.315661 0.429491 0.429491 0.429491 0.429491
 0.295019 0.401405 0.401405 0.401405 0.401405
 0.448616 0.61039 0.61039 0.61039 0.61039
 0.245669 0.334259 0.334259 0.334259 0.334259
 0.250061 0.340235 0.340235 0.340235 0.340235
 0.14203 0.193247 0.193247 0.193247 0.193247
 0.175519 0.238813 0.238813 0.238813 0.238813
 0.240188 0.326801 0.326801 0.326801 0.326801
 0.212422 0.289023 0.289023 0.289023 0.289023
 0.160756 0.218726 0.218726 0.218726 0.218726
 0.208527 0.283724 0.283724 0.283724 0.283724
 0.118275 0.160927 0.160927 0.160927 0.160927
 0.105454 0.143482 0.143482 0.143482 0.143482
 0.105709 0.143828 0.143828 0.143828 0.143828
 0.0844586 0.114915 0.114915 0.114915 0.114915
 0.104563 0.14227 0.14227 0.14227 0.14227
 0.0928515 0.126334 0.126334 0.126334 0.126334
 0.0823153 0.111999 0.111999 0.111999 0.111999
 0.103407 0.140696 0.140696 0.140696 0.140696
 0.122492 0.166664 0.166664 0.166664 0.166664
 0.0563641 0.0766895 0.0766895 0.0766895 0.0766895
 0.109545 0.149047 0.149047 0.149047 0.149047
YTP_r0W_actual
 859470 422447 397210 72264.8 58116
YTP_p0W_proyectada
 676140 812356 184683 163810 33947.3
 676140 340675 150892 32360.4 28169.8
CTP_r0_actual
 113988 24209 16502.3 2307.31 1648.68
CTP_p0_proyectada
 89673.8 46553.4 7672.77 5230.21 963.043
 89673.8 19522.9 6268.89 1033.22 799.142
Wmedp
 7.54 17.45 24.07 31.32 35.25
Frms_r0
 0.73864 1.005 1.005 1.005 1.005
Zrms_r0
 1.73864 2.005 2.005 2.005 2.005
nmprior
 7.29 8.9 8.7 0
nm_flota  nm_reclas  nm_pelaces    nm_pelaL
inf 7.47897 6.54395 13.8732
cv_recla  cv_pelaces  cv_mph
0.3797 0.49016 2.14123
 ------------------------------------------------
Talla a la edad & desviaci?n 
 8 13.2811 15.8009 17.003 17.5766
 0.8 1.32811 1.58009 1.7003 1.75766
