years
 1991 1992 1993 1994 1995 1996 1997 1998 1999 2000 2001 2002 2003 2004 2005 2006 2007 2008 2009 2010 2011 2012 2013 2014 2015 2016 2017 2018 2019 2020 2021
reclasobs
 0 0 0 0 0 0 0 0 0 252601 567819 844713 477998 351125 339783 2.1784e+06 2.13404e+06 4.81314e+06 1.55562e+06 2.62356e+06 3.21686e+06 3.843e+06 1.13348e+06 3.07943e+06 1.97215e+06 2.03268e+06 2.025e+06 2.42433e+06 2.27542e+06 1.05018e+06 2.36338e+06
reclaspred
 4.28907e+06 2.86423e+06 2.01477e+06 2.09372e+06 2.17e+06 2.48949e+06 2.08269e+06 2.9283e+06 3.06196e+06 3.25163e+06 2.38122e+06 2.39431e+06 2.20936e+06 2.06898e+06 2.1354e+06 2.1807e+06 2.27433e+06 2.63265e+06 1.52041e+06 1.12268e+06 1.79732e+06 1.13019e+06 1.41852e+06 2.12826e+06 1.88124e+06 2.26409e+06 2.43534e+06 2.03871e+06 2.44015e+06 2.54762e+06 2.57832e+06
pelacesobs
 0 0 0 0 0 0 0 0 0 0 0 0 0 0 0 552880 188675 0 991730 2.46772e+06 1.41603e+06 1.21717e+06 2.29649e+06 1.80582e+06 0 1.4828e+06 1.56532e+06 1.57751e+06 1.42118e+06 867257 1.10002e+06
pelacespred
 2.12675e+06 1.49922e+06 1.02055e+06 911111 1.02008e+06 1.1536e+06 982336 1.51436e+06 1.67711e+06 1.66551e+06 1.36412e+06 1.14952e+06 1.11733e+06 1.14165e+06 1.18361e+06 1.037e+06 1.03821e+06 1.14156e+06 749831 488608 709038 500864 654246 1.04709e+06 942223 1.10493e+06 1.3201e+06 1.11254e+06 1.11212e+06 1.26522e+06 1.25828e+06
mphobs
 0 0 0 0 0 0 0 0 0 0 0 0 498337 0 5186 125008 0 168611 109162 213762 579715 649985 157893 87575 83554 210694 70296 0 107559 103333 445601
mphpred
 4.13549e+06 2.86287e+06 1.93989e+06 1.54329e+06 1.71915e+06 1.84938e+06 1.88978e+06 1.72819e+06 2.42525e+06 2.76429e+06 2.22259e+06 2.00649e+06 1.8883e+06 1.63039e+06 1.58641e+06 1.96641e+06 1.66014e+06 2.0632e+06 1.50609e+06 898189 1.03581e+06 1.01389e+06 687522 1.2181e+06 1.65341e+06 1.37305e+06 1.82684e+06 1.6843e+06 1.87292e+06 1.95299e+06 1.84986e+06
desembarqueobs
 494567 514787 250237 358949 120608 361735 552515 73892 212993 205616 52469 317467 293654 387597 252695 516296 358380 742168 942051 627588 828172 859565 418607 520667 417249 300574 415391 372974 316634 284311 391294
desembarquepred
 494446 505324 260724 358703 120534 361482 552108 73849.4 212900 205533 52441 317381 293567 387503 252588 516001 358092 740910 938946 625749 826361 856996 418159 520226 416913 300376 415104 372665 316432 284170 391074
Reclutas
 320927 320927 320927 320927 320927 320927 320927 320927 320927 320927 320927 320927 320927 320927 320927 320927 320927 320927 320927 320927 320927 320927 320927 320927 320927 320927 320927 320927 320927 320927 320927
log_desv_Rt
 0 0 0 0 0 0 0 0 0 0 0 0 0 0 0 0 0 0 0 0 0 0 0 0 0 0 0 0 0 0 0
SSB
 4.13549e+06 2.86287e+06 1.93989e+06 1.54329e+06 1.71915e+06 1.84938e+06 1.88978e+06 1.72819e+06 2.42525e+06 2.76429e+06 2.22259e+06 2.00649e+06 1.82556e+06 1.61131e+06 1.5515e+06 1.9189e+06 1.66014e+06 2.0632e+06 1.55395e+06 925785 1.09662e+06 1.14073e+06 791248 1.34413e+06 1.71449e+06 1.5025e+06 1.89163e+06 1.6843e+06 1.93711e+06 1.91026e+06 2.02715e+06
BT
 5.70915e+06 4.38127e+06 2.83519e+06 2.85359e+06 2.83697e+06 3.63075e+06 3.14232e+06 5.02052e+06 5.18713e+06 4.71958e+06 3.7403e+06 3.39744e+06 3.43765e+06 3.96717e+06 4.00402e+06 3.29642e+06 3.31113e+06 3.84153e+06 3.18319e+06 2.04587e+06 2.95025e+06 2.29576e+06 2.60741e+06 3.94733e+06 2.97903e+06 3.72471e+06 4.49239e+06 3.73301e+06 3.28127e+06 3.98103e+06 3.97478e+06
Ftot
 0.109637 0.16699 0.122947 0.16232 0.0530833 0.137862 0.249251 0.0241586 0.0664046 0.0603703 0.0210985 0.125941 0.126267 0.177391 0.11262 0.22299 0.149413 0.264207 0.563933 0.513082 0.426178 0.683864 0.277436 0.230693 0.209163 0.126155 0.16161 0.173239 0.123239 0.106188 0.143995
BD_Bspro_t
 0.982611 0.885693 0.803439 0.788975 0.791558 0.837055 0.804575 0.753007 0.860015 0.890271 0.893006 0.914884 0.858524 0.817949 0.801624 0.815447 0.741213 0.77344 0.660344 0.511178 0.502403 0.494408 0.438839 0.60278 0.682858 0.702851 0.781302 0.78139 0.797898 0.798826 0.818799
BD_Bspro
 1.80535 1.24979 0.846863 0.673725 0.750499 0.807351 0.824988 0.754443 1.05875 1.20675 0.970276 0.875938 0.796952 0.703421 0.67731 0.837699 0.724737 0.900693 0.678378 0.404153 0.47873 0.497986 0.345421 0.586782 0.748462 0.655918 0.825792 0.735285 0.845649 0.833927 0.884957
BD_Bo
 1.23167 0.852647 0.577756 0.459636 0.512014 0.5508 0.562832 0.514704 0.722311 0.823285 0.661953 0.597592 0.543706 0.479896 0.462082 0.571504 0.494438 0.614481 0.462811 0.275726 0.326605 0.339742 0.235657 0.400321 0.510624 0.447488 0.563381 0.501634 0.576928 0.568931 0.603745
BD_Brms
 5.23327 3.62283 2.45484 1.95296 2.17551 2.34031 2.39143 2.18694 3.06904 3.49808 2.81259 2.53912 2.31016 2.03904 1.96335 2.42828 2.10083 2.61088 1.96645 1.17154 1.38772 1.44354 1.00129 1.70093 2.1696 1.90134 2.39376 2.13141 2.45132 2.41734 2.56527
Sel_flota
 0.5 1 1 1 1
 0.5 1 1 1 1
 0.5 1 1 1 1
 0.5 1 1 1 1
 0.5 1 1 1 1
 0.5 1 1 1 1
 0.5 1 1 1 1
 0.5 1 1 1 1
 0.5 1 1 1 1
 0.5 1 1 1 1
 0.5 1 1 1 1
 0.5 1 1 1 1
 0.5 1 1 1 1
 0.5 1 1 1 1
 0.5 1 1 1 1
 0.5 1 1 1 1
 0.5 1 1 1 1
 0.5 1 1 1 1
 0.5 1 1 1 1
 0.5 1 1 1 1
 0.5 1 1 1 1
 0.5 1 1 1 1
 0.5 1 1 1 1
 0.5 1 1 1 1
 0.5 1 1 1 1
 0.5 1 1 1 1
 0.5 1 1 1 1
 0.5 1 1 1 1
 0.5 1 1 1 1
 0.5 1 1 1 1
 0.5 1 1 1 1
Sel_reclas
 0.5 1 1 1 1
 0.5 1 1 1 1
 0.5 1 1 1 1
 0.5 1 1 1 1
 0.5 1 1 1 1
 0.5 1 1 1 1
 0.5 1 1 1 1
 0.5 1 1 1 1
 0.5 1 1 1 1
 0.5 1 1 1 1
 0.5 1 1 1 1
 0.5 1 1 1 1
 0.5 1 1 1 1
 0.5 1 1 1 1
 0.5 1 1 1 1
 0.5 1 1 1 1
 0.5 1 1 1 1
 0.5 1 1 1 1
 0.5 1 1 1 1
 0.5 1 1 1 1
 0.5 1 1 1 1
 0.5 1 1 1 1
 0.5 1 1 1 1
 0.5 1 1 1 1
 0.5 1 1 1 1
 0.5 1 1 1 1
 0.5 1 1 1 1
 0.5 1 1 1 1
 0.5 1 1 1 1
 0.5 1 1 1 1
 0.5 1 1 1 1
Sel_pelaces
 0.5 1 1 1 1
 0.5 1 1 1 1
 0.5 1 1 1 1
 0.5 1 1 1 1
 0.5 1 1 1 1
 0.5 1 1 1 1
 0.5 1 1 1 1
 0.5 1 1 1 1
 0.5 1 1 1 1
 0.5 1 1 1 1
 0.5 1 1 1 1
 0.5 1 1 1 1
 0.5 1 1 1 1
 0.5 1 1 1 1
 0.5 1 1 1 1
 0.5 1 1 1 1
 0.5 1 1 1 1
 0.5 1 1 1 1
 0.5 1 1 1 1
 0.5 1 1 1 1
 0.5 1 1 1 1
 0.5 1 1 1 1
 0.5 1 1 1 1
 0.5 1 1 1 1
 0.5 1 1 1 1
 0.5 1 1 1 1
 0.5 1 1 1 1
 0.5 1 1 1 1
 0.5 1 1 1 1
 0.5 1 1 1 1
 0.5 1 1 1 1
pf_obs 
 0.8446 0.082 0.0669 0.0065 0
 0.8095 0.147 0.0364 0.0071 0
 0.9664 0.0169 0.016 0.0007 0
 0.9276 0.0648 0.0075 0.0001 0
 0.7033 0.2144 0.0806 0.0017 0
 0.9318 0.0425 0.0243 0.0014 0
 0.5671 0.3108 0.0964 0.0239 0.0018
 0.0768 0.2599 0.5324 0.112 0.0189
 0.490249 0.384438 0.106611 0.0170017 0.00170017
 0.7925 0.1577 0.0466 0.003 0.0002
 0.840416 0.127587 0.0312969 0.00059994 9.999e-05
 0.8084 0.0986 0.0794 0.0134 0.0002
 0.7335 0.1905 0.0724 0.0035 0.0001
 0.4001 0.4547 0.1325 0.0127 0
 0.49795 0.308269 0.164784 0.0264974 0.00249975
 0.9179 0.0499 0.0305 0.0017 0
 0.2467 0.6533 0.0926 0.0074 0
 0.9418 0.0223 0.034 0.0019 0
 0.707729 0.231977 0.0356964 0.0245975 0
 0.517169 0.277429 0.184464 0.0207286 0.00020938
 0.811772 0.124168 0.05621 0.00726502 0.000585176
 0.764997 0.148141 0.077277 0.00933861 0.000247198
 0.163321 0.427699 0.378323 0.0303852 0.000271297
 0.753843 0.0900009 0.118128 0.0371064 0.000921714
 0.721811 0.176058 0.0630433 0.0369309 0.00215725
 0.143369 0.312575 0.442814 0.0836902 0.0175525
 0.692698 0.0596174 0.167031 0.0765114 0.00414204
 0.394062 0.376323 0.152708 0.0712218 0.00568511
 0.125707 0.32114 0.495352 0.0537591 0.00404204
 0.23352 0.215282 0.420074 0.123614 0.00750983
 0.796117 0.104755 0.0508955 0.0450114 0.00322123
pf_pred 
 0.427328 0.0382555 0.457236 0.0452332 0.0319478
 0.47395 0.319052 0.0138278 0.165272 0.0278978
 0.497876 0.328571 0.105261 0.00456204 0.0637302
 0.501292 0.335531 0.106777 0.0342071 0.0221933
 0.502743 0.337328 0.1076 0.034242 0.0180868
 0.491235 0.342159 0.113021 0.0360513 0.0175327
 0.505613 0.330208 0.110415 0.0364721 0.0172916
 0.515567 0.333204 0.101008 0.0337752 0.0164459
 0.487452 0.349503 0.112146 0.0339962 0.0169029
 0.484191 0.34033 0.119658 0.0383951 0.0174261
 0.480146 0.341264 0.117833 0.0414293 0.0193271
 0.478202 0.339264 0.119826 0.0413742 0.0213331
 0.493322 0.332095 0.113511 0.0400915 0.0209806
 0.501039 0.333803 0.10825 0.0370003 0.0199072
 0.507948 0.334176 0.105619 0.0342516 0.0180062
 0.506005 0.33638 0.107044 0.033832 0.0167393
 0.518162 0.330752 0.10288 0.0327388 0.015467
 0.51667 0.334513 0.102153 0.0317747 0.0148884
 0.54695 0.316324 0.0946283 0.0288975 0.0132002
 0.596184 0.299511 0.0728267 0.0217861 0.00969208
 0.596988 0.312541 0.0671029 0.0163162 0.00705241
 0.596195 0.311435 0.0716334 0.0153798 0.00535601
 0.613604 0.303336 0.06406 0.0147345 0.00426521
 0.559158 0.341796 0.077755 0.0164207 0.00487024
 0.537742 0.337901 0.0964175 0.021934 0.00600598
 0.524497 0.338698 0.100001 0.0285346 0.00826879
 0.510137 0.340952 0.106068 0.0313168 0.0115255
 0.511525 0.335096 0.106755 0.0332107 0.0134142
 0.511184 0.336281 0.10464 0.0333361 0.0145595
 0.50279 0.340304 0.107943 0.0335883 0.015374
 0.499474 0.338365 0.110987 0.0352045 0.0159686
pobs_RECLAS
 0 0 0 0 0
 0 0 0 0 0
 0 0 0 0 0
 0 0 0 0 0
 0 0 0 0 0
 0 0 0 0 0
 0 0 0 0 0
 0 0 0 0 0
 0 0 0 0 0
 0 0 0 0 0
 0.991045 0.00858322 0.000360255 1.14367e-05 0
 0.934742 0.0480273 0.0164251 0.00080598 0
 0.827803 0.169806 0.00239088 0 0
 0.941827 0.0461693 0.0120037 0 0
 0.791401 0.0380133 0.147996 0.0225897 0
 0.846168 0.0940531 0.0597789 0 0
 0.134021 0.677848 0.182769 0.00536245 0
 0.80878 0.0450904 0.141981 0.00414843 0
 0.846168 0.0940531 0.0597789 0 0
 0.905697 0.0802665 0.012482 0.00150086 5.37128e-05
 0.989698 0.0102097 9.19794e-05 0 0
 0.975433 0.0193895 0.00387452 0.00125025 5.28907e-05
 0.303575 0.632131 0.0575291 0.00676475 0
 0.966965 0.00978017 0.0227588 0.000495775 0
 0.843318 0.132988 0.00938335 0.0141283 0.000182051
 0.564624 0.303363 0.111486 0.0197234 0.00080311
 0.826376 0.0876187 0.0782897 0.00655872 0.00115652
 0.89761 0.0855135 0.0140674 0.00269457 0.000114338
 0.34875 0.467042 0.161289 0.0227151 0.000203297
 0.318654 0.224769 0.449479 0.00709798 0
 0.937255 0.0296025 0.0250945 0.00804832 0
ppred_RECLAS
 0.428515 0.0381762 0.456288 0.0451394 0.0318816
 0.475863 0.317892 0.0137776 0.164672 0.0277964
 0.499248 0.327674 0.104973 0.00454958 0.0635561
 0.50315 0.334281 0.10638 0.0340796 0.0221106
 0.503308 0.336945 0.107478 0.0342031 0.0180663
 0.492788 0.341115 0.112676 0.0359412 0.0174792
 0.508624 0.328197 0.109743 0.03625 0.0171863
 0.515818 0.333031 0.100955 0.0337576 0.0164374
 0.488165 0.349017 0.111991 0.0339489 0.0168794
 0.484837 0.339904 0.119508 0.038347 0.0174043
 0.480366 0.34112 0.117783 0.0414118 0.0193189
 0.479608 0.33835 0.119504 0.0412627 0.0212756
 0.494734 0.331169 0.113195 0.0399798 0.0209221
 0.503089 0.332431 0.107806 0.0368483 0.0198254
 0.509195 0.333328 0.105351 0.0341648 0.0179605
 0.508656 0.334575 0.106469 0.0336505 0.0166495
 0.519855 0.32959 0.102519 0.0326237 0.0154126
 0.519887 0.332287 0.101474 0.0315632 0.0147893
 0.554953 0.310736 0.0929567 0.028387 0.012967
 0.603072 0.294402 0.0715844 0.0214145 0.00952675
 0.602455 0.3083 0.0661925 0.0160948 0.00695673
 0.606153 0.303756 0.069867 0.0150005 0.00522394
 0.616832 0.300802 0.0635249 0.0146114 0.00422957
 0.561874 0.33969 0.0772761 0.0163195 0.00484024
 0.540193 0.336109 0.0959063 0.0218177 0.00597414
 0.525904 0.337696 0.0997052 0.0284501 0.00824432
 0.511985 0.339666 0.105668 0.0311987 0.011482
 0.51352 0.333727 0.106318 0.0330751 0.0133594
 0.512558 0.335336 0.104345 0.0332423 0.0145186
 0.503962 0.339503 0.107688 0.0335091 0.0153378
 0.501103 0.337264 0.110626 0.0350899 0.0159166
pobs_PELACES
 0 0 0 0 0
 0 0 0 0 0
 0 0 0 0 0
 0 0 0 0 0
 0 0 0 0 0
 0 0 0 0 0
 0 0 0 0 0
 0 0 0 0 0
 0 0 0 0 0
 0 0 0 0 0
 0 0 0 0 0
 0 0 0 0 0
 0 0 0 0 0
 0 0 0 0 0
 0 0 0 0 0
 0 0 0 0 0
 0.505614 0.472636 0.0217494 0 0
 0 0 0 0 0
 0.443492 0.261883 0.143347 0.151278 0
 0.227955 0.32914 0.350689 0.0885471 0.00366901
 0.970185 0.0296113 0.000203453 0 0
 0.997202 0.00247181 0.000326279 0 0
 0.445219 0.490057 0.0546422 0.010081 0
 0.90214 0.0892962 0.00764917 0.000914606 0
 0 0 0 0 0
 0.581667 0.319106 0.0959925 0.00289975 0.000334073
 0.762889 0.0836404 0.116647 0.0363945 0.000428098
 0.88444 0.0763242 0.0277011 0.0115352 0
 0.521256 0.241999 0.230069 0.00667565 0
 0.616807 0.101726 0.260614 0.0208532 0
 0.833518 0.0704572 0.0857862 0.0102388 0
ppred_PELACES
 0.432951 0.0378799 0.452746 0.0447891 0.0316341
 0.482739 0.313721 0.0135968 0.162511 0.0274317
 0.504319 0.324355 0.10391 0.0045035 0.0629124
 0.509844 0.329777 0.104946 0.0336204 0.0218127
 0.505498 0.335459 0.107004 0.0340524 0.0179866
 0.498475 0.337291 0.111413 0.0355383 0.0172832
 0.518898 0.321335 0.107448 0.0354921 0.016827
 0.516814 0.332347 0.100748 0.0336882 0.0164036
 0.490903 0.34715 0.111391 0.0337673 0.0167891
 0.487325 0.338262 0.118931 0.0381618 0.0173202
 0.481235 0.34055 0.117586 0.0413425 0.0192866
 0.484796 0.334977 0.118312 0.0408513 0.0210635
 0.499942 0.327756 0.112028 0.0395677 0.0207065
 0.510405 0.327537 0.106218 0.0363058 0.0195335
 0.513838 0.330175 0.104355 0.0338416 0.0177906
 0.517847 0.328316 0.104477 0.033021 0.016338
 0.526005 0.325368 0.101205 0.0322058 0.0152152
 0.530757 0.324764 0.0991761 0.0308486 0.0144545
 0.577801 0.294783 0.0881845 0.0269297 0.0123013
 0.62315 0.27951 0.0679634 0.0203313 0.00904485
 0.61917 0.295338 0.0634095 0.0154181 0.00666424
 0.632744 0.283247 0.0651498 0.0139878 0.00487124
 0.627592 0.292355 0.061741 0.0142011 0.0041108
 0.571221 0.332443 0.0756274 0.0159714 0.00473698
 0.548752 0.329852 0.0941209 0.0214116 0.00586293
 0.531091 0.334001 0.0986143 0.0281389 0.00815412
 0.518645 0.33503 0.104226 0.0307729 0.0113253
 0.520658 0.32883 0.104759 0.0325898 0.0131634
 0.517637 0.331842 0.103258 0.032896 0.0143673
 0.508342 0.336505 0.106738 0.0332133 0.0152023
 0.507043 0.333249 0.109309 0.0346722 0.0157271
pobs_pel_tallas
 0 0 0 0 0 0 0 0 0 0 0 0 0 0 0 0 0 0 0 0 0 0 0 0 0 0
 0 0 0 0 0 0 0 0 0 0 0 0 0 0 0 0 0 0 0 0 0 0 0 0 0 0
 0 0 0 0 0 0 0 0 0 0 0 0 0 0 0 0 0 0 0 0 0 0 0 0 0 0
 0 0 0 0 0 0 0 0 0 0 0 0 0 0 0 0 0 0 0 0 0 0 0 0 0 0
 0 0 0 0 0 0 0 0 0 0 0 0 0 0 0 0 0 0 0 0 0 0 0 0 0 0
 0 0 0 0 0 0 0 0 0 0 0 0 0 0 0 0 0 0 0 0 0 0 0 0 0 0
 0 0 0 0 0 0 0 0 0 0 0 0 0 0 0 0 0 0 0 0 0 0 0 0 0 0
 0 0 0 0 0 0 0 0 0 0 0 0 0 0 0 0 0 0 0 0 0 0 0 0 0 0
 0 0 0 0 0 0 0 0 0 0 0 0 0 0 0 0 0 0 0 0 0 0 0 0 0 0
 0 0 0 0 0 0 0 0 0 0 0 0 0 0 0 0 0 0 0 0 0 0 0 0 0 0
 0 0 0 0 0 0 0 0 0 0 0 0 0 0 0 0 0 0 0 0 0 0 0 0 0 0
 0 0 0 0 0 0 0 0 0 0 0 0 0 0 0 0 0 0 0 0 0 0 0 0 0 0
 0.00862536 0 0 0.000197151 0.00414017 0.0128641 0.00837892 0.0270097 0.101434 0.158115 0.152841 0.127902 0.109271 0.109419 0.0830992 0.0579132 0.0238553 0.00714673 0.00463305 0.00128148 0.00103504 0.000492878 0.000147863 0.000147863 4.92878e-05 0
 0 0 0 0 0 0 0 0 0 0 0 0 0 0 0 0 0 0 0 0 0 0 0 0 0 0
 0 0 0 0 0 0 0 0.0054083 0.00873648 0.0413646 0.0450493 0.0745869 0.0622846 0.0627006 0.0613931 0.0827291 0.12552 0.122667 0.0946155 0.0697135 0.0546179 0.0294188 0.0215738 0.0213955 0.0102223 0.00600262
 0 0 0 0 0.00359764 0.0251062 0.0480494 0.140153 0.205849 0.193036 0.1447 0.116669 0.0760912 0.0342217 0.00950174 0.001854 0.000860785 0 0 0 0.000165536 0 0.000143464 0 0 0
 0 0 0 0 0 0 0 0.000145254 0.000435761 0.0275982 0.070085 0.0708112 0.156366 0.174668 0.174014 0.160142 0.0824315 0.0480064 0.0283245 0.00493863 0.00203355 0 0 0 0 0
 0 0 0 0 0 0 0 0 0 0 0 0 0 0 0 0 0 0 0 0 0 0 0 0 0 0
 0 0 1.00437e-05 0.000401748 0.00122533 0.00171747 0.00176769 0.0269171 0.070346 0.194647 0.189555 0.159765 0.064822 0.0314167 0.0384472 0.0292271 0.0345202 0.0313363 0.0194345 0.0106764 0.0143323 0.0359363 0.0279516 0.0138201 0.00172751 0
 0 0.0021121 0.0136068 0.0755702 0.200478 0.177729 0.0527432 0.0373336 0.0318909 0.0142505 0.0149659 0.0166563 0.0217959 0.0798694 0.0677717 0.0528807 0.04013 0.0224614 0.0357745 0.0225083 0.00881397 0.00855152 0.00135912 0.000746735 0 0
 0 0 0 0 5.4009e-05 0.00500934 0.000945158 0.0243581 0.138947 0.33067 0.221406 0.137944 0.0707744 0.0437923 0.0131692 0.00525238 0.0047753 0.00276346 9.45158e-05 9.00151e-06 2.25038e-05 9.00151e-06 4.50075e-06 0 0 0
 0.000866109 0.00284123 0.00948549 0.0512746 0.133035 0.25785 0.225252 0.132002 0.0553304 0.0519788 0.0540692 0.017754 0.00435017 0.00159236 0.00146478 0.000404838 0.000125132 0.000115318 0.000107957 0.000100596 0 0 0 0 0 0
 0 0 0 0 0.00144013 0.00171154 0.00461396 0.0210425 0.0478622 0.0707936 0.0888783 0.103762 0.0637923 0.0337046 0.0602308 0.124433 0.169614 0.0934646 0.0462172 0.0250306 0.0313229 0.00938855 0.002487 0.000210481 0 0
 0 0.00764035 0.051015 0.0998891 0.058973 0.0496711 0.0374665 0.0718981 0.12319 0.153886 0.159021 0.0857701 0.0377988 0.023471 0.0147837 0.00900784 0.00315554 0.000888139 0.00291439 0.00214683 0.00393193 0.00274676 0.000635225 9.99891e-05 0 0
 0 0 0 0 0 0 0 0 0 0 0 0 0 0 0 0 0 0 0 0 0 0 0 0 0 0
 0 0 0 0 0 0 0 0 0 0 0 0 0 0 0 0 0 0 0 0 0 0 0 0 0 0
 0 0 0 0 0 0 0 0 0 0 0 0 0 0 0 0 0 0 0 0 0 0 0 0 0 0
 0 0 0 0 0 0 0 0 0 0 0 0 0 0 0 0 0 0 0 0 0 0 0 0 0 0
 0 0 0 0 0 0 0 0 0 0 0 0 0 0 0 0 0 0 0 0 0 0 0 0 0 0
 0 0 0 0 0 0 0 0 0 0 0 0 0 0 0 0 0 0 0 0 0 0 0 0 0 0
 0 0 0 0 0 0 0 0 0 0 0 0 0 0 0 0 0 0 0 0 0 0 0 0 0 0
ppred_pel_tallas
 1.22921e-16 3.56616e-05 0.000346643 0.00230357 0.0104717 0.0325813 0.0694181 0.101319 0.101323 0.0694397 0.0326561 0.0106968 0.00290298 0.00176911 0.00307133 0.00589362 0.0105224 0.0174853 0.0272205 0.0397617 0.054328 0.06905 0.081189 0.0879753 0.0877149 0.0805248
 1.21413e-16 3.97627e-05 0.000386507 0.00256848 0.0116759 0.0363284 0.0774025 0.112978 0.113008 0.0775503 0.0368247 0.01311 0.00616975 0.00825421 0.0150032 0.0248068 0.0359181 0.0456408 0.0513534 0.0520882 0.0492334 0.045655 0.0438731 0.0446578 0.0469034 0.0485706
 1.1418e-16 4.15402e-05 0.000403785 0.0026833 0.0121979 0.0379523 0.0808626 0.118028 0.118059 0.0810159 0.0384673 0.0136867 0.00642532 0.00858931 0.0156368 0.0259168 0.0376442 0.0480141 0.0542017 0.0549455 0.0512875 0.0457914 0.0408859 0.0376372 0.035675 0.0339507
 1.10176e-16 4.19952e-05 0.000408209 0.00271269 0.0123315 0.0383681 0.0817485 0.119321 0.119353 0.0819044 0.0388917 0.0138452 0.00651742 0.00873093 0.0158987 0.0263504 0.0382706 0.0488 0.0550489 0.0557004 0.0517581 0.0457567 0.0400974 0.0358383 0.0326581 0.0296479
 1.09633e-16 4.16372e-05 0.000404729 0.00268957 0.0122264 0.038041 0.0810516 0.118304 0.118336 0.0812102 0.0385737 0.0137662 0.00655971 0.00887037 0.01617 0.0268002 0.0389193 0.0496155 0.0559424 0.0565506 0.0524497 0.046209 0.0402701 0.0357216 0.0322641 0.029012
 1.09791e-16 4.10588e-05 0.000399106 0.0026522 0.0120565 0.0375125 0.0799256 0.116661 0.116693 0.0800851 0.0380482 0.0136052 0.00654491 0.0089151 0.0162683 0.0269719 0.0391861 0.0499918 0.056433 0.0571543 0.053162 0.0470185 0.0411507 0.0366255 0.0331277 0.0297708
 1.0959e-16 4.2741e-05 0.000415458 0.00276086 0.0125505 0.0390494 0.0832001 0.12144 0.121471 0.083352 0.0395598 0.0140261 0.00647006 0.00853045 0.0155073 0.0257081 0.0373587 0.0476799 0.053861 0.054615 0.050901 0.0451547 0.0396751 0.0354611 0.032194 0.0290165
 1.09147e-16 4.25693e-05 0.000413789 0.00274978 0.0125001 0.0388926 0.082866 0.120952 0.120984 0.0830231 0.0394201 0.014025 0.00658205 0.00879525 0.0160066 0.0265169 0.0384837 0.0490101 0.0551668 0.0556132 0.0513583 0.0449714 0.0389064 0.0342771 0.0308104 0.0276323
 1.09531e-16 4.04351e-05 0.000393043 0.00261191 0.0118734 0.0369427 0.0787116 0.114889 0.114922 0.0788757 0.0374939 0.0134668 0.00661692 0.00915364 0.0167306 0.0277326 0.0402713 0.0513327 0.0578631 0.0584588 0.0541561 0.047607 0.0413379 0.036485 0.0327597 0.0292737
 1.10277e-16 4.01404e-05 0.000390179 0.00259288 0.0117869 0.0366735 0.0781379 0.114051 0.114084 0.0782979 0.0372109 0.0133408 0.0064996 0.00893877 0.0163352 0.0270994 0.0394065 0.0503457 0.0569682 0.0579202 0.0541982 0.048336 0.0427135 0.0383448 0.0348757 0.0314117
 1.10891e-16 3.96387e-05 0.000385303 0.00256047 0.0116396 0.0362152 0.0771615 0.112626 0.112659 0.0773225 0.0367562 0.0132039 0.00649322 0.00899065 0.0164424 0.0272776 0.0396645 0.0506753 0.0573465 0.0583255 0.0546301 0.0488255 0.0433142 0.0391081 0.0358223 0.0325144
 1.11162e-16 3.99321e-05 0.000388154 0.00257942 0.0117257 0.0364832 0.0777325 0.11346 0.113492 0.0778909 0.0370155 0.0132648 0.00644888 0.00885579 0.0161825 0.0268509 0.039058 0.0499306 0.0565612 0.0576248 0.0541217 0.0485657 0.043302 0.039303 0.0361681 0.0329551
 1.10789e-16 4.11796e-05 0.000400281 0.00266001 0.012092 0.037623 0.0801609 0.117004 0.117036 0.0803159 0.0381437 0.0135975 0.00644469 0.00868147 0.0158256 0.0262483 0.038165 0.0487555 0.0551689 0.0561077 0.0525591 0.0470018 0.0417558 0.0377964 0.034744 0.0316721
 1.10096e-16 4.20415e-05 0.000408658 0.00271568 0.0123451 0.0384104 0.0818385 0.119452 0.119484 0.0819933 0.0389305 0.0138488 0.00649543 0.00867735 0.0157976 0.026187 0.0380443 0.0485344 0.0547921 0.0555108 0.0516822 0.0458098 0.0402585 0.0360578 0.0328751 0.0298087
 1.09501e-16 4.23242e-05 0.000411407 0.00273394 0.0124281 0.0386687 0.0823889 0.120256 0.120288 0.082545 0.0391929 0.0139435 0.00654281 0.00874281 0.0159144 0.0263729 0.0382953 0.0488134 0.0550264 0.0556069 0.0515519 0.0453949 0.0395449 0.0350766 0.031695 0.0285236
 1.09176e-16 4.26545e-05 0.000414617 0.00275528 0.0125251 0.0389704 0.0830317 0.121194 0.121226 0.0831869 0.0394917 0.014032 0.00654282 0.00869944 0.0158261 0.0262258 0.0380817 0.0485403 0.0547147 0.0552807 0.0512233 0.045056 0.0391711 0.0346406 0.031183 0.0279444
 1.08809e-16 4.33264e-05 0.000421148 0.00279868 0.0127224 0.0395843 0.0843398 0.123103 0.123134 0.0844935 0.0401008 0.0142155 0.00655128 0.00862888 0.015678 0.0259735 0.0377033 0.0480325 0.0540941 0.0545724 0.0504457 0.0442148 0.0382672 0.0336851 0.0302056 0.0269909
 1.08485e-16 4.37178e-05 0.000424953 0.00282396 0.0128373 0.0399419 0.0851016 0.124215 0.124246 0.085255 0.0404574 0.0143274 0.00656878 0.00861507 0.0156431 0.0259103 0.0376003 0.0478774 0.0538737 0.0542711 0.0500467 0.0437043 0.0376427 0.032962 0.0294193 0.0261911
 1.07403e-16 4.75928e-05 0.000462619 0.00307427 0.0139752 0.0434821 0.0926443 0.135223 0.135252 0.0927836 0.0439499 0.0153274 0.00647258 0.00789435 0.0142008 0.0235042 0.0340971 0.0433937 0.048784 0.0490676 0.0451318 0.039257 0.0336353 0.0292844 0.0260023 0.0230531
 1.05603e-16 5.13281e-05 0.000498928 0.00331555 0.015072 0.0468948 0.0999154 0.145835 0.145862 0.100047 0.0473378 0.0163523 0.00653159 0.00752771 0.0134243 0.0221754 0.0320898 0.0406727 0.0454123 0.0451519 0.0407547 0.0344565 0.0284525 0.0238361 0.0205129 0.017819
 1.0458e-16 5.10003e-05 0.000495741 0.00329437 0.0149758 0.0465953 0.0992773 0.144904 0.144933 0.0994165 0.0470631 0.0163273 0.00668882 0.00791175 0.0141528 0.0233624 0.0337571 0.0426772 0.0474402 0.046804 0.0416832 0.0344769 0.0275756 0.022226 0.0184149 0.0154964
 1.0418e-16 5.21183e-05 0.000506609 0.0033666 0.0153041 0.0476168 0.101454 0.14808 0.148108 0.101587 0.0480655 0.0166008 0.00662346 0.00762295 0.0135867 0.0224296 0.0324238 0.0410213 0.0456514 0.0451181 0.0402833 0.0334231 0.0268037 0.0216045 0.0178173 0.0148495
 1.03977e-16 5.1694e-05 0.000502484 0.00333918 0.0151795 0.0472291 0.100628 0.146875 0.146903 0.100765 0.0476921 0.0165172 0.00669874 0.00784182 0.0140062 0.0231147 0.0333895 0.0421909 0.0468558 0.0461467 0.0409635 0.0336814 0.0266765 0.0212025 0.017273 0.0142765
 1.04671e-16 4.70508e-05 0.000457351 0.00303926 0.013816 0.042987 0.0915896 0.133684 0.133716 0.0917464 0.0435137 0.0153378 0.0068614 0.00880855 0.0159293 0.0263169 0.0380389 0.048113 0.0535191 0.0528503 0.047117 0.0389929 0.0311447 0.0249669 0.0204618 0.0169445
 1.0594e-16 4.52001e-05 0.000439361 0.00291971 0.0132726 0.0412961 0.0879869 0.128426 0.128458 0.0881427 0.0418194 0.0147848 0.00671944 0.00874674 0.0158592 0.0262434 0.0380258 0.0482915 0.0540845 0.0540246 0.0490814 0.0418145 0.0347295 0.0290641 0.024721 0.0210031
 1.07134e-16 4.37454e-05 0.000425221 0.00282574 0.0128454 0.0399671 0.0851553 0.124293 0.124326 0.085313 0.040497 0.0143773 0.00667517 0.00884268 0.0160717 0.02661 0.0385862 0.049067 0.05508 0.0552465 0.0505568 0.0435904 0.0368459 0.0315152 0.0274276 0.0238161
 1.08097e-16 4.27202e-05 0.000415256 0.00275952 0.0125444 0.0390305 0.0831597 0.121381 0.121413 0.083318 0.0395623 0.0140817 0.00662311 0.00886533 0.0161377 0.0267343 0.0387977 0.049403 0.0555862 0.0559776 0.0515699 0.0449298 0.0385221 0.0334874 0.0296012 0.0260566
 1.08604e-16 4.2886e-05 0.000416867 0.00277023 0.0125931 0.0391819 0.0834824 0.121852 0.121883 0.0836378 0.039704 0.0141023 0.00656353 0.00871409 0.0158494 0.0262625 0.0381304 0.0485912 0.0547475 0.0552646 0.0511201 0.0448248 0.0387754 0.0340576 0.0304132 0.0270191
 1.08796e-16 4.26371e-05 0.000414448 0.00275416 0.01252 0.0389546 0.082998 0.121145 0.121177 0.0831548 0.0394814 0.0140428 0.00658137 0.00878534 0.0159879 0.026489 0.0384505 0.0489814 0.0551559 0.0556295 0.0513973 0.0450074 0.0388946 0.0341655 0.0305591 0.0272307
 1.0907e-16 4.18715e-05 0.000407006 0.0027047 0.0122952 0.0382551 0.0815077 0.11897 0.119002 0.0816667 0.0387893 0.0138396 0.00658645 0.00889767 0.0162168 0.0268744 0.039019 0.0497245 0.0560277 0.0565666 0.0523467 0.045943 0.0398113 0.0350609 0.0314188 0.0280273
 1.09379e-16 4.17645e-05 0.000405966 0.00269779 0.0122638 0.0381573 0.0812994 0.118666 0.118698 0.0814569 0.0386865 0.0137937 0.00654346 0.00881878 0.0160715 0.0266413 0.0387 0.0493588 0.0556932 0.0563596 0.0523503 0.0461983 0.0403074 0.0357432 0.032208 0.0288399
pSPR Fmed_Fpbrs
0.5999   0.285354 0.285354
Fs Fmed_Fpbrs
0.34   1.005 1.005
SSBpbr Bo_Bmed_Bpbrs
3.35763e+06  1.84636e+06  790231 790231
Ro
320927
SPR SPRFo_SPRFmed_SPRFpbrs
2.29068e+06 1.37418e+06 653654
Fref
1.005
Nvult_r0
 249497 96881.3 31778 10079.8 4572.14
CTP_r0
 83442.5 48561.4 15928.6 5052.47 2291.77
YTP_r0
2.0752e+06
Np
 320927 71429.7 14793.9 4802.44 1787.37
Nvult_p0
 249497 61810.9 12801.8 4155.74 1546.68
CTP_p0
 83442.5 47652.1 15469 5073.96 2122.11
 83442.5 30982.5 6416.84 2083.05 775.269
YTP_p0
 2.06674e+06 1.41682e+06
CBA_c0
2.07266e+06
log_Ro
12.499
likeval ReclasPelacesDesembMPH_pf_preclas_ppelaces_ptallas_desvR_qrecl_qpela
 125.142 53.3513 10.3752 0.00544191 245.224 159.241 110.462 0 0 0 0 51.037 0 0 0
q_reclas_q_pelaces
1 1
M
1
N
 320927 14692.9 175611 17372.8 12270.3
 320927 111765 4843.92 57895.3 9772.68
 320927 108605 34792.6 1507.93 21065.2
 320927 111023 35331.4 11318.7 7343.49
 320927 108859 34723.6 11050.2 5836.79
 320927 114970 37976.6 12113.7 5891.22
 320927 110198 36848.3 12171.6 5770.64
 320927 104229 31596 10565.1 5144.4
 320927 116645 37428.4 11346.1 5641.26
 320927 114207 40154.3 12884.5 5847.79
 320927 114552 39553 13906.5 6487.5
 320927 116823 41261.5 14246.9 7345.91
 320927 110857 37891.3 13383 7003.58
 320927 110839 35944.5 12285.9 6610.19
 320927 108042 34147.5 11073.8 5821.55
 320927 111598 35513 11224.2 5553.45
 320927 105606 32848.7 10453.2 4938.47
 320927 109564 33458.5 10407.2 4876.43
 320927 103452 30947.7 9450.78 4317.07
 320927 89054.3 21653.7 6477.71 2881.77
 320927 91347.6 19612.4 4768.8 2061.24
 320927 95404.3 21944 4711.4 1640.75
 320927 83871.1 17712.3 4074.02 1179.31
 320927 102770 23379.2 4937.33 1464.37
 320927 105200 30018.1 6828.82 1869.87
 320927 106339 31396.7 8958.82 2596.1
 320927 110845 34483.3 10181.2 3747
 320927 108898 34692.5 10792.7 4359.29
 320927 108266 33688.9 10732.6 4687.45
 320927 111007 35210.9 10956.5 5014.98
 320927 111957 36723.1 11648.4 5283.64
pred_Ctot
 10870.1 973.123 11630.9 1150.62 812.67
 16361.6 11014.2 477.362 5705.5 963.084
 12156.2 8022.43 2570.06 111.387 1556.04
 15919.4 10655.4 3390.9 1086.3 704.785
 5325.1 3573 1139.71 362.694 191.577
 13589 9465.14 3126.5 997.285 485.006
 24013.5 15682.8 5244.04 1732.2 821.244
 2438.13 1575.74 477.67 159.724 77.7733
 6643.02 4763.04 1528.34 463.302 230.354
 6046.93 4250.28 1494.37 479.505 217.629
 2130.66 1514.37 522.888 183.844 85.7644
 12444.6 8828.89 3118.32 1076.71 555.165
 12475.9 8398.53 2870.65 1013.9 530.591
 17343.7 11554.7 3747.13 1280.78 689.096
 11158.9 7341.37 2320.3 752.46 395.571
 21599 14358.5 4569.2 1444.13 714.523
 14692.6 9378.55 2917.19 928.314 438.57
 25376.8 16430 5017.37 1560.65 731.261
 51000 29495.4 8823.55 2694.53 1230.85
 46871.9 23547.6 5725.63 1712.82 761.991
 39614.9 20739.6 4452.81 1082.71 467.984
 60403.1 31552.9 7257.49 1558.19 542.641
 26575.7 13137.7 2774.49 638.162 184.73
 22309.9 13637.4 3102.36 655.172 194.319
 20317.2 12766.7 3642.88 828.719 226.92
 12465.2 8049.48 2376.62 678.151 196.515
 15852.1 10594.8 3296 973.147 358.147
 16952.2 11105.2 3537.9 1100.62 444.555
 12184.3 8015.44 2494.14 794.583 347.033
 10535.6 7130.84 2261.86 703.818 322.151
 14175.6 9603.14 3149.92 999.139 453.204
F
 0.0548187 0.109637 0.109637 0.109637 0.109637
 0.0834948 0.16699 0.16699 0.16699 0.16699
 0.0614734 0.122947 0.122947 0.122947 0.122947
 0.0811598 0.16232 0.16232 0.16232 0.16232
 0.0265417 0.0530833 0.0530833 0.0530833 0.0530833
 0.0689311 0.137862 0.137862 0.137862 0.137862
 0.124626 0.249251 0.249251 0.249251 0.249251
 0.0120793 0.0241586 0.0241586 0.0241586 0.0241586
 0.0332023 0.0664046 0.0664046 0.0664046 0.0664046
 0.0301851 0.0603703 0.0603703 0.0603703 0.0603703
 0.0105493 0.0210985 0.0210985 0.0210985 0.0210985
 0.0629706 0.125941 0.125941 0.125941 0.125941
 0.0631334 0.126267 0.126267 0.126267 0.126267
 0.0886956 0.177391 0.177391 0.177391 0.177391
 0.0563098 0.11262 0.11262 0.11262 0.11262
 0.111495 0.22299 0.22299 0.22299 0.22299
 0.0747066 0.149413 0.149413 0.149413 0.149413
 0.132104 0.264207 0.264207 0.264207 0.264207
 0.281966 0.563933 0.563933 0.563933 0.563933
 0.256541 0.513082 0.513082 0.513082 0.513082
 0.213089 0.426178 0.426178 0.426178 0.426178
 0.341932 0.683864 0.683864 0.683864 0.683864
 0.138718 0.277436 0.277436 0.277436 0.277436
 0.115347 0.230693 0.230693 0.230693 0.230693
 0.104582 0.209163 0.209163 0.209163 0.209163
 0.0630776 0.126155 0.126155 0.126155 0.126155
 0.0808052 0.16161 0.16161 0.16161 0.16161
 0.0866197 0.173239 0.173239 0.173239 0.173239
 0.0616194 0.123239 0.123239 0.123239 0.123239
 0.0530939 0.106188 0.106188 0.106188 0.106188
 0.0719973 0.143995 0.143995 0.143995 0.143995
YTP_r0W_actual
 692573 684716 439629 172794 85483.1
YTP_p0W_proyectada
 629156 831529 372338 158916 74804.4
 629156 540645 154453 65241.2 27328.2
CTP_r0_actual
 83442.5 48561.4 15928.6 5052.47 2291.77
CTP_p0_proyectada
 83442.5 47652.1 15469 5073.96 2122.11
 83442.5 30982.5 6416.84 2083.05 775.269
Wmedp
 7.54 17.45 24.07 31.32 35.25
Frms_r0
 0.5025 1.005 1.005 1.005 1.005
Zrms_r0
 1.5025 2.005 2.005 2.005 2.005
nmprior
 7.29 8.9 8.7 0
nm_flota  nm_reclas  nm_pelaces    nm_pelaL
inf 3.77694 7.20539 13.0303
cv_recla  cv_pelaces  cv_mph
1.01187 0.828218 2.04599
 ------------------------------------------------
Talla a la edad & desviaci?n 
 8 13.2811 15.8009 17.003 17.5766
 0.8 1.32811 1.58009 1.7003 1.75766
