years
 1991 1992 1993 1994 1995 1996 1997 1998 1999 2000 2001 2002 2003 2004 2005 2006 2007 2008 2009 2010 2011 2012 2013 2014 2015 2016 2017 2018 2019 2020 2021 2022 2023
reclasobs
 0 0 0 0 0 0 0 0 0 252601 567819 844713 477998 351125 339783 2.1784e+06 2.13404e+06 4.81314e+06 1.55562e+06 2.62356e+06 3.21686e+06 3.843e+06 1.13348e+06 3.07943e+06 1.97215e+06 2.03268e+06 2.025e+06 2.42433e+06 2.27542e+06 1.05018e+06 2.36338e+06 3.18982e+06 1.53035e+06
reclaspred
 3.31952e+06 1.81731e+06 921727 926875 930706 1.54393e+06 874843 767873 548617 376444 502963 675742 655977 488747 490489 1.36131e+06 1.22613e+06 3.12131e+06 2.47208e+06 1.80181e+06 3.10836e+06 2.54398e+06 1.95589e+06 3.06045e+06 2.27513e+06 2.02244e+06 2.41827e+06 2.67269e+06 2.17383e+06 1.47491e+06 2.00075e+06 2.10653e+06 1.66324e+06
pelacesobs
 0 0 0 0 0 0 0 0 0 0 0 0 0 0 0 552880 188675 0 991730 2.46772e+06 1.41603e+06 1.21717e+06 2.29649e+06 1.80582e+06 0 1.4828e+06 1.56532e+06 1.57751e+06 1.42118e+06 867257 1.10002e+06 1.06204e+06 0
pelacespred
 1.82115e+06 1.09279e+06 542604 449736 485953 836139 412605 483094 317204 201201 290435 321917 345617 263573 275508 646392 584580 1.75633e+06 1.39976e+06 931538 1.61609e+06 1.38271e+06 1.08484e+06 1.89132e+06 1.33309e+06 1.19228e+06 1.63377e+06 1.6191e+06 1.1889e+06 923847 1.06525e+06 1.15406e+06 941820
mphobs
 0 0 0 0 0 0 0 0 0 0 0 0 498337 0 5186 125008 0 168611 109162 213762 579715 649985 157893 87575 83554 210694 70296 0 107559 103333 445601 22526 28222
mphpred
 2.2539e+06 1.49914e+06 723397 401216 431501 507430 669718 364935 334502 214668 133722 266791 298600 234297 147326 191503 676656 602981 1.3326e+06 935524 963163 1.11665e+06 1.03413e+06 865511 1.31083e+06 1.01938e+06 888633 988339 1.40315e+06 1.00804e+06 580965 998379 673138
desembarqueobs
 494567 514787 250237 358949 120608 361735 552515 73892 212993 205616 52469 317467 293654 387597 252695 516296 358380 742168 942051 627588 828172 859565 418607 520667 417249 300574 415391 372974 316634 284311 391294 218835 356480
desembarquepred
 494570 513859 250671 358984 120613 361745 552546 73897.1 213053 205671 52471.7 317531 293694 387588 252673 516225 358403 742014 941751 627372 828252 859549 418609 520693 417239 300571 415384 372945 316618 284303 391252 218841 356496
Reclutas
 172543 95782.8 98657.3 147287 120083 210940 85058.1 37606.7 36036.4 47775.8 90851 128426 106068 75598.9 71077.5 381368 75648.2 617137 336366 271463 371327 518951 102919 297752 256434 114820 252210 295978 93919.5 86111.9 235942 90067.3 168753
log_desv_Rt
 0.187208 -0.401356 -0.371787 0.0289436 -0.175257 0.388134 -0.520103 -1.33626 -1.37891 -1.09692 -0.454218 -0.108083 -0.29936 -0.637997 -0.699668 0.980325 -0.637344 1.46165 0.854761 0.640386 0.953644 1.28837 -0.329496 0.732823 0.583434 -0.220071 0.566824 0.726848 -0.421001 -0.507791 0.500148 -0.462882 0.164996
SSB
 2.2539e+06 1.49914e+06 723397 401216 431501 507430 669718 364935 334502 214668 133722 266791 284525 229522 142247 185506 676656 602981 1.37333e+06 963479 1.01752e+06 1.23746e+06 1.18968e+06 956545 1.36071e+06 1.12175e+06 922562 988339 1.45377e+06 983144 644149 1.13107e+06 709073
BT
 3.14004e+06 2.13748e+06 1.05438e+06 969009 821039 1.55642e+06 1.1096e+06 787011 685787 497414 478960 745151 781756 795349 664552 1.38338e+06 1.15319e+06 3.28039e+06 2.99183e+06 1.95233e+06 3.08692e+06 2.86234e+06 1.98353e+06 3.31216e+06 2.37859e+06 2.04728e+06 2.86689e+06 2.76737e+06 2.03797e+06 1.65724e+06 1.9244e+06 1.89659e+06 1.72525e+06
Ftot
 0.189214 0.349286 0.343067 0.533589 0.178599 0.339425 0.778519 0.131477 0.520875 0.723455 0.161693 0.655463 0.619078 1.07446 0.7661 0.601774 0.38223 0.36828 0.515313 0.478111 0.377424 0.474858 0.278169 0.251986 0.248798 0.198598 0.251378 0.20925 0.184341 0.251747 0.292954 0.136902 0.303068
BD_Bspro_t
 0.970297 0.79535 0.599701 0.502897 0.492306 0.581395 0.571415 0.379274 0.440888 0.38196 0.339092 0.590907 0.468266 0.369987 0.258186 0.313602 0.507593 0.466447 0.599312 0.483015 0.450467 0.496556 0.515987 0.500868 0.6189 0.62925 0.636814 0.678416 0.739399 0.664731 0.604052 0.692043 0.685036
BD_Bspro
 2.18648 1.4543 0.70176 0.389216 0.418595 0.492253 0.649686 0.354019 0.324497 0.208247 0.129722 0.258811 0.276014 0.222657 0.137993 0.179957 0.656417 0.584946 1.33225 0.934661 0.987087 1.20045 1.1541 0.927934 1.32001 1.0882 0.894968 0.958777 1.41028 0.953738 0.624882 1.09724 0.687865
BD_Bo
 1.48148 0.985381 0.475488 0.263719 0.283625 0.333533 0.440205 0.239871 0.219868 0.141101 0.0878954 0.175362 0.187018 0.150865 0.093499 0.121933 0.444765 0.396339 0.902686 0.633294 0.668816 0.813382 0.781976 0.628736 0.89439 0.737325 0.606399 0.649634 0.95556 0.64622 0.423398 0.743452 0.466073
BD_Brms
 7.7712 5.16887 2.4942 1.38335 1.48777 1.74956 2.30911 1.25826 1.15333 0.740153 0.461059 0.919868 0.98101 0.791368 0.490454 0.639604 2.33304 2.07901 4.73508 3.32197 3.50831 4.26663 4.10189 3.29806 4.69157 3.86767 3.18089 3.40769 5.01243 3.38978 2.22096 3.89981 2.44481
Sel_flota
 0.684249 0.976289 0.998723 0.999933 0.999996
 0.684249 0.976289 0.998723 0.999933 0.999996
 0.684249 0.976289 0.998723 0.999933 0.999996
 0.684249 0.976289 0.998723 0.999933 0.999996
 0.684249 0.976289 0.998723 0.999933 0.999996
 0.684249 0.976289 0.998723 0.999933 0.999996
 0.684249 0.976289 0.998723 0.999933 0.999996
 0.684249 0.976289 0.998723 0.999933 0.999996
 0.684249 0.976289 0.998723 0.999933 0.999996
 0.684249 0.976289 0.998723 0.999933 0.999996
 0.684249 0.976289 0.998723 0.999933 0.999996
 0.684249 0.976289 0.998723 0.999933 0.999996
 0.684249 0.976289 0.998723 0.999933 0.999996
 0.684249 0.976289 0.998723 0.999933 0.999996
 0.684249 0.976289 0.998723 0.999933 0.999996
 0.684249 0.976289 0.998723 0.999933 0.999996
 0.684249 0.976289 0.998723 0.999933 0.999996
 0.684249 0.976289 0.998723 0.999933 0.999996
 0.684249 0.976289 0.998723 0.999933 0.999996
 0.684249 0.976289 0.998723 0.999933 0.999996
 0.684249 0.976289 0.998723 0.999933 0.999996
 0.684249 0.976289 0.998723 0.999933 0.999996
 0.684249 0.976289 0.998723 0.999933 0.999996
 0.684249 0.976289 0.998723 0.999933 0.999996
 0.684249 0.976289 0.998723 0.999933 0.999996
 0.684249 0.976289 0.998723 0.999933 0.999996
 0.684249 0.976289 0.998723 0.999933 0.999996
 0.684249 0.976289 0.998723 0.999933 0.999996
 0.684249 0.976289 0.998723 0.999933 0.999996
 0.684249 0.976289 0.998723 0.999933 0.999996
 0.684249 0.976289 0.998723 0.999933 0.999996
 0.684249 0.976289 0.998723 0.999933 0.999996
 0.684249 0.976289 0.998723 0.999933 0.999996
Sel_reclas
 1 1 1 1 1
 1 1 1 1 1
 1 1 1 1 1
 1 1 1 1 1
 1 1 1 1 1
 1 1 1 1 1
 1 1 1 1 1
 1 1 1 1 1
 1 1 1 1 1
 1 1 1 1 1
 1 1 1 1 1
 1 1 1 1 1
 1 1 1 1 1
 1 1 1 1 1
 1 1 1 1 1
 1 1 1 1 1
 1 1 1 1 1
 1 1 1 1 1
 1 1 1 1 1
 1 1 1 1 1
 1 1 1 1 1
 1 1 1 1 1
 1 1 1 1 1
 1 1 1 1 1
 1 1 1 1 1
 1 1 1 1 1
 1 1 1 1 1
 1 1 1 1 1
 1 1 1 1 1
 1 1 1 1 1
 1 1 1 1 1
 1 1 1 1 1
 1 1 1 1 1
Sel_pelaces
 1 1 1 1 1
 1 1 1 1 1
 1 1 1 1 1
 1 1 1 1 1
 1 1 1 1 1
 1 1 1 1 1
 1 1 1 1 1
 1 1 1 1 1
 1 1 1 1 1
 1 1 1 1 1
 1 1 1 1 1
 1 1 1 1 1
 1 1 1 1 1
 1 1 1 1 1
 1 1 1 1 1
 1 1 1 1 1
 1 1 1 1 1
 1 1 1 1 1
 1 1 1 1 1
 1 1 1 1 1
 1 1 1 1 1
 1 1 1 1 1
 1 1 1 1 1
 1 1 1 1 1
 1 1 1 1 1
 1 1 1 1 1
 1 1 1 1 1
 1 1 1 1 1
 1 1 1 1 1
 1 1 1 1 1
 1 1 1 1 1
 1 1 1 1 1
 1 1 1 1 1
pf_obs 
 0.8446 0.082 0.0669 0.0065 0
 0.8095 0.147 0.0364 0.0071 0
 0.9664 0.0169 0.016 0.0007 0
 0.9276 0.0648 0.0075 0.0001 0
 0.7033 0.2144 0.0806 0.0017 0
 0.9318 0.0425 0.0243 0.0014 0
 0.5671 0.3108 0.0964 0.0239 0.0018
 0.0768 0.2599 0.5324 0.112 0.0189
 0.490249 0.384438 0.106611 0.0170017 0.00170017
 0.7925 0.1577 0.0466 0.003 0.0002
 0.840416 0.127587 0.0312969 0.00059994 9.999e-05
 0.8084 0.0986 0.0794 0.0134 0.0002
 0.7335 0.1905 0.0724 0.0035 0.0001
 0.4001 0.4547 0.1325 0.0127 0
 0.49795 0.308269 0.164784 0.0264974 0.00249975
 0.9179 0.0499 0.0305 0.0017 0
 0.2467 0.6533 0.0926 0.0074 0
 0.9418 0.0223 0.034 0.0019 0
 0.707729 0.231977 0.0356964 0.0245975 0
 0.517169 0.277429 0.184464 0.0207286 0.00020938
 0.811772 0.124168 0.05621 0.00726502 0.000585176
 0.764997 0.148141 0.077277 0.00933861 0.000247198
 0.163321 0.427699 0.378323 0.0303852 0.000271297
 0.753843 0.0900009 0.118128 0.0371064 0.000921714
 0.721811 0.176058 0.0630433 0.0369309 0.00215725
 0.143369 0.312575 0.442814 0.0836902 0.0175525
 0.692698 0.0596174 0.167031 0.0765114 0.00414204
 0.394062 0.376323 0.152708 0.0712218 0.00568511
 0.125707 0.32114 0.495352 0.0537591 0.00404204
 0.23352 0.215282 0.420074 0.123614 0.00750983
 0.796117 0.104755 0.0508955 0.0450114 0.00322123
 0.162477 0.292055 0.404252 0.121198 0.0200186
 0 0 0 0 0
pf_pred 
 0.45629 0.136906 0.381659 0.0251437 8.76068e-07
 0.409218 0.326506 0.0677611 0.184383 0.0121319
 0.569698 0.219713 0.117815 0.0238126 0.0689614
 0.717853 0.187998 0.0487096 0.0254378 0.0200017
 0.645899 0.282585 0.0481237 0.0121117 0.0112806
 0.740528 0.188284 0.0570894 0.00949114 0.00460744
 0.460729 0.437211 0.0745993 0.0220282 0.00543217
 0.458487 0.314537 0.185165 0.0305756 0.0112351
 0.538348 0.254204 0.121692 0.0699752 0.0157805
 0.715812 0.183435 0.0562188 0.0261412 0.0183927
 0.829421 0.136893 0.0219941 0.00652895 0.00516291
 0.73897 0.228586 0.0261609 0.00410368 0.00217863
 0.683329 0.258986 0.0507109 0.00562614 0.00134878
 0.641711 0.277121 0.0667515 0.0126754 0.00174052
 0.754314 0.185874 0.0466577 0.0108221 0.00233243
 0.938945 0.0508716 0.00776585 0.00188652 0.00053094
 0.363996 0.610687 0.0212007 0.00314025 0.000975949
 0.906764 0.0430511 0.048239 0.00163018 0.000316046
 0.570036 0.402668 0.0127861 0.0139483 0.000561937
 0.607793 0.263217 0.121026 0.00373351 0.00423037
 0.726731 0.192521 0.0546952 0.0244465 0.00160614
 0.744371 0.204644 0.0362086 0.0100138 0.00476295
 0.306126 0.566734 0.102358 0.0176067 0.00717426
 0.73022 0.106333 0.134122 0.0236164 0.00570964
 0.61642 0.307089 0.0306117 0.0376574 0.00822276
 0.420955 0.406562 0.138791 0.0134941 0.0201975
 0.717522 0.145325 0.0969997 0.0323188 0.00783492
 0.682476 0.250742 0.0347806 0.0226418 0.00936008
 0.350815 0.492014 0.124763 0.0168888 0.0155189
 0.472929 0.231716 0.22516 0.0557361 0.0144585
 0.785524 0.12242 0.0410468 0.038899 0.0121105
 0.432844 0.479161 0.0507927 0.0166009 0.0206018
 0.679916 0.167435 0.129442 0.0134029 0.0098042
pobs_RECLAS
 0 0 0 0 0
 0 0 0 0 0
 0 0 0 0 0
 0 0 0 0 0
 0 0 0 0 0
 0 0 0 0 0
 0 0 0 0 0
 0 0 0 0 0
 0 0 0 0 0
 0 0 0 0 0
 0.991045 0.00858322 0.000360255 1.14367e-05 0
 0.934742 0.0480273 0.0164251 0.00080598 0
 0.827803 0.169806 0.00239088 0 0
 0.941827 0.0461693 0.0120037 0 0
 0.791401 0.0380133 0.147996 0.0225897 0
 0.846168 0.0940531 0.0597789 0 0
 0.134021 0.677848 0.182769 0.00536245 0
 0.80878 0.0450904 0.141981 0.00414843 0
 0.846168 0.0940531 0.0597789 0 0
 0.905697 0.0802665 0.012482 0.00150086 5.37128e-05
 0.989698 0.0102097 9.19794e-05 0 0
 0.975433 0.0193895 0.00387452 0.00125025 5.28907e-05
 0.303575 0.632131 0.0575291 0.00676475 0
 0.966965 0.00978017 0.0227588 0.000495775 0
 0.843318 0.132988 0.00938335 0.0141283 0.000182051
 0.564624 0.303363 0.111486 0.0197234 0.00080311
 0.826376 0.0876187 0.0782897 0.00655872 0.00115652
 0.89761 0.0855135 0.0140674 0.00269457 0.000114338
 0.34875 0.467042 0.161289 0.0227151 0.000203297
 0.318654 0.224769 0.449479 0.00709798 0
 0.937255 0.0296025 0.0250945 0.00804832 0
 0.456809 0.399803 0.12412 0.0192676 0
 0.883104 0.0372192 0.0704036 0.00927362 0
ppred_RECLAS
 0.550496 0.115161 0.313701 0.0206411 7.19141e-07
 0.50245 0.277991 0.0563485 0.153136 0.0100752
 0.658863 0.176241 0.0923047 0.0186331 0.0539579
 0.78845 0.142121 0.0359431 0.0187465 0.0147393
 0.724339 0.221024 0.0367805 0.00924545 0.00861048
 0.805485 0.142065 0.0420732 0.00698592 0.00339107
 0.557908 0.360143 0.0599221 0.0176704 0.00435724
 0.550366 0.263707 0.151713 0.0250212 0.00919351
 0.63128 0.205281 0.0959275 0.0550893 0.0124227
 0.788389 0.137821 0.0411989 0.0191317 0.0134599
 0.875003 0.100775 0.015822 0.00469101 0.00370928
 0.805781 0.170601 0.0190493 0.0029842 0.00158419
 0.759689 0.197411 0.0377185 0.00417922 0.00100183
 0.729284 0.210651 0.049409 0.00936894 0.0012864
 0.819437 0.137445 0.0336454 0.0077935 0.00167957
 0.957454 0.0355952 0.00530261 0.00128646 0.000362035
 0.452698 0.52601 0.0178338 0.00263821 0.000819867
 0.934272 0.0307366 0.0336362 0.00113527 0.000220081
 0.658432 0.320382 0.00993081 0.0108195 0.000435858
 0.693617 0.20724 0.0930298 0.00286618 0.00324739
 0.794508 0.145796 0.0404521 0.0180576 0.00118631
 0.809177 0.1535 0.026516 0.00732385 0.00348327
 0.389256 0.500979 0.0883926 0.0151855 0.00618729
 0.7978 0.0808347 0.0996126 0.0175182 0.00423503
 0.698822 0.242265 0.0235941 0.0289886 0.00632945
 0.512249 0.344838 0.115026 0.0111697 0.0167173
 0.786889 0.110896 0.0723159 0.0240647 0.00583352
 0.756099 0.19356 0.0262337 0.0170567 0.00705078
 0.437983 0.428346 0.106136 0.0143496 0.0131848
 0.566462 0.193119 0.183335 0.0453264 0.0117574
 0.84191 0.0911676 0.0298608 0.0282631 0.00879864
 0.523091 0.404375 0.0418904 0.0136745 0.016969
 0.755658 0.129254 0.0976099 0.0100943 0.00738348
pobs_PELACES
 0 0 0 0 0
 0 0 0 0 0
 0 0 0 0 0
 0 0 0 0 0
 0 0 0 0 0
 0 0 0 0 0
 0 0 0 0 0
 0 0 0 0 0
 0 0 0 0 0
 0 0 0 0 0
 0 0 0 0 0
 0 0 0 0 0
 0 0 0 0 0
 0 0 0 0 0
 0 0 0 0 0
 0 0 0 0 0
 0.505614 0.472636 0.0217494 0 0
 0 0 0 0 0
 0.443492 0.261883 0.143347 0.151278 0
 0.227955 0.32914 0.350689 0.0885471 0.00366901
 0.970185 0.0296113 0.000203453 0 0
 0.997202 0.00247181 0.000326279 0 0
 0.445219 0.490057 0.0546422 0.010081 0
 0.90214 0.0892962 0.00764917 0.000914606 0
 0 0 0 0 0
 0.581667 0.319106 0.0959925 0.00289975 0.000334073
 0.762889 0.0836404 0.116647 0.0363945 0.000428098
 0.88444 0.0763242 0.0277011 0.0115352 0
 0.521256 0.241999 0.230069 0.00667565 0
 0.616807 0.101726 0.260614 0.0208532 0
 0.833518 0.0704572 0.0857862 0.0102388 0
 0.697417 0.212968 0.0787535 0.0105354 0.000325836
 0 0 0 0 0
ppred_PELACES
 0.555262 0.11406 0.310264 0.0204134 7.11206e-07
 0.51116 0.273448 0.0552846 0.150224 0.00988356
 0.666534 0.172495 0.0901133 0.0181882 0.0526693
 0.797115 0.136481 0.0343807 0.0179278 0.0140955
 0.727816 0.218295 0.0362783 0.00911857 0.00849229
 0.810664 0.138377 0.0408782 0.00678657 0.00329428
 0.576589 0.345298 0.0571219 0.0168395 0.00415227
 0.5536 0.261916 0.150536 0.0248258 0.00912171
 0.643286 0.198944 0.0926083 0.0531721 0.0119902
 0.800092 0.130447 0.0387864 0.0180062 0.0126679
 0.876723 0.0994119 0.0155893 0.00462172 0.00365448
 0.815566 0.162103 0.0180127 0.00282107 0.00149757
 0.770558 0.188638 0.0358774 0.00397425 0.000952686
 0.74957 0.195213 0.0454251 0.00860982 0.00118214
 0.830297 0.129355 0.0314859 0.00729105 0.00157127
 0.959783 0.0336713 0.00499371 0.00121123 0.000340859
 0.461868 0.517255 0.0174874 0.00258658 0.000803813
 0.936505 0.0297357 0.0324523 0.00109515 0.000212302
 0.669566 0.310014 0.00957286 0.0104274 0.000420057
 0.70356 0.200745 0.0897956 0.00276601 0.00313387
 0.800515 0.141651 0.0391924 0.0174927 0.00114919
 0.816248 0.147915 0.0254615 0.00703128 0.00334409
 0.395737 0.495848 0.0873073 0.0149974 0.00611061
 0.801868 0.0792976 0.0975363 0.0171513 0.00414632
 0.703922 0.238252 0.0231605 0.028453 0.00621249
 0.517138 0.34153 0.113755 0.0110455 0.0165313
 0.791074 0.108818 0.0708284 0.0235673 0.00571292
 0.759858 0.190639 0.0257978 0.0167719 0.00693301
 0.442442 0.425087 0.105185 0.01422 0.0130657
 0.572667 0.190554 0.180564 0.0446367 0.0115784
 0.845755 0.0890344 0.029099 0.0275388 0.0085731
 0.526421 0.401615 0.0415623 0.0135667 0.0168352
 0.761204 0.126455 0.0952819 0.00985239 0.00720647
pobs_pel_tallas
 0 0 0 0 0 0 0 0 0 0 0 0 0 0 0 0 0 0 0 0 0 0 0 0 0 0
 0 0 0 0 0 0 0 0 0 0 0 0 0 0 0 0 0 0 0 0 0 0 0 0 0 0
 0 0 0 0 0 0 0 0 0 0 0 0 0 0 0 0 0 0 0 0 0 0 0 0 0 0
 0 0 0 0 0 0 0 0 0 0 0 0 0 0 0 0 0 0 0 0 0 0 0 0 0 0
 0 0 0 0 0 0 0 0 0 0 0 0 0 0 0 0 0 0 0 0 0 0 0 0 0 0
 0 0 0 0 0 0 0 0 0 0 0 0 0 0 0 0 0 0 0 0 0 0 0 0 0 0
 0 0 0 0 0 0 0 0 0 0 0 0 0 0 0 0 0 0 0 0 0 0 0 0 0 0
 0 0 0 0 0 0 0 0 0 0 0 0 0 0 0 0 0 0 0 0 0 0 0 0 0 0
 0 0 0 0 0 0 0 0 0 0 0 0 0 0 0 0 0 0 0 0 0 0 0 0 0 0
 0 0 0 0 0 0 0 0 0 0 0 0 0 0 0 0 0 0 0 0 0 0 0 0 0 0
 0 0 0 0 0 0 0 0 0 0 0 0 0 0 0 0 0 0 0 0 0 0 0 0 0 0
 0 0 0 0 0 0 0 0 0 0 0 0 0 0 0 0 0 0 0 0 0 0 0 0 0 0
 0.00862536 0 0 0.000197151 0.00414017 0.0128641 0.00837892 0.0270097 0.101434 0.158115 0.152841 0.127902 0.109271 0.109419 0.0830992 0.0579132 0.0238553 0.00714673 0.00463305 0.00128148 0.00103504 0.000492878 0.000147863 0.000147863 4.92878e-05 0
 0 0 0 0 0 0 0 0 0 0 0 0 0 0 0 0 0 0 0 0 0 0 0 0 0 0
 0 0 0 0 0 0 0 0.0054083 0.00873648 0.0413646 0.0450493 0.0745869 0.0622846 0.0627006 0.0613931 0.0827291 0.12552 0.122667 0.0946155 0.0697135 0.0546179 0.0294188 0.0215738 0.0213955 0.0102223 0.00600262
 0 0 0 0 0.00359764 0.0251062 0.0480494 0.140153 0.205849 0.193036 0.1447 0.116669 0.0760912 0.0342217 0.00950174 0.001854 0.000860785 0 0 0 0.000165536 0 0.000143464 0 0 0
 0 0 0 0 0 0 0 0.000145254 0.000435761 0.0275982 0.070085 0.0708112 0.156366 0.174668 0.174014 0.160142 0.0824315 0.0480064 0.0283245 0.00493863 0.00203355 0 0 0 0 0
 0 0 0 0 0 0 0 0 0 0 0 0 0 0 0 0 0 0 0 0 0 0 0 0 0 0
 0 0 1.00437e-05 0.000401748 0.00122533 0.00171747 0.00176769 0.0269171 0.070346 0.194647 0.189555 0.159765 0.064822 0.0314167 0.0384472 0.0292271 0.0345202 0.0313363 0.0194345 0.0106764 0.0143323 0.0359363 0.0279516 0.0138201 0.00172751 0
 0 0.0021121 0.0136068 0.0755702 0.200478 0.177729 0.0527432 0.0373336 0.0318909 0.0142505 0.0149659 0.0166563 0.0217959 0.0798694 0.0677717 0.0528807 0.04013 0.0224614 0.0357745 0.0225083 0.00881397 0.00855152 0.00135912 0.000746735 0 0
 0 0 0 0 5.4009e-05 0.00500934 0.000945158 0.0243581 0.138947 0.33067 0.221406 0.137944 0.0707744 0.0437923 0.0131692 0.00525238 0.0047753 0.00276346 9.45158e-05 9.00151e-06 2.25038e-05 9.00151e-06 4.50075e-06 0 0 0
 0.000866109 0.00284123 0.00948549 0.0512746 0.133035 0.25785 0.225252 0.132002 0.0553304 0.0519788 0.0540692 0.017754 0.00435017 0.00159236 0.00146478 0.000404838 0.000125132 0.000115318 0.000107957 0.000100596 0 0 0 0 0 0
 0 0 0 0 0.00144013 0.00171154 0.00461396 0.0210425 0.0478622 0.0707936 0.0888783 0.103762 0.0637923 0.0337046 0.0602308 0.124433 0.169614 0.0934646 0.0462172 0.0250306 0.0313229 0.00938855 0.002487 0.000210481 0 0
 0 0.00764035 0.051015 0.0998891 0.058973 0.0496711 0.0374665 0.0718981 0.12319 0.153886 0.159021 0.0857701 0.0377988 0.023471 0.0147837 0.00900784 0.00315554 0.000888139 0.00291439 0.00214683 0.00393193 0.00274676 0.000635225 9.99891e-05 0 0
 0 0 0 0 0 0 0 0 0 0 0 0 0 0 0 0 0 0 0 0 0 0 0 0 0 0
 0 0 0 0 0 0 0 0 0 0 0 0 0 0 0 0 0 0 0 0 0 0 0 0 0 0
 0 0 0 0 0 0 0 0 0 0 0 0 0 0 0 0 0 0 0 0 0 0 0 0 0 0
 0 0 0 0 0 0 0 0 0 0 0 0 0 0 0 0 0 0 0 0 0 0 0 0 0 0
 0 0 0 0 0 0 0 0 0 0 0 0 0 0 0 0 0 0 0 0 0 0 0 0 0 0
 0 0 0 0 0 0 0 0 0 0 0 0 0 0 0 0 0 0 0 0 0 0 0 0 0 0
 0 0 0 0 0 0 0 0 0 0 0 0 0 0 0 0 0 0 0 0 0 0 0 0 0 0
 0 0 0 0 0 0 0 0 0 0 0 0 0 0 0 0 0 0 0 0 0 0 0 0 0 0
 0 0 0 0 0 0 0 0 0 0 0 0 0 0 0 0 0 0 0 0 0 0 0 0 0 0
ppred_pel_tallas
 1.11031e-16 4.57362e-05 0.000444573 0.00295434 0.01343 0.0417858 0.0890295 0.129944 0.129955 0.0890857 0.0419758 0.0139845 0.00436828 0.00360405 0.00625915 0.0108295 0.0168831 0.0239046 0.0312984 0.0386306 0.0455999 0.0516914 0.0559054 0.0569811 0.0540687 0.0473411
 1.18404e-16 4.21036e-05 0.000409262 0.00271969 0.0123633 0.0384671 0.0819592 0.119627 0.119654 0.0820884 0.0389012 0.0136182 0.00587418 0.00731137 0.0131997 0.0218926 0.0318793 0.0408787 0.0466616 0.0483738 0.0471024 0.0451019 0.0442607 0.0449923 0.0462445 0.0463774
 1.13382e-16 5.49016e-05 0.000533663 0.00354638 0.0161213 0.0501595 0.106871 0.155985 0.156001 0.106953 0.0504347 0.0169178 0.00555135 0.00493013 0.00846292 0.0140593 0.0206187 0.0267272 0.0309933 0.0328259 0.0327708 0.0320524 0.0316912 0.0319043 0.0321597 0.0316751
 1.05211e-16 6.56573e-05 0.000638213 0.00424115 0.0192796 0.0599862 0.127807 0.186541 0.186555 0.127872 0.0602027 0.0199053 0.0058132 0.00407541 0.00660978 0.0108672 0.0157545 0.020044 0.0225396 0.0227154 0.0210273 0.0185794 0.0164148 0.0149866 0.0141225 0.013356
 1.03455e-16 5.99492e-05 0.000582728 0.00387243 0.0176035 0.0547712 0.116697 0.170327 0.170348 0.1168 0.0551167 0.0186013 0.0063776 0.00605332 0.010455 0.0172036 0.0248113 0.0312759 0.0345997 0.0338669 0.0297838 0.024183 0.0189072 0.0149414 0.0122976 0.0104651
 1.02454e-16 6.67733e-05 0.000649061 0.00431324 0.0196074 0.0610058 0.12998 0.189712 0.189726 0.130045 0.0612254 0.0202419 0.00590761 0.00413505 0.00670331 0.011018 0.0159629 0.0202774 0.0227179 0.0227025 0.0206333 0.0175783 0.0145851 0.0121744 0.0103128 0.00871907
 1.04129e-16 4.74929e-05 0.000461648 0.00306782 0.0139459 0.0433909 0.0924502 0.134941 0.134974 0.0926129 0.0439373 0.0155241 0.0070301 0.00911383 0.0164869 0.0272005 0.0392248 0.0494239 0.0546288 0.0533755 0.0467622 0.0376726 0.0290171 0.0223706 0.0177948 0.0145453
 1.08445e-16 4.55993e-05 0.000443242 0.0029455 0.0133898 0.0416608 0.0887638 0.129559 0.129584 0.0888881 0.0420788 0.0145994 0.00599062 0.00712001 0.0128118 0.0213327 0.0312499 0.0403932 0.0465479 0.0486505 0.0473167 0.0442063 0.0407882 0.0375455 0.0341134 0.0299754
 1.10085e-16 5.29866e-05 0.000515049 0.00342268 0.015559 0.04841 0.103143 0.150545 0.150564 0.103238 0.0487271 0.0164764 0.00573139 0.00557494 0.00972204 0.0161465 0.0236309 0.0305232 0.0351808 0.0368782 0.0362032 0.0345372 0.0330519 0.0320362 0.0309789 0.0291514
 1.05103e-16 6.59026e-05 0.000640596 0.00425699 0.0193517 0.0602103 0.128285 0.187238 0.187251 0.128346 0.0604174 0.0199503 0.00576168 0.00393199 0.00633671 0.0104246 0.0151381 0.0193123 0.0218128 0.0221373 0.0207072 0.0185464 0.0166106 0.0152959 0.0144208 0.0135504
 1.01558e-16 7.22145e-05 0.000701951 0.00466471 0.0212051 0.065977 0.140571 0.20517 0.205179 0.140618 0.0661342 0.0216594 0.00580527 0.00319241 0.00480391 0.0078326 0.0112885 0.0142227 0.0157219 0.0153693 0.0134889 0.0109197 0.00850588 0.00669938 0.0055061 0.00469014
 1.01098e-16 6.71771e-05 0.000652986 0.00433932 0.0197259 0.0613748 0.130766 0.19086 0.190876 0.130842 0.0616309 0.0204657 0.00619581 0.00470431 0.0077572 0.0127068 0.0182719 0.0229213 0.0251414 0.0242325 0.0207212 0.0160044 0.0115197 0.00808713 0.00580019 0.00433532
 1.01644e-16 6.34698e-05 0.000616949 0.00409985 0.0186373 0.0579877 0.12355 0.180328 0.180346 0.123639 0.0582863 0.0194999 0.00626557 0.00534675 0.00905199 0.0148791 0.0214612 0.0270555 0.0299232 0.0292507 0.0256153 0.0205659 0.0156752 0.011809 0.00903666 0.00701003
 1.02425e-16 6.17411e-05 0.000600146 0.00398818 0.0181297 0.0564083 0.120185 0.175417 0.175436 0.120277 0.0567176 0.0190234 0.00623277 0.00550458 0.00938921 0.0154585 0.0223415 0.0282587 0.031432 0.03103 0.0276383 0.022819 0.0181332 0.014403 0.0116432 0.00947317
 1.01939e-16 6.83905e-05 0.00066478 0.0044177 0.0200822 0.0624833 0.133128 0.194306 0.194319 0.133189 0.0626883 0.0206746 0.00590572 0.00391662 0.00625441 0.0102582 0.0148329 0.0187828 0.0209344 0.020742 0.0185949 0.0155226 0.0125466 0.0101922 0.00844847 0.00704716
 1.00332e-16 7.90561e-05 0.000768453 0.00510664 0.023214 0.0722275 0.153889 0.224605 0.224609 0.153904 0.0722808 0.0233679 0.00549277 0.00161144 0.00168022 0.0026531 0.00381528 0.00479983 0.00529147 0.00514609 0.00447129 0.00355101 0.00267397 0.00199967 0.00153931 0.00122304
 1.01033e-16 3.80435e-05 0.000369797 0.00245743 0.0111712 0.0347579 0.0740572 0.108099 0.108149 0.0743003 0.0355739 0.0135269 0.00836626 0.0132539 0.0244632 0.0402667 0.0577302 0.0720238 0.0782515 0.0741547 0.0614884 0.044903 0.0292659 0.0174756 0.0100095 0.00584676
 1.0109e-16 7.71386e-05 0.000749815 0.00498279 0.022651 0.0704757 0.150156 0.219158 0.219161 0.15017 0.0705237 0.02279 0.00533377 0.00152289 0.00156542 0.002518 0.00374055 0.00495375 0.0059198 0.00651333 0.00676325 0.00677909 0.00663067 0.00629508 0.00570876 0.00486031
 1.01473e-16 5.51513e-05 0.00053609 0.00356251 0.0161947 0.0503878 0.107358 0.156698 0.156728 0.107503 0.0508769 0.0176067 0.00710444 0.00825968 0.0146989 0.0241484 0.0346311 0.0432366 0.0470434 0.0447164 0.037324 0.0276584 0.0186202 0.0119031 0.00772912 0.00541998
 1.03451e-16 5.79513e-05 0.000563308 0.00374338 0.0170169 0.0529459 0.112808 0.16465 0.164669 0.112903 0.0532653 0.0179406 0.00606646 0.00564929 0.00975995 0.0161544 0.0235217 0.0301084 0.0341413 0.0347603 0.032461 0.028636 0.0246219 0.02104 0.0178254 0.0146912
 1.03117e-16 6.59374e-05 0.000640935 0.00425924 0.0193619 0.0602421 0.128353 0.187337 0.187351 0.12842 0.0604668 0.0200114 0.00589125 0.00420931 0.00685977 0.0112808 0.0163494 0.0207841 0.0233238 0.0233901 0.0214125 0.0184944 0.0156986 0.0135225 0.0118736 0.0104014
 1.02044e-16 6.72333e-05 0.000653532 0.00434295 0.0197424 0.0614261 0.130875 0.191019 0.191034 0.130945 0.0616601 0.0204186 0.00604069 0.00436109 0.00711263 0.011663 0.0168201 0.0212064 0.0234652 0.0229725 0.0202001 0.016381 0.0127559 0.00998975 0.00809768 0.00675008
 1.05185e-16 3.25964e-05 0.000316849 0.00210558 0.00957167 0.0297813 0.0634539 0.0926229 0.0926707 0.0636876 0.0305659 0.0118383 0.00779645 0.0127442 0.0236464 0.0390717 0.0563527 0.0710122 0.0784927 0.0766731 0.0671035 0.0538979 0.0412243 0.0313634 0.0244583 0.019516
 1.05257e-16 6.60489e-05 0.000642018 0.00426644 0.0193946 0.0603439 0.128569 0.187652 0.18766 0.128607 0.0604722 0.019767 0.00520786 0.00271949 0.00407714 0.00680729 0.0102005 0.0136658 0.0166262 0.0187869 0.0202313 0.0212038 0.0217815 0.0217495 0.0207791 0.0187226
 1.04635e-16 5.79812e-05 0.000563598 0.00374531 0.0170256 0.0529732 0.112866 0.164736 0.164759 0.112978 0.0533498 0.0181133 0.0064752 0.00652227 0.011373 0.0187075 0.0269417 0.0338879 0.0373714 0.0364238 0.0318771 0.0258099 0.0202947 0.0164099 0.0140924 0.012646
 1.07276e-16 4.2596e-05 0.000414049 0.0027515 0.0125079 0.038917 0.0829181 0.121028 0.121061 0.0830795 0.0394593 0.0140754 0.0066911 0.00903079 0.0164559 0.0272644 0.0395674 0.0503757 0.0566498 0.056962 0.0522859 0.0452081 0.0382431 0.0326067 0.0281711 0.0242331
 1.05403e-16 6.51597e-05 0.000633376 0.004209 0.0191335 0.0595316 0.126839 0.185127 0.185138 0.12689 0.0597056 0.0196374 0.00547844 0.00341991 0.00540255 0.0089475 0.0131634 0.0171462 0.0200129 0.0213547 0.0214343 0.0209041 0.0202857 0.0196525 0.0187187 0.0171697
 1.03649e-16 6.25886e-05 0.000608383 0.00404292 0.0183785 0.0571826 0.121834 0.177824 0.177843 0.121924 0.0574841 0.0192495 0.0062294 0.00538231 0.00913183 0.0150056 0.0216311 0.0272523 0.0301308 0.029484 0.0259556 0.0211756 0.0167694 0.0135845 0.0115838 0.0102501
 1.06782e-16 3.64434e-05 0.000354243 0.00235407 0.0107013 0.0332959 0.070942 0.103551 0.103592 0.0711426 0.0339696 0.0126481 0.00724418 0.0110408 0.0203657 0.0336983 0.048744 0.0617228 0.068787 0.0681412 0.0610647 0.0509462 0.041155 0.0334373 0.0277751 0.0232914
 1.11696e-16 4.71698e-05 0.000458508 0.00304695 0.013851 0.0430957 0.0918205 0.134019 0.134037 0.0919116 0.0434023 0.0147398 0.00529044 0.00539703 0.00954687 0.0160244 0.0238206 0.0315139 0.0376544 0.0415408 0.0435099 0.0444229 0.0448115 0.0444501 0.042654 0.0389336
 1.05076e-16 6.96637e-05 0.000677156 0.00449994 0.0204561 0.0636465 0.135606 0.197923 0.197931 0.135648 0.0637881 0.0208654 0.00552929 0.00293064 0.00436875 0.00716436 0.0104406 0.0134076 0.0153215 0.015872 0.015365 0.0144872 0.0138347 0.0135786 0.0134734 0.0131154
 1.05512e-16 4.33607e-05 0.000421481 0.00280089 0.0127325 0.0396157 0.0844068 0.123202 0.123241 0.0845958 0.0402503 0.0145653 0.00740064 0.0104597 0.0190992 0.0314844 0.0453019 0.0568735 0.0624867 0.0604513 0.0521232 0.0410032 0.0306555 0.0230534 0.018302 0.0154297
 1.0499e-16 6.26994e-05 0.00060946 0.00405008 0.0184111 0.0572838 0.12205 0.178138 0.17815 0.12211 0.0574863 0.0189976 0.00552829 0.003856 0.00628587 0.0104424 0.0153857 0.0200764 0.0234768 0.0250768 0.0251239 0.0243107 0.0232028 0.0219044 0.0201777 0.0178045
pSPR Fmed_Fpbrs
0.567372   0.240638 0.240638
Fs Fmed_Fpbrs
0.34   1.005 1.005
SSBpbr Bo_Bmed_Bpbrs
1.52138e+06  787119  290032 290032
Ro
143085
SPR SPRFo_SPRFmed_SPRFpbrs
1.03083e+06 584866 248057
Fref
1.005
Nvult_r0
 137542 26010.2 19779.5 2046.26 1496.76
CTP_r0
 56043.8 12881.5 9908.08 1025.65 750.245
YTP_r0
944409
Np
 161531 29875.1 6957.98 1113.25 949.517
Nvult_p0
 131656 25755.1 6019.82 963.329 821.654
CTP_p0
 53645.4 21541.3 3578.25 2695.17 354.399
 53645.4 12755.2 3015.49 482.849 411.851
YTP_p0
 963415 729287
CBA_c0
950111
log_Ro
11.6912
likeval ReclasPelacesDesembMPH_pf_preclas_ppelaces_ptallas_desvR_qrecl_qpela
 13.8566 17.0181 0.0341191 0.00419151 231.131 134.227 109.274 0 23.4804 2.52613e-06 9.46359e-06 0.16866 0 0 0
q_reclas_q_pelaces
1.25204 1.54505
M
1
N
 172543 37106.4 101293 6665.72 0.232236
 95782.8 55766.7 11348.2 30847.1 2029.54
 98657.3 27745.8 14587.6 2945.34 8529.24
 147287 28700.3 7302.03 3809.68 2995.39
 120083 37610.1 6271.22 1576.56 1468.29
 210940 39094.3 11622.1 1930.15 936.935
 85058.1 61517.4 10325.3 3046.27 751.178
 37606.7 18368.4 10583.1 1745.56 641.371
 36036.4 12644.5 5943.36 3414.23 769.924
 47775.8 9282.41 2797.41 1299.61 914.351
 90851 10713.4 1685.09 499.655 395.09
 128426 29921.6 3365.7 527.468 280.017
 106068 30170.2 5804.66 643.399 154.237
 75598.9 25545.8 6064.52 1150.7 158.002
 71077.5 13333 3291.98 762.896 164.415
 381368 15480.3 2321.72 563.475 158.576
 75648.2 92944.3 3164.71 468.276 145.526
 617137 21424.9 23543.1 794.788 154.078
 336366 176460 5501.42 5995.59 241.534
 271463 86972.9 39252 1209.67 1370.59
 371327 72000.8 20061.9 8957.59 588.484
 518951 105513 18323.8 5062.6 2407.84
 102919 137949 24415.8 4195.24 1709.36
 297752 31299.6 38679.7 6803.37 1644.73
 256434 92188.9 9003.32 11063.5 2415.65
 114820 79569.7 26600.8 2583.42 3866.53
 252210 36872.9 24112.8 8025.28 1945.42
 295978 78120.9 10612.8 6901.14 2852.76
 93919.5 94359 23428.9 3167.93 2910.8
 86111.9 30456.6 28995.4 7169.69 1859.78
 235942 26666 8762.88 8295.48 2582.51
 90067.3 71032.2 7369.74 2405.95 2985.61
 168753 30171 22862 2364.71 1729.68
pred_Ctot
 13385.9 4016.33 11196.5 737.625 0.0257007
 13124.1 10471.4 2173.18 5913.37 389.083
 13299.9 5129.31 2750.45 555.917 1609.94
 29333.8 7682.21 1990.43 1039.47 817.333
 8819.51 3858.58 657.111 165.38 154.032
 28162.7 7160.54 2171.14 360.954 175.224
 23178.5 21995.3 3752.96 1108.2 273.283
 2060.32 1413.44 832.079 137.398 50.4875
 7029.85 3319.44 1589.07 913.749 206.065
 12271.9 3144.81 963.814 448.165 315.325
 6069.6 1001.77 160.95 47.778 37.7816
 30423.1 9410.8 1077.04 168.947 89.6932
 23959.9 9080.94 1778.1 197.272 47.2929
 26381.9 11392.9 2744.27 521.108 71.5559
 19121 4711.69 1182.72 274.328 59.1244
 84123.2 4557.75 695.768 169.02 47.5687
 11241.5 18860.2 654.753 96.9824 30.1408
 88697.2 4211.14 4718.61 159.46 30.9147
 65012.8 45924.4 1458.27 1590.8 64.0892
 49168.1 21293.2 9790.58 302.026 342.22
 54557.4 14453 4106.1 1835.26 120.577
 93436 25687.6 4545.03 1256.97 597.862
 11452.1 21201.3 3829.19 658.658 268.386
 30231 4402.16 5552.62 977.714 236.378
 25729.3 12817.8 1277.73 1571.81 343.217
 9325.11 9006.26 3074.53 298.925 447.42
 25549.5 5174.72 3453.97 1150.81 278.986
 25252.1 9277.64 1286.91 837.762 346.33
 7108.29 9969.31 2527.99 342.204 314.447
 8735.29 4279.93 4158.85 1029.48 267.057
 27536.9 4291.49 1438.91 1363.62 424.54
 5130.19 5679.15 602.01 196.759 244.178
 20318.6 5003.63 3868.22 400.532 292.988
F
 0.12947 0.184728 0.188973 0.189202 0.189214
 0.238998 0.341004 0.34884 0.349262 0.349284
 0.234743 0.334933 0.342629 0.343044 0.343066
 0.365108 0.520937 0.532908 0.533554 0.533588
 0.122206 0.174364 0.178371 0.178587 0.178598
 0.232252 0.331377 0.338992 0.339403 0.339424
 0.532701 0.760059 0.777525 0.778466 0.778516
 0.0899627 0.128359 0.131309 0.131468 0.131476
 0.356408 0.508524 0.52021 0.52084 0.520873
 0.495023 0.706301 0.722532 0.723406 0.723453
 0.110639 0.157859 0.161487 0.161682 0.161693
 0.4485 0.639922 0.654627 0.655419 0.655461
 0.423604 0.604399 0.618288 0.619037 0.619076
 0.735199 1.04898 1.07309 1.07439 1.07446
 0.524203 0.747935 0.765122 0.766049 0.766097
 0.411763 0.587505 0.601005 0.601733 0.601772
 0.261541 0.373167 0.381742 0.382205 0.382229
 0.251995 0.359548 0.36781 0.368255 0.368279
 0.352603 0.503095 0.514655 0.515279 0.515311
 0.327147 0.466774 0.477501 0.478079 0.478109
 0.258252 0.368474 0.376942 0.377398 0.377422
 0.324921 0.463599 0.474252 0.474826 0.474857
 0.190337 0.271574 0.277814 0.278151 0.278168
 0.172421 0.246011 0.251665 0.251969 0.251985
 0.17024 0.242899 0.248481 0.248781 0.248797
 0.135891 0.193889 0.198345 0.198585 0.198597
 0.172005 0.245417 0.251057 0.251361 0.251377
 0.143179 0.204289 0.208983 0.209236 0.20925
 0.126135 0.17997 0.184106 0.184328 0.18434
 0.172258 0.245778 0.251426 0.25173 0.251746
 0.200454 0.286008 0.29258 0.292934 0.292953
 0.0936747 0.133655 0.136727 0.136892 0.136901
 0.207374 0.295882 0.302681 0.303048 0.303067
YTP_r0W_actual
 422570 224782 238488 32123.2 26446.1
YTP_p0W_proyectada
 404486 375895 86128.4 84412.9 12492.6
 404486 222577 72582.9 15122.8 14517.7
CTP_r0_actual
 56043.8 12881.5 9908.08 1025.65 750.245
CTP_p0_proyectada
 53645.4 21541.3 3578.25 2695.17 354.399
 53645.4 12755.2 3015.49 482.849 411.851
Wmedp
 7.54 17.45 24.07 31.32 35.25
Frms_r0
 0.68767 0.98117 1.00372 1.00493 1.005
Zrms_r0
 1.68767 1.98117 2.00372 2.00493 2.005
nmprior
 7.29 8.9 8.7 0
nm_flota  nm_reclas  nm_pelaces    nm_pelaL
inf 13.451 21.3568 72.6694
cv_recla  cv_pelaces  cv_mph
0.322373 0.451904 1.7303
 ------------------------------------------------
Talla a la edad & desviaci?n 
 8 13.2811 15.8009 17.003 17.5766
 0.8 1.32811 1.58009 1.7003 1.75766
