years
 1991 1992 1993 1994 1995 1996 1997 1998 1999 2000 2001 2002 2003 2004 2005 2006 2007 2008 2009 2010 2011 2012 2013 2014 2015 2016 2017 2018 2019 2020 2021 2022 2023
reclasobs
 0 0 0 0 0 0 0 0 0 252601 567819 844713 477998 351125 339783 2.1784e+06 2.13404e+06 4.81314e+06 1.55562e+06 2.62356e+06 3.21686e+06 3.843e+06 1.13348e+06 3.07943e+06 1.97215e+06 2.03268e+06 2.025e+06 2.42433e+06 2.27542e+06 1.05018e+06 2.36338e+06 3.18982e+06 1.53035e+06
reclaspred
 3.42248e+06 1.85538e+06 936680 966068 978066 1.70931e+06 886513 735488 484324 281983 561888 886756 643442 279053 477836 1.67888e+06 1.50019e+06 3.00007e+06 1.97656e+06 2.21681e+06 3.62825e+06 2.779e+06 1.88584e+06 2.97691e+06 2.29417e+06 2.02378e+06 2.30995e+06 2.70197e+06 2.23546e+06 1.64962e+06 1.9602e+06 2.00961e+06 1.55331e+06
pelacesobs
 0 0 0 0 0 0 0 0 0 0 0 0 0 0 0 552880 188675 0 991730 2.46772e+06 1.41603e+06 1.21717e+06 2.29649e+06 1.80582e+06 0 1.4828e+06 1.56532e+06 1.57751e+06 1.42118e+06 867257 1.10002e+06 1.06204e+06 0
pelacespred
 1.85861e+06 1.09202e+06 531904 442530 497163 889386 396145 453860 260499 130378 298585 409936 315861 113229 238991 750495 709099 1.5815e+06 1.02669e+06 1.01881e+06 1.80178e+06 1.46745e+06 1.02721e+06 1.7605e+06 1.28894e+06 1.15664e+06 1.49178e+06 1.55602e+06 1.20799e+06 1.00733e+06 1.00882e+06 1.09667e+06 837884
mphobs
 0 0 0 0 0 0 0 0 0 0 0 0 498337 0 5186 125008 0 168611 109162 213762 579715 649985 157893 87575 83554 210694 70296 0 107559 103333 445601 22526 28222
mphpred
 650179 435516 206374 114576 124777 152143 204782 98359.4 87626.4 46668.2 24327.2 87441.8 113374 52349.6 15552.1 48829.2 240501 208189 331748 285022 517525 546059 108603 79491.9 123978 102413 87006.7 91739 140386 104261 64623.8 93816.7 63659.6
desembarqueobs
 494567 514787 250237 358949 120608 361735 552515 73892 212993 205616 52469 317467 293654 387597 252695 516296 358380 742168 942051 627588 828172 859565 418607 520667 417249 300574 415391 372974 316634 284311 391294 218835 356480
desembarquepred
 494567 514026 250585 358980 120613 361738 552534 73898.1 213070 205681 52470.2 317458 293772 387792 252572 516218 358465 742150 941755 627305 828286 859587 418631 520690 417186 300566 415381 372913 316574 284211 391229 218862 356528
Reclutas
 163978 91566.7 90535.6 133146 106519 193928 74234 29897.5 28363.4 38189.9 92602 142923 63756.8 49705.9 72361.5 386774 71087.7 449786 238623 388697 320413 450666 67546.2 243357 235717 90766.5 194007 251289 95359.9 90227.7 174508 76280 129960
log_desv_Rt
 0.28092 -0.301746 -0.313071 0.0726306 -0.150492 0.448673 -0.511592 -1.42104 -1.47372 -1.17624 -0.290503 0.143493 -0.663738 -0.91269 -0.53714 1.13903 -0.5549 1.28996 0.656069 1.14399 0.950797 1.29191 -0.606002 0.675714 0.643817 -0.310524 0.449078 0.707791 -0.261156 -0.316477 0.343154 -0.484404 0.0484115
SSB
 1.74728e+06 1.1704e+06 554604 307909 335323 408867 550326 264329 235486 125415 65376.3 234989 289154 136459 40137 127049 646318 559484 923965 525664 979084 1.08801e+06 965700 677095 987810 866881 693543 702681 1.11565e+06 778257 552222 818361 515820
BT
 2.5228e+06 1.73816e+06 841968 813356 673597 1.36374e+06 944683 596993 515009 349543 403181 748454 630838 535396 540301 1.32486e+06 1.09888e+06 2.55156e+06 2.11262e+06 1.72079e+06 2.79509e+06 2.51884e+06 1.54423e+06 2.58949e+06 1.879e+06 1.60327e+06 2.19652e+06 2.1917e+06 1.64399e+06 1.43484e+06 1.52494e+06 1.44639e+06 1.30228e+06
Ftot
 0.235703 0.435629 0.429314 0.644804 0.215335 0.386969 0.948705 0.173927 0.734229 1.17751 0.188921 0.637868 0.743434 2.04858 1.02321 0.616052 0.390931 0.466475 0.786663 0.52851 0.400816 0.540744 0.356324 0.327497 0.314315 0.249203 0.329047 0.261676 0.22817 0.2898 0.367638 0.181852 0.406311
BD_Bspro_t
 0.96299 0.751596 0.529813 0.427286 0.420705 0.519651 0.516331 0.304894 0.353663 0.26376 0.201126 0.559471 0.459916 0.251927 0.095363 0.249147 0.498573 0.442128 0.500106 0.34793 0.441185 0.461202 0.458803 0.412565 0.541432 0.565115 0.563814 0.598654 0.683774 0.609452 0.559928 0.616669 0.609678
BD_Bspro
 1.95877 1.31206 0.621734 0.345179 0.375911 0.458357 0.616938 0.296324 0.263989 0.140596 0.0732895 0.263433 0.324154 0.152976 0.0449953 0.142427 0.724549 0.627205 1.0358 0.589291 1.09759 1.2197 1.08259 0.759051 1.10738 0.971809 0.77749 0.787735 1.25069 0.872457 0.619063 0.917416 0.578256
BD_Bo
 1.47075 0.985168 0.466832 0.259179 0.282255 0.34416 0.463231 0.222496 0.198217 0.105567 0.0550298 0.1978 0.243392 0.114863 0.0337849 0.106942 0.544031 0.47094 0.777738 0.442472 0.824134 0.915821 0.812868 0.569937 0.831478 0.729688 0.583782 0.591475 0.93909 0.655089 0.464827 0.688846 0.434186
BD_Brms
 2.67409 1.79122 0.848786 0.471235 0.513191 0.625745 0.842238 0.404539 0.360395 0.19194 0.100054 0.359636 0.442532 0.208842 0.0614271 0.194441 0.989148 0.856254 1.41407 0.804495 1.49843 1.66513 1.47794 1.03625 1.51178 1.32671 1.06142 1.07541 1.70744 1.19107 0.84514 1.25245 0.78943
Sel_flota
 0.710527 1 1 1 1
 0.710527 1 1 1 1
 0.710527 1 1 1 1
 0.710527 1 1 1 1
 0.710527 1 1 1 1
 0.710527 1 1 1 1
 0.710527 1 1 1 1
 0.710527 1 1 1 1
 0.710527 1 1 1 1
 0.710527 1 1 1 1
 0.710527 1 1 1 1
 0.710527 1 1 1 1
 0.710527 1 1 1 1
 0.710527 1 1 1 1
 0.710527 1 1 1 1
 0.710527 1 1 1 1
 0.710527 1 1 1 1
 0.710527 1 1 1 1
 0.710527 1 1 1 1
 0.710527 1 1 1 1
 0.710527 1 1 1 1
 0.710527 1 1 1 1
 0.710527 1 1 1 1
 0.710527 1 1 1 1
 0.710527 1 1 1 1
 0.710527 1 1 1 1
 0.710527 1 1 1 1
 0.710527 1 1 1 1
 0.710527 1 1 1 1
 0.710527 1 1 1 1
 0.710527 1 1 1 1
 0.710527 1 1 1 1
 0.710527 1 1 1 1
Sel_reclas
 1 1 1 1 1
 1 1 1 1 1
 1 1 1 1 1
 1 1 1 1 1
 1 1 1 1 1
 1 1 1 1 1
 1 1 1 1 1
 1 1 1 1 1
 1 1 1 1 1
 1 1 1 1 1
 1 1 1 1 1
 1 1 1 1 1
 1 1 1 1 1
 1 1 1 1 1
 1 1 1 1 1
 1 1 1 1 1
 1 1 1 1 1
 1 1 1 1 1
 1 1 1 1 1
 1 1 1 1 1
 1 1 1 1 1
 1 1 1 1 1
 1 1 1 1 1
 1 1 1 1 1
 1 1 1 1 1
 1 1 1 1 1
 1 1 1 1 1
 1 1 1 1 1
 1 1 1 1 1
 1 1 1 1 1
 1 1 1 1 1
 1 1 1 1 1
 1 1 1 1 1
Sel_pelaces
 0.906176 0.979841 0.995929 0.999188 0.999839
 0.906176 0.979841 0.995929 0.999188 0.999839
 0.906176 0.979841 0.995929 0.999188 0.999839
 0.906176 0.979841 0.995929 0.999188 0.999839
 0.906176 0.979841 0.995929 0.999188 0.999839
 0.906176 0.979841 0.995929 0.999188 0.999839
 0.906176 0.979841 0.995929 0.999188 0.999839
 0.906176 0.979841 0.995929 0.999188 0.999839
 0.906176 0.979841 0.995929 0.999188 0.999839
 0.906176 0.979841 0.995929 0.999188 0.999839
 0.906176 0.979841 0.995929 0.999188 0.999839
 0.906176 0.979841 0.995929 0.999188 0.999839
 0.906176 0.979841 0.995929 0.999188 0.999839
 0.906176 0.979841 0.995929 0.999188 0.999839
 0.906176 0.979841 0.995929 0.999188 0.999839
 0.906176 0.979841 0.995929 0.999188 0.999839
 0.906176 0.979841 0.995929 0.999188 0.999839
 0.906176 0.979841 0.995929 0.999188 0.999839
 0.906176 0.979841 0.995929 0.999188 0.999839
 0.906176 0.979841 0.995929 0.999188 0.999839
 0.906176 0.979841 0.995929 0.999188 0.999839
 0.906176 0.979841 0.995929 0.999188 0.999839
 0.906176 0.979841 0.995929 0.999188 0.999839
 0.906176 0.979841 0.995929 0.999188 0.999839
 0.906176 0.979841 0.995929 0.999188 0.999839
 0.906176 0.979841 0.995929 0.999188 0.999839
 0.906176 0.979841 0.995929 0.999188 0.999839
 0.906176 0.979841 0.995929 0.999188 0.999839
 0.906176 0.979841 0.995929 0.999188 0.999839
 0.906176 0.979841 0.995929 0.999188 0.999839
 0.906176 0.979841 0.995929 0.999188 0.999839
 0.906176 0.979841 0.995929 0.999188 0.999839
 0.906176 0.979841 0.995929 0.999188 0.999839
pf_obs 
 0.8446 0.082 0.0669 0.0065 0
 0.8095 0.147 0.0364 0.0071 0
 0.9664 0.0169 0.016 0.0007 0
 0.9276 0.0648 0.0075 0.0001 0
 0.7033 0.2144 0.0806 0.0017 0
 0.9318 0.0425 0.0243 0.0014 0
 0.5671 0.3108 0.0964 0.0239 0.0018
 0.0768 0.2599 0.5324 0.112 0.0189
 0.490249 0.384438 0.106611 0.0170017 0.00170017
 0.7925 0.1577 0.0466 0.003 0.0002
 0.840416 0.127587 0.0312969 0.00059994 9.999e-05
 0.8084 0.0986 0.0794 0.0134 0.0002
 0.7335 0.1905 0.0724 0.0035 0.0001
 0.4001 0.4547 0.1325 0.0127 0
 0.49795 0.308269 0.164784 0.0264974 0.00249975
 0.9179 0.0499 0.0305 0.0017 0
 0.2467 0.6533 0.0926 0.0074 0
 0.9418 0.0223 0.034 0.0019 0
 0.707729 0.231977 0.0356964 0.0245975 0
 0.517169 0.277429 0.184464 0.0207286 0.00020938
 0.811772 0.124168 0.05621 0.00726502 0.000585176
 0.764997 0.148141 0.077277 0.00933861 0.000247198
 0.163321 0.427699 0.378323 0.0303852 0.000271297
 0.753843 0.0900009 0.118128 0.0371064 0.000921714
 0.721811 0.176058 0.0630433 0.0369309 0.00215725
 0.143369 0.312575 0.442814 0.0836902 0.0175525
 0.692698 0.0596174 0.167031 0.0765114 0.00414204
 0.394062 0.376323 0.152708 0.0712218 0.00568511
 0.125707 0.32114 0.495352 0.0537591 0.00404204
 0.23352 0.215282 0.420074 0.123614 0.00750983
 0.796117 0.104755 0.0508955 0.0450114 0.00322123
 0.162477 0.292055 0.404252 0.121198 0.0200186
 0 0 0 0 0
pf_pred 
 0.508366 0.14318 0.325064 0.0233881 8.52093e-07
 0.446579 0.333451 0.0640626 0.145442 0.0104648
 0.600763 0.219938 0.108033 0.0207553 0.0505115
 0.74194 0.179498 0.0432798 0.0212589 0.014024
 0.672525 0.268434 0.0410672 0.00990196 0.00807236
 0.76254 0.178092 0.0486639 0.00744501 0.00325854
 0.470788 0.438561 0.0679869 0.0185775 0.0040861
 0.482731 0.309859 0.171882 0.0266456 0.00888238
 0.563288 0.251136 0.111165 0.0616643 0.012746
 0.768715 0.156081 0.0432471 0.0191432 0.0128139
 0.904223 0.0817989 0.00943327 0.00261378 0.00193144
 0.773048 0.211541 0.013162 0.00151788 0.000731359
 0.55311 0.376837 0.0652964 0.00406273 0.000694273
 0.669612 0.220079 0.0930177 0.0161176 0.00117421
 0.915754 0.068446 0.0105251 0.00444848 0.000826966
 0.9559 0.0418421 0.00183417 0.000282043 0.000141368
 0.358356 0.623358 0.0173502 0.000760554 0.000175571
 0.885981 0.0521202 0.0601351 0.00167377 9.03075e-05
 0.588676 0.379389 0.0145983 0.0168432 0.000494097
 0.803164 0.137667 0.0545746 0.00209995 0.00249394
 0.676756 0.279031 0.0309221 0.0122583 0.00103186
 0.744449 0.194153 0.053 0.00587343 0.00252436
 0.266041 0.600903 0.101088 0.0275951 0.00437242
 0.766091 0.082319 0.124109 0.0208785 0.00660248
 0.670135 0.273775 0.0197393 0.0297601 0.00658968
 0.41829 0.437023 0.120085 0.00865819 0.015944
 0.724458 0.141568 0.100651 0.0276568 0.00566613
 0.72189 0.221578 0.0290453 0.0206503 0.00683681
 0.418111 0.461238 0.0961257 0.0126005 0.0119246
 0.532543 0.239648 0.180574 0.0376331 0.00960154
 0.750269 0.156767 0.0476591 0.035911 0.0093936
 0.478267 0.427048 0.059438 0.0180699 0.0171771
 0.691244 0.176308 0.108411 0.015089 0.00894786
pobs_RECLAS
 0 0 0 0 0
 0 0 0 0 0
 0 0 0 0 0
 0 0 0 0 0
 0 0 0 0 0
 0 0 0 0 0
 0 0 0 0 0
 0 0 0 0 0
 0 0 0 0 0
 0 0 0 0 0
 0.991045 0.00858322 0.000360255 1.14367e-05 0
 0.934742 0.0480273 0.0164251 0.00080598 0
 0.827803 0.169806 0.00239088 0 0
 0.941827 0.0461693 0.0120037 0 0
 0.791401 0.0380133 0.147996 0.0225897 0
 0.846168 0.0940531 0.0597789 0 0
 0.134021 0.677848 0.182769 0.00536245 0
 0.80878 0.0450904 0.141981 0.00414843 0
 0.846168 0.0940531 0.0597789 0 0
 0.905697 0.0802665 0.012482 0.00150086 5.37128e-05
 0.989698 0.0102097 9.19794e-05 0 0
 0.975433 0.0193895 0.00387452 0.00125025 5.28907e-05
 0.303575 0.632131 0.0575291 0.00676475 0
 0.966965 0.00978017 0.0227588 0.000495775 0
 0.843318 0.132988 0.00938335 0.0141283 0.000182051
 0.564624 0.303363 0.111486 0.0197234 0.00080311
 0.826376 0.0876187 0.0782897 0.00655872 0.00115652
 0.89761 0.0855135 0.0140674 0.00269457 0.000114338
 0.34875 0.467042 0.161289 0.0227151 0.000203297
 0.318654 0.224769 0.449479 0.00709798 0
 0.937255 0.0296025 0.0250945 0.00804832 0
 0.456809 0.399803 0.12412 0.0192676 0
 0.883104 0.0372192 0.0704036 0.00927362 0
ppred_RECLAS
 0.594329 0.118145 0.268227 0.0192987 7.03104e-07
 0.53525 0.280024 0.0537982 0.122139 0.00878812
 0.682249 0.175047 0.0859827 0.016519 0.0402018
 0.805501 0.135287 0.0326198 0.0160228 0.0105698
 0.7441 0.209763 0.0320913 0.00773773 0.00630802
 0.820609 0.134541 0.0367636 0.0056244 0.00246169
 0.565646 0.359952 0.0558007 0.0152476 0.00335369
 0.568899 0.258242 0.143249 0.0222069 0.00740273
 0.651104 0.200637 0.0888115 0.0492646 0.010183
 0.831503 0.113709 0.0315066 0.0139464 0.00933525
 0.930343 0.0594904 0.00686059 0.00190094 0.00140469
 0.830649 0.157851 0.00982148 0.00113264 0.000545738
 0.641779 0.302067 0.0523407 0.00325663 0.00055652
 0.763054 0.157835 0.0667098 0.0115591 0.000842111
 0.941117 0.0478394 0.00735635 0.00310921 0.000577997
 0.968926 0.0294837 0.00129243 0.000198739 9.96134e-05
 0.443114 0.541016 0.0150583 0.000660088 0.000152379
 0.917384 0.0377651 0.0435725 0.00121277 6.54347e-05
 0.674935 0.299826 0.0115369 0.013311 0.000390479
 0.853938 0.102156 0.0404971 0.00155827 0.00185063
 0.748995 0.216673 0.0240116 0.00951877 0.000801255
 0.806808 0.146777 0.0400671 0.00444022 0.00190838
 0.340257 0.540141 0.0908666 0.0248048 0.00393029
 0.823169 0.0622318 0.0938242 0.0157838 0.00499137
 0.742675 0.21357 0.0153985 0.0232157 0.00514057
 0.504767 0.372055 0.102233 0.00737106 0.0135737
 0.788905 0.108457 0.0771096 0.0211882 0.00434088
 0.786363 0.17021 0.0223118 0.015863 0.00525185
 0.50441 0.392833 0.0818694 0.0107318 0.010156
 0.617892 0.195893 0.147605 0.030762 0.00784848
 0.81048 0.11897 0.0361684 0.0272528 0.00712878
 0.564568 0.356409 0.0496063 0.0150809 0.0143358
 0.761426 0.136232 0.0837687 0.0116592 0.00691396
pobs_PELACES
 0 0 0 0 0
 0 0 0 0 0
 0 0 0 0 0
 0 0 0 0 0
 0 0 0 0 0
 0 0 0 0 0
 0 0 0 0 0
 0 0 0 0 0
 0 0 0 0 0
 0 0 0 0 0
 0 0 0 0 0
 0 0 0 0 0
 0 0 0 0 0
 0 0 0 0 0
 0 0 0 0 0
 0 0 0 0 0
 0.505614 0.472636 0.0217494 0 0
 0 0 0 0 0
 0.443492 0.261883 0.143347 0.151278 0
 0.227955 0.32914 0.350689 0.0885471 0.00366901
 0.970185 0.0296113 0.000203453 0 0
 0.997202 0.00247181 0.000326279 0 0
 0.445219 0.490057 0.0546422 0.010081 0
 0.90214 0.0892962 0.00764917 0.000914606 0
 0 0 0 0 0
 0.581667 0.319106 0.0959925 0.00289975 0.000334073
 0.762889 0.0836404 0.116647 0.0363945 0.000428098
 0.88444 0.0763242 0.0277011 0.0115352 0
 0.521256 0.241999 0.230069 0.00667565 0
 0.616807 0.101726 0.260614 0.0208532 0
 0.833518 0.0704572 0.0857862 0.0102388 0
 0.697417 0.212968 0.0787535 0.0105354 0.000325836
 0 0 0 0 0
ppred_PELACES
 0.577989 0.121471 0.280306 0.0202337 7.37651e-07
 0.524292 0.2845 0.0555555 0.126542 0.00911081
 0.672378 0.179044 0.0893895 0.0172297 0.0419588
 0.802025 0.136952 0.0335636 0.0165403 0.0109184
 0.732363 0.218693 0.0340067 0.00822641 0.00671077
 0.813821 0.139039 0.0386165 0.00592721 0.00259591
 0.567982 0.356959 0.0562454 0.0154194 0.00339368
 0.552065 0.266508 0.150261 0.0233702 0.00779559
 0.647563 0.201152 0.0905015 0.0503663 0.0104175
 0.835459 0.110395 0.0310906 0.0138072 0.00924813
 0.926171 0.0628927 0.00737204 0.00204934 0.00151533
 0.828048 0.160091 0.0101244 0.00117139 0.000564777
 0.639535 0.303168 0.0533939 0.00333303 0.000569947
 0.782687 0.143943 0.0618371 0.0107499 0.000783666
 0.942014 0.0469563 0.00733909 0.00311207 0.000578905
 0.968312 0.0300394 0.00133841 0.000206483 0.000103562
 0.432951 0.550628 0.0155775 0.000685082 0.000158251
 0.914104 0.0389158 0.0456373 0.0012744 6.88046e-05
 0.673964 0.300297 0.0117447 0.0135951 0.000399075
 0.849815 0.104515 0.0421125 0.00162573 0.00193201
 0.740969 0.22307 0.0251263 0.00999328 0.000841745
 0.802 0.149821 0.0415695 0.00462179 0.00198771
 0.329734 0.547047 0.0935393 0.0256179 0.00406178
 0.814588 0.0645384 0.0988992 0.016692 0.00528201
 0.73275 0.221107 0.0162036 0.0245094 0.00543057
 0.490122 0.381439 0.106533 0.00770619 0.0142001
 0.779584 0.112302 0.0811543 0.0223726 0.00458651
 0.77666 0.177288 0.0236212 0.0168489 0.00558189
 0.489434 0.403269 0.0854243 0.0112344 0.0106386
 0.603918 0.201375 0.154227 0.0322472 0.00823278
 0.802719 0.123013 0.0380114 0.0287352 0.00752146
 0.548773 0.36815 0.0520816 0.0158853 0.0151103
 0.752851 0.140103 0.0875633 0.0122272 0.00725553
pobs_pel_tallas
 0 0 0 0 0 0 0 0 0 0 0 0 0 0 0 0 0 0 0 0 0 0 0 0 0 0
 0 0 0 0 0 0 0 0 0 0 0 0 0 0 0 0 0 0 0 0 0 0 0 0 0 0
 0 0 0 0 0 0 0 0 0 0 0 0 0 0 0 0 0 0 0 0 0 0 0 0 0 0
 0 0 0 0 0 0 0 0 0 0 0 0 0 0 0 0 0 0 0 0 0 0 0 0 0 0
 0 0 0 0 0 0 0 0 0 0 0 0 0 0 0 0 0 0 0 0 0 0 0 0 0 0
 0 0 0 0 0 0 0 0 0 0 0 0 0 0 0 0 0 0 0 0 0 0 0 0 0 0
 0 0 0 0 0 0 0 0 0 0 0 0 0 0 0 0 0 0 0 0 0 0 0 0 0 0
 0 0 0 0 0 0 0 0 0 0 0 0 0 0 0 0 0 0 0 0 0 0 0 0 0 0
 0 0 0 0 0 0 0 0 0 0 0 0 0 0 0 0 0 0 0 0 0 0 0 0 0 0
 0 0 0 0 0 0 0 0 0 0 0 0 0 0 0 0 0 0 0 0 0 0 0 0 0 0
 0 0 0 0 0 0 0 0 0 0 0 0 0 0 0 0 0 0 0 0 0 0 0 0 0 0
 0 0 0 0 0 0 0 0 0 0 0 0 0 0 0 0 0 0 0 0 0 0 0 0 0 0
 0.00862536 0 0 0.000197151 0.00414017 0.0128641 0.00837892 0.0270097 0.101434 0.158115 0.152841 0.127902 0.109271 0.109419 0.0830992 0.0579132 0.0238553 0.00714673 0.00463305 0.00128148 0.00103504 0.000492878 0.000147863 0.000147863 4.92878e-05 0
 0 0 0 0 0 0 0 0 0 0 0 0 0 0 0 0 0 0 0 0 0 0 0 0 0 0
 0 0 0 0 0 0 0 0.0054083 0.00873648 0.0413646 0.0450493 0.0745869 0.0622846 0.0627006 0.0613931 0.0827291 0.12552 0.122667 0.0946155 0.0697135 0.0546179 0.0294188 0.0215738 0.0213955 0.0102223 0.00600262
 0 0 0 0 0.00359764 0.0251062 0.0480494 0.140153 0.205849 0.193036 0.1447 0.116669 0.0760912 0.0342217 0.00950174 0.001854 0.000860785 0 0 0 0.000165536 0 0.000143464 0 0 0
 0 0 0 0 0 0 0 0.000145254 0.000435761 0.0275982 0.070085 0.0708112 0.156366 0.174668 0.174014 0.160142 0.0824315 0.0480064 0.0283245 0.00493863 0.00203355 0 0 0 0 0
 0 0 0 0 0 0 0 0 0 0 0 0 0 0 0 0 0 0 0 0 0 0 0 0 0 0
 0 0 1.00437e-05 0.000401748 0.00122533 0.00171747 0.00176769 0.0269171 0.070346 0.194647 0.189555 0.159765 0.064822 0.0314167 0.0384472 0.0292271 0.0345202 0.0313363 0.0194345 0.0106764 0.0143323 0.0359363 0.0279516 0.0138201 0.00172751 0
 0 0.0021121 0.0136068 0.0755702 0.200478 0.177729 0.0527432 0.0373336 0.0318909 0.0142505 0.0149659 0.0166563 0.0217959 0.0798694 0.0677717 0.0528807 0.04013 0.0224614 0.0357745 0.0225083 0.00881397 0.00855152 0.00135912 0.000746735 0 0
 0 0 0 0 5.4009e-05 0.00500934 0.000945158 0.0243581 0.138947 0.33067 0.221406 0.137944 0.0707744 0.0437923 0.0131692 0.00525238 0.0047753 0.00276346 9.45158e-05 9.00151e-06 2.25038e-05 9.00151e-06 4.50075e-06 0 0 0
 0.000866109 0.00284123 0.00948549 0.0512746 0.133035 0.25785 0.225252 0.132002 0.0553304 0.0519788 0.0540692 0.017754 0.00435017 0.00159236 0.00146478 0.000404838 0.000125132 0.000115318 0.000107957 0.000100596 0 0 0 0 0 0
 0 0 0 0 0.00144013 0.00171154 0.00461396 0.0210425 0.0478622 0.0707936 0.0888783 0.103762 0.0637923 0.0337046 0.0602308 0.124433 0.169614 0.0934646 0.0462172 0.0250306 0.0313229 0.00938855 0.002487 0.000210481 0 0
 0 0.00764035 0.051015 0.0998891 0.058973 0.0496711 0.0374665 0.0718981 0.12319 0.153886 0.159021 0.0857701 0.0377988 0.023471 0.0147837 0.00900784 0.00315554 0.000888139 0.00291439 0.00214683 0.00393193 0.00274676 0.000635225 9.99891e-05 0 0
 0 0 0 0 0 0 0 0 0 0 0 0 0 0 0 0 0 0 0 0 0 0 0 0 0 0
 0 0 0 0 0 0 0 0 0 0 0 0 0 0 0 0 0 0 0 0 0 0 0 0 0 0
 0 0 0 0 0 0 0 0 0 0 0 0 0 0 0 0 0 0 0 0 0 0 0 0 0 0
 0 0 0 0 0 0 0 0 0 0 0 0 0 0 0 0 0 0 0 0 0 0 0 0 0 0
 0 0 0 0 0 0 0 0 0 0 0 0 0 0 0 0 0 0 0 0 0 0 0 0 0 0
 0 0 0 0 0 0 0 0 0 0 0 0 0 0 0 0 0 0 0 0 0 0 0 0 0 0
 0 0 0 0 0 0 0 0 0 0 0 0 0 0 0 0 0 0 0 0 0 0 0 0 0 0
 0 0 0 0 0 0 0 0 0 0 0 0 0 0 0 0 0 0 0 0 0 0 0 0 0 0
 0 0 0 0 0 0 0 0 0 0 0 0 0 0 0 0 0 0 0 0 0 0 0 0 0 0
ppred_pel_tallas
 1.1015e-16 4.76082e-05 0.000462769 0.00307526 0.0139797 0.0434961 0.0926735 0.135262 0.135274 0.0927329 0.0436968 0.0145646 0.00456308 0.00377595 0.00653079 0.011218 0.0173092 0.0241636 0.031071 0.037562 0.0434313 0.0483826 0.0516858 0.0522995 0.0494619 0.0432796
 1.15909e-16 4.31853e-05 0.000419777 0.00278956 0.012681 0.0394554 0.0840648 0.122701 0.122728 0.0841992 0.0399067 0.0139855 0.00606801 0.00759019 0.0137031 0.0227026 0.032994 0.0421604 0.0478222 0.0490251 0.0468528 0.0436568 0.0414909 0.0409642 0.0412193 0.0407762
 1.11454e-16 5.5383e-05 0.000538342 0.00357747 0.0162627 0.0505993 0.107808 0.157352 0.15737 0.107893 0.0508848 0.0170886 0.00565624 0.00509486 0.00876411 0.0145473 0.0212982 0.0275274 0.0317603 0.0333505 0.03284 0.0314972 0.0304132 0.0298859 0.0294686 0.0284666
 1.04511e-16 6.60618e-05 0.000642144 0.00426727 0.0193984 0.0603557 0.128595 0.187691 0.187704 0.128659 0.0605729 0.020026 0.00584411 0.0040893 0.00662757 0.0108918 0.0157792 0.0200509 0.0224971 0.0225796 0.0207477 0.018108 0.0157172 0.0140532 0.0129775 0.0120596
 1.02998e-16 6.03238e-05 0.000586369 0.00389663 0.0177135 0.0551135 0.117426 0.171391 0.171412 0.117529 0.0554594 0.0187128 0.00640535 0.00606397 0.0104665 0.0172162 0.0248154 0.0312508 0.0345128 0.0336778 0.0294529 0.0236825 0.0182304 0.0141076 0.0113508 0.00946682
 1.02184e-16 6.70334e-05 0.000651588 0.00433003 0.0196837 0.0612434 0.130486 0.190451 0.190464 0.130552 0.0614639 0.020321 0.00593104 0.00415138 0.00672776 0.0110527 0.0160002 0.0202973 0.0226879 0.0225839 0.0203916 0.0171952 0.0140658 0.0115482 0.00962638 0.00802658
 1.03836e-16 4.6784e-05 0.000454757 0.00302202 0.0137377 0.0427433 0.0910703 0.132927 0.132961 0.0912385 0.043308 0.0153688 0.00711689 0.00939556 0.017032 0.0280963 0.0404999 0.0509942 0.056294 0.0548793 0.0478867 0.0383094 0.0291799 0.0221562 0.0173304 0.0139508
 1.08068e-16 4.54729e-05 0.000442013 0.00293733 0.0133527 0.0415454 0.0885178 0.1292 0.129226 0.0886442 0.0419706 0.0145831 0.00603454 0.00723206 0.0130255 0.0216826 0.0317452 0.0409964 0.0471725 0.0491837 0.0476566 0.0442917 0.0406081 0.0371292 0.0335153 0.0292629
 1.09478e-16 5.33389e-05 0.000518473 0.00344544 0.0156625 0.0487319 0.103829 0.151546 0.151565 0.103924 0.0490523 0.0165896 0.00577824 0.00563007 0.00981788 0.016297 0.0238298 0.0307342 0.0353354 0.0368888 0.035986 0.0340364 0.032254 0.0309732 0.0297222 0.0277986
 1.03876e-16 6.88157e-05 0.000668913 0.00444516 0.0202071 0.0628718 0.133955 0.195514 0.195525 0.134007 0.0630469 0.0207134 0.00571772 0.00345193 0.00536922 0.00880741 0.0127765 0.0162738 0.0183306 0.0185155 0.017183 0.0152057 0.0134074 0.0121458 0.0112924 0.0104995
 1.00691e-16 7.62875e-05 0.000741541 0.0049278 0.0224011 0.0696981 0.148499 0.21674 0.216747 0.148529 0.0697975 0.0226882 0.00564836 0.0023142 0.0030621 0.00493909 0.00710199 0.00891954 0.0098054 0.00949202 0.0081868 0.00643155 0.00477895 0.00353685 0.00272724 0.00220997
 1.00547e-16 6.82053e-05 0.00066298 0.00440573 0.0200278 0.0623141 0.132767 0.193781 0.193796 0.132843 0.0625668 0.0207575 0.00623625 0.00465559 0.00764077 0.0124971 0.017933 0.0224179 0.0244411 0.0233053 0.0195441 0.0145735 0.00986806 0.00629424 0.00398257 0.00261994
 1.0205e-16 5.26777e-05 0.000512046 0.00340273 0.0154683 0.0481279 0.102543 0.14967 0.149699 0.102685 0.0486075 0.016854 0.00688149 0.00810811 0.0144843 0.0238753 0.0344167 0.0433342 0.0478228 0.0465662 0.0404947 0.0321172 0.0239971 0.0175707 0.01299 0.00971877
 1.03033e-16 6.44689e-05 0.000626661 0.00416438 0.0189307 0.0589004 0.125494 0.183165 0.183179 0.125562 0.0591294 0.019593 0.00582996 0.00427317 0.00702074 0.0115852 0.0168702 0.0216053 0.0245281 0.0250366 0.023503 0.0209366 0.0182902 0.0159805 0.0139109 0.0118195
 1.00634e-16 7.75924e-05 0.000754226 0.0050121 0.0227843 0.0708903 0.15104 0.220448 0.220452 0.151062 0.0709646 0.0229989 0.00555084 0.00193061 0.00231268 0.00370297 0.00533267 0.00671883 0.00742712 0.00725997 0.00636912 0.00514893 0.00399595 0.00312223 0.00253102 0.00211416
 1.00085e-16 7.97586e-05 0.000775282 0.00515202 0.0234203 0.0728694 0.155256 0.226601 0.226604 0.15527 0.0729168 0.0235572 0.0054953 0.00152388 0.00149917 0.00234613 0.00335766 0.00419201 0.00456083 0.00433299 0.00360987 0.00266004 0.00176388 0.00108735 0.000656545 0.000411828
 1.00686e-16 3.56617e-05 0.000346645 0.00230358 0.0104718 0.0325818 0.069421 0.101333 0.101386 0.0696798 0.0334504 0.0129791 0.00859233 0.0140582 0.0260267 0.0428404 0.0614025 0.0765666 0.0831115 0.0786269 0.0649828 0.0471436 0.0303162 0.0176172 0.00958306 0.00514321
 1.01467e-16 7.52935e-05 0.00073188 0.0048636 0.0221092 0.06879 0.146565 0.213916 0.21392 0.146583 0.0688528 0.0222915 0.00532404 0.00174677 0.00203121 0.00331267 0.00493575 0.00656068 0.00788179 0.00873452 0.00914848 0.00925068 0.00911202 0.00868554 0.00788225 0.00669587
 1.01847e-16 5.55136e-05 0.000539612 0.00358591 0.016301 0.0507188 0.108063 0.157727 0.157756 0.108204 0.0511926 0.0176692 0.00701803 0.00802464 0.0142496 0.0234142 0.0335953 0.0419811 0.0457516 0.0436213 0.0366248 0.0274546 0.0188953 0.0125536 0.00861203 0.00639201
 1.01733e-16 6.99981e-05 0.000680407 0.00452154 0.0205543 0.0639521 0.136257 0.198873 0.198883 0.136306 0.0641182 0.0210347 0.00572941 0.00332373 0.00510923 0.00838526 0.0121868 0.0155613 0.0175773 0.0177873 0.0164616 0.014349 0.0121756 0.0102899 0.00866705 0.00714543
 1.01927e-16 6.10327e-05 0.000593259 0.00394242 0.0179217 0.0557611 0.118806 0.173405 0.173426 0.118911 0.0561137 0.0189399 0.00649776 0.00617016 0.0106484 0.0174967 0.0251741 0.031606 0.0347213 0.0335674 0.0288752 0.0225635 0.0165926 0.0120591 0.00905269 0.00709428
 1.02038e-16 6.60597e-05 0.000642124 0.00426714 0.0193978 0.0603539 0.128591 0.187685 0.1877 0.128662 0.0605915 0.0200844 0.00599207 0.00441261 0.00724135 0.0119044 0.0172292 0.0218458 0.0243964 0.0242416 0.0218145 0.0182821 0.0148032 0.0119772 0.00980574 0.0080138
 1.06096e-16 2.71599e-05 0.000264004 0.0017544 0.00797528 0.0248143 0.0528715 0.0771786 0.0772314 0.0531293 0.02568 0.0104759 0.00803259 0.0139738 0.0260777 0.0431032 0.0621699 0.0783494 0.0866225 0.0846621 0.074193 0.0597636 0.0459677 0.035296 0.0278626 0.0225238
 1.05439e-16 6.70966e-05 0.000652203 0.00433412 0.0197023 0.0613011 0.130609 0.190629 0.190635 0.13064 0.0614062 0.0200076 0.00510763 0.00236403 0.00338644 0.00567078 0.00857969 0.0116625 0.0144856 0.0168206 0.0186988 0.0202246 0.0213249 0.0216898 0.0209673 0.0190348
 1.03902e-16 6.03557e-05 0.000586679 0.00389869 0.0177229 0.0551426 0.117488 0.171481 0.171503 0.117592 0.0554919 0.0187316 0.00643005 0.00611055 0.0105454 0.0173245 0.0249226 0.0312921 0.0344022 0.0333491 0.0289136 0.0230505 0.0177228 0.0139738 0.0117754 0.0104889
 1.06348e-16 4.03708e-05 0.000392419 0.00260776 0.0118545 0.036884 0.0785867 0.114707 0.114744 0.0787668 0.0374889 0.0136027 0.00699974 0.00999306 0.0183115 0.0303071 0.0438832 0.0556597 0.0621961 0.0618772 0.0558203 0.0470092 0.0383997 0.0315082 0.0263085 0.0220507
 1.05391e-16 6.42134e-05 0.000624177 0.00414787 0.0188556 0.058667 0.124997 0.182438 0.182449 0.12505 0.0588468 0.0193765 0.00546058 0.00350738 0.00559167 0.00927825 0.013678 0.0178709 0.020952 0.0224926 0.0227387 0.0223205 0.021728 0.0210048 0.0198577 0.0180024
 1.03362e-16 6.39725e-05 0.000621835 0.00413231 0.0187849 0.0584469 0.124528 0.181756 0.181773 0.124611 0.0587273 0.0195949 0.00616561 0.00506127 0.00849768 0.0139543 0.0201147 0.0253413 0.0280173 0.0274158 0.024136 0.0196941 0.015601 0.0126429 0.0107822 0.00953578
 1.05496e-16 4.03141e-05 0.000391867 0.0026041 0.0118379 0.0368322 0.0784764 0.114547 0.114586 0.0786666 0.0374709 0.013683 0.00723779 0.0105143 0.0192854 0.0318728 0.0460355 0.0581521 0.064544 0.063498 0.0562534 0.046094 0.0363165 0.0286795 0.0232321 0.019149
 1.0913e-16 4.9744e-05 0.000483529 0.00321322 0.0146069 0.0454475 0.0968314 0.141332 0.141352 0.0969273 0.0457702 0.0155416 0.00556947 0.00566021 0.00997811 0.0166708 0.0246038 0.0321848 0.0377934 0.0406451 0.0411476 0.0403864 0.0392033 0.0376685 0.0352929 0.03164
 1.05284e-16 6.61189e-05 0.000642699 0.00427096 0.0194152 0.0604079 0.128706 0.187853 0.187864 0.128764 0.0606033 0.0199802 0.00569127 0.00375057 0.00599055 0.00985807 0.0143372 0.0183397 0.0208121 0.0212958 0.0201929 0.0184544 0.0169423 0.0159704 0.0153039 0.0144875
 1.05748e-16 4.52018e-05 0.000439377 0.00291982 0.0132731 0.0412977 0.0879904 0.128432 0.128468 0.0881638 0.04188 0.0149549 0.00714157 0.00965639 0.0175528 0.028955 0.0417279 0.052525 0.0579691 0.0565185 0.0493881 0.0397162 0.0306691 0.0239557 0.0196118 0.0167489
 1.05017e-16 6.20114e-05 0.000602773 0.00400564 0.018209 0.0566552 0.12071 0.176183 0.176197 0.120777 0.056879 0.0188569 0.00563705 0.00418156 0.00690982 0.0114585 0.0168119 0.0217925 0.0252261 0.0265472 0.0260728 0.0246596 0.0230495 0.0214584 0.019665 0.0173924
pSPR Fmed_Fpbrs
0.559881   0.6 0.325
Fs Fmed_Fpbrs
0.34   0.295404 0.729962
SSBpbr Bo_Bmed_Bpbrs
1.18802e+06  605747  653409 326704
Ro
123818
SPR SPRFo_SPRFmed_SPRFpbrs
892028 499430 289909
Fref
0.295404
Nvult_r0
 91202 17908.7 11012 1532.69 908.892
CTP_r0
 15821.8 4083.91 2511.19 349.515 207.264
YTP_r0
269258
Np
 134245 40035.9 9807.29 1654.48 1295.87
Nvult_p0
 94209.5 29074.6 7122.18 1201.5 941.074
CTP_p0
 16343.5 5932.15 1000.74 615.355 106.635
 16343.5 6630.18 1624.14 273.991 214.603
YTP_p0
 273866 294166
CBA_c0
270640
log_Ro
11.5466
likeval ReclasPelacesDesembMPH_pf_preclas_ppelaces_ptallas_desvR_qrecl_qpela
 36.8438 27.9408 0.0284586 72.529 238.792 135.814 113.694 0 25.1982 1.14431e-05 2.67737e-05 0.114293 6.89969e-16 0 0
q_reclas_q_pelaces
1.61348 2.07874
M
1
N
 163978 33728 76573.3 5509.38 0.200722
 91566.7 51022.2 9802.38 22254.5 1601.25
 90535.6 24718.2 12141.5 2332.63 5676.85
 133146 24549.8 5919.35 2907.57 1918.05
 106519 30978.5 4739.35 1142.73 931.588
 193928 33626.7 9188.55 1405.74 615.266
 74234 54192.1 8401.01 2295.59 504.911
 29897.5 13917.4 7720.13 1196.79 398.955
 28363.4 9720.08 4302.58 2386.68 493.327
 38189.9 6192.94 1715.95 759.561 508.426
 92602 6085.54 701.801 194.456 143.692
 142923 29787.1 1853.35 213.733 102.983
 63756.8 33417.7 5790.45 360.28 61.5677
 49705.9 13830.1 5845.37 1012.86 73.7891
 72361.5 4265.47 655.909 277.224 51.5355
 386774 12866.8 564.024 86.7309 43.4719
 71087.7 91846.4 2556.4 112.061 25.8689
 449786 19809.2 22855.4 636.145 34.323
 238623 118787 4570.73 5273.59 154.702
 388697 50196.1 19898.9 765.68 909.339
 320413 98226.8 10885.5 4315.25 363.242
 450666 88661 24202.7 2682.13 1152.76
 67546.2 112901 18993.1 5184.74 821.517
 243357 19290.9 29084.1 4892.74 1547.25
 235717 70939.9 5114.8 7711.35 1707.5
 90766.5 69359.4 19058.6 1374.13 2530.45
 194007 27972.6 19887.7 5464.73 1119.57
 251289 56491.8 7405.16 5264.85 1743.06
 95359.9 76759.5 15997.3 2096.99 1984.49
 90227.7 29830.7 22477.3 4684.45 1195.17
 174508 27015.9 8213.16 6188.59 1618.81
 76280 49439.6 6881.17 2091.96 1988.61
 129960 24660.4 15163.6 2110.52 1251.55
pred_Ctot
 16203.5 4563.67 10361 745.464 0.0271593
 15800.6 11798 2266.63 5145.97 370.261
 15423.5 5646.51 2773.55 532.854 1296.79
 32100.9 7766.19 1872.55 919.792 606.766
 9672.68 3860.79 590.655 142.416 116.102
 30135 7038.06 1923.16 294.221 128.775
 24286.9 22624.4 3507.29 958.372 210.792
 2219.27 1424.52 790.195 122.498 40.8351
 7600.82 3388.75 1500.02 832.077 171.99
 14624.6 2969.39 822.763 364.195 243.78
 7433.97 672.501 77.5546 21.4889 15.8791
 34151.9 9345.52 581.476 67.0574 32.3102
 17257.1 11757.4 2037.26 126.758 21.6614
 26935.4 8852.76 3741.67 648.339 47.2331
 25045.3 1871.96 287.854 121.663 22.617
 89792.2 3930.43 172.292 26.4936 13.2793
 11147.1 19390.4 539.702 23.6581 5.46138
 82397.5 4847.26 5592.65 155.663 8.39873
 67558.5 43540 1675.35 1932.98 56.7044
 79299.2 13592.4 5388.34 207.335 246.236
 51370.9 21180.6 2347.22 930.495 78.3256
 93752.8 24450.8 6674.59 739.676 317.908
 9748.95 22019.9 3704.35 1011.21 160.226
 32547.1 3497.29 5272.7 887.014 280.503
 30370 12407.3 894.57 1348.7 298.639
 9446.05 9869.09 2711.83 195.524 360.056
 26058.2 5092.11 3620.34 994.796 203.807
 27362.6 8398.71 1100.94 782.732 259.143
 9141.61 10084.6 2101.7 275.499 260.72
 10793.5 4857.15 3659.85 762.741 194.602
 25903.5 5412.47 1645.46 1239.85 324.319
 5906.59 5274.04 734.059 223.163 212.138
 21089.1 5378.96 3307.51 460.35 272.99
F
 0.167473 0.235703 0.235703 0.235703 0.235703
 0.309526 0.435629 0.435629 0.435629 0.435629
 0.30504 0.429314 0.429314 0.429314 0.429314
 0.458151 0.644804 0.644804 0.644804 0.644804
 0.153002 0.215335 0.215335 0.215335 0.215335
 0.274952 0.386969 0.386969 0.386969 0.386969
 0.67408 0.948705 0.948705 0.948705 0.948705
 0.12358 0.173927 0.173927 0.173927 0.173927
 0.521689 0.734229 0.734229 0.734229 0.734229
 0.836656 1.17751 1.17751 1.17751 1.17751
 0.134234 0.188921 0.188921 0.188921 0.188921
 0.453222 0.637868 0.637868 0.637868 0.637868
 0.52823 0.743434 0.743434 0.743434 0.743434
 1.45557 2.04858 2.04858 2.04858 2.04858
 0.72702 1.02321 1.02321 1.02321 1.02321
 0.437722 0.616052 0.616052 0.616052 0.616052
 0.277767 0.390931 0.390931 0.390931 0.390931
 0.331443 0.466475 0.466475 0.466475 0.466475
 0.558945 0.786663 0.786663 0.786663 0.786663
 0.375521 0.52851 0.52851 0.52851 0.52851
 0.284791 0.400816 0.400816 0.400816 0.400816
 0.384213 0.540744 0.540744 0.540744 0.540744
 0.253178 0.356324 0.356324 0.356324 0.356324
 0.232696 0.327497 0.327497 0.327497 0.327497
 0.223329 0.314315 0.314315 0.314315 0.314315
 0.177065 0.249203 0.249203 0.249203 0.249203
 0.233797 0.329047 0.329047 0.329047 0.329047
 0.185928 0.261676 0.261676 0.261676 0.261676
 0.162121 0.22817 0.22817 0.22817 0.22817
 0.20591 0.2898 0.2898 0.2898 0.2898
 0.261217 0.367638 0.367638 0.367638 0.367638
 0.12921 0.181852 0.181852 0.181852 0.181852
 0.288695 0.406311 0.406311 0.406311 0.406311
YTP_r0W_actual
 119296 71264.2 60444.2 10946.8 7306.06
YTP_p0W_proyectada
 123230 103516 24087.9 19272.9 3758.87
 123230 115697 39093.2 8581.4 7564.75
CTP_r0_actual
 15821.8 4083.91 2511.19 349.515 207.264
CTP_p0_proyectada
 16343.5 5932.15 1000.74 615.355 106.635
 16343.5 6630.18 1624.14 273.991 214.603
Wmedp
 7.54 17.45 24.07 31.32 35.25
Frms_r0
 0.209893 0.295404 0.295404 0.295404 0.295404
Zrms_r0
 1.20989 1.2954 1.2954 1.2954 1.2954
nmprior
 7.29 8.9 8.7 0
nm_flota  nm_reclas  nm_pelaces    nm_pelaL
inf 12.8461 15.2646 45.4109
cv_recla  cv_pelaces  cv_mph
0.262835 0.482535 0.682831
 ------------------------------------------------
Talla a la edad & desviaci?n 
 8 13.2811 15.8009 17.003 17.5766
 0.8 1.32811 1.58009 1.7003 1.75766
