years
 1991 1992 1993 1994 1995 1996 1997 1998 1999 2000 2001 2002 2003 2004 2005 2006 2007 2008 2009 2010 2011 2012 2013 2014 2015 2016 2017 2018 2019 2020 2021 2022 2023
reclasobs
 0 0 0 0 0 0 0 0 0 252601 567819 844713 477998 351125 339783 2.1784e+06 2.13404e+06 4.81314e+06 1.55562e+06 2.62356e+06 3.21686e+06 3.843e+06 1.13348e+06 3.07943e+06 1.97215e+06 2.03268e+06 2.025e+06 2.42433e+06 2.27542e+06 1.05018e+06 2.36338e+06 3.18982e+06 1.53035e+06
reclaspred
 3.76873e+06 2.05789e+06 1.03769e+06 1.1262e+06 1.2013e+06 2.33912e+06 1.54547e+06 1.47924e+06 1.21308e+06 970451 947439 1.0416e+06 726778 178750 702459 1.15935e+06 845111 1.71682e+06 1.85437e+06 1.7391e+06 3.19879e+06 2.76172e+06 2.11947e+06 3.08482e+06 2.41467e+06 2.10876e+06 2.57895e+06 2.94607e+06 2.48379e+06 1.85418e+06 1.44971e+06 1.19776e+06 1.14114e+06
pelacesobs
 0 0 0 0 0 0 0 0 0 0 0 0 0 0 0 552880 188675 0 991730 2.46772e+06 1.41603e+06 1.21717e+06 2.29649e+06 1.80582e+06 0 1.4828e+06 1.56532e+06 1.57751e+06 1.42118e+06 867257 1.10002e+06 1.06204e+06 0
pelacespred
 2.33029e+06 1.38894e+06 682886 597134 690781 1.39914e+06 872029 1.04012e+06 830572 639453 645645 578389 421065 68442.3 421948 569175 416013 933837 1.03371e+06 880054 1.77465e+06 1.59694e+06 1.29182e+06 2.04059e+06 1.52944e+06 1.34956e+06 1.88005e+06 1.9218e+06 1.5116e+06 1.2788e+06 868217 730525 653193
mphobs
 0 0 0 0 0 0 0 0 0 0 0 0 498337 0 5186 125008 0 168611 109162 213762 579715 649985 157893 87575 83554 210694 70296 0 107559 103333 445601 22526 28222
mphpred
 971294 645367 309611 171827 202366 256597 415814 274335 261448 210997 151967 193320 178164 75470.6 10518.5 105080 190369 133005 227035 316012 450878 565309 115113 96114.9 134036 113167 94955.8 108660 160331 121961 74978.6 62894.7 36663.2
desembarqueobs
 494567 514787 250237 358949 120608 361735 552515 73892 212993 205616 52469 317467 293654 387597 252695 516296 358380 742168 942051 627588 828172 859565 418607 520667 417249 300574 415391 372974 316634 284311 391294 218835 356480
desembarquepred
 494569 513917 250656 358968 120611 361730 552492 73894.3 213013 205641 52471.5 317508 293832 388047 252653 516207 358368 741879 941382 627270 828219 859457 418607 520717 417205 300585 415390 372942 316586 284250 391331 218860 356503
Reclutas
 168037 95465.4 95333 158424 133866 274949 115162 55199.2 60537.8 75756.4 107423 124500 67283.2 31533.4 105540 263028 51642.9 330533 375805 302039 347448 502559 97094.9 244391 259915 92600.5 231298 277055 109278 100821 100827 48501.1 131489
log_desv_Rt
 0.222166 -0.343258 -0.344646 0.163255 -0.00518062 0.714563 -0.155681 -0.891073 -0.798753 -0.574498 -0.225249 -0.0777148 -0.693111 -1.45097 -0.242928 0.670239 -0.957668 0.898686 1.02705 0.808535 0.948593 1.31769 -0.326332 0.596747 0.658334 -0.373727 0.541687 0.722194 -0.208128 -0.288672 -0.288617 -1.02044 -0.0230948
SSB
 2.08278e+06 1.38388e+06 663911 368455 433941 550230 891646 588267 560633 452449 325869 414544 363987 156273 21820.1 217543 408215 285207 505005 532992 779841 1.02629e+06 1.04205e+06 835553 1.09243e+06 978824 773807 852317 1.30345e+06 933209 659342 568015 305641
BT
 2.92678e+06 1.99972e+06 978236 960685 857331 1.8832e+06 1.43911e+06 1.21258e+06 1.12413e+06 900969 764165 911367 733630 472122 735563 1.07727e+06 742039 1.73168e+06 2.06745e+06 1.50351e+06 2.68236e+06 2.56261e+06 1.77873e+06 2.78593e+06 2.06793e+06 1.74579e+06 2.54453e+06 2.50412e+06 1.90544e+06 1.67235e+06 1.31267e+06 988276 1.05398e+06
Ftot
 0.199622 0.369346 0.363051 0.515606 0.162715 0.262729 0.534029 0.0799415 0.281866 0.333607 0.0936607 0.481328 0.61386 2.49723 0.656608 0.757627 0.635347 0.73558 0.831682 0.595604 0.427054 0.507406 0.302719 0.285231 0.277415 0.221979 0.272684 0.218128 0.19312 0.239984 0.428862 0.281404 0.522698
BD_Bspro_t
 0.968565 0.781946 0.576463 0.477858 0.48704 0.5947 0.636807 0.487618 0.561227 0.558536 0.548328 0.687467 0.529692 0.276008 0.058548 0.363279 0.395452 0.301176 0.370811 0.34407 0.375682 0.43759 0.469105 0.454688 0.559734 0.590113 0.589108 0.64224 0.7156 0.650722 0.594513 0.535167 0.49609
BD_Bspro
 2.14847 1.42753 0.684849 0.380076 0.447626 0.567583 0.919766 0.606819 0.578314 0.466718 0.336147 0.427618 0.375466 0.161201 0.0225082 0.224404 0.421089 0.294202 0.520931 0.549801 0.804435 1.05865 1.07491 0.861904 1.12689 1.00969 0.798211 0.879196 1.34455 0.96264 0.680136 0.585928 0.31528
BD_Bo
 1.54157 1.02428 0.491394 0.272713 0.321182 0.407253 0.659953 0.435406 0.414954 0.334881 0.241193 0.306825 0.269406 0.115665 0.0161502 0.161015 0.302141 0.211097 0.37378 0.394494 0.5772 0.759607 0.771274 0.618436 0.808565 0.724478 0.572734 0.630843 0.964747 0.690716 0.488013 0.420417 0.226221
BD_Brms
 2.80286 1.86233 0.893444 0.495841 0.583967 0.740461 1.19991 0.791648 0.754461 0.608874 0.438532 0.557865 0.489828 0.210301 0.0293639 0.292754 0.549347 0.383812 0.6796 0.717262 1.04945 1.3811 1.40232 1.12443 1.47012 1.31723 1.04134 1.14699 1.75409 1.25585 0.887296 0.764394 0.41131
Sel_flota
 0.755031 1 1 1 1
 0.755031 1 1 1 1
 0.755031 1 1 1 1
 0.755031 1 1 1 1
 0.755031 1 1 1 1
 0.755031 1 1 1 1
 0.755031 1 1 1 1
 0.755031 1 1 1 1
 0.755031 1 1 1 1
 0.755031 1 1 1 1
 0.755031 1 1 1 1
 0.755031 1 1 1 1
 0.755031 1 1 1 1
 0.755031 1 1 1 1
 0.755031 1 1 1 1
 0.755031 1 1 1 1
 0.755031 1 1 1 1
 0.755031 1 1 1 1
 0.755031 1 1 1 1
 0.755031 1 1 1 1
 0.755031 1 1 1 1
 0.755031 1 1 1 1
 0.755031 1 1 1 1
 0.755031 1 1 1 1
 0.755031 1 1 1 1
 0.755031 1 1 1 1
 0.755031 1 1 1 1
 0.755031 1 1 1 1
 0.755031 1 1 1 1
 0.755031 1 1 1 1
 0.755031 1 1 1 1
 0.755031 1 1 1 1
 0.755031 1 1 1 1
Sel_reclas
 1 1 1 1 1
 1 1 1 1 1
 1 1 1 1 1
 1 1 1 1 1
 1 1 1 1 1
 1 1 1 1 1
 1 1 1 1 1
 1 1 1 1 1
 1 1 1 1 1
 1 1 1 1 1
 1 1 1 1 1
 1 1 1 1 1
 1 1 1 1 1
 1 1 1 1 1
 1 1 1 1 1
 1 1 1 1 1
 1 1 1 1 1
 1 1 1 1 1
 1 1 1 1 1
 1 1 1 1 1
 1 1 1 1 1
 1 1 1 1 1
 1 1 1 1 1
 1 1 1 1 1
 1 1 1 1 1
 1 1 1 1 1
 1 1 1 1 1
 1 1 1 1 1
 1 1 1 1 1
 1 1 1 1 1
 1 1 1 1 1
 1 1 1 1 1
 1 1 1 1 1
Sel_pelaces
 0.912346 0.981267 0.996221 0.999247 0.99985
 0.912346 0.981267 0.996221 0.999247 0.99985
 0.912346 0.981267 0.996221 0.999247 0.99985
 0.912346 0.981267 0.996221 0.999247 0.99985
 0.912346 0.981267 0.996221 0.999247 0.99985
 0.912346 0.981267 0.996221 0.999247 0.99985
 0.912346 0.981267 0.996221 0.999247 0.99985
 0.912346 0.981267 0.996221 0.999247 0.99985
 0.912346 0.981267 0.996221 0.999247 0.99985
 0.912346 0.981267 0.996221 0.999247 0.99985
 0.912346 0.981267 0.996221 0.999247 0.99985
 0.912346 0.981267 0.996221 0.999247 0.99985
 0.912346 0.981267 0.996221 0.999247 0.99985
 0.912346 0.981267 0.996221 0.999247 0.99985
 0.912346 0.981267 0.996221 0.999247 0.99985
 0.912346 0.981267 0.996221 0.999247 0.99985
 0.912346 0.981267 0.996221 0.999247 0.99985
 0.912346 0.981267 0.996221 0.999247 0.99985
 0.912346 0.981267 0.996221 0.999247 0.99985
 0.912346 0.981267 0.996221 0.999247 0.99985
 0.912346 0.981267 0.996221 0.999247 0.99985
 0.912346 0.981267 0.996221 0.999247 0.99985
 0.912346 0.981267 0.996221 0.999247 0.99985
 0.912346 0.981267 0.996221 0.999247 0.99985
 0.912346 0.981267 0.996221 0.999247 0.99985
 0.912346 0.981267 0.996221 0.999247 0.99985
 0.912346 0.981267 0.996221 0.999247 0.99985
 0.912346 0.981267 0.996221 0.999247 0.99985
 0.912346 0.981267 0.996221 0.999247 0.99985
 0.912346 0.981267 0.996221 0.999247 0.99985
 0.912346 0.981267 0.996221 0.999247 0.99985
 0.912346 0.981267 0.996221 0.999247 0.99985
 0.912346 0.981267 0.996221 0.999247 0.99985
pf_obs 
 0.8446 0.082 0.0669 0.0065 0
 0.8095 0.147 0.0364 0.0071 0
 0.9664 0.0169 0.016 0.0007 0
 0.9276 0.0648 0.0075 0.0001 0
 0.7033 0.2144 0.0806 0.0017 0
 0.9318 0.0425 0.0243 0.0014 0
 0.5671 0.3108 0.0964 0.0239 0.0018
 0.0768 0.2599 0.5324 0.112 0.0189
 0.490249 0.384438 0.106611 0.0170017 0.00170017
 0.7925 0.1577 0.0466 0.003 0.0002
 0.840416 0.127587 0.0312969 0.00059994 9.999e-05
 0.8084 0.0986 0.0794 0.0134 0.0002
 0.7335 0.1905 0.0724 0.0035 0.0001
 0.4001 0.4547 0.1325 0.0127 0
 0.49795 0.308269 0.164784 0.0264974 0.00249975
 0.9179 0.0499 0.0305 0.0017 0
 0.2467 0.6533 0.0926 0.0074 0
 0.9418 0.0223 0.034 0.0019 0
 0.707729 0.231977 0.0356964 0.0245975 0
 0.517169 0.277429 0.184464 0.0207286 0.00020938
 0.811772 0.124168 0.05621 0.00726502 0.000585176
 0.764997 0.148141 0.077277 0.00933861 0.000247198
 0.163321 0.427699 0.378323 0.0303852 0.000271297
 0.753843 0.0900009 0.118128 0.0371064 0.000921714
 0.721811 0.176058 0.0630433 0.0369309 0.00215725
 0.143369 0.312575 0.442814 0.0836902 0.0175525
 0.692698 0.0596174 0.167031 0.0765114 0.00414204
 0.394062 0.376323 0.152708 0.0712218 0.00568511
 0.125707 0.32114 0.495352 0.0537591 0.00404204
 0.23352 0.215282 0.420074 0.123614 0.00750983
 0.796117 0.104755 0.0508955 0.0450114 0.00322123
 0.162477 0.292055 0.404252 0.121198 0.0200186
 0 0 0 0 0
pf_pred 
 0.488803 0.137332 0.349981 0.023883 8.24e-07
 0.442896 0.315291 0.0649626 0.165553 0.0112979
 0.596318 0.212581 0.108153 0.0222838 0.0606642
 0.760327 0.161475 0.0411793 0.0209504 0.016068
 0.680723 0.261668 0.0388129 0.00989804 0.00889791
 0.7842 0.160344 0.0454494 0.00674146 0.00326469
 0.478722 0.434434 0.0645271 0.0182901 0.00402676
 0.457742 0.308403 0.194895 0.0289481 0.0100118
 0.566037 0.230316 0.115822 0.0731935 0.0146315
 0.678457 0.206738 0.06093 0.0306406 0.0232341
 0.73817 0.195312 0.0427684 0.0126047 0.0111452
 0.678793 0.254076 0.0500767 0.0109656 0.00608934
 0.558911 0.331072 0.0870233 0.0171517 0.00584146
 0.539113 0.298784 0.121671 0.0319816 0.00845015
 0.971442 0.0202088 0.00541272 0.00220418 0.000732455
 0.898094 0.0999006 0.00141877 0.000380004 0.000206168
 0.412922 0.54552 0.0407402 0.000578586 0.000239046
 0.919933 0.0405606 0.0367094 0.00274152 5.50206e-05
 0.80528 0.183932 0.00546472 0.00494585 0.000376776
 0.737854 0.225923 0.0342165 0.00101659 0.000990156
 0.755901 0.196069 0.0413937 0.00626917 0.000367677
 0.777688 0.18093 0.0332394 0.00701744 0.00112514
 0.332987 0.555884 0.0904432 0.0166157 0.00407032
 0.731826 0.109624 0.132134 0.0214985 0.0049171
 0.68735 0.247097 0.0267964 0.0322988 0.00645699
 0.409352 0.4442 0.115743 0.0125517 0.0181536
 0.751869 0.120768 0.0957842 0.024958 0.00662108
 0.713475 0.231185 0.0269344 0.0213624 0.00704295
 0.429233 0.441192 0.104549 0.0121805 0.0128457
 0.531644 0.237009 0.178827 0.0423764 0.0101438
 0.609471 0.237815 0.0772801 0.058309 0.017125
 0.49109 0.350077 0.0967224 0.0314308 0.03068
 0.804994 0.11139 0.057519 0.0158919 0.010205
pobs_RECLAS
 0 0 0 0 0
 0 0 0 0 0
 0 0 0 0 0
 0 0 0 0 0
 0 0 0 0 0
 0 0 0 0 0
 0 0 0 0 0
 0 0 0 0 0
 0 0 0 0 0
 0 0 0 0 0
 0.991045 0.00858322 0.000360255 1.14367e-05 0
 0.934742 0.0480273 0.0164251 0.00080598 0
 0.827803 0.169806 0.00239088 0 0
 0.941827 0.0461693 0.0120037 0 0
 0.791401 0.0380133 0.147996 0.0225897 0
 0.846168 0.0940531 0.0597789 0 0
 0.134021 0.677848 0.182769 0.00536245 0
 0.80878 0.0450904 0.141981 0.00414843 0
 0.846168 0.0940531 0.0597789 0 0
 0.905697 0.0802665 0.012482 0.00150086 5.37128e-05
 0.989698 0.0102097 9.19794e-05 0 0
 0.975433 0.0193895 0.00387452 0.00125025 5.28907e-05
 0.303575 0.632131 0.0575291 0.00676475 0
 0.966965 0.00978017 0.0227588 0.000495775 0
 0.843318 0.132988 0.00938335 0.0141283 0.000182051
 0.564624 0.303363 0.111486 0.0197234 0.00080311
 0.826376 0.0876187 0.0782897 0.00655872 0.00115652
 0.89761 0.0855135 0.0140674 0.00269457 0.000114338
 0.34875 0.467042 0.161289 0.0227151 0.000203297
 0.318654 0.224769 0.449479 0.00709798 0
 0.937255 0.0296025 0.0250945 0.00804832 0
 0.456809 0.399803 0.12412 0.0192676 0
 0.883104 0.0372192 0.0704036 0.00927362 0
ppred_RECLAS
 0.559931 0.118224 0.301285 0.0205599 7.09348e-07
 0.515315 0.274306 0.0565179 0.144032 0.00982921
 0.663882 0.177001 0.0900514 0.0185542 0.0505109
 0.810036 0.127985 0.0326385 0.0166052 0.0127354
 0.739199 0.213743 0.0317043 0.0080852 0.00726825
 0.828886 0.127142 0.0360382 0.00534552 0.00258868
 0.552628 0.372841 0.0553785 0.015697 0.00345586
 0.528288 0.268281 0.16954 0.025182 0.00870928
 0.634993 0.193719 0.097418 0.0615633 0.0123066
 0.738127 0.168373 0.049623 0.0249545 0.0189225
 0.789099 0.157321 0.0344494 0.010153 0.00897731
 0.739381 0.206151 0.0406309 0.00889718 0.00494074
 0.630951 0.277 0.0728103 0.0143504 0.00488741
 0.640621 0.232978 0.0948738 0.0249378 0.00658905
 0.978713 0.0150636 0.00403463 0.00164299 0.00054597
 0.92286 0.0756224 0.00107398 0.000287654 0.000156065
 0.487134 0.476561 0.0355903 0.000505448 0.000208828
 0.939693 0.0305509 0.0276501 0.00206495 4.14424e-05
 0.849236 0.142412 0.00423112 0.00382938 0.000291723
 0.791448 0.179734 0.0272212 0.000808755 0.000787726
 0.805801 0.155987 0.0329317 0.00498758 0.000292514
 0.824584 0.142764 0.0262278 0.00553716 0.0008878
 0.39985 0.50016 0.081377 0.0149501 0.0036623
 0.784486 0.088098 0.106188 0.017277 0.00395156
 0.745665 0.201009 0.0217984 0.0262745 0.00525265
 0.479921 0.391128 0.101914 0.0110521 0.0159846
 0.801601 0.096563 0.0765866 0.0199558 0.00529404
 0.768258 0.186983 0.0217846 0.0172779 0.00569635
 0.500131 0.386389 0.0915622 0.0106675 0.0112501
 0.601934 0.201439 0.151989 0.0360166 0.00862144
 0.676508 0.196992 0.0640144 0.0482999 0.0141853
 0.562751 0.300781 0.0831026 0.0270049 0.0263598
 0.847334 0.0872051 0.0450305 0.0124414 0.00798933
pobs_PELACES
 0 0 0 0 0
 0 0 0 0 0
 0 0 0 0 0
 0 0 0 0 0
 0 0 0 0 0
 0 0 0 0 0
 0 0 0 0 0
 0 0 0 0 0
 0 0 0 0 0
 0 0 0 0 0
 0 0 0 0 0
 0 0 0 0 0
 0 0 0 0 0
 0 0 0 0 0
 0 0 0 0 0
 0 0 0 0 0
 0.505614 0.472636 0.0217494 0 0
 0 0 0 0 0
 0.443492 0.261883 0.143347 0.151278 0
 0.227955 0.32914 0.350689 0.0885471 0.00366901
 0.970185 0.0296113 0.000203453 0 0
 0.997202 0.00247181 0.000326279 0 0
 0.445219 0.490057 0.0546422 0.010081 0
 0.90214 0.0892962 0.00764917 0.000914606 0
 0 0 0 0 0
 0.581667 0.319106 0.0959925 0.00289975 0.000334073
 0.762889 0.0836404 0.116647 0.0363945 0.000428098
 0.88444 0.0763242 0.0277011 0.0115352 0
 0.521256 0.241999 0.230069 0.00667565 0
 0.616807 0.101726 0.260614 0.0208532 0
 0.833518 0.0704572 0.0857862 0.0102388 0
 0.697417 0.212968 0.0787535 0.0105354 0.000325836
 0 0 0 0 0
ppred_PELACES
 0.543135 0.121366 0.314006 0.0214931 7.41992e-07
 0.502684 0.27933 0.0584301 0.149357 0.0101988
 0.652321 0.181647 0.0938234 0.0193901 0.0528183
 0.804337 0.131104 0.0339436 0.0173217 0.0132929
 0.726949 0.223125 0.0336003 0.00859475 0.00773098
 0.820848 0.132575 0.0381508 0.00567606 0.00275041
 0.544623 0.378499 0.0570758 0.0162272 0.00357474
 0.510031 0.276781 0.177577 0.0264559 0.00915539
 0.621493 0.19933 0.101767 0.064507 0.0129028
 0.727983 0.173851 0.0520184 0.0262386 0.0199082
 0.777314 0.165421 0.0367752 0.0108713 0.0096183
 0.732135 0.211172 0.0422549 0.0092809 0.00515693
 0.624604 0.28065 0.0748939 0.0148059 0.00504559
 0.668517 0.213688 0.0883446 0.0232921 0.00615794
 0.978196 0.0153558 0.00417559 0.00170555 0.000567103
 0.922009 0.0764325 0.00110202 0.000296063 0.000160724
 0.481503 0.481272 0.0364899 0.000519797 0.000214886
 0.938494 0.0309223 0.0284128 0.00212835 4.27406e-05
 0.848399 0.143069 0.00431543 0.00391755 0.00029862
 0.786989 0.183187 0.0281669 0.000839394 0.000818061
 0.799244 0.160758 0.0344563 0.00523433 0.000307171
 0.8195 0.146469 0.0273185 0.00578495 0.00092809
 0.387679 0.508961 0.0840707 0.0154919 0.00379731
 0.774335 0.0913952 0.111841 0.018252 0.00417709
 0.735292 0.208459 0.0229508 0.0277475 0.00555048
 0.465258 0.40057 0.105965 0.0115263 0.0166805
 0.792054 0.100383 0.0808299 0.0211254 0.00560771
 0.757689 0.194874 0.02305 0.0183371 0.0060492
 0.484932 0.396706 0.0954396 0.011153 0.0117692
 0.587163 0.207279 0.158778 0.0377398 0.0090394
 0.666646 0.201671 0.0665333 0.0503529 0.0147972
 0.549117 0.308565 0.0865524 0.0282114 0.0275541
 0.842416 0.0893903 0.0468624 0.0129869 0.00834462
pobs_pel_tallas
 0 0 0 0 0 0 0 0 0 0 0 0 0 0 0 0 0 0 0 0 0 0 0 0 0 0
 0 0 0 0 0 0 0 0 0 0 0 0 0 0 0 0 0 0 0 0 0 0 0 0 0 0
 0 0 0 0 0 0 0 0 0 0 0 0 0 0 0 0 0 0 0 0 0 0 0 0 0 0
 0 0 0 0 0 0 0 0 0 0 0 0 0 0 0 0 0 0 0 0 0 0 0 0 0 0
 0 0 0 0 0 0 0 0 0 0 0 0 0 0 0 0 0 0 0 0 0 0 0 0 0 0
 0 0 0 0 0 0 0 0 0 0 0 0 0 0 0 0 0 0 0 0 0 0 0 0 0 0
 0 0 0 0 0 0 0 0 0 0 0 0 0 0 0 0 0 0 0 0 0 0 0 0 0 0
 0 0 0 0 0 0 0 0 0 0 0 0 0 0 0 0 0 0 0 0 0 0 0 0 0 0
 0 0 0 0 0 0 0 0 0 0 0 0 0 0 0 0 0 0 0 0 0 0 0 0 0 0
 0 0 0 0 0 0 0 0 0 0 0 0 0 0 0 0 0 0 0 0 0 0 0 0 0 0
 0 0 0 0 0 0 0 0 0 0 0 0 0 0 0 0 0 0 0 0 0 0 0 0 0 0
 0 0 0 0 0 0 0 0 0 0 0 0 0 0 0 0 0 0 0 0 0 0 0 0 0 0
 0.00862536 0 0 0.000197151 0.00414017 0.0128641 0.00837892 0.0270097 0.101434 0.158115 0.152841 0.127902 0.109271 0.109419 0.0830992 0.0579132 0.0238553 0.00714673 0.00463305 0.00128148 0.00103504 0.000492878 0.000147863 0.000147863 4.92878e-05 0
 0 0 0 0 0 0 0 0 0 0 0 0 0 0 0 0 0 0 0 0 0 0 0 0 0 0
 0 0 0 0 0 0 0 0.0054083 0.00873648 0.0413646 0.0450493 0.0745869 0.0622846 0.0627006 0.0613931 0.0827291 0.12552 0.122667 0.0946155 0.0697135 0.0546179 0.0294188 0.0215738 0.0213955 0.0102223 0.00600262
 0 0 0 0 0.00359764 0.0251062 0.0480494 0.140153 0.205849 0.193036 0.1447 0.116669 0.0760912 0.0342217 0.00950174 0.001854 0.000860785 0 0 0 0.000165536 0 0.000143464 0 0 0
 0 0 0 0 0 0 0 0.000145254 0.000435761 0.0275982 0.070085 0.0708112 0.156366 0.174668 0.174014 0.160142 0.0824315 0.0480064 0.0283245 0.00493863 0.00203355 0 0 0 0 0
 0 0 0 0 0 0 0 0 0 0 0 0 0 0 0 0 0 0 0 0 0 0 0 0 0 0
 0 0 1.00437e-05 0.000401748 0.00122533 0.00171747 0.00176769 0.0269171 0.070346 0.194647 0.189555 0.159765 0.064822 0.0314167 0.0384472 0.0292271 0.0345202 0.0313363 0.0194345 0.0106764 0.0143323 0.0359363 0.0279516 0.0138201 0.00172751 0
 0 0.0021121 0.0136068 0.0755702 0.200478 0.177729 0.0527432 0.0373336 0.0318909 0.0142505 0.0149659 0.0166563 0.0217959 0.0798694 0.0677717 0.0528807 0.04013 0.0224614 0.0357745 0.0225083 0.00881397 0.00855152 0.00135912 0.000746735 0 0
 0 0 0 0 5.4009e-05 0.00500934 0.000945158 0.0243581 0.138947 0.33067 0.221406 0.137944 0.0707744 0.0437923 0.0131692 0.00525238 0.0047753 0.00276346 9.45158e-05 9.00151e-06 2.25038e-05 9.00151e-06 4.50075e-06 0 0 0
 0.000866109 0.00284123 0.00948549 0.0512746 0.133035 0.25785 0.225252 0.132002 0.0553304 0.0519788 0.0540692 0.017754 0.00435017 0.00159236 0.00146478 0.000404838 0.000125132 0.000115318 0.000107957 0.000100596 0 0 0 0 0 0
 0 0 0 0 0.00144013 0.00171154 0.00461396 0.0210425 0.0478622 0.0707936 0.0888783 0.103762 0.0637923 0.0337046 0.0602308 0.124433 0.169614 0.0934646 0.0462172 0.0250306 0.0313229 0.00938855 0.002487 0.000210481 0 0
 0 0.00764035 0.051015 0.0998891 0.058973 0.0496711 0.0374665 0.0718981 0.12319 0.153886 0.159021 0.0857701 0.0377988 0.023471 0.0147837 0.00900784 0.00315554 0.000888139 0.00291439 0.00214683 0.00393193 0.00274676 0.000635225 9.99891e-05 0 0
 0 0 0 0 0 0 0 0 0 0 0 0 0 0 0 0 0 0 0 0 0 0 0 0 0 0
 0 0 0 0 0 0 0 0 0 0 0 0 0 0 0 0 0 0 0 0 0 0 0 0 0 0
 0 0 0 0 0 0 0 0 0 0 0 0 0 0 0 0 0 0 0 0 0 0 0 0 0 0
 0 0 0 0 0 0 0 0 0 0 0 0 0 0 0 0 0 0 0 0 0 0 0 0 0 0
 0 0 0 0 0 0 0 0 0 0 0 0 0 0 0 0 0 0 0 0 0 0 0 0 0 0
 0 0 0 0 0 0 0 0 0 0 0 0 0 0 0 0 0 0 0 0 0 0 0 0 0 0
 0 0 0 0 0 0 0 0 0 0 0 0 0 0 0 0 0 0 0 0 0 0 0 0 0 0
 0 0 0 0 0 0 0 0 0 0 0 0 0 0 0 0 0 0 0 0 0 0 0 0 0 0
 0 0 0 0 0 0 0 0 0 0 0 0 0 0 0 0 0 0 0 0 0 0 0 0 0 0
ppred_pel_tallas
 1.11249e-16 4.47373e-05 0.000434862 0.00288981 0.0131367 0.0408732 0.0870851 0.127106 0.127118 0.0871447 0.0410748 0.0137249 0.00438856 0.00378019 0.00661324 0.011422 0.0177498 0.0250219 0.0325808 0.039963 0.0468855 0.0528815 0.0569945 0.0579783 0.0549729 0.0481356
 1.18462e-16 4.14055e-05 0.000402476 0.0026746 0.0121583 0.0378293 0.0806002 0.117644 0.117671 0.0807322 0.0382727 0.0134403 0.00589725 0.00745389 0.013484 0.0223673 0.0325714 0.0417656 0.0476684 0.0493988 0.0480563 0.0459339 0.0449582 0.0455625 0.0466969 0.0467191
 1.13637e-16 5.37309e-05 0.000522283 0.00347076 0.0157776 0.04909 0.104592 0.152659 0.152676 0.104678 0.0493797 0.0166161 0.0055816 0.00515054 0.00890392 0.0147954 0.0216912 0.0281014 0.0325553 0.0344248 0.034281 0.0334139 0.0329045 0.0329948 0.0331425 0.0325437
 1.05e-16 6.62522e-05 0.000643995 0.00427958 0.0194543 0.0605297 0.128965 0.188232 0.188244 0.129027 0.0607377 0.0200554 0.00579001 0.0039467 0.00635495 0.0104449 0.0151457 0.019277 0.0216908 0.0218816 0.0202848 0.0179558 0.0158904 0.0145186 0.0136734 0.0129098
 1.03197e-16 5.98778e-05 0.000582034 0.00386782 0.0175826 0.054706 0.116558 0.170124 0.170145 0.116663 0.0550589 0.018602 0.00642706 0.00616975 0.0106746 0.0175598 0.0253076 0.0318648 0.035181 0.0343167 0.0299981 0.0241142 0.0185734 0.0144096 0.0116561 0.0097982
 1.0217e-16 6.76122e-05 0.000657215 0.00436742 0.0198537 0.0617722 0.131613 0.192095 0.192108 0.131675 0.0619825 0.0204614 0.00589448 0.00399569 0.00642232 0.0105478 0.0152749 0.0193897 0.0216969 0.0216362 0.0195928 0.0165943 0.0136531 0.0112799 0.0094541 0.00791426
 1.03977e-16 4.486e-05 0.000436055 0.00289774 0.0131727 0.0409854 0.0873251 0.127461 0.127498 0.0875034 0.0415841 0.014902 0.00723877 0.00991371 0.0180481 0.0297751 0.0429091 0.0540044 0.0595739 0.0580054 0.0505097 0.0402735 0.0305297 0.0230519 0.0179457 0.0144105
 1.09398e-16 4.20106e-05 0.000408358 0.00271368 0.012336 0.0383821 0.0817782 0.119363 0.11939 0.0819097 0.0388244 0.0136164 0.00593821 0.00748291 0.0135817 0.0226579 0.0332679 0.0431562 0.0500099 0.0527057 0.0518498 0.0491023 0.0458931 0.0426246 0.0388641 0.0341014
 1.11641e-16 5.11916e-05 0.000497601 0.00330673 0.0150319 0.04677 0.0996492 0.145445 0.145464 0.0997438 0.0470881 0.0159524 0.00562421 0.00557982 0.00977219 0.0162578 0.0238528 0.0309356 0.0358961 0.0380338 0.0379369 0.0369472 0.0361503 0.0357187 0.0350262 0.0332677
 1.07547e-16 5.99631e-05 0.000582862 0.00387333 0.0176076 0.0547838 0.116723 0.170365 0.170381 0.116806 0.0550599 0.0184056 0.00587917 0.0049709 0.0084214 0.0139018 0.0201997 0.0257918 0.0291773 0.0296989 0.0279283 0.0252343 0.0228828 0.0213778 0.0204401 0.0194477
 1.03822e-16 6.40264e-05 0.000622359 0.0041358 0.0188007 0.0584962 0.124633 0.181909 0.181925 0.124711 0.0587583 0.0195581 0.00603803 0.00477904 0.00797052 0.013108 0.0189539 0.0240017 0.0267626 0.026559 0.0239185 0.0201895 0.0166968 0.0141007 0.0123357 0.0109736
 1.03077e-16 6.0305e-05 0.000586187 0.00389542 0.017708 0.0550963 0.117389 0.171337 0.171358 0.117489 0.0554307 0.018674 0.00632127 0.00588519 0.010134 0.016684 0.024089 0.0304208 0.0337529 0.033194 0.0294034 0.0241127 0.0190558 0.0151507 0.0124066 0.0103657
 1.04572e-16 5.14479e-05 0.000500092 0.00332329 0.0151072 0.0470042 0.100149 0.146175 0.146202 0.100281 0.0474492 0.0163932 0.00655408 0.00756205 0.0134902 0.0222905 0.0322688 0.0409205 0.045716 0.0454734 0.0410246 0.0345732 0.0282939 0.0232891 0.0195147 0.0163931
 1.05983e-16 5.50649e-05 0.00053525 0.00355693 0.0161693 0.0503088 0.107189 0.15645 0.15647 0.10729 0.0506487 0.0171524 0.00602927 0.00594804 0.010381 0.0171958 0.0250499 0.0320986 0.0364871 0.0373485 0.035268 0.0317709 0.0282756 0.0253649 0.0228173 0.0201393
 1.00392e-16 8.05727e-05 0.000783195 0.00520461 0.0236594 0.0736132 0.156841 0.228914 0.228915 0.156848 0.0736375 0.0237298 0.00538151 0.00116998 0.000816936 0.00122779 0.00177214 0.00225245 0.00252786 0.00253603 0.00232449 0.00201401 0.00172077 0.00149879 0.00133683 0.00119424
 1.00109e-16 7.59446e-05 0.000738209 0.00490566 0.0223004 0.0693849 0.147832 0.215767 0.215774 0.147868 0.0695054 0.0226484 0.00577825 0.0026405 0.00368117 0.00594564 0.00851087 0.0106043 0.0114958 0.0108513 0.00893365 0.00643743 0.00409192 0.00233441 0.00123973 0.000654699
 1.01265e-16 3.96609e-05 0.000385518 0.00256191 0.0116461 0.0362355 0.0772053 0.112693 0.112739 0.0774317 0.0369954 0.0138402 0.00806669 0.0123933 0.0228175 0.0375872 0.0539711 0.0675057 0.0736602 0.0703296 0.0590949 0.04418 0.0299853 0.0191013 0.0119368 0.00759649
 1.01049e-16 7.73025e-05 0.000751408 0.00499337 0.0226991 0.0706254 0.150475 0.219623 0.219626 0.15049 0.0706751 0.0228431 0.00535654 0.00155014 0.00161155 0.00258687 0.00382339 0.00502445 0.00593665 0.00643093 0.00655106 0.00643752 0.00619561 0.00582778 0.00527566 0.00451222
 1.00605e-16 6.98816e-05 0.000679274 0.00451401 0.0205201 0.0638456 0.13603 0.198543 0.198557 0.136098 0.0640713 0.0211717 0.00614847 0.00424331 0.00682692 0.0111451 0.0159768 0.0199421 0.0216885 0.0205981 0.0171628 0.012672 0.00846725 0.00533531 0.00338503 0.00230884
 1.01083e-16 6.48233e-05 0.000630105 0.00418727 0.0190347 0.0592242 0.126184 0.184173 0.184191 0.12627 0.0595139 0.0198715 0.00628774 0.00521553 0.00877346 0.0144015 0.0207377 0.0260709 0.028697 0.0278185 0.0240066 0.0187986 0.0137735 0.00982812 0.00707083 0.00517491
 1.01613e-16 6.58327e-05 0.000639917 0.00425248 0.0193311 0.0601464 0.128149 0.18704 0.187056 0.128225 0.060401 0.0200667 0.00609964 0.00467508 0.00773741 0.0127082 0.0183482 0.0231715 0.0257043 0.025256 0.0223112 0.0181697 0.0141412 0.0109325 0.00858173 0.00678984
 1.01564e-16 6.75011e-05 0.000656135 0.00436025 0.0198211 0.0616708 0.131397 0.19178 0.191794 0.131466 0.0619026 0.0204908 0.0060419 0.00432885 0.00704749 0.0115566 0.0166703 0.0210232 0.0232691 0.0227821 0.0200166 0.0161786 0.0124857 0.00959805 0.00754924 0.00604641
 1.04753e-16 3.19327e-05 0.000310398 0.0020627 0.00937678 0.0291749 0.0621621 0.0907376 0.0907867 0.0624018 0.0299801 0.0117027 0.00790197 0.0130603 0.0242544 0.0400673 0.0577621 0.0727319 0.0802866 0.0782432 0.0682 0.0544028 0.0411665 0.0308717 0.023695 0.0186284
 1.05789e-16 6.37809e-05 0.000619974 0.00411994 0.0187287 0.0582719 0.124155 0.181209 0.181218 0.124199 0.0584197 0.0191577 0.00520461 0.00301326 0.00468378 0.00783747 0.0117397 0.0157157 0.0190964 0.0215375 0.0231324 0.0241645 0.0247305 0.0245962 0.0233995 0.0209857
 1.04438e-16 6.05651e-05 0.000588714 0.00391221 0.0177844 0.0553339 0.117895 0.172076 0.172096 0.117994 0.0556635 0.0187364 0.00630197 0.00580584 0.00997012 0.0163916 0.0236224 0.0297496 0.0328789 0.0321697 0.0283485 0.023221 0.0185753 0.0153233 0.0133805 0.0121204
 1.0714e-16 3.83228e-05 0.000372511 0.00247547 0.0112532 0.0350129 0.0746002 0.108889 0.108928 0.0747893 0.035648 0.0130884 0.00708604 0.0104499 0.0192138 0.0317994 0.0460282 0.0583493 0.0651508 0.0647472 0.0583358 0.0490833 0.0401239 0.0330603 0.0278431 0.0236335
 1.05426e-16 6.52404e-05 0.00063416 0.00421422 0.0191572 0.0596053 0.126996 0.185356 0.185366 0.127044 0.0597663 0.0196238 0.00539074 0.00322041 0.00502965 0.00834994 0.0123464 0.0162083 0.0191432 0.0207743 0.0213076 0.0212673 0.0210342 0.0205876 0.0196256 0.017887
 1.03578e-16 6.24099e-05 0.000606646 0.00403138 0.0183261 0.0570193 0.121486 0.177317 0.177336 0.121578 0.0573275 0.019216 0.00626531 0.00548341 0.00932478 0.0153193 0.0220701 0.0277781 0.0306617 0.029921 0.0262212 0.0212433 0.0166678 0.013377 0.0113395 0.0100209
 1.05966e-16 3.99433e-05 0.000388263 0.00258015 0.011729 0.0364934 0.0777546 0.113493 0.113531 0.0779417 0.0371221 0.0135454 0.00714258 0.0103579 0.0190028 0.031427 0.045442 0.0575071 0.0640227 0.0633076 0.0565574 0.0469474 0.0376454 0.0303098 0.0249498 0.0207615
 1.0995e-16 4.83639e-05 0.000470114 0.00312408 0.0142016 0.0441866 0.0941449 0.137412 0.137432 0.0942437 0.0445188 0.0151639 0.00554987 0.00579999 0.0102718 0.0171696 0.0253493 0.0331809 0.0390061 0.0420283 0.0426758 0.0420673 0.0410575 0.0396914 0.0374279 0.0337789
 1.09526e-16 5.49108e-05 0.000533752 0.00354697 0.016124 0.050168 0.106889 0.156012 0.156031 0.106984 0.0504885 0.0170509 0.0058774 0.00563452 0.00978253 0.0161939 0.0235839 0.0302259 0.0344122 0.0354039 0.0338618 0.0313286 0.0291813 0.0278842 0.0270007 0.0257464
 1.10069e-16 4.52301e-05 0.000439653 0.00292165 0.0132814 0.0413235 0.0880453 0.128511 0.128541 0.088191 0.0418131 0.0146965 0.0064776 0.00821546 0.0148521 0.0245861 0.0356618 0.0453815 0.0510297 0.0513827 0.0474195 0.0415831 0.0362053 0.0323399 0.0296952 0.0273611
 1.0409e-16 6.93887e-05 0.000674483 0.00448218 0.0203753 0.0633952 0.135071 0.197141 0.19715 0.135113 0.0635378 0.0207879 0.00552055 0.00295078 0.0044206 0.00727241 0.0106443 0.0137557 0.0158583 0.0166099 0.0162518 0.015383 0.0145229 0.0138218 0.0130993 0.0120914
pSPR Fmed_Fpbrs
0.551473   0.6 0.325
Fs Fmed_Fpbrs
0.34   0.287288 0.705549
SSBpbr Bo_Bmed_Bpbrs
1.35108e+06  677528  743091 371546
Ro
134561
SPR SPRFo_SPRFmed_SPRFpbrs
969427 534613 315064
Fref
0.287288
Nvult_r0
 92549.7 10445 5393.56 1490.18 956.927
CTP_r0
 16496.8 2331.05 1203.7 332.569 213.561
YTP_r0
211980
Np
 134439 39813.1 8997.84 868.602 572.326
Nvult_p0
 94625.6 28824 6514.27 628.852 414.353
CTP_p0
 16866.8 5267.08 508.455 262.554 88.3635
 16866.8 6432.74 1453.81 140.343 92.4726
YTP_p0
 242663 282075
CBA_c0
221185
log_Ro
11.6298
likeval ReclasPelacesDesembMPH_pf_preclas_ppelaces_ptallas_desvR_qrecl_qpela
 0.000402497 14.4085 0.0427164 42.8372 239.669 139.938 117.396 0 20.7391 8.98588e-06 3.03794e-05 0.153876 6.93548e-16 0 0
q_reclas_q_pelaces
1.52796 2.18034
M
1
N
 168037 36357.5 92654.7 6322.84 0.218147
 95465.4 53168.5 10954.8 27917.6 1905.19
 95333 26573 13519.3 2785.52 7583.14
 158424 26662.6 6799.47 3459.31 2653.12
 133866 39487.2 5857.1 1493.67 1342.75
 274949 43553.3 12345.1 1831.14 886.769
 115162 82948.2 12320.4 3492.21 768.846
 55199.2 28307.6 17889 2657.08 918.96
 60537.8 19117.2 9613.71 6075.39 1214.48
 75756.4 18001.4 5305.39 2667.99 2023.08
 107423 21663.7 4743.83 1398.1 1236.21
 124500 36820.5 7257.09 1589.12 882.464
 67283.2 31845.3 8370.61 1649.79 561.88
 31533.4 15571.3 6340.95 1666.74 440.383
 105540 1760.43 471.514 192.01 63.8057
 263028 23649.3 335.863 89.9577 48.8059
 51642.9 54610.6 4078.41 57.9208 23.9303
 330533 11759.3 10642.8 794.819 15.9515
 375805 69778.2 2073.15 1876.3 142.937
 302039 73782.7 11174.6 332.002 323.369
 347448 70870.7 14962.1 2266.05 132.9
 502559 92589.5 17010 3591.13 575.783
 97094.9 126041 20507.1 3767.44 922.903
 244391 28421 34256.9 5573.65 1274.8
 259915 72487.2 7860.86 9474.99 1894.19
 92600.5 77548.1 20206.3 2191.27 3169.24
 231298 28809.2 22849.3 5953.72 1579.46
 277055 69256.9 8068.84 6399.6 2109.88
 109278 86446.2 20485 2386.63 2516.96
 100821 34746.6 26216.8 6212.57 1487.13
 100827 30943.2 10055.3 7586.86 2228.21
 48501.1 26832.1 7413.42 2409.06 2351.51
 131489 14427.2 7449.86 2058.31 1321.76
pred_Ctot
 15045.4 4227.11 10772.5 735.125 0.0253629
 15022.6 10694.4 2203.46 5615.37 383.211
 14773.8 5266.71 2679.5 552.083 1502.96
 33327.6 7077.98 1805.02 918.326 704.311
 9881.37 3798.36 563.408 143.68 129.162
 31782.2 6498.46 1841.98 273.219 132.312
 24957.4 22648.5 3364.01 953.527 209.929
 2053.88 1383.8 874.491 129.889 44.9227
 7464.02 3037.05 1527.28 965.163 192.938
 10883.6 3316.44 977.423 491.528 372.715
 4663.01 1233.78 270.168 79.624 70.4041
 24697.1 9244.23 1821.98 398.969 221.553
 16377.1 9701.01 2549.94 502.576 171.165
 19454.8 10782.1 4390.71 1154.11 304.938
 27142.2 564.637 151.232 61.5851 20.4649
 75839.1 8436.05 119.807 32.0892 17.4098
 12929.9 17081.9 1275.7 18.1173 7.48526
 93108.5 4105.23 3715.44 277.475 5.56875
 116499 26609.2 790.573 715.508 54.5077
 71708.9 21956.4 3325.36 98.798 96.229
 62139.9 16118.1 3402.82 515.366 30.2254
 104292 24263.6 4457.57 941.075 150.887
 12776.1 21328.3 3470.15 637.517 156.171
 30460.9 4562.9 5499.84 894.833 204.665
 31582.8 11353.8 1231.26 1484.08 296.69
 9156.8 9936.33 2589.06 280.77 406.078
 27665.9 4443.81 3524.5 918.36 243.631
 26953 8733.49 1017.5 807.007 266.062
 9484.55 9748.8 2310.16 269.147 283.846
 10719.3 4778.71 3605.61 854.418 204.526
 18099.2 7062.29 2294.95 1731.58 508.553
 5970.99 4256.47 1176.01 382.156 373.027
 27983.7 3872.21 1999.51 552.443 354.754
F
 0.15072 0.199622 0.199622 0.199622 0.199622
 0.278868 0.369346 0.369346 0.369346 0.369346
 0.274115 0.363051 0.363051 0.363051 0.363051
 0.389299 0.515606 0.515606 0.515606 0.515606
 0.122855 0.162715 0.162715 0.162715 0.162715
 0.198368 0.262729 0.262729 0.262729 0.262729
 0.403208 0.534029 0.534029 0.534029 0.534029
 0.0603583 0.0799415 0.0799415 0.0799415 0.0799415
 0.212818 0.281866 0.281866 0.281866 0.281866
 0.251883 0.333607 0.333607 0.333607 0.333607
 0.0707168 0.0936607 0.0936607 0.0936607 0.0936607
 0.363418 0.481328 0.481328 0.481328 0.481328
 0.463483 0.61386 0.61386 0.61386 0.61386
 1.88549 2.49723 2.49723 2.49723 2.49723
 0.49576 0.656608 0.656608 0.656608 0.656608
 0.572032 0.757627 0.757627 0.757627 0.757627
 0.479706 0.635347 0.635347 0.635347 0.635347
 0.555385 0.73558 0.73558 0.73558 0.73558
 0.627946 0.831682 0.831682 0.831682 0.831682
 0.4497 0.595604 0.595604 0.595604 0.595604
 0.322439 0.427054 0.427054 0.427054 0.427054
 0.383107 0.507406 0.507406 0.507406 0.507406
 0.228563 0.302719 0.302719 0.302719 0.302719
 0.215358 0.285231 0.285231 0.285231 0.285231
 0.209457 0.277415 0.277415 0.277415 0.277415
 0.167601 0.221979 0.221979 0.221979 0.221979
 0.205885 0.272684 0.272684 0.272684 0.272684
 0.164693 0.218128 0.218128 0.218128 0.218128
 0.145812 0.19312 0.19312 0.19312 0.19312
 0.181196 0.239984 0.239984 0.239984 0.239984
 0.323804 0.428862 0.428862 0.428862 0.428862
 0.212469 0.281404 0.281404 0.281404 0.281404
 0.394654 0.522698 0.522698 0.522698 0.522698
YTP_r0W_actual
 124386 40676.9 28973 10416 7528.01
YTP_p0W_proyectada
 127176 91910.6 12238.5 8223.18 3114.81
 127176 112251 34993.2 4395.54 3259.66
CTP_r0_actual
 16496.8 2331.05 1203.7 332.569 213.561
CTP_p0_proyectada
 16866.8 5267.08 508.455 262.554 88.3635
 16866.8 6432.74 1453.81 140.343 92.4726
Wmedp
 7.54 17.45 24.07 31.32 35.25
Frms_r0
 0.216912 0.287288 0.287288 0.287288 0.287288
Zrms_r0
 1.21691 1.28729 1.28729 1.28729 1.28729
nmprior
 7.29 8.9 8.7 0
nm_flota  nm_reclas  nm_pelaces    nm_pelaL
inf 11.3923 16.7921 51.8974
cv_recla  cv_pelaces  cv_mph
0.57915 0.415815 0.524769
 ------------------------------------------------
Talla a la edad & desviaci?n 
 8 13.2811 15.8009 17.003 17.5766
 0.8 1.32811 1.58009 1.7003 1.75766
