years
 1991 1992 1993 1994 1995 1996 1997 1998 1999 2000 2001 2002 2003 2004 2005 2006 2007 2008 2009 2010 2011 2012 2013 2014 2015 2016 2017 2018 2019 2020 2021 2022 2023
reclasobs
 0 0 0 0 0 0 0 0 0 252601 567819 844713 477998 351125 339783 2.1784e+06 2.13404e+06 4.81314e+06 1.55562e+06 2.62356e+06 3.21686e+06 3.843e+06 1.13348e+06 3.07943e+06 1.97215e+06 2.03268e+06 2.025e+06 2.42433e+06 2.27542e+06 1.05018e+06 2.36338e+06 3.18982e+06 1.53035e+06
reclaspred
 7.47898e+06 3.74535e+06 1.70083e+06 1.9161e+06 2.60492e+06 5.18392e+06 3.57459e+06 2.61367e+06 1.38893e+06 329597 527872 1.74773e+06 1.89453e+06 219304 654587 1.59472e+06 1.50169e+06 1.47606e+06 1.65666e+06 2.14147e+06 4.2083e+06 3.32327e+06 2.3413e+06 2.00244e+06 2.18329e+06 2.17217e+06 2.15304e+06 2.00638e+06 1.83721e+06 2.92505e+06 1.71721e+06 823342 1.39558e+06
pelacesobs
 0 0 0 0 0 0 0 0 0 0 0 0 0 0 0 552880 188675 0 991730 2.46772e+06 1.41603e+06 1.21717e+06 2.29649e+06 1.80582e+06 0 1.4828e+06 1.56532e+06 1.57751e+06 1.42118e+06 867257 1.10002e+06 1.06204e+06 0
pelacespred
 6.97362e+06 3.19756e+06 1.31447e+06 1.09661e+06 1.95809e+06 3.90768e+06 2.56346e+06 2.72009e+06 1.23465e+06 144310 324069 946687 1.21094e+06 54318.4 326512 716090 732471 626435 695687 959842 2.25714e+06 1.9031e+06 1.4485e+06 1.23629e+06 1.2799e+06 1.33876e+06 1.61128e+06 1.34245e+06 1.11088e+06 2.1242e+06 1.04919e+06 498029 728121
mphobs
 0 0 0 0 0 0 0 0 0 0 0 0 498337 0 5186 125008 0 168611 109162 213762 579715 649985 157893 87575 83554 210694 70296 0 107559 103333 445601 22526 28222
mphpred
 1.25497e+06 834386 346436 212332 376959 560335 952055 385891 313183 98502.1 21077.1 162330 397524 129745 5680.92 119177 312588 164751 134107 237506 556289 609639 157681 85443.5 99187.3 161992 82353.9 129775 138465 106703 182699 39004.6 28703.5
desembarqueobs
 494567 514787 250237 358949 120608 361735 552515 73892 212993 205616 52469 317467 293654 387597 252695 516296 358380 742168 942051 627588 828172 859565 418607 520667 417249 300574 415391 372974 316634 284311 391294 218835 356480
desembarquepred
 494547 514545 250326 358921 120607 361704 552455 73897.5 213078 205686 52471.1 317401 293772 387672 252567 516139 358381 741815 940990 627099 828378 859405 418474 520775 417029 300845 415382 372904 316294 284115 392655 218957 356480
Reclutas
 135030 98030.1 88088.7 130252 88835.3 193377 65944.9 21955.3 21561 30059.8 42950.3 148948 66605.3 38960.7 58164.6 200580 51430.7 179181 279403 238540 214313 315359 57929.6 90845.6 183850 27934.5 109123 88508.2 72409.7 133328 21775.9 34858.3 104327
log_desv_Rt
 0.468188 0.147969 0.0410386 0.432162 0.049479 0.827337 -0.248486 -1.3483 -1.36642 -1.03412 -0.677261 0.566292 -0.238522 -0.774752 -0.374028 0.863907 -0.497071 0.751093 1.19535 1.03723 0.930133 1.31641 -0.378078 0.0718561 0.776815 -1.10744 0.255168 0.0457895 -0.154965 0.455509 -1.3565 -0.886014 0.210226
SSB
 581457 386590 160512 98378.3 174653 259616 441108 178792 145105 45638.2 9765.51 75211.2 173406 56739.2 2503.35 52634.7 144829 76332.8 66210.5 93810.3 227852 271175 228992 118143 120357 217305 100043 148397 168674 118322 256877 58842.3 35772
BT
 1.07247e+06 824084 364893 540323 438004 1.17779e+06 796265 422383 360408 219495 162680 563895 498930 388451 393442 678952 423417 860498 1.14386e+06 780238 1.3676e+06 1.18417e+06 619641 826829 679963 466660 891078 673280 453589 857930 492887 297200 577323
Ftot
 0.577531 1.08643 1.08164 1.0489 0.325528 0.440847 1.17597 0.244899 1.16486 2.82974 0.469419 0.913753 1.00963 4.7773 1.50759 1.39492 1.39767 2.12516 2.17681 1.32938 1.07291 1.36293 1.17294 1.37437 0.978692 0.995752 1.01625 0.994649 1.10865 0.536165 1.58338 1.51901 1.15145
BD_Bspro_t
 0.911736 0.5003 0.23137 0.166083 0.236669 0.362626 0.434677 0.219223 0.241863 0.112283 0.0365804 0.300017 0.333611 0.113947 0.00664376 0.121453 0.187768 0.100462 0.0754235 0.0883329 0.150186 0.169036 0.157859 0.101058 0.122021 0.226003 0.143978 0.22602 0.241224 0.189071 0.324092 0.100633 0.0969164
BD_Bspro
 0.95461 0.634686 0.263521 0.161513 0.286738 0.426226 0.724192 0.293533 0.238226 0.0749267 0.0160326 0.123478 0.28469 0.0931519 0.00410988 0.0864133 0.237774 0.12532 0.108701 0.154014 0.374078 0.445203 0.37595 0.193962 0.197597 0.356761 0.164247 0.243632 0.276922 0.194257 0.42173 0.0966047 0.0587289
BD_Bo
 1.79358 1.19248 0.495118 0.30346 0.53874 0.800818 1.36065 0.551506 0.447594 0.140777 0.0301229 0.231998 0.534891 0.175019 0.00772189 0.162358 0.446743 0.235458 0.204235 0.28937 0.702839 0.836474 0.706356 0.364427 0.371256 0.670303 0.308596 0.45775 0.520298 0.364981 0.79237 0.181506 0.110343
BD_Brms
 3.26105 2.16815 0.900215 0.551746 0.979527 1.45603 2.47392 1.00274 0.813806 0.255958 0.054769 0.421815 0.97253 0.318217 0.0140398 0.295197 0.812261 0.428106 0.371336 0.526127 1.27789 1.52086 1.28428 0.662594 0.675011 1.21873 0.561084 0.832272 0.945996 0.663601 1.44067 0.330012 0.200624
Sel_flota
 0.790552 1 1 1 1
 0.790552 1 1 1 1
 0.790552 1 1 1 1
 0.790552 1 1 1 1
 0.790552 1 1 1 1
 0.790552 1 1 1 1
 0.790552 1 1 1 1
 0.790552 1 1 1 1
 0.790552 1 1 1 1
 0.790552 1 1 1 1
 0.790552 1 1 1 1
 0.790552 1 1 1 1
 0.790552 1 1 1 1
 0.790552 1 1 1 1
 0.790552 1 1 1 1
 0.790552 1 1 1 1
 0.790552 1 1 1 1
 0.790552 1 1 1 1
 0.790552 1 1 1 1
 0.790552 1 1 1 1
 0.790552 1 1 1 1
 0.790552 1 1 1 1
 0.790552 1 1 1 1
 0.790552 1 1 1 1
 0.790552 1 1 1 1
 0.790552 1 1 1 1
 0.790552 1 1 1 1
 0.790552 1 1 1 1
 0.790552 1 1 1 1
 0.790552 1 1 1 1
 0.790552 1 1 1 1
 0.790552 1 1 1 1
 0.790552 1 1 1 1
Sel_reclas
 0.237864 0.610999 0.8877 0.975479 0.99503
 0.237864 0.610999 0.8877 0.975479 0.99503
 0.237864 0.610999 0.8877 0.975479 0.99503
 0.237864 0.610999 0.8877 0.975479 0.99503
 0.237864 0.610999 0.8877 0.975479 0.99503
 0.237864 0.610999 0.8877 0.975479 0.99503
 0.237864 0.610999 0.8877 0.975479 0.99503
 0.237864 0.610999 0.8877 0.975479 0.99503
 0.237864 0.610999 0.8877 0.975479 0.99503
 0.237864 0.610999 0.8877 0.975479 0.99503
 0.237864 0.610999 0.8877 0.975479 0.99503
 0.237864 0.610999 0.8877 0.975479 0.99503
 0.237864 0.610999 0.8877 0.975479 0.99503
 0.237864 0.610999 0.8877 0.975479 0.99503
 0.237864 0.610999 0.8877 0.975479 0.99503
 0.237864 0.610999 0.8877 0.975479 0.99503
 0.237864 0.610999 0.8877 0.975479 0.99503
 0.237864 0.610999 0.8877 0.975479 0.99503
 0.237864 0.610999 0.8877 0.975479 0.99503
 0.237864 0.610999 0.8877 0.975479 0.99503
 0.237864 0.610999 0.8877 0.975479 0.99503
 0.237864 0.610999 0.8877 0.975479 0.99503
 0.237864 0.610999 0.8877 0.975479 0.99503
 0.237864 0.610999 0.8877 0.975479 0.99503
 0.237864 0.610999 0.8877 0.975479 0.99503
 0.237864 0.610999 0.8877 0.975479 0.99503
 0.237864 0.610999 0.8877 0.975479 0.99503
 0.237864 0.610999 0.8877 0.975479 0.99503
 0.237864 0.610999 0.8877 0.975479 0.99503
 0.237864 0.610999 0.8877 0.975479 0.99503
 0.237864 0.610999 0.8877 0.975479 0.99503
 0.237864 0.610999 0.8877 0.975479 0.99503
 0.237864 0.610999 0.8877 0.975479 0.99503
Sel_pelaces
 0.101782 0.363169 0.741601 0.935248 0.986429
 0.101782 0.363169 0.741601 0.935248 0.986429
 0.101782 0.363169 0.741601 0.935248 0.986429
 0.101782 0.363169 0.741601 0.935248 0.986429
 0.101782 0.363169 0.741601 0.935248 0.986429
 0.101782 0.363169 0.741601 0.935248 0.986429
 0.101782 0.363169 0.741601 0.935248 0.986429
 0.101782 0.363169 0.741601 0.935248 0.986429
 0.101782 0.363169 0.741601 0.935248 0.986429
 0.101782 0.363169 0.741601 0.935248 0.986429
 0.101782 0.363169 0.741601 0.935248 0.986429
 0.101782 0.363169 0.741601 0.935248 0.986429
 0.101782 0.363169 0.741601 0.935248 0.986429
 0.101782 0.363169 0.741601 0.935248 0.986429
 0.101782 0.363169 0.741601 0.935248 0.986429
 0.101782 0.363169 0.741601 0.935248 0.986429
 0.101782 0.363169 0.741601 0.935248 0.986429
 0.101782 0.363169 0.741601 0.935248 0.986429
 0.101782 0.363169 0.741601 0.935248 0.986429
 0.101782 0.363169 0.741601 0.935248 0.986429
 0.101782 0.363169 0.741601 0.935248 0.986429
 0.101782 0.363169 0.741601 0.935248 0.986429
 0.101782 0.363169 0.741601 0.935248 0.986429
 0.101782 0.363169 0.741601 0.935248 0.986429
 0.101782 0.363169 0.741601 0.935248 0.986429
 0.101782 0.363169 0.741601 0.935248 0.986429
 0.101782 0.363169 0.741601 0.935248 0.986429
 0.101782 0.363169 0.741601 0.935248 0.986429
 0.101782 0.363169 0.741601 0.935248 0.986429
 0.101782 0.363169 0.741601 0.935248 0.986429
 0.101782 0.363169 0.741601 0.935248 0.986429
 0.101782 0.363169 0.741601 0.935248 0.986429
 0.101782 0.363169 0.741601 0.935248 0.986429
pf_obs 
 0.8446 0.082 0.0669 0.0065 0
 0.8095 0.147 0.0364 0.0071 0
 0.9664 0.0169 0.016 0.0007 0
 0.9276 0.0648 0.0075 0.0001 0
 0.7033 0.2144 0.0806 0.0017 0
 0.9318 0.0425 0.0243 0.0014 0
 0.5671 0.3108 0.0964 0.0239 0.0018
 0.0768 0.2599 0.5324 0.112 0.0189
 0.490249 0.384438 0.106611 0.0170017 0.00170017
 0.7925 0.1577 0.0466 0.003 0.0002
 0.840416 0.127587 0.0312969 0.00059994 9.999e-05
 0.8084 0.0986 0.0794 0.0134 0.0002
 0.7335 0.1905 0.0724 0.0035 0.0001
 0.4001 0.4547 0.1325 0.0127 0
 0.49795 0.308269 0.164784 0.0264974 0.00249975
 0.9179 0.0499 0.0305 0.0017 0
 0.2467 0.6533 0.0926 0.0074 0
 0.9418 0.0223 0.034 0.0019 0
 0.707729 0.231977 0.0356964 0.0245975 0
 0.517169 0.277429 0.184464 0.0207286 0.00020938
 0.811772 0.124168 0.05621 0.00726502 0.000585176
 0.764997 0.148141 0.077277 0.00933861 0.000247198
 0.163321 0.427699 0.378323 0.0303852 0.000271297
 0.753843 0.0900009 0.118128 0.0371064 0.000921714
 0.721811 0.176058 0.0630433 0.0369309 0.00215725
 0.143369 0.312575 0.442814 0.0836902 0.0175525
 0.692698 0.0596174 0.167031 0.0765114 0.00414204
 0.394062 0.376323 0.152708 0.0712218 0.00568511
 0.125707 0.32114 0.495352 0.0537591 0.00404204
 0.23352 0.215282 0.420074 0.123614 0.00750983
 0.796117 0.104755 0.0508955 0.0450114 0.00322123
 0.162477 0.292055 0.404252 0.121198 0.0200186
 0 0 0 0 0
pf_pred 
 0.705352 0.142539 0.139117 0.0129916 8.54205e-07
 0.671001 0.251854 0.0373199 0.036424 0.00340171
 0.787024 0.159655 0.0408177 0.0060484 0.00645451
 0.871949 0.10811 0.0149491 0.0038219 0.00117069
 0.758156 0.219739 0.0186628 0.00258064 0.000861864
 0.834689 0.133101 0.0292653 0.00248556 0.000458481
 0.495849 0.439172 0.0523186 0.0115034 0.00115722
 0.523659 0.283002 0.16842 0.0200639 0.00485529
 0.621161 0.223194 0.0924711 0.0550314 0.00814236
 0.861074 0.0984948 0.0238204 0.009869 0.00674223
 0.965043 0.0323103 0.00187671 0.000453871 0.000316508
 0.91843 0.0794284 0.00197907 0.000114952 4.71871e-05
 0.66738 0.313179 0.0189298 0.000471662 3.86418e-05
 0.714333 0.212642 0.0687577 0.00415599 0.000112036
 0.992701 0.00640399 0.000666569 0.000215535 1.3379e-05
 0.963929 0.0359028 0.000147729 1.53766e-05 5.28065e-06
 0.640688 0.350788 0.00848464 3.49117e-05 4.88176e-06
 0.949558 0.0369799 0.0131426 0.000317884 1.49089e-06
 0.952057 0.0465205 0.00104257 0.000370526 9.00409e-06
 0.916175 0.0814843 0.0022709 5.08931e-05 1.85268e-05
 0.849199 0.142261 0.00830175 0.000231363 7.07261e-06
 0.878558 0.108314 0.0123847 0.00072272 2.07574e-05
 0.536218 0.425403 0.0342303 0.00391395 0.000234961
 0.855482 0.0913845 0.0487362 0.00392159 0.000475319
 0.925822 0.0668236 0.00465057 0.00248019 0.000223759
 0.419132 0.550344 0.0274974 0.00191368 0.00111266
 0.910345 0.0458141 0.0415371 0.00207536 0.000228411
 0.796822 0.190278 0.00659184 0.00597644 0.000331471
 0.78044 0.186686 0.0307868 0.00106655 0.00102061
 0.892822 0.0899912 0.0146134 0.00240993 0.000163379
 0.3536 0.59383 0.0441403 0.00716783 0.0012622
 0.860872 0.064656 0.0684149 0.00508539 0.00097122
 0.95463 0.0411375 0.00196705 0.0020814 0.000184262
pobs_RECLAS
 0 0 0 0 0
 0 0 0 0 0
 0 0 0 0 0
 0 0 0 0 0
 0 0 0 0 0
 0 0 0 0 0
 0 0 0 0 0
 0 0 0 0 0
 0 0 0 0 0
 0 0 0 0 0
 0.991045 0.00858322 0.000360255 1.14367e-05 0
 0.934742 0.0480273 0.0164251 0.00080598 0
 0.827803 0.169806 0.00239088 0 0
 0.941827 0.0461693 0.0120037 0 0
 0.791401 0.0380133 0.147996 0.0225897 0
 0.846168 0.0940531 0.0597789 0 0
 0.134021 0.677848 0.182769 0.00536245 0
 0.80878 0.0450904 0.141981 0.00414843 0
 0.846168 0.0940531 0.0597789 0 0
 0.905697 0.0802665 0.012482 0.00150086 5.37128e-05
 0.989698 0.0102097 9.19794e-05 0 0
 0.975433 0.0193895 0.00387452 0.00125025 5.28907e-05
 0.303575 0.632131 0.0575291 0.00676475 0
 0.966965 0.00978017 0.0227588 0.000495775 0
 0.843318 0.132988 0.00938335 0.0141283 0.000182051
 0.564624 0.303363 0.111486 0.0197234 0.00080311
 0.826376 0.0876187 0.0782897 0.00655872 0.00115652
 0.89761 0.0855135 0.0140674 0.00269457 0.000114338
 0.34875 0.467042 0.161289 0.0227151 0.000203297
 0.318654 0.224769 0.449479 0.00709798 0
 0.937255 0.0296025 0.0250945 0.00804832 0
 0.456809 0.399803 0.12412 0.0192676 0
 0.883104 0.0372192 0.0704036 0.00927362 0
ppred_RECLAS
 0.491017 0.198549 0.28154 0.0288917 1.93772e-06
 0.480686 0.353713 0.0761497 0.0816709 0.00778027
 0.626646 0.249275 0.092591 0.0150769 0.0164117
 0.763098 0.18581 0.0373287 0.0104872 0.00327673
 0.598383 0.349678 0.0431484 0.00655641 0.00223355
 0.697257 0.223448 0.0713795 0.00666187 0.00125346
 0.32175 0.556313 0.0962865 0.0232642 0.00238725
 0.313475 0.342277 0.295943 0.0387419 0.0095631
 0.40946 0.287369 0.172977 0.113121 0.0170727
 0.754353 0.151371 0.0531868 0.0242147 0.0168744
 0.929817 0.0625092 0.00527502 0.00140188 0.0009972
 0.849186 0.145087 0.00525215 0.00033523 0.000140369
 0.498331 0.460068 0.0404018 0.00110621 9.24447e-05
 0.601601 0.265273 0.124621 0.00827744 0.000227613
 0.985264 0.0121946 0.00184412 0.000655259 4.14894e-05
 0.932489 0.0670482 0.00040082 4.58454e-05 1.60598e-05
 0.477525 0.50465 0.0177339 8.0185e-05 1.14371e-05
 0.900867 0.064787 0.0334524 0.000889136 4.25367e-06
 0.914063 0.0821897 0.0026761 0.00104513 2.59064e-05
 0.847816 0.146069 0.00591438 0.000145654 5.40856e-05
 0.736715 0.24211 0.0205268 0.000628634 1.96021e-05
 0.780871 0.186162 0.0309257 0.00198315 5.80998e-05
 0.363084 0.562401 0.0657479 0.00826109 0.000505867
 0.723437 0.149347 0.115718 0.0102321 0.00126504
 0.8578 0.121974 0.012333 0.00722771 0.000665143
 0.26348 0.681058 0.0494387 0.0037809 0.00224236
 0.808197 0.0799957 0.105373 0.00578545 0.000649502
 0.658466 0.309553 0.0155804 0.0155226 0.000878187
 0.629262 0.294794 0.070631 0.00268884 0.00262459
 0.79438 0.160435 0.037851 0.00685932 0.000474341
 0.216092 0.693278 0.0748698 0.0133601 0.00239976
 0.720984 0.103825 0.159613 0.0130375 0.00253984
 0.911168 0.0767417 0.00533131 0.00619908 0.000559789
pobs_PELACES
 0 0 0 0 0
 0 0 0 0 0
 0 0 0 0 0
 0 0 0 0 0
 0 0 0 0 0
 0 0 0 0 0
 0 0 0 0 0
 0 0 0 0 0
 0 0 0 0 0
 0 0 0 0 0
 0 0 0 0 0
 0 0 0 0 0
 0 0 0 0 0
 0 0 0 0 0
 0 0 0 0 0
 0 0 0 0 0
 0.505614 0.472636 0.0217494 0 0
 0 0 0 0 0
 0.443492 0.261883 0.143347 0.151278 0
 0.227955 0.32914 0.350689 0.0885471 0.00366901
 0.970185 0.0296113 0.000203453 0 0
 0.997202 0.00247181 0.000326279 0 0
 0.445219 0.490057 0.0546422 0.010081 0
 0.90214 0.0892962 0.00764917 0.000914606 0
 0 0 0 0 0
 0.581667 0.319106 0.0959925 0.00289975 0.000334073
 0.762889 0.0836404 0.116647 0.0363945 0.000428098
 0.88444 0.0763242 0.0277011 0.0115352 0
 0.521256 0.241999 0.230069 0.00667565 0
 0.616807 0.101726 0.260614 0.0208532 0
 0.833518 0.0704572 0.0857862 0.0102388 0
 0.697417 0.212968 0.0787535 0.0105354 0.000325836
 0 0 0 0 0
ppred_PELACES
 0.364692 0.196828 0.392279 0.046199 3.20385e-06
 0.381234 0.361489 0.109383 0.134633 0.0132617
 0.530002 0.271763 0.141879 0.0265135 0.029842
 0.69382 0.218261 0.0616292 0.0198705 0.00641963
 0.509221 0.404156 0.0700941 0.0122233 0.00430565
 0.605889 0.261619 0.117463 0.0125814 0.00244774
 0.255225 0.565132 0.137478 0.0381207 0.00404474
 0.215274 0.321026 0.390128 0.0586117 0.0149597
 0.301141 0.270867 0.229162 0.17199 0.02684
 0.692432 0.158719 0.0783837 0.0409549 0.0295104
 0.903505 0.0816792 0.00968786 0.00295475 0.00217326
 0.809501 0.180359 0.00917666 0.000672196 0.000291034
 0.425779 0.509222 0.0628525 0.00197499 0.000170659
 0.570209 0.251038 0.165758 0.0126353 0.000359258
 0.980186 0.0151843 0.00322739 0.00131608 8.61641e-05
 0.91609 0.0830873 0.000698126 9.16398e-05 3.31933e-05
 0.416837 0.55556 0.0274398 0.000142389 2.10001e-05
 0.868988 0.0749504 0.0543939 0.00165919 8.20754e-06
 0.897157 0.0964033 0.00441178 0.00197736 5.0681e-05
 0.812201 0.177313 0.0100909 0.000285197 0.000109503
 0.677409 0.287133 0.034216 0.00120257 3.87735e-05
 0.726168 0.218857 0.0511007 0.00376068 0.000113922
 0.297615 0.590484 0.0970244 0.0139908 0.000885853
 0.634006 0.165333 0.180053 0.0182713 0.00233577
 0.812905 0.150061 0.0213259 0.0143431 0.00136483
 0.210875 0.706801 0.0721134 0.00632921 0.00388134
 0.723518 0.0927297 0.171679 0.0108176 0.00125573
 0.586525 0.357566 0.0252951 0.028922 0.00169189
 0.548384 0.330535 0.111309 0.00486301 0.00490822
 0.724662 0.195901 0.0649608 0.0135101 0.000966031
 0.173972 0.694933 0.105482 0.0216016 0.00401204
 0.619938 0.111648 0.241244 0.0226145 0.00455532
 0.881847 0.0952768 0.00930307 0.0124144 0.00115916
pobs_pel_tallas
 0 0 0 0 0 0 0 0 0 0 0 0 0 0 0 0 0 0 0 0 0 0 0 0 0 0
 0 0 0 0 0 0 0 0 0 0 0 0 0 0 0 0 0 0 0 0 0 0 0 0 0 0
 0 0 0 0 0 0 0 0 0 0 0 0 0 0 0 0 0 0 0 0 0 0 0 0 0 0
 0 0 0 0 0 0 0 0 0 0 0 0 0 0 0 0 0 0 0 0 0 0 0 0 0 0
 0 0 0 0 0 0 0 0 0 0 0 0 0 0 0 0 0 0 0 0 0 0 0 0 0 0
 0 0 0 0 0 0 0 0 0 0 0 0 0 0 0 0 0 0 0 0 0 0 0 0 0 0
 0 0 0 0 0 0 0 0 0 0 0 0 0 0 0 0 0 0 0 0 0 0 0 0 0 0
 0 0 0 0 0 0 0 0 0 0 0 0 0 0 0 0 0 0 0 0 0 0 0 0 0 0
 0 0 0 0 0 0 0 0 0 0 0 0 0 0 0 0 0 0 0 0 0 0 0 0 0 0
 0 0 0 0 0 0 0 0 0 0 0 0 0 0 0 0 0 0 0 0 0 0 0 0 0 0
 0 0 0 0 0 0 0 0 0 0 0 0 0 0 0 0 0 0 0 0 0 0 0 0 0 0
 0 0 0 0 0 0 0 0 0 0 0 0 0 0 0 0 0 0 0 0 0 0 0 0 0 0
 0.00862536 0 0 0.000197151 0.00414017 0.0128641 0.00837892 0.0270097 0.101434 0.158115 0.152841 0.127902 0.109271 0.109419 0.0830992 0.0579132 0.0238553 0.00714673 0.00463305 0.00128148 0.00103504 0.000492878 0.000147863 0.000147863 4.92878e-05 0
 0 0 0 0 0 0 0 0 0 0 0 0 0 0 0 0 0 0 0 0 0 0 0 0 0 0
 0 0 0 0 0 0 0 0.0054083 0.00873648 0.0413646 0.0450493 0.0745869 0.0622846 0.0627006 0.0613931 0.0827291 0.12552 0.122667 0.0946155 0.0697135 0.0546179 0.0294188 0.0215738 0.0213955 0.0102223 0.00600262
 0 0 0 0 0.00359764 0.0251062 0.0480494 0.140153 0.205849 0.193036 0.1447 0.116669 0.0760912 0.0342217 0.00950174 0.001854 0.000860785 0 0 0 0.000165536 0 0.000143464 0 0 0
 0 0 0 0 0 0 0 0.000145254 0.000435761 0.0275982 0.070085 0.0708112 0.156366 0.174668 0.174014 0.160142 0.0824315 0.0480064 0.0283245 0.00493863 0.00203355 0 0 0 0 0
 0 0 0 0 0 0 0 0 0 0 0 0 0 0 0 0 0 0 0 0 0 0 0 0 0 0
 0 0 1.00437e-05 0.000401748 0.00122533 0.00171747 0.00176769 0.0269171 0.070346 0.194647 0.189555 0.159765 0.064822 0.0314167 0.0384472 0.0292271 0.0345202 0.0313363 0.0194345 0.0106764 0.0143323 0.0359363 0.0279516 0.0138201 0.00172751 0
 0 0.0021121 0.0136068 0.0755702 0.200478 0.177729 0.0527432 0.0373336 0.0318909 0.0142505 0.0149659 0.0166563 0.0217959 0.0798694 0.0677717 0.0528807 0.04013 0.0224614 0.0357745 0.0225083 0.00881397 0.00855152 0.00135912 0.000746735 0 0
 0 0 0 0 5.4009e-05 0.00500934 0.000945158 0.0243581 0.138947 0.33067 0.221406 0.137944 0.0707744 0.0437923 0.0131692 0.00525238 0.0047753 0.00276346 9.45158e-05 9.00151e-06 2.25038e-05 9.00151e-06 4.50075e-06 0 0 0
 0.000866109 0.00284123 0.00948549 0.0512746 0.133035 0.25785 0.225252 0.132002 0.0553304 0.0519788 0.0540692 0.017754 0.00435017 0.00159236 0.00146478 0.000404838 0.000125132 0.000115318 0.000107957 0.000100596 0 0 0 0 0 0
 0 0 0 0 0.00144013 0.00171154 0.00461396 0.0210425 0.0478622 0.0707936 0.0888783 0.103762 0.0637923 0.0337046 0.0602308 0.124433 0.169614 0.0934646 0.0462172 0.0250306 0.0313229 0.00938855 0.002487 0.000210481 0 0
 0 0.00764035 0.051015 0.0998891 0.058973 0.0496711 0.0374665 0.0718981 0.12319 0.153886 0.159021 0.0857701 0.0377988 0.023471 0.0147837 0.00900784 0.00315554 0.000888139 0.00291439 0.00214683 0.00393193 0.00274676 0.000635225 9.99891e-05 0 0
 0 0 0 0 0 0 0 0 0 0 0 0 0 0 0 0 0 0 0 0 0 0 0 0 0 0
 0 0 0 0 0 0 0 0 0 0 0 0 0 0 0 0 0 0 0 0 0 0 0 0 0 0
 0 0 0 0 0 0 0 0 0 0 0 0 0 0 0 0 0 0 0 0 0 0 0 0 0 0
 0 0 0 0 0 0 0 0 0 0 0 0 0 0 0 0 0 0 0 0 0 0 0 0 0 0
 0 0 0 0 0 0 0 0 0 0 0 0 0 0 0 0 0 0 0 0 0 0 0 0 0 0
 0 0 0 0 0 0 0 0 0 0 0 0 0 0 0 0 0 0 0 0 0 0 0 0 0 0
 0 0 0 0 0 0 0 0 0 0 0 0 0 0 0 0 0 0 0 0 0 0 0 0 0 0
 0 0 0 0 0 0 0 0 0 0 0 0 0 0 0 0 0 0 0 0 0 0 0 0 0 0
 0 0 0 0 0 0 0 0 0 0 0 0 0 0 0 0 0 0 0 0 0 0 0 0 0 0
ppred_pel_tallas
 1.16005e-16 3.00392e-05 0.000291992 0.00194039 0.00882074 0.0274447 0.0584746 0.0853494 0.085369 0.0585704 0.027768 0.00976183 0.0043304 0.00560116 0.0103818 0.0178161 0.027292 0.0377151 0.0478712 0.057024 0.0650081 0.071656 0.0761589 0.0771174 0.0733591 0.0648478
 1.18996e-16 3.14018e-05 0.000305237 0.00202841 0.00922087 0.0286897 0.0611278 0.0892251 0.0892601 0.0612988 0.0292642 0.0108821 0.00620551 0.00944849 0.0174706 0.0290346 0.042315 0.0542969 0.0619694 0.0640713 0.0618498 0.0580986 0.0552383 0.053955 0.0532432 0.0514696
 1.11873e-16 4.36556e-05 0.000424348 0.00281995 0.0128191 0.0398851 0.0849803 0.124037 0.124063 0.0851092 0.0403184 0.0140729 0.00597563 0.00734119 0.0132625 0.0220733 0.0323037 0.0417011 0.0479827 0.0500917 0.0487527 0.0457972 0.0428413 0.040403 0.038004 0.0348973
 1.04914e-16 5.71491e-05 0.00055551 0.00369156 0.0167813 0.052213 0.111246 0.162371 0.162392 0.111349 0.0525592 0.0177821 0.00620625 0.00605382 0.0105252 0.0173779 0.0251885 0.0320156 0.0359154 0.0359924 0.0329054 0.0283563 0.0239928 0.0205983 0.0180507 0.0158231
 1.04081e-16 4.19439e-05 0.00040771 0.00270938 0.0123165 0.0383213 0.081649 0.119177 0.119216 0.0818395 0.0389608 0.0141638 0.00734748 0.0105358 0.0192859 0.0318401 0.0459157 0.0578485 0.0639202 0.0624001 0.0545527 0.0437352 0.033352 0.0252704 0.0196142 0.0155781
 1.05133e-16 4.99063e-05 0.000485107 0.00322371 0.0146545 0.0455958 0.0971476 0.141795 0.14182 0.0972715 0.0460121 0.0158586 0.00625215 0.00711609 0.0127015 0.0210702 0.0306984 0.039332 0.0446764 0.045626 0.0428363 0.0381177 0.0331863 0.0288046 0.0248301 0.0208377
 1.0862e-16 2.10227e-05 0.000204348 0.00135797 0.00617315 0.0192073 0.0409251 0.0597428 0.0597974 0.0411918 0.0201029 0.00876134 0.00785934 0.0144124 0.0270502 0.0448056 0.0648219 0.0821026 0.0915442 0.09077 0.0814846 0.0681818 0.055308 0.0451335 0.0375818 0.0314591
 1.1975e-16 1.77319e-05 0.000172361 0.0011454 0.00520684 0.0162006 0.0345182 0.0503869 0.0504184 0.0346724 0.0167197 0.00671343 0.00495383 0.00857452 0.0162341 0.0274869 0.0411735 0.0550768 0.0668453 0.0752589 0.0806444 0.0840108 0.0857293 0.085023 0.0806666 0.07215
 1.28473e-16 2.48046e-05 0.00024111 0.00160226 0.00728367 0.0226623 0.0482855 0.0704796 0.0705061 0.048415 0.0230982 0.00854726 0.00479218 0.0072656 0.013547 0.0228399 0.0340542 0.0453072 0.0547196 0.0615461 0.0665339 0.0710718 0.0758195 0.0799867 0.0817871 0.0795835
 1.11404e-16 5.70348e-05 0.000554398 0.00368417 0.0167477 0.0521085 0.111023 0.162045 0.16206 0.111098 0.0523617 0.0174804 0.00552862 0.00459877 0.00779157 0.0129337 0.0189689 0.0245945 0.0285367 0.030259 0.030267 0.0296771 0.0293967 0.0295773 0.0296809 0.0289688
 1.00965e-16 7.44205e-05 0.000723394 0.00480721 0.0218529 0.0679924 0.144865 0.211437 0.211445 0.144904 0.0681216 0.0222258 0.00574308 0.00276605 0.00395275 0.00641428 0.0092269 0.0115913 0.0127486 0.0123524 0.0106729 0.00841352 0.0062905 0.00470074 0.00366898 0.00300943
 1.00428e-16 6.66776e-05 0.00064813 0.00430705 0.0195792 0.0609184 0.129794 0.189441 0.189459 0.129878 0.061203 0.020401 0.00636845 0.0051437 0.00859136 0.0140629 0.0201696 0.0251899 0.0274175 0.0260646 0.0217354 0.016036 0.0106439 0.00655287 0.00392303 0.0024055
 1.02171e-16 3.5071e-05 0.000340903 0.00226542 0.0102983 0.0320421 0.0682709 0.0996536 0.0997027 0.0685106 0.0328469 0.0126226 0.00809866 0.0130712 0.0242011 0.0399234 0.0574333 0.072059 0.0790455 0.0761701 0.0650506 0.0500345 0.035614 0.0243806 0.0166928 0.0116361
 1.06176e-16 4.69674e-05 0.00045654 0.00303387 0.0137916 0.0429108 0.0914268 0.133445 0.13347 0.0915461 0.043312 0.0149529 0.00595867 0.00687333 0.0123269 0.0205468 0.0301557 0.039086 0.0452115 0.0474717 0.0463671 0.0433644 0.0397586 0.0359747 0.0317445 0.0267678
 1.00244e-16 8.07366e-05 0.000784789 0.0052152 0.0237075 0.0737629 0.15716 0.22938 0.229381 0.157167 0.073787 0.023777 0.00538974 0.00116614 0.000805961 0.00120717 0.00173711 0.002197 0.00244466 0.00241655 0.00215995 0.00179795 0.00145234 0.00118532 0.000993994 0.000843512
 1.00057e-16 7.54571e-05 0.00073347 0.00487417 0.0221573 0.0689395 0.146883 0.214382 0.21439 0.146922 0.0690705 0.0225354 0.00582252 0.00280079 0.00399301 0.00645905 0.00924368 0.0115114 0.0124675 0.0117482 0.00963931 0.00689842 0.0043221 0.00239036 0.00118851 0.000552075
 1.00952e-16 3.43344e-05 0.000333743 0.00221784 0.010082 0.0313692 0.0668373 0.0975622 0.0976157 0.0670985 0.0322459 0.0126131 0.00856704 0.0141799 0.0262887 0.0432956 0.0621046 0.0775447 0.084364 0.0801299 0.0667006 0.0490255 0.0322822 0.0195502 0.011345 0.0066123
 1.01757e-16 7.15774e-05 0.000695758 0.00462356 0.021018 0.0653949 0.139331 0.203359 0.203367 0.139367 0.0655148 0.0213652 0.00549834 0.00261596 0.00374915 0.0061646 0.00905795 0.0117718 0.0136711 0.0144346 0.0141965 0.0133698 0.012314 0.0111393 0.00976949 0.00813988
 1.00359e-16 7.38976e-05 0.000718311 0.00477343 0.0216993 0.0675147 0.143848 0.209952 0.209961 0.143893 0.0676669 0.0221386 0.00587523 0.00312117 0.00463033 0.00751952 0.0107819 0.0134678 0.0146651 0.0139556 0.0116659 0.00865681 0.00582412 0.00369332 0.00233974 0.00156502
 1.00384e-16 6.69e-05 0.000650292 0.00432142 0.0196445 0.0611216 0.130227 0.190073 0.19009 0.13031 0.0614014 0.0204525 0.00634834 0.0050709 0.00845006 0.0138312 0.0198407 0.0247865 0.0269916 0.0256801 0.0214427 0.0158526 0.0105528 0.0065167 0.00390287 0.00237454
 1.01189e-16 5.57974e-05 0.00054237 0.00360424 0.0163844 0.050978 0.108615 0.158533 0.15856 0.10875 0.0514318 0.0176948 0.00689298 0.00771934 0.013679 0.0225065 0.0323688 0.040601 0.0445176 0.0428654 0.0365595 0.0280573 0.0198997 0.0135548 0.00922766 0.00640028
 1.01928e-16 5.98135e-05 0.000581409 0.00386367 0.0175637 0.0546472 0.116432 0.169941 0.169962 0.116536 0.0549939 0.0185654 0.00637957 0.00607816 0.0105122 0.0173176 0.0250174 0.0316153 0.0351057 0.0345413 0.0305657 0.0249264 0.0193876 0.0149064 0.011551 0.00894922
 1.04504e-16 2.45142e-05 0.000238287 0.0015835 0.00719842 0.0223973 0.0477218 0.0696633 0.0697203 0.048 0.0233314 0.00989669 0.00835735 0.0150282 0.0281206 0.0464684 0.0669769 0.0843017 0.092988 0.0904867 0.0786379 0.0623635 0.0466833 0.0343947 0.025757 0.0196603
 1.07466e-16 5.22223e-05 0.000507619 0.00337331 0.0153346 0.0477117 0.101655 0.148372 0.148389 0.101735 0.0479783 0.0161077 0.00532587 0.00480926 0.00833648 0.0139979 0.0208541 0.0276695 0.0331689 0.0366846 0.0384013 0.0389327 0.0386385 0.0373229 0.0345341 0.0301079
 1.02324e-16 6.69579e-05 0.000650855 0.00432516 0.0196616 0.0611745 0.130339 0.190237 0.190251 0.13041 0.0614119 0.0203472 0.00604649 0.00440931 0.0072074 0.0118162 0.0170329 0.0214601 0.0237251 0.0232049 0.0203957 0.0165677 0.0129911 0.0103332 0.00858008 0.00735404
 1.03554e-16 1.73697e-05 0.000168839 0.001122 0.00510049 0.0158699 0.033815 0.0493682 0.0494363 0.0341476 0.0169865 0.00832508 0.00921368 0.0178247 0.0335244 0.0553294 0.079546 0.099696 0.109172 0.104903 0.0891864 0.0681387 0.0480856 0.0326819 0.0224139 0.0159272
 1.06276e-16 5.95952e-05 0.000579287 0.00384957 0.0174996 0.0544477 0.116007 0.169317 0.169327 0.116052 0.0545995 0.0179412 0.00496992 0.00306425 0.00489365 0.00829418 0.0126351 0.0173277 0.0217595 0.0255623 0.0286743 0.0310839 0.032525 0.0324714 0.0304798 0.0265795
 1.04009e-16 4.83113e-05 0.000469603 0.00312068 0.0141862 0.0441387 0.0940434 0.137266 0.137301 0.0942116 0.0447034 0.0158169 0.00721261 0.00939746 0.01699 0.0279763 0.0402174 0.050418 0.0552638 0.0532546 0.0456197 0.0355114 0.0261379 0.0192725 0.0149987 0.0124238
 1.04615e-16 4.51697e-05 0.000439066 0.00291775 0.0132637 0.0412684 0.0879279 0.12834 0.128372 0.0880841 0.0417931 0.0147805 0.00672981 0.00877611 0.0159233 0.0263682 0.0382462 0.0486441 0.0545921 0.0546712 0.0497836 0.0424055 0.0349781 0.0287369 0.0236708 0.0192425
 1.03444e-16 5.96895e-05 0.000580203 0.00385565 0.0175272 0.0545339 0.116191 0.169588 0.169607 0.116283 0.0548449 0.0184264 0.0061155 0.00552306 0.00947516 0.0156432 0.0226997 0.028902 0.0325031 0.0326797 0.0299815 0.0258784 0.0217969 0.0184224 0.0156835 0.0131987
 1.06067e-16 1.433e-05 0.000139292 0.000925651 0.00420792 0.0130927 0.027898 0.0407319 0.0407989 0.0282253 0.0141919 0.00738269 0.00889522 0.0175384 0.0330627 0.0546471 0.0787432 0.0990666 0.109201 0.106162 0.092153 0.0730156 0.0547014 0.0405164 0.0307307 0.0239583
 1.1003e-16 5.10635e-05 0.000496355 0.00329846 0.0149943 0.0466529 0.0993994 0.145079 0.14509 0.0994539 0.0468369 0.0155302 0.00466075 0.0035268 0.00597199 0.0102235 0.0157263 0.0218663 0.0279812 0.0336572 0.0387621 0.0431146 0.0461415 0.0469452 0.0448089 0.0397318
 1.01735e-16 7.26366e-05 0.000706053 0.00469197 0.021329 0.0663626 0.141393 0.206369 0.206378 0.141438 0.0665132 0.021764 0.00578369 0.00308904 0.0045978 0.00748526 0.0107755 0.0135542 0.0149483 0.0145698 0.0127497 0.0103165 0.00809621 0.00651821 0.00555791 0.00494103
pSPR Fmed_Fpbrs
0.544853   0.6 0.325
Fs Fmed_Fpbrs
0.34   0.281148 0.687348
SSBpbr Bo_Bmed_Bpbrs
324188  160426  178304 89151.8
Ro
84546.8
SPR SPRFo_SPRFmed_SPRFpbrs
609104 331872 197959
Fref
0.281148
Nvult_r0
 73596.2 2787.36 133.282 141.03 12.4851
CTP_r0
 13383.1 611.686 29.2487 30.9491 2.73985
YTP_r0
113352
Np
 70059 20636.8 4289.22 124.661 7.61626
Nvult_p0
 49422.2 14905.6 3098.02 90.04 5.50108
CTP_p0
 8987.17 2448.02 71.1486 3.40207 4.01858
 8987.17 3271.03 679.861 19.7593 1.20721
YTP_p0
 112442 141868
CBA_c0
113079
log_Ro
11.1651
likeval ReclasPelacesDesembMPH_pf_preclas_ppelaces_ptallas_desvR_qrecl_qpela
 48.4145 28.7411 0.0935982 70.3552 297.973 165.033 141.067 0 26.5491 0.000376912 0.00075861 0.0118326 8.03081e-16 0 0
q_reclas_q_pelaces
15.5738 49.1634
M
1
N
 135030 22581.6 22039.5 2058.17 0.135327
 98030.1 31466.6 4662.74 4550.8 425.008
 88088.7 15277.7 3905.92 578.782 617.643
 130252 13780.5 1905.52 487.168 149.225
 88835.3 20910.7 1775.98 245.577 82.0163
 193377 25265.4 5555.18 471.812 87.0293
 65944.9 50205.8 5981.02 1315.06 132.293
 21955.3 9575.02 5698.28 678.837 164.273
 21561 6655.23 2757.32 1640.93 242.79
 30059.8 3158.21 763.796 316.447 216.188
 42950.3 1180.73 68.5812 16.586 11.5663
 148948 10902 271.638 15.7777 6.47669
 66605.3 26608.4 1608.32 40.0735 3.2831
 38960.7 11030 3566.55 215.577 5.81144
 58164.6 328.193 34.1604 11.0458 0.68565
 200580 6497.72 26.7361 2.78287 0.955696
 51430.7 24494.7 592.462 2.4378 0.340882
 179181 6267.03 2227.29 53.8722 0.252664
 279403 12284.7 275.311 97.8449 2.37771
 238540 18389.4 512.499 11.4856 4.18114
 214313 30679.4 1790.32 49.8948 1.52525
 315359 33759.1 3860.07 225.257 6.46964
 57929.6 39497.8 3178.22 363.402 21.8157
 90845.6 8431.33 4496.51 361.814 43.8539
 183850 11275.7 784.733 418.505 37.7569
 27934.5 31199.9 1558.87 108.489 63.0782
 109123 4677.06 4240.42 211.868 23.318
 88508.2 17976.7 622.771 564.63 31.3161
 72409.7 14831.8 2445.94 84.735 81.0853
 133328 11088.4 1800.61 296.941 20.1309
 21775.9 32103 2386.27 387.499 68.2355
 34858.3 2291.16 2424.36 180.207 34.4163
 104327 3859.11 184.529 195.257 17.2856
pred_Ctot
 32462.3 6560.04 6402.56 597.908 0.039313
 38235.1 14351.2 2126.57 2075.52 193.837
 34251.9 6948.31 1776.42 263.231 280.905
 49565.9 6145.49 849.779 217.256 66.5478
 13011.1 3771.06 320.283 44.2878 14.7909
 37001.5 5900.33 1297.32 110.184 20.3243
 27157.6 24053.4 2865.48 630.04 63.381
 2481.71 1341.19 798.17 95.086 23.01
 8822.4 3170.04 1313.37 781.615 115.647
 19957.7 2282.88 552.103 228.741 156.269
 8674.16 290.417 16.8685 4.07956 2.84489
 51309.8 4437.41 110.564 6.42198 2.63619
 24668.6 11576.2 699.71 17.4342 1.42833
 30544.8 9092.55 2940.07 177.71 4.79065
 28094.4 181.239 18.8645 6.09984 0.378638
 92345.1 3439.52 14.1525 1.47309 0.50589
 23707.5 12980.3 313.959 1.29185 0.180641
 104623 4074.47 1448.06 35.0247 0.164268
 165084 8066.52 180.778 64.2482 1.56128
 106512 9473.13 264.009 5.91669 2.15387
 82861.6 13881.3 810.053 22.5755 0.690119
 143074 17638.9 2016.86 117.695 3.38035
 23815.2 18893.5 1520.28 173.831 10.4354
 41434.4 4426.12 2360.49 189.938 23.0216
 66587.4 4806.12 334.481 178.382 16.0933
 10244.1 13451 672.068 46.7724 27.1946
 40604.7 2043.48 1852.7 92.5685 10.188
 32431.6 7744.57 268.296 243.249 13.4913
 28641.8 6851.32 1129.86 39.142 37.4561
 30133.5 3037.28 493.215 81.337 5.51417
 10831.5 18190.3 1352.12 219.566 38.6639
 16914.1 1270.34 1344.19 99.9161 19.0822
 42354.1 1825.15 87.272 92.3457 8.17515
F
 0.456568 0.577531 0.577531 0.577531 0.577531
 0.858881 1.08643 1.08643 1.08643 1.08643
 0.855092 1.08164 1.08164 1.08164 1.08164
 0.829209 1.0489 1.0489 1.0489 1.0489
 0.257347 0.325528 0.325528 0.325528 0.325528
 0.348512 0.440847 0.440847 0.440847 0.440847
 0.929662 1.17597 1.17597 1.17597 1.17597
 0.193605 0.244899 0.244899 0.244899 0.244899
 0.920881 1.16486 1.16486 1.16486 1.16486
 2.23706 2.82974 2.82974 2.82974 2.82974
 0.3711 0.469419 0.469419 0.469419 0.469419
 0.722369 0.913753 0.913753 0.913753 0.913753
 0.798166 1.00963 1.00963 1.00963 1.00963
 3.77671 4.7773 4.7773 4.7773 4.7773
 1.19183 1.50759 1.50759 1.50759 1.50759
 1.10276 1.39492 1.39492 1.39492 1.39492
 1.10493 1.39767 1.39767 1.39767 1.39767
 1.68005 2.12516 2.12516 2.12516 2.12516
 1.72088 2.17681 2.17681 2.17681 2.17681
 1.05095 1.32938 1.32938 1.32938 1.32938
 0.848189 1.07291 1.07291 1.07291 1.07291
 1.07747 1.36293 1.36293 1.36293 1.36293
 0.927273 1.17294 1.17294 1.17294 1.17294
 1.08651 1.37437 1.37437 1.37437 1.37437
 0.773707 0.978692 0.978692 0.978692 0.978692
 0.787194 0.995752 0.995752 0.995752 0.995752
 0.803395 1.01625 1.01625 1.01625 1.01625
 0.786322 0.994649 0.994649 0.994649 0.994649
 0.876445 1.10865 1.10865 1.10865 1.10865
 0.423867 0.536165 0.536165 0.536165 0.536165
 1.25174 1.58338 1.58338 1.58338 1.58338
 1.20086 1.51901 1.51901 1.51901 1.51901
 0.91028 1.15145 1.15145 1.15145 1.15145
YTP_r0W_actual
 100908 10673.9 704.016 969.325 96.5797
YTP_p0W_proyectada
 67763.3 42718 1712.55 106.553 141.655
 67763.3 57079.5 16364.2 618.86 42.5542
CTP_r0_actual
 13383.1 611.686 29.2487 30.9491 2.73985
CTP_p0_proyectada
 8987.17 2448.02 71.1486 3.40207 4.01858
 8987.17 3271.03 679.861 19.7593 1.20721
Wmedp
 7.54 17.45 24.07 31.32 35.25
Frms_r0
 0.222262 0.281148 0.281148 0.281148 0.281148
Zrms_r0
 1.22226 1.28115 1.28115 1.28115 1.28115
nmprior
 7.29 8.9 8.7 0
nm_flota  nm_reclas  nm_pelaces    nm_pelaL
inf 7.74419 5.04594 9.64093
cv_recla  cv_pelaces  cv_mph
0.602585 0.587276 0.224173
 ------------------------------------------------
Talla a la edad & desviaci?n 
 8 13.2811 15.8009 17.003 17.5766
 0.8 1.32811 1.58009 1.7003 1.75766
