    unsorted:	 2.201402198e-06 -2.601533246e-06 5.407713219e-05 9.305040994e-05 6.228338696 3.942858419 9.621421952 12.28086410 25.69325312 38.78779650 69.60897410 117.6057237 183.4982778 195.9212460 206.6949809 231.2210766 475.2926450 1082.624834 1006.748101 949.9894682 1136.207171 1188.309612 887.7855556 760.0621292 1338.161248 1363.124918 1378.828421 1490.046095 1520.065742 1681.134939 1835.172156 1998.436742 2051.414729 2083.799965 2274.586338 2266.864587 2289.762651 2392.268451 2762.300114 3030.961037 3151.192718 3538.003294 4102.171170 4082.156466 4384.168428 10884.83502 17060.34889 42879.74188 158332.8966 359761.0421 374669.0219 367762.5218 383409.4874 390306.5478 348819.1764 319547.6164 451650.7551 530137.7659 536583.0979 564061.1336 597543.3260 631014.4799 702011.2360 726685.5207 934108.4203 1083387.140 1189421.371 1275222.910 1330396.231 1557890.925 1683063.142 1991936.598 2191865.386 2284226.038 2545667.231 2702528.281 2890189.301 3160239.925 5681399.125 48174527.39
      sorted:	 -2.601533246e-06 2.201402198e-06 5.407713219e-05 9.305040994e-05 3.942858419 6.228338696 9.621421952 12.28086410 25.69325312 38.78779650 69.60897410 117.6057237 183.4982778 195.9212460 206.6949809 231.2210766 475.2926450 760.0621292 887.7855556 949.9894682 1006.748101 1082.624834 1136.207171 1188.309612 1338.161248 1363.124918 1378.828421 1490.046095 1520.065742 1681.134939 1835.172156 1998.436742 2051.414729 2083.799965 2266.864587 2274.586338 2289.762651 2392.268451 2762.300114 3030.961037 3151.192718 3538.003294 4082.156466 4102.171170 4384.168428 10884.83502 17060.34889 42879.74188 158332.8966 319547.6164 348819.1764 359761.0421 367762.5218 374669.0219 383409.4874 390306.5478 451650.7551 530137.7659 536583.0979 564061.1336 597543.3260 631014.4799 702011.2360 726685.5207 934108.4203 1083387.140 1189421.371 1275222.910 1330396.231 1557890.925 1683063.142 1991936.598 2191865.386 2284226.038 2545667.231 2702528.281 2890189.301 3160239.925 5681399.125 48174527.39
