years
 1991 1992 1993 1994 1995 1996 1997 1998 1999 2000 2001 2002 2003 2004 2005 2006 2007 2008 2009 2010 2011 2012 2013 2014 2015 2016 2017 2018 2019 2020 2021
reclasobs
 0 0 0 0 0 0 0 0 0 252601 567819 844713 477998 351125 339783 2.1784e+06 2.13404e+06 4.81314e+06 1.55562e+06 2.62356e+06 3.21686e+06 3.843e+06 1.13348e+06 3.07943e+06 1.97215e+06 2.03268e+06 2.025e+06 2.42433e+06 2.27542e+06 1.05018e+06 2.36338e+06
reclaspred
 4.20827e+06 2.34044e+06 1.13759e+06 1.0239e+06 1.15509e+06 1.90571e+06 1.24178e+06 954946 602699 348482 489908 852430 750408 168957 427776 1.43071e+06 1.84701e+06 1.97731e+06 2.39823e+06 2.38726e+06 4.33447e+06 2.83739e+06 1.87054e+06 2.07983e+06 1.7269e+06 1.65037e+06 2.55496e+06 2.63284e+06 2.47827e+06 1.68582e+06 3.34409e+06
pelacesobs
 0 0 0 0 0 0 0 0 0 0 0 0 0 0 0 552880 188675 0 991730 2.46772e+06 1.41603e+06 1.21717e+06 2.29649e+06 1.80582e+06 0 1.4828e+06 1.56532e+06 1.57751e+06 1.42118e+06 867257 1.10002e+06
pelacespred
 680352 393373 187249 137680 177617 296160 167015 169624 98574.1 48258.3 83430 115905 107546 14687.5 67308.9 201386 258426 289499 383510 359074 629775 458588 293542 355674 280733 263769 502877 490737 394925 298941 530464
mphobs
 0 0 0 0 0 0 0 0 0 0 0 0 498337 0 5186 125008 0 168611 109162 213762 579715 649985 157893 87575 83554 210694 70296 0 107559 103333 445601
mphpred
 1.43669e+06 969452 453333 253201 293452 375954 535326 255806 228025 120848 66925.3 200469 238570 111336 14076.9 136558 575299 442769 457816 646728 820720 947036 563481 373040 548269 417636 397747 779923 827130 554672 390490
desembarqueobs
 494567 514787 250237 358949 120608 361735 552515 73892 212993 205616 52469 317467 293654 387597 252695 516296 358380 742168 942051 627588 828172 859565 418607 520667 417249 300574 415391 372974 316634 284311 391294
desembarquepred
 494566 514119 250550 358973 120612 361733 552521 73898 213069 205682 52471.6 317504 293761 387897 252639 516187 358524 742120 941380 627269 828256 859734 418681 520804 417264 300543 415361 373008 316618 284225 391263
Reclutas
 158748 90700.7 86570.2 131412 103996 196229 74454.4 29318.7 27993.7 40499.8 79730.4 125317 77847.9 37145.7 79352.1 357269 59659.8 266866 460652 290342 349427 295207 64004.8 174126 165949 79508.6 267732 171780 67954.1 91491.1 373786
log_desv_Rt
 0.286181 -0.273574 -0.320184 0.0971958 -0.136788 0.498144 -0.470952 -1.40291 -1.44916 -1.07984 -0.402488 0.0497104 -0.426383 -1.16629 -0.407244 1.09735 -0.692481 0.805609 1.3515 0.889921 1.07516 0.906536 -0.622182 0.378642 0.330542 -0.405273 0.808846 0.365073 -0.562307 -0.264898 1.14255
SSB
 1.43669e+06 969452 453333 253201 293452 375954 535326 255806 228025 120848 66925.3 200469 225950 106872 13529.1 132129 575299 442769 474079 667057 868234 1.06345e+06 665545 420603 573887 467283 413798 779923 860237 539625 430726
BT
 2.14368e+06 1.49832e+06 715537 740578 617459 1.3332e+06 926641 581488 503173 352816 360247 653649 605532 439695 550244 1.24381e+06 970061 1.67939e+06 2.33121e+06 1.63839e+06 2.79963e+06 2.12413e+06 1.17431e+06 1.78841e+06 1.19681e+06 1.06204e+06 2.35835e+06 1.87122e+06 1.26439e+06 1.15733e+06 2.31824e+06
Ftot
 0.278079 0.514541 0.507863 0.716022 0.233364 0.392691 0.964686 0.177201 0.748153 1.15373 0.207608 0.748093 0.811646 3.09173 0.984543 0.648323 0.449441 0.743601 0.745282 0.547493 0.406961 0.656198 0.513381 0.500054 0.522188 0.404062 0.318752 0.30347 0.308185 0.375107 0.22587
BD_Bspro_t
 0.956483 0.714408 0.475476 0.372996 0.380707 0.490505 0.504749 0.295136 0.343104 0.25544 0.203139 0.516984 0.40343 0.201665 0.0350466 0.256129 0.469737 0.382691 0.3608 0.39635 0.402081 0.442816 0.367842 0.312192 0.414634 0.416168 0.440072 0.612679 0.619721 0.517773 0.505434
BD_Bspro
 1.68804 1.13906 0.532644 0.297499 0.344791 0.441727 0.628982 0.300559 0.267918 0.14199 0.0786339 0.235541 0.26548 0.125569 0.015896 0.155245 0.675947 0.520231 0.557019 0.783759 1.02013 1.2495 0.781982 0.494187 0.674289 0.549034 0.486192 0.91637 1.01074 0.634032 0.506082
BD_Bo
 1.5066 1.01663 0.475394 0.265523 0.307732 0.394249 0.561377 0.268254 0.239122 0.126729 0.0701821 0.210224 0.236946 0.112073 0.0141875 0.138559 0.603294 0.464315 0.497149 0.699518 0.910484 1.1152 0.697932 0.44107 0.601814 0.490022 0.433935 0.817876 0.902098 0.565885 0.451687
BD_Brms
 8.56041 5.7764 2.70115 1.50868 1.74851 2.24009 3.1897 1.5242 1.35867 0.720062 0.398769 1.19448 1.34631 0.636788 0.0806122 0.787281 3.42787 2.6382 2.82476 3.9746 5.1733 6.33646 3.96559 2.50613 3.41946 2.78427 2.46558 4.6471 5.12565 3.21531 2.56645
Sel_flota
 0.732049 1 1 1 1
 0.732049 1 1 1 1
 0.732049 1 1 1 1
 0.732049 1 1 1 1
 0.732049 1 1 1 1
 0.732049 1 1 1 1
 0.732049 1 1 1 1
 0.732049 1 1 1 1
 0.732049 1 1 1 1
 0.732049 1 1 1 1
 0.732049 1 1 1 1
 0.732049 1 1 1 1
 0.732049 1 1 1 1
 0.732049 1 1 1 1
 0.732049 1 1 1 1
 0.732049 1 1 1 1
 0.732049 1 1 1 1
 0.732049 1 1 1 1
 0.732049 1 1 1 1
 0.732049 1 1 1 1
 0.732049 1 1 1 1
 0.732049 1 1 1 1
 0.732049 1 1 1 1
 0.732049 1 1 1 1
 0.732049 1 1 1 1
 0.732049 1 1 1 1
 0.732049 1 1 1 1
 0.732049 1 1 1 1
 0.732049 1 1 1 1
 0.732049 1 1 1 1
 0.732049 1 1 1 1
Sel_reclas
 0.5 1 1 1 1
 0.5 1 1 1 1
 0.5 1 1 1 1
 0.5 1 1 1 1
 0.5 1 1 1 1
 0.5 1 1 1 1
 0.5 1 1 1 1
 0.5 1 1 1 1
 0.5 1 1 1 1
 0.5 1 1 1 1
 0.5 1 1 1 1
 0.5 1 1 1 1
 0.5 1 1 1 1
 0.5 1 1 1 1
 0.5 1 1 1 1
 0.5 1 1 1 1
 0.5 1 1 1 1
 0.5 1 1 1 1
 0.5 1 1 1 1
 0.5 1 1 1 1
 0.5 1 1 1 1
 0.5 1 1 1 1
 0.5 1 1 1 1
 0.5 1 1 1 1
 0.5 1 1 1 1
 0.5 1 1 1 1
 0.5 1 1 1 1
 0.5 1 1 1 1
 0.5 1 1 1 1
 0.5 1 1 1 1
 0.5 1 1 1 1
Sel_pelaces
 0.5 1 1 1 1
 0.5 1 1 1 1
 0.5 1 1 1 1
 0.5 1 1 1 1
 0.5 1 1 1 1
 0.5 1 1 1 1
 0.5 1 1 1 1
 0.5 1 1 1 1
 0.5 1 1 1 1
 0.5 1 1 1 1
 0.5 1 1 1 1
 0.5 1 1 1 1
 0.5 1 1 1 1
 0.5 1 1 1 1
 0.5 1 1 1 1
 0.5 1 1 1 1
 0.5 1 1 1 1
 0.5 1 1 1 1
 0.5 1 1 1 1
 0.5 1 1 1 1
 0.5 1 1 1 1
 0.5 1 1 1 1
 0.5 1 1 1 1
 0.5 1 1 1 1
 0.5 1 1 1 1
 0.5 1 1 1 1
 0.5 1 1 1 1
 0.5 1 1 1 1
 0.5 1 1 1 1
 0.5 1 1 1 1
 0.5 1 1 1 1
pf_obs 
 0.8446 0.082 0.0669 0.0065 0
 0.8095 0.147 0.0364 0.0071 0
 0.9664 0.0169 0.016 0.0007 0
 0.9276 0.0648 0.0075 0.0001 0
 0.7033 0.2144 0.0806 0.0017 0
 0.9318 0.0425 0.0243 0.0014 0
 0.5671 0.3108 0.0964 0.0239 0.0018
 0.0768 0.2599 0.5324 0.112 0.0189
 0.490249 0.384438 0.106611 0.0170017 0.00170017
 0.7925 0.1577 0.0466 0.003 0.0002
 0.840416 0.127587 0.0312969 0.00059994 9.999e-05
 0.8084 0.0986 0.0794 0.0134 0.0002
 0.7335 0.1905 0.0724 0.0035 0.0001
 0.4001 0.4547 0.1325 0.0127 0
 0.49795 0.308269 0.164784 0.0264974 0.00249975
 0.9179 0.0499 0.0305 0.0017 0
 0.2467 0.6533 0.0926 0.0074 0
 0.9418 0.0223 0.034 0.0019 0
 0.707729 0.231977 0.0356964 0.0245975 0
 0.517169 0.277429 0.184464 0.0207286 0.00020938
 0.811772 0.124168 0.05621 0.00726502 0.000585176
 0.764997 0.148141 0.077277 0.00933861 0.000247198
 0.163321 0.427699 0.378323 0.0303852 0.000271297
 0.753843 0.0900009 0.118128 0.0371064 0.000921714
 0.721811 0.176058 0.0630433 0.0369309 0.00215725
 0.143369 0.312575 0.442814 0.0836902 0.0175525
 0.692698 0.0596174 0.167031 0.0765114 0.00414204
 0.394062 0.376323 0.152708 0.0712218 0.00568511
 0.125707 0.32114 0.495352 0.0537591 0.00404204
 0.23352 0.215282 0.420074 0.123614 0.00750983
 0.796117 0.104755 0.0508955 0.0450114 0.00322123
pf_pred 
 0.54986 0.146014 0.282818 0.0213073 8.84682e-07
 0.482948 0.328694 0.0610985 0.118343 0.00891626
 0.629051 0.215683 0.0987039 0.0183474 0.038215
 0.771013 0.163916 0.0378343 0.0173143 0.00992195
 0.695765 0.255084 0.0351834 0.00812084 0.00584605
 0.780106 0.168069 0.0434524 0.00599332 0.00237919
 0.480336 0.435393 0.0644095 0.0166524 0.00320862
 0.492141 0.304041 0.170767 0.0252622 0.00778973
 0.573164 0.246097 0.108203 0.0607731 0.0117627
 0.789022 0.14252 0.03947 0.017354 0.0116335
 0.889364 0.0953931 0.0102971 0.00285171 0.00209435
 0.782741 0.199669 0.0151665 0.00163713 0.000786372
 0.662449 0.286296 0.0471057 0.00357808 0.000571752
 0.614224 0.291181 0.0802315 0.0132009 0.00116295
 0.972976 0.0216843 0.00403054 0.00111057 0.000198825
 0.950806 0.0483644 0.000665387 0.000123678 4.0179e-05
 0.351182 0.627497 0.0209616 0.000288385 7.10171e-05
 0.85507 0.064232 0.0780463 0.00260714 4.47014e-05
 0.851718 0.133658 0.00648138 0.00787532 0.000267586
 0.672952 0.294015 0.0297755 0.00144388 0.00181402
 0.737956 0.197784 0.0577701 0.00585049 0.000640135
 0.660495 0.273082 0.0501341 0.0146435 0.00164524
 0.354806 0.482537 0.130834 0.0240193 0.00780399
 0.78875 0.0950304 0.0869198 0.0235673 0.00573236
 0.709648 0.245948 0.0199751 0.0182702 0.00615869
 0.533477 0.365974 0.0851723 0.00691742 0.0084598
 0.853496 0.0916042 0.043067 0.0100229 0.00180956
 0.598024 0.359118 0.026798 0.0125989 0.00346148
 0.408878 0.402524 0.168489 0.012573 0.00753512
 0.635056 0.181841 0.124684 0.0521904 0.00622858
 0.88706 0.0809159 0.0159568 0.0109412 0.00512633
pobs_RECLAS
 0 0 0 0 0
 0 0 0 0 0
 0 0 0 0 0
 0 0 0 0 0
 0 0 0 0 0
 0 0 0 0 0
 0 0 0 0 0
 0 0 0 0 0
 0 0 0 0 0
 0 0 0 0 0
 0.991045 0.00858322 0.000360255 1.14367e-05 0
 0.934742 0.0480273 0.0164251 0.00080598 0
 0.827803 0.169806 0.00239088 0 0
 0.941827 0.0461693 0.0120037 0 0
 0.791401 0.0380133 0.147996 0.0225897 0
 0.846168 0.0940531 0.0597789 0 0
 0.134021 0.677848 0.182769 0.00536245 0
 0.80878 0.0450904 0.141981 0.00414843 0
 0.846168 0.0940531 0.0597789 0 0
 0.905697 0.0802665 0.012482 0.00150086 5.37128e-05
 0.989698 0.0102097 9.19794e-05 0 0
 0.975433 0.0193895 0.00387452 0.00125025 5.28907e-05
 0.303575 0.632131 0.0575291 0.00676475 0
 0.966965 0.00978017 0.0227588 0.000495775 0
 0.843318 0.132988 0.00938335 0.0141283 0.000182051
 0.564624 0.303363 0.111486 0.0197234 0.00080311
 0.826376 0.0876187 0.0782897 0.00655872 0.00115652
 0.89761 0.0855135 0.0140674 0.00269457 0.000114338
 0.34875 0.467042 0.161289 0.0227151 0.000203297
 0.318654 0.224769 0.449479 0.00709798 0
 0.937255 0.0296025 0.0250945 0.00804832 0
ppred_RECLAS
 0.456703 0.176231 0.341347 0.0257168 1.06777e-06
 0.393311 0.385677 0.0716907 0.13886 0.010462
 0.540585 0.26712 0.122243 0.0227229 0.0473287
 0.702166 0.213199 0.0492095 0.02252 0.0129051
 0.611136 0.326041 0.0449704 0.0103798 0.00747224
 0.710221 0.221483 0.057262 0.00789807 0.00313532
 0.395928 0.506114 0.0748715 0.0193572 0.00372979
 0.399341 0.359597 0.201971 0.0298784 0.00921314
 0.484977 0.296943 0.130559 0.0733292 0.0141929
 0.728328 0.18352 0.0508248 0.0223464 0.0149803
 0.846624 0.132244 0.0142749 0.00395334 0.00290341
 0.716431 0.26061 0.0197955 0.0021368 0.00102638
 0.579921 0.356292 0.0586226 0.00445288 0.000711539
 0.572978 0.322313 0.0888095 0.0146123 0.00128729
 0.962347 0.0302131 0.00561583 0.00154737 0.000277027
 0.930993 0.067844 0.000933383 0.000173491 5.63618e-05
 0.272579 0.703517 0.023501 0.000323322 7.96207e-05
 0.805312 0.0862845 0.104841 0.00350224 6.00485e-05
 0.801089 0.179293 0.00869434 0.0105642 0.000358949
 0.58849 0.369946 0.0374651 0.00181677 0.0022825
 0.660621 0.256154 0.0748193 0.0075771 0.000829053
 0.575994 0.341051 0.0626122 0.0182882 0.00205473
 0.276236 0.541298 0.146767 0.0269443 0.00875433
 0.721446 0.125307 0.114612 0.0310758 0.00755868
 0.629204 0.314089 0.0255093 0.0233321 0.007865
 0.441443 0.438171 0.101975 0.00828206 0.0101287
 0.800576 0.124694 0.0586238 0.0136434 0.00246321
 0.506084 0.441255 0.0329272 0.0154805 0.00425319
 0.322709 0.461201 0.19305 0.0144058 0.00863353
 0.54575 0.22634 0.155195 0.0649619 0.00775277
 0.843659 0.112011 0.0220887 0.0151457 0.0070963
pobs_PELACES
 0 0 0 0 0
 0 0 0 0 0
 0 0 0 0 0
 0 0 0 0 0
 0 0 0 0 0
 0 0 0 0 0
 0 0 0 0 0
 0 0 0 0 0
 0 0 0 0 0
 0 0 0 0 0
 0 0 0 0 0
 0 0 0 0 0
 0 0 0 0 0
 0 0 0 0 0
 0 0 0 0 0
 0 0 0 0 0
 0.505614 0.472636 0.0217494 0 0
 0 0 0 0 0
 0.443492 0.261883 0.143347 0.151278 0
 0.227955 0.32914 0.350689 0.0885471 0.00366901
 0.970185 0.0296113 0.000203453 0 0
 0.997202 0.00247181 0.000326279 0 0
 0.445219 0.490057 0.0546422 0.010081 0
 0.90214 0.0892962 0.00764917 0.000914606 0
 0 0 0 0 0
 0.581667 0.319106 0.0959925 0.00289975 0.000334073
 0.762889 0.0836404 0.116647 0.0363945 0.000428098
 0.88444 0.0763242 0.0277011 0.0115352 0
 0.521256 0.241999 0.230069 0.00667565 0
 0.616807 0.101726 0.260614 0.0208532 0
 0.833518 0.0704572 0.0857862 0.0102388 0
ppred_PELACES
 0.462811 0.17425 0.33751 0.0254277 1.05576e-06
 0.404219 0.378743 0.0704017 0.136363 0.0102739
 0.551716 0.260648 0.119282 0.0221724 0.046182
 0.715235 0.203844 0.0470501 0.0215318 0.0123388
 0.616029 0.321939 0.0444046 0.0102492 0.00737823
 0.717315 0.216061 0.0558602 0.00770473 0.00305857
 0.416499 0.488878 0.0723218 0.018698 0.00360278
 0.403105 0.357344 0.200705 0.0296911 0.0091554
 0.501511 0.28741 0.126367 0.0709751 0.0137373
 0.748038 0.170206 0.0471374 0.0207252 0.0138935
 0.848993 0.130202 0.0140545 0.00389229 0.00285858
 0.729676 0.248438 0.018871 0.002037 0.000978446
 0.597298 0.341554 0.0561977 0.00426869 0.000682106
 0.638162 0.273113 0.075253 0.0123818 0.00109079
 0.965377 0.0277813 0.00516382 0.00142283 0.000254729
 0.934586 0.0643113 0.000884781 0.000164458 5.3427e-05
 0.28053 0.695827 0.0232441 0.000319788 7.87504e-05
 0.815414 0.0818071 0.0994012 0.0033205 5.69325e-05
 0.811382 0.170015 0.00824443 0.0100175 0.000340374
 0.600162 0.359453 0.0364025 0.00176524 0.00221776
 0.668641 0.2501 0.0730511 0.00739802 0.000809459
 0.590098 0.329706 0.0605294 0.0176799 0.00198638
 0.285403 0.534442 0.144908 0.0266031 0.00864345
 0.730245 0.121349 0.110992 0.0300942 0.00731994
 0.639911 0.30502 0.0247727 0.0226584 0.0076379
 0.45027 0.431247 0.100363 0.00815117 0.00996864
 0.805038 0.121904 0.0573121 0.0133381 0.0024081
 0.51279 0.435264 0.0324802 0.0152703 0.00419544
 0.328694 0.457126 0.191344 0.0142785 0.00855724
 0.55396 0.222249 0.152391 0.0637878 0.00761266
 0.846275 0.110136 0.0217191 0.0148922 0.00697754
pobs_pel_tallas
 0 0 0 0 0 0 0 0 0 0 0 0 0 0 0 0 0 0 0 0 0 0 0 0 0 0
 0 0 0 0 0 0 0 0 0 0 0 0 0 0 0 0 0 0 0 0 0 0 0 0 0 0
 0 0 0 0 0 0 0 0 0 0 0 0 0 0 0 0 0 0 0 0 0 0 0 0 0 0
 0 0 0 0 0 0 0 0 0 0 0 0 0 0 0 0 0 0 0 0 0 0 0 0 0 0
 0 0 0 0 0 0 0 0 0 0 0 0 0 0 0 0 0 0 0 0 0 0 0 0 0 0
 0 0 0 0 0 0 0 0 0 0 0 0 0 0 0 0 0 0 0 0 0 0 0 0 0 0
 0 0 0 0 0 0 0 0 0 0 0 0 0 0 0 0 0 0 0 0 0 0 0 0 0 0
 0 0 0 0 0 0 0 0 0 0 0 0 0 0 0 0 0 0 0 0 0 0 0 0 0 0
 0 0 0 0 0 0 0 0 0 0 0 0 0 0 0 0 0 0 0 0 0 0 0 0 0 0
 0 0 0 0 0 0 0 0 0 0 0 0 0 0 0 0 0 0 0 0 0 0 0 0 0 0
 0 0 0 0 0 0 0 0 0 0 0 0 0 0 0 0 0 0 0 0 0 0 0 0 0 0
 0 0 0 0 0 0 0 0 0 0 0 0 0 0 0 0 0 0 0 0 0 0 0 0 0 0
 0.00862536 0 0 0.000197151 0.00414017 0.0128641 0.00837892 0.0270097 0.101434 0.158115 0.152841 0.127902 0.109271 0.109419 0.0830992 0.0579132 0.0238553 0.00714673 0.00463305 0.00128148 0.00103504 0.000492878 0.000147863 0.000147863 4.92878e-05 0
 0 0 0 0 0 0 0 0 0 0 0 0 0 0 0 0 0 0 0 0 0 0 0 0 0 0
 0 0 0 0 0 0 0 0.0054083 0.00873648 0.0413646 0.0450493 0.0745869 0.0622846 0.0627006 0.0613931 0.0827291 0.12552 0.122667 0.0946155 0.0697135 0.0546179 0.0294188 0.0215738 0.0213955 0.0102223 0.00600262
 0 0 0 0 0.00359764 0.0251062 0.0480494 0.140153 0.205849 0.193036 0.1447 0.116669 0.0760912 0.0342217 0.00950174 0.001854 0.000860785 0 0 0 0.000165536 0 0.000143464 0 0 0
 0 0 0 0 0 0 0 0.000145254 0.000435761 0.0275982 0.070085 0.0708112 0.156366 0.174668 0.174014 0.160142 0.0824315 0.0480064 0.0283245 0.00493863 0.00203355 0 0 0 0 0
 0 0 0 0 0 0 0 0 0 0 0 0 0 0 0 0 0 0 0 0 0 0 0 0 0 0
 0 0 1.00437e-05 0.000401748 0.00122533 0.00171747 0.00176769 0.0269171 0.070346 0.194647 0.189555 0.159765 0.064822 0.0314167 0.0384472 0.0292271 0.0345202 0.0313363 0.0194345 0.0106764 0.0143323 0.0359363 0.0279516 0.0138201 0.00172751 0
 0 0.0021121 0.0136068 0.0755702 0.200478 0.177729 0.0527432 0.0373336 0.0318909 0.0142505 0.0149659 0.0166563 0.0217959 0.0798694 0.0677717 0.0528807 0.04013 0.0224614 0.0357745 0.0225083 0.00881397 0.00855152 0.00135912 0.000746735 0 0
 0 0 0 0 5.4009e-05 0.00500934 0.000945158 0.0243581 0.138947 0.33067 0.221406 0.137944 0.0707744 0.0437923 0.0131692 0.00525238 0.0047753 0.00276346 9.45158e-05 9.00151e-06 2.25038e-05 9.00151e-06 4.50075e-06 0 0 0
 0.000866109 0.00284123 0.00948549 0.0512746 0.133035 0.25785 0.225252 0.132002 0.0553304 0.0519788 0.0540692 0.017754 0.00435017 0.00159236 0.00146478 0.000404838 0.000125132 0.000115318 0.000107957 0.000100596 0 0 0 0 0 0
 0 0 0 0 0.00144013 0.00171154 0.00461396 0.0210425 0.0478622 0.0707936 0.0888783 0.103762 0.0637923 0.0337046 0.0602308 0.124433 0.169614 0.0934646 0.0462172 0.0250306 0.0313229 0.00938855 0.002487 0.000210481 0 0
 0 0.00764035 0.051015 0.0998891 0.058973 0.0496711 0.0374665 0.0718981 0.12319 0.153886 0.159021 0.0857701 0.0377988 0.023471 0.0147837 0.00900784 0.00315554 0.000888139 0.00291439 0.00214683 0.00393193 0.00274676 0.000635225 9.99891e-05 0 0
 0 0 0 0 0 0 0 0 0 0 0 0 0 0 0 0 0 0 0 0 0 0 0 0 0 0
 0 0 0 0 0 0 0 0 0 0 0 0 0 0 0 0 0 0 0 0 0 0 0 0 0 0
 0 0 0 0 0 0 0 0 0 0 0 0 0 0 0 0 0 0 0 0 0 0 0 0 0 0
 0 0 0 0 0 0 0 0 0 0 0 0 0 0 0 0 0 0 0 0 0 0 0 0 0 0
 0 0 0 0 0 0 0 0 0 0 0 0 0 0 0 0 0 0 0 0 0 0 0 0 0 0
 0 0 0 0 0 0 0 0 0 0 0 0 0 0 0 0 0 0 0 0 0 0 0 0 0 0
 0 0 0 0 0 0 0 0 0 0 0 0 0 0 0 0 0 0 0 0 0 0 0 0 0 0
ppred_pel_tallas
 1.12335e-16 3.81211e-05 0.000370551 0.00246244 0.0111939 0.0348285 0.0742065 0.10831 0.108327 0.0742912 0.0351143 0.0120255 0.00457338 0.00505636 0.00916429 0.0156807 0.0239572 0.0329775 0.0416227 0.0492077 0.0555837 0.0606501 0.0637954 0.0639228 0.0601369 0.0525025
 1.17543e-16 3.3295e-05 0.00032364 0.0021507 0.00977679 0.0304194 0.0648132 0.0946044 0.094641 0.0649919 0.0310199 0.0115121 0.0065108 0.00985623 0.0181822 0.030131 0.0437152 0.0556857 0.0628084 0.0637403 0.0598754 0.0543563 0.0500227 0.047889 0.047077 0.0458635
 1.13548e-16 4.54441e-05 0.000441733 0.00293547 0.0133443 0.0415191 0.0884617 0.129118 0.129143 0.0885852 0.0419342 0.0145451 0.00595676 0.00706059 0.0126851 0.0210823 0.0308002 0.0396594 0.0454689 0.047247 0.0457664 0.0429006 0.0403176 0.0385765 0.0371738 0.0352321
 1.05658e-16 5.8913e-05 0.000572656 0.0038055 0.0172993 0.0538245 0.11468 0.167382 0.167402 0.114776 0.0541476 0.0182329 0.00615097 0.00569899 0.00981319 0.0161794 0.0234202 0.0297097 0.0332329 0.0331733 0.0301917 0.0259422 0.0220251 0.0191977 0.0173102 0.0157738
 1.03641e-16 5.07416e-05 0.000493226 0.00327766 0.0148998 0.046359 0.0987738 0.14417 0.144201 0.0989254 0.046868 0.0163702 0.00696843 0.00855011 0.015352 0.0252992 0.0364389 0.0458227 0.0504784 0.0490367 0.0425423 0.0337342 0.0253983 0.0190738 0.0148601 0.0120567
 1.02958e-16 5.90843e-05 0.000574321 0.00381657 0.0173496 0.053981 0.115013 0.167869 0.16789 0.115115 0.0543235 0.0183393 0.00630279 0.00600801 0.0103969 0.0171421 0.0247982 0.0314125 0.0350255 0.0347174 0.0311248 0.0259513 0.0208926 0.0168308 0.0137697 0.0112963
 1.04697e-16 3.43066e-05 0.000333472 0.00221604 0.0100738 0.0313437 0.0667829 0.0974814 0.0975285 0.0670131 0.0321169 0.0123072 0.00782226 0.0125728 0.0232816 0.0384419 0.0553896 0.0696867 0.0768224 0.0747074 0.0649027 0.0515293 0.0387778 0.0289629 0.0222483 0.017623
 1.10411e-16 3.32033e-05 0.000322748 0.00214477 0.00974986 0.0303356 0.0646345 0.0943432 0.0943779 0.0648041 0.0309057 0.0113995 0.00629713 0.00942562 0.0174334 0.029061 0.0425428 0.0549233 0.0631626 0.0657931 0.0636508 0.0590173 0.0539386 0.0491342 0.0441715 0.0383976
 1.13163e-16 4.13088e-05 0.000401537 0.00266835 0.01213 0.037741 0.0804121 0.11737 0.117398 0.0805483 0.0381987 0.0134542 0.00600031 0.00770161 0.0139839 0.0232613 0.034001 0.0438199 0.0503192 0.0524298 0.0509998 0.0480555 0.0453532 0.0433974 0.0415361 0.0387783
 1.05834e-16 6.16149e-05 0.000598919 0.00398003 0.0180926 0.056293 0.119939 0.175058 0.175074 0.120019 0.0565631 0.0188733 0.0059417 0.00488872 0.008231 0.0135695 0.0196842 0.025062 0.0282093 0.0284591 0.0263579 0.0232543 0.0204254 0.0184316 0.017083 0.0158501
 1.01314e-16 6.99304e-05 0.000679749 0.00451717 0.0205344 0.0638902 0.136125 0.198682 0.198694 0.136187 0.064096 0.0211286 0.00600841 0.00393412 0.00624761 0.0102102 0.0146838 0.0184289 0.0202341 0.0195444 0.0167906 0.0130999 0.00962545 0.00701436 0.00531979 0.0042545
 1.00979e-16 6.01025e-05 0.000584217 0.00388233 0.0176485 0.0549112 0.116995 0.170763 0.170787 0.117112 0.0553035 0.0187812 0.00672418 0.00678347 0.0118202 0.0194107 0.0278724 0.0348729 0.0380756 0.0363998 0.0306662 0.023057 0.015839 0.0103366 0.00674203 0.00457231
 1.02253e-16 4.91987e-05 0.000478229 0.003178 0.0144467 0.0449494 0.0957706 0.139787 0.13982 0.0959315 0.0454897 0.0160074 0.00709587 0.00903219 0.016298 0.026874 0.0387246 0.0487257 0.0537132 0.052205 0.0452592 0.0357226 0.026508 0.0192537 0.0141372 0.0105432
 1.03668e-16 5.25646e-05 0.000510947 0.00339542 0.0154351 0.0480245 0.102322 0.149348 0.149374 0.102451 0.0484576 0.0166867 0.00653989 0.00738444 0.0131332 0.0216977 0.0314115 0.0398332 0.044494 0.0442311 0.0398355 0.0334326 0.0271285 0.0220049 0.0180526 0.0147626
 1.00343e-16 7.95169e-05 0.000772932 0.00513641 0.0233494 0.0726485 0.154785 0.225914 0.225917 0.154799 0.0726925 0.0234764 0.0054554 0.00146964 0.00140369 0.00219734 0.00316373 0.00399109 0.00442072 0.00433458 0.00381963 0.00310485 0.00242051 0.00188984 0.00151633 0.0012413
 1.00068e-16 7.69806e-05 0.000748279 0.00497258 0.0226046 0.0703314 0.149849 0.21871 0.218716 0.149879 0.0704328 0.0228974 0.00570676 0.00234881 0.00311025 0.00500311 0.00715997 0.00892 0.00966782 0.00912188 0.00750302 0.00539582 0.00341439 0.00192762 0.000999762 0.000503196
 1.00895e-16 2.3107e-05 0.000224609 0.00149261 0.00678522 0.0211117 0.0449832 0.0656683 0.0657352 0.0453102 0.0222094 0.00995415 0.0094409 0.0175553 0.0328769 0.0541566 0.0776381 0.0968412 0.105173 0.0995864 0.0824351 0.0599745 0.0387624 0.0227198 0.0125202 0.00682205
 1.03233e-16 6.71646e-05 0.000652864 0.00433851 0.0197222 0.0613633 0.130741 0.190822 0.19083 0.13078 0.0614955 0.0201058 0.00530772 0.00279003 0.00418844 0.00698011 0.0104241 0.013886 0.016735 0.0186266 0.019616 0.0199525 0.0197607 0.0189184 0.0172251 0.0146697
 1.01344e-16 6.68325e-05 0.000649636 0.00431706 0.0196247 0.0610599 0.130095 0.189881 0.189898 0.130175 0.0613283 0.0203996 0.00626097 0.00488964 0.00810905 0.0132734 0.0190531 0.0238337 0.0260237 0.0249002 0.0210494 0.015988 0.0112761 0.00780089 0.00564316 0.00440353
 1.01695e-16 4.94346e-05 0.000480522 0.00319324 0.014516 0.0451649 0.0962299 0.140458 0.140492 0.096399 0.0457328 0.0161559 0.00730815 0.00945901 0.0170881 0.028137 0.0404444 0.0506813 0.055482 0.0532826 0.0452495 0.0344957 0.0242434 0.0163603 0.0111038 0.00779312
 1.03051e-16 5.50752e-05 0.00053535 0.00355759 0.0161723 0.0503182 0.107209 0.15648 0.156504 0.107327 0.0507149 0.0173188 0.0064382 0.00683275 0.0120412 0.0198873 0.0287999 0.0365397 0.0408441 0.0406396 0.036634 0.0307522 0.0249055 0.0200826 0.0162952 0.0131152
 1.03941e-16 4.86057e-05 0.000472464 0.00313969 0.0142726 0.0444076 0.0946162 0.138102 0.138134 0.0947716 0.0449294 0.0157803 0.00692524 0.00874019 0.0157619 0.0260105 0.0375344 0.0473474 0.0524321 0.0513897 0.0452525 0.0367404 0.0285888 0.0222637 0.0178091 0.0145304
 1.08449e-16 2.35084e-05 0.00022851 0.00151853 0.00690306 0.0214783 0.0457636 0.0668041 0.0668558 0.0460159 0.0223257 0.00935219 0.00767154 0.0136783 0.0256192 0.0424523 0.0614687 0.0779596 0.087111 0.0866673 0.0782019 0.065898 0.053886 0.0442633 0.0369582 0.0308954
 1.07491e-16 6.01493e-05 0.000584673 0.00388536 0.0176623 0.0549539 0.117086 0.170892 0.170904 0.117144 0.0551491 0.0182279 0.00531279 0.00372602 0.00610048 0.0101853 0.0151246 0.019984 0.0238354 0.0262353 0.0274103 0.0279287 0.0281513 0.0279488 0.0268834 0.0246245
 1.04358e-16 5.27087e-05 0.000512347 0.00340473 0.0154774 0.0481562 0.102603 0.149758 0.149787 0.102746 0.048638 0.0168689 0.00689661 0.00813194 0.0145146 0.0238897 0.0343595 0.0431137 0.0473357 0.0457556 0.0394268 0.0310335 0.0232961 0.0177009 0.0142856 0.0122548
 1.05511e-16 3.70883e-05 0.000360511 0.00239573 0.0108906 0.0338851 0.0721972 0.105383 0.105424 0.0724007 0.0345683 0.0128647 0.00735367 0.0111931 0.0206375 0.03413 0.0493255 0.0623658 0.0693212 0.0683488 0.0607432 0.0499673 0.0394975 0.031187 0.0251029 0.0204196
 1.03431e-16 6.63099e-05 0.000644556 0.0042833 0.0194713 0.0605824 0.129078 0.188395 0.188407 0.129135 0.0607766 0.0200329 0.00569612 0.0037393 0.00597484 0.00985393 0.0143787 0.0184804 0.0211071 0.0217622 0.0207606 0.0189358 0.0170511 0.0154017 0.0138499 0.0121358
 1.0329e-16 4.22379e-05 0.000410568 0.00272837 0.0124028 0.0385899 0.0822215 0.120013 0.120055 0.0824262 0.0392773 0.0143876 0.00770832 0.0112748 0.020655 0.0340267 0.0488891 0.061223 0.0669639 0.0642485 0.0545419 0.0416753 0.0295939 0.0205497 0.0147763 0.0113185
 1.08519e-16 2.70742e-05 0.000263171 0.00174886 0.00795011 0.024736 0.0527042 0.0769326 0.0769769 0.0529206 0.0254629 0.0100523 0.00703502 0.0118338 0.0220923 0.036715 0.0534314 0.0683202 0.0773484 0.0785763 0.0731804 0.0644011 0.0553482 0.0474646 0.0405681 0.0339105
 1.1214e-16 4.5629e-05 0.00044353 0.00294741 0.0133985 0.0416879 0.0888213 0.129642 0.129663 0.0889271 0.0420437 0.0144289 0.0055441 0.00614639 0.0109777 0.0183432 0.0270499 0.0353515 0.0414838 0.0446363 0.0453431 0.0448913 0.0442556 0.0434666 0.0418286 0.038633
 1.0333e-16 6.97066e-05 0.000677573 0.00450271 0.0204687 0.0636857 0.135689 0.198045 0.198056 0.135741 0.0638602 0.0209728 0.00576896 0.00344451 0.00533285 0.00872835 0.0126217 0.015994 0.0178635 0.0177963 0.0161641 0.0138802 0.0118252 0.0104111 0.00954 0.0088605
pSPR Fmed_Fpbrs
0.554389   0.225997 0.225997
Fs Fmed_Fpbrs
0.34   1.005 1.005
SSBpbr Bo_Bmed_Bpbrs
953595  480983  167830 167830
Ro
119240
SPR SPRFo_SPRFmed_SPRFpbrs
851100 471840 192346
Fref
1.005
Nvult_r0
 307897 22131.7 4364.42 2992.57 1402.13
CTP_r0
 130507 11093.5 2187.65 1500.02 702.812
YTP_r0
1.37752e+06
Np
 158816 27995.3 15694.9 1010.83 226.181
Nvult_p0
 130821 24225.5 13581.4 874.714 195.724
CTP_p0
 55450.5 50554.3 3255.95 642.081 569.475
 55450.5 12142.9 6807.65 438.448 98.1059
YTP_p0
 1.41882e+06 811042
CBA_c0
1.38991e+06
log_Ro
11.5089
likeval ReclasPelacesDesembMPH_pf_preclas_ppelaces_ptallas_desvR_qrecl_qpela
 17.5657 128.655 0.0276912 131.974 226.707 132.682 113.159 0 25.1059 4.97096e-05 0 0.0925543 0 0 0
q_reclas_q_pelaces
2.71039 1
M
1
N
 158748 31791.3 61577.5 4639.19 0.19262
 90700.7 47643.8 8856.17 17153.8 1292.4
 86570.2 22894.5 10477.3 1947.55 4056.48
 131412 21959 5068.44 2319.49 1329.19
 103996 28621.9 3947.78 911.203 655.959
 196229 32250 8337.87 1150.03 456.532
 74454.4 54153 8011.08 2071.18 399.08
 29318.7 13517.6 7592.25 1123.15 346.33
 27993.7 9473.58 4165.3 2339.48 452.806
 40499.8 5955.39 1649.3 725.159 486.123
 79730.4 6402.64 691.125 191.402 140.57
 125317 25195.7 1913.82 206.585 99.2303
 77847.9 26661.2 4386.71 333.207 53.2442
 37145.7 15809.2 4356.04 716.722 63.1404
 79352.1 1421.27 264.178 72.791 13.0318
 357269 14198.9 195.345 36.3095 11.7958
 59659.8 81768 2731.47 37.5789 9.25412
 266866 15794.2 19191.1 641.079 10.9918
 460652 56962.7 2762.25 3356.32 114.04
 290342 98205.3 9945.44 482.277 605.91
 349427 71540.8 20896.2 2116.2 231.545
 295207 95428.7 17519.4 5117.19 574.93
 64004.8 67175.4 18213.8 3343.8 1086.42
 174126 16169.7 14789.6 4010.04 975.377
 165949 44421.2 3607.75 3299.83 1112.34
 79508.6 41654.7 9694.21 787.332 962.884
 267732 21760 10230.3 2380.87 429.848
 171780 77994.9 5820.12 2736.28 751.78
 67954.1 50605.4 21182.5 1580.67 947.315
 91491.1 19949.9 13679.1 5725.84 683.341
 373786 25575.8 5043.59 3458.26 1620.32
pred_Ctot
 18791.9 4990.14 9665.53 728.193 0.0302347
 18552.4 12626.7 2347.09 4546.15 342.517
 17510.9 6003.98 2747.63 510.737 1063.79
 35349.6 7515.29 1734.64 793.83 454.905
 10468.3 3837.92 529.359 122.184 87.9579
 31723.1 6834.54 1766.99 243.719 96.75
 25221.8 22861.9 3382.06 874.394 168.481
 2278.71 1407.77 790.685 116.969 36.068
 7798.79 3348.54 1472.27 826.913 160.049
 15612.2 2820.01 780.983 343.379 230.19
 7194.71 771.703 83.3006 23.0695 16.9427
 34910 8905.15 676.421 73.0154 35.0719
 23122.6 9993.06 1644.21 124.892 19.9568
 24777.1 11745.9 3236.44 532.509 46.9119
 27289.6 608.191 113.047 31.1487 5.57655
 88670.6 4510.39 62.0529 11.534 3.74703
 10859.4 19403.8 648.185 8.91759 2.19603
 73986.7 5557.81 6753.12 225.588 3.86788
 127942 20077.6 973.608 1183 40.1957
 62603 27351.5 2769.94 134.32 168.754
 58301.2 15625.6 4564.05 462.21 50.573
 73994.5 30593.1 5616.47 1640.5 184.315
 13066.7 17770.7 4818.32 884.577 287.403
 34757.1 4187.61 3830.21 1038.52 252.602
 34373.7 11913.1 967.546 884.968 298.313
 13182.4 9043.35 2104.64 170.932 209.045
 35897.2 3852.78 1811.35 421.552 76.1081
 22026.2 13226.9 987.015 464.037 127.492
 8836.48 8699.16 3641.31 271.721 162.845
 14200.7 4066.21 2788.09 1167.04 139.279
 36498.3 3329.3 656.546 450.176 210.924
F
 0.203567 0.278079 0.278079 0.278079 0.278079
 0.376669 0.514541 0.514541 0.514541 0.514541
 0.37178 0.507863 0.507863 0.507863 0.507863
 0.524163 0.716022 0.716022 0.716022 0.716022
 0.170834 0.233364 0.233364 0.233364 0.233364
 0.287469 0.392691 0.392691 0.392691 0.392691
 0.706197 0.964686 0.964686 0.964686 0.964686
 0.129719 0.177201 0.177201 0.177201 0.177201
 0.547685 0.748153 0.748153 0.748153 0.748153
 0.844587 1.15373 1.15373 1.15373 1.15373
 0.151979 0.207608 0.207608 0.207608 0.207608
 0.54764 0.748093 0.748093 0.748093 0.748093
 0.594164 0.811646 0.811646 0.811646 0.811646
 2.26329 3.09173 3.09173 3.09173 3.09173
 0.720733 0.984543 0.984543 0.984543 0.984543
 0.474604 0.648323 0.648323 0.648323 0.648323
 0.329013 0.449441 0.449441 0.449441 0.449441
 0.544352 0.743601 0.743601 0.743601 0.743601
 0.545583 0.745282 0.745282 0.745282 0.745282
 0.400792 0.547493 0.547493 0.547493 0.547493
 0.297915 0.406961 0.406961 0.406961 0.406961
 0.480369 0.656198 0.656198 0.656198 0.656198
 0.37582 0.513381 0.513381 0.513381 0.513381
 0.366064 0.500054 0.500054 0.500054 0.500054
 0.382267 0.522188 0.522188 0.522188 0.522188
 0.295793 0.404062 0.404062 0.404062 0.404062
 0.233342 0.318752 0.318752 0.318752 0.318752
 0.222155 0.30347 0.30347 0.30347 0.30347
 0.225607 0.308185 0.308185 0.308185 0.308185
 0.274597 0.375107 0.375107 0.375107 0.375107
 0.165348 0.22587 0.22587 0.22587 0.22587
YTP_r0W_actual
 1.08321e+06 156418 60379.2 51300.5 26214.9
YTP_p0W_proyectada
 418097 882172 78370.8 20110 20074
 418097 211894 163860 13732.2 3458.23
CTP_r0_actual
 130507 11093.5 2187.65 1500.02 702.812
CTP_p0_proyectada
 55450.5 50554.3 3255.95 642.081 569.475
 55450.5 12142.9 6807.65 438.448 98.1059
Wmedp
 7.54 17.45 24.07 31.32 35.25
Frms_r0
 0.735709 1.005 1.005 1.005 1.005
Zrms_r0
 1.73571 2.005 2.005 2.005 2.005
nmprior
 7.29 8.9 8.7 0
nm_flota  nm_reclas  nm_pelaces    nm_pelaL
inf 9.69232 7.46475 13.6433
cv_recla  cv_pelaces  cv_mph
0.379103 1.28613 0.955857
 ------------------------------------------------
Talla a la edad & desviaci?n 
 8 13.2811 15.8009 17.003 17.5766
 0.8 1.32811 1.58009 1.7003 1.75766
