years
 1991 1992 1993 1994 1995 1996 1997 1998 1999 2000 2001 2002 2003 2004 2005 2006 2007 2008 2009 2010 2011 2012 2013 2014 2015 2016 2017 2018 2019 2020
reclasobs
 0 0 0 0 0 0 0 0 0 252601 567819 844713 477998 351125 339783 2.1784e+06 2.13404e+06 4.81314e+06 1.55562e+06 2.62356e+06 3.21686e+06 3.843e+06 1.13348e+06 3.07943e+06 1.97215e+06 2.03268e+06 2.025e+06 2.42433e+06 2.27542e+06 1.05018e+06
reclaspred
 2.79762e+06 1.88169e+06 1.32964e+06 1.41396e+06 1.49746e+06 1.74828e+06 1.41159e+06 2.0516e+06 2.19436e+06 2.34825e+06 1.73137e+06 1.73156e+06 1.56793e+06 1.44809e+06 1.50411e+06 1.49088e+06 1.54664e+06 1.763e+06 900967 613863 954551 529707 780134 1.31114e+06 1.18619e+06 1.51679e+06 1.67053e+06 1.40842e+06 1.68256e+06 1.78116e+06
pelacesobs
 0 0 0 0 0 0 0 0 0 0 0 0 0 0 0 552880 188675 0 991730 2.46772e+06 1.41603e+06 1.21717e+06 2.29649e+06 1.80582e+06 0 1.4828e+06 1.56532e+06 1.57751e+06 1.42118e+06 867257
pelacespred
 1.31553e+06 942281 646849 593649 690639 791133 637580 1.0579e+06 1.19037e+06 1.19029e+06 985291 816426 779278 782655 821385 686380 684392 732421 400076 232819 354703 188740 339443 626129 562698 720031 885746 744703 749277 867563
mphobs
 0 0 0 0 0 0 0 0 0 0 0 0 498337 0 5186 125008 0 168611 109162 213762 579715 649985 157893 87575 83554 210694 70296 0 107559 103333
mphpred
 2.61842e+06 1.8631e+06 1.25897e+06 1.02294e+06 1.15898e+06 1.28713e+06 1.29692e+06 1.15171e+06 1.71757e+06 1.98757e+06 1.601e+06 1.4593e+06 1.34232e+06 1.13503e+06 1.09426e+06 1.36665e+06 1.10294e+06 1.39283e+06 924688 464886 513450 464726 280664 677234 1.0163e+06 862854 1.22635e+06 1.13975e+06 1.28109e+06 1.34092e+06
desembarqueobs
 494567 514787 250237 358949 120608 361735 552515 73892 212993 205616 52469 317467 293654 387597 252695 516296 358380 742168 942051 627588 828172 859565 418607 520667 417249 300574 415391 372974 316634 284311
desembarquepred
 494477 505779 260887 358687 120533 361465 552068 73850.9 212912 205552 52444.2 317536 293743 388047 252682 515902 358025 739908 934070 622259 822802 853476 418364 520667 417160 300485 415166 372814 316528 284167
Reclutas
 241144 241144 241144 241144 241144 241144 241144 241144 241144 241144 241144 241144 241144 241144 241144 241144 241144 241144 241144 241144 241144 241144 241144 241144 241144 241144 241144 241144 241144 241144
log_desv_Rt
 0 0 0 0 0 0 0 0 0 0 0 0 0 0 0 0 0 0 0 0 0 0 0 0 0 0 0 0 0 0
SSB
 2.61842e+06 1.8631e+06 1.25897e+06 1.02294e+06 1.15898e+06 1.28713e+06 1.29692e+06 1.15171e+06 1.71757e+06 1.98757e+06 1.601e+06 1.4593e+06 1.29574e+06 1.12091e+06 1.06918e+06 1.33095e+06 1.10294e+06 1.39283e+06 960733 482899 551217 547736 330924 755740 1.05763e+06 948849 1.27261e+06 1.13975e+06 1.32717e+06 1.3104e+06
BT
 3.73484e+06 2.97583e+06 1.90774e+06 1.99473e+06 1.97975e+06 2.61947e+06 2.24017e+06 3.60165e+06 3.78187e+06 3.44893e+06 2.73153e+06 2.50826e+06 2.50478e+06 2.8888e+06 2.90277e+06 2.36822e+06 2.32905e+06 2.72828e+06 2.19679e+06 1.30562e+06 1.91379e+06 1.40033e+06 1.65036e+06 2.67735e+06 1.98334e+06 2.59427e+06 3.21437e+06 2.67004e+06 2.32587e+06 2.85353e+06
Ftot
 0.167279 0.252507 0.185434 0.238828 0.0767853 0.195392 0.363921 0.0344597 0.0924936 0.0834511 0.0290026 0.17354 0.177296 0.252334 0.159422 0.32321 0.218508 0.389452 0.911996 0.900741 0.774375 1.34778 0.497553 0.371012 0.328595 0.187549 0.234318 0.249449 0.177986 0.151357
BD_Bspro_t
 0.97359 0.833071 0.723146 0.706756 0.713913 0.776837 0.735335 0.668023 0.810637 0.851926 0.856093 0.88553 0.810969 0.757263 0.735187 0.752725 0.655358 0.694882 0.543333 0.354852 0.336085 0.31594 0.244259 0.451045 0.560609 0.590713 0.699533 0.7037 0.727526 0.729278
BD_Bspro
 1.52537 1.08536 0.733418 0.595917 0.675171 0.749826 0.755524 0.670931 1.00058 1.15787 0.932669 0.850119 0.75484 0.65299 0.622854 0.775353 0.642521 0.811396 0.559679 0.281315 0.321114 0.319086 0.192781 0.44026 0.616127 0.552756 0.741364 0.663968 0.773149 0.763379
BD_Bo
 1.18594 0.843839 0.570214 0.46331 0.524928 0.58297 0.5874 0.521632 0.777922 0.900211 0.725126 0.660946 0.586869 0.507683 0.484253 0.602818 0.499544 0.63084 0.435136 0.218715 0.249658 0.248081 0.149883 0.342291 0.479023 0.429754 0.576392 0.516218 0.601103 0.593508
BD_Brms
 5.03797 3.58471 2.42232 1.96819 2.22995 2.47651 2.49533 2.21594 3.30469 3.82418 3.08041 2.80776 2.49308 2.15669 2.05715 2.56083 2.12211 2.67987 1.8485 0.929123 1.06057 1.05387 0.636715 1.45408 2.03494 1.82564 2.44857 2.19294 2.55354 2.52128
Sel_flota
 0.5 1 1 1 1
 0.5 1 1 1 1
 0.5 1 1 1 1
 0.5 1 1 1 1
 0.5 1 1 1 1
 0.5 1 1 1 1
 0.5 1 1 1 1
 0.5 1 1 1 1
 0.5 1 1 1 1
 0.5 1 1 1 1
 0.5 1 1 1 1
 0.5 1 1 1 1
 0.5 1 1 1 1
 0.5 1 1 1 1
 0.5 1 1 1 1
 0.5 1 1 1 1
 0.5 1 1 1 1
 0.5 1 1 1 1
 0.5 1 1 1 1
 0.5 1 1 1 1
 0.5 1 1 1 1
 0.5 1 1 1 1
 0.5 1 1 1 1
 0.5 1 1 1 1
 0.5 1 1 1 1
 0.5 1 1 1 1
 0.5 1 1 1 1
 0.5 1 1 1 1
 0.5 1 1 1 1
 0.5 1 1 1 1
Sel_reclas
 0.5 1 1 1 1
 0.5 1 1 1 1
 0.5 1 1 1 1
 0.5 1 1 1 1
 0.5 1 1 1 1
 0.5 1 1 1 1
 0.5 1 1 1 1
 0.5 1 1 1 1
 0.5 1 1 1 1
 0.5 1 1 1 1
 0.5 1 1 1 1
 0.5 1 1 1 1
 0.5 1 1 1 1
 0.5 1 1 1 1
 0.5 1 1 1 1
 0.5 1 1 1 1
 0.5 1 1 1 1
 0.5 1 1 1 1
 0.5 1 1 1 1
 0.5 1 1 1 1
 0.5 1 1 1 1
 0.5 1 1 1 1
 0.5 1 1 1 1
 0.5 1 1 1 1
 0.5 1 1 1 1
 0.5 1 1 1 1
 0.5 1 1 1 1
 0.5 1 1 1 1
 0.5 1 1 1 1
 0.5 1 1 1 1
Sel_pelaces
 0.5 1 1 1 1
 0.5 1 1 1 1
 0.5 1 1 1 1
 0.5 1 1 1 1
 0.5 1 1 1 1
 0.5 1 1 1 1
 0.5 1 1 1 1
 0.5 1 1 1 1
 0.5 1 1 1 1
 0.5 1 1 1 1
 0.5 1 1 1 1
 0.5 1 1 1 1
 0.5 1 1 1 1
 0.5 1 1 1 1
 0.5 1 1 1 1
 0.5 1 1 1 1
 0.5 1 1 1 1
 0.5 1 1 1 1
 0.5 1 1 1 1
 0.5 1 1 1 1
 0.5 1 1 1 1
 0.5 1 1 1 1
 0.5 1 1 1 1
 0.5 1 1 1 1
 0.5 1 1 1 1
 0.5 1 1 1 1
 0.5 1 1 1 1
 0.5 1 1 1 1
 0.5 1 1 1 1
 0.5 1 1 1 1
pf_obs 
 0.8446 0.082 0.0669 0.0065 0
 0.8095 0.147 0.0364 0.0071 0
 0.9664 0.0169 0.016 0.0007 0
 0.9276 0.0648 0.0075 0.0001 0
 0.7033 0.2144 0.0806 0.0017 0
 0.9318 0.0425 0.0243 0.0014 0
 0.5671 0.3108 0.0964 0.0239 0.0018
 0.0768 0.2599 0.5324 0.112 0.0189
 0.490249 0.384438 0.106611 0.0170017 0.00170017
 0.7925 0.1577 0.0466 0.003 0.0002
 0.840416 0.127587 0.0312969 0.00059994 9.999e-05
 0.8084 0.0986 0.0794 0.0134 0.0002
 0.7335 0.1905 0.0724 0.0035 0.0001
 0.4001 0.4547 0.1325 0.0127 0
 0.49795 0.308269 0.164784 0.0264974 0.00249975
 0.9179 0.0499 0.0305 0.0017 0
 0.2467 0.6533 0.0926 0.0074 0
 0.9418 0.0223 0.034 0.0019 0
 0.707729 0.231977 0.0356964 0.0245975 0
 0.517169 0.277429 0.184464 0.0207286 0.00020938
 0.811772 0.124168 0.05621 0.00726502 0.000585176
 0.764997 0.148141 0.077277 0.00933861 0.000247198
 0.163321 0.427699 0.378323 0.0303852 0.000271297
 0.753843 0.0900009 0.118128 0.0371064 0.000921714
 0.721811 0.176058 0.0630433 0.0369309 0.00215725
 0.143369 0.312575 0.442814 0.0836902 0.0175525
 0.692698 0.0596174 0.167031 0.0765114 0.00414204
 0.394062 0.376323 0.152708 0.0712218 0.00568511
 0.125707 0.32114 0.495352 0.0537591 0.00404204
 0.23352 0.215282 0.420074 0.123614 0.00750983
pf_pred 
 0.454071 0.0451956 0.472506 0.0181269 0.0101006
 0.497243 0.319797 0.0151467 0.158354 0.00946004
 0.521579 0.325711 0.0971366 0.00460072 0.0509726
 0.521804 0.333448 0.0985452 0.0293891 0.0168139
 0.521675 0.335259 0.0997605 0.0294827 0.013823
 0.503652 0.342725 0.107675 0.0320401 0.0139085
 0.523703 0.32512 0.104387 0.0327957 0.013995
 0.538472 0.327915 0.091204 0.0292831 0.0131259
 0.497377 0.352901 0.106378 0.0295871 0.0137577
 0.4926 0.340142 0.117435 0.0353994 0.0144239
 0.486864 0.341507 0.115053 0.0397226 0.0168528
 0.484095 0.338845 0.117839 0.0396997 0.0195216
 0.505046 0.328619 0.109249 0.0379929 0.0190938
 0.516133 0.330299 0.10196 0.0338964 0.0177122
 0.526127 0.330284 0.0980168 0.0302568 0.0153149
 0.523397 0.333382 0.0998241 0.0296243 0.0137735
 0.541626 0.324361 0.0937414 0.0280689 0.0122027
 0.539687 0.329614 0.0924866 0.026729 0.0114829
 0.585901 0.300271 0.0815084 0.0228705 0.00944918
 0.666667 0.263575 0.0505829 0.0137307 0.00544449
 0.67472 0.273815 0.0406942 0.00780966 0.00296052
 0.679602 0.269439 0.0428963 0.00637521 0.00168727
 0.718403 0.24457 0.0311378 0.00495732 0.000931743
 0.616223 0.328477 0.0480287 0.00611485 0.00115649
 0.577436 0.33054 0.0787632 0.0115165 0.00174354
 0.555525 0.33382 0.0865567 0.0206253 0.00347232
 0.531721 0.339724 0.0965502 0.0250346 0.0069697
 0.53252 0.331392 0.0987281 0.0280587 0.00930085
 0.531474 0.33289 0.0961518 0.0286454 0.0108397
 0.519354 0.338926 0.100692 0.0290838 0.0119434
pobs_RECLAS
 0 0 0 0 0
 0 0 0 0 0
 0 0 0 0 0
 0 0 0 0 0
 0 0 0 0 0
 0 0 0 0 0
 0 0 0 0 0
 0 0 0 0 0
 0 0 0 0 0
 0 0 0 0 0
 0.991045 0.00858322 0.000360255 1.14367e-05 0
 0.934742 0.0480273 0.0164251 0.00080598 0
 0.827803 0.169806 0.00239088 0 0
 0.941827 0.0461693 0.0120037 0 0
 0.791401 0.0380133 0.147996 0.0225897 0
 0.846168 0.0940531 0.0597789 0 0
 0.134021 0.677848 0.182769 0.00536245 0
 0.80878 0.0450904 0.141981 0.00414843 0
 0.846168 0.0940531 0.0597789 0 0
 0.905697 0.0802665 0.012482 0.00150086 5.37128e-05
 0.989698 0.0102097 9.19794e-05 0 0
 0.975433 0.0193895 0.00387452 0.00125025 5.28907e-05
 0.303575 0.632131 0.0575291 0.00676475 0
 0.966965 0.00978017 0.0227588 0.000495775 0
 0.843318 0.132988 0.00938335 0.0141283 0.000182051
 0.564624 0.303363 0.111486 0.0197234 0.00080311
 0.826376 0.0876187 0.0782897 0.00655872 0.00115652
 0.89761 0.0855135 0.0140674 0.00269457 0.000114338
 0.34875 0.467042 0.161289 0.0227151 0.000203297
 0.318654 0.224769 0.449479 0.00709798 0
ppred_RECLAS
 0.455977 0.0450378 0.470857 0.0180636 0.0100653
 0.500299 0.317853 0.0150546 0.157391 0.00940253
 0.523728 0.324248 0.0967002 0.00458005 0.0507436
 0.524665 0.331452 0.0979556 0.0292132 0.0167133
 0.522504 0.334678 0.0995877 0.0294316 0.013799
 0.505935 0.341148 0.10718 0.0318927 0.0138445
 0.528389 0.32192 0.10336 0.032473 0.0138573
 0.538832 0.327659 0.0911329 0.0292602 0.0131157
 0.498388 0.352191 0.106164 0.0295276 0.0137301
 0.493507 0.339534 0.117225 0.0353362 0.0143981
 0.487167 0.341306 0.114985 0.0396991 0.0168429
 0.486093 0.337532 0.117382 0.0395459 0.019446
 0.507095 0.327259 0.108796 0.0378357 0.0190148
 0.519183 0.328216 0.101317 0.0336827 0.0176005
 0.527943 0.329018 0.0976411 0.0301408 0.0152562
 0.527465 0.330536 0.098972 0.0293714 0.0136559
 0.544198 0.322541 0.0932154 0.0279114 0.0121343
 0.544752 0.325988 0.0914691 0.0264349 0.0113565
 0.600646 0.289579 0.078606 0.0220561 0.00911271
 0.679882 0.253125 0.0485775 0.0131863 0.00522863
 0.685375 0.264846 0.0393612 0.00755385 0.00286354
 0.702193 0.250441 0.0398716 0.00592569 0.0015683
 0.723953 0.239749 0.0305241 0.00485961 0.000913377
 0.620763 0.324591 0.0474605 0.00604251 0.00114281
 0.581491 0.327369 0.0780075 0.011406 0.00172682
 0.557679 0.332203 0.0861373 0.0205253 0.0034555
 0.534514 0.337698 0.0959743 0.0248853 0.00692812
 0.53552 0.329266 0.0980945 0.0278786 0.00924116
 0.533523 0.331434 0.0957312 0.0285202 0.0107923
 0.521072 0.337715 0.100332 0.0289799 0.0119007
pobs_PELACES
 0 0 0 0 0
 0 0 0 0 0
 0 0 0 0 0
 0 0 0 0 0
 0 0 0 0 0
 0 0 0 0 0
 0 0 0 0 0
 0 0 0 0 0
 0 0 0 0 0
 0 0 0 0 0
 0 0 0 0 0
 0 0 0 0 0
 0 0 0 0 0
 0 0 0 0 0
 0 0 0 0 0
 0 0 0 0 0
 0.505614 0.472636 0.0217494 0 0
 0 0 0 0 0
 0.443492 0.261883 0.143347 0.151278 0
 0.227955 0.32914 0.350689 0.0885471 0.00366901
 0.970185 0.0296113 0.000203453 0 0
 0.997202 0.00247181 0.000326279 0 0
 0.445219 0.490057 0.0546422 0.010081 0
 0.90214 0.0892962 0.00764917 0.000914606 0
 0 0 0 0 0
 0.581667 0.319106 0.0959925 0.00289975 0.000334073
 0.762889 0.0836404 0.116647 0.0363945 0.000428098
 0.88444 0.0763242 0.0277011 0.0115352 0
 0.521256 0.241999 0.230069 0.00667565 0
 0.616807 0.101726 0.260614 0.0208532 0
ppred_PELACES
 0.462831 0.0444703 0.464924 0.017836 0.00993848
 0.510714 0.311228 0.0147408 0.154111 0.00920657
 0.531354 0.319056 0.0951519 0.00450672 0.0499311
 0.534482 0.324607 0.0959326 0.0286099 0.0163681
 0.525664 0.332463 0.0989286 0.0292368 0.0137077
 0.513992 0.335585 0.105432 0.0313727 0.0136187
 0.543323 0.311727 0.100087 0.0314448 0.0134185
 0.540244 0.326656 0.0908537 0.0291706 0.0130755
 0.502203 0.349512 0.105356 0.029303 0.0136256
 0.496949 0.337226 0.116429 0.035096 0.0143003
 0.488363 0.34051 0.114717 0.0396066 0.0168036
 0.493249 0.332833 0.115748 0.0389953 0.0191752
 0.514404 0.322405 0.107183 0.0372746 0.0187328
 0.529567 0.321128 0.099129 0.0329553 0.0172204
 0.534494 0.324453 0.0962862 0.0297226 0.0150445
 0.540734 0.321254 0.0961927 0.0285466 0.0132724
 0.553126 0.316223 0.0913895 0.0273647 0.0118966
 0.560637 0.314613 0.0882774 0.0255125 0.0109603
 0.636137 0.263844 0.0716202 0.0200959 0.00830285
 0.71133 0.228258 0.0438053 0.0118909 0.00471498
 0.712254 0.24222 0.0359985 0.00690851 0.00261891
 0.746522 0.213163 0.0339367 0.00504364 0.00133486
 0.740055 0.225765 0.0287436 0.00457615 0.000860101
 0.635064 0.312351 0.0456708 0.00581465 0.00109972
 0.594624 0.317096 0.0755596 0.011048 0.00167263
 0.565298 0.32648 0.0846535 0.0201718 0.00339598
 0.54412 0.330729 0.0939938 0.0243718 0.00678516
 0.545742 0.32202 0.0959358 0.0272651 0.00903779
 0.540824 0.326246 0.0942329 0.0280738 0.0106233
 0.527301 0.333323 0.0990273 0.028603 0.0117459
pobs_pel_tallas
 0 0 0 0 0 0 0 0 0 0 0 0 0 0 0 0 0 0 0 0 0 0 0 0 0 0
 0 0 0 0 0 0 0 0 0 0 0 0 0 0 0 0 0 0 0 0 0 0 0 0 0 0
 0 0 0 0 0 0 0 0 0 0 0 0 0 0 0 0 0 0 0 0 0 0 0 0 0 0
 0 0 0 0 0 0 0 0 0 0 0 0 0 0 0 0 0 0 0 0 0 0 0 0 0 0
 0 0 0 0 0 0 0 0 0 0 0 0 0 0 0 0 0 0 0 0 0 0 0 0 0 0
 0 0 0 0 0 0 0 0 0 0 0 0 0 0 0 0 0 0 0 0 0 0 0 0 0 0
 0 0 0 0 0 0 0 0 0 0 0 0 0 0 0 0 0 0 0 0 0 0 0 0 0 0
 0 0 0 0 0 0 0 0 0 0 0 0 0 0 0 0 0 0 0 0 0 0 0 0 0 0
 0 0 0 0 0 0 0 0 0 0 0 0 0 0 0 0 0 0 0 0 0 0 0 0 0 0
 0 0 0 0 0 0 0 0 0 0 0 0 0 0 0 0 0 0 0 0 0 0 0 0 0 0
 0 0 0 0 0 0 0 0 0 0 0 0 0 0 0 0 0 0 0 0 0 0 0 0 0 0
 0 0 0 0 0 0 0 0 0 0 0 0 0 0 0 0 0 0 0 0 0 0 0 0 0 0
 0.00862536 0 0 0.000197151 0.00414017 0.0128641 0.00837892 0.0270097 0.101434 0.158115 0.152841 0.127902 0.109271 0.109419 0.0830992 0.0579132 0.0238553 0.00714673 0.00463305 0.00128148 0.00103504 0.000492878 0.000147863 0.000147863 4.92878e-05 0
 0 0 0 0 0 0 0 0 0 0 0 0 0 0 0 0 0 0 0 0 0 0 0 0 0 0
 0 0 0 0 0 0 0 0.0054083 0.00873648 0.0413646 0.0450493 0.0745869 0.0622846 0.0627006 0.0613931 0.0827291 0.12552 0.122667 0.0946155 0.0697135 0.0546179 0.0294188 0.0215738 0.0213955 0.0102223 0.00600262
 0 0 0 0 0.00359764 0.0251062 0.0480494 0.140153 0.205849 0.193036 0.1447 0.116669 0.0760912 0.0342217 0.00950174 0.001854 0.000860785 0 0 0 0.000165536 0 0.000143464 0 0 0
 0 0 0 0 0 0 0 0.000145254 0.000435761 0.0275982 0.070085 0.0708112 0.156366 0.174668 0.174014 0.160142 0.0824315 0.0480064 0.0283245 0.00493863 0.00203355 0 0 0 0 0
 0 0 0 0 0 0 0 0 0 0 0 0 0 0 0 0 0 0 0 0 0 0 0 0 0 0
 0 0 1.00437e-05 0.000401748 0.00122533 0.00171747 0.00176769 0.0269171 0.070346 0.194647 0.189555 0.159765 0.064822 0.0314167 0.0384472 0.0292271 0.0345202 0.0313363 0.0194345 0.0106764 0.0143323 0.0359363 0.0279516 0.0138201 0.00172751 0
 0 0.0021121 0.0136068 0.0755702 0.200478 0.177729 0.0527432 0.0373336 0.0318909 0.0142505 0.0149659 0.0166563 0.0217959 0.0798694 0.0677717 0.0528807 0.04013 0.0224614 0.0357745 0.0225083 0.00881397 0.00855152 0.00135912 0.000746735 0 0
 0 0 0 0 5.4009e-05 0.00500934 0.000945158 0.0243581 0.138947 0.33067 0.221406 0.137944 0.0707744 0.0437923 0.0131692 0.00525238 0.0047753 0.00276346 9.45158e-05 9.00151e-06 2.25038e-05 9.00151e-06 4.50075e-06 0 0 0
 0.000866109 0.00284123 0.00948549 0.0512746 0.133035 0.25785 0.225252 0.132002 0.0553304 0.0519788 0.0540692 0.017754 0.00435017 0.00159236 0.00146478 0.000404838 0.000125132 0.000115318 0.000107957 0.000100596 0 0 0 0 0 0
 0 0 0 0 0.00144013 0.00171154 0.00461396 0.0210425 0.0478622 0.0707936 0.0888783 0.103762 0.0637923 0.0337046 0.0602308 0.124433 0.169614 0.0934646 0.0462172 0.0250306 0.0313229 0.00938855 0.002487 0.000210481 0 0
 0 0.00764035 0.051015 0.0998891 0.058973 0.0496711 0.0374665 0.0718981 0.12319 0.153886 0.159021 0.0857701 0.0377988 0.023471 0.0147837 0.00900784 0.00315554 0.000888139 0.00291439 0.00214683 0.00393193 0.00274676 0.000635225 9.99891e-05 0 0
 0 0 0 0 0 0 0 0 0 0 0 0 0 0 0 0 0 0 0 0 0 0 0 0 0 0
 0 0 0 0 0 0 0 0 0 0 0 0 0 0 0 0 0 0 0 0 0 0 0 0 0 0
 0 0 0 0 0 0 0 0 0 0 0 0 0 0 0 0 0 0 0 0 0 0 0 0 0 0
 0 0 0 0 0 0 0 0 0 0 0 0 0 0 0 0 0 0 0 0 0 0 0 0 0 0
 0 0 0 0 0 0 0 0 0 0 0 0 0 0 0 0 0 0 0 0 0 0 0 0 0 0
 0 0 0 0 0 0 0 0 0 0 0 0 0 0 0 0 0 0 0 0 0 0 0 0 0 0
ppred_pel_tallas
 1.16899e-16 3.81228e-05 0.000370567 0.00246255 0.0111944 0.0348299 0.0742091 0.108311 0.108316 0.0742338 0.0349152 0.0114497 0.00313782 0.00195805 0.00338456 0.00639774 0.0112166 0.0182688 0.0278608 0.039892 0.0534775 0.0667051 0.0768892 0.0814428 0.0789902 0.0700476
 1.17519e-16 4.20669e-05 0.000408905 0.00271732 0.0123526 0.0384335 0.0818878 0.119524 0.119554 0.0820345 0.0389259 0.0137749 0.00628878 0.00821029 0.0148755 0.0245798 0.0355576 0.045106 0.0505824 0.050971 0.0475894 0.0432411 0.0404367 0.0400276 0.0410835 0.0417951
 1.1173e-16 4.3767e-05 0.000425431 0.00282714 0.0128518 0.0399868 0.0851973 0.124354 0.124385 0.085348 0.0404931 0.0143153 0.00650487 0.00846801 0.0153598 0.0254343 0.0368981 0.0469644 0.0528242 0.0532089 0.0491307 0.0431248 0.037627 0.033764 0.0312666 0.0291961
 1.08491e-16 4.40247e-05 0.000427936 0.00284378 0.0129274 0.0402222 0.0856989 0.125087 0.125118 0.0858523 0.0407374 0.0144164 0.00658555 0.00861053 0.0156265 0.0258758 0.0375351 0.0477633 0.053688 0.0539913 0.0496585 0.0432116 0.0370749 0.0323731 0.0288761 0.0257546
 1.08192e-16 4.32983e-05 0.000420875 0.00279686 0.0127142 0.0395586 0.084285 0.123023 0.123055 0.0844421 0.0400862 0.0142392 0.00662926 0.00880165 0.0160032 0.026502 0.0384424 0.0489138 0.0549701 0.0552545 0.0507668 0.0440811 0.0376761 0.0327097 0.0289646 0.0256202
 1.0858e-16 4.23369e-05 0.00041153 0.00273476 0.0124318 0.0386803 0.0824136 0.120292 0.120324 0.0825722 0.039213 0.0139719 0.00660528 0.00887718 0.0161682 0.026789 0.0388855 0.0495332 0.0557697 0.0562295 0.0519109 0.0453841 0.0391095 0.0342134 0.0304496 0.0269875
 1.08393e-16 4.47528e-05 0.000435014 0.00289082 0.0131413 0.0408875 0.0871163 0.127155 0.127185 0.0872636 0.0413825 0.0145721 0.0064872 0.00830179 0.0150321 0.024904 0.0361631 0.0460962 0.0519601 0.0524928 0.0486226 0.0427276 0.037073 0.0326777 0.0292848 0.0261028
 1.07844e-16 4.44993e-05 0.000432549 0.00287444 0.0130668 0.0406559 0.0866228 0.126435 0.126467 0.086777 0.041174 0.0145645 0.00663765 0.00866052 0.0157089 0.0260001 0.0376878 0.0478993 0.0537309 0.0538489 0.0492504 0.0424958 0.0360613 0.0311202 0.0274752 0.0243087
 1.08375e-16 4.13659e-05 0.000402091 0.00267204 0.0121467 0.0377931 0.0805235 0.117534 0.117567 0.0806887 0.0383478 0.01375 0.00670126 0.00921348 0.0168217 0.0278652 0.0404222 0.051436 0.0578075 0.0581059 0.0533745 0.0463113 0.0395167 0.0342103 0.0301762 0.0265714
 1.09386e-16 4.09331e-05 0.000397884 0.00264408 0.0120196 0.0373977 0.079681 0.116304 0.116336 0.0798404 0.0379334 0.0135685 0.00653764 0.00891677 0.0162766 0.0269933 0.0392338 0.0500847 0.0565925 0.0573946 0.053477 0.047371 0.0414708 0.0368256 0.033129 0.0295336
 1.10214e-16 4.02259e-05 0.00039101 0.0025984 0.011812 0.0367516 0.0783043 0.114294 0.114327 0.0784653 0.0372925 0.0133757 0.00652937 0.00899152 0.0164309 0.0272499 0.0396058 0.0505605 0.0571394 0.0579805 0.054099 0.0480697 0.0423181 0.0378899 0.0344368 0.0310461
 1.10582e-16 4.06283e-05 0.000394922 0.0026244 0.0119301 0.0371193 0.0790877 0.115438 0.11547 0.0792451 0.0376481 0.0134591 0.0064682 0.00880577 0.0160729 0.0266623 0.0387708 0.0495356 0.0560592 0.0570177 0.053402 0.0477159 0.0423054 0.0381615 0.0349143 0.0316518
 1.10084e-16 4.23709e-05 0.00041186 0.00273696 0.0124418 0.0387113 0.0824797 0.120388 0.120419 0.0826321 0.0392234 0.0139223 0.00645854 0.00855404 0.015559 0.0257957 0.0374889 0.0478536 0.0540752 0.0548699 0.0512091 0.0455429 0.040178 0.0361052 0.0329822 0.0299188
 1.09162e-16 4.36198e-05 0.000424 0.00281763 0.0128086 0.0398524 0.0849108 0.123936 0.123967 0.0850625 0.0403621 0.0142822 0.00652129 0.00852471 0.0154745 0.0256357 0.0372146 0.0474153 0.053413 0.0539162 0.0499 0.0438403 0.0380955 0.0337249 0.0304481 0.0274085
 1.08389e-16 4.40256e-05 0.000427945 0.00284384 0.0129277 0.0402231 0.0857008 0.125089 0.125121 0.085854 0.040738 0.014416 0.00658401 0.00860715 0.0156204 0.0258666 0.0375238 0.0477531 0.053684 0.0539985 0.0496791 0.0432424 0.0371059 0.0323894 0.0288618 0.0256983
 1.07967e-16 4.45396e-05 0.000432941 0.00287705 0.0130787 0.0406927 0.0867013 0.12655 0.126581 0.0868531 0.0412026 0.0145523 0.00658047 0.00853186 0.0154682 0.0256131 0.0371558 0.0472832 0.0531499 0.0534457 0.0491356 0.0427041 0.0365415 0.0317616 0.0281503 0.0249133
 1.07476e-16 4.55603e-05 0.000442863 0.00294298 0.0133784 0.0416253 0.0886882 0.129449 0.12948 0.0888375 0.042127 0.0148286 0.0065871 0.00841117 0.0152177 0.0251885 0.036523 0.0464425 0.0521381 0.0523153 0.047928 0.041436 0.035216 0.030391 0.0267723 0.0235878
 1.07042e-16 4.6179e-05 0.000448876 0.00298294 0.01356 0.0421905 0.0898924 0.131207 0.131237 0.0900409 0.0426895 0.0150025 0.00660736 0.00837328 0.0151323 0.0250392 0.0362909 0.0461143 0.051706 0.0517725 0.0472639 0.0406392 0.0342847 0.0293455 0.0256592 0.0224736
 1.05555e-16 5.23978e-05 0.000509326 0.00338465 0.0153861 0.0478721 0.101998 0.148874 0.148899 0.102122 0.0482906 0.0165955 0.00642316 0.00715198 0.0126962 0.0209808 0.0303936 0.0385913 0.0432144 0.0431733 0.0392661 0.0335652 0.0280914 0.0238288 0.0206633 0.0179769
 1.03313e-16 5.85914e-05 0.000569529 0.00378472 0.0172048 0.0535307 0.114054 0.166469 0.166491 0.114161 0.053892 0.0182488 0.00640631 0.00629576 0.0109434 0.0180245 0.0260196 0.0328479 0.0364266 0.0357944 0.0316691 0.0259302 0.0204599 0.0162534 0.0133174 0.0111473
 1.02237e-16 5.86675e-05 0.000570269 0.00378964 0.0172272 0.0536002 0.114202 0.166686 0.166709 0.114316 0.0539833 0.0183336 0.00656718 0.00663401 0.0115758 0.0190467 0.027437 0.0345125 0.0380333 0.0369607 0.0320662 0.0253919 0.0190191 0.0141042 0.01074 0.00843601
 1.01766e-16 6.14901e-05 0.000597706 0.00397196 0.018056 0.056179 0.119696 0.174704 0.174725 0.119796 0.0565162 0.0190299 0.00641696 0.00593587 0.0102017 0.0167731 0.0241674 0.0304121 0.033535 0.0326179 0.0283303 0.0224562 0.0168149 0.0124196 0.0093602 0.00722515
 1.01492e-16 6.09574e-05 0.000592528 0.00393755 0.0178996 0.0556923 0.118659 0.173191 0.173213 0.118765 0.0560492 0.0189303 0.00652444 0.00623863 0.0107807 0.0177174 0.0254954 0.0320144 0.035173 0.0339954 0.0292046 0.0227256 0.0165346 0.0117527 0.00850343 0.00634874
 1.02168e-16 5.23095e-05 0.000508467 0.00337894 0.0153602 0.0477914 0.101826 0.148624 0.148654 0.101973 0.0482854 0.0167868 0.00696 0.00832583 0.0148985 0.0245457 0.0353487 0.0444371 0.0489131 0.0474258 0.0409608 0.0321512 0.0236935 0.0171075 0.012553 0.00943902
 1.03653e-16 4.89785e-05 0.000476088 0.00316377 0.0143821 0.0447481 0.0953418 0.139161 0.139191 0.0954914 0.0452506 0.0158338 0.00681014 0.00844357 0.0152024 0.0251113 0.0362989 0.0459148 0.0510707 0.0504094 0.0448728 0.0369884 0.0292879 0.0231134 0.0185079 0.0148802
 1.05125e-16 4.65629e-05 0.000452608 0.00300774 0.0136728 0.0425413 0.0906398 0.132298 0.13233 0.0907939 0.0430589 0.0151686 0.00676538 0.00866568 0.0156744 0.0259171 0.0375119 0.0475529 0.0530958 0.0527663 0.0475364 0.0399778 0.0326292 0.0267787 0.0223754 0.0187432
 1.0639e-16 4.48185e-05 0.000435652 0.00289506 0.0131605 0.0409475 0.0872442 0.127342 0.127374 0.0874004 0.0414722 0.0146769 0.00670508 0.00876571 0.0159027 0.0263179 0.0381388 0.0484473 0.0542857 0.0542784 0.0494056 0.0422373 0.0352809 0.0297609 0.0255527 0.0219275
 1.07115e-16 4.49521e-05 0.00043695 0.00290369 0.0131998 0.0410696 0.0875042 0.127721 0.127753 0.0876563 0.0415805 0.0146768 0.00661541 0.00855357 0.0155009 0.0256628 0.0372178 0.0473387 0.0531628 0.0533642 0.0488986 0.0422508 0.0358239 0.0307574 0.0268761 0.0234304
 1.07416e-16 4.4547e-05 0.000433013 0.00287752 0.0130808 0.0406995 0.0867157 0.126571 0.126602 0.0868698 0.0412171 0.0145769 0.00663703 0.00865351 0.0156966 0.025984 0.0376739 0.0478997 0.0537602 0.053916 0.0493469 0.0425878 0.0360917 0.0310234 0.0272002 0.0238413
 1.078e-16 4.34331e-05 0.000422186 0.00280557 0.0127537 0.0396818 0.0845475 0.123406 0.123438 0.0847049 0.0402107 0.0142826 0.00664765 0.00882394 0.0160426 0.0265656 0.03853 0.0490145 0.0550605 0.0553016 0.0507344 0.0439368 0.0373969 0.0322863 0.0284061 0.0249559
pSPR Fmed_Fpbrs
0.599873   0.2854 0.2854
Fs Fmed_Fpbrs
0.34   1.005 1.005
SSBpbr Bo_Bmed_Bpbrs
2.20789e+06  1.21406e+06  519736 519736
Ro
241144
SPR SPRFo_SPRFmed_SPRFpbrs
1.71658e+06 1.02973e+06 489911
Fref
1.005
Nvult_r0
 187472 70229.5 20864.6 6026.51 2474.81
CTP_r0
 62698.6 35202.3 10458.3 3020.77 1240.49
YTP_r0
1.4351e+06
Np
 241144 53672.2 11075.3 3455.77 1164.93
Nvult_p0
 187472 46444.7 9583.88 2990.41 1008.06
CTP_p0
 62698.6 35674.2 11131.2 3306.99 1257.23
 62698.6 23280.2 4803.89 1498.94 505.287
YTP_p0
 1.51108e+06 1.05938e+06
CBA_c0
1.4579e+06
log_Ro
12.2131
likeval ReclasPelacesDesembMPH_pf_preclas_ppelaces_ptallas_desvR_qrecl_qpela
 129.685 111.618 11.5174 437.366 240.553 147.741 102.561 0 0 0 0 51.3277 0 0 0
q_reclas_q_pelaces
1 1
M
1
N
 241144 12417.8 129824 4980.48 2775.19
 241144 81593.9 3864.57 40402.9 2413.66
 241144 78190 23318.5 1104.44 12236.4
 241144 80856.6 23895.9 7126.46 4077.15
 241144 78726.6 23426.1 6923.21 3245.95
 241144 85370.6 26821.3 7981.01 3464.52
 241144 80455 25831.9 8115.72 3463.25
 241144 73953.3 20568.8 6604.09 2960.24
 241144 87196.5 26284.4 7310.54 3399.34
 241144 84702.7 29243.9 8815.23 3591.87
 241144 85086.6 28665.6 9896.88 4198.88
 241144 87434.8 30406.8 10244 5037.31
 241144 81338.9 27041 9403.92 4726.06
 241144 81186.3 25061.4 8331.61 4353.6
 241144 78196.7 23206 7163.47 3625.9
 241144 81915.1 24527.8 7278.98 3384.27
 241144 75474.1 21812.3 6531.23 2839.4
 241144 79530.5 22315.5 6449.26 2770.62
 241144 73015.3 19819.9 5561.29 2297.7
 241144 56227 10790.6 2929.09 1161.44
 241144 56544.3 8403.56 1612.74 611.362
 241144 60232.2 9589.31 1425.16 377.183
 241144 45218.4 5757.04 916.555 172.269
 241144 69173.5 10114.3 1287.72 243.545
 241144 73691.6 17559.7 2567.51 388.711
 241144 75271.2 19517.2 4650.67 782.954
 241144 80771.2 22955.3 5952.1 1657.08
 241144 78904.3 23507.1 6680.75 2214.53
 241144 78309.6 22618.9 6738.61 2549.94
 241144 81158.3 24111.4 6964.33 2859.93
pred_Ctot
 12314.7 1225.73 12814.7 491.613 273.934
 18267.2 11748.4 556.443 5817.45 347.534
 13600.4 8493.05 2532.87 119.966 1329.13
 17325.9 11071.8 3272.09 975.832 558.288
 5759.44 3701.36 1101.39 325.497 152.609
 14301.5 9731.86 3057.5 909.798 394.94
 25738.7 15978.8 5130.36 1611.83 687.821
 2607.56 1587.94 441.657 141.804 63.5627
 6915.11 4906.44 1478.99 411.355 191.276
 6250.77 4316.17 1490.17 449.195 183.03
 2197.12 1541.16 519.214 179.26 76.0535
 12759.2 8930.89 3105.86 1046.36 514.528
 13025.3 8475.16 2817.55 979.847 492.435
 18255.3 11682.5 3606.27 1198.9 626.471
 11755.3 7379.56 2189.99 676.029 342.182
 23048.4 14680.9 4395.87 1304.54 606.531
 15917.8 9532.63 2754.96 824.916 358.626
 27403 16736.4 4696.06 1357.18 583.049
 57913.4 29680.3 8056.71 2260.63 934.005
 57322.1 22663 4349.28 1180.61 468.134
 50495.6 20492.1 3045.52 584.469 221.563
 78877.7 31272.4 4978.74 739.935 195.832
 34259.3 11663.1 1484.91 236.406 44.4331
 26202.7 13967.3 2042.25 260.012 49.1758
 23406.8 13398.7 3192.72 466.828 70.6758
 13749.5 8262.23 2142.32 510.486 85.9418
 17014.4 10870.8 3089.49 801.078 223.022
 18057.2 11237.2 3347.78 951.443 315.383
 13074.1 8188.98 2365.3 704.668 266.652
 11179.1 7295.41 2167.4 626.031 257.082
F
 0.0836396 0.167279 0.167279 0.167279 0.167279
 0.126253 0.252507 0.252507 0.252507 0.252507
 0.0927168 0.185434 0.185434 0.185434 0.185434
 0.119414 0.238828 0.238828 0.238828 0.238828
 0.0383927 0.0767853 0.0767853 0.0767853 0.0767853
 0.097696 0.195392 0.195392 0.195392 0.195392
 0.181961 0.363921 0.363921 0.363921 0.363921
 0.0172298 0.0344597 0.0344597 0.0344597 0.0344597
 0.0462468 0.0924936 0.0924936 0.0924936 0.0924936
 0.0417255 0.0834511 0.0834511 0.0834511 0.0834511
 0.0145013 0.0290026 0.0290026 0.0290026 0.0290026
 0.0867701 0.17354 0.17354 0.17354 0.17354
 0.088648 0.177296 0.177296 0.177296 0.177296
 0.126167 0.252334 0.252334 0.252334 0.252334
 0.0797111 0.159422 0.159422 0.159422 0.159422
 0.161605 0.32321 0.32321 0.32321 0.32321
 0.109254 0.218508 0.218508 0.218508 0.218508
 0.194726 0.389452 0.389452 0.389452 0.389452
 0.455998 0.911996 0.911996 0.911996 0.911996
 0.450371 0.900741 0.900741 0.900741 0.900741
 0.387187 0.774375 0.774375 0.774375 0.774375
 0.673891 1.34778 1.34778 1.34778 1.34778
 0.248777 0.497553 0.497553 0.497553 0.497553
 0.185506 0.371012 0.371012 0.371012 0.371012
 0.164297 0.328595 0.328595 0.328595 0.328595
 0.0937746 0.187549 0.187549 0.187549 0.187549
 0.117159 0.234318 0.234318 0.234318 0.234318
 0.124724 0.249449 0.249449 0.249449 0.249449
 0.0889928 0.177986 0.177986 0.177986 0.177986
 0.0756784 0.151357 0.151357 0.151357 0.151357
YTP_r0W_actual
 457700 559717 277145 95758.4 44781.7
YTP_p0W_proyectada
 472747 622514 267929 103575 44317.3
 472747 406240 115630 46946.7 17811.4
CTP_r0_actual
 62698.6 35202.3 10458.3 3020.77 1240.49
CTP_p0_proyectada
 62698.6 35674.2 11131.2 3306.99 1257.23
 62698.6 23280.2 4803.89 1498.94 505.287
Wmedp
 7.54 17.45 24.07 31.32 35.25
Frms_r0
 0.5025 1.005 1.005 1.005 1.005
Zrms_r0
 1.5025 2.005 2.005 2.005 2.005
nmprior
 7.29 8.9 8.7 0
nm_flota  nm_reclas  nm_pelaces    nm_pelaL
inf 4.18914 7.88246 11.9123
cv_recla  cv_pelaces  cv_mph
1.05432 1.24318 1.77455
 ------------------------------------------------
Talla a la edad & desviaci?n 
 8 13.2811 15.8009 17.003 17.5766
 0.8 1.32811 1.58009 1.7003 1.75766
