    unsorted:	 2.306156136e-06 -1.961176475e-06 5.560132585e-05 9.629307118e-05 7.587971740 4.126697535 12.30361575 10.86135728 25.35586438 35.59718315 65.77312133 104.6908506 169.3508025 193.9064896 206.1013140 217.3476792 464.2950128 1058.363193 1037.520910 975.4988364 907.2227031 1152.385469 1228.293241 746.2008351 1265.173171 1414.876778 1391.765159 1458.974471 1586.976014 1728.464045 1860.070247 2045.161532 2077.319009 2177.609479 2194.343602 2232.692181 2435.872640 2809.362402 2963.170760 3082.038202 3914.185855 3853.807349 4316.590378 11449.27788 17429.55917 43005.81026 169196.3539 380819.8839 380654.5746 377526.0799 368955.6363 356224.9999 402740.8847 321640.7895 466469.9926 572306.4251 566916.9180 625100.0139 644548.1851 715783.3214 752715.1863 976201.1728 1056318.587 1224372.802 1361233.574 1571003.748 1707899.029 1981821.571 2138349.132 2267684.366 2494044.182 2588356.292 2806601.857 3089166.467 5570485.313 44580461.39
      sorted:	 -1.961176475e-06 2.306156136e-06 5.560132585e-05 9.629307118e-05 4.126697535 7.587971740 10.86135728 12.30361575 25.35586438 35.59718315 65.77312133 104.6908506 169.3508025 193.9064896 206.1013140 217.3476792 464.2950128 746.2008351 907.2227031 975.4988364 1037.520910 1058.363193 1152.385469 1228.293241 1265.173171 1391.765159 1414.876778 1458.974471 1586.976014 1728.464045 1860.070247 2045.161532 2077.319009 2177.609479 2194.343602 2232.692181 2435.872640 2809.362402 2963.170760 3082.038202 3853.807349 3914.185855 4316.590378 11449.27788 17429.55917 43005.81026 169196.3539 321640.7895 356224.9999 368955.6363 377526.0799 380654.5746 380819.8839 402740.8847 466469.9926 566916.9180 572306.4251 625100.0139 644548.1851 715783.3214 752715.1863 976201.1728 1056318.587 1224372.802 1361233.574 1571003.748 1707899.029 1981821.571 2138349.132 2267684.366 2494044.182 2588356.292 2806601.857 3089166.467 5570485.313 44580461.39
