years
 1991 1992 1993 1994 1995 1996 1997 1998 1999 2000 2001 2002 2003 2004 2005 2006 2007 2008 2009 2010 2011 2012 2013 2014 2015 2016 2017 2018 2019 2020
reclasobs
 0 0 0 0 0 0 0 0 0 252601 567819 844713 477998 351125 339783 2.1784e+06 2.13404e+06 4.81314e+06 1.55562e+06 2.62356e+06 3.21686e+06 3.843e+06 1.13348e+06 3.07943e+06 1.97215e+06 2.03268e+06 2.025e+06 2.42433e+06 2.27542e+06 1.05018e+06
reclaspred
 3.30408e+06 1.78777e+06 900434 954875 983720 1.80445e+06 973638 826159 570464 366213 602744 965998 736266 230728 624217 1.42864e+06 1.16803e+06 2.3705e+06 1.96987e+06 1.91624e+06 3.39813e+06 2.75638e+06 1.9759e+06 2.98228e+06 2.31586e+06 2.01663e+06 2.40167e+06 2.62394e+06 2.00512e+06 1.16437e+06
pelacesobs
 0 0 0 0 0 0 0 0 0 0 0 0 0 0 0 552880 188675 0 991730 2.46772e+06 1.41603e+06 1.21717e+06 2.29649e+06 1.80582e+06 0 1.4828e+06 1.56532e+06 1.57751e+06 1.42118e+06 867257
pelacespred
 2.00676e+06 1.17127e+06 566374 469131 544651 1.00786e+06 491946 559843 346304 196197 347758 484931 403773 92271.5 339142 663932 589193 1.27708e+06 1.0718e+06 936494 1.8097e+06 1.54852e+06 1.18996e+06 1.88499e+06 1.42652e+06 1.26808e+06 1.66983e+06 1.63598e+06 1.21858e+06 790373
mphobs
 0 0 0 0 0 0 0 0 0 0 0 0 498337 0 5186 125008 0 168611 109162 213762 579715 649985 157893 87575 83554 210694 70296 0 107559 103333
mphpred
 683999 458606 216311 120252 134917 169052 241586 122078 110654 65016.5 37810.4 103167 138806 65558.3 12652.9 74391.8 208832 166134 273948 309405 467576 556762 115192 89786.3 132074 110540 92378.1 102266 143590 94954.5
desembarqueobs
 494567 514787 250237 358949 120608 361735 552515 73892 212993 205616 52469 317467 293654 387597 252695 516296 358380 742168 942051 627588 828172 859565 418607 520667 417249 300574 415391 372974 316634 284311
desembarquepred
 494568 514064 250570 358975 120613 361734 552518 73897.3 213057 205672 52470.4 317452 293787 387920 252618 516198 358415 742011 941497 627270 828240 859503 418616 520707 417193 300580 415384 372934 316598 284312
Reclutas
 161269 91456.4 88813.3 133739 107350 203574 78541.4 32135.2 31398.3 42640.5 90951.3 151098 69629.3 37853.9 89187.5 313497 61210.5 381010 309370 318060 333590 457418 80104.5 231635 237675 85832.8 202443 231345 66250.7 49353.5
log_desv_Rt
 0.291793 -0.275417 -0.304743 0.104612 -0.115187 0.52475 -0.427654 -1.32133 -1.34453 -1.03847 -0.280956 0.22665 -0.548094 -1.15755 -0.300539 0.956511 -0.67696 1.15155 0.943258 0.970962 1.01863 1.33432 -0.407948 0.653885 0.679624 -0.338878 0.519177 0.652632 -0.597834 -0.89227
SSB
 1.6312e+06 1.09368e+06 515859 286776 321751 403154 576133 291131 263887 155051 90170.3 246034 314884 151290 29101.7 171467 498023 396198 677724 511567 793117 994026 934159 697907 960364 854158 671820 714816 1.04219e+06 645347
BT
 2.3792e+06 1.64706e+06 793205 788756 659356 1.39788e+06 983466 649209 569042 403326 427131 785949 682637 494417 636435 1.16569e+06 884965 2.07344e+06 2.05357e+06 1.51981e+06 2.63331e+06 2.41835e+06 1.56809e+06 2.53085e+06 1.85111e+06 1.55888e+06 2.22691e+06 2.10193e+06 1.47287e+06 1.0693e+06
Ftot
 0.249375 0.461621 0.455219 0.662466 0.218021 0.372443 0.887525 0.157266 0.638342 0.938761 0.173895 0.594697 0.666186 2.28585 0.810386 0.70361 0.508787 0.593991 0.834377 0.602198 0.440651 0.554898 0.350942 0.327632 0.31691 0.253671 0.321903 0.269441 0.255828 0.402694
BD_Bspro_t
 0.960886 0.738626 0.51021 0.407224 0.407305 0.512822 0.526232 0.323316 0.377706 0.305276 0.255396 0.571421 0.482272 0.264541 0.0721091 0.306744 0.437987 0.366381 0.43219 0.337691 0.385032 0.433762 0.445772 0.414779 0.530599 0.558469 0.554677 0.600655 0.667553 0.562569
BD_Bspro
 1.90237 1.27549 0.601614 0.334449 0.375238 0.470174 0.671908 0.339528 0.307755 0.180827 0.10516 0.286933 0.367229 0.17644 0.0339395 0.199971 0.580812 0.46206 0.790387 0.596608 0.924962 1.15927 1.08945 0.813925 1.12001 0.996151 0.783501 0.833644 1.21544 0.752627
BD_Bo
 1.45891 0.978165 0.461372 0.256486 0.287766 0.360571 0.51528 0.260381 0.236014 0.138674 0.0806461 0.220046 0.281625 0.13531 0.0260279 0.153356 0.445419 0.354349 0.60614 0.457533 0.709345 0.889033 0.835489 0.624191 0.858926 0.763938 0.600859 0.639314 0.93211 0.577182
BD_Brms
 2.65256 1.77848 0.838858 0.466338 0.523211 0.655584 0.936872 0.47342 0.429117 0.252135 0.146629 0.400084 0.512045 0.246018 0.0473234 0.278828 0.809853 0.644272 1.10207 0.831878 1.28972 1.61642 1.51907 1.13489 1.56168 1.38898 1.09247 1.16239 1.69475 1.04942
Sel_flota
 0.729658 1 1 1 1
 0.729658 1 1 1 1
 0.729658 1 1 1 1
 0.729658 1 1 1 1
 0.729658 1 1 1 1
 0.729658 1 1 1 1
 0.729658 1 1 1 1
 0.729658 1 1 1 1
 0.729658 1 1 1 1
 0.729658 1 1 1 1
 0.729658 1 1 1 1
 0.729658 1 1 1 1
 0.729658 1 1 1 1
 0.729658 1 1 1 1
 0.729658 1 1 1 1
 0.729658 1 1 1 1
 0.729658 1 1 1 1
 0.729658 1 1 1 1
 0.729658 1 1 1 1
 0.729658 1 1 1 1
 0.729658 1 1 1 1
 0.729658 1 1 1 1
 0.729658 1 1 1 1
 0.729658 1 1 1 1
 0.729658 1 1 1 1
 0.729658 1 1 1 1
 0.729658 1 1 1 1
 0.729658 1 1 1 1
 0.729658 1 1 1 1
 0.729658 1 1 1 1
Sel_reclas
 1 1 1 1 1
 1 1 1 1 1
 1 1 1 1 1
 1 1 1 1 1
 1 1 1 1 1
 1 1 1 1 1
 1 1 1 1 1
 1 1 1 1 1
 1 1 1 1 1
 1 1 1 1 1
 1 1 1 1 1
 1 1 1 1 1
 1 1 1 1 1
 1 1 1 1 1
 1 1 1 1 1
 1 1 1 1 1
 1 1 1 1 1
 1 1 1 1 1
 1 1 1 1 1
 1 1 1 1 1
 1 1 1 1 1
 1 1 1 1 1
 1 1 1 1 1
 1 1 1 1 1
 1 1 1 1 1
 1 1 1 1 1
 1 1 1 1 1
 1 1 1 1 1
 1 1 1 1 1
 1 1 1 1 1
Sel_pelaces
 0.809662 0.955373 0.990804 0.998159 0.999634
 0.809662 0.955373 0.990804 0.998159 0.999634
 0.809662 0.955373 0.990804 0.998159 0.999634
 0.809662 0.955373 0.990804 0.998159 0.999634
 0.809662 0.955373 0.990804 0.998159 0.999634
 0.809662 0.955373 0.990804 0.998159 0.999634
 0.809662 0.955373 0.990804 0.998159 0.999634
 0.809662 0.955373 0.990804 0.998159 0.999634
 0.809662 0.955373 0.990804 0.998159 0.999634
 0.809662 0.955373 0.990804 0.998159 0.999634
 0.809662 0.955373 0.990804 0.998159 0.999634
 0.809662 0.955373 0.990804 0.998159 0.999634
 0.809662 0.955373 0.990804 0.998159 0.999634
 0.809662 0.955373 0.990804 0.998159 0.999634
 0.809662 0.955373 0.990804 0.998159 0.999634
 0.809662 0.955373 0.990804 0.998159 0.999634
 0.809662 0.955373 0.990804 0.998159 0.999634
 0.809662 0.955373 0.990804 0.998159 0.999634
 0.809662 0.955373 0.990804 0.998159 0.999634
 0.809662 0.955373 0.990804 0.998159 0.999634
 0.809662 0.955373 0.990804 0.998159 0.999634
 0.809662 0.955373 0.990804 0.998159 0.999634
 0.809662 0.955373 0.990804 0.998159 0.999634
 0.809662 0.955373 0.990804 0.998159 0.999634
 0.809662 0.955373 0.990804 0.998159 0.999634
 0.809662 0.955373 0.990804 0.998159 0.999634
 0.809662 0.955373 0.990804 0.998159 0.999634
 0.809662 0.955373 0.990804 0.998159 0.999634
 0.809662 0.955373 0.990804 0.998159 0.999634
 0.809662 0.955373 0.990804 0.998159 0.999634
pf_obs 
 0.8446 0.082 0.0669 0.0065 0
 0.8095 0.147 0.0364 0.0071 0
 0.9664 0.0169 0.016 0.0007 0
 0.9276 0.0648 0.0075 0.0001 0
 0.7033 0.2144 0.0806 0.0017 0
 0.9318 0.0425 0.0243 0.0014 0
 0.5671 0.3108 0.0964 0.0239 0.0018
 0.0768 0.2599 0.5324 0.112 0.0189
 0.490249 0.384438 0.106611 0.0170017 0.00170017
 0.7925 0.1577 0.0466 0.003 0.0002
 0.840416 0.127587 0.0312969 0.00059994 9.999e-05
 0.8084 0.0986 0.0794 0.0134 0.0002
 0.7335 0.1905 0.0724 0.0035 0.0001
 0.4001 0.4547 0.1325 0.0127 0
 0.49795 0.308269 0.164784 0.0264974 0.00249975
 0.9179 0.0499 0.0305 0.0017 0
 0.2467 0.6533 0.0926 0.0074 0
 0.9418 0.0223 0.034 0.0019 0
 0.707729 0.231977 0.0356964 0.0245975 0
 0.517169 0.277429 0.184464 0.0207286 0.00020938
 0.811772 0.124168 0.05621 0.00726502 0.000585176
 0.764997 0.148141 0.077277 0.00933861 0.000247198
 0.163321 0.427699 0.378323 0.0303852 0.000271297
 0.753843 0.0900009 0.118128 0.0371064 0.000921714
 0.721811 0.176058 0.0630433 0.0369309 0.00215725
 0.143369 0.312575 0.442814 0.0836902 0.0175525
 0.692698 0.0596174 0.167031 0.0765114 0.00414204
 0.394062 0.376323 0.152708 0.0712218 0.00568511
 0.125707 0.32114 0.495352 0.0537591 0.00404204
 0.23352 0.215282 0.420074 0.123614 0.00750983
pf_pred 
 0.525237 0.144305 0.307987 0.0224708 8.47507e-07
 0.464356 0.327924 0.0631367 0.134752 0.00983187
 0.613859 0.216971 0.103567 0.0199402 0.0456633
 0.757438 0.17014 0.0406931 0.0194241 0.012304
 0.68621 0.259569 0.0380318 0.00909621 0.00709225
 0.776287 0.169207 0.0450876 0.00660618 0.00281196
 0.477522 0.436196 0.0652604 0.0173896 0.00363243
 0.483624 0.306511 0.175207 0.0262132 0.00844392
 0.568579 0.24517 0.110556 0.0631954 0.0125005
 0.758349 0.161414 0.0455973 0.0205614 0.0140781
 0.877201 0.102548 0.0135274 0.00382131 0.00290299
 0.783375 0.197052 0.0163457 0.00215621 0.00107183
 0.560606 0.371555 0.0617093 0.00511885 0.0010109
 0.580126 0.277896 0.120057 0.0199396 0.00198066
 0.952471 0.0354971 0.00796339 0.00344036 0.000628146
 0.92908 0.0687426 0.00162644 0.000364874 0.000186415
 0.393963 0.577496 0.027664 0.000654527 0.000221854
 0.903496 0.0475097 0.0466869 0.00223646 7.08499e-05
 0.715797 0.265478 0.00921843 0.00905878 0.000447693
 0.761144 0.190941 0.0447582 0.00155418 0.00160274
 0.736933 0.217965 0.0360542 0.00845141 0.000596101
 0.761754 0.191798 0.0384842 0.00636577 0.00159744
 0.309152 0.571909 0.0957516 0.0192125 0.00397548
 0.75135 0.0979136 0.124785 0.0208921 0.00505939
 0.685138 0.256216 0.0230935 0.0294312 0.00612079
 0.413043 0.445194 0.115358 0.0103975 0.0160068
 0.744928 0.127847 0.096498 0.0250043 0.00572325
 0.70465 0.238752 0.0283678 0.0214118 0.00681811
 0.354777 0.499109 0.118114 0.0140339 0.0139657
 0.449783 0.242053 0.238379 0.0564122 0.0133729
pobs_RECLAS
 0 0 0 0 0
 0 0 0 0 0
 0 0 0 0 0
 0 0 0 0 0
 0 0 0 0 0
 0 0 0 0 0
 0 0 0 0 0
 0 0 0 0 0
 0 0 0 0 0
 0 0 0 0 0
 0.991045 0.00858322 0.000360255 1.14367e-05 0
 0.934742 0.0480273 0.0164251 0.00080598 0
 0.827803 0.169806 0.00239088 0 0
 0.941827 0.0461693 0.0120037 0 0
 0.791401 0.0380133 0.147996 0.0225897 0
 0.846168 0.0940531 0.0597789 0 0
 0.134021 0.677848 0.182769 0.00536245 0
 0.80878 0.0450904 0.141981 0.00414843 0
 0.846168 0.0940531 0.0597789 0 0
 0.905697 0.0802665 0.012482 0.00150086 5.37128e-05
 0.989698 0.0102097 9.19794e-05 0 0
 0.975433 0.0193895 0.00387452 0.00125025 5.28907e-05
 0.303575 0.632131 0.0575291 0.00676475 0
 0.966965 0.00978017 0.0227588 0.000495775 0
 0.843318 0.132988 0.00938335 0.0141283 0.000182051
 0.564624 0.303363 0.111486 0.0197234 0.00080311
 0.826376 0.0876187 0.0782897 0.00655872 0.00115652
 0.89761 0.0855135 0.0140674 0.00269457 0.000114338
 0.34875 0.467042 0.161289 0.0227151 0.000203297
 0.318654 0.224769 0.449479 0.00709798 0
ppred_RECLAS
 0.604173 0.120312 0.25678 0.0187347 7.06599e-07
 0.54648 0.277647 0.0534567 0.114092 0.00832447
 0.688387 0.175093 0.0835777 0.0160916 0.0368499
 0.814032 0.130444 0.0311988 0.0148922 0.00943331
 0.750886 0.206069 0.0301929 0.00722137 0.00563045
 0.827801 0.130244 0.0347054 0.005085 0.00216446
 0.564348 0.363708 0.0544153 0.0144998 0.00302879
 0.563061 0.259359 0.148254 0.0221807 0.00714495
 0.648557 0.199719 0.0900604 0.05148 0.0101831
 0.816857 0.122333 0.0345575 0.0155832 0.0106696
 0.907692 0.0770848 0.0101685 0.00287247 0.00218217
 0.834819 0.150256 0.0124639 0.00164416 0.000817289
 0.641419 0.303218 0.0503598 0.0041774 0.000824978
 0.68415 0.209047 0.090313 0.0149996 0.00148995
 0.96586 0.0254976 0.00572011 0.00247121 0.000451198
 0.94845 0.0499672 0.00118222 0.000265218 0.0001355
 0.475135 0.500147 0.0239587 0.000566861 0.00019214
 0.928997 0.0349552 0.0343499 0.00164547 5.21278e-05
 0.7807 0.204851 0.00711323 0.00699005 0.000345454
 0.81668 0.146545 0.0343515 0.00119282 0.00123009
 0.795526 0.169418 0.0280239 0.00656903 0.000463332
 0.816881 0.147419 0.0295795 0.00489282 0.00122781
 0.382516 0.511175 0.0855834 0.0171722 0.00355331
 0.806937 0.0760247 0.0968888 0.0162216 0.00392835
 0.750546 0.202992 0.0182962 0.0233173 0.0048493
 0.492646 0.384817 0.099713 0.00898739 0.0138359
 0.80154 0.0994718 0.0750806 0.0194547 0.004453
 0.767102 0.188268 0.0223694 0.0168843 0.00537641
 0.431421 0.439822 0.104084 0.0123669 0.0123068
 0.531336 0.206176 0.203047 0.0480509 0.0113908
pobs_PELACES
 0 0 0 0 0
 0 0 0 0 0
 0 0 0 0 0
 0 0 0 0 0
 0 0 0 0 0
 0 0 0 0 0
 0 0 0 0 0
 0 0 0 0 0
 0 0 0 0 0
 0 0 0 0 0
 0 0 0 0 0
 0 0 0 0 0
 0 0 0 0 0
 0 0 0 0 0
 0 0 0 0 0
 0 0 0 0 0
 0.505614 0.472636 0.0217494 0 0
 0 0 0 0 0
 0.443492 0.261883 0.143347 0.151278 0
 0.227955 0.32914 0.350689 0.0885471 0.00366901
 0.970185 0.0296113 0.000203453 0 0
 0.997202 0.00247181 0.000326279 0 0
 0.445219 0.490057 0.0546422 0.010081 0
 0.90214 0.0892962 0.00764917 0.000914606 0
 0 0 0 0 0
 0.581667 0.319106 0.0959925 0.00289975 0.000334073
 0.762889 0.0836404 0.116647 0.0363945 0.000428098
 0.88444 0.0763242 0.0277011 0.0115352 0
 0.521256 0.241999 0.230069 0.00667565 0
 0.616807 0.101726 0.260614 0.0208532 0
ppred_PELACES
 0.563112 0.129405 0.286429 0.021053 7.9521e-07
 0.511448 0.294242 0.0587528 0.126326 0.00923072
 0.657041 0.189348 0.0937338 0.018181 0.0416961
 0.795427 0.14177 0.0351652 0.0169101 0.0107274
 0.721215 0.229047 0.0348042 0.00838607 0.00654821
 0.806672 0.144867 0.0400333 0.00590918 0.002519
 0.541429 0.380391 0.0590218 0.015844 0.00331446
 0.521648 0.279576 0.165737 0.0249804 0.0080587
 0.619379 0.2126 0.0994244 0.0572545 0.0113421
 0.802191 0.130369 0.0381931 0.0173505 0.0118972
 0.893714 0.088178 0.0120633 0.003433 0.00261185
 0.818211 0.16479 0.0141765 0.00188395 0.000937873
 0.615303 0.323415 0.0557061 0.00465519 0.000920693
 0.689651 0.202781 0.0908547 0.0152015 0.00151224
 0.962288 0.0278844 0.00648755 0.00282357 0.000516294
 0.943126 0.0550615 0.00135106 0.000305346 0.000156232
 0.444877 0.528052 0.0262336 0.000625291 0.000212258
 0.919831 0.0387312 0.039472 0.00190488 6.04347e-05
 0.764228 0.219644 0.00790974 0.00783046 0.00038756
 0.798144 0.160154 0.0389337 0.00136197 0.0014066
 0.77308 0.186778 0.0320412 0.00756649 0.000534474
 0.797688 0.161658 0.0336395 0.0056057 0.00140878
 0.349852 0.534659 0.0928348 0.0187655 0.00388873
 0.7809 0.0843113 0.111434 0.0187954 0.00455836
 0.722428 0.224123 0.0209499 0.0268976 0.00560215
 0.454731 0.409746 0.11011 0.00999817 0.0154148
 0.775548 0.110352 0.086382 0.0225493 0.00516893
 0.739376 0.209034 0.0257579 0.0195862 0.00624599
 0.394737 0.46413 0.11391 0.0136348 0.0135886
 0.4936 0.218027 0.222681 0.0530885 0.0126036
pobs_pel_tallas
 0 0 0 0 0 0 0 0 0 0 0 0 0 0 0 0 0 0 0 0 0 0 0 0 0 0
 0 0 0 0 0 0 0 0 0 0 0 0 0 0 0 0 0 0 0 0 0 0 0 0 0 0
 0 0 0 0 0 0 0 0 0 0 0 0 0 0 0 0 0 0 0 0 0 0 0 0 0 0
 0 0 0 0 0 0 0 0 0 0 0 0 0 0 0 0 0 0 0 0 0 0 0 0 0 0
 0 0 0 0 0 0 0 0 0 0 0 0 0 0 0 0 0 0 0 0 0 0 0 0 0 0
 0 0 0 0 0 0 0 0 0 0 0 0 0 0 0 0 0 0 0 0 0 0 0 0 0 0
 0 0 0 0 0 0 0 0 0 0 0 0 0 0 0 0 0 0 0 0 0 0 0 0 0 0
 0 0 0 0 0 0 0 0 0 0 0 0 0 0 0 0 0 0 0 0 0 0 0 0 0 0
 0 0 0 0 0 0 0 0 0 0 0 0 0 0 0 0 0 0 0 0 0 0 0 0 0 0
 0 0 0 0 0 0 0 0 0 0 0 0 0 0 0 0 0 0 0 0 0 0 0 0 0 0
 0 0 0 0 0 0 0 0 0 0 0 0 0 0 0 0 0 0 0 0 0 0 0 0 0 0
 0 0 0 0 0 0 0 0 0 0 0 0 0 0 0 0 0 0 0 0 0 0 0 0 0 0
 0.00862536 0 0 0.000197151 0.00414017 0.0128641 0.00837892 0.0270097 0.101434 0.158115 0.152841 0.127902 0.109271 0.109419 0.0830992 0.0579132 0.0238553 0.00714673 0.00463305 0.00128148 0.00103504 0.000492878 0.000147863 0.000147863 4.92878e-05 0
 0 0 0 0 0 0 0 0 0 0 0 0 0 0 0 0 0 0 0 0 0 0 0 0 0 0
 0 0 0 0 0 0 0 0.0054083 0.00873648 0.0413646 0.0450493 0.0745869 0.0622846 0.0627006 0.0613931 0.0827291 0.12552 0.122667 0.0946155 0.0697135 0.0546179 0.0294188 0.0215738 0.0213955 0.0102223 0.00600262
 0 0 0 0 0.00359764 0.0251062 0.0480494 0.140153 0.205849 0.193036 0.1447 0.116669 0.0760912 0.0342217 0.00950174 0.001854 0.000860785 0 0 0 0.000165536 0 0.000143464 0 0 0
 0 0 0 0 0 0 0 0.000145254 0.000435761 0.0275982 0.070085 0.0708112 0.156366 0.174668 0.174014 0.160142 0.0824315 0.0480064 0.0283245 0.00493863 0.00203355 0 0 0 0 0
 0 0 0 0 0 0 0 0 0 0 0 0 0 0 0 0 0 0 0 0 0 0 0 0 0 0
 0 0 1.00437e-05 0.000401748 0.00122533 0.00171747 0.00176769 0.0269171 0.070346 0.194647 0.189555 0.159765 0.064822 0.0314167 0.0384472 0.0292271 0.0345202 0.0313363 0.0194345 0.0106764 0.0143323 0.0359363 0.0279516 0.0138201 0.00172751 0
 0 0.0021121 0.0136068 0.0755702 0.200478 0.177729 0.0527432 0.0373336 0.0318909 0.0142505 0.0149659 0.0166563 0.0217959 0.0798694 0.0677717 0.0528807 0.04013 0.0224614 0.0357745 0.0225083 0.00881397 0.00855152 0.00135912 0.000746735 0 0
 0 0 0 0 5.4009e-05 0.00500934 0.000945158 0.0243581 0.138947 0.33067 0.221406 0.137944 0.0707744 0.0437923 0.0131692 0.00525238 0.0047753 0.00276346 9.45158e-05 9.00151e-06 2.25038e-05 9.00151e-06 4.50075e-06 0 0 0
 0.000866109 0.00284123 0.00948549 0.0512746 0.133035 0.25785 0.225252 0.132002 0.0553304 0.0519788 0.0540692 0.017754 0.00435017 0.00159236 0.00146478 0.000404838 0.000125132 0.000115318 0.000107957 0.000100596 0 0 0 0 0 0
 0 0 0 0 0.00144013 0.00171154 0.00461396 0.0210425 0.0478622 0.0707936 0.0888783 0.103762 0.0637923 0.0337046 0.0602308 0.124433 0.169614 0.0934646 0.0462172 0.0250306 0.0313229 0.00938855 0.002487 0.000210481 0 0
 0 0.00764035 0.051015 0.0998891 0.058973 0.0496711 0.0374665 0.0718981 0.12319 0.153886 0.159021 0.0857701 0.0377988 0.023471 0.0147837 0.00900784 0.00315554 0.000888139 0.00291439 0.00214683 0.00393193 0.00274676 0.000635225 9.99891e-05 0 0
 0 0 0 0 0 0 0 0 0 0 0 0 0 0 0 0 0 0 0 0 0 0 0 0 0 0
 0 0 0 0 0 0 0 0 0 0 0 0 0 0 0 0 0 0 0 0 0 0 0 0 0 0
 0 0 0 0 0 0 0 0 0 0 0 0 0 0 0 0 0 0 0 0 0 0 0 0 0 0
 0 0 0 0 0 0 0 0 0 0 0 0 0 0 0 0 0 0 0 0 0 0 0 0 0 0
 0 0 0 0 0 0 0 0 0 0 0 0 0 0 0 0 0 0 0 0 0 0 0 0 0 0
 0 0 0 0 0 0 0 0 0 0 0 0 0 0 0 0 0 0 0 0 0 0 0 0 0 0
ppred_pel_tallas
 1.10411e-16 4.63828e-05 0.000450858 0.00299611 0.0136199 0.0423766 0.0902883 0.131781 0.131794 0.0903515 0.04259 0.0142416 0.00457672 0.00396786 0.00692033 0.0118735 0.0182759 0.0254258 0.0325478 0.0391401 0.0450118 0.0499084 0.0531339 0.0536528 0.0506895 0.0443395
 1.16002e-16 4.21274e-05 0.000409493 0.00272123 0.0123703 0.0384888 0.0820056 0.119695 0.119724 0.0821445 0.0389556 0.0137195 0.00611196 0.00782543 0.0141695 0.0234783 0.0341184 0.043588 0.0494197 0.0506162 0.0482876 0.0448586 0.0424564 0.0417291 0.041822 0.0412422
 1.11633e-16 5.41196e-05 0.000526062 0.00349587 0.0158917 0.0494451 0.105349 0.153763 0.153782 0.105439 0.049747 0.0167651 0.00569384 0.00534354 0.0092606 0.0153757 0.0225046 0.0290716 0.0335116 0.0351347 0.0345095 0.0329762 0.0316944 0.0309923 0.0304171 0.0292567
 1.04563e-16 6.55183e-05 0.000636861 0.00423217 0.0192388 0.0598592 0.127537 0.186147 0.18616 0.127604 0.060084 0.0198885 0.00586457 0.00420555 0.00685852 0.0112762 0.016337 0.0207606 0.0232942 0.0233788 0.0214768 0.0187305 0.0162316 0.0144754 0.0133226 0.0123349
 1.03013e-16 5.94055e-05 0.000577443 0.00383731 0.0174439 0.0542745 0.115638 0.168782 0.168804 0.115746 0.0546368 0.0184904 0.00646447 0.00631341 0.0109557 0.0180249 0.0259769 0.0327038 0.0360986 0.0351926 0.0307264 0.024635 0.0188766 0.0145173 0.0116027 0.0096207
 1.02212e-16 6.64445e-05 0.000645865 0.004292 0.0195108 0.0607054 0.12934 0.188778 0.188792 0.129408 0.0609352 0.0201747 0.00595999 0.00429202 0.00700548 0.0115137 0.0166662 0.0211387 0.0236215 0.0235007 0.0211994 0.0178479 0.0145641 0.0119188 0.00989925 0.00822331
 1.03951e-16 4.45969e-05 0.000433498 0.00288075 0.0130955 0.0407451 0.086813 0.126714 0.126751 0.0869922 0.0413468 0.0148335 0.007244 0.00996003 0.0181417 0.0299329 0.0431424 0.0543098 0.0599317 0.0583862 0.0508851 0.040622 0.0308359 0.0233035 0.0181314 0.014524
 1.08724e-16 4.29675e-05 0.00041766 0.0027755 0.012617 0.0392564 0.0836409 0.122082 0.122109 0.0837736 0.0397027 0.0139087 0.0060275 0.00754904 0.0136813 0.0227967 0.0334111 0.0432175 0.0498542 0.0521793 0.0508314 0.0475537 0.0438848 0.0403243 0.0364917 0.031871
 1.10585e-16 5.10174e-05 0.000495908 0.00329548 0.0149808 0.0466109 0.0993103 0.144951 0.144971 0.0994111 0.0469498 0.0159612 0.00576279 0.00590348 0.0103847 0.0172564 0.0252565 0.0326241 0.0376032 0.0394159 0.0386864 0.0368861 0.0352628 0.0341249 0.0329311 0.0309134
 1.04889e-16 6.60754e-05 0.000642276 0.00426815 0.0194024 0.0603682 0.128621 0.187729 0.187742 0.128683 0.0605751 0.0200006 0.00577164 0.00393079 0.0063307 0.0104125 0.0151159 0.0192739 0.0217494 0.0220373 0.0205571 0.0183336 0.0163273 0.0149432 0.0140113 0.0131076
 1.01158e-16 7.3614e-05 0.000715555 0.00475511 0.0216161 0.0672556 0.143296 0.209146 0.209154 0.143337 0.0673951 0.0220188 0.00576606 0.00292249 0.0042651 0.00693499 0.00998429 0.012559 0.0138434 0.0134649 0.0117125 0.00933789 0.00710321 0.00542535 0.00432325 0.00359502
 1.00799e-16 6.7395e-05 0.000655103 0.00435339 0.0197899 0.0615738 0.13119 0.191479 0.191495 0.131268 0.0618341 0.0205414 0.00623907 0.004769 0.0078729 0.012889 0.0185135 0.0231814 0.0253451 0.0242894 0.0205566 0.0155863 0.0108696 0.00727172 0.00490972 0.00345979
 1.02313e-16 5.06818e-05 0.000492645 0.0032738 0.0148822 0.0463043 0.0986574 0.144 0.144031 0.0988098 0.046816 0.0163603 0.00698457 0.00859509 0.0154438 0.0254642 0.036705 0.04621 0.0509885 0.049639 0.0431593 0.034233 0.0256003 0.0187934 0.0139677 0.0105379
 1.04455e-16 5.68057e-05 0.000552171 0.00366937 0.0166804 0.0518992 0.110577 0.161395 0.161415 0.110673 0.0522219 0.0176139 0.00601714 0.00569314 0.00986668 0.0163423 0.023817 0.0305357 0.0347281 0.0355475 0.0335107 0.0300214 0.0263972 0.0232013 0.0202852 0.0172823
 1.00565e-16 7.92624e-05 0.000770459 0.00511997 0.0232746 0.0724161 0.15429 0.225192 0.225194 0.154303 0.0724603 0.0234023 0.00544076 0.00147152 0.00141304 0.00221677 0.00320032 0.00405569 0.00452817 0.00450296 0.00406719 0.00344471 0.00285446 0.002404 0.0020812 0.00181686
 1.00111e-16 7.7684e-05 0.000755117 0.00501802 0.0228112 0.070974 0.151218 0.220708 0.220713 0.151244 0.0710609 0.0230619 0.00564683 0.00212612 0.00267644 0.00428853 0.00613921 0.00765471 0.00830881 0.00786105 0.00649967 0.00472239 0.00305065 0.00179557 0.00100865 0.000579468
 1.00991e-16 3.6644e-05 0.000356193 0.00236703 0.0107602 0.0334793 0.071333 0.104123 0.104174 0.0715812 0.0343126 0.013166 0.00840197 0.0135171 0.024992 0.0411544 0.0590345 0.0737156 0.0802067 0.0761973 0.0634544 0.0466821 0.0307992 0.0187287 0.0109551 0.00647146
 1.01351e-16 7.57653e-05 0.000736466 0.00489407 0.0222478 0.069221 0.147483 0.215256 0.21526 0.147501 0.0692834 0.0224285 0.00535027 0.00174065 0.00200714 0.00326128 0.00483662 0.00638443 0.00759289 0.00829909 0.00854753 0.00849455 0.00824837 0.00779353 0.00705238 0.0060035
 1.01136e-16 6.29485e-05 0.000611882 0.00406617 0.0184842 0.0575114 0.122535 0.178848 0.178869 0.122638 0.057858 0.0194848 0.00657606 0.00608531 0.0104414 0.0171188 0.0245535 0.030667 0.0333908 0.0317801 0.02659 0.0197935 0.0134369 0.008711 0.00576619 0.00411981
 1.0154e-16 6.57421e-05 0.000639036 0.00424662 0.0193045 0.0600637 0.127973 0.186783 0.186798 0.128048 0.0603174 0.0200377 0.00608819 0.00466282 0.00771815 0.0126826 0.018325 0.0231695 0.0257488 0.02537 0.0225013 0.0184162 0.014399 0.0111445 0.00870072 0.00679651
 1.01822e-16 6.36776e-05 0.000618969 0.00411327 0.0186983 0.0581775 0.123954 0.180918 0.180936 0.124042 0.0584731 0.0195521 0.00625671 0.00529953 0.00895704 0.0147177 0.0212198 0.026735 0.0295427 0.0288439 0.0252231 0.0202312 0.0154389 0.0117052 0.00908307 0.00719855
 1.01813e-16 6.57046e-05 0.000638672 0.0042442 0.0192935 0.0600294 0.1279 0.186676 0.186692 0.127976 0.0602854 0.0200331 0.00610143 0.00469566 0.00777834 0.0127751 0.0184426 0.0232869 0.0258269 0.0253712 0.0224129 0.0182662 0.0142539 0.0110873 0.00879768 0.00707037
 1.05356e-16 2.88169e-05 0.000280111 0.00186144 0.00846186 0.0263283 0.0560971 0.0818861 0.0819377 0.056349 0.0271743 0.0109058 0.00799738 0.0136791 0.0254882 0.0421232 0.0607502 0.0765449 0.0845919 0.0826033 0.0722511 0.0579731 0.0442657 0.0335898 0.0261009 0.0207307
 1.05894e-16 6.43218e-05 0.00062523 0.00415488 0.0188875 0.058766 0.125207 0.182746 0.182754 0.125248 0.0589026 0.0192843 0.00515863 0.00284213 0.00435002 0.00728674 0.0109509 0.014734 0.0180353 0.0205435 0.0223306 0.0236176 0.0244342 0.0245032 0.0234494 0.0211241
 1.04308e-16 5.95055e-05 0.000578414 0.00384377 0.0174732 0.0543658 0.115833 0.169066 0.169088 0.115938 0.05472 0.0184963 0.00641147 0.00618286 0.0107013 0.0175932 0.0253327 0.0318566 0.035117 0.0342029 0.0298985 0.024163 0.0189509 0.0152817 0.0130989 0.0117472
 1.06894e-16 3.74557e-05 0.000364083 0.00241946 0.0109985 0.0342207 0.0729124 0.106426 0.106466 0.0731058 0.0348704 0.012876 0.007136 0.0106733 0.0196545 0.0325326 0.0470914 0.0596991 0.0666575 0.0662352 0.0596458 0.0501167 0.0408473 0.0334818 0.0279895 0.0235429
 1.05658e-16 6.38809e-05 0.000620945 0.0041264 0.018758 0.0583632 0.124349 0.181494 0.181504 0.124402 0.0585401 0.0192706 0.00541876 0.00346113 0.00551371 0.00916052 0.0135332 0.0177406 0.0209051 0.022609 0.0230808 0.0229074 0.0225255 0.0219336 0.0208178 0.0189003
 1.03819e-16 6.09014e-05 0.000591984 0.00393394 0.0178831 0.0556412 0.11855 0.173032 0.173052 0.118649 0.0559717 0.0188379 0.00633054 0.00582408 0.00999884 0.0164379 0.0236863 0.0298202 0.0329302 0.0321575 0.0282125 0.0228926 0.017994 0.0144581 0.0122508 0.0108035
 1.07073e-16 3.2514e-05 0.000316048 0.00210025 0.00954747 0.029706 0.0632933 0.0923879 0.0924327 0.0635123 0.0304415 0.0116729 0.00743896 0.0119825 0.0222246 0.0367823 0.0531973 0.0673432 0.0750136 0.0742424 0.0664239 0.0552614 0.0444445 0.035898 0.0296233 0.0246812
 1.13939e-16 4.06572e-05 0.000395203 0.00262626 0.0119386 0.0371456 0.0791434 0.115517 0.115538 0.0792477 0.0374969 0.0129575 0.00519909 0.00606262 0.0109539 0.0184372 0.0274756 0.0364842 0.0438311 0.0487181 0.0514944 0.0530632 0.0539217 0.0537088 0.0515874 0.0470168
pSPR Fmed_Fpbrs
0.554815   0.6 0.325
Fs Fmed_Fpbrs
0.34   0.29044 0.715686
SSBpbr Bo_Bmed_Bpbrs
1.1181e+06  564433  614954 307477
Ro
120455
SPR SPRFo_SPRFmed_SPRFpbrs
857459 475731 278674
Fref
0.29044
Nvult_r0
 34664.7 14658 14435.5 3416.16 809.823
CTP_r0
 6061.63 3299.1 3249.02 768.879 182.267
YTP_r0
213758
Np
 166976 49696.3 3723.78 1368.4 1718.43
Nvult_p0
 117280 36022.4 2699.19 991.887 1245.61
CTP_p0
 20508.1 2207.92 811.358 799.043 235.597
 20508.1 8107.59 607.508 223.245 280.35
YTP_p0
 246020 327606
CBA_c0
223436
log_Ro
11.519
likeval ReclasPelacesDesembMPH_pf_preclas_ppelaces_ptallas_desvR_qrecl_qpela
 14.449 16.0527 0.028337 25.797 215.754 116.63 101.128 0 24.4429 1.26632e-05 4.07273e-05 0.104998 7.33862e-16 0 0
q_reclas_q_pelaces
1.6541 2.46581
M
1
N
 161269 33215.3 70890.8 5172.21 0.195075
 91456.4 49457.5 9522.29 20323.3 1482.84
 88813.3 24023.6 11467.2 2207.84 5055.96
 133739 23438.5 5605.89 2675.87 1695
 107350 30341.5 4445.61 1063.27 829.026
 203574 33683.6 8975.48 1315.08 559.77
 78541.4 57069.7 8538.36 2275.17 475.249
 32135.2 15120.3 8642.99 1293.1 416.54
 31398.3 10540.2 4752.97 2716.88 537.416
 42640.5 7249.86 2047.99 923.511 632.315
 90951.3 7907.65 1043.13 294.669 223.856
 151098 29472 2444.73 322.493 160.307
 69629.3 36017.5 5981.93 496.208 97.9941
 37853.9 15754.1 6806.09 1130.38 112.284
 89187.5 2627.01 589.342 254.608 46.4868
 313497 18163.9 429.756 96.4109 49.2565
 61210.5 69020 3306.29 78.2264 26.5151
 381010 15534.7 15265.7 731.278 23.1665
 309370 90868.7 3155.31 3100.67 153.238
 318060 61912.8 14512.9 503.944 519.691
 333590 75402.7 12472.5 2923.67 206.215
 457418 88977.9 17853.4 2953.17 741.074
 80104.5 112248 18793.1 3770.82 780.265
 231635 22811.5 29071.8 4867.34 1178.71
 237675 67094.7 6047.42 7707.07 1602.84
 85832.8 69384.8 17978.8 1620.48 2494.7
 202443 26240.6 19806.2 5132.15 1174.7
 231345 58884.5 6996.47 5280.89 1681.58
 66250.7 69917.2 16545.9 1965.93 1956.37
 49353.5 20222.1 19915.2 4712.92 1117.23
pred_Ctot
 17213 4729.11 10093.3 736.406 0.0277743
 16990.3 11998.4 2310.11 4930.43 359.739
 16300.3 5761.4 2750.1 529.489 1212.53
 33693.2 7568.38 1810.16 864.046 547.322
 10110.5 3824.45 560.353 134.022 104.496
 31305.8 6823.72 1818.28 266.412 113.4
 24927.9 22770.5 3406.76 907.78 189.622
 2222.95 1408.86 805.327 120.487 38.8119
 7673.54 3308.81 1492.06 852.886 168.707
 14119.6 3005.34 848.969 382.83 262.118
 6922.39 809.249 106.751 30.1557 22.9088
 34825 8759.95 726.647 95.8546 47.6481
 17622.2 11679.5 1939.78 160.907 31.7768
 22022.9 10549.5 4557.64 756.951 75.19
 26391.3 983.562 220.651 95.3262 17.4048
 82935 6136.36 145.186 32.5708 16.6404
 12365.9 18126.8 868.333 20.5447 6.96369
 87728.1 4613.12 4533.23 217.157 6.87942
 93643.3 34730.9 1205.99 1185.1 58.5689
 74075 18582.5 4355.9 151.254 155.98
 59513.8 17602.6 2911.69 682.525 48.1404
 99477.4 25046.9 5025.64 831.305 208.609
 11680 21607.2 3617.58 725.865 150.197
 31745.9 4137.03 5272.39 882.728 213.768
 31606.2 11819.6 1065.33 1357.7 282.359
 9307.38 10031.9 2599.43 234.293 360.691
 27305.3 4686.23 3537.14 916.534 209.786
 26522.5 8986.45 1067.74 805.924 256.628
 7240.46 10186 2410.52 286.411 285.019
 8134.71 4377.73 4311.29 1020.26 241.86
F
 0.181958 0.249375 0.249375 0.249375 0.249375
 0.336826 0.461621 0.461621 0.461621 0.461621
 0.332154 0.455219 0.455219 0.455219 0.455219
 0.483373 0.662466 0.662466 0.662466 0.662466
 0.159081 0.218021 0.218021 0.218021 0.218021
 0.271756 0.372443 0.372443 0.372443 0.372443
 0.64759 0.887525 0.887525 0.887525 0.887525
 0.114751 0.157266 0.157266 0.157266 0.157266
 0.465772 0.638342 0.638342 0.638342 0.638342
 0.684974 0.938761 0.938761 0.938761 0.938761
 0.126884 0.173895 0.173895 0.173895 0.173895
 0.433925 0.594697 0.594697 0.594697 0.594697
 0.486088 0.666186 0.666186 0.666186 0.666186
 1.66789 2.28585 2.28585 2.28585 2.28585
 0.591305 0.810386 0.810386 0.810386 0.810386
 0.513395 0.70361 0.70361 0.70361 0.70361
 0.37124 0.508787 0.508787 0.508787 0.508787
 0.433411 0.593991 0.593991 0.593991 0.593991
 0.60881 0.834377 0.834377 0.834377 0.834377
 0.439398 0.602198 0.602198 0.602198 0.602198
 0.321525 0.440651 0.440651 0.440651 0.440651
 0.404886 0.554898 0.554898 0.554898 0.554898
 0.256068 0.350942 0.350942 0.350942 0.350942
 0.23906 0.327632 0.327632 0.327632 0.327632
 0.231236 0.31691 0.31691 0.31691 0.31691
 0.185093 0.253671 0.253671 0.253671 0.253671
 0.234879 0.321903 0.321903 0.321903 0.321903
 0.1966 0.269441 0.269441 0.269441 0.269441
 0.186667 0.255828 0.255828 0.255828 0.255828
 0.293829 0.402694 0.402694 0.402694 0.402694
YTP_r0W_actual
 44249.9 52455.6 86099 24373.5 6579.86
YTP_p0W_proyectada
 154631 38528.2 19529.4 25026 8304.81
 154631 141477 14622.7 6992.03 9882.32
CTP_r0_actual
 6061.63 3299.1 3249.02 768.879 182.267
CTP_p0_proyectada
 20508.1 2207.92 811.358 799.043 235.597
 20508.1 8107.59 607.508 223.245 280.35
Wmedp
 7.54 17.45 24.07 31.32 35.25
Frms_r0
 0.211922 0.29044 0.29044 0.29044 0.29044
Zrms_r0
 1.21192 1.29044 1.29044 1.29044 1.29044
nmprior
 7.29 8.9 8.7 0
nm_flota  nm_reclas  nm_pelaces    nm_pelaL
inf 12.5921 12.9392 21.5917
cv_recla  cv_pelaces  cv_mph
0.351921 0.471454 0.430974
 ------------------------------------------------
Talla a la edad & desviaci?n 
 8 13.2811 15.8009 17.003 17.5766
 0.8 1.32811 1.58009 1.7003 1.75766
