years
 1991 1992 1993 1994 1995 1996 1997 1998 1999 2000 2001 2002 2003 2004 2005 2006 2007 2008 2009 2010 2011 2012 2013 2014 2015 2016 2017 2018 2019
reclasobs
 0 0 0 0 0 0 0 0 0 252601 567819 844713 477998 351125 339783 2.1784e+06 2.13404e+06 4.81314e+06 1.55562e+06 2.62356e+06 3.21686e+06 3.843e+06 1.13348e+06 3.07943e+06 1.97215e+06 2.03268e+06 2.025e+06 2.42433e+06 2.27542e+06
reclaspred
 4.22881e+06 2.35077e+06 1.14066e+06 1.03812e+06 1.17723e+06 1.97635e+06 1.28973e+06 982495 614924 346728 493281 875189 770965 175210 442104 1.4853e+06 1.90547e+06 2.03799e+06 2.48959e+06 2.48105e+06 4.50921e+06 2.9561e+06 1.93975e+06 2.15586e+06 1.78613e+06 1.70451e+06 2.81419e+06 2.87346e+06 2.7896e+06
pelacesobs
 0 0 0 0 0 0 0 0 0 0 0 0 0 0 0 552880 188675 0 991730 2.46772e+06 1.41603e+06 1.21717e+06 2.29649e+06 1.80582e+06 0 1.4828e+06 1.56532e+06 1.57751e+06 1.42118e+06
pelacespred
 643892 371077 175943 131409 171053 291010 163931 165410 94847.9 44866.8 79295.6 112447 104255 14335.2 65694.9 197910 252228 282166 376949 353483 620933 452549 288144 349148 274835 257996 528643 511842 424418
mphobs
 0 0 0 0 0 0 0 0 0 0 0 0 498337 0 5186 125008 0 168611 109162 213762 579715 649985 157893 87575 83554 210694 70296 0 107559
mphpred
 1.36436e+06 921486 430180 239774 281757 364285 527822 250040 221594 114939 61714.5 192168 232211 108050 13633.1 133170 564091 431035 445904 635587 807250 933559 554794 365629 537235 407943 390828 832869 844755
desembarqueobs
 494567 514787 250237 358949 120608 361735 552515 73892 212993 205616 52469 317467 293654 387597 252695 516296 358380 742168 942051 627588 828172 859565 418607 520667 417249 300574 415391 372974 316634
desembarquepred
 494566 514152 250535 358969 120612 361731 552517 73898 213069 205682 52471.6 317499 293757 387878 252636 516185 358522 742115 941374 627266 828248 859720 418676 520799 417261 300541 415356 372987 316588
Reclutas
 156911 91676.8 85360.9 130960 102431 196528 74425.9 28684.4 27480.7 39723 77607.2 125608 77204.9 38062.4 78354.7 353849 58794.5 264616 458897 288818 347692 295577 63447.3 172430 164604 79062.8 286729 167502 96443.4
log_desv_Rt
 0.297827 -0.239579 -0.31096 0.117047 -0.128658 0.522958 -0.448045 -1.40149 -1.44436 -1.07592 -0.406188 0.0753188 -0.411386 -1.11862 -0.396603 1.11102 -0.6838 0.820432 1.37098 0.907948 1.09347 0.931081 -0.607639 0.392143 0.345697 -0.387606 0.900689 0.363146 -0.188892
SSB
 1.36436e+06 921486 430180 239774 281757 364285 527822 250040 221594 114939 61714.5 192168 219888 103741 13107.1 128881 564091 431035 461659 655527 853907 1.0482e+06 655552 412126 562362 456516 406314 832869 877902
BT
 2.05332e+06 1.44371e+06 685853 722027 599519 1.31972e+06 916868 568728 491535 341953 346526 643620 595207 438728 542932 1.22902e+06 953027 1.65458e+06 2.3074e+06 1.61911e+06 2.7728e+06 2.10483e+06 1.15923e+06 1.76511e+06 1.1785e+06 1.04608e+06 2.47831e+06 1.9117e+06 1.36727e+06
Ftot
 0.288502 0.534085 0.527474 0.726258 0.237319 0.389759 0.969684 0.179276 0.760147 1.19108 0.210274 0.749277 0.817673 3.06926 0.96729 0.636982 0.455121 0.742733 0.736165 0.544593 0.404734 0.654594 0.5171 0.496354 0.523654 0.406199 0.295293 0.290848 0.282969
BD_Bspro_t
 0.954889 0.703957 0.460879 0.357693 0.368209 0.479694 0.499569 0.289148 0.335129 0.245185 0.189879 0.506589 0.396309 0.197209 0.0338814 0.25122 0.464556 0.376385 0.354713 0.391849 0.39757 0.438706 0.363362 0.306833 0.408838 0.409549 0.435174 0.626476 0.625018
BD_Bspro
 1.64792 1.113 0.519585 0.289607 0.340315 0.439995 0.63752 0.302006 0.267648 0.138826 0.0745407 0.232107 0.265588 0.125302 0.0158312 0.155667 0.681327 0.520618 0.557606 0.791767 1.03138 1.26604 0.791797 0.497778 0.679238 0.551395 0.490759 1.00597 1.06036
BD_Bo
 1.44664 0.977053 0.456121 0.254233 0.298748 0.386252 0.55965 0.265118 0.234957 0.12187 0.065436 0.203756 0.233148 0.109997 0.0138975 0.136653 0.598107 0.457028 0.489498 0.695057 0.905399 1.1114 0.695083 0.436978 0.596273 0.484045 0.430816 0.883092 0.930842
BD_Brms
 8.50861 5.74669 2.68274 1.49531 1.75713 2.2718 3.29167 1.55933 1.38193 0.716794 0.384871 1.19842 1.37129 0.646964 0.0817402 0.803744 3.51786 2.68808 2.87906 4.08808 5.32524 6.53689 4.08824 2.57015 3.50707 2.84698 2.53391 5.19404 5.47489
Sel_flota
 0.759871 1 1 1 1
 0.759871 1 1 1 1
 0.759871 1 1 1 1
 0.759871 1 1 1 1
 0.759871 1 1 1 1
 0.759871 1 1 1 1
 0.759871 1 1 1 1
 0.759871 1 1 1 1
 0.759871 1 1 1 1
 0.759871 1 1 1 1
 0.759871 1 1 1 1
 0.759871 1 1 1 1
 0.759871 1 1 1 1
 0.759871 1 1 1 1
 0.759871 1 1 1 1
 0.759871 1 1 1 1
 0.759871 1 1 1 1
 0.759871 1 1 1 1
 0.759871 1 1 1 1
 0.759871 1 1 1 1
 0.759871 1 1 1 1
 0.759871 1 1 1 1
 0.759871 1 1 1 1
 0.759871 1 1 1 1
 0.759871 1 1 1 1
 0.759871 1 1 1 1
 0.759871 1 1 1 1
 0.759871 1 1 1 1
 0.759871 1 1 1 1
Sel_reclas
 0.5 1 1 1 1
 0.5 1 1 1 1
 0.5 1 1 1 1
 0.5 1 1 1 1
 0.5 1 1 1 1
 0.5 1 1 1 1
 0.5 1 1 1 1
 0.5 1 1 1 1
 0.5 1 1 1 1
 0.5 1 1 1 1
 0.5 1 1 1 1
 0.5 1 1 1 1
 0.5 1 1 1 1
 0.5 1 1 1 1
 0.5 1 1 1 1
 0.5 1 1 1 1
 0.5 1 1 1 1
 0.5 1 1 1 1
 0.5 1 1 1 1
 0.5 1 1 1 1
 0.5 1 1 1 1
 0.5 1 1 1 1
 0.5 1 1 1 1
 0.5 1 1 1 1
 0.5 1 1 1 1
 0.5 1 1 1 1
 0.5 1 1 1 1
 0.5 1 1 1 1
 0.5 1 1 1 1
Sel_pelaces
 0.5 1 1 1 1
 0.5 1 1 1 1
 0.5 1 1 1 1
 0.5 1 1 1 1
 0.5 1 1 1 1
 0.5 1 1 1 1
 0.5 1 1 1 1
 0.5 1 1 1 1
 0.5 1 1 1 1
 0.5 1 1 1 1
 0.5 1 1 1 1
 0.5 1 1 1 1
 0.5 1 1 1 1
 0.5 1 1 1 1
 0.5 1 1 1 1
 0.5 1 1 1 1
 0.5 1 1 1 1
 0.5 1 1 1 1
 0.5 1 1 1 1
 0.5 1 1 1 1
 0.5 1 1 1 1
 0.5 1 1 1 1
 0.5 1 1 1 1
 0.5 1 1 1 1
 0.5 1 1 1 1
 0.5 1 1 1 1
 0.5 1 1 1 1
 0.5 1 1 1 1
 0.5 1 1 1 1
pf_obs 
 0.8446 0.082 0.0669 0.0065 0
 0.8095 0.147 0.0364 0.0071 0
 0.9664 0.0169 0.016 0.0007 0
 0.9276 0.0648 0.0075 0.0001 0
 0.7033 0.2144 0.0806 0.0017 0
 0.9318 0.0425 0.0243 0.0014 0
 0.5671 0.3108 0.0964 0.0239 0.0018
 0.0768 0.2599 0.5324 0.112 0.0189
 0.490249 0.384438 0.106611 0.0170017 0.00170017
 0.7925 0.1577 0.0466 0.003 0.0002
 0.840416 0.127587 0.0312969 0.00059994 9.999e-05
 0.8084 0.0986 0.0794 0.0134 0.0002
 0.7335 0.1905 0.0724 0.0035 0.0001
 0.4001 0.4547 0.1325 0.0127 0
 0.49795 0.308269 0.164784 0.0264974 0.00249975
 0.9179 0.0499 0.0305 0.0017 0
 0.2467 0.6533 0.0926 0.0074 0
 0.9418 0.0223 0.034 0.0019 0
 0.707729 0.231977 0.0356964 0.0245975 0
 0.517169 0.277429 0.184464 0.0207286 0.00020938
 0.811772 0.124168 0.05621 0.00726502 0.000585176
 0.764997 0.148141 0.077277 0.00933861 0.000247198
 0.163321 0.427699 0.378323 0.0303852 0.000271297
 0.753843 0.0900009 0.118128 0.0371064 0.000921714
 0.721811 0.176058 0.0630433 0.0369309 0.00215725
 0.143369 0.312575 0.442814 0.0836902 0.0175525
 0.692698 0.0596174 0.167031 0.0765114 0.00414204
 0.394062 0.376323 0.152708 0.0712218 0.00568511
 0.125707 0.32114 0.495352 0.0537591 0.00404204
pf_pred 
 0.565888 0.146166 0.267546 0.020399 8.68303e-07
 0.503011 0.318763 0.0600087 0.109842 0.00837522
 0.641397 0.211748 0.0941915 0.017732 0.034932
 0.783679 0.155307 0.0360277 0.0160261 0.00896048
 0.707289 0.246411 0.033241 0.00771116 0.00534799
 0.790606 0.160587 0.0410869 0.00554266 0.0021775
 0.489723 0.428765 0.0625126 0.0159942 0.00300528
 0.50169 0.29641 0.169649 0.0247342 0.00751747
 0.582815 0.240358 0.105182 0.0602005 0.0114447
 0.797967 0.136089 0.0379935 0.0166262 0.011325
 0.897775 0.0881779 0.009462 0.00264162 0.0019434
 0.794493 0.18959 0.0137299 0.0014733 0.000713919
 0.672113 0.278954 0.045143 0.0032692 0.000520794
 0.631148 0.27793 0.0773526 0.0125179 0.00105095
 0.974295 0.0204884 0.00393044 0.00109391 0.000191889
 0.952947 0.0462552 0.000636125 0.000122033 3.99215e-05
 0.359705 0.619182 0.0207553 0.000285437 7.26709e-05
 0.860992 0.0613732 0.0750745 0.00251654 4.34199e-05
 0.858327 0.127679 0.00617865 0.00755801 0.00025772
 0.682495 0.285481 0.0288605 0.00139662 0.00176667
 0.746587 0.191109 0.0560201 0.00566331 0.000620735
 0.67078 0.264841 0.0485504 0.0142317 0.00159643
 0.363652 0.475601 0.129313 0.0237055 0.00772831
 0.795952 0.0914361 0.0841653 0.022884 0.00556271
 0.71866 0.238219 0.0193229 0.0177864 0.00601155
 0.5461 0.355932 0.0829531 0.00672865 0.00828695
 0.868025 0.0827375 0.0386105 0.00899854 0.00162885
 0.582985 0.375452 0.0260565 0.0121596 0.00334689
 0.500492 0.328372 0.154079 0.0106932 0.00636361
pobs_RECLAS
 0 0 0 0 0
 0 0 0 0 0
 0 0 0 0 0
 0 0 0 0 0
 0 0 0 0 0
 0 0 0 0 0
 0 0 0 0 0
 0 0 0 0 0
 0 0 0 0 0
 0 0 0 0 0
 0.991045 0.00858322 0.000360255 1.14367e-05 0
 0.934742 0.0480273 0.0164251 0.00080598 0
 0.827803 0.169806 0.00239088 0 0
 0.941827 0.0461693 0.0120037 0 0
 0.791401 0.0380133 0.147996 0.0225897 0
 0.846168 0.0940531 0.0597789 0 0
 0.134021 0.677848 0.182769 0.00536245 0
 0.80878 0.0450904 0.141981 0.00414843 0
 0.846168 0.0940531 0.0597789 0 0
 0.905697 0.0802665 0.012482 0.00150086 5.37128e-05
 0.989698 0.0102097 9.19794e-05 0 0
 0.975433 0.0193895 0.00387452 0.00125025 5.28907e-05
 0.303575 0.632131 0.0575291 0.00676475 0
 0.966965 0.00978017 0.0227588 0.000495775 0
 0.843318 0.132988 0.00938335 0.0141283 0.000182051
 0.564624 0.303363 0.111486 0.0197234 0.00080311
 0.826376 0.0876187 0.0782897 0.00655872 0.00115652
 0.89761 0.0855135 0.0140674 0.00269457 0.000114338
 0.34875 0.467042 0.161289 0.0227151 0.000203297
ppred_RECLAS
 0.463468 0.180651 0.330669 0.0252117 1.07316e-06
 0.403399 0.382653 0.0720365 0.131858 0.0100539
 0.544338 0.269059 0.119685 0.0225313 0.0443867
 0.709201 0.208778 0.0484316 0.0215438 0.0120455
 0.615222 0.323915 0.0436964 0.0101366 0.0070301
 0.715086 0.218504 0.0559054 0.00754169 0.00296285
 0.395177 0.508208 0.0740952 0.0189576 0.00356211
 0.39946 0.357219 0.204453 0.0298086 0.00905971
 0.485023 0.2967 0.129838 0.074312 0.0141274
 0.731214 0.181053 0.0505467 0.0221196 0.0150668
 0.853094 0.126719 0.0135977 0.00379624 0.00279283
 0.722618 0.255898 0.0185318 0.00198857 0.000963606
 0.580799 0.356641 0.057715 0.00417965 0.000665832
 0.576013 0.319475 0.0889152 0.0143891 0.00120804
 0.962689 0.0297396 0.00570518 0.00158785 0.000278534
 0.93143 0.0674071 0.000927016 0.000177837 5.81771e-05
 0.272331 0.703675 0.0235875 0.000324388 8.25875e-05
 0.806673 0.0853555 0.104411 0.00349991 6.03868e-05
 0.80316 0.177396 0.0085846 0.0105011 0.000358075
 0.589593 0.369013 0.0373051 0.00180528 0.0022836
 0.662087 0.254833 0.0746998 0.00755172 0.000827716
 0.57762 0.339784 0.0622888 0.0182588 0.00204818
 0.27617 0.540985 0.14709 0.0269644 0.00879076
 0.722409 0.124391 0.1145 0.0311318 0.00756761
 0.630432 0.312924 0.0253825 0.0233642 0.00789676
 0.444502 0.4356 0.101521 0.00823474 0.0101418
 0.813409 0.116977 0.0545887 0.0127224 0.00230292
 0.480915 0.467349 0.0324342 0.0151359 0.00416608
 0.398989 0.395099 0.185389 0.0128661 0.00765673
pobs_PELACES
 0 0 0 0 0
 0 0 0 0 0
 0 0 0 0 0
 0 0 0 0 0
 0 0 0 0 0
 0 0 0 0 0
 0 0 0 0 0
 0 0 0 0 0
 0 0 0 0 0
 0 0 0 0 0
 0 0 0 0 0
 0 0 0 0 0
 0 0 0 0 0
 0 0 0 0 0
 0 0 0 0 0
 0 0 0 0 0
 0.505614 0.472636 0.0217494 0 0
 0 0 0 0 0
 0.443492 0.261883 0.143347 0.151278 0
 0.227955 0.32914 0.350689 0.0885471 0.00366901
 0.970185 0.0296113 0.000203453 0 0
 0.997202 0.00247181 0.000326279 0 0
 0.445219 0.490057 0.0546422 0.010081 0
 0.90214 0.0892962 0.00764917 0.000914606 0
 0 0 0 0 0
 0.581667 0.319106 0.0959925 0.00289975 0.000334073
 0.762889 0.0836404 0.116647 0.0363945 0.000428098
 0.88444 0.0763242 0.0277011 0.0115352 0
 0.521256 0.241999 0.230069 0.00667565 0
ppred_PELACES
 0.469157 0.178735 0.327162 0.0249444 1.06178e-06
 0.413624 0.376095 0.0708017 0.129598 0.00988156
 0.554684 0.26295 0.116967 0.0220197 0.0433788
 0.720926 0.20036 0.046479 0.0206752 0.0115598
 0.619664 0.320175 0.0431919 0.0100195 0.00694894
 0.721336 0.213711 0.0546789 0.00737624 0.00289785
 0.413682 0.492659 0.0718282 0.0183776 0.00345312
 0.402872 0.355189 0.203291 0.0296392 0.00900823
 0.500078 0.288026 0.126042 0.0721396 0.0137144
 0.749355 0.168833 0.0471352 0.0206267 0.0140499
 0.85517 0.124929 0.0134056 0.00374259 0.00275337
 0.734361 0.245065 0.0177473 0.00190439 0.000922814
 0.596487 0.343294 0.0555551 0.00402323 0.000640914
 0.634052 0.275742 0.0767436 0.0124194 0.00104267
 0.965346 0.0276213 0.0052988 0.00147474 0.000258694
 0.934584 0.0643061 0.000884371 0.000169655 5.55007e-05
 0.279536 0.696707 0.023354 0.000321176 8.17698e-05
 0.815687 0.081376 0.0995429 0.00333673 5.75714e-05
 0.81222 0.169231 0.00818949 0.0100178 0.000341594
 0.599993 0.359662 0.0363597 0.00175953 0.00222573
 0.669225 0.24945 0.0731219 0.0073922 0.000810232
 0.590222 0.329647 0.0604304 0.0177141 0.00198707
 0.284436 0.534807 0.14541 0.0266565 0.00869037
 0.730227 0.120888 0.111275 0.030255 0.00735448
 0.640047 0.304784 0.0247222 0.0227563 0.00769132
 0.452464 0.429357 0.100066 0.00811671 0.00999648
 0.816935 0.114766 0.0535573 0.012482 0.00225941
 0.486671 0.462167 0.0320746 0.014968 0.00411989
 0.404378 0.391557 0.183726 0.0127507 0.00758807
pobs_pel_tallas
 0 0 0 0 0 0 0 0 0 0 0 0 0 0 0 0 0 0 0 0 0 0 0 0 0 0
 0 0 0 0 0 0 0 0 0 0 0 0 0 0 0 0 0 0 0 0 0 0 0 0 0 0
 0 0 0 0 0 0 0 0 0 0 0 0 0 0 0 0 0 0 0 0 0 0 0 0 0 0
 0 0 0 0 0 0 0 0 0 0 0 0 0 0 0 0 0 0 0 0 0 0 0 0 0 0
 0 0 0 0 0 0 0 0 0 0 0 0 0 0 0 0 0 0 0 0 0 0 0 0 0 0
 0 0 0 0 0 0 0 0 0 0 0 0 0 0 0 0 0 0 0 0 0 0 0 0 0 0
 0 0 0 0 0 0 0 0 0 0 0 0 0 0 0 0 0 0 0 0 0 0 0 0 0 0
 0 0 0 0 0 0 0 0 0 0 0 0 0 0 0 0 0 0 0 0 0 0 0 0 0 0
 0 0 0 0 0 0 0 0 0 0 0 0 0 0 0 0 0 0 0 0 0 0 0 0 0 0
 0 0 0 0 0 0 0 0 0 0 0 0 0 0 0 0 0 0 0 0 0 0 0 0 0 0
 0 0 0 0 0 0 0 0 0 0 0 0 0 0 0 0 0 0 0 0 0 0 0 0 0 0
 0 0 0 0 0 0 0 0 0 0 0 0 0 0 0 0 0 0 0 0 0 0 0 0 0 0
 0.00862536 0 0 0.000197151 0.00414017 0.0128641 0.00837892 0.0270097 0.101434 0.158115 0.152841 0.127902 0.109271 0.109419 0.0830992 0.0579132 0.0238553 0.00714673 0.00463305 0.00128148 0.00103504 0.000492878 0.000147863 0.000147863 4.92878e-05 0
 0 0 0 0 0 0 0 0 0 0 0 0 0 0 0 0 0 0 0 0 0 0 0 0 0 0
 0 0 0 0 0 0 0 0.0054083 0.00873648 0.0413646 0.0450493 0.0745869 0.0622846 0.0627006 0.0613931 0.0827291 0.12552 0.122667 0.0946155 0.0697135 0.0546179 0.0294188 0.0215738 0.0213955 0.0102223 0.00600262
 0 0 0 0 0.00359764 0.0251062 0.0480494 0.140153 0.205849 0.193036 0.1447 0.116669 0.0760912 0.0342217 0.00950174 0.001854 0.000860785 0 0 0 0.000165536 0 0.000143464 0 0 0
 0 0 0 0 0 0 0 0.000145254 0.000435761 0.0275982 0.070085 0.0708112 0.156366 0.174668 0.174014 0.160142 0.0824315 0.0480064 0.0283245 0.00493863 0.00203355 0 0 0 0 0
 0 0 0 0 0 0 0 0 0 0 0 0 0 0 0 0 0 0 0 0 0 0 0 0 0 0
 0 0 1.00437e-05 0.000401748 0.00122533 0.00171747 0.00176769 0.0269171 0.070346 0.194647 0.189555 0.159765 0.064822 0.0314167 0.0384472 0.0292271 0.0345202 0.0313363 0.0194345 0.0106764 0.0143323 0.0359363 0.0279516 0.0138201 0.00172751 0
 0 0.0021121 0.0136068 0.0755702 0.200478 0.177729 0.0527432 0.0373336 0.0318909 0.0142505 0.0149659 0.0166563 0.0217959 0.0798694 0.0677717 0.0528807 0.04013 0.0224614 0.0357745 0.0225083 0.00881397 0.00855152 0.00135912 0.000746735 0 0
 0 0 0 0 5.4009e-05 0.00500934 0.000945158 0.0243581 0.138947 0.33067 0.221406 0.137944 0.0707744 0.0437923 0.0131692 0.00525238 0.0047753 0.00276346 9.45158e-05 9.00151e-06 2.25038e-05 9.00151e-06 4.50075e-06 0 0 0
 0.000866109 0.00284123 0.00948549 0.0512746 0.133035 0.25785 0.225252 0.132002 0.0553304 0.0519788 0.0540692 0.017754 0.00435017 0.00159236 0.00146478 0.000404838 0.000125132 0.000115318 0.000107957 0.000100596 0 0 0 0 0 0
 0 0 0 0 0.00144013 0.00171154 0.00461396 0.0210425 0.0478622 0.0707936 0.0888783 0.103762 0.0637923 0.0337046 0.0602308 0.124433 0.169614 0.0934646 0.0462172 0.0250306 0.0313229 0.00938855 0.002487 0.000210481 0 0
 0 0.00764035 0.051015 0.0998891 0.058973 0.0496711 0.0374665 0.0718981 0.12319 0.153886 0.159021 0.0857701 0.0377988 0.023471 0.0147837 0.00900784 0.00315554 0.000888139 0.00291439 0.00214683 0.00393193 0.00274676 0.000635225 9.99891e-05 0 0
 0 0 0 0 0 0 0 0 0 0 0 0 0 0 0 0 0 0 0 0 0 0 0 0 0 0
 0 0 0 0 0 0 0 0 0 0 0 0 0 0 0 0 0 0 0 0 0 0 0 0 0 0
 0 0 0 0 0 0 0 0 0 0 0 0 0 0 0 0 0 0 0 0 0 0 0 0 0 0
 0 0 0 0 0 0 0 0 0 0 0 0 0 0 0 0 0 0 0 0 0 0 0 0 0 0
 0 0 0 0 0 0 0 0 0 0 0 0 0 0 0 0 0 0 0 0 0 0 0 0 0 0
ppred_pel_tallas
 1.11989e-16 3.86439e-05 0.000375632 0.00249621 0.0113474 0.0353061 0.0752241 0.109795 0.109813 0.0753108 0.0355986 0.0121983 0.0046546 0.00516229 0.00934836 0.0159635 0.0243162 0.0333288 0.0418234 0.0490935 0.0550293 0.0596234 0.062377 0.0622827 0.0584806 0.051012
 1.16809e-16 3.40698e-05 0.00033117 0.00220075 0.0100043 0.0311273 0.0663213 0.0968054 0.0968417 0.0664988 0.0317235 0.0117274 0.00653012 0.00979632 0.0180537 0.0299137 0.0433922 0.0552559 0.062283 0.0631269 0.0591597 0.0534961 0.0489653 0.0466024 0.0455786 0.0442304
 1.12992e-16 4.56887e-05 0.00044411 0.00295127 0.0134161 0.0417425 0.0889377 0.129813 0.129838 0.0890623 0.0421611 0.0146271 0.00599782 0.00711732 0.0127862 0.0212426 0.0310156 0.0398969 0.045665 0.0473214 0.0456449 0.0425365 0.0397023 0.0377377 0.0361671 0.0341303
 1.05423e-16 5.93818e-05 0.000577212 0.00383578 0.0174369 0.0542528 0.115592 0.168714 0.168733 0.115686 0.0545703 0.0183546 0.00614116 0.00561593 0.00964689 0.0159026 0.0230188 0.0291986 0.0326565 0.0325877 0.0296387 0.0254334 0.0215442 0.0187188 0.0168165 0.0152676
 1.0351e-16 5.1041e-05 0.000496137 0.003297 0.0149877 0.0466325 0.0993567 0.14502 0.145051 0.0995075 0.0471388 0.0164499 0.00696717 0.00850777 0.0152656 0.0251537 0.0362243 0.0455423 0.0501493 0.0486821 0.0421807 0.0333735 0.0250377 0.018712 0.0145017 0.011713
 1.02863e-16 5.94156e-05 0.00057754 0.00383796 0.0174468 0.0542837 0.115658 0.16881 0.168831 0.115759 0.0546224 0.0184257 0.0062969 0.00595144 0.010283 0.0169514 0.0245192 0.0310527 0.0346119 0.0342864 0.0307064 0.0255596 0.0205278 0.0164883 0.0134494 0.0110042
 1.04627e-16 3.40746e-05 0.000331217 0.00220106 0.0100057 0.0311317 0.0663312 0.0968223 0.0968698 0.0665632 0.0319109 0.0122562 0.00785019 0.0126639 0.023458 0.0387314 0.0558012 0.0701926 0.0773573 0.0751884 0.0652601 0.0517303 0.0388302 0.0289017 0.022117 0.0174605
 1.10455e-16 3.31841e-05 0.000322562 0.00214354 0.00974423 0.0303181 0.0645972 0.0942887 0.0943232 0.0647658 0.0308849 0.0113843 0.00627221 0.00937445 0.0173386 0.0289096 0.042337 0.0546897 0.062952 0.0656653 0.0636518 0.05916 0.0541982 0.049459 0.0445019 0.0386846
 1.13267e-16 4.11908e-05 0.000400389 0.00266073 0.0120953 0.0376331 0.0801824 0.117034 0.117062 0.0803189 0.0380919 0.0134224 0.00599971 0.00771578 0.0140129 0.0233094 0.0340707 0.0439089 0.0504208 0.0525374 0.0511111 0.0481757 0.0454927 0.0435657 0.0417354 0.0390009
 1.0585e-16 6.17234e-05 0.000599974 0.00398704 0.0181245 0.0563921 0.12015 0.175366 0.175382 0.12023 0.05666 0.0188989 0.00593304 0.00485562 0.00816639 0.0134629 0.0195316 0.0248721 0.028004 0.0282665 0.0262014 0.0231452 0.020362 0.0184042 0.0170802 0.0158626
 1.01261e-16 7.04392e-05 0.000684695 0.00455004 0.0206838 0.0643551 0.137116 0.200127 0.200139 0.137175 0.0645525 0.0212539 0.00598085 0.00380718 0.00599772 0.00979649 0.0140881 0.0176807 0.0194114 0.0187478 0.0161036 0.0125606 0.0092259 0.00672067 0.00509604 0.00407611
 1.00923e-16 6.04884e-05 0.000587968 0.00390726 0.0177618 0.0552638 0.117746 0.171859 0.171883 0.117862 0.0556507 0.0188791 0.00671021 0.00670213 0.0116585 0.0191416 0.0274818 0.0343758 0.0375172 0.0358394 0.0301538 0.0226173 0.0154717 0.0100295 0.00648348 0.00435687
 1.02203e-16 4.91319e-05 0.00047758 0.00317369 0.0144271 0.0448883 0.0956406 0.139597 0.13963 0.0958023 0.0454314 0.0159956 0.00711116 0.00907408 0.0163781 0.0270045 0.0389082 0.0489471 0.0539393 0.0523942 0.0453771 0.0357538 0.0264588 0.0191457 0.0139976 0.010397
 1.03708e-16 5.22261e-05 0.000507657 0.00337356 0.0153357 0.0477153 0.101663 0.148386 0.148413 0.101794 0.0481525 0.0165995 0.00654856 0.00744807 0.0132607 0.021911 0.0317235 0.040235 0.0449539 0.0447059 0.0402878 0.0338412 0.0274878 0.0223157 0.0183149 0.0149736
 1.00352e-16 7.95143e-05 0.000772907 0.00513624 0.0233486 0.0726462 0.154781 0.225907 0.22591 0.154794 0.0726899 0.0234749 0.00545346 0.00146579 0.00139655 0.00218587 0.003148 0.00397297 0.00440392 0.00432364 0.00381829 0.00311475 0.00244069 0.00191735 0.00154725 0.00127186
 1.00069e-16 7.69805e-05 0.000748278 0.00497257 0.0226046 0.0703313 0.149848 0.218709 0.218716 0.149879 0.0704327 0.0228973 0.00570669 0.00234868 0.00311001 0.00500272 0.00715942 0.00891934 0.00966716 0.00912138 0.00750282 0.00539603 0.00341504 0.00192871 0.00100121 0.000504883
 1.00899e-16 2.30252e-05 0.000223813 0.00148732 0.00676117 0.0210369 0.0448238 0.0654356 0.0655027 0.0451512 0.022136 0.00993412 0.00944569 0.0175765 0.0329185 0.0542256 0.0777374 0.0969658 0.10531 0.0997181 0.0825476 0.0600612 0.0388242 0.0227623 0.0125494 0.0068426
 1.03238e-16 6.71871e-05 0.000653082 0.00433996 0.0197288 0.0613838 0.130785 0.190886 0.190894 0.130824 0.0615153 0.0201104 0.0053043 0.00277968 0.00416854 0.00694757 0.0103782 0.0138302 0.0166771 0.0185765 0.0195817 0.0199373 0.0197629 0.0189326 0.0172452 0.0146906
 1.01343e-16 6.69015e-05 0.000650306 0.00432152 0.019645 0.0611229 0.130229 0.190077 0.190093 0.130309 0.0613901 0.0204163 0.00625646 0.00487076 0.00807203 0.0132123 0.0189652 0.0237239 0.0259039 0.024786 0.0209537 0.0159169 0.0112283 0.00777097 0.005625 0.00439244
 1.01695e-16 4.94207e-05 0.000480387 0.00319234 0.0145119 0.0451522 0.0962029 0.140418 0.140453 0.0963722 0.0457204 0.0161527 0.00730962 0.00946402 0.0170978 0.0281529 0.0404671 0.0507091 0.0555114 0.053309 0.0452693 0.0345073 0.0242477 0.0163595 0.0111004 0.00778925
 1.03053e-16 5.51232e-05 0.000535818 0.0035607 0.0161864 0.0503621 0.107303 0.156616 0.156641 0.10742 0.0507578 0.01733 0.00643392 0.00681713 0.0120108 0.0198374 0.0287287 0.0364517 0.0407499 0.0405529 0.036566 0.0307078 0.0248828 0.0200755 0.016297 0.0131204
 1.03941e-16 4.86158e-05 0.000472563 0.00314035 0.0142756 0.0444169 0.094636 0.138131 0.138162 0.0947914 0.0449386 0.015783 0.00692518 0.00873873 0.0157589 0.0260054 0.0375266 0.0473371 0.0524196 0.0513757 0.045238 0.036726 0.0285755 0.0222523 0.0178003 0.0145248
 1.08477e-16 2.34287e-05 0.000227735 0.00151338 0.00687966 0.0214054 0.0456085 0.0665777 0.0666294 0.045861 0.0222535 0.0093305 0.00767074 0.0136872 0.0256377 0.0424839 0.0615162 0.0780238 0.0871898 0.0867573 0.0783002 0.0660024 0.0539945 0.0443724 0.0370632 0.0309905
 1.07521e-16 6.01479e-05 0.000584659 0.00388526 0.0176619 0.0549526 0.117083 0.170888 0.1709 0.117141 0.0551471 0.0182254 0.00530755 0.00371488 0.00607965 0.0101516 0.015078 0.0199293 0.0237828 0.0261974 0.0273977 0.0279464 0.0281978 0.028017 0.0269637 0.0247071
 1.04376e-16 5.27199e-05 0.000512456 0.00340545 0.0154807 0.0481664 0.102625 0.14979 0.149819 0.102768 0.0486479 0.0168711 0.00689463 0.00812616 0.0145035 0.0238713 0.0343332 0.0430811 0.0473009 0.045724 0.0394035 0.0310216 0.0232968 0.0177133 0.0143078 0.0122839
 1.05504e-16 3.72689e-05 0.000362267 0.0024074 0.0109437 0.0340501 0.0725489 0.105896 0.105937 0.0727515 0.0347303 0.0129091 0.00734367 0.0111476 0.0205478 0.0339814 0.0491115 0.0620967 0.0690249 0.0680615 0.0604951 0.0497731 0.0393554 0.0310864 0.0250318 0.0203692
 1.0321e-16 6.72899e-05 0.000654082 0.0043466 0.019759 0.0614777 0.130985 0.191179 0.19119 0.13104 0.0616605 0.0202877 0.00567655 0.0035672 0.00562875 0.00927468 0.0135312 0.0173874 0.0198518 0.0204568 0.0194998 0.0177671 0.0159805 0.0144205 0.0129591 0.0113516
 1.03243e-16 4.00865e-05 0.000389655 0.0025894 0.0117711 0.0366244 0.0780337 0.113902 0.113946 0.0782511 0.0373541 0.0138782 0.00787616 0.0119225 0.0219193 0.0361115 0.0518718 0.06493 0.0709645 0.0679929 0.0575739 0.043787 0.0308401 0.0211466 0.0149725 0.0113112
 1.07965e-16 3.33082e-05 0.000323767 0.00215155 0.00978065 0.0304314 0.0648388 0.0946421 0.09468 0.0650243 0.0310548 0.0115836 0.00668659 0.0102552 0.0189866 0.0315742 0.0460332 0.0590335 0.0671505 0.0687259 0.0647222 0.0578158 0.0505381 0.0440058 0.0380048 0.0319233
pSPR Fmed_Fpbrs
0.549212   0.22002 0.22002
Fs Fmed_Fpbrs
0.34   1.005 1.005
SSBpbr Bo_Bmed_Bpbrs
943127  470821  160351 160351
Ro
116495
SPR SPRFo_SPRFmed_SPRFpbrs
827930 454709 182161
Fref
1.005
Nvult_r0
 79911.6 42749.4 20058.9 1392.09 828.45
CTP_r0
 34601.8 21428 10054.5 697.783 415.258
YTP_r0
871490
Np
 185563 31808.2 3853.33 1844.15 981.837
Nvult_p0
 153755 27524.9 3334.44 1595.82 849.622
CTP_p0
 66576 12411.8 5940.12 2787.23 247.057
 66576 13796.8 1671.38 799.898 425.87
YTP_p0
 957552 823031
CBA_c0
897309
log_Ro
11.4856
likeval ReclasPelacesDesembMPH_pf_preclas_ppelaces_ptallas_desvR_qrecl_qpela
 15.7941 119.349 0.0252999 114.017 209.083 117.351 97.9985 0 23.079 5.51402e-05 0 0.0844857 0 0 0
q_reclas_q_pelaces
2.85807 1
M
1
N
 156911 31658.2 57948.1 4418.24 0.188067
 91676.8 46360.7 8727.63 15975.3 1218.09
 85360.9 22475.7 9997.81 1882.14 3707.81
 130960 21032.7 4879.09 2170.36 1213.48
 102431 27744.4 3742.74 868.23 602.152
 196528 31464.5 8050.34 1086 426.648
 74425.9 53765.9 7838.91 2005.62 376.853
 28684.4 13104.7 7500.4 1093.54 332.358
 27480.7 9208.51 4029.71 2306.38 438.464
 39723 5673.87 1584.04 693.189 472.167
 77607.2 5911.29 634.315 177.09 130.282
 125608 24334.1 1762.25 189.099 91.6322
 77204.9 26149.1 4231.69 306.454 48.8191
 38062.4 15258.5 4246.69 687.24 57.6975
 78354.7 1359.32 260.769 72.5764 12.7311
 353849 13821.6 190.081 36.4647 11.929
 58794.5 80225.8 2689.21 36.9834 9.41578
 264616 15305.5 18722.4 627.586 10.8283
 458897 55362.3 2679.1 3277.2 111.749
 288818 96489.7 9754.55 472.044 597.116
 347692 70244.1 20590.8 2081.61 228.157
 295577 94044.8 17240.2 5053.64 566.891
 63447.3 66123.3 17978.5 3295.79 1074.47
 172430 15756.9 14504 3943.53 958.606
 164604 43502.9 3528.69 3248.09 1097.81
 79062.8 40675.9 9479.88 768.95 947.033
 286729 21361.4 9968.56 2323.26 420.541
 167502 84280.7 5849.12 2729.57 751.302
 96443.4 49401.8 23180.4 1608.73 957.37
pred_Ctot
 19877.5 5134.25 9397.9 716.54 0.0305002
 19976.9 12659.6 2383.23 4362.34 332.619
 18406.1 6076.53 2703.01 508.856 1002.44
 36705 7274.08 1687.42 750.612 419.68
 10842.3 3777.33 509.565 118.208 81.9816
 32620.4 6625.81 1695.25 228.69 89.8438
 26014.9 22776.7 3320.78 849.636 159.645
 2335.04 1379.59 789.603 115.122 34.9889
 7984.18 3292.75 1440.93 824.708 156.784
 16063.4 2739.52 764.827 334.693 227.977
 7339.35 720.858 77.3523 21.5954 15.8874
 36083.3 8610.57 623.567 66.9124 32.4239
 23739.1 9852.7 1594.46 115.469 18.3945
 25688.5 11312.1 3148.35 509.496 42.7749
 27338.6 574.9 110.287 30.6948 5.38436
 89243.9 4331.82 59.5734 11.4284 3.73867
 11175.2 19236.5 644.818 8.86787 2.25772
 75492.4 5381.25 6582.59 220.652 3.80709
 130004 19338.5 935.833 1144.75 39.0348
 63975.8 26760.4 2705.33 130.917 165.604
 59660 15271.6 4476.58 452.557 49.6031
 76219.7 30093.5 5516.7 1617.12 181.4
 13452.9 17594.3 4783.79 876.957 285.9
 35309.4 4056.22 3733.67 1015.16 246.769
 35275.8 11693.1 948.475 873.054 295.08
 13609.4 8870.21 2067.28 167.685 206.52
 37101.3 3536.39 1650.3 384.618 69.6209
 21376.5 13766.8 955.424 445.861 122.721
 12003.4 7875.46 3695.33 256.457 152.62
F
 0.219224 0.288502 0.288502 0.288502 0.288502
 0.405836 0.534085 0.534085 0.534085 0.534085
 0.400812 0.527474 0.527474 0.527474 0.527474
 0.551863 0.726258 0.726258 0.726258 0.726258
 0.180332 0.237319 0.237319 0.237319 0.237319
 0.296167 0.389759 0.389759 0.389759 0.389759
 0.736835 0.969684 0.969684 0.969684 0.969684
 0.136226 0.179276 0.179276 0.179276 0.179276
 0.577614 0.760147 0.760147 0.760147 0.760147
 0.905068 1.19108 1.19108 1.19108 1.19108
 0.159781 0.210274 0.210274 0.210274 0.210274
 0.569354 0.749277 0.749277 0.749277 0.749277
 0.621326 0.817673 0.817673 0.817673 0.817673
 2.33224 3.06926 3.06926 3.06926 3.06926
 0.735016 0.96729 0.96729 0.96729 0.96729
 0.484024 0.636982 0.636982 0.636982 0.636982
 0.345834 0.455121 0.455121 0.455121 0.455121
 0.564381 0.742733 0.742733 0.742733 0.742733
 0.559391 0.736165 0.736165 0.736165 0.736165
 0.41382 0.544593 0.544593 0.544593 0.544593
 0.307546 0.404734 0.404734 0.404734 0.404734
 0.497407 0.654594 0.654594 0.654594 0.654594
 0.392929 0.5171 0.5171 0.5171 0.5171
 0.377165 0.496354 0.496354 0.496354 0.496354
 0.39791 0.523654 0.523654 0.523654 0.523654
 0.308659 0.406199 0.406199 0.406199 0.406199
 0.224385 0.295293 0.295293 0.295293 0.295293
 0.221007 0.290848 0.290848 0.290848 0.290848
 0.21502 0.282969 0.282969 0.282969 0.282969
YTP_r0W_actual
 179929 439274 218182 20235.7 13869.6
YTP_p0W_proyectada
 501983 216586 142979 87295.9 8708.77
 501983 240754 40230 25052.8 15011.9
CTP_r0_actual
 34601.8 21428 10054.5 697.783 415.258
CTP_p0_proyectada
 66576 12411.8 5940.12 2787.23 247.057
 66576 13796.8 1671.38 799.898 425.87
Wmedp
 7.54 17.45 24.07 31.32 35.25
Frms_r0
 0.763671 1.005 1.005 1.005 1.005
Zrms_r0
 1.76367 2.005 2.005 2.005 2.005
nmprior
 7.29 8.9 8.7 0
nm_flota  nm_reclas  nm_pelaces    nm_pelaL
inf 9.25618 6.06413 7.26182
cv_recla  cv_pelaces  cv_mph
0.377024 1.33799 0.924729
 ------------------------------------------------
Talla a la edad & desviaci?n 
 8 13.2811 15.8009 17.003 17.5766
 0.8 1.32811 1.58009 1.7003 1.75766
