years
 1991 1992 1993 1994 1995 1996 1997 1998 1999 2000 2001 2002 2003 2004 2005 2006 2007 2008 2009 2010 2011 2012 2013 2014 2015 2016 2017 2018 2019 2020
reclasobs
 0 0 0 0 0 0 0 0 0 252601 567819 844713 477998 351125 339783 2.1784e+06 2.13404e+06 4.81314e+06 1.55562e+06 2.62356e+06 3.21686e+06 3.843e+06 1.13348e+06 3.07943e+06 1.97215e+06 2.03268e+06 2.025e+06 2.42433e+06 2.27542e+06 1.05018e+06
reclaspred
 4.1503e+06 2.30246e+06 1.11726e+06 1.01282e+06 1.14583e+06 1.93592e+06 1.26152e+06 964005 604562 343054 490776 868528 768075 173271 438180 1.47165e+06 1.89114e+06 2.02026e+06 2.46803e+06 2.45733e+06 4.46414e+06 2.92417e+06 1.92023e+06 2.13495e+06 1.77176e+06 1.69134e+06 2.62309e+06 2.68494e+06 2.47393e+06 1.57591e+06
pelacesobs
 0 0 0 0 0 0 0 0 0 0 0 0 0 0 0 552880 188675 0 991730 2.46772e+06 1.41603e+06 1.21717e+06 2.29649e+06 1.80582e+06 0 1.4828e+06 1.56532e+06 1.57751e+06 1.42118e+06 867257
pelacespred
 639614 367433 174022 129247 168344 288514 161758 164204 94267.2 44950.1 79909.1 113070 105371 14391.9 66015.2 198639 253649 283423 378499 354469 622880 453108 288860 350295 276054 259192 495583 480231 377621 266630
mphobs
 0 0 0 0 0 0 0 0 0 0 0 0 498337 0 5186 125008 0 168611 109162 213762 579715 649985 157893 87575 83554 210694 70296 0 107559 103333
mphpred
 1.35704e+06 915913 426163 238261 277435 359224 524395 247785 220148 114841 62293.2 193583 234025 109060 13774.4 133677 567310 433343 448328 639229 810034 936690 556439 366456 539808 410910 390856 768342 804478 517657
desembarqueobs
 494567 514787 250237 358949 120608 361735 552515 73892 212993 205616 52469 317467 293654 387597 252695 516296 358380 742168 942051 627588 828172 859565 418607 520667 417249 300574 415391 372974 316634 284311
desembarquepred
 494565 514161 250524 358970 120612 361730 552510 73897.9 213067 205680 52471.5 317498 293755 387874 252635 516181 358522 742110 941364 627260 828248 859716 418674 520798 417259 300539 415357 373005 316619 284238
Reclutas
 156638 90720.6 85734.3 129051 101626 196645 73808.9 28652.3 27610.9 39851.5 78084.2 125736 77632.4 37597.3 78548.6 354929 58775.4 265041 459794 288532 348190 294560 63294 172931 165041 78775.6 265211 167804 60250.1 80249.8
log_desv_Rt
 0.32759 -0.218562 -0.275092 0.133858 -0.105046 0.555056 -0.424867 -1.37111 -1.40813 -1.04119 -0.368557 0.107841 -0.37436 -1.09941 -0.362628 1.14557 -0.652623 0.853539 1.40443 0.938459 1.1264 0.959137 -0.578555 0.426546 0.379851 -0.359742 0.854179 0.396454 -0.627842 -0.341201
SSB
 1.35704e+06 915913 426163 238261 277435 359224 524395 247785 220148 114841 62293.2 193583 221586 104673 13236.6 129335 567310 433343 464280 659368 857007 1.05212e+06 657648 413304 565117 459932 406656 768342 837018 503197
BT
 2.04456e+06 1.43505e+06 681907 715075 592558 1.31456e+06 912145 565837 491039 342714 348937 646226 599282 438768 544479 1.23322e+06 957086 1.66024e+06 2.31536e+06 1.62411e+06 2.7799e+06 2.10861e+06 1.16141e+06 1.77083e+06 1.18367e+06 1.04887e+06 2.33232e+06 1.83666e+06 1.21488e+06 1.05653e+06
Ftot
 0.291872 0.540716 0.53421 0.745392 0.24323 0.398625 0.983384 0.182025 0.770467 1.2034 0.213504 0.757489 0.820546 3.10597 0.991218 0.650732 0.455776 0.752216 0.748115 0.550928 0.409254 0.660118 0.5192 0.503808 0.527309 0.408788 0.321024 0.308628 0.321709 0.416583
BD_Bspro_t
 0.954374 0.702609 0.459 0.356646 0.365396 0.477176 0.498219 0.287757 0.334191 0.245289 0.191564 0.508257 0.398285 0.198295 0.0342451 0.251913 0.466062 0.377631 0.356096 0.393409 0.398714 0.439917 0.36472 0.308139 0.410622 0.411989 0.43545 0.608806 0.612811 0.500151
BD_Bspro
 1.68881 1.13983 0.53035 0.296511 0.345262 0.447047 0.652599 0.308362 0.27397 0.142917 0.0775225 0.24091 0.275759 0.130263 0.0164726 0.160955 0.706004 0.539286 0.577786 0.820569 1.06653 1.30934 0.818428 0.514347 0.703276 0.572375 0.506075 0.956185 1.04165 0.626217
BD_Bo
 1.45821 0.984197 0.457934 0.256025 0.298119 0.386006 0.563491 0.266258 0.236561 0.123402 0.0669373 0.208016 0.238106 0.112477 0.0142234 0.138978 0.609604 0.46565 0.498893 0.708526 0.920899 1.13056 0.706677 0.444117 0.607248 0.494221 0.436974 0.825624 0.89942 0.540711
BD_Brms
 8.34622 5.63315 2.62103 1.46538 1.70631 2.20934 3.2252 1.52395 1.35398 0.706305 0.383123 1.1906 1.36282 0.643772 0.0814092 0.795453 3.48913 2.6652 2.85547 4.05532 5.27086 6.47085 4.04474 2.54195 3.47565 2.82872 2.50106 4.72554 5.14792 3.09482
Sel_flota
 0.737867 1 1 1 1
 0.737867 1 1 1 1
 0.737867 1 1 1 1
 0.737867 1 1 1 1
 0.737867 1 1 1 1
 0.737867 1 1 1 1
 0.737867 1 1 1 1
 0.737867 1 1 1 1
 0.737867 1 1 1 1
 0.737867 1 1 1 1
 0.737867 1 1 1 1
 0.737867 1 1 1 1
 0.737867 1 1 1 1
 0.737867 1 1 1 1
 0.737867 1 1 1 1
 0.737867 1 1 1 1
 0.737867 1 1 1 1
 0.737867 1 1 1 1
 0.737867 1 1 1 1
 0.737867 1 1 1 1
 0.737867 1 1 1 1
 0.737867 1 1 1 1
 0.737867 1 1 1 1
 0.737867 1 1 1 1
 0.737867 1 1 1 1
 0.737867 1 1 1 1
 0.737867 1 1 1 1
 0.737867 1 1 1 1
 0.737867 1 1 1 1
 0.737867 1 1 1 1
Sel_reclas
 0.5 1 1 1 1
 0.5 1 1 1 1
 0.5 1 1 1 1
 0.5 1 1 1 1
 0.5 1 1 1 1
 0.5 1 1 1 1
 0.5 1 1 1 1
 0.5 1 1 1 1
 0.5 1 1 1 1
 0.5 1 1 1 1
 0.5 1 1 1 1
 0.5 1 1 1 1
 0.5 1 1 1 1
 0.5 1 1 1 1
 0.5 1 1 1 1
 0.5 1 1 1 1
 0.5 1 1 1 1
 0.5 1 1 1 1
 0.5 1 1 1 1
 0.5 1 1 1 1
 0.5 1 1 1 1
 0.5 1 1 1 1
 0.5 1 1 1 1
 0.5 1 1 1 1
 0.5 1 1 1 1
 0.5 1 1 1 1
 0.5 1 1 1 1
 0.5 1 1 1 1
 0.5 1 1 1 1
 0.5 1 1 1 1
Sel_pelaces
 0.5 1 1 1 1
 0.5 1 1 1 1
 0.5 1 1 1 1
 0.5 1 1 1 1
 0.5 1 1 1 1
 0.5 1 1 1 1
 0.5 1 1 1 1
 0.5 1 1 1 1
 0.5 1 1 1 1
 0.5 1 1 1 1
 0.5 1 1 1 1
 0.5 1 1 1 1
 0.5 1 1 1 1
 0.5 1 1 1 1
 0.5 1 1 1 1
 0.5 1 1 1 1
 0.5 1 1 1 1
 0.5 1 1 1 1
 0.5 1 1 1 1
 0.5 1 1 1 1
 0.5 1 1 1 1
 0.5 1 1 1 1
 0.5 1 1 1 1
 0.5 1 1 1 1
 0.5 1 1 1 1
 0.5 1 1 1 1
 0.5 1 1 1 1
 0.5 1 1 1 1
 0.5 1 1 1 1
 0.5 1 1 1 1
pf_obs 
 0.8446 0.082 0.0669 0.0065 0
 0.8095 0.147 0.0364 0.0071 0
 0.9664 0.0169 0.016 0.0007 0
 0.9276 0.0648 0.0075 0.0001 0
 0.7033 0.2144 0.0806 0.0017 0
 0.9318 0.0425 0.0243 0.0014 0
 0.5671 0.3108 0.0964 0.0239 0.0018
 0.0768 0.2599 0.5324 0.112 0.0189
 0.490249 0.384438 0.106611 0.0170017 0.00170017
 0.7925 0.1577 0.0466 0.003 0.0002
 0.840416 0.127587 0.0312969 0.00059994 9.999e-05
 0.8084 0.0986 0.0794 0.0134 0.0002
 0.7335 0.1905 0.0724 0.0035 0.0001
 0.4001 0.4547 0.1325 0.0127 0
 0.49795 0.308269 0.164784 0.0264974 0.00249975
 0.9179 0.0499 0.0305 0.0017 0
 0.2467 0.6533 0.0926 0.0074 0
 0.9418 0.0223 0.034 0.0019 0
 0.707729 0.231977 0.0356964 0.0245975 0
 0.517169 0.277429 0.184464 0.0207286 0.00020938
 0.811772 0.124168 0.05621 0.00726502 0.000585176
 0.764997 0.148141 0.077277 0.00933861 0.000247198
 0.163321 0.427699 0.378323 0.0303852 0.000271297
 0.753843 0.0900009 0.118128 0.0371064 0.000921714
 0.721811 0.176058 0.0630433 0.0369309 0.00215725
 0.143369 0.312575 0.442814 0.0836902 0.0175525
 0.692698 0.0596174 0.167031 0.0765114 0.00414204
 0.394062 0.376323 0.152708 0.0712218 0.00568511
 0.125707 0.32114 0.495352 0.0537591 0.00404204
 0.23352 0.215282 0.420074 0.123614 0.00750983
pf_pred 
 0.560389 0.147537 0.271213 0.02086 8.57843e-07
 0.494818 0.325339 0.0603571 0.110952 0.00853411
 0.63811 0.214121 0.0951632 0.0176548 0.0349504
 0.776663 0.161396 0.0366488 0.016288 0.00900385
 0.702829 0.250238 0.0339163 0.0077015 0.00531492
 0.788156 0.162919 0.0411983 0.00558385 0.00214297
 0.482686 0.436146 0.0624216 0.015785 0.0029605
 0.495559 0.302162 0.170541 0.024408 0.00732982
 0.579138 0.24326 0.106384 0.0600435 0.0111741
 0.794508 0.139614 0.0380778 0.0166524 0.0111478
 0.894266 0.0915454 0.00964012 0.0026292 0.00191955
 0.789509 0.194113 0.0141808 0.0014933 0.000704625
 0.666185 0.284457 0.0455169 0.00332523 0.000515386
 0.621672 0.286082 0.078607 0.0125782 0.00106132
 0.973375 0.0214217 0.00393467 0.00108113 0.000187593
 0.951781 0.0474103 0.000650786 0.000119534 3.85436e-05
 0.352331 0.626616 0.0207007 0.000284152 6.90213e-05
 0.857589 0.0629958 0.0768332 0.00253824 4.33047e-05
 0.85464 0.131171 0.00627678 0.00765551 0.00025722
 0.675227 0.292357 0.0292518 0.00139975 0.00176458
 0.741018 0.195524 0.0571244 0.00571558 0.000618287
 0.663531 0.271006 0.0494226 0.0144393 0.00160101
 0.356186 0.481986 0.130343 0.0237702 0.00771474
 0.7916 0.093608 0.0859382 0.0232401 0.00561377
 0.712838 0.243548 0.0195905 0.0179854 0.00603863
 0.536438 0.364169 0.0842969 0.00678069 0.00831521
 0.855275 0.090606 0.0425156 0.00984141 0.0017624
 0.597518 0.359785 0.0267305 0.0125429 0.00342334
 0.388245 0.415212 0.175693 0.0130532 0.00779677
 0.626755 0.17732 0.132979 0.056269 0.0066776
pobs_RECLAS
 0 0 0 0 0
 0 0 0 0 0
 0 0 0 0 0
 0 0 0 0 0
 0 0 0 0 0
 0 0 0 0 0
 0 0 0 0 0
 0 0 0 0 0
 0 0 0 0 0
 0 0 0 0 0
 0.991045 0.00858322 0.000360255 1.14367e-05 0
 0.934742 0.0480273 0.0164251 0.00080598 0
 0.827803 0.169806 0.00239088 0 0
 0.941827 0.0461693 0.0120037 0 0
 0.791401 0.0380133 0.147996 0.0225897 0
 0.846168 0.0940531 0.0597789 0 0
 0.134021 0.677848 0.182769 0.00536245 0
 0.80878 0.0450904 0.141981 0.00414843 0
 0.846168 0.0940531 0.0597789 0 0
 0.905697 0.0802665 0.012482 0.00150086 5.37128e-05
 0.989698 0.0102097 9.19794e-05 0 0
 0.975433 0.0193895 0.00387452 0.00125025 5.28907e-05
 0.303575 0.632131 0.0575291 0.00676475 0
 0.966965 0.00978017 0.0227588 0.000495775 0
 0.843318 0.132988 0.00938335 0.0141283 0.000182051
 0.564624 0.303363 0.111486 0.0197234 0.00080311
 0.826376 0.0876187 0.0782897 0.00655872 0.00115652
 0.89761 0.0855135 0.0140674 0.00269457 0.000114338
 0.34875 0.467042 0.161289 0.0227151 0.000203297
 0.318654 0.224769 0.449479 0.00709798 0
ppred_RECLAS
 0.4654 0.179417 0.329815 0.0253673 1.0432e-06
 0.402967 0.384491 0.0713311 0.131126 0.0100858
 0.548477 0.267155 0.118733 0.0220275 0.0436069
 0.707414 0.21144 0.0480125 0.0213385 0.0117957
 0.61726 0.322293 0.0436823 0.00991911 0.00684533
 0.718306 0.216637 0.0547824 0.00742498 0.00284957
 0.396344 0.508941 0.0728401 0.0184195 0.00345462
 0.400732 0.358964 0.2026 0.0289963 0.0087077
 0.489239 0.295222 0.129108 0.0728692 0.013561
 0.733705 0.180924 0.0493444 0.0215796 0.0144462
 0.852119 0.128036 0.0134827 0.00367721 0.0026847
 0.722934 0.255506 0.018666 0.0019656 0.000927483
 0.582032 0.356168 0.0569915 0.0041635 0.000645312
 0.57807 0.319052 0.0876663 0.0140278 0.00118363
 0.962598 0.0300927 0.00552734 0.00151875 0.000263526
 0.931809 0.0670472 0.000920336 0.000169044 5.4508e-05
 0.272 0.704335 0.0232682 0.000319395 7.75821e-05
 0.807253 0.0852622 0.10399 0.0034354 5.86111e-05
 0.803469 0.177346 0.00848635 0.0103504 0.000347767
 0.589027 0.369953 0.0370157 0.00177127 0.00223293
 0.66237 0.254901 0.0744721 0.0074513 0.00080605
 0.577304 0.340457 0.062088 0.0181397 0.0020113
 0.275837 0.542139 0.14661 0.0267367 0.00867755
 0.723271 0.1243 0.114115 0.03086 0.00745439
 0.630946 0.313001 0.0251773 0.0231144 0.00776069
 0.442407 0.438039 0.101396 0.00815612 0.0100019
 0.801574 0.124225 0.0582911 0.0134931 0.00241634
 0.503577 0.443761 0.0329695 0.0154705 0.00422237
 0.302569 0.473362 0.200299 0.0148814 0.00888871
 0.535239 0.220796 0.165584 0.0700655 0.00831488
pobs_PELACES
 0 0 0 0 0
 0 0 0 0 0
 0 0 0 0 0
 0 0 0 0 0
 0 0 0 0 0
 0 0 0 0 0
 0 0 0 0 0
 0 0 0 0 0
 0 0 0 0 0
 0 0 0 0 0
 0 0 0 0 0
 0 0 0 0 0
 0 0 0 0 0
 0 0 0 0 0
 0 0 0 0 0
 0 0 0 0 0
 0.505614 0.472636 0.0217494 0 0
 0 0 0 0 0
 0.443492 0.261883 0.143347 0.151278 0
 0.227955 0.32914 0.350689 0.0885471 0.00366901
 0.970185 0.0296113 0.000203453 0 0
 0.997202 0.00247181 0.000326279 0 0
 0.445219 0.490057 0.0546422 0.010081 0
 0.90214 0.0892962 0.00764917 0.000914606 0
 0 0 0 0 0
 0.581667 0.319106 0.0959925 0.00289975 0.000334073
 0.762889 0.0836404 0.116647 0.0363945 0.000428098
 0.88444 0.0763242 0.0277011 0.0115352 0
 0.521256 0.241999 0.230069 0.00667565 0
 0.616807 0.101726 0.260614 0.0208532 0
ppred_PELACES
 0.471687 0.177307 0.325937 0.025069 1.03094e-06
 0.414269 0.377212 0.0699808 0.128643 0.00989484
 0.559894 0.2604 0.115731 0.0214705 0.0425044
 0.720579 0.201926 0.0458521 0.0203783 0.0112649
 0.622218 0.318118 0.0431164 0.00979061 0.00675665
 0.725231 0.211312 0.0534357 0.00724246 0.00277952
 0.416866 0.49164 0.0703639 0.0177934 0.00333718
 0.404519 0.356695 0.20132 0.0288131 0.00865268
 0.5059 0.285592 0.124897 0.0704923 0.0131187
 0.753544 0.167446 0.0456684 0.019972 0.01337
 0.854432 0.126034 0.0132719 0.00361972 0.00264272
 0.735866 0.243581 0.0177948 0.00187387 0.000884196
 0.599192 0.341545 0.0546516 0.00399256 0.000618818
 0.641881 0.2708 0.0744081 0.0119063 0.00100462
 0.965565 0.0277051 0.00508879 0.00139825 0.000242618
 0.9353 0.0636148 0.00087322 0.00016039 5.17175e-05
 0.279877 0.696714 0.0230164 0.000315939 7.67427e-05
 0.817176 0.0808728 0.098637 0.00325854 5.55938e-05
 0.813488 0.168306 0.00805374 0.00982279 0.000330039
 0.600513 0.359614 0.0359812 0.00172177 0.00217052
 0.670241 0.248958 0.0727359 0.00727759 0.000787259
 0.591174 0.329286 0.0600508 0.0175445 0.00194531
 0.284899 0.535355 0.144775 0.0264022 0.00856897
 0.731908 0.12042 0.110553 0.0298968 0.00722172
 0.641503 0.304048 0.0244571 0.0224532 0.0075387
 0.451147 0.431173 0.0998068 0.00802827 0.00984513
 0.805954 0.121483 0.0570044 0.0131952 0.002363
 0.51025 0.437795 0.0325263 0.0152625 0.00416561
 0.308474 0.469354 0.198603 0.0147554 0.00881346
 0.544191 0.216544 0.162395 0.0687159 0.00815472
pobs_pel_tallas
 0 0 0 0 0 0 0 0 0 0 0 0 0 0 0 0 0 0 0 0 0 0 0 0 0 0
 0 0 0 0 0 0 0 0 0 0 0 0 0 0 0 0 0 0 0 0 0 0 0 0 0 0
 0 0 0 0 0 0 0 0 0 0 0 0 0 0 0 0 0 0 0 0 0 0 0 0 0 0
 0 0 0 0 0 0 0 0 0 0 0 0 0 0 0 0 0 0 0 0 0 0 0 0 0 0
 0 0 0 0 0 0 0 0 0 0 0 0 0 0 0 0 0 0 0 0 0 0 0 0 0 0
 0 0 0 0 0 0 0 0 0 0 0 0 0 0 0 0 0 0 0 0 0 0 0 0 0 0
 0 0 0 0 0 0 0 0 0 0 0 0 0 0 0 0 0 0 0 0 0 0 0 0 0 0
 0 0 0 0 0 0 0 0 0 0 0 0 0 0 0 0 0 0 0 0 0 0 0 0 0 0
 0 0 0 0 0 0 0 0 0 0 0 0 0 0 0 0 0 0 0 0 0 0 0 0 0 0
 0 0 0 0 0 0 0 0 0 0 0 0 0 0 0 0 0 0 0 0 0 0 0 0 0 0
 0 0 0 0 0 0 0 0 0 0 0 0 0 0 0 0 0 0 0 0 0 0 0 0 0 0
 0 0 0 0 0 0 0 0 0 0 0 0 0 0 0 0 0 0 0 0 0 0 0 0 0 0
 0.00862536 0 0 0.000197151 0.00414017 0.0128641 0.00837892 0.0270097 0.101434 0.158115 0.152841 0.127902 0.109271 0.109419 0.0830992 0.0579132 0.0238553 0.00714673 0.00463305 0.00128148 0.00103504 0.000492878 0.000147863 0.000147863 4.92878e-05 0
 0 0 0 0 0 0 0 0 0 0 0 0 0 0 0 0 0 0 0 0 0 0 0 0 0 0
 0 0 0 0 0 0 0 0.0054083 0.00873648 0.0413646 0.0450493 0.0745869 0.0622846 0.0627006 0.0613931 0.0827291 0.12552 0.122667 0.0946155 0.0697135 0.0546179 0.0294188 0.0215738 0.0213955 0.0102223 0.00600262
 0 0 0 0 0.00359764 0.0251062 0.0480494 0.140153 0.205849 0.193036 0.1447 0.116669 0.0760912 0.0342217 0.00950174 0.001854 0.000860785 0 0 0 0.000165536 0 0.000143464 0 0 0
 0 0 0 0 0 0 0 0.000145254 0.000435761 0.0275982 0.070085 0.0708112 0.156366 0.174668 0.174014 0.160142 0.0824315 0.0480064 0.0283245 0.00493863 0.00203355 0 0 0 0 0
 0 0 0 0 0 0 0 0 0 0 0 0 0 0 0 0 0 0 0 0 0 0 0 0 0 0
 0 0 1.00437e-05 0.000401748 0.00122533 0.00171747 0.00176769 0.0269171 0.070346 0.194647 0.189555 0.159765 0.064822 0.0314167 0.0384472 0.0292271 0.0345202 0.0313363 0.0194345 0.0106764 0.0143323 0.0359363 0.0279516 0.0138201 0.00172751 0
 0 0.0021121 0.0136068 0.0755702 0.200478 0.177729 0.0527432 0.0373336 0.0318909 0.0142505 0.0149659 0.0166563 0.0217959 0.0798694 0.0677717 0.0528807 0.04013 0.0224614 0.0357745 0.0225083 0.00881397 0.00855152 0.00135912 0.000746735 0 0
 0 0 0 0 5.4009e-05 0.00500934 0.000945158 0.0243581 0.138947 0.33067 0.221406 0.137944 0.0707744 0.0437923 0.0131692 0.00525238 0.0047753 0.00276346 9.45158e-05 9.00151e-06 2.25038e-05 9.00151e-06 4.50075e-06 0 0 0
 0.000866109 0.00284123 0.00948549 0.0512746 0.133035 0.25785 0.225252 0.132002 0.0553304 0.0519788 0.0540692 0.017754 0.00435017 0.00159236 0.00146478 0.000404838 0.000125132 0.000115318 0.000107957 0.000100596 0 0 0 0 0 0
 0 0 0 0 0.00144013 0.00171154 0.00461396 0.0210425 0.0478622 0.0707936 0.0888783 0.103762 0.0637923 0.0337046 0.0602308 0.124433 0.169614 0.0934646 0.0462172 0.0250306 0.0313229 0.00938855 0.002487 0.000210481 0 0
 0 0.00764035 0.051015 0.0998891 0.058973 0.0496711 0.0374665 0.0718981 0.12319 0.153886 0.159021 0.0857701 0.0377988 0.023471 0.0147837 0.00900784 0.00315554 0.000888139 0.00291439 0.00214683 0.00393193 0.00274676 0.000635225 9.99891e-05 0 0
 0 0 0 0 0 0 0 0 0 0 0 0 0 0 0 0 0 0 0 0 0 0 0 0 0 0
 0 0 0 0 0 0 0 0 0 0 0 0 0 0 0 0 0 0 0 0 0 0 0 0 0 0
 0 0 0 0 0 0 0 0 0 0 0 0 0 0 0 0 0 0 0 0 0 0 0 0 0 0
 0 0 0 0 0 0 0 0 0 0 0 0 0 0 0 0 0 0 0 0 0 0 0 0 0 0
 0 0 0 0 0 0 0 0 0 0 0 0 0 0 0 0 0 0 0 0 0 0 0 0 0 0
 0 0 0 0 0 0 0 0 0 0 0 0 0 0 0 0 0 0 0 0 0 0 0 0 0 0
ppred_pel_tallas
 1.11966e-16 3.88522e-05 0.000377658 0.00250967 0.0114086 0.0354965 0.0756297 0.110387 0.110405 0.0757157 0.0357867 0.0122528 0.00465133 0.00512757 0.00927811 0.0158453 0.0241419 0.0331013 0.0415577 0.0488111 0.0547497 0.0593593 0.062135 0.0620677 0.0582982 0.0508675
 1.16692e-16 3.41229e-05 0.000331686 0.00220417 0.0100199 0.0311758 0.0664246 0.0969563 0.0969927 0.0666026 0.0317737 0.011748 0.00654592 0.00982353 0.0181035 0.0299934 0.043501 0.0553797 0.062394 0.0631906 0.0591457 0.0533884 0.0487665 0.0463315 0.0452654 0.0439075
 1.12753e-16 4.61178e-05 0.000448281 0.00297899 0.0135421 0.0421345 0.0897729 0.131031 0.131057 0.0898963 0.0425491 0.0147413 0.00599591 0.00705652 0.0126623 0.0210348 0.0307105 0.0395007 0.0452039 0.0468295 0.0451474 0.0420396 0.0391975 0.0372144 0.0356251 0.033584
 1.05325e-16 5.93532e-05 0.000576934 0.00383393 0.0174285 0.0542266 0.115536 0.168633 0.168652 0.115632 0.0545467 0.0183533 0.00615692 0.00565382 0.00971861 0.0160193 0.0231822 0.029394 0.0328523 0.0327442 0.0297218 0.025426 0.0214491 0.0185542 0.016608 0.0150416
 1.03451e-16 5.12514e-05 0.000498182 0.00331059 0.0150495 0.0468247 0.0997662 0.145618 0.145649 0.099916 0.0473277 0.0165023 0.00695723 0.00845848 0.0151684 0.0249929 0.035993 0.0452521 0.0498304 0.048373 0.041912 0.0331568 0.0248661 0.0185688 0.0143711 0.0115868
 1.02793e-16 5.97363e-05 0.000580658 0.00385868 0.017541 0.0545767 0.116282 0.169722 0.169742 0.116382 0.0549116 0.0185088 0.00628979 0.00589356 0.0101668 0.0167571 0.0242351 0.0306869 0.034193 0.0338529 0.0302908 0.0251786 0.0201834 0.0161769 0.01317 0.0107602
 1.04506e-16 3.43368e-05 0.000333766 0.00221799 0.0100827 0.0313713 0.0668416 0.0975672 0.0976146 0.0670731 0.0321488 0.0123283 0.00785492 0.0126395 0.0234058 0.0386419 0.0556654 0.0700073 0.0771258 0.0749165 0.0649525 0.0513895 0.0384599 0.0285118 0.0217255 0.0170901
 1.10255e-16 3.33198e-05 0.00032388 0.0021523 0.00978406 0.030442 0.0648612 0.0946741 0.0947087 0.0650305 0.0310111 0.0114308 0.00629736 0.00941092 0.0174036 0.0290121 0.0424731 0.0548365 0.0630671 0.0656971 0.0635561 0.0589159 0.0538142 0.0489697 0.0439572 0.0381371
 1.12967e-16 4.16703e-05 0.000405051 0.0026917 0.0122361 0.0380712 0.0811158 0.118397 0.118424 0.0812512 0.0385261 0.0135519 0.00600232 0.00765818 0.0138941 0.0231093 0.0337752 0.0435215 0.0499624 0.0520345 0.0505804 0.0476161 0.0448916 0.0429136 0.0410398 0.0382892
 1.05627e-16 6.20685e-05 0.000603327 0.00400932 0.0182258 0.0567074 0.120822 0.176346 0.176362 0.120901 0.056973 0.0189937 0.00593888 0.00482267 0.00809662 0.0133439 0.0193527 0.024631 0.0277073 0.0279236 0.0258178 0.0227195 0.019891 0.0178909 0.0165393 0.0153196
 1.01226e-16 7.03784e-05 0.000684103 0.00454611 0.020666 0.0642995 0.136997 0.199954 0.199966 0.137057 0.0644987 0.0212411 0.00598947 0.00383389 0.00604925 0.00988106 0.0142083 0.0178281 0.0195667 0.0188862 0.0162038 0.0126123 0.0092303 0.00668736 0.00503776 0.00400505
 1.00914e-16 6.06123e-05 0.000589174 0.00391527 0.0177982 0.0553771 0.117988 0.172211 0.172235 0.118102 0.0557617 0.0189087 0.0067013 0.00666647 0.0115888 0.0190266 0.0273173 0.0341713 0.0372961 0.0356316 0.0299839 0.0224959 0.0153948 0.00998462 0.00645672 0.00433807
 1.0217e-16 4.93548e-05 0.000479746 0.00318808 0.0144926 0.045092 0.0960744 0.14023 0.140263 0.0962353 0.0456322 0.016053 0.00710527 0.0090318 0.0162934 0.026863 0.0387016 0.0486816 0.0536364 0.0520827 0.0450819 0.0354884 0.0262256 0.0189425 0.0138233 0.0102525
 1.03581e-16 5.28709e-05 0.000513924 0.00341521 0.0155251 0.0483043 0.102918 0.150218 0.150244 0.103046 0.0487337 0.016766 0.00653294 0.00732889 0.0130218 0.0215119 0.0311408 0.0394862 0.0440992 0.0438257 0.0394498 0.0330798 0.0268061 0.021705 0.0177711 0.0145027
 1.00336e-16 7.95323e-05 0.000773083 0.00513741 0.0233539 0.0726627 0.154816 0.225958 0.225961 0.154829 0.0727065 0.0234806 0.0054555 0.00146781 0.00139989 0.0021909 0.00315411 0.0039783 0.00440529 0.00431731 0.00380114 0.00308544 0.00240028 0.00186908 0.00149569 0.00122175
 1.00067e-16 7.70394e-05 0.000748851 0.00497638 0.0226219 0.0703851 0.149963 0.218877 0.218883 0.149993 0.0704854 0.0229115 0.0057026 0.00233205 0.00307745 0.00494898 0.00708239 0.00882331 0.00956296 0.00902283 0.00742136 0.00533681 0.00337665 0.00190581 0.000987882 0.00049664
 1.00887e-16 2.30532e-05 0.000224086 0.00148913 0.00676941 0.0210625 0.0448784 0.0655154 0.0655824 0.0452058 0.0221616 0.00994235 0.00944746 0.0175766 0.032918 0.054224 0.0777337 0.096958 0.105295 0.099695 0.082514 0.0600169 0.0387717 0.022706 0.0124947 0.00679432
 1.03204e-16 6.73097e-05 0.000654274 0.00434788 0.0197649 0.0614958 0.131024 0.191235 0.191242 0.131062 0.0616265 0.0201441 0.00530616 0.00276741 0.00414249 0.00690272 0.0103099 0.0137367 0.0165598 0.018439 0.0194277 0.0197705 0.0195882 0.018758 0.0170808 0.0145467
 1.01317e-16 6.7006e-05 0.000651322 0.00432826 0.0196757 0.0612184 0.130433 0.190374 0.19039 0.130512 0.061484 0.0204427 0.00625257 0.00484855 0.00802797 0.0131391 0.0188595 0.0235902 0.0257551 0.0246384 0.0208205 0.0158034 0.0111324 0.00768694 0.00554808 0.00432099
 1.01671e-16 4.94635e-05 0.000480803 0.00319511 0.0145245 0.0451913 0.0962862 0.14054 0.140574 0.0964554 0.0457594 0.016165 0.0073117 0.00946284 0.0170945 0.0281467 0.0404564 0.050692 0.0554857 0.0532726 0.0452205 0.0344458 0.0241753 0.0162803 0.0110202 0.00771392
 1.03026e-16 5.52069e-05 0.000536631 0.0035661 0.016211 0.0504385 0.107466 0.156854 0.156878 0.107583 0.0508334 0.0173523 0.00643356 0.00680528 0.0119866 0.0197965 0.0286683 0.0363724 0.0406564 0.0404515 0.0364622 0.0306041 0.0247803 0.0199751 0.016201 0.0130327
 1.03906e-16 4.86943e-05 0.000473326 0.00314542 0.0142986 0.0444885 0.0947886 0.138353 0.138385 0.0949438 0.0450097 0.0158043 0.00692598 0.00873007 0.0157408 0.0259746 0.0374805 0.0472754 0.0523445 0.0512905 0.0451453 0.036627 0.0284706 0.0221433 0.0176911 0.0144209
 1.08413e-16 2.34668e-05 0.000228106 0.00151585 0.00689085 0.0214403 0.0456827 0.066686 0.0667378 0.0459354 0.0222892 0.00934411 0.0076792 0.0137004 0.0256616 0.0425218 0.0615671 0.0780798 0.0872364 0.0867766 0.078277 0.0659295 0.0538747 0.0442174 0.0368894 0.0308153
 1.07442e-16 6.02863e-05 0.000586004 0.00389421 0.0177025 0.0550791 0.117352 0.171282 0.171293 0.11741 0.0552728 0.0182639 0.00531086 0.00370372 0.00605547 0.0101099 0.0150143 0.0198415 0.0236712 0.0260634 0.0272417 0.027768 0.0279977 0.0277998 0.0267389 0.0244877
 1.04312e-16 5.28398e-05 0.000513622 0.0034132 0.0155159 0.048276 0.102858 0.150131 0.15016 0.103001 0.0487563 0.016903 0.00689386 0.00810865 0.0144679 0.0238117 0.0342461 0.0429684 0.0471704 0.0455859 0.039265 0.0308844 0.0231579 0.0175691 0.0141578 0.0121324
 1.05462e-16 3.71605e-05 0.000361213 0.00240039 0.0109119 0.033951 0.0723378 0.105588 0.10563 0.0725412 0.0346341 0.0128855 0.00735727 0.0111913 0.0206324 0.0341204 0.0493089 0.0623392 0.0692809 0.0682911 0.0606646 0.0498664 0.0393762 0.031051 0.0249609 0.0202817
 1.034e-16 6.63854e-05 0.00064529 0.00428818 0.0194934 0.0606514 0.129225 0.18861 0.188621 0.129282 0.0608448 0.0200531 0.00569607 0.00372921 0.00595414 0.00981903 0.0143271 0.0184126 0.0210268 0.0216746 0.0206698 0.0188435 0.0169574 0.0153069 0.013756 0.0120465
 1.03287e-16 4.20287e-05 0.000408534 0.00271485 0.0123414 0.0383988 0.0818142 0.119419 0.119461 0.0820202 0.0390901 0.0143377 0.00772371 0.0113358 0.0207741 0.0342234 0.0491709 0.061574 0.0673442 0.0646069 0.0548358 0.0418851 0.029724 0.0206191 0.014807 0.0113278
 1.08823e-16 2.54087e-05 0.000246981 0.00164128 0.00746105 0.0232143 0.0494622 0.0722011 0.0722466 0.0496844 0.0239608 0.00961971 0.00706961 0.0121294 0.0226866 0.0377106 0.0548896 0.0702036 0.0795151 0.080833 0.0753605 0.0664139 0.0571718 0.0491026 0.0420129 0.035137
 1.13014e-16 4.48243e-05 0.000435708 0.00289544 0.0131622 0.0409528 0.087255 0.127356 0.127377 0.0873582 0.0412999 0.0141679 0.00543107 0.00600836 0.0107387 0.0179733 0.0265739 0.034873 0.0411859 0.0447393 0.0460335 0.0462544 0.046243 0.0459092 0.0444844 0.0412479
pSPR Fmed_Fpbrs
0.553269   0.224715 0.224715
Fs Fmed_Fpbrs
0.34   1.005 1.005
SSBpbr Bo_Bmed_Bpbrs
930620  468352  162593 162593
Ro
112882
SPR SPRFo_SPRFmed_SPRFpbrs
803550 444579 180570
Fref
1.005
Nvult_r0
 66186.2 15127.2 11344.5 4800.31 569.667
CTP_r0
 28182.2 7582.44 5686.38 2406.14 285.544
YTP_r0
563563
Np
 150635 26398.5 2923.44 570.948 485.835
Nvult_p0
 124237 22843.6 2529.77 494.064 420.412
CTP_p0
 52900.2 9416.58 1839.06 1379.18 725.134
 52900.2 11450.3 1268.04 247.648 210.73
YTP_p0
 676210 644382
CBA_c0
597357
log_Ro
11.4541
likeval ReclasPelacesDesembMPH_pf_preclas_ppelaces_ptallas_desvR_qrecl_qpela
 16.2892 129.967 0.0247889 127.852 220.486 129.194 107.596 0 23.6381 5.37773e-05 0 0.0804118 0 0 0
q_reclas_q_pelaces
2.82098 1
M
1
N
 156638 31370.2 57666.7 4435.36 0.182399
 90720.6 46459.2 8619.14 15844.3 1218.69
 85734.3 22394.3 9952.84 1846.46 3655.36
 129051 21265.3 4828.8 2146.09 1186.33
 101626 27390.7 3712.42 842.994 581.763
 196645 31244 7900.88 1070.85 410.973
 73808.9 53907.5 7715.29 1951.01 365.917
 28652.3 13142.8 7417.82 1061.64 318.816
 27610.9 9215.83 4030.32 2274.73 423.328
 39851.5 5752.93 1569.03 686.177 459.354
 78084.2 6032.78 635.278 173.263 126.497
 125736 24538.7 1792.67 188.775 89.0749
 77632.4 26450.1 4232.37 309.194 47.9229
 37597.3 15588.5 4283.26 685.378 57.8306
 78548.6 1398.13 256.804 70.5623 12.2436
 354929 13906.1 190.885 35.0612 11.3054
 58775.4 80782.9 2668.72 36.6327 8.89819
 265041 15447.1 18840.1 622.397 10.6187
 459794 55971.9 2678.36 3266.68 109.758
 288532 97394.5 9744.8 466.307 587.844
 348190 70689.2 20652.6 2066.4 223.534
 294560 94705.7 17271.2 5045.96 559.488
 63294 66579.9 18005.1 3283.53 1065.69
 172931 15874.1 14573.5 3941.08 951.988
 165041 43866.4 3528.53 3239.42 1087.64
 78775.6 41145.4 9524.23 766.112 939.488
 265211 21433.9 10057.6 2328.1 416.916
 167804 76988.1 5719.89 2683.98 732.54
 60250.1 49159.6 20801.5 1545.46 923.111
 80249.8 17481.2 13109.8 5547.32 658.316
pred_Ctot
 19523.7 5140.12 9448.9 726.75 0.0298868
 19486.1 12811.9 2376.88 4369.34 336.076
 18227.4 6116.29 2718.3 504.301 998.344
 36072.9 7496.19 1702.19 756.513 418.192
 10709.5 3813.06 516.806 117.353 80.9872
 32441.7 6705.98 1695.78 229.84 88.208
 25509.7 23050.1 3298.95 834.226 156.461
 2301.41 1403.26 792.007 113.353 34.0402
 7922.41 3327.71 1455.3 821.374 152.858
 15905.8 2795.04 762.306 333.377 223.175
 7287.41 746.008 78.5577 21.4255 15.6425
 35597.4 8752.15 639.386 67.3301 31.7701
 23398.2 9990.91 1598.68 116.791 18.1017
 25202.4 11597.7 3186.71 509.915 43.0254
 27306.8 600.959 110.382 30.3299 5.26268
 88931.7 4429.88 60.8076 11.169 3.60141
 10904.3 19393.1 640.665 8.79421 2.13614
 74622.6 5481.54 6685.59 220.863 3.76813
 128896 19783.1 946.66 1154.6 38.7937
 62961 27260.6 2727.56 130.519 164.537
 58792.3 15512.8 4532.24 453.474 49.0548
 74672.9 30498.7 5561.95 1624.98 180.176
 13134.7 17773.7 4806.51 876.547 284.488
 34976.6 4136.04 3797.15 1026.86 248.043
 34703.4 11856.8 953.736 875.592 293.982
 13288 9020.75 2088.1 167.963 205.974
 36046.4 3818.68 1791.86 414.776 74.2781
 22007 13251.1 984.5 461.963 126.084
 8204.79 8774.67 3712.92 275.854 164.769
 13763.5 3893.94 2920.22 1235.67 146.64
F
 0.215362 0.291872 0.291872 0.291872 0.291872
 0.398977 0.540716 0.540716 0.540716 0.540716
 0.394176 0.53421 0.53421 0.53421 0.53421
 0.550001 0.745392 0.745392 0.745392 0.745392
 0.179471 0.24323 0.24323 0.24323 0.24323
 0.294132 0.398625 0.398625 0.398625 0.398625
 0.725607 0.983384 0.983384 0.983384 0.983384
 0.13431 0.182025 0.182025 0.182025 0.182025
 0.568502 0.770467 0.770467 0.770467 0.770467
 0.887952 1.2034 1.2034 1.2034 1.2034
 0.157538 0.213504 0.213504 0.213504 0.213504
 0.558927 0.757489 0.757489 0.757489 0.757489
 0.605454 0.820546 0.820546 0.820546 0.820546
 2.2918 3.10597 3.10597 3.10597 3.10597
 0.731387 0.991218 0.991218 0.991218 0.991218
 0.480154 0.650732 0.650732 0.650732 0.650732
 0.336303 0.455776 0.455776 0.455776 0.455776
 0.555035 0.752216 0.752216 0.752216 0.752216
 0.55201 0.748115 0.748115 0.748115 0.748115
 0.406512 0.550928 0.550928 0.550928 0.550928
 0.301975 0.409254 0.409254 0.409254 0.409254
 0.48708 0.660118 0.660118 0.660118 0.660118
 0.383101 0.5192 0.5192 0.5192 0.5192
 0.371744 0.503808 0.503808 0.503808 0.503808
 0.389084 0.527309 0.527309 0.527309 0.527309
 0.301631 0.408788 0.408788 0.408788 0.408788
 0.236873 0.321024 0.321024 0.321024 0.321024
 0.227726 0.308628 0.308628 0.308628 0.308628
 0.237379 0.321709 0.321709 0.321709 0.321709
 0.307383 0.416583 0.416583 0.416583 0.416583
YTP_r0W_actual
 205730 120561 150689 76274.7 10308.1
YTP_p0W_proyectada
 398868 164319 44266.1 43196 25561
 398868 199808 30521.7 7756.33 7428.25
CTP_r0_actual
 28182.2 7582.44 5686.38 2406.14 285.544
CTP_p0_proyectada
 52900.2 9416.58 1839.06 1379.18 725.134
 52900.2 11450.3 1268.04 247.648 210.73
Wmedp
 7.54 17.45 24.07 31.32 35.25
Frms_r0
 0.741557 1.005 1.005 1.005 1.005
Zrms_r0
 1.74156 2.005 2.005 2.005 2.005
nmprior
 7.29 8.9 8.7 0
nm_flota  nm_reclas  nm_pelaces    nm_pelaL
inf 9.19287 6.3553 9.19947
cv_recla  cv_pelaces  cv_mph
0.37366 1.34147 0.959444
 ------------------------------------------------
Talla a la edad & desviaci?n 
 8 13.2811 15.8009 17.003 17.5766
 0.8 1.32811 1.58009 1.7003 1.75766
