years
 1991 1992 1993 1994 1995 1996 1997 1998 1999 2000 2001 2002 2003 2004 2005 2006 2007 2008 2009 2010 2011 2012 2013 2014 2015 2016 2017 2018 2019 2020
reclasobs
 0 0 0 0 0 0 0 0 0 252601 567819 844713 477998 351125 339783 2.1784e+06 2.13404e+06 4.81314e+06 1.55562e+06 2.62356e+06 3.21686e+06 3.843e+06 1.13348e+06 3.07943e+06 1.97215e+06 2.03268e+06 2.025e+06 2.42433e+06 2.27542e+06 1.05018e+06
reclaspred
 4.85765e+06 2.57345e+06 1.23735e+06 1.36979e+06 1.67202e+06 3.35668e+06 2.04614e+06 1.5458e+06 889157 328745 559310 1.24336e+06 1.14335e+06 275410 660069 1.48639e+06 1.31904e+06 2.52807e+06 2.49504e+06 2.27719e+06 4.07738e+06 2.76681e+06 1.62064e+06 2.1695e+06 1.8055e+06 1.57127e+06 2.08625e+06 2.27681e+06 1.88418e+06 950054
pelacesobs
 0 0 0 0 0 0 0 0 0 0 0 0 0 0 0 552880 188675 0 991730 2.46772e+06 1.41603e+06 1.21717e+06 2.29649e+06 1.80582e+06 0 1.4828e+06 1.56532e+06 1.57751e+06 1.42118e+06 867257
pelacespred
 4.36871e+06 2.20053e+06 976323 740723 1.18477e+06 2.27457e+06 1.4041e+06 1.48139e+06 739000 162623 328781 635492 695182 91630.5 316717 642741 697553 1.31575e+06 1.31989e+06 1.19257e+06 2.29573e+06 1.65824e+06 1.04556e+06 1.35111e+06 1.12407e+06 1.04971e+06 1.47341e+06 1.55111e+06 1.34935e+06 670240
mphobs
 0 0 0 0 0 0 0 0 0 0 0 0 498337 0 5186 125008 0 168611 109162 213762 579715 649985 157893 87575 83554 210694 70296 0 107559 103333
mphpred
 722657 499548 217986 128852 189375 276949 456414 194269 165516 65229 21936.4 108270 174693 75438.6 10288.1 81777.7 209305 138626 277106 234323 334610 371504 230771 125773 243660 199136 148748 249746 328711 167463
desembarqueobs
 494567 514787 250237 358949 120608 361735 552515 73892 212993 205616 52469 317467 293654 387597 252695 516296 358380 742168 942051 627588 828172 859565 418607 520667 417249 300574 415391 372974 316634 284311
desembarquepred
 494553 514436 250384 358942 120609 361713 552470 73897.9 213074 205689 52470.6 317433 293706 387608 252579 516154 358436 741834 941205 627095 828337 859527 418553 520722 417106 300573 415341 372924 316499 284189
Reclutas
 145526 93357.6 84873.5 124671 92164.2 193892 67211.1 24195.4 23498.9 31731.7 54253.4 130718 72981.6 44187.7 65404.4 220901 51722.9 281167 289107 237810 245224 289239 50613 131410 144582 47186.7 133149 121547 46410.5 43847.4
log_desv_Rt
 0.44904 0.00512163 -0.0901542 0.294359 -0.00774468 0.735984 -0.323478 -1.34515 -1.37436 -1.074 -0.537651 0.341725 -0.241108 -0.742869 -0.350726 0.866397 -0.585415 1.10763 1.13548 0.940156 0.970855 1.13594 -0.607107 0.347004 0.442533 -0.677204 0.360149 0.268986 -0.693791 -0.7506
SSB
 722657 499548 217986 128852 189375 276949 456414 194269 165516 65229 21936.4 108270 164300 72065.8 9818.58 78178.6 209305 138626 290672 244199 359985 433878 290339 146860 258207 230353 156952 249746 346510 160130
BT
 1.26719e+06 949373 431646 565202 464367 1.20282e+06 819171 461550 398849 250892 217199 554047 512511 428199 452477 774765 505044 1.34684e+06 1.49574e+06 981859 1.68384e+06 1.34173e+06 663599 1.14638e+06 756618 591358 1.12771e+06 970051 598278 461501
Ftot
 0.494903 0.914879 0.908865 1.04486 0.321292 0.457661 1.15596 0.230265 1.047 2.15716 0.369893 0.988246 1.04462 3.57394 1.33563 1.25041 1.10194 1.10225 1.38969 1.06431 0.827407 1.21719 1.08751 0.937492 0.932918 0.820349 0.789582 0.662485 0.757752 1.23882
BD_Bspro_t
 0.92387 0.562154 0.293189 0.213846 0.2623 0.390448 0.449852 0.236725 0.269852 0.153983 0.0781185 0.374097 0.326406 0.145927 0.0251206 0.166164 0.247109 0.169812 0.248718 0.194483 0.217945 0.245159 0.19691 0.129498 0.231433 0.247563 0.218999 0.335545 0.391607 0.238277
BD_Bspro
 1.093 0.755553 0.329697 0.194884 0.286424 0.418877 0.690314 0.293827 0.250338 0.098657 0.0331782 0.163755 0.248499 0.108998 0.0148503 0.118243 0.316569 0.209667 0.439633 0.369345 0.544467 0.656228 0.43913 0.222121 0.39053 0.348403 0.237385 0.377734 0.524087 0.242192
BD_Bo
 1.59925 1.1055 0.482405 0.28515 0.419088 0.61289 1.01005 0.429919 0.366288 0.144352 0.0485454 0.239602 0.363597 0.159482 0.0217286 0.17301 0.463195 0.30678 0.643259 0.540416 0.79665 0.960175 0.642524 0.325002 0.571414 0.509774 0.347336 0.55269 0.76683 0.35437
BD_Brms
 8.86035 6.12486 2.67268 1.57982 2.32188 3.39561 5.596 2.38189 2.02936 0.799759 0.268958 1.32747 2.01445 0.883584 0.120384 0.958532 2.56625 1.69966 3.56387 2.99408 4.4137 5.31968 3.55979 1.80062 3.16582 2.82431 1.92435 3.06208 4.24849 1.96332
Sel_flota
 0.712599 1 1 1 1
 0.712599 1 1 1 1
 0.712599 1 1 1 1
 0.712599 1 1 1 1
 0.712599 1 1 1 1
 0.712599 1 1 1 1
 0.712599 1 1 1 1
 0.712599 1 1 1 1
 0.712599 1 1 1 1
 0.712599 1 1 1 1
 0.712599 1 1 1 1
 0.712599 1 1 1 1
 0.712599 1 1 1 1
 0.712599 1 1 1 1
 0.712599 1 1 1 1
 0.712599 1 1 1 1
 0.712599 1 1 1 1
 0.712599 1 1 1 1
 0.712599 1 1 1 1
 0.712599 1 1 1 1
 0.712599 1 1 1 1
 0.712599 1 1 1 1
 0.712599 1 1 1 1
 0.712599 1 1 1 1
 0.712599 1 1 1 1
 0.712599 1 1 1 1
 0.712599 1 1 1 1
 0.712599 1 1 1 1
 0.712599 1 1 1 1
 0.712599 1 1 1 1
Sel_reclas
 0.444288 0.800938 0.952939 0.990282 0.998054
 0.444288 0.800938 0.952939 0.990282 0.998054
 0.444288 0.800938 0.952939 0.990282 0.998054
 0.444288 0.800938 0.952939 0.990282 0.998054
 0.444288 0.800938 0.952939 0.990282 0.998054
 0.444288 0.800938 0.952939 0.990282 0.998054
 0.444288 0.800938 0.952939 0.990282 0.998054
 0.444288 0.800938 0.952939 0.990282 0.998054
 0.444288 0.800938 0.952939 0.990282 0.998054
 0.444288 0.800938 0.952939 0.990282 0.998054
 0.444288 0.800938 0.952939 0.990282 0.998054
 0.444288 0.800938 0.952939 0.990282 0.998054
 0.444288 0.800938 0.952939 0.990282 0.998054
 0.444288 0.800938 0.952939 0.990282 0.998054
 0.444288 0.800938 0.952939 0.990282 0.998054
 0.444288 0.800938 0.952939 0.990282 0.998054
 0.444288 0.800938 0.952939 0.990282 0.998054
 0.444288 0.800938 0.952939 0.990282 0.998054
 0.444288 0.800938 0.952939 0.990282 0.998054
 0.444288 0.800938 0.952939 0.990282 0.998054
 0.444288 0.800938 0.952939 0.990282 0.998054
 0.444288 0.800938 0.952939 0.990282 0.998054
 0.444288 0.800938 0.952939 0.990282 0.998054
 0.444288 0.800938 0.952939 0.990282 0.998054
 0.444288 0.800938 0.952939 0.990282 0.998054
 0.444288 0.800938 0.952939 0.990282 0.998054
 0.444288 0.800938 0.952939 0.990282 0.998054
 0.444288 0.800938 0.952939 0.990282 0.998054
 0.444288 0.800938 0.952939 0.990282 0.998054
 0.444288 0.800938 0.952939 0.990282 0.998054
Sel_pelaces
 0.174019 0.514629 0.842172 0.964099 0.992655
 0.174019 0.514629 0.842172 0.964099 0.992655
 0.174019 0.514629 0.842172 0.964099 0.992655
 0.174019 0.514629 0.842172 0.964099 0.992655
 0.174019 0.514629 0.842172 0.964099 0.992655
 0.174019 0.514629 0.842172 0.964099 0.992655
 0.174019 0.514629 0.842172 0.964099 0.992655
 0.174019 0.514629 0.842172 0.964099 0.992655
 0.174019 0.514629 0.842172 0.964099 0.992655
 0.174019 0.514629 0.842172 0.964099 0.992655
 0.174019 0.514629 0.842172 0.964099 0.992655
 0.174019 0.514629 0.842172 0.964099 0.992655
 0.174019 0.514629 0.842172 0.964099 0.992655
 0.174019 0.514629 0.842172 0.964099 0.992655
 0.174019 0.514629 0.842172 0.964099 0.992655
 0.174019 0.514629 0.842172 0.964099 0.992655
 0.174019 0.514629 0.842172 0.964099 0.992655
 0.174019 0.514629 0.842172 0.964099 0.992655
 0.174019 0.514629 0.842172 0.964099 0.992655
 0.174019 0.514629 0.842172 0.964099 0.992655
 0.174019 0.514629 0.842172 0.964099 0.992655
 0.174019 0.514629 0.842172 0.964099 0.992655
 0.174019 0.514629 0.842172 0.964099 0.992655
 0.174019 0.514629 0.842172 0.964099 0.992655
 0.174019 0.514629 0.842172 0.964099 0.992655
 0.174019 0.514629 0.842172 0.964099 0.992655
 0.174019 0.514629 0.842172 0.964099 0.992655
 0.174019 0.514629 0.842172 0.964099 0.992655
 0.174019 0.514629 0.842172 0.964099 0.992655
 0.174019 0.514629 0.842172 0.964099 0.992655
pf_obs 
 0.8446 0.082 0.0669 0.0065 0
 0.8095 0.147 0.0364 0.0071 0
 0.9664 0.0169 0.016 0.0007 0
 0.9276 0.0648 0.0075 0.0001 0
 0.7033 0.2144 0.0806 0.0017 0
 0.9318 0.0425 0.0243 0.0014 0
 0.5671 0.3108 0.0964 0.0239 0.0018
 0.0768 0.2599 0.5324 0.112 0.0189
 0.490249 0.384438 0.106611 0.0170017 0.00170017
 0.7925 0.1577 0.0466 0.003 0.0002
 0.840416 0.127587 0.0312969 0.00059994 9.999e-05
 0.8084 0.0986 0.0794 0.0134 0.0002
 0.7335 0.1905 0.0724 0.0035 0.0001
 0.4001 0.4547 0.1325 0.0127 0
 0.49795 0.308269 0.164784 0.0264974 0.00249975
 0.9179 0.0499 0.0305 0.0017 0
 0.2467 0.6533 0.0926 0.0074 0
 0.9418 0.0223 0.034 0.0019 0
 0.707729 0.231977 0.0356964 0.0245975 0
 0.517169 0.277429 0.184464 0.0207286 0.00020938
 0.811772 0.124168 0.05621 0.00726502 0.000585176
 0.764997 0.148141 0.077277 0.00933861 0.000247198
 0.163321 0.427699 0.378323 0.0303852 0.000271297
 0.753843 0.0900009 0.118128 0.0371064 0.000921714
 0.721811 0.176058 0.0630433 0.0369309 0.00215725
 0.143369 0.312575 0.442814 0.0836902 0.0175525
 0.692698 0.0596174 0.167031 0.0765114 0.00414204
 0.394062 0.376323 0.152708 0.0712218 0.00568511
 0.125707 0.32114 0.495352 0.0537591 0.00404204
 0.23352 0.215282 0.420074 0.123614 0.00750983
pf_pred 
 0.663584 0.149354 0.171714 0.0153467 9.02392e-07
 0.593462 0.305434 0.0448855 0.0516052 0.00461242
 0.724389 0.195136 0.0604617 0.00888523 0.0111284
 0.830928 0.137531 0.022331 0.00691913 0.00229033
 0.736436 0.235469 0.0228537 0.00371077 0.00153035
 0.812866 0.150768 0.0324901 0.00315337 0.000723172
 0.475334 0.455694 0.0555681 0.0119748 0.00142877
 0.499927 0.306309 0.168292 0.0205218 0.00495006
 0.593803 0.241042 0.101162 0.0555807 0.00841241
 0.824938 0.124959 0.0297314 0.0124779 0.00789326
 0.936052 0.0582742 0.00405008 0.00096363 0.000660254
 0.86531 0.12881 0.00535751 0.000372349 0.000149294
 0.689884 0.283902 0.0250693 0.00104269 0.000101523
 0.712035 0.227891 0.0549957 0.00485627 0.000221649
 0.973545 0.0233999 0.00241801 0.000583525 5.38786e-05
 0.94964 0.0496158 0.000658047 6.79989e-05 1.7925e-05
 0.545143 0.441696 0.0129664 0.000171972 2.2455e-05
 0.94558 0.0366819 0.0172249 0.000505654 7.5821e-06
 0.828316 0.166142 0.00373506 0.0017539 5.22593e-05
 0.810919 0.169876 0.0185851 0.000417814 0.000202041
 0.80364 0.172824 0.0211454 0.00231339 7.71565e-05
 0.801474 0.172679 0.0227488 0.00278336 0.000314666
 0.441072 0.490222 0.0597606 0.00787288 0.00107216
 0.873757 0.0726957 0.0469653 0.0057253 0.000856971
 0.808082 0.176624 0.00880675 0.00568962 0.000797412
 0.539664 0.402932 0.0528291 0.00263414 0.0019403
 0.874944 0.0820968 0.0376025 0.00493012 0.000426896
 0.75388 0.226169 0.0130975 0.005999 0.000854644
 0.515739 0.40137 0.0761719 0.00441114 0.00230826
 0.691204 0.195054 0.0942724 0.017891 0.00157823
pobs_RECLAS
 0 0 0 0 0
 0 0 0 0 0
 0 0 0 0 0
 0 0 0 0 0
 0 0 0 0 0
 0 0 0 0 0
 0 0 0 0 0
 0 0 0 0 0
 0 0 0 0 0
 0 0 0 0 0
 0.991045 0.00858322 0.000360255 1.14367e-05 0
 0.934742 0.0480273 0.0164251 0.00080598 0
 0.827803 0.169806 0.00239088 0 0
 0.941827 0.0461693 0.0120037 0 0
 0.791401 0.0380133 0.147996 0.0225897 0
 0.846168 0.0940531 0.0597789 0 0
 0.134021 0.677848 0.182769 0.00536245 0
 0.80878 0.0450904 0.141981 0.00414843 0
 0.846168 0.0940531 0.0597789 0 0
 0.905697 0.0802665 0.012482 0.00150086 5.37128e-05
 0.989698 0.0102097 9.19794e-05 0 0
 0.975433 0.0193895 0.00387452 0.00125025 5.28907e-05
 0.303575 0.632131 0.0575291 0.00676475 0
 0.966965 0.00978017 0.0227588 0.000495775 0
 0.843318 0.132988 0.00938335 0.0141283 0.000182051
 0.564624 0.303363 0.111486 0.0197234 0.00080311
 0.826376 0.0876187 0.0782897 0.00655872 0.00115652
 0.89761 0.0855135 0.0140674 0.00269457 0.000114338
 0.34875 0.467042 0.161289 0.0227151 0.000203297
 0.318654 0.224769 0.449479 0.00709798 0
ppred_RECLAS
 0.5849 0.166376 0.227585 0.0211372 1.25263e-06
 0.528122 0.33644 0.0588251 0.0702819 0.00633102
 0.667114 0.222516 0.0820298 0.0125272 0.015813
 0.793993 0.16143 0.0311858 0.0100414 0.00334993
 0.682572 0.2777 0.0320676 0.00541088 0.002249
 0.767789 0.180256 0.0462167 0.0046614 0.0010774
 0.419872 0.491018 0.0712386 0.0159534 0.0019184
 0.421268 0.32945 0.215358 0.0272902 0.00663431
 0.523193 0.260846 0.13025 0.0743663 0.0113441
 0.797629 0.136253 0.038571 0.0168221 0.0107248
 0.918826 0.0726547 0.00600783 0.00148545 0.00102578
 0.837887 0.153734 0.00760759 0.00054945 0.000222032
 0.640559 0.323807 0.0340194 0.00147039 0.000144291
 0.709571 0.220912 0.0634288 0.00582042 0.00026774
 0.96758 0.0280293 0.00344607 0.000864209 8.04212e-05
 0.939431 0.059502 0.000938933 0.000100826 2.6787e-05
 0.493352 0.489291 0.0170895 0.000235538 3.09965e-05
 0.930377 0.0441774 0.0246816 0.000752944 1.13787e-05
 0.79968 0.19258 0.00515104 0.00251359 7.54831e-05
 0.774211 0.198988 0.0259015 0.000605113 0.000294909
 0.762781 0.204028 0.0297008 0.00337671 0.000113505
 0.764169 0.200036 0.031354 0.00398656 0.000454228
 0.386113 0.525759 0.076256 0.0104397 0.00143288
 0.837918 0.0861804 0.0662435 0.00839186 0.00126596
 0.770067 0.208126 0.0123469 0.00828933 0.00117088
 0.479153 0.445139 0.0694389 0.00359801 0.00267108
 0.84026 0.0982608 0.0535472 0.00729578 0.000636695
 0.706048 0.265683 0.0183057 0.00871304 0.00125104
 0.452273 0.439394 0.0992135 0.00597064 0.00314883
 0.632304 0.21648 0.124484 0.0245503 0.00218267
pobs_PELACES
 0 0 0 0 0
 0 0 0 0 0
 0 0 0 0 0
 0 0 0 0 0
 0 0 0 0 0
 0 0 0 0 0
 0 0 0 0 0
 0 0 0 0 0
 0 0 0 0 0
 0 0 0 0 0
 0 0 0 0 0
 0 0 0 0 0
 0 0 0 0 0
 0 0 0 0 0
 0 0 0 0 0
 0 0 0 0 0
 0.505614 0.472636 0.0217494 0 0
 0 0 0 0 0
 0.443492 0.261883 0.143347 0.151278 0
 0.227955 0.32914 0.350689 0.0885471 0.00366901
 0.970185 0.0296113 0.000203453 0 0
 0.997202 0.00247181 0.000326279 0 0
 0.445219 0.490057 0.0546422 0.010081 0
 0.90214 0.0892962 0.00764917 0.000914606 0
 0 0 0 0 0
 0.581667 0.319106 0.0959925 0.00289975 0.000334073
 0.762889 0.0836404 0.116647 0.0363945 0.000428098
 0.88444 0.0763242 0.0277011 0.0115352 0
 0.521256 0.241999 0.230069 0.00667565 0
 0.616807 0.101726 0.260614 0.0208532 0
ppred_PELACES
 0.422185 0.187971 0.353658 0.0361838 2.19065e-06
 0.396852 0.380262 0.0914487 0.120361 0.0110764
 0.539213 0.270677 0.137246 0.0230892 0.029775
 0.703981 0.212644 0.0565025 0.0200416 0.00683054
 0.56261 0.364222 0.057849 0.0107529 0.00456591
 0.659332 0.243145 0.0857461 0.00952706 0.00224959
 0.316724 0.544517 0.10866 0.0268061 0.00329309
 0.279297 0.350572 0.315202 0.0440009 0.0109278
 0.381834 0.282772 0.194209 0.12215 0.0190357
 0.720538 0.164557 0.064072 0.0307834 0.0200496
 0.872519 0.109278 0.0124288 0.00338529 0.00238821
 0.772315 0.211659 0.0144064 0.00114621 0.000473185
 0.536119 0.402649 0.0581844 0.00277038 0.000277732
 0.656678 0.238963 0.0943709 0.00953966 0.000448305
 0.951394 0.0398324 0.00673578 0.00186084 0.000176906
 0.913585 0.0843094 0.00182987 0.000216464 5.87514e-05
 0.394148 0.577625 0.0277491 0.000421314 5.66422e-05
 0.888164 0.0623157 0.0478861 0.00160926 2.4845e-05
 0.732027 0.253481 0.00932544 0.00501298 0.000153792
 0.688697 0.262495 0.0469959 0.00120948 0.000602188
 0.667816 0.270914 0.0542436 0.00679363 0.000233294
 0.676597 0.258867 0.0558088 0.0078169 0.000909897
 0.286869 0.577997 0.115306 0.0173897 0.00243835
 0.744127 0.114869 0.121444 0.0169481 0.00261195
 0.681682 0.276641 0.022573 0.0166947 0.00240909
 0.364591 0.514045 0.110293 0.00629557 0.00477466
 0.750063 0.133508 0.10007 0.0150198 0.00133908
 0.599638 0.347612 0.0329426 0.017273 0.00253368
 0.334352 0.495919 0.154017 0.0102104 0.00550116
 0.50303 0.251202 0.198682 0.0431648 0.00392051
pobs_pel_tallas
 0 0 0 0 0 0 0 0 0 0 0 0 0 0 0 0 0 0 0 0 0 0 0 0 0 0
 0 0 0 0 0 0 0 0 0 0 0 0 0 0 0 0 0 0 0 0 0 0 0 0 0 0
 0 0 0 0 0 0 0 0 0 0 0 0 0 0 0 0 0 0 0 0 0 0 0 0 0 0
 0 0 0 0 0 0 0 0 0 0 0 0 0 0 0 0 0 0 0 0 0 0 0 0 0 0
 0 0 0 0 0 0 0 0 0 0 0 0 0 0 0 0 0 0 0 0 0 0 0 0 0 0
 0 0 0 0 0 0 0 0 0 0 0 0 0 0 0 0 0 0 0 0 0 0 0 0 0 0
 0 0 0 0 0 0 0 0 0 0 0 0 0 0 0 0 0 0 0 0 0 0 0 0 0 0
 0 0 0 0 0 0 0 0 0 0 0 0 0 0 0 0 0 0 0 0 0 0 0 0 0 0
 0 0 0 0 0 0 0 0 0 0 0 0 0 0 0 0 0 0 0 0 0 0 0 0 0 0
 0 0 0 0 0 0 0 0 0 0 0 0 0 0 0 0 0 0 0 0 0 0 0 0 0 0
 0 0 0 0 0 0 0 0 0 0 0 0 0 0 0 0 0 0 0 0 0 0 0 0 0 0
 0 0 0 0 0 0 0 0 0 0 0 0 0 0 0 0 0 0 0 0 0 0 0 0 0 0
 0.00862536 0 0 0.000197151 0.00414017 0.0128641 0.00837892 0.0270097 0.101434 0.158115 0.152841 0.127902 0.109271 0.109419 0.0830992 0.0579132 0.0238553 0.00714673 0.00463305 0.00128148 0.00103504 0.000492878 0.000147863 0.000147863 4.92878e-05 0
 0 0 0 0 0 0 0 0 0 0 0 0 0 0 0 0 0 0 0 0 0 0 0 0 0 0
 0 0 0 0 0 0 0 0.0054083 0.00873648 0.0413646 0.0450493 0.0745869 0.0622846 0.0627006 0.0613931 0.0827291 0.12552 0.122667 0.0946155 0.0697135 0.0546179 0.0294188 0.0215738 0.0213955 0.0102223 0.00600262
 0 0 0 0 0.00359764 0.0251062 0.0480494 0.140153 0.205849 0.193036 0.1447 0.116669 0.0760912 0.0342217 0.00950174 0.001854 0.000860785 0 0 0 0.000165536 0 0.000143464 0 0 0
 0 0 0 0 0 0 0 0.000145254 0.000435761 0.0275982 0.070085 0.0708112 0.156366 0.174668 0.174014 0.160142 0.0824315 0.0480064 0.0283245 0.00493863 0.00203355 0 0 0 0 0
 0 0 0 0 0 0 0 0 0 0 0 0 0 0 0 0 0 0 0 0 0 0 0 0 0 0
 0 0 1.00437e-05 0.000401748 0.00122533 0.00171747 0.00176769 0.0269171 0.070346 0.194647 0.189555 0.159765 0.064822 0.0314167 0.0384472 0.0292271 0.0345202 0.0313363 0.0194345 0.0106764 0.0143323 0.0359363 0.0279516 0.0138201 0.00172751 0
 0 0.0021121 0.0136068 0.0755702 0.200478 0.177729 0.0527432 0.0373336 0.0318909 0.0142505 0.0149659 0.0166563 0.0217959 0.0798694 0.0677717 0.0528807 0.04013 0.0224614 0.0357745 0.0225083 0.00881397 0.00855152 0.00135912 0.000746735 0 0
 0 0 0 0 5.4009e-05 0.00500934 0.000945158 0.0243581 0.138947 0.33067 0.221406 0.137944 0.0707744 0.0437923 0.0131692 0.00525238 0.0047753 0.00276346 9.45158e-05 9.00151e-06 2.25038e-05 9.00151e-06 4.50075e-06 0 0 0
 0.000866109 0.00284123 0.00948549 0.0512746 0.133035 0.25785 0.225252 0.132002 0.0553304 0.0519788 0.0540692 0.017754 0.00435017 0.00159236 0.00146478 0.000404838 0.000125132 0.000115318 0.000107957 0.000100596 0 0 0 0 0 0
 0 0 0 0 0.00144013 0.00171154 0.00461396 0.0210425 0.0478622 0.0707936 0.0888783 0.103762 0.0637923 0.0337046 0.0602308 0.124433 0.169614 0.0934646 0.0462172 0.0250306 0.0313229 0.00938855 0.002487 0.000210481 0 0
 0 0.00764035 0.051015 0.0998891 0.058973 0.0496711 0.0374665 0.0718981 0.12319 0.153886 0.159021 0.0857701 0.0377988 0.023471 0.0147837 0.00900784 0.00315554 0.000888139 0.00291439 0.00214683 0.00393193 0.00274676 0.000635225 9.99891e-05 0 0
 0 0 0 0 0 0 0 0 0 0 0 0 0 0 0 0 0 0 0 0 0 0 0 0 0 0
 0 0 0 0 0 0 0 0 0 0 0 0 0 0 0 0 0 0 0 0 0 0 0 0 0 0
 0 0 0 0 0 0 0 0 0 0 0 0 0 0 0 0 0 0 0 0 0 0 0 0 0 0
 0 0 0 0 0 0 0 0 0 0 0 0 0 0 0 0 0 0 0 0 0 0 0 0 0 0
 0 0 0 0 0 0 0 0 0 0 0 0 0 0 0 0 0 0 0 0 0 0 0 0 0 0
 0 0 0 0 0 0 0 0 0 0 0 0 0 0 0 0 0 0 0 0 0 0 0 0 0 0
ppred_pel_tallas
 1.13883e-16 3.47748e-05 0.000338024 0.00224629 0.0102113 0.0317713 0.0676928 0.0988035 0.0988221 0.067784 0.0320793 0.0111075 0.00452055 0.00538464 0.00985889 0.016868 0.0257479 0.0354 0.0446187 0.0526828 0.0594704 0.0649265 0.0684375 0.0688331 0.0651088 0.0572515
 1.16682e-16 3.26883e-05 0.000317742 0.00211151 0.00959862 0.0298651 0.063632 0.0928805 0.0929173 0.0638117 0.0304685 0.0113428 0.00649499 0.0099052 0.0182966 0.0303482 0.0440878 0.0562708 0.0636506 0.0648474 0.0611866 0.0557192 0.0512016 0.0486198 0.0471571 0.0452357
 1.11385e-16 4.44143e-05 0.000431723 0.00286895 0.0130419 0.0405782 0.0864571 0.126192 0.126218 0.0865854 0.0410096 0.0142901 0.00601026 0.00731583 0.013197 0.0219531 0.0321048 0.0413963 0.0475416 0.0494811 0.0479405 0.0447647 0.0415983 0.0389992 0.0365265 0.033453
 1.04851e-16 5.7986e-05 0.000563645 0.00374562 0.0170271 0.0529776 0.112875 0.164749 0.164769 0.112976 0.0533148 0.0180017 0.00619444 0.00591715 0.0102481 0.016911 0.0244986 0.0311128 0.0348566 0.0348601 0.031776 0.0272814 0.0230031 0.0197195 0.0173123 0.0152515
 1.03614e-16 4.63415e-05 0.000450456 0.00299344 0.0136078 0.042339 0.0902091 0.13167 0.131705 0.0903806 0.0429152 0.015272 0.00717138 0.00957241 0.0173749 0.0286619 0.0413094 0.0519991 0.0573725 0.0558706 0.0486465 0.0387539 0.0292964 0.0219874 0.0169499 0.0134446
 1.03873e-16 5.43084e-05 0.000527897 0.00350806 0.0159471 0.0496176 0.105716 0.154301 0.154325 0.105831 0.0500038 0.0170635 0.00631411 0.00666612 0.0117487 0.0194327 0.02821 0.0359343 0.0404341 0.0406753 0.0373188 0.0321647 0.026968 0.0225865 0.0189656 0.015685
 1.06521e-16 2.60882e-05 0.000253587 0.00168518 0.0076606 0.0238352 0.0507854 0.0741339 0.0741864 0.0510422 0.0246974 0.0101514 0.00793996 0.0139161 0.0259981 0.0430024 0.0620923 0.0783922 0.08693 0.0853914 0.0754573 0.0615754 0.0482122 0.0377511 0.0302599 0.0246244
 1.15448e-16 2.30054e-05 0.000223621 0.00148604 0.00675535 0.0210186 0.0447836 0.0653701 0.0654043 0.0449509 0.0215818 0.00838748 0.00560334 0.00927933 0.0174196 0.029279 0.0433814 0.0570701 0.0675682 0.0734805 0.0753783 0.0749094 0.0732622 0.0703631 0.0653514 0.0576693
 1.21149e-16 3.14512e-05 0.000305717 0.0020316 0.00923536 0.0287348 0.0612235 0.0893633 0.0893908 0.0613582 0.0291878 0.0105477 0.00533984 0.00757513 0.0139786 0.0234346 0.0346483 0.0454835 0.0537898 0.0586439 0.0608153 0.0619598 0.0632105 0.0643494 0.0641212 0.0612399
 1.08372e-16 5.93498e-05 0.000576901 0.00383371 0.0174275 0.0542236 0.11553 0.168622 0.168638 0.115608 0.0544854 0.0181847 0.00573822 0.00474737 0.00801837 0.0132648 0.0193488 0.0248623 0.0284195 0.0294145 0.0283666 0.0264992 0.0248973 0.0239149 0.0231961 0.0221236
 1.01131e-16 7.18683e-05 0.000698585 0.00464235 0.0211034 0.0656607 0.139897 0.204187 0.204197 0.139949 0.0658334 0.0216022 0.00589418 0.00343065 0.00525856 0.00857455 0.0123331 0.0154847 0.017013 0.0164522 0.0141629 0.0110877 0.00819012 0.00600884 0.00458603 0.00368096
 1.00665e-16 6.36146e-05 0.000618357 0.0041092 0.0186798 0.05812 0.123832 0.18074 0.18076 0.123931 0.0584542 0.0196446 0.00652967 0.00589793 0.0100777 0.0165259 0.0237201 0.0296588 0.0323468 0.0308608 0.0259024 0.0193382 0.0131119 0.0083663 0.00527602 0.00343431
 1.02107e-16 4.41595e-05 0.000429246 0.00285249 0.012967 0.0403455 0.0859618 0.125472 0.125511 0.0861514 0.0409821 0.0148059 0.00746805 0.0105043 0.019176 0.0316246 0.0455319 0.0572082 0.0629072 0.060875 0.0523733 0.0407973 0.0296399 0.0208936 0.0148094 0.0106692
 1.03818e-16 5.40897e-05 0.000525772 0.00349394 0.015883 0.0494179 0.105291 0.15368 0.153703 0.105404 0.0497977 0.0169812 0.00625524 0.00656848 0.0115734 0.0191595 0.0278538 0.035563 0.0401652 0.0406411 0.0376123 0.0327941 0.0278442 0.0235509 0.0198442 0.0163433
 1.00422e-16 7.83651e-05 0.000761736 0.00506201 0.0230112 0.0715962 0.152544 0.222643 0.222646 0.152562 0.0716593 0.0231932 0.00551911 0.0017599 0.00197494 0.00314323 0.00452567 0.00570208 0.00630207 0.00615565 0.00538831 0.00433136 0.00331983 0.00253589 0.00198886 0.00159639
 1.00107e-16 7.52508e-05 0.000731465 0.00486084 0.0220967 0.068751 0.146482 0.213796 0.213804 0.146521 0.068884 0.0224805 0.00582356 0.00283038 0.00405351 0.00656123 0.00939517 0.0117108 0.0127038 0.0120052 0.00990293 0.00715999 0.00457698 0.00263364 0.00141251 0.000747539
 1.01001e-16 3.24656e-05 0.000315577 0.00209712 0.00953326 0.0296618 0.0631996 0.0922534 0.092309 0.0634712 0.0305733 0.0121648 0.00869824 0.0147109 0.0273278 0.0450107 0.0645622 0.0806077 0.0876861 0.0832689 0.0692904 0.0509007 0.0334874 0.0202553 0.0117401 0.00684195
 1.01564e-16 7.31569e-05 0.000711111 0.00472558 0.0214818 0.066838 0.142406 0.207846 0.207852 0.142435 0.0669378 0.0217708 0.00545387 0.0023104 0.00313803 0.00514343 0.00756747 0.00985783 0.01149 0.0121976 0.0120863 0.0114862 0.0106782 0.00973678 0.00858978 0.00718636
 1.00863e-16 6.02961e-05 0.0005861 0.00389484 0.0177054 0.0550882 0.117372 0.171313 0.171338 0.117491 0.0554881 0.01886 0.00679107 0.00690175 0.0120347 0.0197478 0.0283182 0.0353522 0.0384553 0.0365283 0.0304347 0.0224496 0.0149438 0.00931319 0.00576319 0.00376937
 1.01647e-16 5.67271e-05 0.000551408 0.0036643 0.0166574 0.0518275 0.110425 0.161174 0.161199 0.110549 0.0522428 0.0178572 0.00667648 0.00712871 0.012553 0.0206744 0.0298018 0.0375232 0.0414077 0.0403121 0.0350376 0.0277529 0.0206767 0.015057 0.0110352 0.00816004
 1.02356e-16 5.50072e-05 0.000534689 0.0035532 0.0161523 0.0502561 0.107077 0.156287 0.156313 0.107205 0.050685 0.0173914 0.00666452 0.0073303 0.0129714 0.0213838 0.0308592 0.0389284 0.0431008 0.042208 0.0370714 0.0299001 0.0229318 0.0173916 0.0133713 0.0103775
 1.02615e-16 5.57305e-05 0.00054172 0.00359992 0.0163647 0.0509169 0.108485 0.158342 0.158367 0.108607 0.0513268 0.0175492 0.00657447 0.00703972 0.0124098 0.0204616 0.0295483 0.0373177 0.0413992 0.040681 0.0359424 0.0292757 0.0227894 0.0176216 0.0138349 0.0109491
 1.05632e-16 2.36291e-05 0.000229683 0.00152633 0.00693851 0.0215886 0.0459988 0.0671483 0.067204 0.0462713 0.0225036 0.00958214 0.00816459 0.0147289 0.0275831 0.0456218 0.0658526 0.0830876 0.0920267 0.0901878 0.079334 0.0641842 0.0495081 0.0379001 0.0295223 0.0232832
 1.05676e-16 6.12927e-05 0.000595787 0.00395922 0.017998 0.0559986 0.119311 0.174141 0.174152 0.119366 0.0561838 0.0185349 0.00531495 0.00358209 0.00581116 0.00971439 0.0144643 0.0191826 0.0229859 0.0254213 0.0266351 0.0270742 0.0270017 0.0262763 0.0245554 0.0216783
 1.02805e-16 5.61493e-05 0.000545791 0.00362698 0.0164877 0.0512996 0.1093 0.159532 0.159559 0.10943 0.0517366 0.0177496 0.00679341 0.00745471 0.0131675 0.0216544 0.0311311 0.0390322 0.042788 0.0412285 0.0352912 0.0274014 0.0200359 0.014577 0.0111171 0.00900328
 1.04754e-16 3.0031e-05 0.000291912 0.00193986 0.00881836 0.0274374 0.0584602 0.0853348 0.0853844 0.0587026 0.0282514 0.0111701 0.00784569 0.0131926 0.0245547 0.0406075 0.058633 0.0740147 0.0820371 0.0804798 0.0708841 0.0574119 0.0442774 0.0337852 0.0261115 0.0203437
 1.04655e-16 6.17818e-05 0.000600541 0.0039908 0.0181416 0.0564454 0.120263 0.175531 0.175544 0.120327 0.0566592 0.0187608 0.00555136 0.00402785 0.00663125 0.0110225 0.0162392 0.021186 0.0247649 0.0264327 0.0264442 0.0255219 0.0242549 0.02275 0.0207634 0.018085
 1.03201e-16 4.93915e-05 0.000480103 0.00319045 0.0145034 0.0451255 0.0961459 0.140335 0.140368 0.0963095 0.0456747 0.0160894 0.00717048 0.00916502 0.0165334 0.0272286 0.0391588 0.0491202 0.0538842 0.051972 0.0445436 0.0346224 0.0252997 0.0183078 0.0137817 0.0109408
 1.06527e-16 2.75403e-05 0.000267701 0.00177897 0.00808697 0.0251618 0.0536117 0.0782579 0.0783058 0.053846 0.0259487 0.0103613 0.00749395 0.0127635 0.0238173 0.0394815 0.0572189 0.0726691 0.0813624 0.0811706 0.073478 0.062062 0.0506636 0.041202 0.0336849 0.0272779
 1.10791e-16 4.1434e-05 0.000402753 0.00267644 0.0121667 0.0378553 0.0806556 0.117724 0.117749 0.0807753 0.038258 0.0133334 0.00561787 0.00686651 0.0124423 0.0208312 0.0307689 0.0402941 0.0473908 0.0510726 0.0518222 0.0509508 0.0494597 0.0474027 0.0441724 0.0392696
pSPR Fmed_Fpbrs
0.558042   0.230495 0.230495
Fs Fmed_Fpbrs
0.34   1.005 1.005
SSBpbr Bo_Bmed_Bpbrs
451873  229571  81560.8 81560.8
Ro
92880.7
SPR SPRFo_SPRFmed_SPRFpbrs
661169 368960 152396
Fref
1.005
Nvult_r0
 35965.6 8609.95 4161.31 789.733 69.6652
CTP_r0
 15008.6 4315.71 2085.85 395.851 34.9195
YTP_r0
247267
Np
 108768 19551.6 898.465 142.806 78.3142
Nvult_p0
 89216.5 16918.8 777.477 123.575 67.7684
CTP_p0
 37230.4 2894.01 459.985 222.317 46.6883
 37230.4 8480.47 389.708 61.9417 33.9687
YTP_p0
 350899 441219
CBA_c0
278356
log_Ro
11.2591
likeval ReclasPelacesDesembMPH_pf_preclas_ppelaces_ptallas_desvR_qrecl_qpela
 16.9678 19.8199 0.018335 37.4686 235.257 121.051 104.846 0 22.2917 0.000174384 0.000440435 0.0261898 0 0 0
q_reclas_q_pelaces
6.47231 19.4519
M
1
N
 145526 24654.8 28345.8 2533.37 0.148963
 93357.6 37625.8 5529.34 6357.12 568.193
 84873.5 17894.5 5544.52 814.803 1020.51
 124671 16338.2 2652.84 821.968 272.083
 92164.2 21782.5 2114.13 343.272 141.568
 193892 26967.1 5811.36 564.029 129.351
 67211.1 51478.9 6277.41 1352.77 161.405
 24195.4 10849.3 5960.81 726.871 175.328
 23498.9 7554 3170.32 1741.84 263.636
 31731.7 4099.49 975.388 409.359 258.951
 54253.4 2509.62 174.419 41.4994 28.4343
 130718 15334.1 637.779 44.3259 17.7725
 72981.6 23779.4 2099.78 87.3345 8.50347
 44187.7 12753.6 3077.76 271.775 12.4043
 65404.4 1273.37 131.582 31.754 2.93195
 220901 9288.91 123.197 12.7305 3.35585
 51722.9 33337.2 978.647 12.9796 1.69481
 281167 8676.85 4074.44 119.609 1.79349
 289107 47157.1 1060.14 497.818 14.8331
 237810 39508 4322.32 97.1706 46.9885
 245224 40978.5 5013.8 548.529 18.2946
 289239 50027 6590.57 806.37 91.1623
 50613 44696.1 5448.68 717.812 97.7547
 131410 8578.42 5542.11 675.611 101.126
 144582 24785.6 1235.85 798.423 111.901
 47186.7 27359.2 3587.1 178.858 131.747
 133149 9674.88 4431.35 581.001 50.3085
 121547 27905.1 1616 740.168 105.448
 46410.5 27888.5 5292.68 306.501 160.385
 43847.4 9949.79 4808.88 912.628 80.5062
pred_Ctot
 28131.8 6331.68 7279.57 650.602 0.0382557
 29781.6 15327.6 2252.48 2589.69 231.464
 26939.7 7257.01 2248.54 330.438 413.862
 43911.9 7268.07 1180.12 365.654 121.037
 12146.1 3883.62 376.929 61.2022 25.2402
 35023 6495.95 1399.86 135.865 31.1584
 25457.3 24405.4 2976.04 641.329 76.5199
 2345.73 1437.25 789.652 96.2913 23.2264
 8289.2 3364.83 1412.18 775.879 117.433
 17704.6 2681.84 638.088 267.798 169.403
 8118.6 505.426 35.1273 8.3578 5.72654
 44189.4 6578.04 273.595 19.015 7.62408
 25701.4 10576.7 933.947 38.8449 3.7822
 30814.9 9862.49 2380.06 210.166 9.59235
 27364.4 657.723 67.9655 16.4017 1.51442
 88378 4617.48 61.241 6.3283 1.66818
 18933.9 15341 450.35 5.97293 0.77991
 102946 3993.59 1875.29 55.051 0.82547
 124191 24910 560.004 262.964 7.83532
 84895.3 17784.4 1945.68 43.741 21.1517
 72401.3 15570 1905.02 208.417 6.95117
 113587 24472.5 3224.02 394.465 44.5953
 18352.6 20397.7 2486.58 327.584 44.6117
 42702.9 3552.84 2295.32 279.811 41.8826
 46810.2 10231.4 510.153 329.586 46.1921
 13838.8 10332.5 1354.71 67.5481 49.7558
 37894.3 3555.66 1628.59 213.526 18.4891
 30035.5 9010.85 521.821 239.008 34.0501
 12784.5 9949.44 1888.2 109.347 57.2187
 17430.5 4918.78 2377.32 451.167 39.799
F
 0.352667 0.494903 0.494903 0.494903 0.494903
 0.651942 0.914879 0.914879 0.914879 0.914879
 0.647656 0.908865 0.908865 0.908865 0.908865
 0.744569 1.04486 1.04486 1.04486 1.04486
 0.228952 0.321292 0.321292 0.321292 0.321292
 0.326129 0.457661 0.457661 0.457661 0.457661
 0.823739 1.15596 1.15596 1.15596 1.15596
 0.164086 0.230265 0.230265 0.230265 0.230265
 0.746089 1.047 1.047 1.047 1.047
 1.53719 2.15716 2.15716 2.15716 2.15716
 0.263585 0.369893 0.369893 0.369893 0.369893
 0.704223 0.988246 0.988246 0.988246 0.988246
 0.744392 1.04462 1.04462 1.04462 1.04462
 2.54678 3.57394 3.57394 3.57394 3.57394
 0.951768 1.33563 1.33563 1.33563 1.33563
 0.891038 1.25041 1.25041 1.25041 1.25041
 0.785243 1.10194 1.10194 1.10194 1.10194
 0.785465 1.10225 1.10225 1.10225 1.10225
 0.990293 1.38969 1.38969 1.38969 1.38969
 0.758426 1.06431 1.06431 1.06431 1.06431
 0.589609 0.827407 0.827407 0.827407 0.827407
 0.867367 1.21719 1.21719 1.21719 1.21719
 0.77496 1.08751 1.08751 1.08751 1.08751
 0.668056 0.937492 0.937492 0.937492 0.937492
 0.664797 0.932918 0.932918 0.932918 0.932918
 0.58458 0.820349 0.820349 0.820349 0.820349
 0.562655 0.789582 0.789582 0.789582 0.789582
 0.472086 0.662485 0.662485 0.662485 0.662485
 0.539973 0.757752 0.757752 0.757752 0.757752
 0.882784 1.23882 1.23882 1.23882 1.23882
YTP_r0W_actual
 109563 68619.8 55274.9 12548.5 1260.59
YTP_p0W_proyectada
 280717 50500.4 11071.8 6962.98 1645.76
 280717 147984 9380.27 1940.02 1197.4
CTP_r0_actual
 15008.6 4315.71 2085.85 395.851 34.9195
CTP_p0_proyectada
 37230.4 2894.01 459.985 222.317 46.6883
 37230.4 8480.47 389.708 61.9417 33.9687
Wmedp
 7.54 17.45 24.07 31.32 35.25
Frms_r0
 0.716162 1.005 1.005 1.005 1.005
Zrms_r0
 1.71616 2.005 2.005 2.005 2.005
nmprior
 7.29 8.9 8.7 0
nm_flota  nm_reclas  nm_pelaces    nm_pelaL
inf 10.4507 7.63451 11.464
cv_recla  cv_pelaces  cv_mph
0.381364 0.52386 0.519398
 ------------------------------------------------
Talla a la edad & desviaci?n 
 8 13.2811 15.8009 17.003 17.5766
 0.8 1.32811 1.58009 1.7003 1.75766
