    unsorted:	 2.306978337e-06 5.203740649e-06 5.559374083e-05 8.746091420e-05 0.1652374561 2.225855771 6.927199678 12.28092015 25.58261899 39.25412889 73.59128587 126.4940275 190.5913097 195.6672293 205.3757504 238.5267439 474.1597869 572.3814719 758.7146033 884.5583731 945.3252438 1091.547412 1130.340962 1179.339054 1338.804523 1351.168722 1371.889350 1412.671542 1516.733125 1557.294734 1719.520003 1848.444415 2002.379556 2039.354875 2162.813438 2298.169936 2281.041735 2314.325115 2543.671006 2873.001809 3090.556124 3171.649583 3546.352649 4008.043451 4075.128059 4111.211238 4420.729985 10589.12455 18114.06065 42811.33795 148744.5626 375523.4334 372996.0781 363687.7507 357384.1570 385148.0211 387449.6554 352167.4142 318020.9707 447140.9415 527482.0141 544448.9532 585654.6272 607803.1608 625018.1523 698617.6062 723144.2447 889481.1235 1006797.703 1072914.450 1199162.762 1333202.419 1547996.937 1709728.138 1814150.671 2015701.882 2231635.215 2291339.866 2571121.043 2752813.162 2938683.800 3223026.238 18365149.39 115421771.4
      sorted:	 2.306978337e-06 5.203740649e-06 5.559374083e-05 8.746091420e-05 0.1652374561 2.225855771 6.927199678 12.28092015 25.58261899 39.25412889 73.59128587 126.4940275 190.5913097 195.6672293 205.3757504 238.5267439 474.1597869 572.3814719 758.7146033 884.5583731 945.3252438 1091.547412 1130.340962 1179.339054 1338.804523 1351.168722 1371.889350 1412.671542 1516.733125 1557.294734 1719.520003 1848.444415 2002.379556 2039.354875 2162.813438 2281.041735 2298.169936 2314.325115 2543.671006 2873.001809 3090.556124 3171.649583 3546.352649 4008.043451 4075.128059 4111.211238 4420.729985 10589.12455 18114.06065 42811.33795 148744.5626 318020.9707 352167.4142 357384.1570 363687.7507 372996.0781 375523.4334 385148.0211 387449.6554 447140.9415 527482.0141 544448.9532 585654.6272 607803.1608 625018.1523 698617.6062 723144.2447 889481.1235 1006797.703 1072914.450 1199162.762 1333202.419 1547996.937 1709728.138 1814150.671 2015701.882 2231635.215 2291339.866 2571121.043 2752813.162 2938683.800 3223026.238 18365149.39 115421771.4
