    unsorted:	 2.302809270e-06 5.528012162e-05 8.923234356e-05 2.812654537 0.6838477685 10.13130552 7.128839318 12.26604471 25.66616191 38.36020555 58.74641740 119.0343800 139.1728822 190.9958532 202.0158600 234.1667364 472.1068413 1103.220164 1113.223312 1084.114686 1161.689284 910.4455057 832.7731459 745.5921212 1364.215452 1328.936229 1407.547723 1459.104216 1600.295472 1683.788741 1890.431815 1862.478138 2077.403327 2094.550443 2284.723335 2303.521217 2319.233547 2401.684465 2681.327547 2901.135891 3163.150798 3330.366402 3506.808863 4045.200434 4087.180645 4275.460932 4456.385888 10496.72158 41850.04314 153392.4089 369201.5002 381215.8095 378660.7645 383234.4531 361897.4468 348569.2636 344904.3072 397349.3463 307987.4179 444066.6653 511125.5497 547808.4866 599265.7294 622170.6706 651808.3976 693341.9724 738317.5904 1023164.074 1090355.263 1305052.514 1312076.932 1551120.975 1624310.323 1818122.633 2110726.228 2238080.663 2299104.419 2637805.893 2754255.287 2933798.854 3269860.804 44509085.85
      sorted:	 2.302809270e-06 5.528012162e-05 8.923234356e-05 0.6838477685 2.812654537 7.128839318 10.13130552 12.26604471 25.66616191 38.36020555 58.74641740 119.0343800 139.1728822 190.9958532 202.0158600 234.1667364 472.1068413 745.5921212 832.7731459 910.4455057 1084.114686 1103.220164 1113.223312 1161.689284 1328.936229 1364.215452 1407.547723 1459.104216 1600.295472 1683.788741 1862.478138 1890.431815 2077.403327 2094.550443 2284.723335 2303.521217 2319.233547 2401.684465 2681.327547 2901.135891 3163.150798 3330.366402 3506.808863 4045.200434 4087.180645 4275.460932 4456.385888 10496.72158 41850.04314 153392.4089 307987.4179 344904.3072 348569.2636 361897.4468 369201.5002 378660.7645 381215.8095 383234.4531 397349.3463 444066.6653 511125.5497 547808.4866 599265.7294 622170.6706 651808.3976 693341.9724 738317.5904 1023164.074 1090355.263 1305052.514 1312076.932 1551120.975 1624310.323 1818122.633 2110726.228 2238080.663 2299104.419 2637805.893 2754255.287 2933798.854 3269860.804 44509085.85
