years
 1991 1992 1993 1994 1995 1996 1997 1998 1999 2000 2001 2002 2003 2004 2005 2006 2007 2008 2009 2010 2011 2012 2013 2014 2015 2016 2017 2018 2019 2020 2021
reclasobs
 0 0 0 0 0 0 0 0 0 252601 567819 844713 477998 351125 339783 2.1784e+06 2.13404e+06 4.81314e+06 1.55562e+06 2.62356e+06 3.21686e+06 3.843e+06 1.13348e+06 3.07943e+06 1.97215e+06 2.03268e+06 2.025e+06 2.42433e+06 2.27542e+06 1.05018e+06 2.36338e+06
reclaspred
 4.3766e+06 2.37135e+06 1.15548e+06 1.35138e+06 1.58082e+06 3.14736e+06 1.82418e+06 1.36577e+06 804035 339437 588419 1.22866e+06 1.05186e+06 260476 656141 1.55056e+06 1.24344e+06 2.48722e+06 2.39126e+06 2.29328e+06 3.97368e+06 2.68191e+06 1.52761e+06 2.10912e+06 1.76181e+06 1.5109e+06 2.126e+06 2.32011e+06 1.85766e+06 1.40181e+06 2.22169e+06
pelacesobs
 0 0 0 0 0 0 0 0 0 0 0 0 0 0 0 552880 188675 0 991730 2.46772e+06 1.41603e+06 1.21717e+06 2.29649e+06 1.80582e+06 0 1.4828e+06 1.56532e+06 1.57751e+06 1.42118e+06 867257 1.10002e+06
pelacespred
 2.93676e+06 1.61103e+06 734387 690879 1.01884e+06 2.0091e+06 1.08162e+06 1.07473e+06 543666 163004 364112 653874 615315 87730.8 355013 737546 644760 1.35074e+06 1.30643e+06 1.17769e+06 2.25423e+06 1.52519e+06 899443 1.31021e+06 1.04675e+06 936633 1.50645e+06 1.55769e+06 1.19483e+06 927563 1.25442e+06
mphobs
 0 0 0 0 0 0 0 0 0 0 0 0 498337 0 5186 125008 0 168611 109162 213762 579715 649985 157893 87575 83554 210694 70296 0 107559 103333 445601
mphpred
 832393 570853 255088 147067 209017 296334 477413 210462 180024 75585 27037.4 119599 185777 80087.3 10592.4 83727.5 233287 146161 294315 243741 378934 405941 257874 143756 258387 222156 170013 280534 372144 220905 160165
desembarqueobs
 494567 514787 250237 358949 120608 361735 552515 73892 212993 205616 52469 317467 293654 387597 252695 516296 358380 742168 942051 627588 828172 859565 418607 520667 417249 300574 415391 372974 316634 284311 391294
desembarquepred
 494556 514393 250413 358944 120609 361716 552481 73897.6 213072 205687 52470.3 317427 293702 387649 252583 516142 358400 741880 941210 627115 828244 859476 418563 520738 417118 300564 415330 372910 316486 284126 391247
Reclutas
 146545 94523.8 83656.7 128430 94379 196010 70309.2 25074.2 24102.4 32347 57165.3 131887 71609.2 43984.3 65407.9 231565 48109.9 287246 287743 253892 245603 297526 51011 131638 152543 48912 139709 128095 53903.5 71827 141547
log_desv_Rt
 0.404952 -0.0335295 -0.15566 0.273004 -0.0350627 0.695784 -0.329478 -1.36054 -1.40007 -1.10586 -0.536435 0.299566 -0.311158 -0.798547 -0.401739 0.862479 -0.708892 1.07796 1.07969 0.954527 0.921336 1.11312 -0.65034 0.297675 0.445067 -0.692359 0.357179 0.270391 -0.595186 -0.30812 0.370247
SSB
 832393 570853 255088 147067 209017 296334 477413 210462 180024 75585 27037.4 119599 175087 76697.8 10131.7 80301.6 233287 146161 308077 253344 406226 469932 320464 166596 272982 255048 178800 280534 390932 213412 182286
BT
 1.39832e+06 1.03522e+06 473621 597975 492835 1.23429e+06 848079 488591 418973 264621 233453 570624 519447 430308 452693 806863 519285 1.37879e+06 1.5087e+06 1.03062e+06 1.73998e+06 1.40048e+06 699747 1.17153e+06 793058 629633 1.19792e+06 1.03971e+06 670088 661940 915540
Ftot
 0.431318 0.797722 0.791623 0.916493 0.288874 0.418765 1.07386 0.209545 0.937134 1.83977 0.31612 0.887843 0.975458 3.32445 1.22353 1.08885 1.01492 0.993863 1.28497 0.932089 0.738703 1.09113 0.975464 0.843177 0.831602 0.725865 0.679771 0.572728 0.641813 0.725271 0.617162
BD_Bspro_t
 0.933317 0.595321 0.327793 0.239521 0.284214 0.409157 0.463167 0.250836 0.285878 0.173668 0.0938687 0.39744 0.340582 0.154439 0.0259409 0.170924 0.266949 0.177339 0.259732 0.200595 0.238567 0.260237 0.212488 0.143742 0.241666 0.266307 0.240898 0.361078 0.420743 0.296088 0.292632
BD_Bspro
 1.19307 0.818207 0.365619 0.210791 0.299586 0.424737 0.684279 0.301656 0.25803 0.108336 0.0387529 0.171422 0.250953 0.109931 0.0145218 0.115097 0.334372 0.209493 0.441569 0.36312 0.582246 0.673556 0.459323 0.238783 0.391267 0.365561 0.256275 0.402092 0.560326 0.305885 0.261272
BD_Bo
 1.63489 1.1212 0.501013 0.28885 0.410526 0.582023 0.937677 0.413364 0.353582 0.148455 0.0531036 0.234902 0.343884 0.150641 0.0198994 0.157719 0.458194 0.287072 0.605088 0.497588 0.79786 0.922984 0.629417 0.327208 0.536158 0.500934 0.351177 0.550992 0.767822 0.419158 0.358025
BD_Brms
 9.87924 6.77516 3.02751 1.74546 2.48072 3.51703 5.66617 2.49786 2.13662 0.897079 0.320893 1.41946 2.07801 0.910286 0.120248 0.953058 2.76876 1.73471 3.65641 3.00681 4.82129 5.57738 3.80342 1.97724 3.23988 3.02703 2.12208 3.32952 4.63977 2.53288 2.16346
Sel_flota
 0.779432 1 1 1 1
 0.779432 1 1 1 1
 0.779432 1 1 1 1
 0.779432 1 1 1 1
 0.779432 1 1 1 1
 0.779432 1 1 1 1
 0.779432 1 1 1 1
 0.779432 1 1 1 1
 0.779432 1 1 1 1
 0.779432 1 1 1 1
 0.779432 1 1 1 1
 0.779432 1 1 1 1
 0.779432 1 1 1 1
 0.779432 1 1 1 1
 0.779432 1 1 1 1
 0.779432 1 1 1 1
 0.779432 1 1 1 1
 0.779432 1 1 1 1
 0.779432 1 1 1 1
 0.779432 1 1 1 1
 0.779432 1 1 1 1
 0.779432 1 1 1 1
 0.779432 1 1 1 1
 0.779432 1 1 1 1
 0.779432 1 1 1 1
 0.779432 1 1 1 1
 0.779432 1 1 1 1
 0.779432 1 1 1 1
 0.779432 1 1 1 1
 0.779432 1 1 1 1
 0.779432 1 1 1 1
Sel_reclas
 0.663565 1 1 1 1
 0.663565 1 1 1 1
 0.663565 1 1 1 1
 0.663565 1 1 1 1
 0.663565 1 1 1 1
 0.663565 1 1 1 1
 0.663565 1 1 1 1
 0.663565 1 1 1 1
 0.663565 1 1 1 1
 0.663565 1 1 1 1
 0.663565 1 1 1 1
 0.663565 1 1 1 1
 0.663565 1 1 1 1
 0.663565 1 1 1 1
 0.663565 1 1 1 1
 0.663565 1 1 1 1
 0.663565 1 1 1 1
 0.663565 1 1 1 1
 0.663565 1 1 1 1
 0.663565 1 1 1 1
 0.663565 1 1 1 1
 0.663565 1 1 1 1
 0.663565 1 1 1 1
 0.663565 1 1 1 1
 0.663565 1 1 1 1
 0.663565 1 1 1 1
 0.663565 1 1 1 1
 0.663565 1 1 1 1
 0.663565 1 1 1 1
 0.663565 1 1 1 1
 0.663565 1 1 1 1
Sel_pelaces
 0.5 1 1 1 1
 0.5 1 1 1 1
 0.5 1 1 1 1
 0.5 1 1 1 1
 0.5 1 1 1 1
 0.5 1 1 1 1
 0.5 1 1 1 1
 0.5 1 1 1 1
 0.5 1 1 1 1
 0.5 1 1 1 1
 0.5 1 1 1 1
 0.5 1 1 1 1
 0.5 1 1 1 1
 0.5 1 1 1 1
 0.5 1 1 1 1
 0.5 1 1 1 1
 0.5 1 1 1 1
 0.5 1 1 1 1
 0.5 1 1 1 1
 0.5 1 1 1 1
 0.5 1 1 1 1
 0.5 1 1 1 1
 0.5 1 1 1 1
 0.5 1 1 1 1
 0.5 1 1 1 1
 0.5 1 1 1 1
 0.5 1 1 1 1
 0.5 1 1 1 1
 0.5 1 1 1 1
 0.5 1 1 1 1
 0.5 1 1 1 1
pf_obs 
 0.8446 0.082 0.0669 0.0065 0
 0.8095 0.147 0.0364 0.0071 0
 0.9664 0.0169 0.016 0.0007 0
 0.9276 0.0648 0.0075 0.0001 0
 0.7033 0.2144 0.0806 0.0017 0
 0.9318 0.0425 0.0243 0.0014 0
 0.5671 0.3108 0.0964 0.0239 0.0018
 0.0768 0.2599 0.5324 0.112 0.0189
 0.490249 0.384438 0.106611 0.0170017 0.00170017
 0.7925 0.1577 0.0466 0.003 0.0002
 0.840416 0.127587 0.0312969 0.00059994 9.999e-05
 0.8084 0.0986 0.0794 0.0134 0.0002
 0.7335 0.1905 0.0724 0.0035 0.0001
 0.4001 0.4547 0.1325 0.0127 0
 0.49795 0.308269 0.164784 0.0264974 0.00249975
 0.9179 0.0499 0.0305 0.0017 0
 0.2467 0.6533 0.0926 0.0074 0
 0.9418 0.0223 0.034 0.0019 0
 0.707729 0.231977 0.0356964 0.0245975 0
 0.517169 0.277429 0.184464 0.0207286 0.00020938
 0.811772 0.124168 0.05621 0.00726502 0.000585176
 0.764997 0.148141 0.077277 0.00933861 0.000247198
 0.163321 0.427699 0.378323 0.0303852 0.000271297
 0.753843 0.0900009 0.118128 0.0371064 0.000921714
 0.721811 0.176058 0.0630433 0.0369309 0.00215725
 0.143369 0.312575 0.442814 0.0836902 0.0175525
 0.692698 0.0596174 0.167031 0.0765114 0.00414204
 0.394062 0.376323 0.152708 0.0712218 0.00568511
 0.125707 0.32114 0.495352 0.0537591 0.00404204
 0.23352 0.215282 0.420074 0.123614 0.00750983
 0.796117 0.104755 0.0508955 0.0450114 0.00322123
pf_pred 
 0.654468 0.147775 0.181945 0.0158107 8.66761e-07
 0.594964 0.291762 0.0484444 0.0596462 0.00518342
 0.716223 0.192464 0.0657761 0.0109215 0.0146155
 0.835417 0.128945 0.0241706 0.00826051 0.00320707
 0.741919 0.22742 0.024022 0.0045029 0.00213637
 0.819195 0.143391 0.0329693 0.00348249 0.000962503
 0.495848 0.433645 0.0559164 0.0128567 0.00173336
 0.514317 0.289294 0.168924 0.0217818 0.00568345
 0.600611 0.232742 0.0992626 0.0579611 0.00942389
 0.821132 0.12305 0.0325277 0.0138728 0.00941764
 0.934713 0.0578826 0.0050936 0.00134647 0.000964095
 0.864418 0.128856 0.00596298 0.000524734 0.000238031
 0.691172 0.278773 0.0285647 0.00132187 0.00016909
 0.717125 0.217097 0.0593766 0.00608408 0.000317564
 0.975117 0.0211721 0.00284768 0.000778847 8.39708e-05
 0.95414 0.0451101 0.000638421 8.58685e-05 2.60173e-05
 0.518746 0.466325 0.0146852 0.000207833 3.64235e-05
 0.948834 0.0314827 0.0190729 0.000600632 9.99019e-06
 0.830049 0.163972 0.00367874 0.00222866 7.13509e-05
 0.828662 0.151341 0.0192929 0.000432839 0.000270618
 0.797705 0.177272 0.0221029 0.00281767 0.000102737
 0.808057 0.162896 0.0254539 0.00317368 0.000419331
 0.44198 0.481815 0.0646727 0.0101057 0.0014265
 0.870771 0.0696224 0.0514664 0.00690819 0.00123184
 0.821127 0.162212 0.00897643 0.00663557 0.0010495
 0.544861 0.395417 0.0541591 0.00299704 0.00256588
 0.876431 0.0777904 0.039772 0.00544745 0.000559531
 0.758849 0.219225 0.0138027 0.00705692 0.00106584
 0.544484 0.370641 0.0771583 0.00485798 0.00285888
 0.755676 0.15301 0.0743001 0.0154675 0.00154695
 0.862997 0.111584 0.0159186 0.00772994 0.00177012
pobs_RECLAS
 0 0 0 0 0
 0 0 0 0 0
 0 0 0 0 0
 0 0 0 0 0
 0 0 0 0 0
 0 0 0 0 0
 0 0 0 0 0
 0 0 0 0 0
 0 0 0 0 0
 0 0 0 0 0
 0.991045 0.00858322 0.000360255 1.14367e-05 0
 0.934742 0.0480273 0.0164251 0.00080598 0
 0.827803 0.169806 0.00239088 0 0
 0.941827 0.0461693 0.0120037 0 0
 0.791401 0.0380133 0.147996 0.0225897 0
 0.846168 0.0940531 0.0597789 0 0
 0.134021 0.677848 0.182769 0.00536245 0
 0.80878 0.0450904 0.141981 0.00414843 0
 0.846168 0.0940531 0.0597789 0 0
 0.905697 0.0802665 0.012482 0.00150086 5.37128e-05
 0.989698 0.0102097 9.19794e-05 0 0
 0.975433 0.0193895 0.00387452 0.00125025 5.28907e-05
 0.303575 0.632131 0.0575291 0.00676475 0
 0.966965 0.00978017 0.0227588 0.000495775 0
 0.843318 0.132988 0.00938335 0.0141283 0.000182051
 0.564624 0.303363 0.111486 0.0197234 0.00080311
 0.826376 0.0876187 0.0782897 0.00655872 0.00115652
 0.89761 0.0855135 0.0140674 0.00269457 0.000114338
 0.34875 0.467042 0.161289 0.0227151 0.000203297
 0.318654 0.224769 0.449479 0.00709798 0
 0.937255 0.0296025 0.0250945 0.00804832 0
ppred_RECLAS
 0.619737 0.162629 0.200233 0.0173999 9.53883e-07
 0.561564 0.315821 0.0524393 0.0645648 0.00561086
 0.687517 0.211933 0.0724299 0.0120263 0.0160939
 0.816467 0.143791 0.0269535 0.00921158 0.00357632
 0.711264 0.254433 0.0268753 0.00503776 0.00239012
 0.795794 0.161949 0.0372365 0.00393322 0.00108708
 0.464756 0.46039 0.0593649 0.0136496 0.00184027
 0.475223 0.31258 0.182521 0.0235351 0.00614093
 0.568814 0.251271 0.107165 0.0625755 0.0101742
 0.808973 0.131415 0.0347388 0.0148158 0.0100578
 0.924684 0.0667744 0.00587606 0.00155331 0.0011122
 0.848039 0.144423 0.00668337 0.000588128 0.000266787
 0.662923 0.304272 0.0311775 0.00144278 0.000184556
 0.724073 0.211764 0.0579181 0.00593463 0.000309763
 0.972113 0.0237284 0.0031915 0.000872884 9.41094e-05
 0.948404 0.0507521 0.000718269 9.66081e-05 2.92713e-05
 0.486903 0.49718 0.0156569 0.000221584 3.88335e-05
 0.942228 0.035547 0.0215351 0.000678171 1.12799e-05
 0.813383 0.180052 0.00403947 0.0024472 7.83475e-05
 0.80922 0.168514 0.0214821 0.000481953 0.000301325
 0.774274 0.197804 0.024663 0.00314403 0.000114637
 0.788127 0.17981 0.0280969 0.00350322 0.000462872
 0.410383 0.509098 0.0683347 0.0106779 0.00150727
 0.854791 0.0782316 0.0578305 0.00776243 0.00138416
 0.800337 0.181065 0.0100197 0.00740681 0.00117148
 0.510002 0.425702 0.0583071 0.00322658 0.0027624
 0.860248 0.0879776 0.0449804 0.00616083 0.000632806
 0.731208 0.244354 0.0153848 0.00786581 0.00118802
 0.508819 0.39966 0.0831995 0.00523834 0.00308272
 0.728925 0.169762 0.082435 0.017161 0.00171632
 0.845061 0.126192 0.0180027 0.00874193 0.00200187
pobs_PELACES
 0 0 0 0 0
 0 0 0 0 0
 0 0 0 0 0
 0 0 0 0 0
 0 0 0 0 0
 0 0 0 0 0
 0 0 0 0 0
 0 0 0 0 0
 0 0 0 0 0
 0 0 0 0 0
 0 0 0 0 0
 0 0 0 0 0
 0 0 0 0 0
 0 0 0 0 0
 0 0 0 0 0
 0 0 0 0 0
 0.505614 0.472636 0.0217494 0 0
 0 0 0 0 0
 0.443492 0.261883 0.143347 0.151278 0
 0.227955 0.32914 0.350689 0.0885471 0.00366901
 0.970185 0.0296113 0.000203453 0 0
 0.997202 0.00247181 0.000326279 0 0
 0.445219 0.490057 0.0546422 0.010081 0
 0.90214 0.0892962 0.00764917 0.000914606 0
 0 0 0 0 0
 0.581667 0.319106 0.0959925 0.00289975 0.000334073
 0.762889 0.0836404 0.116647 0.0363945 0.000428098
 0.88444 0.0763242 0.0277011 0.0115352 0
 0.521256 0.241999 0.230069 0.00667565 0
 0.616807 0.101726 0.260614 0.0208532 0
 0.833518 0.0704572 0.0857862 0.0102388 0
ppred_PELACES
 0.558927 0.188636 0.232254 0.0201824 1.10642e-06
 0.505639 0.356106 0.0591282 0.0728003 0.00632655
 0.637178 0.246074 0.0840977 0.0139637 0.0186865
 0.781817 0.170938 0.0320423 0.0109507 0.00425152
 0.654649 0.304321 0.032145 0.00602555 0.00285878
 0.751695 0.196922 0.0452778 0.00478261 0.00132183
 0.414337 0.503757 0.064957 0.0149353 0.00201362
 0.409277 0.351861 0.205457 0.0264927 0.00691263
 0.515547 0.282312 0.120404 0.0703059 0.011431
 0.784865 0.148 0.039123 0.0166857 0.0113271
 0.904456 0.084708 0.0074542 0.00197048 0.0014109
 0.81771 0.173247 0.00801726 0.000705509 0.000320034
 0.614041 0.348396 0.0356988 0.00165201 0.00021132
 0.715799 0.218115 0.0596549 0.0061126 0.000319052
 0.966345 0.0286365 0.00385165 0.00105344 0.000113575
 0.937472 0.0615052 0.000870453 0.000117077 3.54732e-05
 0.434984 0.547488 0.0172412 0.000244006 4.2763e-05
 0.929634 0.0432966 0.02623 0.00082602 1.3739e-05
 0.782902 0.209461 0.00469927 0.00284692 9.11446e-05
 0.77378 0.199819 0.0254728 0.000571484 0.000357301
 0.731717 0.235097 0.0293127 0.00373677 0.00013625
 0.752143 0.210349 0.0328688 0.0040982 0.000541485
 0.360222 0.552408 0.0741482 0.0115863 0.0016355
 0.825064 0.0942473 0.0696697 0.00935157 0.00166753
 0.762405 0.215464 0.0119232 0.00881393 0.00139403
 0.4526 0.475572 0.0651376 0.00360456 0.00308601
 0.829744 0.107181 0.0547985 0.00750558 0.000770931
 0.68123 0.289788 0.0182454 0.00932834 0.00140891
 0.449913 0.44759 0.0931774 0.00586656 0.00345242
 0.681126 0.199697 0.0969711 0.020187 0.00201897
 0.81127 0.153714 0.021929 0.0106485 0.00243846
pobs_pel_tallas
 0 0 0 0 0 0 0 0 0 0 0 0 0 0 0 0 0 0 0 0 0 0 0 0 0 0
 0 0 0 0 0 0 0 0 0 0 0 0 0 0 0 0 0 0 0 0 0 0 0 0 0 0
 0 0 0 0 0 0 0 0 0 0 0 0 0 0 0 0 0 0 0 0 0 0 0 0 0 0
 0 0 0 0 0 0 0 0 0 0 0 0 0 0 0 0 0 0 0 0 0 0 0 0 0 0
 0 0 0 0 0 0 0 0 0 0 0 0 0 0 0 0 0 0 0 0 0 0 0 0 0 0
 0 0 0 0 0 0 0 0 0 0 0 0 0 0 0 0 0 0 0 0 0 0 0 0 0 0
 0 0 0 0 0 0 0 0 0 0 0 0 0 0 0 0 0 0 0 0 0 0 0 0 0 0
 0 0 0 0 0 0 0 0 0 0 0 0 0 0 0 0 0 0 0 0 0 0 0 0 0 0
 0 0 0 0 0 0 0 0 0 0 0 0 0 0 0 0 0 0 0 0 0 0 0 0 0 0
 0 0 0 0 0 0 0 0 0 0 0 0 0 0 0 0 0 0 0 0 0 0 0 0 0 0
 0 0 0 0 0 0 0 0 0 0 0 0 0 0 0 0 0 0 0 0 0 0 0 0 0 0
 0 0 0 0 0 0 0 0 0 0 0 0 0 0 0 0 0 0 0 0 0 0 0 0 0 0
 0.00862536 0 0 0.000197151 0.00414017 0.0128641 0.00837892 0.0270097 0.101434 0.158115 0.152841 0.127902 0.109271 0.109419 0.0830992 0.0579132 0.0238553 0.00714673 0.00463305 0.00128148 0.00103504 0.000492878 0.000147863 0.000147863 4.92878e-05 0
 0 0 0 0 0 0 0 0 0 0 0 0 0 0 0 0 0 0 0 0 0 0 0 0 0 0
 0 0 0 0 0 0 0 0.0054083 0.00873648 0.0413646 0.0450493 0.0745869 0.0622846 0.0627006 0.0613931 0.0827291 0.12552 0.122667 0.0946155 0.0697135 0.0546179 0.0294188 0.0215738 0.0213955 0.0102223 0.00600262
 0 0 0 0 0.00359764 0.0251062 0.0480494 0.140153 0.205849 0.193036 0.1447 0.116669 0.0760912 0.0342217 0.00950174 0.001854 0.000860785 0 0 0 0.000165536 0 0.000143464 0 0 0
 0 0 0 0 0 0 0 0.000145254 0.000435761 0.0275982 0.070085 0.0708112 0.156366 0.174668 0.174014 0.160142 0.0824315 0.0480064 0.0283245 0.00493863 0.00203355 0 0 0 0 0
 0 0 0 0 0 0 0 0 0 0 0 0 0 0 0 0 0 0 0 0 0 0 0 0 0 0
 0 0 1.00437e-05 0.000401748 0.00122533 0.00171747 0.00176769 0.0269171 0.070346 0.194647 0.189555 0.159765 0.064822 0.0314167 0.0384472 0.0292271 0.0345202 0.0313363 0.0194345 0.0106764 0.0143323 0.0359363 0.0279516 0.0138201 0.00172751 0
 0 0.0021121 0.0136068 0.0755702 0.200478 0.177729 0.0527432 0.0373336 0.0318909 0.0142505 0.0149659 0.0166563 0.0217959 0.0798694 0.0677717 0.0528807 0.04013 0.0224614 0.0357745 0.0225083 0.00881397 0.00855152 0.00135912 0.000746735 0 0
 0 0 0 0 5.4009e-05 0.00500934 0.000945158 0.0243581 0.138947 0.33067 0.221406 0.137944 0.0707744 0.0437923 0.0131692 0.00525238 0.0047753 0.00276346 9.45158e-05 9.00151e-06 2.25038e-05 9.00151e-06 4.50075e-06 0 0 0
 0.000866109 0.00284123 0.00948549 0.0512746 0.133035 0.25785 0.225252 0.132002 0.0553304 0.0519788 0.0540692 0.017754 0.00435017 0.00159236 0.00146478 0.000404838 0.000125132 0.000115318 0.000107957 0.000100596 0 0 0 0 0 0
 0 0 0 0 0.00144013 0.00171154 0.00461396 0.0210425 0.0478622 0.0707936 0.0888783 0.103762 0.0637923 0.0337046 0.0602308 0.124433 0.169614 0.0934646 0.0462172 0.0250306 0.0313229 0.00938855 0.002487 0.000210481 0 0
 0 0.00764035 0.051015 0.0998891 0.058973 0.0496711 0.0374665 0.0718981 0.12319 0.153886 0.159021 0.0857701 0.0377988 0.023471 0.0147837 0.00900784 0.00315554 0.000888139 0.00291439 0.00214683 0.00393193 0.00274676 0.000635225 9.99891e-05 0 0
 0 0 0 0 0 0 0 0 0 0 0 0 0 0 0 0 0 0 0 0 0 0 0 0 0 0
 0 0 0 0 0 0 0 0 0 0 0 0 0 0 0 0 0 0 0 0 0 0 0 0 0 0
 0 0 0 0 0 0 0 0 0 0 0 0 0 0 0 0 0 0 0 0 0 0 0 0 0 0
 0 0 0 0 0 0 0 0 0 0 0 0 0 0 0 0 0 0 0 0 0 0 0 0 0 0
 0 0 0 0 0 0 0 0 0 0 0 0 0 0 0 0 0 0 0 0 0 0 0 0 0 0
 0 0 0 0 0 0 0 0 0 0 0 0 0 0 0 0 0 0 0 0 0 0 0 0 0 0
 0 0 0 0 0 0 0 0 0 0 0 0 0 0 0 0 0 0 0 0 0 0 0 0 0 0
ppred_pel_tallas
 1.08775e-16 4.60381e-05 0.000447507 0.00297384 0.0135187 0.0420617 0.0896175 0.130803 0.130822 0.0897081 0.0423667 0.0144037 0.00521095 0.00538217 0.00956712 0.016132 0.0241367 0.0322274 0.0389833 0.0436374 0.0463294 0.0476199 0.047744 0.0463331 0.0428236 0.0371042
 1.10169e-16 4.16489e-05 0.000404842 0.00269032 0.0122298 0.0380517 0.0810744 0.118338 0.118372 0.0812423 0.0386156 0.013859 0.00678197 0.00934417 0.0170414 0.028169 0.0407302 0.0515724 0.0575348 0.0572296 0.0518849 0.044481 0.0378762 0.0333816 0.030629 0.0284243
 1.07053e-16 5.24836e-05 0.000510159 0.00339019 0.0154113 0.0479504 0.102164 0.149117 0.149141 0.102281 0.0483413 0.0165412 0.00623037 0.0067236 0.0118921 0.0196801 0.0285875 0.0364621 0.0411384 0.041616 0.0386178 0.0340098 0.029574 0.0261197 0.0234603 0.0209887
 1.02787e-16 6.43973e-05 0.000625964 0.00415975 0.0189096 0.058835 0.125355 0.182963 0.182979 0.125435 0.0591056 0.0196915 0.00612297 0.00491416 0.00821581 0.0135 0.0194877 0.0246064 0.0272988 0.0268508 0.0238071 0.0195805 0.0155802 0.0125425 0.0104543 0.00891505
 1.02094e-16 5.39227e-05 0.000524147 0.00348315 0.0158339 0.0492653 0.104966 0.153207 0.153236 0.105109 0.0497461 0.0172225 0.00696788 0.00812836 0.0144869 0.0238411 0.0342839 0.0429964 0.0471406 0.0454042 0.0387817 0.0299038 0.0214783 0.0150506 0.0107946 0.00809433
 1.02061e-16 6.19162e-05 0.000601847 0.00399949 0.0181811 0.0565683 0.120525 0.175914 0.175933 0.120618 0.0568802 0.0190824 0.00626319 0.00554758 0.00946658 0.0155827 0.0225115 0.0284522 0.0316035 0.0311187 0.0275836 0.0225767 0.0176863 0.0137661 0.010861 0.00861388
 1.03842e-16 3.41285e-05 0.000331741 0.00220454 0.0100215 0.031181 0.0664362 0.0969757 0.0970242 0.0666734 0.0319774 0.0123216 0.00797747 0.0129323 0.0239594 0.0395412 0.0569224 0.071506 0.0786192 0.0760951 0.0655536 0.0512858 0.037684 0.0272185 0.0201268 0.015397
 1.09846e-16 3.37117e-05 0.000327689 0.00217761 0.00989913 0.0308001 0.065624 0.0957874 0.0958215 0.0657911 0.0313616 0.0115242 0.00626867 0.00929775 0.0171844 0.0286556 0.0419738 0.0542364 0.0624532 0.0651687 0.0631782 0.0586848 0.0536585 0.0487836 0.0436477 0.0376606
 1.12532e-16 4.2465e-05 0.000412775 0.00274303 0.0124694 0.0387972 0.0826626 0.120654 0.120682 0.0827964 0.0392468 0.0137698 0.00601451 0.00757939 0.0137274 0.0228242 0.0333449 0.0429391 0.0492424 0.0512012 0.0496528 0.0466028 0.0437995 0.0417632 0.0398721 0.0371602
 1.04758e-16 6.46483e-05 0.000628404 0.00417597 0.0189834 0.0590643 0.125843 0.183675 0.183689 0.125913 0.0592991 0.0196619 0.00588088 0.00435611 0.00716182 0.0117846 0.0170825 0.0217252 0.0244068 0.0245425 0.0226079 0.0197835 0.0171956 0.0153519 0.0141074 0.0130147
 1.00674e-16 7.44989e-05 0.000724156 0.00481227 0.0218759 0.068064 0.145018 0.21166 0.211668 0.145058 0.0681978 0.0222623 0.00578178 0.00283945 0.0040885 0.00663247 0.00952673 0.0119375 0.0130705 0.0125623 0.0106952 0.00821002 0.00586969 0.00410953 0.00297573 0.00228652
 1.00401e-16 6.73537e-05 0.000654702 0.00435073 0.0197778 0.0615361 0.13111 0.191362 0.191379 0.131191 0.0618095 0.0205671 0.00633057 0.00497222 0.00825385 0.0135038 0.0193641 0.0241772 0.0263028 0.0249843 0.0208041 0.0153092 0.010116 0.00618325 0.00366621 0.00222751
 1.01321e-16 5.05778e-05 0.000491635 0.00326709 0.0148517 0.0462094 0.0984553 0.143705 0.143739 0.0986192 0.0467598 0.0164411 0.00725547 0.00919403 0.0165653 0.0272717 0.0391995 0.0491184 0.0537636 0.0516146 0.0437961 0.0333196 0.0233058 0.0155687 0.0103697 0.0070673
 1.02445e-16 5.89595e-05 0.000573107 0.0038085 0.0173129 0.0538669 0.11477 0.167515 0.167536 0.114873 0.0542128 0.0183123 0.00631921 0.00606083 0.010501 0.0173183 0.0250602 0.0317569 0.0354273 0.0351332 0.0315001 0.0262261 0.0210058 0.0167283 0.0134195 0.0107047
 1.00244e-16 7.95965e-05 0.000773707 0.00514155 0.0233728 0.0727213 0.154941 0.226141 0.226144 0.154954 0.0727666 0.0235035 0.0054698 0.00149022 0.00144023 0.00225462 0.00323915 0.00407102 0.0044805 0.00434462 0.00375541 0.00295603 0.00219457 0.00160941 0.0012121 0.000943904
 1.00059e-16 7.72183e-05 0.00075059 0.00498793 0.0226744 0.0705486 0.150311 0.219385 0.219391 0.15034 0.0706456 0.0229544 0.00569008 0.0022813 0.00297816 0.00478512 0.00684765 0.00853088 0.00924599 0.00872359 0.00717471 0.00515829 0.00326156 0.00183747 0.000947794 0.000470956
 1.0067e-16 3.58292e-05 0.000348272 0.00231439 0.0105209 0.0327348 0.0697469 0.101809 0.101861 0.0700042 0.0335985 0.0130142 0.00856786 0.0139833 0.0258829 0.042606 0.061073 0.0761693 0.0827047 0.0782817 0.0647546 0.0470503 0.0303356 0.0177019 0.00968201 0.00521878
 1.00854e-16 7.65727e-05 0.000744314 0.00494623 0.0224848 0.0699587 0.149055 0.21755 0.217555 0.149075 0.0700278 0.0226848 0.0054497 0.00184822 0.00218714 0.00353101 0.00516327 0.00666648 0.00766378 0.00796888 0.0076713 0.00703569 0.00630443 0.00557219 0.00480947 0.00397069
 1.00491e-16 6.44866e-05 0.000626833 0.00416553 0.0189359 0.0589167 0.125529 0.183217 0.183238 0.125627 0.0592471 0.0198896 0.0065576 0.00584224 0.00995039 0.0162979 0.0233542 0.0291223 0.0316157 0.0299231 0.0247628 0.0180299 0.0117065 0.00697098 0.00401098 0.0023977
 1.00905e-16 6.37353e-05 0.000619529 0.00411699 0.0187153 0.0582302 0.124066 0.181083 0.181102 0.12416 0.0585461 0.0196274 0.00640624 0.00561572 0.00954859 0.0156744 0.0225476 0.0282965 0.0310535 0.0299466 0.0256091 0.0197434 0.0141073 0.00971334 0.00669964 0.00470775
 1.01304e-16 6.02706e-05 0.000585852 0.00389319 0.0176979 0.0550649 0.117322 0.17124 0.171263 0.117433 0.0554365 0.0187711 0.00658664 0.00646428 0.0112202 0.0184425 0.0265336 0.0333056 0.0365665 0.0352959 0.030245 0.0234197 0.0168847 0.0118191 0.00836585 0.00608195
 1.01505e-16 6.19531e-05 0.000602206 0.00400187 0.0181919 0.056602 0.120597 0.176019 0.17604 0.120696 0.0569347 0.0191529 0.00641425 0.00586889 0.0100655 0.0165451 0.0238334 0.02998 0.0330347 0.0320879 0.0277981 0.0219277 0.0162781 0.01186 0.00877546 0.00663064
 1.0372e-16 2.96711e-05 0.000288414 0.00191661 0.00871269 0.0271087 0.0577599 0.0843134 0.0843666 0.05802 0.027982 0.0112351 0.00824764 0.0141074 0.0262692 0.0433669 0.0624333 0.0784318 0.0862332 0.0834502 0.0718429 0.0561009 0.0410335 0.029361 0.0213756 0.0160135
 1.03255e-16 6.79594e-05 0.00066059 0.00438985 0.0199556 0.0620894 0.132288 0.193081 0.19309 0.132333 0.0622403 0.0203926 0.00549107 0.00307881 0.00470233 0.00777516 0.0114472 0.0149231 0.0174238 0.0185646 0.0185274 0.0178285 0.0168932 0.0158073 0.0144061 0.0125423
 1.0152e-16 6.27984e-05 0.000610422 0.00405647 0.0184401 0.0573743 0.122243 0.178421 0.178442 0.122344 0.0577144 0.0194222 0.00652024 0.00598443 0.0102561 0.0168226 0.02415 0.0302087 0.0329794 0.0315402 0.0266266 0.0201548 0.014102 0.00960247 0.00677771 0.0051443
 1.02886e-16 3.72801e-05 0.000362376 0.00240812 0.010947 0.0340604 0.072571 0.105929 0.105975 0.0727949 0.0348123 0.0131185 0.00785851 0.012259 0.0226262 0.037333 0.0537411 0.067501 0.0741891 0.0717406 0.0616614 0.0479848 0.0348589 0.0246479 0.0176372 0.0129454
 1.02493e-16 6.8345e-05 0.000664337 0.00441476 0.0200688 0.0624417 0.133039 0.194176 0.194187 0.13309 0.0626125 0.0205629 0.00565804 0.00338839 0.00527092 0.00868156 0.0126758 0.0163069 0.0186457 0.019244 0.0183579 0.0166954 0.0149092 0.0132608 0.0116576 0.00992231
 1.01775e-16 5.6112e-05 0.000545429 0.00362457 0.0164768 0.0512655 0.109228 0.159427 0.159455 0.109364 0.051723 0.0177978 0.00693874 0.00777465 0.0137692 0.0226315 0.032496 0.0406558 0.0443943 0.0424657 0.0358485 0.027108 0.0188951 0.0127379 0.00881606 0.00650604
 1.03976e-16 3.70589e-05 0.000360225 0.00239383 0.010882 0.0338582 0.0721401 0.1053 0.105343 0.0723511 0.0345669 0.0129294 0.00753514 0.0115902 0.0213836 0.0353407 0.0510148 0.0643723 0.0713018 0.069869 0.0614215 0.0495963 0.0380807 0.0288982 0.0222111 0.0172234
 1.05216e-16 5.61035e-05 0.000545346 0.00362401 0.0164743 0.0512576 0.109211 0.1594 0.159419 0.109305 0.0515757 0.0173945 0.00593926 0.00561737 0.00974108 0.0161519 0.0235811 0.0303211 0.0346503 0.0357475 0.034114 0.0310958 0.0279275 0.0250896 0.0223733 0.0193877
 1.02153e-16 6.68232e-05 0.000649546 0.00431646 0.019622 0.0610514 0.130077 0.189854 0.189869 0.13015 0.0612946 0.0203243 0.00607941 0.00449861 0.0073786 0.0120974 0.0174324 0.0219498 0.0242377 0.023652 0.0206964 0.0166736 0.0128943 0.0100606 0.00818186 0.00689192
pSPR Fmed_Fpbrs
0.545529   0.215487 0.215487
Fs Fmed_Fpbrs
0.34   1.005 1.005
SSBpbr Bo_Bmed_Bpbrs
509145  252296  84256.8 84256.8
Ro
97746.9
SPR SPRFo_SPRFmed_SPRFpbrs
697688 380609 150343
Fref
1.005
Nvult_r0
 117756 12991.9 1853.44 900.011 206.099
CTP_r0
 51724.3 6512.16 929.029 451.128 103.306
YTP_r0
566057
Np
 112323 18879.1 4334.44 401.238 64.9489
Nvult_p0
 93444.4 16336.8 3750.76 347.207 56.2029
CTP_p0
 41045.5 13961.5 1292.41 184.376 107.3
 41045.5 8188.77 1880.06 174.036 28.1715
YTP_p0
 593777 504074
CBA_c0
574373
log_Ro
11.3101
likeval ReclasPelacesDesembMPH_pf_preclas_ppelaces_ptallas_desvR_qrecl_qpela
 16.9951 20.7194 0.0203599 48.7588 241.117 125.624 112.217 0 21.8256 0.000107649 0.000210675 0.0339986 0 0 0
q_reclas_q_pelaces
4.33752 7.78874
M
1
N
 146545 26761 32949 2863.2 0.156964
 94523.8 38519 6395.72 7874.6 684.324
 83656.7 18673.1 6381.66 1059.62 1418.01
 128430 16605 3112.6 1063.76 412.994
 94379 23127.9 2442.96 457.932 217.262
 196010 27720.2 6373.62 673.234 186.071
 70309.2 52027.2 6708.64 1542.5 207.963
 25074.2 11199.8 6539.77 843.27 220.031
 24102.4 7834.32 3341.28 1951.03 317.218
 32347 4271.14 1129.05 481.533 326.891
 57165.3 2836.44 249.603 65.9812 47.2438
 131887 16437.3 760.658 66.9369 30.364
 71609.2 24286.8 2488.57 115.162 14.7312
 43984.3 12316.2 3368.52 345.159 18.0159
 65407.9 1212.46 163.077 44.602 4.80874
 231565 9271.87 131.22 17.6493 5.34756
 48109.9 36458.6 1148.13 16.249 2.84769
 287246 8023.91 4861.05 153.081 2.54617
 287743 48700.6 1092.6 661.921 21.1915
 253892 38881.7 4956.61 111.202 69.5253
 245603 45168.9 5631.83 717.942 26.1775
 297526 50802.7 7938.35 989.783 130.778
 51011 46760.5 6276.54 980.763 138.442
 131638 8773.47 6485.54 870.536 155.23
 152543 25099.7 1388.96 1026.75 162.393
 48912 29349.4 4019.89 222.451 190.449
 139709 10219.1 5224.74 715.617 73.5041
 128095 30256.9 1905.01 973.978 147.105
 53903.5 30155.6 6277.65 395.249 232.6
 71827 12024.5 5838.98 1215.53 121.57
 141547 15013.7 2141.86 1040.07 238.171
pred_Ctot
 27179.3 6136.94 7555.99 656.6 0.0359956
 29080.4 14260.6 2367.85 2915.36 253.353
 25585.4 6875.34 2349.7 390.146 522.104
 43878 6772.49 1269.5 433.861 168.443
 12250.5 3755.12 396.647 74.3513 35.2754
 35431.1 6201.81 1425.96 150.622 41.6294
 26932.3 23553.7 3037.14 698.319 94.1489
 2420.42 1361.44 794.968 102.507 26.7468
 8370.99 3243.83 1383.47 807.83 131.345
 17386.1 2605.39 688.721 293.734 199.403
 8051.34 498.583 43.8747 11.598 8.30443
 44007.3 6560.01 303.573 26.7141 12.1181
 25609.6 10329.2 1058.39 48.9785 6.26518
 30861.6 9342.83 2555.29 261.83 13.6665
 27402.2 594.967 80.0238 21.8867 2.3597
 89568.3 4234.64 59.9307 8.06076 2.44233
 17704.9 15915.8 501.211 7.09338 1.24314
 104127 3454.98 2093.1 65.9148 1.09635
 124527 24599.7 551.897 334.351 10.7043
 87829.3 16040.6 2044.84 45.8762 28.6826
 71178 15817.7 1972.21 251.417 9.16712
 115250 23233.3 3630.4 452.652 59.8078
 18243.1 19887.4 2669.43 417.121 58.88
 42250.2 3378.11 2497.17 335.188 59.7694
 48448.4 9570.88 529.63 391.514 61.9227
 13981 10146.3 1389.71 76.9035 65.84
 37907 3364.56 1720.2 235.611 24.2006
 30227 8732.34 549.799 281.096 42.4555
 13964.3 9505.78 1978.87 124.592 73.3214
 20517.8 4154.47 2017.37 419.967 42.0024
 35519.3 4592.58 655.181 318.15 72.855
F
 0.336183 0.431318 0.431318 0.431318 0.431318
 0.62177 0.797722 0.797722 0.797722 0.797722
 0.617016 0.791623 0.791623 0.791623 0.791623
 0.714344 0.916493 0.916493 0.916493 0.916493
 0.225158 0.288874 0.288874 0.288874 0.288874
 0.326399 0.418765 0.418765 0.418765 0.418765
 0.837004 1.07386 1.07386 1.07386 1.07386
 0.163326 0.209545 0.209545 0.209545 0.209545
 0.730432 0.937134 0.937134 0.937134 0.937134
 1.43397 1.83977 1.83977 1.83977 1.83977
 0.246394 0.31612 0.31612 0.31612 0.31612
 0.692014 0.887843 0.887843 0.887843 0.887843
 0.760304 0.975458 0.975458 0.975458 0.975458
 2.59118 3.32445 3.32445 3.32445 3.32445
 0.953658 1.22353 1.22353 1.22353 1.22353
 0.848683 1.08885 1.08885 1.08885 1.08885
 0.791063 1.01492 1.01492 1.01492 1.01492
 0.774649 0.993863 0.993863 0.993863 0.993863
 1.00155 1.28497 1.28497 1.28497 1.28497
 0.7265 0.932089 0.932089 0.932089 0.932089
 0.575769 0.738703 0.738703 0.738703 0.738703
 0.850462 1.09113 1.09113 1.09113 1.09113
 0.760308 0.975464 0.975464 0.975464 0.975464
 0.6572 0.843177 0.843177 0.843177 0.843177
 0.648178 0.831602 0.831602 0.831602 0.831602
 0.565763 0.725865 0.725865 0.725865 0.725865
 0.529836 0.679771 0.679771 0.679771 0.679771
 0.446403 0.572728 0.572728 0.572728 0.572728
 0.50025 0.641813 0.641813 0.641813 0.641813
 0.5653 0.725271 0.725271 0.725271 0.725271
 0.481036 0.617162 0.617162 0.617162 0.617162
YTP_r0W_actual
 429312 91821.5 25641.2 15428.6 3853.33
YTP_p0W_proyectada
 309483 243628 31108.3 5774.66 3782.32
 309483 142894 45253 5450.82 993.046
CTP_r0_actual
 51724.3 6512.16 929.029 451.128 103.306
CTP_p0_proyectada
 41045.5 13961.5 1292.41 184.376 107.3
 41045.5 8188.77 1880.06 174.036 28.1715
Wmedp
 7.54 17.45 24.07 31.32 35.25
Frms_r0
 0.783329 1.005 1.005 1.005 1.005
Zrms_r0
 1.78333 2.005 2.005 2.005 2.005
nmprior
 7.29 8.9 8.7 0
nm_flota  nm_reclas  nm_pelaces    nm_pelaL
inf 10.3111 10.1797 20.4199
cv_recla  cv_pelaces  cv_mph
0.372895 0.516132 0.581
 ------------------------------------------------
Talla a la edad & desviaci?n 
 8 13.2811 15.8009 17.003 17.5766
 0.8 1.32811 1.58009 1.7003 1.75766
