years
 1991 1992 1993 1994 1995 1996 1997 1998 1999 2000 2001 2002 2003 2004 2005 2006 2007 2008 2009 2010 2011 2012 2013 2014 2015 2016 2017 2018 2019
reclasobs
 0 0 0 0 0 0 0 0 0 252601 567819 844713 477998 351125 339783 2.1784e+06 2.13404e+06 4.81314e+06 1.55562e+06 2.62356e+06 3.21686e+06 3.843e+06 1.13348e+06 3.07943e+06 1.97215e+06 2.03268e+06 2.025e+06 2.42433e+06 2.27542e+06
reclaspred
 4.37531e+06 2.35997e+06 1.15048e+06 1.38737e+06 1.64531e+06 3.34434e+06 1.92561e+06 1.4404e+06 839254 336690 596133 1.28736e+06 1.1076e+06 275092 687857 1.57196e+06 1.27513e+06 2.60143e+06 2.52472e+06 2.31781e+06 4.05763e+06 2.76116e+06 1.5345e+06 2.1966e+06 1.80623e+06 1.51934e+06 2.17867e+06 2.13457e+06 1.53086e+06
pelacesobs
 0 0 0 0 0 0 0 0 0 0 0 0 0 0 0 552880 188675 0 991730 2.46772e+06 1.41603e+06 1.21717e+06 2.29649e+06 1.80582e+06 0 1.4828e+06 1.56532e+06 1.57751e+06 1.42118e+06
pelacespred
 4.24807e+06 2.18831e+06 980182 760682 1.18626e+06 2.26431e+06 1.40034e+06 1.45976e+06 747041 178020 340153 649695 686635 92916.8 310237 649279 685708 1.3166e+06 1.31327e+06 1.19194e+06 2.28885e+06 1.66803e+06 1.03515e+06 1.34907e+06 1.12295e+06 1.04416e+06 1.5181e+06 1.44985e+06 1.11189e+06
mphobs
 0 0 0 0 0 0 0 0 0 0 0 0 498337 0 5186 125008 0 168611 109162 213762 579715 649985 157893 87575 83554 210694 70296 0 107559
mphpred
 756829 521756 230255 134450 197546 285647 468099 203735 174101 70717.5 23825.1 111200 179771 76547.1 10284.8 79353.9 212387 139208 280252 234788 342417 379374 238955 129096 246792 205070 154453 260245 290918
desembarqueobs
 494567 514787 250237 358949 120608 361735 552515 73892 212993 205616 52469 317467 293654 387597 252695 516296 358380 742168 942051 627588 828172 859565 418607 520667 417249 300574 415391 372974 316634
desembarquepred
 494555 514423 250395 358942 120609 361715 552476 73897.8 213073 205688 52470.3 317419 293696 387614 252576 516150 358428 741858 941195 627098 828301 859509 418554 520723 417107 300570 415331 372917 316556
Reclutas
 145669 94566 84214.6 127165 93267.6 195513 69232.9 24724.6 23777.4 31627.6 54702.1 132297 71321.4 44492.2 64345.1 223208 51171.7 282245 288360 241204 245497 294231 49723.1 131491 147186 47673.8 136674 109499 48996
log_desv_Rt
 0.420208 -0.0118285 -0.127758 0.284359 -0.0256529 0.7145 -0.32365 -1.35333 -1.39239 -1.10709 -0.559224 0.323921 -0.29393 -0.765812 -0.396865 0.846976 -0.62594 1.08165 1.10308 0.924517 0.94216 1.12324 -0.654656 0.317813 0.430571 -0.696744 0.35647 0.134793 -0.669387
SSB
 756829 521756 230255 134450 197546 285647 468099 203735 174101 70717.5 23825.1 111200 169236 73228.3 9823.63 75964.4 212387 139208 293663 244428 367849 441209 299435 150184 261175 236547 162682 260245 307319
BT
 1.30696e+06 977581 444833 578695 476546 1.21956e+06 835641 477485 410177 256470 221004 561579 511699 429127 445291 777337 505711 1.35042e+06 1.49376e+06 988495 1.69286e+06 1.35865e+06 669334 1.14999e+06 765414 600778 1.15762e+06 920954 558724
Ftot
 0.468997 0.8665 0.860453 0.977285 0.303997 0.433894 1.10578 0.21734 0.979645 1.9924 0.345249 0.931149 1.013 3.43247 1.2937 1.18261 1.07272 1.04892 1.33719 1.01178 0.791088 1.1571 1.05111 0.891299 0.888169 0.784911 0.730272 0.681896 0.828107
BD_Bspro_t
 0.927707 0.573258 0.304551 0.221442 0.270572 0.397772 0.456633 0.244656 0.279022 0.164233 0.0839308 0.381124 0.332799 0.148401 0.0251405 0.162913 0.249774 0.170227 0.250582 0.194617 0.221409 0.248248 0.201164 0.131484 0.233124 0.251837 0.224502 0.342828 0.36413
BD_Bspro
 1.11286 0.767201 0.338572 0.197699 0.290476 0.420021 0.688303 0.299577 0.256002 0.103985 0.035033 0.163511 0.248849 0.107677 0.0144449 0.1117 0.312299 0.204694 0.431809 0.359412 0.540894 0.648764 0.440296 0.220834 0.384037 0.347824 0.239211 0.382671 0.451888
BD_Bo
 1.59485 1.09948 0.485211 0.283324 0.416284 0.601937 0.986414 0.429327 0.366879 0.149021 0.0502061 0.234329 0.356628 0.154312 0.0207011 0.160078 0.447559 0.293349 0.618829 0.515077 0.77516 0.92975 0.630992 0.316479 0.550368 0.498469 0.342815 0.548409 0.647605
BD_Brms
 9.32048 6.42551 2.83563 1.65578 2.43281 3.51779 5.76472 2.50904 2.14408 0.870898 0.29341 1.36945 2.08417 0.901819 0.12098 0.935515 2.61559 1.71437 3.61651 3.01017 4.53013 5.43356 3.68759 1.84954 3.21641 2.91311 2.00345 3.20497 3.78468
Sel_flota
 0.754945 1 1 1 1
 0.754945 1 1 1 1
 0.754945 1 1 1 1
 0.754945 1 1 1 1
 0.754945 1 1 1 1
 0.754945 1 1 1 1
 0.754945 1 1 1 1
 0.754945 1 1 1 1
 0.754945 1 1 1 1
 0.754945 1 1 1 1
 0.754945 1 1 1 1
 0.754945 1 1 1 1
 0.754945 1 1 1 1
 0.754945 1 1 1 1
 0.754945 1 1 1 1
 0.754945 1 1 1 1
 0.754945 1 1 1 1
 0.754945 1 1 1 1
 0.754945 1 1 1 1
 0.754945 1 1 1 1
 0.754945 1 1 1 1
 0.754945 1 1 1 1
 0.754945 1 1 1 1
 0.754945 1 1 1 1
 0.754945 1 1 1 1
 0.754945 1 1 1 1
 0.754945 1 1 1 1
 0.754945 1 1 1 1
 0.754945 1 1 1 1
Sel_reclas
 0.66011 1 1 1 1
 0.66011 1 1 1 1
 0.66011 1 1 1 1
 0.66011 1 1 1 1
 0.66011 1 1 1 1
 0.66011 1 1 1 1
 0.66011 1 1 1 1
 0.66011 1 1 1 1
 0.66011 1 1 1 1
 0.66011 1 1 1 1
 0.66011 1 1 1 1
 0.66011 1 1 1 1
 0.66011 1 1 1 1
 0.66011 1 1 1 1
 0.66011 1 1 1 1
 0.66011 1 1 1 1
 0.66011 1 1 1 1
 0.66011 1 1 1 1
 0.66011 1 1 1 1
 0.66011 1 1 1 1
 0.66011 1 1 1 1
 0.66011 1 1 1 1
 0.66011 1 1 1 1
 0.66011 1 1 1 1
 0.66011 1 1 1 1
 0.66011 1 1 1 1
 0.66011 1 1 1 1
 0.66011 1 1 1 1
 0.66011 1 1 1 1
Sel_pelaces
 0.201509 0.559481 0.864713 0.96985 0.993861
 0.201509 0.559481 0.864713 0.96985 0.993861
 0.201509 0.559481 0.864713 0.96985 0.993861
 0.201509 0.559481 0.864713 0.96985 0.993861
 0.201509 0.559481 0.864713 0.96985 0.993861
 0.201509 0.559481 0.864713 0.96985 0.993861
 0.201509 0.559481 0.864713 0.96985 0.993861
 0.201509 0.559481 0.864713 0.96985 0.993861
 0.201509 0.559481 0.864713 0.96985 0.993861
 0.201509 0.559481 0.864713 0.96985 0.993861
 0.201509 0.559481 0.864713 0.96985 0.993861
 0.201509 0.559481 0.864713 0.96985 0.993861
 0.201509 0.559481 0.864713 0.96985 0.993861
 0.201509 0.559481 0.864713 0.96985 0.993861
 0.201509 0.559481 0.864713 0.96985 0.993861
 0.201509 0.559481 0.864713 0.96985 0.993861
 0.201509 0.559481 0.864713 0.96985 0.993861
 0.201509 0.559481 0.864713 0.96985 0.993861
 0.201509 0.559481 0.864713 0.96985 0.993861
 0.201509 0.559481 0.864713 0.96985 0.993861
 0.201509 0.559481 0.864713 0.96985 0.993861
 0.201509 0.559481 0.864713 0.96985 0.993861
 0.201509 0.559481 0.864713 0.96985 0.993861
 0.201509 0.559481 0.864713 0.96985 0.993861
 0.201509 0.559481 0.864713 0.96985 0.993861
 0.201509 0.559481 0.864713 0.96985 0.993861
 0.201509 0.559481 0.864713 0.96985 0.993861
 0.201509 0.559481 0.864713 0.96985 0.993861
 0.201509 0.559481 0.864713 0.96985 0.993861
pf_obs 
 0.8446 0.082 0.0669 0.0065 0
 0.8095 0.147 0.0364 0.0071 0
 0.9664 0.0169 0.016 0.0007 0
 0.9276 0.0648 0.0075 0.0001 0
 0.7033 0.2144 0.0806 0.0017 0
 0.9318 0.0425 0.0243 0.0014 0
 0.5671 0.3108 0.0964 0.0239 0.0018
 0.0768 0.2599 0.5324 0.112 0.0189
 0.490249 0.384438 0.106611 0.0170017 0.00170017
 0.7925 0.1577 0.0466 0.003 0.0002
 0.840416 0.127587 0.0312969 0.00059994 9.999e-05
 0.8084 0.0986 0.0794 0.0134 0.0002
 0.7335 0.1905 0.0724 0.0035 0.0001
 0.4001 0.4547 0.1325 0.0127 0
 0.49795 0.308269 0.164784 0.0264974 0.00249975
 0.9179 0.0499 0.0305 0.0017 0
 0.2467 0.6533 0.0926 0.0074 0
 0.9418 0.0223 0.034 0.0019 0
 0.707729 0.231977 0.0356964 0.0245975 0
 0.517169 0.277429 0.184464 0.0207286 0.00020938
 0.811772 0.124168 0.05621 0.00726502 0.000585176
 0.764997 0.148141 0.077277 0.00933861 0.000247198
 0.163321 0.427699 0.378323 0.0303852 0.000271297
 0.753843 0.0900009 0.118128 0.0371064 0.000921714
 0.721811 0.176058 0.0630433 0.0369309 0.00215725
 0.143369 0.312575 0.442814 0.0836902 0.0175525
 0.692698 0.0596174 0.167031 0.0765114 0.00414204
 0.394062 0.376323 0.152708 0.0712218 0.00568511
 0.125707 0.32114 0.495352 0.0537591 0.00404204
pf_pred 
 0.66532 0.147745 0.171789 0.0151454 8.88202e-07
 0.602157 0.293851 0.0459075 0.0533783 0.00470628
 0.725461 0.191257 0.0615129 0.00960997 0.0121591
 0.837857 0.129748 0.0225674 0.00725824 0.00256865
 0.742376 0.228971 0.0229288 0.00398806 0.00173658
 0.818515 0.145132 0.0323096 0.00323544 0.000807794
 0.489063 0.441661 0.055399 0.012333 0.00154336
 0.509583 0.295335 0.168632 0.021152 0.00529818
 0.597692 0.236122 0.100079 0.0571437 0.0089631
 0.821546 0.124351 0.0317542 0.0134589 0.00889019
 0.936689 0.0567171 0.00459493 0.00117336 0.000825827
 0.869512 0.124455 0.00540497 0.000437884 0.000190517
 0.68952 0.282816 0.0263857 0.00114591 0.000133227
 0.721528 0.215975 0.056929 0.00531128 0.000257482
 0.974497 0.0221263 0.00261888 0.000690314 6.75261e-05
 0.953573 0.0456959 0.000634261 7.50713e-05 2.17238e-05
 0.549893 0.436842 0.0130561 0.000181219 2.7656e-05
 0.94819 0.0340731 0.0172144 0.000514492 8.23101e-06
 0.832942 0.161425 0.00370456 0.00187161 5.68324e-05
 0.820855 0.159717 0.0187727 0.000430816 0.000224265
 0.808437 0.167996 0.0210112 0.00246959 8.61774e-05
 0.809608 0.16439 0.0228032 0.00285198 0.000346911
 0.442005 0.486339 0.0618704 0.00858227 0.00120395
 0.877847 0.0676406 0.0475117 0.00604428 0.000956041
 0.816869 0.167806 0.00848577 0.00596052 0.000878217
 0.548614 0.393464 0.0530747 0.00268393 0.00216299
 0.880017 0.0774188 0.0371023 0.00500476 0.000457048
 0.73551 0.24222 0.0143696 0.00688649 0.00101376
 0.570635 0.345026 0.0772371 0.00458204 0.00251917
pobs_RECLAS
 0 0 0 0 0
 0 0 0 0 0
 0 0 0 0 0
 0 0 0 0 0
 0 0 0 0 0
 0 0 0 0 0
 0 0 0 0 0
 0 0 0 0 0
 0 0 0 0 0
 0 0 0 0 0
 0.991045 0.00858322 0.000360255 1.14367e-05 0
 0.934742 0.0480273 0.0164251 0.00080598 0
 0.827803 0.169806 0.00239088 0 0
 0.941827 0.0461693 0.0120037 0 0
 0.791401 0.0380133 0.147996 0.0225897 0
 0.846168 0.0940531 0.0597789 0 0
 0.134021 0.677848 0.182769 0.00536245 0
 0.80878 0.0450904 0.141981 0.00414843 0
 0.846168 0.0940531 0.0597789 0 0
 0.905697 0.0802665 0.012482 0.00150086 5.37128e-05
 0.989698 0.0102097 9.19794e-05 0 0
 0.975433 0.0193895 0.00387452 0.00125025 5.28907e-05
 0.303575 0.632131 0.0575291 0.00676475 0
 0.966965 0.00978017 0.0227588 0.000495775 0
 0.843318 0.132988 0.00938335 0.0141283 0.000182051
 0.564624 0.303363 0.111486 0.0197234 0.00080311
 0.826376 0.0876187 0.0782897 0.00655872 0.00115652
 0.89761 0.0855135 0.0140674 0.00269457 0.000114338
 0.34875 0.467042 0.161289 0.0227151 0.000203297
ppred_RECLAS
 0.637827 0.159882 0.185901 0.0163896 9.61166e-07
 0.576853 0.312541 0.0488273 0.0567734 0.00500562
 0.704087 0.206147 0.0663021 0.0103582 0.0131057
 0.823933 0.14089 0.0245054 0.00788154 0.00278923
 0.717435 0.251137 0.0251485 0.00437414 0.0019047
 0.799623 0.16024 0.0356729 0.00357223 0.000891881
 0.466016 0.461584 0.057898 0.0128893 0.00161298
 0.477331 0.314758 0.179722 0.0225431 0.00564661
 0.573668 0.250222 0.106056 0.0605561 0.00949833
 0.816442 0.127907 0.0326624 0.0138438 0.00914444
 0.928839 0.0637496 0.00516467 0.00131885 0.000928223
 0.857563 0.135852 0.00589991 0.000477981 0.000207963
 0.668312 0.302134 0.028188 0.00122418 0.000142327
 0.73961 0.20195 0.0532324 0.0049664 0.000240763
 0.972385 0.0239583 0.00283571 0.000747468 7.31169e-05
 0.949511 0.0496938 0.000689752 8.16393e-05 2.36244e-05
 0.526491 0.459554 0.0137349 0.000190641 2.90939e-05
 0.943296 0.0372917 0.0188405 0.000563092 9.00852e-06
 0.821641 0.172345 0.00395514 0.00199821 6.06766e-05
 0.806086 0.172885 0.0203204 0.000466333 0.000242754
 0.791136 0.183168 0.0229088 0.00269263 9.39604e-05
 0.795417 0.176643 0.0245028 0.00306455 0.000372768
 0.418642 0.506701 0.0644609 0.0089416 0.00125435
 0.866319 0.0740243 0.0519956 0.00661472 0.00104627
 0.800868 0.182469 0.00922726 0.00648135 0.000954956
 0.52166 0.416959 0.056244 0.0028442 0.00229216
 0.867816 0.0852913 0.0408752 0.00551368 0.000503524
 0.712976 0.262856 0.0155938 0.0074732 0.00110012
 0.544394 0.366113 0.0819576 0.00486208 0.00267313
pobs_PELACES
 0 0 0 0 0
 0 0 0 0 0
 0 0 0 0 0
 0 0 0 0 0
 0 0 0 0 0
 0 0 0 0 0
 0 0 0 0 0
 0 0 0 0 0
 0 0 0 0 0
 0 0 0 0 0
 0 0 0 0 0
 0 0 0 0 0
 0 0 0 0 0
 0 0 0 0 0
 0 0 0 0 0
 0 0 0 0 0
 0.505614 0.472636 0.0217494 0 0
 0 0 0 0 0
 0.443492 0.261883 0.143347 0.151278 0
 0.227955 0.32914 0.350689 0.0885471 0.00366901
 0.970185 0.0296113 0.000203453 0 0
 0.997202 0.00247181 0.000326279 0 0
 0.445219 0.490057 0.0546422 0.010081 0
 0.90214 0.0892962 0.00764917 0.000914606 0
 0 0 0 0 0
 0.581667 0.319106 0.0959925 0.00289975 0.000334073
 0.762889 0.0836404 0.116647 0.0363945 0.000428098
 0.88444 0.0763242 0.0277011 0.0115352 0
 0.521256 0.241999 0.230069 0.00667565 0
ppred_PELACES
 0.431817 0.190999 0.343241 0.0339406 2.03972e-06
 0.405317 0.375242 0.0906054 0.118159 0.0106758
 0.540693 0.270638 0.134532 0.0235729 0.0305641
 0.711392 0.206007 0.0553795 0.019977 0.00724477
 0.571366 0.357661 0.0553554 0.0107987 0.00481868
 0.669418 0.237383 0.0816779 0.00917357 0.00234707
 0.325465 0.540286 0.104743 0.0261531 0.00335383
 0.292337 0.347147 0.306354 0.0430992 0.0110628
 0.387305 0.286035 0.187376 0.119997 0.0192877
 0.705342 0.172386 0.0680362 0.032343 0.0218929
 0.873215 0.106817 0.0133749 0.00383067 0.00276283
 0.775357 0.208787 0.0140143 0.00127341 0.00056776
 0.532064 0.406174 0.0585686 0.00285285 0.000339893
 0.644927 0.244516 0.0996152 0.0104237 0.000517837
 0.951899 0.0387149 0.00708224 0.0020938 0.000209885
 0.917967 0.0800205 0.00171664 0.000227886 6.75773e-05
 0.394353 0.578446 0.02672 0.000415969 6.5053e-05
 0.892611 0.0594147 0.0463938 0.00155518 2.54962e-05
 0.732913 0.252878 0.00896935 0.00508244 0.000158152
 0.699011 0.253181 0.0459931 0.00118383 0.000631511
 0.673182 0.26795 0.0517955 0.0068281 0.000244168
 0.683688 0.253412 0.0543291 0.00762108 0.000949969
 0.284948 0.580584 0.114155 0.0177602 0.00255313
 0.751805 0.109548 0.118928 0.0169692 0.00275051
 0.691299 0.268663 0.020998 0.0165426 0.00249771
 0.371592 0.510871 0.106507 0.00604083 0.00498887
 0.75966 0.12899 0.0955424 0.0144548 0.00135273
 0.576588 0.368694 0.0338054 0.0181708 0.00274113
 0.385648 0.444545 0.153807 0.0102339 0.00576581
pobs_pel_tallas
 0 0 0 0 0 0 0 0 0 0 0 0 0 0 0 0 0 0 0 0 0 0 0 0 0 0
 0 0 0 0 0 0 0 0 0 0 0 0 0 0 0 0 0 0 0 0 0 0 0 0 0 0
 0 0 0 0 0 0 0 0 0 0 0 0 0 0 0 0 0 0 0 0 0 0 0 0 0 0
 0 0 0 0 0 0 0 0 0 0 0 0 0 0 0 0 0 0 0 0 0 0 0 0 0 0
 0 0 0 0 0 0 0 0 0 0 0 0 0 0 0 0 0 0 0 0 0 0 0 0 0 0
 0 0 0 0 0 0 0 0 0 0 0 0 0 0 0 0 0 0 0 0 0 0 0 0 0 0
 0 0 0 0 0 0 0 0 0 0 0 0 0 0 0 0 0 0 0 0 0 0 0 0 0 0
 0 0 0 0 0 0 0 0 0 0 0 0 0 0 0 0 0 0 0 0 0 0 0 0 0 0
 0 0 0 0 0 0 0 0 0 0 0 0 0 0 0 0 0 0 0 0 0 0 0 0 0 0
 0 0 0 0 0 0 0 0 0 0 0 0 0 0 0 0 0 0 0 0 0 0 0 0 0 0
 0 0 0 0 0 0 0 0 0 0 0 0 0 0 0 0 0 0 0 0 0 0 0 0 0 0
 0 0 0 0 0 0 0 0 0 0 0 0 0 0 0 0 0 0 0 0 0 0 0 0 0 0
 0.00862536 0 0 0.000197151 0.00414017 0.0128641 0.00837892 0.0270097 0.101434 0.158115 0.152841 0.127902 0.109271 0.109419 0.0830992 0.0579132 0.0238553 0.00714673 0.00463305 0.00128148 0.00103504 0.000492878 0.000147863 0.000147863 4.92878e-05 0
 0 0 0 0 0 0 0 0 0 0 0 0 0 0 0 0 0 0 0 0 0 0 0 0 0 0
 0 0 0 0 0 0 0 0.0054083 0.00873648 0.0413646 0.0450493 0.0745869 0.0622846 0.0627006 0.0613931 0.0827291 0.12552 0.122667 0.0946155 0.0697135 0.0546179 0.0294188 0.0215738 0.0213955 0.0102223 0.00600262
 0 0 0 0 0.00359764 0.0251062 0.0480494 0.140153 0.205849 0.193036 0.1447 0.116669 0.0760912 0.0342217 0.00950174 0.001854 0.000860785 0 0 0 0.000165536 0 0.000143464 0 0 0
 0 0 0 0 0 0 0 0.000145254 0.000435761 0.0275982 0.070085 0.0708112 0.156366 0.174668 0.174014 0.160142 0.0824315 0.0480064 0.0283245 0.00493863 0.00203355 0 0 0 0 0
 0 0 0 0 0 0 0 0 0 0 0 0 0 0 0 0 0 0 0 0 0 0 0 0 0 0
 0 0 1.00437e-05 0.000401748 0.00122533 0.00171747 0.00176769 0.0269171 0.070346 0.194647 0.189555 0.159765 0.064822 0.0314167 0.0384472 0.0292271 0.0345202 0.0313363 0.0194345 0.0106764 0.0143323 0.0359363 0.0279516 0.0138201 0.00172751 0
 0 0.0021121 0.0136068 0.0755702 0.200478 0.177729 0.0527432 0.0373336 0.0318909 0.0142505 0.0149659 0.0166563 0.0217959 0.0798694 0.0677717 0.0528807 0.04013 0.0224614 0.0357745 0.0225083 0.00881397 0.00855152 0.00135912 0.000746735 0 0
 0 0 0 0 5.4009e-05 0.00500934 0.000945158 0.0243581 0.138947 0.33067 0.221406 0.137944 0.0707744 0.0437923 0.0131692 0.00525238 0.0047753 0.00276346 9.45158e-05 9.00151e-06 2.25038e-05 9.00151e-06 4.50075e-06 0 0 0
 0.000866109 0.00284123 0.00948549 0.0512746 0.133035 0.25785 0.225252 0.132002 0.0553304 0.0519788 0.0540692 0.017754 0.00435017 0.00159236 0.00146478 0.000404838 0.000125132 0.000115318 0.000107957 0.000100596 0 0 0 0 0 0
 0 0 0 0 0.00144013 0.00171154 0.00461396 0.0210425 0.0478622 0.0707936 0.0888783 0.103762 0.0637923 0.0337046 0.0602308 0.124433 0.169614 0.0934646 0.0462172 0.0250306 0.0313229 0.00938855 0.002487 0.000210481 0 0
 0 0.00764035 0.051015 0.0998891 0.058973 0.0496711 0.0374665 0.0718981 0.12319 0.153886 0.159021 0.0857701 0.0377988 0.023471 0.0147837 0.00900784 0.00315554 0.000888139 0.00291439 0.00214683 0.00393193 0.00274676 0.000635225 9.99891e-05 0 0
 0 0 0 0 0 0 0 0 0 0 0 0 0 0 0 0 0 0 0 0 0 0 0 0 0 0
 0 0 0 0 0 0 0 0 0 0 0 0 0 0 0 0 0 0 0 0 0 0 0 0 0 0
 0 0 0 0 0 0 0 0 0 0 0 0 0 0 0 0 0 0 0 0 0 0 0 0 0 0
 0 0 0 0 0 0 0 0 0 0 0 0 0 0 0 0 0 0 0 0 0 0 0 0 0 0
 0 0 0 0 0 0 0 0 0 0 0 0 0 0 0 0 0 0 0 0 0 0 0 0 0 0
ppred_pel_tallas
 1.13359e-16 3.55683e-05 0.000345736 0.00229754 0.0104443 0.0324962 0.0692372 0.101058 0.101077 0.0693298 0.0328086 0.011353 0.00460243 0.00545639 0.009973 0.0170337 0.0259356 0.0355296 0.0445616 0.0522917 0.0586293 0.0635993 0.0666918 0.0668275 0.0630494 0.0553365
 1.16368e-16 3.33855e-05 0.000324519 0.00215655 0.00980337 0.0305021 0.0649893 0.0948614 0.0948977 0.0651666 0.0310976 0.0115246 0.00648222 0.00978556 0.0180566 0.0299483 0.0435069 0.0555289 0.0628099 0.0639862 0.0603633 0.0549495 0.0504641 0.047882 0.0464027 0.0444766
 1.11488e-16 4.45362e-05 0.000432908 0.00287683 0.0130777 0.0406896 0.0866944 0.126539 0.126565 0.0868228 0.0411209 0.0143255 0.00601682 0.00731355 0.0131889 0.0219352 0.0320694 0.0413324 0.047437 0.0493261 0.0477347 0.0445222 0.0413498 0.0387857 0.0363874 0.0334124
 1.04881e-16 5.85965e-05 0.000569578 0.00378505 0.0172063 0.0535353 0.114063 0.166483 0.166503 0.114161 0.053862 0.0181506 0.00615774 0.0057569 0.00993313 0.0163892 0.0237471 0.0301683 0.0338182 0.0338564 0.0309165 0.026621 0.0225403 0.0194198 0.0171348 0.0151634
 1.03588e-16 4.70627e-05 0.000457466 0.00304003 0.0138195 0.0429979 0.0916129 0.133719 0.133753 0.0917814 0.0435636 0.0154537 0.00714223 0.00941375 0.01706 0.0281376 0.0405483 0.0510304 0.0562845 0.054781 0.0476569 0.0379186 0.0286231 0.0214588 0.0165464 0.0131526
 1.03735e-16 5.51391e-05 0.000535972 0.00356172 0.0161911 0.0503766 0.107334 0.156661 0.156684 0.107446 0.0507536 0.0172808 0.00630055 0.00652665 0.011467 0.0189596 0.0275144 0.0350305 0.0393849 0.0395678 0.0362295 0.0311378 0.02602 0.0217255 0.0182067 0.0150491
 1.06352e-16 2.68082e-05 0.000260585 0.00173168 0.00787201 0.024493 0.0521869 0.0761793 0.0762314 0.0524416 0.0253484 0.0103431 0.00793673 0.0138137 0.0257885 0.0426484 0.0615672 0.0777006 0.0861098 0.0844976 0.0745383 0.0606608 0.0473184 0.0368961 0.0294718 0.0239374
 1.15124e-16 2.40795e-05 0.000234061 0.00155542 0.00707073 0.0219998 0.0468743 0.0684214 0.0684553 0.0470399 0.0225574 0.00868626 0.0056304 0.00919531 0.0172352 0.0289565 0.0428796 0.0563621 0.0666452 0.0723464 0.0740447 0.0734013 0.0716324 0.0687004 0.0637705 0.0562813
 1.20779e-16 3.19019e-05 0.000310097 0.00206071 0.0093677 0.0291465 0.0621008 0.0906437 0.0906716 0.0622369 0.0296045 0.010694 0.00540357 0.00765312 0.0141131 0.0236413 0.0349108 0.0457398 0.053933 0.0585485 0.06038 0.0611482 0.0620679 0.0629915 0.0626996 0.0599012
 1.08956e-16 5.80981e-05 0.000564734 0.00375286 0.01706 0.05308 0.113093 0.165066 0.165083 0.113175 0.0533543 0.0178533 0.00574837 0.00493475 0.00839874 0.0139027 0.0202848 0.0260759 0.0298277 0.0309077 0.02986 0.0279634 0.0263481 0.0253764 0.0246665 0.0235649
 1.01266e-16 7.19256e-05 0.000699142 0.00464605 0.0211203 0.065713 0.140009 0.204349 0.20436 0.140059 0.0658819 0.021608 0.00587019 0.00337114 0.00514565 0.00839076 0.0120754 0.0151757 0.0167016 0.0162 0.0140223 0.0110847 0.00831933 0.00624157 0.00488266 0.0040018
 1.00682e-16 6.38652e-05 0.000620792 0.00412539 0.0187534 0.0583489 0.124319 0.181452 0.181472 0.124418 0.0586785 0.0197051 0.00651297 0.00582859 0.00994169 0.016301 0.0233966 0.0292536 0.0319037 0.0304367 0.0255455 0.0190727 0.0129366 0.00826447 0.00522734 0.0034217
 1.02138e-16 4.38255e-05 0.000426 0.00283092 0.012869 0.0400404 0.0853116 0.124523 0.124562 0.0855029 0.0406826 0.0147239 0.00748686 0.0105892 0.019343 0.0319009 0.0459295 0.057707 0.0634546 0.0614032 0.0528261 0.041149 0.029896 0.0210774 0.0149457 0.0107754
 1.04071e-16 5.31218e-05 0.000516363 0.00343141 0.0155987 0.0485336 0.103407 0.15093 0.150954 0.103522 0.0489223 0.0167229 0.00625804 0.00670281 0.0118488 0.019625 0.0285449 0.0364747 0.041249 0.0418268 0.0388382 0.034023 0.0290557 0.0247212 0.0209345 0.0173059
 1.0046e-16 7.84067e-05 0.000762141 0.00506469 0.0230234 0.0716343 0.152624 0.222761 0.222764 0.152643 0.0716955 0.0232004 0.00550919 0.00173293 0.00192344 0.00305918 0.0044073 0.00555904 0.0061556 0.00603253 0.00531106 0.00431063 0.00335259 0.00260918 0.00208567 0.00170052
 1.00105e-16 7.56118e-05 0.000734973 0.00488416 0.0222027 0.0690808 0.147184 0.214821 0.214829 0.147222 0.069207 0.022567 0.00579789 0.0027271 0.00385146 0.00622768 0.00891712 0.0111148 0.0120572 0.0113942 0.00939916 0.00679632 0.00434567 0.00250252 0.00134499 0.000715201
 1.00972e-16 3.24825e-05 0.000315741 0.00209822 0.00953822 0.0296772 0.0632325 0.0923014 0.092357 0.0635044 0.03059 0.0121734 0.00870833 0.0147305 0.0273637 0.045068 0.0646398 0.080695 0.0877632 0.0833122 0.0692816 0.0508342 0.0333723 0.0201116 0.0115911 0.00670784
 1.01515e-16 7.35232e-05 0.000714672 0.00474924 0.0215894 0.0671726 0.143119 0.208887 0.208893 0.143147 0.0672678 0.021865 0.00544389 0.00224027 0.00299768 0.00490888 0.00722506 0.00941794 0.0109883 0.0116824 0.0115991 0.0110496 0.0102966 0.00940686 0.00830942 0.00695695
 1.00861e-16 6.03691e-05 0.000586809 0.00389955 0.0177268 0.0551548 0.117514 0.17152 0.171545 0.117633 0.0555538 0.0188787 0.00678878 0.0068871 0.0120055 0.0196988 0.0282468 0.0352604 0.0383507 0.036421 0.0303341 0.0223611 0.0148691 0.00925235 0.00571588 0.0037353
 1.01618e-16 5.75766e-05 0.000559665 0.00371917 0.0169068 0.0526036 0.112078 0.163587 0.163611 0.112198 0.0530042 0.0180641 0.00662471 0.00690427 0.0121122 0.0199453 0.0287534 0.0362093 0.0399691 0.0389305 0.0338649 0.0268606 0.0200532 0.0146424 0.0107624 0.00797837
 1.0229e-16 5.54492e-05 0.000538986 0.00358175 0.0162821 0.0506599 0.107937 0.157543 0.157569 0.108064 0.051084 0.0175074 0.00665839 0.0072584 0.0128258 0.0211387 0.0304976 0.0384565 0.0425493 0.0416205 0.0364872 0.0293435 0.0224148 0.0169229 0.0129626 0.0100416
 1.02558e-16 5.63145e-05 0.000547397 0.00363765 0.0165362 0.0514505 0.109622 0.160001 0.160026 0.109741 0.0518518 0.0176957 0.00654941 0.00690814 0.0121492 0.0200286 0.0289216 0.0365236 0.0405135 0.0398028 0.0351555 0.0286211 0.0222661 0.0172061 0.0135031 0.0106862
 1.05656e-16 2.34709e-05 0.000228145 0.00151611 0.00689205 0.021444 0.0456908 0.0666988 0.0667548 0.0459645 0.0223631 0.00954733 0.00818352 0.0147907 0.0277021 0.0458163 0.066127 0.0834208 0.0923721 0.0904884 0.0795456 0.064292 0.0495291 0.0378706 0.0294809 0.0232576
 1.05628e-16 6.19252e-05 0.000601935 0.00400007 0.0181837 0.0565764 0.120542 0.175937 0.175948 0.120595 0.0567531 0.0186961 0.0052942 0.00345335 0.00555445 0.00928597 0.0138402 0.0183836 0.0220801 0.0245004 0.0257784 0.0263254 0.0263696 0.0257529 0.0241326 0.0213528
 1.02757e-16 5.69415e-05 0.000553491 0.00367815 0.0167203 0.0520233 0.110842 0.161783 0.161809 0.110968 0.0524476 0.0179457 0.00675297 0.00726233 0.0127881 0.0210252 0.0302232 0.0378875 0.0415221 0.0399916 0.0342096 0.0265365 0.0193827 0.014094 0.0107589 0.00873787
 1.04655e-16 3.06076e-05 0.000297517 0.00197711 0.00898767 0.0279642 0.0595826 0.0869729 0.0870222 0.0598235 0.0287731 0.0113246 0.00784535 0.0131154 0.0243956 0.0403374 0.0582296 0.073478 0.0813916 0.0797635 0.0701332 0.0566529 0.0435317 0.0330787 0.0254771 0.019814
 1.04469e-16 6.25723e-05 0.000608225 0.00404187 0.0183737 0.0571676 0.121802 0.177776 0.177789 0.121864 0.0573742 0.0189719 0.0055492 0.00391838 0.00640668 0.0106425 0.0156745 0.0204398 0.0238758 0.0254576 0.025434 0.0245092 0.0232597 0.0217957 0.0198846 0.0173214
 1.03356e-16 4.74929e-05 0.000461648 0.00306781 0.0139459 0.0433909 0.0924503 0.134941 0.134977 0.0926238 0.0439734 0.0156279 0.00728881 0.00967209 0.0175281 0.0288723 0.0415181 0.0520691 0.0570993 0.0550402 0.0471243 0.0365644 0.0266471 0.0192171 0.0144214 0.0114305
 1.06555e-16 3.17654e-05 0.000308771 0.0020519 0.00932765 0.029022 0.061836 0.0902605 0.0903035 0.0620461 0.0297279 0.0113682 0.00718059 0.0115266 0.0214 0.0354933 0.0515077 0.06556 0.0736693 0.0739334 0.0675599 0.0578574 0.0480725 0.0398251 0.033067 0.027063
pSPR Fmed_Fpbrs
0.550133   0.221112 0.221112
Fs Fmed_Fpbrs
0.34   1.005 1.005
SSBpbr Bo_Bmed_Bpbrs
474546  237336  81200.7 81200.7
Ro
95691.2
SPR SPRFo_SPRFmed_SPRFpbrs
680077 374132 150373
Fref
1.005
Nvult_r0
 40555.7 20832 4663.43 276.655 152.102
CTP_r0
 17495.9 10442 2337.53 138.673 76.2409
YTP_r0
362332
Np
 129309 22275.4 1298.96 521.012 132.339
Nvult_p0
 107033 19275.8 1124.04 450.853 114.518
CTP_p0
 46174.7 4184.03 1678.21 375.682 25.869
 46174.7 9661.95 563.423 225.989 57.4019
YTP_p0
 474242 539421
CBA_c0
395905
log_Ro
11.2889
likeval ReclasPelacesDesembMPH_pf_preclas_ppelaces_ptallas_desvR_qrecl_qpela
 17.5883 19.6701 0.0171696 35.1234 220.653 108.484 95.4872 0 21.4271 0.000119886 0.000402599 0.028868 0 0 0
q_reclas_q_pelaces
4.7042 17.0748
M
1
N
 145669 25529.1 29683.6 2617.01 0.153474
 94566 37609.9 5875.68 6831.87 602.355
 84214.6 18086 5816.9 908.756 1149.81
 127165 16180 2814.22 905.122 320.317
 93267.6 22369.3 2240.03 389.613 169.655
 195513 27275 6072.02 608.043 151.81
 69232.9 51834.7 6501.79 1447.44 181.133
 24724.6 11052.7 6310.9 791.597 198.28
 23777.4 7719.26 3271.77 1868.13 293.02
 31627.6 4175.18 1066.17 451.892 298.494
 54702.1 2585.4 209.457 53.4867 37.6447
 132297 15506.5 673.433 54.5582 23.7374
 71321.4 24096.9 2248.15 97.6354 11.3514
 44492.2 12212.2 3219.03 300.325 14.5593
 64345.1 1226.28 145.143 38.2585 3.74242
 223208 8913.68 123.722 14.6438 4.23756
 51171.7 33625.9 1004.99 13.9493 2.12882
 282245 8375.75 4231.58 126.471 2.02332
 288360 47035.1 1079.41 545.338 16.5595
 241204 38656 4543.51 104.269 54.2783
 245497 41338.8 5170.23 607.694 21.2057
 294231 49702.6 6894.43 862.284 104.887
 49723.1 45187.3 5748.59 797.407 111.863
 131491 8272.51 5810.72 739.222 116.925
 147186 24681.6 1248.12 876.697 129.172
 47673.8 27693 3735.52 188.901 152.237
 136674 9697.01 4647.21 626.866 57.2471
 109499 28970.6 1718.66 823.654 121.25
 48996 24073.8 5389.14 319.707 175.772
pred_Ctot
 28255.6 6274.62 7295.73 643.215 0.0377213
 30245 14759.5 2305.83 2681.08 236.387
 26791.4 7063.14 2271.68 354.898 449.036
 44491.9 6889.9 1198.38 385.427 136.4
 12318.3 3799.33 380.46 66.1743 28.8153
 35451.4 6285.96 1399.39 140.133 34.9871
 26471 23905.3 2998.52 667.536 83.5356
 2396.94 1389.18 793.197 99.4933 24.9212
 8333.84 3292.34 1395.44 796.777 124.976
 17444.6 2640.45 674.264 285.784 188.773
 8103.87 490.695 39.7536 10.1515 7.14474
 44663.7 6392.81 277.634 22.4925 9.78616
 25615 10506.3 980.204 42.5694 4.94926
 31218.6 9344.65 2463.17 229.805 11.1406
 27388.6 621.87 73.6046 19.4015 1.89785
 89422.6 4285.19 59.4787 7.03991 2.03718
 19149.7 15212.8 454.671 6.31086 0.963106
 103946 3735.28 1887.13 56.4014 0.902327
 125443 24311 557.914 281.868 8.55908
 86552.8 16840.9 1979.44 45.4262 23.647
 73210.6 15213.4 1902.73 223.642 7.80406
 116118 23577.6 3270.54 409.045 49.7557
 18339.4 20178.9 2567.1 356.091 49.9535
 42961.9 3310.33 2325.22 295.807 46.7887
 47962.6 9852.74 498.243 349.972 51.5646
 14130.5 10134.3 1367.03 69.1291 55.7116
 38276.1 3367.31 1613.76 217.681 19.8792
 29031.4 9560.69 567.182 271.817 40.014
 15137.2 9152.47 2048.86 121.547 66.8255
F
 0.354067 0.468997 0.468997 0.468997 0.468997
 0.65416 0.8665 0.8665 0.8665 0.8665
 0.649595 0.860453 0.860453 0.860453 0.860453
 0.737797 0.977285 0.977285 0.977285 0.977285
 0.229501 0.303997 0.303997 0.303997 0.303997
 0.327566 0.433894 0.433894 0.433894 0.433894
 0.834804 1.10578 1.10578 1.10578 1.10578
 0.16408 0.21734 0.21734 0.21734 0.21734
 0.739578 0.979645 0.979645 0.979645 0.979645
 1.50415 1.9924 1.9924 1.9924 1.9924
 0.260644 0.345249 0.345249 0.345249 0.345249
 0.702966 0.931149 0.931149 0.931149 0.931149
 0.764759 1.013 1.013 1.013 1.013
 2.59133 3.43247 3.43247 3.43247 3.43247
 0.976674 1.2937 1.2937 1.2937 1.2937
 0.892805 1.18261 1.18261 1.18261 1.18261
 0.809846 1.07272 1.07272 1.07272 1.07272
 0.791881 1.04892 1.04892 1.04892 1.04892
 1.00951 1.33719 1.33719 1.33719 1.33719
 0.763842 1.01178 1.01178 1.01178 1.01178
 0.597228 0.791088 0.791088 0.791088 0.791088
 0.87355 1.1571 1.1571 1.1571 1.1571
 0.793532 1.05111 1.05111 1.05111 1.05111
 0.672882 0.891299 0.891299 0.891299 0.891299
 0.670519 0.888169 0.888169 0.888169 0.888169
 0.592565 0.784911 0.784911 0.784911 0.784911
 0.551315 0.730272 0.730272 0.730272 0.730272
 0.514794 0.681896 0.681896 0.681896 0.681896
 0.625175 0.828107 0.828107 0.828107 0.828107
YTP_r0W_actual
 90978.8 214061 50724.4 4021.5 2546.45
YTP_p0W_proyectada
 348158 73011.3 40394.6 11766.4 911.884
 348158 168601 13561.6 7077.96 2023.42
CTP_r0_actual
 17495.9 10442 2337.53 138.673 76.2409
CTP_p0_proyectada
 46174.7 4184.03 1678.21 375.682 25.869
 46174.7 9661.95 563.423 225.989 57.4019
Wmedp
 7.54 17.45 24.07 31.32 35.25
Frms_r0
 0.75872 1.005 1.005 1.005 1.005
Zrms_r0
 1.75872 2.005 2.005 2.005 2.005
nmprior
 7.29 8.9 8.7 0
nm_flota  nm_reclas  nm_pelaces    nm_pelaL
inf 10.8743 7.47521 9.14083
cv_recla  cv_pelaces  cv_mph
0.397862 0.543186 0.51325
 ------------------------------------------------
Talla a la edad & desviaci?n 
 8 13.2811 15.8009 17.003 17.5766
 0.8 1.32811 1.58009 1.7003 1.75766
