years
 1991 1992 1993 1994 1995 1996 1997 1998 1999 2000 2001 2002 2003 2004 2005 2006 2007 2008 2009 2010 2011 2012 2013 2014 2015 2016 2017 2018 2019 2020 2021 2022 2023
reclasobs
 0 0 0 0 0 0 0 0 0 252601 567819 844713 477998 351125 339783 2.1784e+06 2.13404e+06 4.81314e+06 1.55562e+06 2.62356e+06 3.21686e+06 3.843e+06 1.13348e+06 3.07943e+06 1.97215e+06 2.03268e+06 2.025e+06 2.42433e+06 2.27542e+06 1.05018e+06 2.36338e+06 3.18982e+06 1.53035e+06
reclaspred
 5.60148e+06 2.93784e+06 1.39566e+06 1.50915e+06 1.88912e+06 3.75465e+06 2.37772e+06 1.77697e+06 996511 326942 547815 1.29245e+06 1.22202e+06 295555 690373 1.54543e+06 1.42194e+06 2.65545e+06 2.63609e+06 2.42418e+06 4.37759e+06 2.98825e+06 1.79458e+06 2.27924e+06 1.94281e+06 1.72706e+06 2.16188e+06 2.34281e+06 2.08647e+06 1.78207e+06 1.44089e+06 1.12355e+06 1.25385e+06
pelacesobs
 0 0 0 0 0 0 0 0 0 0 0 0 0 0 0 552880 188675 0 991730 2.46772e+06 1.41603e+06 1.21717e+06 2.29649e+06 1.80582e+06 0 1.4828e+06 1.56532e+06 1.57751e+06 1.42118e+06 867257 1.10002e+06 1.06204e+06 0
pelacespred
 4.382e+06 2.17746e+06 959430 774477 1.25522e+06 2.45285e+06 1.46917e+06 1.53263e+06 734195 142950 322404 645685 692785 94146.7 350443 686044 699779 1.38104e+06 1.36646e+06 1.227e+06 2.37742e+06 1.67966e+06 1.0465e+06 1.3894e+06 1.14241e+06 1.06033e+06 1.49386e+06 1.54096e+06 1.32405e+06 1.23129e+06 788663 655894 645781
mphobs
 0 0 0 0 0 0 0 0 0 0 0 0 498337 0 5186 125008 0 168611 109162 213762 579715 649985 157893 87575 83554 210694 70296 0 107559 103333 445601 22526 28222
mphpred
 694100 477051 206261 122937 185360 272177 450712 188714 158890 58831.3 17819.7 97255.5 162474 69182.7 9804.87 79417.8 196407 128051 261990 218528 316685 347869 216510 117719 227184 188340 138727 228329 298405 175805 146839 121597 58648.2
desembarqueobs
 494567 514787 250237 358949 120608 361735 552515 73892 212993 205616 52469 317467 293654 387597 252695 516296 358380 742168 942051 627588 828172 859565 418607 520667 417249 300574 415391 372974 316634 284311 391294 218835 356480
desembarquepred
 494551 514457 250370 358937 120608 361711 552465 73897.8 213076 205690 52470.7 317431 293709 387577 252573 516140 358406 741801 941181 627077 828324 859481 418530 520710 417092 300565 415332 372914 316494 284128 391238 218903 356533
Reclutas
 143661 93761.4 85461.2 124940 91312.4 193303 66250.9 23569.5 22895.5 31029.2 50932.9 129472 72334.2 45691.8 64853 215966 51484.8 277533 284852 236078 240074 288856 51446.4 127934 144209 46342.9 127628 116233 53926.3 84036.3 70100.2 26613.4 102787
log_desv_Rt
 0.466135 0.0394332 -0.053258 0.326516 0.0129663 0.762937 -0.307871 -1.34137 -1.37038 -1.06639 -0.570812 0.362145 -0.220024 -0.679401 -0.329197 0.8738 -0.560034 1.12462 1.15065 0.962843 0.979626 1.16461 -0.560779 0.350192 0.469941 -0.665253 0.347801 0.254276 -0.513701 -0.0700719 -0.251395 -1.2199 0.131343
SSB
 694100 477051 206261 122937 185360 272177 450712 188714 158890 58831.3 17819.7 97255.5 152544 66038 9353.94 75858.8 196407 128051 275117 227910 341184 407601 273742 137925 241021 218516 146592 228329 314893 169721 175175 150962 63928.8
BT
 1.22892e+06 923699 418290 558338 457465 1.19442e+06 810533 449218 386998 240541 200575 536153 495637 426870 448148 757369 488601 1.31821e+06 1.46076e+06 956436 1.63602e+06 1.30765e+06 647419 1.11046e+06 734151 572204 1.07735e+06 916268 581286 670348 585788 366463 609330
Ftot
 0.512476 0.950624 0.944832 1.06327 0.326413 0.461627 1.17468 0.237147 1.09463 2.37216 0.404586 1.03982 1.10212 3.65204 1.3541 1.29244 1.1605 1.13942 1.44455 1.10198 0.862855 1.26374 1.13228 0.980151 0.970748 0.857621 0.838245 0.711093 0.792786 0.760916 1.20562 0.966484 1.15533
BD_Bspro_t
 0.921275 0.550914 0.281504 0.205041 0.256629 0.384468 0.445569 0.231324 0.261674 0.140992 0.0646475 0.350544 0.310221 0.135918 0.0238938 0.161562 0.235517 0.159153 0.238608 0.184097 0.20891 0.23384 0.187517 0.122137 0.218999 0.237118 0.206716 0.315606 0.369852 0.252442 0.27425 0.220167 0.1631
BD_Bspro
 1.06888 0.734636 0.317632 0.189318 0.285445 0.41914 0.694075 0.29061 0.244684 0.0905974 0.0274415 0.149769 0.23491 0.101695 0.0144046 0.116819 0.302457 0.197192 0.423668 0.350971 0.525407 0.627686 0.42155 0.212398 0.37116 0.336505 0.225745 0.351616 0.484921 0.261363 0.269761 0.232474 0.0984473
BD_Bo
 1.6833 1.15693 0.500216 0.298143 0.449527 0.660074 1.09305 0.457661 0.385335 0.142675 0.0432156 0.23586 0.369944 0.160153 0.0226848 0.18397 0.476318 0.310543 0.667204 0.552719 0.827426 0.988497 0.663869 0.33449 0.584514 0.529937 0.355509 0.553734 0.763667 0.411601 0.424827 0.366107 0.155038
BD_Brms
 9.26572 6.36829 2.75343 1.64112 2.47441 3.63337 6.01667 2.51919 2.12107 0.785355 0.23788 1.29829 2.03635 0.881559 0.124868 1.01266 2.62189 1.70938 3.67262 3.04244 4.55456 5.44117 3.65426 1.8412 3.21745 2.91703 1.9569 3.04802 4.2036 2.26565 2.33846 2.01523 0.853402
Sel_flota
 0.713288 1 1 1 1
 0.713288 1 1 1 1
 0.713288 1 1 1 1
 0.713288 1 1 1 1
 0.713288 1 1 1 1
 0.713288 1 1 1 1
 0.713288 1 1 1 1
 0.713288 1 1 1 1
 0.713288 1 1 1 1
 0.713288 1 1 1 1
 0.713288 1 1 1 1
 0.713288 1 1 1 1
 0.713288 1 1 1 1
 0.713288 1 1 1 1
 0.713288 1 1 1 1
 0.713288 1 1 1 1
 0.713288 1 1 1 1
 0.713288 1 1 1 1
 0.713288 1 1 1 1
 0.713288 1 1 1 1
 0.713288 1 1 1 1
 0.713288 1 1 1 1
 0.713288 1 1 1 1
 0.713288 1 1 1 1
 0.713288 1 1 1 1
 0.713288 1 1 1 1
 0.713288 1 1 1 1
 0.713288 1 1 1 1
 0.713288 1 1 1 1
 0.713288 1 1 1 1
 0.713288 1 1 1 1
 0.713288 1 1 1 1
 0.713288 1 1 1 1
Sel_reclas
 0.365193 0.743273 0.935775 0.986546 0.997298
 0.365193 0.743273 0.935775 0.986546 0.997298
 0.365193 0.743273 0.935775 0.986546 0.997298
 0.365193 0.743273 0.935775 0.986546 0.997298
 0.365193 0.743273 0.935775 0.986546 0.997298
 0.365193 0.743273 0.935775 0.986546 0.997298
 0.365193 0.743273 0.935775 0.986546 0.997298
 0.365193 0.743273 0.935775 0.986546 0.997298
 0.365193 0.743273 0.935775 0.986546 0.997298
 0.365193 0.743273 0.935775 0.986546 0.997298
 0.365193 0.743273 0.935775 0.986546 0.997298
 0.365193 0.743273 0.935775 0.986546 0.997298
 0.365193 0.743273 0.935775 0.986546 0.997298
 0.365193 0.743273 0.935775 0.986546 0.997298
 0.365193 0.743273 0.935775 0.986546 0.997298
 0.365193 0.743273 0.935775 0.986546 0.997298
 0.365193 0.743273 0.935775 0.986546 0.997298
 0.365193 0.743273 0.935775 0.986546 0.997298
 0.365193 0.743273 0.935775 0.986546 0.997298
 0.365193 0.743273 0.935775 0.986546 0.997298
 0.365193 0.743273 0.935775 0.986546 0.997298
 0.365193 0.743273 0.935775 0.986546 0.997298
 0.365193 0.743273 0.935775 0.986546 0.997298
 0.365193 0.743273 0.935775 0.986546 0.997298
 0.365193 0.743273 0.935775 0.986546 0.997298
 0.365193 0.743273 0.935775 0.986546 0.997298
 0.365193 0.743273 0.935775 0.986546 0.997298
 0.365193 0.743273 0.935775 0.986546 0.997298
 0.365193 0.743273 0.935775 0.986546 0.997298
 0.365193 0.743273 0.935775 0.986546 0.997298
 0.365193 0.743273 0.935775 0.986546 0.997298
 0.365193 0.743273 0.935775 0.986546 0.997298
 0.365193 0.743273 0.935775 0.986546 0.997298
Sel_pelaces
 0.19382 0.547497 0.858939 0.968399 0.993558
 0.19382 0.547497 0.858939 0.968399 0.993558
 0.19382 0.547497 0.858939 0.968399 0.993558
 0.19382 0.547497 0.858939 0.968399 0.993558
 0.19382 0.547497 0.858939 0.968399 0.993558
 0.19382 0.547497 0.858939 0.968399 0.993558
 0.19382 0.547497 0.858939 0.968399 0.993558
 0.19382 0.547497 0.858939 0.968399 0.993558
 0.19382 0.547497 0.858939 0.968399 0.993558
 0.19382 0.547497 0.858939 0.968399 0.993558
 0.19382 0.547497 0.858939 0.968399 0.993558
 0.19382 0.547497 0.858939 0.968399 0.993558
 0.19382 0.547497 0.858939 0.968399 0.993558
 0.19382 0.547497 0.858939 0.968399 0.993558
 0.19382 0.547497 0.858939 0.968399 0.993558
 0.19382 0.547497 0.858939 0.968399 0.993558
 0.19382 0.547497 0.858939 0.968399 0.993558
 0.19382 0.547497 0.858939 0.968399 0.993558
 0.19382 0.547497 0.858939 0.968399 0.993558
 0.19382 0.547497 0.858939 0.968399 0.993558
 0.19382 0.547497 0.858939 0.968399 0.993558
 0.19382 0.547497 0.858939 0.968399 0.993558
 0.19382 0.547497 0.858939 0.968399 0.993558
 0.19382 0.547497 0.858939 0.968399 0.993558
 0.19382 0.547497 0.858939 0.968399 0.993558
 0.19382 0.547497 0.858939 0.968399 0.993558
 0.19382 0.547497 0.858939 0.968399 0.993558
 0.19382 0.547497 0.858939 0.968399 0.993558
 0.19382 0.547497 0.858939 0.968399 0.993558
 0.19382 0.547497 0.858939 0.968399 0.993558
 0.19382 0.547497 0.858939 0.968399 0.993558
 0.19382 0.547497 0.858939 0.968399 0.993558
 0.19382 0.547497 0.858939 0.968399 0.993558
pf_obs 
 0.8446 0.082 0.0669 0.0065 0
 0.8095 0.147 0.0364 0.0071 0
 0.9664 0.0169 0.016 0.0007 0
 0.9276 0.0648 0.0075 0.0001 0
 0.7033 0.2144 0.0806 0.0017 0
 0.9318 0.0425 0.0243 0.0014 0
 0.5671 0.3108 0.0964 0.0239 0.0018
 0.0768 0.2599 0.5324 0.112 0.0189
 0.490249 0.384438 0.106611 0.0170017 0.00170017
 0.7925 0.1577 0.0466 0.003 0.0002
 0.840416 0.127587 0.0312969 0.00059994 9.999e-05
 0.8084 0.0986 0.0794 0.0134 0.0002
 0.7335 0.1905 0.0724 0.0035 0.0001
 0.4001 0.4547 0.1325 0.0127 0
 0.49795 0.308269 0.164784 0.0264974 0.00249975
 0.9179 0.0499 0.0305 0.0017 0
 0.2467 0.6533 0.0926 0.0074 0
 0.9418 0.0223 0.034 0.0019 0
 0.707729 0.231977 0.0356964 0.0245975 0
 0.517169 0.277429 0.184464 0.0207286 0.00020938
 0.811772 0.124168 0.05621 0.00726502 0.000585176
 0.764997 0.148141 0.077277 0.00933861 0.000247198
 0.163321 0.427699 0.378323 0.0303852 0.000271297
 0.753843 0.0900009 0.118128 0.0371064 0.000921714
 0.721811 0.176058 0.0630433 0.0369309 0.00215725
 0.143369 0.312575 0.442814 0.0836902 0.0175525
 0.692698 0.0596174 0.167031 0.0765114 0.00414204
 0.394062 0.376323 0.152708 0.0712218 0.00568511
 0.125707 0.32114 0.495352 0.0537591 0.00404204
 0.23352 0.215282 0.420074 0.123614 0.00750983
 0.796117 0.104755 0.0508955 0.0450114 0.00322123
 0.162477 0.292055 0.404252 0.121198 0.0200186
 0 0 0 0 0
pf_pred 
 0.668695 0.149059 0.167087 0.0151578 8.91637e-07
 0.603096 0.300044 0.0435788 0.0488494 0.00443179
 0.733426 0.191242 0.0569483 0.00827124 0.0101127
 0.83554 0.135047 0.0211016 0.00628365 0.00202848
 0.737901 0.235035 0.0222239 0.00347258 0.00136789
 0.814804 0.149419 0.0320822 0.00303356 0.000660722
 0.47423 0.457392 0.0551684 0.0118453 0.001364
 0.500729 0.305579 0.168502 0.0203239 0.00486628
 0.596509 0.239763 0.10021 0.0552577 0.00826073
 0.832764 0.120039 0.0280455 0.0117217 0.00742986
 0.943267 0.0521565 0.00328492 0.00076748 0.000524094
 0.875355 0.119854 0.00440466 0.000277415 0.000109075
 0.700786 0.276103 0.0222224 0.00081668 7.16601e-05
 0.731947 0.214821 0.0491211 0.00395357 0.000158044
 0.974332 0.0229956 0.00214141 0.000489658 4.09861e-05
 0.949845 0.0494377 0.000642312 5.98139e-05 1.48219e-05
 0.558628 0.428745 0.0124465 0.00016171 1.87905e-05
 0.948518 0.0354306 0.0155926 0.000452656 6.56443e-06
 0.832823 0.162109 0.00348741 0.00153477 4.52007e-05
 0.819295 0.163036 0.0171336 0.00036859 0.000166989
 0.807527 0.170631 0.019707 0.00207102 6.47383e-05
 0.809913 0.165988 0.0213642 0.00246746 0.000267413
 0.456765 0.480016 0.0552043 0.0071053 0.000909564
 0.876327 0.0733548 0.0444626 0.00511344 0.000742397
 0.817466 0.168394 0.00838694 0.00508358 0.00066952
 0.545738 0.400898 0.04923 0.00245192 0.00168192
 0.876941 0.0816284 0.0365638 0.00449001 0.000377025
 0.761301 0.219818 0.0125244 0.00561005 0.000746758
 0.575668 0.354572 0.0642415 0.00366024 0.00185777
 0.798414 0.138524 0.0526942 0.00954715 0.000820051
 0.730229 0.233183 0.0251422 0.00956403 0.00188165
 0.613395 0.319547 0.0579632 0.00624969 0.00284509
 0.923972 0.0552513 0.0171731 0.00311506 0.000488772
pobs_RECLAS
 0 0 0 0 0
 0 0 0 0 0
 0 0 0 0 0
 0 0 0 0 0
 0 0 0 0 0
 0 0 0 0 0
 0 0 0 0 0
 0 0 0 0 0
 0 0 0 0 0
 0 0 0 0 0
 0.991045 0.00858322 0.000360255 1.14367e-05 0
 0.934742 0.0480273 0.0164251 0.00080598 0
 0.827803 0.169806 0.00239088 0 0
 0.941827 0.0461693 0.0120037 0 0
 0.791401 0.0380133 0.147996 0.0225897 0
 0.846168 0.0940531 0.0597789 0 0
 0.134021 0.677848 0.182769 0.00536245 0
 0.80878 0.0450904 0.141981 0.00414843 0
 0.846168 0.0940531 0.0597789 0 0
 0.905697 0.0802665 0.012482 0.00150086 5.37128e-05
 0.989698 0.0102097 9.19794e-05 0 0
 0.975433 0.0193895 0.00387452 0.00125025 5.28907e-05
 0.303575 0.632131 0.0575291 0.00676475 0
 0.966965 0.00978017 0.0227588 0.000495775 0
 0.843318 0.132988 0.00938335 0.0141283 0.000182051
 0.564624 0.303363 0.111486 0.0197234 0.00080311
 0.826376 0.0876187 0.0782897 0.00655872 0.00115652
 0.89761 0.0855135 0.0140674 0.00269457 0.000114338
 0.34875 0.467042 0.161289 0.0227151 0.000203297
 0.318654 0.224769 0.449479 0.00709798 0
 0.937255 0.0296025 0.0250945 0.00804832 0
 0.456809 0.399803 0.12412 0.0192676 0
 0.883104 0.0372192 0.0704036 0.00927362 0
ppred_RECLAS
 0.552465 0.175763 0.248047 0.0237233 1.41069e-06
 0.503673 0.349829 0.063969 0.075596 0.00693309
 0.64624 0.235328 0.0882257 0.0135092 0.0166969
 0.777249 0.17421 0.034271 0.010759 0.00351105
 0.655734 0.300285 0.0357474 0.00588873 0.00234492
 0.745264 0.195469 0.0528395 0.00526736 0.00115976
 0.38748 0.514624 0.0781475 0.0176896 0.00205917
 0.386467 0.340119 0.236122 0.030025 0.00726745
 0.489013 0.272043 0.14315 0.0832181 0.0125763
 0.786543 0.141662 0.0416695 0.0183608 0.0117649
 0.918978 0.0728417 0.00577591 0.00142268 0.000982104
 0.833501 0.158486 0.00733287 0.000486897 0.000193526
 0.623983 0.340101 0.0344629 0.00133524 0.000118438
 0.704146 0.225276 0.0648531 0.00550297 0.000222378
 0.964453 0.030967 0.0036306 0.000875218 7.40572e-05
 0.932473 0.0663097 0.00108465 0.000106485 2.66747e-05
 0.476852 0.504429 0.0184363 0.000252526 2.9663e-05
 0.925065 0.0476905 0.0264238 0.000808706 1.18557e-05
 0.785155 0.206577 0.005595 0.00259589 7.72851e-05
 0.76166 0.20968 0.0277425 0.000629197 0.000288164
 0.743779 0.220495 0.0320617 0.00355219 0.000112248
 0.750659 0.210603 0.034127 0.00415535 0.000455246
 0.371283 0.538755 0.0780069 0.0105849 0.00136977
 0.820975 0.0957755 0.0730878 0.00886152 0.00130058
 0.758551 0.217893 0.0136629 0.00873083 0.0011624
 0.45362 0.467651 0.0723005 0.00379632 0.00263251
 0.823131 0.107641 0.060703 0.00785871 0.000667087
 0.688084 0.280963 0.0201543 0.0095175 0.00128069
 0.48002 0.416371 0.0949762 0.00570499 0.00292715
 0.721354 0.176544 0.0845501 0.0161499 0.00140231
 0.654858 0.287376 0.0390103 0.0156445 0.00311149
 0.520808 0.378426 0.0864217 0.00982367 0.00452085
 0.89138 0.0734904 0.0287581 0.00549951 0.000872311
pobs_PELACES
 0 0 0 0 0
 0 0 0 0 0
 0 0 0 0 0
 0 0 0 0 0
 0 0 0 0 0
 0 0 0 0 0
 0 0 0 0 0
 0 0 0 0 0
 0 0 0 0 0
 0 0 0 0 0
 0 0 0 0 0
 0 0 0 0 0
 0 0 0 0 0
 0 0 0 0 0
 0 0 0 0 0
 0 0 0 0 0
 0.505614 0.472636 0.0217494 0 0
 0 0 0 0 0
 0.443492 0.261883 0.143347 0.151278 0
 0.227955 0.32914 0.350689 0.0885471 0.00366901
 0.970185 0.0296113 0.000203453 0 0
 0.997202 0.00247181 0.000326279 0 0
 0.445219 0.490057 0.0546422 0.010081 0
 0.90214 0.0892962 0.00764917 0.000914606 0
 0 0 0 0 0
 0.581667 0.319106 0.0959925 0.00289975 0.000334073
 0.762889 0.0836404 0.116647 0.0363945 0.000428098
 0.88444 0.0763242 0.0277011 0.0115352 0
 0.521256 0.241999 0.230069 0.00667565 0
 0.616807 0.101726 0.260614 0.0208532 0
 0.833518 0.0704572 0.0857862 0.0102388 0
 0.697417 0.212968 0.0787535 0.0105354 0.000325836
 0 0 0 0 0
ppred_PELACES
 0.447213 0.188121 0.330827 0.0338367 2.0421e-06
 0.423882 0.373464 0.0850979 0.107546 0.0100105
 0.568889 0.262931 0.122834 0.0201142 0.0252313
 0.724068 0.203685 0.0499311 0.0167633 0.00555211
 0.577945 0.356153 0.0528331 0.00930741 0.00376154
 0.67515 0.235265 0.0792492 0.00844842 0.00188791
 0.328298 0.541501 0.102466 0.0248045 0.00293046
 0.293893 0.351012 0.303658 0.0412931 0.010144
 0.403241 0.280712 0.184065 0.114431 0.0175513
 0.751965 0.15018 0.0550471 0.0259391 0.0168687
 0.892039 0.0944479 0.00933233 0.00245824 0.00172228
 0.797233 0.190678 0.0109936 0.000780639 0.000314908
 0.56449 0.384736 0.0485806 0.00201287 0.000181209
 0.695554 0.218613 0.0784241 0.00711643 0.000291869
 0.955534 0.0374611 0.00547289 0.00141092 0.000121167
 0.917978 0.0801723 0.00163415 0.000171569 4.36196e-05
 0.420806 0.553569 0.0252117 0.000369301 4.40272e-05
 0.900848 0.0578696 0.0399549 0.00130771 1.94572e-05
 0.7492 0.238629 0.00805378 0.00399606 0.000120746
 0.712746 0.245363 0.0404533 0.000981163 0.000456064
 0.686672 0.26038 0.0471793 0.00558994 0.000179276
 0.701575 0.242397 0.0489459 0.00637342 0.000708668
 0.313541 0.5673 0.102355 0.0148529 0.00195075
 0.764052 0.112754 0.107221 0.0139023 0.00207086
 0.707139 0.257178 0.0200951 0.0137325 0.00185558
 0.384941 0.507858 0.0978404 0.00549397 0.00386656
 0.767346 0.128651 0.0904074 0.0125167 0.00107834
 0.623291 0.330246 0.0295197 0.0149078 0.00203594
 0.405622 0.453028 0.12877 0.00827184 0.00430748
 0.646564 0.204365 0.121962 0.0249131 0.0021955
 0.594282 0.322935 0.0546262 0.0234277 0.00472898
 0.448641 0.412902 0.117502 0.0142838 0.00667145
 0.858757 0.0880894 0.0429547 0.00878456 0.00141416
pobs_pel_tallas
 0 0 0 0 0 0 0 0 0 0 0 0 0 0 0 0 0 0 0 0 0 0 0 0 0 0
 0 0 0 0 0 0 0 0 0 0 0 0 0 0 0 0 0 0 0 0 0 0 0 0 0 0
 0 0 0 0 0 0 0 0 0 0 0 0 0 0 0 0 0 0 0 0 0 0 0 0 0 0
 0 0 0 0 0 0 0 0 0 0 0 0 0 0 0 0 0 0 0 0 0 0 0 0 0 0
 0 0 0 0 0 0 0 0 0 0 0 0 0 0 0 0 0 0 0 0 0 0 0 0 0 0
 0 0 0 0 0 0 0 0 0 0 0 0 0 0 0 0 0 0 0 0 0 0 0 0 0 0
 0 0 0 0 0 0 0 0 0 0 0 0 0 0 0 0 0 0 0 0 0 0 0 0 0 0
 0 0 0 0 0 0 0 0 0 0 0 0 0 0 0 0 0 0 0 0 0 0 0 0 0 0
 0 0 0 0 0 0 0 0 0 0 0 0 0 0 0 0 0 0 0 0 0 0 0 0 0 0
 0 0 0 0 0 0 0 0 0 0 0 0 0 0 0 0 0 0 0 0 0 0 0 0 0 0
 0 0 0 0 0 0 0 0 0 0 0 0 0 0 0 0 0 0 0 0 0 0 0 0 0 0
 0 0 0 0 0 0 0 0 0 0 0 0 0 0 0 0 0 0 0 0 0 0 0 0 0 0
 0.00862536 0 0 0.000197151 0.00414017 0.0128641 0.00837892 0.0270097 0.101434 0.158115 0.152841 0.127902 0.109271 0.109419 0.0830992 0.0579132 0.0238553 0.00714673 0.00463305 0.00128148 0.00103504 0.000492878 0.000147863 0.000147863 4.92878e-05 0
 0 0 0 0 0 0 0 0 0 0 0 0 0 0 0 0 0 0 0 0 0 0 0 0 0 0
 0 0 0 0 0 0 0 0.0054083 0.00873648 0.0413646 0.0450493 0.0745869 0.0622846 0.0627006 0.0613931 0.0827291 0.12552 0.122667 0.0946155 0.0697135 0.0546179 0.0294188 0.0215738 0.0213955 0.0102223 0.00600262
 0 0 0 0 0.00359764 0.0251062 0.0480494 0.140153 0.205849 0.193036 0.1447 0.116669 0.0760912 0.0342217 0.00950174 0.001854 0.000860785 0 0 0 0.000165536 0 0.000143464 0 0 0
 0 0 0 0 0 0 0 0.000145254 0.000435761 0.0275982 0.070085 0.0708112 0.156366 0.174668 0.174014 0.160142 0.0824315 0.0480064 0.0283245 0.00493863 0.00203355 0 0 0 0 0
 0 0 0 0 0 0 0 0 0 0 0 0 0 0 0 0 0 0 0 0 0 0 0 0 0 0
 0 0 1.00437e-05 0.000401748 0.00122533 0.00171747 0.00176769 0.0269171 0.070346 0.194647 0.189555 0.159765 0.064822 0.0314167 0.0384472 0.0292271 0.0345202 0.0313363 0.0194345 0.0106764 0.0143323 0.0359363 0.0279516 0.0138201 0.00172751 0
 0 0.0021121 0.0136068 0.0755702 0.200478 0.177729 0.0527432 0.0373336 0.0318909 0.0142505 0.0149659 0.0166563 0.0217959 0.0798694 0.0677717 0.0528807 0.04013 0.0224614 0.0357745 0.0225083 0.00881397 0.00855152 0.00135912 0.000746735 0 0
 0 0 0 0 5.4009e-05 0.00500934 0.000945158 0.0243581 0.138947 0.33067 0.221406 0.137944 0.0707744 0.0437923 0.0131692 0.00525238 0.0047753 0.00276346 9.45158e-05 9.00151e-06 2.25038e-05 9.00151e-06 4.50075e-06 0 0 0
 0.000866109 0.00284123 0.00948549 0.0512746 0.133035 0.25785 0.225252 0.132002 0.0553304 0.0519788 0.0540692 0.017754 0.00435017 0.00159236 0.00146478 0.000404838 0.000125132 0.000115318 0.000107957 0.000100596 0 0 0 0 0 0
 0 0 0 0 0.00144013 0.00171154 0.00461396 0.0210425 0.0478622 0.0707936 0.0888783 0.103762 0.0637923 0.0337046 0.0602308 0.124433 0.169614 0.0934646 0.0462172 0.0250306 0.0313229 0.00938855 0.002487 0.000210481 0 0
 0 0.00764035 0.051015 0.0998891 0.058973 0.0496711 0.0374665 0.0718981 0.12319 0.153886 0.159021 0.0857701 0.0377988 0.023471 0.0147837 0.00900784 0.00315554 0.000888139 0.00291439 0.00214683 0.00393193 0.00274676 0.000635225 9.99891e-05 0 0
 0 0 0 0 0 0 0 0 0 0 0 0 0 0 0 0 0 0 0 0 0 0 0 0 0 0
 0 0 0 0 0 0 0 0 0 0 0 0 0 0 0 0 0 0 0 0 0 0 0 0 0 0
 0 0 0 0 0 0 0 0 0 0 0 0 0 0 0 0 0 0 0 0 0 0 0 0 0 0
 0 0 0 0 0 0 0 0 0 0 0 0 0 0 0 0 0 0 0 0 0 0 0 0 0 0
 0 0 0 0 0 0 0 0 0 0 0 0 0 0 0 0 0 0 0 0 0 0 0 0 0 0
 0 0 0 0 0 0 0 0 0 0 0 0 0 0 0 0 0 0 0 0 0 0 0 0 0 0
 0 0 0 0 0 0 0 0 0 0 0 0 0 0 0 0 0 0 0 0 0 0 0 0 0 0
 0 0 0 0 0 0 0 0 0 0 0 0 0 0 0 0 0 0 0 0 0 0 0 0 0 0
 0 0 0 0 0 0 0 0 0 0 0 0 0 0 0 0 0 0 0 0 0 0 0 0 0 0
ppred_pel_tallas
 1.12989e-16 3.68364e-05 0.000358063 0.00237946 0.0108167 0.0336548 0.0717058 0.104661 0.104679 0.0717969 0.0339623 0.0117109 0.00464707 0.00538443 0.00980566 0.0167329 0.0254508 0.0348137 0.0435764 0.0510104 0.0570442 0.0617387 0.0646386 0.0647208 0.0610588 0.053616
 1.15031e-16 3.49147e-05 0.000339383 0.00225532 0.0102524 0.0318992 0.0679659 0.0992057 0.0992418 0.0681422 0.0324915 0.0119645 0.00655772 0.00974745 0.0179509 0.0297535 0.0431829 0.0550264 0.0620675 0.0629259 0.0588949 0.0529922 0.0479834 0.044926 0.0431161 0.0410822
 1.099e-16 4.68587e-05 0.000455483 0.00302684 0.0137596 0.0428114 0.0912152 0.133137 0.133162 0.0913397 0.0432301 0.0149709 0.00607412 0.00713061 0.0127916 0.0212504 0.0310244 0.0398935 0.0456111 0.0471337 0.0451781 0.041582 0.0380183 0.0351144 0.0325108 0.0295324
 1.04114e-16 5.96406e-05 0.000579728 0.0038525 0.0175129 0.0544892 0.116096 0.169449 0.169469 0.116192 0.0548121 0.0184459 0.00619636 0.00570254 0.00980694 0.0161664 0.023396 0.0296624 0.0331359 0.0329756 0.0298101 0.025265 0.0209322 0.0175986 0.0151864 0.0132074
 1.03186e-16 4.76046e-05 0.000462734 0.00307503 0.0139787 0.043493 0.0926677 0.135258 0.135293 0.0928354 0.0440562 0.0156056 0.00715893 0.00937833 0.0169811 0.0280005 0.0403367 0.0507342 0.0558996 0.0543042 0.0470806 0.037232 0.0278214 0.0205545 0.0155754 0.0121695
 1.03514e-16 5.56112e-05 0.000540561 0.00359222 0.0163297 0.0508079 0.108253 0.158002 0.158025 0.108364 0.0511814 0.0174095 0.00630591 0.00647578 0.0113604 0.018778 0.0272419 0.0346647 0.0389378 0.0390582 0.0356719 0.0305389 0.0253838 0.0210634 0.0175425 0.014416
 1.06079e-16 2.70416e-05 0.000262854 0.00174676 0.00794054 0.0247062 0.0526412 0.0768423 0.0768946 0.0528965 0.0255634 0.0104169 0.00796471 0.0138434 0.0258387 0.0427252 0.0616642 0.0777934 0.0861558 0.0844451 0.0743417 0.0602963 0.0467924 0.036244 0.0287493 0.0232075
 1.14711e-16 2.42077e-05 0.000235307 0.0015637 0.00710838 0.022117 0.0471238 0.0687858 0.06882 0.0472913 0.0226805 0.00874112 0.00568161 0.00928927 0.0174085 0.0292348 0.0432618 0.0568024 0.0670522 0.0726056 0.0740562 0.0731123 0.0710497 0.0678822 0.0628053 0.055267
 1.1983e-16 3.32145e-05 0.000322856 0.0021455 0.00975313 0.0303458 0.0646559 0.0943728 0.0944001 0.0647895 0.0307952 0.0110547 0.00542583 0.00752824 0.0138495 0.023194 0.034243 0.0448482 0.0528471 0.0573047 0.058991 0.0595907 0.0603037 0.0610066 0.0605362 0.0576628
 1.07084e-16 6.19384e-05 0.000602063 0.00400092 0.0181876 0.0565885 0.120568 0.175976 0.175991 0.120639 0.0568273 0.0188782 0.00573754 0.00440383 0.00731413 0.0120789 0.0175981 0.0225699 0.0257177 0.0264806 0.0253332 0.0234067 0.0217195 0.0206308 0.0198505 0.0188376
 1.00832e-16 7.34761e-05 0.000714214 0.0047462 0.0215756 0.0671296 0.143027 0.208754 0.208763 0.143072 0.0672788 0.0220065 0.00582758 0.00307388 0.004552 0.0074015 0.0106374 0.0133399 0.0146265 0.0140927 0.0120518 0.009325 0.00675543 0.00482064 0.00356649 0.00278891
 1.00498e-16 6.56671e-05 0.000638307 0.00424178 0.0192825 0.0599951 0.127827 0.186571 0.186589 0.127916 0.0602961 0.0201514 0.00642158 0.00539242 0.00908155 0.0148753 0.0213409 0.0266648 0.0290452 0.0276495 0.0231136 0.017129 0.0114605 0.00715075 0.00436508 0.00273631
 1.01733e-16 4.64964e-05 0.000451961 0.00300344 0.0136532 0.0424805 0.0905105 0.132111 0.132148 0.0906917 0.0430886 0.0154095 0.0074111 0.0100714 0.0183081 0.0301729 0.0434101 0.0544769 0.059782 0.0576473 0.0492937 0.0380005 0.0271529 0.0186999 0.0129048 0.00907444
 1.03083e-16 5.72919e-05 0.000556898 0.00370078 0.0168232 0.0523435 0.111524 0.162777 0.162798 0.111627 0.0526907 0.0178271 0.00622396 0.00607646 0.0105733 0.0174757 0.0253689 0.032315 0.0363575 0.0365596 0.0335058 0.0288046 0.0240289 0.0199555 0.0165539 0.0134747
 1.0033e-16 7.87061e-05 0.000765051 0.00508403 0.0231113 0.0719078 0.153207 0.223611 0.223615 0.153225 0.071967 0.0232824 0.00551358 0.00170281 0.0018598 0.00295035 0.00424307 0.00533677 0.00588081 0.00571444 0.00495701 0.00392437 0.00293813 0.00217669 0.00165391 0.00129374
 1.00093e-16 7.56127e-05 0.000734982 0.00488422 0.0222029 0.0690816 0.147186 0.214824 0.214832 0.147224 0.0692081 0.0225679 0.00579965 0.00273078 0.00385834 0.0062388 0.00893255 0.011133 0.0120748 0.011407 0.00940353 0.00679047 0.00432993 0.00247895 0.00131662 0.000685231
 1.00914e-16 3.46614e-05 0.000336921 0.00223896 0.010178 0.0316679 0.0674738 0.0984911 0.0985444 0.067734 0.0325414 0.0126998 0.00856467 0.0141313 0.0261895 0.0431277 0.0618549 0.077215 0.0839719 0.0797024 0.0662632 0.0485969 0.031876 0.0191801 0.0110264 0.00635906
 1.01303e-16 7.42017e-05 0.000721267 0.00479307 0.0217886 0.0677925 0.144439 0.210815 0.21082 0.144467 0.067885 0.0220565 0.00546777 0.00220179 0.00290829 0.0047484 0.00696687 0.00903735 0.0104654 0.0110029 0.0107583 0.0100608 0.00920147 0.00827708 0.0072338 0.00601787
 1.00715e-16 6.17107e-05 0.00059985 0.00398621 0.0181208 0.0563805 0.120126 0.175332 0.175355 0.120238 0.056757 0.0192076 0.00671242 0.0065445 0.011332 0.018585 0.0266459 0.0332546 0.0361545 0.0343088 0.0285313 0.0209671 0.0138546 0.0085165 0.00515351 0.00327624
 1.01406e-16 5.8708e-05 0.000570663 0.00379226 0.0172391 0.0536372 0.114281 0.166801 0.166825 0.114396 0.0540254 0.0183602 0.00660659 0.00671508 0.01173 0.0193034 0.0278097 0.0349832 0.0385458 0.0374281 0.0323867 0.0254658 0.0187629 0.0134658 0.00971786 0.00709296
 1.0202e-16 5.65603e-05 0.000549786 0.00365352 0.0166084 0.051675 0.1101 0.1607 0.160725 0.110223 0.0520871 0.0177987 0.00664201 0.00707583 0.0124569 0.0205198 0.029589 0.0372782 0.0411842 0.0401816 0.03507 0.0279971 0.0211489 0.0157371 0.0118703 0.00907297
 1.02234e-16 5.77879e-05 0.000561719 0.00373282 0.0169689 0.0527966 0.11249 0.164187 0.16421 0.112604 0.0531803 0.0180776 0.00651684 0.0066426 0.0116162 0.0191373 0.0276194 0.0348479 0.0385959 0.0378197 0.0332551 0.0268774 0.0206853 0.0157695 0.0122053 0.00954566
 1.04919e-16 2.58261e-05 0.000251039 0.00166824 0.00758362 0.0235958 0.0502753 0.0733897 0.0734444 0.0505426 0.0244935 0.010177 0.00817957 0.0144702 0.0270446 0.0447052 0.0644786 0.0812476 0.0897896 0.0876616 0.0766151 0.0613349 0.0465797 0.0349724 0.0267204 0.0207534
 1.04868e-16 6.2934e-05 0.000611741 0.00406523 0.01848 0.0574981 0.122506 0.178804 0.178815 0.12256 0.0576794 0.0190055 0.00539145 0.00352996 0.00567275 0.00945484 0.0140244 0.0184914 0.0219649 0.0239927 0.0247407 0.0247069 0.0242357 0.023275 0.0215439 0.0188878
 1.02337e-16 5.82462e-05 0.000566174 0.00376242 0.0171034 0.0532153 0.113382 0.165489 0.165514 0.113503 0.0536215 0.0182764 0.00670558 0.00698752 0.0122432 0.0201216 0.0289192 0.0362418 0.039695 0.0381862 0.0325852 0.0251503 0.0181946 0.0130193 0.00972868 0.00773061
 1.04159e-16 3.17072e-05 0.000308205 0.00204814 0.00931056 0.0289689 0.061723 0.0900968 0.0901458 0.0619624 0.0297727 0.0116327 0.0078788 0.0130419 0.0242307 0.040047 0.0577737 0.0728263 0.0805268 0.0786771 0.0688231 0.0551307 0.0418389 0.031296 0.0237164 0.0181917
 1.0408e-16 6.32053e-05 0.000614378 0.00408276 0.0185596 0.057746 0.123034 0.179575 0.179588 0.123096 0.0579518 0.0191556 0.00558421 0.00391027 0.00637608 0.01058 0.0155586 0.0202397 0.0235521 0.0249675 0.0247416 0.0236006 0.0221567 0.0205597 0.0186065 0.0161004
 1.02776e-16 5.13397e-05 0.00049904 0.0033163 0.0150754 0.0469054 0.0999381 0.145869 0.145901 0.100094 0.0474271 0.016582 0.0070967 0.00874776 0.0157057 0.025854 0.0371705 0.0466024 0.0510762 0.0491828 0.0420249 0.0324831 0.0235099 0.0167707 0.0124123 0.00970433
 1.05391e-16 3.34107e-05 0.000324764 0.00215817 0.00981076 0.0305251 0.0650387 0.094935 0.0949787 0.0652525 0.0312436 0.011887 0.00737448 0.0117272 0.0217328 0.0359901 0.0521048 0.0660637 0.0737621 0.0732514 0.0658206 0.0549791 0.0442255 0.035391 0.0285266 0.022863
 1.06442e-16 5.32566e-05 0.000517673 0.00344012 0.0156383 0.0486567 0.103669 0.151312 0.151332 0.103766 0.048983 0.0165827 0.00581799 0.00573269 0.0100283 0.0166795 0.0244542 0.0316551 0.0365619 0.0383454 0.0374724 0.0352065 0.0326504 0.0301391 0.0273662 0.0239394
 1.04809e-16 4.89503e-05 0.000475814 0.00316196 0.0143738 0.0447224 0.095287 0.139081 0.139112 0.0954392 0.0452335 0.0158502 0.00686881 0.0085712 0.0154334 0.0254635 0.0367402 0.0463403 0.0513172 0.0503198 0.0443874 0.0362126 0.02849 0.0226402 0.0186547 0.0157752
 1.06058e-16 3.6954e-05 0.000359206 0.00238705 0.0108512 0.0337624 0.0719358 0.105001 0.105041 0.0721308 0.0344172 0.0127438 0.00714217 0.0107542 0.0198215 0.032821 0.047533 0.0603062 0.0674167 0.067109 0.0605753 0.0510192 0.041611 0.0339734 0.0280838 0.0231674
 1.02383e-16 7.07347e-05 0.000687567 0.00456912 0.0207706 0.064625 0.137691 0.200965 0.200974 0.137732 0.0647653 0.0211765 0.00559049 0.00292515 0.00434356 0.0071296 0.0104056 0.0133822 0.0152981 0.0157919 0.0150855 0.0137725 0.0123967 0.0111682 0.0099917 0.00869147
pSPR Fmed_Fpbrs
0.559356   0.23167 0.23167
Fs Fmed_Fpbrs
0.34   1.005 1.005
SSBpbr Bo_Bmed_Bpbrs
412344  210030  74910.5 74910.5
Ro
90136
SPR SPRFo_SPRFmed_SPRFpbrs
649371 363229 150440
Fref
1.005
Nvult_r0
 84323.7 4252.05 1321.61 239.73 37.6151
CTP_r0
 35208.5 2131.33 662.455 120.164 18.8545
YTP_r0
323037
Np
 77035.8 13838 2233.53 76.6664 27.0382
Nvult_p0
 63197.8 11974.5 1932.76 66.3425 23.3972
CTP_p0
 26387.6 7194.33 246.947 76.7556 15.536
 26387.6 6002.2 968.79 33.254 11.7278
YTP_p0
 333399 328475
CBA_c0
326146
log_Ro
11.2291
likeval ReclasPelacesDesembMPH_pf_preclas_ppelaces_ptallas_desvR_qrecl_qpela
 26.3084 22.2233 0.0208004 61.4594 263.4 142.202 119.866 0 23.5105 0.000224677 0.000446748 0.0226575 0 0 0
q_reclas_q_pelaces
8.32944 19.8686
M
1
N
 143661 24168 27091 2457.65 0.144567
 93761.4 36668.3 5325.75 5969.86 541.608
 85461.2 17508.5 5213.69 757.243 925.836
 124940 16024.6 2503.91 745.617 240.699
 91312.4 21529.4 2035.73 318.091 125.299
 193303 26614.6 5714.49 540.339 117.688
 66250.9 51161.4 6170.83 1324.96 152.569
 23569.5 10544.1 5814.19 701.28 167.912
 22895.5 7321.38 3060 1687.34 252.249
 31029.2 3858.01 901.373 376.733 238.793
 50932.9 2102.02 132.39 30.9311 21.1221
 129472 14040.2 515.98 32.4975 12.7774
 72334.2 22686.6 1825.96 67.1044 5.88811
 45691.8 12123.7 2772.23 223.125 8.91943
 64853 1242.3 115.686 26.453 2.21421
 215966 9081.68 117.992 10.9878 2.72278
 51484.8 31602.5 917.425 11.9195 1.38503
 277533 8277.29 3642.74 105.749 1.53358
 284852 45295.5 974.431 428.836 12.6297
 236078 37396.9 3930.06 84.5463 38.3037
 240074 39572.6 4570.44 480.311 15.0141
 288856 47726.2 6142.8 709.464 76.8886
 51446.4 43143 4961.67 638.613 81.7501
 127934 8439.31 5115.33 588.29 85.4112
 144209 23391.7 1165.03 706.163 93.0034
 46342.9 26544.9 3259.7 162.35 111.366
 127628 9247.34 4142.16 508.654 42.7117
 116233 25821.6 1471.22 659.003 87.7204
 53926.3 25748.6 4665.14 265.803 134.909
 84036.3 11269.9 4287.04 776.726 66.7168
 70100.2 17966.3 1937.15 736.887 144.977
 26613.4 10913.2 1979.56 213.439 97.1657
 102787 4913.74 1527.28 277.036 43.4686
pred_Ctot
 28640.9 6384.37 7156.52 649.227 0.0381898
 30812 15329.2 2226.43 2495.7 226.419
 27955.6 7289.47 2170.67 315.27 385.462
 44601.9 7208.92 1126.42 335.428 108.282
 12218.5 3891.83 367.996 57.5008 22.6502
 35209.7 6456.77 1386.35 131.088 28.5514
 25396.6 24494.8 2954.45 634.357 73.0466
 2350.78 1434.61 791.069 95.4149 22.8458
 8347.02 3355.03 1402.25 773.227 115.593
 18181.7 2620.8 612.316 255.92 162.216
 8262.33 456.853 28.7736 6.72257 4.59068
 45474.1 6226.32 228.819 14.4115 5.66634
 26500.5 10440.9 840.35 30.8831 2.70985
 32119.4 9426.79 2155.54 173.491 6.93529
 27401.4 646.713 60.2236 13.7708 1.15267
 88435 4602.88 59.8022 5.56895 1.37999
 19568 15018.4 435.986 5.66449 0.658206
 104123 3889.38 1711.67 49.6901 0.720608
 125579 24444 525.857 231.424 6.8157
 86481.8 17209.5 1808.55 38.907 17.6268
 73281.1 15484.3 1788.37 187.94 5.87484
 116486 23873.4 3072.73 354.886 38.461
 19215.3 20193.4 2322.34 298.907 38.2637
 43015.2 3600.68 2182.49 250.997 36.4412
 48139.9 9916.6 493.9 299.368 39.4275
 14079.6 10342.8 1270.09 63.2575 43.3921
 38094.3 3545.93 1588.33 195.046 16.378
 30450.2 8792.17 500.945 224.388 29.8685
 15408.4 9490.51 1719.49 97.9703 49.7252
 23244 4032.8 1534.07 277.943 23.8739
 27365.3 8738.53 942.202 358.411 70.5148
 8854.94 4612.96 836.754 90.2201 41.0716
 38943.8 2328.74 723.816 131.294 20.6009
F
 0.365543 0.512476 0.512476 0.512476 0.512476
 0.678069 0.950624 0.950624 0.950624 0.950624
 0.673938 0.944832 0.944832 0.944832 0.944832
 0.758419 1.06327 1.06327 1.06327 1.06327
 0.232826 0.326413 0.326413 0.326413 0.326413
 0.329273 0.461627 0.461627 0.461627 0.461627
 0.837887 1.17468 1.17468 1.17468 1.17468
 0.169154 0.237147 0.237147 0.237147 0.237147
 0.78079 1.09463 1.09463 1.09463 1.09463
 1.69203 2.37216 2.37216 2.37216 2.37216
 0.288586 0.404586 0.404586 0.404586 0.404586
 0.74169 1.03982 1.03982 1.03982 1.03982
 0.786133 1.10212 1.10212 1.10212 1.10212
 2.60495 3.65204 3.65204 3.65204 3.65204
 0.965864 1.3541 1.3541 1.3541 1.3541
 0.921885 1.29244 1.29244 1.29244 1.29244
 0.82777 1.1605 1.1605 1.1605 1.1605
 0.812733 1.13942 1.13942 1.13942 1.13942
 1.03038 1.44455 1.44455 1.44455 1.44455
 0.786027 1.10198 1.10198 1.10198 1.10198
 0.615465 0.862855 0.862855 0.862855 0.862855
 0.90141 1.26374 1.26374 1.26374 1.26374
 0.807641 1.13228 1.13228 1.13228 1.13228
 0.69913 0.980151 0.980151 0.980151 0.980151
 0.692423 0.970748 0.970748 0.970748 0.970748
 0.611731 0.857621 0.857621 0.857621 0.857621
 0.59791 0.838245 0.838245 0.838245 0.838245
 0.507214 0.711093 0.711093 0.711093 0.711093
 0.565485 0.792786 0.792786 0.792786 0.792786
 0.542753 0.760916 0.760916 0.760916 0.760916
 0.859954 1.20562 1.20562 1.20562 1.20562
 0.689382 0.966484 0.966484 0.966484 0.966484
 0.824081 1.15533 1.15533 1.15533 1.15533
YTP_r0W_actual
 265472 37191.7 15945.3 3763.54 664.619
YTP_p0W_proyectada
 198962 125541 5944.02 2403.99 547.645
 198962 104738 23318.8 1041.51 413.404
CTP_r0_actual
 35208.5 2131.33 662.455 120.164 18.8545
CTP_p0_proyectada
 26387.6 7194.33 246.947 76.7556 15.536
 26387.6 6002.2 968.79 33.254 11.7278
Wmedp
 7.54 17.45 24.07 31.32 35.25
Frms_r0
 0.716855 1.005 1.005 1.005 1.005
Zrms_r0
 1.71685 2.005 2.005 2.005 2.005
nmprior
 7.29 8.9 8.7 0
nm_flota  nm_reclas  nm_pelaces    nm_pelaL
inf 11.0956 8.13661 18.82
cv_recla  cv_pelaces  cv_mph
0.4442 0.516411 0.628567
 ------------------------------------------------
Talla a la edad & desviaci?n 
 8 13.2811 15.8009 17.003 17.5766
 0.8 1.32811 1.58009 1.7003 1.75766
