years
 1991 1992 1993 1994 1995 1996 1997 1998 1999 2000 2001 2002 2003 2004 2005 2006 2007 2008 2009 2010 2011 2012 2013 2014 2015 2016 2017 2018 2019 2020 2021
reclasobs
 0 0 0 0 0 0 0 0 0 252601 567819 844713 477998 351125 339783 2.1784e+06 2.13404e+06 4.81314e+06 1.55562e+06 2.62356e+06 3.21686e+06 3.843e+06 1.13348e+06 3.07943e+06 1.97215e+06 2.03268e+06 2.025e+06 2.42433e+06 2.27542e+06 1.05018e+06 2.36338e+06
reclaspred
 4.70204e+06 2.51257e+06 1.21642e+06 1.34114e+06 1.60597e+06 3.18281e+06 1.89657e+06 1.44329e+06 842641 332139 566482 1.21363e+06 1.09634e+06 264098 644935 1.48606e+06 1.28955e+06 2.4803e+06 2.43909e+06 2.25053e+06 4.00972e+06 2.69758e+06 1.57097e+06 2.13375e+06 1.75964e+06 1.531e+06 2.0886e+06 2.22025e+06 1.84106e+06 1.42236e+06 2.29312e+06
pelacesobs
 0 0 0 0 0 0 0 0 0 0 0 0 0 0 0 552880 188675 0 991730 2.46772e+06 1.41603e+06 1.21717e+06 2.29649e+06 1.80582e+06 0 1.4828e+06 1.56532e+06 1.57751e+06 1.42118e+06 867257 1.10002e+06
pelacespred
 3.89035e+06 2.01656e+06 909085 701744 1.08366e+06 2.05754e+06 1.22427e+06 1.27926e+06 647494 161122 327789 609716 645287 85972.1 307829 637300 668467 1.26797e+06 1.26849e+06 1.14493e+06 2.20368e+06 1.56732e+06 977404 1.29093e+06 1.05816e+06 984150 1.43367e+06 1.46912e+06 1.25673e+06 1.00615e+06 1.28172e+06
mphobs
 0 0 0 0 0 0 0 0 0 0 0 0 498337 0 5186 125008 0 168611 109162 213762 579715 649985 157893 87575 83554 210694 70296 0 107559 103333 445601
mphpred
 778402 539710 238327 139398 199049 287447 463161 199581 171158 69898.8 24866.3 115590 181933 79086.8 10587.2 84107.6 225009 147619 290470 247878 358840 396687 246054 135731 256739 211440 160700 268646 343230 199295 154588
desembarqueobs
 494567 514787 250237 358949 120608 361735 552515 73892 212993 205616 52469 317467 293654 387597 252695 516296 358380 742168 942051 627588 828172 859565 418607 520667 417249 300574 415391 372974 316634 284311 391294
desembarquepred
 494555 514402 250405 358946 120610 361716 552479 73898 213075 205690 52470.6 317436 293707 387633 252584 516155 358440 741857 941211 627106 828317 859529 418566 520731 417116 300571 415341 372930 316515 284150 391256
Reclutas
 147764 92680.3 84227.8 125439 93721.6 193430 67991.8 24691.7 23851 32178.7 56400.2 131203 73217.2 43407 65921.9 227277 50685.9 284684 292155 243226 248963 289788 50612.6 133236 146803 48325.2 137644 122010 52288.5 73701.8 146530
log_desv_Rt
 0.420029 -0.0464313 -0.142062 0.256232 -0.0352584 0.689328 -0.356199 -1.36912 -1.40376 -1.10428 -0.543114 0.301161 -0.282157 -0.804966 -0.387117 0.850583 -0.649939 1.07579 1.1017 0.918405 0.941716 1.09356 -0.651386 0.316535 0.413506 -0.697634 0.349085 0.228517 -0.618811 -0.27556 0.411645
SSB
 778402 539710 238327 139398 199049 287447 463161 199581 171158 69898.8 24866.3 115590 171276 75595.4 10108.9 80495 225009 147619 304401 258073 385443 461707 307799 158026 271752 243751 169337 268646 361268 192301 176287
BT
 1.33857e+06 995175 455209 580876 479732 1.21359e+06 828596 472392 407839 258172 228253 564774 521872 429142 456309 796198 520096 1.37267e+06 1.52377e+06 1.01298e+06 1.73301e+06 1.37766e+06 684411 1.1735e+06 779018 613891 1.17362e+06 995858 631617 646530 932593
Ftot
 0.464459 0.8567 0.850398 1.00152 0.309093 0.449973 1.13555 0.224054 1.01073 2.02243 0.348075 0.955135 1.01209 3.51496 1.31145 1.19512 1.04859 1.06647 1.34227 1.01535 0.78792 1.16833 1.03541 0.901047 0.894413 0.777577 0.745077 0.639155 0.707317 0.786021 0.64183
BD_Bspro_t
 0.928381 0.581021 0.312896 0.229368 0.274519 0.402026 0.455174 0.242131 0.27703 0.163406 0.0875039 0.38898 0.335773 0.151797 0.0258918 0.170631 0.260404 0.178687 0.257494 0.203261 0.229686 0.256775 0.206615 0.138365 0.24128 0.258835 0.232629 0.351746 0.402535 0.276222 0.286392
BD_Bspro
 1.12329 0.778843 0.343925 0.201162 0.287243 0.414809 0.668378 0.288011 0.246994 0.100869 0.035884 0.166805 0.247164 0.10909 0.014588 0.11616 0.324705 0.213025 0.439274 0.37242 0.556225 0.66628 0.444178 0.228043 0.39216 0.351751 0.244367 0.387677 0.521338 0.277506 0.254396
BD_Bo
 1.63314 1.13235 0.500025 0.292466 0.417616 0.603082 0.971742 0.418733 0.3591 0.146652 0.0521711 0.242515 0.359347 0.158604 0.0212092 0.168883 0.472083 0.309713 0.638653 0.541454 0.808684 0.968691 0.645782 0.331548 0.570153 0.511404 0.35528 0.563635 0.757964 0.40346 0.369861
BD_Brms
 9.09771 6.30796 2.78549 1.62924 2.32642 3.35959 5.41328 2.33264 2.00044 0.816955 0.29063 1.35098 2.00181 0.883536 0.11815 0.9408 2.62983 1.72532 3.55774 3.01628 4.50494 5.39629 3.59746 1.84696 3.17616 2.84888 1.97916 3.13985 4.22239 2.24756 2.06038
Sel_flota
 0.716697 1 1 1 1
 0.716697 1 1 1 1
 0.716697 1 1 1 1
 0.716697 1 1 1 1
 0.716697 1 1 1 1
 0.716697 1 1 1 1
 0.716697 1 1 1 1
 0.716697 1 1 1 1
 0.716697 1 1 1 1
 0.716697 1 1 1 1
 0.716697 1 1 1 1
 0.716697 1 1 1 1
 0.716697 1 1 1 1
 0.716697 1 1 1 1
 0.716697 1 1 1 1
 0.716697 1 1 1 1
 0.716697 1 1 1 1
 0.716697 1 1 1 1
 0.716697 1 1 1 1
 0.716697 1 1 1 1
 0.716697 1 1 1 1
 0.716697 1 1 1 1
 0.716697 1 1 1 1
 0.716697 1 1 1 1
 0.716697 1 1 1 1
 0.716697 1 1 1 1
 0.716697 1 1 1 1
 0.716697 1 1 1 1
 0.716697 1 1 1 1
 0.716697 1 1 1 1
 0.716697 1 1 1 1
Sel_reclas
 0.493294 0.830492 0.961024 0.992006 0.998401
 0.493294 0.830492 0.961024 0.992006 0.998401
 0.493294 0.830492 0.961024 0.992006 0.998401
 0.493294 0.830492 0.961024 0.992006 0.998401
 0.493294 0.830492 0.961024 0.992006 0.998401
 0.493294 0.830492 0.961024 0.992006 0.998401
 0.493294 0.830492 0.961024 0.992006 0.998401
 0.493294 0.830492 0.961024 0.992006 0.998401
 0.493294 0.830492 0.961024 0.992006 0.998401
 0.493294 0.830492 0.961024 0.992006 0.998401
 0.493294 0.830492 0.961024 0.992006 0.998401
 0.493294 0.830492 0.961024 0.992006 0.998401
 0.493294 0.830492 0.961024 0.992006 0.998401
 0.493294 0.830492 0.961024 0.992006 0.998401
 0.493294 0.830492 0.961024 0.992006 0.998401
 0.493294 0.830492 0.961024 0.992006 0.998401
 0.493294 0.830492 0.961024 0.992006 0.998401
 0.493294 0.830492 0.961024 0.992006 0.998401
 0.493294 0.830492 0.961024 0.992006 0.998401
 0.493294 0.830492 0.961024 0.992006 0.998401
 0.493294 0.830492 0.961024 0.992006 0.998401
 0.493294 0.830492 0.961024 0.992006 0.998401
 0.493294 0.830492 0.961024 0.992006 0.998401
 0.493294 0.830492 0.961024 0.992006 0.998401
 0.493294 0.830492 0.961024 0.992006 0.998401
 0.493294 0.830492 0.961024 0.992006 0.998401
 0.493294 0.830492 0.961024 0.992006 0.998401
 0.493294 0.830492 0.961024 0.992006 0.998401
 0.493294 0.830492 0.961024 0.992006 0.998401
 0.493294 0.830492 0.961024 0.992006 0.998401
 0.493294 0.830492 0.961024 0.992006 0.998401
Sel_pelaces
 0.221096 0.58823 0.87789 0.973105 0.994538
 0.221096 0.58823 0.87789 0.973105 0.994538
 0.221096 0.58823 0.87789 0.973105 0.994538
 0.221096 0.58823 0.87789 0.973105 0.994538
 0.221096 0.58823 0.87789 0.973105 0.994538
 0.221096 0.58823 0.87789 0.973105 0.994538
 0.221096 0.58823 0.87789 0.973105 0.994538
 0.221096 0.58823 0.87789 0.973105 0.994538
 0.221096 0.58823 0.87789 0.973105 0.994538
 0.221096 0.58823 0.87789 0.973105 0.994538
 0.221096 0.58823 0.87789 0.973105 0.994538
 0.221096 0.58823 0.87789 0.973105 0.994538
 0.221096 0.58823 0.87789 0.973105 0.994538
 0.221096 0.58823 0.87789 0.973105 0.994538
 0.221096 0.58823 0.87789 0.973105 0.994538
 0.221096 0.58823 0.87789 0.973105 0.994538
 0.221096 0.58823 0.87789 0.973105 0.994538
 0.221096 0.58823 0.87789 0.973105 0.994538
 0.221096 0.58823 0.87789 0.973105 0.994538
 0.221096 0.58823 0.87789 0.973105 0.994538
 0.221096 0.58823 0.87789 0.973105 0.994538
 0.221096 0.58823 0.87789 0.973105 0.994538
 0.221096 0.58823 0.87789 0.973105 0.994538
 0.221096 0.58823 0.87789 0.973105 0.994538
 0.221096 0.58823 0.87789 0.973105 0.994538
 0.221096 0.58823 0.87789 0.973105 0.994538
 0.221096 0.58823 0.87789 0.973105 0.994538
 0.221096 0.58823 0.87789 0.973105 0.994538
 0.221096 0.58823 0.87789 0.973105 0.994538
 0.221096 0.58823 0.87789 0.973105 0.994538
 0.221096 0.58823 0.87789 0.973105 0.994538
pf_obs 
 0.8446 0.082 0.0669 0.0065 0
 0.8095 0.147 0.0364 0.0071 0
 0.9664 0.0169 0.016 0.0007 0
 0.9276 0.0648 0.0075 0.0001 0
 0.7033 0.2144 0.0806 0.0017 0
 0.9318 0.0425 0.0243 0.0014 0
 0.5671 0.3108 0.0964 0.0239 0.0018
 0.0768 0.2599 0.5324 0.112 0.0189
 0.490249 0.384438 0.106611 0.0170017 0.00170017
 0.7925 0.1577 0.0466 0.003 0.0002
 0.840416 0.127587 0.0312969 0.00059994 9.999e-05
 0.8084 0.0986 0.0794 0.0134 0.0002
 0.7335 0.1905 0.0724 0.0035 0.0001
 0.4001 0.4547 0.1325 0.0127 0
 0.49795 0.308269 0.164784 0.0264974 0.00249975
 0.9179 0.0499 0.0305 0.0017 0
 0.2467 0.6533 0.0926 0.0074 0
 0.9418 0.0223 0.034 0.0019 0
 0.707729 0.231977 0.0356964 0.0245975 0
 0.517169 0.277429 0.184464 0.0207286 0.00020938
 0.811772 0.124168 0.05621 0.00726502 0.000585176
 0.764997 0.148141 0.077277 0.00933861 0.000247198
 0.163321 0.427699 0.378323 0.0303852 0.000271297
 0.753843 0.0900009 0.118128 0.0371064 0.000921714
 0.721811 0.176058 0.0630433 0.0369309 0.00215725
 0.143369 0.312575 0.442814 0.0836902 0.0175525
 0.692698 0.0596174 0.167031 0.0765114 0.00414204
 0.394062 0.376323 0.152708 0.0712218 0.00568511
 0.125707 0.32114 0.495352 0.0537591 0.00404204
 0.23352 0.215282 0.420074 0.123614 0.00750983
 0.796117 0.104755 0.0508955 0.0450114 0.00322123
pf_pred 
 0.653791 0.149602 0.180731 0.0158744 9.13849e-07
 0.579576 0.311399 0.0471114 0.0569144 0.00499933
 0.711827 0.199382 0.0657657 0.00994966 0.0130758
 0.825304 0.139887 0.024084 0.00794407 0.00278133
 0.732838 0.237209 0.0239851 0.00412947 0.00183899
 0.808618 0.15337 0.0337502 0.00341262 0.000849197
 0.477317 0.451798 0.0568061 0.0125006 0.00157852
 0.500323 0.305471 0.167869 0.0211067 0.00523121
 0.591367 0.241916 0.10192 0.0560093 0.00878763
 0.819941 0.12757 0.0310744 0.0130918 0.00832325
 0.931914 0.0616073 0.00459033 0.00111814 0.000770573
 0.859224 0.134158 0.00598808 0.000446169 0.000183579
 0.684637 0.287046 0.0269858 0.00120449 0.000126673
 0.702083 0.233806 0.0583547 0.00548605 0.000270618
 0.973302 0.0233903 0.00259599 0.000647923 6.39173e-05
 0.950026 0.0492182 0.000662133 7.34874e-05 2.01508e-05
 0.524308 0.461761 0.01372 0.000184575 2.61024e-05
 0.943771 0.0366043 0.0190503 0.000566029 8.69166e-06
 0.824822 0.169241 0.00386491 0.00201145 6.06826e-05
 0.807733 0.171955 0.0196234 0.000448136 0.000240263
 0.79694 0.177873 0.0225268 0.00257076 9.01833e-05
 0.794119 0.177708 0.024678 0.00312537 0.000369179
 0.431188 0.494829 0.0638588 0.00886795 0.00125575
 0.868884 0.0735936 0.0500405 0.00645783 0.00102378
 0.804234 0.179299 0.00924232 0.00628438 0.000939585
 0.534778 0.405127 0.0550401 0.00283714 0.00221756
 0.871638 0.0832252 0.039306 0.00534007 0.000490415
 0.742694 0.235545 0.014109 0.00666348 0.000988432
 0.537878 0.378242 0.0767867 0.00459948 0.00249449
 0.76225 0.154094 0.0684719 0.0139005 0.0012842
 0.85916 0.117943 0.0148402 0.00659427 0.00146238
pobs_RECLAS
 0 0 0 0 0
 0 0 0 0 0
 0 0 0 0 0
 0 0 0 0 0
 0 0 0 0 0
 0 0 0 0 0
 0 0 0 0 0
 0 0 0 0 0
 0 0 0 0 0
 0 0 0 0 0
 0.991045 0.00858322 0.000360255 1.14367e-05 0
 0.934742 0.0480273 0.0164251 0.00080598 0
 0.827803 0.169806 0.00239088 0 0
 0.941827 0.0461693 0.0120037 0 0
 0.791401 0.0380133 0.147996 0.0225897 0
 0.846168 0.0940531 0.0597789 0 0
 0.134021 0.677848 0.182769 0.00536245 0
 0.80878 0.0450904 0.141981 0.00414843 0
 0.846168 0.0940531 0.0597789 0 0
 0.905697 0.0802665 0.012482 0.00150086 5.37128e-05
 0.989698 0.0102097 9.19794e-05 0 0
 0.975433 0.0193895 0.00387452 0.00125025 5.28907e-05
 0.303575 0.632131 0.0575291 0.00676475 0
 0.966965 0.00978017 0.0227588 0.000495775 0
 0.843318 0.132988 0.00938335 0.0141283 0.000182051
 0.564624 0.303363 0.111486 0.0197234 0.00080311
 0.826376 0.0876187 0.0782897 0.00655872 0.00115652
 0.89761 0.0855135 0.0140674 0.00269457 0.000114338
 0.34875 0.467042 0.161289 0.0227151 0.000203297
 0.318654 0.224769 0.449479 0.00709798 0
 0.937255 0.0296025 0.0250945 0.00804832 0
ppred_RECLAS
 0.592842 0.161269 0.225448 0.0204404 1.18429e-06
 0.530304 0.332485 0.0582076 0.0725865 0.00641706
 0.66799 0.218407 0.0833645 0.0130188 0.0172195
 0.797919 0.156535 0.0311863 0.0106184 0.00374161
 0.692517 0.268048 0.0313634 0.00557385 0.00249822
 0.774857 0.174817 0.0445164 0.00464634 0.00116365
 0.437594 0.475509 0.0691845 0.0157154 0.00199726
 0.439897 0.322077 0.204814 0.0265821 0.00663074
 0.53895 0.255042 0.124339 0.070532 0.0111375
 0.801459 0.133887 0.0377392 0.0164123 0.0105016
 0.918571 0.0725145 0.00625224 0.00157206 0.00109038
 0.83922 0.152071 0.00785446 0.000604098 0.000250162
 0.649176 0.314829 0.0342498 0.001578 0.000167023
 0.711617 0.218765 0.0631825 0.00613142 0.000304403
 0.969211 0.026433 0.00339478 0.000874605 8.68357e-05
 0.943123 0.05588 0.000869912 9.96603e-05 2.75038e-05
 0.487329 0.495369 0.017032 0.000236518 3.36637e-05
 0.932413 0.0416946 0.0251101 0.000770132 1.1902e-05
 0.805217 0.187102 0.00494438 0.0026562 8.06504e-05
 0.781317 0.192358 0.0254022 0.000598806 0.000323113
 0.766648 0.200401 0.0293691 0.00345964 0.000122148
 0.76711 0.196665 0.031603 0.00413142 0.000491162
 0.391242 0.518625 0.0774493 0.011102 0.00158224
 0.841638 0.0829828 0.0652933 0.00869789 0.00138779
 0.776631 0.20163 0.012027 0.00844146 0.00127023
 0.490068 0.435037 0.0683932 0.00363911 0.00286273
 0.845522 0.0947575 0.0517865 0.00726247 0.000671262
 0.706896 0.264498 0.0183335 0.00893775 0.00133434
 0.490253 0.405407 0.0952373 0.00588857 0.0032142
 0.721281 0.170787 0.0878177 0.0184026 0.00171109
 0.834206 0.135089 0.0196691 0.00902179 0.00201362
pobs_PELACES
 0 0 0 0 0
 0 0 0 0 0
 0 0 0 0 0
 0 0 0 0 0
 0 0 0 0 0
 0 0 0 0 0
 0 0 0 0 0
 0 0 0 0 0
 0 0 0 0 0
 0 0 0 0 0
 0 0 0 0 0
 0 0 0 0 0
 0 0 0 0 0
 0 0 0 0 0
 0 0 0 0 0
 0 0 0 0 0
 0.505614 0.472636 0.0217494 0 0
 0 0 0 0 0
 0.443492 0.261883 0.143347 0.151278 0
 0.227955 0.32914 0.350689 0.0885471 0.00366901
 0.970185 0.0296113 0.000203453 0 0
 0.997202 0.00247181 0.000326279 0 0
 0.445219 0.490057 0.0546422 0.010081 0
 0.90214 0.0892962 0.00764917 0.000914606 0
 0 0 0 0 0
 0.581667 0.319106 0.0959925 0.00289975 0.000334073
 0.762889 0.0836404 0.116647 0.0363945 0.000428098
 0.88444 0.0763242 0.0277011 0.0115352 0
 0.521256 0.241999 0.230069 0.00667565 0
 0.616807 0.101726 0.260614 0.0208532 0
 0.833518 0.0704572 0.0857862 0.0102388 0
ppred_PELACES
 0.449237 0.184912 0.333391 0.0324592 1.90975e-06
 0.41282 0.377538 0.0852436 0.11415 0.0102478
 0.554192 0.264463 0.130189 0.0218324 0.0293241
 0.718979 0.202975 0.052154 0.0190687 0.00682328
 0.585197 0.347752 0.0524776 0.0100149 0.0045582
 0.68032 0.232564 0.0763786 0.00856057 0.00217713
 0.343191 0.529972 0.0994482 0.0242579 0.00313065
 0.310113 0.351372 0.288178 0.0401635 0.0101736
 0.414837 0.282253 0.177471 0.108105 0.0173349
 0.735752 0.160772 0.0584464 0.0272944 0.0177349
 0.876912 0.105894 0.0117754 0.00317943 0.00223938
 0.780404 0.204384 0.0136147 0.00112445 0.000472853
 0.555439 0.38725 0.0543336 0.00268817 0.000288934
 0.669217 0.234056 0.0871832 0.00908524 0.000458032
 0.955691 0.0364362 0.00603522 0.00166968 0.000168341
 0.921082 0.0771256 0.0015485 0.000190501 5.33874e-05
 0.396505 0.577452 0.0256062 0.000381843 5.51892e-05
 0.89662 0.0573476 0.0445428 0.00146701 2.30229e-05
 0.745436 0.241442 0.00822886 0.0047471 0.000146368
 0.705988 0.2498 0.0425447 0.00107696 0.000590119
 0.682228 0.261805 0.0494836 0.00625954 0.000224424
 0.689494 0.250437 0.0519031 0.00728626 0.000879633
 0.300093 0.570636 0.109905 0.0169176 0.0024484
 0.761775 0.109104 0.110717 0.015838 0.00256614
 0.69851 0.263593 0.0202782 0.0152837 0.00233542
 0.385186 0.502463 0.101879 0.00582112 0.00465011
 0.76876 0.126988 0.0895076 0.0134793 0.00126516
 0.610946 0.340294 0.0304207 0.0159255 0.00241435
 0.379938 0.464729 0.140802 0.00934872 0.00518188
 0.611613 0.212642 0.141016 0.0317326 0.0029962
 0.761265 0.183467 0.0344522 0.0169693 0.00384609
pobs_pel_tallas
 0 0 0 0 0 0 0 0 0 0 0 0 0 0 0 0 0 0 0 0 0 0 0 0 0 0
 0 0 0 0 0 0 0 0 0 0 0 0 0 0 0 0 0 0 0 0 0 0 0 0 0 0
 0 0 0 0 0 0 0 0 0 0 0 0 0 0 0 0 0 0 0 0 0 0 0 0 0 0
 0 0 0 0 0 0 0 0 0 0 0 0 0 0 0 0 0 0 0 0 0 0 0 0 0 0
 0 0 0 0 0 0 0 0 0 0 0 0 0 0 0 0 0 0 0 0 0 0 0 0 0 0
 0 0 0 0 0 0 0 0 0 0 0 0 0 0 0 0 0 0 0 0 0 0 0 0 0 0
 0 0 0 0 0 0 0 0 0 0 0 0 0 0 0 0 0 0 0 0 0 0 0 0 0 0
 0 0 0 0 0 0 0 0 0 0 0 0 0 0 0 0 0 0 0 0 0 0 0 0 0 0
 0 0 0 0 0 0 0 0 0 0 0 0 0 0 0 0 0 0 0 0 0 0 0 0 0 0
 0 0 0 0 0 0 0 0 0 0 0 0 0 0 0 0 0 0 0 0 0 0 0 0 0 0
 0 0 0 0 0 0 0 0 0 0 0 0 0 0 0 0 0 0 0 0 0 0 0 0 0 0
 0 0 0 0 0 0 0 0 0 0 0 0 0 0 0 0 0 0 0 0 0 0 0 0 0 0
 0.00862536 0 0 0.000197151 0.00414017 0.0128641 0.00837892 0.0270097 0.101434 0.158115 0.152841 0.127902 0.109271 0.109419 0.0830992 0.0579132 0.0238553 0.00714673 0.00463305 0.00128148 0.00103504 0.000492878 0.000147863 0.000147863 4.92878e-05 0
 0 0 0 0 0 0 0 0 0 0 0 0 0 0 0 0 0 0 0 0 0 0 0 0 0 0
 0 0 0 0 0 0 0 0.0054083 0.00873648 0.0413646 0.0450493 0.0745869 0.0622846 0.0627006 0.0613931 0.0827291 0.12552 0.122667 0.0946155 0.0697135 0.0546179 0.0294188 0.0215738 0.0213955 0.0102223 0.00600262
 0 0 0 0 0.00359764 0.0251062 0.0480494 0.140153 0.205849 0.193036 0.1447 0.116669 0.0760912 0.0342217 0.00950174 0.001854 0.000860785 0 0 0 0.000165536 0 0.000143464 0 0 0
 0 0 0 0 0 0 0 0.000145254 0.000435761 0.0275982 0.070085 0.0708112 0.156366 0.174668 0.174014 0.160142 0.0824315 0.0480064 0.0283245 0.00493863 0.00203355 0 0 0 0 0
 0 0 0 0 0 0 0 0 0 0 0 0 0 0 0 0 0 0 0 0 0 0 0 0 0 0
 0 0 1.00437e-05 0.000401748 0.00122533 0.00171747 0.00176769 0.0269171 0.070346 0.194647 0.189555 0.159765 0.064822 0.0314167 0.0384472 0.0292271 0.0345202 0.0313363 0.0194345 0.0106764 0.0143323 0.0359363 0.0279516 0.0138201 0.00172751 0
 0 0.0021121 0.0136068 0.0755702 0.200478 0.177729 0.0527432 0.0373336 0.0318909 0.0142505 0.0149659 0.0166563 0.0217959 0.0798694 0.0677717 0.0528807 0.04013 0.0224614 0.0357745 0.0225083 0.00881397 0.00855152 0.00135912 0.000746735 0 0
 0 0 0 0 5.4009e-05 0.00500934 0.000945158 0.0243581 0.138947 0.33067 0.221406 0.137944 0.0707744 0.0437923 0.0131692 0.00525238 0.0047753 0.00276346 9.45158e-05 9.00151e-06 2.25038e-05 9.00151e-06 4.50075e-06 0 0 0
 0.000866109 0.00284123 0.00948549 0.0512746 0.133035 0.25785 0.225252 0.132002 0.0553304 0.0519788 0.0540692 0.017754 0.00435017 0.00159236 0.00146478 0.000404838 0.000125132 0.000115318 0.000107957 0.000100596 0 0 0 0 0 0
 0 0 0 0 0.00144013 0.00171154 0.00461396 0.0210425 0.0478622 0.0707936 0.0888783 0.103762 0.0637923 0.0337046 0.0602308 0.124433 0.169614 0.0934646 0.0462172 0.0250306 0.0313229 0.00938855 0.002487 0.000210481 0 0
 0 0.00764035 0.051015 0.0998891 0.058973 0.0496711 0.0374665 0.0718981 0.12319 0.153886 0.159021 0.0857701 0.0377988 0.023471 0.0147837 0.00900784 0.00315554 0.000888139 0.00291439 0.00214683 0.00393193 0.00274676 0.000635225 9.99891e-05 0 0
 0 0 0 0 0 0 0 0 0 0 0 0 0 0 0 0 0 0 0 0 0 0 0 0 0 0
 0 0 0 0 0 0 0 0 0 0 0 0 0 0 0 0 0 0 0 0 0 0 0 0 0 0
 0 0 0 0 0 0 0 0 0 0 0 0 0 0 0 0 0 0 0 0 0 0 0 0 0 0
 0 0 0 0 0 0 0 0 0 0 0 0 0 0 0 0 0 0 0 0 0 0 0 0 0 0
 0 0 0 0 0 0 0 0 0 0 0 0 0 0 0 0 0 0 0 0 0 0 0 0 0 0
 0 0 0 0 0 0 0 0 0 0 0 0 0 0 0 0 0 0 0 0 0 0 0 0 0 0
 0 0 0 0 0 0 0 0 0 0 0 0 0 0 0 0 0 0 0 0 0 0 0 0 0 0
ppred_pel_tallas
 1.12924e-16 3.70031e-05 0.000359683 0.00239022 0.0108656 0.033807 0.0720301 0.105134 0.105152 0.0721198 0.0341095 0.0117455 0.004622 0.00530846 0.00966029 0.016497 0.0251215 0.0344208 0.0431815 0.0506864 0.0568447 0.0616748 0.0646771 0.0648025 0.0611245 0.0536278
 1.15739e-16 3.40035e-05 0.000330527 0.00219647 0.00998484 0.0310667 0.0661923 0.0966173 0.0966538 0.0663706 0.0316656 0.0117157 0.00654604 0.00984199 0.0181478 0.0300844 0.0436702 0.0556646 0.0628249 0.0637677 0.0598114 0.0540111 0.049154 0.0462832 0.0446476 0.042717
 1.10977e-16 4.56481e-05 0.000443716 0.00294865 0.0134041 0.0417054 0.0888587 0.129697 0.129723 0.0889841 0.0421268 0.0146233 0.0060164 0.00716564 0.0128855 0.0214238 0.0313133 0.0403404 0.0462648 0.0480498 0.0464131 0.0431772 0.0399767 0.0373829 0.0349789 0.032051
 1.04625e-16 5.92214e-05 0.000575653 0.00382542 0.0173898 0.0541063 0.11528 0.168258 0.168278 0.115376 0.0544281 0.0183199 0.00616226 0.00568394 0.00978139 0.0161315 0.0233617 0.0296541 0.0331956 0.0331563 0.030164 0.0258289 0.0217159 0.0185778 0.0163047 0.0143855
 1.0338e-16 4.8202e-05 0.00046854 0.00311362 0.0141541 0.0440388 0.0938305 0.136955 0.136989 0.0939943 0.0445888 0.0157428 0.00710164 0.00917516 0.0165858 0.0273487 0.0394043 0.0495763 0.0546533 0.0531467 0.0461641 0.0366351 0.027542 0.0205374 0.0157467 0.0124593
 1.03491e-16 5.60371e-05 0.000544701 0.00361973 0.0164548 0.051197 0.109082 0.159212 0.159235 0.109191 0.0515662 0.0175219 0.0063016 0.00640989 0.0112262 0.0185511 0.0269051 0.0342211 0.0384126 0.0384889 0.0350946 0.0299799 0.0248618 0.0205968 0.0171517 0.0141182
 1.05968e-16 2.82683e-05 0.000274778 0.001826 0.00830075 0.025827 0.055029 0.0803272 0.0803783 0.0552789 0.0266659 0.0107243 0.00791128 0.0135654 0.0252883 0.0418108 0.0603411 0.0761175 0.0842879 0.0825953 0.0726873 0.0589241 0.0456995 0.0353804 0.0280634 0.0226674
 1.14156e-16 2.55437e-05 0.000248293 0.00165 0.00750068 0.0233376 0.0497244 0.0725814 0.0726157 0.0498919 0.0239011 0.00913329 0.0057664 0.0092951 0.0173849 0.0291643 0.0430914 0.0564457 0.0663943 0.0715266 0.0724719 0.0710199 0.0685547 0.0651889 0.0601676 0.0529185
 1.18969e-16 3.41696e-05 0.000332141 0.00220719 0.0100336 0.0312184 0.0665151 0.0970865 0.0971139 0.0666494 0.03167 0.0113412 0.00550216 0.00756727 0.0139005 0.0232593 0.0342956 0.0448252 0.0526491 0.0568113 0.0580915 0.0582211 0.0584744 0.0588111 0.0581362 0.0552536
 1.07467e-16 6.0603e-05 0.000589082 0.00391466 0.0177955 0.0553685 0.117969 0.172182 0.172198 0.118045 0.0556241 0.0185347 0.00577353 0.0046583 0.00782246 0.012926 0.0188295 0.0241421 0.0274953 0.0282869 0.0270245 0.024921 0.0230709 0.0218653 0.0210003 0.0199027
 1.01065e-16 7.22301e-05 0.000702102 0.00466572 0.0212097 0.0659912 0.140602 0.205214 0.205225 0.140651 0.0661586 0.021693 0.00587867 0.00334924 0.00509746 0.0083072 0.0119469 0.0149967 0.0164709 0.0159179 0.013687 0.0106932 0.00787204 0.00574789 0.00436359 0.00348678
 1.00639e-16 6.42809e-05 0.000624833 0.00415224 0.0188755 0.0587287 0.125128 0.182633 0.182652 0.125225 0.0590514 0.0198071 0.00648941 0.00572265 0.00973337 0.0159563 0.022901 0.0286322 0.0312225 0.0297804 0.0249842 0.018638 0.0126205 0.00803673 0.00505594 0.00328454
 1.01986e-16 4.57509e-05 0.000444715 0.00295529 0.0134343 0.0417994 0.0890594 0.129993 0.13003 0.0892418 0.0424117 0.0152027 0.00739376 0.0101328 0.0184417 0.0304053 0.0437693 0.0549793 0.0604299 0.0584343 0.0502097 0.0390298 0.0282645 0.0198395 0.0140001 0.0100524
 1.03565e-16 5.51226e-05 0.000535811 0.00356066 0.0161862 0.0503615 0.107301 0.156614 0.156637 0.107412 0.0507334 0.0172614 0.00626336 0.00644901 0.0113238 0.018733 0.0272112 0.0346963 0.0391017 0.0394284 0.036297 0.031414 0.0264384 0.0221744 0.0185691 0.0152419
 1.0038e-16 7.8719e-05 0.000765176 0.00508487 0.0231151 0.0719196 0.153232 0.223648 0.223651 0.15325 0.0719772 0.0232816 0.00550295 0.0016781 0.00181323 0.00287489 0.00413802 0.0052124 0.00575855 0.00562089 0.00491447 0.00394301 0.00301386 0.00229458 0.00179423 0.00143743
 1.00093e-16 7.58683e-05 0.000737467 0.00490073 0.022278 0.0693152 0.147684 0.21555 0.215558 0.14772 0.0694368 0.0226291 0.00578137 0.00265741 0.0037148 0.00600185 0.00859295 0.0107096 0.0116156 0.0109731 0.00904602 0.00653281 0.00416676 0.00238751 0.00127095 0.000665011
 1.00935e-16 3.26597e-05 0.000317464 0.00210966 0.00959025 0.0298391 0.0635775 0.0928048 0.0928604 0.0638489 0.0307503 0.0122208 0.00870804 0.0147063 0.0273141 0.0449839 0.0645145 0.0805287 0.0875641 0.0830925 0.0690527 0.0506039 0.0331462 0.0198964 0.0113957 0.00654127
 1.01452e-16 7.38534e-05 0.000717881 0.00477057 0.0216863 0.0674743 0.143761 0.209825 0.209831 0.143789 0.0675661 0.0219523 0.00544096 0.00219015 0.00289562 0.00473675 0.00697039 0.00908387 0.0105948 0.0112579 0.0111695 0.0106309 0.00989729 0.00903486 0.00797586 0.0066745
 1.00801e-16 6.14006e-05 0.000596836 0.00396619 0.0180297 0.0560973 0.119522 0.174451 0.174474 0.119636 0.0564782 0.0191294 0.00672462 0.00661184 0.0114653 0.018806 0.0269644 0.0336561 0.0365992 0.0347463 0.0289217 0.0212956 0.0141305 0.00876003 0.0053818 0.00349533
 1.015e-16 5.81514e-05 0.000565252 0.0037563 0.0170756 0.0531287 0.113197 0.16522 0.165244 0.113315 0.0535239 0.0182171 0.00662202 0.0068222 0.0119442 0.0196611 0.0283313 0.0356522 0.0393068 0.038207 0.0331203 0.0261215 0.0193364 0.0139659 0.0101507 0.00745784
 1.02161e-16 5.61942e-05 0.000546228 0.00362988 0.0165009 0.0513406 0.109388 0.15966 0.159685 0.109511 0.051755 0.017698 0.00663552 0.00711027 0.0125303 0.0206462 0.0297813 0.0375414 0.0415147 0.0405709 0.0355105 0.0284828 0.0216706 0.0162767 0.0123996 0.0095598
 1.02442e-16 5.67928e-05 0.000552046 0.00366854 0.0166767 0.0518874 0.110553 0.16136 0.161384 0.110671 0.052284 0.0178223 0.00654545 0.00683622 0.0120027 0.0197819 0.028557 0.0360463 0.0399524 0.0391989 0.0345445 0.0280235 0.0216905 0.0166601 0.0130005 0.0102456
 1.05429e-16 2.47184e-05 0.000240271 0.00159669 0.00725835 0.0225837 0.048119 0.0702427 0.0702977 0.048388 0.023487 0.00986787 0.00814899 0.0145508 0.0272226 0.045016 0.0649609 0.0819269 0.0906752 0.0887546 0.0779147 0.0628341 0.0482484 0.0367432 0.0284904 0.0224071
 1.05246e-16 6.27464e-05 0.000609917 0.00405312 0.0184249 0.0573267 0.122141 0.178271 0.178281 0.122193 0.0575024 0.0189343 0.00533914 0.00344156 0.00551161 0.00919791 0.013676 0.0180996 0.0216221 0.0238126 0.0248208 0.0250946 0.0249151 0.0241764 0.0225666 0.019926
 1.02581e-16 5.75354e-05 0.000559264 0.00371651 0.0168947 0.0525659 0.111998 0.16347 0.163495 0.112122 0.0529822 0.0180969 0.0067331 0.00714089 0.0125468 0.0206245 0.0296437 0.0371536 0.0407028 0.0391749 0.0334654 0.0258912 0.0188222 0.0135859 0.0102781 0.00827852
 1.0444e-16 3.17274e-05 0.000308401 0.00204944 0.00931648 0.0289873 0.0617623 0.090154 0.0902025 0.0619991 0.0297828 0.0116146 0.00782006 0.0129123 0.0239879 0.0396551 0.0572318 0.0721922 0.0799178 0.0782367 0.0686692 0.055313 0.0423274 0.0320015 0.0245259 0.0190006
 1.04182e-16 6.33217e-05 0.00061551 0.00409028 0.0185938 0.0578524 0.123261 0.179906 0.179918 0.123321 0.0580555 0.0191821 0.00557253 0.00386943 0.0062963 0.0104476 0.0153671 0.0199982 0.0232861 0.0247122 0.0245307 0.0234575 0.0220922 0.0205743 0.0186928 0.0162439
 1.02971e-16 5.03229e-05 0.000489156 0.00325062 0.0147768 0.0459764 0.0979589 0.142981 0.143013 0.098119 0.046514 0.0163292 0.00714611 0.00898906 0.0161816 0.026642 0.0383052 0.0480286 0.0526469 0.05071 0.043356 0.0335537 0.0243439 0.0174386 0.0129829 0.0102169
 1.05997e-16 3.12951e-05 0.000304199 0.00202151 0.00918953 0.0285923 0.0609205 0.0889247 0.0889696 0.06114 0.0293295 0.0113204 0.00737578 0.0120104 0.0223153 0.0369764 0.0535725 0.0680067 0.0760841 0.0758101 0.0684897 0.0576806 0.0469122 0.038005 0.0309768 0.0250409
 1.07814e-16 5.03778e-05 0.00048969 0.00325416 0.014793 0.0460265 0.0980651 0.143133 0.143154 0.0981662 0.0463665 0.0157774 0.00573394 0.00593209 0.0104718 0.0174553 0.0256618 0.0333632 0.0388024 0.0411318 0.040815 0.0390976 0.0370189 0.0348107 0.0320688 0.0283606
 1.03394e-16 6.27044e-05 0.000609509 0.00405041 0.0184126 0.0572884 0.12206 0.178153 0.178171 0.122146 0.0575789 0.0192518 0.00615798 0.00521342 0.00881554 0.0144992 0.0209398 0.026461 0.0294003 0.0290008 0.0258537 0.021474 0.0173605 0.0142766 0.0121735 0.010589
pSPR Fmed_Fpbrs
0.55729   0.229511 0.229511
Fs Fmed_Fpbrs
0.34   1.005 1.005
SSBpbr Bo_Bmed_Bpbrs
476630  241790  85560.2 85560.2
Ro
97085
SPR SPRFo_SPRFmed_SPRFpbrs
692964 386182 159042
Fref
1.005
Nvult_r0
 120299 13357.2 1680.66 746.807 165.616
CTP_r0
 50369.1 6695.25 842.427 374.335 83.0143
YTP_r0
551616
Np
 111382 19939.2 4582.45 402.467 57.4595
Nvult_p0
 91442.9 17254.1 3965.37 348.27 49.722
CTP_p0
 38287.1 14760.3 1296.37 163.115 86.5148
 38287.1 8648.59 1987.63 174.569 24.923
YTP_p0
 585615 493791
CBA_c0
561816
log_Ro
11.3033
likeval ReclasPelacesDesembMPH_pf_preclas_ppelaces_ptallas_desvR_qrecl_qpela
 17.2625 20.0774 0.0193922 46.5793 241.318 125.701 110.365 0 21.6986 0.000149302 0.000361592 0.0321535 0 0 0
q_reclas_q_pelaces
5.62947 14.72
M
1
N
 147764 25499 30804.8 2705.72 0.155761
 92680.3 38967.9 5895.44 7122.17 625.607
 84227.8 18451.8 6086.29 920.792 1210.1
 125439 16844.9 2900.15 956.611 334.923
 93721.6 22511.6 2276.24 391.896 174.524
 193430 27627.2 6079.59 614.732 152.97
 67991.8 51543.2 6480.71 1426.13 180.085
 24691.7 11084.4 6091.36 765.888 189.822
 23851 7736.03 3259.22 1791.08 281.013
 32178.7 4252.2 1035.78 436.38 277.434
 56400.2 2778.28 207.008 50.4246 34.7503
 131203 16167.6 721.63 53.7683 22.1233
 73217.2 24342.1 2288.45 102.143 10.7421
 43407 13040.6 3254.74 305.985 15.0938
 65921.9 1285.89 142.716 35.6199 3.51389
 227277 9474.06 127.455 14.1456 3.87884
 50685.9 35503.5 1054.89 14.1915 2.00694
 284684 8794.52 4577.01 135.994 2.08825
 292155 48766.6 1113.67 579.597 17.4856
 243226 41070.2 4686.93 107.034 57.3853
 248963 43219.5 5473.57 624.643 21.9127
 289788 52070.7 7230.96 915.771 108.174
 50612.6 46145.9 5955.23 826.991 117.107
 133236 8865.13 6027.91 777.915 123.325
 146803 25696.2 1324.56 900.643 134.656
 48325.2 28447.8 3864.88 199.222 155.716
 137644 10182.5 4809.02 653.348 60.0013
 122010 29686 1778.18 839.806 124.573
 52288.5 28389.6 5763.37 345.223 187.229
 73701.8 11586.5 5148.51 1045.2 96.561
 146530 15435.8 1942.2 863.022 191.388
pred_Ctot
 27171.1 6217.34 7511.06 659.729 0.0379789
 28237.9 15171.9 2295.35 2772.97 243.576
 25516.6 7147.15 2357.48 356.662 468.724
 43008.8 7289.86 1255.08 413.987 144.943
 11986.3 3879.79 392.302 67.5418 30.0786
 34599.5 6562.45 1444.12 146.021 36.3358
 25533.5 24168.4 3038.78 668.707 84.4412
 2346.01 1432.35 787.135 98.9693 24.5291
 8233.15 3368 1418.95 779.773 122.343
 17397.7 2706.81 659.343 277.784 176.605
 8032.73 531.03 39.5668 9.63797 6.64204
 43424.9 6780.33 302.636 22.5492 9.27802
 25299 10607 997.188 44.5089 4.68086
 30152.1 10041.2 2506.13 235.607 11.6221
 27349.7 657.266 72.9471 18.2066 1.79607
 88477.3 4583.77 61.6654 6.84399 1.87667
 17974.2 15830 470.345 6.32756 0.894836
 102203 3963.95 2062.99 61.2963 0.941237
 123111 25260.5 576.867 300.224 9.05733
 84242 17933.9 2046.61 46.7381 25.0581
 71058.3 15859.8 2008.58 229.219 8.0411
 111036 24847.8 3450.56 436.999 51.6198
 17783.2 20408 2633.69 365.735 51.7902
 42197 3574.04 2430.19 313.621 49.7192
 46232.5 10307.3 531.307 361.266 54.0133
 13649.7 10340.5 1404.84 72.4152 56.601
 37581 3588.28 1694.69 230.239 21.1444
 29412.5 9328.15 558.751 263.89 39.1443
 13692.1 9628.46 1954.67 117.084 63.4994
 20995.8 4244.43 1886.03 382.882 35.3727
 35445.3 4865.83 612.242 272.051 60.3314
F
 0.332877 0.464459 0.464459 0.464459 0.464459
 0.613995 0.8567 0.8567 0.8567 0.8567
 0.609478 0.850398 0.850398 0.850398 0.850398
 0.717789 1.00152 1.00152 1.00152 1.00152
 0.221526 0.309093 0.309093 0.309093 0.309093
 0.322494 0.449973 0.449973 0.449973 0.449973
 0.813845 1.13555 1.13555 1.13555 1.13555
 0.160579 0.224054 0.224054 0.224054 0.224054
 0.724389 1.01073 1.01073 1.01073 1.01073
 1.44947 2.02243 2.02243 2.02243 2.02243
 0.249464 0.348075 0.348075 0.348075 0.348075
 0.684543 0.955135 0.955135 0.955135 0.955135
 0.725364 1.01209 1.01209 1.01209 1.01209
 2.51917 3.51496 3.51496 3.51496 3.51496
 0.939913 1.31145 1.31145 1.31145 1.31145
 0.856539 1.19512 1.19512 1.19512 1.19512
 0.751518 1.04859 1.04859 1.04859 1.04859
 0.764334 1.06647 1.06647 1.06647 1.06647
 0.962001 1.34227 1.34227 1.34227 1.34227
 0.727701 1.01535 1.01535 1.01535 1.01535
 0.5647 0.78792 0.78792 0.78792 0.78792
 0.837341 1.16833 1.16833 1.16833 1.16833
 0.742074 1.03541 1.03541 1.03541 1.03541
 0.645778 0.901047 0.901047 0.901047 0.901047
 0.641023 0.894413 0.894413 0.894413 0.894413
 0.557287 0.777577 0.777577 0.777577 0.777577
 0.533995 0.745077 0.745077 0.745077 0.745077
 0.45808 0.639155 0.639155 0.639155 0.639155
 0.506932 0.707317 0.707317 0.707317 0.707317
 0.56334 0.786021 0.786021 0.786021 0.786021
 0.459998 0.64183 0.64183 0.64183 0.64183
YTP_r0W_actual
 418064 94403 23251 12802.3 3096.44
YTP_p0W_proyectada
 288685 257568 31203.6 5108.77 3049.65
 288685 150918 47842.3 5467.52 878.535
CTP_r0_actual
 50369.1 6695.25 842.427 374.335 83.0143
CTP_p0_proyectada
 38287.1 14760.3 1296.37 163.115 86.5148
 38287.1 8648.59 1987.63 174.569 24.923
Wmedp
 7.54 17.45 24.07 31.32 35.25
Frms_r0
 0.720281 1.005 1.005 1.005 1.005
Zrms_r0
 1.72028 2.005 2.005 2.005 2.005
nmprior
 7.29 8.9 8.7 0
nm_flota  nm_reclas  nm_pelaces    nm_pelaL
inf 10.076 8.86855 17.069
cv_recla  cv_pelaces  cv_mph
0.375817 0.508073 0.567866
 ------------------------------------------------
Talla a la edad & desviaci?n 
 8 13.2811 15.8009 17.003 17.5766
 0.8 1.32811 1.58009 1.7003 1.75766
