years
 1991 1992 1993 1994 1995 1996 1997 1998 1999 2000 2001 2002 2003 2004 2005 2006 2007 2008 2009 2010 2011 2012 2013 2014 2015 2016 2017 2018 2019 2020 2021 2022 2023
reclasobs
 0 0 0 0 0 0 0 0 0 252601 567819 844713 477998 351125 339783 2.1784e+06 2.13404e+06 4.81314e+06 1.55562e+06 2.62356e+06 3.21686e+06 3.843e+06 1.13348e+06 3.07943e+06 1.97215e+06 2.03268e+06 2.025e+06 2.42433e+06 2.27542e+06 1.05018e+06 2.36338e+06 3.18982e+06 1.53035e+06
reclaspred
 5.55868e+06 2.9378e+06 1.3974e+06 1.53287e+06 1.87423e+06 3.70709e+06 2.32222e+06 1.71925e+06 970895 331905 554325 1.29066e+06 1.18031e+06 293836 690531 1.59021e+06 1.3881e+06 2.63994e+06 2.55451e+06 2.45197e+06 4.35427e+06 2.97495e+06 1.78513e+06 2.24683e+06 1.93824e+06 1.72875e+06 2.18893e+06 2.41665e+06 2.14157e+06 1.77336e+06 1.44822e+06 1.11779e+06 1.25695e+06
pelacesobs
 0 0 0 0 0 0 0 0 0 0 0 0 0 0 0 552880 188675 0 991730 2.46772e+06 1.41603e+06 1.21717e+06 2.29649e+06 1.80582e+06 0 1.4828e+06 1.56532e+06 1.57751e+06 1.42118e+06 867257 1.10002e+06 1.06204e+06 0
pelacespred
 3.1598e+06 1.68823e+06 758657 771168 1.16691e+06 2.37978e+06 1.24029e+06 1.2171e+06 575682 139584 367481 706793 663967 98415.2 424221 824374 678871 1.51951e+06 1.42739e+06 1.28315e+06 2.46206e+06 1.63889e+06 960141 1.42836e+06 1.13393e+06 1.00457e+06 1.58587e+06 1.646e+06 1.23341e+06 1.13066e+06 765914 605522 704927
mphobs
 0 0 0 0 0 0 0 0 0 0 0 0 498337 0 5186 125008 0 168611 109162 213762 579715 649985 157893 87575 83554 210694 70296 0 107559 103333 445601 22526 28222
mphpred
 738670 502327 219758 128884 193588 278709 459321 194623 162844 61274.9 18490.2 99741 164619 69756.8 9737.44 80244.4 205971 126057 265916 213443 335623 354075 225497 124401 226210 197721 146314 236682 320755 190705 149971 127923 61129.1
desembarqueobs
 494567 514787 250237 358949 120608 361735 552515 73892 212993 205616 52469 317467 293654 387597 252695 516296 358380 742168 942051 627588 828172 859565 418607 520667 417249 300574 415391 372974 316634 284311 391294 218835 356480
desembarquepred
 494552 514452 250375 358935 120608 361710 552467 73897.6 213074 205687 52470.6 317427 293708 387595 252574 516127 358356 741824 941178 627089 828236 859419 418525 520714 417094 300557 415321 372894 316463 284109 391238 218897 356532
Reclutas
 142351 95489 84877.4 127693 91505.7 194564 68034.6 23557.3 22939.2 31324.9 51435.3 129859 70975.5 46307.2 64697.1 220623 48360.1 280408 279609 246833 235595 295775 52267 125671 150153 46671.8 128815 121160 54610.4 81531.2 72236.3 26466.8 102906
log_desv_Rt
 0.451553 0.0522676 -0.0655347 0.342889 0.0096578 0.76402 -0.286727 -1.34731 -1.3739 -1.06233 -0.566419 0.359709 -0.244408 -0.671446 -0.337027 0.889712 -0.628068 1.1295 1.12665 1.00197 0.955372 1.18286 -0.550379 0.326924 0.504911 -0.663603 0.351635 0.290372 -0.506518 -0.105757 -0.226801 -1.23085 0.127072
SSB
 738670 502327 219758 128884 193588 278709 459321 194623 162844 61274.9 18490.2 99741 154740 66724.6 9309.21 76843 205971 126057 278894 222182 360803 412471 283037 145057 239487 228362 154277 236682 337809 184279 177618 157836 66397.2
BT
 1.27721e+06 956241 432728 572570 467341 1.20652e+06 822179 455891 390762 243279 203042 539198 492055 427596 446811 770533 487389 1.32485e+06 1.44287e+06 972731 1.63631e+06 1.32413e+06 660484 1.10206e+06 745059 584655 1.09349e+06 949796 609135 674528 595873 373061 612093
Ftot
 0.47688 0.886529 0.880952 0.972867 0.305997 0.4314 1.12468 0.226184 1.0373 2.20439 0.36926 0.967032 1.06283 3.4441 1.24869 1.16561 1.11924 1.05649 1.38261 1.00629 0.808616 1.18079 1.0661 0.920263 0.901184 0.800928 0.766524 0.638966 0.726735 0.713687 1.11487 0.910227 1.06668
BD_Bspro_t
 0.926537 0.56444 0.294466 0.213151 0.264655 0.389655 0.450531 0.23576 0.265169 0.145521 0.0665081 0.356244 0.313045 0.137801 0.0237641 0.163822 0.243572 0.157253 0.241077 0.1807 0.2178 0.236143 0.191993 0.126702 0.217575 0.243842 0.21361 0.322754 0.385423 0.26706 0.277586 0.227496 0.168173
BD_Bspro
 1.13136 0.769377 0.336586 0.197402 0.296503 0.426877 0.703507 0.298089 0.249416 0.0938501 0.02832 0.152766 0.237004 0.102197 0.0142582 0.117695 0.31547 0.193071 0.427161 0.340299 0.552615 0.63175 0.433506 0.222173 0.366804 0.349764 0.236294 0.362507 0.517396 0.282246 0.272043 0.241745 0.101695
BD_Bo
 1.68655 1.14693 0.501756 0.294271 0.442004 0.636356 1.04873 0.444368 0.37181 0.139904 0.0422172 0.227731 0.353307 0.152347 0.021255 0.17545 0.470278 0.287816 0.636778 0.507291 0.823796 0.941763 0.646237 0.331198 0.546803 0.521401 0.352249 0.540398 0.771293 0.420751 0.405541 0.360375 0.1516
BD_Brms
 10.108 6.8739 3.00719 1.76366 2.64907 3.81389 6.2854 2.66324 2.22838 0.838492 0.253021 1.36487 2.11749 0.913066 0.127388 1.05153 2.81853 1.72497 3.81642 3.04036 4.93727 5.64429 3.87311 1.98498 3.27717 3.12493 2.11114 3.23878 4.62261 2.5217 2.43054 2.15984 0.908586
Sel_flota
 0.779056 1 1 1 1
 0.779056 1 1 1 1
 0.779056 1 1 1 1
 0.779056 1 1 1 1
 0.779056 1 1 1 1
 0.779056 1 1 1 1
 0.779056 1 1 1 1
 0.779056 1 1 1 1
 0.779056 1 1 1 1
 0.779056 1 1 1 1
 0.779056 1 1 1 1
 0.779056 1 1 1 1
 0.779056 1 1 1 1
 0.779056 1 1 1 1
 0.779056 1 1 1 1
 0.779056 1 1 1 1
 0.779056 1 1 1 1
 0.779056 1 1 1 1
 0.779056 1 1 1 1
 0.779056 1 1 1 1
 0.779056 1 1 1 1
 0.779056 1 1 1 1
 0.779056 1 1 1 1
 0.779056 1 1 1 1
 0.779056 1 1 1 1
 0.779056 1 1 1 1
 0.779056 1 1 1 1
 0.779056 1 1 1 1
 0.779056 1 1 1 1
 0.779056 1 1 1 1
 0.779056 1 1 1 1
 0.779056 1 1 1 1
 0.779056 1 1 1 1
Sel_reclas
 0.406887 0.775406 0.945578 0.988693 0.997733
 0.406887 0.775406 0.945578 0.988693 0.997733
 0.406887 0.775406 0.945578 0.988693 0.997733
 0.406887 0.775406 0.945578 0.988693 0.997733
 0.406887 0.775406 0.945578 0.988693 0.997733
 0.406887 0.775406 0.945578 0.988693 0.997733
 0.406887 0.775406 0.945578 0.988693 0.997733
 0.406887 0.775406 0.945578 0.988693 0.997733
 0.406887 0.775406 0.945578 0.988693 0.997733
 0.406887 0.775406 0.945578 0.988693 0.997733
 0.406887 0.775406 0.945578 0.988693 0.997733
 0.406887 0.775406 0.945578 0.988693 0.997733
 0.406887 0.775406 0.945578 0.988693 0.997733
 0.406887 0.775406 0.945578 0.988693 0.997733
 0.406887 0.775406 0.945578 0.988693 0.997733
 0.406887 0.775406 0.945578 0.988693 0.997733
 0.406887 0.775406 0.945578 0.988693 0.997733
 0.406887 0.775406 0.945578 0.988693 0.997733
 0.406887 0.775406 0.945578 0.988693 0.997733
 0.406887 0.775406 0.945578 0.988693 0.997733
 0.406887 0.775406 0.945578 0.988693 0.997733
 0.406887 0.775406 0.945578 0.988693 0.997733
 0.406887 0.775406 0.945578 0.988693 0.997733
 0.406887 0.775406 0.945578 0.988693 0.997733
 0.406887 0.775406 0.945578 0.988693 0.997733
 0.406887 0.775406 0.945578 0.988693 0.997733
 0.406887 0.775406 0.945578 0.988693 0.997733
 0.406887 0.775406 0.945578 0.988693 0.997733
 0.406887 0.775406 0.945578 0.988693 0.997733
 0.406887 0.775406 0.945578 0.988693 0.997733
 0.406887 0.775406 0.945578 0.988693 0.997733
 0.406887 0.775406 0.945578 0.988693 0.997733
 0.406887 0.775406 0.945578 0.988693 0.997733
Sel_pelaces
 0.5 1 1 1 1
 0.5 1 1 1 1
 0.5 1 1 1 1
 0.5 1 1 1 1
 0.5 1 1 1 1
 0.5 1 1 1 1
 0.5 1 1 1 1
 0.5 1 1 1 1
 0.5 1 1 1 1
 0.5 1 1 1 1
 0.5 1 1 1 1
 0.5 1 1 1 1
 0.5 1 1 1 1
 0.5 1 1 1 1
 0.5 1 1 1 1
 0.5 1 1 1 1
 0.5 1 1 1 1
 0.5 1 1 1 1
 0.5 1 1 1 1
 0.5 1 1 1 1
 0.5 1 1 1 1
 0.5 1 1 1 1
 0.5 1 1 1 1
 0.5 1 1 1 1
 0.5 1 1 1 1
 0.5 1 1 1 1
 0.5 1 1 1 1
 0.5 1 1 1 1
 0.5 1 1 1 1
 0.5 1 1 1 1
 0.5 1 1 1 1
 0.5 1 1 1 1
 0.5 1 1 1 1
pf_obs 
 0.8446 0.082 0.0669 0.0065 0
 0.8095 0.147 0.0364 0.0071 0
 0.9664 0.0169 0.016 0.0007 0
 0.9276 0.0648 0.0075 0.0001 0
 0.7033 0.2144 0.0806 0.0017 0
 0.9318 0.0425 0.0243 0.0014 0
 0.5671 0.3108 0.0964 0.0239 0.0018
 0.0768 0.2599 0.5324 0.112 0.0189
 0.490249 0.384438 0.106611 0.0170017 0.00170017
 0.7925 0.1577 0.0466 0.003 0.0002
 0.840416 0.127587 0.0312969 0.00059994 9.999e-05
 0.8084 0.0986 0.0794 0.0134 0.0002
 0.7335 0.1905 0.0724 0.0035 0.0001
 0.4001 0.4547 0.1325 0.0127 0
 0.49795 0.308269 0.164784 0.0264974 0.00249975
 0.9179 0.0499 0.0305 0.0017 0
 0.2467 0.6533 0.0926 0.0074 0
 0.9418 0.0223 0.034 0.0019 0
 0.707729 0.231977 0.0356964 0.0245975 0
 0.517169 0.277429 0.184464 0.0207286 0.00020938
 0.811772 0.124168 0.05621 0.00726502 0.000585176
 0.764997 0.148141 0.077277 0.00933861 0.000247198
 0.163321 0.427699 0.378323 0.0303852 0.000271297
 0.753843 0.0900009 0.118128 0.0371064 0.000921714
 0.721811 0.176058 0.0630433 0.0369309 0.00215725
 0.143369 0.312575 0.442814 0.0836902 0.0175525
 0.692698 0.0596174 0.167031 0.0765114 0.00414204
 0.394062 0.376323 0.152708 0.0712218 0.00568511
 0.125707 0.32114 0.495352 0.0537591 0.00404204
 0.23352 0.215282 0.420074 0.123614 0.00750983
 0.796117 0.104755 0.0508955 0.0450114 0.00322123
 0.162477 0.292055 0.404252 0.121198 0.0200186
 0 0 0 0 0
pf_pred 
 0.670603 0.147262 0.167109 0.0150251 8.44679e-07
 0.619223 0.280259 0.0449383 0.0509951 0.0045853
 0.738965 0.183506 0.0570624 0.00914972 0.0113165
 0.845987 0.123914 0.0211595 0.00657968 0.0023599
 0.747527 0.224738 0.0223148 0.00381048 0.00160987
 0.825614 0.139219 0.0313042 0.00310827 0.000755011
 0.49418 0.437852 0.0542615 0.012201 0.00150574
 0.517194 0.287834 0.168773 0.0209155 0.00528336
 0.609651 0.228829 0.0962931 0.056462 0.00876466
 0.838963 0.112639 0.0283714 0.0119389 0.00808711
 0.947615 0.047387 0.00349599 0.000880564 0.000621548
 0.880739 0.114566 0.00424741 0.000313354 0.000134638
 0.709558 0.266002 0.0234775 0.000870404 9.18051e-05
 0.74718 0.198512 0.0497381 0.00438991 0.000179917
 0.976427 0.0205593 0.00236647 0.000592929 5.4477e-05
 0.953564 0.0457196 0.000624421 7.18736e-05 1.96628e-05
 0.548381 0.437608 0.0137943 0.000188397 2.76179e-05
 0.95372 0.0299449 0.0158279 0.000498927 7.81307e-06
 0.837369 0.157517 0.0033088 0.00174892 5.59928e-05
 0.840851 0.14169 0.0169108 0.000355229 0.000193774
 0.807287 0.1709 0.0194199 0.00231779 7.52458e-05
 0.82389 0.151041 0.022232 0.00252628 0.000311304
 0.471919 0.463153 0.0556859 0.00819653 0.00104617
 0.877871 0.0698878 0.045818 0.00550881 0.000914347
 0.835564 0.150158 0.00817034 0.00535643 0.000750909
 0.555205 0.391923 0.0482807 0.00262703 0.00196371
 0.881669 0.0759662 0.037329 0.00459852 0.000437247
 0.777182 0.203689 0.0122807 0.00603459 0.000814082
 0.58039 0.348376 0.0651182 0.00392607 0.00218949
 0.796427 0.134911 0.0570056 0.0106555 0.0010007
 0.751062 0.210913 0.0251997 0.0106479 0.00217722
 0.619633 0.311855 0.0580471 0.00693543 0.00352971
 0.927463 0.0510747 0.0175963 0.00327528 0.00059049
pobs_RECLAS
 0 0 0 0 0
 0 0 0 0 0
 0 0 0 0 0
 0 0 0 0 0
 0 0 0 0 0
 0 0 0 0 0
 0 0 0 0 0
 0 0 0 0 0
 0 0 0 0 0
 0 0 0 0 0
 0.991045 0.00858322 0.000360255 1.14367e-05 0
 0.934742 0.0480273 0.0164251 0.00080598 0
 0.827803 0.169806 0.00239088 0 0
 0.941827 0.0461693 0.0120037 0 0
 0.791401 0.0380133 0.147996 0.0225897 0
 0.846168 0.0940531 0.0597789 0 0
 0.134021 0.677848 0.182769 0.00536245 0
 0.80878 0.0450904 0.141981 0.00414843 0
 0.846168 0.0940531 0.0597789 0 0
 0.905697 0.0802665 0.012482 0.00150086 5.37128e-05
 0.989698 0.0102097 9.19794e-05 0 0
 0.975433 0.0193895 0.00387452 0.00125025 5.28907e-05
 0.303575 0.632131 0.0575291 0.00676475 0
 0.966965 0.00978017 0.0227588 0.000495775 0
 0.843318 0.132988 0.00938335 0.0141283 0.000182051
 0.564624 0.303363 0.111486 0.0197234 0.00080311
 0.826376 0.0876187 0.0782897 0.00655872 0.00115652
 0.89761 0.0855135 0.0140674 0.00269457 0.000114338
 0.34875 0.467042 0.161289 0.0227151 0.000203297
 0.318654 0.224769 0.449479 0.00709798 0
 0.937255 0.0296025 0.0250945 0.00804832 0
 0.456809 0.399803 0.12412 0.0192676 0
 0.883104 0.0372192 0.0704036 0.00927362 0
ppred_RECLAS
 0.552566 0.177982 0.246296 0.0231545 1.3136e-06
 0.513677 0.33572 0.0656454 0.0778897 0.0070676
 0.646849 0.232012 0.0879788 0.0147503 0.0184102
 0.784933 0.165379 0.0344379 0.0111969 0.00405266
 0.661998 0.293425 0.035529 0.00634357 0.00270457
 0.755062 0.187025 0.051283 0.0053242 0.00130509
 0.398881 0.504684 0.0762698 0.0179317 0.0022332
 0.399082 0.328135 0.234629 0.0304026 0.0077501
 0.497415 0.267752 0.137399 0.0842382 0.0131959
 0.784152 0.140646 0.0432004 0.0190079 0.0129932
 0.92319 0.0679409 0.00611239 0.00160978 0.00114665
 0.835729 0.156417 0.00707164 0.000545501 0.000236527
 0.626079 0.336185 0.0361837 0.00140264 0.000149295
 0.70009 0.224667 0.0686452 0.00633492 0.000262006
 0.96593 0.0288592 0.00405084 0.00106123 9.83953e-05
 0.934894 0.0638785 0.00106389 0.000128042 3.53494e-05
 0.457791 0.521821 0.0200588 0.000286446 4.23752e-05
 0.930272 0.04185 0.0269752 0.000889083 1.40501e-05
 0.783919 0.207725 0.00532107 0.00294079 9.50119e-05
 0.782206 0.189304 0.0275521 0.000605148 0.00033312
 0.738174 0.226409 0.0313737 0.00391523 0.000128268
 0.760937 0.198644 0.0356557 0.0042364 0.000526808
 0.377728 0.530908 0.077841 0.01198 0.00154305
 0.819653 0.0940868 0.0752199 0.00945622 0.00158389
 0.775188 0.201035 0.0133393 0.00914389 0.00129359
 0.456182 0.466709 0.0701112 0.0039888 0.00300889
 0.826062 0.1033 0.0619004 0.00797316 0.000765053
 0.70088 0.267923 0.0196985 0.010121 0.00137783
 0.478231 0.417282 0.0951158 0.00599615 0.0033745
 0.71404 0.175919 0.0906461 0.0177161 0.00167901
 0.67077 0.26912 0.0392109 0.0173237 0.00357463
 0.520303 0.377743 0.0857419 0.0107115 0.00550134
 0.893161 0.0704384 0.0295932 0.0057595 0.00104786
pobs_PELACES
 0 0 0 0 0
 0 0 0 0 0
 0 0 0 0 0
 0 0 0 0 0
 0 0 0 0 0
 0 0 0 0 0
 0 0 0 0 0
 0 0 0 0 0
 0 0 0 0 0
 0 0 0 0 0
 0 0 0 0 0
 0 0 0 0 0
 0 0 0 0 0
 0 0 0 0 0
 0 0 0 0 0
 0 0 0 0 0
 0.505614 0.472636 0.0217494 0 0
 0 0 0 0 0
 0.443492 0.261883 0.143347 0.151278 0
 0.227955 0.32914 0.350689 0.0885471 0.00366901
 0.970185 0.0296113 0.000203453 0 0
 0.997202 0.00247181 0.000326279 0 0
 0.445219 0.490057 0.0546422 0.010081 0
 0.90214 0.0892962 0.00764917 0.000914606 0
 0 0 0 0 0
 0.581667 0.319106 0.0959925 0.00289975 0.000334073
 0.762889 0.0836404 0.116647 0.0363945 0.000428098
 0.88444 0.0763242 0.0277011 0.0115352 0
 0.521256 0.241999 0.230069 0.00667565 0
 0.616807 0.101726 0.260614 0.0208532 0
 0.833518 0.0704572 0.0857862 0.0102388 0
 0.697417 0.212968 0.0787535 0.0105354 0.000325836
 0 0 0 0 0
ppred_PELACES
 0.577937 0.188689 0.214121 0.0192519 1.08231e-06
 0.533738 0.343177 0.055027 0.0624436 0.00561471
 0.665712 0.235003 0.0730756 0.0117174 0.0144922
 0.796173 0.163993 0.0280034 0.00870783 0.00312319
 0.661791 0.301056 0.0298926 0.00510447 0.00215656
 0.760148 0.191483 0.043056 0.00427515 0.00103845
 0.414386 0.506923 0.0628213 0.0141257 0.00174328
 0.412584 0.350199 0.205341 0.0254472 0.00642812
 0.528129 0.276619 0.116403 0.0682536 0.0105951
 0.813565 0.130404 0.032846 0.0138218 0.00936259
 0.923264 0.0694141 0.00512105 0.00128988 0.000910466
 0.839946 0.153753 0.00570021 0.000420535 0.00018069
 0.637173 0.332297 0.0293287 0.00108733 0.000114685
 0.749806 0.19645 0.0492214 0.0043443 0.000178048
 0.96822 0.0277171 0.00319036 0.000799358 7.34433e-05
 0.937298 0.0617355 0.00084316 9.70514e-05 2.65508e-05
 0.467766 0.515723 0.0162566 0.000222027 3.25478e-05
 0.936718 0.0409463 0.0216429 0.000682228 1.06835e-05
 0.79391 0.19961 0.004193 0.00221628 7.09557e-05
 0.790449 0.186562 0.0222664 0.000467727 0.00025514
 0.745048 0.226094 0.0256917 0.00306634 9.95472e-05
 0.77334 0.194394 0.0286133 0.00325141 0.000400658
 0.391224 0.533926 0.0641951 0.00944902 0.00120603
 0.835522 0.0941219 0.0617058 0.00741903 0.0012314
 0.781803 0.199251 0.0108416 0.00710767 0.000996412
 0.465242 0.471193 0.0580459 0.00315837 0.00236088
 0.838001 0.104 0.0511046 0.00629553 0.000598606
 0.704781 0.269874 0.0162711 0.00799545 0.00107861
 0.488747 0.424461 0.0793401 0.00478353 0.00266767
 0.72973 0.179113 0.0756825 0.0141465 0.00132857
 0.685788 0.266216 0.0318073 0.0134399 0.00274811
 0.534861 0.381358 0.0709841 0.00848112 0.00431638
 0.901917 0.0690628 0.0237935 0.0044288 0.000798455
pobs_pel_tallas
 0 0 0 0 0 0 0 0 0 0 0 0 0 0 0 0 0 0 0 0 0 0 0 0 0 0
 0 0 0 0 0 0 0 0 0 0 0 0 0 0 0 0 0 0 0 0 0 0 0 0 0 0
 0 0 0 0 0 0 0 0 0 0 0 0 0 0 0 0 0 0 0 0 0 0 0 0 0 0
 0 0 0 0 0 0 0 0 0 0 0 0 0 0 0 0 0 0 0 0 0 0 0 0 0 0
 0 0 0 0 0 0 0 0 0 0 0 0 0 0 0 0 0 0 0 0 0 0 0 0 0 0
 0 0 0 0 0 0 0 0 0 0 0 0 0 0 0 0 0 0 0 0 0 0 0 0 0 0
 0 0 0 0 0 0 0 0 0 0 0 0 0 0 0 0 0 0 0 0 0 0 0 0 0 0
 0 0 0 0 0 0 0 0 0 0 0 0 0 0 0 0 0 0 0 0 0 0 0 0 0 0
 0 0 0 0 0 0 0 0 0 0 0 0 0 0 0 0 0 0 0 0 0 0 0 0 0 0
 0 0 0 0 0 0 0 0 0 0 0 0 0 0 0 0 0 0 0 0 0 0 0 0 0 0
 0 0 0 0 0 0 0 0 0 0 0 0 0 0 0 0 0 0 0 0 0 0 0 0 0 0
 0 0 0 0 0 0 0 0 0 0 0 0 0 0 0 0 0 0 0 0 0 0 0 0 0 0
 0.00862536 0 0 0.000197151 0.00414017 0.0128641 0.00837892 0.0270097 0.101434 0.158115 0.152841 0.127902 0.109271 0.109419 0.0830992 0.0579132 0.0238553 0.00714673 0.00463305 0.00128148 0.00103504 0.000492878 0.000147863 0.000147863 4.92878e-05 0
 0 0 0 0 0 0 0 0 0 0 0 0 0 0 0 0 0 0 0 0 0 0 0 0 0 0
 0 0 0 0 0 0 0 0.0054083 0.00873648 0.0413646 0.0450493 0.0745869 0.0622846 0.0627006 0.0613931 0.0827291 0.12552 0.122667 0.0946155 0.0697135 0.0546179 0.0294188 0.0215738 0.0213955 0.0102223 0.00600262
 0 0 0 0 0.00359764 0.0251062 0.0480494 0.140153 0.205849 0.193036 0.1447 0.116669 0.0760912 0.0342217 0.00950174 0.001854 0.000860785 0 0 0 0.000165536 0 0.000143464 0 0 0
 0 0 0 0 0 0 0 0.000145254 0.000435761 0.0275982 0.070085 0.0708112 0.156366 0.174668 0.174014 0.160142 0.0824315 0.0480064 0.0283245 0.00493863 0.00203355 0 0 0 0 0
 0 0 0 0 0 0 0 0 0 0 0 0 0 0 0 0 0 0 0 0 0 0 0 0 0 0
 0 0 1.00437e-05 0.000401748 0.00122533 0.00171747 0.00176769 0.0269171 0.070346 0.194647 0.189555 0.159765 0.064822 0.0314167 0.0384472 0.0292271 0.0345202 0.0313363 0.0194345 0.0106764 0.0143323 0.0359363 0.0279516 0.0138201 0.00172751 0
 0 0.0021121 0.0136068 0.0755702 0.200478 0.177729 0.0527432 0.0373336 0.0318909 0.0142505 0.0149659 0.0166563 0.0217959 0.0798694 0.0677717 0.0528807 0.04013 0.0224614 0.0357745 0.0225083 0.00881397 0.00855152 0.00135912 0.000746735 0 0
 0 0 0 0 5.4009e-05 0.00500934 0.000945158 0.0243581 0.138947 0.33067 0.221406 0.137944 0.0707744 0.0437923 0.0131692 0.00525238 0.0047753 0.00276346 9.45158e-05 9.00151e-06 2.25038e-05 9.00151e-06 4.50075e-06 0 0 0
 0.000866109 0.00284123 0.00948549 0.0512746 0.133035 0.25785 0.225252 0.132002 0.0553304 0.0519788 0.0540692 0.017754 0.00435017 0.00159236 0.00146478 0.000404838 0.000125132 0.000115318 0.000107957 0.000100596 0 0 0 0 0 0
 0 0 0 0 0.00144013 0.00171154 0.00461396 0.0210425 0.0478622 0.0707936 0.0888783 0.103762 0.0637923 0.0337046 0.0602308 0.124433 0.169614 0.0934646 0.0462172 0.0250306 0.0313229 0.00938855 0.002487 0.000210481 0 0
 0 0.00764035 0.051015 0.0998891 0.058973 0.0496711 0.0374665 0.0718981 0.12319 0.153886 0.159021 0.0857701 0.0377988 0.023471 0.0147837 0.00900784 0.00315554 0.000888139 0.00291439 0.00214683 0.00393193 0.00274676 0.000635225 9.99891e-05 0 0
 0 0 0 0 0 0 0 0 0 0 0 0 0 0 0 0 0 0 0 0 0 0 0 0 0 0
 0 0 0 0 0 0 0 0 0 0 0 0 0 0 0 0 0 0 0 0 0 0 0 0 0 0
 0 0 0 0 0 0 0 0 0 0 0 0 0 0 0 0 0 0 0 0 0 0 0 0 0 0
 0 0 0 0 0 0 0 0 0 0 0 0 0 0 0 0 0 0 0 0 0 0 0 0 0 0
 0 0 0 0 0 0 0 0 0 0 0 0 0 0 0 0 0 0 0 0 0 0 0 0 0 0
 0 0 0 0 0 0 0 0 0 0 0 0 0 0 0 0 0 0 0 0 0 0 0 0 0 0
 0 0 0 0 0 0 0 0 0 0 0 0 0 0 0 0 0 0 0 0 0 0 0 0 0 0
 0 0 0 0 0 0 0 0 0 0 0 0 0 0 0 0 0 0 0 0 0 0 0 0 0 0
 0 0 0 0 0 0 0 0 0 0 0 0 0 0 0 0 0 0 0 0 0 0 0 0 0 0
ppred_pel_tallas
 1.08159e-16 4.76039e-05 0.000462727 0.00307499 0.0139785 0.0434922 0.0926655 0.135252 0.13527 0.0927559 0.0437968 0.0148617 0.00530616 0.00537994 0.00952243 0.0160215 0.0238981 0.0317625 0.0381651 0.0423354 0.0444544 0.0451742 0.0448525 0.0432323 0.0398046 0.0344327
 1.08889e-16 4.39633e-05 0.000427339 0.00283982 0.0129094 0.0401662 0.0855796 0.124913 0.124946 0.0857414 0.0407095 0.0144791 0.00678148 0.00903784 0.0164149 0.027118 0.0391866 0.0495657 0.0551909 0.0547071 0.0492885 0.0418157 0.035076 0.0303881 0.0274638 0.0252098
 1.05797e-16 5.48338e-05 0.000533005 0.003542 0.0161014 0.0500977 0.106739 0.155794 0.155817 0.10685 0.0504707 0.0171796 0.0062515 0.00645848 0.0113397 0.0187423 0.0271869 0.0345959 0.0388814 0.0390765 0.0358776 0.0310969 0.0264881 0.022886 0.020165 0.0177743
 1.02252e-16 6.55798e-05 0.000637459 0.00423614 0.0192569 0.0599154 0.127657 0.186322 0.186338 0.127734 0.0601749 0.0200066 0.00611839 0.00474794 0.00787662 0.0129298 0.0186479 0.023511 0.0260159 0.0254714 0.0224011 0.0181722 0.0141594 0.0110981 0.00900241 0.00750502
 1.01817e-16 5.45109e-05 0.000529865 0.00352114 0.0160066 0.0498027 0.106111 0.154878 0.154907 0.106253 0.0502783 0.0173801 0.00696768 0.00805017 0.0143265 0.0235708 0.0338844 0.0424725 0.0465219 0.0447309 0.0380848 0.0291942 0.0207529 0.0143075 0.0100459 0.00736757
 1.01896e-16 6.26124e-05 0.000608615 0.00404446 0.0183855 0.0572043 0.121881 0.177892 0.177911 0.121971 0.0575076 0.0192618 0.00624523 0.00541659 0.00920449 0.0151452 0.0218741 0.0276358 0.0306758 0.0301694 0.0266874 0.0217691 0.0169663 0.0131176 0.0102735 0.00809013
 1.03655e-16 3.41326e-05 0.000331781 0.0022048 0.0100227 0.0311847 0.0664441 0.0969874 0.0970362 0.0666828 0.031986 0.0123369 0.00801301 0.0130086 0.0241022 0.0397716 0.0572412 0.071879 0.078977 0.0763521 0.0656379 0.0511648 0.0373719 0.0267658 0.0196005 0.0148628
 1.09656e-16 3.39841e-05 0.000330337 0.00219521 0.00997913 0.0310489 0.0661543 0.0965613 0.0965953 0.0663206 0.0316079 0.0115966 0.00626715 0.00925858 0.017105 0.0285232 0.0417811 0.0539892 0.0621703 0.0648729 0.0628838 0.0583906 0.0533507 0.0484465 0.0432753 0.0372621
 1.12068e-16 4.35014e-05 0.000422849 0.00280998 0.0127738 0.0397441 0.08468 0.123599 0.123625 0.0848111 0.0401845 0.0140477 0.00601483 0.00744304 0.0134475 0.0223521 0.0326466 0.042022 0.048157 0.0500165 0.0484219 0.0453452 0.0425115 0.0404451 0.0385496 0.0358857
 1.03952e-16 6.70123e-05 0.000651384 0.00432867 0.0196775 0.0612242 0.130445 0.190391 0.190404 0.130507 0.0614309 0.0202752 0.00583019 0.0039339 0.00631511 0.0103715 0.0150239 0.0190872 0.0214052 0.0214591 0.0196689 0.0170817 0.0147029 0.0129961 0.0118485 0.0108748
 1.0045e-16 7.60481e-05 0.000739214 0.00491234 0.0223308 0.0694794 0.148033 0.216061 0.216067 0.148066 0.069589 0.0226473 0.00570641 0.00247146 0.00336233 0.00542892 0.00779132 0.00975183 0.0106563 0.0102054 0.00863164 0.00654675 0.00458314 0.00310587 0.00215943 0.0015977
 1.00277e-16 6.91853e-05 0.000672505 0.00446904 0.0203156 0.0632094 0.134675 0.196565 0.19658 0.134747 0.063452 0.0210159 0.00622556 0.00450267 0.00733052 0.0119756 0.0171651 0.0214176 0.0232742 0.0220626 0.0183025 0.0133736 0.00872027 0.00520322 0.00296608 0.0017094
 1.0106e-16 5.24831e-05 0.000510155 0.00339016 0.0154112 0.0479501 0.102164 0.149118 0.14915 0.10232 0.0484749 0.0169266 0.0071925 0.00880543 0.0157911 0.0259812 0.0373229 0.0467225 0.0510576 0.0488767 0.0412624 0.0311106 0.0214303 0.0139822 0.00903223 0.00596451
 1.01937e-16 6.17606e-05 0.000600335 0.00398944 0.0181354 0.0564261 0.120223 0.175472 0.175491 0.120315 0.0567374 0.019035 0.00624905 0.00553803 0.00945369 0.0155681 0.0225054 0.0284746 0.031682 0.0312795 0.0278387 0.0229117 0.0180575 0.0141097 0.0111132 0.00873208
 1.00192e-16 7.9751e-05 0.000775208 0.00515153 0.0234181 0.0728624 0.155241 0.22658 0.226582 0.155254 0.0729062 0.0235446 0.00546902 0.00146809 0.00139508 0.00217858 0.00312687 0.00392403 0.00430759 0.00415792 0.00356492 0.00276653 0.00200703 0.00142481 0.00103436 0.000779816
 1.00055e-16 7.7204e-05 0.00075045 0.00498701 0.0226702 0.0705355 0.150283 0.219344 0.21935 0.150312 0.0706328 0.0229512 0.00569177 0.00228685 0.0029889 0.00480277 0.00687275 0.00856176 0.00927869 0.00875307 0.00719674 0.00517086 0.00326513 0.00183413 0.000940163 0.000461372
 1.00629e-16 3.85294e-05 0.000374519 0.00248881 0.0113138 0.0352018 0.0750029 0.109479 0.109529 0.0752453 0.0360153 0.0136624 0.00837946 0.0132184 0.024386 0.0401344 0.0575297 0.0717502 0.0779066 0.0737404 0.0609982 0.0443211 0.0285758 0.0166746 0.00911928 0.0049142
 1.00706e-16 7.71562e-05 0.000749986 0.00498392 0.0226562 0.0704918 0.15019 0.219208 0.219212 0.15021 0.0705571 0.022845 0.00545893 0.00179071 0.0020647 0.00331977 0.00484063 0.00622286 0.00710493 0.00731021 0.00693063 0.00623236 0.00546578 0.00473944 0.00403454 0.00330312
 1.00407e-16 6.53933e-05 0.000635647 0.0042241 0.0192021 0.0597451 0.127294 0.185793 0.185812 0.127388 0.0600599 0.020111 0.00650352 0.00560534 0.00948521 0.0155289 0.0222497 0.02774 0.0301055 0.0284764 0.0235371 0.0170949 0.0110418 0.0065053 0.00366879 0.00212693
 1.00781e-16 6.51083e-05 0.000632876 0.00420568 0.0191184 0.0594846 0.126739 0.184983 0.185001 0.126827 0.0597795 0.0199699 0.0063425 0.00529601 0.00891658 0.0146252 0.0210311 0.0263793 0.0289233 0.0278485 0.0237495 0.0182232 0.0129209 0.00879764 0.00598716 0.00415335
 1.01124e-16 6.13687e-05 0.000596525 0.00396412 0.0180203 0.0560681 0.11946 0.17436 0.174381 0.119566 0.0564254 0.0190521 0.00655349 0.00624714 0.0107869 0.0177199 0.0254818 0.0319608 0.0350436 0.0337478 0.0288006 0.0221435 0.0157802 0.0108621 0.0075374 0.0053799
 1.0127e-16 6.36991e-05 0.000619178 0.00411465 0.0187046 0.0581972 0.123996 0.18098 0.180998 0.124087 0.0585046 0.0195925 0.00634337 0.00548442 0.0093034 0.0152785 0.0219995 0.0276548 0.030438 0.029507 0.0254734 0.0199743 0.0146879 0.0105615 0.00769884 0.00573766
 1.03141e-16 3.22247e-05 0.000313236 0.00208156 0.00946252 0.0294417 0.0627305 0.0915678 0.0916192 0.0629819 0.0302856 0.0118996 0.00819792 0.0136617 0.0253724 0.0418657 0.0602358 0.075596 0.0829735 0.0800558 0.0685577 0.0530489 0.0382315 0.0267892 0.0190399 0.0139582
 1.02758e-16 6.88209e-05 0.000668963 0.0044455 0.0202086 0.0628765 0.133965 0.195528 0.195537 0.13401 0.0630269 0.0206441 0.00554225 0.00307531 0.00467443 0.00771138 0.0113171 0.0146793 0.0170039 0.0179013 0.0175673 0.0165562 0.0153496 0.0140912 0.0126545 0.0108964
 1.01246e-16 6.43961e-05 0.000625954 0.00415968 0.0189093 0.058834 0.125353 0.18296 0.182979 0.125447 0.0591485 0.0198174 0.00643788 0.00559506 0.00948926 0.0155536 0.0223244 0.0279179 0.0304635 0.0291059 0.024523 0.0184875 0.0128314 0.00861143 0.00595028 0.00441083
 1.02512e-16 3.83214e-05 0.000372498 0.00247538 0.0112528 0.0350118 0.0745979 0.108887 0.108933 0.0748197 0.0357565 0.0134035 0.0078732 0.0121527 0.0224014 0.0369472 0.0531561 0.0667045 0.0731981 0.0705881 0.0603792 0.0465992 0.0334019 0.0231719 0.0162168 0.0116611
 1.02235e-16 6.90251e-05 0.000670948 0.00445869 0.0202686 0.063063 0.134363 0.196109 0.196119 0.134412 0.0632287 0.0207477 0.00566424 0.00331174 0.00511088 0.00840903 0.012267 0.0157588 0.0179776 0.0184857 0.0175348 0.0158216 0.013996 0.0123293 0.0107459 0.00907837
 1.01523e-16 5.80519e-05 0.000564285 0.00374987 0.0170464 0.0530378 0.113004 0.164938 0.164964 0.113131 0.0534639 0.0182765 0.00683597 0.00729576 0.0128263 0.0210706 0.0302494 0.0378347 0.0412936 0.0394638 0.0332566 0.025064 0.0173615 0.0115807 0.00789758 0.00573745
 1.0333e-16 4.02576e-05 0.000391318 0.00260045 0.0118213 0.0367806 0.0783665 0.114387 0.114428 0.0785665 0.0374524 0.0137619 0.00747276 0.0110315 0.0202589 0.0334563 0.0482535 0.0608032 0.0671905 0.0655774 0.0572602 0.0457322 0.0345518 0.0256966 0.0193544 0.0147653
 1.03874e-16 6.01069e-05 0.000584261 0.00388262 0.0176498 0.0549153 0.117003 0.170774 0.170791 0.117088 0.0552002 0.0184738 0.00595479 0.00512073 0.00871346 0.0144086 0.0209802 0.0268626 0.0304863 0.0311046 0.0291859 0.025993 0.0227179 0.0198811 0.0173578 0.014811
 1.02799e-16 5.64875e-05 0.000549079 0.00364882 0.016587 0.0516086 0.109958 0.160493 0.160519 0.110084 0.0520294 0.0178024 0.00669931 0.00720727 0.0126986 0.0208965 0.0300802 0.0377941 0.041576 0.040296 0.0348293 0.0274599 0.0205112 0.0152677 0.0118087 0.00953935
 1.03727e-16 4.40558e-05 0.000428238 0.0028458 0.0129366 0.0402508 0.0857599 0.125177 0.125214 0.0859396 0.0408543 0.0146802 0.00722372 0.00998912 0.018213 0.0300686 0.0433758 0.0546787 0.0604702 0.0591117 0.0517806 0.0416207 0.0318201 0.0241285 0.0186715 0.0147178
 1.01284e-16 7.42897e-05 0.000722122 0.00479876 0.0218145 0.0678729 0.144611 0.211065 0.211071 0.144643 0.0679826 0.0221315 0.00559575 0.00246556 0.00339592 0.00552403 0.00801436 0.0102116 0.0114982 0.0115841 0.0106615 0.00924511 0.0078326 0.00666091 0.00570204 0.0048215
pSPR Fmed_Fpbrs
0.546987   0.216852 0.216852
Fs Fmed_Fpbrs
0.34   1.005 1.005
SSBpbr Bo_Bmed_Bpbrs
437977  217669  73077.5 73077.5
Ro
90626.2
SPR SPRFo_SPRFmed_SPRFpbrs
652902 357129 141583
Fref
1.005
Nvult_r0
 85603.2 4145.98 1428.37 265.87 47.9329
CTP_r0
 37591.1 2078.16 715.967 133.267 24.0262
YTP_r0
341955
Np
 77769 13076.2 2220.67 81.6831 31.931
Nvult_p0
 64692.9 11315.3 1921.64 70.6836 27.6312
CTP_p0
 28408.7 7152.92 263.106 90.6453 19.0084
 28408.7 5671.77 963.215 35.43 13.85
YTP_p0
 348862 337957
CBA_c0
344027
log_Ro
11.2345
likeval ReclasPelacesDesembMPH_pf_preclas_ppelaces_ptallas_desvR_qrecl_qpela
 25.8537 23.6667 0.0216284 63.9878 263.133 140.951 121.608 0 23.7648 0.000203834 0.000255653 0.0235767 0 0 0
q_reclas_q_pelaces
7.53138 9.59465
M
1
N
 142351 25361.6 28779.9 2587.64 0.145472
 95489 36117.6 5791.3 6571.86 590.918
 84877.4 17608 5475.32 877.945 1085.86
 127693 15719.4 2684.25 834.684 299.371
 91505.7 22014.8 2185.91 373.266 157.699
 194564 26523 5963.85 592.167 143.84
 68034.6 51145.7 6338.31 1425.21 175.886
 23557.3 10421 6110.44 757.246 191.285
 22939.2 7266.13 3057.64 1792.86 278.308
 31324.9 3761.17 947.356 398.654 270.039
 51435.3 2069 152.642 38.4471 27.1379
 129859 14191.6 526.138 38.816 16.678
 70975.5 22490.2 1985 73.5917 7.76202
 46307.2 11408.2 2858.37 252.282 10.3396
 64697.1 1164.33 134.02 33.5792 3.08518
 220623 8997.25 122.881 14.1441 3.86948
 48360.1 32732.9 1031.81 14.092 2.0658
 280408 7438.9 3931.96 123.943 1.94092
 279609 45294.5 951.454 502.908 16.1009
 246833 35032.1 4181.12 87.8285 47.9096
 235595 41461.2 4711.35 562.306 18.255
 295775 46162.1 6794.69 772.1 95.1428
 52267 43367 5214.11 767.476 97.9571
 125671 8379.73 5493.7 660.52 109.633
 150153 22572.5 1228.2 805.203 112.88
 46671.8 27373.6 3372.14 183.483 137.154
 128815 9199.71 4520.64 556.894 52.9518
 121160 26081.1 1572.47 772.695 104.239
 54610.4 27094.3 5064.45 305.343 170.283
 81531.2 11405.1 4819.11 900.785 84.597
 72236.3 17201.3 2055.19 868.404 177.566
 26466.8 11149.5 2075.31 247.957 126.195
 102906 4791.16 1650.65 307.244 55.392
pred_Ctot
 28776.6 6319.21 7170.91 644.747 0.0362464
 31815.4 14399.6 2308.91 2620.11 235.591
 28146.6 6989.61 2173.46 348.506 431.037
 45562.8 6673.69 1139.6 354.366 127.098
 12509.1 3760.75 373.415 63.7645 26.9395
 36076.2 6083.33 1367.87 135.82 32.9911
 26905.8 23839 2954.28 664.289 81.9806
 2440.6 1358.27 796.427 98.6985 24.9318
 8571.41 3217.24 1353.84 793.829 123.227
 18489.6 2482.41 625.265 263.116 178.228
 8320.46 416.078 30.6963 7.73173 5.45745
 46133.4 6001 222.481 16.4136 7.05238
 26981.3 10114.9 892.745 33.0975 3.49094
 32886.3 8737.3 2189.17 193.217 7.91886
 27465.9 578.314 66.5664 16.6785 1.53238
 89419 4287.29 58.5541 6.73984 1.84385
 19061 15210.7 479.472 6.54845 0.959963
 106147 3332.82 1761.62 55.5297 0.869581
 126829 23857.7 501.154 264.894 8.48075
 90250.4 15207.9 1815.08 38.1275 20.7982
 73213.5 15499.1 1761.2 210.202 6.8241
 120939 22171.3 3263.44 370.833 45.6963
 19912.3 19542.4 2349.63 345.848 44.1423
 43050.6 3427.28 2246.91 270.151 44.8394
 50644.1 9101.18 495.21 324.657 45.5131
 14397.7 10163.4 1252.03 68.1247 50.9232
 38411.3 3309.59 1626.29 200.342 19.0494
 31262.8 8193.56 494.001 242.747 32.7472
 15618.7 9375.02 1752.37 105.653 58.9205
 22986.8 3893.87 1645.32 307.543 28.8828
 28394.7 7973.77 952.699 402.555 82.312
 8993.28 4526.22 842.489 100.66 51.2299
 39219.6 2159.79 744.091 138.502 24.97
F
 0.371517 0.47688 0.47688 0.47688 0.47688
 0.690656 0.886529 0.886529 0.886529 0.886529
 0.686312 0.880952 0.880952 0.880952 0.880952
 0.757918 0.972867 0.972867 0.972867 0.972867
 0.238389 0.305997 0.305997 0.305997 0.305997
 0.336085 0.4314 0.4314 0.4314 0.4314
 0.876189 1.12468 1.12468 1.12468 1.12468
 0.17621 0.226184 0.226184 0.226184 0.226184
 0.808118 1.0373 1.0373 1.0373 1.0373
 1.71735 2.20439 2.20439 2.20439 2.20439
 0.287674 0.36926 0.36926 0.36926 0.36926
 0.753372 0.967032 0.967032 0.967032 0.967032
 0.828002 1.06283 1.06283 1.06283 1.06283
 2.68315 3.4441 3.4441 3.4441 3.4441
 0.972798 1.24869 1.24869 1.24869 1.24869
 0.908075 1.16561 1.16561 1.16561 1.16561
 0.871953 1.11924 1.11924 1.11924 1.11924
 0.823062 1.05649 1.05649 1.05649 1.05649
 1.07713 1.38261 1.38261 1.38261 1.38261
 0.783956 1.00629 1.00629 1.00629 1.00629
 0.629957 0.808616 0.808616 0.808616 0.808616
 0.919901 1.18079 1.18079 1.18079 1.18079
 0.830549 1.0661 1.0661 1.0661 1.0661
 0.716937 0.920263 0.920263 0.920263 0.920263
 0.702073 0.901184 0.901184 0.901184 0.901184
 0.623968 0.800928 0.800928 0.800928 0.800928
 0.597166 0.766524 0.766524 0.766524 0.766524
 0.497791 0.638966 0.638966 0.638966 0.638966
 0.566167 0.726735 0.726735 0.726735 0.726735
 0.556002 0.713687 0.713687 0.713687 0.713687
 0.868547 1.11487 1.11487 1.11487 1.11487
 0.709118 0.910227 0.910227 0.910227 0.910227
 0.831004 1.06668 1.06668 1.06668 1.06668
YTP_r0W_actual
 283437 36263.9 17233.3 4173.91 846.925
YTP_p0W_proyectada
 214202 124818 6332.97 2839.01 670.046
 214202 98972.5 23184.6 1109.67 488.213
CTP_r0_actual
 37591.1 2078.16 715.967 133.267 24.0262
CTP_p0_proyectada
 28408.7 7152.92 263.106 90.6453 19.0084
 28408.7 5671.77 963.215 35.43 13.85
Wmedp
 7.54 17.45 24.07 31.32 35.25
Frms_r0
 0.782952 1.005 1.005 1.005 1.005
Zrms_r0
 1.78295 2.005 2.005 2.005 2.005
nmprior
 7.29 8.9 8.7 0
nm_flota  nm_reclas  nm_pelaces    nm_pelaL
inf 11.7016 10.6816 27.548
cv_recla  cv_pelaces  cv_mph
0.440344 0.532916 0.641366
 ------------------------------------------------
Talla a la edad & desviaci?n 
 8 13.2811 15.8009 17.003 17.5766
 0.8 1.32811 1.58009 1.7003 1.75766
