years
 1991 1992 1993 1994 1995 1996 1997 1998 1999 2000 2001 2002 2003 2004 2005 2006 2007 2008 2009 2010 2011 2012 2013 2014 2015 2016 2017 2018 2019 2020 2021 2022
reclasobs
 0 0 0 0 0 0 0 0 0 252601 567819 844713 477998 351125 339783 2.1784e+06 2.13404e+06 4.81314e+06 1.55562e+06 2.62356e+06 3.21686e+06 3.843e+06 1.13348e+06 3.07943e+06 1.97215e+06 2.03268e+06 2.025e+06 2.42433e+06 2.27542e+06 1.05018e+06 2.36338e+06 3.18982e+06
reclaspred
 4.83455e+06 2.61084e+06 1.26177e+06 1.44891e+06 1.76488e+06 3.50821e+06 2.12363e+06 1.55506e+06 882854 332155 577201 1.29704e+06 1.16236e+06 283089 690084 1.57946e+06 1.36556e+06 2.62507e+06 2.59906e+06 2.39495e+06 4.25622e+06 2.89296e+06 1.66952e+06 2.22192e+06 1.89084e+06 1.63251e+06 2.15176e+06 2.35656e+06 1.97399e+06 1.64572e+06 1.38181e+06 1.51132e+06
pelacesobs
 0 0 0 0 0 0 0 0 0 0 0 0 0 0 0 552880 188675 0 991730 2.46772e+06 1.41603e+06 1.21717e+06 2.29649e+06 1.80582e+06 0 1.4828e+06 1.56532e+06 1.57751e+06 1.42118e+06 867257 1.10002e+06 1.06204e+06
pelacespred
 4.11625e+06 2.10773e+06 941944 757554 1.17778e+06 2.28417e+06 1.35673e+06 1.4076e+06 697232 156966 332915 640529 666416 91661.4 334281 677491 676099 1.34481e+06 1.32805e+06 1.1966e+06 2.31953e+06 1.64046e+06 1.00726e+06 1.35542e+06 1.10804e+06 1.02161e+06 1.48442e+06 1.53053e+06 1.29995e+06 1.16788e+06 761463 948117
mphobs
 0 0 0 0 0 0 0 0 0 0 0 0 498337 0 5186 125008 0 168611 109162 213762 579715 649985 157893 87575 83554 210694 70296 0 107559 103333 445601 22526
mphpred
 753875 517475 226900 133212 194391 281235 462419 198536 168562 65780 21186.2 105297 171495 73209.3 10082 79726 208288 134478 273880 229020 336822 371454 231593 126030 239738 200102 149190 246479 322528 191998 151443 141799
desembarqueobs
 494567 514787 250237 358949 120608 361735 552515 73892 212993 205616 52469 317467 293654 387597 252695 516296 358380 742168 942051 627588 828172 859565 418607 520667 417249 300574 415391 372974 316634 284311 391294 218835
desembarquepred
 494553 514430 250387 358940 120609 361713 552470 73897.6 213073 205689 52470.4 317422 293700 387596 252574 516140 358409 741831 941178 627083 828291 859471 418538 520716 417099 300563 415330 372913 316492 284126 391257 218848
Reclutas
 144878 93735.4 84669.5 125832 92416 194865 68025.7 24286 23320.3 31308.7 53154 130629 71920.1 45052.9 64637.3 221363 50580.8 281017 286842 240882 244101 291057 50698.8 129949 146619 47125 131955 119904 54415.8 81971.6 72770.3 50646.1
log_desv_Rt
 0.448283 0.0128637 -0.0888573 0.307332 -0.00131175 0.744693 -0.307726 -1.33771 -1.37829 -1.08372 -0.554418 0.344751 -0.252057 -0.719774 -0.35882 0.87219 -0.604041 1.1108 1.13132 0.956695 0.969972 1.14591 -0.601711 0.339529 0.460226 -0.674808 0.354846 0.259078 -0.530958 -0.121239 -0.240305 -0.602749
SSB
 753875 517475 226900 133212 194391 281235 462419 198536 168562 65780 21186.2 105297 161257 69970.6 9625.44 76265.3 208288 134478 287224 238556 362142 433104 290971 147006 253925 231247 157357 246479 339750 185466 179666 169714
BT
 1.30226e+06 970982 441741 573622 470821 1.21175e+06 827073 467361 400920 249621 212412 549455 504407 428152 447016 772859 499099 1.33986e+06 1.48156e+06 980993 1.68003e+06 1.34285e+06 664103 1.13565e+06 755573 591583 1.11957e+06 956892 611627 679086 602169 524291
Ftot
 0.475124 0.880643 0.874737 1.00321 0.311607 0.444323 1.13011 0.224381 1.02371 2.14107 0.368641 0.978301 1.05175 3.52465 1.31728 1.2189 1.10542 1.08366 1.37861 1.03963 0.811979 1.19361 1.07495 0.924447 0.916388 0.808224 0.776432 0.658849 0.733941 0.730644 1.13616 0.633683
BD_Bspro_t
 0.926798 0.571121 0.301929 0.220165 0.267808 0.39454 0.453531 0.240339 0.272982 0.154821 0.0756273 0.368593 0.322347 0.142859 0.0246134 0.162956 0.245982 0.165625 0.246483 0.190963 0.218752 0.244744 0.196871 0.129216 0.22833 0.247676 0.218662 0.332197 0.387586 0.269028 0.28038 0.243542
BD_Bspro
 1.13179 0.776881 0.340643 0.19999 0.291837 0.422215 0.694226 0.298061 0.253061 0.098755 0.0318067 0.158081 0.242094 0.105046 0.0144506 0.114496 0.312701 0.201891 0.431207 0.358142 0.54368 0.650215 0.436833 0.220699 0.381215 0.347168 0.236239 0.370037 0.510063 0.278438 0.269731 0.254791
BD_Bo
 1.66457 1.1426 0.500999 0.294135 0.429219 0.620972 1.02103 0.438372 0.372188 0.145244 0.0467796 0.232497 0.35606 0.154497 0.0212532 0.168395 0.459904 0.296931 0.634196 0.526736 0.799616 0.956302 0.64247 0.324592 0.560671 0.510597 0.347447 0.54423 0.750174 0.409512 0.396706 0.374733
BD_Brms
 9.46247 6.49523 2.848 1.67205 2.43995 3.53 5.80418 2.49199 2.11575 0.825656 0.265925 1.32166 2.02407 0.878256 0.120816 0.957265 2.61439 1.68794 3.60517 2.9943 4.54552 5.43623 3.65221 1.84519 3.18721 2.90256 1.97511 3.09375 4.26446 2.32793 2.25513 2.13022
Sel_flota
 0.736626 1 1 1 1
 0.736626 1 1 1 1
 0.736626 1 1 1 1
 0.736626 1 1 1 1
 0.736626 1 1 1 1
 0.736626 1 1 1 1
 0.736626 1 1 1 1
 0.736626 1 1 1 1
 0.736626 1 1 1 1
 0.736626 1 1 1 1
 0.736626 1 1 1 1
 0.736626 1 1 1 1
 0.736626 1 1 1 1
 0.736626 1 1 1 1
 0.736626 1 1 1 1
 0.736626 1 1 1 1
 0.736626 1 1 1 1
 0.736626 1 1 1 1
 0.736626 1 1 1 1
 0.736626 1 1 1 1
 0.736626 1 1 1 1
 0.736626 1 1 1 1
 0.736626 1 1 1 1
 0.736626 1 1 1 1
 0.736626 1 1 1 1
 0.736626 1 1 1 1
 0.736626 1 1 1 1
 0.736626 1 1 1 1
 0.736626 1 1 1 1
 0.736626 1 1 1 1
 0.736626 1 1 1 1
 0.736626 1 1 1 1
Sel_reclas
 0.562973 1 1 1 1
 0.562973 1 1 1 1
 0.562973 1 1 1 1
 0.562973 1 1 1 1
 0.562973 1 1 1 1
 0.562973 1 1 1 1
 0.562973 1 1 1 1
 0.562973 1 1 1 1
 0.562973 1 1 1 1
 0.562973 1 1 1 1
 0.562973 1 1 1 1
 0.562973 1 1 1 1
 0.562973 1 1 1 1
 0.562973 1 1 1 1
 0.562973 1 1 1 1
 0.562973 1 1 1 1
 0.562973 1 1 1 1
 0.562973 1 1 1 1
 0.562973 1 1 1 1
 0.562973 1 1 1 1
 0.562973 1 1 1 1
 0.562973 1 1 1 1
 0.562973 1 1 1 1
 0.562973 1 1 1 1
 0.562973 1 1 1 1
 0.562973 1 1 1 1
 0.562973 1 1 1 1
 0.562973 1 1 1 1
 0.562973 1 1 1 1
 0.562973 1 1 1 1
 0.562973 1 1 1 1
 0.562973 1 1 1 1
Sel_pelaces
 0.231618 0.602704 0.884187 0.974633 0.994855
 0.231618 0.602704 0.884187 0.974633 0.994855
 0.231618 0.602704 0.884187 0.974633 0.994855
 0.231618 0.602704 0.884187 0.974633 0.994855
 0.231618 0.602704 0.884187 0.974633 0.994855
 0.231618 0.602704 0.884187 0.974633 0.994855
 0.231618 0.602704 0.884187 0.974633 0.994855
 0.231618 0.602704 0.884187 0.974633 0.994855
 0.231618 0.602704 0.884187 0.974633 0.994855
 0.231618 0.602704 0.884187 0.974633 0.994855
 0.231618 0.602704 0.884187 0.974633 0.994855
 0.231618 0.602704 0.884187 0.974633 0.994855
 0.231618 0.602704 0.884187 0.974633 0.994855
 0.231618 0.602704 0.884187 0.974633 0.994855
 0.231618 0.602704 0.884187 0.974633 0.994855
 0.231618 0.602704 0.884187 0.974633 0.994855
 0.231618 0.602704 0.884187 0.974633 0.994855
 0.231618 0.602704 0.884187 0.974633 0.994855
 0.231618 0.602704 0.884187 0.974633 0.994855
 0.231618 0.602704 0.884187 0.974633 0.994855
 0.231618 0.602704 0.884187 0.974633 0.994855
 0.231618 0.602704 0.884187 0.974633 0.994855
 0.231618 0.602704 0.884187 0.974633 0.994855
 0.231618 0.602704 0.884187 0.974633 0.994855
 0.231618 0.602704 0.884187 0.974633 0.994855
 0.231618 0.602704 0.884187 0.974633 0.994855
 0.231618 0.602704 0.884187 0.974633 0.994855
 0.231618 0.602704 0.884187 0.974633 0.994855
 0.231618 0.602704 0.884187 0.974633 0.994855
 0.231618 0.602704 0.884187 0.974633 0.994855
 0.231618 0.602704 0.884187 0.974633 0.994855
 0.231618 0.602704 0.884187 0.974633 0.994855
pf_obs 
 0.8446 0.082 0.0669 0.0065 0
 0.8095 0.147 0.0364 0.0071 0
 0.9664 0.0169 0.016 0.0007 0
 0.9276 0.0648 0.0075 0.0001 0
 0.7033 0.2144 0.0806 0.0017 0
 0.9318 0.0425 0.0243 0.0014 0
 0.5671 0.3108 0.0964 0.0239 0.0018
 0.0768 0.2599 0.5324 0.112 0.0189
 0.490249 0.384438 0.106611 0.0170017 0.00170017
 0.7925 0.1577 0.0466 0.003 0.0002
 0.840416 0.127587 0.0312969 0.00059994 9.999e-05
 0.8084 0.0986 0.0794 0.0134 0.0002
 0.7335 0.1905 0.0724 0.0035 0.0001
 0.4001 0.4547 0.1325 0.0127 0
 0.49795 0.308269 0.164784 0.0264974 0.00249975
 0.9179 0.0499 0.0305 0.0017 0
 0.2467 0.6533 0.0926 0.0074 0
 0.9418 0.0223 0.034 0.0019 0
 0.707729 0.231977 0.0356964 0.0245975 0
 0.517169 0.277429 0.184464 0.0207286 0.00020938
 0.811772 0.124168 0.05621 0.00726502 0.000585176
 0.764997 0.148141 0.077277 0.00933861 0.000247198
 0.163321 0.427699 0.378323 0.0303852 0.000271297
 0.753843 0.0900009 0.118128 0.0371064 0.000921714
 0.721811 0.176058 0.0630433 0.0369309 0.00215725
 0.143369 0.312575 0.442814 0.0836902 0.0175525
 0.692698 0.0596174 0.167031 0.0765114 0.00414204
 0.394062 0.376323 0.152708 0.0712218 0.00568511
 0.125707 0.32114 0.495352 0.0537591 0.00404204
 0.23352 0.215282 0.420074 0.123614 0.00750983
 0.796117 0.104755 0.0508955 0.0450114 0.00322123
 0.162477 0.292055 0.404252 0.121198 0.0200186
pf_pred 
 0.660609 0.149089 0.174717 0.0155839 8.76316e-07
 0.596756 0.298598 0.0459695 0.0538713 0.00480533
 0.724582 0.192721 0.0612361 0.00942737 0.0120333
 0.83363 0.133992 0.0226558 0.00719874 0.00252286
 0.738935 0.232286 0.0231781 0.00391902 0.00168165
 0.816677 0.146931 0.0323803 0.00323099 0.000780725
 0.482175 0.448751 0.0553625 0.0122006 0.00151158
 0.504818 0.299941 0.169197 0.0208739 0.00517007
 0.594977 0.238599 0.100806 0.0568649 0.00875303
 0.825589 0.12274 0.0304394 0.0128605 0.00837127
 0.939335 0.0549388 0.00402955 0.000999328 0.000697038
 0.871288 0.123187 0.00500357 0.000366993 0.000154497
 0.695689 0.278639 0.0245703 0.000997985 0.000104014
 0.726266 0.215692 0.0531446 0.00468628 0.000210184
 0.974423 0.0225204 0.00240872 0.000593487 5.46807e-05
 0.952095 0.0471808 0.000637465 6.81815e-05 1.83471e-05
 0.546676 0.440128 0.0129965 0.000175598 2.38354e-05
 0.948528 0.0342008 0.0167679 0.000495141 7.59799e-06
 0.832066 0.16254 0.00358369 0.00175701 5.26789e-05
 0.820666 0.16061 0.0181219 0.000399553 0.000201766
 0.806112 0.170866 0.0206182 0.00232638 7.71936e-05
 0.80718 0.166993 0.02276 0.00274642 0.000320165
 0.447895 0.483014 0.0598367 0.00815533 0.00109881
 0.875659 0.07085 0.0467974 0.00579736 0.000896599
 0.817081 0.167901 0.0085576 0.00565242 0.000808528
 0.544837 0.398835 0.0517035 0.00263523 0.00198959
 0.876979 0.0800118 0.0376867 0.00488557 0.000437009
 0.759241 0.220722 0.0130319 0.00613822 0.000866914
 0.567279 0.357755 0.0687277 0.00405782 0.00218123
 0.787857 0.141673 0.0582611 0.0111924 0.00101604
 0.741675 0.219723 0.0257794 0.0106014 0.0022215
 0.738884 0.215644 0.0386772 0.00453787 0.00225718
pobs_RECLAS
 0 0 0 0 0
 0 0 0 0 0
 0 0 0 0 0
 0 0 0 0 0
 0 0 0 0 0
 0 0 0 0 0
 0 0 0 0 0
 0 0 0 0 0
 0 0 0 0 0
 0 0 0 0 0
 0.991045 0.00858322 0.000360255 1.14367e-05 0
 0.934742 0.0480273 0.0164251 0.00080598 0
 0.827803 0.169806 0.00239088 0 0
 0.941827 0.0461693 0.0120037 0 0
 0.791401 0.0380133 0.147996 0.0225897 0
 0.846168 0.0940531 0.0597789 0 0
 0.134021 0.677848 0.182769 0.00536245 0
 0.80878 0.0450904 0.141981 0.00414843 0
 0.846168 0.0940531 0.0597789 0 0
 0.905697 0.0802665 0.012482 0.00150086 5.37128e-05
 0.989698 0.0102097 9.19794e-05 0 0
 0.975433 0.0193895 0.00387452 0.00125025 5.28907e-05
 0.303575 0.632131 0.0575291 0.00676475 0
 0.966965 0.00978017 0.0227588 0.000495775 0
 0.843318 0.132988 0.00938335 0.0141283 0.000182051
 0.564624 0.303363 0.111486 0.0197234 0.00080311
 0.826376 0.0876187 0.0782897 0.00655872 0.00115652
 0.89761 0.0855135 0.0140674 0.00269457 0.000114338
 0.34875 0.467042 0.161289 0.0227151 0.000203297
 0.318654 0.224769 0.449479 0.00709798 0
 0.937255 0.0296025 0.0250945 0.00804832 0
 0.456809 0.399803 0.12412 0.0192676 0
ppred_RECLAS
 0.601429 0.175086 0.205182 0.0183013 1.02912e-06
 0.538815 0.341503 0.0525747 0.061612 0.0054958
 0.674939 0.227459 0.0722738 0.0111266 0.0142023
 0.799264 0.161671 0.0273357 0.00868577 0.003044
 0.685692 0.27966 0.0279052 0.00471828 0.00202462
 0.775258 0.180128 0.0396961 0.00396098 0.000957116
 0.427027 0.496542 0.0612585 0.0135 0.00167257
 0.439343 0.3396 0.191569 0.0236339 0.00585367
 0.53888 0.271645 0.114768 0.064741 0.00996536
 0.802936 0.138682 0.0343931 0.0145308 0.00945858
 0.922824 0.0698921 0.00512631 0.00127132 0.000886758
 0.843057 0.150206 0.00610101 0.000447485 0.000188383
 0.645583 0.324518 0.0286159 0.00116231 0.00012114
 0.722792 0.21843 0.0538192 0.00474576 0.000212852
 0.968598 0.0276492 0.00295729 0.000728648 6.71337e-05
 0.94115 0.0579603 0.000783108 8.37591e-05 2.25389e-05
 0.490788 0.494389 0.0145988 0.000197247 2.6774e-05
 0.936346 0.0422955 0.0207366 0.000612331 9.39628e-06
 0.801094 0.192518 0.00424464 0.00208105 6.23945e-05
 0.784657 0.192861 0.0217608 0.000479782 0.00024228
 0.765863 0.206336 0.0248983 0.00280931 9.32181e-05
 0.770815 0.198488 0.0270525 0.00326439 0.000380548
 0.392925 0.531105 0.0657944 0.00896731 0.00120822
 0.847849 0.0866962 0.057264 0.00709398 0.00109713
 0.779396 0.202491 0.0103206 0.00681691 0.000975099
 0.484955 0.451306 0.0585057 0.00298193 0.00225134
 0.848458 0.0985618 0.0464241 0.00601825 0.000538326
 0.711261 0.264708 0.0156289 0.00736146 0.00103967
 0.506792 0.407762 0.0783345 0.00462503 0.00248613
 0.744277 0.170777 0.0702296 0.0134917 0.00122477
 0.69686 0.257841 0.0302517 0.0124406 0.00260689
 0.688275 0.25744 0.0461735 0.00541739 0.00269465
pobs_PELACES
 0 0 0 0 0
 0 0 0 0 0
 0 0 0 0 0
 0 0 0 0 0
 0 0 0 0 0
 0 0 0 0 0
 0 0 0 0 0
 0 0 0 0 0
 0 0 0 0 0
 0 0 0 0 0
 0 0 0 0 0
 0 0 0 0 0
 0 0 0 0 0
 0 0 0 0 0
 0 0 0 0 0
 0 0 0 0 0
 0.505614 0.472636 0.0217494 0 0
 0 0 0 0 0
 0.443492 0.261883 0.143347 0.151278 0
 0.227955 0.32914 0.350689 0.0885471 0.00366901
 0.970185 0.0296113 0.000203453 0 0
 0.997202 0.00247181 0.000326279 0 0
 0.445219 0.490057 0.0546422 0.010081 0
 0.90214 0.0892962 0.00764917 0.000914606 0
 0 0 0 0 0
 0.581667 0.319106 0.0959925 0.00289975 0.000334073
 0.762889 0.0836404 0.116647 0.0363945 0.000428098
 0.88444 0.0763242 0.0277011 0.0115352 0
 0.521256 0.241999 0.230069 0.00667565 0
 0.616807 0.101726 0.260614 0.0208532 0
 0.833518 0.0704572 0.0857862 0.0102388 0
 0.697417 0.212968 0.0787535 0.0105354 0.000325836
ppred_PELACES
 0.458312 0.187549 0.322435 0.0317016 1.81963e-06
 0.429537 0.369432 0.0834366 0.107781 0.00981355
 0.570065 0.260834 0.121585 0.020633 0.0268829
 0.729407 0.19809 0.0491363 0.0172099 0.00615648
 0.591909 0.344202 0.0503857 0.00939083 0.00411322
 0.69067 0.226179 0.0731239 0.00804288 0.00198377
 0.34483 0.532436 0.0963646 0.023409 0.0029604
 0.313868 0.348548 0.288442 0.0392253 0.00991693
 0.417427 0.282013 0.174795 0.108688 0.0170771
 0.743094 0.156094 0.0567906 0.0264481 0.0175731
 0.889344 0.0955616 0.0102825 0.00281092 0.00200132
 0.79639 0.190919 0.0113763 0.000919766 0.000395238
 0.567117 0.381136 0.0493047 0.00220749 0.000234846
 0.68697 0.22388 0.0809244 0.00786585 0.00036011
 0.957044 0.0356918 0.00560039 0.00152104 0.000143048
 0.923362 0.0749297 0.0014852 0.000175103 4.80963e-05
 0.416743 0.558646 0.0242006 0.000360425 4.99386e-05
 0.904999 0.0545031 0.0392016 0.001276 1.99866e-05
 0.752998 0.23516 0.00760628 0.00411067 0.000125804
 0.721805 0.237444 0.0393035 0.00095521 0.000492368
 0.693835 0.255182 0.0451736 0.0056184 0.000190297
 0.705135 0.239785 0.047944 0.00637715 0.000758844
 0.313747 0.565843 0.102836 0.0154495 0.00212479
 0.773183 0.106878 0.103564 0.0141422 0.00223256
 0.714455 0.251103 0.0187755 0.0136701 0.00199595
 0.394238 0.501003 0.095281 0.00535308 0.0041254
 0.777527 0.123682 0.0854634 0.0122125 0.00111506
 0.630538 0.324639 0.0281191 0.0145993 0.00210468
 0.408344 0.451564 0.127264 0.00828256 0.00454455
 0.645244 0.203545 0.122798 0.0260036 0.00240957
 0.616484 0.302735 0.0521075 0.0236204 0.0050523
 0.59466 0.308377 0.0811408 0.0104938 0.00532802
pobs_pel_tallas
 0 0 0 0 0 0 0 0 0 0 0 0 0 0 0 0 0 0 0 0 0 0 0 0 0 0
 0 0 0 0 0 0 0 0 0 0 0 0 0 0 0 0 0 0 0 0 0 0 0 0 0 0
 0 0 0 0 0 0 0 0 0 0 0 0 0 0 0 0 0 0 0 0 0 0 0 0 0 0
 0 0 0 0 0 0 0 0 0 0 0 0 0 0 0 0 0 0 0 0 0 0 0 0 0 0
 0 0 0 0 0 0 0 0 0 0 0 0 0 0 0 0 0 0 0 0 0 0 0 0 0 0
 0 0 0 0 0 0 0 0 0 0 0 0 0 0 0 0 0 0 0 0 0 0 0 0 0 0
 0 0 0 0 0 0 0 0 0 0 0 0 0 0 0 0 0 0 0 0 0 0 0 0 0 0
 0 0 0 0 0 0 0 0 0 0 0 0 0 0 0 0 0 0 0 0 0 0 0 0 0 0
 0 0 0 0 0 0 0 0 0 0 0 0 0 0 0 0 0 0 0 0 0 0 0 0 0 0
 0 0 0 0 0 0 0 0 0 0 0 0 0 0 0 0 0 0 0 0 0 0 0 0 0 0
 0 0 0 0 0 0 0 0 0 0 0 0 0 0 0 0 0 0 0 0 0 0 0 0 0 0
 0 0 0 0 0 0 0 0 0 0 0 0 0 0 0 0 0 0 0 0 0 0 0 0 0 0
 0.00862536 0 0 0.000197151 0.00414017 0.0128641 0.00837892 0.0270097 0.101434 0.158115 0.152841 0.127902 0.109271 0.109419 0.0830992 0.0579132 0.0238553 0.00714673 0.00463305 0.00128148 0.00103504 0.000492878 0.000147863 0.000147863 4.92878e-05 0
 0 0 0 0 0 0 0 0 0 0 0 0 0 0 0 0 0 0 0 0 0 0 0 0 0 0
 0 0 0 0 0 0 0 0.0054083 0.00873648 0.0413646 0.0450493 0.0745869 0.0622846 0.0627006 0.0613931 0.0827291 0.12552 0.122667 0.0946155 0.0697135 0.0546179 0.0294188 0.0215738 0.0213955 0.0102223 0.00600262
 0 0 0 0 0.00359764 0.0251062 0.0480494 0.140153 0.205849 0.193036 0.1447 0.116669 0.0760912 0.0342217 0.00950174 0.001854 0.000860785 0 0 0 0.000165536 0 0.000143464 0 0 0
 0 0 0 0 0 0 0 0.000145254 0.000435761 0.0275982 0.070085 0.0708112 0.156366 0.174668 0.174014 0.160142 0.0824315 0.0480064 0.0283245 0.00493863 0.00203355 0 0 0 0 0
 0 0 0 0 0 0 0 0 0 0 0 0 0 0 0 0 0 0 0 0 0 0 0 0 0 0
 0 0 1.00437e-05 0.000401748 0.00122533 0.00171747 0.00176769 0.0269171 0.070346 0.194647 0.189555 0.159765 0.064822 0.0314167 0.0384472 0.0292271 0.0345202 0.0313363 0.0194345 0.0106764 0.0143323 0.0359363 0.0279516 0.0138201 0.00172751 0
 0 0.0021121 0.0136068 0.0755702 0.200478 0.177729 0.0527432 0.0373336 0.0318909 0.0142505 0.0149659 0.0166563 0.0217959 0.0798694 0.0677717 0.0528807 0.04013 0.0224614 0.0357745 0.0225083 0.00881397 0.00855152 0.00135912 0.000746735 0 0
 0 0 0 0 5.4009e-05 0.00500934 0.000945158 0.0243581 0.138947 0.33067 0.221406 0.137944 0.0707744 0.0437923 0.0131692 0.00525238 0.0047753 0.00276346 9.45158e-05 9.00151e-06 2.25038e-05 9.00151e-06 4.50075e-06 0 0 0
 0.000866109 0.00284123 0.00948549 0.0512746 0.133035 0.25785 0.225252 0.132002 0.0553304 0.0519788 0.0540692 0.017754 0.00435017 0.00159236 0.00146478 0.000404838 0.000125132 0.000115318 0.000107957 0.000100596 0 0 0 0 0 0
 0 0 0 0 0.00144013 0.00171154 0.00461396 0.0210425 0.0478622 0.0707936 0.0888783 0.103762 0.0637923 0.0337046 0.0602308 0.124433 0.169614 0.0934646 0.0462172 0.0250306 0.0313229 0.00938855 0.002487 0.000210481 0 0
 0 0.00764035 0.051015 0.0998891 0.058973 0.0496711 0.0374665 0.0718981 0.12319 0.153886 0.159021 0.0857701 0.0377988 0.023471 0.0147837 0.00900784 0.00315554 0.000888139 0.00291439 0.00214683 0.00393193 0.00274676 0.000635225 9.99891e-05 0 0
 0 0 0 0 0 0 0 0 0 0 0 0 0 0 0 0 0 0 0 0 0 0 0 0 0 0
 0 0 0 0 0 0 0 0 0 0 0 0 0 0 0 0 0 0 0 0 0 0 0 0 0 0
 0 0 0 0 0 0 0 0 0 0 0 0 0 0 0 0 0 0 0 0 0 0 0 0 0 0
 0 0 0 0 0 0 0 0 0 0 0 0 0 0 0 0 0 0 0 0 0 0 0 0 0 0
 0 0 0 0 0 0 0 0 0 0 0 0 0 0 0 0 0 0 0 0 0 0 0 0 0 0
 0 0 0 0 0 0 0 0 0 0 0 0 0 0 0 0 0 0 0 0 0 0 0 0 0 0
 0 0 0 0 0 0 0 0 0 0 0 0 0 0 0 0 0 0 0 0 0 0 0 0 0 0
 0 0 0 0 0 0 0 0 0 0 0 0 0 0 0 0 0 0 0 0 0 0 0 0 0 0
ppred_pel_tallas
 1.12533e-16 3.77506e-05 0.00036695 0.00243851 0.0110851 0.03449 0.0734853 0.107258 0.107276 0.0735761 0.0347963 0.0119757 0.00469641 0.00536992 0.0097557 0.016632 0.0252659 0.0344982 0.043073 0.050259 0.0559992 0.0603911 0.0630348 0.0629648 0.059292 0.0519819
 1.14972e-16 3.53805e-05 0.000343911 0.00228541 0.0103892 0.0323247 0.0688726 0.100529 0.100565 0.069047 0.0329107 0.0120828 0.00654122 0.00965003 0.0177571 0.0294304 0.0427133 0.0544274 0.0613922 0.0622449 0.0582688 0.0524527 0.0475336 0.0445545 0.0428112 0.0408371
 1.10194e-16 4.69555e-05 0.000456424 0.0030331 0.0137881 0.0428999 0.0914037 0.133412 0.133437 0.0915273 0.0433153 0.0149897 0.00605613 0.00707854 0.0126908 0.021083 0.0307825 0.0395888 0.0452772 0.0468182 0.0449292 0.0414379 0.0380041 0.0352422 0.0327791 0.0299232
 1.04237e-16 6.00803e-05 0.000584002 0.0038809 0.017642 0.054891 0.116952 0.170699 0.170718 0.117045 0.055205 0.0185495 0.00616072 0.00556708 0.00954227 0.0157289 0.0227678 0.0288773 0.0322817 0.0321668 0.029146 0.0247986 0.020667 0.0175055 0.0152253 0.0133393
 1.0318e-16 4.87548e-05 0.000473914 0.00314933 0.0143164 0.0445438 0.0949066 0.138526 0.138559 0.0950687 0.0450882 0.0158887 0.00709601 0.00908983 0.0164127 0.0270583 0.0389776 0.0490221 0.0540092 0.0524634 0.0454827 0.0359739 0.0269005 0.0199114 0.0151415 0.0118918
 1.03311e-16 5.68896e-05 0.000552988 0.0036748 0.0167051 0.0519759 0.110741 0.161634 0.161656 0.110848 0.0523349 0.0177428 0.0062826 0.00625587 0.010917 0.018034 0.0261494 0.0332482 0.0372986 0.0373363 0.03399 0.0289673 0.0239466 0.0197696 0.0164099 0.0134718
 1.05766e-16 2.84033e-05 0.00027609 0.00183472 0.00834039 0.0259503 0.0552918 0.0807108 0.0807621 0.0555427 0.026793 0.0107747 0.00794693 0.0136246 0.0253956 0.0419809 0.0605694 0.0763695 0.0844992 0.0826883 0.0725982 0.058627 0.0452147 0.0347659 0.0273953 0.0220194
 1.14025e-16 2.5853e-05 0.0002513 0.00166998 0.00759151 0.0236202 0.0503266 0.0734602 0.0734942 0.0504927 0.0241793 0.00921127 0.00575414 0.0092278 0.0172519 0.0289444 0.0427757 0.0560501 0.0659599 0.0711044 0.0721004 0.0707097 0.0682899 0.0649415 0.0599147 0.0526525
 1.18907e-16 3.43829e-05 0.000334215 0.00222097 0.0100962 0.0314133 0.0669304 0.0976926 0.09772 0.0670645 0.0318644 0.0114025 0.00551229 0.00756078 0.0138826 0.0232249 0.0342356 0.0447281 0.0525025 0.0566042 0.057819 0.0578888 0.0581019 0.0584297 0.0577814 0.0549546
 1.07306e-16 6.12077e-05 0.000594961 0.00395373 0.0179731 0.055921 0.119146 0.1739 0.173916 0.11922 0.0561692 0.0186908 0.00575854 0.00454586 0.00759746 0.0125507 0.0182831 0.0234427 0.0267015 0.0274752 0.0262576 0.0242264 0.0224444 0.0212901 0.0204665 0.0194142
 1.00942e-16 7.32541e-05 0.000712056 0.00473186 0.0215104 0.0669268 0.142595 0.208123 0.208133 0.14264 0.0670778 0.0219465 0.00582633 0.00310054 0.00460719 0.00749492 0.0107763 0.0135239 0.014847 0.0143377 0.0123123 0.00959777 0.00704094 0.00511747 0.00386743 0.00308115
 1.00537e-16 6.55976e-05 0.000637632 0.00423729 0.0192621 0.0599317 0.127692 0.186373 0.186392 0.127781 0.0602331 0.0201322 0.00642 0.00539818 0.00909399 0.0148968 0.0213737 0.0267099 0.0291024 0.0277179 0.0231927 0.0172189 0.0115605 0.00725844 0.00447567 0.00284352
 1.01782e-16 4.67128e-05 0.000454065 0.00301742 0.0137168 0.0426782 0.0909318 0.132725 0.132762 0.0911112 0.0432807 0.0154567 0.00738429 0.00998482 0.0181408 0.0298985 0.0430208 0.0539999 0.0592803 0.0572005 0.0489674 0.0378238 0.0271152 0.0187638 0.0130255 0.0092137
 1.03243e-16 5.65848e-05 0.000550025 0.00365511 0.0166156 0.0516974 0.110148 0.160768 0.16079 0.110253 0.052053 0.0176437 0.00623935 0.00620337 0.0108281 0.0179017 0.0259912 0.0331156 0.0372735 0.0375071 0.0344144 0.0296398 0.0247886 0.0206494 0.0171846 0.0140327
 1.00348e-16 7.88304e-05 0.00076626 0.00509207 0.0231478 0.0720214 0.153449 0.223965 0.223968 0.153466 0.0720779 0.0233109 0.00550148 0.00166017 0.00177698 0.00281407 0.00404874 0.00509661 0.00562433 0.00547918 0.00477435 0.00380887 0.00288617 0.0021729 0.00167974 0.00133338
 1.00088e-16 7.60561e-05 0.000739292 0.00491286 0.0223331 0.0694867 0.148049 0.216084 0.216091 0.148084 0.0696049 0.0226743 0.00576842 0.00260455 0.00361133 0.005831 0.00834799 0.0104041 0.0112837 0.0106589 0.00878571 0.00634302 0.00404335 0.00231397 0.00122879 0.000640137
 1.00886e-16 3.43266e-05 0.000333667 0.00221734 0.0100797 0.0313621 0.0668222 0.0975403 0.097594 0.0670848 0.0322436 0.0126245 0.00860063 0.0142533 0.0264258 0.0435155 0.0624058 0.0778915 0.0846867 0.0803459 0.0667457 0.0488803 0.0319779 0.0191536 0.0109329 0.00624777
 1.01277e-16 7.45436e-05 0.00072459 0.00481516 0.021889 0.0681049 0.145105 0.211786 0.211791 0.145131 0.0681921 0.0221415 0.00545117 0.0021206 0.00274796 0.00448238 0.00658262 0.00855217 0.00992742 0.0104749 0.0102932 0.0096844 0.00891214 0.00805817 0.00706729 0.00589132
 1.00714e-16 6.20235e-05 0.00060289 0.00400642 0.0182126 0.0566663 0.120734 0.17622 0.176243 0.120845 0.0570373 0.0192837 0.00669289 0.00646082 0.0111678 0.0183132 0.0262549 0.0327645 0.0356178 0.0337935 0.0280946 0.0206367 0.0136275 0.00837127 0.00506541 0.00322571
 1.01375e-16 5.94542e-05 0.000577916 0.00384045 0.0174582 0.0543189 0.115733 0.168921 0.168943 0.115845 0.0546945 0.0185431 0.00656401 0.00652419 0.0113545 0.0186816 0.0269144 0.0338586 0.0373096 0.0362328 0.03136 0.0246691 0.0181884 0.0130665 0.00944141 0.0069004
 1.01965e-16 5.71504e-05 0.000555522 0.00369164 0.0167817 0.0522141 0.111249 0.162376 0.1624 0.111369 0.0526179 0.0179481 0.00662011 0.00695026 0.0122072 0.020104 0.028985 0.0365085 0.0403179 0.0393106 0.0342727 0.0273147 0.0205856 0.0152784 0.0115009 0.00878415
 1.02213e-16 5.80811e-05 0.000564569 0.00375176 0.017055 0.0530645 0.11306 0.16502 0.165043 0.113173 0.0534441 0.0181517 0.00650562 0.00657947 0.0114908 0.0189285 0.027316 0.0344615 0.0381613 0.0373833 0.0328567 0.026538 0.0204074 0.015546 0.0120286 0.00941107
 1.05022e-16 2.58431e-05 0.000251204 0.00166934 0.00758861 0.0236113 0.0503084 0.073438 0.0734925 0.050575 0.0245068 0.0101755 0.00816427 0.0144348 0.0269778 0.0445966 0.0643264 0.0810658 0.0896079 0.087518 0.0765426 0.0613513 0.0466839 0.0351483 0.0269434 0.0209966
 1.04813e-16 6.36861e-05 0.000619051 0.00411381 0.0187008 0.0581852 0.12397 0.18094 0.180951 0.124021 0.0583571 0.0191992 0.00537171 0.00338749 0.00538719 0.00897677 0.0133247 0.0175891 0.0209304 0.0229226 0.0237208 0.0237878 0.0234349 0.0225952 0.0209884 0.018462
 1.02315e-16 5.88488e-05 0.000572031 0.00380135 0.0172804 0.0537659 0.114555 0.167201 0.167225 0.114673 0.0541624 0.0184255 0.00667472 0.00684096 0.0119541 0.019642 0.0282269 0.0353683 0.0387281 0.0372402 0.0317568 0.0244876 0.0176957 0.0126547 0.0094653 0.00754447
 1.04113e-16 3.24729e-05 0.000315649 0.0020976 0.00953541 0.0296685 0.0632136 0.0922722 0.0923205 0.0634497 0.0304614 0.0118261 0.00784913 0.0128763 0.0239017 0.0394991 0.0569781 0.0718132 0.079388 0.0775346 0.0677814 0.0542451 0.0411156 0.0307164 0.0232607 0.0178478
 1.03912e-16 6.40439e-05 0.00062253 0.00413693 0.0188059 0.0585121 0.124667 0.181957 0.181969 0.124726 0.05871 0.0193787 0.00557989 0.0037897 0.00612941 0.010163 0.0149395 0.0194233 0.0225827 0.0239102 0.0236555 0.0225243 0.0211142 0.0195765 0.0177179 0.0153448
 1.02715e-16 5.19367e-05 0.000504843 0.00335486 0.0152507 0.0474508 0.1011 0.147565 0.147596 0.101253 0.0479636 0.0167316 0.00707075 0.00861259 0.0154382 0.0254095 0.0365275 0.0457884 0.0501694 0.0482854 0.0412228 0.0318178 0.022979 0.0163488 0.0120736 0.0094331
 1.05388e-16 3.36349e-05 0.000326943 0.00217265 0.0098766 0.03073 0.0654751 0.095572 0.0956156 0.0656883 0.0314461 0.011946 0.00737174 0.0116915 0.0216602 0.0358674 0.051923 0.0658246 0.0734798 0.0729468 0.0655137 0.0546844 0.0439535 0.0351515 0.0283303 0.0227186
 1.06612e-16 5.3148e-05 0.000516617 0.0034331 0.0156064 0.0485574 0.103457 0.151003 0.151023 0.103554 0.0488825 0.0165472 0.00580202 0.00571242 0.0099927 0.0166235 0.02438 0.0315759 0.0365022 0.0383363 0.0375424 0.0353729 0.0329143 0.0304852 0.0277666 0.0243593
 1.04805e-16 5.07791e-05 0.000493591 0.00328008 0.0149108 0.0463932 0.0988467 0.144276 0.144305 0.0989894 0.0468723 0.016295 0.00675559 0.00808411 0.014477 0.0238809 0.0344641 0.0434865 0.0481911 0.0473165 0.0418387 0.0342789 0.0271529 0.0217763 0.0181219 0.015463
 1.04375e-16 4.89814e-05 0.000476117 0.00316397 0.0143829 0.0447508 0.0953475 0.139169 0.139198 0.0954931 0.0452397 0.0157957 0.00671298 0.00823291 0.0148076 0.0244729 0.0354129 0.0448718 0.0500576 0.0496591 0.0445828 0.0372552 0.0300883 0.0243323 0.0199871 0.0164604
pSPR Fmed_Fpbrs
0.554488   0.225913 0.225913
Fs Fmed_Fpbrs
0.34   1.005 1.005
SSBpbr Bo_Bmed_Bpbrs
452894  228480  79670 79670
Ro
92537.3
SPR SPRFo_SPRFmed_SPRFpbrs
666093 369341 150479
Fref
1.005
Nvult_r0
 41759.5 10031.7 1799.25 211.101 105.003
CTP_r0
 17764 5028.36 901.87 105.814 52.6326
YTP_r0
308683
Np
 90769.5 15927 1573.14 304.739 62.0171
Nvult_p0
 74842.5 13782.2 1361.3 263.703 53.6658
CTP_p0
 31837.2 5067.19 981.583 176.053 24.688
 31837.2 6908.3 682.349 132.18 26.8998
YTP_p0
 358486 382115
CBA_c0
323624
log_Ro
11.2554
likeval ReclasPelacesDesembMPH_pf_preclas_ppelaces_ptallas_desvR_qrecl_qpela
 22.6497 20.8935 0.0204678 63.2801 263.366 139.285 118.724 0 21.9676 0.000144199 0.000384368 0.0269553 0 0 0
q_reclas_q_pelaces
5.46427 16.0003
M
1
N
 144878 25277.4 29622.4 2642.17 0.148575
 93735.4 37558.7 5782.21 6776.13 604.432
 84669.5 18025.2 5727.41 881.741 1125.48
 125832 16352.8 2764.98 878.558 307.898
 92416 22108.4 2206.03 373.002 160.055
 194865 27025 5955.71 594.276 143.599
 68025.7 51676.6 6375.35 1404.99 174.069
 24286 10885.3 6140.43 757.546 187.63
 23320.3 7573.21 3199.63 1804.91 277.824
 31308.7 4035.91 1000.9 422.875 275.263
 53154 2379.12 174.499 43.2758 30.1852
 130629 14904.2 605.373 44.4018 18.6923
 71920.1 23376.3 2061.31 83.7255 8.72616
 45052.9 12192.4 3004.09 264.9 11.881
 64637.3 1235.51 132.147 32.5598 2.99989
 221363 9011.02 121.749 13.0219 3.50409
 50580.8 33179.3 979.754 13.2376 1.79685
 281017 8242.41 4041.08 119.329 1.83112
 286842 46533 1025.96 503.007 15.0812
 240882 38222 4312.65 95.0854 48.0161
 244101 41202.1 4971.8 560.977 18.6142
 291057 49375.7 6729.56 812.047 94.6649
 50698.8 44446.1 5506.08 750.439 101.111
 129949 8449.13 5580.77 691.356 106.923
 146619 24195.6 1233.2 814.549 116.514
 47125 27462 3560.07 181.451 136.994
 131955 9558.63 4502.26 583.656 52.2074
 119904 27399.3 1617.71 761.966 107.614
 54415.8 27149.7 5215.68 307.944 165.531
 81971.6 11658.2 4794.28 921.021 83.6097
 72770.3 17604.6 2065.5 849.404 177.991
 50646.1 11592.8 2079.24 243.951 121.343
pred_Ctot
 27823 6279.22 7358.58 656.349 0.0369079
 29789.2 14905.6 2294.73 2689.18 239.875
 26770.5 7120.29 2262.43 348.304 444.584
 44077.5 7084.72 1197.9 380.627 133.394
 12207.6 3837.5 382.915 64.7444 27.7818
 35308.9 6352.54 1399.96 139.691 33.7545
 25958.2 24158.8 2980.48 656.83 81.3771
 2370.56 1408.49 794.53 98.0213 24.278
 8290.47 3324.66 1404.65 792.362 121.966
 17704.2 2632.08 652.754 275.784 179.517
 8168.58 477.755 35.0415 8.69029 6.06154
 44919.9 6351.01 257.963 18.9206 7.96521
 26073.4 10443 920.859 37.4031 3.89828
 31633.6 9394.79 2314.79 204.117 9.15485
 27394.5 633.13 67.7178 16.685 1.53727
 89028.6 4411.79 59.6082 6.37552 1.7156
 19002.2 15298.6 451.753 6.10368 0.828505
 104089 3753.1 1840.06 54.3353 0.833781
 125267 24470.3 539.523 264.517 7.93078
 86599.2 16948.1 1912.28 42.1621 21.2909
 72879.4 15447.7 1864.06 210.325 6.97896
 115382 23870.8 3253.42 392.586 45.7659
 18670.7 20134.6 2494.32 339.958 45.8045
 42841.3 3466.32 2289.55 283.634 43.8658
 48020.1 9867.58 502.933 332.194 47.5174
 14019.1 10262.3 1330.37 67.8067 51.1937
 38041.8 3470.77 1634.78 211.927 18.9567
 30307.1 8810.73 520.203 245.023 34.6052
 15004.4 9462.56 1817.84 107.329 57.6932
 22521.7 4049.87 1665.45 319.947 29.0446
 27873.2 8257.48 968.824 398.414 83.4869
 12399.8 3618.89 649.072 76.1536 37.8794
F
 0.349989 0.475124 0.475124 0.475124 0.475124
 0.648705 0.880643 0.880643 0.880643 0.880643
 0.644354 0.874737 0.874737 0.874737 0.874737
 0.738988 1.00321 1.00321 1.00321 1.00321
 0.229538 0.311607 0.311607 0.311607 0.311607
 0.3273 0.444323 0.444323 0.444323 0.444323
 0.83247 1.13011 1.13011 1.13011 1.13011
 0.165285 0.224381 0.224381 0.224381 0.224381
 0.754094 1.02371 1.02371 1.02371 1.02371
 1.57717 2.14107 2.14107 2.14107 2.14107
 0.271551 0.368641 0.368641 0.368641 0.368641
 0.720642 0.978301 0.978301 0.978301 0.978301
 0.774743 1.05175 1.05175 1.05175 1.05175
 2.59635 3.52465 3.52465 3.52465 3.52465
 0.970344 1.31728 1.31728 1.31728 1.31728
 0.897875 1.2189 1.2189 1.2189 1.2189
 0.814278 1.10542 1.10542 1.10542 1.10542
 0.798254 1.08366 1.08366 1.08366 1.08366
 1.01552 1.37861 1.37861 1.37861 1.37861
 0.765817 1.03963 1.03963 1.03963 1.03963
 0.598125 0.811979 0.811979 0.811979 0.811979
 0.879242 1.19361 1.19361 1.19361 1.19361
 0.791838 1.07495 1.07495 1.07495 1.07495
 0.680972 0.924447 0.924447 0.924447 0.924447
 0.675036 0.916388 0.916388 0.916388 0.916388
 0.595359 0.808224 0.808224 0.808224 0.808224
 0.57194 0.776432 0.776432 0.776432 0.776432
 0.485326 0.658849 0.658849 0.658849 0.658849
 0.54064 0.733941 0.733941 0.733941 0.733941
 0.538212 0.730644 0.730644 0.730644 0.730644
 0.836923 1.13616 1.13616 1.13616 1.13616
 0.466788 0.633683 0.633683 0.633683 0.633683
YTP_r0W_actual
 152771 124703 25162.2 3946.85 2100.04
YTP_p0W_proyectada
 240053 88422.4 23626.7 5513.99 870.251
 240053 120550 16424.1 4139.89 948.219
CTP_r0_actual
 17764 5028.36 901.87 105.814 52.6326
CTP_p0_proyectada
 31837.2 5067.19 981.583 176.053 24.688
 31837.2 6908.3 682.349 132.18 26.8998
Wmedp
 7.54 17.45 24.07 31.32 35.25
Frms_r0
 0.74031 1.005 1.005 1.005 1.005
Zrms_r0
 1.74031 2.005 2.005 2.005 2.005
nmprior
 7.29 8.9 8.7 0
nm_flota  nm_reclas  nm_pelaces    nm_pelaL
inf 8.89886 9.21764 22.4113
cv_recla  cv_pelaces  cv_mph
0.421021 0.500722 0.649513
 ------------------------------------------------
Talla a la edad & desviaci?n 
 8 13.2811 15.8009 17.003 17.5766
 0.8 1.32811 1.58009 1.7003 1.75766
