    unsorted:	 2.306994493e-06 3.518491474e-07 5.558885724e-05 9.071605852e-05 5.359096220 3.158298716 8.352544474 12.30475100 25.50263144 37.35268177 68.28424538 105.2425282 173.6033808 195.0878562 206.0722187 221.6386600 465.7406739 1073.952459 1048.117918 1143.323192 961.2232008 896.0509574 1215.798747 749.1754967 1287.227718 1373.551307 1454.826287 1436.689237 1569.547943 1759.521344 1929.062691 2021.497854 2062.158793 2213.566166 2221.464316 2242.998282 2385.911787 2845.020561 3016.705497 3116.416074 3651.045152 3939.256162 3975.117528 4363.845757 11118.05519 15689.30633 42767.48434 163524.0607 381830.2313 376057.7395 367715.8225 361773.1750 351640.8344 397262.1328 318863.9920 453345.9666 466608.6093 547214.6824 555837.7353 606382.1358 636988.8291 711811.6941 734051.4717 951479.6465 1069747.218 1208864.747 1353333.844 1559423.569 1670130.406 1999239.991 2164635.687 2286023.992 2548064.281 2745785.407 2964999.894 3094883.093 4393965.179 44319483.33
      sorted:	 3.518491474e-07 2.306994493e-06 5.558885724e-05 9.071605852e-05 3.158298716 5.359096220 8.352544474 12.30475100 25.50263144 37.35268177 68.28424538 105.2425282 173.6033808 195.0878562 206.0722187 221.6386600 465.7406739 749.1754967 896.0509574 961.2232008 1048.117918 1073.952459 1143.323192 1215.798747 1287.227718 1373.551307 1436.689237 1454.826287 1569.547943 1759.521344 1929.062691 2021.497854 2062.158793 2213.566166 2221.464316 2242.998282 2385.911787 2845.020561 3016.705497 3116.416074 3651.045152 3939.256162 3975.117528 4363.845757 11118.05519 15689.30633 42767.48434 163524.0607 318863.9920 351640.8344 361773.1750 367715.8225 376057.7395 381830.2313 397262.1328 453345.9666 466608.6093 547214.6824 555837.7353 606382.1358 636988.8291 711811.6941 734051.4717 951479.6465 1069747.218 1208864.747 1353333.844 1559423.569 1670130.406 1999239.991 2164635.687 2286023.992 2548064.281 2745785.407 2964999.894 3094883.093 4393965.179 44319483.33
