years
 1991 1992 1993 1994 1995 1996 1997 1998 1999 2000 2001 2002 2003 2004 2005 2006 2007 2008 2009 2010 2011 2012 2013 2014 2015 2016 2017 2018 2019
reclasobs
 0 0 0 0 0 0 0 0 0 252601 567819 844713 477998 351125 339783 2.1784e+06 2.13404e+06 4.81314e+06 1.55562e+06 2.62356e+06 3.21686e+06 3.843e+06 1.13348e+06 3.07943e+06 1.97215e+06 2.03268e+06 2.025e+06 2.42433e+06 2.27542e+06
reclaspred
 4.40319e+06 2.38087e+06 1.15958e+06 1.40642e+06 1.63766e+06 3.31987e+06 1.90214e+06 1.41802e+06 831896 340749 599021 1.27753e+06 1.07318e+06 272090 685752 1.60748e+06 1.24528e+06 2.58566e+06 2.44981e+06 2.36032e+06 4.04614e+06 2.76137e+06 1.54342e+06 2.16972e+06 1.8142e+06 1.53573e+06 2.20703e+06 2.18673e+06 1.55071e+06
pelacesobs
 0 0 0 0 0 0 0 0 0 0 0 0 0 0 0 552880 188675 0 991730 2.46772e+06 1.41603e+06 1.21717e+06 2.29649e+06 1.80582e+06 0 1.4828e+06 1.56532e+06 1.57751e+06 1.42118e+06
pelacespred
 3.04839e+06 1.66526e+06 755926 733956 1.08965e+06 2.17553e+06 1.17856e+06 1.16004e+06 582207 165848 374135 692486 644229 93352.5 372624 771273 661271 1.42091e+06 1.35829e+06 1.2289e+06 2.34529e+06 1.6023e+06 935710 1.36612e+06 1.10017e+06 980716 1.59012e+06 1.49686e+06 994650
mphobs
 0 0 0 0 0 0 0 0 0 0 0 0 498337 0 5186 125008 0 168611 109162 213762 579715 649985 157893 87575 83554 210694 70296 0 107559
mphpred
 797780 545496 243326 140388 205284 292003 476633 209701 178208 73368.7 24784.2 113564 181404 77096.4 10276.5 80522.4 222259 137966 284308 231123 363446 387208 249176 136977 247093 215375 163333 269762 309054
desembarqueobs
 494567 514787 250237 358949 120608 361735 552515 73892 212993 205616 52469 317467 293654 387597 252695 516296 358380 742168 942051 627588 828172 859565 418607 520667 417249 300574 415391 372974 316634
desembarquepred
 494556 514417 250400 358940 120609 361715 552477 73897.6 213071 205686 52470.2 317418 293697 387631 252577 516137 358384 741874 941195 627108 828227 859452 418550 520728 417109 300562 415320 372900 316532
Reclutas
 144709 96228.3 83750.5 129531 93573.5 196831 70746.2 24762.7 23874.4 31889.4 55175.9 132447 70347.9 44984.1 64388.1 227754 48236.1 284958 283953 252138 241369 300714 50620.4 129468 152970 48205.2 138050 113268 47660.2
log_desv_Rt
 0.408444 0.000441502 -0.13844 0.29764 -0.0275345 0.716064 -0.307183 -1.35694 -1.39347 -1.10401 -0.555757 0.319904 -0.312829 -0.759973 -0.401353 0.861982 -0.690174 1.08606 1.08253 0.963695 0.920043 1.13988 -0.641927 0.297148 0.463959 -0.690816 0.361336 0.163475 -0.702185
SSB
 797780 545496 243326 140388 205284 292003 476633 209701 178208 73368.7 24784.2 113564 170920 73868.9 9832.77 77238 222259 137966 297629 240229 389752 448220 310254 158755 261049 247457 171752 269762 325997
BT
 1.35207e+06 1.00858e+06 459107 592036 486189 1.23195e+06 847105 484725 414754 259679 223730 563998 509153 429828 445397 791035 505814 1.35787e+06 1.47994e+06 1.00803e+06 1.69815e+06 1.37802e+06 684947 1.14541e+06 778252 615900 1.1771e+06 950199 576330
Ftot
 0.441716 0.816793 0.810933 0.907393 0.287789 0.409857 1.06422 0.208436 0.934553 1.87258 0.320358 0.879699 0.984527 3.27651 1.2069 1.08216 1.04004 0.985146 1.28961 0.93223 0.746981 1.0903 0.99302 0.844296 0.831514 0.735682 0.675332 0.625303 0.7791
BD_Bspro_t
 0.931765 0.584739 0.316345 0.229251 0.277985 0.402768 0.461396 0.249131 0.282669 0.168889 0.086594 0.386008 0.334845 0.150073 0.0251458 0.165537 0.257782 0.169162 0.253113 0.192293 0.231044 0.251345 0.206402 0.137114 0.232803 0.259305 0.232615 0.350391 0.376952
BD_Bspro
 1.16704 0.797985 0.355952 0.205368 0.300302 0.42716 0.697248 0.306763 0.260693 0.107328 0.0362558 0.166128 0.250031 0.10806 0.014384 0.112988 0.325133 0.201824 0.43539 0.351422 0.570153 0.655683 0.453859 0.232236 0.381878 0.361995 0.251249 0.394623 0.476888
BD_Bo
 1.59299 1.08923 0.485867 0.280323 0.409906 0.583064 0.951728 0.418725 0.35584 0.146501 0.0494884 0.226761 0.341287 0.147499 0.0196338 0.154227 0.4438 0.275486 0.594298 0.479683 0.778246 0.894992 0.619507 0.316997 0.521256 0.494115 0.342949 0.538652 0.650941
BD_Brms
 10.0155 6.84825 3.05476 1.76246 2.57718 3.66586 5.98374 2.63262 2.23725 0.921084 0.311145 1.4257 2.14575 0.927363 0.123442 0.969659 2.79027 1.73204 3.73649 3.01588 4.89301 5.62703 3.89499 1.99303 3.27726 3.10662 2.1562 3.38663 4.09262
Sel_flota
 0.810751 1 1 1 1
 0.810751 1 1 1 1
 0.810751 1 1 1 1
 0.810751 1 1 1 1
 0.810751 1 1 1 1
 0.810751 1 1 1 1
 0.810751 1 1 1 1
 0.810751 1 1 1 1
 0.810751 1 1 1 1
 0.810751 1 1 1 1
 0.810751 1 1 1 1
 0.810751 1 1 1 1
 0.810751 1 1 1 1
 0.810751 1 1 1 1
 0.810751 1 1 1 1
 0.810751 1 1 1 1
 0.810751 1 1 1 1
 0.810751 1 1 1 1
 0.810751 1 1 1 1
 0.810751 1 1 1 1
 0.810751 1 1 1 1
 0.810751 1 1 1 1
 0.810751 1 1 1 1
 0.810751 1 1 1 1
 0.810751 1 1 1 1
 0.810751 1 1 1 1
 0.810751 1 1 1 1
 0.810751 1 1 1 1
 0.810751 1 1 1 1
Sel_reclas
 0.691121 1 1 1 1
 0.691121 1 1 1 1
 0.691121 1 1 1 1
 0.691121 1 1 1 1
 0.691121 1 1 1 1
 0.691121 1 1 1 1
 0.691121 1 1 1 1
 0.691121 1 1 1 1
 0.691121 1 1 1 1
 0.691121 1 1 1 1
 0.691121 1 1 1 1
 0.691121 1 1 1 1
 0.691121 1 1 1 1
 0.691121 1 1 1 1
 0.691121 1 1 1 1
 0.691121 1 1 1 1
 0.691121 1 1 1 1
 0.691121 1 1 1 1
 0.691121 1 1 1 1
 0.691121 1 1 1 1
 0.691121 1 1 1 1
 0.691121 1 1 1 1
 0.691121 1 1 1 1
 0.691121 1 1 1 1
 0.691121 1 1 1 1
 0.691121 1 1 1 1
 0.691121 1 1 1 1
 0.691121 1 1 1 1
 0.691121 1 1 1 1
Sel_pelaces
 0.5 1 1 1 1
 0.5 1 1 1 1
 0.5 1 1 1 1
 0.5 1 1 1 1
 0.5 1 1 1 1
 0.5 1 1 1 1
 0.5 1 1 1 1
 0.5 1 1 1 1
 0.5 1 1 1 1
 0.5 1 1 1 1
 0.5 1 1 1 1
 0.5 1 1 1 1
 0.5 1 1 1 1
 0.5 1 1 1 1
 0.5 1 1 1 1
 0.5 1 1 1 1
 0.5 1 1 1 1
 0.5 1 1 1 1
 0.5 1 1 1 1
 0.5 1 1 1 1
 0.5 1 1 1 1
 0.5 1 1 1 1
 0.5 1 1 1 1
 0.5 1 1 1 1
 0.5 1 1 1 1
 0.5 1 1 1 1
 0.5 1 1 1 1
 0.5 1 1 1 1
 0.5 1 1 1 1
pf_obs 
 0.8446 0.082 0.0669 0.0065 0
 0.8095 0.147 0.0364 0.0071 0
 0.9664 0.0169 0.016 0.0007 0
 0.9276 0.0648 0.0075 0.0001 0
 0.7033 0.2144 0.0806 0.0017 0
 0.9318 0.0425 0.0243 0.0014 0
 0.5671 0.3108 0.0964 0.0239 0.0018
 0.0768 0.2599 0.5324 0.112 0.0189
 0.490249 0.384438 0.106611 0.0170017 0.00170017
 0.7925 0.1577 0.0466 0.003 0.0002
 0.840416 0.127587 0.0312969 0.00059994 9.999e-05
 0.8084 0.0986 0.0794 0.0134 0.0002
 0.7335 0.1905 0.0724 0.0035 0.0001
 0.4001 0.4547 0.1325 0.0127 0
 0.49795 0.308269 0.164784 0.0264974 0.00249975
 0.9179 0.0499 0.0305 0.0017 0
 0.2467 0.6533 0.0926 0.0074 0
 0.9418 0.0223 0.034 0.0019 0
 0.707729 0.231977 0.0356964 0.0245975 0
 0.517169 0.277429 0.184464 0.0207286 0.00020938
 0.811772 0.124168 0.05621 0.00726502 0.000585176
 0.764997 0.148141 0.077277 0.00933861 0.000247198
 0.163321 0.427699 0.378323 0.0303852 0.000271297
 0.753843 0.0900009 0.118128 0.0371064 0.000921714
 0.721811 0.176058 0.0630433 0.0369309 0.00215725
 0.143369 0.312575 0.442814 0.0836902 0.0175525
 0.692698 0.0596174 0.167031 0.0765114 0.00414204
 0.394062 0.376323 0.152708 0.0712218 0.00568511
 0.125707 0.32114 0.495352 0.0537591 0.00404204
pf_pred 
 0.666724 0.146193 0.172031 0.0150514 8.49339e-07
 0.615512 0.277603 0.0468855 0.0551718 0.00482738
 0.729378 0.1855 0.0614584 0.01038 0.0132832
 0.846016 0.120983 0.0226204 0.00749439 0.00288554
 0.749936 0.220882 0.0229281 0.00428688 0.00196714
 0.827058 0.137079 0.0316773 0.00328817 0.000896906
 0.504767 0.426305 0.0546345 0.0126254 0.00166801
 0.522522 0.28132 0.168856 0.0216403 0.00566149
 0.608471 0.227154 0.096846 0.0581296 0.00939878
 0.826509 0.118393 0.0319664 0.0136287 0.00950295
 0.940251 0.0527479 0.00477783 0.00129003 0.000933496
 0.873988 0.120049 0.00526368 0.000476777 0.000221884
 0.697668 0.273593 0.0273788 0.00120045 0.000159339
 0.73394 0.202894 0.0571615 0.00572022 0.000284099
 0.976212 0.0201139 0.00280184 0.000789363 8.29157e-05
 0.956305 0.0429659 0.000616901 8.59332e-05 2.67531e-05
 0.537911 0.44759 0.014257 0.000204701 3.73918e-05
 0.952452 0.0294867 0.0174949 0.000557265 9.46269e-06
 0.836334 0.157999 0.00351382 0.0020848 6.75348e-05
 0.839296 0.141615 0.0184282 0.000409834 0.000251037
 0.806032 0.170368 0.0207971 0.00270631 9.70535e-05
 0.820917 0.151973 0.0238119 0.00290676 0.000391819
 0.453777 0.47313 0.0620278 0.0097188 0.00134632
 0.877536 0.0657072 0.0491622 0.00644521 0.00114976
 0.832167 0.152278 0.0083458 0.00624433 0.000964674
 0.55547 0.387265 0.0519573 0.00284759 0.00245971
 0.882875 0.0734739 0.0380282 0.00510203 0.000521159
 0.7483 0.228974 0.0142563 0.00737868 0.00109108
 0.564511 0.347487 0.0800559 0.0049844 0.00296127
pobs_RECLAS
 0 0 0 0 0
 0 0 0 0 0
 0 0 0 0 0
 0 0 0 0 0
 0 0 0 0 0
 0 0 0 0 0
 0 0 0 0 0
 0 0 0 0 0
 0 0 0 0 0
 0 0 0 0 0
 0.991045 0.00858322 0.000360255 1.14367e-05 0
 0.934742 0.0480273 0.0164251 0.00080598 0
 0.827803 0.169806 0.00239088 0 0
 0.941827 0.0461693 0.0120037 0 0
 0.791401 0.0380133 0.147996 0.0225897 0
 0.846168 0.0940531 0.0597789 0 0
 0.134021 0.677848 0.182769 0.00536245 0
 0.80878 0.0450904 0.141981 0.00414843 0
 0.846168 0.0940531 0.0597789 0 0
 0.905697 0.0802665 0.012482 0.00150086 5.37128e-05
 0.989698 0.0102097 9.19794e-05 0 0
 0.975433 0.0193895 0.00387452 0.00125025 5.28907e-05
 0.303575 0.632131 0.0575291 0.00676475 0
 0.966965 0.00978017 0.0227588 0.000495775 0
 0.843318 0.132988 0.00938335 0.0141283 0.000182051
 0.564624 0.303363 0.111486 0.0197234 0.00080311
 0.826376 0.0876187 0.0782897 0.00655872 0.00115652
 0.89761 0.0855135 0.0140674 0.00269457 0.000114338
 0.34875 0.467042 0.161289 0.0227151 0.000203297
ppred_RECLAS
 0.632557 0.161181 0.189667 0.0165944 9.3641e-07
 0.582306 0.301578 0.0509348 0.0599367 0.0052443
 0.701188 0.204823 0.0678604 0.0114612 0.0146669
 0.827609 0.135446 0.0253245 0.0083903 0.00323049
 0.719947 0.247372 0.0256777 0.00480098 0.00220305
 0.804376 0.155058 0.035832 0.00371944 0.00101454
 0.472635 0.453964 0.0581793 0.0134445 0.00177624
 0.483586 0.304261 0.182625 0.023405 0.00612316
 0.576158 0.245902 0.104839 0.0629271 0.0101745
 0.813481 0.127284 0.0343669 0.0146522 0.0102166
 0.931034 0.0608844 0.00551482 0.00148902 0.00107749
 0.858237 0.135056 0.00592165 0.000536374 0.00024962
 0.669145 0.299405 0.0299618 0.0013137 0.000174371
 0.735094 0.202014 0.0569136 0.00569541 0.000282867
 0.973196 0.0226639 0.00315705 0.000889436 9.34275e-05
 0.950638 0.048538 0.000696905 9.70776e-05 3.02226e-05
 0.505574 0.478912 0.0152548 0.000219027 4.00086e-05
 0.94611 0.0334193 0.0198281 0.000631585 1.07247e-05
 0.819435 0.174313 0.00387664 0.00230007 7.4508e-05
 0.820397 0.158269 0.0205954 0.000458031 0.00028056
 0.783072 0.190534 0.0232588 0.00302665 0.000108541
 0.801394 0.16854 0.0264077 0.00322364 0.000434532
 0.421412 0.501164 0.065703 0.0102947 0.00142609
 0.862001 0.0740424 0.0553986 0.0072628 0.00129561
 0.812038 0.170542 0.00934677 0.00699327 0.00108037
 0.520399 0.417819 0.0560565 0.00307225 0.00265377
 0.867238 0.0832831 0.0431051 0.00578318 0.000590737
 0.720061 0.254663 0.0158557 0.00820651 0.00121349
 0.529925 0.375084 0.0864137 0.00538025 0.00319644
pobs_PELACES
 0 0 0 0 0
 0 0 0 0 0
 0 0 0 0 0
 0 0 0 0 0
 0 0 0 0 0
 0 0 0 0 0
 0 0 0 0 0
 0 0 0 0 0
 0 0 0 0 0
 0 0 0 0 0
 0 0 0 0 0
 0 0 0 0 0
 0 0 0 0 0
 0 0 0 0 0
 0 0 0 0 0
 0 0 0 0 0
 0.505614 0.472636 0.0217494 0 0
 0 0 0 0 0
 0.443492 0.261883 0.143347 0.151278 0
 0.227955 0.32914 0.350689 0.0885471 0.00366901
 0.970185 0.0296113 0.000203453 0 0
 0.997202 0.00247181 0.000326279 0 0
 0.445219 0.490057 0.0546422 0.010081 0
 0.90214 0.0892962 0.00764917 0.000914606 0
 0 0 0 0 0
 0.581667 0.319106 0.0959925 0.00289975 0.000334073
 0.762889 0.0836404 0.116647 0.0363945 0.000428098
 0.88444 0.0763242 0.0277011 0.0115352 0
 0.521256 0.241999 0.230069 0.00667565 0
ppred_PELACES
 0.561459 0.192368 0.226367 0.0198054 1.1176e-06
 0.514883 0.350258 0.0591565 0.0696115 0.00609082
 0.641044 0.24605 0.0815191 0.0137681 0.017619
 0.786127 0.168038 0.0314182 0.0104092 0.00400783
 0.654406 0.305264 0.031687 0.00592455 0.00271863
 0.753202 0.195621 0.0452055 0.00469243 0.00127994
 0.409312 0.508474 0.0651652 0.0150589 0.00198952
 0.407003 0.349382 0.209708 0.0268759 0.00703121
 0.510418 0.284042 0.1211 0.0726873 0.0117526
 0.780062 0.150089 0.0405245 0.0172774 0.0120471
 0.908793 0.0805194 0.00729333 0.00196922 0.00142498
 0.822292 0.1693 0.00742311 0.000672374 0.000312912
 0.608759 0.354051 0.0354303 0.00155347 0.000206196
 0.711266 0.220185 0.0620329 0.0062077 0.00030831
 0.965898 0.0288347 0.00401663 0.00113161 0.000118865
 0.937134 0.0618161 0.00088755 0.000123634 3.84903e-05
 0.44116 0.541306 0.0172422 0.000247562 4.52209e-05
 0.93107 0.0427466 0.0253622 0.000807861 1.3718e-05
 0.780633 0.211772 0.00470971 0.00279434 9.05194e-05
 0.777914 0.195706 0.025467 0.000566372 0.000346923
 0.732355 0.23508 0.0286967 0.00373427 0.000133918
 0.757572 0.205728 0.0322344 0.00393493 0.000530411
 0.359239 0.555017 0.0727633 0.0114009 0.00157933
 0.826501 0.0930895 0.0696496 0.00913113 0.0016289
 0.767014 0.211392 0.0115856 0.00866839 0.00133916
 0.451127 0.478167 0.0641531 0.003516 0.00303708
 0.83135 0.105796 0.0547573 0.00734649 0.000750424
 0.659285 0.309952 0.0192981 0.00998818 0.00147694
 0.461277 0.429861 0.0990335 0.00616597 0.00366325
pobs_pel_tallas
 0 0 0 0 0 0 0 0 0 0 0 0 0 0 0 0 0 0 0 0 0 0 0 0 0 0
 0 0 0 0 0 0 0 0 0 0 0 0 0 0 0 0 0 0 0 0 0 0 0 0 0 0
 0 0 0 0 0 0 0 0 0 0 0 0 0 0 0 0 0 0 0 0 0 0 0 0 0 0
 0 0 0 0 0 0 0 0 0 0 0 0 0 0 0 0 0 0 0 0 0 0 0 0 0 0
 0 0 0 0 0 0 0 0 0 0 0 0 0 0 0 0 0 0 0 0 0 0 0 0 0 0
 0 0 0 0 0 0 0 0 0 0 0 0 0 0 0 0 0 0 0 0 0 0 0 0 0 0
 0 0 0 0 0 0 0 0 0 0 0 0 0 0 0 0 0 0 0 0 0 0 0 0 0 0
 0 0 0 0 0 0 0 0 0 0 0 0 0 0 0 0 0 0 0 0 0 0 0 0 0 0
 0 0 0 0 0 0 0 0 0 0 0 0 0 0 0 0 0 0 0 0 0 0 0 0 0 0
 0 0 0 0 0 0 0 0 0 0 0 0 0 0 0 0 0 0 0 0 0 0 0 0 0 0
 0 0 0 0 0 0 0 0 0 0 0 0 0 0 0 0 0 0 0 0 0 0 0 0 0 0
 0 0 0 0 0 0 0 0 0 0 0 0 0 0 0 0 0 0 0 0 0 0 0 0 0 0
 0.00862536 0 0 0.000197151 0.00414017 0.0128641 0.00837892 0.0270097 0.101434 0.158115 0.152841 0.127902 0.109271 0.109419 0.0830992 0.0579132 0.0238553 0.00714673 0.00463305 0.00128148 0.00103504 0.000492878 0.000147863 0.000147863 4.92878e-05 0
 0 0 0 0 0 0 0 0 0 0 0 0 0 0 0 0 0 0 0 0 0 0 0 0 0 0
 0 0 0 0 0 0 0 0.0054083 0.00873648 0.0413646 0.0450493 0.0745869 0.0622846 0.0627006 0.0613931 0.0827291 0.12552 0.122667 0.0946155 0.0697135 0.0546179 0.0294188 0.0215738 0.0213955 0.0102223 0.00600262
 0 0 0 0 0.00359764 0.0251062 0.0480494 0.140153 0.205849 0.193036 0.1447 0.116669 0.0760912 0.0342217 0.00950174 0.001854 0.000860785 0 0 0 0.000165536 0 0.000143464 0 0 0
 0 0 0 0 0 0 0 0.000145254 0.000435761 0.0275982 0.070085 0.0708112 0.156366 0.174668 0.174014 0.160142 0.0824315 0.0480064 0.0283245 0.00493863 0.00203355 0 0 0 0 0
 0 0 0 0 0 0 0 0 0 0 0 0 0 0 0 0 0 0 0 0 0 0 0 0 0 0
 0 0 1.00437e-05 0.000401748 0.00122533 0.00171747 0.00176769 0.0269171 0.070346 0.194647 0.189555 0.159765 0.064822 0.0314167 0.0384472 0.0292271 0.0345202 0.0313363 0.0194345 0.0106764 0.0143323 0.0359363 0.0279516 0.0138201 0.00172751 0
 0 0.0021121 0.0136068 0.0755702 0.200478 0.177729 0.0527432 0.0373336 0.0318909 0.0142505 0.0149659 0.0166563 0.0217959 0.0798694 0.0677717 0.0528807 0.04013 0.0224614 0.0357745 0.0225083 0.00881397 0.00855152 0.00135912 0.000746735 0 0
 0 0 0 0 5.4009e-05 0.00500934 0.000945158 0.0243581 0.138947 0.33067 0.221406 0.137944 0.0707744 0.0437923 0.0131692 0.00525238 0.0047753 0.00276346 9.45158e-05 9.00151e-06 2.25038e-05 9.00151e-06 4.50075e-06 0 0 0
 0.000866109 0.00284123 0.00948549 0.0512746 0.133035 0.25785 0.225252 0.132002 0.0553304 0.0519788 0.0540692 0.017754 0.00435017 0.00159236 0.00146478 0.000404838 0.000125132 0.000115318 0.000107957 0.000100596 0 0 0 0 0 0
 0 0 0 0 0.00144013 0.00171154 0.00461396 0.0210425 0.0478622 0.0707936 0.0888783 0.103762 0.0637923 0.0337046 0.0602308 0.124433 0.169614 0.0934646 0.0462172 0.0250306 0.0313229 0.00938855 0.002487 0.000210481 0 0
 0 0.00764035 0.051015 0.0998891 0.058973 0.0496711 0.0374665 0.0718981 0.12319 0.153886 0.159021 0.0857701 0.0377988 0.023471 0.0147837 0.00900784 0.00315554 0.000888139 0.00291439 0.00214683 0.00393193 0.00274676 0.000635225 9.99891e-05 0 0
 0 0 0 0 0 0 0 0 0 0 0 0 0 0 0 0 0 0 0 0 0 0 0 0 0 0
 0 0 0 0 0 0 0 0 0 0 0 0 0 0 0 0 0 0 0 0 0 0 0 0 0 0
 0 0 0 0 0 0 0 0 0 0 0 0 0 0 0 0 0 0 0 0 0 0 0 0 0 0
 0 0 0 0 0 0 0 0 0 0 0 0 0 0 0 0 0 0 0 0 0 0 0 0 0 0
 0 0 0 0 0 0 0 0 0 0 0 0 0 0 0 0 0 0 0 0 0 0 0 0 0 0
ppred_pel_tallas
 1.08569e-16 4.62466e-05 0.000449534 0.00298731 0.0135799 0.0422522 0.0900234 0.131396 0.131415 0.0901157 0.0425629 0.0144813 0.00526488 0.00547092 0.00972735 0.0163843 0.0244718 0.0325896 0.0392721 0.0437347 0.0461434 0.0471224 0.0469826 0.0454138 0.0418746 0.0362386
 1.09809e-16 4.24103e-05 0.000412244 0.00273951 0.0124534 0.0387474 0.0825566 0.120501 0.120535 0.0827218 0.039302 0.0140559 0.00676412 0.00920519 0.016764 0.0277085 0.0400644 0.050729 0.0565909 0.0562803 0.0509995 0.0436742 0.0371145 0.0326153 0.0298279 0.0275953
 1.06778e-16 5.2802e-05 0.000513255 0.00341076 0.0155048 0.0482414 0.102784 0.150022 0.150045 0.102901 0.0486321 0.0166343 0.00624967 0.00672322 0.0118838 0.0196604 0.0285462 0.0363832 0.0409999 0.041393 0.0382886 0.0335632 0.0290162 0.0254764 0.0227721 0.0203027
 1.02672e-16 6.47523e-05 0.000629415 0.00418268 0.0190139 0.0591593 0.126046 0.183971 0.183987 0.126125 0.0594254 0.0197824 0.00611252 0.00484463 0.00807727 0.0132696 0.0191537 0.0241818 0.026822 0.0263711 0.0233636 0.0191885 0.0152325 0.0122225 0.0101495 0.00862371
 1.02047e-16 5.39026e-05 0.000523953 0.00348185 0.015828 0.049247 0.104927 0.15315 0.15318 0.105071 0.0497293 0.0172209 0.00697715 0.00815108 0.0145299 0.023911 0.0343816 0.0431129 0.047257 0.0454968 0.0388304 0.0298995 0.0214242 0.014959 0.0106817 0.00797552
 1.02042e-16 6.20403e-05 0.000603053 0.0040075 0.0182175 0.0566816 0.120767 0.176267 0.176286 0.120859 0.0569915 0.0191129 0.00625631 0.0055163 0.00940507 0.0154809 0.0223652 0.0282691 0.031403 0.0309257 0.0274186 0.0224484 0.0175917 0.0136955 0.0108045 0.00856508
 1.03858e-16 3.37146e-05 0.000327718 0.0021778 0.0099 0.0308028 0.0656305 0.0958 0.095849 0.0658699 0.0316067 0.0122216 0.00800465 0.0130458 0.0241819 0.0399088 0.0574499 0.0721648 0.0793365 0.0767777 0.066124 0.0517088 0.0379681 0.0273981 0.0202397 0.0154715
 1.10027e-16 3.35244e-05 0.000325869 0.00216551 0.00984413 0.0306289 0.0652594 0.0952551 0.0952891 0.0654253 0.0311867 0.0114584 0.00622984 0.00923875 0.017079 0.0284906 0.0417569 0.0540069 0.0622811 0.0651365 0.0633506 0.0590826 0.0542497 0.0494942 0.0443865 0.0383448
 1.12846e-16 4.20425e-05 0.000408668 0.00271575 0.0123454 0.0384113 0.0818403 0.119454 0.119482 0.0819749 0.0388636 0.0136538 0.00600745 0.00761975 0.0138124 0.0229681 0.0335589 0.0432234 0.0495867 0.0515934 0.0500901 0.0470951 0.044363 0.0424058 0.0405819 0.0379025
 1.0498e-16 6.42527e-05 0.000624559 0.00415042 0.0188672 0.0587029 0.125073 0.182551 0.182566 0.125144 0.058941 0.0195554 0.00587976 0.00440595 0.00726442 0.0119576 0.0173384 0.0220613 0.024805 0.0249784 0.0230638 0.0202553 0.0176885 0.0158696 0.0146429 0.0135487
 1.0067e-16 7.48561e-05 0.000727628 0.00483534 0.0219808 0.0683904 0.145713 0.212674 0.212682 0.145751 0.0685176 0.0223481 0.005757 0.00273858 0.00389104 0.00630639 0.00905915 0.0113541 0.0124367 0.0119618 0.0101976 0.00784756 0.0056351 0.00397209 0.00290058 0.00224674
 1.00378e-16 6.77311e-05 0.000658371 0.00437511 0.0198886 0.0618809 0.131844 0.192434 0.19245 0.131924 0.0621481 0.0206598 0.00630968 0.00487708 0.00806659 0.0131937 0.0189174 0.0236156 0.0256848 0.0243854 0.0202876 0.0149052 0.00982036 0.00597272 0.00351505 0.00211712
 1.01304e-16 5.01428e-05 0.000487406 0.00323898 0.014724 0.0458119 0.0976084 0.142469 0.142504 0.097775 0.0463712 0.0163391 0.00729178 0.00933014 0.0168305 0.0277086 0.0398238 0.0498926 0.0545957 0.0523877 0.0444133 0.0337371 0.0235364 0.0156602 0.0103775 0.00703579
 1.02522e-16 5.85861e-05 0.000569478 0.00378438 0.0172033 0.0535258 0.114043 0.166454 0.166475 0.114147 0.053875 0.0182124 0.00631957 0.00611115 0.0106046 0.0174939 0.0253222 0.0321049 0.0358447 0.0355951 0.0319828 0.0267132 0.0214849 0.0171846 0.0138336 0.0110566
 1.00257e-16 7.95598e-05 0.000773349 0.00513918 0.023362 0.0726877 0.154869 0.226036 0.226039 0.154883 0.0727333 0.0234937 0.00546975 0.00149498 0.00145004 0.00227119 0.00326376 0.0041035 0.00451921 0.00438724 0.00380005 0.0030018 0.00224122 0.00165642 0.00125811 0.000986815
 1.00061e-16 7.71905e-05 0.000750319 0.00498614 0.0226663 0.0705232 0.150257 0.219306 0.219312 0.150286 0.0706206 0.0229476 0.00569184 0.00228878 0.00299283 0.00480937 0.00688246 0.00857441 0.00929346 0.00876889 0.00721278 0.00518684 0.00328117 0.00185038 0.000956479 0.000477212
 1.00669e-16 3.63378e-05 0.000353217 0.00234725 0.0106703 0.0331995 0.0707371 0.103254 0.103306 0.0709915 0.0340535 0.0131354 0.00853017 0.0138344 0.0255921 0.0421261 0.060386 0.0753142 0.0817796 0.0774118 0.0640435 0.0465453 0.0300241 0.0175353 0.00960515 0.00518862
 1.00827e-16 7.6691e-05 0.000745464 0.00495387 0.0225196 0.0700668 0.149285 0.217886 0.217891 0.149305 0.070135 0.022717 0.00545075 0.0018348 0.00215903 0.00348288 0.00509056 0.00656808 0.00754247 0.00782979 0.00751965 0.00687602 0.00614176 0.0054135 0.00466357 0.0038461
 1.00486e-16 6.42998e-05 0.000625016 0.00415346 0.018881 0.058746 0.125165 0.182687 0.182707 0.125265 0.05908 0.0198453 0.0065719 0.00589792 0.0100591 0.0164773 0.023611 0.0294417 0.031961 0.0302471 0.0250265 0.0182151 0.0118176 0.0070259 0.00403059 0.00239865
 1.00901e-16 6.40758e-05 0.00062284 0.00413899 0.0188153 0.0585413 0.124729 0.18205 0.182069 0.124821 0.0588507 0.0197087 0.0063813 0.00551672 0.00935508 0.0153551 0.0220904 0.0277274 0.0304375 0.0293668 0.0251343 0.0194048 0.0138965 0.00959801 0.00664315 0.0046818
 1.01286e-16 6.03232e-05 0.000586363 0.00389659 0.0177133 0.0551129 0.117425 0.171389 0.171412 0.117535 0.0554844 0.0187864 0.00658963 0.00646374 0.0112179 0.0184374 0.0265235 0.0332875 0.0365364 0.0352501 0.0301809 0.0233377 0.0167893 0.011718 0.00826869 0.0059972
 1.01468e-16 6.24003e-05 0.000606553 0.00403076 0.0183233 0.0570105 0.121468 0.17729 0.17731 0.121565 0.0573359 0.0192631 0.00639017 0.00575761 0.00984642 0.0161822 0.0233107 0.0293229 0.0323114 0.0313864 0.0271917 0.0214503 0.0159239 0.0116007 0.00858098 0.00648013
 1.03653e-16 2.95902e-05 0.000287627 0.00191139 0.00868891 0.0270347 0.0576023 0.0840835 0.0841369 0.0578636 0.0279121 0.011223 0.00827167 0.01417 0.0263882 0.0435604 0.0627039 0.078755 0.0865573 0.0837115 0.0719894 0.0561112 0.0409214 0.0291644 0.0211408 0.0157811
 1.03226e-16 6.80778e-05 0.00066174 0.0043975 0.0199904 0.0621976 0.132519 0.193417 0.193426 0.132563 0.0623467 0.0204221 0.00548548 0.00305107 0.00464764 0.00768467 0.0113171 0.0147599 0.0172445 0.0183907 0.0183761 0.0177063 0.0167962 0.0157263 0.0143326 0.012472
 1.01485e-16 6.3178e-05 0.000614113 0.004081 0.0185516 0.0577211 0.122982 0.1795 0.17952 0.123081 0.0580548 0.0195151 0.00649817 0.00588646 0.0100636 0.0165042 0.0236922 0.0296351 0.0323513 0.0309364 0.0261121 0.019759 0.0138177 0.00940152 0.00663008 0.00502897
 1.02841e-16 3.71588e-05 0.000361197 0.00240028 0.0109114 0.0339495 0.0723348 0.105584 0.10563 0.0725599 0.0347055 0.0130946 0.00787992 0.0123214 0.0227457 0.037528 0.0540159 0.0678336 0.0745311 0.0720319 0.061853 0.0480562 0.0348214 0.0245344 0.0174868 0.0127915
 1.02472e-16 6.84772e-05 0.000665623 0.0044233 0.0201077 0.0625625 0.133296 0.194552 0.194562 0.133347 0.0627311 0.0205955 0.00565075 0.00335514 0.00520555 0.00857347 0.0125206 0.0161125 0.018433 0.0190395 0.0181832 0.0165594 0.0148084 0.0131844 0.0115952 0.00986717
 1.01888e-16 5.43045e-05 0.000527859 0.00350781 0.015946 0.0496141 0.105709 0.154292 0.154322 0.105855 0.0501035 0.0173589 0.00705251 0.00825989 0.014721 0.0242045 0.0347542 0.0434791 0.0474735 0.0454048 0.0383203 0.0289645 0.0201745 0.0135857 0.00939115 0.00692367
 1.04207e-16 3.79948e-05 0.000369323 0.00245429 0.0111569 0.0347133 0.0739619 0.107958 0.108 0.0741647 0.0353942 0.0131243 0.00739541 0.0111645 0.0205649 0.0340019 0.0491242 0.062074 0.0689185 0.0678024 0.0599995 0.0489551 0.0381462 0.0294562 0.0230098 0.0180524
pSPR Fmed_Fpbrs
0.539793   0.209052 0.209052
Fs Fmed_Fpbrs
0.34   1.005 1.005
SSBpbr Bo_Bmed_Bpbrs
500808  245292  79654.8 79654.8
Ro
96185.8
SPR SPRFo_SPRFmed_SPRFpbrs
683593 368998 142907
Fref
1.005
Nvult_r0
 39897.8 21718.4 5003.59 311.531 185.083
CTP_r0
 17913.2 10886.3 2508.03 156.154 92.7722
YTP_r0
378369
Np
 130513 21256.7 1255.38 570.462 149.124
Nvult_p0
 109257 18394.2 1086.33 493.644 129.043
CTP_p0
 49053.7 4043.66 1837.49 423.331 30.806
 49053.7 9220.06 544.521 247.437 64.6823
YTP_p0
 499000 553891
CBA_c0
414558
log_Ro
11.294
likeval ReclasPelacesDesembMPH_pf_preclas_ppelaces_ptallas_desvR_qrecl_qpela
 17.1794 21.0224 0.0174088 36.336 220.741 107.718 96.8434 0 21.6952 0.000112543 0.000228239 0.0299798 0 0 0
q_reclas_q_pelaces
4.48298 8.47005
M
1
N
 144709 26571.5 31267.5 2735.67 0.154372
 96228.3 37211 6284.72 7395.44 647.082
 83750.5 18256.3 6048.51 1021.56 1307.28
 129531 15964.6 2984.92 988.94 380.769
 93573.5 22834 2370.22 443.163 203.356
 196831 27260 6299.46 653.897 178.362
 70746.2 51938.2 6656.31 1538.19 203.22
 24762.7 10982.2 6591.82 844.797 221.014
 23874.4 7693.3 3279.99 1968.74 318.319
 31889.4 4116.97 1111.6 473.923 330.454
 55175.9 2570.45 232.827 62.8641 45.49
 132447 15655.1 686.411 62.1741 28.9348
 70347.9 23878.3 2389.53 104.771 13.9065
 44984.1 11649.3 3281.96 328.43 16.3117
 64388.1 1161.69 161.822 45.5901 4.78885
 227754 8903.42 127.835 17.8071 5.54379
 48236.1 34844.8 1109.91 15.936 2.91095
 284958 7636.16 4530.64 144.314 2.45055
 283953 47164.2 1048.91 622.332 20.1597
 252138 36717.6 4778.03 106.261 65.0884
 241369 43561.4 5317.63 691.977 24.8156
 300714 48458.6 7592.72 926.859 124.936
 50620.4 45704.6 5991.91 938.841 130.055
 129468 8324.99 6228.77 816.597 145.673
 152970 24020.7 1316.49 984.996 152.17
 48205.2 28676.9 3847.42 210.863 182.141
 138050 9767.02 5055.16 678.223 69.2787
 113268 29373.5 1828.84 946.557 139.967
 47660.2 25098.1 5782.23 360.01 213.885
pred_Ctot
 28346.1 6215.5 7313.99 639.918 0.0361101
 31063.6 14010 2366.21 2784.4 243.628
 26888.6 6838.48 2265.67 382.658 489.685
 45224 6467.2 1209.18 400.614 154.247
 12545.4 3695.07 383.557 71.7139 32.9077
 36138.3 5989.67 1384.14 143.677 39.1903
 27681.5 23378.6 2996.16 692.376 91.474
 2467.57 1328.51 797.41 102.195 26.736
 8516.88 3179.52 1355.57 813.65 131.556
 17676.1 2532 683.647 291.469 203.234
 8148.39 457.123 41.4056 11.1796 8.08985
 45197.6 6208.27 272.207 24.6561 11.4746
 26055.7 10217.9 1022.51 44.8331 5.9508
 31837.4 8801.29 2479.59 248.136 12.3238
 27440.8 565.391 78.758 22.1885 2.33071
 90153.4 4050.51 58.1569 8.10116 2.52208
 18573.3 15454.6 492.274 7.06803 1.29108
 105591 3268.98 1939.53 61.7799 1.04906
 126370 23873.7 530.939 315.014 10.2045
 89784.3 15149.4 1971.37 43.8422 26.8549
 72763 15379.6 1877.42 244.307 8.76132
 119651 22150.6 3470.66 423.67 57.1089
 18864.2 19668.8 2578.59 404.026 55.9685
 42849.1 3208.41 2400.53 314.712 56.1414
 50050.6 9158.74 501.957 375.564 58.0202
 14361 10012.2 1343.29 73.6206 63.5927
 38450.7 3199.91 1656.19 222.202 22.6974
 29661.7 9076.25 565.101 292.482 43.249
 14841.5 9135.76 2104.74 131.044 77.8544
F
 0.358122 0.441716 0.441716 0.441716 0.441716
 0.662216 0.816793 0.816793 0.816793 0.816793
 0.657465 0.810933 0.810933 0.810933 0.810933
 0.73567 0.907393 0.907393 0.907393 0.907393
 0.233325 0.287789 0.287789 0.287789 0.287789
 0.332292 0.409857 0.409857 0.409857 0.409857
 0.862821 1.06422 1.06422 1.06422 1.06422
 0.16899 0.208436 0.208436 0.208436 0.208436
 0.75769 0.934553 0.934553 0.934553 0.934553
 1.51819 1.87258 1.87258 1.87258 1.87258
 0.259731 0.320358 0.320358 0.320358 0.320358
 0.713217 0.879699 0.879699 0.879699 0.879699
 0.798207 0.984527 0.984527 0.984527 0.984527
 2.65643 3.27651 3.27651 3.27651 3.27651
 0.978493 1.2069 1.2069 1.2069 1.2069
 0.87736 1.08216 1.08216 1.08216 1.08216
 0.843214 1.04004 1.04004 1.04004 1.04004
 0.798708 0.985146 0.985146 0.985146 0.985146
 1.04555 1.28961 1.28961 1.28961 1.28961
 0.755807 0.93223 0.93223 0.93223 0.93223
 0.605616 0.746981 0.746981 0.746981 0.746981
 0.883961 1.0903 1.0903 1.0903 1.0903
 0.805092 0.99302 0.99302 0.99302 0.99302
 0.684514 0.844296 0.844296 0.844296 0.844296
 0.674151 0.831514 0.831514 0.831514 0.831514
 0.596455 0.735682 0.735682 0.735682 0.735682
 0.547526 0.675332 0.675332 0.675332 0.675332
 0.506965 0.625303 0.625303 0.625303 0.625303
 0.631657 0.7791 0.7791 0.7791 0.7791
YTP_r0W_actual
 93148.6 223169 54424.3 4528.46 3098.59
YTP_p0W_proyectada
 369865 70561.9 44228.5 13258.7 1085.91
 369865 160890 13106.6 7749.74 2280.05
CTP_r0_actual
 17913.2 10886.3 2508.03 156.154 92.7722
CTP_p0_proyectada
 49053.7 4043.66 1837.49 423.331 30.806
 49053.7 9220.06 544.521 247.437 64.6823
Wmedp
 7.54 17.45 24.07 31.32 35.25
Frms_r0
 0.814805 1.005 1.005 1.005 1.005
Zrms_r0
 1.81481 2.005 2.005 2.005 2.005
nmprior
 7.29 8.9 8.7 0
nm_flota  nm_reclas  nm_pelaces    nm_pelaL
inf 11.4668 9.27458 11.5884
cv_recla  cv_pelaces  cv_mph
0.393211 0.561548 0.522035
 ------------------------------------------------
Talla a la edad & desviaci?n 
 8 13.2811 15.8009 17.003 17.5766
 0.8 1.32811 1.58009 1.7003 1.75766
