years
 1991 1992 1993 1994 1995 1996 1997 1998 1999 2000 2001 2002 2003 2004 2005 2006 2007 2008 2009 2010 2011 2012 2013 2014 2015 2016 2017 2018 2019 2020
reclasobs
 0 0 0 0 0 0 0 0 0 252601 567819 844713 477998 351125 339783 2.1784e+06 2.13404e+06 4.81314e+06 1.55562e+06 2.62356e+06 3.21686e+06 3.843e+06 1.13348e+06 3.07943e+06 1.97215e+06 2.03268e+06 2.025e+06 2.42433e+06 2.27542e+06 1.05018e+06
reclaspred
 4.46446e+06 2.41154e+06 1.16968e+06 1.38388e+06 1.63552e+06 3.29237e+06 1.9402e+06 1.4332e+06 833350 337477 585129 1.25948e+06 1.08329e+06 270354 670892 1.56651e+06 1.26223e+06 2.53365e+06 2.42731e+06 2.32856e+06 4.03757e+06 2.74774e+06 1.56734e+06 2.13195e+06 1.80653e+06 1.54782e+06 2.12996e+06 2.37496e+06 1.86061e+06 948424
pelacesobs
 0 0 0 0 0 0 0 0 0 0 0 0 0 0 0 552880 188675 0 991730 2.46772e+06 1.41603e+06 1.21717e+06 2.29649e+06 1.80582e+06 0 1.4828e+06 1.56532e+06 1.57751e+06 1.42118e+06 867257
pelacespred
 3.0593e+06 1.66042e+06 751918 731935 1.08947e+06 2.19397e+06 1.18147e+06 1.16548e+06 580506 164468 379388 697606 652917 94522.8 383964 781854 666865 1.44143e+06 1.37449e+06 1.24e+06 2.37413e+06 1.60838e+06 941005 1.38235e+06 1.10785e+06 983939 1.57451e+06 1.65526e+06 1.21897e+06 596815
mphobs
 0 0 0 0 0 0 0 0 0 0 0 0 498337 0 5186 125008 0 168611 109162 213762 579715 649985 157893 87575 83554 210694 70296 0 107559 103333
mphpred
 789983 538761 238987 138442 201939 287997 473593 207267 175925 71849.1 24387.2 113439 179723 76903.2 10298.7 81604.8 221176 137126 283572 230232 361147 385090 246043 135788 245979 213430 160742 264557 358505 187697
desembarqueobs
 494567 514787 250237 358949 120608 361735 552515 73892 212993 205616 52469 317467 293654 387597 252695 516296 358380 742168 942051 627588 828172 859565 418607 520667 417249 300574 415391 372974 316634 284311
desembarquepred
 494555 514424 250393 358939 120609 361713 552472 73897.4 213070 205685 52470.3 317422 293700 387629 252579 516138 358382 741866 941199 627106 828233 859449 418547 520727 417107 300562 415325 372899 316470 284166
Reclutas
 144078 95622.9 84084.1 128454 92915.5 196886 70138.9 24603.8 23768.1 31994.1 55308.5 131590 71000.1 44878.3 64810.6 226935 48198.6 285061 283550 251439 241434 298573 51040.1 129416 152208 47840.1 135760 127516 47004.8 44343.8
log_desv_Rt
 0.428573 0.01863 -0.109965 0.313785 -0.0100917 0.74084 -0.291305 -1.33888 -1.37344 -1.07623 -0.528856 0.337908 -0.279101 -0.737828 -0.370314 0.882881 -0.666452 1.11092 1.10561 0.985418 0.944815 1.15723 -0.609171 0.321247 0.483463 -0.673918 0.369108 0.306463 -0.691532 -0.749809
SSB
 789983 538761 238987 138442 201939 287997 473593 207267 175925 71849.1 24387.2 113439 169292 73655.5 9852.15 78246.6 221176 137126 296965 239376 387438 446346 306725 157548 259975 245451 169144 264557 377077 180015
BT
 1.34178e+06 999448 454571 586687 480675 1.22756e+06 842672 480428 411562 258428 223727 561567 509776 429638 448276 790318 504702 1.3576e+06 1.47871e+06 1.00577e+06 1.69621e+06 1.3719e+06 682979 1.14388e+06 775411 611667 1.15871e+06 1.01645e+06 634667 486498
Ftot
 0.448295 0.830934 0.825169 0.928403 0.293864 0.416616 1.07727 0.211775 0.952362 1.91002 0.325273 0.895878 0.993015 3.31492 1.2162 1.10116 1.05108 1.0002 1.30736 0.947409 0.756764 1.10882 1.00406 0.857971 0.844665 0.747371 0.698471 0.57931 0.683632 1.08941
BD_Bspro_t
 0.930785 0.58162 0.31271 0.226852 0.274792 0.3996 0.45967 0.247145 0.280275 0.166147 0.0854177 0.385344 0.332843 0.149603 0.0251944 0.167107 0.256844 0.168426 0.252662 0.191774 0.230063 0.250537 0.204765 0.136416 0.232216 0.257949 0.230078 0.347567 0.410792 0.259245
BD_Bspro
 1.18239 0.806377 0.357697 0.20721 0.302248 0.431053 0.708838 0.310221 0.263312 0.107538 0.0365009 0.169786 0.253383 0.110242 0.014746 0.117114 0.33104 0.20524 0.444475 0.35828 0.579888 0.668057 0.459083 0.235806 0.389111 0.367373 0.253162 0.395969 0.564381 0.269434
BD_Bo
 1.60235 1.09279 0.484744 0.280807 0.4096 0.584154 0.960603 0.420406 0.356835 0.145734 0.0494653 0.230091 0.34338 0.149398 0.0199834 0.15871 0.448619 0.278138 0.602343 0.485534 0.785853 0.905337 0.62214 0.319559 0.527315 0.497856 0.343081 0.536609 0.764838 0.365131
BD_Brms
 9.8976 6.75007 2.99424 1.73453 2.53008 3.60828 5.93359 2.59682 2.20415 0.90019 0.305544 1.42126 2.12104 0.922821 0.123437 0.980343 2.77109 1.71804 3.72064 2.99912 4.85417 5.59221 3.84293 1.9739 3.25719 3.07523 2.11919 3.3146 4.72436 2.25539
Sel_flota
 0.79633 1 1 1 1
 0.79633 1 1 1 1
 0.79633 1 1 1 1
 0.79633 1 1 1 1
 0.79633 1 1 1 1
 0.79633 1 1 1 1
 0.79633 1 1 1 1
 0.79633 1 1 1 1
 0.79633 1 1 1 1
 0.79633 1 1 1 1
 0.79633 1 1 1 1
 0.79633 1 1 1 1
 0.79633 1 1 1 1
 0.79633 1 1 1 1
 0.79633 1 1 1 1
 0.79633 1 1 1 1
 0.79633 1 1 1 1
 0.79633 1 1 1 1
 0.79633 1 1 1 1
 0.79633 1 1 1 1
 0.79633 1 1 1 1
 0.79633 1 1 1 1
 0.79633 1 1 1 1
 0.79633 1 1 1 1
 0.79633 1 1 1 1
 0.79633 1 1 1 1
 0.79633 1 1 1 1
 0.79633 1 1 1 1
 0.79633 1 1 1 1
 0.79633 1 1 1 1
Sel_reclas
 0.635893 1 1 1 1
 0.635893 1 1 1 1
 0.635893 1 1 1 1
 0.635893 1 1 1 1
 0.635893 1 1 1 1
 0.635893 1 1 1 1
 0.635893 1 1 1 1
 0.635893 1 1 1 1
 0.635893 1 1 1 1
 0.635893 1 1 1 1
 0.635893 1 1 1 1
 0.635893 1 1 1 1
 0.635893 1 1 1 1
 0.635893 1 1 1 1
 0.635893 1 1 1 1
 0.635893 1 1 1 1
 0.635893 1 1 1 1
 0.635893 1 1 1 1
 0.635893 1 1 1 1
 0.635893 1 1 1 1
 0.635893 1 1 1 1
 0.635893 1 1 1 1
 0.635893 1 1 1 1
 0.635893 1 1 1 1
 0.635893 1 1 1 1
 0.635893 1 1 1 1
 0.635893 1 1 1 1
 0.635893 1 1 1 1
 0.635893 1 1 1 1
 0.635893 1 1 1 1
Sel_pelaces
 0.5 1 1 1 1
 0.5 1 1 1 1
 0.5 1 1 1 1
 0.5 1 1 1 1
 0.5 1 1 1 1
 0.5 1 1 1 1
 0.5 1 1 1 1
 0.5 1 1 1 1
 0.5 1 1 1 1
 0.5 1 1 1 1
 0.5 1 1 1 1
 0.5 1 1 1 1
 0.5 1 1 1 1
 0.5 1 1 1 1
 0.5 1 1 1 1
 0.5 1 1 1 1
 0.5 1 1 1 1
 0.5 1 1 1 1
 0.5 1 1 1 1
 0.5 1 1 1 1
 0.5 1 1 1 1
 0.5 1 1 1 1
 0.5 1 1 1 1
 0.5 1 1 1 1
 0.5 1 1 1 1
 0.5 1 1 1 1
 0.5 1 1 1 1
 0.5 1 1 1 1
 0.5 1 1 1 1
 0.5 1 1 1 1
pf_obs 
 0.8446 0.082 0.0669 0.0065 0
 0.8095 0.147 0.0364 0.0071 0
 0.9664 0.0169 0.016 0.0007 0
 0.9276 0.0648 0.0075 0.0001 0
 0.7033 0.2144 0.0806 0.0017 0
 0.9318 0.0425 0.0243 0.0014 0
 0.5671 0.3108 0.0964 0.0239 0.0018
 0.0768 0.2599 0.5324 0.112 0.0189
 0.490249 0.384438 0.106611 0.0170017 0.00170017
 0.7925 0.1577 0.0466 0.003 0.0002
 0.840416 0.127587 0.0312969 0.00059994 9.999e-05
 0.8084 0.0986 0.0794 0.0134 0.0002
 0.7335 0.1905 0.0724 0.0035 0.0001
 0.4001 0.4547 0.1325 0.0127 0
 0.49795 0.308269 0.164784 0.0264974 0.00249975
 0.9179 0.0499 0.0305 0.0017 0
 0.2467 0.6533 0.0926 0.0074 0
 0.9418 0.0223 0.034 0.0019 0
 0.707729 0.231977 0.0356964 0.0245975 0
 0.517169 0.277429 0.184464 0.0207286 0.00020938
 0.811772 0.124168 0.05621 0.00726502 0.000585176
 0.764997 0.148141 0.077277 0.00933861 0.000247198
 0.163321 0.427699 0.378323 0.0303852 0.000271297
 0.753843 0.0900009 0.118128 0.0371064 0.000921714
 0.721811 0.176058 0.0630433 0.0369309 0.00215725
 0.143369 0.312575 0.442814 0.0836902 0.0175525
 0.692698 0.0596174 0.167031 0.0765114 0.00414204
 0.394062 0.376323 0.152708 0.0712218 0.00568511
 0.125707 0.32114 0.495352 0.0537591 0.00404204
 0.23352 0.215282 0.420074 0.123614 0.00750983
pf_pred 
 0.664465 0.147097 0.173169 0.0152677 8.42502e-07
 0.612591 0.280685 0.0467871 0.0550801 0.00485647
 0.729721 0.186141 0.06096 0.0101614 0.0130172
 0.843596 0.123644 0.0225614 0.00738875 0.0028094
 0.748128 0.22276 0.023015 0.00419957 0.00189828
 0.826382 0.137945 0.0315496 0.00325964 0.000863644
 0.500077 0.431396 0.054447 0.0124527 0.00162747
 0.518846 0.284769 0.169466 0.0213885 0.00553115
 0.606536 0.228796 0.0974574 0.057997 0.00921282
 0.827511 0.118491 0.0313993 0.0133748 0.00922366
 0.939794 0.0534548 0.00463771 0.00122896 0.000884495
 0.871622 0.12238 0.00532546 0.000462034 0.000210554
 0.698558 0.272969 0.0271427 0.00118113 0.000149173
 0.730644 0.20698 0.0564846 0.00561655 0.000275276
 0.975918 0.0204977 0.00275419 0.000751617 7.84e-05
 0.954982 0.04428 0.000628479 8.44461e-05 2.54491e-05
 0.535511 0.449909 0.0143404 0.000203538 3.55904e-05
 0.952013 0.0299798 0.0174423 0.000555956 9.27063e-06
 0.834407 0.159967 0.00351443 0.0020447 6.62596e-05
 0.837157 0.143819 0.0183772 0.000403741 0.000242509
 0.804456 0.172021 0.0207751 0.00265464 9.33527e-05
 0.818053 0.154776 0.0239029 0.00288676 0.000381842
 0.454715 0.473042 0.0614546 0.00949078 0.00129782
 0.876253 0.067395 0.0488859 0.00635094 0.00111493
 0.829757 0.154688 0.00847135 0.0061448 0.000938437
 0.551504 0.391233 0.0520304 0.00284939 0.00238249
 0.880854 0.0750244 0.038488 0.00511854 0.000514692
 0.771446 0.208064 0.0129023 0.00661898 0.000968777
 0.522241 0.391853 0.0782047 0.00484958 0.002852
 0.695011 0.182911 0.100127 0.019983 0.00196792
pobs_RECLAS
 0 0 0 0 0
 0 0 0 0 0
 0 0 0 0 0
 0 0 0 0 0
 0 0 0 0 0
 0 0 0 0 0
 0 0 0 0 0
 0 0 0 0 0
 0 0 0 0 0
 0 0 0 0 0
 0.991045 0.00858322 0.000360255 1.14367e-05 0
 0.934742 0.0480273 0.0164251 0.00080598 0
 0.827803 0.169806 0.00239088 0 0
 0.941827 0.0461693 0.0120037 0 0
 0.791401 0.0380133 0.147996 0.0225897 0
 0.846168 0.0940531 0.0597789 0 0
 0.134021 0.677848 0.182769 0.00536245 0
 0.80878 0.0450904 0.141981 0.00414843 0
 0.846168 0.0940531 0.0597789 0 0
 0.905697 0.0802665 0.012482 0.00150086 5.37128e-05
 0.989698 0.0102097 9.19794e-05 0 0
 0.975433 0.0193895 0.00387452 0.00125025 5.28907e-05
 0.303575 0.632131 0.0575291 0.00676475 0
 0.966965 0.00978017 0.0227588 0.000495775 0
 0.843318 0.132988 0.00938335 0.0141283 0.000182051
 0.564624 0.303363 0.111486 0.0197234 0.00080311
 0.826376 0.0876187 0.0782897 0.00655872 0.00115652
 0.89761 0.0855135 0.0140674 0.00269457 0.000114338
 0.34875 0.467042 0.161289 0.0227151 0.000203297
 0.318654 0.224769 0.449479 0.00709798 0
ppred_RECLAS
 0.615055 0.168758 0.19867 0.017516 9.66567e-07
 0.563823 0.316018 0.0526769 0.0620138 0.00546782
 0.688144 0.214775 0.0703375 0.0117245 0.0150197
 0.815724 0.145678 0.026582 0.00870547 0.00331005
 0.704706 0.261162 0.0269827 0.00492356 0.00222553
 0.793252 0.164268 0.03757 0.00388165 0.00102845
 0.452436 0.472506 0.0596357 0.0136394 0.00178256
 0.463717 0.317396 0.188883 0.0238391 0.00616488
 0.558774 0.25657 0.109288 0.0650372 0.0103312
 0.805634 0.133519 0.0353817 0.0150711 0.0103935
 0.926208 0.0655175 0.00568426 0.00150629 0.00108409
 0.84767 0.145212 0.00631903 0.000548235 0.000249837
 0.656015 0.311494 0.0309734 0.00134783 0.000170227
 0.721813 0.213765 0.0583364 0.00580068 0.000284301
 0.971175 0.0245349 0.00329666 0.000899656 9.38417e-05
 0.946067 0.0530487 0.000752936 0.000101169 3.04888e-05
 0.487495 0.496418 0.0158228 0.000224578 3.92695e-05
 0.942302 0.0360467 0.020972 0.000668463 1.11467e-05
 0.807993 0.185484 0.00407503 0.00237086 7.68289e-05
 0.808521 0.16911 0.0216088 0.00047474 0.000285155
 0.770302 0.202066 0.0244036 0.00311829 0.000109658
 0.788099 0.180256 0.027838 0.00336201 0.000444705
 0.407088 0.514359 0.0668222 0.0103197 0.00141117
 0.852829 0.0801526 0.0581397 0.00755314 0.00132599
 0.79946 0.182218 0.00997895 0.00723836 0.00110545
 0.50051 0.435717 0.0579463 0.00317337 0.00265338
 0.857423 0.0897787 0.046057 0.00612515 0.000615911
 0.732219 0.243774 0.0151168 0.007755 0.00113505
 0.470534 0.434262 0.0866687 0.00537444 0.00316066
 0.653183 0.207997 0.113859 0.0227236 0.00223782
pobs_PELACES
 0 0 0 0 0
 0 0 0 0 0
 0 0 0 0 0
 0 0 0 0 0
 0 0 0 0 0
 0 0 0 0 0
 0 0 0 0 0
 0 0 0 0 0
 0 0 0 0 0
 0 0 0 0 0
 0 0 0 0 0
 0 0 0 0 0
 0 0 0 0 0
 0 0 0 0 0
 0 0 0 0 0
 0 0 0 0 0
 0.505614 0.472636 0.0217494 0 0
 0 0 0 0 0
 0.443492 0.261883 0.143347 0.151278 0
 0.227955 0.32914 0.350689 0.0885471 0.00366901
 0.970185 0.0296113 0.000203453 0 0
 0.997202 0.00247181 0.000326279 0 0
 0.445219 0.490057 0.0546422 0.010081 0
 0.90214 0.0892962 0.00764917 0.000914606 0
 0 0 0 0 0
 0.581667 0.319106 0.0959925 0.00289975 0.000334073
 0.762889 0.0836404 0.116647 0.0363945 0.000428098
 0.88444 0.0763242 0.0277011 0.0115352 0
 0.521256 0.241999 0.230069 0.00667565 0
 0.616807 0.101726 0.260614 0.0208532 0
ppred_PELACES
 0.564223 0.191042 0.224904 0.019829 1.0942e-06
 0.518022 0.349202 0.0582083 0.0685256 0.00604197
 0.647141 0.243013 0.0795855 0.0132661 0.0169945
 0.78745 0.168031 0.0306607 0.0100412 0.00381793
 0.656816 0.303517 0.0313587 0.00572204 0.00258646
 0.756249 0.193668 0.0442943 0.00457639 0.00121252
 0.411238 0.508057 0.0641226 0.0146656 0.00191668
 0.408161 0.350277 0.20845 0.0263088 0.00680353
 0.514939 0.282059 0.120145 0.0714985 0.0113575
 0.787487 0.145986 0.0386852 0.0164782 0.0113639
 0.909808 0.0800788 0.00694759 0.00184106 0.00132503
 0.822917 0.168809 0.00734587 0.000637323 0.000290435
 0.615834 0.347879 0.0345913 0.00150527 0.00019011
 0.718261 0.216495 0.0590813 0.00587475 0.000287931
 0.966385 0.0286122 0.0038445 0.00104916 0.000109436
 0.936918 0.0620478 0.000880662 0.000118331 3.56608e-05
 0.445269 0.537319 0.0171265 0.000243082 4.25051e-05
 0.932131 0.0424005 0.0246687 0.000786291 1.31115e-05
 0.78321 0.209425 0.00460102 0.00267688 8.67457e-05
 0.77966 0.1946 0.0248659 0.000546297 0.000328136
 0.735062 0.233067 0.0281476 0.0035967 0.000126481
 0.759074 0.204947 0.0316512 0.00382252 0.000505618
 0.366107 0.54991 0.0714408 0.011033 0.00150871
 0.828382 0.0934666 0.0677973 0.00880779 0.00154624
 0.768395 0.210444 0.0115247 0.00835963 0.00127669
 0.4531 0.477073 0.0634463 0.00347457 0.00290523
 0.832099 0.105725 0.0542377 0.00721311 0.000725309
 0.69092 0.281371 0.0174482 0.00895102 0.0013101
 0.422511 0.47365 0.0945296 0.00586191 0.00344734
 0.614403 0.231254 0.12659 0.0252645 0.00248804
pobs_pel_tallas
 0 0 0 0 0 0 0 0 0 0 0 0 0 0 0 0 0 0 0 0 0 0 0 0 0 0
 0 0 0 0 0 0 0 0 0 0 0 0 0 0 0 0 0 0 0 0 0 0 0 0 0 0
 0 0 0 0 0 0 0 0 0 0 0 0 0 0 0 0 0 0 0 0 0 0 0 0 0 0
 0 0 0 0 0 0 0 0 0 0 0 0 0 0 0 0 0 0 0 0 0 0 0 0 0 0
 0 0 0 0 0 0 0 0 0 0 0 0 0 0 0 0 0 0 0 0 0 0 0 0 0 0
 0 0 0 0 0 0 0 0 0 0 0 0 0 0 0 0 0 0 0 0 0 0 0 0 0 0
 0 0 0 0 0 0 0 0 0 0 0 0 0 0 0 0 0 0 0 0 0 0 0 0 0 0
 0 0 0 0 0 0 0 0 0 0 0 0 0 0 0 0 0 0 0 0 0 0 0 0 0 0
 0 0 0 0 0 0 0 0 0 0 0 0 0 0 0 0 0 0 0 0 0 0 0 0 0 0
 0 0 0 0 0 0 0 0 0 0 0 0 0 0 0 0 0 0 0 0 0 0 0 0 0 0
 0 0 0 0 0 0 0 0 0 0 0 0 0 0 0 0 0 0 0 0 0 0 0 0 0 0
 0 0 0 0 0 0 0 0 0 0 0 0 0 0 0 0 0 0 0 0 0 0 0 0 0 0
 0.00862536 0 0 0.000197151 0.00414017 0.0128641 0.00837892 0.0270097 0.101434 0.158115 0.152841 0.127902 0.109271 0.109419 0.0830992 0.0579132 0.0238553 0.00714673 0.00463305 0.00128148 0.00103504 0.000492878 0.000147863 0.000147863 4.92878e-05 0
 0 0 0 0 0 0 0 0 0 0 0 0 0 0 0 0 0 0 0 0 0 0 0 0 0 0
 0 0 0 0 0 0 0 0.0054083 0.00873648 0.0413646 0.0450493 0.0745869 0.0622846 0.0627006 0.0613931 0.0827291 0.12552 0.122667 0.0946155 0.0697135 0.0546179 0.0294188 0.0215738 0.0213955 0.0102223 0.00600262
 0 0 0 0 0.00359764 0.0251062 0.0480494 0.140153 0.205849 0.193036 0.1447 0.116669 0.0760912 0.0342217 0.00950174 0.001854 0.000860785 0 0 0 0.000165536 0 0.000143464 0 0 0
 0 0 0 0 0 0 0 0.000145254 0.000435761 0.0275982 0.070085 0.0708112 0.156366 0.174668 0.174014 0.160142 0.0824315 0.0480064 0.0283245 0.00493863 0.00203355 0 0 0 0 0
 0 0 0 0 0 0 0 0 0 0 0 0 0 0 0 0 0 0 0 0 0 0 0 0 0 0
 0 0 1.00437e-05 0.000401748 0.00122533 0.00171747 0.00176769 0.0269171 0.070346 0.194647 0.189555 0.159765 0.064822 0.0314167 0.0384472 0.0292271 0.0345202 0.0313363 0.0194345 0.0106764 0.0143323 0.0359363 0.0279516 0.0138201 0.00172751 0
 0 0.0021121 0.0136068 0.0755702 0.200478 0.177729 0.0527432 0.0373336 0.0318909 0.0142505 0.0149659 0.0166563 0.0217959 0.0798694 0.0677717 0.0528807 0.04013 0.0224614 0.0357745 0.0225083 0.00881397 0.00855152 0.00135912 0.000746735 0 0
 0 0 0 0 5.4009e-05 0.00500934 0.000945158 0.0243581 0.138947 0.33067 0.221406 0.137944 0.0707744 0.0437923 0.0131692 0.00525238 0.0047753 0.00276346 9.45158e-05 9.00151e-06 2.25038e-05 9.00151e-06 4.50075e-06 0 0 0
 0.000866109 0.00284123 0.00948549 0.0512746 0.133035 0.25785 0.225252 0.132002 0.0553304 0.0519788 0.0540692 0.017754 0.00435017 0.00159236 0.00146478 0.000404838 0.000125132 0.000115318 0.000107957 0.000100596 0 0 0 0 0 0
 0 0 0 0 0.00144013 0.00171154 0.00461396 0.0210425 0.0478622 0.0707936 0.0888783 0.103762 0.0637923 0.0337046 0.0602308 0.124433 0.169614 0.0934646 0.0462172 0.0250306 0.0313229 0.00938855 0.002487 0.000210481 0 0
 0 0.00764035 0.051015 0.0998891 0.058973 0.0496711 0.0374665 0.0718981 0.12319 0.153886 0.159021 0.0857701 0.0377988 0.023471 0.0147837 0.00900784 0.00315554 0.000888139 0.00291439 0.00214683 0.00393193 0.00274676 0.000635225 9.99891e-05 0 0
 0 0 0 0 0 0 0 0 0 0 0 0 0 0 0 0 0 0 0 0 0 0 0 0 0 0
 0 0 0 0 0 0 0 0 0 0 0 0 0 0 0 0 0 0 0 0 0 0 0 0 0 0
 0 0 0 0 0 0 0 0 0 0 0 0 0 0 0 0 0 0 0 0 0 0 0 0 0 0
 0 0 0 0 0 0 0 0 0 0 0 0 0 0 0 0 0 0 0 0 0 0 0 0 0 0
 0 0 0 0 0 0 0 0 0 0 0 0 0 0 0 0 0 0 0 0 0 0 0 0 0 0
 0 0 0 0 0 0 0 0 0 0 0 0 0 0 0 0 0 0 0 0 0 0 0 0 0 0
ppred_pel_tallas
 1.08528e-16 4.64744e-05 0.000451747 0.00300202 0.0136468 0.0424602 0.0904667 0.132043 0.132061 0.0905584 0.0427688 0.014542 0.00526394 0.00543866 0.00966122 0.0162723 0.0243051 0.0323691 0.0390091 0.0434462 0.0458454 0.046826 0.0466958 0.0451453 0.0416352 0.0360392
 1.09664e-16 4.26689e-05 0.000414757 0.0027562 0.0125293 0.0389836 0.0830599 0.121235 0.121269 0.0832245 0.0395365 0.0141269 0.00676834 0.00918016 0.0167111 0.0276184 0.0399292 0.0505471 0.0563674 0.0560224 0.050711 0.043354 0.0367603 0.0322303 0.0294251 0.0271967
 1.06566e-16 5.33042e-05 0.000518135 0.00344319 0.0156523 0.0487002 0.103762 0.151448 0.151472 0.103877 0.049086 0.0167677 0.00624669 0.00665036 0.0117354 0.0194109 0.0281788 0.0359042 0.0404397 0.0407926 0.0376808 0.0329615 0.0284189 0.0248799 0.0221828 0.0197386
 1.02581e-16 6.48612e-05 0.000630474 0.00418972 0.0190459 0.0592589 0.126258 0.184281 0.184297 0.126337 0.0595249 0.0198143 0.00611916 0.0048446 0.00807464 0.0132633 0.0191405 0.0241563 0.0267767 0.0262973 0.0232535 0.0190373 0.0150416 0.0120001 0.00990977 0.00838404
 1.01995e-16 5.41012e-05 0.000525882 0.00349468 0.0158863 0.0494283 0.105313 0.153714 0.153743 0.105456 0.0499079 0.0172712 0.0069699 0.00810914 0.0144467 0.0237728 0.0341817 0.0428599 0.0469747 0.0452163 0.0385767 0.029683 0.021241 0.0147987 0.0105351 0.00783911
 1.01992e-16 6.22913e-05 0.000605493 0.00402372 0.0182912 0.0569109 0.121255 0.17698 0.176998 0.121347 0.0572177 0.0191776 0.0062499 0.0054692 0.00931076 0.0153234 0.0221354 0.0279741 0.0310668 0.0305805 0.0270915 0.0221531 0.0173294 0.0134622 0.0105979 0.00838634
 1.03776e-16 3.38732e-05 0.00032926 0.00218805 0.00994659 0.0309478 0.0659394 0.0962507 0.0962997 0.0661786 0.0317509 0.0122661 0.00800972 0.0130358 0.0241593 0.039869 0.0573875 0.0720759 0.0792184 0.0766286 0.0659424 0.0514943 0.0377244 0.0271346 0.0199719 0.0152172
 1.09895e-16 3.36197e-05 0.000326796 0.00217168 0.00987214 0.0307161 0.0654451 0.0955262 0.0955602 0.0656114 0.0312752 0.0114904 0.00624571 0.00926045 0.0171174 0.0285508 0.0418362 0.054091 0.0623438 0.0651459 0.0632793 0.0589174 0.0539956 0.0491729 0.0440293 0.0379855
 1.12632e-16 4.24149e-05 0.000412288 0.0027398 0.0124548 0.0387515 0.0825652 0.120512 0.120539 0.0826989 0.0392007 0.0137539 0.00600841 0.00757268 0.0137157 0.0228053 0.0333189 0.0429095 0.0492168 0.0511906 0.0496699 0.0466591 0.0439026 0.0419145 0.0400651 0.0373799
 1.0473e-16 6.48643e-05 0.000630504 0.00418992 0.0190468 0.0592617 0.126264 0.184289 0.184303 0.126333 0.0594932 0.0197161 0.00587167 0.00430762 0.00706582 0.0116252 0.016852 0.0214336 0.0240822 0.0242215 0.0223208 0.0195446 0.0170031 0.0151958 0.0139782 0.012907
 1.0063e-16 7.49397e-05 0.00072844 0.00484074 0.0220053 0.0684667 0.145876 0.212912 0.212919 0.145914 0.0685932 0.0223706 0.00575723 0.00272803 0.00386929 0.00626965 0.00900467 0.0112823 0.0123512 0.0118677 0.0100989 0.00774557 0.00552966 0.00386343 0.00279103 0.0021407
 1.00369e-16 6.77826e-05 0.000658871 0.00437843 0.0199037 0.061928 0.131945 0.192581 0.192597 0.132024 0.0621943 0.0206727 0.00630738 0.00486529 0.00804328 0.013155 0.0188616 0.0235453 0.0256069 0.024309 0.02022 0.0148497 0.00977609 0.00593663 0.00348421 0.00208988
 1.01271e-16 5.07255e-05 0.00049307 0.00327663 0.0148951 0.0463443 0.0987427 0.144125 0.144158 0.0989064 0.0468939 0.016482 0.00725869 0.00918142 0.016538 0.0272243 0.0391265 0.0490169 0.0536335 0.0514577 0.0436149 0.033117 0.0230878 0.0153454 0.0101548 0.00687486
 1.02399e-16 5.91623e-05 0.000575078 0.0038216 0.0173724 0.0540522 0.115165 0.168091 0.168112 0.115267 0.0543955 0.0183644 0.0063136 0.00602185 0.0104231 0.0171885 0.0248713 0.0315155 0.0351539 0.034855 0.0312393 0.0259931 0.0207997 0.0165434 0.0132521 0.0105551
 1.00243e-16 7.95998e-05 0.000773739 0.00514177 0.0233737 0.0727243 0.154947 0.22615 0.226153 0.15496 0.0727696 0.0235044 0.00546973 0.00148963 0.00143907 0.00225267 0.00323632 0.0040674 0.00447639 0.00434042 0.00375141 0.00295234 0.00219113 0.0016061 0.00120883 0.000940693
 1.0006e-16 7.71727e-05 0.000750146 0.00498498 0.022661 0.0705069 0.150223 0.219255 0.219261 0.150252 0.0706047 0.0229435 0.00569333 0.00229436 0.00300371 0.00482729 0.00690808 0.0086062 0.00932767 0.00880073 0.00723827 0.00520414 0.00329074 0.0018541 0.000956567 0.00047547
 1.00664e-16 3.66763e-05 0.000356507 0.00236912 0.0107697 0.0335088 0.0713959 0.104215 0.104267 0.0716484 0.0343564 0.0132166 0.00850651 0.0137385 0.0254042 0.041816 0.0599414 0.0747598 0.0811778 0.0768423 0.0635727 0.0462035 0.029804 0.0174071 0.00953506 0.00515068
 1.00804e-16 7.67784e-05 0.000746314 0.00495952 0.0225452 0.0701467 0.149455 0.218135 0.218139 0.149475 0.0702143 0.022741 0.0054522 0.00182633 0.00214095 0.00345167 0.00504281 0.00650229 0.00745937 0.00773152 0.00740875 0.00675533 0.00601545 0.00528786 0.00454654 0.00374523
 1.0047e-16 6.4512e-05 0.00062708 0.00416717 0.0189433 0.0589399 0.125578 0.18329 0.18331 0.125677 0.0592702 0.0198969 0.00655878 0.00584146 0.00994836 0.0162942 0.0233482 0.0291131 0.0316025 0.0299046 0.0247378 0.0179972 0.0116657 0.00692293 0.00395812 0.00234363
 1.00878e-16 6.42196e-05 0.000624237 0.00414828 0.0188575 0.0586727 0.125009 0.182458 0.182477 0.125101 0.0589803 0.0197458 0.00637775 0.00548999 0.00930148 0.0152655 0.0219594 0.0275587 0.0302445 0.0291676 0.0249444 0.0192326 0.0137438 0.00946374 0.00652702 0.00458492
 1.01255e-16 6.05461e-05 0.00058853 0.00391099 0.0177788 0.0553166 0.117859 0.172023 0.172045 0.117968 0.0556849 0.0188426 0.00658085 0.00641525 0.0111217 0.0182775 0.0262919 0.0329937 0.0362078 0.0349228 0.029885 0.0230876 0.0165839 0.0115486 0.00812681 0.00587859
 1.01435e-16 6.25239e-05 0.000607755 0.00403875 0.0183596 0.0571235 0.121708 0.177641 0.177661 0.121805 0.0574477 0.0192958 0.00638902 0.00573876 0.0098081 0.0161177 0.0232156 0.0291986 0.0321659 0.0312306 0.0270348 0.0212975 0.0157768 0.0114606 0.00845074 0.00636431
 1.03564e-16 3.01559e-05 0.000293126 0.00194793 0.00885503 0.0275516 0.0587035 0.0856906 0.0857435 0.0589624 0.0284209 0.0113657 0.00824943 0.014047 0.0261443 0.0431549 0.0621168 0.0780105 0.0857255 0.0828837 0.0712417 0.0554795 0.0404018 0.0287333 0.020776 0.0154712
 1.03126e-16 6.82328e-05 0.000663247 0.00440751 0.0200359 0.0623392 0.13282 0.193857 0.193866 0.132865 0.0624888 0.0204691 0.0054991 0.00305996 0.00466036 0.00770165 0.0113326 0.0147608 0.0172105 0.018299 0.0182086 0.0174576 0.0164776 0.0153641 0.0139614 0.0121256
 1.01441e-16 6.32917e-05 0.000615218 0.00408834 0.018585 0.057825 0.123203 0.179823 0.179843 0.123302 0.0581572 0.0195442 0.00649464 0.00586382 0.0100186 0.0164295 0.0235843 0.0294987 0.0321993 0.030785 0.0259739 0.019638 0.0137099 0.00929959 0.00652867 0.0049273
 1.02794e-16 3.73214e-05 0.000362777 0.00241078 0.0109591 0.0340981 0.0726513 0.106046 0.106092 0.0728759 0.0348523 0.0131373 0.00787768 0.012295 0.0226924 0.0374385 0.0538843 0.0676629 0.0743331 0.0718229 0.0616466 0.0478596 0.0346358 0.0243594 0.0173239 0.0126446
 1.02439e-16 6.85389e-05 0.000666222 0.00442728 0.0201258 0.0626189 0.133416 0.194727 0.194738 0.133467 0.0627873 0.0206132 0.00565373 0.0033534 0.00520078 0.00856445 0.0125051 0.0160879 0.0183962 0.0189873 0.0181131 0.0164709 0.0147039 0.01307 0.0114793 0.00975869
 1.01695e-16 5.69102e-05 0.000553188 0.00367613 0.0167112 0.0519948 0.110781 0.161694 0.161721 0.110914 0.052439 0.0179937 0.00689393 0.00757212 0.0133709 0.0219724 0.0315479 0.0394666 0.0430898 0.0412077 0.0347707 0.0262706 0.0182835 0.0122953 0.00848252 0.00624044
 1.04021e-16 3.48017e-05 0.000338285 0.00224803 0.0102192 0.0317961 0.0677466 0.0988877 0.0989334 0.0679699 0.0325459 0.0123854 0.00768719 0.0122178 0.022613 0.0373717 0.0539288 0.0680112 0.0752617 0.0736316 0.0645558 0.0519028 0.0396026 0.0298226 0.0227496 0.0175382
 1.06668e-16 5.06076e-05 0.000491924 0.00326901 0.0148604 0.0462365 0.0985125 0.143787 0.143809 0.0986223 0.0466053 0.0159277 0.0059554 0.00638061 0.0113055 0.0187963 0.0275063 0.0354982 0.0408035 0.0424771 0.0410692 0.038067 0.0348009 0.0317332 0.028569 0.0248658
pSPR Fmed_Fpbrs
0.54238   0.211892 0.211892
Fs Fmed_Fpbrs
0.34   1.005 1.005
SSBpbr Bo_Bmed_Bpbrs
493016  242751  79815.6 79815.6
Ro
93857.9
SPR SPRFo_SPRFmed_SPRFpbrs
668125 362378 141571
Fref
1.005
Nvult_r0
 37016.1 8681.73 4752.44 948.477 93.4057
CTP_r0
 16455.2 4351.69 2382.15 475.421 46.8193
YTP_r0
269202
Np
 110981 18339.3 922.606 167.202 103.853
Nvult_p0
 92641.5 15869.7 798.368 144.687 89.868
CTP_p0
 41182.9 2971.77 538.568 294.816 66.1204
 41182.9 7954.64 400.179 72.5238 45.046
YTP_p0
 386904 462819
CBA_c0
304513
log_Ro
11.2695
likeval ReclasPelacesDesembMPH_pf_preclas_ppelaces_ptallas_desvR_qrecl_qpela
 16.631 21.3343 0.019262 39.9728 235.092 120.942 106.256 0 22.5482 0.000119723 0.000231694 0.0282804 0 0 0
q_reclas_q_pelaces
4.69925 8.60758
M
1
N
 144078 26312.3 30976.1 2731.05 0.150705
 95622.9 37090.6 6182.61 7278.47 641.75
 84084.1 18150.8 5944.28 990.848 1269.32
 128454 16034 2925.73 958.161 364.318
 92915.5 22561.7 2331.02 425.343 192.262
 196886 27049.7 6186.61 639.187 169.353
 70138.9 51980 6560.47 1500.46 196.098
 24603.8 10942.1 6511.65 821.844 212.532
 23768.1 7646.59 3257.12 1938.31 307.901
 31994.1 4095.75 1085.34 462.31 318.824
 55308.5 2571.64 223.114 59.1235 42.5518
 131590 15703.8 683.362 59.2881 27.0182
 71000.1 23719 2358.5 102.632 12.962
 44878.3 11845.1 3232.52 321.425 15.7536
 64810.6 1178.43 158.341 43.2112 4.5073
 226935 9051.87 128.476 17.2628 5.2024
 48198.6 34736 1107.18 15.7145 2.74782
 285061 7677.72 4466.91 142.378 2.37418
 283550 47285.9 1038.86 604.409 19.5862
 251439 36829.3 4706.05 103.391 62.1021
 241434 43499.5 5253.46 671.286 23.6064
 298573 48616.5 7508.13 906.76 119.94
 51040.1 45423.3 5901.1 911.341 124.621
 129416 8440.56 6122.47 795.393 139.634
 152208 24042 1316.63 955.038 145.854
 47840.1 28577.3 3800.51 208.131 174.027
 135760 9705.67 4979.07 662.169 66.584
 127516 28636.3 1775.78 910.985 133.335
 47004.8 29574.8 5902.45 366.019 215.252
 44343.8 10032.7 5491.99 1096.07 107.941
pred_Ctot
 28145.8 6230.8 7335.2 646.717 0.0356871
 30849.8 14135.2 2356.18 2773.81 244.57
 26984.5 6883.34 2254.25 375.76 481.367
 45010.5 6597.1 1203.78 394.231 149.897
 12490.5 3719.12 384.251 70.1147 31.693
 36098.3 6025.74 1378.16 142.389 37.726
 27333.9 23579.8 2976.04 680.657 88.9564
 2447.04 1343.06 799.256 100.875 26.0867
 8484.68 3200.57 1363.31 811.304 128.876
 17751.6 2541.85 673.571 286.912 197.864
 8148.05 463.455 40.2091 10.6551 7.6686
 44914.2 6306.18 274.418 23.8084 10.8497
 26121.7 10207.3 1014.97 44.167 5.57814
 31693.6 8978.29 2450.17 243.633 11.9408
 27433.2 576.193 77.4207 21.1281 2.20383
 89795.7 4163.59 59.0951 7.94036 2.39295
 18462.8 15511.5 494.414 7.01736 1.22705
 105420 3319.76 1931.44 61.5629 1.02657
 125844 24125.9 530.04 308.378 9.99315
 89418.3 15361.6 1962.9 43.1244 25.9029
 72504.7 15504.1 1872.43 239.259 8.41377
 118710 22459.9 3468.61 418.905 55.41
 18927.4 19690.2 2558.02 395.051 54.0212
 42771.6 3289.68 2386.21 310.001 54.422
 49716.7 9268.49 507.579 368.179 56.2285
 14228 10093.2 1342.31 73.51 61.4647
 38287.6 3261.05 1672.94 222.485 22.3718
 30919 8339.07 517.117 265.284 38.8279
 13032.6 9778.73 1951.61 121.022 71.1719
 17416.5 4583.63 2509.11 500.76 49.3147
F
 0.356991 0.448295 0.448295 0.448295 0.448295
 0.661698 0.830934 0.830934 0.830934 0.830934
 0.657107 0.825169 0.825169 0.825169 0.825169
 0.739315 0.928403 0.928403 0.928403 0.928403
 0.234013 0.293864 0.293864 0.293864 0.293864
 0.331764 0.416616 0.416616 0.416616 0.416616
 0.85786 1.07727 1.07727 1.07727 1.07727
 0.168643 0.211775 0.211775 0.211775 0.211775
 0.758395 0.952362 0.952362 0.952362 0.952362
 1.52101 1.91002 1.91002 1.91002 1.91002
 0.259025 0.325273 0.325273 0.325273 0.325273
 0.713414 0.895878 0.895878 0.895878 0.895878
 0.790768 0.993015 0.993015 0.993015 0.993015
 2.63977 3.31492 3.31492 3.31492 3.31492
 0.968497 1.2162 1.2162 1.2162 1.2162
 0.876885 1.10116 1.10116 1.10116 1.10116
 0.837008 1.05108 1.05108 1.05108 1.05108
 0.79649 1.0002 1.0002 1.0002 1.0002
 1.04109 1.30736 1.30736 1.30736 1.30736
 0.75445 0.947409 0.947409 0.947409 0.947409
 0.602634 0.756764 0.756764 0.756764 0.756764
 0.88299 1.10882 1.10882 1.10882 1.10882
 0.799562 1.00406 1.00406 1.00406 1.00406
 0.683228 0.857971 0.857971 0.857971 0.857971
 0.672632 0.844665 0.844665 0.844665 0.844665
 0.595154 0.747371 0.747371 0.747371 0.747371
 0.556214 0.698471 0.698471 0.698471 0.698471
 0.461322 0.57931 0.57931 0.57931 0.57931
 0.544396 0.683632 0.683632 0.683632 0.683632
 0.867526 1.08941 1.08941 1.08941 1.08941
YTP_r0W_actual
 120123 69191.9 63126.9 15070.8 1690.18
YTP_p0W_proyectada
 310519 51857.4 12963.3 9233.64 2330.74
 310519 138808 9632.31 2271.44 1587.87
CTP_r0_actual
 16455.2 4351.69 2382.15 475.421 46.8193
CTP_p0_proyectada
 41182.9 2971.77 538.568 294.816 66.1204
 41182.9 7954.64 400.179 72.5238 45.046
Wmedp
 7.54 17.45 24.07 31.32 35.25
Frms_r0
 0.800312 1.005 1.005 1.005 1.005
Zrms_r0
 1.80031 2.005 2.005 2.005 2.005
nmprior
 7.29 8.9 8.7 0
nm_flota  nm_reclas  nm_pelaces    nm_pelaL
inf 10.5874 9.82893 15.5241
cv_recla  cv_pelaces  cv_mph
0.37756 0.543506 0.536474
 ------------------------------------------------
Talla a la edad & desviaci?n 
 8 13.2811 15.8009 17.003 17.5766
 0.8 1.32811 1.58009 1.7003 1.75766
