years
 1991 1992 1993 1994 1995 1996 1997 1998 1999 2000 2001 2002 2003 2004 2005 2006 2007 2008 2009 2010 2011 2012 2013 2014 2015 2016 2017 2018 2019
reclasobs
 0 0 0 0 0 0 0 0 0 252601 567819 844713 477998 351125 339783 2.1784e+06 2.13404e+06 4.81314e+06 1.55562e+06 2.62356e+06 3.21686e+06 3.843e+06 1.13348e+06 3.07943e+06 1.97215e+06 2.03268e+06 2.025e+06 2.42433e+06 2.27542e+06
reclaspred
 2.78774e+06 1.89007e+06 1.34493e+06 1.43654e+06 1.52314e+06 1.77869e+06 1.43985e+06 2.08905e+06 2.23154e+06 2.38705e+06 1.75928e+06 1.76004e+06 1.59549e+06 1.47476e+06 1.53122e+06 1.52053e+06 1.57789e+06 1.80049e+06 927607 635405 990435 555816 807632 1.34682e+06 1.21656e+06 1.54933e+06 1.70371e+06 1.43567e+06 1.71535e+06
pelacesobs
 0 0 0 0 0 0 0 0 0 0 0 0 0 0 0 552880 188675 0 991730 2.46772e+06 1.41603e+06 1.21717e+06 2.29649e+06 1.80582e+06 0 1.4828e+06 1.56532e+06 1.57751e+06 1.42118e+06
pelacespred
 1.3072e+06 945300 653650 603583 702892 805815 651977 1.07733e+06 1.21121e+06 1.21068e+06 1.00156e+06 830725 793786 798042 836919 701406 699528 749926 414716 243216 369493 201238 352630 644309 579141 736710 904544 760574 764960
mphobs
 0 0 0 0 0 0 0 0 0 0 0 0 498337 0 5186 125008 0 168611 109162 213762 579715 649985 157893 87575 83554 210694 70296 0 107559
mphpred
 2.59764e+06 1.864e+06 1.2698e+06 1.03782e+06 1.17931e+06 1.30953e+06 1.32165e+06 1.17615e+06 1.74786e+06 2.0209e+06 1.6277e+06 1.48281e+06 1.36578e+06 1.15631e+06 1.11539e+06 1.39243e+06 1.12684e+06 1.42169e+06 949727 483120 535492 488244 297749 700790 1.04415e+06 885108 1.25246e+06 1.16334e+06 1.30669e+06
desembarqueobs
 494567 514787 250237 358949 120608 361735 552515 73892 212993 205616 52469 317467 293654 387597 252695 516296 358380 742168 942051 627588 828172 859565 418607 520667 417249 300574 415391 372974 316634
desembarquepred
 494457 505669 261120 358671 120530 361445 552035 73848.7 212901 205543 52442.9 317517 293726 388025 252676 515913 358038 740036 934516 622596 823199 853902 418379 520664 417146 300466 415104 372724 316415
Reclutas
 244568 244568 244568 244568 244568 244568 244568 244568 244568 244568 244568 244568 244568 244568 244568 244568 244568 244568 244568 244568 244568 244568 244568 244568 244568 244568 244568 244568 244568
log_desv_Rt
 0 0 0 0 0 0 0 0 0 0 0 0 0 0 0 0 0 0 0 0 0 0 0 0 0 0 0 0 0
SSB
 2.59764e+06 1.864e+06 1.2698e+06 1.03782e+06 1.17931e+06 1.30953e+06 1.32165e+06 1.17615e+06 1.74786e+06 2.0209e+06 1.6277e+06 1.48281e+06 1.3185e+06 1.14197e+06 1.08989e+06 1.35623e+06 1.12684e+06 1.42169e+06 986286 501560 574284 573274 350435 781427 1.08635e+06 973017 1.29953e+06 1.16334e+06 1.35356e+06
BT
 3.7183e+06 2.98644e+06 1.92584e+06 2.02275e+06 2.01218e+06 2.66082e+06 2.27801e+06 3.6622e+06 3.84209e+06 3.50347e+06 2.77485e+06 2.54645e+06 2.54484e+06 2.9351e+06 2.95006e+06 2.40809e+06 2.37121e+06 2.77617e+06 2.23914e+06 1.33715e+06 1.95805e+06 1.43886e+06 1.69144e+06 2.7325e+06 2.02673e+06 2.64331e+06 3.26965e+06 2.71593e+06 2.36711e+06
Ftot
 0.16786 0.251365 0.183521 0.235139 0.0754965 0.192093 0.356987 0.0338423 0.0909576 0.0820997 0.0285427 0.170762 0.174267 0.247845 0.156627 0.31709 0.214259 0.381692 0.88858 0.872947 0.748463 1.29355 0.481117 0.361429 0.320601 0.183649 0.2298 0.244741 0.174571
BD_Bspro_t
 0.9735 0.833098 0.724464 0.709056 0.716969 0.779577 0.738958 0.672683 0.813396 0.854092 0.858185 0.887199 0.813662 0.76069 0.738936 0.756281 0.660189 0.699354 0.549975 0.363404 0.345247 0.326041 0.255038 0.459846 0.567769 0.597278 0.704331 0.708209 0.731603
BD_Bspro
 1.49449 1.07241 0.730551 0.597084 0.678489 0.753409 0.760377 0.67667 1.00559 1.16268 0.936456 0.853096 0.758569 0.657004 0.627041 0.780274 0.648303 0.817936 0.567435 0.28856 0.3304 0.329819 0.201614 0.449575 0.625004 0.559802 0.747654 0.669301 0.778736
BD_Bo
 1.15937 0.831937 0.566737 0.463198 0.526349 0.584469 0.589874 0.524938 0.780101 0.901967 0.726471 0.661803 0.588472 0.509682 0.486437 0.60531 0.502931 0.634527 0.440197 0.223855 0.256313 0.255863 0.156405 0.348765 0.484857 0.434275 0.580005 0.519221 0.604117
BD_Brms
 4.91916 3.52987 2.40464 1.96532 2.23327 2.47987 2.50281 2.22728 3.30993 3.827 3.08238 2.808 2.49686 2.16255 2.06393 2.5683 2.13391 2.69227 1.86773 0.949807 1.08752 1.08561 0.66362 1.47979 2.05722 1.84261 2.46093 2.20303 2.56324
Sel_flota
 0.5 1 1 1 1
 0.5 1 1 1 1
 0.5 1 1 1 1
 0.5 1 1 1 1
 0.5 1 1 1 1
 0.5 1 1 1 1
 0.5 1 1 1 1
 0.5 1 1 1 1
 0.5 1 1 1 1
 0.5 1 1 1 1
 0.5 1 1 1 1
 0.5 1 1 1 1
 0.5 1 1 1 1
 0.5 1 1 1 1
 0.5 1 1 1 1
 0.5 1 1 1 1
 0.5 1 1 1 1
 0.5 1 1 1 1
 0.5 1 1 1 1
 0.5 1 1 1 1
 0.5 1 1 1 1
 0.5 1 1 1 1
 0.5 1 1 1 1
 0.5 1 1 1 1
 0.5 1 1 1 1
 0.5 1 1 1 1
 0.5 1 1 1 1
 0.5 1 1 1 1
 0.5 1 1 1 1
Sel_reclas
 0.5 1 1 1 1
 0.5 1 1 1 1
 0.5 1 1 1 1
 0.5 1 1 1 1
 0.5 1 1 1 1
 0.5 1 1 1 1
 0.5 1 1 1 1
 0.5 1 1 1 1
 0.5 1 1 1 1
 0.5 1 1 1 1
 0.5 1 1 1 1
 0.5 1 1 1 1
 0.5 1 1 1 1
 0.5 1 1 1 1
 0.5 1 1 1 1
 0.5 1 1 1 1
 0.5 1 1 1 1
 0.5 1 1 1 1
 0.5 1 1 1 1
 0.5 1 1 1 1
 0.5 1 1 1 1
 0.5 1 1 1 1
 0.5 1 1 1 1
 0.5 1 1 1 1
 0.5 1 1 1 1
 0.5 1 1 1 1
 0.5 1 1 1 1
 0.5 1 1 1 1
 0.5 1 1 1 1
Sel_pelaces
 0.5 1 1 1 1
 0.5 1 1 1 1
 0.5 1 1 1 1
 0.5 1 1 1 1
 0.5 1 1 1 1
 0.5 1 1 1 1
 0.5 1 1 1 1
 0.5 1 1 1 1
 0.5 1 1 1 1
 0.5 1 1 1 1
 0.5 1 1 1 1
 0.5 1 1 1 1
 0.5 1 1 1 1
 0.5 1 1 1 1
 0.5 1 1 1 1
 0.5 1 1 1 1
 0.5 1 1 1 1
 0.5 1 1 1 1
 0.5 1 1 1 1
 0.5 1 1 1 1
 0.5 1 1 1 1
 0.5 1 1 1 1
 0.5 1 1 1 1
 0.5 1 1 1 1
 0.5 1 1 1 1
 0.5 1 1 1 1
 0.5 1 1 1 1
 0.5 1 1 1 1
 0.5 1 1 1 1
pf_obs 
 0.8446 0.082 0.0669 0.0065 0
 0.8095 0.147 0.0364 0.0071 0
 0.9664 0.0169 0.016 0.0007 0
 0.9276 0.0648 0.0075 0.0001 0
 0.7033 0.2144 0.0806 0.0017 0
 0.9318 0.0425 0.0243 0.0014 0
 0.5671 0.3108 0.0964 0.0239 0.0018
 0.0768 0.2599 0.5324 0.112 0.0189
 0.490249 0.384438 0.106611 0.0170017 0.00170017
 0.7925 0.1577 0.0466 0.003 0.0002
 0.840416 0.127587 0.0312969 0.00059994 9.999e-05
 0.8084 0.0986 0.0794 0.0134 0.0002
 0.7335 0.1905 0.0724 0.0035 0.0001
 0.4001 0.4547 0.1325 0.0127 0
 0.49795 0.308269 0.164784 0.0264974 0.00249975
 0.9179 0.0499 0.0305 0.0017 0
 0.2467 0.6533 0.0926 0.0074 0
 0.9418 0.0223 0.034 0.0019 0
 0.707729 0.231977 0.0356964 0.0245975 0
 0.517169 0.277429 0.184464 0.0207286 0.00020938
 0.811772 0.124168 0.05621 0.00726502 0.000585176
 0.764997 0.148141 0.077277 0.00933861 0.000247198
 0.163321 0.427699 0.378323 0.0303852 0.000271297
 0.753843 0.0900009 0.118128 0.0371064 0.000921714
 0.721811 0.176058 0.0630433 0.0369309 0.00215725
 0.143369 0.312575 0.442814 0.0836902 0.0175525
 0.692698 0.0596174 0.167031 0.0765114 0.00414204
 0.394062 0.376323 0.152708 0.0712218 0.00568511
 0.125707 0.32114 0.495352 0.0537591 0.00404204
pf_pred 
 0.458878 0.0440826 0.47158 0.0170079 0.00845167
 0.499027 0.320923 0.0146678 0.156911 0.00847129
 0.521881 0.32621 0.0973126 0.00444769 0.0501486
 0.521434 0.33377 0.0987912 0.0294707 0.0165342
 0.520954 0.335502 0.100113 0.029632 0.013799
 0.503074 0.342776 0.10796 0.0322149 0.0139755
 0.522704 0.325459 0.104736 0.0329874 0.0141136
 0.537134 0.328278 0.0917733 0.0295335 0.0132816
 0.496806 0.352715 0.106724 0.0298357 0.0139193
 0.492113 0.34016 0.117568 0.0355736 0.0145845
 0.486475 0.341498 0.115216 0.0398217 0.0169892
 0.483754 0.338872 0.117955 0.0397963 0.0196227
 0.504363 0.328829 0.109496 0.0381133 0.0191993
 0.515247 0.33052 0.102325 0.0340729 0.0178346
 0.525056 0.330537 0.0984612 0.0304824 0.0154631
 0.522372 0.333583 0.100249 0.0298624 0.0139348
 0.540223 0.324782 0.0942826 0.028334 0.0123787
 0.538308 0.329949 0.0930617 0.0270153 0.0116656
 0.583521 0.301333 0.0822892 0.0232096 0.00964704
 0.662232 0.266082 0.0518663 0.0141639 0.00565538
 0.669674 0.276759 0.0421985 0.00822557 0.00314317
 0.674016 0.272746 0.0446046 0.00680102 0.00183227
 0.711034 0.249455 0.0330583 0.00540632 0.0010464
 0.612411 0.329731 0.0499461 0.00661896 0.00129197
 0.574873 0.331156 0.0799433 0.0121094 0.001918
 0.553545 0.334221 0.0874255 0.0211051 0.00370325
 0.530385 0.339832 0.0971569 0.0254143 0.0072117
 0.53124 0.331647 0.0992207 0.0283669 0.00952581
 0.530243 0.333127 0.0966653 0.0289199 0.0110446
pobs_RECLAS
 0 0 0 0 0
 0 0 0 0 0
 0 0 0 0 0
 0 0 0 0 0
 0 0 0 0 0
 0 0 0 0 0
 0 0 0 0 0
 0 0 0 0 0
 0 0 0 0 0
 0 0 0 0 0
 0.991045 0.00858322 0.000360255 1.14367e-05 0
 0.934742 0.0480273 0.0164251 0.00080598 0
 0.827803 0.169806 0.00239088 0 0
 0.941827 0.0461693 0.0120037 0 0
 0.791401 0.0380133 0.147996 0.0225897 0
 0.846168 0.0940531 0.0597789 0 0
 0.134021 0.677848 0.182769 0.00536245 0
 0.80878 0.0450904 0.141981 0.00414843 0
 0.846168 0.0940531 0.0597789 0 0
 0.905697 0.0802665 0.012482 0.00150086 5.37128e-05
 0.989698 0.0102097 9.19794e-05 0 0
 0.975433 0.0193895 0.00387452 0.00125025 5.28907e-05
 0.303575 0.632131 0.0575291 0.00676475 0
 0.966965 0.00978017 0.0227588 0.000495775 0
 0.843318 0.132988 0.00938335 0.0141283 0.000182051
 0.564624 0.303363 0.111486 0.0197234 0.00080311
 0.826376 0.0876187 0.0782897 0.00655872 0.00115652
 0.89761 0.0855135 0.0140674 0.00269457 0.000114338
 0.34875 0.467042 0.161289 0.0227151 0.000203297
ppred_RECLAS
 0.460793 0.0439265 0.469911 0.0169477 0.00842174
 0.502068 0.318975 0.0145788 0.155959 0.00841987
 0.524006 0.32476 0.0968802 0.00442793 0.0499257
 0.524245 0.331809 0.098211 0.0292976 0.0164371
 0.521768 0.334932 0.0999427 0.0295817 0.0137755
 0.505315 0.34123 0.107473 0.0320696 0.0139125
 0.527284 0.322336 0.103731 0.0326708 0.0139781
 0.537487 0.328027 0.0917032 0.029511 0.0132714
 0.4978 0.352019 0.106513 0.0297768 0.0138918
 0.493004 0.339564 0.117362 0.0355112 0.014559
 0.486773 0.341299 0.11515 0.0397986 0.0169793
 0.485717 0.337583 0.117506 0.0396449 0.0195481
 0.506373 0.327495 0.109052 0.0379587 0.0191215
 0.518236 0.328482 0.101694 0.0338628 0.0177246
 0.526838 0.329297 0.0980919 0.030368 0.0154051
 0.526349 0.330804 0.0994138 0.0296137 0.0138188
 0.542739 0.323005 0.0937666 0.0281789 0.0123109
 0.543253 0.326415 0.0920651 0.026726 0.0115407
 0.59778 0.291016 0.0794719 0.022415 0.00931676
 0.674987 0.256035 0.0499078 0.013629 0.00544183
 0.679943 0.268155 0.0408866 0.00796986 0.00304546
 0.695543 0.254734 0.041659 0.00635189 0.00171127
 0.716441 0.244787 0.0324397 0.00530514 0.00102682
 0.616827 0.325975 0.0493771 0.00654355 0.00127725
 0.578817 0.328084 0.0792016 0.0119971 0.00190021
 0.555651 0.332645 0.0870132 0.0210056 0.00368578
 0.533118 0.337854 0.0965915 0.0252664 0.00716973
 0.534176 0.329569 0.0985992 0.0281892 0.00946614
 0.532249 0.331705 0.0962525 0.0287964 0.0109974
pobs_PELACES
 0 0 0 0 0
 0 0 0 0 0
 0 0 0 0 0
 0 0 0 0 0
 0 0 0 0 0
 0 0 0 0 0
 0 0 0 0 0
 0 0 0 0 0
 0 0 0 0 0
 0 0 0 0 0
 0 0 0 0 0
 0 0 0 0 0
 0 0 0 0 0
 0 0 0 0 0
 0 0 0 0 0
 0 0 0 0 0
 0.505614 0.472636 0.0217494 0 0
 0 0 0 0 0
 0.443492 0.261883 0.143347 0.151278 0
 0.227955 0.32914 0.350689 0.0885471 0.00366901
 0.970185 0.0296113 0.000203453 0 0
 0.997202 0.00247181 0.000326279 0 0
 0.445219 0.490057 0.0546422 0.010081 0
 0.90214 0.0892962 0.00764917 0.000914606 0
 0 0 0 0 0
 0.581667 0.319106 0.0959925 0.00289975 0.000334073
 0.762889 0.0836404 0.116647 0.0363945 0.000428098
 0.88444 0.0763242 0.0277011 0.0115352 0
 0.521256 0.241999 0.230069 0.00667565 0
ppred_PELACES
 0.467682 0.0433653 0.463907 0.0167312 0.00831415
 0.512434 0.312334 0.0142753 0.152712 0.00824458
 0.531553 0.319611 0.0953442 0.00435772 0.0491342
 0.533911 0.325068 0.0962155 0.0287023 0.0161032
 0.524876 0.332756 0.0992933 0.0293894 0.013686
 0.513236 0.335766 0.105752 0.0315561 0.0136897
 0.541938 0.312343 0.100515 0.031658 0.0135448
 0.538875 0.327043 0.091428 0.0294224 0.0132316
 0.501552 0.349389 0.105717 0.0295543 0.013788
 0.496391 0.337296 0.116578 0.035274 0.0144617
 0.48795 0.340517 0.114886 0.0397073 0.0169404
 0.492758 0.332962 0.115898 0.0391022 0.0192805
 0.513559 0.322728 0.107464 0.0374062 0.0188431
 0.528437 0.321527 0.0995408 0.0331458 0.0173493
 0.533275 0.324817 0.0967574 0.0299549 0.0151955
 0.539372 0.321709 0.0966805 0.0287994 0.0134388
 0.551499 0.316817 0.0919703 0.0276391 0.0120751
 0.558832 0.315281 0.0889248 0.0258144 0.0111471
 0.632473 0.265915 0.0726172 0.0204816 0.00851316
 0.705756 0.231795 0.0451829 0.0123387 0.00492664
 0.706201 0.246155 0.0375322 0.00731599 0.0027956
 0.738773 0.218565 0.0357438 0.00544999 0.00146829
 0.732288 0.231107 0.0306268 0.00500867 0.000969437
 0.630821 0.31407 0.0475738 0.00630458 0.0012306
 0.591657 0.318082 0.0767871 0.0116313 0.00184228
 0.563119 0.327054 0.0855507 0.0206525 0.00362383
 0.542543 0.331034 0.0946416 0.0247564 0.007025
 0.544209 0.322471 0.0964755 0.027582 0.00926225
 0.539413 0.326624 0.0947783 0.0283554 0.010829
pobs_pel_tallas
 0 0 0 0 0 0 0 0 0 0 0 0 0 0 0 0 0 0 0 0 0 0 0 0 0 0
 0 0 0 0 0 0 0 0 0 0 0 0 0 0 0 0 0 0 0 0 0 0 0 0 0 0
 0 0 0 0 0 0 0 0 0 0 0 0 0 0 0 0 0 0 0 0 0 0 0 0 0 0
 0 0 0 0 0 0 0 0 0 0 0 0 0 0 0 0 0 0 0 0 0 0 0 0 0 0
 0 0 0 0 0 0 0 0 0 0 0 0 0 0 0 0 0 0 0 0 0 0 0 0 0 0
 0 0 0 0 0 0 0 0 0 0 0 0 0 0 0 0 0 0 0 0 0 0 0 0 0 0
 0 0 0 0 0 0 0 0 0 0 0 0 0 0 0 0 0 0 0 0 0 0 0 0 0 0
 0 0 0 0 0 0 0 0 0 0 0 0 0 0 0 0 0 0 0 0 0 0 0 0 0 0
 0 0 0 0 0 0 0 0 0 0 0 0 0 0 0 0 0 0 0 0 0 0 0 0 0 0
 0 0 0 0 0 0 0 0 0 0 0 0 0 0 0 0 0 0 0 0 0 0 0 0 0 0
 0 0 0 0 0 0 0 0 0 0 0 0 0 0 0 0 0 0 0 0 0 0 0 0 0 0
 0 0 0 0 0 0 0 0 0 0 0 0 0 0 0 0 0 0 0 0 0 0 0 0 0 0
 0.00862536 0 0 0.000197151 0.00414017 0.0128641 0.00837892 0.0270097 0.101434 0.158115 0.152841 0.127902 0.109271 0.109419 0.0830992 0.0579132 0.0238553 0.00714673 0.00463305 0.00128148 0.00103504 0.000492878 0.000147863 0.000147863 4.92878e-05 0
 0 0 0 0 0 0 0 0 0 0 0 0 0 0 0 0 0 0 0 0 0 0 0 0 0 0
 0 0 0 0 0 0 0 0.0054083 0.00873648 0.0413646 0.0450493 0.0745869 0.0622846 0.0627006 0.0613931 0.0827291 0.12552 0.122667 0.0946155 0.0697135 0.0546179 0.0294188 0.0215738 0.0213955 0.0102223 0.00600262
 0 0 0 0 0.00359764 0.0251062 0.0480494 0.140153 0.205849 0.193036 0.1447 0.116669 0.0760912 0.0342217 0.00950174 0.001854 0.000860785 0 0 0 0.000165536 0 0.000143464 0 0 0
 0 0 0 0 0 0 0 0.000145254 0.000435761 0.0275982 0.070085 0.0708112 0.156366 0.174668 0.174014 0.160142 0.0824315 0.0480064 0.0283245 0.00493863 0.00203355 0 0 0 0 0
 0 0 0 0 0 0 0 0 0 0 0 0 0 0 0 0 0 0 0 0 0 0 0 0 0 0
 0 0 1.00437e-05 0.000401748 0.00122533 0.00171747 0.00176769 0.0269171 0.070346 0.194647 0.189555 0.159765 0.064822 0.0314167 0.0384472 0.0292271 0.0345202 0.0313363 0.0194345 0.0106764 0.0143323 0.0359363 0.0279516 0.0138201 0.00172751 0
 0 0.0021121 0.0136068 0.0755702 0.200478 0.177729 0.0527432 0.0373336 0.0318909 0.0142505 0.0149659 0.0166563 0.0217959 0.0798694 0.0677717 0.0528807 0.04013 0.0224614 0.0357745 0.0225083 0.00881397 0.00855152 0.00135912 0.000746735 0 0
 0 0 0 0 5.4009e-05 0.00500934 0.000945158 0.0243581 0.138947 0.33067 0.221406 0.137944 0.0707744 0.0437923 0.0131692 0.00525238 0.0047753 0.00276346 9.45158e-05 9.00151e-06 2.25038e-05 9.00151e-06 4.50075e-06 0 0 0
 0.000866109 0.00284123 0.00948549 0.0512746 0.133035 0.25785 0.225252 0.132002 0.0553304 0.0519788 0.0540692 0.017754 0.00435017 0.00159236 0.00146478 0.000404838 0.000125132 0.000115318 0.000107957 0.000100596 0 0 0 0 0 0
 0 0 0 0 0.00144013 0.00171154 0.00461396 0.0210425 0.0478622 0.0707936 0.0888783 0.103762 0.0637923 0.0337046 0.0602308 0.124433 0.169614 0.0934646 0.0462172 0.0250306 0.0313229 0.00938855 0.002487 0.000210481 0 0
 0 0.00764035 0.051015 0.0998891 0.058973 0.0496711 0.0374665 0.0718981 0.12319 0.153886 0.159021 0.0857701 0.0377988 0.023471 0.0147837 0.00900784 0.00315554 0.000888139 0.00291439 0.00214683 0.00393193 0.00274676 0.000635225 9.99891e-05 0 0
 0 0 0 0 0 0 0 0 0 0 0 0 0 0 0 0 0 0 0 0 0 0 0 0 0 0
 0 0 0 0 0 0 0 0 0 0 0 0 0 0 0 0 0 0 0 0 0 0 0 0 0 0
 0 0 0 0 0 0 0 0 0 0 0 0 0 0 0 0 0 0 0 0 0 0 0 0 0 0
 0 0 0 0 0 0 0 0 0 0 0 0 0 0 0 0 0 0 0 0 0 0 0 0 0 0
 0 0 0 0 0 0 0 0 0 0 0 0 0 0 0 0 0 0 0 0 0 0 0 0 0 0
ppred_pel_tallas
 1.16484e-16 3.85224e-05 0.000374451 0.00248836 0.0113117 0.035195 0.0749868 0.109446 0.109451 0.0750111 0.0352785 0.0115619 0.00315046 0.00193282 0.00332852 0.0063013 0.0110699 0.0180667 0.0276027 0.039576 0.0530943 0.0662374 0.0763185 0.0807614 0.0782106 0.0692052
 1.17202e-16 4.22086e-05 0.000410283 0.00272647 0.0123942 0.038563 0.0821637 0.119927 0.119957 0.0823108 0.0390571 0.0138214 0.00631021 0.00823813 0.0149249 0.0246586 0.0356645 0.0452254 0.0506836 0.0510129 0.0475313 0.0430529 0.0401056 0.0395608 0.0405072 0.0411514
 1.11586e-16 4.37834e-05 0.00042559 0.0028282 0.0128566 0.0400018 0.0852291 0.124401 0.124432 0.0853801 0.0405089 0.0143226 0.00651228 0.008482 0.015386 0.0254772 0.0369591 0.0470388 0.0529007 0.0532719 0.0491635 0.0431134 0.0375621 0.0336416 0.031089 0.028973
 1.08464e-16 4.39776e-05 0.000427478 0.00284074 0.0129136 0.0401793 0.0856073 0.124953 0.124984 0.0857609 0.0406951 0.0144047 0.00658786 0.0086218 0.0156489 0.0259132 0.0375897 0.0478333 0.0537675 0.0540719 0.0497322 0.0432728 0.0371203 0.0324007 0.0288848 0.0257444
 1.08214e-16 4.32334e-05 0.000420244 0.00279267 0.0126951 0.0394993 0.0841587 0.122839 0.122871 0.0843159 0.0400274 0.0142215 0.00662854 0.00880871 0.016018 0.0265273 0.0384804 0.048965 0.0550329 0.0553264 0.0508457 0.0441656 0.0377648 0.0328001 0.0290525 0.0257005
 1.08619e-16 4.22746e-05 0.000410924 0.00273074 0.0124136 0.0386234 0.0822924 0.120115 0.120147 0.082451 0.0391564 0.0139544 0.00660347 0.00888148 0.0161777 0.0268056 0.038911 0.0495689 0.0558161 0.0562865 0.0519793 0.0454645 0.0392018 0.0343156 0.0305569 0.0270936
 1.08448e-16 4.46388e-05 0.000433905 0.00288345 0.0131078 0.0407833 0.0868943 0.126831 0.126861 0.087042 0.0412793 0.0145415 0.00648705 0.00831654 0.0150624 0.0249551 0.0362387 0.0461956 0.0520778 0.0526215 0.0487567 0.0428652 0.037215 0.0328244 0.0294335 0.0262478
 1.07912e-16 4.43865e-05 0.000431452 0.00286715 0.0130337 0.0405528 0.0864032 0.126115 0.126146 0.0865576 0.0410716 0.0145332 0.00663502 0.00866974 0.0157289 0.0260345 0.0377402 0.0479713 0.053822 0.0539579 0.0493768 0.04264 0.0362231 0.0312965 0.0276588 0.0244894
 1.08438e-16 4.13122e-05 0.000401569 0.00266857 0.012131 0.0377441 0.080419 0.117381 0.117415 0.0805841 0.0382986 0.0137338 0.00669655 0.00921036 0.0168171 0.0278587 0.0404151 0.0514319 0.0578128 0.0581282 0.053421 0.0463865 0.039621 0.0343393 0.0303215 0.0267222
 1.09436e-16 4.08871e-05 0.000397437 0.00264111 0.0120061 0.0373557 0.0795915 0.116173 0.116206 0.079751 0.0378915 0.0135553 0.00653554 0.00891827 0.0162804 0.0270002 0.0392448 0.0501011 0.0566157 0.0574262 0.0535196 0.0474272 0.0415423 0.0369122 0.033228 0.0296394
 1.10252e-16 4.01919e-05 0.000390679 0.0025962 0.011802 0.0367205 0.0782381 0.114198 0.114231 0.0783991 0.0372614 0.0133658 0.00652733 0.00899159 0.0164318 0.0272519 0.0396097 0.0505678 0.0571521 0.0580011 0.0541301 0.0481135 0.0423754 0.0379597 0.0345158 0.0311296
 1.10614e-16 4.05879e-05 0.000394529 0.00262178 0.0119183 0.0370823 0.079009 0.115323 0.115355 0.0791665 0.0376114 0.0134478 0.00646713 0.00880878 0.0160795 0.0266736 0.038788 0.0495591 0.056089 0.0570534 0.0534441 0.0477652 0.0423629 0.0382271 0.0349861 0.0317262
 1.10124e-16 4.23012e-05 0.000411183 0.00273246 0.0124214 0.0386477 0.0823441 0.12019 0.120221 0.0824966 0.0391603 0.0139034 0.00645784 0.00856173 0.015575 0.0258229 0.0375294 0.0479076 0.0541404 0.0549433 0.0512885 0.0456281 0.0402694 0.0362027 0.0330833 0.0300191
 1.09215e-16 4.35267e-05 0.000423095 0.00281162 0.0127812 0.0397673 0.0847296 0.123672 0.123703 0.0848815 0.0402777 0.0142567 0.00652 0.00853422 0.0154945 0.0256698 0.0372657 0.0474839 0.0534969 0.0540123 0.050006 0.043956 0.0382213 0.0338594 0.0305872 0.0275456
 1.08451e-16 4.39252e-05 0.000426969 0.00283736 0.0128982 0.0401314 0.0855054 0.124804 0.124836 0.0856588 0.0406469 0.0143883 0.00658188 0.00861581 0.015639 0.0258985 0.0375722 0.0478191 0.0537665 0.0540961 0.0497909 0.043369 0.0372475 0.032544 0.0290237 0.0258589
 1.08035e-16 4.44274e-05 0.000431851 0.0028698 0.0130457 0.0405902 0.0864829 0.126231 0.126262 0.0866349 0.0411008 0.0145215 0.00657862 0.00854268 0.0154911 0.0256522 0.0372146 0.0473624 0.0532475 0.0535584 0.0492616 0.0428435 0.0366951 0.0319277 0.0283239 0.0250857
 1.07551e-16 4.54263e-05 0.00044156 0.00293432 0.013339 0.0415028 0.0884272 0.129068 0.129099 0.0885768 0.0420055 0.014792 0.00658546 0.00842534 0.0152474 0.025239 0.0365986 0.0465437 0.0522612 0.0524553 0.0480814 0.041602 0.0353953 0.030582 0.0269694 0.0237818
 1.07123e-16 4.60304e-05 0.000447431 0.00297334 0.0135164 0.0420547 0.0896031 0.130785 0.130815 0.089752 0.0425548 0.014962 0.00660565 0.00838924 0.0151657 0.025096 0.0363758 0.0462278 0.0518439 0.0519289 0.0474347 0.0408233 0.0344827 0.0295557 0.0258755 0.0226856
 1.05659e-16 5.2096e-05 0.000506392 0.00336515 0.0152975 0.0475964 0.10141 0.148016 0.148042 0.101536 0.0480181 0.0165164 0.00642771 0.00720174 0.0127966 0.0211488 0.0306396 0.0389088 0.04358 0.0435557 0.03964 0.0339199 0.0284283 0.0241529 0.0209749 0.0182693
 1.03435e-16 5.81323e-05 0.000565066 0.00375507 0.01707 0.0531112 0.11316 0.165165 0.165187 0.113269 0.0534782 0.0181303 0.00641756 0.00638083 0.0111138 0.0183088 0.0264337 0.0333785 0.0370297 0.0364121 0.0322539 0.0264604 0.0209376 0.0166902 0.0137203 0.0115136
 1.02353e-16 5.81689e-05 0.000565423 0.00375743 0.0170808 0.0531447 0.113231 0.165269 0.165293 0.113347 0.053534 0.0182053 0.00658047 0.00672875 0.0117652 0.0193627 0.0278971 0.0351015 0.0387016 0.037643 0.0327082 0.0259681 0.0195307 0.0145636 0.0111557 0.00880656
 1.01883e-16 6.08518e-05 0.000591501 0.00393073 0.0178686 0.0555958 0.118454 0.172891 0.172912 0.118557 0.0559416 0.0188673 0.00643806 0.00606602 0.0104608 0.0172047 0.0247941 0.0312106 0.0344343 0.0335246 0.0291663 0.0231842 0.0174367 0.0129553 0.00982683 0.00762822
 1.0161e-16 6.03176e-05 0.000586309 0.00389623 0.0177117 0.0551078 0.117414 0.171374 0.171396 0.117523 0.0554732 0.0187669 0.00654479 0.00636735 0.0110372 0.0181448 0.0261164 0.0328067 0.0360669 0.0348992 0.0300418 0.0234591 0.0171655 0.0122994 0.00898115 0.00676128
 1.02294e-16 5.19599e-05 0.000505069 0.00335636 0.0152576 0.0474721 0.101145 0.147631 0.147661 0.101293 0.0479688 0.0166923 0.00695777 0.00836731 0.0149846 0.0246922 0.0355677 0.0447296 0.0492673 0.047824 0.0413878 0.0325984 0.024155 0.0175732 0.0130051 0.00985481
 1.03776e-16 4.87341e-05 0.000473712 0.00314799 0.0143103 0.0445249 0.0948661 0.138466 0.138497 0.0950161 0.0450289 0.0157667 0.00680611 0.00846718 0.0152524 0.0251969 0.0364282 0.0460899 0.0512876 0.0506616 0.0451555 0.0373002 0.0296272 0.0234734 0.0188742 0.0152329
 1.05237e-16 4.63835e-05 0.000450864 0.00299615 0.0136201 0.0423773 0.0902905 0.131788 0.13182 0.0904449 0.0428958 0.0151186 0.0067607 0.00867928 0.0157041 0.0259684 0.0375905 0.0476617 0.0532349 0.0529348 0.0477348 0.0402076 0.0328905 0.0270661 0.0226767 0.0190412
 1.06488e-16 4.46886e-05 0.000434389 0.00288667 0.0131224 0.0408288 0.0869913 0.126973 0.127005 0.0871476 0.041354 0.0146402 0.00670045 0.00877285 0.015919 0.0263467 0.0381839 0.0485117 0.0543717 0.0543884 0.0495426 0.0424045 0.0354788 0.0299855 0.0257942 0.0221713
 1.07201e-16 4.48259e-05 0.000435723 0.00289554 0.0131627 0.0409542 0.0872585 0.127363 0.127394 0.0874108 0.041466 0.0146419 0.00661264 0.00856424 0.0155238 0.0257021 0.0372774 0.0474198 0.0532643 0.0534842 0.0490365 0.0424079 0.0360015 0.0309537 0.0270846 0.0236404
 1.07495e-16 4.44308e-05 0.000431883 0.00287002 0.0130467 0.0405933 0.0864895 0.126241 0.126272 0.0866438 0.0411115 0.0145446 0.00663407 0.00866246 0.015716 0.0260175 0.0377252 0.0479704 0.05385 0.0540242 0.0494737 0.0427346 0.0362591 0.0312089 0.0273969 0.0240384
pSPR Fmed_Fpbrs
0.599947   0.285685 0.285685
Fs Fmed_Fpbrs
0.34   1.005 1.005
SSBpbr Bo_Bmed_Bpbrs
2.24055e+06  1.23218e+06  528065 528065
Ro
244568
SPR SPRFo_SPRFmed_SPRFpbrs
1.73815e+06 1.04279e+06 496562
Fref
1.005
Nvult_r0
 190134 68888.6 19989.8 5980.45 2283.95
CTP_r0
 63588.9 34530.2 10019.8 2997.68 1144.82
YTP_r0
1.38113e+06
Np
 244568 54434.3 11102.9 3312 1090.48
Nvult_p0
 190134 47104.2 9607.8 2866.01 943.633
CTP_p0
 63588.9 35763.2 10668.2 3095.63 1212.27
 63588.9 23610.8 4815.88 1436.58 472.993
YTP_p0
 1.5e+06 1.06905e+06
CBA_c0
1.41679e+06
log_Ro
12.2272
likeval ReclasPelacesDesembMPH_pf_preclas_ppelaces_ptallas_desvR_qrecl_qpela
 126.239 106.81 11.7813 407.499 226.89 134.541 92.2125 0 0 0 0 53.4199 0 0 0
q_reclas_q_pelaces
1 1
M
1
N
 244568 12156.7 130048 4690.29 2330.72
 244568 82728.5 3781.12 40449.1 2183.76
 244568 79345.5 23669.8 1081.83 12197.9
 244568 82083.2 24295.5 7247.66 4066.23
 244568 79991.8 23869.3 7064.99 3290.01
 244568 86638.6 27287.5 8142.51 3532.39
 244568 81732.2 26302.2 8284.08 3544.33
 244568 75263.9 21040.7 6771.12 3045.05
 244568 88462 26766.7 7482.88 3491
 244568 85971.5 29713.9 8990.79 3686.07
 244568 86353.1 29134.3 10069.5 4295.97
 244568 88696.7 30873.6 10416.3 5136.07
 244568 82608.6 27507.6 9574.85 4823.27
 244568 82463.9 25529.8 8501.09 4449.67
 244568 79485.3 23677.3 7330.19 3718.46
 244568 83194.5 25001.7 7447.58 3475.3
 244568 76780.4 22289 6698.31 2926.39
 244568 80831.3 22798.4 6618.26 2857.86
 244568 74339.9 20301.1 5725.89 2379.96
 244568 57697 11246.6 3071.28 1226.31
 244568 58149.7 8866.3 1728.27 660.41
 244568 61884.1 10120.4 1543.1 415.729
 244568 47121 6244.57 1021.23 197.661
 244568 70734.6 10714.5 1419.91 277.155
 244568 75096.9 18128.9 2746.07 434.949
 244568 76645.7 20049 4839.96 849.253
 244568 82078 23465.8 6138.19 1741.81
 244568 80205.7 23995.6 6860.26 2303.73
 244568 79608.7 23100.5 6911.1 2639.37
pred_Ctot
 12531.4 1203.85 12878.3 464.467 230.806
 18447.1 11863.3 542.213 5800.41 313.151
 13656.5 8536.24 2546.47 116.387 1312.28
 17313.6 11082.5 3280.25 978.541 549.001
 5744.71 3699.68 1103.97 326.761 152.165
 14269.3 9722.56 3062.19 913.749 396.403
 25642.7 15966.3 5138.11 1618.29 692.381
 2597.54 1587.53 443.809 142.822 64.2287
 6899.03 4898.07 1482.05 414.321 193.294
 6238.62 4312.28 1490.43 450.973 184.891
 2193.2 1539.59 519.435 179.53 76.593
 12740.5 8924.77 3106.54 1048.1 516.798
 12992.6 8470.75 2820.65 981.813 494.582
 18201.9 11676.1 3614.78 1203.67 630.031
 11719.9 7377.98 2197.77 680.403 345.155
 22961.5 14663 4406.55 1312.64 612.522
 15843.7 9525.27 2765.14 830.983 363.044
 27280.9 16721.5 4716.27 1369.11 591.202
 57485 29685.5 8106.64 2286.47 950.368
 56643.4 22759.1 4436.34 1211.49 483.728
 49748.7 20559.8 3134.84 611.061 233.5
 77547.9 31380.4 5131.91 782.481 210.809
 33708.3 11826.1 1567.21 256.3 49.6074
 25938.5 13965.7 2115.45 280.344 54.7208
 23199.2 13363.9 3226.14 488.679 77.4015
 13665.7 8251.13 2158.33 521.035 91.4245
 16939 10853.3 3102.91 811.659 230.321
 17985.3 11228 3359.16 960.372 322.5
 13014.5 8176.39 2372.58 709.82 271.082
F
 0.08393 0.16786 0.16786 0.16786 0.16786
 0.125682 0.251365 0.251365 0.251365 0.251365
 0.0917604 0.183521 0.183521 0.183521 0.183521
 0.11757 0.235139 0.235139 0.235139 0.235139
 0.0377482 0.0754965 0.0754965 0.0754965 0.0754965
 0.0960464 0.192093 0.192093 0.192093 0.192093
 0.178494 0.356987 0.356987 0.356987 0.356987
 0.0169211 0.0338423 0.0338423 0.0338423 0.0338423
 0.0454788 0.0909576 0.0909576 0.0909576 0.0909576
 0.0410499 0.0820997 0.0820997 0.0820997 0.0820997
 0.0142713 0.0285427 0.0285427 0.0285427 0.0285427
 0.085381 0.170762 0.170762 0.170762 0.170762
 0.0871333 0.174267 0.174267 0.174267 0.174267
 0.123922 0.247845 0.247845 0.247845 0.247845
 0.0783133 0.156627 0.156627 0.156627 0.156627
 0.158545 0.31709 0.31709 0.31709 0.31709
 0.10713 0.214259 0.214259 0.214259 0.214259
 0.190846 0.381692 0.381692 0.381692 0.381692
 0.44429 0.88858 0.88858 0.88858 0.88858
 0.436473 0.872947 0.872947 0.872947 0.872947
 0.374232 0.748463 0.748463 0.748463 0.748463
 0.646775 1.29355 1.29355 1.29355 1.29355
 0.240559 0.481117 0.481117 0.481117 0.481117
 0.180715 0.361429 0.361429 0.361429 0.361429
 0.1603 0.320601 0.320601 0.320601 0.320601
 0.0918245 0.183649 0.183649 0.183649 0.183649
 0.1149 0.2298 0.2298 0.2298 0.2298
 0.122371 0.244741 0.244741 0.244741 0.244741
 0.0872854 0.174571 0.174571 0.174571 0.174571
YTP_r0W_actual
 330662 707869 217430 86932.7 38237.1
YTP_p0W_proyectada
 479460 624068 256782 96955.2 42732.5
 479460 412009 115918 44993.6 16673
CTP_r0_actual
 63588.9 34530.2 10019.8 2997.68 1144.82
CTP_p0_proyectada
 63588.9 35763.2 10668.2 3095.63 1212.27
 63588.9 23610.8 4815.88 1436.58 472.993
Wmedp
 7.54 17.45 24.07 31.32 35.25
Frms_r0
 0.5025 1.005 1.005 1.005 1.005
Zrms_r0
 1.5025 2.005 2.005 2.005 2.005
nmprior
 7.29 8.9 8.7 0
nm_flota  nm_reclas  nm_pelaces    nm_pelaL
inf 4.21619 7.95979 9.79471
cv_recla  cv_pelaces  cv_mph
1.06591 1.26576 1.74821
 ------------------------------------------------
Talla a la edad & desviaci?n 
 8 13.2811 15.8009 17.003 17.5766
 0.8 1.32811 1.58009 1.7003 1.75766
