years
 1991 1992 1993 1994 1995 1996 1997 1998 1999 2000 2001 2002 2003 2004 2005 2006 2007 2008 2009 2010 2011 2012 2013 2014 2015 2016 2017 2018 2019 2020 2021
reclasobs
 0 0 0 0 0 0 0 0 0 252601 567819 844713 477998 351125 339783 2.1784e+06 2.13404e+06 4.81314e+06 1.55562e+06 2.62356e+06 3.21686e+06 3.843e+06 1.13348e+06 3.07943e+06 1.97215e+06 2.03268e+06 2.025e+06 2.42433e+06 2.27542e+06 1.05018e+06 2.36338e+06
reclaspred
 2.82013e+06 1.8762e+06 1.32474e+06 1.40746e+06 1.48987e+06 1.7392e+06 1.40315e+06 2.0404e+06 2.18322e+06 2.33661e+06 1.72299e+06 1.723e+06 1.55964e+06 1.44008e+06 1.49597e+06 1.48195e+06 1.53724e+06 1.7517e+06 892782 607083 943112 521437 771610 1.30025e+06 1.17701e+06 1.50699e+06 1.66055e+06 1.40024e+06 1.67273e+06 1.77121e+06 1.79569e+06
pelacesobs
 0 0 0 0 0 0 0 0 0 0 0 0 0 0 0 552880 188675 0 991730 2.46772e+06 1.41603e+06 1.21717e+06 2.29649e+06 1.80582e+06 0 1.4828e+06 1.56532e+06 1.57751e+06 1.42118e+06 867257 1.10002e+06
pelacespred
 1.34079e+06 942408 644429 590841 687027 786757 633295 1.05209e+06 1.18413e+06 1.18417e+06 980408 812130 774916 778034 816716 681860 679836 727142 395560 229527 349979 184803 335367 620595 557728 715008 880094 739940 744579 862405 854337
mphobs
 0 0 0 0 0 0 0 0 0 0 0 0 498337 0 5186 125008 0 168611 109162 213762 579715 649985 157893 87575 83554 210694 70296 0 107559 103333 445601
mphpred
 2.67234e+06 1.86574e+06 1.25494e+06 1.01882e+06 1.15301e+06 1.28047e+06 1.28953e+06 1.14442e+06 1.7085e+06 1.97757e+06 1.59299e+06 1.45224e+06 1.33527e+06 1.12864e+06 1.08791e+06 1.35889e+06 1.09574e+06 1.38413e+06 917065 459195 506408 457224 275303 669995 1.00786e+06 856142 1.21849e+06 1.13266e+06 1.27341e+06 1.33299e+06 1.27021e+06
desembarqueobs
 494567 514787 250237 358949 120608 361735 552515 73892 212993 205616 52469 317467 293654 387597 252695 516296 358380 742168 942051 627588 828172 859565 418607 520667 417249 300574 415391 372974 316634 284311 391294
desembarquepred
 494647 505766 260849 358674 120532 361461 552018 73847.9 212912 205556 52444.7 317546 293753 388043 252697 515907 358040 739910 934236 622534 823036 853413 418321 520615 417141 300489 415178 372827 316533 284216 391061
Reclutas
 240115 240115 240115 240115 240115 240115 240115 240115 240115 240115 240115 240115 240115 240115 240115 240115 240115 240115 240115 240115 240115 240115 240115 240115 240115 240115 240115 240115 240115 240115 240115
log_desv_Rt
 0 0 0 0 0 0 0 0 0 0 0 0 0 0 0 0 0 0 0 0 0 0 0 0 0 0 0 0 0 0 0
SSB
 2.67234e+06 1.86574e+06 1.25494e+06 1.01882e+06 1.15301e+06 1.28047e+06 1.28953e+06 1.14442e+06 1.7085e+06 1.97757e+06 1.59299e+06 1.45224e+06 1.2889e+06 1.11458e+06 1.06296e+06 1.32335e+06 1.09574e+06 1.38413e+06 952960 477079 543851 539583 324792 747841 1.04892e+06 941559 1.26451e+06 1.13266e+06 1.31925e+06 1.30262e+06 1.39884e+06
BT
 3.79672e+06 2.97633e+06 1.90138e+06 1.98674e+06 1.97017e+06 2.60712e+06 2.22884e+06 3.58353e+06 3.76382e+06 3.43257e+06 2.71853e+06 2.49679e+06 2.49274e+06 2.87488e+06 2.88857e+06 2.35623e+06 2.31637e+06 2.71386e+06 2.18402e+06 1.29596e+06 1.9e+06 1.38818e+06 1.63767e+06 2.66055e+06 1.9702e+06 2.5795e+06 3.19774e+06 2.65625e+06 2.31349e+06 2.83894e+06 2.84904e+06
Ftot
 0.166017 0.253222 0.186081 0.239901 0.0771742 0.196393 0.366004 0.0346469 0.0929622 0.0838657 0.0291436 0.174395 0.17823 0.253708 0.16029 0.325103 0.219831 0.391875 0.919711 0.910374 0.783341 1.36604 0.502836 0.374001 0.331074 0.188755 0.235707 0.250888 0.179019 0.152223 0.205758
BD_Bspro_t
 0.973787 0.833766 0.722984 0.705978 0.712954 0.775992 0.734238 0.666625 0.809807 0.851271 0.855456 0.88502 0.810144 0.756212 0.734041 0.751632 0.653873 0.693501 0.541246 0.352077 0.333015 0.31257 0.240759 0.448243 0.558374 0.588685 0.698057 0.702319 0.726285 0.728053 0.755168
BD_Bspro
 1.55924 1.08861 0.732226 0.594457 0.672754 0.74712 0.752408 0.667739 0.996867 1.15386 0.929466 0.847342 0.752041 0.650328 0.620208 0.772143 0.639339 0.807603 0.556028 0.278363 0.317323 0.314833 0.189508 0.436346 0.612018 0.549375 0.737807 0.66088 0.76975 0.760044 0.816185
BD_Bo
 1.20917 0.844203 0.567831 0.460993 0.521711 0.579381 0.583482 0.517822 0.773056 0.894804 0.720788 0.657102 0.583197 0.50432 0.480962 0.598786 0.495798 0.626284 0.431192 0.215867 0.24608 0.244148 0.14696 0.33838 0.474612 0.426033 0.572159 0.512503 0.596931 0.589404 0.63294
BD_Brms
 5.13768 3.58695 2.41267 1.95872 2.21671 2.46175 2.47917 2.20019 3.28465 3.80195 3.06257 2.79197 2.47796 2.14282 2.04357 2.54419 2.10661 2.66103 1.8321 0.917201 1.04557 1.03737 0.624423 1.43775 2.01659 1.81018 2.43106 2.17759 2.53631 2.50433 2.68931
Sel_flota
 0.5 1 1 1 1
 0.5 1 1 1 1
 0.5 1 1 1 1
 0.5 1 1 1 1
 0.5 1 1 1 1
 0.5 1 1 1 1
 0.5 1 1 1 1
 0.5 1 1 1 1
 0.5 1 1 1 1
 0.5 1 1 1 1
 0.5 1 1 1 1
 0.5 1 1 1 1
 0.5 1 1 1 1
 0.5 1 1 1 1
 0.5 1 1 1 1
 0.5 1 1 1 1
 0.5 1 1 1 1
 0.5 1 1 1 1
 0.5 1 1 1 1
 0.5 1 1 1 1
 0.5 1 1 1 1
 0.5 1 1 1 1
 0.5 1 1 1 1
 0.5 1 1 1 1
 0.5 1 1 1 1
 0.5 1 1 1 1
 0.5 1 1 1 1
 0.5 1 1 1 1
 0.5 1 1 1 1
 0.5 1 1 1 1
 0.5 1 1 1 1
Sel_reclas
 0.5 1 1 1 1
 0.5 1 1 1 1
 0.5 1 1 1 1
 0.5 1 1 1 1
 0.5 1 1 1 1
 0.5 1 1 1 1
 0.5 1 1 1 1
 0.5 1 1 1 1
 0.5 1 1 1 1
 0.5 1 1 1 1
 0.5 1 1 1 1
 0.5 1 1 1 1
 0.5 1 1 1 1
 0.5 1 1 1 1
 0.5 1 1 1 1
 0.5 1 1 1 1
 0.5 1 1 1 1
 0.5 1 1 1 1
 0.5 1 1 1 1
 0.5 1 1 1 1
 0.5 1 1 1 1
 0.5 1 1 1 1
 0.5 1 1 1 1
 0.5 1 1 1 1
 0.5 1 1 1 1
 0.5 1 1 1 1
 0.5 1 1 1 1
 0.5 1 1 1 1
 0.5 1 1 1 1
 0.5 1 1 1 1
 0.5 1 1 1 1
Sel_pelaces
 0.5 1 1 1 1
 0.5 1 1 1 1
 0.5 1 1 1 1
 0.5 1 1 1 1
 0.5 1 1 1 1
 0.5 1 1 1 1
 0.5 1 1 1 1
 0.5 1 1 1 1
 0.5 1 1 1 1
 0.5 1 1 1 1
 0.5 1 1 1 1
 0.5 1 1 1 1
 0.5 1 1 1 1
 0.5 1 1 1 1
 0.5 1 1 1 1
 0.5 1 1 1 1
 0.5 1 1 1 1
 0.5 1 1 1 1
 0.5 1 1 1 1
 0.5 1 1 1 1
 0.5 1 1 1 1
 0.5 1 1 1 1
 0.5 1 1 1 1
 0.5 1 1 1 1
 0.5 1 1 1 1
 0.5 1 1 1 1
 0.5 1 1 1 1
 0.5 1 1 1 1
 0.5 1 1 1 1
 0.5 1 1 1 1
 0.5 1 1 1 1
pf_obs 
 0.8446 0.082 0.0669 0.0065 0
 0.8095 0.147 0.0364 0.0071 0
 0.9664 0.0169 0.016 0.0007 0
 0.9276 0.0648 0.0075 0.0001 0
 0.7033 0.2144 0.0806 0.0017 0
 0.9318 0.0425 0.0243 0.0014 0
 0.5671 0.3108 0.0964 0.0239 0.0018
 0.0768 0.2599 0.5324 0.112 0.0189
 0.490249 0.384438 0.106611 0.0170017 0.00170017
 0.7925 0.1577 0.0466 0.003 0.0002
 0.840416 0.127587 0.0312969 0.00059994 9.999e-05
 0.8084 0.0986 0.0794 0.0134 0.0002
 0.7335 0.1905 0.0724 0.0035 0.0001
 0.4001 0.4547 0.1325 0.0127 0
 0.49795 0.308269 0.164784 0.0264974 0.00249975
 0.9179 0.0499 0.0305 0.0017 0
 0.2467 0.6533 0.0926 0.0074 0
 0.9418 0.0223 0.034 0.0019 0
 0.707729 0.231977 0.0356964 0.0245975 0
 0.517169 0.277429 0.184464 0.0207286 0.00020938
 0.811772 0.124168 0.05621 0.00726502 0.000585176
 0.764997 0.148141 0.077277 0.00933861 0.000247198
 0.163321 0.427699 0.378323 0.0303852 0.000271297
 0.753843 0.0900009 0.118128 0.0371064 0.000921714
 0.721811 0.176058 0.0630433 0.0369309 0.00215725
 0.143369 0.312575 0.442814 0.0836902 0.0175525
 0.692698 0.0596174 0.167031 0.0765114 0.00414204
 0.394062 0.376323 0.152708 0.0712218 0.00568511
 0.125707 0.32114 0.495352 0.0537591 0.00404204
 0.23352 0.215282 0.420074 0.123614 0.00750983
 0.796117 0.104755 0.0508955 0.0450114 0.00322123
pf_pred 
 0.451826 0.0550611 0.441376 0.0393357 0.0124017
 0.496258 0.319321 0.0185241 0.148491 0.0174059
 0.521403 0.325444 0.0970833 0.00563189 0.0504378
 0.521899 0.33333 0.0984435 0.0293667 0.0169605
 0.521881 0.335185 0.0996528 0.0294308 0.0138501
 0.503822 0.342706 0.107591 0.0319875 0.0138927
 0.524003 0.325016 0.104281 0.0327386 0.0139608
 0.538874 0.327805 0.091033 0.0292079 0.0130799
 0.497548 0.352956 0.106274 0.0295126 0.0137096
 0.492748 0.340135 0.117394 0.035347 0.0143759
 0.486983 0.34151 0.115003 0.0396923 0.0168118
 0.484199 0.338837 0.117803 0.0396702 0.019491
 0.505256 0.328554 0.109173 0.037956 0.0190616
 0.516405 0.33023 0.101848 0.0338422 0.0176748
 0.526456 0.330206 0.0978806 0.0301877 0.0152697
 0.523713 0.333318 0.0996933 0.0295514 0.0137241
 0.54206 0.324229 0.0935741 0.0279874 0.012149
 0.540115 0.329509 0.0923084 0.0266407 0.0114269
 0.586656 0.299928 0.0812629 0.022765 0.00938816
 0.668129 0.262734 0.0501666 0.0135922 0.005378
 0.676441 0.272791 0.0401918 0.00767424 0.00290197
 0.681492 0.268311 0.0423212 0.00623542 0.00164081
 0.72084 0.242939 0.0305121 0.00481273 0.000895678
 0.617446 0.328077 0.0474089 0.00595435 0.00111398
 0.578239 0.33035 0.078393 0.0113282 0.00168896
 0.55614 0.333696 0.0862882 0.0204764 0.00340012
 0.532134 0.339691 0.0963629 0.0249178 0.00689494
 0.532913 0.331314 0.0985768 0.0279641 0.00923193
 0.531849 0.332817 0.0959949 0.0285616 0.0107772
 0.519661 0.338892 0.100557 0.0290039 0.0118858
 0.514696 0.336587 0.104924 0.0311334 0.0126598
pobs_RECLAS
 0 0 0 0 0
 0 0 0 0 0
 0 0 0 0 0
 0 0 0 0 0
 0 0 0 0 0
 0 0 0 0 0
 0 0 0 0 0
 0 0 0 0 0
 0 0 0 0 0
 0 0 0 0 0
 0.991045 0.00858322 0.000360255 1.14367e-05 0
 0.934742 0.0480273 0.0164251 0.00080598 0
 0.827803 0.169806 0.00239088 0 0
 0.941827 0.0461693 0.0120037 0 0
 0.791401 0.0380133 0.147996 0.0225897 0
 0.846168 0.0940531 0.0597789 0 0
 0.134021 0.677848 0.182769 0.00536245 0
 0.80878 0.0450904 0.141981 0.00414843 0
 0.846168 0.0940531 0.0597789 0 0
 0.905697 0.0802665 0.012482 0.00150086 5.37128e-05
 0.989698 0.0102097 9.19794e-05 0 0
 0.975433 0.0193895 0.00387452 0.00125025 5.28907e-05
 0.303575 0.632131 0.0575291 0.00676475 0
 0.966965 0.00978017 0.0227588 0.000495775 0
 0.843318 0.132988 0.00938335 0.0141283 0.000182051
 0.564624 0.303363 0.111486 0.0197234 0.00080311
 0.826376 0.0876187 0.0782897 0.00655872 0.00115652
 0.89761 0.0855135 0.0140674 0.00269457 0.000114338
 0.34875 0.467042 0.161289 0.0227151 0.000203297
 0.318654 0.224769 0.449479 0.00709798 0
 0.937255 0.0296025 0.0250945 0.00804832 0
ppred_RECLAS
 0.453713 0.0548715 0.439856 0.0392002 0.012359
 0.499325 0.317377 0.0184113 0.147587 0.0172999
 0.523561 0.323976 0.0966456 0.0056065 0.0502104
 0.524775 0.331325 0.0978513 0.0291901 0.0168585
 0.522715 0.334601 0.0994791 0.0293795 0.0138259
 0.506119 0.34112 0.107093 0.0318394 0.0138284
 0.528722 0.321794 0.103247 0.032414 0.0138224
 0.539236 0.327548 0.0909616 0.029185 0.0130696
 0.498565 0.352242 0.106059 0.0294529 0.0136818
 0.493659 0.339524 0.117183 0.0352835 0.01435
 0.487287 0.341307 0.114935 0.0396688 0.0168019
 0.486209 0.337517 0.117344 0.0395156 0.019415
 0.507316 0.327185 0.108718 0.0377979 0.0189823
 0.519475 0.328134 0.101201 0.0336274 0.0175626
 0.528283 0.328932 0.097503 0.0300713 0.0152108
 0.527809 0.330452 0.098836 0.0292972 0.0136061
 0.54465 0.322396 0.0930451 0.0278292 0.0120803
 0.545217 0.325853 0.0912844 0.0263451 0.0113001
 0.601563 0.289112 0.0783323 0.021944 0.00904959
 0.681505 0.252144 0.0481446 0.0130444 0.00516124
 0.68723 0.263695 0.0388517 0.00741836 0.00280521
 0.70444 0.248979 0.0392721 0.00578617 0.00152259
 0.726435 0.238071 0.0299006 0.00471629 0.000877729
 0.622024 0.32415 0.0468416 0.00588309 0.00110065
 0.582328 0.327148 0.0776331 0.0112184 0.00167259
 0.558308 0.332066 0.0858666 0.0203764 0.00338351
 0.534945 0.337649 0.0957838 0.0247681 0.0068535
 0.535933 0.329172 0.0979394 0.0277833 0.00917224
 0.533911 0.331351 0.095572 0.0284358 0.0107297
 0.521389 0.337673 0.100196 0.0288996 0.0118431
 0.517115 0.33491 0.104401 0.0309783 0.0125967
pobs_PELACES
 0 0 0 0 0
 0 0 0 0 0
 0 0 0 0 0
 0 0 0 0 0
 0 0 0 0 0
 0 0 0 0 0
 0 0 0 0 0
 0 0 0 0 0
 0 0 0 0 0
 0 0 0 0 0
 0 0 0 0 0
 0 0 0 0 0
 0 0 0 0 0
 0 0 0 0 0
 0 0 0 0 0
 0 0 0 0 0
 0.505614 0.472636 0.0217494 0 0
 0 0 0 0 0
 0.443492 0.261883 0.143347 0.151278 0
 0.227955 0.32914 0.350689 0.0885471 0.00366901
 0.970185 0.0296113 0.000203453 0 0
 0.997202 0.00247181 0.000326279 0 0
 0.445219 0.490057 0.0546422 0.010081 0
 0.90214 0.0892962 0.00764917 0.000914606 0
 0 0 0 0 0
 0.581667 0.319106 0.0959925 0.00289975 0.000334073
 0.762889 0.0836404 0.116647 0.0363945 0.000428098
 0.88444 0.0763242 0.0277011 0.0115352 0
 0.521256 0.241999 0.230069 0.00667565 0
 0.616807 0.101726 0.260614 0.0208532 0
 0.833518 0.0704572 0.0857862 0.0102388 0
ppred_PELACES
 0.460511 0.0541887 0.434383 0.0387124 0.0122052
 0.509769 0.310756 0.0180273 0.144509 0.016939
 0.531214 0.318772 0.0950932 0.00551645 0.0494039
 0.534635 0.32445 0.095821 0.0285844 0.0165087
 0.52589 0.332374 0.0988172 0.029184 0.0137339
 0.514217 0.335527 0.105337 0.0313174 0.0136017
 0.543739 0.31154 0.0999575 0.0313812 0.0133819
 0.540656 0.326539 0.0906812 0.029095 0.0130294
 0.5024 0.349548 0.105248 0.0292277 0.0135772
 0.497118 0.337205 0.116383 0.0350424 0.014252
 0.488489 0.340507 0.114666 0.0395758 0.0167625
 0.493399 0.332793 0.115702 0.0389626 0.0191433
 0.514665 0.322305 0.107097 0.0372341 0.0186991
 0.529914 0.321005 0.0990025 0.0328968 0.017181
 0.534868 0.32434 0.0961418 0.0296515 0.0149984
 0.541155 0.321112 0.0960425 0.0284692 0.0132216
 0.55363 0.316038 0.0912101 0.0272803 0.011842
 0.561198 0.314403 0.0880768 0.0254194 0.010903
 0.637316 0.263169 0.0713032 0.0199749 0.00823754
 0.713186 0.227063 0.0433556 0.0117468 0.00464784
 0.714318 0.240857 0.0354868 0.00677586 0.00256225
 0.74912 0.211341 0.0333352 0.00491146 0.00129242
 0.742609 0.223995 0.0281327 0.00443743 0.000825832
 0.63642 0.311805 0.0450576 0.00565903 0.00105873
 0.595552 0.31679 0.0751752 0.0108632 0.00161963
 0.565974 0.326302 0.0843764 0.0200227 0.00332479
 0.544607 0.330635 0.093794 0.0242536 0.00671113
 0.546212 0.321881 0.0957701 0.0271679 0.00896908
 0.541254 0.326131 0.0940664 0.0279878 0.0105607
 0.527653 0.333253 0.0988842 0.0285213 0.0116881
 0.525586 0.329034 0.102569 0.0304348 0.0123757
pobs_pel_tallas
 0 0 0 0 0 0 0 0 0 0 0 0 0 0 0 0 0 0 0 0 0 0 0 0 0 0
 0 0 0 0 0 0 0 0 0 0 0 0 0 0 0 0 0 0 0 0 0 0 0 0 0 0
 0 0 0 0 0 0 0 0 0 0 0 0 0 0 0 0 0 0 0 0 0 0 0 0 0 0
 0 0 0 0 0 0 0 0 0 0 0 0 0 0 0 0 0 0 0 0 0 0 0 0 0 0
 0 0 0 0 0 0 0 0 0 0 0 0 0 0 0 0 0 0 0 0 0 0 0 0 0 0
 0 0 0 0 0 0 0 0 0 0 0 0 0 0 0 0 0 0 0 0 0 0 0 0 0 0
 0 0 0 0 0 0 0 0 0 0 0 0 0 0 0 0 0 0 0 0 0 0 0 0 0 0
 0 0 0 0 0 0 0 0 0 0 0 0 0 0 0 0 0 0 0 0 0 0 0 0 0 0
 0 0 0 0 0 0 0 0 0 0 0 0 0 0 0 0 0 0 0 0 0 0 0 0 0 0
 0 0 0 0 0 0 0 0 0 0 0 0 0 0 0 0 0 0 0 0 0 0 0 0 0 0
 0 0 0 0 0 0 0 0 0 0 0 0 0 0 0 0 0 0 0 0 0 0 0 0 0 0
 0 0 0 0 0 0 0 0 0 0 0 0 0 0 0 0 0 0 0 0 0 0 0 0 0 0
 0.00862536 0 0 0.000197151 0.00414017 0.0128641 0.00837892 0.0270097 0.101434 0.158115 0.152841 0.127902 0.109271 0.109419 0.0830992 0.0579132 0.0238553 0.00714673 0.00463305 0.00128148 0.00103504 0.000492878 0.000147863 0.000147863 4.92878e-05 0
 0 0 0 0 0 0 0 0 0 0 0 0 0 0 0 0 0 0 0 0 0 0 0 0 0 0
 0 0 0 0 0 0 0 0.0054083 0.00873648 0.0413646 0.0450493 0.0745869 0.0622846 0.0627006 0.0613931 0.0827291 0.12552 0.122667 0.0946155 0.0697135 0.0546179 0.0294188 0.0215738 0.0213955 0.0102223 0.00600262
 0 0 0 0 0.00359764 0.0251062 0.0480494 0.140153 0.205849 0.193036 0.1447 0.116669 0.0760912 0.0342217 0.00950174 0.001854 0.000860785 0 0 0 0.000165536 0 0.000143464 0 0 0
 0 0 0 0 0 0 0 0.000145254 0.000435761 0.0275982 0.070085 0.0708112 0.156366 0.174668 0.174014 0.160142 0.0824315 0.0480064 0.0283245 0.00493863 0.00203355 0 0 0 0 0
 0 0 0 0 0 0 0 0 0 0 0 0 0 0 0 0 0 0 0 0 0 0 0 0 0 0
 0 0 1.00437e-05 0.000401748 0.00122533 0.00171747 0.00176769 0.0269171 0.070346 0.194647 0.189555 0.159765 0.064822 0.0314167 0.0384472 0.0292271 0.0345202 0.0313363 0.0194345 0.0106764 0.0143323 0.0359363 0.0279516 0.0138201 0.00172751 0
 0 0.0021121 0.0136068 0.0755702 0.200478 0.177729 0.0527432 0.0373336 0.0318909 0.0142505 0.0149659 0.0166563 0.0217959 0.0798694 0.0677717 0.0528807 0.04013 0.0224614 0.0357745 0.0225083 0.00881397 0.00855152 0.00135912 0.000746735 0 0
 0 0 0 0 5.4009e-05 0.00500934 0.000945158 0.0243581 0.138947 0.33067 0.221406 0.137944 0.0707744 0.0437923 0.0131692 0.00525238 0.0047753 0.00276346 9.45158e-05 9.00151e-06 2.25038e-05 9.00151e-06 4.50075e-06 0 0 0
 0.000866109 0.00284123 0.00948549 0.0512746 0.133035 0.25785 0.225252 0.132002 0.0553304 0.0519788 0.0540692 0.017754 0.00435017 0.00159236 0.00146478 0.000404838 0.000125132 0.000115318 0.000107957 0.000100596 0 0 0 0 0 0
 0 0 0 0 0.00144013 0.00171154 0.00461396 0.0210425 0.0478622 0.0707936 0.0888783 0.103762 0.0637923 0.0337046 0.0602308 0.124433 0.169614 0.0934646 0.0462172 0.0250306 0.0313229 0.00938855 0.002487 0.000210481 0 0
 0 0.00764035 0.051015 0.0998891 0.058973 0.0496711 0.0374665 0.0718981 0.12319 0.153886 0.159021 0.0857701 0.0377988 0.023471 0.0147837 0.00900784 0.00315554 0.000888139 0.00291439 0.00214683 0.00393193 0.00274676 0.000635225 9.99891e-05 0 0
 0 0 0 0 0 0 0 0 0 0 0 0 0 0 0 0 0 0 0 0 0 0 0 0 0 0
 0 0 0 0 0 0 0 0 0 0 0 0 0 0 0 0 0 0 0 0 0 0 0 0 0 0
 0 0 0 0 0 0 0 0 0 0 0 0 0 0 0 0 0 0 0 0 0 0 0 0 0 0
 0 0 0 0 0 0 0 0 0 0 0 0 0 0 0 0 0 0 0 0 0 0 0 0 0 0
 0 0 0 0 0 0 0 0 0 0 0 0 0 0 0 0 0 0 0 0 0 0 0 0 0 0
 0 0 0 0 0 0 0 0 0 0 0 0 0 0 0 0 0 0 0 0 0 0 0 0 0 0
 0 0 0 0 0 0 0 0 0 0 0 0 0 0 0 0 0 0 0 0 0 0 0 0 0 0
ppred_pel_tallas
 1.18497e-16 3.79317e-05 0.00036871 0.00245021 0.0111383 0.0346554 0.0738371 0.107769 0.107775 0.0738663 0.0347551 0.011435 0.00322755 0.00217304 0.00377919 0.00700768 0.0120004 0.0190691 0.0284256 0.0399738 0.0529739 0.0657622 0.0758948 0.0808979 0.0793144 0.0714132
 1.17959e-16 4.19891e-05 0.000408149 0.00271229 0.0123297 0.0383625 0.0817364 0.119303 0.119333 0.0818828 0.0388541 0.0137501 0.00627907 0.00819973 0.014858 0.0245539 0.0355268 0.0450795 0.050574 0.0509938 0.0476509 0.0433415 0.040574 0.0402072 0.0413239 0.042124
 1.1174e-16 4.37555e-05 0.000425319 0.00282639 0.0128484 0.0399763 0.0851748 0.124322 0.124352 0.0853254 0.0404821 0.0143106 0.00650093 0.00846098 0.0153468 0.0254133 0.036869 0.0469305 0.0527922 0.053188 0.0491294 0.0431484 0.0376759 0.0338334 0.0313473 0.0292766
 1.08509e-16 4.40373e-05 0.000428058 0.0028446 0.0129311 0.0402338 0.0857235 0.125122 0.125154 0.0858767 0.0407486 0.0144194 0.00658454 0.00860666 0.0156189 0.0258631 0.0375166 0.0477395 0.0536612 0.0539645 0.0496348 0.0431936 0.0370644 0.0323712 0.0288836 0.0257711
 1.08188e-16 4.3317e-05 0.000421056 0.00279807 0.0127196 0.0395757 0.0843214 0.123076 0.123108 0.0844784 0.0401031 0.0142442 0.00662941 0.0087995 0.0159987 0.0264944 0.0384309 0.0488983 0.0549511 0.0552329 0.0507433 0.0440564 0.0376507 0.0326845 0.0289409 0.0255995
 1.08569e-16 4.23554e-05 0.00041171 0.00273596 0.0124373 0.0386972 0.0824497 0.120345 0.120377 0.0826082 0.0392299 0.013977 0.00660578 0.00887581 0.0161652 0.0267838 0.0388775 0.0495221 0.0557555 0.0562121 0.0518903 0.0453602 0.0390822 0.0341835 0.0304184 0.0269568
 1.08376e-16 4.47871e-05 0.000435347 0.00289304 0.0131513 0.0409189 0.0871831 0.127253 0.127283 0.0873303 0.0414135 0.0145813 0.00648723 0.00829733 0.0150229 0.0248885 0.0361402 0.0460662 0.0519245 0.052454 0.0485822 0.0426861 0.0370304 0.0326338 0.0292403 0.0260596
 1.07824e-16 4.45332e-05 0.000432878 0.00287663 0.0130768 0.0406868 0.0866887 0.126531 0.126563 0.0868429 0.0412048 0.0145739 0.00663843 0.00865773 0.0157029 0.0259898 0.037672 0.0478776 0.0537034 0.0538161 0.0492124 0.0424525 0.0360127 0.0310674 0.0274202 0.0242546
 1.08356e-16 4.13821e-05 0.000402249 0.00267308 0.0121515 0.0378079 0.080555 0.11758 0.117613 0.0807202 0.0383627 0.0137549 0.00670267 0.00921439 0.0168231 0.0278671 0.0404243 0.051437 0.0578058 0.058099 0.0533604 0.0462886 0.0394853 0.0341716 0.0301326 0.0265262
 1.09371e-16 4.0947e-05 0.00039802 0.00264498 0.0120237 0.0374105 0.0797082 0.116343 0.116376 0.0798676 0.0379461 0.0135725 0.00653827 0.00891629 0.0162754 0.0269911 0.0392303 0.0500796 0.0565854 0.0573848 0.053464 0.047354 0.0414492 0.0367994 0.0330992 0.0295017
 1.10202e-16 4.02362e-05 0.000391111 0.00259907 0.011815 0.0367611 0.0783245 0.114324 0.114357 0.0784855 0.0373019 0.0133787 0.00652999 0.00899148 0.0164306 0.0272493 0.0396045 0.0505582 0.0571354 0.0579741 0.0540894 0.0480563 0.0423006 0.0378687 0.0344128 0.0310208
 1.10572e-16 4.06407e-05 0.000395042 0.0026252 0.0119338 0.0371306 0.0791119 0.115473 0.115505 0.0792692 0.0376594 0.0134625 0.00646853 0.00880483 0.0160709 0.0266588 0.0387655 0.0495283 0.0560501 0.0570066 0.053389 0.0477007 0.0422877 0.0381414 0.0348923 0.031629
 1.10072e-16 4.23923e-05 0.000412069 0.00273834 0.0124481 0.0387309 0.0825214 0.120449 0.12048 0.0826738 0.0392428 0.0139281 0.00645875 0.00855166 0.015554 0.0257872 0.0374763 0.0478369 0.054055 0.0548473 0.0511846 0.0455167 0.0401499 0.0360753 0.0329511 0.029888
 1.09146e-16 4.36484e-05 0.000424278 0.00281948 0.012817 0.0398785 0.0849664 0.124018 0.124049 0.0851181 0.040388 0.01429 0.00652169 0.00852178 0.0154684 0.0256252 0.0371989 0.0473942 0.0533872 0.0538867 0.0498674 0.0438047 0.0380569 0.0336837 0.0304054 0.0273664
 1.0837e-16 4.40564e-05 0.000428244 0.00284584 0.0129368 0.0402513 0.0857608 0.125177 0.125208 0.085914 0.040766 0.0144246 0.00658466 0.00860448 0.0156147 0.0258568 0.0375089 0.0477328 0.0536585 0.0539684 0.0496447 0.0432035 0.0370625 0.032342 0.0288122 0.0256491
 1.07947e-16 4.45743e-05 0.000433278 0.00287929 0.0130888 0.0407244 0.0867687 0.126648 0.126679 0.0869204 0.041234 0.0145618 0.00658103 0.00852848 0.015461 0.0256009 0.0371375 0.0472586 0.0531196 0.0534107 0.0490966 0.042661 0.0364943 0.0317105 0.028097 0.0248605
 1.07453e-16 4.56018e-05 0.000443266 0.00294566 0.0133906 0.0416632 0.0887689 0.129567 0.129598 0.0889182 0.0421646 0.0148399 0.00658759 0.00840675 0.0152085 0.0251728 0.0364995 0.0464111 0.0520998 0.0522718 0.0478805 0.0413846 0.0351606 0.0303321 0.0267116 0.0235281
 1.07017e-16 4.62252e-05 0.000449325 0.00298592 0.0135736 0.0422327 0.0899823 0.131338 0.131368 0.0901307 0.0427314 0.0150151 0.00660787 0.00836827 0.0151218 0.0250214 0.0362643 0.0460788 0.0516629 0.0517237 0.0472107 0.040582 0.0342233 0.0292804 0.0255925 0.0224082
 1.05523e-16 5.24949e-05 0.000510269 0.00339092 0.0154146 0.0479608 0.102187 0.14915 0.149175 0.102311 0.0483782 0.0166209 0.0064216 0.00713576 0.0126635 0.0209261 0.0303136 0.0384881 0.0430958 0.0430495 0.0391455 0.0334514 0.0279839 0.0237259 0.0205647 0.0178846
 1.03274e-16 5.87443e-05 0.000571015 0.0037946 0.0172497 0.0536703 0.114351 0.166903 0.166925 0.114458 0.0540298 0.0182882 0.00640237 0.00626701 0.0108859 0.0179286 0.0258799 0.0326691 0.0362238 0.0355871 0.0314737 0.0257542 0.0203024 0.0161105 0.0131862 0.0110286
 1.02199e-16 5.88375e-05 0.000571922 0.00380062 0.0172771 0.0537555 0.114533 0.167169 0.167192 0.114646 0.0541365 0.0183773 0.00656241 0.00660119 0.0115102 0.0189373 0.0272779 0.0343092 0.0378029 0.0367262 0.0318465 0.0251961 0.0188467 0.0139505 0.0106019 0.00831352
 1.01728e-16 6.17041e-05 0.000599786 0.00398579 0.0181188 0.0563745 0.120113 0.175312 0.175332 0.120212 0.0567088 0.0190844 0.00640977 0.00589197 0.0101143 0.0166277 0.0239562 0.030143 0.0332321 0.032313 0.0280496 0.0222124 0.0166075 0.0122416 0.00920568 0.00709212
 1.01454e-16 6.11678e-05 0.000594573 0.00395115 0.0179614 0.0558846 0.119069 0.173789 0.17381 0.119174 0.0562386 0.0189839 0.00651759 0.00619597 0.0106957 0.0175758 0.0252897 0.0317522 0.0348775 0.033697 0.0289289 0.0224849 0.0163284 0.0115748 0.00834858 0.0062154
 1.02127e-16 5.24211e-05 0.000509552 0.00338615 0.015393 0.0478934 0.102043 0.148941 0.148971 0.10219 0.0483865 0.0168171 0.00696075 0.00831266 0.0148711 0.0244991 0.035279 0.044344 0.0488003 0.0472988 0.0408243 0.032008 0.0235457 0.0169583 0.0124082 0.00930593
 1.03614e-16 4.90549e-05 0.000476831 0.00316871 0.0144045 0.044818 0.0954905 0.139378 0.139408 0.09564 0.0453199 0.0158548 0.00681143 0.00843626 0.0151869 0.0250847 0.0362588 0.0458604 0.0510032 0.0503308 0.0447845 0.0368908 0.0291815 0.0230004 0.0183928 0.0147693
 1.0509e-16 4.66186e-05 0.000453149 0.00301134 0.0136891 0.0425921 0.0907481 0.132456 0.132488 0.0909021 0.0431094 0.015184 0.00676682 0.00866146 0.0156652 0.0259011 0.0374875 0.0475191 0.0530526 0.052714 0.0474749 0.0399065 0.0325483 0.0266897 0.0222821 0.0186508
 1.0636e-16 4.48586e-05 0.000436041 0.00289765 0.0131723 0.0409841 0.0873222 0.127456 0.127488 0.0874784 0.0415086 0.0146882 0.00670651 0.0087635 0.0158976 0.026309 0.0381249 0.0484273 0.054259 0.0542444 0.0493633 0.0421858 0.0352199 0.0296916 0.0254784 0.0218524
 1.07089e-16 4.49908e-05 0.000437327 0.00290619 0.0132111 0.0411049 0.0875796 0.127831 0.127863 0.0877316 0.0416157 0.0146875 0.00661626 0.00855028 0.0154938 0.0256507 0.0371995 0.0473137 0.0531316 0.0533273 0.0488562 0.0422026 0.0357695 0.0306972 0.0268121 0.023366
 1.07392e-16 4.45825e-05 0.000433357 0.00287981 0.0130912 0.0407319 0.0867847 0.126671 0.126703 0.0869387 0.0412493 0.0145868 0.00663793 0.00865079 0.0156906 0.0259737 0.0376583 0.0478782 0.0537328 0.053883 0.0493082 0.042543 0.0360406 0.0309668 0.0271402 0.0237811
 1.07778e-16 4.34621e-05 0.000422467 0.00280745 0.0127623 0.0397083 0.0846039 0.123489 0.123521 0.0847614 0.0402371 0.0142908 0.00664867 0.00882231 0.0160389 0.026559 0.0385198 0.0489999 0.0550411 0.0552769 0.0507038 0.0438996 0.0373529 0.0322363 0.0283523 0.0249015
 1.08191e-16 4.32919e-05 0.000420813 0.00279645 0.0127123 0.0395528 0.0842726 0.123005 0.123037 0.0844281 0.0400751 0.0142221 0.00659105 0.00872013 0.0158515 0.0262592 0.0381111 0.0485353 0.0546238 0.0550346 0.0507458 0.0442793 0.0380537 0.033183 0.0294366 0.0260097
pSPR Fmed_Fpbrs
0.5999   0.285354 0.285354
Fs Fmed_Fpbrs
0.34   1.005 1.005
SSBpbr Bo_Bmed_Bpbrs
2.21006e+06  1.21531e+06  520146 520146
Ro
240115
SPR SPRFo_SPRFmed_SPRFpbrs
1.71387e+06 1.02815e+06 489060
Fref
1.005
Nvult_r0
 186672 70836.5 22081.8 6552.19 2664.32
CTP_r0
 62431.1 35506.6 11068.4 3284.27 1335.48
YTP_r0
1.48645e+06
Np
 240115 53443.2 10732.1 3301.08 1167.61
Nvult_p0
 186672 46246.5 9286.93 2856.56 1010.38
CTP_p0
 62431.1 34568.8 10633 3314.61 1278.05
 62431.1 23180.9 4655.04 1431.84 506.451
YTP_p0
 1.47876e+06 1.04998e+06
CBA_c0
1.48414e+06
log_Ro
12.2089
likeval ReclasPelacesDesembMPH_pf_preclas_ppelaces_ptallas_desvR_qrecl_qpela
 130.729 113.557 11.3981 441.285 247.307 154.212 109.937 0 0 0 0 51.0554 0 0 0
q_reclas_q_pelaces
1 1
M
1
N
 240115 15134.9 121323 10812.4 3408.91
 240115 81297.1 4716.12 37805 4431.43
 240115 77828.6 23217.1 1346.84 12062
 240115 80485.7 23770.1 7090.87 4095.28
 240115 78348.7 23293.6 6879.37 3237.42
 240115 84989.9 26682.2 7932.79 3445.34
 240115 80071.7 25691 8065.55 3439.41
 240115 73561.2 20428.2 6554.39 2935.19
 240115 86816.5 26140.1 7259.21 3372.14
 240115 84321.6 29102.8 8762.74 3563.86
 240115 84706 28524.8 9845.04 4169.91
 240115 87055.7 30266.6 10192.3 5007.72
 240115 80957.3 26900.7 9352.54 4696.88
 240115 80802.2 24920.5 8280.66 4324.74
 240115 77809.7 23064.5 7113.42 3598.14
 240115 81530.3 24385.2 7228.32 3356.95
 240115 75081 21668.8 6480.99 2813.31
 240115 79138.9 22169.9 6398.35 2744.42
 240115 72615.8 19674.6 5511.64 2272.97
 240115 55771.6 10649.1 2885.27 1141.61
 240115 56032.5 8255.59 1576.33 596.079
 240115 59707 9417.71 1387.56 365.129
 240115 44616.4 5603.62 883.87 164.494
 240115 68696.7 9927.06 1246.79 233.259
 240115 73267.7 17386.6 2512.46 374.59
 240115 74857.2 19356.8 4593.43 762.741
 240115 80378.1 22801.5 5896.1 1631.49
 240115 78513.1 23360.2 6626.79 2187.74
 240115 77919.4 22474.4 6686.87 2523.16
 240115 80770.4 23966.5 6912.69 2832.82
 240115 81859.8 25518.1 7571.82 3078.93
pred_Ctot
 12172.8 1483.43 11891.3 1059.76 334.12
 18238.2 11735.5 680.786 5457.26 639.69
 13587.8 8481.08 2530 146.767 1314.41
 17325.7 11065.7 3268.08 974.903 563.048
 5763.44 3701.65 1100.53 325.022 152.954
 14310.5 9734.18 3056 908.568 394.606
 25764.8 15980.8 5127.42 1609.73 686.439
 2610.45 1587.98 440.987 141.491 63.3624
 6919.83 4908.85 1478.04 410.457 190.671
 6254.49 4317.36 1490.1 448.662 182.474
 2198.32 1541.63 519.145 179.178 75.8914
 12765.1 8932.89 3105.69 1045.84 513.849
 13035.6 8476.66 2816.65 979.26 491.789
 18271.3 11684.2 3603.55 1197.4 625.365
 11766.8 7380.41 2187.72 674.723 341.291
 23075.6 14686.5 4392.64 1302.08 604.707
 15941.6 9535.35 2751.95 823.09 357.292
 27442.4 16741.8 4690.05 1353.57 580.582
 58068.4 29687.5 8043.58 2253.33 929.26
 57581.7 22643.4 4323.54 1171.42 463.495
 50774 20475.8 3016.81 576.032 217.823
 79339.3 31236.7 4927.03 725.927 191.023
 34439.1 11606.8 1457.76 229.935 42.7922
 26285.2 13966.5 2018.24 253.482 47.4232
 23471 13409.1 3182.01 459.818 68.5556
 13775.5 8265.6 2137.35 507.198 84.2204
 17037.5 10876 3085.28 797.803 220.758
 18078.7 11239.6 3344.14 948.661 313.186
 13091.1 8192.07 2362.85 703.026 265.273
 11193.2 7299.53 2165.94 624.726 256.013
 14964.1 9785.8 3050.52 905.161 368.066
F
 0.0830087 0.166017 0.166017 0.166017 0.166017
 0.126611 0.253222 0.253222 0.253222 0.253222
 0.0930404 0.186081 0.186081 0.186081 0.186081
 0.11995 0.239901 0.239901 0.239901 0.239901
 0.0385871 0.0771742 0.0771742 0.0771742 0.0771742
 0.0981965 0.196393 0.196393 0.196393 0.196393
 0.183002 0.366004 0.366004 0.366004 0.366004
 0.0173235 0.0346469 0.0346469 0.0346469 0.0346469
 0.0464811 0.0929622 0.0929622 0.0929622 0.0929622
 0.0419328 0.0838657 0.0838657 0.0838657 0.0838657
 0.0145718 0.0291436 0.0291436 0.0291436 0.0291436
 0.0871976 0.174395 0.174395 0.174395 0.174395
 0.0891152 0.17823 0.17823 0.17823 0.17823
 0.126854 0.253708 0.253708 0.253708 0.253708
 0.080145 0.16029 0.16029 0.16029 0.16029
 0.162551 0.325103 0.325103 0.325103 0.325103
 0.109916 0.219831 0.219831 0.219831 0.219831
 0.195937 0.391875 0.391875 0.391875 0.391875
 0.459856 0.919711 0.919711 0.919711 0.919711
 0.455187 0.910374 0.910374 0.910374 0.910374
 0.39167 0.783341 0.783341 0.783341 0.783341
 0.683019 1.36604 1.36604 1.36604 1.36604
 0.251418 0.502836 0.502836 0.502836 0.502836
 0.187 0.374001 0.374001 0.374001 0.374001
 0.165537 0.331074 0.331074 0.331074 0.331074
 0.0943775 0.188755 0.188755 0.188755 0.188755
 0.117854 0.235707 0.235707 0.235707 0.235707
 0.125444 0.250888 0.250888 0.250888 0.250888
 0.0895096 0.179019 0.179019 0.179019 0.179019
 0.0761117 0.152223 0.152223 0.152223 0.152223
 0.102879 0.205758 0.205758 0.205758 0.205758
YTP_r0W_actual
 518178 500643 305489 112322 49813.6
YTP_p0W_proyectada
 470731 603225 255936 103814 45051.4
 470731 404507 112047 44845.2 17852.4
CTP_r0_actual
 62431.1 35506.6 11068.4 3284.27 1335.48
CTP_p0_proyectada
 62431.1 34568.8 10633 3314.61 1278.05
 62431.1 23180.9 4655.04 1431.84 506.451
Wmedp
 7.54 17.45 24.07 31.32 35.25
Frms_r0
 0.5025 1.005 1.005 1.005 1.005
Zrms_r0
 1.5025 2.005 2.005 2.005 2.005
nmprior
 7.29 8.9 8.7 0
nm_flota  nm_reclas  nm_pelaces    nm_pelaL
inf 4.06704 7.44527 13.597
cv_recla  cv_pelaces  cv_mph
1.03422 1.20831 1.74787
 ------------------------------------------------
Talla a la edad & desviaci?n 
 8 13.2811 15.8009 17.003 17.5766
 0.8 1.32811 1.58009 1.7003 1.75766
