years
 1991 1992 1993 1994 1995 1996 1997 1998 1999 2000 2001 2002 2003 2004 2005 2006 2007 2008 2009 2010 2011 2012 2013 2014 2015 2016 2017 2018 2019 2020 2021 2022
reclasobs
 0 0 0 0 0 0 0 0 0 252601 567819 844713 477998 351125 339783 2.1784e+06 2.13404e+06 4.81314e+06 1.55562e+06 2.62356e+06 3.21686e+06 3.843e+06 1.13348e+06 3.07943e+06 1.97215e+06 2.03268e+06 2.025e+06 2.42433e+06 2.27542e+06 1.05018e+06 2.36338e+06 3.18982e+06
reclaspred
 4.87065e+06 2.63298e+06 1.27194e+06 1.46711e+06 1.75901e+06 3.48686e+06 2.10136e+06 1.53306e+06 875510 335606 579563 1.29092e+06 1.1328e+06 281264 688845 1.60646e+06 1.33824e+06 2.60698e+06 2.52966e+06 2.41848e+06 4.23484e+06 2.88186e+06 1.67192e+06 2.19666e+06 1.88939e+06 1.64115e+06 2.1744e+06 2.41408e+06 2.02275e+06 1.65018e+06 1.40151e+06 1.4968e+06
pelacesobs
 0 0 0 0 0 0 0 0 0 0 0 0 0 0 0 552880 188675 0 991730 2.46772e+06 1.41603e+06 1.21717e+06 2.29649e+06 1.80582e+06 0 1.4828e+06 1.56532e+06 1.57751e+06 1.42118e+06 867257 1.10002e+06 1.06204e+06
pelacespred
 3.12735e+06 1.69192e+06 765535 744981 1.10985e+06 2.23299e+06 1.18741e+06 1.17059e+06 571064 150929 365752 685025 642578 93953.4 390629 784138 660425 1.44469e+06 1.37508e+06 1.23808e+06 2.38002e+06 1.59851e+06 935382 1.38023e+06 1.10018e+06 977376 1.55443e+06 1.61125e+06 1.22299e+06 1.08308e+06 749924 913605
mphobs
 0 0 0 0 0 0 0 0 0 0 0 0 498337 0 5186 125008 0 168611 109162 213762 579715 649985 157893 87575 83554 210694 70296 0 107559 103333 445601 22526
mphpred
 788372 537173 237570 137975 200703 286268 469049 203083 171570 67662.8 21770.8 107082 172781 73575.4 10046.6 80621 215301 132788 276238 224591 351870 375144 238543 131656 238790 207403 155418 253506 340658 204114 155426 148088
desembarqueobs
 494567 514787 250237 358949 120608 361735 552515 73892 212993 205616 52469 317467 293654 387597 252695 516296 358380 742168 942051 627588 828172 859565 418607 520667 417249 300574 415391 372974 316634 284311 391294 218835
desembarquepred
 494554 514426 250391 358939 120609 361712 552471 73897.5 213072 205687 52470.3 317421 293700 387610 252575 516129 358371 741846 941180 627093 828230 859428 418536 520721 417100 300557 415321 372897 316469 284113 391252 218842
Reclutas
 143955 95100.8 84266.5 127858 92596.9 195862 69300.7 24279.3 23366.8 31532.1 53503.1 130800 71009.4 45510.5 64639.6 224654 48228.5 282992 282723 249515 240055 296677 51508.6 128073 151214 47470.9 133007 123850 54864.6 80625.2 74579.7 49350.6
log_desv_Rt
 0.437938 0.0233758 -0.0975773 0.31936 -0.00330601 0.745849 -0.293106 -1.34194 -1.38024 -1.08056 -0.551823 0.342109 -0.268749 -0.713618 -0.362734 0.882999 -0.65561 1.11386 1.11291 0.987957 0.949307 1.16108 -0.589812 0.321038 0.487133 -0.671444 0.358839 0.287514 -0.526693 -0.14175 -0.219693 -0.632612
SSB
 788372 537173 237570 137975 200703 286268 469049 203083 171570 67662.8 21770.8 107082 162592 70420.5 9606.48 77255.9 215301 132788 289466 233629 377778 435704 298148 153075 252559 238918 163682 253506 358356 197314 183348 176782
BT
 1.33993e+06 996571 453306 584590 478497 1.22126e+06 835990 472530 403946 251823 214262 551316 501778 428698 446833 782620 498007 1.34395e+06 1.46691e+06 994027 1.67822e+06 1.3551e+06 675100 1.12905e+06 763977 601866 1.13352e+06 984338 634085 686062 613127 524830
Ftot
 0.451298 0.837581 0.831834 0.941192 0.297375 0.423079 1.09475 0.216817 0.984927 2.03312 0.345652 0.930495 1.02592 3.38261 1.23995 1.13182 1.07904 1.02776 1.33878 0.972735 0.776156 1.1379 1.02762 0.884107 0.86874 0.768197 0.72693 0.608852 0.688271 0.694136 1.06526 0.610074
BD_Bspro_t
 0.930338 0.580794 0.311674 0.226475 0.27386 0.398463 0.457256 0.243705 0.275572 0.158182 0.0772183 0.372447 0.323986 0.14414 0.0245503 0.165026 0.251723 0.164057 0.247929 0.188088 0.22566 0.246009 0.200259 0.133064 0.227087 0.252771 0.224205 0.337937 0.399577 0.280507 0.284879 0.25068
BD_Bspro
 1.17891 0.803274 0.355257 0.206324 0.300126 0.428078 0.701404 0.303685 0.256561 0.101181 0.0325555 0.160128 0.243137 0.105305 0.0143653 0.115526 0.321955 0.198568 0.43286 0.349364 0.56492 0.651541 0.445843 0.228904 0.377671 0.357271 0.244766 0.379086 0.535876 0.295058 0.274175 0.264355
BD_Bo
 1.66491 1.13442 0.501709 0.29138 0.423851 0.604551 0.990553 0.428877 0.362327 0.142892 0.0459762 0.22614 0.343368 0.148716 0.0202873 0.163151 0.454679 0.280426 0.611304 0.493386 0.797804 0.920134 0.629638 0.323268 0.533363 0.504554 0.34567 0.535362 0.756788 0.416693 0.387201 0.373333
BD_Brms
 10.073 6.86341 3.03542 1.76289 2.56437 3.65763 5.993 2.59478 2.19213 0.864522 0.278163 1.36818 2.07743 0.899757 0.122741 0.987093 2.75088 1.69662 3.69849 2.98507 4.82684 5.56696 3.80941 1.95582 3.22693 3.05263 2.09136 3.23902 4.57869 2.52106 2.34263 2.25873
Sel_flota
 0.784574 1 1 1 1
 0.784574 1 1 1 1
 0.784574 1 1 1 1
 0.784574 1 1 1 1
 0.784574 1 1 1 1
 0.784574 1 1 1 1
 0.784574 1 1 1 1
 0.784574 1 1 1 1
 0.784574 1 1 1 1
 0.784574 1 1 1 1
 0.784574 1 1 1 1
 0.784574 1 1 1 1
 0.784574 1 1 1 1
 0.784574 1 1 1 1
 0.784574 1 1 1 1
 0.784574 1 1 1 1
 0.784574 1 1 1 1
 0.784574 1 1 1 1
 0.784574 1 1 1 1
 0.784574 1 1 1 1
 0.784574 1 1 1 1
 0.784574 1 1 1 1
 0.784574 1 1 1 1
 0.784574 1 1 1 1
 0.784574 1 1 1 1
 0.784574 1 1 1 1
 0.784574 1 1 1 1
 0.784574 1 1 1 1
 0.784574 1 1 1 1
 0.784574 1 1 1 1
 0.784574 1 1 1 1
 0.784574 1 1 1 1
Sel_reclas
 0.585675 1 1 1 1
 0.585675 1 1 1 1
 0.585675 1 1 1 1
 0.585675 1 1 1 1
 0.585675 1 1 1 1
 0.585675 1 1 1 1
 0.585675 1 1 1 1
 0.585675 1 1 1 1
 0.585675 1 1 1 1
 0.585675 1 1 1 1
 0.585675 1 1 1 1
 0.585675 1 1 1 1
 0.585675 1 1 1 1
 0.585675 1 1 1 1
 0.585675 1 1 1 1
 0.585675 1 1 1 1
 0.585675 1 1 1 1
 0.585675 1 1 1 1
 0.585675 1 1 1 1
 0.585675 1 1 1 1
 0.585675 1 1 1 1
 0.585675 1 1 1 1
 0.585675 1 1 1 1
 0.585675 1 1 1 1
 0.585675 1 1 1 1
 0.585675 1 1 1 1
 0.585675 1 1 1 1
 0.585675 1 1 1 1
 0.585675 1 1 1 1
 0.585675 1 1 1 1
 0.585675 1 1 1 1
 0.585675 1 1 1 1
Sel_pelaces
 0.5 1 1 1 1
 0.5 1 1 1 1
 0.5 1 1 1 1
 0.5 1 1 1 1
 0.5 1 1 1 1
 0.5 1 1 1 1
 0.5 1 1 1 1
 0.5 1 1 1 1
 0.5 1 1 1 1
 0.5 1 1 1 1
 0.5 1 1 1 1
 0.5 1 1 1 1
 0.5 1 1 1 1
 0.5 1 1 1 1
 0.5 1 1 1 1
 0.5 1 1 1 1
 0.5 1 1 1 1
 0.5 1 1 1 1
 0.5 1 1 1 1
 0.5 1 1 1 1
 0.5 1 1 1 1
 0.5 1 1 1 1
 0.5 1 1 1 1
 0.5 1 1 1 1
 0.5 1 1 1 1
 0.5 1 1 1 1
 0.5 1 1 1 1
 0.5 1 1 1 1
 0.5 1 1 1 1
 0.5 1 1 1 1
 0.5 1 1 1 1
 0.5 1 1 1 1
pf_obs 
 0.8446 0.082 0.0669 0.0065 0
 0.8095 0.147 0.0364 0.0071 0
 0.9664 0.0169 0.016 0.0007 0
 0.9276 0.0648 0.0075 0.0001 0
 0.7033 0.2144 0.0806 0.0017 0
 0.9318 0.0425 0.0243 0.0014 0
 0.5671 0.3108 0.0964 0.0239 0.0018
 0.0768 0.2599 0.5324 0.112 0.0189
 0.490249 0.384438 0.106611 0.0170017 0.00170017
 0.7925 0.1577 0.0466 0.003 0.0002
 0.840416 0.127587 0.0312969 0.00059994 9.999e-05
 0.8084 0.0986 0.0794 0.0134 0.0002
 0.7335 0.1905 0.0724 0.0035 0.0001
 0.4001 0.4547 0.1325 0.0127 0
 0.49795 0.308269 0.164784 0.0264974 0.00249975
 0.9179 0.0499 0.0305 0.0017 0
 0.2467 0.6533 0.0926 0.0074 0
 0.9418 0.0223 0.034 0.0019 0
 0.707729 0.231977 0.0356964 0.0245975 0
 0.517169 0.277429 0.184464 0.0207286 0.00020938
 0.811772 0.124168 0.05621 0.00726502 0.000585176
 0.764997 0.148141 0.077277 0.00933861 0.000247198
 0.163321 0.427699 0.378323 0.0303852 0.000271297
 0.753843 0.0900009 0.118128 0.0371064 0.000921714
 0.721811 0.176058 0.0630433 0.0369309 0.00215725
 0.143369 0.312575 0.442814 0.0836902 0.0175525
 0.692698 0.0596174 0.167031 0.0765114 0.00414204
 0.394062 0.376323 0.152708 0.0712218 0.00568511
 0.125707 0.32114 0.495352 0.0537591 0.00404204
 0.23352 0.215282 0.420074 0.123614 0.00750983
 0.796117 0.104755 0.0508955 0.0450114 0.00322123
 0.162477 0.292055 0.404252 0.121198 0.0200186
pf_pred 
 0.662068 0.147719 0.17473 0.0154821 8.42405e-07
 0.608731 0.284087 0.0468519 0.0554191 0.00491072
 0.728542 0.18729 0.0611118 0.0100786 0.0129779
 0.8412 0.125958 0.0226591 0.00739356 0.00278947
 0.745819 0.22495 0.023186 0.00417101 0.00187446
 0.824385 0.139681 0.031802 0.00327788 0.000854669
 0.496249 0.434989 0.0546916 0.012452 0.00161809
 0.516502 0.287377 0.169351 0.0212927 0.0054778
 0.604654 0.230625 0.0979052 0.0576955 0.00912033
 0.830338 0.117244 0.0305779 0.012981 0.00885894
 0.942646 0.0513213 0.00416903 0.00108731 0.000776595
 0.875351 0.119209 0.00486737 0.000395396 0.000176774
 0.702688 0.270731 0.0254204 0.00103793 0.000122011
 0.73748 0.203899 0.0533798 0.00501212 0.000228704
 0.975968 0.020727 0.00256689 0.000672 6.59768e-05
 0.954501 0.044775 0.000624841 7.73822e-05 2.22472e-05
 0.538885 0.446877 0.0140118 0.000195536 3.11778e-05
 0.952368 0.0302102 0.0168836 0.000529382 8.56553e-06
 0.835436 0.159157 0.00342954 0.00191667 6.10692e-05
 0.837099 0.144492 0.0178038 0.000383639 0.000221236
 0.805001 0.172061 0.0203458 0.00250694 8.51722e-05
 0.818211 0.155254 0.0234138 0.00276863 0.00035273
 0.459648 0.47054 0.0596218 0.00899155 0.00119869
 0.876069 0.0689043 0.047917 0.00607154 0.00103771
 0.830712 0.154147 0.00841787 0.00585391 0.00086852
 0.55189 0.392452 0.0506796 0.00276757 0.00221016
 0.880243 0.0761054 0.0382298 0.00493683 0.000484894
 0.770907 0.208895 0.0128358 0.00644778 0.000914419
 0.569857 0.354075 0.069362 0.00426205 0.00244457
 0.786894 0.138427 0.0614725 0.0120423 0.00116437
 0.755259 0.20508 0.0257626 0.0114406 0.00245787
 0.737258 0.215565 0.0395324 0.00496614 0.00267915
pobs_RECLAS
 0 0 0 0 0
 0 0 0 0 0
 0 0 0 0 0
 0 0 0 0 0
 0 0 0 0 0
 0 0 0 0 0
 0 0 0 0 0
 0 0 0 0 0
 0 0 0 0 0
 0 0 0 0 0
 0.991045 0.00858322 0.000360255 1.14367e-05 0
 0.934742 0.0480273 0.0164251 0.00080598 0
 0.827803 0.169806 0.00239088 0 0
 0.941827 0.0461693 0.0120037 0 0
 0.791401 0.0380133 0.147996 0.0225897 0
 0.846168 0.0940531 0.0597789 0 0
 0.134021 0.677848 0.182769 0.00536245 0
 0.80878 0.0450904 0.141981 0.00414843 0
 0.846168 0.0940531 0.0597789 0 0
 0.905697 0.0802665 0.012482 0.00150086 5.37128e-05
 0.989698 0.0102097 9.19794e-05 0 0
 0.975433 0.0193895 0.00387452 0.00125025 5.28907e-05
 0.303575 0.632131 0.0575291 0.00676475 0
 0.966965 0.00978017 0.0227588 0.000495775 0
 0.843318 0.132988 0.00938335 0.0141283 0.000182051
 0.564624 0.303363 0.111486 0.0197234 0.00080311
 0.826376 0.0876187 0.0782897 0.00655872 0.00115652
 0.89761 0.0855135 0.0140674 0.00269457 0.000114338
 0.34875 0.467042 0.161289 0.0227151 0.000203297
 0.318654 0.224769 0.449479 0.00709798 0
 0.937255 0.0296025 0.0250945 0.00804832 0
 0.456809 0.399803 0.12412 0.0192676 0
ppred_RECLAS
 0.596561 0.176354 0.208601 0.0184833 1.0057e-06
 0.543547 0.331415 0.0546572 0.0646517 0.00572882
 0.67253 0.225935 0.0737215 0.0121582 0.0156558
 0.80286 0.156369 0.0281298 0.00917862 0.00346295
 0.687969 0.276147 0.028463 0.0051203 0.00230107
 0.779733 0.175196 0.0398879 0.00411131 0.00107198
 0.432699 0.489865 0.0615913 0.0140229 0.00182222
 0.444775 0.330009 0.194474 0.0244515 0.00629043
 0.540892 0.267821 0.113696 0.0670008 0.0105913
 0.800095 0.138143 0.0360285 0.0152949 0.0104381
 0.925184 0.0669461 0.00543829 0.00141834 0.00101303
 0.843663 0.149515 0.00610476 0.000495914 0.000221714
 0.645895 0.322447 0.0302763 0.0012362 0.000145317
 0.718432 0.218694 0.0572529 0.00537579 0.000245298
 0.969392 0.0263986 0.00326928 0.000855882 8.40304e-05
 0.942102 0.0569759 0.000795107 9.84685e-05 2.83095e-05
 0.474835 0.508949 0.015958 0.000222696 3.55084e-05
 0.939144 0.0385979 0.0215712 0.000676362 1.09437e-05
 0.799185 0.194216 0.00418501 0.00233888 7.45218e-05
 0.798234 0.178966 0.0220515 0.00047517 0.00027402
 0.759145 0.212523 0.0251303 0.00309647 0.000105201
 0.77739 0.190117 0.0286714 0.00339033 0.000431938
 0.396332 0.525675 0.066608 0.0100451 0.00133914
 0.844267 0.0865859 0.0602131 0.00762956 0.001304
 0.789952 0.191262 0.0104447 0.00726338 0.00107764
 0.484542 0.451436 0.0582965 0.00318353 0.00254233
 0.848509 0.0962723 0.0483602 0.00624502 0.000613384
 0.718554 0.256632 0.0157691 0.00792126 0.00112339
 0.502005 0.409927 0.0803034 0.00493436 0.00283018
 0.73755 0.170479 0.0757061 0.0148306 0.00143397
 0.704664 0.247475 0.0310884 0.0138057 0.00296598
 0.680412 0.262204 0.0480854 0.00604059 0.0032588
pobs_PELACES
 0 0 0 0 0
 0 0 0 0 0
 0 0 0 0 0
 0 0 0 0 0
 0 0 0 0 0
 0 0 0 0 0
 0 0 0 0 0
 0 0 0 0 0
 0 0 0 0 0
 0 0 0 0 0
 0 0 0 0 0
 0 0 0 0 0
 0 0 0 0 0
 0 0 0 0 0
 0 0 0 0 0
 0 0 0 0 0
 0.505614 0.472636 0.0217494 0 0
 0 0 0 0 0
 0.443492 0.261883 0.143347 0.151278 0
 0.227955 0.32914 0.350689 0.0885471 0.00366901
 0.970185 0.0296113 0.000203453 0 0
 0.997202 0.00247181 0.000326279 0 0
 0.445219 0.490057 0.0546422 0.010081 0
 0.90214 0.0892962 0.00764917 0.000914606 0
 0 0 0 0 0
 0.581667 0.319106 0.0959925 0.00289975 0.000334073
 0.762889 0.0836404 0.116647 0.0363945 0.000428098
 0.88444 0.0763242 0.0277011 0.0115352 0
 0.521256 0.241999 0.230069 0.00667565 0
 0.616807 0.101726 0.260614 0.0208532 0
 0.833518 0.0704572 0.0857862 0.0102388 0
 0.697417 0.212968 0.0787535 0.0105354 0.000325836
ppred_PELACES
 0.565885 0.189763 0.224462 0.0198886 1.08217e-06
 0.518995 0.349242 0.0575972 0.0681293 0.00603697
 0.650361 0.24123 0.0787122 0.0129813 0.0167156
 0.788018 0.168142 0.0302476 0.00986965 0.00372366
 0.657826 0.302823 0.0312125 0.00561492 0.00252336
 0.75695 0.193317 0.0440136 0.00453656 0.00118285
 0.413096 0.506792 0.0637195 0.0145074 0.00188519
 0.409859 0.350762 0.206704 0.0259891 0.00668601
 0.51894 0.280626 0.119132 0.0702044 0.0110977
 0.797908 0.139655 0.0364228 0.0154623 0.0105523
 0.915396 0.0757045 0.00614977 0.00160389 0.00114556
 0.83114 0.161491 0.00659376 0.000535636 0.000239474
 0.62617 0.340409 0.0319628 0.00130506 0.000153412
 0.73478 0.205996 0.0539288 0.00506367 0.000231056
 0.967245 0.0282503 0.0034986 0.000915915 8.99245e-05
 0.937716 0.0612925 0.000855346 0.000105929 3.04543e-05
 0.454578 0.528581 0.0165736 0.000231287 3.68781e-05
 0.934095 0.0418002 0.0233609 0.000732477 1.18517e-05
 0.788886 0.204177 0.00439964 0.00245883 7.83436e-05
 0.783518 0.192019 0.0236598 0.000509826 0.000294005
 0.739817 0.229577 0.027147 0.00334495 0.000113643
 0.763733 0.20178 0.0304304 0.00359833 0.000458436
 0.376161 0.54324 0.0688336 0.0103808 0.00138389
 0.831322 0.0937836 0.0652185 0.00826379 0.0014124
 0.77351 0.206234 0.0112623 0.00783194 0.00116199
 0.458744 0.474029 0.0612141 0.00334285 0.00266957
 0.834309 0.105297 0.0528934 0.00683042 0.000670882
 0.694751 0.278336 0.0171028 0.00859119 0.0012184
 0.474719 0.432387 0.0847033 0.00520471 0.00298525
 0.71595 0.18451 0.0819367 0.0160511 0.00155198
 0.687226 0.262088 0.032924 0.0146209 0.00314111
 0.654952 0.283092 0.0519161 0.00652181 0.00351841
pobs_pel_tallas
 0 0 0 0 0 0 0 0 0 0 0 0 0 0 0 0 0 0 0 0 0 0 0 0 0 0
 0 0 0 0 0 0 0 0 0 0 0 0 0 0 0 0 0 0 0 0 0 0 0 0 0 0
 0 0 0 0 0 0 0 0 0 0 0 0 0 0 0 0 0 0 0 0 0 0 0 0 0 0
 0 0 0 0 0 0 0 0 0 0 0 0 0 0 0 0 0 0 0 0 0 0 0 0 0 0
 0 0 0 0 0 0 0 0 0 0 0 0 0 0 0 0 0 0 0 0 0 0 0 0 0 0
 0 0 0 0 0 0 0 0 0 0 0 0 0 0 0 0 0 0 0 0 0 0 0 0 0 0
 0 0 0 0 0 0 0 0 0 0 0 0 0 0 0 0 0 0 0 0 0 0 0 0 0 0
 0 0 0 0 0 0 0 0 0 0 0 0 0 0 0 0 0 0 0 0 0 0 0 0 0 0
 0 0 0 0 0 0 0 0 0 0 0 0 0 0 0 0 0 0 0 0 0 0 0 0 0 0
 0 0 0 0 0 0 0 0 0 0 0 0 0 0 0 0 0 0 0 0 0 0 0 0 0 0
 0 0 0 0 0 0 0 0 0 0 0 0 0 0 0 0 0 0 0 0 0 0 0 0 0 0
 0 0 0 0 0 0 0 0 0 0 0 0 0 0 0 0 0 0 0 0 0 0 0 0 0 0
 0.00862536 0 0 0.000197151 0.00414017 0.0128641 0.00837892 0.0270097 0.101434 0.158115 0.152841 0.127902 0.109271 0.109419 0.0830992 0.0579132 0.0238553 0.00714673 0.00463305 0.00128148 0.00103504 0.000492878 0.000147863 0.000147863 4.92878e-05 0
 0 0 0 0 0 0 0 0 0 0 0 0 0 0 0 0 0 0 0 0 0 0 0 0 0 0
 0 0 0 0 0 0 0 0.0054083 0.00873648 0.0413646 0.0450493 0.0745869 0.0622846 0.0627006 0.0613931 0.0827291 0.12552 0.122667 0.0946155 0.0697135 0.0546179 0.0294188 0.0215738 0.0213955 0.0102223 0.00600262
 0 0 0 0 0.00359764 0.0251062 0.0480494 0.140153 0.205849 0.193036 0.1447 0.116669 0.0760912 0.0342217 0.00950174 0.001854 0.000860785 0 0 0 0.000165536 0 0.000143464 0 0 0
 0 0 0 0 0 0 0 0.000145254 0.000435761 0.0275982 0.070085 0.0708112 0.156366 0.174668 0.174014 0.160142 0.0824315 0.0480064 0.0283245 0.00493863 0.00203355 0 0 0 0 0
 0 0 0 0 0 0 0 0 0 0 0 0 0 0 0 0 0 0 0 0 0 0 0 0 0 0
 0 0 1.00437e-05 0.000401748 0.00122533 0.00171747 0.00176769 0.0269171 0.070346 0.194647 0.189555 0.159765 0.064822 0.0314167 0.0384472 0.0292271 0.0345202 0.0313363 0.0194345 0.0106764 0.0143323 0.0359363 0.0279516 0.0138201 0.00172751 0
 0 0.0021121 0.0136068 0.0755702 0.200478 0.177729 0.0527432 0.0373336 0.0318909 0.0142505 0.0149659 0.0166563 0.0217959 0.0798694 0.0677717 0.0528807 0.04013 0.0224614 0.0357745 0.0225083 0.00881397 0.00855152 0.00135912 0.000746735 0 0
 0 0 0 0 5.4009e-05 0.00500934 0.000945158 0.0243581 0.138947 0.33067 0.221406 0.137944 0.0707744 0.0437923 0.0131692 0.00525238 0.0047753 0.00276346 9.45158e-05 9.00151e-06 2.25038e-05 9.00151e-06 4.50075e-06 0 0 0
 0.000866109 0.00284123 0.00948549 0.0512746 0.133035 0.25785 0.225252 0.132002 0.0553304 0.0519788 0.0540692 0.017754 0.00435017 0.00159236 0.00146478 0.000404838 0.000125132 0.000115318 0.000107957 0.000100596 0 0 0 0 0 0
 0 0 0 0 0.00144013 0.00171154 0.00461396 0.0210425 0.0478622 0.0707936 0.0888783 0.103762 0.0637923 0.0337046 0.0602308 0.124433 0.169614 0.0934646 0.0462172 0.0250306 0.0313229 0.00938855 0.002487 0.000210481 0 0
 0 0.00764035 0.051015 0.0998891 0.058973 0.0496711 0.0374665 0.0718981 0.12319 0.153886 0.159021 0.0857701 0.0377988 0.023471 0.0147837 0.00900784 0.00315554 0.000888139 0.00291439 0.00214683 0.00393193 0.00274676 0.000635225 9.99891e-05 0 0
 0 0 0 0 0 0 0 0 0 0 0 0 0 0 0 0 0 0 0 0 0 0 0 0 0 0
 0 0 0 0 0 0 0 0 0 0 0 0 0 0 0 0 0 0 0 0 0 0 0 0 0 0
 0 0 0 0 0 0 0 0 0 0 0 0 0 0 0 0 0 0 0 0 0 0 0 0 0 0
 0 0 0 0 0 0 0 0 0 0 0 0 0 0 0 0 0 0 0 0 0 0 0 0 0 0
 0 0 0 0 0 0 0 0 0 0 0 0 0 0 0 0 0 0 0 0 0 0 0 0 0 0
 0 0 0 0 0 0 0 0 0 0 0 0 0 0 0 0 0 0 0 0 0 0 0 0 0 0
 0 0 0 0 0 0 0 0 0 0 0 0 0 0 0 0 0 0 0 0 0 0 0 0 0 0
 0 0 0 0 0 0 0 0 0 0 0 0 0 0 0 0 0 0 0 0 0 0 0 0 0 0
ppred_pel_tallas
 1.08521e-16 4.66112e-05 0.000453078 0.00301086 0.013687 0.0425853 0.0907332 0.132432 0.13245 0.0908242 0.0428918 0.0145763 0.00525803 0.00540773 0.00959993 0.0161704 0.0241574 0.0321814 0.0387992 0.0432374 0.0456576 0.0466697 0.046572 0.0450497 0.0415629 0.0359865
 1.09606e-16 4.2749e-05 0.000415536 0.00276138 0.0125529 0.0390568 0.0832159 0.121463 0.121497 0.0833805 0.0396098 0.0141505 0.00677371 0.00918119 0.0167111 0.0276168 0.0399235 0.0505328 0.0563377 0.0559698 0.0506286 0.0432385 0.0366137 0.0320606 0.0292452 0.027021
 1.06464e-16 5.35695e-05 0.000520714 0.00346033 0.0157302 0.0489425 0.104278 0.152202 0.152225 0.104392 0.0493255 0.0168374 0.00624312 0.00660755 0.0116489 0.019266 0.0279667 0.0356302 0.0401238 0.0404613 0.0373553 0.0326506 0.0281207 0.0245895 0.0218998 0.0194691
 1.02536e-16 6.4908e-05 0.000630929 0.00419274 0.0190596 0.0593016 0.126349 0.184413 0.18443 0.126428 0.0595678 0.0198285 0.00612328 0.00484732 0.00807864 0.0132689 0.0191462 0.0241586 0.0267699 0.0262746 0.0232089 0.0189679 0.0149485 0.0118887 0.00978881 0.00826321
 1.01969e-16 5.41844e-05 0.000526691 0.00350005 0.0159107 0.0495044 0.105475 0.15395 0.15398 0.105618 0.0499828 0.0172924 0.00696729 0.0080925 0.0144135 0.0237177 0.0341019 0.0427586 0.0468612 0.0451025 0.0384721 0.0295914 0.0211608 0.0147258 0.0104663 0.00777372
 1.01975e-16 6.2349e-05 0.000606055 0.00402745 0.0183082 0.0569637 0.121368 0.177144 0.177163 0.121459 0.05727 0.019193 0.00624952 0.00546072 0.00929347 0.0152942 0.0220924 0.0279177 0.0310005 0.0305089 0.0270188 0.0220815 0.0172595 0.0133948 0.0105344 0.0083292
 1.03743e-16 3.40263e-05 0.000330748 0.00219794 0.00999154 0.0310876 0.0662373 0.0966855 0.0967343 0.0664759 0.0318888 0.0123053 0.00800501 0.0130054 0.0240986 0.0397679 0.0572407 0.0718887 0.0790073 0.0764153 0.0657446 0.0513202 0.0375731 0.0270011 0.0198523 0.0151109
 1.09793e-16 3.37596e-05 0.000328155 0.00218071 0.00991321 0.0308439 0.0657174 0.0959235 0.0959576 0.0658839 0.0314037 0.0115334 0.00625962 0.00927198 0.0171355 0.0285768 0.0418651 0.0541094 0.0623303 0.065076 0.0631333 0.0586887 0.0536947 0.0488253 0.0436688 0.0376454
 1.12429e-16 4.27444e-05 0.000415491 0.00276109 0.0125515 0.0390526 0.0832066 0.121448 0.121475 0.0833395 0.0394994 0.013844 0.00601284 0.00753879 0.0136446 0.0226848 0.0331392 0.04267 0.0489264 0.050861 0.0493074 0.0462614 0.0434638 0.041434 0.0395547 0.0368648
 1.04424e-16 6.57226e-05 0.000638847 0.00424537 0.0192988 0.0600459 0.127935 0.186727 0.186741 0.128001 0.0602674 0.019939 0.00585394 0.00415577 0.00676113 0.0111166 0.016111 0.0204837 0.0230007 0.0231093 0.0212585 0.0185646 0.0160942 0.0143315 0.0131438 0.0121113
 1.00552e-16 7.54e-05 0.000732915 0.00487048 0.0221405 0.0688873 0.146772 0.214219 0.214227 0.146808 0.0690069 0.0224857 0.00573673 0.00262279 0.00366121 0.00592447 0.00850626 0.0106531 0.0116535 0.0111818 0.00949098 0.00724564 0.00513127 0.00354117 0.00251988 0.00190625
 1.00326e-16 6.846e-05 0.000665455 0.00442218 0.0201026 0.0625468 0.133263 0.194505 0.19452 0.133339 0.0628016 0.0208382 0.00626734 0.00468904 0.00769697 0.0125821 0.0180377 0.0225124 0.0244753 0.0232207 0.0192932 0.014139 0.009271 0.00558897 0.00324114 0.00191292
 1.01167e-16 5.15769e-05 0.000501345 0.00333162 0.0151451 0.0471221 0.1004 0.146543 0.146576 0.10056 0.0476598 0.0166977 0.00722749 0.00900115 0.0161796 0.0266277 0.0382604 0.0479143 0.0523939 0.0502129 0.0424764 0.0321414 0.0222771 0.0146747 0.00960011 0.00642402
 1.02156e-16 6.05229e-05 0.000588304 0.00390949 0.017772 0.0552954 0.117813 0.171956 0.171976 0.117911 0.0556219 0.0187156 0.00627978 0.00576845 0.0099154 0.0163399 0.0236323 0.029923 0.0333358 0.0329828 0.0294588 0.0243798 0.019364 0.0152691 0.0121318 0.00959986
 1.00216e-16 7.96707e-05 0.000774428 0.00514634 0.0233945 0.0727891 0.155085 0.226352 0.226354 0.155098 0.0728338 0.0235235 0.00547004 0.00148093 0.00142105 0.00222213 0.00319081 0.00400698 0.00440377 0.00425953 0.00366551 0.00286304 0.00209919 0.00151297 0.00111763 0.000855797
 1.00057e-16 7.72384e-05 0.000750785 0.00498923 0.0226803 0.0705669 0.150351 0.219442 0.219448 0.150379 0.0706636 0.0229593 0.00568895 0.00227618 0.0029681 0.00476848 0.00682374 0.00850092 0.00921318 0.00869202 0.00714775 0.00513742 0.00324633 0.00182636 0.000939228 0.000463865
 1.00643e-16 3.74431e-05 0.00036396 0.00241864 0.0109948 0.0342093 0.0728884 0.106393 0.106444 0.0731368 0.0350431 0.013402 0.00845612 0.013528 0.0249917 0.0411343 0.0589629 0.0735369 0.0798451 0.0755729 0.0625105 0.0454152 0.0292758 0.0170773 0.00933448 0.00502657
 1.00761e-16 7.69401e-05 0.000747886 0.00496996 0.0225927 0.0702944 0.14977 0.218594 0.218598 0.14979 0.0703611 0.0227856 0.00545533 0.00181161 0.00210931 0.00339683 0.00495851 0.00638531 0.0073102 0.00755304 0.00720476 0.00653071 0.00577804 0.00504996 0.00432367 0.00355218
 1.0044e-16 6.49796e-05 0.000631625 0.00419737 0.0190806 0.0593671 0.126489 0.184618 0.184637 0.126584 0.0596891 0.0200103 0.006529 0.00571519 0.00970076 0.0158851 0.0227611 0.0283796 0.0308033 0.0291431 0.0240992 0.0175196 0.0113385 0.00670739 0.00381203 0.00223658
 1.00833e-16 6.45374e-05 0.000627326 0.0041688 0.0189508 0.058963 0.125628 0.183361 0.18338 0.125718 0.0592665 0.0198272 0.00636839 0.00542763 0.00917692 0.0150576 0.0216563 0.0271703 0.0298034 0.0287172 0.0245221 0.0188582 0.01342 0.00918581 0.00629103 0.00439052
 1.01197e-16 6.09378e-05 0.000592337 0.00393629 0.0178938 0.0556744 0.118621 0.173136 0.173158 0.118729 0.0560373 0.0189416 0.00656595 0.00633115 0.0109547 0.0179998 0.0258895 0.0324826 0.0356355 0.0343513 0.0293661 0.0226462 0.0162184 0.0112446 0.00787043 0.0056633
 1.01369e-16 6.29077e-05 0.000611485 0.00406354 0.0184723 0.0574741 0.122455 0.178731 0.178751 0.12255 0.0577933 0.019394 0.00637722 0.0056624 0.00965579 0.0158638 0.0228462 0.0287268 0.0316323 0.0306891 0.026531 0.0208537 0.0153935 0.0111285 0.00816217 0.00611787
 1.03401e-16 3.0984e-05 0.000301176 0.00200142 0.00909821 0.0283082 0.0603155 0.0880432 0.0880955 0.0605712 0.0291669 0.0115782 0.00822582 0.0138863 0.0258233 0.0426196 0.0613375 0.0770137 0.0845959 0.0817333 0.0701642 0.0545204 0.0395611 0.0279913 0.0201185 0.0148987
 1.02974e-16 6.84749e-05 0.0006656 0.00442315 0.020107 0.0625604 0.133292 0.194545 0.194554 0.133336 0.0627104 0.0205413 0.00551738 0.00306739 0.00466821 0.00770893 0.0113307 0.0147322 0.0171299 0.0181378 0.0179444 0.0170835 0.016008 0.0148341 0.0134178 0.0116155
 1.0136e-16 6.37131e-05 0.000619314 0.00411556 0.0187087 0.0582099 0.124023 0.18102 0.181039 0.12412 0.0585355 0.0196487 0.00647366 0.00576275 0.00981941 0.0160998 0.02311 0.0289033 0.0315448 0.0301506 0.0254235 0.0191982 0.0133695 0.00902804 0.00629606 0.00471661
 1.02675e-16 3.77863e-05 0.000367296 0.00244081 0.0110956 0.0345228 0.0735562 0.107367 0.107413 0.0737793 0.0352721 0.0132597 0.00787215 0.0122214 0.0225432 0.0371878 0.0535151 0.0671818 0.073772 0.0712258 0.0610515 0.0472874 0.0340933 0.0238498 0.0168559 0.0122318
 1.02352e-16 6.87209e-05 0.000667992 0.00443904 0.0201792 0.0627852 0.133771 0.195245 0.195255 0.133821 0.0629529 0.0206645 0.00566008 0.00334303 0.00517688 0.00852198 0.0124376 0.0159899 0.0182634 0.0188164 0.0179016 0.0162189 0.0144175 0.0127626 0.0111709 0.00947093
 1.01633e-16 5.72258e-05 0.000556255 0.00369651 0.0168038 0.0522831 0.111396 0.162591 0.162618 0.111527 0.0527225 0.0180726 0.00687952 0.00749925 0.013227 0.0217339 0.0312041 0.0390336 0.0426115 0.0407401 0.0343591 0.0259345 0.0180161 0.0120764 0.00829285 0.0060697
 1.03583e-16 3.91021e-05 0.000380086 0.00252581 0.011482 0.0357249 0.0761173 0.111104 0.111146 0.0763211 0.0364094 0.0134593 0.00749054 0.011223 0.020646 0.0341061 0.0492084 0.062043 0.0686289 0.067095 0.0587543 0.0471462 0.035869 0.0269119 0.0204518 0.0157167
 1.04285e-16 5.89719e-05 0.000573228 0.0038093 0.0173166 0.0538783 0.114794 0.167549 0.167567 0.114881 0.054172 0.0181658 0.00594548 0.00525089 0.00898487 0.0148705 0.0216727 0.0277902 0.0316153 0.0323826 0.0305682 0.0274534 0.0242361 0.0214205 0.0188554 0.0161879
 1.03016e-16 5.66059e-05 0.00055023 0.00365647 0.0166218 0.0517168 0.110189 0.160829 0.160855 0.110312 0.0521311 0.0178186 0.00666038 0.00710728 0.0125083 0.020586 0.0296432 0.0372668 0.0410384 0.0398497 0.0345619 0.0274163 0.0206861 0.0156176 0.0122712 0.0100501
 1.02821e-16 5.39476e-05 0.00052439 0.00348475 0.0158412 0.049288 0.105014 0.153277 0.153305 0.105148 0.049736 0.0171355 0.00673437 0.00762101 0.0135395 0.0223182 0.0321909 0.0405743 0.0448634 0.0438433 0.0383906 0.0308437 0.0235737 0.0178818 0.0138595 0.0109582
pSPR Fmed_Fpbrs
0.545522   0.215285 0.215285
Fs Fmed_Fpbrs
0.34   1.005 1.005
SSBpbr Bo_Bmed_Bpbrs
473523  234641  78266.1 78266.1
Ro
92903.5
SPR SPRFo_SPRFmed_SPRFpbrs
668729 364806 143967
Fref
1.005
Nvult_r0
 41098.6 10293 1887.63 237.128 127.926
CTP_r0
 18119.2 5159.33 946.167 118.859 64.1227
YTP_r0
317166
Np
 91508.7 15301.3 1514.83 320.146 66.6176
Nvult_p0
 76207.4 13240.8 1310.84 277.035 57.6468
CTP_p0
 33597.7 4879.35 1031.21 189.113 28.5051
 33597.7 6636.92 657.055 138.863 28.8953
YTP_p0
 370220 390324
CBA_c0
333082
log_Ro
11.2593
likeval ReclasPelacesDesembMPH_pf_preclas_ppelaces_ptallas_desvR_qrecl_qpela
 22.3536 21.7377 0.0211322 65.2301 263.201 138.195 120.713 0 22.1732 0.000137562 0.000237143 0.0277523 0 0 0
q_reclas_q_pelaces
5.25241 8.82695
M
1
N
 143955 26165.2 30949.7 2742.32 0.149214
 95100.8 37167 6129.61 7250.46 642.467
 84266.5 18134.1 5917.07 975.847 1256.57
 127858 16140.8 2903.62 947.439 357.454
 92596.9 22476.9 2316.73 416.765 187.295
 195862 26975.9 6141.77 633.042 165.058
 69300.7 51700.8 6500.4 1479.99 192.319
 24279.3 10799.9 6364.39 800.202 205.861
 23366.8 7534.66 3198.63 1884.95 297.967
 31532.1 3969.21 1035.19 439.461 299.912
 53503.1 2353.43 191.179 49.8604 35.6122
 130800 15007.5 612.763 49.7771 22.2545
 71009.4 23187.8 2177.23 88.8975 10.4501
 45510.5 11680.3 3057.85 287.118 13.1012
 64639.6 1178.26 145.919 38.2009 3.75056
 224654 8988.95 125.442 15.5351 4.46632
 48228.5 34007 1066.29 14.8802 2.37261
 282992 7609.23 4252.58 133.339 2.15746
 282723 46481.9 1001.6 559.765 17.8353
 249515 36382.9 4482.97 96.5998 55.7069
 240055 42791.3 5059.98 623.473 21.1822
 296677 48034.4 7244.04 856.592 109.132
 51508.6 44695.7 5663.36 854.09 113.861
 128073 8461.33 5884.13 745.574 127.429
 151214 23545.9 1285.82 894.18 132.666
 47470.9 28137.5 3633.55 198.426 158.461
 133007 9558.3 4801.39 620.031 60.8992
 123850 27662.3 1699.75 853.829 121.089
 54864.6 28258.3 5535.7 340.149 195.098
 80625.2 11761.9 5223.22 1023.21 98.9344
 74579.7 17205.2 2161.35 959.809 206.203
 49350.6 11894.7 2181.37 274.028 147.834
pred_Ctot
 27923.9 6230.3 7369.56 652.985 0.0355299
 30521.3 14243.9 2349.12 2778.67 246.22
 26903.2 6916.14 2256.71 372.177 479.242
 44762.8 6702.62 1205.76 393.434 148.436
 12413.9 3744.21 385.922 69.425 31.1997
 35927 6087.33 1385.94 142.851 37.2468
 27030.4 23693.6 2979.02 678.252 88.1365
 2434.31 1354.42 798.162 100.354 25.8172
 8455.49 3225.06 1369.11 806.815 127.539
 17935 2532.44 660.474 280.385 191.35
 8212.46 447.119 36.3212 9.47275 6.76581
 45410.2 6184.16 252.502 20.5117 9.17044
 26458.1 10193.8 957.147 39.0808 4.59403
 32199.4 8902.53 2330.64 218.836 9.98555
 27442.1 582.798 72.1755 18.8952 1.85513
 89668.2 4206.27 58.6992 7.26948 2.08996
 18622.4 15442.8 484.208 6.75719 1.07742
 105578 3349.05 1871.69 58.6864 0.949562
 126196 24041.3 518.046 289.521 9.22476
 89479 15445 1903.08 41.0078 23.6483
 72675.5 15533.7 1836.82 226.327 7.68935
 118853 22552 3401.06 402.168 51.2372
 19214.8 19670.1 2492.39 375.876 50.1091
 42809.9 3367.07 2341.51 296.691 50.7088
 49885.9 9256.85 505.51 351.539 52.1563
 14257.3 10138.4 1309.23 71.4961 57.0961
 38260.2 3307.96 1661.68 214.582 21.0762
 30901.9 8373.56 514.525 258.46 36.6546
 15113.9 9390.88 1839.64 113.039 64.8356
 22360.9 3933.64 1746.84 342.201 33.0874
 28538.6 7749.26 973.479 432.301 92.8746
 12333.6 3606.2 661.34 83.0789 44.8197
F
 0.354077 0.451298 0.451298 0.451298 0.451298
 0.657144 0.837581 0.837581 0.837581 0.837581
 0.652636 0.831834 0.831834 0.831834 0.831834
 0.738435 0.941192 0.941192 0.941192 0.941192
 0.233312 0.297375 0.297375 0.297375 0.297375
 0.331937 0.423079 0.423079 0.423079 0.423079
 0.858916 1.09475 1.09475 1.09475 1.09475
 0.170109 0.216817 0.216817 0.216817 0.216817
 0.772749 0.984927 0.984927 0.984927 0.984927
 1.59513 2.03312 2.03312 2.03312 2.03312
 0.271189 0.345652 0.345652 0.345652 0.345652
 0.730042 0.930495 0.930495 0.930495 0.930495
 0.804908 1.02592 1.02592 1.02592 1.02592
 2.65391 3.38261 3.38261 3.38261 3.38261
 0.972831 1.23995 1.23995 1.23995 1.23995
 0.887993 1.13182 1.13182 1.13182 1.13182
 0.846589 1.07904 1.07904 1.07904 1.07904
 0.806357 1.02776 1.02776 1.02776 1.02776
 1.05037 1.33878 1.33878 1.33878 1.33878
 0.763183 0.972735 0.972735 0.972735 0.972735
 0.608952 0.776156 0.776156 0.776156 0.776156
 0.892766 1.1379 1.1379 1.1379 1.1379
 0.806243 1.02762 1.02762 1.02762 1.02762
 0.693648 0.884107 0.884107 0.884107 0.884107
 0.681591 0.86874 0.86874 0.86874 0.86874
 0.602707 0.768197 0.768197 0.768197 0.768197
 0.570331 0.72693 0.72693 0.72693 0.72693
 0.47769 0.608852 0.608852 0.608852 0.608852
 0.54 0.688271 0.688271 0.688271 0.688271
 0.544601 0.694136 0.694136 0.694136 0.694136
 0.835773 1.06526 1.06526 1.06526 1.06526
 0.478648 0.610074 0.610074 0.610074 0.610074
YTP_r0W_actual
 155825 127951 26398.1 4433.46 2558.49
YTP_p0W_proyectada
 253326 85144.7 24821.2 5923.02 1004.81
 253326 115814 15815.3 4349.19 1018.56
CTP_r0_actual
 18119.2 5159.33 946.167 118.859 64.1227
CTP_p0_proyectada
 33597.7 4879.35 1031.21 189.113 28.5051
 33597.7 6636.92 657.055 138.863 28.8953
Wmedp
 7.54 17.45 24.07 31.32 35.25
Frms_r0
 0.788497 1.005 1.005 1.005 1.005
Zrms_r0
 1.7885 2.005 2.005 2.005 2.005
nmprior
 7.29 8.9 8.7 0
nm_flota  nm_reclas  nm_pelaces    nm_pelaL
inf 9.25806 11.3467 29.9791
cv_recla  cv_pelaces  cv_mph
0.41826 0.510737 0.659445
 ------------------------------------------------
Talla a la edad & desviaci?n 
 8 13.2811 15.8009 17.003 17.5766
 0.8 1.32811 1.58009 1.7003 1.75766
