years
 1991 1992 1993 1994 1995 1996 1997 1998 1999 2000 2001 2002 2003 2004 2005 2006 2007 2008 2009 2010 2011 2012 2013 2014 2015 2016 2017 2018 2019 2020 2021
reclasobs
 0 0 0 0 0 0 0 0 0 252601 567819 844713 477998 351125 339783 2.1784e+06 2.13404e+06 4.81314e+06 1.55562e+06 2.62356e+06 3.21686e+06 3.843e+06 1.13348e+06 3.07943e+06 1.97215e+06 2.03268e+06 2.025e+06 2.42433e+06 2.27542e+06 1.05018e+06 2.36338e+06
reclaspred
 3.31499e+06 1.79661e+06 907025 961305 991997 1.77821e+06 967953 828109 574455 374338 605147 952380 725690 230897 623480 1.41939e+06 1.18188e+06 2.36347e+06 1.97886e+06 1.90894e+06 3.37575e+06 2.59772e+06 1.82362e+06 2.74504e+06 2.11899e+06 1.85961e+06 2.34315e+06 2.65623e+06 2.20143e+06 1.6657e+06 2.27066e+06
pelacesobs
 0 0 0 0 0 0 0 0 0 0 0 0 0 0 0 552880 188675 0 991730 2.46772e+06 1.41603e+06 1.21717e+06 2.29649e+06 1.80582e+06 0 1.4828e+06 1.56532e+06 1.57751e+06 1.42118e+06 867257 1.10002e+06
pelacespred
 2.01112e+06 1.17862e+06 572362 467529 542704 973185 487291 552323 346156 199704 341854 469319 392975 91974.1 329610 643671 590833 1.24532e+06 1.06232e+06 921477 1.76044e+06 1.44126e+06 1.08284e+06 1.68601e+06 1.27312e+06 1.14394e+06 1.58561e+06 1.61381e+06 1.3142e+06 1.10861e+06 1.23168e+06
mphobs
 0 0 0 0 0 0 0 0 0 0 0 0 498337 0 5186 125008 0 168611 109162 213762 579715 649985 157893 87575 83554 210694 70296 0 107559 103333 445601
mphpred
 681093 457016 216319 120433 135605 168877 236347 121190 110235 65790.1 38941.7 102561 135839 64614.7 12865.7 74244.5 207079 168190 272477 313608 467008 549967 139064 106306 156837 130544 110511 130688 191513 143346 92290.3
desembarqueobs
 494567 514787 250237 358949 120608 361735 552515 73892 212993 205616 52469 317467 293654 387597 252695 516296 358380 742168 942051 627588 828172 859565 418607 520667 417249 300574 415391 372974 316634 284311 391294
desembarquepred
 494568 514020 250598 358978 120613 361738 552529 73897.4 213058 205673 52470.5 317457 293795 387942 252621 516204 358420 742021 941521 627278 828249 859550 418631 520723 417201 300582 415385 372937 316580 284227 391259
Reclutas
 163646 91452.1 90081.4 136814 110391 204069 79552.1 33152.1 32067.3 43546.8 93526 151361 69817.1 37675.5 91313.4 319292 63778.8 386542 316030 321297 338088 430209 77885.6 224491 228707 85321.8 211539 244654 97463.5 94744.8 212800
log_desv_Rt
 0.24579 -0.336101 -0.351202 0.0667087 -0.147891 0.466542 -0.475503 -1.35081 -1.38408 -1.07808 -0.313677 0.167752 -0.606038 -1.22291 -0.337618 0.914191 -0.696496 1.10533 0.90392 0.920449 0.97139 1.21236 -0.496675 0.561918 0.580527 -0.405486 0.502496 0.647927 -0.272438 -0.300729 0.508436
SSB
 1.70602e+06 1.14474e+06 541840 301664 339666 423007 592006 303558 276120 164792 97541.8 256898 323771 156691 31089.1 179779 518696 421285 707656 541124 826604 1.02589e+06 900905 659909 909884 805209 640887 728395 1.1075e+06 778691 571561
BT
 2.47322e+06 1.70746e+06 826067 816314 688167 1.42431e+06 1.00482e+06 673316 588463 419104 444939 800313 694224 500409 653239 1.19357e+06 919632 2.12731e+06 2.11458e+06 1.56513e+06 2.69588e+06 2.39379e+06 1.51848e+06 2.43493e+06 1.76709e+06 1.49809e+06 2.25166e+06 2.18777e+06 1.64054e+06 1.45842e+06 1.72712e+06
Ftot
 0.240207 0.443888 0.437291 0.640211 0.209509 0.366778 0.866111 0.152048 0.615739 0.894556 0.168674 0.585762 0.655125 2.23799 0.796053 0.692547 0.488117 0.580333 0.809429 0.587733 0.430766 0.567253 0.367569 0.34678 0.335854 0.266981 0.323443 0.260146 0.22894 0.283931 0.317484
BD_Bspro_t
 0.962296 0.747379 0.523426 0.421542 0.422382 0.526399 0.534221 0.333429 0.389667 0.319144 0.271094 0.582176 0.489886 0.271838 0.0767812 0.316891 0.44832 0.380561 0.443068 0.350423 0.395286 0.441396 0.438583 0.404385 0.519689 0.545553 0.544358 0.605209 0.681109 0.608658 0.568994
BD_Bspro
 1.86752 1.25311 0.593133 0.330221 0.371821 0.463051 0.648049 0.332294 0.302259 0.180393 0.106776 0.281217 0.354421 0.171525 0.0340321 0.196798 0.567798 0.461166 0.774647 0.59235 0.904855 1.12301 0.986189 0.72238 0.996019 0.881435 0.701556 0.797349 1.21234 0.852406 0.625668
BD_Bo
 1.4916 1.00087 0.473739 0.263749 0.296976 0.369842 0.517601 0.265406 0.241416 0.144081 0.0852823 0.22461 0.283078 0.136998 0.0271817 0.157184 0.453504 0.368336 0.618715 0.473114 0.722713 0.896952 0.787676 0.576969 0.795526 0.704007 0.560337 0.636847 0.968305 0.680822 0.499725
BD_Brms
 2.71199 1.81976 0.861344 0.479544 0.539956 0.67244 0.941092 0.482556 0.438938 0.261965 0.155059 0.408381 0.514687 0.249087 0.0494213 0.285789 0.824553 0.669702 1.12494 0.860206 1.31402 1.63082 1.43214 1.04903 1.44641 1.28001 1.0188 1.1579 1.76055 1.23786 0.908591
Sel_flota
 0.717181 1 1 1 1
 0.717181 1 1 1 1
 0.717181 1 1 1 1
 0.717181 1 1 1 1
 0.717181 1 1 1 1
 0.717181 1 1 1 1
 0.717181 1 1 1 1
 0.717181 1 1 1 1
 0.717181 1 1 1 1
 0.717181 1 1 1 1
 0.717181 1 1 1 1
 0.717181 1 1 1 1
 0.717181 1 1 1 1
 0.717181 1 1 1 1
 0.717181 1 1 1 1
 0.717181 1 1 1 1
 0.717181 1 1 1 1
 0.717181 1 1 1 1
 0.717181 1 1 1 1
 0.717181 1 1 1 1
 0.717181 1 1 1 1
 0.717181 1 1 1 1
 0.717181 1 1 1 1
 0.717181 1 1 1 1
 0.717181 1 1 1 1
 0.717181 1 1 1 1
 0.717181 1 1 1 1
 0.717181 1 1 1 1
 0.717181 1 1 1 1
 0.717181 1 1 1 1
 0.717181 1 1 1 1
Sel_reclas
 1 1 1 1 1
 1 1 1 1 1
 1 1 1 1 1
 1 1 1 1 1
 1 1 1 1 1
 1 1 1 1 1
 1 1 1 1 1
 1 1 1 1 1
 1 1 1 1 1
 1 1 1 1 1
 1 1 1 1 1
 1 1 1 1 1
 1 1 1 1 1
 1 1 1 1 1
 1 1 1 1 1
 1 1 1 1 1
 1 1 1 1 1
 1 1 1 1 1
 1 1 1 1 1
 1 1 1 1 1
 1 1 1 1 1
 1 1 1 1 1
 1 1 1 1 1
 1 1 1 1 1
 1 1 1 1 1
 1 1 1 1 1
 1 1 1 1 1
 1 1 1 1 1
 1 1 1 1 1
 1 1 1 1 1
 1 1 1 1 1
Sel_pelaces
 0.781626 0.947405 0.989089 0.997813 0.999565
 0.781626 0.947405 0.989089 0.997813 0.999565
 0.781626 0.947405 0.989089 0.997813 0.999565
 0.781626 0.947405 0.989089 0.997813 0.999565
 0.781626 0.947405 0.989089 0.997813 0.999565
 0.781626 0.947405 0.989089 0.997813 0.999565
 0.781626 0.947405 0.989089 0.997813 0.999565
 0.781626 0.947405 0.989089 0.997813 0.999565
 0.781626 0.947405 0.989089 0.997813 0.999565
 0.781626 0.947405 0.989089 0.997813 0.999565
 0.781626 0.947405 0.989089 0.997813 0.999565
 0.781626 0.947405 0.989089 0.997813 0.999565
 0.781626 0.947405 0.989089 0.997813 0.999565
 0.781626 0.947405 0.989089 0.997813 0.999565
 0.781626 0.947405 0.989089 0.997813 0.999565
 0.781626 0.947405 0.989089 0.997813 0.999565
 0.781626 0.947405 0.989089 0.997813 0.999565
 0.781626 0.947405 0.989089 0.997813 0.999565
 0.781626 0.947405 0.989089 0.997813 0.999565
 0.781626 0.947405 0.989089 0.997813 0.999565
 0.781626 0.947405 0.989089 0.997813 0.999565
 0.781626 0.947405 0.989089 0.997813 0.999565
 0.781626 0.947405 0.989089 0.997813 0.999565
 0.781626 0.947405 0.989089 0.997813 0.999565
 0.781626 0.947405 0.989089 0.997813 0.999565
 0.781626 0.947405 0.989089 0.997813 0.999565
 0.781626 0.947405 0.989089 0.997813 0.999565
 0.781626 0.947405 0.989089 0.997813 0.999565
 0.781626 0.947405 0.989089 0.997813 0.999565
 0.781626 0.947405 0.989089 0.997813 0.999565
 0.781626 0.947405 0.989089 0.997813 0.999565
pf_obs 
 0.8446 0.082 0.0669 0.0065 0
 0.8095 0.147 0.0364 0.0071 0
 0.9664 0.0169 0.016 0.0007 0
 0.9276 0.0648 0.0075 0.0001 0
 0.7033 0.2144 0.0806 0.0017 0
 0.9318 0.0425 0.0243 0.0014 0
 0.5671 0.3108 0.0964 0.0239 0.0018
 0.0768 0.2599 0.5324 0.112 0.0189
 0.490249 0.384438 0.106611 0.0170017 0.00170017
 0.7925 0.1577 0.0466 0.003 0.0002
 0.840416 0.127587 0.0312969 0.00059994 9.999e-05
 0.8084 0.0986 0.0794 0.0134 0.0002
 0.7335 0.1905 0.0724 0.0035 0.0001
 0.4001 0.4547 0.1325 0.0127 0
 0.49795 0.308269 0.164784 0.0264974 0.00249975
 0.9179 0.0499 0.0305 0.0017 0
 0.2467 0.6533 0.0926 0.0074 0
 0.9418 0.0223 0.034 0.0019 0
 0.707729 0.231977 0.0356964 0.0245975 0
 0.517169 0.277429 0.184464 0.0207286 0.00020938
 0.811772 0.124168 0.05621 0.00726502 0.000585176
 0.764997 0.148141 0.077277 0.00933861 0.000247198
 0.163321 0.427699 0.378323 0.0303852 0.000271297
 0.753843 0.0900009 0.118128 0.0371064 0.000921714
 0.721811 0.176058 0.0630433 0.0369309 0.00215725
 0.143369 0.312575 0.442814 0.0836902 0.0175525
 0.692698 0.0596174 0.167031 0.0765114 0.00414204
 0.394062 0.376323 0.152708 0.0712218 0.00568511
 0.125707 0.32114 0.495352 0.0537591 0.00404204
 0.23352 0.215282 0.420074 0.123614 0.00750983
 0.796117 0.104755 0.0508955 0.0450114 0.00322123
pf_pred 
 0.515341 0.142714 0.319107 0.0228364 8.85024e-07
 0.451994 0.332604 0.0634279 0.141824 0.0101498
 0.605445 0.218559 0.106819 0.0203704 0.0488077
 0.751593 0.173306 0.0416015 0.0203324 0.0131677
 0.677876 0.265845 0.0392645 0.00942532 0.00758985
 0.766503 0.175697 0.0477015 0.00704537 0.00305309
 0.472663 0.43757 0.0675464 0.0183387 0.00388233
 0.477416 0.310266 0.176175 0.0271956 0.00894667
 0.559897 0.249309 0.113277 0.0643211 0.0131955
 0.749675 0.16624 0.0476325 0.0216425 0.0148101
 0.870745 0.107385 0.0145243 0.00416163 0.00318485
 0.774574 0.204285 0.017564 0.00237562 0.0012016
 0.552501 0.376579 0.0642682 0.00552564 0.0011254
 0.570612 0.282986 0.1232 0.0210257 0.00217592
 0.950032 0.037196 0.00841722 0.00366449 0.000690115
 0.926291 0.0713748 0.00173754 0.000393195 0.000203417
 0.391158 0.579591 0.0283247 0.000689534 0.000236762
 0.898068 0.050324 0.0491285 0.00240092 7.85167e-05
 0.709923 0.270211 0.00980788 0.00957487 0.000483228
 0.75059 0.198986 0.0469702 0.00170488 0.00174838
 0.729631 0.222537 0.0381617 0.009008 0.000662269
 0.74231 0.206698 0.041971 0.0071974 0.00182384
 0.310665 0.562534 0.101709 0.0206526 0.00443906
 0.75298 0.0990417 0.120759 0.0218338 0.00538639
 0.683996 0.258656 0.0229936 0.0280354 0.00631947
 0.420782 0.441192 0.112977 0.0100432 0.0150056
 0.757458 0.124797 0.0896869 0.0229662 0.00509201
 0.706366 0.241216 0.026971 0.0193831 0.00606393
 0.42773 0.445254 0.104342 0.0116667 0.0110075
 0.545264 0.236456 0.169832 0.0397988 0.00864856
 0.779879 0.140211 0.0415521 0.0298443 0.00851358
pobs_RECLAS
 0 0 0 0 0
 0 0 0 0 0
 0 0 0 0 0
 0 0 0 0 0
 0 0 0 0 0
 0 0 0 0 0
 0 0 0 0 0
 0 0 0 0 0
 0 0 0 0 0
 0 0 0 0 0
 0.991045 0.00858322 0.000360255 1.14367e-05 0
 0.934742 0.0480273 0.0164251 0.00080598 0
 0.827803 0.169806 0.00239088 0 0
 0.941827 0.0461693 0.0120037 0 0
 0.791401 0.0380133 0.147996 0.0225897 0
 0.846168 0.0940531 0.0597789 0 0
 0.134021 0.677848 0.182769 0.00536245 0
 0.80878 0.0450904 0.141981 0.00414843 0
 0.846168 0.0940531 0.0597789 0 0
 0.905697 0.0802665 0.012482 0.00150086 5.37128e-05
 0.989698 0.0102097 9.19794e-05 0 0
 0.975433 0.0193895 0.00387452 0.00125025 5.28907e-05
 0.303575 0.632131 0.0575291 0.00676475 0
 0.966965 0.00978017 0.0227588 0.000495775 0
 0.843318 0.132988 0.00938335 0.0141283 0.000182051
 0.564624 0.303363 0.111486 0.0197234 0.00080311
 0.826376 0.0876187 0.0782897 0.00655872 0.00115652
 0.89761 0.0855135 0.0140674 0.00269457 0.000114338
 0.34875 0.467042 0.161289 0.0227151 0.000203297
 0.318654 0.224769 0.449479 0.00709798 0
 0.937255 0.0296025 0.0250945 0.00804832 0
ppred_RECLAS
 0.598803 0.118138 0.264154 0.0189038 7.32616e-07
 0.538379 0.280174 0.0534295 0.119468 0.00854986
 0.684467 0.174785 0.0854247 0.0162906 0.0390323
 0.811846 0.131269 0.0315108 0.0154006 0.00997378
 0.7469 0.20888 0.0308509 0.00740567 0.0059635
 0.82232 0.133697 0.0362984 0.00536117 0.00232325
 0.563867 0.361891 0.055864 0.015167 0.00321087
 0.561192 0.260528 0.147932 0.0228359 0.00751243
 0.644404 0.201437 0.0915261 0.0519702 0.0106617
 0.812261 0.124677 0.0357235 0.0162315 0.0111073
 0.90417 0.0796151 0.0107683 0.00308543 0.00236125
 0.830159 0.153913 0.0132331 0.00178984 0.000905311
 0.637933 0.304687 0.0519988 0.00447074 0.000910547
 0.67972 0.211079 0.0918947 0.015683 0.00162302
 0.964693 0.0262826 0.00594758 0.00258932 0.000487633
 0.947274 0.0510565 0.00124292 0.000281264 0.00014551
 0.476463 0.498384 0.0243561 0.000592924 0.000203589
 0.926091 0.0364893 0.0356224 0.00174087 5.69314e-05
 0.778736 0.206111 0.00748121 0.00730348 0.000368594
 0.810657 0.151063 0.0356582 0.00129429 0.00132731
 0.792271 0.170979 0.0293203 0.006921 0.000508833
 0.803706 0.157451 0.0319712 0.00548259 0.0013893
 0.388528 0.498994 0.0902209 0.0183198 0.00393765
 0.811122 0.0757299 0.0923352 0.0166947 0.00411857
 0.752976 0.202194 0.0179743 0.0219156 0.00493999
 0.505103 0.376965 0.0965299 0.00858117 0.0128212
 0.814679 0.0953545 0.0685278 0.017548 0.00389069
 0.771631 0.187602 0.0209762 0.0150748 0.00471611
 0.511901 0.379765 0.0889948 0.00995075 0.00938847
 0.627638 0.193623 0.139067 0.0325893 0.0070819
 0.832947 0.106408 0.0315344 0.0226492 0.00646105
pobs_PELACES
 0 0 0 0 0
 0 0 0 0 0
 0 0 0 0 0
 0 0 0 0 0
 0 0 0 0 0
 0 0 0 0 0
 0 0 0 0 0
 0 0 0 0 0
 0 0 0 0 0
 0 0 0 0 0
 0 0 0 0 0
 0 0 0 0 0
 0 0 0 0 0
 0 0 0 0 0
 0 0 0 0 0
 0 0 0 0 0
 0.505614 0.472636 0.0217494 0 0
 0 0 0 0 0
 0.443492 0.261883 0.143347 0.151278 0
 0.227955 0.32914 0.350689 0.0885471 0.00366901
 0.970185 0.0296113 0.000203453 0 0
 0.997202 0.00247181 0.000326279 0 0
 0.445219 0.490057 0.0546422 0.010081 0
 0.90214 0.0892962 0.00764917 0.000914606 0
 0 0 0 0 0
 0.581667 0.319106 0.0959925 0.00289975 0.000334073
 0.762889 0.0836404 0.116647 0.0363945 0.000428098
 0.88444 0.0763242 0.0277011 0.0115352 0
 0.521256 0.241999 0.230069 0.00667565 0
 0.616807 0.101726 0.260614 0.0208532 0
 0.833518 0.0704572 0.0857862 0.0102388 0
ppred_PELACES
 0.549725 0.128544 0.300068 0.0216633 8.41033e-07
 0.495802 0.30005 0.0597373 0.13475 0.00966049
 0.646022 0.19196 0.0979468 0.0188433 0.0452279
 0.788334 0.145542 0.036474 0.0179836 0.011667
 0.711189 0.236409 0.0364532 0.00882765 0.00712104
 0.796211 0.151628 0.0429779 0.00640369 0.0027799
 0.53432 0.383383 0.0617856 0.0169226 0.00358883
 0.512364 0.284246 0.168502 0.0262405 0.00864763
 0.608047 0.217519 0.103182 0.0591052 0.0121467
 0.792458 0.135627 0.0405707 0.0185965 0.012748
 0.886939 0.0931835 0.0131581 0.00380341 0.00291582
 0.809197 0.172172 0.0154542 0.0021087 0.00106846
 0.605422 0.3297 0.0587433 0.00509517 0.00103954
 0.679967 0.207696 0.0944 0.0162527 0.00168492
 0.959985 0.0294316 0.00695322 0.00305383 0.000576121
 0.940436 0.0575931 0.00146373 0.000334154 0.000173176
 0.439513 0.532425 0.0271645 0.000667124 0.000229469
 0.91433 0.0413646 0.0421586 0.00207847 6.80911e-05
 0.757345 0.225285 0.00853697 0.00840766 0.000425065
 0.787144 0.168302 0.0414753 0.00151871 0.00156019
 0.764667 0.192139 0.0343988 0.00819138 0.000603288
 0.779234 0.175494 0.0372026 0.00643597 0.00163375
 0.349791 0.526164 0.0993191 0.0203451 0.00438064
 0.780792 0.0855456 0.108892 0.019862 0.00490854
 0.72002 0.22712 0.0210785 0.025927 0.00585448
 0.460609 0.406414 0.10865 0.00974378 0.0145838
 0.785216 0.108086 0.0810953 0.0209493 0.00465298
 0.739008 0.212554 0.0248118 0.0179886 0.00563756
 0.466679 0.410774 0.100497 0.0113359 0.0107142
 0.582818 0.212231 0.159139 0.0376219 0.00818986
 0.806347 0.121212 0.0375022 0.0271731 0.00776517
pobs_pel_tallas
 0 0 0 0 0 0 0 0 0 0 0 0 0 0 0 0 0 0 0 0 0 0 0 0 0 0
 0 0 0 0 0 0 0 0 0 0 0 0 0 0 0 0 0 0 0 0 0 0 0 0 0 0
 0 0 0 0 0 0 0 0 0 0 0 0 0 0 0 0 0 0 0 0 0 0 0 0 0 0
 0 0 0 0 0 0 0 0 0 0 0 0 0 0 0 0 0 0 0 0 0 0 0 0 0 0
 0 0 0 0 0 0 0 0 0 0 0 0 0 0 0 0 0 0 0 0 0 0 0 0 0 0
 0 0 0 0 0 0 0 0 0 0 0 0 0 0 0 0 0 0 0 0 0 0 0 0 0 0
 0 0 0 0 0 0 0 0 0 0 0 0 0 0 0 0 0 0 0 0 0 0 0 0 0 0
 0 0 0 0 0 0 0 0 0 0 0 0 0 0 0 0 0 0 0 0 0 0 0 0 0 0
 0 0 0 0 0 0 0 0 0 0 0 0 0 0 0 0 0 0 0 0 0 0 0 0 0 0
 0 0 0 0 0 0 0 0 0 0 0 0 0 0 0 0 0 0 0 0 0 0 0 0 0 0
 0 0 0 0 0 0 0 0 0 0 0 0 0 0 0 0 0 0 0 0 0 0 0 0 0 0
 0 0 0 0 0 0 0 0 0 0 0 0 0 0 0 0 0 0 0 0 0 0 0 0 0 0
 0.00862536 0 0 0.000197151 0.00414017 0.0128641 0.00837892 0.0270097 0.101434 0.158115 0.152841 0.127902 0.109271 0.109419 0.0830992 0.0579132 0.0238553 0.00714673 0.00463305 0.00128148 0.00103504 0.000492878 0.000147863 0.000147863 4.92878e-05 0
 0 0 0 0 0 0 0 0 0 0 0 0 0 0 0 0 0 0 0 0 0 0 0 0 0 0
 0 0 0 0 0 0 0 0.0054083 0.00873648 0.0413646 0.0450493 0.0745869 0.0622846 0.0627006 0.0613931 0.0827291 0.12552 0.122667 0.0946155 0.0697135 0.0546179 0.0294188 0.0215738 0.0213955 0.0102223 0.00600262
 0 0 0 0 0.00359764 0.0251062 0.0480494 0.140153 0.205849 0.193036 0.1447 0.116669 0.0760912 0.0342217 0.00950174 0.001854 0.000860785 0 0 0 0.000165536 0 0.000143464 0 0 0
 0 0 0 0 0 0 0 0.000145254 0.000435761 0.0275982 0.070085 0.0708112 0.156366 0.174668 0.174014 0.160142 0.0824315 0.0480064 0.0283245 0.00493863 0.00203355 0 0 0 0 0
 0 0 0 0 0 0 0 0 0 0 0 0 0 0 0 0 0 0 0 0 0 0 0 0 0 0
 0 0 1.00437e-05 0.000401748 0.00122533 0.00171747 0.00176769 0.0269171 0.070346 0.194647 0.189555 0.159765 0.064822 0.0314167 0.0384472 0.0292271 0.0345202 0.0313363 0.0194345 0.0106764 0.0143323 0.0359363 0.0279516 0.0138201 0.00172751 0
 0 0.0021121 0.0136068 0.0755702 0.200478 0.177729 0.0527432 0.0373336 0.0318909 0.0142505 0.0149659 0.0166563 0.0217959 0.0798694 0.0677717 0.0528807 0.04013 0.0224614 0.0357745 0.0225083 0.00881397 0.00855152 0.00135912 0.000746735 0 0
 0 0 0 0 5.4009e-05 0.00500934 0.000945158 0.0243581 0.138947 0.33067 0.221406 0.137944 0.0707744 0.0437923 0.0131692 0.00525238 0.0047753 0.00276346 9.45158e-05 9.00151e-06 2.25038e-05 9.00151e-06 4.50075e-06 0 0 0
 0.000866109 0.00284123 0.00948549 0.0512746 0.133035 0.25785 0.225252 0.132002 0.0553304 0.0519788 0.0540692 0.017754 0.00435017 0.00159236 0.00146478 0.000404838 0.000125132 0.000115318 0.000107957 0.000100596 0 0 0 0 0 0
 0 0 0 0 0.00144013 0.00171154 0.00461396 0.0210425 0.0478622 0.0707936 0.0888783 0.103762 0.0637923 0.0337046 0.0602308 0.124433 0.169614 0.0934646 0.0462172 0.0250306 0.0313229 0.00938855 0.002487 0.000210481 0 0
 0 0.00764035 0.051015 0.0998891 0.058973 0.0496711 0.0374665 0.0718981 0.12319 0.153886 0.159021 0.0857701 0.0377988 0.023471 0.0147837 0.00900784 0.00315554 0.000888139 0.00291439 0.00214683 0.00393193 0.00274676 0.000635225 9.99891e-05 0 0
 0 0 0 0 0 0 0 0 0 0 0 0 0 0 0 0 0 0 0 0 0 0 0 0 0 0
 0 0 0 0 0 0 0 0 0 0 0 0 0 0 0 0 0 0 0 0 0 0 0 0 0 0
 0 0 0 0 0 0 0 0 0 0 0 0 0 0 0 0 0 0 0 0 0 0 0 0 0 0
 0 0 0 0 0 0 0 0 0 0 0 0 0 0 0 0 0 0 0 0 0 0 0 0 0 0
 0 0 0 0 0 0 0 0 0 0 0 0 0 0 0 0 0 0 0 0 0 0 0 0 0 0
 0 0 0 0 0 0 0 0 0 0 0 0 0 0 0 0 0 0 0 0 0 0 0 0 0 0
 0 0 0 0 0 0 0 0 0 0 0 0 0 0 0 0 0 0 0 0 0 0 0 0 0 0
ppred_pel_tallas
 1.10865e-16 4.52801e-05 0.000440139 0.00292488 0.0132961 0.0413691 0.0881417 0.128648 0.128661 0.0882046 0.0415816 0.0139154 0.00450058 0.00394982 0.00691526 0.0118928 0.0183637 0.025661 0.0330384 0.0400004 0.0463219 0.051672 0.0552548 0.0559468 0.0529308 0.0463239
 1.16949e-16 4.08387e-05 0.000396966 0.00263798 0.0119919 0.0373114 0.079497 0.116034 0.116063 0.0796387 0.0377874 0.0133679 0.00609614 0.00796083 0.0144514 0.023953 0.0348189 0.0445079 0.0505147 0.0518357 0.0496137 0.0463228 0.0441184 0.0436289 0.0439367 0.0434734
 1.1242e-16 5.3212e-05 0.00051724 0.00343724 0.0156252 0.0486159 0.103582 0.151185 0.151204 0.103673 0.048922 0.016511 0.00566677 0.00540477 0.0093962 0.0156105 0.0228651 0.0295727 0.0341567 0.0359257 0.0354571 0.0341005 0.0330109 0.0324927 0.032057 0.0309577
 1.04868e-16 6.49341e-05 0.000631182 0.00419443 0.0190673 0.0593254 0.1264 0.184487 0.184501 0.126468 0.0595562 0.0197343 0.00587048 0.00429547 0.00704044 0.0115804 0.0167816 0.0213337 0.0239533 0.0240696 0.022159 0.0193936 0.0168899 0.0151489 0.0140177 0.0130365
 1.03203e-16 5.85798e-05 0.000569416 0.00378397 0.0172014 0.0535201 0.114031 0.166436 0.166459 0.114142 0.053894 0.0182816 0.00649579 0.00649039 0.0113068 0.0186082 0.0268208 0.0337729 0.0372915 0.036378 0.0317968 0.0255432 0.0196342 0.015165 0.0121779 0.0101405
 1.02392e-16 6.55829e-05 0.000637489 0.00423634 0.0192578 0.0599182 0.127663 0.18633 0.186345 0.127734 0.0601587 0.0199528 0.0059826 0.004455 0.00733157 0.0120581 0.0174598 0.022156 0.0247785 0.0246856 0.0223182 0.0188544 0.0154565 0.0127139 0.0106081 0.00884263
 1.04186e-16 4.40113e-05 0.000427806 0.00284292 0.0129235 0.0402101 0.0856732 0.12505 0.125087 0.0858539 0.0408166 0.0146756 0.00724142 0.0100319 0.0182904 0.0301849 0.0435176 0.0548075 0.060529 0.0590506 0.0515899 0.041355 0.0315927 0.0240739 0.0188916 0.0152384
 1.09031e-16 4.22028e-05 0.000410226 0.0027261 0.0123925 0.0385577 0.0821523 0.119909 0.119937 0.0822872 0.0390115 0.0137057 0.00603253 0.00766105 0.0139092 0.0231798 0.0339747 0.0439514 0.0507113 0.0530959 0.0517573 0.0484684 0.0447916 0.0412289 0.037384 0.032722
 1.11017e-16 5.00841e-05 0.000486835 0.00323519 0.0147067 0.0457582 0.0974934 0.142299 0.14232 0.0975966 0.0461049 0.01571 0.00576019 0.00602125 0.0106274 0.0176663 0.0258644 0.0334256 0.0385571 0.040466 0.0397893 0.0380263 0.0364427 0.035341 0.034156 0.0320957
 1.05228e-16 6.52737e-05 0.000634484 0.00421637 0.019167 0.0596358 0.127061 0.185452 0.185465 0.127125 0.0598511 0.0197895 0.00578086 0.00405671 0.00658541 0.010839 0.0157404 0.020081 0.0226808 0.0230165 0.0215243 0.0192667 0.0172363 0.0158452 0.0149079 0.0139773
 1.01279e-16 7.3056e-05 0.000710131 0.00471907 0.0214522 0.0667458 0.142209 0.207561 0.20757 0.142253 0.0668932 0.0218779 0.00578757 0.00304283 0.00450378 0.00733144 0.0105578 0.0132853 0.0146535 0.0142693 0.0124377 0.00995162 0.00761308 0.00585883 0.00470549 0.00393776
 1.00883e-16 6.66525e-05 0.000647886 0.00430543 0.0195719 0.0608955 0.129745 0.18937 0.189386 0.129826 0.0611674 0.0203571 0.00627582 0.00494676 0.00822364 0.0134704 0.0193522 0.0242382 0.0265132 0.0254304 0.0215554 0.0163892 0.0114852 0.00774237 0.00527981 0.0037585
 1.02467e-16 4.98678e-05 0.000484733 0.00322122 0.0146432 0.0455607 0.0970731 0.141688 0.141719 0.0972285 0.0460824 0.0161503 0.00700484 0.00874676 0.0157477 0.025972 0.0374462 0.0471623 0.0520752 0.0507572 0.0442219 0.0351953 0.026457 0.0195556 0.0146407 0.011116
 1.04693e-16 5.6008e-05 0.000544418 0.00361785 0.0164462 0.0511704 0.109025 0.159129 0.159149 0.109123 0.051501 0.0174024 0.00602306 0.00581157 0.0101078 0.0167482 0.0244158 0.0313182 0.0356458 0.0365333 0.0345083 0.0310021 0.0273535 0.0241275 0.0211622 0.0180783
 1.00613e-16 7.90727e-05 0.000768615 0.00510772 0.0232189 0.0722428 0.153921 0.224653 0.224656 0.153935 0.0722894 0.0233537 0.00544635 0.00150871 0.00148722 0.0023403 0.00337974 0.00428441 0.00478613 0.00476394 0.00430977 0.00365943 0.0030431 0.00257322 0.00223591 0.00195754
 1.0012e-16 7.74625e-05 0.000752963 0.0050037 0.0227461 0.0707716 0.150787 0.220079 0.220084 0.150814 0.0708625 0.0230084 0.00566145 0.00218706 0.00279585 0.0044858 0.00642223 0.00800817 0.00869353 0.00822689 0.00680503 0.00494836 0.0032019 0.00189069 0.00106827 0.000619041
 1.01026e-16 3.62022e-05 0.000351899 0.00233849 0.0106305 0.0330757 0.0704731 0.102868 0.102919 0.0707234 0.0339159 0.0130563 0.00842367 0.0136225 0.0252001 0.0414997 0.0595332 0.0743448 0.0809037 0.0768804 0.0640547 0.0471664 0.0311702 0.0190087 0.0111683 0.00663444
 1.01448e-16 7.53122e-05 0.000732061 0.0048648 0.0221147 0.068807 0.146601 0.213969 0.213973 0.146621 0.0688736 0.0223077 0.00535202 0.00180454 0.00213805 0.00348274 0.00516571 0.00681908 0.00811025 0.00886535 0.00913197 0.0090771 0.00881618 0.0083324 0.00754251 0.00642326
 1.0122e-16 6.23816e-05 0.000606371 0.00402955 0.0183178 0.0569935 0.121431 0.177237 0.177259 0.121537 0.057349 0.0193441 0.00660409 0.00622092 0.0107088 0.0175617 0.0251916 0.0314696 0.0342755 0.0326412 0.0273409 0.0203961 0.0139021 0.00907554 0.00606649 0.00437767
 1.01657e-16 6.4836e-05 0.000630229 0.00418809 0.0190385 0.0592359 0.126209 0.184209 0.184225 0.126288 0.0595025 0.0198091 0.00612357 0.00485934 0.00810817 0.0133313 0.0192655 0.0243641 0.0270869 0.0267059 0.0237122 0.0194416 0.0152396 0.0118326 0.00926806 0.00726088
 1.01966e-16 6.29847e-05 0.000612233 0.00406851 0.0184949 0.0575444 0.122605 0.17895 0.178968 0.122696 0.0578485 0.0193733 0.00627403 0.00542874 0.00921579 0.0151498 0.0218501 0.0275437 0.030464 0.02979 0.0261204 0.0210434 0.0161645 0.0123564 0.00966644 0.00770894
 1.02041e-16 6.41845e-05 0.000623896 0.00414601 0.0188472 0.0586407 0.124941 0.182358 0.182375 0.125023 0.0589186 0.0196501 0.00616248 0.00502892 0.00843906 0.0138731 0.0200321 0.0253019 0.0280766 0.027607 0.0244276 0.0199616 0.0156399 0.0122282 0.00975551 0.00787781
 1.05783e-16 2.8812e-05 0.000280063 0.00186112 0.0084604 0.0263237 0.0560873 0.0818717 0.0819225 0.0563354 0.0271566 0.0108665 0.0079026 0.0134749 0.0251065 0.041508 0.0599011 0.0755554 0.0836494 0.0819375 0.0720509 0.058318 0.0451063 0.0347791 0.0274508 0.0220653
 1.05987e-16 6.43128e-05 0.000625143 0.0041543 0.0188848 0.0587578 0.12519 0.18272 0.182729 0.125231 0.0588963 0.019287 0.00517135 0.00287051 0.00440246 0.00736936 0.0110607 0.0148536 0.0181344 0.0205893 0.0223031 0.0235218 0.0243008 0.0243782 0.0233763 0.0211286
 1.04258e-16 5.93072e-05 0.000576487 0.00383096 0.017415 0.0541846 0.115447 0.168503 0.168525 0.115554 0.0545436 0.0184517 0.00643283 0.00625538 0.010842 0.017825 0.0256636 0.0322661 0.0355549 0.0346042 0.0302075 0.0243511 0.0190201 0.0152553 0.0130086 0.0116241
 1.06685e-16 3.79398e-05 0.000368788 0.00245073 0.0111407 0.034663 0.0738547 0.107801 0.107841 0.0740465 0.0353074 0.0130028 0.00712866 0.0105934 0.0194935 0.0322634 0.0466979 0.0591923 0.0660761 0.0656299 0.0590567 0.0495593 0.0403151 0.0329615 0.0274753 0.0230424
 1.05257e-16 6.46772e-05 0.000628686 0.00417784 0.0189919 0.0590908 0.1259 0.183756 0.183767 0.125951 0.0592639 0.0194935 0.00544229 0.00340658 0.00539219 0.00894785 0.0132021 0.0172718 0.0202898 0.0218429 0.0221604 0.0218342 0.0213179 0.0206382 0.0195081 0.0176613
 1.03529e-16 6.08712e-05 0.00059169 0.00393199 0.0178743 0.0556135 0.118491 0.172946 0.172966 0.118591 0.0559496 0.0188448 0.00636822 0.0059098 0.0101606 0.0167011 0.0240552 0.0302617 0.0333723 0.032508 0.0283894 0.0228497 0.0177293 0.0140065 0.0116692 0.0101575
 1.05956e-16 3.84398e-05 0.000373648 0.00248303 0.0112875 0.0351198 0.074828 0.109222 0.109262 0.0750218 0.0357708 0.0131685 0.00720775 0.0106982 0.0196773 0.0325493 0.0470699 0.0595763 0.066341 0.0656194 0.0586419 0.048685 0.0390183 0.0313553 0.0257119 0.0212734
 1.09806e-16 4.8006e-05 0.000466635 0.00310096 0.0140965 0.0438596 0.0934483 0.136395 0.136416 0.0935494 0.0441996 0.0150814 0.00558333 0.00591987 0.0105053 0.0175548 0.0259012 0.0338677 0.039748 0.0427215 0.0432307 0.0424361 0.0412381 0.0397118 0.0373267 0.0335941
 1.05153e-16 6.64178e-05 0.000645604 0.00429027 0.0195029 0.060681 0.129288 0.188702 0.188713 0.129345 0.0608735 0.0200596 0.00568971 0.00370777 0.00590352 0.00971226 0.0141235 0.018063 0.0204911 0.0209542 0.0198475 0.0181084 0.0165889 0.0156032 0.0149259 0.0141141
pSPR Fmed_Fpbrs
0.557199   0.6 0.325
Fs Fmed_Fpbrs
0.34   0.292753 0.722529
SSBpbr Bo_Bmed_Bpbrs
1.14375e+06  580109  629063 314532
Ro
127985
SPR SPRFo_SPRFmed_SPRFpbrs
913521 509013 296894
Fref
0.292753
Nvult_r0
 149341 20627.9 6113.15 4390.7 1252.52
CTP_r0
 25914.2 4671.33 1384.37 994.303 283.641
YTP_r0
363747
Np
 176088 52511.1 17114.2 2090.33 789.532
Nvult_p0
 123576 38096.1 12416.1 1516.5 572.794
CTP_p0
 21443.5 10242.5 1251.02 370.745 337.595
 21443.5 8627.12 2811.71 343.423 129.713
YTP_p0
 394039 395233
CBA_c0
372835
log_Ro
11.5797
likeval ReclasPelacesDesembMPH_pf_preclas_ppelaces_ptallas_desvR_qrecl_qpela
 15.2356 17.1905 0.0320573 42.4878 223.017 121.438 106.183 0 22.9894 1.08772e-05 3.73834e-05 0.119509 7.50383e-16 0 0
q_reclas_q_pelaces
1.59427 2.37424
M
1
N
 163646 33401.2 74684.6 5344.7 0.207133
 91452.1 50675.1 9663.78 21608.1 1546.41
 90081.4 24470.5 11959.7 2280.73 5464.66
 136814 24218 5813.46 2841.28 1840.08
 110391 31800.4 4696.82 1127.46 907.898
 204069 34944.8 9487.44 1401.27 607.236
 79552.1 57708.9 8908.37 2418.6 512.022
 33152.1 15725 8928.97 1378.34 453.439
 32067.3 10936 4968.94 2821.46 578.822
 43546.8 7585.52 2173.46 987.546 675.784
 93526 8434.06 1140.75 326.857 250.14
 151361 30486.1 2621.13 354.521 179.318
 69817.1 36582.5 6243.29 536.784 109.326
 37675.5 16055.2 6989.76 1192.89 123.451
 91313.4 2784.21 630.049 274.296 51.6567
 319292 18980 462.047 104.558 54.0927
 63778.8 71480.6 3493.27 85.0399 29.1997
 386542 16532.9 16140.1 788.771 25.795
 316030 93788.1 3404.23 3323.36 167.724
 321297 65061.3 15357.6 557.435 571.656
 338088 77544.7 13297.8 3138.91 230.773
 430209 91320 18542.9 3179.84 805.778
 77885.6 105367 19050.9 3868.38 831.469
 224491 22012.9 26839.6 4852.76 1197.17
 228707 64401 5725.03 6980.35 1573.44
 85321.8 66126.8 16933.2 1505.3 2249.08
 211539 25918.5 18626.7 4769.75 1057.54
 244654 61709.9 6899.95 4958.74 1551.32
 97463.5 74684.5 17501.7 1956.91 1846.34
 94744.8 30425.7 21852.9 5121.05 1112.84
 212800 28433.2 8426.29 6052.08 1726.45
pred_Ctot
 16601.7 4597.54 10280 735.676 0.028511
 16174.4 11902.1 2269.74 5075.1 363.206
 15724.4 5676.34 2774.26 529.054 1267.62
 33044.5 7619.56 1829.05 893.933 578.931
 9855.37 3865.01 570.851 137.031 110.346
 30481.4 6986.93 1896.94 280.172 121.412
 24455.8 22640.1 3494.88 948.854 200.874
 2184.38 1419.6 806.075 124.432 40.9348
 7499.37 3339.3 1517.26 861.529 176.743
 13722.8 3043.04 871.916 396.168 271.1
 6802.97 838.977 113.476 32.514 24.8827
 33954.1 8955 769.931 104.137 52.6731
 17185.3 11713.3 1999.03 171.872 35.0048
 21497.6 10661.4 4641.5 792.133 81.9769
 26288 1029.24 232.91 101.399 19.0959
 82237.6 6336.77 154.262 34.9084 18.0597
 12250.7 18152.2 887.101 21.5955 7.41516
 86036.6 4821.13 4706.6 230.012 7.52204
 92178.6 35085.1 1273.49 1243.23 62.7438
 72278.1 19161.4 4523 164.172 168.36
 58242.5 17763.9 3046.24 719.06 52.8654
 93937.5 26157.1 5311.32 910.814 230.802
 11656.1 21106.2 3816.12 774.881 166.553
 31885 4193.93 5113.53 924.555 228.087
 31558.9 11934.2 1060.9 1293.53 291.575
 9546.29 10009.3 2563.1 227.851 340.433
 28211.4 4648.05 3340.38 855.375 189.651
 26725.2 9126.38 1020.44 733.355 229.428
 9454.65 9842.02 2306.4 257.885 243.313
 11218.6 4864.99 3494.22 818.843 177.94
 27904.3 5016.8 1486.75 1067.84 304.618
F
 0.172272 0.240207 0.240207 0.240207 0.240207
 0.318348 0.443888 0.443888 0.443888 0.443888
 0.313617 0.437291 0.437291 0.437291 0.437291
 0.459147 0.640211 0.640211 0.640211 0.640211
 0.150256 0.209509 0.209509 0.209509 0.209509
 0.263046 0.366778 0.366778 0.366778 0.366778
 0.621158 0.866111 0.866111 0.866111 0.866111
 0.109046 0.152048 0.152048 0.152048 0.152048
 0.441596 0.615739 0.615739 0.615739 0.615739
 0.641558 0.894556 0.894556 0.894556 0.894556
 0.12097 0.168674 0.168674 0.168674 0.168674
 0.420097 0.585762 0.585762 0.585762 0.585762
 0.469843 0.655125 0.655125 0.655125 0.655125
 1.60505 2.23799 2.23799 2.23799 2.23799
 0.570914 0.796053 0.796053 0.796053 0.796053
 0.496681 0.692547 0.692547 0.692547 0.692547
 0.350068 0.488117 0.488117 0.488117 0.488117
 0.416203 0.580333 0.580333 0.580333 0.580333
 0.580507 0.809429 0.809429 0.809429 0.809429
 0.421511 0.587733 0.587733 0.587733 0.587733
 0.308937 0.430766 0.430766 0.430766 0.430766
 0.406823 0.567253 0.567253 0.567253 0.567253
 0.263613 0.367569 0.367569 0.367569 0.367569
 0.248704 0.34678 0.34678 0.34678 0.34678
 0.240868 0.335854 0.335854 0.335854 0.335854
 0.191473 0.266981 0.266981 0.266981 0.266981
 0.231967 0.323443 0.323443 0.323443 0.323443
 0.186571 0.260146 0.260146 0.260146 0.260146
 0.164191 0.22894 0.22894 0.22894 0.22894
 0.20363 0.283931 0.283931 0.283931 0.283931
 0.227693 0.317484 0.317484 0.317484 0.317484
YTP_r0W_actual
 215088 65865.7 38208.5 34005.2 10579.8
YTP_p0W_proyectada
 161684 178731 30112.1 11611.7 11900.2
 161684 150543 67677.8 10756 4572.39
CTP_r0_actual
 25914.2 4671.33 1384.37 994.303 283.641
CTP_p0_proyectada
 21443.5 10242.5 1251.02 370.745 337.595
 21443.5 8627.12 2811.71 343.423 129.713
Wmedp
 7.54 17.45 24.07 31.32 35.25
Frms_r0
 0.209957 0.292753 0.292753 0.292753 0.292753
Zrms_r0
 1.20996 1.29275 1.29275 1.29275 1.29275
nmprior
 7.29 8.9 8.7 0
nm_flota  nm_reclas  nm_pelaces    nm_pelaL
inf 11.9929 14.7489 33.0666
cv_recla  cv_pelaces  cv_mph
0.353065 0.470128 0.542352
 ------------------------------------------------
Talla a la edad & desviaci?n 
 8 13.2811 15.8009 17.003 17.5766
 0.8 1.32811 1.58009 1.7003 1.75766
