years
 1991 1992 1993 1994 1995 1996 1997 1998 1999 2000 2001 2002 2003 2004 2005 2006 2007 2008 2009 2010 2011 2012 2013 2014 2015 2016 2017 2018 2019
reclasobs
 0 0 0 0 0 0 0 0 0 252601 567819 844713 477998 351125 339783 2.1784e+06 2.13404e+06 4.81314e+06 1.55562e+06 2.62356e+06 3.21686e+06 3.843e+06 1.13348e+06 3.07943e+06 1.97215e+06 2.03268e+06 2.025e+06 2.42433e+06 2.27542e+06
reclaspred
 3.35891e+06 1.81765e+06 913702 987290 1.02384e+06 1.89188e+06 1.01748e+06 858017 586737 368178 608899 992046 756093 233545 632959 1.4491e+06 1.17529e+06 2.40273e+06 2.00706e+06 1.93992e+06 3.43379e+06 2.79081e+06 1.98124e+06 3.01201e+06 2.33762e+06 2.03966e+06 2.46776e+06 2.45554e+06 1.86319e+06
pelacesobs
 0 0 0 0 0 0 0 0 0 0 0 0 0 0 0 552880 188675 0 991730 2.46772e+06 1.41603e+06 1.21717e+06 2.29649e+06 1.80582e+06 0 1.4828e+06 1.56532e+06 1.57751e+06 1.42118e+06
pelacespred
 2.0952e+06 1.219e+06 586840 481407 569695 1.04517e+06 524005 586178 359134 195299 343334 489934 414563 90905.3 328754 650190 594601 1.2596e+06 1.07246e+06 933896 1.80155e+06 1.5544e+06 1.20736e+06 1.87689e+06 1.44601e+06 1.29552e+06 1.69699e+06 1.53334e+06 1.14632e+06
mphobs
 0 0 0 0 0 0 0 0 0 0 0 0 498337 0 5186 125008 0 168611 109162 213762 579715 649985 157893 87575 83554 210694 70296 0 107559
mphpred
 691132 464496 218752 121582 139199 176304 253151 127040 114715 66052.6 37317.4 103936 141696 66410 12397.5 74464.7 209147 165533 274616 310420 466690 555994 115217 89159.6 132480 110898 93029.9 104403 131086
desembarqueobs
 494567 514787 250237 358949 120608 361735 552515 73892 212993 205616 52469 317467 293654 387597 252695 516296 358380 742168 942051 627588 828172 859565 418607 520667 417249 300574 415391 372974 316634
desembarquepred
 494568 514080 250569 358974 120613 361734 552520 73897.5 213059 205674 52470.5 317451 293782 387904 252616 516198 358419 742009 941483 627262 828245 859504 418617 520708 417191 300580 415379 372929 316615
Reclutas
 160196 91793.1 87567.7 134333 106969 202861 78361.5 31634.1 30722.7 41511 87744.9 150165 69499.7 38262.7 86759.9 305240 60610.9 371644 307351 309875 325413 448449 77779.1 225054 231164 84168.5 200138 198814 69552.3
log_desv_Rt
 0.271793 -0.285068 -0.332193 0.0957178 -0.132068 0.507918 -0.443272 -1.35037 -1.3796 -1.07865 -0.330171 0.207132 -0.563283 -1.16013 -0.34146 0.916492 -0.70013 1.11333 0.923386 0.931564 0.980491 1.30119 -0.450732 0.611735 0.638523 -0.371784 0.494401 0.487763 -0.562526
SSB
 1.55625e+06 1.04592e+06 492573 273770 313440 396991 570030 286062 258309 148733 84029.1 234036 303375 144628 26915.6 162011 470944 372736 641738 486009 749803 940837 884554 655434 910583 810371 639396 689545 899984
BT
 2.28786e+06 1.59124e+06 763475 774113 648411 1.38694e+06 975353 638537 557499 390735 408582 768080 668023 487793 617332 1.129e+06 850207 2.00594e+06 2.00072e+06 1.46642e+06 2.541e+06 2.33119e+06 1.49767e+06 2.43237e+06 1.77362e+06 1.49699e+06 2.17166e+06 1.90227e+06 1.31523e+06
Ftot
 0.258484 0.4784 0.471828 0.670946 0.219774 0.37082 0.892468 0.158872 0.648962 0.972812 0.179039 0.605186 0.680636 2.3385 0.824549 0.718366 0.531402 0.609221 0.855198 0.619452 0.455841 0.572866 0.368045 0.338649 0.32915 0.263812 0.327531 0.296895 0.291512
BD_Bspro_t
 0.959486 0.729857 0.497382 0.393933 0.398507 0.506293 0.522156 0.318584 0.371648 0.295915 0.241981 0.55954 0.47267 0.255723 0.066933 0.29476 0.424172 0.352201 0.418946 0.326006 0.371256 0.419712 0.43124 0.398408 0.516169 0.544241 0.541422 0.589839 0.634507
BD_Bspro
 1.79382 1.20559 0.567767 0.315563 0.361289 0.457595 0.657049 0.329731 0.297741 0.171439 0.0968568 0.269763 0.349687 0.166707 0.0310244 0.186743 0.542837 0.429637 0.739704 0.560201 0.864266 1.08446 1.01959 0.755491 1.04959 0.934081 0.737005 0.794809 1.03737
BD_Bo
 1.4651 0.984666 0.463723 0.257736 0.295082 0.37374 0.536644 0.269307 0.24318 0.140022 0.0791076 0.220329 0.285607 0.136158 0.0253392 0.152522 0.443361 0.350906 0.604153 0.457544 0.705888 0.885733 0.832747 0.617046 0.857251 0.762909 0.601948 0.649159 0.847273
BD_Brms
 2.66382 1.7903 0.843133 0.468611 0.536513 0.679527 0.975716 0.48965 0.442145 0.254586 0.143832 0.400598 0.519285 0.247559 0.0460712 0.277313 0.806111 0.638011 1.09846 0.831898 1.28343 1.61042 1.51409 1.1219 1.55864 1.38711 1.09445 1.18029 1.5405
Sel_flota
 0.747518 1 1 1 1
 0.747518 1 1 1 1
 0.747518 1 1 1 1
 0.747518 1 1 1 1
 0.747518 1 1 1 1
 0.747518 1 1 1 1
 0.747518 1 1 1 1
 0.747518 1 1 1 1
 0.747518 1 1 1 1
 0.747518 1 1 1 1
 0.747518 1 1 1 1
 0.747518 1 1 1 1
 0.747518 1 1 1 1
 0.747518 1 1 1 1
 0.747518 1 1 1 1
 0.747518 1 1 1 1
 0.747518 1 1 1 1
 0.747518 1 1 1 1
 0.747518 1 1 1 1
 0.747518 1 1 1 1
 0.747518 1 1 1 1
 0.747518 1 1 1 1
 0.747518 1 1 1 1
 0.747518 1 1 1 1
 0.747518 1 1 1 1
 0.747518 1 1 1 1
 0.747518 1 1 1 1
 0.747518 1 1 1 1
 0.747518 1 1 1 1
Sel_reclas
 1 1 1 1 1
 1 1 1 1 1
 1 1 1 1 1
 1 1 1 1 1
 1 1 1 1 1
 1 1 1 1 1
 1 1 1 1 1
 1 1 1 1 1
 1 1 1 1 1
 1 1 1 1 1
 1 1 1 1 1
 1 1 1 1 1
 1 1 1 1 1
 1 1 1 1 1
 1 1 1 1 1
 1 1 1 1 1
 1 1 1 1 1
 1 1 1 1 1
 1 1 1 1 1
 1 1 1 1 1
 1 1 1 1 1
 1 1 1 1 1
 1 1 1 1 1
 1 1 1 1 1
 1 1 1 1 1
 1 1 1 1 1
 1 1 1 1 1
 1 1 1 1 1
 1 1 1 1 1
Sel_pelaces
 0.735198 0.933211 0.985979 0.997182 0.999439
 0.735198 0.933211 0.985979 0.997182 0.999439
 0.735198 0.933211 0.985979 0.997182 0.999439
 0.735198 0.933211 0.985979 0.997182 0.999439
 0.735198 0.933211 0.985979 0.997182 0.999439
 0.735198 0.933211 0.985979 0.997182 0.999439
 0.735198 0.933211 0.985979 0.997182 0.999439
 0.735198 0.933211 0.985979 0.997182 0.999439
 0.735198 0.933211 0.985979 0.997182 0.999439
 0.735198 0.933211 0.985979 0.997182 0.999439
 0.735198 0.933211 0.985979 0.997182 0.999439
 0.735198 0.933211 0.985979 0.997182 0.999439
 0.735198 0.933211 0.985979 0.997182 0.999439
 0.735198 0.933211 0.985979 0.997182 0.999439
 0.735198 0.933211 0.985979 0.997182 0.999439
 0.735198 0.933211 0.985979 0.997182 0.999439
 0.735198 0.933211 0.985979 0.997182 0.999439
 0.735198 0.933211 0.985979 0.997182 0.999439
 0.735198 0.933211 0.985979 0.997182 0.999439
 0.735198 0.933211 0.985979 0.997182 0.999439
 0.735198 0.933211 0.985979 0.997182 0.999439
 0.735198 0.933211 0.985979 0.997182 0.999439
 0.735198 0.933211 0.985979 0.997182 0.999439
 0.735198 0.933211 0.985979 0.997182 0.999439
 0.735198 0.933211 0.985979 0.997182 0.999439
 0.735198 0.933211 0.985979 0.997182 0.999439
 0.735198 0.933211 0.985979 0.997182 0.999439
 0.735198 0.933211 0.985979 0.997182 0.999439
 0.735198 0.933211 0.985979 0.997182 0.999439
pf_obs 
 0.8446 0.082 0.0669 0.0065 0
 0.8095 0.147 0.0364 0.0071 0
 0.9664 0.0169 0.016 0.0007 0
 0.9276 0.0648 0.0075 0.0001 0
 0.7033 0.2144 0.0806 0.0017 0
 0.9318 0.0425 0.0243 0.0014 0
 0.5671 0.3108 0.0964 0.0239 0.0018
 0.0768 0.2599 0.5324 0.112 0.0189
 0.490249 0.384438 0.106611 0.0170017 0.00170017
 0.7925 0.1577 0.0466 0.003 0.0002
 0.840416 0.127587 0.0312969 0.00059994 9.999e-05
 0.8084 0.0986 0.0794 0.0134 0.0002
 0.7335 0.1905 0.0724 0.0035 0.0001
 0.4001 0.4547 0.1325 0.0127 0
 0.49795 0.308269 0.164784 0.0264974 0.00249975
 0.9179 0.0499 0.0305 0.0017 0
 0.2467 0.6533 0.0926 0.0074 0
 0.9418 0.0223 0.034 0.0019 0
 0.707729 0.231977 0.0356964 0.0245975 0
 0.517169 0.277429 0.184464 0.0207286 0.00020938
 0.811772 0.124168 0.05621 0.00726502 0.000585176
 0.764997 0.148141 0.077277 0.00933861 0.000247198
 0.163321 0.427699 0.378323 0.0303852 0.000271297
 0.753843 0.0900009 0.118128 0.0371064 0.000921714
 0.721811 0.176058 0.0630433 0.0369309 0.00215725
 0.143369 0.312575 0.442814 0.0836902 0.0175525
 0.692698 0.0596174 0.167031 0.0765114 0.00414204
 0.394062 0.376323 0.152708 0.0712218 0.00568511
 0.125707 0.32114 0.495352 0.0537591 0.00404204
pf_pred 
 0.539196 0.144162 0.294988 0.0216539 8.65697e-07
 0.47827 0.323188 0.0621134 0.127098 0.00933011
 0.622883 0.214622 0.100658 0.0193455 0.042491
 0.768826 0.162724 0.0389562 0.0182705 0.011224
 0.694456 0.254171 0.0361615 0.0086571 0.00655446
 0.781393 0.165841 0.0438942 0.00624493 0.00262697
 0.483906 0.43095 0.0645922 0.017096 0.00345545
 0.49016 0.301678 0.17382 0.0260528 0.00828929
 0.573218 0.242592 0.108987 0.062796 0.0124068
 0.764047 0.157058 0.0448461 0.0201476 0.0139022
 0.883213 0.0975683 0.0127926 0.0036528 0.00277342
 0.793462 0.188408 0.015146 0.00198586 0.000997573
 0.572505 0.363233 0.0586218 0.00471257 0.000928274
 0.593704 0.270663 0.115244 0.0185992 0.00178969
 0.955344 0.0334718 0.00745087 0.00317247 0.00056127
 0.932156 0.0658296 0.00151005 0.00033614 0.000168445
 0.409327 0.563334 0.0265274 0.000608508 0.000203333
 0.907888 0.0462206 0.0437673 0.00206101 6.30748e-05
 0.728265 0.254216 0.00879052 0.00832394 0.000403971
 0.768134 0.186539 0.0424048 0.00146631 0.00145587
 0.746366 0.210541 0.0346683 0.00788094 0.000543088
 0.770805 0.185324 0.036417 0.00599654 0.00145709
 0.317963 0.566858 0.0931325 0.0183009 0.00374573
 0.760948 0.0950316 0.119699 0.019666 0.00465541
 0.694345 0.249924 0.0221551 0.0279059 0.00567016
 0.42534 0.437689 0.111997 0.0099282 0.0150462
 0.755265 0.124208 0.0917997 0.0234899 0.00523806
 0.683447 0.257273 0.0300857 0.0222358 0.00695851
 0.407106 0.445468 0.119817 0.0140116 0.0135964
pobs_RECLAS
 0 0 0 0 0
 0 0 0 0 0
 0 0 0 0 0
 0 0 0 0 0
 0 0 0 0 0
 0 0 0 0 0
 0 0 0 0 0
 0 0 0 0 0
 0 0 0 0 0
 0 0 0 0 0
 0.991045 0.00858322 0.000360255 1.14367e-05 0
 0.934742 0.0480273 0.0164251 0.00080598 0
 0.827803 0.169806 0.00239088 0 0
 0.941827 0.0461693 0.0120037 0 0
 0.791401 0.0380133 0.147996 0.0225897 0
 0.846168 0.0940531 0.0597789 0 0
 0.134021 0.677848 0.182769 0.00536245 0
 0.80878 0.0450904 0.141981 0.00414843 0
 0.846168 0.0940531 0.0597789 0 0
 0.905697 0.0802665 0.012482 0.00150086 5.37128e-05
 0.989698 0.0102097 9.19794e-05 0 0
 0.975433 0.0193895 0.00387452 0.00125025 5.28907e-05
 0.303575 0.632131 0.0575291 0.00676475 0
 0.966965 0.00978017 0.0227588 0.000495775 0
 0.843318 0.132988 0.00938335 0.0141283 0.000182051
 0.564624 0.303363 0.111486 0.0197234 0.00080311
 0.826376 0.0876187 0.0782897 0.00655872 0.00115652
 0.89761 0.0855135 0.0140674 0.00269457 0.000114338
 0.34875 0.467042 0.161289 0.0227151 0.000203297
ppred_RECLAS
 0.611734 0.121469 0.248552 0.0182452 7.29421e-07
 0.554246 0.276125 0.0530683 0.10859 0.00797144
 0.691337 0.175664 0.082387 0.0158339 0.0347781
 0.819682 0.126926 0.0303862 0.0142512 0.0087548
 0.753509 0.205047 0.0291725 0.00698392 0.00528766
 0.828472 0.130125 0.0344411 0.00490002 0.00206122
 0.564237 0.363872 0.0545384 0.014435 0.00291761
 0.563495 0.258285 0.148818 0.0223054 0.00709697
 0.647155 0.200565 0.0901057 0.0519171 0.0102574
 0.817851 0.121244 0.0346199 0.0155534 0.0107321
 0.910395 0.074859 0.00981511 0.0028026 0.00212789
 0.839655 0.14627 0.0117585 0.00154172 0.000774461
 0.646799 0.300107 0.048434 0.00389357 0.00076695
 0.690177 0.206395 0.0878799 0.0141829 0.00136474
 0.967154 0.0246192 0.00548027 0.00233342 0.000412825
 0.949543 0.0489587 0.00112305 0.000249994 0.000125275
 0.48502 0.491144 0.023128 0.000530529 0.000177277
 0.930734 0.0347566 0.0329118 0.00154982 4.74305e-05
 0.786973 0.199293 0.00689133 0.00652555 0.000316693
 0.818785 0.14579 0.0331416 0.001146 0.00113784
 0.799523 0.166416 0.0274026 0.00622926 0.000429267
 0.82073 0.144956 0.0284844 0.00469033 0.0011397
 0.386463 0.509926 0.0837788 0.0164629 0.00336953
 0.811206 0.0750522 0.0945333 0.0155315 0.00367666
 0.754023 0.201127 0.0178294 0.0224573 0.00456307
 0.499193 0.381439 0.0976033 0.00865227 0.0131125
 0.806358 0.098277 0.0726348 0.0185859 0.00414451
 0.744278 0.207834 0.0243043 0.0179629 0.00562132
 0.480649 0.390212 0.104955 0.0122736 0.0119099
pobs_PELACES
 0 0 0 0 0
 0 0 0 0 0
 0 0 0 0 0
 0 0 0 0 0
 0 0 0 0 0
 0 0 0 0 0
 0 0 0 0 0
 0 0 0 0 0
 0 0 0 0 0
 0 0 0 0 0
 0 0 0 0 0
 0 0 0 0 0
 0 0 0 0 0
 0 0 0 0 0
 0 0 0 0 0
 0 0 0 0 0
 0.505614 0.472636 0.0217494 0 0
 0 0 0 0 0
 0.443492 0.261883 0.143347 0.151278 0
 0.227955 0.32914 0.350689 0.0885471 0.00366901
 0.970185 0.0296113 0.000203453 0 0
 0.997202 0.00247181 0.000326279 0 0
 0.445219 0.490057 0.0546422 0.010081 0
 0.90214 0.0892962 0.00764917 0.000914606 0
 0 0 0 0 0
 0.581667 0.319106 0.0959925 0.00289975 0.000334073
 0.762889 0.0836404 0.116647 0.0363945 0.000428098
 0.88444 0.0763242 0.0277011 0.0115352 0
 0.521256 0.241999 0.230069 0.00667565 0
ppred_PELACES
 0.549584 0.135568 0.293088 0.0217589 8.71864e-07
 0.498702 0.303047 0.0615356 0.127346 0.00936951
 0.641283 0.19886 0.0985392 0.0191534 0.0421643
 0.788078 0.146478 0.0370497 0.0175739 0.0108204
 0.708298 0.240217 0.0361086 0.00874267 0.00663423
 0.794649 0.153609 0.0429556 0.00618083 0.00260589
 0.521104 0.395999 0.0627098 0.0167864 0.00340054
 0.501613 0.288008 0.175327 0.0265772 0.00847529
 0.597701 0.222753 0.105732 0.0616131 0.0122006
 0.789821 0.137053 0.0413469 0.0187866 0.0129924
 0.889429 0.0914582 0.0126695 0.00365876 0.00278423
 0.811909 0.170702 0.0144985 0.00192257 0.000967964
 0.602188 0.335109 0.0571409 0.00464571 0.000917176
 0.676558 0.211349 0.0950776 0.0155189 0.00149667
 0.960746 0.0289818 0.00681619 0.00293521 0.000520469
 0.940164 0.0579562 0.00140462 0.000316223 0.000158823
 0.436155 0.536335 0.0266841 0.000619058 0.000207327
 0.915463 0.0412462 0.0412653 0.00196527 6.02809e-05
 0.756855 0.226556 0.00827701 0.00792674 0.000385565
 0.787529 0.169039 0.0405993 0.00141983 0.00141291
 0.763659 0.194242 0.0337931 0.00776927 0.000536603
 0.789077 0.168656 0.0350155 0.00583128 0.00142014
 0.336276 0.546203 0.0948131 0.0188429 0.00386538
 0.770806 0.0880033 0.117114 0.01946 0.00461706
 0.710438 0.234033 0.0219195 0.0279228 0.00568643
 0.441839 0.419227 0.113338 0.0101613 0.0154343
 0.766101 0.115328 0.0900564 0.0233056 0.00520873
 0.699073 0.241733 0.0298669 0.0223249 0.0070022
 0.424039 0.426487 0.121198 0.0143341 0.0139409
pobs_pel_tallas
 0 0 0 0 0 0 0 0 0 0 0 0 0 0 0 0 0 0 0 0 0 0 0 0 0 0
 0 0 0 0 0 0 0 0 0 0 0 0 0 0 0 0 0 0 0 0 0 0 0 0 0 0
 0 0 0 0 0 0 0 0 0 0 0 0 0 0 0 0 0 0 0 0 0 0 0 0 0 0
 0 0 0 0 0 0 0 0 0 0 0 0 0 0 0 0 0 0 0 0 0 0 0 0 0 0
 0 0 0 0 0 0 0 0 0 0 0 0 0 0 0 0 0 0 0 0 0 0 0 0 0 0
 0 0 0 0 0 0 0 0 0 0 0 0 0 0 0 0 0 0 0 0 0 0 0 0 0 0
 0 0 0 0 0 0 0 0 0 0 0 0 0 0 0 0 0 0 0 0 0 0 0 0 0 0
 0 0 0 0 0 0 0 0 0 0 0 0 0 0 0 0 0 0 0 0 0 0 0 0 0 0
 0 0 0 0 0 0 0 0 0 0 0 0 0 0 0 0 0 0 0 0 0 0 0 0 0 0
 0 0 0 0 0 0 0 0 0 0 0 0 0 0 0 0 0 0 0 0 0 0 0 0 0 0
 0 0 0 0 0 0 0 0 0 0 0 0 0 0 0 0 0 0 0 0 0 0 0 0 0 0
 0 0 0 0 0 0 0 0 0 0 0 0 0 0 0 0 0 0 0 0 0 0 0 0 0 0
 0.00862536 0 0 0.000197151 0.00414017 0.0128641 0.00837892 0.0270097 0.101434 0.158115 0.152841 0.127902 0.109271 0.109419 0.0830992 0.0579132 0.0238553 0.00714673 0.00463305 0.00128148 0.00103504 0.000492878 0.000147863 0.000147863 4.92878e-05 0
 0 0 0 0 0 0 0 0 0 0 0 0 0 0 0 0 0 0 0 0 0 0 0 0 0 0
 0 0 0 0 0 0 0 0.0054083 0.00873648 0.0413646 0.0450493 0.0745869 0.0622846 0.0627006 0.0613931 0.0827291 0.12552 0.122667 0.0946155 0.0697135 0.0546179 0.0294188 0.0215738 0.0213955 0.0102223 0.00600262
 0 0 0 0 0.00359764 0.0251062 0.0480494 0.140153 0.205849 0.193036 0.1447 0.116669 0.0760912 0.0342217 0.00950174 0.001854 0.000860785 0 0 0 0.000165536 0 0.000143464 0 0 0
 0 0 0 0 0 0 0 0.000145254 0.000435761 0.0275982 0.070085 0.0708112 0.156366 0.174668 0.174014 0.160142 0.0824315 0.0480064 0.0283245 0.00493863 0.00203355 0 0 0 0 0
 0 0 0 0 0 0 0 0 0 0 0 0 0 0 0 0 0 0 0 0 0 0 0 0 0 0
 0 0 1.00437e-05 0.000401748 0.00122533 0.00171747 0.00176769 0.0269171 0.070346 0.194647 0.189555 0.159765 0.064822 0.0314167 0.0384472 0.0292271 0.0345202 0.0313363 0.0194345 0.0106764 0.0143323 0.0359363 0.0279516 0.0138201 0.00172751 0
 0 0.0021121 0.0136068 0.0755702 0.200478 0.177729 0.0527432 0.0373336 0.0318909 0.0142505 0.0149659 0.0166563 0.0217959 0.0798694 0.0677717 0.0528807 0.04013 0.0224614 0.0357745 0.0225083 0.00881397 0.00855152 0.00135912 0.000746735 0 0
 0 0 0 0 5.4009e-05 0.00500934 0.000945158 0.0243581 0.138947 0.33067 0.221406 0.137944 0.0707744 0.0437923 0.0131692 0.00525238 0.0047753 0.00276346 9.45158e-05 9.00151e-06 2.25038e-05 9.00151e-06 4.50075e-06 0 0 0
 0.000866109 0.00284123 0.00948549 0.0512746 0.133035 0.25785 0.225252 0.132002 0.0553304 0.0519788 0.0540692 0.017754 0.00435017 0.00159236 0.00146478 0.000404838 0.000125132 0.000115318 0.000107957 0.000100596 0 0 0 0 0 0
 0 0 0 0 0.00144013 0.00171154 0.00461396 0.0210425 0.0478622 0.0707936 0.0888783 0.103762 0.0637923 0.0337046 0.0602308 0.124433 0.169614 0.0934646 0.0462172 0.0250306 0.0313229 0.00938855 0.002487 0.000210481 0 0
 0 0.00764035 0.051015 0.0998891 0.058973 0.0496711 0.0374665 0.0718981 0.12319 0.153886 0.159021 0.0857701 0.0377988 0.023471 0.0147837 0.00900784 0.00315554 0.000888139 0.00291439 0.00214683 0.00393193 0.00274676 0.000635225 9.99891e-05 0 0
 0 0 0 0 0 0 0 0 0 0 0 0 0 0 0 0 0 0 0 0 0 0 0 0 0 0
 0 0 0 0 0 0 0 0 0 0 0 0 0 0 0 0 0 0 0 0 0 0 0 0 0 0
 0 0 0 0 0 0 0 0 0 0 0 0 0 0 0 0 0 0 0 0 0 0 0 0 0 0
 0 0 0 0 0 0 0 0 0 0 0 0 0 0 0 0 0 0 0 0 0 0 0 0 0 0
 0 0 0 0 0 0 0 0 0 0 0 0 0 0 0 0 0 0 0 0 0 0 0 0 0 0
ppred_pel_tallas
 1.10675e-16 4.52686e-05 0.000440026 0.00292413 0.0132927 0.0413585 0.0881193 0.128615 0.128629 0.0881854 0.0415819 0.0139432 0.00457751 0.00411732 0.00722788 0.0123948 0.0190524 0.0264555 0.0337811 0.0405023 0.0464351 0.0513479 0.0545585 0.0550244 0.0519538 0.0454367
 1.1621e-16 4.10775e-05 0.000399288 0.00265341 0.012062 0.0375296 0.0799619 0.116713 0.116742 0.080105 0.0380104 0.0134517 0.00614571 0.00803737 0.0145916 0.0241813 0.0351391 0.0448885 0.0508844 0.0520938 0.0496526 0.0460523 0.0434844 0.0426258 0.0426152 0.0419385
 1.11951e-16 5.28217e-05 0.000513446 0.00341203 0.0155106 0.0482593 0.102822 0.150076 0.150096 0.102917 0.0485763 0.0164278 0.00572037 0.00557276 0.00972128 0.0161464 0.0236315 0.0305233 0.0351761 0.0368617 0.0361729 0.034514 0.033102 0.0322857 0.0315995 0.0303094
 1.04701e-16 6.4913e-05 0.000630977 0.00419307 0.0190611 0.0593062 0.126359 0.184427 0.184441 0.126428 0.0595385 0.0197325 0.00587993 0.00431888 0.00708533 0.0116547 0.0168886 0.0214675 0.0240977 0.0242018 0.022255 0.0194336 0.0168605 0.0150435 0.0138379 0.0127935
 1.03103e-16 5.83416e-05 0.000567101 0.00376859 0.0171315 0.0533025 0.113567 0.16576 0.165783 0.113681 0.0536824 0.018229 0.0065237 0.00658234 0.0114848 0.0189008 0.0272375 0.0342864 0.037837 0.0368725 0.03217 0.0257605 0.0197002 0.0151107 0.0120428 0.00996087
 1.0234e-16 6.54542e-05 0.000636238 0.00422803 0.01922 0.0598006 0.127412 0.185965 0.18598 0.127485 0.0600442 0.019924 0.00599685 0.00450291 0.0074245 0.012211 0.0176781 0.0224259 0.0250668 0.0249494 0.0225209 0.0189771 0.0155002 0.0126933 0.0105425 0.00875071
 1.0417e-16 4.29227e-05 0.000417224 0.0027726 0.0126039 0.0392156 0.0835543 0.121958 0.121996 0.0837409 0.039842 0.0144134 0.00731538 0.010336 0.0188861 0.0311693 0.0449306 0.0565733 0.0624525 0.0608806 0.0531163 0.0424779 0.0323283 0.024508 0.0191231 0.0153456
 1.09233e-16 4.13172e-05 0.000401618 0.0026689 0.0121324 0.0377486 0.0804285 0.117394 0.117422 0.0805653 0.0382086 0.0134636 0.0060207 0.00775303 0.0141039 0.0235146 0.0344842 0.0446481 0.0515822 0.0541127 0.0528885 0.0496824 0.0460473 0.0424656 0.0385259 0.0336969
 1.11352e-16 4.92319e-05 0.000478552 0.00318015 0.0144565 0.0449796 0.0958346 0.139878 0.1399 0.0959403 0.0453347 0.0154839 0.005766 0.00614646 0.0108819 0.0180936 0.0264921 0.0342411 0.0395069 0.0414787 0.0408104 0.0390363 0.0374495 0.036354 0.0351643 0.0330636
 1.05312e-16 6.50565e-05 0.000632373 0.00420234 0.0191032 0.0594373 0.126638 0.184835 0.184848 0.126703 0.0596549 0.0197323 0.00578342 0.00409097 0.00665474 0.0109553 0.0159109 0.0203019 0.0229364 0.0232861 0.0217911 0.0195236 0.0174842 0.0160871 0.0151432 0.0142005
 1.01228e-16 7.32611e-05 0.000712124 0.00473232 0.0215124 0.0669332 0.142609 0.208143 0.208152 0.142652 0.0670778 0.0219302 0.00578094 0.00300135 0.0044212 0.00719403 0.0103585 0.0130318 0.0143685 0.0139828 0.0121741 0.00972169 0.00741461 0.00568361 0.00454667 0.00379332
 1.00819e-16 6.68759e-05 0.000650058 0.00431986 0.0196375 0.0610996 0.13018 0.190004 0.190021 0.13026 0.0613692 0.0204159 0.00627311 0.00491133 0.00815187 0.0133499 0.019175 0.0240079 0.0262453 0.0251464 0.0212732 0.016118 0.0112266 0.00749656 0.00504985 0.00355096
 1.02356e-16 4.96015e-05 0.000482144 0.00320402 0.014565 0.0453174 0.0965546 0.140931 0.140963 0.0967125 0.0458475 0.0160965 0.00704873 0.0088769 0.0159976 0.0263807 0.0380234 0.0478639 0.052802 0.0513852 0.0446483 0.0353749 0.0264083 0.0193408 0.0143363 0.0107893
 1.04608e-16 5.57272e-05 0.000541688 0.00359971 0.0163638 0.0509139 0.108478 0.158331 0.158352 0.108578 0.0512502 0.0173367 0.00604678 0.00590017 0.0102808 0.0170342 0.0248267 0.0318318 0.0362046 0.0370618 0.0349404 0.0313014 0.0275161 0.0241716 0.0211149 0.0179676
 1.00587e-16 7.91354e-05 0.000769224 0.00511177 0.0232373 0.0723 0.154043 0.224831 0.224834 0.154057 0.072346 0.0233701 0.0054452 0.00149795 0.0014656 0.00230422 0.00332718 0.00421706 0.00470941 0.00468488 0.00423382 0.00358851 0.00297599 0.0025077 0.00217092 0.00189401
 1.00115e-16 7.74401e-05 0.000752745 0.00500226 0.0227395 0.0707512 0.150743 0.220015 0.220021 0.15077 0.0708426 0.0230034 0.00566412 0.0021958 0.00281276 0.00451356 0.00646167 0.0080566 0.00874465 0.00827274 0.006839 0.00496741 0.00320693 0.00188521 0.00105656 0.000604832
 1.01005e-16 3.59256e-05 0.00034921 0.00232062 0.0105492 0.0328229 0.0699346 0.102082 0.102134 0.0701867 0.0336693 0.0129928 0.00845023 0.0137166 0.0253828 0.0418 0.0599609 0.0748726 0.081466 0.0773944 0.0644522 0.0474171 0.031285 0.0190245 0.0111278 0.00657229
 1.01409e-16 7.54055e-05 0.000732968 0.00487083 0.0221421 0.0688923 0.146782 0.214234 0.214238 0.146802 0.0689587 0.0223345 0.00535637 0.00180156 0.00213011 0.00346775 0.00514015 0.00677867 0.0080503 0.00878138 0.00902097 0.00893946 0.00865731 0.00816292 0.00737615 0.0062733
 1.01158e-16 6.23412e-05 0.000605979 0.00402694 0.0183059 0.0569566 0.121353 0.177123 0.177144 0.121459 0.0573141 0.019338 0.00661584 0.00625172 0.0107675 0.0176577 0.0253269 0.0316334 0.0344435 0.0327824 0.0274284 0.0204158 0.0138552 0.00897491 0.00593092 0.00422685
 1.01597e-16 6.48678e-05 0.000630538 0.00419015 0.0190478 0.0592649 0.126271 0.184299 0.184316 0.12635 0.0595327 0.0198216 0.00613369 0.00487702 0.00814043 0.0133826 0.0193347 0.0244415 0.0271538 0.0267399 0.0236951 0.0193657 0.0151108 0.0116668 0.00908624 0.00708292
 1.01895e-16 6.29016e-05 0.000611426 0.00406314 0.0184705 0.0574685 0.122444 0.178714 0.178733 0.122535 0.0577759 0.0193584 0.0062924 0.0054795 0.00931284 0.0153083 0.0220735 0.0278143 0.030742 0.0300254 0.0262712 0.0210897 0.0161116 0.012228 0.00949386 0.00752177
 1.01879e-16 6.49953e-05 0.000631777 0.00419838 0.0190853 0.0593814 0.126519 0.184661 0.184678 0.126598 0.0596485 0.0198568 0.00613598 0.00486429 0.00811124 0.0133272 0.0192396 0.0242924 0.0269402 0.0264618 0.0233714 0.0190406 0.01485 0.0115424 0.00915103 0.00734809
 1.0542e-16 2.76987e-05 0.000269242 0.00178921 0.00813351 0.0253067 0.0539204 0.0787095 0.0787622 0.0541778 0.0261709 0.0106302 0.00805758 0.0139574 0.0260364 0.0430315 0.0620595 0.0781927 0.0864087 0.0843693 0.0737821 0.0591803 0.0451585 0.034233 0.0265661 0.0210696
 1.06136e-16 6.34903e-05 0.000617148 0.00410117 0.0186433 0.0580063 0.123589 0.180383 0.180392 0.123631 0.058149 0.0190576 0.00514914 0.00293187 0.00453878 0.00761004 0.0114398 0.0153969 0.0188552 0.0214892 0.0233714 0.0247284 0.0255863 0.0256522 0.0245347 0.0220823
 1.04456e-16 5.85179e-05 0.000568815 0.00377998 0.0171832 0.0534635 0.113911 0.166261 0.166283 0.114021 0.0538334 0.0182515 0.00646121 0.00642105 0.0111708 0.0183706 0.0264521 0.0332634 0.0366659 0.0357074 0.0312061 0.0252072 0.0197519 0.015906 0.0136125 0.0121898
 1.07009e-16 3.63938e-05 0.00035376 0.00235086 0.0106867 0.0332505 0.0708453 0.103409 0.10345 0.0710432 0.0339152 0.0126077 0.00717676 0.0109022 0.020109 0.033289 0.0481887 0.0610947 0.0682237 0.0678033 0.0610727 0.0513298 0.0418439 0.0342945 0.0286512 0.0240721
 1.05848e-16 6.31028e-05 0.000613381 0.00407614 0.0185295 0.0576523 0.122835 0.179283 0.179294 0.12289 0.0578372 0.0190652 0.00542666 0.00358131 0.00575778 0.00957116 0.0141387 0.0185307 0.0218296 0.0235975 0.0240728 0.0238699 0.0234469 0.0228059 0.0216225 0.0196096
 1.04348e-16 5.75818e-05 0.000559715 0.00371951 0.0169084 0.0526083 0.112088 0.163601 0.163624 0.112202 0.0529905 0.0180124 0.00649098 0.00661021 0.0115499 0.0190079 0.0273902 0.0344819 0.0380748 0.0371747 0.0326016 0.0264336 0.0207478 0.0166352 0.0140599 0.0123687
 1.07404e-16 3.49276e-05 0.000339509 0.00225616 0.0102562 0.0319111 0.0679914 0.0992441 0.0992853 0.0681928 0.0325875 0.0122112 0.00716801 0.0110774 0.0204731 0.0339079 0.049115 0.0623324 0.0697245 0.069493 0.062887 0.0532289 0.0437955 0.0362443 0.0305101 0.025733
pSPR Fmed_Fpbrs
0.551524   0.6 0.325
Fs Fmed_Fpbrs
0.34   0.287289 0.70651
SSBpbr Bo_Bmed_Bpbrs
1.06221e+06  532724  584217 292108
Ro
122071
SPR SPRFo_SPRFmed_SPRFpbrs
867560 478480 281957
Fref
0.287289
Nvult_r0
 48910.3 42412.6 11407.7 1334.03 1294.5
CTP_r0
 8646.76 9465.37 2545.9 297.72 288.899
YTP_r0
312532
Np
 192039 56993.8 5679.59 4444.35 1525.34
Nvult_p0
 135045 41262.5 4111.92 3217.63 1104.32
CTP_p0
 23874.3 3324.68 2601.6 699.752 104.321
 23874.3 9208.71 917.673 718.089 246.456
YTP_p0
 326242 393971
CBA_c0
316645
log_Ro
11.5324
likeval ReclasPelacesDesembMPH_pf_preclas_ppelaces_ptallas_desvR_qrecl_qpela
 14.5779 16.1033 0.0277131 25.0729 205.083 105.359 92.0484 0 22.8267 1.56461e-05 5.13798e-05 0.102863 1.00385e-15 0 0
q_reclas_q_pelaces
1.74961 2.75579
M
1
N
 160196 32864.3 67247.7 4936.38 0.197351
 91793.1 48578.3 9336.24 19104 1402.41
 87567.7 23616 11076 2128.68 4675.51
 134333 22639.9 5420 2541.99 1561.6
 106969 29927.5 4257.86 1019.33 771.759
 202861 33389.8 8837.5 1257.33 528.904
 78361.5 56561.5 8477.63 2243.83 453.523
 31634.1 14793.6 8523.79 1277.57 406.489
 30722.7 10334.4 4642.84 2675.11 528.527
 41511 6958 1986.78 892.583 615.897
 87744.9 7379.92 967.616 276.292 209.777
 150165 28236 2269.87 297.614 149.502
 69499.7 35140.3 5671.27 455.909 89.8043
 38262.7 15371.8 6545.08 1056.31 101.642
 86759.9 2450.77 545.546 232.286 41.0957
 305240 17232.2 395.286 87.9914 44.0937
 60610.9 65634.8 3090.75 70.8981 23.6907
 371644 14987.9 14192.4 668.32 20.4531
 307351 86706.9 2998.23 2839.09 137.785
 309875 59663.2 13562.9 468.989 465.649
 325413 71744.9 11813.7 2685.54 185.065
 448449 85144.3 16731.2 2755.01 669.438
 77779.1 107508 17663.2 3470.89 710.401
 225054 21731.3 27372 4497.11 1064.57
 231164 64276.4 5697.94 7176.93 1458.27
 84168.5 66492.1 17014.1 1508.26 2285.76
 200138 25422.1 18789 4807.76 1072.09
 198814 57637.4 6740.18 4981.54 1558.93
 69552.3 58582.3 15756.9 1842.62 1788.03
pred_Ctot
 18074.5 4832.5 9888.36 725.865 0.0290193
 17958.7 12135.5 2332.32 4772.44 350.34
 16929.1 5833.15 2735.76 525.784 1154.85
 34873.5 7381.05 1767.03 828.741 509.113
 10382.3 3799.92 540.623 129.426 97.9908
 31752.1 6738.99 1783.65 253.764 106.747
 25437.9 22654.1 3395.47 898.701 181.645
 2261.03 1391.59 801.805 120.177 38.2371
 7762.73 3285.27 1475.94 850.407 168.017
 14370.1 2953.91 843.458 378.932 261.47
 7024.27 775.969 101.741 29.051 22.0572
 35827.8 8507.35 683.899 89.6692 45.0442
 18252.8 11580.7 1869 150.248 29.5956
 22780.3 10385.3 4421.89 713.645 68.6699
 26512.9 928.915 206.778 88.043 15.5765
 83712.7 5911.86 135.611 30.1872 15.1273
 12970.6 17850.7 840.592 19.2822 6.44315
 89158.4 4539.06 4298.13 202.4 6.1942
 96592 33717.5 1165.91 1104.03 53.5799
 75367.5 18302.8 4160.66 143.871 142.846
 61064 17225.4 2836.39 644.78 44.4327
 102225 24577.8 4829.65 795.265 193.241
 12092.9 21559 3542.05 696.029 142.459
 32478.4 4056.09 5108.92 839.375 198.7
 32516.4 11704 1037.53 1306.84 265.535
 9676.76 9957.69 2547.99 225.873 342.309
 28027.1 4609.22 3406.59 871.686 194.379
 25469.6 9587.61 1121.19 828.648 259.318
 8762.75 9588.46 2579.01 301.592 292.656
F
 0.193221 0.258484 0.258484 0.258484 0.258484
 0.357613 0.4784 0.4784 0.4784 0.4784
 0.3527 0.471828 0.471828 0.471828 0.471828
 0.501545 0.670946 0.670946 0.670946 0.670946
 0.164285 0.219774 0.219774 0.219774 0.219774
 0.277195 0.37082 0.37082 0.37082 0.37082
 0.667136 0.892468 0.892468 0.892468 0.892468
 0.118759 0.158872 0.158872 0.158872 0.158872
 0.485111 0.648962 0.648962 0.648962 0.648962
 0.727194 0.972812 0.972812 0.972812 0.972812
 0.133835 0.179039 0.179039 0.179039 0.179039
 0.452387 0.605186 0.605186 0.605186 0.605186
 0.508788 0.680636 0.680636 0.680636 0.680636
 1.74807 2.3385 2.3385 2.3385 2.3385
 0.616366 0.824549 0.824549 0.824549 0.824549
 0.536991 0.718366 0.718366 0.718366 0.718366
 0.397233 0.531402 0.531402 0.531402 0.531402
 0.455403 0.609221 0.609221 0.609221 0.609221
 0.639276 0.855198 0.855198 0.855198 0.855198
 0.463052 0.619452 0.619452 0.619452 0.619452
 0.340749 0.455841 0.455841 0.455841 0.455841
 0.428228 0.572866 0.572866 0.572866 0.572866
 0.27512 0.368045 0.368045 0.368045 0.368045
 0.253146 0.338649 0.338649 0.338649 0.338649
 0.246046 0.32915 0.32915 0.32915 0.32915
 0.197204 0.263812 0.263812 0.263812 0.263812
 0.244835 0.327531 0.327531 0.327531 0.327531
 0.221935 0.296895 0.296895 0.296895 0.296895
 0.21791 0.291512 0.291512 0.291512 0.291512
YTP_r0W_actual
 44963.1 194040 55245.9 8633.87 9649.22
YTP_p0W_proyectada
 180012 58015.8 62620.6 21916.2 3677.32
 180012 160692 22088.4 22490.6 8687.56
CTP_r0_actual
 8646.76 9465.37 2545.9 297.72 288.899
CTP_p0_proyectada
 23874.3 3324.68 2601.6 699.752 104.321
 23874.3 9208.71 917.673 718.089 246.456
Wmedp
 7.54 17.45 24.07 31.32 35.25
Frms_r0
 0.214754 0.287289 0.287289 0.287289 0.287289
Zrms_r0
 1.21475 1.28729 1.28729 1.28729 1.28729
nmprior
 7.29 8.9 8.7 0
nm_flota  nm_reclas  nm_pelaces    nm_pelaL
inf 12.7355 11.5626 14.7694
cv_recla  cv_pelaces  cv_mph
0.362217 0.491476 0.433644
 ------------------------------------------------
Talla a la edad & desviaci?n 
 8 13.2811 15.8009 17.003 17.5766
 0.8 1.32811 1.58009 1.7003 1.75766
