years
 1991 1992 1993 1994 1995 1996 1997 1998 1999 2000 2001 2002 2003 2004 2005 2006 2007 2008 2009 2010 2011 2012 2013 2014 2015 2016 2017 2018 2019 2020 2021 2022
reclasobs
 0 0 0 0 0 0 0 0 0 252601 567819 844713 477998 351125 339783 2.1784e+06 2.13404e+06 4.81314e+06 1.55562e+06 2.62356e+06 3.21686e+06 3.843e+06 1.13348e+06 3.07943e+06 1.97215e+06 2.03268e+06 2.025e+06 2.42433e+06 2.27542e+06 1.05018e+06 2.36338e+06 3.18982e+06
reclaspred
 3.025e+06 1.91224e+06 1.32718e+06 1.39197e+06 1.46789e+06 1.71058e+06 1.37568e+06 2.00338e+06 2.14628e+06 2.29797e+06 1.69518e+06 1.6946e+06 1.53215e+06 1.41347e+06 1.46893e+06 1.45237e+06 1.50608e+06 1.71433e+06 866449 586043 908179 495893 744557 1.2648e+06 1.1467e+06 1.47447e+06 1.62741e+06 1.37307e+06 1.64006e+06 1.73818e+06 1.76233e+06 2.35462e+06
pelacesobs
 0 0 0 0 0 0 0 0 0 0 0 0 0 0 0 552880 188675 0 991730 2.46772e+06 1.41603e+06 1.21717e+06 2.29649e+06 1.80582e+06 0 1.4828e+06 1.56532e+06 1.57751e+06 1.42118e+06 867257 1.10002e+06 1.06204e+06
pelacespred
 1.51449e+06 976915 649509 584704 676895 773113 619359 1.0329e+06 1.16343e+06 1.16387e+06 964197 797874 760449 762686 801226 666879 664758 709722 381198 219485 335647 172792 322455 602550 541344 698363 861341 724127 728957 845293 837119 1.09215e+06
mphobs
 0 0 0 0 0 0 0 0 0 0 0 0 498337 0 5186 125008 0 168611 109162 213762 579715 649985 157893 87575 83554 210694 70296 0 107559 103333 445601 22526
mphpred
 3.03182e+06 1.94383e+06 1.26801e+06 1.0117e+06 1.13687e+06 1.26016e+06 1.26577e+06 1.12043e+06 1.67847e+06 1.94439e+06 1.56638e+06 1.4288e+06 1.31188e+06 1.10742e+06 1.06682e+06 1.33318e+06 1.07191e+06 1.35535e+06 892211 441369 485016 434323 258690 646672 980102 833915 1.19241e+06 1.10913e+06 1.24788e+06 1.30659e+06 1.24551e+06 1.46013e+06
desembarqueobs
 494567 514787 250237 358949 120608 361735 552515 73892 212993 205616 52469 317467 293654 387597 252695 516296 358380 742168 942051 627588 828172 859565 418607 520667 417249 300574 415391 372974 316634 284311 391294 218835
desembarquepred
 495012 506348 260385 358752 120544 361506 552140 73857 212938 205577 52448.2 317574 293773 388090 252696 515901 358005 739716 933336 621747 822213 852750 418355 520695 417190 300509 415217 372892 316619 284293 391345 218744
Reclutas
 236702 236702 236702 236702 236702 236702 236702 236702 236702 236702 236702 236702 236702 236702 236702 236702 236702 236702 236702 236702 236702 236702 236702 236702 236702 236702 236702 236702 236702 236702 236702 236702
log_desv_Rt
 0 0 0 0 0 0 0 0 0 0 0 0 0 0 0 0 0 0 0 0 0 0 0 0 0 0 0 0 0 0 0 0
SSB
 3.03182e+06 1.94383e+06 1.26801e+06 1.0117e+06 1.13687e+06 1.26016e+06 1.26577e+06 1.12043e+06 1.67847e+06 1.94439e+06 1.56638e+06 1.4288e+06 1.2662e+06 1.09357e+06 1.04229e+06 1.29814e+06 1.07191e+06 1.35535e+06 927586 458824 521446 514676 305789 722400 1.02029e+06 917416 1.23761e+06 1.10913e+06 1.29295e+06 1.27675e+06 1.37207e+06 1.64586e+06
BT
 4.21532e+06 3.06019e+06 1.91156e+06 1.968e+06 1.94271e+06 2.5683e+06 2.19221e+06 3.5236e+06 3.70398e+06 3.37827e+06 2.67536e+06 2.45873e+06 2.45279e+06 2.82871e+06 2.8414e+06 2.31648e+06 2.27433e+06 2.66611e+06 2.14183e+06 1.26485e+06 1.8565e+06 1.3504e+06 1.59719e+06 2.60575e+06 1.92695e+06 2.53055e+06 3.14256e+06 2.61047e+06 2.27238e+06 2.79045e+06 2.80126e+06 3.37921e+06
Ftot
 0.155026 0.248821 0.185415 0.242564 0.0783306 0.19965 0.373146 0.0352901 0.0945629 0.0852752 0.0296228 0.17729 0.181394 0.258418 0.163207 0.331526 0.224279 0.399999 0.944116 0.939305 0.81061 1.42499 0.520583 0.384263 0.339615 0.192873 0.24044 0.255803 0.182581 0.155123 0.20974 0.0885547
BD_Bspro_t
 0.975501 0.841288 0.728135 0.708209 0.712109 0.774292 0.730974 0.662017 0.80703 0.849055 0.853299 0.883293 0.807353 0.75266 0.730151 0.747947 0.648874 0.688876 0.534433 0.343489 0.323901 0.302442 0.229942 0.439239 0.550968 0.581863 0.693065 0.697646 0.722071 0.723886 0.751402 0.766579
BD_Bspro
 1.77945 1.14088 0.744227 0.593792 0.667257 0.739617 0.742911 0.657605 0.985132 1.14121 0.919346 0.838593 0.743162 0.641842 0.611744 0.761909 0.629127 0.795485 0.544421 0.269294 0.306049 0.302075 0.179474 0.423993 0.598833 0.538452 0.726384 0.650973 0.758863 0.749352 0.8053 0.965995
BD_Bo
 1.3668 0.876317 0.571645 0.456096 0.512525 0.568104 0.570635 0.50511 0.756686 0.87657 0.706156 0.644129 0.570827 0.493003 0.469885 0.585227 0.483236 0.611017 0.418173 0.206847 0.235078 0.232026 0.137855 0.325672 0.459967 0.413589 0.55794 0.500017 0.582887 0.575582 0.618556 0.741987
BD_Brms
 5.77775 3.70437 2.41646 1.92801 2.16654 2.40149 2.41219 2.1352 3.19866 3.70544 2.98506 2.72286 2.413 2.08402 1.9863 2.47387 2.04274 2.58289 1.7677 0.874382 0.993722 0.98082 0.582743 1.37668 1.94437 1.74832 2.35853 2.11367 2.46398 2.4331 2.61476 3.13653
Sel_flota
 0.5 1 1 1 1
 0.5 1 1 1 1
 0.5 1 1 1 1
 0.5 1 1 1 1
 0.5 1 1 1 1
 0.5 1 1 1 1
 0.5 1 1 1 1
 0.5 1 1 1 1
 0.5 1 1 1 1
 0.5 1 1 1 1
 0.5 1 1 1 1
 0.5 1 1 1 1
 0.5 1 1 1 1
 0.5 1 1 1 1
 0.5 1 1 1 1
 0.5 1 1 1 1
 0.5 1 1 1 1
 0.5 1 1 1 1
 0.5 1 1 1 1
 0.5 1 1 1 1
 0.5 1 1 1 1
 0.5 1 1 1 1
 0.5 1 1 1 1
 0.5 1 1 1 1
 0.5 1 1 1 1
 0.5 1 1 1 1
 0.5 1 1 1 1
 0.5 1 1 1 1
 0.5 1 1 1 1
 0.5 1 1 1 1
 0.5 1 1 1 1
 0.5 1 1 1 1
Sel_reclas
 0.5 1 1 1 1
 0.5 1 1 1 1
 0.5 1 1 1 1
 0.5 1 1 1 1
 0.5 1 1 1 1
 0.5 1 1 1 1
 0.5 1 1 1 1
 0.5 1 1 1 1
 0.5 1 1 1 1
 0.5 1 1 1 1
 0.5 1 1 1 1
 0.5 1 1 1 1
 0.5 1 1 1 1
 0.5 1 1 1 1
 0.5 1 1 1 1
 0.5 1 1 1 1
 0.5 1 1 1 1
 0.5 1 1 1 1
 0.5 1 1 1 1
 0.5 1 1 1 1
 0.5 1 1 1 1
 0.5 1 1 1 1
 0.5 1 1 1 1
 0.5 1 1 1 1
 0.5 1 1 1 1
 0.5 1 1 1 1
 0.5 1 1 1 1
 0.5 1 1 1 1
 0.5 1 1 1 1
 0.5 1 1 1 1
 0.5 1 1 1 1
 0.5 1 1 1 1
Sel_pelaces
 0.5 1 1 1 1
 0.5 1 1 1 1
 0.5 1 1 1 1
 0.5 1 1 1 1
 0.5 1 1 1 1
 0.5 1 1 1 1
 0.5 1 1 1 1
 0.5 1 1 1 1
 0.5 1 1 1 1
 0.5 1 1 1 1
 0.5 1 1 1 1
 0.5 1 1 1 1
 0.5 1 1 1 1
 0.5 1 1 1 1
 0.5 1 1 1 1
 0.5 1 1 1 1
 0.5 1 1 1 1
 0.5 1 1 1 1
 0.5 1 1 1 1
 0.5 1 1 1 1
 0.5 1 1 1 1
 0.5 1 1 1 1
 0.5 1 1 1 1
 0.5 1 1 1 1
 0.5 1 1 1 1
 0.5 1 1 1 1
 0.5 1 1 1 1
 0.5 1 1 1 1
 0.5 1 1 1 1
 0.5 1 1 1 1
 0.5 1 1 1 1
 0.5 1 1 1 1
pf_obs 
 0.8446 0.082 0.0669 0.0065 0
 0.8095 0.147 0.0364 0.0071 0
 0.9664 0.0169 0.016 0.0007 0
 0.9276 0.0648 0.0075 0.0001 0
 0.7033 0.2144 0.0806 0.0017 0
 0.9318 0.0425 0.0243 0.0014 0
 0.5671 0.3108 0.0964 0.0239 0.0018
 0.0768 0.2599 0.5324 0.112 0.0189
 0.490249 0.384438 0.106611 0.0170017 0.00170017
 0.7925 0.1577 0.0466 0.003 0.0002
 0.840416 0.127587 0.0312969 0.00059994 9.999e-05
 0.8084 0.0986 0.0794 0.0134 0.0002
 0.7335 0.1905 0.0724 0.0035 0.0001
 0.4001 0.4547 0.1325 0.0127 0
 0.49795 0.308269 0.164784 0.0264974 0.00249975
 0.9179 0.0499 0.0305 0.0017 0
 0.2467 0.6533 0.0926 0.0074 0
 0.9418 0.0223 0.034 0.0019 0
 0.707729 0.231977 0.0356964 0.0245975 0
 0.517169 0.277429 0.184464 0.0207286 0.00020938
 0.811772 0.124168 0.05621 0.00726502 0.000585176
 0.764997 0.148141 0.077277 0.00933861 0.000247198
 0.163321 0.427699 0.378323 0.0303852 0.000271297
 0.753843 0.0900009 0.118128 0.0371064 0.000921714
 0.721811 0.176058 0.0630433 0.0369309 0.00215725
 0.143369 0.312575 0.442814 0.0836902 0.0175525
 0.692698 0.0596174 0.167031 0.0765114 0.00414204
 0.394062 0.376323 0.152708 0.0712218 0.00568511
 0.125707 0.32114 0.495352 0.0537591 0.00404204
 0.23352 0.215282 0.420074 0.123614 0.00750983
 0.796117 0.104755 0.0508955 0.0450114 0.00322123
 0.162477 0.292055 0.404252 0.121198 0.0200186
pf_pred 
 0.444659 0.0247444 0.415957 0.0529967 0.061643
 0.491686 0.318395 0.00846227 0.142252 0.0392052
 0.519242 0.324852 0.0976554 0.00259548 0.055655
 0.521274 0.332869 0.0985567 0.0296277 0.0176726
 0.522146 0.33483 0.0994478 0.0294447 0.0141314
 0.504236 0.342569 0.107343 0.0318819 0.01397
 0.524952 0.32464 0.103931 0.0325663 0.0139108
 0.540227 0.327413 0.0904526 0.0289577 0.0129497
 0.498129 0.353139 0.105916 0.0292607 0.0135567
 0.49325 0.340111 0.117254 0.0351677 0.0142169
 0.487386 0.341518 0.114833 0.0395891 0.0166739
 0.484553 0.338808 0.117682 0.0395698 0.0193874
 0.505967 0.328334 0.108916 0.0378309 0.0189528
 0.517328 0.329996 0.101468 0.0336591 0.0175483
 0.527575 0.329938 0.0974168 0.0299538 0.0151167
 0.524782 0.333105 0.0992505 0.0293045 0.0135579
 0.543527 0.323782 0.0930098 0.0277127 0.0119681
 0.541553 0.329154 0.0917092 0.0263444 0.0112393
 0.589122 0.298819 0.0804552 0.0224165 0.00918661
 0.67268 0.260127 0.0488675 0.0131573 0.00516823
 0.6816 0.269713 0.0386926 0.0072688 0.00272582
 0.687255 0.264804 0.0406107 0.00582594 0.00150489
 0.728578 0.237657 0.0285892 0.00438448 0.000791465
 0.621455 0.326662 0.0454286 0.00546489 0.000989395
 0.580943 0.329662 0.0771418 0.010728 0.00152419
 0.558232 0.333252 0.085367 0.0199761 0.00317275
 0.533537 0.339572 0.0957215 0.0245204 0.00664915
 0.53425 0.331044 0.0980616 0.0276424 0.00900112
 0.533131 0.332565 0.0954606 0.0282772 0.0105666
 0.520706 0.338773 0.100097 0.0287322 0.0116914
 0.515641 0.336452 0.104543 0.0308893 0.0124745
 0.51611 0.335735 0.102914 0.0319776 0.0132641
pobs_RECLAS
 0 0 0 0 0
 0 0 0 0 0
 0 0 0 0 0
 0 0 0 0 0
 0 0 0 0 0
 0 0 0 0 0
 0 0 0 0 0
 0 0 0 0 0
 0 0 0 0 0
 0 0 0 0 0
 0.991045 0.00858322 0.000360255 1.14367e-05 0
 0.934742 0.0480273 0.0164251 0.00080598 0
 0.827803 0.169806 0.00239088 0 0
 0.941827 0.0461693 0.0120037 0 0
 0.791401 0.0380133 0.147996 0.0225897 0
 0.846168 0.0940531 0.0597789 0 0
 0.134021 0.677848 0.182769 0.00536245 0
 0.80878 0.0450904 0.141981 0.00414843 0
 0.846168 0.0940531 0.0597789 0 0
 0.905697 0.0802665 0.012482 0.00150086 5.37128e-05
 0.989698 0.0102097 9.19794e-05 0 0
 0.975433 0.0193895 0.00387452 0.00125025 5.28907e-05
 0.303575 0.632131 0.0575291 0.00676475 0
 0.966965 0.00978017 0.0227588 0.000495775 0
 0.843318 0.132988 0.00938335 0.0141283 0.000182051
 0.564624 0.303363 0.111486 0.0197234 0.00080311
 0.826376 0.0876187 0.0782897 0.00655872 0.00115652
 0.89761 0.0855135 0.0140674 0.00269457 0.000114338
 0.34875 0.467042 0.161289 0.0227151 0.000203297
 0.318654 0.224769 0.449479 0.00709798 0
 0.937255 0.0296025 0.0250945 0.00804832 0
 0.456809 0.399803 0.12412 0.0192676 0
ppred_RECLAS
 0.446404 0.0246667 0.41465 0.0528301 0.0614493
 0.494691 0.316512 0.00841224 0.141411 0.0389735
 0.521393 0.323399 0.0972187 0.00258387 0.0554061
 0.524187 0.330844 0.097957 0.0294474 0.0175651
 0.522993 0.334237 0.0992717 0.0293926 0.0141064
 0.506576 0.340953 0.106836 0.0317314 0.0139041
 0.529781 0.32134 0.102874 0.0322353 0.0137694
 0.540595 0.327151 0.0903801 0.0289345 0.0129393
 0.499164 0.35241 0.105697 0.0292003 0.0135287
 0.494177 0.339489 0.11704 0.0351033 0.0141908
 0.487696 0.341311 0.114764 0.0395652 0.0166638
 0.4866 0.337463 0.117215 0.0394127 0.0193104
 0.508068 0.326937 0.108453 0.03767 0.0188722
 0.520463 0.327853 0.100809 0.0334405 0.0174343
 0.529438 0.328637 0.0970326 0.0298357 0.0150571
 0.528973 0.330167 0.0983751 0.029046 0.0134383
 0.546175 0.321904 0.0924703 0.027552 0.0118986
 0.546781 0.3254 0.0906634 0.026044 0.0111112
 0.604542 0.287605 0.0774359 0.0215753 0.00884186
 0.686535 0.249116 0.046799 0.0126003 0.00494946
 0.692793 0.260232 0.0373324 0.00701327 0.00263
 0.711361 0.244393 0.0374804 0.00537688 0.00138889
 0.734318 0.23263 0.0279846 0.00429176 0.000774726
 0.626166 0.322597 0.0448633 0.00539689 0.000977083
 0.58515 0.326353 0.0763675 0.0106204 0.00150889
 0.560451 0.331578 0.0849382 0.0198758 0.00315681
 0.536412 0.337479 0.0951314 0.0243692 0.00660816
 0.537337 0.32885 0.0974117 0.0274592 0.00894146
 0.535238 0.331064 0.0950297 0.0281496 0.0105189
 0.52247 0.337526 0.0997285 0.0286264 0.0116484
 0.518112 0.334736 0.10401 0.0307318 0.0124108
 0.517075 0.335065 0.102708 0.0319139 0.0132376
pobs_PELACES
 0 0 0 0 0
 0 0 0 0 0
 0 0 0 0 0
 0 0 0 0 0
 0 0 0 0 0
 0 0 0 0 0
 0 0 0 0 0
 0 0 0 0 0
 0 0 0 0 0
 0 0 0 0 0
 0 0 0 0 0
 0 0 0 0 0
 0 0 0 0 0
 0 0 0 0 0
 0 0 0 0 0
 0 0 0 0 0
 0.505614 0.472636 0.0217494 0 0
 0 0 0 0 0
 0.443492 0.261883 0.143347 0.151278 0
 0.227955 0.32914 0.350689 0.0885471 0.00366901
 0.970185 0.0296113 0.000203453 0 0
 0.997202 0.00247181 0.000326279 0 0
 0.445219 0.490057 0.0546422 0.010081 0
 0.90214 0.0892962 0.00764917 0.000914606 0
 0 0 0 0 0
 0.581667 0.319106 0.0959925 0.00289975 0.000334073
 0.762889 0.0836404 0.116647 0.0363945 0.000428098
 0.88444 0.0763242 0.0277011 0.0115352 0
 0.521256 0.241999 0.230069 0.00667565 0
 0.616807 0.101726 0.260614 0.0208532 0
 0.833518 0.0704572 0.0857862 0.0102388 0
 0.697417 0.212968 0.0787535 0.0105354 0.000325836
ppred_PELACES
 0.452734 0.0243846 0.409909 0.0522261 0.0607467
 0.504955 0.310084 0.00824138 0.138539 0.0381819
 0.529021 0.318244 0.0956691 0.00254268 0.054523
 0.534158 0.323911 0.0959042 0.0288303 0.017197
 0.526216 0.331978 0.0986009 0.029194 0.0140111
 0.514807 0.335265 0.105054 0.031202 0.0136721
 0.545086 0.310881 0.099526 0.0311861 0.0133213
 0.542041 0.326121 0.0900956 0.0288434 0.0128986
 0.503064 0.349665 0.104874 0.0289729 0.0134233
 0.497695 0.337128 0.116226 0.0348592 0.0140922
 0.488917 0.340498 0.11449 0.0394709 0.0166241
 0.49391 0.332658 0.115546 0.0388515 0.0190354
 0.515546 0.321967 0.106804 0.0370973 0.0185853
 0.531094 0.320585 0.0985738 0.0326991 0.0170478
 0.536141 0.323955 0.0956503 0.0294107 0.0148426
 0.542578 0.320631 0.0955338 0.0282071 0.0130502
 0.555331 0.31541 0.0906047 0.0269961 0.0116586
 0.56308 0.313698 0.0874028 0.0251074 0.0107116
 0.641114 0.261007 0.0702745 0.0195799 0.00802414
 0.718888 0.223404 0.0419688 0.0112998 0.00443862
 0.720503 0.236759 0.033965 0.00638067 0.00239277
 0.757152 0.205621 0.0315344 0.00452388 0.00116855
 0.750736 0.218255 0.0262553 0.00402656 0.000726853
 0.640885 0.309896 0.0430969 0.0051844 0.000938612
 0.598685 0.315706 0.0738759 0.0102739 0.00145966
 0.568275 0.325676 0.0834263 0.019522 0.00310062
 0.546262 0.330309 0.0931101 0.0238514 0.00646775
 0.547812 0.321405 0.0952062 0.0268375 0.00873902
 0.542723 0.325732 0.0934992 0.0276962 0.0103495
 0.528852 0.333016 0.0983957 0.0282438 0.0114927
 0.526746 0.328738 0.102147 0.0301811 0.0121885
 0.520722 0.332535 0.101933 0.0316729 0.0131376
pobs_pel_tallas
 0 0 0 0 0 0 0 0 0 0 0 0 0 0 0 0 0 0 0 0 0 0 0 0 0 0
 0 0 0 0 0 0 0 0 0 0 0 0 0 0 0 0 0 0 0 0 0 0 0 0 0 0
 0 0 0 0 0 0 0 0 0 0 0 0 0 0 0 0 0 0 0 0 0 0 0 0 0 0
 0 0 0 0 0 0 0 0 0 0 0 0 0 0 0 0 0 0 0 0 0 0 0 0 0 0
 0 0 0 0 0 0 0 0 0 0 0 0 0 0 0 0 0 0 0 0 0 0 0 0 0 0
 0 0 0 0 0 0 0 0 0 0 0 0 0 0 0 0 0 0 0 0 0 0 0 0 0 0
 0 0 0 0 0 0 0 0 0 0 0 0 0 0 0 0 0 0 0 0 0 0 0 0 0 0
 0 0 0 0 0 0 0 0 0 0 0 0 0 0 0 0 0 0 0 0 0 0 0 0 0 0
 0 0 0 0 0 0 0 0 0 0 0 0 0 0 0 0 0 0 0 0 0 0 0 0 0 0
 0 0 0 0 0 0 0 0 0 0 0 0 0 0 0 0 0 0 0 0 0 0 0 0 0 0
 0 0 0 0 0 0 0 0 0 0 0 0 0 0 0 0 0 0 0 0 0 0 0 0 0 0
 0 0 0 0 0 0 0 0 0 0 0 0 0 0 0 0 0 0 0 0 0 0 0 0 0 0
 0.00862536 0 0 0.000197151 0.00414017 0.0128641 0.00837892 0.0270097 0.101434 0.158115 0.152841 0.127902 0.109271 0.109419 0.0830992 0.0579132 0.0238553 0.00714673 0.00463305 0.00128148 0.00103504 0.000492878 0.000147863 0.000147863 4.92878e-05 0
 0 0 0 0 0 0 0 0 0 0 0 0 0 0 0 0 0 0 0 0 0 0 0 0 0 0
 0 0 0 0 0 0 0 0.0054083 0.00873648 0.0413646 0.0450493 0.0745869 0.0622846 0.0627006 0.0613931 0.0827291 0.12552 0.122667 0.0946155 0.0697135 0.0546179 0.0294188 0.0215738 0.0213955 0.0102223 0.00600262
 0 0 0 0 0.00359764 0.0251062 0.0480494 0.140153 0.205849 0.193036 0.1447 0.116669 0.0760912 0.0342217 0.00950174 0.001854 0.000860785 0 0 0 0.000165536 0 0.000143464 0 0 0
 0 0 0 0 0 0 0 0.000145254 0.000435761 0.0275982 0.070085 0.0708112 0.156366 0.174668 0.174014 0.160142 0.0824315 0.0480064 0.0283245 0.00493863 0.00203355 0 0 0 0 0
 0 0 0 0 0 0 0 0 0 0 0 0 0 0 0 0 0 0 0 0 0 0 0 0 0 0
 0 0 1.00437e-05 0.000401748 0.00122533 0.00171747 0.00176769 0.0269171 0.070346 0.194647 0.189555 0.159765 0.064822 0.0314167 0.0384472 0.0292271 0.0345202 0.0313363 0.0194345 0.0106764 0.0143323 0.0359363 0.0279516 0.0138201 0.00172751 0
 0 0.0021121 0.0136068 0.0755702 0.200478 0.177729 0.0527432 0.0373336 0.0318909 0.0142505 0.0149659 0.0166563 0.0217959 0.0798694 0.0677717 0.0528807 0.04013 0.0224614 0.0357745 0.0225083 0.00881397 0.00855152 0.00135912 0.000746735 0 0
 0 0 0 0 5.4009e-05 0.00500934 0.000945158 0.0243581 0.138947 0.33067 0.221406 0.137944 0.0707744 0.0437923 0.0131692 0.00525238 0.0047753 0.00276346 9.45158e-05 9.00151e-06 2.25038e-05 9.00151e-06 4.50075e-06 0 0 0
 0.000866109 0.00284123 0.00948549 0.0512746 0.133035 0.25785 0.225252 0.132002 0.0553304 0.0519788 0.0540692 0.017754 0.00435017 0.00159236 0.00146478 0.000404838 0.000125132 0.000115318 0.000107957 0.000100596 0 0 0 0 0 0
 0 0 0 0 0.00144013 0.00171154 0.00461396 0.0210425 0.0478622 0.0707936 0.0888783 0.103762 0.0637923 0.0337046 0.0602308 0.124433 0.169614 0.0934646 0.0462172 0.0250306 0.0313229 0.00938855 0.002487 0.000210481 0 0
 0 0.00764035 0.051015 0.0998891 0.058973 0.0496711 0.0374665 0.0718981 0.12319 0.153886 0.159021 0.0857701 0.0377988 0.023471 0.0147837 0.00900784 0.00315554 0.000888139 0.00291439 0.00214683 0.00393193 0.00274676 0.000635225 9.99891e-05 0 0
 0 0 0 0 0 0 0 0 0 0 0 0 0 0 0 0 0 0 0 0 0 0 0 0 0 0
 0 0 0 0 0 0 0 0 0 0 0 0 0 0 0 0 0 0 0 0 0 0 0 0 0 0
 0 0 0 0 0 0 0 0 0 0 0 0 0 0 0 0 0 0 0 0 0 0 0 0 0 0
 0 0 0 0 0 0 0 0 0 0 0 0 0 0 0 0 0 0 0 0 0 0 0 0 0 0
 0 0 0 0 0 0 0 0 0 0 0 0 0 0 0 0 0 0 0 0 0 0 0 0 0 0
 0 0 0 0 0 0 0 0 0 0 0 0 0 0 0 0 0 0 0 0 0 0 0 0 0 0
 0 0 0 0 0 0 0 0 0 0 0 0 0 0 0 0 0 0 0 0 0 0 0 0 0 0
 0 0 0 0 0 0 0 0 0 0 0 0 0 0 0 0 0 0 0 0 0 0 0 0 0 0
ppred_pel_tallas
 1.27353e-16 3.72911e-05 0.000362482 0.00240882 0.0109502 0.03407 0.0725899 0.105948 0.105951 0.0726049 0.0341223 0.0111097 0.00284126 0.00141262 0.00234364 0.00463264 0.00858401 0.0148135 0.0238873 0.0359774 0.0504413 0.0655556 0.0787139 0.0871877 0.0891371 0.0843178
 1.20673e-16 4.15925e-05 0.000404294 0.00268668 0.0122133 0.0380001 0.0809644 0.118176 0.118206 0.0811105 0.0384905 0.0136297 0.00624289 0.00817107 0.0148056 0.0244561 0.0353612 0.0448271 0.0502325 0.0505989 0.0473019 0.0432193 0.0409324 0.0413203 0.043399 0.0452084
 1.12325e-16 4.35749e-05 0.000423563 0.00281473 0.0127954 0.0398113 0.0848233 0.123808 0.123839 0.0849736 0.0403163 0.0142552 0.00648344 0.00844669 0.0153234 0.0253764 0.0368198 0.0468777 0.0527536 0.053189 0.0492001 0.0433203 0.0379792 0.0342923 0.0319733 0.03006
 1.08652e-16 4.3998e-05 0.000427676 0.00284206 0.0129196 0.0401978 0.0856469 0.125011 0.125042 0.0857999 0.0407119 0.0144054 0.00657593 0.00859312 0.0155942 0.0258231 0.0374611 0.0476745 0.0535995 0.0539236 0.0496321 0.0432424 0.0371715 0.0325366 0.0290999 0.0260244
 1.0823e-16 4.33438e-05 0.000421317 0.0027998 0.0127275 0.0396002 0.0843735 0.123152 0.123184 0.0845304 0.040127 0.0142503 0.00662656 0.00878974 0.0159796 0.0264627 0.038385 0.0488401 0.0548866 0.0551703 0.0506909 0.0440202 0.0376344 0.0326898 0.028968 0.0256461
 1.08561e-16 4.24041e-05 0.000412183 0.0027391 0.0124516 0.0387416 0.0825444 0.120483 0.120515 0.0827028 0.0392739 0.0139901 0.00660582 0.00886944 0.0161521 0.0267615 0.0388443 0.0494778 0.0557022 0.0561529 0.0518279 0.0452965 0.0390188 0.0341225 0.0303626 0.0269096
 1.08334e-16 4.48981e-05 0.000436425 0.0029002 0.0131839 0.0410202 0.087399 0.127568 0.127598 0.0875459 0.0415138 0.0146108 0.00648669 0.0082815 0.0149906 0.0248342 0.0360601 0.0459615 0.0518017 0.0523217 0.0484474 0.0425519 0.0368966 0.0325003 0.0291095 0.025936
 1.07759e-16 4.46473e-05 0.000433987 0.002884 0.0131103 0.0407911 0.0869108 0.126856 0.126887 0.0870648 0.0413084 0.0146054 0.0066408 0.00864777 0.0156816 0.0259531 0.0376162 0.0478014 0.0536077 0.0537029 0.0490828 0.0423065 0.0358509 0.0308929 0.0272403 0.0240792
 1.08294e-16 4.14368e-05 0.000402781 0.00267662 0.0121676 0.037858 0.0806616 0.117735 0.117769 0.0808268 0.0384129 0.0137715 0.00670738 0.00921737 0.0168274 0.0278732 0.0404307 0.05144 0.0577991 0.0580752 0.0533123 0.0462117 0.0393795 0.0340413 0.0299866 0.0263752
 1.09321e-16 4.09945e-05 0.000398481 0.00264805 0.0120377 0.0374538 0.0798005 0.116478 0.116511 0.0799599 0.0379894 0.013586 0.00654038 0.00891461 0.0162712 0.0269837 0.0392183 0.050062 0.0565607 0.0573514 0.0534195 0.0472959 0.0413757 0.0367107 0.0329982 0.029394
 1.10163e-16 4.02715e-05 0.000391453 0.00260135 0.0118254 0.0367933 0.0783932 0.114424 0.114457 0.0785542 0.0373341 0.013389 0.00653208 0.00899136 0.0164296 0.0272471 0.0396002 0.0505503 0.057122 0.0579525 0.0540569 0.0480107 0.0422412 0.0377966 0.0343313 0.0309349
 1.10538e-16 4.06828e-05 0.000395451 0.00262791 0.0119461 0.037169 0.0791937 0.115592 0.115624 0.079351 0.0376976 0.0134743 0.00646963 0.00880167 0.016064 0.026647 0.0387475 0.0495037 0.0560189 0.0569693 0.0533452 0.0476493 0.042228 0.0380733 0.034818 0.031552
 1.1003e-16 4.24649e-05 0.000412774 0.00274303 0.0124694 0.0387972 0.0826627 0.120655 0.120686 0.0828149 0.0393086 0.0139479 0.00645946 0.0085436 0.0155372 0.0257588 0.0374339 0.0477804 0.0539869 0.0547706 0.0511017 0.045428 0.0400547 0.035974 0.0328461 0.0297839
 1.09091e-16 4.37456e-05 0.000425223 0.00282576 0.0128455 0.0399673 0.0851557 0.124294 0.124325 0.0853072 0.0404762 0.0143166 0.00652299 0.00851175 0.0154473 0.0255893 0.0371451 0.0473221 0.053299 0.053786 0.0497564 0.043684 0.037926 0.0335438 0.0302607 0.0272241
 1.08305e-16 4.41613e-05 0.000429264 0.00285261 0.0129676 0.0403471 0.0859649 0.125475 0.125506 0.0861179 0.0408612 0.0144535 0.00658683 0.00859532 0.0155951 0.0258231 0.037458 0.0476633 0.0535717 0.053866 0.0495277 0.0430714 0.0369149 0.0321812 0.028644 0.0254822
 1.07877e-16 4.46915e-05 0.000434417 0.00288686 0.0131232 0.0408314 0.0869969 0.126981 0.127012 0.0871483 0.0413403 0.014594 0.0065829 0.00851704 0.0154368 0.0255597 0.0370755 0.0471751 0.053017 0.0532924 0.0489647 0.0425154 0.0363343 0.0315377 0.0279168 0.0246816
 1.07376e-16 4.57419e-05 0.000444628 0.00295471 0.0134317 0.0417912 0.0890416 0.129965 0.129996 0.0891906 0.0422916 0.0148781 0.00658922 0.00839176 0.0151771 0.0251195 0.0364197 0.0463044 0.0519702 0.0521248 0.0477198 0.0412112 0.0349739 0.0301335 0.0265069 0.023327
 1.06934e-16 4.63802e-05 0.000450833 0.00299594 0.0136191 0.0423744 0.0902842 0.131779 0.131809 0.0904323 0.0428719 0.0150573 0.00660955 0.00835142 0.0150866 0.0249616 0.0361749 0.0459594 0.051518 0.0515596 0.0470321 0.0403899 0.0340174 0.0290623 0.0253684 0.0221888
 1.05417e-16 5.28078e-05 0.000513311 0.00341113 0.0155065 0.0482467 0.102796 0.150038 0.150064 0.102919 0.0486606 0.0167028 0.00641673 0.00708384 0.0125588 0.0207508 0.0300572 0.0381572 0.0427151 0.0426518 0.0387572 0.0330841 0.027636 0.023392 0.0202443 0.0175845
 1.03153e-16 5.92139e-05 0.00057558 0.00382494 0.0173876 0.0540994 0.115265 0.168238 0.168259 0.115371 0.0544531 0.0184093 0.00639041 0.00617899 0.0107098 0.0176348 0.0254521 0.0321215 0.035602 0.0349516 0.0308741 0.0252131 0.0198176 0.0156694 0.0127811 0.0106613
 1.02086e-16 5.93469e-05 0.000576873 0.00383353 0.0174267 0.054221 0.115524 0.168616 0.168639 0.115636 0.0545954 0.0185081 0.00654797 0.00650252 0.0113132 0.0186088 0.0267998 0.0336981 0.0371111 0.0360226 0.0311881 0.02461 0.0183313 0.0134921 0.0101903 0.00794856
 1.01615e-16 6.23656e-05 0.000606216 0.00402852 0.0183131 0.0569789 0.1214 0.177191 0.177211 0.121497 0.0573041 0.0192524 0.00638655 0.00575419 0.00984029 0.0161716 0.0232945 0.0293011 0.0322862 0.0313631 0.0271794 0.021462 0.0159745 0.0117034 0.00874221 0.00669524
 1.01341e-16 6.18372e-05 0.000601079 0.00399438 0.0181579 0.0564961 0.120372 0.17569 0.175711 0.120474 0.056841 0.0191541 0.00649463 0.00605768 0.0104206 0.0171178 0.0246248 0.0309055 0.033925 0.0327388 0.0280486 0.0217226 0.0156827 0.011024 0.0078737 0.00580944
 1.02002e-16 5.27889e-05 0.000513127 0.00340991 0.015501 0.0482294 0.102759 0.149986 0.150016 0.102905 0.0487194 0.0169161 0.00696197 0.00826659 0.0147758 0.0243376 0.0350382 0.0440241 0.0484156 0.0468708 0.0403712 0.0315402 0.0230693 0.0164827 0.0119505 0.00888785
 1.0349e-16 4.93129e-05 0.000479339 0.00318538 0.0144803 0.0450537 0.0959929 0.140111 0.140141 0.0961418 0.0455539 0.0159255 0.0068152 0.00841028 0.015132 0.0249911 0.0361177 0.04567 0.0507684 0.0500599 0.0444834 0.0365619 0.0288268 0.0226267 0.0180149 0.0144077
 1.04974e-16 4.68081e-05 0.000454992 0.00302358 0.0137448 0.0427653 0.0911171 0.132995 0.133026 0.0912708 0.0432816 0.0152367 0.00677152 0.00864657 0.0156328 0.0258453 0.0374021 0.0474014 0.0529028 0.0525335 0.0472639 0.0396638 0.0322739 0.0263894 0.0219685 0.0183418
 1.06258e-16 4.4995e-05 0.000437367 0.00290646 0.0132124 0.0411087 0.0875877 0.127843 0.127875 0.0877437 0.0416327 0.0147267 0.0067113 0.00875585 0.0158801 0.0262783 0.0380769 0.0483588 0.0541678 0.0541281 0.0492189 0.0420103 0.0350125 0.0294568 0.0252265 0.0215986
 1.07e-16 4.51226e-05 0.000438608 0.00291471 0.0132499 0.0412254 0.0878362 0.128206 0.128237 0.087988 0.0417354 0.014724 0.0066191 0.00853902 0.0154697 0.0256093 0.0371368 0.0472284 0.0530249 0.0532015 0.0487119 0.0420386 0.0355844 0.030493 0.0265954 0.0231479
 1.07311e-16 4.47035e-05 0.000434534 0.00288763 0.0131268 0.0408424 0.0870203 0.127015 0.127047 0.0871741 0.0413592 0.0146204 0.00664095 0.00864133 0.0156701 0.0259383 0.0376043 0.0478039 0.0536386 0.0537698 0.0491758 0.0423902 0.0358667 0.0307743 0.0269365 0.0235771
 1.07703e-16 4.35609e-05 0.000423428 0.00281383 0.0127913 0.0397986 0.0847962 0.123769 0.123802 0.0849535 0.040327 0.0143187 0.00665212 0.00881674 0.0160262 0.0265367 0.0384849 0.0489502 0.0549751 0.0551929 0.0505997 0.043773 0.0372031 0.0320664 0.0281695 0.0247165
 1.08122e-16 4.33874e-05 0.000421741 0.00280262 0.0127403 0.03964 0.0844585 0.123276 0.123308 0.0846138 0.0401619 0.0142488 0.00659366 0.00871316 0.0158363 0.0262329 0.0380708 0.0484796 0.0545526 0.0549482 0.0506435 0.0441595 0.0379154 0.0330279 0.0292702 0.0258411
 1.08427e-16 4.28913e-05 0.000416918 0.00277057 0.0125946 0.0391868 0.0834927 0.121867 0.121899 0.0836498 0.0397146 0.0141204 0.00660505 0.00880314 0.0160158 0.0265305 0.0385001 0.0490217 0.0551566 0.0555518 0.0512027 0.0446682 0.0384017 0.033532 0.0298197 0.026436
pSPR Fmed_Fpbrs
0.600942   0.286563 0.286563
Fs Fmed_Fpbrs
0.34   1.005 1.005
SSBpbr Bo_Bmed_Bpbrs
2.21818e+06  1.22209e+06  524741 524741
Ro
236702
SPR SPRFo_SPRFmed_SPRFpbrs
1.7038e+06 1.02389e+06 488247
Fref
1.005
Nvult_r0
 184018 67849.8 20798.2 6462.48 2680.58
CTP_r0
 61543.5 34009.5 10425 3239.3 1343.63
YTP_r0
1.838e+06
Np
 236702 52683.4 11218 3555.07 1236.49
Nvult_p0
 184018 45589 9707.41 3076.34 1069.98
CTP_p0
 61543.5 36133.9 11451.1 3510.13 1457.92
 61543.5 22851.4 4865.81 1542.01 536.326
YTP_p0
 1.53153e+06 1.04712e+06
CBA_c0
1.74606e+06
log_Ro
12.1946
likeval ReclasPelacesDesembMPH_pf_preclas_ppelaces_ptallas_desvR_qrecl_qpela
 133.359 118.803 10.8042 530.575 262.076 163.654 117.893 0 0 0 0 46.3932 0 0 0
q_reclas_q_pelaces
1 1
M
1
N
 236702 6798.07 114276 14559.8 16935.2
 236702 80582.9 2141.73 36002.7 9922.5
 236702 76891 23114.6 614.339 13173.3
 236702 79367.8 23499.4 7064.28 4213.78
 236702 77132 22909 6782.94 3255.33
 236702 83733.1 26237.4 7792.78 3414.65
 236702 78804.9 25228.7 7905.33 3376.79
 236702 72256.8 19962 6390.66 2857.86
 236702 85554.6 25660.1 7088.96 3284.37
 236702 83056.3 28633.9 8588.07 3471.8
 236702 83442.9 28057.1 9672.79 4073.93
 236702 85797.4 29800.9 10020.4 4909.53
 236702 79690.9 26435.3 9182.04 4600.09
 236702 79527.5 24453.2 8111.68 4229.06
 236702 76523 22594 6947.23 3506.04
 236702 80254 23912.1 7060.24 3266.47
 236702 73776.3 21193 6314.56 2727.01
 236702 77840.4 21688 6230.09 2657.95
 236702 71293.2 19195.2 5348.19 2191.77
 236702 54311.8 10203 2747.1 1079.07
 236702 54442.6 7810.25 1467.23 550.218
 236702 58061.1 8904.33 1277.4 329.963
 236702 42704.6 5137.21 787.85 142.219
 236702 67121.8 9334.56 1122.91 203.298
 236702 71856.3 16814.6 2338.38 332.227
 236702 73478.5 18822.5 4404.51 699.557
 236702 79072.4 22289.6 5709.78 1548.31
 236702 77213.9 22872.2 6447.42 2099.45
 236702 76623.1 21994.2 6515.09 2434.55
 236702 79480.3 23483.9 6740.91 2742.94
 236702 80579 25037.8 7397.88 2987.59
 236702 78408.3 24034.7 7468.14 3097.73
pred_Ctot
 11230.7 624.967 10505.8 1338.53 1556.91
 17682.3 11450.3 304.324 5115.73 1409.92
 13348.5 8351.17 2510.49 66.7236 1430.76
 17259.6 11021.5 3263.26 980.986 585.149
 5765.26 3697.01 1098.05 325.113 156.031
 14331.4 9736.52 3050.9 906.148 397.057
 25856.8 15990.3 5119.16 1604.07 685.185
 2620.75 1588.35 438.805 140.48 62.8216
 6936.6 4917.57 1474.91 407.464 188.781
 6267.35 4321.54 1489.86 446.85 180.643
 2202.48 1543.31 518.927 178.902 75.3488
 12784.9 8939.43 3105.03 1044.05 511.535
 13069.8 8481.3 2813.44 977.222 489.576
 18328.3 11691.4 3594.88 1192.5 621.716
 11803.4 7381.7 2179.5 670.156 338.206
 23166.8 14705.1 4381.47 1293.66 598.522
 16018.3 9542.2 2741.1 816.724 352.711
 27568 16755.7 4668.5 1341.07 572.143
 58488.5 29667 7987.66 2225.53 912.054
 58243.9 22523.1 4231.19 1139.22 447.491
 51521.8 20387.5 2924.75 549.445 206.044
 80713.5 31099.4 4769.46 684.218 176.739
 35023.8 11424.5 1374.32 210.768 38.0468
 26567.5 13965 1942.1 233.627 42.2971
 23693.2 13445 3146.16 437.533 62.1627
 13864.2 8276.61 2120.17 496.124 78.7981
 17115.9 10893.5 3070.76 786.615 213.305
 18152.5 11248.1 3331.9 939.224 305.837
 13152.2 8204.27 2354.98 697.591 260.675
 11237.5 7311.17 2160.22 620.078 252.316
 15024.6 9803.42 3046.15 900.043 363.477
 6503.96 4230.89 1296.91 402.979 167.152
F
 0.0775129 0.155026 0.155026 0.155026 0.155026
 0.124411 0.248821 0.248821 0.248821 0.248821
 0.0927074 0.185415 0.185415 0.185415 0.185415
 0.121282 0.242564 0.242564 0.242564 0.242564
 0.0391653 0.0783306 0.0783306 0.0783306 0.0783306
 0.0998252 0.19965 0.19965 0.19965 0.19965
 0.186573 0.373146 0.373146 0.373146 0.373146
 0.0176451 0.0352901 0.0352901 0.0352901 0.0352901
 0.0472814 0.0945629 0.0945629 0.0945629 0.0945629
 0.0426376 0.0852752 0.0852752 0.0852752 0.0852752
 0.0148114 0.0296228 0.0296228 0.0296228 0.0296228
 0.0886449 0.17729 0.17729 0.17729 0.17729
 0.0906968 0.181394 0.181394 0.181394 0.181394
 0.129209 0.258418 0.258418 0.258418 0.258418
 0.0816033 0.163207 0.163207 0.163207 0.163207
 0.165763 0.331526 0.331526 0.331526 0.331526
 0.11214 0.224279 0.224279 0.224279 0.224279
 0.199999 0.399999 0.399999 0.399999 0.399999
 0.472058 0.944116 0.944116 0.944116 0.944116
 0.469653 0.939305 0.939305 0.939305 0.939305
 0.405305 0.81061 0.81061 0.81061 0.81061
 0.712493 1.42499 1.42499 1.42499 1.42499
 0.260292 0.520583 0.520583 0.520583 0.520583
 0.192132 0.384263 0.384263 0.384263 0.384263
 0.169808 0.339615 0.339615 0.339615 0.339615
 0.0964365 0.192873 0.192873 0.192873 0.192873
 0.12022 0.24044 0.24044 0.24044 0.24044
 0.127902 0.255803 0.255803 0.255803 0.255803
 0.0912907 0.182581 0.182581 0.182581 0.182581
 0.0775617 0.155123 0.155123 0.155123 0.155123
 0.10487 0.20974 0.20974 0.20974 0.20974
 0.0442774 0.0885547 0.0885547 0.0885547 0.0885547
YTP_r0W_actual
 529274 843436 290858 120826 53611
YTP_p0W_proyectada
 464038 630537 275628 109937 51391.5
 464038 398756 117120 48295.7 18905.5
CTP_r0_actual
 61543.5 34009.5 10425 3239.3 1343.63
CTP_p0_proyectada
 61543.5 36133.9 11451.1 3510.13 1457.92
 61543.5 22851.4 4865.81 1542.01 536.326
Wmedp
 7.54 17.45 24.07 31.32 35.25
Frms_r0
 0.5025 1.005 1.005 1.005 1.005
Zrms_r0
 1.5025 2.005 2.005 2.005 2.005
nmprior
 7.29 8.9 8.7 0
nm_flota  nm_reclas  nm_pelaces    nm_pelaL
inf 4.64579 7.76837 17.6385
cv_recla  cv_pelaces  cv_mph
1.02161 1.194 1.88074
 ------------------------------------------------
Talla a la edad & desviaci?n 
 8 13.2811 15.8009 17.003 17.5766
 0.8 1.32811 1.58009 1.7003 1.75766
