years
 1991 1992 1993 1994 1995 1996 1997 1998 1999 2000 2001 2002 2003 2004 2005 2006 2007 2008 2009 2010 2011 2012 2013 2014 2015 2016 2017 2018 2019 2020 2021 2022
reclasobs
 0 0 0 0 0 0 0 0 0 252601 567819 844713 477998 351125 339783 2.1784e+06 2.13404e+06 4.81314e+06 1.55562e+06 2.62356e+06 3.21686e+06 3.843e+06 1.13348e+06 3.07943e+06 1.97215e+06 2.03268e+06 2.025e+06 2.42433e+06 2.27542e+06 1.05018e+06 2.36338e+06 3.18982e+06
reclaspred
 4.39657e+06 2.44001e+06 1.18561e+06 1.06692e+06 1.20238e+06 2.00279e+06 1.2908e+06 986588 614741 343288 495708 883530 787523 176647 448883 1.50754e+06 1.93601e+06 2.06821e+06 2.53377e+06 2.52174e+06 4.58073e+06 2.9963e+06 1.96799e+06 2.1849e+06 1.80962e+06 1.73139e+06 2.6956e+06 2.78989e+06 2.65112e+06 1.88056e+06 1.60591e+06 2.39419e+06
pelacesobs
 0 0 0 0 0 0 0 0 0 0 0 0 0 0 0 552880 188675 0 991730 2.46772e+06 1.41603e+06 1.21717e+06 2.29649e+06 1.80582e+06 0 1.4828e+06 1.56532e+06 1.57751e+06 1.42118e+06 867257 1.10002e+06 1.06204e+06
pelacespred
 658278 378811 179836 132204 171284 288757 159709 162529 92371.8 43093.5 77869.2 110980 104361 14174.6 65339.7 196540 250865 280232 375314 351141 618412 447909 285903 346425 272011 256286 492697 482275 392218 310135 232903 366113
mphobs
 0 0 0 0 0 0 0 0 0 0 0 0 498337 0 5186 125008 0 168611 109162 213762 579715 649985 157893 87575 83554 210694 70296 0 107559 103333 445601 22526
mphpred
 1.39412e+06 941062 438103 245457 282981 364080 522018 244953 217559 112061 59941.2 189090 231212 107790 13678.8 131871 562271 428641 443925 635288 803976 929665 551251 362755 533798 406200 387228 765182 816991 558932 382777 411745
desembarqueobs
 494567 514787 250237 358949 120608 361735 552515 73892 212993 205616 52469 317467 293654 387597 252695 516296 358380 742168 942051 627588 828172 859565 418607 520667 417249 300574 415391 372974 316634 284311 391294 218835
desembarquepred
 494565 514143 250531 358972 120612 361731 552514 73898 213069 205683 52471.5 317497 293754 387862 252633 516176 358522 742105 941348 627254 828250 859714 418674 520800 417258 300537 415357 373002 316609 284210 391289 218830
Reclutas
 157861 89897 86488.8 128798 102153 194700 72882.2 28539.5 27313.5 39252 76988.6 125893 77986.1 37537.2 78129.1 353304 58625.8 264169 458824 287216 347014 292528 63205.8 171788 163996 78505.8 264637 171032 71549.8 98709.6 106101 136745
log_desv_Rt
 0.322146 -0.240907 -0.279557 0.118674 -0.113096 0.531888 -0.450727 -1.38828 -1.43219 -1.06957 -0.395914 0.0958624 -0.383042 -1.11424 -0.381209 1.12776 -0.668396 0.837018 1.38909 0.920664 1.10979 0.938988 -0.593176 0.406687 0.360269 -0.3764 0.838788 0.402279 -0.469178 -0.147389 -0.0751833 0.178549
SSB
 1.39412e+06 941062 438103 245457 282981 364080 522018 244953 217559 112061 59941.2 189090 218825 103387 13134.9 127531 562271 428641 459902 655455 850886 1.0451e+06 652034 409593 559025 454946 402987 765182 849736 543899 433457 470584
BT
 2.09174e+06 1.46301e+06 697520 723775 600612 1.31259e+06 908158 561533 486385 337311 342360 641634 597665 437978 541637 1.22659e+06 950884 1.65217e+06 2.3079e+06 1.61712e+06 2.76791e+06 2.09697e+06 1.15476e+06 1.75906e+06 1.17432e+06 1.04173e+06 2.32452e+06 1.8502e+06 1.26252e+06 1.19963e+06 1.06512e+06 1.39197e+06
Ftot
 0.286941 0.531204 0.524644 0.744777 0.242673 0.405735 0.998079 0.185505 0.790456 1.25221 0.22323 0.779271 0.835442 3.17051 1.02884 0.673104 0.462574 0.771206 0.767909 0.562601 0.417744 0.671995 0.526425 0.517961 0.539231 0.41667 0.329669 0.310819 0.309933 0.363235 0.554277 0.214286
BD_Bspro_t
 0.955127 0.708202 0.466833 0.365104 0.371924 0.482434 0.498031 0.286494 0.332792 0.241479 0.18634 0.503008 0.395454 0.196066 0.0339877 0.249113 0.463853 0.375036 0.354016 0.392125 0.397184 0.438461 0.363284 0.306769 0.408484 0.409965 0.433805 0.608251 0.617098 0.520018 0.492167 0.485167
BD_Bspro
 1.69322 1.14296 0.532093 0.298118 0.343692 0.44219 0.634012 0.297506 0.264235 0.136102 0.072801 0.229657 0.265772 0.125567 0.0159529 0.154892 0.682901 0.520602 0.55857 0.796077 1.03344 1.26931 0.791922 0.497467 0.678959 0.552551 0.489444 0.929345 1.03204 0.660587 0.526452 0.571544
BD_Bo
 1.51066 1.01973 0.474724 0.265975 0.306635 0.394513 0.565654 0.265429 0.235745 0.121428 0.0649518 0.204896 0.237117 0.112029 0.0142329 0.138192 0.609271 0.464472 0.498346 0.710246 0.922013 1.13246 0.706538 0.443831 0.605755 0.492976 0.436673 0.829144 0.920767 0.589364 0.469691 0.509921
BD_Brms
 8.35398 5.63912 2.62524 1.47085 1.6957 2.18167 3.12808 1.46783 1.30368 0.671501 0.359185 1.13308 1.31126 0.619523 0.0787082 0.764205 3.36929 2.56854 2.75587 3.92768 5.09876 6.26252 3.90718 2.4544 3.34984 2.72617 2.41482 4.5852 5.09187 3.2592 2.5974 2.81988
Sel_flota
 0.715198 1 1 1 1
 0.715198 1 1 1 1
 0.715198 1 1 1 1
 0.715198 1 1 1 1
 0.715198 1 1 1 1
 0.715198 1 1 1 1
 0.715198 1 1 1 1
 0.715198 1 1 1 1
 0.715198 1 1 1 1
 0.715198 1 1 1 1
 0.715198 1 1 1 1
 0.715198 1 1 1 1
 0.715198 1 1 1 1
 0.715198 1 1 1 1
 0.715198 1 1 1 1
 0.715198 1 1 1 1
 0.715198 1 1 1 1
 0.715198 1 1 1 1
 0.715198 1 1 1 1
 0.715198 1 1 1 1
 0.715198 1 1 1 1
 0.715198 1 1 1 1
 0.715198 1 1 1 1
 0.715198 1 1 1 1
 0.715198 1 1 1 1
 0.715198 1 1 1 1
 0.715198 1 1 1 1
 0.715198 1 1 1 1
 0.715198 1 1 1 1
 0.715198 1 1 1 1
 0.715198 1 1 1 1
 0.715198 1 1 1 1
Sel_reclas
 0.5 1 1 1 1
 0.5 1 1 1 1
 0.5 1 1 1 1
 0.5 1 1 1 1
 0.5 1 1 1 1
 0.5 1 1 1 1
 0.5 1 1 1 1
 0.5 1 1 1 1
 0.5 1 1 1 1
 0.5 1 1 1 1
 0.5 1 1 1 1
 0.5 1 1 1 1
 0.5 1 1 1 1
 0.5 1 1 1 1
 0.5 1 1 1 1
 0.5 1 1 1 1
 0.5 1 1 1 1
 0.5 1 1 1 1
 0.5 1 1 1 1
 0.5 1 1 1 1
 0.5 1 1 1 1
 0.5 1 1 1 1
 0.5 1 1 1 1
 0.5 1 1 1 1
 0.5 1 1 1 1
 0.5 1 1 1 1
 0.5 1 1 1 1
 0.5 1 1 1 1
 0.5 1 1 1 1
 0.5 1 1 1 1
 0.5 1 1 1 1
 0.5 1 1 1 1
Sel_pelaces
 0.5 1 1 1 1
 0.5 1 1 1 1
 0.5 1 1 1 1
 0.5 1 1 1 1
 0.5 1 1 1 1
 0.5 1 1 1 1
 0.5 1 1 1 1
 0.5 1 1 1 1
 0.5 1 1 1 1
 0.5 1 1 1 1
 0.5 1 1 1 1
 0.5 1 1 1 1
 0.5 1 1 1 1
 0.5 1 1 1 1
 0.5 1 1 1 1
 0.5 1 1 1 1
 0.5 1 1 1 1
 0.5 1 1 1 1
 0.5 1 1 1 1
 0.5 1 1 1 1
 0.5 1 1 1 1
 0.5 1 1 1 1
 0.5 1 1 1 1
 0.5 1 1 1 1
 0.5 1 1 1 1
 0.5 1 1 1 1
 0.5 1 1 1 1
 0.5 1 1 1 1
 0.5 1 1 1 1
 0.5 1 1 1 1
 0.5 1 1 1 1
 0.5 1 1 1 1
pf_obs 
 0.8446 0.082 0.0669 0.0065 0
 0.8095 0.147 0.0364 0.0071 0
 0.9664 0.0169 0.016 0.0007 0
 0.9276 0.0648 0.0075 0.0001 0
 0.7033 0.2144 0.0806 0.0017 0
 0.9318 0.0425 0.0243 0.0014 0
 0.5671 0.3108 0.0964 0.0239 0.0018
 0.0768 0.2599 0.5324 0.112 0.0189
 0.490249 0.384438 0.106611 0.0170017 0.00170017
 0.7925 0.1577 0.0466 0.003 0.0002
 0.840416 0.127587 0.0312969 0.00059994 9.999e-05
 0.8084 0.0986 0.0794 0.0134 0.0002
 0.7335 0.1905 0.0724 0.0035 0.0001
 0.4001 0.4547 0.1325 0.0127 0
 0.49795 0.308269 0.164784 0.0264974 0.00249975
 0.9179 0.0499 0.0305 0.0017 0
 0.2467 0.6533 0.0926 0.0074 0
 0.9418 0.0223 0.034 0.0019 0
 0.707729 0.231977 0.0356964 0.0245975 0
 0.517169 0.277429 0.184464 0.0207286 0.00020938
 0.811772 0.124168 0.05621 0.00726502 0.000585176
 0.764997 0.148141 0.077277 0.00933861 0.000247198
 0.163321 0.427699 0.378323 0.0303852 0.000271297
 0.753843 0.0900009 0.118128 0.0371064 0.000921714
 0.721811 0.176058 0.0630433 0.0369309 0.00215725
 0.143369 0.312575 0.442814 0.0836902 0.0175525
 0.692698 0.0596174 0.167031 0.0765114 0.00414204
 0.394062 0.376323 0.152708 0.0712218 0.00568511
 0.125707 0.32114 0.495352 0.0537591 0.00404204
 0.23352 0.215282 0.420074 0.123614 0.00750983
 0.796117 0.104755 0.0508955 0.0450114 0.00322123
 0.162477 0.292055 0.404252 0.121198 0.0200186
pf_pred 
 0.549951 0.147698 0.280848 0.0215015 8.71813e-07
 0.480506 0.333605 0.0610055 0.116002 0.0088814
 0.629525 0.217377 0.0983153 0.0179787 0.036804
 0.767047 0.168338 0.0379128 0.0171472 0.00955466
 0.694131 0.257032 0.0352911 0.0079482 0.00559789
 0.77977 0.169098 0.0429686 0.0058997 0.00226453
 0.475117 0.441722 0.063853 0.0162254 0.00308289
 0.4893 0.308117 0.170487 0.0246446 0.0074522
 0.572423 0.248101 0.108282 0.0599143 0.0112798
 0.791311 0.142625 0.0383338 0.0167305 0.0110001
 0.892907 0.0932072 0.00949001 0.00255066 0.00184514
 0.788906 0.194991 0.0140152 0.00142698 0.00066098
 0.662825 0.289101 0.0444074 0.00319184 0.000475514
 0.61769 0.291241 0.0780842 0.0119942 0.000990529
 0.972522 0.0224538 0.00382739 0.00102615 0.00017064
 0.950952 0.0482418 0.000658785 0.000112294 3.51135e-05
 0.347256 0.632066 0.0203382 0.000277737 6.21455e-05
 0.85511 0.0646799 0.0776693 0.00249919 4.17653e-05
 0.851777 0.134082 0.0063127 0.00758045 0.000247995
 0.669005 0.298628 0.0292786 0.00137846 0.00170945
 0.7359 0.200011 0.0578218 0.00566905 0.000597896
 0.657064 0.27685 0.0500489 0.0144688 0.00156818
 0.350844 0.487678 0.130361 0.0235666 0.00755135
 0.786909 0.0965782 0.0875299 0.0233975 0.00558515
 0.707797 0.248295 0.0199004 0.018036 0.00597202
 0.530521 0.370095 0.08445 0.00676851 0.00816558
 0.852234 0.0930087 0.0431653 0.00984965 0.00174181
 0.595906 0.361713 0.0266762 0.0123804 0.00332459
 0.418829 0.398121 0.163852 0.012084 0.00711419
 0.642398 0.184237 0.118761 0.0488777 0.0057269
 0.676847 0.235205 0.0453112 0.0292081 0.0134295
 0.744558 0.19504 0.0439633 0.00846934 0.00796959
pobs_RECLAS
 0 0 0 0 0
 0 0 0 0 0
 0 0 0 0 0
 0 0 0 0 0
 0 0 0 0 0
 0 0 0 0 0
 0 0 0 0 0
 0 0 0 0 0
 0 0 0 0 0
 0 0 0 0 0
 0.991045 0.00858322 0.000360255 1.14367e-05 0
 0.934742 0.0480273 0.0164251 0.00080598 0
 0.827803 0.169806 0.00239088 0 0
 0.941827 0.0461693 0.0120037 0 0
 0.791401 0.0380133 0.147996 0.0225897 0
 0.846168 0.0940531 0.0597789 0 0
 0.134021 0.677848 0.182769 0.00536245 0
 0.80878 0.0450904 0.141981 0.00414843 0
 0.846168 0.0940531 0.0597789 0 0
 0.905697 0.0802665 0.012482 0.00150086 5.37128e-05
 0.989698 0.0102097 9.19794e-05 0 0
 0.975433 0.0193895 0.00387452 0.00125025 5.28907e-05
 0.303575 0.632131 0.0575291 0.00676475 0
 0.966965 0.00978017 0.0227588 0.000495775 0
 0.843318 0.132988 0.00938335 0.0141283 0.000182051
 0.564624 0.303363 0.111486 0.0197234 0.00080311
 0.826376 0.0876187 0.0782897 0.00655872 0.00115652
 0.89761 0.0855135 0.0140674 0.00269457 0.000114338
 0.34875 0.467042 0.161289 0.0227151 0.000203297
 0.318654 0.224769 0.449479 0.00709798 0
 0.937255 0.0296025 0.0250945 0.00804832 0
 0.456809 0.399803 0.12412 0.0192676 0
ppred_RECLAS
 0.462768 0.17631 0.335254 0.0256668 1.0407e-06
 0.396939 0.387269 0.070819 0.134663 0.0103101
 0.547278 0.265636 0.120142 0.0219701 0.0449747
 0.702975 0.214639 0.0483405 0.0218634 0.0121826
 0.614992 0.323535 0.0444221 0.0100047 0.00704625
 0.714833 0.218957 0.0556382 0.00763926 0.00293224
 0.397487 0.507053 0.0732968 0.0186251 0.00353885
 0.40233 0.360587 0.19952 0.0288415 0.00872128
 0.490971 0.295364 0.128909 0.0713277 0.0134286
 0.737399 0.17947 0.0482367 0.0210525 0.0138418
 0.854333 0.126779 0.0129082 0.00346938 0.00250974
 0.729068 0.250264 0.017988 0.00183147 0.000848345
 0.58672 0.354354 0.0544308 0.00391228 0.000582844
 0.58724 0.314438 0.0843035 0.0129495 0.00106942
 0.962745 0.0304431 0.00518922 0.00139127 0.000231356
 0.932825 0.0660706 0.000902253 0.000153795 4.80904e-05
 0.27404 0.702962 0.0226195 0.000308889 6.9116e-05
 0.809443 0.0850659 0.102149 0.0032869 5.4929e-05
 0.805272 0.17615 0.0082933 0.00995881 0.000325804
 0.590212 0.369717 0.0362483 0.00170661 0.00211638
 0.663713 0.254681 0.0736264 0.00721859 0.00076132
 0.578457 0.340309 0.0615211 0.0177853 0.00192764
 0.277729 0.542605 0.145043 0.0262209 0.00840187
 0.724243 0.12498 0.113271 0.0302783 0.00722764
 0.632936 0.311906 0.0249987 0.0226566 0.00750201
 0.444557 0.437862 0.0999132 0.00800786 0.00966074
 0.802827 0.124108 0.0575984 0.0131431 0.00232421
 0.509895 0.438703 0.0323542 0.0150155 0.00403222
 0.337051 0.454141 0.186908 0.0137844 0.00811525
 0.559425 0.226984 0.146316 0.0602185 0.00705568
 0.598712 0.292074 0.0562668 0.0362702 0.0166765
 0.672106 0.25036 0.0564327 0.0108715 0.01023
pobs_PELACES
 0 0 0 0 0
 0 0 0 0 0
 0 0 0 0 0
 0 0 0 0 0
 0 0 0 0 0
 0 0 0 0 0
 0 0 0 0 0
 0 0 0 0 0
 0 0 0 0 0
 0 0 0 0 0
 0 0 0 0 0
 0 0 0 0 0
 0 0 0 0 0
 0 0 0 0 0
 0 0 0 0 0
 0 0 0 0 0
 0.505614 0.472636 0.0217494 0 0
 0 0 0 0 0
 0.443492 0.261883 0.143347 0.151278 0
 0.227955 0.32914 0.350689 0.0885471 0.00366901
 0.970185 0.0296113 0.000203453 0 0
 0.997202 0.00247181 0.000326279 0 0
 0.445219 0.490057 0.0546422 0.010081 0
 0.90214 0.0892962 0.00764917 0.000914606 0
 0 0 0 0 0
 0.581667 0.319106 0.0959925 0.00289975 0.000334073
 0.762889 0.0836404 0.116647 0.0363945 0.000428098
 0.88444 0.0763242 0.0277011 0.0115352 0
 0.521256 0.241999 0.230069 0.00667565 0
 0.616807 0.101726 0.260614 0.0208532 0
 0.833518 0.0704572 0.0857862 0.0102388 0
 0.697417 0.212968 0.0787535 0.0105354 0.000325836
ppred_PELACES
 0.469479 0.174107 0.331066 0.0253461 1.0277e-06
 0.40895 0.379556 0.0694086 0.131981 0.0101047
 0.559464 0.258486 0.116908 0.0213787 0.0437641
 0.71738 0.204229 0.0459961 0.0208031 0.0115918
 0.620378 0.319009 0.0438007 0.00986471 0.00694768
 0.722542 0.213038 0.054134 0.00743274 0.00285297
 0.420153 0.487977 0.0705394 0.0179244 0.00340572
 0.406529 0.358054 0.198118 0.0286389 0.00866
 0.509541 0.284588 0.124206 0.0687255 0.0129387
 0.759544 0.164335 0.0441689 0.0192771 0.0126745
 0.856925 0.124524 0.0126785 0.00340766 0.00246509
 0.74329 0.237127 0.0170438 0.00173534 0.000803814
 0.60562 0.338149 0.0519414 0.00373336 0.000556188
 0.657133 0.261194 0.0700282 0.0107567 0.000888335
 0.966062 0.0277325 0.00472718 0.00126739 0.000210756
 0.936682 0.0622768 0.000850445 0.000144964 4.53291e-05
 0.282774 0.694505 0.0223474 0.000305173 6.82846e-05
 0.820373 0.0801867 0.0962903 0.00309837 5.17784e-05
 0.816341 0.166137 0.00782191 0.00939274 0.000307285
 0.602937 0.358236 0.0351227 0.00165361 0.00205066
 0.672419 0.248087 0.0717203 0.00703171 0.000741611
 0.593776 0.327942 0.0592853 0.017139 0.00185759
 0.287761 0.535068 0.143029 0.0258567 0.00828516
 0.733858 0.120622 0.109321 0.0292226 0.00697562
 0.644629 0.30197 0.0242024 0.0219349 0.00726303
 0.454246 0.430223 0.0981702 0.00786817 0.00949221
 0.807685 0.12105 0.0561791 0.0128192 0.00226694
 0.517193 0.432171 0.0318724 0.014792 0.00397218
 0.343591 0.449661 0.185064 0.0136484 0.0080352
 0.567822 0.222658 0.143528 0.0590709 0.00692122
 0.611161 0.283013 0.0545213 0.035145 0.0161592
 0.676529 0.246983 0.0556714 0.0107249 0.010092
pobs_pel_tallas
 0 0 0 0 0 0 0 0 0 0 0 0 0 0 0 0 0 0 0 0 0 0 0 0 0 0
 0 0 0 0 0 0 0 0 0 0 0 0 0 0 0 0 0 0 0 0 0 0 0 0 0 0
 0 0 0 0 0 0 0 0 0 0 0 0 0 0 0 0 0 0 0 0 0 0 0 0 0 0
 0 0 0 0 0 0 0 0 0 0 0 0 0 0 0 0 0 0 0 0 0 0 0 0 0 0
 0 0 0 0 0 0 0 0 0 0 0 0 0 0 0 0 0 0 0 0 0 0 0 0 0 0
 0 0 0 0 0 0 0 0 0 0 0 0 0 0 0 0 0 0 0 0 0 0 0 0 0 0
 0 0 0 0 0 0 0 0 0 0 0 0 0 0 0 0 0 0 0 0 0 0 0 0 0 0
 0 0 0 0 0 0 0 0 0 0 0 0 0 0 0 0 0 0 0 0 0 0 0 0 0 0
 0 0 0 0 0 0 0 0 0 0 0 0 0 0 0 0 0 0 0 0 0 0 0 0 0 0
 0 0 0 0 0 0 0 0 0 0 0 0 0 0 0 0 0 0 0 0 0 0 0 0 0 0
 0 0 0 0 0 0 0 0 0 0 0 0 0 0 0 0 0 0 0 0 0 0 0 0 0 0
 0 0 0 0 0 0 0 0 0 0 0 0 0 0 0 0 0 0 0 0 0 0 0 0 0 0
 0.00862536 0 0 0.000197151 0.00414017 0.0128641 0.00837892 0.0270097 0.101434 0.158115 0.152841 0.127902 0.109271 0.109419 0.0830992 0.0579132 0.0238553 0.00714673 0.00463305 0.00128148 0.00103504 0.000492878 0.000147863 0.000147863 4.92878e-05 0
 0 0 0 0 0 0 0 0 0 0 0 0 0 0 0 0 0 0 0 0 0 0 0 0 0 0
 0 0 0 0 0 0 0 0.0054083 0.00873648 0.0413646 0.0450493 0.0745869 0.0622846 0.0627006 0.0613931 0.0827291 0.12552 0.122667 0.0946155 0.0697135 0.0546179 0.0294188 0.0215738 0.0213955 0.0102223 0.00600262
 0 0 0 0 0.00359764 0.0251062 0.0480494 0.140153 0.205849 0.193036 0.1447 0.116669 0.0760912 0.0342217 0.00950174 0.001854 0.000860785 0 0 0 0.000165536 0 0.000143464 0 0 0
 0 0 0 0 0 0 0 0.000145254 0.000435761 0.0275982 0.070085 0.0708112 0.156366 0.174668 0.174014 0.160142 0.0824315 0.0480064 0.0283245 0.00493863 0.00203355 0 0 0 0 0
 0 0 0 0 0 0 0 0 0 0 0 0 0 0 0 0 0 0 0 0 0 0 0 0 0 0
 0 0 1.00437e-05 0.000401748 0.00122533 0.00171747 0.00176769 0.0269171 0.070346 0.194647 0.189555 0.159765 0.064822 0.0314167 0.0384472 0.0292271 0.0345202 0.0313363 0.0194345 0.0106764 0.0143323 0.0359363 0.0279516 0.0138201 0.00172751 0
 0 0.0021121 0.0136068 0.0755702 0.200478 0.177729 0.0527432 0.0373336 0.0318909 0.0142505 0.0149659 0.0166563 0.0217959 0.0798694 0.0677717 0.0528807 0.04013 0.0224614 0.0357745 0.0225083 0.00881397 0.00855152 0.00135912 0.000746735 0 0
 0 0 0 0 5.4009e-05 0.00500934 0.000945158 0.0243581 0.138947 0.33067 0.221406 0.137944 0.0707744 0.0437923 0.0131692 0.00525238 0.0047753 0.00276346 9.45158e-05 9.00151e-06 2.25038e-05 9.00151e-06 4.50075e-06 0 0 0
 0.000866109 0.00284123 0.00948549 0.0512746 0.133035 0.25785 0.225252 0.132002 0.0553304 0.0519788 0.0540692 0.017754 0.00435017 0.00159236 0.00146478 0.000404838 0.000125132 0.000115318 0.000107957 0.000100596 0 0 0 0 0 0
 0 0 0 0 0.00144013 0.00171154 0.00461396 0.0210425 0.0478622 0.0707936 0.0888783 0.103762 0.0637923 0.0337046 0.0602308 0.124433 0.169614 0.0934646 0.0462172 0.0250306 0.0313229 0.00938855 0.002487 0.000210481 0 0
 0 0.00764035 0.051015 0.0998891 0.058973 0.0496711 0.0374665 0.0718981 0.12319 0.153886 0.159021 0.0857701 0.0377988 0.023471 0.0147837 0.00900784 0.00315554 0.000888139 0.00291439 0.00214683 0.00393193 0.00274676 0.000635225 9.99891e-05 0 0
 0 0 0 0 0 0 0 0 0 0 0 0 0 0 0 0 0 0 0 0 0 0 0 0 0 0
 0 0 0 0 0 0 0 0 0 0 0 0 0 0 0 0 0 0 0 0 0 0 0 0 0 0
 0 0 0 0 0 0 0 0 0 0 0 0 0 0 0 0 0 0 0 0 0 0 0 0 0 0
 0 0 0 0 0 0 0 0 0 0 0 0 0 0 0 0 0 0 0 0 0 0 0 0 0 0
 0 0 0 0 0 0 0 0 0 0 0 0 0 0 0 0 0 0 0 0 0 0 0 0 0 0
 0 0 0 0 0 0 0 0 0 0 0 0 0 0 0 0 0 0 0 0 0 0 0 0 0 0
 0 0 0 0 0 0 0 0 0 0 0 0 0 0 0 0 0 0 0 0 0 0 0 0 0 0
 0 0 0 0 0 0 0 0 0 0 0 0 0 0 0 0 0 0 0 0 0 0 0 0 0 0
ppred_pel_tallas
 1.12141e-16 3.86704e-05 0.00037589 0.00249792 0.0113552 0.0353304 0.0752757 0.109871 0.109888 0.0753603 0.0356157 0.0121854 0.00460493 0.00505154 0.00914097 0.0156294 0.0238556 0.0327925 0.041313 0.0487317 0.0549146 0.0597921 0.062794 0.062861 0.0591148 0.05161
 1.17046e-16 3.36847e-05 0.000327427 0.00217587 0.00989122 0.0307755 0.0655717 0.0957115 0.0957482 0.0657508 0.0313771 0.01163 0.00654448 0.00987797 0.0182148 0.0301788 0.0437707 0.0557258 0.0627921 0.0636134 0.0595814 0.0538502 0.0492854 0.0469366 0.0459631 0.0446722
 1.1299e-16 4.60823e-05 0.000447937 0.0029767 0.0135317 0.0421021 0.089704 0.130931 0.130956 0.0898264 0.0425137 0.0147223 0.00597226 0.00700995 0.0125757 0.020895 0.0305169 0.039274 0.0449868 0.0466757 0.0451042 0.0421333 0.0394282 0.0375609 0.0360535 0.0340559
 1.05428e-16 5.90897e-05 0.000574373 0.00381691 0.0173511 0.0539859 0.115023 0.167884 0.167904 0.11512 0.0543096 0.0182864 0.00616629 0.00570887 0.00982778 0.0162002 0.0234432 0.0297231 0.0332172 0.0331041 0.0300453 0.0257022 0.0216878 0.0187742 0.0168249 0.0152605
 1.03511e-16 5.10998e-05 0.000496708 0.0033008 0.015005 0.0466862 0.0994711 0.145187 0.145218 0.0996213 0.0471907 0.0164619 0.00695786 0.00847991 0.0152121 0.0250667 0.036102 0.0453949 0.0499986 0.0485548 0.0420978 0.033342 0.0250501 0.0187511 0.0145485 0.0117533
 1.02845e-16 5.95149e-05 0.000578506 0.00384438 0.017476 0.0543744 0.115851 0.169093 0.169113 0.115952 0.0547121 0.0184518 0.00629545 0.00593513 0.01025 0.0168959 0.0244373 0.030946 0.0344875 0.0341543 0.0305755 0.0254355 0.0204128 0.016384 0.0133578 0.0109278
 1.04535e-16 3.46076e-05 0.000336398 0.00223548 0.0101622 0.0316187 0.0673687 0.0983364 0.0983835 0.0675985 0.0323904 0.0123912 0.0078307 0.0125512 0.0232341 0.038359 0.0552615 0.0695071 0.0765892 0.0744203 0.0645605 0.0511314 0.0383284 0.0284765 0.02175 0.017144
 1.10147e-16 3.34854e-05 0.00032549 0.002163 0.00983268 0.0305933 0.0651836 0.0951446 0.0951794 0.0653535 0.0311644 0.0114852 0.0063224 0.009443 0.0174592 0.0290973 0.0425808 0.0549409 0.0631244 0.0656569 0.0633801 0.058594 0.0533714 0.0484583 0.0434407 0.037672
 1.12739e-16 4.19703e-05 0.000407966 0.00271108 0.0123242 0.0383453 0.0816998 0.119249 0.119277 0.0818346 0.0387985 0.0136353 0.00600982 0.00763488 0.0138437 0.0230232 0.0336454 0.0433451 0.0497419 0.0517721 0.0502736 0.0472559 0.0444684 0.0424265 0.040503 0.0377323
 1.05395e-16 6.25627e-05 0.000608132 0.00404125 0.0183709 0.0571589 0.121784 0.17775 0.177766 0.121861 0.0574196 0.0191244 0.00593467 0.00474826 0.00794566 0.0130908 0.0189815 0.0241502 0.0271502 0.0273338 0.0252291 0.0221434 0.0193205 0.0173156 0.0159593 0.0147499
 1.01157e-16 7.05838e-05 0.0006861 0.00455937 0.0207263 0.0644871 0.137397 0.200538 0.20055 0.137456 0.0646839 0.0212945 0.00598526 0.00379763 0.00597646 0.00975949 0.014031 0.0176006 0.0193072 0.0186187 0.0159478 0.0123759 0.00901153 0.00648075 0.00484047 0.00381934
 1.00863e-16 6.12239e-05 0.000595118 0.00395477 0.0179778 0.0559358 0.119178 0.173949 0.173971 0.11929 0.0563102 0.0190588 0.00666686 0.00651105 0.0112831 0.0185206 0.0265892 0.0332573 0.0362927 0.0346628 0.0291527 0.0218499 0.0149247 0.00964876 0.00621019 0.00414915
 1.02054e-16 4.98842e-05 0.000484892 0.00322228 0.014648 0.0455757 0.097105 0.141734 0.141767 0.0972643 0.0461105 0.0161927 0.00709972 0.00894963 0.0161265 0.026582 0.0382868 0.0481396 0.0530012 0.0514026 0.0443991 0.0348274 0.0255968 0.018354 0.013289 0.00979084
 1.03317e-16 5.41272e-05 0.000526136 0.00349636 0.015894 0.0494521 0.105364 0.153787 0.153812 0.105487 0.0498663 0.0170907 0.0065028 0.00709734 0.0125578 0.0207365 0.0300093 0.0380328 0.042441 0.0421187 0.037825 0.0316018 0.025479 0.0205088 0.0166968 0.0135621
 1.00307e-16 7.95733e-05 0.000773481 0.00514005 0.0233659 0.0727001 0.154895 0.226075 0.226077 0.154908 0.072744 0.0234927 0.00545831 0.00146847 0.00140014 0.00219046 0.00315162 0.00397125 0.00439008 0.00428984 0.00375797 0.00302513 0.00232437 0.0017822 0.00140466 0.00113391
 1.00063e-16 7.71533e-05 0.000749958 0.00498373 0.0226553 0.0704892 0.150185 0.2192 0.219206 0.150214 0.0705874 0.0229388 0.00569468 0.00229985 0.00301443 0.00484495 0.0069333 0.00863746 0.0093613 0.00883214 0.00726378 0.00522236 0.00330261 0.00186191 0.000962642 0.00048136
 1.00865e-16 2.32919e-05 0.000226405 0.00150455 0.00683948 0.0212805 0.0453429 0.0661933 0.0662601 0.0456693 0.0223761 0.0100023 0.00943743 0.0175233 0.0328124 0.0540484 0.0774793 0.0966353 0.104935 0.0993365 0.0821914 0.0597474 0.0385555 0.0225342 0.0123584 0.00668753
 1.03119e-16 6.7573e-05 0.000656834 0.00436489 0.0198422 0.0617364 0.131536 0.191983 0.191991 0.131575 0.061866 0.020218 0.00531448 0.00275046 0.00410407 0.00683454 0.0102017 0.0135802 0.0163494 0.0181714 0.0191025 0.0193931 0.019173 0.0183301 0.016672 0.0141871
 1.01263e-16 6.72409e-05 0.000653606 0.00434344 0.0197447 0.0614331 0.13089 0.191041 0.191057 0.130968 0.0616953 0.0205018 0.00624289 0.00479654 0.00792506 0.0129685 0.0186134 0.0232798 0.025411 0.0242999 0.0205191 0.0155519 0.0109252 0.00750962 0.00538796 0.00417265
 1.01619e-16 4.96632e-05 0.000482744 0.00320801 0.0145831 0.0453738 0.0966749 0.141107 0.141142 0.0968434 0.0459397 0.0162173 0.00730856 0.0094296 0.0170274 0.0280341 0.0402912 0.050478 0.0552381 0.0530123 0.0449652 0.0342046 0.02395 0.0160704 0.0108272 0.00754207
 1.02964e-16 5.53863e-05 0.000538375 0.00357769 0.0162637 0.0506025 0.107815 0.157364 0.157388 0.107932 0.0509959 0.0174009 0.00643482 0.00678424 0.0119428 0.019722 0.0285567 0.0362231 0.040475 0.0402469 0.0362418 0.0303728 0.0245416 0.0197349 0.0159692 0.0128213
 1.03828e-16 4.89087e-05 0.00047541 0.00315927 0.0143616 0.0446844 0.095206 0.138962 0.138994 0.0953605 0.0452034 0.015861 0.00692417 0.00869781 0.0156753 0.0258645 0.0373188 0.047065 0.0520995 0.0510296 0.0448834 0.0363704 0.0282187 0.0218947 0.0174486 0.0141924
 1.0826e-16 2.37026e-05 0.000230398 0.00153108 0.0069601 0.0216557 0.0461417 0.067356 0.0674077 0.0463943 0.0225041 0.00941183 0.00769047 0.0136936 0.0256431 0.0424872 0.0615086 0.0779878 0.0871001 0.0865846 0.0780192 0.0656014 0.0534822 0.0437787 0.0364329 0.0303734
 1.07297e-16 6.0447e-05 0.000587566 0.00390458 0.0177497 0.0552259 0.117665 0.171738 0.17175 0.117723 0.0554198 0.0183118 0.00532303 0.00370882 0.00606124 0.0101162 0.0150164 0.0198292 0.0236289 0.0259725 0.0270855 0.0275375 0.0276954 0.0274414 0.02635 0.0240986
 1.04205e-16 5.30973e-05 0.000516125 0.00342983 0.0155915 0.0485112 0.103359 0.150862 0.150891 0.103501 0.0489883 0.0169691 0.00688663 0.00805902 0.014369 0.0236475 0.0340084 0.0426671 0.0468332 0.0452479 0.0389531 0.0306074 0.0229073 0.0173297 0.0139185 0.011892
 1.05339e-16 3.74158e-05 0.000363694 0.00241688 0.0109868 0.0341843 0.0728347 0.106313 0.106355 0.0730376 0.0348658 0.0129559 0.00736231 0.0111684 0.0205833 0.0340357 0.0491798 0.0621619 0.0690574 0.0680261 0.0603625 0.0495305 0.0390114 0.0306688 0.0245792 0.0199218
 1.03322e-16 6.6528e-05 0.000646676 0.00429739 0.0195353 0.0607817 0.129502 0.189015 0.189026 0.12956 0.0609744 0.0200929 0.0057 0.00371885 0.00593132 0.00977934 0.0142658 0.0183269 0.0209159 0.0215385 0.0205081 0.0186558 0.0167454 0.0150772 0.0135201 0.0118192
 1.03186e-16 4.26006e-05 0.000414093 0.00275179 0.0125093 0.0389212 0.0829274 0.121044 0.121085 0.0831306 0.0396037 0.0144799 0.00769617 0.0112006 0.0205074 0.0337816 0.0485343 0.060773 0.0664606 0.0637458 0.0540829 0.0412776 0.0292503 0.020242 0.0144897 0.0110486
 1.08185e-16 2.83012e-05 0.000275098 0.00182812 0.00831041 0.025857 0.0550927 0.0804185 0.0804621 0.0553055 0.026572 0.0103779 0.00702677 0.0116534 0.0217243 0.0360946 0.052514 0.0671171 0.0759309 0.0770453 0.0716234 0.0628679 0.0538595 0.0460395 0.0392426 0.0327332
 1.11295e-16 4.67708e-05 0.000454629 0.00302117 0.0137338 0.0427311 0.0910439 0.132886 0.132907 0.0911498 0.0430872 0.0147649 0.00561889 0.00615716 0.0109705 0.0183093 0.026953 0.0351275 0.041042 0.0438717 0.0441636 0.0432516 0.0421848 0.0410762 0.0392939 0.0361537
 1.07905e-16 5.03406e-05 0.000489329 0.00325176 0.0147821 0.0459926 0.0979931 0.14303 0.143057 0.0981266 0.0464409 0.0160773 0.00650475 0.00759693 0.0135681 0.0224032 0.0323953 0.0410209 0.0457541 0.0454698 0.0411168 0.0350446 0.0295329 0.0256704 0.0232442 0.0213876
 1.04454e-16 5.57249e-05 0.000541665 0.00359956 0.0163631 0.0509118 0.108474 0.158326 0.158349 0.10859 0.051303 0.0174937 0.00643922 0.0067463 0.0118561 0.0195561 0.028269 0.0357669 0.0398131 0.0393747 0.0352182 0.0293445 0.0237407 0.019432 0.0163876 0.014048
pSPR Fmed_Fpbrs
0.558543   0.230831 0.230831
Fs Fmed_Fpbrs
0.34   1.005 1.005
SSBpbr Bo_Bmed_Bpbrs
922857  469312  166881 166881
Ro
114385
SPR SPRFo_SPRFmed_SPRFpbrs
823356 459880 190056
Fref
1.005
Nvult_r0
 112229 22722.1 5121.7 986.674 928.453
CTP_r0
 46933 11389.4 2567.24 494.567 465.384
YTP_r0
794722
Np
 130671 23427.5 5811.64 1049.89 268.519
Nvult_p0
 107244 20272.7 5029.05 908.51 232.36
CTP_p0
 44848.2 18719.7 3381.75 762.269 190.45
 44848.2 10161.6 2520.79 455.388 116.47
YTP_p0
 776800 594520
CBA_c0
789346
log_Ro
11.4673
likeval ReclasPelacesDesembMPH_pf_preclas_ppelaces_ptallas_desvR_qrecl_qpela
 18.6082 148.506 0.0260111 175.472 245.213 145.181 121.573 0 23.3585 5.71886e-05 0 0.0846025 0 0 0
q_reclas_q_pelaces
2.91384 1
M
1
N
 157861 31326 59566.5 4560.36 0.184907
 89897 47299.4 8649.54 16447.2 1259.23
 86488.8 22618.1 10229.7 1870.68 3829.45
 128798 21862.9 4923.92 2226.99 1240.91
 102153 27815.2 3819.09 860.129 605.786
 194700 31592.4 8027.79 1102.24 423.08
 72882.2 53585.5 7746.04 1968.31 373.987
 28539.5 13131.6 7265.95 1050.33 317.605
 27313.5 9194.6 4012.9 2220.41 418.029
 39252 5709.02 1534.43 669.69 440.314
 76988.6 5896.89 600.399 161.372 116.736
 125893 24143.2 1735.33 176.684 81.8408
 77986.1 26525.4 4074.44 292.855 43.629
 37537.2 15784.4 4231.94 650.048 53.6838
 78129.1 1430.17 243.782 65.3599 10.8688
 353304 13770.6 188.05 32.0544 10.0232
 58625.8 80312.6 2584.25 35.2902 7.89643
 264169 15492.3 18603.6 598.614 10.0037
 458824 55981.7 2635.67 3164.98 103.543
 287216 97461.6 9555.49 449.881 557.903
 347014 70659 20427 2002.74 211.222
 292528 94688.8 17117.8 4948.65 536.354
 63205.8 66549.8 17789.3 3215.96 1030.48
 171788 15957 14462 3865.82 922.798
 163996 43633 3497.11 3169.47 1049.47
 78505.8 41025.1 9361.29 750.291 905.156
 264637 21438.1 9949.42 2270.3 401.479
 171032 76905.8 5671.77 2632.27 706.86
 71549.8 50377.9 20733.7 1529.11 900.226
 98709.6 21088.5 13593.9 5594.76 655.526
 106101 28005.4 5395.12 3477.75 1599.02
 136745 26258 5918.72 1140.22 1072.93
pred_Ctot
 18826 5056.01 9614.04 736.042 0.029844
 18523.1 12860.2 2351.72 4471.8 342.371
 17632.9 6088.72 2753.8 503.582 1030.88
 35095.7 7702.19 1734.67 784.557 437.167
 10435.4 3864.15 530.557 119.491 84.157
 31738.7 6882.73 1748.94 240.133 92.1724
 24886.7 23137.5 3344.64 849.89 161.483
 2265.92 1426.87 789.514 114.128 34.5107
 7802.62 3381.83 1475.97 816.683 153.754
 15758.8 2840.35 763.41 333.184 219.065
 7275.42 759.454 77.3248 20.7829 15.0342
 35561.4 8789.57 631.761 64.3236 29.7949
 23264.9 10147.3 1558.69 112.033 16.6904
 25056.8 11814.3 3167.52 486.548 40.1812
 27281.9 629.888 107.368 28.7864 4.78691
 88712.5 4500.39 61.4568 10.4757 3.27567
 10722.6 19517 628.004 8.57596 1.91893
 74008.4 5597.94 6722.16 216.301 3.61472
 128106 20165.7 949.42 1140.09 37.2981
 62135.1 27735.6 2719.3 128.027 158.768
 58045 15776.1 4560.76 447.153 47.1597
 73353.1 30906.8 5587.34 1615.26 175.068
 12923.4 17963.7 4801.87 868.082 278.156
 34641.4 4251.58 3853.26 1030.01 245.87
 34225.3 12006.2 962.278 872.123 288.775
 13101.9 9139.97 2085.6 167.157 201.659
 35817.9 3908.99 1814.16 413.964 73.2051
 21943.2 13319.4 982.302 455.886 122.422
 9155.88 8703.18 3581.92 264.165 155.521
 14580.2 4181.53 2695.46 1109.35 129.981
 22665.9 7876.42 1517.36 978.105 449.719
 12436.9 3257.91 734.353 141.47 133.122
F
 0.20522 0.286941 0.286941 0.286941 0.286941
 0.379916 0.531204 0.531204 0.531204 0.531204
 0.375224 0.524644 0.524644 0.524644 0.524644
 0.532663 0.744777 0.744777 0.744777 0.744777
 0.173559 0.242673 0.242673 0.242673 0.242673
 0.290181 0.405735 0.405735 0.405735 0.405735
 0.713825 0.998079 0.998079 0.998079 0.998079
 0.132673 0.185505 0.185505 0.185505 0.185505
 0.565332 0.790456 0.790456 0.790456 0.790456
 0.895576 1.25221 1.25221 1.25221 1.25221
 0.159654 0.22323 0.22323 0.22323 0.22323
 0.557333 0.779271 0.779271 0.779271 0.779271
 0.597506 0.835442 0.835442 0.835442 0.835442
 2.26754 3.17051 3.17051 3.17051 3.17051
 0.735824 1.02884 1.02884 1.02884 1.02884
 0.481403 0.673104 0.673104 0.673104 0.673104
 0.330832 0.462574 0.462574 0.462574 0.462574
 0.551565 0.771206 0.771206 0.771206 0.771206
 0.549207 0.767909 0.767909 0.767909 0.767909
 0.402371 0.562601 0.562601 0.562601 0.562601
 0.298769 0.417744 0.417744 0.417744 0.417744
 0.48061 0.671995 0.671995 0.671995 0.671995
 0.376498 0.526425 0.526425 0.526425 0.526425
 0.370445 0.517961 0.517961 0.517961 0.517961
 0.385657 0.539231 0.539231 0.539231 0.539231
 0.298002 0.41667 0.41667 0.41667 0.41667
 0.235778 0.329669 0.329669 0.329669 0.329669
 0.222297 0.310819 0.310819 0.310819 0.310819
 0.221663 0.309933 0.309933 0.309933 0.309933
 0.259785 0.363235 0.363235 0.363235 0.363235
 0.396418 0.554277 0.554277 0.554277 0.554277
 0.153257 0.214286 0.214286 0.214286 0.214286
YTP_r0W_actual
 403624 282456 71625.9 18447.4 18568.8
YTP_p0W_proyectada
 338156 326658 81398.8 23874.3 6713.37
 338156 177321 60675.5 14262.7 4105.56
CTP_r0_actual
 46933 11389.4 2567.24 494.567 465.384
CTP_p0_proyectada
 44848.2 18719.7 3381.75 762.269 190.45
 44848.2 10161.6 2520.79 455.388 116.47
Wmedp
 7.54 17.45 24.07 31.32 35.25
Frms_r0
 0.718774 1.005 1.005 1.005 1.005
Zrms_r0
 1.71877 2.005 2.005 2.005 2.005
nmprior
 7.29 8.9 8.7 0
nm_flota  nm_reclas  nm_pelaces    nm_pelaL
inf 9.08242 8.23517 19.14
cv_recla  cv_pelaces  cv_mph
0.381614 1.33494 1.08158
 ------------------------------------------------
Talla a la edad & desviaci?n 
 8 13.2811 15.8009 17.003 17.5766
 0.8 1.32811 1.58009 1.7003 1.75766
