years
 1991 1992 1993 1994 1995 1996 1997 1998 1999 2000 2001 2002 2003 2004 2005 2006 2007 2008 2009 2010 2011 2012 2013 2014 2015 2016 2017 2018 2019 2020 2021 2022
reclasobs
 0 0 0 0 0 0 0 0 0 252601 567819 844713 477998 351125 339783 2.1784e+06 2.13404e+06 4.81314e+06 1.55562e+06 2.62356e+06 3.21686e+06 3.843e+06 1.13348e+06 3.07943e+06 1.97215e+06 2.03268e+06 2.025e+06 2.42433e+06 2.27542e+06 1.05018e+06 2.36338e+06 3.18982e+06
reclaspred
 3.40184e+06 1.84315e+06 933766 969065 991180 1.74084e+06 943134 812016 565728 372768 603292 945421 721562 230978 625994 1.43766e+06 1.19975e+06 2.38079e+06 1.98945e+06 1.94307e+06 3.46228e+06 2.77541e+06 2.01841e+06 3.01048e+06 2.33934e+06 2.05286e+06 2.47503e+06 2.83694e+06 2.38869e+06 1.8566e+06 1.7468e+06 1.79724e+06
pelacesobs
 0 0 0 0 0 0 0 0 0 0 0 0 0 0 0 552880 188675 0 991730 2.46772e+06 1.41603e+06 1.21717e+06 2.29649e+06 1.80582e+06 0 1.4828e+06 1.56532e+06 1.57751e+06 1.42118e+06 867257 1.10002e+06 1.06204e+06
pelacespred
 1.90864e+06 1.1214e+06 548025 455878 516839 927670 442243 514739 322432 191009 335602 454120 372793 90034.2 335387 652818 569672 1.24282e+06 1.04253e+06 912380 1.76564e+06 1.48716e+06 1.13407e+06 1.81918e+06 1.35333e+06 1.20481e+06 1.64333e+06 1.68299e+06 1.33481e+06 1.17114e+06 947052 1.01765e+06
mphobs
 0 0 0 0 0 0 0 0 0 0 0 0 498337 0 5186 125008 0 168611 109162 213762 579715 649985 157893 87575 83554 210694 70296 0 107559 103333 445601 22526
mphpred
 696978 465361 220720 123202 135624 166238 227873 116648 106609 64217.6 38596.4 101038 133647 63684.5 12971.3 74164.6 209378 169414 273000 309525 467429 556720 117032 92203.1 133643 111872 94306.3 106157 157850 120172 78275.2 84504.4
desembarqueobs
 494567 514787 250237 358949 120608 361735 552515 73892 212993 205616 52469 317467 293654 387597 252695 516296 358380 742168 942051 627588 828172 859565 418607 520667 417249 300574 415391 372974 316634 284311 391294 218835
desembarquepred
 494568 513991 250604 358982 120613 361739 552531 73897.5 213058 205673 52470.5 317458 293797 387949 252622 516199 358414 742018 941516 627281 828242 859518 418620 520712 417200 300580 415387 372934 316582 284235 391278 218843
Reclutas
 163750 91191.8 91999.5 136021 110677 201936 78901.6 33400.2 32330.2 44002.2 94957.2 152147 69901.3 37325.8 92931.7 327417 63532.8 393151 317972 330577 348826 467200 84442.9 241701 247655 91041.7 218060 264777 105986 107102 135642 83888.7
log_desv_Rt
 0.246998 -0.338375 -0.329558 0.0614721 -0.144726 0.456612 -0.483139 -1.34278 -1.37534 -1.0671 -0.297914 0.173505 -0.604256 -1.23165 -0.319476 0.939895 -0.699783 1.12285 0.910623 0.949501 1.00323 1.29542 -0.415265 0.636363 0.660698 -0.340023 0.533431 0.727548 -0.188038 -0.17756 0.0586808 -0.42185
SSB
 1.80832e+06 1.20739e+06 572662 319650 351879 431308 591221 302644 276599 166614 100139 262144 329970 159955 32459.2 186030 543235 439547 734311 561776 869985 1.08993e+06 1.01233e+06 765701 1.03862e+06 923250 732991 793400 1.22329e+06 875898 653860 720835
BT
 2.59491e+06 1.78143e+06 865984 836845 703600 1.42595e+06 1.00352e+06 674658 591415 423721 453119 809672 702508 503973 665989 1.226e+06 948209 2.1781e+06 2.15636e+06 1.61589e+06 2.80099e+06 2.56101e+06 1.68279e+06 2.68561e+06 1.97261e+06 1.67196e+06 2.40792e+06 2.37155e+06 1.8021e+06 1.63818e+06 1.46788e+06 1.37699e+06
Ftot
 0.231866 0.429787 0.423245 0.640452 0.211382 0.379948 0.892409 0.155986 0.629724 0.909616 0.173331 0.600961 0.664641 2.2712 0.820744 0.70537 0.484724 0.58842 0.819506 0.589442 0.42649 0.542364 0.334028 0.319768 0.30729 0.242627 0.308711 0.248827 0.211886 0.256165 0.394753 0.205001
BD_Bspro_t
 0.963745 0.757419 0.539357 0.439204 0.434994 0.535149 0.53601 0.334601 0.392129 0.322852 0.277242 0.587396 0.495022 0.275841 0.0800628 0.32447 0.459802 0.390598 0.452314 0.359512 0.408278 0.457549 0.468113 0.440384 0.55276 0.580302 0.578533 0.627151 0.703836 0.637879 0.596229 0.591854
BD_Bspro
 1.96403 1.31135 0.621971 0.347174 0.382177 0.468445 0.642128 0.328703 0.300416 0.18096 0.108762 0.284716 0.358382 0.173728 0.0352541 0.202048 0.59001 0.477394 0.797538 0.610147 0.944895 1.18378 1.0995 0.831631 1.12805 1.00275 0.796105 0.861715 1.32862 0.951317 0.710161 0.782902
BD_Bo
 1.49449 0.997849 0.473279 0.264176 0.290812 0.356456 0.488617 0.250122 0.228597 0.137698 0.0827604 0.21665 0.272705 0.132196 0.026826 0.153745 0.448958 0.363265 0.606874 0.464282 0.719003 0.900777 0.836646 0.632817 0.85837 0.763024 0.605783 0.655708 1.01099 0.72389 0.540386 0.595737
BD_Brms
 2.71726 1.81427 0.860508 0.480321 0.528749 0.648102 0.888394 0.454767 0.415631 0.250361 0.150473 0.393909 0.495827 0.240356 0.0487746 0.279537 0.816288 0.660482 1.10341 0.844149 1.30728 1.63778 1.52118 1.15058 1.56067 1.38732 1.10142 1.1922 1.83817 1.31616 0.982519 1.08316
Sel_flota
 0.676288 0.975426 0.998676 0.99993 0.999996
 0.676288 0.975426 0.998676 0.99993 0.999996
 0.676288 0.975426 0.998676 0.99993 0.999996
 0.676288 0.975426 0.998676 0.99993 0.999996
 0.676288 0.975426 0.998676 0.99993 0.999996
 0.676288 0.975426 0.998676 0.99993 0.999996
 0.676288 0.975426 0.998676 0.99993 0.999996
 0.676288 0.975426 0.998676 0.99993 0.999996
 0.676288 0.975426 0.998676 0.99993 0.999996
 0.676288 0.975426 0.998676 0.99993 0.999996
 0.676288 0.975426 0.998676 0.99993 0.999996
 0.676288 0.975426 0.998676 0.99993 0.999996
 0.676288 0.975426 0.998676 0.99993 0.999996
 0.676288 0.975426 0.998676 0.99993 0.999996
 0.676288 0.975426 0.998676 0.99993 0.999996
 0.676288 0.975426 0.998676 0.99993 0.999996
 0.676288 0.975426 0.998676 0.99993 0.999996
 0.676288 0.975426 0.998676 0.99993 0.999996
 0.676288 0.975426 0.998676 0.99993 0.999996
 0.676288 0.975426 0.998676 0.99993 0.999996
 0.676288 0.975426 0.998676 0.99993 0.999996
 0.676288 0.975426 0.998676 0.99993 0.999996
 0.676288 0.975426 0.998676 0.99993 0.999996
 0.676288 0.975426 0.998676 0.99993 0.999996
 0.676288 0.975426 0.998676 0.99993 0.999996
 0.676288 0.975426 0.998676 0.99993 0.999996
 0.676288 0.975426 0.998676 0.99993 0.999996
 0.676288 0.975426 0.998676 0.99993 0.999996
 0.676288 0.975426 0.998676 0.99993 0.999996
 0.676288 0.975426 0.998676 0.99993 0.999996
 0.676288 0.975426 0.998676 0.99993 0.999996
 0.676288 0.975426 0.998676 0.99993 0.999996
Sel_reclas
 1 1 1 1 1
 1 1 1 1 1
 1 1 1 1 1
 1 1 1 1 1
 1 1 1 1 1
 1 1 1 1 1
 1 1 1 1 1
 1 1 1 1 1
 1 1 1 1 1
 1 1 1 1 1
 1 1 1 1 1
 1 1 1 1 1
 1 1 1 1 1
 1 1 1 1 1
 1 1 1 1 1
 1 1 1 1 1
 1 1 1 1 1
 1 1 1 1 1
 1 1 1 1 1
 1 1 1 1 1
 1 1 1 1 1
 1 1 1 1 1
 1 1 1 1 1
 1 1 1 1 1
 1 1 1 1 1
 1 1 1 1 1
 1 1 1 1 1
 1 1 1 1 1
 1 1 1 1 1
 1 1 1 1 1
 1 1 1 1 1
 1 1 1 1 1
Sel_pelaces
 0.889054 0.975804 0.995097 0.999022 0.999806
 0.889054 0.975804 0.995097 0.999022 0.999806
 0.889054 0.975804 0.995097 0.999022 0.999806
 0.889054 0.975804 0.995097 0.999022 0.999806
 0.889054 0.975804 0.995097 0.999022 0.999806
 0.889054 0.975804 0.995097 0.999022 0.999806
 0.889054 0.975804 0.995097 0.999022 0.999806
 0.889054 0.975804 0.995097 0.999022 0.999806
 0.889054 0.975804 0.995097 0.999022 0.999806
 0.889054 0.975804 0.995097 0.999022 0.999806
 0.889054 0.975804 0.995097 0.999022 0.999806
 0.889054 0.975804 0.995097 0.999022 0.999806
 0.889054 0.975804 0.995097 0.999022 0.999806
 0.889054 0.975804 0.995097 0.999022 0.999806
 0.889054 0.975804 0.995097 0.999022 0.999806
 0.889054 0.975804 0.995097 0.999022 0.999806
 0.889054 0.975804 0.995097 0.999022 0.999806
 0.889054 0.975804 0.995097 0.999022 0.999806
 0.889054 0.975804 0.995097 0.999022 0.999806
 0.889054 0.975804 0.995097 0.999022 0.999806
 0.889054 0.975804 0.995097 0.999022 0.999806
 0.889054 0.975804 0.995097 0.999022 0.999806
 0.889054 0.975804 0.995097 0.999022 0.999806
 0.889054 0.975804 0.995097 0.999022 0.999806
 0.889054 0.975804 0.995097 0.999022 0.999806
 0.889054 0.975804 0.995097 0.999022 0.999806
 0.889054 0.975804 0.995097 0.999022 0.999806
 0.889054 0.975804 0.995097 0.999022 0.999806
 0.889054 0.975804 0.995097 0.999022 0.999806
 0.889054 0.975804 0.995097 0.999022 0.999806
 0.889054 0.975804 0.995097 0.999022 0.999806
 0.889054 0.975804 0.995097 0.999022 0.999806
pf_obs 
 0.8446 0.082 0.0669 0.0065 0
 0.8095 0.147 0.0364 0.0071 0
 0.9664 0.0169 0.016 0.0007 0
 0.9276 0.0648 0.0075 0.0001 0
 0.7033 0.2144 0.0806 0.0017 0
 0.9318 0.0425 0.0243 0.0014 0
 0.5671 0.3108 0.0964 0.0239 0.0018
 0.0768 0.2599 0.5324 0.112 0.0189
 0.490249 0.384438 0.106611 0.0170017 0.00170017
 0.7925 0.1577 0.0466 0.003 0.0002
 0.840416 0.127587 0.0312969 0.00059994 9.999e-05
 0.8084 0.0986 0.0794 0.0134 0.0002
 0.7335 0.1905 0.0724 0.0035 0.0001
 0.4001 0.4547 0.1325 0.0127 0
 0.49795 0.308269 0.164784 0.0264974 0.00249975
 0.9179 0.0499 0.0305 0.0017 0
 0.2467 0.6533 0.0926 0.0074 0
 0.9418 0.0223 0.034 0.0019 0
 0.707729 0.231977 0.0356964 0.0245975 0
 0.517169 0.277429 0.184464 0.0207286 0.00020938
 0.811772 0.124168 0.05621 0.00726502 0.000585176
 0.764997 0.148141 0.077277 0.00933861 0.000247198
 0.163321 0.427699 0.378323 0.0303852 0.000271297
 0.753843 0.0900009 0.118128 0.0371064 0.000921714
 0.721811 0.176058 0.0630433 0.0369309 0.00215725
 0.143369 0.312575 0.442814 0.0836902 0.0175525
 0.692698 0.0596174 0.167031 0.0765114 0.00414204
 0.394062 0.376323 0.152708 0.0712218 0.00568511
 0.125707 0.32114 0.495352 0.0537591 0.00404204
 0.23352 0.215282 0.420074 0.123614 0.00750983
 0.796117 0.104755 0.0508955 0.0450114 0.00322123
 0.162477 0.292055 0.404252 0.121198 0.0200186
pf_pred 
 0.490449 0.143724 0.341791 0.0240348 8.9052e-07
 0.43278 0.335244 0.0666515 0.154476 0.0108482
 0.59129 0.221319 0.112097 0.0216571 0.0536365
 0.73393 0.184034 0.0450189 0.022158 0.0148595
 0.664348 0.273846 0.0431765 0.0102315 0.00839839
 0.755501 0.182111 0.0511402 0.00786071 0.00338703
 0.464031 0.442458 0.0701511 0.0191541 0.00420631
 0.468587 0.315154 0.179646 0.0274801 0.0091332
 0.551396 0.253301 0.116999 0.0650621 0.0132425
 0.742462 0.171378 0.0493385 0.0220734 0.0147478
 0.864533 0.112506 0.0154671 0.00429491 0.00319894
 0.766587 0.210882 0.0187924 0.0025198 0.00121918
 0.540357 0.385717 0.0669913 0.00578542 0.00114912
 0.557474 0.29054 0.128211 0.0215486 0.00222663
 0.946884 0.0396988 0.00899417 0.00373288 0.000689927
 0.923715 0.073807 0.00186889 0.000408894 0.000200692
 0.37224 0.597248 0.0295522 0.000724049 0.000235744
 0.892341 0.0515564 0.0534512 0.00256779 8.32629e-05
 0.697816 0.281089 0.0102672 0.0103172 0.000510853
 0.743048 0.203738 0.0496211 0.00175045 0.00184262
 0.718871 0.230843 0.0401269 0.00947387 0.000684831
 0.740769 0.206672 0.0433797 0.00732761 0.00185224
 0.294922 0.576653 0.103017 0.0209771 0.00443182
 0.730955 0.104071 0.135595 0.023574 0.00580596
 0.666921 0.268201 0.0255157 0.0323603 0.00700146
 0.397157 0.452276 0.121886 0.0112897 0.0173909
 0.731817 0.13262 0.102364 0.0268828 0.00631671
 0.700501 0.241108 0.0292712 0.0219965 0.00712376
 0.415517 0.453712 0.105817 0.0125183 0.0124363
 0.537058 0.236945 0.176432 0.0401173 0.00944759
 0.653701 0.219876 0.0655397 0.0475455 0.0133381
 0.536947 0.34409 0.0763229 0.0221214 0.0205187
pobs_RECLAS
 0 0 0 0 0
 0 0 0 0 0
 0 0 0 0 0
 0 0 0 0 0
 0 0 0 0 0
 0 0 0 0 0
 0 0 0 0 0
 0 0 0 0 0
 0 0 0 0 0
 0 0 0 0 0
 0.991045 0.00858322 0.000360255 1.14367e-05 0
 0.934742 0.0480273 0.0164251 0.00080598 0
 0.827803 0.169806 0.00239088 0 0
 0.941827 0.0461693 0.0120037 0 0
 0.791401 0.0380133 0.147996 0.0225897 0
 0.846168 0.0940531 0.0597789 0 0
 0.134021 0.677848 0.182769 0.00536245 0
 0.80878 0.0450904 0.141981 0.00414843 0
 0.846168 0.0940531 0.0597789 0 0
 0.905697 0.0802665 0.012482 0.00150086 5.37128e-05
 0.989698 0.0102097 9.19794e-05 0 0
 0.975433 0.0193895 0.00387452 0.00125025 5.28907e-05
 0.303575 0.632131 0.0575291 0.00676475 0
 0.966965 0.00978017 0.0227588 0.000495775 0
 0.843318 0.132988 0.00938335 0.0141283 0.000182051
 0.564624 0.303363 0.111486 0.0197234 0.00080311
 0.826376 0.0876187 0.0782897 0.00655872 0.00115652
 0.89761 0.0855135 0.0140674 0.00269457 0.000114338
 0.34875 0.467042 0.161289 0.0227151 0.000203297
 0.318654 0.224769 0.449479 0.00709798 0
 0.937255 0.0296025 0.0250945 0.00804832 0
 0.456809 0.399803 0.12412 0.0192676 0
ppred_RECLAS
 0.58712 0.118489 0.275071 0.0193182 7.15717e-07
 0.530023 0.280677 0.0544411 0.12601 0.00884859
 0.681543 0.174439 0.0861988 0.0166317 0.0411875
 0.804144 0.136554 0.0325634 0.0160057 0.0107329
 0.742594 0.210946 0.0324693 0.00768434 0.00630718
 0.819475 0.135306 0.0370756 0.00569141 0.00245215
 0.565522 0.360348 0.0556312 0.015168 0.0033307
 0.563279 0.261533 0.14556 0.0222378 0.00739036
 0.647209 0.201452 0.0907113 0.0503754 0.0102525
 0.813351 0.125336 0.0351322 0.0156953 0.0104856
 0.902792 0.0810624 0.0108807 0.00301749 0.00224734
 0.829127 0.154756 0.0134458 0.00180046 0.000871074
 0.635716 0.306949 0.0519636 0.00448149 0.000890066
 0.679896 0.212756 0.0905828 0.0151952 0.00156997
 0.963961 0.0271162 0.00598404 0.00248009 0.000458348
 0.947237 0.0510915 0.00126079 0.000275469 0.000135195
 0.465362 0.509261 0.024579 0.000601403 0.000195798
 0.925208 0.0362906 0.0366848 0.00175996 5.70642e-05
 0.775177 0.209518 0.00745446 0.00748024 0.000370354
 0.810676 0.150898 0.0358341 0.00126239 0.00132876
 0.789763 0.173396 0.0294059 0.00693353 0.000501164
 0.808491 0.153459 0.0314118 0.00529892 0.00133934
 0.379763 0.509524 0.0888312 0.018065 0.00381632
 0.800679 0.0782655 0.0995199 0.0172798 0.00425547
 0.745499 0.205923 0.0191203 0.0242179 0.00523941
 0.490515 0.384549 0.101163 0.00935826 0.0144147
 0.800896 0.0996853 0.075095 0.0196958 0.00462766
 0.773473 0.183237 0.021715 0.0162972 0.00527763
 0.509125 0.383105 0.0872273 0.0103059 0.0102377
 0.630456 0.191398 0.139115 0.0315914 0.00743925
 0.735638 0.169392 0.0492654 0.0356926 0.0100123
 0.628642 0.277678 0.0601303 0.0174058 0.0161437
pobs_PELACES
 0 0 0 0 0
 0 0 0 0 0
 0 0 0 0 0
 0 0 0 0 0
 0 0 0 0 0
 0 0 0 0 0
 0 0 0 0 0
 0 0 0 0 0
 0 0 0 0 0
 0 0 0 0 0
 0 0 0 0 0
 0 0 0 0 0
 0 0 0 0 0
 0 0 0 0 0
 0 0 0 0 0
 0 0 0 0 0
 0.505614 0.472636 0.0217494 0 0
 0 0 0 0 0
 0.443492 0.261883 0.143347 0.151278 0
 0.227955 0.32914 0.350689 0.0885471 0.00366901
 0.970185 0.0296113 0.000203453 0 0
 0.997202 0.00247181 0.000326279 0 0
 0.445219 0.490057 0.0546422 0.010081 0
 0.90214 0.0892962 0.00764917 0.000914606 0
 0 0 0 0 0
 0.581667 0.319106 0.0959925 0.00289975 0.000334073
 0.762889 0.0836404 0.116647 0.0363945 0.000428098
 0.88444 0.0763242 0.0277011 0.0115352 0
 0.521256 0.241999 0.230069 0.00667565 0
 0.616807 0.101726 0.260614 0.0208532 0
 0.833518 0.0704572 0.0857862 0.0102388 0
 0.697417 0.212968 0.0787535 0.0105354 0.000325836
ppred_PELACES
 0.566836 0.122717 0.290001 0.0204451 7.58057e-07
 0.515462 0.287155 0.0566119 0.131528 0.00924323
 0.668484 0.180107 0.0904651 0.0175206 0.0434226
 0.79859 0.139724 0.0338116 0.0166804 0.0111939
 0.727853 0.222247 0.0348286 0.0082745 0.00679686
 0.810431 0.141463 0.0394141 0.00607328 0.00261872
 0.563715 0.361 0.056446 0.0154451 0.00339415
 0.54217 0.272073 0.154235 0.0236545 0.00786735
 0.638496 0.204985 0.0936734 0.052212 0.0106344
 0.812131 0.125563 0.0356421 0.0159798 0.0106839
 0.895609 0.0867668 0.0118609 0.00330205 0.0024612
 0.824073 0.159097 0.0140314 0.00188582 0.000913075
 0.628778 0.312061 0.0535996 0.00463954 0.000922165
 0.707549 0.194205 0.0828627 0.0139418 0.00144153
 0.963412 0.0274301 0.00613427 0.00255151 0.000471909
 0.946027 0.0522381 0.00130748 0.000286713 0.000140821
 0.453933 0.519751 0.0254863 0.000625936 0.000203943
 0.922185 0.0374611 0.0384428 0.00185112 6.00664e-05
 0.77286 0.211457 0.00762412 0.00767805 0.000380439
 0.804768 0.155121 0.0373957 0.00132228 0.00139287
 0.780654 0.180364 0.0310905 0.00735835 0.000532284
 0.801779 0.158327 0.0329117 0.0055726 0.0014096
 0.364964 0.520015 0.0922161 0.0188247 0.0039799
 0.788872 0.0820056 0.106077 0.0184884 0.00455668
 0.732669 0.215489 0.0203561 0.0258815 0.0056037
 0.47211 0.39662 0.106204 0.00986232 0.0152029
 0.789208 0.104579 0.0801493 0.0211017 0.00496183
 0.76055 0.192958 0.0232746 0.0175348 0.00568283
 0.490043 0.396349 0.0918776 0.0108972 0.0108335
 0.612398 0.198961 0.147182 0.0335516 0.00790699
 0.723645 0.175899 0.0520118 0.0378247 0.0106186
 0.610299 0.289952 0.063929 0.0185768 0.0172432
pobs_pel_tallas
 0 0 0 0 0 0 0 0 0 0 0 0 0 0 0 0 0 0 0 0 0 0 0 0 0 0
 0 0 0 0 0 0 0 0 0 0 0 0 0 0 0 0 0 0 0 0 0 0 0 0 0 0
 0 0 0 0 0 0 0 0 0 0 0 0 0 0 0 0 0 0 0 0 0 0 0 0 0 0
 0 0 0 0 0 0 0 0 0 0 0 0 0 0 0 0 0 0 0 0 0 0 0 0 0 0
 0 0 0 0 0 0 0 0 0 0 0 0 0 0 0 0 0 0 0 0 0 0 0 0 0 0
 0 0 0 0 0 0 0 0 0 0 0 0 0 0 0 0 0 0 0 0 0 0 0 0 0 0
 0 0 0 0 0 0 0 0 0 0 0 0 0 0 0 0 0 0 0 0 0 0 0 0 0 0
 0 0 0 0 0 0 0 0 0 0 0 0 0 0 0 0 0 0 0 0 0 0 0 0 0 0
 0 0 0 0 0 0 0 0 0 0 0 0 0 0 0 0 0 0 0 0 0 0 0 0 0 0
 0 0 0 0 0 0 0 0 0 0 0 0 0 0 0 0 0 0 0 0 0 0 0 0 0 0
 0 0 0 0 0 0 0 0 0 0 0 0 0 0 0 0 0 0 0 0 0 0 0 0 0 0
 0 0 0 0 0 0 0 0 0 0 0 0 0 0 0 0 0 0 0 0 0 0 0 0 0 0
 0.00862536 0 0 0.000197151 0.00414017 0.0128641 0.00837892 0.0270097 0.101434 0.158115 0.152841 0.127902 0.109271 0.109419 0.0830992 0.0579132 0.0238553 0.00714673 0.00463305 0.00128148 0.00103504 0.000492878 0.000147863 0.000147863 4.92878e-05 0
 0 0 0 0 0 0 0 0 0 0 0 0 0 0 0 0 0 0 0 0 0 0 0 0 0 0
 0 0 0 0 0 0 0 0.0054083 0.00873648 0.0413646 0.0450493 0.0745869 0.0622846 0.0627006 0.0613931 0.0827291 0.12552 0.122667 0.0946155 0.0697135 0.0546179 0.0294188 0.0215738 0.0213955 0.0102223 0.00600262
 0 0 0 0 0.00359764 0.0251062 0.0480494 0.140153 0.205849 0.193036 0.1447 0.116669 0.0760912 0.0342217 0.00950174 0.001854 0.000860785 0 0 0 0.000165536 0 0.000143464 0 0 0
 0 0 0 0 0 0 0 0.000145254 0.000435761 0.0275982 0.070085 0.0708112 0.156366 0.174668 0.174014 0.160142 0.0824315 0.0480064 0.0283245 0.00493863 0.00203355 0 0 0 0 0
 0 0 0 0 0 0 0 0 0 0 0 0 0 0 0 0 0 0 0 0 0 0 0 0 0 0
 0 0 1.00437e-05 0.000401748 0.00122533 0.00171747 0.00176769 0.0269171 0.070346 0.194647 0.189555 0.159765 0.064822 0.0314167 0.0384472 0.0292271 0.0345202 0.0313363 0.0194345 0.0106764 0.0143323 0.0359363 0.0279516 0.0138201 0.00172751 0
 0 0.0021121 0.0136068 0.0755702 0.200478 0.177729 0.0527432 0.0373336 0.0318909 0.0142505 0.0149659 0.0166563 0.0217959 0.0798694 0.0677717 0.0528807 0.04013 0.0224614 0.0357745 0.0225083 0.00881397 0.00855152 0.00135912 0.000746735 0 0
 0 0 0 0 5.4009e-05 0.00500934 0.000945158 0.0243581 0.138947 0.33067 0.221406 0.137944 0.0707744 0.0437923 0.0131692 0.00525238 0.0047753 0.00276346 9.45158e-05 9.00151e-06 2.25038e-05 9.00151e-06 4.50075e-06 0 0 0
 0.000866109 0.00284123 0.00948549 0.0512746 0.133035 0.25785 0.225252 0.132002 0.0553304 0.0519788 0.0540692 0.017754 0.00435017 0.00159236 0.00146478 0.000404838 0.000125132 0.000115318 0.000107957 0.000100596 0 0 0 0 0 0
 0 0 0 0 0.00144013 0.00171154 0.00461396 0.0210425 0.0478622 0.0707936 0.0888783 0.103762 0.0637923 0.0337046 0.0602308 0.124433 0.169614 0.0934646 0.0462172 0.0250306 0.0313229 0.00938855 0.002487 0.000210481 0 0
 0 0.00764035 0.051015 0.0998891 0.058973 0.0496711 0.0374665 0.0718981 0.12319 0.153886 0.159021 0.0857701 0.0377988 0.023471 0.0147837 0.00900784 0.00315554 0.000888139 0.00291439 0.00214683 0.00393193 0.00274676 0.000635225 9.99891e-05 0 0
 0 0 0 0 0 0 0 0 0 0 0 0 0 0 0 0 0 0 0 0 0 0 0 0 0 0
 0 0 0 0 0 0 0 0 0 0 0 0 0 0 0 0 0 0 0 0 0 0 0 0 0 0
 0 0 0 0 0 0 0 0 0 0 0 0 0 0 0 0 0 0 0 0 0 0 0 0 0 0
 0 0 0 0 0 0 0 0 0 0 0 0 0 0 0 0 0 0 0 0 0 0 0 0 0 0
 0 0 0 0 0 0 0 0 0 0 0 0 0 0 0 0 0 0 0 0 0 0 0 0 0 0
 0 0 0 0 0 0 0 0 0 0 0 0 0 0 0 0 0 0 0 0 0 0 0 0 0 0
 0 0 0 0 0 0 0 0 0 0 0 0 0 0 0 0 0 0 0 0 0 0 0 0 0 0
 0 0 0 0 0 0 0 0 0 0 0 0 0 0 0 0 0 0 0 0 0 0 0 0 0 0
ppred_pel_tallas
 1.10451e-16 4.66896e-05 0.000453839 0.00301592 0.01371 0.0426568 0.0908853 0.132652 0.132665 0.0909454 0.0428598 0.0143016 0.00452143 0.00380796 0.00661442 0.0113754 0.017577 0.0245854 0.0316931 0.0384266 0.0445623 0.0497666 0.0532568 0.053941 0.0510316 0.0446483
 1.16462e-16 4.2458e-05 0.000412706 0.00274258 0.0124674 0.0387908 0.082649 0.120634 0.120662 0.0827846 0.0392464 0.0137843 0.00605217 0.00765167 0.0138343 0.0229256 0.0333276 0.0426078 0.0483725 0.0496665 0.047589 0.0445109 0.0424919 0.0421225 0.0425069 0.0421238
 1.11763e-16 5.50622e-05 0.000535224 0.00355675 0.0161685 0.0503063 0.107184 0.156441 0.156459 0.107269 0.0505935 0.0169994 0.00564815 0.00511963 0.00881772 0.014639 0.0214367 0.0277156 0.0319954 0.0336292 0.0331643 0.031876 0.0308579 0.0304017 0.0300472 0.0290845
 1.04579e-16 6.57788e-05 0.000639394 0.004249 0.0193153 0.0600972 0.128044 0.186887 0.1869 0.12811 0.0603188 0.0199556 0.00585757 0.00415583 0.00675882 0.0111091 0.0160921 0.0204441 0.02293 0.0230005 0.0211147 0.0184039 0.0159496 0.0142427 0.0131442 0.0122151
 1.03042e-16 5.99524e-05 0.000582758 0.00387264 0.0176045 0.0547741 0.116703 0.170336 0.170357 0.116807 0.0551257 0.01862 0.0064222 0.00614962 0.0106358 0.0174974 0.0252217 0.0317645 0.0350835 0.0342401 0.0299519 0.024092 0.018553 0.014361 0.0115537 0.00963104
 1.02226e-16 6.67541e-05 0.000648874 0.004312 0.0196017 0.0609883 0.129943 0.189658 0.189671 0.130009 0.0612126 0.0202501 0.00594096 0.00420981 0.00684395 0.0112461 0.0162809 0.0206546 0.0230895 0.0229873 0.0207611 0.0175135 0.0143331 0.0117733 0.00981748 0.00818713
 1.03845e-16 4.64325e-05 0.000451341 0.00299932 0.0136345 0.0424222 0.0903862 0.131929 0.131963 0.0905562 0.0429932 0.015284 0.00714036 0.00949285 0.0172226 0.0284112 0.0409517 0.0515584 0.0569081 0.0554631 0.0483735 0.0386685 0.0294182 0.022303 0.0174184 0.0140048
 1.08225e-16 4.46579e-05 0.000434091 0.00288469 0.0131134 0.0408007 0.0869313 0.126884 0.126911 0.0870604 0.0412348 0.0143696 0.00604684 0.0073667 0.0132978 0.0221399 0.0324179 0.041871 0.0481891 0.0502591 0.048718 0.0452977 0.0415438 0.0379873 0.0342811 0.0299152
 1.09792e-16 5.25921e-05 0.000511214 0.0033972 0.0154432 0.0480496 0.102375 0.149424 0.149444 0.102473 0.0483762 0.0163881 0.00577505 0.00572194 0.0100077 0.0166183 0.0243073 0.0313661 0.0360918 0.0377276 0.0368745 0.0349616 0.033214 0.0319595 0.0307062 0.0287345
 1.04472e-16 6.68942e-05 0.000650235 0.00432104 0.0196428 0.0611162 0.130215 0.190055 0.190067 0.130274 0.0613155 0.0202188 0.00576859 0.00381603 0.00609661 0.0100193 0.0145375 0.018521 0.0208699 0.0210945 0.0195981 0.0173722 0.0153513 0.0139386 0.0129839 0.0120889
 1.01113e-16 7.37702e-05 0.000717072 0.0047652 0.0216619 0.0673983 0.143599 0.209589 0.209598 0.14364 0.0675355 0.0220582 0.00575995 0.00288863 0.00419804 0.00682374 0.00982366 0.0123562 0.0136182 0.0132427 0.0115137 0.00917061 0.00696372 0.00530403 0.00421148 0.00348892
 1.0079e-16 6.78778e-05 0.000659797 0.00438458 0.0199317 0.0620149 0.13213 0.192851 0.192866 0.132205 0.0622662 0.0206573 0.00620523 0.00463193 0.00760467 0.0124461 0.0178788 0.02239 0.0244862 0.0234771 0.0198856 0.0150998 0.0105568 0.00708961 0.0048097 0.00340452
 1.02248e-16 5.17916e-05 0.000503433 0.00334549 0.0152081 0.0473183 0.100818 0.147153 0.147183 0.100965 0.0478121 0.0166343 0.00692595 0.00832133 0.0149043 0.0245699 0.0354152 0.0445857 0.0491954 0.0478923 0.0416401 0.0330289 0.0247032 0.0181417 0.013493 0.010191
 1.04084e-16 5.82799e-05 0.000566501 0.0037646 0.0171133 0.0532461 0.113447 0.165583 0.165602 0.113539 0.053555 0.0180068 0.00601154 0.00548565 0.00944181 0.0156244 0.0227519 0.029132 0.0330618 0.0337289 0.0316369 0.028151 0.0245619 0.0214368 0.018649 0.0158446
 1.0052e-16 7.9355e-05 0.000771359 0.00512595 0.0233018 0.0725006 0.15447 0.225455 0.225457 0.154483 0.0725441 0.0234274 0.0054414 0.00146068 0.00139055 0.00217871 0.0031437 0.00398067 0.00443813 0.00440257 0.0039598 0.00333122 0.00273438 0.00227793 0.00195249 0.00169156
 1.00104e-16 7.7923e-05 0.000757439 0.00503345 0.0228813 0.0711924 0.151683 0.221387 0.221392 0.151708 0.0712748 0.0231192 0.00563003 0.00205816 0.00254348 0.00406906 0.00582472 0.00726277 0.00788372 0.00745943 0.00616839 0.00448266 0.00289678 0.00170581 0.000958593 0.000550526
 1.00966e-16 3.739e-05 0.000363444 0.00241522 0.0109793 0.0341608 0.072785 0.106242 0.106292 0.0730294 0.034981 0.0133472 0.00835516 0.0133171 0.0245995 0.0405054 0.0581021 0.0725482 0.078931 0.0749761 0.0624236 0.0459052 0.0302648 0.0183811 0.0107319 0.00632543
 1.01315e-16 7.59592e-05 0.00073835 0.0049066 0.0223047 0.0693981 0.14786 0.215807 0.215811 0.147878 0.0694584 0.0224795 0.00534793 0.00170988 0.00194471 0.00315619 0.00468158 0.00618194 0.00735591 0.00804596 0.00829452 0.00825149 0.00801976 0.00758275 0.00686462 0.00584502
 1.01109e-16 6.36595e-05 0.000618793 0.0041121 0.018693 0.058161 0.123919 0.180868 0.180888 0.124018 0.0584947 0.0196563 0.00652845 0.00588826 0.0100554 0.0164813 0.0236391 0.0295257 0.0321496 0.0306017 0.0256091 0.0190712 0.0129577 0.00841403 0.005584 0.00400179
 1.01488e-16 6.62877e-05 0.00064434 0.00428187 0.0194648 0.0605621 0.129035 0.188333 0.188348 0.129108 0.0608079 0.0201749 0.00606545 0.00454137 0.00747741 0.0122823 0.0177451 0.0224336 0.0249262 0.0245517 0.0217644 0.0177994 0.0139028 0.0107494 0.00838601 0.00654936
 1.01772e-16 6.43015e-05 0.000625034 0.00415357 0.0188815 0.0587475 0.125168 0.182691 0.182708 0.125253 0.0590329 0.019706 0.00622347 0.00514505 0.00865272 0.0142135 0.0204934 0.0258214 0.0285363 0.0278664 0.0243762 0.0195624 0.0149408 0.0113396 0.00880914 0.006988
 1.01788e-16 6.60415e-05 0.000641947 0.00426597 0.0193925 0.0603372 0.128555 0.187634 0.187649 0.12863 0.060588 0.0201168 0.00608493 0.00461533 0.00761974 0.0125119 0.0180626 0.0228073 0.0252953 0.02485 0.0219544 0.0178959 0.0139701 0.0108733 0.00863537 0.00694723
 1.05356e-16 3.00617e-05 0.000292211 0.00194185 0.00882738 0.0274655 0.0585201 0.0854223 0.0854724 0.0587651 0.0282885 0.0112046 0.00791048 0.0133264 0.0247978 0.040983 0.0591151 0.0745049 0.0823755 0.0805035 0.0705122 0.0567084 0.0434511 0.0331189 0.0258525 0.0206102
 1.05708e-16 6.49784e-05 0.000631613 0.00419729 0.0190803 0.0593659 0.126486 0.184611 0.184619 0.126525 0.0594987 0.019466 0.0051728 0.00278561 0.00422758 0.00707384 0.0106223 0.0142752 0.0174455 0.0198308 0.0215073 0.0227018 0.023458 0.023518 0.0225208 0.020315
 1.04187e-16 6.0349e-05 0.000586614 0.00389826 0.0177209 0.0551365 0.117475 0.171462 0.171483 0.117576 0.0554771 0.0187046 0.00636714 0.00597543 0.0102929 0.0169174 0.0243605 0.0306367 0.0337775 0.0329075 0.0287807 0.0232802 0.0182839 0.0147699 0.0126816 0.0113875
 1.06729e-16 3.88872e-05 0.000377997 0.00251193 0.0114189 0.0355286 0.0756988 0.110493 0.110531 0.075886 0.0361574 0.0132361 0.00707728 0.0103567 0.0190268 0.0314891 0.0455797 0.057781 0.0645134 0.064102 0.0577233 0.0485038 0.0395425 0.0324312 0.0271378 0.0228571
 1.05296e-16 6.5006e-05 0.000631882 0.00419908 0.0190884 0.0593911 0.126539 0.18469 0.1847 0.126589 0.0595588 0.019574 0.0054232 0.00332168 0.00522502 0.00867049 0.0128015 0.0167664 0.0197307 0.0212975 0.0216873 0.0214652 0.0210568 0.0204721 0.0194196 0.0176346
 1.03442e-16 6.26455e-05 0.000608937 0.0040466 0.0183953 0.0572346 0.121945 0.177986 0.178005 0.122036 0.0575397 0.0192765 0.00625864 0.00543796 0.00923446 0.0151698 0.0218551 0.0275077 0.0303626 0.0296259 0.0259533 0.0210063 0.0164476 0.0131526 0.0110957 0.00975575
 1.05679e-16 4.03643e-05 0.000392355 0.00260734 0.0118526 0.0368781 0.078574 0.114689 0.114727 0.078761 0.037506 0.013667 0.00716435 0.0103492 0.0189763 0.0313754 0.0453509 0.0573574 0.0637914 0.0629702 0.056094 0.0463509 0.0369293 0.029511 0.0241218 0.0199626
 1.09002e-16 5.04425e-05 0.000490319 0.00325834 0.014812 0.0460856 0.098191 0.143317 0.143336 0.0982857 0.0464043 0.0157349 0.00558464 0.00560009 0.00984728 0.0164419 0.0242476 0.0316826 0.0371411 0.0398506 0.0402284 0.0393728 0.0381455 0.0366375 0.0343682 0.0308865
 1.07137e-16 5.96058e-05 0.000579389 0.00385025 0.0175027 0.0544574 0.116028 0.16935 0.169367 0.116111 0.0547367 0.0183102 0.00588003 0.00502007 0.00852222 0.0140724 0.0204537 0.0261295 0.0295855 0.0301588 0.028424 0.0257525 0.0234007 0.0218494 0.0207942 0.0196057
 1.06701e-16 5.02695e-05 0.000488638 0.00324717 0.0147612 0.0459277 0.0978548 0.142828 0.142856 0.0979916 0.0463871 0.0160886 0.00658122 0.00777391 0.0139073 0.0229678 0.0332144 0.0420548 0.046882 0.0465086 0.0418606 0.035305 0.0291682 0.0246128 0.021526 0.0191568
pSPR Fmed_Fpbrs
0.568547   0.6 0.325
Fs Fmed_Fpbrs
0.34   0.304219 0.755296
SSBpbr Bo_Bmed_Bpbrs
1.20999e+06  627436  665494 332747
Ro
127912
SPR SPRFo_SPRFmed_SPRFpbrs
920721 523473 299234
Fref
0.304219
Nvult_r0
 58766.5 27761.4 6041.96 1749.43 1622.6
CTP_r0
 10027.5 6352.85 1407.9 408.046 378.482
YTP_r0
313389
Np
 158656 47512.9 7345.64 3124.5 857.843
Nvult_p0
 111143 34521.9 5351.35 2276.54 625.038
CTP_p0
 18964.8 4466.92 1953.66 422.517 158.948
 18964.8 7899.89 1246.97 530.993 145.794
YTP_p0
 286803 332632
CBA_c0
305413
log_Ro
11.5791
likeval ReclasPelacesDesembMPH_pf_preclas_ppelaces_ptallas_desvR_qrecl_qpela
 18.4625 16.6444 0.0333632 53.5307 237.438 132.476 114.255 0 23.5112 9.86409e-06 2.65748e-05 0.125557 7.13005e-16 0 0
q_reclas_q_pelaces
1.55919 2.07309
M
1
N
 163750 34213.2 79639.8 5593.9 0.207249
 91191.8 51497.3 10038.6 23241.9 1632.09
 91999.5 25085.9 12457.3 2404.22 5954
 136021 25420.3 6107.15 3003.02 2013.77
 110677 32449.4 5006.98 1185.13 972.745
 201936 35292.1 9713.28 1491.42 642.59
 78901.6 57454.8 8962.48 2445.01 536.91
 33400.2 15873.9 8850.89 1352.32 449.423
 32330.2 11057.1 5015.45 2786.37 567.097
 44002.2 7768.89 2200.8 983.765 657.248
 94957.2 8750.21 1176.88 326.413 243.105
 152147 31068.8 2718.3 364.132 176.173
 69901.3 37278.7 6359.89 548.725 108.984
 37325.8 16405.2 7171.5 1204.72 124.482
 92931.7 2955.6 658.499 273.056 50.4651
 327417 19625 488.276 106.73 52.3824
 63532.8 74754 3628.32 88.8052 28.9126
 393151 16839.8 17139.6 822.577 26.6714
 317972 97149.7 3489.59 3503.45 173.464
 330577 67204.6 16068.9 566.297 596.082
 348826 81631 13912.5 3281.25 237.176
 467200 96172.6 19810.2 3342.97 844.975
 84442.9 119100 20844.9 4239.96 895.723
 241701 24783.5 31631.2 5493.26 1352.84
 247655 71625.2 6674.31 8455.35 1829.29
 91041.7 74011.5 19525.2 1806.48 2782.58
 218060 28423.9 21489.3 5637.29 1324.53
 264777 65104.5 7737.72 5808.11 1880.89
 105986 82319.6 18789.2 2220.23 2205.55
 107102 33784.6 24629.1 5593.89 1317.28
 135642 33133.3 9680.72 7015.37 1967.94
 83888.7 38208.4 8293.62 2401.05 2226.96
pred_Ctot
 15216.1 4459.02 10604 745.674 0.0276282
 14887.2 11532.1 2292.75 5313.82 373.169
 14816.4 5545.74 2808.89 542.678 1344.01
 31302.2 7849.06 1920.06 945.044 633.761
 9428.74 3886.55 612.782 145.21 119.194
 29535.8 7119.49 1999.29 307.309 132.414
 23722 22619.2 3586.24 979.187 215.034
 2132.1 1433.97 817.397 125.036 41.5565
 7335.88 3369.96 1556.57 865.598 176.18
 13426.3 3099.12 892.214 399.165 266.692
 6703.33 872.338 119.928 33.3014 24.8036
 33194.1 9131.42 813.73 109.11 52.792
 16589.2 11841.7 2056.67 177.615 35.2786
 20817.2 10849.4 4787.66 804.668 83.147
 26165.9 1097.02 248.542 103.153 19.0652
 81602 6520.19 165.1 36.1222 17.7293
 11527.7 18495.8 915.183 22.4226 7.30059
 84260.5 4868.28 5047.2 242.467 7.86221
 89421.4 36020.1 1315.69 1322.1 65.4631
 70953.7 19454.9 4738.32 167.151 175.951
 56559.5 18162.3 3157.12 745.387 53.8813
 93416.5 26062.9 5470.5 924.067 233.581
 10993.6 21495.4 3840.08 781.945 165.201
 30240.3 4305.5 5609.67 975.279 240.198
 29877.1 12015 1143.07 1449.69 313.655
 8826.39 10051.4 2708.78 250.902 386.495
 26418.2 4787.5 3695.29 970.453 228.03
 26281.1 9045.79 1098.19 825.257 267.267
 9049.35 9881.18 2304.54 272.629 270.843
 10922.2 4818.78 3588.12 815.872 192.137
 20530.6 6905.57 2058.39 1493.25 418.907
 6943.05 4449.29 986.901 286.043 265.319
F
 0.156808 0.226168 0.231559 0.23185 0.231865
 0.29066 0.419226 0.429218 0.429757 0.429785
 0.286236 0.412845 0.422685 0.423216 0.423244
 0.43313 0.624714 0.639604 0.640408 0.64045
 0.142955 0.206188 0.211102 0.211367 0.211381
 0.256954 0.370612 0.379445 0.379922 0.379947
 0.603526 0.87048 0.891228 0.892347 0.892406
 0.105492 0.152153 0.15578 0.155976 0.155986
 0.425875 0.61425 0.628891 0.62968 0.629722
 0.615162 0.887263 0.908411 0.909552 0.909612
 0.117222 0.169072 0.173101 0.173319 0.17333
 0.406422 0.586193 0.600165 0.600919 0.600958
 0.449488 0.648308 0.663761 0.664594 0.664638
 1.53598 2.21539 2.26819 2.27104 2.27119
 0.555059 0.800575 0.819657 0.820686 0.820741
 0.477033 0.688037 0.704436 0.705321 0.705368
 0.327813 0.472812 0.484082 0.48469 0.484722
 0.397941 0.57396 0.587641 0.588379 0.588418
 0.554222 0.799368 0.818421 0.819449 0.819503
 0.398632 0.574957 0.588661 0.5894 0.589439
 0.28843 0.41601 0.425926 0.426461 0.426489
 0.366794 0.529036 0.541645 0.542326 0.542362
 0.225899 0.32582 0.333586 0.334005 0.334027
 0.216255 0.311911 0.319345 0.319746 0.319767
 0.207817 0.299739 0.306883 0.307269 0.307289
 0.164086 0.236665 0.242306 0.24261 0.242626
 0.208777 0.301125 0.308302 0.308689 0.30871
 0.168279 0.242713 0.248498 0.24881 0.248826
 0.143296 0.206679 0.211605 0.211871 0.211885
 0.173241 0.24987 0.255826 0.256147 0.256164
 0.266966 0.385052 0.39423 0.394725 0.394751
 0.13864 0.199963 0.204729 0.204987 0.205
YTP_r0W_actual
 86236.8 157551 39280.4 15220.1 15101.4
YTP_p0W_proyectada
 142995 77947.7 47024.6 13233.2 5602.92
 142995 137853 30014.7 16630.7 5139.25
CTP_r0_actual
 10027.5 6352.85 1407.9 408.046 378.482
CTP_p0_proyectada
 18964.8 4466.92 1953.66 422.517 158.948
 18964.8 7899.89 1246.97 530.993 145.794
Wmedp
 7.54 17.45 24.07 31.32 35.25
Frms_r0
 0.20574 0.296743 0.303816 0.304198 0.304218
Zrms_r0
 1.20574 1.29674 1.30382 1.3042 1.30422
nmprior
 7.29 8.9 8.7 0
nm_flota  nm_reclas  nm_pelaces    nm_pelaL
inf 10.9389 16.0445 48.6918
cv_recla  cv_pelaces  cv_mph
0.380118 0.446914 0.597387
 ------------------------------------------------
Talla a la edad & desviaci?n 
 8 13.2811 15.8009 17.003 17.5766
 0.8 1.32811 1.58009 1.7003 1.75766
