years
 1997 1998 1999 2000 2001 2002 2003 2004 2005 2006 2007 2008 2009 2010 2011 2012 2013 2014 2015 2016 2017 2018 2019 2020 2021 2022 2023
reclasobs
 0 0 0 370054 412103 1.49427e+06 250295 1.28982e+06 931140 785840 897777 1.04006e+06 184774 17550 25797 100020 73551 82996 120727 218422 84188 347160 605670 569463 516374 1.08416e+06 1.01767e+06
reclaspred
 380731 105463 325521 241479 360253 431875 958570 646733 728212 656396 515438 344182 212033 98819.3 70685.3 72987.4 90569.6 125968 133448 192696 276676 249518 436641 611672 746283 716932 629218
pelacesobs
 0 0 0 0 0 0 0 0 0 2.06254e+06 1.5e+06 0 1.87456e+06 323000 250000 174000 83755 137374 0 501740 490994 745055 786931 1.00524e+06 1.33801e+06 1.41789e+06 0
pelacespred
 1.06723e+06 258210 497679 557842 711727 714523 1.80357e+06 1.51685e+06 1.5131e+06 1.3787e+06 976009 672105 412178 160535 113076 124784 161590 227217 247949 348126 554384 490740 700757 1.09485e+06 1.33837e+06 1.4207e+06 1.20457e+06
mphobs
 0 0 0 0 0 112323 0 153150 637223 0 255016 313432 73983 77613 109348 50772 17779 17303 59886 28197 0 207744 136588 643089 65757 70829 0
mphpred
 676454 414153 514401 638149 686027 1.0851e+06 1.65026e+06 1.95643e+06 1.69726e+06 1.72844e+06 1.60717e+06 1.12868e+06 692647 367737 179272 157500 192066 263563 333170 382733 575405 674203 840810 1.22522e+06 1.85959e+06 1.98757e+06 1.69053e+06
desembarqueobs
 350755 77701 442110 56441 14545 235359 269955 359681 431902 328805 639364 411747 362871 311530 167758 66681 60226 58785 57116 73181 50977 67692 138656 160484 209506 203330 245020
desembarquepred
 350761 77701.3 442111 56442.2 14545.1 235395 269982 359684 431931 328824 639571 411991 363201 311969 167799 66691.6 60244.2 58786.6 57112.3 73179.3 50977 67686.5 138655 160485 209496 203321 245012
Reclutas
 51170 65931.8 39729.3 65027.4 111906 81995.7 129710 124638 151264 144506 67836 39592 43482.8 23517.8 18585.7 22863.8 18276.7 21858.7 24049 43815.3 53689.8 67424.6 115701 166631 69263.4 91888 100546
log_desv_Rt
 -0.140635 0.112833 -0.393698 0.0990203 0.641873 0.330879 0.789514 0.749629 0.943237 0.897535 0.141305 -0.397162 -0.303422 -0.918031 -1.15339 -0.946233 -1.17016 -0.991188 -0.895696 -0.295806 -0.0925651 0.135222 0.675218 1.03999 0.162129 0.444783 0.534825
SSB
 676454 414153 514401 638149 686027 1.0851e+06 1.65026e+06 1.95643e+06 1.69726e+06 1.72844e+06 1.60717e+06 1.12868e+06 692647 367737 179272 157500 192066 263563 333170 382733 575405 674203 840810 1.22522e+06 1.85959e+06 1.98757e+06 1.69053e+06
BT
 2.19813e+06 594012 1.13323e+06 1.05877e+06 1.28557e+06 1.46493e+06 3.4127e+06 3.12451e+06 3.10469e+06 2.78659e+06 2.32808e+06 1.58427e+06 1.09609e+06 588560 345539 278650 338833 453919 493123 683153 1.03423e+06 942529 1.3513e+06 2.09045e+06 2.55735e+06 2.72157e+06 2.37009e+06
Ftot
 0.447966 0.370503 0.539658 0.103231 0.0198715 0.192895 0.119892 0.234171 0.25904 0.205032 0.425685 0.396251 0.631359 1.10189 1.02787 0.402564 0.289299 0.197645 0.164487 0.171697 0.0791926 0.105277 0.126645 0.116461 0.0962965 0.0995369 0.140698
BD_Bspro_t
 0.94546 0.749353 0.710386 0.587819 0.720008 0.841881 0.813721 0.821318 0.774769 0.742753 0.707616 0.55904 0.444627 0.334315 0.216917 0.233148 0.346413 0.507777 0.620797 0.701762 0.794219 0.855072 0.859483 0.866364 0.879431 0.853531 0.830967
BD_Bspro
 0.556079 0.340455 0.422864 0.524591 0.563949 0.892007 1.3566 1.60829 1.39524 1.42087 1.32117 0.927828 0.569392 0.302299 0.147371 0.129473 0.157888 0.216663 0.273883 0.314626 0.473012 0.55423 0.691189 1.00719 1.52868 1.63388 1.3897
BD_Bo
 0.286668 0.17551 0.217994 0.270436 0.290725 0.459845 0.69935 0.829098 0.719268 0.732482 0.681088 0.478311 0.293531 0.15584 0.0759722 0.0667456 0.0813941 0.111693 0.141191 0.162195 0.243846 0.285715 0.356319 0.519223 0.788059 0.842294 0.716413
BD_Brms
 0.994829 0.609076 0.756506 0.938496 1.00891 1.59581 2.42696 2.87723 2.49608 2.54194 2.36359 1.65989 1.01864 0.540814 0.263647 0.231628 0.282463 0.38761 0.489977 0.562868 0.846221 0.991519 1.23654 1.80187 2.73481 2.92302 2.48618
S_f
 0.1844 1 1 1 1
 0.1844 1 1 1 1
 0.1844 1 1 1 1
 0.1844 1 1 1 1
 0.1844 1 1 1 1
 0.1844 1 1 1 1
 0.1844 1 1 1 1
 0.1844 1 1 1 1
 0.1844 1 1 1 1
 0.1844 1 1 1 1
 0.1844 1 1 1 1
 0.1844 1 1 1 1
 0.1844 1 1 1 1
 0.1844 1 1 1 1
 0.1844 1 1 1 1
 0.1844 1 1 1 1
 0.1844 1 1 1 1
 0.1844 1 1 1 1
 0.1844 1 1 1 1
 0.1844 1 1 1 1
 0.1844 1 1 1 1
 0.1844 1 1 1 1
 0.1844 1 1 1 1
 0.1844 1 1 1 1
 0.1844 1 1 1 1
 0.1844 1 1 1 1
 0.1844 1 1 1 1
Scru_reclas
 1 1 1 1 1
 1 1 1 1 1
 1 1 1 1 1
 1 1 1 1 1
 1 1 1 1 1
 1 1 1 1 1
 1 1 1 1 1
 1 1 1 1 1
 1 1 1 1 1
 1 1 1 1 1
 1 1 1 1 1
 1 1 1 1 1
 1 1 1 1 1
 1 1 1 1 1
 1 1 1 1 1
 1 1 1 1 1
 1 1 1 1 1
 1 1 1 1 1
 1 1 1 1 1
 1 1 1 1 1
 1 1 1 1 1
 1 1 1 1 1
 1 1 1 1 1
 1 1 1 1 1
 1 1 1 1 1
 1 1 1 1 1
 1 1 1 1 1
Scru_pelaces
 1 1 1 1 1
 1 1 1 1 1
 1 1 1 1 1
 1 1 1 1 1
 1 1 1 1 1
 1 1 1 1 1
 1 1 1 1 1
 1 1 1 1 1
 1 1 1 1 1
 1 1 1 1 1
 1 1 1 1 1
 1 1 1 1 1
 1 1 1 1 1
 1 1 1 1 1
 1 1 1 1 1
 1 1 1 1 1
 1 1 1 1 1
 1 1 1 1 1
 1 1 1 1 1
 1 1 1 1 1
 1 1 1 1 1
 1 1 1 1 1
 1 1 1 1 1
 1 1 1 1 1
 1 1 1 1 1
 1 1 1 1 1
 1 1 1 1 1
pf_obs 
 0.256992 0.487395 0.22802 0.0275931 0
 0.321318 0.546541 0.124235 0.00734118 0.000564706
 0.182869 0.594174 0.210203 0.0122559 0.00049798
 0.330522 0.361315 0.267642 0.0388342 0.00168674
 0.649043 0.306663 0.0425973 0.00169635 0
 0.582887 0.30429 0.105238 0.00758474 0
 0.465427 0.430635 0.0974691 0.00646863 0
 0.296916 0.608066 0.0921331 0.00288517 0
 0.311714 0.524322 0.152257 0.0117073 0
 0.15457 0.633149 0.183074 0.0267441 0.00246327
 0.131901 0.49318 0.331252 0.0422183 0.00144891
 0.196976 0.569456 0.194076 0.0375587 0.00193317
 0.518974 0.381816 0.0799577 0.0180837 0.00116848
 0.0928022 0.601141 0.25162 0.0475244 0.00691264
 0.122501 0.610282 0.24278 0.0234846 0.000952079
 0.383417 0.481906 0.127806 0.00687128 0
 0.0376549 0.599619 0.316969 0.0457579 0
 0.0361596 0.667082 0.258105 0.0386534 0
 0.158088 0.579412 0.248529 0.0139706 0
 0.0477256 0.309471 0.559284 0.082774 0.000745712
 0.0406174 0.521527 0.379366 0.0568643 0.0016247
 0.151134 0.462217 0.34131 0.0453401 0
 0.294876 0.26143 0.354403 0.0886775 0.000613685
 0.281977 0.475581 0.204845 0.0348837 0.00271318
 0.0841818 0.532909 0.334909 0.0458182 0.00218182
 0.115287 0.27431 0.454777 0.147771 0.00785563
 0 0 0 0 0
pf_pred 
 0.33948 0.465085 0.174673 0.02075 1.19333e-05
 0.314055 0.531594 0.108682 0.0408179 0.0048517
 0.176965 0.61491 0.161293 0.0329756 0.0138568
 0.295158 0.423741 0.210017 0.0550881 0.0159952
 0.315993 0.481706 0.121621 0.0602783 0.020402
 0.173192 0.592457 0.165039 0.041669 0.0276422
 0.260296 0.40977 0.236418 0.0658582 0.0276583
 0.209347 0.528539 0.145202 0.0837748 0.0331377
 0.240782 0.467295 0.195146 0.0536112 0.0431661
 0.208829 0.522073 0.165628 0.0691677 0.0343019
 0.113603 0.542024 0.227243 0.0720932 0.0450373
 0.109892 0.408843 0.294289 0.123381 0.0635954
 0.194999 0.359437 0.204656 0.147313 0.0935951
 0.17026 0.531048 0.133367 0.0759364 0.0893879
 0.247695 0.494993 0.164684 0.0413588 0.051269
 0.321794 0.507244 0.112487 0.0374245 0.0210496
 0.211135 0.59692 0.14356 0.031836 0.0165493
 0.238693 0.475213 0.216482 0.0520641 0.0175477
 0.226161 0.50356 0.16871 0.0768555 0.0247136
 0.318615 0.429942 0.163622 0.0548189 0.0330028
 0.261521 0.541288 0.124424 0.0473517 0.0254154
 0.246451 0.501646 0.184639 0.0424423 0.0248216
 0.306577 0.45109 0.161324 0.0593779 0.0216314
 0.29052 0.509143 0.130325 0.0466081 0.0234044
 0.102647 0.628902 0.192648 0.0493117 0.0264911
 0.169689 0.326589 0.353029 0.108141 0.0425513
 0.189395 0.43534 0.147604 0.159554 0.0681065
pobs_RECLAS
 0 0 0 0 0
 0 0 0 0 0
 0 0 0 0 0
 0 0 0 0 0
 0.835266 0.146461 0.0176864 0.000547809 3.91292e-05
 0.385257 0.428462 0.181853 0.0044286 0
 0.867414 0.0963971 0.0333333 0.00285562 0
 0.441836 0.489002 0.0689373 0.000224442 0
 0.779404 0.147425 0.0564933 0.0165055 0.000172143
 0.814271 0.122319 0.05973 0.00367925 0
 0.40263 0.566651 0.0304383 0.000280538 0
 0.475488 0.404961 0.113038 0.00651328 0
 0.955842 0.0263864 0.0167828 0.000988607 0
 0.975058 0.0227948 0.00214734 0 0
 0.738997 0.206755 0.0527124 0.00153531 0
 0.850938 0.134255 0.0134407 0.00136685 0
 0.542534 0.407297 0.0501686 0 0
 0.764087 0.199537 0.0359546 0.000420521 0
 0.470689 0.182191 0.310203 0.0369168 0
 0.84361 0.089868 0.0606195 0.00523954 0.000663233
 0.607945 0.314616 0.071237 0.00620181 0
 0.523733 0.453247 0.0230204 0 0
 0.530135 0.295979 0.169645 0.0042399 0
 0.562478 0.366248 0.0663022 0.0049721 0
 0.250443 0.683176 0.0655157 0.000865301 0
 0.195077 0.31981 0.436473 0.0351445 0.0134964
 0.565238 0.351407 0.0832357 0.000118908 0
ppred_RECLAS
 0.741536 0.18199 0.0683503 0.00811958 4.66956e-06
 0.717531 0.218908 0.0447548 0.0168086 0.00199791
 0.547442 0.338118 0.0886893 0.0181321 0.00761936
 0.695398 0.183123 0.0907602 0.0238067 0.00691242
 0.714911 0.200771 0.0506906 0.0251235 0.00850342
 0.534455 0.333591 0.0929275 0.0234623 0.0155643
 0.657561 0.189699 0.109447 0.0304885 0.0128042
 0.59266 0.2723 0.0748072 0.0431602 0.0170723
 0.63578 0.224175 0.0936173 0.0257189 0.0207081
 0.591452 0.26959 0.0855278 0.0357171 0.0177129
 0.416615 0.356734 0.149561 0.0474483 0.0296414
 0.406997 0.272377 0.19606 0.0821979 0.0423682
 0.57883 0.188055 0.107074 0.0770731 0.0489682
 0.551048 0.287337 0.0721619 0.0410874 0.0483656
 0.661143 0.222957 0.0741779 0.018629 0.0230928
 0.725201 0.205528 0.0455782 0.0151639 0.00852902
 0.596154 0.305583 0.073493 0.0162979 0.00847212
 0.632196 0.229586 0.104587 0.0251534 0.00847767
 0.615231 0.250381 0.0838862 0.0382142 0.0122881
 0.719051 0.177274 0.0674645 0.0226029 0.0136077
 0.658486 0.250322 0.0575406 0.021898 0.0117535
 0.640704 0.239187 0.0880368 0.0202367 0.0118351
 0.707046 0.190574 0.0681552 0.0250857 0.00913869
 0.69079 0.221898 0.0567988 0.020313 0.0102002
 0.384003 0.431716 0.132245 0.0338505 0.0181851
 0.52695 0.186066 0.20113 0.0616109 0.0242426
 0.560729 0.235913 0.0799875 0.0864632 0.0369073
pobs_PELACES
 0 0 0 0 0
 0 0 0 0 0
 0 0 0 0 0
 0 0 0 0 0
 0 0 0 0 0
 0 0 0 0 0
 0 0 0 0 0
 0 0 0 0 0
 0 0 0 0 0
 0 0 0 0 0
 0.450072 0.473896 0.0757376 0.000293798 0
 0 0 0 0 0
 0.463077 0.371075 0.160297 0.00555027 0
 0.529543 0.364841 0.0842815 0.0213345 0
 0.631943 0.363953 0.00410389 0 0
 0.735681 0.248677 0.0153453 0.000297389 0
 0.695825 0.281241 0.0229344 0 0
 0.275771 0.60734 0.115278 0.00161068 0
 0 0 0 0 0
 0.896147 0.0623911 0.0374545 0.00400742 0
 0.803859 0.145111 0.0509908 3.86294e-05 0
 0.739449 0.233085 0.0266225 0.000797448 4.60066e-05
 0.878498 0.100942 0.0204185 0.000141795 0
 0.694673 0.275183 0.0284847 0.00165964 0
 0.469039 0.446079 0.0841089 0.000773354 0
 0.822795 0.102175 0.0682046 0.00682512 0
 0 0 0 0 0
ppred_PELACES
 0.763964 0.166198 0.0624192 0.00741501 4.26436e-06
 0.737297 0.20359 0.041623 0.0156324 0.0018581
 0.583118 0.311463 0.0816976 0.0167027 0.0070187
 0.701251 0.179604 0.0890162 0.0233492 0.00677959
 0.716 0.200004 0.050497 0.0250276 0.00847094
 0.547347 0.324353 0.0903542 0.0228125 0.0151333
 0.664789 0.185695 0.107137 0.0298449 0.0125339
 0.607783 0.262191 0.0720301 0.0415579 0.0164385
 0.651767 0.214335 0.0895082 0.02459 0.0197991
 0.604716 0.260838 0.082751 0.0345575 0.0171379
 0.444699 0.339561 0.142361 0.0451641 0.0282144
 0.432971 0.260447 0.187472 0.0785977 0.0405125
 0.619612 0.169845 0.0967061 0.0696101 0.0442266
 0.622806 0.241411 0.0606279 0.0345202 0.0406351
 0.720117 0.184155 0.0612682 0.0153869 0.0190738
 0.746259 0.189778 0.0420855 0.0140018 0.00787543
 0.614752 0.29151 0.0701085 0.0155474 0.00808197
 0.644476 0.221921 0.101095 0.0243135 0.00819462
 0.625656 0.243597 0.0816133 0.0371788 0.0119552
 0.728292 0.171443 0.0652456 0.0218595 0.0131602
 0.663263 0.24682 0.0567357 0.0215917 0.0115891
 0.647201 0.234862 0.086445 0.0198708 0.0116211
 0.714057 0.186014 0.0665243 0.0244854 0.00892001
 0.697445 0.217122 0.0555763 0.0198758 0.00998071
 0.390152 0.427407 0.130925 0.0335126 0.0180035
 0.533623 0.183442 0.198293 0.0607418 0.0239006
 0.570034 0.230916 0.0782931 0.0846316 0.0361255
pobs_pel_tallas
 0 0 0 0 0 0 0 0 0 0 0 0 0 0 0 0 0 0 0 0 0 0 0 0 0 0 0 0 0 0 0 0 0 0 0 0
 0 0 0 0 0 0 0 0 0 0 0 0 0 0 0 0 0 0 0 0 0 0 0 0 0 0 0 0 0 0 0 0 0 0 0 0
 0 0 0 0 0 0 0 0 0 0 0 0 0 0 0 0 0 0 0 0 0 0 0 0 0 0 0 0 0 0 0 0 0 0 0 0
 0 0 0 0 0 0 0 0 0 0 0 0 0 0 0 0 0 0 0 0 0 0 0 0 0 0 0 0 0 0 0 0 0 0 0 0
 0 0 0 0 0 0 0 0 0 0 0 0 0 0 0 0 0 0 0 0 0 0 0 0 0 0 0 0 0 0 0 0 0 0 0 0
 0 0 0 0 0 0 0 0 0 0 0 0 0 0 0 0 0 0 0 0 0 0 0 0 0 0 0 0 0 0 0 0 0 0 0 0
 0 0 0 0 0 0 0 0 0 0 0 0 0 0 0 0 0 0 0 0 0 0 0 0 0 0 0 0 0 0 0 0 0 0 0 0
 0 0 0 0 0 0 0 0 0 0 0 0 0 0 0 0 0 0 0 0 0 0 0 0 0 0 0 0 0 0 0 0 0 0 0 0
 0 0 0 0 0 0 0 0 0 0 0 0 0 0 0 0 0 0 0 0 0 0 0 0 0 0 0 0 0 0 0 0 0 0 0 0
 0 0 0 0 0 0 0 0 0 0 0 0 0 0 0 0 0 0 0 0 0 0 0 0 0 0 0 0 0 0 0 0 0 0 0 0
 0 0 0 0 0 0 0 0 1.78061e-05 0.00172719 0.00360574 0.0105946 0.0120993 0.0124554 0.0147524 0.0171206 0.0266825 0.0428682 0.0675386 0.121331 0.153587 0.119568 0.100827 0.0573624 0.0630603 0.0341343 0.0324427 0.0444173 0.0211091 0.0280891 0.0125444 0.00206551 0 0 0 0
 0 0 0 0 0 0 0 0 0 0 0 0 0 0 0 0 0 0 0 0 0 0 0 0 0 0 0 0 0 0 0 0 0 0 0 0
 0 0 0 0 0 0 0.0133647 0.0140871 0.0187388 0.0205184 0.03894 0.0496705 0.03968 0.0493445 0.0407372 0.0367815 0.0215668 0.0243155 0.0234873 0.0199281 0.019796 0.0243948 0.0301388 0.0376714 0.0412746 0.0863199 0.0771752 0.113111 0.0741005 0.0525337 0.0229764 0.00759418 0.00175318 0 0 0
 0 0 0 0 0 0 0 0 0 0 0.00219441 0.00772107 0.0458388 0.0604681 0.0671733 0.0775358 0.0609151 0.0617685 0.073594 0.0568108 0.0755445 0.0548602 0.0670107 0.0636378 0.0643287 0.046367 0.0373049 0.0286899 0.0247887 0.0153202 0.00654259 0.00121912 0.000365735 0 0 0
 0 0 0 0 0 0 0 0 0 0 0 0 0.000112435 0.00938835 0.0111873 0.0202946 0.0414886 0.0713402 0.111592 0.104902 0.108894 0.110636 0.117776 0.105296 0.107544 0.0401394 0.0192827 0.0124803 0.00416011 0.0028671 0.000618394 0 0 0 0 0
 0 0 0 0 0 0 0 0 0 0 0.00291406 0.0102884 0.027416 0.0768956 0.0749926 0.110853 0.0956884 0.0897413 0.0766577 0.0534642 0.0500743 0.0551293 0.0594112 0.0620874 0.0668451 0.0424026 0.0208742 0.0120726 0.0048766 0.00582813 0.00118941 0.000297354 0 0 0 0
 0 0.00264628 0.0354308 0.0461629 0.0458689 0.0383711 0.0214643 0.0164657 0.0346957 0.0420465 0.0363128 0.0245516 0.0311673 0.0291091 0.0169068 0.0133784 0.00837989 0.0085269 0.0148486 0.0160247 0.0276389 0.0546898 0.0760071 0.122758 0.109233 0.0665981 0.0333725 0.0166128 0.00676272 0.00308733 0.000882094 0 0 0 0 0
 0 0 0 0 0 0 0 0.000805153 0.000690131 0.00759144 0.0133425 0.0154129 0.00931677 0.000345066 0.00356568 0.00563607 0.00851162 0.0253048 0.0502646 0.0516448 0.0657925 0.0565908 0.0611916 0.0827007 0.0866115 0.110766 0.145733 0.0935128 0.0569358 0.0249597 0.0138026 0.00621118 0.00161031 0.00115022 0 0
 0 0 0 0 0 0 0 0 0 0 0 0 0 0 0 0 0 0 0 0 0 0 0 0 0 0 0 0 0 0 0 0 0 0 0 0
 0.00147267 0.00158595 0.00478618 0.00569244 0.00954404 0.0108468 0.00647125 0.017049 0.0510054 0.094081 0.124002 0.0959785 0.0687766 0.0820023 0.061753 0.0591476 0.0492212 0.0479892 0.0443925 0.0268479 0.0217502 0.0140895 0.0121071 0.0120363 0.00920419 0.00665534 0.0049561 0.00860946 0.00930331 0.0156896 0.0114698 0.00855282 0.00243557 0.00046729 0 2.83206e-05
 0 0 0 0 0.000772559 0.00158375 0.000888443 0.00281984 0.00712685 0.0440552 0.0773331 0.111326 0.0921469 0.0852325 0.0710754 0.0886704 0.0786465 0.0553345 0.0373146 0.0185414 0.00753245 0.00457741 0.012979 0.0271748 0.0457355 0.0583668 0.034881 0.0177882 0.00938659 0.00492506 0.0015258 0.00185414 0.000309023 5.79419e-05 3.86279e-05 0
 0 0.00173294 0.00326652 0 0.00397197 0.00683976 0.00946217 0.0152591 0.00757587 0.0136028 0.0228656 0.0392903 0.0559909 0.0764795 0.0681675 0.0726916 0.0566044 0.0477403 0.0527397 0.0444891 0.0609904 0.0582453 0.0661739 0.0445044 0.0529084 0.0360697 0.0280645 0.0235558 0.0158879 0.00826598 0.00280645 0.00217768 0.000904811 0.00058276 9.20147e-05 0
 0 0 0 0 0 0 0 0 0 0 0 0 0 0 0 0 0 0 0 0 0 0 0 0 0 0 0 0 0 0 0 0 0 0 0 0
 0 0 0 0 0 0 0 0 0 0 0 0 0 0 0 0 0 0 0 0 0 0 0 0 0 0 0 0 0 0 0 0 0 0 0 0
 0 0 0 0 0 0 0 0 0 0 0 0 0 0 0 0 0 0 0 0 0 0 0 0 0 0 0 0 0 0 0 0 0 0 0 0
 0 0 0 0 0 0 0 0 0 0 0 0 0 0 0 0 0 0 0 0 0 0 0 0 0 0 0 0 0 0 0 0 0 0 0 0
 0 0 0 0 0 0 0 0 0 0 0 0 0 0 0 0 0 0 0 0 0 0 0 0 0 0 0 0 0 0 0 0 0 0 0 0
ppred_pel_tallas
 1.01196e-16 3.33319e-05 0.000195633 0.000929956 0.00358039 0.0111651 0.0282022 0.0577054 0.0956528 0.128458 0.139786 0.123296 0.0882483 0.0514799 0.0249425 0.0109171 0.00576307 0.0051946 0.00658427 0.00877452 0.0112846 0.0138158 0.0160896 0.0178446 0.0188827 0.0191096 0.0185527 0.0173449 0.0156853 0.0137888 0.0118429 0.00998227 0.00828403 0.00677855 0.00546694 0.00433732
 1.01282e-16 3.21706e-05 0.000188812 0.000897519 0.00345549 0.0107756 0.0272184 0.0556926 0.0923177 0.123983 0.134926 0.119033 0.0852478 0.0498321 0.0243352 0.010976 0.00625708 0.00605195 0.00782162 0.010427 0.013361 0.0162751 0.0188322 0.0207193 0.0217069 0.0216995 0.0207554 0.019064 0.0168931 0.0145236 0.0121922 0.0100596 0.00820468 0.0066407 0.00534088 0.00426296
 1.02164e-16 2.54521e-05 0.000149359 0.000709931 0.00273319 0.00852311 0.0215289 0.0440524 0.0730272 0.09809 0.106785 0.0942947 0.0677239 0.0399776 0.0202498 0.0103662 0.00763126 0.00883358 0.0119752 0.0161011 0.0206808 0.0252402 0.0292742 0.0323024 0.0339675 0.0341137 0.0328174 0.0303548 0.0271228 0.0235413 0.0199679 0.0166489 0.0137117 0.0111874 0.00904824 0.00724313
 1.02442e-16 3.05979e-05 0.000179581 0.00085364 0.00328655 0.0102488 0.0258876 0.0529697 0.0878038 0.11792 0.128326 0.113207 0.0810668 0.0473716 0.0231046 0.0103759 0.00586156 0.00564368 0.00732078 0.00983022 0.0127171 0.0156801 0.0184252 0.0206699 0.0221921 0.0228739 0.0227201 0.0218438 0.0204264 0.0186678 0.0167445 0.0147858 0.0128716 0.0110437 0.00932344 0.0077259
 1.02038e-16 3.12418e-05 0.000183359 0.000871599 0.00335569 0.0104644 0.0264322 0.0540842 0.0896516 0.120403 0.131031 0.115599 0.0827942 0.0484094 0.0236626 0.0107114 0.00616321 0.00601518 0.00780632 0.0104348 0.013412 0.0164012 0.019075 0.0211265 0.0223271 0.0225749 0.0219143 0.0205146 0.0186198 0.0164862 0.0143298 0.0122964 0.0104585 0.00883138 0.00739777 0.00613066
 1.0288e-16 2.38928e-05 0.000140203 0.000666402 0.00256559 0.00800045 0.0202087 0.0413513 0.0685506 0.09208 0.10025 0.088544 0.0636361 0.0376501 0.0192294 0.0101037 0.00775957 0.00919564 0.0125414 0.0168923 0.0217263 0.0265596 0.0308702 0.0341592 0.0360529 0.0363843 0.0352251 0.0328517 0.0296646 0.0260869 0.0224786 0.0190863 0.0160373 0.0133634 0.0110403 0.00902364
 1.03193e-16 2.90083e-05 0.000170248 0.000809267 0.0031157 0.00971599 0.0245419 0.0502162 0.0832402 0.111793 0.121663 0.107339 0.0768885 0.0449777 0.0220268 0.0100461 0.00589515 0.00586997 0.00770085 0.0103815 0.0134742 0.0166783 0.0196939 0.0222281 0.024046 0.0250149 0.0251247 0.0244732 0.0232273 0.0215749 0.0196833 0.0176779 0.0156401 0.0136198 0.0116524 0.00977076
 1.03305e-16 2.65255e-05 0.000155665 0.000739924 0.00284868 0.0088833 0.0224386 0.0459134 0.0761105 0.102226 0.111272 0.0982227 0.0704691 0.0414456 0.0207121 0.0101449 0.00690925 0.00764193 0.0102635 0.0138096 0.0177907 0.0218042 0.02543 0.0282678 0.0300157 0.0305351 0.0298749 0.0282447 0.0259495 0.0233106 0.0205976 0.0179916 0.0155823 0.0133903 0.0113987 0.00958282
 1.03111e-16 2.84416e-05 0.000166918 0.000793432 0.00305472 0.00952583 0.0240616 0.0492337 0.0816124 0.10961 0.119294 0.105266 0.0754409 0.0442058 0.021788 0.0101706 0.00628628 0.00650977 0.00861212 0.0115889 0.0149772 0.0184359 0.0216191 0.0241945 0.0259042 0.0266174 0.0263521 0.0252548 0.0235517 0.0214871 0.0192713 0.0170528 0.014915 0.0128929 0.0109962 0.00922868
 1.03248e-16 2.63918e-05 0.00015488 0.000736192 0.00283431 0.00883848 0.0223254 0.0456818 0.0757265 0.10171 0.110711 0.097728 0.0701154 0.04124 0.0206142 0.0101053 0.00689419 0.00763584 0.0102628 0.0138173 0.0178133 0.0218507 0.025511 0.0283934 0.0301937 0.0307683 0.0301596 0.0285695 0.0262966 0.0236576 0.0209211 0.0182706 0.0158017 0.0135422 0.0114837 0.00960811
 1.05002e-16 1.94176e-05 0.000113928 0.000541484 0.00208461 0.00650055 0.0164201 0.0335998 0.0557029 0.0748303 0.0814905 0.0720239 0.0518702 0.0309048 0.0161846 0.0091574 0.00782618 0.00979147 0.0135542 0.0183698 0.0237668 0.0292667 0.0343337 0.0384427 0.0411849 0.042352 0.0419702 0.040269 0.0376037 0.0343582 0.0308633 0.0273521 0.0239566 0.020733 0.0176986 0.0148621
 1.0734e-16 1.8903e-05 0.000110914 0.000527171 0.00202953 0.0063288 0.0159862 0.0327114 0.0542283 0.0728438 0.0793127 0.0700648 0.0503849 0.0298714 0.0153742 0.00828014 0.00662669 0.00807276 0.0111781 0.0152702 0.0199774 0.0249494 0.0297877 0.0340852 0.0374993 0.0398136 0.040965 0.0410269 0.0401614 0.0385596 0.036394 0.0337971 0.0308654 0.0276787 0.0243219 0.0208966
 1.05887e-16 2.70376e-05 0.00015868 0.000754275 0.00290397 0.00905574 0.0228741 0.0468037 0.0775835 0.104196 0.113396 0.100045 0.0716652 0.0419249 0.0205378 0.00937996 0.00552839 0.00553769 0.00730269 0.00989978 0.0129388 0.0161599 0.0193031 0.0221108 0.0243702 0.0259514 0.0268225 0.0270363 0.0266964 0.0259171 0.0247925 0.0233841 0.0217273 0.0198481 0.0177821 0.0155848
 1.04025e-16 2.71797e-05 0.000159508 0.000758197 0.00291905 0.00910274 0.0229929 0.0470473 0.0779892 0.104747 0.11401 0.100623 0.0721568 0.0423686 0.0210443 0.010094 0.00660057 0.00710908 0.00948804 0.012761 0.016452 0.0201876 0.0235843 0.0262781 0.027995 0.02861 0.0281682 0.0268591 0.0249561 0.0227428 0.0204525 0.0182349 0.0161564 0.0142225 0.0124096 0.0106928
 1.0235e-16 3.14206e-05 0.000184411 0.000876601 0.00337495 0.0105245 0.026584 0.0543945 0.0901656 0.121092 0.131777 0.116248 0.0832399 0.0486312 0.0236989 0.0106068 0.00593706 0.00566096 0.00730587 0.00977379 0.0125916 0.0154463 0.0180364 0.020078 0.0213557 0.0217678 0.0213434 0.0202251 0.0186234 0.0167622 0.0148314 0.0129611 0.0112191 0.00962548 0.00817405 0.00685177
 1.01509e-16 3.25608e-05 0.000191104 0.00090842 0.00349746 0.0109065 0.027549 0.056369 0.0934384 0.125487 0.136559 0.120464 0.086253 0.0503799 0.0245287 0.0109383 0.00606211 0.00571951 0.00734138 0.00978269 0.0125466 0.0153036 0.0177397 0.0195635 0.02056 0.0206382 0.0198484 0.0183621 0.016423 0.0142862 0.012167 0.0102104 0.00848757 0.00701057 0.00575638 0.00468951
 1.02003e-16 2.68306e-05 0.000157454 0.000748421 0.00288139 0.00898528 0.0226963 0.0464408 0.0769853 0.103403 0.112559 0.0993721 0.0713228 0.0420059 0.0210994 0.01051 0.00737842 0.00830546 0.0111815 0.0150122 0.0192693 0.023501 0.0272334 0.0300181 0.031523 0.0316061 0.0303437 0.0279993 0.0249491 0.0215893 0.0182561 0.0151791 0.0124746 0.0101669 0.00822463 0.0065945
 1.02726e-16 2.8124e-05 0.000165053 0.000784563 0.00302057 0.00941932 0.0237925 0.0486833 0.0807004 0.108386 0.117965 0.104099 0.074618 0.0437508 0.0216144 0.010175 0.00640464 0.00672261 0.00892605 0.0120184 0.015533 0.0191183 0.0224141 0.0250731 0.026824 0.0275275 0.0271985 0.0259871 0.0241285 0.0218798 0.0194662 0.0170512 0.0147323 0.0125563 0.0105412 0.00869563
 1.03075e-16 2.73042e-05 0.000160238 0.000761668 0.00293241 0.0091444 0.0230981 0.0472627 0.0783463 0.105226 0.114533 0.101086 0.0724914 0.0425709 0.0211559 0.0101664 0.0066739 0.00720894 0.00963149 0.0129607 0.0167169 0.020521 0.0239809 0.0267218 0.0284572 0.0290498 0.0285347 0.0270958 0.0250069 0.02256 0.0200033 0.0175081 0.0151654 0.0130051 0.0110242 0.00921126
 1.02349e-16 3.17766e-05 0.000186502 0.000886544 0.00341324 0.0106439 0.0268856 0.0550115 0.0911879 0.122463 0.133266 0.117554 0.0841574 0.0491319 0.0238772 0.0105756 0.00576489 0.00536722 0.00688303 0.00920946 0.011883 0.0146079 0.0171034 0.0191036 0.0204045 0.0209051 0.0206246 0.0196857 0.0182748 0.0165919 0.0148084 0.0130435 0.0113628 0.00979105 0.00833129 0.00698139
 1.0217e-16 2.89441e-05 0.000169866 0.000807438 0.00310864 0.00969396 0.0244863 0.0501029 0.083054 0.111548 0.121409 0.107146 0.0768171 0.0450702 0.0223206 0.0105948 0.00677737 0.00717943 0.00952278 0.0127619 0.0163883 0.0200071 0.0232167 0.0256391 0.0269944 0.0271621 0.0262046 0.0243405 0.0218818 0.0191554 0.0164365 0.0139105 0.0116683 0.00972579 0.0080553 0.00661428
 1.0253e-16 2.82433e-05 0.000165752 0.000787885 0.00303335 0.00945919 0.0238933 0.0488895 0.0810425 0.108846 0.118468 0.104549 0.0749527 0.0439715 0.0217684 0.0103214 0.0065924 0.00698598 0.00928606 0.0124825 0.0160916 0.0197411 0.0230493 0.0256518 0.0272697 0.0277687 0.0271827 0.0256909 0.0235623 0.0210856 0.0185099 0.0160104 0.0136842 0.0115672 0.0096599 0.00795075
 1.02264e-16 3.11565e-05 0.00018286 0.000869227 0.00334656 0.0104359 0.0263603 0.0539369 0.0894072 0.120074 0.13067 0.115274 0.0825476 0.0482372 0.0235267 0.0105637 0.00596153 0.00572746 0.00741102 0.00992339 0.0127935 0.015707 0.0183592 0.0204621 0.0217953 0.0222523 0.0218579 0.0207511 0.0191404 0.0172491 0.0152683 0.0133315 0.0115112 0.00983375 0.00829949 0.00690162
 1.0201e-16 3.04334e-05 0.000178612 0.000849025 0.00326877 0.0101933 0.0257476 0.0526834 0.0873304 0.117288 0.127646 0.112626 0.0806928 0.0472373 0.0231953 0.0106787 0.00639264 0.00644505 0.00843936 0.0112933 0.0145104 0.0177324 0.0206042 0.0227921 0.0240476 0.0242612 0.0234829 0.0218997 0.0197805 0.0174085 0.0150229 0.0127863 0.0107802 0.00902228 0.00749303 0.0061605
 1.03991e-16 1.70427e-05 9.99769e-05 0.000475141 0.00182914 0.00570386 0.0144079 0.0294832 0.0488821 0.065679 0.0715553 0.0633156 0.045757 0.0275797 0.0150233 0.00941402 0.00905372 0.011873 0.0165541 0.0223848 0.0288271 0.0352805 0.0410638 0.045519 0.0481488 0.0487257 0.0473338 0.0443257 0.0402173 0.035557 0.0308128 0.0263089 0.0222163 0.0185851 0.015394 0.0125964
 1.06079e-16 2.32889e-05 0.00013667 0.000649633 0.00250107 0.00779928 0.0197004 0.0403103 0.0668213 0.0897468 0.0976825 0.0862109 0.0618177 0.0362914 0.0180185 0.00864196 0.00567583 0.00618339 0.00837517 0.0114647 0.0151041 0.0190332 0.0229691 0.0266138 0.0297004 0.0320355 0.033521 0.0341486 0.0339743 0.0330861 0.0315784 0.0295421 0.0270678 0.0242552 0.0212212 0.0180983
 1.05783e-16 2.48782e-05 0.000145997 0.000693966 0.00267175 0.00833153 0.0210449 0.0430615 0.0713825 0.0958747 0.104357 0.092113 0.0660742 0.038838 0.0193682 0.00942267 0.00634365 0.00698211 0.00940038 0.0127158 0.0164997 0.0204115 0.0240945 0.0272025 0.0294649 0.0307406 0.0310377 0.0304912 0.0293093 0.0277099 0.0258693 0.023898 0.021846 0.0197256 0.0175412 0.0153112
pSPR Fmed_Fpbrs
0.4456   0.338158 0.338158
Fs Fmed_Fpbrs
0.64   1.005 1.005
SSBpbr Bo_Bmed_Bpbrs
2.35971e+06  933501  679970 679970
Ro
58896.9
SPR SPRFo_SPRFmed_SPRFpbrs
1.21647e+06 542059 411359
log_Ro
10.8035
likeval ReclasPelacesDesembMPH_pf_preclas_ppelaces_ptallas_desvR_qrecl_qpela
 67.6847 27.2139 0.0174963 0.00383966 336.514 218.891 54.9709 0 17.0189 7.57415e-05 0 0 0 0 0
q_reclas_q_pelaces
0.291345 1
M
0.7
N
 51170 15075.4 5661.88 672.596 0.386809
 65931.8 23395.6 4783.13 1796.41 213.525
 39729.3 30578.6 8020.86 1639.83 689.078
 65027.4 17860.2 8851.99 2321.9 674.18
 111906 31682.8 7999.23 3964.62 1341.88
 81995.7 55367.7 15423.6 3894.15 2583.29
 129710 39295 22671.3 6315.49 2652.3
 124638 63003.7 17308.6 9986.26 3950.13
 151264 59277.9 24754.9 6800.76 5475.77
 144506 71611.7 22718.9 9487.58 4705.11
 67836 69097.2 28969 9190.44 5741.35
 39592 31143.2 22417.2 9398.41 4844.33
 43482.8 18275.4 10405.6 7490.08 4758.8
 23517.8 19219.8 4826.87 2748.31 3235.15
 18585.7 9531.19 3171.02 796.371 987.193
 22863.8 7635.86 1693.34 563.373 316.873
 18276.7 10541.5 2535.25 562.22 292.258
 21858.7 8604.44 3919.73 942.699 317.727
 24049 10466.2 3506.55 1597.4 513.659
 43815.3 11585.6 4409.09 1477.2 889.322
 53689.8 21079.9 4845.57 1844.06 989.776
 67424.6 26275 9670.97 2223.03 1300.1
 115701 32838.3 11744 4322.58 1574.71
 166631 56129 14367.2 5138.17 2580.15
 69263.4 80988.3 24808.6 6350.22 3411.44
 91888 33789.8 36525.4 11188.6 4402.47
 100546 44800.3 15189.8 16419.5 7008.76
pred_Ctot
 2931.62 4016.3 1508.41 179.189 0.103051
 3143.68 5321.23 1087.9 408.586 48.5653
 2721.97 9458.21 2480.92 507.213 213.137
 882.768 1267.34 628.124 164.759 47.8388
 294.422 448.821 113.318 56.1633 19.0093
 2064.87 7063.51 1967.66 496.794 329.561
 2042.28 3215.04 1854.92 516.721 217.006
 3797.64 9587.92 2634.03 1519.71 601.132
 5088.11 9874.7 4123.75 1132.89 912.171
 3864.23 9660.58 3064.83 1279.9 634.73
 3699.75 17652.3 7400.74 2347.89 1466.75
 2014.79 7495.82 5395.57 2262.09 1165.97
 3459.91 6377.59 3631.26 2613.82 1660.68
 3146.53 9814.16 2464.73 1403.36 1651.95
 2333.14 4662.55 1551.23 389.576 482.924
 1181.45 1862.32 412.99 137.402 77.2825
 684.917 1936.4 465.705 103.275 53.6856
 563.798 1122.46 511.334 122.976 41.4479
 517.615 1152.5 386.127 175.899 56.562
 983.814 1327.57 505.229 169.269 101.906
 560.227 1159.54 266.539 101.436 54.4445
 933.295 1899.7 699.218 160.727 93.998
 1923.26 2829.84 1012.04 372.498 135.701
 2549.23 4467.58 1143.56 408.972 205.367
 877.603 5376.92 1647.08 421.6 226.49
 1203.13 2315.58 2503.04 766.742 301.697
 1854.68 4263.14 1445.44 1562.46 666.944
F
 0.0826048 0.447966 0.447966 0.447966 0.447966
 0.0683206 0.370503 0.370503 0.370503 0.370503
 0.0995127 0.539658 0.539658 0.539658 0.539658
 0.0190358 0.103231 0.103231 0.103231 0.103231
 0.0036643 0.0198715 0.0198715 0.0198715 0.0198715
 0.0355698 0.192895 0.192895 0.192895 0.192895
 0.022108 0.119892 0.119892 0.119892 0.119892
 0.043181 0.234171 0.234171 0.234171 0.234171
 0.0477668 0.25904 0.25904 0.25904 0.25904
 0.0378079 0.205032 0.205032 0.205032 0.205032
 0.0784961 0.425685 0.425685 0.425685 0.425685
 0.0730685 0.396251 0.396251 0.396251 0.396251
 0.116422 0.631359 0.631359 0.631359 0.631359
 0.203188 1.10189 1.10189 1.10189 1.10189
 0.189538 1.02787 1.02787 1.02787 1.02787
 0.0742327 0.402564 0.402564 0.402564 0.402564
 0.0533466 0.289299 0.289299 0.289299 0.289299
 0.0364456 0.197645 0.197645 0.197645 0.197645
 0.0303312 0.164487 0.164487 0.164487 0.164487
 0.0316608 0.171697 0.171697 0.171697 0.171697
 0.0146031 0.0791926 0.0791926 0.0791926 0.0791926
 0.0194131 0.105277 0.105277 0.105277 0.105277
 0.0233534 0.126645 0.126645 0.126645 0.126645
 0.0214754 0.116461 0.116461 0.116461 0.116461
 0.017757 0.0962965 0.0962965 0.0962965 0.0962965
 0.0183546 0.0995369 0.0995369 0.0995369 0.0995369
 0.0259447 0.140698 0.140698 0.140698 0.140698
Np
 48395.8 19967.2 8843.38 3513.17 1407.68
YTP_r0W_actual
 101380 466714 230037 317556 150424
YTP_p0W_proyectada
 48797.1 506827 292696 126736 217615
 48797.1 208011 133926 67945.2 30211.9
CTP_r0_actual
 12363.4 21607.1 7326.01 7919.11 3380.31
CTP_p0_proyectada
 5950.86 23464.2 9321.52 3160.51 4890.23
 5950.86 9630.15 4265.15 1694.39 678.92
Wmedp
 8.2 21.6 31.4 40.1 44.5
nmprior
 10.8 10.6 4.6 0
nm_flota  nm_reclas  nm_pelaces    nm_pelaL
inf 12.9419 19.6208 64.5364
cv_recla  cv_pelaces  cv_mph
0.712485 0.57146 1.65608
 ------------------------------------------------
Talla a la edad & desviaci?n 
 7.2 14.2025 17.0495 18.207 18.6776
 1.08 2.13037 2.55742 2.73105 2.80164
