    unsorted:	 1.972222348e-06 0.001799958986 0.008687033684 4.023599559 10.63442079 26.34572822 40.86900579 67.79693581 86.04712227 151.5912719 148.5766265 197.4300460 262.3629091 384.9646061 411.6821249 484.0419004 579.1967070 635.8852022 693.0363059 763.0608044 793.8033362 826.5423919 948.3681937 1040.971922 1149.229459 1287.489720 1346.875581 1492.886425 1617.676788 1837.443074 2008.562652 2431.982005 2703.353354 2945.355630 3036.542865 3326.577479 4100.322211 4214.937990 4311.024913 4373.147720 4772.600609 7671.032764 181944.0164 452452.4311 459717.1434 424713.5716 406601.8475 377682.7925 371777.0829 342261.1222 271506.4092 534451.5457 545783.0671 603606.9390 667145.1259 743477.8524 762297.1269 882531.9939 1024813.721 1144754.405 1244313.025 1429114.385 1561264.016 1807658.724 1985397.993 2229558.879 2398900.287 2599598.627 2676047.981 34728651.77
      sorted:	 1.972222348e-06 0.001799958986 0.008687033684 4.023599559 10.63442079 26.34572822 40.86900579 67.79693581 86.04712227 148.5766265 151.5912719 197.4300460 262.3629091 384.9646061 411.6821249 484.0419004 579.1967070 635.8852022 693.0363059 763.0608044 793.8033362 826.5423919 948.3681937 1040.971922 1149.229459 1287.489720 1346.875581 1492.886425 1617.676788 1837.443074 2008.562652 2431.982005 2703.353354 2945.355630 3036.542865 3326.577479 4100.322211 4214.937990 4311.024913 4373.147720 4772.600609 7671.032764 181944.0164 271506.4092 342261.1222 371777.0829 377682.7925 406601.8475 424713.5716 452452.4311 459717.1434 534451.5457 545783.0671 603606.9390 667145.1259 743477.8524 762297.1269 882531.9939 1024813.721 1144754.405 1244313.025 1429114.385 1561264.016 1807658.724 1985397.993 2229558.879 2398900.287 2599598.627 2676047.981 34728651.77
