years
 1997 1998 1999 2000 2001 2002 2003 2004 2005 2006 2007 2008 2009 2010 2011 2012 2013 2014 2015 2016 2017 2018 2019 2020 2021 2022 2023
reclasobs
 0 0 0 370054 412103 1.49427e+06 250295 1.28982e+06 931140 785840 897777 1.04006e+06 184774 17550 25797 100020 73551 82996 120727 218422 84188 347160 605670 569463 516374 1.08416e+06 1.01767e+06
reclaspred
 502971 129594 327974 215925 344538 437054 955119 665667 755681 789181 678507 465424 278601 112275 67772.8 67795.2 79980.7 108139 120795 162461 246424 236533 402170 535080 716648 704501 646456
pelacesobs
 0 0 0 0 0 0 0 0 0 2.06254e+06 1.5e+06 0 1.87456e+06 323000 250000 174000 83755 137374 0 501740 490994 745055 786931 1.00524e+06 1.33801e+06 1.41789e+06 0
pelacespred
 2.07078e+06 412723 658403 670169 968557 870911 2.5556e+06 1.9974e+06 2.14864e+06 2.22552e+06 1.58149e+06 1.11914e+06 704956 227720 150367 151435 184133 259907 277979 381720 673972 586961 817756 1.26716e+06 1.58951e+06 1.68631e+06 1.49144e+06
mphobs
 0 0 0 0 0 112323 0 153150 637223 0 255016 313432 73983 77613 109348 50772 17779 17303 59886 28197 0 207744 136588 643089 65757 70829 0
mphpred
 153715 84442.4 93145.8 87004 98803.9 166958 236917 302880 264088 287422 301463 206666 126315 66608 29057.3 24417.8 27029.7 34513.7 43912 50491 76069.9 93901.3 116122 165134 251626 264929 232632
desembarqueobs
 350755 77701 442110 56441 14545 235359 269955 359681 431902 328805 639364 411747 362871 311530 167758 66681 60226 58785 57116 73181 50977 67692 138656 160484 209506 203330 245020
desembarquepred
 350761 77699.4 442091 56444.8 14545.4 235454 270031 359674 431947 328809 639303 411791 362940 311642 167583 66674.8 60252.6 58778.7 57100.2 73177.2 50979.5 67681.5 138660 160496 209491 203310 245002
Reclutas
 35945.6 43438.9 21281 30490.8 55292 39809.1 76090.3 73486.3 97456.7 114062 63726.7 44309.7 48127.3 25702.8 14881.3 13053.6 9424 11444.8 12386 19339.7 25506.3 31898.6 51865.2 74305 34799.4 49545 63130.9
log_desv_Rt
 0.00713927 0.196487 -0.517054 -0.157442 0.437759 0.109226 0.757053 0.72223 1.00454 1.16187 0.579735 0.216335 0.29898 -0.328268 -0.874766 -1.00581 -1.33161 -1.13733 -1.0583 -0.612708 -0.335942 -0.112307 0.37378 0.733309 -0.0252673 0.328012 0.570341
SSB
 432443 237561 262046 244767 277964 469702 666517 852089 742955 808602 848101 581410 355362 187388 81746.5 68694.5 76042.2 97097 123537 142046 214006 264171 326685 464570 707896 745322 654462
BT
 1.51607e+06 365401 624917 442417 568184 671069 1.68052e+06 1.547e+06 1.64381e+06 1.59447e+06 1.46884e+06 1.00917e+06 757874 417626 224076 141950 155047 197339 205716 279048 429423 392173 561567 856900 1.04945e+06 1.12064e+06 1.05137e+06
Ftot
 1.05618 0.961829 1.6717 0.368647 0.0652683 0.623886 0.396691 0.758154 0.847706 0.614194 1.13491 1.02496 1.71592 3.39139 3.78343 1.51286 1.1158 0.784973 0.619824 0.642637 0.296457 0.359307 0.437312 0.425037 0.34053 0.323295 0.459796
BD_Bspro_t
 0.905619 0.630151 0.548066 0.359808 0.515642 0.696399 0.640702 0.665706 0.599326 0.574124 0.554056 0.390618 0.2841 0.192263 0.105181 0.108215 0.159408 0.256324 0.359548 0.451667 0.58212 0.692818 0.701172 0.710695 0.7372 0.688821 0.657543
BD_Bspro
 0.586644 0.32227 0.355486 0.332046 0.37708 0.637189 0.904184 1.15593 1.00788 1.09693 1.15052 0.788729 0.482077 0.254206 0.110896 0.0931895 0.103157 0.13172 0.167588 0.192696 0.290317 0.35837 0.443174 0.630226 0.960317 1.01109 0.88783
BD_Bo
 0.505253 0.277559 0.306166 0.285978 0.324764 0.548785 0.778737 0.995554 0.868045 0.944745 0.990895 0.679301 0.415193 0.218938 0.09551 0.0802604 0.0888453 0.113445 0.144337 0.165962 0.250038 0.308649 0.381688 0.542788 0.827083 0.870811 0.764652
BD_Brms
 1.3652 0.749967 0.827266 0.772717 0.877517 1.48283 2.10416 2.69 2.34547 2.55271 2.67741 1.83548 1.12186 0.591573 0.258069 0.216865 0.240061 0.30653 0.39 0.448431 0.675607 0.833975 1.03133 1.46662 2.23479 2.35294 2.0661
S_f
 0.0944958 0.664743 0.974142 0.998605 0.999926
 0.0944958 0.664743 0.974142 0.998605 0.999926
 0.0944958 0.664743 0.974142 0.998605 0.999926
 0.0944958 0.664743 0.974142 0.998605 0.999926
 0.0944958 0.664743 0.974142 0.998605 0.999926
 0.0944958 0.664743 0.974142 0.998605 0.999926
 0.0944958 0.664743 0.974142 0.998605 0.999926
 0.0944958 0.664743 0.974142 0.998605 0.999926
 0.0944958 0.664743 0.974142 0.998605 0.999926
 0.0944958 0.664743 0.974142 0.998605 0.999926
 0.0944958 0.664743 0.974142 0.998605 0.999926
 0.0944958 0.664743 0.974142 0.998605 0.999926
 0.0944958 0.664743 0.974142 0.998605 0.999926
 0.0944958 0.664743 0.974142 0.998605 0.999926
 0.0944958 0.664743 0.974142 0.998605 0.999926
 0.0944958 0.664743 0.974142 0.998605 0.999926
 0.0944958 0.664743 0.974142 0.998605 0.999926
 0.0944958 0.664743 0.974142 0.998605 0.999926
 0.0944958 0.664743 0.974142 0.998605 0.999926
 0.0944958 0.664743 0.974142 0.998605 0.999926
 0.0944958 0.664743 0.974142 0.998605 0.999926
 0.0944958 0.664743 0.974142 0.998605 0.999926
 0.0944958 0.664743 0.974142 0.998605 0.999926
 0.0944958 0.664743 0.974142 0.998605 0.999926
 0.0944958 0.664743 0.974142 0.998605 0.999926
 0.0944958 0.664743 0.974142 0.998605 0.999926
 0.0944958 0.664743 0.974142 0.998605 0.999926
Scru_reclas
 0.550914 0.860603 0.968818 0.993645 0.998731
 0.550914 0.860603 0.968818 0.993645 0.998731
 0.550914 0.860603 0.968818 0.993645 0.998731
 0.550914 0.860603 0.968818 0.993645 0.998731
 0.550914 0.860603 0.968818 0.993645 0.998731
 0.550914 0.860603 0.968818 0.993645 0.998731
 0.550914 0.860603 0.968818 0.993645 0.998731
 0.550914 0.860603 0.968818 0.993645 0.998731
 0.550914 0.860603 0.968818 0.993645 0.998731
 0.550914 0.860603 0.968818 0.993645 0.998731
 0.550914 0.860603 0.968818 0.993645 0.998731
 0.550914 0.860603 0.968818 0.993645 0.998731
 0.550914 0.860603 0.968818 0.993645 0.998731
 0.550914 0.860603 0.968818 0.993645 0.998731
 0.550914 0.860603 0.968818 0.993645 0.998731
 0.550914 0.860603 0.968818 0.993645 0.998731
 0.550914 0.860603 0.968818 0.993645 0.998731
 0.550914 0.860603 0.968818 0.993645 0.998731
 0.550914 0.860603 0.968818 0.993645 0.998731
 0.550914 0.860603 0.968818 0.993645 0.998731
 0.550914 0.860603 0.968818 0.993645 0.998731
 0.550914 0.860603 0.968818 0.993645 0.998731
 0.550914 0.860603 0.968818 0.993645 0.998731
 0.550914 0.860603 0.968818 0.993645 0.998731
 0.550914 0.860603 0.968818 0.993645 0.998731
 0.550914 0.860603 0.968818 0.993645 0.998731
 0.550914 0.860603 0.968818 0.993645 0.998731
Scru_pelaces
 0.883394 1 1 1 1
 0.883394 1 1 1 1
 0.883394 1 1 1 1
 0.883394 1 1 1 1
 0.883394 1 1 1 1
 0.883394 1 1 1 1
 0.883394 1 1 1 1
 0.883394 1 1 1 1
 0.883394 1 1 1 1
 0.883394 1 1 1 1
 0.883394 1 1 1 1
 0.883394 1 1 1 1
 0.883394 1 1 1 1
 0.883394 1 1 1 1
 0.883394 1 1 1 1
 0.883394 1 1 1 1
 0.883394 1 1 1 1
 0.883394 1 1 1 1
 0.883394 1 1 1 1
 0.883394 1 1 1 1
 0.883394 1 1 1 1
 0.883394 1 1 1 1
 0.883394 1 1 1 1
 0.883394 1 1 1 1
 0.883394 1 1 1 1
 0.883394 1 1 1 1
 0.883394 1 1 1 1
pf_obs 
 0.256992 0.487395 0.22802 0.0275931 0
 0.321318 0.546541 0.124235 0.00734118 0.000564706
 0.182869 0.594174 0.210203 0.0122559 0.00049798
 0.330522 0.361315 0.267642 0.0388342 0.00168674
 0.649043 0.306663 0.0425973 0.00169635 0
 0.582887 0.30429 0.105238 0.00758474 0
 0.465427 0.430635 0.0974691 0.00646863 0
 0.296916 0.608066 0.0921331 0.00288517 0
 0.311714 0.524322 0.152257 0.0117073 0
 0.15457 0.633149 0.183074 0.0267441 0.00246327
 0.131901 0.49318 0.331252 0.0422183 0.00144891
 0.196976 0.569456 0.194076 0.0375587 0.00193317
 0.518974 0.381816 0.0799577 0.0180837 0.00116848
 0.0928022 0.601141 0.25162 0.0475244 0.00691264
 0.122501 0.610282 0.24278 0.0234846 0.000952079
 0.383417 0.481906 0.127806 0.00687128 0
 0.0376549 0.599619 0.316969 0.0457579 0
 0.0361596 0.667082 0.258105 0.0386534 0
 0.158088 0.579412 0.248529 0.0139706 0
 0.0477256 0.309471 0.559284 0.082774 0.000745712
 0.0406174 0.521527 0.379366 0.0568643 0.0016247
 0.151134 0.462217 0.34131 0.0453401 0
 0.294876 0.26143 0.354403 0.0886775 0.000613685
 0.281977 0.475581 0.204845 0.0348837 0.00271318
 0.0841818 0.532909 0.334909 0.0458182 0.00218182
 0.115287 0.27431 0.454777 0.147771 0.00785563
 0 0 0 0 0
pf_pred 
 0.297604 0.479067 0.199461 0.0238536 1.40527e-05
 0.274829 0.573256 0.120336 0.0283233 0.00325486
 0.146155 0.654701 0.173028 0.0208544 0.00526182
 0.25054 0.476428 0.237504 0.0310751 0.00445249
 0.269839 0.493859 0.172047 0.0561027 0.00815228
 0.141842 0.588396 0.203325 0.0486967 0.0177401
 0.256153 0.400445 0.267807 0.0574431 0.0181523
 0.196717 0.571792 0.14927 0.0645414 0.0176806
 0.246099 0.493415 0.209956 0.0329939 0.0175357
 0.233447 0.554506 0.161818 0.0407753 0.0094528
 0.133022 0.602747 0.214025 0.0386143 0.0115914
 0.141532 0.502322 0.286837 0.0565864 0.0127232
 0.237433 0.472757 0.20723 0.0670276 0.0155526
 0.222737 0.634184 0.110794 0.0234346 0.0088504
 0.293718 0.622203 0.0786138 0.0043158 0.00114962
 0.31627 0.625525 0.0560644 0.00201306 0.000126885
 0.201446 0.651537 0.140362 0.006422 0.000233416
 0.240215 0.515658 0.216833 0.0261069 0.00118758
 0.215651 0.556525 0.177592 0.0447912 0.00544014
 0.268566 0.485385 0.196537 0.0388758 0.0106368
 0.237676 0.550627 0.161391 0.0404514 0.00985408
 0.208769 0.519097 0.217279 0.042098 0.0127571
 0.252751 0.471677 0.205608 0.0561877 0.0137766
 0.247965 0.522839 0.166925 0.0468172 0.0154543
 0.0936582 0.617131 0.225832 0.0465354 0.0168432
 0.15222 0.333964 0.393595 0.0944661 0.0257549
 0.191351 0.454792 0.176545 0.13673 0.0405827
pobs_RECLAS
 0 0 0 0 0
 0 0 0 0 0
 0 0 0 0 0
 0 0 0 0 0
 0.835266 0.146461 0.0176864 0.000547809 3.91292e-05
 0.385257 0.428462 0.181853 0.0044286 0
 0.867414 0.0963971 0.0333333 0.00285562 0
 0.441836 0.489002 0.0689373 0.000224442 0
 0.779404 0.147425 0.0564933 0.0165055 0.000172143
 0.814271 0.122319 0.05973 0.00367925 0
 0.40263 0.566651 0.0304383 0.000280538 0
 0.475488 0.404961 0.113038 0.00651328 0
 0.955842 0.0263864 0.0167828 0.000988607 0
 0.975058 0.0227948 0.00214734 0 0
 0.738997 0.206755 0.0527124 0.00153531 0
 0.850938 0.134255 0.0134407 0.00136685 0
 0.542534 0.407297 0.0501686 0 0
 0.764087 0.199537 0.0359546 0.000420521 0
 0.470689 0.182191 0.310203 0.0369168 0
 0.84361 0.089868 0.0606195 0.00523954 0.000663233
 0.607945 0.314616 0.071237 0.00620181 0
 0.523733 0.453247 0.0230204 0 0
 0.530135 0.295979 0.169645 0.0042399 0
 0.562478 0.366248 0.0663022 0.0049721 0
 0.250443 0.683176 0.0655157 0.000865301 0
 0.195077 0.31981 0.436473 0.0351445 0.0134964
 0.565238 0.351407 0.0832357 0.000118908 0
ppred_RECLAS
 0.687281 0.232743 0.0714523 0.00851879 5.03666e-06
 0.654313 0.288948 0.0449654 0.010556 0.00121746
 0.478351 0.42941 0.0802071 0.00960107 0.00243067
 0.625902 0.260488 0.0988244 0.0129266 0.00185908
 0.643327 0.26088 0.0697285 0.0227468 0.00331785
 0.453302 0.406301 0.105823 0.0253163 0.00925679
 0.639176 0.218404 0.111054 0.0238119 0.00755286
 0.551801 0.343921 0.0672608 0.029034 0.00798281
 0.626597 0.267925 0.0850306 0.0133348 0.00711309
 0.601847 0.309049 0.0680045 0.0171172 0.00398293
 0.443894 0.420796 0.109655 0.019715 0.00593928
 0.467301 0.349654 0.147488 0.0290114 0.00654661
 0.637462 0.253357 0.0782154 0.0251178 0.00584782
 0.652592 0.306477 0.0318468 0.00658984 0.00249512
 0.737482 0.243856 0.0174772 0.000934849 0.000249604
 0.700009 0.281272 0.0180341 0.000643808 4.07197e-05
 0.558694 0.378554 0.0599201 0.00273226 9.96625e-05
 0.616401 0.283277 0.0891212 0.0107112 0.00048903
 0.578095 0.32242 0.0775615 0.0195404 0.00238208
 0.649763 0.253476 0.0772954 0.0152711 0.00419378
 0.603188 0.306821 0.0685953 0.0171913 0.00420359
 0.567629 0.309027 0.0984689 0.0190735 0.00580159
 0.629839 0.256414 0.0848632 0.0231798 0.00570465
 0.619763 0.285245 0.069174 0.0193924 0.00642537
 0.337898 0.487904 0.136 0.0280186 0.0101792
 0.488899 0.235232 0.21129 0.0507032 0.0138755
 0.54834 0.284 0.0836357 0.064738 0.0192865
pobs_PELACES
 0 0 0 0 0
 0 0 0 0 0
 0 0 0 0 0
 0 0 0 0 0
 0 0 0 0 0
 0 0 0 0 0
 0 0 0 0 0
 0 0 0 0 0
 0 0 0 0 0
 0 0 0 0 0
 0.450072 0.473896 0.0757376 0.000293798 0
 0 0 0 0 0
 0.463077 0.371075 0.160297 0.00555027 0
 0.529543 0.364841 0.0842815 0.0213345 0
 0.631943 0.363953 0.00410389 0 0
 0.735681 0.248677 0.0153453 0.000297389 0
 0.695825 0.281241 0.0229344 0 0
 0.275771 0.60734 0.115278 0.00161068 0
 0 0 0 0 0
 0.896147 0.0623911 0.0374545 0.00400742 0
 0.803859 0.145111 0.0509908 3.86294e-05 0
 0.739449 0.233085 0.0266225 0.000797448 4.60066e-05
 0.878498 0.100942 0.0204185 0.000141795 0
 0.694673 0.275183 0.0284847 0.00165964 0
 0.469039 0.446079 0.0841089 0.000773354 0
 0.822795 0.102175 0.0682046 0.00682512 0
 0 0 0 0 0
ppred_PELACES
 0.796118 0.160151 0.0392098 0.00451923 2.65713e-06
 0.763967 0.203999 0.0255622 0.00580573 0.00066591
 0.644769 0.306221 0.042836 0.00493249 0.00124148
 0.721518 0.203015 0.0658897 0.00837828 0.00119862
 0.722725 0.209785 0.0494778 0.0157291 0.00228249
 0.573848 0.331433 0.0719488 0.0166981 0.00607284
 0.737028 0.169368 0.0734642 0.0153093 0.00483036
 0.671997 0.263153 0.042311 0.0176991 0.00483994
 0.741656 0.195918 0.0506532 0.00769235 0.00408086
 0.708894 0.234992 0.0431409 0.0105352 0.00243825
 0.589956 0.327331 0.0674808 0.0117214 0.00351143
 0.612326 0.27377 0.0923877 0.017573 0.00394349
 0.784451 0.163582 0.0376501 0.0116266 0.00269104
 0.837046 0.150476 0.00982457 0.0019286 0.000725439
 0.890484 0.104696 0.00452964 0.000229128 6.07653e-05
 0.812934 0.178059 0.0086898 0.000298798 1.87898e-05
 0.689549 0.274445 0.0344337 0.00151716 5.50318e-05
 0.729706 0.209638 0.0540743 0.00629665 0.000285916
 0.688907 0.247773 0.0496997 0.0121473 0.00147288
 0.752143 0.188403 0.0477936 0.00915891 0.00250173
 0.696318 0.242738 0.0467694 0.0114012 0.00277323
 0.669344 0.246798 0.06734 0.0126811 0.00383696
 0.728156 0.197844 0.055625 0.0147617 0.00361375
 0.71716 0.2208 0.0455446 0.0124064 0.00408898
 0.438577 0.430418 0.102933 0.0206196 0.0074519
 0.603664 0.198051 0.152892 0.0356795 0.00971297
 0.660562 0.227369 0.0567514 0.042672 0.0126454
pobs_pel_tallas
 0 0 0 0 0 0 0 0 0 0 0 0 0 0 0 0 0 0 0 0 0 0 0 0 0 0 0 0 0 0 0 0 0 0 0 0
 0 0 0 0 0 0 0 0 0 0 0 0 0 0 0 0 0 0 0 0 0 0 0 0 0 0 0 0 0 0 0 0 0 0 0 0
 0 0 0 0 0 0 0 0 0 0 0 0 0 0 0 0 0 0 0 0 0 0 0 0 0 0 0 0 0 0 0 0 0 0 0 0
 0 0 0 0 0 0 0 0 0 0 0 0 0 0 0 0 0 0 0 0 0 0 0 0 0 0 0 0 0 0 0 0 0 0 0 0
 0 0 0 0 0 0 0 0 0 0 0 0 0 0 0 0 0 0 0 0 0 0 0 0 0 0 0 0 0 0 0 0 0 0 0 0
 0 0 0 0 0 0 0 0 0 0 0 0 0 0 0 0 0 0 0 0 0 0 0 0 0 0 0 0 0 0 0 0 0 0 0 0
 0 0 0 0 0 0 0 0 0 0 0 0 0 0 0 0 0 0 0 0 0 0 0 0 0 0 0 0 0 0 0 0 0 0 0 0
 0 0 0 0 0 0 0 0 0 0 0 0 0 0 0 0 0 0 0 0 0 0 0 0 0 0 0 0 0 0 0 0 0 0 0 0
 0 0 0 0 0 0 0 0 0 0 0 0 0 0 0 0 0 0 0 0 0 0 0 0 0 0 0 0 0 0 0 0 0 0 0 0
 0 0 0 0 0 0 0 0 0 0 0 0 0 0 0 0 0 0 0 0 0 0 0 0 0 0 0 0 0 0 0 0 0 0 0 0
 0 0 0 0 0 0 0 0 1.78061e-05 0.00172719 0.00360574 0.0105946 0.0120993 0.0124554 0.0147524 0.0171206 0.0266825 0.0428682 0.0675386 0.121331 0.153587 0.119568 0.100827 0.0573624 0.0630603 0.0341343 0.0324427 0.0444173 0.0211091 0.0280891 0.0125444 0.00206551 0 0 0 0
 0 0 0 0 0 0 0 0 0 0 0 0 0 0 0 0 0 0 0 0 0 0 0 0 0 0 0 0 0 0 0 0 0 0 0 0
 0 0 0 0 0 0 0.0133647 0.0140871 0.0187388 0.0205184 0.03894 0.0496705 0.03968 0.0493445 0.0407372 0.0367815 0.0215668 0.0243155 0.0234873 0.0199281 0.019796 0.0243948 0.0301388 0.0376714 0.0412746 0.0863199 0.0771752 0.113111 0.0741005 0.0525337 0.0229764 0.00759418 0.00175318 0 0 0
 0 0 0 0 0 0 0 0 0 0 0.00219441 0.00772107 0.0458388 0.0604681 0.0671733 0.0775358 0.0609151 0.0617685 0.073594 0.0568108 0.0755445 0.0548602 0.0670107 0.0636378 0.0643287 0.046367 0.0373049 0.0286899 0.0247887 0.0153202 0.00654259 0.00121912 0.000365735 0 0 0
 0 0 0 0 0 0 0 0 0 0 0 0 0.000112435 0.00938835 0.0111873 0.0202946 0.0414886 0.0713402 0.111592 0.104902 0.108894 0.110636 0.117776 0.105296 0.107544 0.0401394 0.0192827 0.0124803 0.00416011 0.0028671 0.000618394 0 0 0 0 0
 0 0 0 0 0 0 0 0 0 0 0.00291406 0.0102884 0.027416 0.0768956 0.0749926 0.110853 0.0956884 0.0897413 0.0766577 0.0534642 0.0500743 0.0551293 0.0594112 0.0620874 0.0668451 0.0424026 0.0208742 0.0120726 0.0048766 0.00582813 0.00118941 0.000297354 0 0 0 0
 0 0.00264628 0.0354308 0.0461629 0.0458689 0.0383711 0.0214643 0.0164657 0.0346957 0.0420465 0.0363128 0.0245516 0.0311673 0.0291091 0.0169068 0.0133784 0.00837989 0.0085269 0.0148486 0.0160247 0.0276389 0.0546898 0.0760071 0.122758 0.109233 0.0665981 0.0333725 0.0166128 0.00676272 0.00308733 0.000882094 0 0 0 0 0
 0 0 0 0 0 0 0 0.000805153 0.000690131 0.00759144 0.0133425 0.0154129 0.00931677 0.000345066 0.00356568 0.00563607 0.00851162 0.0253048 0.0502646 0.0516448 0.0657925 0.0565908 0.0611916 0.0827007 0.0866115 0.110766 0.145733 0.0935128 0.0569358 0.0249597 0.0138026 0.00621118 0.00161031 0.00115022 0 0
 0 0 0 0 0 0 0 0 0 0 0 0 0 0 0 0 0 0 0 0 0 0 0 0 0 0 0 0 0 0 0 0 0 0 0 0
 0.00147267 0.00158595 0.00478618 0.00569244 0.00954404 0.0108468 0.00647125 0.017049 0.0510054 0.094081 0.124002 0.0959785 0.0687766 0.0820023 0.061753 0.0591476 0.0492212 0.0479892 0.0443925 0.0268479 0.0217502 0.0140895 0.0121071 0.0120363 0.00920419 0.00665534 0.0049561 0.00860946 0.00930331 0.0156896 0.0114698 0.00855282 0.00243557 0.00046729 0 2.83206e-05
 0 0 0 0 0.000772559 0.00158375 0.000888443 0.00281984 0.00712685 0.0440552 0.0773331 0.111326 0.0921469 0.0852325 0.0710754 0.0886704 0.0786465 0.0553345 0.0373146 0.0185414 0.00753245 0.00457741 0.012979 0.0271748 0.0457355 0.0583668 0.034881 0.0177882 0.00938659 0.00492506 0.0015258 0.00185414 0.000309023 5.79419e-05 3.86279e-05 0
 0 0.00173294 0.00326652 0 0.00397197 0.00683976 0.00946217 0.0152591 0.00757587 0.0136028 0.0228656 0.0392903 0.0559909 0.0764795 0.0681675 0.0726916 0.0566044 0.0477403 0.0527397 0.0444891 0.0609904 0.0582453 0.0661739 0.0445044 0.0529084 0.0360697 0.0280645 0.0235558 0.0158879 0.00826598 0.00280645 0.00217768 0.000904811 0.00058276 9.20147e-05 0
 0 0 0 0 0 0 0 0 0 0 0 0 0 0 0 0 0 0 0 0 0 0 0 0 0 0 0 0 0 0 0 0 0 0 0 0
 0 0 0 0 0 0 0 0 0 0 0 0 0 0 0 0 0 0 0 0 0 0 0 0 0 0 0 0 0 0 0 0 0 0 0 0
 0 0 0 0 0 0 0 0 0 0 0 0 0 0 0 0 0 0 0 0 0 0 0 0 0 0 0 0 0 0 0 0 0 0 0 0
 0 0 0 0 0 0 0 0 0 0 0 0 0 0 0 0 0 0 0 0 0 0 0 0 0 0 0 0 0 0 0 0 0 0 0 0
 0 0 0 0 0 0 0 0 0 0 0 0 0 0 0 0 0 0 0 0 0 0 0 0 0 0 0 0 0 0 0 0 0 0 0 0
ppred_pel_tallas
 1.00765e-16 3.47337e-05 0.000203864 0.000969086 0.00373105 0.0116349 0.0293889 0.0601335 0.0996771 0.133861 0.145662 0.128469 0.0919307 0.0535868 0.0258855 0.0111953 0.0057129 0.00496317 0.00620203 0.00822215 0.0105284 0.0128228 0.0148346 0.0163149 0.0170805 0.017054 0.0162793 0.0149047 0.0131418 0.0112144 0.00931354 0.00757151 0.00605684 0.00478571 0.00374117 0.00289178
 1.00661e-16 3.33335e-05 0.000195639 0.000929978 0.00358046 0.0111653 0.0282028 0.0577068 0.0956562 0.128466 0.139802 0.123329 0.0883123 0.0515986 0.0251508 0.0112626 0.00630358 0.0059914 0.00768957 0.0102144 0.0130407 0.0158115 0.0181861 0.019852 0.0205853 0.0203022 0.0190778 0.0171223 0.014726 0.0121901 0.00976712 0.00762601 0.00584552 0.00443035 0.00333844 0.00250805
 1.00936e-16 2.81401e-05 0.00016514 0.00078496 0.00302207 0.00942398 0.0238044 0.0487082 0.080744 0.108451 0.118053 0.10422 0.0747966 0.0440402 0.0220983 0.0109671 0.00764174 0.0085494 0.0114677 0.0153428 0.0196091 0.0237834 0.0273632 0.02988 0.030996 0.0305835 0.028753 0.0258183 0.0222136 0.018391 0.0147306 0.0114881 0.00878471 0.00663066 0.00496586 0.00369989
 1.01346e-16 3.14826e-05 0.000184773 0.000878317 0.00338155 0.010545 0.026636 0.0545011 0.0903427 0.121331 0.132042 0.116492 0.0834359 0.0487892 0.0238568 0.0108139 0.00624254 0.00610941 0.00793431 0.0106054 0.0136272 0.0166554 0.0193536 0.0214049 0.0225712 0.0227441 0.0219649 0.0204052 0.0183169 0.0159692 0.013595 0.0113586 0.00935044 0.0076005 0.00610123 0.00482877
 1.01418e-16 3.15354e-05 0.000185083 0.000879788 0.00338722 0.0105627 0.0266806 0.0545924 0.0904943 0.121535 0.132265 0.116691 0.0835849 0.0488882 0.0239271 0.0108819 0.00632997 0.00623086 0.00809773 0.0108116 0.013868 0.0169126 0.019599 0.0216038 0.0226879 0.0227491 0.0218423 0.0201567 0.0179629 0.0155455 0.0131461 0.0109298 0.00898007 0.00731472 0.00591153 0.00473275
 1.01987e-16 2.50487e-05 0.000146988 0.000698658 0.00268978 0.00838773 0.021187 0.0433529 0.0718684 0.0965356 0.105098 0.0928188 0.066693 0.0394276 0.020079 0.0104537 0.00790829 0.00928765 0.0126232 0.0169619 0.0217559 0.0265027 0.0306647 0.0337331 0.035333 0.0353081 0.0337525 0.0309743 0.0274107 0.0235206 0.0196924 0.0161907 0.0131474 0.0105866 0.00846624 0.00671774
 1.0185e-16 3.21575e-05 0.000188738 0.000897177 0.00345418 0.0107715 0.027208 0.0556713 0.0922814 0.123932 0.134863 0.11896 0.085159 0.0497065 0.0241375 0.0106586 0.00576434 0.00532641 0.00681482 0.0091144 0.0117585 0.0144514 0.0169126 0.0188763 0.0201368 0.0205905 0.0202534 0.0192458 0.0177536 0.0159791 0.0140995 0.0122428 0.0104846 0.00885911 0.00737672 0.00603873
 1.01521e-16 2.93256e-05 0.000172104 0.000818076 0.00314959 0.00982165 0.0248088 0.050763 0.0841486 0.113019 0.123013 0.108567 0.0778488 0.0457012 0.0226802 0.0108425 0.00703402 0.00751694 0.00997784 0.0133459 0.0170878 0.0207805 0.0239934 0.0263247 0.0274822 0.0273501 0.0260131 0.0237266 0.0208471 0.0177456 0.0147331 0.012017 0.00969543 0.0077773 0.0062177 0.00495098
 1.01238e-16 3.23604e-05 0.000189927 0.000902821 0.0034759 0.0108393 0.0273792 0.0560216 0.0928628 0.124714 0.13572 0.119729 0.085736 0.0500973 0.0244273 0.0109546 0.00615825 0.00588573 0.00758423 0.0101128 0.0129707 0.0158195 0.0183337 0.0202099 0.0212235 0.0212774 0.0204215 0.0188319 0.0167611 0.0144762 0.0122049 0.0101045 0.00825611 0.00667936 0.00535571 0.00425094
 1.01165e-16 3.09333e-05 0.000181545 0.000862967 0.00332244 0.0103607 0.0261704 0.0535486 0.0887649 0.119215 0.129747 0.114486 0.0820395 0.048054 0.0236483 0.010973 0.00668171 0.00681811 0.00894045 0.0119358 0.0152795 0.0185815 0.0214542 0.0235365 0.0245656 0.0244356 0.0232205 0.0211474 0.018535 0.0157165 0.012973 0.0104947 0.00837414 0.00662442 0.00520905 0.00407133
 1.01632e-16 2.57509e-05 0.000151111 0.000718261 0.00276525 0.0086231 0.0217815 0.0445693 0.0738844 0.0992422 0.108041 0.0954099 0.0685368 0.0404812 0.0205482 0.010588 0.00787586 0.00916213 0.0124205 0.0166741 0.0213693 0.0260052 0.030049 0.0329975 0.0344818 0.0343509 0.0327026 0.0298485 0.0262282 0.022303 0.0184639 0.0149773 0.0119758 0.0094827 0.00745278 0.00581232
 1.02189e-16 2.67242e-05 0.00015683 0.000745461 0.00287 0.00894976 0.0226065 0.046257 0.0766803 0.102992 0.112109 0.0989665 0.0710148 0.0417908 0.0209295 0.0103253 0.00712642 0.00794651 0.0106894 0.0143772 0.0185043 0.0226469 0.0263596 0.0292169 0.0308965 0.0312486 0.0303235 0.0283447 0.025643 0.0225723 0.0194382 0.0164563 0.0137457 0.0113472 0.00925449 0.00744208
 1.01114e-16 3.42251e-05 0.000200877 0.000954888 0.00367638 0.0114645 0.0289583 0.0592525 0.098217 0.131901 0.14353 0.126593 0.0905956 0.0528242 0.0255464 0.011099 0.00573751 0.00505497 0.00634865 0.00842795 0.0108013 0.0131693 0.0152575 0.0168134 0.0176509 0.017691 0.0169772 0.0156579 0.0139448 0.0120603 0.010193 0.00847119 0.00695956 0.00567102 0.00458729 0.00367795
 1.00289e-16 3.65179e-05 0.000214339 0.00101889 0.00392282 0.012233 0.0308995 0.0632241 0.104799 0.140738 0.15314 0.135053 0.0966144 0.0562621 0.0270742 0.01153 0.00561842 0.00462312 0.0056518 0.00743506 0.00946169 0.0114379 0.0131064 0.0142372 0.0146684 0.0143441 0.0133278 0.0117839 0.00993564 0.00801327 0.00620836 0.00464721 0.00338577 0.00242195 0.0017167 0.0012153
 1.0011e-16 3.88462e-05 0.000228013 0.00108391 0.00417316 0.0130137 0.0328714 0.0672583 0.111485 0.149711 0.16289 0.14362 0.102674 0.0596514 0.028444 0.0116648 0.0050223 0.00348236 0.00396716 0.00514923 0.00653538 0.00788826 0.00902256 0.00977751 0.0100413 0.0097767 0.00903012 0.00791883 0.00660131 0.0052405 0.00397187 0.00288445 0.00201716 0.00136739 0.000905874 0.000591879
 1.00193e-16 3.54676e-05 0.000208171 0.000989559 0.00380987 0.0118808 0.0300098 0.061404 0.101783 0.136691 0.148743 0.131193 0.0938923 0.0547552 0.0264957 0.011535 0.00599064 0.00529064 0.00662497 0.00874583 0.0111258 0.0134347 0.015371 0.0166628 0.0171201 0.0166788 0.0154171 0.0135338 0.0112976 0.00898505 0.00682636 0.004973 0.00349158 0.00237835 0.00158435 0.00104113
 1.00633e-16 3.00914e-05 0.000176599 0.000839443 0.00323185 0.0100782 0.0254568 0.052089 0.0863467 0.115971 0.126227 0.111405 0.0798858 0.0469015 0.0232835 0.0111421 0.00723954 0.00773742 0.0102565 0.0136899 0.0174794 0.0211788 0.0243347 0.0265269 0.0274543 0.0270053 0.0252835 0.0225757 0.0192772 0.0157991 0.0124867 0.00957199 0.00716427 0.00527102 0.0038346 0.00276885
 1.01066e-16 3.18398e-05 0.00018687 0.000888284 0.00341993 0.0106647 0.0269382 0.0551196 0.091368 0.122709 0.133541 0.117816 0.0843875 0.0493517 0.0241428 0.010961 0.00634923 0.006227 0.00808256 0.0107859 0.0138283 0.0168529 0.0195116 0.021479 0.0225145 0.0225149 0.0215354 0.0197672 0.0174846 0.0149781 0.0124961 0.0102113 0.00821387 0.00652665 0.00512978 0.00398478
 1.01273e-16 3.00624e-05 0.000176431 0.000838649 0.0032288 0.0100687 0.0254328 0.0520396 0.0862641 0.115858 0.126098 0.111278 0.0797659 0.0467729 0.0231123 0.0108833 0.00684333 0.00715446 0.00944546 0.0126282 0.0161763 0.0196854 0.0227478 0.0249826 0.0261106 0.0260179 0.0247787 0.0226286 0.0199 0.0169412 0.0140472 0.0114183 0.00915383 0.00727056 0.00573387 0.00448803
 1.01172e-16 3.28173e-05 0.00019261 0.00091558 0.00352503 0.0109925 0.0277661 0.0568133 0.0941748 0.126476 0.137634 0.121411 0.0869276 0.050767 0.0247042 0.0109945 0.00606222 0.00569277 0.00729651 0.00972013 0.0124646 0.0152005 0.0176139 0.0194132 0.0203825 0.0204288 0.0196004 0.0180671 0.0160721 0.0138726 0.0116875 0.00966812 0.00789231 0.00637866 0.00510908 0.00405039
 1.01265e-16 3.03853e-05 0.000178327 0.000847666 0.00326352 0.010177 0.0257063 0.0525992 0.0871914 0.117103 0.127451 0.112467 0.0806083 0.0472468 0.023309 0.0109131 0.00677796 0.00702155 0.00924652 0.0123557 0.0158236 0.0192518 0.0222406 0.0244171 0.0255088 0.0254051 0.0241802 0.0220664 0.0193905 0.0164945 0.0136674 0.0111049 0.00890307 0.00707658 0.00558971 0.00438614
 1.01652e-16 2.92093e-05 0.000171423 0.000814839 0.00313713 0.00978282 0.0247107 0.0505622 0.0838153 0.11257 0.122521 0.108126 0.0775174 0.045476 0.0225123 0.0106704 0.0068054 0.00719407 0.00953712 0.0127798 0.0164099 0.02003 0.0232353 0.0256441 0.0269719 0.027094 0.0260694 0.0241156 0.0215465 0.0186946 0.015844 0.0131915 0.0108403 0.0088174 0.00710311 0.00565865
 1.01531e-16 3.17718e-05 0.000186471 0.000886392 0.00341264 0.010642 0.0268809 0.0550021 0.091173 0.122446 0.133253 0.117556 0.0841883 0.0492096 0.0240259 0.0108285 0.00616423 0.00595977 0.00771103 0.0102981 0.013227 0.0161602 0.0187708 0.0207525 0.0218765 0.022041 0.0212901 0.0197939 0.017799 0.0155666 0.0133198 0.0112129 0.00932673 0.00768328 0.00626891 0.00505629
 1.01336e-16 3.12932e-05 0.000183659 0.000873021 0.00336115 0.0104814 0.0264753 0.0541725 0.0897985 0.120602 0.131252 0.115805 0.0829645 0.0485551 0.0238194 0.0109259 0.00648285 0.00648371 0.00845948 0.011293 0.0144704 0.017622 0.0203831 0.0224146 0.0234674 0.0234385 0.0223921 0.0205349 0.0181591 0.0155711 0.0130295 0.0107099 0.00869862 0.00701015 0.00561466 0.00446492
 1.02659e-16 1.91543e-05 0.000112374 0.000534077 0.00205606 0.0064115 0.0161953 0.0331404 0.054944 0.0738187 0.0804097 0.0711182 0.0513256 0.0307954 0.0165189 0.00995891 0.00917699 0.0118213 0.0163968 0.0221093 0.0283853 0.0346052 0.0400769 0.0441389 0.0463006 0.0463537 0.0444131 0.0408715 0.0362895 0.0312575 0.0262775 0.0216938 0.0176814 0.0142781 0.0114371 0.00907728
 1.03915e-16 2.63436e-05 0.000154602 0.000734883 0.00282929 0.00882285 0.0222859 0.0456004 0.07559 0.101522 0.110494 0.0975056 0.06989 0.0409758 0.0202401 0.00952727 0.00600659 0.00633416 0.00846213 0.0114784 0.0149716 0.0186384 0.0221619 0.025224 0.0275591 0.0290017 0.0295098 0.0291525 0.0280742 0.0264481 0.0244372 0.0221739 0.0197586 0.0172703 0.01478 0.0123585
 1.02937e-16 2.88255e-05 0.000169172 0.000804142 0.00309595 0.0096544 0.0243863 0.0498983 0.0827143 0.11109 0.120907 0.106693 0.0764717 0.0448259 0.0221226 0.0103736 0.0064701 0.00673598 0.00890612 0.0119518 0.0153891 0.018855 0.0219834 0.0244282 0.0259296 0.0263695 0.025793 0.0243836 0.022407 0.0201416 0.0178195 0.0155948 0.0135417 0.0116738 0.00997361 0.00841701
pSPR Fmed_Fpbrs
0.523111   0.420094 0.420094
Fs Fmed_Fpbrs
0.64   1.005 1.005
SSBpbr Bo_Bmed_Bpbrs
855895  404933  316762 316762
Ro
35689.9
SPR SPRFo_SPRFmed_SPRFpbrs
737148 385610 309672
log_Ro
10.3026
likeval ReclasPelacesDesembMPH_pf_preclas_ppelaces_ptallas_desvR_qrecl_qpela
 64.8131 15.216 0.00944091 0.000566774 329.777 209.073 55.4021 0 16.8661 7.50258e-07 7.12626e-05 0 0 0 0
q_reclas_q_pelaces
0.884493 3.32345
M
0.7
N
 35945.6 10530.6 3381.53 398.195 0.234394
 43438.9 16154.6 2591.4 600.171 68.9115
 21281 19697 4232.68 504.212 127.14
 30490.8 9023.63 3219.48 412.452 59.0305
 55292 14622.9 3507.11 1116.39 162.015
 39809.1 27288.4 6953.22 1634.29 594.775
 76090.3 18636.8 8950.74 1880.34 593.539
 73486.3 36395.1 7109.58 3020.14 826.564
 97456.7 33969.3 10918.5 1686.9 895.749
 114062 44670.1 9601.79 2374.23 549.857
 63726.7 53447.6 14746.7 2621.21 786.227
 44309.7 28427.6 12481.9 2424.09 544.594
 48127.3 19972.4 7142.23 2283.76 529.586
 25702.8 20321.9 3169.9 666.624 251.683
 14881.3 9263.93 1058.97 57.8445 15.4043
 13053.6 5168.51 371.994 13.19 0.830826
 9424 5618.71 938.872 42.315 1.53676
 11444.8 4211.51 1328.94 157.234 7.14578
 12386 5277.01 1241.12 307.189 37.2725
 19339.7 5800.82 1735.57 336.964 92.1056
 25506.3 9037.97 1879.13 460.849 112.134
 31898.6 12316.2 3685.36 699.087 211.608
 51865.2 15311.6 4816.59 1289.62 315.858
 74305 24712.9 5685.44 1562.15 515.102
 34799.4 35446.1 9251.48 1866.12 674.665
 49545 16733.7 14036.3 3297.15 897.896
 63130.9 23863 6702.73 5087.13 1508.28
pred_Ctot
 2469.65 3975.52 1655.22 197.948 0.116616
 2728.41 5691.1 1194.66 281.184 32.3132
 2256.82 10109.4 2671.76 322.018 81.2491
 752.234 1430.45 713.093 93.3014 13.3684
 244.58 447.632 155.942 50.8512 7.38918
 1644.63 6822.36 2357.52 564.63 205.693
 2017.67 3154.22 2109.46 452.467 142.982
 3668.92 10664.4 2784 1203.75 329.756
 5420.37 10867.6 4624.33 726.697 386.226
 4640.89 11023.5 3216.92 810.605 187.92
 4689.58 21249.4 7545.29 1361.32 408.647
 2958.1 10498.8 5995.07 1182.69 265.923
 5229.46 10412.5 4564.23 1476.28 342.546
 5162.52 14698.9 2567.95 543.16 205.132
 3283.61 6955.91 878.861 48.2485 12.8522
 1260.89 2493.8 223.514 8.02553 0.505856
 682.355 2206.95 475.447 21.7532 0.790647
 590.958 1268.59 533.436 64.2263 2.92159
 508.458 1312.16 418.722 105.608 12.8266
 822.358 1486.26 601.801 119.039 32.5703
 507.556 1175.86 344.65 86.3838 21.0433
 767.323 1907.93 798.602 154.73 46.8883
 1513.57 2824.58 1231.26 336.473 82.4995
 2108.63 4446.09 1419.49 398.122 131.42
 793.976 5231.66 1914.46 394.498 142.786
 1073.96 2356.23 2776.95 666.49 181.71
 1935.25 4599.6 1785.51 1382.84 410.438
F
 0.0998046 0.702088 1.02887 1.05471 1.0561
 0.0908887 0.639369 0.936958 0.960487 0.961758
 0.157968 1.11125 1.62847 1.66936 1.67157
 0.0348356 0.245056 0.359115 0.368133 0.36862
 0.00616758 0.0433867 0.0635806 0.0651773 0.0652635
 0.0589546 0.414724 0.607754 0.623015 0.62384
 0.0374856 0.263698 0.386434 0.396138 0.396662
 0.0716424 0.503978 0.73855 0.757097 0.758099
 0.0801047 0.563507 0.825786 0.846524 0.847644
 0.0580388 0.408281 0.598312 0.613337 0.614149
 0.107245 0.754426 1.10557 1.13333 1.13483
 0.0968542 0.681334 0.998455 1.02353 1.02488
 0.162148 1.14065 1.67155 1.71353 1.7158
 0.320472 2.2544 3.3037 3.38666 3.39114
 0.357518 2.51501 3.68559 3.77815 3.78315
 0.142959 1.00566 1.47374 1.51075 1.51275
 0.105438 0.741718 1.08694 1.11424 1.11571
 0.0741766 0.521805 0.764675 0.783878 0.784915
 0.0585708 0.412024 0.603797 0.61896 0.619779
 0.0607265 0.427189 0.62602 0.641741 0.64259
 0.0280139 0.197068 0.288791 0.296043 0.296435
 0.033953 0.238847 0.350016 0.358806 0.359281
 0.0413241 0.2907 0.426004 0.436702 0.437279
 0.0401642 0.28254 0.414046 0.424444 0.425006
 0.0321787 0.226365 0.331725 0.340055 0.340505
 0.03055 0.214908 0.314936 0.322844 0.323272
 0.0434488 0.305646 0.447906 0.459154 0.459762
Np
 25269.3 11411.5 7642.27 1628.52 457.507
YTP_r0W_actual
 33914.5 187621 99825.6 98298.8 32369.6
YTP_p0W_proyectada
 13574.9 236006 130008 41095.8 44995
 13574.9 89722.2 113819 31468 9818.68
CTP_r0_actual
 4135.91 8686.17 3179.16 2451.34 727.406
CTP_p0_proyectada
 1655.48 10926.2 4140.38 1024.83 1011.12
 1655.48 4153.81 3624.79 784.738 220.645
Wmedp
 8.2 21.6 31.4 40.1 44.5
nmprior
 10.8 10.6 4.6 0
nm_flota  nm_reclas  nm_pelaces    nm_pelaL
inf 22.8827 17.8176 56.3883
cv_recla  cv_pelaces  cv_mph
0.697208 0.427307 0.636269
 ------------------------------------------------
Talla a la edad & desviaci?n 
 7.2 14.2025 17.0495 18.207 18.6776
 1.08 2.13037 2.55742 2.73105 2.80164
