years
 1997 1998 1999 2000 2001 2002 2003 2004 2005 2006 2007 2008 2009 2010 2011 2012 2013 2014 2015 2016 2017 2018 2019 2020 2021 2022 2023
reclasobs
 0 0 0 370054 412103 1.49427e+06 250295 1.28982e+06 931140 785840 897777 1.04006e+06 184774 17550 25797 100020 73551 82996 120727 218422 84188 347160 605670 569463 516374 1.08416e+06 1.01767e+06
reclaspred
 1.12276e+06 234124 601295 322174 410452 528994 1.10191e+06 855311 1.11061e+06 1.22967e+06 1.14561e+06 780473 453510 209426 139230 136715 159208 222398 245155 325454 508843 500766 825649 1.0354e+06 1.37878e+06 1.22314e+06 979071
pelacesobs
 0 0 0 0 0 0 0 0 0 2.06254e+06 1.5e+06 0 1.87456e+06 323000 250000 174000 83755 137374 0 501740 490994 745055 786931 1.00524e+06 1.33801e+06 1.41789e+06 0
pelacespred
 657021 232070 206895 225248 245096 243740 564509 550416 636959 732603 594955 419494 241160 89810.5 59260.3 66308.3 80789.2 113904 132171 169256 290541 298985 381690 549235 710137 703617 540778
mphobs
 0 0 0 0 0 112323 0 153150 637223 0 255016 313432 73983 77613 109348 50772 17779 17303 59886 28197 0 207744 136588 643089 65757 70829 0
mphpred
 792234 429435 379013 348561 306798 469882 660573 885428 876452 1.0741e+06 1.15596e+06 824435 503371 269872 128720 113956 126629 169374 213027 241833 373047 472613 572965 792328 1.13718e+06 1.15658e+06 894009
desembarqueobs
 350755 77701 442110 56441 14545 235359 269955 359681 431902 328805 639364 411747 362871 311530 167758 66681 60226 58785 57116 73181 50977 67692 138656 160484 209506 203330 245020
desembarquepred
 350761 77701.6 442132 56443.4 14545.1 235420 269978 359615 431836 328744 639331 411858 362939 311700 167710 66687.3 60243.3 58785.2 57110.1 73171.1 50974.8 67682.3 138645 160476 209487 203316 245021
Reclutas
 42464.7 44698.9 23030.2 26427.3 53024 41127.2 80904.3 88110.7 132209 138833 71564.9 40482.3 47264.1 28358.2 20177.1 17043.3 13994.4 16254.9 17143 31039.6 43648.9 47307.6 78494.8 106515 44823.5 47358.3 67662.1
log_desv_Rt
 -0.0140046 0.0372721 -0.625869 -0.488278 0.208068 -0.0460061 0.63059 0.715917 1.12171 1.17059 0.507927 -0.0618113 0.0930739 -0.41776 -0.758128 -0.926918 -1.12402 -0.974283 -0.921086 -0.327415 0.013502 0.0939935 0.600356 0.905609 0.0400554 0.0950661 0.451849
SSB
 792234 429435 379013 348561 306798 469882 660573 885428 876452 1.0741e+06 1.15596e+06 824435 503371 269872 128720 113956 126629 169374 213027 241833 373047 472613 572965 792328 1.13718e+06 1.15658e+06 894009
BT
 2.08561e+06 575210 766994 535994 589458 669219 1.72194e+06 1.65881e+06 2.02532e+06 2.01062e+06 1.83348e+06 1.2438e+06 894737 490239 290752 205105 237375 308719 325848 452454 734856 663137 923614 1.35185e+06 1.59041e+06 1.56598e+06 1.33285e+06
Ftot
 0.300587 0.319012 0.683849 0.170007 0.0346654 0.423644 0.237005 0.402168 0.373009 0.258166 0.526708 0.498893 0.741762 1.29446 1.08501 0.463911 0.362748 0.255209 0.225223 0.217662 0.0976646 0.131451 0.163013 0.150625 0.147572 0.161299 0.241642
BD_Bspro_t
 0.957388 0.7557 0.639458 0.436812 0.53522 0.696758 0.632773 0.668137 0.631471 0.627659 0.61625 0.460476 0.349758 0.252456 0.153098 0.1617 0.231613 0.361729 0.475432 0.567995 0.689875 0.785847 0.791196 0.792787 0.801642 0.757306 0.70952
BD_Bspro
 0.890707 0.482812 0.426123 0.391886 0.344932 0.528287 0.74268 0.995485 0.985393 1.2076 1.29964 0.92691 0.565939 0.303416 0.14472 0.128121 0.142369 0.190427 0.239506 0.271892 0.419416 0.531357 0.644182 0.890812 1.27853 1.30034 1.00513
BD_Bo
 0.445792 0.241644 0.213271 0.196136 0.172636 0.264404 0.371706 0.498233 0.493182 0.604396 0.650462 0.463911 0.283248 0.151858 0.0724311 0.0641236 0.0712545 0.0953073 0.119871 0.13608 0.209914 0.26594 0.322408 0.445845 0.639895 0.650812 0.503061
BD_Brms
 2.17192 1.1773 1.03907 0.955585 0.84109 1.28819 1.81097 2.42742 2.40281 2.94465 3.16909 2.2602 1.38 0.739858 0.352888 0.312413 0.347156 0.464342 0.584017 0.662987 1.02271 1.29567 1.57079 2.17218 3.1176 3.17079 2.45094
S_f
 0.5 1 1 1 1
 0.5 1 1 1 1
 0.5 1 1 1 1
 0.5 1 1 1 1
 0.5 1 1 1 1
 0.5 1 1 1 1
 0.5 1 1 1 1
 0.5 1 1 1 1
 0.5 1 1 1 1
 0.5 1 1 1 1
 0.5 1 1 1 1
 0.5 1 1 1 1
 0.5 1 1 1 1
 0.5 1 1 1 1
 0.5 1 1 1 1
 0.5 1 1 1 1
 0.5 1 1 1 1
 0.5 1 1 1 1
 0.5 1 1 1 1
 0.5 1 1 1 1
 0.5 1 1 1 1
 0.5 1 1 1 1
 0.5 1 1 1 1
 0.5 1 1 1 1
 0.5 1 1 1 1
 0.5 1 1 1 1
 0.5 1 1 1 1
Scru_reclas
 0.5 1 1 1 1
 0.5 1 1 1 1
 0.5 1 1 1 1
 0.5 1 1 1 1
 0.5 1 1 1 1
 0.5 1 1 1 1
 0.5 1 1 1 1
 0.5 1 1 1 1
 0.5 1 1 1 1
 0.5 1 1 1 1
 0.5 1 1 1 1
 0.5 1 1 1 1
 0.5 1 1 1 1
 0.5 1 1 1 1
 0.5 1 1 1 1
 0.5 1 1 1 1
 0.5 1 1 1 1
 0.5 1 1 1 1
 0.5 1 1 1 1
 0.5 1 1 1 1
 0.5 1 1 1 1
 0.5 1 1 1 1
 0.5 1 1 1 1
 0.5 1 1 1 1
 0.5 1 1 1 1
 0.5 1 1 1 1
 0.5 1 1 1 1
Scru_pelaces
 0.5 1 1 1 1
 0.5 1 1 1 1
 0.5 1 1 1 1
 0.5 1 1 1 1
 0.5 1 1 1 1
 0.5 1 1 1 1
 0.5 1 1 1 1
 0.5 1 1 1 1
 0.5 1 1 1 1
 0.5 1 1 1 1
 0.5 1 1 1 1
 0.5 1 1 1 1
 0.5 1 1 1 1
 0.5 1 1 1 1
 0.5 1 1 1 1
 0.5 1 1 1 1
 0.5 1 1 1 1
 0.5 1 1 1 1
 0.5 1 1 1 1
 0.5 1 1 1 1
 0.5 1 1 1 1
 0.5 1 1 1 1
 0.5 1 1 1 1
 0.5 1 1 1 1
 0.5 1 1 1 1
 0.5 1 1 1 1
 0.5 1 1 1 1
pf_obs 
 0.256992 0.487395 0.22802 0.0275931 0
 0.321318 0.546541 0.124235 0.00734118 0.000564706
 0.182869 0.594174 0.210203 0.0122559 0.00049798
 0.330522 0.361315 0.267642 0.0388342 0.00168674
 0.649043 0.306663 0.0425973 0.00169635 0
 0.582887 0.30429 0.105238 0.00758474 0
 0.465427 0.430635 0.0974691 0.00646863 0
 0.296916 0.608066 0.0921331 0.00288517 0
 0.311714 0.524322 0.152257 0.0117073 0
 0.15457 0.633149 0.183074 0.0267441 0.00246327
 0.131901 0.49318 0.331252 0.0422183 0.00144891
 0.196976 0.569456 0.194076 0.0375587 0.00193317
 0.518974 0.381816 0.0799577 0.0180837 0.00116848
 0.0928022 0.601141 0.25162 0.0475244 0.00691264
 0.122501 0.610282 0.24278 0.0234846 0.000952079
 0.383417 0.481906 0.127806 0.00687128 0
 0.0376549 0.599619 0.316969 0.0457579 0
 0.0361596 0.667082 0.258105 0.0386534 0
 0.158088 0.579412 0.248529 0.0139706 0
 0.0477256 0.309471 0.559284 0.082774 0.000745712
 0.0406174 0.521527 0.379366 0.0568643 0.0016247
 0.151134 0.462217 0.34131 0.0453401 0
 0.294876 0.26143 0.354403 0.0886775 0.000613685
 0.281977 0.475581 0.204845 0.0348837 0.00271318
 0.0841818 0.532909 0.334909 0.0458182 0.00218182
 0.115287 0.27431 0.454777 0.147771 0.00785563
 0 0 0 0 0
pf_pred 
 0.453813 0.384673 0.144348 0.01716 5.67301e-06
 0.459194 0.348487 0.135448 0.0508268 0.00604425
 0.312292 0.447413 0.154842 0.0601833 0.0252694
 0.470699 0.278981 0.162854 0.0563611 0.031104
 0.59069 0.266523 0.0752595 0.0439325 0.0235951
 0.392543 0.452272 0.101049 0.0285336 0.0256021
 0.604657 0.234792 0.119536 0.0267072 0.0143081
 0.507036 0.377611 0.0685076 0.0348783 0.0119675
 0.582398 0.291535 0.0965678 0.0175197 0.01198
 0.504586 0.374819 0.0841889 0.0278867 0.00851888
 0.311263 0.473072 0.163168 0.0366494 0.0158482
 0.296682 0.36118 0.235004 0.0810554 0.0260788
 0.463539 0.265096 0.139356 0.0906728 0.0413361
 0.431448 0.388655 0.0888971 0.0467315 0.0442678
 0.53898 0.320729 0.0959013 0.0219355 0.0224542
 0.552366 0.342941 0.0728346 0.0217783 0.0100805
 0.453899 0.403408 0.10932 0.0232177 0.0101557
 0.489912 0.330899 0.132368 0.0358706 0.0109506
 0.460397 0.363647 0.114144 0.0456608 0.0161511
 0.579785 0.271195 0.100427 0.0315227 0.0170703
 0.546074 0.338611 0.0744211 0.0275589 0.0133348
 0.456397 0.387088 0.116754 0.0256606 0.0141003
 0.540084 0.292234 0.119403 0.0360146 0.0122648
 0.521262 0.340369 0.0879207 0.0359233 0.0145252
 0.246739 0.523093 0.163643 0.0422706 0.0242547
 0.324925 0.273986 0.278532 0.0871351 0.0354228
 0.451808 0.275151 0.110816 0.112655 0.0495698
pobs_RECLAS
 0 0 0 0 0
 0 0 0 0 0
 0 0 0 0 0
 0 0 0 0 0
 0.835266 0.146461 0.0176864 0.000547809 3.91292e-05
 0.385257 0.428462 0.181853 0.0044286 0
 0.867414 0.0963971 0.0333333 0.00285562 0
 0.441836 0.489002 0.0689373 0.000224442 0
 0.779404 0.147425 0.0564933 0.0165055 0.000172143
 0.814271 0.122319 0.05973 0.00367925 0
 0.40263 0.566651 0.0304383 0.000280538 0
 0.475488 0.404961 0.113038 0.00651328 0
 0.955842 0.0263864 0.0167828 0.000988607 0
 0.975058 0.0227948 0.00214734 0 0
 0.738997 0.206755 0.0527124 0.00153531 0
 0.850938 0.134255 0.0134407 0.00136685 0
 0.542534 0.407297 0.0501686 0 0
 0.764087 0.199537 0.0359546 0.000420521 0
 0.470689 0.182191 0.310203 0.0369168 0
 0.84361 0.089868 0.0606195 0.00523954 0.000663233
 0.607945 0.314616 0.071237 0.00620181 0
 0.523733 0.453247 0.0230204 0 0
 0.530135 0.295979 0.169645 0.0042399 0
 0.562478 0.366248 0.0663022 0.0049721 0
 0.250443 0.683176 0.0655157 0.000865301 0
 0.195077 0.31981 0.436473 0.0351445 0.0134964
 0.565238 0.351407 0.0832357 0.000118908 0
ppred_RECLAS
 0.456647 0.382677 0.143599 0.017071 5.64358e-06
 0.462251 0.346517 0.134682 0.0505395 0.00601009
 0.31958 0.442672 0.153201 0.0595455 0.0250015
 0.472143 0.27822 0.16241 0.0562073 0.0310191
 0.590941 0.26636 0.0752133 0.0439055 0.0235806
 0.396762 0.449131 0.100347 0.0283355 0.0254243
 0.606701 0.233578 0.118918 0.0265692 0.0142342
 0.511161 0.374451 0.0679343 0.0345864 0.0118673
 0.586038 0.288993 0.095726 0.017367 0.0118756
 0.506958 0.373025 0.083786 0.0277532 0.00847811
 0.316335 0.469588 0.161966 0.0363795 0.0157315
 0.301273 0.358822 0.23347 0.0805263 0.0259086
 0.472957 0.260442 0.136909 0.089081 0.0406105
 0.452671 0.374148 0.0855789 0.0449871 0.0426154
 0.555303 0.309373 0.0925057 0.0211588 0.0216592
 0.557279 0.339177 0.0720353 0.0215393 0.00996988
 0.457486 0.400758 0.108602 0.0230651 0.010089
 0.49225 0.329382 0.131762 0.0357062 0.0109005
 0.462398 0.362298 0.113721 0.0454915 0.0160912
 0.581668 0.26998 0.0999766 0.0313815 0.0169938
 0.546846 0.338035 0.0742945 0.0275121 0.0133122
 0.457471 0.386323 0.116524 0.0256099 0.0140724
 0.541456 0.291362 0.119047 0.0359072 0.0122283
 0.522521 0.339474 0.0876895 0.0358288 0.014487
 0.247657 0.522455 0.163444 0.0422191 0.0242251
 0.326123 0.273499 0.278037 0.0869804 0.0353599
 0.453978 0.274062 0.110378 0.112209 0.0493735
pobs_PELACES
 0 0 0 0 0
 0 0 0 0 0
 0 0 0 0 0
 0 0 0 0 0
 0 0 0 0 0
 0 0 0 0 0
 0 0 0 0 0
 0 0 0 0 0
 0 0 0 0 0
 0 0 0 0 0
 0.450072 0.473896 0.0757376 0.000293798 0
 0 0 0 0 0
 0.463077 0.371075 0.160297 0.00555027 0
 0.529543 0.364841 0.0842815 0.0213345 0
 0.631943 0.363953 0.00410389 0 0
 0.735681 0.248677 0.0153453 0.000297389 0
 0.695825 0.281241 0.0229344 0 0
 0.275771 0.60734 0.115278 0.00161068 0
 0 0 0 0 0
 0.896147 0.0623911 0.0374545 0.00400742 0
 0.803859 0.145111 0.0509908 3.86294e-05 0
 0.739449 0.233085 0.0266225 0.000797448 4.60066e-05
 0.878498 0.100942 0.0204185 0.000141795 0
 0.694673 0.275183 0.0284847 0.00165964 0
 0.469039 0.446079 0.0841089 0.000773354 0
 0.822795 0.102175 0.0682046 0.00682512 0
 0 0 0 0 0
ppred_PELACES
 0.468977 0.373993 0.140341 0.0166836 5.51551e-06
 0.475358 0.338071 0.1314 0.0493076 0.00586359
 0.344599 0.426395 0.147568 0.057356 0.0240822
 0.479139 0.274533 0.160257 0.0554624 0.030608
 0.592323 0.26546 0.0749592 0.0437572 0.0235009
 0.413607 0.43659 0.0975447 0.0275442 0.0247144
 0.615992 0.22806 0.116109 0.0259415 0.0138979
 0.527724 0.361764 0.0656325 0.0334145 0.0114652
 0.600886 0.278628 0.0922925 0.0167441 0.0114497
 0.5176 0.364973 0.0819774 0.0271541 0.0082951
 0.335423 0.456477 0.157444 0.0353638 0.0152922
 0.31888 0.34978 0.227587 0.0784972 0.0252557
 0.503528 0.245335 0.128968 0.0839139 0.0382548
 0.505925 0.337744 0.0772522 0.04061 0.038469
 0.598964 0.278999 0.0834235 0.0190815 0.0195327
 0.576072 0.324779 0.0689774 0.0206249 0.00954665
 0.472375 0.389759 0.105621 0.0224322 0.00981212
 0.502777 0.322553 0.12903 0.034966 0.0106745
 0.471648 0.356064 0.111764 0.0447088 0.0158144
 0.590381 0.264357 0.0978944 0.0307279 0.0166399
 0.550836 0.335059 0.0736403 0.0272698 0.0131949
 0.462859 0.382486 0.115366 0.0253556 0.0139327
 0.548126 0.287124 0.117315 0.0353849 0.0120504
 0.528718 0.335068 0.0865514 0.0353638 0.014299
 0.252221 0.519286 0.162452 0.041963 0.0240782
 0.331999 0.271115 0.275613 0.086222 0.0350516
 0.463878 0.269093 0.108376 0.110174 0.0484783
pobs_pel_tallas
 0 0 0 0 0 0 0 0 0 0 0 0 0 0 0 0 0 0 0 0 0 0 0 0 0 0 0 0 0 0 0 0 0 0 0 0
 0 0 0 0 0 0 0 0 0 0 0 0 0 0 0 0 0 0 0 0 0 0 0 0 0 0 0 0 0 0 0 0 0 0 0 0
 0 0 0 0 0 0 0 0 0 0 0 0 0 0 0 0 0 0 0 0 0 0 0 0 0 0 0 0 0 0 0 0 0 0 0 0
 0 0 0 0 0 0 0 0 0 0 0 0 0 0 0 0 0 0 0 0 0 0 0 0 0 0 0 0 0 0 0 0 0 0 0 0
 0 0 0 0 0 0 0 0 0 0 0 0 0 0 0 0 0 0 0 0 0 0 0 0 0 0 0 0 0 0 0 0 0 0 0 0
 0 0 0 0 0 0 0 0 0 0 0 0 0 0 0 0 0 0 0 0 0 0 0 0 0 0 0 0 0 0 0 0 0 0 0 0
 0 0 0 0 0 0 0 0 0 0 0 0 0 0 0 0 0 0 0 0 0 0 0 0 0 0 0 0 0 0 0 0 0 0 0 0
 0 0 0 0 0 0 0 0 0 0 0 0 0 0 0 0 0 0 0 0 0 0 0 0 0 0 0 0 0 0 0 0 0 0 0 0
 0 0 0 0 0 0 0 0 0 0 0 0 0 0 0 0 0 0 0 0 0 0 0 0 0 0 0 0 0 0 0 0 0 0 0 0
 0 0 0 0 0 0 0 0 0 0 0 0 0 0 0 0 0 0 0 0 0 0 0 0 0 0 0 0 0 0 0 0 0 0 0 0
 0 0 0 0 0 0 0 0 1.78061e-05 0.00172719 0.00360574 0.0105946 0.0120993 0.0124554 0.0147524 0.0171206 0.0266825 0.0428682 0.0675386 0.121331 0.153587 0.119568 0.100827 0.0573624 0.0630603 0.0341343 0.0324427 0.0444173 0.0211091 0.0280891 0.0125444 0.00206551 0 0 0 0
 0 0 0 0 0 0 0 0 0 0 0 0 0 0 0 0 0 0 0 0 0 0 0 0 0 0 0 0 0 0 0 0 0 0 0 0
 0 0 0 0 0 0 0.0133647 0.0140871 0.0187388 0.0205184 0.03894 0.0496705 0.03968 0.0493445 0.0407372 0.0367815 0.0215668 0.0243155 0.0234873 0.0199281 0.019796 0.0243948 0.0301388 0.0376714 0.0412746 0.0863199 0.0771752 0.113111 0.0741005 0.0525337 0.0229764 0.00759418 0.00175318 0 0 0
 0 0 0 0 0 0 0 0 0 0 0.00219441 0.00772107 0.0458388 0.0604681 0.0671733 0.0775358 0.0609151 0.0617685 0.073594 0.0568108 0.0755445 0.0548602 0.0670107 0.0636378 0.0643287 0.046367 0.0373049 0.0286899 0.0247887 0.0153202 0.00654259 0.00121912 0.000365735 0 0 0
 0 0 0 0 0 0 0 0 0 0 0 0 0.000112435 0.00938835 0.0111873 0.0202946 0.0414886 0.0713402 0.111592 0.104902 0.108894 0.110636 0.117776 0.105296 0.107544 0.0401394 0.0192827 0.0124803 0.00416011 0.0028671 0.000618394 0 0 0 0 0
 0 0 0 0 0 0 0 0 0 0 0.00291406 0.0102884 0.027416 0.0768956 0.0749926 0.110853 0.0956884 0.0897413 0.0766577 0.0534642 0.0500743 0.0551293 0.0594112 0.0620874 0.0668451 0.0424026 0.0208742 0.0120726 0.0048766 0.00582813 0.00118941 0.000297354 0 0 0 0
 0 0.00264628 0.0354308 0.0461629 0.0458689 0.0383711 0.0214643 0.0164657 0.0346957 0.0420465 0.0363128 0.0245516 0.0311673 0.0291091 0.0169068 0.0133784 0.00837989 0.0085269 0.0148486 0.0160247 0.0276389 0.0546898 0.0760071 0.122758 0.109233 0.0665981 0.0333725 0.0166128 0.00676272 0.00308733 0.000882094 0 0 0 0 0
 0 0 0 0 0 0 0 0.000805153 0.000690131 0.00759144 0.0133425 0.0154129 0.00931677 0.000345066 0.00356568 0.00563607 0.00851162 0.0253048 0.0502646 0.0516448 0.0657925 0.0565908 0.0611916 0.0827007 0.0866115 0.110766 0.145733 0.0935128 0.0569358 0.0249597 0.0138026 0.00621118 0.00161031 0.00115022 0 0
 0 0 0 0 0 0 0 0 0 0 0 0 0 0 0 0 0 0 0 0 0 0 0 0 0 0 0 0 0 0 0 0 0 0 0 0
 0.00147267 0.00158595 0.00478618 0.00569244 0.00954404 0.0108468 0.00647125 0.017049 0.0510054 0.094081 0.124002 0.0959785 0.0687766 0.0820023 0.061753 0.0591476 0.0492212 0.0479892 0.0443925 0.0268479 0.0217502 0.0140895 0.0121071 0.0120363 0.00920419 0.00665534 0.0049561 0.00860946 0.00930331 0.0156896 0.0114698 0.00855282 0.00243557 0.00046729 0 2.83206e-05
 0 0 0 0 0.000772559 0.00158375 0.000888443 0.00281984 0.00712685 0.0440552 0.0773331 0.111326 0.0921469 0.0852325 0.0710754 0.0886704 0.0786465 0.0553345 0.0373146 0.0185414 0.00753245 0.00457741 0.012979 0.0271748 0.0457355 0.0583668 0.034881 0.0177882 0.00938659 0.00492506 0.0015258 0.00185414 0.000309023 5.79419e-05 3.86279e-05 0
 0 0.00173294 0.00326652 0 0.00397197 0.00683976 0.00946217 0.0152591 0.00757587 0.0136028 0.0228656 0.0392903 0.0559909 0.0764795 0.0681675 0.0726916 0.0566044 0.0477403 0.0527397 0.0444891 0.0609904 0.0582453 0.0661739 0.0445044 0.0529084 0.0360697 0.0280645 0.0235558 0.0158879 0.00826598 0.00280645 0.00217768 0.000904811 0.00058276 9.20147e-05 0
 0 0 0 0 0 0 0 0 0 0 0 0 0 0 0 0 0 0 0 0 0 0 0 0 0 0 0 0 0 0 0 0 0 0 0 0
 0 0 0 0 0 0 0 0 0 0 0 0 0 0 0 0 0 0 0 0 0 0 0 0 0 0 0 0 0 0 0 0 0 0 0 0
 0 0 0 0 0 0 0 0 0 0 0 0 0 0 0 0 0 0 0 0 0 0 0 0 0 0 0 0 0 0 0 0 0 0 0 0
 0 0 0 0 0 0 0 0 0 0 0 0 0 0 0 0 0 0 0 0 0 0 0 0 0 0 0 0 0 0 0 0 0 0 0 0
 0 0 0 0 0 0 0 0 0 0 0 0 0 0 0 0 0 0 0 0 0 0 0 0 0 0 0 0 0 0 0 0 0 0 0 0
ppred_pel_tallas
 1.02688e-16 2.04777e-05 0.000120148 0.000571049 0.00219843 0.00685548 0.0173167 0.0354344 0.0587448 0.0789178 0.0859444 0.0759665 0.0547231 0.032631 0.0171357 0.00976665 0.00841824 0.0105558 0.0145872 0.0197066 0.0253867 0.0310864 0.0362025 0.0401508 0.0424854 0.0429947 0.0417402 0.0390213 0.0352858 0.0310177 0.0266388 0.022452 0.0186312 0.0152444 0.0122942 0.00975348
 1.03944e-16 2.07544e-05 0.000121776 0.000578797 0.00222828 0.00694856 0.0175518 0.0359151 0.0595406 0.0799832 0.0870952 0.0769614 0.0553909 0.0329316 0.0171156 0.00947632 0.00786413 0.00970094 0.0133769 0.0180984 0.0233754 0.028723 0.0336026 0.0374899 0.0399803 0.0408729 0.0402057 0.0382231 0.0352979 0.0318324 0.0281744 0.0245707 0.0211612 0.0180037 0.0151099 0.0124769
 1.0533e-16 1.50563e-05 8.83152e-05 0.0004197 0.00161568 0.00503819 0.0127265 0.0260429 0.0431798 0.0580222 0.0632265 0.0559768 0.0405208 0.0245588 0.0136237 0.00891309 0.00895537 0.0119465 0.0167343 0.0226825 0.0292842 0.0359542 0.0420202 0.0468267 0.0498714 0.0509122 0.0500092 0.0474827 0.0438121 0.0395087 0.0350091 0.0306154 0.0264899 0.0226876 0.0192054 0.0160245
 1.05701e-16 2.09168e-05 0.000122735 0.000583368 0.0022459 0.00700353 0.0176905 0.0361986 0.0600086 0.0806065 0.0877595 0.0775141 0.0557142 0.0329747 0.016866 0.00890955 0.00691708 0.00828004 0.0113873 0.0154808 0.020142 0.0249847 0.0295796 0.0334985 0.0363938 0.0380659 0.038491 0.0378004 0.0362242 0.0340205 0.0314176 0.0285837 0.0256276 0.0226179 0.0196091 0.0166593
 1.03753e-16 2.58515e-05 0.000151708 0.00072111 0.00277625 0.0086574 0.0218681 0.044746 0.0741755 0.099628 0.108447 0.0957352 0.0686982 0.0404317 0.0202569 0.0100077 0.00692712 0.0077423 0.0104291 0.0140464 0.0181108 0.0222194 0.0259491 0.0288956 0.0307531 0.0313791 0.0308195 0.0292807 0.0270646 0.0244886 0.021818 0.0192297 0.0168103 0.0145788 0.0125196 0.0106114
 1.03629e-16 1.80657e-05 0.000105982 0.00050369 0.00193906 0.00604664 0.0152737 0.0312548 0.0518188 0.0696228 0.0758468 0.0671006 0.0484655 0.0291582 0.0157843 0.0097379 0.00920586 0.0119816 0.0166585 0.0224784 0.0288769 0.0352329 0.0408495 0.0450603 0.0473717 0.0475742 0.0457835 0.042393 0.0379621 0.0330766 0.0282292 0.023752 0.0198066 0.0164193 0.0135361 0.011075
 1.03264e-16 2.68823e-05 0.000157762 0.0007499 0.00288711 0.00900312 0.0227413 0.0465324 0.0771355 0.1036 0.11276 0.0995168 0.0713566 0.0418855 0.0207809 0.00993139 0.00645294 0.00693223 0.00926909 0.0125101 0.0162004 0.0199868 0.0235018 0.0263876 0.0283612 0.0292716 0.0291227 0.0280552 0.0262961 0.0240965 0.0216778 0.0192027 0.0167716 0.0144381 0.0122306 0.0101703
 1.02734e-16 2.30386e-05 0.000135185 0.000642538 0.00247369 0.00771387 0.0194849 0.0398706 0.0660972 0.0887889 0.0966781 0.0854154 0.061445 0.0364689 0.0188377 0.0102385 0.0082663 0.0100379 0.0137457 0.0184919 0.0237236 0.0289051 0.0334548 0.0368221 0.038603 0.0386315 0.0370138 0.0340871 0.0303258 0.0262237 0.0221942 0.0185128 0.0153097 0.0125989 0.0103261 0.00841289
 1.02512e-16 2.62256e-05 0.000153902 0.000731539 0.00281639 0.0087826 0.0221843 0.0453932 0.0752486 0.10107 0.110019 0.0971278 0.0697083 0.041048 0.0206059 0.0102458 0.00717404 0.00807141 0.010882 0.0146435 0.0188517 0.023079 0.0268738 0.0298043 0.0315439 0.0319409 0.0310465 0.0290875 0.0263981 0.0233353 0.0202057 0.017224 0.0145064 0.0120907 0.00996793 0.00811145
 1.02604e-16 2.25974e-05 0.000132594 0.000630219 0.00242626 0.00756595 0.0191113 0.0391062 0.0648303 0.087088 0.0948289 0.0837883 0.060289 0.035812 0.0185524 0.0101707 0.00831404 0.0101598 0.0139374 0.0187646 0.0240916 0.0293798 0.0340413 0.037517 0.039393 0.039494 0.0379174 0.0349948 0.0311977 0.0270214 0.0228842 0.0190705 0.0157216 0.0128639 0.010455 0.00842631
 1.04314e-16 1.46575e-05 8.59709e-05 0.000408549 0.00157274 0.00490425 0.0123882 0.025351 0.0420339 0.056486 0.0615623 0.0545266 0.0395214 0.0240537 0.0135241 0.00911634 0.00941484 0.0126744 0.0177719 0.0240671 0.0310245 0.0380132 0.0443068 0.0491993 0.0521528 0.0529137 0.0515591 0.0484515 0.0441297 0.0391704 0.0340699 0.029177 0.024683 0.0206541 0.0170829 0.0139342
 1.07222e-16 1.39319e-05 8.17206e-05 0.000388363 0.00149505 0.00466203 0.0117762 0.0240981 0.0399543 0.0536852 0.0584929 0.0517682 0.0374361 0.0226142 0.0124131 0.00793293 0.00780857 0.0103786 0.0146027 0.0199394 0.0259891 0.0322925 0.0383078 0.043485 0.0473714 0.0496978 0.0504154 0.0496723 0.0477437 0.0449463 0.0415664 0.0378228 0.0338672 0.0298065 0.0257325 0.0217415
 1.06582e-16 2.19789e-05 0.000128974 0.000613034 0.00236013 0.00735977 0.0185903 0.0380394 0.063059 0.0846997 0.0922051 0.0814148 0.0584614 0.0344871 0.0174298 0.00886755 0.00647962 0.00750892 0.010259 0.0139489 0.0181775 0.0225996 0.0268384 0.0305185 0.0333353 0.0351118 0.035823 0.0355746 0.0345531 0.0329633 0.0309789 0.0287199 0.0262571 0.0236337 0.0208918 0.018089
 1.044e-16 2.20871e-05 0.000129601 0.000615996 0.0023715 0.00739521 0.01868 0.0382235 0.0633665 0.0851201 0.0926821 0.081882 0.0588968 0.0349441 0.0180282 0.00976603 0.00785273 0.00952836 0.0130683 0.0176257 0.02269 0.02777 0.0323307 0.0358609 0.0379794 0.0385182 0.0375538 0.0353697 0.0323717 0.0289818 0.0255497 0.0223047 0.0193519 0.0167024 0.0143177 0.0121487
 1.02844e-16 2.61417e-05 0.00015341 0.0007292 0.00280739 0.00875451 0.0221133 0.045248 0.075008 0.100747 0.109668 0.0968178 0.0694868 0.0409194 0.0205447 0.0102206 0.00716262 0.00806186 0.0108686 0.0146227 0.0188208 0.0230355 0.0268168 0.0297353 0.0314677 0.0318669 0.0309886 0.029063 0.0264261 0.0234338 0.0203883 0.0174974 0.0148681 0.0125292 0.0104636 0.00863943
 1.0224e-16 2.51454e-05 0.000147557 0.000701362 0.00270019 0.00842021 0.021269 0.0435207 0.0721463 0.0969081 0.105502 0.0931709 0.0669364 0.039552 0.0201066 0.0104101 0.00780572 0.00912412 0.0123895 0.0166493 0.0213619 0.0260347 0.0301424 0.0331876 0.0348036 0.0348372 0.0333794 0.0307297 0.0273124 0.0235722 0.0198841 0.0165019 0.0135502 0.0110496 0.00895818 0.00720991
 1.02856e-16 2.06264e-05 0.00012102 0.000575191 0.00221438 0.0069052 0.0174423 0.0356915 0.0591713 0.0794916 0.0865715 0.0765262 0.0551378 0.032901 0.0173183 0.00993286 0.00862531 0.0108412 0.0149708 0.0201907 0.0259525 0.0316907 0.036779 0.0406168 0.0427557 0.0429984 0.041437 0.0384127 0.0344178 0.0299733 0.0255231 0.0213738 0.0176845 0.0144957 0.0117757 0.0094644
 1.03637e-16 2.19494e-05 0.000128793 0.000612159 0.00235673 0.00734915 0.0185636 0.0379853 0.0629714 0.0845887 0.0921014 0.0813642 0.0585143 0.0346971 0.0178652 0.00962328 0.0076806 0.00929712 0.0127663 0.0172596 0.0222869 0.0273793 0.0320211 0.0357108 0.0380613 0.0388809 0.0382061 0.0362717 0.033436 0.0300861 0.0265581 0.023091 0.019822 0.0168078 0.0140599 0.0115742
 1.03978e-16 2.05933e-05 0.000120829 0.000574289 0.00221092 0.00689442 0.017415 0.0356355 0.0590775 0.0793628 0.0864241 0.0763788 0.0549943 0.032741 0.017099 0.00959684 0.008108 0.0100772 0.0139034 0.0187863 0.0242169 0.029684 0.0346206 0.0384797 0.0408458 0.0415247 0.0405775 0.0382859 0.0350647 0.0313547 0.0275308 0.0238513 0.020452 0.0173734 0.0146034 0.0121136
 1.0331e-16 2.57669e-05 0.000151211 0.000718747 0.00276715 0.00862902 0.0217964 0.0445993 0.0739324 0.0993015 0.108092 0.0954226 0.0684757 0.0403045 0.0202006 0.00999284 0.00693521 0.00776748 0.0104745 0.0141203 0.0182244 0.0223848 0.0261772 0.0291928 0.0311179 0.0317993 0.0312704 0.0297264 0.0274613 0.0247904 0.0219841 0.0192316 0.0166364 0.0142368 0.0120351 0.0100235
 1.02709e-16 2.40454e-05 0.000141098 0.000670654 0.00258195 0.00805148 0.0203376 0.0416152 0.0689882 0.0926684 0.100892 0.0891149 0.0640545 0.0379138 0.0193933 0.0102359 0.00791343 0.00940495 0.0128243 0.0172537 0.022156 0.0270304 0.0313372 0.0345645 0.0363332 0.0364824 0.035101 0.0324909 0.0290816 0.0253225 0.0215923 0.0181462 0.0151089 0.012501 0.0102821 0.00838991
 1.03285e-16 2.02112e-05 0.000118583 0.000563606 0.00216977 0.00676611 0.017091 0.0349726 0.0579795 0.0778908 0.0848287 0.0749871 0.0540319 0.0322476 0.0169865 0.00976276 0.00850223 0.0107052 0.014798 0.019978 0.0257114 0.031447 0.0365719 0.0404962 0.0427755 0.0432082 0.0418732 0.0390912 0.0353302 0.0310875 0.026788 0.0227267 0.0190593 0.015831 0.0130206 0.0105821
 1.03538e-16 2.39254e-05 0.000140397 0.000667333 0.00256918 0.00801167 0.020237 0.041409 0.0686451 0.092204 0.100377 0.0886372 0.0636619 0.0375832 0.0190447 0.00976583 0.00721843 0.00839274 0.0114237 0.0154308 0.0199353 0.024511 0.0286983 0.0320511 0.034224 0.0350439 0.034539 0.0329129 0.0304776 0.0275707 0.0244851 0.0214286 0.0185208 0.015812 0.0133152 0.0110314
 1.03222e-16 2.30809e-05 0.000135436 0.000643735 0.00247831 0.00772827 0.0195212 0.0399448 0.0662195 0.0889509 0.0968487 0.0855523 0.0615136 0.0364498 0.0187188 0.0100013 0.00787974 0.00946234 0.0129438 0.0174428 0.0224373 0.0274324 0.0318914 0.035301 0.0372775 0.0376506 0.0364956 0.0340978 0.0308689 0.0272425 0.0235846 0.0201437 0.0170447 0.014315 0.0119264 0.00983213
 1.05043e-16 1.1032e-05 6.46806e-05 0.000307319 0.00118296 0.00368872 0.00931793 0.0190695 0.0316241 0.0425136 0.0463775 0.0411799 0.030071 0.0187472 0.0113393 0.00881965 0.0102059 0.0142461 0.020107 0.027244 0.0351032 0.0429794 0.0500503 0.0555168 0.0587738 0.0595425 0.0579212 0.0543337 0.0494019 0.0437869 0.0380534 0.0325924 0.0276111 0.0231713 0.01925 0.0157947
 1.08602e-16 1.45008e-05 8.50679e-05 0.000404292 0.00155641 0.00485338 0.0122595 0.0250863 0.0415902 0.0558753 0.0608585 0.0538128 0.0388081 0.0232308 0.0123703 0.0073363 0.00667531 0.00864038 0.0121603 0.0167252 0.0220183 0.0276997 0.0333586 0.0385582 0.0429109 0.046142 0.048122 0.0488561 0.0484449 0.0470334 0.0447715 0.0417964 0.038238 0.0342332 0.0299393 0.0255347
 1.07678e-16 2.02508e-05 0.000118827 0.000564789 0.00217437 0.00678047 0.0171271 0.0350457 0.0580975 0.0780396 0.0849654 0.0750474 0.0539439 0.0319322 0.0163424 0.00864811 0.00673178 0.00806869 0.0110999 0.0150926 0.019644 0.0243847 0.0289067 0.032807 0.0357641 0.0376005 0.0383065 0.0380146 0.0369407 0.0353128 0.0333152 0.0310638 0.0286132 0.0259847 0.0231995 0.0203011
pSPR Fmed_Fpbrs
0.37029   0.255252 0.255252
Fs Fmed_Fpbrs
0.64   1.005 1.005
SSBpbr Bo_Bmed_Bpbrs
1.77714e+06  569199  364762 364762
Ro
43063.6
SPR SPRFo_SPRFmed_SPRFpbrs
889445 329352 227033
log_Ro
10.4904
likeval ReclasPelacesDesembMPH_pf_preclas_ppelaces_ptallas_desvR_qrecl_qpela
 115.351 82.6686 0.0041326 0.00241726 365.127 224.823 58.6377 0 14.8158 0 0 0 0 0 0
q_reclas_q_pelaces
1 1
M
0.7
N
 42464.7 19181.6 7197.9 855.681 0.282884
 44698.9 18144.7 7052.39 2646.4 314.707
 23030.2 18924.2 6549.36 2545.57 1068.82
 26427.3 8124.5 4742.64 1641.35 905.81
 53024 12054 3403.75 1986.92 1067.13
 41127.2 25878.5 5781.89 1632.66 1464.92
 80904.3 16524.6 8412.92 1879.65 1007
 88110.7 35686.2 6474.32 3296.18 1130.99
 132209 35784.3 11853.2 2150.45 1470.48
 138833 54482.6 12237.5 4053.53 1238.28
 71564.9 60593.4 20899.3 4694.24 2029.92
 40482.3 27309.9 17769.4 6128.86 1971.9
 47264.1 15664.8 8234.71 5357.97 2442.6
 28358.2 16197.7 3704.91 1947.6 1844.92
 20177.1 7371.98 2204.3 504.189 516.112
 17043.3 5824.34 1236.99 369.873 171.203
 13994.4 6711.38 1818.72 386.266 168.958
 16254.9 5796.65 2318.82 628.379 191.832
 17143 7104.94 2230.16 892.122 315.561
 31039.6 7606.32 2816.7 884.13 478.778
 43648.9 13824.3 3038.36 1125.14 544.416
 47307.6 20642.4 6226.2 1368.41 751.933
 78494.8 21997.9 8988.05 2710.99 923.235
 106515 35928.3 9280.65 3791.96 1533.24
 44823.5 49056.6 15346.7 3964.21 2274.65
 47358.3 20675.4 21018.5 6575.37 2673.07
 67662.1 21695.3 8737.7 8882.68 3908.5
pred_Ctot
 4298.67 3643.76 1367.32 162.546 0.0537367
 4783.23 3630.04 1410.91 529.441 62.9604
 4891.56 7008.03 2425.36 942.678 395.805
 1556.41 922.477 538.492 186.363 102.848
 655.91 295.951 83.5692 48.7832 26.2003
 5715.36 6584.99 1471.25 415.444 372.762
 6546.64 2542.1 1294.22 289.16 154.915
 11677.1 8696.39 1577.73 803.248 275.612
 16352.3 8185.57 2711.38 491.909 336.37
 12181.3 9048.6 2032.42 673.219 205.656
 12098.1 18387.2 6341.95 1424.48 615.983
 6520.25 7937.73 5164.75 1781.38 573.14
 10759.3 6153.19 3234.61 2104.62 959.46
 10082.1 9082.12 2077.35 1092.02 1034.45
 6266.72 3729.12 1115.05 255.045 261.076
 2571.53 1596.56 339.081 101.389 46.9297
 1686.97 1499.31 406.301 86.2912 37.7449
 1410.79 952.881 381.178 103.296 31.5343
 1321.59 1043.87 327.658 131.072 46.3627
 2316.37 1083.48 401.226 125.94 68.1997
 1500.29 930.303 204.465 75.7156 36.6362
 2172.44 1842.53 555.749 122.144 67.1173
 4439.44 2402.13 981.48 296.036 100.816
 5581.4 3644.5 941.41 384.648 155.529
 2302.68 4881.74 1527.19 394.489 226.356
 2651.28 2235.63 2272.73 710.994 289.038
 5576.65 3396.18 1367.8 1390.5 611.838
F
 0.150294 0.300587 0.300587 0.300587 0.300587
 0.159506 0.319012 0.319012 0.319012 0.319012
 0.341924 0.683849 0.683849 0.683849 0.683849
 0.0850036 0.170007 0.170007 0.170007 0.170007
 0.0173327 0.0346654 0.0346654 0.0346654 0.0346654
 0.211822 0.423644 0.423644 0.423644 0.423644
 0.118502 0.237005 0.237005 0.237005 0.237005
 0.201084 0.402168 0.402168 0.402168 0.402168
 0.186504 0.373009 0.373009 0.373009 0.373009
 0.129083 0.258166 0.258166 0.258166 0.258166
 0.263354 0.526708 0.526708 0.526708 0.526708
 0.249446 0.498893 0.498893 0.498893 0.498893
 0.370881 0.741762 0.741762 0.741762 0.741762
 0.64723 1.29446 1.29446 1.29446 1.29446
 0.542503 1.08501 1.08501 1.08501 1.08501
 0.231955 0.463911 0.463911 0.463911 0.463911
 0.181374 0.362748 0.362748 0.362748 0.362748
 0.127604 0.255209 0.255209 0.255209 0.255209
 0.112612 0.225223 0.225223 0.225223 0.225223
 0.108831 0.217662 0.217662 0.217662 0.217662
 0.0488323 0.0976646 0.0976646 0.0976646 0.0976646
 0.0657256 0.131451 0.131451 0.131451 0.131451
 0.0815065 0.163013 0.163013 0.163013 0.163013
 0.0753123 0.150625 0.150625 0.150625 0.150625
 0.0737858 0.147572 0.147572 0.147572 0.147572
 0.0806497 0.161299 0.161299 0.161299 0.161299
 0.120821 0.241642 0.241642 0.241642 0.241642
Np
 34635.4 10405.9 5412.46 1537.95 731.996
YTP_r0W_actual
 162194 226013 132325 171792 83885.4
YTP_p0W_proyectada
 83024.9 310196 128133 65903.3 103343
 83024.9 108405 81967.3 29744.2 15710.3
CTP_r0_actual
 19779.7 10463.6 4214.18 4284.1 1885.06
CTP_p0_proyectada
 10125 14360.9 4080.66 1643.47 2322.31
 10125 5018.76 2610.42 741.751 353.041
Wmedp
 8.2 21.6 31.4 40.1 44.5
nmprior
 10.8 10.6 4.6 0
nm_flota  nm_reclas  nm_pelaces    nm_pelaL
inf 15.1375 11.5645 30.7879
cv_recla  cv_pelaces  cv_mph
0.930125 0.996004 1.31401
 ------------------------------------------------
Talla a la edad & desviaci?n 
 7.2 14.2025 17.0495 18.207 18.6776
 1.08 2.13037 2.55742 2.73105 2.80164
