years
 1997 1998 1999 2000 2001 2002 2003 2004 2005 2006 2007 2008 2009 2010 2011 2012 2013 2014 2015 2016 2017 2018 2019 2020 2021 2022 2023
reclasobs
 0 0 0 370054 412103 1.49427e+06 250295 1.28982e+06 931140 785840 897777 1.04006e+06 184774 17550 25797 100020 73551 82996 120727 218422 84188 347160 605670 569463 516374 1.08416e+06 1.01767e+06
reclaspred
 475973 122933 327590 226524 353061 428328 927091 633779 722390 716003 585933 396022 249790 105440 63598.8 62938.7 76885.2 103988 112537 159291 231517 213218 374239 523302 649214 619473 562440
pelacesobs
 0 0 0 0 0 0 0 0 0 2.06254e+06 1.5e+06 0 1.87456e+06 323000 250000 174000 83755 137374 0 501740 490994 745055 786931 1.00524e+06 1.33801e+06 1.41789e+06 0
pelacespred
 2.00605e+06 425573 712173 757403 1.03839e+06 973667 2.59284e+06 2.08214e+06 2.18021e+06 2.14609e+06 1.51753e+06 1.06568e+06 676748 222809 140606 148292 189612 267008 286002 407235 673437 582460 846317 1.33878e+06 1.61606e+06 1.70296e+06 1.46939e+06
mphobs
 0 0 0 0 0 112323 0 153150 637223 0 255016 313432 73983 77613 109348 50772 17779 17303 59886 28197 0 207744 136588 643089 65757 70829 0
mphpred
 274660 154911 173818 179866 201267 331210 480990 572731 497410 525692 532180 367661 227344 121147 50484.6 40657.4 49220.3 65181 82348 95841.3 145039 171840 216174 316797 484226 503803 433763
desembarqueobs
 350755 77701 442110 56441 14545 235359 269955 359681 431902 328805 639364 411747 362871 311530 167758 66681 60226 58785 57116 73181 50977 67692 138656 160484 209506 203330 245020
desembarquepred
 350765 77696.8 442096 56443.4 14544.9 235396 270012 359643 431909 328798 639369 411847 363022 311678 167619 66679.2 60244.4 58777 57102.1 73179.3 50979 67680.6 138663 160481 209488 203317 244998
Reclutas
 40191.5 49262.5 25557.3 40808.6 71142.6 52270.1 83898.7 86482.9 110053 122839 65161.7 44186.7 47726.9 23883.2 15041.2 15449.7 11017.3 13164.9 14701 24324.3 29297 39051.2 65797.9 93533.2 39375.5 57028.9 67717.5
log_desv_Rt
 -0.016388 0.187119 -0.469123 -0.00115196 0.554641 0.24638 0.719565 0.749902 0.990918 1.10083 0.466827 0.0783785 0.155451 -0.536868 -0.99925 -0.972453 -1.31058 -1.13249 -1.02213 -0.51857 -0.332558 -0.045172 0.476543 0.828272 -0.0369011 0.333514 0.505301
SSB
 532682 300439 337107 348837 390343 642356 932844 1.11077e+06 964689 1.01954e+06 1.03212e+06 713051 440916 234956 97911.2 78852 95459.1 126414 159708 185877 281293 333270 419253 614405 939119 977089 841252
BT
 1.74006e+06 442553 757807 611148 766885 893849 2.06882e+06 1.91986e+06 1.98031e+06 1.87562e+06 1.67459e+06 1.15063e+06 842919 452520 239402 162016 185766 241261 256258 354779 531355 487469 710840 1.10249e+06 1.33605e+06 1.41615e+06 1.27788e+06
Ftot
 0.600754 0.53837 0.893673 0.19443 0.0353631 0.3377 0.218751 0.429317 0.47971 0.356369 0.689585 0.651772 1.04788 1.88109 2.11213 0.867631 0.605238 0.435314 0.351265 0.363495 0.165104 0.218009 0.25887 0.237118 0.194117 0.206487 0.286189
BD_Bspro_t
 0.927903 0.683814 0.613245 0.441516 0.59657 0.758716 0.712137 0.721299 0.659924 0.628382 0.602982 0.439271 0.330199 0.231553 0.123937 0.123368 0.194523 0.312686 0.42246 0.519961 0.645605 0.738707 0.749873 0.763052 0.785057 0.739861 0.708698
BD_Bspro
 0.631258 0.356037 0.399491 0.413392 0.462578 0.761228 1.10547 1.31632 1.14321 1.20821 1.22313 0.845006 0.52251 0.278436 0.11603 0.093444 0.113124 0.149807 0.189263 0.220275 0.333348 0.394944 0.496839 0.728104 1.11291 1.15791 0.996931
BD_Bo
 0.409023 0.230693 0.258849 0.267857 0.299727 0.493237 0.716289 0.85291 0.740742 0.78286 0.792522 0.547521 0.33856 0.180412 0.0751816 0.0605469 0.0732988 0.0970674 0.122632 0.142727 0.215992 0.255903 0.321926 0.471774 0.721108 0.750263 0.64596
BD_Brms
 1.38125 0.779038 0.874119 0.904537 1.01216 1.66563 2.41887 2.88023 2.50144 2.64367 2.6763 1.84895 1.1433 0.609242 0.253884 0.204463 0.247526 0.327791 0.414123 0.48198 0.729393 0.86417 1.08712 1.59315 2.43514 2.5336 2.18137
S_f
 0.158664 0.999997 1 1 1
 0.158664 0.999997 1 1 1
 0.158664 0.999997 1 1 1
 0.158664 0.999997 1 1 1
 0.158664 0.999997 1 1 1
 0.158664 0.999997 1 1 1
 0.158664 0.999997 1 1 1
 0.158664 0.999997 1 1 1
 0.158664 0.999997 1 1 1
 0.158664 0.999997 1 1 1
 0.158664 0.999997 1 1 1
 0.158664 0.999997 1 1 1
 0.158664 0.999997 1 1 1
 0.158664 0.999997 1 1 1
 0.158664 0.999997 1 1 1
 0.158664 0.999997 1 1 1
 0.158664 0.999997 1 1 1
 0.158664 0.999997 1 1 1
 0.158664 0.999997 1 1 1
 0.158664 0.999997 1 1 1
 0.158664 0.999997 1 1 1
 0.158664 0.999997 1 1 1
 0.158664 0.999997 1 1 1
 0.158664 0.999997 1 1 1
 0.158664 0.999997 1 1 1
 0.158664 0.999997 1 1 1
 0.158664 0.999997 1 1 1
Scru_reclas
 0.853724 1 1 1 1
 0.853724 1 1 1 1
 0.853724 1 1 1 1
 0.853724 1 1 1 1
 0.853724 1 1 1 1
 0.853724 1 1 1 1
 0.853724 1 1 1 1
 0.853724 1 1 1 1
 0.853724 1 1 1 1
 0.853724 1 1 1 1
 0.853724 1 1 1 1
 0.853724 1 1 1 1
 0.853724 1 1 1 1
 0.853724 1 1 1 1
 0.853724 1 1 1 1
 0.853724 1 1 1 1
 0.853724 1 1 1 1
 0.853724 1 1 1 1
 0.853724 1 1 1 1
 0.853724 1 1 1 1
 0.853724 1 1 1 1
 0.853724 1 1 1 1
 0.853724 1 1 1 1
 0.853724 1 1 1 1
 0.853724 1 1 1 1
 0.853724 1 1 1 1
 0.853724 1 1 1 1
Scru_pelaces
 1 1 1 1 1
 1 1 1 1 1
 1 1 1 1 1
 1 1 1 1 1
 1 1 1 1 1
 1 1 1 1 1
 1 1 1 1 1
 1 1 1 1 1
 1 1 1 1 1
 1 1 1 1 1
 1 1 1 1 1
 1 1 1 1 1
 1 1 1 1 1
 1 1 1 1 1
 1 1 1 1 1
 1 1 1 1 1
 1 1 1 1 1
 1 1 1 1 1
 1 1 1 1 1
 1 1 1 1 1
 1 1 1 1 1
 1 1 1 1 1
 1 1 1 1 1
 1 1 1 1 1
 1 1 1 1 1
 1 1 1 1 1
 1 1 1 1 1
pf_obs 
 0.256992 0.487395 0.22802 0.0275931 0
 0.321318 0.546541 0.124235 0.00734118 0.000564706
 0.182869 0.594174 0.210203 0.0122559 0.00049798
 0.330522 0.361315 0.267642 0.0388342 0.00168674
 0.649043 0.306663 0.0425973 0.00169635 0
 0.582887 0.30429 0.105238 0.00758474 0
 0.465427 0.430635 0.0974691 0.00646863 0
 0.296916 0.608066 0.0921331 0.00288517 0
 0.311714 0.524322 0.152257 0.0117073 0
 0.15457 0.633149 0.183074 0.0267441 0.00246327
 0.131901 0.49318 0.331252 0.0422183 0.00144891
 0.196976 0.569456 0.194076 0.0375587 0.00193317
 0.518974 0.381816 0.0799577 0.0180837 0.00116848
 0.0928022 0.601141 0.25162 0.0475244 0.00691264
 0.122501 0.610282 0.24278 0.0234846 0.000952079
 0.383417 0.481906 0.127806 0.00687128 0
 0.0376549 0.599619 0.316969 0.0457579 0
 0.0361596 0.667082 0.258105 0.0386534 0
 0.158088 0.579412 0.248529 0.0139706 0
 0.0477256 0.309471 0.559284 0.082774 0.000745712
 0.0406174 0.521527 0.379366 0.0568643 0.0016247
 0.151134 0.462217 0.34131 0.0453401 0
 0.294876 0.26143 0.354403 0.0886775 0.000613685
 0.281977 0.475581 0.204845 0.0348837 0.00271318
 0.0841818 0.532909 0.334909 0.0458182 0.00218182
 0.115287 0.27431 0.454777 0.147771 0.00785563
 0 0 0 0 0
pf_pred 
 0.312385 0.484115 0.181929 0.0215597 1.06614e-05
 0.292326 0.561754 0.102735 0.0386076 0.0045775
 0.158603 0.649738 0.15214 0.0278237 0.0116958
 0.291126 0.461335 0.191153 0.0447592 0.0116265
 0.300927 0.517021 0.11848 0.0490915 0.0144809
 0.163584 0.613882 0.164582 0.0377153 0.0202368
 0.2575 0.439542 0.222354 0.059613 0.0209907
 0.219512 0.552719 0.134834 0.0682089 0.0247259
 0.261272 0.506718 0.164303 0.040081 0.027626
 0.243952 0.557986 0.135858 0.0440517 0.0181531
 0.138625 0.60921 0.186106 0.0453126 0.0207471
 0.151248 0.499197 0.247224 0.0755233 0.0268076
 0.247774 0.457289 0.173469 0.0859087 0.0355593
 0.206381 0.618848 0.106246 0.0403032 0.0282215
 0.292704 0.57909 0.0999726 0.0171635 0.0110698
 0.354464 0.575927 0.0569912 0.00983873 0.00277856
 0.213859 0.662411 0.110388 0.0109235 0.00241835
 0.255029 0.519942 0.189612 0.031598 0.00381902
 0.239723 0.552914 0.144726 0.0527784 0.00985831
 0.308835 0.485146 0.149829 0.0392177 0.0169732
 0.250182 0.577741 0.120785 0.0373022 0.0139896
 0.2474 0.522783 0.177076 0.0370201 0.0157207
 0.298993 0.48854 0.147588 0.0499903 0.0148893
 0.279634 0.542211 0.124158 0.0375081 0.0164885
 0.0989578 0.660163 0.181307 0.0415165 0.0180556
 0.181701 0.353183 0.340775 0.0935901 0.0307509
 0.20876 0.480278 0.134213 0.129498 0.0472507
pobs_RECLAS
 0 0 0 0 0
 0 0 0 0 0
 0 0 0 0 0
 0 0 0 0 0
 0.835266 0.146461 0.0176864 0.000547809 3.91292e-05
 0.385257 0.428462 0.181853 0.0044286 0
 0.867414 0.0963971 0.0333333 0.00285562 0
 0.441836 0.489002 0.0689373 0.000224442 0
 0.779404 0.147425 0.0564933 0.0165055 0.000172143
 0.814271 0.122319 0.05973 0.00367925 0
 0.40263 0.566651 0.0304383 0.000280538 0
 0.475488 0.404961 0.113038 0.00651328 0
 0.955842 0.0263864 0.0167828 0.000988607 0
 0.975058 0.0227948 0.00214734 0 0
 0.738997 0.206755 0.0527124 0.00153531 0
 0.850938 0.134255 0.0134407 0.00136685 0
 0.542534 0.407297 0.0501686 0 0
 0.764087 0.199537 0.0359546 0.000420521 0
 0.470689 0.182191 0.310203 0.0369168 0
 0.84361 0.089868 0.0606195 0.00523954 0.000663233
 0.607945 0.314616 0.071237 0.00620181 0
 0.523733 0.453247 0.0230204 0 0
 0.530135 0.295979 0.169645 0.0042399 0
 0.562478 0.366248 0.0663022 0.0049721 0
 0.250443 0.683176 0.0655157 0.000865301 0
 0.195077 0.31981 0.436473 0.0351445 0.0134964
 0.565238 0.351407 0.0832357 0.000118908 0
ppred_RECLAS
 0.718521 0.198175 0.0744736 0.00882557 4.36427e-06
 0.697671 0.23999 0.04389 0.0164937 0.00195557
 0.522105 0.369038 0.0864118 0.0158032 0.00664292
 0.690799 0.201229 0.0833781 0.0195233 0.00507134
 0.698823 0.222745 0.0510437 0.0211497 0.00623869
 0.517977 0.353778 0.0948479 0.0217351 0.0116624
 0.653929 0.204866 0.103637 0.0277849 0.00978354
 0.608838 0.27701 0.0675755 0.0341847 0.012392
 0.662802 0.231295 0.0749972 0.0182952 0.0126101
 0.63969 0.265919 0.0647456 0.0209937 0.00865119
 0.477044 0.369862 0.112988 0.02751 0.0125959
 0.501558 0.293161 0.145186 0.0443521 0.0157431
 0.660479 0.2064 0.0782958 0.0387753 0.0160499
 0.636074 0.283783 0.0487206 0.0184816 0.0129414
 0.74392 0.209662 0.0361954 0.0062141 0.00400787
 0.76036 0.2138 0.0211566 0.00365239 0.00103147
 0.604617 0.333154 0.0555188 0.00549386 0.00121629
 0.654633 0.241044 0.0879036 0.0146488 0.00177049
 0.634267 0.265981 0.0696206 0.0253891 0.00474235
 0.710976 0.202873 0.0626536 0.0163996 0.00709767
 0.644348 0.274033 0.0572904 0.017693 0.0066355
 0.641706 0.248884 0.084301 0.0176243 0.00748422
 0.699719 0.209269 0.0632201 0.0214136 0.00637791
 0.679244 0.24143 0.0552836 0.0167011 0.00734181
 0.373998 0.458651 0.125964 0.0288437 0.0125441
 0.547281 0.195397 0.188532 0.0517782 0.0170127
 0.590869 0.248341 0.0693983 0.06696 0.0244322
pobs_PELACES
 0 0 0 0 0
 0 0 0 0 0
 0 0 0 0 0
 0 0 0 0 0
 0 0 0 0 0
 0 0 0 0 0
 0 0 0 0 0
 0 0 0 0 0
 0 0 0 0 0
 0 0 0 0 0
 0.450072 0.473896 0.0757376 0.000293798 0
 0 0 0 0 0
 0.463077 0.371075 0.160297 0.00555027 0
 0.529543 0.364841 0.0842815 0.0213345 0
 0.631943 0.363953 0.00410389 0 0
 0.735681 0.248677 0.0153453 0.000297389 0
 0.695825 0.281241 0.0229344 0 0
 0.275771 0.60734 0.115278 0.00161068 0
 0 0 0 0 0
 0.896147 0.0623911 0.0374545 0.00400742 0
 0.803859 0.145111 0.0509908 3.86294e-05 0
 0.739449 0.233085 0.0266225 0.000797448 4.60066e-05
 0.878498 0.100942 0.0204185 0.000141795 0
 0.694673 0.275183 0.0284847 0.00165964 0
 0.469039 0.446079 0.0841089 0.000773354 0
 0.822795 0.102175 0.0682046 0.00682512 0
 0 0 0 0 0
ppred_PELACES
 0.779384 0.155325 0.0583705 0.00691726 3.42061e-06
 0.758386 0.191794 0.0350758 0.0131813 0.00156284
 0.621223 0.292497 0.0684894 0.0125255 0.00526513
 0.73419 0.17299 0.0716774 0.0167836 0.00435966
 0.732955 0.197502 0.0452591 0.0187529 0.00553167
 0.580261 0.308065 0.0825922 0.0189266 0.0101554
 0.701664 0.176608 0.0893414 0.0239524 0.00843404
 0.672557 0.231886 0.0565676 0.0286161 0.0103734
 0.724549 0.188941 0.0612638 0.014945 0.0103009
 0.696589 0.223926 0.0545211 0.0176784 0.00728501
 0.564074 0.30831 0.0941843 0.0229318 0.0104997
 0.585486 0.243799 0.120739 0.036884 0.0130923
 0.752969 0.150174 0.0569669 0.0282123 0.0116776
 0.775351 0.175177 0.0300748 0.0114085 0.00798861
 0.859483 0.115046 0.0198612 0.00340981 0.0021992
 0.825446 0.155732 0.0154104 0.0026604 0.000751325
 0.67938 0.270158 0.0450207 0.00445502 0.000986298
 0.714731 0.1991 0.0726072 0.0120997 0.0014624
 0.691308 0.224498 0.0587624 0.0214293 0.00400272
 0.761187 0.167629 0.0517691 0.0135506 0.00586462
 0.689605 0.239162 0.0500001 0.0154416 0.00579113
 0.690285 0.215139 0.0728711 0.0152347 0.00646947
 0.745732 0.177202 0.0535325 0.0181323 0.00540059
 0.725972 0.206258 0.0472299 0.0142681 0.00627225
 0.424809 0.421423 0.115739 0.0265025 0.011526
 0.599928 0.172674 0.166607 0.0457568 0.0150343
 0.646836 0.214369 0.0599048 0.0578001 0.0210899
pobs_pel_tallas
 0 0 0 0 0 0 0 0 0 0 0 0 0 0 0 0 0 0 0 0 0 0 0 0 0 0 0 0 0 0 0 0 0 0 0 0
 0 0 0 0 0 0 0 0 0 0 0 0 0 0 0 0 0 0 0 0 0 0 0 0 0 0 0 0 0 0 0 0 0 0 0 0
 0 0 0 0 0 0 0 0 0 0 0 0 0 0 0 0 0 0 0 0 0 0 0 0 0 0 0 0 0 0 0 0 0 0 0 0
 0 0 0 0 0 0 0 0 0 0 0 0 0 0 0 0 0 0 0 0 0 0 0 0 0 0 0 0 0 0 0 0 0 0 0 0
 0 0 0 0 0 0 0 0 0 0 0 0 0 0 0 0 0 0 0 0 0 0 0 0 0 0 0 0 0 0 0 0 0 0 0 0
 0 0 0 0 0 0 0 0 0 0 0 0 0 0 0 0 0 0 0 0 0 0 0 0 0 0 0 0 0 0 0 0 0 0 0 0
 0 0 0 0 0 0 0 0 0 0 0 0 0 0 0 0 0 0 0 0 0 0 0 0 0 0 0 0 0 0 0 0 0 0 0 0
 0 0 0 0 0 0 0 0 0 0 0 0 0 0 0 0 0 0 0 0 0 0 0 0 0 0 0 0 0 0 0 0 0 0 0 0
 0 0 0 0 0 0 0 0 0 0 0 0 0 0 0 0 0 0 0 0 0 0 0 0 0 0 0 0 0 0 0 0 0 0 0 0
 0 0 0 0 0 0 0 0 0 0 0 0 0 0 0 0 0 0 0 0 0 0 0 0 0 0 0 0 0 0 0 0 0 0 0 0
 0 0 0 0 0 0 0 0 1.78061e-05 0.00172719 0.00360574 0.0105946 0.0120993 0.0124554 0.0147524 0.0171206 0.0266825 0.0428682 0.0675386 0.121331 0.153587 0.119568 0.100827 0.0573624 0.0630603 0.0341343 0.0324427 0.0444173 0.0211091 0.0280891 0.0125444 0.00206551 0 0 0 0
 0 0 0 0 0 0 0 0 0 0 0 0 0 0 0 0 0 0 0 0 0 0 0 0 0 0 0 0 0 0 0 0 0 0 0 0
 0 0 0 0 0 0 0.0133647 0.0140871 0.0187388 0.0205184 0.03894 0.0496705 0.03968 0.0493445 0.0407372 0.0367815 0.0215668 0.0243155 0.0234873 0.0199281 0.019796 0.0243948 0.0301388 0.0376714 0.0412746 0.0863199 0.0771752 0.113111 0.0741005 0.0525337 0.0229764 0.00759418 0.00175318 0 0 0
 0 0 0 0 0 0 0 0 0 0 0.00219441 0.00772107 0.0458388 0.0604681 0.0671733 0.0775358 0.0609151 0.0617685 0.073594 0.0568108 0.0755445 0.0548602 0.0670107 0.0636378 0.0643287 0.046367 0.0373049 0.0286899 0.0247887 0.0153202 0.00654259 0.00121912 0.000365735 0 0 0
 0 0 0 0 0 0 0 0 0 0 0 0 0.000112435 0.00938835 0.0111873 0.0202946 0.0414886 0.0713402 0.111592 0.104902 0.108894 0.110636 0.117776 0.105296 0.107544 0.0401394 0.0192827 0.0124803 0.00416011 0.0028671 0.000618394 0 0 0 0 0
 0 0 0 0 0 0 0 0 0 0 0.00291406 0.0102884 0.027416 0.0768956 0.0749926 0.110853 0.0956884 0.0897413 0.0766577 0.0534642 0.0500743 0.0551293 0.0594112 0.0620874 0.0668451 0.0424026 0.0208742 0.0120726 0.0048766 0.00582813 0.00118941 0.000297354 0 0 0 0
 0 0.00264628 0.0354308 0.0461629 0.0458689 0.0383711 0.0214643 0.0164657 0.0346957 0.0420465 0.0363128 0.0245516 0.0311673 0.0291091 0.0169068 0.0133784 0.00837989 0.0085269 0.0148486 0.0160247 0.0276389 0.0546898 0.0760071 0.122758 0.109233 0.0665981 0.0333725 0.0166128 0.00676272 0.00308733 0.000882094 0 0 0 0 0
 0 0 0 0 0 0 0 0.000805153 0.000690131 0.00759144 0.0133425 0.0154129 0.00931677 0.000345066 0.00356568 0.00563607 0.00851162 0.0253048 0.0502646 0.0516448 0.0657925 0.0565908 0.0611916 0.0827007 0.0866115 0.110766 0.145733 0.0935128 0.0569358 0.0249597 0.0138026 0.00621118 0.00161031 0.00115022 0 0
 0 0 0 0 0 0 0 0 0 0 0 0 0 0 0 0 0 0 0 0 0 0 0 0 0 0 0 0 0 0 0 0 0 0 0 0
 0.00147267 0.00158595 0.00478618 0.00569244 0.00954404 0.0108468 0.00647125 0.017049 0.0510054 0.094081 0.124002 0.0959785 0.0687766 0.0820023 0.061753 0.0591476 0.0492212 0.0479892 0.0443925 0.0268479 0.0217502 0.0140895 0.0121071 0.0120363 0.00920419 0.00665534 0.0049561 0.00860946 0.00930331 0.0156896 0.0114698 0.00855282 0.00243557 0.00046729 0 2.83206e-05
 0 0 0 0 0.000772559 0.00158375 0.000888443 0.00281984 0.00712685 0.0440552 0.0773331 0.111326 0.0921469 0.0852325 0.0710754 0.0886704 0.0786465 0.0553345 0.0373146 0.0185414 0.00753245 0.00457741 0.012979 0.0271748 0.0457355 0.0583668 0.034881 0.0177882 0.00938659 0.00492506 0.0015258 0.00185414 0.000309023 5.79419e-05 3.86279e-05 0
 0 0.00173294 0.00326652 0 0.00397197 0.00683976 0.00946217 0.0152591 0.00757587 0.0136028 0.0228656 0.0392903 0.0559909 0.0764795 0.0681675 0.0726916 0.0566044 0.0477403 0.0527397 0.0444891 0.0609904 0.0582453 0.0661739 0.0445044 0.0529084 0.0360697 0.0280645 0.0235558 0.0158879 0.00826598 0.00280645 0.00217768 0.000904811 0.00058276 9.20147e-05 0
 0 0 0 0 0 0 0 0 0 0 0 0 0 0 0 0 0 0 0 0 0 0 0 0 0 0 0 0 0 0 0 0 0 0 0 0
 0 0 0 0 0 0 0 0 0 0 0 0 0 0 0 0 0 0 0 0 0 0 0 0 0 0 0 0 0 0 0 0 0 0 0 0
 0 0 0 0 0 0 0 0 0 0 0 0 0 0 0 0 0 0 0 0 0 0 0 0 0 0 0 0 0 0 0 0 0 0 0 0
 0 0 0 0 0 0 0 0 0 0 0 0 0 0 0 0 0 0 0 0 0 0 0 0 0 0 0 0 0 0 0 0 0 0 0 0
 0 0 0 0 0 0 0 0 0 0 0 0 0 0 0 0 0 0 0 0 0 0 0 0 0 0 0 0 0 0 0 0 0 0 0 0
ppred_pel_tallas
 1.01118e-16 3.40039e-05 0.000199579 0.000948718 0.00365263 0.0113904 0.0287712 0.0588696 0.0975821 0.131048 0.1426 0.12577 0.0900008 0.0524652 0.0253505 0.0109772 0.00562414 0.00491415 0.00616565 0.00820271 0.010547 0.0129126 0.0150378 0.0166782 0.0176486 0.0178609 0.0173406 0.016212 0.0146611 0.0128887 0.01107 0.00933092 0.00774356 0.0063363 0.00511022 0.00405423
 1.01087e-16 3.30897e-05 0.000194209 0.00092318 0.00355429 0.0110837 0.0279966 0.057285 0.0949566 0.127525 0.138777 0.122419 0.08765 0.0511897 0.024911 0.0110877 0.00611351 0.00573721 0.00734521 0.00977122 0.012508 0.0152195 0.0175863 0.0193141 0.020188 0.020121 0.0191718 0.0175235 0.0154334 0.01317 0.0109595 0.0089546 0.00722901 0.00579285 0.00461716 0.00365764
 1.01744e-16 2.71129e-05 0.000159111 0.000756297 0.00291171 0.00907985 0.0229351 0.0469295 0.0777955 0.104491 0.113743 0.100415 0.0720683 0.0424382 0.0213037 0.0105903 0.00740687 0.00831673 0.0111866 0.0150111 0.0192564 0.0234672 0.0271667 0.0299044 0.0313476 0.0313558 0.0300088 0.0275755 0.024439 0.0210027 0.0176092 0.0144934 0.0117743 0.00947682 0.00756755 0.00598933
 1.01855e-16 3.20339e-05 0.000188012 0.000893724 0.00344088 0.0107301 0.0271033 0.055457 0.0919264 0.123455 0.134345 0.118506 0.0848391 0.04953 0.0240709 0.0106618 0.00581208 0.00541057 0.00693676 0.0092777 0.0119644 0.0146963 0.0171874 0.0191667 0.0204253 0.0208593 0.0204875 0.0194352 0.0178946 0.0160744 0.0141564 0.0122711 0.0104944 0.00885935 0.00737387 0.00603677
 1.0161e-16 3.1981e-05 0.000187699 0.000892232 0.00343513 0.0107121 0.027058 0.0553645 0.0917737 0.123252 0.13413 0.118328 0.0847381 0.0495244 0.024167 0.0108703 0.00615659 0.00592384 0.00764994 0.0102068 0.0130975 0.0159843 0.0185414 0.0204655 0.0215321 0.0216449 0.0208543 0.0193361 0.0173411 0.0151327 0.0129329 0.010892 0.00908434 0.00752397 0.00618925 0.00504597
 1.02398e-16 2.53274e-05 0.000148627 0.000706452 0.00271979 0.00848134 0.0214234 0.0438365 0.0726693 0.097609 0.106261 0.0938313 0.0673894 0.0397768 0.0201421 0.0103014 0.00757255 0.00876002 0.0118767 0.0159747 0.020529 0.0250719 0.0291049 0.0321535 0.0338636 0.0340796 0.0328738 0.0305152 0.0273913 0.0239116 0.0204247 0.0171702 0.0142715 0.0117591 0.00960691 0.00776792
 1.02543e-16 3.06158e-05 0.000179686 0.000854141 0.00328848 0.0102548 0.0259028 0.0530007 0.0878553 0.117989 0.128401 0.11327 0.0811088 0.0473889 0.0230995 0.010351 0.00581605 0.00557411 0.00722266 0.00970029 0.0125553 0.015491 0.0182186 0.0204606 0.0219978 0.0227129 0.0226086 0.021793 0.0204411 0.0187463 0.0168791 0.0149648 0.0130807 0.0112684 0.00955028 0.00794374
 1.02347e-16 2.93487e-05 0.000172243 0.000818742 0.00315216 0.0098297 0.0248291 0.0508043 0.0842161 0.113107 0.123102 0.10863 0.0778586 0.0456365 0.022518 0.0105504 0.00656701 0.00682278 0.00900851 0.0120731 0.0155194 0.0189733 0.0220583 0.0244193 0.025792 0.0260597 0.0252755 0.0236372 0.0214295 0.0189508 0.0164522 0.0141028 0.0119856 0.010117 0.00847521 0.00702701
 1.01927e-16 3.16142e-05 0.000185547 0.000881999 0.00339573 0.0105893 0.0267477 0.0547295 0.0907209 0.121838 0.132589 0.116967 0.0837583 0.0489416 0.0238641 0.0107041 0.00602338 0.0057684 0.0074499 0.00995976 0.0128165 0.015698 0.0182931 0.0203093 0.0215254 0.0218386 0.0212828 0.0200098 0.0182434 0.0162216 0.0141481 0.0121643 0.0103452 0.0087142 0.00726456 0.0059792
 1.01795e-16 3.03964e-05 0.000178394 0.000847987 0.00326477 0.0101808 0.0257161 0.052619 0.0872238 0.117145 0.127492 0.112494 0.0806065 0.0472033 0.023209 0.0107359 0.00649551 0.00660185 0.00866021 0.0115854 0.0148735 0.0181559 0.0210654 0.0232575 0.024477 0.0246131 0.0237216 0.0220006 0.0197337 0.0172193 0.01471 0.0123777 0.0103086 0.00852074 0.00699148 0.00568342
 1.02717e-16 2.46216e-05 0.000144483 0.000686753 0.00264394 0.00824481 0.0208259 0.0426141 0.0706432 0.0948885 0.103302 0.0912245 0.0655306 0.0387067 0.0196507 0.0101337 0.00755428 0.00881187 0.0119786 0.0161332 0.0207614 0.0253996 0.0295502 0.0327373 0.0346021 0.0349808 0.0339354 0.0317223 0.0287162 0.0253156 0.0218614 0.01859 0.0156269 0.0130091 0.0107212 0.00872818
 1.03673e-16 2.55527e-05 0.000149955 0.000712781 0.00274418 0.00855741 0.0216155 0.0442291 0.0733182 0.0984751 0.107189 0.0946168 0.0678789 0.0399163 0.0199383 0.00975355 0.00663465 0.00734824 0.00990199 0.0133824 0.0173365 0.0213953 0.0251688 0.0282757 0.0304149 0.031425 0.0313102 0.0302191 0.028392 0.0260935 0.0235559 0.0209483 0.0183744 0.0158886 0.0135204 0.0112934
 1.02373e-16 3.28518e-05 0.000192816 0.000916567 0.00352884 0.0110044 0.0277962 0.0568745 0.0942751 0.126607 0.137769 0.12151 0.0869549 0.0506954 0.0245067 0.0106326 0.00548094 0.0048267 0.00608431 0.00812391 0.0104904 0.0129147 0.0151504 0.0169652 0.0181805 0.0187062 0.0185557 0.0178315 0.0166905 0.0153005 0.0138042 0.0123004 0.0108422 0.00944987 0.00812774 0.00687805
 1.0125e-16 3.38287e-05 0.000198549 0.000943818 0.00363376 0.0113315 0.0286226 0.0585656 0.0970788 0.130374 0.141871 0.125137 0.0895694 0.0522576 0.0253316 0.0111066 0.0058862 0.00531772 0.00672864 0.00893524 0.0114383 0.0139232 0.016098 0.0176946 0.0185182 0.0184902 0.0176645 0.0162077 0.014353 0.0123426 0.0103793 0.00859785 0.00706117 0.00577467 0.00470943 0.00382422
 1.0054e-16 3.74948e-05 0.000220078 0.00104618 0.00402791 0.0125607 0.0317272 0.0649174 0.107605 0.144503 0.157227 0.138636 0.099131 0.0576335 0.0275584 0.0114357 0.00513156 0.00379471 0.00445847 0.00584005 0.00745477 0.00905777 0.0104492 0.0114511 0.0119351 0.0118506 0.011235 0.0102012 0.00890715 0.00751738 0.00617062 0.00496043 0.00393183 0.00309021 0.00241624 0.00188039
 1.00397e-16 3.60123e-05 0.000211371 0.00100478 0.00386847 0.0120635 0.0304714 0.0623482 0.103348 0.13879 0.151021 0.133189 0.0952912 0.0555117 0.026751 0.0114579 0.00568074 0.00477184 0.00588024 0.00775241 0.00987869 0.0119603 0.013732 0.0149551 0.0154602 0.0151861 0.014194 0.0126489 0.0107772 0.00881276 0.00695131 0.00532291 0.00398693 0.00294447 0.00215962 0.00158078
 1.00927e-16 2.96478e-05 0.000173995 0.000827065 0.0031842 0.00992958 0.0250815 0.0513209 0.0850734 0.114261 0.124366 0.109763 0.0787105 0.0462151 0.0229499 0.0109953 0.00716311 0.00767403 0.010187 0.0136149 0.0174114 0.0211399 0.0243549 0.0266418 0.0276998 0.0274117 0.0258694 0.0233431 0.0202099 0.0168635 0.0136363 0.0107537 0.00832507 0.0063641 0.00482384 0.00363103
 1.0158e-16 3.11865e-05 0.000183035 0.000870055 0.00334974 0.0104458 0.0263854 0.0539883 0.0894928 0.12019 0.130799 0.115395 0.0826495 0.0483274 0.0236278 0.0107054 0.0061749 0.00604237 0.0078532 0.0105095 0.0135248 0.016563 0.019295 0.0214092 0.0226691 0.0229626 0.0223226 0.0209078 0.0189554 0.0167206 0.0144252 0.0122274 0.0102167 0.00842682 0.00685788 0.0054955
 1.01831e-16 3.01661e-05 0.000177042 0.000841559 0.00324002 0.0101037 0.0255211 0.0522202 0.0865627 0.116257 0.126527 0.111644 0.080001 0.046856 0.0230521 0.0106869 0.00649866 0.00663251 0.00871309 0.0116637 0.0149835 0.0183041 0.0212578 0.0234986 0.0247686 0.0249539 0.0241064 0.0224203 0.0201758 0.0176688 0.0151503 0.0127928 0.0106845 0.00884696 0.00726197 0.00589681
 1.0153e-16 3.32108e-05 0.000194923 0.000926577 0.00356738 0.0111245 0.0280997 0.0574957 0.0953052 0.127992 0.139279 0.122849 0.0879303 0.0512979 0.0248608 0.0108921 0.00576464 0.00520824 0.00660436 0.0087984 0.0113095 0.0138384 0.0161062 0.0178527 0.0188826 0.0191063 0.0185566 0.0173716 0.0157539 0.0139186 0.0120499 0.0102755 0.00866324 0.00723339 0.00597821 0.00487974
 1.01589e-16 3.00924e-05 0.000176608 0.000839494 0.00323206 0.0100789 0.0254585 0.0520921 0.0863508 0.115974 0.126222 0.111382 0.0798306 0.0467902 0.0230827 0.0108058 0.00671078 0.00695416 0.00916361 0.0122553 0.0157123 0.019144 0.0221578 0.0243869 0.0255615 0.0255691 0.0244775 0.0225084 0.0199755 0.0172076 0.0144818 0.0119859 0.009812 0.00797533 0.00644439 0.00516983
 1.01931e-16 3.01212e-05 0.000176779 0.000840311 0.00323521 0.0100887 0.0254833 0.0521427 0.0864341 0.116084 0.126336 0.111471 0.0798683 0.0467598 0.0229709 0.0105932 0.00636784 0.00644523 0.00845625 0.0113325 0.0145849 0.0178596 0.0208035 0.0230825 0.0244431 0.0247672 0.0240927 0.0225928 0.020524 0.0181609 0.0157395 0.0134258 0.0113106 0.00942471 0.00776336 0.00630799
 1.01694e-16 3.25373e-05 0.000190968 0.000907773 0.00349498 0.0108988 0.0275294 0.0563289 0.0933715 0.125396 0.136457 0.120368 0.0861713 0.0503055 0.0244431 0.0108173 0.00588077 0.00545465 0.00697476 0.00930566 0.0119656 0.0146448 0.0170501 0.0189071 0.0200096 0.0202631 0.0197019 0.0184713 0.0167841 0.0148661 0.0129101 0.0110492 0.00935366 0.00784393 0.00651162 0.00533834
 1.01522e-16 3.16768e-05 0.000185913 0.000883738 0.00340242 0.0106101 0.0268004 0.0548374 0.0909003 0.12208 0.132857 0.117211 0.0839513 0.049091 0.0240048 0.0108808 0.00627877 0.00613884 0.0079627 0.0106282 0.0136327 0.0166266 0.0192696 0.0212444 0.0223169 0.0223874 0.0215105 0.0198725 0.0177392 0.0153892 0.0130584 0.010907 0.00901441 0.00739585 0.00602763 0.00487157
 1.0323e-16 1.85536e-05 0.000108848 0.000517317 0.00199153 0.00621027 0.015687 0.0321003 0.0532198 0.0715029 0.0778888 0.0688926 0.0497283 0.0298549 0.0160475 0.00972721 0.00902152 0.0116579 0.0161934 0.0218626 0.0281116 0.034339 0.0398697 0.044055 0.0464093 0.0467179 0.0450782 0.0418561 0.0375804 0.0328107 0.0280241 0.0235497 0.0195585 0.0160946 0.0131253 0.0105885
 1.04697e-16 2.61797e-05 0.000153642 0.000730324 0.00281175 0.00876814 0.0221477 0.0453174 0.0751202 0.100889 0.1098 0.0968813 0.0694165 0.0406458 0.0199805 0.0092454 0.0056206 0.00578071 0.00769659 0.0104791 0.013749 0.0172438 0.0206911 0.0238108 0.0263589 0.028168 0.0291676 0.0293775 0.0288803 0.0277874 0.0262109 0.02425 0.0219931 0.0195257 0.0169398 0.0143351
 1.03892e-16 2.82265e-05 0.000165656 0.00078743 0.00303161 0.00945376 0.0238795 0.0488612 0.0809951 0.108781 0.118392 0.10447 0.0748708 0.0438724 0.0216246 0.0100954 0.00623995 0.00645977 0.00854161 0.0114875 0.0148375 0.0182538 0.0213961 0.0239405 0.0256399 0.0263755 0.0261758 0.0251945 0.0236583 0.0218043 0.0198276 0.0178545 0.015944 0.014107 0.0123343 0.0106195
pSPR Fmed_Fpbrs
0.452429   0.346126 0.346126
Fs Fmed_Fpbrs
0.64   1.005 1.005
SSBpbr Bo_Bmed_Bpbrs
1.30233e+06  524095  385653 385653
Ro
40855.6
SPR SPRFo_SPRFmed_SPRFpbrs
843842 381778 292075
log_Ro
10.4378
likeval ReclasPelacesDesembMPH_pf_preclas_ppelaces_ptallas_desvR_qrecl_qpela
 66.347 16.6903 0.00727358 0.000931011 333.855 211.544 54.9051 0 16.7857 2.17559e-05 4.01271e-05 0 0 0 0
q_reclas_q_pelaces
0.516359 2.46261
M
0.7
N
 40191.5 12184.7 4578.98 542.637 0.268335
 49262.5 18144 3318.23 1246.98 147.847
 25557.3 22460.2 5259.15 961.808 404.298
 40808.6 11013.6 4563.42 1068.54 277.563
 71142.6 19649.3 4502.8 1865.71 550.343
 52270.1 35130.7 9418.55 2158.33 1158.09
 83898.7 24602.4 12445.7 3336.69 1174.9
 86482.9 40241.6 9816.78 4966.05 1800.2
 110053 40118.2 13008.3 3173.31 2187.22
 122839 50645.5 12331.1 3998.33 1647.66
 65161.7 57646.6 17610.3 4287.71 1963.2
 44186.7 29004.7 14364.4 4388.1 1557.59
 47726.9 19786.7 7505.9 3717.22 1538.63
 23883.2 20070.2 3445.71 1307.09 915.265
 15041.2 8799.68 1519.15 260.811 168.214
 15449.7 5342.4 528.659 91.2656 25.7744
 11017.3 6685.43 1114.1 110.246 24.4073
 13164.9 4970.07 1812.48 302.041 36.5055
 14701 6101.19 1596.99 582.387 108.782
 24324.3 6904.54 2132.34 558.141 241.561
 29297 11402.1 2383.78 736.184 276.095
 39051.2 14172.3 4800.39 1003.59 426.177
 65797.9 18732.9 5659.2 1916.86 570.924
 93533.2 31359.4 7180.82 2169.32 953.631
 39375.5 44732.2 12285.2 2813.12 1223.43
 57028.9 18960.2 18294.1 5024.27 1650.82
 67717.5 27406.9 7658.81 7389.72 2696.34
pred_Ctot
 2642.37 4094.99 1538.89 182.368 0.0901813
 2914.94 5601.55 1024.43 384.977 45.6447
 2449.77 10035.8 2349.94 429.763 180.652
 893.126 1415.3 586.424 137.313 35.6683
 286.358 491.99 112.744 46.7148 13.7798
 1967.22 7382.39 1979.23 453.555 243.363
 2062.37 3520.39 1780.88 477.453 168.119
 4111.65 10352.9 2525.55 1277.61 463.137
 5826.03 11299.2 3663.75 893.756 616.025
 4872.38 11144.5 2713.45 879.832 362.567
 4887.5 21478.9 6561.53 1597.59 731.482
 3140.68 10365.9 5133.63 1568.25 556.664
 5308.15 9796.68 3716.28 1840.45 761.801
 4508.78 13519.9 2321.14 880.499 616.553
 3139.99 6212.19 1072.46 184.121 118.752
 1440.33 2340.22 231.578 39.9786 11.2904
 729.505 2259.58 376.551 37.2616 8.24936
 634.375 1293.34 471.653 78.599 9.49969
 574.962 1326.13 347.117 126.586 23.6446
 983.622 1545.16 477.197 124.906 54.0589
 545.594 1259.93 263.408 81.3484 30.5085
 956.737 2021.69 684.78 143.163 60.7946
 1908.72 3118.76 942.178 319.131 95.051
 2489.07 4826.31 1105.15 333.865 146.767
 860.396 5739.84 1576.39 360.968 156.986
 1324.41 2574.33 2483.89 682.173 224.141
 2167.59 4986.81 1393.56 1344.6 490.612
F
 0.0953179 0.600752 0.600754 0.600754 0.600754
 0.0854198 0.538368 0.53837 0.53837 0.53837
 0.141794 0.89367 0.893673 0.893673 0.893673
 0.0308489 0.194429 0.19443 0.19443 0.19443
 0.00561084 0.035363 0.0353631 0.0353631 0.0353631
 0.0535808 0.337699 0.3377 0.3377 0.3377
 0.0347079 0.21875 0.218751 0.218751 0.218751
 0.068117 0.429315 0.429317 0.429317 0.429317
 0.0761125 0.479708 0.47971 0.47971 0.47971
 0.0565429 0.356368 0.356369 0.356369 0.356369
 0.109412 0.689582 0.689585 0.689585 0.689585
 0.103413 0.65177 0.651772 0.651772 0.651772
 0.166261 1.04788 1.04788 1.04788 1.04788
 0.29846 1.88108 1.88109 1.88109 1.88109
 0.335119 2.11213 2.11213 2.11213 2.11213
 0.137662 0.867628 0.867631 0.867631 0.867631
 0.0960293 0.605236 0.605238 0.605238 0.605238
 0.0690685 0.435312 0.435314 0.435314 0.435314
 0.055733 0.351264 0.351265 0.351265 0.351265
 0.0576735 0.363494 0.363495 0.363495 0.363495
 0.0261961 0.165104 0.165104 0.165104 0.165104
 0.0345901 0.218008 0.218009 0.218009 0.218009
 0.0410733 0.258869 0.25887 0.25887 0.25887
 0.037622 0.237117 0.237118 0.237118 0.237118
 0.0307994 0.194117 0.194117 0.194117 0.194117
 0.0327621 0.206487 0.206487 0.206487 0.206487
 0.0454078 0.286188 0.286189 0.286189 0.286189
Np
 29515.9 12496.8 5841.23 1858.2 613.659
YTP_r0W_actual
 59403.9 285515 115986 142918 57869.6
YTP_p0W_proyectada
 25892.3 334767 154814 55249.1 81222.6
 25892.3 130187 88460.5 35937.9 13170.5
CTP_r0_actual
 7244.38 13218.3 3693.83 3564.05 1300.44
CTP_p0_proyectada
 3157.6 15498.5 4930.38 1377.78 1825.23
 3157.6 6027.18 2817.21 896.207 295.967
Wmedp
 8.2 21.6 31.4 40.1 44.5
nmprior
 10.8 10.6 4.6 0
nm_flota  nm_reclas  nm_pelaces    nm_pelaL
inf 17.0845 16.6502 51.2848
cv_recla  cv_pelaces  cv_mph
0.705409 0.447531 0.81548
 ------------------------------------------------
Talla a la edad & desviaci?n 
 7.2 14.2025 17.0495 18.207 18.6776
 1.08 2.13037 2.55742 2.73105 2.80164
