    unsorted:	 400.7391485 400.7534532 400.6519685 400.3577932 400.2804898 399.9138702 401.1695256 399.5906381 399.1386887 398.9785652 398.7630576 398.2323056 398.1225176 402.1412148 402.2757624 402.8789617 403.1265177 403.2575240 403.8374933 404.2321968 404.3092464 404.4297684 404.8079410 404.9077360 405.2471581 405.4506238 397.6942375 405.7487485 397.0982592 396.2946962 395.7975498 395.7724764 406.6109617 394.8106132 407.3563156 393.6931432 393.4598444 408.5299331 392.1243643 390.9385373 391.0137807 409.8186746 410.3042320 390.2860402 410.9210182 411.0222998 411.6588277 389.2593464 387.7339855 387.5088111 386.6709770 386.1022395 413.5879112 416.2510778 382.7109336 417.3107010 380.9841522 379.3163224 378.9457355 420.7568766 371.1716738 427.7313155 431.1140894 362.5174367 361.2656594 437.1166635 344.1122010 335.4396449 325.0610769 316.0455006 471.1025972 302.4542411 484.8113341 276.4178605 241.3064372 194.7260055 178.5519768 156.7020238 151.4003571 8.665113833 9.290615384 7.297793496 10.26312807 11.07377407 6.999792331 13.09247126 16.06553542 16.53175665 0.9331353502 1.220869778 0.5827378735 0.3639179527 2.891923994 23.67442775 30.70602471 33.54135313 35.10110256 40.56444316 45.83581650 58.01316365 90.74654486 92.53947010 86.50667961 106.7821728 114.5669416 620.4414239 703.1648368 934.3194470 1671.888086 2735.380800 3939.976057 4437.744213 9934.294392 10549.69357 12008.03092 17135.92257 18548.99901 20405.70215 30764.22978 34489.59060 43182.98989 44160.25473 51469.21845 62999.37838 94171.95305 109328.5322 111132.1097 126357.4827 191055.3312 196044.6424 221824.4361 242062.0605 340192.4075 362334.4632 383053.8564 418153.9529 473063.4994 635380.2627 1219035.428 3326431.148
      sorted:	 0.3639179527 0.5827378735 0.9331353502 1.220869778 2.891923994 6.999792331 7.297793496 8.665113833 9.290615384 10.26312807 11.07377407 13.09247126 16.06553542 16.53175665 23.67442775 30.70602471 33.54135313 35.10110256 40.56444316 45.83581650 58.01316365 86.50667961 90.74654486 92.53947010 106.7821728 114.5669416 151.4003571 156.7020238 178.5519768 194.7260055 241.3064372 276.4178605 302.4542411 316.0455006 325.0610769 335.4396449 344.1122010 361.2656594 362.5174367 371.1716738 378.9457355 379.3163224 380.9841522 382.7109336 386.1022395 386.6709770 387.5088111 387.7339855 389.2593464 390.2860402 390.9385373 391.0137807 392.1243643 393.4598444 393.6931432 394.8106132 395.7724764 395.7975498 396.2946962 397.0982592 397.6942375 398.1225176 398.2323056 398.7630576 398.9785652 399.1386887 399.5906381 399.9138702 400.2804898 400.3577932 400.6519685 400.7391485 400.7534532 401.1695256 402.1412148 402.2757624 402.8789617 403.1265177 403.2575240 403.8374933 404.2321968 404.3092464 404.4297684 404.8079410 404.9077360 405.2471581 405.4506238 405.7487485 406.6109617 407.3563156 408.5299331 409.8186746 410.3042320 410.9210182 411.0222998 411.6588277 413.5879112 416.2510778 417.3107010 420.7568766 427.7313155 431.1140894 437.1166635 471.1025972 484.8113341 620.4414239 703.1648368 934.3194470 1671.888086 2735.380800 3939.976057 4437.744213 9934.294392 10549.69357 12008.03092 17135.92257 18548.99901 20405.70215 30764.22978 34489.59060 43182.98989 44160.25473 51469.21845 62999.37838 94171.95305 109328.5322 111132.1097 126357.4827 191055.3312 196044.6424 221824.4361 242062.0605 340192.4075 362334.4632 383053.8564 418153.9529 473063.4994 635380.2627 1219035.428 3326431.148
