    unsorted:	 2.705133817e-06 0.007504538466 3.697642162 6.704300175 47.88466889 46.12747785 48.74315742 15.89415180 23.85842538 68.19927560 90.53658570 155.8073684 173.6088948 240.1148440 375.8622676 596.4949513 550.7249607 691.0591752 732.6149197 857.0416761 913.4728552 1020.676162 1080.588450 1405.362282 1391.272219 1680.304939 1759.276924 1889.004483 2026.595047 2268.834649 2485.985374 2752.123735 2938.238202 3224.408643 3704.306322 3817.272774 4139.427768 4084.763321 4274.640948 5196.778844 38081.95460 204491.1956 409296.9550 400281.5702 377033.1359 453363.9772 462530.1857 338101.4784 278838.4589 544145.4718 598334.0484 667772.1655 731965.7171 780781.8586 912716.1285 1063208.394 1186704.886 1391141.288 1463297.779 1643420.455 1904536.014 1940994.229 2459828.420 2556975.351 2665404.279 30627908.51
      sorted:	 2.705133817e-06 0.007504538466 3.697642162 6.704300175 15.89415180 23.85842538 46.12747785 47.88466889 48.74315742 68.19927560 90.53658570 155.8073684 173.6088948 240.1148440 375.8622676 550.7249607 596.4949513 691.0591752 732.6149197 857.0416761 913.4728552 1020.676162 1080.588450 1391.272219 1405.362282 1680.304939 1759.276924 1889.004483 2026.595047 2268.834649 2485.985374 2752.123735 2938.238202 3224.408643 3704.306322 3817.272774 4084.763321 4139.427768 4274.640948 5196.778844 38081.95460 204491.1956 278838.4589 338101.4784 377033.1359 400281.5702 409296.9550 453363.9772 462530.1857 544145.4718 598334.0484 667772.1655 731965.7171 780781.8586 912716.1285 1063208.394 1186704.886 1391141.288 1463297.779 1643420.455 1904536.014 1940994.229 2459828.420 2556975.351 2665404.279 30627908.51
