years
 1997 1998 1999 2000 2001 2002 2003 2004 2005 2006 2007 2008 2009 2010 2011 2012 2013 2014 2015 2016 2017 2018 2019
reclasobs
 0 0 0 370054 412103 1.49427e+06 250295 1.28982e+06 931140 785840 897777 1.04006e+06 184774 17550 25797 100020 73551 82996 120727 218422 84188 347160 605670
reclaspred
 611791 155120 408654 250497 357255 409721 820701 595682 743108 795550 710829 521035 317465 127836 80464.7 68833.5 57295 73828 101672 152993 219296 229237 410669
pelacesobs
 0 0 0 0 0 0 0 0 0 2.06254e+06 1.5e+06 0 1.87456e+06 323000 250000 174000 83755 137374 0 501740 490994 745055 786931
pelacespred
 2.47607e+06 609424 855831 904489 1.13166e+06 992877 2.40286e+06 1.9694e+06 2.2977e+06 2.46396e+06 1.91805e+06 1.48877e+06 884121 273329 180858 161670 138215 188083 253698 384748 663585 649970 940041
mphobs
 0 0 0 0 0 0 112323 0 153150 637223 0 255016 313432 73983 77613 109348 50772 17779 17303 59886 28197 0 207744
mphpred
 202977 112436 123409 119015 120027 183899 241633 287458 275617 323101 337628 251328 162012 142114 56881.7 48725.4 37257.4 38621.9 26442.1 37636.3 58755.1 73405.9 103808
desembarqueobs
 350755 77701 442110 56441 14545 235359 269955 359681 431902 328805 639364 411747 362871 311530 167758 66681 60226 58785 57116 73181 50977 67692 138656
desembarquepred
 350757 77698 442075 56443.7 14545.3 235480 270022 359592 431870 328830 639134 411563 362971 311944 167542 66712.8 60305 58749 57069.1 73175.4 50982.3 67663.2 138665
Reclutas
 38716.8 48044.8 22793.4 30602.1 53049.9 32902.3 65782.4 76774.3 106568 115350 74206.9 52364 42534 24520.1 16514 9718.33 6269.39 10361.1 15596.9 17204.3 22646.9 40914.3 45102.3
log_desv_Rt
 0.170004 0.385865 -0.359799 -0.0652012 0.484964 0.00727192 0.700084 0.854601 1.18251 1.2617 0.820588 0.47195 0.264034 -0.286776 -0.682059 -1.21226 -1.65059 -1.14821 -0.739197 -0.641111 -0.366246 0.225211 0.322663
SSB
 526098 291425 319865 308477 311099 476649 607747 735354 696084 819079 875101 651418 434445 215132 90960.7 77932.6 64094.2 62630.9 89478.8 134422 196748 239126 348347
BT
 1.6929e+06 430973 704146 514000 594881 660290 1.49185e+06 1.43506e+06 1.65433e+06 1.61048e+06 1.55456e+06 1.13108e+06 807535 436210 240559 138900 122852 151376 181575 257425 389477 386843 561127
Ftot
 0.611281 0.561911 0.953172 0.224332 0.0451796 0.475376 0.352451 0.66501 0.683688 0.447617 0.825317 0.715908 1.06503 2.10222 2.29302 0.906075 1.02422 0.956616 0.625032 0.490068 0.240991 0.302396 0.304119
BD_Bspro_t
 0.926348 0.677128 0.600264 0.412351 0.542418 0.699264 0.619459 0.633374 0.583884 0.573679 0.557205 0.412446 0.321471 0.210367 0.113364 0.119684 0.137929 0.183247 0.291621 0.438176 0.556136 0.663432 0.70882
BD_Bspro
 0.78141 0.432851 0.475094 0.458179 0.462073 0.707963 0.902682 1.09222 1.03389 1.21657 1.29978 0.967547 0.645278 0.319534 0.135103 0.115753 0.0951987 0.0930252 0.132902 0.199656 0.292229 0.355173 0.517398
BD_Bo
 0.572226 0.316977 0.347911 0.335524 0.338376 0.518441 0.661033 0.79983 0.757116 0.890895 0.951829 0.708534 0.472537 0.233994 0.0989361 0.0847656 0.069714 0.0681223 0.0973242 0.146208 0.213999 0.260093 0.37889
BD_Brms
 1.04041 0.576321 0.632565 0.610044 0.615229 0.94262 1.20188 1.45424 1.37657 1.61981 1.7306 1.28824 0.859157 0.425445 0.179884 0.154119 0.126753 0.123859 0.176953 0.265833 0.389089 0.472896 0.688891
S_f
 0.1515 1 1 1 1
 0.1515 1 1 1 1
 0.1515 1 1 1 1
 0.1515 1 1 1 1
 0.1515 1 1 1 1
 0.1515 1 1 1 1
 0.1515 1 1 1 1
 0.1515 1 1 1 1
 0.1515 1 1 1 1
 0.1515 1 1 1 1
 0.1515 1 1 1 1
 0.1515 1 1 1 1
 0.1515 1 1 1 1
 0.1515 1 1 1 1
 0.1515 1 1 1 1
 0.1515 1 1 1 1
 0.1515 1 1 1 1
 0.1515 1 1 1 1
 0.1515 1 1 1 1
 0.1515 1 1 1 1
 0.1515 1 1 1 1
 0.1515 1 1 1 1
 0.1515 1 1 1 1
Scru_reclas
 0.688135 1 1 1 1
 0.688135 1 1 1 1
 0.688135 1 1 1 1
 0.688135 1 1 1 1
 0.688135 1 1 1 1
 0.688135 1 1 1 1
 0.688135 1 1 1 1
 0.688135 1 1 1 1
 0.688135 1 1 1 1
 0.688135 1 1 1 1
 0.688135 1 1 1 1
 0.688135 1 1 1 1
 0.688135 1 1 1 1
 0.688135 1 1 1 1
 0.688135 1 1 1 1
 0.688135 1 1 1 1
 0.688135 1 1 1 1
 0.688135 1 1 1 1
 0.688135 1 1 1 1
 0.688135 1 1 1 1
 0.688135 1 1 1 1
 0.688135 1 1 1 1
 0.688135 1 1 1 1
Scru_pelaces
 0.698003 0.920835 0.983204 0.996617 0.999326
 0.698003 0.920835 0.983204 0.996617 0.999326
 0.698003 0.920835 0.983204 0.996617 0.999326
 0.698003 0.920835 0.983204 0.996617 0.999326
 0.698003 0.920835 0.983204 0.996617 0.999326
 0.698003 0.920835 0.983204 0.996617 0.999326
 0.698003 0.920835 0.983204 0.996617 0.999326
 0.698003 0.920835 0.983204 0.996617 0.999326
 0.698003 0.920835 0.983204 0.996617 0.999326
 0.698003 0.920835 0.983204 0.996617 0.999326
 0.698003 0.920835 0.983204 0.996617 0.999326
 0.698003 0.920835 0.983204 0.996617 0.999326
 0.698003 0.920835 0.983204 0.996617 0.999326
 0.698003 0.920835 0.983204 0.996617 0.999326
 0.698003 0.920835 0.983204 0.996617 0.999326
 0.698003 0.920835 0.983204 0.996617 0.999326
 0.698003 0.920835 0.983204 0.996617 0.999326
 0.698003 0.920835 0.983204 0.996617 0.999326
 0.698003 0.920835 0.983204 0.996617 0.999326
 0.698003 0.920835 0.983204 0.996617 0.999326
 0.698003 0.920835 0.983204 0.996617 0.999326
 0.698003 0.920835 0.983204 0.996617 0.999326
 0.698003 0.920835 0.983204 0.996617 0.999326
pf_obs 
 0.256992 0.487395 0.22802 0.0275931 0
 0.321318 0.546541 0.124235 0.00734118 0.000564706
 0.182869 0.594174 0.210203 0.0122559 0.00049798
 0.330522 0.361315 0.267642 0.0388342 0.00168674
 0.649043 0.306663 0.0425973 0.00169635 0
 0.582887 0.30429 0.105238 0.00758474 0
 0.465427 0.430635 0.0974691 0.00646863 0
 0.296916 0.608066 0.0921331 0.00288517 0
 0.311714 0.524322 0.152257 0.0117073 0
 0.15457 0.633149 0.183074 0.0267441 0.00246327
 0.131901 0.49318 0.331252 0.0422183 0.00144891
 0.196976 0.569456 0.194076 0.0375587 0.00193317
 0.518974 0.381816 0.0799577 0.0180837 0.00116848
 0.0928022 0.601141 0.25162 0.0475244 0.00691264
 0.122501 0.610282 0.24278 0.0234846 0.000952079
 0.383417 0.481906 0.127806 0.00687128 0
 0.0376549 0.599619 0.316969 0.0457579 0
 0.0361596 0.667082 0.258105 0.0386534 0
 0.158088 0.579412 0.248529 0.0139706 0
 0.0477256 0.309471 0.559284 0.082774 0.000745712
 0.0406174 0.521527 0.379366 0.0568643 0.0016247
 0.151134 0.462217 0.34131 0.0453401 0
 0.294876 0.26143 0.354403 0.0886775 0.000613685
pf_pred 
 0.29647 0.494029 0.187104 0.0223881 8.7487e-06
 0.285867 0.564405 0.105142 0.0398204 0.00476662
 0.14466 0.664849 0.150552 0.028046 0.0118933
 0.248842 0.484352 0.207386 0.0469616 0.0124583
 0.282916 0.508415 0.134552 0.0576111 0.0165067
 0.140928 0.624398 0.166385 0.0440336 0.0242559
 0.300764 0.403966 0.21461 0.0571876 0.0234716
 0.267608 0.564837 0.0968005 0.051426 0.019328
 0.314178 0.528579 0.12127 0.0207829 0.0151908
 0.258193 0.600673 0.108775 0.0249558 0.00740295
 0.171233 0.614173 0.173766 0.031467 0.00936091
 0.174172 0.556788 0.199377 0.0564091 0.0132538
 0.207957 0.527412 0.178419 0.0638893 0.0223231
 0.224793 0.581256 0.129149 0.0436901 0.0211111
 0.321535 0.582746 0.0717709 0.0159467 0.00800136
 0.240993 0.696841 0.0533953 0.00657616 0.0021943
 0.196626 0.617491 0.170658 0.0130767 0.00214791
 0.373318 0.458736 0.129087 0.0356762 0.00318271
 0.363768 0.550327 0.0628828 0.017695 0.00532672
 0.269458 0.611777 0.102728 0.0117382 0.00429742
 0.263165 0.557089 0.150524 0.0252757 0.00394547
 0.316545 0.496125 0.141633 0.0382688 0.00742911
 0.23465 0.596782 0.122364 0.0349323 0.0112709
pobs_RECLAS
 0 0 0 0 0
 0 0 0 0 0
 0 0 0 0 0
 0 0 0 0 0
 0.835266 0.146461 0.0176864 0.000547809 3.91292e-05
 0.385257 0.428462 0.181853 0.0044286 0
 0.867414 0.0963971 0.0333333 0.00285562 0
 0.441836 0.489002 0.0689373 0.000224442 0
 0.779404 0.147425 0.0564933 0.0165055 0.000172143
 0.814271 0.122319 0.05973 0.00367925 0
 0.40263 0.566651 0.0304383 0.000280538 0
 0.475488 0.404961 0.113038 0.00651328 0
 0.955842 0.0263864 0.0167828 0.000988607 0
 0.975058 0.0227948 0.00214734 0 0
 0.738997 0.206755 0.0527124 0.00153531 0
 0.850938 0.134255 0.0134407 0.00136685 0
 0.542534 0.407297 0.0501686 0 0
 0.764087 0.199537 0.0359546 0.000420521 0
 0.470689 0.182191 0.310203 0.0369168 0
 0.84361 0.089868 0.0606195 0.00523954 0.000663233
 0.607945 0.314616 0.071237 0.00620181 0
 0.523733 0.453247 0.0230204 0 0
 0.530135 0.295979 0.169645 0.0042399 0
ppred_RECLAS
 0.66682 0.233964 0.0886091 0.0106026 4.14323e-06
 0.654254 0.273255 0.0509042 0.0192789 0.00230775
 0.45466 0.423889 0.0959877 0.0178814 0.00758286
 0.603867 0.25543 0.109368 0.0247658 0.00657003
 0.642367 0.253563 0.0671052 0.0287325 0.0082324
 0.434871 0.410752 0.109454 0.0289669 0.0159564
 0.666396 0.192731 0.10239 0.027284 0.0111982
 0.635641 0.281002 0.0481574 0.025584 0.0096155
 0.686653 0.241504 0.0554073 0.00949557 0.00694055
 0.619602 0.308025 0.0557798 0.0127973 0.00379623
 0.500853 0.369902 0.104655 0.0189518 0.00563786
 0.503037 0.335061 0.11998 0.0339456 0.00797583
 0.567579 0.287944 0.0974092 0.0348807 0.0121874
 0.631975 0.275948 0.0613128 0.0207416 0.0100224
 0.744629 0.219343 0.0270143 0.00600229 0.00301168
 0.608825 0.359136 0.0275188 0.00338921 0.00113089
 0.548977 0.346667 0.0958096 0.0073414 0.00120586
 0.746051 0.185893 0.0523096 0.014457 0.00128972
 0.731115 0.23258 0.0265756 0.00747828 0.00225118
 0.63402 0.306483 0.051464 0.0058805 0.00215288
 0.621976 0.285808 0.0772247 0.0129674 0.00202418
 0.681821 0.230968 0.0659363 0.0178158 0.00345858
 0.586554 0.322385 0.0661019 0.0188706 0.00608862
pobs_PELACES
 0 0 0 0 0
 0 0 0 0 0
 0 0 0 0 0
 0 0 0 0 0
 0 0 0 0 0
 0 0 0 0 0
 0 0 0 0 0
 0 0 0 0 0
 0 0 0 0 0
 0 0 0 0 0
 0.450072 0.473896 0.0757376 0.000293798 0
 0 0 0 0 0
 0.463077 0.371075 0.160297 0.00555027 0
 0.529543 0.364841 0.0842815 0.0213345 0
 0.631943 0.363953 0.00410389 0 0
 0.735681 0.248677 0.0153453 0.000297389 0
 0.695825 0.281241 0.0229344 0 0
 0.275771 0.60734 0.115278 0.00161068 0
 0 0 0 0 0
 0.896147 0.0623911 0.0374545 0.00400742 0
 0.803859 0.145111 0.0509908 3.86294e-05 0
 0.739449 0.233085 0.0266225 0.000797448 4.60066e-05
 0.878498 0.100942 0.0204185 0.000141795 0
ppred_PELACES
 0.71936 0.193086 0.0780802 0.00947025 3.71079e-06
 0.706164 0.228768 0.0455031 0.0174685 0.00209672
 0.541421 0.350904 0.0848425 0.0160208 0.00681231
 0.635569 0.229198 0.104783 0.0240513 0.00639783
 0.662389 0.234379 0.0662296 0.0287444 0.00825819
 0.487069 0.365595 0.104019 0.0279041 0.0154128
 0.702118 0.16702 0.0947404 0.02559 0.0105315
 0.694783 0.23146 0.0423538 0.0228077 0.00859536
 0.74201 0.195639 0.0479247 0.00832527 0.00610169
 0.6674 0.26572 0.051378 0.0119483 0.00355399
 0.57764 0.307376 0.0928549 0.0170444 0.0050842
 0.571077 0.282592 0.108046 0.0309859 0.00730023
 0.655408 0.224016 0.0809157 0.02937 0.0102898
 0.769938 0.169411 0.0401909 0.0137818 0.00667746
 0.858013 0.120735 0.0158769 0.0035758 0.00179905
 0.687205 0.285541 0.0233615 0.00291645 0.000975789
 0.637425 0.274306 0.0809458 0.00628707 0.00103549
 0.805862 0.139451 0.041899 0.0117378 0.00104998
 0.779433 0.188954 0.0230531 0.00657555 0.00198481
 0.683986 0.26167 0.0469151 0.00543386 0.00199477
 0.655919 0.255767 0.0737884 0.0125594 0.00196582
 0.715888 0.20228 0.0616576 0.016887 0.00328718
 0.626186 0.286937 0.0628184 0.0181779 0.00588106
pobs_pel_tallas
 0 0 0 0 0 0 0 0 0 0 0 0 0 0 0 0 0 0 0 0 0 0 0 0 0 0 0 0 0 0 0 0 0 0 0 0
 0 0 0 0 0 0 0 0 0 0 0 0 0 0 0 0 0 0 0 0 0 0 0 0 0 0 0 0 0 0 0 0 0 0 0 0
 0 0 0 0 0 0 0 0 0 0 0 0 0 0 0 0 0 0 0 0 0 0 0 0 0 0 0 0 0 0 0 0 0 0 0 0
 0 0 0 0 0 0 0 0 0 0 0 0 0 0 0 0 0 0 0 0 0 0 0 0 0 0 0 0 0 0 0 0 0 0 0 0
 0 0 0 0 0 0 0 0 0 0 0 0 0 0 0 0 0 0 0 0 0 0 0 0 0 0 0 0 0 0 0 0 0 0 0 0
 0 0 0 0 0 0 0 0 0 0 0 0 0 0 0 0 0 0 0 0 0 0 0 0 0 0 0 0 0 0 0 0 0 0 0 0
 0 0 0 0 0 0 0 0 0 0 0 0 0 0 0 0 0 0 0 0 0 0 0 0 0 0 0 0 0 0 0 0 0 0 0 0
 0 0 0 0 0 0 0 0 0 0 0 0 0 0 0 0 0 0 0 0 0 0 0 0 0 0 0 0 0 0 0 0 0 0 0 0
 0 0 0 0 0 0 0 0 0 0 0 0 0 0 0 0 0 0 0 0 0 0 0 0 0 0 0 0 0 0 0 0 0 0 0 0
 0 0 0 0 0 0 0 0 0 0 0 0 0 0 0 0 0 0 0 0 0 0 0 0 0 0 0 0 0 0 0 0 0 0 0 0
 0 0 0 0 0 0 0 0 1.78061e-05 0.00172719 0.00360574 0.0105946 0.0120993 0.0124554 0.0147524 0.0171206 0.0266825 0.0428682 0.0675386 0.121331 0.153587 0.119568 0.100827 0.0573624 0.0630603 0.0341343 0.0324427 0.0444173 0.0211091 0.0280891 0.0125444 0.00206551 0 0 0 0
 0 0 0 0 0 0 0 0 0 0 0 0 0 0 0 0 0 0 0 0 0 0 0 0 0 0 0 0 0 0 0 0 0 0 0 0
 0 0 0 0 0 0 0.0133647 0.0140871 0.0187388 0.0205184 0.03894 0.0496705 0.03968 0.0493445 0.0407372 0.0367815 0.0215668 0.0243155 0.0234873 0.0199281 0.019796 0.0243948 0.0301388 0.0376714 0.0412746 0.0863199 0.0771752 0.113111 0.0741005 0.0525337 0.0229764 0.00759418 0.00175318 0 0 0
 0 0 0 0 0 0 0 0 0 0 0.00219441 0.00772107 0.0458388 0.0604681 0.0671733 0.0775358 0.0609151 0.0617685 0.073594 0.0568108 0.0755445 0.0548602 0.0670107 0.0636378 0.0643287 0.046367 0.0373049 0.0286899 0.0247887 0.0153202 0.00654259 0.00121912 0.000365735 0 0 0
 0 0 0 0 0 0 0 0 0 0 0 0 0.000112435 0.00938835 0.0111873 0.0202946 0.0414886 0.0713402 0.111592 0.104902 0.108894 0.110636 0.117776 0.105296 0.107544 0.0401394 0.0192827 0.0124803 0.00416011 0.0028671 0.000618394 0 0 0 0 0
 0 0 0 0 0 0 0 0 0 0 0.00291406 0.0102884 0.027416 0.0768956 0.0749926 0.110853 0.0956884 0.0897413 0.0766577 0.0534642 0.0500743 0.0551293 0.0594112 0.0620874 0.0668451 0.0424026 0.0208742 0.0120726 0.0048766 0.00582813 0.00118941 0.000297354 0 0 0 0
 0 0.00264628 0.0354308 0.0461629 0.0458689 0.0383711 0.0214643 0.0164657 0.0346957 0.0420465 0.0363128 0.0245516 0.0311673 0.0291091 0.0169068 0.0133784 0.00837989 0.0085269 0.0148486 0.0160247 0.0276389 0.0546898 0.0760071 0.122758 0.109233 0.0665981 0.0333725 0.0166128 0.00676272 0.00308733 0.000882094 0 0 0 0 0
 0 0 0 0 0 0 0 0.000805153 0.000690131 0.00759144 0.0133425 0.0154129 0.00931677 0.000345066 0.00356568 0.00563607 0.00851162 0.0253048 0.0502646 0.0516448 0.0657925 0.0565908 0.0611916 0.0827007 0.0866115 0.110766 0.145733 0.0935128 0.0569358 0.0249597 0.0138026 0.00621118 0.00161031 0.00115022 0 0
 0 0 0 0 0 0 0 0 0 0 0 0 0 0 0 0 0 0 0 0 0 0 0 0 0 0 0 0 0 0 0 0 0 0 0 0
 0.00147267 0.00158595 0.00478618 0.00569244 0.00954404 0.0108468 0.00647125 0.017049 0.0510054 0.094081 0.124002 0.0959785 0.0687766 0.0820023 0.061753 0.0591476 0.0492212 0.0479892 0.0443925 0.0268479 0.0217502 0.0140895 0.0121071 0.0120363 0.00920419 0.00665534 0.0049561 0.00860946 0.00930331 0.0156896 0.0114698 0.00855282 0.00243557 0.00046729 0 2.83206e-05
 0 0 0 0 0.000772559 0.00158375 0.000888443 0.00281984 0.00712685 0.0440552 0.0773331 0.111326 0.0921469 0.0852325 0.0710754 0.0886704 0.0786465 0.0553345 0.0373146 0.0185414 0.00753245 0.00457741 0.012979 0.0271748 0.0457355 0.0583668 0.034881 0.0177882 0.00938659 0.00492506 0.0015258 0.00185414 0.000309023 5.79419e-05 3.86279e-05 0
 0 0.00173294 0.00326652 0 0.00397197 0.00683976 0.00946217 0.0152591 0.00757587 0.0136028 0.0228656 0.0392903 0.0559909 0.0764795 0.0681675 0.0726916 0.0566044 0.0477403 0.0527397 0.0444891 0.0609904 0.0582453 0.0661739 0.0445044 0.0529084 0.0360697 0.0280645 0.0235558 0.0158879 0.00826598 0.00280645 0.00217768 0.000904811 0.00058276 9.20147e-05 0
 0 0 0 0 0 0 0 0 0 0 0 0 0 0 0 0 0 0 0 0 0 0 0 0 0 0 0 0 0 0 0 0 0 0 0 0
ppred_pel_tallas
 1.01497e-16 3.13881e-05 0.000184219 0.000875686 0.00337142 0.0105135 0.0265562 0.0543378 0.0900718 0.120967 0.131643 0.116136 0.0831714 0.0486155 0.0237369 0.0107013 0.00609907 0.00590863 0.00766015 0.0102524 0.0132028 0.0161833 0.0188734 0.0209695 0.0222392 0.0225695 0.0219873 0.0206419 0.0187589 0.0165836 0.0143308 0.0121563 0.0101512 0.00835412 0.00677126 0.00539418
 1.01419e-16 3.08141e-05 0.000180846 0.000859642 0.00330964 0.0103208 0.0260695 0.0533423 0.0884227 0.118755 0.129245 0.11404 0.0817149 0.0478527 0.0235287 0.0108834 0.00658227 0.00668385 0.00875754 0.011699 0.0149926 0.018259 0.021122 0.0232302 0.0243263 0.0243038 0.0232293 0.0213167 0.0188682 0.0162002 0.0135795 0.0111866 0.00910975 0.00736312 0.00591551 0.00471823
 1.02188e-16 2.36355e-05 0.00013869 0.000659203 0.00253786 0.00791397 0.0199903 0.0409047 0.0678109 0.0910891 0.0991781 0.0876132 0.0630021 0.0373452 0.0192026 0.010297 0.00815298 0.00980759 0.0134069 0.0180389 0.0231547 0.0282302 0.0326975 0.0360166 0.0377874 0.0378394 0.0362659 0.0333863 0.0296568 0.0255584 0.0214998 0.0177618 0.0144873 0.0117074 0.00938451 0.00745303
 1.02688e-16 2.77359e-05 0.000162774 0.000773727 0.00297884 0.0092892 0.0234639 0.0480109 0.0795862 0.10689 0.116339 0.102671 0.0736078 0.0431855 0.0213853 0.0101514 0.00650244 0.00691097 0.00920528 0.0123989 0.0160227 0.019716 0.023107 0.0258362 0.0276234 0.0283248 0.0279563 0.026674 0.0247227 0.0223699 0.0198506 0.0173359 0.0149283 0.0126774 0.0106022 0.00871092
 1.02391e-16 2.89055e-05 0.00016964 0.000806368 0.00310452 0.00968112 0.0244538 0.0500365 0.0829436 0.111399 0.121244 0.106994 0.0766954 0.0449728 0.0222244 0.0104701 0.00659524 0.00691478 0.00915656 0.012285 0.0158068 0.0193468 0.0225243 0.0249788 0.0264394 0.0267829 0.0260564 0.0244527 0.0222533 0.0197554 0.0172111 0.0147927 0.0125887 0.0106222 0.00887915 0.00733349
 1.03275e-16 2.12661e-05 0.000124778 0.000593062 0.00228319 0.00711981 0.0179844 0.0368004 0.0610087 0.0819566 0.0892476 0.0788714 0.0567831 0.0337939 0.0176261 0.00985502 0.00828047 0.0102586 0.0141305 0.0190641 0.0245293 0.0299949 0.0348749 0.0386073 0.0407695 0.0411721 0.0398936 0.0372429 0.033669 0.0296469 0.0255809 0.0217489 0.0182949 0.0152568 0.0126095 0.0103056
 1.02771e-16 3.06352e-05 0.000179801 0.000854689 0.00329059 0.0102614 0.0259194 0.0530347 0.0879113 0.118064 0.12848 0.113335 0.0811444 0.047388 0.0230589 0.0102652 0.00567458 0.00536264 0.00692716 0.0093124 0.0120775 0.0149407 0.0176296 0.0198807 0.0214829 0.0223185 0.0223801 0.0217582 0.0206057 0.0190942 0.0173765 0.0155667 0.0137386 0.0119366 0.0101908 0.00852868
 1.01863e-16 3.03179e-05 0.000177932 0.000845792 0.00325631 0.0101545 0.0256495 0.0524828 0.0869983 0.116843 0.127165 0.112209 0.080411 0.047106 0.023193 0.0107812 0.00659311 0.00675343 0.00887184 0.0118606 0.0152082 0.018535 0.0214627 0.0236384 0.0248032 0.0248506 0.0238473 0.0220073 0.0196321 0.0170354 0.0144793 0.0121382 0.010094 0.00835535 0.00688785 0.00564267
 1.01316e-16 3.23758e-05 0.000190017 0.000903251 0.00347756 0.0108444 0.0273922 0.0560483 0.092907 0.124774 0.135784 0.119785 0.0857758 0.0501191 0.0244352 0.0109535 0.00615088 0.00587259 0.00756432 0.0100846 0.0129326 0.0157705 0.0182737 0.02014 0.0211463 0.021197 0.0203433 0.0187622 0.0167065 0.0144427 0.0121972 0.010125 0.00830478 0.00675357 0.0054505 0.00435972
 1.01393e-16 2.91253e-05 0.000170928 0.000812482 0.00312805 0.00975449 0.0246392 0.050416 0.0835734 0.112247 0.122174 0.107829 0.0773261 0.045407 0.0225578 0.0108238 0.00707481 0.00760089 0.0101054 0.0135239 0.0173232 0.0210771 0.0243499 0.0267336 0.02793 0.027818 0.0264787 0.0241663 0.0212385 0.0180696 0.0149758 0.0121715 0.00976165 0.00776236 0.00613447 0.00481638
 1.02242e-16 2.52131e-05 0.000147956 0.000703263 0.00270751 0.00844305 0.0213267 0.0436386 0.0723412 0.0971686 0.105782 0.0934091 0.0670882 0.0396032 0.0200621 0.0102739 0.00756982 0.00877029 0.0118986 0.0160121 0.0205887 0.0251618 0.0292331 0.0323265 0.0340843 0.0343455 0.033176 0.0308379 0.0277131 0.0242084 0.0206729 0.0173502 0.0143711 0.0117748 0.00954429 0.00764013
 1.03032e-16 2.49259e-05 0.000146272 0.000695263 0.00267672 0.00834703 0.0210841 0.0431421 0.0715176 0.0960607 0.104571 0.09233 0.066291 0.0390882 0.0197199 0.00996827 0.00718937 0.00823892 0.0111692 0.0150649 0.0194371 0.0238604 0.0278797 0.031056 0.0330517 0.033702 0.0330431 0.031286 0.0287497 0.0257781 0.022669 0.0196334 0.0167908 0.0141887 0.0118331 0.00971568
 1.02712e-16 2.86007e-05 0.000167852 0.000797868 0.0030718 0.00957908 0.0241961 0.049509 0.082069 0.110224 0.119964 0.105861 0.0758761 0.0444783 0.0219544 0.0103014 0.00643648 0.00671452 0.00889132 0.01195 0.0154142 0.0189265 0.0221241 0.0246603 0.0262696 0.0268231 0.0263503 0.025018 0.0230772 0.0207964 0.0184062 0.0160676 0.0138686 0.0118414 0.00998732 0.00829873
 1.01412e-16 3.35925e-05 0.000197163 0.000937229 0.00360839 0.0112524 0.0284227 0.0581566 0.0964008 0.129463 0.140879 0.12426 0.0889381 0.0518817 0.0251355 0.0109976 0.00579749 0.00521345 0.00659427 0.00876934 0.0112498 0.0137315 0.0159322 0.0175911 0.0185154 0.0186218 0.0179531 0.0166591 0.0149545 0.0130646 0.0111796 0.00942833 0.0078749 0.00653169 0.00538066 0.00439298
 1.00472e-16 3.74309e-05 0.000219703 0.00104439 0.00402102 0.0125392 0.031673 0.0648066 0.107422 0.144257 0.15696 0.138404 0.0989718 0.0575542 0.0275453 0.0114726 0.00521166 0.00392005 0.00463525 0.00607303 0.00774301 0.00939194 0.0108107 0.0118132 0.0122669 0.0121213 0.0114201 0.0102864 0.00889023 0.00740831 0.00598857 0.00472976 0.0036778 0.00283539 0.00217811 0.00167045
 1.00571e-16 2.99896e-05 0.000176 0.000836595 0.00322089 0.010044 0.0253705 0.0519123 0.0860541 0.115579 0.125803 0.111036 0.079635 0.0467807 0.0232724 0.0112174 0.0073925 0.00797395 0.0105883 0.0141247 0.0180136 0.0217923 0.0249897 0.0271711 0.0280279 0.0274513 0.0255582 0.022657 0.0191683 0.0155264 0.012094 0.00911129 0.00668661 0.00481928 0.00343903 0.00244586
 1.01503e-16 2.78187e-05 0.000163256 0.000776008 0.00298761 0.00931653 0.023533 0.0481526 0.0798222 0.107211 0.116698 0.10301 0.0738996 0.0434546 0.0216996 0.0105994 0.00717743 0.00790093 0.0105822 0.0142018 0.0182365 0.0222544 0.0258058 0.0284642 0.0299112 0.0300058 0.0288128 0.026574 0.0236408 0.0203871 0.0171351 0.0141109 0.0114366 0.0091484 0.0072285 0.00563485
 1.01093e-16 3.51577e-05 0.000206355 0.000980934 0.00377668 0.0117772 0.0297483 0.0608687 0.100895 0.135495 0.147434 0.13002 0.0930139 0.0541642 0.0260637 0.0111008 0.00541713 0.0044779 0.00550754 0.00729624 0.0093665 0.0114503 0.0133116 0.0147331 0.0155524 0.0156958 0.0151922 0.0141589 0.0127674 0.0111999 0.00961275 0.00811493 0.00676466 0.00557954 0.00455264 0.00366746
 1.00708e-16 3.40073e-05 0.000199596 0.000948793 0.00365291 0.0113913 0.0287734 0.0588743 0.0975909 0.131062 0.142623 0.125807 0.0900627 0.0525732 0.0255361 0.011283 0.00610167 0.00561738 0.00714019 0.00947066 0.0120909 0.0146632 0.0168711 0.0184253 0.0191189 0.0188742 0.0177605 0.0159719 0.0137761 0.0114505 0.00922728 0.00726104 0.00562315 0.00431688 0.00330281 0.00252404
 1.01032e-16 2.98484e-05 0.000175173 0.000832667 0.00320577 0.00999685 0.0252514 0.0516685 0.0856493 0.115034 0.125204 0.110498 0.0792249 0.0464925 0.023042 0.0109637 0.00704398 0.00747541 0.00990194 0.0132344 0.0169335 0.0205742 0.0237256 0.0259853 0.0270612 0.0268372 0.0253991 0.0230046 0.0200147 0.0168067 0.0136997 0.0109101 0.00854398 0.00661612 0.0050839 0.00388006
 1.01655e-16 2.86243e-05 0.000167987 0.000798506 0.00307424 0.00958669 0.0242153 0.0495487 0.0821356 0.110316 0.120071 0.105972 0.0759912 0.0446174 0.0221555 0.0106156 0.00692269 0.00743333 0.00989567 0.0132715 0.0170471 0.0208145 0.0241548 0.0266713 0.0280675 0.028212 0.0271635 0.025145 0.02248 0.0195122 0.0165365 0.0137588 0.0112886 0.00915761 0.00734874 0.00582473
 1.01676e-16 3.12371e-05 0.000183331 0.000871464 0.00335517 0.0104628 0.0264282 0.0540758 0.0896379 0.120385 0.131012 0.115584 0.0827869 0.0484123 0.0236775 0.0107413 0.00621301 0.00609166 0.00791713 0.0105871 0.0136103 0.016646 0.0193608 0.0214409 0.0226507 0.0228827 0.0221778 0.0207047 0.0187103 0.0164572 0.0141707 0.0120073 0.0100509 0.00832684 0.00682556 0.00552421
 1.01885e-16 2.7329e-05 0.00016038 0.000762334 0.00293496 0.00915234 0.0231182 0.0473041 0.0784162 0.105324 0.114648 0.10121 0.0726281 0.0427474 0.021421 0.0105862 0.00732485 0.00817036 0.0109721 0.0147196 0.0188825 0.023013 0.0266441 0.0293354 0.0307621 0.0307878 0.029492 0.0271386 0.0241026 0.0207774 0.0174957 0.0144836 0.0118534 0.00962565 0.00776499 0.00621436
pSPR Fmed_Fpbrs
0.45536   0.6 0.325
Fs Fmed_Fpbrs
0.64   0.357794 1.12861
SSBpbr Bo_Bmed_Bpbrs
919389  372683  505664 252832
Ro
32663.9
SPR SPRFo_SPRFmed_SPRFpbrs
673268 306579 218812
log_Ro
10.214
likeval ReclasPelacesDesembMPH_pf_preclas_ppelaces_ptallas_desvR_qrecl_qpela
 92.6318 30.1345 0.0371745 28.4372 302.234 170.662 44.7313 0 18.0965 4.14086e-06 0.000101175 8.06489e-16 0 0 0
q_reclas_q_pelaces
0.749495 4.18302
M
0.7
N
 38716.8 12115.5 4588.49 549.043 0.214552
 48044.8 17525.6 3264.81 1236.48 148.011
 22793.4 21911.3 4961.73 924.31 391.968
 30602.1 9796.88 4194.74 949.881 251.99
 53049.9 14688.8 3887.37 1664.46 476.898
 32902.3 26164.1 6972 1845.14 1016.39
 65782.4 15203.4 8076.94 2152.28 883.363
 76774.3 30968.1 5307.24 2819.51 1059.68
 106568 34471.1 7908.57 1355.35 990.661
 115350 47712.9 8640.26 1982.3 588.034
 74206.9 53525.3 15143.7 2742.35 815.804
 52364 32518.9 11644.5 3294.54 774.084
 42534 23330.4 7892.51 2826.19 987.476
 24520.1 17974.5 3993.74 1351.05 652.828
 16514 8855.23 1090.61 242.322 121.586
 9718.33 5793.97 443.962 54.6783 18.2447
 6269.39 4206.97 1162.7 89.0915 14.6337
 10361.1 2665.81 750.151 207.322 18.4954
 15596.9 4451.02 508.593 143.116 43.0822
 17204.3 7045.43 1183.06 135.181 49.4905
 22646.9 7932.06 2143.23 359.886 56.1772
 40914.3 10842.9 3095.42 836.374 162.365
 45102.3 19407.6 3979.35 1136.01 366.536
pred_Ctot
 2475.99 4125.92 1562.61 186.976 0.0730655
 2833.58 5594.53 1042.19 394.71 47.248
 2222.59 10214.9 2313.12 430.906 182.732
 736.847 1434.22 614.09 139.058 36.8902
 260.348 467.86 123.819 53.0156 15.19
 1651.07 7315.28 1949.32 515.886 284.176
 2467.44 3314.1 1760.64 469.161 192.558
 5322.53 11234.2 1925.29 1022.83 384.419
 7586.2 12763.2 2928.2 501.828 366.799
 5460.38 12703.3 2300.42 527.777 156.561
 6317.9 22660.8 6411.33 1161.02 345.384
 3895.04 12451.5 4458.71 1261.49 296.398
 4600.61 11667.9 3947.16 1413.42 493.852
 4898.49 12666.2 2814.3 952.056 460.034
 3555.57 6444.06 793.65 176.341 88.4799
 903.587 2612.75 200.202 24.6568 8.22735
 653.867 2053.42 567.513 43.4856 7.14273
 1013.74 1245.69 350.533 96.8783 8.6426
 1018.96 1541.53 176.142 49.5659 14.9208
 889.149 2018.72 338.98 38.7333 14.1805
 585.145 1238.68 334.689 56.2003 8.77271
 1321.09 2070.56 591.099 159.714 31.0051
 1464.45 3724.51 763.673 218.012 70.3417
F
 0.0926091 0.611281 0.611281 0.611281 0.611281
 0.0851295 0.561911 0.561911 0.561911 0.561911
 0.144406 0.953172 0.953172 0.953172 0.953172
 0.0339863 0.224332 0.224332 0.224332 0.224332
 0.00684471 0.0451796 0.0451796 0.0451796 0.0451796
 0.0720195 0.475376 0.475376 0.475376 0.475376
 0.0533963 0.352451 0.352451 0.352451 0.352451
 0.100749 0.66501 0.66501 0.66501 0.66501
 0.103579 0.683688 0.683688 0.683688 0.683688
 0.067814 0.447617 0.447617 0.447617 0.447617
 0.125036 0.825317 0.825317 0.825317 0.825317
 0.10846 0.715908 0.715908 0.715908 0.715908
 0.161353 1.06503 1.06503 1.06503 1.06503
 0.318486 2.10222 2.10222 2.10222 2.10222
 0.347393 2.29302 2.29302 2.29302 2.29302
 0.13727 0.906075 0.906075 0.906075 0.906075
 0.15517 1.02422 1.02422 1.02422 1.02422
 0.144928 0.956616 0.956616 0.956616 0.956616
 0.0946925 0.625032 0.625032 0.625032 0.625032
 0.0742453 0.490068 0.490068 0.490068 0.490068
 0.0365101 0.240991 0.240991 0.240991 0.240991
 0.045813 0.302396 0.302396 0.302396 0.302396
 0.046074 0.304119 0.304119 0.304119 0.304119
Np
 22890.7 10767.4 7426.58 2468.86 681.983
YTP_r0W_actual
 11330.8 103702 29346.5 10936.2 4435.02
YTP_p0W_proyectada
 7144.8 102008 49296.6 12908.3 5587.61
 7144.8 51352.7 51489.2 21859.4 6700.87
CTP_r0_actual
 1716.78 4285.2 878.637 250.831 80.931
CTP_p0_proyectada
 871.317 4722.59 1569.96 321.904 125.564
 871.317 2377.44 1639.78 545.122 150.581
Wmedp
 8.2 21.6 31.4 40.1 44.5
nmprior
 10.8 10.6 4.6 0
nm_flota  nm_reclas  nm_pelaces    nm_pelaL
inf 20.4358 11.0231 14.0131
cv_recla  cv_pelaces  cv_mph
0.760887 0.336161 0.461821
 ------------------------------------------------
Talla a la edad & desviaci?n 
 7.2 14.2025 17.0495 18.207 18.6776
 1.08 2.13037 2.55742 2.73105 2.80164
