years
 1997 1998 1999 2000 2001 2002 2003 2004 2005 2006 2007 2008 2009 2010 2011 2012 2013 2014 2015 2016 2017 2018 2019 2020 2021
reclasobs
 0 0 0 370054 412103 1.49427e+06 250295 1.28982e+06 931140 785840 897777 1.04006e+06 184774 17550 25797 100020 73551 82996 120727 218422 84188 347160 605670 569463 516374
reclaspred
 379923 106648 341462 248236 337808 386109 815233 601514 794398 746048 609737 423130 258751 126035 84556.1 68940.4 63237.7 82877.4 101826 167645 244166 244340 432609 542948 609037
pelacesobs
 0 0 0 0 0 0 0 0 0 2.06254e+06 1.5e+06 0 1.87456e+06 323000 250000 174000 83755 137374 0 501740 490994 745055 786931 1.00524e+06 1.33801e+06
pelacespred
 1.26683e+06 328361 629312 702018 815049 786863 1.84755e+06 1.68762e+06 2.01414e+06 1.90692e+06 1.43714e+06 1.03456e+06 646779 282051 178676 150805 141104 179404 220401 355769 586966 564270 826903 1.20075e+06 1.33363e+06
mphobs
 0 0 0 0 0 0 112323 0 153150 637223 0 255016 313432 73983 77613 109348 50772 17779 17303 59886 28197 0 207744 136588 643089
mphpred
 114486 71967.7 90642.7 116739 117608 170944 251664 287814 286329 337785 322429 240133 149903 123906 61614 45515.1 38697.1 42150.5 32159 43301.8 74583.6 91214.2 124227 181142 228126
desembarqueobs
 350755 77701 442110 56441 14545 235359 269955 359681 431902 328805 639364 411747 362871 311530 167758 66681 60226 58785 57116 73181 50977 67692 138656 160484 209506
desembarquepred
 350760 77700.5 442099 56441.8 14545.1 235411 269983 359670 431888 328811 639470 411893 363214 312204 167841 66714.8 60277.4 58789.4 57104.2 73177.6 50977.4 67682.1 138660 160484 209503
Reclutas
 58816.9 77806.8 47099.5 74066.7 116218 77970.5 127986 158606 227207 188972 79340 41326.2 41192.6 21473.3 17421.7 16532.9 11783 18538.5 30000.3 48312.8 56285.9 93686.2 123148 158504 53374
log_desv_Rt
 -0.00233687 0.277462 -0.224505 0.2282 0.678703 0.279564 0.775153 0.989656 1.3491 1.16483 0.296976 -0.35527 -0.358507 -1.00996 -1.21905 -1.27141 -1.61011 -1.15692 -0.67556 -0.199071 -0.0463224 0.463184 0.736624 0.989012 -0.0994431
SSB
 811339 510022 642369 827312 833466 1.21145e+06 1.74105e+06 2.02125e+06 1.99327e+06 2.35398e+06 2.285e+06 1.70178e+06 1.08554e+06 582856 296985 223247 197549 208010 264331 371027 610795 729978 1.01822e+06 1.42675e+06 1.94503e+06
BT
 2.55656e+06 719042 1.36956e+06 1.31673e+06 1.4704e+06 1.59592e+06 3.49411e+06 3.42754e+06 3.99924e+06 3.72803e+06 3.15025e+06 2.23329e+06 1.51976e+06 814928 469367 327447 305243 369060 443133 694332 1.0922e+06 1.073e+06 1.57447e+06 2.28256e+06 2.55128e+06
Ftot
 0.35787 0.293439 0.41676 0.0789574 0.0163553 0.173165 0.113508 0.220772 0.211393 0.145964 0.2887 0.255412 0.388884 0.660371 0.606588 0.292191 0.301038 0.252836 0.201354 0.166244 0.0730326 0.0944198 0.100918 0.101366 0.0933455
BD_Bspro_t
 0.955461 0.786548 0.754629 0.648073 0.757456 0.856182 0.822445 0.828279 0.803677 0.796773 0.773053 0.653345 0.554806 0.447713 0.320985 0.31396 0.371621 0.473542 0.588061 0.708961 0.807458 0.863679 0.879693 0.881255 0.88334
BD_Bspro
 0.669334 0.420755 0.529937 0.68251 0.687587 0.999416 1.43632 1.66748 1.64439 1.94197 1.88506 1.40392 0.895539 0.480841 0.245005 0.184173 0.162973 0.171603 0.218066 0.306087 0.50389 0.602213 0.840005 1.17703 1.6046
BD_Bo
 0.305496 0.19204 0.241873 0.31151 0.313827 0.456151 0.655561 0.761065 0.750529 0.886351 0.860377 0.640775 0.40874 0.219464 0.111825 0.0840599 0.0743838 0.0783225 0.0995291 0.139704 0.229984 0.27486 0.383393 0.537218 0.732366
BD_Brms
 1.08387 0.681341 0.858144 1.10521 1.11343 1.61838 2.32587 2.70019 2.66281 3.1447 3.05254 2.27341 1.45017 0.778641 0.396744 0.298237 0.263907 0.277881 0.353121 0.495656 0.815964 0.975181 1.36025 1.906 2.59837
S_f
 0.205406 1 1 1 1
 0.205406 1 1 1 1
 0.205406 1 1 1 1
 0.205406 1 1 1 1
 0.205406 1 1 1 1
 0.205406 1 1 1 1
 0.205406 1 1 1 1
 0.205406 1 1 1 1
 0.205406 1 1 1 1
 0.205406 1 1 1 1
 0.205406 1 1 1 1
 0.205406 1 1 1 1
 0.205406 1 1 1 1
 0.205406 1 1 1 1
 0.205406 1 1 1 1
 0.205406 1 1 1 1
 0.205406 1 1 1 1
 0.205406 1 1 1 1
 0.205406 1 1 1 1
 0.205406 1 1 1 1
 0.205406 1 1 1 1
 0.205406 1 1 1 1
 0.205406 1 1 1 1
 0.205406 1 1 1 1
 0.205406 1 1 1 1
Scru_reclas
 1 1 1 1 1
 1 1 1 1 1
 1 1 1 1 1
 1 1 1 1 1
 1 1 1 1 1
 1 1 1 1 1
 1 1 1 1 1
 1 1 1 1 1
 1 1 1 1 1
 1 1 1 1 1
 1 1 1 1 1
 1 1 1 1 1
 1 1 1 1 1
 1 1 1 1 1
 1 1 1 1 1
 1 1 1 1 1
 1 1 1 1 1
 1 1 1 1 1
 1 1 1 1 1
 1 1 1 1 1
 1 1 1 1 1
 1 1 1 1 1
 1 1 1 1 1
 1 1 1 1 1
 1 1 1 1 1
Scru_pelaces
 1 1 1 1 1
 1 1 1 1 1
 1 1 1 1 1
 1 1 1 1 1
 1 1 1 1 1
 1 1 1 1 1
 1 1 1 1 1
 1 1 1 1 1
 1 1 1 1 1
 1 1 1 1 1
 1 1 1 1 1
 1 1 1 1 1
 1 1 1 1 1
 1 1 1 1 1
 1 1 1 1 1
 1 1 1 1 1
 1 1 1 1 1
 1 1 1 1 1
 1 1 1 1 1
 1 1 1 1 1
 1 1 1 1 1
 1 1 1 1 1
 1 1 1 1 1
 1 1 1 1 1
 1 1 1 1 1
pf_obs 
 0.256992 0.487395 0.22802 0.0275931 0
 0.321318 0.546541 0.124235 0.00734118 0.000564706
 0.182869 0.594174 0.210203 0.0122559 0.00049798
 0.330522 0.361315 0.267642 0.0388342 0.00168674
 0.649043 0.306663 0.0425973 0.00169635 0
 0.582887 0.30429 0.105238 0.00758474 0
 0.465427 0.430635 0.0974691 0.00646863 0
 0.296916 0.608066 0.0921331 0.00288517 0
 0.311714 0.524322 0.152257 0.0117073 0
 0.15457 0.633149 0.183074 0.0267441 0.00246327
 0.131901 0.49318 0.331252 0.0422183 0.00144891
 0.196976 0.569456 0.194076 0.0375587 0.00193317
 0.518974 0.381816 0.0799577 0.0180837 0.00116848
 0.0928022 0.601141 0.25162 0.0475244 0.00691264
 0.122501 0.610282 0.24278 0.0234846 0.000952079
 0.383417 0.481906 0.127806 0.00687128 0
 0.0376549 0.599619 0.316969 0.0457579 0
 0.0361596 0.667082 0.258105 0.0386534 0
 0.158088 0.579412 0.248529 0.0139706 0
 0.0477256 0.309471 0.559284 0.082774 0.000745712
 0.0406174 0.521527 0.379366 0.0568643 0.0016247
 0.151134 0.462217 0.34131 0.0453401 0
 0.294876 0.26143 0.354403 0.0886775 0.000613685
 0.281977 0.475581 0.204845 0.0348837 0.00271318
 0.0841818 0.532909 0.334909 0.0458182 0.00218182
pf_pred 
 0.346753 0.459536 0.173088 0.0206131 9.84909e-06
 0.328759 0.505235 0.116779 0.0439858 0.0052408
 0.18282 0.597787 0.165135 0.038169 0.0160896
 0.292921 0.402166 0.223051 0.0616165 0.0202454
 0.309716 0.466831 0.127093 0.070489 0.0258701
 0.168888 0.571412 0.175632 0.0478152 0.0362525
 0.27441 0.374974 0.241058 0.0740931 0.0354652
 0.271802 0.480272 0.128124 0.0823669 0.0374348
 0.307971 0.461948 0.151746 0.0404821 0.0378525
 0.210238 0.556349 0.15581 0.0511823 0.0264214
 0.102817 0.52081 0.265136 0.0742535 0.0369832
 0.0884111 0.354428 0.323429 0.164653 0.0690793
 0.146444 0.295714 0.21689 0.197921 0.143031
 0.126414 0.436403 0.151462 0.111089 0.174632
 0.186792 0.398293 0.207272 0.0719378 0.135705
 0.226828 0.461912 0.152449 0.0793346 0.0794764
 0.176924 0.510255 0.186887 0.0616799 0.064254
 0.291627 0.386396 0.199605 0.0731077 0.0492637
 0.343356 0.454445 0.110294 0.0569756 0.0349299
 0.351118 0.477569 0.118561 0.0287746 0.0239773
 0.274443 0.536554 0.139104 0.0345337 0.0153653
 0.321291 0.444871 0.172925 0.0448315 0.0160818
 0.288497 0.502482 0.137006 0.0532554 0.0187594
 0.275014 0.488461 0.16704 0.0455451 0.0239399
 0.0882652 0.600818 0.209481 0.0716367 0.0297992
pobs_RECLAS
 0 0 0 0 0
 0 0 0 0 0
 0 0 0 0 0
 0 0 0 0 0
 0.835266 0.146461 0.0176864 0.000547809 3.91292e-05
 0.385257 0.428462 0.181853 0.0044286 0
 0.867414 0.0963971 0.0333333 0.00285562 0
 0.441836 0.489002 0.0689373 0.000224442 0
 0.779404 0.147425 0.0564933 0.0165055 0.000172143
 0.814271 0.122319 0.05973 0.00367925 0
 0.40263 0.566651 0.0304383 0.000280538 0
 0.475488 0.404961 0.113038 0.00651328 0
 0.955842 0.0263864 0.0167828 0.000988607 0
 0.975058 0.0227948 0.00214734 0 0
 0.738997 0.206755 0.0527124 0.00153531 0
 0.850938 0.134255 0.0134407 0.00136685 0
 0.542534 0.407297 0.0501686 0 0
 0.764087 0.199537 0.0359546 0.000420521 0
 0.470689 0.182191 0.310203 0.0369168 0
 0.84361 0.089868 0.0606195 0.00523954 0.000663233
 0.607945 0.314616 0.071237 0.00620181 0
 0.523733 0.453247 0.0230204 0 0
 0.530135 0.295979 0.169645 0.0042399 0
 0.562478 0.366248 0.0663022 0.0049721 0
 0.250443 0.683176 0.0655157 0.000865301 0
ppred_RECLAS
 0.725283 0.193254 0.0727905 0.00866867 4.14194e-06
 0.70802 0.21977 0.0507973 0.0191332 0.00227967
 0.527786 0.345436 0.0954244 0.0220562 0.00929749
 0.669384 0.188045 0.104294 0.0288106 0.00946634
 0.686129 0.212267 0.057789 0.0320512 0.0117631
 0.499591 0.344045 0.105747 0.0287893 0.0218274
 0.649337 0.181217 0.116499 0.0358077 0.0171396
 0.647783 0.232299 0.0619715 0.0398395 0.0181066
 0.68667 0.209156 0.0687061 0.0183291 0.0171385
 0.56631 0.305513 0.0855613 0.0281062 0.014509
 0.361918 0.370403 0.188567 0.0528096 0.0263027
 0.323845 0.26289 0.239898 0.122128 0.0512383
 0.461007 0.186734 0.136959 0.12498 0.0903194
 0.424763 0.287362 0.0997343 0.0731496 0.114991
 0.538362 0.226101 0.117663 0.0408373 0.0770363
 0.59223 0.243612 0.0804013 0.041841 0.0419158
 0.515691 0.300241 0.109967 0.0362933 0.037808
 0.670262 0.179862 0.0929133 0.0340306 0.0229316
 0.720153 0.193674 0.0470046 0.0242817 0.0148863
 0.726583 0.201232 0.0499574 0.0121247 0.0101032
 0.648884 0.259652 0.067316 0.0167118 0.00743567
 0.698383 0.197699 0.0768473 0.019923 0.00714674
 0.664878 0.236672 0.0645307 0.0250836 0.00883579
 0.649876 0.235896 0.0806702 0.0219955 0.0115615
 0.321344 0.447224 0.155928 0.0533233 0.0221813
pobs_PELACES
 0 0 0 0 0
 0 0 0 0 0
 0 0 0 0 0
 0 0 0 0 0
 0 0 0 0 0
 0 0 0 0 0
 0 0 0 0 0
 0 0 0 0 0
 0 0 0 0 0
 0 0 0 0 0
 0.450072 0.473896 0.0757376 0.000293798 0
 0 0 0 0 0
 0.463077 0.371075 0.160297 0.00555027 0
 0.529543 0.364841 0.0842815 0.0213345 0
 0.631943 0.363953 0.00410389 0 0
 0.735681 0.248677 0.0153453 0.000297389 0
 0.695825 0.281241 0.0229344 0 0
 0.275771 0.60734 0.115278 0.00161068 0
 0 0 0 0 0
 0.896147 0.0623911 0.0374545 0.00400742 0
 0.803859 0.145111 0.0509908 3.86294e-05 0
 0.739449 0.233085 0.0266225 0.000797448 4.60066e-05
 0.878498 0.100942 0.0204185 0.000141795 0
 0.694673 0.275183 0.0284847 0.00165964 0
 0.469039 0.446079 0.0841089 0.000773354 0
ppred_PELACES
 0.74358 0.180382 0.0679424 0.0080913 3.86608e-06
 0.723668 0.207992 0.0480749 0.0181078 0.0021575
 0.554913 0.325592 0.0899427 0.0207892 0.00876339
 0.67395 0.185448 0.102854 0.0284128 0.00933561
 0.687052 0.211643 0.0576191 0.031957 0.0117285
 0.510941 0.336241 0.103349 0.0281364 0.0213324
 0.656083 0.177731 0.114257 0.0351188 0.0168099
 0.660876 0.223664 0.059668 0.0383586 0.0174335
 0.698471 0.201279 0.0661184 0.0176387 0.016493
 0.575686 0.298909 0.0837117 0.0274986 0.0141954
 0.379576 0.360153 0.183348 0.0513481 0.0255748
 0.33868 0.257123 0.234635 0.119449 0.0501142
 0.486424 0.177928 0.130501 0.119087 0.0860603
 0.467523 0.266001 0.0923205 0.067712 0.106443
 0.57757 0.206898 0.10767 0.0373688 0.0704934
 0.610594 0.232641 0.0767804 0.0399567 0.0400281
 0.535371 0.28804 0.105498 0.0348185 0.0362716
 0.684746 0.171962 0.0888321 0.0325358 0.0219243
 0.730669 0.186396 0.0452383 0.0233692 0.0143269
 0.735157 0.194921 0.0483908 0.0117444 0.0097864
 0.653235 0.256435 0.0664819 0.0165047 0.00734354
 0.703573 0.194298 0.0755252 0.0195802 0.00702377
 0.670748 0.232526 0.0634004 0.0246442 0.00868102
 0.6559 0.231838 0.0792824 0.0216171 0.0113626
 0.326705 0.443691 0.154697 0.0529021 0.0220061
pobs_pel_tallas
 0 0 0 0 0 0 0 0 0 0 0 0 0 0 0 0 0 0 0 0 0 0 0 0 0 0 0 0 0 0 0 0 0 0 0 0
 0 0 0 0 0 0 0 0 0 0 0 0 0 0 0 0 0 0 0 0 0 0 0 0 0 0 0 0 0 0 0 0 0 0 0 0
 0 0 0 0 0 0 0 0 0 0 0 0 0 0 0 0 0 0 0 0 0 0 0 0 0 0 0 0 0 0 0 0 0 0 0 0
 0 0 0 0 0 0 0 0 0 0 0 0 0 0 0 0 0 0 0 0 0 0 0 0 0 0 0 0 0 0 0 0 0 0 0 0
 0 0 0 0 0 0 0 0 0 0 0 0 0 0 0 0 0 0 0 0 0 0 0 0 0 0 0 0 0 0 0 0 0 0 0 0
 0 0 0 0 0 0 0 0 0 0 0 0 0 0 0 0 0 0 0 0 0 0 0 0 0 0 0 0 0 0 0 0 0 0 0 0
 0 0 0 0 0 0 0 0 0 0 0 0 0 0 0 0 0 0 0 0 0 0 0 0 0 0 0 0 0 0 0 0 0 0 0 0
 0 0 0 0 0 0 0 0 0 0 0 0 0 0 0 0 0 0 0 0 0 0 0 0 0 0 0 0 0 0 0 0 0 0 0 0
 0 0 0 0 0 0 0 0 0 0 0 0 0 0 0 0 0 0 0 0 0 0 0 0 0 0 0 0 0 0 0 0 0 0 0 0
 0 0 0 0 0 0 0 0 0 0 0 0 0 0 0 0 0 0 0 0 0 0 0 0 0 0 0 0 0 0 0 0 0 0 0 0
 0 0 0 0 0 0 0 0 1.78061e-05 0.00172719 0.00360574 0.0105946 0.0120993 0.0124554 0.0147524 0.0171206 0.0266825 0.0428682 0.0675386 0.121331 0.153587 0.119568 0.100827 0.0573624 0.0630603 0.0341343 0.0324427 0.0444173 0.0211091 0.0280891 0.0125444 0.00206551 0 0 0 0
 0 0 0 0 0 0 0 0 0 0 0 0 0 0 0 0 0 0 0 0 0 0 0 0 0 0 0 0 0 0 0 0 0 0 0 0
 0 0 0 0 0 0 0.0133647 0.0140871 0.0187388 0.0205184 0.03894 0.0496705 0.03968 0.0493445 0.0407372 0.0367815 0.0215668 0.0243155 0.0234873 0.0199281 0.019796 0.0243948 0.0301388 0.0376714 0.0412746 0.0863199 0.0771752 0.113111 0.0741005 0.0525337 0.0229764 0.00759418 0.00175318 0 0 0
 0 0 0 0 0 0 0 0 0 0 0.00219441 0.00772107 0.0458388 0.0604681 0.0671733 0.0775358 0.0609151 0.0617685 0.073594 0.0568108 0.0755445 0.0548602 0.0670107 0.0636378 0.0643287 0.046367 0.0373049 0.0286899 0.0247887 0.0153202 0.00654259 0.00121912 0.000365735 0 0 0
 0 0 0 0 0 0 0 0 0 0 0 0 0.000112435 0.00938835 0.0111873 0.0202946 0.0414886 0.0713402 0.111592 0.104902 0.108894 0.110636 0.117776 0.105296 0.107544 0.0401394 0.0192827 0.0124803 0.00416011 0.0028671 0.000618394 0 0 0 0 0
 0 0 0 0 0 0 0 0 0 0 0.00291406 0.0102884 0.027416 0.0768956 0.0749926 0.110853 0.0956884 0.0897413 0.0766577 0.0534642 0.0500743 0.0551293 0.0594112 0.0620874 0.0668451 0.0424026 0.0208742 0.0120726 0.0048766 0.00582813 0.00118941 0.000297354 0 0 0 0
 0 0.00264628 0.0354308 0.0461629 0.0458689 0.0383711 0.0214643 0.0164657 0.0346957 0.0420465 0.0363128 0.0245516 0.0311673 0.0291091 0.0169068 0.0133784 0.00837989 0.0085269 0.0148486 0.0160247 0.0276389 0.0546898 0.0760071 0.122758 0.109233 0.0665981 0.0333725 0.0166128 0.00676272 0.00308733 0.000882094 0 0 0 0 0
 0 0 0 0 0 0 0 0.000805153 0.000690131 0.00759144 0.0133425 0.0154129 0.00931677 0.000345066 0.00356568 0.00563607 0.00851162 0.0253048 0.0502646 0.0516448 0.0657925 0.0565908 0.0611916 0.0827007 0.0866115 0.110766 0.145733 0.0935128 0.0569358 0.0249597 0.0138026 0.00621118 0.00161031 0.00115022 0 0
 0 0 0 0 0 0 0 0 0 0 0 0 0 0 0 0 0 0 0 0 0 0 0 0 0 0 0 0 0 0 0 0 0 0 0 0
 0.00147267 0.00158595 0.00478618 0.00569244 0.00954404 0.0108468 0.00647125 0.017049 0.0510054 0.094081 0.124002 0.0959785 0.0687766 0.0820023 0.061753 0.0591476 0.0492212 0.0479892 0.0443925 0.0268479 0.0217502 0.0140895 0.0121071 0.0120363 0.00920419 0.00665534 0.0049561 0.00860946 0.00930331 0.0156896 0.0114698 0.00855282 0.00243557 0.00046729 0 2.83206e-05
 0 0 0 0 0.000772559 0.00158375 0.000888443 0.00281984 0.00712685 0.0440552 0.0773331 0.111326 0.0921469 0.0852325 0.0710754 0.0886704 0.0786465 0.0553345 0.0373146 0.0185414 0.00753245 0.00457741 0.012979 0.0271748 0.0457355 0.0583668 0.034881 0.0177882 0.00938659 0.00492506 0.0015258 0.00185414 0.000309023 5.79419e-05 3.86279e-05 0
 0 0.00173294 0.00326652 0 0.00397197 0.00683976 0.00946217 0.0152591 0.00757587 0.0136028 0.0228656 0.0392903 0.0559909 0.0764795 0.0681675 0.0726916 0.0566044 0.0477403 0.0527397 0.0444891 0.0609904 0.0582453 0.0661739 0.0445044 0.0529084 0.0360697 0.0280645 0.0235558 0.0158879 0.00826598 0.00280645 0.00217768 0.000904811 0.00058276 9.20147e-05 0
 0 0 0 0 0 0 0 0 0 0 0 0 0 0 0 0 0 0 0 0 0 0 0 0 0 0 0 0 0 0 0 0 0 0 0 0
 0 0 0 0 0 0 0 0 0 0 0 0 0 0 0 0 0 0 0 0 0 0 0 0 0 0 0 0 0 0 0 0 0 0 0 0
 0 0 0 0 0 0 0 0 0 0 0 0 0 0 0 0 0 0 0 0 0 0 0 0 0 0 0 0 0 0 0 0 0 0 0 0
ppred_pel_tallas
 1.01302e-16 3.24437e-05 0.000190417 0.000905156 0.0034849 0.0108673 0.02745 0.0561664 0.0931024 0.125035 0.136065 0.120026 0.0859314 0.0501769 0.0244021 0.010836 0.00594401 0.00556133 0.00713208 0.00952315 0.0122507 0.0149998 0.0174694 0.0193763 0.0205053 0.0207541 0.020152 0.0188434 0.0170438 0.0149866 0.012875 0.0108551 0.00901084 0.00737515 0.00594946 0.00472105
 1.01474e-16 3.15765e-05 0.000185324 0.000880935 0.00339163 0.0105765 0.0267154 0.0546635 0.0906121 0.121693 0.132436 0.116842 0.0836899 0.0489444 0.023945 0.0108737 0.00630265 0.00618559 0.00803244 0.0107238 0.0137566 0.0167792 0.0194484 0.021444 0.0225293 0.0226031 0.0217195 0.0200659 0.0179094 0.0155311 0.0131688 0.0109849 0.0090606 0.00741275 0.00601898 0.00484212
 1.02507e-16 2.42228e-05 0.00014214 0.000675611 0.00260104 0.00811102 0.020488 0.0419228 0.0694978 0.093352 0.101634 0.089764 0.0645081 0.0381562 0.0194697 0.0102 0.00779679 0.00921506 0.0125568 0.0169045 0.0217298 0.0265444 0.0308225 0.0340622 0.0358879 0.0361336 0.0348739 0.0323909 0.0290925 0.0254107 0.0217137 0.0182555 0.0151686 0.0124873 0.0101869 0.00821978
 1.02934e-16 2.94077e-05 0.000172593 0.000820416 0.00315862 0.00984985 0.02488 0.050908 0.0843869 0.113333 0.123338 0.108814 0.0779406 0.0455836 0.0223054 0.0101421 0.00590738 0.00584393 0.00764872 0.0103006 0.0133559 0.0165119 0.0194676 0.0219308 0.0236679 0.0245496 0.0245702 0.0238332 0.0225118 0.0207999 0.0188701 0.0168508 0.0148248 0.0128407 0.0109304 0.00912162
 1.02534e-16 2.998e-05 0.000175951 0.000836373 0.00322006 0.0100414 0.0253639 0.0518983 0.0860289 0.11554 0.125743 0.110946 0.0794885 0.0465301 0.0228443 0.0105115 0.00628679 0.00633766 0.00830612 0.0111304 0.0143274 0.0175507 0.020457 0.0227221 0.0241024 0.0244867 0.0239159 0.0225611 0.0206712 0.0185082 0.0162924 0.0141723 0.0122219 0.010458 0.0088667 0.00742637
 1.03541e-16 2.23059e-05 0.000130885 0.000622101 0.00239501 0.00746851 0.0188651 0.0386023 0.0639944 0.0859633 0.0935994 0.0826904 0.0594741 0.0352782 0.0181855 0.00982785 0.00787671 0.00954491 0.0130921 0.017666 0.0227549 0.0278668 0.032464 0.0360293 0.0381721 0.0387122 0.0377133 0.0354483 0.0323174 0.028745 0.0250919 0.0216066 0.0184184 0.0155638 0.013026 0.0107708
 1.03673e-16 2.86284e-05 0.000168018 0.000798668 0.00307489 0.00958874 0.0242204 0.0495585 0.0821498 0.110328 0.120068 0.10593 0.0758742 0.044375 0.0217147 0.00987624 0.00575997 0.00571167 0.00749484 0.0101228 0.0131728 0.0163593 0.0193975 0.0220068 0.0239581 0.0251158 0.0254572 0.0250599 0.024066 0.0226382 0.0209231 0.0190321 0.0170413 0.0150032 0.0129621 0.0109639
 1.03053e-16 2.8839e-05 0.000169251 0.000804521 0.00309741 0.00965896 0.0243979 0.0499218 0.0827533 0.111142 0.120963 0.10674 0.0765013 0.0448347 0.0221111 0.0103419 0.00641565 0.00665387 0.00879106 0.0118005 0.0152021 0.0186387 0.0217505 0.0241967 0.0257206 0.0262042 0.025689 0.024352 0.0224511 0.0202565 0.0179939 0.0158134 0.0137876 0.0119309 0.0102279 0.00865773
 1.02381e-16 3.04775e-05 0.000178872 0.000850266 0.00327355 0.0102082 0.0257853 0.0527604 0.0874575 0.117457 0.127827 0.112777 0.0807833 0.0472543 0.023137 0.0105406 0.0061606 0.00609697 0.00795274 0.0106545 0.0137237 0.0168264 0.0196341 0.0218363 0.0231976 0.0236072 0.0230988 0.0218298 0.0200333 0.0179571 0.015812 0.013743 0.0118263 0.0100849 0.00851195 0.00709204
 1.02894e-16 2.51275e-05 0.000147454 0.000700879 0.00269834 0.00841444 0.0212544 0.0434907 0.0720958 0.0968382 0.10542 0.0930859 0.0668471 0.0394428 0.0199475 0.0101611 0.00742094 0.0085567 0.0115994 0.0156142 0.0200901 0.0245753 0.0285885 0.0316706 0.0334767 0.0338518 0.0328588 0.0307484 0.0278844 0.024651 0.0213745 0.0182776 0.0154749 0.0129951 0.0108172 0.00890389
 1.0568e-16 1.65789e-05 9.726e-05 0.000462238 0.00177949 0.00554902 0.0140167 0.0286823 0.0475528 0.0638887 0.0695937 0.0615535 0.0444264 0.0266643 0.0143217 0.00867209 0.00805042 0.0104415 0.0145807 0.0198188 0.0257036 0.0317423 0.0373689 0.0420214 0.0452538 0.0468248 0.0467364 0.045203 0.0425737 0.0392339 0.0355221 0.0316856 0.0278762 0.0241758 0.0206306 0.0172799
 1.09861e-16 1.47914e-05 8.67756e-05 0.000412415 0.00158769 0.00495093 0.0125059 0.0255903 0.0424251 0.056995 0.0620728 0.0548739 0.0395459 0.0236173 0.0124751 0.00724069 0.00642019 0.0082226 0.0115519 0.0158937 0.0209428 0.0263818 0.0318303 0.0368852 0.0411898 0.044492 0.0466719 0.0477301 0.0477473 0.0468369 0.0451084 0.0426551 0.0395645 0.0359376 0.0319063 0.0276372
 1.10024e-16 2.12302e-05 0.000124585 0.000592183 0.00227988 0.00710951 0.0179581 0.0367454 0.0609122 0.0818114 0.0890482 0.0785975 0.0563733 0.0331251 0.0165025 0.00800946 0.00538717 0.00596636 0.00812306 0.0111466 0.0147249 0.0186262 0.0225989 0.0263806 0.0297399 0.032512 0.0346138 0.0360317 0.036792 0.0369276 0.0364572 0.0353833 0.0337076 0.0314544 0.0286894 0.0255268
 1.08698e-16 2.04095e-05 0.000119759 0.000569223 0.00219144 0.00683371 0.0172616 0.0353208 0.0585534 0.0786513 0.0856297 0.0756302 0.054354 0.0321572 0.0164244 0.00863702 0.00665662 0.00793463 0.0108971 0.0148053 0.0192565 0.023886 0.0282946 0.032091 0.0349681 0.0367635 0.0374814 0.0372651 0.0363352 0.0349176 0.0331859 0.0312376 0.0291026 0.0267747 0.024248 0.0215444
 1.06174e-16 2.52059e-05 0.000147923 0.000703127 0.00270703 0.00844156 0.0213228 0.0436299 0.072324 0.097137 0.105725 0.0933065 0.0668999 0.0392621 0.0194667 0.00928478 0.00601442 0.0064604 0.0086632 0.0117441 0.0152971 0.019016 0.0225817 0.0256801 0.0280579 0.0295705 0.0302012 0.0300434 0.0292564 0.0280124 0.0264542 0.0246756 0.0227263 0.0206313 0.0184146 0.0161155
 1.0441e-16 2.66469e-05 0.00015638 0.000743331 0.00286181 0.00892424 0.022542 0.0461248 0.0764599 0.102693 0.111774 0.0986487 0.0707392 0.041533 0.0206238 0.00988476 0.00645736 0.0069572 0.00929957 0.0125344 0.0162042 0.0199526 0.0234117 0.0262286 0.0281326 0.0289905 0.0288287 0.0278091 0.0261741 0.0241783 0.0220332 0.0198772 0.0177772 0.0157488 0.0137858 0.0118842
 1.04483e-16 2.33691e-05 0.000137132 0.000651809 0.00250941 0.00782528 0.0197662 0.0404457 0.0670485 0.0900601 0.0980451 0.0865822 0.0621956 0.0367366 0.0186512 0.009622 0.00718342 0.00839863 0.0114472 0.0154676 0.0199881 0.0245858 0.0288044 0.0322023 0.0344394 0.035348 0.0349612 0.0334838 0.0312257 0.0285167 0.0256363 0.0227758 0.0200357 0.0174496 0.0150172 0.0127331
 1.0346e-16 2.98779e-05 0.000175355 0.000833548 0.00320919 0.0100076 0.0252783 0.0517229 0.0857371 0.115145 0.125305 0.110541 0.0791555 0.0462507 0.0225508 0.0101163 0.00570228 0.00548515 0.00712404 0.00958782 0.0124412 0.0154002 0.0181886 0.0205389 0.0222379 0.0231678 0.0233231 0.0227966 0.021742 0.0203289 0.0187044 0.0169737 0.0152001 0.0134186 0.0116529 0.00992849
 1.02176e-16 3.18808e-05 0.000187113 0.000889445 0.0034244 0.0106787 0.0269735 0.0551915 0.0914867 0.122866 0.133707 0.11795 0.0844552 0.0493352 0.0240303 0.0107344 0.0059772 0.00566796 0.0072946 0.00973976 0.0125207 0.0153182 0.0178273 0.019763 0.0209134 0.0211843 0.0206172 0.0193685 0.0176634 0.0157372 0.0137868 0.0119433 0.0102694 0.00877559 0.00744365 0.00624806
 1.01612e-16 3.20769e-05 0.000188263 0.000894911 0.00344545 0.0107443 0.0271393 0.0555308 0.0920492 0.123622 0.134531 0.118681 0.0849868 0.0496622 0.0242203 0.0108707 0.00612412 0.00586543 0.00756514 0.0100934 0.0129546 0.0158143 0.0183506 0.0202634 0.0213301 0.0214546 0.0206851 0.0191937 0.0172272 0.0150452 0.0128671 0.0108424 0.00904578 0.00749268 0.00616311 0.0050243
 1.01938e-16 2.85073e-05 0.0001673 0.000795239 0.00306166 0.00954746 0.0241163 0.0493459 0.0817996 0.109864 0.11958 0.10554 0.0756829 0.0444397 0.0220735 0.0105865 0.00691681 0.007436 0.00990125 0.0132778 0.0170527 0.0208184 0.0241563 0.0266715 0.0280698 0.0282228 0.0271928 0.0252056 0.0225858 0.0196761 0.0167679 0.0140611 0.011658 0.0095828 0.00781232 0.00630541
 1.02137e-16 3.06997e-05 0.000180178 0.000856472 0.00329745 0.0102828 0.0259735 0.0531455 0.0880956 0.118313 0.128757 0.113593 0.0813585 0.0475718 0.0232572 0.0105364 0.00607782 0.00595162 0.00774442 0.0103797 0.0133838 0.0164318 0.0192051 0.0214007 0.0227864 0.0232481 0.02281 0.0216161 0.0198849 0.0178518 0.0157207 0.0136365 0.011681 0.00988717 0.00825968 0.00679349
 1.02229e-16 2.92699e-05 0.00017178 0.000816541 0.00314369 0.00980327 0.0247624 0.0506678 0.0839898 0.112803 0.122772 0.108339 0.0776526 0.0455203 0.0224692 0.0105419 0.00658158 0.00685418 0.00905744 0.0121432 0.0156148 0.0190973 0.0222123 0.0246021 0.0259989 0.0262825 0.0255027 0.0238552 0.0216233 0.0191065 0.0165584 0.0141522 0.0119763 0.0100525 0.00836414 0.00688153
 1.02475e-16 2.86225e-05 0.000167979 0.00079847 0.00307411 0.0095863 0.0242143 0.0495464 0.0821312 0.110308 0.120057 0.105947 0.0759464 0.0445367 0.022015 0.0103824 0.00655635 0.00688987 0.00913552 0.0122705 0.015809 0.0193809 0.0226097 0.0251364 0.0266881 0.0271356 0.0265164 0.0250115 0.0228905 0.0204411 0.0179099 0.0154688 0.013211 0.0111677 0.00933487 0.00769655
 1.05187e-16 1.42768e-05 8.3737e-05 0.000397931 0.00153186 0.00477679 0.0120662 0.0246921 0.0409414 0.055018 0.0599625 0.0531101 0.0384959 0.0234318 0.013179 0.00889148 0.00919249 0.0123851 0.0173794 0.0235575 0.0304044 0.0373125 0.0435809 0.0485263 0.0516253 0.0526269 0.0515957 0.0488695 0.0449526 0.0403841 0.0356256 0.0309983 0.0266762 0.0227195 0.0191248 0.01587
pSPR Fmed_Fpbrs
0.439976   0.331856 0.331856
Fs Fmed_Fpbrs
0.64   1.005 1.005
SSBpbr Bo_Bmed_Bpbrs
2.65581e+06  1.0357e+06  748556 748556
Ro
58954.5
SPR SPRFo_SPRFmed_SPRFpbrs
1.21216e+06 533321 402262
log_Ro
10.8045
likeval ReclasPelacesDesembMPH_pf_preclas_ppelaces_ptallas_desvR_qrecl_qpela
 96.5018 42.1488 0.0354278 37.5159 333.806 204.289 54.152 0 22.3822 0.000100354 0 0 0 0 0
q_reclas_q_pelaces
0.241824 1
M
0.7
N
 58816.9 18066.4 6804.84 810.392 0.387211
 77806.8 27137.6 6272.54 2362.6 281.498
 47099.5 36377.6 10049.1 2322.73 979.114
 74066.7 21470 11907.8 3289.46 1080.82
 116218 36188.7 9852.24 5464.3 2005.45
 77970.5 57518.7 17679.3 4813.11 3649.2
 127986 37366 24021.4 7383.35 3534.09
 158606 62091.2 16564.4 10648.7 4839.71
 227207 75269.5 24725.4 6596.12 6167.66
 188972 108033 30255.6 9938.73 5130.58
 79340 91069.1 46361.9 12984 6466.9
 41326.2 37130.6 33883.2 17249.4 7236.9
 41192.6 19473.1 14282.4 13033.3 9418.74
 21473.3 18885.2 6554.48 4807.35 7557.16
 17421.7 9310.7 4845.3 1681.65 3172.31
 16532.9 7637.89 2520.8 1311.83 1314.17
 11783 7731.76 2831.85 934.62 973.624
 18538.5 5500.41 2841.4 1040.7 701.275
 30000.3 8740.05 2121.21 1095.78 671.785
 48312.8 14294.1 3548.63 861.252 717.664
 56285.9 23186 6011.07 1492.3 663.978
 93686.2 27534.6 10702.9 2774.78 995.362
 123148 45629.6 12441.3 4836.04 1703.51
 158504 59899.1 20483.9 5585.12 2935.71
 53374 77088.7 26877.7 9191.44 3823.43
pred_Ctot
 3010.57 3989.77 1502.78 178.967 0.0855114
 3284.47 5047.55 1166.68 439.44 52.3582
 2792.76 9131.82 2522.61 583.071 245.785
 857.723 1177.61 653.132 180.424 59.282
 280.367 422.594 115.05 63.8094 23.4187
 1963.46 6643.14 2041.87 555.892 421.465
 2124.03 2902.43 1865.88 573.506 274.513
 5070.3 8959.15 2390.07 1536.5 698.322
 6960.62 10440.7 3429.7 914.956 855.523
 4021.08 10640.9 2980.07 978.931 505.344
 3296.52 16698.3 8500.84 2380.73 1185.76
 1523.64 6108.06 5573.84 2837.56 1190.48
 2284.83 4613.75 3383.93 3087.97 2231.58
 1974.26 6815.47 2365.44 1734.92 2727.29
 1478.34 3152.24 1640.43 569.342 1074.02
 695.019 1415.33 467.115 243.088 243.522
 509.931 1470.66 538.645 177.774 185.193
 676.751 896.673 463.204 169.654 114.322
 876.222 1159.71 281.462 145.398 89.1388
 1168.72 1589.63 394.638 95.7787 79.8104
 603.226 1179.34 305.75 75.9051 33.7729
 1295.57 1793.89 697.3 180.778 64.8483
 1819.14 3168.44 863.903 335.806 118.289
 2351.69 4176.92 1428.39 389.465 204.715
 729.774 4967.54 1731.98 592.29 246.379
F
 0.0735085 0.35787 0.35787 0.35787 0.35787
 0.060274 0.293439 0.293439 0.293439 0.293439
 0.085605 0.41676 0.41676 0.41676 0.41676
 0.0162183 0.0789574 0.0789574 0.0789574 0.0789574
 0.00335947 0.0163553 0.0163553 0.0163553 0.0163553
 0.035569 0.173165 0.173165 0.173165 0.173165
 0.0233151 0.113508 0.113508 0.113508 0.113508
 0.0453479 0.220772 0.220772 0.220772 0.220772
 0.0434213 0.211393 0.211393 0.211393 0.211393
 0.0299819 0.145964 0.145964 0.145964 0.145964
 0.0593007 0.2887 0.2887 0.2887 0.2887
 0.0524631 0.255412 0.255412 0.255412 0.255412
 0.0798791 0.388884 0.388884 0.388884 0.388884
 0.135644 0.660371 0.660371 0.660371 0.660371
 0.124597 0.606588 0.606588 0.606588 0.606588
 0.0600178 0.292191 0.292191 0.292191 0.292191
 0.0618349 0.301038 0.301038 0.301038 0.301038
 0.0519339 0.252836 0.252836 0.252836 0.252836
 0.0413592 0.201354 0.201354 0.201354 0.201354
 0.0341475 0.166244 0.166244 0.166244 0.166244
 0.0150013 0.0730326 0.0730326 0.0730326 0.0730326
 0.0193944 0.0944198 0.0944198 0.0944198 0.0944198
 0.0207292 0.100918 0.100918 0.100918 0.100918
 0.0208211 0.101366 0.101366 0.101366 0.101366
 0.0191737 0.0933455 0.0933455 0.0933455 0.0933455
Np
 38743.3 15650.8 4726.33 6338.31 2611.61
YTP_r0W_actual
 81145.4 817955 427781 182197 78924.7
YTP_p0W_proyectada
 43124.7 270873 528069 235129 129592
 43124.7 163045 71576.4 122584 56051
CTP_r0_actual
 7245.13 37179.8 12963.1 4433.02 1844.03
CTP_p0_proyectada
 5259.11 12540.4 16817.5 5863.57 2912.18
 5259.11 7548.37 2279.5 3056.96 1259.57
Wmedp
 8.2 21.6 31.4 40.1 44.5
nmprior
 10.8 10.6 4.6 0
nm_flota  nm_reclas  nm_pelaces    nm_pelaL
inf 11.1701 16.7327 38.9615
cv_recla  cv_pelaces  cv_mph
0.740477 0.368074 0.509633
 ------------------------------------------------
Talla a la edad & desviaci?n 
 7.2 14.2025 17.0495 18.207 18.6776
 1.08 2.13037 2.55742 2.73105 2.80164
