years
 1997 1998 1999 2000 2001 2002 2003 2004 2005 2006 2007 2008 2009 2010 2011 2012 2013 2014 2015 2016 2017 2018 2019
reclasobs
 0 0 0 370054 412103 1.49427e+06 250295 1.28982e+06 931140 785840 897777 1.04006e+06 184774 17550 25797 100020 73551 82996 120727 218422 84188 347160 605670
reclaspred
 2.72355e+06 690438 1.49386e+06 611570 306872 1.07566e+06 4.22462e+06 3.12725e+06 3.62892e+06 3.25399e+06 4.48368e+06 4.5427e+06 3.29695e+06 2.06596e+06 1.31249e+06 746687 530069 506383 512547 603164 489764 560544 1.26669e+06
pelacesobs
 0 0 0 0 0 0 0 0 0 2.06254e+06 1.5e+06 0 1.87456e+06 323000 250000 174000 83755 137374 0 501740 490994 745055 786931
pelacespred
 2.37608e+06 869043 519633 485415 218544 431598 1.50643e+06 2.21684e+06 2.20066e+06 2.07732e+06 2.6839e+06 2.73201e+06 2.09011e+06 1.37804e+06 834984 479707 323036 280271 297820 323101 309483 310538 541333
mphobs
 0 0 0 0 0 0 112323 0 153150 637223 0 255016 313432 73983 77613 109348 50772 17779 17303 59886 28197 0 207744
mphpred
 1.74661e+06 1.49349e+06 891019 834674 373796 318514 2.61031e+06 2.71572e+06 3.60714e+06 2.91397e+06 3.48813e+06 4.54061e+06 3.31744e+06 2.31991e+06 1.38406e+06 770208 444528 404349 418031 504251 450791 411569 833976
desembarqueobs
 350755 77701 442110 56441 14545 235359 269955 359681 431902 328805 639364 411747 362871 311530 167758 66681 60226 58785 57116 73181 50977 67692 138656
desembarquepred
 309512 78612.9 170094 69634.8 34940 122106 481009 355475 413082 370119 509922 517165 375286 235228 149440 85013.3 60312.7 57627.8 58302.9 68666.7 55729.4 63725.8 144177
Reclutas
 216605 4237.94 699.111 493.017 1337.97 410594 9776.07 412274 80769.1 326501 476207 67463.1 102772 8621.73 3282.48 6734.87 28322.3 18782.1 46229.4 8262.85 25105.4 119010 57643.5
log_desv_Rt
 2.11347 -1.82053 -3.62256 -3.97182 -2.97345 2.753 -0.984673 2.75708 1.12698 2.52382 2.90124 0.94697 1.3679 -1.11032 -2.07601 -1.35731 0.0790376 -0.331708 0.569005 -1.15284 -0.0415293 1.5146 0.789667
SSB
 1.74661e+06 1.49349e+06 891019 834674 373796 318514 2.5476e+06 2.69399e+06 3.54921e+06 2.86736e+06 3.48813e+06 4.54061e+06 3.37159e+06 2.35783e+06 1.42968e+06 815173 485853 431371 428277 538016 461851 411569 854468
BT
 7.89789e+06 1.707e+06 1.02343e+06 952820 431735 1.43286e+06 3.01601e+06 5.89696e+06 4.64435e+06 5.05172e+06 6.82617e+06 5.57987e+06 4.4101e+06 2.72114e+06 1.6474e+06 955007 730327 620041 700482 658488 704689 778782 1.16815e+06
Ftot
 0.110803 0.110803 0.110803 0.110803 0.110803 0.110803 0.110803 0.110803 0.110803 0.110803 0.110803 0.110803 0.110803 0.110803 0.110803 0.110803 0.110803 0.110803 0.110803 0.110803 0.110803 0.110803 0.110803
BD_Bspro_t
 0.986333 0.916703 0.825833 0.741562 0.666875 0.733353 0.903055 0.843292 0.862218 0.814434 0.835896 0.838382 0.781278 0.743126 0.684844 0.634859 0.606944 0.685798 0.731008 0.791767 0.768133 0.791717 0.858075
BD_Bspro
 3.23797 2.76873 1.65183 1.54737 0.692966 0.590481 4.72291 4.99429 6.57974 5.3157 6.46651 8.41766 6.25047 4.3711 2.65043 1.51122 0.900704 0.799702 0.793967 0.997408 0.856207 0.762991 1.58407
BD_Bo
 0.349584 0.298922 0.178338 0.16706 0.0748152 0.0637506 0.509903 0.539203 0.710374 0.573903 0.698149 0.908802 0.674824 0.47192 0.28615 0.163157 0.0972434 0.0863388 0.0857197 0.107684 0.0924394 0.0823754 0.171022
BD_Brms
 1.69185 1.44667 0.863086 0.808507 0.362078 0.308529 2.46774 2.60954 3.43794 2.77747 3.37878 4.39826 3.2659 2.28392 1.38486 0.789618 0.470621 0.417847 0.414851 0.52115 0.447372 0.398666 0.827681
S_f
 0.5 1 1 1 1
 0.5 1 1 1 1
 0.5 1 1 1 1
 0.5 1 1 1 1
 0.5 1 1 1 1
 0.5 1 1 1 1
 0.5 1 1 1 1
 0.5 1 1 1 1
 0.5 1 1 1 1
 0.5 1 1 1 1
 0.5 1 1 1 1
 0.5 1 1 1 1
 0.5 1 1 1 1
 0.5 1 1 1 1
 0.5 1 1 1 1
 0.5 1 1 1 1
 0.5 1 1 1 1
 0.5 1 1 1 1
 0.5 1 1 1 1
 0.5 1 1 1 1
 0.5 1 1 1 1
 0.5 1 1 1 1
 0.5 1 1 1 1
Scru_reclas
 0.5 1 1 1 1
 0.5 1 1 1 1
 0.5 1 1 1 1
 0.5 1 1 1 1
 0.5 1 1 1 1
 0.5 1 1 1 1
 0.5 1 1 1 1
 0.5 1 1 1 1
 0.5 1 1 1 1
 0.5 1 1 1 1
 0.5 1 1 1 1
 0.5 1 1 1 1
 0.5 1 1 1 1
 0.5 1 1 1 1
 0.5 1 1 1 1
 0.5 1 1 1 1
 0.5 1 1 1 1
 0.5 1 1 1 1
 0.5 1 1 1 1
 0.5 1 1 1 1
 0.5 1 1 1 1
 0.5 1 1 1 1
 0.5 1 1 1 1
Scru_pelaces
 0.5 1 1 1 1
 0.5 1 1 1 1
 0.5 1 1 1 1
 0.5 1 1 1 1
 0.5 1 1 1 1
 0.5 1 1 1 1
 0.5 1 1 1 1
 0.5 1 1 1 1
 0.5 1 1 1 1
 0.5 1 1 1 1
 0.5 1 1 1 1
 0.5 1 1 1 1
 0.5 1 1 1 1
 0.5 1 1 1 1
 0.5 1 1 1 1
 0.5 1 1 1 1
 0.5 1 1 1 1
 0.5 1 1 1 1
 0.5 1 1 1 1
 0.5 1 1 1 1
 0.5 1 1 1 1
 0.5 1 1 1 1
 0.5 1 1 1 1
pf_obs 
 0.256992 0.487395 0.22802 0.0275931 0
 0.321318 0.546541 0.124235 0.00734118 0.000564706
 0.182869 0.594174 0.210203 0.0122559 0.00049798
 0.330522 0.361315 0.267642 0.0388342 0.00168674
 0.649043 0.306663 0.0425973 0.00169635 0
 0.582887 0.30429 0.105238 0.00758474 0
 0.465427 0.430635 0.0974691 0.00646863 0
 0.296916 0.608066 0.0921331 0.00288517 0
 0.311714 0.524322 0.152257 0.0117073 0
 0.15457 0.633149 0.183074 0.0267441 0.00246327
 0.131901 0.49318 0.331252 0.0422183 0.00144891
 0.196976 0.569456 0.194076 0.0375587 0.00193317
 0.518974 0.381816 0.0799577 0.0180837 0.00116848
 0.0928022 0.601141 0.25162 0.0475244 0.00691264
 0.122501 0.610282 0.24278 0.0234846 0.000952079
 0.383417 0.481906 0.127806 0.00687128 0
 0.0376549 0.599619 0.316969 0.0457579 0
 0.0361596 0.667082 0.258105 0.0386534 0
 0.158088 0.579412 0.248529 0.0139706 0
 0.0477256 0.309471 0.559284 0.082774 0.000745712
 0.0406174 0.521527 0.379366 0.0568643 0.0016247
 0.151134 0.462217 0.34131 0.0453401 0
 0.294876 0.26143 0.354403 0.0886775 0.000613685
pf_pred 
 0.782126 0.109681 0.0544659 0.027047 0.0266801
 0.0184467 0.864809 0.0587706 0.0291846 0.0287887
 0.00666951 0.0370843 0.842512 0.0572553 0.0564786
 0.0103975 0.0135238 0.0364402 0.82788 0.111759
 0.059077 0.0199674 0.0125857 0.0339124 0.874458
 0.974603 0.00291306 0.00047713 0.000300742 0.021706
 0.0249932 0.962848 0.00139465 0.000228429 0.0105359
 0.697869 0.0151788 0.283374 0.000410457 0.00316802
 0.150054 0.70255 0.00740505 0.138245 0.00174577
 0.540615 0.122669 0.278323 0.00293359 0.0554589
 0.529699 0.333124 0.0366302 0.0831099 0.0174365
 0.0974616 0.631031 0.192315 0.0211468 0.0580461
 0.232332 0.139891 0.438925 0.133768 0.0550842
 0.0339664 0.371377 0.108363 0.340003 0.14629
 0.0273115 0.0658 0.34864 0.101728 0.45652
 0.109138 0.0487905 0.056964 0.301823 0.483285
 0.480558 0.104818 0.0227081 0.0265122 0.365404
 0.321784 0.445078 0.0470446 0.0101919 0.175901
 0.570357 0.212549 0.142468 0.0150588 0.0595677
 0.124918 0.641064 0.115771 0.0775991 0.0406474
 0.429786 0.129749 0.322674 0.0582723 0.0595184
 0.758782 0.146821 0.0214795 0.0534176 0.0194998
 0.313924 0.594491 0.0557443 0.00815524 0.027685
pobs_RECLAS
 0 0 0 0 0
 0 0 0 0 0
 0 0 0 0 0
 0 0 0 0 0
 0.835266 0.146461 0.0176864 0.000547809 3.91292e-05
 0.385257 0.428462 0.181853 0.0044286 0
 0.867414 0.0963971 0.0333333 0.00285562 0
 0.441836 0.489002 0.0689373 0.000224442 0
 0.779404 0.147425 0.0564933 0.0165055 0.000172143
 0.814271 0.122319 0.05973 0.00367925 0
 0.40263 0.566651 0.0304383 0.000280538 0
 0.475488 0.404961 0.113038 0.00651328 0
 0.955842 0.0263864 0.0167828 0.000988607 0
 0.975058 0.0227948 0.00214734 0 0
 0.738997 0.206755 0.0527124 0.00153531 0
 0.850938 0.134255 0.0134407 0.00136685 0
 0.542534 0.407297 0.0501686 0 0
 0.764087 0.199537 0.0359546 0.000420521 0
 0.470689 0.182191 0.310203 0.0369168 0
 0.84361 0.089868 0.0606195 0.00523954 0.000663233
 0.607945 0.314616 0.071237 0.00620181 0
 0.523733 0.453247 0.0230204 0 0
 0.530135 0.295979 0.169645 0.0042399 0
ppred_RECLAS
 0.782735 0.109374 0.0543136 0.0269714 0.0266055
 0.0185116 0.864752 0.0587667 0.0291827 0.0287868
 0.00669326 0.0370834 0.842492 0.057254 0.0564773
 0.0104344 0.0135233 0.0364389 0.827849 0.111755
 0.0592763 0.0199631 0.012583 0.0339052 0.874272
 0.974692 0.00290292 0.000475469 0.000299695 0.0216304
 0.0250806 0.962762 0.00139452 0.000228409 0.0105349
 0.698623 0.015141 0.282667 0.000409432 0.00316012
 0.150512 0.702172 0.00740106 0.138171 0.00174483
 0.541504 0.122432 0.277785 0.00292792 0.0553516
 0.530591 0.332493 0.0365608 0.0829523 0.0174035
 0.0977769 0.63081 0.192248 0.0211395 0.0580258
 0.232971 0.139774 0.43856 0.133657 0.0550383
 0.034084 0.371332 0.10835 0.339962 0.146272
 0.0274068 0.0657935 0.348606 0.101719 0.456475
 0.109486 0.0487715 0.0569418 0.301705 0.483096
 0.481452 0.104637 0.022669 0.0264666 0.364776
 0.322566 0.444565 0.0469904 0.0101802 0.175699
 0.571234 0.212115 0.142177 0.0150281 0.0594461
 0.12531 0.640777 0.115719 0.0775644 0.0406292
 0.430664 0.129549 0.322178 0.0581826 0.0594268
 0.759437 0.146422 0.0214212 0.0532727 0.0194469
 0.314695 0.593823 0.0556817 0.00814608 0.0276539
pobs_PELACES
 0 0 0 0 0
 0 0 0 0 0
 0 0 0 0 0
 0 0 0 0 0
 0 0 0 0 0
 0 0 0 0 0
 0 0 0 0 0
 0 0 0 0 0
 0 0 0 0 0
 0 0 0 0 0
 0.450072 0.473896 0.0757376 0.000293798 0
 0 0 0 0 0
 0.463077 0.371075 0.160297 0.00555027 0
 0.529543 0.364841 0.0842815 0.0213345 0
 0.631943 0.363953 0.00410389 0 0
 0.735681 0.248677 0.0153453 0.000297389 0
 0.695825 0.281241 0.0229344 0 0
 0.275771 0.60734 0.115278 0.00161068 0
 0 0 0 0 0
 0.896147 0.0623911 0.0374545 0.00400742 0
 0.803859 0.145111 0.0509908 3.86294e-05 0
 0.739449 0.233085 0.0266225 0.000797448 4.60066e-05
 0.878498 0.100942 0.0204185 0.000141795 0
ppred_PELACES
 0.785828 0.107817 0.0535404 0.0265874 0.0262267
 0.0188468 0.864457 0.0587467 0.0291727 0.028777
 0.00681591 0.0370788 0.842388 0.0572469 0.0564703
 0.0106248 0.0135207 0.0364318 0.82769 0.111733
 0.060304 0.0199413 0.0125693 0.0338682 0.873317
 0.975139 0.00285163 0.000467069 0.0002944 0.0212483
 0.0255315 0.962316 0.00139388 0.000228303 0.0105301
 0.702458 0.0149483 0.27907 0.000404222 0.0031199
 0.152864 0.700227 0.00738057 0.137788 0.00174
 0.546039 0.121221 0.275037 0.00289895 0.0548041
 0.535142 0.329269 0.0362063 0.0821481 0.0172348
 0.0994016 0.629674 0.191901 0.0211014 0.0579213
 0.236254 0.139176 0.436683 0.133085 0.0548027
 0.0346911 0.371099 0.108282 0.339748 0.14618
 0.0278983 0.0657602 0.34843 0.101667 0.456245
 0.111282 0.0486731 0.056827 0.301097 0.482122
 0.486017 0.103716 0.0224694 0.0262335 0.361564
 0.326573 0.441935 0.0467124 0.0101199 0.174659
 0.575706 0.209903 0.140694 0.0148713 0.0588261
 0.127328 0.639299 0.115452 0.0773854 0.0405355
 0.435152 0.128528 0.319638 0.057724 0.0589583
 0.762761 0.144399 0.0211252 0.0525365 0.0191782
 0.318652 0.590395 0.0553602 0.00809905 0.0274943
pobs_pel_tallas
 0 0 0 0 0 0 0 0 0 0 0 0 0 0 0 0 0 0 0 0 0 0 0 0 0 0 0 0 0 0 0 0 0 0 0 0
 0 0 0 0 0 0 0 0 0 0 0 0 0 0 0 0 0 0 0 0 0 0 0 0 0 0 0 0 0 0 0 0 0 0 0 0
 0 0 0 0 0 0 0 0 0 0 0 0 0 0 0 0 0 0 0 0 0 0 0 0 0 0 0 0 0 0 0 0 0 0 0 0
 0 0 0 0 0 0 0 0 0 0 0 0 0 0 0 0 0 0 0 0 0 0 0 0 0 0 0 0 0 0 0 0 0 0 0 0
 0 0 0 0 0 0 0 0 0 0 0 0 0 0 0 0 0 0 0 0 0 0 0 0 0 0 0 0 0 0 0 0 0 0 0 0
 0 0 0 0 0 0 0 0 0 0 0 0 0 0 0 0 0 0 0 0 0 0 0 0 0 0 0 0 0 0 0 0 0 0 0 0
 0 0 0 0 0 0 0 0 0 0 0 0 0 0 0 0 0 0 0 0 0 0 0 0 0 0 0 0 0 0 0 0 0 0 0 0
 0 0 0 0 0 0 0 0 0 0 0 0 0 0 0 0 0 0 0 0 0 0 0 0 0 0 0 0 0 0 0 0 0 0 0 0
 0 0 0 0 0 0 0 0 0 0 0 0 0 0 0 0 0 0 0 0 0 0 0 0 0 0 0 0 0 0 0 0 0 0 0 0
 0 0 0 0 0 0 0 0 0 0 0 0 0 0 0 0 0 0 0 0 0 0 0 0 0 0 0 0 0 0 0 0 0 0 0 0
 0 0 0 0 0 0 0 0 1.78061e-05 0.00172719 0.00360574 0.0105946 0.0120993 0.0124554 0.0147524 0.0171206 0.0266825 0.0428682 0.0675386 0.121331 0.153587 0.119568 0.100827 0.0573624 0.0630603 0.0341343 0.0324427 0.0444173 0.0211091 0.0280891 0.0125444 0.00206551 0 0 0 0
 0 0 0 0 0 0 0 0 0 0 0 0 0 0 0 0 0 0 0 0 0 0 0 0 0 0 0 0 0 0 0 0 0 0 0 0
 0 0 0 0 0 0 0.0133647 0.0140871 0.0187388 0.0205184 0.03894 0.0496705 0.03968 0.0493445 0.0407372 0.0367815 0.0215668 0.0243155 0.0234873 0.0199281 0.019796 0.0243948 0.0301388 0.0376714 0.0412746 0.0863199 0.0771752 0.113111 0.0741005 0.0525337 0.0229764 0.00759418 0.00175318 0 0 0
 0 0 0 0 0 0 0 0 0 0 0.00219441 0.00772107 0.0458388 0.0604681 0.0671733 0.0775358 0.0609151 0.0617685 0.073594 0.0568108 0.0755445 0.0548602 0.0670107 0.0636378 0.0643287 0.046367 0.0373049 0.0286899 0.0247887 0.0153202 0.00654259 0.00121912 0.000365735 0 0 0
 0 0 0 0 0 0 0 0 0 0 0 0 0.000112435 0.00938835 0.0111873 0.0202946 0.0414886 0.0713402 0.111592 0.104902 0.108894 0.110636 0.117776 0.105296 0.107544 0.0401394 0.0192827 0.0124803 0.00416011 0.0028671 0.000618394 0 0 0 0 0
 0 0 0 0 0 0 0 0 0 0 0.00291406 0.0102884 0.027416 0.0768956 0.0749926 0.110853 0.0956884 0.0897413 0.0766577 0.0534642 0.0500743 0.0551293 0.0594112 0.0620874 0.0668451 0.0424026 0.0208742 0.0120726 0.0048766 0.00582813 0.00118941 0.000297354 0 0 0 0
 0 0.00264628 0.0354308 0.0461629 0.0458689 0.0383711 0.0214643 0.0164657 0.0346957 0.0420465 0.0363128 0.0245516 0.0311673 0.0291091 0.0169068 0.0133784 0.00837989 0.0085269 0.0148486 0.0160247 0.0276389 0.0546898 0.0760071 0.122758 0.109233 0.0665981 0.0333725 0.0166128 0.00676272 0.00308733 0.000882094 0 0 0 0 0
 0 0 0 0 0 0 0 0.000805153 0.000690131 0.00759144 0.0133425 0.0154129 0.00931677 0.000345066 0.00356568 0.00563607 0.00851162 0.0253048 0.0502646 0.0516448 0.0657925 0.0565908 0.0611916 0.0827007 0.0866115 0.110766 0.145733 0.0935128 0.0569358 0.0249597 0.0138026 0.00621118 0.00161031 0.00115022 0 0
 0 0 0 0 0 0 0 0 0 0 0 0 0 0 0 0 0 0 0 0 0 0 0 0 0 0 0 0 0 0 0 0 0 0 0 0
 0.00147267 0.00158595 0.00478618 0.00569244 0.00954404 0.0108468 0.00647125 0.017049 0.0510054 0.094081 0.124002 0.0959785 0.0687766 0.0820023 0.061753 0.0591476 0.0492212 0.0479892 0.0443925 0.0268479 0.0217502 0.0140895 0.0121071 0.0120363 0.00920419 0.00665534 0.0049561 0.00860946 0.00930331 0.0156896 0.0114698 0.00855282 0.00243557 0.00046729 0 2.83206e-05
 0 0 0 0 0.000772559 0.00158375 0.000888443 0.00281984 0.00712685 0.0440552 0.0773331 0.111326 0.0921469 0.0852325 0.0710754 0.0886704 0.0786465 0.0553345 0.0373146 0.0185414 0.00753245 0.00457741 0.012979 0.0271748 0.0457355 0.0583668 0.034881 0.0177882 0.00938659 0.00492506 0.0015258 0.00185414 0.000309023 5.79419e-05 3.86279e-05 0
 0 0.00173294 0.00326652 0 0.00397197 0.00683976 0.00946217 0.0152591 0.00757587 0.0136028 0.0228656 0.0392903 0.0559909 0.0764795 0.0681675 0.0726916 0.0566044 0.0477403 0.0527397 0.0444891 0.0609904 0.0582453 0.0661739 0.0445044 0.0529084 0.0360697 0.0280645 0.0235558 0.0158879 0.00826598 0.00280645 0.00217768 0.000904811 0.00058276 9.20147e-05 0
 0 0 0 0 0 0 0 0 0 0 0 0 0 0 0 0 0 0 0 0 0 0 0 0 0 0 0 0 0 0 0 0 0 0 0 0
ppred_pel_tallas
 1.02935e-16 3.42828e-05 0.000201222 0.000956537 0.00368275 0.0114844 0.0290085 0.0593546 0.0983848 0.132122 0.143758 0.126765 0.0906551 0.0527311 0.0252637 0.0105732 0.00489018 0.00379162 0.00458002 0.00609857 0.00791958 0.00983151 0.0116579 0.013233 0.0144249 0.0151591 0.0154287 0.0152849 0.0148142 0.01411 0.0132506 0.0122883 0.0112518 0.0101557 0.00901272 0.00784252
 1.03463e-16 8.6953e-07 4.9867e-06 2.34585e-05 8.99041e-05 0.000279999 0.000708222 0.00145595 0.00243923 0.00335392 0.00385566 0.00389074 0.00385346 0.00440408 0.00616336 0.00956915 0.014904 0.0223186 0.0317559 0.0428252 0.0547238 0.0662746 0.0761004 0.0828985 0.0857418 0.0843029 0.0789319 0.0705505 0.0604122 0.0498047 0.0397939 0.0310744 0.0239451 0.0183833 0.0141672 0.0109981
 1.16576e-16 3.13333e-07 1.79264e-06 8.43171e-06 3.23141e-05 0.000100593 0.000254108 0.00052093 0.000867697 0.00117829 0.00131676 0.0012443 0.0010741 0.00100594 0.0012222 0.00185178 0.00300767 0.00483236 0.00750814 0.011234 0.0161858 0.022469 0.0300716 0.0388224 0.0483662 0.0581645 0.0675315 0.0757037 0.0819389 0.0856273 0.0863902 0.0841462 0.0791288 0.0718456 0.0629944 0.0533521
 1.34183e-16 4.7528e-07 2.75355e-06 1.30222e-05 5.00271e-05 0.000155869 0.000393669 0.000805964 0.00133813 0.00180382 0.00198084 0.00179018 0.00137654 0.00100051 0.000870076 0.00107969 0.00166805 0.00269601 0.00427999 0.0065855 0.00980459 0.0141281 0.0197126 0.0266414 0.0348828 0.0442527 0.0543912 0.0647639 0.0746938 0.0834271 0.0902244 0.0944643 0.0957378 0.0939123 0.0891572 0.0819147
 1.42155e-16 2.64107e-06 1.54698e-05 7.34794e-05 0.000282807 0.000881792 0.00222728 0.00455764 0.00755636 0.0101529 0.0110615 0.00978846 0.00707633 0.00427385 0.00235569 0.00154958 0.00163733 0.00237615 0.00368375 0.00562325 0.00833497 0.0119842 0.0167265 0.0226759 0.0298717 0.0382422 0.0475736 0.0574925 0.067471 0.076861 0.0849574 0.0910842 0.0946889 0.0954253 0.0932073 0.0882271
 1.01011e-16 4.25333e-05 0.000249669 0.00118688 0.00456968 0.0142502 0.0359947 0.0736481 0.122073 0.16392 0.178323 0.157165 0.112221 0.0649222 0.0304406 0.0115894 0.00362321 0.000999672 0.000351911 0.000279049 0.000350284 0.00046439 0.000602516 0.000761084 0.000938198 0.00113131 0.00133641 0.00154732 0.00175513 0.00194813 0.00211263 0.00223455 0.00230157 0.00230532 0.002243 0.00211816
 1.00834e-16 1.16491e-06 6.71201e-06 3.16413e-05 0.000121377 0.000378121 0.000956185 0.001964 0.00328397 0.00449614 0.00511903 0.00505362 0.00479141 0.0051634 0.00692509 0.0105675 0.0163693 0.0244544 0.0347212 0.0467028 0.0594776 0.0717134 0.0818642 0.0884828 0.0905605 0.0877788 0.0805952 0.0701203 0.0578407 0.045276 0.0336809 0.0238689 0.0161788 0.0105572 0.0066999 0.00419758
 1.04127e-16 3.06444e-05 0.000179868 0.000855033 0.00329196 0.0102657 0.0259302 0.0530556 0.087942 0.118093 0.12848 0.113262 0.0809317 0.046942 0.0222465 0.00890551 0.00354558 0.00222883 0.00259089 0.00368256 0.00524177 0.00721914 0.00958618 0.0122757 0.015166 0.0180821 0.0208087 0.0231131 0.0247763 0.0256269 0.0255702 0.0246057 0.0228294 0.020418 0.0176002 0.0146203
 1.05149e-16 6.70644e-06 3.92701e-05 0.000186481 0.000717639 0.00223761 0.00565277 0.0115716 0.0192012 0.0258471 0.0282861 0.0253293 0.0189581 0.0127315 0.00929385 0.00939808 0.0126055 0.0182598 0.025845 0.0348552 0.0445904 0.0540966 0.062271 0.0680735 0.070765 0.0700852 0.0663116 0.0601706 0.0526425 0.0447219 0.0372153 0.0306283 0.0251541 0.0207419 0.0172022 0.0143071
 1.06605e-16 2.3828e-05 0.00013984 0.000664716 0.00255916 0.00798045 0.020158 0.0412461 0.0683707 0.0918224 0.0999274 0.0881586 0.0631412 0.0369217 0.0180608 0.00821635 0.00482412 0.00487014 0.00653539 0.00905636 0.0121496 0.0156462 0.0193607 0.0230759 0.026564 0.029614 0.0320519 0.0337488 0.0346213 0.0346297 0.0337768 0.032112 0.0297343 0.0267915 0.0234699 0.0199761
 1.0425e-16 2.33606e-05 0.000137079 0.000651548 0.00250839 0.0078221 0.0197582 0.0404296 0.0670229 0.0900288 0.0980193 0.0865791 0.0622358 0.0368452 0.0188614 0.00997878 0.00774296 0.00922057 0.0125805 0.0169323 0.0217555 0.0265659 0.0308434 0.0340972 0.0359681 0.0363098 0.0352163 0.0329834 0.0300214 0.0267493 0.0235066 0.0205055 0.0178301 0.0154687 0.0133608 0.0114402
 1.06361e-16 4.37288e-06 2.55753e-05 0.000121385 0.000467025 0.00145609 0.00367865 0.00753195 0.0125038 0.0168492 0.0184852 0.016662 0.0127058 0.00898754 0.00730368 0.00823733 0.0116013 0.0170498 0.024284 0.0329384 0.0424313 0.0519281 0.0604359 0.0669885 0.0708569 0.0717096 0.0696747 0.0652754 0.0592746 0.0524802 0.0455795 0.0390445 0.0331194 0.0278684 0.0232507 0.0191894
 1.13378e-16 1.03209e-05 6.05392e-05 0.000287705 0.00110756 0.0034537 0.00872385 0.0178512 0.0295947 0.0397581 0.0432997 0.038277 0.0275838 0.016474 0.0087122 0.00509521 0.00460935 0.00605339 0.00873543 0.012394 0.0169308 0.0222382 0.028137 0.034373 0.0406365 0.0465886 0.0518863 0.0562035 0.0592516 0.0608025 0.0607157 0.0589634 0.0556494 0.0510064 0.0453749 0.0391603
 1.20163e-16 1.5399e-06 8.96907e-06 4.24946e-05 0.000163373 0.000509238 0.00128667 0.00263582 0.00438115 0.00592018 0.00653841 0.00599604 0.00479187 0.00380784 0.00374668 0.00490737 0.00733151 0.0110009 0.0158875 0.0218911 0.0287716 0.0361348 0.0434801 0.0502932 0.0561498 0.0607914 0.0641483 0.0662998 0.0673954 0.067568 0.0668764 0.0652973 0.0627618 0.0592162 0.0546814 0.0492857
 1.2978e-16 1.23158e-06 7.18643e-06 3.40806e-05 0.00013108 0.000408607 0.00103213 0.0021128 0.00350604 0.00472037 0.00516813 0.00463378 0.00348252 0.0023723 0.0018038 0.00194986 0.00279382 0.00431911 0.00658452 0.00970263 0.0137912 0.0189325 0.0251448 0.0323607 0.0404114 0.0490181 0.0577925 0.0662514 0.0738501 0.0800345 0.0843058 0.0862899 0.0857955 0.0828468 0.0776832 0.0707274
 1.33696e-16 4.86573e-06 2.85263e-05 0.000135542 0.000521748 0.00162691 0.00410941 0.00840888 0.0139408 0.0187287 0.0203981 0.0180346 0.0130025 0.00777947 0.00414534 0.00248873 0.00235679 0.00322573 0.00483561 0.00715846 0.0102737 0.0142819 0.0192607 0.0252397 0.032178 0.0399416 0.0482847 0.0568397 0.0651262 0.0725839 0.0786304 0.0827364 0.0845056 0.0837393 0.0804727 0.0749748
 1.18149e-16 2.12087e-05 0.000124468 0.000591644 0.00227783 0.00710316 0.017942 0.0367117 0.0608541 0.0817263 0.088937 0.0784548 0.0561741 0.0328124 0.0159832 0.00715349 0.00403156 0.00392617 0.0052143 0.00722219 0.00971944 0.0125995 0.015767 0.0191231 0.0225769 0.0260546 0.0294951 0.0328322 0.0359719 0.0387758 0.0410607 0.0426196 0.0432586 0.0428386 0.0413106 0.0387346
 1.09316e-16 1.42704e-05 8.37013e-05 0.000397765 0.00153123 0.00477482 0.0120612 0.0246818 0.040924 0.0549939 0.059934 0.0530794 0.0384615 0.0233861 0.0131071 0.00877118 0.00899291 0.0120656 0.0168896 0.0228395 0.0293992 0.0359703 0.0418753 0.0464706 0.0492877 0.0501406 0.0491601 0.0467382 0.0434091 0.0397053 0.036041 0.0326509 0.0295949 0.0268088 0.0241745 0.0215839
 1.05326e-16 2.51248e-05 0.000147446 0.00070086 0.0026983 0.00841433 0.021254 0.0434893 0.072091 0.0968246 0.105386 0.0930108 0.066695 0.0391563 0.0194415 0.00931919 0.00609971 0.00660163 0.00887417 0.0120416 0.0156963 0.0195257 0.0232004 0.0263921 0.0288313 0.0303573 0.0309396 0.0306634 0.0296875 0.0281931 0.0263405 0.0242488 0.0219967 0.0196379 0.0172201 0.014798
 1.06401e-16 5.59074e-06 3.27249e-05 0.000155375 0.000597892 0.0018642 0.00470949 0.00964117 0.016 0.0215441 0.0235933 0.0211656 0.0159248 0.0108558 0.00818944 0.00858808 0.0117251 0.0170894 0.0242744 0.0328597 0.0422333 0.0515407 0.0597778 0.0659789 0.0694318 0.0698391 0.0673771 0.0626235 0.0563915 0.0495244 0.0427223 0.0364445 0.0308999 0.0261028 0.0219577 0.0183386
 1.09318e-16 1.89931e-05 0.000111454 0.000529765 0.00203956 0.00636011 0.0160651 0.0328719 0.0544909 0.073186 0.0796576 0.0703035 0.0504134 0.0296023 0.014714 0.00709769 0.00474378 0.00528628 0.00730846 0.0102252 0.0138181 0.0179396 0.0224071 0.0269923 0.0314425 0.035507 0.0389582 0.0416029 0.0432887 0.0439093 0.0434128 0.0418136 0.0392022 0.0357454 0.0316745 0.0272598
 1.03049e-16 3.32784e-05 0.000195322 0.00092848 0.00357472 0.0111474 0.0281575 0.0576137 0.0955002 0.128251 0.139555 0.12308 0.0880658 0.0513172 0.0247584 0.010657 0.00536815 0.00460656 0.00574967 0.00765333 0.00986225 0.0121157 0.0141811 0.0158447 0.0169474 0.0174181 0.017285 0.016659 0.0156964 0.0145556 0.0133609 0.0121855 0.0110535 0.00995636 0.00887378 0.00779153
 1.02542e-16 1.39313e-05 8.16961e-05 0.0003882 0.00149434 0.00465976 0.0117708 0.0240887 0.0399451 0.0536921 0.0585513 0.0519405 0.0378221 0.023367 0.0137571 0.0101741 0.011324 0.0155727 0.0218275 0.0293841 0.0375611 0.0455242 0.0523267 0.0570758 0.0591331 0.0582675 0.0547085 0.0490756 0.0422156 0.0350013 0.0281575 0.0221598 0.0172177 0.0133238 0.0103363 0.00806071
pSPR Fmed_Fpbrs
0.371377   0.256628 0.256628
Fs Fmed_Fpbrs
0.64   1.005 1.005
SSBpbr Bo_Bmed_Bpbrs
4.99625e+06  1.60568e+06  1.03236e+06 1.03236e+06
Ro
26169.9
SPR SPRFo_SPRFmed_SPRFpbrs
539414 200326 138429
log_Ro
9.99237
likeval ReclasPelacesDesembMPH_pf_preclas_ppelaces_ptallas_desvR_qrecl_qpela
 660.302 190.689 13971.8 548.852 537.457 400.506 82.2503 0 128.568 0 0 0 0 0 0
q_reclas_q_pelaces
1 1
M
0.7
N
 216605 15558.6 7726.15 3836.69 3784.64
 4237.94 101766 6915.79 3434.28 3387.69
 699.111 1991.08 45235 3074.08 3032.37
 493.017 328.458 885.036 20107 2714.32
 1337.97 231.63 146 393.399 10144.1
 410594 628.609 102.96 64.897 4683.93
 9776.07 192906 279.417 45.7658 2110.86
 412274 4593.01 85747 124.201 958.621
 80769.1 193696 2041.6 38114.6 481.315
 326501 37947.1 86097.8 907.492 17155.9
 476207 153398 16867.5 38270.6 8029.21
 67463.1 223732 68185.3 7497.63 20580.3
 102772 31695.6 99449.3 30308.4 12480.7
 8621.73 48284.4 14088.7 44205.3 19019.8
 3282.48 4050.68 21462.4 6262.46 28103.6
 6734.87 1542.18 1800.53 9540.08 15275.7
 28322.3 3164.19 685.501 800.337 11030.7
 18782.1 13306.4 1406.48 304.706 5258.89
 46229.4 8824.23 5914.72 625.184 2473.02
 8262.85 21719.6 3922.38 2629.1 1377.16
 25105.4 3882.07 9654.37 1743.5 1780.78
 119010 11795 1725.58 4291.38 1566.55
 57643.5 55913.6 5242.91 767.023 2603.85
pred_Ctot
 8422.38 1181.11 586.52 291.257 287.306
 164.786 7725.42 525.003 260.709 257.172
 27.1839 151.15 3433.96 233.364 230.199
 19.1703 24.9344 67.1864 1526.4 206.054
 52.0252 17.5839 11.0834 29.8644 770.076
 15965.4 47.72 7.81606 4.92657 355.574
 380.128 14644.2 21.2116 3.47425 160.243
 16030.7 348.672 6509.37 9.42857 72.7724
 3140.59 14704.1 154.985 2893.42 36.5384
 12695.5 2880.71 6536 68.8911 1302.37
 18516.6 11645 1280.48 2905.26 609.527
 2623.2 16984.4 5176.2 569.173 1562.33
 3996.13 2406.13 7549.56 2300.83 947.453
 335.244 3665.44 1069.53 3355.79 1443.86
 127.634 307.502 1629.29 475.406 2133.45
 261.876 117.073 136.685 724.222 1159.64
 1101.27 240.205 52.0389 60.7566 837.378
 730.314 1010.14 106.771 23.1313 399.222
 1797.56 669.879 449.008 47.46 187.736
 321.289 1648.81 297.762 199.584 104.545
 976.186 294.702 732.899 132.355 135.186
 4627.54 895.405 130.995 325.774 118.922
 2241.38 4244.6 398.009 58.2276 197.668
F
 0.0554016 0.110803 0.110803 0.110803 0.110803
 0.0554016 0.110803 0.110803 0.110803 0.110803
 0.0554016 0.110803 0.110803 0.110803 0.110803
 0.0554016 0.110803 0.110803 0.110803 0.110803
 0.0554016 0.110803 0.110803 0.110803 0.110803
 0.0554016 0.110803 0.110803 0.110803 0.110803
 0.0554016 0.110803 0.110803 0.110803 0.110803
 0.0554016 0.110803 0.110803 0.110803 0.110803
 0.0554016 0.110803 0.110803 0.110803 0.110803
 0.0554016 0.110803 0.110803 0.110803 0.110803
 0.0554016 0.110803 0.110803 0.110803 0.110803
 0.0554016 0.110803 0.110803 0.110803 0.110803
 0.0554016 0.110803 0.110803 0.110803 0.110803
 0.0554016 0.110803 0.110803 0.110803 0.110803
 0.0554016 0.110803 0.110803 0.110803 0.110803
 0.0554016 0.110803 0.110803 0.110803 0.110803
 0.0554016 0.110803 0.110803 0.110803 0.110803
 0.0554016 0.110803 0.110803 0.110803 0.110803
 0.0554016 0.110803 0.110803 0.110803 0.110803
 0.0554016 0.110803 0.110803 0.110803 0.110803
 0.0554016 0.110803 0.110803 0.110803 0.110803
 0.0554016 0.110803 0.110803 0.110803 0.110803
 0.0554016 0.110803 0.110803 0.110803 0.110803
Np
 30754.9 9240.06 4922.79 4517.7 500.618
YTP_r0W_actual
 111216 652602 84456.8 16129.1 68819.7
YTP_p0W_proyectada
 73722.9 282133 376388 45071.8 10570
 73722.9 96259.7 74551.6 87373.1 10744.4
CTP_r0_actual
 16851 26967 2528.65 369.934 1255.83
CTP_p0_proyectada
 8990.6 13061.7 11986.9 1123.99 237.528
 8990.6 4456.47 2374.25 2178.88 241.447
Wmedp
 8.2 21.6 31.4 40.1 44.5
nmprior
 10.8 10.6 4.6 0
nm_flota  nm_reclas  nm_pelaces    nm_pelaL
inf 1.24166 2.96747 3.30846
cv_recla  cv_pelaces  cv_mph
2.03147 0.845627 2.02889
 ------------------------------------------------
Talla a la edad & desviaci?n 
 7.2 14.2025 17.0495 18.207 18.6776
 1.08 2.13037 2.55742 2.73105 2.80164
