years
 1997 1998 1999 2000 2001 2002 2003 2004 2005 2006 2007 2008 2009 2010 2011 2012 2013 2014 2015 2016 2017 2018 2019 2020 2021 2022 2023
reclasobs
 0 0 0 370054 412103 1.49427e+06 250295 1.28982e+06 931140 785840 897777 1.04006e+06 184774 17550 25797 100020 73551 82996 120727 218422 84188 347160 605670 569463 516374 1.08416e+06 1.01767e+06
reclaspred
 486031 128500 353954 230721 298044 305695 613550 443118 671184 880655 753448 527399 334675 157450 105993 84528.7 73380.6 87101.1 93207.9 189600 324645 297667 481148 596986 663977 577888 509963
pelacesobs
 0 0 0 0 0 0 0 0 0 2.06254e+06 1.5e+06 0 1.87456e+06 323000 250000 174000 83755 137374 0 501740 490994 745055 786931 1.00524e+06 1.33801e+06 1.41789e+06 0
pelacespred
 935441 215125 362273 369943 414876 340500 802525 651183 946450 1.22962e+06 968304 709152 460196 185080 120057 101425 90583.7 104961 111915 225348 441683 401216 533330 748610 821826 788314 651742
mphobs
 0 0 0 0 0 0 112323 0 153150 637223 0 255016 313432 73983 77613 109348 50772 17779 17303 59886 28197 0 207744 136588 643089 65757 70829
mphpred
 614723 358705 413948 451199 436538 593948 759784 833883 832827 1.19568e+06 1.57045e+06 1.1866e+06 735510 406621 188020 144869 118449 120988 144490 180578 408917 558798 666593 911985 1.13434e+06 1.06658e+06 874139
desembarqueobs
 350755 77701 442110 56441 14545 235359 269955 359681 431902 328805 639364 411747 362871 311530 167758 66681 60226 58785 57116 73181 50977 67692 138656 160484 209506 203330 245020
desembarquepred
 350760 77699.7 442093 56443.2 14545.3 235511 270013 359652 431828 328718 639562 411914 362981 312033 167754 66712.1 60292.4 58792.8 57105.3 73162.9 50974.6 67676.5 138657 160477 209504 203334 245028
Reclutas
 44900.1 56331.8 29295.6 40306.7 57336.9 36337.4 64799.9 82092 148086 208251 69774.5 38820.7 46842.5 21000.7 17035.1 12748.6 8539.87 11436.7 15749.9 41717.6 49817.8 55244.1 79096.4 106851 38049.4 48341.2 74384.4
log_desv_Rt
 0.0451302 0.271949 -0.381872 -0.0627919 0.289635 -0.166463 0.411995 0.648531 1.23848 1.57943 0.485958 -0.100357 0.0874798 -0.714756 -0.924033 -1.21389 -1.61456 -1.32248 -1.00248 -0.0283864 0.149062 0.252451 0.611358 0.912121 -0.120424 0.118975 0.549936
SSB
 614723 358705 413948 451199 436538 593948 738430 823643 813618 1.17297e+06 1.57045e+06 1.1866e+06 754192 420091 200265 156546 134278 132030 149149 195304 418782 558798 683832 896491 1.21396e+06 1.17369e+06 908336
BT
 1.9588e+06 517738 889070 723150 754995 799603 1.62646e+06 1.56813e+06 2.0889e+06 2.50894e+06 2.29404e+06 1.64218e+06 1.18273e+06 634865 360164 237929 214671 235861 249297 460779 830963 781591 1.05198e+06 1.47442e+06 1.63534e+06 1.59291e+06 1.38264e+06
Ftot
 0.498101 0.437415 0.692103 0.149239 0.0320126 0.375535 0.282054 0.578298 0.546859 0.289215 0.420249 0.367078 0.575722 0.951235 0.928744 0.422514 0.4605 0.419178 0.378021 0.321892 0.1043 0.126128 0.157907 0.165729 0.151336 0.173882 0.269874
BD_Bspro_t
 0.939028 0.721154 0.66235 0.503835 0.622636 0.743477 0.664484 0.662308 0.626529 0.661065 0.694669 0.556918 0.450588 0.353061 0.231303 0.230468 0.270491 0.346085 0.431462 0.554412 0.73815 0.825052 0.828417 0.822802 0.82661 0.77639 0.727429
BD_Bspro
 0.693463 0.404652 0.466971 0.508993 0.492454 0.670026 0.833015 0.929142 0.917834 1.32321 1.7716 1.33859 0.850796 0.4739 0.225917 0.176597 0.151478 0.148942 0.168254 0.22032 0.472423 0.630373 0.771424 1.01132 1.36946 1.32402 1.02468
BD_Bo
 0.383798 0.223955 0.258446 0.281703 0.272549 0.370827 0.461033 0.514235 0.507977 0.732336 0.980498 0.740844 0.470875 0.262281 0.125034 0.0977381 0.0838355 0.0824322 0.0931203 0.121936 0.261464 0.348881 0.426946 0.559718 0.757928 0.732783 0.567113
BD_Brms
 1.32417 0.772683 0.891681 0.971923 0.94034 1.27942 1.59064 1.7742 1.7526 2.52668 3.38288 2.55604 1.6246 0.904912 0.431388 0.337213 0.289246 0.284405 0.32128 0.420701 0.902092 1.2037 1.47303 1.93112 2.61498 2.52822 1.95663
S_f
 0.178909 1 1 1 1
 0.178909 1 1 1 1
 0.178909 1 1 1 1
 0.178909 1 1 1 1
 0.178909 1 1 1 1
 0.178909 1 1 1 1
 0.178909 1 1 1 1
 0.178909 1 1 1 1
 0.178909 1 1 1 1
 0.178909 1 1 1 1
 0.178909 1 1 1 1
 0.178909 1 1 1 1
 0.178909 1 1 1 1
 0.178909 1 1 1 1
 0.178909 1 1 1 1
 0.178909 1 1 1 1
 0.178909 1 1 1 1
 0.178909 1 1 1 1
 0.178909 1 1 1 1
 0.178909 1 1 1 1
 0.178909 1 1 1 1
 0.178909 1 1 1 1
 0.178909 1 1 1 1
 0.178909 1 1 1 1
 0.178909 1 1 1 1
 0.178909 1 1 1 1
 0.178909 1 1 1 1
Scru_reclas
 1 1 1 1 1
 1 1 1 1 1
 1 1 1 1 1
 1 1 1 1 1
 1 1 1 1 1
 1 1 1 1 1
 1 1 1 1 1
 1 1 1 1 1
 1 1 1 1 1
 1 1 1 1 1
 1 1 1 1 1
 1 1 1 1 1
 1 1 1 1 1
 1 1 1 1 1
 1 1 1 1 1
 1 1 1 1 1
 1 1 1 1 1
 1 1 1 1 1
 1 1 1 1 1
 1 1 1 1 1
 1 1 1 1 1
 1 1 1 1 1
 1 1 1 1 1
 1 1 1 1 1
 1 1 1 1 1
 1 1 1 1 1
 1 1 1 1 1
Scru_pelaces
 1 1 1 1 1
 1 1 1 1 1
 1 1 1 1 1
 1 1 1 1 1
 1 1 1 1 1
 1 1 1 1 1
 1 1 1 1 1
 1 1 1 1 1
 1 1 1 1 1
 1 1 1 1 1
 1 1 1 1 1
 1 1 1 1 1
 1 1 1 1 1
 1 1 1 1 1
 1 1 1 1 1
 1 1 1 1 1
 1 1 1 1 1
 1 1 1 1 1
 1 1 1 1 1
 1 1 1 1 1
 1 1 1 1 1
 1 1 1 1 1
 1 1 1 1 1
 1 1 1 1 1
 1 1 1 1 1
 1 1 1 1 1
 1 1 1 1 1
pf_obs 
 0.256992 0.487395 0.22802 0.0275931 0
 0.321318 0.546541 0.124235 0.00734118 0.000564706
 0.182869 0.594174 0.210203 0.0122559 0.00049798
 0.330522 0.361315 0.267642 0.0388342 0.00168674
 0.649043 0.306663 0.0425973 0.00169635 0
 0.582887 0.30429 0.105238 0.00758474 0
 0.465427 0.430635 0.0974691 0.00646863 0
 0.296916 0.608066 0.0921331 0.00288517 0
 0.311714 0.524322 0.152257 0.0117073 0
 0.15457 0.633149 0.183074 0.0267441 0.00246327
 0.131901 0.49318 0.331252 0.0422183 0.00144891
 0.196976 0.569456 0.194076 0.0375587 0.00193317
 0.518974 0.381816 0.0799577 0.0180837 0.00116848
 0.0928022 0.601141 0.25162 0.0475244 0.00691264
 0.122501 0.610282 0.24278 0.0234846 0.000952079
 0.383417 0.481906 0.127806 0.00687128 0
 0.0376549 0.599619 0.316969 0.0457579 0
 0.0361596 0.667082 0.258105 0.0386534 0
 0.158088 0.579412 0.248529 0.0139706 0
 0.0477256 0.309471 0.559284 0.082774 0.000745712
 0.0406174 0.521527 0.379366 0.0568643 0.0016247
 0.151134 0.462217 0.34131 0.0453401 0
 0.294876 0.26143 0.354403 0.0886775 0.000613685
 0.281977 0.475581 0.204845 0.0348837 0.00271318
 0.0841818 0.532909 0.334909 0.0458182 0.00218182
 0.115287 0.27431 0.454777 0.147771 0.00785563
 0 0 0 0 0
pf_pred 
 0.324318 0.475147 0.17917 0.0213552 9.59025e-06
 0.307632 0.535121 0.110578 0.0416972 0.0049721
 0.16156 0.63178 0.159724 0.0330057 0.01393
 0.262349 0.443343 0.221767 0.0560663 0.0164753
 0.265999 0.499527 0.140924 0.0704923 0.0230586
 0.149717 0.572012 0.189378 0.0534264 0.0354666
 0.290786 0.383191 0.219325 0.072613 0.0340841
 0.29721 0.50843 0.105014 0.0601062 0.0292404
 0.39688 0.456761 0.105882 0.0218695 0.0186067
 0.338425 0.547119 0.0866806 0.0200935 0.00768125
 0.101252 0.688512 0.173864 0.0275454 0.00882628
 0.0964468 0.392677 0.391371 0.0988297 0.0206748
 0.189921 0.336234 0.205929 0.205244 0.0626709
 0.134006 0.548536 0.131765 0.0807006 0.104992
 0.214247 0.456199 0.208745 0.0501432 0.0706653
 0.20666 0.560713 0.13506 0.0618 0.035766
 0.163417 0.535571 0.212748 0.051245 0.0370188
 0.258757 0.427076 0.201126 0.0798945 0.0331462
 0.300498 0.492576 0.119223 0.0561468 0.0315566
 0.458796 0.401396 0.0984506 0.023829 0.0175292
 0.285961 0.604412 0.0813071 0.0199423 0.00837756
 0.229996 0.540084 0.19462 0.0261807 0.00911894
 0.262902 0.470991 0.186648 0.0672589 0.0121993
 0.265922 0.500684 0.149134 0.0591003 0.0251596
 0.08736 0.626261 0.195327 0.0581803 0.0328715
 0.154301 0.30839 0.368706 0.114997 0.053606
 0.248269 0.394727 0.130184 0.155646 0.0711741
pobs_RECLAS
 0 0 0 0 0
 0 0 0 0 0
 0 0 0 0 0
 0 0 0 0 0
 0.835266 0.146461 0.0176864 0.000547809 3.91292e-05
 0.385257 0.428462 0.181853 0.0044286 0
 0.867414 0.0963971 0.0333333 0.00285562 0
 0.441836 0.489002 0.0689373 0.000224442 0
 0.779404 0.147425 0.0564933 0.0165055 0.000172143
 0.814271 0.122319 0.05973 0.00367925 0
 0.40263 0.566651 0.0304383 0.000280538 0
 0.475488 0.404961 0.113038 0.00651328 0
 0.955842 0.0263864 0.0167828 0.000988607 0
 0.975058 0.0227948 0.00214734 0 0
 0.738997 0.206755 0.0527124 0.00153531 0
 0.850938 0.134255 0.0134407 0.00136685 0
 0.542534 0.407297 0.0501686 0 0
 0.764087 0.199537 0.0359546 0.000420521 0
 0.470689 0.182191 0.310203 0.0369168 0
 0.84361 0.089868 0.0606195 0.00523954 0.000663233
 0.607945 0.314616 0.071237 0.00620181 0
 0.523733 0.453247 0.0230204 0 0
 0.530135 0.295979 0.169645 0.0042399 0
 0.562478 0.366248 0.0663022 0.0049721 0
 0.250443 0.683176 0.0655157 0.000865301 0
 0.195077 0.31981 0.436473 0.0351445 0.0134964
 0.565238 0.351407 0.0832357 0.000118908 0
ppred_RECLAS
 0.735007 0.186346 0.0702678 0.00837519 3.76116e-06
 0.718673 0.217434 0.0449308 0.0169426 0.00202029
 0.531352 0.353135 0.0892782 0.0184486 0.00778618
 0.667088 0.200086 0.100086 0.0253035 0.00743554
 0.669831 0.224698 0.0633905 0.0317089 0.0103722
 0.501849 0.335122 0.11095 0.0313007 0.0207786
 0.699689 0.162259 0.0928716 0.0307474 0.0144326
 0.71109 0.20901 0.0431701 0.024709 0.0120204
 0.792485 0.157157 0.0364308 0.0075246 0.00640199
 0.744134 0.2116 0.033524 0.00777122 0.00297075
 0.392773 0.465184 0.117469 0.0186107 0.00596336
 0.379005 0.26988 0.268982 0.0679238 0.0142094
 0.577019 0.175564 0.107526 0.107168 0.0327235
 0.483672 0.327051 0.0785618 0.0481158 0.0625989
 0.622103 0.219403 0.100393 0.0241157 0.0339854
 0.599342 0.283175 0.068209 0.0312107 0.0180628
 0.529461 0.301234 0.119661 0.0288229 0.0208214
 0.667121 0.191792 0.0903223 0.0358792 0.0148854
 0.710842 0.203619 0.0492841 0.0232098 0.0130448
 0.828498 0.127198 0.0311979 0.00755115 0.0055548
 0.69236 0.260408 0.0350307 0.00859201 0.00360943
 0.626951 0.261658 0.0942886 0.0126839 0.00441791
 0.667837 0.212246 0.0841106 0.0303093 0.00549743
 0.671376 0.224141 0.0667629 0.0264574 0.0112632
 0.350387 0.44577 0.139033 0.0414125 0.0233977
 0.507265 0.179679 0.214821 0.0670014 0.0312328
 0.652191 0.182632 0.0602332 0.0720138 0.0329307
pobs_PELACES
 0 0 0 0 0
 0 0 0 0 0
 0 0 0 0 0
 0 0 0 0 0
 0 0 0 0 0
 0 0 0 0 0
 0 0 0 0 0
 0 0 0 0 0
 0 0 0 0 0
 0 0 0 0 0
 0.450072 0.473896 0.0757376 0.000293798 0
 0 0 0 0 0
 0.463077 0.371075 0.160297 0.00555027 0
 0.529543 0.364841 0.0842815 0.0213345 0
 0.631943 0.363953 0.00410389 0 0
 0.735681 0.248677 0.0153453 0.000297389 0
 0.695825 0.281241 0.0229344 0 0
 0.275771 0.60734 0.115278 0.00161068 0
 0 0 0 0 0
 0.896147 0.0623911 0.0374545 0.00400742 0
 0.803859 0.145111 0.0509908 3.86294e-05 0
 0.739449 0.233085 0.0266225 0.000797448 4.60066e-05
 0.878498 0.100942 0.0204185 0.000141795 0
 0.694673 0.275183 0.0284847 0.00165964 0
 0.469039 0.446079 0.0841089 0.000773354 0
 0.822795 0.102175 0.0682046 0.00682512 0
 0 0 0 0 0
ppred_PELACES
 0.760449 0.168455 0.0635214 0.00757109 3.40005e-06
 0.742004 0.199401 0.0412046 0.0155376 0.00185275
 0.577643 0.318253 0.0804597 0.0166263 0.0070171
 0.676007 0.194726 0.097405 0.0246256 0.00723633
 0.671746 0.223394 0.0630227 0.0315249 0.010312
 0.52726 0.318027 0.10529 0.029704 0.0197187
 0.715499 0.153717 0.0879823 0.0291287 0.0136728
 0.74219 0.186512 0.0385231 0.0220492 0.0107265
 0.8158 0.1395 0.0323377 0.00667919 0.00568271
 0.758767 0.199498 0.0316067 0.00732678 0.00280085
 0.420237 0.444144 0.112156 0.017769 0.00569364
 0.40268 0.259591 0.258727 0.0653342 0.0136677
 0.614566 0.15998 0.0979808 0.097655 0.0298188
 0.547955 0.286333 0.0687808 0.0421253 0.0548054
 0.679209 0.186248 0.0852222 0.0204714 0.0288498
 0.626495 0.263985 0.0635865 0.0290955 0.0168386
 0.560393 0.281432 0.111794 0.0269282 0.0194526
 0.691848 0.177546 0.0836129 0.033214 0.0137797
 0.731433 0.18912 0.0457746 0.021557 0.0121159
 0.840539 0.118268 0.0290076 0.00702102 0.00516482
 0.698347 0.25534 0.034349 0.00842481 0.00353919
 0.634909 0.256076 0.0922773 0.0124134 0.00432366
 0.677259 0.206225 0.0817246 0.0294495 0.00534149
 0.681206 0.217436 0.0647658 0.0256659 0.0109263
 0.359777 0.439327 0.137023 0.0408139 0.0230595
 0.519035 0.175387 0.20969 0.0654009 0.0304867
 0.668588 0.174021 0.0573935 0.0686187 0.0313782
pobs_pel_tallas
 0 0 0 0 0 0 0 0 0 0 0 0 0 0 0 0 0 0 0 0 0 0 0 0 0 0 0 0 0 0 0 0 0 0 0 0
 0 0 0 0 0 0 0 0 0 0 0 0 0 0 0 0 0 0 0 0 0 0 0 0 0 0 0 0 0 0 0 0 0 0 0 0
 0 0 0 0 0 0 0 0 0 0 0 0 0 0 0 0 0 0 0 0 0 0 0 0 0 0 0 0 0 0 0 0 0 0 0 0
 0 0 0 0 0 0 0 0 0 0 0 0 0 0 0 0 0 0 0 0 0 0 0 0 0 0 0 0 0 0 0 0 0 0 0 0
 0 0 0 0 0 0 0 0 0 0 0 0 0 0 0 0 0 0 0 0 0 0 0 0 0 0 0 0 0 0 0 0 0 0 0 0
 0 0 0 0 0 0 0 0 0 0 0 0 0 0 0 0 0 0 0 0 0 0 0 0 0 0 0 0 0 0 0 0 0 0 0 0
 0 0 0 0 0 0 0 0 0 0 0 0 0 0 0 0 0 0 0 0 0 0 0 0 0 0 0 0 0 0 0 0 0 0 0 0
 0 0 0 0 0 0 0 0 0 0 0 0 0 0 0 0 0 0 0 0 0 0 0 0 0 0 0 0 0 0 0 0 0 0 0 0
 0 0 0 0 0 0 0 0 0 0 0 0 0 0 0 0 0 0 0 0 0 0 0 0 0 0 0 0 0 0 0 0 0 0 0 0
 0 0 0 0 0 0 0 0 0 0 0 0 0 0 0 0 0 0 0 0 0 0 0 0 0 0 0 0 0 0 0 0 0 0 0 0
 0 0 0 0 0 0 0 0 1.78061e-05 0.00172719 0.00360574 0.0105946 0.0120993 0.0124554 0.0147524 0.0171206 0.0266825 0.0428682 0.0675386 0.121331 0.153587 0.119568 0.100827 0.0573624 0.0630603 0.0341343 0.0324427 0.0444173 0.0211091 0.0280891 0.0125444 0.00206551 0 0 0 0
 0 0 0 0 0 0 0 0 0 0 0 0 0 0 0 0 0 0 0 0 0 0 0 0 0 0 0 0 0 0 0 0 0 0 0 0
 0 0 0 0 0 0 0.0133647 0.0140871 0.0187388 0.0205184 0.03894 0.0496705 0.03968 0.0493445 0.0407372 0.0367815 0.0215668 0.0243155 0.0234873 0.0199281 0.019796 0.0243948 0.0301388 0.0376714 0.0412746 0.0863199 0.0771752 0.113111 0.0741005 0.0525337 0.0229764 0.00759418 0.00175318 0 0 0
 0 0 0 0 0 0 0 0 0 0 0.00219441 0.00772107 0.0458388 0.0604681 0.0671733 0.0775358 0.0609151 0.0617685 0.073594 0.0568108 0.0755445 0.0548602 0.0670107 0.0636378 0.0643287 0.046367 0.0373049 0.0286899 0.0247887 0.0153202 0.00654259 0.00121912 0.000365735 0 0 0
 0 0 0 0 0 0 0 0 0 0 0 0 0.000112435 0.00938835 0.0111873 0.0202946 0.0414886 0.0713402 0.111592 0.104902 0.108894 0.110636 0.117776 0.105296 0.107544 0.0401394 0.0192827 0.0124803 0.00416011 0.0028671 0.000618394 0 0 0 0 0
 0 0 0 0 0 0 0 0 0 0 0.00291406 0.0102884 0.027416 0.0768956 0.0749926 0.110853 0.0956884 0.0897413 0.0766577 0.0534642 0.0500743 0.0551293 0.0594112 0.0620874 0.0668451 0.0424026 0.0208742 0.0120726 0.0048766 0.00582813 0.00118941 0.000297354 0 0 0 0
 0 0.00264628 0.0354308 0.0461629 0.0458689 0.0383711 0.0214643 0.0164657 0.0346957 0.0420465 0.0363128 0.0245516 0.0311673 0.0291091 0.0169068 0.0133784 0.00837989 0.0085269 0.0148486 0.0160247 0.0276389 0.0546898 0.0760071 0.122758 0.109233 0.0665981 0.0333725 0.0166128 0.00676272 0.00308733 0.000882094 0 0 0 0 0
 0 0 0 0 0 0 0 0.000805153 0.000690131 0.00759144 0.0133425 0.0154129 0.00931677 0.000345066 0.00356568 0.00563607 0.00851162 0.0253048 0.0502646 0.0516448 0.0657925 0.0565908 0.0611916 0.0827007 0.0866115 0.110766 0.145733 0.0935128 0.0569358 0.0249597 0.0138026 0.00621118 0.00161031 0.00115022 0 0
 0 0 0 0 0 0 0 0 0 0 0 0 0 0 0 0 0 0 0 0 0 0 0 0 0 0 0 0 0 0 0 0 0 0 0 0
 0.00147267 0.00158595 0.00478618 0.00569244 0.00954404 0.0108468 0.00647125 0.017049 0.0510054 0.094081 0.124002 0.0959785 0.0687766 0.0820023 0.061753 0.0591476 0.0492212 0.0479892 0.0443925 0.0268479 0.0217502 0.0140895 0.0121071 0.0120363 0.00920419 0.00665534 0.0049561 0.00860946 0.00930331 0.0156896 0.0114698 0.00855282 0.00243557 0.00046729 0 2.83206e-05
 0 0 0 0 0.000772559 0.00158375 0.000888443 0.00281984 0.00712685 0.0440552 0.0773331 0.111326 0.0921469 0.0852325 0.0710754 0.0886704 0.0786465 0.0553345 0.0373146 0.0185414 0.00753245 0.00457741 0.012979 0.0271748 0.0457355 0.0583668 0.034881 0.0177882 0.00938659 0.00492506 0.0015258 0.00185414 0.000309023 5.79419e-05 3.86279e-05 0
 0 0.00173294 0.00326652 0 0.00397197 0.00683976 0.00946217 0.0152591 0.00757587 0.0136028 0.0228656 0.0392903 0.0559909 0.0764795 0.0681675 0.0726916 0.0566044 0.0477403 0.0527397 0.0444891 0.0609904 0.0582453 0.0661739 0.0445044 0.0529084 0.0360697 0.0280645 0.0235558 0.0158879 0.00826598 0.00280645 0.00217768 0.000904811 0.00058276 9.20147e-05 0
 0 0 0 0 0 0 0 0 0 0 0 0 0 0 0 0 0 0 0 0 0 0 0 0 0 0 0 0 0 0 0 0 0 0 0 0
 0 0 0 0 0 0 0 0 0 0 0 0 0 0 0 0 0 0 0 0 0 0 0 0 0 0 0 0 0 0 0 0 0 0 0 0
 0 0 0 0 0 0 0 0 0 0 0 0 0 0 0 0 0 0 0 0 0 0 0 0 0 0 0 0 0 0 0 0 0 0 0 0
 0 0 0 0 0 0 0 0 0 0 0 0 0 0 0 0 0 0 0 0 0 0 0 0 0 0 0 0 0 0 0 0 0 0 0 0
 0 0 0 0 0 0 0 0 0 0 0 0 0 0 0 0 0 0 0 0 0 0 0 0 0 0 0 0 0 0 0 0 0 0 0 0
ppred_pel_tallas
 1.01217e-16 3.31788e-05 0.000194734 0.00092568 0.00356392 0.0111138 0.0280725 0.05744 0.0952131 0.127868 0.139144 0.122732 0.0878485 0.0512546 0.0248482 0.0109014 0.00579153 0.00525379 0.0066731 0.00889626 0.0114422 0.0140097 0.0163167 0.0180983 0.0191534 0.0193866 0.0188253 0.0176039 0.015924 0.0140032 0.0120314 0.0101449 0.00842215 0.00689399 0.00556179 0.00441375
 1.01271e-16 3.23756e-05 0.000190016 0.000903246 0.00347754 0.0108444 0.027392 0.056048 0.0929066 0.124773 0.135785 0.119787 0.0857813 0.0501301 0.024455 0.0109864 0.0062022 0.00594795 0.00766832 0.0102192 0.0130952 0.0159532 0.0184626 0.0203167 0.0212905 0.0212904 0.0203728 0.0187228 0.0166023 0.0142855 0.0120041 0.00991531 0.00809638 0.00656053 0.00528195 0.00421973
 1.02146e-16 2.52137e-05 0.000147958 0.000703271 0.00270754 0.00844314 0.0213269 0.0436392 0.0723425 0.0971711 0.105787 0.0934188 0.0671066 0.039637 0.0201212 0.0103718 0.00772272 0.0089953 0.01221 0.0164166 0.0210801 0.0257173 0.0298122 0.0328747 0.0345406 0.0346526 0.0332914 0.0307423 0.0274139 0.0237377 0.0200808 0.0166954 0.013711 0.0111575 0.00900393 0.00719522
 1.02631e-16 2.94978e-05 0.000173121 0.000822924 0.00316828 0.00987996 0.024956 0.0510637 0.0846451 0.11368 0.123718 0.109154 0.0781932 0.04575 0.0224214 0.0102525 0.00604955 0.00604448 0.00792488 0.01066 0.0137941 0.0170092 0.0199881 0.0224245 0.0240772 0.0248181 0.0246519 0.0237009 0.0221614 0.0202505 0.0181595 0.0160294 0.0139473 0.0119592 0.0100889 0.0083533
 1.02533e-16 2.93131e-05 0.000172034 0.000817752 0.00314835 0.00981782 0.0247991 0.0507428 0.084114 0.112969 0.12295 0.108492 0.0777509 0.0455557 0.0224456 0.0104625 0.00644157 0.00664139 0.00875764 0.0117463 0.0151207 0.0185204 0.021583 0.0239657 0.0254105 0.0257991 0.0251742 0.0237165 0.0216899 0.0193726 0.0169996 0.0147306 0.0126467 0.0107682 0.00908222 0.00756623
 1.03541e-16 2.30167e-05 0.00013506 0.000641953 0.00247145 0.0077069 0.0194672 0.0398342 0.0660357 0.0887027 0.0965752 0.085303 0.0613175 0.0362999 0.0185804 0.00983012 0.00763381 0.00910679 0.0124531 0.0168056 0.0216631 0.0265574 0.0309798 0.0344402 0.0365659 0.0371816 0.0363404 0.0342922 0.0314071 0.0280789 0.0246441 0.0213356 0.0182772 0.0155079 0.0130189 0.0107859
 1.02939e-16 3.12181e-05 0.000183225 0.000870967 0.00335327 0.0104569 0.0264132 0.0540448 0.0895851 0.12031 0.13092 0.115478 0.0826577 0.0482291 0.0233885 0.0102764 0.0054894 0.00502267 0.00642747 0.00863435 0.011209 0.0138871 0.0164184 0.0185614 0.0201218 0.0209894 0.0211538 0.0206927 0.0197399 0.0184451 0.0169412 0.0153264 0.013664 0.011993 0.0103424 0.00874167
 1.01867e-16 3.23832e-05 0.000190062 0.000903466 0.00347839 0.010847 0.0273987 0.0560616 0.0929287 0.124802 0.135813 0.119805 0.085779 0.0500982 0.0243827 0.0108583 0.00599746 0.00564223 0.00723847 0.00964966 0.0123853 0.0151228 0.0175554 0.0193985 0.020442 0.0205965 0.01991 0.0185474 0.016743 0.0147405 0.0127437 0.0108875 0.00923548 0.0077953 0.00654324 0.00544638
 1.01e-16 3.55911e-05 0.000208899 0.00099303 0.00382325 0.0119225 0.0301152 0.0616192 0.102139 0.137165 0.149251 0.131621 0.0941551 0.0548211 0.0263651 0.0112033 0.00542715 0.00444369 0.00544061 0.00719126 0.00921137 0.0112302 0.0130112 0.0143387 0.0150541 0.0150904 0.0144847 0.0133641 0.011909 0.0103092 0.00872507 0.00726577 0.00598565 0.00489501 0.00397743 0.00320634
 1.00897e-16 3.31066e-05 0.000194308 0.000923648 0.00355609 0.0110893 0.0280108 0.057314 0.095005 0.127591 0.13885 0.122487 0.0877072 0.0512399 0.0249667 0.011165 0.00622907 0.0059064 0.00758042 0.0100791 0.0128859 0.0156525 0.0180462 0.0197612 0.0205759 0.0204039 0.0193124 0.0174993 0.0152402 0.0128221 0.0104865 0.00839557 0.00662637 0.0051867 0.00404104 0.00313612
 1.02614e-16 1.83552e-05 0.000107681 0.000511764 0.00197015 0.00614357 0.0155186 0.0317558 0.0526495 0.0707389 0.0770628 0.0681767 0.0492433 0.0296273 0.0160402 0.00989872 0.0093603 0.0121824 0.0169347 0.0228445 0.0293345 0.0357686 0.0414322 0.0456412 0.0478872 0.0479521 0.0459518 0.0422889 0.0375405 0.0323162 0.0271358 0.0223582 0.018169 0.014612 0.0116435 0.00918301
 1.06641e-16 1.75825e-05 0.000103161 0.000490309 0.0018876 0.00588619 0.0148682 0.0304239 0.0504369 0.0677533 0.0737763 0.0651886 0.0469105 0.0278767 0.0144695 0.00799307 0.00663934 0.00824831 0.0114948 0.0157603 0.0206955 0.0259567 0.0311416 0.0358275 0.0396439 0.0423352 0.0437925 0.0440437 0.0432138 0.0414739 0.038999 0.0359474 0.0324616 0.0286795 0.0247466 0.0208168
 1.06192e-16 2.68171e-05 0.000157387 0.000748129 0.00288031 0.00898195 0.0226877 0.0464223 0.0769511 0.103346 0.112469 0.0992238 0.071068 0.0415582 0.0203263 0.00923058 0.00537007 0.00532749 0.00701799 0.00953292 0.0124972 0.0156682 0.0188042 0.0216631 0.0240405 0.0258046 0.0269106 0.0273886 0.0273144 0.0267736 0.0258362 0.0245478 0.0229377 0.0210354 0.0188873 0.0165649
 1.05078e-16 2.39177e-05 0.000140353 0.000667122 0.00256837 0.00800915 0.0202307 0.0413959 0.0686234 0.0921744 0.100344 0.0886057 0.0636343 0.0375565 0.0190114 0.00971471 0.00713564 0.00826111 0.0112226 0.0151369 0.0195253 0.0239659 0.0280089 0.0312247 0.0332903 0.0340587 0.0335839 0.0320899 0.0298988 0.0273435 0.0246956 0.022127 0.0197108 0.0174486 0.0153093 0.0132626
 1.03322e-16 2.9637e-05 0.000173939 0.000826816 0.00318327 0.0099267 0.0250741 0.0513052 0.0850451 0.114217 0.124299 0.109661 0.0785441 0.0459302 0.0224629 0.0101922 0.00590481 0.00581142 0.00758823 0.0102036 0.0132092 0.0163002 0.0191763 0.0215492 0.0231927 0.0239882 0.023943 0.0231734 0.0218633 0.020212 0.0183906 0.0165194 0.0146666 0.0128628 0.0111211 0.00945343
 1.02776e-16 2.73415e-05 0.000160456 0.000762698 0.00293637 0.00915675 0.0231293 0.0473267 0.0784529 0.105371 0.114694 0.101238 0.0726222 0.0426906 0.0212943 0.0103626 0.00696824 0.00763897 0.0102268 0.0137355 0.0176608 0.0215916 0.0251024 0.0277898 0.0293537 0.0296622 0.0287764 0.0269222 0.0244238 0.0216206 0.0187977 0.0161457 0.0137576 0.0116496 0.00979511 0.00815505
 1.03513e-16 2.446e-05 0.000143537 0.00068226 0.00262665 0.0081909 0.0206897 0.0423352 0.0701802 0.0942647 0.102617 0.0906079 0.065061 0.038376 0.0193852 0.00983986 0.00714886 0.00822975 0.0111736 0.0150832 0.0194779 0.0239373 0.0280104 0.0312608 0.0333517 0.0341165 0.0335866 0.0319654 0.0295626 0.0267121 0.0237019 0.0207354 0.0179271 0.0153224 0.0129289 0.0107426
 1.0303e-16 3.01878e-05 0.000177174 0.000842194 0.00324248 0.0101114 0.0255405 0.0522594 0.0866265 0.116339 0.126606 0.111689 0.0799814 0.0467396 0.0228006 0.0102471 0.00580042 0.00559657 0.00726784 0.00976784 0.0126501 0.0156199 0.01839 0.020684 0.0222844 0.023075 0.0230587 0.0223424 0.0210975 0.0195114 0.0177467 0.0159192 0.0140976 0.0123162 0.0105936 0.008947
 1.02019e-16 3.19143e-05 0.000187309 0.000890376 0.00342799 0.0106898 0.0270017 0.0552493 0.0915825 0.122995 0.133848 0.118075 0.084548 0.0493952 0.0240703 0.0107704 0.0060223 0.00573146 0.00738263 0.00985549 0.0126637 0.0154834 0.0180043 0.019937 0.0210661 0.0212967 0.0206724 0.0193543 0.0175738 0.0155736 0.0135568 0.0116599 0.00994886 0.00843554 0.00710117 0.00591826
 1.00934e-16 3.66689e-05 0.000215229 0.00102313 0.00393914 0.0122839 0.031028 0.0634868 0.105234 0.141319 0.153765 0.135587 0.0969602 0.0563898 0.0269987 0.0112647 0.00514957 0.00391307 0.00465697 0.00612773 0.00784945 0.00957769 0.0111093 0.012261 0.0128979 0.0129616 0.0124821 0.0115644 0.0103592 0.0090248 0.00769523 0.00646181 0.00537035 0.00443025 0.00362918 0.00294672
 1.01026e-16 3.04742e-05 0.000178848 0.000850141 0.00327305 0.0102067 0.0257813 0.0527528 0.0874463 0.117446 0.127827 0.112805 0.0808627 0.0474207 0.0234407 0.0110505 0.00696234 0.00728368 0.00960675 0.0128224 0.0163888 0.0198877 0.0228981 0.0250299 0.0260024 0.0257086 0.0242397 0.0218551 0.0189134 0.0157872 0.0127886 0.010126 0.00789668 0.0061067 0.00470532 0.00361848
 1.02022e-16 2.77082e-05 0.000162609 0.000772937 0.00297579 0.00927968 0.0234399 0.047962 0.0795057 0.106784 0.11623 0.102589 0.0735788 0.0432291 0.0215189 0.0103999 0.00690246 0.00750624 0.0100365 0.0134901 0.0173668 0.0212639 0.0247634 0.0274657 0.0290671 0.0294248 0.0285825 0.0267461 0.0242224 0.0213412 0.0183888 0.0155687 0.0129954 0.0107115 0.00871494 0.00698534
 1.02489e-16 2.95528e-05 0.000173443 0.000824453 0.00317416 0.0098983 0.0250024 0.0511586 0.0848028 0.113893 0.123951 0.109365 0.078356 0.0458682 0.0225216 0.0103685 0.00621196 0.0062773 0.00824462 0.011073 0.0142924 0.0175668 0.0205606 0.022953 0.0244964 0.0250674 0.0246877 0.0235047 0.0217438 0.0196486 0.0174296 0.0152363 0.013154 0.011218 0.00943669 0.00780971
 1.02383e-16 2.97253e-05 0.000174455 0.000829262 0.00319267 0.00995602 0.0251482 0.051457 0.0852977 0.114558 0.124677 0.11001 0.0788277 0.0461634 0.0227018 0.0105093 0.00637227 0.00649363 0.00853598 0.0114438 0.0147311 0.0180437 0.0210278 0.0233489 0.0247544 0.0251281 0.0245105 0.0230771 0.0210845 0.0188048 0.0164686 0.0142339 0.0121822 0.0103359 0.00868409 0.00720592
 1.04569e-16 1.57187e-05 9.22027e-05 0.000438179 0.00168683 0.00526005 0.0132869 0.0271896 0.0450808 0.0605759 0.066007 0.0584332 0.0422875 0.0256064 0.0141623 0.00920015 0.00917675 0.0122012 0.0170638 0.0230944 0.0297611 0.0364537 0.0424752 0.0471503 0.0499671 0.050689 0.0493969 0.0464455 0.0423559 0.0376813 0.0328933 0.0283173 0.0241243 0.0203647 0.0170192 0.0140463
 1.06706e-16 2.26525e-05 0.000132934 0.000631875 0.0024327 0.00758608 0.0191619 0.0392084 0.0649946 0.0872934 0.0950121 0.083854 0.0601277 0.0352992 0.0175266 0.00840908 0.00553071 0.00603893 0.008199 0.0112539 0.0148746 0.0188181 0.0228171 0.0265857 0.0298615 0.0324456 0.0342238 0.0351628 0.035289 0.034661 0.0333494 0.0314293 0.0289864 0.0261247 0.0229733 0.0196819
 1.04696e-16 2.91733e-05 0.000171218 0.000813883 0.00313348 0.00977143 0.0246819 0.0505026 0.0837145 0.112429 0.122351 0.107937 0.0772981 0.0451787 0.0220529 0.0099347 0.00565794 0.00549098 0.00714858 0.00962284 0.0124863 0.0154588 0.0182688 0.0206561 0.0224176 0.0234468 0.0237484 0.0234209 0.0226167 0.0214941 0.0201795 0.01875 0.0172377 0.0156488 0.0139857 0.0122639
pSPR Fmed_Fpbrs
0.447048   0.339841 0.339841
Fs Fmed_Fpbrs
0.64   1.005 1.005
SSBpbr Bo_Bmed_Bpbrs
1.60168e+06  635945  464234 464234
Ro
42918.8
SPR SPRFo_SPRFmed_SPRFpbrs
886455 396288 301254
log_Ro
10.4871
likeval ReclasPelacesDesembMPH_pf_preclas_ppelaces_ptallas_desvR_qrecl_qpela
 124.175 122.334 0.0256534 280.052 345.211 220.936 55.8503 0 20.8786 3.78179e-05 0 0 0 0 0
q_reclas_q_pelaces
0.418354 1
M
0.7
N
 44900.1 13966.4 5266.51 627.713 0.281895
 56331.8 20395.7 4214.61 1589.26 189.508
 29295.6 25867.9 6539.82 1351.4 570.355
 40306.7 12853.5 6429.51 1625.49 477.656
 57336.9 19488.4 5497.95 2750.16 899.599
 36337.4 28310.1 9372.74 2644.19 1755.32
 64799.9 16872.1 9656.99 3197.18 1500.74
 82092 30595.2 6319.29 3616.94 1759.56
 148086 36758.8 8521.09 1759.99 1497.41
 208251 66683.4 10564.7 2449.01 936.198
 69774.5 98199.4 24797.4 3928.68 1258.85
 38820.7 32139.4 32032.5 8088.89 1692.17
 46842.5 18052.4 11056.3 11019.6 3364.8
 21000.7 20984.6 5040.76 3087.25 4016.54
 17035.1 8796.64 4025.11 966.884 1362.6
 12748.6 7164.34 1725.69 789.63 456.988
 8539.87 5869.85 2331.71 561.643 405.725
 11436.7 3905.39 1839.2 730.594 303.105
 15749.9 5268.95 1275.3 600.587 337.553
 41717.6 7309.7 1792.86 433.944 319.219
 49817.8 19557 2630.86 645.273 271.074
 55244.1 24281.4 8749.83 1177.05 409.974
 79096.4 26821.3 10629 3830.16 694.705
 106851 38184 11373.5 4507.2 1918.76
 38049.4 51510.3 16065.7 4785.35 2703.69
 48341.2 18390.1 21986.9 6857.56 3196.66
 74384.4 23270.3 7674.7 9175.74 4195.91
pred_Ctot
 2767.28 4054.25 1528.79 182.216 0.0818299
 3063.3 5328.56 1101.1 415.207 49.5106
 2471.31 9664.04 2443.23 504.873 213.08
 764.901 1292.61 646.582 163.466 48.0353
 235.568 442.381 124.802 62.4279 20.4206
 1704.68 6512.93 2156.27 608.314 403.823
 2299.97 3030.85 1734.75 574.333 269.588
 5837.61 9986.25 2062.61 1180.57 574.321
 9982.33 11488.5 2663.15 550.06 467.996
 7574.94 12246.1 1940.16 449.75 171.929
 3650.28 24821.8 6268.03 993.05 318.199
 1781.34 7252.63 7228.51 1825.35 381.858
 3316.82 5872.05 3596.38 3584.42 1094.5
 2386.78 9769.92 2346.86 1437.35 1870
 1893.57 4032 1844.94 443.178 624.557
 670.424 1819 438.147 200.484 116.028
 488.023 1599.41 635.341 153.036 110.551
 596.838 985.076 463.91 184.281 76.4538
 743.614 1218.93 295.031 138.941 78.0903
 1684.57 1473.82 361.484 87.4937 64.3624
 663.059 1401.45 188.527 46.2402 19.4251
 887.636 2084.38 751.106 101.041 35.1932
 1587.11 2843.33 1126.78 406.035 73.6457
 2248.83 4234.16 1261.19 499.797 212.769
 732.09 5248.16 1636.87 487.559 275.468
 1066.79 2132.11 2549.12 795.054 370.615
 2528.56 4020.19 1325.89 1585.21 724.889
F
 0.0891148 0.498101 0.498101 0.498101 0.498101
 0.0782576 0.437415 0.437415 0.437415 0.437415
 0.123823 0.692103 0.692103 0.692103 0.692103
 0.0267002 0.149239 0.149239 0.149239 0.149239
 0.00572735 0.0320126 0.0320126 0.0320126 0.0320126
 0.0671867 0.375535 0.375535 0.375535 0.375535
 0.0504621 0.282054 0.282054 0.282054 0.282054
 0.103463 0.578298 0.578298 0.578298 0.578298
 0.0978381 0.546859 0.546859 0.546859 0.546859
 0.0517432 0.289215 0.289215 0.289215 0.289215
 0.0751863 0.420249 0.420249 0.420249 0.420249
 0.0656736 0.367078 0.367078 0.367078 0.367078
 0.103002 0.575722 0.575722 0.575722 0.575722
 0.170184 0.951235 0.951235 0.951235 0.951235
 0.166161 0.928744 0.928744 0.928744 0.928744
 0.0755916 0.422514 0.422514 0.422514 0.422514
 0.0823875 0.4605 0.4605 0.4605 0.4605
 0.0749947 0.419178 0.419178 0.419178 0.419178
 0.0676313 0.378021 0.378021 0.378021 0.378021
 0.0575893 0.321892 0.321892 0.321892 0.321892
 0.0186602 0.1043 0.1043 0.1043 0.1043
 0.0225655 0.126128 0.126128 0.126128 0.126128
 0.028251 0.157907 0.157907 0.157907 0.157907
 0.0296504 0.165729 0.165729 0.165729 0.165729
 0.0270754 0.151336 0.151336 0.151336 0.151336
 0.0311091 0.173882 0.173882 0.173882 0.173882
 0.0482829 0.269874 0.269874 0.269874 0.269874
Np
 32456.4 13465 6397.86 1603.68 625.046
YTP_r0W_actual
 72939.8 242421 116227 177460 90053.8
YTP_p0W_proyectada
 31826.1 366671 133609 56274.4 102970
 31826.1 140274 96890.2 31015.5 13414.9
CTP_r0_actual
 8895.1 11223.2 3701.49 4425.44 2023.68
CTP_p0_proyectada
 3881.23 16975.5 4255.07 1403.35 2313.94
 3881.23 6494.15 3085.68 773.453 301.459
Wmedp
 8.2 21.6 31.4 40.1 44.5
nmprior
 10.8 10.6 4.6 0
nm_flota  nm_reclas  nm_pelaces    nm_pelaL
inf 15.1861 21.2668 72.2407
cv_recla  cv_pelaces  cv_mph
0.804203 0.605806 1.34177
 ------------------------------------------------
Talla a la edad & desviaci?n 
 7.2 14.2025 17.0495 18.207 18.6776
 1.08 2.13037 2.55742 2.73105 2.80164
