    unsorted:	 7.397020513e-07 0.007624314336 0.3586419119 7.438449153 20.42461798 23.26977525 46.20094878 48.88398188 58.46927867 67.74774831 88.05408042 174.1427552 167.6542779 234.2149915 371.8777797 543.0762192 578.1643329 665.4914975 718.8252384 843.9026168 898.3695199 992.2185811 1067.674971 1346.727097 1373.505707 1646.266060 1682.476179 1846.121597 1998.663806 2215.468822 2316.053764 2472.948541 2729.372291 2813.701801 3195.572063 3746.198866 4092.064152 4132.520092 4157.461769 4289.516005 5197.408498 55940.77387 196314.4701 410064.2637 401077.6457 377283.7799 444011.8822 337438.9471 465040.7169 277303.0895 517718.6104 548251.1508 667581.8978 715010.6071 759431.5886 902799.3960 1004584.763 1118626.037 1234355.042 1413279.295 1560552.888 1662187.723 1918543.405 2054287.270 2464935.613 2575932.774 2669024.649 31879011.91
      sorted:	 7.397020513e-07 0.007624314336 0.3586419119 7.438449153 20.42461798 23.26977525 46.20094878 48.88398188 58.46927867 67.74774831 88.05408042 167.6542779 174.1427552 234.2149915 371.8777797 543.0762192 578.1643329 665.4914975 718.8252384 843.9026168 898.3695199 992.2185811 1067.674971 1346.727097 1373.505707 1646.266060 1682.476179 1846.121597 1998.663806 2215.468822 2316.053764 2472.948541 2729.372291 2813.701801 3195.572063 3746.198866 4092.064152 4132.520092 4157.461769 4289.516005 5197.408498 55940.77387 196314.4701 277303.0895 337438.9471 377283.7799 401077.6457 410064.2637 444011.8822 465040.7169 517718.6104 548251.1508 667581.8978 715010.6071 759431.5886 902799.3960 1004584.763 1118626.037 1234355.042 1413279.295 1560552.888 1662187.723 1918543.405 2054287.270 2464935.613 2575932.774 2669024.649 31879011.91
