years
 1997 1998 1999 2000 2001 2002 2003 2004 2005 2006 2007 2008 2009 2010 2011 2012 2013 2014 2015 2016 2017 2018 2019
reclasobs
 0 0 0 370054 412103 1.49427e+06 250295 1.28982e+06 931140 785840 897777 1.04006e+06 184774 17550 25797 100020 73551 82996 120727 218422 84188 347160 605670
reclaspred
 377721 105830 338504 246447 335940 384037 810673 598155 790244 742053 606367 420715 257220 125272 84078.4 68690.1 63314.6 84478.2 105520 172198 248749 260621 443136
pelacesobs
 0 0 0 0 0 0 0 0 0 2.06254e+06 1.5e+06 0 1.87456e+06 323000 250000 174000 83755 137374 0 501740 490994 745055 786931
pelacespred
 1.26592e+06 328689 628314 702026 816436 788610 1.85113e+06 1.69114e+06 2.01889e+06 1.91122e+06 1.44025e+06 1.03659e+06 647981 282593 179071 151411 142351 184405 230063 368678 603556 599447 847590
mphobs
 0 0 0 0 0 0 112323 0 153150 637223 0 255016 313432 73983 77613 109348 50772 17779 17303 59886 28197 0 207744
mphpred
 114652 71907.6 90392.2 116352 117437 170963 251667 287778 286321 337866 322463 240131 149871 123484 61409 45393.1 38722.7 42521.6 26288.8 35814.2 60864.1 74405.2 105923
desembarqueobs
 350755 77701 442110 56441 14545 235359 269955 359681 431902 328805 639364 411747 362871 311530 167758 66681 60226 58785 57116 73181 50977 67692 138656
desembarquepred
 350760 77700.3 442097 56441.7 14545.1 235411 269983 359670 431888 328811 639467 411891 363212 312201 167840 66714.5 60276.5 58788.1 57103.8 73178.1 50977.5 67681.9 138655
Reclutas
 58632.4 77717.2 47009.4 74288 116623 78002.2 128185 158868 227730 189244 79328.8 41271.2 41178.2 21469.5 17454.6 16662.1 11944.2 19385.9 31541.5 49018.7 57337 107651 107322
log_desv_Rt
 0.0263263 0.308115 -0.194613 0.262989 0.713982 0.311776 0.808514 1.02311 1.3832 1.19808 0.32864 -0.324795 -0.327052 -0.978327 -1.18536 -1.23182 -1.56472 -1.08041 -0.593656 -0.15276 0.0039852 0.633931 0.630872
SSB
 814236 510673 641947 826306 834015 1.21414e+06 1.74475e+06 2.02527e+06 1.99745e+06 2.35954e+06 2.29007e+06 1.70536e+06 1.08758e+06 583795 297477 223760 198631 210825 273365 388105 630683 753483 1.09837e+06
BT
 2.55474e+06 719619 1.36792e+06 1.31673e+06 1.47288e+06 1.59899e+06 3.5006e+06 3.43377e+06 4.00775e+06 3.7357e+06 3.15581e+06 2.23695e+06 1.52194e+06 815934 470091 328525 307438 377976 460278 717369 1.12196e+06 1.13557e+06 1.61044e+06
Ftot
 0.35577 0.292929 0.416826 0.0789748 0.0163222 0.17268 0.113192 0.220115 0.210696 0.145517 0.28795 0.254815 0.388016 0.659083 0.605179 0.291279 0.298829 0.248485 0.193576 0.158682 0.0708522 0.0906271 0.0929333
BD_Bspro_t
 0.955625 0.786776 0.754535 0.647832 0.757622 0.85647 0.822729 0.828536 0.803993 0.797131 0.773413 0.653788 0.555252 0.448132 0.32138 0.314496 0.372939 0.476915 0.596076 0.717837 0.812173 0.86745 0.887208
BD_Bspro
 0.691713 0.433829 0.545349 0.701967 0.708515 1.03144 1.48221 1.72052 1.69688 2.00448 1.94547 1.44875 0.923925 0.495948 0.252714 0.19009 0.168742 0.179101 0.23223 0.329704 0.53578 0.640102 0.933092
BD_Bo
 0.322263 0.202117 0.254074 0.32704 0.330091 0.480541 0.690549 0.801575 0.790561 0.933872 0.906377 0.674958 0.430449 0.231058 0.117737 0.0885611 0.0786154 0.0834416 0.108194 0.153606 0.249615 0.298218 0.434719
BD_Brms
 1.13958 0.714722 0.898449 1.15647 1.16726 1.69928 2.4419 2.83451 2.79556 3.30234 3.20511 2.38677 1.52214 0.817061 0.41634 0.313168 0.277998 0.295064 0.382593 0.543179 0.882684 1.05455 1.53725
S_f
 0.206718 1 1 1 1
 0.206718 1 1 1 1
 0.206718 1 1 1 1
 0.206718 1 1 1 1
 0.206718 1 1 1 1
 0.206718 1 1 1 1
 0.206718 1 1 1 1
 0.206718 1 1 1 1
 0.206718 1 1 1 1
 0.206718 1 1 1 1
 0.206718 1 1 1 1
 0.206718 1 1 1 1
 0.206718 1 1 1 1
 0.206718 1 1 1 1
 0.206718 1 1 1 1
 0.206718 1 1 1 1
 0.206718 1 1 1 1
 0.206718 1 1 1 1
 0.206718 1 1 1 1
 0.206718 1 1 1 1
 0.206718 1 1 1 1
 0.206718 1 1 1 1
 0.206718 1 1 1 1
Scru_reclas
 1 1 1 1 1
 1 1 1 1 1
 1 1 1 1 1
 1 1 1 1 1
 1 1 1 1 1
 1 1 1 1 1
 1 1 1 1 1
 1 1 1 1 1
 1 1 1 1 1
 1 1 1 1 1
 1 1 1 1 1
 1 1 1 1 1
 1 1 1 1 1
 1 1 1 1 1
 1 1 1 1 1
 1 1 1 1 1
 1 1 1 1 1
 1 1 1 1 1
 1 1 1 1 1
 1 1 1 1 1
 1 1 1 1 1
 1 1 1 1 1
 1 1 1 1 1
Scru_pelaces
 1 1 1 1 1
 1 1 1 1 1
 1 1 1 1 1
 1 1 1 1 1
 1 1 1 1 1
 1 1 1 1 1
 1 1 1 1 1
 1 1 1 1 1
 1 1 1 1 1
 1 1 1 1 1
 1 1 1 1 1
 1 1 1 1 1
 1 1 1 1 1
 1 1 1 1 1
 1 1 1 1 1
 1 1 1 1 1
 1 1 1 1 1
 1 1 1 1 1
 1 1 1 1 1
 1 1 1 1 1
 1 1 1 1 1
 1 1 1 1 1
 1 1 1 1 1
pf_obs 
 0.256992 0.487395 0.22802 0.0275931 0
 0.321318 0.546541 0.124235 0.00734118 0.000564706
 0.182869 0.594174 0.210203 0.0122559 0.00049798
 0.330522 0.361315 0.267642 0.0388342 0.00168674
 0.649043 0.306663 0.0425973 0.00169635 0
 0.582887 0.30429 0.105238 0.00758474 0
 0.465427 0.430635 0.0974691 0.00646863 0
 0.296916 0.608066 0.0921331 0.00288517 0
 0.311714 0.524322 0.152257 0.0117073 0
 0.15457 0.633149 0.183074 0.0267441 0.00246327
 0.131901 0.49318 0.331252 0.0422183 0.00144891
 0.196976 0.569456 0.194076 0.0375587 0.00193317
 0.518974 0.381816 0.0799577 0.0180837 0.00116848
 0.0928022 0.601141 0.25162 0.0475244 0.00691264
 0.122501 0.610282 0.24278 0.0234846 0.000952079
 0.383417 0.481906 0.127806 0.00687128 0
 0.0376549 0.599619 0.316969 0.0457579 0
 0.0361596 0.667082 0.258105 0.0386534 0
 0.158088 0.579412 0.248529 0.0139706 0
 0.0477256 0.309471 0.559284 0.082774 0.000745712
 0.0406174 0.521527 0.379366 0.0568643 0.0016247
 0.151134 0.462217 0.34131 0.0453401 0
 0.294876 0.26143 0.354403 0.0886775 0.000613685
pf_pred 
 0.346035 0.459963 0.17334 0.0206521 9.49888e-06
 0.329947 0.502992 0.117502 0.0442814 0.0052782
 0.18361 0.596977 0.164707 0.0384767 0.0162286
 0.295245 0.400608 0.222404 0.0613619 0.0203805
 0.311534 0.466322 0.126275 0.0701036 0.0257658
 0.169409 0.571427 0.175541 0.0475344 0.0360887
 0.275609 0.373809 0.241192 0.0740935 0.0352963
 0.272992 0.479393 0.127778 0.0824458 0.0373923
 0.309367 0.460889 0.151494 0.0403795 0.0378704
 0.211121 0.555677 0.155626 0.0511542 0.0264222
 0.103177 0.520303 0.265216 0.0742778 0.0370261
 0.0886698 0.353672 0.323532 0.164916 0.0692105
 0.147031 0.294811 0.216612 0.198152 0.143394
 0.126959 0.435612 0.151189 0.111085 0.175156
 0.187848 0.397254 0.207017 0.0718498 0.136031
 0.228953 0.460537 0.151882 0.0791489 0.0794792
 0.178882 0.510021 0.185814 0.0612803 0.0640021
 0.299633 0.383031 0.197107 0.0718111 0.0484176
 0.347331 0.455827 0.107653 0.055398 0.033791
 0.344033 0.483739 0.120285 0.0284078 0.0235354
 0.273912 0.53113 0.14377 0.0357493 0.0154378
 0.348366 0.425641 0.165313 0.0447482 0.0159319
 0.241538 0.553075 0.134157 0.0521047 0.0191256
pobs_RECLAS
 0 0 0 0 0
 0 0 0 0 0
 0 0 0 0 0
 0 0 0 0 0
 0.835266 0.146461 0.0176864 0.000547809 3.91292e-05
 0.385257 0.428462 0.181853 0.0044286 0
 0.867414 0.0963971 0.0333333 0.00285562 0
 0.441836 0.489002 0.0689373 0.000224442 0
 0.779404 0.147425 0.0564933 0.0165055 0.000172143
 0.814271 0.122319 0.05973 0.00367925 0
 0.40263 0.566651 0.0304383 0.000280538 0
 0.475488 0.404961 0.113038 0.00651328 0
 0.955842 0.0263864 0.0167828 0.000988607 0
 0.975058 0.0227948 0.00214734 0 0
 0.738997 0.206755 0.0527124 0.00153531 0
 0.850938 0.134255 0.0134407 0.00136685 0
 0.542534 0.407297 0.0501686 0 0
 0.764087 0.199537 0.0359546 0.000420521 0
 0.470689 0.182191 0.310203 0.0369168 0
 0.84361 0.089868 0.0606195 0.00523954 0.000663233
 0.607945 0.314616 0.071237 0.00620181 0
 0.523733 0.453247 0.0230204 0 0
 0.530135 0.295979 0.169645 0.0042399 0
ppred_RECLAS
 0.723342 0.194586 0.0733312 0.00873682 4.01848e-06
 0.707803 0.219345 0.0512403 0.0193102 0.00230172
 0.527508 0.345505 0.0953257 0.0222687 0.00939241
 0.670451 0.187328 0.103998 0.0286933 0.00953007
 0.686585 0.212287 0.0574848 0.0319137 0.0117295
 0.498915 0.344735 0.105901 0.0286769 0.0217719
 0.64925 0.180998 0.116785 0.035876 0.0170904
 0.647686 0.232317 0.0619221 0.0399539 0.0181206
 0.686695 0.209082 0.0687253 0.0183181 0.0171799
 0.566042 0.305675 0.0856088 0.0281396 0.0145347
 0.361332 0.370531 0.188873 0.0528966 0.0263679
 0.32314 0.262678 0.240293 0.122485 0.0514037
 0.460565 0.186445 0.13699 0.125315 0.0906853
 0.424366 0.287218 0.0996852 0.0732434 0.115488
 0.538458 0.225757 0.117647 0.0408319 0.0773058
 0.593588 0.242745 0.0800558 0.0417187 0.0418928
 0.5174 0.299757 0.109209 0.0360166 0.0376163
 0.677248 0.176514 0.0908334 0.033093 0.0223124
 0.72231 0.19394 0.0458031 0.0235701 0.014377
 0.718956 0.207255 0.0515351 0.0121711 0.0100836
 0.646796 0.258367 0.0699367 0.0173902 0.0075097
 0.72205 0.181554 0.0705134 0.0190871 0.00679566
 0.607481 0.286227 0.0694287 0.0269652 0.00989788
pobs_PELACES
 0 0 0 0 0
 0 0 0 0 0
 0 0 0 0 0
 0 0 0 0 0
 0 0 0 0 0
 0 0 0 0 0
 0 0 0 0 0
 0 0 0 0 0
 0 0 0 0 0
 0 0 0 0 0
 0.450072 0.473896 0.0757376 0.000293798 0
 0 0 0 0 0
 0.463077 0.371075 0.160297 0.00555027 0
 0.529543 0.364841 0.0842815 0.0213345 0
 0.631943 0.363953 0.00410389 0 0
 0.735681 0.248677 0.0153453 0.000297389 0
 0.695825 0.281241 0.0229344 0 0
 0.275771 0.60734 0.115278 0.00161068 0
 0 0 0 0 0
 0.896147 0.0623911 0.0374545 0.00400742 0
 0.803859 0.145111 0.0509908 3.86294e-05 0
 0.739449 0.233085 0.0266225 0.000797448 4.60066e-05
 0.878498 0.100942 0.0204185 0.000141795 0
ppred_PELACES
 0.741587 0.181754 0.0684951 0.00816064 3.75346e-06
 0.723406 0.207632 0.048504 0.0182791 0.00217881
 0.554597 0.325697 0.0898605 0.020992 0.00885392
 0.675003 0.18474 0.102562 0.028297 0.00939844
 0.687504 0.211664 0.0573163 0.0318201 0.0116952
 0.510215 0.336961 0.103513 0.0280302 0.0212809
 0.655968 0.177532 0.114548 0.0351889 0.0167631
 0.66072 0.223722 0.0596312 0.0384757 0.0174502
 0.698437 0.201246 0.0661495 0.0176316 0.016536
 0.575375 0.299101 0.0837677 0.0275345 0.0142221
 0.378903 0.360337 0.183676 0.0514413 0.0256425
 0.337899 0.25695 0.235053 0.119815 0.0502829
 0.485881 0.177695 0.130561 0.119434 0.0864294
 0.466963 0.265963 0.0923084 0.0678233 0.106942
 0.577511 0.206655 0.107692 0.0373769 0.0707647
 0.611844 0.231841 0.0764597 0.0398447 0.040011
 0.536897 0.287647 0.104797 0.0345615 0.0360966
 0.691299 0.168829 0.0868788 0.0316522 0.021341
 0.732358 0.186922 0.0441456 0.0227172 0.0138567
 0.727272 0.201121 0.0500101 0.011811 0.00978519
 0.651022 0.255276 0.0691 0.0171821 0.00741986
 0.726786 0.178461 0.0693118 0.0187618 0.00667986
 0.613267 0.282008 0.0684053 0.0265677 0.00975199
pobs_pel_tallas
 0 0 0 0 0 0 0 0 0 0 0 0 0 0 0 0 0 0 0 0 0 0 0 0 0 0 0 0 0 0 0 0 0 0 0 0
 0 0 0 0 0 0 0 0 0 0 0 0 0 0 0 0 0 0 0 0 0 0 0 0 0 0 0 0 0 0 0 0 0 0 0 0
 0 0 0 0 0 0 0 0 0 0 0 0 0 0 0 0 0 0 0 0 0 0 0 0 0 0 0 0 0 0 0 0 0 0 0 0
 0 0 0 0 0 0 0 0 0 0 0 0 0 0 0 0 0 0 0 0 0 0 0 0 0 0 0 0 0 0 0 0 0 0 0 0
 0 0 0 0 0 0 0 0 0 0 0 0 0 0 0 0 0 0 0 0 0 0 0 0 0 0 0 0 0 0 0 0 0 0 0 0
 0 0 0 0 0 0 0 0 0 0 0 0 0 0 0 0 0 0 0 0 0 0 0 0 0 0 0 0 0 0 0 0 0 0 0 0
 0 0 0 0 0 0 0 0 0 0 0 0 0 0 0 0 0 0 0 0 0 0 0 0 0 0 0 0 0 0 0 0 0 0 0 0
 0 0 0 0 0 0 0 0 0 0 0 0 0 0 0 0 0 0 0 0 0 0 0 0 0 0 0 0 0 0 0 0 0 0 0 0
 0 0 0 0 0 0 0 0 0 0 0 0 0 0 0 0 0 0 0 0 0 0 0 0 0 0 0 0 0 0 0 0 0 0 0 0
 0 0 0 0 0 0 0 0 0 0 0 0 0 0 0 0 0 0 0 0 0 0 0 0 0 0 0 0 0 0 0 0 0 0 0 0
 0 0 0 0 0 0 0 0 1.78061e-05 0.00172719 0.00360574 0.0105946 0.0120993 0.0124554 0.0147524 0.0171206 0.0266825 0.0428682 0.0675386 0.121331 0.153587 0.119568 0.100827 0.0573624 0.0630603 0.0341343 0.0324427 0.0444173 0.0211091 0.0280891 0.0125444 0.00206551 0 0 0 0
 0 0 0 0 0 0 0 0 0 0 0 0 0 0 0 0 0 0 0 0 0 0 0 0 0 0 0 0 0 0 0 0 0 0 0 0
 0 0 0 0 0 0 0.0133647 0.0140871 0.0187388 0.0205184 0.03894 0.0496705 0.03968 0.0493445 0.0407372 0.0367815 0.0215668 0.0243155 0.0234873 0.0199281 0.019796 0.0243948 0.0301388 0.0376714 0.0412746 0.0863199 0.0771752 0.113111 0.0741005 0.0525337 0.0229764 0.00759418 0.00175318 0 0 0
 0 0 0 0 0 0 0 0 0 0 0.00219441 0.00772107 0.0458388 0.0604681 0.0671733 0.0775358 0.0609151 0.0617685 0.073594 0.0568108 0.0755445 0.0548602 0.0670107 0.0636378 0.0643287 0.046367 0.0373049 0.0286899 0.0247887 0.0153202 0.00654259 0.00121912 0.000365735 0 0 0
 0 0 0 0 0 0 0 0 0 0 0 0 0.000112435 0.00938835 0.0111873 0.0202946 0.0414886 0.0713402 0.111592 0.104902 0.108894 0.110636 0.117776 0.105296 0.107544 0.0401394 0.0192827 0.0124803 0.00416011 0.0028671 0.000618394 0 0 0 0 0
 0 0 0 0 0 0 0 0 0 0 0.00291406 0.0102884 0.027416 0.0768956 0.0749926 0.110853 0.0956884 0.0897413 0.0766577 0.0534642 0.0500743 0.0551293 0.0594112 0.0620874 0.0668451 0.0424026 0.0208742 0.0120726 0.0048766 0.00582813 0.00118941 0.000297354 0 0 0 0
 0 0.00264628 0.0354308 0.0461629 0.0458689 0.0383711 0.0214643 0.0164657 0.0346957 0.0420465 0.0363128 0.0245516 0.0311673 0.0291091 0.0169068 0.0133784 0.00837989 0.0085269 0.0148486 0.0160247 0.0276389 0.0546898 0.0760071 0.122758 0.109233 0.0665981 0.0333725 0.0166128 0.00676272 0.00308733 0.000882094 0 0 0 0 0
 0 0 0 0 0 0 0 0.000805153 0.000690131 0.00759144 0.0133425 0.0154129 0.00931677 0.000345066 0.00356568 0.00563607 0.00851162 0.0253048 0.0502646 0.0516448 0.0657925 0.0565908 0.0611916 0.0827007 0.0866115 0.110766 0.145733 0.0935128 0.0569358 0.0249597 0.0138026 0.00621118 0.00161031 0.00115022 0 0
 0 0 0 0 0 0 0 0 0 0 0 0 0 0 0 0 0 0 0 0 0 0 0 0 0 0 0 0 0 0 0 0 0 0 0 0
 0.00147267 0.00158595 0.00478618 0.00569244 0.00954404 0.0108468 0.00647125 0.017049 0.0510054 0.094081 0.124002 0.0959785 0.0687766 0.0820023 0.061753 0.0591476 0.0492212 0.0479892 0.0443925 0.0268479 0.0217502 0.0140895 0.0121071 0.0120363 0.00920419 0.00665534 0.0049561 0.00860946 0.00930331 0.0156896 0.0114698 0.00855282 0.00243557 0.00046729 0 2.83206e-05
 0 0 0 0 0.000772559 0.00158375 0.000888443 0.00281984 0.00712685 0.0440552 0.0773331 0.111326 0.0921469 0.0852325 0.0710754 0.0886704 0.0786465 0.0553345 0.0373146 0.0185414 0.00753245 0.00457741 0.012979 0.0271748 0.0457355 0.0583668 0.034881 0.0177882 0.00938659 0.00492506 0.0015258 0.00185414 0.000309023 5.79419e-05 3.86279e-05 0
 0 0.00173294 0.00326652 0 0.00397197 0.00683976 0.00946217 0.0152591 0.00757587 0.0136028 0.0228656 0.0392903 0.0559909 0.0764795 0.0681675 0.0726916 0.0566044 0.0477403 0.0527397 0.0444891 0.0609904 0.0582453 0.0661739 0.0445044 0.0529084 0.0360697 0.0280645 0.0235558 0.0158879 0.00826598 0.00280645 0.00217768 0.000904811 0.00058276 9.20147e-05 0
 0 0 0 0 0 0 0 0 0 0 0 0 0 0 0 0 0 0 0 0 0 0 0 0 0 0 0 0 0 0 0 0 0 0 0 0
ppred_pel_tallas
 1.01313e-16 3.23568e-05 0.000189907 0.000902731 0.00347556 0.0108382 0.0273765 0.056016 0.0928531 0.1247 0.135702 0.119706 0.0857048 0.0500494 0.0243491 0.0108279 0.00596148 0.00559685 0.00718518 0.00959574 0.0123444 0.0151147 0.0176034 0.0195252 0.0206632 0.0209143 0.0203082 0.0189899 0.0171771 0.0151044 0.0129768 0.0109415 0.00908297 0.00743453 0.0059976 0.00475942
 1.01487e-16 3.1565e-05 0.000185257 0.000880616 0.0033904 0.0105726 0.0267057 0.0546437 0.0905793 0.121649 0.132388 0.116799 0.0836592 0.048926 0.023935 0.0108676 0.00629701 0.00617853 0.00802309 0.010712 0.0137427 0.0167643 0.0194341 0.0214326 0.0225231 0.0226043 0.0217298 0.020086 0.017939 0.0155687 0.0132124 0.0110318 0.00910818 0.00745856 0.00606109 0.00487924
 1.02517e-16 2.4209e-05 0.000142059 0.000675226 0.00259956 0.0081064 0.0204763 0.0418989 0.0694582 0.0932989 0.101576 0.0897132 0.0644719 0.0381356 0.0194605 0.0101975 0.00779759 0.00921774 0.012561 0.0169104 0.0217375 0.0265542 0.0308343 0.0340759 0.0359034 0.0361507 0.0348925 0.0324108 0.0291137 0.025433 0.0217369 0.0182795 0.0151929 0.0125114 0.0102101 0.00824165
 1.02928e-16 2.94536e-05 0.000172862 0.000821697 0.00316356 0.00986523 0.0249188 0.0509875 0.0845186 0.11351 0.12353 0.108983 0.0780603 0.0456509 0.0223335 0.0101465 0.00589839 0.00582552 0.00762117 0.0102629 0.0133072 0.0164521 0.0193977 0.021853 0.0235852 0.0244654 0.0244879 0.0237555 0.0224409 0.0207369 0.0188153 0.0168041 0.0147857 0.0128084 0.0109042 0.00910086
 1.02523e-16 2.99997e-05 0.000176066 0.000836923 0.00322217 0.010048 0.0253806 0.0519325 0.0860855 0.115616 0.125826 0.111019 0.0795404 0.0465601 0.0228582 0.0105165 0.00628776 0.00633691 0.00830426 0.0111273 0.0143225 0.0175435 0.0204467 0.0227079 0.0240838 0.0244633 0.0238875 0.022528 0.0206341 0.0184681 0.0162506 0.0141304 0.0121812 0.0104199 0.00883233 0.00739632
 1.03537e-16 2.22742e-05 0.000130699 0.000621217 0.00239161 0.0074579 0.0188383 0.0385475 0.0639036 0.0858414 0.0934669 0.082574 0.0593919 0.0352325 0.0181675 0.00982705 0.00788645 0.00956286 0.0131184 0.0177017 0.0228005 0.0279219 0.0325271 0.0360977 0.0382423 0.0387805 0.0377761 0.035503 0.0323622 0.0287793 0.0251164 0.0216223 0.018427 0.015567 0.0130253 0.0107676
 1.03677e-16 2.86233e-05 0.000167989 0.000798527 0.00307435 0.00958705 0.0242161 0.0495497 0.0821353 0.110309 0.120047 0.105911 0.0758606 0.0443668 0.0217101 0.00987322 0.005757 0.00570786 0.00748977 0.0101164 0.0131652 0.0163513 0.0193898 0.0220007 0.0239547 0.0251163 0.0254625 0.0250701 0.0240808 0.0226568 0.0209443 0.0190545 0.0170634 0.0150239 0.0129804 0.0109794
 1.03057e-16 2.88323e-05 0.000169211 0.000804332 0.00309669 0.00965669 0.0243921 0.0499101 0.0827338 0.111116 0.120934 0.106715 0.0764835 0.0448246 0.0221067 0.0103407 0.00641616 0.00665536 0.00879339 0.0118037 0.0152063 0.018644 0.0217568 0.024204 0.0257288 0.0262132 0.0256985 0.024362 0.0224615 0.0202673 0.018005 0.0158246 0.0137987 0.0119418 0.0102383 0.00866745
 1.02384e-16 3.0476e-05 0.000178864 0.000850225 0.00327339 0.0102077 0.025784 0.0527578 0.0874533 0.117451 0.127821 0.112772 0.0807793 0.0472519 0.0231358 0.0105399 0.00616004 0.0060963 0.00795186 0.0106534 0.0137224 0.016825 0.0196328 0.0218353 0.0231971 0.0236075 0.0230999 0.0218319 0.0200365 0.0179613 0.0158169 0.0137484 0.011832 0.0100905 0.00851741 0.00709709
 1.02898e-16 2.51139e-05 0.000147374 0.000700501 0.00269688 0.0084099 0.0212429 0.0434672 0.0720569 0.096786 0.105364 0.093036 0.0668117 0.0394228 0.0199391 0.0101596 0.00742328 0.00856167 0.0116069 0.0156245 0.0201034 0.0245916 0.0286076 0.0316919 0.0334995 0.0338752 0.032882 0.0307706 0.0279051 0.0246701 0.0213917 0.0182931 0.0154887 0.0130072 0.0108277 0.00891295
 1.05691e-16 1.65495e-05 9.70876e-05 0.000461418 0.00177633 0.00553918 0.0139918 0.0286314 0.0474685 0.0637756 0.0694707 0.0614451 0.0443493 0.0266203 0.0143022 0.0086667 0.00805215 0.0104473 0.01459 0.0198321 0.0257213 0.0317652 0.0373971 0.042055 0.0452923 0.0468678 0.046783 0.0452522 0.0426244 0.0392849 0.0355723 0.0317337 0.0279214 0.024217 0.0206672 0.0173115
 1.09887e-16 1.47574e-05 8.65757e-05 0.000411464 0.00158403 0.00493953 0.012477 0.0255313 0.0423273 0.0568638 0.06193 0.054748 0.0394559 0.023565 0.0124503 0.00723066 0.00641625 0.00822052 0.0115503 0.0158927 0.0209432 0.0263848 0.0318377 0.0368989 0.0412118 0.0445239 0.046715 0.0477845 0.0478124 0.046911 0.0451888 0.0427389 0.0396484 0.0360185 0.0319816 0.0277049
 1.10054e-16 2.12065e-05 0.000124446 0.000591522 0.00227733 0.00710157 0.0179381 0.0367043 0.0608442 0.08172 0.0889488 0.0785097 0.0563105 0.0330883 0.0164844 0.00800116 0.00538232 0.00596174 0.00811746 0.0111398 0.0147174 0.0186189 0.0225933 0.0263788 0.029744 0.0325242 0.0346358 0.0360647 0.0368361 0.0369821 0.0365205 0.035453 0.0337809 0.0315283 0.0287611 0.0255939
 1.08725e-16 2.03851e-05 0.000119616 0.000568541 0.00218882 0.00682553 0.0172409 0.0352785 0.0584833 0.0785571 0.0855272 0.0755399 0.0542895 0.0321199 0.0164069 0.0086304 0.00665465 0.00793436 0.0108976 0.0148065 0.0192588 0.0238901 0.0283012 0.0321011 0.0349828 0.0367838 0.0375082 0.0372989 0.0363762 0.0349653 0.0332395 0.0312956 0.0291633 0.0268361 0.0243081 0.0216013
 1.06187e-16 2.52033e-05 0.000147907 0.000703054 0.00270675 0.00844069 0.0213206 0.0436254 0.0723165 0.097127 0.105714 0.0932967 0.0668926 0.0392574 0.0194634 0.00928171 0.0060105 0.00645484 0.0086555 0.0117339 0.0152847 0.0190016 0.0225664 0.0256651 0.0280447 0.0295608 0.0301965 0.0300446 0.029264 0.0280263 0.0264736 0.0246994 0.0227531 0.0206596 0.018443 0.0161429
 1.044e-16 2.67013e-05 0.0001567 0.000744851 0.00286767 0.0089425 0.0225881 0.0462191 0.0766162 0.102902 0.112002 0.0988493 0.0708814 0.0416131 0.0206574 0.00989043 0.00644737 0.00693636 0.0092683 0.0124916 0.0161488 0.0198844 0.0233319 0.0261396 0.0280376 0.0288933 0.028733 0.0277181 0.0260899 0.0241023 0.0219658 0.0198184 0.0177265 0.0157056 0.0137496 0.0118542
 1.04456e-16 2.34357e-05 0.000137523 0.000653667 0.00251656 0.00784758 0.0198226 0.0405609 0.0672395 0.0903165 0.0983239 0.0868277 0.0623702 0.0368364 0.0186955 0.00963448 0.00717992 0.00838606 0.0114269 0.0154389 0.0199494 0.0245359 0.0287427 0.0321285 0.0343541 0.0352525 0.0348571 0.0333733 0.031111 0.0284004 0.0255211 0.0226643 0.0199305 0.0173528 0.0149305 0.0126576
 1.03374e-16 3.01635e-05 0.000177032 0.000841522 0.00323989 0.0101033 0.0255201 0.0522177 0.0865571 0.116245 0.126502 0.111593 0.0799029 0.0466743 0.0227329 0.0101564 0.00566614 0.00539997 0.00699374 0.00940755 0.0122054 0.0151065 0.0178389 0.02014 0.0218008 0.0227058 0.02285 0.0223249 0.0212823 0.0198891 0.0182903 0.0165895 0.014849 0.0131031 0.0113747 0.00968838
 1.02116e-16 3.19545e-05 0.000187545 0.000891501 0.00343232 0.0107034 0.0270359 0.0553191 0.0916981 0.12315 0.134016 0.118222 0.0846502 0.0494487 0.024085 0.0107575 0.0059879 0.00567564 0.00730238 0.00974759 0.0125268 0.0153196 0.0178196 0.0197414 0.0208726 0.0211199 0.0205261 0.0192498 0.0175187 0.0155707 0.0136046 0.0117526 0.0100781 0.00859104 0.00727202 0.00609391
 1.01639e-16 3.17334e-05 0.000186245 0.000885318 0.00340851 0.0106291 0.0268483 0.0549355 0.0910627 0.122298 0.133092 0.117416 0.0840918 0.0491605 0.0240152 0.010846 0.00620453 0.00602268 0.00779845 0.0104109 0.0133626 0.0163114 0.0189258 0.0208961 0.0219926 0.0221161 0.0213164 0.0197715 0.0177363 0.015479 0.0132266 0.0111336 0.00927758 0.00767463 0.00630416 0.00513223
 1.02002e-16 2.84107e-05 0.000166734 0.000792545 0.00305129 0.00951512 0.0240346 0.0491788 0.0815225 0.109492 0.119175 0.105182 0.0754267 0.0442897 0.0219997 0.0105526 0.00689709 0.00741768 0.00987988 0.0132534 0.0170282 0.020799 0.0241496 0.0266861 0.0281149 0.0283062 0.0273192 0.0253757 0.0227958 0.0199179 0.0170302 0.014331 0.0119228 0.00983137 0.00803618 0.00649927
 1.01999e-16 3.17113e-05 0.000186118 0.000884715 0.0034062 0.0106219 0.0268301 0.054898 0.091 0.122212 0.132994 0.117318 0.0839975 0.0490567 0.0238746 0.010632 0.00587684 0.00554155 0.00713122 0.00954128 0.0123011 0.0151042 0.0176564 0.0196794 0.0209599 0.021393 0.0210005 0.0199145 0.0183346 0.0164766 0.0145269 0.0126178 0.0108241 0.00917574 0.00767713 0.00632399
 1.02432e-16 2.67655e-05 0.000157072 0.000746609 0.00287441 0.00896353 0.0226413 0.0463283 0.0767986 0.103152 0.112284 0.0991241 0.0711348 0.0418752 0.0209968 0.0103987 0.00722557 0.00808523 0.0108749 0.0146086 0.0187702 0.0229236 0.0266125 0.0294047 0.0309786 0.0311943 0.0301203 0.0280036 0.0251983 0.0220765 0.0189524 0.0160391 0.0134432 0.0111863 0.00924029 0.00756016
pSPR Fmed_Fpbrs
0.440793   0.332791 0.332791
Fs Fmed_Fpbrs
0.64   1.005 1.005
SSBpbr Bo_Bmed_Bpbrs
2.52662e+06  987384  714506 714506
Ro
57109
SPR SPRFo_SPRFmed_SPRFpbrs
1.17713e+06 518870 391738
log_Ro
10.7727
likeval ReclasPelacesDesembMPH_pf_preclas_ppelaces_ptallas_desvR_qrecl_qpela
 95.9073 40.9507 0.0349572 30.0101 309.326 184.11 46.1252 0 20.6251 0.000101416 0 0 0 0 0
q_reclas_q_pelaces
0.240019 1
M
0.7
N
 58632.4 18163.1 6844.9 815.515 0.375094
 77717.2 27051.5 6319.4 2381.51 283.868
 47009.4 36325.6 10022.3 2341.27 987.495
 74288 21417 11890 3280.47 1089.56
 116623 36293 9827.73 5456.03 2005.31
 78002.2 57718 17730.8 4801.3 3645.2
 128185 37376.5 24116.3 7408.46 3529.2
 158868 62182.6 16574.2 10694.1 4850.2
 227730 75382.1 24778.1 6604.39 6194.01
 189244 108268 30322 9966.86 5148.08
 79328.8 91190.9 46483.2 13018.3 6489.38
 41271.2 37117.1 33954 17307.5 7263.48
 41178.2 19443.1 14285.7 13068.3 9456.97
 21469.5 18872.4 6550.06 4812.64 7588.41
 17454.6 9303.49 4848.24 1682.69 3185.79
 16662.1 7648.42 2522.4 1314.47 1319.96
 11944.2 7790.66 2838.34 936.067 977.643
 19385.9 5575.98 2869.38 1045.39 704.839
 31541.5 9144.77 2159.73 1111.39 677.912
 49018.7 15048.7 3741.94 883.74 732.165
 57337 23556.4 6376.43 1585.54 684.692
 107651 28058.7 10897.6 2949.85 1050.25
 107322 52465.6 12726.3 4942.74 1814.29
pred_Ctot
 3002.52 3991.06 1504.06 179.197 0.082421
 3295.51 5023.88 1173.61 442.282 52.7186
 2804.99 9119.95 2516.21 587.803 247.922
 865.93 1174.95 652.294 179.969 59.7743
 282.565 422.959 114.533 63.5847 23.3699
 1971.16 6648.88 2042.51 553.09 419.913
 2134.89 2895.56 1868.3 573.934 273.408
 5095.53 8948.1 2385.04 1538.89 697.945
 6997.65 10425 3426.69 913.354 856.6
 4039.98 10633.4 2978.03 978.88 505.611
 3308.15 16682.4 8503.6 2381.56 1187.16
 1527.61 6093.09 5573.84 2841.18 1192.36
 2293.16 4598 3378.36 3090.46 2236.43
 1982.13 6800.95 2360.42 1734.31 2734.6
 1486.8 3144.22 1638.52 568.684 1076.67
 702.664 1413.4 466.131 242.911 243.924
 516.403 1472.34 536.413 176.906 184.763
 700.125 894.992 460.56 167.794 113.133
 891.837 1170.42 276.42 142.245 86.7646
 1139.76 1602.6 398.497 94.1137 77.9717
 600.047 1163.52 314.95 78.3144 33.8189
 1438.43 1757.5 682.592 184.769 65.7842
 1470.22 3366.52 816.6 317.157 116.416
F
 0.0735439 0.35577 0.35577 0.35577 0.35577
 0.0605537 0.292929 0.292929 0.292929 0.292929
 0.0861653 0.416826 0.416826 0.416826 0.416826
 0.0163255 0.0789748 0.0789748 0.0789748 0.0789748
 0.00337408 0.0163222 0.0163222 0.0163222 0.0163222
 0.035696 0.17268 0.17268 0.17268 0.17268
 0.0233988 0.113192 0.113192 0.113192 0.113192
 0.0455016 0.220115 0.220115 0.220115 0.220115
 0.0435546 0.210696 0.210696 0.210696 0.210696
 0.0300808 0.145517 0.145517 0.145517 0.145517
 0.0595243 0.28795 0.28795 0.28795 0.28795
 0.0526748 0.254815 0.254815 0.254815 0.254815
 0.0802097 0.388016 0.388016 0.388016 0.388016
 0.136244 0.659083 0.659083 0.659083 0.659083
 0.125101 0.605179 0.605179 0.605179 0.605179
 0.0602126 0.291279 0.291279 0.291279 0.291279
 0.0617732 0.298829 0.298829 0.298829 0.298829
 0.0513662 0.248485 0.248485 0.248485 0.248485
 0.0400157 0.193576 0.193576 0.193576 0.193576
 0.0328023 0.158682 0.158682 0.158682 0.158682
 0.0146464 0.0708522 0.0708522 0.0708522 0.0708522
 0.0187342 0.0906271 0.0906271 0.0906271 0.0906271
 0.019211 0.0929333 0.0929333 0.0929333 0.0929333
Np
 36438.2 14700.3 9503.14 4315.55 1237.08
YTP_r0W_actual
 96709.7 612359 205005 103937 47951.6
YTP_p0W_proyectada
 40795.1 544639 359545 111377 69726.5
 40795.1 153142 143917 83463.4 26550.6
CTP_r0_actual
 14653 25304.1 6137.89 2383.88 875.028
CTP_p0_proyectada
 4975.01 25214.8 11450.5 2777.49 1566.89
 4975.01 7089.91 4583.35 2081.38 596.642
Wmedp
 8.2 21.6 31.4 40.1 44.5
nmprior
 10.8 10.6 4.6 0
nm_flota  nm_reclas  nm_pelaces    nm_pelaL
inf 11.2604 13.4102 17.3852
cv_recla  cv_pelaces  cv_mph
0.774223 0.391874 0.474421
 ------------------------------------------------
Talla a la edad & desviaci?n 
 7.2 14.2025 17.0495 18.207 18.6776
 1.08 2.13037 2.55742 2.73105 2.80164
