years
 1997 1998 1999 2000 2001 2002 2003 2004 2005 2006 2007 2008 2009 2010 2011 2012 2013 2014 2015 2016 2017 2018 2019 2020
reclasobs
 0 0 0 370054 412103 1.49427e+06 250295 1.28982e+06 931140 785840 897777 1.04006e+06 184774 17550 25797 100020 73551 82996 120727 218422 84188 347160 605670 569463
reclaspred
 2.78232e+06 689794 1.48703e+06 607930 304156 1.07519e+06 4.22634e+06 3.12979e+06 3.62752e+06 3.2503e+06 4.48543e+06 4.54179e+06 3.29637e+06 2.06668e+06 1.31247e+06 745711 529925 506266 512300 603913 488303 561763 1.25881e+06 1.4182e+06
pelacesobs
 0 0 0 0 0 0 0 0 0 2.06254e+06 1.5e+06 0 1.87456e+06 323000 250000 174000 83755 137374 0 501740 490994 745055 786931 1.00524e+06
pelacespred
 2.37954e+06 871141 517933 482620 216637 431027 1.50613e+06 2.21843e+06 2.19955e+06 2.075e+06 2.68488e+06 2.7311e+06 2.08965e+06 1.37889e+06 834918 479204 322947 280160 297689 323330 308687 310546 536488 801777
mphobs
 0 0 0 0 0 0 112323 0 153150 637223 0 255016 313432 73983 77613 109348 50772 17779 17303 59886 28197 0 207744 136588
mphpred
 1.79914e+06 1.49704e+06 888219 829901 370593 317020 2.61155e+06 2.71616e+06 3.61e+06 2.90878e+06 3.48741e+06 4.54335e+06 3.31383e+06 2.32177e+06 1.38419e+06 769639 443958 404534 417478 504776 450625 409833 836708 1.05727e+06
desembarqueobs
 350755 77701 442110 56441 14545 235359 269955 359681 431902 328805 639364 411747 362871 311530 167758 66681 60226 58785 57116 73181 50977 67692 138656 160484
desembarquepred
 316215 78539.6 169316 69220.4 34630.7 122052 481205 355764 412926 369697 510121 517064 375217 235311 149438 84902.4 60296.1 57614.7 58274.5 68752.2 55563.7 63863.3 143287 161252
Reclutas
 212301 4339.74 674.591 473.986 1293.49 411089 9410.23 413116 79179.3 327018 477220 65679 104081 8371.17 3179 6569.55 28511.8 18639.2 46416.6 8188.13 24680.1 120703 49350.7 205489
log_desv_Rt
 2.02507 -1.86512 -3.72658 -4.07951 -3.07559 2.68588 -1.09113 2.6908 1.03878 2.45708 2.83505 0.851848 1.31224 -1.20814 -2.17636 -1.45049 0.0173884 -0.407662 0.504726 -1.23025 -0.126935 1.46041 0.56602 1.99246
SSB
 1.79914e+06 1.49704e+06 888219 829901 370593 317020 2.54881e+06 2.69444e+06 3.55202e+06 2.86225e+06 3.48741e+06 4.54335e+06 3.36792e+06 2.35972e+06 1.42981e+06 814571 485228 431568 427710 538576 461681 409833 857273 1.04039e+06
BT
 7.84028e+06 1.7112e+06 1.01993e+06 947288 427884 1.43245e+06 3.01307e+06 5.90324e+06 4.63567e+06 5.04873e+06 6.83142e+06 5.57214e+06 4.41319e+06 2.72222e+06 1.64693e+06 953661 730802 619286 700698 658710 701467 781219 1.14325e+06 2.04149e+06
Ftot
 0.110803 0.110803 0.110803 0.110803 0.110803 0.110803 0.110803 0.110803 0.110803 0.110803 0.110803 0.110803 0.110803 0.110803 0.110803 0.110803 0.110803 0.110803 0.110803 0.110803 0.110803 0.110803 0.110803 0.110803
BD_Bspro_t
 0.986142 0.915844 0.825275 0.741126 0.666524 0.733842 0.903254 0.843325 0.862249 0.814176 0.835944 0.838472 0.781124 0.743291 0.68488 0.634731 0.606593 0.685982 0.730866 0.791979 0.767982 0.791217 0.858253 0.838298
BD_Bspro
 3.12054 2.59656 1.54059 1.43943 0.642781 0.54986 4.42083 4.67341 6.16085 4.96447 6.04879 7.88028 5.84154 4.09285 2.47996 1.41284 0.841612 0.74854 0.741849 0.934142 0.800771 0.710841 1.48691 1.80452
BD_Bo
 0.363716 0.302643 0.179563 0.167774 0.0749196 0.0640891 0.515271 0.544711 0.718081 0.578636 0.705019 0.918489 0.680862 0.477043 0.289053 0.164675 0.0980944 0.0872463 0.0864664 0.108879 0.0933341 0.0828523 0.173307 0.210327
BD_Brms
 1.77037 1.4731 0.874015 0.816629 0.364667 0.31195 2.50805 2.65135 3.49521 2.81648 3.43164 4.47069 3.31406 2.32198 1.40695 0.801544 0.477468 0.424666 0.42087 0.529963 0.454298 0.403279 0.843563 1.02375
S_f
 0.5 1 1 1 1
 0.5 1 1 1 1
 0.5 1 1 1 1
 0.5 1 1 1 1
 0.5 1 1 1 1
 0.5 1 1 1 1
 0.5 1 1 1 1
 0.5 1 1 1 1
 0.5 1 1 1 1
 0.5 1 1 1 1
 0.5 1 1 1 1
 0.5 1 1 1 1
 0.5 1 1 1 1
 0.5 1 1 1 1
 0.5 1 1 1 1
 0.5 1 1 1 1
 0.5 1 1 1 1
 0.5 1 1 1 1
 0.5 1 1 1 1
 0.5 1 1 1 1
 0.5 1 1 1 1
 0.5 1 1 1 1
 0.5 1 1 1 1
 0.5 1 1 1 1
Scru_reclas
 0.5 1 1 1 1
 0.5 1 1 1 1
 0.5 1 1 1 1
 0.5 1 1 1 1
 0.5 1 1 1 1
 0.5 1 1 1 1
 0.5 1 1 1 1
 0.5 1 1 1 1
 0.5 1 1 1 1
 0.5 1 1 1 1
 0.5 1 1 1 1
 0.5 1 1 1 1
 0.5 1 1 1 1
 0.5 1 1 1 1
 0.5 1 1 1 1
 0.5 1 1 1 1
 0.5 1 1 1 1
 0.5 1 1 1 1
 0.5 1 1 1 1
 0.5 1 1 1 1
 0.5 1 1 1 1
 0.5 1 1 1 1
 0.5 1 1 1 1
 0.5 1 1 1 1
Scru_pelaces
 0.5 1 1 1 1
 0.5 1 1 1 1
 0.5 1 1 1 1
 0.5 1 1 1 1
 0.5 1 1 1 1
 0.5 1 1 1 1
 0.5 1 1 1 1
 0.5 1 1 1 1
 0.5 1 1 1 1
 0.5 1 1 1 1
 0.5 1 1 1 1
 0.5 1 1 1 1
 0.5 1 1 1 1
 0.5 1 1 1 1
 0.5 1 1 1 1
 0.5 1 1 1 1
 0.5 1 1 1 1
 0.5 1 1 1 1
 0.5 1 1 1 1
 0.5 1 1 1 1
 0.5 1 1 1 1
 0.5 1 1 1 1
 0.5 1 1 1 1
 0.5 1 1 1 1
pf_obs 
 0.256992 0.487395 0.22802 0.0275931 0
 0.321318 0.546541 0.124235 0.00734118 0.000564706
 0.182869 0.594174 0.210203 0.0122559 0.00049798
 0.330522 0.361315 0.267642 0.0388342 0.00168674
 0.649043 0.306663 0.0425973 0.00169635 0
 0.582887 0.30429 0.105238 0.00758474 0
 0.465427 0.430635 0.0974691 0.00646863 0
 0.296916 0.608066 0.0921331 0.00288517 0
 0.311714 0.524322 0.152257 0.0117073 0
 0.15457 0.633149 0.183074 0.0267441 0.00246327
 0.131901 0.49318 0.331252 0.0422183 0.00144891
 0.196976 0.569456 0.194076 0.0375587 0.00193317
 0.518974 0.381816 0.0799577 0.0180837 0.00116848
 0.0928022 0.601141 0.25162 0.0475244 0.00691264
 0.122501 0.610282 0.24278 0.0234846 0.000952079
 0.383417 0.481906 0.127806 0.00687128 0
 0.0376549 0.599619 0.316969 0.0457579 0
 0.0361596 0.667082 0.258105 0.0386534 0
 0.158088 0.579412 0.248529 0.0139706 0
 0.0477256 0.309471 0.559284 0.082774 0.000745712
 0.0406174 0.521527 0.379366 0.0568643 0.0016247
 0.151134 0.462217 0.34131 0.0453401 0
 0.294876 0.26143 0.354403 0.0886775 0.000613685
 0.281977 0.475581 0.204845 0.0348837 0.00271318
pf_pred 
 0.766689 0.117452 0.058325 0.0289634 0.0285704
 0.0190515 0.85488 0.0634647 0.0315157 0.0310881
 0.00648776 0.0382829 0.832466 0.0618008 0.0609624
 0.0100823 0.013162 0.0376372 0.818426 0.120693
 0.0577082 0.0193967 0.0122709 0.035089 0.875535
 0.974922 0.00281374 0.00045831 0.000289939 0.0215165
 0.0240559 0.963928 0.00134817 0.000219594 0.0104483
 0.698485 0.014594 0.283388 0.000396352 0.00313627
 0.147344 0.705148 0.00713972 0.13864 0.00172825
 0.542036 0.12038 0.279182 0.00282676 0.0555748
 0.53025 0.333289 0.0358701 0.0831891 0.0174021
 0.0950037 0.63317 0.192862 0.0207567 0.0582083
 0.23525 0.136167 0.439781 0.133956 0.0548467
 0.0329269 0.375512 0.10533 0.340186 0.146045
 0.0264599 0.0639103 0.353207 0.0990733 0.45735
 0.106863 0.0474316 0.0555183 0.306828 0.48336
 0.483711 0.102231 0.0219893 0.0257383 0.36633
 0.319609 0.448439 0.045929 0.00987903 0.176143
 0.571978 0.210679 0.143249 0.0146715 0.0594226
 0.123682 0.643105 0.114791 0.0780511 0.0403712
 0.425677 0.129541 0.326413 0.0582633 0.0601062
 0.763258 0.143148 0.0211104 0.0531934 0.0192899
 0.279279 0.626545 0.0569445 0.00839774 0.028834
 0.668549 0.147273 0.160112 0.014552 0.00951445
pobs_RECLAS
 0 0 0 0 0
 0 0 0 0 0
 0 0 0 0 0
 0 0 0 0 0
 0.835266 0.146461 0.0176864 0.000547809 3.91292e-05
 0.385257 0.428462 0.181853 0.0044286 0
 0.867414 0.0963971 0.0333333 0.00285562 0
 0.441836 0.489002 0.0689373 0.000224442 0
 0.779404 0.147425 0.0564933 0.0165055 0.000172143
 0.814271 0.122319 0.05973 0.00367925 0
 0.40263 0.566651 0.0304383 0.000280538 0
 0.475488 0.404961 0.113038 0.00651328 0
 0.955842 0.0263864 0.0167828 0.000988607 0
 0.975058 0.0227948 0.00214734 0 0
 0.738997 0.206755 0.0527124 0.00153531 0
 0.850938 0.134255 0.0134407 0.00136685 0
 0.542534 0.407297 0.0501686 0 0
 0.764087 0.199537 0.0359546 0.000420521 0
 0.470689 0.182191 0.310203 0.0369168 0
 0.84361 0.089868 0.0606195 0.00523954 0.000663233
 0.607945 0.314616 0.071237 0.00620181 0
 0.523733 0.453247 0.0230204 0 0
 0.530135 0.295979 0.169645 0.0042399 0
 0.562478 0.366248 0.0663022 0.0049721 0
ppred_RECLAS
 0.767329 0.11713 0.0581652 0.028884 0.0284921
 0.0191185 0.854822 0.0634604 0.0315135 0.031086
 0.00651087 0.038282 0.832447 0.0617993 0.060961
 0.0101181 0.0131615 0.0376359 0.818396 0.120688
 0.0579032 0.0193927 0.0122683 0.0350817 0.875354
 0.975009 0.00280394 0.000456714 0.000288929 0.0214415
 0.0241401 0.963845 0.00134805 0.000219575 0.0104474
 0.699239 0.0145575 0.28268 0.000395362 0.00312844
 0.147794 0.704775 0.00713595 0.138567 0.00172733
 0.542924 0.120147 0.278641 0.00282128 0.055467
 0.531141 0.332656 0.0358021 0.0830312 0.0173691
 0.0953119 0.632954 0.192796 0.0207496 0.0581885
 0.235894 0.136052 0.43941 0.133843 0.0548005
 0.0330411 0.375468 0.105317 0.340146 0.146028
 0.0265522 0.0639043 0.353173 0.0990639 0.457306
 0.107205 0.0474135 0.0554971 0.30671 0.483174
 0.484605 0.102054 0.0219512 0.0256937 0.365696
 0.320388 0.447926 0.0458764 0.00986772 0.175941
 0.572854 0.210248 0.142956 0.0146415 0.059301
 0.12407 0.64282 0.11474 0.0780165 0.0403533
 0.426552 0.129343 0.325915 0.0581745 0.0600146
 0.763904 0.142757 0.0210528 0.0530482 0.0192373
 0.28 0.625918 0.0568875 0.00838934 0.0288051
 0.669341 0.146921 0.159729 0.0145172 0.0094917
pobs_PELACES
 0 0 0 0 0
 0 0 0 0 0
 0 0 0 0 0
 0 0 0 0 0
 0 0 0 0 0
 0 0 0 0 0
 0 0 0 0 0
 0 0 0 0 0
 0 0 0 0 0
 0 0 0 0 0
 0.450072 0.473896 0.0757376 0.000293798 0
 0 0 0 0 0
 0.463077 0.371075 0.160297 0.00555027 0
 0.529543 0.364841 0.0842815 0.0213345 0
 0.631943 0.363953 0.00410389 0 0
 0.735681 0.248677 0.0153453 0.000297389 0
 0.695825 0.281241 0.0229344 0 0
 0.275771 0.60734 0.115278 0.00161068 0
 0 0 0 0 0
 0.896147 0.0623911 0.0374545 0.00400742 0
 0.803859 0.145111 0.0509908 3.86294e-05 0
 0.739449 0.233085 0.0266225 0.000797448 4.60066e-05
 0.878498 0.100942 0.0204185 0.000141795 0
 0.694673 0.275183 0.0284847 0.00165964 0
ppred_PELACES
 0.770577 0.115495 0.0573532 0.0284807 0.0280944
 0.0194644 0.85452 0.063438 0.0315024 0.031075
 0.0066302 0.0382774 0.832347 0.0617919 0.0609536
 0.0103029 0.0131591 0.0376289 0.818243 0.120666
 0.0589086 0.019372 0.0122552 0.0350443 0.87442
 0.975451 0.00275439 0.000448643 0.000283823 0.0210626
 0.0245745 0.963416 0.00134745 0.000219477 0.0104427
 0.70307 0.0143721 0.279079 0.000390326 0.00308859
 0.150112 0.702859 0.00711654 0.13819 0.00172264
 0.547457 0.118955 0.275877 0.0027933 0.0549169
 0.535691 0.329428 0.0354546 0.0822254 0.0172005
 0.0969 0.631843 0.192457 0.0207132 0.0580863
 0.239206 0.135462 0.437506 0.133263 0.054563
 0.0336302 0.375239 0.105253 0.339938 0.145939
 0.0270289 0.063873 0.353001 0.0990154 0.457082
 0.108967 0.0473199 0.0553875 0.306105 0.482221
 0.489172 0.10115 0.0217567 0.025466 0.362455
 0.324382 0.445294 0.0456068 0.00980973 0.174908
 0.577321 0.208049 0.141461 0.0144883 0.0586808
 0.126071 0.641351 0.114478 0.0778383 0.0402611
 0.43103 0.128333 0.32337 0.0577202 0.0595459
 0.767186 0.140773 0.0207602 0.0523109 0.0189699
 0.2837 0.622701 0.0565951 0.00834622 0.0286571
 0.673375 0.145129 0.15778 0.0143401 0.00937591
pobs_pel_tallas
 0 0 0 0 0 0 0 0 0 0 0 0 0 0 0 0 0 0 0 0 0 0 0 0 0 0 0 0 0 0 0 0 0 0 0 0
 0 0 0 0 0 0 0 0 0 0 0 0 0 0 0 0 0 0 0 0 0 0 0 0 0 0 0 0 0 0 0 0 0 0 0 0
 0 0 0 0 0 0 0 0 0 0 0 0 0 0 0 0 0 0 0 0 0 0 0 0 0 0 0 0 0 0 0 0 0 0 0 0
 0 0 0 0 0 0 0 0 0 0 0 0 0 0 0 0 0 0 0 0 0 0 0 0 0 0 0 0 0 0 0 0 0 0 0 0
 0 0 0 0 0 0 0 0 0 0 0 0 0 0 0 0 0 0 0 0 0 0 0 0 0 0 0 0 0 0 0 0 0 0 0 0
 0 0 0 0 0 0 0 0 0 0 0 0 0 0 0 0 0 0 0 0 0 0 0 0 0 0 0 0 0 0 0 0 0 0 0 0
 0 0 0 0 0 0 0 0 0 0 0 0 0 0 0 0 0 0 0 0 0 0 0 0 0 0 0 0 0 0 0 0 0 0 0 0
 0 0 0 0 0 0 0 0 0 0 0 0 0 0 0 0 0 0 0 0 0 0 0 0 0 0 0 0 0 0 0 0 0 0 0 0
 0 0 0 0 0 0 0 0 0 0 0 0 0 0 0 0 0 0 0 0 0 0 0 0 0 0 0 0 0 0 0 0 0 0 0 0
 0 0 0 0 0 0 0 0 0 0 0 0 0 0 0 0 0 0 0 0 0 0 0 0 0 0 0 0 0 0 0 0 0 0 0 0
 0 0 0 0 0 0 0 0 1.78061e-05 0.00172719 0.00360574 0.0105946 0.0120993 0.0124554 0.0147524 0.0171206 0.0266825 0.0428682 0.0675386 0.121331 0.153587 0.119568 0.100827 0.0573624 0.0630603 0.0341343 0.0324427 0.0444173 0.0211091 0.0280891 0.0125444 0.00206551 0 0 0 0
 0 0 0 0 0 0 0 0 0 0 0 0 0 0 0 0 0 0 0 0 0 0 0 0 0 0 0 0 0 0 0 0 0 0 0 0
 0 0 0 0 0 0 0.0133647 0.0140871 0.0187388 0.0205184 0.03894 0.0496705 0.03968 0.0493445 0.0407372 0.0367815 0.0215668 0.0243155 0.0234873 0.0199281 0.019796 0.0243948 0.0301388 0.0376714 0.0412746 0.0863199 0.0771752 0.113111 0.0741005 0.0525337 0.0229764 0.00759418 0.00175318 0 0 0
 0 0 0 0 0 0 0 0 0 0 0.00219441 0.00772107 0.0458388 0.0604681 0.0671733 0.0775358 0.0609151 0.0617685 0.073594 0.0568108 0.0755445 0.0548602 0.0670107 0.0636378 0.0643287 0.046367 0.0373049 0.0286899 0.0247887 0.0153202 0.00654259 0.00121912 0.000365735 0 0 0
 0 0 0 0 0 0 0 0 0 0 0 0 0.000112435 0.00938835 0.0111873 0.0202946 0.0414886 0.0713402 0.111592 0.104902 0.108894 0.110636 0.117776 0.105296 0.107544 0.0401394 0.0192827 0.0124803 0.00416011 0.0028671 0.000618394 0 0 0 0 0
 0 0 0 0 0 0 0 0 0 0 0.00291406 0.0102884 0.027416 0.0768956 0.0749926 0.110853 0.0956884 0.0897413 0.0766577 0.0534642 0.0500743 0.0551293 0.0594112 0.0620874 0.0668451 0.0424026 0.0208742 0.0120726 0.0048766 0.00582813 0.00118941 0.000297354 0 0 0 0
 0 0.00264628 0.0354308 0.0461629 0.0458689 0.0383711 0.0214643 0.0164657 0.0346957 0.0420465 0.0363128 0.0245516 0.0311673 0.0291091 0.0169068 0.0133784 0.00837989 0.0085269 0.0148486 0.0160247 0.0276389 0.0546898 0.0760071 0.122758 0.109233 0.0665981 0.0333725 0.0166128 0.00676272 0.00308733 0.000882094 0 0 0 0 0
 0 0 0 0 0 0 0 0.000805153 0.000690131 0.00759144 0.0133425 0.0154129 0.00931677 0.000345066 0.00356568 0.00563607 0.00851162 0.0253048 0.0502646 0.0516448 0.0657925 0.0565908 0.0611916 0.0827007 0.0866115 0.110766 0.145733 0.0935128 0.0569358 0.0249597 0.0138026 0.00621118 0.00161031 0.00115022 0 0
 0 0 0 0 0 0 0 0 0 0 0 0 0 0 0 0 0 0 0 0 0 0 0 0 0 0 0 0 0 0 0 0 0 0 0 0
 0.00147267 0.00158595 0.00478618 0.00569244 0.00954404 0.0108468 0.00647125 0.017049 0.0510054 0.094081 0.124002 0.0959785 0.0687766 0.0820023 0.061753 0.0591476 0.0492212 0.0479892 0.0443925 0.0268479 0.0217502 0.0140895 0.0121071 0.0120363 0.00920419 0.00665534 0.0049561 0.00860946 0.00930331 0.0156896 0.0114698 0.00855282 0.00243557 0.00046729 0 2.83206e-05
 0 0 0 0 0.000772559 0.00158375 0.000888443 0.00281984 0.00712685 0.0440552 0.0773331 0.111326 0.0921469 0.0852325 0.0710754 0.0886704 0.0786465 0.0553345 0.0373146 0.0185414 0.00753245 0.00457741 0.012979 0.0271748 0.0457355 0.0583668 0.034881 0.0177882 0.00938659 0.00492506 0.0015258 0.00185414 0.000309023 5.79419e-05 3.86279e-05 0
 0 0.00173294 0.00326652 0 0.00397197 0.00683976 0.00946217 0.0152591 0.00757587 0.0136028 0.0228656 0.0392903 0.0559909 0.0764795 0.0681675 0.0726916 0.0566044 0.0477403 0.0527397 0.0444891 0.0609904 0.0582453 0.0661739 0.0445044 0.0529084 0.0360697 0.0280645 0.0235558 0.0158879 0.00826598 0.00280645 0.00217768 0.000904811 0.00058276 9.20147e-05 0
 0 0 0 0 0 0 0 0 0 0 0 0 0 0 0 0 0 0 0 0 0 0 0 0 0 0 0 0 0 0 0 0 0 0 0 0
 0 0 0 0 0 0 0 0 0 0 0 0 0 0 0 0 0 0 0 0 0 0 0 0 0 0 0 0 0 0 0 0 0 0 0 0
ppred_pel_tallas
 1.03144e-16 3.36181e-05 0.000197319 0.000937979 0.0036113 0.0112615 0.0284456 0.058203 0.0964763 0.12956 0.140973 0.124315 0.0889161 0.0517462 0.0248417 0.0104831 0.00497924 0.0039971 0.00489316 0.00653074 0.00848328 0.0105316 0.012488 0.0141754 0.0154522 0.0162387 0.0165274 0.0163734 0.0158691 0.0151148 0.0141942 0.0131634 0.0120531 0.0108789 0.00965455 0.00840101
 1.03714e-16 8.96062e-07 5.14337e-06 2.42054e-05 9.2783e-05 0.000288979 0.000730894 0.00150226 0.00251573 0.00345583 0.00396437 0.00398144 0.0039071 0.00441268 0.00612535 0.00948119 0.0147566 0.0220974 0.0314463 0.0424182 0.0542215 0.0656946 0.0754772 0.0822816 0.0851895 0.0838733 0.0786731 0.0704927 0.0605631 0.0501494 0.0402989 0.0316941 0.0246297 0.0190851 0.0148458 0.0116231
 1.168e-16 3.05242e-07 1.74514e-06 8.20584e-06 3.14444e-05 9.78813e-05 0.000247259 0.00050692 0.000844492 0.00114718 0.00128303 0.00121485 0.00105365 0.000995225 0.00121911 0.00185365 0.0030125 0.00483864 0.00751405 0.0112367 0.0161808 0.0224509 0.0300342 0.0387608 0.0482781 0.0580523 0.0674034 0.0755738 0.0818258 0.0855514 0.0863704 0.0841964 0.0792551 0.0720452 0.0632562 0.0536584
 1.34293e-16 4.61221e-07 2.67105e-06 1.26301e-05 4.85176e-05 0.000151162 0.000381779 0.000781633 0.00129779 0.00174961 0.0019218 0.00173794 0.00133879 0.000977766 0.000857716 0.00107198 0.0016607 0.00268642 0.00426669 0.00656765 0.00978186 0.0141008 0.0196817 0.0266086 0.0348507 0.0442244 0.0543702 0.0647538 0.0746981 0.0834489 0.0902663 0.0945278 0.0958231 0.0940182 0.0892807 0.0820514
 1.42243e-16 2.5802e-06 1.51125e-05 7.17807e-05 0.000276267 0.000861398 0.00217577 0.00445223 0.00738163 0.00991826 0.0108061 0.0095631 0.00691485 0.00417928 0.00230922 0.00152821 0.00162474 0.00236401 0.00366882 0.00560489 0.0083141 0.0119632 0.0167089 0.0226667 0.0298766 0.0382669 0.0476232 0.0575706 0.0675791 0.0769979 0.0851197 0.0912665 0.094884 0.0956254 0.0934045 0.0884145
 1.01002e-16 4.25469e-05 0.000249749 0.00118726 0.00457114 0.0142548 0.0360062 0.0736717 0.122112 0.163973 0.17838 0.157215 0.112257 0.0649426 0.0304496 0.0115919 0.00362243 0.000997026 0.000347715 0.000273171 0.000342502 0.000454538 0.000590538 0.000747041 0.000922246 0.00111366 0.00131729 0.00152695 0.00173369 0.00192583 0.00208971 0.00221131 0.00227841 0.00228269 0.00222138 0.00209802
 1.00829e-16 1.12323e-06 6.46719e-06 3.04772e-05 0.000116894 0.000364142 0.000920876 0.00189177 0.00316427 0.00433551 0.00494454 0.00490045 0.00468338 0.00510361 0.00690216 0.0105677 0.0163842 0.0244811 0.03476 0.0467551 0.059544 0.071793 0.0819545 0.0885796 0.0906583 0.0878719 0.0806786 0.0701901 0.0578949 0.0453146 0.0337052 0.0238814 0.0161823 0.0105546 0.00669362 0.00418953
 1.04125e-16 3.06711e-05 0.000180024 0.000855777 0.00329483 0.0102746 0.0259527 0.0531018 0.0880185 0.118196 0.128592 0.11336 0.0810009 0.0469806 0.0222619 0.0089066 0.00353804 0.00221472 0.00257016 0.00365452 0.00520601 0.00717597 0.00953682 0.0122222 0.015111 0.0180286 0.0207592 0.0230695 0.0247397 0.0255975 0.0255474 0.0245885 0.0228166 0.0204085 0.0175931 0.0146148
 1.05159e-16 6.58654e-06 3.85659e-05 0.000183132 0.000704746 0.0021974 0.00555121 0.0113638 0.0188569 0.025385 0.027784 0.0248883 0.0186464 0.0125577 0.0092247 0.00939345 0.0126398 0.0183238 0.025939 0.0349823 0.0447522 0.0542917 0.0624938 0.0683145 0.0710119 0.0703252 0.066533 0.0603649 0.0528051 0.0448524 0.0373165 0.0307049 0.0252116 0.0207855 0.017236 0.014334
 1.06617e-16 2.38897e-05 0.000140203 0.000666441 0.0025658 0.00800116 0.0202103 0.0413531 0.068548 0.0920603 0.100186 0.088385 0.0633002 0.0370083 0.0180913 0.00821026 0.00479318 0.00481757 0.00645972 0.00895532 0.0120226 0.0154958 0.0191932 0.0229006 0.0263926 0.0294583 0.0319219 0.0336511 0.0345585 0.0346 0.0337753 0.0321315 0.0297674 0.0268311 0.0235105 0.0200138
 1.0424e-16 2.33846e-05 0.000137219 0.000652217 0.00251097 0.00783013 0.0197785 0.0404711 0.0670917 0.0901213 0.0981199 0.0866677 0.0622992 0.0368821 0.0188789 0.00998587 0.00774574 0.00922196 0.0125814 0.0169324 0.0217542 0.026562 0.0308355 0.0340838 0.0359478 0.0362816 0.0351798 0.032939 0.0299705 0.026694 0.0234493 0.0204489 0.0177768 0.0154204 0.013319 0.0114055
 1.06364e-16 4.26388e-06 2.49352e-05 0.000118342 0.000455306 0.00141955 0.00358634 0.0073431 0.0121909 0.0164291 0.0180287 0.016261 0.0124222 0.00882903 0.00723982 0.00823147 0.0116299 0.0171044 0.0243645 0.0330477 0.0425713 0.0520981 0.0606317 0.0672025 0.0710789 0.0719286 0.0698805 0.0654598 0.0594324 0.0526097 0.0456815 0.039122 0.0331764 0.027909 0.0232788 0.0192083
 1.13384e-16 1.04495e-05 6.12944e-05 0.000291296 0.00112139 0.00349682 0.00883276 0.018074 0.0299639 0.0402536 0.0438378 0.0387493 0.0279165 0.0166576 0.00878135 0.00509183 0.00455949 0.00596541 0.00860774 0.0122227 0.0167141 0.0219796 0.0278458 0.0340639 0.0403278 0.0462992 0.0516328 0.0559974 0.0590978 0.0606998 0.0606574 0.0589399 0.05565 0.0510212 0.0453959 0.039182
 1.20117e-16 1.4938e-06 8.69807e-06 4.12054e-05 0.000158408 0.000493753 0.00124757 0.00255583 0.00424869 0.00574265 0.00634617 0.00582873 0.00467703 0.0037507 0.00373732 0.00493429 0.00738966 0.0110919 0.0160157 0.02206 0.0289805 0.0363767 0.0437415 0.0505547 0.0563889 0.0609859 0.0642804 0.0663593 0.0673811 0.0674872 0.0667435 0.06513 0.0625786 0.0590334 0.0545116 0.049137
 1.29792e-16 1.19361e-06 6.96363e-06 3.30217e-05 0.000127004 0.000395895 0.00100002 0.00204708 0.00339707 0.00457392 0.00500847 0.00449225 0.0033797 0.00230929 0.0017677 0.00192483 0.00276795 0.00428551 0.00654009 0.0096471 0.0137271 0.0188654 0.0250832 0.0323149 0.0403922 0.0490346 0.0578498 0.0663499 0.0739845 0.0801949 0.0844795 0.0864634 0.0859569 0.0829872 0.0777974 0.0708141
 1.33852e-16 4.76474e-06 2.79336e-05 0.000132724 0.000510901 0.00159308 0.00402396 0.00823404 0.0136509 0.0183394 0.0199743 0.0176604 0.0127338 0.00762114 0.00406564 0.00244888 0.00232896 0.0031952 0.00479618 0.00710847 0.0102146 0.0142181 0.0191998 0.0251921 0.032156 0.039958 0.0483507 0.0569634 0.0653113 0.0728286 0.0789277 0.0830749 0.0848708 0.084115 0.080843 0.0753252
 1.18153e-16 2.13462e-05 0.000125275 0.000595482 0.00229261 0.00714925 0.0180584 0.0369499 0.0612488 0.082256 0.0895126 0.0789607 0.056532 0.0330128 0.0160646 0.00716235 0.00399774 0.00386076 0.00511737 0.00709025 0.00954989 0.0123929 0.015528 0.0188603 0.022302 0.0257806 0.0292345 0.0325952 0.0357655 0.038603 0.0409216 0.042512 0.0431786 0.0427821 0.0412732 0.0387124
 1.09303e-16 1.4175e-05 8.31408e-05 0.000395099 0.00152096 0.00474281 0.0119804 0.0245164 0.04065 0.0546262 0.0595347 0.0527293 0.0382155 0.0232517 0.0130591 0.00877925 0.00903863 0.0121438 0.0170023 0.02299 0.0295885 0.0361946 0.0421257 0.046733 0.0495451 0.0503756 0.0493577 0.0468886 0.0435085 0.0397563 0.0360508 0.0326299 0.0295542 0.0267586 0.0241229 0.0215364
 1.05316e-16 2.51952e-05 0.00014786 0.000702826 0.00270587 0.00843794 0.0213136 0.0436112 0.0722931 0.0970959 0.105681 0.0932695 0.0668775 0.0392574 0.0194805 0.00931932 0.00607556 0.0065582 0.00881098 0.0119568 0.0155891 0.0193977 0.0230561 0.0262387 0.0286776 0.0302121 0.0308107 0.0305558 0.0296033 0.0281309 0.0262971 0.0242194 0.0219764 0.0196226 0.0172068 0.0147851
 1.0639e-16 5.53601e-06 3.24034e-05 0.000153846 0.000592005 0.00184584 0.00466312 0.00954631 0.0158428 0.0213332 0.0233643 0.0209649 0.0157839 0.0107791 0.00816256 0.00859377 0.011753 0.0171366 0.0243424 0.0329503 0.042347 0.0516752 0.0599273 0.0661349 0.0695837 0.0699766 0.0674912 0.0627084 0.0564451 0.0495487 0.042722 0.0364261 0.0308703 0.0260681 0.0219228 0.0183067
 1.09398e-16 1.88134e-05 0.000110399 0.000524749 0.00202025 0.00629988 0.015913 0.0325606 0.0539749 0.0724933 0.078904 0.0696395 0.0499397 0.0293291 0.0145876 0.00705293 0.00473595 0.00529486 0.0073281 0.0102576 0.0138679 0.0180127 0.0225104 0.0271322 0.0316244 0.035734 0.0392302 0.041916 0.0436352 0.0442781 0.0437906 0.0421864 0.0395568 0.0360707 0.0319626 0.0275062
 1.03025e-16 3.34712e-05 0.000196454 0.000933863 0.00359544 0.0112121 0.0283208 0.0579477 0.0960537 0.128994 0.140363 0.123789 0.0885678 0.0515984 0.0248728 0.0106698 0.00532147 0.00451611 0.00561582 0.00747155 0.00962932 0.0118328 0.0138551 0.0154878 0.0165758 0.0170495 0.0169358 0.0163417 0.0154189 0.0143202 0.0131659 0.0120263 0.0109245 0.00985174 0.00878872 0.00772223
 1.02632e-16 1.24086e-05 7.27534e-05 0.000345679 0.00133062 0.00414917 0.0104811 0.0214502 0.0355727 0.0478238 0.0521751 0.0463392 0.0338627 0.0211576 0.0128742 0.0101076 0.0117476 0.0163685 0.0229982 0.0309688 0.0395843 0.0479698 0.0551277 0.0601166 0.062264 0.0613272 0.0575498 0.0515872 0.0443342 0.0367132 0.0294898 0.023166 0.0179625 0.0138704 0.0107388 0.00836074
 1.03218e-16 2.93812e-05 0.000172441 0.000819698 0.00315587 0.00984128 0.0248583 0.0508634 0.0843118 0.113229 0.123216 0.108688 0.0778084 0.0454224 0.0220719 0.00977824 0.00534815 0.00502487 0.00651819 0.00883652 0.0115841 0.0145197 0.0174062 0.020002 0.0220952 0.0235388 0.0242695 0.0243031 0.0237133 0.0226031 0.0210814 0.0192494 0.0171997 0.0150199 0.0127982 0.010622
pSPR Fmed_Fpbrs
0.37021   0.255447 0.255447
Fs Fmed_Fpbrs
0.64   1.005 1.005
SSBpbr Bo_Bmed_Bpbrs
4.94655e+06  1.58394e+06  1.01625e+06 1.01625e+06
Ro
28020.3
SPR SPRFo_SPRFmed_SPRFpbrs
576546 213444 147277
log_Ro
10.0607
likeval ReclasPelacesDesembMPH_pf_preclas_ppelaces_ptallas_desvR_qrecl_qpela
 666.789 191.982 13892.8 572.143 556.104 414.756 87.1103 0 135.401 0 0 0 0 0 0
q_reclas_q_pelaces
1 1
M
0.7
N
 212301 16658.7 8272.45 4107.98 4052.25
 4339.74 99743.7 7404.8 3677.11 3627.23
 674.591 2038.9 44336.2 3291.44 3246.79
 473.986 316.938 906.295 19707.5 2906.25
 1293.49 222.689 140.879 402.849 10051.8
 411089 607.71 98.9856 62.6209 4647.11
 9410.23 193139 270.128 43.9992 2093.48
 413116 4421.13 85850.3 120.072 950.111
 79179.3 194091 1965.2 38160.5 475.697
 327018 37200.2 86273.6 873.532 17173.8
 477220 153640 16535.5 38348.7 8022.07
 65679 224209 68293.2 7350.05 20611.8
 104081 30857.4 99660.9 30356.4 12429.1
 8371.17 48899.6 13716.2 44299.4 19018.2
 3179 3932.96 21735.9 6096.84 28144.7
 6569.55 1493.56 1748.2 9661.63 15220.4
 28511.8 3086.52 663.89 777.079 11060.1
 18639.2 13395.5 1371.96 295.1 5261.63
 46416.6 8757.12 5954.31 609.838 2469.97
 8188.13 21807.5 3892.55 2646.69 1368.98
 24680.1 3846.96 9693.47 1730.24 1784.97
 120703 11595.2 1709.98 4308.76 1562.51
 49350.7 56709.1 5154.09 760.087 2609.79
 205489 23186 25207.2 2291 1497.91
pred_Ctot
 8255.03 1264.62 627.992 311.852 307.621
 168.744 7571.92 562.125 279.143 275.356
 26.2305 154.781 3365.72 249.865 246.476
 18.4303 24.0599 68.8002 1496.07 220.624
 50.2955 16.9052 10.6946 30.5817 763.071
 15984.6 46.1335 7.51436 4.75378 352.779
 365.903 14661.9 20.5064 3.34014 158.924
 16063.4 335.624 6517.21 9.1151 72.1265
 3078.77 14734.2 149.185 2896.91 36.1119
 12715.6 2824 6549.34 66.313 1303.73
 18556 11663.4 1255.27 2911.19 608.985
 2553.83 17020.5 5184.39 557.969 1564.72
 4047.04 2342.5 7565.62 2304.47 943.538
 325.501 3712.15 1041.24 3362.93 1443.74
 123.611 298.565 1650.05 462.834 2136.57
 255.448 113.382 132.713 733.45 1155.44
 1108.64 234.309 50.3984 58.9909 839.612
 724.76 1016.9 104.151 22.4021 399.43
 1804.84 664.786 452.013 46.295 187.505
 318.384 1655.49 295.498 200.92 103.924
 959.649 292.037 735.867 131.349 135.504
 4693.38 880.237 129.811 327.094 118.616
 1918.93 4305 391.266 57.701 198.118
 7990.16 1760.14 1913.58 173.918 113.712
F
 0.0554016 0.110803 0.110803 0.110803 0.110803
 0.0554016 0.110803 0.110803 0.110803 0.110803
 0.0554016 0.110803 0.110803 0.110803 0.110803
 0.0554016 0.110803 0.110803 0.110803 0.110803
 0.0554016 0.110803 0.110803 0.110803 0.110803
 0.0554016 0.110803 0.110803 0.110803 0.110803
 0.0554016 0.110803 0.110803 0.110803 0.110803
 0.0554016 0.110803 0.110803 0.110803 0.110803
 0.0554016 0.110803 0.110803 0.110803 0.110803
 0.0554016 0.110803 0.110803 0.110803 0.110803
 0.0554016 0.110803 0.110803 0.110803 0.110803
 0.0554016 0.110803 0.110803 0.110803 0.110803
 0.0554016 0.110803 0.110803 0.110803 0.110803
 0.0554016 0.110803 0.110803 0.110803 0.110803
 0.0554016 0.110803 0.110803 0.110803 0.110803
 0.0554016 0.110803 0.110803 0.110803 0.110803
 0.0554016 0.110803 0.110803 0.110803 0.110803
 0.0554016 0.110803 0.110803 0.110803 0.110803
 0.0554016 0.110803 0.110803 0.110803 0.110803
 0.0554016 0.110803 0.110803 0.110803 0.110803
 0.0554016 0.110803 0.110803 0.110803 0.110803
 0.0554016 0.110803 0.110803 0.110803 0.110803
 0.0554016 0.110803 0.110803 0.110803 0.110803
 0.0554016 0.110803 0.110803 0.110803 0.110803
Np
 28248.2 8486.94 17548.9 1873.38 2406.91
YTP_r0W_actual
 480567 212469 334329 39778 31787.4
YTP_p0W_proyectada
 67714 1.00575e+06 156079 216700 31571.2
 67714 88413.9 265764 36231.6 51657.8
CTP_r0_actual
 60070.9 11182.6 12157.4 1104.95 722.44
CTP_p0_proyectada
 8257.8 46562.7 4970.67 5403.98 709.465
 8257.8 4093.24 8463.82 903.53 1160.85
Wmedp
 8.2 21.6 31.4 40.1 44.5
nmprior
 10.8 10.6 4.6 0
nm_flota  nm_reclas  nm_pelaces    nm_pelaL
inf 1.32542 3.30278 4.19425
cv_recla  cv_pelaces  cv_mph
1.99223 0.815202 2.02964
 ------------------------------------------------
Talla a la edad & desviaci?n 
 7.2 14.2025 17.0495 18.207 18.6776
 1.08 2.13037 2.55742 2.73105 2.80164
