years
 1997 1998 1999 2000 2001 2002 2003 2004 2005 2006 2007 2008 2009 2010 2011 2012 2013 2014 2015 2016 2017 2018 2019 2020 2021 2022 2023
reclasobs
 0 0 0 370054 412103 1.49427e+06 250295 1.28982e+06 931140 785840 897777 1.04006e+06 184774 17550 25797 100020 73551 82996 120727 218422 84188 347160 605670 569463 516374 1.08416e+06 1.01767e+06
reclaspred
 390643 109650 348940 252418 343813 392610 830149 616008 820633 777461 637483 442954 271258 132053 88660.8 72501.2 66900.2 89721.9 112632 183685 263266 262923 460900 581756 665614 613539 571511
pelacesobs
 0 0 0 0 0 0 0 0 0 2.06254e+06 1.5e+06 0 1.87456e+06 323000 250000 174000 83755 137374 0 501740 490994 745055 786931 1.00524e+06 1.33801e+06 1.41789e+06 0
pelacespred
 1.23239e+06 315383 604936 671131 780532 750815 1.77079e+06 1.62031e+06 1.95629e+06 1.86658e+06 1.411e+06 1.01748e+06 636895 277119 175838 148989 140315 182851 229137 367275 596641 572380 829612 1.21229e+06 1.37009e+06 1.39593e+06 1.23407e+06
mphobs
 0 0 0 0 0 0 112323 0 153150 637223 0 255016 313432 73983 77613 109348 50772 17779 17303 59886 28197 0 207744 136588 643089 65757 70829
mphpred
 113744 71422.6 89893 114916 115757 168304 247506 283615 284001 338096 325500 242912 151772 123415 61245.7 45376.3 38744 42651.1 24513.3 33531.2 56819.1 68580.9 93186.9 134453 171472 167878 147420
desembarqueobs
 350755 77701 442110 56441 14545 235359 269955 359681 431902 328805 639364 411747 362871 311530 167758 66681 60226 58785 57116 73181 50977 67692 138656 160484 209506 203330 245020
desembarquepred
 350760 77700.8 442104 56442 14545.1 235414 269985 359670 431887 328810 639471 411894 363210 312203 167840 66714.8 60277.2 58787.9 57103.6 73177.8 50977.6 67681.9 138661 160488 209510 203330 245012
Reclutas
 57686.8 75741.1 45654.9 71041 111534 75437.7 123584 154848 223997 188687 79278.6 41386.9 41331.8 21438.4 17408.7 16519.2 11859.9 19388.1 31593.3 48732.5 56111.3 94967.7 120717 163211 58945.2 85629.5 124602
log_desv_Rt
 -0.0619321 0.21036 -0.295849 0.146297 0.597366 0.206346 0.699962 0.925485 1.29467 1.12313 0.256008 -0.393996 -0.395328 -1.05178 -1.25999 -1.31244 -1.6438 -1.1523 -0.664016 -0.230615 -0.0896227 0.436576 0.676489 0.978086 -0.0403525 0.33307 0.708168
SSB
 783733 492127 619394 791808 797604 1.15967e+06 1.66457e+06 1.93635e+06 1.92196e+06 2.29065e+06 2.24281e+06 1.67375e+06 1.06874e+06 574695 292294 220337 195811 208296 271634 387228 627403 740058 1.02988e+06 1.42796e+06 1.97107e+06 1.97795e+06 1.64507e+06
BT
 2.49502e+06 695925 1.32554e+06 1.26153e+06 1.40869e+06 1.53152e+06 3.35655e+06 3.30698e+06 3.89559e+06 3.65565e+06 3.10277e+06 2.20235e+06 1.50187e+06 805836 464129 324149 303786 375188 458601 714836 1.10959e+06 1.08766e+06 1.57933e+06 2.30364e+06 2.61613e+06 2.67969e+06 2.42333e+06
Ftot
 0.373992 0.305464 0.434801 0.0827738 0.0171495 0.181428 0.119082 0.231298 0.22011 0.15022 0.294362 0.259819 0.39566 0.671108 0.617914 0.296429 0.304085 0.252514 0.195388 0.159734 0.0715577 0.0935101 0.100073 0.10176 0.0918585 0.101112 0.143621
BD_Bspro_t
 0.953742 0.780446 0.747663 0.638095 0.749258 0.850647 0.815826 0.82208 0.797856 0.792255 0.769568 0.649247 0.550484 0.443597 0.317035 0.310613 0.368942 0.473321 0.594166 0.717229 0.811438 0.865363 0.881053 0.881698 0.885101 0.853486 0.828458
BD_Bspro
 0.618281 0.388235 0.488635 0.624651 0.629224 0.914858 1.31316 1.52757 1.51622 1.80708 1.76933 1.32041 0.843122 0.453372 0.230589 0.173823 0.154474 0.164323 0.21429 0.305481 0.494953 0.583826 0.812464 1.1265 1.55496 1.56039 1.29779
BD_Bo
 0.285466 0.179252 0.225608 0.288408 0.290519 0.422399 0.6063 0.705295 0.700054 0.834345 0.816918 0.609646 0.389277 0.209326 0.106465 0.0802555 0.071322 0.0758696 0.0989399 0.141043 0.228525 0.269558 0.375122 0.520118 0.717941 0.720447 0.5992
BD_Brms
 1.00769 0.632758 0.796394 1.01808 1.02553 1.49107 2.14024 2.48969 2.47119 2.94523 2.88372 2.15205 1.37415 0.738922 0.375821 0.283302 0.251767 0.267819 0.349258 0.497883 0.806691 0.95154 1.32418 1.83602 2.53433 2.54318 2.11518
S_f
 0.200466 1 1 1 1
 0.200466 1 1 1 1
 0.200466 1 1 1 1
 0.200466 1 1 1 1
 0.200466 1 1 1 1
 0.200466 1 1 1 1
 0.200466 1 1 1 1
 0.200466 1 1 1 1
 0.200466 1 1 1 1
 0.200466 1 1 1 1
 0.200466 1 1 1 1
 0.200466 1 1 1 1
 0.200466 1 1 1 1
 0.200466 1 1 1 1
 0.200466 1 1 1 1
 0.200466 1 1 1 1
 0.200466 1 1 1 1
 0.200466 1 1 1 1
 0.200466 1 1 1 1
 0.200466 1 1 1 1
 0.200466 1 1 1 1
 0.200466 1 1 1 1
 0.200466 1 1 1 1
 0.200466 1 1 1 1
 0.200466 1 1 1 1
 0.200466 1 1 1 1
 0.200466 1 1 1 1
Scru_reclas
 1 1 1 1 1
 1 1 1 1 1
 1 1 1 1 1
 1 1 1 1 1
 1 1 1 1 1
 1 1 1 1 1
 1 1 1 1 1
 1 1 1 1 1
 1 1 1 1 1
 1 1 1 1 1
 1 1 1 1 1
 1 1 1 1 1
 1 1 1 1 1
 1 1 1 1 1
 1 1 1 1 1
 1 1 1 1 1
 1 1 1 1 1
 1 1 1 1 1
 1 1 1 1 1
 1 1 1 1 1
 1 1 1 1 1
 1 1 1 1 1
 1 1 1 1 1
 1 1 1 1 1
 1 1 1 1 1
 1 1 1 1 1
 1 1 1 1 1
Scru_pelaces
 1 1 1 1 1
 1 1 1 1 1
 1 1 1 1 1
 1 1 1 1 1
 1 1 1 1 1
 1 1 1 1 1
 1 1 1 1 1
 1 1 1 1 1
 1 1 1 1 1
 1 1 1 1 1
 1 1 1 1 1
 1 1 1 1 1
 1 1 1 1 1
 1 1 1 1 1
 1 1 1 1 1
 1 1 1 1 1
 1 1 1 1 1
 1 1 1 1 1
 1 1 1 1 1
 1 1 1 1 1
 1 1 1 1 1
 1 1 1 1 1
 1 1 1 1 1
 1 1 1 1 1
 1 1 1 1 1
 1 1 1 1 1
 1 1 1 1 1
pf_obs 
 0.256992 0.487395 0.22802 0.0275931 0
 0.321318 0.546541 0.124235 0.00734118 0.000564706
 0.182869 0.594174 0.210203 0.0122559 0.00049798
 0.330522 0.361315 0.267642 0.0388342 0.00168674
 0.649043 0.306663 0.0425973 0.00169635 0
 0.582887 0.30429 0.105238 0.00758474 0
 0.465427 0.430635 0.0974691 0.00646863 0
 0.296916 0.608066 0.0921331 0.00288517 0
 0.311714 0.524322 0.152257 0.0117073 0
 0.15457 0.633149 0.183074 0.0267441 0.00246327
 0.131901 0.49318 0.331252 0.0422183 0.00144891
 0.196976 0.569456 0.194076 0.0375587 0.00193317
 0.518974 0.381816 0.0799577 0.0180837 0.00116848
 0.0928022 0.601141 0.25162 0.0475244 0.00691264
 0.122501 0.610282 0.24278 0.0234846 0.000952079
 0.383417 0.481906 0.127806 0.00687128 0
 0.0376549 0.599619 0.316969 0.0457579 0
 0.0361596 0.667082 0.258105 0.0386534 0
 0.158088 0.579412 0.248529 0.0139706 0
 0.0477256 0.309471 0.559284 0.082774 0.000745712
 0.0406174 0.521527 0.379366 0.0568643 0.0016247
 0.151134 0.462217 0.34131 0.0453401 0
 0.294876 0.26143 0.354403 0.0886775 0.000613685
 0.281977 0.475581 0.204845 0.0348837 0.00271318
 0.0841818 0.532909 0.334909 0.0458182 0.00218182
 0.115287 0.27431 0.454777 0.147771 0.00785563
 0 0 0 0 0
pf_pred 
 0.346639 0.459784 0.172985 0.0205812 1.06434e-05
 0.324834 0.512238 0.114656 0.0431371 0.00513498
 0.180223 0.601766 0.165401 0.0370224 0.015587
 0.287833 0.407967 0.223301 0.0613766 0.0195221
 0.304912 0.470323 0.128757 0.0704756 0.0255322
 0.167171 0.572981 0.175823 0.048134 0.0358911
 0.271337 0.379533 0.240199 0.0737066 0.0352241
 0.270858 0.482808 0.128307 0.0812025 0.0368255
 0.307563 0.466055 0.149901 0.0398364 0.0366451
 0.210034 0.560915 0.154166 0.0495857 0.0252993
 0.101863 0.526921 0.263582 0.0724446 0.0351894
 0.0876281 0.358517 0.324937 0.162543 0.0663748
 0.145387 0.299446 0.218153 0.19772 0.139294
 0.124745 0.44165 0.15193 0.110684 0.170991
 0.185051 0.402471 0.208135 0.0715995 0.132744
 0.224197 0.46723 0.152392 0.0788082 0.0773727
 0.175274 0.513621 0.187364 0.0611108 0.0626302
 0.295864 0.386743 0.197665 0.0721065 0.0476213
 0.341876 0.461768 0.107847 0.0551209 0.0333872
 0.335923 0.490756 0.12161 0.0284023 0.0233093
 0.264473 0.537399 0.146417 0.0362824 0.0154282
 0.317439 0.443251 0.174847 0.0476379 0.0168244
 0.277001 0.51157 0.137301 0.0541604 0.0199678
 0.277784 0.481413 0.170384 0.0457297 0.0246892
 0.0930417 0.605499 0.200946 0.0711197 0.0293934
 0.177118 0.286214 0.358288 0.118904 0.0594759
 0.250056 0.39681 0.122827 0.153757 0.0765506
pobs_RECLAS
 0 0 0 0 0
 0 0 0 0 0
 0 0 0 0 0
 0 0 0 0 0
 0.835266 0.146461 0.0176864 0.000547809 3.91292e-05
 0.385257 0.428462 0.181853 0.0044286 0
 0.867414 0.0963971 0.0333333 0.00285562 0
 0.441836 0.489002 0.0689373 0.000224442 0
 0.779404 0.147425 0.0564933 0.0165055 0.000172143
 0.814271 0.122319 0.05973 0.00367925 0
 0.40263 0.566651 0.0304383 0.000280538 0
 0.475488 0.404961 0.113038 0.00651328 0
 0.955842 0.0263864 0.0167828 0.000988607 0
 0.975058 0.0227948 0.00214734 0 0
 0.738997 0.206755 0.0527124 0.00153531 0
 0.850938 0.134255 0.0134407 0.00136685 0
 0.542534 0.407297 0.0501686 0 0
 0.764087 0.199537 0.0359546 0.000420521 0
 0.470689 0.182191 0.310203 0.0369168 0
 0.84361 0.089868 0.0606195 0.00523954 0.000663233
 0.607945 0.314616 0.071237 0.00620181 0
 0.523733 0.453247 0.0230204 0 0
 0.530135 0.295979 0.169645 0.0042399 0
 0.562478 0.366248 0.0663022 0.0049721 0
 0.250443 0.683176 0.0655157 0.000865301 0
 0.195077 0.31981 0.436473 0.0351445 0.0134964
 0.565238 0.351407 0.0832357 0.000118908 0
ppred_RECLAS
 0.730266 0.189818 0.0714153 0.00849679 4.39405e-06
 0.709552 0.220358 0.0493236 0.018557 0.002209
 0.529885 0.345093 0.0948523 0.0212311 0.00893865
 0.669356 0.18941 0.103674 0.0284959 0.00906371
 0.68652 0.212113 0.0580687 0.031784 0.0115149
 0.502743 0.34211 0.104979 0.0287394 0.0214295
 0.651428 0.181558 0.114904 0.0352592 0.0168502
 0.652401 0.230166 0.0611667 0.0387111 0.0175556
 0.691605 0.20757 0.0667624 0.0177422 0.0163209
 0.572049 0.303867 0.0835168 0.0268622 0.0137055
 0.36526 0.372391 0.186281 0.0511987 0.0248694
 0.327129 0.264405 0.23964 0.119875 0.0489512
 0.46511 0.187419 0.136539 0.12375 0.087182
 0.427307 0.288978 0.0994102 0.0724223 0.111882
 0.541862 0.226256 0.117006 0.0402509 0.0746242
 0.594561 0.244177 0.079641 0.0411856 0.0404354
 0.519005 0.299553 0.109274 0.0356409 0.036527
 0.680091 0.175708 0.0898048 0.03276 0.0216357
 0.72366 0.193893 0.045284 0.0231448 0.014019
 0.717881 0.208487 0.0516635 0.0120661 0.00990244
 0.642854 0.260942 0.071095 0.0176174 0.00749137
 0.699772 0.194967 0.0769074 0.0209538 0.00740032
 0.657628 0.242251 0.0650181 0.0256473 0.00945563
 0.658528 0.227618 0.0805596 0.0216215 0.0116734
 0.339537 0.440936 0.146332 0.0517906 0.0214048
 0.519037 0.167288 0.209414 0.0694977 0.0347628
 0.626268 0.197749 0.0612104 0.0766241 0.0381487
pobs_PELACES
 0 0 0 0 0
 0 0 0 0 0
 0 0 0 0 0
 0 0 0 0 0
 0 0 0 0 0
 0 0 0 0 0
 0 0 0 0 0
 0 0 0 0 0
 0 0 0 0 0
 0 0 0 0 0
 0.450072 0.473896 0.0757376 0.000293798 0
 0 0 0 0 0
 0.463077 0.371075 0.160297 0.00555027 0
 0.529543 0.364841 0.0842815 0.0213345 0
 0.631943 0.363953 0.00410389 0 0
 0.735681 0.248677 0.0153453 0.000297389 0
 0.695825 0.281241 0.0229344 0 0
 0.275771 0.60734 0.115278 0.00161068 0
 0 0 0 0 0
 0.896147 0.0623911 0.0374545 0.00400742 0
 0.803859 0.145111 0.0509908 3.86294e-05 0
 0.739449 0.233085 0.0266225 0.000797448 4.60066e-05
 0.878498 0.100942 0.0204185 0.000141795 0
 0.694673 0.275183 0.0284847 0.00165964 0
 0.469039 0.446079 0.0841089 0.000773354 0
 0.822795 0.102175 0.0682046 0.00682512 0
 0 0 0 0 0
ppred_PELACES
 0.749256 0.176454 0.0663874 0.00789859 4.08469e-06
 0.725877 0.207973 0.0465513 0.017514 0.00208484
 0.558334 0.32421 0.0891123 0.0199463 0.00839773
 0.674171 0.186652 0.102164 0.0280808 0.00893171
 0.687493 0.211454 0.0578885 0.0316854 0.0114791
 0.514706 0.333879 0.102453 0.028048 0.0209139
 0.658528 0.17786 0.112564 0.034541 0.016507
 0.666109 0.221089 0.0587546 0.0371845 0.0168633
 0.703852 0.199327 0.0641111 0.0170376 0.0156727
 0.581723 0.296998 0.0816289 0.026255 0.0133956
 0.383448 0.36172 0.180943 0.0497317 0.0241568
 0.342393 0.258407 0.234204 0.117156 0.0478407
 0.491152 0.178294 0.129891 0.117725 0.0829373
 0.471088 0.266887 0.0918106 0.0668858 0.103329
 0.581973 0.206447 0.106762 0.0367269 0.0680908
 0.613266 0.232912 0.0759666 0.0392855 0.0385699
 0.538993 0.287105 0.104733 0.0341598 0.0350092
 0.69441 0.167844 0.0857854 0.0312937 0.0206673
 0.733849 0.186743 0.0436143 0.0222913 0.0135021
 0.726337 0.202238 0.0501148 0.0117044 0.00960561
 0.647177 0.257783 0.0702344 0.0174042 0.00740069
 0.70493 0.191617 0.0755862 0.0205938 0.00727319
 0.663548 0.238062 0.0638939 0.0252039 0.00929214
 0.664539 0.223611 0.0791414 0.0212409 0.0114678
 0.344993 0.437293 0.145123 0.0513628 0.021228
 0.525693 0.164973 0.206516 0.0685359 0.0342817
 0.635094 0.193079 0.0597648 0.0748146 0.0372478
pobs_pel_tallas
 0 0 0 0 0 0 0 0 0 0 0 0 0 0 0 0 0 0 0 0 0 0 0 0 0 0 0 0 0 0 0 0 0 0 0 0
 0 0 0 0 0 0 0 0 0 0 0 0 0 0 0 0 0 0 0 0 0 0 0 0 0 0 0 0 0 0 0 0 0 0 0 0
 0 0 0 0 0 0 0 0 0 0 0 0 0 0 0 0 0 0 0 0 0 0 0 0 0 0 0 0 0 0 0 0 0 0 0 0
 0 0 0 0 0 0 0 0 0 0 0 0 0 0 0 0 0 0 0 0 0 0 0 0 0 0 0 0 0 0 0 0 0 0 0 0
 0 0 0 0 0 0 0 0 0 0 0 0 0 0 0 0 0 0 0 0 0 0 0 0 0 0 0 0 0 0 0 0 0 0 0 0
 0 0 0 0 0 0 0 0 0 0 0 0 0 0 0 0 0 0 0 0 0 0 0 0 0 0 0 0 0 0 0 0 0 0 0 0
 0 0 0 0 0 0 0 0 0 0 0 0 0 0 0 0 0 0 0 0 0 0 0 0 0 0 0 0 0 0 0 0 0 0 0 0
 0 0 0 0 0 0 0 0 0 0 0 0 0 0 0 0 0 0 0 0 0 0 0 0 0 0 0 0 0 0 0 0 0 0 0 0
 0 0 0 0 0 0 0 0 0 0 0 0 0 0 0 0 0 0 0 0 0 0 0 0 0 0 0 0 0 0 0 0 0 0 0 0
 0 0 0 0 0 0 0 0 0 0 0 0 0 0 0 0 0 0 0 0 0 0 0 0 0 0 0 0 0 0 0 0 0 0 0 0
 0 0 0 0 0 0 0 0 1.78061e-05 0.00172719 0.00360574 0.0105946 0.0120993 0.0124554 0.0147524 0.0171206 0.0266825 0.0428682 0.0675386 0.121331 0.153587 0.119568 0.100827 0.0573624 0.0630603 0.0341343 0.0324427 0.0444173 0.0211091 0.0280891 0.0125444 0.00206551 0 0 0 0
 0 0 0 0 0 0 0 0 0 0 0 0 0 0 0 0 0 0 0 0 0 0 0 0 0 0 0 0 0 0 0 0 0 0 0 0
 0 0 0 0 0 0 0.0133647 0.0140871 0.0187388 0.0205184 0.03894 0.0496705 0.03968 0.0493445 0.0407372 0.0367815 0.0215668 0.0243155 0.0234873 0.0199281 0.019796 0.0243948 0.0301388 0.0376714 0.0412746 0.0863199 0.0771752 0.113111 0.0741005 0.0525337 0.0229764 0.00759418 0.00175318 0 0 0
 0 0 0 0 0 0 0 0 0 0 0.00219441 0.00772107 0.0458388 0.0604681 0.0671733 0.0775358 0.0609151 0.0617685 0.073594 0.0568108 0.0755445 0.0548602 0.0670107 0.0636378 0.0643287 0.046367 0.0373049 0.0286899 0.0247887 0.0153202 0.00654259 0.00121912 0.000365735 0 0 0
 0 0 0 0 0 0 0 0 0 0 0 0 0.000112435 0.00938835 0.0111873 0.0202946 0.0414886 0.0713402 0.111592 0.104902 0.108894 0.110636 0.117776 0.105296 0.107544 0.0401394 0.0192827 0.0124803 0.00416011 0.0028671 0.000618394 0 0 0 0 0
 0 0 0 0 0 0 0 0 0 0 0.00291406 0.0102884 0.027416 0.0768956 0.0749926 0.110853 0.0956884 0.0897413 0.0766577 0.0534642 0.0500743 0.0551293 0.0594112 0.0620874 0.0668451 0.0424026 0.0208742 0.0120726 0.0048766 0.00582813 0.00118941 0.000297354 0 0 0 0
 0 0.00264628 0.0354308 0.0461629 0.0458689 0.0383711 0.0214643 0.0164657 0.0346957 0.0420465 0.0363128 0.0245516 0.0311673 0.0291091 0.0169068 0.0133784 0.00837989 0.0085269 0.0148486 0.0160247 0.0276389 0.0546898 0.0760071 0.122758 0.109233 0.0665981 0.0333725 0.0166128 0.00676272 0.00308733 0.000882094 0 0 0 0 0
 0 0 0 0 0 0 0 0.000805153 0.000690131 0.00759144 0.0133425 0.0154129 0.00931677 0.000345066 0.00356568 0.00563607 0.00851162 0.0253048 0.0502646 0.0516448 0.0657925 0.0565908 0.0611916 0.0827007 0.0866115 0.110766 0.145733 0.0935128 0.0569358 0.0249597 0.0138026 0.00621118 0.00161031 0.00115022 0 0
 0 0 0 0 0 0 0 0 0 0 0 0 0 0 0 0 0 0 0 0 0 0 0 0 0 0 0 0 0 0 0 0 0 0 0 0
 0.00147267 0.00158595 0.00478618 0.00569244 0.00954404 0.0108468 0.00647125 0.017049 0.0510054 0.094081 0.124002 0.0959785 0.0687766 0.0820023 0.061753 0.0591476 0.0492212 0.0479892 0.0443925 0.0268479 0.0217502 0.0140895 0.0121071 0.0120363 0.00920419 0.00665534 0.0049561 0.00860946 0.00930331 0.0156896 0.0114698 0.00855282 0.00243557 0.00046729 0 2.83206e-05
 0 0 0 0 0.000772559 0.00158375 0.000888443 0.00281984 0.00712685 0.0440552 0.0773331 0.111326 0.0921469 0.0852325 0.0710754 0.0886704 0.0786465 0.0553345 0.0373146 0.0185414 0.00753245 0.00457741 0.012979 0.0271748 0.0457355 0.0583668 0.034881 0.0177882 0.00938659 0.00492506 0.0015258 0.00185414 0.000309023 5.79419e-05 3.86279e-05 0
 0 0.00173294 0.00326652 0 0.00397197 0.00683976 0.00946217 0.0152591 0.00757587 0.0136028 0.0228656 0.0392903 0.0559909 0.0764795 0.0681675 0.0726916 0.0566044 0.0477403 0.0527397 0.0444891 0.0609904 0.0582453 0.0661739 0.0445044 0.0529084 0.0360697 0.0280645 0.0235558 0.0158879 0.00826598 0.00280645 0.00217768 0.000904811 0.00058276 9.20147e-05 0
 0 0 0 0 0 0 0 0 0 0 0 0 0 0 0 0 0 0 0 0 0 0 0 0 0 0 0 0 0 0 0 0 0 0 0 0
 0 0 0 0 0 0 0 0 0 0 0 0 0 0 0 0 0 0 0 0 0 0 0 0 0 0 0 0 0 0 0 0 0 0 0 0
 0 0 0 0 0 0 0 0 0 0 0 0 0 0 0 0 0 0 0 0 0 0 0 0 0 0 0 0 0 0 0 0 0 0 0 0
 0 0 0 0 0 0 0 0 0 0 0 0 0 0 0 0 0 0 0 0 0 0 0 0 0 0 0 0 0 0 0 0 0 0 0 0
 0 0 0 0 0 0 0 0 0 0 0 0 0 0 0 0 0 0 0 0 0 0 0 0 0 0 0 0 0 0 0 0 0 0 0 0
ppred_pel_tallas
 1.01272e-16 3.2691e-05 0.00019187 0.000912061 0.00351149 0.0109502 0.0276594 0.0565949 0.0938126 0.125988 0.137101 0.120936 0.0865765 0.0505398 0.0245526 0.0108588 0.00589394 0.00545968 0.00698018 0.00931553 0.0119827 0.0146713 0.0170864 0.018951 0.0200545 0.0202969 0.0197071 0.0184261 0.0166651 0.0146522 0.0125864 0.0106107 0.00880701 0.00720761 0.00581378 0.00461304
 1.01428e-16 3.16728e-05 0.000185889 0.000883624 0.00340198 0.0106088 0.0267969 0.0548304 0.0908886 0.122065 0.13284 0.117197 0.0839436 0.0490905 0.0240121 0.0108968 0.00630544 0.00617897 0.00801919 0.010703 0.013726 0.0167359 0.0193892 0.0213661 0.0224303 0.0224817 0.021576 0.0199021 0.017729 0.0153391 0.0129717 0.0107893 0.00887323 0.00723924 0.00586365 0.00470766
 1.02449e-16 2.43719e-05 0.000143016 0.000679774 0.00261707 0.008161 0.0206143 0.0421811 0.0699259 0.0939267 0.102259 0.0903138 0.0648987 0.0383783 0.0195663 0.0102236 0.00778209 0.00917682 0.0124976 0.0168221 0.0216213 0.0264082 0.0306588 0.0338733 0.0356778 0.0359074 0.0346372 0.0321491 0.0288502 0.025172 0.0214821 0.0180342 0.0149607 0.0122955 0.0100137 0.00806708
 1.02894e-16 2.94174e-05 0.00017265 0.000820686 0.00315966 0.00985309 0.0248882 0.0509248 0.0844147 0.11337 0.123379 0.108851 0.0779682 0.0456022 0.0223191 0.0101559 0.00592578 0.00587012 0.00768488 0.0103477 0.0134135 0.0165775 0.0195366 0.0219967 0.0237234 0.0245874 0.0245842 0.0238198 0.0224705 0.0207329 0.0187821 0.0167482 0.0147144 0.0127292 0.0108233 0.00902339
 1.02516e-16 2.99992e-05 0.000176063 0.00083691 0.00322212 0.0100479 0.0253802 0.0519316 0.0860841 0.115614 0.125824 0.111017 0.0795388 0.0465588 0.0228568 0.0105147 0.00628523 0.0063333 0.00829941 0.0111212 0.0143155 0.0175361 0.0204397 0.0227026 0.024081 0.0244638 0.0238918 0.0225357 0.0206444 0.0184797 0.016262 0.0141401 0.0121881 0.0104232 0.00883195 0.00739262
 1.03505e-16 2.24699e-05 0.000131849 0.000626682 0.00241265 0.00752352 0.019004 0.0388866 0.0644655 0.0865956 0.0942867 0.0832947 0.0599025 0.0355198 0.018287 0.00984552 0.00784754 0.00948353 0.0129999 0.0175397 0.0225914 0.0276658 0.0322287 0.0357665 0.0378913 0.0384244 0.0374292 0.0351769 0.032065 0.0285152 0.0248861 0.0214243 0.0182585 0.0154249 0.0129066 0.0106695
 1.03615e-16 2.8735e-05 0.000168644 0.000801643 0.00308635 0.00962446 0.0243107 0.0497431 0.0824558 0.110739 0.120515 0.106324 0.0761553 0.0445372 0.02179 0.00990329 0.00576544 0.00570789 0.00748516 0.0101064 0.0131471 0.016321 0.0193426 0.0219312 0.0238583 0.0249895 0.0253038 0.0248807 0.0238646 0.0224205 0.0206963 0.0188043 0.0168205 0.0147966 0.0127751 0.0108003
 1.02972e-16 2.90671e-05 0.00017059 0.000810889 0.00312193 0.00973542 0.024591 0.050317 0.0834081 0.112021 0.121918 0.107581 0.0770981 0.0451729 0.0222564 0.0103736 0.00638646 0.00658546 0.00868666 0.0116564 0.0150142 0.0184053 0.0214735 0.023882 0.0253771 0.0258423 0.0253192 0.0239836 0.0220914 0.0199106 0.0176653 0.0155047 0.0135009 0.0116684 0.0099917 0.00844945
 1.02293e-16 3.07121e-05 0.00018025 0.000856814 0.00329876 0.0102869 0.0259838 0.0531667 0.0881309 0.118361 0.12881 0.113642 0.081398 0.0476042 0.0232901 0.0105794 0.00614014 0.00604065 0.00786474 0.0105314 0.0135607 0.0166204 0.0193845 0.0215457 0.0228711 0.0232523 0.0227237 0.0214431 0.0196433 0.0175714 0.0154374 0.0133859 0.0114925 0.00977941 0.00823874 0.00685359
 1.02784e-16 2.53907e-05 0.000148999 0.000708226 0.00272663 0.00850265 0.0214772 0.0439466 0.0728513 0.0978526 0.106523 0.0940566 0.0675374 0.0398363 0.0201209 0.0102075 0.00740247 0.0085002 0.0115101 0.0154886 0.0199228 0.0243623 0.0283283 0.0313645 0.0331289 0.0334685 0.0324478 0.030318 0.0274432 0.0242075 0.0209372 0.017855 0.015075 0.012625 0.0104831 0.00861001
 1.05524e-16 1.67478e-05 9.82515e-05 0.000466951 0.00179763 0.00560561 0.0141596 0.0289748 0.0480377 0.0645398 0.0703023 0.0621786 0.044874 0.0269258 0.0144491 0.00872868 0.00808076 0.0104677 0.0146107 0.019853 0.0257378 0.0317691 0.0373773 0.0419982 0.0451847 0.0466973 0.0465411 0.0449363 0.0422384 0.0388393 0.035083 0.0312202 0.0274044 0.0237162 0.0201995 0.0168896
 1.0967e-16 1.49534e-05 8.77265e-05 0.000416935 0.00160509 0.00500521 0.0126429 0.0258708 0.04289 0.0576194 0.0627523 0.0554733 0.039975 0.0238679 0.0125968 0.00729429 0.00644841 0.00824683 0.0115799 0.0159264 0.0209773 0.0264117 0.0318465 0.0368759 0.0411419 0.0443927 0.046511 0.0475012 0.0474497 0.0464756 0.0446939 0.0422023 0.039091 0.0354618 0.0314459 0.0272072
 1.09823e-16 2.14364e-05 0.000125796 0.000597938 0.00230203 0.0071786 0.0181326 0.0371025 0.061504 0.0826062 0.0899128 0.0793595 0.0569175 0.0334399 0.01665 0.00806522 0.00540345 0.00596805 0.0081179 0.0111344 0.0147021 0.018587 0.0225359 0.0262855 0.0296038 0.0323267 0.0343731 0.0357323 0.0364347 0.0365175 0.0360038 0.0348996 0.0332093 0.0309579 0.0282108 0.0250802
 1.08517e-16 2.0565e-05 0.000120672 0.000573562 0.00220815 0.00688581 0.0173932 0.0355901 0.0589997 0.0792507 0.0862819 0.0762053 0.0547654 0.0323967 0.0165393 0.00868515 0.00667849 0.00795017 0.0109132 0.0148226 0.0192723 0.0238949 0.028289 0.0320615 0.0349042 0.0366552 0.0373205 0.0370465 0.0360583 0.0345864 0.0328091 0.0308273 0.0286735 0.0263426 0.0238282 0.0211501
 1.06027e-16 2.53978e-05 0.00014905 0.000708485 0.00272765 0.00850589 0.0214853 0.0439624 0.072875 0.0978769 0.10653 0.0940153 0.067405 0.0395525 0.0195992 0.00932859 0.00601679 0.00644289 0.00863156 0.0116971 0.0152314 0.0189273 0.0224659 0.0255334 0.0278771 0.0293534 0.0299469 0.0297525 0.0289318 0.027659 0.0260791 0.0242879 0.0223363 0.0202499 0.0180522 0.0157811
 1.04307e-16 2.67634e-05 0.000157065 0.000746583 0.00287433 0.0089633 0.0226407 0.0463266 0.0767944 0.103142 0.112262 0.0990795 0.0710468 0.041711 0.0207073 0.00991652 0.0064669 0.00695857 0.00929709 0.0125278 0.0161912 0.0199297 0.0233744 0.0261719 0.0280513 0.02888 0.0286859 0.0276328 0.0259656 0.0239417 0.0217746 0.019605 0.0175004 0.0154768 0.0135272 0.011646
 1.0439e-16 2.3527e-05 0.000138059 0.000656217 0.00252638 0.0078782 0.0198999 0.0407192 0.0675017 0.0906687 0.0987068 0.0871648 0.0626101 0.0369736 0.0187568 0.00965236 0.0071764 0.00837088 0.0114024 0.0154042 0.019903 0.0244766 0.0286697 0.0320416 0.0342537 0.0351393 0.0347318 0.0332371 0.030965 0.028246 0.0253604 0.0224998 0.0197655 0.017191 0.0147757 0.0125136
 1.03314e-16 3.02991e-05 0.000177828 0.000845307 0.00325447 0.0101487 0.0256349 0.0524526 0.0869464 0.116768 0.12707 0.112093 0.0802585 0.0468771 0.0228223 0.0101803 0.00565667 0.00537093 0.00694783 0.00934298 0.0121195 0.0149971 0.0177053 0.019983 0.0216225 0.0225093 0.0226393 0.0221042 0.0210559 0.0196612 0.0180652 0.0163714 0.014642 0.0129109 0.0112003 0.00953415
 1.02077e-16 3.20195e-05 0.000187927 0.000893315 0.0034393 0.0107251 0.0270909 0.0554317 0.0918847 0.1234 0.134288 0.118462 0.0848212 0.0495469 0.0241295 0.0107719 0.0059879 0.00566847 0.00728981 0.00972909 0.012501 0.0152851 0.0177749 0.0196854 0.0208046 0.0210395 0.0204335 0.0191461 0.0174054 0.0154501 0.0134796 0.0116267 0.00995469 0.0084735 0.00716328 0.00599624
 1.01629e-16 3.16926e-05 0.000186006 0.000884181 0.00340413 0.0106154 0.0268138 0.0548649 0.0909458 0.122141 0.132922 0.117266 0.0839864 0.0491023 0.0239932 0.0108468 0.00621991 0.00604999 0.00783825 0.0104646 0.0134307 0.0163933 0.0190187 0.0209957 0.0220933 0.0222118 0.0214017 0.0198423 0.0177903 0.0155157 0.0132473 0.0111408 0.00927432 0.00766397 0.00628895 0.00511484
 1.02025e-16 2.82432e-05 0.00016575 0.000787867 0.00303328 0.00945895 0.0238927 0.0488885 0.0810414 0.108847 0.118473 0.104565 0.0749894 0.0440433 0.0218968 0.0105357 0.00692874 0.00748318 0.00997809 0.0133879 0.0172022 0.0210129 0.0243998 0.0269653 0.0284124 0.02861 0.0276176 0.0256586 0.0230558 0.0201508 0.0172344 0.0145069 0.012072 0.00995598 0.00813859 0.00658188
 1.02183e-16 3.07588e-05 0.000180524 0.000858122 0.0033038 0.0103026 0.0260235 0.0532478 0.0882652 0.118541 0.129004 0.113809 0.0815096 0.0476527 0.0232831 0.010525 0.00603935 0.00588802 0.00765319 0.0102578 0.0132305 0.0162501 0.0190026 0.0211893 0.0225805 0.023063 0.0226592 0.0215091 0.0198262 0.0178406 0.0157517 0.0137011 0.0117692 0.00998892 0.00836591 0.00689691
 1.02285e-16 2.89562e-05 0.000169937 0.000807781 0.00310996 0.00969808 0.0244967 0.0501241 0.083089 0.111594 0.121458 0.107184 0.076835 0.0450614 0.0222807 0.0105173 0.00665171 0.0069927 0.00926305 0.0124228 0.0159736 0.0195341 0.0227171 0.0251568 0.0265794 0.0268625 0.0260579 0.0243664 0.0220791 0.0195027 0.0168971 0.0144394 0.0122195 0.010259 0.00853967 0.0070305
 1.02463e-16 2.89989e-05 0.000170189 0.000808981 0.00311458 0.0097125 0.0245331 0.0501986 0.0832119 0.111758 0.121633 0.107332 0.0769247 0.045082 0.0222318 0.0103965 0.00644799 0.00668775 0.00883857 0.0118689 0.0152966 0.0187622 0.021902 0.0243695 0.0259005 0.0263686 0.0258075 0.0243893 0.0223707 0.0200269 0.0175939 0.0152368 0.0130458 0.0110526 0.0092555 0.00764173
 1.0496e-16 1.50739e-05 8.84177e-05 0.000420185 0.00161755 0.005044 0.0127411 0.026073 0.04323 0.0580906 0.0633032 0.05605 0.0405854 0.024621 0.0136994 0.00902334 0.00912275 0.0121929 0.0170783 0.0231347 0.0298427 0.0365993 0.0427131 0.0475113 0.050481 0.0513794 0.0502764 0.047512 0.0435905 0.0390493 0.0343472 0.0298018 0.0255829 0.0217454 0.0182798 0.015157
 1.06943e-16 2.29424e-05 0.000134637 0.000639973 0.00246388 0.00768332 0.0194075 0.0397109 0.0658272 0.0884104 0.0962248 0.084917 0.0608738 0.035705 0.0176681 0.00837712 0.00537945 0.00578192 0.00782722 0.0107539 0.0142407 0.0180591 0.0219599 0.0256743 0.0289522 0.0315993 0.0334968 0.0345989 0.0349139 0.0344809 0.0333523 0.0315897 0.0292701 0.0264942 0.0233919 0.0201166
 1.05223e-16 2.77135e-05 0.000162646 0.000773128 0.00297655 0.00928208 0.0234458 0.0479737 0.0795234 0.106803 0.116235 0.102559 0.0734825 0.0430216 0.0211365 0.00975389 0.0058798 0.00598021 0.00788764 0.0106366 0.0137994 0.0170761 0.0201676 0.0227863 0.0247087 0.025819 0.0261255 0.0257407 0.0248365 0.0235907 0.0221439 0.0205809 0.0189353 0.0172104 0.0154051 0.013533
pSPR Fmed_Fpbrs
0.441393   0.333286 0.333286
Fs Fmed_Fpbrs
0.64   1.005 1.005
SSBpbr Bo_Bmed_Bpbrs
2.74545e+06  1.07455e+06  777748 777748
Ro
61372.4
SPR SPRFo_SPRFmed_SPRFpbrs
1.2676e+06 559510 422474
log_Ro
10.8447
likeval ReclasPelacesDesembMPH_pf_preclas_ppelaces_ptallas_desvR_qrecl_qpela
 103.061 43.155 0.0352457 47.8921 347.749 231.443 57.996 0 22.7567 9.20007e-05 0 0 0 0 0
q_reclas_q_pelaces
0.25687 1
M
0.7
N
 57686.8 17412.6 6551.16 779.438 0.40308
 75741.1 26577.3 5948.88 2238.15 266.426
 45654.9 35377.8 9723.95 2176.55 916.362
 71041 20779.1 11373.5 3126.11 994.327
 111534 34697.4 9498.89 5199.23 1883.6
 75437.7 55195.9 16937.2 4636.8 3457.43
 123584 36123.3 22861.6 7015.25 3352.56
 154848 59922.4 15924.4 10078.2 4570.5
 223997 73411.3 23611.9 6274.89 5772.21
 188687 106432 29252.6 9408.77 4800.47
 79278.6 90919.8 45480.8 12500.3 6071.91
 41386.9 37112.7 33636.6 16826 6870.95
 41331.8 19509.1 14212.8 12881.6 9075.05
 21438.4 18959.7 6522.25 4751.59 7340.51
 17408.7 9305.89 4812.46 1655.52 3069.28
 16519.2 7637.72 2491.12 1288.26 1264.8
 11859.9 7729.94 2819.81 919.711 942.577
 19388.1 5541.15 2832.09 1033.12 682.305
 31593.3 9152.59 2137.61 1092.54 661.76
 48732.5 15086.1 3738.37 873.105 716.541
 56111.3 23437.2 6385.58 1582.36 672.857
 94967.7 27467.2 10834.8 2952.01 1042.57
 120717 46283.7 12422.2 4900.1 1806.56
 163211 58755.7 20795.1 5581.23 3013.28
 58945.2 79411.8 26354.2 9327.41 3854.97
 85629.5 28737.2 35973.7 11938.5 5971.65
 124602 41669.1 12898.1 16146.1 8038.61
pred_Ctot
 3009.61 3991.97 1501.9 178.692 0.0924091
 3246.9 5120.1 1146.05 431.179 51.327
 2754.51 9197.31 2527.97 565.845 238.23
 841.569 1192.82 652.891 179.454 57.0791
 275.338 424.705 116.269 63.64 23.0558
 1941.79 6655.5 2042.29 559.104 416.895
 2099.45 2936.61 1858.52 570.299 272.543
 5059.2 9018.11 2396.57 1516.74 687.845
 6971.28 10563.7 3397.69 902.94 830.606
 4032.48 10769.1 2959.86 952.005 485.725
 3278.22 16957.6 8482.7 2331.44 1132.48
 1515.13 6198.93 5618.32 2810.45 1147.65
 2276.96 4689.75 3416.57 3096.57 2181.53
 1955.86 6924.57 2382.09 1735.4 2680.94
 1469.09 3195.16 1652.35 568.418 1053.83
 687.751 1433.29 467.482 241.754 237.35
 506.18 1483.3 541.095 176.484 180.872
 690.262 902.287 461.161 168.227 111.102
 874.715 1181.47 275.935 141.031 85.4237
 1106.5 1616.51 400.575 93.5552 76.779
 575.208 1168.8 318.445 78.9113 33.555
 1269.73 1772.96 699.371 190.547 67.2961
 1726.28 3188.12 855.664 337.529 124.44
 2372.94 4112.42 1455.49 390.641 210.905
 774.296 5038.98 1672.27 591.86 244.613
 1237.12 1999.14 2502.55 830.516 415.424
 2547.42 4042.46 1251.29 1566.38 779.853
F
 0.0749726 0.373992 0.373992 0.373992 0.373992
 0.0612352 0.305464 0.305464 0.305464 0.305464
 0.0871629 0.434801 0.434801 0.434801 0.434801
 0.0165933 0.0827738 0.0827738 0.0827738 0.0827738
 0.00343789 0.0171495 0.0171495 0.0171495 0.0171495
 0.0363702 0.181428 0.181428 0.181428 0.181428
 0.023872 0.119082 0.119082 0.119082 0.119082
 0.0463675 0.231298 0.231298 0.231298 0.231298
 0.0441245 0.22011 0.22011 0.22011 0.22011
 0.0301139 0.15022 0.15022 0.15022 0.15022
 0.0590096 0.294362 0.294362 0.294362 0.294362
 0.052085 0.259819 0.259819 0.259819 0.259819
 0.0793164 0.39566 0.39566 0.39566 0.39566
 0.134534 0.671108 0.671108 0.671108 0.671108
 0.123871 0.617914 0.617914 0.617914 0.617914
 0.059424 0.296429 0.296429 0.296429 0.296429
 0.0609588 0.304085 0.304085 0.304085 0.304085
 0.0506205 0.252514 0.252514 0.252514 0.252514
 0.0391686 0.195388 0.195388 0.195388 0.195388
 0.0320212 0.159734 0.159734 0.159734 0.159734
 0.0143449 0.0715577 0.0715577 0.0715577 0.0715577
 0.0187456 0.0935101 0.0935101 0.0935101 0.0935101
 0.0200613 0.100073 0.100073 0.100073 0.100073
 0.0203994 0.10176 0.10176 0.10176 0.10176
 0.0184145 0.0918585 0.0918585 0.0918585 0.0918585
 0.0202696 0.101112 0.101112 0.101112 0.101112
 0.0287912 0.143621 0.143621 0.143621 0.143621
Np
 47757.4 19388.2 10928.1 3258.08 1191.81
YTP_r0W_actual
 135645 434094 195331 312267 172527
YTP_p0W_proyectada
 51989.7 626305 271444 107302 213179
 51989.7 201980 165497 63011.9 25579
CTP_r0_actual
 16542 20097 6220.74 7787.22 3877.01
CTP_p0_proyectada
 6340.21 28995.6 8644.71 2675.85 4790.53
 6340.21 9350.91 5270.6 1571.37 574.809
Wmedp
 8.2 21.6 31.4 40.1 44.5
nmprior
 10.8 10.6 4.6 0
nm_flota  nm_reclas  nm_pelaces    nm_pelaL
inf 10.8734 15.5914 46.7777
cv_recla  cv_pelaces  cv_mph
0.732651 0.359812 0.554868
 ------------------------------------------------
Talla a la edad & desviaci?n 
 7.2 14.2025 17.0495 18.207 18.6776
 1.08 2.13037 2.55742 2.73105 2.80164
