years
 1997 1998 1999 2000 2001 2002 2003 2004 2005 2006 2007 2008 2009 2010 2011 2012 2013 2014 2015 2016 2017 2018 2019
reclasobs
 0 0 0 370054 412103 1.49427e+06 250295 1.28982e+06 931140 785840 897777 1.04006e+06 184774 17550 25797 100020 73551 82996 120727 218422 84188 347160 605670
reclaspred
 458597 122305 343206 225463 288658 296973 594247 424903 637647 820883 700473 490223 309837 145923 98159.8 78353.8 68178.8 81211.3 87213.6 175407 302223 293763 522446
pelacesobs
 0 0 0 0 0 0 0 0 0 2.06254e+06 1.5e+06 0 1.87456e+06 323000 250000 174000 83755 137374 0 501740 490994 745055 786931
pelacespred
 965555 225965 386281 397755 441349 365889 852006 691177 988191 1.25975e+06 989502 724217 468250 188962 122278 103297 92452.9 107459 115071 228796 451362 427292 630898
mphobs
 0 0 0 0 0 0 112323 0 153150 637223 0 255016 313432 73983 77613 109348 50772 17779 17303 59886 28197 0 207744
mphpred
 634809 373112 436076 485194 467449 631701 811641 887923 877156 1.24317e+06 1.60443e+06 1.21131e+06 750870 413421 191693 147320 120686 123606 148120 185101 414990 574584 744792
desembarqueobs
 350755 77701 442110 56441 14545 235359 269955 359681 431902 328805 639364 411747 362871 311530 167758 66681 60226 58785 57116 73181 50977 67692 138656
desembarquepred
 350759 77699.3 442088 56442.9 14545.3 235505 270011 359662 431836 328723 639564 411915 362996 312042 167759 66712.7 60292.3 58793.2 57105.5 73164.3 50975 67677.1 138647
Reclutas
 46042.2 58541.8 30744.7 42597.6 60106.6 37720.5 67493.4 83988.9 151575 208578 69899 38778.7 46374.3 20979.3 17046.4 12883.8 8651.07 11642.4 16085.5 41866.8 51283.3 66259.1 103940
log_desv_Rt
 0.0954765 0.335661 -0.308363 0.0177172 0.362038 -0.103878 0.477949 0.696604 1.287 1.60623 0.512971 -0.0762104 0.102664 -0.690545 -0.898144 -1.17811 -1.5764 -1.27943 -0.956163 0.000412705 0.203285 0.459492 0.909736
SSB
 634809 373112 436076 485194 467449 631701 789206 877307 857323 1.21977e+06 1.60443e+06 1.21131e+06 769768 426978 204041 159119 136687 134793 152854 200100 424982 574584 763593
BT
 2.01224e+06 537155 931909 772912 802345 845207 1.7151e+06 1.64095e+06 2.16382e+06 2.5633e+06 2.33271e+06 1.66951e+06 1.19745e+06 642274 364383 241335 218037 240337 254961 466995 848341 827810 1.22485e+06
Ftot
 0.479546 0.418789 0.651171 0.138518 0.0299246 0.35157 0.263224 0.541198 0.517039 0.278206 0.41108 0.359341 0.563262 0.934274 0.910002 0.415353 0.451562 0.409591 0.368049 0.313996 0.102759 0.121438 0.137937
BD_Bspro_t
 0.941123 0.729096 0.674355 0.52173 0.6385 0.75529 0.679275 0.676731 0.639062 0.670212 0.699888 0.562777 0.456452 0.357679 0.235308 0.234167 0.275015 0.351813 0.43836 0.560912 0.741308 0.829444 0.843779
BD_Bspro
 0.735923 0.432542 0.505535 0.562477 0.541905 0.73232 0.914912 1.01705 0.99388 1.41406 1.85999 1.40425 0.892378 0.494987 0.236541 0.184463 0.158459 0.156263 0.177201 0.231972 0.492674 0.666104 0.885219
BD_Bo
 0.429075 0.252191 0.294749 0.327949 0.315954 0.426975 0.533434 0.592982 0.579475 0.824459 1.08446 0.818739 0.520295 0.288599 0.137914 0.10755 0.0923883 0.091108 0.103316 0.13525 0.28725 0.388368 0.516121
BD_Brms
 1.47514 0.867021 1.01333 1.12747 1.08624 1.46792 1.83392 2.03865 1.99221 2.83445 3.72831 2.81479 1.78875 0.992191 0.474141 0.369752 0.317627 0.313225 0.355195 0.464983 0.987554 1.33519 1.7744
S_f
 0.180048 1 1 1 1
 0.180048 1 1 1 1
 0.180048 1 1 1 1
 0.180048 1 1 1 1
 0.180048 1 1 1 1
 0.180048 1 1 1 1
 0.180048 1 1 1 1
 0.180048 1 1 1 1
 0.180048 1 1 1 1
 0.180048 1 1 1 1
 0.180048 1 1 1 1
 0.180048 1 1 1 1
 0.180048 1 1 1 1
 0.180048 1 1 1 1
 0.180048 1 1 1 1
 0.180048 1 1 1 1
 0.180048 1 1 1 1
 0.180048 1 1 1 1
 0.180048 1 1 1 1
 0.180048 1 1 1 1
 0.180048 1 1 1 1
 0.180048 1 1 1 1
 0.180048 1 1 1 1
Scru_reclas
 1 1 1 1 1
 1 1 1 1 1
 1 1 1 1 1
 1 1 1 1 1
 1 1 1 1 1
 1 1 1 1 1
 1 1 1 1 1
 1 1 1 1 1
 1 1 1 1 1
 1 1 1 1 1
 1 1 1 1 1
 1 1 1 1 1
 1 1 1 1 1
 1 1 1 1 1
 1 1 1 1 1
 1 1 1 1 1
 1 1 1 1 1
 1 1 1 1 1
 1 1 1 1 1
 1 1 1 1 1
 1 1 1 1 1
 1 1 1 1 1
 1 1 1 1 1
Scru_pelaces
 1 1 1 1 1
 1 1 1 1 1
 1 1 1 1 1
 1 1 1 1 1
 1 1 1 1 1
 1 1 1 1 1
 1 1 1 1 1
 1 1 1 1 1
 1 1 1 1 1
 1 1 1 1 1
 1 1 1 1 1
 1 1 1 1 1
 1 1 1 1 1
 1 1 1 1 1
 1 1 1 1 1
 1 1 1 1 1
 1 1 1 1 1
 1 1 1 1 1
 1 1 1 1 1
 1 1 1 1 1
 1 1 1 1 1
 1 1 1 1 1
 1 1 1 1 1
pf_obs 
 0.256992 0.487395 0.22802 0.0275931 0
 0.321318 0.546541 0.124235 0.00734118 0.000564706
 0.182869 0.594174 0.210203 0.0122559 0.00049798
 0.330522 0.361315 0.267642 0.0388342 0.00168674
 0.649043 0.306663 0.0425973 0.00169635 0
 0.582887 0.30429 0.105238 0.00758474 0
 0.465427 0.430635 0.0974691 0.00646863 0
 0.296916 0.608066 0.0921331 0.00288517 0
 0.311714 0.524322 0.152257 0.0117073 0
 0.15457 0.633149 0.183074 0.0267441 0.00246327
 0.131901 0.49318 0.331252 0.0422183 0.00144891
 0.196976 0.569456 0.194076 0.0375587 0.00193317
 0.518974 0.381816 0.0799577 0.0180837 0.00116848
 0.0928022 0.601141 0.25162 0.0475244 0.00691264
 0.122501 0.610282 0.24278 0.0234846 0.000952079
 0.383417 0.481906 0.127806 0.00687128 0
 0.0376549 0.599619 0.316969 0.0457579 0
 0.0361596 0.667082 0.258105 0.0386534 0
 0.158088 0.579412 0.248529 0.0139706 0
 0.0477256 0.309471 0.559284 0.082774 0.000745712
 0.0406174 0.521527 0.379366 0.0568643 0.0016247
 0.151134 0.462217 0.34131 0.0453401 0
 0.294876 0.26143 0.354403 0.0886775 0.000613685
pf_pred 
 0.322972 0.47591 0.179672 0.0214364 9.08108e-06
 0.308814 0.531522 0.112235 0.0423723 0.00505751
 0.161246 0.630421 0.160208 0.0338291 0.014296
 0.260586 0.439078 0.225737 0.0573664 0.0172323
 0.263874 0.497665 0.141603 0.0728003 0.0240581
 0.147438 0.57011 0.190954 0.054333 0.0371645
 0.287178 0.378716 0.223418 0.074832 0.0358565
 0.289744 0.509093 0.106876 0.0630501 0.0312371
 0.391074 0.454191 0.110909 0.0232838 0.0205411
 0.331277 0.548575 0.0896166 0.0218836 0.00864711
 0.100456 0.681962 0.17849 0.0291585 0.00993376
 0.0954275 0.388707 0.391088 0.102359 0.0224184
 0.186738 0.333202 0.206288 0.207552 0.0662201
 0.133526 0.542011 0.132936 0.0823017 0.109225
 0.212842 0.453162 0.208927 0.0512422 0.0738271
 0.2073 0.556103 0.136208 0.0627975 0.0375923
 0.163763 0.534149 0.211924 0.051907 0.0382573
 0.259362 0.425185 0.201497 0.0799437 0.0340125
 0.301007 0.491028 0.119389 0.0565787 0.031998
 0.454405 0.403708 0.0996731 0.0242346 0.0179801
 0.291249 0.597326 0.0824474 0.0203558 0.0086213
 0.260086 0.521855 0.183777 0.0253663 0.00891528
 0.291507 0.477338 0.163031 0.0574135 0.0107098
pobs_RECLAS
 0 0 0 0 0
 0 0 0 0 0
 0 0 0 0 0
 0 0 0 0 0
 0.835266 0.146461 0.0176864 0.000547809 3.91292e-05
 0.385257 0.428462 0.181853 0.0044286 0
 0.867414 0.0963971 0.0333333 0.00285562 0
 0.441836 0.489002 0.0689373 0.000224442 0
 0.779404 0.147425 0.0564933 0.0165055 0.000172143
 0.814271 0.122319 0.05973 0.00367925 0
 0.40263 0.566651 0.0304383 0.000280538 0
 0.475488 0.404961 0.113038 0.00651328 0
 0.955842 0.0263864 0.0167828 0.000988607 0
 0.975058 0.0227948 0.00214734 0 0
 0.738997 0.206755 0.0527124 0.00153531 0
 0.850938 0.134255 0.0134407 0.00136685 0
 0.542534 0.407297 0.0501686 0 0
 0.764087 0.199537 0.0359546 0.000420521 0
 0.470689 0.182191 0.310203 0.0369168 0
 0.84361 0.089868 0.0606195 0.00523954 0.000663233
 0.607945 0.314616 0.071237 0.00620181 0
 0.523733 0.453247 0.0230204 0 0
 0.530135 0.295979 0.169645 0.0042399 0
ppred_RECLAS
 0.73225 0.188212 0.0710564 0.00847763 3.59137e-06
 0.718201 0.216704 0.0457585 0.0172753 0.00206197
 0.528173 0.354632 0.0901225 0.01903 0.00804198
 0.6635 0.19982 0.102731 0.0261069 0.00784226
 0.665979 0.225818 0.064253 0.0330335 0.0109165
 0.495298 0.337496 0.113041 0.0321642 0.0220008
 0.694363 0.162382 0.0957949 0.0320858 0.0153742
 0.7016 0.213885 0.0449019 0.0264892 0.0131236
 0.786949 0.158912 0.038805 0.00814652 0.00718693
 0.736594 0.216081 0.0352995 0.00861982 0.00340605
 0.388991 0.463218 0.121238 0.0198057 0.00674744
 0.374612 0.268738 0.270384 0.0707675 0.0154993
 0.570084 0.176141 0.109051 0.109719 0.035006
 0.480532 0.324946 0.0796976 0.0493414 0.0654826
 0.618105 0.219854 0.101362 0.0248605 0.0358177
 0.598609 0.281588 0.0689699 0.0317981 0.0190352
 0.528316 0.30129 0.119537 0.0292784 0.0215792
 0.666235 0.191607 0.0908034 0.0360262 0.0153276
 0.709872 0.203808 0.0495541 0.0234838 0.0132813
 0.824969 0.129512 0.0319758 0.0077746 0.00576812
 0.69646 0.25582 0.0353102 0.00871788 0.00369229
 0.6627 0.237895 0.0837774 0.0115636 0.00406415
 0.697146 0.204044 0.0696898 0.0245421 0.00457805
pobs_PELACES
 0 0 0 0 0
 0 0 0 0 0
 0 0 0 0 0
 0 0 0 0 0
 0 0 0 0 0
 0 0 0 0 0
 0 0 0 0 0
 0 0 0 0 0
 0 0 0 0 0
 0 0 0 0 0
 0.450072 0.473896 0.0757376 0.000293798 0
 0 0 0 0 0
 0.463077 0.371075 0.160297 0.00555027 0
 0.529543 0.364841 0.0842815 0.0213345 0
 0.631943 0.363953 0.00410389 0 0
 0.735681 0.248677 0.0153453 0.000297389 0
 0.695825 0.281241 0.0229344 0 0
 0.275771 0.60734 0.115278 0.00161068 0
 0 0 0 0 0
 0.896147 0.0623911 0.0374545 0.00400742 0
 0.803859 0.145111 0.0509908 3.86294e-05 0
 0.739449 0.233085 0.0266225 0.000797448 4.60066e-05
 0.878498 0.100942 0.0204185 0.000141795 0
ppred_PELACES
 0.756912 0.170876 0.0645114 0.00769675 3.26057e-06
 0.740558 0.199511 0.0421281 0.0159047 0.00189837
 0.571754 0.321877 0.0817983 0.0172723 0.00729918
 0.671816 0.194882 0.100192 0.0254616 0.00764845
 0.667778 0.224602 0.063907 0.0328556 0.0108577
 0.519071 0.321599 0.107717 0.0306492 0.0209645
 0.709266 0.154464 0.091124 0.0305213 0.0146246
 0.731328 0.192577 0.0404286 0.0238503 0.0118162
 0.809465 0.142118 0.0347041 0.00728559 0.00642741
 0.750937 0.204314 0.0333773 0.00815044 0.00322057
 0.415731 0.442946 0.115932 0.018939 0.00645214
 0.397654 0.258836 0.260422 0.0681601 0.0149282
 0.606972 0.161028 0.0996936 0.100304 0.0320024
 0.543611 0.285488 0.0700199 0.0433499 0.0575311
 0.674311 0.187497 0.0864442 0.0212017 0.0305462
 0.625289 0.262871 0.0643855 0.0296845 0.0177699
 0.558622 0.281932 0.111856 0.0273972 0.0201927
 0.69041 0.177729 0.0842266 0.0334169 0.0142174
 0.729947 0.189707 0.0461253 0.021859 0.0123623
 0.836901 0.120683 0.029796 0.00724462 0.00537492
 0.702305 0.250893 0.0346301 0.00854998 0.00362118
 0.670006 0.232742 0.0819629 0.0113131 0.00397613
 0.704968 0.198774 0.0678899 0.0239082 0.00445981
pobs_pel_tallas
 0 0 0 0 0 0 0 0 0 0 0 0 0 0 0 0 0 0 0 0 0 0 0 0 0 0 0 0 0 0 0 0 0 0 0 0
 0 0 0 0 0 0 0 0 0 0 0 0 0 0 0 0 0 0 0 0 0 0 0 0 0 0 0 0 0 0 0 0 0 0 0 0
 0 0 0 0 0 0 0 0 0 0 0 0 0 0 0 0 0 0 0 0 0 0 0 0 0 0 0 0 0 0 0 0 0 0 0 0
 0 0 0 0 0 0 0 0 0 0 0 0 0 0 0 0 0 0 0 0 0 0 0 0 0 0 0 0 0 0 0 0 0 0 0 0
 0 0 0 0 0 0 0 0 0 0 0 0 0 0 0 0 0 0 0 0 0 0 0 0 0 0 0 0 0 0 0 0 0 0 0 0
 0 0 0 0 0 0 0 0 0 0 0 0 0 0 0 0 0 0 0 0 0 0 0 0 0 0 0 0 0 0 0 0 0 0 0 0
 0 0 0 0 0 0 0 0 0 0 0 0 0 0 0 0 0 0 0 0 0 0 0 0 0 0 0 0 0 0 0 0 0 0 0 0
 0 0 0 0 0 0 0 0 0 0 0 0 0 0 0 0 0 0 0 0 0 0 0 0 0 0 0 0 0 0 0 0 0 0 0 0
 0 0 0 0 0 0 0 0 0 0 0 0 0 0 0 0 0 0 0 0 0 0 0 0 0 0 0 0 0 0 0 0 0 0 0 0
 0 0 0 0 0 0 0 0 0 0 0 0 0 0 0 0 0 0 0 0 0 0 0 0 0 0 0 0 0 0 0 0 0 0 0 0
 0 0 0 0 0 0 0 0 1.78061e-05 0.00172719 0.00360574 0.0105946 0.0120993 0.0124554 0.0147524 0.0171206 0.0266825 0.0428682 0.0675386 0.121331 0.153587 0.119568 0.100827 0.0573624 0.0630603 0.0341343 0.0324427 0.0444173 0.0211091 0.0280891 0.0125444 0.00206551 0 0 0 0
 0 0 0 0 0 0 0 0 0 0 0 0 0 0 0 0 0 0 0 0 0 0 0 0 0 0 0 0 0 0 0 0 0 0 0 0
 0 0 0 0 0 0 0.0133647 0.0140871 0.0187388 0.0205184 0.03894 0.0496705 0.03968 0.0493445 0.0407372 0.0367815 0.0215668 0.0243155 0.0234873 0.0199281 0.019796 0.0243948 0.0301388 0.0376714 0.0412746 0.0863199 0.0771752 0.113111 0.0741005 0.0525337 0.0229764 0.00759418 0.00175318 0 0 0
 0 0 0 0 0 0 0 0 0 0 0.00219441 0.00772107 0.0458388 0.0604681 0.0671733 0.0775358 0.0609151 0.0617685 0.073594 0.0568108 0.0755445 0.0548602 0.0670107 0.0636378 0.0643287 0.046367 0.0373049 0.0286899 0.0247887 0.0153202 0.00654259 0.00121912 0.000365735 0 0 0
 0 0 0 0 0 0 0 0 0 0 0 0 0.000112435 0.00938835 0.0111873 0.0202946 0.0414886 0.0713402 0.111592 0.104902 0.108894 0.110636 0.117776 0.105296 0.107544 0.0401394 0.0192827 0.0124803 0.00416011 0.0028671 0.000618394 0 0 0 0 0
 0 0 0 0 0 0 0 0 0 0 0.00291406 0.0102884 0.027416 0.0768956 0.0749926 0.110853 0.0956884 0.0897413 0.0766577 0.0534642 0.0500743 0.0551293 0.0594112 0.0620874 0.0668451 0.0424026 0.0208742 0.0120726 0.0048766 0.00582813 0.00118941 0.000297354 0 0 0 0
 0 0.00264628 0.0354308 0.0461629 0.0458689 0.0383711 0.0214643 0.0164657 0.0346957 0.0420465 0.0363128 0.0245516 0.0311673 0.0291091 0.0169068 0.0133784 0.00837989 0.0085269 0.0148486 0.0160247 0.0276389 0.0546898 0.0760071 0.122758 0.109233 0.0665981 0.0333725 0.0166128 0.00676272 0.00308733 0.000882094 0 0 0 0 0
 0 0 0 0 0 0 0 0.000805153 0.000690131 0.00759144 0.0133425 0.0154129 0.00931677 0.000345066 0.00356568 0.00563607 0.00851162 0.0253048 0.0502646 0.0516448 0.0657925 0.0565908 0.0611916 0.0827007 0.0866115 0.110766 0.145733 0.0935128 0.0569358 0.0249597 0.0138026 0.00621118 0.00161031 0.00115022 0 0
 0 0 0 0 0 0 0 0 0 0 0 0 0 0 0 0 0 0 0 0 0 0 0 0 0 0 0 0 0 0 0 0 0 0 0 0
 0.00147267 0.00158595 0.00478618 0.00569244 0.00954404 0.0108468 0.00647125 0.017049 0.0510054 0.094081 0.124002 0.0959785 0.0687766 0.0820023 0.061753 0.0591476 0.0492212 0.0479892 0.0443925 0.0268479 0.0217502 0.0140895 0.0121071 0.0120363 0.00920419 0.00665534 0.0049561 0.00860946 0.00930331 0.0156896 0.0114698 0.00855282 0.00243557 0.00046729 0 2.83206e-05
 0 0 0 0 0.000772559 0.00158375 0.000888443 0.00281984 0.00712685 0.0440552 0.0773331 0.111326 0.0921469 0.0852325 0.0710754 0.0886704 0.0786465 0.0553345 0.0373146 0.0185414 0.00753245 0.00457741 0.012979 0.0271748 0.0457355 0.0583668 0.034881 0.0177882 0.00938659 0.00492506 0.0015258 0.00185414 0.000309023 5.79419e-05 3.86279e-05 0
 0 0.00173294 0.00326652 0 0.00397197 0.00683976 0.00946217 0.0152591 0.00757587 0.0136028 0.0228656 0.0392903 0.0559909 0.0764795 0.0681675 0.0726916 0.0566044 0.0477403 0.0527397 0.0444891 0.0609904 0.0582453 0.0661739 0.0445044 0.0529084 0.0360697 0.0280645 0.0235558 0.0158879 0.00826598 0.00280645 0.00217768 0.000904811 0.00058276 9.20147e-05 0
 0 0 0 0 0 0 0 0 0 0 0 0 0 0 0 0 0 0 0 0 0 0 0 0 0 0 0 0 0 0 0 0 0 0 0 0
ppred_pel_tallas
 1.01237e-16 3.30246e-05 0.000193829 0.000921377 0.00354736 0.0110621 0.027942 0.057173 0.0947705 0.127274 0.138499 0.122165 0.0874464 0.0510284 0.0247542 0.0108869 0.00582235 0.00531656 0.00676696 0.0090246 0.0116079 0.014213 0.0165538 0.0183618 0.0194331 0.0196706 0.0191021 0.0178641 0.0161607 0.0142127 0.0122126 0.0102989 0.00855096 0.00700017 0.00564798 0.0044825
 1.01299e-16 3.23126e-05 0.000189646 0.000901487 0.00347076 0.0108232 0.0273387 0.0559388 0.0927256 0.12453 0.135521 0.119555 0.0856154 0.0500348 0.0244115 0.0109722 0.00620178 0.00595437 0.00767989 0.0102365 0.0131199 0.0159868 0.0185069 0.0203731 0.02136 0.0213732 0.0204684 0.0188297 0.0167181 0.014407 0.0121277 0.010037 0.00821234 0.00666751 0.00537748 0.0043023
 1.02201e-16 2.4957e-05 0.000146451 0.000696105 0.00267995 0.00835709 0.0211096 0.0431945 0.0716055 0.0961818 0.104711 0.0924733 0.0664363 0.0392588 0.0199621 0.0103434 0.00776726 0.00908971 0.0123521 0.0166113 0.0213322 0.0260276 0.030176 0.0332818 0.0349763 0.0351002 0.0337348 0.0311675 0.027811 0.0241008 0.0204075 0.0169858 0.0139663 0.0113796 0.00919469 0.00735646
 1.02719e-16 2.93151e-05 0.000172048 0.000817824 0.00314864 0.00981872 0.0248013 0.0507472 0.0841206 0.112976 0.122952 0.108479 0.0777121 0.0454732 0.0222947 0.0102097 0.0060459 0.00605946 0.00795334 0.0107037 0.0138573 0.0170972 0.0201062 0.0225778 0.0242694 0.0250508 0.0249245 0.0240097 0.0224997 0.0206088 0.0185267 0.0163933 0.0142962 0.0122828 0.0103794 0.0086058
 1.02617e-16 2.91401e-05 0.000171018 0.000812922 0.00312976 0.00975983 0.0246526 0.0504432 0.0836174 0.112303 0.122225 0.107853 0.077297 0.0452968 0.0223311 0.0104312 0.00645238 0.00667646 0.00881333 0.0118247 0.0152251 0.0186534 0.0217456 0.0241574 0.0256291 0.0260412 0.0254356 0.0239929 0.0219764 0.0196643 0.0172915 0.0150173 0.0129226 0.0110278 0.00932053 0.00777934
 1.03667e-16 2.26598e-05 0.000132964 0.000631988 0.00243308 0.00758725 0.019165 0.0392158 0.0650109 0.087327 0.0950795 0.0839871 0.0603828 0.0357693 0.0183507 0.00977656 0.0076735 0.00920509 0.0126045 0.0170157 0.0219388 0.0269024 0.0313926 0.034914 0.0370892 0.0377402 0.0369191 0.0348767 0.0319851 0.0286406 0.0251815 0.021842 0.0187471 0.0159364 0.013402 0.011121
 1.03077e-16 3.09464e-05 0.000181629 0.000863381 0.00332406 0.0103658 0.0261831 0.0535741 0.088805 0.119262 0.129781 0.114475 0.0819429 0.0478189 0.0232026 0.0102172 0.00549066 0.00505469 0.00648314 0.00871634 0.0113233 0.0140402 0.0166165 0.0188091 0.0204221 0.0213425 0.0215573 0.021141 0.0202241 0.0189538 0.0174606 0.0158417 0.0141606 0.0124575 0.010764 0.00911301
 1.02009e-16 3.19098e-05 0.000187282 0.000890249 0.0034275 0.0106883 0.0269979 0.0552415 0.0915696 0.122978 0.13383 0.118061 0.0845415 0.0493986 0.0240854 0.0107995 0.00606923 0.00580083 0.00747845 0.00997947 0.0128135 0.0156516 0.0181781 0.0200994 0.0211983 0.0213819 0.0206987 0.0193175 0.0174781 0.0154308 0.0133838 0.0114755 0.00977046 0.00827681 0.00697065 0.00581925
 1.0109e-16 3.53149e-05 0.000207278 0.00098532 0.00379356 0.0118299 0.0298813 0.0611408 0.101346 0.136101 0.148094 0.130603 0.0934318 0.0544102 0.0261868 0.0111608 0.00545625 0.00451745 0.00555467 0.00735004 0.00942042 0.0114928 0.0133268 0.0147028 0.0154585 0.0155243 0.0149367 0.0138226 0.0123638 0.0107516 0.00914763 0.00766237 0.00635112 0.00522516 0.00426929 0.00345835
 1.00971e-16 3.27654e-05 0.000192304 0.000914121 0.00351941 0.0109749 0.0277218 0.0567228 0.0940252 0.126276 0.13742 0.121231 0.086816 0.0507372 0.0247552 0.0111273 0.00628825 0.00603185 0.00776914 0.0103378 0.0132209 0.0160648 0.0185296 0.0203019 0.0211547 0.0209987 0.0199014 0.0180642 0.0157678 0.0133047 0.0109209 0.00878184 0.0069663 0.00548266 0.00429546 0.00335144
 1.02743e-16 1.81587e-05 0.000106527 0.00050628 0.00194903 0.00607772 0.0153522 0.0314155 0.0520853 0.0699813 0.0762385 0.0674498 0.0487236 0.0293253 0.0158962 0.00983986 0.00933608 0.0121685 0.0169235 0.0228366 0.029335 0.0357857 0.0414767 0.0457252 0.0480227 0.0481491 0.046216 0.0426203 0.0379326 0.0327566 0.0276074 0.0228415 0.0186441 0.0150612 0.0120529 0.00954314
 1.06821e-16 1.73632e-05 0.000101874 0.000484191 0.00186405 0.00581274 0.0146827 0.0300443 0.0498076 0.0669083 0.072857 0.0643782 0.0463315 0.0275412 0.0143111 0.00793128 0.00661821 0.0082411 0.0114931 0.0157646 0.0207103 0.0259894 0.0312016 0.0359256 0.0397912 0.0425414 0.0440643 0.0443831 0.0436175 0.041933 0.0394997 0.0364724 0.0329917 0.0291961 0.0252328 0.0212593
 1.0641e-16 2.6486e-05 0.000155443 0.000738887 0.00284473 0.00887099 0.0224074 0.0458488 0.0760006 0.10207 0.111081 0.0980015 0.0701972 0.0410584 0.0200997 0.00915809 0.0053709 0.00536509 0.00708316 0.00962818 0.0126288 0.0158432 0.0190291 0.0219431 0.0243792 0.0262037 0.0273693 0.0279037 0.0278791 0.0273782 0.0264678 0.0251909 0.0235752 0.02165 0.0194632 0.0170888
 1.05265e-16 2.37282e-05 0.000139241 0.000661835 0.00254802 0.00794567 0.0200703 0.0410678 0.0680795 0.0914441 0.0995495 0.0879051 0.0631336 0.0372657 0.0188731 0.00965898 0.00711366 0.00824925 0.0112131 0.0151297 0.019524 0.0239768 0.0280408 0.0312879 0.0333957 0.0342164 0.0338014 0.0323709 0.0302421 0.0277428 0.0251396 0.0226008 0.0201975 0.0179307 0.0157708 0.0136898
 1.03445e-16 2.94235e-05 0.000172685 0.000820855 0.00316031 0.00985513 0.0248933 0.0509353 0.0844321 0.113393 0.123404 0.108873 0.0779834 0.0456097 0.0223201 0.0101511 0.00591429 0.00584896 0.00764886 0.0102896 0.0133245 0.0164484 0.0193596 0.0217679 0.0234456 0.0242728 0.0242555 0.0235095 0.0222179 0.0205793 0.018764 0.0168917 0.0150299 0.0132092 0.0114433 0.00974533
 1.0285e-16 2.72889e-05 0.000160147 0.000761231 0.00293072 0.00913913 0.0230848 0.0472356 0.078302 0.105168 0.114473 0.101043 0.0724818 0.0426071 0.0212509 0.0103388 0.00694903 0.00761628 0.0101971 0.013698 0.0176167 0.0215445 0.0250576 0.0277548 0.0293367 0.0296711 0.0288175 0.0269993 0.024537 0.0217668 0.0189704 0.0163368 0.0139577 0.0118495 0.00998667 0.00833177
 1.03565e-16 2.43828e-05 0.000143083 0.000680104 0.00261836 0.00816502 0.0206244 0.0422015 0.0699585 0.0939671 0.102294 0.090323 0.0648583 0.0382602 0.0193337 0.00982519 0.00715254 0.00824364 0.0111959 0.0151145 0.0195196 0.0239904 0.0280755 0.0313377 0.03344 0.0342152 0.0336947 0.0320818 0.0296861 0.0268414 0.0238354 0.020871 0.0180621 0.0154539 0.0130539 0.0108583
 1.03067e-16 3.01251e-05 0.000176805 0.000840444 0.00323574 0.0100903 0.0254874 0.0521508 0.0864465 0.116098 0.126343 0.111458 0.0798165 0.0466449 0.0227577 0.0102334 0.0058007 0.00560391 0.00728057 0.00978652 0.0126761 0.0156546 0.0184347 0.0207397 0.0223518 0.0231542 0.0231494 0.0224434 0.0212072 0.0196274 0.0178662 0.016039 0.0142144 0.0124269 0.0106956 0.0090383
 1.02046e-16 3.18495e-05 0.000186928 0.000888567 0.00342102 0.0106681 0.0269469 0.0551371 0.0913965 0.122745 0.133576 0.117836 0.0843783 0.0492986 0.0240282 0.01076 0.00602844 0.00574772 0.00740785 0.0098906 0.0127099 0.0155415 0.0180742 0.0200178 0.021156 0.0213938 0.0207742 0.0194587 0.0176789 0.0156775 0.0136582 0.0117573 0.0100409 0.00852098 0.0071788 0.00598717
 1.00963e-16 3.65104e-05 0.000214298 0.0010187 0.0039221 0.0122307 0.0308938 0.0632122 0.104779 0.140708 0.153101 0.135003 0.0965465 0.0561569 0.0269015 0.0112489 0.00517978 0.00397538 0.00475027 0.00625533 0.00801424 0.00977981 0.0113452 0.0125235 0.0131768 0.0132457 0.0127602 0.0118275 0.010601 0.00924188 0.00788676 0.00662866 0.00551429 0.00455333 0.00373335 0.00303375
 1.01037e-16 3.06467e-05 0.000179861 0.000854956 0.00329159 0.0102645 0.0259274 0.0530516 0.0879415 0.118111 0.128549 0.113438 0.0813098 0.0476684 0.0235362 0.0110505 0.00690261 0.00717617 0.00944992 0.0126111 0.0161206 0.0195657 0.0225328 0.0246384 0.0256062 0.0253307 0.0239006 0.0215697 0.0186895 0.0156249 0.0126821 0.0100655 0.00787067 0.00610418 0.00471689 0.00363697
 1.01814e-16 2.92376e-05 0.00017159 0.000815639 0.00314021 0.00979243 0.024735 0.0506117 0.083897 0.112679 0.122637 0.108221 0.0775699 0.0454761 0.0224555 0.0105498 0.00660689 0.00689842 0.00912617 0.0122441 0.015756 0.0192858 0.0224518 0.0248908 0.0263277 0.0266335 0.0258496 0.0241648 0.0218595 0.0192347 0.0165513 0.0139943 0.0116672 0.00960728 0.00781119 0.00625868
 1.02059e-16 3.07607e-05 0.000180535 0.000858172 0.00330399 0.0103032 0.026025 0.053251 0.0882706 0.118549 0.129014 0.113822 0.081526 0.0476777 0.0233236 0.0105908 0.00614172 0.00603877 0.00786228 0.0105302 0.0135628 0.0166279 0.0193998 0.0215699 0.022904 0.0232906 0.022761 0.0214699 0.0196475 0.0175401 0.0153593 0.0132529 0.0113019 0.00953437 0.00794829 0.00653144
pSPR Fmed_Fpbrs
0.447765   0.340871 0.340871
Fs Fmed_Fpbrs
0.64   1.005 1.005
SSBpbr Bo_Bmed_Bpbrs
1.47948e+06  588487  430338 430338
Ro
41849.5
SPR SPRFo_SPRFmed_SPRFpbrs
862603 386243 294036
log_Ro
10.4618
likeval ReclasPelacesDesembMPH_pf_preclas_ppelaces_ptallas_desvR_qrecl_qpela
 113.425 99.1732 0.0259886 187.313 306.456 174.219 43.6152 0 19.9671 4.61752e-05 0 0 0 0 0
q_reclas_q_pelaces
0.381779 1
M
0.7
N
 46042.2 14405.5 5438.55 648.864 0.274878
 58541.8 20972.6 4428.51 1671.91 199.557
 30744.7 26959.6 6851.22 1446.68 611.361
 42597.6 13578.3 6980.83 1774.03 532.904
 60106.6 20632.3 5870.61 3018.17 997.406
 37720.5 29687.7 9943.64 2829.31 1935.29
 67493.4 17582.5 10372.5 3474.2 1664.7
 83988.9 31964.9 6710.54 3958.78 1961.31
 151575 37835.3 9239.05 1939.6 1711.13
 208578 68579.1 11203.3 2735.73 1081
 69899 98516.5 25784.7 4212.26 1435.04
 38778.7 32234.5 32431.9 8488.41 1859.11
 46374.3 18050.5 11175.2 11243.6 3587.32
 20979.3 20807.8 5103.42 3159.57 4193.16
 17046.4 8805.02 4059.49 995.646 1434.47
 12883.8 7185.7 1760.01 811.439 485.75
 8651.07 5936.91 2355.47 576.931 425.218
 11642.4 3960.54 1876.91 744.664 316.822
 16085.5 5370.41 1305.76 618.806 349.965
 41866.8 7475.65 1845.7 448.763 332.946
 51283.3 19647.7 2711.92 669.557 283.578
 66259.1 24999.7 8803.95 1215.19 427.091
 103940 32191.7 10994.8 3871.96 722.271
pred_Ctot
 2752.68 4056.15 1531.33 182.701 0.0773975
 3071.14 5285.96 1116.17 421.39 50.2966
 2462.7 9628.39 2446.85 516.671 218.342
 755.664 1273.27 654.606 166.354 49.9714
 232.345 438.202 124.684 64.1018 21.1836
 1670.02 6457.6 2162.92 615.427 420.96
 2252.91 2971.02 1752.71 587.057 281.294
 5639.64 9909.1 2080.27 1227.22 608.006
 9741.92 11314.2 2762.83 580.014 511.693
 7349.84 12170.9 1988.27 485.517 191.848
 3601.63 24450.1 6399.33 1045.41 356.152
 1753.75 7143.57 7187.32 1881.14 412.001
 3235.28 5772.82 3574 3595.89 1147.28
 2358.73 9574.62 2348.31 1453.86 1929.46
 1870.26 3981.97 1835.85 450.269 648.724
 670.529 1798.76 440.574 203.123 121.595
 488.099 1592.05 631.645 154.71 114.027
 597.783 979.975 464.413 184.256 78.3928
 744.576 1214.61 295.322 139.954 79.1509
 1660.39 1475.15 364.205 88.553 65.6991
 676.81 1388.08 191.593 47.3032 20.0344
 1031.88 2070.43 729.126 100.639 35.3709
 1836.21 3006.77 1026.94 361.649 67.4616
F
 0.0863414 0.479546 0.479546 0.479546 0.479546
 0.0754021 0.418789 0.418789 0.418789 0.418789
 0.117242 0.651171 0.651171 0.651171 0.651171
 0.0249398 0.138518 0.138518 0.138518 0.138518
 0.00538788 0.0299246 0.0299246 0.0299246 0.0299246
 0.0632996 0.35157 0.35157 0.35157 0.35157
 0.047393 0.263224 0.263224 0.263224 0.263224
 0.0974416 0.541198 0.541198 0.541198 0.541198
 0.093092 0.517039 0.517039 0.517039 0.517039
 0.0500904 0.278206 0.278206 0.278206 0.278206
 0.0740142 0.41108 0.41108 0.41108 0.41108
 0.0646986 0.359341 0.359341 0.359341 0.359341
 0.101414 0.563262 0.563262 0.563262 0.563262
 0.168214 0.934274 0.934274 0.934274 0.934274
 0.163844 0.910002 0.910002 0.910002 0.910002
 0.0747835 0.415353 0.415353 0.415353 0.415353
 0.0813029 0.451562 0.451562 0.451562 0.451562
 0.0737461 0.409591 0.409591 0.409591 0.409591
 0.0662665 0.368049 0.368049 0.368049 0.368049
 0.0565343 0.313996 0.313996 0.313996 0.313996
 0.0185016 0.102759 0.102759 0.102759 0.102759
 0.0218648 0.121438 0.121438 0.121438 0.121438
 0.0248352 0.137937 0.137937 0.137937 0.137937
Np
 29681 12299.5 9152.08 2531.4 1021.74
YTP_r0W_actual
 82516.5 375729 177113 81420.4 19089.6
YTP_p0W_proyectada
 29275.6 524519 210901 91989.4 51501.7
 29275.6 128132 138601 48957.6 21928.8
CTP_r0_actual
 12502.5 15526 5302.79 1867.44 348.35
CTP_p0_proyectada
 3570.2 24283.3 6716.58 2294 1157.34
 3570.2 5932.04 4414.03 1220.89 492.782
Wmedp
 8.2 21.6 31.4 40.1 44.5
nmprior
 10.8 10.6 4.6 0
nm_flota  nm_reclas  nm_pelaces    nm_pelaL
inf 16.2019 21.3103 28.9367
cv_recla  cv_pelaces  cv_mph
0.841966 0.609836 1.18526
 ------------------------------------------------
Talla a la edad & desviaci?n 
 7.2 14.2025 17.0495 18.207 18.6776
 1.08 2.13037 2.55742 2.73105 2.80164
