years
 1997 1998 1999 2000 2001 2002 2003 2004 2005 2006 2007 2008 2009 2010 2011 2012 2013 2014 2015 2016 2017 2018 2019 2020 2021 2022 2023
reclasobs
 0 0 0 370054 412103 1.49427e+06 250295 1.28982e+06 931140 785840 897777 1.04006e+06 184774 17550 25797 100020 73551 82996 120727 218422 84188 347160 605670 569463 516374 1.08416e+06 1.01767e+06
reclaspred
 1.15077e+06 238045 603380 310531 357763 396604 720372 564003 1.01721e+06 1.49022e+06 1.56537e+06 1.12547e+06 658515 319362 204673 169472 141164 162936 183561 313724 588858 609737 937127 1.06026e+06 1.29986e+06 1.03435e+06 729092
pelacesobs
 0 0 0 0 0 0 0 0 0 2.06254e+06 1.5e+06 0 1.87456e+06 323000 250000 174000 83755 137374 0 501740 490994 745055 786931 1.00524e+06 1.33801e+06 1.41789e+06 0
pelacespred
 669816 237611 205963 217986 216135 177929 365571 337653 587731 884730 834742 628943 377656 157806 96345.2 86736.5 74238 82041.1 95620.1 157325 333782 366468 441483 576828 674993 600694 401476
mphobs
 0 0 0 0 0 0 112323 0 153150 637223 0 255016 313432 73983 77613 109348 50772 17779 17303 59886 28197 0 207744 136588 643089 65757 70829
mphpred
 811555 438836 382190 343888 281920 380544 458931 573308 674643 1.19634e+06 1.54675e+06 1.16149e+06 724827 387693 188018 145738 115308 120190 145597 192780 394080 578072 657564 866528 1.03927e+06 932097 671927
desembarqueobs
 350755 77701 442110 56441 14545 235359 269955 359681 431902 328805 639364 411747 362871 311530 167758 66681 60226 58785 57116 73181 50977 67692 138656 160484 209506 203330 245020
desembarquepred
 350759 77700.8 442122 56443.7 14545.2 235519 269973 359567 431729 328664 639431 411791 362746 311764 167670 66702.7 60272.6 58782.5 57099.4 73149.5 50971.9 67676 138638 160455 209486 203319 245045
Reclutas
 42522.4 44696.5 22028.8 23155.6 40956.6 27103.8 58222.4 74514 173963 202664 70603.2 41658.5 44156.8 25784.2 19049.3 12222.5 9356.75 11747.9 18827.4 37034.4 57590.4 50039.4 75469.7 98688.6 32898.2 30591.1 52021.2
log_desv_Rt
 0.0792412 0.129105 -0.57844 -0.528555 0.041723 -0.371117 0.393481 0.640197 1.48805 1.64076 0.586286 0.0587148 0.116957 -0.421028 -0.723759 -1.16751 -1.43469 -1.20712 -0.735476 -0.0589422 0.382566 0.242022 0.652941 0.92118 -0.177371 -0.250081 0.280861
SSB
 811555 438836 382190 343888 281920 380544 445051 566090 660550 1.17499e+06 1.54675e+06 1.16149e+06 742568 400081 199095 157057 130075 130535 149978 207354 403395 578072 674348 852051 1.1128e+06 1.02779e+06 699792
BT
 2.10887e+06 585850 757997 514252 506105 535674 1.21317e+06 1.20553e+06 2.08374e+06 2.46789e+06 2.26321e+06 1.62661e+06 1.14695e+06 624506 364715 235259 213612 234723 262485 446105 867774 788294 1.02744e+06 1.38712e+06 1.48762e+06 1.33915e+06 1.0496e+06
Ftot
 0.293401 0.313853 0.681444 0.176291 0.039759 0.558312 0.359772 0.601691 0.407364 0.213688 0.389757 0.350099 0.520114 0.887792 0.758657 0.376176 0.407452 0.346107 0.299495 0.225756 0.0844599 0.108092 0.143764 0.147086 0.156417 0.190333 0.322646
BD_Bspro_t
 0.958293 0.759648 0.641374 0.433879 0.515311 0.649218 0.541542 0.569551 0.571366 0.647486 0.675908 0.536989 0.434976 0.333353 0.222699 0.219666 0.250755 0.324935 0.41302 0.54776 0.710883 0.81471 0.81391 0.803799 0.80035 0.738554 0.661036
BD_Bspro
 1.00024 0.540866 0.471049 0.423842 0.347467 0.469021 0.548526 0.697706 0.814129 1.44817 1.90637 1.43153 0.915216 0.4931 0.245385 0.193573 0.160317 0.160884 0.184848 0.255564 0.497185 0.712474 0.831134 1.05015 1.37153 1.26675 0.862494
BD_Bo
 0.448193 0.242353 0.21107 0.189917 0.155695 0.210161 0.245786 0.312631 0.364799 0.648904 0.854215 0.641448 0.410094 0.22095 0.109953 0.086737 0.0718357 0.0720897 0.0828275 0.114514 0.222781 0.319249 0.372418 0.470558 0.61456 0.567612 0.38647
BD_Brms
 2.18362 1.18076 1.02834 0.925285 0.758552 1.02392 1.19748 1.52316 1.77732 3.1615 4.16178 3.12517 1.998 1.07648 0.535698 0.422587 0.349987 0.351225 0.40354 0.55792 1.0854 1.5554 1.81444 2.29258 2.99417 2.76543 1.8829
S_f
 0.5 1 1 1 1
 0.5 1 1 1 1
 0.5 1 1 1 1
 0.5 1 1 1 1
 0.5 1 1 1 1
 0.5 1 1 1 1
 0.5 1 1 1 1
 0.5 1 1 1 1
 0.5 1 1 1 1
 0.5 1 1 1 1
 0.5 1 1 1 1
 0.5 1 1 1 1
 0.5 1 1 1 1
 0.5 1 1 1 1
 0.5 1 1 1 1
 0.5 1 1 1 1
 0.5 1 1 1 1
 0.5 1 1 1 1
 0.5 1 1 1 1
 0.5 1 1 1 1
 0.5 1 1 1 1
 0.5 1 1 1 1
 0.5 1 1 1 1
 0.5 1 1 1 1
 0.5 1 1 1 1
 0.5 1 1 1 1
 0.5 1 1 1 1
Scru_reclas
 0.5 1 1 1 1
 0.5 1 1 1 1
 0.5 1 1 1 1
 0.5 1 1 1 1
 0.5 1 1 1 1
 0.5 1 1 1 1
 0.5 1 1 1 1
 0.5 1 1 1 1
 0.5 1 1 1 1
 0.5 1 1 1 1
 0.5 1 1 1 1
 0.5 1 1 1 1
 0.5 1 1 1 1
 0.5 1 1 1 1
 0.5 1 1 1 1
 0.5 1 1 1 1
 0.5 1 1 1 1
 0.5 1 1 1 1
 0.5 1 1 1 1
 0.5 1 1 1 1
 0.5 1 1 1 1
 0.5 1 1 1 1
 0.5 1 1 1 1
 0.5 1 1 1 1
 0.5 1 1 1 1
 0.5 1 1 1 1
 0.5 1 1 1 1
Scru_pelaces
 0.5 1 1 1 1
 0.5 1 1 1 1
 0.5 1 1 1 1
 0.5 1 1 1 1
 0.5 1 1 1 1
 0.5 1 1 1 1
 0.5 1 1 1 1
 0.5 1 1 1 1
 0.5 1 1 1 1
 0.5 1 1 1 1
 0.5 1 1 1 1
 0.5 1 1 1 1
 0.5 1 1 1 1
 0.5 1 1 1 1
 0.5 1 1 1 1
 0.5 1 1 1 1
 0.5 1 1 1 1
 0.5 1 1 1 1
 0.5 1 1 1 1
 0.5 1 1 1 1
 0.5 1 1 1 1
 0.5 1 1 1 1
 0.5 1 1 1 1
 0.5 1 1 1 1
 0.5 1 1 1 1
 0.5 1 1 1 1
 0.5 1 1 1 1
pf_obs 
 0.256992 0.487395 0.22802 0.0275931 0
 0.321318 0.546541 0.124235 0.00734118 0.000564706
 0.182869 0.594174 0.210203 0.0122559 0.00049798
 0.330522 0.361315 0.267642 0.0388342 0.00168674
 0.649043 0.306663 0.0425973 0.00169635 0
 0.582887 0.30429 0.105238 0.00758474 0
 0.465427 0.430635 0.0974691 0.00646863 0
 0.296916 0.608066 0.0921331 0.00288517 0
 0.311714 0.524322 0.152257 0.0117073 0
 0.15457 0.633149 0.183074 0.0267441 0.00246327
 0.131901 0.49318 0.331252 0.0422183 0.00144891
 0.196976 0.569456 0.194076 0.0375587 0.00193317
 0.518974 0.381816 0.0799577 0.0180837 0.00116848
 0.0928022 0.601141 0.25162 0.0475244 0.00691264
 0.122501 0.610282 0.24278 0.0234846 0.000952079
 0.383417 0.481906 0.127806 0.00687128 0
 0.0376549 0.599619 0.316969 0.0457579 0
 0.0361596 0.667082 0.258105 0.0386534 0
 0.158088 0.579412 0.248529 0.0139706 0
 0.0477256 0.309471 0.559284 0.082774 0.000745712
 0.0406174 0.521527 0.379366 0.0568643 0.0016247
 0.151134 0.462217 0.34131 0.0453401 0
 0.294876 0.26143 0.354403 0.0886775 0.000613685
 0.281977 0.475581 0.204845 0.0348837 0.00271318
 0.0841818 0.532909 0.334909 0.0458182 0.00218182
 0.115287 0.27431 0.454777 0.147771 0.00785563
 0 0 0 0 0
pf_pred 
 0.446944 0.389138 0.146461 0.0174517 5.0975e-06
 0.455031 0.347422 0.138997 0.0523147 0.00623543
 0.300844 0.451943 0.157601 0.0630531 0.02656
 0.442474 0.286258 0.175351 0.0611481 0.0347693
 0.550949 0.280795 0.08639 0.0529193 0.028947
 0.351913 0.461926 0.116408 0.0358143 0.033939
 0.633958 0.205562 0.114383 0.0288251 0.0172724
 0.580406 0.332981 0.04864 0.0270652 0.0109076
 0.726405 0.210082 0.0504029 0.00736257 0.0057479
 0.56327 0.374151 0.0480517 0.0115286 0.00299874
 0.236827 0.559209 0.174738 0.0224414 0.00678463
 0.241661 0.310965 0.32781 0.102432 0.0171323
 0.369156 0.260919 0.151692 0.159909 0.0583247
 0.343437 0.378841 0.114866 0.0667805 0.0960747
 0.438088 0.32499 0.136705 0.0414496 0.0587665
 0.403495 0.394983 0.116553 0.0490275 0.0359412
 0.378572 0.373744 0.164007 0.0483959 0.0352811
 0.490889 0.294467 0.129093 0.0566487 0.0289024
 0.581849 0.284623 0.0772318 0.033858 0.0224381
 0.644876 0.267083 0.0599265 0.0162609 0.011853
 0.586632 0.328555 0.0637867 0.0143121 0.00671435
 0.410087 0.438908 0.120022 0.0233014 0.007681
 0.493433 0.298394 0.154885 0.0423542 0.0109333
 0.494541 0.338593 0.0982928 0.05102 0.0175532
 0.200494 0.536519 0.176168 0.0511412 0.0356783
 0.266218 0.252392 0.323043 0.106072 0.0522748
 0.466515 0.2314 0.103905 0.132991 0.0651886
pobs_RECLAS
 0 0 0 0 0
 0 0 0 0 0
 0 0 0 0 0
 0 0 0 0 0
 0.835266 0.146461 0.0176864 0.000547809 3.91292e-05
 0.385257 0.428462 0.181853 0.0044286 0
 0.867414 0.0963971 0.0333333 0.00285562 0
 0.441836 0.489002 0.0689373 0.000224442 0
 0.779404 0.147425 0.0564933 0.0165055 0.000172143
 0.814271 0.122319 0.05973 0.00367925 0
 0.40263 0.566651 0.0304383 0.000280538 0
 0.475488 0.404961 0.113038 0.00651328 0
 0.955842 0.0263864 0.0167828 0.000988607 0
 0.975058 0.0227948 0.00214734 0 0
 0.738997 0.206755 0.0527124 0.00153531 0
 0.850938 0.134255 0.0134407 0.00136685 0
 0.542534 0.407297 0.0501686 0 0
 0.764087 0.199537 0.0359546 0.000420521 0
 0.470689 0.182191 0.310203 0.0369168 0
 0.84361 0.089868 0.0606195 0.00523954 0.000663233
 0.607945 0.314616 0.071237 0.00620181 0
 0.523733 0.453247 0.0230204 0 0
 0.530135 0.295979 0.169645 0.0042399 0
 0.562478 0.366248 0.0663022 0.0049721 0
 0.250443 0.683176 0.0655157 0.000865301 0
 0.195077 0.31981 0.436473 0.0351445 0.0134964
 0.565238 0.351407 0.0832357 0.000118908 0
ppred_RECLAS
 0.449687 0.387208 0.145735 0.0173651 5.07222e-06
 0.458022 0.345515 0.138234 0.0520276 0.00620121
 0.307949 0.447349 0.155999 0.0624122 0.0262901
 0.443965 0.285492 0.174882 0.0609845 0.0346763
 0.551245 0.28061 0.086333 0.0528844 0.0289279
 0.357748 0.457766 0.11536 0.0354919 0.0336334
 0.637273 0.2037 0.113347 0.0285641 0.017116
 0.587266 0.327537 0.0478447 0.0266227 0.0107293
 0.729728 0.20753 0.0497908 0.00727315 0.00567809
 0.565131 0.372557 0.047847 0.0114795 0.00298596
 0.239704 0.557101 0.174079 0.0223567 0.00675905
 0.244204 0.309922 0.32671 0.102088 0.0170749
 0.374566 0.258681 0.150391 0.158538 0.0578245
 0.354566 0.37242 0.112919 0.0656486 0.0944463
 0.447725 0.319417 0.134361 0.0407388 0.0577587
 0.407147 0.392565 0.11584 0.0487274 0.0357212
 0.38253 0.371364 0.162962 0.0480877 0.0350565
 0.494296 0.292497 0.128229 0.0562697 0.028709
 0.584614 0.282741 0.0767211 0.0336341 0.0222897
 0.646723 0.265694 0.0596148 0.0161763 0.0117913
 0.587277 0.328042 0.0636872 0.0142897 0.00670388
 0.41093 0.438281 0.11985 0.0232682 0.00767003
 0.49463 0.297689 0.154519 0.0422541 0.0109075
 0.495769 0.33777 0.098054 0.0508961 0.0175106
 0.20134 0.535951 0.175982 0.0510871 0.0356405
 0.26751 0.251948 0.322474 0.105885 0.0521827
 0.469622 0.230052 0.1033 0.132216 0.064809
pobs_PELACES
 0 0 0 0 0
 0 0 0 0 0
 0 0 0 0 0
 0 0 0 0 0
 0 0 0 0 0
 0 0 0 0 0
 0 0 0 0 0
 0 0 0 0 0
 0 0 0 0 0
 0 0 0 0 0
 0.450072 0.473896 0.0757376 0.000293798 0
 0 0 0 0 0
 0.463077 0.371075 0.160297 0.00555027 0
 0.529543 0.364841 0.0842815 0.0213345 0
 0.631943 0.363953 0.00410389 0 0
 0.735681 0.248677 0.0153453 0.000297389 0
 0.695825 0.281241 0.0229344 0 0
 0.275771 0.60734 0.115278 0.00161068 0
 0 0 0 0 0
 0.896147 0.0623911 0.0374545 0.00400742 0
 0.803859 0.145111 0.0509908 3.86294e-05 0
 0.739449 0.233085 0.0266225 0.000797448 4.60066e-05
 0.878498 0.100942 0.0204185 0.000141795 0
 0.694673 0.275183 0.0284847 0.00165964 0
 0.469039 0.446079 0.0841089 0.000773354 0
 0.822795 0.102175 0.0682046 0.00682512 0
 0 0 0 0 0
ppred_PELACES
 0.461694 0.37876 0.142555 0.0169863 4.96155e-06
 0.470902 0.337304 0.134949 0.0507911 0.00605383
 0.332414 0.431535 0.150484 0.0602059 0.0253607
 0.451157 0.281799 0.17262 0.0601957 0.0342278
 0.552868 0.279595 0.0860209 0.0526932 0.0288233
 0.37918 0.442491 0.11151 0.0343075 0.0325111
 0.65088 0.196059 0.109095 0.0274926 0.0164739
 0.611104 0.30862 0.0450814 0.0250851 0.0101096
 0.742778 0.19751 0.0473866 0.00692197 0.00540392
 0.573775 0.365151 0.0468959 0.0112513 0.00292661
 0.25162 0.54837 0.171351 0.0220064 0.00665312
 0.255023 0.305486 0.322034 0.100627 0.0168305
 0.394877 0.25028 0.145507 0.153389 0.0559466
 0.388756 0.352692 0.106938 0.062171 0.0894432
 0.47884 0.301421 0.126791 0.0384435 0.0545046
 0.422211 0.38259 0.112896 0.0474893 0.0348135
 0.39853 0.361741 0.15874 0.0468416 0.0341481
 0.508571 0.28424 0.124609 0.0546812 0.0278986
 0.596562 0.274608 0.0745143 0.0326667 0.0216486
 0.655187 0.259329 0.0581866 0.0157888 0.0115088
 0.590651 0.325361 0.0631666 0.0141729 0.00664908
 0.415254 0.435064 0.118971 0.0230974 0.00761373
 0.50056 0.294196 0.152706 0.0417583 0.0107795
 0.501836 0.333706 0.0968741 0.0502837 0.0172999
 0.205522 0.533145 0.17506 0.0508196 0.0354539
 0.273709 0.249816 0.319745 0.104989 0.0517411
 0.482901 0.224293 0.100714 0.128906 0.0631864
pobs_pel_tallas
 0 0 0 0 0 0 0 0 0 0 0 0 0 0 0 0 0 0 0 0 0 0 0 0 0 0 0 0 0 0 0 0 0 0 0 0
 0 0 0 0 0 0 0 0 0 0 0 0 0 0 0 0 0 0 0 0 0 0 0 0 0 0 0 0 0 0 0 0 0 0 0 0
 0 0 0 0 0 0 0 0 0 0 0 0 0 0 0 0 0 0 0 0 0 0 0 0 0 0 0 0 0 0 0 0 0 0 0 0
 0 0 0 0 0 0 0 0 0 0 0 0 0 0 0 0 0 0 0 0 0 0 0 0 0 0 0 0 0 0 0 0 0 0 0 0
 0 0 0 0 0 0 0 0 0 0 0 0 0 0 0 0 0 0 0 0 0 0 0 0 0 0 0 0 0 0 0 0 0 0 0 0
 0 0 0 0 0 0 0 0 0 0 0 0 0 0 0 0 0 0 0 0 0 0 0 0 0 0 0 0 0 0 0 0 0 0 0 0
 0 0 0 0 0 0 0 0 0 0 0 0 0 0 0 0 0 0 0 0 0 0 0 0 0 0 0 0 0 0 0 0 0 0 0 0
 0 0 0 0 0 0 0 0 0 0 0 0 0 0 0 0 0 0 0 0 0 0 0 0 0 0 0 0 0 0 0 0 0 0 0 0
 0 0 0 0 0 0 0 0 0 0 0 0 0 0 0 0 0 0 0 0 0 0 0 0 0 0 0 0 0 0 0 0 0 0 0 0
 0 0 0 0 0 0 0 0 0 0 0 0 0 0 0 0 0 0 0 0 0 0 0 0 0 0 0 0 0 0 0 0 0 0 0 0
 0 0 0 0 0 0 0 0 1.78061e-05 0.00172719 0.00360574 0.0105946 0.0120993 0.0124554 0.0147524 0.0171206 0.0266825 0.0428682 0.0675386 0.121331 0.153587 0.119568 0.100827 0.0573624 0.0630603 0.0341343 0.0324427 0.0444173 0.0211091 0.0280891 0.0125444 0.00206551 0 0 0 0
 0 0 0 0 0 0 0 0 0 0 0 0 0 0 0 0 0 0 0 0 0 0 0 0 0 0 0 0 0 0 0 0 0 0 0 0
 0 0 0 0 0 0 0.0133647 0.0140871 0.0187388 0.0205184 0.03894 0.0496705 0.03968 0.0493445 0.0407372 0.0367815 0.0215668 0.0243155 0.0234873 0.0199281 0.019796 0.0243948 0.0301388 0.0376714 0.0412746 0.0863199 0.0771752 0.113111 0.0741005 0.0525337 0.0229764 0.00759418 0.00175318 0 0 0
 0 0 0 0 0 0 0 0 0 0 0.00219441 0.00772107 0.0458388 0.0604681 0.0671733 0.0775358 0.0609151 0.0617685 0.073594 0.0568108 0.0755445 0.0548602 0.0670107 0.0636378 0.0643287 0.046367 0.0373049 0.0286899 0.0247887 0.0153202 0.00654259 0.00121912 0.000365735 0 0 0
 0 0 0 0 0 0 0 0 0 0 0 0 0.000112435 0.00938835 0.0111873 0.0202946 0.0414886 0.0713402 0.111592 0.104902 0.108894 0.110636 0.117776 0.105296 0.107544 0.0401394 0.0192827 0.0124803 0.00416011 0.0028671 0.000618394 0 0 0 0 0
 0 0 0 0 0 0 0 0 0 0 0.00291406 0.0102884 0.027416 0.0768956 0.0749926 0.110853 0.0956884 0.0897413 0.0766577 0.0534642 0.0500743 0.0551293 0.0594112 0.0620874 0.0668451 0.0424026 0.0208742 0.0120726 0.0048766 0.00582813 0.00118941 0.000297354 0 0 0 0
 0 0.00264628 0.0354308 0.0461629 0.0458689 0.0383711 0.0214643 0.0164657 0.0346957 0.0420465 0.0363128 0.0245516 0.0311673 0.0291091 0.0169068 0.0133784 0.00837989 0.0085269 0.0148486 0.0160247 0.0276389 0.0546898 0.0760071 0.122758 0.109233 0.0665981 0.0333725 0.0166128 0.00676272 0.00308733 0.000882094 0 0 0 0 0
 0 0 0 0 0 0 0 0.000805153 0.000690131 0.00759144 0.0133425 0.0154129 0.00931677 0.000345066 0.00356568 0.00563607 0.00851162 0.0253048 0.0502646 0.0516448 0.0657925 0.0565908 0.0611916 0.0827007 0.0866115 0.110766 0.145733 0.0935128 0.0569358 0.0249597 0.0138026 0.00621118 0.00161031 0.00115022 0 0
 0 0 0 0 0 0 0 0 0 0 0 0 0 0 0 0 0 0 0 0 0 0 0 0 0 0 0 0 0 0 0 0 0 0 0 0
 0.00147267 0.00158595 0.00478618 0.00569244 0.00954404 0.0108468 0.00647125 0.017049 0.0510054 0.094081 0.124002 0.0959785 0.0687766 0.0820023 0.061753 0.0591476 0.0492212 0.0479892 0.0443925 0.0268479 0.0217502 0.0140895 0.0121071 0.0120363 0.00920419 0.00665534 0.0049561 0.00860946 0.00930331 0.0156896 0.0114698 0.00855282 0.00243557 0.00046729 0 2.83206e-05
 0 0 0 0 0.000772559 0.00158375 0.000888443 0.00281984 0.00712685 0.0440552 0.0773331 0.111326 0.0921469 0.0852325 0.0710754 0.0886704 0.0786465 0.0553345 0.0373146 0.0185414 0.00753245 0.00457741 0.012979 0.0271748 0.0457355 0.0583668 0.034881 0.0177882 0.00938659 0.00492506 0.0015258 0.00185414 0.000309023 5.79419e-05 3.86279e-05 0
 0 0.00173294 0.00326652 0 0.00397197 0.00683976 0.00946217 0.0152591 0.00757587 0.0136028 0.0228656 0.0392903 0.0559909 0.0764795 0.0681675 0.0726916 0.0566044 0.0477403 0.0527397 0.0444891 0.0609904 0.0582453 0.0661739 0.0445044 0.0529084 0.0360697 0.0280645 0.0235558 0.0158879 0.00826598 0.00280645 0.00217768 0.000904811 0.00058276 9.20147e-05 0
 0 0 0 0 0 0 0 0 0 0 0 0 0 0 0 0 0 0 0 0 0 0 0 0 0 0 0 0 0 0 0 0 0 0 0 0
 0 0 0 0 0 0 0 0 0 0 0 0 0 0 0 0 0 0 0 0 0 0 0 0 0 0 0 0 0 0 0 0 0 0 0 0
 0 0 0 0 0 0 0 0 0 0 0 0 0 0 0 0 0 0 0 0 0 0 0 0 0 0 0 0 0 0 0 0 0 0 0 0
 0 0 0 0 0 0 0 0 0 0 0 0 0 0 0 0 0 0 0 0 0 0 0 0 0 0 0 0 0 0 0 0 0 0 0 0
 0 0 0 0 0 0 0 0 0 0 0 0 0 0 0 0 0 0 0 0 0 0 0 0 0 0 0 0 0 0 0 0 0 0 0 0
ppred_pel_tallas
 1.02731e-16 2.01604e-05 0.000118285 0.000562188 0.00216431 0.00674908 0.017048 0.0348846 0.0578336 0.0776947 0.084615 0.0747978 0.0538948 0.0321645 0.016941 0.00973488 0.0084785 0.0106804 0.0147739 0.0199623 0.0257175 0.031493 0.0366782 0.0406813 0.0430507 0.0435719 0.0423066 0.0395577 0.0357784 0.0314582 0.0270242 0.0227833 0.0189113 0.0154777 0.0124851 0.00990696
 1.04054e-16 2.05601e-05 0.000120636 0.000573373 0.00220739 0.00688344 0.0173873 0.0355786 0.0589827 0.0792341 0.0862803 0.076243 0.0548778 0.0326343 0.0169756 0.00942218 0.00784659 0.00969669 0.0133791 0.0181081 0.0233976 0.0287651 0.0336737 0.0376001 0.0401388 0.0410872 0.040479 0.0385539 0.0356793 0.0322524 0.0286173 0.0250188 0.0215971 0.0184118 0.0154783 0.012798
 1.05531e-16 1.45252e-05 8.51968e-05 0.000404874 0.0015586 0.00486016 0.0122768 0.0251228 0.041655 0.0559753 0.061001 0.0540186 0.0391298 0.0237686 0.0132806 0.00883128 0.00901105 0.0120876 0.0169523 0.0229852 0.0296818 0.0364523 0.0426172 0.0475134 0.0506322 0.0517274 0.0508578 0.0483451 0.0446712 0.0403504 0.0358215 0.0313881 0.0272132 0.0233527 0.0198045 0.0165519
 1.0621e-16 1.96969e-05 0.000115573 0.000549316 0.00211479 0.00659466 0.0166578 0.0340856 0.0565066 0.0759047 0.0826469 0.0730134 0.0525121 0.031146 0.0160537 0.00868096 0.00698133 0.00851063 0.0117583 0.0160079 0.0208509 0.0258977 0.03071 0.0348477 0.0379513 0.0398101 0.0403913 0.0398197 0.0383201 0.0361474 0.0335277 0.0306291 0.0275627 0.0244027 0.0212121 0.0180599
 1.0447e-16 2.41317e-05 0.00014161 0.000673098 0.00259138 0.00808091 0.0204119 0.0417667 0.0692378 0.0929991 0.10124 0.0893922 0.0641895 0.0378647 0.0191318 0.00971904 0.00707019 0.00814435 0.0110581 0.0149262 0.0192748 0.0236902 0.0277307 0.0309709 0.0330862 0.0339208 0.033514 0.0320714 0.0298978 0.0273142 0.0245887 0.0218999 0.0193359 0.0169188 0.0146389 0.012484
 1.04425e-16 1.65648e-05 9.71701e-05 0.000461794 0.00177775 0.00554359 0.0140031 0.028655 0.0475098 0.0638375 0.0695552 0.0615604 0.0445203 0.0268977 0.0147661 0.00942535 0.00923546 0.0121915 0.017011 0.0229889 0.0295763 0.0361531 0.042017 0.0464924 0.049075 0.0495429 0.0479993 0.0448249 0.0405667 0.035799 0.0310051 0.0265112 0.0224779 0.0189359 0.0158415 0.0131277
 1.03327e-16 2.84022e-05 0.000166689 0.000792344 0.00305054 0.00951279 0.0240286 0.0491661 0.0815 0.109457 0.119124 0.105108 0.0753085 0.0440903 0.021661 0.00999556 0.00602594 0.00613063 0.00808842 0.0109091 0.0141519 0.0175042 0.0206498 0.0232806 0.0251502 0.0261218 0.0261883 0.0254577 0.0241107 0.0223491 0.020352 0.0182518 0.016133 0.014045 0.0120205 0.0100894
 1.02075e-16 2.66722e-05 0.000156522 0.000743989 0.00286432 0.00893204 0.0225618 0.0461658 0.07653 0.102793 0.111899 0.0987986 0.0709313 0.0418158 0.021078 0.01062 0.00760447 0.0086545 0.0116689 0.015647 0.0200427 0.0243796 0.0281577 0.0309082 0.0322904 0.0321701 0.0306478 0.0280226 0.0247109 0.021144 0.0176814 0.0145606 0.0118901 0.00967539 0.00786021 0.00636646
 1.01228e-16 3.24093e-05 0.000190214 0.000904187 0.00348116 0.0108557 0.0274206 0.0561064 0.0930033 0.124903 0.135926 0.119911 0.0858674 0.0501763 0.0244697 0.0109801 0.00618108 0.00591372 0.00762059 0.0101577 0.0130217 0.0158713 0.0183787 0.0202386 0.021226 0.0212455 0.0203502 0.0187208 0.0166151 0.0143044 0.0120195 0.00991845 0.00808153 0.00652573 0.00522897 0.00415332
 1.01309e-16 2.50468e-05 0.000146974 0.000698586 0.00268949 0.00838682 0.0211847 0.0433486 0.071862 0.0965297 0.105099 0.0928363 0.0667424 0.0395304 0.020266 0.0107672 0.00840068 0.0100154 0.0136355 0.0182854 0.0233777 0.0283574 0.0326303 0.0356396 0.0369845 0.0365138 0.0343605 0.0308987 0.0266453 0.0221365 0.0178221 0.0140024 0.0108172 0.008275 0.00630135 0.00478752
 1.03678e-16 1.10071e-05 6.45311e-05 0.000306602 0.00118018 0.00368007 0.00929612 0.0190251 0.0315513 0.0424184 0.0462805 0.0411102 0.0300555 0.0188075 0.0114977 0.00910825 0.0106702 0.0149406 0.0210843 0.0285398 0.0367203 0.0448735 0.0521233 0.0576203 0.0607247 0.0611471 0.0590044 0.0547649 0.0491127 0.0427781 0.03639 0.0303906 0.0250199 0.0203535 0.0163649 0.0129842
 1.08915e-16 1.11459e-05 6.53678e-05 0.000310628 0.00119577 0.00372872 0.00941871 0.0192742 0.0319577 0.0429444 0.0468009 0.041446 0.0300276 0.0182524 0.0102281 0.00686235 0.00709736 0.00964214 0.0137013 0.0188709 0.0248461 0.0312538 0.0376294 0.0434764 0.0483517 0.0519397 0.0540891 0.0548031 0.0541963 0.0524381 0.049708 0.0461756 0.0420035 0.0373621 0.0324414 0.0274499
 1.10032e-16 1.72413e-05 0.00010116 0.000480802 0.001851 0.00577208 0.01458 0.029834 0.0494586 0.0664383 0.0723422 0.063916 0.0459828 0.0273012 0.0141252 0.00772813 0.00633021 0.00780684 0.0108539 0.0148652 0.0195052 0.024455 0.0293488 0.0338124 0.0375297 0.0402987 0.042053 0.0428427 0.0427866 0.0420169 0.0406384 0.038715 0.0362838 0.0333823 0.0300757 0.026471
 1.07949e-16 1.69785e-05 9.96079e-05 0.000473403 0.00182248 0.0056831 0.0143554 0.0293751 0.0487009 0.0654292 0.0712665 0.0630205 0.0454579 0.0272282 0.0145231 0.00863512 0.00784578 0.010079 0.0140318 0.0190394 0.0246505 0.0303861 0.0357047 0.0400794 0.0431052 0.0445845 0.0445573 0.0432647 0.0410636 0.0383245 0.035347 0.0323188 0.0293188 0.0263532 0.0234018 0.0204563
 1.05766e-16 2.09047e-05 0.000122662 0.000583015 0.00224453 0.00699927 0.0176798 0.0361768 0.0599732 0.080561 0.0877155 0.0774881 0.0557236 0.0330364 0.0169999 0.00914303 0.00728566 0.00882247 0.012136 0.0164492 0.0213116 0.0262963 0.0309314 0.0347554 0.0374073 0.0387007 0.0386522 0.0374539 0.0354042 0.0328232 0.0299822 0.0270665 0.0241757 0.0213483 0.0185964 0.0159333
 1.04986e-16 1.84387e-05 0.000108177 0.000514135 0.0019793 0.00617212 0.0155906 0.0319028 0.0528913 0.0710584 0.0773967 0.0684383 0.049359 0.0295508 0.0157351 0.00931084 0.00840495 0.0107532 0.0149282 0.0201928 0.0260398 0.031931 0.0372625 0.0414505 0.0440528 0.044864 0.0439519 0.0416181 0.0383044 0.0344766 0.0305267 0.0267191 0.0231862 0.0199602 0.0170198 0.0143313
 1.05577e-16 1.74053e-05 0.000102112 0.000485305 0.0018683 0.00582599 0.0147163 0.0301137 0.0499254 0.0670745 0.0730591 0.0646069 0.0466048 0.0279207 0.0149028 0.00887761 0.00808507 0.0103983 0.0144822 0.0196541 0.025447 0.0313611 0.0368274 0.0412866 0.0443006 0.0456433 0.0453364 0.0436172 0.0408566 0.0374566 0.0337646 0.0300263 0.0263827 0.0228967 0.0195919 0.0164844
 1.05044e-16 2.22004e-05 0.000130271 0.000619191 0.00238383 0.00743365 0.018777 0.0384216 0.0636935 0.085555 0.093144 0.0822625 0.0591106 0.0349513 0.0178137 0.00930433 0.00709047 0.00839173 0.0114866 0.0155611 0.0201655 0.0248908 0.0292898 0.0329245 0.0354505 0.036687 0.036644 0.0354976 0.0335256 0.0310289 0.0282654 0.0254157 0.0225822 0.0198113 0.0171249 0.0145439
 1.03282e-16 2.60368e-05 0.000152795 0.000726274 0.00279613 0.00871939 0.0220247 0.0450665 0.074707 0.100342 0.109226 0.0964264 0.0692019 0.0407434 0.0204412 0.0101443 0.00707806 0.00794625 0.0107079 0.0144091 0.0185531 0.0227209 0.0264721 0.0293874 0.0311513 0.0316209 0.0308514 0.0290672 0.0265941 0.0237744 0.0208961 0.0181525 0.0156394 0.013377 0.0113448 0.0095115
 1.01991e-16 2.85925e-05 0.0001678 0.000797615 0.00307081 0.009576 0.0241883 0.0494934 0.0820441 0.110193 0.119938 0.105856 0.0759114 0.0445768 0.0221468 0.0106299 0.0069548 0.00748163 0.00995932 0.0133476 0.0171287 0.0208903 0.0242097 0.0266892 0.0280354 0.0281238 0.0270239 0.0249708 0.022299 0.0193589 0.0164462 0.013761 0.0114014 0.00938472 0.00767924 0.00623563
 1.01801e-16 2.57811e-05 0.000151289 0.000719105 0.0027685 0.00863324 0.0218071 0.0446217 0.0739712 0.0993586 0.108167 0.0955197 0.0686125 0.0405196 0.0205559 0.0105727 0.00784087 0.00910604 0.0123394 0.0165639 0.0212276 0.0258329 0.029851 0.0327833 0.0342647 0.0341468 0.0325283 0.0297196 0.0261573 0.0222984 0.0185283 0.0151081 0.0121652 0.00971861 0.00772022 0.0060951
 1.0298e-16 1.81376e-05 0.000106404 0.000505695 0.00194678 0.00607071 0.0153345 0.0313792 0.0520249 0.0698996 0.0761479 0.067366 0.0486549 0.0292679 0.0158361 0.00975905 0.00921639 0.0119935 0.0166799 0.0225173 0.0289422 0.0353343 0.0409954 0.0452547 0.0476109 0.0478438 0.0460568 0.0426323 0.0381224 0.0331117 0.0280998 0.0234326 0.0192909 0.0157223 0.0126922 0.0101331
 1.04203e-16 2.18516e-05 0.000128222 0.000609448 0.0023463 0.00731663 0.0184814 0.037817 0.0626917 0.0842108 0.0916844 0.0809827 0.0582113 0.0344604 0.0176392 0.00933677 0.00726529 0.00869469 0.011933 0.0161746 0.0209641 0.0258774 0.0304464 0.0342093 0.0367998 0.0380199 0.037871 0.0365301 0.034286 0.0314591 0.028333 0.0251175 0.021944 0.0188853 0.0159827 0.0132689
 1.04021e-16 2.19087e-05 0.000128554 0.000611018 0.00235234 0.00733545 0.018529 0.0379146 0.0628545 0.0844324 0.0919335 0.081221 0.0584224 0.0346648 0.0178885 0.00969866 0.00781064 0.00948936 0.0130274 0.0175889 0.0226709 0.0277889 0.0324124 0.0360311 0.0382586 0.0389159 0.038063 0.035965 0.0330098 0.0296075 0.026104 0.0227342 0.0196174 0.0167848 0.0142195 0.0118923
 1.06062e-16 8.99626e-06 5.27276e-05 0.00025049 0.000964145 0.00300637 0.00759439 0.0155431 0.0257795 0.034667 0.0378454 0.0336697 0.0247291 0.015699 0.00999011 0.00844862 0.0103288 0.0146527 0.0207541 0.0281558 0.0363188 0.04453 0.05195 0.0577598 0.0613358 0.0623846 0.0609953 0.0575867 0.0527781 0.0472284 0.0414993 0.0359787 0.030872 0.0262426 0.0220741 0.0183257
 1.10646e-16 1.19583e-05 7.01429e-05 0.000333341 0.00128324 0.00400151 0.0101077 0.0206834 0.034292 0.046074 0.0501929 0.0444051 0.0320744 0.0193029 0.0104696 0.00651336 0.00626487 0.00831497 0.0118094 0.0163488 0.02168 0.0275133 0.0334814 0.039178 0.0442219 0.0483141 0.051269 0.0530102 0.0535435 0.0529224 0.0512228 0.048537 0.0449833 0.0407187 0.0359461 0.0309047
 1.08885e-16 2.10784e-05 0.00012369 0.000587917 0.00226344 0.00705823 0.0178287 0.0364808 0.0604749 0.081228 0.0884235 0.0780706 0.0560487 0.0330413 0.016658 0.00840919 0.0060674 0.00698959 0.00955498 0.0130279 0.0170446 0.0213019 0.0254701 0.0292188 0.0322775 0.0344837 0.035802 0.0363028 0.0361168 0.0353799 0.0341944 0.0326143 0.0306584 0.0283372 0.0256813 0.0227584
pSPR Fmed_Fpbrs
0.37029   0.255252 0.255252
Fs Fmed_Fpbrs
0.64   1.005 1.005
SSBpbr Bo_Bmed_Bpbrs
1.81073e+06  579957  371656 371656
Ro
39282.9
SPR SPRFo_SPRFmed_SPRFpbrs
811358 300438 207101
log_Ro
10.3985
likeval ReclasPelacesDesembMPH_pf_preclas_ppelaces_ptallas_desvR_qrecl_qpela
 206.199 214.663 0.0150261 252.415 374.01 236.505 63.141 0 19.9793 0 0 0 0 0 0
q_reclas_q_pelaces
1 1
M
0.7
N
 42522.4 19700.5 7414.73 883.509 0.258066
 44696.5 18234.8 7295.39 2745.79 327.272
 22028.8 18972.1 6615.91 2646.9 1114.96
 23155.6 7780.55 4766.08 1662.02 945.039
 40956.6 10528.5 3239.23 1984.24 1085.38
 27103.8 19938.1 5024.52 1545.86 1464.91
 58222.4 10180.9 5665.08 1427.63 855.459
 74514 24152.4 3528.05 1963.15 791.171
 173963 27389 6571.18 959.88 749.371
 202664 70468.1 9050.11 2171.31 564.786
 70603.2 90441.9 28260.7 3629.48 1097.29
 41658.5 28852.5 30415.5 9504.02 1589.6
 44156.8 17365 10095.6 10642.5 3881.7
 25784.2 16906.4 5126.08 2980.18 4287.48
 19049.3 8214.21 3455.26 1047.65 1485.34
 12222.5 6473.4 1910.2 803.515 589.042
 9356.75 5028.84 2206.76 651.181 474.718
 11747.9 3790.02 1661.53 729.113 371.997
 18827.4 4906.78 1331.44 583.699 386.823
 37034.4 8049.15 1806.02 490.059 357.215
 57590.4 16427.7 3189.33 715.601 335.717
 50039.4 27416 7497.05 1455.5 479.786
 75469.7 23541.5 12219.5 3341.49 862.572
 98688.6 34877.7 10124.9 5255.46 1808.12
 32898.2 45532.5 14950.8 4340.18 3027.89
 30591.1 15107.8 19336.8 6349.3 3129.08
 52021.2 13812.1 6202.03 7938.11 3891.05
pred_Ctot
 4208.11 3663.85 1378.97 164.313 0.0479945
 4710.83 3596.78 1439.01 541.603 64.554
 4664.72 7007.59 2443.67 977.668 411.826
 1412.19 913.615 559.647 195.159 110.969
 580.426 295.818 91.0121 55.7507 30.4958
 4824.68 6332.93 1595.94 491.009 465.299
 6965.36 2258.53 1256.74 316.705 189.774
 14165.4 8126.71 1187.1 660.552 266.21
 23326.8 6746.29 1618.57 236.432 184.58
 14860.7 9871.2 1267.74 304.158 79.1155
 9092.09 21468.8 6708.42 861.552 260.47
 4859.79 6253.48 6592.23 2059.9 344.53
 7381.51 5217.23 3033.18 3197.48 1166.24
 6818.14 7520.99 2280.4 1325.77 1907.34
 4419.78 3278.76 1379.19 418.176 592.883
 1523.54 1491.4 440.089 185.121 135.709
 1254.9 1238.9 543.654 160.424 116.951
 1356.02 813.427 356.602 156.485 79.8392
 1899.41 929.133 252.118 110.527 73.2476
 2861.49 1185.12 265.91 72.1542 52.5949
 1716.8 961.531 186.675 41.8849 19.6498
 1899.23 2032.71 555.857 107.916 35.573
 3780.16 2285.98 1186.56 324.473 83.7593
 5053.7 3460.07 1004.45 521.372 179.376
 1787.91 4784.43 1570.98 456.054 318.162
 2008.14 1903.85 2436.78 800.126 394.32
 5625.81 2790.5 1253.02 1603.76 786.124
F
 0.146701 0.293401 0.293401 0.293401 0.293401
 0.156926 0.313853 0.313853 0.313853 0.313853
 0.340722 0.681444 0.681444 0.681444 0.681444
 0.0881454 0.176291 0.176291 0.176291 0.176291
 0.0198795 0.039759 0.039759 0.039759 0.039759
 0.279156 0.558312 0.558312 0.558312 0.558312
 0.179886 0.359772 0.359772 0.359772 0.359772
 0.300845 0.601691 0.601691 0.601691 0.601691
 0.203682 0.407364 0.407364 0.407364 0.407364
 0.106844 0.213688 0.213688 0.213688 0.213688
 0.194878 0.389757 0.389757 0.389757 0.389757
 0.175049 0.350099 0.350099 0.350099 0.350099
 0.260057 0.520114 0.520114 0.520114 0.520114
 0.443896 0.887792 0.887792 0.887792 0.887792
 0.379329 0.758657 0.758657 0.758657 0.758657
 0.188088 0.376176 0.376176 0.376176 0.376176
 0.203726 0.407452 0.407452 0.407452 0.407452
 0.173054 0.346107 0.346107 0.346107 0.346107
 0.149747 0.299495 0.299495 0.299495 0.299495
 0.112878 0.225756 0.225756 0.225756 0.225756
 0.0422299 0.0844599 0.0844599 0.0844599 0.0844599
 0.0540461 0.108092 0.108092 0.108092 0.108092
 0.0718822 0.143764 0.143764 0.143764 0.143764
 0.073543 0.147086 0.147086 0.147086 0.147086
 0.0782087 0.156417 0.156417 0.156417 0.156417
 0.0951667 0.190333 0.190333 0.190333 0.190333
 0.161323 0.322646 0.322646 0.322646 0.322646
Np
 30533.9 9173.67 3996.14 902.936 479.144
YTP_r0W_actual
 124701 143889 93924.6 153524 83510.9
YTP_p0W_proyectada
 73193.2 229025 75227.1 43138.4 83308.3
 73193.2 95568 60518.2 17462.9 10283.5
CTP_r0_actual
 15207.4 6661.53 2991.23 3828.54 1876.65
CTP_p0_proyectada
 8926 10603 2395.77 1075.77 1872.1
 8926 4424.45 1927.33 435.484 231.09
Wmedp
 8.2 21.6 31.4 40.1 44.5
nmprior
 10.8 10.6 4.6 0
nm_flota  nm_reclas  nm_pelaces    nm_pelaL
inf 14.1557 6.90724 14.9633
cv_recla  cv_pelaces  cv_mph
1.03632 0.802489 1.27384
 ------------------------------------------------
Talla a la edad & desviaci?n 
 7.2 14.2025 17.0495 18.207 18.6776
 1.08 2.13037 2.55742 2.73105 2.80164
