years
 1997 1998 1999 2000 2001 2002 2003 2004 2005 2006 2007 2008 2009 2010 2011 2012 2013 2014 2015 2016 2017 2018 2019 2020
reclasobs
 0 0 0 370054 412103 1.49427e+06 250295 1.28982e+06 931140 785840 897777 1.04006e+06 184774 17550 25797 100020 73551 82996 120727 218422 84188 347160 605670 569463
reclaspred
 563644 145419 369346 234834 349354 406542 825471 597560 751663 816575 720176 531302 323451 124642 79750.7 72755.2 60329.5 73637.7 102270 156975 228526 238882 428085 453014
pelacesobs
 0 0 0 0 0 0 0 0 0 2.06254e+06 1.5e+06 0 1.87456e+06 323000 250000 174000 83755 137374 0 501740 490994 745055 786931 1.00524e+06
pelacespred
 2.45289e+06 498614 781152 776892 1.04494e+06 847780 2.38644e+06 1.89255e+06 2.34822e+06 2.45791e+06 1.81262e+06 1.40893e+06 855720 267335 193449 167402 138619 189714 251772 380909 662488 622929 894109 1.11585e+06
mphobs
 0 0 0 0 0 0 112323 0 153150 637223 0 255016 313432 73983 77613 109348 50772 17779 17303 59886 28197 0 207744 136588
mphpred
 189437 103819 115111 106268 114211 178435 234092 288988 280137 335238 343855 248402 160444 136341 55798.6 50496.9 38422.1 38398.3 26138 37438.7 59159.1 73905.5 103341 138581
desembarqueobs
 350755 77701 442110 56441 14545 235359 269955 359681 431902 328805 639364 411747 362871 311530 167758 66681 60226 58785 57116 73181 50977 67692 138656 160484
desembarquepred
 350759 77698 442073 56444.8 14545.4 235509 270051 359584 431870 328824 639117 411588 362983 312064 167531 66699.6 60293.3 58739.3 57059.2 73172.8 50984.1 67661.5 138671 160501
Reclutas
 35823.8 44008.1 20949.9 28256.6 47204.8 30002.5 63449.8 72165.8 102965 108226 68883.4 52705.6 43494.8 24761.7 16347.4 9773.65 5867.36 9688.98 14805.5 16325.3 21216.8 37796.4 41735.9 44403.8
log_desv_Rt
 0.130999 0.336762 -0.405481 -0.106284 0.406884 -0.0463317 0.702637 0.831354 1.18678 1.23661 0.784802 0.51711 0.325028 -0.238314 -0.653543 -1.16792 -1.67821 -1.17662 -0.752611 -0.654895 -0.392817 0.184602 0.283748 0.345714
SSB
 436467 239201 265217 244843 263145 411118 522291 656428 627712 754682 792246 572322 383848 189214 82119 73829.4 60857.6 57310.6 81080.7 122899 181302 220140 317520 403870
BT
 1.51725e+06 368168 624063 431159 514366 581636 1.37089e+06 1.32082e+06 1.55551e+06 1.50204e+06 1.43829e+06 1.0491e+06 762088 416347 232449 134854 117570 141734 169022 240253 362403 358179 516348 666478
Ftot
 1.04731 0.958785 1.65203 0.369751 0.069162 0.72846 0.523521 1.02776 1.05974 0.67874 1.23498 1.06403 1.58552 3.29934 3.75649 1.41958 1.4958 1.46331 1.00282 0.758709 0.354718 0.433335 0.450604 0.504368
BD_Bspro_t
 0.906382 0.631794 0.551396 0.35994 0.502315 0.666436 0.584095 0.606926 0.559731 0.555619 0.532617 0.38377 0.29731 0.190857 0.104375 0.114689 0.131922 0.170121 0.27218 0.417469 0.537965 0.646326 0.691376 0.676387
BD_Bspro
 0.675012 0.369933 0.410168 0.378659 0.406963 0.635809 0.807742 1.01519 0.97078 1.16714 1.22524 0.885118 0.593636 0.292627 0.127 0.11418 0.0941184 0.0886329 0.125394 0.190067 0.28039 0.340454 0.491057 0.6246
BD_Bo
 0.623488 0.341696 0.37886 0.349756 0.375899 0.587278 0.746086 0.937701 0.89668 1.07805 1.13171 0.817556 0.548323 0.27029 0.117306 0.105464 0.0869343 0.0818675 0.115823 0.175559 0.258987 0.314467 0.453574 0.576924
BD_Brms
 1.68028 0.920858 1.02101 0.94258 1.01304 1.58269 2.01068 2.52707 2.41652 2.90532 3.04993 2.20328 1.47771 0.728423 0.316136 0.284223 0.234285 0.22063 0.312139 0.473126 0.697962 0.847478 1.22237 1.55479
S_f
 0.0929863 0.660771 0.973691 0.99858 0.999925
 0.0929863 0.660771 0.973691 0.99858 0.999925
 0.0929863 0.660771 0.973691 0.99858 0.999925
 0.0929863 0.660771 0.973691 0.99858 0.999925
 0.0929863 0.660771 0.973691 0.99858 0.999925
 0.0929863 0.660771 0.973691 0.99858 0.999925
 0.0929863 0.660771 0.973691 0.99858 0.999925
 0.0929863 0.660771 0.973691 0.99858 0.999925
 0.0929863 0.660771 0.973691 0.99858 0.999925
 0.0929863 0.660771 0.973691 0.99858 0.999925
 0.0929863 0.660771 0.973691 0.99858 0.999925
 0.0929863 0.660771 0.973691 0.99858 0.999925
 0.0929863 0.660771 0.973691 0.99858 0.999925
 0.0929863 0.660771 0.973691 0.99858 0.999925
 0.0929863 0.660771 0.973691 0.99858 0.999925
 0.0929863 0.660771 0.973691 0.99858 0.999925
 0.0929863 0.660771 0.973691 0.99858 0.999925
 0.0929863 0.660771 0.973691 0.99858 0.999925
 0.0929863 0.660771 0.973691 0.99858 0.999925
 0.0929863 0.660771 0.973691 0.99858 0.999925
 0.0929863 0.660771 0.973691 0.99858 0.999925
 0.0929863 0.660771 0.973691 0.99858 0.999925
 0.0929863 0.660771 0.973691 0.99858 0.999925
 0.0929863 0.660771 0.973691 0.99858 0.999925
Scru_reclas
 0.537692 0.854084 0.967167 0.9933 0.998661
 0.537692 0.854084 0.967167 0.9933 0.998661
 0.537692 0.854084 0.967167 0.9933 0.998661
 0.537692 0.854084 0.967167 0.9933 0.998661
 0.537692 0.854084 0.967167 0.9933 0.998661
 0.537692 0.854084 0.967167 0.9933 0.998661
 0.537692 0.854084 0.967167 0.9933 0.998661
 0.537692 0.854084 0.967167 0.9933 0.998661
 0.537692 0.854084 0.967167 0.9933 0.998661
 0.537692 0.854084 0.967167 0.9933 0.998661
 0.537692 0.854084 0.967167 0.9933 0.998661
 0.537692 0.854084 0.967167 0.9933 0.998661
 0.537692 0.854084 0.967167 0.9933 0.998661
 0.537692 0.854084 0.967167 0.9933 0.998661
 0.537692 0.854084 0.967167 0.9933 0.998661
 0.537692 0.854084 0.967167 0.9933 0.998661
 0.537692 0.854084 0.967167 0.9933 0.998661
 0.537692 0.854084 0.967167 0.9933 0.998661
 0.537692 0.854084 0.967167 0.9933 0.998661
 0.537692 0.854084 0.967167 0.9933 0.998661
 0.537692 0.854084 0.967167 0.9933 0.998661
 0.537692 0.854084 0.967167 0.9933 0.998661
 0.537692 0.854084 0.967167 0.9933 0.998661
 0.537692 0.854084 0.967167 0.9933 0.998661
Scru_pelaces
 0.864316 1 1 1 1
 0.864316 1 1 1 1
 0.864316 1 1 1 1
 0.864316 1 1 1 1
 0.864316 1 1 1 1
 0.864316 1 1 1 1
 0.864316 1 1 1 1
 0.864316 1 1 1 1
 0.864316 1 1 1 1
 0.864316 1 1 1 1
 0.864316 1 1 1 1
 0.864316 1 1 1 1
 0.864316 1 1 1 1
 0.864316 1 1 1 1
 0.864316 1 1 1 1
 0.864316 1 1 1 1
 0.864316 1 1 1 1
 0.864316 1 1 1 1
 0.864316 1 1 1 1
 0.864316 1 1 1 1
 0.864316 1 1 1 1
 0.864316 1 1 1 1
 0.864316 1 1 1 1
 0.864316 1 1 1 1
pf_obs 
 0.256992 0.487395 0.22802 0.0275931 0
 0.321318 0.546541 0.124235 0.00734118 0.000564706
 0.182869 0.594174 0.210203 0.0122559 0.00049798
 0.330522 0.361315 0.267642 0.0388342 0.00168674
 0.649043 0.306663 0.0425973 0.00169635 0
 0.582887 0.30429 0.105238 0.00758474 0
 0.465427 0.430635 0.0974691 0.00646863 0
 0.296916 0.608066 0.0921331 0.00288517 0
 0.311714 0.524322 0.152257 0.0117073 0
 0.15457 0.633149 0.183074 0.0267441 0.00246327
 0.131901 0.49318 0.331252 0.0422183 0.00144891
 0.196976 0.569456 0.194076 0.0375587 0.00193317
 0.518974 0.381816 0.0799577 0.0180837 0.00116848
 0.0928022 0.601141 0.25162 0.0475244 0.00691264
 0.122501 0.610282 0.24278 0.0234846 0.000952079
 0.383417 0.481906 0.127806 0.00687128 0
 0.0376549 0.599619 0.316969 0.0457579 0
 0.0361596 0.667082 0.258105 0.0386534 0
 0.158088 0.579412 0.248529 0.0139706 0
 0.0477256 0.309471 0.559284 0.082774 0.000745712
 0.0406174 0.521527 0.379366 0.0568643 0.0016247
 0.151134 0.462217 0.34131 0.0453401 0
 0.294876 0.26143 0.354403 0.0886775 0.000613685
 0.281977 0.475581 0.204845 0.0348837 0.00271318
pf_pred 
 0.291178 0.483067 0.201573 0.0241699 1.23719e-05
 0.274088 0.570367 0.123293 0.0289219 0.00333034
 0.140603 0.659277 0.173372 0.0213758 0.00537304
 0.233417 0.478431 0.250871 0.0325212 0.0047606
 0.247049 0.495572 0.185152 0.0631209 0.00910726
 0.125502 0.581902 0.216401 0.0552014 0.0209938
 0.274889 0.377633 0.267188 0.0599313 0.0203587
 0.243775 0.566698 0.120599 0.0533973 0.0155305
 0.295429 0.518796 0.156654 0.0188062 0.0103149
 0.231793 0.599418 0.140667 0.0238672 0.00425477
 0.15092 0.591276 0.220413 0.031341 0.00604968
 0.164469 0.527807 0.249455 0.0501367 0.00813246
 0.195146 0.529617 0.208082 0.0548642 0.0122906
 0.215033 0.597991 0.149214 0.0289057 0.00885573
 0.314268 0.60117 0.0770367 0.00611003 0.00141453
 0.233955 0.705477 0.0582739 0.00210774 0.000186476
 0.168603 0.619584 0.202846 0.00864246 0.000324236
 0.339604 0.453452 0.176429 0.0292827 0.00123187
 0.346363 0.552133 0.0823788 0.0164206 0.0027049
 0.24923 0.606547 0.13067 0.0110824 0.00247099
 0.23182 0.537763 0.201717 0.0260904 0.00261021
 0.276389 0.476669 0.193325 0.0471091 0.00650822
 0.207343 0.570365 0.167224 0.0433968 0.0116715
 0.183968 0.517818 0.239234 0.0447094 0.0142711
pobs_RECLAS
 0 0 0 0 0
 0 0 0 0 0
 0 0 0 0 0
 0 0 0 0 0
 0.835266 0.146461 0.0176864 0.000547809 3.91292e-05
 0.385257 0.428462 0.181853 0.0044286 0
 0.867414 0.0963971 0.0333333 0.00285562 0
 0.441836 0.489002 0.0689373 0.000224442 0
 0.779404 0.147425 0.0564933 0.0165055 0.000172143
 0.814271 0.122319 0.05973 0.00367925 0
 0.40263 0.566651 0.0304383 0.000280538 0
 0.475488 0.404961 0.113038 0.00651328 0
 0.955842 0.0263864 0.0167828 0.000988607 0
 0.975058 0.0227948 0.00214734 0 0
 0.738997 0.206755 0.0527124 0.00153531 0
 0.850938 0.134255 0.0134407 0.00136685 0
 0.542534 0.407297 0.0501686 0 0
 0.764087 0.199537 0.0359546 0.000420521 0
 0.470689 0.182191 0.310203 0.0369168 0
 0.84361 0.089868 0.0606195 0.00523954 0.000663233
 0.607945 0.314616 0.071237 0.00620181 0
 0.523733 0.453247 0.0230204 0 0
 0.530135 0.295979 0.169645 0.0042399 0
 0.562478 0.366248 0.0663022 0.0049721 0
ppred_RECLAS
 0.678951 0.238755 0.0734964 0.00879359 4.51851e-06
 0.652146 0.28936 0.0463779 0.0108607 0.00125545
 0.464742 0.440679 0.0819942 0.0100498 0.00253532
 0.60291 0.272253 0.108669 0.0140959 0.00207168
 0.615109 0.275162 0.0788958 0.026932 0.00390152
 0.419979 0.421125 0.117505 0.0299545 0.0114368
 0.662374 0.198988 0.106575 0.0239084 0.00815401
 0.619109 0.305471 0.0480116 0.0212142 0.00619388
 0.680238 0.252989 0.0563137 0.00674534 0.00371395
 0.595377 0.333912 0.0589287 0.00999404 0.00178865
 0.480808 0.393982 0.10709 0.0151785 0.00294098
 0.507279 0.344671 0.120055 0.0240749 0.0039201
 0.569551 0.314385 0.0878479 0.0230364 0.00517954
 0.642603 0.301125 0.0450855 0.00855693 0.00262902
 0.753729 0.228097 0.0165928 0.00128321 0.000297845
 0.602338 0.374515 0.0222741 0.000802147 7.12323e-05
 0.516168 0.388702 0.0911206 0.0038635 0.000145482
 0.733054 0.201113 0.0561625 0.00927847 0.000391779
 0.722034 0.244702 0.0270035 0.0053722 0.00088836
 0.61767 0.324518 0.0523791 0.0044389 0.000993607
 0.595836 0.304716 0.0870493 0.0112666 0.00113167
 0.654485 0.247936 0.076377 0.0186194 0.00258257
 0.561042 0.338721 0.0753824 0.01957 0.00528433
 0.530509 0.326859 0.114397 0.0213833 0.00685265
pobs_PELACES
 0 0 0 0 0
 0 0 0 0 0
 0 0 0 0 0
 0 0 0 0 0
 0 0 0 0 0
 0 0 0 0 0
 0 0 0 0 0
 0 0 0 0 0
 0 0 0 0 0
 0 0 0 0 0
 0.450072 0.473896 0.0757376 0.000293798 0
 0 0 0 0 0
 0.463077 0.371075 0.160297 0.00555027 0
 0.529543 0.364841 0.0842815 0.0213345 0
 0.631943 0.363953 0.00410389 0 0
 0.735681 0.248677 0.0153453 0.000297389 0
 0.695825 0.281241 0.0229344 0 0
 0.275771 0.60734 0.115278 0.00161068 0
 0 0 0 0 0
 0.896147 0.0623911 0.0374545 0.00400742 0
 0.803859 0.145111 0.0509908 3.86294e-05 0
 0.739449 0.233085 0.0266225 0.000797448 4.60066e-05
 0.878498 0.100942 0.0204185 0.000141795 0
 0.694673 0.275183 0.0284847 0.00165964 0
ppred_PELACES
 0.788774 0.166036 0.0405087 0.00467879 2.39014e-06
 0.761386 0.205608 0.026358 0.00596293 0.000685296
 0.62998 0.319275 0.044232 0.0052076 0.00130574
 0.70124 0.215208 0.0730146 0.00919386 0.00134375
 0.697725 0.224415 0.0564177 0.0187415 0.00270034
 0.545737 0.347736 0.0794737 0.0196089 0.00744422
 0.761529 0.151067 0.0676893 0.014722 0.00499286
 0.738659 0.218965 0.0273312 0.0116599 0.00338449
 0.788492 0.175131 0.0308567 0.00356763 0.00195286
 0.703186 0.252952 0.0367531 0.00603542 0.00107404
 0.628963 0.297849 0.0629338 0.00859764 0.00165602
 0.648377 0.262883 0.0724468 0.0140226 0.00226996
 0.724323 0.216372 0.0453279 0.0114239 0.00255298
 0.829667 0.152612 0.0143521 0.00258135 0.00078768
 0.897489 0.0978624 0.0042653 0.000311421 7.17758e-05
 0.733432 0.254585 0.0115478 0.000400231 3.53283e-05
 0.670659 0.277951 0.0493043 0.00201064 7.52554e-05
 0.840722 0.127715 0.0270784 0.00430382 0.000180634
 0.815286 0.166781 0.0146539 0.00281534 0.000462846
 0.724579 0.240541 0.0317017 0.00259965 0.000578588
 0.692027 0.241205 0.0586608 0.00737105 0.000736298
 0.747159 0.190086 0.0494468 0.0116954 0.00161318
 0.664812 0.268682 0.0504031 0.0126938 0.00340852
 0.642374 0.262285 0.0769495 0.0139473 0.00444466
pobs_pel_tallas
 0 0 0 0 0 0 0 0 0 0 0 0 0 0 0 0 0 0 0 0 0 0 0 0 0 0 0 0 0 0 0 0 0 0 0 0
 0 0 0 0 0 0 0 0 0 0 0 0 0 0 0 0 0 0 0 0 0 0 0 0 0 0 0 0 0 0 0 0 0 0 0 0
 0 0 0 0 0 0 0 0 0 0 0 0 0 0 0 0 0 0 0 0 0 0 0 0 0 0 0 0 0 0 0 0 0 0 0 0
 0 0 0 0 0 0 0 0 0 0 0 0 0 0 0 0 0 0 0 0 0 0 0 0 0 0 0 0 0 0 0 0 0 0 0 0
 0 0 0 0 0 0 0 0 0 0 0 0 0 0 0 0 0 0 0 0 0 0 0 0 0 0 0 0 0 0 0 0 0 0 0 0
 0 0 0 0 0 0 0 0 0 0 0 0 0 0 0 0 0 0 0 0 0 0 0 0 0 0 0 0 0 0 0 0 0 0 0 0
 0 0 0 0 0 0 0 0 0 0 0 0 0 0 0 0 0 0 0 0 0 0 0 0 0 0 0 0 0 0 0 0 0 0 0 0
 0 0 0 0 0 0 0 0 0 0 0 0 0 0 0 0 0 0 0 0 0 0 0 0 0 0 0 0 0 0 0 0 0 0 0 0
 0 0 0 0 0 0 0 0 0 0 0 0 0 0 0 0 0 0 0 0 0 0 0 0 0 0 0 0 0 0 0 0 0 0 0 0
 0 0 0 0 0 0 0 0 0 0 0 0 0 0 0 0 0 0 0 0 0 0 0 0 0 0 0 0 0 0 0 0 0 0 0 0
 0 0 0 0 0 0 0 0 1.78061e-05 0.00172719 0.00360574 0.0105946 0.0120993 0.0124554 0.0147524 0.0171206 0.0266825 0.0428682 0.0675386 0.121331 0.153587 0.119568 0.100827 0.0573624 0.0630603 0.0341343 0.0324427 0.0444173 0.0211091 0.0280891 0.0125444 0.00206551 0 0 0 0
 0 0 0 0 0 0 0 0 0 0 0 0 0 0 0 0 0 0 0 0 0 0 0 0 0 0 0 0 0 0 0 0 0 0 0 0
 0 0 0 0 0 0 0.0133647 0.0140871 0.0187388 0.0205184 0.03894 0.0496705 0.03968 0.0493445 0.0407372 0.0367815 0.0215668 0.0243155 0.0234873 0.0199281 0.019796 0.0243948 0.0301388 0.0376714 0.0412746 0.0863199 0.0771752 0.113111 0.0741005 0.0525337 0.0229764 0.00759418 0.00175318 0 0 0
 0 0 0 0 0 0 0 0 0 0 0.00219441 0.00772107 0.0458388 0.0604681 0.0671733 0.0775358 0.0609151 0.0617685 0.073594 0.0568108 0.0755445 0.0548602 0.0670107 0.0636378 0.0643287 0.046367 0.0373049 0.0286899 0.0247887 0.0153202 0.00654259 0.00121912 0.000365735 0 0 0
 0 0 0 0 0 0 0 0 0 0 0 0 0.000112435 0.00938835 0.0111873 0.0202946 0.0414886 0.0713402 0.111592 0.104902 0.108894 0.110636 0.117776 0.105296 0.107544 0.0401394 0.0192827 0.0124803 0.00416011 0.0028671 0.000618394 0 0 0 0 0
 0 0 0 0 0 0 0 0 0 0 0.00291406 0.0102884 0.027416 0.0768956 0.0749926 0.110853 0.0956884 0.0897413 0.0766577 0.0534642 0.0500743 0.0551293 0.0594112 0.0620874 0.0668451 0.0424026 0.0208742 0.0120726 0.0048766 0.00582813 0.00118941 0.000297354 0 0 0 0
 0 0.00264628 0.0354308 0.0461629 0.0458689 0.0383711 0.0214643 0.0164657 0.0346957 0.0420465 0.0363128 0.0245516 0.0311673 0.0291091 0.0169068 0.0133784 0.00837989 0.0085269 0.0148486 0.0160247 0.0276389 0.0546898 0.0760071 0.122758 0.109233 0.0665981 0.0333725 0.0166128 0.00676272 0.00308733 0.000882094 0 0 0 0 0
 0 0 0 0 0 0 0 0.000805153 0.000690131 0.00759144 0.0133425 0.0154129 0.00931677 0.000345066 0.00356568 0.00563607 0.00851162 0.0253048 0.0502646 0.0516448 0.0657925 0.0565908 0.0611916 0.0827007 0.0866115 0.110766 0.145733 0.0935128 0.0569358 0.0249597 0.0138026 0.00621118 0.00161031 0.00115022 0 0
 0 0 0 0 0 0 0 0 0 0 0 0 0 0 0 0 0 0 0 0 0 0 0 0 0 0 0 0 0 0 0 0 0 0 0 0
 0.00147267 0.00158595 0.00478618 0.00569244 0.00954404 0.0108468 0.00647125 0.017049 0.0510054 0.094081 0.124002 0.0959785 0.0687766 0.0820023 0.061753 0.0591476 0.0492212 0.0479892 0.0443925 0.0268479 0.0217502 0.0140895 0.0121071 0.0120363 0.00920419 0.00665534 0.0049561 0.00860946 0.00930331 0.0156896 0.0114698 0.00855282 0.00243557 0.00046729 0 2.83206e-05
 0 0 0 0 0.000772559 0.00158375 0.000888443 0.00281984 0.00712685 0.0440552 0.0773331 0.111326 0.0921469 0.0852325 0.0710754 0.0886704 0.0786465 0.0553345 0.0373146 0.0185414 0.00753245 0.00457741 0.012979 0.0271748 0.0457355 0.0583668 0.034881 0.0177882 0.00938659 0.00492506 0.0015258 0.00185414 0.000309023 5.79419e-05 3.86279e-05 0
 0 0.00173294 0.00326652 0 0.00397197 0.00683976 0.00946217 0.0152591 0.00757587 0.0136028 0.0228656 0.0392903 0.0559909 0.0764795 0.0681675 0.0726916 0.0566044 0.0477403 0.0527397 0.0444891 0.0609904 0.0582453 0.0661739 0.0445044 0.0529084 0.0360697 0.0280645 0.0235558 0.0158879 0.00826598 0.00280645 0.00217768 0.000904811 0.00058276 9.20147e-05 0
 0 0 0 0 0 0 0 0 0 0 0 0 0 0 0 0 0 0 0 0 0 0 0 0 0 0 0 0 0 0 0 0 0 0 0 0
 0 0 0 0 0 0 0 0 0 0 0 0 0 0 0 0 0 0 0 0 0 0 0 0 0 0 0 0 0 0 0 0 0 0 0 0
ppred_pel_tallas
 1.00791e-16 3.44137e-05 0.000201984 0.000960151 0.00369665 0.0115277 0.0291179 0.059579 0.0987583 0.132628 0.144321 0.127292 0.0910973 0.0531198 0.0256951 0.0111733 0.00578926 0.00511177 0.00642227 0.0085217 0.0109129 0.0132908 0.0153754 0.0169088 0.017701 0.017672 0.0168673 0.0154409 0.0136122 0.0116134 0.00964259 0.00783692 0.00626743 0.00495078 0.00386929 0.00299022
 1.00679e-16 3.3221e-05 0.000194979 0.000926838 0.00356837 0.0111276 0.0281075 0.057512 0.0953333 0.128032 0.139331 0.122915 0.0880186 0.051433 0.0250813 0.0112506 0.0063237 0.0060337 0.00775316 0.0103016 0.0131537 0.0159507 0.0183494 0.0200348 0.020781 0.0205031 0.0192763 0.0173119 0.0149019 0.0123493 0.00990838 0.00774921 0.00595134 0.00451986 0.0034129 0.00256882
 1.00972e-16 2.74957e-05 0.000161356 0.000766967 0.00295279 0.00920792 0.0232587 0.0475917 0.0788937 0.105968 0.115355 0.101849 0.0731202 0.0431034 0.0217214 0.0109336 0.00781262 0.00887387 0.0119462 0.0159915 0.0204389 0.0247889 0.0285184 0.031139 0.0322989 0.031865 0.029953 0.0268902 0.0231299 0.0191435 0.0153275 0.0119484 0.00913246 0.00689006 0.00515818 0.0038422
 1.01486e-16 3.05989e-05 0.000179583 0.000853643 0.00328655 0.0102488 0.0258876 0.05297 0.0878053 0.117925 0.128339 0.113236 0.0811277 0.0474868 0.0233085 0.0107155 0.00639478 0.00643326 0.00842235 0.0112759 0.0144974 0.0177295 0.0206168 0.0228231 0.0240948 0.024315 0.0235248 0.0219033 0.0197142 0.0172407 0.0147278 0.0123496 0.0102026 0.0083206 0.00669838 0.00531357
 1.01645e-16 3.04459e-05 0.000178685 0.000849369 0.00327009 0.0101974 0.025758 0.0527048 0.087366 0.117336 0.1277 0.112678 0.0807383 0.0472808 0.023248 0.0107553 0.00650915 0.00661719 0.00868078 0.0116127 0.014908 0.0181964 0.0211096 0.0233013 0.0245145 0.0246376 0.0237254 0.0219763 0.019675 0.017122 0.0145725 0.0122016 0.0100987 0.0082848 0.00673933 0.00542599
 1.02264e-16 2.38236e-05 0.000139794 0.000664455 0.00255808 0.00797704 0.0201496 0.0412306 0.068351 0.091814 0.0999658 0.0883054 0.063492 0.0376197 0.0193143 0.0103095 0.00810691 0.00971772 0.0132726 0.0178542 0.0229143 0.027933 0.0323479 0.0356253 0.0373702 0.037416 0.0358569 0.0330112 0.0293321 0.0252956 0.0213053 0.0176364 0.014427 0.0117043 0.00942777 0.00753017
 1.0175e-16 3.32251e-05 0.000195008 0.000926986 0.00356896 0.0111295 0.0281121 0.057521 0.0953467 0.128046 0.139334 0.12289 0.0879417 0.0512687 0.02478 0.0107444 0.00552848 0.00485845 0.00611857 0.00816512 0.0105365 0.0129589 0.0151804 0.0169635 0.018124 0.018568 0.0183074 0.0174466 0.0161485 0.0145907 0.0129288 0.0112759 0.00969916 0.00823008 0.0068798 0.00565213
 1.01019e-16 3.22306e-05 0.000189163 0.000899185 0.00346189 0.0107956 0.0272688 0.055796 0.0924895 0.124215 0.135181 0.119266 0.0854303 0.0499707 0.0244619 0.0111318 0.00648044 0.00637482 0.00826739 0.0110062 0.0140652 0.0170717 0.0196629 0.0215048 0.0223572 0.0221291 0.0208985 0.018887 0.0164007 0.0137565 0.0112193 0.00896465 0.00707309 0.00554779 0.00434425 0.0033992
 1.0071e-16 3.44017e-05 0.000201914 0.000959812 0.00369534 0.0115236 0.0291076 0.059558 0.0987238 0.132582 0.144274 0.127254 0.09108 0.0531294 0.0257361 0.0112524 0.00591723 0.00530155 0.00668558 0.00886439 0.0113303 0.0137643 0.0158717 0.0173825 0.0181011 0.0179505 0.0169882 0.015387 0.0133886 0.0112455 0.00917106 0.00730979 0.00573202 0.00444711 0.00342601 0.00262329
 1.00862e-16 3.06852e-05 0.000180087 0.000856029 0.00329572 0.0102774 0.0259599 0.0531181 0.0880519 0.118259 0.128711 0.113582 0.0814149 0.0477343 0.0235765 0.0110824 0.00693968 0.00722746 0.00952112 0.0127053 0.016238 0.0197028 0.0226817 0.0247873 0.02574 0.025433 0.0239559 0.0215653 0.0186176 0.0154834 0.0124747 0.00980126 0.00756276 0.00576834 0.00436983 0.00329469
 1.01364e-16 2.74506e-05 0.000161093 0.00076572 0.00294799 0.00919297 0.0232209 0.0475143 0.0787648 0.105793 0.11516 0.101667 0.0729671 0.0429683 0.0215712 0.0107249 0.00750119 0.00841917 0.0113164 0.015171 0.0194381 0.0236515 0.027324 0.0299969 0.0313338 0.0311966 0.0296745 0.0270513 0.0237283 0.0201268 0.0166049 0.0134076 0.0106578 0.00837861 0.00652995 0.00504481
 1.01703e-16 2.82957e-05 0.000166058 0.00078933 0.00303891 0.00947651 0.023937 0.0489793 0.0811921 0.109049 0.118695 0.104763 0.0751369 0.0441407 0.0219652 0.0106015 0.0070144 0.00760524 0.0101481 0.0136125 0.0174812 0.0213376 0.0247515 0.0273162 0.0287281 0.0288541 0.0277566 0.0256672 0.0229203 0.0198705 0.0168212 0.0139831 0.0114671 0.00930327 0.00747147 0.00593091
 1.01226e-16 3.16054e-05 0.000185493 0.000881736 0.00339471 0.0105861 0.0267396 0.0547133 0.0906948 0.121805 0.13256 0.116955 0.0837799 0.0490153 0.0240134 0.0109613 0.00643038 0.00637169 0.00829116 0.0110628 0.0141733 0.0172576 0.0199578 0.0219407 0.022962 0.0229207 0.0218795 0.0200415 0.017694 0.0151382 0.0126291 0.0103402 0.00835785 0.00669712 0.00532947 0.00420858
 1.0038e-16 3.61962e-05 0.000212451 0.00100991 0.00388824 0.0121252 0.0306271 0.0626669 0.103876 0.139499 0.151792 0.133866 0.0957706 0.0557809 0.0268619 0.011473 0.00564055 0.00469186 0.00576117 0.00758999 0.00966952 0.0117047 0.0134351 0.014627 0.0151145 0.0148382 0.0138587 0.0123384 0.0104996 0.00857206 0.00674794 0.00515465 0.00385011 0.00283489 0.00207316 0.00151371
 1.00107e-16 3.91513e-05 0.000229805 0.00109243 0.00420597 0.013116 0.0331298 0.0677871 0.112361 0.150887 0.164168 0.144742 0.103467 0.0600929 0.0286188 0.0116746 0.00493176 0.00331449 0.00372076 0.00481607 0.00611055 0.00737557 0.00843666 0.0091434 0.00939124 0.00914531 0.00844895 0.00741168 0.00618154 0.00491072 0.00372574 0.00270974 0.00189907 0.00129128 0.000859064 0.000564425
 1.00263e-16 3.2004e-05 0.00018783 0.00089284 0.00343745 0.0107193 0.0270763 0.0554024 0.091838 0.123343 0.134241 0.118455 0.0848916 0.04974 0.0245055 0.0114139 0.00700202 0.00717193 0.00938777 0.0124825 0.0158921 0.0191892 0.0219507 0.0237897 0.0244344 0.023794 0.0219811 0.0192805 0.0160773 0.0127676 0.00968075 0.00703341 0.00492056 0.00333626 0.00220978 0.00144243
 1.00864e-16 2.92679e-05 0.000171764 0.000816455 0.00314334 0.00980217 0.0247596 0.0506625 0.0839824 0.112797 0.122775 0.108365 0.0777225 0.0456638 0.0227297 0.010979 0.00726978 0.0078747 0.0104833 0.0140179 0.0179289 0.0217696 0.025082 0.0274383 0.0285282 0.0282297 0.0266361 0.0240246 0.0207832 0.0173174 0.013971 0.0109782 0.00845407 0.00641543 0.00481608 0.00358189
 1.00583e-16 3.66773e-05 0.000215277 0.00102335 0.00394001 0.0122866 0.0310349 0.063501 0.105258 0.141352 0.153802 0.135625 0.0969981 0.0564334 0.0270598 0.011359 0.00529524 0.00412843 0.00495809 0.00652433 0.0083402 0.0101461 0.0117223 0.0128702 0.0134455 0.0133888 0.0127382 0.011615 0.0101912 0.00864728 0.00713666 0.00576437 0.00458326 0.00360339 0.00280785 0.00216816
 1.00381e-16 3.55697e-05 0.000208772 0.000992418 0.00382088 0.0119151 0.0300965 0.0615813 0.102077 0.137084 0.149169 0.131562 0.0941431 0.0548748 0.0265038 0.0114542 0.00582838 0.0050394 0.00627102 0.00827916 0.010548 0.0127644 0.0146455 0.015936 0.0164552 0.0161388 0.0150538 0.0133789 0.0113581 0.00924363 0.00724608 0.00550509 0.00408386 0.00298252 0.0021611 0.0015626
 1.00645e-16 3.16175e-05 0.000185562 0.000882059 0.00339595 0.0105899 0.0267494 0.0547334 0.0907288 0.121853 0.132617 0.117017 0.0838511 0.0491103 0.0241587 0.0111925 0.00678913 0.00690114 0.00902845 0.0120285 0.0153595 0.0186185 0.0214061 0.0233537 0.0241968 0.0238364 0.0223614 0.020021 0.0171591 0.0141334 0.0112447 0.00869498 0.0065796 0.00490575 0.00362437 0.002662
 1.012e-16 3.01982e-05 0.000177229 0.000842443 0.00324341 0.0101143 0.0255479 0.052275 0.0866541 0.116382 0.126666 0.111775 0.0801137 0.0469598 0.0231731 0.0108596 0.00675958 0.00701666 0.00925007 0.0123713 0.0158596 0.0193196 0.0223534 0.0245878 0.0257473 0.0257154 0.0245582 0.0224986 0.0198551 0.0169638 0.0141115 0.0114967 0.00922176 0.00731036 0.0057367 0.00445346
 1.01242e-16 3.26001e-05 0.000191335 0.000909515 0.00350168 0.0109197 0.0275822 0.056437 0.0935511 0.125638 0.136723 0.12061 0.086358 0.0504426 0.0245617 0.0109574 0.00607944 0.0057424 0.00737455 0.00982973 0.0126103 0.0153855 0.0178394 0.0196776 0.0206817 0.0207567 0.0199497 0.0184299 0.0164404 0.0142385 0.0120434 0.0100068 0.00820711 0.00666398 0.00536073 0.00426596
 1.01399e-16 2.90126e-05 0.000170266 0.000809335 0.00311593 0.0097167 0.0245437 0.0502207 0.0832498 0.111813 0.121702 0.107415 0.0770339 0.0452451 0.0224955 0.0108237 0.00711377 0.00767094 0.0102074 0.013661 0.0174967 0.0212845 0.0245841 0.0269833 0.0281811 0.0280558 0.0266906 0.0243435 0.0213773 0.0181711 0.015045 0.0122155 0.00978807 0.00777801 0.00614458 0.00482435
 1.01865e-16 2.80339e-05 0.000164521 0.000782023 0.00301078 0.00938878 0.0237154 0.0485259 0.0804405 0.10804 0.117597 0.103796 0.0744462 0.0437415 0.0217787 0.0105323 0.00699664 0.00760809 0.0101628 0.0136407 0.0175292 0.0214143 0.0248675 0.0274826 0.0289551 0.0291493 0.0281232 0.0261029 0.0234166 0.0204134 0.0173925 0.0145622 0.0120335 0.00983825 0.00796023 0.00636328
pSPR Fmed_Fpbrs
0.523762   0.421062 0.421062
Fs Fmed_Fpbrs
0.64   1.005 1.005
SSBpbr Bo_Bmed_Bpbrs
700041  331653  259759 259759
Ro
31425.3
SPR SPRFo_SPRFmed_SPRFpbrs
646606 338668 272261
log_Ro
10.1754
likeval ReclasPelacesDesembMPH_pf_preclas_ppelaces_ptallas_desvR_qrecl_qpela
 92.1866 30.3897 0.0448429 27.4632 310.386 179.99 49.1261 0 18.0805 5.47779e-10 9.48553e-05 0 0 0 0
q_reclas_q_pelaces
0.996689 3.9973
M
0.7
N
 35823.8 10676.9 3419.17 403.555 0.206395
 44008.1 16138.8 2653.95 612.408 70.457
 20949.9 19989.8 4253.27 518.139 130.157
 28256.6 8921.95 3332.1 422.789 61.8191
 47204.8 13557.6 3470.14 1154.4 166.343
 30002.5 23290.9 6431.75 1610.99 612.087
 63449.8 13923 7147.19 1571.38 533.231
 72165.8 30011.2 4892.07 2131.81 619.51
 102965 32570.2 7556.86 893.059 489.422
 108226 46332.8 8029.77 1337.23 238.15
 68883.4 50456.4 14692.8 2059.11 397.16
 52705.6 30495.5 11079.2 2192.13 355.281
 43494.8 23707.3 7496.98 1952.36 437.081
 24761.7 18638.1 4129.33 795.084 243.51
 16347.4 9047.65 1046.13 82.5444 19.1047
 9773.65 5724.57 375.433 13.3992 1.18462
 5867.36 4253.27 1112.66 46.7984 1.75452
 9688.98 2535.31 786.081 128.773 5.41353
 14805.5 4199.31 478.741 93.9019 15.4549
 16325.3 6697.62 1074.96 89.543 19.9459
 21216.8 7554.68 2014.6 255.007 25.4828
 37796.4 10194.1 2967.68 708.244 97.737
 41735.9 18027.9 3801.81 966.423 259.633
 44403.8 19875 6647.06 1217.41 388.179
pred_Ctot
 2404.14 3988.49 1664.31 199.561 0.102149
 2713.45 5646.58 1220.59 286.325 32.9701
 2164.54 10149.4 2669.01 329.075 82.7164
 688.169 1410.53 739.628 95.8805 14.0354
 217.704 436.708 163.16 55.6234 8.02551
 1418.68 6577.86 2446.21 624.001 237.315
 2174.23 2986.87 2113.31 474.024 161.027
 4756.41 11057.1 2353.06 1041.86 303.023
 6988.5 12272.4 3705.71 444.868 244.004
 4777.86 12355.6 2899.52 491.966 87.702
 5410.05 21195.5 7901.17 1123.48 216.863
 3591.13 11524.5 5446.76 1094.72 177.57
 4324.43 11736.3 4611.11 1215.79 272.36
 4788.43 13316.3 3322.77 643.683 197.203
 3536.24 6764.54 866.84 68.7518 15.9167
 875.837 2641.03 218.155 7.89057 0.698095
 552.328 2029.7 664.507 28.312 1.06217
 893.427 1192.94 464.146 77.0366 3.2408
 953.11 1519.34 226.688 45.1857 7.44327
 803.017 1954.29 421.018 35.7074 7.96152
 496.016 1150.63 431.606 55.8246 5.58497
 1076 1855.7 752.627 183.399 25.3369
 1234.63 3396.26 995.742 258.408 69.4986
 1467.06 4129.37 1907.79 356.537 113.806
F
 0.0973852 0.69203 1.01975 1.04582 1.04723
 0.0891538 0.633538 0.93356 0.957423 0.958713
 0.153617 1.09162 1.60857 1.64969 1.65191
 0.0343817 0.244321 0.360023 0.369226 0.369723
 0.00643112 0.0457003 0.0673424 0.0690638 0.0691569
 0.0677368 0.481346 0.709295 0.727426 0.728406
 0.0486802 0.345927 0.509747 0.522777 0.523481
 0.0955675 0.679114 1.00072 1.0263 1.02768
 0.0985408 0.700243 1.03185 1.05823 1.05966
 0.0631135 0.448492 0.660883 0.677776 0.678689
 0.114836 0.816036 1.20248 1.23322 1.23488
 0.0989399 0.703078 1.03603 1.06252 1.06395
 0.147432 1.04767 1.54381 1.58327 1.5854
 0.306793 2.18011 3.21253 3.29465 3.29909
 0.349302 2.48218 3.65766 3.75116 3.75621
 0.132001 0.938017 1.38223 1.41756 1.41947
 0.139089 0.988385 1.45645 1.49368 1.49569
 0.136068 0.966912 1.42481 1.46123 1.4632
 0.0932488 0.662637 0.97644 1.0014 1.00275
 0.0705496 0.501333 0.738748 0.757632 0.758653
 0.0329839 0.234387 0.345385 0.354214 0.354691
 0.0402942 0.286335 0.421934 0.432719 0.433302
 0.0419 0.297746 0.438749 0.449964 0.45057
 0.0468993 0.333272 0.491098 0.503652 0.50433
Np
 21295.1 9631.39 5378.19 1320 434.539
YTP_r0W_actual
 22915.7 136847 86675 21118.6 8237.2
YTP_p0W_proyectada
 11264.6 164693 105299 39031.1 10192
 11264.6 75390.8 80075.1 25506 9325.75
CTP_r0_actual
 2864.46 7202.47 3151.82 586.627 187.209
CTP_p0_proyectada
 1373.74 7624.68 3353.46 973.344 229.034
 1373.74 3490.31 2550.16 636.059 209.567
Wmedp
 8.2 21.6 31.4 40.1 44.5
nmprior
 10.8 10.6 4.6 0
nm_flota  nm_reclas  nm_pelaces    nm_pelaL
inf 23.3143 18.4289 33.0064
cv_recla  cv_pelaces  cv_mph
0.740763 0.324338 0.444674
 ------------------------------------------------
Talla a la edad & desviaci?n 
 7.2 14.2025 17.0495 18.207 18.6776
 1.08 2.13037 2.55742 2.73105 2.80164
