years
 1997 1998 1999 2000 2001 2002 2003 2004 2005 2006 2007 2008 2009 2010 2011 2012 2013 2014 2015 2016 2017 2018 2019 2020 2021 2022
reclasobs
 0 0 0 370054 412103 1.49427e+06 250295 1.28982e+06 931140 785840 897777 1.04006e+06 184774 17550 25797 100020 73551 82996 120727 218422 84188 347160 605670 569463 516374 1.08416e+06
reclaspred
 573485 148059 380294 235501 345083 409588 819583 596696 743543 833707 745095 538813 318424 117952 76070.6 75262.4 63076.6 72767.7 100867 158440 236833 246721 446329 534880 695023 616666
pelacesobs
 0 0 0 0 0 0 0 0 0 2.06254e+06 1.5e+06 0 1.87456e+06 323000 250000 174000 83755 137374 0 501740 490994 745055 786931 1.00524e+06 1.33801e+06 1.41789e+06
pelacespred
 2.57438e+06 479494 778947 725266 985741 743144 2.42206e+06 1.84492e+06 2.36428e+06 2.44773e+06 1.75648e+06 1.33777e+06 835496 264351 201087 167520 139192 190364 245308 372377 658574 594815 860220 1.27237e+06 1.42037e+06 1.34361e+06
mphobs
 0 0 0 0 0 0 112323 0 153150 637223 0 255016 313432 73983 77613 109348 50772 17779 17303 59886 28197 0 207744 136588 643089 65757
mphpred
 196407 107692 119319 106978 112239 174793 228286 294994 284441 344610 355029 249885 156693 130417 54990.7 51446.6 39579.8 38811 27054.1 38550.5 62014.4 78119.2 106410 150131 192773 176014
desembarqueobs
 350755 77701 442110 56441 14545 235359 269955 359681 431902 328805 639364 411747 362871 311530 167758 66681 60226 58785 57116 73181 50977 67692 138656 160484 209506 203330
desembarquepred
 350758 77697.7 442070 56445.3 14545.5 235524 270065 359572 431869 328820 639095 411602 363001 312151 167532 66695.3 60288.2 58733.1 57054.8 73172.7 50984.8 67660.4 138679 160507 209503 203301
Reclutas
 35526.9 43650.9 19940.3 25694.4 44158.7 27848.2 64762.7 69298 101395 107554 66006.8 50679.1 45205.1 25643.9 16387 9884.93 5724.16 9322.09 14241.4 16074.5 20974.4 35174.6 42423.4 61946.1 24257.8 32996.7
log_desv_Rt
 0.138068 0.344003 -0.439477 -0.185949 0.355569 -0.105452 0.738508 0.806195 1.1868 1.24577 0.757537 0.493292 0.378989 -0.187917 -0.63573 -1.14121 -1.68752 -1.19983 -0.776065 -0.654987 -0.38892 0.128103 0.315478 0.694043 -0.243482 0.0641859
SSB
 423617 232273 257351 230734 242082 377000 476249 627008 596058 725892 765739 538961 351868 173435 77620.8 71870.2 59929.9 55479.7 77049.6 116344 174305 213338 299980 401205 571672 541826
BT
 1.49577e+06 360380 603468 402452 476788 538937 1.33534e+06 1.26953e+06 1.51024e+06 1.46693e+06 1.39406e+06 1.00166e+06 739125 407034 228779 133248 115784 137532 162142 231699 352902 343944 499382 735968 830386 811560
Ftot
 1.13849 1.03767 1.78611 0.408204 0.077694 0.831267 0.606634 1.13809 1.17994 0.743204 1.33821 1.18257 1.84292 3.90241 4.28388 1.54583 1.58688 1.59609 1.11765 0.84301 0.384823 0.465002 0.496057 0.521447 0.444436 0.466082
BD_Bspro_t
 0.90209 0.624828 0.543282 0.34697 0.482155 0.646538 0.562429 0.595967 0.545964 0.545472 0.523098 0.369274 0.279064 0.17728 0.0990987 0.111424 0.129077 0.164196 0.260915 0.403594 0.528407 0.639165 0.679448 0.676575 0.69306 0.616915
BD_Bspro
 0.662777 0.363407 0.402643 0.360999 0.378752 0.589841 0.745122 0.980995 0.932572 1.13571 1.19805 0.84324 0.550521 0.271351 0.121443 0.112446 0.0937642 0.0868017 0.120549 0.182028 0.272711 0.333781 0.469338 0.627711 0.894418 0.847722
BD_Bo
 0.612757 0.335981 0.372256 0.333754 0.350168 0.545326 0.688888 0.90696 0.862192 1.04999 1.10763 0.779601 0.508973 0.250872 0.112278 0.103959 0.0866879 0.0802508 0.111451 0.168291 0.25213 0.308591 0.433917 0.580338 0.826917 0.783745
BD_Brms
 1.60796 0.881658 0.976848 0.875815 0.918888 1.43101 1.80773 2.37998 2.2625 2.75532 2.90658 2.04578 1.33561 0.658322 0.294631 0.272803 0.227481 0.210589 0.292463 0.441617 0.661621 0.809784 1.13866 1.52288 2.16994 2.05665
S_f
 0.0830691 0.632528 0.970331 0.998393 0.999915
 0.0830691 0.632528 0.970331 0.998393 0.999915
 0.0830691 0.632528 0.970331 0.998393 0.999915
 0.0830691 0.632528 0.970331 0.998393 0.999915
 0.0830691 0.632528 0.970331 0.998393 0.999915
 0.0830691 0.632528 0.970331 0.998393 0.999915
 0.0830691 0.632528 0.970331 0.998393 0.999915
 0.0830691 0.632528 0.970331 0.998393 0.999915
 0.0830691 0.632528 0.970331 0.998393 0.999915
 0.0830691 0.632528 0.970331 0.998393 0.999915
 0.0830691 0.632528 0.970331 0.998393 0.999915
 0.0830691 0.632528 0.970331 0.998393 0.999915
 0.0830691 0.632528 0.970331 0.998393 0.999915
 0.0830691 0.632528 0.970331 0.998393 0.999915
 0.0830691 0.632528 0.970331 0.998393 0.999915
 0.0830691 0.632528 0.970331 0.998393 0.999915
 0.0830691 0.632528 0.970331 0.998393 0.999915
 0.0830691 0.632528 0.970331 0.998393 0.999915
 0.0830691 0.632528 0.970331 0.998393 0.999915
 0.0830691 0.632528 0.970331 0.998393 0.999915
 0.0830691 0.632528 0.970331 0.998393 0.999915
 0.0830691 0.632528 0.970331 0.998393 0.999915
 0.0830691 0.632528 0.970331 0.998393 0.999915
 0.0830691 0.632528 0.970331 0.998393 0.999915
 0.0830691 0.632528 0.970331 0.998393 0.999915
 0.0830691 0.632528 0.970331 0.998393 0.999915
Scru_reclas
 0.409183 0.777057 0.946065 0.988799 0.997754
 0.409183 0.777057 0.946065 0.988799 0.997754
 0.409183 0.777057 0.946065 0.988799 0.997754
 0.409183 0.777057 0.946065 0.988799 0.997754
 0.409183 0.777057 0.946065 0.988799 0.997754
 0.409183 0.777057 0.946065 0.988799 0.997754
 0.409183 0.777057 0.946065 0.988799 0.997754
 0.409183 0.777057 0.946065 0.988799 0.997754
 0.409183 0.777057 0.946065 0.988799 0.997754
 0.409183 0.777057 0.946065 0.988799 0.997754
 0.409183 0.777057 0.946065 0.988799 0.997754
 0.409183 0.777057 0.946065 0.988799 0.997754
 0.409183 0.777057 0.946065 0.988799 0.997754
 0.409183 0.777057 0.946065 0.988799 0.997754
 0.409183 0.777057 0.946065 0.988799 0.997754
 0.409183 0.777057 0.946065 0.988799 0.997754
 0.409183 0.777057 0.946065 0.988799 0.997754
 0.409183 0.777057 0.946065 0.988799 0.997754
 0.409183 0.777057 0.946065 0.988799 0.997754
 0.409183 0.777057 0.946065 0.988799 0.997754
 0.409183 0.777057 0.946065 0.988799 0.997754
 0.409183 0.777057 0.946065 0.988799 0.997754
 0.409183 0.777057 0.946065 0.988799 0.997754
 0.409183 0.777057 0.946065 0.988799 0.997754
 0.409183 0.777057 0.946065 0.988799 0.997754
 0.409183 0.777057 0.946065 0.988799 0.997754
Scru_pelaces
 0.981632 1 1 1 1
 0.981632 1 1 1 1
 0.981632 1 1 1 1
 0.981632 1 1 1 1
 0.981632 1 1 1 1
 0.981632 1 1 1 1
 0.981632 1 1 1 1
 0.981632 1 1 1 1
 0.981632 1 1 1 1
 0.981632 1 1 1 1
 0.981632 1 1 1 1
 0.981632 1 1 1 1
 0.981632 1 1 1 1
 0.981632 1 1 1 1
 0.981632 1 1 1 1
 0.981632 1 1 1 1
 0.981632 1 1 1 1
 0.981632 1 1 1 1
 0.981632 1 1 1 1
 0.981632 1 1 1 1
 0.981632 1 1 1 1
 0.981632 1 1 1 1
 0.981632 1 1 1 1
 0.981632 1 1 1 1
 0.981632 1 1 1 1
 0.981632 1 1 1 1
pf_obs 
 0.256992 0.487395 0.22802 0.0275931 0
 0.321318 0.546541 0.124235 0.00734118 0.000564706
 0.182869 0.594174 0.210203 0.0122559 0.00049798
 0.330522 0.361315 0.267642 0.0388342 0.00168674
 0.649043 0.306663 0.0425973 0.00169635 0
 0.582887 0.30429 0.105238 0.00758474 0
 0.465427 0.430635 0.0974691 0.00646863 0
 0.296916 0.608066 0.0921331 0.00288517 0
 0.311714 0.524322 0.152257 0.0117073 0
 0.15457 0.633149 0.183074 0.0267441 0.00246327
 0.131901 0.49318 0.331252 0.0422183 0.00144891
 0.196976 0.569456 0.194076 0.0375587 0.00193317
 0.518974 0.381816 0.0799577 0.0180837 0.00116848
 0.0928022 0.601141 0.25162 0.0475244 0.00691264
 0.122501 0.610282 0.24278 0.0234846 0.000952079
 0.383417 0.481906 0.127806 0.00687128 0
 0.0376549 0.599619 0.316969 0.0457579 0
 0.0361596 0.667082 0.258105 0.0386534 0
 0.158088 0.579412 0.248529 0.0139706 0
 0.0477256 0.309471 0.559284 0.082774 0.000745712
 0.0406174 0.521527 0.379366 0.0568643 0.0016247
 0.151134 0.462217 0.34131 0.0453401 0
 0.294876 0.26143 0.354403 0.0886775 0.000613685
 0.281977 0.475581 0.204845 0.0348837 0.00271318
 0.0841818 0.532909 0.334909 0.0458182 0.00218182
 0.115287 0.27431 0.454777 0.147771 0.00785563
pf_pred 
 0.282724 0.48764 0.205012 0.0246107 1.29074e-05
 0.263681 0.583531 0.122805 0.026904 0.00307954
 0.129847 0.671149 0.174913 0.019538 0.00455296
 0.212569 0.488286 0.264372 0.030789 0.00398444
 0.235589 0.491732 0.197984 0.0662703 0.00842519
 0.119258 0.586898 0.215994 0.056969 0.0208816
 0.286111 0.376859 0.263732 0.0544783 0.018819
 0.229795 0.597623 0.113503 0.0466123 0.0124661
 0.289719 0.522668 0.163443 0.0161594 0.00801084
 0.224982 0.612321 0.13735 0.0222206 0.0031266
 0.140368 0.604038 0.222216 0.0283541 0.00502346
 0.157444 0.532078 0.256893 0.046902 0.00668285
 0.206061 0.533198 0.201065 0.0497921 0.00988287
 0.224833 0.621276 0.127348 0.0207649 0.00577798
 0.315756 0.620384 0.0603339 0.00297444 0.000551954
 0.229934 0.71982 0.0491604 0.00103236 5.32241e-05
 0.156742 0.636561 0.200135 0.0064278 0.00013407
 0.322513 0.463318 0.186094 0.0272321 0.000842669
 0.334664 0.5639 0.0835706 0.0156396 0.00222668
 0.244043 0.613926 0.129878 0.010096 0.00205735
 0.222827 0.549617 0.201494 0.0239171 0.00214524
 0.251782 0.492794 0.203507 0.0461458 0.00577051
 0.208091 0.558592 0.177698 0.0446281 0.0109905
 0.228186 0.501736 0.216031 0.0415128 0.0125339
 0.0756813 0.63015 0.222626 0.0576397 0.0139036
 0.131375 0.315369 0.431282 0.0930886 0.028885
pobs_RECLAS
 0 0 0 0 0
 0 0 0 0 0
 0 0 0 0 0
 0 0 0 0 0
 0.835266 0.146461 0.0176864 0.000547809 3.91292e-05
 0.385257 0.428462 0.181853 0.0044286 0
 0.867414 0.0963971 0.0333333 0.00285562 0
 0.441836 0.489002 0.0689373 0.000224442 0
 0.779404 0.147425 0.0564933 0.0165055 0.000172143
 0.814271 0.122319 0.05973 0.00367925 0
 0.40263 0.566651 0.0304383 0.000280538 0
 0.475488 0.404961 0.113038 0.00651328 0
 0.955842 0.0263864 0.0167828 0.000988607 0
 0.975058 0.0227948 0.00214734 0 0
 0.738997 0.206755 0.0527124 0.00153531 0
 0.850938 0.134255 0.0134407 0.00136685 0
 0.542534 0.407297 0.0501686 0 0
 0.764087 0.199537 0.0359546 0.000420521 0
 0.470689 0.182191 0.310203 0.0369168 0
 0.84361 0.089868 0.0606195 0.00523954 0.000663233
 0.607945 0.314616 0.071237 0.00620181 0
 0.523733 0.453247 0.0230204 0 0
 0.530135 0.295979 0.169645 0.0042399 0
 0.562478 0.366248 0.0663022 0.0049721 0
 0.250443 0.683176 0.0655157 0.000865301 0
 0.195077 0.31981 0.436473 0.0351445 0.0134964
ppred_RECLAS
 0.64462 0.26206 0.0832138 0.0101006 5.33588e-06
 0.61356 0.322159 0.0515403 0.0114242 0.0013172
 0.415521 0.481771 0.090191 0.0101382 0.00237906
 0.544791 0.307265 0.13051 0.0154235 0.00201087
 0.571955 0.296973 0.0947391 0.0322079 0.00412548
 0.378832 0.447931 0.126839 0.0338859 0.0125121
 0.647647 0.207478 0.112977 0.0236634 0.00823493
 0.572317 0.350829 0.0503269 0.0208979 0.0056296
 0.649831 0.275545 0.0648996 0.00648624 0.00323881
 0.557897 0.366633 0.0635707 0.0104218 0.00147726
 0.4318 0.431888 0.118344 0.0152482 0.00272094
 0.466448 0.37044 0.134688 0.0248572 0.00356747
 0.561867 0.32453 0.0874627 0.0217859 0.00435431
 0.642595 0.313743 0.0362235 0.00581182 0.00162651
 0.74239 0.244193 0.0126899 0.00061268 0.000114319
 0.570478 0.40861 0.0204563 0.000433126 2.2489e-05
 0.465998 0.431589 0.0991365 0.00320929 6.74135e-05
 0.695425 0.227664 0.0667576 0.00984586 0.00030683
 0.688741 0.273913 0.0307024 0.00581044 0.000833276
 0.584254 0.352894 0.0574046 0.00451966 0.000927786
 0.554423 0.336118 0.0967513 0.0116545 0.00105316
 0.597228 0.286263 0.092539 0.0212886 0.00268197
 0.5343 0.350733 0.0872301 0.0222235 0.00551371
 0.567041 0.304525 0.102403 0.0199598 0.00607124
 0.263824 0.538475 0.149036 0.0391508 0.00951423
 0.417015 0.245143 0.262415 0.0574635 0.0179636
pobs_PELACES
 0 0 0 0 0
 0 0 0 0 0
 0 0 0 0 0
 0 0 0 0 0
 0 0 0 0 0
 0 0 0 0 0
 0 0 0 0 0
 0 0 0 0 0
 0 0 0 0 0
 0 0 0 0 0
 0.450072 0.473896 0.0757376 0.000293798 0
 0 0 0 0 0
 0.463077 0.371075 0.160297 0.00555027 0
 0.529543 0.364841 0.0842815 0.0213345 0
 0.631943 0.363953 0.00410389 0 0
 0.735681 0.248677 0.0153453 0.000297389 0
 0.695825 0.281241 0.0229344 0 0
 0.275771 0.60734 0.115278 0.00161068 0
 0 0 0 0 0
 0.896147 0.0623911 0.0374545 0.00400742 0
 0.803859 0.145111 0.0509908 3.86294e-05 0
 0.739449 0.233085 0.0266225 0.000797448 4.60066e-05
 0.878498 0.100942 0.0204185 0.000141795 0
 0.694673 0.275183 0.0284847 0.00165964 0
 0.469039 0.446079 0.0841089 0.000773354 0
 0.822795 0.102175 0.0682046 0.00682512 0
ppred_PELACES
 0.817767 0.145074 0.0333271 0.00382987 2.00392e-06
 0.789228 0.18417 0.0215571 0.00452802 0.000517122
 0.660512 0.297163 0.0374436 0.00396099 0.000920332
 0.72122 0.202638 0.0675496 0.00760907 0.000982944
 0.728807 0.200154 0.0519934 0.0168998 0.00214517
 0.587804 0.320665 0.0679801 0.0172432 0.00630715
 0.809359 0.124601 0.0520834 0.0103791 0.00357846
 0.763878 0.204351 0.0212088 0.00833783 0.00222467
 0.820208 0.150631 0.0255489 0.00241652 0.00119511
 0.737656 0.227259 0.0297919 0.00464098 0.000651697
 0.660394 0.277989 0.0538947 0.00656222 0.00115969
 0.688827 0.236819 0.0619879 0.0108265 0.00153895
 0.785526 0.17425 0.0314088 0.00735879 0.00145624
 0.878351 0.113375 0.00695886 0.00103033 0.000285205
 0.923013 0.0749 0.00198309 8.80446e-05 1.62457e-05
 0.768896 0.223216 0.00772567 0.000154284 7.93274e-06
 0.697675 0.259952 0.0410925 0.00125421 2.60883e-05
 0.860742 0.113174 0.0228146 0.00317219 9.78902e-05
 0.839445 0.146236 0.011886 0.00213006 0.00030256
 0.760487 0.211478 0.025721 0.00192251 0.000390942
 0.724331 0.219685 0.0497584 0.00571439 0.000511646
 0.763009 0.180324 0.0454603 0.00996317 0.00124362
 0.712831 0.22942 0.0443442 0.0107597 0.0026449
 0.742448 0.194593 0.0507111 0.00941159 0.00283632
 0.435443 0.439846 0.0951572 0.0238186 0.00573505
 0.625873 0.181371 0.151392 0.0315824 0.00978202
pobs_pel_tallas
 0 0 0 0 0 0 0 0 0 0 0 0 0 0 0 0 0 0 0 0 0 0 0 0 0 0 0 0 0 0 0 0 0 0 0 0
 0 0 0 0 0 0 0 0 0 0 0 0 0 0 0 0 0 0 0 0 0 0 0 0 0 0 0 0 0 0 0 0 0 0 0 0
 0 0 0 0 0 0 0 0 0 0 0 0 0 0 0 0 0 0 0 0 0 0 0 0 0 0 0 0 0 0 0 0 0 0 0 0
 0 0 0 0 0 0 0 0 0 0 0 0 0 0 0 0 0 0 0 0 0 0 0 0 0 0 0 0 0 0 0 0 0 0 0 0
 0 0 0 0 0 0 0 0 0 0 0 0 0 0 0 0 0 0 0 0 0 0 0 0 0 0 0 0 0 0 0 0 0 0 0 0
 0 0 0 0 0 0 0 0 0 0 0 0 0 0 0 0 0 0 0 0 0 0 0 0 0 0 0 0 0 0 0 0 0 0 0 0
 0 0 0 0 0 0 0 0 0 0 0 0 0 0 0 0 0 0 0 0 0 0 0 0 0 0 0 0 0 0 0 0 0 0 0 0
 0 0 0 0 0 0 0 0 0 0 0 0 0 0 0 0 0 0 0 0 0 0 0 0 0 0 0 0 0 0 0 0 0 0 0 0
 0 0 0 0 0 0 0 0 0 0 0 0 0 0 0 0 0 0 0 0 0 0 0 0 0 0 0 0 0 0 0 0 0 0 0 0
 0 0 0 0 0 0 0 0 0 0 0 0 0 0 0 0 0 0 0 0 0 0 0 0 0 0 0 0 0 0 0 0 0 0 0 0
 0 0 0 0 0 0 0 0 1.78061e-05 0.00172719 0.00360574 0.0105946 0.0120993 0.0124554 0.0147524 0.0171206 0.0266825 0.0428682 0.0675386 0.121331 0.153587 0.119568 0.100827 0.0573624 0.0630603 0.0341343 0.0324427 0.0444173 0.0211091 0.0280891 0.0125444 0.00206551 0 0 0 0
 0 0 0 0 0 0 0 0 0 0 0 0 0 0 0 0 0 0 0 0 0 0 0 0 0 0 0 0 0 0 0 0 0 0 0 0
 0 0 0 0 0 0 0.0133647 0.0140871 0.0187388 0.0205184 0.03894 0.0496705 0.03968 0.0493445 0.0407372 0.0367815 0.0215668 0.0243155 0.0234873 0.0199281 0.019796 0.0243948 0.0301388 0.0376714 0.0412746 0.0863199 0.0771752 0.113111 0.0741005 0.0525337 0.0229764 0.00759418 0.00175318 0 0 0
 0 0 0 0 0 0 0 0 0 0 0.00219441 0.00772107 0.0458388 0.0604681 0.0671733 0.0775358 0.0609151 0.0617685 0.073594 0.0568108 0.0755445 0.0548602 0.0670107 0.0636378 0.0643287 0.046367 0.0373049 0.0286899 0.0247887 0.0153202 0.00654259 0.00121912 0.000365735 0 0 0
 0 0 0 0 0 0 0 0 0 0 0 0 0.000112435 0.00938835 0.0111873 0.0202946 0.0414886 0.0713402 0.111592 0.104902 0.108894 0.110636 0.117776 0.105296 0.107544 0.0401394 0.0192827 0.0124803 0.00416011 0.0028671 0.000618394 0 0 0 0 0
 0 0 0 0 0 0 0 0 0 0 0.00291406 0.0102884 0.027416 0.0768956 0.0749926 0.110853 0.0956884 0.0897413 0.0766577 0.0534642 0.0500743 0.0551293 0.0594112 0.0620874 0.0668451 0.0424026 0.0208742 0.0120726 0.0048766 0.00582813 0.00118941 0.000297354 0 0 0 0
 0 0.00264628 0.0354308 0.0461629 0.0458689 0.0383711 0.0214643 0.0164657 0.0346957 0.0420465 0.0363128 0.0245516 0.0311673 0.0291091 0.0169068 0.0133784 0.00837989 0.0085269 0.0148486 0.0160247 0.0276389 0.0546898 0.0760071 0.122758 0.109233 0.0665981 0.0333725 0.0166128 0.00676272 0.00308733 0.000882094 0 0 0 0 0
 0 0 0 0 0 0 0 0.000805153 0.000690131 0.00759144 0.0133425 0.0154129 0.00931677 0.000345066 0.00356568 0.00563607 0.00851162 0.0253048 0.0502646 0.0516448 0.0657925 0.0565908 0.0611916 0.0827007 0.0866115 0.110766 0.145733 0.0935128 0.0569358 0.0249597 0.0138026 0.00621118 0.00161031 0.00115022 0 0
 0 0 0 0 0 0 0 0 0 0 0 0 0 0 0 0 0 0 0 0 0 0 0 0 0 0 0 0 0 0 0 0 0 0 0 0
 0.00147267 0.00158595 0.00478618 0.00569244 0.00954404 0.0108468 0.00647125 0.017049 0.0510054 0.094081 0.124002 0.0959785 0.0687766 0.0820023 0.061753 0.0591476 0.0492212 0.0479892 0.0443925 0.0268479 0.0217502 0.0140895 0.0121071 0.0120363 0.00920419 0.00665534 0.0049561 0.00860946 0.00930331 0.0156896 0.0114698 0.00855282 0.00243557 0.00046729 0 2.83206e-05
 0 0 0 0 0.000772559 0.00158375 0.000888443 0.00281984 0.00712685 0.0440552 0.0773331 0.111326 0.0921469 0.0852325 0.0710754 0.0886704 0.0786465 0.0553345 0.0373146 0.0185414 0.00753245 0.00457741 0.012979 0.0271748 0.0457355 0.0583668 0.034881 0.0177882 0.00938659 0.00492506 0.0015258 0.00185414 0.000309023 5.79419e-05 3.86279e-05 0
 0 0.00173294 0.00326652 0 0.00397197 0.00683976 0.00946217 0.0152591 0.00757587 0.0136028 0.0228656 0.0392903 0.0559909 0.0764795 0.0681675 0.0726916 0.0566044 0.0477403 0.0527397 0.0444891 0.0609904 0.0582453 0.0661739 0.0445044 0.0529084 0.0360697 0.0280645 0.0235558 0.0158879 0.00826598 0.00280645 0.00217768 0.000904811 0.00058276 9.20147e-05 0
 0 0 0 0 0 0 0 0 0 0 0 0 0 0 0 0 0 0 0 0 0 0 0 0 0 0 0 0 0 0 0 0 0 0 0 0
 0 0 0 0 0 0 0 0 0 0 0 0 0 0 0 0 0 0 0 0 0 0 0 0 0 0 0 0 0 0 0 0 0 0 0 0
 0 0 0 0 0 0 0 0 0 0 0 0 0 0 0 0 0 0 0 0 0 0 0 0 0 0 0 0 0 0 0 0 0 0 0 0
 0 0 0 0 0 0 0 0 0 0 0 0 0 0 0 0 0 0 0 0 0 0 0 0 0 0 0 0 0 0 0 0 0 0 0 0
ppred_pel_tallas
 1.00653e-16 3.56771e-05 0.000209404 0.000995426 0.00383247 0.0119512 0.0301878 0.0617679 0.102386 0.137497 0.149613 0.131943 0.0943914 0.0549707 0.0264594 0.0112814 0.00552053 0.00457338 0.00561979 0.00742649 0.0095015 0.0115645 0.0133682 0.0146871 0.0153562 0.0153066 0.0145801 0.0133129 0.011699 0.00994266 0.00821812 0.00664545 0.00528614 0.00415344 0.00323014 0.00248565
 1.00546e-16 3.44342e-05 0.000202103 0.000960712 0.0036988 0.0115344 0.0291349 0.0596139 0.0988166 0.132708 0.144412 0.12738 0.0911799 0.0532065 0.0258084 0.011343 0.00604796 0.00549077 0.00694686 0.00920385 0.0117429 0.0142311 0.0163585 0.0178429 0.0184829 0.0182037 0.0170746 0.0152873 0.0131057 0.0108033 0.00860946 0.00667725 0.00507761 0.00381393 0.00284686 0.00211892
 1.00808e-16 2.88262e-05 0.000169169 0.000804115 0.00309582 0.00965399 0.0243854 0.0498968 0.0827138 0.111095 0.120928 0.106748 0.0765893 0.0450526 0.0225265 0.0110477 0.00753009 0.00830773 0.0111025 0.0148404 0.0189561 0.022976 0.0264115 0.0288083 0.0298403 0.0293861 0.0275567 0.0246607 0.0211241 0.017389 0.013827 0.0106871 0.00808594 0.00603124 0.00446103 0.00328342
 1.01333e-16 3.14696e-05 0.000184696 0.000877953 0.00338015 0.0105407 0.026625 0.0544785 0.0903053 0.121281 0.131987 0.116443 0.0834011 0.0487685 0.0238461 0.0108081 0.0062381 0.00610452 0.00792842 0.0105988 0.0136208 0.0166508 0.0193527 0.02141 0.0225843 0.0227662 0.0219962 0.0204445 0.0183614 0.0160153 0.0136388 0.0113963 0.00937923 0.00761886 0.006109 0.00482703
 1.01485e-16 3.18003e-05 0.000186638 0.000887186 0.0034157 0.0106515 0.026905 0.0550514 0.0912548 0.122556 0.133373 0.117663 0.084267 0.0492598 0.0240582 0.010856 0.00619747 0.00600553 0.00777315 0.0103778 0.0133221 0.0162652 0.0188763 0.0208461 0.0219447 0.0220714 0.0212739 0.0197276 0.017685 0.0154129 0.0131385 0.0110178 0.00913135 0.0074989 0.00610364 0.00491472
 1.01957e-16 2.56568e-05 0.000150559 0.000715638 0.00275516 0.00859163 0.021702 0.0444066 0.0736145 0.0988793 0.107645 0.0950572 0.0682775 0.0403162 0.0204427 0.0104987 0.00776777 0.00901184 0.0122134 0.0164035 0.0210374 0.0256257 0.0296478 0.0326118 0.0341557 0.034129 0.0326233 0.0299378 0.0264955 0.0227404 0.0190478 0.0156727 0.0127414 0.0102758 0.0082341 0.00654904
 1.01304e-16 3.53096e-05 0.000207248 0.000985183 0.00379304 0.0118283 0.0298772 0.0611323 0.101332 0.13608 0.148067 0.130571 0.0933902 0.0543485 0.0260874 0.0110001 0.0052066 0.00415009 0.00504557 0.00668751 0.00861345 0.0105775 0.0123678 0.0137884 0.0146885 0.0149934 0.0147166 0.013949 0.0128294 0.011509 0.0101195 0.00875569 0.00747288 0.00629514 0.00522824 0.00427101
 1.00759e-16 3.33296e-05 0.000195616 0.000929869 0.00358004 0.011164 0.0281995 0.0577001 0.095645 0.128451 0.139786 0.123315 0.0883021 0.0515928 0.0251483 0.0112617 0.00630317 0.00599045 0.00768704 0.0102089 0.0130304 0.0157944 0.0181601 0.0198159 0.0205392 0.020248 0.0190199 0.0170674 0.014682 0.0121655 0.00976935 0.00766005 0.00591298 0.00452906 0.00346279 0.00264989
 1.00551e-16 3.57837e-05 0.000210029 0.0009984 0.00384392 0.0119869 0.030278 0.0619525 0.102692 0.137909 0.150062 0.132341 0.0946811 0.0551494 0.026564 0.0113572 0.00560226 0.00468183 0.00576544 0.00761185 0.00972092 0.0118031 0.0136018 0.0148846 0.0154834 0.0153327 0.0144832 0.0130849 0.0113474 0.00948941 0.0076957 0.00609142 0.00473731 0.0036411 0.00277687 0.00210427
 1.00687e-16 3.21872e-05 0.000188907 0.000897968 0.00345721 0.010781 0.0272319 0.0557206 0.0923646 0.124048 0.135002 0.119112 0.0853302 0.0499326 0.0244813 0.0112046 0.00661027 0.00657291 0.00854729 0.0113779 0.01453 0.0176174 0.0202625 0.0221171 0.0229313 0.0226112 0.0212402 0.0190524 0.0163714 0.0135334 0.0108207 0.00842275 0.00642852 0.0048444 0.00362428 0.00269968
 1.01136e-16 2.88203e-05 0.000169136 0.000803963 0.00309524 0.00965218 0.0243808 0.0498873 0.0826976 0.111072 0.120898 0.106712 0.0765432 0.0449842 0.0224162 0.0108694 0.00725282 0.00789912 0.0105352 0.0141002 0.0180515 0.0219453 0.0253248 0.0277623 0.0289456 0.028749 0.0272604 0.0247499 0.0215973 0.0182009 0.0148982 0.0119193 0.00937823 0.00729371 0.00562411 0.00430176
 1.01402e-16 3.00585e-05 0.000176409 0.000838547 0.00322841 0.0100675 0.0254297 0.0520333 0.0862533 0.115843 0.126079 0.111256 0.0797384 0.0467336 0.0230502 0.0107834 0.00668839 0.00692669 0.0091301 0.0122183 0.0156777 0.019121 0.0221582 0.0244226 0.0256422 0.0256992 0.0246534 0.0227174 0.0201971 0.0174158 0.0146501 0.0120916 0.00984004 0.00792089 0.00631302 0.00497577
 1.00824e-16 3.42724e-05 0.000201154 0.000956202 0.00368144 0.0114802 0.0289981 0.059334 0.0983524 0.132084 0.143731 0.126775 0.0907376 0.0529299 0.02564 0.0112116 0.00589783 0.00528699 0.00667015 0.00884783 0.0113153 0.013756 0.0158772 0.0174106 0.0181612 0.0180512 0.0171359 0.0155848 0.0136352 0.0115352 0.00949415 0.00765365 0.00608259 0.00479044 0.00374964 0.00291734
 1.00185e-16 3.83174e-05 0.000224908 0.00106914 0.00411631 0.0128364 0.0324236 0.0663422 0.109967 0.147674 0.160675 0.141673 0.101295 0.0588763 0.0281233 0.0116182 0.00513256 0.0037043 0.00429809 0.00560081 0.00711718 0.00859971 0.00984963 0.0106929 0.0110077 0.0107523 0.00997496 0.00880033 0.00739757 0.0059409 0.00457542 0.00339676 0.00244728 0.00172529 0.00120094 0.000832363
 1.00057e-16 4.02633e-05 0.000236336 0.00112348 0.00432554 0.0134889 0.0340716 0.0697139 0.115554 0.155173 0.168824 0.148833 0.106359 0.0617081 0.0292667 0.0117283 0.00463029 0.00274478 0.00288139 0.00367857 0.00465634 0.00561476 0.00641569 0.00694352 0.00711864 0.00691515 0.00636733 0.00556023 0.00460839 0.00362933 0.00272053 0.00194581 0.00133265 0.000878401 0.000561055 0.000350307
 1.00189e-16 3.35492e-05 0.000196904 0.000935986 0.00360359 0.0112374 0.028385 0.0580797 0.0962748 0.129298 0.140711 0.12414 0.0889114 0.051986 0.0254086 0.0114933 0.00659063 0.00639138 0.00823676 0.0109218 0.0138955 0.0167698 0.0191709 0.0207597 0.0212988 0.02071 0.0190941 0.016703 0.0138765 0.0109639 0.00825497 0.00593997 0.00410145 0.00273272 0.0017697 0.00112364
 1.00713e-16 3.04452e-05 0.000178677 0.000849326 0.00326991 0.0101969 0.0257566 0.0527022 0.0873627 0.117334 0.127706 0.112701 0.0807946 0.0473933 0.0234503 0.0110938 0.00704129 0.00740534 0.00978036 0.0130557 0.0166849 0.0202419 0.0232966 0.0254496 0.0264123 0.026074 0.0245261 0.0220328 0.0189615 0.0156958 0.0125596 0.00977246 0.00744078 0.00557714 0.00413401 0.00303727
 1.00475e-16 3.75496e-05 0.0002204 0.00104771 0.0040338 0.0125791 0.0317736 0.0650124 0.107763 0.144714 0.157456 0.138837 0.0992727 0.0577114 0.0275874 0.0114335 0.0051095 0.00375652 0.00440396 0.00576841 0.00736657 0.00895602 0.0103395 0.011341 0.0118329 0.0117635 0.0111677 0.0101545 0.00887769 0.00749875 0.00615457 0.00493875 0.00389806 0.00304075 0.00235073 0.00180141
 1.00304e-16 3.66223e-05 0.000214953 0.00102181 0.00393406 0.012268 0.030988 0.0634052 0.1051 0.141141 0.153577 0.135435 0.0968829 0.0564075 0.0271238 0.0115163 0.00556073 0.00452635 0.00551305 0.00725036 0.00923044 0.0111654 0.0128047 0.0139244 0.0143663 0.0140745 0.0131089 0.0116271 0.00984428 0.0079826 0.00622743 0.00470155 0.00346025 0.00250313 0.00179429 0.0012827
 1.00519e-16 3.31821e-05 0.00019475 0.000925747 0.00356417 0.0111145 0.0280744 0.0574443 0.0952212 0.127882 0.139169 0.122775 0.0879258 0.0513929 0.0250881 0.011298 0.00641187 0.00616882 0.00794366 0.0105536 0.013467 0.0163161 0.0187473 0.0204366 0.021152 0.020808 0.0194846 0.017403 0.0148677 0.0121953 0.00965118 0.0074135 0.00556558 0.00411245 0.00300913 0.00218891
 1.00999e-16 3.16059e-05 0.000185495 0.000881748 0.00339476 0.0105862 0.02674 0.054714 0.0906961 0.121807 0.132563 0.116959 0.0837873 0.049028 0.0240352 0.0109975 0.00648754 0.00645732 0.00841247 0.0112251 0.0143782 0.017501 0.0202289 0.0222223 0.0232314 0.0231528 0.0220498 0.0201294 0.0176857 0.0150282 0.0124206 0.0100445 0.0079924 0.00628383 0.00489202 0.00377006
 1.01105e-16 3.32908e-05 0.000195391 0.000928801 0.00357594 0.0111512 0.0281671 0.0576337 0.0955344 0.1283 0.139617 0.123154 0.0881619 0.0514601 0.0249896 0.0110333 0.00595883 0.00548713 0.00699055 0.00930315 0.0119281 0.0145456 0.0168544 0.0185751 0.0195012 0.0195436 0.0187487 0.0172788 0.0153671 0.0132596 0.011166 0.00923122 0.00752987 0.00607987 0.00486403 0.00385067
 1.01198e-16 3.11048e-05 0.000182553 0.000867757 0.00334088 0.0104182 0.0263157 0.0538458 0.0892574 0.119876 0.130464 0.115115 0.0824823 0.0482967 0.0237369 0.0109624 0.0066056 0.0066865 0.00875016 0.0116809 0.0149578 0.0181987 0.0210246 0.023083 0.0241163 0.0240198 0.0228636 0.0208671 0.018339 0.0156026 0.0129307 0.0105085 0.00842671 0.00669932 0.00529266 0.00415365
 1.0124e-16 3.23948e-05 0.000190129 0.000903784 0.00347961 0.0108508 0.0274084 0.0560814 0.0929618 0.124847 0.135864 0.119855 0.0858247 0.0501455 0.0244439 0.0109506 0.00613993 0.00585482 0.00753979 0.0100535 0.0128962 0.0157313 0.0182356 0.0201077 0.021124 0.0211878 0.0203479 0.0187782 0.0167288 0.0144641 0.0122097 0.0101215 0.00828026 0.00670603 0.00538117 0.00427264
 1.02581e-16 1.9018e-05 0.000111573 0.000530267 0.00204139 0.00636574 0.0160797 0.032904 0.0545524 0.0732937 0.0798406 0.0706214 0.0509814 0.0306175 0.0164753 0.0100119 0.00930707 0.0120282 0.0166896 0.0224956 0.0288637 0.0351609 0.0406798 0.044746 0.046862 0.0468204 0.044746 0.0410485 0.0363083 0.031135 0.0260448 0.0213895 0.0173448 0.0139432 0.0111292 0.00881172
 1.03751e-16 2.73113e-05 0.000160285 0.000761903 0.00293334 0.0091473 0.0231054 0.0472771 0.0783686 0.105252 0.114547 0.101068 0.0724126 0.0423923 0.0208235 0.00960678 0.00579588 0.00591515 0.0078393 0.0106307 0.0138825 0.0173113 0.0206256 0.0235323 0.0257838 0.0272219 0.0277991 0.027569 0.0266542 0.0252057 0.0233684 0.0212631 0.0189855 0.016615 0.0142259 0.0118928
pSPR Fmed_Fpbrs
0.532843   0.431078 0.431078
Fs Fmed_Fpbrs
0.64   1.005 1.005
SSBpbr Bo_Bmed_Bpbrs
691329  333803  263451 263451
Ro
30945.3
SPR SPRFo_SPRFmed_SPRFpbrs
639155 340569 275526
log_Ro
10.16
likeval ReclasPelacesDesembMPH_pf_preclas_ppelaces_ptallas_desvR_qrecl_qpela
 91.8096 32.3663 0.0517181 40.6538 337.021 204.846 58.4838 0 18.7389 2.10974e-06 8.93551e-05 0 0 0 0
q_reclas_q_pelaces
1.22854 3.8376
M
0.7
N
 35526.9 10398.2 3286.95 387.879 0.203243
 43650.9 16050.1 2513.06 540.775 61.8403
 19940.3 19886.2 4134.49 455.948 106.178
 25694.4 8536.7 3190.77 362.856 46.8981
 44158.7 12334 3274.53 1066.27 135.36
 27848.2 21787.5 5831.18 1508 552.17
 64762.7 12906.3 6395.12 1292.55 445.98
 69298 30579.7 4366.68 1762.79 471.019
 101395 31308.1 7392.48 718.695 355.968
 107554 45650.2 7370.82 1168.28 164.206
 66006.8 50212.1 14166.9 1779.58 315.024
 50679.1 29329.5 10695.2 1920.15 273.349
 45205.1 22811.8 6893.55 1685.93 334.408
 25643.9 19261.7 3530.99 572.548 159.269
 16387 9208.57 810.368 39.7537 7.37501
 9884.93 5700.95 304.36 6.30098 0.324608
 5724.16 4317.18 1064.87 33.7252 0.702914
 9322.09 2491.48 785.726 113.387 3.50606
 14241.4 4054.4 450.817 82.9202 11.7949
 16074.5 6445.06 992.883 75.6845 15.4068
 20974.4 7442.5 1877.77 217.591 19.4917
 35174.6 10087.9 2897.35 641.903 80.1704
 42423.4 16805.3 3732.98 916.301 225.381
 61946.1 20216.4 6097.79 1145.53 345.45
 24257.8 29457.5 7218.61 1825.68 439.834
 32996.7 11609.5 11043.4 2328.94 721.767
pred_Ctot
 2318.2 3998.43 1681.01 201.797 0.105835
 2605.54 5766.1 1213.48 265.849 30.4301
 1994.36 10308.4 2686.54 300.09 69.9303
 617.293 1417.97 767.726 89.4101 11.5707
 204.377 426.586 171.755 57.4907 7.309
 1341.62 6602.47 2429.89 640.889 234.914
 2295.55 3023.65 2116 437.095 150.99
 4520.31 11755.9 2232.72 916.913 245.222
 6846.89 12352.2 3862.63 381.893 189.319
 4647.45 12648.7 2837.23 459.011 64.5862
 5026.36 21629.7 7957.21 1015.32 179.882
 3429.49 11589.9 5595.74 1021.64 145.568
 4655.63 12046.8 4542.76 1124.97 223.288
 5202.09 14374.9 2946.53 480.451 133.689
 3601.56 7076.19 688.178 33.9269 6.29567
 863.049 2701.82 184.522 3.87491 0.199775
 512.292 2080.52 654.118 21.0085 0.438191
 838.856 1205.09 484.032 70.8307 2.19178
 912.958 1538.31 227.979 42.6646 6.07436
 785.014 1974.82 417.779 32.476 6.61789
 475.441 1172.7 429.922 51.0313 4.57725
 960.639 1880.19 776.454 176.063 22.0166
 1234.59 3314.08 1054.26 264.774 65.2056
 1893.25 4162.87 1792.4 344.429 103.993
 633.67 5276.17 1864.02 482.61 116.413
 903.216 2168.19 2965.1 639.992 198.587
F
 0.0945734 0.720128 1.10471 1.13666 1.13839
 0.0861979 0.656353 1.00688 1.036 1.03758
 0.14837 1.12976 1.73311 1.78324 1.78595
 0.0339091 0.2582 0.396093 0.407548 0.408169
 0.00645397 0.0491437 0.0753889 0.0775692 0.0776874
 0.0690526 0.5258 0.806604 0.829932 0.831197
 0.0503925 0.383713 0.588635 0.605659 0.606582
 0.0945399 0.719873 1.10432 1.13626 1.13799
 0.0980167 0.746347 1.14493 1.17805 1.17984
 0.0617372 0.470097 0.721153 0.74201 0.743141
 0.111164 0.846458 1.29851 1.33606 1.3381
 0.0982348 0.748008 1.14748 1.18067 1.18247
 0.15309 1.1657 1.78824 1.83996 1.84277
 0.32417 2.46839 3.78663 3.89614 3.90208
 0.355858 2.70968 4.15678 4.277 4.28352
 0.128411 0.97778 1.49996 1.54334 1.5457
 0.131821 1.00375 1.5398 1.58433 1.58675
 0.132585 1.00957 1.54873 1.59352 1.59595
 0.092842 0.706944 1.08449 1.11585 1.11755
 0.070028 0.533228 0.817998 0.841655 0.842938
 0.0319669 0.243411 0.373405 0.384204 0.38479
 0.0386273 0.294127 0.451205 0.464254 0.464962
 0.041207 0.31377 0.48134 0.49526 0.496015
 0.0433161 0.32983 0.505976 0.520609 0.521403
 0.0369189 0.281118 0.431249 0.443722 0.444398
 0.038717 0.29481 0.452253 0.465333 0.466042
Np
 19939.3 9108.51 4145.4 803.988 750.677
YTP_r0W_actual
 17188.5 103435 184435 46454.9 15664
YTP_p0W_proyectada
 9463.46 119433 63777.8 67406.5 20441.5
 9463.46 69011.7 61583.4 15533.4 16110.4
CTP_r0_actual
 1909.84 4072.24 5224.8 1122.1 348.088
CTP_p0_proyectada
 1154.08 5529.31 2031.14 1680.96 459.361
 1154.08 3194.99 1961.26 387.367 362.031
Wmedp
 8.2 21.6 31.4 40.1 44.5
nmprior
 10.8 10.6 4.6 0
nm_flota  nm_reclas  nm_pelaces    nm_pelaL
inf 18.9586 14.9421 44.0733
cv_recla  cv_pelaces  cv_mph
0.706375 0.311607 0.520601
 ------------------------------------------------
Talla a la edad & desviaci?n 
 7.2 14.2025 17.0495 18.207 18.6776
 1.08 2.13037 2.55742 2.73105 2.80164
