    unsorted:	 2.097105676e-05 3.528420026e-05 0.005753117616 1.285745084 2.438719333 10.48201843 46.59118395 40.04416140 68.76673261 78.43213520 120.6281993 151.9219431 315.1463240 283.3902819 584.9823682 809.7620756 914.2750071 984.7242633 1125.858237 1251.565662 1363.351826 1451.748963 1505.077886 1564.728834 1749.114070 1779.847967 1835.839513 2164.934706 2251.289062 2452.183539 2614.697092 2858.444573 3083.477602 3342.384948 3522.423065 3650.344141 3887.087590 4128.960002 22070.85351 86856.81501 213330.9136 490694.5223 476432.5828 525880.1541 547277.3681 432862.9119 594686.1715 607606.7668 360123.1544 714021.6386 777939.6491 831169.5675 980941.8702 1053794.575 1163925.559 1370681.873 1439357.560 1712370.053 1841800.428 1948495.636 2436440.645 2564499.222 24706920.19 63801472.70
      sorted:	 2.097105676e-05 3.528420026e-05 0.005753117616 1.285745084 2.438719333 10.48201843 40.04416140 46.59118395 68.76673261 78.43213520 120.6281993 151.9219431 283.3902819 315.1463240 584.9823682 809.7620756 914.2750071 984.7242633 1125.858237 1251.565662 1363.351826 1451.748963 1505.077886 1564.728834 1749.114070 1779.847967 1835.839513 2164.934706 2251.289062 2452.183539 2614.697092 2858.444573 3083.477602 3342.384948 3522.423065 3650.344141 3887.087590 4128.960002 22070.85351 86856.81501 213330.9136 360123.1544 432862.9119 476432.5828 490694.5223 525880.1541 547277.3681 594686.1715 607606.7668 714021.6386 777939.6491 831169.5675 980941.8702 1053794.575 1163925.559 1370681.873 1439357.560 1712370.053 1841800.428 1948495.636 2436440.645 2564499.222 24706920.19 63801472.70
