years
 1997 1998 1999 2000 2001 2002 2003 2004 2005 2006 2007 2008 2009 2010 2011 2012 2013 2014 2015 2016 2017 2018 2019 2020 2021 2022
reclasobs
 0 0 0 370054 412103 1.49427e+06 250295 1.28982e+06 931140 785840 897777 1.04006e+06 184774 17550 25797 100020 73551 82996 120727 218422 84188 347160 605670 569463 516374 1.08416e+06
reclaspred
 384131 107823 343966 249646 340301 388818 821581 608171 807346 761986 623873 433223 265104 129076 86630.3 70761.5 65151 86643.5 107971 176745 254713 253280 444153 570366 654543 575945
pelacesobs
 0 0 0 0 0 0 0 0 0 2.06254e+06 1.5e+06 0 1.87456e+06 323000 250000 174000 83755 137374 0 501740 490994 745055 786931 1.00524e+06 1.33801e+06 1.41789e+06
pelacespred
 1.24443e+06 320227 614208 683634 795471 766656 1.80463e+06 1.65011e+06 1.98278e+06 1.88551e+06 1.4234e+06 1.02558e+06 641572 279414 177150 149864 140791 181819 226304 363772 594051 568302 823691 1.22056e+06 1.38491e+06 1.35771e+06
mphobs
 0 0 0 0 0 0 112323 0 153150 637223 0 255016 313432 73983 77613 109348 50772 17779 17303 59886 28197 0 207744 136588 643089 65757
mphpred
 113851 71460.9 89981.2 115394 116421 169421 249270 285382 284984 338006 324209 241725 150956 123606 61390.9 45424.9 38724 42461.1 27078.9 36849.1 62817.7 76112.1 102871 149170 193448 188419
desembarqueobs
 350755 77701 442110 56441 14545 235359 269955 359681 431902 328805 639364 411747 362871 311530 167758 66681 60226 58785 57116 73181 50977 67692 138656 160484 209506 203330
desembarquepred
 350760 77700.6 442101 56441.9 14545.1 235413 269984 359670 431887 328810 639469 411893 363211 312202 167840 66714.7 60277.1 58788.4 57103.8 73177.7 50977.5 67681.9 138661 160488 209506 203324
Reclutas
 58021.8 76539.7 46211.8 72430.4 113690 76507.9 125522 156539 225590 188927 79285.4 41330.5 41258.7 21446.8 17415.1 16537.6 11840.2 19094.8 31067 48672.3 56225.7 93430.2 120769 168361 58773.4 68889.5
log_desv_Rt
 -0.0241523 0.252838 -0.251737 0.197656 0.648506 0.252423 0.747511 0.968336 1.33375 1.15639 0.288083 -0.363369 -0.365109 -1.01939 -1.22763 -1.27933 -1.61347 -1.13556 -0.648825 -0.19986 -0.0555967 0.452244 0.708911 1.04114 -0.0112811 0.147533
SSB
 794656 498780 628047 805422 812591 1.18252e+06 1.69829e+06 1.97379e+06 1.95378e+06 2.31984e+06 2.2629e+06 1.68718e+06 1.07672e+06 578528 294459 221695 196701 208451 269311 381964 622521 737110 1.02036e+06 1.42182e+06 1.99546e+06 1.99238e+06
BT
 2.51632e+06 704570 1.34228e+06 1.28387e+06 1.4354e+06 1.5598e+06 3.41718e+06 3.36039e+06 3.94305e+06 3.68961e+06 3.12525e+06 2.21702e+06 1.51035e+06 810084 466556 325737 304656 373356 453591 708596 1.10492e+06 1.08035e+06 1.56886e+06 2.31813e+06 2.64222e+06 2.6117e+06
Ftot
 0.367413 0.300924 0.427854 0.0812575 0.0168081 0.17769 0.116593 0.226604 0.216202 0.148257 0.291659 0.257704 0.392476 0.666135 0.612781 0.294481 0.302561 0.252304 0.197255 0.161757 0.0719531 0.0938348 0.101049 0.10175 0.0904716 0.100856
BD_Bspro_t
 0.954422 0.782765 0.750356 0.642012 0.752772 0.853144 0.818799 0.82486 0.800498 0.794368 0.771242 0.651217 0.552541 0.445544 0.318885 0.31221 0.370326 0.473813 0.592348 0.714661 0.810313 0.864861 0.880031 0.881235 0.886216 0.853995
BD_Bspro
 0.647272 0.406272 0.511564 0.656042 0.661881 0.963197 1.38331 1.60771 1.59141 1.88958 1.8432 1.37426 0.877026 0.471229 0.239846 0.180578 0.160219 0.16979 0.219363 0.311122 0.507064 0.6004 0.831113 1.15812 1.62537 1.62286
BD_Bo
 0.292587 0.183647 0.231242 0.296551 0.29919 0.435394 0.625298 0.726734 0.719366 0.854148 0.833184 0.621208 0.396442 0.21301 0.108418 0.0816266 0.0724239 0.0767501 0.0991585 0.140636 0.229208 0.271399 0.375688 0.523503 0.734715 0.73358
BD_Brms
 1.03293 0.648337 0.816364 1.04692 1.05624 1.53709 2.20751 2.56562 2.53961 3.01543 2.94142 2.19308 1.39957 0.751997 0.382751 0.288169 0.255681 0.270954 0.350063 0.496494 0.809182 0.958129 1.32631 1.84814 2.59379 2.58978
S_f
 0.202254 1 1 1 1
 0.202254 1 1 1 1
 0.202254 1 1 1 1
 0.202254 1 1 1 1
 0.202254 1 1 1 1
 0.202254 1 1 1 1
 0.202254 1 1 1 1
 0.202254 1 1 1 1
 0.202254 1 1 1 1
 0.202254 1 1 1 1
 0.202254 1 1 1 1
 0.202254 1 1 1 1
 0.202254 1 1 1 1
 0.202254 1 1 1 1
 0.202254 1 1 1 1
 0.202254 1 1 1 1
 0.202254 1 1 1 1
 0.202254 1 1 1 1
 0.202254 1 1 1 1
 0.202254 1 1 1 1
 0.202254 1 1 1 1
 0.202254 1 1 1 1
 0.202254 1 1 1 1
 0.202254 1 1 1 1
 0.202254 1 1 1 1
 0.202254 1 1 1 1
Scru_reclas
 1 1 1 1 1
 1 1 1 1 1
 1 1 1 1 1
 1 1 1 1 1
 1 1 1 1 1
 1 1 1 1 1
 1 1 1 1 1
 1 1 1 1 1
 1 1 1 1 1
 1 1 1 1 1
 1 1 1 1 1
 1 1 1 1 1
 1 1 1 1 1
 1 1 1 1 1
 1 1 1 1 1
 1 1 1 1 1
 1 1 1 1 1
 1 1 1 1 1
 1 1 1 1 1
 1 1 1 1 1
 1 1 1 1 1
 1 1 1 1 1
 1 1 1 1 1
 1 1 1 1 1
 1 1 1 1 1
 1 1 1 1 1
Scru_pelaces
 1 1 1 1 1
 1 1 1 1 1
 1 1 1 1 1
 1 1 1 1 1
 1 1 1 1 1
 1 1 1 1 1
 1 1 1 1 1
 1 1 1 1 1
 1 1 1 1 1
 1 1 1 1 1
 1 1 1 1 1
 1 1 1 1 1
 1 1 1 1 1
 1 1 1 1 1
 1 1 1 1 1
 1 1 1 1 1
 1 1 1 1 1
 1 1 1 1 1
 1 1 1 1 1
 1 1 1 1 1
 1 1 1 1 1
 1 1 1 1 1
 1 1 1 1 1
 1 1 1 1 1
 1 1 1 1 1
 1 1 1 1 1
pf_obs 
 0.256992 0.487395 0.22802 0.0275931 0
 0.321318 0.546541 0.124235 0.00734118 0.000564706
 0.182869 0.594174 0.210203 0.0122559 0.00049798
 0.330522 0.361315 0.267642 0.0388342 0.00168674
 0.649043 0.306663 0.0425973 0.00169635 0
 0.582887 0.30429 0.105238 0.00758474 0
 0.465427 0.430635 0.0974691 0.00646863 0
 0.296916 0.608066 0.0921331 0.00288517 0
 0.311714 0.524322 0.152257 0.0117073 0
 0.15457 0.633149 0.183074 0.0267441 0.00246327
 0.131901 0.49318 0.331252 0.0422183 0.00144891
 0.196976 0.569456 0.194076 0.0375587 0.00193317
 0.518974 0.381816 0.0799577 0.0180837 0.00116848
 0.0928022 0.601141 0.25162 0.0475244 0.00691264
 0.122501 0.610282 0.24278 0.0234846 0.000952079
 0.383417 0.481906 0.127806 0.00687128 0
 0.0376549 0.599619 0.316969 0.0457579 0
 0.0361596 0.667082 0.258105 0.0386534 0
 0.158088 0.579412 0.248529 0.0139706 0
 0.0477256 0.309471 0.559284 0.082774 0.000745712
 0.0406174 0.521527 0.379366 0.0568643 0.0016247
 0.151134 0.462217 0.34131 0.0453401 0
 0.294876 0.26143 0.354403 0.0886775 0.000613685
 0.281977 0.475581 0.204845 0.0348837 0.00271318
 0.0841818 0.532909 0.334909 0.0458182 0.00218182
 0.115287 0.27431 0.454777 0.147771 0.00785563
pf_pred 
 0.345895 0.460201 0.173267 0.0206273 1.01612e-05
 0.326454 0.50907 0.115718 0.0435683 0.00518933
 0.18119 0.600427 0.165055 0.0375191 0.0158086
 0.290359 0.405459 0.223054 0.0613167 0.0198108
 0.30687 0.469399 0.12783 0.0703229 0.0255773
 0.167508 0.57278 0.175881 0.0478972 0.0359332
 0.272319 0.377505 0.240932 0.073982 0.0352622
 0.270934 0.481914 0.128217 0.0818313 0.0371041
 0.307457 0.464462 0.150762 0.0401115 0.0372077
 0.209794 0.559227 0.154909 0.0502825 0.0257877
 0.102022 0.52435 0.264416 0.0732445 0.0359678
 0.0877246 0.356586 0.32448 0.163626 0.0675831
 0.145558 0.297655 0.217634 0.198039 0.141114
 0.125227 0.439347 0.151686 0.110907 0.172833
 0.185524 0.400687 0.207822 0.071751 0.134216
 0.225114 0.465025 0.152438 0.079064 0.0783583
 0.175806 0.512356 0.187141 0.0613458 0.0633516
 0.294295 0.386518 0.198421 0.0724743 0.0482919
 0.34259 0.458951 0.108696 0.0557999 0.0339618
 0.34139 0.486074 0.120451 0.0285272 0.0235578
 0.26785 0.537272 0.143826 0.0356405 0.0154116
 0.316085 0.445456 0.174988 0.0468437 0.0166275
 0.281365 0.506233 0.138344 0.0543458 0.0197122
 0.286732 0.477529 0.166063 0.0453821 0.0242938
 0.0918737 0.613328 0.197366 0.068635 0.0287975
 0.147114 0.292117 0.37873 0.121874 0.0601646
pobs_RECLAS
 0 0 0 0 0
 0 0 0 0 0
 0 0 0 0 0
 0 0 0 0 0
 0.835266 0.146461 0.0176864 0.000547809 3.91292e-05
 0.385257 0.428462 0.181853 0.0044286 0
 0.867414 0.0963971 0.0333333 0.00285562 0
 0.441836 0.489002 0.0689373 0.000224442 0
 0.779404 0.147425 0.0564933 0.0165055 0.000172143
 0.814271 0.122319 0.05973 0.00367925 0
 0.40263 0.566651 0.0304383 0.000280538 0
 0.475488 0.404961 0.113038 0.00651328 0
 0.955842 0.0263864 0.0167828 0.000988607 0
 0.975058 0.0227948 0.00214734 0 0
 0.738997 0.206755 0.0527124 0.00153531 0
 0.850938 0.134255 0.0134407 0.00136685 0
 0.542534 0.407297 0.0501686 0 0
 0.764087 0.199537 0.0359546 0.000420521 0
 0.470689 0.182191 0.310203 0.0369168 0
 0.84361 0.089868 0.0606195 0.00523954 0.000663233
 0.607945 0.314616 0.071237 0.00620181 0
 0.523733 0.453247 0.0230204 0 0
 0.530135 0.295979 0.169645 0.0042399 0
 0.562478 0.366248 0.0663022 0.0049721 0
 0.250443 0.683176 0.0655157 0.000865301 0
 0.195077 0.31981 0.436473 0.0351445 0.0134964
ppred_RECLAS
 0.727757 0.191539 0.072115 0.00858524 4.22917e-06
 0.709171 0.21981 0.0499657 0.0188123 0.00224069
 0.529151 0.34527 0.0949134 0.021575 0.0090906
 0.670092 0.188496 0.103697 0.0285058 0.00920995
 0.68659 0.212246 0.0578005 0.0317976 0.0115652
 0.501068 0.343281 0.10541 0.028706 0.0215356
 0.650503 0.181311 0.115717 0.0355327 0.016936
 0.650399 0.231087 0.0614826 0.0392396 0.0177921
 0.689545 0.208211 0.067584 0.0179813 0.0166796
 0.569488 0.304672 0.0843958 0.0273944 0.0140494
 0.363554 0.371635 0.187406 0.0519123 0.0254923
 0.325406 0.263682 0.239941 0.120996 0.0499752
 0.463171 0.187011 0.136735 0.124424 0.0886588
 0.426077 0.288248 0.0995184 0.0727641 0.113393
 0.540299 0.226153 0.117297 0.0404972 0.0757531
 0.59365 0.243859 0.0799385 0.0414612 0.0410911
 0.517672 0.299837 0.109517 0.0359003 0.0370741
 0.676499 0.177183 0.0909579 0.0332228 0.0221374
 0.722536 0.193703 0.045876 0.0235507 0.0143338
 0.721037 0.205883 0.0510186 0.0120831 0.00997822
 0.644786 0.260666 0.0697793 0.0172916 0.00747716
 0.696584 0.197624 0.0776326 0.020782 0.00737673
 0.660516 0.239145 0.0653541 0.025673 0.00931204
 0.666417 0.223332 0.0776649 0.0212245 0.0113618
 0.334424 0.449514 0.144652 0.0503033 0.021106
 0.461544 0.184424 0.239106 0.0769431 0.037984
pobs_PELACES
 0 0 0 0 0
 0 0 0 0 0
 0 0 0 0 0
 0 0 0 0 0
 0 0 0 0 0
 0 0 0 0 0
 0 0 0 0 0
 0 0 0 0 0
 0 0 0 0 0
 0 0 0 0 0
 0.450072 0.473896 0.0757376 0.000293798 0
 0 0 0 0 0
 0.463077 0.371075 0.160297 0.00555027 0
 0.529543 0.364841 0.0842815 0.0213345 0
 0.631943 0.363953 0.00410389 0 0
 0.735681 0.248677 0.0153453 0.000297389 0
 0.695825 0.281241 0.0229344 0 0
 0.275771 0.60734 0.115278 0.00161068 0
 0 0 0 0 0
 0.896147 0.0623911 0.0374545 0.00400742 0
 0.803859 0.145111 0.0509908 3.86294e-05 0
 0.739449 0.233085 0.0266225 0.000797448 4.60066e-05
 0.878498 0.100942 0.0204185 0.000141795 0
 0.694673 0.275183 0.0284847 0.00165964 0
 0.469039 0.446079 0.0841089 0.000773354 0
 0.822795 0.102175 0.0682046 0.00682512 0
ppred_PELACES
 0.746493 0.178357 0.067152 0.00799439 3.93811e-06
 0.725235 0.207669 0.0472058 0.0177732 0.00211692
 0.557093 0.32478 0.0892809 0.0202947 0.00855113
 0.674803 0.185804 0.102216 0.0280987 0.00907842
 0.687542 0.211602 0.0576251 0.0317011 0.0115301
 0.512759 0.335237 0.10294 0.0280333 0.021031
 0.657449 0.177708 0.113417 0.0348265 0.0165994
 0.663839 0.222203 0.0591191 0.0377311 0.0171082
 0.701596 0.200128 0.0649606 0.0172833 0.0160321
 0.57903 0.297919 0.0825252 0.0267872 0.013738
 0.381499 0.361157 0.182122 0.0504486 0.0247735
 0.340471 0.257794 0.234583 0.118294 0.0488592
 0.488937 0.178035 0.130173 0.118452 0.0844036
 0.46941 0.266484 0.0920044 0.0672701 0.104831
 0.580023 0.206611 0.107161 0.0369978 0.0692072
 0.612207 0.232723 0.0762879 0.0395677 0.0392146
 0.537521 0.287498 0.10501 0.0344229 0.0355484
 0.690861 0.169317 0.0869197 0.0317478 0.0211545
 0.732825 0.18652 0.0441748 0.0226774 0.0138023
 0.729521 0.199622 0.0494669 0.0117156 0.00967475
 0.649113 0.257491 0.0689294 0.0170809 0.00738609
 0.70178 0.19424 0.0763033 0.0204261 0.00725041
 0.666455 0.234961 0.0642107 0.0252238 0.00914913
 0.672344 0.219364 0.0762848 0.0208473 0.0111599
 0.339747 0.44592 0.143495 0.0499011 0.0209372
 0.468148 0.182161 0.236173 0.0759993 0.0375181
pobs_pel_tallas
 0 0 0 0 0 0 0 0 0 0 0 0 0 0 0 0 0 0 0 0 0 0 0 0 0 0 0 0 0 0 0 0 0 0 0 0
 0 0 0 0 0 0 0 0 0 0 0 0 0 0 0 0 0 0 0 0 0 0 0 0 0 0 0 0 0 0 0 0 0 0 0 0
 0 0 0 0 0 0 0 0 0 0 0 0 0 0 0 0 0 0 0 0 0 0 0 0 0 0 0 0 0 0 0 0 0 0 0 0
 0 0 0 0 0 0 0 0 0 0 0 0 0 0 0 0 0 0 0 0 0 0 0 0 0 0 0 0 0 0 0 0 0 0 0 0
 0 0 0 0 0 0 0 0 0 0 0 0 0 0 0 0 0 0 0 0 0 0 0 0 0 0 0 0 0 0 0 0 0 0 0 0
 0 0 0 0 0 0 0 0 0 0 0 0 0 0 0 0 0 0 0 0 0 0 0 0 0 0 0 0 0 0 0 0 0 0 0 0
 0 0 0 0 0 0 0 0 0 0 0 0 0 0 0 0 0 0 0 0 0 0 0 0 0 0 0 0 0 0 0 0 0 0 0 0
 0 0 0 0 0 0 0 0 0 0 0 0 0 0 0 0 0 0 0 0 0 0 0 0 0 0 0 0 0 0 0 0 0 0 0 0
 0 0 0 0 0 0 0 0 0 0 0 0 0 0 0 0 0 0 0 0 0 0 0 0 0 0 0 0 0 0 0 0 0 0 0 0
 0 0 0 0 0 0 0 0 0 0 0 0 0 0 0 0 0 0 0 0 0 0 0 0 0 0 0 0 0 0 0 0 0 0 0 0
 0 0 0 0 0 0 0 0 1.78061e-05 0.00172719 0.00360574 0.0105946 0.0120993 0.0124554 0.0147524 0.0171206 0.0266825 0.0428682 0.0675386 0.121331 0.153587 0.119568 0.100827 0.0573624 0.0630603 0.0341343 0.0324427 0.0444173 0.0211091 0.0280891 0.0125444 0.00206551 0 0 0 0
 0 0 0 0 0 0 0 0 0 0 0 0 0 0 0 0 0 0 0 0 0 0 0 0 0 0 0 0 0 0 0 0 0 0 0 0
 0 0 0 0 0 0 0.0133647 0.0140871 0.0187388 0.0205184 0.03894 0.0496705 0.03968 0.0493445 0.0407372 0.0367815 0.0215668 0.0243155 0.0234873 0.0199281 0.019796 0.0243948 0.0301388 0.0376714 0.0412746 0.0863199 0.0771752 0.113111 0.0741005 0.0525337 0.0229764 0.00759418 0.00175318 0 0 0
 0 0 0 0 0 0 0 0 0 0 0.00219441 0.00772107 0.0458388 0.0604681 0.0671733 0.0775358 0.0609151 0.0617685 0.073594 0.0568108 0.0755445 0.0548602 0.0670107 0.0636378 0.0643287 0.046367 0.0373049 0.0286899 0.0247887 0.0153202 0.00654259 0.00121912 0.000365735 0 0 0
 0 0 0 0 0 0 0 0 0 0 0 0 0.000112435 0.00938835 0.0111873 0.0202946 0.0414886 0.0713402 0.111592 0.104902 0.108894 0.110636 0.117776 0.105296 0.107544 0.0401394 0.0192827 0.0124803 0.00416011 0.0028671 0.000618394 0 0 0 0 0
 0 0 0 0 0 0 0 0 0 0 0.00291406 0.0102884 0.027416 0.0768956 0.0749926 0.110853 0.0956884 0.0897413 0.0766577 0.0534642 0.0500743 0.0551293 0.0594112 0.0620874 0.0668451 0.0424026 0.0208742 0.0120726 0.0048766 0.00582813 0.00118941 0.000297354 0 0 0 0
 0 0.00264628 0.0354308 0.0461629 0.0458689 0.0383711 0.0214643 0.0164657 0.0346957 0.0420465 0.0363128 0.0245516 0.0311673 0.0291091 0.0169068 0.0133784 0.00837989 0.0085269 0.0148486 0.0160247 0.0276389 0.0546898 0.0760071 0.122758 0.109233 0.0665981 0.0333725 0.0166128 0.00676272 0.00308733 0.000882094 0 0 0 0 0
 0 0 0 0 0 0 0 0.000805153 0.000690131 0.00759144 0.0133425 0.0154129 0.00931677 0.000345066 0.00356568 0.00563607 0.00851162 0.0253048 0.0502646 0.0516448 0.0657925 0.0565908 0.0611916 0.0827007 0.0866115 0.110766 0.145733 0.0935128 0.0569358 0.0249597 0.0138026 0.00621118 0.00161031 0.00115022 0 0
 0 0 0 0 0 0 0 0 0 0 0 0 0 0 0 0 0 0 0 0 0 0 0 0 0 0 0 0 0 0 0 0 0 0 0 0
 0.00147267 0.00158595 0.00478618 0.00569244 0.00954404 0.0108468 0.00647125 0.017049 0.0510054 0.094081 0.124002 0.0959785 0.0687766 0.0820023 0.061753 0.0591476 0.0492212 0.0479892 0.0443925 0.0268479 0.0217502 0.0140895 0.0121071 0.0120363 0.00920419 0.00665534 0.0049561 0.00860946 0.00930331 0.0156896 0.0114698 0.00855282 0.00243557 0.00046729 0 2.83206e-05
 0 0 0 0 0.000772559 0.00158375 0.000888443 0.00281984 0.00712685 0.0440552 0.0773331 0.111326 0.0921469 0.0852325 0.0710754 0.0886704 0.0786465 0.0553345 0.0373146 0.0185414 0.00753245 0.00457741 0.012979 0.0271748 0.0457355 0.0583668 0.034881 0.0177882 0.00938659 0.00492506 0.0015258 0.00185414 0.000309023 5.79419e-05 3.86279e-05 0
 0 0.00173294 0.00326652 0 0.00397197 0.00683976 0.00946217 0.0152591 0.00757587 0.0136028 0.0228656 0.0392903 0.0559909 0.0764795 0.0681675 0.0726916 0.0566044 0.0477403 0.0527397 0.0444891 0.0609904 0.0582453 0.0661739 0.0445044 0.0529084 0.0360697 0.0280645 0.0235558 0.0158879 0.00826598 0.00280645 0.00217768 0.000904811 0.00058276 9.20147e-05 0
 0 0 0 0 0 0 0 0 0 0 0 0 0 0 0 0 0 0 0 0 0 0 0 0 0 0 0 0 0 0 0 0 0 0 0 0
 0 0 0 0 0 0 0 0 0 0 0 0 0 0 0 0 0 0 0 0 0 0 0 0 0 0 0 0 0 0 0 0 0 0 0 0
 0 0 0 0 0 0 0 0 0 0 0 0 0 0 0 0 0 0 0 0 0 0 0 0 0 0 0 0 0 0 0 0 0 0 0 0
 0 0 0 0 0 0 0 0 0 0 0 0 0 0 0 0 0 0 0 0 0 0 0 0 0 0 0 0 0 0 0 0 0 0 0 0
ppred_pel_tallas
 1.01287e-16 3.25706e-05 0.000191163 0.0009087 0.00349854 0.0109099 0.0275575 0.0563864 0.0934669 0.125524 0.136597 0.120493 0.0862625 0.0503631 0.0244793 0.0108476 0.00591818 0.00550895 0.00705383 0.00941622 0.0121127 0.0148306 0.0172723 0.0191575 0.0202735 0.0205191 0.0199235 0.0186292 0.0168497 0.0148154 0.0127274 0.0107303 0.00890688 0.0072898 0.00588041 0.00466613
 1.01448e-16 3.16448e-05 0.000185725 0.000882842 0.00339897 0.0105994 0.0267732 0.0547819 0.0908083 0.121957 0.132723 0.117094 0.0838693 0.0490471 0.0239909 0.0108872 0.0063001 0.00617419 0.00801372 0.0106969 0.01372 0.0167314 0.0193883 0.0213711 0.0224437 0.0225058 0.021612 0.0199503 0.0177884 0.0154077 0.0130463 0.0108664 0.00894936 0.00731124 0.00592905 0.00476485
 1.02471e-16 2.43178e-05 0.000142698 0.000678264 0.00261126 0.00814287 0.0205685 0.0420874 0.0697706 0.0937183 0.102032 0.0901145 0.0647571 0.0382979 0.0195316 0.0102156 0.00778833 0.00919201 0.0125209 0.0168543 0.0216634 0.0264607 0.0307213 0.0339445 0.0357561 0.0359905 0.034723 0.0322354 0.0289357 0.0252554 0.0215625 0.018111 0.0150329 0.0123625 0.0100748 0.0081215
 1.02902e-16 2.9445e-05 0.000172812 0.000821455 0.00316262 0.00986233 0.0249115 0.0509725 0.0844937 0.113476 0.123494 0.108952 0.0780393 0.0456412 0.0223335 0.0101546 0.00591408 0.00584973 0.00765532 0.010308 0.0133632 0.0165174 0.0194689 0.0219248 0.0236515 0.02452 0.0245256 0.0237728 0.0224365 0.020712 0.018773 0.0167488 0.0147222 0.0127416 0.0108383 0.00903901
 1.02516e-16 3.00013e-05 0.000176076 0.000836969 0.00322235 0.0100486 0.025382 0.0519353 0.0860902 0.115622 0.125833 0.111025 0.0795447 0.0465625 0.0228591 0.0105165 0.0062873 0.0063361 0.00830316 0.011126 0.0143211 0.0175422 0.0204456 0.0227074 0.0240841 0.0244643 0.0238891 0.0225299 0.0206356 0.0184687 0.0162498 0.0141275 0.0121762 0.0104127 0.00882324 0.00738591
 1.03517e-16 2.23851e-05 0.00013135 0.000624313 0.00240353 0.00749508 0.0189322 0.0387396 0.0642219 0.0862687 0.0939314 0.0829824 0.0596813 0.0353954 0.0182354 0.00983776 0.00786479 0.00951849 0.0130521 0.017611 0.0226834 0.0277785 0.0323598 0.035912 0.0380453 0.0385804 0.0375808 0.0353189 0.0321939 0.028629 0.0249845 0.0215081 0.018329 0.0154836 0.0129549 0.0107088
 1.03641e-16 2.86879e-05 0.000168368 0.00080033 0.00308129 0.00960869 0.0242708 0.0496616 0.0823207 0.110558 0.120318 0.10615 0.0760311 0.0444654 0.0217563 0.00989049 0.00576169 0.0057076 0.00748672 0.0101101 0.0131542 0.0163331 0.0193618 0.0219599 0.0238984 0.0250426 0.0253706 0.0249607 0.0239562 0.0225207 0.0208016 0.0189106 0.0169237 0.014893 0.0128621 0.0108761
 1.03008e-16 2.89682e-05 0.000170009 0.000808127 0.0031113 0.00970225 0.0245072 0.0501456 0.083124 0.11164 0.121504 0.107216 0.0768392 0.0450262 0.0221934 0.0103598 0.00639904 0.00661501 0.00873176 0.0117186 0.0150953 0.0185061 0.0215932 0.0240179 0.0255254 0.0259987 0.0254791 0.024143 0.0222472 0.0200607 0.0178082 0.0156392 0.0136261 0.0117833 0.0100953 0.00854105
 1.02331e-16 3.06137e-05 0.000179672 0.000854068 0.00328819 0.0102539 0.0259006 0.0529963 0.0878485 0.117982 0.128398 0.113279 0.0811402 0.0474574 0.0232258 0.010563 0.00614846 0.00606389 0.00790112 0.0105824 0.0136282 0.0167058 0.0194881 0.0216665 0.0230071 0.0234004 0.0228805 0.0216052 0.0198072 0.0177338 0.0155954 0.0135368 0.0116338 0.00990888 0.00835468 0.00695489
 1.02831e-16 2.52733e-05 0.00014831 0.000704949 0.00271401 0.00846331 0.0213778 0.0437432 0.0725144 0.0974002 0.106031 0.0936238 0.0672296 0.039661 0.020044 0.0101874 0.00741174 0.00852694 0.011552 0.0155474 0.0200009 0.0244613 0.0284486 0.0315052 0.0332878 0.0336423 0.0326327 0.0305101 0.0276386 0.0244026 0.0211283 0.0180388 0.0152482 0.0127848 0.010627 0.00873638
 1.05594e-16 1.66628e-05 9.77525e-05 0.000464579 0.0017885 0.00557713 0.0140877 0.0288276 0.0477937 0.0642122 0.0699458 0.0618642 0.0446491 0.0267949 0.0143863 0.00870241 0.00806897 0.0104597 0.0146028 0.0198453 0.0257324 0.0317693 0.0373878 0.0420246 0.0452328 0.046772 0.0466459 0.0450721 0.0424035 0.0390292 0.035291 0.0314381 0.0276233 0.023928 0.0203971 0.0170676
 1.09762e-16 1.48696e-05 8.72342e-05 0.000414595 0.00159608 0.00497711 0.012572 0.0257256 0.0426494 0.0572962 0.0624006 0.0551631 0.039753 0.0237384 0.0125342 0.00726719 0.00643483 0.00823585 0.0115677 0.0159125 0.0209633 0.026401 0.0318436 0.0368867 0.0411727 0.0444496 0.0465989 0.0476228 0.047605 0.0466616 0.044905 0.0424309 0.0393282 0.0356985 0.0316735 0.0274185
 1.0992e-16 2.13398e-05 0.000125228 0.000595241 0.00229165 0.00714623 0.0180509 0.0369351 0.0612267 0.0822337 0.0895076 0.0790023 0.0566623 0.0332921 0.0165803 0.00803822 0.00539446 0.00596523 0.00811748 0.0111364 0.0147082 0.0186 0.0225596 0.0263243 0.0296623 0.0324093 0.0344833 0.035872 0.0366035 0.0367131 0.0362214 0.0351327 0.0334501 0.0311983 0.0284427 0.0252967
 1.08603e-16 2.04918e-05 0.000120242 0.000571519 0.00220028 0.00686128 0.0173312 0.0354633 0.0587896 0.0789685 0.0859749 0.0759345 0.0545717 0.032284 0.0164853 0.0086626 0.00666835 0.00794309 0.0109059 0.0148149 0.0192653 0.0238912 0.028292 0.0320756 0.0349343 0.036706 0.0373958 0.0371487 0.0361879 0.0347415 0.0329858 0.0310199 0.0288753 0.0265462 0.0240263 0.0213365
 1.06094e-16 2.53128e-05 0.000148551 0.000706111 0.00271852 0.00847739 0.0214133 0.0438151 0.072631 0.0975491 0.106173 0.0937013 0.0671812 0.0394237 0.0195403 0.00930883 0.00601517 0.0064498 0.00864438 0.0117163 0.0152585 0.0189643 0.0225147 0.0255958 0.0279548 0.0294476 0.0300582 0.0298808 0.0290759 0.0278168 0.0262473 0.0244624 0.0225123 0.0204224 0.0182164 0.0159329
 1.04351e-16 2.67172e-05 0.000156793 0.000745294 0.00286937 0.00894782 0.0226016 0.0462466 0.0766618 0.102964 0.112069 0.0989087 0.0709247 0.0416402 0.0206737 0.00990311 0.00646184 0.00695612 0.00929539 0.0125269 0.016192 0.0199336 0.0233836 0.0261888 0.0280783 0.0289197 0.0287398 0.0277018 0.0260493 0.0240385 0.0218818 0.019719 0.0176172 0.0155922 0.0136374 0.0117479
 1.04429e-16 2.34629e-05 0.000137682 0.000654426 0.00251949 0.0078567 0.0198456 0.0406081 0.0673176 0.0904214 0.0984379 0.0869281 0.0624417 0.0368773 0.0187139 0.00964012 0.0071794 0.00838236 0.0114209 0.0154303 0.019938 0.0245214 0.0287248 0.0321072 0.0343293 0.035224 0.0348247 0.0333369 0.0310703 0.0283553 0.0254719 0.0226115 0.019875 0.017296 0.0148741 0.0126032
 1.03369e-16 3.01444e-05 0.00017692 0.000840989 0.00323784 0.0100969 0.025504 0.0521846 0.0865024 0.116172 0.126422 0.111523 0.0798534 0.0466469 0.0227224 0.0101565 0.00567282 0.00541198 0.0070113 0.00943125 0.0122356 0.0151428 0.0178803 0.0201846 0.0218462 0.0227494 0.0228893 0.0223582 0.0213085 0.0199079 0.0183022 0.0165953 0.01485 0.0131005 0.0113697 0.00968194
 1.02113e-16 3.19749e-05 0.000187665 0.000892069 0.00343451 0.0107102 0.0270531 0.0553544 0.0917566 0.123228 0.134101 0.118297 0.0847032 0.0494784 0.024097 0.0107587 0.00598277 0.00566581 0.00728786 0.00972793 0.0125017 0.0152892 0.0177848 0.0197035 0.0208334 0.0210813 0.0204898 0.0192172 0.0174905 0.0155469 0.0135849 0.0117364 0.0100647 0.00857972 0.00726231 0.0060855
 1.01622e-16 3.18314e-05 0.000186821 0.000888054 0.00341904 0.010662 0.0269313 0.0551053 0.0913441 0.122675 0.133503 0.117777 0.0843476 0.0493045 0.0240753 0.0108556 0.00618569 0.00598389 0.00774039 0.0103315 0.01326 0.0161856 0.0187789 0.0207326 0.0218189 0.0219392 0.0211433 0.019608 0.0175864 0.0153448 0.0131087 0.0110316 0.00919025 0.00760064 0.00624219 0.00508103
 1.01995e-16 2.83276e-05 0.000166245 0.000790223 0.00304235 0.00948723 0.0239641 0.0490346 0.0812837 0.109172 0.118827 0.104877 0.0752112 0.0441704 0.021954 0.0105532 0.00692694 0.00747108 0.00995767 0.0133581 0.0171611 0.0209583 0.02433 0.0268791 0.0283096 0.0284911 0.0274842 0.0255134 0.0229024 0.0199934 0.0170777 0.0143555 0.0119303 0.00982745 0.00802572 0.00648594
 1.02188e-16 3.06216e-05 0.000179719 0.00085429 0.00328905 0.0102566 0.0259073 0.0530101 0.0878712 0.118012 0.128429 0.113304 0.0811524 0.0474528 0.0232021 0.0105166 0.00607382 0.00595434 0.00775132 0.0103912 0.0134016 0.0164583 0.0192429 0.0214526 0.0228549 0.0233353 0.0229167 0.0217419 0.0200278 0.0180084 0.0158865 0.0138059 0.0118484 0.010047 0.00840743 0.00692567
 1.02283e-16 2.90828e-05 0.000170681 0.000811318 0.00312358 0.00974055 0.024604 0.0503436 0.0834527 0.112082 0.121988 0.10765 0.0771636 0.0452439 0.0223519 0.010519 0.00661059 0.00691783 0.00915365 0.0122754 0.0157863 0.019309 0.0224614 0.0248822 0.0263007 0.0265954 0.0258162 0.0241603 0.0219136 0.0193779 0.016809 0.0143812 0.0121838 0.0102385 0.00852858 0.00702452
 1.02393e-16 2.9339e-05 0.000172187 0.000818478 0.00315115 0.00982654 0.0248211 0.0507879 0.0841886 0.113069 0.123058 0.108585 0.0778139 0.0455848 0.0224455 0.0104388 0.00639623 0.00657324 0.00866491 0.0116295 0.0149847 0.0183755 0.0214447 0.0238524 0.02534 0.0257843 0.0252194 0.0238154 0.0218255 0.0195204 0.0171323 0.0148235 0.0126819 0.0107377 0.00898818 0.00741963
 1.04876e-16 1.48455e-05 8.70759e-05 0.000413804 0.00159298 0.00496738 0.0125476 0.0256771 0.0425741 0.0572105 0.0623477 0.0552126 0.0399977 0.0243017 0.0135885 0.00904929 0.00924274 0.0123958 0.0173704 0.0235254 0.0303344 0.0371827 0.0433645 0.0481943 0.0511506 0.0519891 0.0507859 0.0478932 0.0438314 0.0391541 0.0343334 0.0296957 0.0254141 0.0215422 0.0180662 0.0149512
 1.07777e-16 2.04339e-05 0.000119909 0.000569947 0.00219426 0.00684251 0.0172837 0.0353655 0.0586254 0.0787418 0.0857117 0.0756636 0.0542935 0.0319528 0.0160129 0.00793281 0.00555258 0.00631785 0.00867818 0.0119564 0.0158495 0.0201182 0.0244895 0.0286659 0.0323681 0.0353765 0.0375535 0.0388411 0.0392415 0.0387922 0.0375479 0.0355764 0.0329654 0.0298314 0.0263247 0.0226223
pSPR Fmed_Fpbrs
0.44135   0.333259 0.333259
Fs Fmed_Fpbrs
0.64   1.005 1.005
SSBpbr Bo_Bmed_Bpbrs
2.71597e+06  1.06289e+06  769322 769322
Ro
59440.2
SPR SPRFo_SPRFmed_SPRFpbrs
1.2277e+06 541845 409142
log_Ro
10.8127
likeval ReclasPelacesDesembMPH_pf_preclas_ppelaces_ptallas_desvR_qrecl_qpela
 100.425 42.8127 0.035165 44.5122 347.866 219.461 58.3302 0 22.1733 9.59936e-05 0 0 0 0 0
q_reclas_q_pelaces
0.249483 1
M
0.7
N
 58021.8 17681 6656.98 792.508 0.390396
 76539.7 26749.3 6080.46 2289.32 272.675
 46211.8 35764.2 9831.43 2234.81 941.633
 72430.4 21045.8 11577.8 3182.7 1028.3
 113690 35381.6 9635.38 5300.68 1927.92
 76507.9 56265.3 17277.1 4705.04 3529.79
 125522 36651.5 23391.8 7182.83 3423.56
 156539 60879.8 16197.6 10337.7 4687.34
 225590 74252.8 24102 6412.56 5948.34
 188927 107232 29703.7 9641.67 4944.8
 79285.4 91046.8 45912.4 12718 6245.35
 41330.5 37116.6 33774.8 17031.7 7034.65
 41258.7 19481.8 14244.3 12961.8 9236.01
 21446.8 18925 6533.9 4777.34 7444.82
 17415.1 9307.76 4827.59 1666.74 3117.76
 16537.6 7640.02 2504.45 1298.96 1287.37
 11840.2 7737.5 2826.16 926.433 956.724
 19094.8 5530.64 2839.19 1037.03 691.003
 31067 9010.46 2134.01 1095.5 666.763
 48672.3 14824 3673.45 870.007 718.454
 56225.7 23392 6261.96 1551.74 670.996
 93430.2 27517.5 10809.7 2893.71 1027.15
 120769 45523.9 12440.9 4887.14 1772.65
 168361 58759 20433.7 5584.18 2989.3
 58773.4 81902.9 26356 9165.41 3845.58
 68889.5 28656.8 37153.7 11955.9 5902.19
pred_Ctot
 3001.22 3993.02 1503.39 178.977 0.0881657
 3261.71 5086.29 1156.18 435.306 51.8483
 2768.78 9175.13 2522.21 573.33 241.572
 849.881 1186.78 652.878 179.474 57.9863
 277.532 424.523 115.609 63.5997 23.132
 1946.33 6655.31 2043.62 556.533 417.519
 2106.68 2920.4 1863.87 572.33 272.79
 5056.53 8994.12 2392.97 1527.25 692.488
 6958.91 10512.5 3412.3 907.873 842.15
 4020.59 10717.3 2968.74 963.636 494.208
 3277.39 16844.4 8494.17 2352.93 1155.44
 1514.11 6154.6 5600.46 2824.16 1166.47
 2274.69 4651.58 3401.06 3094.84 2205.24
 1959.29 6873.96 2373.25 1735.23 2704.12
 1470.37 3175.66 1647.1 568.664 1063.73
 690.052 1425.46 467.274 242.358 240.195
 507.236 1478.25 539.939 176.995 182.782
 685.188 899.906 461.972 168.738 112.435
 875.827 1173.3 277.881 142.652 86.8228
 1128.77 1607.16 398.26 94.3224 77.8917
 584.68 1172.79 313.952 77.7983 33.6413
 1264.55 1782.12 700.07 187.406 66.5214
 1759.13 3165.02 864.945 339.776 123.243
 2469.21 4112.27 1430.06 390.811 209.207
 767.202 5121.67 1648.13 573.145 240.477
 1001.54 1988.7 2578.35 829.702 409.594
F
 0.0743105 0.367413 0.367413 0.367413 0.367413
 0.0608629 0.300924 0.300924 0.300924 0.300924
 0.086535 0.427854 0.427854 0.427854 0.427854
 0.0164346 0.0812575 0.0812575 0.0812575 0.0812575
 0.00339949 0.0168081 0.0168081 0.0168081 0.0168081
 0.0359385 0.17769 0.17769 0.17769 0.17769
 0.0235813 0.116593 0.116593 0.116593 0.116593
 0.0458316 0.226604 0.226604 0.226604 0.226604
 0.0437276 0.216202 0.216202 0.216202 0.216202
 0.0299854 0.148257 0.148257 0.148257 0.148257
 0.0589892 0.291659 0.291659 0.291659 0.291659
 0.0521217 0.257704 0.257704 0.257704 0.257704
 0.0793798 0.392476 0.392476 0.392476 0.392476
 0.134728 0.666135 0.666135 0.666135 0.666135
 0.123937 0.612781 0.612781 0.612781 0.612781
 0.0595599 0.294481 0.294481 0.294481 0.294481
 0.061194 0.302561 0.302561 0.302561 0.302561
 0.0510293 0.252304 0.252304 0.252304 0.252304
 0.0398955 0.197255 0.197255 0.197255 0.197255
 0.032716 0.161757 0.161757 0.161757 0.161757
 0.0145528 0.0719531 0.0719531 0.0719531 0.0719531
 0.0189784 0.0938348 0.0938348 0.0938348 0.0938348
 0.0204376 0.101049 0.101049 0.101049 0.101049
 0.0205793 0.10175 0.10175 0.10175 0.10175
 0.0182982 0.0904716 0.0904716 0.0904716 0.0904716
 0.0203984 0.100856 0.100856 0.100856 0.100856
Np
 40959.2 16598.5 6092.79 2338.56 3583.08
YTP_r0W_actual
 82981.5 351057 632546 238725 128098
YTP_p0W_proyectada
 44952.2 349187 194835 322593 166918
 44952.2 172917 92270.2 45228.2 76901
CTP_r0_actual
 9220.17 13821.1 17919.1 5766.3 2846.61
CTP_p0_proyectada
 5481.98 16166.1 6204.93 8044.71 3750.96
 5481.98 8005.43 2938.54 1127.88 1728.11
Wmedp
 8.2 21.6 31.4 40.1 44.5
nmprior
 10.8 10.6 4.6 0
nm_flota  nm_reclas  nm_pelaces    nm_pelaL
inf 10.7998 15.2346 45.286
cv_recla  cv_pelaces  cv_mph
0.738775 0.358383 0.544746
 ------------------------------------------------
Talla a la edad & desviaci?n 
 7.2 14.2025 17.0495 18.207 18.6776
 1.08 2.13037 2.55742 2.73105 2.80164
