years
 1997 1998 1999 2000 2001 2002 2003 2004 2005 2006 2007 2008 2009 2010 2011 2012 2013 2014 2015 2016 2017 2018 2019 2020 2021 2022
reclasobs
 0 0 0 370054 412103 1.49427e+06 250295 1.28982e+06 931140 785840 897777 1.04006e+06 184774 17550 25797 100020 73551 82996 120727 218422 84188 347160 605670 569463 516374 1.08416e+06
reclaspred
 2.83889e+06 689559 1.48081e+06 604459 301448 1.07462e+06 4.22722e+06 3.13351e+06 3.62555e+06 3.24472e+06 4.48825e+06 4.54025e+06 3.29533e+06 2.06777e+06 1.31248e+06 744291 529744 506050 511747 602808 491404 556466 1.27737e+06 1.3843e+06 1.84749e+06 1.80462e+06
pelacesobs
 0 0 0 0 0 0 0 0 0 2.06254e+06 1.5e+06 0 1.87456e+06 323000 250000 174000 83755 137374 0 501740 490994 745055 786931 1.00524e+06 1.33801e+06 1.41789e+06
pelacespred
 2.38454e+06 873692 516395 479985 214765 430399 1.50521e+06 2.2206e+06 2.19791e+06 2.07148e+06 2.68646e+06 2.72963e+06 2.08887e+06 1.38019e+06 834832 478473 322834 279975 297403 322571 311207 310050 549990 777494 965161 1.05163e+06
mphobs
 0 0 0 0 0 0 112323 0 153150 637223 0 255016 313432 73983 77613 109348 50772 17779 17303 59886 28197 0 207744 136588 643089 65757
mphpred
 1.84918e+06 1.50144e+06 885781 825425 367493 315404 2.6125e+06 2.71602e+06 3.61465e+06 2.9008e+06 3.48646e+06 4.54756e+06 3.30805e+06 2.3246e+06 1.3844e+06 768816 443152 404792 416575 504905 449184 416210 822576 1.12406e+06 1.44286e+06 1.43706e+06
desembarqueobs
 350755 77701 442110 56441 14545 235359 269955 359681 431902 328805 639364 411747 362871 311530 167758 66681 60226 58785 57116 73181 50977 67692 138656 160484 209506 203330
desembarquepred
 322667 78512.8 168609 68825.2 34322.5 121987 481307 356185 412705 369062 510440 516892 375097 235435 149439 84741 60275.1 57590.5 58211.3 68627.2 55913.8 63266 145375 157465 210286 205330
Reclutas
 208473 4331.16 633.577 444.995 1226.23 411607 8872.71 414541 76679.5 327843 478765 62876.2 106135 7991.23 3023.89 6323.81 28789.2 18420.9 46654.2 7532.34 26739.1 113709 77434.1 140518 47925.4 119978
log_desv_Rt
 1.94676 -1.92721 -3.84942 -4.20274 -3.1891 2.62702 -1.21006 2.63413 0.94659 2.39949 2.77817 0.748124 1.27167 -1.3147 -2.2865 -1.54872 -0.033044 -0.479557 0.449719 -1.37384 -0.106916 1.3406 0.956382 1.55229 0.476602 1.39427
SSB
 1.84918e+06 1.50144e+06 885781 825425 367493 315404 2.54974e+06 2.69429e+06 3.55659e+06 2.8544e+06 3.48646e+06 4.54756e+06 3.36204e+06 2.36259e+06 1.43003e+06 813700 484347 431844 426785 538716 460201 416210 842772 1.10606e+06 1.53937e+06 1.57063e+06
BT
 7.79281e+06 1.71619e+06 1.01663e+06 942043 424045 1.43196e+06 3.00777e+06 5.91286e+06 4.6222e+06 5.04431e+06 6.8396e+06 5.5599e+06 4.41792e+06 2.72388e+06 1.64625e+06 951688 731534 618102 700739 655223 714452 770249 1.2219e+06 1.84529e+06 2.06074e+06 2.3928e+06
Ftot
 0.110803 0.110803 0.110803 0.110803 0.110803 0.110803 0.110803 0.110803 0.110803 0.110803 0.110803 0.110803 0.110803 0.110803 0.110803 0.110803 0.110803 0.110803 0.110803 0.110803 0.110803 0.110803 0.110803 0.110803 0.110803 0.110803
BD_Bspro_t
 0.985976 0.915051 0.8247 0.740639 0.666079 0.734204 0.903441 0.843349 0.862315 0.813781 0.83602 0.838606 0.780878 0.743547 0.684944 0.634553 0.60608 0.68624 0.730618 0.792118 0.767662 0.793239 0.857205 0.843589 0.847008 0.811509
BD_Bspro
 3.00875 2.44295 1.44123 1.34303 0.59794 0.513186 4.14862 4.38382 5.78684 4.64433 5.67273 7.39924 5.47029 3.84412 2.32677 1.32395 0.788069 0.702644 0.694412 0.876532 0.748783 0.677206 1.37125 1.79965 2.50467 2.55554
BD_Bo
 0.374084 0.303737 0.179191 0.166981 0.074343 0.0638055 0.515806 0.545049 0.719489 0.577439 0.705301 0.919961 0.680132 0.477947 0.289292 0.16461 0.0979821 0.0873611 0.0863376 0.108981 0.0930977 0.0841984 0.170491 0.223754 0.311411 0.317735
BD_Brms
 1.81826 1.47633 0.87097 0.811623 0.361349 0.31013 2.50711 2.64924 3.49712 2.80668 3.42816 4.47153 3.30583 2.32309 1.40612 0.800095 0.476248 0.424624 0.419649 0.529708 0.452507 0.409251 0.828681 1.08757 1.51363 1.54437
S_f
 0.5 1 1 1 1
 0.5 1 1 1 1
 0.5 1 1 1 1
 0.5 1 1 1 1
 0.5 1 1 1 1
 0.5 1 1 1 1
 0.5 1 1 1 1
 0.5 1 1 1 1
 0.5 1 1 1 1
 0.5 1 1 1 1
 0.5 1 1 1 1
 0.5 1 1 1 1
 0.5 1 1 1 1
 0.5 1 1 1 1
 0.5 1 1 1 1
 0.5 1 1 1 1
 0.5 1 1 1 1
 0.5 1 1 1 1
 0.5 1 1 1 1
 0.5 1 1 1 1
 0.5 1 1 1 1
 0.5 1 1 1 1
 0.5 1 1 1 1
 0.5 1 1 1 1
 0.5 1 1 1 1
 0.5 1 1 1 1
Scru_reclas
 0.5 1 1 1 1
 0.5 1 1 1 1
 0.5 1 1 1 1
 0.5 1 1 1 1
 0.5 1 1 1 1
 0.5 1 1 1 1
 0.5 1 1 1 1
 0.5 1 1 1 1
 0.5 1 1 1 1
 0.5 1 1 1 1
 0.5 1 1 1 1
 0.5 1 1 1 1
 0.5 1 1 1 1
 0.5 1 1 1 1
 0.5 1 1 1 1
 0.5 1 1 1 1
 0.5 1 1 1 1
 0.5 1 1 1 1
 0.5 1 1 1 1
 0.5 1 1 1 1
 0.5 1 1 1 1
 0.5 1 1 1 1
 0.5 1 1 1 1
 0.5 1 1 1 1
 0.5 1 1 1 1
 0.5 1 1 1 1
Scru_pelaces
 0.5 1 1 1 1
 0.5 1 1 1 1
 0.5 1 1 1 1
 0.5 1 1 1 1
 0.5 1 1 1 1
 0.5 1 1 1 1
 0.5 1 1 1 1
 0.5 1 1 1 1
 0.5 1 1 1 1
 0.5 1 1 1 1
 0.5 1 1 1 1
 0.5 1 1 1 1
 0.5 1 1 1 1
 0.5 1 1 1 1
 0.5 1 1 1 1
 0.5 1 1 1 1
 0.5 1 1 1 1
 0.5 1 1 1 1
 0.5 1 1 1 1
 0.5 1 1 1 1
 0.5 1 1 1 1
 0.5 1 1 1 1
 0.5 1 1 1 1
 0.5 1 1 1 1
 0.5 1 1 1 1
 0.5 1 1 1 1
pf_obs 
 0.256992 0.487395 0.22802 0.0275931 0
 0.321318 0.546541 0.124235 0.00734118 0.000564706
 0.182869 0.594174 0.210203 0.0122559 0.00049798
 0.330522 0.361315 0.267642 0.0388342 0.00168674
 0.649043 0.306663 0.0425973 0.00169635 0
 0.582887 0.30429 0.105238 0.00758474 0
 0.465427 0.430635 0.0974691 0.00646863 0
 0.296916 0.608066 0.0921331 0.00288517 0
 0.311714 0.524322 0.152257 0.0117073 0
 0.15457 0.633149 0.183074 0.0267441 0.00246327
 0.131901 0.49318 0.331252 0.0422183 0.00144891
 0.196976 0.569456 0.194076 0.0375587 0.00193317
 0.518974 0.381816 0.0799577 0.0180837 0.00116848
 0.0928022 0.601141 0.25162 0.0475244 0.00691264
 0.122501 0.610282 0.24278 0.0234846 0.000952079
 0.383417 0.481906 0.127806 0.00687128 0
 0.0376549 0.599619 0.316969 0.0457579 0
 0.0361596 0.667082 0.258105 0.0386534 0
 0.158088 0.579412 0.248529 0.0139706 0
 0.0477256 0.309471 0.559284 0.082774 0.000745712
 0.0406174 0.521527 0.379366 0.0568643 0.0016247
 0.151134 0.462217 0.34131 0.0453401 0
 0.294876 0.26143 0.354403 0.0886775 0.000613685
 0.281977 0.475581 0.204845 0.0348837 0.00271318
 0.0841818 0.532909 0.334909 0.0458182 0.00218182
 0.115287 0.27431 0.454777 0.147771 0.00785563
pf_pred 
 0.75239 0.124651 0.0618997 0.0307385 0.0303215
 0.0191603 0.845929 0.0679159 0.033726 0.0332685
 0.00614168 0.0385105 0.823944 0.0661508 0.0652534
 0.00954939 0.0124712 0.0378952 0.81078 0.129305
 0.0553601 0.0184276 0.0116623 0.0354374 0.879113
 0.975297 0.0026651 0.000429902 0.000272073 0.0213358
 0.0226893 0.96546 0.00127849 0.00020623 0.0103656
 0.699578 0.0137345 0.283211 0.000375035 0.00310118
 0.143046 0.709337 0.0067486 0.13916 0.00170808
 0.544259 0.116763 0.280587 0.00266949 0.0557219
 0.531073 0.333569 0.0346794 0.083336 0.0173426
 0.0911341 0.636508 0.19374 0.0201422 0.0584752
 0.239834 0.130325 0.441098 0.134261 0.0544816
 0.0313537 0.381963 0.100582 0.340432 0.145669
 0.0251795 0.0610356 0.360329 0.0948858 0.45857
 0.10344 0.0453696 0.0532948 0.314631 0.483264
 0.488339 0.0983917 0.0209131 0.0245662 0.36779
 0.316316 0.453448 0.0442741 0.00941042 0.176551
 0.574216 0.207962 0.144469 0.0141057 0.0592476
 0.114642 0.651317 0.11431 0.0794102 0.0403201
 0.449359 0.116108 0.319666 0.0561035 0.0587636
 0.744169 0.160514 0.0200986 0.0553351 0.0198838
 0.388902 0.523829 0.054754 0.006856 0.0256585
 0.529 0.267389 0.174534 0.0182434 0.0108334
 0.206195 0.554538 0.135833 0.0886625 0.0147709
 0.487818 0.178734 0.232941 0.0570584 0.0434485
pobs_RECLAS
 0 0 0 0 0
 0 0 0 0 0
 0 0 0 0 0
 0 0 0 0 0
 0.835266 0.146461 0.0176864 0.000547809 3.91292e-05
 0.385257 0.428462 0.181853 0.0044286 0
 0.867414 0.0963971 0.0333333 0.00285562 0
 0.441836 0.489002 0.0689373 0.000224442 0
 0.779404 0.147425 0.0564933 0.0165055 0.000172143
 0.814271 0.122319 0.05973 0.00367925 0
 0.40263 0.566651 0.0304383 0.000280538 0
 0.475488 0.404961 0.113038 0.00651328 0
 0.955842 0.0263864 0.0167828 0.000988607 0
 0.975058 0.0227948 0.00214734 0 0
 0.738997 0.206755 0.0527124 0.00153531 0
 0.850938 0.134255 0.0134407 0.00136685 0
 0.542534 0.407297 0.0501686 0 0
 0.764087 0.199537 0.0359546 0.000420521 0
 0.470689 0.182191 0.310203 0.0369168 0
 0.84361 0.089868 0.0606195 0.00523954 0.000663233
 0.607945 0.314616 0.071237 0.00620181 0
 0.523733 0.453247 0.0230204 0 0
 0.530135 0.295979 0.169645 0.0042399 0
 0.562478 0.366248 0.0663022 0.0049721 0
 0.250443 0.683176 0.0655157 0.000865301 0
 0.195077 0.31981 0.436473 0.0351445 0.0134964
ppred_RECLAS
 0.753056 0.124315 0.0617332 0.0306558 0.0302399
 0.0192276 0.845871 0.0679112 0.0337237 0.0332662
 0.00616357 0.0385097 0.823926 0.0661493 0.0652519
 0.0095833 0.0124707 0.0378939 0.810752 0.1293
 0.0555476 0.0184239 0.01166 0.0354304 0.878938
 0.975383 0.00265581 0.000428404 0.000271125 0.0212614
 0.0227688 0.965382 0.00127838 0.000206213 0.0103648
 0.70033 0.0137001 0.282503 0.000374097 0.00309342
 0.143486 0.708974 0.00674515 0.139088 0.00170721
 0.545146 0.116536 0.28004 0.00266429 0.0556133
 0.531965 0.332935 0.0346135 0.0831776 0.0173096
 0.091431 0.6363 0.193677 0.0201356 0.0584561
 0.240487 0.130213 0.440719 0.134146 0.0544348
 0.0314626 0.38192 0.100571 0.340394 0.145652
 0.0252675 0.06103 0.360297 0.0948772 0.458528
 0.103773 0.0453527 0.053275 0.314514 0.483085
 0.489234 0.0982197 0.0208765 0.0245233 0.367147
 0.317091 0.452934 0.0442239 0.00939976 0.176351
 0.575091 0.207534 0.144172 0.0140768 0.0591258
 0.115006 0.65105 0.114263 0.0793776 0.0403036
 0.450244 0.115921 0.319152 0.0560132 0.0586691
 0.74485 0.160086 0.0200452 0.0551879 0.0198309
 0.389753 0.5231 0.0546777 0.00684645 0.0256228
 0.529892 0.266883 0.174203 0.0182088 0.0108129
 0.206782 0.554129 0.135733 0.088597 0.01476
 0.488712 0.178422 0.232534 0.0569587 0.0433727
pobs_PELACES
 0 0 0 0 0
 0 0 0 0 0
 0 0 0 0 0
 0 0 0 0 0
 0 0 0 0 0
 0 0 0 0 0
 0 0 0 0 0
 0 0 0 0 0
 0 0 0 0 0
 0 0 0 0 0
 0.450072 0.473896 0.0757376 0.000293798 0
 0 0 0 0 0
 0.463077 0.371075 0.160297 0.00555027 0
 0.529543 0.364841 0.0842815 0.0213345 0
 0.631943 0.363953 0.00410389 0 0
 0.735681 0.248677 0.0153453 0.000297389 0
 0.695825 0.281241 0.0229344 0 0
 0.275771 0.60734 0.115278 0.00161068 0
 0 0 0 0 0
 0.896147 0.0623911 0.0374545 0.00400742 0
 0.803859 0.145111 0.0509908 3.86294e-05 0
 0.739449 0.233085 0.0266225 0.000797448 4.60066e-05
 0.878498 0.100942 0.0204185 0.000141795 0
 0.694673 0.275183 0.0284847 0.00165964 0
 0.469039 0.446079 0.0841089 0.000773354 0
 0.822795 0.102175 0.0682046 0.00682512 0
ppred_PELACES
 0.75644 0.122612 0.0608872 0.0302357 0.0298255
 0.0195754 0.845571 0.0678872 0.0337118 0.0332544
 0.00627657 0.0385053 0.823832 0.0661418 0.0652445
 0.00975839 0.0124685 0.0378872 0.810608 0.129277
 0.0565146 0.018405 0.0116481 0.0353941 0.878038
 0.975818 0.00260886 0.00042083 0.000266332 0.0208856
 0.0231791 0.964976 0.00127784 0.000206127 0.0103604
 0.704152 0.0135253 0.278899 0.000369325 0.00305396
 0.145747 0.707102 0.00672734 0.138721 0.0017027
 0.549676 0.115375 0.277252 0.00263776 0.0550595
 0.536514 0.329699 0.034277 0.0823692 0.0171414
 0.0929611 0.635229 0.193351 0.0201017 0.0583577
 0.243842 0.129638 0.438772 0.133554 0.0541943
 0.0320245 0.381698 0.100513 0.340197 0.145568
 0.0257218 0.0610016 0.360129 0.094833 0.458315
 0.105485 0.0452661 0.0531732 0.313913 0.482162
 0.493803 0.097341 0.0206898 0.0243039 0.363862
 0.321063 0.4503 0.0439667 0.00934509 0.175326
 0.579552 0.205355 0.142658 0.013929 0.058505
 0.11688 0.649671 0.114021 0.0792095 0.0402182
 0.454774 0.114966 0.316523 0.0555517 0.0581857
 0.748309 0.157916 0.0197734 0.0544397 0.0195621
 0.39411 0.519365 0.0542873 0.00679757 0.0254398
 0.534444 0.264299 0.172516 0.0180325 0.0107082
 0.209797 0.552023 0.135217 0.0882603 0.0147039
 0.493281 0.176828 0.230456 0.0564497 0.0429851
pobs_pel_tallas
 0 0 0 0 0 0 0 0 0 0 0 0 0 0 0 0 0 0 0 0 0 0 0 0 0 0 0 0 0 0 0 0 0 0 0 0
 0 0 0 0 0 0 0 0 0 0 0 0 0 0 0 0 0 0 0 0 0 0 0 0 0 0 0 0 0 0 0 0 0 0 0 0
 0 0 0 0 0 0 0 0 0 0 0 0 0 0 0 0 0 0 0 0 0 0 0 0 0 0 0 0 0 0 0 0 0 0 0 0
 0 0 0 0 0 0 0 0 0 0 0 0 0 0 0 0 0 0 0 0 0 0 0 0 0 0 0 0 0 0 0 0 0 0 0 0
 0 0 0 0 0 0 0 0 0 0 0 0 0 0 0 0 0 0 0 0 0 0 0 0 0 0 0 0 0 0 0 0 0 0 0 0
 0 0 0 0 0 0 0 0 0 0 0 0 0 0 0 0 0 0 0 0 0 0 0 0 0 0 0 0 0 0 0 0 0 0 0 0
 0 0 0 0 0 0 0 0 0 0 0 0 0 0 0 0 0 0 0 0 0 0 0 0 0 0 0 0 0 0 0 0 0 0 0 0
 0 0 0 0 0 0 0 0 0 0 0 0 0 0 0 0 0 0 0 0 0 0 0 0 0 0 0 0 0 0 0 0 0 0 0 0
 0 0 0 0 0 0 0 0 0 0 0 0 0 0 0 0 0 0 0 0 0 0 0 0 0 0 0 0 0 0 0 0 0 0 0 0
 0 0 0 0 0 0 0 0 0 0 0 0 0 0 0 0 0 0 0 0 0 0 0 0 0 0 0 0 0 0 0 0 0 0 0 0
 0 0 0 0 0 0 0 0 1.78061e-05 0.00172719 0.00360574 0.0105946 0.0120993 0.0124554 0.0147524 0.0171206 0.0266825 0.0428682 0.0675386 0.121331 0.153587 0.119568 0.100827 0.0573624 0.0630603 0.0341343 0.0324427 0.0444173 0.0211091 0.0280891 0.0125444 0.00206551 0 0 0 0
 0 0 0 0 0 0 0 0 0 0 0 0 0 0 0 0 0 0 0 0 0 0 0 0 0 0 0 0 0 0 0 0 0 0 0 0
 0 0 0 0 0 0 0.0133647 0.0140871 0.0187388 0.0205184 0.03894 0.0496705 0.03968 0.0493445 0.0407372 0.0367815 0.0215668 0.0243155 0.0234873 0.0199281 0.019796 0.0243948 0.0301388 0.0376714 0.0412746 0.0863199 0.0771752 0.113111 0.0741005 0.0525337 0.0229764 0.00759418 0.00175318 0 0 0
 0 0 0 0 0 0 0 0 0 0 0.00219441 0.00772107 0.0458388 0.0604681 0.0671733 0.0775358 0.0609151 0.0617685 0.073594 0.0568108 0.0755445 0.0548602 0.0670107 0.0636378 0.0643287 0.046367 0.0373049 0.0286899 0.0247887 0.0153202 0.00654259 0.00121912 0.000365735 0 0 0
 0 0 0 0 0 0 0 0 0 0 0 0 0.000112435 0.00938835 0.0111873 0.0202946 0.0414886 0.0713402 0.111592 0.104902 0.108894 0.110636 0.117776 0.105296 0.107544 0.0401394 0.0192827 0.0124803 0.00416011 0.0028671 0.000618394 0 0 0 0 0
 0 0 0 0 0 0 0 0 0 0 0.00291406 0.0102884 0.027416 0.0768956 0.0749926 0.110853 0.0956884 0.0897413 0.0766577 0.0534642 0.0500743 0.0551293 0.0594112 0.0620874 0.0668451 0.0424026 0.0208742 0.0120726 0.0048766 0.00582813 0.00118941 0.000297354 0 0 0 0
 0 0.00264628 0.0354308 0.0461629 0.0458689 0.0383711 0.0214643 0.0164657 0.0346957 0.0420465 0.0363128 0.0245516 0.0311673 0.0291091 0.0169068 0.0133784 0.00837989 0.0085269 0.0148486 0.0160247 0.0276389 0.0546898 0.0760071 0.122758 0.109233 0.0665981 0.0333725 0.0166128 0.00676272 0.00308733 0.000882094 0 0 0 0 0
 0 0 0 0 0 0 0 0.000805153 0.000690131 0.00759144 0.0133425 0.0154129 0.00931677 0.000345066 0.00356568 0.00563607 0.00851162 0.0253048 0.0502646 0.0516448 0.0657925 0.0565908 0.0611916 0.0827007 0.0866115 0.110766 0.145733 0.0935128 0.0569358 0.0249597 0.0138026 0.00621118 0.00161031 0.00115022 0 0
 0 0 0 0 0 0 0 0 0 0 0 0 0 0 0 0 0 0 0 0 0 0 0 0 0 0 0 0 0 0 0 0 0 0 0 0
 0.00147267 0.00158595 0.00478618 0.00569244 0.00954404 0.0108468 0.00647125 0.017049 0.0510054 0.094081 0.124002 0.0959785 0.0687766 0.0820023 0.061753 0.0591476 0.0492212 0.0479892 0.0443925 0.0268479 0.0217502 0.0140895 0.0121071 0.0120363 0.00920419 0.00665534 0.0049561 0.00860946 0.00930331 0.0156896 0.0114698 0.00855282 0.00243557 0.00046729 0 2.83206e-05
 0 0 0 0 0.000772559 0.00158375 0.000888443 0.00281984 0.00712685 0.0440552 0.0773331 0.111326 0.0921469 0.0852325 0.0710754 0.0886704 0.0786465 0.0553345 0.0373146 0.0185414 0.00753245 0.00457741 0.012979 0.0271748 0.0457355 0.0583668 0.034881 0.0177882 0.00938659 0.00492506 0.0015258 0.00185414 0.000309023 5.79419e-05 3.86279e-05 0
 0 0.00173294 0.00326652 0 0.00397197 0.00683976 0.00946217 0.0152591 0.00757587 0.0136028 0.0228656 0.0392903 0.0559909 0.0764795 0.0681675 0.0726916 0.0566044 0.0477403 0.0527397 0.0444891 0.0609904 0.0582453 0.0661739 0.0445044 0.0529084 0.0360697 0.0280645 0.0235558 0.0158879 0.00826598 0.00280645 0.00217768 0.000904811 0.00058276 9.20147e-05 0
 0 0 0 0 0 0 0 0 0 0 0 0 0 0 0 0 0 0 0 0 0 0 0 0 0 0 0 0 0 0 0 0 0 0 0 0
 0 0 0 0 0 0 0 0 0 0 0 0 0 0 0 0 0 0 0 0 0 0 0 0 0 0 0 0 0 0 0 0 0 0 0 0
 0 0 0 0 0 0 0 0 0 0 0 0 0 0 0 0 0 0 0 0 0 0 0 0 0 0 0 0 0 0 0 0 0 0 0 0
 0 0 0 0 0 0 0 0 0 0 0 0 0 0 0 0 0 0 0 0 0 0 0 0 0 0 0 0 0 0 0 0 0 0 0 0
ppred_pel_tallas
 1.03337e-16 3.3002e-05 0.000193701 0.000920777 0.00354506 0.011055 0.0279239 0.0571357 0.0947073 0.127185 0.138391 0.122044 0.0873043 0.0508332 0.0244506 0.0103996 0.00506179 0.00418755 0.0051834 0.00693132 0.00900576 0.0111805 0.0132575 0.0150488 0.0164043 0.0172393 0.0175458 0.0173823 0.0168469 0.0160461 0.0150688 0.0139745 0.0127958 0.0115492 0.0102494 0.00891867
 1.03952e-16 9.00547e-07 5.17051e-06 2.43362e-05 9.32898e-05 0.000290562 0.000734881 0.00151035 0.0025289 0.00347278 0.00398089 0.00399142 0.00390425 0.00439095 0.00607752 0.0093972 0.0146231 0.0218992 0.0311697 0.0420552 0.0537744 0.0651798 0.0749265 0.0817401 0.0847102 0.0835088 0.078467 0.0704721 0.0607343 0.0504981 0.0407938 0.0322931 0.0252863 0.0197553 0.0154921 0.0122174
 1.17029e-16 2.89794e-07 1.65452e-06 7.77518e-06 2.97866e-05 9.27116e-05 0.0002342 0.0004802 0.000800194 0.00108767 0.00121821 0.00115755 0.00101233 0.000970463 0.00120576 0.00184525 0.00300382 0.00482592 0.00749406 0.0112061 0.0161362 0.022389 0.0299529 0.0386601 0.0481612 0.0579267 0.0672805 0.0754689 0.081756 0.0855333 0.0864175 0.0843165 0.0794489 0.0723054 0.0635687 0.0540044
 1.34436e-16 4.37443e-07 2.53154e-06 1.1967e-05 4.59649e-05 0.000143202 0.000361672 0.000740486 0.00122956 0.00165794 0.0018219 0.0016495 0.00127477 0.000938982 0.000836228 0.00105798 0.00164672 0.00266792 0.00424104 0.00653337 0.00973853 0.0140492 0.0196242 0.0265492 0.0347945 0.0441777 0.0543396 0.0647456 0.0747177 0.0835002 0.0903514 0.0946464 0.0959729 0.0941944 0.0894768 0.0822594
 1.42415e-16 2.47576e-06 1.44995e-05 6.88666e-05 0.000265048 0.000826409 0.00208739 0.0042714 0.00708187 0.00951566 0.010368 0.00917646 0.00663778 0.00401698 0.00222937 0.00149131 0.00160273 0.00234249 0.00364207 0.00557162 0.00827565 0.0119232 0.0166736 0.0226443 0.029877 0.0383002 0.0476987 0.0576953 0.0677566 0.0772277 0.0853971 0.0915829 0.095228 0.0959837 0.0937632 0.0887605
 1.00993e-16 4.25629e-05 0.000249843 0.00118771 0.00457287 0.0142602 0.0360198 0.0736995 0.122158 0.164034 0.178448 0.157274 0.112299 0.0649665 0.0304601 0.0115945 0.00362101 0.000993166 0.000341726 0.000264857 0.000331599 0.000440896 0.000574194 0.000728222 0.000901332 0.0010911 0.00129355 0.00150242 0.00170869 0.00190061 0.00206448 0.00218632 0.00225396 0.00225915 0.00219915 0.0020775
 1.00824e-16 1.06244e-06 6.1102e-06 2.87797e-05 0.000110358 0.000343759 0.000869392 0.00178644 0.00298973 0.00410128 0.0046901 0.00467706 0.00452578 0.0050163 0.00686847 0.0105677 0.0164052 0.0245189 0.0348152 0.0468294 0.0596385 0.0719065 0.0820833 0.0887178 0.0907982 0.0880055 0.0807986 0.0702913 0.0579745 0.0453723 0.0337431 0.0239028 0.0161912 0.0105549 0.00668866 0.00418189
 1.04119e-16 3.07182e-05 0.000180301 0.000857095 0.0032999 0.0102905 0.0259927 0.0531835 0.088154 0.118378 0.12879 0.113534 0.0811239 0.0470496 0.0222901 0.00891007 0.00352713 0.00219333 0.00253842 0.00361133 0.00515054 0.00710841 0.00945868 0.0121363 0.0150211 0.0179388 0.0206735 0.0229909 0.0246703 0.025538 0.0254977 0.0245476 0.0227834 0.0203818 0.0175717 0.0145977
 1.05172e-16 6.39639e-06 3.74492e-05 0.000177822 0.0006843 0.00213364 0.00539016 0.0110343 0.0183109 0.0246522 0.0269879 0.024189 0.0181523 0.0122824 0.00911548 0.00938683 0.0126954 0.018427 0.0260904 0.0351868 0.0450127 0.0546057 0.062852 0.0687015 0.0714081 0.0707095 0.0668866 0.0606738 0.0530621 0.0450566 0.0374727 0.0308209 0.0252965 0.0208478 0.0172827 0.0143702
 1.06637e-16 2.39863e-05 0.00014077 0.000669139 0.00257619 0.00803357 0.0202921 0.0415205 0.0688254 0.0924325 0.10059 0.0887392 0.063549 0.0371437 0.0181389 0.00820045 0.00474431 0.00473463 0.00634041 0.00879604 0.0118226 0.015259 0.0189295 0.022625 0.0261233 0.029214 0.0317184 0.033499 0.0344615 0.0345552 0.0337747 0.0321639 0.0298207 0.0268943 0.0235749 0.0200733
 1.04226e-16 2.34205e-05 0.00013743 0.000653218 0.00251482 0.00784215 0.0198089 0.0405332 0.0671946 0.0902595 0.0982703 0.0868004 0.062394 0.0369372 0.0189053 0.00999676 0.00775035 0.00922471 0.0125836 0.0169338 0.0217537 0.0265578 0.0308254 0.0340654 0.0359188 0.0362402 0.0351254 0.0328723 0.0298935 0.0266098 0.0233619 0.0203625 0.0176951 0.0153467 0.0132552 0.0113526
 1.0637e-16 4.09227e-06 2.39274e-05 0.00011355 0.000436854 0.001362 0.003441 0.00704574 0.0116981 0.0157677 0.0173101 0.0156295 0.0119756 0.00857934 0.0071391 0.00822197 0.0116746 0.0171896 0.0244904 0.0332186 0.0427904 0.0523641 0.0609381 0.0675375 0.0714269 0.0722725 0.0702039 0.0657501 0.0596815 0.0528147 0.0458438 0.0392461 0.0332683 0.0279752 0.0233251 0.0192399
 1.13392e-16 1.06514e-05 6.24805e-05 0.000296936 0.00114311 0.00356455 0.00900384 0.018424 0.0305439 0.0410318 0.0446831 0.039491 0.0284392 0.0169458 0.00888999 0.00508658 0.00448125 0.00582735 0.00840735 0.0119537 0.0163741 0.0215737 0.0273887 0.0335786 0.0398429 0.0458446 0.0512344 0.0556733 0.058856 0.060538 0.0605655 0.0589028 0.0556508 0.0510445 0.0454292 0.0392164
 1.20043e-16 1.42404e-06 8.28793e-06 3.92543e-05 0.000150894 0.000470319 0.00118838 0.00243478 0.00404822 0.00547398 0.00605528 0.00557566 0.00450353 0.00366483 0.00372424 0.00497682 0.00748046 0.0112336 0.0162155 0.0223231 0.0293057 0.0367533 0.0441482 0.0509612 0.0567598 0.0612868 0.0644835 0.0664486 0.0673547 0.067357 0.0665316 0.0648645 0.0622883 0.058744 0.0542428 0.0489015
 1.29806e-16 1.13651e-06 6.62866e-06 3.14297e-05 0.000120875 0.000376783 0.000951743 0.00194828 0.00323324 0.00435373 0.00476841 0.00427944 0.00322508 0.00221449 0.00171334 0.00188706 0.00272884 0.00423473 0.00647299 0.00956333 0.0136306 0.0187647 0.024991 0.0322471 0.0403651 0.0490617 0.057939 0.0665011 0.0741895 0.0804383 0.0847417 0.0867239 0.0861976 0.0831945 0.077964 0.0709385
 1.34086e-16 4.61282e-06 2.70419e-05 0.000128486 0.000494582 0.00154219 0.00389542 0.00797101 0.0132149 0.0177538 0.0193368 0.0170975 0.0123297 0.00738289 0.00394563 0.00238876 0.00228681 0.00314888 0.00473628 0.00703252 0.0101248 0.0141211 0.0191071 0.0251195 0.0321221 0.039982 0.0484498 0.0571498 0.0655903 0.0731977 0.0793762 0.0835856 0.0854215 0.0846813 0.0814006 0.0758526
 1.18163e-16 2.15479e-05 0.00012646 0.000601116 0.0023143 0.0072169 0.0182293 0.0372995 0.0618281 0.0830336 0.0903576 0.0797032 0.0570573 0.0333069 0.0161839 0.00717492 0.00394739 0.0037637 0.0049736 0.0068946 0.00929852 0.0120866 0.0151738 0.018471 0.0218951 0.0253756 0.02885 0.0322464 0.0354625 0.0383507 0.04072 0.0423575 0.0430656 0.0427041 0.0412237 0.038685
 1.09285e-16 1.40305e-05 8.22918e-05 0.000391062 0.00150542 0.00469433 0.0118579 0.0242659 0.040235 0.0540693 0.05893 0.0521991 0.0378428 0.023048 0.012986 0.00879068 0.00910664 0.0122603 0.0171703 0.0232146 0.029871 0.0365297 0.0424998 0.0471253 0.0499304 0.050728 0.049655 0.047116 0.0436605 0.0398366 0.0360703 0.0326038 0.0294989 0.0266891 0.0240511 0.0214705
 1.05305e-16 2.52924e-05 0.00014843 0.00070554 0.00271632 0.00847053 0.021396 0.0437796 0.0725722 0.0974703 0.106088 0.0936266 0.0671292 0.0393966 0.0195337 0.00931829 0.00604031 0.00649541 0.00871984 0.0118346 0.0154349 0.019214 0.0228496 0.0260199 0.0284593 0.0300075 0.0306309 0.0304081 0.0294903 0.0280508 0.0262444 0.0241871 0.0219571 0.0196099 0.0171961 0.0147737
 1.06432e-16 5.13558e-06 3.00518e-05 0.000142664 0.00054895 0.00171157 0.00432398 0.00885246 0.014693 0.01979 0.0216875 0.0194917 0.0147423 0.0101974 0.00792906 0.00857403 0.0118608 0.0173405 0.0246425 0.0333565 0.0428654 0.0523018 0.060645 0.0669142 0.0703868 0.0707627 0.0682235 0.0633594 0.0569997 0.0500041 0.0430856 0.0367114 0.0310932 0.0262436 0.022063 0.0184205
 1.09159e-16 1.98482e-05 0.000116476 0.000553639 0.00213149 0.00664678 0.0167892 0.0343533 0.056946 0.0764814 0.0832392 0.0734521 0.0526442 0.0308575 0.0152357 0.00717837 0.00457389 0.00494001 0.00679126 0.00951907 0.0129079 0.0168256 0.0211106 0.025555 0.0299214 0.0339659 0.0374579 0.0401929 0.0420021 0.0427619 0.0424065 0.0409407 0.0384506 0.0351023 0.0311284 0.0268009
 1.03117e-16 3.26487e-05 0.000191624 0.000910897 0.00350701 0.0109363 0.0276242 0.0565227 0.0936922 0.125825 0.136919 0.120764 0.0864286 0.0504037 0.0243935 0.0106297 0.00554355 0.00493569 0.00623334 0.0083072 0.0106957 0.0131213 0.0153302 0.017089 0.0182248 0.0186626 0.0184373 0.0176753 0.0165538 0.0152514 0.0139092 0.0126102 0.011382 0.010214 0.00908082 0.00796221
 1.02363e-16 1.72188e-05 0.000101003 0.000480001 0.00184783 0.0057621 0.0145551 0.0297851 0.0493849 0.0663614 0.0723169 0.0640324 0.046368 0.028133 0.0156563 0.0103064 0.0103914 0.0138281 0.0192632 0.025915 0.033135 0.0401784 0.0462107 0.0504453 0.0523187 0.0516241 0.0485589 0.0436627 0.037675 0.0313592 0.02535 0.0200646 0.0156887 0.0122187 0.00953452 0.00747017
 1.03656e-16 2.3328e-05 0.000136892 0.000650672 0.00250504 0.00781164 0.0197317 0.040375 0.0669308 0.0899004 0.0978671 0.0864153 0.0620546 0.0366116 0.0185119 0.0094301 0.00690158 0.00799619 0.010906 0.0147904 0.0192067 0.0237664 0.028045 0.0316202 0.0341496 0.0354373 0.0354636 0.0343669 0.0323896 0.0298102 0.0268839 0.0238098 0.0207255 0.0177213 0.0148601 0.0121937
 1.05819e-16 9.18333e-06 5.38244e-05 0.000255701 0.000984203 0.00306891 0.00775239 0.0158665 0.0263161 0.0353889 0.0386343 0.0343735 0.0252504 0.016038 0.0102188 0.00865642 0.0105883 0.0150124 0.0212413 0.0287773 0.0370566 0.0453366 0.0527491 0.0584537 0.0618198 0.0625666 0.0608144 0.0570269 0.0518722 0.0460518 0.0401553 0.0345793 0.0295198 0.0250168 0.0210241 0.0174707
 1.07278e-16 2.15296e-05 0.000126342 0.000600533 0.00231202 0.00720975 0.0182113 0.0372634 0.061771 0.0829651 0.0903044 0.0797073 0.057172 0.0336001 0.0167509 0.00815227 0.00551738 0.00614462 0.00839319 0.0115479 0.0152953 0.0193967 0.0235849 0.0275696 0.0310801 0.0339053 0.0359156 0.0370609 0.0373508 0.03683 0.0355596 0.0336117 0.0310751 0.0280635 0.0247198 0.0212098
pSPR Fmed_Fpbrs
0.370712   0.255738 0.255738
Fs Fmed_Fpbrs
0.64   1.005 1.005
SSBpbr Bo_Bmed_Bpbrs
4.94321e+06  1.58535e+06  1.017e+06 1.017e+06
Ro
29756.4
SPR SPRFo_SPRFmed_SPRFpbrs
614599 227839 157176
log_Ro
10.1208
likeval ReclasPelacesDesembMPH_pf_preclas_ppelaces_ptallas_desvR_qrecl_qpela
 681.669 196.158 13840.5 629.609 588.382 441.818 95.9613 0 140.261 0 0 0 0 0 0
q_reclas_q_pelaces
1 1
M
0.7
N
 208473 17690.8 8784.99 4362.5 4303.31
 4331.16 97945.1 7863.58 3904.94 3851.96
 633.577 2034.87 43536.7 3495.37 3447.95
 444.995 297.668 904.503 19352.1 3086.31
 1226.23 209.068 132.314 402.052 9973.89
 411607 576.109 92.931 58.8136 4612.12
 8872.71 193382 256.081 41.3079 2076.23
 414541 4168.59 85958.5 113.828 941.249
 76679.5 194761 1852.94 38208.6 468.983
 327843 36025.7 86571.3 823.635 17192.2
 478765 154028 16013.5 38481 8008.07
 62876.2 224934 68465.5 7118 20664.4
 106135 29540.6 99983.5 30433 12349.3
 7991.23 49864.5 13130.8 44442.8 19016.8
 3023.89 3754.46 22164.8 5836.67 28207.8
 6323.81 1420.69 1668.86 9852.28 15132.8
 28789.2 2971.07 631.498 741.809 11105.9
 18420.9 13525.8 1320.64 280.702 5266.31
 46654.2 8654.55 6012.23 587.026 2465.65
 7532.34 21919.2 3846.96 2672.44 1356.92
 26739.1 3538.86 9743.1 1709.98 1791.05
 113709 12562.6 1573.03 4330.82 1556.21
 77434.1 53422.9 5584.1 699.211 2616.79
 140518 36380.2 23746.5 2482.14 1473.97
 47925.4 66018.3 16171 10555.4 1758.49
 119978 22516.4 29345.2 7188.04 5473.52
pred_Ctot
 8106.17 1342.97 666.901 331.173 326.68
 168.411 7435.37 596.953 296.438 292.417
 24.6357 154.475 3305.03 265.346 261.746
 17.303 22.5971 68.6641 1469.09 234.293
 47.6801 15.8711 10.0444 30.5213 757.155
 16004.7 43.7346 7.05474 4.46476 350.123
 345.003 14680.3 19.4401 3.13584 157.614
 16118.8 316.453 6525.42 8.64112 71.4537
 2981.57 14785 140.664 2900.56 35.6022
 12747.7 2734.84 6571.95 62.5252 1305.13
 18616.1 11692.8 1215.64 2921.24 607.922
 2444.85 17075.6 5197.47 540.353 1568.71
 4126.9 2242.54 7590.12 2310.28 937.482
 310.728 3785.4 996.81 3373.81 1443.63
 117.58 285.015 1682.61 443.083 2141.36
 245.892 107.85 126.689 747.923 1148.79
 1119.43 225.545 47.9393 56.3135 843.089
 716.271 1026.79 100.255 21.3091 399.785
 1814.08 656.999 456.411 44.5633 187.177
 292.884 1663.97 292.037 202.875 103.009
 1039.71 268.648 739.635 129.811 135.966
 4421.41 953.676 119.414 328.768 118.138
 3010.91 4055.53 423.91 53.0797 198.65
 5463.83 2761.76 1802.69 188.428 111.894
 1863.51 5011.7 1227.6 801.296 133.494
 4665.19 1709.3 2227.7 545.671 415.515
F
 0.0554016 0.110803 0.110803 0.110803 0.110803
 0.0554016 0.110803 0.110803 0.110803 0.110803
 0.0554016 0.110803 0.110803 0.110803 0.110803
 0.0554016 0.110803 0.110803 0.110803 0.110803
 0.0554016 0.110803 0.110803 0.110803 0.110803
 0.0554016 0.110803 0.110803 0.110803 0.110803
 0.0554016 0.110803 0.110803 0.110803 0.110803
 0.0554016 0.110803 0.110803 0.110803 0.110803
 0.0554016 0.110803 0.110803 0.110803 0.110803
 0.0554016 0.110803 0.110803 0.110803 0.110803
 0.0554016 0.110803 0.110803 0.110803 0.110803
 0.0554016 0.110803 0.110803 0.110803 0.110803
 0.0554016 0.110803 0.110803 0.110803 0.110803
 0.0554016 0.110803 0.110803 0.110803 0.110803
 0.0554016 0.110803 0.110803 0.110803 0.110803
 0.0554016 0.110803 0.110803 0.110803 0.110803
 0.0554016 0.110803 0.110803 0.110803 0.110803
 0.0554016 0.110803 0.110803 0.110803 0.110803
 0.0554016 0.110803 0.110803 0.110803 0.110803
 0.0554016 0.110803 0.110803 0.110803 0.110803
 0.0554016 0.110803 0.110803 0.110803 0.110803
 0.0554016 0.110803 0.110803 0.110803 0.110803
 0.0554016 0.110803 0.110803 0.110803 0.110803
 0.0554016 0.110803 0.110803 0.110803 0.110803
 0.0554016 0.110803 0.110803 0.110803 0.110803
 0.0554016 0.110803 0.110803 0.110803 0.110803
Np
 27609.7 8295.11 10246.2 1819.28 2802.02
YTP_r0W_actual
 315661 275835 499606 143525 118794
YTP_p0W_proyectada
 66183.5 587227 151571 252273 99055.1
 66183.5 86415.5 155171 35185.2 60137.8
CTP_r0_actual
 35073.4 10859.6 14153.1 3466.78 2639.87
CTP_p0_proyectada
 8071.16 27186.4 4827.12 6291.09 2225.96
 8071.16 4000.72 4941.74 877.436 1351.41
Wmedp
 8.2 21.6 31.4 40.1 44.5
nmprior
 10.8 10.6 4.6 0
nm_flota  nm_reclas  nm_pelaces    nm_pelaL
inf 1.74239 3.76652 6.40202
cv_recla  cv_pelaces  cv_mph
1.92477 0.767121 2.04875
 ------------------------------------------------
Talla a la edad & desviaci?n 
 7.2 14.2025 17.0495 18.207 18.6776
 1.08 2.13037 2.55742 2.73105 2.80164
