years
 1997 1998 1999 2000 2001 2002 2003 2004 2005 2006 2007 2008 2009 2010 2011 2012 2013 2014 2015 2016 2017 2018 2019 2020 2021
reclasobs
 0 0 0 370054 412103 1.49427e+06 250295 1.28982e+06 931140 785840 897777 1.04006e+06 184774 17550 25797 100020 73551 82996 120727 218422 84188 347160 605670 569463 516374
reclaspred
 457527 122269 345071 226586 288756 297232 594459 424178 634663 812324 692828 484928 306353 144359 97110.8 77531 67524.1 80529.5 86841.5 174587 297195 273791 451007 588843 699378
pelacesobs
 0 0 0 0 0 0 0 0 0 2.06254e+06 1.5e+06 0 1.87456e+06 323000 250000 174000 83755 137374 0 501740 490994 745055 786931 1.00524e+06 1.33801e+06
pelacespred
 977538 229686 394086 405800 447936 371970 863790 701001 997497 1.26441e+06 992561 726471 469444 189625 122688 103651 92850.6 108051 116191 230914 449591 409770 555455 816904 962089
mphobs
 0 0 0 0 0 0 112323 0 153150 637223 0 255016 313432 73983 77613 109348 50772 17779 17303 59886 28197 0 207744 136588 643089
mphpred
 640571 378175 443208 496011 475822 640538 824060 900989 887867 1.25325e+06 1.6089e+06 1.21454e+06 753173 414493 192368 147765 121125 124192 149077 187094 417502 568523 684570 963207 1.26966e+06
desembarqueobs
 350755 77701 442110 56441 14545 235359 269955 359681 431902 328805 639364 411747 362871 311530 167758 66681 60226 58785 57116 73181 50977 67692 138656 160484 209506
desembarquepred
 350759 77699.6 442091 56442.9 14545.3 235505 270011 359666 431839 328725 639569 411919 363003 312049 167761 66713.2 60292.6 58793.6 57105.7 73164.6 50974.9 67677.6 138658 160475 209486
Reclutas
 46618.6 59170.1 31234.9 43046.9 60630.5 38149.2 68134.1 84482.6 152244 208087 70023.2 38870 46301.8 20998.8 17054 12916.6 8682.95 11698.6 16285.9 42125.1 50435.4 56937.4 84707.1 122444 52123.5
log_desv_Rt
 0.0662993 0.304717 -0.334164 -0.013409 0.329099 -0.134196 0.445779 0.660847 1.24979 1.56225 0.473128 -0.115476 0.059482 -0.731236 -0.939315 -1.21719 -1.61434 -1.31623 -0.985402 -0.0350552 0.144994 0.266253 0.663501 1.03195 0.177917
SSB
 640571 378175 443208 496011 475822 640538 801372 890287 867893 1.22971e+06 1.6089e+06 1.21454e+06 772098 428059 204729 159583 137155 135407 153828 202200 427550 568523 702172 947050 1.35683e+06
BT
 2.03431e+06 543720 946006 787311 814128 856153 1.73625e+06 1.6587e+06 2.18054e+06 2.57173e+06 2.33841e+06 1.67365e+06 1.19958e+06 643490 365154 241977 218747 241394 256951 470762 845180 796859 1.09141e+06 1.59563e+06 1.8851e+06
Ftot
 0.474291 0.412149 0.638636 0.135373 0.0293938 0.346361 0.258789 0.532233 0.509442 0.275655 0.409827 0.358294 0.561055 0.93112 0.905807 0.413855 0.449521 0.407121 0.365027 0.309903 0.102113 0.123739 0.153094 0.154879 0.133591
BD_Bspro_t
 0.941777 0.731753 0.677957 0.527053 0.642453 0.757853 0.682621 0.68006 0.641958 0.672056 0.700581 0.563579 0.457357 0.3584 0.235978 0.234743 0.275772 0.35291 0.43996 0.563441 0.74234 0.82771 0.832284 0.830776 0.84167
BD_Bspro
 0.714101 0.421584 0.494082 0.552946 0.53044 0.714063 0.893359 0.99248 0.967516 1.37087 1.79358 1.35395 0.860725 0.477195 0.228229 0.177901 0.152899 0.150949 0.171485 0.22541 0.476627 0.633782 0.782772 1.05576 1.51257
BD_Bo
 0.399484 0.235843 0.2764 0.30933 0.29674 0.399462 0.499764 0.555215 0.54125 0.766894 1.00337 0.757429 0.481508 0.266953 0.127676 0.0995218 0.0855348 0.0844444 0.0959325 0.126099 0.266635 0.354551 0.4379 0.590615 0.846167
BD_Brms
 1.38208 0.815937 0.95625 1.07018 1.02662 1.382 1.72901 1.92085 1.87254 2.65319 3.4713 2.62044 1.66585 0.923566 0.441717 0.344311 0.295921 0.292149 0.331894 0.43626 0.922467 1.22663 1.51498 2.04332 2.92745
S_f
 0.181602 1 1 1 1
 0.181602 1 1 1 1
 0.181602 1 1 1 1
 0.181602 1 1 1 1
 0.181602 1 1 1 1
 0.181602 1 1 1 1
 0.181602 1 1 1 1
 0.181602 1 1 1 1
 0.181602 1 1 1 1
 0.181602 1 1 1 1
 0.181602 1 1 1 1
 0.181602 1 1 1 1
 0.181602 1 1 1 1
 0.181602 1 1 1 1
 0.181602 1 1 1 1
 0.181602 1 1 1 1
 0.181602 1 1 1 1
 0.181602 1 1 1 1
 0.181602 1 1 1 1
 0.181602 1 1 1 1
 0.181602 1 1 1 1
 0.181602 1 1 1 1
 0.181602 1 1 1 1
 0.181602 1 1 1 1
 0.181602 1 1 1 1
Scru_reclas
 1 1 1 1 1
 1 1 1 1 1
 1 1 1 1 1
 1 1 1 1 1
 1 1 1 1 1
 1 1 1 1 1
 1 1 1 1 1
 1 1 1 1 1
 1 1 1 1 1
 1 1 1 1 1
 1 1 1 1 1
 1 1 1 1 1
 1 1 1 1 1
 1 1 1 1 1
 1 1 1 1 1
 1 1 1 1 1
 1 1 1 1 1
 1 1 1 1 1
 1 1 1 1 1
 1 1 1 1 1
 1 1 1 1 1
 1 1 1 1 1
 1 1 1 1 1
 1 1 1 1 1
 1 1 1 1 1
Scru_pelaces
 1 1 1 1 1
 1 1 1 1 1
 1 1 1 1 1
 1 1 1 1 1
 1 1 1 1 1
 1 1 1 1 1
 1 1 1 1 1
 1 1 1 1 1
 1 1 1 1 1
 1 1 1 1 1
 1 1 1 1 1
 1 1 1 1 1
 1 1 1 1 1
 1 1 1 1 1
 1 1 1 1 1
 1 1 1 1 1
 1 1 1 1 1
 1 1 1 1 1
 1 1 1 1 1
 1 1 1 1 1
 1 1 1 1 1
 1 1 1 1 1
 1 1 1 1 1
 1 1 1 1 1
 1 1 1 1 1
pf_obs 
 0.256992 0.487395 0.22802 0.0275931 0
 0.321318 0.546541 0.124235 0.00734118 0.000564706
 0.182869 0.594174 0.210203 0.0122559 0.00049798
 0.330522 0.361315 0.267642 0.0388342 0.00168674
 0.649043 0.306663 0.0425973 0.00169635 0
 0.582887 0.30429 0.105238 0.00758474 0
 0.465427 0.430635 0.0974691 0.00646863 0
 0.296916 0.608066 0.0921331 0.00288517 0
 0.311714 0.524322 0.152257 0.0117073 0
 0.15457 0.633149 0.183074 0.0267441 0.00246327
 0.131901 0.49318 0.331252 0.0422183 0.00144891
 0.196976 0.569456 0.194076 0.0375587 0.00193317
 0.518974 0.381816 0.0799577 0.0180837 0.00116848
 0.0928022 0.601141 0.25162 0.0475244 0.00691264
 0.122501 0.610282 0.24278 0.0234846 0.000952079
 0.383417 0.481906 0.127806 0.00687128 0
 0.0376549 0.599619 0.316969 0.0457579 0
 0.0361596 0.667082 0.258105 0.0386534 0
 0.158088 0.579412 0.248529 0.0139706 0
 0.0477256 0.309471 0.559284 0.082774 0.000745712
 0.0406174 0.521527 0.379366 0.0568643 0.0016247
 0.151134 0.462217 0.34131 0.0453401 0
 0.294876 0.26143 0.354403 0.0886775 0.000613685
 0.281977 0.475581 0.204845 0.0348837 0.00271318
 0.0841818 0.532909 0.334909 0.0458182 0.00218182
pf_pred 
 0.325583 0.474186 0.178892 0.0213304 9.36373e-06
 0.309715 0.530866 0.112088 0.0422864 0.00504431
 0.162173 0.628472 0.161006 0.033995 0.0143549
 0.260061 0.437841 0.22661 0.0580543 0.0174337
 0.264265 0.495315 0.142262 0.0736297 0.0245274
 0.148309 0.568234 0.190831 0.0548096 0.0378171
 0.287696 0.37764 0.223282 0.074985 0.0363968
 0.289535 0.508028 0.107326 0.0634571 0.0316549
 0.391036 0.452534 0.111857 0.0236309 0.0209417
 0.330801 0.547681 0.0903029 0.022321 0.00889442
 0.101276 0.679322 0.179561 0.0296065 0.0102342
 0.0961804 0.388267 0.389693 0.103005 0.0228546
 0.187275 0.332839 0.206151 0.206909 0.0668257
 0.134398 0.540114 0.133298 0.0825613 0.109627
 0.213789 0.451932 0.208582 0.0514774 0.0742198
 0.208747 0.554099 0.136322 0.0629172 0.0379156
 0.164972 0.533201 0.211363 0.0520004 0.038463
 0.260991 0.424035 0.201124 0.0797264 0.0341229
 0.304085 0.488619 0.118944 0.0564166 0.0319354
 0.454872 0.403802 0.0992283 0.0241551 0.0179425
 0.287917 0.599287 0.0835529 0.0205319 0.00871064
 0.235306 0.535309 0.19305 0.0269151 0.00941995
 0.273931 0.4662 0.181916 0.0656047 0.0123479
 0.283927 0.494376 0.142349 0.0555462 0.023802
 0.105334 0.627246 0.184626 0.0531609 0.0296328
pobs_RECLAS
 0 0 0 0 0
 0 0 0 0 0
 0 0 0 0 0
 0 0 0 0 0
 0.835266 0.146461 0.0176864 0.000547809 3.91292e-05
 0.385257 0.428462 0.181853 0.0044286 0
 0.867414 0.0963971 0.0333333 0.00285562 0
 0.441836 0.489002 0.0689373 0.000224442 0
 0.779404 0.147425 0.0564933 0.0165055 0.000172143
 0.814271 0.122319 0.05973 0.00367925 0
 0.40263 0.566651 0.0304383 0.000280538 0
 0.475488 0.404961 0.113038 0.00651328 0
 0.955842 0.0263864 0.0167828 0.000988607 0
 0.975058 0.0227948 0.00214734 0 0
 0.738997 0.206755 0.0527124 0.00153531 0
 0.850938 0.134255 0.0134407 0.00136685 0
 0.542534 0.407297 0.0501686 0 0
 0.764087 0.199537 0.0359546 0.000420521 0
 0.470689 0.182191 0.310203 0.0369168 0
 0.84361 0.089868 0.0606195 0.00523954 0.000663233
 0.607945 0.314616 0.071237 0.00620181 0
 0.523733 0.453247 0.0230204 0 0
 0.530135 0.295979 0.169645 0.0042399 0
 0.562478 0.366248 0.0663022 0.0049721 0
 0.250443 0.683176 0.0655157 0.000865301 0
ppred_RECLAS
 0.732804 0.187867 0.0708747 0.00845087 3.7098e-06
 0.717198 0.21749 0.0459212 0.0173243 0.00206659
 0.527416 0.354495 0.0908167 0.0191752 0.00809699
 0.660924 0.20064 0.103844 0.0266033 0.00798896
 0.664507 0.225862 0.0648712 0.0335749 0.0111844
 0.494771 0.33708 0.113202 0.0325134 0.0224334
 0.693005 0.162758 0.0962321 0.0323177 0.0156866
 0.699406 0.214944 0.045409 0.0268484 0.013393
 0.785357 0.159506 0.0394264 0.00832922 0.00738135
 0.734464 0.217318 0.0358319 0.00885689 0.00352927
 0.389064 0.46179 0.122062 0.0201259 0.00695702
 0.374607 0.268659 0.269646 0.0712739 0.0158141
 0.56878 0.1766 0.109381 0.109783 0.0354567
 0.480146 0.324377 0.080055 0.0495839 0.065839
 0.61727 0.220002 0.101539 0.0250594 0.0361304
 0.598615 0.281082 0.0691529 0.0319165 0.0192337
 0.528316 0.301191 0.119393 0.0293736 0.0217267
 0.666154 0.191557 0.0908577 0.0360163 0.015415
 0.71105 0.202879 0.0493868 0.0234247 0.0132599
 0.823952 0.130407 0.0320456 0.00780087 0.00579449
 0.691184 0.259899 0.0362353 0.00890427 0.00377763
 0.63037 0.258752 0.0933143 0.0130099 0.00455332
 0.676851 0.207491 0.0809648 0.0291985 0.00549563
 0.687647 0.215648 0.0620931 0.0242294 0.0103825
 0.394997 0.424165 0.12485 0.0359491 0.0200387
pobs_PELACES
 0 0 0 0 0
 0 0 0 0 0
 0 0 0 0 0
 0 0 0 0 0
 0 0 0 0 0
 0 0 0 0 0
 0 0 0 0 0
 0 0 0 0 0
 0 0 0 0 0
 0 0 0 0 0
 0.450072 0.473896 0.0757376 0.000293798 0
 0 0 0 0 0
 0.463077 0.371075 0.160297 0.00555027 0
 0.529543 0.364841 0.0842815 0.0213345 0
 0.631943 0.363953 0.00410389 0 0
 0.735681 0.248677 0.0153453 0.000297389 0
 0.695825 0.281241 0.0229344 0 0
 0.275771 0.60734 0.115278 0.00161068 0
 0 0 0 0 0
 0.896147 0.0623911 0.0374545 0.00400742 0
 0.803859 0.145111 0.0509908 3.86294e-05 0
 0.739449 0.233085 0.0266225 0.000797448 4.60066e-05
 0.878498 0.100942 0.0204185 0.000141795 0
 0.694673 0.275183 0.0284847 0.00165964 0
 0.469039 0.446079 0.0841089 0.000773354 0
ppred_PELACES
 0.757126 0.170766 0.0644231 0.0076816 3.3721e-06
 0.73922 0.200554 0.0423454 0.0159752 0.00190567
 0.570098 0.322478 0.0826144 0.0174434 0.0073657
 0.669068 0.195821 0.10135 0.0259643 0.00779707
 0.666275 0.224672 0.0645295 0.0333981 0.0111255
 0.518148 0.321483 0.107964 0.031009 0.0213953
 0.707671 0.154983 0.0916349 0.0307738 0.0149372
 0.728734 0.193972 0.0409785 0.0242288 0.0120863
 0.80764 0.142947 0.0353334 0.00746453 0.00661506
 0.748728 0.205644 0.0339071 0.00838113 0.0033397
 0.415672 0.441678 0.116746 0.0192494 0.00665403
 0.397537 0.258809 0.259759 0.0686607 0.0152343
 0.605492 0.161565 0.100069 0.100436 0.0324382
 0.542897 0.285221 0.0703917 0.0435986 0.0578916
 0.673181 0.187863 0.0867052 0.0213985 0.0308523
 0.625151 0.262499 0.0645812 0.0298065 0.0179622
 0.558428 0.281963 0.111771 0.0274984 0.0203397
 0.690144 0.177792 0.0843287 0.0334282 0.0143073
 0.730876 0.188958 0.0459981 0.0218174 0.0123501
 0.835765 0.121657 0.0298953 0.00727741 0.00540567
 0.697039 0.254971 0.0355482 0.00873544 0.00370601
 0.638122 0.253325 0.0913572 0.0127371 0.00445782
 0.685827 0.201727 0.0787158 0.0283874 0.00534297
 0.69656 0.209494 0.0603213 0.023538 0.0100862
 0.403651 0.418097 0.123065 0.0354349 0.0197521
pobs_pel_tallas
 0 0 0 0 0 0 0 0 0 0 0 0 0 0 0 0 0 0 0 0 0 0 0 0 0 0 0 0 0 0 0 0 0 0 0 0
 0 0 0 0 0 0 0 0 0 0 0 0 0 0 0 0 0 0 0 0 0 0 0 0 0 0 0 0 0 0 0 0 0 0 0 0
 0 0 0 0 0 0 0 0 0 0 0 0 0 0 0 0 0 0 0 0 0 0 0 0 0 0 0 0 0 0 0 0 0 0 0 0
 0 0 0 0 0 0 0 0 0 0 0 0 0 0 0 0 0 0 0 0 0 0 0 0 0 0 0 0 0 0 0 0 0 0 0 0
 0 0 0 0 0 0 0 0 0 0 0 0 0 0 0 0 0 0 0 0 0 0 0 0 0 0 0 0 0 0 0 0 0 0 0 0
 0 0 0 0 0 0 0 0 0 0 0 0 0 0 0 0 0 0 0 0 0 0 0 0 0 0 0 0 0 0 0 0 0 0 0 0
 0 0 0 0 0 0 0 0 0 0 0 0 0 0 0 0 0 0 0 0 0 0 0 0 0 0 0 0 0 0 0 0 0 0 0 0
 0 0 0 0 0 0 0 0 0 0 0 0 0 0 0 0 0 0 0 0 0 0 0 0 0 0 0 0 0 0 0 0 0 0 0 0
 0 0 0 0 0 0 0 0 0 0 0 0 0 0 0 0 0 0 0 0 0 0 0 0 0 0 0 0 0 0 0 0 0 0 0 0
 0 0 0 0 0 0 0 0 0 0 0 0 0 0 0 0 0 0 0 0 0 0 0 0 0 0 0 0 0 0 0 0 0 0 0 0
 0 0 0 0 0 0 0 0 1.78061e-05 0.00172719 0.00360574 0.0105946 0.0120993 0.0124554 0.0147524 0.0171206 0.0266825 0.0428682 0.0675386 0.121331 0.153587 0.119568 0.100827 0.0573624 0.0630603 0.0341343 0.0324427 0.0444173 0.0211091 0.0280891 0.0125444 0.00206551 0 0 0 0
 0 0 0 0 0 0 0 0 0 0 0 0 0 0 0 0 0 0 0 0 0 0 0 0 0 0 0 0 0 0 0 0 0 0 0 0
 0 0 0 0 0 0 0.0133647 0.0140871 0.0187388 0.0205184 0.03894 0.0496705 0.03968 0.0493445 0.0407372 0.0367815 0.0215668 0.0243155 0.0234873 0.0199281 0.019796 0.0243948 0.0301388 0.0376714 0.0412746 0.0863199 0.0771752 0.113111 0.0741005 0.0525337 0.0229764 0.00759418 0.00175318 0 0 0
 0 0 0 0 0 0 0 0 0 0 0.00219441 0.00772107 0.0458388 0.0604681 0.0671733 0.0775358 0.0609151 0.0617685 0.073594 0.0568108 0.0755445 0.0548602 0.0670107 0.0636378 0.0643287 0.046367 0.0373049 0.0286899 0.0247887 0.0153202 0.00654259 0.00121912 0.000365735 0 0 0
 0 0 0 0 0 0 0 0 0 0 0 0 0.000112435 0.00938835 0.0111873 0.0202946 0.0414886 0.0713402 0.111592 0.104902 0.108894 0.110636 0.117776 0.105296 0.107544 0.0401394 0.0192827 0.0124803 0.00416011 0.0028671 0.000618394 0 0 0 0 0
 0 0 0 0 0 0 0 0 0 0 0.00291406 0.0102884 0.027416 0.0768956 0.0749926 0.110853 0.0956884 0.0897413 0.0766577 0.0534642 0.0500743 0.0551293 0.0594112 0.0620874 0.0668451 0.0424026 0.0208742 0.0120726 0.0048766 0.00582813 0.00118941 0.000297354 0 0 0 0
 0 0.00264628 0.0354308 0.0461629 0.0458689 0.0383711 0.0214643 0.0164657 0.0346957 0.0420465 0.0363128 0.0245516 0.0311673 0.0291091 0.0169068 0.0133784 0.00837989 0.0085269 0.0148486 0.0160247 0.0276389 0.0546898 0.0760071 0.122758 0.109233 0.0665981 0.0333725 0.0166128 0.00676272 0.00308733 0.000882094 0 0 0 0 0
 0 0 0 0 0 0 0 0.000805153 0.000690131 0.00759144 0.0133425 0.0154129 0.00931677 0.000345066 0.00356568 0.00563607 0.00851162 0.0253048 0.0502646 0.0516448 0.0657925 0.0565908 0.0611916 0.0827007 0.0866115 0.110766 0.145733 0.0935128 0.0569358 0.0249597 0.0138026 0.00621118 0.00161031 0.00115022 0 0
 0 0 0 0 0 0 0 0 0 0 0 0 0 0 0 0 0 0 0 0 0 0 0 0 0 0 0 0 0 0 0 0 0 0 0 0
 0.00147267 0.00158595 0.00478618 0.00569244 0.00954404 0.0108468 0.00647125 0.017049 0.0510054 0.094081 0.124002 0.0959785 0.0687766 0.0820023 0.061753 0.0591476 0.0492212 0.0479892 0.0443925 0.0268479 0.0217502 0.0140895 0.0121071 0.0120363 0.00920419 0.00665534 0.0049561 0.00860946 0.00930331 0.0156896 0.0114698 0.00855282 0.00243557 0.00046729 0 2.83206e-05
 0 0 0 0 0.000772559 0.00158375 0.000888443 0.00281984 0.00712685 0.0440552 0.0773331 0.111326 0.0921469 0.0852325 0.0710754 0.0886704 0.0786465 0.0553345 0.0373146 0.0185414 0.00753245 0.00457741 0.012979 0.0271748 0.0457355 0.0583668 0.034881 0.0177882 0.00938659 0.00492506 0.0015258 0.00185414 0.000309023 5.79419e-05 3.86279e-05 0
 0 0.00173294 0.00326652 0 0.00397197 0.00683976 0.00946217 0.0152591 0.00757587 0.0136028 0.0228656 0.0392903 0.0559909 0.0764795 0.0681675 0.0726916 0.0566044 0.0477403 0.0527397 0.0444891 0.0609904 0.0582453 0.0661739 0.0445044 0.0529084 0.0360697 0.0280645 0.0235558 0.0158879 0.00826598 0.00280645 0.00217768 0.000904811 0.00058276 9.20147e-05 0
 0 0 0 0 0 0 0 0 0 0 0 0 0 0 0 0 0 0 0 0 0 0 0 0 0 0 0 0 0 0 0 0 0 0 0 0
 0 0 0 0 0 0 0 0 0 0 0 0 0 0 0 0 0 0 0 0 0 0 0 0 0 0 0 0 0 0 0 0 0 0 0 0
 0 0 0 0 0 0 0 0 0 0 0 0 0 0 0 0 0 0 0 0 0 0 0 0 0 0 0 0 0 0 0 0 0 0 0 0
ppred_pel_tallas
 1.01235e-16 3.3034e-05 0.000193884 0.000921637 0.00354836 0.0110652 0.0279499 0.0571892 0.0947973 0.12731 0.138538 0.122199 0.0874708 0.0510422 0.0247601 0.0108881 0.005821 0.00531354 0.00676235 0.00901823 0.0115996 0.0142026 0.0165415 0.0183479 0.0194179 0.0196547 0.019086 0.0178482 0.0161455 0.0141985 0.0121997 0.0102873 0.00854074 0.00699135 0.00564055 0.00447639
 1.01305e-16 3.22543e-05 0.000189304 0.000899858 0.00346449 0.0108037 0.0272893 0.0558377 0.0925581 0.124306 0.135276 0.11934 0.0854634 0.0499496 0.0243767 0.0109678 0.00621522 0.00598074 0.00771902 0.0102898 0.0131883 0.0160702 0.0186033 0.0204791 0.021471 0.0214841 0.0205744 0.018927 0.0168041 0.0144808 0.0121895 0.0100877 0.00825354 0.00670067 0.00540399 0.00432333
 1.02222e-16 2.48848e-05 0.000146027 0.000694091 0.00267219 0.0083329 0.0210485 0.0430695 0.0713983 0.0959037 0.104409 0.0922072 0.0662472 0.0391512 0.0199151 0.0103317 0.00777386 0.00910753 0.0123799 0.0166503 0.0213839 0.0260931 0.0302556 0.0333745 0.0350805 0.0352135 0.0338541 0.0312899 0.0279335 0.0242206 0.0205221 0.017093 0.0140643 0.011467 0.00927071 0.00742078
 1.0276e-16 2.91953e-05 0.000171345 0.00081448 0.00313577 0.00977857 0.0246999 0.0505397 0.0837767 0.112514 0.12245 0.108037 0.077398 0.0452943 0.0222162 0.0101895 0.00605569 0.00608727 0.007997 0.010765 0.0139387 0.0172005 0.0202321 0.0227251 0.0244358 0.0252327 0.0251178 0.0242098 0.0227021 0.0208092 0.0187211 0.0165779 0.0144676 0.0124383 0.010517 0.0087243
 1.02657e-16 2.90745e-05 0.000170634 0.000811093 0.00312271 0.00973786 0.0245971 0.0503296 0.0834292 0.11205 0.12195 0.107611 0.0771244 0.0451974 0.0222855 0.0104158 0.00645081 0.00668139 0.0088228 0.0118392 0.015246 0.0186824 0.0217846 0.0242081 0.0256929 0.026119 0.0255276 0.0240983 0.0220937 0.0197907 0.0174236 0.0151512 0.013054 0.011153 0.009436 0.00788264
 1.03703e-16 2.26195e-05 0.000132728 0.000630865 0.00242876 0.00757376 0.0191309 0.0391461 0.0648954 0.0871719 0.0949108 0.0838383 0.0602766 0.0357078 0.0183217 0.00976537 0.00766984 0.00920409 0.0126046 0.017017 0.021942 0.0269088 0.0314039 0.0349319 0.0371158 0.0377772 0.0369676 0.0349373 0.0320574 0.0287232 0.0252721 0.0219378 0.0188447 0.0160325 0.0134933 0.0112051
 1.03107e-16 3.08768e-05 0.000181221 0.00086144 0.00331659 0.0103425 0.0261242 0.0534537 0.0886054 0.118994 0.129489 0.114219 0.0817606 0.047715 0.0231568 0.010205 0.00549568 0.00506982 0.00650699 0.00874985 0.0113679 0.0140968 0.0166854 0.01889 0.0205138 0.0214433 0.0216652 0.0212538 0.0203397 0.01907 0.0175754 0.015953 0.0142663 0.0125558 0.0108534 0.00919217
 1.02043e-16 3.17968e-05 0.000186618 0.000887093 0.00341535 0.0106504 0.0269022 0.0550456 0.091245 0.122542 0.133356 0.117644 0.084246 0.0492314 0.0240141 0.010785 0.00608565 0.00583766 0.00753432 0.0100564 0.0129136 0.0157754 0.0183243 0.0202644 0.0213771 0.0215684 0.0208869 0.0195021 0.0176554 0.015598 0.0135395 0.0116187 0.0099009 0.00839411 0.00707455 0.0059096
 1.01114e-16 3.52354e-05 0.000206811 0.000983101 0.00378502 0.0118032 0.029814 0.0610031 0.101118 0.135795 0.147761 0.13031 0.0932237 0.0542922 0.0261359 0.0111492 0.00546573 0.00454031 0.00558977 0.00739872 0.00948425 0.0115726 0.0134222 0.0148119 0.0155787 0.0156521 0.0150683 0.0139546 0.0124932 0.0108759 0.00926515 0.00777163 0.00645102 0.00531486 0.00434822 0.00352627
 1.00993e-16 3.26691e-05 0.000191738 0.000911432 0.00350905 0.0109427 0.0276403 0.056556 0.0937487 0.125905 0.137017 0.120876 0.0865645 0.0505952 0.0246954 0.0111164 0.00630453 0.00606665 0.00782155 0.0104097 0.0133141 0.0161797 0.0186644 0.020453 0.0213168 0.0211656 0.0200672 0.0182238 0.0159174 0.0134421 0.0110451 0.00889264 0.00706408 0.00556796 0.00436885 0.00341356
 1.02774e-16 1.81561e-05 0.000106512 0.000506207 0.00194875 0.00607685 0.01535 0.031411 0.0520778 0.0699712 0.0762272 0.0674392 0.0487146 0.0293173 0.0158872 0.00982729 0.00931726 0.012141 0.0168852 0.0227866 0.0292736 0.0357155 0.0414024 0.0456532 0.0479606 0.0481042 0.0461942 0.0426251 0.0379646 0.0328132 0.0276838 0.0229313 0.0187405 0.0151579 0.0121446 0.00962614
 1.06843e-16 1.73582e-05 0.000101844 0.00048405 0.0018635 0.00581104 0.0146784 0.0300355 0.0497931 0.0668887 0.0728357 0.0643594 0.046318 0.0275332 0.0143071 0.00792921 0.00661664 0.00823921 0.0114904 0.0157609 0.0207053 0.0259831 0.031194 0.0359172 0.0397826 0.0425336 0.0440584 0.0443806 0.0436197 0.041941 0.0395143 0.0364936 0.0330191 0.0292286 0.0252688 0.0212969
 1.06441e-16 2.64215e-05 0.000155064 0.000737086 0.00283779 0.00884936 0.0223528 0.0457371 0.0758153 0.101821 0.11081 0.0977635 0.070028 0.0409621 0.0200575 0.00914726 0.00537627 0.00538015 0.0071067 0.00966105 0.0126722 0.015898 0.0190953 0.02202 0.0244656 0.0262976 0.0274688 0.0280068 0.027984 0.0274832 0.0265714 0.0252916 0.0236714 0.0217402 0.0195459 0.017163
 1.05296e-16 2.3697e-05 0.000139058 0.000660965 0.00254467 0.00793523 0.0200439 0.0410138 0.06799 0.0913239 0.0994187 0.0877898 0.063051 0.0372175 0.0188497 0.0096487 0.0071083 0.00824474 0.011208 0.0151239 0.0195182 0.0239725 0.0280397 0.0312925 0.0334084 0.0342394 0.0338365 0.0324189 0.0303026 0.0278142 0.0252195 0.0226861 0.0202845 0.0180162 0.0158516 0.0137636
 1.03469e-16 2.93742e-05 0.000172396 0.000819481 0.00315502 0.00983862 0.0248516 0.05085 0.0842907 0.113204 0.123198 0.108692 0.0778542 0.0455361 0.0222876 0.0101424 0.00591767 0.00585939 0.00766533 0.0103127 0.0133552 0.0164873 0.019407 0.0218235 0.0235086 0.0243421 0.0243299 0.0235877 0.0222985 0.0206611 0.0188458 0.0169719 0.0151072 0.0132822 0.0115106 0.00980595
 1.02866e-16 2.72829e-05 0.000160111 0.000761062 0.00293007 0.0091371 0.0230797 0.0472251 0.0782845 0.105145 0.114448 0.101021 0.0724652 0.0425967 0.0212445 0.0103337 0.00694316 0.00760825 0.0101862 0.0136838 0.0175994 0.0215249 0.0250373 0.0277359 0.0293215 0.029662 0.0288165 0.0270075 0.0245547 0.0217932 0.0190041 0.0163756 0.0139993 0.0118916 0.0100273 0.00836941
 1.03574e-16 2.43744e-05 0.000143034 0.000679869 0.00261745 0.00816219 0.0206172 0.0421869 0.0699343 0.0939346 0.102258 0.0902918 0.0648361 0.0382475 0.0193279 0.00982328 0.00715244 0.0082444 0.0111972 0.0151164 0.0195222 0.0239939 0.0280799 0.0313432 0.0334466 0.0342232 0.0337041 0.0320928 0.0296989 0.026856 0.0238516 0.0208887 0.0180808 0.0154731 0.0130731 0.0108767
 1.03073e-16 3.01135e-05 0.000176737 0.00084012 0.00323449 0.0100864 0.0254776 0.0521307 0.0864132 0.116053 0.126295 0.111415 0.079786 0.0466275 0.0227499 0.0102312 0.00580118 0.0056059 0.0072838 0.00979113 0.0126823 0.0156626 0.0184447 0.0207517 0.0223658 0.02317 0.0231667 0.0224621 0.0212268 0.0196477 0.0178866 0.0160592 0.0142339 0.0124453 0.0107124 0.00905337
 1.02042e-16 3.189e-05 0.000187166 0.000889698 0.00342538 0.0106817 0.0269812 0.0552072 0.0915128 0.122901 0.133746 0.117985 0.0844837 0.0493577 0.0240523 0.0107628 0.00601877 0.00572891 0.00737999 0.00985273 0.0126613 0.0154824 0.018006 0.0199429 0.0210779 0.0213161 0.0207003 0.0193914 0.0176198 0.0156273 0.0136167 0.0117235 0.0100138 0.00849937 0.00716165 0.00597362
 1.00967e-16 3.64609e-05 0.000214007 0.00101732 0.00391677 0.0122141 0.0308518 0.0631264 0.104637 0.140518 0.152893 0.134821 0.0964176 0.0560848 0.0268724 0.011246 0.00519243 0.0039996 0.00478603 0.00630384 0.00807634 0.00985513 0.0114318 0.0126181 0.0132749 0.0133425 0.0128513 0.0119095 0.0106717 0.00930074 0.00793434 0.00666632 0.00554372 0.00457621 0.00375116 0.00304766
 1.01062e-16 3.04172e-05 0.000178513 0.000848549 0.00326692 0.0101876 0.0257331 0.052654 0.0872826 0.117226 0.127588 0.112594 0.0807119 0.047333 0.0233988 0.0110333 0.00695512 0.00727938 0.00960316 0.0128197 0.0163886 0.0198923 0.0229108 0.0250544 0.0260422 0.0257666 0.0243176 0.0219527 0.0190287 0.0159163 0.0129264 0.0102666 0.00803414 0.00623591 0.00482229 0.00372061
 1.02026e-16 2.78482e-05 0.000163431 0.000776846 0.00299084 0.00932662 0.0235584 0.0482045 0.0799077 0.107324 0.116816 0.103104 0.0739431 0.0434327 0.021601 0.0104076 0.00686587 0.00743644 0.00993335 0.0133498 0.0171869 0.0210452 0.024511 0.0271893 0.0287795 0.0291402 0.0283143 0.0265052 0.0240159 0.021172 0.0182562 0.0154695 0.0129249 0.0106643 0.0086858 0.00696965
 1.02409e-16 2.99262e-05 0.000175636 0.000834878 0.0032143 0.0100235 0.0253186 0.0518055 0.0858749 0.115332 0.125516 0.110741 0.0793324 0.0464206 0.0227572 0.0104165 0.00615773 0.00615546 0.0080594 0.0108174 0.0139589 0.0171527 0.0200698 0.0223965 0.0238911 0.0244339 0.0240469 0.0228758 0.0211423 0.0190857 0.0169128 0.01477 0.0127404 0.0108578 0.00912926 0.00755317
 1.02205e-16 3.03945e-05 0.000178384 0.000847944 0.00326461 0.0101804 0.0257148 0.0526163 0.087219 0.117137 0.127481 0.112476 0.0805779 0.0471541 0.023125 0.0105973 0.00627831 0.00628025 0.00821134 0.0109959 0.014147 0.0173186 0.0201686 0.0223746 0.0236943 0.024017 0.023384 0.021967 0.0200164 0.0177968 0.0155327 0.0133773 0.0114094 0.00964967 0.00808555 0.00669441
 1.04024e-16 1.76309e-05 0.000103431 0.000491565 0.00189238 0.00590107 0.014906 0.0305023 0.0505711 0.067946 0.0740191 0.0654813 0.0472909 0.0284419 0.0153799 0.00946529 0.00892966 0.0116231 0.0161801 0.0218721 0.0281628 0.0344626 0.0401058 0.0444499 0.0470105 0.0475675 0.0462056 0.0432718 0.0392719 0.034742 0.0301383 0.0257745 0.021814 0.0183011 0.0152112 0.0124958
pSPR Fmed_Fpbrs
0.446189   0.339046 0.339046
Fs Fmed_Fpbrs
0.64   1.005 1.005
SSBpbr Bo_Bmed_Bpbrs
1.6035e+06  635288  463485 463485
Ro
43628
SPR SPRFo_SPRFmed_SPRFpbrs
897032 400246 304135
log_Ro
10.5035
likeval ReclasPelacesDesembMPH_pf_preclas_ppelaces_ptallas_desvR_qrecl_qpela
 114.16 104.325 0.0265478 211.332 331.33 194.47 51.8868 0 20.9059 4.74766e-05 0 0 0 0 0
q_reclas_q_pelaces
0.376669 1
M
0.7
N
 46618.6 14511.4 5474.57 652.77 0.286556
 59170.1 21239.6 4484.56 1691.85 201.819
 31234.9 27264.1 6984.67 1474.75 622.736
 43046.9 13812.3 7148.72 1831.4 549.969
 60630.5 20857.3 5990.56 3100.49 1032.83
 38149.2 29947.9 10057.4 2888.66 1993.09
 68134.1 17789.4 10518.1 3532.31 1714.54
 84482.6 32281.1 6819.69 4032.19 2011.41
 152244 38087.7 9414.48 1988.9 1762.56
 208087 68921.7 11364 2808.94 1119.3
 70023.2 98287.3 25979.7 4283.6 1480.73
 38870 32278.5 32397.1 8563.33 1900.01
 46301.8 18086.3 11202.2 11243.3 3631.28
 20998.8 20765.5 5124.85 3174.19 4214.79
 17054 8805.44 4064.02 1002.99 1446.1
 12916.6 7184.23 1767.49 815.76 491.598
 8682.95 5949.79 2358.52 580.252 429.194
 11698.6 3973.82 1884.82 747.151 319.781
 16285.9 5395.33 1313.38 622.952 352.631
 42125.1 7568.6 1859.87 452.748 336.301
 50435.4 19773.9 2756.89 677.465 287.414
 56937.4 24585.3 8866.25 1236.14 432.633
 84707.1 27646 10787.7 3890.4 732.237
 122444 40910.9 11779.8 4596.6 1969.68
 52123.5 59117.4 17400.8 5010.36 2792.87
pred_Ctot
 2780.64 4049.78 1527.82 182.173 0.079971
 3082 5282.7 1115.4 420.796 50.1964
 2476.34 9596.61 2458.52 519.096 219.195
 752.857 1267.51 656.018 168.063 50.4691
 232.205 435.225 125.003 64.6971 21.5518
 1678.63 6431.56 2159.92 620.362 428.033
 2255.67 2960.86 1750.63 587.916 285.367
 5628.9 9876.68 2086.54 1233.68 615.409
 9726.85 11256.6 2782.39 587.807 520.914
 7328.11 12132.6 2000.45 494.468 197.035
 3627.43 24331.4 6431.37 1060.42 366.56
 1767.6 7135.56 7161.77 1893.03 420.022
 3244.68 5766.68 3571.72 3584.84 1157.8
 2372.37 9533.99 2352.96 1457.36 1935.12
 1878.02 3969.98 1832.28 452.201 651.981
 675.481 1793 441.121 203.593 122.69
 491.823 1589.61 630.126 155.026 114.668
 602.151 978.32 464.027 183.942 78.7273
 754.109 1211.74 294.974 139.909 79.1978
 1663.28 1476.54 362.837 88.3255 65.6083
 667.132 1388.61 193.6 47.5743 20.1834
 911.059 2072.61 747.451 104.21 36.4723
 1673.03 2847.31 1111.05 400.68 75.4143
 2446.19 4259.33 1226.42 478.562 205.068
 899.734 5357.77 1577.03 454.086 253.116
F
 0.0861324 0.474291 0.474291 0.474291 0.474291
 0.0748473 0.412149 0.412149 0.412149 0.412149
 0.115978 0.638636 0.638636 0.638636 0.638636
 0.024584 0.135373 0.135373 0.135373 0.135373
 0.00533798 0.0293938 0.0293938 0.0293938 0.0293938
 0.0629 0.346361 0.346361 0.346361 0.346361
 0.0469967 0.258789 0.258789 0.258789 0.258789
 0.0966548 0.532233 0.532233 0.532233 0.532233
 0.092516 0.509442 0.509442 0.509442 0.509442
 0.0500597 0.275655 0.275655 0.275655 0.275655
 0.0744256 0.409827 0.409827 0.409827 0.409827
 0.065067 0.358294 0.358294 0.358294 0.358294
 0.101889 0.561055 0.561055 0.561055 0.561055
 0.169094 0.93112 0.93112 0.93112 0.93112
 0.164497 0.905807 0.905807 0.905807 0.905807
 0.075157 0.413855 0.413855 0.413855 0.413855
 0.0816341 0.449521 0.449521 0.449521 0.449521
 0.0739341 0.407121 0.407121 0.407121 0.407121
 0.0662898 0.365027 0.365027 0.365027 0.365027
 0.0562792 0.309903 0.309903 0.309903 0.309903
 0.018544 0.102113 0.102113 0.102113 0.102113
 0.0224712 0.123739 0.123739 0.123739 0.123739
 0.0278023 0.153094 0.153094 0.153094 0.153094
 0.0281263 0.154879 0.154879 0.154879 0.154879
 0.0242605 0.133591 0.133591 0.133591 0.133591
Np
 30875.3 12774.4 4592.18 4668.95 1624.08
YTP_r0W_actual
 70779.5 627269 276949 99317.7 57651.4
YTP_p0W_proyectada
 30695.9 263185 388988 146220 67022
 30695.9 133079 69544.8 90298.2 34856.5
CTP_r0_actual
 6319.6 28512.2 8392.4 2416.49 1347
CTP_p0_proyectada
 3743.4 12184.5 12388.2 3646.38 1506.11
 3743.4 6161.09 2214.8 2251.82 783.292
Wmedp
 8.2 21.6 31.4 40.1 44.5
nmprior
 10.8 10.6 4.6 0
nm_flota  nm_reclas  nm_pelaces    nm_pelaL
inf 15.8349 24.4336 63.7358
cv_recla  cv_pelaces  cv_mph
0.805378 0.579076 1.20957
 ------------------------------------------------
Talla a la edad & desviaci?n 
 7.2 14.2025 17.0495 18.207 18.6776
 1.08 2.13037 2.55742 2.73105 2.80164
