years
 1997 1998 1999 2000 2001 2002 2003 2004 2005 2006 2007 2008 2009 2010 2011 2012 2013 2014 2015 2016 2017 2018 2019 2020 2021
reclasobs
 0 0 0 370054 412103 1.49427e+06 250295 1.28982e+06 931140 785840 897777 1.04006e+06 184774 17550 25797 100020 73551 82996 120727 218422 84188 347160 605670 569463 516374
reclaspred
 2.80967e+06 689670 1.48396e+06 606220 302822 1.07491e+06 4.22674e+06 3.13165e+06 3.62653e+06 3.24748e+06 4.48683e+06 4.54101e+06 3.29585e+06 2.06724e+06 1.31248e+06 745008 529835 506131 511925 602144 492783 555358 1.28119e+06 1.37695e+06 1.87336e+06
pelacesobs
 0 0 0 0 0 0 0 0 0 2.06254e+06 1.5e+06 0 1.87456e+06 323000 250000 174000 83755 137374 0 501740 490994 745055 786931 1.00524e+06 1.33801e+06
pelacespred
 2.38195e+06 872368 517169 481323 215716 430716 1.50565e+06 2.21951e+06 2.19873e+06 2.07323e+06 2.68567e+06 2.73036e+06 2.08926e+06 1.37954e+06 834877 478842 322890 280054 297497 322350 311995 310082 552944 772099 985248
mphobs
 0 0 0 0 0 0 112323 0 153150 637223 0 255016 313432 73983 77613 109348 50772 17779 17303 59886 28197 0 207744 136588 643089
mphpred
 1.82333e+06 1.49916e+06 887010 827698 369071 316218 2.612e+06 2.71606e+06 3.61234e+06 2.90476e+06 3.48691e+06 4.54546e+06 3.31093e+06 2.32319e+06 1.3843e+06 769229 443565 404644 416991 504476 449274 417981 819193 1.13907e+06 1.41277e+06
desembarqueobs
 350755 77701 442110 56441 14545 235359 269955 359681 431902 328805 639364 411747 362871 311530 167758 66681 60226 58785 57116 73181 50977 67692 138656 160484 209506
desembarquepred
 319334 78525.4 168968 69025.7 34478.9 122020 481251 355974 412815 369377 510279 516977 375158 235374 149439 84822.4 60285.7 57599.6 58231.7 68551.6 56070.1 63141.2 145804 156643 213191
Reclutas
 210449 4330.18 653.714 459.237 1259.27 411346 9137.01 413837 77921.3 327429 477997 64273.8 105113 8180.05 3100.85 6449.79 28645.6 18529.4 46509.7 7567.33 27186.7 112048 83799.6 125978 74113.3
log_desv_Rt
 1.9868 -1.89684 -3.78753 -4.14064 -3.13192 2.65699 -1.15011 2.66303 0.993252 2.42882 2.80716 0.800704 1.29259 -1.26075 -2.23077 -1.4984 -0.00744838 -0.443088 0.477213 -1.33861 -0.0597191 1.35648 1.06598 1.47366 0.943148
SSB
 1.82333e+06 1.49916e+06 887010 827698 369071 316218 2.54926e+06 2.69433e+06 3.55432e+06 2.8583e+06 3.48691e+06 4.54546e+06 3.36497e+06 2.36117e+06 1.42993e+06 814137 484799 431686 427211 538259 460293 417981 839301 1.12083e+06 1.50717e+06
BT
 7.81729e+06 1.71359e+06 1.01828e+06 944704 425993 1.43221e+06 3.01035e+06 5.90807e+06 4.62889e+06 5.04648e+06 6.83551e+06 5.566e+06 4.41557e+06 2.72306e+06 1.64659e+06 952688 731150 618666 700558 654897 717745 767937 1.23951e+06 1.80147e+06 2.19244e+06
Ftot
 0.110803 0.110803 0.110803 0.110803 0.110803 0.110803 0.110803 0.110803 0.110803 0.110803 0.110803 0.110803 0.110803 0.110803 0.110803 0.110803 0.110803 0.110803 0.110803 0.110803 0.110803 0.110803 0.110803 0.110803 0.110803
BD_Bspro_t
 0.986061 0.91546 0.824994 0.740887 0.666303 0.734015 0.903346 0.843336 0.862283 0.813978 0.835982 0.83854 0.781001 0.74342 0.684913 0.634642 0.606341 0.6861 0.730728 0.79195 0.76778 0.793745 0.856917 0.844703 0.844821
BD_Bspro
 3.07277 2.52646 1.49484 1.39488 0.621978 0.532908 4.29615 4.54063 5.98993 4.81696 5.87633 7.66024 5.67082 3.97917 2.40979 1.37203 0.817008 0.7275 0.719958 0.907102 0.775711 0.704404 1.41443 1.88888 2.53996
BD_Bo
 0.368651 0.303108 0.179341 0.167349 0.0746208 0.0639348 0.515424 0.544755 0.718633 0.577908 0.705004 0.919026 0.680348 0.477394 0.289111 0.164607 0.0980193 0.0872807 0.0863759 0.108828 0.0930647 0.0845098 0.169695 0.226615 0.304727
BD_Brms
 1.79379 1.47488 0.872643 0.814291 0.363093 0.311096 2.50797 2.65069 3.49675 2.812 3.43043 4.47183 3.31046 2.32292 1.40677 0.800949 0.476946 0.424694 0.420291 0.52954 0.452838 0.411211 0.825706 1.10267 1.48275
S_f
 0.5 1 1 1 1
 0.5 1 1 1 1
 0.5 1 1 1 1
 0.5 1 1 1 1
 0.5 1 1 1 1
 0.5 1 1 1 1
 0.5 1 1 1 1
 0.5 1 1 1 1
 0.5 1 1 1 1
 0.5 1 1 1 1
 0.5 1 1 1 1
 0.5 1 1 1 1
 0.5 1 1 1 1
 0.5 1 1 1 1
 0.5 1 1 1 1
 0.5 1 1 1 1
 0.5 1 1 1 1
 0.5 1 1 1 1
 0.5 1 1 1 1
 0.5 1 1 1 1
 0.5 1 1 1 1
 0.5 1 1 1 1
 0.5 1 1 1 1
 0.5 1 1 1 1
 0.5 1 1 1 1
Scru_reclas
 0.5 1 1 1 1
 0.5 1 1 1 1
 0.5 1 1 1 1
 0.5 1 1 1 1
 0.5 1 1 1 1
 0.5 1 1 1 1
 0.5 1 1 1 1
 0.5 1 1 1 1
 0.5 1 1 1 1
 0.5 1 1 1 1
 0.5 1 1 1 1
 0.5 1 1 1 1
 0.5 1 1 1 1
 0.5 1 1 1 1
 0.5 1 1 1 1
 0.5 1 1 1 1
 0.5 1 1 1 1
 0.5 1 1 1 1
 0.5 1 1 1 1
 0.5 1 1 1 1
 0.5 1 1 1 1
 0.5 1 1 1 1
 0.5 1 1 1 1
 0.5 1 1 1 1
 0.5 1 1 1 1
Scru_pelaces
 0.5 1 1 1 1
 0.5 1 1 1 1
 0.5 1 1 1 1
 0.5 1 1 1 1
 0.5 1 1 1 1
 0.5 1 1 1 1
 0.5 1 1 1 1
 0.5 1 1 1 1
 0.5 1 1 1 1
 0.5 1 1 1 1
 0.5 1 1 1 1
 0.5 1 1 1 1
 0.5 1 1 1 1
 0.5 1 1 1 1
 0.5 1 1 1 1
 0.5 1 1 1 1
 0.5 1 1 1 1
 0.5 1 1 1 1
 0.5 1 1 1 1
 0.5 1 1 1 1
 0.5 1 1 1 1
 0.5 1 1 1 1
 0.5 1 1 1 1
 0.5 1 1 1 1
 0.5 1 1 1 1
pf_obs 
 0.256992 0.487395 0.22802 0.0275931 0
 0.321318 0.546541 0.124235 0.00734118 0.000564706
 0.182869 0.594174 0.210203 0.0122559 0.00049798
 0.330522 0.361315 0.267642 0.0388342 0.00168674
 0.649043 0.306663 0.0425973 0.00169635 0
 0.582887 0.30429 0.105238 0.00758474 0
 0.465427 0.430635 0.0974691 0.00646863 0
 0.296916 0.608066 0.0921331 0.00288517 0
 0.311714 0.524322 0.152257 0.0117073 0
 0.15457 0.633149 0.183074 0.0267441 0.00246327
 0.131901 0.49318 0.331252 0.0422183 0.00144891
 0.196976 0.569456 0.194076 0.0375587 0.00193317
 0.518974 0.381816 0.0799577 0.0180837 0.00116848
 0.0928022 0.601141 0.25162 0.0475244 0.00691264
 0.122501 0.610282 0.24278 0.0234846 0.000952079
 0.383417 0.481906 0.127806 0.00687128 0
 0.0376549 0.599619 0.316969 0.0457579 0
 0.0361596 0.667082 0.258105 0.0386534 0
 0.158088 0.579412 0.248529 0.0139706 0
 0.0477256 0.309471 0.559284 0.082774 0.000745712
 0.0406174 0.521527 0.379366 0.0568643 0.0016247
 0.151134 0.462217 0.34131 0.0453401 0
 0.294876 0.26143 0.354403 0.0886775 0.000613685
 0.281977 0.475581 0.204845 0.0348837 0.00271318
 0.0841818 0.532909 0.334909 0.0458182 0.00218182
pf_pred 
 0.759772 0.120934 0.0600542 0.029822 0.0294175
 0.0190806 0.850589 0.0656102 0.0325811 0.0321391
 0.0063114 0.038347 0.82841 0.0638994 0.0630325
 0.00981104 0.0128101 0.0377176 0.814813 0.124849
 0.0565134 0.0189042 0.0119614 0.0352185 0.877403
 0.975109 0.00273812 0.000443857 0.000280845 0.0214277
 0.0233617 0.964705 0.00131274 0.000212799 0.0104078
 0.699042 0.0141568 0.283297 0.000385501 0.00311885
 0.145184 0.707258 0.00694105 0.1389 0.00171817
 0.54315 0.118562 0.279893 0.00274687 0.0556486
 0.530666 0.333427 0.0352706 0.0832642 0.0173718
 0.0930655 0.634844 0.1933 0.0204477 0.0583425
 0.237552 0.133237 0.440441 0.134107 0.0546629
 0.0321345 0.378756 0.102946 0.340309 0.145854
 0.0258149 0.0624645 0.356785 0.0969742 0.457962
 0.105202 0.0463924 0.0543995 0.310719 0.483286
 0.48596 0.100363 0.0214478 0.0251496 0.367079
 0.317974 0.450895 0.045127 0.00964369 0.17636
 0.572977 0.209384 0.143884 0.0144003 0.059355
 0.115293 0.649966 0.115102 0.0790952 0.0405445
 0.453571 0.115803 0.316367 0.0560251 0.058234
 0.739379 0.164553 0.0203594 0.0556209 0.020088
 0.410518 0.50348 0.0543008 0.00671838 0.0249832
 0.491467 0.299867 0.178223 0.0192215 0.0112218
 0.299316 0.466678 0.137986 0.0820109 0.0140088
pobs_RECLAS
 0 0 0 0 0
 0 0 0 0 0
 0 0 0 0 0
 0 0 0 0 0
 0.835266 0.146461 0.0176864 0.000547809 3.91292e-05
 0.385257 0.428462 0.181853 0.0044286 0
 0.867414 0.0963971 0.0333333 0.00285562 0
 0.441836 0.489002 0.0689373 0.000224442 0
 0.779404 0.147425 0.0564933 0.0165055 0.000172143
 0.814271 0.122319 0.05973 0.00367925 0
 0.40263 0.566651 0.0304383 0.000280538 0
 0.475488 0.404961 0.113038 0.00651328 0
 0.955842 0.0263864 0.0167828 0.000988607 0
 0.975058 0.0227948 0.00214734 0 0
 0.738997 0.206755 0.0527124 0.00153531 0
 0.850938 0.134255 0.0134407 0.00136685 0
 0.542534 0.407297 0.0501686 0 0
 0.764087 0.199537 0.0359546 0.000420521 0
 0.470689 0.182191 0.310203 0.0369168 0
 0.84361 0.089868 0.0606195 0.00523954 0.000663233
 0.607945 0.314616 0.071237 0.00620181 0
 0.523733 0.453247 0.0230204 0 0
 0.530135 0.295979 0.169645 0.0042399 0
 0.562478 0.366248 0.0663022 0.0049721 0
 0.250443 0.683176 0.0655157 0.000865301 0
ppred_RECLAS
 0.760425 0.120606 0.059891 0.029741 0.0293375
 0.0191477 0.850531 0.0656057 0.0325788 0.0321369
 0.00633389 0.0383461 0.828391 0.0638979 0.0630311
 0.00984587 0.0128097 0.0377162 0.814784 0.124844
 0.0567045 0.0189003 0.0119589 0.0352114 0.877225
 0.975196 0.00272858 0.000442311 0.000279866 0.0213531
 0.0234435 0.964624 0.00131263 0.000212781 0.0104069
 0.699795 0.0141214 0.282588 0.000384537 0.00311105
 0.145628 0.70689 0.00693744 0.138827 0.00171728
 0.544038 0.118332 0.279349 0.00274154 0.0555404
 0.531557 0.332794 0.0352036 0.0831061 0.0173389
 0.093368 0.634632 0.193236 0.0204409 0.058323
 0.238201 0.133123 0.440066 0.133993 0.0546164
 0.032246 0.378712 0.102934 0.34027 0.145838
 0.025905 0.0624587 0.356752 0.0969653 0.457919
 0.10554 0.0463749 0.054379 0.310602 0.483104
 0.486854 0.100189 0.0214105 0.0251059 0.366441
 0.318751 0.450382 0.0450756 0.00963271 0.176159
 0.573853 0.208954 0.143589 0.0143708 0.0592334
 0.115658 0.649697 0.115054 0.0790625 0.0405278
 0.454458 0.115615 0.315854 0.0559341 0.0581394
 0.740068 0.164118 0.0203055 0.0554738 0.0200349
 0.411384 0.50274 0.054221 0.00670851 0.0249465
 0.492362 0.299339 0.17791 0.0191877 0.0112021
 0.300067 0.466177 0.137838 0.081923 0.0139938
pobs_PELACES
 0 0 0 0 0
 0 0 0 0 0
 0 0 0 0 0
 0 0 0 0 0
 0 0 0 0 0
 0 0 0 0 0
 0 0 0 0 0
 0 0 0 0 0
 0 0 0 0 0
 0 0 0 0 0
 0.450072 0.473896 0.0757376 0.000293798 0
 0 0 0 0 0
 0.463077 0.371075 0.160297 0.00555027 0
 0.529543 0.364841 0.0842815 0.0213345 0
 0.631943 0.363953 0.00410389 0 0
 0.735681 0.248677 0.0153453 0.000297389 0
 0.695825 0.281241 0.0229344 0 0
 0.275771 0.60734 0.115278 0.00161068 0
 0 0 0 0 0
 0.896147 0.0623911 0.0374545 0.00400742 0
 0.803859 0.145111 0.0509908 3.86294e-05 0
 0.739449 0.233085 0.0266225 0.000797448 4.60066e-05
 0.878498 0.100942 0.0204185 0.000141795 0
 0.694673 0.275183 0.0284847 0.00165964 0
 0.469039 0.446079 0.0841089 0.000773354 0
ppred_PELACES
 0.763739 0.118937 0.0590624 0.0293295 0.0289316
 0.0194941 0.850231 0.0655825 0.0325673 0.0321255
 0.00645 0.0383416 0.828294 0.0638905 0.0630237
 0.0100257 0.0128073 0.0377094 0.814636 0.124821
 0.0576904 0.0188806 0.0119464 0.0351746 0.876308
 0.975635 0.00268035 0.000434493 0.00027492 0.0209757
 0.0238657 0.964207 0.00131206 0.000212689 0.0104024
 0.703621 0.0139414 0.278986 0.000379635 0.0030714
 0.147918 0.704995 0.00691885 0.138455 0.00171268
 0.548569 0.117156 0.276572 0.00271429 0.0549884
 0.536107 0.329562 0.0348617 0.082299 0.0171705
 0.0949272 0.633541 0.192904 0.0204057 0.0582227
 0.241535 0.132541 0.43814 0.133407 0.0543774
 0.0328215 0.378487 0.102873 0.340067 0.145751
 0.0263704 0.0624289 0.356581 0.0969189 0.4577
 0.107278 0.0462848 0.0542734 0.309999 0.482165
 0.491422 0.099297 0.0212199 0.0248824 0.363178
 0.322734 0.447748 0.044812 0.00957639 0.175129
 0.578318 0.206765 0.142084 0.0142202 0.0586128
 0.117542 0.648314 0.114809 0.0788941 0.0404415
 0.458994 0.114653 0.313227 0.055469 0.057656
 0.743569 0.161907 0.020032 0.0547266 0.019765
 0.415818 0.498953 0.0538126 0.00665798 0.0247585
 0.496932 0.296644 0.176308 0.019015 0.0111012
 0.303921 0.463611 0.13708 0.081472 0.0139167
pobs_pel_tallas
 0 0 0 0 0 0 0 0 0 0 0 0 0 0 0 0 0 0 0 0 0 0 0 0 0 0 0 0 0 0 0 0 0 0 0 0
 0 0 0 0 0 0 0 0 0 0 0 0 0 0 0 0 0 0 0 0 0 0 0 0 0 0 0 0 0 0 0 0 0 0 0 0
 0 0 0 0 0 0 0 0 0 0 0 0 0 0 0 0 0 0 0 0 0 0 0 0 0 0 0 0 0 0 0 0 0 0 0 0
 0 0 0 0 0 0 0 0 0 0 0 0 0 0 0 0 0 0 0 0 0 0 0 0 0 0 0 0 0 0 0 0 0 0 0 0
 0 0 0 0 0 0 0 0 0 0 0 0 0 0 0 0 0 0 0 0 0 0 0 0 0 0 0 0 0 0 0 0 0 0 0 0
 0 0 0 0 0 0 0 0 0 0 0 0 0 0 0 0 0 0 0 0 0 0 0 0 0 0 0 0 0 0 0 0 0 0 0 0
 0 0 0 0 0 0 0 0 0 0 0 0 0 0 0 0 0 0 0 0 0 0 0 0 0 0 0 0 0 0 0 0 0 0 0 0
 0 0 0 0 0 0 0 0 0 0 0 0 0 0 0 0 0 0 0 0 0 0 0 0 0 0 0 0 0 0 0 0 0 0 0 0
 0 0 0 0 0 0 0 0 0 0 0 0 0 0 0 0 0 0 0 0 0 0 0 0 0 0 0 0 0 0 0 0 0 0 0 0
 0 0 0 0 0 0 0 0 0 0 0 0 0 0 0 0 0 0 0 0 0 0 0 0 0 0 0 0 0 0 0 0 0 0 0 0
 0 0 0 0 0 0 0 0 1.78061e-05 0.00172719 0.00360574 0.0105946 0.0120993 0.0124554 0.0147524 0.0171206 0.0266825 0.0428682 0.0675386 0.121331 0.153587 0.119568 0.100827 0.0573624 0.0630603 0.0341343 0.0324427 0.0444173 0.0211091 0.0280891 0.0125444 0.00206551 0 0 0 0
 0 0 0 0 0 0 0 0 0 0 0 0 0 0 0 0 0 0 0 0 0 0 0 0 0 0 0 0 0 0 0 0 0 0 0 0
 0 0 0 0 0 0 0.0133647 0.0140871 0.0187388 0.0205184 0.03894 0.0496705 0.03968 0.0493445 0.0407372 0.0367815 0.0215668 0.0243155 0.0234873 0.0199281 0.019796 0.0243948 0.0301388 0.0376714 0.0412746 0.0863199 0.0771752 0.113111 0.0741005 0.0525337 0.0229764 0.00759418 0.00175318 0 0 0
 0 0 0 0 0 0 0 0 0 0 0.00219441 0.00772107 0.0458388 0.0604681 0.0671733 0.0775358 0.0609151 0.0617685 0.073594 0.0568108 0.0755445 0.0548602 0.0670107 0.0636378 0.0643287 0.046367 0.0373049 0.0286899 0.0247887 0.0153202 0.00654259 0.00121912 0.000365735 0 0 0
 0 0 0 0 0 0 0 0 0 0 0 0 0.000112435 0.00938835 0.0111873 0.0202946 0.0414886 0.0713402 0.111592 0.104902 0.108894 0.110636 0.117776 0.105296 0.107544 0.0401394 0.0192827 0.0124803 0.00416011 0.0028671 0.000618394 0 0 0 0 0
 0 0 0 0 0 0 0 0 0 0 0.00291406 0.0102884 0.027416 0.0768956 0.0749926 0.110853 0.0956884 0.0897413 0.0766577 0.0534642 0.0500743 0.0551293 0.0594112 0.0620874 0.0668451 0.0424026 0.0208742 0.0120726 0.0048766 0.00582813 0.00118941 0.000297354 0 0 0 0
 0 0.00264628 0.0354308 0.0461629 0.0458689 0.0383711 0.0214643 0.0164657 0.0346957 0.0420465 0.0363128 0.0245516 0.0311673 0.0291091 0.0169068 0.0133784 0.00837989 0.0085269 0.0148486 0.0160247 0.0276389 0.0546898 0.0760071 0.122758 0.109233 0.0665981 0.0333725 0.0166128 0.00676272 0.00308733 0.000882094 0 0 0 0 0
 0 0 0 0 0 0 0 0.000805153 0.000690131 0.00759144 0.0133425 0.0154129 0.00931677 0.000345066 0.00356568 0.00563607 0.00851162 0.0253048 0.0502646 0.0516448 0.0657925 0.0565908 0.0611916 0.0827007 0.0866115 0.110766 0.145733 0.0935128 0.0569358 0.0249597 0.0138026 0.00621118 0.00161031 0.00115022 0 0
 0 0 0 0 0 0 0 0 0 0 0 0 0 0 0 0 0 0 0 0 0 0 0 0 0 0 0 0 0 0 0 0 0 0 0 0
 0.00147267 0.00158595 0.00478618 0.00569244 0.00954404 0.0108468 0.00647125 0.017049 0.0510054 0.094081 0.124002 0.0959785 0.0687766 0.0820023 0.061753 0.0591476 0.0492212 0.0479892 0.0443925 0.0268479 0.0217502 0.0140895 0.0121071 0.0120363 0.00920419 0.00665534 0.0049561 0.00860946 0.00930331 0.0156896 0.0114698 0.00855282 0.00243557 0.00046729 0 2.83206e-05
 0 0 0 0 0.000772559 0.00158375 0.000888443 0.00281984 0.00712685 0.0440552 0.0773331 0.111326 0.0921469 0.0852325 0.0710754 0.0886704 0.0786465 0.0553345 0.0373146 0.0185414 0.00753245 0.00457741 0.012979 0.0271748 0.0457355 0.0583668 0.034881 0.0177882 0.00938659 0.00492506 0.0015258 0.00185414 0.000309023 5.79419e-05 3.86279e-05 0
 0 0.00173294 0.00326652 0 0.00397197 0.00683976 0.00946217 0.0152591 0.00757587 0.0136028 0.0228656 0.0392903 0.0559909 0.0764795 0.0681675 0.0726916 0.0566044 0.0477403 0.0527397 0.0444891 0.0609904 0.0582453 0.0661739 0.0445044 0.0529084 0.0360697 0.0280645 0.0235558 0.0158879 0.00826598 0.00280645 0.00217768 0.000904811 0.00058276 9.20147e-05 0
 0 0 0 0 0 0 0 0 0 0 0 0 0 0 0 0 0 0 0 0 0 0 0 0 0 0 0 0 0 0 0 0 0 0 0 0
 0 0 0 0 0 0 0 0 0 0 0 0 0 0 0 0 0 0 0 0 0 0 0 0 0 0 0 0 0 0 0 0 0 0 0 0
 0 0 0 0 0 0 0 0 0 0 0 0 0 0 0 0 0 0 0 0 0 0 0 0 0 0 0 0 0 0 0 0 0 0 0 0
ppred_pel_tallas
 1.03237e-16 3.33201e-05 0.000195569 0.000929659 0.00357926 0.0111616 0.0281933 0.0576868 0.0956207 0.128411 0.139724 0.123216 0.0881366 0.0513046 0.0246526 0.0104427 0.00501917 0.00408921 0.00503353 0.00672448 0.00873598 0.0108455 0.0128602 0.0145978 0.0159127 0.0167226 0.01702 0.0168613 0.016342 0.0155652 0.0146172 0.0135557 0.0124123 0.0112031 0.00994226 0.00865137
 1.03828e-16 8.97185e-07 5.15035e-06 2.42394e-05 9.29155e-05 0.000289393 0.000731936 0.00150436 0.00251909 0.00346 0.00396798 0.00398243 0.00390303 0.0044007 0.00610171 0.00944068 0.0146926 0.0220025 0.0313139 0.0422444 0.0540074 0.0654482 0.0752138 0.0820228 0.0849607 0.0836998 0.0785757 0.0704845 0.060647 0.0503186 0.0405383 0.0319834 0.0249466 0.0194084 0.0151574 0.0119096
 1.16911e-16 2.97369e-07 1.69895e-06 7.98637e-06 3.05996e-05 9.52467e-05 0.000240604 0.000493303 0.000821916 0.00111685 0.00124999 0.00118562 0.00103254 0.000982501 0.00121213 0.00184908 0.00300765 0.00483157 0.00750314 0.0112203 0.0161573 0.0224188 0.0299928 0.0387101 0.0482201 0.0579908 0.0673442 0.0755242 0.0817941 0.0855455 0.0863965 0.084258 0.0793523 0.0721742 0.0634101 0.053828
 1.34364e-16 4.49118e-07 2.60004e-06 1.22926e-05 4.72182e-05 0.00014711 0.000371544 0.000760689 0.00126306 0.00170295 0.00187095 0.00169292 0.0013062 0.000958024 0.000846777 0.00106485 0.00165358 0.002677 0.00425364 0.00655021 0.00975983 0.0140746 0.0196525 0.0265785 0.0348223 0.0442009 0.0543551 0.0647501 0.0747086 0.0834755 0.0903099 0.0945882 0.0958991 0.0941073 0.0893795 0.0821559
 1.42331e-16 2.52705e-06 1.48005e-05 7.02979e-05 0.000270558 0.000843594 0.0021308 0.00436022 0.0072291 0.0097134 0.0105832 0.00936636 0.00677386 0.00409669 0.00226859 0.00150943 0.00161354 0.00235306 0.0036552 0.00558793 0.00829449 0.0119428 0.0166908 0.0226552 0.0298766 0.0382837 0.0476614 0.0576338 0.0676692 0.0771147 0.0852608 0.0914275 0.0950592 0.095808 0.0935875 0.0885912
 1.00997e-16 4.25549e-05 0.000249796 0.00118749 0.004572 0.0142575 0.036013 0.0736856 0.122135 0.164004 0.178414 0.157244 0.112278 0.0649545 0.0304548 0.0115932 0.0036217 0.000995065 0.000344677 0.000268956 0.000336978 0.000447632 0.000582273 0.000737536 0.000911699 0.0011023 0.00130536 0.00151466 0.0017212 0.00191326 0.00207716 0.00219891 0.00226629 0.00227104 0.00221039 0.00208789
 1.00826e-16 1.09235e-06 6.28585e-06 2.96149e-05 0.000113574 0.000353788 0.000894723 0.00183826 0.00307561 0.00421652 0.00481529 0.00478697 0.00460332 0.00505925 0.00688504 0.0105677 0.0163948 0.0245002 0.034788 0.0467928 0.0595919 0.0718506 0.0820198 0.0886497 0.0907293 0.0879397 0.0807395 0.0702415 0.0579354 0.0453439 0.0337245 0.0238923 0.016187 0.0105549 0.00669124 0.00418579
 1.04122e-16 3.06951e-05 0.000180166 0.000856449 0.00329741 0.0102827 0.0259731 0.0531435 0.0880876 0.118288 0.128693 0.113449 0.0810636 0.0470158 0.0222763 0.00890838 0.00353249 0.00220384 0.00255401 0.00363254 0.00517778 0.00714158 0.00949704 0.0121784 0.0150652 0.0179829 0.0207155 0.0230295 0.0247043 0.0255672 0.025522 0.0245676 0.0227997 0.0203949 0.0175821 0.0146061
 1.05166e-16 6.49095e-06 3.80046e-05 0.000180463 0.000694468 0.00216535 0.00547025 0.0111982 0.0185824 0.0250166 0.0273838 0.0245367 0.018398 0.0124193 0.00916982 0.00939016 0.0126678 0.0183757 0.0260152 0.0350852 0.0448833 0.0544497 0.0626741 0.0685093 0.0712113 0.0705185 0.0667108 0.0605202 0.0529342 0.0449549 0.0373948 0.0307629 0.025254 0.0208165 0.0172592 0.014352
 1.06627e-16 2.39382e-05 0.000140487 0.000667793 0.00257101 0.0080174 0.0202513 0.041437 0.0686871 0.0922468 0.100388 0.0885625 0.0634249 0.0370762 0.0181151 0.0082053 0.00476861 0.00477589 0.00639977 0.00887529 0.0119221 0.0153768 0.0190607 0.0227622 0.0262574 0.0293357 0.0318198 0.0335749 0.03451 0.0345778 0.0337753 0.0321481 0.0297944 0.0268631 0.023543 0.0200438
 1.04233e-16 2.34027e-05 0.000137326 0.000652723 0.00251292 0.00783621 0.0197939 0.0405025 0.0671437 0.0901911 0.0981959 0.0867348 0.0623471 0.0369099 0.0188922 0.00999135 0.00774803 0.00922329 0.0125824 0.016933 0.0217538 0.0265597 0.0308303 0.0340743 0.035933 0.0362606 0.0351523 0.0329053 0.0299317 0.0266516 0.0234053 0.0204055 0.0177357 0.0153834 0.013287 0.0113789
 1.06367e-16 4.17793e-06 2.44304e-05 0.000115942 0.000446064 0.00139073 0.00351355 0.00719416 0.0119441 0.0160979 0.0176688 0.0159447 0.0121985 0.00870398 0.00718939 0.00822673 0.0116523 0.0171471 0.0244276 0.0331334 0.0426812 0.0522315 0.0607853 0.0673704 0.0712533 0.0721009 0.0700425 0.0656052 0.0595571 0.0527122 0.0457627 0.039184 0.0332223 0.027942 0.0233019 0.019224
 1.13388e-16 1.05509e-05 6.18901e-05 0.000294129 0.0011323 0.00353084 0.00891869 0.0182498 0.0302552 0.0406444 0.0442624 0.0391218 0.028179 0.0168024 0.00883594 0.00508923 0.00452025 0.00589616 0.00850722 0.0120877 0.0165435 0.021776 0.0276165 0.0338204 0.0400845 0.046071 0.0514328 0.0558346 0.0589763 0.0606184 0.060611 0.058921 0.0556501 0.0510326 0.0454123 0.039199
 1.20079e-16 1.45866e-06 8.49149e-06 4.02227e-05 0.000154623 0.00048195 0.00121775 0.00249486 0.00414771 0.00560732 0.00619965 0.00570126 0.00458963 0.00370743 0.00373071 0.00495567 0.00743532 0.0111632 0.0161162 0.0221923 0.029144 0.0365662 0.0439461 0.0507592 0.0565755 0.0611373 0.0643826 0.0664043 0.067368 0.0674219 0.066637 0.0649966 0.0624327 0.0588879 0.0543764 0.0490185
 1.29799e-16 1.16485e-06 6.79488e-06 3.22197e-05 0.000123916 0.000386267 0.000975701 0.00199731 0.00331454 0.004463 0.00488754 0.00438505 0.00330181 0.00226154 0.00174033 0.00190582 0.00274827 0.00425997 0.00650634 0.00960496 0.0136785 0.0188147 0.0250368 0.0322808 0.0403786 0.0490482 0.0578947 0.0664259 0.0740877 0.0803174 0.0846115 0.0865946 0.0860781 0.0830916 0.0778814 0.0708769
 1.33967e-16 4.69103e-06 2.75009e-05 0.000130668 0.000502983 0.00156839 0.0039616 0.00810643 0.0134394 0.0180553 0.019665 0.0173873 0.0125377 0.00750541 0.00400718 0.00241931 0.00230787 0.00317177 0.00476577 0.00706984 0.0101688 0.0141684 0.019152 0.025154 0.0321368 0.0399674 0.0483972 0.0570532 0.0654471 0.0730091 0.0791477 0.0833259 0.0851418 0.0843938 0.0811177 0.0755851
 1.18159e-16 2.14442e-05 0.000125851 0.00059822 0.00230315 0.00718213 0.0181414 0.0371198 0.0615303 0.0826339 0.0899232 0.0793215 0.0567873 0.0331557 0.0161225 0.00716842 0.00397321 0.00381349 0.00504735 0.00699497 0.00942746 0.0122437 0.0153554 0.0186706 0.0221037 0.0255832 0.0290471 0.0324253 0.0356179 0.0384803 0.0408238 0.0424374 0.0431244 0.0427451 0.0412503 0.0387004
 1.09295e-16 1.41032e-05 8.27192e-05 0.000393095 0.00151324 0.00471874 0.0119196 0.024392 0.0404439 0.0543497 0.0592345 0.052466 0.0380304 0.0231505 0.0130226 0.00878463 0.00907194 0.012201 0.0170848 0.0231003 0.0297273 0.0363592 0.0423095 0.046926 0.0497348 0.0505493 0.0495047 0.0470015 0.0435846 0.0397974 0.0360623 0.0326191 0.029529 0.0267264 0.0240895 0.0215057
 1.05312e-16 2.52386e-05 0.000148115 0.000704038 0.00271053 0.00845249 0.0213504 0.0436864 0.0724177 0.097263 0.105863 0.0934289 0.0669897 0.0393193 0.0195038 0.00931812 0.00605867 0.00652847 0.00876794 0.0118992 0.0155165 0.0193115 0.0229595 0.0261368 0.0285766 0.0301183 0.0307294 0.0304904 0.0295549 0.0280986 0.026278 0.0242099 0.0219729 0.0196218 0.0172065 0.0147838
 1.06442e-16 5.16438e-06 3.0221e-05 0.000143469 0.000552049 0.00172123 0.00434839 0.0089024 0.0147757 0.019901 0.0218079 0.0195972 0.014816 0.0102369 0.00794168 0.00856849 0.0118422 0.0173098 0.0245986 0.0332981 0.0427926 0.0522163 0.0605507 0.0668172 0.070294 0.0706813 0.0681593 0.0633161 0.0569782 0.0500028 0.0431008 0.0367384 0.031127 0.0262796 0.0220977 0.0184516
 1.09084e-16 2.00322e-05 0.000117556 0.000558776 0.00215126 0.00670845 0.016945 0.0346721 0.0574742 0.0771908 0.0840106 0.0741316 0.0531284 0.0311356 0.0153623 0.00721953 0.00457459 0.00492044 0.00675619 0.00946644 0.0128332 0.0167237 0.0209764 0.0253845 0.029712 0.0337173 0.0371723 0.0398752 0.0416602 0.0424058 0.0420476 0.0405908 0.0381205 0.034801 0.0308623 0.0265735
 1.03142e-16 3.24422e-05 0.000190411 0.000905131 0.00348481 0.0108671 0.0274493 0.0561649 0.0930992 0.125029 0.136054 0.120004 0.085891 0.0501028 0.0242715 0.0106169 0.00559505 0.0050348 0.00637979 0.0085059 0.0109501 0.0134298 0.0156852 0.0174767 0.0186274 0.0190605 0.0188126 0.0180143 0.0168482 0.015499 0.0141122 0.0127742 0.0115137 0.0103199 0.00916648 0.00803186
 1.02313e-16 1.81646e-05 0.000106557 0.000506411 0.00194952 0.00607923 0.0153561 0.0314238 0.0521006 0.0700062 0.076277 0.067511 0.0488266 0.0295041 0.0162028 0.0103445 0.0101233 0.0133264 0.0185258 0.0249173 0.0318619 0.0386406 0.0444511 0.0485374 0.0503575 0.0497118 0.0467884 0.0421039 0.0363673 0.0303103 0.0245417 0.0194619 0.0152496 0.0119023 0.00930596 0.00730276
 1.03772e-16 2.16936e-05 0.000127294 0.000605034 0.00232931 0.00726363 0.0183476 0.0375431 0.0622378 0.0836017 0.0910227 0.0804017 0.0578013 0.0342331 0.0175516 0.00933762 0.00732339 0.00880195 0.0120956 0.0164043 0.0212724 0.0262717 0.0309266 0.0347657 0.0374114 0.0386547 0.038488 0.0370827 0.0347277 0.0317488 0.0284413 0.0250309 0.0216672 0.018441 0.0154083 0.0126111
 1.05547e-16 1.3284e-05 7.79072e-05 0.000370212 0.00142513 0.00444394 0.0112255 0.0229721 0.038091 0.0511922 0.0558052 0.0494569 0.035911 0.0219842 0.0125901 0.0088252 0.00943131 0.0128459 0.018057 0.0244703 0.0315626 0.0387028 0.0451615 0.0502299 0.0533697 0.054329 0.0531874 0.0503083 0.0462263 0.0415074 0.0366301 0.0319207 0.0275475 0.0235574 0.0199327 0.0166385
pSPR Fmed_Fpbrs
0.370333   0.255515 0.255515
Fs Fmed_Fpbrs
0.64   1.005 1.005
SSBpbr Bo_Bmed_Bpbrs
4.94595e+06  1.58435e+06  1.01646e+06 1.01646e+06
Ro
28859.7
SPR SPRFo_SPRFmed_SPRFpbrs
593383 219749 151618
log_Ro
10.0902
likeval ReclasPelacesDesembMPH_pf_preclas_ppelaces_ptallas_desvR_qrecl_qpela
 679.927 193.859 13885.1 576.837 568.736 424.344 91.0173 0 136.756 0 0 0 0 0 0
q_reclas_q_pelaces
1 1
M
0.7
N
 210449 17157.7 8520.26 4231.04 4173.64
 4330.18 98873.6 7626.62 3787.27 3735.89
 653.714 2034.41 43949.4 3390.04 3344.05
 459.237 307.129 904.298 19535.6 2993.31
 1259.27 215.76 136.519 401.961 10014.1
 411346 591.632 95.9054 60.6829 4629.95
 9137.01 193259 262.981 42.63 2084.99
 413837 4292.77 85904 116.895 945.729
 77921.3 194430 1908.14 38184.4 472.337
 327429 36609.1 86424.2 848.17 17183
 477997 153833 16272.8 38415.6 8014.85
 64273.8 224573 68379.1 7233.27 20638.4
 105113 30197.2 99823 30394.6 12389
 8180.05 49384.4 13422.7 44371.4 19017.3
 3100.85 3843.17 21951.4 5966.4 28176.4
 6449.79 1456.85 1708.29 9757.42 15176.5
 28645.6 3030.25 647.569 759.337 11083.1
 18529.4 13458.3 1346.95 287.845 5263.99
 46509.7 8705.52 5982.23 598.721 2467.8
 7567.33 21851.3 3869.61 2659.11 1363.07
 27186.7 3555.3 9712.91 1720.05 1787.86
 112048 12772.9 1580.33 4317.4 1559.27
 83799.6 52642.7 5677.57 702.459 2612.18
 125978 39370.9 23399.7 2523.69 1473.36
 74113.3 59187.3 17500.4 10401.2 1776.69
pred_Ctot
 8183.01 1302.5 646.805 321.194 316.836
 168.373 7505.86 578.964 287.505 283.605
 25.4187 154.44 3336.36 257.35 253.859
 17.8568 23.3153 68.6486 1483.02 227.233
 48.9648 16.3791 10.3637 30.5144 760.207
 15994.6 44.913 7.28053 4.60666 351.476
 355.28 14671 19.9639 3.2362 158.279
 16091.5 325.88 6521.29 8.87395 71.7938
 3029.86 14759.9 144.854 2898.72 35.8569
 12731.6 2779.14 6560.78 64.3877 1304.42
 18586.2 11678.1 1235.33 2916.27 608.437
 2499.19 17048.2 5190.91 549.105 1566.74
 4087.17 2292.38 7577.93 2307.36 940.493
 318.07 3748.95 1018.97 3368.4 1443.68
 120.572 291.749 1666.41 452.931 2138.97
 250.791 110.594 129.683 740.722 1152.1
 1113.84 230.038 49.1594 57.6441 841.362
 720.489 1021.67 102.252 21.8514 399.609
 1808.46 660.868 454.133 45.4511 187.34
 294.245 1658.81 293.756 201.863 103.476
 1057.12 269.896 737.343 130.575 135.723
 4356.83 969.639 119.969 327.75 118.37
 3258.43 3996.3 431.005 53.3262 198.3
 4898.48 2988.79 1776.36 191.582 111.848
 2881.79 4493.13 1328.52 789.593 134.875
F
 0.0554016 0.110803 0.110803 0.110803 0.110803
 0.0554016 0.110803 0.110803 0.110803 0.110803
 0.0554016 0.110803 0.110803 0.110803 0.110803
 0.0554016 0.110803 0.110803 0.110803 0.110803
 0.0554016 0.110803 0.110803 0.110803 0.110803
 0.0554016 0.110803 0.110803 0.110803 0.110803
 0.0554016 0.110803 0.110803 0.110803 0.110803
 0.0554016 0.110803 0.110803 0.110803 0.110803
 0.0554016 0.110803 0.110803 0.110803 0.110803
 0.0554016 0.110803 0.110803 0.110803 0.110803
 0.0554016 0.110803 0.110803 0.110803 0.110803
 0.0554016 0.110803 0.110803 0.110803 0.110803
 0.0554016 0.110803 0.110803 0.110803 0.110803
 0.0554016 0.110803 0.110803 0.110803 0.110803
 0.0554016 0.110803 0.110803 0.110803 0.110803
 0.0554016 0.110803 0.110803 0.110803 0.110803
 0.0554016 0.110803 0.110803 0.110803 0.110803
 0.0554016 0.110803 0.110803 0.110803 0.110803
 0.0554016 0.110803 0.110803 0.110803 0.110803
 0.0554016 0.110803 0.110803 0.110803 0.110803
 0.0554016 0.110803 0.110803 0.110803 0.110803
 0.0554016 0.110803 0.110803 0.110803 0.110803
 0.0554016 0.110803 0.110803 0.110803 0.110803
 0.0554016 0.110803 0.110803 0.110803 0.110803
 0.0554016 0.110803 0.110803 0.110803 0.110803
Np
 28354.3 8518.82 6329.32 4782.22 1671.02
YTP_r0W_actual
 242655 628011 278534 206177 36675.1
YTP_p0W_proyectada
 67968.4 362743 398425 150446 143334
 67968.4 88746 95852.4 92488.9 35864
CTP_r0_actual
 21665.6 28546 8440.42 5016.48 856.895
CTP_p0_proyectada
 8288.82 16793.7 12688.7 3751.77 3220.99
 8288.82 4108.61 3052.62 2306.46 805.932
Wmedp
 8.2 21.6 31.4 40.1 44.5
nmprior
 10.8 10.6 4.6 0
nm_flota  nm_reclas  nm_pelaces    nm_pelaL
inf 1.65272 3.98415 6.03164
cv_recla  cv_pelaces  cv_mph
1.96551 0.789378 1.99837
 ------------------------------------------------
Talla a la edad & desviaci?n 
 7.2 14.2025 17.0495 18.207 18.6776
 1.08 2.13037 2.55742 2.73105 2.80164
