years
 1997 1998 1999 2000 2001 2002 2003 2004 2005 2006 2007 2008 2009 2010 2011 2012 2013 2014 2015 2016 2017 2018 2019 2020 2021 2022
reclasobs
 0 0 0 370054 412103 1.49427e+06 250295 1.28982e+06 931140 785840 897777 1.04006e+06 184774 17550 25797 100020 73551 82996 120727 218422 84188 347160 605670 569463 516374 1.08416e+06
reclaspred
 465698 124286 347808 228065 292408 300666 602337 431656 648818 838264 715832 501089 317072 149310 100465 80199.9 69766.1 83054.8 89340.3 180557 308052 281338 455932 590465 683461 660713
pelacesobs
 0 0 0 0 0 0 0 0 0 2.06254e+06 1.5e+06 0 1.87456e+06 323000 250000 174000 83755 137374 0 501740 490994 745055 786931 1.00524e+06 1.33801e+06 1.41789e+06
pelacespred
 957342 222421 380859 390995 434683 359497 839994 681327 977383 1.25036e+06 982757 719543 465656 187753 121603 102763 91960.2 106845 114563 229013 447021 404960 539361 786267 900346 954019
mphobs
 0 0 0 0 0 0 112323 0 153150 637223 0 255016 313432 73983 77613 109348 50772 17779 17303 59886 28197 0 207744 136588 643089 65757
mphpred
 625793 368108 430281 477079 459945 622084 798832 874741 866112 1.2305e+06 1.59338e+06 1.20329e+06 746061 411263 190586 146616 120066 122941 147304 184675 414721 565001 671443 929294 1.2139e+06 1.20394e+06
desembarqueobs
 350755 77701 442110 56441 14545 235359 269955 359681 431902 328805 639364 411747 362871 311530 167758 66681 60226 58785 57116 73181 50977 67692 138656 160484 209506 203330
desembarquepred
 350760 77699.7 442092 56443.1 14545.3 235508 270012 359662 431836 328723 639568 411918 362996 312045 167759 66712.9 60292.8 58793.4 57105.6 73163.9 50974.8 67677.1 138659 160479 209496 203305
Reclutas
 45878.7 58031.3 30469.5 42008.5 59341.3 37431.7 66844.6 83503.6 150581 208044 69902.9 38855.6 46485.1 20988.2 17032.9 12844.1 8625.65 11593.3 16087.1 42019.9 50228.7 55166.8 80675.8 118354 45174.3 74155.7
log_desv_Rt
 0.0477658 0.282749 -0.361508 -0.0403625 0.305071 -0.155715 0.424137 0.646656 1.23626 1.55951 0.468873 -0.118381 0.0608971 -0.734273 -0.943086 -1.22535 -1.62349 -1.32781 -1.00022 -0.0400899 0.138352 0.232127 0.612204 0.995446 0.0322939 0.527933
SSB
 625793 368108 430281 477079 459945 622084 776659 864209 846415 1.20727e+06 1.59338e+06 1.20329e+06 764897 424796 202910 158383 136024 134095 152022 199652 424711 565001 688787 913591 1.29794e+06 1.32149e+06
BT
 1.9978e+06 530824 922043 760828 790426 833775 1.69342e+06 1.62317e+06 2.14439e+06 2.54647e+06 2.32048e+06 1.66105e+06 1.1927e+06 639979 363101 240365 217153 239237 254050 467355 840541 788343 1.06289e+06 1.5413e+06 1.77472e+06 1.88746e+06
Ftot
 0.489107 0.42533 0.662038 0.141094 0.0304519 0.357598 0.267971 0.550877 0.525676 0.281729 0.414311 0.361992 0.56754 0.940131 0.916683 0.417691 0.454414 0.412517 0.370602 0.315325 0.103021 0.124876 0.15697 0.161655 0.140181 0.151615
BD_Bspro_t
 0.940186 0.726387 0.671267 0.517544 0.634691 0.752336 0.675755 0.673331 0.636014 0.667875 0.698347 0.561055 0.454761 0.356326 0.234159 0.233162 0.273834 0.350435 0.436889 0.560321 0.741186 0.826899 0.829643 0.825883 0.836028 0.796046
BD_Bspro
 0.692713 0.407472 0.476293 0.528096 0.50913 0.688607 0.859711 0.956623 0.936927 1.33637 1.76377 1.33196 0.846691 0.470221 0.224608 0.175319 0.15057 0.148435 0.168278 0.221002 0.470128 0.625419 0.762443 1.01129 1.43674 1.4628
BD_Bo
 0.383884 0.22581 0.263949 0.292657 0.282147 0.381608 0.47643 0.530136 0.519221 0.740583 0.977436 0.738138 0.469214 0.260585 0.124472 0.0971574 0.0834421 0.0822587 0.0932554 0.122473 0.260533 0.346591 0.422526 0.560429 0.796203 0.810648
BD_Brms
 1.32059 0.776803 0.908003 1.00676 0.970603 1.31276 1.63895 1.8237 1.78615 2.54766 3.36245 2.53924 1.61413 0.896429 0.428193 0.334228 0.287046 0.282975 0.320805 0.421317 0.896251 1.1923 1.45352 1.92791 2.73899 2.78868
S_f
 0.177807 1 1 1 1
 0.177807 1 1 1 1
 0.177807 1 1 1 1
 0.177807 1 1 1 1
 0.177807 1 1 1 1
 0.177807 1 1 1 1
 0.177807 1 1 1 1
 0.177807 1 1 1 1
 0.177807 1 1 1 1
 0.177807 1 1 1 1
 0.177807 1 1 1 1
 0.177807 1 1 1 1
 0.177807 1 1 1 1
 0.177807 1 1 1 1
 0.177807 1 1 1 1
 0.177807 1 1 1 1
 0.177807 1 1 1 1
 0.177807 1 1 1 1
 0.177807 1 1 1 1
 0.177807 1 1 1 1
 0.177807 1 1 1 1
 0.177807 1 1 1 1
 0.177807 1 1 1 1
 0.177807 1 1 1 1
 0.177807 1 1 1 1
 0.177807 1 1 1 1
Scru_reclas
 1 1 1 1 1
 1 1 1 1 1
 1 1 1 1 1
 1 1 1 1 1
 1 1 1 1 1
 1 1 1 1 1
 1 1 1 1 1
 1 1 1 1 1
 1 1 1 1 1
 1 1 1 1 1
 1 1 1 1 1
 1 1 1 1 1
 1 1 1 1 1
 1 1 1 1 1
 1 1 1 1 1
 1 1 1 1 1
 1 1 1 1 1
 1 1 1 1 1
 1 1 1 1 1
 1 1 1 1 1
 1 1 1 1 1
 1 1 1 1 1
 1 1 1 1 1
 1 1 1 1 1
 1 1 1 1 1
 1 1 1 1 1
Scru_pelaces
 1 1 1 1 1
 1 1 1 1 1
 1 1 1 1 1
 1 1 1 1 1
 1 1 1 1 1
 1 1 1 1 1
 1 1 1 1 1
 1 1 1 1 1
 1 1 1 1 1
 1 1 1 1 1
 1 1 1 1 1
 1 1 1 1 1
 1 1 1 1 1
 1 1 1 1 1
 1 1 1 1 1
 1 1 1 1 1
 1 1 1 1 1
 1 1 1 1 1
 1 1 1 1 1
 1 1 1 1 1
 1 1 1 1 1
 1 1 1 1 1
 1 1 1 1 1
 1 1 1 1 1
 1 1 1 1 1
 1 1 1 1 1
pf_obs 
 0.256992 0.487395 0.22802 0.0275931 0
 0.321318 0.546541 0.124235 0.00734118 0.000564706
 0.182869 0.594174 0.210203 0.0122559 0.00049798
 0.330522 0.361315 0.267642 0.0388342 0.00168674
 0.649043 0.306663 0.0425973 0.00169635 0
 0.582887 0.30429 0.105238 0.00758474 0
 0.465427 0.430635 0.0974691 0.00646863 0
 0.296916 0.608066 0.0921331 0.00288517 0
 0.311714 0.524322 0.152257 0.0117073 0
 0.15457 0.633149 0.183074 0.0267441 0.00246327
 0.131901 0.49318 0.331252 0.0422183 0.00144891
 0.196976 0.569456 0.194076 0.0375587 0.00193317
 0.518974 0.381816 0.0799577 0.0180837 0.00116848
 0.0928022 0.601141 0.25162 0.0475244 0.00691264
 0.122501 0.610282 0.24278 0.0234846 0.000952079
 0.383417 0.481906 0.127806 0.00687128 0
 0.0376549 0.599619 0.316969 0.0457579 0
 0.0361596 0.667082 0.258105 0.0386534 0
 0.158088 0.579412 0.248529 0.0139706 0
 0.0477256 0.309471 0.559284 0.082774 0.000745712
 0.0406174 0.521527 0.379366 0.0568643 0.0016247
 0.151134 0.462217 0.34131 0.0453401 0
 0.294876 0.26143 0.354403 0.0886775 0.000613685
 0.281977 0.475581 0.204845 0.0348837 0.00271318
 0.0841818 0.532909 0.334909 0.0458182 0.00218182
 0.115287 0.27431 0.454777 0.147771 0.00785563
pf_pred 
 0.323827 0.475471 0.179317 0.0213755 9.63555e-06
 0.306782 0.53575 0.110728 0.0417594 0.00498019
 0.160324 0.632166 0.160373 0.0331455 0.0139911
 0.25846 0.442494 0.225143 0.0571158 0.0167875
 0.261912 0.499451 0.1424 0.0724538 0.023783
 0.146922 0.570962 0.190903 0.054429 0.0367842
 0.285783 0.381552 0.222651 0.074444 0.0355693
 0.289246 0.510647 0.106903 0.0623819 0.0308233
 0.389752 0.456979 0.110117 0.0230527 0.020099
 0.330276 0.55057 0.0892274 0.0215009 0.00842558
 0.0999149 0.684026 0.177619 0.0287856 0.00965457
 0.0950145 0.390798 0.390761 0.101468 0.0219595
 0.185986 0.335377 0.206689 0.206669 0.0652793
 0.132548 0.54474 0.132959 0.0819409 0.107813
 0.211436 0.455577 0.209108 0.0510386 0.0728404
 0.205355 0.558928 0.136181 0.0625065 0.0370298
 0.162306 0.535528 0.212534 0.0517831 0.037849
 0.257195 0.427124 0.201811 0.0800925 0.0337774
 0.299653 0.492442 0.119549 0.0564854 0.0318713
 0.452777 0.405731 0.0994887 0.0241526 0.0178508
 0.283848 0.604227 0.0829857 0.0203488 0.00859112
 0.226836 0.541535 0.195428 0.0268405 0.00936021
 0.264832 0.467675 0.187356 0.0676127 0.0125244
 0.281746 0.49234 0.143715 0.0575736 0.0246258
 0.0942975 0.637613 0.183767 0.0536417 0.0306811
 0.19657 0.308987 0.348087 0.100322 0.0460336
pobs_RECLAS
 0 0 0 0 0
 0 0 0 0 0
 0 0 0 0 0
 0 0 0 0 0
 0.835266 0.146461 0.0176864 0.000547809 3.91292e-05
 0.385257 0.428462 0.181853 0.0044286 0
 0.867414 0.0963971 0.0333333 0.00285562 0
 0.441836 0.489002 0.0689373 0.000224442 0
 0.779404 0.147425 0.0564933 0.0165055 0.000172143
 0.814271 0.122319 0.05973 0.00367925 0
 0.40263 0.566651 0.0304383 0.000280538 0
 0.475488 0.404961 0.113038 0.00651328 0
 0.955842 0.0263864 0.0167828 0.000988607 0
 0.975058 0.0227948 0.00214734 0 0
 0.738997 0.206755 0.0527124 0.00153531 0
 0.850938 0.134255 0.0134407 0.00136685 0
 0.542534 0.407297 0.0501686 0 0
 0.764087 0.199537 0.0359546 0.000420521 0
 0.470689 0.182191 0.310203 0.0369168 0
 0.84361 0.089868 0.0606195 0.00523954 0.000663233
 0.607945 0.314616 0.071237 0.00620181 0
 0.523733 0.453247 0.0230204 0 0
 0.530135 0.295979 0.169645 0.0042399 0
 0.562478 0.366248 0.0663022 0.0049721 0
 0.250443 0.683176 0.0655157 0.000865301 0
 0.195077 0.31981 0.436473 0.0351445 0.0134964
ppred_RECLAS
 0.73563 0.1859 0.0701092 0.00835739 3.7673e-06
 0.718923 0.217229 0.0448966 0.0169321 0.0020193
 0.529881 0.353938 0.0897895 0.0185576 0.00783337
 0.663864 0.20058 0.102056 0.0258903 0.00760967
 0.66652 0.22566 0.0643388 0.0327358 0.0107456
 0.497527 0.336303 0.112444 0.0320593 0.0216663
 0.695648 0.162592 0.0948791 0.0317231 0.0151573
 0.703909 0.212729 0.0445343 0.0259875 0.0128406
 0.788254 0.158564 0.0382088 0.00799891 0.00697401
 0.738198 0.215223 0.0348799 0.00840491 0.00329364
 0.390617 0.463105 0.120253 0.0194887 0.00653641
 0.376483 0.269252 0.269226 0.0699092 0.0151297
 0.572053 0.176316 0.108661 0.108651 0.0343189
 0.481752 0.325448 0.0794344 0.0489545 0.0644114
 0.619292 0.219946 0.100955 0.0246407 0.0351663
 0.598824 0.282175 0.0687508 0.0315564 0.0186945
 0.528851 0.3012 0.119537 0.0291246 0.0212876
 0.666569 0.191728 0.0905892 0.0359519 0.015162
 0.711174 0.203085 0.0493023 0.0232948 0.0131438
 0.825848 0.129122 0.0316619 0.00768646 0.00568096
 0.691452 0.260326 0.0357536 0.00876711 0.00370141
 0.624184 0.263227 0.094993 0.0130465 0.00454977
 0.671391 0.209043 0.083745 0.0302218 0.00559822
 0.689965 0.212519 0.0620346 0.0248517 0.0106298
 0.371039 0.442787 0.127616 0.0372512 0.0213063
 0.581103 0.161102 0.181488 0.0523067 0.0240013
pobs_PELACES
 0 0 0 0 0
 0 0 0 0 0
 0 0 0 0 0
 0 0 0 0 0
 0 0 0 0 0
 0 0 0 0 0
 0 0 0 0 0
 0 0 0 0 0
 0 0 0 0 0
 0 0 0 0 0
 0.450072 0.473896 0.0757376 0.000293798 0
 0 0 0 0 0
 0.463077 0.371075 0.160297 0.00555027 0
 0.529543 0.364841 0.0842815 0.0213345 0
 0.631943 0.363953 0.00410389 0 0
 0.735681 0.248677 0.0153453 0.000297389 0
 0.695825 0.281241 0.0229344 0 0
 0.275771 0.60734 0.115278 0.00161068 0
 0 0 0 0 0
 0.896147 0.0623911 0.0374545 0.00400742 0
 0.803859 0.145111 0.0509908 3.86294e-05 0
 0.739449 0.233085 0.0266225 0.000797448 4.60066e-05
 0.878498 0.100942 0.0204185 0.000141795 0
 0.694673 0.275183 0.0284847 0.00165964 0
 0.469039 0.446079 0.0841089 0.000773354 0
 0.822795 0.102175 0.0682046 0.00682512 0
ppred_PELACES
 0.76062 0.168327 0.0634819 0.00756738 3.41119e-06
 0.741643 0.19967 0.0412674 0.0155634 0.00185607
 0.57427 0.320519 0.0813116 0.0168054 0.00709374
 0.672352 0.195515 0.0994787 0.0252365 0.0074175
 0.668354 0.224419 0.063985 0.0325558 0.0106865
 0.521769 0.320078 0.107019 0.0305126 0.020621
 0.710819 0.154488 0.0901496 0.0301418 0.0144017
 0.734085 0.191049 0.0399956 0.023339 0.0115319
 0.811083 0.141469 0.0340894 0.00713653 0.00622213
 0.7527 0.203302 0.0329478 0.00793935 0.0031112
 0.417679 0.442539 0.114913 0.0186232 0.00624614
 0.399803 0.259182 0.259157 0.0672945 0.0145638
 0.609264 0.160985 0.0992129 0.0992035 0.0313348
 0.545388 0.285486 0.0696805 0.0429433 0.0565022
 0.675959 0.187208 0.0859279 0.0209731 0.029932
 0.625719 0.263257 0.0641416 0.0294408 0.0174412
 0.559424 0.281655 0.11178 0.0272347 0.0199062
 0.690965 0.1777 0.0839611 0.0333215 0.0140527
 0.731382 0.188876 0.0458528 0.021665 0.0122242
 0.837812 0.120252 0.0294868 0.00715841 0.00529068
 0.697384 0.255321 0.0350663 0.00859857 0.00363025
 0.632098 0.257684 0.0929926 0.0127718 0.00445396
 0.680718 0.20311 0.0813681 0.029364 0.00543933
 0.699268 0.206142 0.0601731 0.024106 0.0103108
 0.379958 0.436508 0.125806 0.036723 0.0210042
 0.591082 0.157264 0.177164 0.0510606 0.0234296
pobs_pel_tallas
 0 0 0 0 0 0 0 0 0 0 0 0 0 0 0 0 0 0 0 0 0 0 0 0 0 0 0 0 0 0 0 0 0 0 0 0
 0 0 0 0 0 0 0 0 0 0 0 0 0 0 0 0 0 0 0 0 0 0 0 0 0 0 0 0 0 0 0 0 0 0 0 0
 0 0 0 0 0 0 0 0 0 0 0 0 0 0 0 0 0 0 0 0 0 0 0 0 0 0 0 0 0 0 0 0 0 0 0 0
 0 0 0 0 0 0 0 0 0 0 0 0 0 0 0 0 0 0 0 0 0 0 0 0 0 0 0 0 0 0 0 0 0 0 0 0
 0 0 0 0 0 0 0 0 0 0 0 0 0 0 0 0 0 0 0 0 0 0 0 0 0 0 0 0 0 0 0 0 0 0 0 0
 0 0 0 0 0 0 0 0 0 0 0 0 0 0 0 0 0 0 0 0 0 0 0 0 0 0 0 0 0 0 0 0 0 0 0 0
 0 0 0 0 0 0 0 0 0 0 0 0 0 0 0 0 0 0 0 0 0 0 0 0 0 0 0 0 0 0 0 0 0 0 0 0
 0 0 0 0 0 0 0 0 0 0 0 0 0 0 0 0 0 0 0 0 0 0 0 0 0 0 0 0 0 0 0 0 0 0 0 0
 0 0 0 0 0 0 0 0 0 0 0 0 0 0 0 0 0 0 0 0 0 0 0 0 0 0 0 0 0 0 0 0 0 0 0 0
 0 0 0 0 0 0 0 0 0 0 0 0 0 0 0 0 0 0 0 0 0 0 0 0 0 0 0 0 0 0 0 0 0 0 0 0
 0 0 0 0 0 0 0 0 1.78061e-05 0.00172719 0.00360574 0.0105946 0.0120993 0.0124554 0.0147524 0.0171206 0.0266825 0.0428682 0.0675386 0.121331 0.153587 0.119568 0.100827 0.0573624 0.0630603 0.0341343 0.0324427 0.0444173 0.0211091 0.0280891 0.0125444 0.00206551 0 0 0 0
 0 0 0 0 0 0 0 0 0 0 0 0 0 0 0 0 0 0 0 0 0 0 0 0 0 0 0 0 0 0 0 0 0 0 0 0
 0 0 0 0 0 0 0.0133647 0.0140871 0.0187388 0.0205184 0.03894 0.0496705 0.03968 0.0493445 0.0407372 0.0367815 0.0215668 0.0243155 0.0234873 0.0199281 0.019796 0.0243948 0.0301388 0.0376714 0.0412746 0.0863199 0.0771752 0.113111 0.0741005 0.0525337 0.0229764 0.00759418 0.00175318 0 0 0
 0 0 0 0 0 0 0 0 0 0 0.00219441 0.00772107 0.0458388 0.0604681 0.0671733 0.0775358 0.0609151 0.0617685 0.073594 0.0568108 0.0755445 0.0548602 0.0670107 0.0636378 0.0643287 0.046367 0.0373049 0.0286899 0.0247887 0.0153202 0.00654259 0.00121912 0.000365735 0 0 0
 0 0 0 0 0 0 0 0 0 0 0 0 0.000112435 0.00938835 0.0111873 0.0202946 0.0414886 0.0713402 0.111592 0.104902 0.108894 0.110636 0.117776 0.105296 0.107544 0.0401394 0.0192827 0.0124803 0.00416011 0.0028671 0.000618394 0 0 0 0 0
 0 0 0 0 0 0 0 0 0 0 0.00291406 0.0102884 0.027416 0.0768956 0.0749926 0.110853 0.0956884 0.0897413 0.0766577 0.0534642 0.0500743 0.0551293 0.0594112 0.0620874 0.0668451 0.0424026 0.0208742 0.0120726 0.0048766 0.00582813 0.00118941 0.000297354 0 0 0 0
 0 0.00264628 0.0354308 0.0461629 0.0458689 0.0383711 0.0214643 0.0164657 0.0346957 0.0420465 0.0363128 0.0245516 0.0311673 0.0291091 0.0169068 0.0133784 0.00837989 0.0085269 0.0148486 0.0160247 0.0276389 0.0546898 0.0760071 0.122758 0.109233 0.0665981 0.0333725 0.0166128 0.00676272 0.00308733 0.000882094 0 0 0 0 0
 0 0 0 0 0 0 0 0.000805153 0.000690131 0.00759144 0.0133425 0.0154129 0.00931677 0.000345066 0.00356568 0.00563607 0.00851162 0.0253048 0.0502646 0.0516448 0.0657925 0.0565908 0.0611916 0.0827007 0.0866115 0.110766 0.145733 0.0935128 0.0569358 0.0249597 0.0138026 0.00621118 0.00161031 0.00115022 0 0
 0 0 0 0 0 0 0 0 0 0 0 0 0 0 0 0 0 0 0 0 0 0 0 0 0 0 0 0 0 0 0 0 0 0 0 0
 0.00147267 0.00158595 0.00478618 0.00569244 0.00954404 0.0108468 0.00647125 0.017049 0.0510054 0.094081 0.124002 0.0959785 0.0687766 0.0820023 0.061753 0.0591476 0.0492212 0.0479892 0.0443925 0.0268479 0.0217502 0.0140895 0.0121071 0.0120363 0.00920419 0.00665534 0.0049561 0.00860946 0.00930331 0.0156896 0.0114698 0.00855282 0.00243557 0.00046729 0 2.83206e-05
 0 0 0 0 0.000772559 0.00158375 0.000888443 0.00281984 0.00712685 0.0440552 0.0773331 0.111326 0.0921469 0.0852325 0.0710754 0.0886704 0.0786465 0.0553345 0.0373146 0.0185414 0.00753245 0.00457741 0.012979 0.0271748 0.0457355 0.0583668 0.034881 0.0177882 0.00938659 0.00492506 0.0015258 0.00185414 0.000309023 5.79419e-05 3.86279e-05 0
 0 0.00173294 0.00326652 0 0.00397197 0.00683976 0.00946217 0.0152591 0.00757587 0.0136028 0.0228656 0.0392903 0.0559909 0.0764795 0.0681675 0.0726916 0.0566044 0.0477403 0.0527397 0.0444891 0.0609904 0.0582453 0.0661739 0.0445044 0.0529084 0.0360697 0.0280645 0.0235558 0.0158879 0.00826598 0.00280645 0.00217768 0.000904811 0.00058276 9.20147e-05 0
 0 0 0 0 0 0 0 0 0 0 0 0 0 0 0 0 0 0 0 0 0 0 0 0 0 0 0 0 0 0 0 0 0 0 0 0
 0 0 0 0 0 0 0 0 0 0 0 0 0 0 0 0 0 0 0 0 0 0 0 0 0 0 0 0 0 0 0 0 0 0 0 0
 0 0 0 0 0 0 0 0 0 0 0 0 0 0 0 0 0 0 0 0 0 0 0 0 0 0 0 0 0 0 0 0 0 0 0 0
 0 0 0 0 0 0 0 0 0 0 0 0 0 0 0 0 0 0 0 0 0 0 0 0 0 0 0 0 0 0 0 0 0 0 0 0
ppred_pel_tallas
 1.01217e-16 3.31862e-05 0.000194778 0.000925889 0.00356473 0.0111163 0.0280788 0.057453 0.0952345 0.127897 0.139176 0.12276 0.0878679 0.0512656 0.0248527 0.010902 0.00578988 0.00525052 0.00666823 0.00888962 0.0114336 0.0139993 0.0163045 0.0180849 0.0191394 0.0193725 0.0188117 0.0175914 0.0159128 0.0139935 0.0120232 0.0101381 0.00841665 0.00688957 0.00555829 0.00441101
 1.01273e-16 3.23599e-05 0.000189924 0.000902807 0.00347585 0.0108391 0.0273787 0.0560208 0.0928615 0.124713 0.135719 0.11973 0.0857403 0.0501071 0.0244455 0.0109851 0.00620563 0.00595477 0.00767847 0.010233 0.013113 0.0159749 0.0184877 0.0203445 0.0213197 0.0213197 0.0204011 0.018749 0.0166257 0.0143058 0.0120215 0.00992984 0.00810843 0.00657045 0.00529004 0.00422628
 1.02168e-16 2.50667e-05 0.000147095 0.000699167 0.00269174 0.00839386 0.0212024 0.0433845 0.0719204 0.0966045 0.105171 0.0928775 0.0667231 0.0394211 0.0200312 0.0103575 0.0077513 0.00905395 0.0122978 0.0165367 0.0212352 0.0259075 0.0300343 0.0331218 0.034803 0.0349196 0.0335525 0.0309886 0.0276393 0.0239387 0.0202565 0.0168467 0.0138395 0.0112654 0.00909344 0.00726833
 1.0269e-16 2.93385e-05 0.000172186 0.000818477 0.00315115 0.00982655 0.0248211 0.0507877 0.0841877 0.113066 0.12305 0.108566 0.0777747 0.0455107 0.0223146 0.0102214 0.0060561 0.00607194 0.00796977 0.0107244 0.0138816 0.0171231 0.0201309 0.0225971 0.0242791 0.0250469 0.0249039 0.0239708 0.0224431 0.0205368 0.018443 0.0163026 0.0142033 0.0121924 0.0102951 0.00853025
 1.026e-16 2.91652e-05 0.000171166 0.000813623 0.00313246 0.00976824 0.0246739 0.0504866 0.0836894 0.112399 0.12233 0.107946 0.0773629 0.0453344 0.0223478 0.0104359 0.00645097 0.00667164 0.0088057 0.011814 0.015211 0.0186355 0.021724 0.0241321 0.0256003 0.0260093 0.025401 0.0239558 0.0219371 0.0196232 0.0172489 0.0149738 0.0128789 0.0109849 0.00927946 0.00774108
 1.03636e-16 2.27774e-05 0.000133655 0.000635271 0.00244572 0.00762667 0.0192646 0.0394195 0.0653485 0.0877802 0.0955722 0.0844204 0.0606902 0.035943 0.0184244 0.00979089 0.00765521 0.00916497 0.0125438 0.0169323 0.0218304 0.0267685 0.0312349 0.0347363 0.0368976 0.0375414 0.0367198 0.0346828 0.031801 0.0284691 0.0250241 0.0216993 0.0186191 0.015823 0.0133028 0.0110358
 1.03039e-16 3.10141e-05 0.000182027 0.000865272 0.00333134 0.0103885 0.0262405 0.0536914 0.0889994 0.119524 0.130065 0.114725 0.0821214 0.0479218 0.0232501 0.0102339 0.00549335 0.00505114 0.00647542 0.00870393 0.0113046 0.0140132 0.0165788 0.0187586 0.0203568 0.0212613 0.0214598 0.0210281 0.0200982 0.0188181 0.0173196 0.0157001 0.0140231 0.0123285 0.0106469 0.00901005
 1.01971e-16 3.203e-05 0.000187988 0.000893604 0.00344041 0.0107286 0.0270996 0.0554496 0.0919146 0.123441 0.134333 0.118504 0.0848556 0.0495762 0.0241609 0.0108146 0.00605125 0.00576094 0.00741806 0.00989647 0.0127058 0.0155186 0.0180214 0.0199229 0.0210078 0.0211839 0.0204996 0.0191228 0.0172918 0.0152553 0.0132205 0.0113248 0.00963278 0.00815231 0.00685963 0.00572196
 1.01067e-16 3.53855e-05 0.000207692 0.00098729 0.00380115 0.0118535 0.0299411 0.061263 0.101549 0.136373 0.148389 0.130863 0.0936166 0.0545153 0.0262325 0.0111718 0.00544911 0.00449903 0.00552613 0.00731027 0.00936799 0.0114269 0.0132474 0.0146109 0.0153562 0.0154143 0.0148217 0.0137056 0.0122473 0.0106378 0.0090386 0.00755972 0.00625627 0.00513928 0.00419322 0.00339255
 1.00953e-16 3.28422e-05 0.000192755 0.000916266 0.00352766 0.0110007 0.0277869 0.0568559 0.0942458 0.126572 0.137742 0.121514 0.0870168 0.0508506 0.0248032 0.0111365 0.006276 0.0060052 0.00772887 0.0102825 0.0131491 0.0159761 0.0184252 0.0201845 0.0210282 0.0208677 0.0197705 0.0179372 0.0156476 0.0131932 0.0108191 0.00868997 0.00688437 0.00541051 0.00423283 0.00329803
 1.02708e-16 1.82436e-05 0.000107026 0.00050865 0.00195816 0.00610618 0.0154241 0.0315626 0.0523291 0.0703087 0.0765945 0.0677632 0.0489467 0.0294529 0.0159532 0.00985662 0.00933294 0.0121544 0.0169003 0.0228034 0.0292898 0.0357267 0.0414027 0.0456356 0.0479177 0.0480297 0.0460839 0.0424781 0.0377835 0.032604 0.0274553 0.0226937 0.0185043 0.0149328 0.0119381 0.00944347
 1.06757e-16 1.7457e-05 0.000102424 0.000486808 0.00187412 0.00584415 0.014762 0.0302066 0.0500767 0.0672696 0.0732501 0.0647247 0.046579 0.0276846 0.0143787 0.00795752 0.0066269 0.00824358 0.0114928 0.0157612 0.0207015 0.0259719 0.0311712 0.0358776 0.039721 0.0424451 0.0439398 0.0442304 0.043439 0.0417336 0.0392861 0.0362525 0.0327739 0.028988 0.0250409 0.0210882
 1.06334e-16 2.6586e-05 0.00015603 0.000741677 0.00285547 0.00890449 0.022492 0.046022 0.0762875 0.102455 0.1115 0.0983707 0.0704605 0.0412102 0.0201697 0.00918269 0.00537493 0.00536009 0.00707239 0.00961118 0.0126037 0.0158074 0.0189796 0.021877 0.0242937 0.0260966 0.0272392 0.0277505 0.0277045 0.0271852 0.0262611 0.0249764 0.0233596 0.0214399 0.0192648 0.0169074
 1.05198e-16 2.38057e-05 0.000139695 0.000663998 0.00255634 0.00797164 0.0201359 0.041202 0.068302 0.0917428 0.0998744 0.0881914 0.0633378 0.0373835 0.0189277 0.00967846 0.00711744 0.00824639 0.0112062 0.0151185 0.0195071 0.0239523 0.0280063 0.0312411 0.033334 0.0341378 0.0337046 0.0322553 0.0301086 0.0275934 0.0249776 0.0224308 0.0200245 0.0177601 0.0156077 0.0135387
 1.03401e-16 2.94953e-05 0.000173107 0.000822861 0.00316804 0.00987921 0.0249541 0.0510598 0.0846384 0.11367 0.123705 0.109138 0.0781723 0.045718 0.0223689 0.0101661 0.00591302 0.00583916 0.0076324 0.0102658 0.013292 0.0164057 0.0193056 0.0217017 0.0233669 0.0241817 0.0241527 0.0233962 0.0220956 0.0204503 0.0186311 0.0167579 0.0148985 0.0130835 0.0113263 0.00963939
 1.02823e-16 2.73077e-05 0.000160257 0.000761754 0.00293273 0.00914541 0.0231007 0.0472681 0.0783558 0.105241 0.114552 0.101113 0.0725318 0.0426369 0.0212663 0.0103472 0.00695576 0.00762421 0.0102075 0.0137111 0.0176321 0.021561 0.0250733 0.0277671 0.0293427 0.0296681 0.0288032 0.0269722 0.0244972 0.0217152 0.0189093 0.016269 0.0138865 0.0117781 0.0099181 0.00826832
 1.03545e-16 2.44178e-05 0.000143289 0.000681081 0.00262211 0.00817675 0.020654 0.0422621 0.0700589 0.0941019 0.10244 0.090452 0.06495 0.0383125 0.0193567 0.0098313 0.00715002 0.00823608 0.011184 0.0150979 0.0194977 0.0239628 0.0280421 0.0312988 0.0333961 0.0341672 0.0336433 0.0320279 0.0296304 0.0267845 0.023778 0.0208139 0.0180062 0.0154003 0.0130035 0.0108121
 1.03052e-16 3.01493e-05 0.000176948 0.00084112 0.00323834 0.0100985 0.0255079 0.0521928 0.086516 0.116191 0.126445 0.111547 0.0798803 0.0466816 0.0227745 0.0102391 0.00580119 0.00560197 0.00727689 0.00978093 0.012668 0.0156435 0.0184198 0.0207206 0.0223278 0.0231251 0.0231151 0.0224043 0.0211639 0.0195809 0.0178177 0.0159901 0.0141664 0.0123813 0.0106536 0.00900071
 1.02029e-16 3.1912e-05 0.000187296 0.000890313 0.00342775 0.0106891 0.0269998 0.0552454 0.0915761 0.122986 0.133838 0.118067 0.0845417 0.049391 0.0240673 0.0107675 0.00601848 0.00572604 0.00737513 0.00984569 0.0126517 0.0154696 0.0179898 0.0199229 0.021054 0.0212883 0.0206688 0.0193565 0.017582 0.0155874 0.0135754 0.011682 0.00997306 0.00846043 0.0071255 0.005941
 1.00952e-16 3.65501e-05 0.000214531 0.00101981 0.00392637 0.012244 0.0309274 0.063281 0.104893 0.140862 0.153267 0.13515 0.0966504 0.0562158 0.0269268 0.0112545 0.00517477 0.00396356 0.00473217 0.00623026 0.00798143 0.00973889 0.0112964 0.0124678 0.0131157 0.013181 0.012694 0.0117615 0.0105367 0.00918044 0.00782906 0.00657534 0.00546581 0.00451001 0.00369539 0.00300121
 1.01047e-16 3.04322e-05 0.000178602 0.000848969 0.00326854 0.0101926 0.0257458 0.05268 0.0873258 0.117284 0.127651 0.112649 0.080752 0.047357 0.0234113 0.0110402 0.00696074 0.00728602 0.00961176 0.0128304 0.016401 0.0199052 0.0229225 0.0250626 0.0260444 0.0257607 0.024302 0.0219267 0.0189928 0.015872 0.0128759 0.0102128 0.00797996 0.00618388 0.00477446 0.00367836
 1.02052e-16 2.75857e-05 0.00016189 0.000769516 0.00296262 0.0092386 0.0233361 0.0477497 0.0791539 0.106312 0.115717 0.102137 0.0732586 0.0430481 0.0214423 0.0103853 0.00692192 0.00754865 0.0101006 0.0135782 0.0174812 0.0214052 0.0249298 0.0276529 0.029269 0.029634 0.0287918 0.0269493 0.0244147 0.0215196 0.0185516 0.0157153 0.013126 0.0108261 0.00881412 0.00706958
 1.02485e-16 2.97035e-05 0.000174328 0.000828662 0.00319037 0.00994884 0.02513 0.0514198 0.0852355 0.114474 0.124582 0.10992 0.078748 0.046087 0.0226094 0.0103757 0.00617097 0.00619989 0.00813056 0.0109184 0.0140947 0.0173274 0.0202858 0.0226537 0.0241871 0.0247638 0.0244043 0.0232527 0.0215298 0.0194746 0.0172936 0.0151337 0.0130788 0.0111644 0.00939912 0.00778388
 1.02232e-16 3.05125e-05 0.000179077 0.000851238 0.00327729 0.0102199 0.0258147 0.0528207 0.0875577 0.117592 0.127975 0.11291 0.0808831 0.0473224 0.0231884 0.010594 0.0062322 0.00619883 0.00809293 0.0108365 0.0139448 0.0170762 0.0198942 0.0220815 0.0233992 0.023738 0.0231373 0.0217646 0.0198647 0.0176963 0.015479 0.0133626 0.0114243 0.00968456 0.00813192 0.00674535
 1.04172e-16 1.65985e-05 9.73686e-05 0.000462739 0.00178139 0.00555494 0.0140317 0.0287136 0.0476068 0.0639673 0.0696953 0.0616812 0.0446009 0.0269329 0.0147615 0.00938711 0.00916498 0.0120859 0.0168668 0.0228062 0.029362 0.0359226 0.0417936 0.0463048 0.0489516 0.0495059 0.0480583 0.0449732 0.0407812 0.0360438 0.031238 0.0266916 0.022574 0.0189297 0.0157306 0.0129238
 1.05416e-16 2.57933e-05 0.000151375 0.000719549 0.00277027 0.00863879 0.0218209 0.0446488 0.0740116 0.0993993 0.108176 0.0954426 0.0683729 0.0400094 0.0196212 0.00900252 0.00537287 0.00545631 0.00725886 0.00991607 0.0130724 0.0164924 0.0199315 0.0231332 0.0258663 0.0279604 0.0293256 0.0299476 0.0298673 0.0291537 0.0278836 0.0261329 0.0239802 0.0215146 0.0188417 0.0160817
pSPR Fmed_Fpbrs
0.447761   0.340692 0.340692
Fs Fmed_Fpbrs
0.64   1.005 1.005
SSBpbr Bo_Bmed_Bpbrs
1.63016e+06  648416  473876 473876
Ro
43738.7
SPR SPRFo_SPRFmed_SPRFpbrs
903395 404505 307779
log_Ro
10.506
likeval ReclasPelacesDesembMPH_pf_preclas_ppelaces_ptallas_desvR_qrecl_qpela
 117.172 112.1 0.026455 254.166 345.726 210.905 55.4262 0 21.0796 4.35615e-05 0 0 0 0 0
q_reclas_q_pelaces
0.392482 1
M
0.7
N
 45878.7 14176 5346.26 637.302 0.28728
 58031.3 20885 4316.49 1627.9 194.142
 30469.5 26718.5 6778.14 1400.9 591.335
 42008.5 13450.4 6843.63 1736.14 510.286
 59341.3 20344 5800.34 2951.24 968.746
 37431.7 29308.9 9799.51 2793.97 1888.22
 66844.6 17442.9 10178.6 3403.26 1626.07
 83503.6 31649.6 6625.75 3866.39 1910.41
 150581 37597.6 9059.8 1896.64 1653.63
 208044 68103.6 11037.1 2659.59 1042.22
 69902.9 98263.8 25515.9 4135.2 1386.93
 38855.6 32247.5 32244.4 8372.81 1812.04
 46485.1 18092.3 11150.1 11149 3521.58
 20988.2 20868 5093.41 3139.01 4130.12
 17032.9 8818.03 4047.45 987.891 1409.88
 12844.1 7186.15 1750.88 803.647 476.093
 8625.65 5921.65 2350.11 572.596 418.518
 11593.3 3950.89 1866.75 740.855 312.441
 16087.1 5349.9 1298.78 613.659 346.25
 42019.9 7479.17 1833.96 445.224 329.059
 50228.7 19728.8 2709.59 664.414 280.511
 55166.8 24490.1 8837.96 1213.82 423.301
 80675.8 26793.5 10733.7 3873.58 717.534
 118354 38959.7 11372.4 4555.9 1948.68
 45174.3 57107.6 16459 4804.4 2747.94
 74155.7 21880.7 24649.5 7104.24 3259.83
pred_Ctot
 2762.02 4055.44 1529.45 182.318 0.0821845
 3053.13 5331.85 1101.98 415.595 49.5634
 2450 9660.46 2450.73 506.514 213.806
 749.578 1283.31 652.952 165.645 48.6865
 230.52 439.589 125.333 63.7698 20.9325
 1664.47 6468.37 2162.72 616.621 416.724
 2242.97 2994.61 1747.47 584.273 279.165
 5635.06 9948.37 2082.67 1215.32 600.496
 9715.62 11391.4 2744.96 574.651 501.021
 7331.44 12221.5 1980.66 477.275 187.03
 3585.5 24546.6 6373.95 1032.99 346.459
 1748.41 7191.27 7190.59 1867.16 404.089
 3227.67 5820.25 3586.96 3586.61 1132.88
 2346.04 9641.64 2353.31 1450.31 1908.24
 1859.75 4007.18 1839.28 448.928 640.693
 664.007 1807.27 440.334 202.112 119.734
 483.75 1596.14 633.456 154.339 112.808
 592.157 983.395 464.643 184.402 77.7679
 740.603 1217.09 295.468 139.606 78.7709
 1653.03 1481.27 363.22 88.1778 65.171
 656.365 1397.2 191.895 47.0543 19.866
 872.328 2082.54 751.545 103.219 35.9959
 1599.53 2824.66 1131.59 408.366 75.6448
 2415.71 4221.36 1232.22 493.64 211.143
 800.908 5415.51 1560.81 455.601 260.587
 1420.7 2233.18 2515.77 725.071 332.704
F
 0.0869668 0.489107 0.489107 0.489107 0.489107
 0.0756268 0.42533 0.42533 0.42533 0.42533
 0.117715 0.662038 0.662038 0.662038 0.662038
 0.0250875 0.141094 0.141094 0.141094 0.141094
 0.00541457 0.0304519 0.0304519 0.0304519 0.0304519
 0.0635836 0.357598 0.357598 0.357598 0.357598
 0.0476472 0.267971 0.267971 0.267971 0.267971
 0.09795 0.550877 0.550877 0.550877 0.550877
 0.0934689 0.525676 0.525676 0.525676 0.525676
 0.0500935 0.281729 0.281729 0.281729 0.281729
 0.0736675 0.414311 0.414311 0.414311 0.414311
 0.0643647 0.361992 0.361992 0.361992 0.361992
 0.100913 0.56754 0.56754 0.56754 0.56754
 0.167162 0.940131 0.940131 0.940131 0.940131
 0.162993 0.916683 0.916683 0.916683 0.916683
 0.0742685 0.417691 0.417691 0.417691 0.417691
 0.0807981 0.454414 0.454414 0.454414 0.454414
 0.0733486 0.412517 0.412517 0.412517 0.412517
 0.0658957 0.370602 0.370602 0.370602 0.370602
 0.0560671 0.315325 0.315325 0.315325 0.315325
 0.0183179 0.103021 0.103021 0.103021 0.103021
 0.0222039 0.124876 0.124876 0.124876 0.124876
 0.0279104 0.15697 0.15697 0.15697 0.15697
 0.0287435 0.161655 0.161655 0.161655 0.161655
 0.0249252 0.140181 0.140181 0.140181 0.140181
 0.0269583 0.151615 0.151615 0.151615 0.151615
Np
 31285.7 12993.7 6515.66 1697.21 2259.53
YTP_r0W_actual
 79355.8 268046 419661 141851 70749.6
YTP_p0W_proyectada
 30503.6 373422 141401 203430 92828.6
 30503.6 135364 98674.2 32824.4 48494.6
CTP_r0_actual
 8817.31 10553 11888.4 3426.36 1572.21
CTP_p0_proyectada
 3719.95 17288.1 4503.23 5073.08 2086.04
 3719.95 6266.84 3142.49 818.563 1089.77
Wmedp
 8.2 21.6 31.4 40.1 44.5
nmprior
 10.8 10.6 4.6 0
nm_flota  nm_reclas  nm_pelaces    nm_pelaL
inf 14.7677 21.9267 75.3986
cv_recla  cv_pelaces  cv_mph
0.798 0.579914 1.30171
 ------------------------------------------------
Talla a la edad & desviaci?n 
 7.2 14.2025 17.0495 18.207 18.6776
 1.08 2.13037 2.55742 2.73105 2.80164
