years
 1997 1998 1999 2000 2001 2002 2003 2004 2005 2006 2007 2008 2009 2010 2011 2012 2013 2014 2015 2016 2017 2018 2019 2020
reclasobs
 0 0 0 370054 412103 1.49427e+06 250295 1.28982e+06 931140 785840 897777 1.04006e+06 184774 17550 25797 100020 73551 82996 120727 218422 84188 347160 605670 569463
reclaspred
 1.1506e+06 238040 603430 310582 357814 396661 720493 564088 1.01729e+06 1.49023e+06 1.56533e+06 1.12545e+06 658515 319364 204675 169475 141170 162946 183524 313491 590042 615899 949072 1.02398e+06
pelacesobs
 0 0 0 0 0 0 0 0 0 2.06254e+06 1.5e+06 0 1.87456e+06 323000 250000 174000 83755 137374 0 501740 490994 745055 786931 1.00524e+06
pelacespred
 669775 237594 205988 218022 216167 177960 365633 337714 587782 884739 834725 628934 377655 157807 96346.3 86738.1 74241.5 82046.4 95602.2 157208 334548 369487 446284 561179
mphobs
 0 0 0 0 0 0 112323 0 153150 637223 0 255016 313432 73983 77613 109348 50772 17779 17303 59886 28197 0 207744 136588
mphpred
 811422 438801 382206 343938 281969 380591 459008 573400 674724 1.19639e+06 1.54671e+06 1.16147e+06 724824 387694 188020 145740 115312 120197 145595 192676 394165 580971 667767 860934
desembarqueobs
 350755 77701 442110 56441 14545 235359 269955 359681 431902 328805 639364 411747 362871 311530 167758 66681 60226 58785 57116 73181 50977 67692 138656 160484
desembarquepred
 350759 77700.8 442122 56443.8 14545.2 235519 269973 359567 431729 328664 639431 411791 362746 311764 167670 66702.7 60272.6 58782.5 57099.4 73149.5 50971.9 67676 138636 160452
Reclutas
 42529.7 44700.6 22033.7 23159.5 40957.9 27107.9 58227.5 74518.6 173965 202648 70606.7 41661.6 44156.6 25784.4 19049.2 12223.1 9357.3 11748.2 18813.7 36999.2 58004.1 51835.1 73365.6 87432.8
log_desv_Rt
 0.077782 0.127566 -0.579847 -0.530013 0.0401238 -0.372595 0.391937 0.638629 1.48643 1.63905 0.584705 0.0571585 0.115322 -0.422649 -0.725395 -1.1691 -1.43626 -1.20872 -0.737835 -0.0615227 0.388093 0.275647 0.623035 0.79845
SSB
 811422 438801 382206 343938 281969 380591 445127 566181 660630 1.17504e+06 1.54671e+06 1.16147e+06 742565 400081 199097 157059 130079 130542 149976 207245 403480 580971 684779 846457
BT
 2.10892e+06 585816 758076 514329 506166 535736 1.21332e+06 1.20566e+06 2.08385e+06 2.46786e+06 2.26319e+06 1.62661e+06 1.14695e+06 624507 364716 235263 213620 234734 262422 445789 870808 796162 1.03204e+06 1.33457e+06
Ftot
 0.293446 0.31386 0.681392 0.176262 0.0397534 0.558236 0.359713 0.601605 0.407332 0.213686 0.389766 0.350104 0.520115 0.887787 0.758651 0.37617 0.407434 0.346087 0.299554 0.225922 0.0842916 0.107019 0.141965 0.15223
BD_Bspro_t
 0.958288 0.759633 0.641381 0.43391 0.515345 0.649239 0.54158 0.569589 0.571395 0.647497 0.675905 0.536987 0.434977 0.333353 0.2227 0.219667 0.25076 0.324947 0.413015 0.547631 0.710951 0.815519 0.816018 0.802348
BD_Bspro
 1.00225 0.541995 0.47209 0.424823 0.348281 0.470095 0.549808 0.699331 0.815992 1.45138 1.91046 1.43461 0.917195 0.494169 0.245919 0.193994 0.16067 0.161242 0.185247 0.255984 0.498367 0.717599 0.84582 1.04552
BD_Bo
 0.48617 0.262911 0.229002 0.206073 0.168944 0.228034 0.266701 0.339232 0.395822 0.704035 0.926726 0.695902 0.444914 0.239712 0.119291 0.0941029 0.0779379 0.0782155 0.0898596 0.124173 0.241748 0.348093 0.410291 0.507162
BD_Brms
 2.3664 1.2797 1.11465 1.00305 0.822326 1.10994 1.29815 1.65119 1.92664 3.42685 4.51078 3.38726 2.16559 1.16678 0.58064 0.45804 0.379358 0.380709 0.437386 0.604403 1.17669 1.69432 1.99707 2.46858
S_f
 0.5 1 1 1 1
 0.5 1 1 1 1
 0.5 1 1 1 1
 0.5 1 1 1 1
 0.5 1 1 1 1
 0.5 1 1 1 1
 0.5 1 1 1 1
 0.5 1 1 1 1
 0.5 1 1 1 1
 0.5 1 1 1 1
 0.5 1 1 1 1
 0.5 1 1 1 1
 0.5 1 1 1 1
 0.5 1 1 1 1
 0.5 1 1 1 1
 0.5 1 1 1 1
 0.5 1 1 1 1
 0.5 1 1 1 1
 0.5 1 1 1 1
 0.5 1 1 1 1
 0.5 1 1 1 1
 0.5 1 1 1 1
 0.5 1 1 1 1
 0.5 1 1 1 1
Scru_reclas
 0.5 1 1 1 1
 0.5 1 1 1 1
 0.5 1 1 1 1
 0.5 1 1 1 1
 0.5 1 1 1 1
 0.5 1 1 1 1
 0.5 1 1 1 1
 0.5 1 1 1 1
 0.5 1 1 1 1
 0.5 1 1 1 1
 0.5 1 1 1 1
 0.5 1 1 1 1
 0.5 1 1 1 1
 0.5 1 1 1 1
 0.5 1 1 1 1
 0.5 1 1 1 1
 0.5 1 1 1 1
 0.5 1 1 1 1
 0.5 1 1 1 1
 0.5 1 1 1 1
 0.5 1 1 1 1
 0.5 1 1 1 1
 0.5 1 1 1 1
 0.5 1 1 1 1
Scru_pelaces
 0.5 1 1 1 1
 0.5 1 1 1 1
 0.5 1 1 1 1
 0.5 1 1 1 1
 0.5 1 1 1 1
 0.5 1 1 1 1
 0.5 1 1 1 1
 0.5 1 1 1 1
 0.5 1 1 1 1
 0.5 1 1 1 1
 0.5 1 1 1 1
 0.5 1 1 1 1
 0.5 1 1 1 1
 0.5 1 1 1 1
 0.5 1 1 1 1
 0.5 1 1 1 1
 0.5 1 1 1 1
 0.5 1 1 1 1
 0.5 1 1 1 1
 0.5 1 1 1 1
 0.5 1 1 1 1
 0.5 1 1 1 1
 0.5 1 1 1 1
 0.5 1 1 1 1
pf_obs 
 0.256992 0.487395 0.22802 0.0275931 0
 0.321318 0.546541 0.124235 0.00734118 0.000564706
 0.182869 0.594174 0.210203 0.0122559 0.00049798
 0.330522 0.361315 0.267642 0.0388342 0.00168674
 0.649043 0.306663 0.0425973 0.00169635 0
 0.582887 0.30429 0.105238 0.00758474 0
 0.465427 0.430635 0.0974691 0.00646863 0
 0.296916 0.608066 0.0921331 0.00288517 0
 0.311714 0.524322 0.152257 0.0117073 0
 0.15457 0.633149 0.183074 0.0267441 0.00246327
 0.131901 0.49318 0.331252 0.0422183 0.00144891
 0.196976 0.569456 0.194076 0.0375587 0.00193317
 0.518974 0.381816 0.0799577 0.0180837 0.00116848
 0.0928022 0.601141 0.25162 0.0475244 0.00691264
 0.122501 0.610282 0.24278 0.0234846 0.000952079
 0.383417 0.481906 0.127806 0.00687128 0
 0.0376549 0.599619 0.316969 0.0457579 0
 0.0361596 0.667082 0.258105 0.0386534 0
 0.158088 0.579412 0.248529 0.0139706 0
 0.0477256 0.309471 0.559284 0.082774 0.000745712
 0.0406174 0.521527 0.379366 0.0568643 0.0016247
 0.151134 0.462217 0.34131 0.0453401 0
 0.294876 0.26143 0.354403 0.0886775 0.000613685
 0.281977 0.475581 0.204845 0.0348837 0.00271318
pf_pred 
 0.447044 0.389073 0.14643 0.0174474 5.10604e-06
 0.455054 0.34746 0.138956 0.0522968 0.00623308
 0.300877 0.451936 0.157607 0.0630301 0.026549
 0.442471 0.286279 0.175345 0.0611493 0.0347555
 0.550908 0.280818 0.086405 0.0529228 0.0289461
 0.351926 0.461894 0.116419 0.0358209 0.0339403
 0.633934 0.205578 0.114383 0.0288296 0.0172755
 0.580383 0.332991 0.0486479 0.0270675 0.0109103
 0.726379 0.210096 0.0504112 0.00736476 0.00574942
 0.563239 0.37417 0.0480595 0.0115316 0.00299987
 0.236844 0.559178 0.174747 0.022445 0.00678655
 0.241677 0.310976 0.327778 0.102433 0.0171349
 0.36915 0.260935 0.151696 0.159893 0.058326
 0.343438 0.378837 0.114874 0.0667827 0.0960684
 0.438084 0.324993 0.136705 0.0414526 0.0587655
 0.403505 0.394974 0.116553 0.0490268 0.0359415
 0.378577 0.373747 0.164 0.048395 0.0352804
 0.49088 0.294474 0.129096 0.0566474 0.0289023
 0.581662 0.284747 0.0772691 0.0338744 0.022448
 0.644797 0.267093 0.0599729 0.0162743 0.0118625
 0.588593 0.326976 0.0634871 0.0142554 0.00668804
 0.417324 0.434415 0.117834 0.0228792 0.00754748
 0.480338 0.309813 0.156453 0.0424376 0.0109581
 0.466984 0.350758 0.108659 0.0548722 0.0187272
pobs_RECLAS
 0 0 0 0 0
 0 0 0 0 0
 0 0 0 0 0
 0 0 0 0 0
 0.835266 0.146461 0.0176864 0.000547809 3.91292e-05
 0.385257 0.428462 0.181853 0.0044286 0
 0.867414 0.0963971 0.0333333 0.00285562 0
 0.441836 0.489002 0.0689373 0.000224442 0
 0.779404 0.147425 0.0564933 0.0165055 0.000172143
 0.814271 0.122319 0.05973 0.00367925 0
 0.40263 0.566651 0.0304383 0.000280538 0
 0.475488 0.404961 0.113038 0.00651328 0
 0.955842 0.0263864 0.0167828 0.000988607 0
 0.975058 0.0227948 0.00214734 0 0
 0.738997 0.206755 0.0527124 0.00153531 0
 0.850938 0.134255 0.0134407 0.00136685 0
 0.542534 0.407297 0.0501686 0 0
 0.764087 0.199537 0.0359546 0.000420521 0
 0.470689 0.182191 0.310203 0.0369168 0
 0.84361 0.089868 0.0606195 0.00523954 0.000663233
 0.607945 0.314616 0.071237 0.00620181 0
 0.523733 0.453247 0.0230204 0 0
 0.530135 0.295979 0.169645 0.0042399 0
 0.562478 0.366248 0.0663022 0.0049721 0
ppred_RECLAS
 0.449788 0.387143 0.145703 0.0173608 5.0807e-06
 0.458046 0.345552 0.138193 0.0520097 0.00619886
 0.307983 0.447343 0.156005 0.0623896 0.0262792
 0.443962 0.285514 0.174876 0.0609858 0.0346625
 0.551205 0.280633 0.086348 0.0528878 0.0289269
 0.35776 0.457736 0.11537 0.0354984 0.0336347
 0.637249 0.203716 0.113347 0.0285686 0.0171191
 0.587242 0.327548 0.0478527 0.026625 0.010732
 0.729702 0.207544 0.049799 0.00727532 0.0056796
 0.5651 0.372576 0.0478548 0.0114825 0.00298709
 0.239722 0.557069 0.174088 0.0223603 0.00676096
 0.244221 0.309933 0.326679 0.102089 0.0170775
 0.374561 0.258697 0.150396 0.158521 0.0578258
 0.354567 0.372416 0.112927 0.0656508 0.0944401
 0.44772 0.31942 0.13436 0.0407417 0.0577577
 0.407157 0.392556 0.115839 0.0487266 0.0357214
 0.382535 0.371367 0.162956 0.0480868 0.0350557
 0.494286 0.292504 0.128232 0.0562684 0.028709
 0.584428 0.282864 0.0767582 0.0336504 0.0222996
 0.646646 0.265702 0.0596607 0.0161896 0.0118008
 0.589236 0.326465 0.063388 0.0142331 0.00667759
 0.418162 0.43379 0.117665 0.0228463 0.00753663
 0.481516 0.30911 0.156099 0.0423414 0.0109332
 0.468256 0.349921 0.1084 0.0547412 0.0186825
pobs_PELACES
 0 0 0 0 0
 0 0 0 0 0
 0 0 0 0 0
 0 0 0 0 0
 0 0 0 0 0
 0 0 0 0 0
 0 0 0 0 0
 0 0 0 0 0
 0 0 0 0 0
 0 0 0 0 0
 0.450072 0.473896 0.0757376 0.000293798 0
 0 0 0 0 0
 0.463077 0.371075 0.160297 0.00555027 0
 0.529543 0.364841 0.0842815 0.0213345 0
 0.631943 0.363953 0.00410389 0 0
 0.735681 0.248677 0.0153453 0.000297389 0
 0.695825 0.281241 0.0229344 0 0
 0.275771 0.60734 0.115278 0.00161068 0
 0 0 0 0 0
 0.896147 0.0623911 0.0374545 0.00400742 0
 0.803859 0.145111 0.0509908 3.86294e-05 0
 0.739449 0.233085 0.0266225 0.000797448 4.60066e-05
 0.878498 0.100942 0.0204185 0.000141795 0
 0.694673 0.275183 0.0284847 0.00165964 0
ppred_PELACES
 0.461798 0.378693 0.142523 0.0169819 4.96981e-06
 0.470926 0.33734 0.134909 0.0507736 0.00605153
 0.332447 0.431529 0.15049 0.0601839 0.0253502
 0.451153 0.281821 0.172615 0.0601971 0.0342143
 0.552827 0.279618 0.0860359 0.0526967 0.0288224
 0.37919 0.442463 0.111521 0.0343139 0.0325125
 0.650854 0.196076 0.109096 0.0274971 0.016477
 0.611077 0.308634 0.0450895 0.0250876 0.0101123
 0.742751 0.197524 0.0473947 0.00692407 0.00540539
 0.573744 0.36517 0.0469036 0.0112542 0.00292772
 0.251638 0.548338 0.171359 0.0220099 0.00665499
 0.25504 0.305497 0.322003 0.100628 0.016833
 0.394871 0.250296 0.145512 0.153374 0.055948
 0.388757 0.352688 0.106945 0.0621731 0.0894374
 0.478836 0.301424 0.126791 0.0384464 0.0545037
 0.422221 0.382581 0.112896 0.0474885 0.0348138
 0.398534 0.361744 0.158734 0.0468408 0.0341474
 0.508561 0.284247 0.124613 0.0546801 0.0278986
 0.59638 0.274729 0.0745506 0.0326826 0.0216582
 0.655117 0.259333 0.0582306 0.0158015 0.0115179
 0.592598 0.323793 0.0628691 0.0141166 0.00662293
 0.422464 0.430583 0.116795 0.0226773 0.0074809
 0.487367 0.305622 0.154337 0.0418637 0.0108099
 0.474514 0.345802 0.107124 0.0540969 0.0184626
pobs_pel_tallas
 0 0 0 0 0 0 0 0 0 0 0 0 0 0 0 0 0 0 0 0 0 0 0 0 0 0 0 0 0 0 0 0 0 0 0 0
 0 0 0 0 0 0 0 0 0 0 0 0 0 0 0 0 0 0 0 0 0 0 0 0 0 0 0 0 0 0 0 0 0 0 0 0
 0 0 0 0 0 0 0 0 0 0 0 0 0 0 0 0 0 0 0 0 0 0 0 0 0 0 0 0 0 0 0 0 0 0 0 0
 0 0 0 0 0 0 0 0 0 0 0 0 0 0 0 0 0 0 0 0 0 0 0 0 0 0 0 0 0 0 0 0 0 0 0 0
 0 0 0 0 0 0 0 0 0 0 0 0 0 0 0 0 0 0 0 0 0 0 0 0 0 0 0 0 0 0 0 0 0 0 0 0
 0 0 0 0 0 0 0 0 0 0 0 0 0 0 0 0 0 0 0 0 0 0 0 0 0 0 0 0 0 0 0 0 0 0 0 0
 0 0 0 0 0 0 0 0 0 0 0 0 0 0 0 0 0 0 0 0 0 0 0 0 0 0 0 0 0 0 0 0 0 0 0 0
 0 0 0 0 0 0 0 0 0 0 0 0 0 0 0 0 0 0 0 0 0 0 0 0 0 0 0 0 0 0 0 0 0 0 0 0
 0 0 0 0 0 0 0 0 0 0 0 0 0 0 0 0 0 0 0 0 0 0 0 0 0 0 0 0 0 0 0 0 0 0 0 0
 0 0 0 0 0 0 0 0 0 0 0 0 0 0 0 0 0 0 0 0 0 0 0 0 0 0 0 0 0 0 0 0 0 0 0 0
 0 0 0 0 0 0 0 0 1.78061e-05 0.00172719 0.00360574 0.0105946 0.0120993 0.0124554 0.0147524 0.0171206 0.0266825 0.0428682 0.0675386 0.121331 0.153587 0.119568 0.100827 0.0573624 0.0630603 0.0341343 0.0324427 0.0444173 0.0211091 0.0280891 0.0125444 0.00206551 0 0 0 0
 0 0 0 0 0 0 0 0 0 0 0 0 0 0 0 0 0 0 0 0 0 0 0 0 0 0 0 0 0 0 0 0 0 0 0 0
 0 0 0 0 0 0 0.0133647 0.0140871 0.0187388 0.0205184 0.03894 0.0496705 0.03968 0.0493445 0.0407372 0.0367815 0.0215668 0.0243155 0.0234873 0.0199281 0.019796 0.0243948 0.0301388 0.0376714 0.0412746 0.0863199 0.0771752 0.113111 0.0741005 0.0525337 0.0229764 0.00759418 0.00175318 0 0 0
 0 0 0 0 0 0 0 0 0 0 0.00219441 0.00772107 0.0458388 0.0604681 0.0671733 0.0775358 0.0609151 0.0617685 0.073594 0.0568108 0.0755445 0.0548602 0.0670107 0.0636378 0.0643287 0.046367 0.0373049 0.0286899 0.0247887 0.0153202 0.00654259 0.00121912 0.000365735 0 0 0
 0 0 0 0 0 0 0 0 0 0 0 0 0.000112435 0.00938835 0.0111873 0.0202946 0.0414886 0.0713402 0.111592 0.104902 0.108894 0.110636 0.117776 0.105296 0.107544 0.0401394 0.0192827 0.0124803 0.00416011 0.0028671 0.000618394 0 0 0 0 0
 0 0 0 0 0 0 0 0 0 0 0.00291406 0.0102884 0.027416 0.0768956 0.0749926 0.110853 0.0956884 0.0897413 0.0766577 0.0534642 0.0500743 0.0551293 0.0594112 0.0620874 0.0668451 0.0424026 0.0208742 0.0120726 0.0048766 0.00582813 0.00118941 0.000297354 0 0 0 0
 0 0.00264628 0.0354308 0.0461629 0.0458689 0.0383711 0.0214643 0.0164657 0.0346957 0.0420465 0.0363128 0.0245516 0.0311673 0.0291091 0.0169068 0.0133784 0.00837989 0.0085269 0.0148486 0.0160247 0.0276389 0.0546898 0.0760071 0.122758 0.109233 0.0665981 0.0333725 0.0166128 0.00676272 0.00308733 0.000882094 0 0 0 0 0
 0 0 0 0 0 0 0 0.000805153 0.000690131 0.00759144 0.0133425 0.0154129 0.00931677 0.000345066 0.00356568 0.00563607 0.00851162 0.0253048 0.0502646 0.0516448 0.0657925 0.0565908 0.0611916 0.0827007 0.0866115 0.110766 0.145733 0.0935128 0.0569358 0.0249597 0.0138026 0.00621118 0.00161031 0.00115022 0 0
 0 0 0 0 0 0 0 0 0 0 0 0 0 0 0 0 0 0 0 0 0 0 0 0 0 0 0 0 0 0 0 0 0 0 0 0
 0.00147267 0.00158595 0.00478618 0.00569244 0.00954404 0.0108468 0.00647125 0.017049 0.0510054 0.094081 0.124002 0.0959785 0.0687766 0.0820023 0.061753 0.0591476 0.0492212 0.0479892 0.0443925 0.0268479 0.0217502 0.0140895 0.0121071 0.0120363 0.00920419 0.00665534 0.0049561 0.00860946 0.00930331 0.0156896 0.0114698 0.00855282 0.00243557 0.00046729 0 2.83206e-05
 0 0 0 0 0.000772559 0.00158375 0.000888443 0.00281984 0.00712685 0.0440552 0.0773331 0.111326 0.0921469 0.0852325 0.0710754 0.0886704 0.0786465 0.0553345 0.0373146 0.0185414 0.00753245 0.00457741 0.012979 0.0271748 0.0457355 0.0583668 0.034881 0.0177882 0.00938659 0.00492506 0.0015258 0.00185414 0.000309023 5.79419e-05 3.86279e-05 0
 0 0.00173294 0.00326652 0 0.00397197 0.00683976 0.00946217 0.0152591 0.00757587 0.0136028 0.0228656 0.0392903 0.0559909 0.0764795 0.0681675 0.0726916 0.0566044 0.0477403 0.0527397 0.0444891 0.0609904 0.0582453 0.0661739 0.0445044 0.0529084 0.0360697 0.0280645 0.0235558 0.0158879 0.00826598 0.00280645 0.00217768 0.000904811 0.00058276 9.20147e-05 0
 0 0 0 0 0 0 0 0 0 0 0 0 0 0 0 0 0 0 0 0 0 0 0 0 0 0 0 0 0 0 0 0 0 0 0 0
 0 0 0 0 0 0 0 0 0 0 0 0 0 0 0 0 0 0 0 0 0 0 0 0 0 0 0 0 0 0 0 0 0 0 0 0
ppred_pel_tallas
 1.02731e-16 2.01649e-05 0.000118311 0.000562314 0.0021648 0.00675059 0.0170518 0.0348924 0.0578465 0.077712 0.0846339 0.0748144 0.0539065 0.0321711 0.0169437 0.00973534 0.00847766 0.0106786 0.0147713 0.0199587 0.0257129 0.0314873 0.0366715 0.0406738 0.0430427 0.0435637 0.0422986 0.0395501 0.0357714 0.0314519 0.0270187 0.0227785 0.0189073 0.0154743 0.0124824 0.00990475
 1.04053e-16 2.05612e-05 0.000120642 0.000573403 0.00220751 0.0068838 0.0173882 0.0355804 0.0589857 0.0792382 0.0862847 0.0762469 0.0548806 0.032636 0.0169765 0.00942277 0.00784715 0.0096974 0.01338 0.0181093 0.023399 0.0287666 0.0336752 0.0376013 0.0401396 0.0410872 0.0404781 0.0385521 0.0356766 0.0322488 0.0286131 0.0250143 0.0215925 0.0184074 0.0154742 0.0127944
 1.0553e-16 1.45266e-05 8.52052e-05 0.000404914 0.00155875 0.00486065 0.012278 0.0251253 0.0416592 0.0559808 0.061007 0.054024 0.0391335 0.0237708 0.0132816 0.00883159 0.00901103 0.0120874 0.016952 0.0229848 0.0296813 0.0364516 0.0426163 0.0475123 0.0506308 0.0517258 0.050856 0.048343 0.0446689 0.0403479 0.0358188 0.0313853 0.0272104 0.0233498 0.0198017 0.0165493
 1.0621e-16 1.96967e-05 0.000115572 0.00054931 0.00211476 0.00659459 0.0166576 0.0340852 0.056506 0.0759039 0.082646 0.0730126 0.0525116 0.0311457 0.0160537 0.00868113 0.00698167 0.00851114 0.0117591 0.0160089 0.0208521 0.0258991 0.0307115 0.0348492 0.0379527 0.0398113 0.0403922 0.0398201 0.0383201 0.036147 0.0335268 0.0306279 0.0275613 0.0244012 0.0212106 0.0180585
 1.0447e-16 2.41299e-05 0.000141599 0.000673049 0.00259119 0.00808031 0.0204104 0.0417636 0.0692327 0.0929922 0.101232 0.0893857 0.0641848 0.0378621 0.0191307 0.00971882 0.00707048 0.00814498 0.0110591 0.0149275 0.0192765 0.0236923 0.0277332 0.0309737 0.0330892 0.0339239 0.0335172 0.0320745 0.0299007 0.0273168 0.024591 0.0219019 0.0193377 0.0169204 0.0146402 0.0124851
 1.04426e-16 1.65652e-05 9.71724e-05 0.000461806 0.0017778 0.00554373 0.0140034 0.0286557 0.047511 0.0638391 0.0695569 0.0615619 0.0445213 0.0268982 0.0147662 0.00942518 0.00923507 0.0121909 0.0170101 0.0229877 0.0295748 0.0361514 0.0420151 0.0464905 0.0490731 0.0495413 0.0479981 0.0448243 0.0405666 0.0357993 0.0310059 0.0265122 0.022479 0.0189371 0.0158428 0.0131288
 1.03328e-16 2.84011e-05 0.000166682 0.000792313 0.00305042 0.00951241 0.0240276 0.0491642 0.0814967 0.109453 0.11912 0.105104 0.0753055 0.0440886 0.0216603 0.00999545 0.00602615 0.00613107 0.00808908 0.01091 0.0141531 0.0175056 0.0206514 0.0232824 0.0251521 0.0261237 0.0261903 0.0254595 0.0241124 0.0223506 0.0203533 0.018253 0.0161341 0.0140459 0.0120213 0.0100901
 1.02076e-16 2.6671e-05 0.000156515 0.000743956 0.00286419 0.00893165 0.0225608 0.0461638 0.0765266 0.102788 0.111894 0.0987942 0.0709282 0.041814 0.0210773 0.0106198 0.00760463 0.00865487 0.0116695 0.0156478 0.0200438 0.0243809 0.0281592 0.0309099 0.0322922 0.0321721 0.0306498 0.0280246 0.0247128 0.0211458 0.0176831 0.0145621 0.0118915 0.00967662 0.00786128 0.00636738
 1.01228e-16 3.24082e-05 0.000190207 0.000904155 0.00348104 0.0108553 0.0274196 0.0561044 0.093 0.124899 0.135921 0.119906 0.0858644 0.0501746 0.024469 0.01098 0.00618126 0.00591411 0.00762118 0.0101586 0.0130227 0.0158726 0.0183802 0.0202403 0.0212279 0.0212475 0.0203522 0.0187228 0.0166169 0.0143061 0.012021 0.00991984 0.00808277 0.0065268 0.00522989 0.0041541
 1.01309e-16 2.50455e-05 0.000146966 0.000698548 0.00268934 0.00838637 0.0211836 0.0433462 0.0718581 0.0965245 0.105093 0.0928314 0.0667389 0.0395284 0.0202652 0.0107671 0.00840092 0.0100159 0.0136363 0.0182864 0.023379 0.028359 0.0326323 0.0356418 0.0369868 0.0365162 0.0343628 0.030901 0.0266473 0.0221384 0.0178238 0.0140039 0.0108185 0.00827614 0.00630232 0.00478833
 1.03679e-16 1.10079e-05 6.45359e-05 0.000306625 0.00118027 0.00368034 0.0092968 0.0190265 0.0315537 0.0424215 0.0462838 0.0411131 0.0300575 0.0188086 0.0114981 0.00910814 0.0106697 0.0149398 0.0210832 0.0285384 0.0367185 0.0448714 0.0521209 0.0576179 0.0607222 0.0611449 0.0590026 0.0547636 0.0491119 0.0427778 0.0363901 0.030391 0.0250205 0.0203543 0.0163657 0.0129849
 1.08915e-16 1.11466e-05 6.53722e-05 0.000310649 0.00119585 0.00372897 0.00941934 0.0192754 0.0319598 0.0429472 0.0468041 0.0414487 0.0300296 0.0182535 0.0102287 0.00686262 0.00709753 0.0096423 0.0137014 0.0188711 0.0248464 0.0312539 0.0376295 0.0434762 0.0483513 0.051939 0.054088 0.0548017 0.0541945 0.0524361 0.049706 0.0461735 0.0420015 0.0373603 0.0324399 0.0274487
 1.10032e-16 1.72411e-05 0.000101158 0.000480796 0.00185098 0.005772 0.0145798 0.0298336 0.049458 0.0664374 0.0723412 0.0639151 0.0459822 0.0273009 0.0141251 0.00772822 0.00633045 0.00780721 0.0108545 0.0148659 0.0195061 0.024456 0.02935 0.0338136 0.0375309 0.0402997 0.0420538 0.0428432 0.0427868 0.0420168 0.0406379 0.0387143 0.036283 0.0333814 0.0300748 0.0264701
 1.07949e-16 1.69786e-05 9.9608e-05 0.000473404 0.00182248 0.00568311 0.0143554 0.0293752 0.048701 0.0654293 0.0712666 0.0630206 0.0454579 0.0272282 0.0145231 0.00863509 0.00784574 0.0100789 0.0140317 0.0190393 0.0246504 0.0303859 0.0357046 0.0400792 0.0431051 0.0445845 0.0445573 0.0432647 0.0410637 0.0383246 0.0353472 0.0323189 0.0293189 0.0263533 0.0234018 0.0204563
 1.05766e-16 2.09045e-05 0.000122661 0.00058301 0.00224451 0.0069992 0.0176796 0.0361765 0.0599727 0.0805603 0.0877146 0.0774874 0.0557231 0.0330361 0.0169998 0.009143 0.00728569 0.00882254 0.0121361 0.0164493 0.0213118 0.0262965 0.0309317 0.0347557 0.0374077 0.0387011 0.0386526 0.0374542 0.0354045 0.0328235 0.0299825 0.0270668 0.0241759 0.0213485 0.0185966 0.0159335
 1.04986e-16 1.84391e-05 0.00010818 0.000514147 0.00197934 0.00617226 0.015591 0.0319035 0.0528925 0.0710601 0.0773985 0.0684399 0.0493601 0.0295514 0.0157354 0.00931086 0.00840483 0.010753 0.0149278 0.0201924 0.0260392 0.0319303 0.0372617 0.0414497 0.0440519 0.0448632 0.0439511 0.0416174 0.0383038 0.0344761 0.0305263 0.0267188 0.023186 0.01996 0.0170197 0.0143312
 1.05577e-16 1.74055e-05 0.000102113 0.00048531 0.00186832 0.00582605 0.0147164 0.030114 0.049926 0.0670752 0.0730599 0.0646076 0.0466053 0.027921 0.014903 0.00887769 0.00808512 0.0103984 0.0144823 0.0196542 0.0254471 0.0313611 0.0368275 0.0412866 0.0443005 0.0456431 0.0453362 0.0436169 0.0408562 0.0374561 0.033764 0.0300257 0.0263821 0.0228962 0.0195915 0.0164839
 1.05044e-16 2.22e-05 0.000130268 0.000619179 0.00238378 0.0074335 0.0187766 0.0384209 0.0636923 0.0855533 0.0931422 0.0822609 0.0591095 0.0349507 0.0178134 0.0093043 0.00709057 0.00839193 0.0114869 0.0155615 0.020166 0.0248914 0.0292905 0.0329253 0.0354514 0.0366878 0.0366448 0.0354983 0.0335263 0.0310294 0.0282659 0.0254161 0.0225825 0.0198116 0.017125 0.014544
 1.03283e-16 2.60288e-05 0.000152748 0.000726053 0.00279527 0.00871673 0.0220179 0.0450527 0.0746842 0.100312 0.109193 0.0963972 0.0691811 0.0407317 0.0204363 0.0101435 0.00707956 0.00794936 0.0107125 0.0144155 0.0185613 0.0227309 0.0264839 0.0294004 0.0311652 0.0316351 0.0308653 0.0290803 0.0266062 0.0237853 0.0209057 0.018161 0.0156467 0.0133833 0.0113502 0.009516
 1.01993e-16 2.85894e-05 0.000167782 0.00079753 0.00307048 0.00957498 0.0241857 0.0494881 0.0820354 0.110181 0.119925 0.105845 0.0759034 0.0445722 0.0221447 0.0106292 0.00695476 0.00748191 0.00995984 0.0133484 0.0171298 0.0208918 0.0242117 0.0266919 0.0280386 0.0281277 0.0270284 0.0249759 0.0223046 0.0193648 0.0164523 0.0137669 0.0114072 0.00939006 0.00768405 0.00623982
 1.01793e-16 2.58659e-05 0.000151787 0.000721474 0.00277763 0.00866169 0.021879 0.0447687 0.0742148 0.0996856 0.108523 0.095832 0.0688335 0.0406434 0.0206064 0.0105786 0.00782058 0.00906658 0.0122809 0.0164844 0.0211256 0.0257088 0.0297077 0.032626 0.0341006 0.0339834 0.032373 0.0295781 0.0260332 0.022193 0.0184413 0.0150377 0.0121089 0.00967404 0.00768514 0.00606766
 1.02927e-16 1.84518e-05 0.000108249 0.000514468 0.00198056 0.00617605 0.0156006 0.0319236 0.0529271 0.0711106 0.0774642 0.0685233 0.0494754 0.0297305 0.0160303 0.00979288 0.00916045 0.0118757 0.0165028 0.0222744 0.0286274 0.0349466 0.0405407 0.0447457 0.0470661 0.0472843 0.0455037 0.0421036 0.0376315 0.0326667 0.0277043 0.0230868 0.018993 0.0154693 0.0124809 0.00995971
 1.04235e-16 2.12768e-05 0.000124846 0.000593396 0.0022845 0.00712389 0.0179946 0.036821 0.0610411 0.0819954 0.0892772 0.0788677 0.0567155 0.0336241 0.0173018 0.00930497 0.00741481 0.00897986 0.0123539 0.0167457 0.0216953 0.0267643 0.0314666 0.0353231 0.0379548 0.039159 0.0389411 0.0374899 0.0351106 0.0321402 0.0288769 0.0255398 0.0222651 0.0191258 0.0161613 0.0134005
 1.04355e-16 2.07179e-05 0.000121561 0.000577773 0.00222433 0.00693626 0.0175207 0.0358516 0.0594354 0.0798425 0.0869436 0.0768309 0.0553047 0.0328956 0.0171244 0.00952375 0.00794923 0.00982697 0.0135469 0.0183103 0.0236183 0.0289753 0.0338331 0.0376622 0.0400597 0.0408357 0.0400461 0.0379582 0.0349665 0.0314893 0.0278802 0.0243807 0.0211157 0.0181211 0.0153853 0.0128855
pSPR Fmed_Fpbrs
0.37021   0.255447 0.255447
Fs Fmed_Fpbrs
0.64   1.005 1.005
SSBpbr Bo_Bmed_Bpbrs
1.66901e+06  534434  342892 342892
Ro
39347
SPR SPRFo_SPRFmed_SPRFpbrs
809604 299724 206811
log_Ro
10.4002
likeval ReclasPelacesDesembMPH_pf_preclas_ppelaces_ptallas_desvR_qrecl_qpela
 198.374 188.028 0.0149683 184.027 345.845 200.696 51.9237 0 19.4329 0 0 0 0 0 0
q_reclas_q_pelaces
1 1
M
0.7
N
 42529.7 19696.3 7412.82 883.251 0.258487
 44700.6 18237.5 7293.53 2744.96 327.162
 22033.7 18973.7 6616.85 2646.21 1114.61
 23159.5 7782.5 4766.75 1662.34 944.826
 40957.9 10530.5 3240.13 1984.57 1085.46
 27107.9 19938.8 5025.49 1546.29 1465.11
 58227.5 10182.9 5665.71 1428.02 855.707
 74518.6 24155.2 3528.93 1963.48 791.436
 173965 27391.9 6572.51 960.203 749.598
 202648 70469.9 9051.36 2171.82 564.986
 70606.7 90434.8 28261.5 3629.99 1097.58
 41661.6 28853.8 30412.8 9504.2 1589.86
 44156.6 17366.2 10096 10641.5 3881.83
 25784.4 16906.3 5126.44 2980.3 4287.22
 19049.2 8214.31 3455.26 1047.73 1485.32
 12223.1 6473.39 1910.24 803.52 589.059
 9357.3 5029.09 2206.77 651.197 474.729
 11748.2 3790.28 1661.64 729.129 372.012
 18813.7 4906.98 1331.56 583.75 386.842
 36999.2 8043.05 1805.98 490.073 357.22
 58004.1 16410.7 3186.38 715.469 335.669
 51835.1 27615.2 7490.57 1454.4 479.784
 73365.6 24399.4 12321.5 3342.19 863.007
 87432.8 33935.9 10512.8 5308.9 1811.86
pred_Ctot
 4209.43 3663.57 1378.8 164.287 0.0480791
 4711.36 3597.39 1438.67 541.449 64.5335
 4665.46 7007.81 2443.88 977.357 411.674
 1412.22 913.706 559.641 195.168 110.928
 580.363 295.833 91.0249 55.7524 30.4937
 4824.83 6332.48 1596.07 491.097 465.314
 6964.91 2258.64 1256.7 316.746 189.803
 14164.5 8126.77 1187.27 660.592 266.27
 23325.3 6746.56 1618.79 236.496 184.624
 14859.5 9871.4 1267.91 304.228 79.1431
 9092.73 21467.5 6708.73 861.689 260.543
 4860.22 6253.85 6591.74 2059.96 344.589
 7381.49 5217.62 3033.3 3197.19 1166.28
 6818.17 7520.93 2280.55 1325.82 1907.22
 4419.73 3278.78 1379.18 418.206 592.871
 1523.59 1491.37 440.091 185.119 135.711
 1254.93 1238.91 543.636 160.422 116.949
 1355.99 813.442 356.609 156.48 79.8385
 1898.37 929.331 252.184 110.556 73.2637
 2860.77 1185.01 266.082 72.2041 52.6305
 1725.76 958.694 186.144 41.7967 19.6093
 1948.31 2028.1 550.119 106.813 35.2361
 3630.19 2341.43 1182.41 320.726 82.8165
 4628.72 3476.69 1077.02 543.889 185.623
F
 0.146723 0.293446 0.293446 0.293446 0.293446
 0.15693 0.31386 0.31386 0.31386 0.31386
 0.340696 0.681392 0.681392 0.681392 0.681392
 0.0881311 0.176262 0.176262 0.176262 0.176262
 0.0198767 0.0397534 0.0397534 0.0397534 0.0397534
 0.279118 0.558236 0.558236 0.558236 0.558236
 0.179857 0.359713 0.359713 0.359713 0.359713
 0.300802 0.601605 0.601605 0.601605 0.601605
 0.203666 0.407332 0.407332 0.407332 0.407332
 0.106843 0.213686 0.213686 0.213686 0.213686
 0.194883 0.389766 0.389766 0.389766 0.389766
 0.175052 0.350104 0.350104 0.350104 0.350104
 0.260058 0.520115 0.520115 0.520115 0.520115
 0.443893 0.887787 0.887787 0.887787 0.887787
 0.379326 0.758651 0.758651 0.758651 0.758651
 0.188085 0.37617 0.37617 0.37617 0.37617
 0.203717 0.407434 0.407434 0.407434 0.407434
 0.173044 0.346087 0.346087 0.346087 0.346087
 0.149777 0.299554 0.299554 0.299554 0.299554
 0.112961 0.225922 0.225922 0.225922 0.225922
 0.0421458 0.0842916 0.0842916 0.0842916 0.0842916
 0.0535096 0.107019 0.107019 0.107019 0.107019
 0.0709823 0.141965 0.141965 0.141965 0.141965
 0.0761152 0.15223 0.15223 0.15223 0.15223
Np
 30051.1 9028.62 7313.74 2630.68 963.077
YTP_r0W_actual
 204474 310977 139433 92177 38449.8
YTP_p0W_proyectada
 72035.9 419161 219172 86708.1 69314.1
 72035.9 94056.9 110761 50877.8 20669.8
CTP_r0_actual
 25559.3 16367.2 5070.31 2560.47 873.859
CTP_p0_proyectada
 8784.86 19405.6 6980.01 2162.3 1557.62
 8784.86 4354.49 3527.41 1268.77 464.491
Wmedp
 8.2 21.6 31.4 40.1 44.5
nmprior
 10.8 10.6 4.6 0
nm_flota  nm_reclas  nm_pelaces    nm_pelaL
inf 13.2681 7.51887 11.256
cv_recla  cv_pelaces  cv_mph
1.08665 0.806763 1.15108
 ------------------------------------------------
Talla a la edad & desviaci?n 
 7.2 14.2025 17.0495 18.207 18.6776
 1.08 2.13037 2.55742 2.73105 2.80164
