years
 1997 1998 1999 2000 2001 2002 2003 2004 2005 2006 2007 2008 2009 2010 2011 2012 2013 2014 2015 2016 2017 2018 2019 2020 2021 2022 2023
reclasobs
 0 0 0 370054 412103 1.49427e+06 250295 1.28982e+06 931140 785840 897777 1.04006e+06 184774 17550 25797 100020 73551 82996 120727 218422 84188 347160 605670 569463 516374 1.08416e+06 1.01767e+06
reclaspred
 2.90564e+06 689233 1.47412e+06 600788 298628 1.07413e+06 4.22893e+06 3.13641e+06 3.62399e+06 3.24069e+06 4.49042e+06 4.53907e+06 3.29449e+06 2.06855e+06 1.3125e+06 743269 529626 505924 511432 603104 491022 556140 1.27828e+06 1.38038e+06 1.86082e+06 1.78235e+06 2.16255e+06
pelacesobs
 0 0 0 0 0 0 0 0 0 2.06254e+06 1.5e+06 0 1.87456e+06 323000 250000 174000 83755 137374 0 501740 490994 745055 786931 1.00524e+06 1.33801e+06 1.41789e+06 0
pelacespred
 2.38967e+06 876498 514815 477174 212784 429803 1.50488e+06 2.22239e+06 2.19666e+06 2.06895e+06 2.68767e+06 2.7285e+06 2.08825e+06 1.38113e+06 834771 477946 322764 279856 297240 322563 311191 309936 550648 775220 973843 1.0395e+06 1.17513e+06
mphobs
 0 0 0 0 0 0 112323 0 153150 637223 0 255016 313432 73983 77613 109348 50772 17779 17303 59886 28197 0 207744 136588 643089 65757 70829
mphpred
 1.90847e+06 1.50619e+06 883197 820625 364168 313853 2.61374e+06 2.71651e+06 3.61791e+06 2.89496e+06 3.48586e+06 4.55068e+06 3.30369e+06 2.32665e+06 1.38456e+06 768232 442574 405002 415955 505321 448718 416384 821817 1.12695e+06 1.43464e+06 1.46502e+06 1.50303e+06
desembarqueobs
 350755 77701 442110 56441 14545 235359 269955 359681 431902 328805 639364 411747 362871 311530 167758 66681 60226 58785 57116 73181 50977 67692 138656 160484 209506 203330 245020
desembarquepred
 330280 78475.7 167847 68407.2 34001.4 121930 481502 356514 412530 368602 510685 516760 375000 235524 149442 84624.8 60261.3 57576.3 58175.2 68661.1 55870 63229.2 145476 157022 211790 202826 245923
Reclutas
 203810 4455.94 606.703 424.97 1179.68 412114 8491.82 415496 74876.2 328478 479886 60783.3 107663 7715.35 2912.33 6140.94 28995.3 18263.2 46848.4 7324.08 26898.2 113351 78855.7 136433 57238.1 94189.9 273244
log_desv_Rt
 1.85692 -1.96604 -3.95999 -4.31601 -3.29503 2.56102 -1.32117 2.5692 0.855561 2.33419 2.71327 0.64704 1.21873 -1.41706 -2.39132 -1.6453 -0.0931397 -0.555384 0.386641 -1.46911 -0.168214 1.27022 0.907345 1.45556 0.586945 1.08504 2.15009
SSB
 1.90847e+06 1.50619e+06 883197 820625 364168 313853 2.55095e+06 2.69478e+06 3.55979e+06 2.84866e+06 3.48586e+06 4.55068e+06 3.35761e+06 2.36469e+06 1.43019e+06 813083 483714 432069 426149 539161 459724 416384 841993 1.1089e+06 1.53057e+06 1.6013e+06 1.55223e+06
BT
 7.73311e+06 1.7218e+06 1.01334e+06 936476 420045 1.43151e+06 3.00465e+06 5.91996e+06 4.61237e+06 5.04124e+06 6.84565e+06 5.55071e+06 4.42137e+06 2.72509e+06 1.64576e+06 950254 732102 617275 700909 654571 715042 769515 1.22583e+06 1.8315e+06 2.11059e+06 2.29776e+06 2.95427e+06
Ftot
 0.110803 0.110803 0.110803 0.110803 0.110803 0.110803 0.110803 0.110803 0.110803 0.110803 0.110803 0.110803 0.110803 0.110803 0.110803 0.110803 0.110803 0.110803 0.110803 0.110803 0.110803 0.110803 0.110803 0.110803 0.110803 0.110803 0.110803
BD_Bspro_t
 0.985788 0.914111 0.824079 0.740149 0.665683 0.734706 0.903644 0.843385 0.862351 0.813488 0.836079 0.838704 0.78069 0.743735 0.684994 0.63443 0.605708 0.686435 0.73045 0.792305 0.767472 0.793335 0.857164 0.843806 0.84654 0.813707 0.813089
BD_Bspro
 2.90334 2.29136 1.3436 1.24841 0.554007 0.477462 3.88075 4.09955 5.41549 4.33364 5.30302 6.92291 5.10791 3.59738 2.17574 1.23694 0.73587 0.657303 0.648297 0.820221 0.699375 0.633442 1.28092 1.68697 2.32844 2.43605 2.3614
BD_Bo
 0.385204 0.304009 0.178264 0.165635 0.0735037 0.063348 0.514884 0.543914 0.718508 0.574972 0.703586 0.918507 0.677699 0.477287 0.28867 0.164112 0.0976326 0.0872086 0.0860137 0.108824 0.0927906 0.0840429 0.169948 0.223821 0.308929 0.323207 0.313302
BD_Brms
 1.87674 1.48115 0.868513 0.806981 0.358114 0.308635 2.50854 2.64998 3.50061 2.80129 3.42791 4.47501 3.30179 2.32537 1.40641 0.799564 0.475671 0.424885 0.419063 0.530197 0.452081 0.409461 0.827993 1.09047 1.50512 1.57468 1.52642
S_f
 0.5 1 1 1 1
 0.5 1 1 1 1
 0.5 1 1 1 1
 0.5 1 1 1 1
 0.5 1 1 1 1
 0.5 1 1 1 1
 0.5 1 1 1 1
 0.5 1 1 1 1
 0.5 1 1 1 1
 0.5 1 1 1 1
 0.5 1 1 1 1
 0.5 1 1 1 1
 0.5 1 1 1 1
 0.5 1 1 1 1
 0.5 1 1 1 1
 0.5 1 1 1 1
 0.5 1 1 1 1
 0.5 1 1 1 1
 0.5 1 1 1 1
 0.5 1 1 1 1
 0.5 1 1 1 1
 0.5 1 1 1 1
 0.5 1 1 1 1
 0.5 1 1 1 1
 0.5 1 1 1 1
 0.5 1 1 1 1
 0.5 1 1 1 1
Scru_reclas
 0.5 1 1 1 1
 0.5 1 1 1 1
 0.5 1 1 1 1
 0.5 1 1 1 1
 0.5 1 1 1 1
 0.5 1 1 1 1
 0.5 1 1 1 1
 0.5 1 1 1 1
 0.5 1 1 1 1
 0.5 1 1 1 1
 0.5 1 1 1 1
 0.5 1 1 1 1
 0.5 1 1 1 1
 0.5 1 1 1 1
 0.5 1 1 1 1
 0.5 1 1 1 1
 0.5 1 1 1 1
 0.5 1 1 1 1
 0.5 1 1 1 1
 0.5 1 1 1 1
 0.5 1 1 1 1
 0.5 1 1 1 1
 0.5 1 1 1 1
 0.5 1 1 1 1
 0.5 1 1 1 1
 0.5 1 1 1 1
 0.5 1 1 1 1
Scru_pelaces
 0.5 1 1 1 1
 0.5 1 1 1 1
 0.5 1 1 1 1
 0.5 1 1 1 1
 0.5 1 1 1 1
 0.5 1 1 1 1
 0.5 1 1 1 1
 0.5 1 1 1 1
 0.5 1 1 1 1
 0.5 1 1 1 1
 0.5 1 1 1 1
 0.5 1 1 1 1
 0.5 1 1 1 1
 0.5 1 1 1 1
 0.5 1 1 1 1
 0.5 1 1 1 1
 0.5 1 1 1 1
 0.5 1 1 1 1
 0.5 1 1 1 1
 0.5 1 1 1 1
 0.5 1 1 1 1
 0.5 1 1 1 1
 0.5 1 1 1 1
 0.5 1 1 1 1
 0.5 1 1 1 1
 0.5 1 1 1 1
 0.5 1 1 1 1
pf_obs 
 0.256992 0.487395 0.22802 0.0275931 0
 0.321318 0.546541 0.124235 0.00734118 0.000564706
 0.182869 0.594174 0.210203 0.0122559 0.00049798
 0.330522 0.361315 0.267642 0.0388342 0.00168674
 0.649043 0.306663 0.0425973 0.00169635 0
 0.582887 0.30429 0.105238 0.00758474 0
 0.465427 0.430635 0.0974691 0.00646863 0
 0.296916 0.608066 0.0921331 0.00288517 0
 0.311714 0.524322 0.152257 0.0117073 0
 0.15457 0.633149 0.183074 0.0267441 0.00246327
 0.131901 0.49318 0.331252 0.0422183 0.00144891
 0.196976 0.569456 0.194076 0.0375587 0.00193317
 0.518974 0.381816 0.0799577 0.0180837 0.00116848
 0.0928022 0.601141 0.25162 0.0475244 0.00691264
 0.122501 0.610282 0.24278 0.0234846 0.000952079
 0.383417 0.481906 0.127806 0.00687128 0
 0.0376549 0.599619 0.316969 0.0457579 0
 0.0361596 0.667082 0.258105 0.0386534 0
 0.158088 0.579412 0.248529 0.0139706 0
 0.0477256 0.309471 0.559284 0.082774 0.000745712
 0.0406174 0.521527 0.379366 0.0568643 0.0016247
 0.151134 0.462217 0.34131 0.0453401 0
 0.294876 0.26143 0.354403 0.0886775 0.000613685
 0.281977 0.475581 0.204845 0.0348837 0.00271318
 0.0841818 0.532909 0.334909 0.0458182 0.00218182
 0.115287 0.27431 0.454777 0.147771 0.00785563
 0 0 0 0 0
pf_pred 
 0.735274 0.133267 0.0661784 0.0328632 0.0324174
 0.019891 0.834508 0.0732975 0.0363984 0.0359047
 0.00593123 0.0399573 0.812373 0.0713532 0.0703852
 0.00920256 0.0120507 0.0393414 0.799852 0.139554
 0.0538484 0.0177932 0.0112913 0.0368621 0.880205
 0.975627 0.00256164 0.00041019 0.000260301 0.0211413
 0.0217138 0.966584 0.00122987 0.000196937 0.0102751
 0.70026 0.0131275 0.283185 0.000360321 0.00306805
 0.139944 0.712303 0.006471 0.139592 0.00168997
 0.545914 0.114143 0.281543 0.00255771 0.0558427
 0.531653 0.333797 0.0338215 0.0834236 0.0173046
 0.0882363 0.638983 0.194415 0.0196988 0.0586674
 0.243251 0.125968 0.442065 0.134501 0.0542158
 0.0302149 0.38674 0.0970531 0.340593 0.145399
 0.0242567 0.0589433 0.36561 0.0917505 0.45944
 0.10086 0.0438745 0.0516654 0.320467 0.483133
 0.491761 0.0955318 0.0201385 0.0237145 0.368854
 0.313912 0.457136 0.0430353 0.009072 0.176845
 0.575935 0.205942 0.145334 0.0136819 0.0591072
 0.111599 0.654769 0.11346 0.0800696 0.040102
 0.451823 0.112846 0.320848 0.0555975 0.0588861
 0.743142 0.161755 0.0195775 0.0556638 0.0198617
 0.393802 0.519229 0.0547682 0.00662873 0.0255721
 0.519311 0.275314 0.175911 0.0185551 0.0109094
 0.239976 0.524675 0.134796 0.0861275 0.0144261
 0.414441 0.23101 0.244759 0.0628817 0.0469079
 0.652455 0.206296 0.0557244 0.0590409 0.0264835
pobs_RECLAS
 0 0 0 0 0
 0 0 0 0 0
 0 0 0 0 0
 0 0 0 0 0
 0.835266 0.146461 0.0176864 0.000547809 3.91292e-05
 0.385257 0.428462 0.181853 0.0044286 0
 0.867414 0.0963971 0.0333333 0.00285562 0
 0.441836 0.489002 0.0689373 0.000224442 0
 0.779404 0.147425 0.0564933 0.0165055 0.000172143
 0.814271 0.122319 0.05973 0.00367925 0
 0.40263 0.566651 0.0304383 0.000280538 0
 0.475488 0.404961 0.113038 0.00651328 0
 0.955842 0.0263864 0.0167828 0.000988607 0
 0.975058 0.0227948 0.00214734 0 0
 0.738997 0.206755 0.0527124 0.00153531 0
 0.850938 0.134255 0.0134407 0.00136685 0
 0.542534 0.407297 0.0501686 0 0
 0.764087 0.199537 0.0359546 0.000420521 0
 0.470689 0.182191 0.310203 0.0369168 0
 0.84361 0.089868 0.0606195 0.00523954 0.000663233
 0.607945 0.314616 0.071237 0.00620181 0
 0.523733 0.453247 0.0230204 0 0
 0.530135 0.295979 0.169645 0.0042399 0
 0.562478 0.366248 0.0663022 0.0049721 0
 0.250443 0.683176 0.0655157 0.000865301 0
 0.195077 0.31981 0.436473 0.0351445 0.0134964
 0.565238 0.351407 0.0832357 0.000118908 0
ppred_RECLAS
 0.73597 0.132916 0.0660044 0.0327768 0.0323321
 0.0199609 0.834449 0.0732922 0.0363958 0.0359021
 0.00595237 0.0399564 0.812356 0.0713517 0.0703837
 0.00923525 0.0120503 0.0393401 0.799825 0.139549
 0.054031 0.0177898 0.0112891 0.036855 0.880035
 0.975712 0.00255271 0.00040876 0.000259393 0.0210676
 0.02179 0.966509 0.00122978 0.000196921 0.0102743
 0.70101 0.0130946 0.282475 0.000359419 0.00306037
 0.140375 0.711946 0.00646776 0.139522 0.00168912
 0.546801 0.11392 0.280993 0.00255271 0.0557336
 0.532544 0.333162 0.0337572 0.0832649 0.0172716
 0.0885247 0.638781 0.194353 0.0196926 0.0586489
 0.24391 0.125858 0.44168 0.134384 0.0541685
 0.0303199 0.386698 0.0970426 0.340557 0.145383
 0.0243416 0.0589382 0.365578 0.0917425 0.4594
 0.101185 0.0438586 0.0516468 0.320351 0.482959
 0.492656 0.0953637 0.020103 0.0236728 0.368205
 0.314683 0.456622 0.0429869 0.0090618 0.176646
 0.576809 0.205517 0.145035 0.0136537 0.0589854
 0.111954 0.654507 0.113415 0.0800376 0.040086
 0.45271 0.112663 0.320329 0.0555076 0.0587908
 0.743825 0.161325 0.0195255 0.0555158 0.0198089
 0.394657 0.518497 0.054691 0.00661939 0.025536
 0.520204 0.274802 0.175584 0.0185206 0.0108891
 0.24063 0.524224 0.13468 0.0860535 0.0144137
 0.41531 0.230667 0.244396 0.0627884 0.0468383
 0.653266 0.205815 0.0555944 0.0589031 0.0264217
pobs_PELACES
 0 0 0 0 0
 0 0 0 0 0
 0 0 0 0 0
 0 0 0 0 0
 0 0 0 0 0
 0 0 0 0 0
 0 0 0 0 0
 0 0 0 0 0
 0 0 0 0 0
 0 0 0 0 0
 0.450072 0.473896 0.0757376 0.000293798 0
 0 0 0 0 0
 0.463077 0.371075 0.160297 0.00555027 0
 0.529543 0.364841 0.0842815 0.0213345 0
 0.631943 0.363953 0.00410389 0 0
 0.735681 0.248677 0.0153453 0.000297389 0
 0.695825 0.281241 0.0229344 0 0
 0.275771 0.60734 0.115278 0.00161068 0
 0 0 0 0 0
 0.896147 0.0623911 0.0374545 0.00400742 0
 0.803859 0.145111 0.0509908 3.86294e-05 0
 0.739449 0.233085 0.0266225 0.000797448 4.60066e-05
 0.878498 0.100942 0.0204185 0.000141795 0
 0.694673 0.275183 0.0284847 0.00165964 0
 0.469039 0.446079 0.0841089 0.000773354 0
 0.822795 0.102175 0.0682046 0.00682512 0
 0 0 0 0 0
ppred_PELACES
 0.739508 0.131136 0.0651201 0.0323377 0.031899
 0.0203217 0.834142 0.0732653 0.0363824 0.0358889
 0.00606153 0.039952 0.812267 0.0713439 0.070376
 0.00940405 0.0120483 0.0393334 0.799689 0.139525
 0.0549731 0.0177721 0.0112779 0.0368183 0.879159
 0.976141 0.00250757 0.000401532 0.000254806 0.0206951
 0.0221831 0.966121 0.00122928 0.000196842 0.0102702
 0.704828 0.0129274 0.278868 0.000354829 0.00302129
 0.142596 0.710106 0.00645105 0.139162 0.00168476
 0.551327 0.112782 0.278186 0.00252722 0.055177
 0.537092 0.329921 0.0334287 0.0824547 0.0171036
 0.090011 0.637739 0.194036 0.0196605 0.0585532
 0.247297 0.125294 0.439701 0.133782 0.0539259
 0.0308621 0.386482 0.0969883 0.340366 0.145302
 0.0247796 0.0589118 0.365414 0.0917013 0.459194
 0.10286 0.0437769 0.0515505 0.319754 0.482059
 0.497226 0.0945047 0.0199219 0.0234595 0.364888
 0.318639 0.453986 0.0427388 0.00900949 0.175626
 0.581265 0.203353 0.143507 0.0135099 0.0583642
 0.113785 0.653158 0.113181 0.0798726 0.0400034
 0.457243 0.11173 0.317675 0.0550478 0.0583038
 0.747293 0.159141 0.0192612 0.0547642 0.0195408
 0.399033 0.514748 0.0542957 0.00657153 0.0253514
 0.524765 0.272189 0.173915 0.0183446 0.0107856
 0.243986 0.521906 0.134084 0.0856731 0.0143499
 0.419756 0.228913 0.242537 0.0623109 0.0464821
 0.657395 0.203364 0.0549322 0.0582016 0.026107
pobs_pel_tallas
 0 0 0 0 0 0 0 0 0 0 0 0 0 0 0 0 0 0 0 0 0 0 0 0 0 0 0 0 0 0 0 0 0 0 0 0
 0 0 0 0 0 0 0 0 0 0 0 0 0 0 0 0 0 0 0 0 0 0 0 0 0 0 0 0 0 0 0 0 0 0 0 0
 0 0 0 0 0 0 0 0 0 0 0 0 0 0 0 0 0 0 0 0 0 0 0 0 0 0 0 0 0 0 0 0 0 0 0 0
 0 0 0 0 0 0 0 0 0 0 0 0 0 0 0 0 0 0 0 0 0 0 0 0 0 0 0 0 0 0 0 0 0 0 0 0
 0 0 0 0 0 0 0 0 0 0 0 0 0 0 0 0 0 0 0 0 0 0 0 0 0 0 0 0 0 0 0 0 0 0 0 0
 0 0 0 0 0 0 0 0 0 0 0 0 0 0 0 0 0 0 0 0 0 0 0 0 0 0 0 0 0 0 0 0 0 0 0 0
 0 0 0 0 0 0 0 0 0 0 0 0 0 0 0 0 0 0 0 0 0 0 0 0 0 0 0 0 0 0 0 0 0 0 0 0
 0 0 0 0 0 0 0 0 0 0 0 0 0 0 0 0 0 0 0 0 0 0 0 0 0 0 0 0 0 0 0 0 0 0 0 0
 0 0 0 0 0 0 0 0 0 0 0 0 0 0 0 0 0 0 0 0 0 0 0 0 0 0 0 0 0 0 0 0 0 0 0 0
 0 0 0 0 0 0 0 0 0 0 0 0 0 0 0 0 0 0 0 0 0 0 0 0 0 0 0 0 0 0 0 0 0 0 0 0
 0 0 0 0 0 0 0 0 1.78061e-05 0.00172719 0.00360574 0.0105946 0.0120993 0.0124554 0.0147524 0.0171206 0.0266825 0.0428682 0.0675386 0.121331 0.153587 0.119568 0.100827 0.0573624 0.0630603 0.0341343 0.0324427 0.0444173 0.0211091 0.0280891 0.0125444 0.00206551 0 0 0 0
 0 0 0 0 0 0 0 0 0 0 0 0 0 0 0 0 0 0 0 0 0 0 0 0 0 0 0 0 0 0 0 0 0 0 0 0
 0 0 0 0 0 0 0.0133647 0.0140871 0.0187388 0.0205184 0.03894 0.0496705 0.03968 0.0493445 0.0407372 0.0367815 0.0215668 0.0243155 0.0234873 0.0199281 0.019796 0.0243948 0.0301388 0.0376714 0.0412746 0.0863199 0.0771752 0.113111 0.0741005 0.0525337 0.0229764 0.00759418 0.00175318 0 0 0
 0 0 0 0 0 0 0 0 0 0 0.00219441 0.00772107 0.0458388 0.0604681 0.0671733 0.0775358 0.0609151 0.0617685 0.073594 0.0568108 0.0755445 0.0548602 0.0670107 0.0636378 0.0643287 0.046367 0.0373049 0.0286899 0.0247887 0.0153202 0.00654259 0.00121912 0.000365735 0 0 0
 0 0 0 0 0 0 0 0 0 0 0 0 0.000112435 0.00938835 0.0111873 0.0202946 0.0414886 0.0713402 0.111592 0.104902 0.108894 0.110636 0.117776 0.105296 0.107544 0.0401394 0.0192827 0.0124803 0.00416011 0.0028671 0.000618394 0 0 0 0 0
 0 0 0 0 0 0 0 0 0 0 0.00291406 0.0102884 0.027416 0.0768956 0.0749926 0.110853 0.0956884 0.0897413 0.0766577 0.0534642 0.0500743 0.0551293 0.0594112 0.0620874 0.0668451 0.0424026 0.0208742 0.0120726 0.0048766 0.00582813 0.00118941 0.000297354 0 0 0 0
 0 0.00264628 0.0354308 0.0461629 0.0458689 0.0383711 0.0214643 0.0164657 0.0346957 0.0420465 0.0363128 0.0245516 0.0311673 0.0291091 0.0169068 0.0133784 0.00837989 0.0085269 0.0148486 0.0160247 0.0276389 0.0546898 0.0760071 0.122758 0.109233 0.0665981 0.0333725 0.0166128 0.00676272 0.00308733 0.000882094 0 0 0 0 0
 0 0 0 0 0 0 0 0.000805153 0.000690131 0.00759144 0.0133425 0.0154129 0.00931677 0.000345066 0.00356568 0.00563607 0.00851162 0.0253048 0.0502646 0.0516448 0.0657925 0.0565908 0.0611916 0.0827007 0.0866115 0.110766 0.145733 0.0935128 0.0569358 0.0249597 0.0138026 0.00621118 0.00161031 0.00115022 0 0
 0 0 0 0 0 0 0 0 0 0 0 0 0 0 0 0 0 0 0 0 0 0 0 0 0 0 0 0 0 0 0 0 0 0 0 0
 0.00147267 0.00158595 0.00478618 0.00569244 0.00954404 0.0108468 0.00647125 0.017049 0.0510054 0.094081 0.124002 0.0959785 0.0687766 0.0820023 0.061753 0.0591476 0.0492212 0.0479892 0.0443925 0.0268479 0.0217502 0.0140895 0.0121071 0.0120363 0.00920419 0.00665534 0.0049561 0.00860946 0.00930331 0.0156896 0.0114698 0.00855282 0.00243557 0.00046729 0 2.83206e-05
 0 0 0 0 0.000772559 0.00158375 0.000888443 0.00281984 0.00712685 0.0440552 0.0773331 0.111326 0.0921469 0.0852325 0.0710754 0.0886704 0.0786465 0.0553345 0.0373146 0.0185414 0.00753245 0.00457741 0.012979 0.0271748 0.0457355 0.0583668 0.034881 0.0177882 0.00938659 0.00492506 0.0015258 0.00185414 0.000309023 5.79419e-05 3.86279e-05 0
 0 0.00173294 0.00326652 0 0.00397197 0.00683976 0.00946217 0.0152591 0.00757587 0.0136028 0.0228656 0.0392903 0.0559909 0.0764795 0.0681675 0.0726916 0.0566044 0.0477403 0.0527397 0.0444891 0.0609904 0.0582453 0.0661739 0.0445044 0.0529084 0.0360697 0.0280645 0.0235558 0.0158879 0.00826598 0.00280645 0.00217768 0.000904811 0.00058276 9.20147e-05 0
 0 0 0 0 0 0 0 0 0 0 0 0 0 0 0 0 0 0 0 0 0 0 0 0 0 0 0 0 0 0 0 0 0 0 0 0
 0 0 0 0 0 0 0 0 0 0 0 0 0 0 0 0 0 0 0 0 0 0 0 0 0 0 0 0 0 0 0 0 0 0 0 0
 0 0 0 0 0 0 0 0 0 0 0 0 0 0 0 0 0 0 0 0 0 0 0 0 0 0 0 0 0 0 0 0 0 0 0 0
 0 0 0 0 0 0 0 0 0 0 0 0 0 0 0 0 0 0 0 0 0 0 0 0 0 0 0 0 0 0 0 0 0 0 0 0
 0 0 0 0 0 0 0 0 0 0 0 0 0 0 0 0 0 0 0 0 0 0 0 0 0 0 0 0 0 0 0 0 0 0 0 0
ppred_pel_tallas
 1.03569e-16 3.2264e-05 0.000189367 0.000900174 0.00346573 0.0108076 0.027299 0.0558572 0.0925884 0.124341 0.135299 0.119324 0.0853738 0.0497397 0.0239821 0.0102996 0.00516067 0.00441566 0.00553105 0.00741111 0.00963157 0.0119578 0.0141792 0.016095 0.0175447 0.0184377 0.0187656 0.0185907 0.0180181 0.0171617 0.0161164 0.014946 0.0136853 0.0123521 0.010962 0.0095387
 1.04239e-16 9.32629e-07 5.3599e-06 2.52389e-05 9.67692e-05 0.000301415 0.000762282 0.00156633 0.00262138 0.00359602 0.00411248 0.00410152 0.00397006 0.00440321 0.0060349 0.00929641 0.0144536 0.0216447 0.0308135 0.0415868 0.0531962 0.064512 0.0742089 0.0810295 0.0840734 0.0830128 0.0781672 0.0704031 0.060905 0.0508915 0.0413714 0.0330026 0.0260705 0.0205594 0.0162698 0.0129338
 1.17283e-16 2.80429e-07 1.59952e-06 7.51367e-06 2.87796e-05 8.95717e-05 0.00022627 0.00046398 0.000773329 0.00105165 0.00117918 0.0011235 0.000988764 0.000958264 0.00120256 0.00184805 0.00301041 0.00483469 0.00750303 0.011212 0.0161341 0.0223722 0.0299144 0.0385936 0.0480638 0.0578007 0.0671351 0.0753199 0.0816248 0.0854435 0.086391 0.0843695 0.0795888 0.0725294 0.0638643 0.0543515
 1.3456e-16 4.2197e-07 2.44075e-06 1.15355e-05 4.43037e-05 0.000138022 0.000348586 0.000713709 0.00118517 0.00159829 0.00175691 0.00159199 0.00123319 0.000913891 0.000822508 0.00104931 0.00163832 0.00265691 0.00422577 0.00651289 0.00971248 0.0140179 0.0195888 0.0265118 0.0347579 0.0441454 0.0543156 0.0647339 0.0747222 0.0835244 0.0903981 0.0947174 0.0960684 0.0943131 0.0896154 0.082413
 1.42511e-16 2.40851e-06 1.41047e-05 6.69902e-05 0.000257823 0.000803881 0.00203049 0.00415496 0.00688886 0.00925644 0.0100858 0.00892752 0.00645939 0.0039125 0.00217801 0.00146765 0.00158877 0.00232899 0.00362545 0.00555116 0.00825239 0.0118997 0.0166539 0.0226339 0.0298822 0.0383275 0.0477536 0.0577818 0.0678762 0.0773793 0.0855768 0.0917845 0.0954437 0.0962048 0.0939811 0.0889673
 1.00983e-16 4.2577e-05 0.000249926 0.0011881 0.00457438 0.0142649 0.0360317 0.0737238 0.122199 0.164089 0.178507 0.157326 0.112335 0.0649875 0.0304694 0.0115971 0.00362019 0.000990412 0.000337361 0.000258745 0.000323508 0.000430657 0.000561751 0.000713642 0.000884779 0.0010728 0.00127374 0.00148133 0.00168652 0.00187757 0.00204082 0.00216235 0.00223007 0.00223581 0.00217687 0.00205676
 1.00819e-16 1.01906e-06 5.85538e-06 2.7568e-05 0.000105692 0.000329209 0.000832641 0.00171125 0.00286514 0.00393408 0.00450848 0.00451764 0.00441334 0.00495407 0.00684461 0.0105679 0.0164206 0.0245466 0.0348556 0.0468838 0.0597075 0.0719894 0.0821773 0.0888185 0.0909 0.0881025 0.0808854 0.0703639 0.0580309 0.0454124 0.0337684 0.0239158 0.0161949 0.0105522 0.00668217 0.00417356
 1.04117e-16 3.07477e-05 0.000180474 0.000857917 0.00330307 0.0103003 0.0260176 0.0532346 0.0882385 0.118491 0.128913 0.113642 0.0812004 0.0470924 0.0223073 0.00891162 0.00351935 0.00217855 0.00251663 0.0035818 0.0051128 0.00706272 0.00940624 0.0120792 0.0149621 0.0178808 0.0206193 0.0229425 0.0246288 0.0255039 0.0254704 0.0245263 0.0227669 0.020369 0.0175617 0.0145899
 1.05184e-16 6.25911e-06 3.6643e-05 0.000173989 0.000669539 0.00208761 0.00527389 0.0107965 0.0179167 0.0241232 0.026413 0.023684 0.0177955 0.0120834 0.00903627 0.00938148 0.0127346 0.0185001 0.0261978 0.035332 0.0451977 0.0548288 0.0631069 0.0689772 0.0716908 0.0709843 0.0671402 0.0608966 0.0532487 0.0452065 0.0375888 0.0309089 0.0253625 0.0208977 0.0173213 0.0144008
 1.06651e-16 2.40583e-05 0.000141193 0.000671148 0.00258393 0.00805769 0.0203531 0.0416452 0.069032 0.0927096 0.100891 0.089003 0.0637343 0.0372448 0.0181747 0.00819378 0.00470894 0.00467437 0.00625362 0.00868012 0.0116768 0.0150863 0.0187369 0.0224234 0.0259258 0.0290341 0.0315677 0.033385 0.0343872 0.0345188 0.0337704 0.0321837 0.0298561 0.0269375 0.0236194 0.0201148
 1.04215e-16 2.34457e-05 0.000137578 0.000653923 0.00251754 0.00785061 0.0198302 0.040577 0.0672671 0.0903568 0.0983762 0.0868938 0.0624609 0.0369762 0.0189241 0.0100047 0.00775406 0.00922733 0.0125861 0.016936 0.0217549 0.0265566 0.0308202 0.0340542 0.0358998 0.0362122 0.0350877 0.0328253 0.0298385 0.0265492 0.0232986 0.0202996 0.0176355 0.0152926 0.0132083 0.0113135
 1.06374e-16 3.96373e-06 2.31725e-05 0.000109961 0.000423034 0.00131891 0.00333214 0.00682303 0.011329 0.0152724 0.0167718 0.0151566 0.0116411 0.00839225 0.00706353 0.00821462 0.0117077 0.0172529 0.0245839 0.0333457 0.0429533 0.052562 0.0611662 0.0677871 0.0716864 0.0725291 0.0704457 0.0659675 0.0598687 0.0529693 0.0459668 0.0393407 0.0333389 0.0280264 0.0233614 0.019265
 1.134e-16 1.08019e-05 6.33644e-05 0.000301139 0.00115929 0.00361502 0.00913131 0.0186848 0.030976 0.0416117 0.0453129 0.0400437 0.0288286 0.0171606 0.00897092 0.00508262 0.00442289 0.00572437 0.00825789 0.0117531 0.0161205 0.021271 0.0270477 0.0332165 0.0394812 0.0455054 0.0509372 0.0554315 0.0586756 0.0604176 0.0604973 0.0588754 0.055652 0.0510625 0.0454548 0.0392429
 1.19988e-16 1.37354e-06 7.99101e-06 3.78418e-05 0.000145454 0.000453353 0.00114553 0.00234714 0.00390309 0.00527949 0.00584474 0.00539255 0.0043781 0.003603 0.00371536 0.0050086 0.00754774 0.0113385 0.0163633 0.0225177 0.0295462 0.0370317 0.0444486 0.0512613 0.0570334 0.0615081 0.0646322 0.0665128 0.0673331 0.0672583 0.0663723 0.0646655 0.0620711 0.0585275 0.0540418 0.0487254
 1.29814e-16 1.09536e-06 6.38721e-06 3.02821e-05 0.000116457 0.000363007 0.000916943 0.00187707 0.00311515 0.00419502 0.00459537 0.00412604 0.00311361 0.00214613 0.0016741 0.00185975 0.00270051 0.00419795 0.00642442 0.00950275 0.0135609 0.0186921 0.0249249 0.0321989 0.0403466 0.0490826 0.058005 0.0666119 0.0743389 0.0806151 0.0849314 0.0869115 0.0863699 0.083342 0.0780814 0.0710249
 1.34258e-16 4.49827e-06 2.63695e-05 0.00012529 0.000482276 0.00150382 0.00379849 0.00777267 0.0128861 0.0173121 0.0188561 0.0166731 0.012025 0.00720345 0.00385551 0.00234405 0.00225603 0.00311543 0.00469322 0.00697805 0.0100606 0.0140521 0.0190418 0.0250695 0.032101 0.0400039 0.0485272 0.0572917 0.0658004 0.073474 0.0797109 0.0839657 0.0858308 0.0851015 0.0818139 0.0762432
 1.1817e-16 2.16971e-05 0.000127336 0.000605281 0.00233034 0.00726691 0.0183556 0.0375579 0.0622564 0.0836084 0.0909822 0.080252 0.0574456 0.0335242 0.0162719 0.00718402 0.00390988 0.00369151 0.00486672 0.00674919 0.00911176 0.0118592 0.0149108 0.0181823 0.0215935 0.0250757 0.0285655 0.0319887 0.0352391 0.0381651 0.0405721 0.0422445 0.0429834 0.0426476 0.041188 0.0386656
 1.09271e-16 1.39249e-05 8.16719e-05 0.000388114 0.00149407 0.00465893 0.0117685 0.024083 0.0399319 0.0536626 0.0584885 0.0518119 0.0375706 0.0228994 0.0129328 0.00879932 0.00915676 0.0123461 0.0172939 0.0233798 0.0300788 0.036776 0.0427747 0.0474135 0.0502132 0.0509863 0.0498726 0.047282 0.0437708 0.039894 0.0360829 0.0325828 0.0294565 0.0266364 0.0239969 0.0214208
 1.05295e-16 2.5367e-05 0.000148869 0.000707624 0.00272434 0.00849555 0.0214592 0.0439089 0.0727865 0.0977579 0.1064 0.0939007 0.0673226 0.0395037 0.0195749 0.00931809 0.00601419 0.00644859 0.00865178 0.0117433 0.0153195 0.0190764 0.0226947 0.0258553 0.0282946 0.0298524 0.0304936 0.0302942 0.0294018 0.0279864 0.0262004 0.0241582 0.021938 0.019596 0.0171843 0.0147619
 1.06434e-16 5.00076e-06 2.92599e-05 0.000138899 0.000534452 0.00166636 0.00420978 0.00861883 0.0143059 0.0192704 0.0211231 0.0189962 0.0143927 0.0100036 0.00785421 0.00857366 0.011907 0.0174237 0.0247637 0.0335195 0.0430721 0.0525493 0.0609251 0.0672136 0.0706888 0.0710498 0.0684805 0.0635755 0.0571698 0.050129 0.0431705 0.0367645 0.0311233 0.0262588 0.0220698 0.0184234
 1.09162e-16 1.99557e-05 0.000117107 0.000556643 0.00214305 0.00668285 0.0168803 0.0345397 0.0572548 0.0768959 0.0836893 0.0738471 0.0529223 0.0310106 0.0152929 0.00717454 0.00453064 0.00486418 0.00668143 0.00937191 0.0127222 0.0166046 0.0208625 0.0252926 0.0296608 0.0337233 0.0372474 0.0400239 0.0418784 0.0426818 0.0423636 0.0409261 0.0384549 0.035117 0.0311468 0.0268187
 1.03121e-16 3.26045e-05 0.000191364 0.000909662 0.00350226 0.0109215 0.0275867 0.056446 0.0935652 0.125654 0.136734 0.120601 0.086314 0.0503404 0.0243693 0.0106302 0.00555964 0.00496434 0.00627495 0.008363 0.0107662 0.0132053 0.0154248 0.0171893 0.018325 0.0187567 0.0185201 0.0177435 0.0166059 0.0152883 0.0139332 0.0126244 0.0113898 0.0102183 0.00908374 0.00796507
 1.02349e-16 1.74333e-05 0.000102263 0.00048599 0.00187089 0.00583402 0.0147367 0.0301567 0.0500007 0.067188 0.0732149 0.0648213 0.0469256 0.028444 0.0157804 0.0103152 0.0103309 0.0137148 0.0190967 0.0256897 0.0328475 0.0398313 0.0458135 0.0500147 0.0518761 0.0511925 0.0481591 0.0433104 0.037379 0.0311211 0.0251655 0.0199259 0.0155863 0.0121436 0.00947893 0.00742833
 1.03692e-16 2.29063e-05 0.000134415 0.000638897 0.0024597 0.00767025 0.0193746 0.0396443 0.0657199 0.0882752 0.096101 0.0848634 0.0609565 0.0359965 0.0182616 0.00940207 0.00700388 0.00819445 0.0111996 0.0151894 0.0197184 0.0243886 0.0287631 0.0324074 0.0349704 0.0362528 0.0362373 0.0350701 0.0330043 0.0303295 0.0273108 0.0241534 0.0209982 0.0179357 0.0150277 0.0123239
 1.05688e-16 1.06729e-05 6.25724e-05 0.000297296 0.00114437 0.00356838 0.00901397 0.0184476 0.0305933 0.0411296 0.0448722 0.0398541 0.0291261 0.0182041 0.0110912 0.0087361 0.0101968 0.0142679 0.0201436 0.0272897 0.0351548 0.0430339 0.0501056 0.0555748 0.0588429 0.0596401 0.0580744 0.054577 0.0497724 0.0443173 0.0387646 0.0334873 0.0286714 0.0243583 0.0205099 0.0170658
 1.07831e-16 1.83257e-05 0.000107527 0.000511075 0.00196757 0.00613557 0.0154981 0.0317124 0.0525717 0.0706171 0.0768844 0.0679103 0.0488155 0.0289012 0.0148036 0.00786262 0.00617392 0.00747179 0.0103728 0.0142489 0.0187743 0.0236503 0.0285291 0.0330417 0.0368584 0.0397424 0.0415763 0.0423549 0.042152 0.0410794 0.0392544 0.0367865 0.0337824 0.0303587 0.0266527 0.0228221
 1.04066e-16 2.86864e-05 0.000168357 0.000800275 0.00308107 0.00960801 0.0242691 0.0496583 0.0823158 0.110553 0.120317 0.106161 0.0760641 0.0445345 0.0218816 0.0100991 0.00608569 0.00617937 0.00813022 0.0109297 0.0141237 0.0173889 0.0204034 0.0228614 0.0245298 0.025296 0.0251859 0.0243424 0.0229763 0.0213064 0.0195111 0.0177035 0.0159334 0.0142073 0.0125147 0.0108506
pSPR Fmed_Fpbrs
0.37029   0.255252 0.255252
Fs Fmed_Fpbrs
0.64   1.005 1.005
SSBpbr Bo_Bmed_Bpbrs
4.95443e+06  1.58685e+06  1.01691e+06 1.01691e+06
Ro
31825.7
SPR SPRFo_SPRFmed_SPRFpbrs
657336 243405 167787
log_Ro
10.188
likeval ReclasPelacesDesembMPH_pf_preclas_ppelaces_ptallas_desvR_qrecl_qpela
 686.16 196.192 13773.6 682.06 589.737 454.842 96.7355 0 148.081 0 0 0 0 0 0
q_reclas_q_pelaces
1 1
M
0.7
N
 203810 18921 9395.91 4665.87 4602.58
 4455.94 95754.6 8410.42 4176.49 4119.83
 606.703 2093.5 42563 3738.44 3687.72
 424.97 285.042 930.562 18919.3 3300.94
 1179.68 199.66 126.702 413.636 9876.92
 412114 554.24 88.7492 56.319 4574.16
 8491.82 193620 246.36 39.4491 2058.25
 415496 3989.64 86064.3 109.507 932.43
 74876.2 195209 1773.4 38255.7 463.142
 328478 35178.5 86770.5 788.278 17210.5
 479886 154326 15636.9 38569.6 8000.49
 60783.3 225461 68598.1 6950.6 20700.4
 107663 28557.3 100218 30491.9 12290.9
 7715.35 50582.4 12693.8 44546.8 19017
 2912.33 3624.84 22483.9 5642.38 28254.2
 6140.94 1368.28 1611.25 9994.12 15067.1
 28995.3 2885.15 608.2 716.2 11139.7
 18263.2 13622.6 1282.45 270.346 5269.97
 46848.4 8580.47 6055.28 570.051 2462.67
 7324.08 22010.4 3814.03 2691.58 1348.05
 26898.2 3441.01 9783.64 1695.34 1795.62
 113351 12637.4 1529.53 4348.83 1551.73
 78855.7 53254.9 5617.33 679.879 2622.81
 136433 37048.1 23671.9 2496.91 1468.05
 57238.1 64099.3 16467.9 10522.2 1762.43
 94189.9 26891.7 28492.2 7320.01 5460.51
 273244 44252.5 11953.4 12664.8 5680.95
pred_Ctot
 7924.88 1436.37 713.278 354.204 349.398
 173.263 7269.09 638.466 317.053 312.752
 23.5908 158.925 3231.12 283.799 279.949
 16.5244 21.6386 70.6424 1436.23 250.586
 45.8702 15.157 9.61838 31.4006 749.793
 16024.4 42.0744 6.73728 4.27538 347.241
 330.192 14698.4 18.7021 2.99473 156.249
 16155.9 302.868 6533.46 8.3131 70.7842
 2911.45 14819 134.625 2904.13 35.1588
 12772.4 2670.53 6587.07 59.8411 1306.52
 18659.7 11715.5 1187.05 2927.96 607.347
 2363.47 17115.6 5207.53 527.645 1571.45
 4186.32 2167.89 7607.89 2314.75 933.048
 300 3839.9 963.629 3381.72 1443.65
 113.242 275.175 1706.84 428.334 2144.88
 238.782 103.871 122.316 758.691 1143.8
 1127.44 219.022 46.1707 54.3694 845.657
 710.14 1034.15 97.3556 20.5229 400.063
 1821.63 651.375 459.679 43.2746 186.951
 284.786 1670.89 289.537 204.328 102.335
 1045.9 261.22 742.712 128.699 136.312
 4407.5 959.35 116.112 330.136 117.798
 3066.19 4042.78 426.432 51.6121 199.107
 5305.01 2812.46 1797.02 189.549 111.445
 2225.62 4866.01 1250.14 798.776 133.792
 3662.44 2041.45 2162.95 555.689 414.528
 10624.7 3359.37 907.426 961.432 431.262
F
 0.0554016 0.110803 0.110803 0.110803 0.110803
 0.0554016 0.110803 0.110803 0.110803 0.110803
 0.0554016 0.110803 0.110803 0.110803 0.110803
 0.0554016 0.110803 0.110803 0.110803 0.110803
 0.0554016 0.110803 0.110803 0.110803 0.110803
 0.0554016 0.110803 0.110803 0.110803 0.110803
 0.0554016 0.110803 0.110803 0.110803 0.110803
 0.0554016 0.110803 0.110803 0.110803 0.110803
 0.0554016 0.110803 0.110803 0.110803 0.110803
 0.0554016 0.110803 0.110803 0.110803 0.110803
 0.0554016 0.110803 0.110803 0.110803 0.110803
 0.0554016 0.110803 0.110803 0.110803 0.110803
 0.0554016 0.110803 0.110803 0.110803 0.110803
 0.0554016 0.110803 0.110803 0.110803 0.110803
 0.0554016 0.110803 0.110803 0.110803 0.110803
 0.0554016 0.110803 0.110803 0.110803 0.110803
 0.0554016 0.110803 0.110803 0.110803 0.110803
 0.0554016 0.110803 0.110803 0.110803 0.110803
 0.0554016 0.110803 0.110803 0.110803 0.110803
 0.0554016 0.110803 0.110803 0.110803 0.110803
 0.0554016 0.110803 0.110803 0.110803 0.110803
 0.0554016 0.110803 0.110803 0.110803 0.110803
 0.0554016 0.110803 0.110803 0.110803 0.110803
 0.0554016 0.110803 0.110803 0.110803 0.110803
 0.0554016 0.110803 0.110803 0.110803 0.110803
 0.0554016 0.110803 0.110803 0.110803 0.110803
 0.0554016 0.110803 0.110803 0.110803 0.110803
Np
 35771.4 10747.2 23335.2 3575.51 1141.37
YTP_r0W_actual
 654996 461006 181024 244940 121926
YTP_p0W_proyectada
 85748.2 1.33737e+06 297890 102760 174528
 85748.2 111961 353392 69151 24496.4
CTP_r0_actual
 79877.6 21342.9 5765.1 6108.22 2739.91
CTP_p0_proyectada
 10457.1 61915.5 9486.93 2562.59 3921.98
 10457.1 5183.38 11254.5 1724.46 550.48
Wmedp
 8.2 21.6 31.4 40.1 44.5
nmprior
 10.8 10.6 4.6 0
nm_flota  nm_reclas  nm_pelaces    nm_pelaL
inf 1.93598 3.74293 6.34595
cv_recla  cv_pelaces  cv_mph
1.89044 0.767186 2.09396
 ------------------------------------------------
Talla a la edad & desviaci?n 
 7.2 14.2025 17.0495 18.207 18.6776
 1.08 2.13037 2.55742 2.73105 2.80164
