years
 1997 1998 1999 2000 2001 2002 2003 2004 2005 2006 2007 2008 2009 2010 2011 2012 2013 2014 2015 2016 2017 2018 2019 2020 2021
reclasobs
 0 0 0 370054 412103 1.49427e+06 250295 1.28982e+06 931140 785840 897777 1.04006e+06 184774 17550 25797 100020 73551 82996 120727 218422 84188 347160 605670 569463 516374
reclaspred
 554246 143664 365299 233165 347715 405429 823320 595576 749222 815073 718476 528978 321290 123610 79118.3 72694.2 60336.8 71809.4 97757.9 151061 224155 230767 411880 495521 610534
pelacesobs
 0 0 0 0 0 0 0 0 0 2.06254e+06 1.5e+06 0 1.87456e+06 323000 250000 174000 83755 137374 0 501740 490994 745055 786931 1.00524e+06 1.33801e+06
pelacespred
 2.44498e+06 488830 778295 770520 1.04013e+06 839603 2.39317e+06 1.89024e+06 2.35458e+06 2.45718e+06 1.8069e+06 1.40115e+06 852637 267428 194206 167480 138782 185028 240410 367468 651296 599319 863710 1.24148e+06 1.40056e+06
mphobs
 0 0 0 0 0 0 112323 0 153150 637223 0 255016 313432 73983 77613 109348 50772 17779 17303 59886 28197 0 207744 136588 643089
mphpred
 187215 102680 114373 105686 114008 178295 234075 289529 280445 336118 344505 248356 159889 135899 55795.9 50637.3 38625.8 38215.6 32127.4 45582.1 73531.7 92724 125807 177333 221934
desembarqueobs
 350755 77701 442110 56441 14545 235359 269955 359681 431902 328805 639364 411747 362871 311530 167758 66681 60226 58785 57116 73181 50977 67692 138656 160484 209506
desembarquepred
 350759 77697.9 442072 56444.8 14545.4 235510 270053 359585 431872 328824 639120 411593 362987 312077 167532 66699.1 60292.7 58739.5 57057.8 73169.8 50983.4 67660.6 138676 160498 209505
Reclutas
 35734.5 43987.1 20924.8 28300.7 47206.3 29939.7 63695 72067.8 103179 108296 68544.8 52402.5 43533.7 24764.2 16280.8 9802.81 5849.03 9347.69 14311.3 16319.8 21282.9 35351.3 43156.6 59888.4 23992.2
log_desv_Rt
 0.131888 0.339667 -0.403297 -0.101342 0.410298 -0.0450435 0.709877 0.833377 1.19224 1.24064 0.783258 0.514725 0.329305 -0.234832 -0.654243 -1.16156 -1.67795 -1.2091 -0.783181 -0.651849 -0.386328 0.121105 0.320606 0.648253 -0.266501
SSB
 431452 236634 263580 243561 262740 410895 522354 657802 628517 756837 793938 572356 382684 188586 82126.8 74002.7 61147 57092.7 78382.4 117802 177101 217025 303904 406209 564286
BT
 1.50959e+06 365449 622208 429990 513929 581336 1.37405e+06 1.32222e+06 1.55854e+06 1.50511e+06 1.43868e+06 1.04765e+06 761549 416349 232429 135198 117833 139320 163882 234596 358164 348433 506146 732802 820481
Ftot
 1.08184 0.987571 1.69257 0.377044 0.0702048 0.737225 0.53002 1.04254 1.0768 0.687956 1.24855 1.07627 1.61224 3.36835 3.84009 1.44226 1.51087 1.4977 1.0628 0.809154 0.369586 0.447287 0.47915 0.503927 0.441899
BD_Bspro_t
 0.904749 0.629262 0.549769 0.358908 0.502065 0.666326 0.584227 0.607483 0.560142 0.556586 0.533352 0.384053 0.296925 0.19056 0.104562 0.11517 0.132712 0.169831 0.265961 0.407986 0.532934 0.643249 0.682113 0.678895 0.689733
BD_Bspro
 0.670007 0.367472 0.409317 0.378229 0.408012 0.638085 0.81117 1.02151 0.976033 1.1753 1.23292 0.88882 0.594275 0.292858 0.127536 0.11492 0.0949561 0.0886601 0.121721 0.182936 0.275022 0.337021 0.471937 0.630808 0.876288
BD_Bo
 0.606181 0.332466 0.370325 0.342199 0.369144 0.5773 0.733896 0.924199 0.883054 1.06334 1.11547 0.804149 0.537663 0.26496 0.115387 0.103972 0.0859104 0.0802141 0.110126 0.165509 0.248823 0.304915 0.426979 0.570716 0.792811
BD_Brms
 1.10215 0.604484 0.673318 0.622179 0.671171 1.04964 1.33436 1.68036 1.60555 1.93335 2.02812 1.46209 0.97757 0.481745 0.209794 0.189041 0.156201 0.145844 0.200229 0.300926 0.452405 0.554392 0.776326 1.03767 1.44147
S_f
 0.0889623 0.649779 0.972415 0.998509 0.999921
 0.0889623 0.649779 0.972415 0.998509 0.999921
 0.0889623 0.649779 0.972415 0.998509 0.999921
 0.0889623 0.649779 0.972415 0.998509 0.999921
 0.0889623 0.649779 0.972415 0.998509 0.999921
 0.0889623 0.649779 0.972415 0.998509 0.999921
 0.0889623 0.649779 0.972415 0.998509 0.999921
 0.0889623 0.649779 0.972415 0.998509 0.999921
 0.0889623 0.649779 0.972415 0.998509 0.999921
 0.0889623 0.649779 0.972415 0.998509 0.999921
 0.0889623 0.649779 0.972415 0.998509 0.999921
 0.0889623 0.649779 0.972415 0.998509 0.999921
 0.0889623 0.649779 0.972415 0.998509 0.999921
 0.0889623 0.649779 0.972415 0.998509 0.999921
 0.0889623 0.649779 0.972415 0.998509 0.999921
 0.0889623 0.649779 0.972415 0.998509 0.999921
 0.0889623 0.649779 0.972415 0.998509 0.999921
 0.0889623 0.649779 0.972415 0.998509 0.999921
 0.0889623 0.649779 0.972415 0.998509 0.999921
 0.0889623 0.649779 0.972415 0.998509 0.999921
 0.0889623 0.649779 0.972415 0.998509 0.999921
 0.0889623 0.649779 0.972415 0.998509 0.999921
 0.0889623 0.649779 0.972415 0.998509 0.999921
 0.0889623 0.649779 0.972415 0.998509 0.999921
 0.0889623 0.649779 0.972415 0.998509 0.999921
Scru_reclas
 0.531819 0.851119 0.96641 0.993141 0.99863
 0.531819 0.851119 0.96641 0.993141 0.99863
 0.531819 0.851119 0.96641 0.993141 0.99863
 0.531819 0.851119 0.96641 0.993141 0.99863
 0.531819 0.851119 0.96641 0.993141 0.99863
 0.531819 0.851119 0.96641 0.993141 0.99863
 0.531819 0.851119 0.96641 0.993141 0.99863
 0.531819 0.851119 0.96641 0.993141 0.99863
 0.531819 0.851119 0.96641 0.993141 0.99863
 0.531819 0.851119 0.96641 0.993141 0.99863
 0.531819 0.851119 0.96641 0.993141 0.99863
 0.531819 0.851119 0.96641 0.993141 0.99863
 0.531819 0.851119 0.96641 0.993141 0.99863
 0.531819 0.851119 0.96641 0.993141 0.99863
 0.531819 0.851119 0.96641 0.993141 0.99863
 0.531819 0.851119 0.96641 0.993141 0.99863
 0.531819 0.851119 0.96641 0.993141 0.99863
 0.531819 0.851119 0.96641 0.993141 0.99863
 0.531819 0.851119 0.96641 0.993141 0.99863
 0.531819 0.851119 0.96641 0.993141 0.99863
 0.531819 0.851119 0.96641 0.993141 0.99863
 0.531819 0.851119 0.96641 0.993141 0.99863
 0.531819 0.851119 0.96641 0.993141 0.99863
 0.531819 0.851119 0.96641 0.993141 0.99863
 0.531819 0.851119 0.96641 0.993141 0.99863
Scru_pelaces
 0.880237 1 1 1 1
 0.880237 1 1 1 1
 0.880237 1 1 1 1
 0.880237 1 1 1 1
 0.880237 1 1 1 1
 0.880237 1 1 1 1
 0.880237 1 1 1 1
 0.880237 1 1 1 1
 0.880237 1 1 1 1
 0.880237 1 1 1 1
 0.880237 1 1 1 1
 0.880237 1 1 1 1
 0.880237 1 1 1 1
 0.880237 1 1 1 1
 0.880237 1 1 1 1
 0.880237 1 1 1 1
 0.880237 1 1 1 1
 0.880237 1 1 1 1
 0.880237 1 1 1 1
 0.880237 1 1 1 1
 0.880237 1 1 1 1
 0.880237 1 1 1 1
 0.880237 1 1 1 1
 0.880237 1 1 1 1
 0.880237 1 1 1 1
pf_obs 
 0.256992 0.487395 0.22802 0.0275931 0
 0.321318 0.546541 0.124235 0.00734118 0.000564706
 0.182869 0.594174 0.210203 0.0122559 0.00049798
 0.330522 0.361315 0.267642 0.0388342 0.00168674
 0.649043 0.306663 0.0425973 0.00169635 0
 0.582887 0.30429 0.105238 0.00758474 0
 0.465427 0.430635 0.0974691 0.00646863 0
 0.296916 0.608066 0.0921331 0.00288517 0
 0.311714 0.524322 0.152257 0.0117073 0
 0.15457 0.633149 0.183074 0.0267441 0.00246327
 0.131901 0.49318 0.331252 0.0422183 0.00144891
 0.196976 0.569456 0.194076 0.0375587 0.00193317
 0.518974 0.381816 0.0799577 0.0180837 0.00116848
 0.0928022 0.601141 0.25162 0.0475244 0.00691264
 0.122501 0.610282 0.24278 0.0234846 0.000952079
 0.383417 0.481906 0.127806 0.00687128 0
 0.0376549 0.599619 0.316969 0.0457579 0
 0.0361596 0.667082 0.258105 0.0386534 0
 0.158088 0.579412 0.248529 0.0139706 0
 0.0477256 0.309471 0.559284 0.082774 0.000745712
 0.0406174 0.521527 0.379366 0.0568643 0.0016247
 0.151134 0.462217 0.34131 0.0453401 0
 0.294876 0.26143 0.354403 0.0886775 0.000613685
 0.281977 0.475581 0.204845 0.0348837 0.00271318
 0.0841818 0.532909 0.334909 0.0458182 0.00218182
pf_pred 
 0.287951 0.48481 0.202889 0.0243374 1.26126e-05
 0.270267 0.575401 0.122988 0.0281143 0.00323008
 0.137847 0.662882 0.173634 0.0206039 0.00503315
 0.228724 0.481688 0.253545 0.031627 0.00441557
 0.241028 0.498111 0.188686 0.0634342 0.00874132
 0.121838 0.581987 0.219454 0.0559011 0.0208202
 0.268978 0.378346 0.271747 0.060546 0.0203827
 0.237449 0.570878 0.12225 0.0539106 0.0155128
 0.289413 0.521553 0.159922 0.018858 0.0102534
 0.225986 0.603047 0.142786 0.0240014 0.00417993
 0.146045 0.592625 0.223883 0.0314627 0.00598446
 0.159307 0.527933 0.254218 0.0504869 0.0080548
 0.191097 0.530323 0.211038 0.0553462 0.0121954
 0.210876 0.602368 0.149679 0.0284576 0.00861924
 0.307766 0.607923 0.0772522 0.00576095 0.00129769
 0.229241 0.710041 0.0585883 0.00196822 0.000161784
 0.163205 0.622777 0.205239 0.00848637 0.000293185
 0.324896 0.461265 0.182909 0.0297225 0.00120672
 0.341192 0.553817 0.0854765 0.0168147 0.00269964
 0.253046 0.605676 0.128048 0.0108566 0.00237297
 0.230958 0.546643 0.195866 0.0241352 0.00239879
 0.258597 0.490691 0.199254 0.0454858 0.00597306
 0.217116 0.552572 0.174694 0.0444948 0.011124
 0.227904 0.505911 0.211649 0.0416945 0.0128416
 0.0797267 0.620571 0.226324 0.0587421 0.0146359
pobs_RECLAS
 0 0 0 0 0
 0 0 0 0 0
 0 0 0 0 0
 0 0 0 0 0
 0.835266 0.146461 0.0176864 0.000547809 3.91292e-05
 0.385257 0.428462 0.181853 0.0044286 0
 0.867414 0.0963971 0.0333333 0.00285562 0
 0.441836 0.489002 0.0689373 0.000224442 0
 0.779404 0.147425 0.0564933 0.0165055 0.000172143
 0.814271 0.122319 0.05973 0.00367925 0
 0.40263 0.566651 0.0304383 0.000280538 0
 0.475488 0.404961 0.113038 0.00651328 0
 0.955842 0.0263864 0.0167828 0.000988607 0
 0.975058 0.0227948 0.00214734 0 0
 0.738997 0.206755 0.0527124 0.00153531 0
 0.850938 0.134255 0.0134407 0.00136685 0
 0.542534 0.407297 0.0501686 0 0
 0.764087 0.199537 0.0359546 0.000420521 0
 0.470689 0.182191 0.310203 0.0369168 0
 0.84361 0.089868 0.0606195 0.00523954 0.000663233
 0.607945 0.314616 0.071237 0.00620181 0
 0.523733 0.453247 0.0230204 0 0
 0.530135 0.295979 0.169645 0.0042399 0
 0.562478 0.366248 0.0663022 0.0049721 0
 0.250443 0.683176 0.0655157 0.000865301 0
ppred_RECLAS
 0.681099 0.237953 0.0722977 0.00864515 4.49769e-06
 0.652927 0.290257 0.0452976 0.0103275 0.00119119
 0.46499 0.442642 0.0805508 0.00948988 0.00232671
 0.602366 0.273926 0.108306 0.0135092 0.00189373
 0.613099 0.276969 0.0794902 0.0267422 0.00370022
 0.417707 0.423011 0.118032 0.0300237 0.0112268
 0.661605 0.199495 0.107015 0.0238296 0.00805454
 0.616395 0.308323 0.0480506 0.0211276 0.00610319
 0.679112 0.254038 0.0565706 0.00664999 0.0036298
 0.592912 0.336364 0.059072 0.00991777 0.00173412
 0.47718 0.39711 0.107751 0.01508 0.00287933
 0.504095 0.346775 0.121275 0.0240098 0.00384549
 0.569472 0.314991 0.087651 0.0228359 0.00505048
 0.642885 0.302599 0.0438848 0.00815478 0.00247686
 0.75277 0.229745 0.016058 0.00116432 0.000262933
 0.601009 0.376204 0.0219919 0.000734818 6.06284e-05
 0.512119 0.392771 0.0912299 0.00375016 0.000130044
 0.725161 0.207143 0.0579514 0.00936272 0.000381547
 0.722699 0.243731 0.0273429 0.00536248 0.000864314
 0.628046 0.317376 0.0494716 0.00418721 0.000918843
 0.599686 0.306591 0.0825382 0.0101703 0.00101492
 0.639073 0.261003 0.0794111 0.0181229 0.00238947
 0.582219 0.318443 0.0753411 0.019182 0.00481502
 0.600987 0.286358 0.0895661 0.0176359 0.00545368
 0.304662 0.510537 0.139537 0.0362071 0.00905771
pobs_PELACES
 0 0 0 0 0
 0 0 0 0 0
 0 0 0 0 0
 0 0 0 0 0
 0 0 0 0 0
 0 0 0 0 0
 0 0 0 0 0
 0 0 0 0 0
 0 0 0 0 0
 0 0 0 0 0
 0.450072 0.473896 0.0757376 0.000293798 0
 0 0 0 0 0
 0.463077 0.371075 0.160297 0.00555027 0
 0.529543 0.364841 0.0842815 0.0213345 0
 0.631943 0.363953 0.00410389 0 0
 0.735681 0.248677 0.0153453 0.000297389 0
 0.695825 0.281241 0.0229344 0 0
 0.275771 0.60734 0.115278 0.00161068 0
 0 0 0 0 0
 0.896147 0.0623911 0.0374545 0.00400742 0
 0.803859 0.145111 0.0509908 3.86294e-05 0
 0.739449 0.233085 0.0266225 0.000797448 4.60066e-05
 0.878498 0.100942 0.0204185 0.000141795 0
 0.694673 0.275183 0.0284847 0.00165964 0
 0.469039 0.446079 0.0841089 0.000773354 0
ppred_PELACES
 0.795546 0.161499 0.038513 0.00443976 2.29596e-06
 0.767253 0.201677 0.0249524 0.00548897 0.000629334
 0.637175 0.314776 0.0421294 0.00475989 0.00115969
 0.706394 0.212662 0.0711381 0.00860639 0.00119961
 0.701502 0.222055 0.0557091 0.0182262 0.00250796
 0.550128 0.345036 0.0783883 0.0192801 0.00716737
 0.765895 0.14862 0.0663608 0.0143137 0.00481032
 0.741641 0.217131 0.0266709 0.0113094 0.00324745
 0.792229 0.17236 0.0301416 0.00341602 0.0018534
 0.706588 0.250533 0.0360127 0.00584879 0.00101671
 0.631835 0.296248 0.0619817 0.0083507 0.00158478
 0.651743 0.260784 0.0716252 0.0136713 0.00217651
 0.730017 0.212691 0.0439024 0.0109767 0.00241249
 0.834186 0.149431 0.0133342 0.00234217 0.000706371
 0.899961 0.0957935 0.00391785 0.000267435 5.99541e-05
 0.737576 0.250958 0.011081 0.00035584 2.91787e-05
 0.672834 0.276959 0.048237 0.00190455 6.5635e-05
 0.8395 0.129019 0.0271034 0.00420641 0.000170357
 0.821144 0.161482 0.0142477 0.00269427 0.000431657
 0.739862 0.228492 0.0287785 0.00235375 0.000513477
 0.701099 0.23762 0.054165 0.00647388 0.000642387
 0.739574 0.197379 0.0504292 0.011156 0.0014625
 0.690916 0.24549 0.048608 0.011993 0.00299324
 0.709913 0.218736 0.0571062 0.0108944 0.00334965
 0.412043 0.451657 0.103721 0.0260897 0.0064895
pobs_pel_tallas
 0 0 0 0 0 0 0 0 0 0 0 0 0 0 0 0 0 0 0 0 0 0 0 0 0 0 0 0 0 0 0 0 0 0 0 0
 0 0 0 0 0 0 0 0 0 0 0 0 0 0 0 0 0 0 0 0 0 0 0 0 0 0 0 0 0 0 0 0 0 0 0 0
 0 0 0 0 0 0 0 0 0 0 0 0 0 0 0 0 0 0 0 0 0 0 0 0 0 0 0 0 0 0 0 0 0 0 0 0
 0 0 0 0 0 0 0 0 0 0 0 0 0 0 0 0 0 0 0 0 0 0 0 0 0 0 0 0 0 0 0 0 0 0 0 0
 0 0 0 0 0 0 0 0 0 0 0 0 0 0 0 0 0 0 0 0 0 0 0 0 0 0 0 0 0 0 0 0 0 0 0 0
 0 0 0 0 0 0 0 0 0 0 0 0 0 0 0 0 0 0 0 0 0 0 0 0 0 0 0 0 0 0 0 0 0 0 0 0
 0 0 0 0 0 0 0 0 0 0 0 0 0 0 0 0 0 0 0 0 0 0 0 0 0 0 0 0 0 0 0 0 0 0 0 0
 0 0 0 0 0 0 0 0 0 0 0 0 0 0 0 0 0 0 0 0 0 0 0 0 0 0 0 0 0 0 0 0 0 0 0 0
 0 0 0 0 0 0 0 0 0 0 0 0 0 0 0 0 0 0 0 0 0 0 0 0 0 0 0 0 0 0 0 0 0 0 0 0
 0 0 0 0 0 0 0 0 0 0 0 0 0 0 0 0 0 0 0 0 0 0 0 0 0 0 0 0 0 0 0 0 0 0 0 0
 0 0 0 0 0 0 0 0 1.78061e-05 0.00172719 0.00360574 0.0105946 0.0120993 0.0124554 0.0147524 0.0171206 0.0266825 0.0428682 0.0675386 0.121331 0.153587 0.119568 0.100827 0.0573624 0.0630603 0.0341343 0.0324427 0.0444173 0.0211091 0.0280891 0.0125444 0.00206551 0 0 0 0
 0 0 0 0 0 0 0 0 0 0 0 0 0 0 0 0 0 0 0 0 0 0 0 0 0 0 0 0 0 0 0 0 0 0 0 0
 0 0 0 0 0 0 0.0133647 0.0140871 0.0187388 0.0205184 0.03894 0.0496705 0.03968 0.0493445 0.0407372 0.0367815 0.0215668 0.0243155 0.0234873 0.0199281 0.019796 0.0243948 0.0301388 0.0376714 0.0412746 0.0863199 0.0771752 0.113111 0.0741005 0.0525337 0.0229764 0.00759418 0.00175318 0 0 0
 0 0 0 0 0 0 0 0 0 0 0.00219441 0.00772107 0.0458388 0.0604681 0.0671733 0.0775358 0.0609151 0.0617685 0.073594 0.0568108 0.0755445 0.0548602 0.0670107 0.0636378 0.0643287 0.046367 0.0373049 0.0286899 0.0247887 0.0153202 0.00654259 0.00121912 0.000365735 0 0 0
 0 0 0 0 0 0 0 0 0 0 0 0 0.000112435 0.00938835 0.0111873 0.0202946 0.0414886 0.0713402 0.111592 0.104902 0.108894 0.110636 0.117776 0.105296 0.107544 0.0401394 0.0192827 0.0124803 0.00416011 0.0028671 0.000618394 0 0 0 0 0
 0 0 0 0 0 0 0 0 0 0 0.00291406 0.0102884 0.027416 0.0768956 0.0749926 0.110853 0.0956884 0.0897413 0.0766577 0.0534642 0.0500743 0.0551293 0.0594112 0.0620874 0.0668451 0.0424026 0.0208742 0.0120726 0.0048766 0.00582813 0.00118941 0.000297354 0 0 0 0
 0 0.00264628 0.0354308 0.0461629 0.0458689 0.0383711 0.0214643 0.0164657 0.0346957 0.0420465 0.0363128 0.0245516 0.0311673 0.0291091 0.0169068 0.0133784 0.00837989 0.0085269 0.0148486 0.0160247 0.0276389 0.0546898 0.0760071 0.122758 0.109233 0.0665981 0.0333725 0.0166128 0.00676272 0.00308733 0.000882094 0 0 0 0 0
 0 0 0 0 0 0 0 0.000805153 0.000690131 0.00759144 0.0133425 0.0154129 0.00931677 0.000345066 0.00356568 0.00563607 0.00851162 0.0253048 0.0502646 0.0516448 0.0657925 0.0565908 0.0611916 0.0827007 0.0866115 0.110766 0.145733 0.0935128 0.0569358 0.0249597 0.0138026 0.00621118 0.00161031 0.00115022 0 0
 0 0 0 0 0 0 0 0 0 0 0 0 0 0 0 0 0 0 0 0 0 0 0 0 0 0 0 0 0 0 0 0 0 0 0 0
 0.00147267 0.00158595 0.00478618 0.00569244 0.00954404 0.0108468 0.00647125 0.017049 0.0510054 0.094081 0.124002 0.0959785 0.0687766 0.0820023 0.061753 0.0591476 0.0492212 0.0479892 0.0443925 0.0268479 0.0217502 0.0140895 0.0121071 0.0120363 0.00920419 0.00665534 0.0049561 0.00860946 0.00930331 0.0156896 0.0114698 0.00855282 0.00243557 0.00046729 0 2.83206e-05
 0 0 0 0 0.000772559 0.00158375 0.000888443 0.00281984 0.00712685 0.0440552 0.0773331 0.111326 0.0921469 0.0852325 0.0710754 0.0886704 0.0786465 0.0553345 0.0373146 0.0185414 0.00753245 0.00457741 0.012979 0.0271748 0.0457355 0.0583668 0.034881 0.0177882 0.00938659 0.00492506 0.0015258 0.00185414 0.000309023 5.79419e-05 3.86279e-05 0
 0 0.00173294 0.00326652 0 0.00397197 0.00683976 0.00946217 0.0152591 0.00757587 0.0136028 0.0228656 0.0392903 0.0559909 0.0764795 0.0681675 0.0726916 0.0566044 0.0477403 0.0527397 0.0444891 0.0609904 0.0582453 0.0661739 0.0445044 0.0529084 0.0360697 0.0280645 0.0235558 0.0158879 0.00826598 0.00280645 0.00217768 0.000904811 0.00058276 9.20147e-05 0
 0 0 0 0 0 0 0 0 0 0 0 0 0 0 0 0 0 0 0 0 0 0 0 0 0 0 0 0 0 0 0 0 0 0 0 0
 0 0 0 0 0 0 0 0 0 0 0 0 0 0 0 0 0 0 0 0 0 0 0 0 0 0 0 0 0 0 0 0 0 0 0 0
 0 0 0 0 0 0 0 0 0 0 0 0 0 0 0 0 0 0 0 0 0 0 0 0 0 0 0 0 0 0 0 0 0 0 0 0
ppred_pel_tallas
 1.00753e-16 3.47088e-05 0.000203718 0.000968391 0.00372837 0.0116266 0.0293679 0.0600904 0.0996057 0.133766 0.145558 0.128379 0.0918674 0.0535533 0.0258756 0.0112018 0.00573166 0.00499364 0.00624541 0.00827969 0.0106001 0.0129068 0.0149268 0.0164093 0.0171699 0.0171313 0.0163385 0.0149421 0.0131565 0.0112081 0.00929003 0.00753588 0.00601445 0.0047414 0.00369878 0.00285387
 1.00639e-16 3.34767e-05 0.00019648 0.000933976 0.00359585 0.0112133 0.028324 0.0579549 0.0960673 0.129018 0.140402 0.123856 0.0886857 0.0518086 0.0252378 0.0112755 0.0062742 0.00593201 0.00760096 0.0100935 0.0128848 0.0156209 0.0179644 0.0196065 0.0203259 0.0200399 0.0188233 0.0168843 0.0145103 0.0119994 0.00960189 0.00748479 0.00572602 0.00433006 0.00325503 0.00243947
 1.00919e-16 2.78093e-05 0.000163197 0.000775721 0.00298649 0.00931304 0.0235242 0.0481349 0.079794 0.107176 0.116669 0.103004 0.0739389 0.043565 0.0219152 0.0109671 0.00775648 0.00875587 0.0117688 0.0157483 0.0201239 0.024401 0.0280637 0.0306303 0.0317547 0.0313066 0.0294014 0.0263634 0.0226411 0.0187008 0.0149342 0.0116046 0.00883606 0.00663816 0.00494739 0.00366893
 1.01431e-16 3.08235e-05 0.000180903 0.000859915 0.0033107 0.0103241 0.0260779 0.0533592 0.0884503 0.118791 0.129281 0.114064 0.0817154 0.0478197 0.0234511 0.0107459 0.00636459 0.00636358 0.00831597 0.0111288 0.0143051 0.0174899 0.0203317 0.0224985 0.0237399 0.023941 0.0231437 0.0215259 0.0193497 0.016896 0.0144079 0.0120578 0.00994103 0.00809054 0.00650013 0.0051466
 1.01607e-16 3.06105e-05 0.000179651 0.000853965 0.00328778 0.0102526 0.0258974 0.05299 0.0878386 0.11797 0.12839 0.113284 0.0811681 0.0475232 0.0233499 0.0107732 0.0064802 0.0065561 0.00858898 0.011487 0.0147453 0.0179965 0.0208755 0.0230398 0.0242352 0.0243511 0.0234424 0.0217054 0.0194224 0.0168912 0.0143647 0.0120164 0.00993525 0.00814177 0.00661561 0.00532055
 1.02223e-16 2.40149e-05 0.000140918 0.000669797 0.00257865 0.00804118 0.0203116 0.0415621 0.0689004 0.0925515 0.100767 0.0890102 0.0639917 0.0379016 0.0194329 0.0103306 0.00807364 0.00964723 0.0131665 0.0177088 0.022726 0.0277011 0.0320761 0.035321 0.0370445 0.0370813 0.0355255 0.0326935 0.0290356 0.0250248 0.021062 0.0174207 0.0142378 0.0115402 0.0092873 0.00741181
 1.01708e-16 3.34154e-05 0.000196125 0.000932299 0.00358941 0.0111933 0.0282733 0.0578507 0.0958931 0.12878 0.140132 0.123592 0.0884391 0.0515498 0.0248992 0.0107675 0.00549874 0.00479328 0.00601994 0.00802939 0.01036 0.0127405 0.0149228 0.016673 0.0178102 0.018242 0.0179804 0.0171286 0.0158471 0.014311 0.0126738 0.0110469 0.00949642 0.00805328 0.00672822 0.00552467
 1.0099e-16 3.23605e-05 0.000189926 0.000902813 0.00347586 0.0108391 0.0273789 0.0560212 0.0928626 0.124716 0.135726 0.119744 0.0857697 0.0501622 0.0245425 0.0111462 0.00645791 0.00632705 0.00819553 0.0109077 0.0139377 0.0169147 0.0194789 0.021299 0.0221369 0.0219027 0.0206743 0.018672 0.0161998 0.0135727 0.0110538 0.00881745 0.0069435 0.00543493 0.0042472 0.00331706
 1.00689e-16 3.45646e-05 0.00020287 0.000964359 0.00371285 0.0115782 0.0292456 0.0598402 0.0991914 0.13321 0.144956 0.127854 0.0915046 0.0533678 0.0258343 0.0112658 0.0058818 0.00523101 0.00658061 0.00872131 0.0111461 0.0135395 0.0156109 0.0170946 0.0177983 0.0176461 0.016695 0.0151154 0.0131454 0.0110338 0.00899077 0.00715872 0.00560685 0.00434427 0.00334218 0.00255561
 1.00842e-16 3.08334e-05 0.000180958 0.000860169 0.00331166 0.0103271 0.0260855 0.0533751 0.0884776 0.118831 0.129332 0.114128 0.0818017 0.0479517 0.0236665 0.0110956 0.00690892 0.00716545 0.00942862 0.012579 0.0160752 0.0195037 0.0224501 0.0245308 0.025469 0.0251592 0.0236904 0.0213174 0.0183935 0.0152862 0.0123048 0.00965712 0.00744198 0.00566815 0.00428758 0.00322801
 1.01338e-16 2.75758e-05 0.000161828 0.000769214 0.00296145 0.00923494 0.0233269 0.0477311 0.0791242 0.106275 0.115685 0.102128 0.0732942 0.0431532 0.0216496 0.0107401 0.00748164 0.00837631 0.0112515 0.0150817 0.0193218 0.0235076 0.0271541 0.0298052 0.0311265 0.0309811 0.0294582 0.026841 0.023529 0.0199422 0.016437 0.0132573 0.0105255 0.00826398 0.00643244 0.00496356
 1.01674e-16 2.84424e-05 0.000166919 0.000793426 0.00305468 0.00952569 0.0240613 0.0492334 0.0816132 0.109615 0.119309 0.105304 0.0755199 0.0443567 0.0220559 0.0106174 0.00698841 0.00755048 0.0100658 0.0134996 0.0173351 0.0211578 0.0245409 0.0270807 0.0284763 0.0285957 0.0275013 0.025423 0.0226931 0.0196638 0.0166363 0.01382 0.011325 0.00918078 0.00736735 0.00584383
 1.01183e-16 3.18535e-05 0.00018695 0.000888664 0.00342139 0.0106693 0.0269498 0.0551432 0.0914072 0.122761 0.133599 0.117868 0.0844276 0.0493803 0.0241661 0.0109869 0.00638437 0.006276 0.00814764 0.0108663 0.0139192 0.0169454 0.0195925 0.0215333 0.0225277 0.0224769 0.0214432 0.019627 0.0173114 0.0147934 0.012324 0.0100743 0.00812875 0.00650209 0.00516561 0.00407306
 1.00352e-16 3.63931e-05 0.000213607 0.00101541 0.00390942 0.0121912 0.0307939 0.0630081 0.104441 0.140258 0.152617 0.134591 0.0962843 0.0560697 0.0269816 0.0114908 0.00560014 0.00461015 0.00563922 0.00742347 0.00945481 0.0114419 0.0131292 0.0142879 0.0147559 0.0144755 0.0135065 0.0120089 0.0102011 0.00830879 0.00652052 0.00496131 0.00368773 0.00269994 0.00196224 0.0014237
 1.00099e-16 3.92591e-05 0.000230438 0.00109544 0.00421755 0.0131521 0.033221 0.0679737 0.11267 0.151303 0.164619 0.145138 0.103747 0.0602499 0.0286824 0.0116812 0.00490481 0.00326263 0.00364408 0.00471192 0.00597708 0.00721344 0.00824981 0.00893891 0.00917851 0.00893462 0.00824989 0.0072318 0.00602549 0.00478015 0.00361977 0.00262578 0.00183369 0.00124096 0.000820623 0.000535243
 1.00253e-16 3.21846e-05 0.00018889 0.000897881 0.00345686 0.0107799 0.0272292 0.0557152 0.0923565 0.124039 0.134997 0.119119 0.0853614 0.0500026 0.0246113 0.0114236 0.00695452 0.00708157 0.00925446 0.0123017 0.0156607 0.0189087 0.0216283 0.0234379 0.02407 0.0234351 0.0216446 0.0189793 0.0158194 0.0125553 0.00951196 0.00690303 0.00482201 0.00326286 0.00215561 0.00140268
 1.00844e-16 2.93627e-05 0.00017232 0.000819102 0.00315353 0.00983395 0.0248399 0.0508267 0.0842546 0.113163 0.123172 0.108715 0.0779706 0.0458045 0.0227903 0.0109925 0.00725796 0.00784663 0.0104402 0.013958 0.0178502 0.0216711 0.024964 0.027303 0.0283791 0.0280712 0.0264732 0.0238621 0.0206253 0.0171677 0.0138322 0.0108522 0.00834221 0.00631846 0.00473411 0.00351446
 1.0058e-16 3.66241e-05 0.000214965 0.00102187 0.00393429 0.0122687 0.0309898 0.0634087 0.105105 0.141147 0.15358 0.135429 0.09686 0.0563568 0.02703 0.0113584 0.00531275 0.00416025 0.00500462 0.00658712 0.00842008 0.0102423 0.0118316 0.012988 0.0135653 0.0135039 0.0128424 0.011704 0.0102624 0.00870035 0.0071731 0.00578683 0.00459493 0.0036074 0.00280694 0.00216448
 1.00368e-16 3.58249e-05 0.00021027 0.000999544 0.00384832 0.0120007 0.0303127 0.0620235 0.10281 0.138068 0.150237 0.132501 0.0948069 0.0552454 0.0266523 0.0114663 0.00575889 0.00490822 0.00607782 0.00801741 0.0102135 0.0123595 0.014181 0.0154308 0.0159337 0.0156275 0.0145771 0.0129554 0.0109987 0.00895113 0.00701669 0.00533058 0.00395403 0.00288723 0.00209152 0.00151174
 1.00588e-16 3.22834e-05 0.000189472 0.000900653 0.00346754 0.0108132 0.0273133 0.0558872 0.0926408 0.124419 0.135405 0.119468 0.0855859 0.0500828 0.024556 0.0112403 0.00663307 0.00659609 0.00857592 0.0114127 0.0145685 0.0176549 0.0202916 0.0221283 0.0229144 0.0225566 0.0211405 0.018904 0.0161751 0.0132947 0.0105491 0.00813032 0.00612858 0.00454988 0.00334649 0.00244738
 1.01099e-16 3.05936e-05 0.00017955 0.000853482 0.00328592 0.0102468 0.0258827 0.05296 0.0877894 0.117906 0.128323 0.113233 0.0811495 0.0475484 0.0234289 0.0109211 0.00671884 0.00691222 0.00908799 0.0121449 0.0155604 0.0189422 0.0218976 0.0240595 0.0251577 0.0250799 0.0238943 0.0218243 0.0191873 0.0163177 0.0135003 0.0109311 0.00871022 0.00685885 0.00534836 0.00412853
 1.01232e-16 3.22696e-05 0.000189394 0.000900288 0.00346615 0.0108088 0.0273023 0.0558644 0.0926023 0.124365 0.13534 0.119395 0.0854994 0.0499642 0.0243721 0.0109463 0.0061767 0.00592314 0.0076401 0.0101892 0.0130692 0.0159403 0.0184746 0.0203667 0.02139 0.0214468 0.0205871 0.0189879 0.0169035 0.0146024 0.0123138 0.0101958 0.00833035 0.00673728 0.00539839 0.00427976
 1.01323e-16 3.01499e-05 0.000176945 0.000841093 0.00323822 0.010098 0.0255069 0.0521913 0.0865154 0.116196 0.126464 0.111599 0.0799925 0.0468981 0.02316 0.010882 0.00681071 0.00709621 0.00936024 0.0125128 0.0160287 0.0195068 0.0225432 0.0247609 0.0258836 0.0257986 0.0245798 0.0224606 0.0197698 0.0168519 0.0139982 0.0114062 0.00917301 0.00731426 0.00579494 0.00455955
 1.01413e-16 3.09772e-05 0.000181804 0.0008642 0.00332719 0.0103755 0.0262078 0.0536251 0.0888913 0.119384 0.129926 0.114636 0.0821291 0.0480702 0.0235892 0.0108341 0.00644894 0.00646976 0.00845489 0.0113009 0.0145014 0.0176913 0.0205097 0.0226182 0.0237656 0.023843 0.0229048 0.0211464 0.0188485 0.0163078 0.0137775 0.0114325 0.00936335 0.00759254 0.00610038 0.00485001
 1.0282e-16 1.79982e-05 0.000105584 0.000501795 0.00193176 0.00602386 0.0152162 0.0311372 0.0516243 0.069363 0.0755677 0.0668629 0.0483139 0.0291072 0.0158293 0.00987621 0.00944803 0.0123504 0.0171807 0.0231742 0.0297504 0.0362641 0.0419905 0.0462363 0.0484885 0.0485301 0.0464838 0.0427637 0.037959 0.0326899 0.0274822 0.0226955 0.018511 0.0149656 0.0120075 0.00954943
pSPR Fmed_Fpbrs
0.527188   0.6 0.325
Fs Fmed_Fpbrs
0.64   0.466978 1.63967
SSBpbr Bo_Bmed_Bpbrs
711754  339641  391465 195732
Ro
31319.2
SPR SPRFo_SPRFmed_SPRFpbrs
643951 339483 209284
log_Ro
10.172
likeval ReclasPelacesDesembMPH_pf_preclas_ppelaces_ptallas_desvR_qrecl_qpela
 92.4077 31.334 0.0457251 35.1528 322.066 189.125 53.4252 0 18.789 8.09385e-11 9.32064e-05 2.76802e-14 0 0 0
q_reclas_q_pelaces
0.998726 3.94924
M
0.7
N
 35734.5 10565.5 3366.24 397.258 0.205697
 43987.1 16117 2597.73 583.797 67.0124
 20924.8 20006.1 4212.99 493.767 120.539
 28300.7 8938.41 3307.68 403.449 56.2599
 47206.3 13590.1 3474.2 1138.38 156.655
 29939.7 23296 6447.72 1611.39 599.549
 63695 13923.8 7165.29 1563.36 525.717
 72067.8 30173.2 4899.85 2125.16 610.977
 103179 32617.9 7610.56 882.874 479.62
 108296 46556.8 8046.04 1326.37 230.752
 68544.8 50585.4 14785.6 2046.64 388.976
 52402.5 30460 11160.5 2180.48 347.577
 43533.7 23646.3 7516.3 1946.04 428.516
 24764.2 18729.6 4118.98 778.26 235.643
 16280.8 9113.36 1042.29 77.3178 17.4114
 9802.81 5745.19 373.265 12.3668 1.01579
 5849.03 4281.75 1117.63 45.5956 1.57411
 9347.69 2539.24 796.624 127.711 5.18131
 14311.3 4062.87 476.491 92.2038 14.7906
 16319.8 6465.63 1011.37 84.181 18.3817
 21282.9 7541.32 1897.86 228.658 22.699
 35351.3 10226.9 2945.41 657.927 86.2969
 43156.6 16870.1 3797.66 946.769 236.429
 59888.4 20536.6 6136.17 1183.47 364.092
 23992.2 28435.9 7350.5 1866.71 464.562
pred_Ctot
 2371.2 3992.28 1670.73 200.412 0.103861
 2674.2 5693.39 1216.92 278.182 31.9605
 2121.9 10203.9 2672.79 317.16 77.4764
 672.671 1416.63 745.666 93.014 12.986
 211.448 436.98 165.529 55.6492 7.66854
 1372.03 6553.8 2471.29 629.508 234.459
 2115.52 2975.71 2137.31 476.197 160.311
 4615.39 11096.4 2376.23 1047.88 301.528
 6815.97 12283.1 3766.33 444.124 241.479
 4640.02 12381.9 2931.72 492.804 85.8237
 5215.6 21164 7995.36 1123.61 213.719
 3460.07 11466.4 5521.47 1096.55 174.946
 4218.04 11705.7 4658.19 1221.64 269.187
 4691.48 13401.2 3330 633.113 191.757
 3455.38 6825.33 867.334 64.6799 14.5695
 855.226 2648.94 218.575 7.3428 0.603567
 533.157 2034.49 670.474 27.7233 0.957778
 845.065 1199.76 475.753 77.309 3.13871
 933.61 1515.42 233.891 46.0104 7.38708
 818.559 1959.25 414.212 35.1193 7.67615
 496.004 1173.97 420.64 51.8327 5.15162
 994.059 1886.24 765.943 174.85 22.9608
 1298.37 3304.44 1044.69 266.084 66.5228
 1893.09 4202.36 1758.07 346.337 106.67
 666.661 5189.11 1892.48 491.192 122.383
F
 0.0962429 0.702956 1.052 1.08023 1.08175
 0.0878566 0.641703 0.960329 0.986099 0.987494
 0.150575 1.09979 1.64588 1.69004 1.69243
 0.0335427 0.244995 0.366643 0.376482 0.377014
 0.00624559 0.0456176 0.0682682 0.0701002 0.0701993
 0.0655852 0.479033 0.716889 0.736126 0.737167
 0.0471518 0.344396 0.5154 0.52923 0.529979
 0.0927464 0.677418 1.01378 1.04098 1.04245
 0.0957944 0.69968 1.04709 1.07519 1.07671
 0.0612021 0.447019 0.668978 0.68693 0.687902
 0.111074 0.811282 1.21411 1.24669 1.24845
 0.0957478 0.69934 1.04658 1.07467 1.07619
 0.143429 1.0476 1.56777 1.60984 1.61212
 0.299657 2.18869 3.27544 3.36333 3.36809
 0.341623 2.49521 3.73416 3.83436 3.83979
 0.128307 0.937151 1.40248 1.44011 1.44215
 0.134411 0.981735 1.4692 1.50862 1.51076
 0.133238 0.973171 1.45638 1.49546 1.49758
 0.0945489 0.690583 1.03348 1.06121 1.06271
 0.0719842 0.525771 0.786833 0.807948 0.80909
 0.0328792 0.240149 0.359391 0.369035 0.369557
 0.0397917 0.290638 0.434948 0.44662 0.447252
 0.0426263 0.311341 0.465932 0.478435 0.479112
 0.0448305 0.327441 0.490026 0.503176 0.503887
 0.0393123 0.287136 0.429709 0.44124 0.441864
Np
 20347.9 9693.29 4199.58 3341.5 970.262
YTP_r0W_actual
 7882.64 119820 65344.7 21118 5479.23
YTP_p0W_proyectada
 4894.6 47389.7 89633.1 26216.2 9646.12
 4894.6 40101.8 35523.4 36882.5 11898.2
CTP_r0_actual
 703.808 5446.36 1980.14 513.819 128.019
CTP_p0_proyectada
 596.903 2193.97 2854.56 653.771 216.767
 596.903 1856.57 1131.32 919.763 267.375
Wmedp
 8.2 21.6 31.4 40.1 44.5
nmprior
 10.8 10.6 4.6 0
nm_flota  nm_reclas  nm_pelaces    nm_pelaL
inf 22.7734 24.1188 62.6705
cv_recla  cv_pelaces  cv_mph
0.724599 0.317359 0.493321
 ------------------------------------------------
Talla a la edad & desviaci?n 
 7.2 14.2025 17.0495 18.207 18.6776
 1.08 2.13037 2.55742 2.73105 2.80164
