years
 1997 1998 1999 2000 2001 2002 2003 2004 2005 2006 2007 2008 2009 2010 2011 2012 2013 2014 2015 2016 2017 2018 2019
reclasobs
 0 0 0 370054 412103 1.49427e+06 250295 1.28982e+06 931140 785840 897777 1.04006e+06 184774 17550 25797 100020 73551 82996 120727 218422 84188 347160 605670
reclaspred
 1.15376e+06 238138 602544 309674 356917 395642 718340 562584 1.01583e+06 1.49008e+06 1.56597e+06 1.12575e+06 658526 319322 204643 169440 141086 162755 183054 312891 594309 624828 984810
pelacesobs
 0 0 0 0 0 0 0 0 0 2.06254e+06 1.5e+06 0 1.87456e+06 323000 250000 174000 83755 137374 0 501740 490994 745055 786931
pelacespred
 670514 237908 205549 217369 215596 177410 364540 336625 586888 884574 835041 629083 377684 157789 96328.8 86718.1 74195.3 81941.5 95348.5 156900 337150 374619 463402
mphobs
 0 0 0 0 0 0 112323 0 153150 637223 0 255016 313432 73983 77613 109348 50772 17779 17303 59886 28197 0 207744
mphpred
 813810 439429 381925 343037 281093 379764 457632 571757 673286 1.19544e+06 1.54736e+06 1.16184e+06 724875 387680 187983 145719 115263 120084 145331 192114 395030 588267 682644
desembarqueobs
 350755 77701 442110 56441 14545 235359 269955 359681 431902 328805 639364 411747 362871 311530 167758 66681 60226 58785 57116 73181 50977 67692 138656
desembarquepred
 350759 77700.6 442119 56443.6 14545.2 235518 269973 359565 431727 328664 639428 411789 362743 311760 167669 66702.4 60272.3 58782.2 57099.2 73149.4 50972 67675.6 138633
Reclutas
 42399.7 44627.8 21945.7 23088.4 40935.1 27034 58137 74435.3 173933 202935 70543.7 41605.8 44159.7 25780 19052.2 12216.3 9348.85 11729.8 18740.5 37040.8 59193.8 52699.5 82470.1
log_desv_Rt
 0.103811 0.155027 -0.554759 -0.503998 0.0686599 -0.346232 0.419474 0.666602 1.51534 1.66956 0.612903 0.0849097 0.144484 -0.39373 -0.696147 -1.14056 -1.40808 -1.18119 -0.712642 -0.0313082 0.437488 0.321278 0.769107
SSB
 813810 439429 381925 343037 281093 379764 443779 564551 659216 1.17411e+06 1.54736e+06 1.16184e+06 742617 400068 199058 157037 130027 130424 149708 206646 404357 588267 699923
BT
 2.10807e+06 586431 756668 512959 505080 534634 1.21074e+06 1.20325e+06 2.08199e+06 2.46836e+06 2.26354e+06 1.62669e+06 1.14703e+06 624479 364689 235213 213511 234477 261791 445341 880240 806556 1.07957e+06
Ftot
 0.292651 0.31373 0.682315 0.176773 0.0398531 0.559598 0.360767 0.603145 0.407909 0.213708 0.389608 0.350012 0.520102 0.887882 0.758757 0.376242 0.407666 0.346481 0.300305 0.226351 0.0836901 0.105499 0.136862
BD_Bspro_t
 0.958374 0.759903 0.641257 0.433366 0.514741 0.648868 0.540903 0.568907 0.57088 0.647305 0.675961 0.537022 0.43496 0.333334 0.222675 0.219655 0.250693 0.324755 0.412586 0.546955 0.711441 0.817351 0.819417
BD_Bspro
 1.03306 0.557816 0.484819 0.435455 0.356823 0.482077 0.563338 0.716647 0.836816 1.49043 1.96424 1.47485 0.942686 0.50785 0.252686 0.199345 0.165058 0.165562 0.190041 0.262319 0.513295 0.746752 0.88849
BD_Bo
 0.501367 0.270721 0.235294 0.211336 0.173174 0.233963 0.273401 0.347805 0.406125 0.723337 0.953289 0.715778 0.457507 0.246471 0.122634 0.0967465 0.0801063 0.0803509 0.092231 0.127309 0.249114 0.362415 0.431204
BD_Brms
 2.42643 1.31019 1.13873 1.02279 0.838098 1.13229 1.32316 1.68324 1.96549 3.50068 4.61356 3.4641 2.21416 1.19283 0.593504 0.468216 0.387684 0.388868 0.446363 0.616129 1.20562 1.75395 2.08686
S_f
 0.5 1 1 1 1
 0.5 1 1 1 1
 0.5 1 1 1 1
 0.5 1 1 1 1
 0.5 1 1 1 1
 0.5 1 1 1 1
 0.5 1 1 1 1
 0.5 1 1 1 1
 0.5 1 1 1 1
 0.5 1 1 1 1
 0.5 1 1 1 1
 0.5 1 1 1 1
 0.5 1 1 1 1
 0.5 1 1 1 1
 0.5 1 1 1 1
 0.5 1 1 1 1
 0.5 1 1 1 1
 0.5 1 1 1 1
 0.5 1 1 1 1
 0.5 1 1 1 1
 0.5 1 1 1 1
 0.5 1 1 1 1
 0.5 1 1 1 1
Scru_reclas
 0.5 1 1 1 1
 0.5 1 1 1 1
 0.5 1 1 1 1
 0.5 1 1 1 1
 0.5 1 1 1 1
 0.5 1 1 1 1
 0.5 1 1 1 1
 0.5 1 1 1 1
 0.5 1 1 1 1
 0.5 1 1 1 1
 0.5 1 1 1 1
 0.5 1 1 1 1
 0.5 1 1 1 1
 0.5 1 1 1 1
 0.5 1 1 1 1
 0.5 1 1 1 1
 0.5 1 1 1 1
 0.5 1 1 1 1
 0.5 1 1 1 1
 0.5 1 1 1 1
 0.5 1 1 1 1
 0.5 1 1 1 1
 0.5 1 1 1 1
Scru_pelaces
 0.5 1 1 1 1
 0.5 1 1 1 1
 0.5 1 1 1 1
 0.5 1 1 1 1
 0.5 1 1 1 1
 0.5 1 1 1 1
 0.5 1 1 1 1
 0.5 1 1 1 1
 0.5 1 1 1 1
 0.5 1 1 1 1
 0.5 1 1 1 1
 0.5 1 1 1 1
 0.5 1 1 1 1
 0.5 1 1 1 1
 0.5 1 1 1 1
 0.5 1 1 1 1
 0.5 1 1 1 1
 0.5 1 1 1 1
 0.5 1 1 1 1
 0.5 1 1 1 1
 0.5 1 1 1 1
 0.5 1 1 1 1
 0.5 1 1 1 1
pf_obs 
 0.256992 0.487395 0.22802 0.0275931 0
 0.321318 0.546541 0.124235 0.00734118 0.000564706
 0.182869 0.594174 0.210203 0.0122559 0.00049798
 0.330522 0.361315 0.267642 0.0388342 0.00168674
 0.649043 0.306663 0.0425973 0.00169635 0
 0.582887 0.30429 0.105238 0.00758474 0
 0.465427 0.430635 0.0974691 0.00646863 0
 0.296916 0.608066 0.0921331 0.00288517 0
 0.311714 0.524322 0.152257 0.0117073 0
 0.15457 0.633149 0.183074 0.0267441 0.00246327
 0.131901 0.49318 0.331252 0.0422183 0.00144891
 0.196976 0.569456 0.194076 0.0375587 0.00193317
 0.518974 0.381816 0.0799577 0.0180837 0.00116848
 0.0928022 0.601141 0.25162 0.0475244 0.00691264
 0.122501 0.610282 0.24278 0.0234846 0.000952079
 0.383417 0.481906 0.127806 0.00687128 0
 0.0376549 0.599619 0.316969 0.0457579 0
 0.0361596 0.667082 0.258105 0.0386534 0
 0.158088 0.579412 0.248529 0.0139706 0
 0.0477256 0.309471 0.559284 0.082774 0.000745712
 0.0406174 0.521527 0.379366 0.0568643 0.0016247
 0.151134 0.462217 0.34131 0.0453401 0
 0.294876 0.26143 0.354403 0.0886775 0.000613685
pf_pred 
 0.445249 0.390231 0.14699 0.0175252 4.95577e-06
 0.454629 0.346785 0.139692 0.0526185 0.00627533
 0.300269 0.452049 0.157493 0.0634416 0.0267468
 0.442528 0.285888 0.175452 0.0611273 0.0350045
 0.551635 0.280403 0.0861356 0.0528621 0.0289637
 0.351694 0.462453 0.11623 0.0357042 0.0339177
 0.634353 0.205289 0.114387 0.0287494 0.0172209
 0.580794 0.332811 0.0485059 0.0270274 0.0108619
 0.726841 0.209846 0.0502642 0.00732581 0.00572239
 0.563792 0.373831 0.04792 0.0114782 0.00297966
 0.236532 0.559743 0.174592 0.0223804 0.00675234
 0.241386 0.31077 0.32834 0.102414 0.017089
 0.369247 0.260647 0.151616 0.160188 0.0583024
 0.343425 0.37891 0.11474 0.0667431 0.096182
 0.438178 0.324935 0.136708 0.0413972 0.0587821
 0.403384 0.395109 0.116543 0.0490325 0.0359309
 0.378469 0.37374 0.1641 0.0484035 0.0352876
 0.490722 0.294517 0.12914 0.0567022 0.0289182
 0.581139 0.285056 0.07738 0.0339297 0.0224955
 0.645944 0.266104 0.059856 0.0162483 0.0118482
 0.593504 0.323413 0.0624439 0.0140458 0.00659311
 0.417494 0.436504 0.116161 0.0224282 0.00741295
 0.505003 0.295139 0.149764 0.0398549 0.0102385
pobs_RECLAS
 0 0 0 0 0
 0 0 0 0 0
 0 0 0 0 0
 0 0 0 0 0
 0.835266 0.146461 0.0176864 0.000547809 3.91292e-05
 0.385257 0.428462 0.181853 0.0044286 0
 0.867414 0.0963971 0.0333333 0.00285562 0
 0.441836 0.489002 0.0689373 0.000224442 0
 0.779404 0.147425 0.0564933 0.0165055 0.000172143
 0.814271 0.122319 0.05973 0.00367925 0
 0.40263 0.566651 0.0304383 0.000280538 0
 0.475488 0.404961 0.113038 0.00651328 0
 0.955842 0.0263864 0.0167828 0.000988607 0
 0.975058 0.0227948 0.00214734 0 0
 0.738997 0.206755 0.0527124 0.00153531 0
 0.850938 0.134255 0.0134407 0.00136685 0
 0.542534 0.407297 0.0501686 0 0
 0.764087 0.199537 0.0359546 0.000420521 0
 0.470689 0.182191 0.310203 0.0369168 0
 0.84361 0.089868 0.0606195 0.00523954 0.000663233
 0.607945 0.314616 0.071237 0.00620181 0
 0.523733 0.453247 0.0230204 0 0
 0.530135 0.295979 0.169645 0.0042399 0
ppred_RECLAS
 0.447982 0.388308 0.146266 0.0174389 4.93136e-06
 0.457618 0.344884 0.138927 0.0523301 0.00624093
 0.30738 0.447455 0.155893 0.0627969 0.026475
 0.444024 0.285121 0.174981 0.0609632 0.0349105
 0.551933 0.280217 0.0860785 0.0528271 0.0289445
 0.357546 0.458279 0.115181 0.0353819 0.0336116
 0.637679 0.203422 0.113347 0.0284879 0.0170643
 0.587675 0.327348 0.0477097 0.0265838 0.0106836
 0.730167 0.207292 0.0496523 0.00723663 0.00565273
 0.565652 0.372236 0.0477157 0.0114293 0.00296695
 0.239406 0.557636 0.173935 0.0222962 0.00672693
 0.243926 0.309729 0.327241 0.102072 0.0170318
 0.374657 0.258411 0.150315 0.158814 0.0578022
 0.354555 0.372487 0.112795 0.0656117 0.0945516
 0.447817 0.31936 0.134362 0.040687 0.0577736
 0.407036 0.392691 0.11583 0.0487323 0.035711
 0.382429 0.371359 0.163054 0.0480951 0.0350628
 0.494133 0.292544 0.128275 0.0563224 0.0287245
 0.583915 0.283166 0.0768672 0.0337048 0.0223464
 0.647794 0.264713 0.0595432 0.0161633 0.0117862
 0.594139 0.322908 0.0623463 0.0140239 0.00658281
 0.418318 0.435886 0.115997 0.0223964 0.00740246
 0.506135 0.294464 0.149422 0.0397638 0.0102151
pobs_PELACES
 0 0 0 0 0
 0 0 0 0 0
 0 0 0 0 0
 0 0 0 0 0
 0 0 0 0 0
 0 0 0 0 0
 0 0 0 0 0
 0 0 0 0 0
 0 0 0 0 0
 0 0 0 0 0
 0.450072 0.473896 0.0757376 0.000293798 0
 0 0 0 0 0
 0.463077 0.371075 0.160297 0.00555027 0
 0.529543 0.364841 0.0842815 0.0213345 0
 0.631943 0.363953 0.00410389 0 0
 0.735681 0.248677 0.0153453 0.000297389 0
 0.695825 0.281241 0.0229344 0 0
 0.275771 0.60734 0.115278 0.00161068 0
 0 0 0 0 0
 0.896147 0.0623911 0.0374545 0.00400742 0
 0.803859 0.145111 0.0509908 3.86294e-05 0
 0.739449 0.233085 0.0266225 0.000797448 4.60066e-05
 0.878498 0.100942 0.0204185 0.000141795 0
ppred_PELACES
 0.459951 0.379889 0.143094 0.0170607 4.82444e-06
 0.470492 0.336698 0.135629 0.051088 0.0060928
 0.331854 0.431644 0.150385 0.060578 0.0255395
 0.451236 0.281423 0.172711 0.0601725 0.0344577
 0.553558 0.279201 0.0857662 0.0526354 0.0288394
 0.379023 0.442959 0.111331 0.0341991 0.032488
 0.651316 0.195766 0.10908 0.0274157 0.016422
 0.611562 0.308384 0.0449458 0.0250438 0.0100647
 0.74322 0.197264 0.0472503 0.00688655 0.00537928
 0.574294 0.36483 0.0467663 0.0112018 0.00290792
 0.251307 0.548911 0.171214 0.0219473 0.00662167
 0.254734 0.305302 0.322563 0.100612 0.0167883
 0.394969 0.250018 0.145433 0.153655 0.0559248
 0.388748 0.352754 0.106819 0.0621358 0.0895425
 0.478937 0.301361 0.12679 0.0383939 0.0545175
 0.422102 0.382714 0.112887 0.0474942 0.0348037
 0.398436 0.361734 0.158828 0.0468485 0.034154
 0.508425 0.28428 0.124651 0.0547312 0.027913
 0.595902 0.275009 0.0746528 0.0327339 0.0217026
 0.656268 0.258344 0.0581107 0.0157745 0.0115027
 0.597465 0.320262 0.0618355 0.013909 0.00652887
 0.42256 0.432707 0.115151 0.0222331 0.00734848
 0.511779 0.291099 0.147714 0.0393094 0.0100983
pobs_pel_tallas
 0 0 0 0 0 0 0 0 0 0 0 0 0 0 0 0 0 0 0 0 0 0 0 0 0 0 0 0 0 0 0 0 0 0 0 0
 0 0 0 0 0 0 0 0 0 0 0 0 0 0 0 0 0 0 0 0 0 0 0 0 0 0 0 0 0 0 0 0 0 0 0 0
 0 0 0 0 0 0 0 0 0 0 0 0 0 0 0 0 0 0 0 0 0 0 0 0 0 0 0 0 0 0 0 0 0 0 0 0
 0 0 0 0 0 0 0 0 0 0 0 0 0 0 0 0 0 0 0 0 0 0 0 0 0 0 0 0 0 0 0 0 0 0 0 0
 0 0 0 0 0 0 0 0 0 0 0 0 0 0 0 0 0 0 0 0 0 0 0 0 0 0 0 0 0 0 0 0 0 0 0 0
 0 0 0 0 0 0 0 0 0 0 0 0 0 0 0 0 0 0 0 0 0 0 0 0 0 0 0 0 0 0 0 0 0 0 0 0
 0 0 0 0 0 0 0 0 0 0 0 0 0 0 0 0 0 0 0 0 0 0 0 0 0 0 0 0 0 0 0 0 0 0 0 0
 0 0 0 0 0 0 0 0 0 0 0 0 0 0 0 0 0 0 0 0 0 0 0 0 0 0 0 0 0 0 0 0 0 0 0 0
 0 0 0 0 0 0 0 0 0 0 0 0 0 0 0 0 0 0 0 0 0 0 0 0 0 0 0 0 0 0 0 0 0 0 0 0
 0 0 0 0 0 0 0 0 0 0 0 0 0 0 0 0 0 0 0 0 0 0 0 0 0 0 0 0 0 0 0 0 0 0 0 0
 0 0 0 0 0 0 0 0 1.78061e-05 0.00172719 0.00360574 0.0105946 0.0120993 0.0124554 0.0147524 0.0171206 0.0266825 0.0428682 0.0675386 0.121331 0.153587 0.119568 0.100827 0.0573624 0.0630603 0.0341343 0.0324427 0.0444173 0.0211091 0.0280891 0.0125444 0.00206551 0 0 0 0
 0 0 0 0 0 0 0 0 0 0 0 0 0 0 0 0 0 0 0 0 0 0 0 0 0 0 0 0 0 0 0 0 0 0 0 0
 0 0 0 0 0 0 0.0133647 0.0140871 0.0187388 0.0205184 0.03894 0.0496705 0.03968 0.0493445 0.0407372 0.0367815 0.0215668 0.0243155 0.0234873 0.0199281 0.019796 0.0243948 0.0301388 0.0376714 0.0412746 0.0863199 0.0771752 0.113111 0.0741005 0.0525337 0.0229764 0.00759418 0.00175318 0 0 0
 0 0 0 0 0 0 0 0 0 0 0.00219441 0.00772107 0.0458388 0.0604681 0.0671733 0.0775358 0.0609151 0.0617685 0.073594 0.0568108 0.0755445 0.0548602 0.0670107 0.0636378 0.0643287 0.046367 0.0373049 0.0286899 0.0247887 0.0153202 0.00654259 0.00121912 0.000365735 0 0 0
 0 0 0 0 0 0 0 0 0 0 0 0 0.000112435 0.00938835 0.0111873 0.0202946 0.0414886 0.0713402 0.111592 0.104902 0.108894 0.110636 0.117776 0.105296 0.107544 0.0401394 0.0192827 0.0124803 0.00416011 0.0028671 0.000618394 0 0 0 0 0
 0 0 0 0 0 0 0 0 0 0 0.00291406 0.0102884 0.027416 0.0768956 0.0749926 0.110853 0.0956884 0.0897413 0.0766577 0.0534642 0.0500743 0.0551293 0.0594112 0.0620874 0.0668451 0.0424026 0.0208742 0.0120726 0.0048766 0.00582813 0.00118941 0.000297354 0 0 0 0
 0 0.00264628 0.0354308 0.0461629 0.0458689 0.0383711 0.0214643 0.0164657 0.0346957 0.0420465 0.0363128 0.0245516 0.0311673 0.0291091 0.0169068 0.0133784 0.00837989 0.0085269 0.0148486 0.0160247 0.0276389 0.0546898 0.0760071 0.122758 0.109233 0.0665981 0.0333725 0.0166128 0.00676272 0.00308733 0.000882094 0 0 0 0 0
 0 0 0 0 0 0 0 0.000805153 0.000690131 0.00759144 0.0133425 0.0154129 0.00931677 0.000345066 0.00356568 0.00563607 0.00851162 0.0253048 0.0502646 0.0516448 0.0657925 0.0565908 0.0611916 0.0827007 0.0866115 0.110766 0.145733 0.0935128 0.0569358 0.0249597 0.0138026 0.00621118 0.00161031 0.00115022 0 0
 0 0 0 0 0 0 0 0 0 0 0 0 0 0 0 0 0 0 0 0 0 0 0 0 0 0 0 0 0 0 0 0 0 0 0 0
 0.00147267 0.00158595 0.00478618 0.00569244 0.00954404 0.0108468 0.00647125 0.017049 0.0510054 0.094081 0.124002 0.0959785 0.0687766 0.0820023 0.061753 0.0591476 0.0492212 0.0479892 0.0443925 0.0268479 0.0217502 0.0140895 0.0121071 0.0120363 0.00920419 0.00665534 0.0049561 0.00860946 0.00930331 0.0156896 0.0114698 0.00855282 0.00243557 0.00046729 0 2.83206e-05
 0 0 0 0 0.000772559 0.00158375 0.000888443 0.00281984 0.00712685 0.0440552 0.0773331 0.111326 0.0921469 0.0852325 0.0710754 0.0886704 0.0786465 0.0553345 0.0373146 0.0185414 0.00753245 0.00457741 0.012979 0.0271748 0.0457355 0.0583668 0.034881 0.0177882 0.00938659 0.00492506 0.0015258 0.00185414 0.000309023 5.79419e-05 3.86279e-05 0
 0 0.00173294 0.00326652 0 0.00397197 0.00683976 0.00946217 0.0152591 0.00757587 0.0136028 0.0228656 0.0392903 0.0559909 0.0764795 0.0681675 0.0726916 0.0566044 0.0477403 0.0527397 0.0444891 0.0609904 0.0582453 0.0661739 0.0445044 0.0529084 0.0360697 0.0280645 0.0235558 0.0158879 0.00826598 0.00280645 0.00217768 0.000904811 0.00058276 9.20147e-05 0
 0 0 0 0 0 0 0 0 0 0 0 0 0 0 0 0 0 0 0 0 0 0 0 0 0 0 0 0 0 0 0 0 0 0 0 0
ppred_pel_tallas
 1.02742e-16 2.00844e-05 0.000117839 0.000560067 0.00215615 0.00672361 0.0169836 0.034753 0.0576155 0.0774019 0.0842968 0.074518 0.0536965 0.0320528 0.0168943 0.00972717 0.00849277 0.01071 0.0148183 0.0200231 0.0257962 0.0315897 0.0367914 0.0408077 0.0431855 0.0437096 0.042442 0.0396861 0.0358965 0.0315641 0.0271171 0.0228633 0.0189792 0.0155343 0.0125316 0.00994432
 1.04076e-16 2.05422e-05 0.000120531 0.000572874 0.00220547 0.00687745 0.0173721 0.0355476 0.0589313 0.079165 0.086205 0.0761764 0.0548296 0.0326052 0.0169596 0.00941218 0.00783712 0.00968468 0.0133631 0.0180878 0.0233737 0.0287392 0.0336487 0.0375796 0.0401267 0.0410873 0.040494 0.0385852 0.0357264 0.0323131 0.028688 0.0250953 0.0216749 0.0184871 0.0155477 0.0128593
 1.05551e-16 1.45008e-05 8.50533e-05 0.000404191 0.00155597 0.00485197 0.0122561 0.0250805 0.0415849 0.055881 0.0608986 0.0539284 0.0390655 0.0237318 0.013264 0.00882608 0.00901133 0.0120907 0.0169574 0.0229926 0.0296918 0.0364653 0.0426335 0.0475332 0.0506557 0.0517548 0.0508891 0.0483804 0.0447103 0.040393 0.035867 0.0314357 0.0272619 0.023401 0.0198511 0.0165956
 1.06222e-16 1.97003e-05 0.000115593 0.000549412 0.00211515 0.00659581 0.0166607 0.0340915 0.0565164 0.0759179 0.0826611 0.0730257 0.0525205 0.0311499 0.0160539 0.00867815 0.00697573 0.00850193 0.011746 0.0159916 0.0208305 0.0258739 0.0306839 0.0348212 0.0379266 0.0397893 0.0403765 0.0398121 0.0383203 0.0361551 0.0335419 0.0306485 0.0275855 0.0244273 0.0212369 0.0180837
 1.04465e-16 2.41618e-05 0.000141786 0.000673939 0.00259462 0.008091 0.0204374 0.0418189 0.0693242 0.0931151 0.101366 0.0895031 0.0642681 0.0379091 0.0191506 0.00972258 0.00706531 0.00813377 0.0110421 0.0149042 0.0192461 0.0236548 0.0276889 0.0309237 0.0330352 0.033868 0.0334612 0.0320203 0.0298497 0.02727 0.0245489 0.0218647 0.0193055 0.016893 0.0146174 0.0124665
 1.04418e-16 1.65579e-05 9.71299e-05 0.000461603 0.00177702 0.0055413 0.0139973 0.0286432 0.0474902 0.0638112 0.0695267 0.0615355 0.0445031 0.0268888 0.014764 0.0094281 0.00924215 0.0122021 0.0170262 0.0230089 0.0296012 0.0361823 0.0420489 0.046525 0.0491056 0.049569 0.0480186 0.0448361 0.0405694 0.0357935 0.030993 0.0264941 0.0224578 0.0189148 0.015821 0.0131088
 1.03322e-16 2.84212e-05 0.0001668 0.000792875 0.00305258 0.00951915 0.0240447 0.049199 0.0815545 0.10953 0.119204 0.105178 0.0753581 0.0441182 0.0216727 0.00999749 0.00602238 0.00612326 0.0080774 0.0108941 0.0141326 0.0174805 0.0206222 0.0232501 0.0251179 0.0260889 0.0261563 0.0254273 0.0240826 0.0223236 0.0203289 0.0182311 0.0161144 0.0140283 0.0120056 0.0100762
 1.0207e-16 2.66921e-05 0.000156639 0.000744545 0.00286646 0.00893873 0.0225787 0.0462004 0.0765873 0.10287 0.111983 0.098872 0.0709835 0.0418453 0.0210906 0.0106226 0.00760168 0.00864817 0.0116593 0.0156337 0.0200254 0.0243581 0.0281322 0.0308792 0.0322589 0.0321371 0.0306143 0.0279896 0.0246791 0.021114 0.0176535 0.014535 0.011867 0.00965477 0.00784217 0.00635098
 1.01224e-16 3.24286e-05 0.000190327 0.000904725 0.00348323 0.0108621 0.0274369 0.0561398 0.0930587 0.124978 0.136006 0.119982 0.0859178 0.0502047 0.0244818 0.0109825 0.0061781 0.00590716 0.00761067 0.0101441 0.0130039 0.0158493 0.0183527 0.0202093 0.0211944 0.0212126 0.0203172 0.0186887 0.0165845 0.014276 0.0119936 0.00989512 0.00806084 0.00650764 0.00521343 0.00414023
 1.01304e-16 2.50694e-05 0.000147107 0.000699217 0.00269192 0.00839441 0.0212039 0.0433878 0.071927 0.0966169 0.105194 0.0929197 0.0668015 0.0395637 0.0202801 0.0107697 0.00839671 0.010007 0.0136229 0.0182681 0.0233553 0.0283298 0.032598 0.0356034 0.0369457 0.036474 0.0343212 0.030861 0.0266102 0.0221045 0.0177934 0.0139771 0.0107951 0.00825594 0.00628512 0.00477394
 1.03673e-16 1.09934e-05 6.4451e-05 0.000306221 0.00117872 0.0036755 0.00928456 0.0190014 0.0315122 0.0423659 0.0462234 0.0410602 0.0300204 0.0187885 0.0114913 0.00911002 0.0106777 0.0149532 0.0211024 0.0285641 0.0367508 0.0449096 0.0521635 0.0576624 0.0607657 0.0611842 0.0590351 0.0547874 0.0491264 0.0427832 0.0363878 0.0303827 0.0250083 0.02034 0.016351 0.0129709
 1.0892e-16 1.11333e-05 6.52938e-05 0.000310276 0.00119441 0.0037245 0.00940804 0.0192523 0.0319215 0.0428958 0.0467481 0.0413993 0.0299941 0.0182327 0.0102184 0.00685774 0.00709452 0.00963939 0.013698 0.0188673 0.0248425 0.0312509 0.0376285 0.0434788 0.0483587 0.0519522 0.0541077 0.0548278 0.0542261 0.0524717 0.0497436 0.046211 0.0420371 0.0373923 0.0324673 0.027471
 1.10039e-16 1.72453e-05 0.000101184 0.000480915 0.00185144 0.00577343 0.0145834 0.029841 0.0494702 0.0664538 0.072359 0.0639307 0.045993 0.0273065 0.0141264 0.00772651 0.00632627 0.00780054 0.0108449 0.0148532 0.0194902 0.0244372 0.029329 0.0337918 0.03751 0.0402813 0.0420395 0.0428341 0.0427834 0.0420191 0.0406454 0.038726 0.0362977 0.0333978 0.0300917 0.0264865
 1.07951e-16 1.69782e-05 9.96058e-05 0.000473393 0.00182244 0.00568298 0.0143551 0.0293745 0.0486999 0.0654278 0.071265 0.0630193 0.045457 0.0272278 0.0145232 0.00863554 0.00784656 0.0100802 0.0140334 0.0190415 0.024653 0.0303888 0.0357074 0.0400818 0.0431071 0.0445855 0.0445573 0.0432636 0.0410617 0.0383221 0.0353445 0.0323165 0.0293171 0.0263523 0.0234018 0.0204572
 1.05765e-16 2.09089e-05 0.000122687 0.000583134 0.00224499 0.00700069 0.0176834 0.0361842 0.0599854 0.0805773 0.0877332 0.0775037 0.0557347 0.0330427 0.0170026 0.00914351 0.00728495 0.00882095 0.0121337 0.016446 0.0213076 0.0262913 0.0309256 0.0347489 0.0374004 0.0386936 0.0386452 0.0374471 0.0353978 0.0328173 0.0299767 0.0270615 0.0241712 0.0213442 0.0185928 0.0159302
 1.04986e-16 1.84339e-05 0.000108149 0.000514002 0.00197879 0.00617052 0.0155866 0.0318945 0.0528776 0.0710401 0.0773768 0.0684208 0.0493467 0.029544 0.0157325 0.00931085 0.00840661 0.0107562 0.0149325 0.0201987 0.0260472 0.0319399 0.0372726 0.0414614 0.0440638 0.0448745 0.0439613 0.041626 0.0383106 0.034481 0.0305296 0.0267207 0.0231868 0.0199602 0.0170193 0.0143307
 1.05579e-16 1.74013e-05 0.000102088 0.000485191 0.00186786 0.00582462 0.0147128 0.0301066 0.0499137 0.0670588 0.073042 0.0645918 0.046594 0.0279145 0.0149 0.00887657 0.00808485 0.0103985 0.0144826 0.0196548 0.025448 0.0313626 0.0368297 0.0412896 0.0443046 0.0456484 0.0453426 0.0436244 0.0408646 0.0374651 0.0337733 0.0300349 0.0263909 0.0229042 0.0195986 0.01649
 1.05047e-16 2.2194e-05 0.000130233 0.000619013 0.00238314 0.0074315 0.0187716 0.0384105 0.0636751 0.0855303 0.0931172 0.0822389 0.0590938 0.0349417 0.0178094 0.00930314 0.00709081 0.00839295 0.0114886 0.0155638 0.0201692 0.0248955 0.0292956 0.0329314 0.0354585 0.0366959 0.0366537 0.0355079 0.0335364 0.0310399 0.0282764 0.0254265 0.0225926 0.019821 0.0171337 0.0145518
 1.03289e-16 2.6008e-05 0.000152626 0.000725471 0.00279303 0.00870974 0.0220003 0.0450166 0.0746243 0.100231 0.109106 0.0963204 0.0691266 0.040701 0.0204233 0.0101411 0.00708295 0.00795669 0.0107236 0.0144306 0.018581 0.0227552 0.0265124 0.0294324 0.0311996 0.0316706 0.0309007 0.0291146 0.0266385 0.0238153 0.0209331 0.0181857 0.0156688 0.0134029 0.0113673 0.00953071
 1.01989e-16 2.86396e-05 0.000168077 0.000798931 0.00307588 0.00959179 0.0242282 0.049575 0.0821793 0.110374 0.120135 0.10603 0.0760339 0.0446452 0.0221742 0.0106321 0.00694187 0.00745726 0.00992345 0.013299 0.0170666 0.0208151 0.0241235 0.0265955 0.0279387 0.0280291 0.0269357 0.0248926 0.0222328 0.0193052 0.0164043 0.0137293 0.011378 0.00936773 0.00766699 0.0062268
 1.01766e-16 2.6078e-05 0.000153032 0.000727395 0.00280043 0.00873279 0.0220585 0.0451362 0.0748237 0.100503 0.109411 0.0966128 0.0693865 0.0409541 0.0207347 0.0105967 0.00777551 0.00897629 0.0121464 0.0163009 0.0208893 0.0254199 0.029372 0.0322549 0.0337091 0.0335889 0.0319917 0.0292234 0.0257142 0.0219139 0.0182024 0.0148365 0.0119417 0.00953628 0.00757281 0.00597713
 1.02883e-16 1.8456e-05 0.000108274 0.000514585 0.00198101 0.00617746 0.0156041 0.0319309 0.0529393 0.0711271 0.0774826 0.0685406 0.04949 0.0297436 0.0160452 0.00981368 0.0091916 0.0119212 0.016566 0.0223568 0.0287282 0.0350615 0.0406617 0.0448622 0.0471654 0.0473545 0.0455352 0.0420912 0.0375748 0.0325706 0.0275774 0.0229401 0.0188379 0.0153162 0.012338 0.00983272
 1.04015e-16 2.23407e-05 0.000131093 0.0006231 0.00239887 0.00748056 0.0188955 0.0386642 0.0640958 0.0860959 0.0937342 0.082787 0.0594947 0.0351929 0.0179637 0.00942646 0.00723643 0.00859759 0.0117776 0.0159544 0.0206688 0.0254982 0.0299784 0.033653 0.0361606 0.0373077 0.0370993 0.035715 0.0334453 0.0306114 0.0274975 0.0243129 0.0211879 0.0181927 0.0153653 0.0127336
pSPR Fmed_Fpbrs
0.371377   0.256628 0.256628
Fs Fmed_Fpbrs
0.64   1.005 1.005
SSBpbr Bo_Bmed_Bpbrs
1.62318e+06  521654  335394 335394
Ro
38218.9
SPR SPRFo_SPRFmed_SPRFpbrs
787767 292559 202163
log_Ro
10.3711
likeval ReclasPelacesDesembMPH_pf_preclas_ppelaces_ptallas_desvR_qrecl_qpela
 196.25 179.147 0.0147525 165.36 332.452 190.287 47.6863 0 18.8088 0 0 0 0 0 0
q_reclas_q_pelaces
1 1
M
0.7
N
 42399.7 19770.7 7447.13 887.9 0.25108
 44627.8 18189 7326.89 2759.85 329.142
 21945.7 18944.1 6600.1 2658.66 1120.88
 23088.4 7747.82 4754.9 1656.6 948.653
 40935.1 10495.5 3224.05 1978.63 1084.11
 27034 19926.7 5008.28 1538.47 1461.49
 58137 10148.2 5654.57 1421.19 851.291
 74435.3 24105 3513.21 1957.56 786.711
 173933 27340.2 6548.75 954.456 745.552
 202935 70437 9029.07 2162.72 561.426
 70543.7 90561.9 28247.7 3620.97 1092.48
 41605.8 28830.3 30460.3 9501.05 1585.36
 44159.7 17343.8 10088.7 10659.1 3879.51
 25780 16907.6 5119.88 2978.18 4291.8
 19052.2 8212.51 3455.2 1046.29 1485.68
 12216.3 6474.06 1909.62 803.421 588.746
 9348.85 5026.12 2206.84 650.939 474.554
 11729.8 3786.42 1660.27 728.983 371.783
 18740.5 4898.33 1329.68 583.04 386.557
 37040.8 8008.74 1801.45 489.013 356.586
 59193.8 16425.7 3171.43 713.366 334.854
 52699.5 28190.1 7501.89 1448.45 478.74
 82470.1 24825.1 12597.2 3352.33 861.193
pred_Ctot
 4185.91 3668.67 1381.89 164.759 0.0465906
 4701.87 3586.53 1444.73 544.192 64.9008
 4652.23 7003.82 2440.13 982.934 414.402
 1411.8 912.072 559.746 195.015 111.675
 581.483 295.575 90.7961 55.7223 30.5308
 4822.05 6340.65 1593.63 489.537 465.043
 6972.89 2256.57 1257.36 316.017 189.294
 14180.3 8125.7 1184.29 659.885 265.197
 23351.4 6741.78 1614.85 235.358 183.844
 14881.9 9867.69 1264.9 302.98 78.6515
 9081.24 21490.4 6703.18 859.257 259.245
 4852.53 6247.35 6600.56 2058.82 343.537
 7381.85 5210.77 3031.05 3202.42 1165.56
 6817.6 7522.05 2277.79 1324.97 1909.39
 4420.94 3278.38 1379.29 417.672 593.073
 1523.01 1491.77 440.019 185.126 135.66
 1254.44 1238.77 543.911 160.434 116.961
 1355.29 813.406 356.663 156.602 79.8671
 1895.42 929.727 252.38 110.664 73.3704
 2869.16 1181.98 265.869 72.1716 52.6272
 1748.81 952.968 183.997 41.3873 19.4272
 1953.32 2042.27 543.483 104.935 34.6829
 3938.41 2301.72 1167.98 310.819 79.8476
F
 0.146326 0.292651 0.292651 0.292651 0.292651
 0.156865 0.31373 0.31373 0.31373 0.31373
 0.341158 0.682315 0.682315 0.682315 0.682315
 0.0883865 0.176773 0.176773 0.176773 0.176773
 0.0199265 0.0398531 0.0398531 0.0398531 0.0398531
 0.279799 0.559598 0.559598 0.559598 0.559598
 0.180383 0.360767 0.360767 0.360767 0.360767
 0.301572 0.603145 0.603145 0.603145 0.603145
 0.203954 0.407909 0.407909 0.407909 0.407909
 0.106854 0.213708 0.213708 0.213708 0.213708
 0.194804 0.389608 0.389608 0.389608 0.389608
 0.175006 0.350012 0.350012 0.350012 0.350012
 0.260051 0.520102 0.520102 0.520102 0.520102
 0.443941 0.887882 0.887882 0.887882 0.887882
 0.379378 0.758757 0.758757 0.758757 0.758757
 0.188121 0.376242 0.376242 0.376242 0.376242
 0.203833 0.407666 0.407666 0.407666 0.407666
 0.173241 0.346481 0.346481 0.346481 0.346481
 0.150153 0.300305 0.300305 0.300305 0.300305
 0.113175 0.226351 0.226351 0.226351 0.226351
 0.041845 0.0836901 0.0836901 0.0836901 0.0836901
 0.0527496 0.105499 0.105499 0.105499 0.105499
 0.0684311 0.136862 0.136862 0.136862 0.136862
Np
 29894.5 8981.58 6951.83 1954.23 1171.9
YTP_r0W_actual
 159116 289750 202925 70493.5 22761.3
YTP_p0W_proyectada
 71660.6 398420 162814 105509 44652.4
 71660.6 93566.9 105280 37795.1 25151.6
CTP_r0_actual
 24108.6 11973.1 6075.6 1616.82 415.352
CTP_p0_proyectada
 8739.1 18445.4 5185.17 2631.14 1003.42
 8739.1 4331.8 3352.86 942.521 565.205
Wmedp
 8.2 21.6 31.4 40.1 44.5
nmprior
 10.8 10.6 4.6 0
nm_flota  nm_reclas  nm_pelaces    nm_pelaL
inf 13.0914 7.40685 9.04893
cv_recla  cv_pelaces  cv_mph
1.1075 0.819634 1.11364
 ------------------------------------------------
Talla a la edad & desviaci?n 
 7.2 14.2025 17.0495 18.207 18.6776
 1.08 2.13037 2.55742 2.73105 2.80164
