years
 1997 1998 1999 2000 2001 2002 2003 2004 2005 2006 2007 2008 2009 2010 2011 2012 2013 2014 2015 2016 2017 2018 2019 2020
reclasobs
 0 0 0 370054 412103 1.49427e+06 250295 1.28982e+06 931140 785840 897777 1.04006e+06 184774 17550 25797 100020 73551 82996 120727 218422 84188 347160 605670 569463
reclaspred
 385185 107586 343428 248915 338341 386510 816040 602852 797614 750187 613477 425793 260453 126859 85154.7 69561.1 64117.9 85555.1 106895 174285 250969 257904 446182 472016
pelacesobs
 0 0 0 0 0 0 0 0 0 2.06254e+06 1.5e+06 0 1.87456e+06 323000 250000 174000 83755 137374 0 501740 490994 745055 786931 1.00524e+06
pelacespred
 1.27024e+06 329928 626981 698575 809942 781103 1.83447e+06 1.67682e+06 2.00574e+06 1.90157e+06 1.43393e+06 1.03247e+06 645676 281525 178460 150915 141896 183845 229425 367353 599473 587052 842764 1.06442e+06
mphobs
 0 0 0 0 0 0 112323 0 153150 637223 0 255016 313432 73983 77613 109348 50772 17779 17303 59886 28197 0 207744 136588
mphpred
 115841 72666.4 90972.6 116833 117389 170483 250853 286970 285905 337882 322998 240646 150246 123486 61394.6 45394.4 38724.7 42527.5 26231.4 35741.1 60644.3 73761.5 103142 141376
desembarqueobs
 350755 77701 442110 56441 14545 235359 269955 359681 431902 328805 639364 411747 362871 311530 167758 66681 60226 58785 57116 73181 50977 67692 138656 160484
desembarquepred
 350760 77700.5 442099 56441.8 14545.1 235411 269983 359670 431887 328811 639467 411892 363212 312201 167840 66714.5 60276.6 58788.1 57103.8 73177.9 50977.5 67682 138658 160486
Reclutas
 58807.5 77536.6 46839.3 73465.8 115446 77543.7 127243 158094 226904 189071 79387.2 41336.1 41241.7 21486 17459.4 16636.3 11924.8 19346.6 31490 48813.8 56749.6 102232 114669 105636
log_desv_Rt
 0.00571508 0.282196 -0.221831 0.228265 0.680252 0.282288 0.777547 0.994636 1.35597 1.17357 0.305783 -0.346818 -0.349105 -1.00115 -1.20868 -1.25697 -1.58994 -1.10604 -0.618883 -0.180541 -0.0299058 0.558686 0.673498 0.591445
SSB
 817565 512853 642052 824568 828488 1.20321e+06 1.72826e+06 2.007e+06 1.98211e+06 2.34495e+06 2.2796e+06 1.69839e+06 1.08355e+06 581943 296464 223055 198013 210180 272554 387011 627914 746375 1.06876e+06 1.40776e+06
BT
 2.56316e+06 721731 1.36583e+06 1.31057e+06 1.46127e+06 1.58556e+06 3.47096e+06 3.40785e+06 3.98423e+06 3.71833e+06 3.14437e+06 2.22952e+06 1.51773e+06 813900 468949 327622 306614 376969 459116 714987 1.11467e+06 1.11353e+06 1.60222e+06 2.04184e+06
Ftot
 0.353223 0.291168 0.416184 0.0790639 0.0164054 0.174209 0.114075 0.22162 0.211787 0.146167 0.289061 0.255729 0.389174 0.660778 0.606472 0.291874 0.299377 0.248751 0.193754 0.158787 0.07107 0.0916925 0.0956227 0.106258
BD_Bspro_t
 0.955884 0.787467 0.754505 0.647289 0.756365 0.855348 0.821334 0.827235 0.802738 0.796026 0.772462 0.65267 0.554121 0.447081 0.320395 0.313512 0.371841 0.47575 0.595006 0.716989 0.81129 0.866161 0.884468 0.879193
BD_Bspro
 0.679533 0.426267 0.533653 0.685354 0.688612 1.00007 1.43647 1.66816 1.64746 1.94905 1.89473 1.41165 0.90061 0.483692 0.246411 0.185396 0.164582 0.174695 0.226538 0.321671 0.521902 0.620363 0.888321 1.17009
BD_Bo
 0.318167 0.199584 0.249864 0.320893 0.322418 0.468247 0.672576 0.781055 0.771366 0.912571 0.88714 0.660955 0.421679 0.226472 0.115373 0.0868051 0.0770599 0.0817946 0.106068 0.150611 0.244362 0.290463 0.415925 0.547851
BD_Brms
 1.13433 0.711558 0.890815 1.14405 1.14949 1.6694 2.39787 2.78462 2.75007 3.2535 3.16283 2.35644 1.50337 0.807417 0.411329 0.309478 0.274734 0.291614 0.378155 0.536959 0.8712 1.03556 1.48286 1.9532
S_f
 0.20968 1 1 1 1
 0.20968 1 1 1 1
 0.20968 1 1 1 1
 0.20968 1 1 1 1
 0.20968 1 1 1 1
 0.20968 1 1 1 1
 0.20968 1 1 1 1
 0.20968 1 1 1 1
 0.20968 1 1 1 1
 0.20968 1 1 1 1
 0.20968 1 1 1 1
 0.20968 1 1 1 1
 0.20968 1 1 1 1
 0.20968 1 1 1 1
 0.20968 1 1 1 1
 0.20968 1 1 1 1
 0.20968 1 1 1 1
 0.20968 1 1 1 1
 0.20968 1 1 1 1
 0.20968 1 1 1 1
 0.20968 1 1 1 1
 0.20968 1 1 1 1
 0.20968 1 1 1 1
 0.20968 1 1 1 1
Scru_reclas
 1 1 1 1 1
 1 1 1 1 1
 1 1 1 1 1
 1 1 1 1 1
 1 1 1 1 1
 1 1 1 1 1
 1 1 1 1 1
 1 1 1 1 1
 1 1 1 1 1
 1 1 1 1 1
 1 1 1 1 1
 1 1 1 1 1
 1 1 1 1 1
 1 1 1 1 1
 1 1 1 1 1
 1 1 1 1 1
 1 1 1 1 1
 1 1 1 1 1
 1 1 1 1 1
 1 1 1 1 1
 1 1 1 1 1
 1 1 1 1 1
 1 1 1 1 1
 1 1 1 1 1
Scru_pelaces
 1 1 1 1 1
 1 1 1 1 1
 1 1 1 1 1
 1 1 1 1 1
 1 1 1 1 1
 1 1 1 1 1
 1 1 1 1 1
 1 1 1 1 1
 1 1 1 1 1
 1 1 1 1 1
 1 1 1 1 1
 1 1 1 1 1
 1 1 1 1 1
 1 1 1 1 1
 1 1 1 1 1
 1 1 1 1 1
 1 1 1 1 1
 1 1 1 1 1
 1 1 1 1 1
 1 1 1 1 1
 1 1 1 1 1
 1 1 1 1 1
 1 1 1 1 1
 1 1 1 1 1
pf_obs 
 0.256992 0.487395 0.22802 0.0275931 0
 0.321318 0.546541 0.124235 0.00734118 0.000564706
 0.182869 0.594174 0.210203 0.0122559 0.00049798
 0.330522 0.361315 0.267642 0.0388342 0.00168674
 0.649043 0.306663 0.0425973 0.00169635 0
 0.582887 0.30429 0.105238 0.00758474 0
 0.465427 0.430635 0.0974691 0.00646863 0
 0.296916 0.608066 0.0921331 0.00288517 0
 0.311714 0.524322 0.152257 0.0117073 0
 0.15457 0.633149 0.183074 0.0267441 0.00246327
 0.131901 0.49318 0.331252 0.0422183 0.00144891
 0.196976 0.569456 0.194076 0.0375587 0.00193317
 0.518974 0.381816 0.0799577 0.0180837 0.00116848
 0.0928022 0.601141 0.25162 0.0475244 0.00691264
 0.122501 0.610282 0.24278 0.0234846 0.000952079
 0.383417 0.481906 0.127806 0.00687128 0
 0.0376549 0.599619 0.316969 0.0457579 0
 0.0361596 0.667082 0.258105 0.0386534 0
 0.158088 0.579412 0.248529 0.0139706 0
 0.0477256 0.309471 0.559284 0.082774 0.000745712
 0.0406174 0.521527 0.379366 0.0568643 0.0016247
 0.151134 0.462217 0.34131 0.0453401 0
 0.294876 0.26143 0.354403 0.0886775 0.000613685
 0.281977 0.475581 0.204845 0.0348837 0.00271318
pf_pred 
 0.348705 0.458151 0.172581 0.020554 9.64572e-06
 0.331591 0.501226 0.117604 0.0443001 0.00527854
 0.185189 0.594522 0.16519 0.0387589 0.0163397
 0.296434 0.399116 0.22214 0.0617224 0.0205873
 0.314263 0.463181 0.126251 0.0702687 0.0260367
 0.172006 0.569369 0.174688 0.0476152 0.0363214
 0.278799 0.372979 0.239455 0.0734669 0.0353005
 0.2766 0.477323 0.127262 0.0817033 0.037112
 0.31321 0.458964 0.150327 0.0400797 0.0374194
 0.214298 0.554068 0.154795 0.0507008 0.0261382
 0.104896 0.52035 0.264272 0.073832 0.0366496
 0.0901942 0.353999 0.323107 0.164097 0.0686026
 0.149296 0.294892 0.216263 0.19739 0.142159
 0.128779 0.435491 0.151044 0.11077 0.173917
 0.190392 0.396377 0.206559 0.0716418 0.13503
 0.231625 0.459306 0.151318 0.0788542 0.0788975
 0.181122 0.508752 0.185381 0.0610736 0.0636705
 0.302772 0.381436 0.196195 0.0714904 0.0481063
 0.350817 0.453446 0.107083 0.0550792 0.0335752
 0.346824 0.481791 0.11971 0.0282701 0.0234049
 0.275512 0.529661 0.143707 0.0357067 0.0154134
 0.341861 0.428962 0.167548 0.0454589 0.0161709
 0.264518 0.530058 0.133891 0.0522964 0.0192364
 0.208934 0.507503 0.204362 0.0516212 0.0275792
pobs_RECLAS
 0 0 0 0 0
 0 0 0 0 0
 0 0 0 0 0
 0 0 0 0 0
 0.835266 0.146461 0.0176864 0.000547809 3.91292e-05
 0.385257 0.428462 0.181853 0.0044286 0
 0.867414 0.0963971 0.0333333 0.00285562 0
 0.441836 0.489002 0.0689373 0.000224442 0
 0.779404 0.147425 0.0564933 0.0165055 0.000172143
 0.814271 0.122319 0.05973 0.00367925 0
 0.40263 0.566651 0.0304383 0.000280538 0
 0.475488 0.404961 0.113038 0.00651328 0
 0.955842 0.0263864 0.0167828 0.000988607 0
 0.975058 0.0227948 0.00214734 0 0
 0.738997 0.206755 0.0527124 0.00153531 0
 0.850938 0.134255 0.0134407 0.00136685 0
 0.542534 0.407297 0.0501686 0 0
 0.764087 0.199537 0.0359546 0.000420521 0
 0.470689 0.182191 0.310203 0.0369168 0
 0.84361 0.089868 0.0606195 0.00523954 0.000663233
 0.607945 0.314616 0.071237 0.00620181 0
 0.523733 0.453247 0.0230204 0 0
 0.530135 0.295979 0.169645 0.0042399 0
 0.562478 0.366248 0.0663022 0.0049721 0
ppred_RECLAS
 0.7228 0.194995 0.0734526 0.00874808 4.10535e-06
 0.706358 0.220196 0.0516652 0.0194617 0.00231894
 0.526546 0.345453 0.0959853 0.0225213 0.00949435
 0.668564 0.188016 0.104646 0.0290763 0.00969831
 0.686255 0.211919 0.0577634 0.03215 0.0119126
 0.49996 0.343852 0.105497 0.0287556 0.0219351
 0.649642 0.181192 0.116327 0.03569 0.0171489
 0.648582 0.231877 0.0618222 0.0396903 0.0180285
 0.687496 0.208838 0.0684019 0.0182371 0.0170266
 0.567209 0.305199 0.0852662 0.0279277 0.0143978
 0.36231 0.370708 0.188273 0.0525994 0.0261099
 0.324126 0.262978 0.240029 0.121904 0.0509633
 0.461493 0.186671 0.136897 0.124951 0.0899887
 0.424885 0.287479 0.0997078 0.0731218 0.114807
 0.539044 0.22568 0.117606 0.0407897 0.0768804
 0.593788 0.242818 0.0799962 0.0416873 0.0417102
 0.517632 0.299685 0.109201 0.035976 0.0375057
 0.67739 0.176492 0.0907802 0.0330789 0.022259
 0.722528 0.193811 0.0457693 0.0235418 0.0143506
 0.71857 0.207586 0.0515788 0.0121806 0.0100843
 0.645378 0.259258 0.0703415 0.0174777 0.00754454
 0.713343 0.186837 0.0729766 0.0197999 0.00704331
 0.632809 0.264633 0.0668455 0.0261092 0.00960382
 0.558754 0.283078 0.11399 0.0287936 0.0153833
pobs_PELACES
 0 0 0 0 0
 0 0 0 0 0
 0 0 0 0 0
 0 0 0 0 0
 0 0 0 0 0
 0 0 0 0 0
 0 0 0 0 0
 0 0 0 0 0
 0 0 0 0 0
 0 0 0 0 0
 0.450072 0.473896 0.0757376 0.000293798 0
 0 0 0 0 0
 0.463077 0.371075 0.160297 0.00555027 0
 0.529543 0.364841 0.0842815 0.0213345 0
 0.631943 0.363953 0.00410389 0 0
 0.735681 0.248677 0.0153453 0.000297389 0
 0.695825 0.281241 0.0229344 0 0
 0.275771 0.60734 0.115278 0.00161068 0
 0 0 0 0 0
 0.896147 0.0623911 0.0374545 0.00400742 0
 0.803859 0.145111 0.0509908 3.86294e-05 0
 0.739449 0.233085 0.0266225 0.000797448 4.60066e-05
 0.878498 0.100942 0.0204185 0.000141795 0
 0.694673 0.275183 0.0284847 0.00165964 0
ppred_PELACES
 0.740874 0.182281 0.0686634 0.00817769 3.83767e-06
 0.721858 0.208573 0.0489379 0.0184344 0.00219653
 0.553502 0.325785 0.0905206 0.0212391 0.00895381
 0.673117 0.185433 0.103208 0.0286768 0.00956507
 0.687176 0.211297 0.0575939 0.0320557 0.0118776
 0.511317 0.336043 0.103101 0.0281026 0.0214369
 0.656384 0.177706 0.114088 0.0350033 0.0168189
 0.661641 0.22326 0.059525 0.0382154 0.0173586
 0.699238 0.200991 0.0658317 0.0175518 0.0163868
 0.576542 0.298617 0.0834275 0.0273255 0.0140873
 0.379903 0.360481 0.183079 0.0511483 0.0253896
 0.338905 0.257228 0.23478 0.119238 0.0498489
 0.486794 0.1779 0.130465 0.11908 0.0857607
 0.467441 0.266206 0.0923297 0.067711 0.106312
 0.578024 0.206596 0.10766 0.0373404 0.0703791
 0.61201 0.231926 0.0764077 0.0398173 0.0398392
 0.537091 0.287596 0.104795 0.0345247 0.0359927
 0.691401 0.168827 0.0868375 0.0316422 0.0212922
 0.732544 0.186815 0.0441171 0.022692 0.0138326
 0.726868 0.201465 0.0500579 0.0118214 0.00978696
 0.649609 0.256165 0.0695023 0.0172692 0.00745453
 0.718208 0.183666 0.071738 0.0194639 0.00692378
 0.638584 0.260471 0.0657941 0.0256985 0.00945276
 0.565575 0.278702 0.112228 0.0283485 0.0151455
pobs_pel_tallas
 0 0 0 0 0 0 0 0 0 0 0 0 0 0 0 0 0 0 0 0 0 0 0 0 0 0 0 0 0 0 0 0 0 0 0 0
 0 0 0 0 0 0 0 0 0 0 0 0 0 0 0 0 0 0 0 0 0 0 0 0 0 0 0 0 0 0 0 0 0 0 0 0
 0 0 0 0 0 0 0 0 0 0 0 0 0 0 0 0 0 0 0 0 0 0 0 0 0 0 0 0 0 0 0 0 0 0 0 0
 0 0 0 0 0 0 0 0 0 0 0 0 0 0 0 0 0 0 0 0 0 0 0 0 0 0 0 0 0 0 0 0 0 0 0 0
 0 0 0 0 0 0 0 0 0 0 0 0 0 0 0 0 0 0 0 0 0 0 0 0 0 0 0 0 0 0 0 0 0 0 0 0
 0 0 0 0 0 0 0 0 0 0 0 0 0 0 0 0 0 0 0 0 0 0 0 0 0 0 0 0 0 0 0 0 0 0 0 0
 0 0 0 0 0 0 0 0 0 0 0 0 0 0 0 0 0 0 0 0 0 0 0 0 0 0 0 0 0 0 0 0 0 0 0 0
 0 0 0 0 0 0 0 0 0 0 0 0 0 0 0 0 0 0 0 0 0 0 0 0 0 0 0 0 0 0 0 0 0 0 0 0
 0 0 0 0 0 0 0 0 0 0 0 0 0 0 0 0 0 0 0 0 0 0 0 0 0 0 0 0 0 0 0 0 0 0 0 0
 0 0 0 0 0 0 0 0 0 0 0 0 0 0 0 0 0 0 0 0 0 0 0 0 0 0 0 0 0 0 0 0 0 0 0 0
 0 0 0 0 0 0 0 0 1.78061e-05 0.00172719 0.00360574 0.0105946 0.0120993 0.0124554 0.0147524 0.0171206 0.0266825 0.0428682 0.0675386 0.121331 0.153587 0.119568 0.100827 0.0573624 0.0630603 0.0341343 0.0324427 0.0444173 0.0211091 0.0280891 0.0125444 0.00206551 0 0 0 0
 0 0 0 0 0 0 0 0 0 0 0 0 0 0 0 0 0 0 0 0 0 0 0 0 0 0 0 0 0 0 0 0 0 0 0 0
 0 0 0 0 0 0 0.0133647 0.0140871 0.0187388 0.0205184 0.03894 0.0496705 0.03968 0.0493445 0.0407372 0.0367815 0.0215668 0.0243155 0.0234873 0.0199281 0.019796 0.0243948 0.0301388 0.0376714 0.0412746 0.0863199 0.0771752 0.113111 0.0741005 0.0525337 0.0229764 0.00759418 0.00175318 0 0 0
 0 0 0 0 0 0 0 0 0 0 0.00219441 0.00772107 0.0458388 0.0604681 0.0671733 0.0775358 0.0609151 0.0617685 0.073594 0.0568108 0.0755445 0.0548602 0.0670107 0.0636378 0.0643287 0.046367 0.0373049 0.0286899 0.0247887 0.0153202 0.00654259 0.00121912 0.000365735 0 0 0
 0 0 0 0 0 0 0 0 0 0 0 0 0.000112435 0.00938835 0.0111873 0.0202946 0.0414886 0.0713402 0.111592 0.104902 0.108894 0.110636 0.117776 0.105296 0.107544 0.0401394 0.0192827 0.0124803 0.00416011 0.0028671 0.000618394 0 0 0 0 0
 0 0 0 0 0 0 0 0 0 0 0.00291406 0.0102884 0.027416 0.0768956 0.0749926 0.110853 0.0956884 0.0897413 0.0766577 0.0534642 0.0500743 0.0551293 0.0594112 0.0620874 0.0668451 0.0424026 0.0208742 0.0120726 0.0048766 0.00582813 0.00118941 0.000297354 0 0 0 0
 0 0.00264628 0.0354308 0.0461629 0.0458689 0.0383711 0.0214643 0.0164657 0.0346957 0.0420465 0.0363128 0.0245516 0.0311673 0.0291091 0.0169068 0.0133784 0.00837989 0.0085269 0.0148486 0.0160247 0.0276389 0.0546898 0.0760071 0.122758 0.109233 0.0665981 0.0333725 0.0166128 0.00676272 0.00308733 0.000882094 0 0 0 0 0
 0 0 0 0 0 0 0 0.000805153 0.000690131 0.00759144 0.0133425 0.0154129 0.00931677 0.000345066 0.00356568 0.00563607 0.00851162 0.0253048 0.0502646 0.0516448 0.0657925 0.0565908 0.0611916 0.0827007 0.0866115 0.110766 0.145733 0.0935128 0.0569358 0.0249597 0.0138026 0.00621118 0.00161031 0.00115022 0 0
 0 0 0 0 0 0 0 0 0 0 0 0 0 0 0 0 0 0 0 0 0 0 0 0 0 0 0 0 0 0 0 0 0 0 0 0
 0.00147267 0.00158595 0.00478618 0.00569244 0.00954404 0.0108468 0.00647125 0.017049 0.0510054 0.094081 0.124002 0.0959785 0.0687766 0.0820023 0.061753 0.0591476 0.0492212 0.0479892 0.0443925 0.0268479 0.0217502 0.0140895 0.0121071 0.0120363 0.00920419 0.00665534 0.0049561 0.00860946 0.00930331 0.0156896 0.0114698 0.00855282 0.00243557 0.00046729 0 2.83206e-05
 0 0 0 0 0.000772559 0.00158375 0.000888443 0.00281984 0.00712685 0.0440552 0.0773331 0.111326 0.0921469 0.0852325 0.0710754 0.0886704 0.0786465 0.0553345 0.0373146 0.0185414 0.00753245 0.00457741 0.012979 0.0271748 0.0457355 0.0583668 0.034881 0.0177882 0.00938659 0.00492506 0.0015258 0.00185414 0.000309023 5.79419e-05 3.86279e-05 0
 0 0.00173294 0.00326652 0 0.00397197 0.00683976 0.00946217 0.0152591 0.00757587 0.0136028 0.0228656 0.0392903 0.0559909 0.0764795 0.0681675 0.0726916 0.0566044 0.0477403 0.0527397 0.0444891 0.0609904 0.0582453 0.0661739 0.0445044 0.0529084 0.0360697 0.0280645 0.0235558 0.0158879 0.00826598 0.00280645 0.00217768 0.000904811 0.00058276 9.20147e-05 0
 0 0 0 0 0 0 0 0 0 0 0 0 0 0 0 0 0 0 0 0 0 0 0 0 0 0 0 0 0 0 0 0 0 0 0 0
 0 0 0 0 0 0 0 0 0 0 0 0 0 0 0 0 0 0 0 0 0 0 0 0 0 0 0 0 0 0 0 0 0 0 0 0
ppred_pel_tallas
 1.01316e-16 3.23257e-05 0.000189725 0.000901863 0.00347222 0.0108278 0.0273501 0.0559621 0.0927638 0.12458 0.135571 0.119591 0.0856238 0.0500039 0.0243304 0.0108254 0.00596827 0.00561036 0.00720529 0.00962316 0.0123798 0.0151578 0.0176535 0.0195806 0.0207215 0.020973 0.0203647 0.0190423 0.0172239 0.015145 0.0130112 0.01097 0.00910627 0.00745331 0.00601254 0.00477113
 1.01499e-16 3.14976e-05 0.00018486 0.000878733 0.00338315 0.01055 0.0266486 0.0545269 0.0903856 0.121389 0.132106 0.116551 0.083483 0.0488266 0.0238931 0.0108601 0.00630866 0.00620327 0.00806034 0.0107631 0.013809 0.016846 0.0195301 0.0215401 0.0226383 0.022723 0.0218475 0.020199 0.0180445 0.015665 0.0132987 0.0111079 0.00917443 0.00751541 0.00610912 0.00491909
 1.0254e-16 2.41613e-05 0.000141779 0.000673894 0.00259443 0.00809039 0.0204359 0.0418162 0.0693211 0.0931148 0.101376 0.0895369 0.0643463 0.0380634 0.0194277 0.0101868 0.00779729 0.00922261 0.0125698 0.0169235 0.0217561 0.0265795 0.0308676 0.0341182 0.0359555 0.0362127 0.0349641 0.032491 0.0292007 0.0255246 0.0218303 0.0183719 0.0152814 0.0125935 0.0102839 0.00830594
 1.02958e-16 2.93714e-05 0.00017238 0.000819402 0.00315472 0.00983768 0.0248492 0.0508451 0.0842826 0.113193 0.123185 0.10868 0.0778449 0.0455283 0.0222799 0.010133 0.00590566 0.0058454 0.0076522 0.0103063 0.0133646 0.0165246 0.0194855 0.0219552 0.0236998 0.02459 0.0246194 0.023891 0.0225774 0.0208719 0.0189464 0.016929 0.0149024 0.0129152 0.0109996 0.00918398
 1.02543e-16 2.99854e-05 0.000175982 0.000836524 0.00322064 0.0100432 0.0253685 0.0519077 0.0860444 0.11556 0.125766 0.110966 0.0795021 0.0465372 0.022846 0.0105094 0.00628163 0.0063294 0.00829434 0.0111147 0.0143077 0.0175274 0.0204311 0.0226952 0.0240766 0.024464 0.0238982 0.0225497 0.0206668 0.0185107 0.0163012 0.0141863 0.0122395 0.0104778 0.00888739 0.00744668
 1.03541e-16 2.23222e-05 0.000130981 0.000622558 0.00239677 0.007474 0.018879 0.0386307 0.0640414 0.0860264 0.093668 0.0827507 0.0595169 0.0353024 0.0181958 0.00982985 0.00787415 0.00953926 0.0130835 0.0176541 0.0227393 0.0278474 0.0324408 0.036003 0.0381433 0.0386821 0.0376829 0.0354187 0.0322896 0.0287197 0.0250697 0.0215877 0.018403 0.0155519 0.0130172 0.0107648
 1.03667e-16 2.86414e-05 0.000168095 0.000799033 0.0030763 0.00959312 0.0242315 0.0495811 0.0821873 0.110379 0.120123 0.105978 0.0759087 0.0443948 0.0217238 0.00987918 0.00576005 0.00571032 0.00749242 0.0101192 0.0131676 0.0163524 0.0193884 0.0219952 0.0239438 0.0250987 0.0254376 0.0250379 0.0240421 0.022613 0.0208974 0.0190068 0.0170171 0.0149808 0.0129419 0.0109464
 1.03042e-16 2.88724e-05 0.000169447 0.000805452 0.003101 0.00967014 0.0244261 0.0499796 0.0828489 0.111271 0.121102 0.106863 0.0765885 0.044884 0.0221322 0.0103462 0.00641094 0.00664322 0.00877489 0.0117782 0.0151731 0.0186028 0.0217081 0.0241487 0.0256686 0.0261499 0.025634 0.0242979 0.0223989 0.020207 0.0179475 0.0157704 0.0137481 0.0118952 0.0101961 0.00862991
 1.02369e-16 3.0511e-05 0.000179069 0.0008512 0.00327715 0.0102195 0.0258136 0.0528183 0.0875535 0.117586 0.127967 0.1129 0.0808709 0.0473041 0.0231588 0.0105461 0.00615754 0.00608872 0.00793989 0.0106366 0.0137 0.0167964 0.0195979 0.0217942 0.0231505 0.0235561 0.0230449 0.0217745 0.0199778 0.0179025 0.0157591 0.0136927 0.0117795 0.0100422 0.00847391 0.00705894
 1.02879e-16 2.51648e-05 0.000147673 0.000701922 0.00270235 0.00842696 0.021286 0.0435554 0.072203 0.0969821 0.105577 0.0932236 0.066945 0.0394985 0.019972 0.0101675 0.00741802 0.00854824 0.0115861 0.0155956 0.0200654 0.0245439 0.0285504 0.031626 0.0334263 0.0337966 0.0328001 0.0306873 0.0278222 0.0245889 0.0213135 0.018219 0.0154197 0.012944 0.0107712 0.0088635
 1.05661e-16 1.65931e-05 9.73436e-05 0.000462635 0.00178102 0.00555379 0.0140287 0.0287069 0.0475937 0.0639437 0.0696535 0.0616063 0.0444645 0.026687 0.0143336 0.00867875 0.00805595 0.0104481 0.0145894 0.0198298 0.0257164 0.0317561 0.037382 0.0420317 0.0452589 0.0468225 0.0467249 0.0451813 0.0425419 0.0391929 0.0354739 0.0316326 0.0278212 0.0241212 0.0205788 0.0172325
 1.09843e-16 1.48013e-05 8.68332e-05 0.000412689 0.00158874 0.00495423 0.0125142 0.0256073 0.0424533 0.0570329 0.062114 0.0549103 0.039572 0.0236326 0.0124827 0.00724435 0.00642257 0.00822508 0.0115551 0.0158977 0.0209476 0.0263869 0.0318352 0.0368891 0.0411916 0.0444905 0.0466661 0.0477192 0.0477309 0.0468149 0.0450811 0.0426235 0.0395298 0.0359011 0.0318696 0.0276017
 1.10009e-16 2.12463e-05 0.00012468 0.000592634 0.00228161 0.00711492 0.0179718 0.0367733 0.0609585 0.0818736 0.0891159 0.078657 0.0564158 0.0331495 0.0165137 0.00801328 0.00538759 0.00596524 0.00812091 0.0111433 0.0147203 0.0186199 0.0225905 0.0263698 0.0297263 0.0324953 0.0345938 0.0360084 0.0367653 0.0368979 0.0364251 0.0353493 0.0336728 0.0314197 0.0286558 0.0254952
 1.08692e-16 2.0406e-05 0.000119738 0.000569123 0.00219106 0.00683252 0.0172586 0.0353147 0.0585432 0.0786376 0.0856148 0.0756172 0.054345 0.0321525 0.0164231 0.00863817 0.00665967 0.00793956 0.0109041 0.0148147 0.0192683 0.0239 0.0283102 0.0321072 0.0349838 0.0367775 0.0374926 0.0372725 0.0363386 0.0349169 0.0331815 0.0312301 0.0290928 0.0267635 0.0242362 0.0215327
 1.06168e-16 2.52256e-05 0.000148039 0.000703679 0.00270915 0.00844819 0.0213395 0.0436642 0.0723808 0.0972132 0.105808 0.0933793 0.0669515 0.0392912 0.0194789 0.00928683 0.00601078 0.00645283 0.00865188 0.0117286 0.0152773 0.0189917 0.0225535 0.0256488 0.0280248 0.0295369 0.0301683 0.0300121 0.0292274 0.0279858 0.02643 0.0246537 0.0227063 0.0206131 0.018398 0.0161006
 1.0439e-16 2.67086e-05 0.000156743 0.000745054 0.00286845 0.00894494 0.0225943 0.0462317 0.0766371 0.10293 0.112032 0.0988762 0.0709007 0.0416244 0.020663 0.00989309 0.00644904 0.00693804 0.00927038 0.0124941 0.0161516 0.0198873 0.0233343 0.0261408 0.0280369 0.02889 0.0287264 0.0277079 0.0260761 0.0240851 0.0219457 0.0197963 0.0177032 0.0156822 0.0137268 0.0118329
 1.0445e-16 2.34441e-05 0.000137572 0.000653903 0.00251747 0.00785042 0.0198297 0.0405756 0.0672637 0.0903491 0.0983593 0.0868589 0.0623924 0.0368491 0.0187012 0.00963612 0.00717959 0.00838464 0.0114246 0.0154356 0.019945 0.0245304 0.0287359 0.0321205 0.0343448 0.0352421 0.0348455 0.0333607 0.0310976 0.0283862 0.0255063 0.0226491 0.0199153 0.0173378 0.0149161 0.0126442
 1.0337e-16 3.0168e-05 0.000177058 0.000841646 0.00324037 0.0101048 0.0255239 0.0522254 0.0865699 0.116263 0.126521 0.11161 0.0799146 0.0466811 0.022736 0.0101575 0.0056663 0.00539971 0.0069932 0.00940671 0.0122042 0.0151047 0.0178365 0.0201369 0.0217968 0.0227008 0.022844 0.0223179 0.0212744 0.0198805 0.0182812 0.0165801 0.0148397 0.0130941 0.0113663 0.0096807
 1.02114e-16 3.19626e-05 0.000187593 0.000891726 0.00343319 0.0107061 0.0270427 0.0553331 0.0917213 0.123181 0.13405 0.118252 0.0846713 0.0494606 0.02409 0.0107585 0.00598662 0.00567286 0.00729818 0.00974183 0.0125193 0.0153104 0.0178088 0.0197293 0.0208596 0.0211064 0.0205126 0.0192368 0.0175063 0.0155591 0.0135939 0.0117428 0.0100692 0.00858304 0.00726489 0.00608767
 1.0164e-16 3.17158e-05 0.000186142 0.000884827 0.00340662 0.0106232 0.0268334 0.054905 0.0910122 0.12223 0.133019 0.117351 0.084046 0.0491349 0.0240049 0.0108449 0.00620902 0.00603127 0.00781114 0.0104282 0.0133846 0.0163382 0.0189566 0.0209297 0.0220276 0.0221506 0.0213489 0.0198008 0.0177616 0.0155001 0.0132436 0.011147 0.00928794 0.00768256 0.00631021 0.00513682
 1.02012e-16 2.83492e-05 0.000166372 0.000790826 0.00304467 0.00949448 0.0239824 0.0490721 0.0813457 0.109255 0.118917 0.104956 0.075266 0.044199 0.0219617 0.010546 0.00690819 0.00744096 0.00991485 0.0133014 0.0170903 0.0208754 0.0242391 0.0267862 0.0282219 0.0284159 0.0274275 0.0254791 0.0228916 0.0200046 0.0171072 0.0143983 0.0119808 0.00988068 0.00807749 0.00653328
 1.02071e-16 3.13375e-05 0.000183923 0.000874279 0.00336601 0.0104966 0.0265136 0.0542504 0.0899267 0.120771 0.131428 0.115941 0.0830212 0.0485059 0.0236427 0.0105904 0.00594122 0.00567841 0.0073373 0.0098241 0.0126678 0.0155561 0.0181871 0.0202742 0.0215978 0.0220497 0.0216521 0.02054 0.0189189 0.0170101 0.0150052 0.0130403 0.0111923 0.00949223 0.00794504 0.00654678
 1.02344e-16 2.78686e-05 0.00016355 0.00077741 0.00299302 0.00933339 0.0235755 0.0482396 0.079966 0.107403 0.116903 0.103183 0.074006 0.0434814 0.0216466 0.010464 0.00694537 0.00754805 0.0100813 0.0135316 0.0173911 0.0212502 0.0246866 0.0273005 0.0287939 0.0290358 0.0280869 0.0261722 0.0236152 0.0207566 0.0178843 0.0151941 0.0127843 0.0106763 0.00884647 0.00725622
 1.03366e-16 2.46859e-05 0.000144863 0.000688565 0.00265093 0.00826662 0.020881 0.0427265 0.0708286 0.0951352 0.103564 0.0914403 0.0656519 0.0387108 0.0195289 0.00987111 0.00711983 0.00816221 0.0110712 0.0149429 0.0192966 0.0237146 0.0277495 0.0309683 0.0330368 0.0337888 0.0332545 0.0316349 0.0292366 0.0263908 0.0233841 0.0204201 0.0176142 0.0150141 0.0126292 0.010457
pSPR Fmed_Fpbrs
0.438721   0.330489 0.330489
Fs Fmed_Fpbrs
0.64   1.005 1.005
SSBpbr Bo_Bmed_Bpbrs
2.56961e+06  998860  720746 720746
Ro
58472.4
SPR SPRFo_SPRFmed_SPRFpbrs
1.20313e+06 527837 397620
log_Ro
10.7963
likeval ReclasPelacesDesembMPH_pf_preclas_ppelaces_ptallas_desvR_qrecl_qpela
 96.4205 41.3794 0.0349657 30.1308 321.925 194.123 49.747 0 21.1046 9.92213e-05 0 0 0 0 0
q_reclas_q_pelaces
0.243774 1
M
0.7
N
 58807.5 18241.4 6871.33 818.363 0.384046
 77536.6 27118.2 6362.81 2396.8 285.589
 46839.3 36223.1 10064.7 2361.51 995.55
 73465.8 21316 11864.1 3296.47 1099.53
 115446 35882.2 9780.53 5443.65 2017.04
 77543.7 57132.1 17528.6 4777.84 3644.59
 127243 37125.9 23835.1 7312.81 3513.77
 158094 61693.7 16448.6 10560.1 4796.71
 226904 74942.5 24546.3 6544.46 6110.07
 189071 107783 30112.3 9862.84 5084.66
 79387.2 91056.1 46244.9 12919.9 6413.32
 41336.1 37104.1 33866.1 17199.7 7190.52
 41241.7 19455.2 14267.7 13022.6 9378.81
 21486 18875.2 6546.57 4801.01 7537.95
 17459.4 9289.19 4840.75 1678.94 3164.46
 16636.3 7634.77 2515.27 1310.75 1311.47
 11924.8 7770.9 2831.59 932.865 972.53
 19346.6 5561.36 2860.54 1042.33 701.393
 31490 9119.01 2153.49 1107.67 675.213
 48813.8 15014.9 3730.74 881.032 729.408
 56749.6 23446.4 6361.45 1580.62 682.304
 102232 27764.2 10844.4 2942.29 1046.64
 114669 49800 12579.3 4913.35 1807.29
 105636 55812.7 22474.7 5677.05 3033.03
pred_Ctot
 3032.08 3983.75 1500.64 178.723 0.0838722
 3314.2 5009.67 1175.43 442.772 52.7581
 2829.17 9082.6 2523.63 592.126 249.624
 869.5 1170.68 651.58 181.044 60.3867
 285.162 420.289 114.56 63.7617 23.6257
 2004.52 6635.29 2035.77 554.896 423.28
 2165.84 2897.47 1860.19 570.724 274.23
 5176.36 8932.75 2381.62 1529.02 694.524
 7106.15 10413 3410.63 909.333 848.975
 4111.42 10630.1 2969.83 972.723 501.475
 3369.39 16714.2 8488.7 2371.56 1177.23
 1556.86 6110.43 5577.19 2832.51 1184.16
 2335.14 4612.4 3382.56 3087.37 2223.51
 2015.26 6814.95 2363.66 1733.42 2721.61
 1510.4 3144.49 1638.65 568.341 1071.21
 712.772 1413.41 465.645 242.656 242.789
 523.683 1470.96 535.996 176.583 184.092
 709.233 893.503 459.581 167.464 112.688
 903.725 1168.1 275.853 141.887 86.4917
 1151.78 1600 397.551 93.8834 77.7263
 604.194 1161.54 315.147 78.3042 33.8014
 1401.58 1758.68 686.924 186.375 66.2983
 1638.89 3284.11 829.556 324.016 119.184
 1676.06 4071.18 1639.39 414.104 221.24
F
 0.0740637 0.353223 0.353223 0.353223 0.353223
 0.0610521 0.291168 0.291168 0.291168 0.291168
 0.0872655 0.416184 0.416184 0.416184 0.416184
 0.0165781 0.0790639 0.0790639 0.0790639 0.0790639
 0.00343988 0.0164054 0.0164054 0.0164054 0.0164054
 0.0365281 0.174209 0.174209 0.174209 0.174209
 0.0239192 0.114075 0.114075 0.114075 0.114075
 0.0464693 0.22162 0.22162 0.22162 0.22162
 0.0444076 0.211787 0.211787 0.211787 0.211787
 0.0306483 0.146167 0.146167 0.146167 0.146167
 0.0606102 0.289061 0.289061 0.289061 0.289061
 0.0536212 0.255729 0.255729 0.255729 0.255729
 0.0816019 0.389174 0.389174 0.389174 0.389174
 0.138552 0.660778 0.660778 0.660778 0.660778
 0.127165 0.606472 0.606472 0.606472 0.606472
 0.0612001 0.291874 0.291874 0.291874 0.291874
 0.0627733 0.299377 0.299377 0.299377 0.299377
 0.0521582 0.248751 0.248751 0.248751 0.248751
 0.0406263 0.193754 0.193754 0.193754 0.193754
 0.0332946 0.158787 0.158787 0.158787 0.158787
 0.014902 0.07107 0.07107 0.07107 0.07107
 0.0192261 0.0916925 0.0916925 0.0916925 0.0916925
 0.0200502 0.0956227 0.0956227 0.0956227 0.0956227
 0.0222803 0.106258 0.106258 0.106258 0.106258
Np
 37242.4 14980 9325.18 4530.1 2155.77
YTP_r0W_actual
 116888 511449 298087 98569.1 64364.3
YTP_p0W_proyectada
 42239.5 534440 377420 194089 78699.3
 42239.5 156057 141222 87612.8 46267.7
CTP_r0_actual
 14611 26918.4 10839.5 2738.03 1462.82
CTP_p0_proyectada
 5151.16 24742.6 12019.7 4840.13 1768.52
 5151.16 7224.85 4497.52 2184.86 1039.72
Wmedp
 8.2 21.6 31.4 40.1 44.5
nmprior
 10.8 10.6 4.6 0
nm_flota  nm_reclas  nm_pelaces    nm_pelaL
inf 12.1117 14.3186 24.3826
cv_recla  cv_pelaces  cv_mph
0.757583 0.378466 0.46577
 ------------------------------------------------
Talla a la edad & desviaci?n 
 7.2 14.2025 17.0495 18.207 18.6776
 1.08 2.13037 2.55742 2.73105 2.80164
