    unsorted:	 2.126319772e-06 5.280208063e-05 0.007993184834 23.63726757 9.591628975 17.56915194 45.16134493 51.84648339 68.66927812 66.25481762 78.86681914 127.1148422 185.8291868 226.8319830 281.1075876 304.0628169 370.4798278 586.2183918 692.5254017 775.5615682 844.2940421 909.1742787 959.4229061 1049.624472 1270.681872 1244.996245 1295.472963 1426.206792 1493.946030 1636.528884 1822.415607 1805.192779 2058.438595 2200.363935 2526.741119 2505.841599 2954.951083 3292.848986 3709.853468 4056.923465 4164.341254 4751.144287 5300.330528 6242.772399 409302.0261 414944.6611 379666.6842 333778.9212 343997.1932 446816.9009 277448.9071 181818.4132 494536.1917 539587.8058 562339.3040 678802.3980 717856.3834 771333.3137 812563.7697 972992.8793 1111690.032 1221960.078 1368835.058 1494693.229 1666351.343 1775085.951 1927534.788 2488022.709 2398504.485 2696879.753 2664296.463 34457794.70
      sorted:	 2.126319772e-06 5.280208063e-05 0.007993184834 9.591628975 17.56915194 23.63726757 45.16134493 51.84648339 66.25481762 68.66927812 78.86681914 127.1148422 185.8291868 226.8319830 281.1075876 304.0628169 370.4798278 586.2183918 692.5254017 775.5615682 844.2940421 909.1742787 959.4229061 1049.624472 1244.996245 1270.681872 1295.472963 1426.206792 1493.946030 1636.528884 1805.192779 1822.415607 2058.438595 2200.363935 2505.841599 2526.741119 2954.951083 3292.848986 3709.853468 4056.923465 4164.341254 4751.144287 5300.330528 6242.772399 181818.4132 277448.9071 333778.9212 343997.1932 379666.6842 409302.0261 414944.6611 446816.9009 494536.1917 539587.8058 562339.3040 678802.3980 717856.3834 771333.3137 812563.7697 972992.8793 1111690.032 1221960.078 1368835.058 1494693.229 1666351.343 1775085.951 1927534.788 2398504.485 2488022.709 2664296.463 2696879.753 34457794.70
