years
 1997 1998 1999 2000 2001 2002 2003 2004 2005 2006 2007 2008 2009 2010 2011 2012 2013 2014 2015 2016 2017 2018 2019 2020 2021 2022 2023
reclasobs
 0 0 0 370054 412103 1.49427e+06 250295 1.28982e+06 931140 785840 897777 1.04006e+06 184774 17550 25797 100020 73551 82996 120727 218422 84188 347160 605670 569463 516374 1.08416e+06 1.01767e+06
reclaspred
 587560 151459 386180 237320 347966 413097 824292 602809 750810 850085 762518 550074 323369 118695 76789.3 77197.7 64877.1 74690.6 104518 164639 245575 256789 467565 553416 718808 653193 589458
pelacesobs
 0 0 0 0 0 0 0 0 0 2.06254e+06 1.5e+06 0 1.87456e+06 323000 250000 174000 83755 137374 0 501740 490994 745055 786931 1.00524e+06 1.33801e+06 1.41789e+06 0
pelacespred
 2.59196e+06 473686 766343 703364 962043 711771 2.39832e+06 1.81233e+06 2.3424e+06 2.42972e+06 1.73599e+06 1.3214e+06 831345 263387 201699 166870 138712 191933 247754 374639 659777 595946 864455 1.26562e+06 1.40343e+06 1.37964e+06 1.30305e+06
mphobs
 0 0 0 0 0 0 112323 0 153150 637223 0 255016 313432 73983 77613 109348 50772 17779 17303 59886 28197 0 207744 136588 643089 65757 70829
mphpred
 199159 109165 120172 106227 111151 173290 225666 294784 284672 346398 358166 251017 156855 129250 54824.5 51627.8 39744.1 38980.5 24579.6 35103 56220 70629.7 96864.2 136273 172600 158439 141817
desembarqueobs
 350755 77701 442110 56441 14545 235359 269955 359681 431902 328805 639364 411747 362871 311530 167758 66681 60226 58785 57116 73181 50977 67692 138656 160484 209506 203330 245020
desembarquepred
 350759 77697.9 442073 56445.6 14545.5 235529 270070 359565 431866 328818 639090 411605 362999 312163 167528 66694.2 60287.3 58731.1 57054.3 73173.9 50985.5 67660.6 138679 160509 209511 203315 244990
Reclutas
 35422 43244.2 19505.3 24915 43088.8 27192.8 64386.2 68455.2 100493 107257 65559 50567.5 45599.6 25841.4 16368.8 9882.71 5695.76 9369.53 14277.1 15983.2 20810.8 35444.5 42297.8 60508.2 24280.7 37120.7 62639.7
log_desv_Rt
 0.110784 0.310314 -0.485866 -0.241079 0.306713 -0.153597 0.708349 0.769629 1.15354 1.21868 0.726401 0.466759 0.363349 -0.204572 -0.661172 -1.16576 -1.71683 -1.21909 -0.797896 -0.685015 -0.421077 0.111419 0.288184 0.646228 -0.266868 0.157626 0.680849
SSB
 419034 229685 252844 223503 233862 364605 459031 611081 581682 711637 753586 528143 343859 169434 76317.7 71061.2 59322.5 54909.8 77007.1 116543 173834 212179 300381 400577 563327 536657 447892
BT
 1.48807e+06 357004 593379 390427 462665 523737 1.31175e+06 1.24637e+06 1.48798e+06 1.44955e+06 1.37859e+06 989477 733198 404595 227544 132386 114973 137276 162270 231448 351241 343383 499414 729440 821354 826483 819931
Ftot
 1.1675 1.06334 1.84433 0.426393 0.0811256 0.871156 0.639796 1.18691 1.23005 0.769263 1.37876 1.22372 1.91941 4.07587 4.44019 1.58757 1.62229 1.6351 1.13169 0.850054 0.389262 0.471138 0.499248 0.526741 0.454503 0.473949 0.730811
BD_Bspro_t
 0.900622 0.622133 0.538451 0.340007 0.473741 0.638641 0.553498 0.58956 0.539508 0.540264 0.518568 0.364248 0.274133 0.173545 0.0974207 0.11004 0.127562 0.162368 0.260372 0.403604 0.527572 0.637938 0.679883 0.676271 0.690126 0.615207 0.56951
BD_Bspro
 0.639852 0.350722 0.386085 0.341283 0.3571 0.556741 0.700926 0.933102 0.888211 1.08665 1.1507 0.806458 0.525063 0.258721 0.116535 0.108508 0.0905836 0.0838456 0.117587 0.177958 0.265439 0.323992 0.458673 0.611669 0.860183 0.819458 0.683917
BD_Bo
 0.610805 0.3348 0.368558 0.32579 0.340889 0.531467 0.669107 0.890743 0.84789 1.03732 1.09847 0.769848 0.501227 0.246976 0.111245 0.103582 0.0864715 0.0800394 0.112249 0.169879 0.253389 0.309284 0.437851 0.583902 0.821134 0.782258 0.65287
BD_Brms
 1.59587 0.874743 0.962944 0.851201 0.890653 1.38858 1.7482 2.32727 2.21531 2.71024 2.87 2.01141 1.30957 0.645283 0.290652 0.270633 0.225927 0.209121 0.293278 0.443849 0.662039 0.808075 1.14399 1.52558 2.1454 2.04383 1.70578
S_f
 0.080949 0.625958 0.969509 0.998347 0.999913
 0.080949 0.625958 0.969509 0.998347 0.999913
 0.080949 0.625958 0.969509 0.998347 0.999913
 0.080949 0.625958 0.969509 0.998347 0.999913
 0.080949 0.625958 0.969509 0.998347 0.999913
 0.080949 0.625958 0.969509 0.998347 0.999913
 0.080949 0.625958 0.969509 0.998347 0.999913
 0.080949 0.625958 0.969509 0.998347 0.999913
 0.080949 0.625958 0.969509 0.998347 0.999913
 0.080949 0.625958 0.969509 0.998347 0.999913
 0.080949 0.625958 0.969509 0.998347 0.999913
 0.080949 0.625958 0.969509 0.998347 0.999913
 0.080949 0.625958 0.969509 0.998347 0.999913
 0.080949 0.625958 0.969509 0.998347 0.999913
 0.080949 0.625958 0.969509 0.998347 0.999913
 0.080949 0.625958 0.969509 0.998347 0.999913
 0.080949 0.625958 0.969509 0.998347 0.999913
 0.080949 0.625958 0.969509 0.998347 0.999913
 0.080949 0.625958 0.969509 0.998347 0.999913
 0.080949 0.625958 0.969509 0.998347 0.999913
 0.080949 0.625958 0.969509 0.998347 0.999913
 0.080949 0.625958 0.969509 0.998347 0.999913
 0.080949 0.625958 0.969509 0.998347 0.999913
 0.080949 0.625958 0.969509 0.998347 0.999913
 0.080949 0.625958 0.969509 0.998347 0.999913
 0.080949 0.625958 0.969509 0.998347 0.999913
 0.080949 0.625958 0.969509 0.998347 0.999913
Scru_reclas
 0.387192 0.760753 0.941186 0.987735 0.997539
 0.387192 0.760753 0.941186 0.987735 0.997539
 0.387192 0.760753 0.941186 0.987735 0.997539
 0.387192 0.760753 0.941186 0.987735 0.997539
 0.387192 0.760753 0.941186 0.987735 0.997539
 0.387192 0.760753 0.941186 0.987735 0.997539
 0.387192 0.760753 0.941186 0.987735 0.997539
 0.387192 0.760753 0.941186 0.987735 0.997539
 0.387192 0.760753 0.941186 0.987735 0.997539
 0.387192 0.760753 0.941186 0.987735 0.997539
 0.387192 0.760753 0.941186 0.987735 0.997539
 0.387192 0.760753 0.941186 0.987735 0.997539
 0.387192 0.760753 0.941186 0.987735 0.997539
 0.387192 0.760753 0.941186 0.987735 0.997539
 0.387192 0.760753 0.941186 0.987735 0.997539
 0.387192 0.760753 0.941186 0.987735 0.997539
 0.387192 0.760753 0.941186 0.987735 0.997539
 0.387192 0.760753 0.941186 0.987735 0.997539
 0.387192 0.760753 0.941186 0.987735 0.997539
 0.387192 0.760753 0.941186 0.987735 0.997539
 0.387192 0.760753 0.941186 0.987735 0.997539
 0.387192 0.760753 0.941186 0.987735 0.997539
 0.387192 0.760753 0.941186 0.987735 0.997539
 0.387192 0.760753 0.941186 0.987735 0.997539
 0.387192 0.760753 0.941186 0.987735 0.997539
 0.387192 0.760753 0.941186 0.987735 0.997539
 0.387192 0.760753 0.941186 0.987735 0.997539
Scru_pelaces
 1 1 1 1 1
 1 1 1 1 1
 1 1 1 1 1
 1 1 1 1 1
 1 1 1 1 1
 1 1 1 1 1
 1 1 1 1 1
 1 1 1 1 1
 1 1 1 1 1
 1 1 1 1 1
 1 1 1 1 1
 1 1 1 1 1
 1 1 1 1 1
 1 1 1 1 1
 1 1 1 1 1
 1 1 1 1 1
 1 1 1 1 1
 1 1 1 1 1
 1 1 1 1 1
 1 1 1 1 1
 1 1 1 1 1
 1 1 1 1 1
 1 1 1 1 1
 1 1 1 1 1
 1 1 1 1 1
 1 1 1 1 1
 1 1 1 1 1
pf_obs 
 0.256992 0.487395 0.22802 0.0275931 0
 0.321318 0.546541 0.124235 0.00734118 0.000564706
 0.182869 0.594174 0.210203 0.0122559 0.00049798
 0.330522 0.361315 0.267642 0.0388342 0.00168674
 0.649043 0.306663 0.0425973 0.00169635 0
 0.582887 0.30429 0.105238 0.00758474 0
 0.465427 0.430635 0.0974691 0.00646863 0
 0.296916 0.608066 0.0921331 0.00288517 0
 0.311714 0.524322 0.152257 0.0117073 0
 0.15457 0.633149 0.183074 0.0267441 0.00246327
 0.131901 0.49318 0.331252 0.0422183 0.00144891
 0.196976 0.569456 0.194076 0.0375587 0.00193317
 0.518974 0.381816 0.0799577 0.0180837 0.00116848
 0.0928022 0.601141 0.25162 0.0475244 0.00691264
 0.122501 0.610282 0.24278 0.0234846 0.000952079
 0.383417 0.481906 0.127806 0.00687128 0
 0.0376549 0.599619 0.316969 0.0457579 0
 0.0361596 0.667082 0.258105 0.0386534 0
 0.158088 0.579412 0.248529 0.0139706 0
 0.0477256 0.309471 0.559284 0.082774 0.000745712
 0.0406174 0.521527 0.379366 0.0568643 0.0016247
 0.151134 0.462217 0.34131 0.0453401 0
 0.294876 0.26143 0.354403 0.0886775 0.000613685
 0.281977 0.475581 0.204845 0.0348837 0.00271318
 0.0841818 0.532909 0.334909 0.0458182 0.00218182
 0.115287 0.27431 0.454777 0.147771 0.00785563
 0 0 0 0 0
pf_pred 
 0.281907 0.487958 0.205464 0.0246582 1.34332e-05
 0.260861 0.587905 0.122005 0.0262339 0.00299619
 0.127776 0.673696 0.175268 0.0189378 0.00432242
 0.209837 0.491663 0.264927 0.029861 0.00371206
 0.234026 0.492327 0.199937 0.0656758 0.00803423
 0.11874 0.58871 0.215503 0.0567421 0.0203057
 0.290263 0.378403 0.260907 0.0524798 0.0179468
 0.229441 0.604034 0.111013 0.0440815 0.0114305
 0.290539 0.525311 0.161873 0.0151015 0.00717502
 0.22548 0.615704 0.135082 0.0209926 0.00274207
 0.139596 0.608508 0.220334 0.0270124 0.00454905
 0.157795 0.535318 0.255914 0.0448874 0.00608512
 0.209062 0.536706 0.197887 0.0473839 0.00896028
 0.227859 0.625992 0.122345 0.0188018 0.00500111
 0.317019 0.624094 0.0560365 0.00243232 0.000417988
 0.229736 0.722921 0.0464713 0.0008344 3.7149e-05
 0.15533 0.640729 0.198004 0.00583436 0.000103093
 0.323082 0.46446 0.185657 0.0260646 0.000735876
 0.331673 0.568512 0.0827423 0.0150302 0.00204251
 0.239382 0.6173 0.131502 0.00987593 0.00193921
 0.218828 0.549804 0.2051 0.0241872 0.0020803
 0.25108 0.491347 0.205011 0.0467757 0.00578572
 0.204132 0.562787 0.177551 0.044523 0.0110073
 0.220902 0.503764 0.221115 0.0416627 0.0125561
 0.0757221 0.624333 0.226819 0.0591559 0.01397
 0.144765 0.313743 0.420636 0.0921911 0.0286653
 0.24251 0.449026 0.15226 0.122327 0.0338771
pobs_RECLAS
 0 0 0 0 0
 0 0 0 0 0
 0 0 0 0 0
 0 0 0 0 0
 0.835266 0.146461 0.0176864 0.000547809 3.91292e-05
 0.385257 0.428462 0.181853 0.0044286 0
 0.867414 0.0963971 0.0333333 0.00285562 0
 0.441836 0.489002 0.0689373 0.000224442 0
 0.779404 0.147425 0.0564933 0.0165055 0.000172143
 0.814271 0.122319 0.05973 0.00367925 0
 0.40263 0.566651 0.0304383 0.000280538 0
 0.475488 0.404961 0.113038 0.00651328 0
 0.955842 0.0263864 0.0167828 0.000988607 0
 0.975058 0.0227948 0.00214734 0 0
 0.738997 0.206755 0.0527124 0.00153531 0
 0.850938 0.134255 0.0134407 0.00136685 0
 0.542534 0.407297 0.0501686 0 0
 0.764087 0.199537 0.0359546 0.000420521 0
 0.470689 0.182191 0.310203 0.0369168 0
 0.84361 0.089868 0.0606195 0.00523954 0.000663233
 0.607945 0.314616 0.071237 0.00620181 0
 0.523733 0.453247 0.0230204 0 0
 0.530135 0.295979 0.169645 0.0042399 0
 0.562478 0.366248 0.0663022 0.0049721 0
 0.250443 0.683176 0.0655157 0.000865301 0
 0.195077 0.31981 0.436473 0.0351445 0.0134964
 0.565238 0.351407 0.0832357 0.000118908 0
ppred_RECLAS
 0.63947 0.265467 0.0847438 0.0103142 5.6643e-06
 0.605545 0.329545 0.0522063 0.011392 0.00131164
 0.407315 0.489061 0.0913723 0.00996049 0.00229111
 0.535658 0.313752 0.133369 0.0153031 0.0019181
 0.564764 0.301081 0.0974953 0.0326337 0.00402542
 0.373347 0.452255 0.127857 0.0342019 0.0123395
 0.64756 0.208885 0.112581 0.0230326 0.00794143
 0.567252 0.357696 0.049773 0.0200411 0.00523864
 0.64671 0.279249 0.0649552 0.006143 0.00294214
 0.553772 0.371594 0.0633147 0.0100018 0.00131716
 0.425699 0.438521 0.118562 0.0147195 0.00249866
 0.462467 0.37485 0.135331 0.0240639 0.00328847
 0.562604 0.326773 0.0859259 0.0207437 0.00395302
 0.646131 0.313639 0.0337571 0.00510579 0.00136682
 0.742654 0.245257 0.0115142 0.000489591 8.46536e-05
 0.565886 0.414189 0.0195537 0.00035497 1.59288e-05
 0.458735 0.438927 0.099327 0.00295828 5.26852e-05
 0.692167 0.230576 0.0674194 0.00956599 0.000272203
 0.68157 0.280857 0.0310647 0.00572408 0.000784157
 0.573323 0.361659 0.0595719 0.00454579 0.000899897
 0.543861 0.342152 0.100831 0.0121064 0.00104989
 0.591533 0.288793 0.0948895 0.0220362 0.00274822
 0.523093 0.359314 0.089165 0.0227554 0.00567229
 0.551861 0.313151 0.10799 0.0207059 0.0062918
 0.260312 0.535859 0.153407 0.0407255 0.00969713
 0.438877 0.237263 0.250469 0.0558738 0.0175168
 0.587548 0.267898 0.0706905 0.0577412 0.0161221
pobs_PELACES
 0 0 0 0 0
 0 0 0 0 0
 0 0 0 0 0
 0 0 0 0 0
 0 0 0 0 0
 0 0 0 0 0
 0 0 0 0 0
 0 0 0 0 0
 0 0 0 0 0
 0 0 0 0 0
 0.450072 0.473896 0.0757376 0.000293798 0
 0 0 0 0 0
 0.463077 0.371075 0.160297 0.00555027 0
 0.529543 0.364841 0.0842815 0.0213345 0
 0.631943 0.363953 0.00410389 0 0
 0.735681 0.248677 0.0153453 0.000297389 0
 0.695825 0.281241 0.0229344 0 0
 0.275771 0.60734 0.115278 0.00161068 0
 0 0 0 0 0
 0.896147 0.0623911 0.0374545 0.00400742 0
 0.803859 0.145111 0.0509908 3.86294e-05 0
 0.739449 0.233085 0.0266225 0.000797448 4.60066e-05
 0.878498 0.100942 0.0204185 0.000141795 0
 0.694673 0.275183 0.0284847 0.00165964 0
 0.469039 0.446079 0.0841089 0.000773354 0
 0.822795 0.102175 0.0682046 0.00682512 0
 0 0 0 0 0
ppred_PELACES
 0.823434 0.141029 0.031878 0.00365619 1.98696e-06
 0.793217 0.181463 0.0205972 0.0042396 0.000483072
 0.667086 0.292576 0.0358467 0.00365871 0.000832509
 0.725921 0.200432 0.0656157 0.00714506 0.00088657
 0.734457 0.196395 0.0509335 0.0162325 0.00198254
 0.597486 0.314946 0.0652007 0.0164821 0.00588538
 0.818983 0.119843 0.0485552 0.00940817 0.00321091
 0.771068 0.199896 0.0196523 0.0074554 0.00192847
 0.827307 0.145731 0.0238331 0.00212274 0.00100604
 0.745561 0.221726 0.0279863 0.00418192 0.000545095
 0.668428 0.273484 0.0511175 0.00596833 0.00100246
 0.698758 0.231315 0.0587569 0.00984022 0.00133067
 0.796996 0.166824 0.0285232 0.00644263 0.00121447
 0.887832 0.10538 0.00577539 0.000800695 0.000211793
 0.928122 0.0701946 0.00161014 6.25384e-05 1.06825e-05
 0.775749 0.217205 0.00692313 0.000117961 5.23702e-06
 0.70389 0.256037 0.0389646 0.00108886 1.91853e-05
 0.866137 0.109435 0.0214876 0.0028603 8.05226e-05
 0.842308 0.144123 0.0113335 0.00196861 0.000266878
 0.762352 0.210059 0.0253979 0.00183184 0.000358915
 0.727267 0.217122 0.0494858 0.00564065 0.00048426
 0.769234 0.17561 0.0442132 0.00973996 0.00120248
 0.715085 0.228528 0.0433159 0.0104836 0.00258691
 0.741843 0.194884 0.0511727 0.00930267 0.00279821
 0.445692 0.430302 0.094571 0.0238197 0.00561464
 0.660659 0.166927 0.134985 0.0285637 0.00886472
 0.779519 0.158618 0.0311408 0.0240696 0.00665198
pobs_pel_tallas
 0 0 0 0 0 0 0 0 0 0 0 0 0 0 0 0 0 0 0 0 0 0 0 0 0 0 0 0 0 0 0 0 0 0 0 0
 0 0 0 0 0 0 0 0 0 0 0 0 0 0 0 0 0 0 0 0 0 0 0 0 0 0 0 0 0 0 0 0 0 0 0 0
 0 0 0 0 0 0 0 0 0 0 0 0 0 0 0 0 0 0 0 0 0 0 0 0 0 0 0 0 0 0 0 0 0 0 0 0
 0 0 0 0 0 0 0 0 0 0 0 0 0 0 0 0 0 0 0 0 0 0 0 0 0 0 0 0 0 0 0 0 0 0 0 0
 0 0 0 0 0 0 0 0 0 0 0 0 0 0 0 0 0 0 0 0 0 0 0 0 0 0 0 0 0 0 0 0 0 0 0 0
 0 0 0 0 0 0 0 0 0 0 0 0 0 0 0 0 0 0 0 0 0 0 0 0 0 0 0 0 0 0 0 0 0 0 0 0
 0 0 0 0 0 0 0 0 0 0 0 0 0 0 0 0 0 0 0 0 0 0 0 0 0 0 0 0 0 0 0 0 0 0 0 0
 0 0 0 0 0 0 0 0 0 0 0 0 0 0 0 0 0 0 0 0 0 0 0 0 0 0 0 0 0 0 0 0 0 0 0 0
 0 0 0 0 0 0 0 0 0 0 0 0 0 0 0 0 0 0 0 0 0 0 0 0 0 0 0 0 0 0 0 0 0 0 0 0
 0 0 0 0 0 0 0 0 0 0 0 0 0 0 0 0 0 0 0 0 0 0 0 0 0 0 0 0 0 0 0 0 0 0 0 0
 0 0 0 0 0 0 0 0 1.78061e-05 0.00172719 0.00360574 0.0105946 0.0120993 0.0124554 0.0147524 0.0171206 0.0266825 0.0428682 0.0675386 0.121331 0.153587 0.119568 0.100827 0.0573624 0.0630603 0.0341343 0.0324427 0.0444173 0.0211091 0.0280891 0.0125444 0.00206551 0 0 0 0
 0 0 0 0 0 0 0 0 0 0 0 0 0 0 0 0 0 0 0 0 0 0 0 0 0 0 0 0 0 0 0 0 0 0 0 0
 0 0 0 0 0 0 0.0133647 0.0140871 0.0187388 0.0205184 0.03894 0.0496705 0.03968 0.0493445 0.0407372 0.0367815 0.0215668 0.0243155 0.0234873 0.0199281 0.019796 0.0243948 0.0301388 0.0376714 0.0412746 0.0863199 0.0771752 0.113111 0.0741005 0.0525337 0.0229764 0.00759418 0.00175318 0 0 0
 0 0 0 0 0 0 0 0 0 0 0.00219441 0.00772107 0.0458388 0.0604681 0.0671733 0.0775358 0.0609151 0.0617685 0.073594 0.0568108 0.0755445 0.0548602 0.0670107 0.0636378 0.0643287 0.046367 0.0373049 0.0286899 0.0247887 0.0153202 0.00654259 0.00121912 0.000365735 0 0 0
 0 0 0 0 0 0 0 0 0 0 0 0 0.000112435 0.00938835 0.0111873 0.0202946 0.0414886 0.0713402 0.111592 0.104902 0.108894 0.110636 0.117776 0.105296 0.107544 0.0401394 0.0192827 0.0124803 0.00416011 0.0028671 0.000618394 0 0 0 0 0
 0 0 0 0 0 0 0 0 0 0 0.00291406 0.0102884 0.027416 0.0768956 0.0749926 0.110853 0.0956884 0.0897413 0.0766577 0.0534642 0.0500743 0.0551293 0.0594112 0.0620874 0.0668451 0.0424026 0.0208742 0.0120726 0.0048766 0.00582813 0.00118941 0.000297354 0 0 0 0
 0 0.00264628 0.0354308 0.0461629 0.0458689 0.0383711 0.0214643 0.0164657 0.0346957 0.0420465 0.0363128 0.0245516 0.0311673 0.0291091 0.0169068 0.0133784 0.00837989 0.0085269 0.0148486 0.0160247 0.0276389 0.0546898 0.0760071 0.122758 0.109233 0.0665981 0.0333725 0.0166128 0.00676272 0.00308733 0.000882094 0 0 0 0 0
 0 0 0 0 0 0 0 0.000805153 0.000690131 0.00759144 0.0133425 0.0154129 0.00931677 0.000345066 0.00356568 0.00563607 0.00851162 0.0253048 0.0502646 0.0516448 0.0657925 0.0565908 0.0611916 0.0827007 0.0866115 0.110766 0.145733 0.0935128 0.0569358 0.0249597 0.0138026 0.00621118 0.00161031 0.00115022 0 0
 0 0 0 0 0 0 0 0 0 0 0 0 0 0 0 0 0 0 0 0 0 0 0 0 0 0 0 0 0 0 0 0 0 0 0 0
 0.00147267 0.00158595 0.00478618 0.00569244 0.00954404 0.0108468 0.00647125 0.017049 0.0510054 0.094081 0.124002 0.0959785 0.0687766 0.0820023 0.061753 0.0591476 0.0492212 0.0479892 0.0443925 0.0268479 0.0217502 0.0140895 0.0121071 0.0120363 0.00920419 0.00665534 0.0049561 0.00860946 0.00930331 0.0156896 0.0114698 0.00855282 0.00243557 0.00046729 0 2.83206e-05
 0 0 0 0 0.000772559 0.00158375 0.000888443 0.00281984 0.00712685 0.0440552 0.0773331 0.111326 0.0921469 0.0852325 0.0710754 0.0886704 0.0786465 0.0553345 0.0373146 0.0185414 0.00753245 0.00457741 0.012979 0.0271748 0.0457355 0.0583668 0.034881 0.0177882 0.00938659 0.00492506 0.0015258 0.00185414 0.000309023 5.79419e-05 3.86279e-05 0
 0 0.00173294 0.00326652 0 0.00397197 0.00683976 0.00946217 0.0152591 0.00757587 0.0136028 0.0228656 0.0392903 0.0559909 0.0764795 0.0681675 0.0726916 0.0566044 0.0477403 0.0527397 0.0444891 0.0609904 0.0582453 0.0661739 0.0445044 0.0529084 0.0360697 0.0280645 0.0235558 0.0158879 0.00826598 0.00280645 0.00217768 0.000904811 0.00058276 9.20147e-05 0
 0 0 0 0 0 0 0 0 0 0 0 0 0 0 0 0 0 0 0 0 0 0 0 0 0 0 0 0 0 0 0 0 0 0 0 0
 0 0 0 0 0 0 0 0 0 0 0 0 0 0 0 0 0 0 0 0 0 0 0 0 0 0 0 0 0 0 0 0 0 0 0 0
 0 0 0 0 0 0 0 0 0 0 0 0 0 0 0 0 0 0 0 0 0 0 0 0 0 0 0 0 0 0 0 0 0 0 0 0
 0 0 0 0 0 0 0 0 0 0 0 0 0 0 0 0 0 0 0 0 0 0 0 0 0 0 0 0 0 0 0 0 0 0 0 0
 0 0 0 0 0 0 0 0 0 0 0 0 0 0 0 0 0 0 0 0 0 0 0 0 0 0 0 0 0 0 0 0 0 0 0 0
ppred_pel_tallas
 1.00625e-16 3.5924e-05 0.000210854 0.00100232 0.00385902 0.012034 0.030397 0.0621958 0.103095 0.138449 0.150648 0.132852 0.0950355 0.0553327 0.0266091 0.011303 0.00546876 0.00446926 0.00546448 0.00721443 0.0092281 0.0112299 0.0129788 0.0142557 0.0149003 0.014846 0.0141338 0.0128967 0.0113237 0.00961384 0.00793673 0.00640917 0.00509078 0.00399413 0.00310202 0.00238424
 1.0052e-16 3.4608e-05 0.000203124 0.000965566 0.00371749 0.0115927 0.0292821 0.0599151 0.0993158 0.133378 0.14514 0.12802 0.0916334 0.0534618 0.0259147 0.0113597 0.00601378 0.00542084 0.00684226 0.00906084 0.0115583 0.0140047 0.0160944 0.0175494 0.0181713 0.0178871 0.0167655 0.0149962 0.0128398 0.0105667 0.00840304 0.00649997 0.00492728 0.00368793 0.00274256 0.00203387
 1.00769e-16 2.91127e-05 0.000170851 0.000812114 0.00312662 0.00975003 0.024628 0.0503932 0.0835363 0.112199 0.122128 0.107802 0.0773365 0.0454729 0.0227008 0.0110738 0.00747179 0.00818957 0.0109261 0.0145994 0.0186451 0.0225951 0.0259679 0.0283162 0.0293194 0.0288585 0.0270438 0.0241802 0.0206881 0.0170041 0.0134943 0.0104042 0.00784872 0.00583461 0.00430003 0.00315347
 1.01284e-16 3.16745e-05 0.000185899 0.000883674 0.00340218 0.0106094 0.0267984 0.0548334 0.0908936 0.122071 0.132845 0.117199 0.0839373 0.0490724 0.0239767 0.0108369 0.00621208 0.00604317 0.00783443 0.0104685 0.01345 0.0164374 0.0190979 0.0211186 0.022264 0.0224269 0.0216484 0.020098 0.0180249 0.0156956 0.013341 0.0111242 0.00913543 0.00740484 0.00592531 0.00467317
 1.01438e-16 3.20465e-05 0.000188084 0.00089406 0.00344217 0.0107341 0.0271135 0.0554779 0.0919617 0.123504 0.134404 0.118569 0.0849095 0.0496217 0.0242092 0.0108806 0.00615059 0.00590881 0.00762837 0.0101798 0.0130666 0.0159519 0.0185107 0.0204395 0.0215127 0.0216317 0.0208433 0.0193202 0.0173104 0.0150762 0.0128408 0.0107578 0.00890629 0.00730572 0.00593949 0.00477705
 1.0187e-16 2.60787e-05 0.000153037 0.000727419 0.00280052 0.00873308 0.0220593 0.0451376 0.074826 0.100505 0.109413 0.0966116 0.0693798 0.0409385 0.0207054 0.0105472 0.00769751 0.00886092 0.0119858 0.0160908 0.0206317 0.025125 0.029059 0.0319507 0.0334449 0.033395 0.0318925 0.0292329 0.0258336 0.0221324 0.018499 0.0151845 0.0123129 0.0099049 0.00791797 0.00628441
 1.01202e-16 3.57291e-05 0.000209711 0.000996894 0.00383813 0.0119689 0.0302324 0.061859 0.102536 0.137697 0.149825 0.132117 0.0944876 0.05497 0.0263537 0.0110569 0.00515018 0.00401989 0.00484683 0.00641265 0.00825406 0.0101299 0.0118354 0.0131821 0.0140256 0.014295 0.0140049 0.0132444 0.012149 0.0108657 0.00952249 0.00821114 0.00698475 0.00586564 0.00485799 0.00395897
 1.00691e-16 3.36429e-05 0.000197456 0.000938618 0.00361373 0.0112691 0.0284648 0.0582429 0.0965447 0.129658 0.141098 0.124469 0.0891204 0.0520544 0.0253423 0.0112961 0.00624838 0.00587459 0.00751284 0.00997014 0.0127213 0.0154141 0.0177146 0.0193178 0.0200063 0.019701 0.0184788 0.0165489 0.0141984 0.0117237 0.00937209 0.00730716 0.0056027 0.00425912 0.00323087 0.00245373
 1.00506e-16 3.6093e-05 0.000211846 0.00100704 0.00387718 0.0120906 0.0305399 0.0624884 0.10358 0.139101 0.151357 0.13348 0.095488 0.0556034 0.0267525 0.011386 0.00554017 0.00455553 0.00557671 0.00735397 0.00938816 0.0113954 0.0131267 0.0143571 0.0149246 0.014766 0.0139314 0.012567 0.0108763 0.00907192 0.00733333 0.00578186 0.00447615 0.0034232 0.00259719 0.00195814
 1.00639e-16 3.25316e-05 0.00019093 0.000907586 0.00349424 0.0108964 0.0275236 0.0563173 0.0933536 0.125376 0.136444 0.12038 0.0862287 0.0504379 0.0246909 0.0112359 0.00654003 0.00643064 0.00833488 0.0110878 0.0141558 0.0171594 0.0197292 0.0215257 0.0223055 0.0219776 0.0206246 0.0184759 0.0158485 0.0130716 0.0104213 0.00808273 0.00614266 0.00460667 0.00342881 0.00254112
 1.01067e-16 2.91704e-05 0.000171192 0.000813738 0.00313288 0.00976955 0.0246773 0.0504939 0.0837028 0.112421 0.122365 0.108002 0.0774582 0.0455013 0.0226354 0.0109117 0.00719762 0.00777843 0.0103525 0.0138487 0.0177243 0.0215402 0.0248465 0.0272227 0.0283624 0.0281431 0.0266529 0.0241596 0.0210391 0.017685 0.0144304 0.0115023 0.00901251 0.00697841 0.00535733 0.00408075
 1.0131e-16 3.04912e-05 0.00017895 0.00085063 0.00327494 0.0102126 0.0257962 0.052783 0.0874959 0.117511 0.127892 0.11285 0.0808696 0.047373 0.0233215 0.0108364 0.0066214 0.00677938 0.00890697 0.011911 0.0152779 0.0186259 0.0215734 0.0237625 0.0249281 0.0249563 0.0239073 0.0219909 0.0195079 0.0167762 0.0140674 0.0115691 0.00937891 0.00752049 0.00597163 0.00469066
 1.00738e-16 3.47722e-05 0.000204089 0.000970157 0.00373517 0.0116478 0.0294214 0.0602 0.0997876 0.13401 0.145825 0.128616 0.0920424 0.053665 0.0259475 0.0112629 0.00580494 0.00509392 0.0063806 0.00845137 0.0108026 0.013126 0.0151404 0.0165888 0.0172853 0.0171563 0.0162563 0.0147493 0.0128644 0.0108409 0.00888035 0.00711896 0.00562252 0.00439928 0.00342144 0.0026463
 1.00154e-16 3.87305e-05 0.000227334 0.00108068 0.00416073 0.0129749 0.0327735 0.067058 0.111153 0.149266 0.162405 0.143193 0.102371 0.059478 0.028367 0.0116432 0.00502846 0.00350435 0.00400255 0.00519954 0.00660311 0.00797557 0.00913075 0.00990676 0.0101906 0.00994391 0.00921223 0.00811211 0.00680152 0.00544305 0.00417201 0.00307745 0.00219864 0.00153357 0.00105391 0.00072004
 1.00049e-16 4.04859e-05 0.000237643 0.0011297 0.00434947 0.0135635 0.0342601 0.0700996 0.116193 0.156031 0.169757 0.149652 0.106938 0.0620311 0.0293958 0.011738 0.00456835 0.0026284 0.00271011 0.00344662 0.00436003 0.00525634 0.00600484 0.00649705 0.00665845 0.0064649 0.00594874 0.00518992 0.004296 0.00337731 0.00252534 0.00179992 0.00122672 0.000803106 0.000508253 0.00031352
 1.00174e-16 3.38477e-05 0.000198657 0.000944323 0.00363569 0.0113376 0.0286378 0.058597 0.097132 0.130448 0.141961 0.125238 0.0896881 0.0524201 0.0255834 0.0115091 0.00651185 0.0062416 0.00801579 0.0106221 0.013512 0.0163048 0.0186364 0.0201767 0.020695 0.0201155 0.0185367 0.0162044 0.0134499 0.0106132 0.00797678 0.00572574 0.00394023 0.00261337 0.00168231 0.00106013
 1.00675e-16 3.0716e-05 0.000180268 0.000856888 0.00329903 0.0102877 0.025986 0.0531715 0.0881404 0.118378 0.128841 0.113699 0.0815018 0.0477919 0.0236174 0.0111223 0.00699193 0.00730208 0.00962518 0.0128429 0.0164091 0.0199022 0.0228982 0.0250038 0.0259354 0.0255849 0.0240435 0.021573 0.0185365 0.0153131 0.0122225 0.00948121 0.00719345 0.00537074 0.00396496 0.00290168
 1.00443e-16 3.77847e-05 0.000221781 0.00105428 0.00405907 0.0126579 0.0319727 0.0654197 0.108438 0.14562 0.158441 0.139702 0.0998859 0.0580564 0.0277306 0.0114553 0.00506202 0.00366007 0.00425988 0.00557153 0.00711252 0.00864476 0.00997677 0.0109384 0.0114064 0.0113311 0.0107469 0.00975975 0.00851912 0.00718161 0.00588004 0.00470508 0.00370186 0.00287803 0.00221751 0.00169397
 1.00289e-16 3.67471e-05 0.000215686 0.00102529 0.00394747 0.0123098 0.0310936 0.0636213 0.105458 0.141622 0.154099 0.135895 0.0972081 0.0565901 0.0271991 0.0115267 0.00553372 0.00447252 0.00543292 0.00714112 0.00908985 0.0109937 0.0126055 0.0137044 0.0141346 0.0138415 0.0128843 0.0114189 0.00965763 0.00781994 0.00608878 0.00458527 0.00336388 0.00242398 0.00172984 0.00123078
 1.00509e-16 3.32633e-05 0.000195227 0.000928016 0.0035729 0.0111418 0.0281432 0.0575851 0.0954545 0.128196 0.139509 0.123074 0.0881375 0.0515118 0.0251369 0.0113044 0.00639367 0.00613285 0.00789021 0.0104808 0.0133734 0.016202 0.0186151 0.0202909 0.0209992 0.0206548 0.0193377 0.0172675 0.0147472 0.0120911 0.00956321 0.00734045 0.00550559 0.00406358 0.0029696 0.0021572
 1.0099e-16 3.17338e-05 0.000186246 0.00088532 0.00340851 0.0106291 0.0268483 0.0549357 0.0910634 0.1223 0.133098 0.11743 0.0841202 0.0492141 0.0241102 0.0110044 0.00645408 0.00639359 0.00831843 0.0110976 0.014215 0.0173032 0.0200016 0.0219743 0.0229746 0.0228998 0.0218125 0.0199169 0.0175034 0.0148777 0.0123004 0.00995086 0.00792079 0.00622958 0.00485105 0.00373912
 1.01076e-16 3.35621e-05 0.000196984 0.000936375 0.0036051 0.0112422 0.0283968 0.0581037 0.0963133 0.129346 0.140753 0.124153 0.0888689 0.0518569 0.0251526 0.0110546 0.00589821 0.00536723 0.00681231 0.0090603 0.0116158 0.0141645 0.0164126 0.0180881 0.0189895 0.0190305 0.0182561 0.0168245 0.0149626 0.0129102 0.0108716 0.00898762 0.00733111 0.00591942 0.00473578 0.00374929
 1.01171e-16 3.12031e-05 0.00018313 0.000870499 0.00335144 0.0104511 0.0263988 0.054016 0.0895394 0.120255 0.130876 0.115477 0.0827396 0.048443 0.0238005 0.0109777 0.00659558 0.00666072 0.00871016 0.0116251 0.0148841 0.0181057 0.0209123 0.0229529 0.0239712 0.0238634 0.0227001 0.0207009 0.0181741 0.0154425 0.0127786 0.010367 0.00829787 0.00658473 0.00519324 0.00406963
 1.01241e-16 3.23685e-05 0.000189974 0.000903048 0.00347678 0.010842 0.027386 0.0560357 0.0928861 0.124746 0.135754 0.119758 0.0857557 0.0501064 0.0244273 0.0109471 0.00614365 0.0058633 0.00755277 0.0100716 0.0129199 0.0157611 0.0182713 0.0201485 0.021169 0.0212353 0.0203963 0.0188258 0.016774 0.0145058 0.0122469 0.0101536 0.00830695 0.00672734 0.0053974 0.00428432
 1.02564e-16 1.94645e-05 0.000114195 0.000542737 0.0020894 0.00651547 0.0164579 0.0336777 0.0558346 0.0750145 0.0817104 0.0722639 0.0521423 0.0312651 0.0167337 0.0100305 0.00918143 0.0117927 0.0163432 0.0220267 0.028265 0.0344371 0.0398508 0.043846 0.0459354 0.0459153 0.0439063 0.0403076 0.0356853 0.0306344 0.0256588 0.0211025 0.0171374 0.0137963 0.0110262 0.00873963
 1.03367e-16 2.88275e-05 0.000169188 0.000804233 0.00309632 0.00965556 0.0243892 0.0499037 0.0827218 0.111096 0.1209 0.106658 0.0763834 0.0446473 0.0218007 0.00983643 0.00563004 0.00550053 0.0071983 0.00973737 0.0127048 0.0158299 0.0188426 0.0214734 0.0234961 0.0247679 0.0252487 0.024992 0.0241149 0.0227599 0.0210626 0.0191347 0.0170632 0.0149186 0.0127654 0.0106682
 1.01632e-16 3.40098e-05 0.000199614 0.000948884 0.00365327 0.0113924 0.0287762 0.0588798 0.0975992 0.131071 0.142626 0.125793 0.090019 0.0524789 0.0253625 0.0109906 0.00564085 0.00493374 0.00618469 0.00821388 0.0105387 0.0128695 0.0149432 0.0165175 0.0174143 0.0175576 0.0169881 0.0158455 0.0143279 0.0126415 0.0109579 0.00939031 0.00799147 0.00676719 0.00569719 0.00475407
pSPR Fmed_Fpbrs
0.534372   0.432741 0.432741
Fs Fmed_Fpbrs
0.64   1.005 1.005
SSBpbr Bo_Bmed_Bpbrs
686035  332296  262574 262574
Ro
31707.4
SPR SPRFo_SPRFmed_SPRFpbrs
654892 349956 283399
log_Ro
10.1843
likeval ReclasPelacesDesembMPH_pf_preclas_ppelaces_ptallas_desvR_qrecl_qpela
 93.4703 32.2788 0.053342 43.5884 337.282 215.844 58.9004 0 19.3548 3.76089e-06 8.90023e-05 0 0 0 0
q_reclas_q_pelaces
1.31628 3.82741
M
0.7
N
 35422 10287.7 3243.99 382.608 0.208244
 43244.2 16003.8 2459.95 519.392 59.2628
 19505.3 19703.3 4084.59 435.712 99.3806
 24915 8342.7 3084.26 339.298 42.124
 43088.8 11952.7 3172.38 1013 123.735
 27192.8 21257.2 5641.64 1456.2 520.565
 64386.2 12584.1 6118.94 1203.92 411.226
 68455.2 30359.5 4186.85 1634.11 423.344
 100493 30879.7 7171.78 657.856 312.28
 107257 45173.7 7100.32 1080.7 141.006
 65559 50046.7 13859.8 1672.52 281.427
 50567.5 29117.6 10484.6 1808.09 244.892
 45599.6 22742.8 6721.73 1589.64 300.403
 25841.4 19385.5 3396.6 519.16 138.053
 16368.8 9226.14 750.66 32.4252 5.57077
 9882.71 5674.31 284.412 5.03368 0.223938
 5695.76 4315.77 1043.1 30.3034 0.535061
 9369.53 2480.35 776.305 107.461 3.03167
 14277.1 4075.95 442.593 78.9886 10.724
 15983.2 6469.15 996.719 73.3666 14.3907
 20810.8 7409.21 1886.92 217.095 18.6474
 35444.5 10013.8 2883.67 642.463 79.3661
 42297.8 16942.6 3702.65 906.912 223.933
 60508.2 20172.5 6155.35 1133.18 341.089
 24280.7 28793.2 7203.76 1834.26 432.617
 37120.7 11621.9 10757.9 2302.41 714.993
 62639.7 17739.8 4289.71 3374.14 933.379
pred_Ctot
 2309.83 3998.13 1683.49 202.04 0.110066
 2577.75 5809.5 1205.61 259.235 29.6075
 1962.25 10346 2691.6 290.829 66.3795
 609.121 1427.21 769.037 86.6814 10.7755
 202.909 426.865 173.352 56.9433 6.96597
 1337.01 6628.89 2426.57 638.919 228.643
 2344.1 3055.9 2107.03 423.816 144.934
 4534.99 11939 2194.22 871.288 225.928
 6888.94 12455.6 3838.16 358.071 170.126
 4673.59 12761.9 2799.88 435.121 56.8358
 5011.28 21844.4 7909.62 969.701 163.303
 3449.4 11702 5594.28 981.237 133.021
 4761.67 12224.2 4507.14 1079.23 204.082
 5322.66 14622.8 2857.92 439.199 116.823
 3628.29 7142.78 641.339 27.838 4.78388
 863.5 2717.21 174.67 3.13622 0.13963
 507.932 2095.19 647.474 19.0784 0.337116
 841.771 1210.12 483.719 67.9098 1.91728
 903.572 1548.79 225.413 40.9464 5.56437
 767.395 1978.9 421.561 31.6596 6.21658
 465.09 1168.54 435.913 51.4066 4.42141
 955.959 1870.75 780.558 178.093 22.0285
 1207.65 3329.46 1050.39 263.399 65.1195
 1820.94 4152.62 1822.69 343.433 103.502
 632.115 5211.82 1893.45 493.823 116.619
 1007.04 2182.52 2926.11 641.318 199.407
 2596.55 4807.71 1630.24 1309.75 362.721
F
 0.094508 0.730807 1.1319 1.16557 1.1674
 0.086076 0.665604 1.03091 1.06158 1.06324
 0.149297 1.15448 1.7881 1.84129 1.84417
 0.0345161 0.266904 0.413391 0.425688 0.426356
 0.00656704 0.0507812 0.078652 0.0809915 0.0811185
 0.0705192 0.545307 0.844593 0.869716 0.87108
 0.0517909 0.400486 0.620288 0.638739 0.63974
 0.096079 0.742955 1.15072 1.18495 1.1868
 0.0995713 0.76996 1.19254 1.22802 1.22994
 0.0622711 0.481527 0.745807 0.767992 0.769196
 0.111609 0.863045 1.33672 1.37648 1.37864
 0.0990587 0.765996 1.1864 1.2217 1.22361
 0.155375 1.20147 1.86089 1.91624 1.91925
 0.329938 2.55133 3.95159 4.06914 4.07552
 0.359429 2.77937 4.3048 4.43285 4.4398
 0.128512 0.993752 1.53916 1.58495 1.58743
 0.131323 1.01548 1.57282 1.61961 1.62215
 0.13236 1.0235 1.58524 1.6324 1.63496
 0.0916091 0.70839 1.09718 1.12982 1.13159
 0.0688111 0.532099 0.824135 0.84865 0.84998
 0.0315104 0.243662 0.377393 0.388619 0.389228
 0.0381382 0.294913 0.456773 0.47036 0.471097
 0.0404136 0.312508 0.484025 0.498423 0.499205
 0.0426392 0.329718 0.51068 0.525871 0.526695
 0.0367915 0.2845 0.440644 0.453751 0.454463
 0.0383657 0.296673 0.459498 0.473166 0.473908
 0.0591585 0.457458 0.708528 0.729604 0.730748
Np
 21501.8 9843.2 7761.32 1044.98 225.684
YTP_r0W_actual
 28997.8 133356 63692.5 65188.1 20031.3
YTP_p0W_proyectada
 9953.79 220403 82781.3 20263.6 21481.4
 9953.79 73994.8 115238 20188.9 4843.42
CTP_r0_actual
 3536.31 6173.9 2028.42 1625.64 450.142
CTP_p0_proyectada
 1213.88 10203.8 2636.35 505.326 482.729
 1213.88 3425.69 3670.01 503.463 108.841
Wmedp
 8.2 21.6 31.4 40.1 44.5
nmprior
 10.8 10.6 4.6 0
nm_flota  nm_reclas  nm_pelaces    nm_pelaL
inf 19.1302 14.285 41.384
cv_recla  cv_pelaces  cv_mph
0.697728 0.311186 0.529349
 ------------------------------------------------
Talla a la edad & desviaci?n 
 7.2 14.2025 17.0495 18.207 18.6776
 1.08 2.13037 2.55742 2.73105 2.80164
