years
 1997 1998 1999 2000 2001 2002 2003 2004 2005 2006 2007 2008 2009 2010 2011 2012 2013 2014 2015 2016 2017 2018 2019 2020 2021
reclasobs
 0 0 0 370054 412103 1.49427e+06 250295 1.28982e+06 931140 785840 897777 1.04006e+06 184774 17550 25797 100020 73551 82996 120727 218422 84188 347160 605670 569463 516374
reclaspred
 1.1488e+06 237986 603944 311106 358330 397248 721732 564954 1.01814e+06 1.49031e+06 1.56497e+06 1.12528e+06 658508 319388 204693 169495 141219 163056 183780 313792 587677 608736 944754 1.10871e+06 1.44721e+06
pelacesobs
 0 0 0 0 0 0 0 0 0 2.06254e+06 1.5e+06 0 1.87456e+06 323000 250000 174000 83755 137374 0 501740 490994 745055 786931 1.00524e+06 1.33801e+06
pelacespred
 669361 237418 206242 218399 216496 178277 366262 338341 588294 884835 834545 628849 377638 157817 96356.3 86749.7 74268.4 82106.8 95740.8 157365 333109 365715 444846 600593 751243
mphobs
 0 0 0 0 0 0 112323 0 153150 637223 0 255016 313432 73983 77613 109348 50772 17779 17303 59886 28197 0 207744 136588 643089
mphpred
 810069 438448 382371 344458 282473 381067 459801 574346 675552 1.19694e+06 1.54634e+06 1.16125e+06 724795 387702 188042 145751 115341 120262 145744 192972 393661 576567 659007 887422 1.12263e+06
desembarqueobs
 350755 77701 442110 56441 14545 235359 269955 359681 431902 328805 639364 411747 362871 311530 167758 66681 60226 58785 57116 73181 50977 67692 138656 160484 209506
desembarquepred
 350760 77700.9 442124 56443.8 14545.2 235520 269974 359569 431729 328665 639433 411793 362748 311766 167671 66702.9 60272.8 58782.6 57099.5 73149.6 50971.9 67676.2 138639 160454 209472
Reclutas
 42604.2 44742.3 22084.1 23200.3 40971.1 27150.3 58279.6 74566.6 173982 202484 70642.7 41693.4 44154.8 25787 19047.5 12227 9362.2 11758.8 18851.3 36973.3 57355.3 50313 78341.8 108935 46127.9
log_desv_Rt
 0.0628468 0.111813 -0.594251 -0.54494 0.023761 -0.387717 0.376144 0.622585 1.46984 1.62156 0.568528 0.0412359 0.0985949 -0.439238 -0.74217 -1.18546 -1.45243 -1.22451 -0.752523 -0.0789119 0.360157 0.229157 0.671974 1.00164 0.142311
SSB
 810069 438448 382371 344458 282473 381067 445902 567120 661443 1.17557e+06 1.54634e+06 1.16125e+06 742535 400089 199120 157071 130109 130611 150128 207560 402968 576567 675803 872710 1.20051e+06
BT
 2.10942e+06 585472 758886 515118 506791 536371 1.2148e+06 1.20705e+06 2.08491e+06 2.46758e+06 2.26299e+06 1.62656e+06 1.1469e+06 624523 364732 235292 213683 234881 262762 446002 865627 787313 1.0387e+06 1.45251e+06 1.66981e+06
Ftot
 0.293897 0.31393 0.680857 0.175969 0.0396963 0.557454 0.35911 0.600722 0.407001 0.213674 0.389855 0.350156 0.520122 0.887732 0.75859 0.376128 0.4073 0.345861 0.299147 0.225707 0.0846287 0.10827 0.142618 0.140722 0.140646
BD_Bspro_t
 0.958239 0.75948 0.641455 0.434223 0.515693 0.649453 0.541969 0.569981 0.57169 0.647607 0.675873 0.536967 0.434987 0.333365 0.222715 0.219673 0.250799 0.325058 0.413256 0.547985 0.710667 0.814356 0.814336 0.807629 0.811945
BD_Bspro
 0.984737 0.532987 0.464818 0.418731 0.343381 0.463233 0.542048 0.689403 0.804064 1.42905 1.87977 1.41165 0.902642 0.486356 0.242054 0.190939 0.158163 0.158773 0.182499 0.252315 0.489857 0.700887 0.821521 1.06089 1.45936
BD_Bo
 0.461983 0.250047 0.218066 0.196445 0.161095 0.217323 0.254298 0.323429 0.377221 0.670431 0.88188 0.662263 0.423468 0.228171 0.113558 0.0895776 0.0742012 0.0744873 0.085618 0.118372 0.229813 0.328816 0.385411 0.497707 0.68465
BD_Brms
 2.24793 1.21669 1.06107 0.955868 0.783861 1.05746 1.23737 1.57375 1.8355 3.26221 4.29109 3.22247 2.06053 1.11024 0.552555 0.43587 0.361051 0.362443 0.416603 0.575977 1.11823 1.59997 1.87535 2.42176 3.33139
S_f
 0.5 1 1 1 1
 0.5 1 1 1 1
 0.5 1 1 1 1
 0.5 1 1 1 1
 0.5 1 1 1 1
 0.5 1 1 1 1
 0.5 1 1 1 1
 0.5 1 1 1 1
 0.5 1 1 1 1
 0.5 1 1 1 1
 0.5 1 1 1 1
 0.5 1 1 1 1
 0.5 1 1 1 1
 0.5 1 1 1 1
 0.5 1 1 1 1
 0.5 1 1 1 1
 0.5 1 1 1 1
 0.5 1 1 1 1
 0.5 1 1 1 1
 0.5 1 1 1 1
 0.5 1 1 1 1
 0.5 1 1 1 1
 0.5 1 1 1 1
 0.5 1 1 1 1
 0.5 1 1 1 1
Scru_reclas
 0.5 1 1 1 1
 0.5 1 1 1 1
 0.5 1 1 1 1
 0.5 1 1 1 1
 0.5 1 1 1 1
 0.5 1 1 1 1
 0.5 1 1 1 1
 0.5 1 1 1 1
 0.5 1 1 1 1
 0.5 1 1 1 1
 0.5 1 1 1 1
 0.5 1 1 1 1
 0.5 1 1 1 1
 0.5 1 1 1 1
 0.5 1 1 1 1
 0.5 1 1 1 1
 0.5 1 1 1 1
 0.5 1 1 1 1
 0.5 1 1 1 1
 0.5 1 1 1 1
 0.5 1 1 1 1
 0.5 1 1 1 1
 0.5 1 1 1 1
 0.5 1 1 1 1
 0.5 1 1 1 1
Scru_pelaces
 0.5 1 1 1 1
 0.5 1 1 1 1
 0.5 1 1 1 1
 0.5 1 1 1 1
 0.5 1 1 1 1
 0.5 1 1 1 1
 0.5 1 1 1 1
 0.5 1 1 1 1
 0.5 1 1 1 1
 0.5 1 1 1 1
 0.5 1 1 1 1
 0.5 1 1 1 1
 0.5 1 1 1 1
 0.5 1 1 1 1
 0.5 1 1 1 1
 0.5 1 1 1 1
 0.5 1 1 1 1
 0.5 1 1 1 1
 0.5 1 1 1 1
 0.5 1 1 1 1
 0.5 1 1 1 1
 0.5 1 1 1 1
 0.5 1 1 1 1
 0.5 1 1 1 1
 0.5 1 1 1 1
pf_obs 
 0.256992 0.487395 0.22802 0.0275931 0
 0.321318 0.546541 0.124235 0.00734118 0.000564706
 0.182869 0.594174 0.210203 0.0122559 0.00049798
 0.330522 0.361315 0.267642 0.0388342 0.00168674
 0.649043 0.306663 0.0425973 0.00169635 0
 0.582887 0.30429 0.105238 0.00758474 0
 0.465427 0.430635 0.0974691 0.00646863 0
 0.296916 0.608066 0.0921331 0.00288517 0
 0.311714 0.524322 0.152257 0.0117073 0
 0.15457 0.633149 0.183074 0.0267441 0.00246327
 0.131901 0.49318 0.331252 0.0422183 0.00144891
 0.196976 0.569456 0.194076 0.0375587 0.00193317
 0.518974 0.381816 0.0799577 0.0180837 0.00116848
 0.0928022 0.601141 0.25162 0.0475244 0.00691264
 0.122501 0.610282 0.24278 0.0234846 0.000952079
 0.383417 0.481906 0.127806 0.00687128 0
 0.0376549 0.599619 0.316969 0.0457579 0
 0.0361596 0.667082 0.258105 0.0386534 0
 0.158088 0.579412 0.248529 0.0139706 0
 0.0477256 0.309471 0.559284 0.082774 0.000745712
 0.0406174 0.521527 0.379366 0.0568643 0.0016247
 0.151134 0.462217 0.34131 0.0453401 0
 0.294876 0.26143 0.354403 0.0886775 0.000613685
 0.281977 0.475581 0.204845 0.0348837 0.00271318
 0.0841818 0.532909 0.334909 0.0458182 0.00218182
pf_pred 
 0.44807 0.388412 0.14611 0.017403 5.19422e-06
 0.455295 0.347845 0.138537 0.0521139 0.00620908
 0.301222 0.451872 0.157672 0.0627966 0.0264369
 0.442437 0.286501 0.175285 0.0611625 0.0346144
 0.550493 0.281054 0.0865588 0.0529577 0.0289365
 0.352058 0.461576 0.116526 0.0358875 0.0339535
 0.633694 0.205743 0.114381 0.0288756 0.0173069
 0.580148 0.333094 0.0487294 0.0270906 0.0109381
 0.726113 0.210239 0.0504958 0.00738719 0.005765
 0.562923 0.374363 0.0481396 0.0115623 0.00301153
 0.237023 0.558854 0.174835 0.0224821 0.00680625
 0.241844 0.311094 0.327457 0.102443 0.0171613
 0.369096 0.261099 0.151742 0.159724 0.0583395
 0.343446 0.378795 0.11495 0.0668053 0.0960035
 0.438031 0.325026 0.136703 0.0414842 0.058756
 0.403575 0.394896 0.116558 0.0490234 0.0359474
 0.37864 0.373751 0.163943 0.0483899 0.0352762
 0.490969 0.29445 0.129071 0.0566162 0.0288932
 0.581904 0.284608 0.0772164 0.0338475 0.0224239
 0.644171 0.267622 0.0600445 0.0162906 0.0118717
 0.585889 0.328936 0.0640604 0.0143728 0.00674119
 0.412241 0.436969 0.119776 0.0233264 0.00768827
 0.502285 0.294257 0.151261 0.0414616 0.010736
 0.512276 0.330474 0.092969 0.04779 0.0164916
 0.244474 0.518393 0.160677 0.0452018 0.0312539
pobs_RECLAS
 0 0 0 0 0
 0 0 0 0 0
 0 0 0 0 0
 0 0 0 0 0
 0.835266 0.146461 0.0176864 0.000547809 3.91292e-05
 0.385257 0.428462 0.181853 0.0044286 0
 0.867414 0.0963971 0.0333333 0.00285562 0
 0.441836 0.489002 0.0689373 0.000224442 0
 0.779404 0.147425 0.0564933 0.0165055 0.000172143
 0.814271 0.122319 0.05973 0.00367925 0
 0.40263 0.566651 0.0304383 0.000280538 0
 0.475488 0.404961 0.113038 0.00651328 0
 0.955842 0.0263864 0.0167828 0.000988607 0
 0.975058 0.0227948 0.00214734 0 0
 0.738997 0.206755 0.0527124 0.00153531 0
 0.850938 0.134255 0.0134407 0.00136685 0
 0.542534 0.407297 0.0501686 0 0
 0.764087 0.199537 0.0359546 0.000420521 0
 0.470689 0.182191 0.310203 0.0369168 0
 0.84361 0.089868 0.0606195 0.00523954 0.000663233
 0.607945 0.314616 0.071237 0.00620181 0
 0.523733 0.453247 0.0230204 0 0
 0.530135 0.295979 0.169645 0.0042399 0
 0.562478 0.366248 0.0663022 0.0049721 0
 0.250443 0.683176 0.0655157 0.000865301 0
ppred_RECLAS
 0.45082 0.386477 0.145382 0.0173163 5.16834e-06
 0.458288 0.345934 0.137776 0.0518276 0.00617496
 0.308324 0.447279 0.15607 0.0621584 0.0261682
 0.443925 0.285737 0.174817 0.0609992 0.0345221
 0.550789 0.280869 0.0865018 0.0529228 0.0289174
 0.357882 0.457427 0.115478 0.0355649 0.0336483
 0.637002 0.203885 0.113347 0.0286148 0.0171506
 0.586994 0.327663 0.0479348 0.0266488 0.0107598
 0.729434 0.20769 0.0498835 0.00729761 0.00569509
 0.564784 0.372769 0.0479347 0.0115131 0.00299871
 0.239903 0.556745 0.174175 0.0223972 0.00678056
 0.244389 0.31005 0.326358 0.102099 0.0171037
 0.374506 0.25886 0.150441 0.158354 0.0578393
 0.354574 0.372375 0.113002 0.0656731 0.0943764
 0.447666 0.319454 0.134359 0.040773 0.0577486
 0.407226 0.392478 0.115845 0.0487233 0.0357273
 0.382596 0.371371 0.1629 0.0480819 0.0350516
 0.494373 0.292482 0.128208 0.0562376 0.0287
 0.584666 0.282728 0.0767065 0.0336239 0.0222758
 0.64602 0.266231 0.0597326 0.0162059 0.0118101
 0.586536 0.328423 0.0639604 0.0143504 0.00673066
 0.413086 0.43634 0.119604 0.0232929 0.00767721
 0.503471 0.293556 0.1509 0.0413628 0.0107104
 0.513443 0.329683 0.0927464 0.0476756 0.0164521
 0.245338 0.517801 0.160493 0.0451501 0.0312182
pobs_PELACES
 0 0 0 0 0
 0 0 0 0 0
 0 0 0 0 0
 0 0 0 0 0
 0 0 0 0 0
 0 0 0 0 0
 0 0 0 0 0
 0 0 0 0 0
 0 0 0 0 0
 0 0 0 0 0
 0.450072 0.473896 0.0757376 0.000293798 0
 0 0 0 0 0
 0.463077 0.371075 0.160297 0.00555027 0
 0.529543 0.364841 0.0842815 0.0213345 0
 0.631943 0.363953 0.00410389 0 0
 0.735681 0.248677 0.0153453 0.000297389 0
 0.695825 0.281241 0.0229344 0 0
 0.275771 0.60734 0.115278 0.00161068 0
 0 0 0 0 0
 0.896147 0.0623911 0.0374545 0.00400742 0
 0.803859 0.145111 0.0509908 3.86294e-05 0
 0.739449 0.233085 0.0266225 0.000797448 4.60066e-05
 0.878498 0.100942 0.0204185 0.000141795 0
 0.694673 0.275183 0.0284847 0.00165964 0
 0.469039 0.446079 0.0841089 0.000773354 0
ppred_PELACES
 0.462852 0.378009 0.142197 0.0169369 5.0551e-06
 0.471172 0.337706 0.134499 0.0505949 0.00602809
 0.332783 0.431463 0.150551 0.0599604 0.0252428
 0.451103 0.282048 0.17256 0.0602118 0.0340764
 0.552409 0.279856 0.0861899 0.052732 0.0288131
 0.379284 0.442181 0.111629 0.0343795 0.0325268
 0.650589 0.196253 0.109105 0.0275438 0.0165087
 0.610799 0.308777 0.0451719 0.0251128 0.0101396
 0.742482 0.197674 0.0474779 0.00694568 0.00542045
 0.57343 0.365364 0.0469825 0.0112844 0.00293914
 0.251828 0.54801 0.171442 0.0220459 0.00667418
 0.255215 0.305608 0.321682 0.100637 0.0168587
 0.394815 0.250455 0.145556 0.153213 0.0559612
 0.388762 0.35265 0.107016 0.0621944 0.0893773
 0.478778 0.301459 0.126791 0.0384763 0.0544957
 0.42229 0.382505 0.112901 0.0474852 0.0348194
 0.398591 0.36175 0.158679 0.0468362 0.0341435
 0.508638 0.28423 0.124591 0.054651 0.0278903
 0.596599 0.274605 0.0745025 0.0326578 0.0216358
 0.654489 0.259862 0.0583034 0.0158182 0.0115275
 0.589918 0.325736 0.0634372 0.014233 0.0066756
 0.417424 0.433115 0.11872 0.0231207 0.00762047
 0.509353 0.290078 0.149113 0.0408728 0.0105836
 0.519242 0.325754 0.0916411 0.0471075 0.016256
 0.24966 0.514835 0.159574 0.0448915 0.0310394
pobs_pel_tallas
 0 0 0 0 0 0 0 0 0 0 0 0 0 0 0 0 0 0 0 0 0 0 0 0 0 0 0 0 0 0 0 0 0 0 0 0
 0 0 0 0 0 0 0 0 0 0 0 0 0 0 0 0 0 0 0 0 0 0 0 0 0 0 0 0 0 0 0 0 0 0 0 0
 0 0 0 0 0 0 0 0 0 0 0 0 0 0 0 0 0 0 0 0 0 0 0 0 0 0 0 0 0 0 0 0 0 0 0 0
 0 0 0 0 0 0 0 0 0 0 0 0 0 0 0 0 0 0 0 0 0 0 0 0 0 0 0 0 0 0 0 0 0 0 0 0
 0 0 0 0 0 0 0 0 0 0 0 0 0 0 0 0 0 0 0 0 0 0 0 0 0 0 0 0 0 0 0 0 0 0 0 0
 0 0 0 0 0 0 0 0 0 0 0 0 0 0 0 0 0 0 0 0 0 0 0 0 0 0 0 0 0 0 0 0 0 0 0 0
 0 0 0 0 0 0 0 0 0 0 0 0 0 0 0 0 0 0 0 0 0 0 0 0 0 0 0 0 0 0 0 0 0 0 0 0
 0 0 0 0 0 0 0 0 0 0 0 0 0 0 0 0 0 0 0 0 0 0 0 0 0 0 0 0 0 0 0 0 0 0 0 0
 0 0 0 0 0 0 0 0 0 0 0 0 0 0 0 0 0 0 0 0 0 0 0 0 0 0 0 0 0 0 0 0 0 0 0 0
 0 0 0 0 0 0 0 0 0 0 0 0 0 0 0 0 0 0 0 0 0 0 0 0 0 0 0 0 0 0 0 0 0 0 0 0
 0 0 0 0 0 0 0 0 1.78061e-05 0.00172719 0.00360574 0.0105946 0.0120993 0.0124554 0.0147524 0.0171206 0.0266825 0.0428682 0.0675386 0.121331 0.153587 0.119568 0.100827 0.0573624 0.0630603 0.0341343 0.0324427 0.0444173 0.0211091 0.0280891 0.0125444 0.00206551 0 0 0 0
 0 0 0 0 0 0 0 0 0 0 0 0 0 0 0 0 0 0 0 0 0 0 0 0 0 0 0 0 0 0 0 0 0 0 0 0
 0 0 0 0 0 0 0.0133647 0.0140871 0.0187388 0.0205184 0.03894 0.0496705 0.03968 0.0493445 0.0407372 0.0367815 0.0215668 0.0243155 0.0234873 0.0199281 0.019796 0.0243948 0.0301388 0.0376714 0.0412746 0.0863199 0.0771752 0.113111 0.0741005 0.0525337 0.0229764 0.00759418 0.00175318 0 0 0
 0 0 0 0 0 0 0 0 0 0 0.00219441 0.00772107 0.0458388 0.0604681 0.0671733 0.0775358 0.0609151 0.0617685 0.073594 0.0568108 0.0755445 0.0548602 0.0670107 0.0636378 0.0643287 0.046367 0.0373049 0.0286899 0.0247887 0.0153202 0.00654259 0.00121912 0.000365735 0 0 0
 0 0 0 0 0 0 0 0 0 0 0 0 0.000112435 0.00938835 0.0111873 0.0202946 0.0414886 0.0713402 0.111592 0.104902 0.108894 0.110636 0.117776 0.105296 0.107544 0.0401394 0.0192827 0.0124803 0.00416011 0.0028671 0.000618394 0 0 0 0 0
 0 0 0 0 0 0 0 0 0 0 0.00291406 0.0102884 0.027416 0.0768956 0.0749926 0.110853 0.0956884 0.0897413 0.0766577 0.0534642 0.0500743 0.0551293 0.0594112 0.0620874 0.0668451 0.0424026 0.0208742 0.0120726 0.0048766 0.00582813 0.00118941 0.000297354 0 0 0 0
 0 0.00264628 0.0354308 0.0461629 0.0458689 0.0383711 0.0214643 0.0164657 0.0346957 0.0420465 0.0363128 0.0245516 0.0311673 0.0291091 0.0169068 0.0133784 0.00837989 0.0085269 0.0148486 0.0160247 0.0276389 0.0546898 0.0760071 0.122758 0.109233 0.0665981 0.0333725 0.0166128 0.00676272 0.00308733 0.000882094 0 0 0 0 0
 0 0 0 0 0 0 0 0.000805153 0.000690131 0.00759144 0.0133425 0.0154129 0.00931677 0.000345066 0.00356568 0.00563607 0.00851162 0.0253048 0.0502646 0.0516448 0.0657925 0.0565908 0.0611916 0.0827007 0.0866115 0.110766 0.145733 0.0935128 0.0569358 0.0249597 0.0138026 0.00621118 0.00161031 0.00115022 0 0
 0 0 0 0 0 0 0 0 0 0 0 0 0 0 0 0 0 0 0 0 0 0 0 0 0 0 0 0 0 0 0 0 0 0 0 0
 0.00147267 0.00158595 0.00478618 0.00569244 0.00954404 0.0108468 0.00647125 0.017049 0.0510054 0.094081 0.124002 0.0959785 0.0687766 0.0820023 0.061753 0.0591476 0.0492212 0.0479892 0.0443925 0.0268479 0.0217502 0.0140895 0.0121071 0.0120363 0.00920419 0.00665534 0.0049561 0.00860946 0.00930331 0.0156896 0.0114698 0.00855282 0.00243557 0.00046729 0 2.83206e-05
 0 0 0 0 0.000772559 0.00158375 0.000888443 0.00281984 0.00712685 0.0440552 0.0773331 0.111326 0.0921469 0.0852325 0.0710754 0.0886704 0.0786465 0.0553345 0.0373146 0.0185414 0.00753245 0.00457741 0.012979 0.0271748 0.0457355 0.0583668 0.034881 0.0177882 0.00938659 0.00492506 0.0015258 0.00185414 0.000309023 5.79419e-05 3.86279e-05 0
 0 0.00173294 0.00326652 0 0.00397197 0.00683976 0.00946217 0.0152591 0.00757587 0.0136028 0.0228656 0.0392903 0.0559909 0.0764795 0.0681675 0.0726916 0.0566044 0.0477403 0.0527397 0.0444891 0.0609904 0.0582453 0.0661739 0.0445044 0.0529084 0.0360697 0.0280645 0.0235558 0.0158879 0.00826598 0.00280645 0.00217768 0.000904811 0.00058276 9.20147e-05 0
 0 0 0 0 0 0 0 0 0 0 0 0 0 0 0 0 0 0 0 0 0 0 0 0 0 0 0 0 0 0 0 0 0 0 0 0
 0 0 0 0 0 0 0 0 0 0 0 0 0 0 0 0 0 0 0 0 0 0 0 0 0 0 0 0 0 0 0 0 0 0 0 0
 0 0 0 0 0 0 0 0 0 0 0 0 0 0 0 0 0 0 0 0 0 0 0 0 0 0 0 0 0 0 0 0 0 0 0 0
ppred_pel_tallas
 1.02724e-16 2.02108e-05 0.000118581 0.000563597 0.00216974 0.006766 0.0170907 0.034972 0.0579785 0.0778891 0.0848264 0.0749836 0.0540265 0.0322387 0.016972 0.00974 0.00846903 0.0106608 0.0147444 0.019922 0.0256653 0.0314288 0.036603 0.0405974 0.0429612 0.0434804 0.0422167 0.0394724 0.0356999 0.0313879 0.0269625 0.0227301 0.0188663 0.0154401 0.0124543 0.00988217
 1.0404e-16 2.05719e-05 0.000120705 0.000573702 0.00220866 0.00688739 0.0173972 0.035599 0.0590165 0.0792795 0.0863298 0.0762868 0.0549095 0.0326535 0.016986 0.00942879 0.00785288 0.00970467 0.0133897 0.0181215 0.0234135 0.0287823 0.0336904 0.0376138 0.040147 0.0410872 0.0404691 0.0385333 0.0356483 0.0322124 0.0285706 0.0249682 0.0215456 0.0183621 0.0154325 0.0127574
 1.05518e-16 1.45413e-05 8.52912e-05 0.000405323 0.00156032 0.00486556 0.0122904 0.0251507 0.0417012 0.0560373 0.0610685 0.054078 0.0391721 0.0237929 0.0132916 0.0088347 0.00901086 0.0120856 0.0169489 0.0229804 0.0296753 0.0364438 0.0426065 0.0475004 0.0506167 0.0517094 0.0508372 0.0483219 0.0446455 0.0403224 0.0357915 0.0313567 0.0271812 0.0233208 0.0197737 0.0165231
 1.06203e-16 1.96946e-05 0.000115559 0.000549251 0.00211453 0.00659387 0.0166558 0.0340815 0.0564998 0.0758957 0.0826371 0.0730049 0.0525064 0.0311432 0.0160535 0.0086828 0.00698504 0.00851638 0.0117665 0.0160187 0.0208643 0.0259134 0.0307272 0.0348652 0.0379677 0.0398239 0.0404013 0.0398248 0.0383202 0.0361425 0.0335184 0.0306164 0.0275478 0.0243866 0.0211958 0.0180443
 1.04473e-16 2.41117e-05 0.000141492 0.00067254 0.00258923 0.00807421 0.020395 0.0417321 0.0691804 0.092922 0.101156 0.0893186 0.0641372 0.0378352 0.0191194 0.00971667 0.00707342 0.00815136 0.0110687 0.0149408 0.0192938 0.0237137 0.0277584 0.0310022 0.0331199 0.0339558 0.0335491 0.0321054 0.0299298 0.0273436 0.0246151 0.0219232 0.0193562 0.0169361 0.0146533 0.0124958
 1.0443e-16 1.65693e-05 9.71965e-05 0.00046192 0.00177824 0.0055451 0.0140069 0.0286628 0.0475228 0.0638548 0.069574 0.0615768 0.0445316 0.0269035 0.0147675 0.00942352 0.00923103 0.0121844 0.017001 0.0229756 0.0295597 0.0361338 0.0419958 0.0464708 0.0490547 0.0495256 0.0479865 0.0448175 0.0405651 0.0358027 0.0310133 0.0265226 0.0224912 0.0189499 0.0158553 0.0131403
 1.03331e-16 2.83895e-05 0.000166614 0.00079199 0.00304917 0.00950854 0.0240179 0.0491442 0.0814636 0.109408 0.119071 0.105061 0.0752754 0.0440716 0.0216532 0.00999428 0.00602831 0.00613554 0.00809577 0.0109191 0.0141649 0.01752 0.0206681 0.023301 0.0251718 0.0261436 0.0262098 0.025478 0.0241294 0.0223662 0.0203674 0.0182656 0.0161454 0.0140561 0.0120304 0.0100981
 1.02079e-16 2.66589e-05 0.000156444 0.000743617 0.00286289 0.00892758 0.0225505 0.0461428 0.0764918 0.102742 0.111843 0.0987495 0.0708965 0.0417961 0.0210696 0.0106182 0.00760632 0.00865872 0.0116753 0.0156559 0.0200543 0.024394 0.0281747 0.0309275 0.0323114 0.0321922 0.0306701 0.0280446 0.0247321 0.0211641 0.0177 0.0145777 0.0119056 0.00968917 0.00787227 0.00637681
 1.01231e-16 3.23964e-05 0.000190138 0.000903827 0.00347977 0.0108513 0.0274097 0.056084 0.0929663 0.124854 0.135872 0.119863 0.0858337 0.0501572 0.0244616 0.0109785 0.00618308 0.00591811 0.00762723 0.0101669 0.0130335 0.0158861 0.0183961 0.0202582 0.0212472 0.0212676 0.0203724 0.0187424 0.0166355 0.0143234 0.0120368 0.00993407 0.00809539 0.00653784 0.00523937 0.00416209
 1.01312e-16 2.50318e-05 0.000146886 0.000698165 0.00268787 0.00838177 0.021172 0.0433225 0.0718188 0.0964717 0.105036 0.0927809 0.0667031 0.0395082 0.0202567 0.0107656 0.00840332 0.010021 0.0136439 0.0182969 0.0233926 0.0283757 0.0326518 0.0356637 0.0370102 0.0365402 0.0343867 0.0309238 0.0266686 0.0221578 0.0178412 0.0140192 0.010832 0.00828774 0.0063122 0.00479661
 1.03682e-16 1.10161e-05 6.45843e-05 0.000306855 0.00118116 0.00368311 0.00930379 0.0190408 0.0315773 0.0424533 0.0463183 0.0411434 0.0300787 0.0188201 0.011502 0.00910706 0.0106652 0.0149322 0.0210722 0.0285237 0.0367 0.0448495 0.0520966 0.0575924 0.0606974 0.0611225 0.0589841 0.0547499 0.0491037 0.0427747 0.0363915 0.0303958 0.0250276 0.0203625 0.0163742 0.012993
 1.08912e-16 1.11542e-05 6.54169e-05 0.000310861 0.00119666 0.00373152 0.00942579 0.0192886 0.0319817 0.0429766 0.0468361 0.041477 0.0300498 0.0182654 0.0102346 0.00686541 0.00709924 0.00964396 0.0137034 0.0188734 0.0248486 0.0312556 0.03763 0.0434748 0.0483471 0.0519314 0.0540767 0.0547868 0.0541765 0.0524158 0.0496845 0.046152 0.0419813 0.0373421 0.0324243 0.0274359
 1.10028e-16 1.72386e-05 0.000101144 0.000480728 0.00185072 0.00577118 0.0145777 0.0298294 0.049451 0.066428 0.072331 0.0639063 0.0459761 0.0272978 0.0141243 0.0077292 0.00633283 0.00781102 0.0108599 0.0148731 0.0195152 0.0244668 0.0293619 0.033826 0.0375428 0.0403102 0.042062 0.0428484 0.0427887 0.0420155 0.0406337 0.0387077 0.0362747 0.0333721 0.0300651 0.0264607
 1.07948e-16 1.69788e-05 9.96093e-05 0.00047341 0.00182251 0.00568318 0.0143556 0.0293756 0.0487016 0.0654301 0.0712675 0.0630214 0.0454585 0.0272285 0.0145231 0.00863484 0.00784527 0.0100782 0.0140307 0.019038 0.0246489 0.0303843 0.0357029 0.0400778 0.043104 0.0445839 0.0445573 0.0432653 0.0410648 0.038326 0.0353487 0.0323203 0.0293199 0.0263538 0.0234018 0.0204558
 1.05767e-16 2.0902e-05 0.000122646 0.00058294 0.00224424 0.00699835 0.0176775 0.0361721 0.0599654 0.0805505 0.0877041 0.0774781 0.0557165 0.0330324 0.0169982 0.00914272 0.00728612 0.00882345 0.0121375 0.0164512 0.0213142 0.0262995 0.0309351 0.0347596 0.0374118 0.0387053 0.0386568 0.0374583 0.0354083 0.0328271 0.0299857 0.0270698 0.0241786 0.0213509 0.0185987 0.0159353
 1.04986e-16 1.84421e-05 0.000108197 0.000514231 0.00197967 0.00617327 0.0155935 0.0319087 0.0529011 0.0710716 0.077411 0.0684509 0.0493679 0.0295557 0.015737 0.00931087 0.00840381 0.0107511 0.0149251 0.0201887 0.0260346 0.0319248 0.0372554 0.0414429 0.0440451 0.0448566 0.0439452 0.0416124 0.0382999 0.0344732 0.0305244 0.0267176 0.0231854 0.0199599 0.0170198 0.0143315
 1.05576e-16 1.7408e-05 0.000102128 0.000485379 0.00186859 0.00582687 0.0147185 0.0301183 0.049933 0.0670847 0.0730702 0.0646167 0.0466118 0.0279247 0.0149047 0.00887833 0.00808528 0.0103983 0.0144821 0.0196539 0.0254466 0.0313603 0.0368263 0.0412848 0.0442982 0.0456401 0.0453325 0.0436126 0.0408513 0.0374509 0.0337587 0.0300204 0.026377 0.0228915 0.0195873 0.0164804
 1.05043e-16 2.22034e-05 0.000130288 0.000619273 0.00238414 0.00743463 0.0187795 0.0384267 0.0637019 0.0855663 0.0931562 0.0822732 0.0591183 0.0349557 0.0178157 0.00930496 0.00709044 0.00839137 0.011486 0.0155602 0.0201642 0.0248891 0.0292877 0.0329219 0.0354474 0.0366833 0.0366398 0.0354929 0.0335206 0.0310235 0.0282599 0.0254102 0.0225767 0.0198062 0.0171201 0.0145396
 1.03281e-16 2.60384e-05 0.000152804 0.00072632 0.0027963 0.00871994 0.022026 0.0450693 0.0747116 0.100349 0.109233 0.0964324 0.0692061 0.0407459 0.0204423 0.0101447 0.00707808 0.0079461 0.0107076 0.0144087 0.0185525 0.0227201 0.0264711 0.0293861 0.0311497 0.031619 0.0308491 0.0290647 0.0265913 0.0237714 0.0208929 0.0181493 0.0156362 0.0133739 0.011342 0.0095089
 1.01995e-16 2.85621e-05 0.000167622 0.000796767 0.00306754 0.00956581 0.0241626 0.0494407 0.0819568 0.110076 0.119811 0.105744 0.0758322 0.0445324 0.0221286 0.0106275 0.00696163 0.00749511 0.00997936 0.0133749 0.0171638 0.020933 0.0242592 0.0267438 0.0280926 0.0281811 0.0270788 0.0250214 0.022344 0.0193978 0.016479 0.0137882 0.0114238 0.00940299 0.00769406 0.00624756
 1.01808e-16 2.57492e-05 0.000151101 0.000718214 0.00276507 0.00862254 0.0217801 0.0445664 0.0738795 0.0992355 0.108034 0.0954021 0.068529 0.0404723 0.0205357 0.0105686 0.00784537 0.00911625 0.0123549 0.0165854 0.0212557 0.0258678 0.0298924 0.0328303 0.034316 0.0342006 0.0325828 0.0297733 0.0262089 0.0223468 0.018573 0.0151486 0.0122012 0.00975009 0.00774719 0.0061177
 1.02977e-16 1.82321e-05 0.000106959 0.000508335 0.00195695 0.00610241 0.0154146 0.031543 0.0522964 0.0702639 0.0765438 0.0677137 0.0489008 0.0294052 0.0158911 0.00976361 0.00919074 0.011945 0.0166085 0.0224205 0.0288183 0.0351843 0.0408231 0.0450671 0.047417 0.0476534 0.045879 0.0424742 0.0379881 0.0330024 0.0280144 0.023368 0.0192436 0.0156884 0.0126684 0.0101166
 1.04111e-16 2.22349e-05 0.000130472 0.000620147 0.0023875 0.00744511 0.0188059 0.0384809 0.063792 0.0856879 0.0932902 0.0823953 0.0592142 0.0350289 0.0178836 0.00939061 0.0072168 0.0085802 0.0117575 0.0159314 0.0206452 0.025479 0.0299706 0.0336652 0.0362018 0.0373862 0.0372211 0.0358825 0.0336567 0.0308608 0.0277755 0.0246076 0.0214867 0.0184834 0.0156375 0.0129794
 1.03786e-16 2.26674e-05 0.000133008 0.000632198 0.00243389 0.00758976 0.0191714 0.0392288 0.0650326 0.0873563 0.0951122 0.0840175 0.0604082 0.0357913 0.0183744 0.00980864 0.00772017 0.00927127 0.0126927 0.017125 0.0220629 0.0270295 0.0315058 0.0349935 0.0371167 0.0377027 0.0368135 0.0347115 0.0317801 0.0284234 0.0249825 0.0216883 0.018658 0.0159203 0.013456 0.0112332
 1.05426e-16 1.09201e-05 6.4024e-05 0.000304199 0.00117094 0.00365126 0.00922331 0.0188759 0.031303 0.0420821 0.045907 0.0407629 0.029768 0.0185615 0.0112325 0.00874448 0.010126 0.0141389 0.0199596 0.0270502 0.0348638 0.042703 0.0497548 0.0552287 0.0585258 0.0593695 0.0578557 0.054401 0.0496164 0.0441506 0.0385556 0.0332116 0.0283174 0.0239302 0.0200257 0.0165535
pSPR Fmed_Fpbrs
0.370333   0.255515 0.255515
Fs Fmed_Fpbrs
0.64   1.005 1.005
SSBpbr Bo_Bmed_Bpbrs
1.75346e+06  561692  360362 360362
Ro
40009.1
SPR SPRFo_SPRFmed_SPRFpbrs
822624 304645 210192
log_Ro
10.4169
likeval ReclasPelacesDesembMPH_pf_preclas_ppelaces_ptallas_desvR_qrecl_qpela
 207.406 194.177 0.0150852 186.275 359.533 210.313 56.7037 0 20.0818 0 0 0 0 0 0
q_reclas_q_pelaces
1 1
M
0.7
N
 42604.2 19654.1 7393.33 880.611 0.262833
 44742.3 18265.3 7274.59 2736.5 326.039
 22084.1 18990.8 6626.49 2639.15 1111.06
 23200.3 7802.37 4773.58 1665.65 942.665
 40971.1 10550.6 3249.36 1988 1086.26
 27150.3 19945.8 5035.36 1550.79 1467.22
 58279.6 10202.8 5672.14 1431.94 858.251
 74566.6 24184.1 3537.97 1966.9 794.158
 173982 27421.6 6586.19 963.514 751.932
 202484 70488.6 9064.18 2177.06 567.038
 70642.7 90362.2 28269.3 3635.17 1100.51
 41693.4 28867.2 30385.6 9505.98 1592.45
 44154.8 17379 10100.2 10631.4 3883.15
 25787 16905.5 5130.19 2981.51 4284.61
 19047.5 8215.34 3455.3 1048.55 1485.11
 12227 6473.01 1910.59 803.577 589.239
 9362.2 5030.81 2206.73 651.345 474.829
 11758.8 3792.52 1662.43 729.216 372.144
 18851.3 4911.94 1332.65 584.161 387.006
 36973.3 8060.78 1808.54 490.673 357.577
 57355.3 16401 3194.1 716.638 336.12
 50313 27301.7 7483.59 1457.43 480.362
 78341.8 23668.1 12166.4 3334.9 863.536
 108935 36225.8 10191.1 5238.64 1807.77
 46127.9 50420 15627.8 4396.42 3039.82
pred_Ctot
 4222.89 3660.64 1377.03 164.017 0.0489536
 4716.75 3603.59 1435.21 539.888 64.3245
 4672.98 7010.06 2446.03 974.188 410.125
 1412.44 914.632 559.583 195.256 110.504
 579.724 295.978 91.1551 55.7698 30.473
 4826.41 6327.81 1597.47 491.987 465.473
 6960.34 2259.83 1256.33 317.162 190.095
 14155.4 8127.38 1188.98 661 266.887
 23310.4 6749.31 1621.07 237.151 185.074
 14846.6 9873.5 1269.64 304.945 79.4264
 9099.28 21454.4 6711.88 863.087 261.291
 4864.61 6257.55 6586.7 2060.61 345.195
 7381.28 5221.53 3034.59 3194.21 1166.69
 6818.5 7520.29 2282.12 1326.3 1905.98
 4419.04 3279 1379.12 418.51 592.755
 1523.92 1491.15 440.131 185.115 135.739
 1255.2 1239 543.478 160.414 116.942
 1356.38 813.465 356.579 156.411 79.822
 1899.76 929.165 252.09 110.502 73.2078
 2856.17 1186.6 266.23 72.2303 52.6377
 1713.15 961.815 187.314 42.0263 19.7113
 1912.68 2027.41 555.727 108.228 35.6714
 3893.71 2281.08 1172.57 321.41 83.2255
 5344.43 3447.74 969.919 498.58 172.052
 2261.89 4796.22 1486.6 418.211 289.164
F
 0.146949 0.293897 0.293897 0.293897 0.293897
 0.156965 0.31393 0.31393 0.31393 0.31393
 0.340429 0.680857 0.680857 0.680857 0.680857
 0.0879846 0.175969 0.175969 0.175969 0.175969
 0.0198481 0.0396963 0.0396963 0.0396963 0.0396963
 0.278727 0.557454 0.557454 0.557454 0.557454
 0.179555 0.35911 0.35911 0.35911 0.35911
 0.300361 0.600722 0.600722 0.600722 0.600722
 0.2035 0.407001 0.407001 0.407001 0.407001
 0.106837 0.213674 0.213674 0.213674 0.213674
 0.194928 0.389855 0.389855 0.389855 0.389855
 0.175078 0.350156 0.350156 0.350156 0.350156
 0.260061 0.520122 0.520122 0.520122 0.520122
 0.443866 0.887732 0.887732 0.887732 0.887732
 0.379295 0.75859 0.75859 0.75859 0.75859
 0.188064 0.376128 0.376128 0.376128 0.376128
 0.20365 0.4073 0.4073 0.4073 0.4073
 0.17293 0.345861 0.345861 0.345861 0.345861
 0.149574 0.299147 0.299147 0.299147 0.299147
 0.112853 0.225707 0.225707 0.225707 0.225707
 0.0423143 0.0846287 0.0846287 0.0846287 0.0846287
 0.0541348 0.10827 0.10827 0.10827 0.10827
 0.0713092 0.142618 0.142618 0.142618 0.142618
 0.0703608 0.140722 0.140722 0.140722 0.140722
 0.0703229 0.140646 0.140646 0.140646 0.140646
Np
 30869.5 9274.5 3881.01 3954.05 1448.34
YTP_r0W_actual
 151028 534984 248729 87147.8 62749
YTP_p0W_proyectada
 73997.7 222426 329428 130398 58271.7
 73997.7 96618.4 58774.6 76472.1 31084.7
CTP_r0_actual
 13484.6 24317.5 7537.26 2120.38 1466.1
CTP_p0_proyectada
 9024.1 10297.5 10491.3 3251.81 1309.48
 9024.1 4473.07 1871.8 1907.03 698.533
Wmedp
 8.2 21.6 31.4 40.1 44.5
nmprior
 10.8 10.6 4.6 0
nm_flota  nm_reclas  nm_pelaces    nm_pelaL
inf 14.0058 7.99756 14.9226
cv_recla  cv_pelaces  cv_mph
1.08556 0.790026 1.1356
 ------------------------------------------------
Talla a la edad & desviaci?n 
 7.2 14.2025 17.0495 18.207 18.6776
 1.08 2.13037 2.55742 2.73105 2.80164
