years
 1997 1998 1999 2000 2001 2002 2003 2004 2005 2006 2007 2008 2009 2010 2011 2012 2013 2014 2015 2016 2017 2018 2019 2020 2021 2022
reclasobs
 0 0 0 370054 412103 1.49427e+06 250295 1.28982e+06 931140 785840 897777 1.04006e+06 184774 17550 25797 100020 73551 82996 120727 218422 84188 347160 605670 569463 516374 1.08416e+06
reclaspred
 1.14833e+06 237973 604080 311244 358466 397403 722059 565182 1.01836e+06 1.49034e+06 1.56487e+06 1.12524e+06 658506 319395 204698 169500 141228 163065 183805 314081 588064 606464 931067 1.09933e+06 1.43892e+06 1.25784e+06
pelacesobs
 0 0 0 0 0 0 0 0 0 2.06254e+06 1.5e+06 0 1.87456e+06 323000 250000 174000 83755 137374 0 501740 490994 745055 786931 1.00524e+06 1.33801e+06 1.41789e+06
pelacespred
 669253 237372 206309 218498 216582 178360 366428 338506 588430 884860 834497 628827 377633 157820 96359.2 86752.7 74273.5 82112.1 95754.3 157514 333292 364800 438942 595026 744758 727900
mphobs
 0 0 0 0 0 0 112323 0 153150 637223 0 255016 313432 73983 77613 109348 50772 17779 17303 59886 28197 0 207744 136588 643089 65757
mphpred
 809714 438356 382415 344596 282607 381193 460010 574596 675770 1.19708e+06 1.54625e+06 1.1612e+06 724787 387704 188048 145755 115347 120271 145754 193063 394084 576252 652542 873096 1.12186e+06 1.08434e+06
desembarqueobs
 350755 77701 442110 56441 14545 235359 269955 359681 431902 328805 639364 411747 362871 311530 167758 66681 60226 58785 57116 73181 50977 67692 138656 160484 209506 203330
desembarquepred
 350760 77701 442124 56443.8 14545.2 235520 269974 359569 431730 328665 639434 411793 362748 311767 167672 66702.9 60272.8 58782.6 57099.5 73149.6 50971.9 67676.1 138639 160457 209477 203283
Reclutas
 42623.9 44753.3 22097.3 23211.1 40974.7 27161.5 58293.3 74579.2 173986 202441 70652.1 41701.8 44154.4 25787.7 19047.1 12227.8 9362.89 11758.5 18857.5 37038 57305.3 49251 76284 111975 42252.7 49773.1
log_desv_Rt
 0.0589106 0.107661 -0.598048 -0.548874 0.0194497 -0.391703 0.371983 0.618357 1.46547 1.61694 0.564264 0.0370397 0.0941881 -0.443607 -0.74659 -1.18979 -1.45675 -1.22893 -0.756596 -0.0815593 0.354888 0.203425 0.640959 1.02477 0.0501642 0.21397
SSB
 809714 438356 382415 344596 282607 381193 446107 567368 661657 1.17572e+06 1.54625e+06 1.1612e+06 742527 400091 199126 157074 130115 130620 150138 207655 403401 576252 669216 858605 1.19978e+06 1.19123e+06
BT
 2.10956e+06 585382 759100 515326 506957 536539 1.2152e+06 1.20742e+06 2.08519e+06 2.46751e+06 2.26294e+06 1.62655e+06 1.14689e+06 624528 364737 235299 213694 234890 262800 446464 865758 784228 1.02444e+06 1.44923e+06 1.64424e+06 1.61696e+06
Ftot
 0.294016 0.313948 0.680716 0.175892 0.0396812 0.557248 0.358951 0.600489 0.406914 0.213671 0.389879 0.35017 0.520124 0.887717 0.758573 0.376117 0.407274 0.345841 0.299107 0.225502 0.0845731 0.108671 0.144695 0.141921 0.141446 0.156872
BD_Bspro_t
 0.958227 0.75944 0.641474 0.434306 0.515784 0.64951 0.542072 0.570084 0.571768 0.647636 0.675865 0.536962 0.434989 0.333368 0.222719 0.219676 0.250807 0.325073 0.413273 0.548102 0.710873 0.814224 0.812855 0.805462 0.811815 0.764932
BD_Bspro
 0.975555 0.528137 0.460739 0.415174 0.340488 0.459266 0.537476 0.683572 0.797174 1.41652 1.86294 1.39903 0.894607 0.482035 0.23991 0.189245 0.156765 0.157373 0.180888 0.250185 0.486023 0.694277 0.80628 1.03446 1.44551 1.43521
BD_Bo
 0.443819 0.240271 0.209608 0.188879 0.154902 0.208939 0.244519 0.310984 0.362666 0.644431 0.847525 0.636473 0.406992 0.219297 0.109145 0.0860953 0.0713186 0.0715952 0.0822933 0.113819 0.221111 0.315854 0.366809 0.470617 0.657619 0.652936
BD_Brms
 2.15721 1.16785 1.01881 0.918059 0.752909 1.01556 1.1885 1.51156 1.76276 3.1323 4.11945 3.09362 1.97821 1.06591 0.530504 0.418471 0.346648 0.347993 0.399992 0.553225 1.07473 1.53523 1.7829 2.28746 3.1964 3.17364
S_f
 0.5 1 1 1 1
 0.5 1 1 1 1
 0.5 1 1 1 1
 0.5 1 1 1 1
 0.5 1 1 1 1
 0.5 1 1 1 1
 0.5 1 1 1 1
 0.5 1 1 1 1
 0.5 1 1 1 1
 0.5 1 1 1 1
 0.5 1 1 1 1
 0.5 1 1 1 1
 0.5 1 1 1 1
 0.5 1 1 1 1
 0.5 1 1 1 1
 0.5 1 1 1 1
 0.5 1 1 1 1
 0.5 1 1 1 1
 0.5 1 1 1 1
 0.5 1 1 1 1
 0.5 1 1 1 1
 0.5 1 1 1 1
 0.5 1 1 1 1
 0.5 1 1 1 1
 0.5 1 1 1 1
 0.5 1 1 1 1
Scru_reclas
 0.5 1 1 1 1
 0.5 1 1 1 1
 0.5 1 1 1 1
 0.5 1 1 1 1
 0.5 1 1 1 1
 0.5 1 1 1 1
 0.5 1 1 1 1
 0.5 1 1 1 1
 0.5 1 1 1 1
 0.5 1 1 1 1
 0.5 1 1 1 1
 0.5 1 1 1 1
 0.5 1 1 1 1
 0.5 1 1 1 1
 0.5 1 1 1 1
 0.5 1 1 1 1
 0.5 1 1 1 1
 0.5 1 1 1 1
 0.5 1 1 1 1
 0.5 1 1 1 1
 0.5 1 1 1 1
 0.5 1 1 1 1
 0.5 1 1 1 1
 0.5 1 1 1 1
 0.5 1 1 1 1
 0.5 1 1 1 1
Scru_pelaces
 0.5 1 1 1 1
 0.5 1 1 1 1
 0.5 1 1 1 1
 0.5 1 1 1 1
 0.5 1 1 1 1
 0.5 1 1 1 1
 0.5 1 1 1 1
 0.5 1 1 1 1
 0.5 1 1 1 1
 0.5 1 1 1 1
 0.5 1 1 1 1
 0.5 1 1 1 1
 0.5 1 1 1 1
 0.5 1 1 1 1
 0.5 1 1 1 1
 0.5 1 1 1 1
 0.5 1 1 1 1
 0.5 1 1 1 1
 0.5 1 1 1 1
 0.5 1 1 1 1
 0.5 1 1 1 1
 0.5 1 1 1 1
 0.5 1 1 1 1
 0.5 1 1 1 1
 0.5 1 1 1 1
 0.5 1 1 1 1
pf_obs 
 0.256992 0.487395 0.22802 0.0275931 0
 0.321318 0.546541 0.124235 0.00734118 0.000564706
 0.182869 0.594174 0.210203 0.0122559 0.00049798
 0.330522 0.361315 0.267642 0.0388342 0.00168674
 0.649043 0.306663 0.0425973 0.00169635 0
 0.582887 0.30429 0.105238 0.00758474 0
 0.465427 0.430635 0.0974691 0.00646863 0
 0.296916 0.608066 0.0921331 0.00288517 0
 0.311714 0.524322 0.152257 0.0117073 0
 0.15457 0.633149 0.183074 0.0267441 0.00246327
 0.131901 0.49318 0.331252 0.0422183 0.00144891
 0.196976 0.569456 0.194076 0.0375587 0.00193317
 0.518974 0.381816 0.0799577 0.0180837 0.00116848
 0.0928022 0.601141 0.25162 0.0475244 0.00691264
 0.122501 0.610282 0.24278 0.0234846 0.000952079
 0.383417 0.481906 0.127806 0.00687128 0
 0.0376549 0.599619 0.316969 0.0457579 0
 0.0361596 0.667082 0.258105 0.0386534 0
 0.158088 0.579412 0.248529 0.0139706 0
 0.0477256 0.309471 0.559284 0.082774 0.000745712
 0.0406174 0.521527 0.379366 0.0568643 0.0016247
 0.151134 0.462217 0.34131 0.0453401 0
 0.294876 0.26143 0.354403 0.0886775 0.000613685
 0.281977 0.475581 0.204845 0.0348837 0.00271318
 0.0841818 0.532909 0.334909 0.0458182 0.00218182
 0.115287 0.27431 0.454777 0.147771 0.00785563
pf_pred 
 0.448339 0.388238 0.146026 0.0173913 5.2177e-06
 0.455358 0.347946 0.138427 0.0520659 0.00620278
 0.301313 0.451855 0.15769 0.0627354 0.0264075
 0.442427 0.28656 0.175269 0.061166 0.0345775
 0.550384 0.281116 0.0865992 0.0529669 0.028934
 0.352092 0.461492 0.116554 0.035905 0.033957
 0.633631 0.205786 0.11438 0.0288877 0.0173152
 0.580085 0.333122 0.0487509 0.0270967 0.0109455
 0.726042 0.210277 0.0505181 0.00739311 0.00576912
 0.56284 0.374414 0.0481608 0.0115704 0.00301461
 0.23707 0.558769 0.174858 0.0224919 0.00681145
 0.241888 0.311125 0.327373 0.102446 0.0171683
 0.369081 0.261142 0.151754 0.159679 0.0583431
 0.343449 0.378784 0.11497 0.0668112 0.0959863
 0.438016 0.325035 0.136703 0.0414925 0.0587534
 0.403588 0.394878 0.116561 0.049023 0.0359492
 0.378644 0.373756 0.163934 0.0483903 0.0352762
 0.490941 0.294468 0.12908 0.0566159 0.028895
 0.581976 0.284548 0.0772097 0.0338448 0.022421
 0.6445 0.267393 0.0599741 0.0162734 0.0118591
 0.585294 0.329502 0.064087 0.0143742 0.00674262
 0.407152 0.440472 0.121069 0.0235475 0.00775895
 0.498973 0.293676 0.154056 0.0423443 0.0109495
 0.525094 0.320473 0.0905209 0.0474854 0.016427
 0.226728 0.539093 0.158027 0.0446363 0.0315155
 0.33296 0.252828 0.288771 0.0846489 0.0407916
pobs_RECLAS
 0 0 0 0 0
 0 0 0 0 0
 0 0 0 0 0
 0 0 0 0 0
 0.835266 0.146461 0.0176864 0.000547809 3.91292e-05
 0.385257 0.428462 0.181853 0.0044286 0
 0.867414 0.0963971 0.0333333 0.00285562 0
 0.441836 0.489002 0.0689373 0.000224442 0
 0.779404 0.147425 0.0564933 0.0165055 0.000172143
 0.814271 0.122319 0.05973 0.00367925 0
 0.40263 0.566651 0.0304383 0.000280538 0
 0.475488 0.404961 0.113038 0.00651328 0
 0.955842 0.0263864 0.0167828 0.000988607 0
 0.975058 0.0227948 0.00214734 0 0
 0.738997 0.206755 0.0527124 0.00153531 0
 0.850938 0.134255 0.0134407 0.00136685 0
 0.542534 0.407297 0.0501686 0 0
 0.764087 0.199537 0.0359546 0.000420521 0
 0.470689 0.182191 0.310203 0.0369168 0
 0.84361 0.089868 0.0606195 0.00523954 0.000663233
 0.607945 0.314616 0.071237 0.00620181 0
 0.523733 0.453247 0.0230204 0 0
 0.530135 0.295979 0.169645 0.0042399 0
 0.562478 0.366248 0.0663022 0.0049721 0
 0.250443 0.683176 0.0655157 0.000865301 0
 0.195077 0.31981 0.436473 0.0351445 0.0134964
ppred_RECLAS
 0.451091 0.386301 0.145298 0.0173046 5.19168e-06
 0.458351 0.346034 0.137667 0.0517798 0.00616869
 0.308414 0.447262 0.156087 0.0620978 0.0261391
 0.443915 0.285795 0.174802 0.0610028 0.0344853
 0.55068 0.280931 0.0865422 0.0529321 0.0289149
 0.357914 0.457345 0.115507 0.0355824 0.0336519
 0.636937 0.203929 0.113348 0.028627 0.0171589
 0.586928 0.327693 0.0479564 0.0266551 0.0107671
 0.729363 0.207728 0.0499058 0.00730349 0.00569919
 0.564701 0.37282 0.0479558 0.0115212 0.00300178
 0.23995 0.55666 0.174197 0.022407 0.00678573
 0.244433 0.31008 0.326274 0.102102 0.0171107
 0.374491 0.258902 0.150453 0.15831 0.0578428
 0.354576 0.372364 0.113021 0.0656788 0.0943596
 0.44765 0.319463 0.134359 0.0407812 0.0577462
 0.40724 0.392461 0.115848 0.0487229 0.0357292
 0.3826 0.371376 0.16289 0.0480823 0.0350516
 0.494345 0.292499 0.128217 0.0562374 0.0287018
 0.584737 0.282669 0.0766998 0.0336213 0.0222729
 0.646346 0.266005 0.0596627 0.016189 0.0117975
 0.58594 0.328989 0.0639871 0.0143518 0.00673211
 0.407998 0.439844 0.120896 0.0235139 0.00774788
 0.500179 0.29297 0.153686 0.0422424 0.0109232
 0.52627 0.319679 0.0902967 0.0473678 0.0163863
 0.227553 0.538518 0.157858 0.0445887 0.0314819
 0.334135 0.252382 0.288263 0.0844998 0.0407197
pobs_PELACES
 0 0 0 0 0
 0 0 0 0 0
 0 0 0 0 0
 0 0 0 0 0
 0 0 0 0 0
 0 0 0 0 0
 0 0 0 0 0
 0 0 0 0 0
 0 0 0 0 0
 0 0 0 0 0
 0.450072 0.473896 0.0757376 0.000293798 0
 0 0 0 0 0
 0.463077 0.371075 0.160297 0.00555027 0
 0.529543 0.364841 0.0842815 0.0213345 0
 0.631943 0.363953 0.00410389 0 0
 0.735681 0.248677 0.0153453 0.000297389 0
 0.695825 0.281241 0.0229344 0 0
 0.275771 0.60734 0.115278 0.00161068 0
 0 0 0 0 0
 0.896147 0.0623911 0.0374545 0.00400742 0
 0.803859 0.145111 0.0509908 3.86294e-05 0
 0.739449 0.233085 0.0266225 0.000797448 4.60066e-05
 0.878498 0.100942 0.0204185 0.000141795 0
 0.694673 0.275183 0.0284847 0.00165964 0
 0.469039 0.446079 0.0841089 0.000773354 0
 0.822795 0.102175 0.0682046 0.00682512 0
ppred_PELACES
 0.463129 0.377829 0.142111 0.0169251 5.07782e-06
 0.471236 0.337802 0.134392 0.050548 0.00602195
 0.332871 0.431445 0.150567 0.0599018 0.0252147
 0.45109 0.282108 0.172546 0.0602157 0.0340403
 0.552299 0.279919 0.0862303 0.0527413 0.0288107
 0.379308 0.442106 0.111658 0.0343968 0.0325306
 0.650519 0.1963 0.109107 0.027556 0.016517
 0.610725 0.308815 0.0451937 0.0251195 0.0101468
 0.742411 0.197714 0.0474998 0.00695139 0.00542443
 0.573347 0.365415 0.0470033 0.0112923 0.00294216
 0.251878 0.547924 0.171464 0.0220554 0.00667924
 0.255261 0.305637 0.321598 0.100639 0.0168655
 0.394801 0.250496 0.145568 0.15317 0.0559647
 0.388764 0.35264 0.107035 0.0621999 0.0893614
 0.478762 0.301469 0.126791 0.0384841 0.0544936
 0.422302 0.382488 0.112904 0.0474848 0.0348212
 0.398594 0.361756 0.15867 0.0468367 0.0341436
 0.508609 0.284248 0.1246 0.0546509 0.0278921
 0.596668 0.274547 0.074496 0.0326553 0.021633
 0.654804 0.259643 0.0582358 0.0158018 0.0115154
 0.589322 0.326302 0.0634646 0.0142346 0.00667713
 0.412336 0.436621 0.12001 0.0233416 0.0076911
 0.506147 0.289471 0.151851 0.041738 0.0107928
 0.532104 0.315742 0.0891847 0.0467844 0.0161845
 0.231682 0.53564 0.157015 0.0443504 0.0313136
 0.339919 0.25019 0.285759 0.0837659 0.0403661
pobs_pel_tallas
 0 0 0 0 0 0 0 0 0 0 0 0 0 0 0 0 0 0 0 0 0 0 0 0 0 0 0 0 0 0 0 0 0 0 0 0
 0 0 0 0 0 0 0 0 0 0 0 0 0 0 0 0 0 0 0 0 0 0 0 0 0 0 0 0 0 0 0 0 0 0 0 0
 0 0 0 0 0 0 0 0 0 0 0 0 0 0 0 0 0 0 0 0 0 0 0 0 0 0 0 0 0 0 0 0 0 0 0 0
 0 0 0 0 0 0 0 0 0 0 0 0 0 0 0 0 0 0 0 0 0 0 0 0 0 0 0 0 0 0 0 0 0 0 0 0
 0 0 0 0 0 0 0 0 0 0 0 0 0 0 0 0 0 0 0 0 0 0 0 0 0 0 0 0 0 0 0 0 0 0 0 0
 0 0 0 0 0 0 0 0 0 0 0 0 0 0 0 0 0 0 0 0 0 0 0 0 0 0 0 0 0 0 0 0 0 0 0 0
 0 0 0 0 0 0 0 0 0 0 0 0 0 0 0 0 0 0 0 0 0 0 0 0 0 0 0 0 0 0 0 0 0 0 0 0
 0 0 0 0 0 0 0 0 0 0 0 0 0 0 0 0 0 0 0 0 0 0 0 0 0 0 0 0 0 0 0 0 0 0 0 0
 0 0 0 0 0 0 0 0 0 0 0 0 0 0 0 0 0 0 0 0 0 0 0 0 0 0 0 0 0 0 0 0 0 0 0 0
 0 0 0 0 0 0 0 0 0 0 0 0 0 0 0 0 0 0 0 0 0 0 0 0 0 0 0 0 0 0 0 0 0 0 0 0
 0 0 0 0 0 0 0 0 1.78061e-05 0.00172719 0.00360574 0.0105946 0.0120993 0.0124554 0.0147524 0.0171206 0.0266825 0.0428682 0.0675386 0.121331 0.153587 0.119568 0.100827 0.0573624 0.0630603 0.0341343 0.0324427 0.0444173 0.0211091 0.0280891 0.0125444 0.00206551 0 0 0 0
 0 0 0 0 0 0 0 0 0 0 0 0 0 0 0 0 0 0 0 0 0 0 0 0 0 0 0 0 0 0 0 0 0 0 0 0
 0 0 0 0 0 0 0.0133647 0.0140871 0.0187388 0.0205184 0.03894 0.0496705 0.03968 0.0493445 0.0407372 0.0367815 0.0215668 0.0243155 0.0234873 0.0199281 0.019796 0.0243948 0.0301388 0.0376714 0.0412746 0.0863199 0.0771752 0.113111 0.0741005 0.0525337 0.0229764 0.00759418 0.00175318 0 0 0
 0 0 0 0 0 0 0 0 0 0 0.00219441 0.00772107 0.0458388 0.0604681 0.0671733 0.0775358 0.0609151 0.0617685 0.073594 0.0568108 0.0755445 0.0548602 0.0670107 0.0636378 0.0643287 0.046367 0.0373049 0.0286899 0.0247887 0.0153202 0.00654259 0.00121912 0.000365735 0 0 0
 0 0 0 0 0 0 0 0 0 0 0 0 0.000112435 0.00938835 0.0111873 0.0202946 0.0414886 0.0713402 0.111592 0.104902 0.108894 0.110636 0.117776 0.105296 0.107544 0.0401394 0.0192827 0.0124803 0.00416011 0.0028671 0.000618394 0 0 0 0 0
 0 0 0 0 0 0 0 0 0 0 0.00291406 0.0102884 0.027416 0.0768956 0.0749926 0.110853 0.0956884 0.0897413 0.0766577 0.0534642 0.0500743 0.0551293 0.0594112 0.0620874 0.0668451 0.0424026 0.0208742 0.0120726 0.0048766 0.00582813 0.00118941 0.000297354 0 0 0 0
 0 0.00264628 0.0354308 0.0461629 0.0458689 0.0383711 0.0214643 0.0164657 0.0346957 0.0420465 0.0363128 0.0245516 0.0311673 0.0291091 0.0169068 0.0133784 0.00837989 0.0085269 0.0148486 0.0160247 0.0276389 0.0546898 0.0760071 0.122758 0.109233 0.0665981 0.0333725 0.0166128 0.00676272 0.00308733 0.000882094 0 0 0 0 0
 0 0 0 0 0 0 0 0.000805153 0.000690131 0.00759144 0.0133425 0.0154129 0.00931677 0.000345066 0.00356568 0.00563607 0.00851162 0.0253048 0.0502646 0.0516448 0.0657925 0.0565908 0.0611916 0.0827007 0.0866115 0.110766 0.145733 0.0935128 0.0569358 0.0249597 0.0138026 0.00621118 0.00161031 0.00115022 0 0
 0 0 0 0 0 0 0 0 0 0 0 0 0 0 0 0 0 0 0 0 0 0 0 0 0 0 0 0 0 0 0 0 0 0 0 0
 0.00147267 0.00158595 0.00478618 0.00569244 0.00954404 0.0108468 0.00647125 0.017049 0.0510054 0.094081 0.124002 0.0959785 0.0687766 0.0820023 0.061753 0.0591476 0.0492212 0.0479892 0.0443925 0.0268479 0.0217502 0.0140895 0.0121071 0.0120363 0.00920419 0.00665534 0.0049561 0.00860946 0.00930331 0.0156896 0.0114698 0.00855282 0.00243557 0.00046729 0 2.83206e-05
 0 0 0 0 0.000772559 0.00158375 0.000888443 0.00281984 0.00712685 0.0440552 0.0773331 0.111326 0.0921469 0.0852325 0.0710754 0.0886704 0.0786465 0.0553345 0.0373146 0.0185414 0.00753245 0.00457741 0.012979 0.0271748 0.0457355 0.0583668 0.034881 0.0177882 0.00938659 0.00492506 0.0015258 0.00185414 0.000309023 5.79419e-05 3.86279e-05 0
 0 0.00173294 0.00326652 0 0.00397197 0.00683976 0.00946217 0.0152591 0.00757587 0.0136028 0.0228656 0.0392903 0.0559909 0.0764795 0.0681675 0.0726916 0.0566044 0.0477403 0.0527397 0.0444891 0.0609904 0.0582453 0.0661739 0.0445044 0.0529084 0.0360697 0.0280645 0.0235558 0.0158879 0.00826598 0.00280645 0.00217768 0.000904811 0.00058276 9.20147e-05 0
 0 0 0 0 0 0 0 0 0 0 0 0 0 0 0 0 0 0 0 0 0 0 0 0 0 0 0 0 0 0 0 0 0 0 0 0
 0 0 0 0 0 0 0 0 0 0 0 0 0 0 0 0 0 0 0 0 0 0 0 0 0 0 0 0 0 0 0 0 0 0 0 0
 0 0 0 0 0 0 0 0 0 0 0 0 0 0 0 0 0 0 0 0 0 0 0 0 0 0 0 0 0 0 0 0 0 0 0 0
 0 0 0 0 0 0 0 0 0 0 0 0 0 0 0 0 0 0 0 0 0 0 0 0 0 0 0 0 0 0 0 0 0 0 0 0
ppred_pel_tallas
 1.02723e-16 2.02229e-05 0.000118652 0.000563934 0.00217104 0.00677005 0.0171009 0.034993 0.0580132 0.0779357 0.084877 0.0750281 0.054058 0.0322564 0.0169794 0.00974122 0.00846676 0.010656 0.0147374 0.0199123 0.0256528 0.0314134 0.0365849 0.0405773 0.0429397 0.0434584 0.0421951 0.0394519 0.0356811 0.031371 0.0269478 0.0227174 0.0188555 0.0154311 0.012447 0.00987623
 1.04037e-16 2.05747e-05 0.000120721 0.00057378 0.00220896 0.00688833 0.0173996 0.0356038 0.0590246 0.0792904 0.0863416 0.0762973 0.054917 0.032658 0.0169885 0.00943037 0.00785438 0.00970658 0.0133922 0.0181248 0.0234173 0.0287864 0.0336944 0.0376171 0.0401489 0.0410873 0.0404668 0.0385284 0.0356409 0.0322028 0.0285594 0.0249561 0.0215333 0.0183502 0.0154215 0.0127477
 1.05515e-16 1.45451e-05 8.53138e-05 0.00040543 0.00156074 0.00486684 0.0122936 0.0251574 0.0417122 0.0560521 0.0610846 0.0540922 0.0391822 0.0237986 0.0132942 0.00883552 0.00901081 0.0120851 0.0169481 0.0229792 0.0296737 0.0364417 0.0426039 0.0474973 0.050613 0.0517051 0.0508323 0.0483164 0.0446393 0.0403157 0.0357844 0.0313492 0.0271736 0.0233132 0.0197664 0.0165162
 1.06201e-16 1.9694e-05 0.000115556 0.000549235 0.00211447 0.00659368 0.0166553 0.0340805 0.0564982 0.0758935 0.0826347 0.0730029 0.052505 0.0311425 0.0160535 0.00868323 0.00698592 0.00851775 0.0117684 0.0160213 0.0208675 0.0259172 0.0307313 0.0348694 0.0379716 0.0398272 0.0404036 0.0398261 0.0383202 0.0361413 0.0335162 0.0306134 0.0275442 0.0243828 0.021192 0.0180406
 1.04474e-16 2.41069e-05 0.000141464 0.000672407 0.00258872 0.00807261 0.0203909 0.0417238 0.0691667 0.0929036 0.101136 0.089301 0.0641247 0.0378281 0.0191164 0.00971611 0.00707419 0.00815304 0.0110713 0.0149443 0.0192983 0.0237194 0.0277651 0.0310096 0.033128 0.0339642 0.0335575 0.0321135 0.0299375 0.0273506 0.0246215 0.0219288 0.019361 0.0169402 0.0146567 0.0124986
 1.04431e-16 1.65703e-05 9.72028e-05 0.00046195 0.00177835 0.00554546 0.0140078 0.0286647 0.0475258 0.063859 0.0695785 0.0615807 0.0445343 0.0269049 0.0147678 0.00942308 0.00922997 0.0121827 0.0169986 0.0229724 0.0295558 0.0361291 0.0419907 0.0464657 0.0490498 0.0495215 0.0479834 0.0448158 0.0405647 0.0358035 0.0310152 0.0265254 0.0224944 0.0189533 0.0158585 0.0131434
 1.03332e-16 2.83865e-05 0.000166596 0.000791905 0.00304885 0.00950752 0.0240153 0.0491389 0.0814548 0.109397 0.119059 0.10505 0.0752674 0.0440672 0.0216514 0.00999397 0.00602888 0.00613672 0.00809753 0.0109215 0.0141679 0.0175237 0.0206725 0.0233058 0.025177 0.0261489 0.0262149 0.0254829 0.0241339 0.0223703 0.0203711 0.0182689 0.0161484 0.0140588 0.0120328 0.0101003
 1.0208e-16 2.66557e-05 0.000156425 0.000743528 0.00286254 0.00892651 0.0225478 0.0461372 0.0764826 0.102729 0.11183 0.0987377 0.0708882 0.0417913 0.0210676 0.0106178 0.00760677 0.00865974 0.0116769 0.015658 0.0200571 0.0243974 0.0281788 0.0309321 0.0323164 0.0321975 0.0306755 0.0280499 0.0247372 0.0211689 0.0177045 0.0145818 0.0119093 0.00969248 0.00787517 0.0063793
 1.01232e-16 3.23933e-05 0.00019012 0.00090374 0.00347944 0.0108503 0.027407 0.0560787 0.0929574 0.124842 0.135859 0.119852 0.0858256 0.0501526 0.0244597 0.0109782 0.00618356 0.00591916 0.00762883 0.0101691 0.0130364 0.0158896 0.0184002 0.0202629 0.0212523 0.0212729 0.0203777 0.0187476 0.0166405 0.014328 0.012041 0.00993783 0.00809873 0.00654075 0.00524188 0.0041642
 1.01312e-16 2.50281e-05 0.000146865 0.000698065 0.00268748 0.00838056 0.0211689 0.0433162 0.0718084 0.0964578 0.105021 0.0927676 0.0666937 0.0395029 0.0202545 0.0107652 0.00840395 0.0100223 0.0136459 0.0182996 0.0233961 0.0283801 0.032657 0.0356694 0.0370164 0.0365466 0.0343929 0.0309298 0.0266742 0.0221629 0.0178458 0.0140233 0.0108355 0.0082908 0.0063148 0.00479879
 1.03683e-16 1.10183e-05 6.45971e-05 0.000306916 0.00118139 0.00368384 0.00930563 0.0190445 0.0315836 0.0424616 0.0463274 0.0411513 0.0300843 0.0188232 0.0115031 0.00910678 0.010664 0.0149301 0.0210693 0.0285198 0.0366952 0.0448438 0.0520902 0.0575857 0.0606909 0.0611165 0.0589792 0.0547464 0.0491015 0.0427739 0.0363918 0.030397 0.0250294 0.0203646 0.0163764 0.0129951
 1.08911e-16 1.11563e-05 6.54287e-05 0.000310917 0.00119688 0.00373219 0.00942749 0.0192921 0.0319874 0.0429844 0.0468445 0.0414844 0.0300552 0.0182686 0.0102362 0.00686614 0.00709969 0.0096444 0.0137039 0.0188739 0.0248491 0.0312561 0.0376301 0.0434744 0.048346 0.0519294 0.0540738 0.0547828 0.0541717 0.0524104 0.0496788 0.0461464 0.0419759 0.0373373 0.0324202 0.0274326
 1.10027e-16 1.7238e-05 0.000101141 0.00048071 0.00185065 0.00577097 0.0145772 0.0298283 0.0494492 0.0664256 0.0723284 0.063904 0.0459745 0.0272969 0.0141241 0.00772945 0.00633346 0.00781202 0.0108613 0.014875 0.0195176 0.0244696 0.0293651 0.0338292 0.0375459 0.0403129 0.0420641 0.0428498 0.0427892 0.0420151 0.0406325 0.0387059 0.0362724 0.0333696 0.0300626 0.0264582
 1.07947e-16 1.69788e-05 9.96097e-05 0.000473412 0.00182252 0.00568321 0.0143556 0.0293757 0.0487018 0.0654304 0.0712678 0.0630216 0.0454586 0.0272285 0.0145231 0.00863477 0.00784514 0.010078 0.0140305 0.0190377 0.0246485 0.0303838 0.0357025 0.0400774 0.0431037 0.0445837 0.0445573 0.0432655 0.0410651 0.0383264 0.0353491 0.0323206 0.0293201 0.0263539 0.0234017 0.0204556
 1.05767e-16 2.09013e-05 0.000122642 0.00058292 0.00224417 0.00699812 0.0176769 0.0361709 0.0599634 0.0805479 0.0877012 0.0774755 0.0557147 0.0330314 0.0169978 0.00914264 0.00728624 0.0088237 0.0121378 0.0164517 0.0213149 0.0263003 0.0309361 0.0347606 0.037413 0.0387065 0.038658 0.0374594 0.0354094 0.032828 0.0299866 0.0270706 0.0241793 0.0213516 0.0185993 0.0159358
 1.04986e-16 1.84427e-05 0.0001082 0.000514246 0.00197973 0.00617345 0.015594 0.0319097 0.0529027 0.0710738 0.0774134 0.0684529 0.0493693 0.0295565 0.0157373 0.00931085 0.00840358 0.0107507 0.0149246 0.020188 0.0260336 0.0319236 0.0372541 0.0414415 0.0440437 0.0448553 0.0439441 0.0416115 0.0382992 0.0344728 0.0305242 0.0267176 0.0231855 0.0199601 0.01702 0.0143317
 1.05575e-16 1.74081e-05 0.000102128 0.000485383 0.0018686 0.00582692 0.0147186 0.0301185 0.0499334 0.0670853 0.0730708 0.0646172 0.0466122 0.027925 0.0149049 0.00887842 0.00808536 0.0103984 0.0144823 0.0196541 0.0254468 0.0313605 0.0368265 0.041285 0.0442983 0.0456401 0.0453323 0.0436123 0.0408509 0.0374504 0.0337581 0.0300198 0.0263764 0.022891 0.0195869 0.01648
 1.05043e-16 2.22021e-05 0.000130281 0.000619238 0.002384 0.0074342 0.0187784 0.0384245 0.0636983 0.0855614 0.093151 0.0822686 0.059115 0.0349538 0.0178149 0.00930483 0.00709067 0.00839185 0.0114867 0.0155611 0.0201655 0.0248907 0.0292895 0.0329239 0.0354496 0.0366855 0.0366421 0.0354951 0.0335225 0.0310253 0.0282615 0.0254115 0.0225779 0.0198072 0.0171209 0.0145403
 1.0328e-16 2.60414e-05 0.000152822 0.000726404 0.00279662 0.00872094 0.0220286 0.0450745 0.0747202 0.10036 0.109246 0.0964435 0.0692139 0.0407503 0.0204441 0.0101449 0.00707734 0.00794467 0.0107055 0.0144058 0.0185488 0.0227156 0.0264659 0.0293804 0.0311438 0.0316132 0.0308437 0.0290597 0.0265869 0.0237678 0.0208899 0.0181469 0.0156342 0.0133724 0.0113407 0.00950791
 1.01993e-16 2.85758e-05 0.000167702 0.000797149 0.00306902 0.0095704 0.0241742 0.0494645 0.0819962 0.110129 0.119868 0.105795 0.0758679 0.0445525 0.0221369 0.0106288 0.00695887 0.00748951 0.00997099 0.0133634 0.017149 0.020915 0.0242381 0.0267204 0.0280679 0.028156 0.0270544 0.0249986 0.0223232 0.0193794 0.016463 0.0137745 0.0114122 0.00939321 0.00768592 0.00624087
 1.01809e-16 2.57232e-05 0.000150949 0.000717488 0.00276228 0.00861383 0.0217581 0.0445214 0.0738049 0.0991354 0.107925 0.0953066 0.0684615 0.0404347 0.0205208 0.0105676 0.00785283 0.00913019 0.0123754 0.0166131 0.021291 0.0259105 0.0299413 0.0328833 0.0343704 0.0342536 0.0326319 0.0298164 0.0262449 0.0223755 0.0185948 0.0151646 0.0122125 0.00975785 0.00775242 0.00612119
 1.03008e-16 1.80104e-05 0.000105657 0.000502145 0.00193311 0.00602808 0.0152268 0.0311589 0.0516598 0.0694095 0.0756151 0.0668974 0.0483224 0.0290798 0.015756 0.00974295 0.00923523 0.0120355 0.0167438 0.0226054 0.029057 0.0354768 0.0411641 0.0454457 0.0478184 0.0480605 0.0462755 0.0428465 0.0383267 0.0333023 0.0282743 0.0235896 0.0194299 0.0158431 0.0127952 0.010219
 1.04189e-16 2.20951e-05 0.000129651 0.000616245 0.00237248 0.00739826 0.0186876 0.0382388 0.0633907 0.085149 0.0927039 0.0818784 0.0588449 0.0348149 0.0177826 0.00935124 0.00720353 0.00857621 0.0117579 0.0159368 0.0206593 0.0255073 0.03002 0.0337429 0.036315 0.0375402 0.0374185 0.0361221 0.0339334 0.0311656 0.0280966 0.0249322 0.0218018 0.0187778 0.0159025 0.0132097
 1.03733e-16 2.32278e-05 0.0001363 0.000647847 0.00249414 0.00777767 0.019646 0.0401999 0.0666418 0.0895163 0.0974595 0.0860804 0.0618684 0.0366102 0.0187096 0.00985013 0.00759083 0.00901751 0.012316 0.0166122 0.021404 0.0262265 0.0305764 0.0339708 0.0360452 0.0366318 0.0357897 0.0337724 0.03095 0.0277126 0.0243895 0.0212036 0.0182676 0.0156094 0.0132108 0.0110418
 1.05391e-16 1.0137e-05 5.94248e-05 0.000282329 0.00108673 0.00338865 0.00856 0.0175188 0.0290543 0.0390644 0.042629 0.0378854 0.0277386 0.0174384 0.0108018 0.00874919 0.0104049 0.0146384 0.0206871 0.0280292 0.0361051 0.0441903 0.0514384 0.057028 0.0603395 0.061091 0.0593906 0.0556815 0.0506095 0.0448581 0.0390081 0.0334576 0.0284121 0.023926 0.0199663 0.016471
 1.08903e-16 1.48454e-05 8.70924e-05 0.000413921 0.00159349 0.00496902 0.0125515 0.0256837 0.0425798 0.0572025 0.0622977 0.0550702 0.0396819 0.0236879 0.0124938 0.0072241 0.00637979 0.00816515 0.0114846 0.015829 0.020901 0.0263909 0.0319223 0.037089 0.0415219 0.0449472 0.0472169 0.0483021 0.0482609 0.0471961 0.0452235 0.0424599 0.0390285 0.0350722 0.0307624 0.0262953
pSPR Fmed_Fpbrs
0.370712   0.255738 0.255738
Fs Fmed_Fpbrs
0.64   1.005 1.005
SSBpbr Bo_Bmed_Bpbrs
1.82443e+06  585115  375353 375353
Ro
40185.4
SPR SPRFo_SPRFmed_SPRFpbrs
830004 307693 212263
log_Ro
10.4213
likeval ReclasPelacesDesembMPH_pf_preclas_ppelaces_ptallas_desvR_qrecl_qpela
 207.284 204.856 0.0152953 229.504 375.21 224.337 62.0179 0 20.135 0 0 0 0 0 0
q_reclas_q_pelaces
1 1
M
0.7
N
 42623.9 19643 7388.22 879.918 0.263991
 44753.3 18272.7 7269.63 2734.29 325.744
 22097.3 18995.3 6629.03 2637.3 1110.13
 23211.1 7807.61 4775.39 1666.53 942.099
 40974.7 10555.9 3251.79 1988.9 1086.47
 27161.5 19947.7 5037.97 1551.97 1467.77
 58293.3 10208.1 5673.84 1432.98 858.923
 74579.2 24191.8 3540.36 1967.8 794.876
 173986 27429.5 6589.8 964.388 752.548
 202441 70493.5 9067.56 2178.44 567.581
 70652.1 90343 28271.4 3636.54 1101.29
 41701.8 28870.7 30378.5 9506.45 1593.13
 44154.4 17382.4 10101.2 10628.8 3883.5
 25787.7 16905.4 5131.18 2981.82 4283.93
 19047.1 8215.64 3455.31 1048.77 1485.06
 12227.8 6472.92 1910.69 803.596 589.287
 9362.89 5031.17 2206.73 651.387 474.857
 11758.5 3792.85 1662.59 729.232 372.177
 18857.5 4911.86 1332.79 584.229 387.031
 37038 8063.56 1808.59 490.745 357.625
 57305.3 16431.4 3195.85 716.802 336.236
 49251 27278.7 7497.89 1458.31 480.517
 76284 23163.9 12151.3 3339.93 863.65
 111975 35237.7 9953.25 5221.27 1806.23
 42252.7 51796.3 15183.3 4288.68 3028.02
 49773.1 19549.4 22328.7 6545.31 3154.13
pred_Ctot
 4226.44 3659.87 1376.57 163.946 0.0491866
 4718.16 3605.22 1434.3 539.478 64.2697
 4674.95 7010.65 2446.6 973.357 409.719
 1412.5 914.875 559.567 195.279 110.393
 579.556 296.017 91.1893 55.7744 30.4676
 4826.82 6326.58 1597.83 492.22 465.516
 6959.13 2260.14 1256.23 317.272 190.172
 14153 8127.54 1189.43 661.108 267.049
 23306.4 6750.04 1621.66 237.323 185.192
 14843.2 9874.05 1270.1 305.135 79.5013
 9101 21450.9 6712.72 863.455 261.489
 4865.77 6258.53 6585.37 2060.78 345.355
 7381.24 5222.56 3034.93 3193.42 1166.8
 6818.6 7520.12 2282.54 1326.42 1905.65
 4418.85 3279.07 1379.1 418.59 592.724
 1523.98 1491.09 440.145 185.115 135.747
 1255.22 1239.02 543.448 160.416 116.942
 1356.27 813.496 356.596 156.407 79.8251
 1900.14 929.043 252.088 110.502 73.204
 2858.71 1186.04 266.018 72.1817 52.6017
 1710.55 962.988 187.298 42.0093 19.7057
 1879.08 2032.86 558.756 108.676 35.809
 3844.91 2262.97 1187.1 326.29 84.3732
 5538.98 3380.53 954.865 500.902 173.281
 2083.3 4953.46 1452.03 410.141 289.581
 2712.59 2059.76 2352.59 689.626 332.325
F
 0.147008 0.294016 0.294016 0.294016 0.294016
 0.156974 0.313948 0.313948 0.313948 0.313948
 0.340358 0.680716 0.680716 0.680716 0.680716
 0.087946 0.175892 0.175892 0.175892 0.175892
 0.0198406 0.0396812 0.0396812 0.0396812 0.0396812
 0.278624 0.557248 0.557248 0.557248 0.557248
 0.179475 0.358951 0.358951 0.358951 0.358951
 0.300245 0.600489 0.600489 0.600489 0.600489
 0.203457 0.406914 0.406914 0.406914 0.406914
 0.106835 0.213671 0.213671 0.213671 0.213671
 0.19494 0.389879 0.389879 0.389879 0.389879
 0.175085 0.35017 0.35017 0.35017 0.35017
 0.260062 0.520124 0.520124 0.520124 0.520124
 0.443858 0.887717 0.887717 0.887717 0.887717
 0.379286 0.758573 0.758573 0.758573 0.758573
 0.188059 0.376117 0.376117 0.376117 0.376117
 0.203637 0.407274 0.407274 0.407274 0.407274
 0.17292 0.345841 0.345841 0.345841 0.345841
 0.149554 0.299107 0.299107 0.299107 0.299107
 0.112751 0.225502 0.225502 0.225502 0.225502
 0.0422865 0.0845731 0.0845731 0.0845731 0.0845731
 0.0543356 0.108671 0.108671 0.108671 0.108671
 0.0723476 0.144695 0.144695 0.144695 0.144695
 0.0709604 0.141921 0.141921 0.141921 0.141921
 0.070723 0.141446 0.141446 0.141446 0.141446
 0.0784358 0.156872 0.156872 0.156872 0.156872
Np
 30900.2 9283.72 4153.86 1508.44 2036.06
YTP_r0W_actual
 130952 239488 380149 130691 68455.5
YTP_p0W_proyectada
 74071.3 238064 125674 183311 84943.6
 74071.3 96714.5 62906.8 29173.4 43698.5
CTP_r0_actual
 14550.2 9428.65 10769.1 3156.79 1521.23
CTP_p0_proyectada
 9033.08 11021.5 4002.35 4571.35 1908.84
 9033.08 4477.52 2003.4 727.517 981.988
Wmedp
 8.2 21.6 31.4 40.1 44.5
nmprior
 10.8 10.6 4.6 0
nm_flota  nm_reclas  nm_pelaces    nm_pelaL
inf 14.0817 7.28415 16.1187
cv_recla  cv_pelaces  cv_mph
1.06139 0.783944 1.23694
 ------------------------------------------------
Talla a la edad & desviaci?n 
 7.2 14.2025 17.0495 18.207 18.6776
 1.08 2.13037 2.55742 2.73105 2.80164
