    unsorted:	 2.711328208e-06 0.007718847383 19.62282603 17.39770602 24.13117608 7.416820351 45.71700476 51.59276722 67.63251715 67.01061690 83.53599063 181.1380052 138.8475941 234.8630630 376.8442337 350.4219252 579.9137619 601.3148736 702.8465421 812.5854440 921.7666242 922.2960405 1035.730193 1299.112231 1284.036198 1576.329029 1529.658960 1712.502936 1797.055359 1869.780844 2053.441380 2100.169776 2562.897760 2579.770688 2863.753421 3017.055326 3402.884551 3784.296024 4087.160855 4195.155877 4652.676794 5277.949319 6910.510274 188806.3005 406477.4025 413163.0340 378879.2891 358329.0666 334818.8337 450850.3076 277011.9121 486230.5076 556761.9180 576250.3604 704740.6598 745159.0308 792397.0251 953811.1277 1091787.132 1199903.669 1343083.132 1472002.692 1648440.447 1742997.021 1922571.292 2316202.409 2481706.315 2638914.866 2687703.126 33129000.62
      sorted:	 2.711328208e-06 0.007718847383 7.416820351 17.39770602 19.62282603 24.13117608 45.71700476 51.59276722 67.01061690 67.63251715 83.53599063 138.8475941 181.1380052 234.8630630 350.4219252 376.8442337 579.9137619 601.3148736 702.8465421 812.5854440 921.7666242 922.2960405 1035.730193 1284.036198 1299.112231 1529.658960 1576.329029 1712.502936 1797.055359 1869.780844 2053.441380 2100.169776 2562.897760 2579.770688 2863.753421 3017.055326 3402.884551 3784.296024 4087.160855 4195.155877 4652.676794 5277.949319 6910.510274 188806.3005 277011.9121 334818.8337 358329.0666 378879.2891 406477.4025 413163.0340 450850.3076 486230.5076 556761.9180 576250.3604 704740.6598 745159.0308 792397.0251 953811.1277 1091787.132 1199903.669 1343083.132 1472002.692 1648440.447 1742997.021 1922571.292 2316202.409 2481706.315 2638914.866 2687703.126 33129000.62
