years
 1997 1998 1999 2000 2001 2002 2003 2004 2005 2006 2007 2008 2009 2010 2011 2012 2013 2014 2015 2016 2017 2018 2019 2020 2021 2022
reclasobs
 0 0 0 370054 412103 1.49427e+06 250295 1.28982e+06 931140 785840 897777 1.04006e+06 184774 17550 25797 100020 73551 82996 120727 218422 84188 347160 605670 569463 516374 1.08416e+06
reclaspred
 572737 147897 380129 235493 344972 409454 819380 596492 744012 834157 744873 537259 317285 117770 75941 75223.5 63157.2 72710.9 100689 158497 237008 247016 447502 536149 696450 618260
pelacesobs
 0 0 0 0 0 0 0 0 0 2.06254e+06 1.5e+06 0 1.87456e+06 323000 250000 174000 83755 137374 0 501740 490994 745055 786931 1.00524e+06 1.33801e+06 1.41789e+06
pelacespred
 2.58298e+06 476863 780600 723504 984084 738755 2.4271e+06 1.84443e+06 2.3718e+06 2.44766e+06 1.75202e+06 1.33068e+06 834964 264676 201792 167397 139217 190511 245029 372696 658144 593624 859873 1.27338e+06 1.41626e+06 1.34132e+06
mphobs
 0 0 0 0 0 0 112323 0 153150 637223 0 255016 313432 73983 77613 109348 50772 17779 17303 59886 28197 0 207744 136588 643089 65757
mphpred
 196352 107684 119360 107113 112374 174961 228549 295193 284749 345256 355547 249743 156139 130338 54890.3 51400 39680.7 38841.7 26956.4 38469.8 62022.3 78046.8 106551 150358 192966 176323
desembarqueobs
 350755 77701 442110 56441 14545 235359 269955 359681 431902 328805 639364 411747 362871 311530 167758 66681 60226 58785 57116 73181 50977 67692 138656 160484 209506 203330
desembarquepred
 350759 77697.7 442070 56445.2 14545.5 235524 270064 359573 431869 328819 639094 411605 363005 312153 167532 66694.7 60287.8 58733.1 57054.8 73172.8 50984.7 67660.4 138679 160506 209502 203301
Reclutas
 35543.8 43678.2 19970 25737.7 44213.7 27887.2 64792.9 69368.3 101629 107652 65813.5 50424 45401.2 25629.3 16396.4 9925.24 5714.86 9305.27 14259 16153.2 20969.4 35369.6 42550.7 62094.6 24343.9 33098.4
log_desv_Rt
 0.137313 0.343397 -0.439223 -0.185497 0.355582 -0.105286 0.737744 0.805977 1.18787 1.24545 0.753372 0.487015 0.382085 -0.189715 -0.636391 -1.13837 -1.69038 -1.20287 -0.776062 -0.651331 -0.390389 0.1324 0.317245 0.695207 -0.24117 0.0660313
SSB
 423878 232464 257670 231231 242590 377700 477238 628000 597261 727926 767542 539137 350962 173567 77589.5 71901.7 60136.9 55594.5 77032.7 116485 174914 213865 301380 403193 574122 544501
BT
 1.49651e+06 360623 604168 403226 477610 539801 1.33679e+06 1.27109e+06 1.51326e+06 1.46971e+06 1.39485e+06 1.00033e+06 739251 407054 228789 133436 115939 137546 162204 232282 353544 345036 501361 738805 833671 815043
Ftot
 1.13681 1.03587 1.78205 0.406991 0.0774818 0.829011 0.604768 1.13505 1.1761 0.740291 1.33326 1.18071 1.84717 3.8998 4.28128 1.54358 1.57899 1.59002 1.11684 0.841212 0.383136 0.46332 0.493254 0.518364 0.442087 0.463405
BD_Bspro_t
 0.902179 0.625025 0.543614 0.347437 0.482659 0.64697 0.562932 0.596364 0.546497 0.546176 0.523706 0.369346 0.27857 0.177465 0.0990915 0.111475 0.129436 0.16444 0.26083 0.403878 0.529258 0.639707 0.680459 0.677631 0.693969 0.618104
BD_Bspro
 0.662369 0.363257 0.402645 0.361331 0.379081 0.59021 0.745751 0.981339 0.933304 1.13749 1.19939 0.842478 0.548428 0.271223 0.121245 0.112357 0.0939723 0.0868743 0.120374 0.182024 0.273328 0.334194 0.470949 0.630045 0.897147 0.850859
BD_Bo
 0.611624 0.335428 0.371798 0.333649 0.350039 0.544993 0.688618 0.906157 0.861802 1.05034 1.10751 0.777935 0.506412 0.250444 0.111956 0.103749 0.0867729 0.0802187 0.111152 0.168079 0.252388 0.308591 0.434869 0.581777 0.828415 0.785674
BD_Brms
 1.60563 0.880559 0.976038 0.87589 0.918915 1.43071 1.80775 2.37883 2.26239 2.75734 2.9074 2.04222 1.32942 0.657461 0.293904 0.272359 0.227795 0.210589 0.291795 0.441238 0.662565 0.810108 1.14161 1.52727 2.17474 2.06254
S_f
 0.0832244 0.633002 0.970389 0.998397 0.999915
 0.0832244 0.633002 0.970389 0.998397 0.999915
 0.0832244 0.633002 0.970389 0.998397 0.999915
 0.0832244 0.633002 0.970389 0.998397 0.999915
 0.0832244 0.633002 0.970389 0.998397 0.999915
 0.0832244 0.633002 0.970389 0.998397 0.999915
 0.0832244 0.633002 0.970389 0.998397 0.999915
 0.0832244 0.633002 0.970389 0.998397 0.999915
 0.0832244 0.633002 0.970389 0.998397 0.999915
 0.0832244 0.633002 0.970389 0.998397 0.999915
 0.0832244 0.633002 0.970389 0.998397 0.999915
 0.0832244 0.633002 0.970389 0.998397 0.999915
 0.0832244 0.633002 0.970389 0.998397 0.999915
 0.0832244 0.633002 0.970389 0.998397 0.999915
 0.0832244 0.633002 0.970389 0.998397 0.999915
 0.0832244 0.633002 0.970389 0.998397 0.999915
 0.0832244 0.633002 0.970389 0.998397 0.999915
 0.0832244 0.633002 0.970389 0.998397 0.999915
 0.0832244 0.633002 0.970389 0.998397 0.999915
 0.0832244 0.633002 0.970389 0.998397 0.999915
 0.0832244 0.633002 0.970389 0.998397 0.999915
 0.0832244 0.633002 0.970389 0.998397 0.999915
 0.0832244 0.633002 0.970389 0.998397 0.999915
 0.0832244 0.633002 0.970389 0.998397 0.999915
 0.0832244 0.633002 0.970389 0.998397 0.999915
 0.0832244 0.633002 0.970389 0.998397 0.999915
Scru_reclas
 0.410113 0.777723 0.946261 0.988841 0.997763
 0.410113 0.777723 0.946261 0.988841 0.997763
 0.410113 0.777723 0.946261 0.988841 0.997763
 0.410113 0.777723 0.946261 0.988841 0.997763
 0.410113 0.777723 0.946261 0.988841 0.997763
 0.410113 0.777723 0.946261 0.988841 0.997763
 0.410113 0.777723 0.946261 0.988841 0.997763
 0.410113 0.777723 0.946261 0.988841 0.997763
 0.410113 0.777723 0.946261 0.988841 0.997763
 0.410113 0.777723 0.946261 0.988841 0.997763
 0.410113 0.777723 0.946261 0.988841 0.997763
 0.410113 0.777723 0.946261 0.988841 0.997763
 0.410113 0.777723 0.946261 0.988841 0.997763
 0.410113 0.777723 0.946261 0.988841 0.997763
 0.410113 0.777723 0.946261 0.988841 0.997763
 0.410113 0.777723 0.946261 0.988841 0.997763
 0.410113 0.777723 0.946261 0.988841 0.997763
 0.410113 0.777723 0.946261 0.988841 0.997763
 0.410113 0.777723 0.946261 0.988841 0.997763
 0.410113 0.777723 0.946261 0.988841 0.997763
 0.410113 0.777723 0.946261 0.988841 0.997763
 0.410113 0.777723 0.946261 0.988841 0.997763
 0.410113 0.777723 0.946261 0.988841 0.997763
 0.410113 0.777723 0.946261 0.988841 0.997763
 0.410113 0.777723 0.946261 0.988841 0.997763
 0.410113 0.777723 0.946261 0.988841 0.997763
Scru_pelaces
 0.999471 1 1 1 1
 0.999471 1 1 1 1
 0.999471 1 1 1 1
 0.999471 1 1 1 1
 0.999471 1 1 1 1
 0.999471 1 1 1 1
 0.999471 1 1 1 1
 0.999471 1 1 1 1
 0.999471 1 1 1 1
 0.999471 1 1 1 1
 0.999471 1 1 1 1
 0.999471 1 1 1 1
 0.999471 1 1 1 1
 0.999471 1 1 1 1
 0.999471 1 1 1 1
 0.999471 1 1 1 1
 0.999471 1 1 1 1
 0.999471 1 1 1 1
 0.999471 1 1 1 1
 0.999471 1 1 1 1
 0.999471 1 1 1 1
 0.999471 1 1 1 1
 0.999471 1 1 1 1
 0.999471 1 1 1 1
 0.999471 1 1 1 1
 0.999471 1 1 1 1
pf_obs 
 0.256992 0.487395 0.22802 0.0275931 0
 0.321318 0.546541 0.124235 0.00734118 0.000564706
 0.182869 0.594174 0.210203 0.0122559 0.00049798
 0.330522 0.361315 0.267642 0.0388342 0.00168674
 0.649043 0.306663 0.0425973 0.00169635 0
 0.582887 0.30429 0.105238 0.00758474 0
 0.465427 0.430635 0.0974691 0.00646863 0
 0.296916 0.608066 0.0921331 0.00288517 0
 0.311714 0.524322 0.152257 0.0117073 0
 0.15457 0.633149 0.183074 0.0267441 0.00246327
 0.131901 0.49318 0.331252 0.0422183 0.00144891
 0.196976 0.569456 0.194076 0.0375587 0.00193317
 0.518974 0.381816 0.0799577 0.0180837 0.00116848
 0.0928022 0.601141 0.25162 0.0475244 0.00691264
 0.122501 0.610282 0.24278 0.0234846 0.000952079
 0.383417 0.481906 0.127806 0.00687128 0
 0.0376549 0.599619 0.316969 0.0457579 0
 0.0361596 0.667082 0.258105 0.0386534 0
 0.158088 0.579412 0.248529 0.0139706 0
 0.0477256 0.309471 0.559284 0.082774 0.000745712
 0.0406174 0.521527 0.379366 0.0568643 0.0016247
 0.151134 0.462217 0.34131 0.0453401 0
 0.294876 0.26143 0.354403 0.0886775 0.000613685
 0.281977 0.475581 0.204845 0.0348837 0.00271318
 0.0841818 0.532909 0.334909 0.0458182 0.00218182
 0.115287 0.27431 0.454777 0.147771 0.00785563
pf_pred 
 0.282917 0.487561 0.204906 0.0246029 1.29055e-05
 0.263865 0.583326 0.122797 0.026929 0.00308342
 0.12999 0.670945 0.174927 0.0195717 0.0045661
 0.2127 0.488083 0.26435 0.030865 0.00400261
 0.235684 0.491635 0.197896 0.0663284 0.00845685
 0.119331 0.586745 0.215998 0.0569976 0.0209277
 0.285982 0.376768 0.263794 0.054581 0.0188746
 0.229897 0.597229 0.113613 0.0467368 0.0125249
 0.289995 0.522293 0.163443 0.016213 0.00805583
 0.224786 0.612374 0.137404 0.0222871 0.00314932
 0.139808 0.603858 0.222793 0.0284795 0.00506214
 0.156914 0.531058 0.257933 0.0473327 0.00676123
 0.207727 0.53136 0.200817 0.0500968 0.00999871
 0.224673 0.622851 0.126088 0.0206066 0.00578165
 0.316232 0.619732 0.0605308 0.00295494 0.000550749
 0.230801 0.719083 0.0490263 0.00103686 5.29865e-05
 0.15606 0.637537 0.19985 0.00641842 0.000134791
 0.321744 0.462437 0.187524 0.0274449 0.000849588
 0.335349 0.562875 0.0836688 0.0158495 0.00225744
 0.244977 0.613455 0.129385 0.0100993 0.00208352
 0.222254 0.550598 0.201161 0.0238355 0.00215152
 0.252678 0.491353 0.204043 0.0461593 0.00576557
 0.207931 0.559308 0.177011 0.0447541 0.0109955
 0.227934 0.501317 0.216667 0.0414783 0.0126032
 0.0757238 0.629489 0.222833 0.0579952 0.0139591
 0.131308 0.315214 0.431035 0.0933377 0.0291048
pobs_RECLAS
 0 0 0 0 0
 0 0 0 0 0
 0 0 0 0 0
 0 0 0 0 0
 0.835266 0.146461 0.0176864 0.000547809 3.91292e-05
 0.385257 0.428462 0.181853 0.0044286 0
 0.867414 0.0963971 0.0333333 0.00285562 0
 0.441836 0.489002 0.0689373 0.000224442 0
 0.779404 0.147425 0.0564933 0.0165055 0.000172143
 0.814271 0.122319 0.05973 0.00367925 0
 0.40263 0.566651 0.0304383 0.000280538 0
 0.475488 0.404961 0.113038 0.00651328 0
 0.955842 0.0263864 0.0167828 0.000988607 0
 0.975058 0.0227948 0.00214734 0 0
 0.738997 0.206755 0.0527124 0.00153531 0
 0.850938 0.134255 0.0134407 0.00136685 0
 0.542534 0.407297 0.0501686 0 0
 0.764087 0.199537 0.0359546 0.000420521 0
 0.470689 0.182191 0.310203 0.0369168 0
 0.84361 0.089868 0.0606195 0.00523954 0.000663233
 0.607945 0.314616 0.071237 0.00620181 0
 0.523733 0.453247 0.0230204 0 0
 0.530135 0.295979 0.169645 0.0042399 0
 0.562478 0.366248 0.0663022 0.0049721 0
 0.250443 0.683176 0.0655157 0.000865301 0
 0.195077 0.31981 0.436473 0.0351445 0.0134964
ppred_RECLAS
 0.644876 0.261882 0.0831439 0.0100933 5.33276e-06
 0.613835 0.321893 0.0515228 0.0114306 0.00131834
 0.415827 0.481426 0.0902055 0.010156 0.00238592
 0.545049 0.307016 0.130461 0.0154554 0.00201917
 0.572156 0.296812 0.0946691 0.0322232 0.00413918
 0.379039 0.447694 0.126832 0.0338973 0.0125373
 0.647554 0.207446 0.113029 0.0237112 0.00826015
 0.572506 0.350508 0.0503775 0.0209528 0.00565573
 0.650153 0.275197 0.0648871 0.00650604 0.00325604
 0.557659 0.366768 0.0636273 0.0104573 0.00148856
 0.430676 0.432362 0.118872 0.0153432 0.00274675
 0.4656 0.370221 0.135442 0.0251221 0.00361448
 0.564641 0.322153 0.0869941 0.0218261 0.00438648
 0.642229 0.314486 0.035886 0.0057708 0.00162843
 0.742899 0.243652 0.0127268 0.000608449 0.000114026
 0.571715 0.407459 0.02037 0.000434334 2.23528e-05
 0.464573 0.432922 0.099225 0.00321195 6.79295e-05
 0.694753 0.227578 0.0674151 0.00994367 0.000309991
 0.689494 0.273076 0.0307047 0.00588138 0.000843752
 0.585508 0.351953 0.0570877 0.00451288 0.000937848
 0.553613 0.337016 0.0966881 0.0116252 0.00105716
 0.598482 0.284945 0.0926377 0.0212594 0.00267513
 0.534048 0.351226 0.0869184 0.0222907 0.00551715
 0.566761 0.304408 0.102769 0.019954 0.00610795
 0.264004 0.537868 0.149185 0.039391 0.00955158
 0.416907 0.24504 0.262325 0.0576251 0.0181021
pobs_PELACES
 0 0 0 0 0
 0 0 0 0 0
 0 0 0 0 0
 0 0 0 0 0
 0 0 0 0 0
 0 0 0 0 0
 0 0 0 0 0
 0 0 0 0 0
 0 0 0 0 0
 0 0 0 0 0
 0.450072 0.473896 0.0757376 0.000293798 0
 0 0 0 0 0
 0.463077 0.371075 0.160297 0.00555027 0
 0.529543 0.364841 0.0842815 0.0213345 0
 0.631943 0.363953 0.00410389 0 0
 0.735681 0.248677 0.0153453 0.000297389 0
 0.695825 0.281241 0.0229344 0 0
 0.275771 0.60734 0.115278 0.00161068 0
 0 0 0 0 0
 0.896147 0.0623911 0.0374545 0.00400742 0
 0.803859 0.145111 0.0509908 3.86294e-05 0
 0.739449 0.233085 0.0266225 0.000797448 4.60066e-05
 0.878498 0.100942 0.0204185 0.000141795 0
 0.694673 0.275183 0.0284847 0.00165964 0
 0.469039 0.446079 0.0841089 0.000773354 0
 0.822795 0.102175 0.0682046 0.00682512 0
ppred_PELACES
 0.820333 0.143006 0.0328795 0.00377963 1.97797e-06
 0.792114 0.181609 0.0212889 0.00447659 0.000511424
 0.664357 0.293707 0.0370906 0.00393083 0.000914388
 0.724678 0.200038 0.0667675 0.00754077 0.000976157
 0.732195 0.197605 0.0513561 0.0167157 0.00212791
 0.591906 0.31735 0.0673774 0.0171005 0.00626565
 0.81176 0.122946 0.051472 0.0102752 0.00354645
 0.766911 0.201622 0.0209898 0.00826687 0.00221024
 0.822748 0.148435 0.0252345 0.00239507 0.00118723
 0.740562 0.22468 0.0295008 0.00460811 0.000649843
 0.662905 0.27568 0.0537013 0.00655171 0.00116163
 0.691651 0.234214 0.0617487 0.0108412 0.00154493
 0.790378 0.170173 0.0307478 0.00725722 0.00144413
 0.879864 0.112037 0.00680659 0.00101035 0.000282004
 0.924374 0.0735635 0.0019607 8.62218e-05 1.59796e-05
 0.772667 0.219575 0.00759743 0.000152823 7.78862e-06
 0.699622 0.258294 0.0408122 0.0012459 2.60933e-05
 0.862276 0.111679 0.0227788 0.00316827 9.78089e-05
 0.842146 0.143698 0.0117269 0.00212744 0.000302308
 0.764351 0.2081 0.025262 0.00189622 0.000390375
 0.726863 0.21778 0.0492071 0.00564158 0.000508342
 0.76689 0.177111 0.0449451 0.00982814 0.00122536
 0.715843 0.227127 0.0437277 0.0106825 0.00261973
 0.745278 0.192238 0.0503497 0.00931035 0.0028237
 0.439647 0.436159 0.0946524 0.0238184 0.00572262
 0.629439 0.179451 0.149953 0.0313872 0.00976943
pobs_pel_tallas
 0 0 0 0 0 0 0 0 0 0 0 0 0 0 0 0 0 0 0 0 0 0 0 0 0 0 0 0 0 0 0 0 0 0 0 0
 0 0 0 0 0 0 0 0 0 0 0 0 0 0 0 0 0 0 0 0 0 0 0 0 0 0 0 0 0 0 0 0 0 0 0 0
 0 0 0 0 0 0 0 0 0 0 0 0 0 0 0 0 0 0 0 0 0 0 0 0 0 0 0 0 0 0 0 0 0 0 0 0
 0 0 0 0 0 0 0 0 0 0 0 0 0 0 0 0 0 0 0 0 0 0 0 0 0 0 0 0 0 0 0 0 0 0 0 0
 0 0 0 0 0 0 0 0 0 0 0 0 0 0 0 0 0 0 0 0 0 0 0 0 0 0 0 0 0 0 0 0 0 0 0 0
 0 0 0 0 0 0 0 0 0 0 0 0 0 0 0 0 0 0 0 0 0 0 0 0 0 0 0 0 0 0 0 0 0 0 0 0
 0 0 0 0 0 0 0 0 0 0 0 0 0 0 0 0 0 0 0 0 0 0 0 0 0 0 0 0 0 0 0 0 0 0 0 0
 0 0 0 0 0 0 0 0 0 0 0 0 0 0 0 0 0 0 0 0 0 0 0 0 0 0 0 0 0 0 0 0 0 0 0 0
 0 0 0 0 0 0 0 0 0 0 0 0 0 0 0 0 0 0 0 0 0 0 0 0 0 0 0 0 0 0 0 0 0 0 0 0
 0 0 0 0 0 0 0 0 0 0 0 0 0 0 0 0 0 0 0 0 0 0 0 0 0 0 0 0 0 0 0 0 0 0 0 0
 0 0 0 0 0 0 0 0 1.78061e-05 0.00172719 0.00360574 0.0105946 0.0120993 0.0124554 0.0147524 0.0171206 0.0266825 0.0428682 0.0675386 0.121331 0.153587 0.119568 0.100827 0.0573624 0.0630603 0.0341343 0.0324427 0.0444173 0.0211091 0.0280891 0.0125444 0.00206551 0 0 0 0
 0 0 0 0 0 0 0 0 0 0 0 0 0 0 0 0 0 0 0 0 0 0 0 0 0 0 0 0 0 0 0 0 0 0 0 0
 0 0 0 0 0 0 0.0133647 0.0140871 0.0187388 0.0205184 0.03894 0.0496705 0.03968 0.0493445 0.0407372 0.0367815 0.0215668 0.0243155 0.0234873 0.0199281 0.019796 0.0243948 0.0301388 0.0376714 0.0412746 0.0863199 0.0771752 0.113111 0.0741005 0.0525337 0.0229764 0.00759418 0.00175318 0 0 0
 0 0 0 0 0 0 0 0 0 0 0.00219441 0.00772107 0.0458388 0.0604681 0.0671733 0.0775358 0.0609151 0.0617685 0.073594 0.0568108 0.0755445 0.0548602 0.0670107 0.0636378 0.0643287 0.046367 0.0373049 0.0286899 0.0247887 0.0153202 0.00654259 0.00121912 0.000365735 0 0 0
 0 0 0 0 0 0 0 0 0 0 0 0 0.000112435 0.00938835 0.0111873 0.0202946 0.0414886 0.0713402 0.111592 0.104902 0.108894 0.110636 0.117776 0.105296 0.107544 0.0401394 0.0192827 0.0124803 0.00416011 0.0028671 0.000618394 0 0 0 0 0
 0 0 0 0 0 0 0 0 0 0 0.00291406 0.0102884 0.027416 0.0768956 0.0749926 0.110853 0.0956884 0.0897413 0.0766577 0.0534642 0.0500743 0.0551293 0.0594112 0.0620874 0.0668451 0.0424026 0.0208742 0.0120726 0.0048766 0.00582813 0.00118941 0.000297354 0 0 0 0
 0 0.00264628 0.0354308 0.0461629 0.0458689 0.0383711 0.0214643 0.0164657 0.0346957 0.0420465 0.0363128 0.0245516 0.0311673 0.0291091 0.0169068 0.0133784 0.00837989 0.0085269 0.0148486 0.0160247 0.0276389 0.0546898 0.0760071 0.122758 0.109233 0.0665981 0.0333725 0.0166128 0.00676272 0.00308733 0.000882094 0 0 0 0 0
 0 0 0 0 0 0 0 0.000805153 0.000690131 0.00759144 0.0133425 0.0154129 0.00931677 0.000345066 0.00356568 0.00563607 0.00851162 0.0253048 0.0502646 0.0516448 0.0657925 0.0565908 0.0611916 0.0827007 0.0866115 0.110766 0.145733 0.0935128 0.0569358 0.0249597 0.0138026 0.00621118 0.00161031 0.00115022 0 0
 0 0 0 0 0 0 0 0 0 0 0 0 0 0 0 0 0 0 0 0 0 0 0 0 0 0 0 0 0 0 0 0 0 0 0 0
 0.00147267 0.00158595 0.00478618 0.00569244 0.00954404 0.0108468 0.00647125 0.017049 0.0510054 0.094081 0.124002 0.0959785 0.0687766 0.0820023 0.061753 0.0591476 0.0492212 0.0479892 0.0443925 0.0268479 0.0217502 0.0140895 0.0121071 0.0120363 0.00920419 0.00665534 0.0049561 0.00860946 0.00930331 0.0156896 0.0114698 0.00855282 0.00243557 0.00046729 0 2.83206e-05
 0 0 0 0 0.000772559 0.00158375 0.000888443 0.00281984 0.00712685 0.0440552 0.0773331 0.111326 0.0921469 0.0852325 0.0710754 0.0886704 0.0786465 0.0553345 0.0373146 0.0185414 0.00753245 0.00457741 0.012979 0.0271748 0.0457355 0.0583668 0.034881 0.0177882 0.00938659 0.00492506 0.0015258 0.00185414 0.000309023 5.79419e-05 3.86279e-05 0
 0 0.00173294 0.00326652 0 0.00397197 0.00683976 0.00946217 0.0152591 0.00757587 0.0136028 0.0228656 0.0392903 0.0559909 0.0764795 0.0681675 0.0726916 0.0566044 0.0477403 0.0527397 0.0444891 0.0609904 0.0582453 0.0661739 0.0445044 0.0529084 0.0360697 0.0280645 0.0235558 0.0158879 0.00826598 0.00280645 0.00217768 0.000904811 0.00058276 9.20147e-05 0
 0 0 0 0 0 0 0 0 0 0 0 0 0 0 0 0 0 0 0 0 0 0 0 0 0 0 0 0 0 0 0 0 0 0 0 0
 0 0 0 0 0 0 0 0 0 0 0 0 0 0 0 0 0 0 0 0 0 0 0 0 0 0 0 0 0 0 0 0 0 0 0 0
 0 0 0 0 0 0 0 0 0 0 0 0 0 0 0 0 0 0 0 0 0 0 0 0 0 0 0 0 0 0 0 0 0 0 0 0
 0 0 0 0 0 0 0 0 0 0 0 0 0 0 0 0 0 0 0 0 0 0 0 0 0 0 0 0 0 0 0 0 0 0 0 0
ppred_pel_tallas
 1.00644e-16 3.57889e-05 0.00021006 0.000998548 0.00384449 0.0119887 0.0302825 0.0619616 0.102707 0.137928 0.150081 0.132355 0.0946826 0.0551338 0.0265259 0.011289 0.00549368 0.00452121 0.00554249 0.00732137 0.00936658 0.0114003 0.0131785 0.014479 0.0151388 0.0150903 0.0143744 0.0131256 0.0115349 0.00980373 0.00810381 0.0065535 0.0052134 0.00409662 0.00318618 0.00245199
 1.0054e-16 3.45599e-05 0.000202842 0.000964223 0.00371232 0.0115765 0.0292414 0.0598318 0.0991776 0.133192 0.144938 0.127843 0.0915069 0.0533892 0.0258819 0.0113495 0.00601442 0.00542716 0.00685308 0.00907672 0.0115803 0.0140341 0.0161322 0.0175964 0.0182279 0.017953 0.0168401 0.0150781 0.0129271 0.010657 0.00849376 0.00658838 0.00501081 0.00376442 0.00281041 0.00209218
 1.00801e-16 2.89937e-05 0.000170153 0.000808793 0.00311383 0.00971015 0.0245272 0.0501871 0.0831948 0.111741 0.121629 0.107364 0.077025 0.0452959 0.0226241 0.0110558 0.00748472 0.00822197 0.0109762 0.0146692 0.0187372 0.0227109 0.0261072 0.028477 0.0294981 0.0290502 0.0272431 0.0243818 0.020887 0.0171958 0.0136754 0.0105719 0.00800053 0.00596901 0.00441616 0.00325124
 1.01318e-16 3.16203e-05 0.000185581 0.000882161 0.00339635 0.0105912 0.0267526 0.0547396 0.090738 0.121862 0.132618 0.116998 0.0837938 0.0489889 0.0239367 0.0108201 0.00620458 0.00603814 0.00782969 0.0104643 0.0134476 0.0164394 0.0191075 0.0211394 0.0222997 0.0224806 0.0217217 0.020191 0.0181355 0.0158203 0.0134745 0.0112607 0.00926909 0.00753055 0.00603908 0.00477242
 1.01468e-16 3.19479e-05 0.000187505 0.000891308 0.00343157 0.010701 0.02703 0.0553072 0.0916787 0.123125 0.133991 0.118206 0.0846518 0.0494758 0.024147 0.0108678 0.00616477 0.00594072 0.00767678 0.0102465 0.0131533 0.0160592 0.0186374 0.0205826 0.0216678 0.0217935 0.0210069 0.0194809 0.0174649 0.0152223 0.0129771 0.0108836 0.00902112 0.0074092 0.0060313 0.00485697
 1.01941e-16 2.58355e-05 0.000151609 0.000720629 0.00277437 0.00865155 0.0218533 0.0447163 0.0741277 0.0995681 0.108394 0.095715 0.068743 0.040577 0.020549 0.0105108 0.00772486 0.00892846 0.0120899 0.0162356 0.020822 0.0253637 0.0293453 0.03228 0.0338094 0.0337846 0.0322961 0.0296399 0.0262345 0.0225191 0.0188652 0.015525 0.0126235 0.0101826 0.00816079 0.00649171
 1.0129e-16 3.54143e-05 0.000207863 0.000988105 0.00380429 0.0118634 0.0299658 0.0613136 0.101632 0.136483 0.148506 0.130956 0.0936633 0.0545021 0.0261512 0.0110099 0.0051856 0.00410736 0.00498171 0.00660022 0.00850079 0.0104394 0.0122069 0.0136096 0.014499 0.0148012 0.0145294 0.0137732 0.0126696 0.0113675 0.0099968 0.00865111 0.00738496 0.00622215 0.00516843 0.00422273
 1.00752e-16 3.34618e-05 0.000196393 0.00093356 0.00359425 0.0112083 0.0283114 0.0579291 0.0960245 0.12896 0.140339 0.123801 0.0886459 0.0517848 0.0252253 0.0112682 0.0062674 0.00592285 0.00758744 0.0100739 0.0128579 0.0155856 0.0179205 0.0195552 0.0202699 0.0199838 0.0187734 0.016848 0.0144956 0.0120134 0.0096497 0.00756867 0.00584466 0.00447863 0.00342574 0.00262264
 1.00545e-16 3.58944e-05 0.000210679 0.00100149 0.00385582 0.012024 0.0303717 0.0621442 0.10301 0.138335 0.150525 0.132748 0.0949691 0.0553105 0.026629 0.0113633 0.00557353 0.00462701 0.00568451 0.00750205 0.00958034 0.0116326 0.0134057 0.0146704 0.0152613 0.0151136 0.0142773 0.0129002 0.0111886 0.00935815 0.00759079 0.00600986 0.00467521 0.00359448 0.00274219 0.00207863
 1.00681e-16 3.23138e-05 0.000189651 0.000901503 0.00347082 0.0108234 0.0273391 0.0559399 0.0927281 0.124536 0.135532 0.119577 0.0856595 0.0501166 0.0245553 0.011211 0.00657645 0.00650878 0.00845274 0.0112498 0.014366 0.0174188 0.0200344 0.0218685 0.0226741 0.0223584 0.0210037 0.0188415 0.0161915 0.0133861 0.0107044 0.00833363 0.00636182 0.00479525 0.00358841 0.00267363
 1.01132e-16 2.89297e-05 0.000169778 0.000807017 0.00310701 0.00968886 0.0244734 0.0500769 0.0830116 0.111493 0.121356 0.107114 0.0768277 0.0451429 0.0224797 0.0108742 0.00722243 0.007842 0.0104511 0.0139864 0.017906 0.0217693 0.025123 0.027543 0.0287195 0.0285278 0.0270546 0.0245678 0.0214436 0.0180769 0.0148022 0.0118475 0.0093261 0.0072567 0.00559822 0.0042838
 1.01398e-16 3.01815e-05 0.000177131 0.000841982 0.00324164 0.0101087 0.0255339 0.0522465 0.0866066 0.116317 0.126594 0.111708 0.0800583 0.0469121 0.0231215 0.0107887 0.00665404 0.00686219 0.00903518 0.0120897 0.0155135 0.0189223 0.0219304 0.0241751 0.0253871 0.0254496 0.0244213 0.0225123 0.0200242 0.0172766 0.0145426 0.0120116 0.00978253 0.00788058 0.00628531 0.00495701
 1.00809e-16 3.44838e-05 0.000202396 0.000962105 0.00370417 0.0115511 0.0291772 0.0597003 0.0989595 0.132899 0.144616 0.127553 0.091288 0.0532379 0.0257648 0.0112244 0.0058447 0.00518485 0.00651916 0.00864278 0.0110525 0.0134369 0.0155095 0.0170083 0.0177429 0.0176371 0.016745 0.0152318 0.0133293 0.0112796 0.00928706 0.00748988 0.00595534 0.0046927 0.00367512 0.00286088
 1.00182e-16 3.83834e-05 0.000225295 0.00107098 0.0041234 0.0128585 0.0324794 0.0664565 0.110156 0.147928 0.160952 0.141916 0.101467 0.0589722 0.0281619 0.0116216 0.00511502 0.00367103 0.00424902 0.00553428 0.00703207 0.00849659 0.00973116 0.0105638 0.0108741 0.0106209 0.00985193 0.00869048 0.00730373 0.00586394 0.00451449 0.00334992 0.00241206 0.00169919 0.00118176 0.000818323
 1.00056e-16 4.03226e-05 0.000236684 0.00112514 0.00433191 0.0135087 0.0341218 0.0698167 0.115724 0.155402 0.169073 0.149051 0.106513 0.0617939 0.0293006 0.0117301 0.0046126 0.00271202 0.00283333 0.0036136 0.00457353 0.00551486 0.0063016 0.00682012 0.00699225 0.00679252 0.00625461 0.00546202 0.00452725 0.0035657 0.00267312 0.00191218 0.00130989 0.000863633 0.000551823 0.0003447
 1.00186e-16 3.37134e-05 0.000197869 0.000940573 0.00362125 0.0112925 0.0285241 0.0583644 0.0967465 0.129931 0.141399 0.124744 0.0893382 0.0522238 0.025503 0.011499 0.0065425 0.00630191 0.00810538 0.0107441 0.0136689 0.0164962 0.0188582 0.020421 0.0209513 0.0203721 0.0187825 0.0164304 0.0136501 0.010785 0.00812023 0.00584299 0.00403448 0.00268809 0.00174079 0.00110529
 1.00708e-16 3.053e-05 0.000179175 0.000851694 0.00327903 0.0102253 0.0258284 0.0528492 0.0876062 0.117661 0.128061 0.113013 0.0810154 0.0475168 0.0235003 0.0110987 0.00701961 0.00736383 0.00971902 0.0129724 0.0165783 0.0201124 0.0231475 0.0252865 0.026243 0.0259066 0.0243684 0.0218908 0.018839 0.0155941 0.0124778 0.00970855 0.00739186 0.00554026 0.00410652 0.00301696
 1.00474e-16 3.76165e-05 0.000220793 0.00104958 0.00404099 0.0126015 0.0318302 0.0651282 0.107955 0.144972 0.157736 0.139083 0.0994463 0.0578081 0.0276257 0.0114357 0.00508974 0.00371984 0.00435014 0.00569563 0.00727378 0.00884405 0.0102115 0.0112026 0.011691 0.0116257 0.0110408 0.0100437 0.00878592 0.00742651 0.00610045 0.00490007 0.00387159 0.00302331 0.0023396 0.00179445
 1.00301e-16 3.674e-05 0.000215644 0.00102509 0.00394671 0.0123075 0.0310876 0.063609 0.105437 0.141594 0.154069 0.135868 0.0971887 0.056578 0.0271917 0.011521 0.00552725 0.00446374 0.00542099 0.00712576 0.00907138 0.0109732 0.0125846 0.0136856 0.0141206 0.0138347 0.0128867 0.0114315 0.00968038 0.00785155 0.00612715 0.00462779 0.00340783 0.00246687 0.00176968 0.00126619
 1.0051e-16 3.33504e-05 0.000195738 0.000930448 0.00358227 0.011171 0.028217 0.057736 0.0957046 0.128531 0.139874 0.123395 0.0883638 0.0516377 0.0251868 0.011307 0.00636761 0.00608461 0.0078194 0.010385 0.0132513 0.0160545 0.0184466 0.0201085 0.0208121 0.0204732 0.0191705 0.0171218 0.0146269 0.0119971 0.00949368 0.00729195 0.00547386 0.00404435 0.00295909 0.00215241
 1.00988e-16 3.17162e-05 0.000186143 0.000884828 0.00340662 0.0106232 0.0268334 0.0549052 0.0910129 0.122232 0.133025 0.117365 0.0840748 0.0491894 0.0241015 0.0110063 0.00646302 0.00640875 0.00834023 0.0111267 0.0142515 0.0173464 0.0200496 0.0220244 0.0230234 0.0229439 0.021849 0.0199441 0.0175205 0.0148854 0.0123002 0.00994497 0.00791139 0.00621868 0.00484023 0.00372943
 1.01091e-16 3.34599e-05 0.000196384 0.000933523 0.00359412 0.0112079 0.0283103 0.0579267 0.09602 0.128952 0.140325 0.123777 0.0886022 0.0517066 0.0250897 0.0110441 0.00591711 0.00540659 0.00687139 0.00914128 0.0117206 0.0142935 0.0165637 0.0182568 0.0191697 0.0192149 0.0184376 0.0169971 0.0151218 0.0130533 0.0109975 0.00909649 0.00742376 0.00599707 0.00479976 0.00380103
 1.01185e-16 3.12361e-05 0.000183323 0.000871421 0.00335499 0.0104622 0.0264268 0.0540732 0.0896342 0.120382 0.131014 0.115598 0.0828243 0.0484886 0.0238157 0.0109725 0.00657606 0.00662818 0.00866348 0.0115628 0.014806 0.0180134 0.0208099 0.0228464 0.0238678 0.0237708 0.0226248 0.020647 0.0181434 0.015434 0.012789 0.0103917 0.00833177 0.00662304 0.005232 0.00410596
 1.0123e-16 3.25181e-05 0.000190854 0.000907228 0.00349287 0.0108922 0.0275128 0.056295 0.0933159 0.125322 0.136381 0.120309 0.0861458 0.0503252 0.0245169 0.0109583 0.00610933 0.00579583 0.00745254 0.00993501 0.0127443 0.0155468 0.018023 0.0198749 0.0208818 0.0209478 0.0201209 0.0185728 0.0165502 0.0143141 0.0120874 0.0100239 0.00820363 0.00664635 0.00533493 0.00423697
 1.02572e-16 1.92012e-05 0.000112649 0.000535382 0.00206109 0.00642716 0.0162349 0.0332214 0.0550784 0.0739996 0.0806077 0.0712954 0.051458 0.0308839 0.0165825 0.0100216 0.00925873 0.0119363 0.016554 0.0223117 0.0286284 0.0348756 0.0403518 0.0443883 0.0464914 0.0464555 0.044404 0.0407426 0.0360465 0.0309198 0.0258741 0.0212581 0.0172459 0.0138701 0.0110757 0.00877293
 1.03723e-16 2.74667e-05 0.000161198 0.000766242 0.00295004 0.0091994 0.023237 0.0475463 0.0788148 0.10585 0.115198 0.101641 0.0728189 0.042622 0.0209211 0.00962617 0.00577236 0.00586301 0.00776015 0.0105215 0.0137401 0.0171345 0.0204163 0.0232953 0.0255265 0.0269532 0.0275284 0.0273046 0.026403 0.0249727 0.0231567 0.0210744 0.0188206 0.0164736 0.0141073 0.0117957
pSPR Fmed_Fpbrs
0.532707   0.430926 0.430926
Fs Fmed_Fpbrs
0.64   1.005 1.005
SSBpbr Bo_Bmed_Bpbrs
693037  334534  263996 263996
Ro
30983.4
SPR SPRFo_SPRFmed_SPRFpbrs
639942 340902 275768
log_Ro
10.1612
likeval ReclasPelacesDesembMPH_pf_preclas_ppelaces_ptallas_desvR_qrecl_qpela
 91.7204 32.3471 0.0517699 40.6869 337.02 204.813 58.5948 0 18.7396 2.0411e-06 8.77076e-05 0 0 0 0
q_reclas_q_pelaces
1.2244 3.79009
M
0.7
N
 35543.8 10403.7 3288.61 388.162 0.203426
 43678.2 16057.2 2515.71 541.893 61.9889
 19970 19898.4 4138.98 457.199 106.593
 25737.7 8549.9 3198.24 364.646 47.2278
 44213.7 12355.3 3281.48 1070 136.225
 27887.2 21814.7 5841.79 1511.51 554.398
 64792.9 12925.1 6409.75 1297.68 448.229
 69368.3 30595.9 4376.95 1769.96 473.899
 101629 31342.2 7406.65 722.466 358.656
 107652 45761.6 7392.69 1174.8 165.827
 65813.5 50264.1 14222.7 1789.83 317.873
 50424 29249.6 10733.2 1936.85 276.423
 45401.2 22696.3 6879.02 1694.85 338.049
 25629.3 19332.9 3500.62 568.928 159.579
 16396.4 9199.77 813.203 39.5027 7.36069
 9925.24 5701.65 303.954 6.33743 0.323616
 5714.86 4334.55 1065.74 33.7509 0.708264
 9305.27 2488.45 792.242 114.341 3.53695
 14259 4048.12 451.659 84.0935 11.9665
 16153.2 6452.34 991.328 75.8804 15.6381
 20969.4 7479.09 1881.28 217.618 19.6183
 35369.6 10086.3 2914.17 644.141 80.3577
 42550.7 16899.6 3735.55 923.103 226.518
 62094.6 20280.2 6141.46 1149.41 348.827
 24343.9 29533.3 7253.77 1844.2 443.335
 33098.4 11652.1 11085.9 2345.56 730.495
pred_Ctot
 2320.18 3998.46 1680.42 201.767 0.105837
 2607.5 5764.39 1213.47 266.111 30.4702
 1996.57 10305.3 2686.76 300.609 70.1323
 617.659 1417.34 767.646 89.6288 11.6232
 204.455 426.491 171.674 57.5396 7.33628
 1342.39 6600.45 2429.82 641.181 235.421
 2293.9 3022.11 2115.93 437.802 151.396
 4521.39 11745.7 2234.43 919.175 246.328
 6853.52 12343.5 3862.67 383.165 190.385
 4642.36 12647 2837.71 460.282 65.0409
 5002.85 21608.3 7972.38 1019.1 181.143
 3413.18 11551.5 5610.52 1029.57 147.069
 4694.08 12007.3 4537.94 1132.05 225.944
 5204.54 14428.3 2920.84 477.352 133.932
 3607.49 7069.73 690.519 33.7092 6.2828
 866.904 2700.92 184.146 3.89453 0.199021
 509.959 2083.29 653.052 20.9735 0.440457
 835.812 1201.3 487.142 71.295 2.20702
 915.091 1535.96 228.313 43.2496 6.16002
 788.655 1974.89 416.527 32.5126 6.70746
 474.146 1174.62 429.149 50.8495 4.58995
 964.299 1875.16 778.693 176.158 22.0032
 1233.68 3318.45 1050.23 265.532 65.2378
 1890.24 4157.38 1796.81 343.977 104.517
 633.776 5268.56 1865.02 485.396 116.832
 902.54 2166.61 2962.71 641.553 200.051
F
 0.0946106 0.719605 1.10315 1.13499 1.13672
 0.0862093 0.655705 1.00519 1.0342 1.03578
 0.14831 1.12804 1.72928 1.77919 1.7819
 0.0338716 0.257626 0.39494 0.406339 0.406957
 0.00644837 0.0490461 0.0751875 0.0773575 0.0774752
 0.0689939 0.524765 0.804463 0.827682 0.828941
 0.0503315 0.38282 0.586861 0.603799 0.604717
 0.0944636 0.718487 1.10144 1.13323 1.13495
 0.0978803 0.744474 1.14128 1.17422 1.176
 0.0616103 0.468606 0.718371 0.739104 0.740229
 0.110959 0.843953 1.29378 1.33112 1.33314
 0.0982635 0.747389 1.14574 1.17881 1.18061
 0.15373 1.16926 1.79248 1.84421 1.84702
 0.324559 2.46858 3.78433 3.89355 3.89947
 0.356307 2.71006 4.15451 4.27441 4.28092
 0.128463 0.977086 1.49787 1.5411 1.54345
 0.131411 0.999506 1.53224 1.57646 1.57886
 0.132328 1.00649 1.54294 1.58747 1.58989
 0.0929483 0.706962 1.08377 1.11505 1.11675
 0.0700093 0.532489 0.816303 0.839863 0.841141
 0.0318862 0.242526 0.371791 0.382522 0.383103
 0.0385595 0.293282 0.449601 0.462577 0.463281
 0.0410508 0.312231 0.478648 0.492463 0.493212
 0.0431405 0.328126 0.503015 0.517533 0.51832
 0.0367924 0.279842 0.428997 0.441378 0.44205
 0.0385666 0.293336 0.449683 0.462662 0.463366
Np
 19976.3 9123.96 4156.82 808.085 755.507
YTP_r0W_actual
 17272.5 103874 185153 46786.5 15853.4
YTP_p0W_proyectada
 9498.07 119887 64109.1 67840.6 20655.6
 9498.07 69167.6 61755.5 15612.6 16214
CTP_r0_actual
 1919.17 4089.51 5245.14 1130.11 352.298
CTP_p0_proyectada
 1158.3 5550.3 2041.69 1691.79 464.171
 1158.3 3202.2 1966.73 389.342 364.36
Wmedp
 8.2 21.6 31.4 40.1 44.5
nmprior
 10.8 10.6 4.6 0
nm_flota  nm_reclas  nm_pelaces    nm_pelaL
inf 18.8594 14.5063 42.2844
cv_recla  cv_pelaces  cv_mph
0.706032 0.311515 0.520813
 ------------------------------------------------
Talla a la edad & desviaci?n 
 7.2 14.2025 17.0495 18.207 18.6776
 1.08 2.13037 2.55742 2.73105 2.80164
