years
 1997 1998 1999 2000 2001 2002 2003 2004 2005 2006 2007 2008 2009 2010 2011 2012 2013 2014 2015 2016 2017 2018 2019 2020
reclasobs
 0 0 0 370054 412103 1.49427e+06 250295 1.28982e+06 931140 785840 897777 1.04006e+06 184774 17550 25797 100020 73551 82996 120727 218422 84188 347160 605670 569463
reclaspred
 466357 123947 347346 227424 290671 298873 598078 428187 642973 828547 707240 494992 313069 147463 99216.3 79164.7 68880 82035.8 88214.9 177840 304299 284175 463353 561525
pelacesobs
 0 0 0 0 0 0 0 0 0 2.06254e+06 1.5e+06 0 1.87456e+06 323000 250000 174000 83755 137374 0 501740 490994 745055 786931 1.00524e+06
pelacespred
 969042 227091 385924 396614 439239 363593 847061 687665 984212 1.25605e+06 986844 722344 467313 188572 122072 103101 92268.2 107235 114976 229189 448766 412949 555110 766604
mphobs
 0 0 0 0 0 0 112323 0 153150 637223 0 255016 313432 73983 77613 109348 50772 17779 17303 59886 28197 0 207744 136588
mphpred
 637960 375042 436440 484800 465515 628165 806740 882848 873276 1.23846e+06 1.59985e+06 1.20801e+06 749024 412680 191346 147045 120452 123356 147836 185173 415087 568561 693854 948027
desembarqueobs
 350755 77701 442110 56441 14545 235359 269955 359681 431902 328805 639364 411747 362871 311530 167758 66681 60226 58785 57116 73181 50977 67692 138656 160484
desembarquepred
 350759 77699.5 442090 56442.9 14545.3 235506 270011 359662 431835 328723 639565 411916 362996 312042 167758 66712.7 60292.3 58793.2 57105.5 73164.1 50974.8 67677.2 138655 160472
Reclutas
 46174.3 58408.1 30697.9 42287.1 59758.1 37654.2 67220.5 83874 151235 208329 69972.5 38839.6 46455.6 21006.3 17061.5 12879.1 8645.86 11630.7 16119.5 41984.9 50617.8 59068.3 81304.3 105111
log_desv_Rt
 0.0761678 0.311199 -0.332062 -0.011774 0.33405 -0.127811 0.451723 0.67306 1.26258 1.58286 0.491847 -0.0968153 0.0822431 -0.711435 -0.919433 -1.20065 -1.59917 -1.30261 -0.976227 -0.0189455 0.168048 0.322439 0.641944 0.898765
SSB
 637960 375042 436440 484800 465515 628165 784419 872280 853529 1.21515e+06 1.59985e+06 1.20801e+06 767884 426218 203670 158825 136425 134520 152560 200156 425080 568561 711650 932021
BT
 2.01925e+06 539037 931661 770866 798572 841071 1.70645e+06 1.63428e+06 2.15674e+06 2.55656e+06 2.32794e+06 1.66615e+06 1.19569e+06 641464 363986 240974 217695 239932 254766 467667 843699 802411 1.09044e+06 1.50699e+06
Ftot
 0.475221 0.415612 0.649527 0.138419 0.029989 0.35343 0.264211 0.542584 0.516975 0.278213 0.411901 0.360104 0.563839 0.934925 0.909654 0.41557 0.451687 0.409505 0.367883 0.31236 0.1025 0.123335 0.150502 0.159544
BD_Bspro_t
 0.941548 0.730095 0.67447 0.521439 0.637481 0.75422 0.677914 0.675451 0.637993 0.669227 0.699085 0.561896 0.455659 0.357067 0.234801 0.233592 0.274329 0.350997 0.437532 0.560665 0.741008 0.827562 0.833916 0.828023
BD_Bspro
 0.724623 0.425989 0.495728 0.550657 0.528752 0.713497 0.890977 0.990774 0.969476 1.38022 1.81718 1.37212 0.872196 0.484116 0.231337 0.1804 0.154957 0.152794 0.173285 0.227346 0.482825 0.645796 0.808323 1.05863
BD_Bo
 0.421205 0.247617 0.288154 0.320083 0.30735 0.414738 0.517903 0.575912 0.563532 0.802286 1.05628 0.797577 0.506986 0.281405 0.13447 0.104862 0.0900728 0.0888152 0.100726 0.132151 0.280654 0.375385 0.469858 0.615355
BD_Brms
 1.46052 0.858607 0.999171 1.10988 1.06573 1.4381 1.79582 1.99697 1.95404 2.78191 3.66265 2.76559 1.75797 0.975767 0.466274 0.363608 0.312326 0.307966 0.349266 0.458231 0.973164 1.30164 1.62923 2.13374
S_f
 0.183425 1 1 1 1
 0.183425 1 1 1 1
 0.183425 1 1 1 1
 0.183425 1 1 1 1
 0.183425 1 1 1 1
 0.183425 1 1 1 1
 0.183425 1 1 1 1
 0.183425 1 1 1 1
 0.183425 1 1 1 1
 0.183425 1 1 1 1
 0.183425 1 1 1 1
 0.183425 1 1 1 1
 0.183425 1 1 1 1
 0.183425 1 1 1 1
 0.183425 1 1 1 1
 0.183425 1 1 1 1
 0.183425 1 1 1 1
 0.183425 1 1 1 1
 0.183425 1 1 1 1
 0.183425 1 1 1 1
 0.183425 1 1 1 1
 0.183425 1 1 1 1
 0.183425 1 1 1 1
 0.183425 1 1 1 1
Scru_reclas
 1 1 1 1 1
 1 1 1 1 1
 1 1 1 1 1
 1 1 1 1 1
 1 1 1 1 1
 1 1 1 1 1
 1 1 1 1 1
 1 1 1 1 1
 1 1 1 1 1
 1 1 1 1 1
 1 1 1 1 1
 1 1 1 1 1
 1 1 1 1 1
 1 1 1 1 1
 1 1 1 1 1
 1 1 1 1 1
 1 1 1 1 1
 1 1 1 1 1
 1 1 1 1 1
 1 1 1 1 1
 1 1 1 1 1
 1 1 1 1 1
 1 1 1 1 1
 1 1 1 1 1
Scru_pelaces
 1 1 1 1 1
 1 1 1 1 1
 1 1 1 1 1
 1 1 1 1 1
 1 1 1 1 1
 1 1 1 1 1
 1 1 1 1 1
 1 1 1 1 1
 1 1 1 1 1
 1 1 1 1 1
 1 1 1 1 1
 1 1 1 1 1
 1 1 1 1 1
 1 1 1 1 1
 1 1 1 1 1
 1 1 1 1 1
 1 1 1 1 1
 1 1 1 1 1
 1 1 1 1 1
 1 1 1 1 1
 1 1 1 1 1
 1 1 1 1 1
 1 1 1 1 1
 1 1 1 1 1
pf_obs 
 0.256992 0.487395 0.22802 0.0275931 0
 0.321318 0.546541 0.124235 0.00734118 0.000564706
 0.182869 0.594174 0.210203 0.0122559 0.00049798
 0.330522 0.361315 0.267642 0.0388342 0.00168674
 0.649043 0.306663 0.0425973 0.00169635 0
 0.582887 0.30429 0.105238 0.00758474 0
 0.465427 0.430635 0.0974691 0.00646863 0
 0.296916 0.608066 0.0921331 0.00288517 0
 0.311714 0.524322 0.152257 0.0117073 0
 0.15457 0.633149 0.183074 0.0267441 0.00246327
 0.131901 0.49318 0.331252 0.0422183 0.00144891
 0.196976 0.569456 0.194076 0.0375587 0.00193317
 0.518974 0.381816 0.0799577 0.0180837 0.00116848
 0.0928022 0.601141 0.25162 0.0475244 0.00691264
 0.122501 0.610282 0.24278 0.0234846 0.000952079
 0.383417 0.481906 0.127806 0.00687128 0
 0.0376549 0.599619 0.316969 0.0457579 0
 0.0361596 0.667082 0.258105 0.0386534 0
 0.158088 0.579412 0.248529 0.0139706 0
 0.0477256 0.309471 0.559284 0.082774 0.000745712
 0.0406174 0.521527 0.379366 0.0568643 0.0016247
 0.151134 0.462217 0.34131 0.0453401 0
 0.294876 0.26143 0.354403 0.0886775 0.000613685
 0.281977 0.475581 0.204845 0.0348837 0.00271318
pf_pred 
 0.326088 0.473806 0.178778 0.0213194 9.19461e-06
 0.311141 0.528823 0.112516 0.0424549 0.00506497
 0.16345 0.62719 0.160721 0.0341963 0.0144424
 0.263028 0.436836 0.225022 0.0576633 0.0174505
 0.26748 0.494223 0.14125 0.0727602 0.0242878
 0.150328 0.568154 0.189937 0.0542842 0.0372969
 0.291259 0.377334 0.221604 0.0740832 0.0357204
 0.294362 0.50596 0.106309 0.0624338 0.0309357
 0.395818 0.451043 0.109805 0.0230713 0.0202632
 0.335946 0.544772 0.0890478 0.0216783 0.00855539
 0.102452 0.68076 0.177847 0.0290706 0.00987013
 0.0973466 0.38853 0.389945 0.101872 0.0223056
 0.189998 0.332481 0.20554 0.206289 0.0656924
 0.135821 0.540972 0.132667 0.0820146 0.108526
 0.216194 0.451165 0.208232 0.0510663 0.0733432
 0.210542 0.553724 0.13569 0.0626269 0.0374168
 0.166421 0.532518 0.211163 0.0517457 0.0381518
 0.26304 0.423057 0.200532 0.0795184 0.033853
 0.305733 0.487657 0.118606 0.0562199 0.0317841
 0.459434 0.400298 0.0985252 0.0239628 0.0177801
 0.291924 0.596786 0.0824121 0.020284 0.0085939
 0.243682 0.53096 0.189938 0.0262292 0.00919094
 0.262935 0.479275 0.180977 0.0647402 0.0120729
 0.25985 0.500207 0.156022 0.0589149 0.0250056
pobs_RECLAS
 0 0 0 0 0
 0 0 0 0 0
 0 0 0 0 0
 0 0 0 0 0
 0.835266 0.146461 0.0176864 0.000547809 3.91292e-05
 0.385257 0.428462 0.181853 0.0044286 0
 0.867414 0.0963971 0.0333333 0.00285562 0
 0.441836 0.489002 0.0689373 0.000224442 0
 0.779404 0.147425 0.0564933 0.0165055 0.000172143
 0.814271 0.122319 0.05973 0.00367925 0
 0.40263 0.566651 0.0304383 0.000280538 0
 0.475488 0.404961 0.113038 0.00651328 0
 0.955842 0.0263864 0.0167828 0.000988607 0
 0.975058 0.0227948 0.00214734 0 0
 0.738997 0.206755 0.0527124 0.00153531 0
 0.850938 0.134255 0.0134407 0.00136685 0
 0.542534 0.407297 0.0501686 0 0
 0.764087 0.199537 0.0359546 0.000420521 0
 0.470689 0.182191 0.310203 0.0369168 0
 0.84361 0.089868 0.0606195 0.00523954 0.000663233
 0.607945 0.314616 0.071237 0.00620181 0
 0.523733 0.453247 0.0230204 0 0
 0.530135 0.295979 0.169645 0.0042399 0
 0.562478 0.366248 0.0663022 0.0049721 0
ppred_RECLAS
 0.7313 0.188914 0.0712816 0.0085004 3.66605e-06
 0.716569 0.217584 0.0462948 0.0174681 0.00208398
 0.527505 0.354246 0.0907778 0.0193145 0.00815726
 0.662164 0.200251 0.103153 0.0264335 0.0079995
 0.665956 0.225375 0.0644126 0.0331801 0.0110757
 0.496371 0.336764 0.112582 0.0321761 0.0221071
 0.694635 0.162577 0.0954792 0.0319192 0.0153904
 0.702386 0.213397 0.0448374 0.0263324 0.0130476
 0.787146 0.158903 0.0386843 0.00812806 0.00713876
 0.737052 0.215716 0.0352606 0.00858406 0.00338771
 0.389773 0.462837 0.120915 0.0197646 0.00671053
 0.375416 0.26884 0.26982 0.0704897 0.0154342
 0.570739 0.176199 0.108926 0.109323 0.0348138
 0.480772 0.325034 0.0797106 0.0492771 0.0652061
 0.618353 0.219679 0.101391 0.024865 0.035712
 0.59884 0.281373 0.0689506 0.0318236 0.0190132
 0.52847 0.301229 0.119449 0.0292709 0.0215813
 0.66632 0.191551 0.0907968 0.0360043 0.0153279
 0.710631 0.203254 0.0494345 0.0234323 0.0132475
 0.825186 0.129453 0.0318621 0.00774935 0.00574993
 0.693205 0.258575 0.0357075 0.00878867 0.00372357
 0.638711 0.253637 0.0907325 0.0125296 0.00439047
 0.662213 0.219645 0.0829392 0.0296695 0.00553284
 0.658752 0.230622 0.0719346 0.0271629 0.0115289
pobs_PELACES
 0 0 0 0 0
 0 0 0 0 0
 0 0 0 0 0
 0 0 0 0 0
 0 0 0 0 0
 0 0 0 0 0
 0 0 0 0 0
 0 0 0 0 0
 0 0 0 0 0
 0 0 0 0 0
 0.450072 0.473896 0.0757376 0.000293798 0
 0 0 0 0 0
 0.463077 0.371075 0.160297 0.00555027 0
 0.529543 0.364841 0.0842815 0.0213345 0
 0.631943 0.363953 0.00410389 0 0
 0.735681 0.248677 0.0153453 0.000297389 0
 0.695825 0.281241 0.0229344 0 0
 0.275771 0.60734 0.115278 0.00161068 0
 0 0 0 0 0
 0.896147 0.0623911 0.0374545 0.00400742 0
 0.803859 0.145111 0.0509908 3.86294e-05 0
 0.739449 0.233085 0.0266225 0.000797448 4.60066e-05
 0.878498 0.100942 0.0204185 0.000141795 0
 0.694673 0.275183 0.0284847 0.00165964 0
ppred_PELACES
 0.755707 0.171755 0.0648068 0.00772828 3.33304e-06
 0.738753 0.200554 0.0426713 0.0161008 0.00192087
 0.57081 0.321778 0.0824577 0.0175443 0.00740962
 0.670456 0.195335 0.100621 0.0257847 0.00780313
 0.667752 0.224164 0.0640664 0.0330017 0.0110162
 0.520169 0.320851 0.107262 0.0306556 0.0210625
 0.709524 0.154649 0.0908237 0.0303628 0.0146399
 0.73202 0.192148 0.0403728 0.0237105 0.0117484
 0.809554 0.142174 0.0346118 0.00727238 0.00638723
 0.751321 0.20401 0.0333471 0.00811823 0.00320387
 0.416472 0.442586 0.115625 0.0188998 0.00641692
 0.398429 0.258935 0.259878 0.0678925 0.0148655
 0.607497 0.161111 0.0995986 0.0999614 0.0318326
 0.543635 0.285682 0.0700601 0.0433112 0.0573116
 0.674297 0.187477 0.0865286 0.0212201 0.030477
 0.62542 0.26273 0.0643821 0.0297151 0.0177535
 0.558659 0.281944 0.111801 0.0273969 0.0201996
 0.690388 0.177735 0.0842475 0.0334073 0.0142223
 0.730584 0.18924 0.046026 0.0218166 0.0123341
 0.836998 0.120706 0.0297092 0.00722574 0.00536142
 0.699047 0.253651 0.0350275 0.0086213 0.00365266
 0.646344 0.248278 0.0888155 0.0122648 0.0042977
 0.671225 0.213785 0.0807266 0.028878 0.00538524
 0.668349 0.224136 0.0699114 0.0263989 0.0112047
pobs_pel_tallas
 0 0 0 0 0 0 0 0 0 0 0 0 0 0 0 0 0 0 0 0 0 0 0 0 0 0 0 0 0 0 0 0 0 0 0 0
 0 0 0 0 0 0 0 0 0 0 0 0 0 0 0 0 0 0 0 0 0 0 0 0 0 0 0 0 0 0 0 0 0 0 0 0
 0 0 0 0 0 0 0 0 0 0 0 0 0 0 0 0 0 0 0 0 0 0 0 0 0 0 0 0 0 0 0 0 0 0 0 0
 0 0 0 0 0 0 0 0 0 0 0 0 0 0 0 0 0 0 0 0 0 0 0 0 0 0 0 0 0 0 0 0 0 0 0 0
 0 0 0 0 0 0 0 0 0 0 0 0 0 0 0 0 0 0 0 0 0 0 0 0 0 0 0 0 0 0 0 0 0 0 0 0
 0 0 0 0 0 0 0 0 0 0 0 0 0 0 0 0 0 0 0 0 0 0 0 0 0 0 0 0 0 0 0 0 0 0 0 0
 0 0 0 0 0 0 0 0 0 0 0 0 0 0 0 0 0 0 0 0 0 0 0 0 0 0 0 0 0 0 0 0 0 0 0 0
 0 0 0 0 0 0 0 0 0 0 0 0 0 0 0 0 0 0 0 0 0 0 0 0 0 0 0 0 0 0 0 0 0 0 0 0
 0 0 0 0 0 0 0 0 0 0 0 0 0 0 0 0 0 0 0 0 0 0 0 0 0 0 0 0 0 0 0 0 0 0 0 0
 0 0 0 0 0 0 0 0 0 0 0 0 0 0 0 0 0 0 0 0 0 0 0 0 0 0 0 0 0 0 0 0 0 0 0 0
 0 0 0 0 0 0 0 0 1.78061e-05 0.00172719 0.00360574 0.0105946 0.0120993 0.0124554 0.0147524 0.0171206 0.0266825 0.0428682 0.0675386 0.121331 0.153587 0.119568 0.100827 0.0573624 0.0630603 0.0341343 0.0324427 0.0444173 0.0211091 0.0280891 0.0125444 0.00206551 0 0 0 0
 0 0 0 0 0 0 0 0 0 0 0 0 0 0 0 0 0 0 0 0 0 0 0 0 0 0 0 0 0 0 0 0 0 0 0 0
 0 0 0 0 0 0 0.0133647 0.0140871 0.0187388 0.0205184 0.03894 0.0496705 0.03968 0.0493445 0.0407372 0.0367815 0.0215668 0.0243155 0.0234873 0.0199281 0.019796 0.0243948 0.0301388 0.0376714 0.0412746 0.0863199 0.0771752 0.113111 0.0741005 0.0525337 0.0229764 0.00759418 0.00175318 0 0 0
 0 0 0 0 0 0 0 0 0 0 0.00219441 0.00772107 0.0458388 0.0604681 0.0671733 0.0775358 0.0609151 0.0617685 0.073594 0.0568108 0.0755445 0.0548602 0.0670107 0.0636378 0.0643287 0.046367 0.0373049 0.0286899 0.0247887 0.0153202 0.00654259 0.00121912 0.000365735 0 0 0
 0 0 0 0 0 0 0 0 0 0 0 0 0.000112435 0.00938835 0.0111873 0.0202946 0.0414886 0.0713402 0.111592 0.104902 0.108894 0.110636 0.117776 0.105296 0.107544 0.0401394 0.0192827 0.0124803 0.00416011 0.0028671 0.000618394 0 0 0 0 0
 0 0 0 0 0 0 0 0 0 0 0.00291406 0.0102884 0.027416 0.0768956 0.0749926 0.110853 0.0956884 0.0897413 0.0766577 0.0534642 0.0500743 0.0551293 0.0594112 0.0620874 0.0668451 0.0424026 0.0208742 0.0120726 0.0048766 0.00582813 0.00118941 0.000297354 0 0 0 0
 0 0.00264628 0.0354308 0.0461629 0.0458689 0.0383711 0.0214643 0.0164657 0.0346957 0.0420465 0.0363128 0.0245516 0.0311673 0.0291091 0.0169068 0.0133784 0.00837989 0.0085269 0.0148486 0.0160247 0.0276389 0.0546898 0.0760071 0.122758 0.109233 0.0665981 0.0333725 0.0166128 0.00676272 0.00308733 0.000882094 0 0 0 0 0
 0 0 0 0 0 0 0 0.000805153 0.000690131 0.00759144 0.0133425 0.0154129 0.00931677 0.000345066 0.00356568 0.00563607 0.00851162 0.0253048 0.0502646 0.0516448 0.0657925 0.0565908 0.0611916 0.0827007 0.0866115 0.110766 0.145733 0.0935128 0.0569358 0.0249597 0.0138026 0.00621118 0.00161031 0.00115022 0 0
 0 0 0 0 0 0 0 0 0 0 0 0 0 0 0 0 0 0 0 0 0 0 0 0 0 0 0 0 0 0 0 0 0 0 0 0
 0.00147267 0.00158595 0.00478618 0.00569244 0.00954404 0.0108468 0.00647125 0.017049 0.0510054 0.094081 0.124002 0.0959785 0.0687766 0.0820023 0.061753 0.0591476 0.0492212 0.0479892 0.0443925 0.0268479 0.0217502 0.0140895 0.0121071 0.0120363 0.00920419 0.00665534 0.0049561 0.00860946 0.00930331 0.0156896 0.0114698 0.00855282 0.00243557 0.00046729 0 2.83206e-05
 0 0 0 0 0.000772559 0.00158375 0.000888443 0.00281984 0.00712685 0.0440552 0.0773331 0.111326 0.0921469 0.0852325 0.0710754 0.0886704 0.0786465 0.0553345 0.0373146 0.0185414 0.00753245 0.00457741 0.012979 0.0271748 0.0457355 0.0583668 0.034881 0.0177882 0.00938659 0.00492506 0.0015258 0.00185414 0.000309023 5.79419e-05 3.86279e-05 0
 0 0.00173294 0.00326652 0 0.00397197 0.00683976 0.00946217 0.0152591 0.00757587 0.0136028 0.0228656 0.0392903 0.0559909 0.0764795 0.0681675 0.0726916 0.0566044 0.0477403 0.0527397 0.0444891 0.0609904 0.0582453 0.0661739 0.0445044 0.0529084 0.0360697 0.0280645 0.0235558 0.0158879 0.00826598 0.00280645 0.00217768 0.000904811 0.00058276 9.20147e-05 0
 0 0 0 0 0 0 0 0 0 0 0 0 0 0 0 0 0 0 0 0 0 0 0 0 0 0 0 0 0 0 0 0 0 0 0 0
 0 0 0 0 0 0 0 0 0 0 0 0 0 0 0 0 0 0 0 0 0 0 0 0 0 0 0 0 0 0 0 0 0 0 0 0
ppred_pel_tallas
 1.01242e-16 3.29721e-05 0.00019352 0.000919911 0.00354171 0.0110445 0.0278975 0.057082 0.0946197 0.127072 0.138279 0.121971 0.0873095 0.0509515 0.0247225 0.0108825 0.00583362 0.0053391 0.00680054 0.00907042 0.0116669 0.0142851 0.0166377 0.0184546 0.0195309 0.0197692 0.0191974 0.0179526 0.0162401 0.0142819 0.0122715 0.010348 0.00859125 0.0070328 0.00567406 0.00450303
 1.01315e-16 3.2234e-05 0.000189184 0.000899291 0.00346231 0.0107969 0.0272721 0.0558026 0.0924998 0.124227 0.135191 0.119265 0.0854099 0.0499187 0.0243625 0.0109629 0.00621457 0.00598204 0.00772168 0.010294 0.0131945 0.0160791 0.0186155 0.0204953 0.0214917 0.0215096 0.0206046 0.0189616 0.0168423 0.0145215 0.0122313 0.0101293 0.00829336 0.00673757 0.00543702 0.00435192
 1.02225e-16 2.49158e-05 0.000146209 0.000694957 0.00267553 0.0083433 0.0210747 0.0431232 0.0714874 0.0960232 0.104539 0.0923212 0.0663277 0.0391961 0.0199328 0.0103325 0.0077644 0.00909007 0.0123543 0.0166156 0.0213396 0.0260395 0.0301941 0.0333078 0.035012 0.0351468 0.0337927 0.0312364 0.0278896 0.0241867 0.0204978 0.0170771 0.0140554 0.0114633 0.00927075 0.00742323
 1.02743e-16 2.92558e-05 0.0001717 0.000816169 0.00314227 0.00979885 0.0247512 0.0506445 0.0839504 0.112747 0.122703 0.108261 0.0775566 0.0453846 0.0222557 0.0101995 0.00605038 0.00607265 0.00797409 0.0107328 0.013896 0.0171462 0.020166 0.0226478 0.0243486 0.0251377 0.0250173 0.0241064 0.0225984 0.0207077 0.018624 0.0164873 0.014385 0.012365 0.0104537 0.00867113
 1.02632e-16 2.91389e-05 0.000171012 0.00081289 0.00312964 0.00975945 0.0246517 0.0504412 0.083614 0.112298 0.12222 0.107849 0.0772932 0.0452936 0.0223278 0.0104267 0.00644569 0.00666668 0.0087997 0.0118068 0.0152031 0.018628 0.0217185 0.0241308 0.0256056 0.0260236 0.0254261 0.0239929 0.0219864 0.0196837 0.0173188 0.0150504 0.0129591 0.0110655 0.00935733 0.00781366
 1.03665e-16 2.27076e-05 0.000133245 0.000633325 0.00243823 0.00760329 0.0192055 0.0392987 0.0651483 0.0875114 0.09528 0.0841633 0.0605077 0.0358395 0.0183799 0.00978097 0.00766378 0.00918536 0.0125749 0.0169753 0.0218865 0.0268381 0.0313174 0.0348301 0.037 0.0376495 0.0368305 0.0347936 0.0319098 0.0285746 0.0251254 0.0217957 0.01871 0.0159076 0.0133803 0.0111054
 1.03068e-16 3.09576e-05 0.000181695 0.000863696 0.00332527 0.0103695 0.0261926 0.0535936 0.0888373 0.119306 0.129828 0.114517 0.0819729 0.0478366 0.0232115 0.0102216 0.00549373 0.00505798 0.00648723 0.0087213 0.0113288 0.0140455 0.0166205 0.0188107 0.0204197 0.0213351 0.021544 0.0211214 0.0201987 0.0189235 0.017427 0.0158066 0.0141256 0.0124242 0.0107338 0.00908653
 1.02e-16 3.194e-05 0.000187459 0.000891091 0.00343074 0.0106984 0.0270234 0.0552937 0.0916562 0.123094 0.133956 0.118172 0.0846203 0.0494431 0.0241041 0.0108029 0.00606408 0.00578988 0.00746199 0.00995695 0.0127844 0.0156159 0.0181364 0.0200528 0.0211486 0.0213309 0.0206482 0.0192689 0.0174326 0.0153887 0.0133453 0.0114404 0.00973866 0.00824816 0.00694509 0.00579677
 1.01087e-16 3.53188e-05 0.000207301 0.000985429 0.00379398 0.0118312 0.0298846 0.0611476 0.101358 0.136116 0.14811 0.130617 0.0934422 0.0544163 0.0261898 0.0111622 0.00545722 0.00451844 0.0055559 0.00735152 0.00942204 0.0114944 0.013328 0.0147031 0.0154575 0.0155218 0.0149322 0.0138161 0.0123555 0.0107415 0.00913644 0.00765054 0.0063392 0.00521366 0.00425863 0.00344883
 1.00969e-16 3.27821e-05 0.000192402 0.000914588 0.0035212 0.0109805 0.027736 0.0567518 0.0940733 0.12634 0.13749 0.121292 0.0868596 0.0507616 0.0247652 0.0111285 0.00628435 0.00602423 0.00775784 0.0103225 0.0132012 0.0160409 0.018502 0.0202716 0.0211231 0.0209672 0.0198714 0.0180367 0.0157435 0.0132839 0.0109034 0.00876731 0.00695428 0.00547272 0.00428722 0.00334461
 1.02735e-16 1.8191e-05 0.000106717 0.000507181 0.0019525 0.00608854 0.0153796 0.0314714 0.0521781 0.0701058 0.0763738 0.0675689 0.0488081 0.0293732 0.0159167 0.00984427 0.00933181 0.0121586 0.0169083 0.0228156 0.0293075 0.0357514 0.0414358 0.0456785 0.0479716 0.0480952 0.0461609 0.0425656 0.0378798 0.0327067 0.0275611 0.0227994 0.0186065 0.0150284 0.0120248 0.00951962
 1.06801e-16 1.73971e-05 0.000102072 0.000485135 0.00186768 0.00582407 0.0147113 0.0301029 0.0499047 0.0670387 0.0729988 0.0645032 0.0464207 0.0275928 0.0143353 0.00794042 0.00662082 0.0082412 0.0114919 0.0157618 0.0207051 0.0259806 0.0311878 0.0359052 0.0397628 0.0425038 0.044017 0.0443264 0.0435525 0.0418616 0.0394245 0.0363961 0.0329173 0.029126 0.0251691 0.0212034
 1.06389e-16 2.65089e-05 0.000155577 0.000739526 0.00284719 0.00887866 0.0224268 0.0458885 0.0760663 0.102158 0.111177 0.0980861 0.0702576 0.0410935 0.0201163 0.00916465 0.00537328 0.00536612 0.00708373 0.00962831 0.0126281 0.0158408 0.0190241 0.0219343 0.0243654 0.0261838 0.0273425 0.0278695 0.0278378 0.0273305 0.0264151 0.0251349 0.0235179 0.0215934 0.0194092 0.0170391
 1.05254e-16 2.37292e-05 0.000139247 0.000661864 0.00254813 0.00794601 0.0200712 0.0410696 0.0680825 0.0914481 0.0995538 0.0879091 0.0631366 0.0372679 0.018875 0.00966122 0.00711683 0.00825387 0.0112195 0.0151382 0.0195346 0.0239892 0.0280543 0.0313014 0.033408 0.0342261 0.0338074 0.0323723 0.0302384 0.0277339 0.025126 0.0225834 0.0201773 0.0179089 0.0157484 0.0136679
 1.03443e-16 2.94229e-05 0.000172682 0.000820839 0.00316025 0.00985493 0.0248928 0.0509343 0.0844304 0.113391 0.123401 0.108871 0.0779818 0.0456088 0.0223196 0.0101508 0.00591406 0.00584871 0.00764856 0.0102893 0.0133242 0.0164482 0.0193596 0.0217682 0.0234464 0.024274 0.0242573 0.0235117 0.0222203 0.0205816 0.0187662 0.0168934 0.015031 0.0132096 0.011443 0.0097444
 1.02851e-16 2.72946e-05 0.00016018 0.000761389 0.00293133 0.00914103 0.0230896 0.0472454 0.0783182 0.10519 0.114497 0.101064 0.0724965 0.0426153 0.0212541 0.0103388 0.00694714 0.00761285 0.0101921 0.0136913 0.0176082 0.0215342 0.0250459 0.0277422 0.0293239 0.0296588 0.0288065 0.0269899 0.0245295 0.0217612 0.0189667 0.0163345 0.0139565 0.0118491 0.00998676 0.00833211
 1.03565e-16 2.43844e-05 0.000143093 0.000680149 0.00261853 0.00816556 0.0206257 0.0422042 0.0699631 0.0939732 0.1023 0.0903289 0.0648625 0.0382627 0.0193348 0.00982567 0.00715274 0.00824375 0.0111959 0.0151145 0.0195195 0.0239902 0.028075 0.0313368 0.0334386 0.0342133 0.0336922 0.0320787 0.0296826 0.0268376 0.0238315 0.0208672 0.0180585 0.0154508 0.0130512 0.0108562
 1.03067e-16 3.01241e-05 0.0001768 0.000840418 0.00323564 0.01009 0.0254866 0.0521492 0.0864438 0.116094 0.126339 0.111455 0.079814 0.0466435 0.0227571 0.0102333 0.00580076 0.0056041 0.00728088 0.00978696 0.0126767 0.0156554 0.0184356 0.0207409 0.0223532 0.0231557 0.023151 0.0224451 0.0212089 0.0196291 0.0178678 0.0160405 0.0142157 0.012428 0.0106965 0.00903906
 1.02042e-16 3.18772e-05 0.000187091 0.000889342 0.00342401 0.0106774 0.0269704 0.0551852 0.0914762 0.122852 0.133692 0.117938 0.0844506 0.0493393 0.024045 0.0107623 0.00602251 0.00573587 0.00739021 0.00986656 0.012679 0.0155037 0.0180304 0.0199694 0.0211051 0.0213426 0.0207248 0.0194128 0.0176376 0.0156414 0.0136271 0.0117309 0.0100187 0.00850235 0.00716328 0.00597433
 1.0096e-16 3.65146e-05 0.000214323 0.00101882 0.00392255 0.0122321 0.0308973 0.0632195 0.104791 0.140725 0.153118 0.135019 0.0965576 0.0561633 0.0269046 0.0112501 0.00518024 0.00397559 0.00475039 0.00625533 0.00801401 0.00977919 0.011344 0.0125214 0.0131736 0.0132412 0.0127543 0.0118203 0.0105926 0.00923253 0.00787685 0.0066186 0.00550449 0.00454414 0.00372504 0.00302651
 1.01047e-16 3.05047e-05 0.000179027 0.000850993 0.00327633 0.0102169 0.0258072 0.0528056 0.0875339 0.117564 0.127954 0.112916 0.0809403 0.0474617 0.0234525 0.011042 0.00693854 0.0072451 0.00955179 0.0127494 0.0162977 0.0197807 0.0227804 0.0249091 0.0258875 0.0256088 0.0241629 0.0218061 0.018894 0.0157955 0.0128201 0.0101745 0.00795544 0.00616942 0.00476685 0.0036751
 1.01964e-16 2.82065e-05 0.000165535 0.000786849 0.00302936 0.00944674 0.0238618 0.0488253 0.0809365 0.108705 0.118317 0.104423 0.0748788 0.0439605 0.0218229 0.0104468 0.00680298 0.00730346 0.00973324 0.0130753 0.0168309 0.0206064 0.023996 0.0266123 0.0281611 0.0285043 0.0276846 0.0259021 0.0234545 0.020662 0.0178018 0.0150713 0.0125812 0.0103719 0.00844119 0.0067688
 1.0246e-16 2.929e-05 0.000171899 0.000817113 0.0031459 0.00981015 0.0247797 0.0507031 0.084048 0.11288 0.122851 0.1084 0.0776758 0.0454931 0.0223804 0.0103757 0.00631436 0.00645797 0.00850702 0.0114255 0.0147386 0.0181002 0.0211624 0.0235933 0.0251376 0.0256703 0.0252176 0.0239368 0.0220665 0.0198632 0.0175483 0.0152782 0.0131405 0.0111698 0.00937106 0.00773952
 1.02497e-16 2.9165e-05 0.000171165 0.000813618 0.00313244 0.00976818 0.0246737 0.0504863 0.0836889 0.112399 0.12233 0.107945 0.0773625 0.0453344 0.0223483 0.0104372 0.00645355 0.00667641 0.00881399 0.0118277 0.0152323 0.0186667 0.0217669 0.0241877 0.0256675 0.0260847 0.0254786 0.0240271 0.0219924 0.0196528 0.0172447 0.014931 0.0127968 0.0108674 0.00913413 0.00757816
pSPR Fmed_Fpbrs
0.445557   0.338393 0.338393
Fs Fmed_Fpbrs
0.64   1.005 1.005
SSBpbr Bo_Bmed_Bpbrs
1.51461e+06  599114  436802 436802
Ro
42787.9
SPR SPRFo_SPRFmed_SPRFpbrs
880403 392270 297922
log_Ro
10.484
likeval ReclasPelacesDesembMPH_pf_preclas_ppelaces_ptallas_desvR_qrecl_qpela
 114.063 103.658 0.0260177 206.716 319.005 184.031 47.3658 0 20.4282 4.50311e-05 0 0 0 0 0
q_reclas_q_pelaces
0.38639 1
M
0.7
N
 46174.3 14482.2 5464.45 651.642 0.281039
 58408.1 21015.4 4471.39 1687.15 201.282
 30697.9 26875.6 6887.05 1465.34 618.868
 42287.1 13531.9 6970.55 1786.25 540.567
 59758.1 20472.7 5851.13 3014.02 1006.1
 37654.2 29512.2 9866.08 2819.74 1937.35
 67220.5 17524.8 10292.1 3440.69 1658.99
 83874 31801.6 6681.91 3924.2 1944.43
 151235 37705 9179.12 1928.65 1693.91
 208329 68306.9 11165.4 2718.16 1072.73
 69972.5 98306.1 25682.2 4197.98 1425.31
 38839.6 32218.8 32336.1 8447.73 1849.69
 46455.6 18054.4 11161.2 11201.9 3567.23
 21006.3 20802.6 5101.57 3153.79 4173.26
 17061.5 8787.51 4055.81 994.637 1428.53
 12879.1 7170.45 1757.12 810.987 484.529
 8645.86 5926.2 2349.96 575.859 424.577
 11630.7 3952.03 1873.29 742.83 316.241
 16119.5 5357.69 1303.07 617.665 349.199
 41984.9 7482.36 1841.63 447.912 332.346
 50617.8 19688.1 2718.8 669.175 283.515
 59068.3 24667.9 8824.35 1218.58 427.002
 81304.3 28676.3 10828.3 3873.58 722.355
 105111 39275.2 12250.5 4625.87 1963.39
pred_Ctot
 2785.99 4048.05 1527.42 182.146 0.0785558
 3096.79 5263.39 1119.88 422.555 50.4118
 2496.69 9580.32 2455.02 522.347 220.607
 763.533 1268.07 653.206 167.388 50.6562
 235.825 435.734 124.534 64.1495 21.4135
 1706.2 6448.43 2155.74 616.114 423.312
 2293.38 2971.14 1744.91 583.332 281.263
 5747.06 9878.26 2075.55 1218.94 603.981
 9893.73 11274.1 2744.63 576.683 506.492
 7475.84 12122.9 1981.59 482.409 190.384
 3677.91 24438.4 6384.48 1043.6 354.325
 1792.18 7152.97 7179.03 1875.5 410.654
 3302.25 5778.66 3572.37 3585.38 1141.76
 2404.37 9576.56 2348.53 1451.86 1921.18
 1903.84 3973.04 1833.73 449.699 645.874
 682.785 1795.72 440.042 203.098 121.342
 496.758 1589.53 630.31 154.458 113.881
 607.894 977.699 463.436 183.77 78.2353
 759.4 1211.27 294.6 139.643 78.9474
 1686.91 1469.78 361.756 87.9846 65.2836
 678.751 1387.58 191.616 47.1623 19.9816
 951.468 2073.16 741.623 102.413 35.8865
 1594.61 2906.64 1097.57 392.628 73.2182
 2183.8 4203.77 1311.22 495.124 210.149
F
 0.0871676 0.475221 0.475221 0.475221 0.475221
 0.0762337 0.415612 0.415612 0.415612 0.415612
 0.11914 0.649527 0.649527 0.649527 0.649527
 0.0253896 0.138419 0.138419 0.138419 0.138419
 0.00550074 0.029989 0.029989 0.029989 0.029989
 0.064828 0.35343 0.35343 0.35343 0.35343
 0.048463 0.264211 0.264211 0.264211 0.264211
 0.0995236 0.542584 0.542584 0.542584 0.542584
 0.0948263 0.516975 0.516975 0.516975 0.516975
 0.0510312 0.278213 0.278213 0.278213 0.278213
 0.0755531 0.411901 0.411901 0.411901 0.411901
 0.0660521 0.360104 0.360104 0.360104 0.360104
 0.103422 0.563839 0.563839 0.563839 0.563839
 0.171489 0.934925 0.934925 0.934925 0.934925
 0.166854 0.909654 0.909654 0.909654 0.909654
 0.076226 0.41557 0.41557 0.41557 0.41557
 0.0828508 0.451687 0.451687 0.451687 0.451687
 0.0751136 0.409505 0.409505 0.409505 0.409505
 0.067479 0.367883 0.367883 0.367883 0.367883
 0.0572947 0.31236 0.31236 0.31236 0.31236
 0.0188011 0.1025 0.1025 0.1025 0.1025
 0.0226228 0.123335 0.123335 0.123335 0.123335
 0.0276058 0.150502 0.150502 0.150502 0.150502
 0.0292644 0.159544 0.159544 0.159544 0.159544
Np
 29779.1 12298.3 9214.29 3022.39 1114.09
YTP_r0W_actual
 102895 359905 162481 80317.8 41665.3
YTP_p0W_proyectada
 29879.8 528085 251807 100304 59825.7
 29879.8 128120 139543 58453.6 23911
CTP_r0_actual
 12861.8 18942.4 5908.41 2231.05 946.938
CTP_p0_proyectada
 3643.88 24448.4 8019.35 2501.36 1344.4
 3643.88 5931.46 4444.04 1457.7 537.325
Wmedp
 8.2 21.6 31.4 40.1 44.5
nmprior
 10.8 10.6 4.6 0
nm_flota  nm_reclas  nm_pelaces    nm_pelaL
inf 16.9238 22.5354 42.0182
cv_recla  cv_pelaces  cv_mph
0.823983 0.599011 1.21998
 ------------------------------------------------
Talla a la edad & desviaci?n 
 7.2 14.2025 17.0495 18.207 18.6776
 1.08 2.13037 2.55742 2.73105 2.80164
