years
 1997 1998 1999 2000 2001 2002 2003 2004 2005 2006 2007 2008 2009 2010 2011 2012 2013 2014 2015 2016 2017 2018 2019 2020 2021 2022 2023
reclasobs
 0 0 0 370054 412103 1.49427e+06 250295 1.28982e+06 931140 785840 897777 1.04006e+06 184774 17550 25797 100020 73551 82996 120727 218422 84188 347160 605670 569463 516374 1.08416e+06 1.01767e+06
reclaspred
 2.90718e+06 689186 1.47386e+06 600658 298532 1.07632e+06 4.23889e+06 3.14562e+06 3.63726e+06 3.24317e+06 4.50438e+06 4.56267e+06 3.31632e+06 2.08464e+06 1.32349e+06 749399 533897 509382 513332 604456 490817 555119 1.2806e+06 1.38249e+06 1.86135e+06 1.79026e+06 2.16578e+06
pelacesobs
 0 0 0 0 0 0 0 0 0 2.06254e+06 1.5e+06 0 1.87456e+06 323000 250000 174000 83755 137374 0 501740 490994 745055 786931 1.00524e+06 1.33801e+06 1.41789e+06 0
pelacespred
 2.38968e+06 876522 514744 477073 212718 430579 1.50833e+06 2.22869e+06 2.20468e+06 2.07116e+06 2.69664e+06 2.74246e+06 2.10101e+06 1.39178e+06 841590 481872 325429 281791 298534 323457 310963 309229 551267 776439 974185 1.04365e+06 1.17653e+06
mphobs
 0 0 0 0 0 112323 112323 0 153150 637223 0 255016 313432 73983 77613 109348 50772 17779 17303 59886 28197 0 207744 136588 643089 65757 70829
mphpred
 1.90987e+06 1.50623e+06 883077 820453 364060 314139 2.61983e+06 2.72335e+06 3.6299e+06 2.90416e+06 3.48584e+06 4.57664e+06 3.32126e+06 2.34467e+06 1.39591e+06 774657 446260 407985 418216 506439 449729 414640 822656 1.12897e+06 1.43607e+06 1.4658e+06 1.51546e+06
desembarqueobs
 350755 77701 442110 56441 14545 235359 269955 359681 431902 328805 639364 411747 362871 311530 167758 66681 60226 58785 57116 73181 50977 67692 138656 160484 209506 203330 245020
desembarquepred
 330456 78470.2 167817 68392.4 33990.5 122179 482636 357561 414039 368888 512266 519447 377484 237356 150693 85322.8 60747.2 57970 58391.5 68814.9 55847.4 63112.4 145741 157263 211851 203723 246297
Reclutas
 203681 4457.13 606.285 424.483 1176.3 413129 8491.4 416987 75550.6 326061 486386 59984.7 109523 7733.73 2918.72 6115.22 29220.8 18317.5 46800 7481.44 26392.1 113860 79008.3 136498 56871.2 97342.9 267187
log_desv_Rt
 1.85468 -1.96737 -3.96228 -4.31876 -3.2995 2.56189 -1.32282 2.57118 0.862929 2.32521 2.72513 0.632216 1.23426 -1.41628 -2.39073 -1.65109 -0.0869908 -0.554015 0.384011 -1.44945 -0.188807 1.27309 0.90768 1.45444 0.578916 1.11637 2.12608
SSB
 1.90987e+06 1.50623e+06 883077 820453 364060 314139 2.5569e+06 2.70157e+06 3.5716e+06 2.85771e+06 3.48584e+06 4.57664e+06 3.37547e+06 2.383e+06 1.44192e+06 819883 487742 435252 428466 540353 460761 414640 842853 1.1109e+06 1.53209e+06 1.60214e+06 1.56508e+06
BT
 7.73118e+06 1.72184e+06 1.0132e+06 936278 419906 1.43449e+06 3.01141e+06 5.93792e+06 4.63085e+06 5.03832e+06 6.88459e+06 5.57541e+06 4.45205e+06 2.74601e+06 1.65915e+06 957893 738099 621272 703324 656803 712616 768854 1.22732e+06 1.83403e+06 2.10997e+06 2.3146e+06 2.94259e+06
Ftot
 0.110803 0.110803 0.110803 0.110803 0.110803 0.110803 0.110803 0.110803 0.110803 0.110803 0.110803 0.110803 0.110803 0.110803 0.110803 0.110803 0.110803 0.110803 0.110803 0.110803 0.110803 0.110803 0.110803 0.110803 0.110803 0.110803 0.110803
BD_Bspro_t
 0.985784 0.914087 0.824063 0.740137 0.665671 0.734928 0.90371 0.843427 0.862423 0.81348 0.835828 0.839118 0.780916 0.744168 0.685346 0.634733 0.60582 0.686375 0.730108 0.79177 0.767155 0.792422 0.857276 0.843892 0.846493 0.813676 0.813807
BD_Bspro
 2.90083 2.28776 1.34127 1.24616 0.552958 0.477134 3.88358 4.10331 5.42477 4.34047 5.29452 6.95129 5.12688 3.61945 2.19008 1.24529 0.740813 0.661088 0.650781 0.820722 0.699833 0.629782 1.28018 1.6873 2.32704 2.43343 2.37714
BD_Bo
 0.3842 0.303001 0.177645 0.165047 0.0732363 0.0631938 0.514359 0.543462 0.718482 0.574873 0.701231 0.920661 0.679028 0.479376 0.290064 0.164932 0.0981168 0.0875576 0.0861924 0.1087 0.0926892 0.0834113 0.169553 0.223474 0.308204 0.322294 0.314839
BD_Brms
 1.87184 1.47624 0.865493 0.804116 0.356811 0.307884 2.50598 2.64778 3.50048 2.80081 3.41643 4.48551 3.30826 2.33555 1.41321 0.803557 0.47803 0.426585 0.419934 0.529593 0.451586 0.406384 0.82607 1.08878 1.50159 1.57023 1.53391
S_f
 0.5 1 1 1 1
 0.5 1 1 1 1
 0.5 1 1 1 1
 0.5 1 1 1 1
 0.5 1 1 1 1
 0.5 1 1 1 1
 0.5 1 1 1 1
 0.5 1 1 1 1
 0.5 1 1 1 1
 0.5 1 1 1 1
 0.5 1 1 1 1
 0.5 1 1 1 1
 0.5 1 1 1 1
 0.5 1 1 1 1
 0.5 1 1 1 1
 0.5 1 1 1 1
 0.5 1 1 1 1
 0.5 1 1 1 1
 0.5 1 1 1 1
 0.5 1 1 1 1
 0.5 1 1 1 1
 0.5 1 1 1 1
 0.5 1 1 1 1
 0.5 1 1 1 1
 0.5 1 1 1 1
 0.5 1 1 1 1
 0.5 1 1 1 1
Scru_reclas
 0.5 1 1 1 1
 0.5 1 1 1 1
 0.5 1 1 1 1
 0.5 1 1 1 1
 0.5 1 1 1 1
 0.5 1 1 1 1
 0.5 1 1 1 1
 0.5 1 1 1 1
 0.5 1 1 1 1
 0.5 1 1 1 1
 0.5 1 1 1 1
 0.5 1 1 1 1
 0.5 1 1 1 1
 0.5 1 1 1 1
 0.5 1 1 1 1
 0.5 1 1 1 1
 0.5 1 1 1 1
 0.5 1 1 1 1
 0.5 1 1 1 1
 0.5 1 1 1 1
 0.5 1 1 1 1
 0.5 1 1 1 1
 0.5 1 1 1 1
 0.5 1 1 1 1
 0.5 1 1 1 1
 0.5 1 1 1 1
 0.5 1 1 1 1
Scru_pelaces
 0.5 1 1 1 1
 0.5 1 1 1 1
 0.5 1 1 1 1
 0.5 1 1 1 1
 0.5 1 1 1 1
 0.5 1 1 1 1
 0.5 1 1 1 1
 0.5 1 1 1 1
 0.5 1 1 1 1
 0.5 1 1 1 1
 0.5 1 1 1 1
 0.5 1 1 1 1
 0.5 1 1 1 1
 0.5 1 1 1 1
 0.5 1 1 1 1
 0.5 1 1 1 1
 0.5 1 1 1 1
 0.5 1 1 1 1
 0.5 1 1 1 1
 0.5 1 1 1 1
 0.5 1 1 1 1
 0.5 1 1 1 1
 0.5 1 1 1 1
 0.5 1 1 1 1
 0.5 1 1 1 1
 0.5 1 1 1 1
 0.5 1 1 1 1
pf_obs 
 0.256992 0.487395 0.22802 0.0275931 0
 0.321318 0.546541 0.124235 0.00734118 0.000564706
 0.182869 0.594174 0.210203 0.0122559 0.00049798
 0.330522 0.361315 0.267642 0.0388342 0.00168674
 0.649043 0.306663 0.0425973 0.00169635 0
 0.582887 0.30429 0.105238 0.00758474 0
 0.465427 0.430635 0.0974691 0.00646863 0
 0.296916 0.608066 0.0921331 0.00288517 0
 0.311714 0.524322 0.152257 0.0117073 0
 0.15457 0.633149 0.183074 0.0267441 0.00246327
 0.131901 0.49318 0.331252 0.0422183 0.00144891
 0.196976 0.569456 0.194076 0.0375587 0.00193317
 0.518974 0.381816 0.0799577 0.0180837 0.00116848
 0.0928022 0.601141 0.25162 0.0475244 0.00691264
 0.122501 0.610282 0.24278 0.0234846 0.000952079
 0.383417 0.481906 0.127806 0.00687128 0
 0.0376549 0.599619 0.316969 0.0457579 0
 0.0361596 0.667082 0.258105 0.0386534 0
 0.158088 0.579412 0.248529 0.0139706 0
 0.0477256 0.309471 0.559284 0.082774 0.000745712
 0.0406174 0.521527 0.379366 0.0568643 0.0016247
 0.151134 0.462217 0.34131 0.0453401 0
 0.294876 0.26143 0.354403 0.0886775 0.000613685
 0.281977 0.475581 0.204845 0.0348837 0.00271318
 0.0841818 0.532909 0.334909 0.0458182 0.00218182
 0.115287 0.27431 0.454777 0.147771 0.00785563
 0 0 0 0 0
pf_pred 
 0.734839 0.133486 0.066287 0.0329172 0.0324706
 0.0199021 0.834222 0.0734361 0.0364673 0.0359725
 0.00592882 0.0399792 0.812087 0.0714875 0.0705177
 0.00919471 0.012046 0.0393634 0.799578 0.139818
 0.0537177 0.0177806 0.0112885 0.0368882 0.880325
 0.975699 0.00254821 0.000408743 0.000259501 0.021085
 0.0216613 0.966671 0.00122344 0.000196245 0.0102479
 0.700525 0.0130848 0.282975 0.000358139 0.00305732
 0.14062 0.711898 0.00644388 0.139356 0.00168201
 0.542897 0.115384 0.283075 0.00256231 0.0560817
 0.535965 0.329565 0.0339433 0.0832742 0.0172517
 0.0865199 0.643493 0.191749 0.019749 0.0584885
 0.245536 0.12335 0.444583 0.132478 0.0540535
 0.030001 0.389707 0.094874 0.341948 0.143469
 0.02409 0.058549 0.368559 0.0897255 0.459076
 0.0996768 0.0436377 0.0513962 0.323533 0.481756
 0.492081 0.094459 0.02004 0.0236029 0.369817
 0.312975 0.457956 0.0426006 0.00903793 0.17743
 0.57441 0.20622 0.146227 0.0136026 0.0595402
 0.113662 0.652175 0.113464 0.0804555 0.0402438
 0.445913 0.115944 0.32239 0.0560886 0.0596653
 0.745911 0.158591 0.0199831 0.0555643 0.0199504
 0.393691 0.520403 0.0536188 0.00675617 0.0255311
 0.518897 0.275496 0.176475 0.0181828 0.010949
 0.238626 0.525337 0.135163 0.0865818 0.0142926
 0.422925 0.226641 0.241794 0.0622106 0.0464289
 0.643027 0.214884 0.0558041 0.059535 0.0267494
pobs_RECLAS
 0 0 0 0 0
 0 0 0 0 0
 0 0 0 0 0
 0 0 0 0 0
 0.835266 0.146461 0.0176864 0.000547809 3.91292e-05
 0.385257 0.428462 0.181853 0.0044286 0
 0.867414 0.0963971 0.0333333 0.00285562 0
 0.441836 0.489002 0.0689373 0.000224442 0
 0.779404 0.147425 0.0564933 0.0165055 0.000172143
 0.814271 0.122319 0.05973 0.00367925 0
 0.40263 0.566651 0.0304383 0.000280538 0
 0.475488 0.404961 0.113038 0.00651328 0
 0.955842 0.0263864 0.0167828 0.000988607 0
 0.975058 0.0227948 0.00214734 0 0
 0.738997 0.206755 0.0527124 0.00153531 0
 0.850938 0.134255 0.0134407 0.00136685 0
 0.542534 0.407297 0.0501686 0 0
 0.764087 0.199537 0.0359546 0.000420521 0
 0.470689 0.182191 0.310203 0.0369168 0
 0.84361 0.089868 0.0606195 0.00523954 0.000663233
 0.607945 0.314616 0.071237 0.00620181 0
 0.523733 0.453247 0.0230204 0 0
 0.530135 0.295979 0.169645 0.0042399 0
 0.562478 0.366248 0.0663022 0.0049721 0
 0.250443 0.683176 0.0655157 0.000865301 0
 0.195077 0.31981 0.436473 0.0351445 0.0134964
 0.565238 0.351407 0.0832357 0.000118908 0
ppred_RECLAS
 0.735536 0.133135 0.0661129 0.0328307 0.0323853
 0.019972 0.834162 0.0734308 0.0364647 0.03597
 0.00594996 0.0399784 0.812069 0.071486 0.0705162
 0.00922737 0.0120456 0.0393621 0.799552 0.139813
 0.0538999 0.0177772 0.0112863 0.0368811 0.880156
 0.975783 0.00253933 0.000407318 0.000258597 0.0210115
 0.0217373 0.966596 0.00122335 0.00019623 0.0102471
 0.701275 0.013052 0.282266 0.000357242 0.00304966
 0.141053 0.711539 0.00644064 0.139286 0.00168116
 0.543785 0.115159 0.282525 0.00255733 0.0559727
 0.536855 0.328933 0.0338781 0.0831145 0.0172186
 0.0868032 0.643294 0.19169 0.0197429 0.0584704
 0.2462 0.123241 0.444191 0.132361 0.054006
 0.0301053 0.389665 0.0948638 0.341912 0.143454
 0.0241742 0.058544 0.368528 0.0897178 0.459036
 0.0999984 0.0436222 0.0513779 0.323418 0.481584
 0.492976 0.0942926 0.0200047 0.0235614 0.369166
 0.313746 0.457442 0.0425528 0.0090278 0.177232
 0.575285 0.205796 0.145927 0.0135746 0.0594179
 0.114023 0.651909 0.113418 0.0804228 0.0402274
 0.446797 0.115759 0.321875 0.0559991 0.0595701
 0.746589 0.158168 0.0199298 0.0554161 0.0198971
 0.394546 0.519669 0.0535432 0.00674665 0.0254951
 0.51979 0.274984 0.176148 0.0181491 0.0109287
 0.239276 0.524888 0.135047 0.0865078 0.0142804
 0.423799 0.226298 0.241428 0.0621164 0.0463586
 0.643848 0.21439 0.0556757 0.0593981 0.0266879
pobs_PELACES
 0 0 0 0 0
 0 0 0 0 0
 0 0 0 0 0
 0 0 0 0 0
 0 0 0 0 0
 0 0 0 0 0
 0 0 0 0 0
 0 0 0 0 0
 0 0 0 0 0
 0 0 0 0 0
 0.450072 0.473896 0.0757376 0.000293798 0
 0 0 0 0 0
 0.463077 0.371075 0.160297 0.00555027 0
 0.529543 0.364841 0.0842815 0.0213345 0
 0.631943 0.363953 0.00410389 0 0
 0.735681 0.248677 0.0153453 0.000297389 0
 0.695825 0.281241 0.0229344 0 0
 0.275771 0.60734 0.115278 0.00161068 0
 0 0 0 0 0
 0.896147 0.0623911 0.0374545 0.00400742 0
 0.803859 0.145111 0.0509908 3.86294e-05 0
 0.739449 0.233085 0.0266225 0.000797448 4.60066e-05
 0.878498 0.100942 0.0204185 0.000141795 0
 0.694673 0.275183 0.0284847 0.00165964 0
 0.469039 0.446079 0.0841089 0.000773354 0
 0.822795 0.102175 0.0682046 0.00682512 0
 0 0 0 0 0
ppred_PELACES
 0.739077 0.131352 0.0652276 0.0323911 0.0319517
 0.020333 0.833855 0.0734038 0.0364512 0.0359567
 0.00605907 0.039974 0.81198 0.0714781 0.0705085
 0.00939602 0.0120435 0.0393554 0.799416 0.139789
 0.0548398 0.0177595 0.0112751 0.0368444 0.879281
 0.976212 0.00249442 0.000400115 0.000254023 0.0206399
 0.0221295 0.966209 0.00122286 0.000196151 0.010243
 0.705091 0.0128853 0.27866 0.000352679 0.00301071
 0.143282 0.709692 0.00642392 0.138925 0.0016768
 0.548317 0.114016 0.279719 0.00253193 0.0554167
 0.541398 0.325707 0.0335459 0.0822993 0.0170498
 0.0882634 0.642265 0.191383 0.0197113 0.0583769
 0.249609 0.122684 0.442183 0.131763 0.0537617
 0.0306438 0.389449 0.0948111 0.341722 0.143374
 0.0246093 0.0585179 0.368363 0.0896778 0.458832
 0.101656 0.0435418 0.0512832 0.322822 0.480697
 0.497546 0.0934427 0.0198244 0.023349 0.365838
 0.317695 0.454809 0.0423079 0.00897584 0.176212
 0.579746 0.203634 0.144394 0.013432 0.0587938
 0.115883 0.65054 0.11318 0.0802539 0.0401429
 0.45132 0.114812 0.319243 0.0555412 0.059083
 0.750032 0.156019 0.019659 0.0546631 0.0196268
 0.398921 0.515914 0.0531563 0.00669789 0.0253109
 0.524352 0.272372 0.174474 0.0179767 0.0108249
 0.24262 0.522581 0.134454 0.0861276 0.0142176
 0.428269 0.224542 0.239555 0.0616345 0.0459989
 0.648029 0.211873 0.0550221 0.0587007 0.0263746
pobs_pel_tallas
 0 0 0 0 0 0 0 0 0 0 0 0 0 0 0 0 0 0 0 0 0 0 0 0 0 0 0 0 0 0 0 0 0 0 0 0
 0 0 0 0 0 0 0 0 0 0 0 0 0 0 0 0 0 0 0 0 0 0 0 0 0 0 0 0 0 0 0 0 0 0 0 0
 0 0 0 0 0 0 0 0 0 0 0 0 0 0 0 0 0 0 0 0 0 0 0 0 0 0 0 0 0 0 0 0 0 0 0 0
 0 0 0 0 0 0 0 0 0 0 0 0 0 0 0 0 0 0 0 0 0 0 0 0 0 0 0 0 0 0 0 0 0 0 0 0
 0 0 0 0 0 0 0 0 0 0 0 0 0 0 0 0 0 0 0 0 0 0 0 0 0 0 0 0 0 0 0 0 0 0 0 0
 0 0 0 0 0 0 0 0 0 0 0 0 0 0 0 0 0 0 0 0 0 0 0 0 0 0 0 0 0 0 0 0 0 0 0 0
 0 0 0 0 0 0 0 0 0 0 0 0 0 0 0 0 0 0 0 0 0 0 0 0 0 0 0 0 0 0 0 0 0 0 0 0
 0 0 0 0 0 0 0 0 0 0 0 0 0 0 0 0 0 0 0 0 0 0 0 0 0 0 0 0 0 0 0 0 0 0 0 0
 0 0 0 0 0 0 0 0 0 0 0 0 0 0 0 0 0 0 0 0 0 0 0 0 0 0 0 0 0 0 0 0 0 0 0 0
 0 0 0 0 0 0 0 0 0 0 0 0 0 0 0 0 0 0 0 0 0 0 0 0 0 0 0 0 0 0 0 0 0 0 0 0
 0 0 0 0 0 0 0 0 1.78061e-05 0.00172719 0.00360574 0.0105946 0.0120993 0.0124554 0.0147524 0.0171206 0.0266825 0.0428682 0.0675386 0.121331 0.153587 0.119568 0.100827 0.0573624 0.0630603 0.0341343 0.0324427 0.0444173 0.0211091 0.0280891 0.0125444 0.00206551 0 0 0 0
 0 0 0 0 0 0 0 0 0 0 0 0 0 0 0 0 0 0 0 0 0 0 0 0 0 0 0 0 0 0 0 0 0 0 0 0
 0 0 0 0 0 0 0.0133647 0.0140871 0.0187388 0.0205184 0.03894 0.0496705 0.03968 0.0493445 0.0407372 0.0367815 0.0215668 0.0243155 0.0234873 0.0199281 0.019796 0.0243948 0.0301388 0.0376714 0.0412746 0.0863199 0.0771752 0.113111 0.0741005 0.0525337 0.0229764 0.00759418 0.00175318 0 0 0
 0 0 0 0 0 0 0 0 0 0 0.00219441 0.00772107 0.0458388 0.0604681 0.0671733 0.0775358 0.0609151 0.0617685 0.073594 0.0568108 0.0755445 0.0548602 0.0670107 0.0636378 0.0643287 0.046367 0.0373049 0.0286899 0.0247887 0.0153202 0.00654259 0.00121912 0.000365735 0 0 0
 0 0 0 0 0 0 0 0 0 0 0 0 0.000112435 0.00938835 0.0111873 0.0202946 0.0414886 0.0713402 0.111592 0.104902 0.108894 0.110636 0.117776 0.105296 0.107544 0.0401394 0.0192827 0.0124803 0.00416011 0.0028671 0.000618394 0 0 0 0 0
 0 0 0 0 0 0 0 0 0 0 0.00291406 0.0102884 0.027416 0.0768956 0.0749926 0.110853 0.0956884 0.0897413 0.0766577 0.0534642 0.0500743 0.0551293 0.0594112 0.0620874 0.0668451 0.0424026 0.0208742 0.0120726 0.0048766 0.00582813 0.00118941 0.000297354 0 0 0 0
 0 0.00264628 0.0354308 0.0461629 0.0458689 0.0383711 0.0214643 0.0164657 0.0346957 0.0420465 0.0363128 0.0245516 0.0311673 0.0291091 0.0169068 0.0133784 0.00837989 0.0085269 0.0148486 0.0160247 0.0276389 0.0546898 0.0760071 0.122758 0.109233 0.0665981 0.0333725 0.0166128 0.00676272 0.00308733 0.000882094 0 0 0 0 0
 0 0 0 0 0 0 0 0.000805153 0.000690131 0.00759144 0.0133425 0.0154129 0.00931677 0.000345066 0.00356568 0.00563607 0.00851162 0.0253048 0.0502646 0.0516448 0.0657925 0.0565908 0.0611916 0.0827007 0.0866115 0.110766 0.145733 0.0935128 0.0569358 0.0249597 0.0138026 0.00621118 0.00161031 0.00115022 0 0
 0 0 0 0 0 0 0 0 0 0 0 0 0 0 0 0 0 0 0 0 0 0 0 0 0 0 0 0 0 0 0 0 0 0 0 0
 0.00147267 0.00158595 0.00478618 0.00569244 0.00954404 0.0108468 0.00647125 0.017049 0.0510054 0.094081 0.124002 0.0959785 0.0687766 0.0820023 0.061753 0.0591476 0.0492212 0.0479892 0.0443925 0.0268479 0.0217502 0.0140895 0.0121071 0.0120363 0.00920419 0.00665534 0.0049561 0.00860946 0.00930331 0.0156896 0.0114698 0.00855282 0.00243557 0.00046729 0 2.83206e-05
 0 0 0 0 0.000772559 0.00158375 0.000888443 0.00281984 0.00712685 0.0440552 0.0773331 0.111326 0.0921469 0.0852325 0.0710754 0.0886704 0.0786465 0.0553345 0.0373146 0.0185414 0.00753245 0.00457741 0.012979 0.0271748 0.0457355 0.0583668 0.034881 0.0177882 0.00938659 0.00492506 0.0015258 0.00185414 0.000309023 5.79419e-05 3.86279e-05 0
 0 0.00173294 0.00326652 0 0.00397197 0.00683976 0.00946217 0.0152591 0.00757587 0.0136028 0.0228656 0.0392903 0.0559909 0.0764795 0.0681675 0.0726916 0.0566044 0.0477403 0.0527397 0.0444891 0.0609904 0.0582453 0.0661739 0.0445044 0.0529084 0.0360697 0.0280645 0.0235558 0.0158879 0.00826598 0.00280645 0.00217768 0.000904811 0.00058276 9.20147e-05 0
 0 0 0 0 0 0 0 0 0 0 0 0 0 0 0 0 0 0 0 0 0 0 0 0 0 0 0 0 0 0 0 0 0 0 0 0
 0 0 0 0 0 0 0 0 0 0 0 0 0 0 0 0 0 0 0 0 0 0 0 0 0 0 0 0 0 0 0 0 0 0 0 0
 0 0 0 0 0 0 0 0 0 0 0 0 0 0 0 0 0 0 0 0 0 0 0 0 0 0 0 0 0 0 0 0 0 0 0 0
 0 0 0 0 0 0 0 0 0 0 0 0 0 0 0 0 0 0 0 0 0 0 0 0 0 0 0 0 0 0 0 0 0 0 0 0
 0 0 0 0 0 0 0 0 0 0 0 0 0 0 0 0 0 0 0 0 0 0 0 0 0 0 0 0 0 0 0 0 0 0 0 0
ppred_pel_tallas
 1.03575e-16 3.22452e-05 0.000189257 0.000899651 0.00346372 0.0108013 0.0272832 0.0558247 0.0925346 0.124268 0.135221 0.119255 0.0853247 0.0497119 0.0239702 0.010297 0.00516318 0.00442146 0.00553988 0.0074233 0.00964747 0.0119775 0.0142026 0.0161216 0.0175737 0.0184682 0.0187966 0.0186214 0.0180479 0.01719 0.016143 0.0149707 0.0137079 0.0123725 0.0109801 0.00955445
 1.04247e-16 9.33112e-07 5.36276e-06 2.52525e-05 9.68219e-05 0.000301579 0.000762697 0.00156718 0.00262277 0.00359788 0.00411443 0.0041031 0.00397087 0.00440303 0.00603361 0.0092938 0.0144494 0.0216384 0.0308046 0.0415751 0.0531818 0.0644954 0.0741911 0.0810119 0.0840578 0.0830007 0.0781601 0.0704019 0.0609099 0.050902 0.0413866 0.0330211 0.0260909 0.0205802 0.0162898 0.0129523
 1.1729e-16 2.80321e-07 1.59888e-06 7.51067e-06 2.87681e-05 8.95357e-05 0.00022618 0.000463794 0.000773021 0.00105124 0.00117874 0.00112311 0.000988485 0.000958105 0.00120249 0.00184801 0.00301037 0.00483458 0.00750279 0.0112116 0.0161332 0.0223709 0.0299124 0.0385909 0.0480604 0.0577968 0.067131 0.0753159 0.0816216 0.0854416 0.0863909 0.0843716 0.0795931 0.0725359 0.0638726 0.054361
 1.34564e-16 4.2162e-07 2.4387e-06 1.15257e-05 4.42661e-05 0.000137904 0.00034829 0.000713103 0.00118416 0.00159694 0.00175544 0.00159069 0.00123226 0.000913335 0.000822218 0.00104915 0.00163818 0.00265674 0.00422552 0.00651255 0.00971202 0.0140173 0.0195881 0.026511 0.0347571 0.0441446 0.0543149 0.0647334 0.074722 0.0835247 0.0903989 0.0947188 0.0960705 0.0943159 0.0896188 0.0824168
 1.42517e-16 2.4027e-06 1.40706e-05 6.68279e-05 0.000257199 0.000801933 0.00202556 0.00414489 0.00687217 0.00923403 0.0100615 0.00890603 0.00644404 0.00390361 0.00217383 0.00146604 0.00158824 0.00232884 0.00362544 0.00555128 0.00825273 0.0119004 0.0166552 0.0226361 0.0298855 0.0383321 0.0477599 0.0577898 0.067886 0.0773908 0.0855898 0.0917986 0.0954585 0.0962198 0.0939958 0.0889812
 1.0098e-16 4.25801e-05 0.000249944 0.00118819 0.00457471 0.0142659 0.0360343 0.0737292 0.122207 0.164101 0.178519 0.157337 0.112344 0.0649922 0.0304715 0.0115977 0.00362015 0.000990028 0.000336715 0.000257817 0.000322251 0.000429021 0.000559693 0.000711131 0.000881794 0.00106933 0.00126978 0.00147688 0.00168161 0.00187223 0.00203512 0.00215639 0.00222399 0.00222975 0.002171 0.00205123
 1.00818e-16 1.01672e-06 5.84167e-06 2.75028e-05 0.000105441 0.000328426 0.000830664 0.00170721 0.00285844 0.00392509 0.00449872 0.00450908 0.00440734 0.00495081 0.00684348 0.0105682 0.0164219 0.0245487 0.0348586 0.0468879 0.0597127 0.0719955 0.0821841 0.0888257 0.0909071 0.088109 0.0808908 0.070368 0.0580336 0.0454136 0.0337682 0.0239145 0.0161929 0.0105497 0.00667944 0.00417081
 1.04113e-16 3.07592e-05 0.000180542 0.000858237 0.0033043 0.0103042 0.0260274 0.0532544 0.0882715 0.118535 0.128961 0.113685 0.0812306 0.0471096 0.0223151 0.00891396 0.00351903 0.0021768 0.00251369 0.00357753 0.00510691 0.00705491 0.00939629 0.0120669 0.0149476 0.0178641 0.0206006 0.0229224 0.0246078 0.0254825 0.0254493 0.0245062 0.0227484 0.0203524 0.0175474 0.0145779
 1.05175e-16 6.28902e-06 3.68186e-05 0.000174824 0.000672754 0.00209764 0.00529922 0.0108483 0.0180026 0.0242384 0.0265383 0.0237942 0.0178736 0.0121276 0.00905491 0.00938495 0.0127296 0.0184896 0.0261819 0.0353102 0.0451695 0.0547941 0.0630663 0.0689319 0.0716422 0.0709344 0.0670906 0.0608486 0.0532033 0.0451642 0.0375498 0.0308731 0.0253299 0.0208681 0.0172948 0.0143775
 1.06685e-16 2.39271e-05 0.000140422 0.000667485 0.00256982 0.00801371 0.020242 0.0414179 0.0686553 0.0922039 0.100341 0.0885193 0.0633906 0.0370496 0.0180901 0.0081738 0.00472312 0.00471002 0.00630878 0.00875705 0.0117783 0.0152141 0.0188909 0.0226013 0.0261237 0.0292466 0.0317887 0.0336086 0.0346076 0.034731 0.0339704 0.0323682 0.0300226 0.0270842 0.0237456 0.0202205
 1.04207e-16 2.36333e-05 0.00013868 0.000659161 0.0025377 0.00791351 0.0199891 0.040902 0.0678057 0.0910797 0.0991616 0.0875836 0.0629482 0.0372476 0.0190315 0.0100108 0.00769856 0.0091244 0.0124351 0.016732 0.0214949 0.0262431 0.0304623 0.0336673 0.0355038 0.035828 0.0347346 0.0325173 0.0295834 0.0263481 0.0231471 0.02019 0.0175585 0.0152395 0.0131717 0.0112877
 1.06331e-16 3.88771e-06 2.27258e-05 0.000107836 0.000414852 0.00129339 0.00326769 0.00669119 0.0111106 0.0149795 0.0164542 0.014879 0.0114481 0.00829095 0.00703549 0.00823802 0.0117707 0.0173544 0.0247281 0.0335366 0.0431909 0.0528396 0.0614698 0.0680963 0.0719771 0.0727772 0.0706315 0.066079 0.0599031 0.0529329 0.0458733 0.0392076 0.0331846 0.0278676 0.0232109 0.0191314
 1.13357e-16 1.09026e-05 6.39557e-05 0.000303951 0.00117012 0.00364878 0.00921659 0.0188593 0.0312651 0.0419997 0.0457344 0.0404139 0.0290899 0.0173057 0.00902755 0.00508421 0.00439065 0.00566588 0.00817299 0.0116396 0.0159779 0.021102 0.0268588 0.0330175 0.0392837 0.0453208 0.0507743 0.0552954 0.0585664 0.0603315 0.0604278 0.0588152 0.0555944 0.0510031 0.0453916 0.0391765
 1.19914e-16 1.36413e-06 7.93555e-06 3.75775e-05 0.000144435 0.000450176 0.00113751 0.00233075 0.003876 0.00524336 0.00580607 0.00535997 0.00435813 0.00359808 0.00372547 0.00503414 0.0075911 0.0114037 0.0164544 0.0226373 0.0296936 0.0372016 0.0446307 0.051441 0.0571936 0.0616322 0.0647062 0.0665285 0.0672888 0.067159 0.066228 0.0644895 0.0618778 0.0583302 0.0538515 0.0485502
 1.29769e-16 1.08793e-06 6.3436e-06 3.00748e-05 0.000115659 0.000360518 0.000910656 0.0018642 0.00309382 0.00416636 0.00456415 0.00409842 0.00309367 0.00213418 0.00166777 0.00185615 0.00269768 0.00419504 0.00642147 0.00950051 0.0135607 0.0186958 0.0249346 0.0322166 0.0403735 0.0491189 0.0580488 0.0666598 0.074386 0.0806556 0.0849599 0.0869236 0.0863632 0.0833164 0.0780392 0.0709699
 1.34296e-16 4.44575e-06 2.60612e-05 0.000123824 0.000476634 0.00148622 0.00375404 0.00768173 0.0127354 0.0171097 0.0186358 0.0164789 0.0118862 0.00712282 0.00381714 0.00232851 0.00224978 0.0031119 0.00469026 0.00697561 0.0100597 0.0140546 0.0190503 0.0250869 0.0321306 0.0400487 0.0485894 0.0573723 0.065899 0.0735883 0.0798373 0.0840993 0.085966 0.0852329 0.0819366 0.0763532
 1.18209e-16 2.1711e-05 0.000127417 0.000605669 0.00233184 0.00727158 0.0183674 0.0375821 0.0622963 0.083662 0.0910403 0.0803026 0.0574804 0.0335418 0.0162753 0.00717688 0.00389378 0.00366601 0.0048304 0.00670075 0.00905091 0.0117872 0.014831 0.0180995 0.021514 0.0250059 0.0285115 0.0319548 0.0352278 0.0381765 0.0406044 0.0422943 0.0430462 0.0427188 0.041263 0.0387402
 1.09291e-16 1.38838e-05 8.14303e-05 0.000386966 0.00148964 0.00464514 0.0117337 0.0240117 0.0398137 0.0535041 0.0583162 0.0516605 0.0374635 0.0228394 0.0129084 0.00879662 0.00916673 0.0123653 0.0173222 0.0234179 0.0301271 0.036834 0.0428405 0.0474845 0.0502857 0.0510568 0.0499382 0.0473408 0.0438225 0.0399392 0.0361231 0.0326199 0.0294921 0.0266714 0.0240319 0.0214554
 1.05325e-16 2.53007e-05 0.00014848 0.000705774 0.00271722 0.00847334 0.0214031 0.0437942 0.0725962 0.0975025 0.106122 0.0936562 0.0671485 0.0394041 0.0195301 0.00930468 0.00601612 0.00645882 0.00866876 0.0117678 0.015353 0.0191204 0.0227502 0.0259231 0.0283746 0.029944 0.0305956 0.0304047 0.0295185 0.0281065 0.0263207 0.0242757 0.0220497 0.0196994 0.0172772 0.0148432
 1.06452e-16 5.09215e-06 2.97968e-05 0.000141452 0.000544281 0.00169701 0.00428721 0.00877722 0.0145683 0.0196226 0.0215057 0.0193319 0.0146292 0.010134 0.00790323 0.00857101 0.0118711 0.0173603 0.0246716 0.0333957 0.0429151 0.0523613 0.0607124 0.0669867 0.0704607 0.0708346 0.0682906 0.0634201 0.0570537 0.0500524 0.0431297 0.0367532 0.0311342 0.0262844 0.0221037 0.0184604
 1.09239e-16 1.96976e-05 0.000115591 0.000549436 0.0021153 0.00659631 0.0166618 0.0340925 0.0565136 0.0759009 0.0826077 0.0728958 0.0522472 0.0306285 0.0151297 0.0071406 0.00456687 0.00494643 0.0068065 0.00954434 0.0129469 0.0168832 0.0211923 0.0256661 0.0300667 0.0341483 0.037678 0.0404482 0.042287 0.0430682 0.0427238 0.0412578 0.0387565 0.0353874 0.0313855 0.0270253
 1.03126e-16 3.27238e-05 0.000192065 0.000912994 0.00351509 0.0109615 0.0276878 0.0566528 0.0939077 0.126114 0.137233 0.12104 0.0866233 0.0505116 0.0244352 0.0106299 0.00551786 0.00488931 0.00616558 0.00821578 0.0105794 0.0129814 0.0151712 0.0169179 0.0180511 0.0184961 0.0182871 0.0175482 0.0164534 0.0151784 0.0138613 0.0125836 0.011372 0.0102156 0.00908988 0.00797524
 1.02336e-16 1.74285e-05 0.000102234 0.000485855 0.00187037 0.00583239 0.0147326 0.0301483 0.0499869 0.0671694 0.073195 0.0648043 0.0469147 0.0284402 0.0157834 0.0103246 0.0103473 0.0137396 0.0191312 0.0257348 0.0329028 0.0398944 0.0458804 0.0500796 0.0519326 0.0512344 0.0481817 0.0433111 0.0373582 0.0310815 0.0251119 0.019864 0.0155218 0.0120815 0.00942293 0.00738057
 1.03689e-16 2.28883e-05 0.00013431 0.000638394 0.00245776 0.00766421 0.0193594 0.0396131 0.0656682 0.0882058 0.0960256 0.084797 0.0609094 0.0359698 0.0182502 0.0093997 0.00700645 0.00820032 0.0112086 0.015202 0.0197352 0.0244098 0.0287888 0.0324371 0.0350034 0.0362879 0.0362732 0.0351052 0.0330373 0.0303593 0.0273362 0.0241739 0.0210136 0.0179461 0.0150336 0.0123261
 1.05703e-16 1.06134e-05 6.22228e-05 0.000295634 0.00113797 0.00354842 0.00896356 0.0183444 0.0304224 0.0409001 0.0446227 0.0396347 0.0289703 0.0181159 0.0110533 0.00872797 0.0102047 0.0142862 0.0201715 0.0273283 0.0352053 0.0430967 0.0501803 0.0556598 0.0589359 0.0597381 0.0581744 0.0546762 0.0498685 0.0444087 0.03885 0.0335657 0.0287422 0.024421 0.0205643 0.017112
 1.07741e-16 1.86967e-05 0.000109706 0.000521434 0.00200745 0.00625996 0.0158123 0.0323552 0.053637 0.0720472 0.0784389 0.0692777 0.0497859 0.0294505 0.0150382 0.00791137 0.0061217 0.00735322 0.0101923 0.0139996 0.018449 0.0232459 0.0280493 0.0324971 0.0362651 0.0391199 0.040945 0.0417331 0.0415547 0.0405176 0.0387354 0.0363148 0.0333607 0.0299881 0.0263332 0.0225526
 1.041e-16 2.82784e-05 0.000165961 0.000788881 0.0030372 0.00947118 0.0239235 0.0489512 0.0811441 0.10898 0.118609 0.10466 0.0750028 0.0439419 0.0216441 0.0100796 0.00619664 0.00638877 0.00843849 0.0113471 0.0146567 0.0180333 0.0211418 0.0236637 0.0253568 0.0261056 0.0259398 0.0250116 0.0235445 0.0217702 0.0198776 0.0179865 0.0161494 0.0143721 0.0126419 0.0109502
pSPR Fmed_Fpbrs
0.37029   0.255252 0.255252
Fs Fmed_Fpbrs
0.64   1.005 1.005
SSBpbr Bo_Bmed_Bpbrs
4.97103e+06  1.59217e+06  1.02032e+06 1.02032e+06
Ro
31876.6
SPR SPRFo_SPRFmed_SPRFpbrs
658387 243794 168055
log_Ro
10.1896
likeval ReclasPelacesDesembMPH_pf_preclas_ppelaces_ptallas_desvR_qrecl_qpela
 478.426 49.5701 13767.9 0.00621342 590.051 455.236 96.7757 0 148.168 0 0 0 0 0 0
q_reclas_q_pelaces
1 1
M
0.7
N
 203681 18951.3 9410.94 4673.33 4609.94
 4457.13 95693.9 8423.87 4183.17 4126.42
 606.285 2094.06 42536 3744.42 3693.62
 424.483 284.846 930.811 18907.3 3306.22
 1176.3 199.432 126.614 413.746 9873.93
 413129 552.651 88.6475 56.2802 4572.88
 8491.4 194097 245.654 39.4039 2057.67
 416987 3989.45 86276.3 109.193 932.149
 75550.6 195909 1773.31 38349.9 462.878
 326061 35495.3 87081.9 788.239 17252.3
 486386 153190 15777.7 38708 8019.05
 59984.7 228515 68093.3 7013.2 20770.2
 109523 28182.1 101575 30267.5 12349.8
 7733.73 51456.2 12527 45150.2 18943.4
 2918.72 3633.48 22872.3 5568.25 28489.7
 6115.22 1371.28 1615.08 10166.8 15138.8
 29220.8 2873.06 609.535 717.906 11248.3
 18317.5 13728.6 1277.08 270.939 5319.01
 46800 8605.97 6102.37 567.663 2484.74
 7481.44 21987.7 3825.36 2712.51 1356.79
 26392.1 3514.94 9773.54 1700.38 1808.81
 113860 12399.6 1562.4 4344.35 1559.84
 79008.3 53493.7 5511.63 694.486 2624.42
 136498 37119.8 23778 2449.93 1475.25
 56871.2 64129.8 16499.8 10569.3 1744.75
 97342.9 26719.3 28505.7 7334.17 5473.62
 267187 45733.8 11876.8 12670.8 5693.08
pred_Ctot
 7919.85 1438.66 714.419 354.77 349.957
 173.309 7264.47 639.487 317.56 313.252
 23.5745 158.968 3229.06 284.253 280.396
 16.5054 21.6237 70.6613 1435.32 250.987
 45.7387 15.1396 9.61176 31.409 749.566
 16063.9 41.9538 6.72956 4.27244 347.144
 330.176 14734.6 18.6485 2.99129 156.205
 16213.9 302.854 6549.56 8.28927 70.7629
 2937.67 14872.2 134.619 2911.28 35.1388
 12678.4 2694.58 6610.71 59.8381 1309.69
 18912.4 11629.3 1197.74 2938.47 608.755
 2332.42 17347.4 5169.21 532.398 1576.74
 4258.64 2139.41 7710.93 2297.72 937.515
 300.715 3906.23 950.969 3427.52 1438.06
 113.49 275.831 1736.32 422.707 2162.76
 237.781 104.099 122.607 771.797 1149.24
 1136.21 218.105 46.2721 54.4989 853.903
 712.251 1042.19 96.9478 20.568 403.785
 1819.75 653.311 463.253 43.0934 188.625
 290.905 1669.17 290.397 205.917 102.999
 1026.22 266.832 741.945 129.082 137.313
 4427.26 941.299 118.607 329.795 118.413
 3072.12 4060.9 418.408 52.721 199.229
 5307.53 2817.9 1805.08 185.983 111.992
 2211.35 4868.33 1252.56 802.358 132.45
 3785.04 2028.36 2163.98 556.764 415.523
 10389.2 3471.82 901.609 961.889 432.183
F
 0.0554016 0.110803 0.110803 0.110803 0.110803
 0.0554016 0.110803 0.110803 0.110803 0.110803
 0.0554016 0.110803 0.110803 0.110803 0.110803
 0.0554016 0.110803 0.110803 0.110803 0.110803
 0.0554016 0.110803 0.110803 0.110803 0.110803
 0.0554016 0.110803 0.110803 0.110803 0.110803
 0.0554016 0.110803 0.110803 0.110803 0.110803
 0.0554016 0.110803 0.110803 0.110803 0.110803
 0.0554016 0.110803 0.110803 0.110803 0.110803
 0.0554016 0.110803 0.110803 0.110803 0.110803
 0.0554016 0.110803 0.110803 0.110803 0.110803
 0.0554016 0.110803 0.110803 0.110803 0.110803
 0.0554016 0.110803 0.110803 0.110803 0.110803
 0.0554016 0.110803 0.110803 0.110803 0.110803
 0.0554016 0.110803 0.110803 0.110803 0.110803
 0.0554016 0.110803 0.110803 0.110803 0.110803
 0.0554016 0.110803 0.110803 0.110803 0.110803
 0.0554016 0.110803 0.110803 0.110803 0.110803
 0.0554016 0.110803 0.110803 0.110803 0.110803
 0.0554016 0.110803 0.110803 0.110803 0.110803
 0.0554016 0.110803 0.110803 0.110803 0.110803
 0.0554016 0.110803 0.110803 0.110803 0.110803
 0.0554016 0.110803 0.110803 0.110803 0.110803
 0.0554016 0.110803 0.110803 0.110803 0.110803
 0.0554016 0.110803 0.110803 0.110803 0.110803
 0.0554016 0.110803 0.110803 0.110803 0.110803
 0.0554016 0.110803 0.110803 0.110803 0.110803
Np
 35829 10764.5 22818 3695.2 1134.05
YTP_r0W_actual
 640478 476439 179864 245056 122186
YTP_p0W_proyectada
 85886.1 1.30773e+06 307862 102101 174611
 85886.1 112141 345559 71465.8 24339.3
CTP_r0_actual
 78107.1 22057.3 5728.15 6111.12 2745.76
CTP_p0_proyectada
 10473.9 60543.1 9804.51 2546.17 3923.84
 10473.9 5191.72 11005.1 1782.19 546.951
Wmedp
 8.2 21.6 31.4 40.1 44.5
nmprior
 10.8 10.6 4.6 0
nm_flota  nm_reclas  nm_pelaces    nm_pelaL
inf 1.93119 3.70651 6.25967
cv_recla  cv_pelaces  cv_mph
1.89425 0.771259 2.07005
 ------------------------------------------------
Talla a la edad & desviaci?n 
 7.2 14.2025 17.0495 18.207 18.6776
 1.08 2.13037 2.55742 2.73105 2.80164
