    unsorted:	 1.527133020e-06 0.0002999978802 0.0005999957193 0.0009999629481 0.008680989854 4.023354370 10.64589322 26.36725794 41.20224211 67.79814764 86.08859618 151.5893918 148.8756196 197.4747938 262.5540659 385.0111309 413.3685845 484.0562564 579.1965752 635.9012856 693.0459016 763.0617001 793.8159685 828.2120330 948.3704260 1041.131725 1149.250714 1288.163948 1347.035569 1492.971072 1618.124792 1839.777368 2008.638534 2467.253344 2703.434005 2945.373095 3136.882004 3334.132821 4311.701091 4214.946490 4100.684866 4373.928366 4776.409639 34742.43451 181944.0167 452452.3221 459716.9593 424713.6166 406601.8226 377682.8333 371776.9695 342261.1085 271506.5957 534452.1207 545782.9859 603607.3807 667144.9592 743477.5191 762297.7483 882532.2284 1024813.506 1144754.164 1244313.509 1429114.052 1561264.704 1807658.657 1985398.111 2229559.681 2398901.665 2599602.535 2676053.157 34728663.48
      sorted:	 1.527133020e-06 0.0002999978802 0.0005999957193 0.0009999629481 0.008680989854 4.023354370 10.64589322 26.36725794 41.20224211 67.79814764 86.08859618 148.8756196 151.5893918 197.4747938 262.5540659 385.0111309 413.3685845 484.0562564 579.1965752 635.9012856 693.0459016 763.0617001 793.8159685 828.2120330 948.3704260 1041.131725 1149.250714 1288.163948 1347.035569 1492.971072 1618.124792 1839.777368 2008.638534 2467.253344 2703.434005 2945.373095 3136.882004 3334.132821 4100.684866 4214.946490 4311.701091 4373.928366 4776.409639 34742.43451 181944.0167 271506.5957 342261.1085 371776.9695 377682.8333 406601.8226 424713.6166 452452.3221 459716.9593 534452.1207 545782.9859 603607.3807 667144.9592 743477.5191 762297.7483 882532.2284 1024813.506 1144754.164 1244313.509 1429114.052 1561264.704 1807658.657 1985398.111 2229559.681 2398901.665 2599602.535 2676053.157 34728663.48
