years
 1997 1998 1999 2000 2001 2002 2003 2004 2005 2006 2007 2008 2009 2010 2011 2012 2013 2014 2015 2016 2017 2018 2019 2020 2021 2022 2023
reclasobs
 0 0 0 370054 412103 1.49427e+06 250295 1.28982e+06 931140 785840 897777 1.04006e+06 184774 17550 25797 100020 73551 82996 120727 218422 84188 347160 605670 569463 516374 1.08416e+06 1.01767e+06
reclaspred
 502972 129594 327974 215925 344538 437053 955118 665666 755681 789181 678508 465425 278601 112276 67772.9 67795.3 79980.8 108139 120795 162461 246424 236532 402170 535080 716648 704501 646455
pelacesobs
 0 0 0 0 0 0 0 0 0 2.06254e+06 1.5e+06 0 1.87456e+06 323000 250000 174000 83755 137374 0 501740 490994 745055 786931 1.00524e+06 1.33801e+06 1.41789e+06 0
pelacespred
 2.07078e+06 412723 658402 670169 968555 870909 2.5556e+06 1.9974e+06 2.14864e+06 2.22552e+06 1.58149e+06 1.11914e+06 704957 227720 150368 151436 184133 259907 277979 381719 673971 586960 817755 1.26716e+06 1.58951e+06 1.6863e+06 1.49144e+06
mphobs
 0 0 0 0 0 112323 112323 0 153150 637223 0 255016 313432 73983 77613 109348 50772 17779 17303 59886 28197 0 207744 136588 643089 65757 70829
mphpred
 159386 87558.2 96582.7 90214.2 102449 173119 253014 318020 281019 304847 312586 214291 125870 64965.8 26671.7 22544.7 23898.9 32382.2 43984.3 47678.1 76758.7 97365.8 116725 174740 241635 246885 231114
desembarqueobs
 350755 77701 442110 56441 14545 235359 269955 359681 431902 328805 639364 411747 362871 311530 167758 66681 60226 58785 57116 73181 50977 67692 138656 160484 209506 203330 245020
desembarquepred
 350761 77699.4 442091 56444.8 14545.4 235454 270031 359674 431947 328809 639303 411791 362940 311642 167583 66674.8 60252.6 58778.7 57100.2 73177.2 50979.5 67681.5 138660 160496 209491 203310 245002
Reclutas
 35945.6 43438.9 21281 30490.8 55291.8 39809 76090.2 73486.1 97456.8 114062 63726.7 44309.8 48127.2 25702.8 14881.3 13053.6 9423.99 11444.8 12386 19339.7 25506.3 31898.6 51865.1 74305.1 34799.4 49544.7 63130.7
log_desv_Rt
 0.00714006 0.196488 -0.517054 -0.157443 0.437758 0.109225 0.757053 0.722229 1.00454 1.16187 0.579736 0.216337 0.29898 -0.328267 -0.874763 -1.00581 -1.33161 -1.13733 -1.0583 -0.61271 -0.335943 -0.112306 0.373779 0.733312 -0.0252686 0.328008 0.57034
SSB
 432443 237561 262046 244767 277963 469701 666515 852087 742953 808601 848101 581410 355362 187388 81746.4 68694.5 76042.3 97096.9 123537 142045 214006 264171 326684 464569 707896 745321 654460
BT
 1.51607e+06 365401 624916 442416 568183 671067 1.68052e+06 1.547e+06 1.64381e+06 1.59447e+06 1.46884e+06 1.00917e+06 757874 417626 224076 141951 155047 197339 205716 279047 429422 392172 561566 856900 1.04945e+06 1.12064e+06 1.05136e+06
Ftot
 1.05618 0.96183 1.6717 0.368648 0.0652685 0.623888 0.396693 0.758157 0.847709 0.614195 1.13491 1.02496 1.71592 3.39139 3.78343 1.51286 1.1158 0.784974 0.619826 0.642639 0.296458 0.359308 0.437313 0.425038 0.34053 0.323296 0.459797
BD_Bspro_t
 0.905619 0.63015 0.548066 0.359808 0.515641 0.696399 0.640701 0.665705 0.599325 0.574124 0.554056 0.390618 0.2841 0.192263 0.105181 0.108215 0.159408 0.256324 0.359547 0.451666 0.582119 0.692818 0.701171 0.710695 0.7372 0.68882 0.657543
BD_Bspro
 0.586644 0.322271 0.355487 0.332046 0.37708 0.637188 0.904182 1.15592 1.00788 1.09693 1.15052 0.78873 0.482078 0.254207 0.110896 0.0931897 0.103158 0.13172 0.167588 0.192696 0.290316 0.358369 0.443174 0.630225 0.960318 1.01109 0.887828
BD_Bo
 0.505254 0.277559 0.306167 0.285978 0.324764 0.548785 0.778736 0.995553 0.868044 0.944745 0.990896 0.679302 0.415194 0.218938 0.0955101 0.0802606 0.0888456 0.113445 0.144337 0.165962 0.250038 0.308649 0.381688 0.542788 0.827084 0.870811 0.764651
BD_Brms
 1.3652 0.749968 0.827266 0.772717 0.877516 1.48282 2.10416 2.69 2.34547 2.55271 2.67741 1.83548 1.12186 0.591573 0.258069 0.216865 0.240062 0.30653 0.39 0.44843 0.675606 0.833974 1.03133 1.46662 2.23479 2.35294 2.0661
S_f
 0.0944957 0.664743 0.974142 0.998605 0.999926
 0.0944957 0.664743 0.974142 0.998605 0.999926
 0.0944957 0.664743 0.974142 0.998605 0.999926
 0.0944957 0.664743 0.974142 0.998605 0.999926
 0.0944957 0.664743 0.974142 0.998605 0.999926
 0.0944957 0.664743 0.974142 0.998605 0.999926
 0.0944957 0.664743 0.974142 0.998605 0.999926
 0.0944957 0.664743 0.974142 0.998605 0.999926
 0.0944957 0.664743 0.974142 0.998605 0.999926
 0.0944957 0.664743 0.974142 0.998605 0.999926
 0.0944957 0.664743 0.974142 0.998605 0.999926
 0.0944957 0.664743 0.974142 0.998605 0.999926
 0.0944957 0.664743 0.974142 0.998605 0.999926
 0.0944957 0.664743 0.974142 0.998605 0.999926
 0.0944957 0.664743 0.974142 0.998605 0.999926
 0.0944957 0.664743 0.974142 0.998605 0.999926
 0.0944957 0.664743 0.974142 0.998605 0.999926
 0.0944957 0.664743 0.974142 0.998605 0.999926
 0.0944957 0.664743 0.974142 0.998605 0.999926
 0.0944957 0.664743 0.974142 0.998605 0.999926
 0.0944957 0.664743 0.974142 0.998605 0.999926
 0.0944957 0.664743 0.974142 0.998605 0.999926
 0.0944957 0.664743 0.974142 0.998605 0.999926
 0.0944957 0.664743 0.974142 0.998605 0.999926
 0.0944957 0.664743 0.974142 0.998605 0.999926
 0.0944957 0.664743 0.974142 0.998605 0.999926
 0.0944957 0.664743 0.974142 0.998605 0.999926
Scru_reclas
 0.550913 0.860603 0.968818 0.993645 0.998731
 0.550913 0.860603 0.968818 0.993645 0.998731
 0.550913 0.860603 0.968818 0.993645 0.998731
 0.550913 0.860603 0.968818 0.993645 0.998731
 0.550913 0.860603 0.968818 0.993645 0.998731
 0.550913 0.860603 0.968818 0.993645 0.998731
 0.550913 0.860603 0.968818 0.993645 0.998731
 0.550913 0.860603 0.968818 0.993645 0.998731
 0.550913 0.860603 0.968818 0.993645 0.998731
 0.550913 0.860603 0.968818 0.993645 0.998731
 0.550913 0.860603 0.968818 0.993645 0.998731
 0.550913 0.860603 0.968818 0.993645 0.998731
 0.550913 0.860603 0.968818 0.993645 0.998731
 0.550913 0.860603 0.968818 0.993645 0.998731
 0.550913 0.860603 0.968818 0.993645 0.998731
 0.550913 0.860603 0.968818 0.993645 0.998731
 0.550913 0.860603 0.968818 0.993645 0.998731
 0.550913 0.860603 0.968818 0.993645 0.998731
 0.550913 0.860603 0.968818 0.993645 0.998731
 0.550913 0.860603 0.968818 0.993645 0.998731
 0.550913 0.860603 0.968818 0.993645 0.998731
 0.550913 0.860603 0.968818 0.993645 0.998731
 0.550913 0.860603 0.968818 0.993645 0.998731
 0.550913 0.860603 0.968818 0.993645 0.998731
 0.550913 0.860603 0.968818 0.993645 0.998731
 0.550913 0.860603 0.968818 0.993645 0.998731
 0.550913 0.860603 0.968818 0.993645 0.998731
Scru_pelaces
 0.883393 1 1 1 1
 0.883393 1 1 1 1
 0.883393 1 1 1 1
 0.883393 1 1 1 1
 0.883393 1 1 1 1
 0.883393 1 1 1 1
 0.883393 1 1 1 1
 0.883393 1 1 1 1
 0.883393 1 1 1 1
 0.883393 1 1 1 1
 0.883393 1 1 1 1
 0.883393 1 1 1 1
 0.883393 1 1 1 1
 0.883393 1 1 1 1
 0.883393 1 1 1 1
 0.883393 1 1 1 1
 0.883393 1 1 1 1
 0.883393 1 1 1 1
 0.883393 1 1 1 1
 0.883393 1 1 1 1
 0.883393 1 1 1 1
 0.883393 1 1 1 1
 0.883393 1 1 1 1
 0.883393 1 1 1 1
 0.883393 1 1 1 1
 0.883393 1 1 1 1
 0.883393 1 1 1 1
pf_obs 
 0.256992 0.487395 0.22802 0.0275931 0
 0.321318 0.546541 0.124235 0.00734118 0.000564706
 0.182869 0.594174 0.210203 0.0122559 0.00049798
 0.330522 0.361315 0.267642 0.0388342 0.00168674
 0.649043 0.306663 0.0425973 0.00169635 0
 0.582887 0.30429 0.105238 0.00758474 0
 0.465427 0.430635 0.0974691 0.00646863 0
 0.296916 0.608066 0.0921331 0.00288517 0
 0.311714 0.524322 0.152257 0.0117073 0
 0.15457 0.633149 0.183074 0.0267441 0.00246327
 0.131901 0.49318 0.331252 0.0422183 0.00144891
 0.196976 0.569456 0.194076 0.0375587 0.00193317
 0.518974 0.381816 0.0799577 0.0180837 0.00116848
 0.0928022 0.601141 0.25162 0.0475244 0.00691264
 0.122501 0.610282 0.24278 0.0234846 0.000952079
 0.383417 0.481906 0.127806 0.00687128 0
 0.0376549 0.599619 0.316969 0.0457579 0
 0.0361596 0.667082 0.258105 0.0386534 0
 0.158088 0.579412 0.248529 0.0139706 0
 0.0477256 0.309471 0.559284 0.082774 0.000745712
 0.0406174 0.521527 0.379366 0.0568643 0.0016247
 0.151134 0.462217 0.34131 0.0453401 0
 0.294876 0.26143 0.354403 0.0886775 0.000613685
 0.281977 0.475581 0.204845 0.0348837 0.00271318
 0.0841818 0.532909 0.334909 0.0458182 0.00218182
 0.115287 0.27431 0.454777 0.147771 0.00785563
 0 0 0 0 0
pf_pred 
 0.297604 0.479068 0.199461 0.0238536 1.40525e-05
 0.274829 0.573257 0.120336 0.0283232 0.00325486
 0.146155 0.654701 0.173028 0.0208544 0.00526182
 0.25054 0.476428 0.237504 0.0310751 0.00445248
 0.269838 0.49386 0.172047 0.0561027 0.00815227
 0.141842 0.588396 0.203325 0.0486967 0.0177401
 0.256154 0.400445 0.267806 0.057443 0.0181523
 0.196716 0.571793 0.149269 0.0645412 0.0176805
 0.2461 0.493415 0.209956 0.0329938 0.0175356
 0.233447 0.554507 0.161818 0.0407751 0.00945271
 0.133022 0.602747 0.214025 0.0386141 0.0115914
 0.141532 0.502322 0.286837 0.0565864 0.0127231
 0.237432 0.472758 0.20723 0.0670276 0.0155526
 0.222737 0.634184 0.110795 0.0234347 0.00885042
 0.293718 0.622203 0.0786136 0.00431581 0.00114962
 0.31627 0.625526 0.0560643 0.00201305 0.000126885
 0.201445 0.651537 0.140362 0.00642201 0.000233415
 0.240214 0.515658 0.216833 0.026107 0.00118758
 0.215652 0.556525 0.177592 0.0447913 0.00544016
 0.268566 0.485386 0.196536 0.0388758 0.0106368
 0.237676 0.550627 0.161392 0.0404514 0.00985407
 0.208769 0.519097 0.217279 0.042098 0.0127571
 0.252751 0.471677 0.205608 0.0561875 0.0137766
 0.247965 0.522838 0.166925 0.046817 0.0154543
 0.0936579 0.617132 0.225831 0.0465353 0.0168431
 0.152219 0.333963 0.393596 0.094466 0.0257549
 0.191351 0.454791 0.176545 0.136731 0.0405827
pobs_RECLAS
 0 0 0 0 0
 0 0 0 0 0
 0 0 0 0 0
 0 0 0 0 0
 0.835266 0.146461 0.0176864 0.000547809 3.91292e-05
 0.385257 0.428462 0.181853 0.0044286 0
 0.867414 0.0963971 0.0333333 0.00285562 0
 0.441836 0.489002 0.0689373 0.000224442 0
 0.779404 0.147425 0.0564933 0.0165055 0.000172143
 0.814271 0.122319 0.05973 0.00367925 0
 0.40263 0.566651 0.0304383 0.000280538 0
 0.475488 0.404961 0.113038 0.00651328 0
 0.955842 0.0263864 0.0167828 0.000988607 0
 0.975058 0.0227948 0.00214734 0 0
 0.738997 0.206755 0.0527124 0.00153531 0
 0.850938 0.134255 0.0134407 0.00136685 0
 0.542534 0.407297 0.0501686 0 0
 0.764087 0.199537 0.0359546 0.000420521 0
 0.470689 0.182191 0.310203 0.0369168 0
 0.84361 0.089868 0.0606195 0.00523954 0.000663233
 0.607945 0.314616 0.071237 0.00620181 0
 0.523733 0.453247 0.0230204 0 0
 0.530135 0.295979 0.169645 0.0042399 0
 0.562478 0.366248 0.0663022 0.0049721 0
 0.250443 0.683176 0.0655157 0.000865301 0
 0.195077 0.31981 0.436473 0.0351445 0.0134964
 0.565238 0.351407 0.0832357 0.000118908 0
ppred_RECLAS
 0.687281 0.232743 0.0714523 0.00851879 5.03656e-06
 0.654313 0.288948 0.0449654 0.010556 0.00121746
 0.478351 0.42941 0.0802071 0.00960106 0.00243067
 0.625901 0.260489 0.0988244 0.0129265 0.00185907
 0.643326 0.26088 0.0697285 0.0227468 0.00331784
 0.453302 0.406302 0.105823 0.0253163 0.00925678
 0.639177 0.218404 0.111054 0.0238119 0.00755285
 0.551801 0.343921 0.0672607 0.0290339 0.00798279
 0.626598 0.267924 0.0850304 0.0133348 0.00711304
 0.601847 0.309049 0.0680041 0.0171171 0.00398289
 0.443894 0.420797 0.109655 0.0197149 0.00593923
 0.467301 0.349654 0.147488 0.0290114 0.00654656
 0.637461 0.253358 0.0782156 0.0251179 0.00584781
 0.652592 0.306477 0.0318469 0.00658986 0.00249513
 0.737482 0.243856 0.0174772 0.000934849 0.000249604
 0.700009 0.281272 0.0180341 0.000643806 4.07197e-05
 0.558693 0.378555 0.0599203 0.00273226 9.96624e-05
 0.616401 0.283277 0.0891214 0.0107113 0.000489031
 0.578096 0.32242 0.0775615 0.0195405 0.00238209
 0.649763 0.253477 0.0772954 0.0152711 0.00419379
 0.603188 0.306821 0.0685954 0.0171913 0.00420359
 0.56763 0.309027 0.0984687 0.0190735 0.00580156
 0.629839 0.256414 0.0848631 0.0231797 0.00570464
 0.619763 0.285245 0.0691739 0.0193924 0.00642533
 0.337897 0.487905 0.136 0.0280186 0.0101792
 0.488898 0.235233 0.211291 0.0507033 0.0138755
 0.54834 0.283999 0.0836357 0.0647383 0.0192865
pobs_PELACES
 0 0 0 0 0
 0 0 0 0 0
 0 0 0 0 0
 0 0 0 0 0
 0 0 0 0 0
 0 0 0 0 0
 0 0 0 0 0
 0 0 0 0 0
 0 0 0 0 0
 0 0 0 0 0
 0.450072 0.473896 0.0757376 0.000293798 0
 0 0 0 0 0
 0.463077 0.371075 0.160297 0.00555027 0
 0.529543 0.364841 0.0842815 0.0213345 0
 0.631943 0.363953 0.00410389 0 0
 0.735681 0.248677 0.0153453 0.000297389 0
 0.695825 0.281241 0.0229344 0 0
 0.275771 0.60734 0.115278 0.00161068 0
 0 0 0 0 0
 0.896147 0.0623911 0.0374545 0.00400742 0
 0.803859 0.145111 0.0509908 3.86294e-05 0
 0.739449 0.233085 0.0266225 0.000797448 4.60066e-05
 0.878498 0.100942 0.0204185 0.000141795 0
 0.694673 0.275183 0.0284847 0.00165964 0
 0.469039 0.446079 0.0841089 0.000773354 0
 0.822795 0.102175 0.0682046 0.00682512 0
 0 0 0 0 0
ppred_PELACES
 0.796118 0.160151 0.0392098 0.00451923 2.65708e-06
 0.763967 0.204 0.0255622 0.00580572 0.00066591
 0.644769 0.306221 0.042836 0.00493248 0.00124148
 0.721518 0.203015 0.0658897 0.00837827 0.00119862
 0.722725 0.209785 0.0494778 0.0157291 0.00228249
 0.573848 0.331433 0.0719487 0.0166981 0.00607283
 0.737029 0.169368 0.0734641 0.0153092 0.00483035
 0.671997 0.263153 0.0423109 0.0176991 0.00483992
 0.741657 0.195917 0.050653 0.00769229 0.00408083
 0.708894 0.234992 0.0431407 0.0105351 0.00243822
 0.589956 0.327331 0.0674808 0.0117213 0.0035114
 0.612326 0.27377 0.0923877 0.0175729 0.00394346
 0.78445 0.163582 0.0376502 0.0116266 0.00269105
 0.837046 0.150476 0.00982459 0.00192861 0.00072544
 0.890485 0.104696 0.00452962 0.000229128 6.07652e-05
 0.812933 0.178059 0.0086898 0.000298797 1.87898e-05
 0.689548 0.274446 0.0344338 0.00151717 5.50318e-05
 0.729705 0.209638 0.0540745 0.00629668 0.000285917
 0.688907 0.247773 0.0496997 0.0121473 0.00147288
 0.752142 0.188404 0.0477935 0.0091589 0.00250173
 0.696318 0.242738 0.0467695 0.0114011 0.00277323
 0.669344 0.246798 0.0673398 0.0126811 0.00383694
 0.728156 0.197844 0.0556249 0.0147617 0.00361373
 0.717161 0.2208 0.0455445 0.0124064 0.00408895
 0.438576 0.430419 0.102933 0.0206196 0.00745187
 0.603663 0.198052 0.152893 0.0356796 0.00971298
 0.660563 0.227368 0.0567514 0.0426722 0.0126454
pobs_pel_tallas
 0 0 0 0 0 0 0 0 0 0 0 0 0 0 0 0 0 0 0 0 0 0 0 0 0 0 0 0 0 0 0 0 0 0 0 0
 0 0 0 0 0 0 0 0 0 0 0 0 0 0 0 0 0 0 0 0 0 0 0 0 0 0 0 0 0 0 0 0 0 0 0 0
 0 0 0 0 0 0 0 0 0 0 0 0 0 0 0 0 0 0 0 0 0 0 0 0 0 0 0 0 0 0 0 0 0 0 0 0
 0 0 0 0 0 0 0 0 0 0 0 0 0 0 0 0 0 0 0 0 0 0 0 0 0 0 0 0 0 0 0 0 0 0 0 0
 0 0 0 0 0 0 0 0 0 0 0 0 0 0 0 0 0 0 0 0 0 0 0 0 0 0 0 0 0 0 0 0 0 0 0 0
 0 0 0 0 0 0 0 0 0 0 0 0 0 0 0 0 0 0 0 0 0 0 0 0 0 0 0 0 0 0 0 0 0 0 0 0
 0 0 0 0 0 0 0 0 0 0 0 0 0 0 0 0 0 0 0 0 0 0 0 0 0 0 0 0 0 0 0 0 0 0 0 0
 0 0 0 0 0 0 0 0 0 0 0 0 0 0 0 0 0 0 0 0 0 0 0 0 0 0 0 0 0 0 0 0 0 0 0 0
 0 0 0 0 0 0 0 0 0 0 0 0 0 0 0 0 0 0 0 0 0 0 0 0 0 0 0 0 0 0 0 0 0 0 0 0
 0 0 0 0 0 0 0 0 0 0 0 0 0 0 0 0 0 0 0 0 0 0 0 0 0 0 0 0 0 0 0 0 0 0 0 0
 0 0 0 0 0 0 0 0 1.78061e-05 0.00172719 0.00360574 0.0105946 0.0120993 0.0124554 0.0147524 0.0171206 0.0266825 0.0428682 0.0675386 0.121331 0.153587 0.119568 0.100827 0.0573624 0.0630603 0.0341343 0.0324427 0.0444173 0.0211091 0.0280891 0.0125444 0.00206551 0 0 0 0
 0 0 0 0 0 0 0 0 0 0 0 0 0 0 0 0 0 0 0 0 0 0 0 0 0 0 0 0 0 0 0 0 0 0 0 0
 0 0 0 0 0 0 0.0133647 0.0140871 0.0187388 0.0205184 0.03894 0.0496705 0.03968 0.0493445 0.0407372 0.0367815 0.0215668 0.0243155 0.0234873 0.0199281 0.019796 0.0243948 0.0301388 0.0376714 0.0412746 0.0863199 0.0771752 0.113111 0.0741005 0.0525337 0.0229764 0.00759418 0.00175318 0 0 0
 0 0 0 0 0 0 0 0 0 0 0.00219441 0.00772107 0.0458388 0.0604681 0.0671733 0.0775358 0.0609151 0.0617685 0.073594 0.0568108 0.0755445 0.0548602 0.0670107 0.0636378 0.0643287 0.046367 0.0373049 0.0286899 0.0247887 0.0153202 0.00654259 0.00121912 0.000365735 0 0 0
 0 0 0 0 0 0 0 0 0 0 0 0 0.000112435 0.00938835 0.0111873 0.0202946 0.0414886 0.0713402 0.111592 0.104902 0.108894 0.110636 0.117776 0.105296 0.107544 0.0401394 0.0192827 0.0124803 0.00416011 0.0028671 0.000618394 0 0 0 0 0
 0 0 0 0 0 0 0 0 0 0 0.00291406 0.0102884 0.027416 0.0768956 0.0749926 0.110853 0.0956884 0.0897413 0.0766577 0.0534642 0.0500743 0.0551293 0.0594112 0.0620874 0.0668451 0.0424026 0.0208742 0.0120726 0.0048766 0.00582813 0.00118941 0.000297354 0 0 0 0
 0 0.00264628 0.0354308 0.0461629 0.0458689 0.0383711 0.0214643 0.0164657 0.0346957 0.0420465 0.0363128 0.0245516 0.0311673 0.0291091 0.0169068 0.0133784 0.00837989 0.0085269 0.0148486 0.0160247 0.0276389 0.0546898 0.0760071 0.122758 0.109233 0.0665981 0.0333725 0.0166128 0.00676272 0.00308733 0.000882094 0 0 0 0 0
 0 0 0 0 0 0 0 0.000805153 0.000690131 0.00759144 0.0133425 0.0154129 0.00931677 0.000345066 0.00356568 0.00563607 0.00851162 0.0253048 0.0502646 0.0516448 0.0657925 0.0565908 0.0611916 0.0827007 0.0866115 0.110766 0.145733 0.0935128 0.0569358 0.0249597 0.0138026 0.00621118 0.00161031 0.00115022 0 0
 0 0 0 0 0 0 0 0 0 0 0 0 0 0 0 0 0 0 0 0 0 0 0 0 0 0 0 0 0 0 0 0 0 0 0 0
 0.00147267 0.00158595 0.00478618 0.00569244 0.00954404 0.0108468 0.00647125 0.017049 0.0510054 0.094081 0.124002 0.0959785 0.0687766 0.0820023 0.061753 0.0591476 0.0492212 0.0479892 0.0443925 0.0268479 0.0217502 0.0140895 0.0121071 0.0120363 0.00920419 0.00665534 0.0049561 0.00860946 0.00930331 0.0156896 0.0114698 0.00855282 0.00243557 0.00046729 0 2.83206e-05
 0 0 0 0 0.000772559 0.00158375 0.000888443 0.00281984 0.00712685 0.0440552 0.0773331 0.111326 0.0921469 0.0852325 0.0710754 0.0886704 0.0786465 0.0553345 0.0373146 0.0185414 0.00753245 0.00457741 0.012979 0.0271748 0.0457355 0.0583668 0.034881 0.0177882 0.00938659 0.00492506 0.0015258 0.00185414 0.000309023 5.79419e-05 3.86279e-05 0
 0 0.00173294 0.00326652 0 0.00397197 0.00683976 0.00946217 0.0152591 0.00757587 0.0136028 0.0228656 0.0392903 0.0559909 0.0764795 0.0681675 0.0726916 0.0566044 0.0477403 0.0527397 0.0444891 0.0609904 0.0582453 0.0661739 0.0445044 0.0529084 0.0360697 0.0280645 0.0235558 0.0158879 0.00826598 0.00280645 0.00217768 0.000904811 0.00058276 9.20147e-05 0
 0 0 0 0 0 0 0 0 0 0 0 0 0 0 0 0 0 0 0 0 0 0 0 0 0 0 0 0 0 0 0 0 0 0 0 0
 0 0 0 0 0 0 0 0 0 0 0 0 0 0 0 0 0 0 0 0 0 0 0 0 0 0 0 0 0 0 0 0 0 0 0 0
 0 0 0 0 0 0 0 0 0 0 0 0 0 0 0 0 0 0 0 0 0 0 0 0 0 0 0 0 0 0 0 0 0 0 0 0
 0 0 0 0 0 0 0 0 0 0 0 0 0 0 0 0 0 0 0 0 0 0 0 0 0 0 0 0 0 0 0 0 0 0 0 0
 0 0 0 0 0 0 0 0 0 0 0 0 0 0 0 0 0 0 0 0 0 0 0 0 0 0 0 0 0 0 0 0 0 0 0 0
ppred_pel_tallas
 1.00765e-16 3.47337e-05 0.000203864 0.000969086 0.00373105 0.0116349 0.0293889 0.0601335 0.0996771 0.133861 0.145662 0.128469 0.0919307 0.0535868 0.0258855 0.0111953 0.0057129 0.00496317 0.00620203 0.00822215 0.0105284 0.0128228 0.0148346 0.0163149 0.0170805 0.017054 0.0162793 0.0149047 0.0131418 0.0112144 0.00931355 0.00757151 0.00605684 0.00478571 0.00374117 0.00289178
 1.00661e-16 3.33335e-05 0.000195639 0.000929978 0.00358046 0.0111653 0.0282028 0.0577068 0.0956562 0.128466 0.139802 0.123329 0.0883123 0.0515986 0.0251508 0.0112626 0.00630359 0.0059914 0.00768957 0.0102144 0.0130407 0.0158115 0.0181861 0.019852 0.0205854 0.0203022 0.0190778 0.0171223 0.014726 0.0121901 0.00976712 0.00762601 0.00584552 0.00443035 0.00333844 0.00250805
 1.00936e-16 2.81401e-05 0.00016514 0.00078496 0.00302207 0.00942398 0.0238044 0.0487082 0.0807439 0.108451 0.118053 0.10422 0.0747966 0.0440401 0.0220983 0.0109671 0.00764175 0.00854941 0.0114677 0.0153428 0.0196091 0.0237834 0.0273632 0.02988 0.030996 0.0305835 0.028753 0.0258183 0.0222136 0.018391 0.0147306 0.0114881 0.00878471 0.00663066 0.00496586 0.00369989
 1.01346e-16 3.14826e-05 0.000184773 0.000878317 0.00338155 0.010545 0.026636 0.054501 0.0903427 0.121331 0.132042 0.116492 0.0834359 0.0487892 0.0238568 0.0108139 0.00624254 0.00610942 0.00793431 0.0106054 0.0136272 0.0166554 0.0193536 0.0214049 0.0225713 0.0227441 0.0219649 0.0204052 0.0183169 0.0159692 0.013595 0.0113586 0.00935044 0.0076005 0.00610123 0.00482877
 1.01418e-16 3.15354e-05 0.000185083 0.000879788 0.00338722 0.0105627 0.0266806 0.0545924 0.0904942 0.121535 0.132265 0.116691 0.0835849 0.0488882 0.0239271 0.0108819 0.00632997 0.00623086 0.00809773 0.0108116 0.013868 0.0169126 0.019599 0.0216038 0.0226879 0.0227491 0.0218423 0.0201567 0.0179629 0.0155455 0.0131461 0.0109298 0.00898008 0.00731472 0.00591154 0.00473275
 1.01987e-16 2.50487e-05 0.000146988 0.000698658 0.00268978 0.00838773 0.021187 0.0433529 0.0718684 0.0965356 0.105098 0.0928188 0.066693 0.0394276 0.020079 0.0104537 0.00790829 0.00928766 0.0126232 0.0169619 0.0217559 0.0265027 0.0306647 0.0337331 0.035333 0.0353081 0.0337525 0.0309743 0.0274107 0.0235206 0.0196924 0.0161907 0.0131474 0.0105866 0.00846624 0.00671774
 1.0185e-16 3.21576e-05 0.000188739 0.000897177 0.00345418 0.0107715 0.027208 0.0556713 0.0922814 0.123932 0.134863 0.11896 0.0851591 0.0497065 0.0241375 0.0106586 0.00576434 0.0053264 0.00681482 0.00911439 0.0117584 0.0144513 0.0169126 0.0188763 0.0201367 0.0205905 0.0202534 0.0192458 0.0177536 0.0159791 0.0140994 0.0122427 0.0104845 0.00885909 0.0073767 0.00603872
 1.01521e-16 2.93256e-05 0.000172104 0.000818075 0.00314959 0.00982165 0.0248088 0.050763 0.0841486 0.113019 0.123013 0.108567 0.0778488 0.0457012 0.0226802 0.0108425 0.00703403 0.00751694 0.00997785 0.0133459 0.0170878 0.0207805 0.0239934 0.0263247 0.0274822 0.0273501 0.0260131 0.0237266 0.0208471 0.0177456 0.014733 0.012017 0.00969542 0.00777729 0.00621769 0.00495097
 1.01238e-16 3.23604e-05 0.000189927 0.000902822 0.00347591 0.0108393 0.0273792 0.0560217 0.0928629 0.124715 0.13572 0.119729 0.0857361 0.0500974 0.0244273 0.0109546 0.00615824 0.00588572 0.0075842 0.0101128 0.0129706 0.0158194 0.0183336 0.0202098 0.0212234 0.0212774 0.0204215 0.0188318 0.016761 0.0144761 0.0122049 0.0101045 0.00825608 0.00667932 0.00535568 0.00425091
 1.01165e-16 3.09333e-05 0.000181545 0.000862967 0.00332244 0.0103607 0.0261704 0.0535487 0.088765 0.119215 0.129747 0.114486 0.0820396 0.048054 0.0236483 0.010973 0.00668171 0.00681811 0.00894045 0.0119359 0.0152795 0.0185815 0.0214542 0.0235365 0.0245656 0.0244356 0.0232205 0.0211474 0.018535 0.0157165 0.0129729 0.0104946 0.00837411 0.00662439 0.00520903 0.00407131
 1.01632e-16 2.57509e-05 0.000151111 0.000718261 0.00276525 0.0086231 0.0217815 0.0445693 0.0738844 0.0992422 0.108041 0.0954099 0.0685368 0.0404812 0.0205482 0.010588 0.00787586 0.00916213 0.0124205 0.0166741 0.0213694 0.0260052 0.030049 0.0329975 0.0344819 0.0343509 0.0327026 0.0298485 0.0262282 0.022303 0.0184639 0.0149773 0.0119758 0.00948269 0.00745278 0.00581231
 1.02189e-16 2.67242e-05 0.00015683 0.000745461 0.00287 0.00894976 0.0226065 0.0462571 0.0766803 0.102992 0.112109 0.0989665 0.0710148 0.0417908 0.0209295 0.0103253 0.00712642 0.0079465 0.0106894 0.0143772 0.0185043 0.0226469 0.0263596 0.0292169 0.0308965 0.0312486 0.0303234 0.0283447 0.025643 0.0225723 0.0194381 0.0164563 0.0137456 0.0113471 0.00925449 0.00744207
 1.01114e-16 3.4225e-05 0.000200877 0.000954887 0.00367638 0.0114645 0.0289583 0.0592524 0.0982169 0.131901 0.14353 0.126593 0.0905955 0.0528241 0.0255463 0.011099 0.00573751 0.00505498 0.00634868 0.00842798 0.0108014 0.0131693 0.0152575 0.0168134 0.017651 0.0176911 0.0169773 0.015658 0.0139449 0.0120604 0.010193 0.00847121 0.00695958 0.00567104 0.0045873 0.00367796
 1.00289e-16 3.65179e-05 0.000214339 0.00101889 0.00392282 0.012233 0.0308995 0.0632241 0.104799 0.140738 0.15314 0.135053 0.0966144 0.0562621 0.0270742 0.01153 0.00561842 0.00462312 0.00565179 0.00743506 0.00946169 0.0114379 0.0131064 0.0142372 0.0146684 0.0143441 0.0133278 0.0117839 0.00993564 0.00801327 0.00620836 0.00464721 0.00338577 0.00242196 0.0017167 0.00121531
 1.0011e-16 3.88462e-05 0.000228013 0.00108391 0.00417316 0.0130137 0.0328714 0.0672583 0.111485 0.149712 0.16289 0.14362 0.102674 0.0596514 0.028444 0.0116648 0.0050223 0.00348236 0.00396715 0.00514923 0.00653537 0.00788825 0.00902254 0.00977749 0.0100413 0.00977669 0.00903011 0.00791882 0.0066013 0.0052405 0.00397187 0.00288445 0.00201716 0.00136739 0.000905872 0.000591878
 1.00193e-16 3.54676e-05 0.000208171 0.000989559 0.00380987 0.0118807 0.0300098 0.061404 0.101783 0.136691 0.148743 0.131193 0.0938922 0.0547552 0.0264957 0.011535 0.00599064 0.00529065 0.00662498 0.00874585 0.0111258 0.0134348 0.015371 0.0166629 0.0171201 0.0166788 0.0154171 0.0135338 0.0112976 0.00898507 0.00682637 0.004973 0.00349159 0.00237835 0.00158436 0.00104113
 1.00633e-16 3.00914e-05 0.000176599 0.000839442 0.00323185 0.0100782 0.0254568 0.0520889 0.0863466 0.115971 0.126227 0.111405 0.0798858 0.0469014 0.0232835 0.0111421 0.00723955 0.00773744 0.0102566 0.0136899 0.0174794 0.0211788 0.0243347 0.026527 0.0274544 0.0270054 0.0252836 0.0225757 0.0192773 0.0157991 0.0124867 0.00957202 0.00716429 0.00527103 0.00383462 0.00276886
 1.01066e-16 3.18398e-05 0.00018687 0.000888284 0.00341992 0.0106647 0.0269382 0.0551195 0.091368 0.122708 0.133541 0.117816 0.0843875 0.0493517 0.0241428 0.010961 0.00634923 0.00622701 0.00808257 0.0107859 0.0138283 0.016853 0.0195116 0.0214791 0.0225145 0.022515 0.0215354 0.0197672 0.0174847 0.0149781 0.0124962 0.0102113 0.00821389 0.00652667 0.00512979 0.0039848
 1.01273e-16 3.00624e-05 0.000176431 0.000838649 0.00322881 0.0100687 0.0254328 0.0520397 0.0862642 0.115858 0.126098 0.111278 0.0797659 0.0467729 0.0231123 0.0108833 0.00684332 0.00715445 0.00944544 0.0126282 0.0161762 0.0196853 0.0227478 0.0249825 0.0261106 0.0260178 0.0247786 0.0226285 0.0199 0.0169412 0.0140471 0.0114183 0.00915382 0.00727055 0.00573386 0.00448802
 1.01172e-16 3.28173e-05 0.00019261 0.00091558 0.00352503 0.0109925 0.0277661 0.0568133 0.0941748 0.126475 0.137634 0.121411 0.0869276 0.050767 0.0247042 0.0109945 0.00606223 0.00569278 0.00729652 0.00972015 0.0124646 0.0152005 0.0176139 0.0194133 0.0203825 0.0204288 0.0196005 0.0180671 0.0160721 0.0138726 0.0116875 0.00966813 0.00789231 0.00637865 0.00510908 0.00405039
 1.01265e-16 3.03853e-05 0.000178327 0.000847666 0.00326352 0.010177 0.0257063 0.0525992 0.0871914 0.117103 0.127451 0.112467 0.0806083 0.0472468 0.023309 0.0109131 0.00677796 0.00702155 0.00924651 0.0123557 0.0158236 0.0192518 0.0222406 0.0244171 0.0255088 0.0254051 0.0241802 0.0220664 0.0193905 0.0164945 0.0136674 0.0111049 0.00890306 0.00707658 0.0055897 0.00438614
 1.01652e-16 2.92093e-05 0.000171423 0.00081484 0.00313713 0.00978282 0.0247107 0.0505622 0.0838153 0.11257 0.122521 0.108126 0.0775174 0.0454761 0.0225123 0.0106704 0.0068054 0.00719406 0.00953711 0.0127798 0.0164099 0.0200299 0.0232353 0.0256441 0.0269719 0.027094 0.0260694 0.0241156 0.0215465 0.0186946 0.0158439 0.0131915 0.0108403 0.00881738 0.0071031 0.00565863
 1.01531e-16 3.17718e-05 0.000186471 0.000886392 0.00341264 0.010642 0.0268809 0.0550021 0.0911731 0.122446 0.133253 0.117556 0.0841883 0.0492096 0.0240259 0.0108285 0.00616423 0.00595977 0.00771103 0.0102981 0.013227 0.0161602 0.0187708 0.0207525 0.0218765 0.022041 0.0212901 0.0197939 0.017799 0.0155666 0.0133197 0.0112128 0.00932672 0.00768327 0.0062689 0.00505628
 1.01336e-16 3.12932e-05 0.00018366 0.000873021 0.00336116 0.0104814 0.0264753 0.0541725 0.0897986 0.120602 0.131252 0.115805 0.0829645 0.0485551 0.0238194 0.0109259 0.00648284 0.0064837 0.00845946 0.0112929 0.0144704 0.0176219 0.0203831 0.0224146 0.0234673 0.0234385 0.0223921 0.0205348 0.0181591 0.0155711 0.0130295 0.0107098 0.0086986 0.00701013 0.00561464 0.0044649
 1.02659e-16 1.91543e-05 0.000112374 0.000534076 0.00205606 0.00641149 0.0161953 0.0331403 0.0549439 0.0738186 0.0804096 0.0711181 0.0513255 0.0307954 0.0165189 0.00995891 0.009177 0.0118213 0.0163968 0.0221094 0.0283853 0.0346053 0.040077 0.0441389 0.0463007 0.0463538 0.0444131 0.0408716 0.0362895 0.0312576 0.0262775 0.0216938 0.0176814 0.0142781 0.0114371 0.00907727
 1.03915e-16 2.63435e-05 0.000154602 0.000734881 0.00282929 0.00882283 0.0222858 0.0456003 0.0755898 0.101522 0.110494 0.0975054 0.0698899 0.0409757 0.0202401 0.00952726 0.0060066 0.00633417 0.00846214 0.0114784 0.0149717 0.0186385 0.0221619 0.0252241 0.0275591 0.0290018 0.0295099 0.0291526 0.0280743 0.0264482 0.0244373 0.022174 0.0197587 0.0172703 0.0147801 0.0123586
 1.02937e-16 2.88255e-05 0.000169172 0.000804142 0.00309595 0.00965441 0.0243864 0.0498983 0.0827144 0.11109 0.120907 0.106693 0.0764718 0.0448259 0.0221227 0.0103736 0.0064701 0.00673597 0.0089061 0.0119518 0.015389 0.0188549 0.0219834 0.0244282 0.0259295 0.0263695 0.0257929 0.0243835 0.022407 0.0201416 0.0178195 0.0155948 0.0135417 0.0116738 0.00997362 0.00841702
pSPR Fmed_Fpbrs
0.523111   0.420094 0.420094
Fs Fmed_Fpbrs
0.64   1.005 1.005
SSBpbr Bo_Bmed_Bpbrs
855893  404932  316761 316761
Ro
35689.9
SPR SPRFo_SPRFmed_SPRFpbrs
737147 385609 309671
log_Ro
10.3026
likeval ReclasPelacesDesembMPH_pf_preclas_ppelaces_ptallas_desvR_qrecl_qpela
 64.8132 15.2159 0.00944098 0.000681252 329.777 209.073 55.4021 0 16.8661 7.50235e-07 7.12628e-05 0 0 0 0
q_reclas_q_pelaces
0.884495 3.32345
M
0.7
N
 35945.6 10530.6 3381.53 398.195 0.23439
 43438.9 16154.6 2591.4 600.17 68.9115
 21281 19697 4232.67 504.211 127.14
 30490.8 9023.62 3219.47 412.45 59.0302
 55291.8 14622.9 3507.1 1116.39 162.014
 39809 27288.3 6953.2 1634.29 594.773
 76090.2 18636.8 8950.71 1880.33 593.537
 73486.1 36395.1 7109.55 3020.12 826.56
 97456.8 33969.2 10918.5 1686.89 895.742
 114062 44670.1 9601.74 2374.21 549.852
 63726.7 53447.7 14746.7 2621.2 786.221
 44309.8 28427.6 12481.9 2424.09 544.59
 48127.2 19972.4 7142.24 2283.76 529.585
 25702.8 20321.9 3169.91 666.625 251.683
 14881.3 9263.93 1058.97 57.8446 15.4043
 13053.6 5168.52 371.994 13.19 0.830825
 9423.99 5618.71 938.875 42.315 1.53676
 11444.8 4211.51 1328.94 157.234 7.14579
 12386 5276.99 1241.12 307.189 37.2726
 19339.7 5800.82 1735.56 336.963 92.1054
 25506.3 9037.94 1879.13 460.847 112.134
 31898.6 12316.1 3685.34 699.085 211.607
 51865.1 15311.6 4816.57 1289.62 315.856
 74305.1 24712.8 5685.43 1562.14 515.098
 34799.4 35446.2 9251.46 1866.12 674.662
 49544.7 16733.6 14036.3 3297.14 897.893
 63130.7 23862.9 6702.71 5087.13 1508.27
pred_Ctot
 2469.65 3975.52 1655.22 197.948 0.116614
 2728.41 5691.11 1194.66 281.184 32.3132
 2256.81 10109.4 2671.76 322.018 81.249
 752.234 1430.45 713.093 93.3013 13.3683
 244.58 447.632 155.942 50.8512 7.38917
 1644.63 6822.36 2357.52 564.63 205.693
 2017.67 3154.22 2109.46 452.467 142.982
 3668.92 10664.4 2783.99 1203.74 329.755
 5420.39 10867.6 4624.33 726.695 386.225
 4640.9 11023.5 3216.91 810.602 187.918
 4689.58 21249.4 7545.29 1361.31 408.644
 2958.1 10498.8 5995.07 1182.69 265.922
 5229.45 10412.5 4564.24 1476.28 342.546
 5162.51 14698.9 2567.96 543.161 205.132
 3283.62 6955.91 878.86 48.2485 12.8522
 1260.88 2493.81 223.514 8.02549 0.505855
 682.354 2206.95 475.448 21.7532 0.790645
 590.957 1268.58 533.436 64.2265 2.92159
 508.459 1312.16 418.722 105.608 12.8267
 822.357 1486.27 601.8 119.039 32.5703
 507.556 1175.86 344.651 86.3836 21.0433
 767.324 1907.93 798.601 154.73 46.8882
 1513.57 2824.59 1231.26 336.472 82.4993
 2108.64 4446.09 1419.49 398.121 131.419
 793.974 5231.67 1914.46 394.497 142.786
 1073.96 2356.22 2776.95 666.489 181.709
 1935.25 4599.58 1785.51 1382.84 410.438
F
 0.0998046 0.702089 1.02887 1.05471 1.0561
 0.0908888 0.639369 0.936959 0.960488 0.961759
 0.157968 1.11125 1.62847 1.66937 1.67158
 0.0348356 0.245056 0.359116 0.368134 0.368621
 0.00616759 0.0433867 0.0635808 0.0651774 0.0652637
 0.0589547 0.414725 0.607755 0.623017 0.623842
 0.0374857 0.263699 0.386435 0.396139 0.396663
 0.0716426 0.503979 0.738553 0.757099 0.758101
 0.0801049 0.563509 0.825789 0.846527 0.847647
 0.0580388 0.408282 0.598314 0.613339 0.61415
 0.107245 0.754426 1.10557 1.13333 1.13483
 0.0968541 0.681333 0.998455 1.02353 1.02488
 0.162147 1.14065 1.67155 1.71353 1.7158
 0.320472 2.2544 3.3037 3.38666 3.39114
 0.357518 2.51501 3.6856 3.77815 3.78315
 0.142958 1.00566 1.47374 1.51074 1.51274
 0.105438 0.741717 1.08694 1.11424 1.11571
 0.0741766 0.521805 0.764676 0.783878 0.784916
 0.0585709 0.412025 0.603799 0.618961 0.61978
 0.0607266 0.42719 0.626022 0.641742 0.642592
 0.028014 0.197068 0.288792 0.296044 0.296436
 0.0339531 0.238848 0.350017 0.358807 0.359282
 0.0413242 0.2907 0.426005 0.436703 0.437281
 0.0401642 0.282541 0.414047 0.424445 0.425007
 0.0321787 0.226365 0.331725 0.340055 0.340505
 0.0305501 0.214908 0.314936 0.322845 0.323272
 0.0434489 0.305647 0.447908 0.459156 0.459764
Np
 25269.3 11411.5 7642.25 1628.51 457.505
YTP_r0W_actual
 33914.4 187620 99825.4 98298.9 32369.5
YTP_p0W_proyectada
 13574.9 236005 130007 41095.7 44994.9
 13574.9 89722.1 113818 31467.8 9818.64
CTP_r0_actual
 4135.9 8686.12 3179.15 2451.34 727.404
CTP_p0_proyectada
 1655.47 10926.2 4140.35 1024.83 1011.12
 1655.47 4153.8 3624.78 784.733 220.644
Wmedp
 8.2 21.6 31.4 40.1 44.5
nmprior
 10.8 10.6 4.6 0
nm_flota  nm_reclas  nm_pelaces    nm_pelaL
inf 22.8827 17.8176 56.3882
cv_recla  cv_pelaces  cv_mph
0.697208 0.427307 0.685441
 ------------------------------------------------
Talla a la edad & desviaci?n 
 7.2 14.2025 17.0495 18.207 18.6776
 1.08 2.13037 2.55742 2.73105 2.80164
