years
 1997 1998 1999 2000 2001 2002 2003 2004 2005 2006 2007 2008 2009 2010 2011 2012 2013 2014 2015 2016 2017 2018 2019 2020 2021 2022 2023
reclasobs
 0 0 0 370054 412103 1.49427e+06 250295 1.28982e+06 931140 785840 897777 1.04006e+06 184774 17550 25797 100020 73551 82996 120727 218422 84188 347160 605670 569463 516374 1.08416e+06 1.01767e+06
reclaspred
 380732 105463 325521 241479 360253 431874 958569 646732 728212 656397 515439 344183 212033 98819.5 70685.5 72987.6 90569.7 125968 133448 192695 276676 249518 436641 611673 746283 716930 629215
pelacesobs
 0 0 0 0 0 0 0 0 0 2.06254e+06 1.5e+06 0 1.87456e+06 323000 250000 174000 83755 137374 0 501740 490994 745055 786931 1.00524e+06 1.33801e+06 1.41789e+06 0
pelacespred
 1.06723e+06 258209 497677 557840 711724 714519 1.80357e+06 1.51684e+06 1.51309e+06 1.3787e+06 976009 672105 412178 160535 113076 124784 161590 227216 247949 348125 554383 490739 700756 1.09485e+06 1.33837e+06 1.42069e+06 1.20456e+06
mphobs
 0 0 0 0 0 112323 112323 0 153150 637223 0 255016 313432 73983 77613 109348 50772 17779 17303 59886 28197 0 207744 136588 643089 65757 70829
mphpred
 676453 414153 514400 638147 686024 1.08509e+06 1.69073e+06 1.97457e+06 1.72948e+06 1.75965e+06 1.60717e+06 1.12868e+06 674768 354948 167761 146062 172620 245541 324698 357292 562205 674202 820372 1.24521e+06 1.74517e+06 1.82073e+06 1.63487e+06
desembarqueobs
 350755 77701 442110 56441 14545 235359 269955 359681 431902 328805 639364 411747 362871 311530 167758 66681 60226 58785 57116 73181 50977 67692 138656 160484 209506 203330 245020
desembarquepred
 350761 77701.3 442111 56442.2 14545.1 235395 269982 359684 431931 328824 639571 411991 363201 311969 167799 66691.6 60244.2 58786.6 57112.3 73179.3 50977 67686.5 138655 160485 209496 203321 245012
Reclutas
 51169.9 65931.7 39729.2 65027.1 111906 81995.3 129710 124638 151264 144507 67836 39592 43482.8 23517.8 18585.7 22863.8 18276.6 21858.7 24048.9 43815.1 53689.8 67424.5 115700 166631 69263 91887 100545
log_desv_Rt
 -0.140634 0.112833 -0.393699 0.0990186 0.64187 0.330877 0.789516 0.749628 0.943239 0.89754 0.141307 -0.39716 -0.303421 -0.918029 -1.15339 -0.946231 -1.17016 -0.991189 -0.895696 -0.295808 -0.0925627 0.135223 0.675218 1.03999 0.162125 0.444773 0.534823
SSB
 676453 414153 514400 638147 686024 1.08509e+06 1.65025e+06 1.95642e+06 1.69726e+06 1.72844e+06 1.60717e+06 1.12868e+06 692648 367738 179272 157500 192067 263563 333169 382732 575403 674202 840809 1.22521e+06 1.85959e+06 1.98756e+06 1.69052e+06
BT
 2.19813e+06 594011 1.13323e+06 1.05877e+06 1.28557e+06 1.46493e+06 3.41269e+06 3.1245e+06 3.10468e+06 2.78659e+06 2.32808e+06 1.58427e+06 1.09609e+06 588561 345539 278650 338833 453918 493122 683150 1.03423e+06 942528 1.3513e+06 2.09045e+06 2.55734e+06 2.72156e+06 2.37008e+06
Ftot
 0.447967 0.370504 0.53966 0.103232 0.0198716 0.192896 0.119892 0.234171 0.25904 0.205033 0.425685 0.396251 0.631358 1.10189 1.02787 0.402564 0.289299 0.197645 0.164487 0.171697 0.0791929 0.105277 0.126646 0.116461 0.0962967 0.0995372 0.140699
BD_Bspro_t
 0.94546 0.749353 0.710385 0.587818 0.720008 0.84188 0.81372 0.821317 0.774768 0.742753 0.707616 0.55904 0.444627 0.334315 0.216917 0.233148 0.346413 0.507777 0.620797 0.701761 0.794218 0.855072 0.859483 0.866364 0.879431 0.853531 0.830966
BD_Bspro
 0.55608 0.340455 0.422864 0.524591 0.563948 0.892005 1.3566 1.60828 1.39523 1.42087 1.32118 0.927831 0.569393 0.3023 0.147371 0.129474 0.157889 0.216663 0.273883 0.314626 0.473011 0.554229 0.691189 1.00719 1.52868 1.63388 1.38969
BD_Bo
 0.286669 0.175511 0.217994 0.270435 0.290725 0.459844 0.699348 0.829098 0.719267 0.732482 0.681089 0.478313 0.293532 0.155841 0.0759724 0.0667459 0.0813943 0.111693 0.141191 0.162195 0.243845 0.285715 0.35632 0.519223 0.78806 0.842293 0.716411
BD_Brms
 0.99483 0.609076 0.756506 0.938496 1.00891 1.5958 2.42696 2.87723 2.49608 2.54194 2.36359 1.65989 1.01865 0.540816 0.263648 0.231629 0.282464 0.387611 0.489977 0.562867 0.84622 0.991519 1.23654 1.80187 2.73481 2.92302 2.48617
S_f
 0.1844 1 1 1 1
 0.1844 1 1 1 1
 0.1844 1 1 1 1
 0.1844 1 1 1 1
 0.1844 1 1 1 1
 0.1844 1 1 1 1
 0.1844 1 1 1 1
 0.1844 1 1 1 1
 0.1844 1 1 1 1
 0.1844 1 1 1 1
 0.1844 1 1 1 1
 0.1844 1 1 1 1
 0.1844 1 1 1 1
 0.1844 1 1 1 1
 0.1844 1 1 1 1
 0.1844 1 1 1 1
 0.1844 1 1 1 1
 0.1844 1 1 1 1
 0.1844 1 1 1 1
 0.1844 1 1 1 1
 0.1844 1 1 1 1
 0.1844 1 1 1 1
 0.1844 1 1 1 1
 0.1844 1 1 1 1
 0.1844 1 1 1 1
 0.1844 1 1 1 1
 0.1844 1 1 1 1
Scru_reclas
 1 1 1 1 1
 1 1 1 1 1
 1 1 1 1 1
 1 1 1 1 1
 1 1 1 1 1
 1 1 1 1 1
 1 1 1 1 1
 1 1 1 1 1
 1 1 1 1 1
 1 1 1 1 1
 1 1 1 1 1
 1 1 1 1 1
 1 1 1 1 1
 1 1 1 1 1
 1 1 1 1 1
 1 1 1 1 1
 1 1 1 1 1
 1 1 1 1 1
 1 1 1 1 1
 1 1 1 1 1
 1 1 1 1 1
 1 1 1 1 1
 1 1 1 1 1
 1 1 1 1 1
 1 1 1 1 1
 1 1 1 1 1
 1 1 1 1 1
Scru_pelaces
 1 1 1 1 1
 1 1 1 1 1
 1 1 1 1 1
 1 1 1 1 1
 1 1 1 1 1
 1 1 1 1 1
 1 1 1 1 1
 1 1 1 1 1
 1 1 1 1 1
 1 1 1 1 1
 1 1 1 1 1
 1 1 1 1 1
 1 1 1 1 1
 1 1 1 1 1
 1 1 1 1 1
 1 1 1 1 1
 1 1 1 1 1
 1 1 1 1 1
 1 1 1 1 1
 1 1 1 1 1
 1 1 1 1 1
 1 1 1 1 1
 1 1 1 1 1
 1 1 1 1 1
 1 1 1 1 1
 1 1 1 1 1
 1 1 1 1 1
pf_obs 
 0.256992 0.487395 0.22802 0.0275931 0
 0.321318 0.546541 0.124235 0.00734118 0.000564706
 0.182869 0.594174 0.210203 0.0122559 0.00049798
 0.330522 0.361315 0.267642 0.0388342 0.00168674
 0.649043 0.306663 0.0425973 0.00169635 0
 0.582887 0.30429 0.105238 0.00758474 0
 0.465427 0.430635 0.0974691 0.00646863 0
 0.296916 0.608066 0.0921331 0.00288517 0
 0.311714 0.524322 0.152257 0.0117073 0
 0.15457 0.633149 0.183074 0.0267441 0.00246327
 0.131901 0.49318 0.331252 0.0422183 0.00144891
 0.196976 0.569456 0.194076 0.0375587 0.00193317
 0.518974 0.381816 0.0799577 0.0180837 0.00116848
 0.0928022 0.601141 0.25162 0.0475244 0.00691264
 0.122501 0.610282 0.24278 0.0234846 0.000952079
 0.383417 0.481906 0.127806 0.00687128 0
 0.0376549 0.599619 0.316969 0.0457579 0
 0.0361596 0.667082 0.258105 0.0386534 0
 0.158088 0.579412 0.248529 0.0139706 0
 0.0477256 0.309471 0.559284 0.082774 0.000745712
 0.0406174 0.521527 0.379366 0.0568643 0.0016247
 0.151134 0.462217 0.34131 0.0453401 0
 0.294876 0.26143 0.354403 0.0886775 0.000613685
 0.281977 0.475581 0.204845 0.0348837 0.00271318
 0.0841818 0.532909 0.334909 0.0458182 0.00218182
 0.115287 0.27431 0.454777 0.147771 0.00785563
 0 0 0 0 0
pf_pred 
 0.33948 0.465085 0.174673 0.02075 1.19333e-05
 0.314055 0.531594 0.108682 0.0408179 0.0048517
 0.176965 0.61491 0.161293 0.0329756 0.0138568
 0.295158 0.423741 0.210017 0.0550881 0.0159952
 0.315993 0.481706 0.121621 0.0602783 0.0204021
 0.173193 0.592457 0.165039 0.041669 0.0276422
 0.260297 0.409769 0.236417 0.0658581 0.0276583
 0.209346 0.52854 0.145202 0.0837744 0.0331376
 0.240783 0.467294 0.195146 0.0536111 0.043166
 0.20883 0.522073 0.165628 0.0691676 0.0343016
 0.113602 0.542025 0.227243 0.0720928 0.045037
 0.109892 0.408842 0.29429 0.12338 0.0635951
 0.194998 0.359437 0.204656 0.147314 0.093595
 0.17026 0.531048 0.133368 0.0759365 0.0893881
 0.247695 0.494993 0.164684 0.0413588 0.0512691
 0.321794 0.507245 0.112487 0.0374244 0.0210497
 0.211134 0.59692 0.14356 0.0318361 0.0165493
 0.238693 0.475213 0.216482 0.0520643 0.0175477
 0.226161 0.50356 0.16871 0.0768557 0.0247137
 0.318614 0.429942 0.163622 0.054819 0.0330029
 0.261522 0.541287 0.124424 0.0473516 0.0254154
 0.246451 0.501647 0.184639 0.0424422 0.0248215
 0.306576 0.451091 0.161324 0.0593777 0.0216313
 0.29052 0.509143 0.130325 0.0466082 0.0234043
 0.102647 0.628903 0.192647 0.0493117 0.026491
 0.169688 0.326589 0.35303 0.108141 0.0425514
 0.189396 0.435338 0.147604 0.159555 0.0681068
pobs_RECLAS
 0 0 0 0 0
 0 0 0 0 0
 0 0 0 0 0
 0 0 0 0 0
 0.835266 0.146461 0.0176864 0.000547809 3.91292e-05
 0.385257 0.428462 0.181853 0.0044286 0
 0.867414 0.0963971 0.0333333 0.00285562 0
 0.441836 0.489002 0.0689373 0.000224442 0
 0.779404 0.147425 0.0564933 0.0165055 0.000172143
 0.814271 0.122319 0.05973 0.00367925 0
 0.40263 0.566651 0.0304383 0.000280538 0
 0.475488 0.404961 0.113038 0.00651328 0
 0.955842 0.0263864 0.0167828 0.000988607 0
 0.975058 0.0227948 0.00214734 0 0
 0.738997 0.206755 0.0527124 0.00153531 0
 0.850938 0.134255 0.0134407 0.00136685 0
 0.542534 0.407297 0.0501686 0 0
 0.764087 0.199537 0.0359546 0.000420521 0
 0.470689 0.182191 0.310203 0.0369168 0
 0.84361 0.089868 0.0606195 0.00523954 0.000663233
 0.607945 0.314616 0.071237 0.00620181 0
 0.523733 0.453247 0.0230204 0 0
 0.530135 0.295979 0.169645 0.0042399 0
 0.562478 0.366248 0.0663022 0.0049721 0
 0.250443 0.683176 0.0655157 0.000865301 0
 0.195077 0.31981 0.436473 0.0351445 0.0134964
 0.565238 0.351407 0.0832357 0.000118908 0
ppred_RECLAS
 0.741536 0.18199 0.0683503 0.00811958 4.66955e-06
 0.717531 0.218908 0.0447548 0.0168086 0.00199791
 0.547442 0.338118 0.0886893 0.0181321 0.00761936
 0.695398 0.183123 0.0907602 0.0238067 0.00691242
 0.714911 0.200771 0.0506906 0.0251236 0.00850343
 0.534455 0.333591 0.0929275 0.0234623 0.0155643
 0.657562 0.189699 0.109447 0.0304884 0.0128042
 0.59266 0.2723 0.0748071 0.0431601 0.0170723
 0.635781 0.224175 0.0936173 0.0257188 0.020708
 0.591453 0.26959 0.0855274 0.035717 0.0177128
 0.416615 0.356735 0.14956 0.047448 0.0296412
 0.406997 0.272377 0.19606 0.0821978 0.042368
 0.57883 0.188055 0.107074 0.0770734 0.0489681
 0.551048 0.287337 0.072162 0.0410874 0.0483657
 0.661143 0.222957 0.0741778 0.018629 0.0230929
 0.7252 0.205528 0.0455782 0.0151639 0.00852904
 0.596154 0.305583 0.0734932 0.0162979 0.00847214
 0.632195 0.229586 0.104588 0.0251535 0.0084777
 0.615231 0.25038 0.0838862 0.0382143 0.0122882
 0.719051 0.177274 0.0674644 0.022603 0.0136078
 0.658487 0.250321 0.0575405 0.021898 0.0117535
 0.640704 0.239187 0.0880365 0.0202367 0.011835
 0.707046 0.190574 0.0681553 0.0250856 0.00913867
 0.690791 0.221897 0.0567988 0.020313 0.0102002
 0.384002 0.431717 0.132245 0.0338506 0.0181851
 0.526948 0.186067 0.201131 0.0616112 0.0242427
 0.56073 0.235912 0.0799875 0.0864635 0.0369074
pobs_PELACES
 0 0 0 0 0
 0 0 0 0 0
 0 0 0 0 0
 0 0 0 0 0
 0 0 0 0 0
 0 0 0 0 0
 0 0 0 0 0
 0 0 0 0 0
 0 0 0 0 0
 0 0 0 0 0
 0.450072 0.473896 0.0757376 0.000293798 0
 0 0 0 0 0
 0.463077 0.371075 0.160297 0.00555027 0
 0.529543 0.364841 0.0842815 0.0213345 0
 0.631943 0.363953 0.00410389 0 0
 0.735681 0.248677 0.0153453 0.000297389 0
 0.695825 0.281241 0.0229344 0 0
 0.275771 0.60734 0.115278 0.00161068 0
 0 0 0 0 0
 0.896147 0.0623911 0.0374545 0.00400742 0
 0.803859 0.145111 0.0509908 3.86294e-05 0
 0.739449 0.233085 0.0266225 0.000797448 4.60066e-05
 0.878498 0.100942 0.0204185 0.000141795 0
 0.694673 0.275183 0.0284847 0.00165964 0
 0.469039 0.446079 0.0841089 0.000773354 0
 0.822795 0.102175 0.0682046 0.00682512 0
 0 0 0 0 0
ppred_PELACES
 0.763964 0.166198 0.0624192 0.00741501 4.26436e-06
 0.737297 0.20359 0.041623 0.0156324 0.0018581
 0.583118 0.311463 0.0816976 0.0167027 0.0070187
 0.701251 0.179604 0.0890162 0.0233492 0.00677959
 0.716 0.200005 0.050497 0.0250276 0.00847095
 0.547347 0.324353 0.0903542 0.0228126 0.0151333
 0.66479 0.185694 0.107137 0.0298448 0.0125339
 0.607782 0.262191 0.0720299 0.0415578 0.0164385
 0.651768 0.214335 0.0895081 0.0245899 0.019799
 0.604717 0.260837 0.0827506 0.0345573 0.0171377
 0.444699 0.339562 0.142361 0.0451639 0.0282143
 0.43297 0.260447 0.187473 0.0785976 0.0405123
 0.619611 0.169845 0.0967062 0.0696104 0.0442266
 0.622806 0.241411 0.060628 0.0345202 0.0406352
 0.720117 0.184154 0.0612681 0.0153869 0.0190739
 0.746258 0.189779 0.0420855 0.0140018 0.00787545
 0.614751 0.291511 0.0701087 0.0155474 0.00808199
 0.644475 0.221921 0.101096 0.0243137 0.00819465
 0.625656 0.243596 0.0816134 0.0371789 0.0119552
 0.728292 0.171443 0.0652455 0.0218595 0.0131602
 0.663264 0.24682 0.0567356 0.0215917 0.0115891
 0.647201 0.234863 0.0864447 0.0198708 0.011621
 0.714056 0.186014 0.0665244 0.0244853 0.00891999
 0.697446 0.217122 0.0555763 0.0198758 0.00998067
 0.390151 0.427408 0.130925 0.0335127 0.0180035
 0.533621 0.183442 0.198294 0.0607421 0.0239008
 0.570035 0.230914 0.0782931 0.084632 0.0361256
pobs_pel_tallas
 0 0 0 0 0 0 0 0 0 0 0 0 0 0 0 0 0 0 0 0 0 0 0 0 0 0 0 0 0 0 0 0 0 0 0 0
 0 0 0 0 0 0 0 0 0 0 0 0 0 0 0 0 0 0 0 0 0 0 0 0 0 0 0 0 0 0 0 0 0 0 0 0
 0 0 0 0 0 0 0 0 0 0 0 0 0 0 0 0 0 0 0 0 0 0 0 0 0 0 0 0 0 0 0 0 0 0 0 0
 0 0 0 0 0 0 0 0 0 0 0 0 0 0 0 0 0 0 0 0 0 0 0 0 0 0 0 0 0 0 0 0 0 0 0 0
 0 0 0 0 0 0 0 0 0 0 0 0 0 0 0 0 0 0 0 0 0 0 0 0 0 0 0 0 0 0 0 0 0 0 0 0
 0 0 0 0 0 0 0 0 0 0 0 0 0 0 0 0 0 0 0 0 0 0 0 0 0 0 0 0 0 0 0 0 0 0 0 0
 0 0 0 0 0 0 0 0 0 0 0 0 0 0 0 0 0 0 0 0 0 0 0 0 0 0 0 0 0 0 0 0 0 0 0 0
 0 0 0 0 0 0 0 0 0 0 0 0 0 0 0 0 0 0 0 0 0 0 0 0 0 0 0 0 0 0 0 0 0 0 0 0
 0 0 0 0 0 0 0 0 0 0 0 0 0 0 0 0 0 0 0 0 0 0 0 0 0 0 0 0 0 0 0 0 0 0 0 0
 0 0 0 0 0 0 0 0 0 0 0 0 0 0 0 0 0 0 0 0 0 0 0 0 0 0 0 0 0 0 0 0 0 0 0 0
 0 0 0 0 0 0 0 0 1.78061e-05 0.00172719 0.00360574 0.0105946 0.0120993 0.0124554 0.0147524 0.0171206 0.0266825 0.0428682 0.0675386 0.121331 0.153587 0.119568 0.100827 0.0573624 0.0630603 0.0341343 0.0324427 0.0444173 0.0211091 0.0280891 0.0125444 0.00206551 0 0 0 0
 0 0 0 0 0 0 0 0 0 0 0 0 0 0 0 0 0 0 0 0 0 0 0 0 0 0 0 0 0 0 0 0 0 0 0 0
 0 0 0 0 0 0 0.0133647 0.0140871 0.0187388 0.0205184 0.03894 0.0496705 0.03968 0.0493445 0.0407372 0.0367815 0.0215668 0.0243155 0.0234873 0.0199281 0.019796 0.0243948 0.0301388 0.0376714 0.0412746 0.0863199 0.0771752 0.113111 0.0741005 0.0525337 0.0229764 0.00759418 0.00175318 0 0 0
 0 0 0 0 0 0 0 0 0 0 0.00219441 0.00772107 0.0458388 0.0604681 0.0671733 0.0775358 0.0609151 0.0617685 0.073594 0.0568108 0.0755445 0.0548602 0.0670107 0.0636378 0.0643287 0.046367 0.0373049 0.0286899 0.0247887 0.0153202 0.00654259 0.00121912 0.000365735 0 0 0
 0 0 0 0 0 0 0 0 0 0 0 0 0.000112435 0.00938835 0.0111873 0.0202946 0.0414886 0.0713402 0.111592 0.104902 0.108894 0.110636 0.117776 0.105296 0.107544 0.0401394 0.0192827 0.0124803 0.00416011 0.0028671 0.000618394 0 0 0 0 0
 0 0 0 0 0 0 0 0 0 0 0.00291406 0.0102884 0.027416 0.0768956 0.0749926 0.110853 0.0956884 0.0897413 0.0766577 0.0534642 0.0500743 0.0551293 0.0594112 0.0620874 0.0668451 0.0424026 0.0208742 0.0120726 0.0048766 0.00582813 0.00118941 0.000297354 0 0 0 0
 0 0.00264628 0.0354308 0.0461629 0.0458689 0.0383711 0.0214643 0.0164657 0.0346957 0.0420465 0.0363128 0.0245516 0.0311673 0.0291091 0.0169068 0.0133784 0.00837989 0.0085269 0.0148486 0.0160247 0.0276389 0.0546898 0.0760071 0.122758 0.109233 0.0665981 0.0333725 0.0166128 0.00676272 0.00308733 0.000882094 0 0 0 0 0
 0 0 0 0 0 0 0 0.000805153 0.000690131 0.00759144 0.0133425 0.0154129 0.00931677 0.000345066 0.00356568 0.00563607 0.00851162 0.0253048 0.0502646 0.0516448 0.0657925 0.0565908 0.0611916 0.0827007 0.0866115 0.110766 0.145733 0.0935128 0.0569358 0.0249597 0.0138026 0.00621118 0.00161031 0.00115022 0 0
 0 0 0 0 0 0 0 0 0 0 0 0 0 0 0 0 0 0 0 0 0 0 0 0 0 0 0 0 0 0 0 0 0 0 0 0
 0.00147267 0.00158595 0.00478618 0.00569244 0.00954404 0.0108468 0.00647125 0.017049 0.0510054 0.094081 0.124002 0.0959785 0.0687766 0.0820023 0.061753 0.0591476 0.0492212 0.0479892 0.0443925 0.0268479 0.0217502 0.0140895 0.0121071 0.0120363 0.00920419 0.00665534 0.0049561 0.00860946 0.00930331 0.0156896 0.0114698 0.00855282 0.00243557 0.00046729 0 2.83206e-05
 0 0 0 0 0.000772559 0.00158375 0.000888443 0.00281984 0.00712685 0.0440552 0.0773331 0.111326 0.0921469 0.0852325 0.0710754 0.0886704 0.0786465 0.0553345 0.0373146 0.0185414 0.00753245 0.00457741 0.012979 0.0271748 0.0457355 0.0583668 0.034881 0.0177882 0.00938659 0.00492506 0.0015258 0.00185414 0.000309023 5.79419e-05 3.86279e-05 0
 0 0.00173294 0.00326652 0 0.00397197 0.00683976 0.00946217 0.0152591 0.00757587 0.0136028 0.0228656 0.0392903 0.0559909 0.0764795 0.0681675 0.0726916 0.0566044 0.0477403 0.0527397 0.0444891 0.0609904 0.0582453 0.0661739 0.0445044 0.0529084 0.0360697 0.0280645 0.0235558 0.0158879 0.00826598 0.00280645 0.00217768 0.000904811 0.00058276 9.20147e-05 0
 0 0 0 0 0 0 0 0 0 0 0 0 0 0 0 0 0 0 0 0 0 0 0 0 0 0 0 0 0 0 0 0 0 0 0 0
 0 0 0 0 0 0 0 0 0 0 0 0 0 0 0 0 0 0 0 0 0 0 0 0 0 0 0 0 0 0 0 0 0 0 0 0
 0 0 0 0 0 0 0 0 0 0 0 0 0 0 0 0 0 0 0 0 0 0 0 0 0 0 0 0 0 0 0 0 0 0 0 0
 0 0 0 0 0 0 0 0 0 0 0 0 0 0 0 0 0 0 0 0 0 0 0 0 0 0 0 0 0 0 0 0 0 0 0 0
 0 0 0 0 0 0 0 0 0 0 0 0 0 0 0 0 0 0 0 0 0 0 0 0 0 0 0 0 0 0 0 0 0 0 0 0
ppred_pel_tallas
 1.01196e-16 3.33319e-05 0.000195633 0.000929956 0.00358039 0.0111651 0.0282022 0.0577054 0.0956528 0.128458 0.139786 0.123296 0.0882483 0.0514799 0.0249425 0.0109171 0.00576307 0.0051946 0.00658427 0.00877452 0.0112846 0.0138158 0.0160896 0.0178446 0.0188827 0.0191096 0.0185527 0.0173449 0.0156853 0.0137888 0.0118429 0.00998227 0.00828403 0.00677855 0.00546694 0.00433732
 1.01282e-16 3.21706e-05 0.000188812 0.000897519 0.00345549 0.0107756 0.0272184 0.0556926 0.0923177 0.123983 0.134926 0.119033 0.0852478 0.0498321 0.0243352 0.010976 0.00625708 0.00605195 0.00782162 0.010427 0.013361 0.0162751 0.0188322 0.0207193 0.0217069 0.0216995 0.0207554 0.019064 0.0168931 0.0145236 0.0121922 0.0100596 0.00820468 0.0066407 0.00534088 0.00426296
 1.02164e-16 2.54521e-05 0.000149359 0.000709931 0.00273319 0.00852311 0.0215289 0.0440524 0.0730272 0.09809 0.106785 0.0942947 0.0677239 0.0399776 0.0202498 0.0103662 0.00763126 0.00883358 0.0119752 0.0161011 0.0206808 0.0252402 0.0292742 0.0323024 0.0339675 0.0341137 0.0328174 0.0303548 0.0271228 0.0235413 0.0199679 0.0166489 0.0137117 0.0111874 0.00904824 0.00724313
 1.02442e-16 3.05979e-05 0.000179581 0.00085364 0.00328655 0.0102488 0.0258876 0.0529697 0.0878038 0.11792 0.128326 0.113207 0.0810668 0.0473716 0.0231046 0.0103759 0.00586156 0.00564368 0.00732078 0.00983022 0.0127171 0.0156801 0.0184252 0.0206699 0.0221921 0.0228739 0.0227201 0.0218438 0.0204264 0.0186678 0.0167445 0.0147858 0.0128716 0.0110437 0.00932344 0.0077259
 1.02038e-16 3.12418e-05 0.000183359 0.000871598 0.00335569 0.0104644 0.0264322 0.0540841 0.0896515 0.120403 0.131031 0.115599 0.0827942 0.0484094 0.0236625 0.0107114 0.00616321 0.00601518 0.00780632 0.0104348 0.013412 0.0164012 0.019075 0.0211265 0.0223271 0.0225749 0.0219143 0.0205146 0.0186198 0.0164862 0.0143298 0.0122964 0.0104585 0.00883139 0.00739777 0.00613067
 1.0288e-16 2.38929e-05 0.000140203 0.000666403 0.00256559 0.00800045 0.0202087 0.0413514 0.0685506 0.0920801 0.10025 0.088544 0.0636361 0.0376501 0.0192294 0.0101037 0.00775957 0.00919564 0.0125414 0.0168923 0.0217263 0.0265596 0.0308702 0.0341592 0.0360528 0.0363843 0.0352251 0.0328517 0.0296646 0.0260869 0.0224786 0.0190863 0.0160373 0.0133634 0.0110403 0.00902364
 1.03193e-16 2.90083e-05 0.000170248 0.000809269 0.0031157 0.00971601 0.0245419 0.0502163 0.0832403 0.111793 0.121663 0.107339 0.0768887 0.0449778 0.0220269 0.0100461 0.00589514 0.00586995 0.00770083 0.0103815 0.0134742 0.0166783 0.0196938 0.022228 0.0240459 0.0250149 0.0251247 0.0244731 0.0232272 0.0215748 0.0196833 0.0176778 0.01564 0.0136198 0.0116524 0.00977072
 1.03305e-16 2.65255e-05 0.000155665 0.000739924 0.00284868 0.0088833 0.0224386 0.0459134 0.0761104 0.102226 0.111272 0.0982227 0.0704691 0.0414456 0.0207121 0.0101449 0.00690926 0.00764194 0.0102635 0.0138096 0.0177907 0.0218042 0.02543 0.0282678 0.0300157 0.0305351 0.0298749 0.0282447 0.0259495 0.0233106 0.0205976 0.0179916 0.0155823 0.0133902 0.0113987 0.00958279
 1.03111e-16 2.84416e-05 0.000166919 0.000793433 0.00305472 0.00952584 0.0240616 0.0492338 0.0816125 0.10961 0.119294 0.105266 0.075441 0.0442059 0.021788 0.0101706 0.00628628 0.00650976 0.0086121 0.0115888 0.0149771 0.0184358 0.0216191 0.0241944 0.0259041 0.0266174 0.026352 0.0252547 0.0235516 0.021487 0.0192713 0.0170527 0.0149149 0.0128929 0.0109962 0.00922866
 1.03248e-16 2.63918e-05 0.00015488 0.000736193 0.00283432 0.0088385 0.0223255 0.0456819 0.0757267 0.10171 0.110712 0.0977282 0.0701156 0.0412401 0.0206142 0.0101053 0.00689419 0.00763583 0.0102628 0.0138173 0.0178132 0.0218507 0.0255109 0.0283933 0.0301936 0.0307683 0.0301595 0.0285694 0.0262965 0.0236575 0.020921 0.0182705 0.0158016 0.0135422 0.0114837 0.00960806
 1.05002e-16 1.94176e-05 0.000113928 0.000541484 0.00208461 0.00650055 0.0164201 0.0335998 0.0557029 0.0748303 0.0814905 0.0720239 0.0518702 0.0309048 0.0161846 0.0091574 0.00782619 0.00979149 0.0135542 0.0183699 0.0237668 0.0292668 0.0343338 0.0384427 0.0411849 0.0423521 0.0419702 0.0402691 0.0376037 0.0343582 0.0308633 0.0273521 0.0239566 0.020733 0.0176985 0.014862
 1.0734e-16 1.8903e-05 0.000110914 0.000527171 0.00202953 0.0063288 0.0159862 0.0327114 0.0542282 0.0728438 0.0793127 0.0700648 0.0503849 0.0298714 0.0153742 0.00828014 0.00662669 0.00807276 0.0111781 0.0152702 0.0199774 0.0249494 0.0297877 0.0340852 0.0374993 0.0398136 0.040965 0.0410269 0.0401615 0.0385596 0.0363941 0.0337971 0.0308654 0.0276787 0.0243219 0.0208966
 1.05887e-16 2.70375e-05 0.00015868 0.000754275 0.00290397 0.00905573 0.0228741 0.0468037 0.0775835 0.104196 0.113395 0.100045 0.0716652 0.0419249 0.0205378 0.00937995 0.00552839 0.00553769 0.00730269 0.00989979 0.0129388 0.01616 0.0193031 0.0221108 0.0243702 0.0259514 0.0268225 0.0270363 0.0266964 0.0259171 0.0247925 0.0233841 0.0217273 0.0198481 0.0177821 0.0155848
 1.04025e-16 2.71797e-05 0.000159508 0.000758197 0.00291905 0.00910273 0.0229929 0.0470473 0.0779892 0.104747 0.11401 0.100623 0.0721568 0.0423686 0.0210443 0.010094 0.00660057 0.00710908 0.00948803 0.012761 0.016452 0.0201876 0.0235843 0.0262781 0.027995 0.02861 0.0281682 0.0268591 0.0249561 0.0227429 0.0204525 0.0182349 0.0161564 0.0142225 0.0124096 0.0106928
 1.0235e-16 3.14207e-05 0.000184411 0.000876601 0.00337495 0.0105245 0.026584 0.0543945 0.0901656 0.121092 0.131777 0.116248 0.0832399 0.0486312 0.0236989 0.0106068 0.00593705 0.00566095 0.00730587 0.00977378 0.0125916 0.0154463 0.0180364 0.020078 0.0213557 0.0217677 0.0213434 0.0202251 0.0186234 0.0167622 0.0148314 0.0129611 0.0112191 0.00962547 0.00817405 0.00685177
 1.01509e-16 3.25608e-05 0.000191104 0.000908419 0.00349746 0.0109065 0.027549 0.056369 0.0934383 0.125487 0.136558 0.120464 0.086253 0.0503799 0.0245287 0.0109383 0.00606211 0.00571952 0.00734138 0.0097827 0.0125466 0.0153036 0.0177398 0.0195635 0.02056 0.0206382 0.0198484 0.0183622 0.016423 0.0142863 0.012167 0.0102104 0.00848758 0.00701057 0.00575639 0.00468952
 1.02003e-16 2.68306e-05 0.000157454 0.00074842 0.00288138 0.00898527 0.0226962 0.0464407 0.0769852 0.103403 0.112559 0.099372 0.0713227 0.0420059 0.0210994 0.01051 0.00737842 0.00830547 0.0111815 0.0150122 0.0192693 0.023501 0.0272335 0.0300182 0.0315231 0.0316062 0.0303437 0.0279993 0.0249491 0.0215894 0.0182561 0.0151791 0.0124746 0.0101669 0.00822465 0.00659451
 1.02726e-16 2.8124e-05 0.000165053 0.000784562 0.00302056 0.00941931 0.0237925 0.0486833 0.0807004 0.108386 0.117964 0.104099 0.074618 0.0437508 0.0216144 0.010175 0.00640464 0.00672262 0.00892606 0.0120184 0.015533 0.0191183 0.0224142 0.0250731 0.026824 0.0275275 0.0271985 0.0259871 0.0241285 0.0218798 0.0194663 0.0170512 0.0147324 0.0125563 0.0105413 0.00869565
 1.03075e-16 2.73042e-05 0.000160238 0.000761668 0.00293241 0.0091444 0.0230981 0.0472627 0.0783463 0.105227 0.114533 0.101086 0.0724914 0.0425709 0.0211559 0.0101664 0.00667389 0.00720893 0.00963149 0.0129607 0.0167169 0.020521 0.0239809 0.0267217 0.0284571 0.0290497 0.0285347 0.0270958 0.0250069 0.02256 0.0200033 0.0175081 0.0151654 0.0130052 0.0110242 0.00921128
 1.02349e-16 3.17766e-05 0.000186502 0.000886544 0.00341324 0.0106439 0.0268856 0.0550115 0.0911879 0.122463 0.133266 0.117554 0.0841574 0.0491319 0.0238772 0.0105756 0.0057649 0.00536723 0.00688304 0.00920947 0.011883 0.0146079 0.0171034 0.0191036 0.0204045 0.0209051 0.0206246 0.0196857 0.0182748 0.016592 0.0148084 0.0130435 0.0113628 0.00979106 0.0083313 0.00698139
 1.0217e-16 2.89442e-05 0.000169866 0.00080744 0.00310864 0.00969397 0.0244863 0.050103 0.0830542 0.111548 0.121409 0.107146 0.0768172 0.0450702 0.0223206 0.0105948 0.00677736 0.00717941 0.00952275 0.0127619 0.0163883 0.0200071 0.0232166 0.0256391 0.0269943 0.027162 0.0262045 0.0243404 0.0218818 0.0191554 0.0164365 0.0139105 0.0116682 0.00972576 0.00805528 0.00661427
 1.0253e-16 2.82433e-05 0.000165752 0.000787885 0.00303336 0.0094592 0.0238933 0.0488895 0.0810425 0.108846 0.118468 0.104549 0.0749528 0.0439715 0.0217684 0.0103214 0.0065924 0.00698599 0.00928607 0.0124825 0.0160916 0.0197411 0.0230494 0.0256518 0.0272697 0.0277687 0.0271827 0.0256909 0.0235622 0.0210856 0.0185099 0.0160104 0.0136842 0.0115672 0.00965987 0.00795072
 1.02264e-16 3.11565e-05 0.00018286 0.000869227 0.00334656 0.0104359 0.0263603 0.0539369 0.0894072 0.120074 0.13067 0.115274 0.0825475 0.0482372 0.0235266 0.0105637 0.00596153 0.00572746 0.00741103 0.0099234 0.0127935 0.015707 0.0183592 0.0204621 0.0217954 0.0222523 0.0218579 0.0207511 0.0191404 0.0172491 0.0152683 0.0133315 0.0115112 0.00983375 0.00829948 0.00690162
 1.0201e-16 3.04334e-05 0.000178612 0.000849026 0.00326877 0.0101933 0.0257476 0.0526835 0.0873304 0.117288 0.127646 0.112626 0.0806928 0.0472373 0.0231953 0.0106787 0.00639263 0.00644505 0.00843935 0.0112933 0.0145104 0.0177324 0.0206042 0.0227921 0.0240476 0.0242611 0.0234829 0.0218997 0.0197805 0.0174085 0.0150229 0.0127863 0.0107802 0.00902228 0.00749303 0.0061605
 1.03991e-16 1.70426e-05 9.99767e-05 0.00047514 0.00182914 0.00570385 0.0144078 0.0294831 0.048882 0.0656788 0.0715551 0.0633154 0.0457568 0.0275796 0.0150233 0.00941402 0.00905373 0.011873 0.0165541 0.0223848 0.0288272 0.0352805 0.0410639 0.0455191 0.0481489 0.0487258 0.0473339 0.0443258 0.0402174 0.035557 0.0308128 0.0263089 0.0222164 0.0185851 0.015394 0.0125964
 1.06079e-16 2.32888e-05 0.000136669 0.00064963 0.00250106 0.00779925 0.0197003 0.0403102 0.0668211 0.0897465 0.0976821 0.0862106 0.0618175 0.0362912 0.0180184 0.00864195 0.00567583 0.0061834 0.00837519 0.0114648 0.0151042 0.0190333 0.0229692 0.0266139 0.0297005 0.0320356 0.0335212 0.0341488 0.0339745 0.0330862 0.0315786 0.0295423 0.0270679 0.0242554 0.0212214 0.0180984
 1.05783e-16 2.48782e-05 0.000145997 0.000693967 0.00267175 0.00833155 0.0210449 0.0430616 0.0713827 0.0958749 0.104357 0.0921132 0.0660743 0.0388381 0.0193682 0.00942267 0.00634363 0.00698207 0.00940033 0.0127157 0.0164996 0.0204114 0.0240944 0.0272024 0.0294648 0.0307404 0.0310376 0.0304911 0.0293093 0.0277099 0.0258693 0.023898 0.021846 0.0197256 0.0175412 0.0153113
pSPR Fmed_Fpbrs
0.4456   0.338158 0.338158
Fs Fmed_Fpbrs
0.64   1.005 1.005
SSBpbr Bo_Bmed_Bpbrs
2.3597e+06  933499  679968 679968
Ro
58896.7
SPR SPRFo_SPRFmed_SPRFpbrs
1.21647e+06 542058 411359
log_Ro
10.8035
likeval ReclasPelacesDesembMPH_pf_preclas_ppelaces_ptallas_desvR_qrecl_qpela
 67.6848 27.2138 0.0174963 0.0041563 336.514 218.891 54.9709 0 17.0188 7.57412e-05 0 0 0 0 0
q_reclas_q_pelaces
0.291346 1
M
0.7
N
 51169.9 15075.4 5661.88 672.595 0.386808
 65931.7 23395.6 4783.13 1796.41 213.525
 39729.2 30578.5 8020.84 1639.83 689.077
 65027.1 17860.2 8851.96 2321.9 674.177
 111906 31682.6 7999.21 3964.61 1341.88
 81995.3 55367.4 15423.6 3894.13 2583.28
 129710 39294.8 22671.2 6315.46 2652.29
 124638 63003.7 17308.5 9986.19 3950.11
 151264 59277.7 24754.9 6800.72 5475.73
 144507 71611.6 22718.8 9487.56 4705.08
 67836 69097.5 28969 9190.4 5741.33
 39592 31143.2 22417.3 9398.41 4844.3
 43482.8 18275.4 10405.6 7490.1 4758.79
 23517.8 19219.8 4826.88 2748.32 3235.16
 18585.7 9531.19 3171.02 796.372 987.195
 22863.8 7635.87 1693.34 563.373 316.874
 18276.6 10541.5 2535.25 562.22 292.258
 21858.7 8604.42 3919.73 942.701 317.727
 24048.9 10466.2 3506.54 1597.4 513.66
 43815.1 11585.5 4409.07 1477.19 889.322
 53689.8 21079.8 4845.55 1844.06 989.774
 67424.5 26275.1 9670.93 2223.02 1300.09
 115700 32838.3 11744 4322.56 1574.71
 166631 56128.9 14367.2 5138.17 2580.14
 69263 80988.2 24808.6 6350.21 3411.44
 91887 33789.6 36525.4 11188.6 4402.47
 100545 44799.8 15189.7 16419.5 7008.74
pred_Ctot
 2931.61 4016.3 1508.41 179.189 0.103051
 3143.68 5321.23 1087.9 408.586 48.5653
 2721.97 9458.21 2480.92 507.213 213.137
 882.767 1267.34 628.124 164.759 47.8388
 294.421 448.821 113.318 56.1633 19.0093
 2064.87 7063.51 1967.66 496.794 329.562
 2042.28 3215.04 1854.92 516.721 217.006
 3797.64 9587.95 2634.03 1519.71 601.13
 5088.13 9874.69 4123.76 1132.89 912.167
 3864.24 9660.59 3064.82 1279.9 634.727
 3699.75 17652.4 7400.73 2347.88 1466.74
 2014.78 7495.82 5395.58 2262.09 1165.97
 3459.9 6377.59 3631.26 2613.83 1660.68
 3146.53 9814.15 2464.73 1403.36 1651.96
 2333.14 4662.55 1551.23 389.576 482.925
 1181.45 1862.32 412.99 137.401 77.2826
 684.915 1936.4 465.706 103.276 53.6856
 563.796 1122.46 511.335 122.977 41.448
 517.615 1152.5 386.127 175.9 56.5622
 983.813 1327.57 505.228 169.269 101.906
 560.229 1159.54 266.539 101.436 54.4445
 933.296 1899.71 699.216 160.726 93.9978
 1923.26 2829.85 1012.04 372.497 135.701
 2549.23 4467.58 1143.56 408.973 205.366
 877.599 5376.92 1647.08 421.6 226.49
 1203.12 2315.57 2503.05 766.742 301.697
 1854.69 4263.11 1445.44 1562.47 666.946
F
 0.0826049 0.447967 0.447967 0.447967 0.447967
 0.0683207 0.370504 0.370504 0.370504 0.370504
 0.099513 0.53966 0.53966 0.53966 0.53966
 0.0190359 0.103232 0.103232 0.103232 0.103232
 0.00366432 0.0198716 0.0198716 0.0198716 0.0198716
 0.03557 0.192896 0.192896 0.192896 0.192896
 0.0221081 0.119892 0.119892 0.119892 0.119892
 0.0431811 0.234171 0.234171 0.234171 0.234171
 0.0477669 0.25904 0.25904 0.25904 0.25904
 0.037808 0.205033 0.205033 0.205033 0.205033
 0.0784961 0.425685 0.425685 0.425685 0.425685
 0.0730685 0.396251 0.396251 0.396251 0.396251
 0.116422 0.631358 0.631358 0.631358 0.631358
 0.203188 1.10189 1.10189 1.10189 1.10189
 0.189538 1.02787 1.02787 1.02787 1.02787
 0.0742326 0.402564 0.402564 0.402564 0.402564
 0.0533465 0.289299 0.289299 0.289299 0.289299
 0.0364457 0.197645 0.197645 0.197645 0.197645
 0.0303313 0.164487 0.164487 0.164487 0.164487
 0.0316609 0.171697 0.171697 0.171697 0.171697
 0.0146031 0.0791929 0.0791929 0.0791929 0.0791929
 0.0194131 0.105277 0.105277 0.105277 0.105277
 0.0233534 0.126646 0.126646 0.126646 0.126646
 0.0214754 0.116461 0.116461 0.116461 0.116461
 0.0177571 0.0962967 0.0962967 0.0962967 0.0962967
 0.0183546 0.0995372 0.0995372 0.0995372 0.0995372
 0.0259448 0.140699 0.140699 0.140699 0.140699
Np
 48395.6 19967.1 8843.34 3513.12 1407.67
YTP_r0W_actual
 101379 466709 230035 317556 150424
YTP_p0W_proyectada
 48797 506825 292692 126735 217615
 48797 208011 133925 67944.4 30211.7
CTP_r0_actual
 12363.3 21606.9 7325.96 7919.1 3380.31
CTP_p0_proyectada
 5950.85 23464.1 9321.4 3160.48 4890.22
 5950.85 9630.12 4265.13 1694.37 678.915
Wmedp
 8.2 21.6 31.4 40.1 44.5
nmprior
 10.8 10.6 4.6 0
nm_flota  nm_reclas  nm_pelaces    nm_pelaL
inf 12.9419 19.6208 64.5363
cv_recla  cv_pelaces  cv_mph
0.712486 0.57146 1.69305
 ------------------------------------------------
Talla a la edad & desviaci?n 
 7.2 14.2025 17.0495 18.207 18.6776
 1.08 2.13037 2.55742 2.73105 2.80164
