years
 1997 1998 1999 2000 2001 2002 2003 2004 2005 2006 2007 2008 2009 2010 2011 2012 2013 2014 2015 2016 2017 2018 2019 2020 2021 2022 2023
reclasobs
 0 0 0 370054 412103 1.49427e+06 250295 1.28982e+06 931140 785840 897777 1.04006e+06 184774 17550 25797 100020 73551 82996 120727 218422 84188 347160 605670 569463 516374 1.08416e+06 1.01767e+06
reclaspred
 380729 105462 325521 241480 360255 431877 958574 646735 728212 656394 515435 344181 212032 98819 70685.3 72987.6 90569.9 125968 133448 192695 276675 249517 436641 611673 746284 716931 629217
pelacesobs
 0 0 0 0 0 0 0 0 0 2.06254e+06 1.5e+06 0 1.87456e+06 323000 250000 174000 83755 137374 0 501740 490994 745055 786931 1.00524e+06 1.33801e+06 1.41789e+06 0
pelacespred
 1.06724e+06 258213 497688 557853 711741 714538 1.80361e+06 1.51688e+06 1.51312e+06 1.37872e+06 976022 672113 412183 160538 113078 124786 161594 227221 247954 348132 554392 490748 700768 1.09487e+06 1.33839e+06 1.42072e+06 1.20459e+06
mphobs
 0 0 0 0 0 112323 112323 0 153150 637223 0 255016 313432 73983 77613 109348 50772 17779 17303 59886 28197 0 207744 136588 643089 65757 70829
mphpred
 114194 69914.4 86837.8 107729 115811 183180 285422 333336 291962 297054 271311 190535 113910 147795 69853.3 60818.3 18009.5 25617.4 33875.9 37276.5 58655 70339.5 85589.5 129913 182074 189958 170567
desembarqueobs
 350755 77701 442110 56441 14545 235359 269955 359681 431902 328805 639364 411747 362871 311530 167758 66681 60226 58785 57116 73181 50977 67692 138656 160484 209506 203330 245020
desembarquepred
 350761 77701.3 442111 56442.2 14545.1 235395 269982 359684 431931 328824 639571 411991 363201 311969 167799 66691.6 60244.2 58786.6 57112.3 73179.3 50977 67686.5 138655 160485 209496 203321 245012
Reclutas
 51170.5 65932.5 39729.9 65028.5 111908 81997.1 129712 124640 151265 144507 67836.1 39591.9 43482.6 23517.8 18585.9 22864.1 18276.9 21859 24049.3 43815.6 53690.4 67425.6 115702 166633 69264.2 91888.6 100547
log_desv_Rt
 -0.140636 0.112833 -0.393694 0.0990267 0.641881 0.330885 0.789522 0.74963 0.943234 0.897528 0.141296 -0.397173 -0.303437 -0.91804 -1.1534 -0.94623 -1.17016 -0.991184 -0.895692 -0.295808 -0.092564 0.135226 0.675222 1.04 0.16213 0.444778 0.534826
SSB
 676460 414158 514409 638162 686040 1.08512e+06 1.6503e+06 1.95647e+06 1.6973e+06 1.72847e+06 1.60719e+06 1.12869e+06 692656 367742 179275 157503 192070 263569 333177 382740 575413 674212 840823 1.22524e+06 1.85962e+06 1.9876e+06 1.69055e+06
BT
 2.19815e+06 594018 1.13325e+06 1.05879e+06 1.2856e+06 1.46496e+06 3.41277e+06 3.12456e+06 3.10473e+06 2.78662e+06 2.32811e+06 1.58429e+06 1.0961e+06 588565 345543 278654 338839 453927 493132 683163 1.03425e+06 942542 1.35132e+06 2.09049e+06 2.55739e+06 2.72161e+06 2.37012e+06
Ftot
 0.447961 0.370498 0.539649 0.103229 0.0198711 0.192891 0.119889 0.234166 0.259034 0.205029 0.425679 0.396246 0.63135 1.10187 1.02785 0.402556 0.289293 0.197641 0.164483 0.171693 0.0791915 0.105276 0.126643 0.116459 0.0962948 0.0995352 0.140696
BD_Bspro_t
 0.94546 0.749356 0.710389 0.587824 0.720012 0.841883 0.813724 0.821321 0.774772 0.742756 0.707619 0.559043 0.44463 0.334318 0.21692 0.233152 0.346418 0.507782 0.620802 0.701766 0.794221 0.855074 0.859485 0.866366 0.879433 0.853534 0.830969
BD_Bspro
 0.556078 0.340455 0.422866 0.524596 0.563954 0.892015 1.35661 1.6083 1.39525 1.42088 1.32118 0.92783 0.569393 0.302299 0.147372 0.129474 0.15789 0.216665 0.273885 0.314629 0.473014 0.554231 0.691192 1.00719 1.52869 1.63389 1.3897
BD_Bo
 0.286666 0.175509 0.217993 0.270436 0.290726 0.459846 0.699352 0.829102 0.719269 0.732481 0.681085 0.478309 0.29353 0.155839 0.0759721 0.0667457 0.0813943 0.111694 0.141191 0.162195 0.243845 0.285713 0.356319 0.519223 0.788059 0.842293 0.716411
BD_Brms
 0.994821 0.609073 0.756504 0.938499 1.00891 1.59581 2.42697 2.87724 2.49609 2.54194 2.36358 1.65988 1.01864 0.540812 0.263647 0.231629 0.282464 0.387612 0.489979 0.562869 0.846219 0.991516 1.23654 1.80187 2.73481 2.92302 2.48617
S_f
 0.1844 1 1 1 1
 0.1844 1 1 1 1
 0.1844 1 1 1 1
 0.1844 1 1 1 1
 0.1844 1 1 1 1
 0.1844 1 1 1 1
 0.1844 1 1 1 1
 0.1844 1 1 1 1
 0.1844 1 1 1 1
 0.1844 1 1 1 1
 0.1844 1 1 1 1
 0.1844 1 1 1 1
 0.1844 1 1 1 1
 0.1844 1 1 1 1
 0.1844 1 1 1 1
 0.1844 1 1 1 1
 0.1844 1 1 1 1
 0.1844 1 1 1 1
 0.1844 1 1 1 1
 0.1844 1 1 1 1
 0.1844 1 1 1 1
 0.1844 1 1 1 1
 0.1844 1 1 1 1
 0.1844 1 1 1 1
 0.1844 1 1 1 1
 0.1844 1 1 1 1
 0.1844 1 1 1 1
Scru_reclas
 1 1 1 1 1
 1 1 1 1 1
 1 1 1 1 1
 1 1 1 1 1
 1 1 1 1 1
 1 1 1 1 1
 1 1 1 1 1
 1 1 1 1 1
 1 1 1 1 1
 1 1 1 1 1
 1 1 1 1 1
 1 1 1 1 1
 1 1 1 1 1
 1 1 1 1 1
 1 1 1 1 1
 1 1 1 1 1
 1 1 1 1 1
 1 1 1 1 1
 1 1 1 1 1
 1 1 1 1 1
 1 1 1 1 1
 1 1 1 1 1
 1 1 1 1 1
 1 1 1 1 1
 1 1 1 1 1
 1 1 1 1 1
 1 1 1 1 1
Scru_pelaces
 1 1 1 1 1
 1 1 1 1 1
 1 1 1 1 1
 1 1 1 1 1
 1 1 1 1 1
 1 1 1 1 1
 1 1 1 1 1
 1 1 1 1 1
 1 1 1 1 1
 1 1 1 1 1
 1 1 1 1 1
 1 1 1 1 1
 1 1 1 1 1
 1 1 1 1 1
 1 1 1 1 1
 1 1 1 1 1
 1 1 1 1 1
 1 1 1 1 1
 1 1 1 1 1
 1 1 1 1 1
 1 1 1 1 1
 1 1 1 1 1
 1 1 1 1 1
 1 1 1 1 1
 1 1 1 1 1
 1 1 1 1 1
 1 1 1 1 1
pf_obs 
 0.256992 0.487395 0.22802 0.0275931 0
 0.321318 0.546541 0.124235 0.00734118 0.000564706
 0.182869 0.594174 0.210203 0.0122559 0.00049798
 0.330522 0.361315 0.267642 0.0388342 0.00168674
 0.649043 0.306663 0.0425973 0.00169635 0
 0.582887 0.30429 0.105238 0.00758474 0
 0.465427 0.430635 0.0974691 0.00646863 0
 0.296916 0.608066 0.0921331 0.00288517 0
 0.311714 0.524322 0.152257 0.0117073 0
 0.15457 0.633149 0.183074 0.0267441 0.00246327
 0.131901 0.49318 0.331252 0.0422183 0.00144891
 0.196976 0.569456 0.194076 0.0375587 0.00193317
 0.518974 0.381816 0.0799577 0.0180837 0.00116848
 0.0928022 0.601141 0.25162 0.0475244 0.00691264
 0.122501 0.610282 0.24278 0.0234846 0.000952079
 0.383417 0.481906 0.127806 0.00687128 0
 0.0376549 0.599619 0.316969 0.0457579 0
 0.0361596 0.667082 0.258105 0.0386534 0
 0.158088 0.579412 0.248529 0.0139706 0
 0.0477256 0.309471 0.559284 0.082774 0.000745712
 0.0406174 0.521527 0.379366 0.0568643 0.0016247
 0.151134 0.462217 0.34131 0.0453401 0
 0.294876 0.26143 0.354403 0.0886775 0.000613685
 0.281977 0.475581 0.204845 0.0348837 0.00271318
 0.0841818 0.532909 0.334909 0.0458182 0.00218182
 0.115287 0.27431 0.454777 0.147771 0.00785563
 0 0 0 0 0
pf_pred 
 0.339481 0.465085 0.174673 0.02075 1.19333e-05
 0.314056 0.531593 0.108682 0.040818 0.00485171
 0.176965 0.614909 0.161293 0.0329758 0.0138569
 0.295159 0.42374 0.210017 0.0550883 0.0159953
 0.315995 0.481704 0.12162 0.0602784 0.0204022
 0.173193 0.592457 0.165039 0.0416689 0.0276424
 0.260297 0.409768 0.236418 0.0658583 0.0276584
 0.209346 0.528539 0.145202 0.0837753 0.0331379
 0.240781 0.467293 0.195148 0.0536118 0.0431668
 0.208828 0.522072 0.165629 0.0691689 0.0343026
 0.113602 0.542021 0.227244 0.072094 0.0450384
 0.109891 0.40884 0.29429 0.123382 0.0635969
 0.194997 0.359435 0.204656 0.147315 0.0935972
 0.17026 0.531045 0.133368 0.0759374 0.0893901
 0.247694 0.494991 0.164685 0.0413595 0.0512705
 0.321795 0.507242 0.112488 0.0374251 0.0210504
 0.211135 0.596919 0.14356 0.0318364 0.0165498
 0.238693 0.475211 0.216483 0.0520645 0.0175481
 0.226161 0.503559 0.16871 0.0768561 0.024714
 0.318613 0.429942 0.163622 0.0548194 0.0330033
 0.261522 0.541286 0.124425 0.0473521 0.0254158
 0.246452 0.501645 0.184638 0.0424426 0.0248219
 0.306577 0.45109 0.161323 0.0593777 0.0216315
 0.290521 0.509142 0.130325 0.046608 0.0234044
 0.102647 0.628902 0.192648 0.0493118 0.0264911
 0.169688 0.326588 0.35303 0.108142 0.0425515
 0.189396 0.435338 0.147604 0.159555 0.0681071
pobs_RECLAS
 0 0 0 0 0
 0 0 0 0 0
 0 0 0 0 0
 0 0 0 0 0
 0.835266 0.146461 0.0176864 0.000547809 3.91292e-05
 0.385257 0.428462 0.181853 0.0044286 0
 0.867414 0.0963971 0.0333333 0.00285562 0
 0.441836 0.489002 0.0689373 0.000224442 0
 0.779404 0.147425 0.0564933 0.0165055 0.000172143
 0.814271 0.122319 0.05973 0.00367925 0
 0.40263 0.566651 0.0304383 0.000280538 0
 0.475488 0.404961 0.113038 0.00651328 0
 0.955842 0.0263864 0.0167828 0.000988607 0
 0.975058 0.0227948 0.00214734 0 0
 0.738997 0.206755 0.0527124 0.00153531 0
 0.850938 0.134255 0.0134407 0.00136685 0
 0.542534 0.407297 0.0501686 0 0
 0.764087 0.199537 0.0359546 0.000420521 0
 0.470689 0.182191 0.310203 0.0369168 0
 0.84361 0.089868 0.0606195 0.00523954 0.000663233
 0.607945 0.314616 0.071237 0.00620181 0
 0.523733 0.453247 0.0230204 0 0
 0.530135 0.295979 0.169645 0.0042399 0
 0.562478 0.366248 0.0663022 0.0049721 0
 0.250443 0.683176 0.0655157 0.000865301 0
 0.195077 0.31981 0.436473 0.0351445 0.0134964
 0.565238 0.351407 0.0832357 0.000118908 0
ppred_RECLAS
 0.741535 0.18199 0.0683503 0.00811959 4.66958e-06
 0.71753 0.218908 0.044755 0.0168087 0.00199792
 0.547441 0.338118 0.0886895 0.0181323 0.00761941
 0.695398 0.183122 0.0907605 0.0238068 0.00691249
 0.714911 0.200771 0.0506905 0.0251236 0.00850348
 0.534454 0.333592 0.0929276 0.0234623 0.0155644
 0.65756 0.189699 0.109448 0.0304886 0.0128043
 0.592658 0.272301 0.0748077 0.0431607 0.0170725
 0.635778 0.224176 0.0936186 0.0257193 0.0207085
 0.591449 0.269591 0.0855287 0.0357179 0.0177134
 0.416613 0.356734 0.149562 0.047449 0.0296422
 0.406995 0.272376 0.196061 0.0821991 0.0423693
 0.578826 0.188055 0.107075 0.0770743 0.0489696
 0.551045 0.287337 0.0721627 0.0410881 0.0483671
 0.661141 0.222958 0.0741786 0.0186294 0.0230937
 0.7252 0.205528 0.0455787 0.0151641 0.00852935
 0.596153 0.305583 0.0734932 0.0162982 0.00847239
 0.632194 0.229586 0.104588 0.0251536 0.0084779
 0.61523 0.250381 0.0838866 0.0382146 0.0122883
 0.719049 0.177274 0.067465 0.0226032 0.013608
 0.658486 0.250321 0.057541 0.0218983 0.0117537
 0.640705 0.239187 0.0880365 0.0202368 0.0118352
 0.707046 0.190574 0.0681551 0.0250856 0.00913878
 0.69079 0.221897 0.0567989 0.020313 0.0102002
 0.384002 0.431717 0.132245 0.0338507 0.0181851
 0.526947 0.186067 0.201132 0.0616114 0.0242428
 0.560729 0.235912 0.0799877 0.0864639 0.0369076
pobs_PELACES
 0 0 0 0 0
 0 0 0 0 0
 0 0 0 0 0
 0 0 0 0 0
 0 0 0 0 0
 0 0 0 0 0
 0 0 0 0 0
 0 0 0 0 0
 0 0 0 0 0
 0 0 0 0 0
 0.450072 0.473896 0.0757376 0.000293798 0
 0 0 0 0 0
 0.463077 0.371075 0.160297 0.00555027 0
 0.529543 0.364841 0.0842815 0.0213345 0
 0.631943 0.363953 0.00410389 0 0
 0.735681 0.248677 0.0153453 0.000297389 0
 0.695825 0.281241 0.0229344 0 0
 0.275771 0.60734 0.115278 0.00161068 0
 0 0 0 0 0
 0.896147 0.0623911 0.0374545 0.00400742 0
 0.803859 0.145111 0.0509908 3.86294e-05 0
 0.739449 0.233085 0.0266225 0.000797448 4.60066e-05
 0.878498 0.100942 0.0204185 0.000141795 0
 0.694673 0.275183 0.0284847 0.00165964 0
 0.469039 0.446079 0.0841089 0.000773354 0
 0.822795 0.102175 0.0682046 0.00682512 0
 0 0 0 0 0
ppred_PELACES
 0.763963 0.166198 0.0624194 0.00741503 4.26438e-06
 0.737296 0.20359 0.0416233 0.0156325 0.00185811
 0.583117 0.311463 0.081698 0.0167029 0.00701876
 0.701251 0.179604 0.0890165 0.0233494 0.00677967
 0.716 0.200004 0.0504969 0.0250277 0.00847101
 0.547346 0.324354 0.0903543 0.0228126 0.0151334
 0.664789 0.185695 0.107138 0.029845 0.012534
 0.60778 0.262193 0.0720306 0.0415585 0.0164387
 0.651764 0.214336 0.0895095 0.0245904 0.0197996
 0.604713 0.260838 0.0827519 0.0345583 0.0171383
 0.444697 0.339561 0.142362 0.0451649 0.0282153
 0.432967 0.260447 0.187474 0.0785989 0.0405136
 0.619608 0.169846 0.0967071 0.0696114 0.044228
 0.622803 0.241411 0.0606287 0.0345209 0.0406364
 0.720114 0.184155 0.061269 0.0153873 0.0190746
 0.746258 0.189778 0.042086 0.0140021 0.00787576
 0.61475 0.291511 0.0701089 0.0155476 0.00808224
 0.644474 0.221921 0.101096 0.0243138 0.00819485
 0.625655 0.243597 0.0816138 0.0371792 0.0119554
 0.728289 0.171444 0.0652462 0.0218598 0.0131604
 0.663263 0.24682 0.0567361 0.021592 0.0115893
 0.647201 0.234862 0.0864447 0.0198709 0.0116212
 0.714056 0.186014 0.0665242 0.0244853 0.00892009
 0.697445 0.217122 0.0555765 0.0198758 0.00998072
 0.390151 0.427408 0.130925 0.0335128 0.0180036
 0.53362 0.183442 0.198295 0.0607423 0.0239009
 0.570034 0.230915 0.0782934 0.0846324 0.0361258
pobs_pel_tallas
 0 0 0 0 0 0 0 0 0 0 0 0 0 0 0 0 0 0 0 0 0 0 0 0 0 0 0 0 0 0 0 0 0 0 0 0
 0 0 0 0 0 0 0 0 0 0 0 0 0 0 0 0 0 0 0 0 0 0 0 0 0 0 0 0 0 0 0 0 0 0 0 0
 0 0 0 0 0 0 0 0 0 0 0 0 0 0 0 0 0 0 0 0 0 0 0 0 0 0 0 0 0 0 0 0 0 0 0 0
 0 0 0 0 0 0 0 0 0 0 0 0 0 0 0 0 0 0 0 0 0 0 0 0 0 0 0 0 0 0 0 0 0 0 0 0
 0 0 0 0 0 0 0 0 0 0 0 0 0 0 0 0 0 0 0 0 0 0 0 0 0 0 0 0 0 0 0 0 0 0 0 0
 0 0 0 0 0 0 0 0 0 0 0 0 0 0 0 0 0 0 0 0 0 0 0 0 0 0 0 0 0 0 0 0 0 0 0 0
 0 0 0 0 0 0 0 0 0 0 0 0 0 0 0 0 0 0 0 0 0 0 0 0 0 0 0 0 0 0 0 0 0 0 0 0
 0 0 0 0 0 0 0 0 0 0 0 0 0 0 0 0 0 0 0 0 0 0 0 0 0 0 0 0 0 0 0 0 0 0 0 0
 0 0 0 0 0 0 0 0 0 0 0 0 0 0 0 0 0 0 0 0 0 0 0 0 0 0 0 0 0 0 0 0 0 0 0 0
 0 0 0 0 0 0 0 0 0 0 0 0 0 0 0 0 0 0 0 0 0 0 0 0 0 0 0 0 0 0 0 0 0 0 0 0
 0 0 0 0 0 0 0 0 1.78061e-05 0.00172719 0.00360574 0.0105946 0.0120993 0.0124554 0.0147524 0.0171206 0.0266825 0.0428682 0.0675386 0.121331 0.153587 0.119568 0.100827 0.0573624 0.0630603 0.0341343 0.0324427 0.0444173 0.0211091 0.0280891 0.0125444 0.00206551 0 0 0 0
 0 0 0 0 0 0 0 0 0 0 0 0 0 0 0 0 0 0 0 0 0 0 0 0 0 0 0 0 0 0 0 0 0 0 0 0
 0 0 0 0 0 0 0.0133647 0.0140871 0.0187388 0.0205184 0.03894 0.0496705 0.03968 0.0493445 0.0407372 0.0367815 0.0215668 0.0243155 0.0234873 0.0199281 0.019796 0.0243948 0.0301388 0.0376714 0.0412746 0.0863199 0.0771752 0.113111 0.0741005 0.0525337 0.0229764 0.00759418 0.00175318 0 0 0
 0 0 0 0 0 0 0 0 0 0 0.00219441 0.00772107 0.0458388 0.0604681 0.0671733 0.0775358 0.0609151 0.0617685 0.073594 0.0568108 0.0755445 0.0548602 0.0670107 0.0636378 0.0643287 0.046367 0.0373049 0.0286899 0.0247887 0.0153202 0.00654259 0.00121912 0.000365735 0 0 0
 0 0 0 0 0 0 0 0 0 0 0 0 0.000112435 0.00938835 0.0111873 0.0202946 0.0414886 0.0713402 0.111592 0.104902 0.108894 0.110636 0.117776 0.105296 0.107544 0.0401394 0.0192827 0.0124803 0.00416011 0.0028671 0.000618394 0 0 0 0 0
 0 0 0 0 0 0 0 0 0 0 0.00291406 0.0102884 0.027416 0.0768956 0.0749926 0.110853 0.0956884 0.0897413 0.0766577 0.0534642 0.0500743 0.0551293 0.0594112 0.0620874 0.0668451 0.0424026 0.0208742 0.0120726 0.0048766 0.00582813 0.00118941 0.000297354 0 0 0 0
 0 0.00264628 0.0354308 0.0461629 0.0458689 0.0383711 0.0214643 0.0164657 0.0346957 0.0420465 0.0363128 0.0245516 0.0311673 0.0291091 0.0169068 0.0133784 0.00837989 0.0085269 0.0148486 0.0160247 0.0276389 0.0546898 0.0760071 0.122758 0.109233 0.0665981 0.0333725 0.0166128 0.00676272 0.00308733 0.000882094 0 0 0 0 0
 0 0 0 0 0 0 0 0.000805153 0.000690131 0.00759144 0.0133425 0.0154129 0.00931677 0.000345066 0.00356568 0.00563607 0.00851162 0.0253048 0.0502646 0.0516448 0.0657925 0.0565908 0.0611916 0.0827007 0.0866115 0.110766 0.145733 0.0935128 0.0569358 0.0249597 0.0138026 0.00621118 0.00161031 0.00115022 0 0
 0 0 0 0 0 0 0 0 0 0 0 0 0 0 0 0 0 0 0 0 0 0 0 0 0 0 0 0 0 0 0 0 0 0 0 0
 0.00147267 0.00158595 0.00478618 0.00569244 0.00954404 0.0108468 0.00647125 0.017049 0.0510054 0.094081 0.124002 0.0959785 0.0687766 0.0820023 0.061753 0.0591476 0.0492212 0.0479892 0.0443925 0.0268479 0.0217502 0.0140895 0.0121071 0.0120363 0.00920419 0.00665534 0.0049561 0.00860946 0.00930331 0.0156896 0.0114698 0.00855282 0.00243557 0.00046729 0 2.83206e-05
 0 0 0 0 0.000772559 0.00158375 0.000888443 0.00281984 0.00712685 0.0440552 0.0773331 0.111326 0.0921469 0.0852325 0.0710754 0.0886704 0.0786465 0.0553345 0.0373146 0.0185414 0.00753245 0.00457741 0.012979 0.0271748 0.0457355 0.0583668 0.034881 0.0177882 0.00938659 0.00492506 0.0015258 0.00185414 0.000309023 5.79419e-05 3.86279e-05 0
 0 0.00173294 0.00326652 0 0.00397197 0.00683976 0.00946217 0.0152591 0.00757587 0.0136028 0.0228656 0.0392903 0.0559909 0.0764795 0.0681675 0.0726916 0.0566044 0.0477403 0.0527397 0.0444891 0.0609904 0.0582453 0.0661739 0.0445044 0.0529084 0.0360697 0.0280645 0.0235558 0.0158879 0.00826598 0.00280645 0.00217768 0.000904811 0.00058276 9.20147e-05 0
 0 0 0 0 0 0 0 0 0 0 0 0 0 0 0 0 0 0 0 0 0 0 0 0 0 0 0 0 0 0 0 0 0 0 0 0
 0 0 0 0 0 0 0 0 0 0 0 0 0 0 0 0 0 0 0 0 0 0 0 0 0 0 0 0 0 0 0 0 0 0 0 0
 0 0 0 0 0 0 0 0 0 0 0 0 0 0 0 0 0 0 0 0 0 0 0 0 0 0 0 0 0 0 0 0 0 0 0 0
 0 0 0 0 0 0 0 0 0 0 0 0 0 0 0 0 0 0 0 0 0 0 0 0 0 0 0 0 0 0 0 0 0 0 0 0
 0 0 0 0 0 0 0 0 0 0 0 0 0 0 0 0 0 0 0 0 0 0 0 0 0 0 0 0 0 0 0 0 0 0 0 0
ppred_pel_tallas
 1.01196e-16 3.33319e-05 0.000195633 0.000929956 0.00358039 0.0111651 0.0282022 0.0577053 0.0956527 0.128458 0.139786 0.123296 0.0882482 0.0514799 0.0249425 0.0109171 0.00576308 0.00519461 0.00658428 0.00877454 0.0112846 0.0138159 0.0160896 0.0178447 0.0188827 0.0191096 0.0185527 0.017345 0.0156854 0.0137889 0.011843 0.00998229 0.00828405 0.00677856 0.00546695 0.00433733
 1.01282e-16 3.21705e-05 0.000188812 0.000897519 0.00345548 0.0107756 0.0272183 0.0556926 0.0923176 0.123983 0.134926 0.119033 0.0852477 0.049832 0.0243352 0.010976 0.00625708 0.00605196 0.00782164 0.010427 0.013361 0.0162751 0.0188322 0.0207194 0.0217069 0.0216996 0.0207554 0.019064 0.0168932 0.0145236 0.0121923 0.0100596 0.00820471 0.00664073 0.00534091 0.00426298
 1.02164e-16 2.54521e-05 0.000149358 0.00070993 0.00273318 0.0085231 0.0215289 0.0440524 0.0730271 0.0980898 0.106784 0.0942945 0.0677238 0.0399775 0.0202498 0.0103662 0.00763126 0.00883359 0.0119752 0.0161011 0.0206809 0.0252403 0.0292742 0.0323025 0.0339676 0.0341138 0.0328175 0.0303548 0.0271229 0.0235414 0.0199679 0.0166489 0.0137118 0.0111874 0.00904828 0.00724316
 1.02442e-16 3.05979e-05 0.000179581 0.000853639 0.00328654 0.0102488 0.0258876 0.0529696 0.0878038 0.11792 0.128326 0.113207 0.0810667 0.0473715 0.0231045 0.0103759 0.00586155 0.00564368 0.00732078 0.00983022 0.0127171 0.0156801 0.0184252 0.0206699 0.0221921 0.0228739 0.0227202 0.0218439 0.0204264 0.0186678 0.0167445 0.0147859 0.0128717 0.0110438 0.00932348 0.00772594
 1.02038e-16 3.12418e-05 0.000183359 0.000871599 0.00335569 0.0104644 0.0264322 0.0540842 0.0896516 0.120403 0.131031 0.115599 0.0827943 0.0484094 0.0236626 0.0107114 0.0061632 0.00601518 0.00780631 0.0104348 0.013412 0.0164012 0.0190749 0.0211265 0.022327 0.0225748 0.0219143 0.0205146 0.0186198 0.0164862 0.0143298 0.0122964 0.0104585 0.00883139 0.00739778 0.00613068
 1.0288e-16 2.38928e-05 0.000140203 0.000666401 0.00256558 0.00800043 0.0202087 0.0413513 0.0685504 0.0920798 0.10025 0.0885438 0.0636359 0.03765 0.0192294 0.0101037 0.00775958 0.00919567 0.0125414 0.0168923 0.0217263 0.0265597 0.0308703 0.0341593 0.036053 0.0363844 0.0352252 0.0328518 0.0296647 0.026087 0.0224786 0.0190864 0.0160373 0.0133634 0.0110403 0.00902366
 1.03193e-16 2.90083e-05 0.000170248 0.000809266 0.0031157 0.00971598 0.0245418 0.0502162 0.0832401 0.111793 0.121663 0.107339 0.0768884 0.0449777 0.0220268 0.0100461 0.00589515 0.00586997 0.00770085 0.0103815 0.0134742 0.0166783 0.0196939 0.0222281 0.024046 0.025015 0.0251248 0.0244732 0.0232274 0.0215749 0.0196834 0.0176779 0.0156401 0.0136199 0.0116525 0.00977081
 1.03305e-16 2.65254e-05 0.000155664 0.00073992 0.00284867 0.00888326 0.0224385 0.0459132 0.0761101 0.102225 0.111272 0.0982222 0.0704688 0.0414454 0.020712 0.0101449 0.00690927 0.00764197 0.0102635 0.0138097 0.0177908 0.0218043 0.0254301 0.0282679 0.0300159 0.0305353 0.0298751 0.0282449 0.0259497 0.0233108 0.0205978 0.0179917 0.0155825 0.0133904 0.0113989 0.00958292
 1.03111e-16 2.84415e-05 0.000166918 0.000793429 0.00305471 0.00952579 0.0240614 0.0492335 0.0816121 0.109609 0.119293 0.105266 0.0754406 0.0442057 0.0217879 0.0101706 0.00628629 0.00650979 0.00861215 0.0115889 0.0149772 0.018436 0.0216192 0.0241946 0.0259043 0.0266176 0.0263523 0.025255 0.0235519 0.0214873 0.0192716 0.017053 0.0149152 0.0128931 0.0109964 0.00922883
 1.03248e-16 2.63917e-05 0.000154879 0.000736188 0.0028343 0.00883844 0.0223253 0.0456816 0.0757262 0.10171 0.110711 0.0977276 0.0701151 0.0412399 0.0206141 0.0101053 0.0068942 0.00763586 0.0102628 0.0138173 0.0178134 0.0218508 0.0255111 0.0283935 0.0301939 0.0307685 0.0301598 0.0285697 0.0262968 0.0236579 0.0209213 0.0182708 0.0158019 0.0135424 0.0114839 0.00960827
 1.05002e-16 1.94175e-05 0.000113927 0.000541481 0.0020846 0.00650051 0.01642 0.0335996 0.0557025 0.0748298 0.08149 0.0720234 0.0518699 0.0309046 0.0161845 0.00915737 0.00782617 0.00979148 0.0135542 0.0183699 0.0237668 0.0292668 0.0343338 0.0384428 0.041185 0.0423522 0.0419704 0.0402692 0.037604 0.0343585 0.0308636 0.0273524 0.0239569 0.0207333 0.0176988 0.0148623
 1.0734e-16 1.89029e-05 0.000110913 0.000527168 0.00202952 0.00632876 0.0159861 0.0327111 0.0542278 0.0728433 0.0793121 0.0700643 0.0503845 0.0298712 0.0153741 0.0082801 0.00662668 0.00807276 0.0111781 0.0152702 0.0199774 0.0249494 0.0297877 0.0340853 0.0374994 0.0398137 0.0409652 0.0410271 0.0401617 0.0385599 0.0363943 0.0337974 0.0308657 0.027679 0.0243222 0.0208968
 1.05887e-16 2.70374e-05 0.000158679 0.00075427 0.00290395 0.00905567 0.0228739 0.0468034 0.077583 0.104195 0.113395 0.100045 0.0716647 0.0419246 0.0205377 0.00937992 0.00552839 0.00553771 0.00730272 0.00989984 0.0129389 0.01616 0.0193032 0.0221109 0.0243704 0.0259516 0.0268228 0.0270366 0.0266967 0.0259175 0.0247929 0.0233845 0.0217276 0.0198484 0.0177824 0.0155851
 1.04025e-16 2.71796e-05 0.000159507 0.000758193 0.00291903 0.00910269 0.0229928 0.0470471 0.0779888 0.104746 0.114009 0.100623 0.0721564 0.0423684 0.0210442 0.0100939 0.00660057 0.0071091 0.00948806 0.012761 0.016452 0.0201877 0.0235844 0.0262782 0.0279951 0.0286101 0.0281684 0.0268594 0.0249563 0.0227431 0.0204528 0.0182352 0.0161567 0.0142228 0.0124098 0.010693
 1.0235e-16 3.14205e-05 0.00018441 0.000876597 0.00337494 0.0105244 0.0265839 0.0543943 0.0901652 0.121091 0.131776 0.116248 0.0832396 0.048631 0.0236988 0.0106068 0.00593706 0.00566099 0.00730591 0.00977385 0.0125917 0.0154464 0.0180365 0.0200781 0.0213559 0.0217679 0.0213436 0.0202253 0.0186237 0.0167624 0.0148316 0.0129613 0.0112193 0.00962567 0.00817422 0.00685193
 1.01509e-16 3.25607e-05 0.000191104 0.000908418 0.00349745 0.0109065 0.0275489 0.0563689 0.0934382 0.125487 0.136558 0.120464 0.0862529 0.0503799 0.0245287 0.0109382 0.00606211 0.00571952 0.00734138 0.0097827 0.0125466 0.0153036 0.0177398 0.0195635 0.02056 0.0206382 0.0198485 0.0183622 0.0164231 0.0142863 0.0121671 0.0102105 0.00848768 0.00701066 0.00575647 0.00468959
 1.02003e-16 2.68306e-05 0.000157453 0.000748419 0.00288138 0.00898525 0.0226962 0.0464407 0.0769851 0.103403 0.112559 0.0993718 0.0713226 0.0420058 0.0210993 0.01051 0.00737843 0.00830548 0.0111815 0.0150122 0.0192693 0.0235011 0.0272335 0.0300182 0.0315231 0.0316062 0.0303438 0.0279994 0.0249492 0.0215894 0.0182562 0.0151792 0.0124747 0.010167 0.00822471 0.00659457
 1.02726e-16 2.81239e-05 0.000165053 0.000784561 0.00302056 0.00941929 0.0237925 0.0486832 0.0807002 0.108385 0.117964 0.104099 0.0746179 0.0437507 0.0216144 0.010175 0.00640464 0.00672263 0.00892607 0.0120184 0.015533 0.0191183 0.0224142 0.0250731 0.0268241 0.0275276 0.0271986 0.0259872 0.0241286 0.0218799 0.0194663 0.0170513 0.0147325 0.0125564 0.0105413 0.00869571
 1.03075e-16 2.73041e-05 0.000160238 0.000761666 0.0029324 0.00914438 0.0230981 0.0472626 0.0783461 0.105226 0.114532 0.101086 0.0724913 0.0425708 0.0211558 0.0101664 0.0066739 0.00720895 0.00963151 0.0129607 0.0167169 0.020521 0.023981 0.0267218 0.0284572 0.0290498 0.0285348 0.0270959 0.025007 0.0225601 0.0200034 0.0175082 0.0151655 0.0130052 0.0110243 0.00921134
 1.02349e-16 3.17765e-05 0.000186501 0.000886542 0.00341323 0.0106438 0.0268855 0.0550113 0.0911876 0.122463 0.133266 0.117554 0.0841571 0.0491317 0.0238771 0.0105756 0.00576491 0.00536725 0.00688307 0.00920952 0.011883 0.014608 0.0171035 0.0191037 0.0204046 0.0209053 0.0206247 0.0196858 0.018275 0.0165921 0.0148085 0.0130436 0.0113629 0.00979117 0.00833139 0.00698148
 1.0217e-16 2.89441e-05 0.000169866 0.000807438 0.00310864 0.00969395 0.0244863 0.0501029 0.083054 0.111548 0.121409 0.107146 0.0768171 0.0450702 0.0223206 0.0105948 0.00677736 0.00717941 0.00952276 0.0127619 0.0163883 0.0200071 0.0232167 0.0256391 0.0269944 0.0271621 0.0262046 0.0243405 0.0218819 0.0191555 0.0164366 0.0139106 0.0116683 0.00972585 0.00805536 0.00661434
 1.0253e-16 2.82433e-05 0.000165753 0.000787886 0.00303336 0.0094592 0.0238933 0.0488896 0.0810426 0.108846 0.118468 0.104549 0.0749528 0.0439715 0.0217684 0.0103214 0.00659239 0.00698597 0.00928605 0.0124825 0.0160916 0.019741 0.0230493 0.0256517 0.0272696 0.0277687 0.0271827 0.0256909 0.0235622 0.0210856 0.0185099 0.0160104 0.0136842 0.0115672 0.0096599 0.00795075
 1.02264e-16 3.11565e-05 0.00018286 0.000869226 0.00334656 0.0104359 0.0263603 0.0539369 0.0894071 0.120074 0.13067 0.115274 0.0825475 0.0482371 0.0235266 0.0105637 0.00596153 0.00572747 0.00741104 0.00992341 0.0127935 0.015707 0.0183592 0.0204621 0.0217954 0.0222523 0.021858 0.0207511 0.0191404 0.0172491 0.0152683 0.0133315 0.0115112 0.00983375 0.00829949 0.00690162
 1.0201e-16 3.04334e-05 0.000178612 0.000849025 0.00326877 0.0101933 0.0257476 0.0526834 0.0873304 0.117288 0.127646 0.112626 0.0806927 0.0472373 0.0231953 0.0106787 0.00639264 0.00644505 0.00843936 0.0112933 0.0145104 0.0177324 0.0206042 0.0227921 0.0240476 0.0242612 0.0234829 0.0218997 0.0197805 0.0174085 0.0150229 0.0127863 0.0107802 0.0090223 0.00749304 0.00616051
 1.03991e-16 1.70426e-05 9.99765e-05 0.000475139 0.00182914 0.00570384 0.0144078 0.0294831 0.0488819 0.0656787 0.071555 0.0633153 0.0457568 0.0275796 0.0150233 0.00941402 0.00905373 0.011873 0.0165541 0.0223848 0.0288272 0.0352805 0.0410639 0.0455191 0.0481489 0.0487259 0.047334 0.0443258 0.0402174 0.0355571 0.0308129 0.0263089 0.0222164 0.0185852 0.015394 0.0125964
 1.06079e-16 2.32888e-05 0.000136669 0.00064963 0.00250105 0.00779924 0.0197003 0.0403101 0.066821 0.0897464 0.097682 0.0862105 0.0618174 0.0362912 0.0180184 0.00864194 0.00567583 0.00618341 0.00837519 0.0114648 0.0151042 0.0190333 0.0229692 0.0266139 0.0297005 0.0320356 0.0335212 0.0341488 0.0339745 0.0330863 0.0315786 0.0295423 0.027068 0.0242554 0.0212214 0.0180984
 1.05783e-16 2.48781e-05 0.000145997 0.000693966 0.00267174 0.00833153 0.0210449 0.0430615 0.0713825 0.0958747 0.104357 0.0921129 0.0660742 0.038838 0.0193682 0.00942266 0.00634363 0.00698209 0.00940035 0.0127157 0.0164997 0.0204115 0.0240944 0.0272024 0.0294649 0.0307405 0.0310377 0.0304912 0.0293094 0.02771 0.0258694 0.0238981 0.0218461 0.0197257 0.0175413 0.0153113
pSPR Fmed_Fpbrs
0.4456   0.338158 0.338158
Fs Fmed_Fpbrs
0.64   1.005 1.005
SSBpbr Bo_Bmed_Bpbrs
2.35975e+06  933517  679981 679981
Ro
58897.5
SPR SPRFo_SPRFmed_SPRFpbrs
1.21648e+06 542065 411364
log_Ro
10.8036
likeval ReclasPelacesDesembMPH_pf_preclas_ppelaces_ptallas_desvR_qrecl_qpela
 67.6847 27.2133 0.0174968 0.00053752 336.514 218.891 54.9709 0 17.0189 7.57434e-05 0 0 0 0 0
q_reclas_q_pelaces
0.291341 1
M
0.7
N
 51170.5 15075.5 5661.93 672.602 0.386813
 65932.5 23395.8 4783.2 1796.43 213.528
 39729.9 30578.9 8020.97 1639.86 689.09
 65028.5 17860.5 8852.17 2321.96 674.198
 111908 31683.3 7999.38 3964.71 1341.92
 81997.1 55368.8 15423.9 3894.22 2583.35
 129712 39295.7 22671.9 6315.63 2652.37
 124640 63004.9 17309 9986.51 3950.23
 151265 59278.6 24755.5 6800.93 5475.93
 144507 71612.3 22719.3 9487.86 4705.27
 67836.1 69097.5 28969.3 9190.63 5741.55
 39591.9 31143.3 22417.4 9398.58 4844.48
 43482.6 18275.4 10405.7 7490.19 4758.93
 23517.8 19219.8 4826.92 2748.36 3235.24
 18585.9 9531.22 3171.06 796.39 987.231
 22864.1 7635.93 1693.37 563.391 316.889
 18276.9 10541.7 2535.29 562.236 292.272
 21859 8604.57 3919.82 942.722 317.74
 24049.3 10466.4 3506.62 1597.44 513.676
 43815.6 11585.8 4409.17 1477.23 889.35
 53690.4 21080.1 4845.66 1844.1 989.805
 67425.6 26275.4 9671.07 2223.07 1300.13
 115702 32838.8 11744.2 4322.63 1574.75
 166633 56129.8 14367.5 5138.25 2580.19
 69264.2 80989.6 24809 6350.35 3411.5
 91888.6 33790.2 36526.1 11188.8 4402.56
 100547 44800.6 15190 16419.8 7008.91
pred_Ctot
 2931.62 4016.29 1508.41 179.189 0.103052
 3143.68 5321.22 1087.9 408.586 48.5654
 2721.98 9458.19 2480.92 507.215 213.138
 882.769 1267.33 628.125 164.76 47.8392
 294.423 448.82 113.318 56.1634 19.0094
 2064.87 7063.51 1967.66 496.793 329.563
 2042.28 3215.03 1854.93 516.721 217.007
 3797.61 9587.91 2634.03 1519.72 601.135
 5088.08 9874.64 4123.77 1132.9 912.182
 3864.19 9660.52 3064.84 1279.91 634.742
 3699.72 17652.2 7400.75 2347.91 1466.78
 2014.77 7495.75 5395.56 2262.11 1166
 3459.87 6377.53 3631.25 2613.83 1660.71
 3146.51 9814.05 2464.73 1403.37 1651.99
 2333.13 4662.51 1551.23 389.581 482.937
 1181.45 1862.3 412.992 137.404 77.2851
 684.915 1936.39 465.705 103.277 53.6871
 563.797 1122.46 511.335 122.977 41.4488
 517.614 1152.49 386.127 175.901 56.5628
 983.808 1327.56 505.229 169.27 101.907
 560.228 1159.53 266.541 101.437 54.4453
 933.301 1899.7 699.215 160.728 93.9991
 1923.27 2829.85 1012.04 372.497 135.702
 2549.24 4467.58 1143.56 408.972 205.367
 877.601 5376.92 1647.08 421.601 226.49
 1203.12 2315.57 2503.05 766.743 301.698
 1854.69 4263.11 1445.44 1562.47 666.948
F
 0.0826042 0.447961 0.447961 0.447961 0.447961
 0.06832 0.370498 0.370498 0.370498 0.370498
 0.0995115 0.539649 0.539649 0.539649 0.539649
 0.0190355 0.103229 0.103229 0.103229 0.103229
 0.00366424 0.0198711 0.0198711 0.0198711 0.0198711
 0.0355692 0.192891 0.192891 0.192891 0.192891
 0.0221076 0.119889 0.119889 0.119889 0.119889
 0.0431802 0.234166 0.234166 0.234166 0.234166
 0.047766 0.259034 0.259034 0.259034 0.259034
 0.0378074 0.205029 0.205029 0.205029 0.205029
 0.0784954 0.425679 0.425679 0.425679 0.425679
 0.0730679 0.396246 0.396246 0.396246 0.396246
 0.116421 0.63135 0.63135 0.63135 0.63135
 0.203186 1.10187 1.10187 1.10187 1.10187
 0.189536 1.02785 1.02785 1.02785 1.02785
 0.0742315 0.402556 0.402556 0.402556 0.402556
 0.0533457 0.289293 0.289293 0.289293 0.289293
 0.036445 0.197641 0.197641 0.197641 0.197641
 0.0303308 0.164483 0.164483 0.164483 0.164483
 0.0316603 0.171693 0.171693 0.171693 0.171693
 0.0146029 0.0791915 0.0791915 0.0791915 0.0791915
 0.0194129 0.105276 0.105276 0.105276 0.105276
 0.0233531 0.126643 0.126643 0.126643 0.126643
 0.0214751 0.116459 0.116459 0.116459 0.116459
 0.0177568 0.0962948 0.0962948 0.0962948 0.0962948
 0.0183543 0.0995352 0.0995352 0.0995352 0.0995352
 0.0259444 0.140696 0.140696 0.140696 0.140696
Np
 48396.4 19967.4 8843.48 3513.2 1407.7
YTP_r0W_actual
 101381 466717 230040 317563 150427
YTP_p0W_proyectada
 48797.9 506833 292698 126738 217620
 48797.9 208014 133927 67945.8 30212.4
CTP_r0_actual
 12363.5 21607.3 7326.1 7919.27 3380.38
CTP_p0_proyectada
 5950.96 23464.5 9321.6 3160.56 4890.34
 5950.96 9630.26 4265.2 1694.41 678.93
Wmedp
 8.2 21.6 31.4 40.1 44.5
nmprior
 10.8 10.6 4.6 0
nm_flota  nm_reclas  nm_pelaces    nm_pelaL
inf 12.9418 19.6208 64.5364
cv_recla  cv_pelaces  cv_mph
0.712485 0.571454 0.608854
 ------------------------------------------------
Talla a la edad & desviaci?n 
 7.2 14.2025 17.0495 18.207 18.6776
 1.08 2.13037 2.55742 2.73105 2.80164
