    unsorted:	 1.134912643e-05 0.001899953236 0.008678967966 4.023486320 10.58932007 26.25549019 39.61344980 67.79254739 85.88929401 151.5911800 147.3849108 197.2475209 261.5343195 404.0849510 384.6511307 483.9798479 579.1962969 635.8005800 692.9772714 763.0576614 793.6828478 815.8183824 948.3605773 1039.639400 1149.012521 1277.642763 1344.529525 1489.575321 1566.324064 1646.796470 1873.565962 2009.322465 2594.677698 2703.828801 2945.384434 3307.972749 3644.896275 4102.186746 4214.957494 4313.636740 4376.161020 4783.291973 452452.3847 459717.1376 424713.4445 406601.9043 377682.7685 371776.8435 342261.0524 534451.4028 545783.1279 181944.0160 271506.4330 603606.4828 667145.2665 743477.7821 762296.3924 882532.6200 1024813.655 1144754.539 1244313.559 1429114.529 1561264.081 1807657.994 1985397.778 2229559.699 2398901.314 2599600.315 2676047.057 34728646.34
      sorted:	 1.134912643e-05 0.001899953236 0.008678967966 4.023486320 10.58932007 26.25549019 39.61344980 67.79254739 85.88929401 147.3849108 151.5911800 197.2475209 261.5343195 384.6511307 404.0849510 483.9798479 579.1962969 635.8005800 692.9772714 763.0576614 793.6828478 815.8183824 948.3605773 1039.639400 1149.012521 1277.642763 1344.529525 1489.575321 1566.324064 1646.796470 1873.565962 2009.322465 2594.677698 2703.828801 2945.384434 3307.972749 3644.896275 4102.186746 4214.957494 4313.636740 4376.161020 4783.291973 181944.0160 271506.4330 342261.0524 371776.8435 377682.7685 406601.9043 424713.4445 452452.3847 459717.1376 534451.4028 545783.1279 603606.4828 667145.2665 743477.7821 762296.3924 882532.6200 1024813.655 1144754.539 1244313.559 1429114.529 1561264.081 1807657.994 1985397.778 2229559.699 2398901.314 2599600.315 2676047.057 34728646.34
