years
 1997 1998 1999 2000 2001 2002 2003 2004 2005 2006 2007 2008 2009 2010 2011 2012 2013 2014 2015 2016 2017 2018 2019 2020 2021 2022 2023
reclasobs
 0 0 0 370054 412103 1.49427e+06 250295 1.28982e+06 931140 785840 897777 1.04006e+06 184774 17550 25797 100020 73551 82996 120727 218422 84188 347160 605670 569463 516374 1.08416e+06 1.01767e+06
reclaspred
 474447 122779 327140 226177 352645 428121 926869 633777 721662 715708 586081 396599 250153 105508 63641.3 62942.2 76881.4 104106 112698 159622 231821 213492 374621 523343 649416 619646 562360
pelacesobs
 0 0 0 0 0 0 0 0 0 2.06254e+06 1.5e+06 0 1.87456e+06 323000 250000 174000 83755 137374 0 501740 490994 745055 786931 1.00524e+06 1.33801e+06 1.41789e+06 0
pelacespred
 2.00112e+06 424072 710634 755692 1.03643e+06 972484 2.58948e+06 2.08083e+06 2.17612e+06 2.14386e+06 1.51724e+06 1.06695e+06 677312 222797 140637 148193 189507 267180 286267 407908 673793 582952 846659 1.33824e+06 1.61606e+06 1.70247e+06 1.46853e+06
mphobs
 0 0 0 0 0 112323 112323 0 153150 637223 0 255016 313432 73983 77613 109348 50772 17779 17303 59886 28197 0 207744 136588 643089 65757 70829
mphpred
 240799 135937 152819 158079 176903 291227 434850 509603 447811 471835 468374 323909 193957 101643 40047.8 32268.3 37725.6 52558.5 70381.9 77803.9 124717 151441 185251 284246 397015 401963 367283
desembarqueobs
 350755 77701 442110 56441 14545 235359 269955 359681 431902 328805 639364 411747 362871 311530 167758 66681 60226 58785 57116 73181 50977 67692 138656 160484 209506 203330 245020
desembarquepred
 350793 77698.7 442092 56443.2 14544.7 235411 269999 359662 431904 328798 639353 411820 362989 311675 167626 66672.9 60247.8 58777.6 57096.7 73176.5 50974.9 67683.4 138655 160483 209494 203311 245005
Reclutas
 40198.3 49301.7 25531 40758.5 71089 52417 83805.6 86545.4 109825 122977 65274.5 44307.8 47660.4 23811 15065 15432.1 11026.5 13196.5 14711.5 24386.7 29286.3 39130.2 65788.8 93485.4 39494.5 56973.5 67703.9
log_desv_Rt
 -0.0165643 0.187571 -0.470494 -0.00272323 0.553545 0.248844 0.718112 0.750281 0.988501 1.10161 0.468213 0.0807729 0.153713 -0.540241 -0.998017 -0.973939 -1.31008 -1.13044 -1.02176 -0.516351 -0.333267 -0.0434926 0.476061 0.827417 -0.0342263 0.332199 0.504756
SSB
 530612 299544 336744 348335 389815 641732 932890 1.11061e+06 964633 1.0185e+06 1.03208e+06 713748 441959 235407 97910.7 78923.4 95443.4 126467 159976 186214 281926 333707 419922 614928 939265 977860 841510
BT
 1.73793e+06 441596 757066 610329 766047 893532 2.06776e+06 1.92011e+06 1.97855e+06 1.8752e+06 1.67519e+06 1.1521e+06 843666 452678 239541 162024 185807 241534 256602 355500 531987 488164 711555 1.10289e+06 1.33698e+06 1.41673e+06 1.27812e+06
Ftot
 0.603732 0.539666 0.894613 0.194702 0.0354062 0.338028 0.218636 0.429383 0.47973 0.356716 0.689499 0.650888 1.04478 1.87687 2.11233 0.866644 0.605445 0.435034 0.350547 0.362771 0.164697 0.217735 0.258401 0.236963 0.1941 0.206288 0.28614
BD_Bspro_t
 0.927635 0.683163 0.612921 0.441082 0.596133 0.75846 0.712098 0.721228 0.659874 0.628134 0.602982 0.439513 0.330716 0.23187 0.123928 0.123483 0.194552 0.312854 0.422926 0.520452 0.64613 0.738967 0.750179 0.763212 0.785102 0.740029 0.708773
BD_Bspro
 0.628589 0.354855 0.398924 0.412655 0.461794 0.760228 1.10515 1.31568 1.14275 1.20657 1.22266 0.845541 0.523567 0.278875 0.11599 0.0934966 0.113067 0.14982 0.189515 0.220599 0.333984 0.395326 0.497461 0.728474 1.1127 1.15842 0.996895
BD_Bo
 0.407407 0.229992 0.258555 0.267454 0.299302 0.492726 0.716279 0.852731 0.740652 0.782012 0.792441 0.54802 0.339339 0.180747 0.0751765 0.0605979 0.0732821 0.0971026 0.12283 0.142977 0.216465 0.256223 0.322419 0.472146 0.721174 0.750807 0.646117
BD_Brms
 1.37592 0.77674 0.873203 0.903259 1.01082 1.66406 2.41905 2.87988 2.50137 2.64105 2.67627 1.8508 1.14603 0.610428 0.25389 0.204654 0.247492 0.327939 0.414829 0.482868 0.731056 0.865328 1.08889 1.59455 2.43558 2.53566 2.1821
S_f
 0.158757 0.999979 1 1 1
 0.158757 0.999979 1 1 1
 0.158757 0.999979 1 1 1
 0.158757 0.999979 1 1 1
 0.158757 0.999979 1 1 1
 0.158757 0.999979 1 1 1
 0.158757 0.999979 1 1 1
 0.158757 0.999979 1 1 1
 0.158757 0.999979 1 1 1
 0.158757 0.999979 1 1 1
 0.158757 0.999979 1 1 1
 0.158757 0.999979 1 1 1
 0.158757 0.999979 1 1 1
 0.158757 0.999979 1 1 1
 0.158757 0.999979 1 1 1
 0.158757 0.999979 1 1 1
 0.158757 0.999979 1 1 1
 0.158757 0.999979 1 1 1
 0.158757 0.999979 1 1 1
 0.158757 0.999979 1 1 1
 0.158757 0.999979 1 1 1
 0.158757 0.999979 1 1 1
 0.158757 0.999979 1 1 1
 0.158757 0.999979 1 1 1
 0.158757 0.999979 1 1 1
 0.158757 0.999979 1 1 1
 0.158757 0.999979 1 1 1
Scru_reclas
 0.854277 1 1 1 1
 0.854277 1 1 1 1
 0.854277 1 1 1 1
 0.854277 1 1 1 1
 0.854277 1 1 1 1
 0.854277 1 1 1 1
 0.854277 1 1 1 1
 0.854277 1 1 1 1
 0.854277 1 1 1 1
 0.854277 1 1 1 1
 0.854277 1 1 1 1
 0.854277 1 1 1 1
 0.854277 1 1 1 1
 0.854277 1 1 1 1
 0.854277 1 1 1 1
 0.854277 1 1 1 1
 0.854277 1 1 1 1
 0.854277 1 1 1 1
 0.854277 1 1 1 1
 0.854277 1 1 1 1
 0.854277 1 1 1 1
 0.854277 1 1 1 1
 0.854277 1 1 1 1
 0.854277 1 1 1 1
 0.854277 1 1 1 1
 0.854277 1 1 1 1
 0.854277 1 1 1 1
Scru_pelaces
 1 1 1 1 1
 1 1 1 1 1
 1 1 1 1 1
 1 1 1 1 1
 1 1 1 1 1
 1 1 1 1 1
 1 1 1 1 1
 1 1 1 1 1
 1 1 1 1 1
 1 1 1 1 1
 1 1 1 1 1
 1 1 1 1 1
 1 1 1 1 1
 1 1 1 1 1
 1 1 1 1 1
 1 1 1 1 1
 1 1 1 1 1
 1 1 1 1 1
 1 1 1 1 1
 1 1 1 1 1
 1 1 1 1 1
 1 1 1 1 1
 1 1 1 1 1
 1 1 1 1 1
 1 1 1 1 1
 1 1 1 1 1
 1 1 1 1 1
pf_obs 
 0.256992 0.487395 0.22802 0.0275931 0
 0.321318 0.546541 0.124235 0.00734118 0.000564706
 0.182869 0.594174 0.210203 0.0122559 0.00049798
 0.330522 0.361315 0.267642 0.0388342 0.00168674
 0.649043 0.306663 0.0425973 0.00169635 0
 0.582887 0.30429 0.105238 0.00758474 0
 0.465427 0.430635 0.0974691 0.00646863 0
 0.296916 0.608066 0.0921331 0.00288517 0
 0.311714 0.524322 0.152257 0.0117073 0
 0.15457 0.633149 0.183074 0.0267441 0.00246327
 0.131901 0.49318 0.331252 0.0422183 0.00144891
 0.196976 0.569456 0.194076 0.0375587 0.00193317
 0.518974 0.381816 0.0799577 0.0180837 0.00116848
 0.0928022 0.601141 0.25162 0.0475244 0.00691264
 0.122501 0.610282 0.24278 0.0234846 0.000952079
 0.383417 0.481906 0.127806 0.00687128 0
 0.0376549 0.599619 0.316969 0.0457579 0
 0.0361596 0.667082 0.258105 0.0386534 0
 0.158088 0.579412 0.248529 0.0139706 0
 0.0477256 0.309471 0.559284 0.082774 0.000745712
 0.0406174 0.521527 0.379366 0.0568643 0.0016247
 0.151134 0.462217 0.34131 0.0453401 0
 0.294876 0.26143 0.354403 0.0886775 0.000613685
 0.281977 0.475581 0.204845 0.0348837 0.00271318
 0.0841818 0.532909 0.334909 0.0458182 0.00218182
 0.115287 0.27431 0.454777 0.147771 0.00785563
 0 0 0 0 0
pf_pred 
 0.313639 0.484305 0.180398 0.0216469 1.06896e-05
 0.29306 0.561947 0.10231 0.0381083 0.00457505
 0.158615 0.650256 0.15193 0.0276601 0.0115397
 0.29127 0.461229 0.19128 0.0446903 0.0115307
 0.30118 0.516861 0.118417 0.0491083 0.0144339
 0.164191 0.613536 0.164399 0.0376642 0.0202105
 0.257181 0.440441 0.221965 0.0594747 0.0209374
 0.219813 0.552128 0.135225 0.0681467 0.0246877
 0.260925 0.507138 0.164139 0.0401994 0.0275975
 0.244563 0.557179 0.136041 0.0440296 0.0181862
 0.138873 0.609543 0.18556 0.0453052 0.0207195
 0.151493 0.499335 0.247161 0.0752395 0.0267712
 0.246982 0.457915 0.173666 0.0859586 0.0354777
 0.20573 0.618452 0.106918 0.0405476 0.028353
 0.293398 0.57776 0.100322 0.0173429 0.0111762
 0.354021 0.576492 0.0568175 0.00986526 0.00280444
 0.214205 0.661792 0.110664 0.0109064 0.00243202
 0.255521 0.519836 0.189195 0.0316361 0.00381311
 0.239568 0.5533 0.144632 0.0526377 0.00986266
 0.309166 0.484646 0.150026 0.0392156 0.0169463
 0.249726 0.578166 0.120741 0.0373753 0.0139914
 0.247743 0.522026 0.177419 0.0370503 0.0157623
 0.298692 0.488909 0.147394 0.0500931 0.0149113
 0.279543 0.541972 0.12443 0.0375116 0.0165435
 0.0992975 0.65971 0.181291 0.041621 0.0180811
 0.181456 0.353925 0.340307 0.0935155 0.0307962
 0.208826 0.479791 0.134639 0.129455 0.047289
pobs_RECLAS
 0 0 0 0 0
 0 0 0 0 0
 0 0 0 0 0
 0 0 0 0 0
 0.835266 0.146461 0.0176864 0.000547809 3.91292e-05
 0.385257 0.428462 0.181853 0.0044286 0
 0.867414 0.0963971 0.0333333 0.00285562 0
 0.441836 0.489002 0.0689373 0.000224442 0
 0.779404 0.147425 0.0564933 0.0165055 0.000172143
 0.814271 0.122319 0.05973 0.00367925 0
 0.40263 0.566651 0.0304383 0.000280538 0
 0.475488 0.404961 0.113038 0.00651328 0
 0.955842 0.0263864 0.0167828 0.000988607 0
 0.975058 0.0227948 0.00214734 0 0
 0.738997 0.206755 0.0527124 0.00153531 0
 0.850938 0.134255 0.0134407 0.00136685 0
 0.542534 0.407297 0.0501686 0 0
 0.764087 0.199537 0.0359546 0.000420521 0
 0.470689 0.182191 0.310203 0.0369168 0
 0.84361 0.089868 0.0606195 0.00523954 0.000663233
 0.607945 0.314616 0.071237 0.00620181 0
 0.523733 0.453247 0.0230204 0 0
 0.530135 0.295979 0.169645 0.0042399 0
 0.562478 0.366248 0.0663022 0.0049721 0
 0.250443 0.683176 0.0655157 0.000865301 0
 0.195077 0.31981 0.436473 0.0351445 0.0134964
 0.565238 0.351407 0.0832357 0.000118908 0
ppred_RECLAS
 0.719766 0.197738 0.0736537 0.00883806 4.36438e-06
 0.698452 0.239702 0.0436399 0.0162549 0.00195147
 0.522164 0.369292 0.0862817 0.0157083 0.00655344
 0.690962 0.201118 0.0834054 0.0194867 0.00502781
 0.699088 0.222562 0.0509895 0.0211457 0.00621516
 0.519101 0.353012 0.0945883 0.0216704 0.0116283
 0.653561 0.205417 0.10352 0.0277377 0.00976475
 0.609268 0.276518 0.0677223 0.0341286 0.0123639
 0.662412 0.231648 0.074973 0.0183617 0.0126056
 0.64047 0.265176 0.0647441 0.0209544 0.0086551
 0.477569 0.369801 0.112574 0.0274854 0.0125699
 0.502026 0.293054 0.145053 0.0441562 0.0157114
 0.659446 0.207095 0.0785397 0.0388744 0.0160447
 0.634981 0.28422 0.0491346 0.0186338 0.0130297
 0.74457 0.208856 0.0362647 0.00626912 0.00403998
 0.759993 0.21419 0.0211095 0.00366526 0.00104194
 0.605123 0.332564 0.05561 0.00548059 0.00122211
 0.655223 0.240744 0.0876169 0.0146508 0.00176587
 0.634068 0.266258 0.0695984 0.0253297 0.004746
 0.711293 0.20254 0.0626963 0.0163884 0.00708194
 0.643796 0.274495 0.0573228 0.0177442 0.00664253
 0.642136 0.24834 0.0844004 0.0176253 0.00749831
 0.699421 0.209547 0.0631718 0.0214694 0.00639085
 0.679153 0.241362 0.0554123 0.0167051 0.00736733
 0.3749 0.45785 0.125816 0.0288851 0.0125483
 0.546882 0.195924 0.188381 0.0517665 0.0170476
 0.590976 0.248046 0.0696051 0.0669252 0.0244473
pobs_PELACES
 0 0 0 0 0
 0 0 0 0 0
 0 0 0 0 0
 0 0 0 0 0
 0 0 0 0 0
 0 0 0 0 0
 0 0 0 0 0
 0 0 0 0 0
 0 0 0 0 0
 0 0 0 0 0
 0.450072 0.473896 0.0757376 0.000293798 0
 0 0 0 0 0
 0.463077 0.371075 0.160297 0.00555027 0
 0.529543 0.364841 0.0842815 0.0213345 0
 0.631943 0.363953 0.00410389 0 0
 0.735681 0.248677 0.0153453 0.000297389 0
 0.695825 0.281241 0.0229344 0 0
 0.275771 0.60734 0.115278 0.00161068 0
 0 0 0 0 0
 0.896147 0.0623911 0.0374545 0.00400742 0
 0.803859 0.145111 0.0509908 3.86294e-05 0
 0.739449 0.233085 0.0266225 0.000797448 4.60066e-05
 0.878498 0.100942 0.0204185 0.000141795 0
 0.694673 0.275183 0.0284847 0.00165964 0
 0.469039 0.446079 0.0841089 0.000773354 0
 0.822795 0.102175 0.0682046 0.00682512 0
 0 0 0 0 0
ppred_PELACES
 0.780468 0.154906 0.0576991 0.00692359 3.41898e-06
 0.759008 0.191565 0.0348761 0.0129906 0.00155957
 0.621181 0.292768 0.0684022 0.0124532 0.00519542
 0.734226 0.172963 0.071729 0.0167587 0.00432394
 0.733076 0.197423 0.0452302 0.0187573 0.00551315
 0.581219 0.307413 0.0823702 0.0188712 0.0101263
 0.70118 0.177182 0.0892907 0.0239251 0.00842255
 0.672812 0.231548 0.0567085 0.0285782 0.0103531
 0.724069 0.18934 0.0612798 0.0150081 0.0103033
 0.697186 0.223345 0.0545307 0.0176488 0.00728976
 0.564421 0.308324 0.0938587 0.022916 0.0104802
 0.585718 0.243802 0.120674 0.036735 0.0130708
 0.751824 0.15092 0.057235 0.0283293 0.0116924
 0.774199 0.175819 0.0303944 0.0115268 0.00806011
 0.859815 0.114625 0.0199026 0.00344058 0.0022172
 0.825018 0.156159 0.0153902 0.00267221 0.00075964
 0.679708 0.269749 0.0451061 0.00444539 0.000991274
 0.715112 0.198925 0.0723972 0.0121059 0.00145913
 0.69094 0.224877 0.0587813 0.0213929 0.00400837
 0.761311 0.167451 0.0518342 0.0135491 0.00585501
 0.688925 0.239718 0.0500602 0.0154961 0.00580095
 0.690529 0.214758 0.0729872 0.0152419 0.00648434
 0.745315 0.177552 0.0535265 0.0181914 0.00541507
 0.72575 0.206309 0.0473647 0.014279 0.00629737
 0.425589 0.420723 0.115614 0.0265427 0.0115308
 0.599371 0.173228 0.166559 0.0457698 0.0150728
 0.646785 0.214202 0.0601079 0.0577937 0.0211116
pobs_pel_tallas
 0 0 0 0 0 0 0 0 0 0 0 0 0 0 0 0 0 0 0 0 0 0 0 0 0 0 0 0 0 0 0 0 0 0 0 0
 0 0 0 0 0 0 0 0 0 0 0 0 0 0 0 0 0 0 0 0 0 0 0 0 0 0 0 0 0 0 0 0 0 0 0 0
 0 0 0 0 0 0 0 0 0 0 0 0 0 0 0 0 0 0 0 0 0 0 0 0 0 0 0 0 0 0 0 0 0 0 0 0
 0 0 0 0 0 0 0 0 0 0 0 0 0 0 0 0 0 0 0 0 0 0 0 0 0 0 0 0 0 0 0 0 0 0 0 0
 0 0 0 0 0 0 0 0 0 0 0 0 0 0 0 0 0 0 0 0 0 0 0 0 0 0 0 0 0 0 0 0 0 0 0 0
 0 0 0 0 0 0 0 0 0 0 0 0 0 0 0 0 0 0 0 0 0 0 0 0 0 0 0 0 0 0 0 0 0 0 0 0
 0 0 0 0 0 0 0 0 0 0 0 0 0 0 0 0 0 0 0 0 0 0 0 0 0 0 0 0 0 0 0 0 0 0 0 0
 0 0 0 0 0 0 0 0 0 0 0 0 0 0 0 0 0 0 0 0 0 0 0 0 0 0 0 0 0 0 0 0 0 0 0 0
 0 0 0 0 0 0 0 0 0 0 0 0 0 0 0 0 0 0 0 0 0 0 0 0 0 0 0 0 0 0 0 0 0 0 0 0
 0 0 0 0 0 0 0 0 0 0 0 0 0 0 0 0 0 0 0 0 0 0 0 0 0 0 0 0 0 0 0 0 0 0 0 0
 0 0 0 0 0 0 0 0 1.78061e-05 0.00172719 0.00360574 0.0105946 0.0120993 0.0124554 0.0147524 0.0171206 0.0266825 0.0428682 0.0675386 0.121331 0.153587 0.119568 0.100827 0.0573624 0.0630603 0.0341343 0.0324427 0.0444173 0.0211091 0.0280891 0.0125444 0.00206551 0 0 0 0
 0 0 0 0 0 0 0 0 0 0 0 0 0 0 0 0 0 0 0 0 0 0 0 0 0 0 0 0 0 0 0 0 0 0 0 0
 0 0 0 0 0 0 0.0133647 0.0140871 0.0187388 0.0205184 0.03894 0.0496705 0.03968 0.0493445 0.0407372 0.0367815 0.0215668 0.0243155 0.0234873 0.0199281 0.019796 0.0243948 0.0301388 0.0376714 0.0412746 0.0863199 0.0771752 0.113111 0.0741005 0.0525337 0.0229764 0.00759418 0.00175318 0 0 0
 0 0 0 0 0 0 0 0 0 0 0.00219441 0.00772107 0.0458388 0.0604681 0.0671733 0.0775358 0.0609151 0.0617685 0.073594 0.0568108 0.0755445 0.0548602 0.0670107 0.0636378 0.0643287 0.046367 0.0373049 0.0286899 0.0247887 0.0153202 0.00654259 0.00121912 0.000365735 0 0 0
 0 0 0 0 0 0 0 0 0 0 0 0 0.000112435 0.00938835 0.0111873 0.0202946 0.0414886 0.0713402 0.111592 0.104902 0.108894 0.110636 0.117776 0.105296 0.107544 0.0401394 0.0192827 0.0124803 0.00416011 0.0028671 0.000618394 0 0 0 0 0
 0 0 0 0 0 0 0 0 0 0 0.00291406 0.0102884 0.027416 0.0768956 0.0749926 0.110853 0.0956884 0.0897413 0.0766577 0.0534642 0.0500743 0.0551293 0.0594112 0.0620874 0.0668451 0.0424026 0.0208742 0.0120726 0.0048766 0.00582813 0.00118941 0.000297354 0 0 0 0
 0 0.00264628 0.0354308 0.0461629 0.0458689 0.0383711 0.0214643 0.0164657 0.0346957 0.0420465 0.0363128 0.0245516 0.0311673 0.0291091 0.0169068 0.0133784 0.00837989 0.0085269 0.0148486 0.0160247 0.0276389 0.0546898 0.0760071 0.122758 0.109233 0.0665981 0.0333725 0.0166128 0.00676272 0.00308733 0.000882094 0 0 0 0 0
 0 0 0 0 0 0 0 0.000805153 0.000690131 0.00759144 0.0133425 0.0154129 0.00931677 0.000345066 0.00356568 0.00563607 0.00851162 0.0253048 0.0502646 0.0516448 0.0657925 0.0565908 0.0611916 0.0827007 0.0866115 0.110766 0.145733 0.0935128 0.0569358 0.0249597 0.0138026 0.00621118 0.00161031 0.00115022 0 0
 0 0 0 0 0 0 0 0 0 0 0 0 0 0 0 0 0 0 0 0 0 0 0 0 0 0 0 0 0 0 0 0 0 0 0 0
 0.00147267 0.00158595 0.00478618 0.00569244 0.00954404 0.0108468 0.00647125 0.017049 0.0510054 0.094081 0.124002 0.0959785 0.0687766 0.0820023 0.061753 0.0591476 0.0492212 0.0479892 0.0443925 0.0268479 0.0217502 0.0140895 0.0121071 0.0120363 0.00920419 0.00665534 0.0049561 0.00860946 0.00930331 0.0156896 0.0114698 0.00855282 0.00243557 0.00046729 0 2.83206e-05
 0 0 0 0 0.000772559 0.00158375 0.000888443 0.00281984 0.00712685 0.0440552 0.0773331 0.111326 0.0921469 0.0852325 0.0710754 0.0886704 0.0786465 0.0553345 0.0373146 0.0185414 0.00753245 0.00457741 0.012979 0.0271748 0.0457355 0.0583668 0.034881 0.0177882 0.00938659 0.00492506 0.0015258 0.00185414 0.000309023 5.79419e-05 3.86279e-05 0
 0 0.00173294 0.00326652 0 0.00397197 0.00683976 0.00946217 0.0152591 0.00757587 0.0136028 0.0228656 0.0392903 0.0559909 0.0764795 0.0681675 0.0726916 0.0566044 0.0477403 0.0527397 0.0444891 0.0609904 0.0582453 0.0661739 0.0445044 0.0529084 0.0360697 0.0280645 0.0235558 0.0158879 0.00826598 0.00280645 0.00217768 0.000904811 0.00058276 9.20147e-05 0
 0 0 0 0 0 0 0 0 0 0 0 0 0 0 0 0 0 0 0 0 0 0 0 0 0 0 0 0 0 0 0 0 0 0 0 0
 0 0 0 0 0 0 0 0 0 0 0 0 0 0 0 0 0 0 0 0 0 0 0 0 0 0 0 0 0 0 0 0 0 0 0 0
 0 0 0 0 0 0 0 0 0 0 0 0 0 0 0 0 0 0 0 0 0 0 0 0 0 0 0 0 0 0 0 0 0 0 0 0
 0 0 0 0 0 0 0 0 0 0 0 0 0 0 0 0 0 0 0 0 0 0 0 0 0 0 0 0 0 0 0 0 0 0 0 0
 0 0 0 0 0 0 0 0 0 0 0 0 0 0 0 0 0 0 0 0 0 0 0 0 0 0 0 0 0 0 0 0 0 0 0 0
ppred_pel_tallas
 1.01108e-16 3.40511e-05 0.000199857 0.000950038 0.00365771 0.0114062 0.0288112 0.0589514 0.0977178 0.13123 0.142799 0.125945 0.0901246 0.0525355 0.0253811 0.0109845 0.00561925 0.00490161 0.00614617 0.00817544 0.0105108 0.0128669 0.0149824 0.0166139 0.0175767 0.0177832 0.0172595 0.0161297 0.0145799 0.0128107 0.0109969 0.00926413 0.00768416 0.00628494 0.00506711 0.00401917
 1.01077e-16 3.31168e-05 0.000194368 0.000923937 0.00355721 0.0110928 0.0280196 0.0573319 0.0950345 0.12763 0.13889 0.122519 0.0877211 0.0512301 0.0249287 0.0110922 0.00611112 0.00573066 0.00733498 0.0097569 0.0124891 0.0151955 0.0175574 0.0192804 0.0201501 0.0200799 0.0191284 0.0174788 0.0153882 0.0131253 0.0109162 0.00891335 0.00719052 0.00575772 0.00458586 0.00363046
 1.01738e-16 2.71111e-05 0.0001591 0.000756246 0.00291152 0.00907923 0.0229336 0.0469264 0.0777902 0.104484 0.113735 0.100409 0.072064 0.0424363 0.021304 0.0105925 0.00741089 0.00832289 0.0111953 0.0150225 0.0192706 0.0234837 0.0271846 0.0299224 0.0313642 0.0313693 0.0300179 0.0275793 0.0244372 0.0209955 0.0175976 0.0144784 0.0117573 0.00945901 0.00755002 0.00597295
 1.01853e-16 3.20355e-05 0.000188021 0.000893767 0.00344105 0.0107306 0.0271046 0.0554597 0.0919309 0.123461 0.134352 0.118512 0.0848432 0.0495323 0.0240719 0.010662 0.00581181 0.00541001 0.00693594 0.00927661 0.011963 0.0146947 0.0171856 0.0191648 0.0204233 0.0208575 0.0204857 0.0194335 0.017893 0.0160727 0.0141545 0.0122689 0.010492 0.00885665 0.00737096 0.00603377
 1.01609e-16 3.19863e-05 0.000187731 0.00089238 0.0034357 0.0107139 0.0270625 0.0553737 0.0917889 0.123273 0.134152 0.118347 0.0847519 0.0495321 0.0241702 0.0108708 0.00615562 0.00592181 0.00764689 0.0102027 0.0130921 0.0159777 0.0185337 0.0204568 0.0215229 0.0216355 0.0208451 0.0193273 0.017333 0.0151254 0.0129264 0.0108862 0.00907934 0.00751965 0.00618554 0.00504282
 1.02392e-16 2.53691e-05 0.000148872 0.000707618 0.00272428 0.00849534 0.0214588 0.0439089 0.0727892 0.09777 0.106436 0.0939851 0.0674983 0.0398381 0.0201676 0.0103054 0.00756433 0.00874321 0.0118516 0.0159403 0.0204846 0.0250175 0.0290415 0.0320831 0.0337889 0.0340037 0.0327998 0.0304455 0.0273276 0.0238549 0.0203751 0.0171275 0.0142353 0.0117285 0.0095815 0.00774705
 1.02541e-16 3.05947e-05 0.000179563 0.000853551 0.00328621 0.0102477 0.0258849 0.0529642 0.0877947 0.117908 0.128312 0.113193 0.0810542 0.0473587 0.023088 0.0103512 0.0058238 0.00558792 0.00724276 0.00972733 0.0125896 0.015532 0.0182651 0.0205102 0.0220478 0.0227603 0.0226507 0.0218279 0.0204679 0.0187649 0.0168905 0.0149702 0.0130817 0.0112665 0.00954678 0.0079396
 1.02347e-16 2.93599e-05 0.000172308 0.000819053 0.00315336 0.00983343 0.0248385 0.0508236 0.0842481 0.11315 0.123148 0.10867 0.0778874 0.0456524 0.022524 0.01055 0.00656252 0.00681491 0.00899711 0.0120579 0.0155002 0.0189505 0.0220327 0.0243924 0.0257653 0.0260349 0.0252541 0.0236201 0.021417 0.0189428 0.0164479 0.0141012 0.0119858 0.010118 0.00847641 0.00702798
 1.01929e-16 3.15932e-05 0.000185424 0.000881414 0.00339348 0.0105822 0.0267299 0.0546932 0.0906608 0.121757 0.132502 0.11689 0.0837037 0.048911 0.0238517 0.0107027 0.00602851 0.00577831 0.00746456 0.00997965 0.012842 0.0157289 0.0183287 0.0203482 0.0215658 0.0218786 0.0213207 0.0200441 0.0182733 0.0162469 0.0141691 0.0121814 0.0103591 0.00872552 0.00727382 0.0059868
 1.01794e-16 3.04224e-05 0.000178547 0.000848712 0.00326756 0.0101896 0.0257381 0.0526641 0.0872984 0.117245 0.127601 0.11259 0.080674 0.0472409 0.0232239 0.0107367 0.00648785 0.00658764 0.00863935 0.0115572 0.0148376 0.0181126 0.0210158 0.023204 0.0244221 0.0245599 0.0236726 0.0219578 0.0196982 0.0171913 0.0146889 0.0123624 0.0102979 0.00851345 0.00698653 0.00568003
 1.0271e-16 2.46367e-05 0.000144572 0.000687175 0.00264557 0.00824988 0.0208388 0.0426403 0.0706866 0.0949469 0.103365 0.0912804 0.0655704 0.0387297 0.0196613 0.0101374 0.00755488 0.00881105 0.0119768 0.0161303 0.020757 0.0253931 0.0295412 0.0327251 0.0345863 0.0349612 0.0339121 0.0316956 0.0286868 0.0252846 0.0218298 0.018559 0.0155976 0.0129825 0.0106978 0.00870841
 1.03666e-16 2.55628e-05 0.000150015 0.000713063 0.00274527 0.0085608 0.021624 0.0442466 0.0733472 0.0985141 0.107232 0.0946542 0.0679056 0.0399317 0.0199454 0.00975609 0.00663514 0.00734787 0.00990108 0.0133809 0.0173342 0.0213919 0.025164 0.0282692 0.0304063 0.0314141 0.0312967 0.0302032 0.0283739 0.0260735 0.0235345 0.0209263 0.0183524 0.0158674 0.0135006 0.0112756
 1.02382e-16 3.28019e-05 0.000192523 0.000915174 0.00352348 0.0109876 0.0277539 0.056788 0.0941318 0.126415 0.137559 0.121326 0.0868246 0.050622 0.024476 0.0106275 0.00549026 0.00484603 0.0061133 0.00816359 0.0105417 0.0129777 0.015224 0.0170473 0.0182679 0.0187954 0.0186434 0.0179148 0.0167673 0.0153696 0.0138654 0.0123537 0.0108881 0.00948901 0.00816066 0.00690532
 1.01262e-16 3.37785e-05 0.000198255 0.000942417 0.00362836 0.0113147 0.0285801 0.0584786 0.0969347 0.13018 0.141661 0.124952 0.0894382 0.0521835 0.0253002 0.0111004 0.00589395 0.00533477 0.00675444 0.00897074 0.0114845 0.0139803 0.0161653 0.0177706 0.0186003 0.0185755 0.0177501 0.0162911 0.0144321 0.0124163 0.0104468 0.00865885 0.00711557 0.00582252 0.00475084 0.00385939
 1.00542e-16 3.75093e-05 0.000220163 0.00104658 0.00402946 0.0125655 0.0317394 0.0649424 0.107647 0.144559 0.157287 0.138689 0.0991684 0.0576541 0.0275662 0.0114352 0.00512582 0.00378461 0.0044438 0.00582034 0.00742981 0.00902794 0.0104155 0.0114153 0.0118993 0.0118169 0.0112054 0.0101772 0.00888934 0.00750574 0.00616451 0.00495879 0.00393345 0.00309391 0.00242101 0.00188547
 1.00397e-16 3.59937e-05 0.000211261 0.00100426 0.00386647 0.0120572 0.0304556 0.0623159 0.103294 0.138718 0.150943 0.13312 0.0952428 0.0554847 0.0267404 0.0114574 0.00568639 0.00478226 0.00589551 0.00777302 0.00990494 0.0119919 0.0137681 0.014994 0.0155 0.0152245 0.0142292 0.0126795 0.0108023 0.00883234 0.00696584 0.00533322 0.00399398 0.00294917 0.00216275 0.00158292
 1.00928e-16 2.96621e-05 0.000174079 0.000827464 0.00318573 0.00993437 0.0250936 0.0513457 0.0851145 0.114316 0.124426 0.109816 0.0787475 0.0462355 0.0229576 0.0109949 0.00715762 0.00766432 0.0101729 0.013596 0.0173875 0.0211112 0.0243227 0.0266075 0.0276655 0.0273795 0.0258411 0.02332 0.0201926 0.0168518 0.0136296 0.010751 0.00832509 0.00636582 0.00482638 0.00363375
 1.01577e-16 3.12031e-05 0.000183132 0.000870518 0.00335153 0.0104514 0.0263995 0.0540171 0.0895405 0.120254 0.130869 0.115456 0.0826929 0.0483521 0.0236384 0.0107077 0.0061728 0.0060374 0.00784557 0.0104989 0.0135109 0.0165456 0.0192741 0.0213852 0.0226426 0.0229345 0.0222937 0.020879 0.0189275 0.0166943 0.014401 0.0122056 0.0101975 0.0084104 0.0068442 0.00548443
 1.01831e-16 3.01501e-05 0.000176948 0.000841113 0.0032383 0.0100983 0.0255076 0.0521925 0.0865168 0.116196 0.12646 0.111585 0.0799595 0.0468329 0.0230431 0.0106866 0.00650373 0.0066418 0.00872669 0.0116821 0.0150069 0.0183323 0.0212899 0.0235333 0.024804 0.024988 0.0241375 0.0224471 0.0201975 0.0176852 0.015162 0.0128004 0.0106889 0.00884908 0.00726257 0.00589649
 1.0153e-16 3.32162e-05 0.000194954 0.000926728 0.00356796 0.0111264 0.0281043 0.057505 0.0953208 0.128012 0.139301 0.122869 0.0879443 0.0513056 0.0248635 0.0108917 0.00576224 0.00520409 0.00659837 0.00879039 0.0112994 0.0138265 0.0160928 0.0178387 0.0188688 0.0190936 0.0185458 0.0173632 0.015748 0.0139152 0.0120486 0.0102758 0.00866453 0.00723517 0.00598008 0.00488144
 1.01593e-16 3.00628e-05 0.000176434 0.000838667 0.00322888 0.0100689 0.0254334 0.0520407 0.0862657 0.11586 0.126098 0.111273 0.0797534 0.046747 0.0230651 0.0108038 0.00671794 0.00696805 0.00918416 0.0122832 0.0157481 0.0191874 0.022208 0.0244419 0.0256187 0.0256258 0.0245313 0.0225573 0.0200184 0.0172439 0.0145119 0.0120104 0.00983179 0.00799128 0.00645724 0.00518019
 1.01933e-16 3.01318e-05 0.000176841 0.000840607 0.00323635 0.0100922 0.0254923 0.052161 0.0864645 0.116125 0.126381 0.11151 0.0798956 0.0467747 0.0229762 0.0105922 0.00636261 0.00643632 0.00844342 0.0113154 0.0145634 0.017834 0.020775 0.0230525 0.0244138 0.0247404 0.0240701 0.0225757 0.0205129 0.0181554 0.0157389 0.0134289 0.0113161 0.00943153 0.00777049 0.00631473
 1.01696e-16 3.25191e-05 0.000190861 0.000907265 0.00349302 0.0108926 0.027514 0.0562973 0.0933192 0.125326 0.136381 0.120301 0.0861239 0.050279 0.0244323 0.0108161 0.00588525 0.0054633 0.00698754 0.00932299 0.0119878 0.0146717 0.017081 0.0189408 0.0200446 0.0202977 0.0197346 0.0185009 0.0168098 0.0148879 0.0129282 0.0110641 0.00936591 0.00785409 0.00652013 0.0053455
 1.01525e-16 3.16672e-05 0.000185856 0.000883468 0.00340138 0.0106069 0.0267922 0.0548207 0.0908725 0.122043 0.132816 0.117175 0.0839259 0.0490765 0.0239983 0.0108789 0.00627922 0.00614059 0.00796554 0.0106322 0.0136382 0.0166337 0.0192785 0.0212551 0.0223294 0.0224015 0.0215259 0.019889 0.0177562 0.0154065 0.0130754 0.0109233 0.0090296 0.00740963 0.00603977 0.00488196
 1.0323e-16 1.85876e-05 0.000109048 0.000518266 0.00199519 0.00622167 0.0157158 0.0321592 0.0533174 0.0716339 0.0780312 0.0690177 0.0498167 0.0299043 0.0160673 0.00972884 0.00901227 0.0116404 0.0161676 0.0218277 0.0280669 0.0342848 0.0398075 0.0439871 0.0463391 0.0466489 0.0450138 0.0417988 0.0375318 0.0327713 0.0279934 0.0235268 0.019542 0.0160832 0.0131178 0.0105837
 1.04698e-16 2.61554e-05 0.0001535 0.000729646 0.00280914 0.00876 0.0221271 0.0452754 0.0750505 0.100796 0.109698 0.0967921 0.0693534 0.0406107 0.0199666 0.00924467 0.00562787 0.00579415 0.00771629 0.0105057 0.0137828 0.0172846 0.0207376 0.0238609 0.0264101 0.0282174 0.0292129 0.0294168 0.0289128 0.0278129 0.02623 0.024264 0.0220031 0.0195329 0.0169451 0.0143392
 1.03896e-16 2.82242e-05 0.000165642 0.000787367 0.00303137 0.00945301 0.0238776 0.0488573 0.0809886 0.108772 0.118382 0.104462 0.0748646 0.0438685 0.0216221 0.0100933 0.00623749 0.0064564 0.00853703 0.0114816 0.0148305 0.018246 0.0213882 0.0239334 0.0256346 0.026373 0.0261768 0.0251992 0.0236667 0.0218158 0.0198413 0.0178695 0.0159592 0.0141215 0.0123475 0.0106309
pSPR Fmed_Fpbrs
0.452407   0.346099 0.346099
Fs Fmed_Fpbrs
0.64   1.005 1.005
SSBpbr Bo_Bmed_Bpbrs
1.30241e+06  524099  385643 385643
Ro
40869.7
SPR SPRFo_SPRFmed_SPRFpbrs
844131 381890 292153
log_Ro
10.4381
likeval ReclasPelacesDesembMPH_pf_preclas_ppelaces_ptallas_desvR_qrecl_qpela
 66.368 16.6743 0.0068862 0.000928864 333.834 211.587 54.901 0 16.7717 2.17834e-05 4.00581e-05 0 0 0 0
q_reclas_q_pelaces
0.516143 2.4607
M
0.7
N
 40198.3 12161.5 4529.97 543.573 0.268425
 49301.7 18137.4 3302.11 1229.96 147.662
 25531 22472.3 5250.5 955.897 398.796
 40758.5 10999.7 4561.67 1065.78 274.985
 71089 19624 4495.92 1864.49 548.011
 52417 35103.9 9406.01 2154.94 1156.34
 83805.6 24669.5 12432.2 3331.16 1172.7
 86545.4 40196.9 9844.73 4961.24 1797.32
 109825 40145.2 12993.1 3182.14 2184.59
 122977 50538.2 12339.2 3993.57 1649.53
 65274.5 57706.4 17567 4289.05 1961.51
 44307.8 29053.5 14380.7 4377.69 1557.64
 47660.4 19842.5 7525.25 3724.74 1537.31
 23811 20050.1 3466.23 1314.53 919.191
 15065 8777.4 1524.1 263.473 169.788
 15432.1 5349.62 527.236 91.5444 26.0237
 11026.5 6678.3 1116.72 110.058 24.5417
 13196.5 4973.81 1810.19 302.69 36.4834
 14711.5 6115.85 1598.65 581.815 109.014
 24386.7 6910.04 2139.01 559.123 241.615
 29286.3 11432.3 2387.42 739.023 276.653
 39130.2 14167.8 4815.07 1005.53 427.781
 65788.8 18771.3 5658.98 1923.25 572.497
 93485.4 31356.6 7198.93 2170.25 957.132
 39494.5 44709.5 12286.1 2820.66 1225.36
 56973.5 19017.3 18285.2 5024.71 1654.72
 67703.9 27380.7 7683.41 7387.59 2698.63
pred_Ctot
 2656.86 4102.58 1528.17 183.372 0.0905521
 2925.67 5610.02 1021.38 380.442 45.6735
 2451.02 10048.2 2347.72 427.421 178.319
 893.777 1415.3 586.951 137.134 35.3824
 286.657 491.938 112.707 46.7403 13.7379
 1975.74 7382.79 1978.24 453.22 243.197
 2060.2 3528.24 1778.1 476.434 167.723
 4117.57 10342.6 2533.07 1276.54 462.455
 5817.5 11307 3659.59 896.272 615.305
 4885.28 11129.9 2717.5 879.515 363.279
 4898.11 21498.9 6544.8 1597.94 730.787
 3146.97 10372.7 5134.26 1562.95 556.118
 5289.05 9806.11 3719 1840.78 759.744
 4488.62 13493.4 2332.74 884.668 618.606
 3146.78 6196.64 1075.98 186.007 119.867
 1437.94 2341.55 230.777 40.07 11.3909
 730.768 2257.73 377.536 37.2077 8.29693
 635.862 1293.61 470.81 78.7262 9.48891
 574.553 1326.97 346.87 126.24 23.6535
 984.791 1543.75 477.878 124.914 53.9794
 544.38 1260.35 263.206 81.475 30.5001
 958.041 2018.72 686.093 143.277 60.9539
 1906.16 3120.05 940.621 319.677 95.159
 2487.62 4822.96 1107.29 333.812 147.219
 863.42 5736.36 1576.38 361.906 157.22
 1322.63 2579.75 2480.49 681.631 224.473
 2168.03 4981.2 1397.82 1344 490.955
F
 0.0958463 0.603719 0.603732 0.603732 0.603732
 0.0856755 0.539654 0.539666 0.539666 0.539666
 0.142026 0.894594 0.894613 0.894613 0.894613
 0.0309102 0.194698 0.194702 0.194702 0.194702
 0.00562097 0.0354055 0.0354062 0.0354062 0.0354062
 0.0536641 0.33802 0.338028 0.338028 0.338028
 0.0347099 0.218631 0.218636 0.218636 0.218636
 0.0681674 0.429374 0.429383 0.429383 0.429383
 0.0761603 0.47972 0.47973 0.47973 0.47973
 0.056631 0.356709 0.356716 0.356716 0.356716
 0.109462 0.689484 0.689499 0.689499 0.689499
 0.103333 0.650874 0.650888 0.650888 0.650888
 0.165866 1.04476 1.04478 1.04478 1.04478
 0.297966 1.87683 1.87687 1.87687 1.87687
 0.335347 2.11229 2.11233 2.11233 2.11233
 0.137585 0.866626 0.866644 0.866644 0.866644
 0.0961184 0.605432 0.605445 0.605445 0.605445
 0.0690646 0.435025 0.435034 0.435034 0.435034
 0.0556516 0.350539 0.350547 0.350547 0.350547
 0.0575922 0.362763 0.362771 0.362771 0.362771
 0.0261468 0.164694 0.164697 0.164697 0.164697
 0.0345669 0.21773 0.217735 0.217735 0.217735
 0.0410229 0.258396 0.258401 0.258401 0.258401
 0.0376194 0.236958 0.236963 0.236963 0.236963
 0.0308147 0.194096 0.1941 0.1941 0.1941
 0.0327496 0.206284 0.206288 0.206288 0.206288
 0.0454266 0.286134 0.28614 0.28614 0.28614
Np
 29538.2 12505.1 5840.05 1856.52 615.66
YTP_r0W_actual
 59424.4 285238 116359 142877 57918.8
YTP_p0W_proyectada
 25926 334690 154674 55429.3 81204.2
 25926 130272 88442.7 35905.4 13213.5
CTP_r0_actual
 7246.87 13205.5 3705.7 3563.02 1301.55
CTP_p0_proyectada
 3161.7 15494.9 4925.92 1382.28 1824.81
 3161.7 6031.09 2816.65 895.397 296.932
Wmedp
 8.2 21.6 31.4 40.1 44.5
nmprior
 10.8 10.6 4.6 0
nm_flota  nm_reclas  nm_pelaces    nm_pelaL
inf 17.0603 16.6692 51.3666
cv_recla  cv_pelaces  cv_mph
0.705521 0.447316 0.800372
 ------------------------------------------------
Talla a la edad & desviaci?n 
 7.2 14.2025 17.0495 18.207 18.6776
 1.08 2.13037 2.55742 2.73105 2.80164
