years
 1997 1998 1999 2000 2001 2002 2003 2004 2005 2006 2007 2008 2009 2010 2011 2012 2013 2014 2015 2016 2017 2018 2019 2020 2021 2022 2023
reclasobs
 0 0 0 370054 412103 1.49427e+06 250295 1.28982e+06 931140 785840 897777 1.04006e+06 184774 17550 25797 100020 73551 82996 120727 218422 84188 347160 605670 569463 516374 1.08416e+06 1.01767e+06
reclaspred
 442931 124109 388256 260453 339052 391323 835484 574805 694352 648684 519727 344711 198620 86914.2 66131.6 68922 82912.8 119236 135752 190255 292319 296729 542545 700182 831579 750471 702751
pelacesobs
 0 0 0 0 0 0 0 0 0 2.06254e+06 1.5e+06 0 1.87456e+06 323000 250000 174000 83755 137374 0 501740 490994 745055 786931 1.00524e+06 1.33801e+06 1.41789e+06 0
pelacespred
 1.63034e+06 390146 729676 763222 861470 790962 1.99551e+06 1.64272e+06 1.80969e+06 1.67562e+06 1.17428e+06 803171 458109 160872 129726 143889 182366 267487 306440 426210 743249 706066 1.065e+06 1.58998e+06 1.82773e+06 1.83618e+06 1.64989e+06
mphobs
 0 0 0 0 0 0 112323 0 153150 637223 0 255016 313432 73983 77613 109348 50772 17779 17303 59886 28197 0 207744 136588 643089 65757 70829
mphpred
 159481 100916 125090 150684 144726 203433 294651 346625 312805 344188 317722 217999 126694 91226 43377.1 42608.8 48866.3 68789.4 27866.3 32330.4 50422.2 65973.6 89652.2 135715 176174 171494 148704
desembarqueobs
 350755 77701 442110 56441 14545 235359 269955 359681 431902 328805 639364 411747 362871 311530 167758 66681 60226 58785 57116 73181 50977 67692 138656 160484 209506 203330 245020
desembarquepred
 350767 77705.3 442164 56444.2 14545.3 235452 270001 359711 431928 328861 639671 412042 363412 311825 167712 66694.2 60256.2 58789.5 57111.4 73185.5 50977.3 67685.8 138658 160489 209525 203343 245019
Reclutas
 53620.2 65164.1 37926.5 50521.8 79066.1 57183.6 101995 101447 142321 125653 63954 40634 39205.4 27083.7 19594.9 18674.7 14480.6 19202 22705.2 34667.8 53353.2 76740.9 112912 144443 52308.4 72306 121143
log_desv_Rt
 0.00968092 0.204663 -0.336594 -0.0498395 0.398039 0.0740227 0.652678 0.647296 0.985841 0.861281 0.185919 -0.267639 -0.303429 -0.673312 -0.996975 -1.04507 -1.29943 -1.01723 -0.849649 -0.426434 0.00468891 0.36819 0.754365 1.00064 -0.0150881 0.308662 0.824731
SSB
 646059 408811 506743 610423 586287 824111 1.16343e+06 1.38999e+06 1.24146e+06 1.36818e+06 1.2871e+06 883119 529070 253952 125147 123049 145968 197224 261888 317656 472302 603523 840505 1.22151e+06 1.71865e+06 1.71594e+06 1.40812e+06
BT
 2.2311e+06 586935 1.10182e+06 953640 1.02269e+06 1.10979e+06 2.54069e+06 2.33266e+06 2.52775e+06 2.28053e+06 1.9494e+06 1.31769e+06 893144 483887 291851 223545 263740 361510 407102 559484 916443 887485 1.34113e+06 1.9943e+06 2.29125e+06 2.31979e+06 2.14364e+06
Ftot
 0.483175 0.37666 0.550388 0.109896 0.0239072 0.262556 0.174127 0.334146 0.35867 0.260381 0.540701 0.516253 0.85709 1.69871 1.50468 0.521266 0.388806 0.267446 0.208119 0.206715 0.0971842 0.115607 0.124044 0.118986 0.105933 0.117679 0.170082
BD_Bspro_t
 0.942999 0.746547 0.706355 0.576367 0.686731 0.801101 0.756746 0.767662 0.716782 0.694682 0.655848 0.494299 0.374887 0.251852 0.158645 0.185473 0.277208 0.42153 0.551073 0.653479 0.756007 0.838732 0.857879 0.864436 0.870085 0.834637 0.80518
BD_Bspro
 0.589033 0.372726 0.462014 0.556542 0.534537 0.751368 1.06074 1.2673 1.13188 1.24741 1.17349 0.805168 0.48237 0.231536 0.1141 0.112188 0.133084 0.179816 0.238772 0.289617 0.430613 0.550251 0.766315 1.11369 1.56695 1.56448 1.28383
BD_Bo
 0.332873 0.210634 0.261092 0.314512 0.302076 0.424612 0.599442 0.716174 0.639645 0.704934 0.66316 0.455015 0.272596 0.130845 0.0644802 0.0633994 0.075208 0.101617 0.134934 0.163668 0.243347 0.310957 0.433059 0.629364 0.885511 0.884117 0.725514
BD_Brms
 0.605224 0.382971 0.474714 0.57184 0.54923 0.772021 1.08989 1.30214 1.16299 1.2817 1.20575 0.8273 0.495629 0.2379 0.117237 0.115272 0.136742 0.184758 0.245335 0.297578 0.442449 0.565377 0.78738 1.1443 1.61002 1.60748 1.31912
S_f
 0.175757 1 1 1 1
 0.175757 1 1 1 1
 0.175757 1 1 1 1
 0.175757 1 1 1 1
 0.175757 1 1 1 1
 0.175757 1 1 1 1
 0.175757 1 1 1 1
 0.175757 1 1 1 1
 0.175757 1 1 1 1
 0.175757 1 1 1 1
 0.175757 1 1 1 1
 0.175757 1 1 1 1
 0.175757 1 1 1 1
 0.175757 1 1 1 1
 0.175757 1 1 1 1
 0.175757 1 1 1 1
 0.175757 1 1 1 1
 0.175757 1 1 1 1
 0.175757 1 1 1 1
 0.175757 1 1 1 1
 0.175757 1 1 1 1
 0.175757 1 1 1 1
 0.175757 1 1 1 1
 0.175757 1 1 1 1
 0.175757 1 1 1 1
 0.175757 1 1 1 1
 0.175757 1 1 1 1
Scru_reclas
 0.844876 1 1 1 1
 0.844876 1 1 1 1
 0.844876 1 1 1 1
 0.844876 1 1 1 1
 0.844876 1 1 1 1
 0.844876 1 1 1 1
 0.844876 1 1 1 1
 0.844876 1 1 1 1
 0.844876 1 1 1 1
 0.844876 1 1 1 1
 0.844876 1 1 1 1
 0.844876 1 1 1 1
 0.844876 1 1 1 1
 0.844876 1 1 1 1
 0.844876 1 1 1 1
 0.844876 1 1 1 1
 0.844876 1 1 1 1
 0.844876 1 1 1 1
 0.844876 1 1 1 1
 0.844876 1 1 1 1
 0.844876 1 1 1 1
 0.844876 1 1 1 1
 0.844876 1 1 1 1
 0.844876 1 1 1 1
 0.844876 1 1 1 1
 0.844876 1 1 1 1
 0.844876 1 1 1 1
Scru_pelaces
 0.967353 1 1 1 1
 0.967353 1 1 1 1
 0.967353 1 1 1 1
 0.967353 1 1 1 1
 0.967353 1 1 1 1
 0.967353 1 1 1 1
 0.967353 1 1 1 1
 0.967353 1 1 1 1
 0.967353 1 1 1 1
 0.967353 1 1 1 1
 0.967353 1 1 1 1
 0.967353 1 1 1 1
 0.967353 1 1 1 1
 0.967353 1 1 1 1
 0.967353 1 1 1 1
 0.967353 1 1 1 1
 0.967353 1 1 1 1
 0.967353 1 1 1 1
 0.967353 1 1 1 1
 0.967353 1 1 1 1
 0.967353 1 1 1 1
 0.967353 1 1 1 1
 0.967353 1 1 1 1
 0.967353 1 1 1 1
 0.967353 1 1 1 1
 0.967353 1 1 1 1
 0.967353 1 1 1 1
pf_obs 
 0.256992 0.487395 0.22802 0.0275931 0
 0.321318 0.546541 0.124235 0.00734118 0.000564706
 0.182869 0.594174 0.210203 0.0122559 0.00049798
 0.330522 0.361315 0.267642 0.0388342 0.00168674
 0.649043 0.306663 0.0425973 0.00169635 0
 0.582887 0.30429 0.105238 0.00758474 0
 0.465427 0.430635 0.0974691 0.00646863 0
 0.296916 0.608066 0.0921331 0.00288517 0
 0.311714 0.524322 0.152257 0.0117073 0
 0.15457 0.633149 0.183074 0.0267441 0.00246327
 0.131901 0.49318 0.331252 0.0422183 0.00144891
 0.196976 0.569456 0.194076 0.0375587 0.00193317
 0.518974 0.381816 0.0799577 0.0180837 0.00116848
 0.0928022 0.601141 0.25162 0.0475244 0.00691264
 0.122501 0.610282 0.24278 0.0234846 0.000952079
 0.383417 0.481906 0.127806 0.00687128 0
 0.0376549 0.599619 0.316969 0.0457579 0
 0.0361596 0.667082 0.258105 0.0386534 0
 0.158088 0.579412 0.248529 0.0139706 0
 0.0477256 0.309471 0.559284 0.082774 0.000745712
 0.0406174 0.521527 0.379366 0.0568643 0.0016247
 0.151134 0.462217 0.34131 0.0453401 0
 0.294876 0.26143 0.354403 0.0886775 0.000613685
 0.281977 0.475581 0.204845 0.0348837 0.00271318
 0.0841818 0.532909 0.334909 0.0458182 0.00218182
 0.115287 0.27431 0.454777 0.147771 0.00785563
 0 0 0 0 0
pf_pred 
 0.359384 0.452652 0.168158 0.0197951 1.12543e-05
 0.299632 0.560918 0.0985342 0.0366049 0.00431148
 0.165173 0.621344 0.170976 0.0300346 0.0124719
 0.243173 0.450053 0.228325 0.0628284 0.0156198
 0.272623 0.478599 0.147938 0.0750531 0.0257869
 0.16158 0.572772 0.174791 0.0540289 0.0368281
 0.280345 0.398461 0.219426 0.0669613 0.0348068
 0.22377 0.5482 0.126257 0.0695274 0.0322463
 0.281956 0.47222 0.173609 0.0399841 0.0322307
 0.209439 0.573852 0.142518 0.0523959 0.0217947
 0.125165 0.55125 0.234884 0.0583342 0.030367
 0.131724 0.445905 0.266144 0.113402 0.042825
 0.206904 0.416475 0.193414 0.115442 0.0677645
 0.247575 0.521926 0.121041 0.0562124 0.0532456
 0.310291 0.565437 0.0862022 0.0199914 0.0180783
 0.308285 0.586347 0.0863828 0.0131693 0.00581596
 0.208601 0.605485 0.157594 0.0232173 0.0051027
 0.262211 0.47466 0.201315 0.0523977 0.00941601
 0.247527 0.523976 0.147004 0.0623484 0.019144
 0.288964 0.478906 0.161641 0.0453494 0.0251396
 0.29581 0.505664 0.133713 0.0451311 0.0196809
 0.278299 0.515514 0.148058 0.0391512 0.0189769
 0.279568 0.503109 0.155235 0.0445842 0.0175039
 0.252801 0.523415 0.156278 0.0482197 0.0192861
 0.0835455 0.614431 0.211568 0.0631688 0.0272863
 0.154967 0.298019 0.366742 0.126281 0.0539909
 0.25222 0.392037 0.125461 0.154392 0.0758911
pobs_RECLAS
 0 0 0 0 0
 0 0 0 0 0
 0 0 0 0 0
 0 0 0 0 0
 0.835266 0.146461 0.0176864 0.000547809 3.91292e-05
 0.385257 0.428462 0.181853 0.0044286 0
 0.867414 0.0963971 0.0333333 0.00285562 0
 0.441836 0.489002 0.0689373 0.000224442 0
 0.779404 0.147425 0.0564933 0.0165055 0.000172143
 0.814271 0.122319 0.05973 0.00367925 0
 0.40263 0.566651 0.0304383 0.000280538 0
 0.475488 0.404961 0.113038 0.00651328 0
 0.955842 0.0263864 0.0167828 0.000988607 0
 0.975058 0.0227948 0.00214734 0 0
 0.738997 0.206755 0.0527124 0.00153531 0
 0.850938 0.134255 0.0134407 0.00136685 0
 0.542534 0.407297 0.0501686 0 0
 0.764087 0.199537 0.0359546 0.000420521 0
 0.470689 0.182191 0.310203 0.0369168 0
 0.84361 0.089868 0.0606195 0.00523954 0.000663233
 0.607945 0.314616 0.071237 0.00620181 0
 0.523733 0.453247 0.0230204 0 0
 0.530135 0.295979 0.169645 0.0042399 0
 0.562478 0.366248 0.0663022 0.0049721 0
 0.250443 0.683176 0.0655157 0.000865301 0
 0.195077 0.31981 0.436473 0.0351445 0.0134964
 0.565238 0.351407 0.0832357 0.000118908 0
ppred_RECLAS
 0.735784 0.186692 0.0693549 0.00816428 4.64172e-06
 0.677987 0.257897 0.0453037 0.0168301 0.00198232
 0.496966 0.374398 0.103023 0.0180977 0.00751507
 0.608365 0.232889 0.118151 0.0325118 0.00808279
 0.643342 0.234674 0.0725391 0.0368012 0.0126442
 0.484703 0.352029 0.107427 0.0332064 0.0226347
 0.654037 0.191554 0.105485 0.0321906 0.0167328
 0.585782 0.292534 0.067374 0.0371018 0.0172075
 0.658684 0.224466 0.0825234 0.0190061 0.0153205
 0.563862 0.316584 0.0786245 0.0289058 0.0120237
 0.416495 0.367677 0.156665 0.0389082 0.0202544
 0.430273 0.292584 0.174632 0.0744097 0.0281
 0.573339 0.224051 0.104051 0.062104 0.0364552
 0.656219 0.238467 0.0553034 0.0256833 0.0243278
 0.716623 0.232318 0.0354174 0.00821373 0.00742771
 0.689409 0.263279 0.0387873 0.00591321 0.00261146
 0.564919 0.332872 0.0866389 0.012764 0.00280527
 0.634399 0.235211 0.099759 0.0259649 0.00466597
 0.615353 0.267845 0.0751454 0.0318711 0.00978599
 0.664007 0.226303 0.076382 0.0214294 0.0118795
 0.669907 0.237033 0.0626787 0.0211554 0.00922553
 0.650949 0.249329 0.0716085 0.0189355 0.0091782
 0.652491 0.242681 0.0748793 0.0215057 0.0084432
 0.620716 0.265689 0.079328 0.0244767 0.00978976
 0.305862 0.465381 0.160245 0.0478451 0.0206671
 0.470057 0.186896 0.229994 0.0791942 0.0338592
 0.620702 0.198854 0.0636377 0.0783124 0.0384944
pobs_PELACES
 0 0 0 0 0
 0 0 0 0 0
 0 0 0 0 0
 0 0 0 0 0
 0 0 0 0 0
 0 0 0 0 0
 0 0 0 0 0
 0 0 0 0 0
 0 0 0 0 0
 0 0 0 0 0
 0.450072 0.473896 0.0757376 0.000293798 0
 0 0 0 0 0
 0.463077 0.371075 0.160297 0.00555027 0
 0.529543 0.364841 0.0842815 0.0213345 0
 0.631943 0.363953 0.00410389 0 0
 0.735681 0.248677 0.0153453 0.000297389 0
 0.695825 0.281241 0.0229344 0 0
 0.275771 0.60734 0.115278 0.00161068 0
 0 0 0 0 0
 0.896147 0.0623911 0.0374545 0.00400742 0
 0.803859 0.145111 0.0509908 3.86294e-05 0
 0.739449 0.233085 0.0266225 0.000797448 4.60066e-05
 0.878498 0.100942 0.0204185 0.000141795 0
 0.694673 0.275183 0.0284847 0.00165964 0
 0.469039 0.446079 0.0841089 0.000773354 0
 0.822795 0.102175 0.0682046 0.00682512 0
 0 0 0 0 0
ppred_PELACES
 0.784311 0.152403 0.0566169 0.0066648 3.7892e-06
 0.727577 0.218181 0.038327 0.0142383 0.00167704
 0.567816 0.321666 0.088513 0.0155487 0.00645662
 0.646962 0.209937 0.106507 0.0293076 0.00728621
 0.675195 0.213715 0.0660606 0.0335145 0.0115149
 0.536332 0.316758 0.0966639 0.0298794 0.0203669
 0.694145 0.169347 0.0932564 0.0284587 0.014793
 0.639413 0.254658 0.0586507 0.032298 0.0149796
 0.708966 0.191398 0.0703662 0.0162061 0.0130635
 0.613737 0.28038 0.0696333 0.0256003 0.0106487
 0.48632 0.323679 0.137918 0.0342522 0.0178307
 0.498765 0.25741 0.153638 0.0654643 0.0247218
 0.660156 0.178461 0.0828786 0.049467 0.0290373
 0.776244 0.15521 0.0359952 0.0167164 0.0158341
 0.813425 0.152958 0.0233188 0.00540791 0.00489039
 0.745455 0.215771 0.0317882 0.00484618 0.00214023
 0.622995 0.288439 0.0750741 0.0110602 0.00243081
 0.681192 0.205106 0.0869909 0.0226417 0.00406877
 0.659676 0.23698 0.0664863 0.0281985 0.00865834
 0.705328 0.198471 0.0669883 0.018794 0.0104185
 0.704657 0.21208 0.0560804 0.0189283 0.00825433
 0.687839 0.222978 0.0640405 0.0169343 0.0082082
 0.689786 0.216636 0.0668431 0.0191977 0.00753706
 0.659334 0.238637 0.0712509 0.0219845 0.00879298
 0.341785 0.441296 0.151952 0.045369 0.0195976
 0.511864 0.172152 0.211849 0.0729465 0.031188
 0.662435 0.176974 0.0566358 0.0696959 0.034259
pobs_pel_tallas
 0 0 0 0 0 0 0 0 0 0 0 0 0 0 0 0 0 0 0 0 0 0 0 0 0 0 0 0 0 0 0 0 0 0 0 0
 0 0 0 0 0 0 0 0 0 0 0 0 0 0 0 0 0 0 0 0 0 0 0 0 0 0 0 0 0 0 0 0 0 0 0 0
 0 0 0 0 0 0 0 0 0 0 0 0 0 0 0 0 0 0 0 0 0 0 0 0 0 0 0 0 0 0 0 0 0 0 0 0
 0 0 0 0 0 0 0 0 0 0 0 0 0 0 0 0 0 0 0 0 0 0 0 0 0 0 0 0 0 0 0 0 0 0 0 0
 0 0 0 0 0 0 0 0 0 0 0 0 0 0 0 0 0 0 0 0 0 0 0 0 0 0 0 0 0 0 0 0 0 0 0 0
 0 0 0 0 0 0 0 0 0 0 0 0 0 0 0 0 0 0 0 0 0 0 0 0 0 0 0 0 0 0 0 0 0 0 0 0
 0 0 0 0 0 0 0 0 0 0 0 0 0 0 0 0 0 0 0 0 0 0 0 0 0 0 0 0 0 0 0 0 0 0 0 0
 0 0 0 0 0 0 0 0 0 0 0 0 0 0 0 0 0 0 0 0 0 0 0 0 0 0 0 0 0 0 0 0 0 0 0 0
 0 0 0 0 0 0 0 0 0 0 0 0 0 0 0 0 0 0 0 0 0 0 0 0 0 0 0 0 0 0 0 0 0 0 0 0
 0 0 0 0 0 0 0 0 0 0 0 0 0 0 0 0 0 0 0 0 0 0 0 0 0 0 0 0 0 0 0 0 0 0 0 0
 0 0 0 0 0 0 0 0 1.78061e-05 0.00172719 0.00360574 0.0105946 0.0120993 0.0124554 0.0147524 0.0171206 0.0266825 0.0428682 0.0675386 0.121331 0.153587 0.119568 0.100827 0.0573624 0.0630603 0.0341343 0.0324427 0.0444173 0.0211091 0.0280891 0.0125444 0.00206551 0 0 0 0
 0 0 0 0 0 0 0 0 0 0 0 0 0 0 0 0 0 0 0 0 0 0 0 0 0 0 0 0 0 0 0 0 0 0 0 0
 0 0 0 0 0 0 0.0133647 0.0140871 0.0187388 0.0205184 0.03894 0.0496705 0.03968 0.0493445 0.0407372 0.0367815 0.0215668 0.0243155 0.0234873 0.0199281 0.019796 0.0243948 0.0301388 0.0376714 0.0412746 0.0863199 0.0771752 0.113111 0.0741005 0.0525337 0.0229764 0.00759418 0.00175318 0 0 0
 0 0 0 0 0 0 0 0 0 0 0.00219441 0.00772107 0.0458388 0.0604681 0.0671733 0.0775358 0.0609151 0.0617685 0.073594 0.0568108 0.0755445 0.0548602 0.0670107 0.0636378 0.0643287 0.046367 0.0373049 0.0286899 0.0247887 0.0153202 0.00654259 0.00121912 0.000365735 0 0 0
 0 0 0 0 0 0 0 0 0 0 0 0 0.000112435 0.00938835 0.0111873 0.0202946 0.0414886 0.0713402 0.111592 0.104902 0.108894 0.110636 0.117776 0.105296 0.107544 0.0401394 0.0192827 0.0124803 0.00416011 0.0028671 0.000618394 0 0 0 0 0
 0 0 0 0 0 0 0 0 0 0 0.00291406 0.0102884 0.027416 0.0768956 0.0749926 0.110853 0.0956884 0.0897413 0.0766577 0.0534642 0.0500743 0.0551293 0.0594112 0.0620874 0.0668451 0.0424026 0.0208742 0.0120726 0.0048766 0.00582813 0.00118941 0.000297354 0 0 0 0
 0 0.00264628 0.0354308 0.0461629 0.0458689 0.0383711 0.0214643 0.0164657 0.0346957 0.0420465 0.0363128 0.0245516 0.0311673 0.0291091 0.0169068 0.0133784 0.00837989 0.0085269 0.0148486 0.0160247 0.0276389 0.0546898 0.0760071 0.122758 0.109233 0.0665981 0.0333725 0.0166128 0.00676272 0.00308733 0.000882094 0 0 0 0 0
 0 0 0 0 0 0 0 0.000805153 0.000690131 0.00759144 0.0133425 0.0154129 0.00931677 0.000345066 0.00356568 0.00563607 0.00851162 0.0253048 0.0502646 0.0516448 0.0657925 0.0565908 0.0611916 0.0827007 0.0866115 0.110766 0.145733 0.0935128 0.0569358 0.0249597 0.0138026 0.00621118 0.00161031 0.00115022 0 0
 0 0 0 0 0 0 0 0 0 0 0 0 0 0 0 0 0 0 0 0 0 0 0 0 0 0 0 0 0 0 0 0 0 0 0 0
 0.00147267 0.00158595 0.00478618 0.00569244 0.00954404 0.0108468 0.00647125 0.017049 0.0510054 0.094081 0.124002 0.0959785 0.0687766 0.0820023 0.061753 0.0591476 0.0492212 0.0479892 0.0443925 0.0268479 0.0217502 0.0140895 0.0121071 0.0120363 0.00920419 0.00665534 0.0049561 0.00860946 0.00930331 0.0156896 0.0114698 0.00855282 0.00243557 0.00046729 0 2.83206e-05
 0 0 0 0 0.000772559 0.00158375 0.000888443 0.00281984 0.00712685 0.0440552 0.0773331 0.111326 0.0921469 0.0852325 0.0710754 0.0886704 0.0786465 0.0553345 0.0373146 0.0185414 0.00753245 0.00457741 0.012979 0.0271748 0.0457355 0.0583668 0.034881 0.0177882 0.00938659 0.00492506 0.0015258 0.00185414 0.000309023 5.79419e-05 3.86279e-05 0
 0 0.00173294 0.00326652 0 0.00397197 0.00683976 0.00946217 0.0152591 0.00757587 0.0136028 0.0228656 0.0392903 0.0559909 0.0764795 0.0681675 0.0726916 0.0566044 0.0477403 0.0527397 0.0444891 0.0609904 0.0582453 0.0661739 0.0445044 0.0529084 0.0360697 0.0280645 0.0235558 0.0158879 0.00826598 0.00280645 0.00217768 0.000904811 0.00058276 9.20147e-05 0
 0 0 0 0 0 0 0 0 0 0 0 0 0 0 0 0 0 0 0 0 0 0 0 0 0 0 0 0 0 0 0 0 0 0 0 0
 0 0 0 0 0 0 0 0 0 0 0 0 0 0 0 0 0 0 0 0 0 0 0 0 0 0 0 0 0 0 0 0 0 0 0 0
 0 0 0 0 0 0 0 0 0 0 0 0 0 0 0 0 0 0 0 0 0 0 0 0 0 0 0 0 0 0 0 0 0 0 0 0
 0 0 0 0 0 0 0 0 0 0 0 0 0 0 0 0 0 0 0 0 0 0 0 0 0 0 0 0 0 0 0 0 0 0 0 0
 0 0 0 0 0 0 0 0 0 0 0 0 0 0 0 0 0 0 0 0 0 0 0 0 0 0 0 0 0 0 0 0 0 0 0 0
ppred_pel_tallas
 1.01083e-16 3.42186e-05 0.00020084 0.000954714 0.00367572 0.0114624 0.0289531 0.0592416 0.0981987 0.131876 0.1435 0.126561 0.0905617 0.0527818 0.025484 0.0110015 0.00558775 0.00483634 0.00604829 0.00804141 0.0103375 0.0126538 0.0147332 0.0163359 0.0172803 0.0174806 0.0169622 0.0158478 0.0143205 0.012578 0.0107924 0.00908746 0.00753371 0.00615863 0.00496268 0.00393434
 1.01183e-16 3.17473e-05 0.000186326 0.000885697 0.00340996 0.0106336 0.0268598 0.054959 0.0911022 0.122352 0.133155 0.11748 0.0841563 0.0492356 0.0241213 0.0110101 0.00645741 0.00639527 0.00831706 0.01109 0.0141965 0.0172678 0.0199433 0.0218884 0.0228594 0.0227584 0.0216538 0.0197557 0.0173587 0.0147702 0.0122488 0.00996863 0.0080136 0.0063943 0.00507634 0.00400753
 1.02198e-16 2.47853e-05 0.000145443 0.000691313 0.0026615 0.00829955 0.0209642 0.0428971 0.0711126 0.09552 0.103991 0.0918391 0.0659841 0.0389985 0.0198426 0.0103029 0.00776357 0.00910409 0.0123805 0.0166566 0.0214003 0.0261254 0.0303107 0.0334593 0.0352005 0.0353712 0.034048 0.0315135 0.028176 0.0244682 0.0207595 0.0173062 0.0142423 0.0116031 0.0093632 0.00747256
 1.02928e-16 2.82319e-05 0.000165688 0.000787583 0.0030322 0.0094556 0.0238842 0.0488707 0.0810107 0.108801 0.118414 0.104489 0.074883 0.0438768 0.0216223 0.0100886 0.00623146 0.00645449 0.00854822 0.01152 0.0149156 0.0184014 0.0216377 0.0242942 0.0261106 0.0269469 0.0268065 0.0258184 0.0241913 0.0221563 0.0199175 0.0176252 0.0153729 0.0132112 0.0111675 0.00926256
 1.02698e-16 2.94631e-05 0.000172916 0.000821944 0.0031645 0.00986817 0.0249263 0.0510029 0.0845449 0.113547 0.123577 0.109039 0.0781302 0.0457526 0.0224956 0.0104073 0.00630276 0.00641924 0.00844179 0.0113271 0.0145975 0.0179068 0.0209087 0.0232751 0.0247568 0.0252366 0.0247491 0.0234595 0.0216117 0.0194639 0.0172349 0.0150737 0.0130573 0.0112077 0.00951772 0.0079731
 1.03454e-16 2.34122e-05 0.000137382 0.000652993 0.00251396 0.00783945 0.019802 0.0405192 0.0671711 0.0902271 0.098233 0.0867628 0.0623569 0.0368953 0.0188482 0.00991134 0.00762375 0.00904723 0.0123526 0.0166584 0.0214588 0.0262852 0.0306306 0.0340083 0.0360503 0.036587 0.0356773 0.033577 0.0306612 0.027327 0.023912 0.0206477 0.0176541 0.0149647 0.0125634 0.0104193
 1.03049e-16 3.02877e-05 0.000177761 0.000844986 0.00325323 0.0101449 0.0256252 0.0524327 0.0869135 0.116724 0.127023 0.112053 0.0802318 0.0468665 0.0228266 0.0101985 0.00568995 0.00542304 0.00702379 0.00944778 0.0122567 0.0151676 0.0179059 0.0202059 0.021855 0.0227347 0.0228378 0.0222555 0.0211411 0.0196652 0.0179787 0.0161926 0.0143771 0.0125734 0.0108097 0.00911346
 1.02726e-16 2.79044e-05 0.000163761 0.000778416 0.00299689 0.00934548 0.0236061 0.048302 0.0800692 0.107541 0.117052 0.103311 0.0740899 0.0435151 0.0216344 0.01041 0.00684715 0.00739688 0.00986586 0.0132425 0.0170248 0.0208129 0.0241959 0.0267854 0.0282927 0.0285914 0.0277414 0.0259612 0.0235634 0.0208749 0.0181692 0.0156289 0.0133414 0.0113208 0.00954002 0.00796073
 1.02229e-16 3.09348e-05 0.000181558 0.000863035 0.00332272 0.0103616 0.0261725 0.0535527 0.0887705 0.119219 0.129742 0.114459 0.0819725 0.0479183 0.0234032 0.0105626 0.00603702 0.00586424 0.00761148 0.0101948 0.0131404 0.0161264 0.0188393 0.0209819 0.0223274 0.0227662 0.022325 0.0211484 0.0194536 0.0174734 0.0154077 0.0133967 0.0115171 0.0097967 0.00823551 0.00682473
 1.02458e-16 2.67859e-05 0.000157192 0.00074718 0.00287662 0.0089704 0.0226587 0.0463638 0.0768574 0.10323 0.112369 0.0991985 0.0711861 0.0419012 0.0210021 0.0103886 0.00720265 0.00804911 0.0108238 0.0145412 0.0186865 0.0228263 0.0265068 0.0292981 0.0308798 0.0311121 0.0300619 0.0279733 0.025197 0.0221017 0.0189991 0.016101 0.0135134 0.0112586 0.00930993 0.00762369
 1.04074e-16 2.12319e-05 0.000124581 0.000592131 0.00227962 0.00710868 0.0179562 0.0367426 0.0609116 0.081823 0.0890933 0.0787145 0.0566256 0.0336112 0.017369 0.00945822 0.00767023 0.00936125 0.0128845 0.0174377 0.0225405 0.0277268 0.032481 0.0362998 0.0387921 0.03976 0.0392321 0.0374342 0.0347147 0.0314518 0.0279742 0.0245168 0.0212157 0.0181305 0.015279 0.0126655
 1.0567e-16 2.17718e-05 0.000127757 0.000607244 0.00233783 0.00729023 0.0184147 0.0376802 0.0624639 0.0839018 0.0913402 0.0806599 0.0579387 0.0342177 0.0173659 0.00895359 0.00668931 0.00784748 0.0107487 0.0146137 0.0190308 0.0236355 0.0280261 0.0318011 0.034633 0.0363301 0.0368635 0.0363472 0.0349867 0.0330139 0.0306337 0.0279982 0.0252071 0.0223267 0.0194139 0.0165319
 1.04292e-16 2.88059e-05 0.00016906 0.000803624 0.00309397 0.00964825 0.0243707 0.049866 0.0826595 0.111013 0.120812 0.106585 0.0763398 0.0446401 0.0218305 0.00990398 0.00573921 0.00565596 0.00740048 0.00997714 0.0129591 0.0160604 0.018999 0.0215019 0.0233516 0.0244282 0.0247261 0.0243383 0.0234172 0.0221278 0.0206092 0.0189557 0.0172193 0.0154256 0.0135937 0.0117505
 1.01876e-16 3.38668e-05 0.000198775 0.000944896 0.00363791 0.0113445 0.0286553 0.0586324 0.0971889 0.13052 0.142026 0.125263 0.0896367 0.0522509 0.0252429 0.010923 0.00558413 0.00486549 0.006095 0.00810044 0.0104052 0.012726 0.0148057 0.0164074 0.0173553 0.0175724 0.0170946 0.0160538 0.0146383 0.0130448 0.0114367 0.00992219 0.00855165 0.00733153 0.00624429 0.00526665
 1.00796e-16 3.5488e-05 0.000208293 0.000990146 0.00381214 0.0118878 0.0300277 0.0614403 0.101843 0.136769 0.148822 0.13125 0.0939053 0.0547068 0.0263681 0.0113032 0.00561952 0.00473928 0.00585586 0.0077374 0.00988544 0.012009 0.0138493 0.0151714 0.0158061 0.0156877 0.0148677 0.0134977 0.0117883 0.00995828 0.00819117 0.00660933 0.00526997 0.0041774 0.00330325 0.00260633
 1.00789e-16 3.25268e-05 0.000190902 0.000907454 0.00349373 0.0108949 0.0275196 0.0563091 0.0933399 0.125357 0.136423 0.120358 0.0862062 0.0504117 0.0246538 0.0111787 0.00645177 0.00630061 0.00815391 0.0108509 0.013865 0.0168259 0.0193746 0.0211803 0.0220043 0.0217553 0.020509 0.018484 0.015983 0.0133213 0.0107642 0.00848977 0.0065826 0.00505029 0.00385195 0.00292618
 1.01654e-16 2.719e-05 0.000159564 0.000758452 0.00292001 0.00910573 0.0230005 0.0470633 0.078017 0.104788 0.114065 0.100698 0.0722656 0.0425437 0.0213371 0.0105751 0.00735671 0.00823495 0.0110714 0.0148605 0.0190724 0.0232573 0.026944 0.0296867 0.0311542 0.0312037 0.0299089 0.0275304 0.0244421 0.0210395 0.0176607 0.0145402 0.0118 0.00947081 0.00752602 0.00591489
 1.0227e-16 2.97243e-05 0.00017445 0.00082924 0.00319259 0.00995577 0.0251475 0.0514556 0.085295 0.114554 0.12467 0.109998 0.0788067 0.0461265 0.0226381 0.0104048 0.00621005 0.00625659 0.00821089 0.0110266 0.0142324 0.0174927 0.0204721 0.0228496 0.0243768 0.024929 0.0245259 0.0233132 0.0215159 0.0193785 0.0171144 0.0148774 0.0127578 0.010796 0.00900367 0.00738236
 1.02395e-16 2.87873e-05 0.000168946 0.000803069 0.00309182 0.0096415 0.0243538 0.0498317 0.0826043 0.110943 0.120749 0.10656 0.0763883 0.0448017 0.0221565 0.0104659 0.00662968 0.00697887 0.00925069 0.0124123 0.0159693 0.019543 0.0227486 0.0252219 0.0266889 0.0270257 0.0262803 0.0246488 0.0224163 0.0198843 0.0173083 0.0148628 0.0126374 0.0106551 0.00890099 0.0073481
 1.02149e-16 3.07764e-05 0.000180627 0.00085861 0.00330568 0.0103084 0.0260383 0.0532782 0.0883156 0.118609 0.129079 0.113879 0.0815667 0.0477001 0.023332 0.0105901 0.00613509 0.0060268 0.00784421 0.0105047 0.0135285 0.016584 0.019346 0.0215073 0.0228345 0.0232174 0.0226886 0.0214034 0.0195927 0.0175026 0.0153438 0.0132629 0.0113387 0.00959715 0.00803393 0.00663488
 1.01902e-16 3.07477e-05 0.000180458 0.0008578 0.00330255 0.0102987 0.0260137 0.0532279 0.0882327 0.118499 0.128962 0.113783 0.0815128 0.0476989 0.0233876 0.0107092 0.00633169 0.00632032 0.0082534 0.0110402 0.0141854 0.0173364 0.0201456 0.0222865 0.0235154 0.0237245 0.0229618 0.0214092 0.0193291 0.0169983 0.0146514 0.0124485 0.0104711 0.00873823 0.00723238 0.00592344
 1.01948e-16 3.00148e-05 0.000176154 0.000837337 0.00322376 0.010053 0.0253931 0.0519581 0.0861284 0.115674 0.125892 0.111084 0.0796 0.0466218 0.0229383 0.0106368 0.00647263 0.00661104 0.00868973 0.0116388 0.0149615 0.0182927 0.0212674 0.0235412 0.0248562 0.0250963 0.0243093 0.0226838 0.0204937 0.0180293 0.0155379 0.0131901 0.0110747 0.00921545 0.00759788 0.00619333
 1.02032e-16 3.00995e-05 0.000176651 0.000839704 0.00323288 0.0100814 0.0254649 0.052105 0.0863717 0.116 0.126246 0.111392 0.0798129 0.0467304 0.0229619 0.010598 0.00638235 0.00646817 0.00848739 0.0113712 0.0146289 0.0179048 0.0208444 0.0231125 0.0244568 0.0247611 0.0240674 0.0225533 0.0204793 0.0181222 0.0157188 0.0134331 0.0113519 0.00950132 0.00787151 0.00644004
 1.02256e-16 2.87725e-05 0.000168859 0.000802653 0.00309022 0.00963651 0.0243412 0.049806 0.0825616 0.110886 0.120688 0.106506 0.0763525 0.0447856 0.0221576 0.0104818 0.00666024 0.00702663 0.00931945 0.0125056 0.016089 0.0196881 0.0229146 0.0254001 0.0268676 0.0271905 0.0264163 0.0247421 0.0224562 0.0198641 0.0172263 0.0147228 0.0124477 0.010428 0.00865096 0.00709017
 1.04776e-16 1.49342e-05 8.75972e-05 0.000416283 0.00160252 0.00499714 0.0126228 0.0258309 0.0428289 0.0575523 0.0627186 0.0555373 0.0402247 0.0244233 0.0136273 0.0090325 0.00918624 0.0123036 0.0172405 0.0233558 0.0301275 0.036947 0.043115 0.047951 0.0509351 0.0518202 0.0506755 0.0478435 0.0438341 0.0391926 0.0343861 0.0297409 0.0254338 0.0215254 0.0180098 0.0148591
 1.07028e-16 2.23397e-05 0.000131098 0.000623146 0.00239909 0.00748128 0.0188972 0.0386667 0.0640968 0.0860875 0.0936996 0.082696 0.0592978 0.0348133 0.017288 0.00829968 0.00546714 0.00597903 0.0081272 0.0111685 0.0147824 0.0187333 0.0227608 0.0265846 0.0299447 0.0326406 0.0345519 0.0356348 0.0359031 0.0354023 0.0341911 0.0323365 0.0299198 0.0270455 0.0238468 0.0204804
 1.04858e-16 2.89051e-05 0.000169643 0.000806395 0.00310465 0.00968153 0.0244548 0.050038 0.0829445 0.111395 0.121227 0.106949 0.076596 0.0447802 0.0218806 0.00989495 0.00568828 0.00556513 0.00726185 0.00977859 0.0126884 0.0157086 0.0185636 0.0209895 0.0227808 0.0238299 0.0241424 0.0238194 0.0230157 0.021892 0.0205756 0.0191433 0.0176259 0.0160273 0.0143485 0.0126041
pSPR Fmed_Fpbrs
0.447881   0.6 0.325
Fs Fmed_Fpbrs
0.64   0.349927 1.08052
SSBpbr Bo_Bmed_Bpbrs
1.94086e+06  772230  1.06747e+06 533736
Ro
53103.6
SPR SPRFo_SPRFmed_SPRFpbrs
1.09681e+06 491242 356465
log_Ro
10.7
likeval ReclasPelacesDesembMPH_pf_preclas_ppelaces_ptallas_desvR_qrecl_qpela
 64.4478 0.000237879 0.0225392 58.6891 336.568 215.898 55.6013 0 16.2871 4.71118e-05 9.39871e-06 8.05452e-16 0 0 0
q_reclas_q_pelaces
0.378087 1.54676
M
0.7
N
 53620.2 14027.3 5211.08 613.435 0.348762
 65164.1 24459.1 4296.64 1596.18 188.005
 37926.5 30286.7 8334.01 1464 607.927
 50521.8 17097.2 8673.91 2386.81 593.387
 79066.1 24608.5 7606.63 3859.06 1325.9
 57183.6 39098.4 11931.5 3688.11 2513.95
 101995 27115.9 14932.3 4556.83 2368.66
 101447 49122.6 11313.5 6230.15 2889.5
 142321 47503.9 17464.5 4022.28 3242.31
 125653 66356.8 16479.9 6058.75 2520.21
 63954 59606.4 25397.9 6307.64 3283.57
 40634 28879.5 17237.1 7344.6 2773.6
 39205.4 18428 8558.1 5108 2998.41
 27083.7 16746.3 3883.67 1803.61 1708.41
 19594.9 9977.91 1521.16 352.775 319.016
 18674.7 7469.38 1100.42 167.761 74.0886
 14480.6 8461.74 2202.4 324.465 71.311
 19202 6715.88 2848.38 741.367 133.225
 22705.2 9097.6 2552.39 1082.53 332.391
 34667.8 10870.1 3668.9 1029.33 570.613
 53353.2 16601.3 4389.88 1481.68 646.136
 76740.9 26045.7 7480.46 1978.06 958.786
 112912 37341.9 11521.9 3309.14 1299.18
 144443 54861.3 16380.2 5054.11 2021.46
 52308.4 70243.8 24187.2 7221.66 3119.46
 72306 25496.4 31375.8 10803.7 4619.08
 121143 35171.1 11255.5 13851 6808.46
pred_Ctot
 3154.96 3973.74 1476.22 173.777 0.0987993
 3013.44 5641.24 990.974 368.141 43.3613
 2528.96 9513.37 2617.8 459.858 190.956
 695.822 1287.79 653.334 179.778 44.695
 238.48 418.659 129.41 65.6535 22.5573
 1859.56 6591.78 2011.59 621.794 423.838
 2214.74 3147.86 1733.47 528.997 274.975
 4175.43 10229.1 2355.88 1297.34 601.699
 6275.8 10510.7 3864.2 889.97 717.393
 4052.96 11104.9 2757.93 1013.94 421.76
 4192.52 18464.7 7867.67 1953.96 1017.17
 2548.09 8625.66 5148.32 2193.67 828.413
 3977.28 8005.83 3717.97 2219.11 1302.63
 5114.46 10782.1 2500.49 1161.25 1099.96
 3324.87 6058.84 923.684 214.214 193.714
 1181.98 2248.08 331.195 50.4915 22.2986
 690.589 2004.5 521.724 76.8624 16.8928
 635.823 1150.98 488.16 127.057 22.8324
 587.73 1244.13 349.048 148.04 45.4556
 891.423 1477.38 498.647 139.898 77.5531
 650.461 1111.91 294.023 99.2393 43.2766
 1111.37 2058.67 591.26 156.347 75.7829
 1753.39 3155.38 973.593 279.621 109.78
 2152.41 4456.49 1330.59 410.555 164.207
 694.665 5108.88 1759.15 525.237 226.881
 1065.73 2049.52 2522.14 868.452 371.303
 2570.24 3995.05 1278.5 1573.32 773.367
F
 0.0849213 0.483175 0.483175 0.483175 0.483175
 0.0662005 0.37666 0.37666 0.37666 0.37666
 0.0967343 0.550388 0.550388 0.550388 0.550388
 0.0193149 0.109896 0.109896 0.109896 0.109896
 0.00420185 0.0239072 0.0239072 0.0239072 0.0239072
 0.0461459 0.262556 0.262556 0.262556 0.262556
 0.0306039 0.174127 0.174127 0.174127 0.174127
 0.0587283 0.334146 0.334146 0.334146 0.334146
 0.0630386 0.35867 0.35867 0.35867 0.35867
 0.0457637 0.260381 0.260381 0.260381 0.260381
 0.0950318 0.540701 0.540701 0.540701 0.540701
 0.090735 0.516253 0.516253 0.516253 0.516253
 0.150639 0.85709 0.85709 0.85709 0.85709
 0.298559 1.69871 1.69871 1.69871 1.69871
 0.264458 1.50468 1.50468 1.50468 1.50468
 0.091616 0.521266 0.521266 0.521266 0.521266
 0.0683352 0.388806 0.388806 0.388806 0.388806
 0.0470054 0.267446 0.267446 0.267446 0.267446
 0.0365783 0.208119 0.208119 0.208119 0.208119
 0.0363315 0.206715 0.206715 0.206715 0.206715
 0.0170808 0.0971842 0.0971842 0.0971842 0.0971842
 0.0203188 0.115607 0.115607 0.115607 0.115607
 0.0218015 0.124044 0.124044 0.124044 0.124044
 0.0209126 0.118986 0.118986 0.118986 0.118986
 0.0186185 0.105933 0.105933 0.105933 0.105933
 0.0206828 0.117679 0.117679 0.117679 0.117679
 0.029893 0.170082 0.170082 0.170082 0.170082
Np
 44190.3 20635.3 20433.1 5156.28 2227.61
YTP_r0W_actual
 42765 164587 76568.8 120333 65639.6
YTP_p0W_proyectada
 15599.7 273226 100231 40963.3 79375
 15599.7 96565.3 139002 44795.8 21476.1
CTP_r0_actual
 5215.25 7619.78 2438.5 3000.81 1475.05
CTP_p0_proyectada
 1902.4 12649.3 3192.06 1021.53 1783.71
 1902.4 4470.62 4426.81 1117.1 482.608
Wmedp
 8.2 21.6 31.4 40.1 44.5
nmprior
 10.8 10.6 4.6 0
nm_flota  nm_reclas  nm_pelaces    nm_pelaL
inf 14.8213 17.0468 53.0031
cv_recla  cv_pelaces  cv_mph
0.69524 0.563181 0.614237
 ------------------------------------------------
Talla a la edad & desviaci?n 
 7.2 14.2025 17.0495 18.207 18.6776
 1.08 2.13037 2.55742 2.73105 2.80164
