years
 1997 1998 1999 2000 2001 2002 2003 2004 2005 2006 2007 2008 2009 2010 2011 2012 2013 2014 2015 2016 2017 2018 2019 2020 2021 2022 2023
reclasobs
 0 0 0 370054 412103 1.49427e+06 250295 1.28982e+06 931140 785840 897777 1.04006e+06 184774 17550 25797 100020 73551 82996 120727 218422 84188 347160 605670 569463 516374 1.08416e+06 1.01767e+06
reclaspred
 1.77321e+06 307085 590644 194114 266297 338693 654622 571662 680194 984622 1.04164e+06 719438 376664 141080 83976.6 94052 96142.8 109798 123410 129643 189985 226236 425512 558316 842954 673972 287520
pelacesobs
 0 0 0 0 0 0 0 0 0 2.06254e+06 1.5e+06 0 1.87456e+06 323000 250000 174000 83755 137374 0 501740 490994 745055 786931 1.00524e+06 1.33801e+06 1.41789e+06 0
pelacespred
 3.0906e+06 942383 539775 388602 629878 479232 1.62951e+06 1.33213e+06 1.59711e+06 2.369e+06 1.89543e+06 1.31995e+06 756730 233418 148964 167542 166874 200202 220434 212566 423989 450333 648184 1.03794e+06 1.43103e+06 1.09542e+06 353411
mphobs
 0 0 0 0 0 0 112323 0 153150 637223 0 255016 313432 73983 77613 109348 50772 17779 17303 59886 28197 0 207744 136588 643089 65757 70829
mphpred
 455047 187013 167480 74924.5 61731.4 146955 171818 294450 270186 370887 455560 295152 172413 124854 55110.2 46499 40002.7 44283.6 36926.4 34074.4 46248.3 70417.7 92978.3 142719 206950 148816 104418
desembarqueobs
 350755 77701 442110 56441 14545 235359 269955 359681 431902 328805 639364 411747 362871 311530 167758 66681 60226 58785 57116 73181 50977 67692 138656 160484 209506 203330 245020
desembarquepred
 350731 77663.5 441570 56421.2 14543.7 235241 269898 359102 431367 328587 638480 411192 362351 310616 167342 66622.1 60210.2 58720.8 57029.9 73114.4 50953.6 67622.3 138581 160399 209414 203153 244698
Reclutas
 17886.7 43965.1 4342.75 8051.55 36884.6 14785.5 62375.4 52606.5 86273.1 114825 59549 48130.9 54327 28562.3 14032 10225.1 6513.14 8089.33 8513.09 8374.28 16476.4 22385.4 31853.5 52476.6 11471.3 27386.7 4680.9
log_desv_Rt
 -0.188189 0.711151 -1.60374 -0.986381 0.535548 -0.378598 1.06093 0.890595 1.38527 1.67116 1.01456 0.80168 0.922776 0.279845 -0.430902 -0.747403 -1.19842 -0.981698 -0.93064 -0.947079 -0.270316 0.0361636 0.388901 0.888123 -0.632395 0.237812 -1.52875
SSB
 623693 256322 229549 102692 84609.7 201418 224957 395827 355773 494315 624395 404539 248978 139542 66051.3 55176.1 50968.7 52832.4 62918 64084.5 77946.4 114226 157262 225338 369939 284514 185837
BT
 1.23505e+06 391323 376534 171523 266870 315437 1.02636e+06 902458 1.13804e+06 1.24824e+06 1.20347e+06 843358 683919 390097 206992 117051 110311 126469 121138 133014 213241 200294 304786 499017 523215 499909 290106
Ftot
 0.565789 0.848413 1.80776 0.896098 0.22214 1.7315 1.59718 1.88765 2.1534 1.10803 1.65637 1.62658 2.80953 4.95303 4.95303 1.96857 1.76969 1.63464 1.32929 1.6033 0.897681 0.898151 0.951155 0.916342 0.672954 0.927865 2.02927
BD_Bspro_t
 0.934609 0.643538 0.518094 0.19744 0.261057 0.501914 0.386859 0.475909 0.406502 0.442772 0.462221 0.297169 0.208306 0.142467 0.0822287 0.0839857 0.106775 0.151758 0.217111 0.265319 0.334788 0.488618 0.523988 0.536779 0.585668 0.446981 0.340018
BD_Bspro
 1.39863 0.574803 0.514764 0.230287 0.189737 0.451678 0.504466 0.887642 0.797821 1.1085 1.4002 0.907177 0.558333 0.312922 0.14812 0.123732 0.114297 0.118477 0.141094 0.143709 0.174795 0.256151 0.35266 0.50532 0.829587 0.638022 0.41674
BD_Bo
 1.28425 0.527794 0.472665 0.211454 0.17422 0.414739 0.46321 0.815049 0.732573 1.01785 1.28569 0.832986 0.512671 0.287331 0.136006 0.113613 0.10495 0.108787 0.129555 0.131956 0.160499 0.235202 0.323819 0.463994 0.761742 0.585843 0.382658
BD_Brms
 2.33499 0.959625 0.859391 0.384462 0.316764 0.754071 0.842199 1.48191 1.33195 1.85063 2.33762 1.51452 0.932129 0.522419 0.247284 0.206569 0.190818 0.197795 0.235554 0.239921 0.291817 0.427641 0.588762 0.843626 1.38499 1.06517 0.695742
S_f
 0.0789519 0.711668 0.986125 0.999512 0.999983
 0.0789519 0.711668 0.986125 0.999512 0.999983
 0.0789519 0.711668 0.986125 0.999512 0.999983
 0.0789519 0.711668 0.986125 0.999512 0.999983
 0.0789519 0.711668 0.986125 0.999512 0.999983
 0.0789519 0.711668 0.986125 0.999512 0.999983
 0.0789519 0.711668 0.986125 0.999512 0.999983
 0.0789519 0.711668 0.986125 0.999512 0.999983
 0.0789519 0.711668 0.986125 0.999512 0.999983
 0.0789519 0.711668 0.986125 0.999512 0.999983
 0.0789519 0.711668 0.986125 0.999512 0.999983
 0.0789519 0.711668 0.986125 0.999512 0.999983
 0.0789519 0.711668 0.986125 0.999512 0.999983
 0.0789519 0.711668 0.986125 0.999512 0.999983
 0.0789519 0.711668 0.986125 0.999512 0.999983
 0.0789519 0.711668 0.986125 0.999512 0.999983
 0.0789519 0.711668 0.986125 0.999512 0.999983
 0.0789519 0.711668 0.986125 0.999512 0.999983
 0.0789519 0.711668 0.986125 0.999512 0.999983
 0.0789519 0.711668 0.986125 0.999512 0.999983
 0.0789519 0.711668 0.986125 0.999512 0.999983
 0.0789519 0.711668 0.986125 0.999512 0.999983
 0.0789519 0.711668 0.986125 0.999512 0.999983
 0.0789519 0.711668 0.986125 0.999512 0.999983
 0.0789519 0.711668 0.986125 0.999512 0.999983
 0.0789519 0.711668 0.986125 0.999512 0.999983
 0.0789519 0.711668 0.986125 0.999512 0.999983
Scru_reclas
 0.155922 0.481771 0.8239 0.959259 0.991632
 0.155922 0.481771 0.8239 0.959259 0.991632
 0.155922 0.481771 0.8239 0.959259 0.991632
 0.155922 0.481771 0.8239 0.959259 0.991632
 0.155922 0.481771 0.8239 0.959259 0.991632
 0.155922 0.481771 0.8239 0.959259 0.991632
 0.155922 0.481771 0.8239 0.959259 0.991632
 0.155922 0.481771 0.8239 0.959259 0.991632
 0.155922 0.481771 0.8239 0.959259 0.991632
 0.155922 0.481771 0.8239 0.959259 0.991632
 0.155922 0.481771 0.8239 0.959259 0.991632
 0.155922 0.481771 0.8239 0.959259 0.991632
 0.155922 0.481771 0.8239 0.959259 0.991632
 0.155922 0.481771 0.8239 0.959259 0.991632
 0.155922 0.481771 0.8239 0.959259 0.991632
 0.155922 0.481771 0.8239 0.959259 0.991632
 0.155922 0.481771 0.8239 0.959259 0.991632
 0.155922 0.481771 0.8239 0.959259 0.991632
 0.155922 0.481771 0.8239 0.959259 0.991632
 0.155922 0.481771 0.8239 0.959259 0.991632
 0.155922 0.481771 0.8239 0.959259 0.991632
 0.155922 0.481771 0.8239 0.959259 0.991632
 0.155922 0.481771 0.8239 0.959259 0.991632
 0.155922 0.481771 0.8239 0.959259 0.991632
 0.155922 0.481771 0.8239 0.959259 0.991632
 0.155922 0.481771 0.8239 0.959259 0.991632
 0.155922 0.481771 0.8239 0.959259 0.991632
Scru_pelaces
 0.338219 0.830869 0.979262 0.997802 0.999771
 0.338219 0.830869 0.979262 0.997802 0.999771
 0.338219 0.830869 0.979262 0.997802 0.999771
 0.338219 0.830869 0.979262 0.997802 0.999771
 0.338219 0.830869 0.979262 0.997802 0.999771
 0.338219 0.830869 0.979262 0.997802 0.999771
 0.338219 0.830869 0.979262 0.997802 0.999771
 0.338219 0.830869 0.979262 0.997802 0.999771
 0.338219 0.830869 0.979262 0.997802 0.999771
 0.338219 0.830869 0.979262 0.997802 0.999771
 0.338219 0.830869 0.979262 0.997802 0.999771
 0.338219 0.830869 0.979262 0.997802 0.999771
 0.338219 0.830869 0.979262 0.997802 0.999771
 0.338219 0.830869 0.979262 0.997802 0.999771
 0.338219 0.830869 0.979262 0.997802 0.999771
 0.338219 0.830869 0.979262 0.997802 0.999771
 0.338219 0.830869 0.979262 0.997802 0.999771
 0.338219 0.830869 0.979262 0.997802 0.999771
 0.338219 0.830869 0.979262 0.997802 0.999771
 0.338219 0.830869 0.979262 0.997802 0.999771
 0.338219 0.830869 0.979262 0.997802 0.999771
 0.338219 0.830869 0.979262 0.997802 0.999771
 0.338219 0.830869 0.979262 0.997802 0.999771
 0.338219 0.830869 0.979262 0.997802 0.999771
 0.338219 0.830869 0.979262 0.997802 0.999771
 0.338219 0.830869 0.979262 0.997802 0.999771
 0.338219 0.830869 0.979262 0.997802 0.999771
pf_obs 
 0.256992 0.487395 0.22802 0.0275931 0
 0.321318 0.546541 0.124235 0.00734118 0.000564706
 0.182869 0.594174 0.210203 0.0122559 0.00049798
 0.330522 0.361315 0.267642 0.0388342 0.00168674
 0.649043 0.306663 0.0425973 0.00169635 0
 0.582887 0.30429 0.105238 0.00758474 0
 0.465427 0.430635 0.0974691 0.00646863 0
 0.296916 0.608066 0.0921331 0.00288517 0
 0.311714 0.524322 0.152257 0.0117073 0
 0.15457 0.633149 0.183074 0.0267441 0.00246327
 0.131901 0.49318 0.331252 0.0422183 0.00144891
 0.196976 0.569456 0.194076 0.0375587 0.00193317
 0.518974 0.381816 0.0799577 0.0180837 0.00116848
 0.0928022 0.601141 0.25162 0.0475244 0.00691264
 0.122501 0.610282 0.24278 0.0234846 0.000952079
 0.383417 0.481906 0.127806 0.00687128 0
 0.0376549 0.599619 0.316969 0.0457579 0
 0.0361596 0.667082 0.258105 0.0386534 0
 0.158088 0.579412 0.248529 0.0139706 0
 0.0477256 0.309471 0.559284 0.082774 0.000745712
 0.0406174 0.521527 0.379366 0.0568643 0.0016247
 0.151134 0.462217 0.34131 0.0453401 0
 0.294876 0.26143 0.354403 0.0886775 0.000613685
 0.281977 0.475581 0.204845 0.0348837 0.00271318
 0.0841818 0.532909 0.334909 0.0458182 0.00218182
 0.115287 0.27431 0.454777 0.147771 0.00785563
 0 0 0 0 0
pf_pred 
 0.0795475 0.616579 0.268416 0.0354509 6.42893e-06
 0.248021 0.345618 0.306328 0.0885421 0.0114908
 0.0289595 0.788866 0.104934 0.0585186 0.0187228
 0.162466 0.26895 0.508136 0.0352616 0.0251863
 0.45243 0.38745 0.0689011 0.0817006 0.0095182
 0.109577 0.785426 0.0815622 0.0101707 0.0132641
 0.513862 0.319816 0.155407 0.00853477 0.00238048
 0.242522 0.717203 0.0314132 0.00829528 0.000566574
 0.374424 0.527175 0.0956748 0.00214086 0.000585564
 0.300767 0.641391 0.053057 0.00465722 0.00012829
 0.137405 0.721411 0.133955 0.00664309 0.000585662
 0.17979 0.583768 0.213978 0.0213438 0.00111954
 0.300373 0.554114 0.11949 0.0236133 0.00241011
 0.262201 0.685175 0.0474987 0.0042396 0.000885737
 0.290265 0.685356 0.0239357 0.000402825 4.05859e-05
 0.272265 0.703108 0.0244155 0.000207759 3.59483e-06
 0.181191 0.706272 0.110591 0.00192986 1.61845e-05
 0.271879 0.568371 0.147433 0.0121098 0.000206891
 0.242051 0.646043 0.0971842 0.0136161 0.001106
 0.227421 0.625767 0.13357 0.0115376 0.00170459
 0.338288 0.536089 0.111423 0.0129504 0.0012487
 0.258532 0.62722 0.0996745 0.0129565 0.00161715
 0.256202 0.585849 0.141838 0.0140926 0.00201808
 0.285522 0.566342 0.126984 0.0190355 0.00211657
 0.0484107 0.770856 0.155443 0.0217432 0.00354685
 0.192807 0.269009 0.467045 0.0613447 0.00979499
 0.0495032 0.739676 0.0942721 0.101424 0.0151245
pobs_RECLAS
 0 0 0 0 0
 0 0 0 0 0
 0 0 0 0 0
 0 0 0 0 0
 0.835266 0.146461 0.0176864 0.000547809 3.91292e-05
 0.385257 0.428462 0.181853 0.0044286 0
 0.867414 0.0963971 0.0333333 0.00285562 0
 0.441836 0.489002 0.0689373 0.000224442 0
 0.779404 0.147425 0.0564933 0.0165055 0.000172143
 0.814271 0.122319 0.05973 0.00367925 0
 0.40263 0.566651 0.0304383 0.000280538 0
 0.475488 0.404961 0.113038 0.00651328 0
 0.955842 0.0263864 0.0167828 0.000988607 0
 0.975058 0.0227948 0.00214734 0 0
 0.738997 0.206755 0.0527124 0.00153531 0
 0.850938 0.134255 0.0134407 0.00136685 0
 0.542534 0.407297 0.0501686 0 0
 0.764087 0.199537 0.0359546 0.000420521 0
 0.470689 0.182191 0.310203 0.0369168 0
 0.84361 0.089868 0.0606195 0.00523954 0.000663233
 0.607945 0.314616 0.071237 0.00620181 0
 0.523733 0.453247 0.0230204 0 0
 0.530135 0.295979 0.169645 0.0042399 0
 0.562478 0.366248 0.0663022 0.0049721 0
 0.250443 0.683176 0.0655157 0.000865301 0
 0.195077 0.31981 0.436473 0.0351445 0.0134964
 0.565238 0.351407 0.0832357 0.000118908 0
ppred_RECLAS
 0.193725 0.500924 0.265148 0.0401953 7.53154e-06
 0.470502 0.214756 0.228735 0.0758387 0.010169
 0.0870747 0.714002 0.107617 0.0686241 0.0226826
 0.340843 0.18419 0.417249 0.0332094 0.0245081
 0.688985 0.200413 0.0437906 0.0596331 0.00717833
 0.284225 0.61814 0.0731458 0.0104328 0.0140563
 0.765075 0.146435 0.0818627 0.00514495 0.00148253
 0.515395 0.454913 0.0224403 0.00677367 0.000477952
 0.670182 0.273337 0.0546891 0.00139724 0.000394796
 0.568451 0.389393 0.038203 0.00384388 0.000109399
 0.33695 0.540865 0.115062 0.0065286 0.000594629
 0.40567 0.403903 0.169976 0.0194006 0.00105131
 0.613864 0.301736 0.0675943 0.0152034 0.00160283
 0.658372 0.321201 0.0182068 0.00182686 0.000394061
 0.687914 0.303246 0.00865968 0.000163833 1.70427e-05
 0.557424 0.425863 0.01655 0.000160925 2.87653e-06
 0.418083 0.49252 0.0876337 0.00174889 1.51523e-05
 0.540712 0.346342 0.103087 0.00968851 0.000171006
 0.496148 0.417523 0.0735374 0.0118018 0.000990418
 0.481484 0.407182 0.099947 0.00987968 0.00150798
 0.600586 0.310655 0.0774114 0.0103193 0.00102805
 0.508101 0.402342 0.0766544 0.0114283 0.00147377
 0.503309 0.37419 0.108331 0.0123432 0.00182626
 0.539523 0.348832 0.0936873 0.0161071 0.00185042
 0.128083 0.675917 0.165042 0.0264923 0.00446512
 0.389921 0.177183 0.36827 0.0554743 0.00915173
 0.144976 0.636518 0.0903513 0.111048 0.0171069
pobs_PELACES
 0 0 0 0 0
 0 0 0 0 0
 0 0 0 0 0
 0 0 0 0 0
 0 0 0 0 0
 0 0 0 0 0
 0 0 0 0 0
 0 0 0 0 0
 0 0 0 0 0
 0 0 0 0 0
 0.450072 0.473896 0.0757376 0.000293798 0
 0 0 0 0 0
 0.463077 0.371075 0.160297 0.00555027 0
 0.529543 0.364841 0.0842815 0.0213345 0
 0.631943 0.363953 0.00410389 0 0
 0.735681 0.248677 0.0153453 0.000297389 0
 0.695825 0.281241 0.0229344 0 0
 0.275771 0.60734 0.115278 0.00161068 0
 0 0 0 0 0
 0.896147 0.0623911 0.0374545 0.00400742 0
 0.803859 0.145111 0.0509908 3.86294e-05 0
 0.739449 0.233085 0.0266225 0.000797448 4.60066e-05
 0.878498 0.100942 0.0204185 0.000141795 0
 0.694673 0.275183 0.0284847 0.00165964 0
 0.469039 0.446079 0.0841089 0.000773354 0
 0.822795 0.102175 0.0682046 0.00682512 0
 0 0 0 0 0
ppred_PELACES
 0.282194 0.5155 0.178658 0.0236433 4.29359e-06
 0.633669 0.192625 0.130937 0.0378509 0.00491867
 0.162548 0.726547 0.0640722 0.0354717 0.0113611
 0.51805 0.184598 0.26573 0.0184362 0.0131856
 0.771192 0.170269 0.0251296 0.0299192 0.0034907
 0.432437 0.520879 0.0363133 0.00449819 0.00587265
 0.871151 0.0949737 0.0316632 0.00172929 0.000482866
 0.670905 0.317453 0.00909626 0.00238298 0.000162928
 0.812366 0.168031 0.0190644 0.000422225 0.000115596
 0.684488 0.295792 0.0180903 0.00158517 4.37205e-05
 0.494278 0.446372 0.0563278 0.00277661 0.000245059
 0.581579 0.327806 0.0820502 0.00813713 0.000427287
 0.800667 0.174037 0.0208327 0.00405014 0.000413684
 0.875888 0.120786 0.00301289 0.000258843 5.40757e-05
 0.887945 0.11064 0.00139036 2.2522e-05 2.26909e-06
 0.708317 0.285236 0.00639196 5.39219e-05 9.33943e-07
 0.582726 0.377183 0.0394024 0.000682814 5.73245e-06
 0.698636 0.252908 0.0447399 0.0036534 6.24862e-05
 0.637066 0.322935 0.0347527 0.00485248 0.000394625
 0.64168 0.308703 0.0451638 0.00387946 0.000573797
 0.713358 0.243226 0.0385088 0.00447475 0.000432028
 0.627223 0.327359 0.0396251 0.00514961 0.000643582
 0.631547 0.306065 0.0560265 0.00556326 0.000797701
 0.662734 0.281354 0.0479299 0.0071824 0.000799655
 0.188078 0.685671 0.108562 0.0152054 0.00248375
 0.571642 0.17015 0.224084 0.0294199 0.00470361
 0.270344 0.61776 0.050287 0.0536069 0.00800183
pobs_pel_tallas
 0 0 0 0 0 0 0 0 0 0 0 0 0 0 0 0 0 0 0 0 0 0 0 0 0 0 0 0 0 0 0 0 0 0 0 0
 0 0 0 0 0 0 0 0 0 0 0 0 0 0 0 0 0 0 0 0 0 0 0 0 0 0 0 0 0 0 0 0 0 0 0 0
 0 0 0 0 0 0 0 0 0 0 0 0 0 0 0 0 0 0 0 0 0 0 0 0 0 0 0 0 0 0 0 0 0 0 0 0
 0 0 0 0 0 0 0 0 0 0 0 0 0 0 0 0 0 0 0 0 0 0 0 0 0 0 0 0 0 0 0 0 0 0 0 0
 0 0 0 0 0 0 0 0 0 0 0 0 0 0 0 0 0 0 0 0 0 0 0 0 0 0 0 0 0 0 0 0 0 0 0 0
 0 0 0 0 0 0 0 0 0 0 0 0 0 0 0 0 0 0 0 0 0 0 0 0 0 0 0 0 0 0 0 0 0 0 0 0
 0 0 0 0 0 0 0 0 0 0 0 0 0 0 0 0 0 0 0 0 0 0 0 0 0 0 0 0 0 0 0 0 0 0 0 0
 0 0 0 0 0 0 0 0 0 0 0 0 0 0 0 0 0 0 0 0 0 0 0 0 0 0 0 0 0 0 0 0 0 0 0 0
 0 0 0 0 0 0 0 0 0 0 0 0 0 0 0 0 0 0 0 0 0 0 0 0 0 0 0 0 0 0 0 0 0 0 0 0
 0 0 0 0 0 0 0 0 0 0 0 0 0 0 0 0 0 0 0 0 0 0 0 0 0 0 0 0 0 0 0 0 0 0 0 0
 0 0 0 0 0 0 0 0 1.78061e-05 0.00172719 0.00360574 0.0105946 0.0120993 0.0124554 0.0147524 0.0171206 0.0266825 0.0428682 0.0675386 0.121331 0.153587 0.119568 0.100827 0.0573624 0.0630603 0.0341343 0.0324427 0.0444173 0.0211091 0.0280891 0.0125444 0.00206551 0 0 0 0
 0 0 0 0 0 0 0 0 0 0 0 0 0 0 0 0 0 0 0 0 0 0 0 0 0 0 0 0 0 0 0 0 0 0 0 0
 0 0 0 0 0 0 0.0133647 0.0140871 0.0187388 0.0205184 0.03894 0.0496705 0.03968 0.0493445 0.0407372 0.0367815 0.0215668 0.0243155 0.0234873 0.0199281 0.019796 0.0243948 0.0301388 0.0376714 0.0412746 0.0863199 0.0771752 0.113111 0.0741005 0.0525337 0.0229764 0.00759418 0.00175318 0 0 0
 0 0 0 0 0 0 0 0 0 0 0.00219441 0.00772107 0.0458388 0.0604681 0.0671733 0.0775358 0.0609151 0.0617685 0.073594 0.0568108 0.0755445 0.0548602 0.0670107 0.0636378 0.0643287 0.046367 0.0373049 0.0286899 0.0247887 0.0153202 0.00654259 0.00121912 0.000365735 0 0 0
 0 0 0 0 0 0 0 0 0 0 0 0 0.000112435 0.00938835 0.0111873 0.0202946 0.0414886 0.0713402 0.111592 0.104902 0.108894 0.110636 0.117776 0.105296 0.107544 0.0401394 0.0192827 0.0124803 0.00416011 0.0028671 0.000618394 0 0 0 0 0
 0 0 0 0 0 0 0 0 0 0 0.00291406 0.0102884 0.027416 0.0768956 0.0749926 0.110853 0.0956884 0.0897413 0.0766577 0.0534642 0.0500743 0.0551293 0.0594112 0.0620874 0.0668451 0.0424026 0.0208742 0.0120726 0.0048766 0.00582813 0.00118941 0.000297354 0 0 0 0
 0 0.00264628 0.0354308 0.0461629 0.0458689 0.0383711 0.0214643 0.0164657 0.0346957 0.0420465 0.0363128 0.0245516 0.0311673 0.0291091 0.0169068 0.0133784 0.00837989 0.0085269 0.0148486 0.0160247 0.0276389 0.0546898 0.0760071 0.122758 0.109233 0.0665981 0.0333725 0.0166128 0.00676272 0.00308733 0.000882094 0 0 0 0 0
 0 0 0 0 0 0 0 0.000805153 0.000690131 0.00759144 0.0133425 0.0154129 0.00931677 0.000345066 0.00356568 0.00563607 0.00851162 0.0253048 0.0502646 0.0516448 0.0657925 0.0565908 0.0611916 0.0827007 0.0866115 0.110766 0.145733 0.0935128 0.0569358 0.0249597 0.0138026 0.00621118 0.00161031 0.00115022 0 0
 0 0 0 0 0 0 0 0 0 0 0 0 0 0 0 0 0 0 0 0 0 0 0 0 0 0 0 0 0 0 0 0 0 0 0 0
 0.00147267 0.00158595 0.00478618 0.00569244 0.00954404 0.0108468 0.00647125 0.017049 0.0510054 0.094081 0.124002 0.0959785 0.0687766 0.0820023 0.061753 0.0591476 0.0492212 0.0479892 0.0443925 0.0268479 0.0217502 0.0140895 0.0121071 0.0120363 0.00920419 0.00665534 0.0049561 0.00860946 0.00930331 0.0156896 0.0114698 0.00855282 0.00243557 0.00046729 0 2.83206e-05
 0 0 0 0 0.000772559 0.00158375 0.000888443 0.00281984 0.00712685 0.0440552 0.0773331 0.111326 0.0921469 0.0852325 0.0710754 0.0886704 0.0786465 0.0553345 0.0373146 0.0185414 0.00753245 0.00457741 0.012979 0.0271748 0.0457355 0.0583668 0.034881 0.0177882 0.00938659 0.00492506 0.0015258 0.00185414 0.000309023 5.79419e-05 3.86279e-05 0
 0 0.00173294 0.00326652 0 0.00397197 0.00683976 0.00946217 0.0152591 0.00757587 0.0136028 0.0228656 0.0392903 0.0559909 0.0764795 0.0681675 0.0726916 0.0566044 0.0477403 0.0527397 0.0444891 0.0609904 0.0582453 0.0661739 0.0445044 0.0529084 0.0360697 0.0280645 0.0235558 0.0158879 0.00826598 0.00280645 0.00217768 0.000904811 0.00058276 9.20147e-05 0
 0 0 0 0 0 0 0 0 0 0 0 0 0 0 0 0 0 0 0 0 0 0 0 0 0 0 0 0 0 0 0 0 0 0 0 0
 0 0 0 0 0 0 0 0 0 0 0 0 0 0 0 0 0 0 0 0 0 0 0 0 0 0 0 0 0 0 0 0 0 0 0 0
 0 0 0 0 0 0 0 0 0 0 0 0 0 0 0 0 0 0 0 0 0 0 0 0 0 0 0 0 0 0 0 0 0 0 0 0
 0 0 0 0 0 0 0 0 0 0 0 0 0 0 0 0 0 0 0 0 0 0 0 0 0 0 0 0 0 0 0 0 0 0 0 0
 0 0 0 0 0 0 0 0 0 0 0 0 0 0 0 0 0 0 0 0 0 0 0 0 0 0 0 0 0 0 0 0 0 0 0 0
ppred_pel_tallas
 1.03517e-16 1.23389e-05 7.23533e-05 0.000343796 0.0013234 0.0041267 0.0104242 0.021333 0.0353758 0.047551 0.0518564 0.0460063 0.0335118 0.0207269 0.0122468 0.00912805 0.0102399 0.0141574 0.0199411 0.0270013 0.0347694 0.0425356 0.049475 0.0547858 0.0578591 0.0584123 0.0565414 0.0526719 0.0474336 0.0415029 0.0354668 0.029743 0.0245659 0.0200197 0.0160956 0.0127435
 1.03452e-16 2.76516e-05 0.000162282 0.000771396 0.00296988 0.00926127 0.0233933 0.0478662 0.0793453 0.106564 0.115977 0.102333 0.0733267 0.0429427 0.0211217 0.0097896 0.0059641 0.00612479 0.00811497 0.0109761 0.0142831 0.017733 0.0210158 0.0238245 0.0259069 0.0271127 0.0274149 0.0268967 0.0257143 0.024049 0.0220679 0.0199015 0.0176433 0.01536 0.013107 0.0109377
 1.02896e-16 7.13003e-06 4.17539e-05 0.000198282 0.000763066 0.00237926 0.0060106 0.012304 0.0204159 0.0274807 0.0300696 0.0269164 0.0201246 0.0134737 0.00976883 0.0098024 0.0130997 0.0189559 0.0268193 0.036154 0.0462231 0.0560243 0.0643967 0.0702419 0.0727741 0.071708 0.0673248 0.0603853 0.0519301 0.043032 0.0345826 0.0271677 0.0210469 0.016214 0.0124984 0.00966502
 1.05082e-16 2.26102e-05 0.000132684 0.000630684 0.0024281 0.00757175 0.0191257 0.0391344 0.0648725 0.0871304 0.0948376 0.0837071 0.0600378 0.0352778 0.0175749 0.00853149 0.00574318 0.00636869 0.00867946 0.0119174 0.0157442 0.019899 0.0240891 0.0279979 0.0313318 0.033864 0.0354619 0.0360871 0.0357764 0.0346152 0.0327144 0.0301994 0.0272087 0.0238949 0.0204244 0.0169671
 1.01604e-16 3.36471e-05 0.000197484 0.000938754 0.00361426 0.0112707 0.028469 0.0582513 0.0965577 0.129673 0.141108 0.124462 0.0890821 0.0519645 0.0251733 0.0110097 0.00579633 0.00520353 0.0065744 0.00873502 0.0111947 0.0136482 0.0158139 0.0174334 0.0183181 0.018391 0.0177017 0.0164067 0.0147252 0.0128835 0.0110688 0.00940308 0.0079408 0.00668376 0.00560441 0.00466712
 1.01115e-16 1.88901e-05 0.000110815 0.000526647 0.00202743 0.00632217 0.0159698 0.0326796 0.0541826 0.0728036 0.0793246 0.0702075 0.0507746 0.0306766 0.0168376 0.0107339 0.0104836 0.0137804 0.0191314 0.0256909 0.0327833 0.0396505 0.0454494 0.0493906 0.0509142 0.0498256 0.0463425 0.0410316 0.0346639 0.0280337 0.0218023 0.0164056 0.0120369 0.00868949 0.00622918 0.00446839
 1.00563e-16 3.80028e-05 0.000223062 0.00106037 0.00408255 0.0127311 0.0321576 0.0657979 0.109064 0.14646 0.159352 0.140498 0.100438 0.0583427 0.0278034 0.0113754 0.00486146 0.00333994 0.00380638 0.00497249 0.0063694 0.00777994 0.00903598 0.00998748 0.0105226 0.0105903 0.0102103 0.0094634 0.00846824 0.0073521 0.00622531 0.00516625 0.00421849 0.00339691 0.0026983 0.00211116
 1.00323e-16 2.92801e-05 0.000171832 0.000816773 0.00314455 0.00980594 0.0247692 0.0506824 0.0840163 0.112846 0.122836 0.108439 0.0778171 0.0458036 0.0229543 0.0113417 0.00783327 0.00870396 0.0116328 0.0155142 0.0197521 0.023839 0.0272519 0.0295102 0.0302771 0.0294422 0.0271495 0.0237575 0.0197498 0.0156221 0.0117857 0.00850977 0.00590997 0.00397521 0.00261321 0.00169709
 1.00346e-16 3.54425e-05 0.000208024 0.000988864 0.0038072 0.0118724 0.0299888 0.0613608 0.101712 0.136594 0.148635 0.131093 0.0938102 0.0546863 0.0264232 0.0114375 0.00584664 0.00508115 0.00633544 0.00836963 0.0106684 0.0129173 0.0148311 0.0161517 0.0166954 0.0163952 0.0153162 0.0136362 0.0115992 0.00945856 0.00742697 0.0056468 0.0041844 0.00304312 0.00218589 0.00155791
 1.0041e-16 2.98716e-05 0.000175306 0.000833294 0.00320817 0.0100043 0.0252703 0.0517075 0.0857149 0.115125 0.12531 0.110608 0.0793406 0.0466338 0.0232474 0.0112847 0.00753903 0.00820371 0.010913 0.0145536 0.0185458 0.0224117 0.0256633 0.0278507 0.0286567 0.0279725 0.025925 0.0228402 0.0191606 0.0153424 0.0117655 0.0086807 0.00619941 0.00431758 0.00295715 0.00200819
 1.01052e-16 2.15837e-05 0.000126635 0.000601875 0.0023171 0.00722552 0.0182515 0.0373476 0.0619177 0.0831838 0.0905997 0.0801037 0.0577517 0.0345328 0.0183067 0.0106975 0.00949337 0.0120185 0.016571 0.0222532 0.0284359 0.0344589 0.0395971 0.0431688 0.0446843 0.0439618 0.0411695 0.0367732 0.0314155 0.0257641 0.0203804 0.0156413 0.0117244 0.00864202 0.00630071 0.0045608
 1.01572e-16 2.53857e-05 0.000148967 0.000708067 0.002726 0.0085007 0.0214723 0.0439368 0.072836 0.0978346 0.10651 0.0940617 0.0675765 0.0399307 0.0202998 0.0105113 0.00788301 0.0092151 0.0125125 0.0168124 0.0215665 0.0262748 0.0304031 0.0334443 0.0350235 0.0349812 0.0334061 0.0306007 0.0269972 0.0230528 0.0191586 0.0155855 0.0124748 0.00986065 0.00770958 0.00595841
 1.00512e-16 3.49325e-05 0.00020503 0.000974628 0.00375239 0.0117015 0.029557 0.0604774 0.100248 0.134628 0.146499 0.129214 0.0924764 0.0539309 0.0260998 0.0113689 0.00591568 0.0052397 0.00657672 0.00870217 0.0111015 0.0134542 0.0154666 0.0168715 0.0174784 0.0172165 0.016151 0.0144628 0.012401 0.010224 0.00814875 0.00631991 0.00480488 0.00360723 0.0026901 0.0019995
 1.00094e-16 3.82103e-05 0.000224279 0.00106615 0.00410478 0.0128004 0.0323328 0.0661565 0.109659 0.147261 0.160228 0.141283 0.101025 0.058737 0.0280898 0.0116612 0.00523711 0.00387069 0.00453394 0.00591282 0.007505 0.00905216 0.0103433 0.0111938 0.0114756 0.0111469 0.0102631 0.00896149 0.00742684 0.00584866 0.00438414 0.00313607 0.00214866 0.00141747 0.000906893 0.000567945
 1.00057e-16 3.87357e-05 0.000227364 0.00108082 0.00416127 0.0129766 0.0327777 0.0670667 0.111168 0.149286 0.162428 0.143216 0.102393 0.0595022 0.0283998 0.0116931 0.00510489 0.00361662 0.00415836 0.00540281 0.00685151 0.00825859 0.00942908 0.0101937 0.0104357 0.0101178 0.00929172 0.0080847 0.00666729 0.00521425 0.00387033 0.00272991 0.00183315 0.00117515 0.000722126 0.000427858
 1.00186e-16 3.09102e-05 0.000181405 0.000862289 0.00331981 0.0103525 0.0261497 0.0535067 0.0886968 0.119128 0.129662 0.114436 0.0820593 0.0481761 0.0239127 0.011435 0.00741446 0.0079033 0.0104508 0.0139109 0.0177004 0.0213514 0.0243916 0.0263888 0.0270411 0.0262507 0.0241492 0.0210618 0.0174258 0.0136899 0.010226 0.0072775 0.00494875 0.00322899 0.00203343 0.00124544
 1.00706e-16 2.54376e-05 0.000149268 0.000709486 0.00273145 0.00851768 0.0215153 0.044025 0.0729835 0.0980365 0.106741 0.094289 0.0677921 0.0401628 0.0206094 0.0109793 0.00859852 0.0102654 0.0139694 0.0187121 0.0238862 0.0289151 0.0331821 0.0361119 0.0372937 0.0365793 0.0341179 0.0303114 0.0257113 0.0208888 0.0163231 0.0123342 0.00907041 0.00653706 0.00464809 0.00327729
 1.00847e-16 3.04868e-05 0.000178922 0.000850492 0.0032744 0.0102109 0.025792 0.0527746 0.0874825 0.117495 0.127879 0.11285 0.0808929 0.0474343 0.0234398 0.0110377 0.00693879 0.00724911 0.00956108 0.0127672 0.0163286 0.0198299 0.022853 0.0250086 0.0260144 0.0257591 0.024327 0.0219695 0.0190382 0.0159009 0.012869 0.0101543 0.00786073 0.00600332 0.00454024 0.0034048
 1.00784e-16 2.78048e-05 0.00016317 0.000775592 0.00298599 0.00931148 0.0235203 0.048127 0.079781 0.107159 0.116652 0.102994 0.0739402 0.0435835 0.0219571 0.011041 0.00787383 0.00892953 0.0120102 0.0160633 0.0205089 0.02484 0.028527 0.0310771 0.0321383 0.0315822 0.029534 0.0263344 0.0224513 0.0183693 0.0144947 0.0110984 0.00830531 0.00612017 0.00447086 0.00325233
 1.00902e-16 2.80055e-05 0.00016435 0.000781202 0.0030076 0.00937886 0.0236904 0.048475 0.0803575 0.107932 0.11749 0.103725 0.0744463 0.0438442 0.022019 0.0109592 0.00767628 0.00861581 0.0115664 0.0154776 0.0197833 0.023997 0.027612 0.0301555 0.0312862 0.0308744 0.0290304 0.0260698 0.0224299 0.0185662 0.0148627 0.0115783 0.00883673 0.00664999 0.00495904 0.00367383
 1.008e-16 3.11283e-05 0.000182689 0.000868404 0.00334337 0.010426 0.0263353 0.0538861 0.0893244 0.119967 0.130566 0.115212 0.082567 0.0483767 0.0238325 0.0111002 0.00681402 0.00699267 0.00917657 0.0122401 0.0156458 0.0189896 0.0218686 0.0239093 0.0248417 0.0245614 0.0231527 0.0208606 0.0180263 0.0150055 0.0120985 0.00950814 0.00733234 0.00558231 0.0042142 0.00316037
 1.00877e-16 2.73758e-05 0.000160651 0.000763615 0.00293988 0.00916767 0.023157 0.0473838 0.0785493 0.105506 0.114854 0.101412 0.0728173 0.0429467 0.0216827 0.0109795 0.00792626 0.00905506 0.0122031 0.0163314 0.0208613 0.0252817 0.0290562 0.0316849 0.032809 0.0322959 0.0302687 0.0270688 0.0231662 0.019049 0.0151267 0.0116734 0.00881709 0.00656522 0.00484833 0.00356405
 1.01124e-16 2.75636e-05 0.000161755 0.000768868 0.00296011 0.00923077 0.0233164 0.0477097 0.0790889 0.106229 0.115636 0.10209 0.0732781 0.0431657 0.0216964 0.0108294 0.00762599 0.00859114 0.0115512 0.0154744 0.0198046 0.0240621 0.0277453 0.0303839 0.0316354 0.0313638 0.0296691 0.0268528 0.0233377 0.0195659 0.0159123 0.0126315 0.00984933 0.00758449 0.00578814 0.00438196
 1.01057e-16 2.89225e-05 0.000169735 0.000806812 0.00310621 0.00968639 0.0244672 0.0500641 0.0829907 0.111466 0.121327 0.107092 0.0768175 0.0451493 0.0225056 0.0109241 0.00730301 0.00796158 0.0106172 0.0142029 0.0181704 0.0220701 0.0254397 0.0278473 0.0289795 0.0287129 0.0271416 0.0245448 0.0213124 0.017852 0.0145075 0.011512 0.00897892 0.00692288 0.00529637 0.00402519
 1.02403e-16 8.24174e-06 4.8284e-05 0.000229334 0.000882637 0.00275215 0.00695243 0.0142307 0.0236085 0.0317643 0.0347208 0.0309947 0.022991 0.01504 0.0103308 0.0097147 0.0125797 0.0180693 0.0255501 0.0344731 0.0441327 0.0535811 0.0617185 0.0674975 0.0701576 0.0694042 0.0654733 0.0590539 0.051105 0.0426264 0.0344616 0.0271798 0.021055 0.0161181 0.0122458 0.00924875
 1.04468e-16 2.49463e-05 0.000146401 0.000695899 0.0026792 0.0083548 0.0211036 0.0431812 0.0715795 0.096135 0.104629 0.0923255 0.0661674 0.0387747 0.0191205 0.00895153 0.00559075 0.0058807 0.00789903 0.0108075 0.0142492 0.0179714 0.0217026 0.0251545 0.0280631 0.0302306 0.0315482 0.0319951 0.0316187 0.0305075 0.0287683 0.0265149 0.0238674 0.0209545 0.0179151 0.0148918
 1.03131e-16 1.1826e-05 6.93334e-05 0.000329421 0.00126802 0.00395397 0.00998804 0.0204413 0.0339004 0.0455778 0.0497309 0.0441829 0.0323184 0.020255 0.0124339 0.00991068 0.0116397 0.0162719 0.0228842 0.030834 0.03944 0.0478399 0.0550483 0.0601339 0.0624294 0.0616906 0.0581516 0.0524503 0.0454592 0.0380757 0.0310422 0.0248429 0.019688 0.0155671 0.0123364 0.00980287
pSPR Fmed_Fpbrs
0.5193   0.6 0.325
Fs Fmed_Fpbrs
0.64   0.452029 1.58755
SSBpbr Bo_Bmed_Bpbrs
485649  227915  267107 133553
Ro
21590.3
SPR SPRFo_SPRFmed_SPRFpbrs
445931 231572 144928
log_Ro
9.8
likeval ReclasPelacesDesembMPH_pf_preclas_ppelaces_ptallas_desvR_qrecl_qpela
 80.053 0.00015056 0.185067 39.3075 356.236 217.201 57.8343 0 31.1997 8.94367e-05 0.000247331 1.56016e-14 0 0 0
q_reclas_q_pelaces
3.81947 9.36934
M
0.7
N
 17886.7 17902.7 5988.52 782.69 0.141887
 43965.1 8494.22 5943.48 1702.17 220.833
 4342.75 20417.9 2306.19 1278.46 408.953
 8051.55 1869.71 2800.75 192.612 137.534
 36884.6 3725.18 490.691 574.776 66.9334
 14785.5 17997.9 1579.37 195.734 255.212
 62375.4 6404.12 2606.49 142.211 39.6557
 52606.5 27305 1020.49 267.935 18.2965
 86273.1 22506.5 3538.46 78.7738 21.5423
 114825 36143.7 2414.04 210.172 5.78786
 59549 52244.1 8157.63 401.98 35.4312
 48130.9 25946.2 7981.62 791.018 41.4815
 54327 21020.6 4048.89 797.026 81.3378
 28562.3 21611 1413.47 125.92 26.3055
 14032 9593.04 316.096 5.3095 0.534913
 10225.1 4712.84 140.314 1.18737 0.0205409
 6513.14 4346.71 576.56 10.0004 0.0838495
 8089.33 2812.58 612.618 49.9959 0.85397
 8513.09 3530.67 436.39 60.6902 4.92844
 8374.28 3806.29 680.773 58.4217 8.62935
 16476.4 3664.1 603.892 69.5592 6.70493
 22385.4 7622.12 960.531 123.738 15.4394
 31853.5 10355.3 1997.45 196.723 28.1625
 52476.6 14673.6 2613.24 388.257 43.157
 11471.3 24240.4 3795.89 525.694 85.7238
 27386.7 5401.73 7456.61 970.739 154.951
 4680.9 12639.2 1385.95 1483.06 221.114
pred_Ctot
 563.42 4367.11 1901.14 251.092 0.0455348
 2056.47 2865.69 2539.93 734.148 95.2758
 418.84 11409.3 1517.65 846.351 270.787
 397.126 657.409 1242.07 86.1921 61.5644
 461.635 395.332 70.3029 83.3627 9.71185
 1369.39 9815.53 1019.29 127.104 165.762
 5353.32 3331.79 1619 88.9137 24.7994
 5283.54 15624.9 684.362 180.719 12.3433
 9796.08 13792.5 2503.15 56.0114 15.3202
 6952.08 14825.5 1226.39 107.649 2.96536
 5289.48 27771.1 5156.68 255.729 22.5454
 4202.62 13645.7 5001.78 498.916 26.1694
 7872.47 14522.8 3131.72 618.882 63.1665
 6798.92 17766.7 1231.65 109.934 22.9673
 3340.15 7886.56 275.434 4.63541 0.467032
 1068.04 2758.16 95.7771 0.814999 0.0141018
 615.735 2400.1 375.818 6.55819 0.0549994
 709.638 1483.52 384.819 31.6081 0.540012
 613.677 1637.92 246.393 34.521 2.80406
 721.32 1984.77 423.647 36.5943 5.40649
 814.056 1290.04 268.128 31.1637 3.00487
 1106.57 2684.63 426.626 55.4562 6.9217
 1664.48 3806.1 921.484 91.5556 13.1109
 2644.93 5246.31 1176.31 176.336 19.6068
 428.19 6818.18 1374.89 192.317 31.3717
 1397.15 1949.34 3384.38 444.526 70.9781
 502.977 7515.48 957.851 1030.52 153.672
F
 0.0446701 0.402654 0.557938 0.565512 0.565779
 0.0669838 0.603788 0.836641 0.847999 0.848399
 0.142726 1.28652 1.78268 1.80688 1.80773
 0.0707486 0.637724 0.883664 0.89566 0.896083
 0.0175383 0.15809 0.219057 0.222031 0.222136
 0.136705 1.23225 1.70747 1.73065 1.73147
 0.1261 1.13666 1.57501 1.5964 1.59715
 0.149033 1.34338 1.86146 1.88673 1.88762
 0.170015 1.5325 2.12352 2.15235 2.15336
 0.0874811 0.788549 1.09266 1.10749 1.10801
 0.130774 1.17879 1.63339 1.65556 1.65634
 0.128421 1.15758 1.60401 1.62578 1.62655
 0.221818 1.99945 2.77055 2.80816 2.80948
 0.391051 3.52491 4.88431 4.95061 4.95295
 0.391051 3.52491 4.8843 4.95061 4.95295
 0.155422 1.40097 1.94126 1.96761 1.96854
 0.139721 1.25943 1.74514 1.76883 1.76966
 0.129058 1.16332 1.61196 1.63384 1.63461
 0.10495 0.946014 1.31085 1.32864 1.32927
 0.126583 1.14102 1.58105 1.60251 1.60327
 0.0708736 0.638851 0.885226 0.897243 0.897666
 0.0709107 0.639185 0.885689 0.897713 0.898136
 0.0750955 0.676907 0.937958 0.950691 0.951139
 0.0723469 0.652131 0.903628 0.915895 0.916327
 0.053131 0.47892 0.663617 0.672625 0.672943
 0.0732567 0.660332 0.914991 0.927412 0.927849
 0.160215 1.44417 2.00112 2.02828 2.02924
Np
 13487.1 6462.7 712.897 470.892 38.6989
YTP_r0W_actual
 969.772 55015.5 11547.2 15954.9 2640.79
YTP_p0W_proyectada
 2794.21 8620.05 12338.1 1000.92 1232.7
 2794.21 28130.7 5939.6 5065.88 462.184
CTP_r0_actual
 118.265 2547.01 367.747 397.877 59.3435
CTP_p0_proyectada
 340.758 399.077 392.933 24.9607 27.7011
 340.758 1302.35 189.159 126.331 10.3862
Wmedp
 8.2 21.6 31.4 40.1 44.5
nmprior
 10.8 10.6 4.6 0
nm_flota  nm_reclas  nm_pelaces    nm_pelaL
inf 19.0567 10.8203 28.0502
cv_recla  cv_pelaces  cv_mph
0.774853 0.448048 0.502684
 ------------------------------------------------
Talla a la edad & desviaci?n 
 7.2 14.2025 17.0495 18.207 18.6776
 1.08 2.13037 2.55742 2.73105 2.80164
