years
 1997 1998 1999 2000 2001 2002 2003 2004 2005 2006 2007 2008 2009 2010 2011 2012 2013 2014 2015 2016 2017 2018 2019 2020 2021 2022 2023
reclasobs
 0 0 0 370054 412103 1.49427e+06 250295 1.28982e+06 931140 785840 897777 1.04006e+06 184774 17550 25797 100020 73551 82996 120727 218422 84188 347160 605670 569463 516374 1.08416e+06 1.01767e+06
reclaspred
 663631 157685 348240 191644 302053 357684 753613 568984 741072 908458 840997 589892 322535 115310 79494.5 82953 86358.4 107054 119744 144585 225973 249842 464161 589334 764943 641274 440907
pelacesobs
 0 0 0 0 0 0 0 0 0 2.06254e+06 1.5e+06 0 1.87456e+06 323000 250000 174000 83755 137374 0 501740 490994 745055 786931 1.00524e+06 1.33801e+06 1.41789e+06 0
pelacespred
 1.96699e+06 471044 505137 503633 735922 590853 1.75459e+06 1.4121e+06 1.82456e+06 2.23034e+06 1.67569e+06 1.20835e+06 663282 199414 145598 157188 164052 213631 234853 274845 534289 542614 796194 1.19093e+06 1.45504e+06 1.26617e+06 802893
mphobs
 0 0 0 0 0 0 112323 0 153150 637223 0 255016 313432 73983 77613 109348 50772 17779 17303 59886 28197 0 207744 136588 643089 65757 70829
mphpred
 226321 115974 117174 86836.5 91726.8 155112 202638 284074 274397 363852 396308 272423 158972 106795 51810.2 46676.4 42917.3 51134.2 31854.4 32665.5 49168.9 70319.6 94803.2 143105 186362 159109 120653
desembarqueobs
 350755 77701 442110 56441 14545 235359 269955 359681 431902 328805 639364 411747 362871 311530 167758 66681 60226 58785 57116 73181 50977 67692 138656 160484 209506 203330 245020
desembarquepred
 350749 77688.8 441956 56442.7 14545.4 235471 270024 359485 431733 328747 639109 411625 362836 311188 167457 66664.4 60251 58770.4 57079.9 73170.7 50974.1 67666.9 138647 160482 209528 203324 244963
Reclutas
 31875.5 40700.3 14897.9 19709 38932.4 24469.9 62881.4 62032.4 102813 112529 63612.4 46405.9 44508 29078.6 15472.9 11331.5 7528.94 9487.73 10283.7 12754.2 21997.3 30854.9 44237 60078 19639.7 28477.5 33652.5
log_desv_Rt
 0.0895919 0.333992 -0.671023 -0.391167 0.289583 -0.174802 0.769006 0.755412 1.26067 1.35096 0.780564 0.465181 0.423424 -0.00224331 -0.633153 -0.944661 -1.35349 -1.12225 -1.04169 -0.826382 -0.281325 0.0570515 0.417316 0.7234 -0.394693 -0.0231299 0.143843
SSB
 429220 219945 222223 164687 173961 294173 370502 530155 504270 673494 751604 516654 315111 145433 74517.3 66464.9 64846.8 72619.2 89160.3 98314 136318 189039 263486 376327 544852 485068 344142
BT
 1.40266e+06 343154 503758 298384 376443 439659 1.19474e+06 1.11303e+06 1.41927e+06 1.43504e+06 1.36422e+06 952328 698636 395874 220482 133057 131611 157309 158069 194412 317655 305455 464880 699812 770985 726331 582965
Ftot
 1.10071 1.11994 2.17549 0.598966 0.111389 1.14256 0.844342 1.42791 1.48059 0.836643 1.40029 1.25597 2.15207 4.95303 4.67872 1.72558 1.45108 1.17813 0.958832 1.04038 0.514509 0.549423 0.578723 0.564321 0.473177 0.526969 1.00206
BD_Bspro_t
 0.902619 0.610959 0.50395 0.277487 0.404736 0.588078 0.501086 0.551859 0.50085 0.524036 0.514868 0.356059 0.254491 0.151699 0.095338 0.103133 0.136906 0.201774 0.286056 0.361066 0.470098 0.616306 0.652245 0.661924 0.680295 0.58817 0.499737
BD_Bspro
 0.713057 0.365392 0.369175 0.273591 0.288999 0.488705 0.615508 0.880737 0.837735 1.11886 1.24863 0.858309 0.523488 0.241605 0.123794 0.110417 0.107729 0.120641 0.14812 0.163327 0.226462 0.314047 0.437725 0.625185 0.905154 0.805835 0.571717
BD_Bo
 0.693154 0.355193 0.358871 0.265955 0.280932 0.475064 0.598328 0.856154 0.814352 1.08763 1.21377 0.834352 0.508876 0.234861 0.120339 0.107335 0.104722 0.117274 0.143986 0.158769 0.220141 0.305281 0.425507 0.607735 0.879889 0.783342 0.555759
BD_Brms
 1.26028 0.645805 0.652493 0.483554 0.510786 0.863752 1.08787 1.55664 1.48064 1.97752 2.20686 1.517 0.92523 0.427021 0.218798 0.195155 0.190404 0.213225 0.261793 0.28867 0.400256 0.555056 0.773649 1.10497 1.5998 1.42426 1.01047
S_f
 0.0797375 0.622111 0.96902 0.99832 0.999911
 0.0797375 0.622111 0.96902 0.99832 0.999911
 0.0797375 0.622111 0.96902 0.99832 0.999911
 0.0797375 0.622111 0.96902 0.99832 0.999911
 0.0797375 0.622111 0.96902 0.99832 0.999911
 0.0797375 0.622111 0.96902 0.99832 0.999911
 0.0797375 0.622111 0.96902 0.99832 0.999911
 0.0797375 0.622111 0.96902 0.99832 0.999911
 0.0797375 0.622111 0.96902 0.99832 0.999911
 0.0797375 0.622111 0.96902 0.99832 0.999911
 0.0797375 0.622111 0.96902 0.99832 0.999911
 0.0797375 0.622111 0.96902 0.99832 0.999911
 0.0797375 0.622111 0.96902 0.99832 0.999911
 0.0797375 0.622111 0.96902 0.99832 0.999911
 0.0797375 0.622111 0.96902 0.99832 0.999911
 0.0797375 0.622111 0.96902 0.99832 0.999911
 0.0797375 0.622111 0.96902 0.99832 0.999911
 0.0797375 0.622111 0.96902 0.99832 0.999911
 0.0797375 0.622111 0.96902 0.99832 0.999911
 0.0797375 0.622111 0.96902 0.99832 0.999911
 0.0797375 0.622111 0.96902 0.99832 0.999911
 0.0797375 0.622111 0.96902 0.99832 0.999911
 0.0797375 0.622111 0.96902 0.99832 0.999911
 0.0797375 0.622111 0.96902 0.99832 0.999911
 0.0797375 0.622111 0.96902 0.99832 0.999911
 0.0797375 0.622111 0.96902 0.99832 0.999911
 0.0797375 0.622111 0.96902 0.99832 0.999911
Scru_reclas
 0.366323 0.744201 0.936068 0.986611 0.997311
 0.366323 0.744201 0.936068 0.986611 0.997311
 0.366323 0.744201 0.936068 0.986611 0.997311
 0.366323 0.744201 0.936068 0.986611 0.997311
 0.366323 0.744201 0.936068 0.986611 0.997311
 0.366323 0.744201 0.936068 0.986611 0.997311
 0.366323 0.744201 0.936068 0.986611 0.997311
 0.366323 0.744201 0.936068 0.986611 0.997311
 0.366323 0.744201 0.936068 0.986611 0.997311
 0.366323 0.744201 0.936068 0.986611 0.997311
 0.366323 0.744201 0.936068 0.986611 0.997311
 0.366323 0.744201 0.936068 0.986611 0.997311
 0.366323 0.744201 0.936068 0.986611 0.997311
 0.366323 0.744201 0.936068 0.986611 0.997311
 0.366323 0.744201 0.936068 0.986611 0.997311
 0.366323 0.744201 0.936068 0.986611 0.997311
 0.366323 0.744201 0.936068 0.986611 0.997311
 0.366323 0.744201 0.936068 0.986611 0.997311
 0.366323 0.744201 0.936068 0.986611 0.997311
 0.366323 0.744201 0.936068 0.986611 0.997311
 0.366323 0.744201 0.936068 0.986611 0.997311
 0.366323 0.744201 0.936068 0.986611 0.997311
 0.366323 0.744201 0.936068 0.986611 0.997311
 0.366323 0.744201 0.936068 0.986611 0.997311
 0.366323 0.744201 0.936068 0.986611 0.997311
 0.366323 0.744201 0.936068 0.986611 0.997311
 0.366323 0.744201 0.936068 0.986611 0.997311
Scru_pelaces
 0.574121 1 1 1 1
 0.574121 1 1 1 1
 0.574121 1 1 1 1
 0.574121 1 1 1 1
 0.574121 1 1 1 1
 0.574121 1 1 1 1
 0.574121 1 1 1 1
 0.574121 1 1 1 1
 0.574121 1 1 1 1
 0.574121 1 1 1 1
 0.574121 1 1 1 1
 0.574121 1 1 1 1
 0.574121 1 1 1 1
 0.574121 1 1 1 1
 0.574121 1 1 1 1
 0.574121 1 1 1 1
 0.574121 1 1 1 1
 0.574121 1 1 1 1
 0.574121 1 1 1 1
 0.574121 1 1 1 1
 0.574121 1 1 1 1
 0.574121 1 1 1 1
 0.574121 1 1 1 1
 0.574121 1 1 1 1
 0.574121 1 1 1 1
 0.574121 1 1 1 1
 0.574121 1 1 1 1
pf_obs 
 0.256992 0.487395 0.22802 0.0275931 0
 0.321318 0.546541 0.124235 0.00734118 0.000564706
 0.182869 0.594174 0.210203 0.0122559 0.00049798
 0.330522 0.361315 0.267642 0.0388342 0.00168674
 0.649043 0.306663 0.0425973 0.00169635 0
 0.582887 0.30429 0.105238 0.00758474 0
 0.465427 0.430635 0.0974691 0.00646863 0
 0.296916 0.608066 0.0921331 0.00288517 0
 0.311714 0.524322 0.152257 0.0117073 0
 0.15457 0.633149 0.183074 0.0267441 0.00246327
 0.131901 0.49318 0.331252 0.0422183 0.00144891
 0.196976 0.569456 0.194076 0.0375587 0.00193317
 0.518974 0.381816 0.0799577 0.0180837 0.00116848
 0.0928022 0.601141 0.25162 0.0475244 0.00691264
 0.122501 0.610282 0.24278 0.0234846 0.000952079
 0.383417 0.481906 0.127806 0.00687128 0
 0.0376549 0.599619 0.316969 0.0457579 0
 0.0361596 0.667082 0.258105 0.0386534 0
 0.158088 0.579412 0.248529 0.0139706 0
 0.0477256 0.309471 0.559284 0.082774 0.000745712
 0.0406174 0.521527 0.379366 0.0568643 0.0016247
 0.151134 0.462217 0.34131 0.0453401 0
 0.294876 0.26143 0.354403 0.0886775 0.000613685
 0.281977 0.475581 0.204845 0.0348837 0.00271318
 0.0841818 0.532909 0.334909 0.0458182 0.00218182
 0.115287 0.27431 0.454777 0.147771 0.00785563
 0 0 0 0 0
pf_pred 
 0.243316 0.512604 0.217518 0.0265496 1.22758e-05
 0.259386 0.561714 0.143835 0.0314142 0.00365079
 0.112789 0.695026 0.165605 0.0215789 0.00500125
 0.225166 0.482876 0.263679 0.0246133 0.0036666
 0.271697 0.494742 0.172813 0.0550687 0.00567937
 0.131475 0.622975 0.188958 0.0422063 0.0143859
 0.340785 0.387269 0.226808 0.0351376 0.0100007
 0.236441 0.635657 0.0926725 0.0295974 0.00563169
 0.335803 0.507621 0.143143 0.00988458 0.00354854
 0.244055 0.634904 0.105785 0.0140148 0.00124051
 0.13391 0.632076 0.212046 0.0193044 0.002663
 0.147886 0.53231 0.271952 0.0435848 0.00426758
 0.223165 0.521338 0.197522 0.0496879 0.00828807
 0.283682 0.602551 0.0958786 0.0140599 0.00382933
 0.306561 0.660812 0.0316624 0.000831835 0.000133466
 0.271819 0.684521 0.0432717 0.000377508 9.98525e-06
 0.178165 0.659888 0.157539 0.00437086 3.67294e-05
 0.247372 0.521566 0.207109 0.0233354 0.000616599
 0.225383 0.590958 0.150177 0.0301668 0.0033148
 0.238563 0.546873 0.184309 0.0249473 0.00530775
 0.284881 0.522758 0.159681 0.0282599 0.00441978
 0.240668 0.561873 0.16235 0.0293295 0.00577955
 0.235273 0.532406 0.192825 0.0326933 0.00680254
 0.225496 0.539159 0.187856 0.0396751 0.00781454
 0.0628457 0.637866 0.238738 0.0487064 0.0118443
 0.124942 0.284526 0.462084 0.103223 0.0252249
 0.185673 0.466077 0.157656 0.150371 0.0402233
pobs_RECLAS
 0 0 0 0 0
 0 0 0 0 0
 0 0 0 0 0
 0 0 0 0 0
 0.835266 0.146461 0.0176864 0.000547809 3.91292e-05
 0.385257 0.428462 0.181853 0.0044286 0
 0.867414 0.0963971 0.0333333 0.00285562 0
 0.441836 0.489002 0.0689373 0.000224442 0
 0.779404 0.147425 0.0564933 0.0165055 0.000172143
 0.814271 0.122319 0.05973 0.00367925 0
 0.40263 0.566651 0.0304383 0.000280538 0
 0.475488 0.404961 0.113038 0.00651328 0
 0.955842 0.0263864 0.0167828 0.000988607 0
 0.975058 0.0227948 0.00214734 0 0
 0.738997 0.206755 0.0527124 0.00153531 0
 0.850938 0.134255 0.0134407 0.00136685 0
 0.542534 0.407297 0.0501686 0 0
 0.764087 0.199537 0.0359546 0.000420521 0
 0.470689 0.182191 0.310203 0.0369168 0
 0.84361 0.089868 0.0606195 0.00523954 0.000663233
 0.607945 0.314616 0.071237 0.00620181 0
 0.523733 0.453247 0.0230204 0 0
 0.530135 0.295979 0.169645 0.0042399 0
 0.562478 0.366248 0.0663022 0.0049721 0
 0.250443 0.683176 0.0655157 0.000865301 0
 0.195077 0.31981 0.436473 0.0351445 0.0134964
 0.565238 0.351407 0.0832357 0.000118908 0
ppred_RECLAS
 0.584346 0.304027 0.0992803 0.012341 5.75739e-06
 0.600461 0.320734 0.0631214 0.0140381 0.00164608
 0.374656 0.523508 0.0876179 0.011525 0.00269379
 0.553581 0.301704 0.130414 0.0124315 0.00186882
 0.604907 0.28576 0.0804004 0.0262056 0.00272758
 0.396562 0.462794 0.107722 0.0244975 0.0084248
 0.693436 0.197663 0.0904949 0.0142995 0.00410674
 0.572169 0.371395 0.0406949 0.013206 0.00253504
 0.690794 0.251138 0.0530042 0.0037175 0.00134637
 0.571294 0.372955 0.0485973 0.00656712 0.000586554
 0.406353 0.464037 0.117252 0.0108484 0.00150978
 0.437964 0.385313 0.149873 0.0244364 0.00241404
 0.583251 0.309639 0.0826007 0.0209802 0.00352932
 0.729578 0.247678 0.0192356 0.00275312 0.000754816
 0.730913 0.262499 0.0063965 0.000164627 2.65947e-05
 0.61657 0.366299 0.0169771 0.000150132 4.00569e-06
 0.486109 0.433958 0.0777234 0.00219069 1.85718e-05
 0.590285 0.305807 0.0929615 0.0106616 0.000284238
 0.55202 0.360631 0.0711633 0.0145708 0.00161554
 0.574363 0.326412 0.0849897 0.0117201 0.00251601
 0.622785 0.291621 0.0707783 0.0127961 0.0020196
 0.567776 0.337688 0.077411 0.0142841 0.00284051
 0.563229 0.324234 0.0930432 0.016111 0.00338287
 0.549361 0.334382 0.0923715 0.0199251 0.0039604
 0.218882 0.567989 0.169204 0.0352699 0.00865541
 0.393257 0.228391 0.294561 0.0672153 0.0165759
 0.502791 0.313636 0.0821617 0.0798574 0.021554
pobs_PELACES
 0 0 0 0 0
 0 0 0 0 0
 0 0 0 0 0
 0 0 0 0 0
 0 0 0 0 0
 0 0 0 0 0
 0 0 0 0 0
 0 0 0 0 0
 0 0 0 0 0
 0 0 0 0 0
 0.450072 0.473896 0.0757376 0.000293798 0
 0 0 0 0 0
 0.463077 0.371075 0.160297 0.00555027 0
 0.529543 0.364841 0.0842815 0.0213345 0
 0.631943 0.363953 0.00410389 0 0
 0.735681 0.248677 0.0153453 0.000297389 0
 0.695825 0.281241 0.0229344 0 0
 0.275771 0.60734 0.115278 0.00161068 0
 0 0 0 0 0
 0.896147 0.0623911 0.0374545 0.00400742 0
 0.803859 0.145111 0.0509908 3.86294e-05 0
 0.739449 0.233085 0.0266225 0.000797448 4.60066e-05
 0.878498 0.100942 0.0204185 0.000141795 0
 0.694673 0.275183 0.0284847 0.00165964 0
 0.469039 0.446079 0.0841089 0.000773354 0
 0.822795 0.102175 0.0682046 0.00682512 0
 0 0 0 0 0
ppred_PELACES
 0.684958 0.25091 0.0574284 0.0067012 3.09095e-06
 0.695227 0.260557 0.0358622 0.00748559 0.000867819
 0.523977 0.425275 0.0441125 0.00539057 0.00124502
 0.6376 0.267646 0.0858832 0.00772245 0.00114809
 0.660243 0.262138 0.0578938 0.0178839 0.00184134
 0.503576 0.410677 0.0666796 0.014229 0.00483802
 0.773512 0.162527 0.0537067 0.00798619 0.00226798
 0.678235 0.292327 0.0216253 0.00656687 0.00124613
 0.783684 0.187408 0.0265435 0.00174117 0.00062335
 0.652097 0.31423 0.0295794 0.00376184 0.000332245
 0.524855 0.399957 0.0684455 0.00592747 0.000815485
 0.558391 0.3364 0.0900955 0.0137691 0.00134475
 0.727206 0.225188 0.0373302 0.00881068 0.00146459
 0.889018 0.106633 0.00373454 0.000483415 0.000130774
 0.881191 0.117441 0.00133168 3.10794e-05 4.95469e-06
 0.7218 0.269966 0.00816449 6.73677e-05 1.77656e-06
 0.601175 0.354888 0.042799 0.00112858 9.45776e-06
 0.692477 0.249106 0.0526076 0.00565955 0.000149172
 0.644216 0.303934 0.0427252 0.00822331 0.000901523
 0.670934 0.271369 0.0498675 0.00645917 0.00137099
 0.691609 0.253232 0.0460684 0.00786285 0.00122734
 0.641951 0.296691 0.050776 0.00884224 0.00173899
 0.641535 0.285483 0.060956 0.00995831 0.00206791
 0.627943 0.296218 0.0609863 0.0124133 0.00244012
 0.276625 0.565474 0.126864 0.0249752 0.00606177
 0.498076 0.225687 0.217864 0.0469276 0.0114454
 0.614984 0.274904 0.051049 0.0466216 0.0124419
pobs_pel_tallas
 0 0 0 0 0 0 0 0 0 0 0 0 0 0 0 0 0 0 0 0 0 0 0 0 0 0 0 0 0 0 0 0 0 0 0 0
 0 0 0 0 0 0 0 0 0 0 0 0 0 0 0 0 0 0 0 0 0 0 0 0 0 0 0 0 0 0 0 0 0 0 0 0
 0 0 0 0 0 0 0 0 0 0 0 0 0 0 0 0 0 0 0 0 0 0 0 0 0 0 0 0 0 0 0 0 0 0 0 0
 0 0 0 0 0 0 0 0 0 0 0 0 0 0 0 0 0 0 0 0 0 0 0 0 0 0 0 0 0 0 0 0 0 0 0 0
 0 0 0 0 0 0 0 0 0 0 0 0 0 0 0 0 0 0 0 0 0 0 0 0 0 0 0 0 0 0 0 0 0 0 0 0
 0 0 0 0 0 0 0 0 0 0 0 0 0 0 0 0 0 0 0 0 0 0 0 0 0 0 0 0 0 0 0 0 0 0 0 0
 0 0 0 0 0 0 0 0 0 0 0 0 0 0 0 0 0 0 0 0 0 0 0 0 0 0 0 0 0 0 0 0 0 0 0 0
 0 0 0 0 0 0 0 0 0 0 0 0 0 0 0 0 0 0 0 0 0 0 0 0 0 0 0 0 0 0 0 0 0 0 0 0
 0 0 0 0 0 0 0 0 0 0 0 0 0 0 0 0 0 0 0 0 0 0 0 0 0 0 0 0 0 0 0 0 0 0 0 0
 0 0 0 0 0 0 0 0 0 0 0 0 0 0 0 0 0 0 0 0 0 0 0 0 0 0 0 0 0 0 0 0 0 0 0 0
 0 0 0 0 0 0 0 0 1.78061e-05 0.00172719 0.00360574 0.0105946 0.0120993 0.0124554 0.0147524 0.0171206 0.0266825 0.0428682 0.0675386 0.121331 0.153587 0.119568 0.100827 0.0573624 0.0630603 0.0341343 0.0324427 0.0444173 0.0211091 0.0280891 0.0125444 0.00206551 0 0 0 0
 0 0 0 0 0 0 0 0 0 0 0 0 0 0 0 0 0 0 0 0 0 0 0 0 0 0 0 0 0 0 0 0 0 0 0 0
 0 0 0 0 0 0 0.0133647 0.0140871 0.0187388 0.0205184 0.03894 0.0496705 0.03968 0.0493445 0.0407372 0.0367815 0.0215668 0.0243155 0.0234873 0.0199281 0.019796 0.0243948 0.0301388 0.0376714 0.0412746 0.0863199 0.0771752 0.113111 0.0741005 0.0525337 0.0229764 0.00759418 0.00175318 0 0 0
 0 0 0 0 0 0 0 0 0 0 0.00219441 0.00772107 0.0458388 0.0604681 0.0671733 0.0775358 0.0609151 0.0617685 0.073594 0.0568108 0.0755445 0.0548602 0.0670107 0.0636378 0.0643287 0.046367 0.0373049 0.0286899 0.0247887 0.0153202 0.00654259 0.00121912 0.000365735 0 0 0
 0 0 0 0 0 0 0 0 0 0 0 0 0.000112435 0.00938835 0.0111873 0.0202946 0.0414886 0.0713402 0.111592 0.104902 0.108894 0.110636 0.117776 0.105296 0.107544 0.0401394 0.0192827 0.0124803 0.00416011 0.0028671 0.000618394 0 0 0 0 0
 0 0 0 0 0 0 0 0 0 0 0.00291406 0.0102884 0.027416 0.0768956 0.0749926 0.110853 0.0956884 0.0897413 0.0766577 0.0534642 0.0500743 0.0551293 0.0594112 0.0620874 0.0668451 0.0424026 0.0208742 0.0120726 0.0048766 0.00582813 0.00118941 0.000297354 0 0 0 0
 0 0.00264628 0.0354308 0.0461629 0.0458689 0.0383711 0.0214643 0.0164657 0.0346957 0.0420465 0.0363128 0.0245516 0.0311673 0.0291091 0.0169068 0.0133784 0.00837989 0.0085269 0.0148486 0.0160247 0.0276389 0.0546898 0.0760071 0.122758 0.109233 0.0665981 0.0333725 0.0166128 0.00676272 0.00308733 0.000882094 0 0 0 0 0
 0 0 0 0 0 0 0 0.000805153 0.000690131 0.00759144 0.0133425 0.0154129 0.00931677 0.000345066 0.00356568 0.00563607 0.00851162 0.0253048 0.0502646 0.0516448 0.0657925 0.0565908 0.0611916 0.0827007 0.0866115 0.110766 0.145733 0.0935128 0.0569358 0.0249597 0.0138026 0.00621118 0.00161031 0.00115022 0 0
 0 0 0 0 0 0 0 0 0 0 0 0 0 0 0 0 0 0 0 0 0 0 0 0 0 0 0 0 0 0 0 0 0 0 0 0
 0.00147267 0.00158595 0.00478618 0.00569244 0.00954404 0.0108468 0.00647125 0.017049 0.0510054 0.094081 0.124002 0.0959785 0.0687766 0.0820023 0.061753 0.0591476 0.0492212 0.0479892 0.0443925 0.0268479 0.0217502 0.0140895 0.0121071 0.0120363 0.00920419 0.00665534 0.0049561 0.00860946 0.00930331 0.0156896 0.0114698 0.00855282 0.00243557 0.00046729 0 2.83206e-05
 0 0 0 0 0.000772559 0.00158375 0.000888443 0.00281984 0.00712685 0.0440552 0.0773331 0.111326 0.0921469 0.0852325 0.0710754 0.0886704 0.0786465 0.0553345 0.0373146 0.0185414 0.00753245 0.00457741 0.012979 0.0271748 0.0457355 0.0583668 0.034881 0.0177882 0.00938659 0.00492506 0.0015258 0.00185414 0.000309023 5.79419e-05 3.86279e-05 0
 0 0.00173294 0.00326652 0 0.00397197 0.00683976 0.00946217 0.0152591 0.00757587 0.0136028 0.0228656 0.0392903 0.0559909 0.0764795 0.0681675 0.0726916 0.0566044 0.0477403 0.0527397 0.0444891 0.0609904 0.0582453 0.0661739 0.0445044 0.0529084 0.0360697 0.0280645 0.0235558 0.0158879 0.00826598 0.00280645 0.00217768 0.000904811 0.00058276 9.20147e-05 0
 0 0 0 0 0 0 0 0 0 0 0 0 0 0 0 0 0 0 0 0 0 0 0 0 0 0 0 0 0 0 0 0 0 0 0 0
 0 0 0 0 0 0 0 0 0 0 0 0 0 0 0 0 0 0 0 0 0 0 0 0 0 0 0 0 0 0 0 0 0 0 0 0
 0 0 0 0 0 0 0 0 0 0 0 0 0 0 0 0 0 0 0 0 0 0 0 0 0 0 0 0 0 0 0 0 0 0 0 0
 0 0 0 0 0 0 0 0 0 0 0 0 0 0 0 0 0 0 0 0 0 0 0 0 0 0 0 0 0 0 0 0 0 0 0 0
 0 0 0 0 0 0 0 0 0 0 0 0 0 0 0 0 0 0 0 0 0 0 0 0 0 0 0 0 0 0 0 0 0 0 0 0
ppred_pel_tallas
 1.01128e-16 2.98903e-05 0.00017542 0.000833844 0.0032103 0.010011 0.0252871 0.0517415 0.0857701 0.115195 0.125378 0.110645 0.0793185 0.0465233 0.0230127 0.0108764 0.0068928 0.00724803 0.00958511 0.0128208 0.0164277 0.0199973 0.0231158 0.0253956 0.0265512 0.0264641 0.0252061 0.0230135 0.0202216 0.0171839 0.0142018 0.0114828 0.00913318 0.00717577 0.0055806 0.00429463
 1.00892e-16 3.03384e-05 0.00017805 0.000846347 0.00325844 0.0101611 0.0256663 0.0525174 0.0870563 0.116923 0.127259 0.112307 0.0805137 0.0472318 0.0233765 0.0110689 0.00703871 0.00741232 0.00979253 0.013072 0.0167052 0.0202661 0.0233248 0.0254828 0.0264527 0.0261257 0.024595 0.0221263 0.0190874 0.0158609 0.0127679 0.010024 0.00773084 0.00589642 0.00446973 0.00337484
 1.01009e-16 2.28778e-05 0.000134235 0.000638009 0.00245623 0.0076594 0.0193474 0.0395897 0.0656334 0.0881713 0.0960201 0.0848683 0.0611261 0.0364289 0.0190897 0.0108083 0.00921779 0.0114658 0.0157458 0.0211247 0.026978 0.0326707 0.0375111 0.0408518 0.0422296 0.0414769 0.0387599 0.0345291 0.0294024 0.0240194 0.018916 0.0144489 0.0107824 0.00792133 0.00576906 0.00418545
 1.01626e-16 2.7826e-05 0.0001633 0.000776217 0.00298842 0.00931905 0.0235393 0.0481656 0.0798435 0.107239 0.116727 0.103032 0.0739082 0.043445 0.0216676 0.0105394 0.00708066 0.00775717 0.010382 0.0139399 0.0179155 0.021887 0.0254159 0.0280852 0.0295816 0.029763 0.0286864 0.0265808 0.0237818 0.0206482 0.01749 0.0145267 0.0118787 0.00958568 0.0076362 0.00599625
 1.01608e-16 2.88131e-05 0.000169095 0.000803771 0.00309451 0.0096499 0.024375 0.0498754 0.0826773 0.111043 0.120864 0.106674 0.0764979 0.0449219 0.0223196 0.0107146 0.00701181 0.00754256 0.0100372 0.0134456 0.0172436 0.0210126 0.0243238 0.026774 0.028066 0.0280749 0.0268732 0.0247024 0.0219057 0.0188439 0.0158224 0.0130496 0.0106301 0.00858414 0.00688044 0.00546728
 1.01796e-16 2.19877e-05 0.00012901 0.000613174 0.00236061 0.00736123 0.0185942 0.0380486 0.0630786 0.0847397 0.0922844 0.0815697 0.0587574 0.0350319 0.0183854 0.0104554 0.00897278 0.0112026 0.0154161 0.0207238 0.0265321 0.0322342 0.0371658 0.0406991 0.0423782 0.0420245 0.0397753 0.0360375 0.0313782 0.0263887 0.0215666 0.017247 0.0135901 0.0106136 0.00824545 0.00637698
 1.01196e-16 3.37481e-05 0.000198077 0.000941575 0.00362513 0.0113046 0.0285546 0.0584263 0.0968477 0.130062 0.14153 0.124831 0.0893382 0.0520988 0.0252105 0.0109796 0.00571634 0.00507823 0.00640334 0.00852043 0.0109465 0.0133864 0.0155674 0.0172356 0.0182 0.0183727 0.0177855 0.0165735 0.0149359 0.0130856 0.0112064 0.00942819 0.00782218 0.00641235 0.00519355 0.00414837
 1.00687e-16 2.95987e-05 0.000173705 0.000825681 0.00317886 0.00991294 0.0250394 0.0512351 0.0849318 0.114073 0.124165 0.109597 0.0786159 0.0462082 0.0230361 0.011184 0.00747546 0.00813962 0.0108342 0.0144585 0.0184409 0.022311 0.0255877 0.0278265 0.0287125 0.0281351 0.0262143 0.0232657 0.0197192 0.0160179 0.012531 0.00950203 0.00703934 0.00514021 0.00373145 0.00271037
 1.00527e-16 3.41926e-05 0.000200684 0.000953966 0.00367283 0.0114534 0.0289303 0.0591953 0.0981229 0.131777 0.1434 0.12649 0.090549 0.0528508 0.0256592 0.0113174 0.00609175 0.00558299 0.0070863 0.00939648 0.0119947 0.0145442 0.0167297 0.0182631 0.0189377 0.018675 0.0175432 0.0157346 0.0135159 0.0111644 0.00891399 0.00692192 0.00526313 0.00394438 0.00292892 0.00216106
 1.00668e-16 2.84599e-05 0.000167017 0.000793881 0.00305642 0.00953109 0.024075 0.0492619 0.0816618 0.109684 0.119396 0.105407 0.0756518 0.04455 0.0223655 0.0111173 0.00776625 0.00869732 0.0116594 0.0155809 0.0198819 0.0240649 0.0276136 0.030049 0.0310301 0.0304347 0.0283885 0.0252273 0.0214107 0.0174141 0.0136352 0.0103384 0.00764449 0.00555535 0.00399711 0.00286331
 1.01344e-16 2.29151e-05 0.000134456 0.000639066 0.00246031 0.00767212 0.0193795 0.0396552 0.0657413 0.0883142 0.0961702 0.0849881 0.0611843 0.0364076 0.0189771 0.0105863 0.0088573 0.0109301 0.0150012 0.0201534 0.0257916 0.0313193 0.0360865 0.0394798 0.0410538 0.0406338 0.0383548 0.034616 0.0299749 0.0250142 0.0202264 0.0159459 0.0123359 0.00941835 0.00712507 0.00534876
 1.01925e-16 2.43749e-05 0.000143032 0.000679849 0.00261736 0.00816189 0.0206165 0.0421858 0.069934 0.0939387 0.102275 0.0903342 0.0649274 0.0384234 0.0196411 0.010346 0.007974 0.00946197 0.0128976 0.0173509 0.0222787 0.0271745 0.0314919 0.0347107 0.0364438 0.0365229 0.0350323 0.0322733 0.0286803 0.0247132 0.0207659 0.0171122 0.0138959 0.0111548 0.00886049 0.00695607
 1.00975e-16 3.17314e-05 0.000186232 0.000885249 0.00340824 0.0106283 0.0268462 0.0549313 0.0910564 0.122291 0.13309 0.117427 0.0841262 0.0492343 0.0241509 0.0110743 0.00656389 0.00655499 0.00854104 0.0113853 0.0145623 0.0176922 0.020402 0.0223462 0.023274 0.023087 0.0218598 0.0198147 0.017262 0.0145254 0.0118778 0.00950293 0.00748936 0.00584751 0.00453893 0.00350492
 1.00111e-16 3.87823e-05 0.000227638 0.00108212 0.00416629 0.0129922 0.0328173 0.0671477 0.111302 0.149465 0.162623 0.143385 0.102509 0.0595605 0.0284101 0.0116671 0.00504805 0.00352746 0.00403243 0.00523661 0.00664551 0.0080192 0.00916931 0.00993233 0.0101947 0.00991905 0.00915318 0.00801714 0.00667291 0.00528677 0.0039968 0.00289349 0.00201605 0.00136119 0.000898417 0.000585574
 1.00059e-16 3.84415e-05 0.000225636 0.0010726 0.00412963 0.0128779 0.0325285 0.0665569 0.110323 0.148152 0.161196 0.142134 0.101628 0.0590771 0.0282324 0.0116855 0.00519509 0.00378276 0.00440182 0.00573166 0.00727032 0.00876324 0.0100046 0.010815 0.0110705 0.0107316 0.00985341 0.00857104 0.00706567 0.00552288 0.00409636 0.00288633 0.00193532 0.00123807 0.000758568 0.000447653
 1.00207e-16 3.14975e-05 0.000184854 0.000878691 0.00338297 0.0105494 0.0266472 0.0545245 0.0903833 0.121391 0.132121 0.116595 0.0835819 0.0490194 0.0242376 0.0114347 0.00721019 0.00753598 0.00991527 0.01319 0.0167857 0.0202546 0.0231488 0.0250586 0.0256976 0.0249719 0.0230043 0.0201008 0.0166734 0.0131452 0.00986765 0.00707073 0.00485402 0.00320866 0.00205618 0.0012881
 1.00763e-16 2.62412e-05 0.000153987 0.000731927 0.00281786 0.00878716 0.0221959 0.0454175 0.075291 0.101133 0.110104 0.097241 0.0698731 0.0413122 0.0210461 0.0109657 0.0082985 0.00973252 0.0131945 0.0176705 0.022567 0.027337 0.0313995 0.0342122 0.0353864 0.0347791 0.0325258 0.0289995 0.0247137 0.0202015 0.015911 0.012143 0.00903853 0.00660626 0.00477011 0.00341668
 1.0103e-16 3.02181e-05 0.000177345 0.000842995 0.00324554 0.0101209 0.0255646 0.0523093 0.0867112 0.116459 0.126752 0.111854 0.080179 0.0470148 0.0232312 0.010938 0.00687573 0.00718608 0.00948491 0.0126776 0.0162339 0.0197461 0.0228027 0.0250195 0.0261149 0.0259738 0.0246716 0.0224472 0.019638 0.0165987 0.0136307 0.0109411 0.00863403 0.00672951 0.00519386 0.00397003
 1.01031e-16 2.81159e-05 0.000164998 0.000784285 0.00301947 0.00941588 0.023784 0.0486664 0.0806745 0.108358 0.117951 0.104129 0.0747289 0.0439958 0.0220678 0.0109385 0.00760509 0.00849762 0.0113961 0.015249 0.0194938 0.0236512 0.0272229 0.029744 0.0308793 0.0305013 0.0287182 0.0258396 0.0222942 0.0185279 0.0149156 0.0117092 0.00902774 0.00688132 0.00521108 0.00392898
 1.01083e-16 2.92796e-05 0.000171833 0.000816786 0.00314462 0.00980616 0.0247697 0.050683 0.0840163 0.112842 0.122822 0.108404 0.0777423 0.04566 0.0226994 0.0109175 0.00716884 0.00772354 0.0102712 0.013738 0.0175818 0.0213664 0.0246453 0.0270014 0.028131 0.027913 0.0264353 0.0239639 0.0208718 0.0175494 0.014327 0.0114292 0.00896613 0.00695431 0.00535073 0.00408697
 1.01065e-16 3.01804e-05 0.000177123 0.00084194 0.00324148 0.0101082 0.0255326 0.0522439 0.0866029 0.116314 0.126594 0.111718 0.0800859 0.0469696 0.0232262 0.0109642 0.0069295 0.00726898 0.00960046 0.0128278 0.0164163 0.0199523 0.0230183 0.0252252 0.0262896 0.0260986 0.0247338 0.0224428 0.0195728 0.0164871 0.0134925 0.0107976 0.00850421 0.00662719 0.00512638 0.00393839
 1.01203e-16 2.80169e-05 0.000164417 0.000781526 0.00300885 0.00938276 0.0237003 0.0484951 0.0803905 0.107976 0.117534 0.103758 0.0744565 0.0438231 0.0219586 0.0108479 0.00749743 0.00834977 0.0111949 0.01499 0.0191827 0.0233053 0.0268718 0.0294273 0.0306412 0.030383 0.028751 0.0260383 0.0226545 0.0190274 0.015518 0.0123706 0.00970362 0.00753219 0.00580654 0.00444939
 1.01398e-16 2.79983e-05 0.000164309 0.000781014 0.00300688 0.00937663 0.0236848 0.0484633 0.0803375 0.107904 0.117454 0.103681 0.0743897 0.0437602 0.0218837 0.0107403 0.0073352 0.00811243 0.0108661 0.0145617 0.0186602 0.0227117 0.0262486 0.0288314 0.0301374 0.0300336 0.0286041 0.0261193 0.0229617 0.0195329 0.0161742 0.0131188 0.0104838 0.00829121 0.00650351 0.00505792
 1.01503e-16 2.7406e-05 0.000160831 0.000764477 0.00294321 0.00917805 0.0231832 0.0474371 0.0786369 0.105621 0.114973 0.101501 0.0728466 0.0428947 0.0215294 0.0106961 0.00747112 0.00837905 0.0112612 0.0150985 0.0193483 0.0235477 0.0272128 0.0298884 0.0312404 0.0311318 0.0296508 0.0270787 0.0238125 0.0202688 0.0168006 0.0136485 0.010932 0.00867224 0.00682866 0.00533517
 1.03127e-16 1.2098e-05 7.09345e-05 0.000337042 0.00129738 0.00404554 0.0102193 0.020914 0.0346826 0.0466242 0.0508586 0.0451516 0.0329553 0.0205133 0.0123492 0.00952039 0.010937 0.0152106 0.0214098 0.0289191 0.0371146 0.0452115 0.0523046 0.057526 0.0602345 0.0601619 0.0574676 0.0526778 0.0465397 0.0398395 0.0332444 0.0272114 0.0219711 0.0175694 0.0139378 0.0109604
 1.05314e-16 2.17407e-05 0.000127576 0.000606392 0.00233456 0.00728003 0.0183889 0.0376272 0.0623753 0.0837805 0.0912022 0.0805238 0.0578102 0.0340804 0.0171845 0.00868182 0.00627772 0.00725024 0.00993263 0.0135706 0.0177909 0.0222759 0.0266709 0.0306078 0.0337673 0.0359333 0.0370207 0.0370657 0.0361905 0.034557 0.0323284 0.0296493 0.0266459 0.023435 0.0201354 0.0168697
 1.02998e-16 2.684e-05 0.00015751 0.000748694 0.00288245 0.00898858 0.0227046 0.0464577 0.0770128 0.103438 0.112594 0.0993932 0.0713174 0.0419613 0.0210004 0.010335 0.00709785 0.00788454 0.010586 0.0142172 0.0182687 0.0223165 0.0259194 0.0286612 0.0302343 0.0305078 0.0295524 0.02761 0.0250222 0.0221436 0.0192683 0.0165886 0.0141923 0.0120865 0.0102346 0.00858892
pSPR Fmed_Fpbrs
0.535466   0.6 0.325
Fs Fmed_Fpbrs
0.64   0.482516 1.72444
SSBpbr Bo_Bmed_Bpbrs
619228  300614  340576 170288
Ro
29143.9
SPR SPRFo_SPRFmed_SPRFpbrs
601944 322321 195632
log_Ro
10.1
likeval ReclasPelacesDesembMPH_pf_preclas_ppelaces_ptallas_desvR_qrecl_qpela
 69.7727 0.000139924 0.0326697 43.8878 334.007 209.243 56.8455 0 18.7891 8.34126e-06 0.000120462 8.05028e-14 0 0 0
q_reclas_q_pelaces
1.5057 4.7659
M
0.7
N
 31875.5 11002.9 3457.48 414.391 0.191418
 40700.3 14498.8 2754.95 590.924 68.6083
 14897.9 18484.5 3587.09 462.159 107.049
 19709 6219.9 2371.54 216.373 32.1934
 38932.4 9330.77 2127.89 659.106 67.8722
 24469.9 19162.3 4323.31 948.563 323.008
 62881.4 11093.3 4674.6 709.535 201.724
 62032.4 29192.9 3257.84 1024.25 194.729
 102813 27489.4 5963.18 405.508 145.458
 112529 45370.3 5434.18 705.313 62.3619
 63612.4 52273.9 13388.2 1199.6 165.343
 46405.9 28251.7 10863 1711.65 167.445
 44508 20848.4 6422.45 1597.27 266.269
 29078.6 18616.9 2714.07 396.293 107.909
 15472.9 9728.5 424.319 11.0963 1.77995
 11331.5 5291.08 262.994 2.26304 0.0598149
 7528.94 4903.7 898.093 24.5327 0.205984
 9487.73 3330.26 987.337 109.305 2.88552
 10283.7 4289.02 794.627 156.55 17.1843
 12754.2 4730.85 1172.99 155.827 33.1205
 21997.3 5829.35 1229.82 212.547 33.1998
 30854.9 10484.5 2101.86 370.946 73.0062
 44237 14665.3 3699.11 612.884 127.367
 60078 20976.8 5080.74 1048.43 206.248
 19639.7 28521.2 7332.71 1460.27 354.645
 28477.5 9391.65 10551.6 2302.11 561.865
 33652.5 13559.6 3360.16 3144.43 840.265
pred_Ctot
 1935.98 4078.61 1730.71 211.246 0.097674
 2513.49 5443.1 1393.78 304.408 35.3767
 1723.43 10620.1 2530.47 329.729 76.4199
 662.869 1421.54 776.246 72.4595 10.7941
 247.708 451.059 157.554 50.2064 5.17791
 1540.48 7299.32 2213.99 494.526 168.558
 2955.86 3359.04 1967.26 304.772 86.7426
 4832.55 12992 1894.1 604.931 115.104
 8289.9 12531.6 3533.75 244.019 87.6023
 5242.8 13639 2272.48 301.066 26.6485
 4864.42 22960.8 7702.81 701.252 96.7364
 3198.81 11514 5882.4 942.752 92.3091
 5097.44 11908.2 4511.72 1134.95 189.313
 6979.51 14824.7 2358.93 345.921 94.2143
 3539.88 7630.43 365.607 9.60525 1.54114
 1055.9 2659.08 168.092 1.46646 0.0387885
 595.572 2205.88 526.624 14.611 0.122779
 615.127 1296.95 515.008 58.027 1.53326
 546.77 1433.64 364.322 73.1832 8.04154
 733.718 1681.95 566.855 76.7273 16.3244
 637.39 1169.61 357.268 63.2283 9.88877
 953.55 2226.19 643.244 116.206 22.8991
 1438.54 3255.33 1179.01 199.899 41.5932
 1906.02 4557.28 1587.87 335.356 66.053
 524.117 5319.64 1991.01 406.199 98.7781
 844.773 1923.78 3124.31 697.928 170.554
 1867.12 4686.84 1585.38 1512.13 404.484
F
 0.0877676 0.684762 1.06661 1.09886 1.10061
 0.0893012 0.696728 1.08525 1.11806 1.11984
 0.173468 1.3534 2.10809 2.17183 2.1753
 0.04776 0.372623 0.58041 0.59796 0.598913
 0.00888186 0.0692962 0.107938 0.111202 0.111379
 0.0911051 0.710802 1.10717 1.14064 1.14246
 0.0673257 0.525275 0.818184 0.842923 0.844267
 0.113858 0.888321 1.38368 1.42551 1.42779
 0.118058 0.92109 1.43472 1.4781 1.48046
 0.0667118 0.520485 0.810725 0.835238 0.836569
 0.111656 0.871138 1.35691 1.39794 1.40017
 0.100148 0.781354 1.21706 1.25386 1.25586
 0.171601 1.33883 2.0854 2.14846 2.15188
 0.394942 3.08134 4.79959 4.94471 4.95259
 0.373069 2.91069 4.53378 4.67086 4.67831
 0.137593 1.0735 1.67212 1.72268 1.72543
 0.115706 0.902735 1.40613 1.44864 1.45095
 0.0939415 0.732931 1.14164 1.17616 1.17803
 0.0764549 0.596501 0.929128 0.957222 0.958747
 0.0829574 0.647233 1.00815 1.03863 1.04029
 0.0410257 0.320082 0.49857 0.513645 0.514464
 0.0438096 0.341802 0.532402 0.5485 0.549375
 0.0461459 0.36003 0.560795 0.577751 0.578672
 0.0449975 0.35107 0.546838 0.563373 0.564271
 0.03773 0.294369 0.458518 0.472382 0.473135
 0.0420192 0.327833 0.510644 0.526084 0.526922
 0.0799018 0.623394 0.971018 1.00038 1.00197
Np
 19417.1 9278.33 5674.64 1123.15 253.253
YTP_r0W_actual
 7507.08 55571 29106.7 35632.4 10580.2
YTP_p0W_proyectada
 4331.51 63228.2 31270.8 7160.59 8548.5
 4331.51 38025.1 49155.5 12727.4 3188.82
CTP_r0_actual
 915.498 2572.73 926.966 888.59 237.756
CTP_p0_proyectada
 528.232 2927.23 995.884 178.568 192.101
 528.232 1760.42 1565.46 317.392 71.6588
Wmedp
 8.2 21.6 31.4 40.1 44.5
nmprior
 10.8 10.6 4.6 0
nm_flota  nm_reclas  nm_pelaces    nm_pelaL
inf 23.5941 11.535 30.678
cv_recla  cv_pelaces  cv_mph
0.723392 0.431932 0.531165
 ------------------------------------------------
Talla a la edad & desviaci?n 
 7.2 14.2025 17.0495 18.207 18.6776
 1.08 2.13037 2.55742 2.73105 2.80164
