years
 1997 1998 1999 2000 2001 2002 2003 2004 2005 2006 2007 2008 2009 2010 2011 2012 2013 2014 2015 2016 2017 2018 2019 2020 2021 2022 2023
reclasobs
 0 0 0 370054 412103 1.49427e+06 250295 1.28982e+06 931140 785840 897777 1.04006e+06 184774 17550 25797 100020 73551 82996 120727 218422 84188 347160 605670 569463 516374 1.08416e+06 1.01767e+06
reclaspred
 411445 114912 348615 238548 328801 386594 826221 573967 704903 682732 556997 372021 210851 87993.4 66266.1 68427.1 80520.7 114829 132655 185104 287072 294615 538987 692803 838259 756676 708624
pelacesobs
 0 0 0 0 0 0 0 0 0 2.06254e+06 1.5e+06 0 1.87456e+06 323000 250000 174000 83755 137374 0 501740 490994 745055 786931 1.00524e+06 1.33801e+06 1.41789e+06 0
pelacespred
 1.50925e+06 343131 650512 688350 829332 764761 1.95473e+06 1.6034e+06 1.8139e+06 1.74188e+06 1.23116e+06 850219 473264 156681 126101 139156 172016 253695 293551 406694 723067 697527 1.04471e+06 1.5581e+06 1.8264e+06 1.8336e+06 1.63885e+06
mphobs
 0 0 0 0 0 0 112323 0 153150 637223 0 255016 313432 73983 77613 109348 50772 17779 17303 59886 28197 0 207744 136588 643089 65757 70829
mphpred
 148263 90468.8 111898 129053 132830 195395 281818 336592 306173 346603 327229 225056 130176 93669.9 44017.6 43204.1 47850.7 66492.1 27356.2 31856.4 50131.4 66538.5 90361.3 136516 177382 172748 150371
desembarqueobs
 350755 77701 442110 56441 14545 235359 269955 359681 431902 328805 639364 411747 362871 311530 167758 66681 60226 58785 57116 73181 50977 67692 138656 160484 209506 203330 245020
desembarquepred
 350771 77706.8 442178 56445.2 14545.4 235475 270017 359722 431938 328864 639664 412018 363374 311766 167673 66694.2 60261.9 58791.8 57110.6 73187.1 50978 67685.8 138660 160494 209533 203348 245021
Reclutas
 45234.9 54514.5 32490 43602.5 68094.3 48983.7 89512 89853.6 131109 119368 63636.2 41078.7 38529 27022.3 18514 16300.9 12356 16524.5 19509.9 29116.4 45373.9 64988.4 94869.7 122393 45940.2 63217.8 106755
log_desv_Rt
 -0.0403752 0.146222 -0.371313 -0.0771298 0.368648 0.0392421 0.642128 0.645938 1.02378 0.929969 0.300938 -0.136754 -0.200833 -0.555583 -0.933718 -1.06103 -1.3381 -1.0474 -0.881321 -0.480942 -0.0373087 0.321964 0.70026 0.95499 -0.0249039 0.294341 0.818287
SSB
 511962 312395 386392 445628 458669 674712 947311 1.14961e+06 1.03422e+06 1.17335e+06 1.12994e+06 777132 464696 215834 105598 103304 118789 157561 210557 257047 384216 497686 693302 1.00401e+06 1.41771e+06 1.41749e+06 1.16614e+06
BT
 1.85469e+06 463658 900349 733930 829375 922576 2.1526e+06 1.98759e+06 2.21458e+06 2.02935e+06 1.77581e+06 1.20389e+06 821283 447779 265645 192359 220569 299077 335263 461297 761250 738804 1.11605e+06 1.66022e+06 1.91452e+06 1.94093e+06 1.81203e+06
Ftot
 0.789214 0.630117 0.937317 0.178768 0.035988 0.387047 0.250518 0.494935 0.525921 0.372774 0.736911 0.672764 1.12892 2.47627 2.3578 0.819427 0.609008 0.409666 0.317383 0.310258 0.146596 0.170031 0.182519 0.175688 0.153105 0.157157 0.234672
BD_Bspro_t
 0.925152 0.692145 0.645321 0.500136 0.632649 0.766756 0.717054 0.732074 0.679393 0.662976 0.626438 0.463744 0.345618 0.221713 0.137372 0.160271 0.236992 0.366294 0.495429 0.603473 0.716495 0.811754 0.833509 0.840717 0.848367 0.808848 0.775724
BD_Bspro
 0.526284 0.321134 0.397201 0.458094 0.4715 0.693586 0.973812 1.18177 1.06315 1.20618 1.16155 0.798872 0.477696 0.221872 0.108552 0.106194 0.122112 0.161968 0.216448 0.264238 0.394964 0.511608 0.712697 1.0321 1.45737 1.45714 1.19876
BD_Bo
 0.361698 0.220705 0.272983 0.314833 0.324047 0.476679 0.669269 0.812194 0.730668 0.828965 0.798297 0.549039 0.328305 0.152485 0.0746042 0.0729837 0.0839234 0.111315 0.148757 0.181602 0.271446 0.351612 0.489813 0.709325 1.0016 1.00145 0.823866
BD_Brms
 0.657632 0.401281 0.496334 0.572423 0.589176 0.866689 1.21685 1.47672 1.32849 1.50721 1.45145 0.998252 0.596918 0.277246 0.135644 0.132698 0.152588 0.202392 0.270468 0.330186 0.493538 0.639294 0.890569 1.28968 1.82109 1.82081 1.49794
S_f
 0.128429 0.736822 0.981548 0.999012 0.999948
 0.128429 0.736822 0.981548 0.999012 0.999948
 0.128429 0.736822 0.981548 0.999012 0.999948
 0.128429 0.736822 0.981548 0.999012 0.999948
 0.128429 0.736822 0.981548 0.999012 0.999948
 0.128429 0.736822 0.981548 0.999012 0.999948
 0.128429 0.736822 0.981548 0.999012 0.999948
 0.128429 0.736822 0.981548 0.999012 0.999948
 0.128429 0.736822 0.981548 0.999012 0.999948
 0.128429 0.736822 0.981548 0.999012 0.999948
 0.128429 0.736822 0.981548 0.999012 0.999948
 0.128429 0.736822 0.981548 0.999012 0.999948
 0.128429 0.736822 0.981548 0.999012 0.999948
 0.128429 0.736822 0.981548 0.999012 0.999948
 0.128429 0.736822 0.981548 0.999012 0.999948
 0.128429 0.736822 0.981548 0.999012 0.999948
 0.128429 0.736822 0.981548 0.999012 0.999948
 0.128429 0.736822 0.981548 0.999012 0.999948
 0.128429 0.736822 0.981548 0.999012 0.999948
 0.128429 0.736822 0.981548 0.999012 0.999948
 0.128429 0.736822 0.981548 0.999012 0.999948
 0.128429 0.736822 0.981548 0.999012 0.999948
 0.128429 0.736822 0.981548 0.999012 0.999948
 0.128429 0.736822 0.981548 0.999012 0.999948
 0.128429 0.736822 0.981548 0.999012 0.999948
 0.128429 0.736822 0.981548 0.999012 0.999948
 0.128429 0.736822 0.981548 0.999012 0.999948
Scru_reclas
 0.781099 1 1 1 1
 0.781099 1 1 1 1
 0.781099 1 1 1 1
 0.781099 1 1 1 1
 0.781099 1 1 1 1
 0.781099 1 1 1 1
 0.781099 1 1 1 1
 0.781099 1 1 1 1
 0.781099 1 1 1 1
 0.781099 1 1 1 1
 0.781099 1 1 1 1
 0.781099 1 1 1 1
 0.781099 1 1 1 1
 0.781099 1 1 1 1
 0.781099 1 1 1 1
 0.781099 1 1 1 1
 0.781099 1 1 1 1
 0.781099 1 1 1 1
 0.781099 1 1 1 1
 0.781099 1 1 1 1
 0.781099 1 1 1 1
 0.781099 1 1 1 1
 0.781099 1 1 1 1
 0.781099 1 1 1 1
 0.781099 1 1 1 1
 0.781099 1 1 1 1
 0.781099 1 1 1 1
Scru_pelaces
 0.887884 1 1 1 1
 0.887884 1 1 1 1
 0.887884 1 1 1 1
 0.887884 1 1 1 1
 0.887884 1 1 1 1
 0.887884 1 1 1 1
 0.887884 1 1 1 1
 0.887884 1 1 1 1
 0.887884 1 1 1 1
 0.887884 1 1 1 1
 0.887884 1 1 1 1
 0.887884 1 1 1 1
 0.887884 1 1 1 1
 0.887884 1 1 1 1
 0.887884 1 1 1 1
 0.887884 1 1 1 1
 0.887884 1 1 1 1
 0.887884 1 1 1 1
 0.887884 1 1 1 1
 0.887884 1 1 1 1
 0.887884 1 1 1 1
 0.887884 1 1 1 1
 0.887884 1 1 1 1
 0.887884 1 1 1 1
 0.887884 1 1 1 1
 0.887884 1 1 1 1
 0.887884 1 1 1 1
pf_obs 
 0.256992 0.487395 0.22802 0.0275931 0
 0.321318 0.546541 0.124235 0.00734118 0.000564706
 0.182869 0.594174 0.210203 0.0122559 0.00049798
 0.330522 0.361315 0.267642 0.0388342 0.00168674
 0.649043 0.306663 0.0425973 0.00169635 0
 0.582887 0.30429 0.105238 0.00758474 0
 0.465427 0.430635 0.0974691 0.00646863 0
 0.296916 0.608066 0.0921331 0.00288517 0
 0.311714 0.524322 0.152257 0.0117073 0
 0.15457 0.633149 0.183074 0.0267441 0.00246327
 0.131901 0.49318 0.331252 0.0422183 0.00144891
 0.196976 0.569456 0.194076 0.0375587 0.00193317
 0.518974 0.381816 0.0799577 0.0180837 0.00116848
 0.0928022 0.601141 0.25162 0.0475244 0.00691264
 0.122501 0.610282 0.24278 0.0234846 0.000952079
 0.383417 0.481906 0.127806 0.00687128 0
 0.0376549 0.599619 0.316969 0.0457579 0
 0.0361596 0.667082 0.258105 0.0386534 0
 0.158088 0.579412 0.248529 0.0139706 0
 0.0477256 0.309471 0.559284 0.082774 0.000745712
 0.0406174 0.521527 0.379366 0.0568643 0.0016247
 0.151134 0.462217 0.34131 0.0453401 0
 0.294876 0.26143 0.354403 0.0886775 0.000613685
 0.281977 0.475581 0.204845 0.0348837 0.00271318
 0.0841818 0.532909 0.334909 0.0458182 0.00218182
 0.115287 0.27431 0.454777 0.147771 0.00785563
 0 0 0 0 0
pf_pred 
 0.361022 0.440102 0.177927 0.0209339 1.45299e-05
 0.303485 0.551832 0.110897 0.0303082 0.00347865
 0.173409 0.605188 0.187552 0.0260899 0.00776154
 0.246286 0.442083 0.251096 0.0514925 0.00904251
 0.262053 0.462724 0.180679 0.0764536 0.018091
 0.152125 0.542144 0.2111 0.0624932 0.0321376
 0.265755 0.369039 0.26007 0.0730679 0.0320684
 0.217803 0.526704 0.148262 0.0767942 0.0304381
 0.28081 0.449274 0.201352 0.0401603 0.0284031
 0.209394 0.555652 0.165267 0.0522848 0.0174015
 0.12494 0.52805 0.266333 0.0571013 0.0235752
 0.127509 0.431299 0.30526 0.104937 0.0309942
 0.195416 0.412698 0.230874 0.112243 0.0487693
 0.254524 0.519452 0.141751 0.050269 0.0340043
 0.319991 0.574147 0.0874908 0.0117344 0.0066372
 0.30544 0.594034 0.0920028 0.00710102 0.00142179
 0.203321 0.588525 0.186919 0.0194768 0.00175786
 0.255195 0.451897 0.235111 0.0520233 0.00577331
 0.239767 0.50508 0.174289 0.0651767 0.0156866
 0.27256 0.460486 0.195457 0.0491507 0.0223465
 0.283872 0.479644 0.166406 0.051586 0.0184915
 0.263126 0.49097 0.179935 0.0466738 0.0192952
 0.261808 0.476308 0.190971 0.0521495 0.0187639
 0.238819 0.49172 0.191528 0.0571193 0.0208137
 0.0796085 0.567216 0.251213 0.0728654 0.0290972
 0.136161 0.265113 0.409337 0.135432 0.0539575
 0.232982 0.362076 0.15136 0.174388 0.079194
pobs_RECLAS
 0 0 0 0 0
 0 0 0 0 0
 0 0 0 0 0
 0 0 0 0 0
 0.835266 0.146461 0.0176864 0.000547809 3.91292e-05
 0.385257 0.428462 0.181853 0.0044286 0
 0.867414 0.0963971 0.0333333 0.00285562 0
 0.441836 0.489002 0.0689373 0.000224442 0
 0.779404 0.147425 0.0564933 0.0165055 0.000172143
 0.814271 0.122319 0.05973 0.00367925 0
 0.40263 0.566651 0.0304383 0.000280538 0
 0.475488 0.404961 0.113038 0.00651328 0
 0.955842 0.0263864 0.0167828 0.000988607 0
 0.975058 0.0227948 0.00214734 0 0
 0.738997 0.206755 0.0527124 0.00153531 0
 0.850938 0.134255 0.0134407 0.00136685 0
 0.542534 0.407297 0.0501686 0 0
 0.764087 0.199537 0.0359546 0.000420521 0
 0.470689 0.182191 0.310203 0.0369168 0
 0.84361 0.089868 0.0606195 0.00523954 0.000663233
 0.607945 0.314616 0.071237 0.00620181 0
 0.523733 0.453247 0.0230204 0 0
 0.530135 0.295979 0.169645 0.0042399 0
 0.562478 0.366248 0.0663022 0.0049721 0
 0.250443 0.683176 0.0655157 0.000865301 0
 0.195077 0.31981 0.436473 0.0351445 0.0134964
 0.565238 0.351407 0.0832357 0.000118908 0
ppred_RECLAS
 0.742035 0.193765 0.0575538 0.00664217 4.60551e-06
 0.680521 0.26781 0.0397772 0.0106685 0.00122326
 0.516334 0.38195 0.0864255 0.0117872 0.00350291
 0.622325 0.247541 0.10522 0.0211956 0.00371859
 0.637731 0.250958 0.0735202 0.0305648 0.00722569
 0.474264 0.370874 0.107541 0.0312607 0.0160605
 0.652578 0.200173 0.105408 0.0290872 0.0127538
 0.58273 0.307427 0.0642426 0.0326663 0.0129349
 0.665367 0.231829 0.0770572 0.0150869 0.0106596
 0.566487 0.330095 0.0731411 0.0227219 0.00755501
 0.426245 0.387245 0.143792 0.0302448 0.0124744
 0.438971 0.320501 0.1674 0.0564667 0.0166612
 0.57423 0.253242 0.102509 0.0488268 0.021192
 0.678274 0.250409 0.0451929 0.0155925 0.010532
 0.729972 0.240552 0.0244748 0.003196 0.00180514
 0.681536 0.283337 0.0322014 0.00243771 0.000487584
 0.55833 0.350226 0.0822716 0.00841331 0.000758581
 0.635062 0.246471 0.095434 0.0207342 0.00229876
 0.610626 0.283241 0.0729162 0.0267786 0.00643884
 0.652596 0.242862 0.0769181 0.0189957 0.00862813
 0.661104 0.247867 0.0643962 0.0196104 0.00702286
 0.637773 0.263806 0.0723663 0.0184392 0.00761567
 0.637703 0.25705 0.0771224 0.0206873 0.00743645
 0.608829 0.277821 0.0809881 0.0237256 0.00863719
 0.301779 0.476995 0.158177 0.0450694 0.0179804
 0.463411 0.200127 0.231344 0.0751892 0.0299279
 0.614449 0.211086 0.0659586 0.0746418 0.0338644
pobs_PELACES
 0 0 0 0 0
 0 0 0 0 0
 0 0 0 0 0
 0 0 0 0 0
 0 0 0 0 0
 0 0 0 0 0
 0 0 0 0 0
 0 0 0 0 0
 0 0 0 0 0
 0 0 0 0 0
 0.450072 0.473896 0.0757376 0.000293798 0
 0 0 0 0 0
 0.463077 0.371075 0.160297 0.00555027 0
 0.529543 0.364841 0.0842815 0.0213345 0
 0.631943 0.363953 0.00410389 0 0
 0.735681 0.248677 0.0153453 0.000297389 0
 0.695825 0.281241 0.0229344 0 0
 0.275771 0.60734 0.115278 0.00161068 0
 0 0 0 0 0
 0.896147 0.0623911 0.0374545 0.00400742 0
 0.803859 0.145111 0.0509908 3.86294e-05 0
 0.739449 0.233085 0.0266225 0.000797448 4.60066e-05
 0.878498 0.100942 0.0204185 0.000141795 0
 0.694673 0.275183 0.0284847 0.00165964 0
 0.469039 0.446079 0.0841089 0.000773354 0
 0.822795 0.102175 0.0682046 0.00682512 0
 0 0 0 0 0
ppred_PELACES
 0.795558 0.155976 0.0434687 0.00499388 3.46178e-06
 0.734778 0.224155 0.0316414 0.00845569 0.000969349
 0.598038 0.322424 0.0676374 0.00917505 0.00272585
 0.661163 0.223203 0.093515 0.0188183 0.00330134
 0.668589 0.229792 0.067124 0.0278999 0.00659562
 0.528 0.33608 0.0944527 0.027395 0.0140727
 0.693711 0.178016 0.0918626 0.0253128 0.011098
 0.639264 0.268627 0.0539352 0.027347 0.010827
 0.717911 0.198002 0.0630768 0.0123123 0.00869779
 0.617219 0.293586 0.0631224 0.0195674 0.00650539
 0.499542 0.344346 0.120475 0.0252331 0.0104049
 0.510323 0.286371 0.141664 0.0476005 0.0140422
 0.666166 0.206039 0.0761345 0.0360288 0.015632
 0.804264 0.158884 0.0234773 0.00798538 0.00538965
 0.834148 0.15063 0.0126685 0.00163197 0.000921086
 0.74281 0.230459 0.0245146 0.00184706 0.000369351
 0.621249 0.30337 0.0678443 0.00691362 0.000623245
 0.684634 0.215297 0.0806504 0.017481 0.00193783
 0.656758 0.251456 0.0630956 0.0231296 0.0055609
 0.696041 0.214115 0.0661355 0.0163036 0.00740465
 0.696148 0.222955 0.0572424 0.0174171 0.00623714
 0.675194 0.237449 0.0642479 0.0163546 0.00675434
 0.6758 0.231022 0.0682989 0.0183012 0.00657835
 0.647936 0.251092 0.0721651 0.0211195 0.00768803
 0.337159 0.454631 0.148908 0.0423911 0.0169111
 0.505298 0.186009 0.212312 0.068941 0.0274396
 0.657061 0.189438 0.0580829 0.0656404 0.0297784
pobs_pel_tallas
 0 0 0 0 0 0 0 0 0 0 0 0 0 0 0 0 0 0 0 0 0 0 0 0 0 0 0 0 0 0 0 0 0 0 0 0
 0 0 0 0 0 0 0 0 0 0 0 0 0 0 0 0 0 0 0 0 0 0 0 0 0 0 0 0 0 0 0 0 0 0 0 0
 0 0 0 0 0 0 0 0 0 0 0 0 0 0 0 0 0 0 0 0 0 0 0 0 0 0 0 0 0 0 0 0 0 0 0 0
 0 0 0 0 0 0 0 0 0 0 0 0 0 0 0 0 0 0 0 0 0 0 0 0 0 0 0 0 0 0 0 0 0 0 0 0
 0 0 0 0 0 0 0 0 0 0 0 0 0 0 0 0 0 0 0 0 0 0 0 0 0 0 0 0 0 0 0 0 0 0 0 0
 0 0 0 0 0 0 0 0 0 0 0 0 0 0 0 0 0 0 0 0 0 0 0 0 0 0 0 0 0 0 0 0 0 0 0 0
 0 0 0 0 0 0 0 0 0 0 0 0 0 0 0 0 0 0 0 0 0 0 0 0 0 0 0 0 0 0 0 0 0 0 0 0
 0 0 0 0 0 0 0 0 0 0 0 0 0 0 0 0 0 0 0 0 0 0 0 0 0 0 0 0 0 0 0 0 0 0 0 0
 0 0 0 0 0 0 0 0 0 0 0 0 0 0 0 0 0 0 0 0 0 0 0 0 0 0 0 0 0 0 0 0 0 0 0 0
 0 0 0 0 0 0 0 0 0 0 0 0 0 0 0 0 0 0 0 0 0 0 0 0 0 0 0 0 0 0 0 0 0 0 0 0
 0 0 0 0 0 0 0 0 1.78061e-05 0.00172719 0.00360574 0.0105946 0.0120993 0.0124554 0.0147524 0.0171206 0.0266825 0.0428682 0.0675386 0.121331 0.153587 0.119568 0.100827 0.0573624 0.0630603 0.0341343 0.0324427 0.0444173 0.0211091 0.0280891 0.0125444 0.00206551 0 0 0 0
 0 0 0 0 0 0 0 0 0 0 0 0 0 0 0 0 0 0 0 0 0 0 0 0 0 0 0 0 0 0 0 0 0 0 0 0
 0 0 0 0 0 0 0.0133647 0.0140871 0.0187388 0.0205184 0.03894 0.0496705 0.03968 0.0493445 0.0407372 0.0367815 0.0215668 0.0243155 0.0234873 0.0199281 0.019796 0.0243948 0.0301388 0.0376714 0.0412746 0.0863199 0.0771752 0.113111 0.0741005 0.0525337 0.0229764 0.00759418 0.00175318 0 0 0
 0 0 0 0 0 0 0 0 0 0 0.00219441 0.00772107 0.0458388 0.0604681 0.0671733 0.0775358 0.0609151 0.0617685 0.073594 0.0568108 0.0755445 0.0548602 0.0670107 0.0636378 0.0643287 0.046367 0.0373049 0.0286899 0.0247887 0.0153202 0.00654259 0.00121912 0.000365735 0 0 0
 0 0 0 0 0 0 0 0 0 0 0 0 0.000112435 0.00938835 0.0111873 0.0202946 0.0414886 0.0713402 0.111592 0.104902 0.108894 0.110636 0.117776 0.105296 0.107544 0.0401394 0.0192827 0.0124803 0.00416011 0.0028671 0.000618394 0 0 0 0 0
 0 0 0 0 0 0 0 0 0 0 0.00291406 0.0102884 0.027416 0.0768956 0.0749926 0.110853 0.0956884 0.0897413 0.0766577 0.0534642 0.0500743 0.0551293 0.0594112 0.0620874 0.0668451 0.0424026 0.0208742 0.0120726 0.0048766 0.00582813 0.00118941 0.000297354 0 0 0 0
 0 0.00264628 0.0354308 0.0461629 0.0458689 0.0383711 0.0214643 0.0164657 0.0346957 0.0420465 0.0363128 0.0245516 0.0311673 0.0291091 0.0169068 0.0133784 0.00837989 0.0085269 0.0148486 0.0160247 0.0276389 0.0546898 0.0760071 0.122758 0.109233 0.0665981 0.0333725 0.0166128 0.00676272 0.00308733 0.000882094 0 0 0 0 0
 0 0 0 0 0 0 0 0.000805153 0.000690131 0.00759144 0.0133425 0.0154129 0.00931677 0.000345066 0.00356568 0.00563607 0.00851162 0.0253048 0.0502646 0.0516448 0.0657925 0.0565908 0.0611916 0.0827007 0.0866115 0.110766 0.145733 0.0935128 0.0569358 0.0249597 0.0138026 0.00621118 0.00161031 0.00115022 0 0
 0 0 0 0 0 0 0 0 0 0 0 0 0 0 0 0 0 0 0 0 0 0 0 0 0 0 0 0 0 0 0 0 0 0 0 0
 0.00147267 0.00158595 0.00478618 0.00569244 0.00954404 0.0108468 0.00647125 0.017049 0.0510054 0.094081 0.124002 0.0959785 0.0687766 0.0820023 0.061753 0.0591476 0.0492212 0.0479892 0.0443925 0.0268479 0.0217502 0.0140895 0.0121071 0.0120363 0.00920419 0.00665534 0.0049561 0.00860946 0.00930331 0.0156896 0.0114698 0.00855282 0.00243557 0.00046729 0 2.83206e-05
 0 0 0 0 0.000772559 0.00158375 0.000888443 0.00281984 0.00712685 0.0440552 0.0773331 0.111326 0.0921469 0.0852325 0.0710754 0.0886704 0.0786465 0.0553345 0.0373146 0.0185414 0.00753245 0.00457741 0.012979 0.0271748 0.0457355 0.0583668 0.034881 0.0177882 0.00938659 0.00492506 0.0015258 0.00185414 0.000309023 5.79419e-05 3.86279e-05 0
 0 0.00173294 0.00326652 0 0.00397197 0.00683976 0.00946217 0.0152591 0.00757587 0.0136028 0.0228656 0.0392903 0.0559909 0.0764795 0.0681675 0.0726916 0.0566044 0.0477403 0.0527397 0.0444891 0.0609904 0.0582453 0.0661739 0.0445044 0.0529084 0.0360697 0.0280645 0.0235558 0.0158879 0.00826598 0.00280645 0.00217768 0.000904811 0.00058276 9.20147e-05 0
 0 0 0 0 0 0 0 0 0 0 0 0 0 0 0 0 0 0 0 0 0 0 0 0 0 0 0 0 0 0 0 0 0 0 0 0
 0 0 0 0 0 0 0 0 0 0 0 0 0 0 0 0 0 0 0 0 0 0 0 0 0 0 0 0 0 0 0 0 0 0 0 0
 0 0 0 0 0 0 0 0 0 0 0 0 0 0 0 0 0 0 0 0 0 0 0 0 0 0 0 0 0 0 0 0 0 0 0 0
 0 0 0 0 0 0 0 0 0 0 0 0 0 0 0 0 0 0 0 0 0 0 0 0 0 0 0 0 0 0 0 0 0 0 0 0
 0 0 0 0 0 0 0 0 0 0 0 0 0 0 0 0 0 0 0 0 0 0 0 0 0 0 0 0 0 0 0 0 0 0 0 0
ppred_pel_tallas
 1.0084e-16 3.47091e-05 0.00020372 0.000968403 0.00372842 0.0116268 0.0293682 0.0600911 0.0996067 0.133766 0.145558 0.128376 0.0918594 0.0535367 0.0258454 0.0111511 0.00565217 0.00487633 0.00608253 0.00806725 0.0103406 0.0126113 0.0146155 0.0161099 0.0169141 0.0169495 0.0162543 0.0149679 0.0132916 0.011439 0.00959365 0.00788387 0.00637788 0.00509472 0.00402243 0.00313539
 1.00859e-16 3.20616e-05 0.00018817 0.000894464 0.00344372 0.0107389 0.0271256 0.0555031 0.0920041 0.123564 0.134474 0.118645 0.0849941 0.0497318 0.0243753 0.0111436 0.006558 0.00650927 0.0084633 0.0112714 0.0144041 0.0174814 0.0201313 0.0220106 0.0228718 0.0226202 0.0213348 0.0192422 0.0166566 0.0139045 0.0112604 0.00890804 0.00693419 0.00534589 0.00410027 0.00313371
 1.01508e-16 2.61031e-05 0.00015318 0.000728095 0.00280312 0.00874118 0.0220797 0.0451796 0.0748957 0.1006 0.109517 0.0967075 0.069457 0.0410008 0.0207678 0.0106291 0.00781825 0.00903811 0.012234 0.016419 0.0210398 0.0256009 0.0295764 0.0324702 0.0339185 0.0337722 0.0321278 0.0292928 0.0257015 0.0218099 0.018005 0.0145513 0.0115815 0.00911967 0.00712198 0.00551557
 1.02202e-16 2.88517e-05 0.000169325 0.000804872 0.00309876 0.00966316 0.0244085 0.0499436 0.0827893 0.111191 0.121016 0.106788 0.0765377 0.0448603 0.0221322 0.0103669 0.00645373 0.00671499 0.00888683 0.0119443 0.0154084 0.0189205 0.0221158 0.0246446 0.0262372 0.0267594 0.0262361 0.0248309 0.0227943 0.0203988 0.0178825 0.0154177 0.0131052 0.0109896 0.00908175 0.00737923
 1.02295e-16 2.91757e-05 0.000171227 0.000813912 0.00313357 0.0097717 0.0246826 0.0505046 0.0837193 0.11244 0.122376 0.107989 0.0774 0.0453688 0.0223883 0.0104942 0.00653954 0.00680272 0.00899006 0.0120589 0.0155173 0.0189952 0.0221188 0.024534 0.0259743 0.0263177 0.0256089 0.0240361 0.0218743 0.0194146 0.0169049 0.0145153 0.0123344 0.010387 0.00866101 0.00713258
 1.0305e-16 2.30497e-05 0.000135252 0.000642862 0.00247494 0.00771779 0.0194948 0.0398906 0.0661297 0.0888305 0.096718 0.085438 0.0614338 0.0364073 0.0187059 0.010009 0.00790336 0.00950209 0.0130028 0.0175253 0.0225466 0.0275702 0.0320564 0.0354882 0.0374781 0.0378519 0.0366822 0.0342532 0.0309773 0.0272906 0.023564 0.020052 0.0168858 0.0140992 0.0116687 0.00955047
 1.02751e-16 3.02691e-05 0.000177651 0.000844462 0.00325121 0.0101386 0.0256093 0.0524002 0.0868598 0.116653 0.126947 0.111991 0.0801974 0.0468666 0.0228642 0.0102786 0.00582249 0.00562187 0.0073028 0.00981603 0.0127135 0.0156985 0.0184812 0.0207821 0.0223799 0.0231547 0.0231068 0.0223418 0.0210323 0.0193689 0.0175199 0.0156086 0.0137115 0.0118704 0.0101095 0.00844891
 1.02299e-16 2.78985e-05 0.000163725 0.000778241 0.00299621 0.00934336 0.0236007 0.0482912 0.0800517 0.107518 0.117031 0.103299 0.0740974 0.0435512 0.0217108 0.010543 0.00705846 0.00771082 0.0103047 0.0138196 0.0177375 0.0216364 0.0250809 0.0276613 0.0290757 0.0291971 0.0280987 0.0260238 0.0233171 0.0203378 0.017387 0.0146656 0.0122695 0.0102111 0.00845471 0.00694847
 1.0179e-16 3.13251e-05 0.000183849 0.000873924 0.00336464 0.0104923 0.0265028 0.0542284 0.0898907 0.120724 0.13138 0.115906 0.0830117 0.0485322 0.0237145 0.0107216 0.00615151 0.00599066 0.00777242 0.0103938 0.0133673 0.0163581 0.01904 0.0211059 0.0223244 0.0225893 0.0219387 0.0205353 0.0186184 0.0164426 0.014226 0.0121204 0.0102072 0.0085113 0.00702427 0.00572524
 1.01969e-16 2.69383e-05 0.000158085 0.000751424 0.00289295 0.00902133 0.0227873 0.0466271 0.0772943 0.103818 0.113011 0.099771 0.0716094 0.042175 0.0211848 0.0105529 0.00740805 0.00833668 0.0112194 0.0150563 0.0193148 0.0235397 0.0272537 0.0300066 0.0314666 0.0314946 0.0301724 0.0277703 0.0246721 0.0212797 0.017933 0.0148623 0.0121815 0.00991049 0.00801222 0.00642788
 1.03176e-16 2.18092e-05 0.000127968 0.000608232 0.00234161 0.00730198 0.0184445 0.0377417 0.0625682 0.0840491 0.0915192 0.0808624 0.0581806 0.0345537 0.017891 0.00979594 0.00800046 0.00978618 0.0134539 0.018166 0.023409 0.0286806 0.033428 0.0371172 0.0393416 0.0399092 0.0388776 0.0365201 0.0332434 0.0294831 0.0256153 0.0219047 0.0184976 0.0154456 0.0127444 0.010368
 1.04397e-16 2.2277e-05 0.00013072 0.000621325 0.00239204 0.00745926 0.0188417 0.038554 0.063913 0.0858501 0.0934657 0.0825477 0.0593181 0.035079 0.0178882 0.00935897 0.00715166 0.00847754 0.0116099 0.0157315 0.0203896 0.0251701 0.0296187 0.0332883 0.0358251 0.0370392 0.036934 0.0356826 0.0335649 0.0308895 0.0279268 0.0248739 0.0218515 0.0189232 0.0161247 0.0134852
 1.03117e-16 2.90691e-05 0.000170603 0.000810952 0.00312218 0.00973619 0.0245929 0.0503208 0.0834141 0.112028 0.121923 0.107578 0.0770797 0.0451302 0.0221765 0.0102388 0.00617491 0.00627383 0.00825519 0.0110958 0.0143328 0.0176347 0.0206693 0.0231195 0.0247407 0.0254112 0.0251522 0.0241077 0.0224968 0.0205536 0.0184773 0.0164054 0.0144115 0.0125228 0.0107429 0.00907178
 1.00912e-16 3.50888e-05 0.000205949 0.000978999 0.00376922 0.011754 0.0296896 0.0607486 0.100697 0.13523 0.14715 0.12978 0.0928629 0.0541191 0.0261215 0.0112606 0.00569096 0.00488905 0.00608029 0.00804398 0.0102808 0.0124933 0.0144136 0.0157987 0.0164728 0.0163678 0.0155367 0.0141361 0.0123837 0.0105052 0.00868915 0.00706102 0.00567877 0.00454594 0.00363286 0.00289727
 1.00329e-16 3.63915e-05 0.000213598 0.00101537 0.00390924 0.0121906 0.0307925 0.0630053 0.104437 0.140251 0.15261 0.134586 0.096282 0.0560711 0.0269872 0.0115016 0.00561775 0.00463637 0.00567579 0.00747138 0.00951369 0.0115094 0.0132012 0.0143583 0.0148177 0.0145218 0.0135318 0.0120098 0.0101772 0.00826245 0.00645631 0.00488513 0.00360588 0.00261824 0.00188541 0.00135506
 1.00504e-16 3.2412e-05 0.000190227 0.000904242 0.00348136 0.0108563 0.0274222 0.0561099 0.09301 0.124915 0.135945 0.119945 0.0859278 0.050284 0.0246565 0.0112891 0.00666495 0.00662872 0.00861569 0.0114597 0.0146186 0.0177001 0.0203203 0.0221267 0.0228682 0.0224535 0.0209728 0.0186704 0.0158816 0.0129536 0.0101777 0.00774822 0.0057549 0.00420106 0.0030347 0.00217984
 1.01329e-16 2.71145e-05 0.000159119 0.000756334 0.00291185 0.00908028 0.0229362 0.0469319 0.0777996 0.104497 0.113753 0.10043 0.0720909 0.0424764 0.0213688 0.0106978 0.00757569 0.0085674 0.0115378 0.0154744 0.0198309 0.0241346 0.0278892 0.0306265 0.0320024 0.0318744 0.0303313 0.0276604 0.024269 0.0205862 0.0169772 0.0136936 0.0108634 0.00851297 0.00660454 0.00507211
 1.01907e-16 2.98748e-05 0.000175332 0.000833433 0.00320873 0.0100061 0.0252747 0.0517159 0.0857266 0.115134 0.125303 0.110562 0.0792199 0.0463875 0.0228017 0.0105388 0.00636835 0.00647436 0.00850867 0.0114126 0.0147005 0.0180198 0.021017 0.023356 0.0247799 0.0251655 0.0245449 0.0230852 0.0210376 0.0186728 0.0162262 0.0138653 0.0116856 0.00972443 0.00798425 0.00645362
 1.02033e-16 2.86607e-05 0.000168201 0.000799524 0.00307816 0.00959892 0.0242462 0.0496118 0.0822402 0.110456 0.120222 0.106103 0.0760786 0.044656 0.0221512 0.0105742 0.006844 0.00731064 0.00971924 0.0130324 0.0167406 0.0204432 0.0237306 0.0262161 0.0276119 0.0277922 0.0268175 0.0249077 0.022379 0.0195645 0.0167465 0.0141178 0.0117761 0.00974354 0.00799711 0.00649752
 1.01915e-16 3.03721e-05 0.000178252 0.000847315 0.00326218 0.0101728 0.0256957 0.0525773 0.0871544 0.117051 0.127388 0.112397 0.0805272 0.0471366 0.0231389 0.0106416 0.00635639 0.0063997 0.00838129 0.0112237 0.0144351 0.0176617 0.0205525 0.0227759 0.0240824 0.0243577 0.0236442 0.0221188 0.0200411 0.0176868 0.0152919 0.0130203 0.0109591 0.00913449 0.0075363 0.00614113
 1.01776e-16 3.03771e-05 0.000178281 0.000847449 0.0032627 0.0101744 0.0256998 0.0525857 0.0871685 0.117071 0.127411 0.112422 0.0805544 0.0471714 0.0231909 0.0107236 0.00648307 0.00658596 0.00863951 0.01156 0.0148452 0.0181276 0.0210418 0.023244 0.0244787 0.0246343 0.0237639 0.0220629 0.0198117 0.0173065 0.0147983 0.0124592 0.0103767 0.00857107 0.00702236 0.00569567
 1.01868e-16 2.9464e-05 0.000172919 0.000821954 0.00316453 0.00986826 0.0249265 0.0510037 0.0845467 0.113552 0.123587 0.10906 0.0781726 0.0458319 0.0226354 0.0106402 0.00666918 0.00696328 0.00920345 0.0123312 0.0158412 0.0193493 0.022467 0.0248279 0.0261586 0.0263385 0.0254226 0.0236171 0.0212194 0.0185442 0.0158594 0.0133494 0.0111094 0.00916333 0.00749223 0.00606088
 1.01982e-16 2.94902e-05 0.000173073 0.000822689 0.00316736 0.00987708 0.0249488 0.0510492 0.0846221 0.113652 0.123695 0.109152 0.0782312 0.0458514 0.0226177 0.0105866 0.00657597 0.00682263 0.00900669 0.012073 0.0155234 0.0189835 0.0220757 0.0244427 0.0258163 0.0260753 0.0252676 0.0235873 0.0213171 0.0187573 0.0161643 0.0137156 0.0115049 0.00955865 0.00786386 0.00639254
 1.02192e-16 2.8276e-05 0.000165943 0.000788787 0.00303682 0.00947 0.0239206 0.0489455 0.0811358 0.108973 0.118609 0.104681 0.0750648 0.0440716 0.0218814 0.0104796 0.00682911 0.00733191 0.00976557 0.0131077 0.0168552 0.0206102 0.0239642 0.0265298 0.0280163 0.0282929 0.0274128 0.0255878 0.0231258 0.0203531 0.0175479 0.0149019 0.0125155 0.0104157 0.00858684 0.00699729
 1.04509e-16 1.47331e-05 8.64149e-05 0.00041066 0.00158087 0.0049296 0.0124522 0.025482 0.0422509 0.0567773 0.0618786 0.054804 0.0397166 0.0241607 0.0135629 0.00911097 0.00937942 0.0126121 0.0176793 0.0239388 0.0308559 0.0378025 0.0440568 0.0489177 0.0518525 0.0526122 0.0512765 0.048209 0.0439468 0.0390625 0.0340468 0.0292413 0.0248297 0.0208713 0.0173532 0.0142372
 1.06726e-16 2.20539e-05 0.000129419 0.000615162 0.00236834 0.00738539 0.018655 0.0381713 0.063276 0.0849866 0.0925051 0.0816508 0.0585681 0.0344245 0.0171685 0.00836458 0.00566862 0.00630976 0.00860128 0.011802 0.0155796 0.0196783 0.0238141 0.0276848 0.0310154 0.0336016 0.0353313 0.0361807 0.0361896 0.0354312 0.0339884 0.0319455 0.0293931 0.0264372 0.0232067 0.0198501
 1.04534e-16 2.86712e-05 0.000168269 0.000799861 0.00307948 0.00960305 0.0242566 0.0496325 0.0822728 0.110494 0.12025 0.106094 0.0760009 0.0444661 0.0217901 0.00996008 0.00587221 0.00586429 0.00769016 0.0103509 0.0134087 0.0165624 0.019515 0.0219825 0.0237453 0.024692 0.0248355 0.0242942 0.0232467 0.0218791 0.0203413 0.0187266 0.0170755 0.0153946 0.0136816 0.0119445
pSPR Fmed_Fpbrs
0.500461   0.6 0.325
Fs Fmed_Fpbrs
0.64   0.42272 1.3941
SSBpbr Bo_Bmed_Bpbrs
1.41544e+06  637602  778493 389247
Ro
47098.7
SPR SPRFo_SPRFmed_SPRFpbrs
972787 486842 316156
log_Ro
10.58
likeval ReclasPelacesDesembMPH_pf_preclas_ppelaces_ptallas_desvR_qrecl_qpela
 63.4168 0.000226586 0.0212626 56.9923 333.351 213.299 55.2227 0 16.198 2.91611e-05 2.07342e-05 2.67994e-15 0 0 0
q_reclas_q_pelaces
0.465233 1.91138
M
0.7
N
 45234.9 11729.9 3837.37 445.926 0.309308
 54514.5 20297.8 3256.43 878.215 100.727
 32490 24966.7 6335.87 871.22 259.023
 43602.5 14304.2 6214.63 1253.83 219.993
 68094.3 21160.9 6226.62 2589.43 612.165
 48983.7 33658.7 10233.2 2984.73 1533.71
 89512 23145 12567.2 3475.49 1524.06
 89853.6 43043 9556.21 4880.22 1932.87
 131109 41872 14842.9 2919.43 2063.22
 119368 60854.4 14113.2 4398.67 1462.81
 63636.2 56505.6 22961.5 4860.85 2005.53
 41078.7 28747.3 16303.3 5531.75 1632.73
 38529 18710.6 8695.76 4182.95 1816.46
 27022.3 16550.7 4044.17 1425.82 964.195
 18514 9763.37 1325.59 176.7 99.9125
 16300.9 6791.82 853.303 65.0605 13.0182
 12356 7286.18 1844.02 189.579 17.0982
 16524.5 5674.21 2310 503.675 55.852
 19509.9 7785.24 2083.57 767.315 184.526
 29116.4 9301.38 3059.88 757.716 344.217
 45373.9 13894 3675.02 1120.57 401.328
 64988.4 22111.7 6193.13 1580.38 652.773
 94869.7 31575.2 9687.4 2602.69 935.668
 122393 46019.4 13706.7 4021.58 1464.16
 45940.2 59422.4 20077.8 5728.43 2285.52
 63217.8 22369 26360.3 8579.13 3415.04
 106755 30765.8 9893.53 11218.9 5090.51
pred_Ctot
 3154.11 3845 1554.48 182.891 0.126942
 3061.96 5567.62 1118.88 305.79 35.0973
 2668.49 9312.88 2886.12 401.482 119.438
 712.674 1279.25 726.594 149.003 26.1662
 225.876 398.844 155.736 65.899 15.5935
 1713.18 6105.43 2377.33 703.776 361.922
 2041.98 2835.58 1998.3 561.431 246.404
 3994.29 9659.24 2718.97 1408.33 558.205
 6182.35 9891.27 4432.99 884.173 625.326
 4024.12 10678.5 3176.09 1004.81 334.42
 4155.22 17561.7 8857.6 1899.06 784.056
 2457.6 8312.8 5883.54 2022.54 597.378
 3771.12 7964.22 4455.39 2166.05 941.147
 5391.57 11003.5 3002.7 1064.85 720.313
 3539.64 6351.04 967.797 129.802 73.4187
 1178.14 2291.31 354.873 27.39 5.48414
 671.555 1943.85 617.38 64.3304 5.8061
 610.933 1081.84 562.854 124.543 13.8212
 561.736 1183.32 408.331 152.698 36.7512
 819.839 1385.11 587.918 147.841 67.2164
 609.27 1029.45 357.155 110.718 39.6879
 1010.81 1886.09 691.229 179.3 74.1237
 1582.83 2879.65 1154.57 315.285 113.443
 1966.36 4048.66 1576.98 470.301 171.374
 644.027 4588.74 2032.29 589.475 235.394
 909.479 1770.81 2734.14 904.609 360.406
 2283.32 3548.49 1483.39 1709.07 776.133
F
 0.101358 0.58151 0.774651 0.788434 0.789173
 0.0809251 0.464284 0.61849 0.629495 0.630085
 0.120378 0.690635 0.920021 0.93639 0.937268
 0.0229589 0.13172 0.175469 0.178591 0.178758
 0.00462189 0.0265167 0.0353239 0.0359524 0.0359861
 0.0497079 0.285184 0.379905 0.386664 0.387026
 0.0321737 0.184587 0.245896 0.250271 0.250505
 0.0635639 0.364679 0.485803 0.494446 0.49491
 0.0675434 0.38751 0.516217 0.525402 0.525894
 0.0478748 0.274668 0.365895 0.372405 0.372754
 0.0946405 0.542972 0.723314 0.736183 0.736873
 0.0864022 0.495707 0.66035 0.672099 0.672729
 0.144986 0.831812 1.10809 1.1278 1.12886
 0.318024 1.82457 2.43058 2.47383 2.47614
 0.302809 1.73728 2.31429 2.35547 2.35768
 0.105238 0.603772 0.804307 0.818617 0.819385
 0.0782141 0.448731 0.597771 0.608406 0.608977
 0.0526128 0.301851 0.402107 0.409261 0.409645
 0.0407611 0.233855 0.311527 0.317069 0.317367
 0.0398461 0.228605 0.304534 0.309952 0.310242
 0.0188272 0.108015 0.143891 0.146452 0.146589
 0.0218369 0.125283 0.166894 0.169863 0.170022
 0.0234407 0.134484 0.179152 0.182339 0.18251
 0.0225633 0.129451 0.172446 0.175514 0.175679
 0.0196631 0.112811 0.15028 0.152954 0.153097
 0.0201834 0.115796 0.154257 0.157001 0.157148
 0.0301387 0.172912 0.230342 0.23444 0.23466
Np
 38221.9 17977.5 18707.5 4214.67 1683.63
YTP_r0W_actual
 33371.1 130214 77697.8 114176 57535.3
YTP_p0W_proyectada
 11948 217711 100931 39712.8 69369.2
 11948 76088.2 146917 42892.8 19029.2
CTP_r0_actual
 4069.64 6028.41 2474.45 2847.27 1292.93
CTP_p0_proyectada
 1457.08 10079.2 3214.36 990.343 1558.86
 1457.08 3522.6 4678.89 1069.65 427.622
Wmedp
 8.2 21.6 31.4 40.1 44.5
nmprior
 10.8 10.6 4.6 0
nm_flota  nm_reclas  nm_pelaces    nm_pelaL
inf 16.1374 17.3082 54.1444
cv_recla  cv_pelaces  cv_mph
0.689656 0.549649 0.605292
 ------------------------------------------------
Talla a la edad & desviaci?n 
 7.2 14.2025 17.0495 18.207 18.6776
 1.08 2.13037 2.55742 2.73105 2.80164
