years
 1997 1998 1999 2000 2001 2002 2003 2004 2005 2006 2007 2008 2009 2010 2011 2012 2013 2014 2015 2016 2017 2018 2019 2020 2021 2022 2023
reclasobs
 0 0 0 370054 412103 1.49427e+06 250295 1.28982e+06 931140 785840 897777 1.04006e+06 184774 17550 25797 100020 73551 82996 120727 218422 84188 347160 605670 569463 516374 1.08416e+06 1.01767e+06
reclaspred
 5.48241e+06 941820 1.22598e+06 254001 251733 337293 641349 588305 652347 952447 1.07302e+06 734694 355964 117890 76227.6 90995.4 95210.3 110050 125376 128981 183788 228002 425995 553826 905429 744680 296699
pelacesobs
 0 0 0 0 0 0 0 0 0 2.06254e+06 1.5e+06 0 1.87456e+06 323000 250000 174000 83755 137374 0 501740 490994 745055 786931 1.00524e+06 1.33801e+06 1.41789e+06 0
pelacespred
 7.90461e+06 2.96937e+06 776290 369965 578888 479750 1.61457e+06 1.41614e+06 1.48646e+06 2.35892e+06 1.93684e+06 1.29074e+06 706614 214285 140624 166700 166503 197252 225760 204855 410604 461753 634657 1.02168e+06 1.56018e+06 1.06334e+06 328424
mphobs
 0 0 0 0 0 0 112323 0 153150 637223 0 255016 313432 73983 77613 109348 50772 17779 17303 59886 28197 0 207744 136588 643089 65757 70829
mphpred
 1.02347e+06 427905 210043 73607.2 52254.7 148022 173585 315525 278538 367184 466863 290517 169878 113917 57157.4 48073.6 40132.9 45117.1 38188.2 34333.6 45746.7 71897.7 91780.8 141114 212876 142933 105057
desembarqueobs
 350755 77701 442110 56441 14545 235359 269955 359681 431902 328805 639364 411747 362871 311530 167758 66681 60226 58785 57116 73181 50977 67692 138656 160484 209506 203330 245020
desembarquepred
 350741 77672.3 441522 56410.9 14542.5 235194 269848 359037 431270 328564 638384 411110 362304 310821 167247 66616.1 60206.1 58705.7 57020.6 73105.6 50948.1 67611.5 138571 160378 209392 203101 244644
Reclutas
 13743.9 22995.3 2447.04 5491.84 36449.6 13582.2 62902.7 50976 77432.6 112817 57472.3 51075.4 54213.3 30667.1 13144.9 9590.45 6444.49 7701.01 8139.37 7519.33 15515.7 20050.1 28872 50287.5 9926.1 28760.7 2922.92
log_desv_Rt
 -0.331646 0.183044 -2.05736 -1.24898 0.643685 -0.343482 1.18934 0.97911 1.39716 1.77352 1.09906 0.981058 1.04068 0.470946 -0.376211 -0.691477 -1.08902 -0.910894 -0.855532 -0.934767 -0.210394 0.04599 0.410627 0.965512 -0.657078 0.406766 -1.87966
SSB
 1.23408e+06 515962 253267 88754.6 63008 178483 199515 372702 321182 429395 562937 350301 217342 111846 60197.2 49959.5 45013.3 47100.5 55887.7 56050.3 66162 99766.7 133300 190195 327172 237933 161536
BT
 1.80129e+06 648921 382149 144163 240541 288706 1.00327e+06 869721 1.04125e+06 1.16767e+06 1.12805e+06 805355 655227 381458 199854 109678 103575 117883 111864 119677 193324 178360 268119 450272 465319 455616 256361
Ftot
 0.210302 0.379274 1.35146 1.00758 0.256482 1.51919 1.59667 1.52909 1.94262 1.00248 1.45926 1.60511 2.71269 4.82233 4.14645 1.65859 1.57326 1.49048 1.16951 1.46876 0.852783 0.808787 0.900625 0.870024 0.591532 1.03404 1.88405
BD_Bspro_t
 0.968095 0.783092 0.542341 0.182203 0.230883 0.501966 0.370944 0.461721 0.379007 0.408 0.435474 0.267362 0.185319 0.115054 0.0742807 0.0755536 0.0944135 0.13646 0.196909 0.23937 0.299463 0.454376 0.482379 0.495285 0.555404 0.401141 0.307072
BD_Bspro
 3.12027 1.30456 0.640362 0.224408 0.15931 0.451279 0.504457 0.942342 0.81208 1.08569 1.42333 0.885705 0.54953 0.282793 0.152203 0.126318 0.113812 0.119089 0.141307 0.141718 0.167285 0.252251 0.337037 0.480891 0.827225 0.601592 0.40843
BD_Bo
 2.18314 0.912754 0.448037 0.15701 0.111463 0.315743 0.35295 0.659322 0.568182 0.759615 0.995854 0.619695 0.384486 0.19786 0.106491 0.08838 0.07963 0.0833224 0.0988672 0.0991548 0.117043 0.176491 0.235812 0.336461 0.578779 0.420912 0.285763
BD_Brms
 3.96934 1.65955 0.814613 0.285472 0.20266 0.574078 0.641726 1.19877 1.03306 1.38112 1.81064 1.12672 0.699065 0.359745 0.19362 0.160691 0.144782 0.151495 0.179759 0.180281 0.212805 0.320892 0.428749 0.611748 1.05232 0.765294 0.51957
S_f
 0.0898889 1 1 1 1
 0.0898889 1 1 1 1
 0.0898889 1 1 1 1
 0.0898889 1 1 1 1
 0.0898889 1 1 1 1
 0.0898889 1 1 1 1
 0.0898889 1 1 1 1
 0.0898889 1 1 1 1
 0.0898889 1 1 1 1
 0.0898889 1 1 1 1
 0.0898889 1 1 1 1
 0.0898889 1 1 1 1
 0.0898889 1 1 1 1
 0.0898889 1 1 1 1
 0.0898889 1 1 1 1
 0.0898889 1 1 1 1
 0.0898889 1 1 1 1
 0.0898889 1 1 1 1
 0.0898889 1 1 1 1
 0.0898889 1 1 1 1
 0.0898889 1 1 1 1
 0.0898889 1 1 1 1
 0.0898889 1 1 1 1
 0.0898889 1 1 1 1
 0.0898889 1 1 1 1
 0.0898889 1 1 1 1
 0.0898889 1 1 1 1
Scru_reclas
 0.0897415 0.331623 0.71404 0.926289 0.984434
 0.0897415 0.331623 0.71404 0.926289 0.984434
 0.0897415 0.331623 0.71404 0.926289 0.984434
 0.0897415 0.331623 0.71404 0.926289 0.984434
 0.0897415 0.331623 0.71404 0.926289 0.984434
 0.0897415 0.331623 0.71404 0.926289 0.984434
 0.0897415 0.331623 0.71404 0.926289 0.984434
 0.0897415 0.331623 0.71404 0.926289 0.984434
 0.0897415 0.331623 0.71404 0.926289 0.984434
 0.0897415 0.331623 0.71404 0.926289 0.984434
 0.0897415 0.331623 0.71404 0.926289 0.984434
 0.0897415 0.331623 0.71404 0.926289 0.984434
 0.0897415 0.331623 0.71404 0.926289 0.984434
 0.0897415 0.331623 0.71404 0.926289 0.984434
 0.0897415 0.331623 0.71404 0.926289 0.984434
 0.0897415 0.331623 0.71404 0.926289 0.984434
 0.0897415 0.331623 0.71404 0.926289 0.984434
 0.0897415 0.331623 0.71404 0.926289 0.984434
 0.0897415 0.331623 0.71404 0.926289 0.984434
 0.0897415 0.331623 0.71404 0.926289 0.984434
 0.0897415 0.331623 0.71404 0.926289 0.984434
 0.0897415 0.331623 0.71404 0.926289 0.984434
 0.0897415 0.331623 0.71404 0.926289 0.984434
 0.0897415 0.331623 0.71404 0.926289 0.984434
 0.0897415 0.331623 0.71404 0.926289 0.984434
 0.0897415 0.331623 0.71404 0.926289 0.984434
 0.0897415 0.331623 0.71404 0.926289 0.984434
Scru_pelaces
 0.270412 0.866488 0.991277 0.999498 0.999971
 0.270412 0.866488 0.991277 0.999498 0.999971
 0.270412 0.866488 0.991277 0.999498 0.999971
 0.270412 0.866488 0.991277 0.999498 0.999971
 0.270412 0.866488 0.991277 0.999498 0.999971
 0.270412 0.866488 0.991277 0.999498 0.999971
 0.270412 0.866488 0.991277 0.999498 0.999971
 0.270412 0.866488 0.991277 0.999498 0.999971
 0.270412 0.866488 0.991277 0.999498 0.999971
 0.270412 0.866488 0.991277 0.999498 0.999971
 0.270412 0.866488 0.991277 0.999498 0.999971
 0.270412 0.866488 0.991277 0.999498 0.999971
 0.270412 0.866488 0.991277 0.999498 0.999971
 0.270412 0.866488 0.991277 0.999498 0.999971
 0.270412 0.866488 0.991277 0.999498 0.999971
 0.270412 0.866488 0.991277 0.999498 0.999971
 0.270412 0.866488 0.991277 0.999498 0.999971
 0.270412 0.866488 0.991277 0.999498 0.999971
 0.270412 0.866488 0.991277 0.999498 0.999971
 0.270412 0.866488 0.991277 0.999498 0.999971
 0.270412 0.866488 0.991277 0.999498 0.999971
 0.270412 0.866488 0.991277 0.999498 0.999971
 0.270412 0.866488 0.991277 0.999498 0.999971
 0.270412 0.866488 0.991277 0.999498 0.999971
 0.270412 0.866488 0.991277 0.999498 0.999971
 0.270412 0.866488 0.991277 0.999498 0.999971
 0.270412 0.866488 0.991277 0.999498 0.999971
pf_obs 
 0.256992 0.487395 0.22802 0.0275931 0
 0.321318 0.546541 0.124235 0.00734118 0.000564706
 0.182869 0.594174 0.210203 0.0122559 0.00049798
 0.330522 0.361315 0.267642 0.0388342 0.00168674
 0.649043 0.306663 0.0425973 0.00169635 0
 0.582887 0.30429 0.105238 0.00758474 0
 0.465427 0.430635 0.0974691 0.00646863 0
 0.296916 0.608066 0.0921331 0.00288517 0
 0.311714 0.524322 0.152257 0.0117073 0
 0.15457 0.633149 0.183074 0.0267441 0.00246327
 0.131901 0.49318 0.331252 0.0422183 0.00144891
 0.196976 0.569456 0.194076 0.0375587 0.00193317
 0.518974 0.381816 0.0799577 0.0180837 0.00116848
 0.0928022 0.601141 0.25162 0.0475244 0.00691264
 0.122501 0.610282 0.24278 0.0234846 0.000952079
 0.383417 0.481906 0.127806 0.00687128 0
 0.0376549 0.599619 0.316969 0.0457579 0
 0.0361596 0.667082 0.258105 0.0386534 0
 0.158088 0.579412 0.248529 0.0139706 0
 0.0477256 0.309471 0.559284 0.082774 0.000745712
 0.0406174 0.521527 0.379366 0.0568643 0.0016247
 0.151134 0.462217 0.34131 0.0453401 0
 0.294876 0.26143 0.354403 0.0886775 0.000613685
 0.281977 0.475581 0.204845 0.0348837 0.00271318
 0.0841818 0.532909 0.334909 0.0458182 0.00218182
 0.115287 0.27431 0.454777 0.147771 0.00785563
 0 0 0 0 0
pf_pred 
 0.0272629 0.633756 0.298701 0.0402775 2.56063e-06
 0.084412 0.23614 0.442673 0.20864 0.0281353
 0.0174691 0.545969 0.112594 0.211071 0.112897
 0.16394 0.247912 0.32682 0.0673991 0.193929
 0.535 0.367837 0.0288113 0.0379816 0.0303704
 0.0982753 0.843989 0.0456716 0.00357728 0.00848675
 0.551305 0.332584 0.108676 0.00588089 0.00155342
 0.21769 0.759887 0.0166206 0.00543098 0.000371522
 0.34499 0.576645 0.0761189 0.0016649 0.000581244
 0.299876 0.663474 0.0322652 0.00425911 0.00012568
 0.129817 0.776055 0.0892001 0.00433787 0.000589508
 0.200491 0.632187 0.149223 0.0171517 0.000947454
 0.3071 0.605777 0.06889 0.016261 0.00197229
 0.294316 0.679047 0.0232879 0.00264834 0.000700941
 0.262226 0.731284 0.00624539 0.000214185 3.08042e-05
 0.248567 0.738581 0.0127393 0.000108797 4.26782e-06
 0.179555 0.742194 0.0769117 0.0013266 1.1774e-05
 0.262998 0.630937 0.0959489 0.00994294 0.000173021
 0.23051 0.694149 0.0644983 0.00980848 0.00103411
 0.21065 0.682162 0.0966931 0.00898444 0.00151034
 0.337275 0.577743 0.0734423 0.0104101 0.00112988
 0.234691 0.688645 0.0668332 0.0084958 0.00133494
 0.24698 0.633077 0.107928 0.0104745 0.00154073
 0.287341 0.610128 0.0861993 0.0146954 0.00163598
 0.0407112 0.842122 0.10031 0.0141719 0.00268501
 0.239988 0.2984 0.405231 0.0482695 0.00811158
 0.0314337 0.833888 0.0528781 0.0718093 0.00999104
pobs_RECLAS
 0 0 0 0 0
 0 0 0 0 0
 0 0 0 0 0
 0 0 0 0 0
 0.835266 0.146461 0.0176864 0.000547809 3.91292e-05
 0.385257 0.428462 0.181853 0.0044286 0
 0.867414 0.0963971 0.0333333 0.00285562 0
 0.441836 0.489002 0.0689373 0.000224442 0
 0.779404 0.147425 0.0564933 0.0165055 0.000172143
 0.814271 0.122319 0.05973 0.00367925 0
 0.40263 0.566651 0.0304383 0.000280538 0
 0.475488 0.404961 0.113038 0.00651328 0
 0.955842 0.0263864 0.0167828 0.000988607 0
 0.975058 0.0227948 0.00214734 0 0
 0.738997 0.206755 0.0527124 0.00153531 0
 0.850938 0.134255 0.0134407 0.00136685 0
 0.542534 0.407297 0.0501686 0 0
 0.764087 0.199537 0.0359546 0.000420521 0
 0.470689 0.182191 0.310203 0.0369168 0
 0.84361 0.089868 0.0606195 0.00523954 0.000663233
 0.607945 0.314616 0.071237 0.00620181 0
 0.523733 0.453247 0.0230204 0 0
 0.530135 0.295979 0.169645 0.0042399 0
 0.562478 0.366248 0.0663022 0.0049721 0
 0.250443 0.683176 0.0655157 0.000865301 0
 0.195077 0.31981 0.436473 0.0351445 0.0134964
 0.565238 0.351407 0.0832357 0.000118908 0
ppred_RECLAS
 0.0564576 0.430378 0.43676 0.0763997 5.16198e-06
 0.123206 0.11158 0.450379 0.27537 0.0394648
 0.0341617 0.307814 0.136683 0.332392 0.188949
 0.239921 0.109838 0.311775 0.0834086 0.255058
 0.723319 0.162547 0.0274135 0.0468811 0.0398396
 0.263718 0.635709 0.0740706 0.00752621 0.018976
 0.772011 0.129038 0.090788 0.00637325 0.00178915
 0.488947 0.478286 0.0225249 0.00954814 0.000694169
 0.639618 0.278227 0.0790789 0.00224378 0.000832512
 0.570504 0.382385 0.0400396 0.00685641 0.000215022
 0.318056 0.538935 0.133379 0.00841438 0.00121528
 0.419153 0.365664 0.185845 0.0277107 0.00162681
 0.633314 0.275807 0.0675346 0.0206795 0.00266565
 0.764463 0.216525 0.0159889 0.00235876 0.000663487
 0.69993 0.294379 0.00541325 0.000240831 3.68106e-05
 0.541966 0.44145 0.0163948 0.000181636 7.57236e-06
 0.414566 0.476673 0.106359 0.00237981 2.24474e-05
 0.518557 0.350836 0.114878 0.0154431 0.0002856
 0.474065 0.422792 0.0845862 0.016687 0.00186975
 0.447236 0.409892 0.125099 0.0150791 0.00269401
 0.587183 0.310425 0.0849662 0.0156235 0.00180217
 0.467927 0.425938 0.0890065 0.0146777 0.00245107
 0.4723 0.371485 0.136363 0.0171679 0.00268381
 0.525729 0.343815 0.104589 0.0231306 0.00273667
 0.103907 0.682505 0.175046 0.0320818 0.0064598
 0.374284 0.140403 0.410544 0.0634385 0.0113299
 0.0920669 0.642723 0.0877547 0.154596 0.0228596
pobs_PELACES
 0 0 0 0 0
 0 0 0 0 0
 0 0 0 0 0
 0 0 0 0 0
 0 0 0 0 0
 0 0 0 0 0
 0 0 0 0 0
 0 0 0 0 0
 0 0 0 0 0
 0 0 0 0 0
 0.450072 0.473896 0.0757376 0.000293798 0
 0 0 0 0 0
 0.463077 0.371075 0.160297 0.00555027 0
 0.529543 0.364841 0.0842815 0.0213345 0
 0.631943 0.363953 0.00410389 0 0
 0.735681 0.248677 0.0153453 0.000297389 0
 0.695825 0.281241 0.0229344 0 0
 0.275771 0.60734 0.115278 0.00161068 0
 0 0 0 0 0
 0.896147 0.0623911 0.0374545 0.00400742 0
 0.803859 0.145111 0.0509908 3.86294e-05 0
 0.739449 0.233085 0.0266225 0.000797448 4.60066e-05
 0.878498 0.100942 0.0204185 0.000141795 0
 0.694673 0.275183 0.0284847 0.00165964 0
 0.469039 0.446079 0.0841089 0.000773354 0
 0.822795 0.102175 0.0682046 0.00682512 0
 0 0 0 0 0
ppred_PELACES
 0.0908548 0.563807 0.304003 0.0413323 2.62894e-06
 0.249118 0.174572 0.374387 0.177919 0.0240039
 0.0909141 0.473357 0.111678 0.21109 0.112961
 0.477901 0.14018 0.211411 0.0439603 0.126548
 0.809543 0.146056 0.0130876 0.0173963 0.0139168
 0.411805 0.545433 0.0337662 0.00266671 0.00632951
 0.888429 0.0797155 0.0297994 0.00162594 0.00042969
 0.643497 0.344836 0.00862864 0.0028429 0.000194569
 0.80438 0.169294 0.0255657 0.00056382 0.000196932
 0.686197 0.295134 0.0164196 0.00218541 6.45185e-05
 0.480878 0.455843 0.0599405 0.00293912 0.000399611
 0.621622 0.290376 0.0784121 0.00908746 0.000502225
 0.836987 0.139947 0.018207 0.00433326 0.000525828
 0.943128 0.0544266 0.00213537 0.000244852 6.48361e-05
 0.904123 0.094913 0.000927323 3.20662e-05 4.61397e-06
 0.695534 0.298523 0.00589055 5.07242e-05 1.99072e-06
 0.589423 0.36638 0.0434349 0.00075539 6.7075e-06
 0.691024 0.259106 0.0450778 0.00471004 8.2e-05
 0.620365 0.337658 0.0358926 0.00550358 0.000580521
 0.623738 0.318892 0.0517111 0.00484469 0.00081481
 0.706902 0.250839 0.0364787 0.00521356 0.000566133
 0.588917 0.364599 0.0404804 0.00518852 0.000815656
 0.612262 0.31862 0.0621419 0.0060809 0.000894886
 0.657571 0.287151 0.0464114 0.00797792 0.000888569
 0.153174 0.730424 0.0995352 0.014179 0.00268764
 0.602097 0.143567 0.223044 0.0267884 0.00450386
 0.197004 0.677231 0.049129 0.0672713 0.00936408
pobs_pel_tallas
 0 0 0 0 0 0 0 0 0 0 0 0 0 0 0 0 0 0 0 0 0 0 0 0 0 0 0 0 0 0 0 0 0 0 0 0
 0 0 0 0 0 0 0 0 0 0 0 0 0 0 0 0 0 0 0 0 0 0 0 0 0 0 0 0 0 0 0 0 0 0 0 0
 0 0 0 0 0 0 0 0 0 0 0 0 0 0 0 0 0 0 0 0 0 0 0 0 0 0 0 0 0 0 0 0 0 0 0 0
 0 0 0 0 0 0 0 0 0 0 0 0 0 0 0 0 0 0 0 0 0 0 0 0 0 0 0 0 0 0 0 0 0 0 0 0
 0 0 0 0 0 0 0 0 0 0 0 0 0 0 0 0 0 0 0 0 0 0 0 0 0 0 0 0 0 0 0 0 0 0 0 0
 0 0 0 0 0 0 0 0 0 0 0 0 0 0 0 0 0 0 0 0 0 0 0 0 0 0 0 0 0 0 0 0 0 0 0 0
 0 0 0 0 0 0 0 0 0 0 0 0 0 0 0 0 0 0 0 0 0 0 0 0 0 0 0 0 0 0 0 0 0 0 0 0
 0 0 0 0 0 0 0 0 0 0 0 0 0 0 0 0 0 0 0 0 0 0 0 0 0 0 0 0 0 0 0 0 0 0 0 0
 0 0 0 0 0 0 0 0 0 0 0 0 0 0 0 0 0 0 0 0 0 0 0 0 0 0 0 0 0 0 0 0 0 0 0 0
 0 0 0 0 0 0 0 0 0 0 0 0 0 0 0 0 0 0 0 0 0 0 0 0 0 0 0 0 0 0 0 0 0 0 0 0
 0 0 0 0 0 0 0 0 1.78061e-05 0.00172719 0.00360574 0.0105946 0.0120993 0.0124554 0.0147524 0.0171206 0.0266825 0.0428682 0.0675386 0.121331 0.153587 0.119568 0.100827 0.0573624 0.0630603 0.0341343 0.0324427 0.0444173 0.0211091 0.0280891 0.0125444 0.00206551 0 0 0 0
 0 0 0 0 0 0 0 0 0 0 0 0 0 0 0 0 0 0 0 0 0 0 0 0 0 0 0 0 0 0 0 0 0 0 0 0
 0 0 0 0 0 0 0.0133647 0.0140871 0.0187388 0.0205184 0.03894 0.0496705 0.03968 0.0493445 0.0407372 0.0367815 0.0215668 0.0243155 0.0234873 0.0199281 0.019796 0.0243948 0.0301388 0.0376714 0.0412746 0.0863199 0.0771752 0.113111 0.0741005 0.0525337 0.0229764 0.00759418 0.00175318 0 0 0
 0 0 0 0 0 0 0 0 0 0 0.00219441 0.00772107 0.0458388 0.0604681 0.0671733 0.0775358 0.0609151 0.0617685 0.073594 0.0568108 0.0755445 0.0548602 0.0670107 0.0636378 0.0643287 0.046367 0.0373049 0.0286899 0.0247887 0.0153202 0.00654259 0.00121912 0.000365735 0 0 0
 0 0 0 0 0 0 0 0 0 0 0 0 0.000112435 0.00938835 0.0111873 0.0202946 0.0414886 0.0713402 0.111592 0.104902 0.108894 0.110636 0.117776 0.105296 0.107544 0.0401394 0.0192827 0.0124803 0.00416011 0.0028671 0.000618394 0 0 0 0 0
 0 0 0 0 0 0 0 0 0 0 0.00291406 0.0102884 0.027416 0.0768956 0.0749926 0.110853 0.0956884 0.0897413 0.0766577 0.0534642 0.0500743 0.0551293 0.0594112 0.0620874 0.0668451 0.0424026 0.0208742 0.0120726 0.0048766 0.00582813 0.00118941 0.000297354 0 0 0 0
 0 0.00264628 0.0354308 0.0461629 0.0458689 0.0383711 0.0214643 0.0164657 0.0346957 0.0420465 0.0363128 0.0245516 0.0311673 0.0291091 0.0169068 0.0133784 0.00837989 0.0085269 0.0148486 0.0160247 0.0276389 0.0546898 0.0760071 0.122758 0.109233 0.0665981 0.0333725 0.0166128 0.00676272 0.00308733 0.000882094 0 0 0 0 0
 0 0 0 0 0 0 0 0.000805153 0.000690131 0.00759144 0.0133425 0.0154129 0.00931677 0.000345066 0.00356568 0.00563607 0.00851162 0.0253048 0.0502646 0.0516448 0.0657925 0.0565908 0.0611916 0.0827007 0.0866115 0.110766 0.145733 0.0935128 0.0569358 0.0249597 0.0138026 0.00621118 0.00161031 0.00115022 0 0
 0 0 0 0 0 0 0 0 0 0 0 0 0 0 0 0 0 0 0 0 0 0 0 0 0 0 0 0 0 0 0 0 0 0 0 0
 0.00147267 0.00158595 0.00478618 0.00569244 0.00954404 0.0108468 0.00647125 0.017049 0.0510054 0.094081 0.124002 0.0959785 0.0687766 0.0820023 0.061753 0.0591476 0.0492212 0.0479892 0.0443925 0.0268479 0.0217502 0.0140895 0.0121071 0.0120363 0.00920419 0.00665534 0.0049561 0.00860946 0.00930331 0.0156896 0.0114698 0.00855282 0.00243557 0.00046729 0 2.83206e-05
 0 0 0 0 0.000772559 0.00158375 0.000888443 0.00281984 0.00712685 0.0440552 0.0773331 0.111326 0.0921469 0.0852325 0.0710754 0.0886704 0.0786465 0.0553345 0.0373146 0.0185414 0.00753245 0.00457741 0.012979 0.0271748 0.0457355 0.0583668 0.034881 0.0177882 0.00938659 0.00492506 0.0015258 0.00185414 0.000309023 5.79419e-05 3.86279e-05 0
 0 0.00173294 0.00326652 0 0.00397197 0.00683976 0.00946217 0.0152591 0.00757587 0.0136028 0.0228656 0.0392903 0.0559909 0.0764795 0.0681675 0.0726916 0.0566044 0.0477403 0.0527397 0.0444891 0.0609904 0.0582453 0.0661739 0.0445044 0.0529084 0.0360697 0.0280645 0.0235558 0.0158879 0.00826598 0.00280645 0.00217768 0.000904811 0.00058276 9.20147e-05 0
 0 0 0 0 0 0 0 0 0 0 0 0 0 0 0 0 0 0 0 0 0 0 0 0 0 0 0 0 0 0 0 0 0 0 0 0
 0 0 0 0 0 0 0 0 0 0 0 0 0 0 0 0 0 0 0 0 0 0 0 0 0 0 0 0 0 0 0 0 0 0 0 0
 0 0 0 0 0 0 0 0 0 0 0 0 0 0 0 0 0 0 0 0 0 0 0 0 0 0 0 0 0 0 0 0 0 0 0 0
 0 0 0 0 0 0 0 0 0 0 0 0 0 0 0 0 0 0 0 0 0 0 0 0 0 0 0 0 0 0 0 0 0 0 0 0
 0 0 0 0 0 0 0 0 0 0 0 0 0 0 0 0 0 0 0 0 0 0 0 0 0 0 0 0 0 0 0 0 0 0 0 0
ppred_pel_tallas
 1.0592e-16 3.99791e-06 2.3379e-05 0.000110955 0.000426886 0.00133093 0.00336243 0.00688451 0.0114291 0.0154011 0.0168972 0.0152323 0.0116194 0.00822759 0.00670263 0.00758447 0.0107138 0.0157929 0.0225739 0.0307545 0.0398374 0.0490895 0.0576191 0.0645345 0.0691284 0.0710228 0.0702308 0.0671121 0.0622509 0.0562997 0.0498447 0.0433287 0.0370371 0.03113 0.0256912 0.0207709
 1.12607e-16 1.08831e-05 6.38372e-05 0.000303378 0.0011679 0.00364184 0.00919911 0.0188239 0.0312078 0.0419267 0.0456657 0.0403786 0.0291197 0.0174336 0.0092942 0.00554575 0.00511933 0.00674093 0.00966249 0.0135763 0.0183342 0.0237715 0.029652 0.0356776 0.0415221 0.0468667 0.0514248 0.0549545 0.0572614 0.0582035 0.0577007 0.055752 0.0524531 0.0480015 0.042686 0.0368564
 1.14271e-16 3.99588e-06 2.33778e-05 0.000110973 0.000426995 0.0013313 0.00336326 0.00688543 0.0114277 0.0153906 0.0168628 0.0151473 0.0114391 0.00788101 0.00608257 0.00654034 0.00905187 0.0132895 0.0190054 0.0259428 0.0337062 0.041719 0.0492842 0.0557135 0.0604734 0.063295 0.064211 0.0635035 0.0615909 0.0588945 0.0557342 0.0522842 0.0485896 0.0446239 0.0403583 0.0358123
 1.10471e-16 2.08573e-05 0.000122398 0.000581794 0.00223989 0.00698481 0.0176431 0.0361006 0.0598425 0.0803722 0.0874754 0.0771941 0.0553341 0.0324492 0.0160466 0.00759527 0.00487008 0.00525006 0.00715319 0.00991018 0.0132588 0.0170255 0.0210164 0.025012 0.0287936 0.032171 0.0349977 0.0371702 0.0386166 0.0392849 0.0391386 0.0381634 0.0363814 0.0338642 0.0307389 0.0271805
 1.01482e-16 3.53184e-05 0.000207298 0.000985417 0.00379393 0.0118311 0.0298843 0.0611468 0.101356 0.136115 0.148109 0.130618 0.0934452 0.0544235 0.0262031 0.0111838 0.00548932 0.00456245 0.00561088 0.00741282 0.00948017 0.0115349 0.0133331 0.0146548 0.0153423 0.0153356 0.0146847 0.0135314 0.0120704 0.0105003 0.00898296 0.00762036 0.00645302 0.00547385 0.00464935 0.00393961
 1.01045e-16 1.79914e-05 0.000105537 0.000501549 0.00193078 0.00602079 0.0152085 0.0311223 0.051602 0.0693406 0.075563 0.0669058 0.0484469 0.0293901 0.0163475 0.0107462 0.0108147 0.0143699 0.0199892 0.0268447 0.0342458 0.0414016 0.0474299 0.0515045 0.0530409 0.0518382 0.0481284 0.04251 0.0357951 0.0288201 0.0222806 0.0166344 0.0120833 0.0086177 0.00609314 0.00430844
 1.00526e-16 3.87556e-05 0.000227483 0.00108139 0.00416349 0.0129835 0.0327952 0.0671023 0.111226 0.149361 0.162504 0.143267 0.102396 0.059437 0.0282435 0.0114144 0.00466143 0.00296025 0.00324644 0.00421321 0.00539805 0.00660279 0.0076834 0.00851303 0.00899651 0.00908912 0.00880466 0.00820796 0.00739575 0.00647246 0.00552924 0.00463164 0.00381718 0.00310042 0.00248137 0.00195336
 1.00342e-16 2.80861e-05 0.00016482 0.00078343 0.00301617 0.00940557 0.0237579 0.0486134 0.0805878 0.108244 0.117837 0.104048 0.0747159 0.0440777 0.0222735 0.0113087 0.00819568 0.00937271 0.0126131 0.0168384 0.0214388 0.0258717 0.0295707 0.0320142 0.0328368 0.0319194 0.0294191 0.0257267 0.0213679 0.0168821 0.0127164 0.00916288 0.00634672 0.00425505 0.0027866 0.00180256
 1.00447e-16 3.50943e-05 0.00020598 0.000979145 0.00376978 0.0117557 0.029694 0.0607577 0.100712 0.135252 0.147176 0.129808 0.0928952 0.0541623 0.0261879 0.0113666 0.00585626 0.00513451 0.00642482 0.00849983 0.0108481 0.0131553 0.0151346 0.0165251 0.0171392 0.0169055 0.0158846 0.0142497 0.0122411 0.0101096 0.00806658 0.0062552 0.00474429 0.00354126 0.00261408 0.00191333
 1.00408e-16 2.9946e-05 0.000175744 0.000835373 0.00321618 0.0100293 0.0253334 0.0518365 0.0859287 0.115412 0.125622 0.110882 0.0795356 0.0467445 0.0232954 0.0112958 0.00753062 0.0081828 0.0108805 0.014508 0.0184851 0.0223347 0.0255697 0.0277416 0.0285345 0.0278408 0.025788 0.0227026 0.0190272 0.0152173 0.0116523 0.00858211 0.00611701 0.00425184 0.00290747 0.00197303
 1.0112e-16 2.09998e-05 0.000123206 0.000585571 0.00225432 0.00702974 0.017757 0.0363358 0.060241 0.0809332 0.0881537 0.0779537 0.0562287 0.0336766 0.0179522 0.0106455 0.00961452 0.0122629 0.0169357 0.0227513 0.0290784 0.0352456 0.0405132 0.0441845 0.0457587 0.0450487 0.042224 0.0377583 0.0323054 0.0265454 0.0210504 0.016205 0.0121913 0.00902338 0.00660775 0.00480404
 1.01544e-16 2.71302e-05 0.000159213 0.000756782 0.00291358 0.00908567 0.0229499 0.0469596 0.0778453 0.104558 0.113815 0.100478 0.0721116 0.0424599 0.0213079 0.0105817 0.00738818 0.00828883 0.0111501 0.0149678 0.0192106 0.0234258 0.0271388 0.0298994 0.0313732 0.0314152 0.0300986 0.0276852 0.0245514 0.0210967 0.0176636 0.0144907 0.0117039 0.00933704 0.00736554 0.00573947
 1.00478e-16 3.65149e-05 0.000214323 0.00101882 0.00392253 0.0122321 0.0308972 0.0632193 0.104791 0.140727 0.153125 0.135034 0.0965898 0.0562248 0.0270136 0.0114318 0.00546548 0.00439762 0.00533851 0.00702603 0.00896137 0.0108671 0.0125036 0.0136554 0.0141688 0.0139857 0.0131568 0.0118257 0.0101906 0.00845732 0.0067985 0.00532971 0.00410503 0.00312802 0.00237046 0.00179076
 1.0006e-16 4.11397e-05 0.000241482 0.00114795 0.00441976 0.0137827 0.0348138 0.0712324 0.118071 0.15855 0.172493 0.152055 0.108635 0.0629736 0.029764 0.0117486 0.00435824 0.00224493 0.00214919 0.00268981 0.00339736 0.00409823 0.00468685 0.00507837 0.0052146 0.00507626 0.00468761 0.00410972 0.00342506 0.00271835 0.00205998 0.00149613 0.0010469 0.00071074 0.000472288 0.000310233
 1.00046e-16 3.94405e-05 0.000231503 0.0011005 0.00423705 0.0132129 0.0333746 0.068288 0.113191 0.152002 0.165379 0.145808 0.104224 0.0605223 0.0288039 0.0117163 0.00489684 0.00323048 0.00359154 0.0046364 0.00587423 0.00707918 0.00808123 0.00873486 0.00893989 0.00866448 0.00795335 0.00691575 0.00569826 0.00445094 0.00329807 0.00232063 0.00155295 0.000990682 0.000604595 0.000354826
 1.00183e-16 3.03533e-05 0.000178134 0.000846738 0.00325993 0.0101658 0.0256781 0.0525418 0.0870978 0.116982 0.127331 0.112389 0.0806138 0.0473728 0.0235981 0.0114245 0.00759113 0.0082265 0.0109237 0.0145491 0.0185125 0.0223285 0.0255041 0.0275869 0.0282614 0.0274258 0.0252183 0.0219801 0.0181695 0.0142566 0.0106311 0.00754758 0.00511514 0.00332195 0.00207859 0.00126231
 1.00763e-16 2.57292e-05 0.00015098 0.000717631 0.00276281 0.00861549 0.0217623 0.0445304 0.0738209 0.0991601 0.10796 0.0953583 0.068543 0.0405716 0.020753 0.0109497 0.00845104 0.0100152 0.0136093 0.0182314 0.0232823 0.0282003 0.0323863 0.0352802 0.0364814 0.0358425 0.0335044 0.0298529 0.0254191 0.0207543 0.0163217 0.0124321 0.00923099 0.00672699 0.00484081 0.00345451
 1.00891e-16 3.01551e-05 0.000176974 0.000841231 0.00323874 0.0100997 0.0255111 0.0521999 0.0865301 0.116216 0.12649 0.111629 0.0800291 0.0469503 0.0232426 0.011015 0.00701822 0.00740341 0.00978946 0.0130773 0.016726 0.0203125 0.0234092 0.0256176 0.0266486 0.0263886 0.0249242 0.022513 0.0195152 0.0163073 0.0132079 0.0104334 0.00808955 0.00619113 0.00469483 0.00353212
 1.00836e-16 2.70772e-05 0.000158897 0.000755275 0.00290776 0.00906751 0.022904 0.0468662 0.0776917 0.104355 0.113605 0.100317 0.0720472 0.0425256 0.0215312 0.0110026 0.00806596 0.00929462 0.0125485 0.016793 0.0214421 0.0259705 0.0298253 0.0324917 0.0336016 0.0330212 0.0308814 0.0275386 0.0234819 0.019218 0.0151712 0.0116244 0.00870797 0.0064263 0.00470369 0.00343014
 1.01043e-16 2.72236e-05 0.000159758 0.00075937 0.00292354 0.00911671 0.0230283 0.0471203 0.0781124 0.104919 0.114214 0.100844 0.0724029 0.0426899 0.0215304 0.0108664 0.00780197 0.00888901 0.0119796 0.0160464 0.0205232 0.0249126 0.0286925 0.0313736 0.0326018 0.0322396 0.0303967 0.0273939 0.0236779 0.0197151 0.0158991 0.0124965 0.00963623 0.00733382 0.00553261 0.00414455
 1.00806e-16 3.08471e-05 0.000181038 0.000860551 0.00331313 0.0103317 0.0260971 0.0533988 0.088517 0.118884 0.129389 0.114179 0.0818384 0.0479736 0.0236782 0.0111025 0.00691504 0.00717313 0.00943904 0.0125927 0.0160921 0.019523 0.0224706 0.0245504 0.0254851 0.025169 0.0236912 0.0213071 0.0183705 0.0152503 0.0122566 0.00959836 0.00737516 0.00559633 0.00421406 0.00315598
 1.0091e-16 2.5707e-05 0.000150851 0.000717014 0.00276044 0.00860808 0.0217436 0.0444921 0.0737574 0.0990746 0.107867 0.0952749 0.0684812 0.0405313 0.0207257 0.0109244 0.00841858 0.00996887 0.0135444 0.0181449 0.0231737 0.0280721 0.0322447 0.0351356 0.0363467 0.0357325 0.0334333 0.0298326 0.0254578 0.020855 0.0164823 0.0126453 0.0094857 0.00700926 0.00513556 0.00374705
 1.01237e-16 2.67232e-05 0.00015682 0.000745404 0.00286976 0.00894902 0.0226047 0.0462536 0.0766759 0.10299 0.112116 0.0989953 0.0710845 0.0419302 0.0211804 0.0107447 0.00778484 0.00891991 0.0120442 0.0161499 0.0206786 0.0251367 0.029003 0.0317873 0.0331318 0.0328926 0.0311704 0.0282757 0.0246449 0.0207356 0.016936 0.013511 0.0105925 0.00820246 0.00629324 0.00478687
 1.01069e-16 2.86976e-05 0.000168415 0.000800531 0.00308203 0.00961097 0.0242767 0.0496744 0.0823449 0.110599 0.120386 0.106265 0.0762344 0.0448261 0.0223806 0.0109232 0.00737942 0.00809941 0.0108181 0.014473 0.0185126 0.0224798 0.0259031 0.0283423 0.0294783 0.029187 0.0275657 0.0249013 0.0215936 0.0180595 0.0146505 0.0116043 0.00903516 0.00695651 0.00531782 0.00404143
 1.02264e-16 6.72158e-06 3.93553e-05 0.000186877 0.000719151 0.00224231 0.00566469 0.0115962 0.019243 0.0259063 0.0283584 0.0254119 0.0190584 0.0128733 0.00951875 0.00976391 0.0131839 0.0191316 0.0270911 0.0365411 0.0467472 0.0567014 0.0652323 0.0712264 0.0738799 0.0728891 0.068519 0.0615188 0.0529256 0.0438173 0.0351001 0.0273825 0.0209519 0.015831 0.0118746 0.00886577
 1.04344e-16 2.62732e-05 0.000154194 0.000732951 0.00282187 0.00879971 0.0222274 0.0454804 0.0753896 0.101249 0.110185 0.0972076 0.0696202 0.040705 0.019899 0.00902486 0.00524571 0.005223 0.00692888 0.00949246 0.0125676 0.0159344 0.0193632 0.0226052 0.0254248 0.0276341 0.0291133 0.0298135 0.0297435 0.0289526 0.0275155 0.0255251 0.0230928 0.0203487 0.0174385 0.0145142
 1.03668e-16 8.63041e-06 5.05672e-05 0.000240192 0.000924446 0.00288253 0.00728176 0.0149045 0.0247248 0.0332623 0.0363476 0.0324217 0.023995 0.0155903 0.0105307 0.00968663 0.0123956 0.0177438 0.0250627 0.0337909 0.0432264 0.0524354 0.060341 0.0659242 0.0684561 0.067671 0.0638268 0.0576231 0.050015 0.0419832 0.0343368 0.0276008 0.0219996 0.0175166 0.0139905 0.0112087
pSPR Fmed_Fpbrs
0.47123   0.6 0.325
Fs Fmed_Fpbrs
0.64   0.376321 1.24435
SSBpbr Bo_Bmed_Bpbrs
565280  238113  310904 155452
Ro
19148.9
SPR SPRFo_SPRFmed_SPRFpbrs
395506 186374 128539
log_Ro
9.68
likeval ReclasPelacesDesembMPH_pf_preclas_ppelaces_ptallas_desvR_qrecl_qpela
 72.0564 0.000167785 0.218376 38.5573 389.539 220.48 60.1902 0 37.4069 0.000175501 0.00030409 6.42847e-16 0 0 0
q_reclas_q_pelaces
6.53551 11.9524
M
0.7
N
 13743.9 31199.6 14705 1982.85 0.126059
 22995.3 6697.23 12554.8 5917.32 797.954
 2447.04 11036.4 2276 4266.65 2282.13
 5491.84 1076.16 1418.69 292.572 841.823
 36449.6 2491.02 195.112 257.214 205.671
 13582.2 17687.8 957.156 74.9704 177.86
 62902.7 5883.81 1922.61 104.04 27.4818
 50976 27060.3 591.873 193.402 13.2302
 77432.6 22063.1 2912.39 63.7011 22.239
 112817 32291 1570.33 207.289 6.11676
 57472.3 51195.5 5884.43 286.164 38.8892
 51075.4 25031.4 5908.48 679.123 37.5144
 54213.3 21955.6 2496.82 589.356 71.4828
 30667.1 21096 723.488 82.2762 21.7762
 13144.9 9872.15 84.3112 2.89145 0.41585
 9590.45 4496.57 77.5581 0.66237 0.025983
 6444.49 4102.84 425.167 7.33339 0.0650862
 7701.01 2778.21 422.492 43.7818 0.761863
 8139.37 3344.69 310.778 47.2612 4.98278
 7519.33 3638.55 515.747 47.9217 8.05596
 15515.7 3272.17 415.956 58.9597 6.39931
 20050.1 7136.3 692.58 88.0404 13.8338
 28872 9258.42 1578.39 153.184 22.5323
 50287.5 13222.4 1868.08 318.473 35.4543
 9926.1 23093.5 2750.8 388.635 73.6311
 28760.7 4673.91 6347.24 756.056 127.054
 2922.92 13014.5 825.268 1120.73 155.93
pred_Ctot
 185.296 4307.41 2030.17 273.752 0.0174037
 555.393 1553.69 2912.59 1372.76 185.117
 202.728 6335.94 1306.64 2449.47 1310.16
 343.783 519.874 685.343 141.336 406.67
 598.227 411.309 32.2163 42.4703 33.9596
 1256.68 10792.4 584.018 45.7439 108.523
 6098.47 3679.01 1202.16 65.0537 17.1838
 4745.4 16564.7 362.31 118.389 8.09878
 9012.62 15064.5 1988.55 43.4945 15.1846
 7027.83 15549.1 756.163 99.8157 2.9454
 5119.67 30605.7 3517.83 171.075 23.2487
 4976.37 15691.5 3703.85 425.722 23.5167
 8555.83 16877 1919.28 453.032 54.9481
 7952.61 18348.3 629.255 71.5599 18.9399
 3004.89 8379.9 71.5669 2.45438 0.352991
 963.552 2863.06 49.3829 0.421745 0.0165439
 616.199 2547.07 263.946 4.55262 0.0404059
 699.839 1678.93 255.321 26.4582 0.460409
 587.676 1769.7 164.435 25.0063 2.63643
 673.939 2182.46 309.353 28.7441 4.83208
 827.042 1416.7 180.09 25.5269 2.77061
 1015.36 2979.32 289.144 36.7559 5.77544
 1622.28 4158.33 708.921 68.801 10.1202
 2732.85 5802.83 819.827 139.766 15.5595
 370.792 7669.92 913.608 129.075 24.4547
 1845.76 2295.02 3116.67 371.244 62.3868
 330.695 8772.83 556.299 755.463 105.11
F
 0.0189039 0.210302 0.210302 0.210302 0.210302
 0.0340926 0.379274 0.379274 0.379274 0.379274
 0.121482 1.35146 1.35146 1.35146 1.35146
 0.0905702 1.00758 1.00758 1.00758 1.00758
 0.0230549 0.256482 0.256482 0.256482 0.256482
 0.136559 1.51919 1.51919 1.51919 1.51919
 0.143523 1.59667 1.59667 1.59667 1.59667
 0.137448 1.52909 1.52909 1.52909 1.52909
 0.17462 1.94262 1.94262 1.94262 1.94262
 0.0901115 1.00248 1.00248 1.00248 1.00248
 0.131172 1.45926 1.45926 1.45926 1.45926
 0.144282 1.60511 1.60511 1.60511 1.60511
 0.243841 2.71269 2.71269 2.71269 2.71269
 0.433474 4.82233 4.82233 4.82233 4.82233
 0.372719 4.14645 4.14645 4.14645 4.14645
 0.149089 1.65859 1.65859 1.65859 1.65859
 0.141419 1.57326 1.57326 1.57326 1.57326
 0.133978 1.49048 1.49048 1.49048 1.49048
 0.105126 1.16951 1.16951 1.16951 1.16951
 0.132025 1.46876 1.46876 1.46876 1.46876
 0.0766558 0.852783 0.852783 0.852783 0.852783
 0.072701 0.808787 0.808787 0.808787 0.808787
 0.0809562 0.900625 0.900625 0.900625 0.900625
 0.0782055 0.870024 0.870024 0.870024 0.870024
 0.0531721 0.591532 0.591532 0.591532 0.591532
 0.0929489 1.03404 1.03404 1.03404 1.03404
 0.169355 1.88405 1.88405 1.88405 1.88405
Np
 12279.4 5894.97 417.658 334.772 28.4641
YTP_r0W_actual
 574.445 64786.3 5972.11 10357.3 1599.16
YTP_p0W_proyectada
 2413.29 6099.83 7107.59 575.58 932.875
 2413.29 29345.3 3022.41 3093.83 291.917
CTP_r0_actual
 70.0543 2999.37 190.195 258.287 35.9362
CTP_p0_proyectada
 294.304 282.4 226.356 14.3536 20.9635
 294.304 1358.58 96.2551 77.1529 6.55994
Wmedp
 8.2 21.6 31.4 40.1 44.5
nmprior
 10.8 10.6 4.6 0
nm_flota  nm_reclas  nm_pelaces    nm_pelaL
inf 17.1605 8.85772 21.1958
cv_recla  cv_pelaces  cv_mph
0.735135 0.472984 0.497864
 ------------------------------------------------
Talla a la edad & desviaci?n 
 7.2 14.2025 17.0495 18.207 18.6776
 1.08 2.13037 2.55742 2.73105 2.80164
