years
 1997 1998 1999 2000 2001 2002 2003 2004 2005 2006 2007 2008 2009 2010 2011 2012 2013 2014 2015 2016 2017 2018 2019 2020 2021 2022 2023
reclasobs
 0 0 0 370054 412103 1.49427e+06 250295 1.28982e+06 931140 785840 897777 1.04006e+06 184774 17550 25797 100020 73551 82996 120727 218422 84188 347160 605670 569463 516374 1.08416e+06 1.01767e+06
reclaspred
 545085 137453 331221 202431 308561 366936 782017 569541 740373 844876 752425 521678 287543 105878 75147.6 76810.3 82306.1 106882 120917 154943 243841 262959 484574 613292 774735 672569 539415
pelacesobs
 0 0 0 0 0 0 0 0 0 2.06254e+06 1.5e+06 0 1.87456e+06 323000 250000 174000 83755 137374 0 501740 490994 745055 786931 1.00524e+06 1.33801e+06 1.41789e+06 0
pelacespred
 1.77577e+06 407279 532698 552631 760263 646742 1.80533e+06 1.458e+06 1.84011e+06 2.09184e+06 1.54489e+06 1.10241e+06 600740 183022 138428 148439 161952 220202 246723 310284 589181 591195 869930 1.29009e+06 1.55108e+06 1.43465e+06 1.0871e+06
mphobs
 0 0 0 0 0 0 112323 0 153150 637223 0 255016 313432 73983 77613 109348 50772 17779 17303 59886 28197 0 207744 136588 643089 65757 70829
mphpred
 192990 104129 110995 95451 102584 165006 223540 294013 280840 358932 375882 259003 150127 102340 49794 45902.2 44103 54939.3 29753.3 32086.2 49660.1 69494.3 93836.5 141060 181943 163801 132777
desembarqueobs
 350755 77701 442110 56441 14545 235359 269955 359681 431902 328805 639364 411747 362871 311530 167758 66681 60226 58785 57116 73181 50977 67692 138656 160484 209506 203330 245020
desembarquepred
 350758 77697.2 442064 56445.2 14545.5 235501 270036 359600 431827 328795 639314 411764 363019 311384 167511 66677.1 60260.8 58782.1 57094.1 73182 50977.1 67676.4 138658 160494 209543 203348 245002
Reclutas
 34777.4 42068 18806.9 24862.3 43753.1 29642.9 66412.4 67292.4 109593 113502 63730.5 44889 42272.2 28889.7 16112.8 12103.2 8324.25 10664.5 11861 15856 26348.9 37036.6 53165.7 70102.4 24576.5 34605 51342.8
log_desv_Rt
 0.0567236 0.247043 -0.558022 -0.278892 0.286317 -0.103023 0.70364 0.716802 1.20452 1.23958 0.662419 0.311948 0.251884 -0.12876 -0.712634 -0.998772 -1.37307 -1.12532 -1.01899 -0.728695 -0.220819 0.119662 0.481169 0.757713 -0.290455 0.0517524 0.446279
SSB
 425640 229656 244798 210517 226248 363919 477005 639144 602069 773682 829007 571229 345035 155657 79647.9 72762.5 73695.5 86527.6 109214 125415 180809 245954 342341 489296 695904 648823 493362
BT
 1.47719e+06 354988 575862 375549 457169 528778 1.35488e+06 1.26849e+06 1.57631e+06 1.55178e+06 1.44801e+06 1.00183e+06 716681 402933 228048 142734 146061 180455 187407 241363 398315 384937 582955 867555 971073 939012 822967
Ftot
 1.09582 1.02517 1.85808 0.44313 0.0819064 0.851374 0.595345 1.08579 1.12847 0.676983 1.18568 1.06475 1.82551 4.3034 4.05156 1.46263 1.19256 0.913 0.727932 0.755536 0.362787 0.396268 0.420763 0.410837 0.351071 0.376333 0.640727
BD_Bspro_t
 0.903148 0.621928 0.529771 0.32695 0.465748 0.63856 0.562341 0.599046 0.547731 0.560489 0.542881 0.381949 0.274544 0.162927 0.102789 0.113421 0.15482 0.233521 0.330955 0.420707 0.541106 0.677662 0.710206 0.719018 0.732393 0.658448 0.591956
BD_Bspro
 0.627148 0.338381 0.360692 0.310181 0.33336 0.536208 0.702832 0.941732 0.887104 1.13996 1.22148 0.841664 0.508383 0.22935 0.117355 0.10721 0.108585 0.127492 0.160919 0.18479 0.266408 0.362395 0.504415 0.720942 1.02536 0.955993 0.726932
BD_Bo
 0.563689 0.304142 0.324195 0.278795 0.299628 0.481951 0.631714 0.846441 0.797341 1.02461 1.09788 0.756499 0.456942 0.206142 0.10548 0.0963618 0.0975975 0.114591 0.144636 0.166092 0.239451 0.325725 0.453374 0.647992 0.921609 0.859259 0.653376
BD_Brms
 1.02489 0.552985 0.589445 0.5069 0.544779 0.876274 1.14857 1.53898 1.44971 1.86293 1.99615 1.37545 0.830803 0.374804 0.191783 0.175203 0.17745 0.208348 0.262975 0.301985 0.435366 0.592227 0.824317 1.17817 1.67565 1.56229 1.18796
S_f
 0.0888386 0.649431 0.972374 0.998507 0.999921
 0.0888386 0.649431 0.972374 0.998507 0.999921
 0.0888386 0.649431 0.972374 0.998507 0.999921
 0.0888386 0.649431 0.972374 0.998507 0.999921
 0.0888386 0.649431 0.972374 0.998507 0.999921
 0.0888386 0.649431 0.972374 0.998507 0.999921
 0.0888386 0.649431 0.972374 0.998507 0.999921
 0.0888386 0.649431 0.972374 0.998507 0.999921
 0.0888386 0.649431 0.972374 0.998507 0.999921
 0.0888386 0.649431 0.972374 0.998507 0.999921
 0.0888386 0.649431 0.972374 0.998507 0.999921
 0.0888386 0.649431 0.972374 0.998507 0.999921
 0.0888386 0.649431 0.972374 0.998507 0.999921
 0.0888386 0.649431 0.972374 0.998507 0.999921
 0.0888386 0.649431 0.972374 0.998507 0.999921
 0.0888386 0.649431 0.972374 0.998507 0.999921
 0.0888386 0.649431 0.972374 0.998507 0.999921
 0.0888386 0.649431 0.972374 0.998507 0.999921
 0.0888386 0.649431 0.972374 0.998507 0.999921
 0.0888386 0.649431 0.972374 0.998507 0.999921
 0.0888386 0.649431 0.972374 0.998507 0.999921
 0.0888386 0.649431 0.972374 0.998507 0.999921
 0.0888386 0.649431 0.972374 0.998507 0.999921
 0.0888386 0.649431 0.972374 0.998507 0.999921
 0.0888386 0.649431 0.972374 0.998507 0.999921
 0.0888386 0.649431 0.972374 0.998507 0.999921
 0.0888386 0.649431 0.972374 0.998507 0.999921
Scru_reclas
 0.470848 0.817456 0.957513 0.99126 0.998251
 0.470848 0.817456 0.957513 0.99126 0.998251
 0.470848 0.817456 0.957513 0.99126 0.998251
 0.470848 0.817456 0.957513 0.99126 0.998251
 0.470848 0.817456 0.957513 0.99126 0.998251
 0.470848 0.817456 0.957513 0.99126 0.998251
 0.470848 0.817456 0.957513 0.99126 0.998251
 0.470848 0.817456 0.957513 0.99126 0.998251
 0.470848 0.817456 0.957513 0.99126 0.998251
 0.470848 0.817456 0.957513 0.99126 0.998251
 0.470848 0.817456 0.957513 0.99126 0.998251
 0.470848 0.817456 0.957513 0.99126 0.998251
 0.470848 0.817456 0.957513 0.99126 0.998251
 0.470848 0.817456 0.957513 0.99126 0.998251
 0.470848 0.817456 0.957513 0.99126 0.998251
 0.470848 0.817456 0.957513 0.99126 0.998251
 0.470848 0.817456 0.957513 0.99126 0.998251
 0.470848 0.817456 0.957513 0.99126 0.998251
 0.470848 0.817456 0.957513 0.99126 0.998251
 0.470848 0.817456 0.957513 0.99126 0.998251
 0.470848 0.817456 0.957513 0.99126 0.998251
 0.470848 0.817456 0.957513 0.99126 0.998251
 0.470848 0.817456 0.957513 0.99126 0.998251
 0.470848 0.817456 0.957513 0.99126 0.998251
 0.470848 0.817456 0.957513 0.99126 0.998251
 0.470848 0.817456 0.957513 0.99126 0.998251
 0.470848 0.817456 0.957513 0.99126 0.998251
Scru_pelaces
 0.653655 1 1 1 1
 0.653655 1 1 1 1
 0.653655 1 1 1 1
 0.653655 1 1 1 1
 0.653655 1 1 1 1
 0.653655 1 1 1 1
 0.653655 1 1 1 1
 0.653655 1 1 1 1
 0.653655 1 1 1 1
 0.653655 1 1 1 1
 0.653655 1 1 1 1
 0.653655 1 1 1 1
 0.653655 1 1 1 1
 0.653655 1 1 1 1
 0.653655 1 1 1 1
 0.653655 1 1 1 1
 0.653655 1 1 1 1
 0.653655 1 1 1 1
 0.653655 1 1 1 1
 0.653655 1 1 1 1
 0.653655 1 1 1 1
 0.653655 1 1 1 1
 0.653655 1 1 1 1
 0.653655 1 1 1 1
 0.653655 1 1 1 1
 0.653655 1 1 1 1
 0.653655 1 1 1 1
pf_obs 
 0.256992 0.487395 0.22802 0.0275931 0
 0.321318 0.546541 0.124235 0.00734118 0.000564706
 0.182869 0.594174 0.210203 0.0122559 0.00049798
 0.330522 0.361315 0.267642 0.0388342 0.00168674
 0.649043 0.306663 0.0425973 0.00169635 0
 0.582887 0.30429 0.105238 0.00758474 0
 0.465427 0.430635 0.0974691 0.00646863 0
 0.296916 0.608066 0.0921331 0.00288517 0
 0.311714 0.524322 0.152257 0.0117073 0
 0.15457 0.633149 0.183074 0.0267441 0.00246327
 0.131901 0.49318 0.331252 0.0422183 0.00144891
 0.196976 0.569456 0.194076 0.0375587 0.00193317
 0.518974 0.381816 0.0799577 0.0180837 0.00116848
 0.0928022 0.601141 0.25162 0.0475244 0.00691264
 0.122501 0.610282 0.24278 0.0234846 0.000952079
 0.383417 0.481906 0.127806 0.00687128 0
 0.0376549 0.599619 0.316969 0.0457579 0
 0.0361596 0.667082 0.258105 0.0386534 0
 0.158088 0.579412 0.248529 0.0139706 0
 0.0477256 0.309471 0.559284 0.082774 0.000745712
 0.0406174 0.521527 0.379366 0.0568643 0.0016247
 0.151134 0.462217 0.34131 0.0453401 0
 0.294876 0.26143 0.354403 0.0886775 0.000613685
 0.281977 0.475581 0.204845 0.0348837 0.00271318
 0.0841818 0.532909 0.334909 0.0458182 0.00218182
 0.115287 0.27431 0.454777 0.147771 0.00785563
 0 0 0 0 0
pf_pred 
 0.284161 0.487228 0.204084 0.0245136 1.33759e-05
 0.268099 0.576064 0.124264 0.028316 0.00325658
 0.134993 0.667691 0.171961 0.0203922 0.00496213
 0.233028 0.487692 0.246297 0.02896 0.00402301
 0.255427 0.496433 0.182532 0.0580771 0.0075307
 0.135405 0.590285 0.20585 0.0507153 0.0177442
 0.299795 0.390888 0.244506 0.0491153 0.0156958
 0.227145 0.601324 0.116252 0.0440181 0.0112606
 0.316582 0.494702 0.16364 0.0172356 0.0078403
 0.229424 0.619785 0.125097 0.022411 0.00328242
 0.129969 0.603555 0.232971 0.0279686 0.00553714
 0.139749 0.507276 0.286048 0.0588453 0.00808167
 0.210608 0.495843 0.213312 0.0655581 0.0146789
 0.282386 0.579253 0.1095 0.0213105 0.00755097
 0.310651 0.647656 0.0395835 0.00170865 0.000400064
 0.275761 0.670123 0.0532689 0.000807918 3.85095e-05
 0.181803 0.641863 0.169503 0.00672857 0.00010157
 0.244689 0.50425 0.219056 0.0308183 0.00118622
 0.224158 0.56825 0.162024 0.0399611 0.00560629
 0.244256 0.520478 0.193799 0.032628 0.00883893
 0.274709 0.514025 0.167064 0.0366518 0.00755047
 0.238097 0.541125 0.17515 0.0363154 0.00931336
 0.233587 0.515321 0.19978 0.0409723 0.0103397
 0.218622 0.525153 0.196298 0.0479911 0.0119356
 0.0662306 0.607367 0.249887 0.0590547 0.0174607
 0.122437 0.279379 0.446 0.117351 0.0348331
 0.206029 0.418784 0.159764 0.1619 0.0535234
pobs_RECLAS
 0 0 0 0 0
 0 0 0 0 0
 0 0 0 0 0
 0 0 0 0 0
 0.835266 0.146461 0.0176864 0.000547809 3.91292e-05
 0.385257 0.428462 0.181853 0.0044286 0
 0.867414 0.0963971 0.0333333 0.00285562 0
 0.441836 0.489002 0.0689373 0.000224442 0
 0.779404 0.147425 0.0564933 0.0165055 0.000172143
 0.814271 0.122319 0.05973 0.00367925 0
 0.40263 0.566651 0.0304383 0.000280538 0
 0.475488 0.404961 0.113038 0.00651328 0
 0.955842 0.0263864 0.0167828 0.000988607 0
 0.975058 0.0227948 0.00214734 0 0
 0.738997 0.206755 0.0527124 0.00153531 0
 0.850938 0.134255 0.0134407 0.00136685 0
 0.542534 0.407297 0.0501686 0 0
 0.764087 0.199537 0.0359546 0.000420521 0
 0.470689 0.182191 0.310203 0.0369168 0
 0.84361 0.089868 0.0606195 0.00523954 0.000663233
 0.607945 0.314616 0.071237 0.00620181 0
 0.523733 0.453247 0.0230204 0 0
 0.530135 0.295979 0.169645 0.0042399 0
 0.562478 0.366248 0.0663022 0.0049721 0
 0.250443 0.683176 0.0655157 0.000865301 0
 0.195077 0.31981 0.436473 0.0351445 0.0134964
 0.565238 0.351407 0.0832357 0.000118908 0
ppred_RECLAS
 0.657655 0.253386 0.0793799 0.00957369 5.25216e-06
 0.631395 0.306302 0.04963 0.0113598 0.00131357
 0.441666 0.46192 0.0840267 0.00995267 0.00243423
 0.586643 0.28648 0.11179 0.0132374 0.00184912
 0.609605 0.280602 0.0805792 0.0258437 0.00336991
 0.426173 0.424084 0.112181 0.0277867 0.00977525
 0.673065 0.203229 0.097625 0.0197382 0.00634268
 0.580529 0.345574 0.049998 0.0190099 0.00488938
 0.689572 0.24159 0.0596464 0.00630685 0.0028844
 0.575052 0.35819 0.0553179 0.0099714 0.00146852
 0.42058 0.436143 0.125192 0.015083 0.00300214
 0.445638 0.364257 0.153916 0.0317983 0.00439075
 0.585249 0.292215 0.0890421 0.0273406 0.00615317
 0.734349 0.235777 0.0237661 0.00450586 0.00160255
 0.740306 0.2508 0.00845366 0.000356526 8.38037e-05
 0.639888 0.340082 0.0197164 0.000299563 1.43541e-05
 0.513099 0.404326 0.0793656 0.00316157 4.79814e-05
 0.60785 0.284856 0.0935529 0.0132285 0.000511955
 0.572864 0.333894 0.0726688 0.0180296 0.00254337
 0.603169 0.295044 0.0837428 0.0141812 0.00386283
 0.633701 0.277703 0.0699381 0.0154559 0.00320178
 0.588381 0.312702 0.0783382 0.0163598 0.00421901
 0.584862 0.301385 0.0903539 0.0186627 0.00473593
 0.563817 0.316496 0.0915172 0.0225347 0.00563573
 0.247168 0.531124 0.169392 0.0403262 0.0119899
 0.412936 0.220539 0.272683 0.0722707 0.0215717
 0.557582 0.261836 0.0765571 0.0780718 0.0259529
pobs_PELACES
 0 0 0 0 0
 0 0 0 0 0
 0 0 0 0 0
 0 0 0 0 0
 0 0 0 0 0
 0 0 0 0 0
 0 0 0 0 0
 0 0 0 0 0
 0 0 0 0 0
 0 0 0 0 0
 0.450072 0.473896 0.0757376 0.000293798 0
 0 0 0 0 0
 0.463077 0.371075 0.160297 0.00555027 0
 0.529543 0.364841 0.0842815 0.0213345 0
 0.631943 0.363953 0.00410389 0 0
 0.735681 0.248677 0.0153453 0.000297389 0
 0.695825 0.281241 0.0229344 0 0
 0.275771 0.60734 0.115278 0.00161068 0
 0 0 0 0 0
 0.896147 0.0623911 0.0374545 0.00400742 0
 0.803859 0.145111 0.0509908 3.86294e-05 0
 0.739449 0.233085 0.0266225 0.000797448 4.60066e-05
 0.878498 0.100942 0.0204185 0.000141795 0
 0.694673 0.275183 0.0284847 0.00165964 0
 0.469039 0.446079 0.0841089 0.000773354 0
 0.822795 0.102175 0.0682046 0.00682512 0
 0 0 0 0 0
ppred_PELACES
 0.740303 0.20522 0.0488371 0.00563601 3.06871e-06
 0.710126 0.251123 0.0311425 0.00682493 0.000783284
 0.571943 0.373775 0.0476192 0.0053617 0.00130105
 0.649867 0.257639 0.081871 0.0093288 0.00129374
 0.653357 0.261024 0.0634368 0.0196391 0.00254284
 0.512009 0.38354 0.0791027 0.0187879 0.00656062
 0.738793 0.176071 0.0677685 0.0131674 0.00420043
 0.667618 0.286469 0.0315178 0.0114676 0.00292735
 0.766713 0.192104 0.035903 0.00363153 0.00164836
 0.642898 0.311333 0.0381913 0.00661114 0.000966521
 0.522423 0.383362 0.0827939 0.00953734 0.00188399
 0.548004 0.324139 0.104387 0.0206413 0.00282881
 0.71169 0.223385 0.0478384 0.0139672 0.00311873
 0.880111 0.11232 0.00611024 0.00107825 0.000380039
 0.874244 0.12334 0.00230474 9.06674e-05 2.11227e-05
 0.72851 0.260299 0.011024 0.000159764 7.59659e-06
 0.608911 0.339109 0.0500454 0.00190601 2.87079e-05
 0.689663 0.240537 0.0611893 0.00829212 0.00031853
 0.646401 0.290164 0.0498897 0.0118817 0.00166381
 0.677548 0.253954 0.0567761 0.00922698 0.00249486
 0.68731 0.248182 0.051337 0.0109247 0.00224689
 0.646421 0.281332 0.057682 0.0115963 0.00296905
 0.6458 0.271287 0.0663895 0.013198 0.00332508
 0.62546 0.286741 0.0677532 0.0160582 0.00398713
 0.296028 0.525288 0.137773 0.0315865 0.00932408
 0.492276 0.216094 0.219138 0.0559203 0.0165715
 0.639026 0.234871 0.0547583 0.0536434 0.0177021
pobs_pel_tallas
 0 0 0 0 0 0 0 0 0 0 0 0 0 0 0 0 0 0 0 0 0 0 0 0 0 0 0 0 0 0 0 0 0 0 0 0
 0 0 0 0 0 0 0 0 0 0 0 0 0 0 0 0 0 0 0 0 0 0 0 0 0 0 0 0 0 0 0 0 0 0 0 0
 0 0 0 0 0 0 0 0 0 0 0 0 0 0 0 0 0 0 0 0 0 0 0 0 0 0 0 0 0 0 0 0 0 0 0 0
 0 0 0 0 0 0 0 0 0 0 0 0 0 0 0 0 0 0 0 0 0 0 0 0 0 0 0 0 0 0 0 0 0 0 0 0
 0 0 0 0 0 0 0 0 0 0 0 0 0 0 0 0 0 0 0 0 0 0 0 0 0 0 0 0 0 0 0 0 0 0 0 0
 0 0 0 0 0 0 0 0 0 0 0 0 0 0 0 0 0 0 0 0 0 0 0 0 0 0 0 0 0 0 0 0 0 0 0 0
 0 0 0 0 0 0 0 0 0 0 0 0 0 0 0 0 0 0 0 0 0 0 0 0 0 0 0 0 0 0 0 0 0 0 0 0
 0 0 0 0 0 0 0 0 0 0 0 0 0 0 0 0 0 0 0 0 0 0 0 0 0 0 0 0 0 0 0 0 0 0 0 0
 0 0 0 0 0 0 0 0 0 0 0 0 0 0 0 0 0 0 0 0 0 0 0 0 0 0 0 0 0 0 0 0 0 0 0 0
 0 0 0 0 0 0 0 0 0 0 0 0 0 0 0 0 0 0 0 0 0 0 0 0 0 0 0 0 0 0 0 0 0 0 0 0
 0 0 0 0 0 0 0 0 1.78061e-05 0.00172719 0.00360574 0.0105946 0.0120993 0.0124554 0.0147524 0.0171206 0.0266825 0.0428682 0.0675386 0.121331 0.153587 0.119568 0.100827 0.0573624 0.0630603 0.0341343 0.0324427 0.0444173 0.0211091 0.0280891 0.0125444 0.00206551 0 0 0 0
 0 0 0 0 0 0 0 0 0 0 0 0 0 0 0 0 0 0 0 0 0 0 0 0 0 0 0 0 0 0 0 0 0 0 0 0
 0 0 0 0 0 0 0.0133647 0.0140871 0.0187388 0.0205184 0.03894 0.0496705 0.03968 0.0493445 0.0407372 0.0367815 0.0215668 0.0243155 0.0234873 0.0199281 0.019796 0.0243948 0.0301388 0.0376714 0.0412746 0.0863199 0.0771752 0.113111 0.0741005 0.0525337 0.0229764 0.00759418 0.00175318 0 0 0
 0 0 0 0 0 0 0 0 0 0 0.00219441 0.00772107 0.0458388 0.0604681 0.0671733 0.0775358 0.0609151 0.0617685 0.073594 0.0568108 0.0755445 0.0548602 0.0670107 0.0636378 0.0643287 0.046367 0.0373049 0.0286899 0.0247887 0.0153202 0.00654259 0.00121912 0.000365735 0 0 0
 0 0 0 0 0 0 0 0 0 0 0 0 0.000112435 0.00938835 0.0111873 0.0202946 0.0414886 0.0713402 0.111592 0.104902 0.108894 0.110636 0.117776 0.105296 0.107544 0.0401394 0.0192827 0.0124803 0.00416011 0.0028671 0.000618394 0 0 0 0 0
 0 0 0 0 0 0 0 0 0 0 0.00291406 0.0102884 0.027416 0.0768956 0.0749926 0.110853 0.0956884 0.0897413 0.0766577 0.0534642 0.0500743 0.0551293 0.0594112 0.0620874 0.0668451 0.0424026 0.0208742 0.0120726 0.0048766 0.00582813 0.00118941 0.000297354 0 0 0 0
 0 0.00264628 0.0354308 0.0461629 0.0458689 0.0383711 0.0214643 0.0164657 0.0346957 0.0420465 0.0363128 0.0245516 0.0311673 0.0291091 0.0169068 0.0133784 0.00837989 0.0085269 0.0148486 0.0160247 0.0276389 0.0546898 0.0760071 0.122758 0.109233 0.0665981 0.0333725 0.0166128 0.00676272 0.00308733 0.000882094 0 0 0 0 0
 0 0 0 0 0 0 0 0.000805153 0.000690131 0.00759144 0.0133425 0.0154129 0.00931677 0.000345066 0.00356568 0.00563607 0.00851162 0.0253048 0.0502646 0.0516448 0.0657925 0.0565908 0.0611916 0.0827007 0.0866115 0.110766 0.145733 0.0935128 0.0569358 0.0249597 0.0138026 0.00621118 0.00161031 0.00115022 0 0
 0 0 0 0 0 0 0 0 0 0 0 0 0 0 0 0 0 0 0 0 0 0 0 0 0 0 0 0 0 0 0 0 0 0 0 0
 0.00147267 0.00158595 0.00478618 0.00569244 0.00954404 0.0108468 0.00647125 0.017049 0.0510054 0.094081 0.124002 0.0959785 0.0687766 0.0820023 0.061753 0.0591476 0.0492212 0.0479892 0.0443925 0.0268479 0.0217502 0.0140895 0.0121071 0.0120363 0.00920419 0.00665534 0.0049561 0.00860946 0.00930331 0.0156896 0.0114698 0.00855282 0.00243557 0.00046729 0 2.83206e-05
 0 0 0 0 0.000772559 0.00158375 0.000888443 0.00281984 0.00712685 0.0440552 0.0773331 0.111326 0.0921469 0.0852325 0.0710754 0.0886704 0.0786465 0.0553345 0.0373146 0.0185414 0.00753245 0.00457741 0.012979 0.0271748 0.0457355 0.0583668 0.034881 0.0177882 0.00938659 0.00492506 0.0015258 0.00185414 0.000309023 5.79419e-05 3.86279e-05 0
 0 0.00173294 0.00326652 0 0.00397197 0.00683976 0.00946217 0.0152591 0.00757587 0.0136028 0.0228656 0.0392903 0.0559909 0.0764795 0.0681675 0.0726916 0.0566044 0.0477403 0.0527397 0.0444891 0.0609904 0.0582453 0.0661739 0.0445044 0.0529084 0.0360697 0.0280645 0.0235558 0.0158879 0.00826598 0.00280645 0.00217768 0.000904811 0.00058276 9.20147e-05 0
 0 0 0 0 0 0 0 0 0 0 0 0 0 0 0 0 0 0 0 0 0 0 0 0 0 0 0 0 0 0 0 0 0 0 0 0
 0 0 0 0 0 0 0 0 0 0 0 0 0 0 0 0 0 0 0 0 0 0 0 0 0 0 0 0 0 0 0 0 0 0 0 0
 0 0 0 0 0 0 0 0 0 0 0 0 0 0 0 0 0 0 0 0 0 0 0 0 0 0 0 0 0 0 0 0 0 0 0 0
 0 0 0 0 0 0 0 0 0 0 0 0 0 0 0 0 0 0 0 0 0 0 0 0 0 0 0 0 0 0 0 0 0 0 0 0
 0 0 0 0 0 0 0 0 0 0 0 0 0 0 0 0 0 0 0 0 0 0 0 0 0 0 0 0 0 0 0 0 0 0 0 0
ppred_pel_tallas
 1.00955e-16 3.23018e-05 0.000189582 0.00090118 0.00346958 0.0108195 0.0273294 0.0559198 0.0926943 0.124489 0.135477 0.119519 0.0855972 0.0500386 0.0244403 0.0110306 0.00629816 0.00609983 0.00788602 0.010512 0.0134671 0.0163986 0.0189648 0.0208476 0.0218131 0.0217629 0.0207544 0.018979 0.0167092 0.0142329 0.0117955 0.00956673 0.00763402 0.00601719 0.00469333 0.00362081
 1.00796e-16 3.09877e-05 0.000181863 0.000864474 0.00332824 0.0103788 0.0262161 0.0536422 0.0889205 0.119425 0.129979 0.114698 0.0822088 0.0481872 0.0237768 0.0111369 0.00692011 0.00716444 0.00942018 0.0125615 0.016044 0.0194521 0.0223708 0.0244161 0.0253125 0.0249571 0.0234428 0.0210289 0.0180732 0.0149469 0.0119615 0.00932511 0.00713467 0.00539588 0.0040566 0.00304041
 1.01043e-16 2.49673e-05 0.000146507 0.00069636 0.00268091 0.00836009 0.0211172 0.0432105 0.0716334 0.0962235 0.104768 0.0925491 0.0665475 0.039438 0.0202611 0.0108327 0.00853139 0.0102184 0.0139231 0.0186672 0.0238548 0.0289174 0.0332457 0.0362688 0.0375764 0.0370156 0.0347253 0.0310929 0.0266534 0.0219623 0.0174862 0.0135379 0.0102642 0.00767485 0.00569249 0.0042022
 1.01628e-16 2.83605e-05 0.000166438 0.000791142 0.00304589 0.00949827 0.023992 0.0490917 0.0813782 0.109299 0.118965 0.104999 0.0752999 0.0442241 0.0219839 0.0105732 0.00694814 0.00750127 0.0100029 0.0134238 0.0172522 0.0210787 0.0244808 0.0270575 0.0285072 0.0286935 0.027671 0.0256598 0.0229821 0.0199821 0.016957 0.0141167 0.0115759 0.00937188 0.00749339 0.00590786
 1.0178e-16 2.85128e-05 0.000167332 0.00079539 0.00306224 0.00954927 0.0241208 0.0493553 0.0818153 0.109886 0.119604 0.105563 0.075705 0.0444628 0.0221036 0.0106316 0.00698577 0.00753756 0.0100428 0.0134635 0.0172814 0.0210817 0.0244379 0.0269482 0.0283144 0.0284082 0.0272964 0.0252129 0.0224928 0.0194893 0.0165022 0.0137371 0.0112988 0.00921058 0.0074465 0.0059612
 1.022e-16 2.23543e-05 0.000131165 0.000623424 0.00240009 0.00748433 0.0189051 0.0386845 0.064132 0.0861519 0.0938147 0.0829043 0.0596794 0.0355029 0.0184892 0.01029 0.00858598 0.0105899 0.014548 0.019575 0.0251034 0.0305666 0.0353451 0.038851 0.0406521 0.0405702 0.0387177 0.0354556 0.0312939 0.0267672 0.0223276 0.0182821 0.0147825 0.0118542 0.00944514 0.00747176
 1.01669e-16 3.22347e-05 0.000189191 0.000899327 0.00346246 0.0107973 0.0272732 0.0558047 0.0925028 0.124229 0.135188 0.11925 0.0853733 0.0498447 0.024229 0.01074 0.00586531 0.00546706 0.00700739 0.00936365 0.0120601 0.0147903 0.017262 0.0191999 0.0203935 0.0207408 0.0202665 0.0191053 0.0174601 0.0155503 0.0135662 0.0116437 0.00986011 0.00824632 0.0068054 0.00552957
 1.01072e-16 2.91356e-05 0.000170986 0.000812758 0.0031291 0.00975777 0.0246475 0.0504331 0.0836024 0.112287 0.122222 0.107882 0.0773862 0.0454866 0.0226791 0.0110162 0.00737269 0.0080391 0.0107132 0.0143157 0.018289 0.0221749 0.0255034 0.0278382 0.0288669 0.0284736 0.0267657 0.0240395 0.0207028 0.0171774 0.0138156 0.010851 0.00839007 0.00643533 0.00492448 0.00376886
 1.00775e-16 3.34528e-05 0.000196341 0.000933315 0.00359331 0.0112054 0.028304 0.0579138 0.095999 0.128925 0.140299 0.123761 0.0886078 0.0517431 0.0251691 0.0111831 0.00613774 0.00573362 0.00732703 0.00973792 0.0124532 0.0151336 0.0174574 0.0191285 0.0199315 0.0197806 0.0187376 0.0169906 0.0148035 0.0124523 0.0101709 0.00811833 0.00637281 0.0049462 0.00380832 0.00291097
 1.00916e-16 2.80587e-05 0.000164662 0.000782685 0.00301331 0.00939666 0.0237354 0.048567 0.0805101 0.108137 0.117713 0.103923 0.0745902 0.0439322 0.0220691 0.0109935 0.00771121 0.00866076 0.0116254 0.0155506 0.0198664 0.024082 0.027687 0.0302058 0.0312972 0.0308343 0.0289332 0.0259168 0.0222304 0.018336 0.0146214 0.0113459 0.00863024 0.00648154 0.00483446 0.00359298
 1.01716e-16 2.28084e-05 0.000133831 0.000636098 0.00244888 0.00763651 0.0192895 0.039471 0.0654355 0.0879023 0.0957187 0.084582 0.0608766 0.0361939 0.0188101 0.0104063 0.00861205 0.0105797 0.0145185 0.0195264 0.0250293 0.0304574 0.0351888 0.0386333 0.0403574 0.0401826 0.0382228 0.0348428 0.0305587 0.0259131 0.0213675 0.0172382 0.0136851 0.0107392 0.00835028 0.00643282
 1.02429e-16 2.39215e-05 0.000140371 0.000667202 0.00256866 0.00801005 0.020233 0.041401 0.0686328 0.0921906 0.100371 0.0886505 0.0637131 0.0376966 0.0192551 0.0101209 0.00777799 0.00922262 0.012583 0.0169548 0.0218159 0.026682 0.0310287 0.0343531 0.0362754 0.0366215 0.0354552 0.0330467 0.029793 0.0261181 0.0223875 0.0188581 0.0156705 0.0128705 0.0104468 0.00836409
 1.01378e-16 3.10548e-05 0.00018226 0.000866365 0.00333553 0.0104015 0.0262735 0.0537595 0.0891141 0.119683 0.130253 0.114926 0.0823407 0.0482016 0.0236676 0.0108928 0.00651375 0.00655608 0.00857032 0.0114467 0.0146721 0.0178741 0.0206844 0.0227594 0.0238464 0.0238401 0.0228036 0.020944 0.0185552 0.0159454 0.0133753 0.0110223 0.00897446 0.00724765 0.00581361 0.00462658
 1.00179e-16 3.83942e-05 0.000225359 0.00107129 0.00412456 0.0128621 0.0324886 0.0664752 0.110187 0.147969 0.160997 0.141956 0.101496 0.0589894 0.0281709 0.0116266 0.00511909 0.00367578 0.00425507 0.00554163 0.00704021 0.00850452 0.00973745 0.0105667 0.0108718 0.010612 0.00983565 0.00866683 0.00727371 0.00582932 0.00447759 0.00331319 0.00237774 0.00166901 0.00115677 0.000798891
 1.00078e-16 3.81388e-05 0.000223858 0.00106415 0.00409708 0.0127764 0.0322721 0.0660324 0.109453 0.146985 0.159929 0.14102 0.100841 0.0586363 0.0280541 0.0116677 0.00527214 0.00393043 0.00462004 0.00602792 0.00764987 0.00922403 0.0105353 0.0113953 0.0116734 0.0113276 0.0104152 0.00907716 0.00750286 0.00588656 0.00438926 0.0031161 0.00211205 0.00137213 0.0008593 0.000522757
 1.00248e-16 3.17897e-05 0.000186571 0.000886852 0.0034144 0.0106475 0.0268947 0.0550309 0.0912224 0.122517 0.133343 0.117667 0.0843361 0.0494327 0.0243878 0.0114155 0.0070789 0.00730948 0.00958814 0.0127522 0.0162341 0.0195992 0.022415 0.0242861 0.024935 0.0242694 0.022405 0.019634 0.0163509 0.0129614 0.009803 0.00709727 0.00494123 0.00332834 0.00218559 0.00141125
 1.00888e-16 2.65779e-05 0.000155965 0.000741335 0.00285409 0.00890014 0.0224813 0.0460012 0.0762581 0.10243 0.111512 0.0984734 0.0707348 0.041774 0.0211936 0.0109009 0.00808017 0.00937258 0.0126801 0.0169866 0.0217121 0.0263317 0.0302902 0.0330679 0.0342899 0.0338138 0.0317615 0.0284809 0.024454 0.0201833 0.0160928 0.0124688 0.00944878 0.00704682 0.005198 0.00380257
 1.01247e-16 3.00951e-05 0.000176623 0.000839566 0.00323234 0.0100797 0.0254607 0.0520965 0.0863583 0.115984 0.126234 0.111394 0.0798412 0.0468014 0.0230976 0.0108288 0.00674714 0.00700988 0.00924512 0.0123688 0.0158624 0.0193325 0.0223823 0.0246392 0.0258276 0.0258293 0.024708 0.0226832 0.0200696 0.0172002 0.0143597 0.0117453 0.00946001 0.00752919 0.00592958 0.00461677
 1.01289e-16 2.82106e-05 0.000165555 0.000786938 0.00302969 0.00944775 0.0238644 0.0488309 0.0809469 0.108722 0.118345 0.104469 0.0749561 0.0440961 0.0220564 0.0108321 0.00740525 0.00819153 0.0109659 0.0146825 0.0187935 0.0228404 0.0263482 0.0288721 0.0300885 0.0298694 0.0283093 0.0256929 0.0224183 0.0189011 0.0154918 0.0124271 0.00982161 0.00768984 0.00598391 0.00462999
 1.01323e-16 2.95673e-05 0.000173524 0.000824828 0.00317559 0.00990274 0.0250136 0.051182 0.0848428 0.11395 0.124024 0.109454 0.0784721 0.0460418 0.0228025 0.0108238 0.006922 0.0073265 0.00970652 0.0129888 0.0166474 0.0202712 0.0234427 0.0257704 0.0269663 0.0269103 0.025675 0.023498 0.0207169 0.0176864 0.0147082 0.0119889 0.00963298 0.00766135 0.00604272 0.00472386
 1.01291e-16 2.99927e-05 0.000176022 0.000836705 0.00322132 0.0100454 0.0253739 0.051919 0.0860642 0.11559 0.125806 0.111021 0.0795832 0.0466686 0.0230662 0.0108708 0.00684786 0.00716903 0.00946882 0.0126615 0.0162213 0.0197436 0.0228202 0.025069 0.0262102 0.0261287 0.0248979 0.0227529 0.0200256 0.0170645 0.0141644 0.0115265 0.00925066 0.00735458 0.00580456 0.00454574
 1.01448e-16 2.82111e-05 0.000165559 0.000786958 0.00302977 0.00944801 0.0238651 0.0488321 0.0809487 0.108724 0.118345 0.104464 0.0749435 0.0440695 0.0220079 0.0107508 0.00727761 0.00800307 0.0107041 0.0143408 0.0183756 0.0223638 0.025845 0.0283866 0.0296717 0.0295701 0.0281658 0.0257259 0.0226276 0.0192663 0.015977 0.0129878 0.0104118 0.00826874 0.00651974 0.00510189
 1.0164e-16 2.81837e-05 0.000165399 0.000786198 0.00302685 0.00943889 0.023842 0.048785 0.0808702 0.108618 0.118227 0.104356 0.0748551 0.0439966 0.021933 0.0106513 0.00713116 0.00778991 0.010409 0.0139565 0.017907 0.0218316 0.0252865 0.0278534 0.0292224 0.0292612 0.0280412 0.0258092 0.0229178 0.0197389 0.0165893 0.0136868 0.0111431 0.0089835 0.00717988 0.00568226
 1.01794e-16 2.72974e-05 0.000160194 0.000761451 0.00293156 0.00914174 0.0230915 0.0472493 0.0783254 0.105202 0.114515 0.101093 0.072545 0.0426998 0.0213997 0.0105801 0.00732667 0.00817738 0.0109846 0.0147396 0.0189126 0.0230562 0.026703 0.0294116 0.0308555 0.0308958 0.0296091 0.027257 0.0242123 0.020868 0.0175576 0.0145098 0.0118406 0.00957461 0.00768061 0.00610464
 1.03648e-16 1.29424e-05 7.58958e-05 0.000360636 0.00138824 0.00432889 0.0109349 0.022378 0.0371081 0.0498777 0.0543889 0.0482415 0.0351146 0.0216676 0.0127123 0.00934612 0.0103704 0.0142783 0.0200759 0.0271424 0.034888 0.0425853 0.0493956 0.054511 0.0573285 0.057585 0.0554088 0.0512646 0.0458212 0.0397854 0.0337598 0.0281597 0.0231998 0.0189332 0.0153139 0.012257
 1.05877e-16 2.14874e-05 0.00012609 0.000599329 0.00230737 0.00719524 0.0181747 0.0371888 0.0616485 0.0828038 0.0901376 0.0795808 0.0571263 0.0336637 0.0169497 0.00852365 0.00611652 0.0070385 0.00964541 0.0131985 0.0173395 0.021768 0.0261474 0.030126 0.0333941 0.0357362 0.0370568 0.0373728 0.0367807 0.0354153 0.0334154 0.0309077 0.028008 0.0248315 0.0215019 0.0181526
 1.03525e-16 2.78867e-05 0.000163659 0.000777934 0.00299504 0.00933972 0.0235915 0.048272 0.080019 0.107472 0.116972 0.10323 0.0740093 0.0434221 0.0215038 0.0102079 0.00653465 0.00693396 0.00921697 0.0123851 0.0159597 0.019573 0.0228501 0.0254361 0.0270643 0.0276131 0.0271273 0.0257926 0.0238773 0.0216602 0.0193715 0.0171607 0.015096 0.013186 0.0114105 0.00974675
pSPR Fmed_Fpbrs
0.527612   0.6 0.325
Fs Fmed_Fpbrs
0.64   0.467891 1.64052
SSBpbr Bo_Bmed_Bpbrs
755096  360643  415303 207652
Ro
32859.6
SPR SPRFo_SPRFmed_SPRFpbrs
678690 358085 220574
log_Ro
10.22
likeval ReclasPelacesDesembMPH_pf_preclas_ppelaces_ptallas_desvR_qrecl_qpela
 65.7915 0.00015314 0.0185667 47.3309 332.312 209.459 56.3871 0 17.4164 2.52166e-07 8.57095e-05 2.66819e-14 0 0 0
q_reclas_q_pelaces
1.07375 3.73268
M
0.7
N
 34777.4 10492.8 3349.55 395.85 0.215811
 42068 15667.9 2557.51 573.085 65.8512
 18806.9 19071.8 3998.19 468.69 113.979
 24862.3 7918.11 2833.51 325.983 45.2317
 43753.1 11869.7 2948.72 914.505 118.42
 29642.9 21569.6 5588.96 1352.19 472.649
 66412.4 13647.9 6161.84 1212.81 387.158
 67292.4 31280.5 4604.12 1715.11 438.377
 109593 30343.6 7674.1 795.457 361.538
 113502 49230.7 7240.73 1271.95 186.102
 63730.5 53073.5 15750.4 1861.61 368.251
 44889 28483.6 12202.8 2469.32 338.834
 42272.2 20279.3 7084.05 2151.84 481.515
 28889.7 17849.1 3077.33 596.171 211.191
 16112.8 9788.19 541.825 23.2731 5.44777
 12103.2 5582.72 349.927 5.23474 0.249333
 8324.25 5277.93 1072.29 41.9091 0.63211
 10664.5 3718.15 1208.1 166.991 6.42162
 11861 4883.26 1020.5 246.911 34.6048
 15856 5521.18 1511.45 249.692 67.5736
 26348.9 7362.72 1678.54 360.021 74.077
 37036.6 12669.5 2888.75 585.761 150.045
 53165.7 17755.6 4863.93 975.8 245.962
 70102.4 25432.6 6708.98 1604.33 398.535
 24576.5 33564.2 9671.89 2234.37 659.839
 34605 11829.6 13269.4 3413.88 1012.12
 51342.8 16619.3 4600.66 4570.06 1509.24
pred_Ctot
 2333.14 4000.44 1675.66 201.272 0.109825
 2647.5 5688.67 1227.12 279.622 32.159
 2077.76 10276.8 2646.75 313.867 76.3749
 691.783 1447.79 731.174 85.9726 11.943
 228.223 443.56 163.091 51.8916 6.72864
 1559.72 6799.44 2371.18 584.186 204.395
 2467.98 3217.87 2012.83 404.328 129.211
 4474.88 11846.4 2290.22 867.179 221.84
 7561.86 11816.4 3908.68 411.689 187.273
 4781.08 12916 2606.95 467.032 68.4038
 4610.13 21408.7 8263.71 992.076 196.408
 2929.63 10634.3 5996.58 1233.61 169.421
 4593.98 10815.8 4652.98 1430.02 320.191
 6747.31 13840.6 2616.38 509.192 180.422
 3575.81 7454.96 455.633 19.6677 4.60501
 1068.59 2596.77 206.42 3.13073 0.149227
 605.492 2137.71 564.526 22.4094 0.338277
 600.32 1237.13 537.432 75.6096 2.91028
 536.167 1359.2 387.547 95.5833 13.4097
 743.139 1583.53 589.626 99.2695 26.8921
 602.107 1126.64 366.172 80.3336 16.5491
 923.235 2098.24 679.153 140.815 36.1131
 1405.87 3101.52 1202.4 246.597 62.2305
 1810.7 4349.49 1625.8 397.477 98.8543
 543.717 4986.16 2051.44 484.807 143.343
 819.86 1870.77 2986.49 785.805 233.249
 2049.79 4166.5 1589.5 1610.75 532.506
F
 0.0973511 0.71166 1.06555 1.09418 1.09573
 0.0910746 0.665777 0.996847 1.02364 1.02509
 0.16507 1.2067 1.80675 1.85531 1.85794
 0.039367 0.287782 0.430888 0.442468 0.443095
 0.00727645 0.0531926 0.0796436 0.0817841 0.0818999
 0.0756349 0.552909 0.827854 0.850103 0.851307
 0.0528896 0.386636 0.578898 0.594456 0.595298
 0.0964597 0.705143 1.05579 1.08416 1.0857
 0.100252 0.732865 1.0973 1.12679 1.12838
 0.0601422 0.439654 0.65828 0.675972 0.676929
 0.105334 0.770015 1.15292 1.18391 1.18558
 0.0945912 0.691484 1.03534 1.06316 1.06467
 0.162175 1.18554 1.77507 1.82278 1.82536
 0.382308 2.79476 4.18452 4.29698 4.30306
 0.359935 2.63121 3.93963 4.04551 4.05124
 0.129938 0.949877 1.42222 1.46045 1.46251
 0.105945 0.774485 1.15961 1.19078 1.19246
 0.0811096 0.592931 0.887777 0.911636 0.912928
 0.0646685 0.472742 0.707822 0.726845 0.727875
 0.0671208 0.490669 0.734664 0.754408 0.755477
 0.0322295 0.235606 0.352765 0.362246 0.362759
 0.0352039 0.257349 0.385321 0.395677 0.396237
 0.03738 0.273257 0.409139 0.420135 0.42073
 0.0364982 0.26681 0.399487 0.410223 0.410804
 0.0311887 0.227997 0.341373 0.350547 0.351044
 0.0334329 0.244402 0.365936 0.375771 0.376303
 0.0569213 0.416108 0.623026 0.63977 0.640676
Np
 23045.3 10978 8826.33 1715.13 499.972
YTP_r0W_actual
 12357.1 68840.3 38976.7 50522.8 18536.9
YTP_p0W_proyectada
 5546.5 99766 46118.9 13545.7 18547.8
 5546.5 45473.1 74776.6 18961.1 6140.81
CTP_r0_actual
 1506.96 3187.05 1241.3 1259.92 416.56
CTP_p0_proyectada
 676.402 4618.8 1468.75 337.799 416.804
 676.402 2105.23 2381.42 472.846 137.996
Wmedp
 8.2 21.6 31.4 40.1 44.5
nmprior
 10.8 10.6 4.6 0
nm_flota  nm_reclas  nm_pelaces    nm_pelaL
inf 22.0759 13.5725 38.5235
cv_recla  cv_pelaces  cv_mph
0.70245 0.45187 0.551607
 ------------------------------------------------
Talla a la edad & desviaci?n 
 7.2 14.2025 17.0495 18.207 18.6776
 1.08 2.13037 2.55742 2.73105 2.80164
