years
 1997 1998 1999 2000 2001 2002 2003 2004 2005 2006 2007 2008 2009 2010 2011 2012 2013 2014 2015 2016 2017 2018 2019 2020 2021 2022 2023
reclasobs
 0 0 0 370054 412103 1.49427e+06 250295 1.28982e+06 931140 785840 897777 1.04006e+06 184774 17550 25797 100020 73551 82996 120727 218422 84188 347160 605670 569463 516374 1.08416e+06 1.01767e+06
reclaspred
 766215 173095 367854 186110 297022 351211 733146 567076 737776 938436 887333 624904 344271 124252 82295.7 86337.3 88916 107721 119716 139817 216637 242382 452845 580594 768087 631329 384629
pelacesobs
 0 0 0 0 0 0 0 0 0 2.06254e+06 1.5e+06 0 1.87456e+06 323000 250000 174000 83755 137374 0 501740 490994 745055 786931 1.00524e+06 1.33801e+06 1.41789e+06 0
pelacespred
 2.09232e+06 518936 494254 473820 717764 559632 1.72154e+06 1.38477e+06 1.80416e+06 2.29118e+06 1.73812e+06 1.25704e+06 703723 212071 149369 161633 165667 210972 229713 257814 505362 515081 756987 1.14777e+06 1.42069e+06 1.19221e+06 650222
mphobs
 0 0 0 0 0 0 112323 0 153150 637223 0 255016 313432 73983 77613 109348 50772 17779 17303 59886 28197 0 207744 136588 643089 65757 70829
mphpred
 252915 124739 122837 82951.4 85641 150886 192490 279949 271262 365757 407675 279129 164359 112135 52610.2 46519 42085.9 49071.5 33047.6 32995.4 48675.1 70314.8 94846.9 144051 190526 157561 114070
desembarqueobs
 350755 77701 442110 56441 14545 235359 269955 359681 431902 328805 639364 411747 362871 311530 167758 66681 60226 58785 57116 73181 50977 67692 138656 160484 209506 203330 245020
desembarquepred
 350744 77682.7 441873 56439.6 14545.2 235434 270006 359403 431664 328713 638970 411534 362721 311020 167439 66655.5 60242.7 58761.4 57069.9 73160.4 50970.8 67659 138636 160468 209508 203296 244919
Reclutas
 29879.9 40745.9 12790.7 17204.1 37513.1 22071.9 61732.5 59856.5 99744.2 112765 63331.4 47217.6 46473.3 28718.1 15186.8 11079.6 7228.77 9054.24 9712.66 11514.2 20253.6 28480.2 40898.2 57219.4 17592.6 26515.4 24201
log_desv_Rt
 0.0849416 0.395111 -0.763528 -0.467098 0.312444 -0.217939 0.810565 0.779706 1.29036 1.41306 0.836137 0.542522 0.526634 0.0452827 -0.591816 -0.907137 -1.33418 -1.10901 -1.03881 -0.86866 -0.30391 0.0369635 0.398843 0.734649 -0.444765 -0.0345189 -0.125851
SSB
 447263 220593 217228 146694 151450 266830 327529 486780 464119 630885 720943 493620 304091 146644 72915.7 63866.6 61477.7 67330.8 81594.1 88073 118978 166417 232463 333174 491909 426035 288554
BT
 1.36799e+06 344392 472007 265733 344694 403958 1.13326e+06 1.0502e+06 1.35233e+06 1.38863e+06 1.3293e+06 932331 697589 395129 217600 129302 126088 148601 147111 176329 285864 274073 418984 639617 698782 651116 482372
Ftot
 1.02314 1.10985 2.22779 0.676371 0.128805 1.2986 0.992594 1.59261 1.65038 0.9074 1.48578 1.33826 2.27173 4.95303 4.81541 1.81796 1.55071 1.29723 1.06753 1.18787 0.599996 0.635558 0.666286 0.645558 0.532042 0.609649 1.24566
BD_Bspro_t
 0.906735 0.611178 0.498313 0.255861 0.374024 0.56471 0.471409 0.529906 0.478609 0.506464 0.502585 0.344244 0.246653 0.151879 0.0926679 0.0986991 0.129697 0.188953 0.267395 0.335036 0.435803 0.584657 0.622248 0.633167 0.656213 0.554392 0.453033
BD_Bspro
 0.788976 0.389128 0.383193 0.258769 0.26716 0.470692 0.577765 0.858685 0.81871 1.11289 1.27175 0.870751 0.536419 0.258681 0.128624 0.112661 0.108447 0.118772 0.143933 0.155362 0.209879 0.293561 0.410068 0.587723 0.867734 0.75153 0.509013
BD_Bo
 0.780274 0.384836 0.378966 0.255915 0.264213 0.4655 0.571392 0.849213 0.80968 1.10061 1.25772 0.861147 0.530503 0.255828 0.127205 0.111419 0.107251 0.117462 0.142345 0.153648 0.207564 0.290323 0.405545 0.581241 0.858163 0.743241 0.503399
BD_Brms
 1.41868 0.699702 0.689029 0.4653 0.480387 0.846363 1.03889 1.54402 1.47215 2.00112 2.28677 1.56572 0.96455 0.465142 0.231282 0.20258 0.195002 0.213568 0.25881 0.27936 0.377388 0.527861 0.737355 1.0568 1.5603 1.35135 0.91527
S_f
 0.0794517 0.621194 0.968903 0.998314 0.999911
 0.0794517 0.621194 0.968903 0.998314 0.999911
 0.0794517 0.621194 0.968903 0.998314 0.999911
 0.0794517 0.621194 0.968903 0.998314 0.999911
 0.0794517 0.621194 0.968903 0.998314 0.999911
 0.0794517 0.621194 0.968903 0.998314 0.999911
 0.0794517 0.621194 0.968903 0.998314 0.999911
 0.0794517 0.621194 0.968903 0.998314 0.999911
 0.0794517 0.621194 0.968903 0.998314 0.999911
 0.0794517 0.621194 0.968903 0.998314 0.999911
 0.0794517 0.621194 0.968903 0.998314 0.999911
 0.0794517 0.621194 0.968903 0.998314 0.999911
 0.0794517 0.621194 0.968903 0.998314 0.999911
 0.0794517 0.621194 0.968903 0.998314 0.999911
 0.0794517 0.621194 0.968903 0.998314 0.999911
 0.0794517 0.621194 0.968903 0.998314 0.999911
 0.0794517 0.621194 0.968903 0.998314 0.999911
 0.0794517 0.621194 0.968903 0.998314 0.999911
 0.0794517 0.621194 0.968903 0.998314 0.999911
 0.0794517 0.621194 0.968903 0.998314 0.999911
 0.0794517 0.621194 0.968903 0.998314 0.999911
 0.0794517 0.621194 0.968903 0.998314 0.999911
 0.0794517 0.621194 0.968903 0.998314 0.999911
 0.0794517 0.621194 0.968903 0.998314 0.999911
 0.0794517 0.621194 0.968903 0.998314 0.999911
 0.0794517 0.621194 0.968903 0.998314 0.999911
 0.0794517 0.621194 0.968903 0.998314 0.999911
Scru_reclas
 0.322945 0.705925 0.923552 0.983818 0.996742
 0.322945 0.705925 0.923552 0.983818 0.996742
 0.322945 0.705925 0.923552 0.983818 0.996742
 0.322945 0.705925 0.923552 0.983818 0.996742
 0.322945 0.705925 0.923552 0.983818 0.996742
 0.322945 0.705925 0.923552 0.983818 0.996742
 0.322945 0.705925 0.923552 0.983818 0.996742
 0.322945 0.705925 0.923552 0.983818 0.996742
 0.322945 0.705925 0.923552 0.983818 0.996742
 0.322945 0.705925 0.923552 0.983818 0.996742
 0.322945 0.705925 0.923552 0.983818 0.996742
 0.322945 0.705925 0.923552 0.983818 0.996742
 0.322945 0.705925 0.923552 0.983818 0.996742
 0.322945 0.705925 0.923552 0.983818 0.996742
 0.322945 0.705925 0.923552 0.983818 0.996742
 0.322945 0.705925 0.923552 0.983818 0.996742
 0.322945 0.705925 0.923552 0.983818 0.996742
 0.322945 0.705925 0.923552 0.983818 0.996742
 0.322945 0.705925 0.923552 0.983818 0.996742
 0.322945 0.705925 0.923552 0.983818 0.996742
 0.322945 0.705925 0.923552 0.983818 0.996742
 0.322945 0.705925 0.923552 0.983818 0.996742
 0.322945 0.705925 0.923552 0.983818 0.996742
 0.322945 0.705925 0.923552 0.983818 0.996742
 0.322945 0.705925 0.923552 0.983818 0.996742
 0.322945 0.705925 0.923552 0.983818 0.996742
 0.322945 0.705925 0.923552 0.983818 0.996742
Scru_pelaces
 0.540549 1 1 1 1
 0.540549 1 1 1 1
 0.540549 1 1 1 1
 0.540549 1 1 1 1
 0.540549 1 1 1 1
 0.540549 1 1 1 1
 0.540549 1 1 1 1
 0.540549 1 1 1 1
 0.540549 1 1 1 1
 0.540549 1 1 1 1
 0.540549 1 1 1 1
 0.540549 1 1 1 1
 0.540549 1 1 1 1
 0.540549 1 1 1 1
 0.540549 1 1 1 1
 0.540549 1 1 1 1
 0.540549 1 1 1 1
 0.540549 1 1 1 1
 0.540549 1 1 1 1
 0.540549 1 1 1 1
 0.540549 1 1 1 1
 0.540549 1 1 1 1
 0.540549 1 1 1 1
 0.540549 1 1 1 1
 0.540549 1 1 1 1
 0.540549 1 1 1 1
 0.540549 1 1 1 1
pf_obs 
 0.256992 0.487395 0.22802 0.0275931 0
 0.321318 0.546541 0.124235 0.00734118 0.000564706
 0.182869 0.594174 0.210203 0.0122559 0.00049798
 0.330522 0.361315 0.267642 0.0388342 0.00168674
 0.649043 0.306663 0.0425973 0.00169635 0
 0.582887 0.30429 0.105238 0.00758474 0
 0.465427 0.430635 0.0974691 0.00646863 0
 0.296916 0.608066 0.0921331 0.00288517 0
 0.311714 0.524322 0.152257 0.0117073 0
 0.15457 0.633149 0.183074 0.0267441 0.00246327
 0.131901 0.49318 0.331252 0.0422183 0.00144891
 0.196976 0.569456 0.194076 0.0375587 0.00193317
 0.518974 0.381816 0.0799577 0.0180837 0.00116848
 0.0928022 0.601141 0.25162 0.0475244 0.00691264
 0.122501 0.610282 0.24278 0.0234846 0.000952079
 0.383417 0.481906 0.127806 0.00687128 0
 0.0376549 0.599619 0.316969 0.0457579 0
 0.0361596 0.667082 0.258105 0.0386534 0
 0.158088 0.579412 0.248529 0.0139706 0
 0.0477256 0.309471 0.559284 0.082774 0.000745712
 0.0406174 0.521527 0.379366 0.0568643 0.0016247
 0.151134 0.462217 0.34131 0.0453401 0
 0.294876 0.26143 0.354403 0.0886775 0.000613685
 0.281977 0.475581 0.204845 0.0348837 0.00271318
 0.0841818 0.532909 0.334909 0.0458182 0.00218182
 0.115287 0.27431 0.454777 0.147771 0.00785563
 0 0 0 0 0
pf_pred 
 0.216158 0.52999 0.225922 0.0279187 1.12762e-05
 0.260848 0.534739 0.163609 0.0365033 0.00430099
 0.0993512 0.709909 0.159926 0.0249076 0.00590573
 0.223451 0.46277 0.284686 0.0246852 0.00440707
 0.295767 0.484051 0.158766 0.0559292 0.00548652
 0.131715 0.646551 0.172336 0.0359286 0.0134698
 0.375555 0.376311 0.212793 0.0277971 0.0075436
 0.24693 0.648136 0.0780713 0.0231915 0.00367048
 0.352706 0.507934 0.129977 0.00708844 0.00229415
 0.25887 0.635342 0.094237 0.0108171 0.000733476
 0.138652 0.645838 0.197922 0.015744 0.001843
 0.156645 0.540487 0.262251 0.0374763 0.00314075
 0.237764 0.528032 0.184742 0.0431398 0.00632105
 0.277226 0.618671 0.0895088 0.0116969 0.00289659
 0.307453 0.658577 0.0330732 0.00078651 0.000110221
 0.276731 0.682688 0.0402223 0.000350256 8.20362e-06
 0.180852 0.666058 0.149302 0.00375708 3.13439e-05
 0.255249 0.525847 0.198049 0.0203671 0.000486861
 0.232509 0.598077 0.140834 0.0259872 0.0025926
 0.241353 0.558123 0.175066 0.0213365 0.00412169
 0.298708 0.522499 0.151463 0.0240141 0.00331601
 0.250248 0.569262 0.150787 0.0253129 0.00438999
 0.244488 0.539407 0.182995 0.0278422 0.00526737
 0.239291 0.543032 0.177377 0.0343367 0.00596294
 0.0621952 0.659704 0.226399 0.042442 0.00925982
 0.132448 0.284241 0.468107 0.0944488 0.0207554
 0.163996 0.504859 0.152582 0.144422 0.0341413
pobs_RECLAS
 0 0 0 0 0
 0 0 0 0 0
 0 0 0 0 0
 0 0 0 0 0
 0.835266 0.146461 0.0176864 0.000547809 3.91292e-05
 0.385257 0.428462 0.181853 0.0044286 0
 0.867414 0.0963971 0.0333333 0.00285562 0
 0.441836 0.489002 0.0689373 0.000224442 0
 0.779404 0.147425 0.0564933 0.0165055 0.000172143
 0.814271 0.122319 0.05973 0.00367925 0
 0.40263 0.566651 0.0304383 0.000280538 0
 0.475488 0.404961 0.113038 0.00651328 0
 0.955842 0.0263864 0.0167828 0.000988607 0
 0.975058 0.0227948 0.00214734 0 0
 0.738997 0.206755 0.0527124 0.00153531 0
 0.850938 0.134255 0.0134407 0.00136685 0
 0.542534 0.407297 0.0501686 0 0
 0.764087 0.199537 0.0359546 0.000420521 0
 0.470689 0.182191 0.310203 0.0369168 0
 0.84361 0.089868 0.0606195 0.00523954 0.000663233
 0.607945 0.314616 0.071237 0.00620181 0
 0.523733 0.453247 0.0230204 0 0
 0.530135 0.295979 0.169645 0.0042399 0
 0.562478 0.366248 0.0663022 0.0049721 0
 0.250443 0.683176 0.0655157 0.000865301 0
 0.195077 0.31981 0.436473 0.0351445 0.0134964
 0.565238 0.351407 0.0832357 0.000118908 0
ppred_RECLAS
 0.524762 0.342881 0.117412 0.0149397 6.10218e-06
 0.584719 0.317688 0.0776421 0.017827 0.00212411
 0.3257 0.563979 0.0921769 0.0146367 0.00350773
 0.532891 0.299976 0.151169 0.0135222 0.00244164
 0.613276 0.279407 0.0766419 0.0279063 0.00276904
 0.379617 0.487645 0.102461 0.0219542 0.00832282
 0.709137 0.189716 0.0863428 0.0116156 0.00318788
 0.569323 0.382634 0.035499 0.0108136 0.00173039
 0.692329 0.254132 0.0498419 0.00278605 0.000911651
 0.572196 0.376867 0.0452218 0.00534846 0.000366772
 0.397617 0.478135 0.113852 0.00929502 0.00110017
 0.43507 0.391742 0.149393 0.0219353 0.00185886
 0.585364 0.313712 0.0792667 0.0188634 0.00279359
 0.70622 0.270745 0.0198392 0.00255668 0.00063877
 0.721606 0.271163 0.00704171 0.000165449 2.33948e-05
 0.606771 0.376333 0.0167432 0.000149226 3.53343e-06
 0.472977 0.447479 0.0775262 0.00200124 1.68807e-05
 0.582551 0.314093 0.0932603 0.0098572 0.000238266
 0.54363 0.371618 0.0700952 0.0133142 0.00134326
 0.560385 0.341695 0.0851596 0.0106755 0.0020854
 0.620248 0.29604 0.0705561 0.0115441 0.00161227
 0.561248 0.347752 0.0756065 0.0130958 0.0022971
 0.556167 0.3337 0.0927836 0.0145636 0.00278664
 0.548775 0.339037 0.0908548 0.0181461 0.00318722
 0.20326 0.590235 0.167046 0.0323257 0.00713332
 0.387741 0.226946 0.307149 0.0639508 0.0142138
 0.447405 0.361756 0.0865165 0.0841957 0.0201269
pobs_PELACES
 0 0 0 0 0
 0 0 0 0 0
 0 0 0 0 0
 0 0 0 0 0
 0 0 0 0 0
 0 0 0 0 0
 0 0 0 0 0
 0 0 0 0 0
 0 0 0 0 0
 0 0 0 0 0
 0.450072 0.473896 0.0757376 0.000293798 0
 0 0 0 0 0
 0.463077 0.371075 0.160297 0.00555027 0
 0.529543 0.364841 0.0842815 0.0213345 0
 0.631943 0.363953 0.00410389 0 0
 0.735681 0.248677 0.0153453 0.000297389 0
 0.695825 0.281241 0.0229344 0 0
 0.275771 0.60734 0.115278 0.00161068 0
 0 0 0 0 0
 0.896147 0.0623911 0.0374545 0.00400742 0
 0.803859 0.145111 0.0509908 3.86294e-05 0
 0.739449 0.233085 0.0266225 0.000797448 4.60066e-05
 0.878498 0.100942 0.0204185 0.000141795 0
 0.694673 0.275183 0.0284847 0.00165964 0
 0.469039 0.446079 0.0841089 0.000773354 0
 0.822795 0.102175 0.0682046 0.00682512 0
 0 0 0 0 0
ppred_PELACES
 0.632741 0.29141 0.0678244 0.00802138 3.23214e-06
 0.687823 0.259356 0.0426562 0.00909562 0.00106908
 0.477005 0.469392 0.0454125 0.00662449 0.00156516
 0.629959 0.265938 0.0947872 0.0079073 0.00140877
 0.673934 0.253941 0.0524615 0.0179094 0.00175392
 0.49659 0.428022 0.0592249 0.0117635 0.00439871
 0.79503 0.150739 0.0467931 0.00585275 0.00158462
 0.684285 0.292782 0.0172946 0.00486968 0.000768494
 0.792435 0.183277 0.0227352 0.00117404 0.000378858
 0.658884 0.312274 0.0258092 0.00284039 0.000192163
 0.523515 0.4085 0.0626959 0.00473623 0.000552883
 0.564343 0.338544 0.0846357 0.0115152 0.000962497
 0.736156 0.222449 0.0331041 0.00723405 0.00105617
 0.878194 0.117541 0.00372928 0.00042998 0.000105758
 0.880256 0.118359 0.00135202 2.84589e-05 3.96188e-06
 0.71952 0.272884 0.00753266 6.19208e-05 1.44579e-06
 0.596761 0.362134 0.040139 0.000958137 7.97066e-06
 0.694576 0.25134 0.0491533 0.00481602 0.000114824
 0.644819 0.308235 0.0393164 0.00693818 0.000690524
 0.668314 0.278894 0.0463593 0.005393 0.00103919
 0.696727 0.252813 0.0429913 0.00656482 0.000904683
 0.643465 0.301183 0.0465313 0.00751945 0.00130143
 0.643101 0.289891 0.0570748 0.00835564 0.00157751
 0.635383 0.296006 0.0563027 0.0104904 0.00181804
 0.26389 0.589688 0.12001 0.0216887 0.00472267
 0.506537 0.225005 0.217038 0.0421707 0.00924839
 0.577609 0.316352 0.0501274 0.0452442 0.0106683
pobs_pel_tallas
 0 0 0 0 0 0 0 0 0 0 0 0 0 0 0 0 0 0 0 0 0 0 0 0 0 0 0 0 0 0 0 0 0 0 0 0
 0 0 0 0 0 0 0 0 0 0 0 0 0 0 0 0 0 0 0 0 0 0 0 0 0 0 0 0 0 0 0 0 0 0 0 0
 0 0 0 0 0 0 0 0 0 0 0 0 0 0 0 0 0 0 0 0 0 0 0 0 0 0 0 0 0 0 0 0 0 0 0 0
 0 0 0 0 0 0 0 0 0 0 0 0 0 0 0 0 0 0 0 0 0 0 0 0 0 0 0 0 0 0 0 0 0 0 0 0
 0 0 0 0 0 0 0 0 0 0 0 0 0 0 0 0 0 0 0 0 0 0 0 0 0 0 0 0 0 0 0 0 0 0 0 0
 0 0 0 0 0 0 0 0 0 0 0 0 0 0 0 0 0 0 0 0 0 0 0 0 0 0 0 0 0 0 0 0 0 0 0 0
 0 0 0 0 0 0 0 0 0 0 0 0 0 0 0 0 0 0 0 0 0 0 0 0 0 0 0 0 0 0 0 0 0 0 0 0
 0 0 0 0 0 0 0 0 0 0 0 0 0 0 0 0 0 0 0 0 0 0 0 0 0 0 0 0 0 0 0 0 0 0 0 0
 0 0 0 0 0 0 0 0 0 0 0 0 0 0 0 0 0 0 0 0 0 0 0 0 0 0 0 0 0 0 0 0 0 0 0 0
 0 0 0 0 0 0 0 0 0 0 0 0 0 0 0 0 0 0 0 0 0 0 0 0 0 0 0 0 0 0 0 0 0 0 0 0
 0 0 0 0 0 0 0 0 1.78061e-05 0.00172719 0.00360574 0.0105946 0.0120993 0.0124554 0.0147524 0.0171206 0.0266825 0.0428682 0.0675386 0.121331 0.153587 0.119568 0.100827 0.0573624 0.0630603 0.0341343 0.0324427 0.0444173 0.0211091 0.0280891 0.0125444 0.00206551 0 0 0 0
 0 0 0 0 0 0 0 0 0 0 0 0 0 0 0 0 0 0 0 0 0 0 0 0 0 0 0 0 0 0 0 0 0 0 0 0
 0 0 0 0 0 0 0.0133647 0.0140871 0.0187388 0.0205184 0.03894 0.0496705 0.03968 0.0493445 0.0407372 0.0367815 0.0215668 0.0243155 0.0234873 0.0199281 0.019796 0.0243948 0.0301388 0.0376714 0.0412746 0.0863199 0.0771752 0.113111 0.0741005 0.0525337 0.0229764 0.00759418 0.00175318 0 0 0
 0 0 0 0 0 0 0 0 0 0 0.00219441 0.00772107 0.0458388 0.0604681 0.0671733 0.0775358 0.0609151 0.0617685 0.073594 0.0568108 0.0755445 0.0548602 0.0670107 0.0636378 0.0643287 0.046367 0.0373049 0.0286899 0.0247887 0.0153202 0.00654259 0.00121912 0.000365735 0 0 0
 0 0 0 0 0 0 0 0 0 0 0 0 0.000112435 0.00938835 0.0111873 0.0202946 0.0414886 0.0713402 0.111592 0.104902 0.108894 0.110636 0.117776 0.105296 0.107544 0.0401394 0.0192827 0.0124803 0.00416011 0.0028671 0.000618394 0 0 0 0 0
 0 0 0 0 0 0 0 0 0 0 0.00291406 0.0102884 0.027416 0.0768956 0.0749926 0.110853 0.0956884 0.0897413 0.0766577 0.0534642 0.0500743 0.0551293 0.0594112 0.0620874 0.0668451 0.0424026 0.0208742 0.0120726 0.0048766 0.00582813 0.00118941 0.000297354 0 0 0 0
 0 0.00264628 0.0354308 0.0461629 0.0458689 0.0383711 0.0214643 0.0164657 0.0346957 0.0420465 0.0363128 0.0245516 0.0311673 0.0291091 0.0169068 0.0133784 0.00837989 0.0085269 0.0148486 0.0160247 0.0276389 0.0546898 0.0760071 0.122758 0.109233 0.0665981 0.0333725 0.0166128 0.00676272 0.00308733 0.000882094 0 0 0 0 0
 0 0 0 0 0 0 0 0.000805153 0.000690131 0.00759144 0.0133425 0.0154129 0.00931677 0.000345066 0.00356568 0.00563607 0.00851162 0.0253048 0.0502646 0.0516448 0.0657925 0.0565908 0.0611916 0.0827007 0.0866115 0.110766 0.145733 0.0935128 0.0569358 0.0249597 0.0138026 0.00621118 0.00161031 0.00115022 0 0
 0 0 0 0 0 0 0 0 0 0 0 0 0 0 0 0 0 0 0 0 0 0 0 0 0 0 0 0 0 0 0 0 0 0 0 0
 0.00147267 0.00158595 0.00478618 0.00569244 0.00954404 0.0108468 0.00647125 0.017049 0.0510054 0.094081 0.124002 0.0959785 0.0687766 0.0820023 0.061753 0.0591476 0.0492212 0.0479892 0.0443925 0.0268479 0.0217502 0.0140895 0.0121071 0.0120363 0.00920419 0.00665534 0.0049561 0.00860946 0.00930331 0.0156896 0.0114698 0.00855282 0.00243557 0.00046729 0 2.83206e-05
 0 0 0 0 0.000772559 0.00158375 0.000888443 0.00281984 0.00712685 0.0440552 0.0773331 0.111326 0.0921469 0.0852325 0.0710754 0.0886704 0.0786465 0.0553345 0.0373146 0.0185414 0.00753245 0.00457741 0.012979 0.0271748 0.0457355 0.0583668 0.034881 0.0177882 0.00938659 0.00492506 0.0015258 0.00185414 0.000309023 5.79419e-05 3.86279e-05 0
 0 0.00173294 0.00326652 0 0.00397197 0.00683976 0.00946217 0.0152591 0.00757587 0.0136028 0.0228656 0.0392903 0.0559909 0.0764795 0.0681675 0.0726916 0.0566044 0.0477403 0.0527397 0.0444891 0.0609904 0.0582453 0.0661739 0.0445044 0.0529084 0.0360697 0.0280645 0.0235558 0.0158879 0.00826598 0.00280645 0.00217768 0.000904811 0.00058276 9.20147e-05 0
 0 0 0 0 0 0 0 0 0 0 0 0 0 0 0 0 0 0 0 0 0 0 0 0 0 0 0 0 0 0 0 0 0 0 0 0
 0 0 0 0 0 0 0 0 0 0 0 0 0 0 0 0 0 0 0 0 0 0 0 0 0 0 0 0 0 0 0 0 0 0 0 0
 0 0 0 0 0 0 0 0 0 0 0 0 0 0 0 0 0 0 0 0 0 0 0 0 0 0 0 0 0 0 0 0 0 0 0 0
 0 0 0 0 0 0 0 0 0 0 0 0 0 0 0 0 0 0 0 0 0 0 0 0 0 0 0 0 0 0 0 0 0 0 0 0
 0 0 0 0 0 0 0 0 0 0 0 0 0 0 0 0 0 0 0 0 0 0 0 0 0 0 0 0 0 0 0 0 0 0 0 0
ppred_pel_tallas
 1.01334e-16 2.76151e-05 0.000162059 0.000770314 0.00296568 0.00924815 0.0233603 0.0477994 0.0792372 0.106427 0.115848 0.10227 0.0733903 0.0431984 0.0216514 0.0107069 0.00741625 0.00827588 0.0111112 0.0148986 0.0190982 0.0232527 0.0268849 0.0295447 0.0309003 0.0308132 0.029366 0.0268319 0.0235991 0.0200774 0.0166159 0.0134558 0.0107205 0.00843727 0.00657234 0.00506519
 1.01053e-16 3.00156e-05 0.000176155 0.000837335 0.00322374 0.0100529 0.025393 0.0519582 0.0861294 0.115678 0.125905 0.111113 0.0796613 0.0467383 0.0231446 0.0109804 0.00701181 0.00740873 0.00980129 0.0130954 0.0167517 0.0203482 0.0234577 0.0256825 0.0267341 0.0264994 0.0250651 0.0226885 0.0197284 0.0165592 0.0134964 0.0107532 0.00843201 0.00654513 0.00504786 0.00387165
 1.01099e-16 2.08314e-05 0.000122217 0.000580864 0.00223619 0.00697321 0.0176142 0.0360438 0.0597573 0.0802849 0.0874513 0.0773413 0.0558063 0.033462 0.0179073 0.0107256 0.00979783 0.0125512 0.0173415 0.0232838 0.0297335 0.0359998 0.0413214 0.0449844 0.0464791 0.0456221 0.0425995 0.0379107 0.0322399 0.0262949 0.0206675 0.0157512 0.0117257 0.0085941 0.00624709 0.00452743
 1.0177e-16 2.74928e-05 0.000161343 0.000766916 0.00295261 0.00920738 0.0232573 0.0475884 0.0788869 0.105954 0.115329 0.1018 0.0730278 0.0429345 0.0214263 0.0104447 0.00704791 0.00774635 0.0103816 0.0139525 0.0179506 0.0219589 0.0255422 0.0282847 0.0298714 0.0301556 0.0291861 0.0271818 0.0244676 0.0213932 0.0182625 0.0152928 0.0126066 0.0102493 0.00821735 0.00648571
 1.01525e-16 2.94097e-05 0.000172599 0.000820429 0.00315865 0.00984992 0.0248802 0.050909 0.0843903 0.113343 0.123363 0.108871 0.0780562 0.0458012 0.0226897 0.010781 0.00690882 0.00732352 0.00970699 0.0129917 0.016654 0.0202844 0.0234667 0.0258109 0.0270304 0.0270064 0.0258118 0.0236833 0.0209562 0.017982 0.0150577 0.0123849 0.0100634 0.0081104 0.00649283 0.00515754
 1.0159e-16 2.16838e-05 0.000127225 0.00060468 0.0023279 0.00725922 0.0183366 0.0375215 0.0622055 0.0835688 0.0910144 0.0804596 0.0579847 0.0346251 0.0182702 0.0105438 0.00921687 0.0115972 0.0159778 0.0214692 0.0274618 0.0333241 0.038363 0.0419257 0.0435407 0.0430287 0.0405423 0.0365168 0.0315547 0.0262823 0.0212253 0.0167357 0.0129789 0.00996736 0.00761698 0.00580367
 1.00989e-16 3.46859e-05 0.000203584 0.000967758 0.00372594 0.011619 0.0293487 0.060051 0.0995402 0.133677 0.145459 0.128286 0.0917896 0.0534848 0.0257994 0.0110959 0.00557352 0.00476251 0.00592481 0.00786125 0.0100884 0.0123234 0.0143112 0.0158165 0.0166632 0.0167719 0.0161752 0.0150023 0.0134418 0.011695 0.00993523 0.00828438 0.00680857 0.0055285 0.00443664 0.0035133
 1.00545e-16 2.98626e-05 0.000175254 0.000833045 0.00320721 0.0100014 0.0252628 0.051692 0.0856892 0.11509 0.125272 0.110572 0.0793117 0.04661 0.023223 0.0112522 0.00749085 0.00813296 0.010814 0.0144228 0.0183834 0.0222227 0.0254583 0.0276455 0.0284705 0.0278254 0.0258348 0.0228199 0.0192163 0.0154727 0.0119623 0.00893057 0.00648579 0.00462279 0.00326432 0.00230274
 1.00441e-16 3.4574e-05 0.000202924 0.000964615 0.00371383 0.0115812 0.0292533 0.0598561 0.099218 0.133247 0.144998 0.127896 0.091547 0.0534164 0.0259022 0.0113705 0.00604271 0.00546787 0.00690999 0.00915207 0.0116743 0.0141438 0.0162518 0.0177166 0.0183373 0.0180394 0.0168922 0.0150872 0.0128882 0.0105697 0.00836185 0.00641933 0.00481469 0.00355262 0.00259441 0.00188242
 1.00575e-16 2.87558e-05 0.000168754 0.00080214 0.00308822 0.00963026 0.0243255 0.0497744 0.0825112 0.110824 0.120636 0.106498 0.076428 0.0449927 0.022561 0.0111702 0.00774655 0.00863513 0.0115604 0.0154406 0.0196939 0.0238237 0.0273164 0.0296965 0.0306265 0.0299872 0.0279068 0.0247228 0.0208957 0.0169013 0.013137 0.00986647 0.00720896 0.00516426 0.0036558 0.00257411
 1.01212e-16 2.2857e-05 0.000134114 0.000637439 0.00245404 0.00765257 0.0193301 0.0395543 0.0655742 0.0880905 0.0959288 0.0847797 0.0610449 0.0363461 0.0189841 0.0106515 0.0089797 0.0111174 0.015264 0.0204988 0.0262175 0.0318107 0.0366144 0.040003 0.0415241 0.0410041 0.0385872 0.0346884 0.0298844 0.0247765 0.0198719 0.0155137 0.0118668 0.00894924 0.00668515 0.00495783
 1.01753e-16 2.46345e-05 0.000144556 0.000687094 0.00264525 0.00824887 0.0208362 0.0426354 0.0706792 0.0949395 0.103364 0.0912948 0.0656148 0.0388241 0.0198345 0.0104288 0.00801391 0.00949204 0.0129286 0.0173824 0.0223036 0.0271808 0.0314633 0.0346284 0.0362885 0.0362786 0.034689 0.0318303 0.0281463 0.0241065 0.0201117 0.0164395 0.0132339 0.0105297 0.00829264 0.00645898
 1.00841e-16 3.21216e-05 0.000188523 0.00089614 0.00345017 0.010759 0.0271765 0.0556071 0.0921765 0.123795 0.134725 0.118866 0.0851496 0.0498178 0.0244081 0.011143 0.00653638 0.00647084 0.00840767 0.0111971 0.0143109 0.017371 0.0200081 0.0218812 0.0227441 0.022502 0.0212323 0.0191589 0.016593 0.0138585 0.0112276 0.00888363 0.00691346 0.00532536 0.00407798 0.00310917
 1.00112e-16 3.83108e-05 0.000224869 0.00106895 0.00411559 0.0128341 0.0324179 0.0663306 0.109948 0.147648 0.160649 0.141651 0.101284 0.0588792 0.0281419 0.0116552 0.00519284 0.00379407 0.00442315 0.00576438 0.00731771 0.00882924 0.0100932 0.0109298 0.0112139 0.0109046 0.0100551 0.0087979 0.00731213 0.00578145 0.0043583 0.00314257 0.00217738 0.00145892 0.000953208 0.000613395
 1.0006e-16 3.84007e-05 0.000225396 0.00107146 0.00412525 0.0128643 0.032494 0.0664863 0.110206 0.147995 0.161026 0.141984 0.101523 0.0590182 0.0282091 0.0116843 0.00520725 0.00380527 0.00443486 0.00577632 0.00732725 0.00883192 0.0100831 0.0108999 0.0111574 0.0108159 0.00993093 0.00863858 0.00712146 0.00556661 0.00412891 0.00290936 0.00195085 0.00124807 0.000764742 0.00045132
 1.00199e-16 3.13982e-05 0.000184271 0.000875918 0.00337229 0.0105161 0.0265631 0.0543524 0.0900981 0.121008 0.131705 0.11623 0.083325 0.0488779 0.0241845 0.0114378 0.00724953 0.00760516 0.0100156 0.0133247 0.016956 0.0204578 0.0233775 0.0253013 0.0259398 0.0251987 0.0232025 0.0202613 0.0167921 0.0132232 0.00990985 0.00708483 0.00484846 0.00319134 0.00203353 0.00126474
 1.00722e-16 2.6049e-05 0.000152858 0.000726559 0.00279719 0.00872269 0.0220331 0.0450844 0.074739 0.100393 0.1093 0.0965363 0.0693784 0.0410432 0.0209521 0.0109864 0.00839765 0.00990037 0.0134359 0.0179926 0.0229716 0.0278157 0.0319323 0.0347686 0.0359293 0.0352706 0.0329337 0.0293025 0.0249041 0.0202852 0.0159046 0.0120694 0.00892237 0.00647028 0.00463242 0.00328983
 1.00951e-16 3.03097e-05 0.000177883 0.00084555 0.00325537 0.0101515 0.0256421 0.0524679 0.0869741 0.116812 0.127136 0.112194 0.0804239 0.0471607 0.0233075 0.0109807 0.00691081 0.00722762 0.00953875 0.0127445 0.0163107 0.0198254 0.0228735 0.0250675 0.0261251 0.0259325 0.0245695 0.0222809 0.0194112 0.0163218 0.0133192 0.0106129 0.00830732 0.00642012 0.0049139 0.00372715
 1.0093e-16 2.81424e-05 0.000165153 0.000785022 0.00302231 0.00942472 0.0238063 0.0487121 0.0807504 0.10846 0.118063 0.10423 0.0748056 0.0440495 0.0221104 0.0109851 0.00766896 0.00858905 0.0115222 0.015413 0.0196935 0.0238774 0.0274592 0.0299679 0.031065 0.0306239 0.0287582 0.0257862 0.0221474 0.018298 0.0146212 0.0113736 0.00867531 0.00653438 0.00488748 0.00364101
 1.00983e-16 2.91657e-05 0.000171164 0.000813602 0.00313236 0.00976791 0.0246731 0.0504855 0.083689 0.112403 0.122346 0.107988 0.0774543 0.0455108 0.0226619 0.0109602 0.00727537 0.00789368 0.0105127 0.0140579 0.01798 0.0218318 0.0251545 0.0275199 0.0286178 0.028327 0.0267422 0.0241421 0.0209153 0.0174677 0.014142 0.0111703 0.00866491 0.00664001 0.00504712 0.00381086
 1.00961e-16 3.04035e-05 0.000178433 0.000848168 0.00326545 0.010183 0.0257215 0.0526304 0.0872434 0.117174 0.12753 0.112542 0.080673 0.0473069 0.0233797 0.0110143 0.00693075 0.00724597 0.00955918 0.012766 0.0163288 0.0198332 0.0228619 0.0250265 0.0260454 0.0258079 0.0243983 0.0220675 0.0191657 0.016059 0.0130563 0.0103668 0.00809205 0.00624523 0.00478353 0.00364029
 1.01078e-16 2.8083e-05 0.000164806 0.00078337 0.00301595 0.0094049 0.0237562 0.0486096 0.0805803 0.108231 0.117813 0.104005 0.0746381 0.0439376 0.02203 0.0109058 0.00756531 0.0084427 0.0113215 0.0151532 0.0193791 0.0235244 0.0270952 0.0296302 0.0307956 0.0304626 0.0287354 0.025917 0.022429 0.0187106 0.0151317 0.0119418 0.00926049 0.00710022 0.00540605 0.00409427
 1.01266e-16 2.80667e-05 0.000164711 0.000782922 0.00301423 0.00939954 0.0237426 0.0485817 0.0805339 0.108168 0.117742 0.103937 0.0745772 0.043878 0.0219563 0.0107982 0.00740236 0.0082041 0.0109909 0.0147226 0.0188542 0.0229281 0.0264694 0.0290322 0.0302906 0.0301129 0.028589 0.025999 0.022737 0.0192162 0.0157866 0.0126869 0.0100354 0.00785196 0.00609399 0.00469256
 1.01342e-16 2.77304e-05 0.000162736 0.000773531 0.00297807 0.00928677 0.0234578 0.047999 0.0795682 0.106871 0.116333 0.102699 0.0737009 0.0433864 0.0217549 0.0107727 0.00747888 0.0083544 0.0112135 0.0150248 0.019241 0.0233974 0.0270098 0.0296235 0.0309065 0.0307251 0.029172 0.0265337 0.0232127 0.0196307 0.016144 0.012995 0.010303 0.00808642 0.00630069 0.00487454
 1.02862e-16 1.15436e-05 6.76778e-05 0.000321554 0.00123774 0.00385955 0.00974951 0.019953 0.0330905 0.0444883 0.0485405 0.0431216 0.0315342 0.0197484 0.0120982 0.00961361 0.0112756 0.0157732 0.0222161 0.029994 0.0384631 0.0468042 0.0540724 0.0593639 0.0620147 0.0617533 0.0587578 0.053591 0.0470468 0.0399582 0.0330306 0.0267453 0.0213413 0.0168599 0.0132189 0.0102839
 1.05036e-16 2.21096e-05 0.000129743 0.00061669 0.00237421 0.00740368 0.0187012 0.0382662 0.0634344 0.0852026 0.0927489 0.0818864 0.0587815 0.0346392 0.0174404 0.0087681 0.00628555 0.0072215 0.00987873 0.0134896 0.0176761 0.022119 0.0264631 0.0303407 0.0334333 0.0355267 0.0365382 0.0365076 0.0355617 0.0338672 0.0315922 0.0288858 0.0258768 0.0226833 0.0194227 0.0162147
 1.02868e-16 2.52119e-05 0.000147948 0.000703227 0.00270737 0.00844261 0.0213256 0.0436364 0.0723378 0.0971645 0.105779 0.0934097 0.0670957 0.0396215 0.0200963 0.0103305 0.00765576 0.00889111 0.0120554 0.0161979 0.0207857 0.0253404 0.0293543 0.0323485 0.0339722 0.0340818 0.0327696 0.0303278 0.0271653 0.0237056 0.0202999 0.0171785 0.0144453 0.0121057 0.0101089 0.00838772
pSPR Fmed_Fpbrs
0.535726   0.6 0.325
Fs Fmed_Fpbrs
0.64   0.483014 1.72733
SSBpbr Bo_Bmed_Bpbrs
573212  278424  315267 157633
Ro
27446.7
SPR SPRFo_SPRFmed_SPRFpbrs
566890 303698 184239
log_Ro
10.04
likeval ReclasPelacesDesembMPH_pf_preclas_ppelaces_ptallas_desvR_qrecl_qpela
 73.5814 0.000136142 0.0508632 42.3931 335.116 209.558 56.7548 0 19.9074 1.64734e-05 0.000138167 5.56442e-14 0 0 0
q_reclas_q_pelaces
1.77738 5.32442
M
0.7
N
 29879.9 11783.9 3684.75 446.805 0.18028
 40745.9 13679.5 3099.28 679.011 79.9269
 12790.7 18526 3409.15 525.098 124.431
 17204.1 5321.28 2305.47 195.528 34.8667
 37513.1 8096.31 1735.95 594.489 58.2299
 22071.9 18438.8 3711.35 760.908 285.015
 61732.5 9886.1 4086.85 523.709 141.979
 59856.5 28330.7 2649.94 775.728 122.678
 99744.2 26191 5231.13 281.239 90.9537
 112765 43444.4 4665.56 524.96 35.5582
 63331.4 52102.6 12278 961.774 112.494
 47217.6 27947.7 10280.6 1445.18 121.01
 46473.3 21082.4 6043.68 1396 204.431
 28718.1 19266.8 2552.97 332.183 82.2422
 15186.8 9621.5 441.133 10.4437 1.46323
 11079.6 5144.03 239.955 2.06201 0.0482622
 7228.77 4762 825.748 20.4714 0.170651
 9054.24 3173.58 902.467 91.2681 2.17977
 9712.66 4055.87 704.007 127.516 12.7091
 11514.2 4430.95 1037.72 124.269 23.9835
 20253.6 5202.85 1052.02 163.015 22.4826
 28480.2 9589.45 1779.78 292.11 50.5995
 40898.2 13446.4 3208.68 477.447 90.2196
 57219.4 19262.3 4414.17 835.515 144.923
 17592.6 26993.7 6405.35 1172.73 255.54
 26515.4 8374.64 9632.1 1899.59 416.932
 24201 12544.6 2847.66 2649.61 625.796
pred_Ctot
 1685.59 4132.83 1761.73 217.709 0.0879311
 2485.91 5096.11 1559.21 347.88 40.9888
 1507.52 10771.9 2426.66 377.938 89.6113
 649.352 1344.81 827.301 71.7353 12.807
 274.841 449.803 147.533 51.9721 5.09833
 1565.39 7684.05 2048.16 427 160.084
 3382.07 3388.87 1916.32 250.328 67.9341
 5153.91 13527.9 1629.5 484.052 76.61
 8882.34 12791.5 3273.27 178.511 57.7746
 5664.39 13902 2062.02 236.692 16.0493
 5106.02 23783.7 7288.69 579.789 67.8702
 3446.35 11891.2 5769.77 824.514 69.0994
 5577.07 12385.7 4333.37 1011.9 148.268
 6872.28 15336.5 2218.87 289.959 71.8048
 3549.17 7602.48 381.791 9.07931 1.27236
 1080.62 2665.85 157.065 1.36773 0.0320346
 606.925 2235.24 501.045 12.6085 0.105188
 641.498 1321.57 497.742 51.1871 1.22359
 570.809 1468.28 345.748 63.7987 6.36484
 749.845 1733.99 543.9 66.2889 12.8054
 679.937 1189.34 344.768 54.6622 7.54808
 1011.53 2301.01 609.496 102.317 17.7448
 1521.18 3356.14 1138.58 173.232 32.7731
 2063.52 4682.81 1529.6 296.101 51.4212
 524.955 5568.19 1910.91 358.23 78.157
 904.169 1940.39 3195.57 644.763 141.688
 1649.43 5077.73 1534.62 1452.56 343.383
F
 0.08129 0.635567 0.991321 1.02141 1.02305
 0.0881797 0.689434 1.07534 1.10798 1.10975
 0.177002 1.38389 2.15851 2.22404 2.22759
 0.0537389 0.420158 0.655338 0.675231 0.676311
 0.0102337 0.0800127 0.124799 0.128587 0.128793
 0.103176 0.806681 1.25822 1.29641 1.29848
 0.0788633 0.616594 0.961728 0.99092 0.992506
 0.126536 0.98932 1.54308 1.58992 1.59247
 0.131126 1.02521 1.59906 1.6476 1.65024
 0.0720945 0.563671 0.879183 0.90587 0.907319
 0.118048 0.922956 1.43957 1.48327 1.48565
 0.106327 0.831321 1.29665 1.33601 1.33814
 0.180493 1.41118 2.20108 2.2679 2.27153
 0.393527 3.07679 4.79901 4.94468 4.95259
 0.382592 2.9913 4.66566 4.80729 4.81498
 0.14444 1.1293 1.76142 1.81489 1.81779
 0.123207 0.963292 1.50249 1.54809 1.55057
 0.103067 0.805829 1.25689 1.29504 1.29711
 0.0848173 0.663145 1.03434 1.06573 1.06744
 0.0943786 0.7379 1.15094 1.18587 1.18777
 0.0476707 0.372714 0.581338 0.598984 0.599942
 0.0504961 0.394805 0.615794 0.634486 0.635501
 0.0529375 0.413893 0.645566 0.665162 0.666227
 0.0512907 0.401017 0.625483 0.64447 0.645501
 0.0422717 0.330501 0.515497 0.531145 0.531995
 0.0484376 0.37871 0.590691 0.608621 0.609595
 0.0989699 0.773797 1.20692 1.24356 1.24555
Np
 17856.8 8533.56 4004.34 893.595 169.42
YTP_r0W_actual
 5385.11 51391.1 24685.5 30049.9 7886.23
YTP_p0W_proyectada
 3973.42 44594.1 24908.5 4797.15 5464.52
 3973.42 34959.3 34712.4 10134.5 2135.01
CTP_r0_actual
 656.721 2379.22 786.164 749.374 177.219
CTP_p0_proyectada
 484.563 2064.54 793.266 119.63 122.798
 484.563 1618.48 1105.49 252.731 47.9778
Wmedp
 8.2 21.6 31.4 40.1 44.5
nmprior
 10.8 10.6 4.6 0
nm_flota  nm_reclas  nm_pelaces    nm_pelaL
inf 23.087 11.3671 30.0545
cv_recla  cv_pelaces  cv_mph
0.742873 0.426055 0.522041
 ------------------------------------------------
Talla a la edad & desviaci?n 
 7.2 14.2025 17.0495 18.207 18.6776
 1.08 2.13037 2.55742 2.73105 2.80164
