years
 1997 1998 1999 2000 2001 2002 2003 2004 2005 2006 2007 2008 2009 2010 2011 2012 2013 2014 2015 2016 2017 2018 2019 2020 2021 2022 2023
reclasobs
 0 0 0 370054 412103 1.49427e+06 250295 1.28982e+06 931140 785840 897777 1.04006e+06 184774 17550 25797 100020 73551 82996 120727 218422 84188 347160 605670 569463 516374 1.08416e+06 1.01767e+06
reclaspred
 430244 123163 397840 270830 344658 393689 841284 570507 674254 606606 478065 317610 185732 84966.9 66473.3 69984.8 85229.5 123494 139502 196940 300072 301810 551229 715009 840981 766866 726316
pelacesobs
 0 0 0 0 0 0 0 0 0 2.06254e+06 1.5e+06 0 1.87456e+06 323000 250000 174000 83755 137374 0 501740 490994 745055 786931 1.00524e+06 1.33801e+06 1.41789e+06 0
pelacespred
 1.59249e+06 390419 758842 798745 875342 812187 2.001e+06 1.65319e+06 1.75857e+06 1.57926e+06 1.10112e+06 753733 436620 162742 132443 148658 190395 278985 319406 445178 763181 722329 1.09135e+06 1.63161e+06 1.87508e+06 1.90083e+06 1.72479e+06
mphobs
 0 0 0 0 0 0 112323 0 153150 637223 0 255016 313432 73983 77613 109348 50772 17779 17303 59886 28197 0 207744 136588 643089 65757 70829
mphpred
 155007 101654 129360 163426 154198 211713 309266 358298 319009 340558 305875 210691 123771 87779.9 43188.6 42627.4 49697.2 70570.6 28052.1 32532.2 50499.1 65238.1 88663.3 134419 174999 172067 150147
desembarqueobs
 350755 77701 442110 56441 14545 235359 269955 359681 431902 328805 639364 411747 362871 311530 167758 66681 60226 58785 57116 73181 50977 67692 138656 160484 209506 203330 245020
desembarquepred
 350767 77705.6 442167 56443.9 14545.2 235441 269996 359717 431939 328869 639728 412083 363463 311914 167755 66695.3 60253 58789.9 57112.9 73185.1 50977.3 67686.9 138658 160488 209522 203342 245020
Reclutas
 60701.1 74292.5 44660.2 59680.3 91408.2 66887.3 115068 112608 151521 128786 64805.3 40576.4 39120 26893.2 20727.3 21298.6 16914.6 22434.2 26594.2 41414.1 62784 90910.8 134314 171739 62491.1 86132 143882
log_desv_Rt
 0.0137176 0.215766 -0.293161 -0.00324209 0.42309 0.110764 0.653281 0.63167 0.928479 0.765909 0.0791424 -0.389059 -0.42561 -0.800371 -1.06079 -1.0336 -1.26406 -0.981658 -0.811551 -0.368622 0.0474557 0.417634 0.807933 1.05373 0.0427799 0.363637 0.876751
SSB
 724012 474808 604217 763334 720234 988878 1.40911e+06 1.6575e+06 1.46124e+06 1.56181e+06 1.42869e+06 984103 594769 293587 149048 147747 177926 243363 322791 390659 579539 731544 1.01828e+06 1.4836e+06 2.08952e+06 2.10538e+06 1.74059e+06
BT
 2.51069e+06 674478 1.29613e+06 1.17163e+06 1.22943e+06 1.31892e+06 2.97008e+06 2.70784e+06 2.84197e+06 2.51427e+06 2.11177e+06 1.42951e+06 964514 523601 324051 261435 314589 435214 493093 678615 1.10365e+06 1.06759e+06 1.61248e+06 2.40129e+06 2.77146e+06 2.82492e+06 2.6141e+06
Ftot
 0.423 0.318843 0.450057 0.0873549 0.0194522 0.216677 0.142313 0.277633 0.3011 0.227162 0.483453 0.459391 0.749708 1.42474 1.22634 0.426508 0.315029 0.213761 0.167844 0.166852 0.078746 0.0948559 0.101847 0.0973649 0.0867714 0.0953827 0.13661
BD_Bspro_t
 0.949981 0.773801 0.741966 0.628814 0.728674 0.828825 0.790402 0.798213 0.749304 0.722842 0.680815 0.523383 0.405287 0.283591 0.185566 0.217753 0.323043 0.478731 0.60628 0.701449 0.793073 0.863881 0.880082 0.885786 0.890666 0.861019 0.836367
BD_Bspro
 0.58546 0.383946 0.48859 0.617257 0.582405 0.799639 1.13946 1.34031 1.1816 1.26293 1.15529 0.795779 0.48095 0.237404 0.120525 0.119473 0.143877 0.196792 0.261019 0.3159 0.468635 0.591551 0.823412 1.19969 1.68966 1.70248 1.4075
BD_Bo
 0.311302 0.204152 0.259794 0.328209 0.309677 0.425185 0.605873 0.712672 0.628284 0.671528 0.614291 0.423132 0.255731 0.126233 0.0640859 0.0635262 0.0765022 0.104638 0.138789 0.167971 0.249183 0.31454 0.437825 0.6379 0.898426 0.905245 0.748398
BD_Brms
 0.566003 0.371186 0.472352 0.596743 0.563049 0.773064 1.10159 1.29577 1.14233 1.22096 1.11689 0.769331 0.464966 0.229514 0.11652 0.115502 0.139095 0.190251 0.252344 0.305401 0.45306 0.571891 0.796046 1.15982 1.6335 1.6459 1.36072
S_f
 0.184134 1 1 1 1
 0.184134 1 1 1 1
 0.184134 1 1 1 1
 0.184134 1 1 1 1
 0.184134 1 1 1 1
 0.184134 1 1 1 1
 0.184134 1 1 1 1
 0.184134 1 1 1 1
 0.184134 1 1 1 1
 0.184134 1 1 1 1
 0.184134 1 1 1 1
 0.184134 1 1 1 1
 0.184134 1 1 1 1
 0.184134 1 1 1 1
 0.184134 1 1 1 1
 0.184134 1 1 1 1
 0.184134 1 1 1 1
 0.184134 1 1 1 1
 0.184134 1 1 1 1
 0.184134 1 1 1 1
 0.184134 1 1 1 1
 0.184134 1 1 1 1
 0.184134 1 1 1 1
 0.184134 1 1 1 1
 0.184134 1 1 1 1
 0.184134 1 1 1 1
 0.184134 1 1 1 1
Scru_reclas
 0.910768 1 1 1 1
 0.910768 1 1 1 1
 0.910768 1 1 1 1
 0.910768 1 1 1 1
 0.910768 1 1 1 1
 0.910768 1 1 1 1
 0.910768 1 1 1 1
 0.910768 1 1 1 1
 0.910768 1 1 1 1
 0.910768 1 1 1 1
 0.910768 1 1 1 1
 0.910768 1 1 1 1
 0.910768 1 1 1 1
 0.910768 1 1 1 1
 0.910768 1 1 1 1
 0.910768 1 1 1 1
 0.910768 1 1 1 1
 0.910768 1 1 1 1
 0.910768 1 1 1 1
 0.910768 1 1 1 1
 0.910768 1 1 1 1
 0.910768 1 1 1 1
 0.910768 1 1 1 1
 0.910768 1 1 1 1
 0.910768 1 1 1 1
 0.910768 1 1 1 1
 0.910768 1 1 1 1
Scru_pelaces
 1 1 1 1 1
 1 1 1 1 1
 1 1 1 1 1
 1 1 1 1 1
 1 1 1 1 1
 1 1 1 1 1
 1 1 1 1 1
 1 1 1 1 1
 1 1 1 1 1
 1 1 1 1 1
 1 1 1 1 1
 1 1 1 1 1
 1 1 1 1 1
 1 1 1 1 1
 1 1 1 1 1
 1 1 1 1 1
 1 1 1 1 1
 1 1 1 1 1
 1 1 1 1 1
 1 1 1 1 1
 1 1 1 1 1
 1 1 1 1 1
 1 1 1 1 1
 1 1 1 1 1
 1 1 1 1 1
 1 1 1 1 1
 1 1 1 1 1
pf_obs 
 0.256992 0.487395 0.22802 0.0275931 0
 0.321318 0.546541 0.124235 0.00734118 0.000564706
 0.182869 0.594174 0.210203 0.0122559 0.00049798
 0.330522 0.361315 0.267642 0.0388342 0.00168674
 0.649043 0.306663 0.0425973 0.00169635 0
 0.582887 0.30429 0.105238 0.00758474 0
 0.465427 0.430635 0.0974691 0.00646863 0
 0.296916 0.608066 0.0921331 0.00288517 0
 0.311714 0.524322 0.152257 0.0117073 0
 0.15457 0.633149 0.183074 0.0267441 0.00246327
 0.131901 0.49318 0.331252 0.0422183 0.00144891
 0.196976 0.569456 0.194076 0.0375587 0.00193317
 0.518974 0.381816 0.0799577 0.0180837 0.00116848
 0.0928022 0.601141 0.25162 0.0475244 0.00691264
 0.122501 0.610282 0.24278 0.0234846 0.000952079
 0.383417 0.481906 0.127806 0.00687128 0
 0.0376549 0.599619 0.316969 0.0457579 0
 0.0361596 0.667082 0.258105 0.0386534 0
 0.158088 0.579412 0.248529 0.0139706 0
 0.0477256 0.309471 0.559284 0.082774 0.000745712
 0.0406174 0.521527 0.379366 0.0568643 0.0016247
 0.151134 0.462217 0.34131 0.0453401 0
 0.294876 0.26143 0.354403 0.0886775 0.000613685
 0.281977 0.475581 0.204845 0.0348837 0.00271318
 0.0841818 0.532909 0.334909 0.0458182 0.00218182
 0.115287 0.27431 0.454777 0.147771 0.00785563
 0 0 0 0 0
pf_pred 
 0.370899 0.444608 0.165061 0.0194219 1.12802e-05
 0.303877 0.554309 0.100225 0.0372086 0.00438071
 0.168289 0.610029 0.17652 0.0319169 0.0132442
 0.242417 0.436482 0.235516 0.0681498 0.0174355
 0.272344 0.468595 0.149258 0.0805364 0.0292665
 0.164972 0.561314 0.176266 0.0561448 0.0413033
 0.274781 0.39351 0.222978 0.0700203 0.0387105
 0.220036 0.536007 0.132373 0.0750076 0.036576
 0.270442 0.463654 0.182734 0.0451283 0.0380408
 0.201319 0.5579 0.153023 0.0603093 0.027449
 0.121643 0.529953 0.243369 0.0667526 0.0382823
 0.12618 0.42473 0.270957 0.124431 0.0537027
 0.197603 0.396023 0.197522 0.12601 0.0828418
 0.229764 0.506672 0.130082 0.0648802 0.0686015
 0.296036 0.54187 0.106628 0.0273754 0.0280909
 0.309002 0.55872 0.10182 0.0200359 0.0104224
 0.210076 0.59094 0.160893 0.0293207 0.00877096
 0.260217 0.463066 0.207011 0.0563622 0.0133438
 0.247641 0.510383 0.151464 0.0677112 0.0228001
 0.293934 0.465221 0.163384 0.0484868 0.0289746
 0.297261 0.498566 0.134528 0.047246 0.0223995
 0.28412 0.504185 0.150189 0.0405256 0.0209802
 0.285867 0.494486 0.154694 0.0460812 0.0188712
 0.257936 0.515688 0.156749 0.0490371 0.0205895
 0.085963 0.606693 0.213585 0.0649215 0.0288376
 0.157159 0.2925 0.365289 0.1286 0.0564523
 0.253839 0.383587 0.125828 0.15714 0.0796057
pobs_RECLAS
 0 0 0 0 0
 0 0 0 0 0
 0 0 0 0 0
 0 0 0 0 0
 0.835266 0.146461 0.0176864 0.000547809 3.91292e-05
 0.385257 0.428462 0.181853 0.0044286 0
 0.867414 0.0963971 0.0333333 0.00285562 0
 0.441836 0.489002 0.0689373 0.000224442 0
 0.779404 0.147425 0.0564933 0.0165055 0.000172143
 0.814271 0.122319 0.05973 0.00367925 0
 0.40263 0.566651 0.0304383 0.000280538 0
 0.475488 0.404961 0.113038 0.00651328 0
 0.955842 0.0263864 0.0167828 0.000988607 0
 0.975058 0.0227948 0.00214734 0 0
 0.738997 0.206755 0.0527124 0.00153531 0
 0.850938 0.134255 0.0134407 0.00136685 0
 0.542534 0.407297 0.0501686 0 0
 0.764087 0.199537 0.0359546 0.000420521 0
 0.470689 0.182191 0.310203 0.0369168 0
 0.84361 0.089868 0.0606195 0.00523954 0.000663233
 0.607945 0.314616 0.071237 0.00620181 0
 0.523733 0.453247 0.0230204 0 0
 0.530135 0.295979 0.169645 0.0042399 0
 0.562478 0.366248 0.0663022 0.0049721 0
 0.250443 0.683176 0.0655157 0.000865301 0
 0.195077 0.31981 0.436473 0.0351445 0.0134964
 0.565238 0.351407 0.0832357 0.000118908 0
ppred_RECLAS
 0.749731 0.176874 0.0656643 0.00772643 4.48749e-06
 0.687559 0.248791 0.0449841 0.0167003 0.0019662
 0.507482 0.361244 0.104531 0.0189004 0.00784286
 0.613861 0.222474 0.120042 0.0347358 0.00888683
 0.649489 0.225721 0.0718975 0.0387943 0.0140976
 0.497248 0.337955 0.106126 0.0338035 0.0248678
 0.653766 0.18787 0.106454 0.0334291 0.0184812
 0.586443 0.284205 0.0701876 0.0397709 0.0193935
 0.651126 0.221719 0.0873835 0.0215804 0.0181911
 0.558059 0.308707 0.0846737 0.0333714 0.0151886
 0.414242 0.353414 0.162298 0.0445159 0.0255297
 0.423928 0.280006 0.17863 0.082032 0.0354039
 0.563227 0.215569 0.107518 0.0685914 0.0450937
 0.629992 0.243397 0.0624891 0.0311674 0.032955
 0.69994 0.230968 0.0454494 0.0116686 0.0119736
 0.694455 0.247054 0.0450225 0.00885943 0.00460855
 0.572704 0.319658 0.0870322 0.0158605 0.0047445
 0.637761 0.226743 0.101364 0.0275981 0.00653389
 0.621617 0.256687 0.0761755 0.0340539 0.0114668
 0.675076 0.214089 0.0751877 0.0223131 0.0133338
 0.677478 0.228817 0.0617415 0.0216835 0.0102803
 0.663591 0.236929 0.0705776 0.0190439 0.00985909
 0.665587 0.231557 0.0724399 0.0215788 0.00883698
 0.633409 0.254758 0.0774364 0.0242251 0.0101715
 0.318442 0.452384 0.159261 0.0484091 0.0215029
 0.481 0.180114 0.224936 0.0791884 0.0347619
 0.628915 0.190768 0.0625774 0.07815 0.03959
pobs_PELACES
 0 0 0 0 0
 0 0 0 0 0
 0 0 0 0 0
 0 0 0 0 0
 0 0 0 0 0
 0 0 0 0 0
 0 0 0 0 0
 0 0 0 0 0
 0 0 0 0 0
 0 0 0 0 0
 0.450072 0.473896 0.0757376 0.000293798 0
 0 0 0 0 0
 0.463077 0.371075 0.160297 0.00555027 0
 0.529543 0.364841 0.0842815 0.0213345 0
 0.631943 0.363953 0.00410389 0 0
 0.735681 0.248677 0.0153453 0.000297389 0
 0.695825 0.281241 0.0229344 0 0
 0.275771 0.60734 0.115278 0.00161068 0
 0 0 0 0 0
 0.896147 0.0623911 0.0374545 0.00400742 0
 0.803859 0.145111 0.0509908 3.86294e-05 0
 0.739449 0.233085 0.0266225 0.000797448 4.60066e-05
 0.878498 0.100942 0.0204185 0.000141795 0
 0.694673 0.275183 0.0284847 0.00165964 0
 0.469039 0.446079 0.0841089 0.000773354 0
 0.822795 0.102175 0.0682046 0.00682512 0
 0 0 0 0 0
ppred_PELACES
 0.786597 0.150819 0.0559917 0.00658829 3.82646e-06
 0.724729 0.219193 0.0396324 0.0147135 0.00173228
 0.560839 0.322108 0.0932065 0.0168528 0.0069932
 0.641196 0.206725 0.111544 0.0322769 0.00825773
 0.671615 0.211473 0.067359 0.0363454 0.0132077
 0.535142 0.312482 0.0981268 0.0312557 0.0229935
 0.682962 0.172028 0.0974773 0.0306102 0.0169227
 0.626563 0.256634 0.0633787 0.0359127 0.0175121
 0.689659 0.19723 0.077732 0.0191968 0.0161819
 0.595781 0.282357 0.0774463 0.030523 0.0138921
 0.469332 0.320176 0.147034 0.0403292 0.0231286
 0.477636 0.253901 0.161976 0.0743841 0.0321031
 0.63404 0.18062 0.0900868 0.0574709 0.0377828
 0.732872 0.175721 0.0451142 0.0225014 0.023792
 0.780855 0.168685 0.0331935 0.00852202 0.00874475
 0.736786 0.212827 0.038785 0.00763202 0.00397007
 0.615663 0.287522 0.0782824 0.014266 0.00426751
 0.671875 0.205389 0.0918182 0.024999 0.00591856
 0.653639 0.234963 0.0697289 0.031172 0.0104964
 0.704667 0.194592 0.0683402 0.020281 0.0121195
 0.702007 0.211414 0.0570458 0.0200344 0.00949839
 0.68962 0.218597 0.0651167 0.0175704 0.00909626
 0.691935 0.213313 0.0667325 0.0198786 0.00814072
 0.66073 0.235772 0.0716652 0.0224196 0.00941346
 0.344318 0.435209 0.153215 0.0465712 0.0206866
 0.510776 0.16978 0.212031 0.0746452 0.0327675
 0.658769 0.175421 0.057543 0.0718628 0.036405
pobs_pel_tallas
 0 0 0 0 0 0 0 0 0 0 0 0 0 0 0 0 0 0 0 0 0 0 0 0 0 0 0 0 0 0 0 0 0 0 0 0
 0 0 0 0 0 0 0 0 0 0 0 0 0 0 0 0 0 0 0 0 0 0 0 0 0 0 0 0 0 0 0 0 0 0 0 0
 0 0 0 0 0 0 0 0 0 0 0 0 0 0 0 0 0 0 0 0 0 0 0 0 0 0 0 0 0 0 0 0 0 0 0 0
 0 0 0 0 0 0 0 0 0 0 0 0 0 0 0 0 0 0 0 0 0 0 0 0 0 0 0 0 0 0 0 0 0 0 0 0
 0 0 0 0 0 0 0 0 0 0 0 0 0 0 0 0 0 0 0 0 0 0 0 0 0 0 0 0 0 0 0 0 0 0 0 0
 0 0 0 0 0 0 0 0 0 0 0 0 0 0 0 0 0 0 0 0 0 0 0 0 0 0 0 0 0 0 0 0 0 0 0 0
 0 0 0 0 0 0 0 0 0 0 0 0 0 0 0 0 0 0 0 0 0 0 0 0 0 0 0 0 0 0 0 0 0 0 0 0
 0 0 0 0 0 0 0 0 0 0 0 0 0 0 0 0 0 0 0 0 0 0 0 0 0 0 0 0 0 0 0 0 0 0 0 0
 0 0 0 0 0 0 0 0 0 0 0 0 0 0 0 0 0 0 0 0 0 0 0 0 0 0 0 0 0 0 0 0 0 0 0 0
 0 0 0 0 0 0 0 0 0 0 0 0 0 0 0 0 0 0 0 0 0 0 0 0 0 0 0 0 0 0 0 0 0 0 0 0
 0 0 0 0 0 0 0 0 1.78061e-05 0.00172719 0.00360574 0.0105946 0.0120993 0.0124554 0.0147524 0.0171206 0.0266825 0.0428682 0.0675386 0.121331 0.153587 0.119568 0.100827 0.0573624 0.0630603 0.0341343 0.0324427 0.0444173 0.0211091 0.0280891 0.0125444 0.00206551 0 0 0 0
 0 0 0 0 0 0 0 0 0 0 0 0 0 0 0 0 0 0 0 0 0 0 0 0 0 0 0 0 0 0 0 0 0 0 0 0
 0 0 0 0 0 0 0.0133647 0.0140871 0.0187388 0.0205184 0.03894 0.0496705 0.03968 0.0493445 0.0407372 0.0367815 0.0215668 0.0243155 0.0234873 0.0199281 0.019796 0.0243948 0.0301388 0.0376714 0.0412746 0.0863199 0.0771752 0.113111 0.0741005 0.0525337 0.0229764 0.00759418 0.00175318 0 0 0
 0 0 0 0 0 0 0 0 0 0 0.00219441 0.00772107 0.0458388 0.0604681 0.0671733 0.0775358 0.0609151 0.0617685 0.073594 0.0568108 0.0755445 0.0548602 0.0670107 0.0636378 0.0643287 0.046367 0.0373049 0.0286899 0.0247887 0.0153202 0.00654259 0.00121912 0.000365735 0 0 0
 0 0 0 0 0 0 0 0 0 0 0 0 0.000112435 0.00938835 0.0111873 0.0202946 0.0414886 0.0713402 0.111592 0.104902 0.108894 0.110636 0.117776 0.105296 0.107544 0.0401394 0.0192827 0.0124803 0.00416011 0.0028671 0.000618394 0 0 0 0 0
 0 0 0 0 0 0 0 0 0 0 0.00291406 0.0102884 0.027416 0.0768956 0.0749926 0.110853 0.0956884 0.0897413 0.0766577 0.0534642 0.0500743 0.0551293 0.0594112 0.0620874 0.0668451 0.0424026 0.0208742 0.0120726 0.0048766 0.00582813 0.00118941 0.000297354 0 0 0 0
 0 0.00264628 0.0354308 0.0461629 0.0458689 0.0383711 0.0214643 0.0164657 0.0346957 0.0420465 0.0363128 0.0245516 0.0311673 0.0291091 0.0169068 0.0133784 0.00837989 0.0085269 0.0148486 0.0160247 0.0276389 0.0546898 0.0760071 0.122758 0.109233 0.0665981 0.0333725 0.0166128 0.00676272 0.00308733 0.000882094 0 0 0 0 0
 0 0 0 0 0 0 0 0.000805153 0.000690131 0.00759144 0.0133425 0.0154129 0.00931677 0.000345066 0.00356568 0.00563607 0.00851162 0.0253048 0.0502646 0.0516448 0.0657925 0.0565908 0.0611916 0.0827007 0.0866115 0.110766 0.145733 0.0935128 0.0569358 0.0249597 0.0138026 0.00621118 0.00161031 0.00115022 0 0
 0 0 0 0 0 0 0 0 0 0 0 0 0 0 0 0 0 0 0 0 0 0 0 0 0 0 0 0 0 0 0 0 0 0 0 0
 0.00147267 0.00158595 0.00478618 0.00569244 0.00954404 0.0108468 0.00647125 0.017049 0.0510054 0.094081 0.124002 0.0959785 0.0687766 0.0820023 0.061753 0.0591476 0.0492212 0.0479892 0.0443925 0.0268479 0.0217502 0.0140895 0.0121071 0.0120363 0.00920419 0.00665534 0.0049561 0.00860946 0.00930331 0.0156896 0.0114698 0.00855282 0.00243557 0.00046729 0 2.83206e-05
 0 0 0 0 0.000772559 0.00158375 0.000888443 0.00281984 0.00712685 0.0440552 0.0773331 0.111326 0.0921469 0.0852325 0.0710754 0.0886704 0.0786465 0.0553345 0.0373146 0.0185414 0.00753245 0.00457741 0.012979 0.0271748 0.0457355 0.0583668 0.034881 0.0177882 0.00938659 0.00492506 0.0015258 0.00185414 0.000309023 5.79419e-05 3.86279e-05 0
 0 0.00173294 0.00326652 0 0.00397197 0.00683976 0.00946217 0.0152591 0.00757587 0.0136028 0.0228656 0.0392903 0.0559909 0.0764795 0.0681675 0.0726916 0.0566044 0.0477403 0.0527397 0.0444891 0.0609904 0.0582453 0.0661739 0.0445044 0.0529084 0.0360697 0.0280645 0.0235558 0.0158879 0.00826598 0.00280645 0.00217768 0.000904811 0.00058276 9.20147e-05 0
 0 0 0 0 0 0 0 0 0 0 0 0 0 0 0 0 0 0 0 0 0 0 0 0 0 0 0 0 0 0 0 0 0 0 0 0
 0 0 0 0 0 0 0 0 0 0 0 0 0 0 0 0 0 0 0 0 0 0 0 0 0 0 0 0 0 0 0 0 0 0 0 0
 0 0 0 0 0 0 0 0 0 0 0 0 0 0 0 0 0 0 0 0 0 0 0 0 0 0 0 0 0 0 0 0 0 0 0 0
 0 0 0 0 0 0 0 0 0 0 0 0 0 0 0 0 0 0 0 0 0 0 0 0 0 0 0 0 0 0 0 0 0 0 0 0
 0 0 0 0 0 0 0 0 0 0 0 0 0 0 0 0 0 0 0 0 0 0 0 0 0 0 0 0 0 0 0 0 0 0 0 0
ppred_pel_tallas
 1.01071e-16 3.43182e-05 0.000201425 0.000957494 0.00368642 0.0114958 0.0290374 0.0594141 0.0984846 0.132259 0.143917 0.126928 0.0908215 0.0529279 0.0255446 0.0110106 0.00556755 0.00479536 0.00598706 0.00795772 0.0102294 0.0125214 0.0145788 0.0161645 0.0170987 0.0172964 0.016783 0.0156798 0.0141681 0.0124434 0.0106763 0.00898917 0.00745178 0.00609131 0.00490818 0.00389097
 1.01221e-16 3.16232e-05 0.000185597 0.000882232 0.00339662 0.010592 0.0267547 0.054744 0.0907458 0.121874 0.132635 0.117022 0.083831 0.0490505 0.0240403 0.0109896 0.00646831 0.00642521 0.00836393 0.0111557 0.0142837 0.0173784 0.0200777 0.0220453 0.023036 0.0229508 0.0218572 0.0199651 0.0175692 0.014977 0.0124476 0.0101557 0.00818561 0.00654867 0.00521136 0.00412245
 1.02334e-16 2.44811e-05 0.000143657 0.000682823 0.00262881 0.00819761 0.0207067 0.0423703 0.0702394 0.0943475 0.102716 0.0907159 0.0651835 0.0385384 0.0196327 0.0102337 0.00776043 0.00913341 0.012434 0.0167375 0.0215157 0.0262838 0.0305205 0.0337278 0.0355326 0.0357688 0.0345086 0.0320302 0.0287372 0.0250582 0.02136 0.0178977 0.0148063 0.0121235 0.00982797 0.00787443
 1.03146e-16 2.79804e-05 0.000164211 0.000780563 0.00300517 0.00937132 0.0236713 0.0484351 0.0802886 0.107832 0.117359 0.103558 0.0742149 0.0434847 0.0214281 0.00999687 0.00617476 0.00639853 0.00848046 0.0114396 0.0148293 0.0183227 0.0215861 0.0242941 0.0261875 0.0271239 0.0270999 0.0262339 0.0247229 0.022786 0.0206181 0.0183639 0.0161155 0.013926 0.0118287 0.00985161
 1.02892e-16 2.93069e-05 0.000171999 0.000817586 0.00314772 0.00981585 0.0247941 0.0507325 0.0840966 0.112945 0.122921 0.10846 0.0777148 0.0455079 0.0223727 0.0103464 0.00626121 0.00637474 0.00838546 0.0112574 0.0145178 0.0178251 0.0208377 0.0232312 0.0247585 0.0253015 0.0248914 0.0236872 0.0219251 0.0198557 0.0176902 0.0155729 0.0135778 0.0117271 0.0100156 0.0084329
 1.03644e-16 2.33601e-05 0.000137077 0.000651542 0.00250837 0.00782204 0.0197581 0.0404292 0.0670218 0.0900263 0.0980136 0.0865672 0.0622125 0.0368023 0.0187867 0.00985679 0.00755597 0.00895237 0.0122219 0.0164878 0.0212499 0.0260468 0.0303794 0.0337675 0.0358475 0.0364497 0.0356287 0.0336323 0.0308249 0.027593 0.0242646 0.0210646 0.0181099 0.0154337 0.0130227 0.01085
 1.03283e-16 2.98001e-05 0.000174898 0.000831377 0.00320083 0.00998148 0.0252124 0.0515882 0.0855138 0.114845 0.124979 0.110254 0.0789517 0.0461347 0.0225003 0.0101043 0.00571112 0.00550836 0.00716224 0.00964504 0.0125227 0.0155113 0.0183333 0.0207187 0.0224507 0.0234069 0.0235767 0.0230485 0.0219732 0.0205197 0.0188372 0.0170356 0.0151855 0.0133294 0.0114983 0.00972374
 1.03036e-16 2.73442e-05 0.000160472 0.000762777 0.00293668 0.0091577 0.0231317 0.0473316 0.0784608 0.105381 0.114703 0.101243 0.0726168 0.0426704 0.0212528 0.0102908 0.0068542 0.00746925 0.00998897 0.0134216 0.0172715 0.0211393 0.0246126 0.0273002 0.0289096 0.0293101 0.0285568 0.0268631 0.0245366 0.0218993 0.0192206 0.01668 0.0143642 0.0122887 0.0104302 0.00875596
 1.02584e-16 3.00931e-05 0.000176616 0.00083954 0.00323225 0.0100795 0.02546 0.0520948 0.0863542 0.115975 0.126214 0.111354 0.0797644 0.0466589 0.022847 0.010412 0.00609245 0.00603962 0.00788989 0.0105874 0.0136643 0.0167952 0.0196589 0.0219494 0.0234309 0.0239868 0.023639 0.0225292 0.0208733 0.0189035 0.0168197 0.0147622 0.0128093 0.0109913 0.009313 0.00777154
 1.0289e-16 2.60031e-05 0.000152596 0.000725328 0.00279248 0.00870802 0.0219959 0.0450078 0.0746099 0.100213 0.109087 0.0963079 0.0691265 0.0407186 0.0204648 0.0102153 0.00720192 0.0081347 0.0109745 0.014764 0.018998 0.0232454 0.0270512 0.0299825 0.0317142 0.0320998 0.0311983 0.0292452 0.0265819 0.0235685 0.0205098 0.0176131 0.0149835 0.0126465 0.0105816 0.00875456
 1.04658e-16 2.0491e-05 0.000120231 0.000571454 0.00220001 0.00686042 0.0173291 0.0354595 0.0587848 0.0789669 0.085986 0.075975 0.0546675 0.0324747 0.0168295 0.00924225 0.00758784 0.00932108 0.0128577 0.0174257 0.02256 0.0278051 0.0326539 0.0366085 0.0392781 0.0404594 0.0401684 0.0386129 0.0361207 0.0330491 0.0297096 0.0263258 0.0230294 0.0198833 0.0169145 0.014141
 1.06438e-16 2.08503e-05 0.000122347 0.000581527 0.00223882 0.00698146 0.0176348 0.0360843 0.0598187 0.0803497 0.0874756 0.0772532 0.0555045 0.0328062 0.0166986 0.00869103 0.00659613 0.00781081 0.0107331 0.0146205 0.0190797 0.0237578 0.0282627 0.0321992 0.0352407 0.0371896 0.0380034 0.0377768 0.0366915 0.0349555 0.0327529 0.0302209 0.0274521 0.0245144 0.0214735 0.0184073
 1.05078e-16 2.76671e-05 0.000162375 0.00077184 0.0029716 0.00926662 0.0234068 0.0478937 0.0793905 0.106623 0.116038 0.102379 0.0733423 0.0429166 0.0210427 0.00964121 0.00572095 0.00575409 0.00758117 0.010248 0.0133423 0.0165827 0.0196877 0.0223823 0.0244447 0.0257477 0.0262761 0.0261107 0.0253901 0.0242649 0.0228608 0.0212615 0.0195134 0.017642 0.0156723 0.0136422
 1.02583e-16 3.19764e-05 0.000187675 0.000892119 0.00343471 0.0107108 0.0270547 0.0553575 0.0917614 0.123234 0.134105 0.118295 0.0846889 0.049445 0.0240341 0.0106521 0.00581411 0.00541484 0.00693584 0.00926277 0.0119237 0.014616 0.0170533 0.0189685 0.0201614 0.0205411 0.0201422 0.0191054 0.0176343 0.0159412 0.014202 0.012532 0.0109846 0.00956689 0.00826284 0.00705284
 1.01228e-16 3.40684e-05 0.000199957 0.000950514 0.00365954 0.0114119 0.0288257 0.058981 0.0977672 0.131297 0.142874 0.126018 0.0901907 0.0526015 0.0254636 0.0111054 0.00580147 0.00516613 0.00650834 0.00863974 0.0110651 0.0134781 0.0155969 0.0171626 0.0179859 0.0179892 0.0172215 0.0158405 0.0140682 0.0121363 0.0102393 0.00850768 0.00700387 0.00573567 0.00467818 0.00379456
 1.01068e-16 3.21487e-05 0.000188683 0.000896902 0.00345311 0.0107682 0.0271996 0.0556544 0.0922546 0.123899 0.134837 0.118959 0.0852053 0.0498284 0.0243727 0.0110589 0.00639489 0.00625849 0.00811068 0.010807 0.0138301 0.0168168 0.0194141 0.0212951 0.0222216 0.0220986 0.0209932 0.019112 0.016744 0.0141915 0.0117094 0.0094697 0.007556 0.0059794 0.0047061 0.00368395
 1.01895e-16 2.68702e-05 0.000157686 0.000749527 0.00288565 0.00899857 0.0227298 0.0465094 0.077099 0.103555 0.112724 0.0995157 0.0714214 0.042055 0.0211075 0.0104873 0.00732959 0.00823006 0.0110771 0.0148778 0.0191083 0.0233222 0.0270514 0.0298513 0.0313907 0.0315243 0.0303215 0.0280361 0.0250345 0.0217045 0.018378 0.0152846 0.0125449 0.0101904 0.00819782 0.00652167
 1.02506e-16 2.93181e-05 0.000172065 0.000817901 0.00314893 0.00981963 0.0248036 0.050752 0.0841288 0.112988 0.122967 0.108498 0.0777368 0.0455105 0.0223553 0.010308 0.00619905 0.00628536 0.00826734 0.0111139 0.0143596 0.0176709 0.0207133 0.0231652 0.0247762 0.0254179 0.025105 0.0239773 0.0222531 0.0201707 0.0179388 0.0157082 0.0135686 0.0115625 0.00970592 0.00800592
 1.02628e-16 2.8524e-05 0.0001674 0.00079572 0.00306352 0.00955327 0.0241309 0.0493757 0.0818484 0.109928 0.119645 0.105585 0.0756911 0.0443952 0.0219602 0.0103816 0.00658847 0.00694688 0.00921636 0.0123754 0.0159357 0.0195239 0.0227594 0.025281 0.0268161 0.0272385 0.0265913 0.0250628 0.0229291 0.0204822 0.01797 0.0155619 0.0133453 0.0113442 0.00954757 0.00793381
 1.02297e-16 3.07474e-05 0.000180458 0.000857804 0.00330258 0.0102988 0.0260139 0.0532281 0.0882326 0.118497 0.128957 0.113769 0.0814839 0.0476435 0.0232892 0.0105454 0.00607474 0.00594048 0.00772465 0.0103482 0.0133364 0.0163639 0.0191124 0.0212808 0.0226394 0.0230781 0.0226255 0.0214298 0.0197125 0.0177101 0.0156253 0.013599 0.0117072 0.00997623 0.00840411 0.00698064
 1.02011e-16 3.06321e-05 0.000179779 0.000854575 0.00329014 0.01026 0.0259159 0.0530278 0.087901 0.118053 0.128478 0.113356 0.0812071 0.0475211 0.0233025 0.0106739 0.00631632 0.00631024 0.00824371 0.0110308 0.0141787 0.0173367 0.0201587 0.0223194 0.0235757 0.023819 0.0230955 0.0215844 0.0195446 0.0172495 0.0149304 0.0127453 0.0107744 0.00903667 0.00751583 0.00618364
 1.02025e-16 3.00923e-05 0.000176609 0.000839502 0.0032321 0.010079 0.0254588 0.0520925 0.086351 0.115973 0.126216 0.111367 0.079797 0.0467255 0.0229675 0.0106139 0.00640982 0.00650941 0.0085448 0.011446 0.0147203 0.0180088 0.0209538 0.0232178 0.0245468 0.0248257 0.0240987 0.0225475 0.0204375 0.0180501 0.0156251 0.0133282 0.0112462 0.00940345 0.00778764 0.00637346
 1.02081e-16 3.0193e-05 0.000177201 0.000842318 0.00324294 0.0101128 0.0255442 0.0522672 0.0866404 0.116361 0.126637 0.111735 0.0800539 0.0468617 0.0230082 0.0105888 0.00633539 0.00638815 0.00837182 0.0112162 0.014433 0.0176712 0.0205818 0.0228349 0.0241815 0.0245069 0.0238507 0.0223863 0.0203682 0.0180673 0.0157147 0.0134707 0.0114204 0.00958958 0.00796939 0.00653919
 1.02305e-16 2.88332e-05 0.000169216 0.000804351 0.00309675 0.0096569 0.0243926 0.0499113 0.0827361 0.11112 0.120942 0.106729 0.0765079 0.0448686 0.0221837 0.0104692 0.00661932 0.00695924 0.00922291 0.0123768 0.0159272 0.0194968 0.0227019 0.0251787 0.026653 0.0269987 0.0262614 0.024634 0.0223992 0.0198569 0.017263 0.014794 0.0125428 0.0105363 0.00876305 0.00719865
 1.04884e-16 1.50444e-05 8.82448e-05 0.000419363 0.00161438 0.00503413 0.0127162 0.026022 0.0431455 0.0579769 0.0631792 0.0559399 0.0405051 0.0245711 0.0136697 0.00900126 0.00909888 0.0121619 0.0170383 0.0230868 0.0297906 0.0365501 0.0426762 0.0474977 0.0505006 0.0514389 0.0503769 0.0476481 0.0437502 0.0392161 0.0345027 0.0299293 0.0256699 0.0217855 0.0182734 0.0151101
 1.07162e-16 2.22921e-05 0.000130819 0.00062182 0.00239398 0.00746535 0.0188569 0.0385844 0.0639603 0.085904 0.0934995 0.0825184 0.0591684 0.0347331 0.0172404 0.00826424 0.00542781 0.00592578 0.00805431 0.0110735 0.0146664 0.0186013 0.0226226 0.0264537 0.0298373 0.0325731 0.0345383 0.0356849 0.0360204 0.0355838 0.0344283 0.0326164 0.0302268 0.0273634 0.0241606 0.0207772
 1.05045e-16 2.87451e-05 0.000168704 0.000801932 0.00308746 0.00962794 0.0243194 0.049761 0.0824854 0.110778 0.120556 0.106357 0.0761718 0.044532 0.021759 0.00983957 0.0056566 0.00553561 0.00722649 0.00973637 0.0126425 0.0156658 0.0185341 0.0209865 0.0228186 0.0239224 0.0243009 0.02405 0.023319 0.0222617 0.0209999 0.0196058 0.0181076 0.016509 0.0148121 0.0130346
pSPR Fmed_Fpbrs
0.44567   0.6 0.325
Fs Fmed_Fpbrs
0.64   0.347584 1.0675
SSBpbr Bo_Bmed_Bpbrs
2.32576e+06  920233  1.27917e+06 639584
Ro
59874.1
SPR SPRFo_SPRFmed_SPRFpbrs
1.23665e+06 551140 401913
log_Ro
10.82
likeval ReclasPelacesDesembMPH_pf_preclas_ppelaces_ptallas_desvR_qrecl_qpela
 66.1583 0.000255779 0.0283107 60.4011 337.677 218.083 55.5543 0 16.625 6.8162e-05 3.14358e-06 8.93661e-16 0 0 0
q_reclas_q_pelaces
0.310394 1.28691
M
0.7
N
 60701.1 15498.9 5753.98 677.045 0.393226
 74292.5 27884.6 5041.84 1871.78 220.372
 44660.2 34789 10066.7 1820.17 755.294
 59680.3 20413.8 11014.8 3187.3 815.439
 91408.2 29163.5 9289.25 5012.27 1821.43
 66887.3 45229.7 14203.2 4524.04 3328.14
 115068 31916.1 18084.9 5679.07 3139.66
 112608 55663.3 13746.7 7789.39 3798.34
 151521 53132.7 20940.6 5171.51 4359.31
 128786 71184.9 19524.9 7695.13 3502.34
 64805.3 61333.5 28166.1 7725.53 4430.56
 40576.4 29440.4 18781.5 8625 3722.43
 39120 18515.3 9234.77 5891.33 3873.11
 26893.2 16921.6 4344.4 2166.83 2291.11
 20727.3 10273.1 2021.52 519.001 532.566
 21298.6 8212.35 1496.6 294.497 153.193
 16914.6 9777.72 2662.14 485.142 145.125
 22434.2 7926.19 3543.37 964.739 228.404
 26594.2 10710.5 3178.51 1420.94 478.466
 41414.1 12804.4 4496.87 1334.51 797.475
 62784 19943.4 5381.33 1889.91 896.016
 90910.8 30728.8 9153.66 2469.93 1278.69
 134314 44363.3 13878.6 4134.21 1693.05
 171739 65459 19896.9 6224.53 2613.53
 62491.1 83767.5 29490.2 8963.86 3981.67
 86132 30540.3 38140.4 13427.3 5894.26
 143882 42027.3 13786.1 17216.9 8721.9
pred_Ctot
 3285.87 3938.87 1462.31 172.063 0.0999337
 3056.83 5576.04 1008.21 374.298 44.0676
 2566.6 9303.64 2692.14 486.768 201.989
 685.483 1234.24 665.97 192.708 49.3023
 235.087 404.491 128.84 69.519 25.2628
 1885.76 6416.28 2014.86 641.78 472.13
 2143.6 3069.83 1739.48 546.237 301.986
 4047.93 9860.73 2435.22 1379.89 672.875
 5895.94 10108.2 3983.81 983.847 829.332
 3803.36 10540 2890.95 1139.38 518.573
 3990 17382.9 7982.74 2189.54 1255.69
 2378.49 8006.17 5107.54 2345.53 1012.3
 3656.64 7328.39 3655.14 2331.8 1532.98
 4530.78 9991.18 2565.11 1279.39 1352.77
 3052.46 5587.27 1099.45 282.271 289.648
 1162.17 2101.37 382.948 75.3557 39.199
 687.854 1934.92 526.814 96.0052 28.7189
 624.125 1110.65 496.512 135.183 32.0049
 583.093 1201.74 356.635 159.432 53.6848
 902.733 1428.79 501.788 148.913 88.9871
 650.518 1091.05 294.398 103.392 49.0186
 1133.17 2010.86 599.006 161.63 83.6762
 1796.54 3107.61 972.18 289.598 118.597
 2196.83 4392.09 1335.02 417.646 175.359
 713.007 5032.12 1771.55 538.481 239.189
 1079.52 2009.17 2509.15 883.344 387.768
 2574.14 3889.89 1276 1593.53 807.267
F
 0.0778888 0.423 0.423 0.423 0.423
 0.0587099 0.318843 0.318843 0.318843 0.318843
 0.0828709 0.450057 0.450057 0.450057 0.450057
 0.016085 0.0873549 0.0873549 0.0873549 0.0873549
 0.00358182 0.0194522 0.0194522 0.0194522 0.0194522
 0.0398977 0.216677 0.216677 0.216677 0.216677
 0.0262048 0.142313 0.142313 0.142313 0.142313
 0.0511217 0.277633 0.277633 0.277633 0.277633
 0.0554427 0.3011 0.3011 0.3011 0.3011
 0.0418284 0.227162 0.227162 0.227162 0.227162
 0.0890202 0.483453 0.483453 0.483453 0.483453
 0.0845897 0.459391 0.459391 0.459391 0.459391
 0.138047 0.749708 0.749708 0.749708 0.749708
 0.262343 1.42474 1.42474 1.42474 1.42474
 0.22581 1.22634 1.22634 1.22634 1.22634
 0.0785347 0.426508 0.426508 0.426508 0.426508
 0.0580076 0.315029 0.315029 0.315029 0.315029
 0.0393607 0.213761 0.213761 0.213761 0.213761
 0.0309059 0.167844 0.167844 0.167844 0.167844
 0.0307231 0.166852 0.166852 0.166852 0.166852
 0.0144998 0.078746 0.078746 0.078746 0.078746
 0.0174662 0.0948559 0.0948559 0.0948559 0.0948559
 0.0187535 0.101847 0.101847 0.101847 0.101847
 0.0179282 0.0973649 0.0973649 0.0973649 0.0973649
 0.0159776 0.0867714 0.0867714 0.0867714 0.0867714
 0.0175632 0.0953827 0.0953827 0.0953827 0.0953827
 0.0251545 0.13661 0.13661 0.13661 0.13661
Np
 51691.5 24077.8 24440.9 6386.11 2829.66
YTP_r0W_actual
 52799 195544 93246.5 148716 83604.8
YTP_p0W_proyectada
 18968.7 324183 123136 51583.7 102456
 18968.7 112029 165313 55162 27124
CTP_r0_actual
 6438.91 9052.96 2969.63 3708.64 1878.76
CTP_p0_proyectada
 2313.25 15008.5 3921.53 1286.38 2302.39
 2313.25 5186.53 5264.74 1375.61 609.528
Wmedp
 8.2 21.6 31.4 40.1 44.5
nmprior
 10.8 10.6 4.6 0
nm_flota  nm_reclas  nm_pelaces    nm_pelaL
inf 13.4899 17.8088 56.3495
cv_recla  cv_pelaces  cv_mph
0.704405 0.583986 0.623132
 ------------------------------------------------
Talla a la edad & desviaci?n 
 7.2 14.2025 17.0495 18.207 18.6776
 1.08 2.13037 2.55742 2.73105 2.80164
