years
 1997 1998 1999 2000 2001 2002 2003 2004 2005 2006 2007 2008 2009 2010 2011 2012 2013 2014 2015 2016 2017 2018 2019 2020 2021 2022 2023
reclasobs
 0 0 0 370054 412103 1.49427e+06 250295 1.28982e+06 931140 785840 897777 1.04006e+06 184774 17550 25797 100020 73551 82996 120727 218422 84188 347160 605670 569463 516374 1.08416e+06 1.01767e+06
reclaspred
 422064 116165 341798 231586 325061 383937 819615 574171 713520 707780 584131 391341 220790 90423 67378.8 69138.1 80145.2 112916 130480 180543 281062 290235 531603 681457 828405 742036 687490
pelacesobs
 0 0 0 0 0 0 0 0 0 2.06254e+06 1.5e+06 0 1.87456e+06 323000 250000 174000 83755 137374 0 501740 490994 745055 786931 1.00524e+06 1.33801e+06 1.41789e+06 0
pelacespred
 1.52412e+06 344404 626602 663758 817274 750004 1.93153e+06 1.58308e+06 1.8239e+06 1.7937e+06 1.27759e+06 886390 490190 158938 126711 138816 168771 247053 285509 392204 703683 683518 1.02162e+06 1.52185e+06 1.79115e+06 1.78485e+06 1.57363e+06
mphobs
 0 0 0 0 0 0 112323 0 153150 637223 0 255016 313432 73983 77613 109348 50772 17779 17303 59886 28197 0 207744 136588 643089 65757 70829
mphpred
 151963 90730.9 109860 122100 127417 190447 272639 328953 301644 348093 334149 230153 132982 95339.3 44732.9 43515.6 47203.5 64697.9 27452.5 31786.6 50029.3 66911 90890 137241 178019 172031 148899
desembarqueobs
 350755 77701 442110 56441 14545 235359 269955 359681 431902 328805 639364 411747 362871 311530 167758 66681 60226 58785 57116 73181 50977 67692 138656 160484 209506 203330 245020
desembarquepred
 350770 77706.2 442171 56445.4 14545.4 235481 270021 359714 431928 328856 639620 411984 363327 311707 167647 66692.5 60263 58791.3 57109.2 73187.1 50978.1 67684.9 138660 160494 209535 203349 245020
Reclutas
 42858.6 51407.9 29838.2 39988.9 63334.8 45125.7 84466.8 85412 127347 118331 63771 41548.1 38868.6 27297.7 18069.4 15382.4 11484.4 15294.8 17952.3 26425.2 41555.8 59406.1 86484.8 111636 41716.9 57540.3 96468.5
log_desv_Rt
 -0.0343377 0.147547 -0.396455 -0.103642 0.356191 0.0172071 0.644113 0.655241 1.05467 0.98124 0.363053 -0.0653926 -0.132057 -0.485441 -0.898023 -1.05902 -1.35126 -1.06473 -0.904524 -0.517927 -0.0652085 0.292153 0.667724 0.922997 -0.0613376 0.260242 0.776971
SSB
 488396 291602 353079 392419 409507 612079 852406 1.04527e+06 947622 1.09633e+06 1.07393e+06 739693 442331 203388 99544.3 96395.7 108756 141973 188774 229513 342387 446708 622772 900602 1.27151e+06 1.26248e+06 1.03183e+06
BT
 1.76425e+06 436044 830322 655935 752438 842913 1.98695e+06 1.84121e+06 2.09021e+06 1.93767e+06 1.71494e+06 1.16546e+06 799287 437332 257068 181149 204044 273320 303800 415635 687262 667292 1.00882e+06 1.49982e+06 1.72397e+06 1.73914e+06 1.61748e+06
Ftot
 0.847604 0.693267 1.06187 0.207112 0.0408815 0.435407 0.283974 0.557212 0.589345 0.407711 0.79129 0.719736 1.21323 2.71376 2.59982 0.907423 0.682831 0.466422 0.361473 0.354648 0.16754 0.192661 0.206396 0.19904 0.173102 0.178307 0.269323
BD_Bspro_t
 0.920522 0.677184 0.623736 0.469348 0.606618 0.748707 0.695136 0.712469 0.659566 0.647129 0.613289 0.450409 0.333272 0.210138 0.129677 0.150124 0.219928 0.340739 0.466715 0.57502 0.692056 0.794313 0.817914 0.825563 0.83385 0.790332 0.753683
BD_Bspro
 0.533104 0.318295 0.385401 0.428341 0.446994 0.66811 0.930436 1.14095 1.03437 1.19669 1.17223 0.807405 0.482822 0.222006 0.108657 0.10522 0.118712 0.154969 0.206055 0.250523 0.37373 0.4876 0.679781 0.983044 1.38791 1.37805 1.12629
BD_Bo
 0.381873 0.228001 0.27607 0.306829 0.32019 0.47858 0.66649 0.817288 0.740938 0.857213 0.839694 0.57836 0.345855 0.159027 0.077833 0.075371 0.0850355 0.111008 0.147601 0.179455 0.26771 0.349278 0.486941 0.704174 0.994184 0.987125 0.806784
BD_Brms
 0.694315 0.414547 0.501946 0.557871 0.582164 0.870146 1.2118 1.48598 1.34716 1.55857 1.52672 1.05156 0.628827 0.28914 0.141514 0.137038 0.15461 0.201832 0.268366 0.326281 0.486746 0.63505 0.885347 1.28032 1.80761 1.79477 1.46688
S_f
 0.121824 0.724953 0.980423 0.99895 0.999945
 0.121824 0.724953 0.980423 0.99895 0.999945
 0.121824 0.724953 0.980423 0.99895 0.999945
 0.121824 0.724953 0.980423 0.99895 0.999945
 0.121824 0.724953 0.980423 0.99895 0.999945
 0.121824 0.724953 0.980423 0.99895 0.999945
 0.121824 0.724953 0.980423 0.99895 0.999945
 0.121824 0.724953 0.980423 0.99895 0.999945
 0.121824 0.724953 0.980423 0.99895 0.999945
 0.121824 0.724953 0.980423 0.99895 0.999945
 0.121824 0.724953 0.980423 0.99895 0.999945
 0.121824 0.724953 0.980423 0.99895 0.999945
 0.121824 0.724953 0.980423 0.99895 0.999945
 0.121824 0.724953 0.980423 0.99895 0.999945
 0.121824 0.724953 0.980423 0.99895 0.999945
 0.121824 0.724953 0.980423 0.99895 0.999945
 0.121824 0.724953 0.980423 0.99895 0.999945
 0.121824 0.724953 0.980423 0.99895 0.999945
 0.121824 0.724953 0.980423 0.99895 0.999945
 0.121824 0.724953 0.980423 0.99895 0.999945
 0.121824 0.724953 0.980423 0.99895 0.999945
 0.121824 0.724953 0.980423 0.99895 0.999945
 0.121824 0.724953 0.980423 0.99895 0.999945
 0.121824 0.724953 0.980423 0.99895 0.999945
 0.121824 0.724953 0.980423 0.99895 0.999945
 0.121824 0.724953 0.980423 0.99895 0.999945
 0.121824 0.724953 0.980423 0.99895 0.999945
Scru_reclas
 0.74735 1 1 1 1
 0.74735 1 1 1 1
 0.74735 1 1 1 1
 0.74735 1 1 1 1
 0.74735 1 1 1 1
 0.74735 1 1 1 1
 0.74735 1 1 1 1
 0.74735 1 1 1 1
 0.74735 1 1 1 1
 0.74735 1 1 1 1
 0.74735 1 1 1 1
 0.74735 1 1 1 1
 0.74735 1 1 1 1
 0.74735 1 1 1 1
 0.74735 1 1 1 1
 0.74735 1 1 1 1
 0.74735 1 1 1 1
 0.74735 1 1 1 1
 0.74735 1 1 1 1
 0.74735 1 1 1 1
 0.74735 1 1 1 1
 0.74735 1 1 1 1
 0.74735 1 1 1 1
 0.74735 1 1 1 1
 0.74735 1 1 1 1
 0.74735 1 1 1 1
 0.74735 1 1 1 1
Scru_pelaces
 0.84995 1 1 1 1
 0.84995 1 1 1 1
 0.84995 1 1 1 1
 0.84995 1 1 1 1
 0.84995 1 1 1 1
 0.84995 1 1 1 1
 0.84995 1 1 1 1
 0.84995 1 1 1 1
 0.84995 1 1 1 1
 0.84995 1 1 1 1
 0.84995 1 1 1 1
 0.84995 1 1 1 1
 0.84995 1 1 1 1
 0.84995 1 1 1 1
 0.84995 1 1 1 1
 0.84995 1 1 1 1
 0.84995 1 1 1 1
 0.84995 1 1 1 1
 0.84995 1 1 1 1
 0.84995 1 1 1 1
 0.84995 1 1 1 1
 0.84995 1 1 1 1
 0.84995 1 1 1 1
 0.84995 1 1 1 1
 0.84995 1 1 1 1
 0.84995 1 1 1 1
 0.84995 1 1 1 1
pf_obs 
 0.256992 0.487395 0.22802 0.0275931 0
 0.321318 0.546541 0.124235 0.00734118 0.000564706
 0.182869 0.594174 0.210203 0.0122559 0.00049798
 0.330522 0.361315 0.267642 0.0388342 0.00168674
 0.649043 0.306663 0.0425973 0.00169635 0
 0.582887 0.30429 0.105238 0.00758474 0
 0.465427 0.430635 0.0974691 0.00646863 0
 0.296916 0.608066 0.0921331 0.00288517 0
 0.311714 0.524322 0.152257 0.0117073 0
 0.15457 0.633149 0.183074 0.0267441 0.00246327
 0.131901 0.49318 0.331252 0.0422183 0.00144891
 0.196976 0.569456 0.194076 0.0375587 0.00193317
 0.518974 0.381816 0.0799577 0.0180837 0.00116848
 0.0928022 0.601141 0.25162 0.0475244 0.00691264
 0.122501 0.610282 0.24278 0.0234846 0.000952079
 0.383417 0.481906 0.127806 0.00687128 0
 0.0376549 0.599619 0.316969 0.0457579 0
 0.0361596 0.667082 0.258105 0.0386534 0
 0.158088 0.579412 0.248529 0.0139706 0
 0.0477256 0.309471 0.559284 0.082774 0.000745712
 0.0406174 0.521527 0.379366 0.0568643 0.0016247
 0.151134 0.462217 0.34131 0.0453401 0
 0.294876 0.26143 0.354403 0.0886775 0.000613685
 0.281977 0.475581 0.204845 0.0348837 0.00271318
 0.0841818 0.532909 0.334909 0.0458182 0.00218182
 0.115287 0.27431 0.454777 0.147771 0.00785563
 0 0 0 0 0
pf_pred 
 0.351052 0.446317 0.181255 0.0213618 1.44938e-05
 0.298678 0.557091 0.111197 0.0296343 0.00339914
 0.170121 0.613584 0.184398 0.0247375 0.00715935
 0.246056 0.451501 0.247378 0.0471559 0.00790983
 0.260735 0.469236 0.181509 0.072667 0.0158535
 0.148871 0.549171 0.211599 0.0611051 0.0292539
 0.267608 0.372057 0.260254 0.0706134 0.0294675
 0.218782 0.535754 0.145007 0.072984 0.0274734
 0.285982 0.455831 0.196696 0.0366893 0.0248015
 0.21242 0.56591 0.159877 0.0473551 0.0144381
 0.126081 0.539564 0.262369 0.0522465 0.0197389
 0.129084 0.443509 0.303535 0.0977734 0.0260984
 0.197088 0.425134 0.230431 0.105446 0.0419009
 0.2604 0.528327 0.137611 0.0455166 0.0281452
 0.321182 0.587068 0.0779431 0.00916917 0.0046374
 0.301192 0.608112 0.0845858 0.00523252 0.000877811
 0.200113 0.596795 0.185186 0.0167316 0.00117438
 0.253658 0.459395 0.2334 0.0489359 0.00461147
 0.237325 0.514008 0.173218 0.0616333 0.0138169
 0.267622 0.468952 0.196267 0.0470923 0.0200657
 0.281244 0.484316 0.167612 0.0500689 0.0167595
 0.258487 0.4977 0.180151 0.0457714 0.0178907
 0.256479 0.481728 0.193006 0.0510919 0.0176944
 0.234242 0.496316 0.193211 0.0564995 0.0197316
 0.0774279 0.571022 0.252097 0.0717214 0.0277317
 0.133396 0.267014 0.413758 0.134008 0.0518229
 0.228884 0.367961 0.153009 0.173686 0.0764605
pobs_RECLAS
 0 0 0 0 0
 0 0 0 0 0
 0 0 0 0 0
 0 0 0 0 0
 0.835266 0.146461 0.0176864 0.000547809 3.91292e-05
 0.385257 0.428462 0.181853 0.0044286 0
 0.867414 0.0963971 0.0333333 0.00285562 0
 0.441836 0.489002 0.0689373 0.000224442 0
 0.779404 0.147425 0.0564933 0.0165055 0.000172143
 0.814271 0.122319 0.05973 0.00367925 0
 0.40263 0.566651 0.0304383 0.000280538 0
 0.475488 0.404961 0.113038 0.00651328 0
 0.955842 0.0263864 0.0167828 0.000988607 0
 0.975058 0.0227948 0.00214734 0 0
 0.738997 0.206755 0.0527124 0.00153531 0
 0.850938 0.134255 0.0134407 0.00136685 0
 0.542534 0.407297 0.0501686 0 0
 0.764087 0.199537 0.0359546 0.000420521 0
 0.470689 0.182191 0.310203 0.0369168 0
 0.84361 0.089868 0.0606195 0.00523954 0.000663233
 0.607945 0.314616 0.071237 0.00620181 0
 0.523733 0.453247 0.0230204 0 0
 0.530135 0.295979 0.169645 0.0042399 0
 0.562478 0.366248 0.0663022 0.0049721 0
 0.250443 0.683176 0.0655157 0.000865301 0
 0.195077 0.31981 0.436473 0.0351445 0.0134964
 0.565238 0.351407 0.0832357 0.000118908 0
ppred_RECLAS
 0.733747 0.200679 0.0587835 0.00678625 4.59936e-06
 0.675136 0.273672 0.0396498 0.0103558 0.00118657
 0.511387 0.390596 0.0838277 0.011007 0.00318193
 0.620925 0.254119 0.10256 0.0191822 0.00321434
 0.634985 0.256578 0.0733411 0.0288161 0.00628043
 0.4674 0.380356 0.107315 0.0303928 0.0145354
 0.654495 0.202249 0.104024 0.0276891 0.0115431
 0.583278 0.312976 0.0617893 0.0304906 0.0114655
 0.670338 0.233683 0.0734712 0.013435 0.00907229
 0.569287 0.335053 0.0693696 0.0201523 0.00613789
 0.428016 0.39555 0.139064 0.0271312 0.0102391
 0.441837 0.329364 0.163448 0.0515942 0.0137571
 0.577049 0.260412 0.100008 0.0447641 0.017767
 0.689432 0.248216 0.0410548 0.0131679 0.00812898
 0.734132 0.241744 0.0205864 0.00235023 0.00118675
 0.676201 0.292464 0.0292649 0.00177295 0.000297101
 0.552933 0.358609 0.0808014 0.00715496 0.000501666
 0.632728 0.25237 0.0938009 0.0192863 0.00181555
 0.606481 0.290865 0.0719279 0.0251037 0.00562196
 0.646251 0.250843 0.0770523 0.0181348 0.00771917
 0.657342 0.252896 0.0645246 0.018913 0.00632435
 0.631295 0.271273 0.072352 0.018037 0.00704302
 0.630602 0.264175 0.0779664 0.0202504 0.00700616
 0.602122 0.284645 0.0816377 0.0234237 0.00817212
 0.294916 0.485801 0.158099 0.0441347 0.0170479
 0.458202 0.204812 0.233925 0.0743411 0.0287198
 0.608908 0.217722 0.0665936 0.0741616 0.0326144
pobs_PELACES
 0 0 0 0 0
 0 0 0 0 0
 0 0 0 0 0
 0 0 0 0 0
 0 0 0 0 0
 0 0 0 0 0
 0 0 0 0 0
 0 0 0 0 0
 0 0 0 0 0
 0 0 0 0 0
 0.450072 0.473896 0.0757376 0.000293798 0
 0 0 0 0 0
 0.463077 0.371075 0.160297 0.00555027 0
 0.529543 0.364841 0.0842815 0.0213345 0
 0.631943 0.363953 0.00410389 0 0
 0.735681 0.248677 0.0153453 0.000297389 0
 0.695825 0.281241 0.0229344 0 0
 0.275771 0.60734 0.115278 0.00161068 0
 0 0 0 0 0
 0.896147 0.0623911 0.0374545 0.00400742 0
 0.803859 0.145111 0.0509908 3.86294e-05 0
 0.739449 0.233085 0.0266225 0.000797448 4.60066e-05
 0.878498 0.100942 0.0204185 0.000141795 0
 0.694673 0.275183 0.0284847 0.00165964 0
 0.469039 0.446079 0.0841089 0.000773354 0
 0.822795 0.102175 0.0682046 0.00682512 0
 0 0 0 0 0
ppred_PELACES
 0.790562 0.160604 0.0438002 0.00503037 3.40837e-06
 0.732485 0.227427 0.0310792 0.00808304 0.000925944
 0.599421 0.325877 0.0639492 0.00834249 0.00241083
 0.66131 0.228366 0.0905711 0.0169184 0.00283481
 0.666298 0.234812 0.0668887 0.0262744 0.00572638
 0.523807 0.34369 0.0934752 0.0264028 0.0126254
 0.697216 0.179032 0.0899047 0.0238893 0.0099581
 0.642818 0.27145 0.0511317 0.0251457 0.00945391
 0.725142 0.197672 0.0591367 0.0107749 0.00727457
 0.621617 0.296616 0.0593365 0.0171947 0.00523638
 0.50415 0.349972 0.1151 0.0223474 0.00843155
 0.515773 0.292948 0.136818 0.0429984 0.0114624
 0.672586 0.209632 0.0726791 0.0322912 0.0128114
 0.81893 0.151057 0.0198754 0.00626992 0.00386719
 0.842902 0.145467 0.00994947 0.00111796 0.000564033
 0.741313 0.235338 0.0218144 0.00131426 0.000220172
 0.6197 0.308488 0.0656198 0.00578642 0.000405621
 0.685186 0.218999 0.0782592 0.0160449 0.00151019
 0.655016 0.257047 0.0616571 0.0214716 0.00480798
 0.692236 0.220156 0.0656341 0.0154139 0.00656028
 0.693645 0.226954 0.0570934 0.0167177 0.00558995
 0.670205 0.243702 0.0639513 0.015924 0.00621754
 0.6703 0.236972 0.0687313 0.0178293 0.00616808
 0.642772 0.256804 0.0724273 0.0207557 0.00724084
 0.330944 0.463108 0.148531 0.0414196 0.0159982
 0.50152 0.190242 0.214042 0.067948 0.0262484
 0.653719 0.194802 0.0582454 0.0647579 0.0284764
pobs_pel_tallas
 0 0 0 0 0 0 0 0 0 0 0 0 0 0 0 0 0 0 0 0 0 0 0 0 0 0 0 0 0 0 0 0 0 0 0 0
 0 0 0 0 0 0 0 0 0 0 0 0 0 0 0 0 0 0 0 0 0 0 0 0 0 0 0 0 0 0 0 0 0 0 0 0
 0 0 0 0 0 0 0 0 0 0 0 0 0 0 0 0 0 0 0 0 0 0 0 0 0 0 0 0 0 0 0 0 0 0 0 0
 0 0 0 0 0 0 0 0 0 0 0 0 0 0 0 0 0 0 0 0 0 0 0 0 0 0 0 0 0 0 0 0 0 0 0 0
 0 0 0 0 0 0 0 0 0 0 0 0 0 0 0 0 0 0 0 0 0 0 0 0 0 0 0 0 0 0 0 0 0 0 0 0
 0 0 0 0 0 0 0 0 0 0 0 0 0 0 0 0 0 0 0 0 0 0 0 0 0 0 0 0 0 0 0 0 0 0 0 0
 0 0 0 0 0 0 0 0 0 0 0 0 0 0 0 0 0 0 0 0 0 0 0 0 0 0 0 0 0 0 0 0 0 0 0 0
 0 0 0 0 0 0 0 0 0 0 0 0 0 0 0 0 0 0 0 0 0 0 0 0 0 0 0 0 0 0 0 0 0 0 0 0
 0 0 0 0 0 0 0 0 0 0 0 0 0 0 0 0 0 0 0 0 0 0 0 0 0 0 0 0 0 0 0 0 0 0 0 0
 0 0 0 0 0 0 0 0 0 0 0 0 0 0 0 0 0 0 0 0 0 0 0 0 0 0 0 0 0 0 0 0 0 0 0 0
 0 0 0 0 0 0 0 0 1.78061e-05 0.00172719 0.00360574 0.0105946 0.0120993 0.0124554 0.0147524 0.0171206 0.0266825 0.0428682 0.0675386 0.121331 0.153587 0.119568 0.100827 0.0573624 0.0630603 0.0341343 0.0324427 0.0444173 0.0211091 0.0280891 0.0125444 0.00206551 0 0 0 0
 0 0 0 0 0 0 0 0 0 0 0 0 0 0 0 0 0 0 0 0 0 0 0 0 0 0 0 0 0 0 0 0 0 0 0 0
 0 0 0 0 0 0 0.0133647 0.0140871 0.0187388 0.0205184 0.03894 0.0496705 0.03968 0.0493445 0.0407372 0.0367815 0.0215668 0.0243155 0.0234873 0.0199281 0.019796 0.0243948 0.0301388 0.0376714 0.0412746 0.0863199 0.0771752 0.113111 0.0741005 0.0525337 0.0229764 0.00759418 0.00175318 0 0 0
 0 0 0 0 0 0 0 0 0 0 0.00219441 0.00772107 0.0458388 0.0604681 0.0671733 0.0775358 0.0609151 0.0617685 0.073594 0.0568108 0.0755445 0.0548602 0.0670107 0.0636378 0.0643287 0.046367 0.0373049 0.0286899 0.0247887 0.0153202 0.00654259 0.00121912 0.000365735 0 0 0
 0 0 0 0 0 0 0 0 0 0 0 0 0.000112435 0.00938835 0.0111873 0.0202946 0.0414886 0.0713402 0.111592 0.104902 0.108894 0.110636 0.117776 0.105296 0.107544 0.0401394 0.0192827 0.0124803 0.00416011 0.0028671 0.000618394 0 0 0 0 0
 0 0 0 0 0 0 0 0 0 0 0.00291406 0.0102884 0.027416 0.0768956 0.0749926 0.110853 0.0956884 0.0897413 0.0766577 0.0534642 0.0500743 0.0551293 0.0594112 0.0620874 0.0668451 0.0424026 0.0208742 0.0120726 0.0048766 0.00582813 0.00118941 0.000297354 0 0 0 0
 0 0.00264628 0.0354308 0.0461629 0.0458689 0.0383711 0.0214643 0.0164657 0.0346957 0.0420465 0.0363128 0.0245516 0.0311673 0.0291091 0.0169068 0.0133784 0.00837989 0.0085269 0.0148486 0.0160247 0.0276389 0.0546898 0.0760071 0.122758 0.109233 0.0665981 0.0333725 0.0166128 0.00676272 0.00308733 0.000882094 0 0 0 0 0
 0 0 0 0 0 0 0 0.000805153 0.000690131 0.00759144 0.0133425 0.0154129 0.00931677 0.000345066 0.00356568 0.00563607 0.00851162 0.0253048 0.0502646 0.0516448 0.0657925 0.0565908 0.0611916 0.0827007 0.0866115 0.110766 0.145733 0.0935128 0.0569358 0.0249597 0.0138026 0.00621118 0.00161031 0.00115022 0 0
 0 0 0 0 0 0 0 0 0 0 0 0 0 0 0 0 0 0 0 0 0 0 0 0 0 0 0 0 0 0 0 0 0 0 0 0
 0.00147267 0.00158595 0.00478618 0.00569244 0.00954404 0.0108468 0.00647125 0.017049 0.0510054 0.094081 0.124002 0.0959785 0.0687766 0.0820023 0.061753 0.0591476 0.0492212 0.0479892 0.0443925 0.0268479 0.0217502 0.0140895 0.0121071 0.0120363 0.00920419 0.00665534 0.0049561 0.00860946 0.00930331 0.0156896 0.0114698 0.00855282 0.00243557 0.00046729 0 2.83206e-05
 0 0 0 0 0.000772559 0.00158375 0.000888443 0.00281984 0.00712685 0.0440552 0.0773331 0.111326 0.0921469 0.0852325 0.0710754 0.0886704 0.0786465 0.0553345 0.0373146 0.0185414 0.00753245 0.00457741 0.012979 0.0271748 0.0457355 0.0583668 0.034881 0.0177882 0.00938659 0.00492506 0.0015258 0.00185414 0.000309023 5.79419e-05 3.86279e-05 0
 0 0.00173294 0.00326652 0 0.00397197 0.00683976 0.00946217 0.0152591 0.00757587 0.0136028 0.0228656 0.0392903 0.0559909 0.0764795 0.0681675 0.0726916 0.0566044 0.0477403 0.0527397 0.0444891 0.0609904 0.0582453 0.0661739 0.0445044 0.0529084 0.0360697 0.0280645 0.0235558 0.0158879 0.00826598 0.00280645 0.00217768 0.000904811 0.00058276 9.20147e-05 0
 0 0 0 0 0 0 0 0 0 0 0 0 0 0 0 0 0 0 0 0 0 0 0 0 0 0 0 0 0 0 0 0 0 0 0 0
 0 0 0 0 0 0 0 0 0 0 0 0 0 0 0 0 0 0 0 0 0 0 0 0 0 0 0 0 0 0 0 0 0 0 0 0
 0 0 0 0 0 0 0 0 0 0 0 0 0 0 0 0 0 0 0 0 0 0 0 0 0 0 0 0 0 0 0 0 0 0 0 0
 0 0 0 0 0 0 0 0 0 0 0 0 0 0 0 0 0 0 0 0 0 0 0 0 0 0 0 0 0 0 0 0 0 0 0 0
 0 0 0 0 0 0 0 0 0 0 0 0 0 0 0 0 0 0 0 0 0 0 0 0 0 0 0 0 0 0 0 0 0 0 0 0
ppred_pel_tallas
 1.00848e-16 3.44915e-05 0.000202442 0.000962325 0.00370502 0.0115538 0.0291839 0.0597139 0.0989818 0.132928 0.144646 0.127575 0.0912935 0.0532209 0.0257193 0.0111419 0.00571311 0.00499068 0.00625077 0.00829505 0.0106315 0.0129631 0.0150186 0.0165478 0.0173652 0.0173905 0.0166639 0.0153298 0.0135963 0.0116842 0.00978303 0.00802489 0.0064798 0.00516678 0.00407267 0.00317019
 1.00837e-16 3.19617e-05 0.000187583 0.000891674 0.00343297 0.0107054 0.027041 0.05533 0.0917173 0.123179 0.134056 0.118279 0.0847362 0.0495905 0.0243239 0.0111501 0.00660288 0.00658677 0.00857534 0.0114215 0.0145936 0.017707 0.0203845 0.0222779 0.0231367 0.0228654 0.0215451 0.0194071 0.0167712 0.0139701 0.0112829 0.00889671 0.00689926 0.0052972 0.00404608 0.00308017
 1.01414e-16 2.61635e-05 0.000153534 0.000729779 0.0028096 0.0087614 0.0221308 0.0452841 0.0750691 0.100833 0.109771 0.0969332 0.0696217 0.0411033 0.0208292 0.0106757 0.00787041 0.00910841 0.0123292 0.0165412 0.0211862 0.0257628 0.0297394 0.032615 0.0340235 0.0338171 0.0320974 0.0291798 0.0255077 0.0215463 0.0176893 0.0142052 0.0112272 0.00877721 0.00680695 0.00523837
 1.02074e-16 2.88583e-05 0.000169363 0.000805054 0.00309946 0.00966534 0.024414 0.0499549 0.0828082 0.111216 0.121045 0.106817 0.0765635 0.0448867 0.022166 0.0104173 0.00653054 0.00682791 0.00904392 0.01215 0.0156609 0.0192098 0.0224232 0.0249438 0.0264975 0.0269506 0.0263337 0.0248202 0.0226729 0.0201763 0.0175784 0.0150575 0.0127166 0.0105985 0.00870955 0.00704157
 1.02197e-16 2.9076e-05 0.000170641 0.000811127 0.00312284 0.00973826 0.0245982 0.0503318 0.083433 0.112056 0.121959 0.107625 0.0771457 0.0452338 0.0223476 0.0105183 0.00661211 0.0069214 0.00915993 0.0122856 0.015802 0.0193319 0.022493 0.0249234 0.0263512 0.0266534 0.025878 0.0242206 0.0219658 0.0194149 0.0168245 0.0143706 0.0121448 0.0101721 0.00843838 0.00691653
 1.02937e-16 2.28672e-05 0.00013418 0.000637762 0.00245531 0.00765655 0.0193401 0.0395742 0.0656055 0.0881272 0.0959547 0.0847694 0.0609654 0.0361546 0.0186217 0.0100372 0.00801106 0.00968191 0.0132612 0.0178706 0.0229811 0.0280854 0.0326311 0.0360897 0.0380657 0.0383836 0.0371209 0.0345727 0.0311657 0.0273508 0.0235108 0.0199088 0.0166797 0.0138571 0.011414 0.00930172
 1.02621e-16 3.04219e-05 0.000178548 0.000848728 0.00326763 0.0101898 0.0257386 0.0526649 0.0872986 0.117242 0.127588 0.112556 0.0806019 0.0471021 0.0229772 0.010326 0.00584395 0.00563678 0.00731759 0.00983069 0.0127245 0.0156997 0.0184642 0.0207369 0.0222961 0.0230231 0.0229211 0.0220998 0.0207368 0.0190278 0.017145 0.0152146 0.0133143 0.0114849 0.00974878 0.00812277
 1.02121e-16 2.80536e-05 0.000164636 0.000782568 0.00301287 0.00939531 0.023732 0.0485597 0.0804969 0.108116 0.117682 0.103874 0.0745107 0.0437958 0.0218357 0.0106082 0.00710704 0.00776565 0.0103751 0.0139071 0.0178381 0.0217405 0.0251737 0.0277235 0.0290861 0.0291358 0.0279504 0.0257809 0.0229812 0.0199197 0.0169052 0.0141437 0.0117327 0.00968379 0.00795763 0.00649737
 1.01615e-16 3.16403e-05 0.0001857 0.000882724 0.00339852 0.010598 0.0267696 0.0547745 0.0907958 0.121939 0.132701 0.11707 0.0838419 0.0490098 0.0239333 0.0107955 0.00615809 0.00596541 0.00772446 0.0103205 0.0132616 0.0162114 0.0188433 0.0208511 0.022005 0.0222017 0.0214831 0.0200167 0.0180464 0.0158314 0.0135933 0.0114859 0.00959072 0.00793085 0.0064946 0.00525667
 1.01775e-16 2.71302e-05 0.000159212 0.000756778 0.00291356 0.00908561 0.0229497 0.0469594 0.077845 0.104558 0.113817 0.100482 0.0721199 0.0424761 0.0213364 0.0106287 0.00746049 0.00839304 0.0112903 0.015143 0.0194123 0.0236367 0.0273333 0.0300474 0.0314454 0.0313901 0.0299687 0.0274606 0.0242596 0.0207784 0.0173649 0.0142548 0.0115636 0.00930946 0.00745093 0.00592309
 1.0291e-16 2.20104e-05 0.000129149 0.000613843 0.00236321 0.00736934 0.0186146 0.0380899 0.0631455 0.0848247 0.092364 0.0816096 0.0587198 0.0348771 0.0180638 0.00989854 0.00809183 0.00989913 0.0136033 0.0183554 0.0236322 0.0289214 0.0336599 0.0373053 0.0394471 0.0398955 0.0387164 0.036197 0.0327605 0.0288592 0.0248824 0.0211031 0.0176705 0.0146337 0.0119815 0.00967934
 1.04051e-16 2.25149e-05 0.000132116 0.000627962 0.00241759 0.00753893 0.0190429 0.0389659 0.0645958 0.0867674 0.094465 0.0834315 0.0599559 0.0354615 0.0180928 0.00948068 0.00726043 0.00861242 0.0117888 0.0159592 0.0206594 0.0254634 0.0299047 0.033526 0.0359685 0.0370438 0.0367649 0.0353204 0.0330095 0.0301601 0.0270591 0.0239143 0.0208506 0.0179301 0.0151815 0.0126243
 1.02809e-16 2.93492e-05 0.000172247 0.000818767 0.00315227 0.00983003 0.0248299 0.0508058 0.0842181 0.113108 0.123098 0.108615 0.0778238 0.0455674 0.0223938 0.0103429 0.00624138 0.00634151 0.0083389 0.0111974 0.014446 0.0177451 0.0207558 0.0231548 0.024695 0.0252565 0.024867 0.0236811 0.0219308 0.0198635 0.0176896 0.0155542 0.013535 0.0116579 0.00992225 0.00832111
 1.00728e-16 3.5728e-05 0.000209702 0.000996844 0.00383793 0.0119683 0.0302308 0.061856 0.102532 0.137694 0.149828 0.132135 0.0945342 0.0550647 0.0265247 0.0113428 0.00559846 0.00468128 0.00576492 0.0076096 0.00971544 0.011793 0.013586 0.0148632 0.0154585 0.0153087 0.0144671 0.013086 0.0113761 0.00955575 0.00780726 0.0062518 0.00494503 0.00388943 0.00305464 0.00239741
 1.00254e-16 3.6773e-05 0.000215838 0.00102602 0.00395025 0.0123185 0.0311156 0.0636661 0.105532 0.141722 0.154208 0.135991 0.0972786 0.0566337 0.0272246 0.0115454 0.00555409 0.0044997 0.00546962 0.00718812 0.00914597 0.0110555 0.0126672 0.0137584 0.0141725 0.0138553 0.0128681 0.0113698 0.00957673 0.00771167 0.00596039 0.00444554 0.00322179 0.00228754 0.0016053 0.00112221
 1.00442e-16 3.23469e-05 0.000189845 0.000902423 0.00347435 0.0108344 0.027367 0.055997 0.092823 0.124664 0.135674 0.119708 0.0857642 0.0502005 0.0246382 0.0113187 0.00673394 0.00673787 0.00877019 0.0116639 0.0148721 0.0179954 0.0206419 0.022452 0.0231704 0.0227062 0.0211541 0.018767 0.0158905 0.012882 0.0100407 0.00756571 0.005548 0.00398902 0.00283285 0.00199875
 1.0125e-16 2.70471e-05 0.000158723 0.000754451 0.0029046 0.00905766 0.0228791 0.0468151 0.0776061 0.104238 0.113471 0.100185 0.0719217 0.0423903 0.0213506 0.0107296 0.00764885 0.00868308 0.0117017 0.0156913 0.0201006 0.0244494 0.0282328 0.0309751 0.0323278 0.0321482 0.0305298 0.0277684 0.0242824 0.0205114 0.0168294 0.0134933 0.0106328 0.00827293 0.00637216 0.00485973
 1.01805e-16 2.9899e-05 0.000175474 0.000834107 0.00321133 0.0100142 0.0252951 0.0517577 0.0857961 0.115228 0.125406 0.110654 0.0792898 0.0464361 0.0228396 0.0105796 0.00642411 0.00655417 0.0086189 0.0115562 0.0148758 0.0182191 0.0212263 0.0235556 0.0249475 0.025279 0.0245867 0.0230451 0.0209145 0.0184746 0.0159679 0.0135667 0.0113679 0.00940718 0.00768389 0.00618201
 1.01922e-16 2.8585e-05 0.000167756 0.000797407 0.00307001 0.0095735 0.024182 0.0494805 0.0820226 0.110164 0.119906 0.105827 0.0758883 0.044559 0.0221301 0.0106091 0.00692514 0.00743923 0.00990176 0.0132745 0.0170426 0.0207971 0.0241189 0.0266128 0.0279857 0.0281112 0.0270544 0.0250441 0.0224082 0.0194916 0.0165863 0.0138917 0.0115083 0.00945734 0.0077127 0.00623048
 1.0184e-16 3.02064e-05 0.000177279 0.000842687 0.00324436 0.0101172 0.0255553 0.0522901 0.0866786 0.116413 0.126695 0.11179 0.0801006 0.0469044 0.0230575 0.0106589 0.00644107 0.00654354 0.00858874 0.0115015 0.0147855 0.0180787 0.0210198 0.0232681 0.0245679 0.0248035 0.024021 0.0224057 0.0202281 0.0177752 0.0152925 0.0129504 0.0108388 0.00898379 0.00737276 0.00597868
 1.01721e-16 3.02681e-05 0.000177641 0.000844405 0.00325098 0.0101378 0.0256075 0.0523968 0.0868556 0.116651 0.126956 0.112023 0.0802739 0.0470188 0.0231376 0.0107353 0.0065394 0.00668153 0.00877737 0.0117447 0.0150783 0.0184051 0.0213529 0.023572 0.0248026 0.0249318 0.0240156 0.0222545 0.0199362 0.0173644 0.0147966 0.0124092 0.0102917 0.00846454 0.00690626 0.00557968
 1.01825e-16 2.92467e-05 0.000171643 0.000815886 0.00314116 0.00979539 0.0247425 0.0506271 0.0839228 0.112714 0.122677 0.108262 0.0776104 0.045522 0.0225189 0.0106466 0.00675466 0.00711398 0.00942245 0.0126257 0.0162144 0.0197961 0.022972 0.0253662 0.026699 0.0268479 0.0258715 0.0239838 0.0214931 0.0187248 0.0159559 0.0133768 0.0110854 0.00910548 0.00741575 0.00597775
 1.01954e-16 2.92506e-05 0.000171666 0.000815998 0.0031416 0.00979674 0.0247459 0.050634 0.0839341 0.112729 0.122692 0.108271 0.0776097 0.0455067 0.022484 0.0105849 0.00665648 0.00696849 0.00921992 0.0123608 0.0158897 0.0194245 0.0225778 0.0249833 0.0263664 0.0266037 0.025746 0.0239942 0.0216406 0.0189953 0.0163229 0.0138068 0.0115433 0.00955909 0.00783963 0.00635445
 1.02164e-16 2.80511e-05 0.000164622 0.000782506 0.00301264 0.00939458 0.0237301 0.0485558 0.08049 0.108106 0.117668 0.103855 0.0744816 0.0437484 0.0217566 0.0104791 0.00690649 0.0074715 0.00996944 0.0133827 0.0172049 0.0210308 0.0244426 0.027044 0.0285385 0.028793 0.0278637 0.0259691 0.0234263 0.0205712 0.0176899 0.0149798 0.0125434 0.0104083 0.00855688 0.00695522
 1.04431e-16 1.44624e-05 8.48251e-05 0.0004031 0.00155176 0.00483882 0.0122229 0.0250129 0.0414736 0.0557343 0.0607459 0.0538105 0.0390174 0.0237769 0.0134219 0.00912575 0.00949662 0.0128158 0.0179744 0.0243351 0.0313573 0.0384015 0.0447317 0.0496342 0.0525674 0.0532799 0.0518565 0.0486716 0.0442773 0.0392613 0.0341271 0.0292248 0.0247421 0.0207381 0.0171968 0.0140754
 1.06662e-16 2.18894e-05 0.000128453 0.000610566 0.00235065 0.0073302 0.0185156 0.0378861 0.0628034 0.0843524 0.0918163 0.0810461 0.0581417 0.0341886 0.0170782 0.00836601 0.00572815 0.00641649 0.00875738 0.0120132 0.0158492 0.020004 0.0241865 0.0280874 0.0314267 0.0339978 0.0356901 0.0364839 0.0364258 0.035596 0.0340842 0.0319798 0.0293765 0.026382 0.0231251 0.0197534
 1.04447e-16 2.85257e-05 0.000167415 0.000795796 0.00306383 0.00955424 0.0241333 0.0493803 0.0818549 0.109933 0.119641 0.105561 0.0756264 0.0442626 0.0217192 0.00997635 0.00594837 0.00599339 0.00787645 0.0106007 0.0137242 0.0169385 0.0199373 0.0224284 0.0241864 0.0250982 0.0251799 0.0245569 0.0234176 0.0219579 0.0203365 0.0186531 0.0169511 0.0152376 0.0135089 0.0117699
pSPR Fmed_Fpbrs
0.504404   0.6 0.325
Fs Fmed_Fpbrs
0.64   0.428807 1.42619
SSBpbr Bo_Bmed_Bpbrs
1.27895e+06  581159  703422 351711
Ro
44355.9
SPR SPRFo_SPRFmed_SPRFpbrs
916136 462103 297744
log_Ro
10.52
likeval ReclasPelacesDesembMPH_pf_preclas_ppelaces_ptallas_desvR_qrecl_qpela
 63.2461 0.000213563 0.0185875 55.5601 332.75 212.374 55.3361 0 16.1987 2.17186e-05 2.7923e-05 4.17534e-15 0 0 0
q_reclas_q_pelaces
0.516651 2.12078
M
0.7
N
 42858.6 11311.6 3692.33 429.62 0.291297
 51407.9 19195 3038.49 798.714 91.5482
 29838.2 23460.9 5766.49 764.651 221.164
 39988.9 13019.3 5395.32 1011.05 169.437
 63334.8 19363.1 5563.81 2186.88 476.637
 45125.7 31294.9 9334.66 2654.36 1269.73
 84466.8 21251.1 11334 3024.82 1261.17
 85412 40518.7 8589.5 4260.52 1602.55
 127347 39630.7 13434.3 2470.05 1668.45
 118331 58857.5 12837.3 3743.44 1140.39
 63771 55914.1 21748.6 4274.33 1613.73
 41548.1 28757.5 15645.3 4971.64 1326.11
 38868.6 18900.2 8475.04 3836.35 1523.58
 27297.7 16649.6 3894.78 1281.01 791.879
 18069.4 9739.64 1156.09 135.201 68.358
 15382.4 6537.16 734.517 44.8747 7.52326
 11484.4 6839.27 1681.46 149.838 10.5094
 15294.8 5247.77 2070.23 427.501 40.253
 17952.3 7175.65 1858.31 650.75 145.761
 26425.2 8530.81 2741.88 647.442 275.636
 41555.8 12567.5 3275.86 961.691 321.608
 59406.1 20219.1 5527.05 1380.33 539.036
 86484.8 28815.9 8731.66 2272.24 786.221
 111636 41880.7 12320.9 3541.68 1235.75
 41716.9 54108.6 18002.8 5033.7 1944.53
 57540.3 20283.7 23700.7 7544.49 2914.88
 96468.5 27959.7 8851.22 9881.72 4346.31
pred_Ctot
 3041.94 3867.43 1570.61 185.104 0.125592
 3008.83 5612.05 1120.18 298.531 34.2424
 2623.35 9461.77 2843.52 381.464 110.401
 717.579 1316.72 721.435 137.522 23.0676
 226.346 407.348 157.57 63.0828 13.7625
 1681.68 6203.57 2390.28 690.258 330.459
 2069.67 2877.48 2012.8 546.123 227.901
 4047.11 9910.58 2682.4 1350.09 508.214
 6371.21 10155.2 4382.07 817.379 552.538
 4135.38 11017.1 3112.47 921.907 281.08
 4238.1 18137 8819.31 1756.22 663.506
 2521.06 8661.91 5928.17 1909.55 509.713
 3873.51 8355.47 4528.84 2072.4 823.509
 5632.35 11427.5 2976.48 984.507 608.771
 3592.43 6566.36 871.794 102.557 51.8694
 1165.15 2352.46 327.218 20.2418 3.39579
 662.413 1975.51 613 55.3847 3.88743
 609.577 1103.99 560.892 117.6 11.082
 557.615 1207.71 406.99 144.813 32.464
 805.584 1411.62 590.795 141.755 60.4009
 604.501 1040.98 360.263 107.617 36.0225
 992.399 1910.8 691.648 175.729 68.6871
 1546.62 2904.92 1163.87 308.095 106.701
 1926.01 4080.86 1588.63 464.555 162.239
 626.803 4622.6 2040.81 580.607 224.496
 890.303 1782.08 2761.47 894.388 345.872
 2243.55 3606.8 1499.81 1702.5 749.476
F
 0.103258 0.614473 0.83101 0.846714 0.847557
 0.0844562 0.502586 0.679695 0.692539 0.693229
 0.12936 0.769803 1.04108 1.06075 1.06181
 0.0252311 0.150146 0.203057 0.206894 0.2071
 0.00498033 0.0296372 0.0400811 0.0408386 0.0408792
 0.0530428 0.31565 0.426883 0.43495 0.435383
 0.0345947 0.205868 0.278415 0.283676 0.283959
 0.0678816 0.403953 0.546304 0.556627 0.557181
 0.0717961 0.427247 0.577807 0.588726 0.589312
 0.0496688 0.295571 0.399729 0.407283 0.407688
 0.0963978 0.573648 0.775799 0.79046 0.791247
 0.0876808 0.521775 0.705646 0.718981 0.719696
 0.1478 0.879534 1.18948 1.21195 1.21316
 0.3306 1.96735 2.66063 2.71091 2.71361
 0.316719 1.88475 2.54892 2.59709 2.59967
 0.110546 0.657839 0.889658 0.906471 0.907373
 0.0831849 0.49502 0.669463 0.682114 0.682793
 0.0568211 0.338134 0.45729 0.465932 0.466396
 0.0440359 0.262051 0.354396 0.361093 0.361453
 0.0432044 0.257103 0.347705 0.354275 0.354628
 0.0204103 0.121459 0.16426 0.167364 0.167531
 0.0234706 0.13967 0.188889 0.192458 0.19265
 0.0251439 0.149628 0.202356 0.20618 0.206385
 0.0242478 0.144295 0.195143 0.198831 0.199029
 0.0210878 0.125491 0.169713 0.17292 0.173092
 0.021722 0.129264 0.174816 0.17812 0.178297
 0.0328098 0.195246 0.26405 0.26904 0.269308
Np
 35209.9 16594.8 16870.1 3725.15 1445.38
YTP_r0W_actual
 29042.7 118137 70274.2 101757 49707.6
YTP_p0W_proyectada
 10600.2 195878 90682.8 34757.7 59150.6
 10600.2 70117.4 133940 38359.5 16530.4
CTP_r0_actual
 3541.79 5469.32 2238.03 2537.57 1117.03
CTP_p0_proyectada
 1292.71 9068.4 2887.99 866.775 1329.23
 1292.71 3246.18 4265.6 956.596 371.47
Wmedp
 8.2 21.6 31.4 40.1 44.5
nmprior
 10.8 10.6 4.6 0
nm_flota  nm_reclas  nm_pelaces    nm_pelaL
inf 16.9682 17.2208 53.7617
cv_recla  cv_pelaces  cv_mph
0.688728 0.533621 0.597639
 ------------------------------------------------
Talla a la edad & desviaci?n 
 7.2 14.2025 17.0495 18.207 18.6776
 1.08 2.13037 2.55742 2.73105 2.80164
