years
 1997 1998 1999 2000 2001 2002 2003 2004 2005 2006 2007 2008 2009 2010 2011 2012 2013 2014 2015 2016 2017 2018 2019 2020 2021 2022 2023
reclasobs
 0 0 0 370054 412103 1.49427e+06 250295 1.28982e+06 931140 785840 897777 1.04006e+06 184774 17550 25797 100020 73551 82996 120727 218422 84188 347160 605670 569463 516374 1.08416e+06 1.01767e+06
reclaspred
 436261 118194 335887 224739 321376 381034 812302 573960 721576 734180 613478 412611 231839 93203.4 68763.6 70194.8 80048 111182 128339 175747 274528 285404 523447 669188 817348 725757 662934
pelacesobs
 0 0 0 0 0 0 0 0 0 2.06254e+06 1.5e+06 0 1.87456e+06 323000 250000 174000 83755 137374 0 501740 490994 745055 786931 1.00524e+06 1.33801e+06 1.41789e+06 0
pelacespred
 1.54878e+06 348313 603637 639280 805283 733661 1.9067e+06 1.55994e+06 1.83173e+06 1.8479e+06 1.32694e+06 925547 509035 162077 127959 139188 166068 240683 277360 376930 682855 667822 996170 1.4822e+06 1.75108e+06 1.7288e+06 1.49805e+06
mphobs
 0 0 0 0 0 0 112323 0 153150 637223 0 255016 313432 73983 77613 109348 50772 17779 17303 59886 28197 0 207744 136588 643089 65757 70829
mphpred
 156842 91626.8 108345 115526 122087 185461 263159 321153 296972 349653 341501 235611 136089 96949.8 45565.8 43892.6 46549.8 62793.3 27637.6 31747.5 49922.9 67306.7 91444.9 138008 178689 171065 146954
desembarqueobs
 350755 77701 442110 56441 14545 235359 269955 359681 431902 328805 639364 411747 362871 311530 167758 66681 60226 58785 57116 73181 50977 67692 138656 160484 209506 203330 245020
desembarquepred
 350769 77705.1 442160 56445.6 14545.4 235488 270025 359702 431915 328847 639569 411947 363274 311646 167620 66690.4 60263.7 58790.4 57107.4 73186.9 50978 67683.9 138660 160495 209538 203350 245019
Reclutas
 40768.3 48716.9 27370.2 36604.5 58915.3 41531.1 79853.2 81258.8 123712 117377 63935.8 42086.8 39292.5 27593.5 17649.5 14562.9 10700.1 14171.5 16516.2 23933.7 38003.6 54234 78732.3 101722 37761.4 52207.2 86574.2
log_desv_Rt
 -0.024341 0.153782 -0.42279 -0.132073 0.343856 -0.0058013 0.647945 0.665394 1.08571 1.03315 0.425635 0.00748915 -0.0612115 -0.414666 -0.861539 -1.05377 -1.36199 -1.08101 -0.9279 -0.556956 -0.094564 0.261064 0.633809 0.889994 -0.100957 0.222975 0.728757
SSB
 468876 273917 323897 345364 364979 554433 764711 948767 867044 1.02389e+06 1.02091e+06 704357 421546 192156 94377.1 90398.3 99920.6 128094 169143 204405 303909 399502 557407 804845 1.13633e+06 1.11878e+06 906628
BT
 1.68615e+06 412587 767433 586017 682251 769585 1.83449e+06 1.70569e+06 1.97363e+06 1.8516e+06 1.65771e+06 1.12987e+06 779589 428369 249668 171367 189422 250224 275319 373818 618922 601077 909534 1.35151e+06 1.54751e+06 1.55176e+06 1.4349e+06
Ftot
 0.904343 0.758928 1.20061 0.240658 0.0465961 0.491738 0.323744 0.630258 0.663586 0.447291 0.85136 0.771227 1.30491 2.97036 2.85399 1.00157 0.764505 0.531749 0.412973 0.407429 0.19262 0.219503 0.234622 0.226688 0.196724 0.203599 0.311973
BD_Bspro_t
 0.916148 0.663227 0.602469 0.438742 0.579677 0.729493 0.671706 0.691644 0.638779 0.630796 0.599942 0.437205 0.321381 0.199414 0.122954 0.141125 0.204373 0.316469 0.438205 0.545515 0.665677 0.775075 0.800618 0.80869 0.817671 0.769585 0.72878
BD_Bspro
 0.543446 0.31748 0.375409 0.40029 0.423024 0.642609 0.886329 1.09966 1.00494 1.18672 1.18328 0.816376 0.488587 0.222716 0.109387 0.104775 0.115812 0.148466 0.196043 0.236913 0.352242 0.463038 0.646056 0.932846 1.31705 1.2967 1.05082
BD_Bo
 0.406237 0.237323 0.280626 0.299225 0.316219 0.480363 0.662549 0.822016 0.75121 0.887099 0.884523 0.610258 0.365229 0.166485 0.0817687 0.0783215 0.0865716 0.110981 0.146546 0.177097 0.263308 0.34613 0.48294 0.697321 0.984525 0.969312 0.785507
BD_Brms
 0.738612 0.431496 0.510228 0.544046 0.574944 0.873388 1.20463 1.49458 1.36584 1.61291 1.60822 1.10956 0.664053 0.302699 0.14867 0.142403 0.157403 0.201784 0.266448 0.321995 0.478741 0.629327 0.878072 1.26786 1.79004 1.76239 1.42819
S_f
 0.115273 0.712276 0.979182 0.998882 0.999941
 0.115273 0.712276 0.979182 0.998882 0.999941
 0.115273 0.712276 0.979182 0.998882 0.999941
 0.115273 0.712276 0.979182 0.998882 0.999941
 0.115273 0.712276 0.979182 0.998882 0.999941
 0.115273 0.712276 0.979182 0.998882 0.999941
 0.115273 0.712276 0.979182 0.998882 0.999941
 0.115273 0.712276 0.979182 0.998882 0.999941
 0.115273 0.712276 0.979182 0.998882 0.999941
 0.115273 0.712276 0.979182 0.998882 0.999941
 0.115273 0.712276 0.979182 0.998882 0.999941
 0.115273 0.712276 0.979182 0.998882 0.999941
 0.115273 0.712276 0.979182 0.998882 0.999941
 0.115273 0.712276 0.979182 0.998882 0.999941
 0.115273 0.712276 0.979182 0.998882 0.999941
 0.115273 0.712276 0.979182 0.998882 0.999941
 0.115273 0.712276 0.979182 0.998882 0.999941
 0.115273 0.712276 0.979182 0.998882 0.999941
 0.115273 0.712276 0.979182 0.998882 0.999941
 0.115273 0.712276 0.979182 0.998882 0.999941
 0.115273 0.712276 0.979182 0.998882 0.999941
 0.115273 0.712276 0.979182 0.998882 0.999941
 0.115273 0.712276 0.979182 0.998882 0.999941
 0.115273 0.712276 0.979182 0.998882 0.999941
 0.115273 0.712276 0.979182 0.998882 0.999941
 0.115273 0.712276 0.979182 0.998882 0.999941
 0.115273 0.712276 0.979182 0.998882 0.999941
Scru_reclas
 0.711285 0.996836 0.999975 1 1
 0.711285 0.996836 0.999975 1 1
 0.711285 0.996836 0.999975 1 1
 0.711285 0.996836 0.999975 1 1
 0.711285 0.996836 0.999975 1 1
 0.711285 0.996836 0.999975 1 1
 0.711285 0.996836 0.999975 1 1
 0.711285 0.996836 0.999975 1 1
 0.711285 0.996836 0.999975 1 1
 0.711285 0.996836 0.999975 1 1
 0.711285 0.996836 0.999975 1 1
 0.711285 0.996836 0.999975 1 1
 0.711285 0.996836 0.999975 1 1
 0.711285 0.996836 0.999975 1 1
 0.711285 0.996836 0.999975 1 1
 0.711285 0.996836 0.999975 1 1
 0.711285 0.996836 0.999975 1 1
 0.711285 0.996836 0.999975 1 1
 0.711285 0.996836 0.999975 1 1
 0.711285 0.996836 0.999975 1 1
 0.711285 0.996836 0.999975 1 1
 0.711285 0.996836 0.999975 1 1
 0.711285 0.996836 0.999975 1 1
 0.711285 0.996836 0.999975 1 1
 0.711285 0.996836 0.999975 1 1
 0.711285 0.996836 0.999975 1 1
 0.711285 0.996836 0.999975 1 1
Scru_pelaces
 0.812132 1 1 1 1
 0.812132 1 1 1 1
 0.812132 1 1 1 1
 0.812132 1 1 1 1
 0.812132 1 1 1 1
 0.812132 1 1 1 1
 0.812132 1 1 1 1
 0.812132 1 1 1 1
 0.812132 1 1 1 1
 0.812132 1 1 1 1
 0.812132 1 1 1 1
 0.812132 1 1 1 1
 0.812132 1 1 1 1
 0.812132 1 1 1 1
 0.812132 1 1 1 1
 0.812132 1 1 1 1
 0.812132 1 1 1 1
 0.812132 1 1 1 1
 0.812132 1 1 1 1
 0.812132 1 1 1 1
 0.812132 1 1 1 1
 0.812132 1 1 1 1
 0.812132 1 1 1 1
 0.812132 1 1 1 1
 0.812132 1 1 1 1
 0.812132 1 1 1 1
 0.812132 1 1 1 1
pf_obs 
 0.256992 0.487395 0.22802 0.0275931 0
 0.321318 0.546541 0.124235 0.00734118 0.000564706
 0.182869 0.594174 0.210203 0.0122559 0.00049798
 0.330522 0.361315 0.267642 0.0388342 0.00168674
 0.649043 0.306663 0.0425973 0.00169635 0
 0.582887 0.30429 0.105238 0.00758474 0
 0.465427 0.430635 0.0974691 0.00646863 0
 0.296916 0.608066 0.0921331 0.00288517 0
 0.311714 0.524322 0.152257 0.0117073 0
 0.15457 0.633149 0.183074 0.0267441 0.00246327
 0.131901 0.49318 0.331252 0.0422183 0.00144891
 0.196976 0.569456 0.194076 0.0375587 0.00193317
 0.518974 0.381816 0.0799577 0.0180837 0.00116848
 0.0928022 0.601141 0.25162 0.0475244 0.00691264
 0.122501 0.610282 0.24278 0.0234846 0.000952079
 0.383417 0.481906 0.127806 0.00687128 0
 0.0376549 0.599619 0.316969 0.0457579 0
 0.0361596 0.667082 0.258105 0.0386534 0
 0.158088 0.579412 0.248529 0.0139706 0
 0.0477256 0.309471 0.559284 0.082774 0.000745712
 0.0406174 0.521527 0.379366 0.0568643 0.0016247
 0.151134 0.462217 0.34131 0.0453401 0
 0.294876 0.26143 0.354403 0.0886775 0.000613685
 0.281977 0.475581 0.204845 0.0348837 0.00271318
 0.0841818 0.532909 0.334909 0.0458182 0.00218182
 0.115287 0.27431 0.454777 0.147771 0.00785563
 0 0 0 0 0
pf_pred 
 0.340035 0.453136 0.184963 0.0218502 1.43871e-05
 0.293455 0.562051 0.112081 0.029078 0.00333457
 0.166043 0.622543 0.181287 0.0235186 0.00660897
 0.245542 0.460887 0.243808 0.0428796 0.00688284
 0.259658 0.47561 0.182109 0.0688693 0.0137537
 0.145694 0.55667 0.211679 0.0594929 0.0264637
 0.270458 0.37521 0.259863 0.0676727 0.026796
 0.220136 0.545751 0.141099 0.0686355 0.024379
 0.291646 0.462805 0.19135 0.0330161 0.0211837
 0.215653 0.576411 0.153972 0.0423072 0.0116572
 0.12721 0.551449 0.257815 0.0473389 0.0161864
 0.130731 0.456006 0.30128 0.0903739 0.0216089
 0.198806 0.437948 0.229404 0.098337 0.0355053
 0.265842 0.53726 0.133177 0.0407881 0.0229324
 0.321282 0.599519 0.0690369 0.00701653 0.00314631
 0.296618 0.621548 0.0775242 0.00378587 0.000523681
 0.196751 0.605248 0.182983 0.0142514 0.000767358
 0.252058 0.467305 0.231351 0.0456456 0.00364134
 0.23492 0.523424 0.171818 0.057827 0.0120102
 0.262749 0.477985 0.196724 0.0447749 0.0177664
 0.278991 0.489255 0.168561 0.048226 0.0149673
 0.254142 0.504844 0.18003 0.0446124 0.0163708
 0.251407 0.487534 0.194815 0.0497532 0.0164904
 0.229978 0.50125 0.194693 0.0555872 0.0184916
 0.0752287 0.575571 0.252786 0.0702588 0.0261558
 0.130733 0.269023 0.418699 0.132197 0.0493489
 0.224667 0.3747 0.154651 0.172701 0.0732805
pobs_RECLAS
 0 0 0 0 0
 0 0 0 0 0
 0 0 0 0 0
 0 0 0 0 0
 0.835266 0.146461 0.0176864 0.000547809 3.91292e-05
 0.385257 0.428462 0.181853 0.0044286 0
 0.867414 0.0963971 0.0333333 0.00285562 0
 0.441836 0.489002 0.0689373 0.000224442 0
 0.779404 0.147425 0.0564933 0.0165055 0.000172143
 0.814271 0.122319 0.05973 0.00367925 0
 0.40263 0.566651 0.0304383 0.000280538 0
 0.475488 0.404961 0.113038 0.00651328 0
 0.955842 0.0263864 0.0167828 0.000988607 0
 0.975058 0.0227948 0.00214734 0 0
 0.738997 0.206755 0.0527124 0.00153531 0
 0.850938 0.134255 0.0134407 0.00136685 0
 0.542534 0.407297 0.0501686 0 0
 0.764087 0.199537 0.0359546 0.000420521 0
 0.470689 0.182191 0.310203 0.0369168 0
 0.84361 0.089868 0.0606195 0.00523954 0.000663233
 0.607945 0.314616 0.071237 0.00620181 0
 0.523733 0.453247 0.0230204 0 0
 0.530135 0.295979 0.169645 0.0042399 0
 0.562478 0.366248 0.0663022 0.0049721 0
 0.250443 0.683176 0.0655157 0.000865301 0
 0.195077 0.31981 0.436473 0.0351445 0.0134964
 0.565238 0.351407 0.0832357 0.000118908 0
ppred_RECLAS
 0.723921 0.208681 0.0604132 0.0069803 4.59071e-06
 0.668998 0.279886 0.0398415 0.0101151 0.00115863
 0.50489 0.400438 0.081453 0.0103225 0.00289711
 0.618766 0.26094 0.100247 0.0172773 0.00277028
 0.632095 0.262165 0.0731939 0.0271334 0.00541297
 0.460233 0.390235 0.106995 0.0294513 0.013086
 0.657099 0.204032 0.102405 0.0261287 0.0103348
 0.583957 0.31876 0.0591318 0.0281597 0.00999089
 0.67538 0.235506 0.0697759 0.0117853 0.00755307
 0.571887 0.340021 0.0655835 0.017651 0.00485816
 0.429304 0.404035 0.134298 0.0241235 0.00823878
 0.444306 0.338262 0.15945 0.0468037 0.0111781
 0.579472 0.267712 0.0973679 0.0407523 0.0146952
 0.699941 0.245891 0.0370546 0.0109622 0.0061519
 0.737338 0.243012 0.0172034 0.00169042 0.000756637
 0.670279 0.301713 0.0265649 0.00126836 0.000175235
 0.546961 0.367401 0.0792709 0.00604162 0.000324932
 0.629961 0.258615 0.0921924 0.0178127 0.00141941
 0.601972 0.29888 0.0709173 0.0233805 0.00485061
 0.639506 0.259314 0.0771583 0.017203 0.00681857
 0.65358 0.258042 0.0646363 0.0181234 0.00561869
 0.624659 0.279043 0.072303 0.0175584 0.00643623
 0.623276 0.271624 0.0788366 0.0197302 0.0065324
 0.595315 0.291694 0.082309 0.0230295 0.00765269
 0.287557 0.495235 0.158121 0.0430699 0.0160167
 0.452596 0.209585 0.237099 0.0733635 0.027357
 0.602652 0.225085 0.067345 0.0736861 0.0312326
pobs_PELACES
 0 0 0 0 0
 0 0 0 0 0
 0 0 0 0 0
 0 0 0 0 0
 0 0 0 0 0
 0 0 0 0 0
 0 0 0 0 0
 0 0 0 0 0
 0 0 0 0 0
 0 0 0 0 0
 0.450072 0.473896 0.0757376 0.000293798 0
 0 0 0 0 0
 0.463077 0.371075 0.160297 0.00555027 0
 0.529543 0.364841 0.0842815 0.0213345 0
 0.631943 0.363953 0.00410389 0 0
 0.735681 0.248677 0.0153453 0.000297389 0
 0.695825 0.281241 0.0229344 0 0
 0.275771 0.60734 0.115278 0.00161068 0
 0 0 0 0 0
 0.896147 0.0623911 0.0374545 0.00400742 0
 0.803859 0.145111 0.0509908 3.86294e-05 0
 0.739449 0.233085 0.0266225 0.000797448 4.60066e-05
 0.878498 0.100942 0.0204185 0.000141795 0
 0.694673 0.275183 0.0284847 0.00165964 0
 0.469039 0.446079 0.0841089 0.000773354 0
 0.822795 0.102175 0.0682046 0.00682512 0
 0 0 0 0 0
ppred_PELACES
 0.784369 0.166237 0.0443016 0.0050886 3.34554e-06
 0.729729 0.230982 0.0306574 0.0077449 0.0008869
 0.60004 0.330056 0.0602099 0.00757085 0.00212394
 0.661244 0.233657 0.0876071 0.0150748 0.00241693
 0.664168 0.239815 0.0664704 0.0246329 0.00491406
 0.519939 0.351577 0.0920198 0.0252478 0.0112164
 0.701933 0.179663 0.0873636 0.0222435 0.00879705
 0.64712 0.274117 0.0479533 0.0227424 0.00806707
 0.732934 0.197031 0.0548895 0.0092308 0.00591456
 0.626177 0.299513 0.0553643 0.014857 0.00408851
 0.508737 0.355711 0.10935 0.0195331 0.00666907
 0.521331 0.299565 0.131521 0.0384117 0.00917136
 0.679064 0.213153 0.0688901 0.0285889 0.0103044
 0.832775 0.143171 0.0165565 0.00480426 0.00269331
 0.850808 0.14041 0.0077063 0.00074329 0.000332367
 0.739555 0.240108 0.0192949 0.00091525 0.000126405
 0.61809 0.313775 0.0630931 0.00478467 0.000257262
 0.685937 0.222803 0.0755538 0.0145472 0.00115898
 0.653476 0.262791 0.059938 0.0197073 0.00408796
 0.688665 0.226425 0.0647932 0.0144076 0.00570975
 0.691546 0.230954 0.0566994 0.0158777 0.00492213
 0.665488 0.250139 0.0633729 0.0153674 0.00563268
 0.665035 0.243137 0.0689082 0.0172188 0.00570042
 0.637972 0.262652 0.0724208 0.0202325 0.00672272
 0.324582 0.472468 0.147795 0.0402048 0.0149502
 0.498137 0.194703 0.215669 0.0666427 0.0248491
 0.650471 0.200728 0.0582464 0.0636 0.0269545
pobs_pel_tallas
 0 0 0 0 0 0 0 0 0 0 0 0 0 0 0 0 0 0 0 0 0 0 0 0 0 0 0 0 0 0 0 0 0 0 0 0
 0 0 0 0 0 0 0 0 0 0 0 0 0 0 0 0 0 0 0 0 0 0 0 0 0 0 0 0 0 0 0 0 0 0 0 0
 0 0 0 0 0 0 0 0 0 0 0 0 0 0 0 0 0 0 0 0 0 0 0 0 0 0 0 0 0 0 0 0 0 0 0 0
 0 0 0 0 0 0 0 0 0 0 0 0 0 0 0 0 0 0 0 0 0 0 0 0 0 0 0 0 0 0 0 0 0 0 0 0
 0 0 0 0 0 0 0 0 0 0 0 0 0 0 0 0 0 0 0 0 0 0 0 0 0 0 0 0 0 0 0 0 0 0 0 0
 0 0 0 0 0 0 0 0 0 0 0 0 0 0 0 0 0 0 0 0 0 0 0 0 0 0 0 0 0 0 0 0 0 0 0 0
 0 0 0 0 0 0 0 0 0 0 0 0 0 0 0 0 0 0 0 0 0 0 0 0 0 0 0 0 0 0 0 0 0 0 0 0
 0 0 0 0 0 0 0 0 0 0 0 0 0 0 0 0 0 0 0 0 0 0 0 0 0 0 0 0 0 0 0 0 0 0 0 0
 0 0 0 0 0 0 0 0 0 0 0 0 0 0 0 0 0 0 0 0 0 0 0 0 0 0 0 0 0 0 0 0 0 0 0 0
 0 0 0 0 0 0 0 0 0 0 0 0 0 0 0 0 0 0 0 0 0 0 0 0 0 0 0 0 0 0 0 0 0 0 0 0
 0 0 0 0 0 0 0 0 1.78061e-05 0.00172719 0.00360574 0.0105946 0.0120993 0.0124554 0.0147524 0.0171206 0.0266825 0.0428682 0.0675386 0.121331 0.153587 0.119568 0.100827 0.0573624 0.0630603 0.0341343 0.0324427 0.0444173 0.0211091 0.0280891 0.0125444 0.00206551 0 0 0 0
 0 0 0 0 0 0 0 0 0 0 0 0 0 0 0 0 0 0 0 0 0 0 0 0 0 0 0 0 0 0 0 0 0 0 0 0
 0 0 0 0 0 0 0.0133647 0.0140871 0.0187388 0.0205184 0.03894 0.0496705 0.03968 0.0493445 0.0407372 0.0367815 0.0215668 0.0243155 0.0234873 0.0199281 0.019796 0.0243948 0.0301388 0.0376714 0.0412746 0.0863199 0.0771752 0.113111 0.0741005 0.0525337 0.0229764 0.00759418 0.00175318 0 0 0
 0 0 0 0 0 0 0 0 0 0 0.00219441 0.00772107 0.0458388 0.0604681 0.0671733 0.0775358 0.0609151 0.0617685 0.073594 0.0568108 0.0755445 0.0548602 0.0670107 0.0636378 0.0643287 0.046367 0.0373049 0.0286899 0.0247887 0.0153202 0.00654259 0.00121912 0.000365735 0 0 0
 0 0 0 0 0 0 0 0 0 0 0 0 0.000112435 0.00938835 0.0111873 0.0202946 0.0414886 0.0713402 0.111592 0.104902 0.108894 0.110636 0.117776 0.105296 0.107544 0.0401394 0.0192827 0.0124803 0.00416011 0.0028671 0.000618394 0 0 0 0 0
 0 0 0 0 0 0 0 0 0 0 0.00291406 0.0102884 0.027416 0.0768956 0.0749926 0.110853 0.0956884 0.0897413 0.0766577 0.0534642 0.0500743 0.0551293 0.0594112 0.0620874 0.0668451 0.0424026 0.0208742 0.0120726 0.0048766 0.00582813 0.00118941 0.000297354 0 0 0 0
 0 0.00264628 0.0354308 0.0461629 0.0458689 0.0383711 0.0214643 0.0164657 0.0346957 0.0420465 0.0363128 0.0245516 0.0311673 0.0291091 0.0169068 0.0133784 0.00837989 0.0085269 0.0148486 0.0160247 0.0276389 0.0546898 0.0760071 0.122758 0.109233 0.0665981 0.0333725 0.0166128 0.00676272 0.00308733 0.000882094 0 0 0 0 0
 0 0 0 0 0 0 0 0.000805153 0.000690131 0.00759144 0.0133425 0.0154129 0.00931677 0.000345066 0.00356568 0.00563607 0.00851162 0.0253048 0.0502646 0.0516448 0.0657925 0.0565908 0.0611916 0.0827007 0.0866115 0.110766 0.145733 0.0935128 0.0569358 0.0249597 0.0138026 0.00621118 0.00161031 0.00115022 0 0
 0 0 0 0 0 0 0 0 0 0 0 0 0 0 0 0 0 0 0 0 0 0 0 0 0 0 0 0 0 0 0 0 0 0 0 0
 0.00147267 0.00158595 0.00478618 0.00569244 0.00954404 0.0108468 0.00647125 0.017049 0.0510054 0.094081 0.124002 0.0959785 0.0687766 0.0820023 0.061753 0.0591476 0.0492212 0.0479892 0.0443925 0.0268479 0.0217502 0.0140895 0.0121071 0.0120363 0.00920419 0.00665534 0.0049561 0.00860946 0.00930331 0.0156896 0.0114698 0.00855282 0.00243557 0.00046729 0 2.83206e-05
 0 0 0 0 0.000772559 0.00158375 0.000888443 0.00281984 0.00712685 0.0440552 0.0773331 0.111326 0.0921469 0.0852325 0.0710754 0.0886704 0.0786465 0.0553345 0.0373146 0.0185414 0.00753245 0.00457741 0.012979 0.0271748 0.0457355 0.0583668 0.034881 0.0177882 0.00938659 0.00492506 0.0015258 0.00185414 0.000309023 5.79419e-05 3.86279e-05 0
 0 0.00173294 0.00326652 0 0.00397197 0.00683976 0.00946217 0.0152591 0.00757587 0.0136028 0.0228656 0.0392903 0.0559909 0.0764795 0.0681675 0.0726916 0.0566044 0.0477403 0.0527397 0.0444891 0.0609904 0.0582453 0.0661739 0.0445044 0.0529084 0.0360697 0.0280645 0.0235558 0.0158879 0.00826598 0.00280645 0.00217768 0.000904811 0.00058276 9.20147e-05 0
 0 0 0 0 0 0 0 0 0 0 0 0 0 0 0 0 0 0 0 0 0 0 0 0 0 0 0 0 0 0 0 0 0 0 0 0
 0 0 0 0 0 0 0 0 0 0 0 0 0 0 0 0 0 0 0 0 0 0 0 0 0 0 0 0 0 0 0 0 0 0 0 0
 0 0 0 0 0 0 0 0 0 0 0 0 0 0 0 0 0 0 0 0 0 0 0 0 0 0 0 0 0 0 0 0 0 0 0 0
 0 0 0 0 0 0 0 0 0 0 0 0 0 0 0 0 0 0 0 0 0 0 0 0 0 0 0 0 0 0 0 0 0 0 0 0
 0 0 0 0 0 0 0 0 0 0 0 0 0 0 0 0 0 0 0 0 0 0 0 0 0 0 0 0 0 0 0 0 0 0 0 0
ppred_pel_tallas
 1.00859e-16 3.42216e-05 0.000200857 0.00095479 0.00367601 0.0114633 0.0289554 0.0592464 0.098207 0.131888 0.143516 0.126582 0.0905918 0.0528292 0.0255625 0.0111294 0.00578716 0.00513025 0.00645629 0.00857347 0.0109873 0.0133938 0.0155126 0.017085 0.0179196 0.0179338 0.01717 0.0157788 0.0139766 0.0119926 0.0100235 0.00820628 0.00661302 0.0052628 0.0041411 0.00321869
 1.00819e-16 3.18417e-05 0.000186879 0.000888322 0.00342007 0.0106651 0.0269394 0.055122 0.0913727 0.122716 0.133554 0.117838 0.0844259 0.0494196 0.02426 0.0111544 0.00665128 0.00667171 0.00869859 0.011587 0.014803 0.0179572 0.0206666 0.0225777 0.0234363 0.0231463 0.0217908 0.0196058 0.0169174 0.0140644 0.0113311 0.00890784 0.00688375 0.00526504 0.00400572 0.00303801
 1.01322e-16 2.61907e-05 0.000153693 0.000730534 0.00281251 0.00877047 0.0221537 0.045331 0.0751469 0.100938 0.109886 0.0970365 0.0697 0.0411575 0.0208714 0.010721 0.00793204 0.00919639 0.0124504 0.0166985 0.0213773 0.0259787 0.029964 0.0328264 0.0341969 0.0339286 0.0321285 0.0291207 0.0253592 0.021319 0.0174017 0.0138805 0.0108891 0.00844693 0.00650136 0.0049687
 1.01951e-16 2.88557e-05 0.000169347 0.000804976 0.00309916 0.00966441 0.0244116 0.0499501 0.0828004 0.111206 0.121035 0.106811 0.0765652 0.0448994 0.0221941 0.0104665 0.00660883 0.00694402 0.00920581 0.0123622 0.0159217 0.0195094 0.0227428 0.0252565 0.0267722 0.0271567 0.0264461 0.0248239 0.0225651 0.0199667 0.0172864 0.0147089 0.012339 0.0102176 0.00834694 0.00671273
 1.02098e-16 2.89833e-05 0.000170096 0.000808536 0.00311287 0.00970715 0.0245196 0.050171 0.0831667 0.111699 0.121572 0.107286 0.0769098 0.0451092 0.0223115 0.0105439 0.00668452 0.00703906 0.00932805 0.0125096 0.0160831 0.0196638 0.022861 0.0253049 0.0267186 0.026978 0.0261348 0.0243918 0.0220436 0.0194016 0.0167309 0.0142138 0.0119447 0.00994834 0.00820877 0.00669527
 1.02813e-16 2.26988e-05 0.000133191 0.000633059 0.0024372 0.00760007 0.0191974 0.0392824 0.065122 0.0874786 0.095251 0.0841534 0.0605349 0.0359243 0.018549 0.0100714 0.00812317 0.00986666 0.0135258 0.0182235 0.0234241 0.0286091 0.0332127 0.0366946 0.0386514 0.0389062 0.0375423 0.0348665 0.0313205 0.0273707 0.0234131 0.0197193 0.0164279 0.0135718 0.0111205 0.0090196
 1.02475e-16 3.06277e-05 0.000179756 0.00085447 0.00328974 0.0102587 0.0259128 0.0530212 0.0878892 0.118035 0.128451 0.113316 0.081145 0.0474165 0.023125 0.0103825 0.00586144 0.0056399 0.00731377 0.00981912 0.0127005 0.0156563 0.0183927 0.0206275 0.0221393 0.0228112 0.0226496 0.0217686 0.0203508 0.0185967 0.0166829 0.0147381 0.0128406 0.0110306 0.00932755 0.00774502
 1.01929e-16 2.82413e-05 0.000165737 0.000787805 0.00303303 0.00945818 0.0238908 0.0488847 0.0810355 0.10884 0.118469 0.10457 0.0750096 0.0440893 0.0219824 0.0106798 0.00715442 0.00781505 0.0104366 0.0139819 0.0179214 0.0218221 0.0252381 0.0277513 0.0290561 0.0290285 0.0277513 0.0254834 0.022588 0.0194431 0.016365 0.013565 0.0111424 0.00910736 0.00741679 0.00600843
 1.01437e-16 3.19801e-05 0.000187694 0.000892207 0.00343503 0.0107118 0.0270572 0.055363 0.0917711 0.123249 0.134126 0.118325 0.0847359 0.0495235 0.0241674 0.0108722 0.00616072 0.00593157 0.00766347 0.0102292 0.0131324 0.0160355 0.0186121 0.0205572 0.0216432 0.0217698 0.0209831 0.019455 0.0174341 0.0151835 0.0129281 0.0108235 0.0089508 0.00733144 0.00595012 0.00477702
 1.01586e-16 2.73291e-05 0.00016038 0.000762329 0.00293494 0.00915227 0.0231181 0.0473039 0.0784161 0.105325 0.114651 0.101219 0.0726489 0.0427874 0.0214922 0.0107048 0.00751098 0.00844571 0.0113557 0.0152222 0.0194999 0.0237216 0.0273988 0.0300725 0.0314076 0.0312688 0.029749 0.0271363 0.023835 0.0202675 0.0167901 0.0136435 0.0109447 0.00870987 0.00689299 0.00542305
 1.02651e-16 2.22106e-05 0.000130324 0.000619429 0.00238471 0.0074364 0.018784 0.0384366 0.0637202 0.0855968 0.0932051 0.0823536 0.0592568 0.0351993 0.0182365 0.0100017 0.00818439 0.0100139 0.0137552 0.0185478 0.0238589 0.0291658 0.033895 0.0374958 0.0395537 0.0398812 0.0385529 0.0358702 0.0322732 0.0282309 0.0241459 0.0202998 0.0168441 0.0138249 0.0112243 0.00899829
 1.03713e-16 2.27575e-05 0.00013354 0.000634728 0.00244364 0.00762017 0.0192481 0.0393858 0.065292 0.0877028 0.0954838 0.0843325 0.060606 0.0358512 0.0183007 0.00960359 0.00736942 0.00874704 0.0119671 0.0161856 0.020927 0.0257533 0.0301856 0.0337567 0.0361027 0.0370372 0.0365829 0.0349442 0.0324402 0.0294179 0.0261807 0.022947 0.0198458 0.0169368 0.0142417 0.0117698
 1.02512e-16 2.96318e-05 0.000173906 0.000826652 0.00318263 0.0099247 0.0250691 0.0512951 0.0850292 0.114197 0.124284 0.109662 0.0785743 0.046008 0.0226124 0.0104466 0.00630637 0.00640665 0.00841884 0.0112939 0.0145522 0.017847 0.0208319 0.0231784 0.0246368 0.0250893 0.0245701 0.0232445 0.0213575 0.0191694 0.0169018 0.0147073 0.0126665 0.0108045 0.00911594 0.00758657
 1.00573e-16 3.63313e-05 0.000213245 0.00101369 0.00390279 0.0121705 0.0307417 0.0629013 0.104264 0.140019 0.152356 0.134358 0.0961111 0.0559558 0.0269024 0.0114156 0.00550346 0.00447374 0.00545122 0.00717847 0.00915563 0.0111016 0.012772 0.0139475 0.0144715 0.0142856 0.013443 0.0120911 0.0104329 0.00867851 0.0070034 0.00552397 0.00429332 0.00331288 0.00255185 0.00196647
 1.00197e-16 3.71176e-05 0.000217861 0.00103564 0.00398729 0.012434 0.0314073 0.0642631 0.106521 0.14305 0.155652 0.13726 0.0981781 0.0571406 0.0274369 0.0115812 0.00549073 0.00436759 0.00527131 0.00691642 0.00879432 0.0106231 0.0121609 0.013193 0.013569 0.0132377 0.01226 0.0107914 0.0090424 0.00722998 0.00553458 0.00407507 0.00290384 0.00201828 0.00138056 0.000937778
 1.0039e-16 3.22705e-05 0.000189395 0.000900286 0.00346612 0.0108088 0.0273022 0.0558644 0.0926034 0.12437 0.135354 0.119429 0.0855704 0.0500993 0.0246114 0.0113445 0.00680085 0.00684523 0.00892264 0.0118657 0.0151234 0.018289 0.0209629 0.0227789 0.0234775 0.0229678 0.021349 0.0188821 0.0159224 0.0128372 0.0099334 0.00741452 0.00537265 0.00380745 0.00265935 0.00184308
 1.01175e-16 2.69771e-05 0.000158312 0.000752495 0.00289707 0.00903416 0.0228198 0.0466937 0.0774051 0.103968 0.113179 0.0999299 0.0717459 0.0423007 0.0213313 0.0107621 0.0077241 0.0088021 0.0118702 0.0159142 0.0203776 0.0247725 0.0285851 0.0313322 0.0326606 0.0324275 0.0307315 0.0278774 0.0242946 0.020434 0.0166784 0.01329 0.0104002 0.00803224 0.00614067 0.00464968
 1.017e-16 2.99319e-05 0.000175667 0.000835023 0.00321485 0.0100252 0.0253229 0.0518146 0.0858904 0.115355 0.125545 0.110778 0.0793827 0.046498 0.0228841 0.0106234 0.00648148 0.00663537 0.00873066 0.0117014 0.0150525 0.0184191 0.0214349 0.0237525 0.0251094 0.0253834 0.0246156 0.0229884 0.0207716 0.0182543 0.0156865 0.0132452 0.0110284 0.00907055 0.00736698 0.00589696
 1.01805e-16 2.8518e-05 0.000167363 0.000795535 0.0030628 0.00955102 0.0241252 0.0493643 0.0818303 0.109906 0.119627 0.105584 0.0757214 0.0444757 0.0221161 0.0106476 0.00700874 0.00757048 0.0100876 0.0135206 0.0173489 0.0211552 0.0245104 0.0270106 0.0283574 0.028424 0.0272802 0.0251646 0.022417 0.0193946 0.0163997 0.0136383 0.0112135 0.00914582 0.00740559 0.00594393
 1.01756e-16 3.0051e-05 0.000176366 0.000838344 0.00322764 0.0100651 0.0254236 0.0520207 0.0862321 0.115814 0.126045 0.11122 0.0797013 0.0466884 0.0229845 0.0106807 0.00652939 0.00669161 0.00880164 0.0117861 0.0151438 0.0185036 0.0214941 0.0237649 0.025054 0.0252444 0.0243864 0.0226744 0.0203904 0.0178336 0.0152594 0.0128449 0.010683 0.00879923 0.00717839 0.0057893
 1.01656e-16 3.01768e-05 0.000177104 0.000841853 0.00324115 0.0101072 0.02553 0.0522384 0.0865932 0.116299 0.126574 0.111688 0.0800398 0.046893 0.0230966 0.0107514 0.00659637 0.0067761 0.00891311 0.011926 0.0153063 0.0186754 0.0216541 0.0238866 0.0251092 0.0252081 0.0242418 0.0224166 0.020028 0.0173872 0.0147585 0.0123226 0.0101713 0.00832489 0.00676019 0.00543744
 1.01773e-16 2.90413e-05 0.000170436 0.000810149 0.00311907 0.00972649 0.0245685 0.0502711 0.0833329 0.111923 0.121818 0.107508 0.0770797 0.0452306 0.0224118 0.0106576 0.00684328 0.007268 0.00964557 0.0129252 0.0165932 0.0202482 0.0234811 0.0259062 0.0272371 0.0273499 0.0263069 0.0243307 0.0217408 0.0188743 0.0160175 0.0133674 0.0110246 0.00901221 0.00730662 0.00586566
 1.01916e-16 2.90213e-05 0.000170319 0.000809594 0.00311694 0.00971984 0.0245516 0.0502367 0.0832756 0.111845 0.121732 0.107429 0.0770157 0.0451783 0.0223587 0.0105877 0.00674057 0.0071185 0.00943851 0.0126553 0.0162637 0.0198734 0.0230871 0.0255289 0.0269178 0.0271282 0.0262142 0.0243842 0.0219406 0.0192041 0.0164482 0.0138621 0.0115451 0.0095241 0.00778244 0.00628687
 1.02123e-16 2.7842e-05 0.000163394 0.000776667 0.00299015 0.00932446 0.023553 0.0481935 0.0798896 0.1073 0.116792 0.103087 0.0739404 0.0434497 0.0216436 0.0104838 0.00698648 0.00761319 0.0101756 0.0136602 0.0175569 0.0214527 0.0249203 0.0275546 0.0290525 0.0292796 0.028295 0.0263245 0.023695 0.0207525 0.0177916 0.0150153 0.0125291 0.0103602 0.00848939 0.00687966
 1.04332e-16 1.41854e-05 8.31978e-05 0.000395362 0.00152196 0.0047459 0.0119882 0.0245327 0.040678 0.0546668 0.0595868 0.052794 0.0383029 0.0233862 0.0132815 0.00914738 0.00962677 0.0130393 0.0182975 0.0247683 0.0319045 0.0390536 0.0454643 0.0504086 0.0533352 0.0539905 0.052465 0.0491458 0.0446016 0.0394373 0.0341706 0.0291615 0.0246019 0.0205504 0.0169875 0.0138647
 1.06576e-16 2.1742e-05 0.000127587 0.000606451 0.0023348 0.00728078 0.0183908 0.0376307 0.0623803 0.0837846 0.0911997 0.0805052 0.057761 0.0339796 0.0170014 0.008374 0.00579202 0.00652778 0.00891923 0.0122315 0.0161269 0.020338 0.0245659 0.0284942 0.0318374 0.0343867 0.0360333 0.0367625 0.0366282 0.0357187 0.0341309 0.03196 0.0293033 0.02627 0.0229888 0.0196059
 1.04338e-16 2.83844e-05 0.000166584 0.000791847 0.00304862 0.00950681 0.0240135 0.0491353 0.0814489 0.109389 0.11905 0.105043 0.0752638 0.0440671 0.0216545 0.00999911 0.0060333 0.00613506 0.00808017 0.0108733 0.0140678 0.0173467 0.0203938 0.0229076 0.0246563 0.0255251 0.025534 0.0248162 0.0235713 0.0220067 0.020291 0.0185307 0.0167729 0.0150252 0.0132819 0.0115446
pSPR Fmed_Fpbrs
0.508507   0.6 0.325
Fs Fmed_Fpbrs
0.64   0.435302 1.46081
SSBpbr Bo_Bmed_Bpbrs
1.1542e+06  529207  634807 317404
Ro
41772.8
SPR SPRFo_SPRFmed_SPRFpbrs
862784 438732 280405
log_Ro
10.46
likeval ReclasPelacesDesembMPH_pf_preclas_ppelaces_ptallas_desvR_qrecl_qpela
 63.3165 0.000200205 0.0165079 54.0232 332.29 211.532 55.4777 0 16.2691 1.51175e-05 3.63542e-05 4.75968e-15 0 0 0
q_reclas_q_pelaces
0.576394 2.35799
M
0.7
N
 40768.3 10984.2 3576.58 416.935 0.274335
 48716.9 18240.7 2864.29 732.633 83.9528
 27370.2 22165.6 5275.59 676.51 189.99
 36604.5 11835 4680.38 808.543 129.66
 58915.3 17679.9 4951.26 1836.26 366.333
 41531.1 29099.8 8492.99 2349.06 1044.03
 79853.2 19487.2 10180.5 2605.8 1030.86
 81258.8 38201.4 7684.19 3682.06 1306.81
 123712 37524.2 12109.1 2058.6 1319.8
 117377 56909.6 11615.4 3139.87 864.403
 63935.8 55358.7 20550.2 3722.33 1271.85
 42086.8 28781.7 14990.7 4433.69 1059.33
 39292.5 19121.9 8251.66 3498.24 1262.33
 27593.5 16787.1 3748.58 1141.88 641.819
 17649.5 9729.64 1004.91 101.556 45.5256
 14562.9 6307.37 632.77 30.5109 4.21758
 10700.1 6443.2 1534.68 117.847 6.34063
 14171.5 4865.3 1856.12 360.499 28.7345
 16516.2 6618.95 1654.3 547.61 113.634
 23933.7 7820.43 2449.26 548.264 217.356
 38003.6 11339.9 2905.3 816.147 253.051
 54234 18457.6 4909.27 1194.74 437.997
 78732.3 26258.9 7839.15 1966.37 651.119
 101722 38054.1 11033 3093.78 1028.19
 37761.4 49210.5 16079.5 4388.21 1632.05
 52207.2 18331.3 21242.1 6585.8 2456.09
 86574.2 25323.9 7874.21 8641.93 3663.57
pred_Ctot
 2920.02 3891.26 1588.35 187.636 0.123548
 2949.66 5649.45 1126.58 292.277 33.5174
 2564.47 9614.9 2799.9 363.234 102.073
 721.401 1354.08 716.306 125.98 20.2217
 227.04 415.865 159.233 60.2181 12.0259
 1651.34 6309.44 2399.22 674.308 299.947
 2108.18 2924.71 2025.6 527.498 208.871
 4112.32 10195.1 2635.84 1282.17 455.419
 6580.83 10442.9 4317.71 744.99 478
 4254.78 11372.5 3037.83 834.711 229.995
 4322.54 18737.9 8760.42 1608.55 550.005
 2587.93 9027.04 5964.1 1789.03 427.767
 3980.7 8769.04 4593.35 1969 710.924
 5867.8 11858.7 2939.56 900.296 506.177
 3626.3 6766.75 779.217 79.1954 35.5123
 1149.61 2408.96 300.464 14.6731 2.02965
 652.439 2007.04 606.784 47.2586 2.54461
 608.099 1127.39 558.142 110.122 8.78488
 553.716 1233.73 404.983 136.301 28.3086
 791.842 1440.49 592.863 134.937 53.5422
 600.933 1053.83 363.072 103.876 32.2387
 975.934 1938.66 691.335 171.316 62.8656
 1513.2 2934.43 1172.58 299.461 99.2543
 1889.69 4118.7 1599.76 456.751 151.942
 609.699 4664.77 2048.73 569.42 211.982
 872.096 1794.61 2793.07 881.864 329.198
 2203.83 3675.56 1517.03 1694.08 718.833
F
 0.104246 0.644142 0.885517 0.903332 0.90429
 0.0874839 0.540566 0.743128 0.758079 0.758883
 0.138398 0.855164 1.17561 1.19927 1.20054
 0.0277413 0.171415 0.235648 0.240389 0.240643
 0.00537127 0.0331893 0.0456261 0.046544 0.0465933
 0.0566841 0.350253 0.481501 0.491188 0.491709
 0.0373189 0.230595 0.317004 0.323382 0.323724
 0.0726518 0.448918 0.617137 0.629553 0.630221
 0.0764936 0.472657 0.649772 0.662845 0.663547
 0.0515606 0.318595 0.437979 0.446791 0.447265
 0.0981389 0.606404 0.833637 0.850409 0.85131
 0.0889017 0.549327 0.755172 0.770365 0.771182
 0.150421 0.929454 1.27774 1.30345 1.30483
 0.342402 2.11571 2.90852 2.96704 2.97018
 0.328988 2.03283 2.79457 2.8508 2.85382
 0.115454 0.713396 0.980721 1.00045 1.00151
 0.0881268 0.544538 0.748589 0.76365 0.76446
 0.0612964 0.378752 0.520679 0.531155 0.531718
 0.0476046 0.294151 0.404375 0.412511 0.412948
 0.0469656 0.290202 0.398947 0.406973 0.407405
 0.0222039 0.137198 0.18861 0.192404 0.192608
 0.0253028 0.156347 0.214933 0.219258 0.21949
 0.0270456 0.167116 0.229738 0.23436 0.234608
 0.026131 0.161464 0.221968 0.226434 0.226674
 0.0226769 0.140122 0.192628 0.196504 0.196712
 0.0234695 0.145019 0.19936 0.203371 0.203587
 0.0359621 0.222211 0.305478 0.311624 0.311955
Np
 32402.6 15303.2 15104.4 3265.13 1223.77
YTP_r0W_actual
 25058.7 106758 63233.3 90094.2 42421.4
YTP_p0W_proyectada
 9378.84 174837 80864.7 30034.4 49614.1
 9378.84 64513.4 121295 34039.7 14170.4
CTP_r0_actual
 3055.94 4942.5 2013.8 2246.74 953.289
CTP_p0_proyectada
 1143.76 8094.3 2575.31 748.988 1114.92
 1143.76 2986.73 3862.89 848.871 318.436
Wmedp
 8.2 21.6 31.4 40.1 44.5
nmprior
 10.8 10.6 4.6 0
nm_flota  nm_reclas  nm_pelaces    nm_pelaL
inf 17.9399 17.4579 54.8012
cv_recla  cv_pelaces  cv_mph
0.689111 0.516662 0.589315
 ------------------------------------------------
Talla a la edad & desviaci?n 
 7.2 14.2025 17.0495 18.207 18.6776
 1.08 2.13037 2.55742 2.73105 2.80164
