years
 1997 1998 1999 2000 2001 2002 2003 2004 2005 2006 2007 2008 2009 2010 2011 2012 2013 2014 2015 2016 2017 2018 2019 2020 2021 2022 2023
reclasobs
 0 0 0 370054 412103 1.49427e+06 250295 1.28982e+06 931140 785840 897777 1.04006e+06 184774 17550 25797 100020 73551 82996 120727 218422 84188 347160 605670 569463 516374 1.08416e+06 1.01767e+06
reclaspred
 412561 121377 409090 282974 348069 392466 836713 554682 631966 539096 418257 281568 170933 86512 71655.5 76027.1 91965 131981 145365 204956 307417 305286 556831 727136 844869 779076 741295
pelacesobs
 0 0 0 0 0 0 0 0 0 2.06254e+06 1.5e+06 0 1.87456e+06 323000 250000 174000 83755 137374 0 501740 490994 745055 786931 1.00524e+06 1.33801e+06 1.41789e+06 0
pelacespred
 1.48236e+06 390841 776929 835092 873420 829536 1.94417e+06 1.62681e+06 1.63116e+06 1.41344e+06 991475 687934 415947 179887 148371 165753 208855 297699 337896 463535 769834 730649 1.10199e+06 1.64959e+06 1.90921e+06 1.95438e+06 1.77358e+06
mphobs
 0 0 0 0 0 0 112323 0 153150 637223 0 255016 313432 73983 77613 109348 50772 17779 17303 59886 28197 0 207744 136588 643089 65757 70829
mphpred
 150044 103752 136195 183297 167856 222766 328942 373462 325882 332694 287364 201307 122041 81194 44611.2 43907.9 50469.5 70610.5 28996.3 33087.5 50549 63998.8 86897.4 131973 172567 171775 150621
desembarqueobs
 350755 77701 442110 56441 14545 235359 269955 359681 431902 328805 639364 411747 362871 311530 167758 66681 60226 58785 57116 73181 50977 67692 138656 160484 209506 203330 245020
desembarquepred
 350766 77705 442158 56443.1 14545.2 235421 269986 359718 431946 328874 639778 412112 363484 312013 167815 66695.5 60246.4 58789.8 57114.7 73184.3 50977.2 67688.4 138657 160487 209518 203338 245020
Reclutas
 77992.8 96946.7 60479.6 81164.9 121391 89665.9 147426 139263 174551 139422 69037.8 42148.9 41193.7 28454.3 24152.8 28166.5 23275.4 30444.3 35767.6 57415.7 85492.5 124741 185518 237392 86380.3 118151 192988
log_desv_Rt
 0.0243721 0.241917 -0.229939 0.0642388 0.466771 0.163846 0.661084 0.604116 0.829974 0.605262 -0.0975906 -0.591036 -0.61396 -0.983947 -1.14784 -0.994113 -1.18485 -0.916346 -0.755201 -0.281927 0.116184 0.493997 0.890907 1.13747 0.126515 0.439717 0.930382
SSB
 933261 645331 847124 1.14009e+06 1.04405e+06 1.38559e+06 1.9981e+06 2.30237e+06 1.99073e+06 2.03378e+06 1.78739e+06 1.25212e+06 778098 412347 231938 230769 273671 370967 482470 573155 839626 1.03939e+06 1.44417e+06 2.11083e+06 2.97814e+06 3.03442e+06 2.52473e+06
BT
 3.21539e+06 899810 1.76955e+06 1.70325e+06 1.72988e+06 1.82139e+06 4.01155e+06 3.61114e+06 3.6058e+06 3.10037e+06 2.5362e+06 1.73735e+06 1.17787e+06 655969 435161 381533 461393 632858 713946 971740 1.55653e+06 1.50009e+06 2.26241e+06 3.37675e+06 3.91895e+06 4.02531e+06 3.70439e+06
Ftot
 0.315224 0.228282 0.308728 0.0579641 0.0133837 0.15237 0.0988123 0.196846 0.216903 0.173237 0.380922 0.355342 0.554237 0.950943 0.746547 0.267268 0.202134 0.137606 0.111643 0.112656 0.0538171 0.0661086 0.0711379 0.0676485 0.0604719 0.0656346 0.0932496
BD_Bspro_t
 0.962281 0.822938 0.801765 0.715571 0.795201 0.871975 0.8427 0.846796 0.803577 0.773589 0.730075 0.586097 0.475956 0.364328 0.266611 0.310188 0.433288 0.59449 0.70556 0.780295 0.849813 0.901463 0.912898 0.917039 0.920654 0.899211 0.881087
BD_Bspro
 0.593641 0.410491 0.53885 0.725206 0.664114 0.881364 1.27098 1.46452 1.26629 1.29368 1.13694 0.796463 0.494943 0.262291 0.147534 0.146791 0.17408 0.23597 0.306896 0.36458 0.53408 0.661149 0.918624 1.34269 1.89437 1.93018 1.60597
BD_Bo
 0.284125 0.196466 0.257901 0.347093 0.317854 0.421832 0.608306 0.70094 0.606063 0.619171 0.544157 0.381198 0.236886 0.125536 0.0706118 0.070256 0.0833171 0.112938 0.146885 0.174493 0.255618 0.316434 0.439666 0.642627 0.906673 0.923808 0.768637
BD_Brms
 0.51659 0.357212 0.46891 0.631078 0.577916 0.766968 1.10601 1.27444 1.10193 1.12577 0.989376 0.693087 0.430702 0.228247 0.128385 0.127738 0.151486 0.205342 0.267063 0.31726 0.46476 0.575335 0.799392 1.16841 1.6485 1.67965 1.39752
S_f
 0.201622 1 1 1 1
 0.201622 1 1 1 1
 0.201622 1 1 1 1
 0.201622 1 1 1 1
 0.201622 1 1 1 1
 0.201622 1 1 1 1
 0.201622 1 1 1 1
 0.201622 1 1 1 1
 0.201622 1 1 1 1
 0.201622 1 1 1 1
 0.201622 1 1 1 1
 0.201622 1 1 1 1
 0.201622 1 1 1 1
 0.201622 1 1 1 1
 0.201622 1 1 1 1
 0.201622 1 1 1 1
 0.201622 1 1 1 1
 0.201622 1 1 1 1
 0.201622 1 1 1 1
 0.201622 1 1 1 1
 0.201622 1 1 1 1
 0.201622 1 1 1 1
 0.201622 1 1 1 1
 0.201622 1 1 1 1
 0.201622 1 1 1 1
 0.201622 1 1 1 1
 0.201622 1 1 1 1
Scru_reclas
 1 1 1 1 1
 1 1 1 1 1
 1 1 1 1 1
 1 1 1 1 1
 1 1 1 1 1
 1 1 1 1 1
 1 1 1 1 1
 1 1 1 1 1
 1 1 1 1 1
 1 1 1 1 1
 1 1 1 1 1
 1 1 1 1 1
 1 1 1 1 1
 1 1 1 1 1
 1 1 1 1 1
 1 1 1 1 1
 1 1 1 1 1
 1 1 1 1 1
 1 1 1 1 1
 1 1 1 1 1
 1 1 1 1 1
 1 1 1 1 1
 1 1 1 1 1
 1 1 1 1 1
 1 1 1 1 1
 1 1 1 1 1
 1 1 1 1 1
Scru_pelaces
 1 1 1 1 1
 1 1 1 1 1
 1 1 1 1 1
 1 1 1 1 1
 1 1 1 1 1
 1 1 1 1 1
 1 1 1 1 1
 1 1 1 1 1
 1 1 1 1 1
 1 1 1 1 1
 1 1 1 1 1
 1 1 1 1 1
 1 1 1 1 1
 1 1 1 1 1
 1 1 1 1 1
 1 1 1 1 1
 1 1 1 1 1
 1 1 1 1 1
 1 1 1 1 1
 1 1 1 1 1
 1 1 1 1 1
 1 1 1 1 1
 1 1 1 1 1
 1 1 1 1 1
 1 1 1 1 1
 1 1 1 1 1
 1 1 1 1 1
pf_obs 
 0.256992 0.487395 0.22802 0.0275931 0
 0.321318 0.546541 0.124235 0.00734118 0.000564706
 0.182869 0.594174 0.210203 0.0122559 0.00049798
 0.330522 0.361315 0.267642 0.0388342 0.00168674
 0.649043 0.306663 0.0425973 0.00169635 0
 0.582887 0.30429 0.105238 0.00758474 0
 0.465427 0.430635 0.0974691 0.00646863 0
 0.296916 0.608066 0.0921331 0.00288517 0
 0.311714 0.524322 0.152257 0.0117073 0
 0.15457 0.633149 0.183074 0.0267441 0.00246327
 0.131901 0.49318 0.331252 0.0422183 0.00144891
 0.196976 0.569456 0.194076 0.0375587 0.00193317
 0.518974 0.381816 0.0799577 0.0180837 0.00116848
 0.0928022 0.601141 0.25162 0.0475244 0.00691264
 0.122501 0.610282 0.24278 0.0234846 0.000952079
 0.383417 0.481906 0.127806 0.00687128 0
 0.0376549 0.599619 0.316969 0.0457579 0
 0.0361596 0.667082 0.258105 0.0386534 0
 0.158088 0.579412 0.248529 0.0139706 0
 0.0477256 0.309471 0.559284 0.082774 0.000745712
 0.0406174 0.521527 0.379366 0.0568643 0.0016247
 0.151134 0.462217 0.34131 0.0453401 0
 0.294876 0.26143 0.354403 0.0886775 0.000613685
 0.281977 0.475581 0.204845 0.0348837 0.00271318
 0.0841818 0.532909 0.334909 0.0458182 0.00218182
 0.115287 0.27431 0.454777 0.147771 0.00785563
 0 0 0 0 0
pf_pred 
 0.38653 0.433293 0.161166 0.0189994 1.10359e-05
 0.31298 0.537989 0.105261 0.0391523 0.00461825
 0.173985 0.590439 0.184474 0.0360935 0.0150088
 0.244241 0.412717 0.245208 0.0766119 0.0212227
 0.277408 0.4494 0.149189 0.0886379 0.0353653
 0.172392 0.543742 0.176544 0.0586079 0.0487139
 0.272365 0.382239 0.226926 0.0736792 0.0447899
 0.216529 0.517056 0.139952 0.0830864 0.043376
 0.254971 0.44685 0.196785 0.0532641 0.04813
 0.189974 0.528077 0.169106 0.0744712 0.0383716
 0.116563 0.492186 0.255067 0.0816801 0.0545043
 0.11684 0.386936 0.276459 0.143271 0.0764944
 0.182522 0.356263 0.20207 0.144376 0.114768
 0.199861 0.471442 0.143249 0.0812499 0.104199
 0.26041 0.489569 0.147312 0.0447612 0.0579474
 0.300811 0.498706 0.132709 0.0399323 0.0278415
 0.211568 0.557237 0.164903 0.0438817 0.0224102
 0.256092 0.441334 0.213849 0.0632844 0.0254407
 0.24748 0.485353 0.158501 0.0768018 0.0318647
 0.304563 0.4393 0.165201 0.0539492 0.036987
 0.304777 0.483588 0.133688 0.0502738 0.0276737
 0.297258 0.484993 0.151463 0.0418719 0.0244137
 0.300163 0.478442 0.152794 0.0477176 0.0208829
 0.270519 0.501246 0.156032 0.0498301 0.0223724
 0.0910335 0.595083 0.215678 0.0671381 0.0310676
 0.162743 0.282913 0.362918 0.131534 0.0598918
 0.256997 0.370165 0.125984 0.161611 0.0852434
pobs_RECLAS
 0 0 0 0 0
 0 0 0 0 0
 0 0 0 0 0
 0 0 0 0 0
 0.835266 0.146461 0.0176864 0.000547809 3.91292e-05
 0.385257 0.428462 0.181853 0.0044286 0
 0.867414 0.0963971 0.0333333 0.00285562 0
 0.441836 0.489002 0.0689373 0.000224442 0
 0.779404 0.147425 0.0564933 0.0165055 0.000172143
 0.814271 0.122319 0.05973 0.00367925 0
 0.40263 0.566651 0.0304383 0.000280538 0
 0.475488 0.404961 0.113038 0.00651328 0
 0.955842 0.0263864 0.0167828 0.000988607 0
 0.975058 0.0227948 0.00214734 0 0
 0.738997 0.206755 0.0527124 0.00153531 0
 0.850938 0.134255 0.0134407 0.00136685 0
 0.542534 0.407297 0.0501686 0 0
 0.764087 0.199537 0.0359546 0.000420521 0
 0.470689 0.182191 0.310203 0.0369168 0
 0.84361 0.089868 0.0606195 0.00523954 0.000663233
 0.607945 0.314616 0.071237 0.00620181 0
 0.523733 0.453247 0.0230204 0 0
 0.530135 0.295979 0.169645 0.0042399 0
 0.562478 0.366248 0.0663022 0.0049721 0
 0.250443 0.683176 0.0655157 0.000865301 0
 0.195077 0.31981 0.436473 0.0351445 0.0134964
 0.565238 0.351407 0.0832357 0.000118908 0
ppred_RECLAS
 0.760941 0.168847 0.0628035 0.00740375 4.30051e-06
 0.695869 0.238158 0.046597 0.017332 0.00204441
 0.515411 0.346386 0.108223 0.0211746 0.00880501
 0.616472 0.209443 0.124437 0.0388785 0.01077
 0.655799 0.214068 0.0710648 0.0422219 0.0168459
 0.510132 0.321845 0.104498 0.0346905 0.0288342
 0.651049 0.18331 0.108827 0.0353343 0.0214799
 0.580774 0.276671 0.0748869 0.0444585 0.02321
 0.632029 0.2207 0.0971922 0.0263072 0.0237714
 0.540002 0.299885 0.096032 0.0422908 0.0217905
 0.401113 0.333655 0.172911 0.0553714 0.0369488
 0.401302 0.262305 0.187413 0.0971237 0.0518559
 0.534797 0.202739 0.114992 0.0821602 0.0653114
 0.572578 0.251837 0.0765214 0.0434025 0.0556613
 0.648688 0.23255 0.0699746 0.021262 0.0275256
 0.684178 0.225265 0.0599443 0.0180373 0.0125759
 0.573657 0.301325 0.0891711 0.023729 0.0121183
 0.632294 0.218147 0.105703 0.0312808 0.012575
 0.621261 0.244275 0.0797725 0.0386539 0.0160373
 0.685981 0.198362 0.074595 0.0243603 0.0167012
 0.685531 0.21874 0.0604707 0.0227403 0.0125176
 0.677913 0.222286 0.06942 0.0191911 0.0111895
 0.68099 0.218091 0.069649 0.0217514 0.00951917
 0.648551 0.24149 0.0751733 0.0240072 0.0107786
 0.332526 0.436983 0.158377 0.049301 0.0228136
 0.491652 0.171773 0.220349 0.0798618 0.0363639
 0.632829 0.182925 0.0622577 0.0798634 0.0421249
pobs_PELACES
 0 0 0 0 0
 0 0 0 0 0
 0 0 0 0 0
 0 0 0 0 0
 0 0 0 0 0
 0 0 0 0 0
 0 0 0 0 0
 0 0 0 0 0
 0 0 0 0 0
 0 0 0 0 0
 0.450072 0.473896 0.0757376 0.000293798 0
 0 0 0 0 0
 0.463077 0.371075 0.160297 0.00555027 0
 0.529543 0.364841 0.0842815 0.0213345 0
 0.631943 0.363953 0.00410389 0 0
 0.735681 0.248677 0.0153453 0.000297389 0
 0.695825 0.281241 0.0229344 0 0
 0.275771 0.60734 0.115278 0.00161068 0
 0 0 0 0 0
 0.896147 0.0623911 0.0374545 0.00400742 0
 0.803859 0.145111 0.0509908 3.86294e-05 0
 0.739449 0.233085 0.0266225 0.000797448 4.60066e-05
 0.878498 0.100942 0.0204185 0.000141795 0
 0.694673 0.275183 0.0284847 0.00165964 0
 0.469039 0.446079 0.0841089 0.000773354 0
 0.822795 0.102175 0.0682046 0.00682512 0
 0 0 0 0 0
ppred_PELACES
 0.77572 0.158409 0.058921 0.00694604 4.03465e-06
 0.708446 0.228309 0.0446701 0.0166153 0.00195987
 0.53569 0.33189 0.103695 0.0202885 0.00843654
 0.620076 0.207475 0.123267 0.0385132 0.0106687
 0.656595 0.213573 0.0709006 0.0421243 0.016807
 0.520158 0.315258 0.102359 0.0339805 0.028244
 0.656939 0.180216 0.10699 0.0347378 0.0211172
 0.593346 0.268374 0.0726412 0.0431253 0.022514
 0.645217 0.21279 0.0937091 0.0253644 0.0229195
 0.551317 0.292508 0.0936699 0.0412505 0.0212545
 0.425443 0.320101 0.165887 0.0531219 0.0354477
 0.423988 0.252366 0.180311 0.0934435 0.0498909
 0.570878 0.187015 0.106074 0.0757878 0.0602458
 0.63249 0.216537 0.0657953 0.0373187 0.0478592
 0.692102 0.203812 0.0613273 0.0186345 0.024124
 0.699192 0.214556 0.0570945 0.0171798 0.0119781
 0.586628 0.292158 0.0864582 0.023007 0.0117496
 0.640682 0.21317 0.103292 0.0305672 0.0122882
 0.628157 0.239828 0.07832 0.0379501 0.0157453
 0.692339 0.194346 0.0730846 0.0238671 0.016363
 0.68858 0.21662 0.0598845 0.0225198 0.0123962
 0.681704 0.21967 0.0686028 0.0189652 0.0110578
 0.685048 0.215317 0.068763 0.0214747 0.00939809
 0.652602 0.238706 0.0743067 0.0237304 0.0106543
 0.336071 0.434661 0.157536 0.0490391 0.0226924
 0.495974 0.170313 0.218475 0.0791827 0.0360547
 0.638518 0.180091 0.0612929 0.0786259 0.0414721
pobs_pel_tallas
 0 0 0 0 0 0 0 0 0 0 0 0 0 0 0 0 0 0 0 0 0 0 0 0 0 0 0 0 0 0 0 0 0 0 0 0
 0 0 0 0 0 0 0 0 0 0 0 0 0 0 0 0 0 0 0 0 0 0 0 0 0 0 0 0 0 0 0 0 0 0 0 0
 0 0 0 0 0 0 0 0 0 0 0 0 0 0 0 0 0 0 0 0 0 0 0 0 0 0 0 0 0 0 0 0 0 0 0 0
 0 0 0 0 0 0 0 0 0 0 0 0 0 0 0 0 0 0 0 0 0 0 0 0 0 0 0 0 0 0 0 0 0 0 0 0
 0 0 0 0 0 0 0 0 0 0 0 0 0 0 0 0 0 0 0 0 0 0 0 0 0 0 0 0 0 0 0 0 0 0 0 0
 0 0 0 0 0 0 0 0 0 0 0 0 0 0 0 0 0 0 0 0 0 0 0 0 0 0 0 0 0 0 0 0 0 0 0 0
 0 0 0 0 0 0 0 0 0 0 0 0 0 0 0 0 0 0 0 0 0 0 0 0 0 0 0 0 0 0 0 0 0 0 0 0
 0 0 0 0 0 0 0 0 0 0 0 0 0 0 0 0 0 0 0 0 0 0 0 0 0 0 0 0 0 0 0 0 0 0 0 0
 0 0 0 0 0 0 0 0 0 0 0 0 0 0 0 0 0 0 0 0 0 0 0 0 0 0 0 0 0 0 0 0 0 0 0 0
 0 0 0 0 0 0 0 0 0 0 0 0 0 0 0 0 0 0 0 0 0 0 0 0 0 0 0 0 0 0 0 0 0 0 0 0
 0 0 0 0 0 0 0 0 1.78061e-05 0.00172719 0.00360574 0.0105946 0.0120993 0.0124554 0.0147524 0.0171206 0.0266825 0.0428682 0.0675386 0.121331 0.153587 0.119568 0.100827 0.0573624 0.0630603 0.0341343 0.0324427 0.0444173 0.0211091 0.0280891 0.0125444 0.00206551 0 0 0 0
 0 0 0 0 0 0 0 0 0 0 0 0 0 0 0 0 0 0 0 0 0 0 0 0 0 0 0 0 0 0 0 0 0 0 0 0
 0 0 0 0 0 0 0.0133647 0.0140871 0.0187388 0.0205184 0.03894 0.0496705 0.03968 0.0493445 0.0407372 0.0367815 0.0215668 0.0243155 0.0234873 0.0199281 0.019796 0.0243948 0.0301388 0.0376714 0.0412746 0.0863199 0.0771752 0.113111 0.0741005 0.0525337 0.0229764 0.00759418 0.00175318 0 0 0
 0 0 0 0 0 0 0 0 0 0 0.00219441 0.00772107 0.0458388 0.0604681 0.0671733 0.0775358 0.0609151 0.0617685 0.073594 0.0568108 0.0755445 0.0548602 0.0670107 0.0636378 0.0643287 0.046367 0.0373049 0.0286899 0.0247887 0.0153202 0.00654259 0.00121912 0.000365735 0 0 0
 0 0 0 0 0 0 0 0 0 0 0 0 0.000112435 0.00938835 0.0111873 0.0202946 0.0414886 0.0713402 0.111592 0.104902 0.108894 0.110636 0.117776 0.105296 0.107544 0.0401394 0.0192827 0.0124803 0.00416011 0.0028671 0.000618394 0 0 0 0 0
 0 0 0 0 0 0 0 0 0 0 0.00291406 0.0102884 0.027416 0.0768956 0.0749926 0.110853 0.0956884 0.0897413 0.0766577 0.0534642 0.0500743 0.0551293 0.0594112 0.0620874 0.0668451 0.0424026 0.0208742 0.0120726 0.0048766 0.00582813 0.00118941 0.000297354 0 0 0 0
 0 0.00264628 0.0354308 0.0461629 0.0458689 0.0383711 0.0214643 0.0164657 0.0346957 0.0420465 0.0363128 0.0245516 0.0311673 0.0291091 0.0169068 0.0133784 0.00837989 0.0085269 0.0148486 0.0160247 0.0276389 0.0546898 0.0760071 0.122758 0.109233 0.0665981 0.0333725 0.0166128 0.00676272 0.00308733 0.000882094 0 0 0 0 0
 0 0 0 0 0 0 0 0.000805153 0.000690131 0.00759144 0.0133425 0.0154129 0.00931677 0.000345066 0.00356568 0.00563607 0.00851162 0.0253048 0.0502646 0.0516448 0.0657925 0.0565908 0.0611916 0.0827007 0.0866115 0.110766 0.145733 0.0935128 0.0569358 0.0249597 0.0138026 0.00621118 0.00161031 0.00115022 0 0
 0 0 0 0 0 0 0 0 0 0 0 0 0 0 0 0 0 0 0 0 0 0 0 0 0 0 0 0 0 0 0 0 0 0 0 0
 0.00147267 0.00158595 0.00478618 0.00569244 0.00954404 0.0108468 0.00647125 0.017049 0.0510054 0.094081 0.124002 0.0959785 0.0687766 0.0820023 0.061753 0.0591476 0.0492212 0.0479892 0.0443925 0.0268479 0.0217502 0.0140895 0.0121071 0.0120363 0.00920419 0.00665534 0.0049561 0.00860946 0.00930331 0.0156896 0.0114698 0.00855282 0.00243557 0.00046729 0 2.83206e-05
 0 0 0 0 0.000772559 0.00158375 0.000888443 0.00281984 0.00712685 0.0440552 0.0773331 0.111326 0.0921469 0.0852325 0.0710754 0.0886704 0.0786465 0.0553345 0.0373146 0.0185414 0.00753245 0.00457741 0.012979 0.0271748 0.0457355 0.0583668 0.034881 0.0177882 0.00938659 0.00492506 0.0015258 0.00185414 0.000309023 5.79419e-05 3.86279e-05 0
 0 0.00173294 0.00326652 0 0.00397197 0.00683976 0.00946217 0.0152591 0.00757587 0.0136028 0.0228656 0.0392903 0.0559909 0.0764795 0.0681675 0.0726916 0.0566044 0.0477403 0.0527397 0.0444891 0.0609904 0.0582453 0.0661739 0.0445044 0.0529084 0.0360697 0.0280645 0.0235558 0.0158879 0.00826598 0.00280645 0.00217768 0.000904811 0.00058276 9.20147e-05 0
 0 0 0 0 0 0 0 0 0 0 0 0 0 0 0 0 0 0 0 0 0 0 0 0 0 0 0 0 0 0 0 0 0 0 0 0
 0 0 0 0 0 0 0 0 0 0 0 0 0 0 0 0 0 0 0 0 0 0 0 0 0 0 0 0 0 0 0 0 0 0 0 0
 0 0 0 0 0 0 0 0 0 0 0 0 0 0 0 0 0 0 0 0 0 0 0 0 0 0 0 0 0 0 0 0 0 0 0 0
 0 0 0 0 0 0 0 0 0 0 0 0 0 0 0 0 0 0 0 0 0 0 0 0 0 0 0 0 0 0 0 0 0 0 0 0
 0 0 0 0 0 0 0 0 0 0 0 0 0 0 0 0 0 0 0 0 0 0 0 0 0 0 0 0 0 0 0 0 0 0 0 0
ppred_pel_tallas
 1.01127e-16 3.38442e-05 0.000198642 0.000944261 0.00363547 0.0113369 0.028636 0.058593 0.0971238 0.130433 0.141932 0.125183 0.0895853 0.0522327 0.0252564 0.0109675 0.0056644 0.00499149 0.00627998 0.00835798 0.010746 0.0131543 0.0153163 0.0169829 0.0179655 0.0181746 0.0176367 0.0164793 0.0148925 0.0130817 0.0112259 0.00945362 0.00783824 0.00640832 0.00516443 0.00409467
 1.01372e-16 3.09135e-05 0.00018143 0.000862418 0.00332033 0.0103541 0.0261538 0.0535146 0.0887083 0.119139 0.129662 0.114408 0.0819762 0.0480023 0.0235958 0.0109035 0.00657927 0.0066684 0.00873201 0.0116623 0.0149426 0.0181939 0.02104 0.0231307 0.0242091 0.0241698 0.0230799 0.0211544 0.018696 0.0160217 0.013399 0.0110084 0.00893853 0.00720298 0.00576992 0.00458968
 1.02672e-16 2.33849e-05 0.00013722 0.00065222 0.00251098 0.00783015 0.0197786 0.0404713 0.0670921 0.0901224 0.0981226 0.0866737 0.0623114 0.0369056 0.0189217 0.01006 0.00786825 0.00941499 0.0128715 0.0173484 0.0223226 0.0273014 0.0317492 0.0351525 0.0371241 0.0374873 0.0363093 0.0338675 0.0305686 0.0268455 0.0230699 0.0195014 0.0162795 0.0134473 0.0109895 0.00886794
 1.0364e-16 2.70595e-05 0.000158805 0.000754861 0.00290621 0.00906271 0.0228917 0.0468402 0.077645 0.104282 0.113498 0.100156 0.07179 0.0420891 0.020788 0.00977952 0.00615294 0.00646855 0.00861554 0.0116475 0.0151309 0.0187438 0.0221536 0.0250333 0.0271184 0.0282579 0.0284366 0.0277587 0.0264063 0.0245848 0.0224786 0.0202266 0.0179209 0.0156203 0.0133684 0.0112071
 1.03309e-16 2.8652e-05 0.000168154 0.000799307 0.00307734 0.00959637 0.0242397 0.0495982 0.0822166 0.110421 0.120176 0.106042 0.0759924 0.0445195 0.0219246 0.0102036 0.00626367 0.00645039 0.00851623 0.0114485 0.0147818 0.0181759 0.0212881 0.0237915 0.0254355 0.0260982 0.0258056 0.0247116 0.0230461 0.021053 0.0189379 0.0168398 0.0148301 0.0129308 0.0111398 0.00945235
 1.04044e-16 2.27069e-05 0.000133242 0.000633308 0.00243817 0.00760311 0.0192051 0.0392977 0.0651464 0.0875084 0.0952754 0.0841561 0.0604956 0.0358187 0.0183439 0.00972118 0.00756933 0.00904407 0.0123751 0.0167086 0.0215507 0.0264405 0.0308761 0.034374 0.0365661 0.0372786 0.0365619 0.0346594 0.031931 0.0287587 0.0254662 0.0222746 0.0192988 0.016572 0.0140836 0.0118117
 1.03758e-16 2.86658e-05 0.000168238 0.000799711 0.00307891 0.00960126 0.024252 0.0496232 0.0822571 0.110473 0.120225 0.106069 0.0759762 0.0444383 0.0217524 0.00990424 0.0057904 0.00575144 0.00754676 0.0101862 0.0132435 0.0164292 0.0194552 0.0220388 0.0239515 0.025061 0.025351 0.0249065 0.0238776 0.0224331 0.0207226 0.0188568 0.0169077 0.0149215 0.0129348 0.010987
 1.03653e-16 2.58962e-05 0.00015197 0.000722356 0.00278104 0.00867236 0.0219058 0.0448233 0.0743038 0.0998004 0.108635 0.0959024 0.0688207 0.0405088 0.0203047 0.0100461 0.00697197 0.00780371 0.0105129 0.0141547 0.0182418 0.0223662 0.0260999 0.0290343 0.0308613 0.0314391 0.0308173 0.0292084 0.026922 0.0242829 0.0215624 0.0189413 0.0165073 0.0142781 0.0122354 0.010354
 1.03343e-16 2.81559e-05 0.000165241 0.000785459 0.00302402 0.0094301 0.0238197 0.0487389 0.0807923 0.108508 0.118096 0.10421 0.0746856 0.043767 0.021579 0.0100858 0.00625203 0.00649066 0.00859681 0.0115779 0.0149771 0.0184576 0.0216772 0.0243056 0.0260853 0.0268833 0.0267122 0.0257114 0.0240987 0.02211 0.0199489 0.0177593 0.0156233 0.0135774 0.011635 0.00980535
 1.03836e-16 2.40646e-05 0.000141215 0.000671218 0.00258414 0.00805831 0.0203548 0.0416501 0.0690448 0.0927411 0.100962 0.0891547 0.0640355 0.0378072 0.0191642 0.00983563 0.00727787 0.00846168 0.0115077 0.0155255 0.0200273 0.0245789 0.0287143 0.031985 0.0340495 0.0347458 0.0341192 0.0323932 0.0298988 0.0269871 0.0239553 0.0210061 0.0182444 0.0157009 0.0133672 0.0112253
 1.05941e-16 1.85772e-05 0.000108996 0.000518039 0.00199435 0.00621907 0.0157091 0.0321448 0.0532909 0.07159 0.0779618 0.0689051 0.0496244 0.0295675 0.0154868 0.00876941 0.00750859 0.00941505 0.0130641 0.0177561 0.023055 0.0285185 0.0336459 0.03794 0.0410038 0.0426194 0.0427802 0.0416646 0.0395674 0.0368136 0.0336869 0.0303922 0.0270543 0.0237416 0.0204978 0.0173664
 1.08184e-16 1.8511e-05 0.000108613 0.000516235 0.00198743 0.0061975 0.0156546 0.0320327 0.0531031 0.0713323 0.0776667 0.0686099 0.0493369 0.0292466 0.0150467 0.00809509 0.00647052 0.00788214 0.0109228 0.0149394 0.0195753 0.0244965 0.0293221 0.0336616 0.0371841 0.0396768 0.0410707 0.0414239 0.0408758 0.0395905 0.0377137 0.0353542 0.032591 0.029494 0.0261464 0.0226556
 1.06986e-16 2.49132e-05 0.000146207 0.000694972 0.00267563 0.00834367 0.0210755 0.0431238 0.0714846 0.0960082 0.104493 0.0922103 0.066095 0.0387519 0.0191439 0.00901602 0.00569284 0.00601497 0.00805064 0.0109449 0.0143195 0.0179024 0.0214114 0.0245654 0.027131 0.0289648 0.0300298 0.0303801 0.0301239 0.0293794 0.0282419 0.0267707 0.0249978 0.0229473 0.0206563 0.0181875
 1.04524e-16 2.7601e-05 0.000161983 0.000769971 0.00296439 0.00924413 0.02335 0.0477779 0.0791994 0.10637 0.11577 0.102161 0.0732257 0.0429283 0.0211965 0.00995849 0.00624133 0.00652995 0.00866242 0.0116625 0.0150769 0.0185685 0.0217958 0.0244329 0.0262304 0.0270674 0.0269705 0.0260908 0.0246523 0.0228882 0.0209888 0.0190751 0.0172006 0.0153721 0.0135778 0.0118111
 1.02705e-16 3.01999e-05 0.000177242 0.000842516 0.00324371 0.0101152 0.0255502 0.0522795 0.0866605 0.116387 0.126663 0.111753 0.080055 0.046839 0.0229536 0.0104907 0.0061778 0.00615179 0.00803778 0.0107707 0.0138731 0.0170094 0.0198486 0.0220787 0.0234639 0.0238949 0.0234082 0.0221648 0.0204005 0.0183639 0.0162642 0.0142423 0.0123684 0.0106592 0.00910235 0.00767901
 1.02031e-16 3.05095e-05 0.000179059 0.00085115 0.00327695 0.0102188 0.025812 0.0528153 0.0875488 0.117581 0.127964 0.112905 0.080889 0.0473448 0.0232343 0.0106735 0.00635807 0.00638554 0.00835349 0.0111785 0.0143659 0.0175609 0.0204123 0.0225904 0.0238486 0.024078 0.0233266 0.0217778 0.019696 0.0173598 0.0150052 0.0127926 0.0108031 0.00905495 0.00753008 0.00619809
 1.02663e-16 2.56044e-05 0.000150254 0.000714193 0.0027496 0.00857431 0.0216582 0.0443168 0.0734649 0.0986761 0.107418 0.0948427 0.068093 0.0401465 0.0202452 0.0102176 0.0073447 0.00839187 0.011352 0.0152769 0.0196563 0.0240455 0.0279726 0.0309872 0.0327506 0.033109 0.0321223 0.0300346 0.0272013 0.0239996 0.0207512 0.0176781 0.0148965 0.0124388 0.0102881 0.00840976
 1.03161e-16 2.79582e-05 0.000164081 0.000779941 0.00300278 0.00936384 0.0236524 0.0483965 0.0802248 0.107746 0.117267 0.10348 0.0741664 0.0434702 0.0214467 0.0100481 0.00626232 0.00652953 0.00866208 0.0116752 0.015115 0.0186449 0.021921 0.0246101 0.0264497 0.0273004 0.027168 0.0261853 0.0245648 0.0225403 0.0203165 0.0180418 0.0158063 0.0136559 0.0116143 0.00969928
 1.0323e-16 2.74131e-05 0.000160878 0.00076471 0.00294412 0.00918093 0.0231904 0.0474514 0.078659 0.105646 0.114988 0.101485 0.0727716 0.0427233 0.0212088 0.010154 0.00661611 0.00711052 0.00948843 0.0127671 0.0164694 0.0202218 0.0236391 0.0263532 0.0280832 0.0286946 0.0282223 0.0268465 0.0248354 0.0224736 0.0200022 0.017586 0.0153109 0.013203 0.0112577 0.0094632
 1.02686e-16 3.02099e-05 0.000177302 0.0008428 0.00324481 0.0101186 0.0255588 0.0522971 0.0866894 0.116425 0.126703 0.111783 0.0800668 0.046826 0.0229104 0.0104099 0.00604813 0.00596029 0.00777318 0.0104282 0.013459 0.0165442 0.0193681 0.0216301 0.0230993 0.023662 0.0233405 0.0222746 0.0206763 0.0187724 0.0167571 0.0147653 0.0128704 0.0110995 0.0094548 0.00793312
 1.02274e-16 3.00468e-05 0.000176342 0.000838235 0.00322722 0.0100638 0.0254203 0.0520139 0.0862206 0.115797 0.126025 0.111197 0.0796732 0.0466485 0.0229214 0.0105788 0.00636972 0.00645385 0.00846694 0.0113417 0.0145881 0.0178512 0.020778 0.0230358 0.0243749 0.0246828 0.0240044 0.0225196 0.0204896 0.0181898 0.015853 0.0136376 0.0116239 0.00983073 0.00824279 0.0068339
 1.02214e-16 2.97472e-05 0.000174583 0.000829869 0.00319501 0.00996332 0.0251666 0.0514948 0.0853603 0.114642 0.124769 0.110093 0.0788894 0.0462048 0.0227318 0.0105394 0.00641252 0.00655161 0.00861743 0.0115524 0.0148676 0.018205 0.021206 0.0235313 0.0249249 0.0252685 0.0246033 0.0231074 0.0210428 0.0186875 0.0162788 0.0139807 0.0118796 0.0100012 0.00833567 0.00686154
 1.02224e-16 2.98928e-05 0.000175438 0.000833936 0.00321067 0.0100122 0.02529 0.0517471 0.0857784 0.115204 0.125379 0.110628 0.079266 0.046412 0.0228091 0.0105338 0.00635322 0.00644772 0.00846676 0.0113502 0.0146119 0.0178998 0.0208623 0.0231667 0.0245613 0.0249289 0.0243076 0.02287 0.0208701 0.0185781 0.0162249 0.0139703 0.0118994 0.0100384 0.00837965 0.00690453
 1.02446e-16 2.8479e-05 0.000167136 0.00079446 0.00305867 0.00953814 0.0240927 0.0492976 0.0817189 0.109755 0.119457 0.105422 0.0755791 0.0443399 0.0219522 0.0104102 0.00664954 0.00704323 0.00935422 0.0125605 0.0161702 0.0198039 0.0230739 0.0256119 0.0271396 0.0275282 0.0268218 0.025213 0.0229851 0.0204389 0.0178311 0.0153387 0.0130553 0.0110086 0.00918852 0.0075727
 1.05124e-16 1.46848e-05 8.61336e-05 0.000409327 0.00157574 0.00491362 0.0124118 0.0253992 0.0421131 0.0565907 0.0616713 0.0546111 0.0395566 0.0240233 0.0134146 0.00890777 0.00907675 0.012169 0.0170625 0.02313 0.0298609 0.0366587 0.0428366 0.0477239 0.0508059 0.0518333 0.0508656 0.0482294 0.0444149 0.0399476 0.0352785 0.0307231 0.0264543 0.0225348 0.0189657 0.0157295
 1.07563e-16 2.16467e-05 0.00012703 0.000603807 0.00232463 0.00724907 0.0183106 0.0374666 0.0621075 0.0834164 0.0907937 0.0801347 0.0574687 0.0337546 0.016791 0.00811047 0.00541007 0.00597086 0.00814275 0.0112099 0.0148646 0.0188786 0.0229973 0.0269436 0.0304574 0.0333331 0.0354408 0.0367231 0.0371778 0.0368342 0.0357372 0.0339442 0.0315321 0.0286071 0.0253092 0.0218056
 1.05569e-16 2.78623e-05 0.000163521 0.000777289 0.00299258 0.00933205 0.0235721 0.0482319 0.0799509 0.107376 0.116856 0.103099 0.0738528 0.0432053 0.0211653 0.00966426 0.00568707 0.00567775 0.00745871 0.0100672 0.0130883 0.0162418 0.0192509 0.0218486 0.0238245 0.0250654 0.0255695 0.0254292 0.0247896 0.0238003 0.0225783 0.0211912 0.0196643 0.0180002 0.0162035 0.0142976
pSPR Fmed_Fpbrs
0.441092   0.6 0.325
Fs Fmed_Fpbrs
0.64   0.342809 1.04161
SSBpbr Bo_Bmed_Bpbrs
3.28469e+06  1.28462e+06  1.80658e+06 903290
Ro
76115
SPR SPRFo_SPRFmed_SPRFpbrs
1.5721e+06 693439 510931
log_Ro
11.06
likeval ReclasPelacesDesembMPH_pf_preclas_ppelaces_ptallas_desvR_qrecl_qpela
 71.2536 0.00027141 0.0345007 61.5812 341.211 222.956 56.0667 0 17.4183 0.000117446 4.42034e-07 7.05744e-16 0 0 0
q_reclas_q_pelaces
0.215308 0.909747
M
0.7
N
 77992.8 19626.6 7300.23 860.606 0.499888
 96946.7 36345.2 7111.15 2645.03 311.997
 60479.6 45976.7 14364.8 2810.56 1168.71
 81164.9 28220.8 16766.9 5238.58 1451.17
 121391 39837 13224.8 7857.3 3134.95
 89665.9 60118.5 19519.5 6479.94 5386.02
 147426 43179.7 25634.7 8323.17 5059.69
 139263 71765.6 19424.9 11532.1 6020.45
 174551 66464.8 29269.9 7922.54 7158.88
 139422 82970.6 26569.6 11700.8 6028.87
 69037.8 66858.5 34648.3 11095.4 7403.87
 42148.9 31748.7 22683.9 11755.6 6276.49
 41193.7 19483.4 11050.9 7895.67 6276.48
 28454.3 18293.4 5558.49 3152.74 4043.22
 24152.8 11664.7 3509.93 1066.5 1380.68
 28166.5 10317.9 2745.65 826.172 576.022
 23275.4 13253.3 3922.04 1043.68 533.002
 30444.3 11096.6 5376.89 1591.19 639.664
 35767.6 14704.5 4802.02 2326.83 965.39
 57415.7 17366.3 6530.68 2132.71 1462.17
 85492.5 27871.5 7705.06 2897.52 1594.97
 124741 41996.2 13115.4 3625.75 2114.02
 185518 61124.5 19520.6 6096.28 2667.95
 237392 90813.6 28269.3 9028.01 4053.33
 86380.3 116289 42146.9 13119.9 6071.09
 118151 42375.4 54358.6 19701.4 8970.72
 192988 57900.6 19706.2 25278.9 13333.6
pred_Ctot
 3466.62 3886.02 1445.43 170.398 0.0989765
 3144.63 5405.38 1057.6 393.378 46.4013
 2634.31 8939.85 2793.13 546.493 227.248
 678.659 1146.8 681.348 212.878 58.9705
 235.293 381.175 126.54 75.1814 29.9963
 1954.38 6164.32 2001.45 664.428 552.261
 2093.79 2938.44 1744.48 566.404 344.319
 3906.01 9327.26 2524.63 1498.81 782.468
 5385.07 9437.63 4156.16 1124.96 1016.52
 3448.67 9586.39 3069.84 1351.9 696.573
 3686.76 15567.3 8067.51 2583.46 1723.92
 2104.42 6969.12 4979.32 2580.45 1377.74
 3152.49 6153.31 3490.12 2493.63 1982.26
 3609.92 8515.26 2587.38 1467.55 1882.05
 2448.42 4603.02 1385.06 420.853 544.832
 1065.98 1767.25 470.276 141.507 98.6611
 670.047 1764.8 522.257 138.976 70.9742
 600.058 1034.11 501.079 148.284 59.611
 573.288 1124.32 367.168 177.912 73.8147
 928.537 1339.32 503.655 164.478 112.764
 663.946 1053.48 291.234 109.52 60.2861
 1188.71 1939.45 605.69 167.443 97.6286
 1901.52 3030.91 967.946 302.289 132.293
 2314.59 4288.72 1335.03 426.353 191.421
 753.347 4924.61 1784.84 555.601 257.099
 1117.88 1943.33 2492.88 903.504 411.397
 2587.85 3727.4 1268.6 1627.35 858.363
F
 0.063556 0.315224 0.315224 0.315224 0.315224
 0.0460266 0.228282 0.228282 0.228282 0.228282
 0.0622463 0.308728 0.308728 0.308728 0.308728
 0.0116868 0.0579641 0.0579641 0.0579641 0.0579641
 0.00269845 0.0133837 0.0133837 0.0133837 0.0133837
 0.030721 0.15237 0.15237 0.15237 0.15237
 0.0199227 0.0988123 0.0988123 0.0988123 0.0988123
 0.0396885 0.196846 0.196846 0.196846 0.196846
 0.0437325 0.216903 0.216903 0.216903 0.216903
 0.0349283 0.173237 0.173237 0.173237 0.173237
 0.0768022 0.380922 0.380922 0.380922 0.380922
 0.0716447 0.355342 0.355342 0.355342 0.355342
 0.111746 0.554237 0.554237 0.554237 0.554237
 0.191731 0.950943 0.950943 0.950943 0.950943
 0.15052 0.746547 0.746547 0.746547 0.746547
 0.053887 0.267268 0.267268 0.267268 0.267268
 0.0407546 0.202134 0.202134 0.202134 0.202134
 0.0277443 0.137606 0.137606 0.137606 0.137606
 0.0225096 0.111643 0.111643 0.111643 0.111643
 0.022714 0.112656 0.112656 0.112656 0.112656
 0.0108507 0.0538171 0.0538171 0.0538171 0.0538171
 0.0133289 0.0661086 0.0661086 0.0661086 0.0661086
 0.014343 0.0711379 0.0711379 0.0711379 0.0711379
 0.0136394 0.0676485 0.0676485 0.0676485 0.0676485
 0.0121925 0.0604719 0.0604719 0.0604719 0.0604719
 0.0132334 0.0656346 0.0656346 0.0656346 0.0656346
 0.0188012 0.0932496 0.0932496 0.0932496 0.0932496
Np
 69697.2 32299.2 33149.1 9231.94 4249.5
YTP_r0W_actual
 76308.6 266225 131718 215781 126305
YTP_p0W_proyectada
 27558.7 432438 175074 76094.8 157327
 27558.7 148510 221571 78804.2 40254.1
CTP_r0_actual
 9305.93 12325.2 4194.83 5381.08 2838.31
CTP_p0_proyectada
 3360.82 20020.3 5575.59 1897.63 3535.44
 3360.82 6875.48 7056.41 1965.19 904.586
Wmedp
 8.2 21.6 31.4 40.1 44.5
nmprior
 10.8 10.6 4.6 0
nm_flota  nm_reclas  nm_pelaces    nm_pelaL
inf 11.4507 18.1756 57.9808
cv_recla  cv_pelaces  cv_mph
0.731028 0.601565 0.629189
 ------------------------------------------------
Talla a la edad & desviaci?n 
 7.2 14.2025 17.0495 18.207 18.6776
 1.08 2.13037 2.55742 2.73105 2.80164
