years
 1997 1998 1999 2000 2001 2002 2003 2004 2005 2006 2007 2008 2009 2010 2011 2012 2013 2014 2015 2016 2017 2018 2019 2020 2021 2022 2023
reclasobs
 0 0 0 370054 412103 1.49427e+06 250295 1.28982e+06 931140 785840 897777 1.04006e+06 184774 17550 25797 100020 73551 82996 120727 218422 84188 347160 605670 569463 516374 1.08416e+06 1.01767e+06
reclaspred
 507490 130609 328943 207956 311488 370476 792258 570035 737361 814262 712797 491186 272413 102442 73235.7 74338.8 80992.4 107460 122192 160280 252167 268940 494287 626896 784309 690176 579307
pelacesobs
 0 0 0 0 0 0 0 0 0 2.06254e+06 1.5e+06 0 1.87456e+06 323000 250000 174000 83755 137374 0 501740 490994 745055 786931 1.00524e+06 1.33801e+06 1.41789e+06 0
pelacespred
 1.70241e+06 386122 548623 574875 770625 670714 1.82927e+06 1.48246e+06 1.84128e+06 2.025e+06 1.48358e+06 1.05231e+06 574521 176816 135231 145007 161974 224505 253724 327851 614747 612724 903956 1.34044e+06 1.60346e+06 1.5166e+06 1.20848e+06
mphobs
 0 0 0 0 0 0 112323 0 153150 637223 0 255016 313432 73983 77613 109348 50772 17779 17303 59886 28197 0 207744 136588 643089 65757 70829
mphpred
 181402 99944.5 109487 100143 107649 170064 233806 300192 284596 356534 366610 252603 146205 101035 48719.7 45349.2 44658.2 56854.1 28988.4 31906.4 49797.4 68958.6 93209.3 140129 180769 166060 137508
desembarqueobs
 350755 77701 442110 56441 14545 235359 269955 359681 431902 328805 639364 411747 362871 311530 167758 66681 60226 58785 57116 73181 50977 67692 138656 160484 209506 203330 245020
desembarquepred
 350762 77700 442099 56445.6 14545.5 235503 270035 359638 431858 328812 639392 411819 363093 311454 167539 66681.6 60263.1 58785.5 57098.9 73184.6 50977.7 67679.2 138659 160496 209544 203351 245010
Reclutas
 36131.7 43296.7 20770.3 27586.5 46847.2 32422 68969.3 70343.6 113073 114304 63693.7 44167.7 41496.9 28619.8 16455.5 12603.6 8817.13 11397.3 12836.5 17663.5 28895.9 40722.9 58592.9 76736 27455.3 38430.4 59837.6
log_desv_Rt
 0.0349263 0.215831 -0.51872 -0.234917 0.294647 -0.0734077 0.681417 0.701147 1.17579 1.18662 0.60184 0.23575 0.173374 -0.198144 -0.751586 -1.01826 -1.37555 -1.11887 -0.99995 -0.680742 -0.188547 0.154546 0.518368 0.788127 -0.239684 0.0966048 0.53939
SSB
 431817 237912 260627 238383 256252 404827 539263 704869 659426 829994 872691 601306 362126 163580 82819.2 76459.5 79114.2 95109.2 121638 142014 207420 279479 388948 557045 789640 749410 583049
BT
 1.52041e+06 365536 616919 420493 504997 580772 1.45439e+06 1.36155e+06 1.66506e+06 1.61879e+06 1.49489e+06 1.02999e+06 729810 408109 232574 148629 154978 194849 205629 269719 446181 431913 653295 970751 1.09413e+06 1.07027e+06 958982
Ftot
 1.05752 0.958772 1.6768 0.378863 0.0705818 0.736838 0.504737 0.942511 0.9819 0.607227 1.08741 0.979027 1.67427 3.92398 3.71729 1.33329 1.06931 0.79663 0.629627 0.642435 0.305859 0.33805 0.360053 0.350904 0.301372 0.319012 0.523268
BD_Bspro_t
 0.905567 0.630477 0.54644 0.353676 0.495371 0.662876 0.591719 0.623033 0.571219 0.578561 0.557258 0.395327 0.285525 0.171083 0.107211 0.119325 0.165413 0.251983 0.356138 0.452084 0.575157 0.70541 0.736133 0.744768 0.756751 0.690575 0.632388
BD_Bspro
 0.599198 0.330131 0.361652 0.330785 0.355581 0.561747 0.748292 0.978091 0.915034 1.15172 1.21096 0.834385 0.502494 0.226987 0.114922 0.106097 0.10978 0.131976 0.168788 0.197061 0.287821 0.38781 0.539712 0.772967 1.09572 1.0399 0.80905
BD_Bo
 0.5143 0.283356 0.310411 0.283918 0.3052 0.482155 0.64227 0.83951 0.785387 0.988535 1.03939 0.716165 0.431298 0.194827 0.0986389 0.0910644 0.0942262 0.113277 0.144873 0.169141 0.247041 0.332863 0.463243 0.663449 0.940473 0.892559 0.69442
BD_Brms
 0.935091 0.515193 0.564384 0.516214 0.554909 0.876646 1.16776 1.52638 1.42798 1.79734 1.8898 1.30212 0.784177 0.35423 0.179344 0.165572 0.17132 0.205957 0.263406 0.307528 0.449165 0.605206 0.84226 1.20627 1.70995 1.62283 1.26258
S_f
 0.0950724 0.666239 0.974311 0.998614 0.999927
 0.0950724 0.666239 0.974311 0.998614 0.999927
 0.0950724 0.666239 0.974311 0.998614 0.999927
 0.0950724 0.666239 0.974311 0.998614 0.999927
 0.0950724 0.666239 0.974311 0.998614 0.999927
 0.0950724 0.666239 0.974311 0.998614 0.999927
 0.0950724 0.666239 0.974311 0.998614 0.999927
 0.0950724 0.666239 0.974311 0.998614 0.999927
 0.0950724 0.666239 0.974311 0.998614 0.999927
 0.0950724 0.666239 0.974311 0.998614 0.999927
 0.0950724 0.666239 0.974311 0.998614 0.999927
 0.0950724 0.666239 0.974311 0.998614 0.999927
 0.0950724 0.666239 0.974311 0.998614 0.999927
 0.0950724 0.666239 0.974311 0.998614 0.999927
 0.0950724 0.666239 0.974311 0.998614 0.999927
 0.0950724 0.666239 0.974311 0.998614 0.999927
 0.0950724 0.666239 0.974311 0.998614 0.999927
 0.0950724 0.666239 0.974311 0.998614 0.999927
 0.0950724 0.666239 0.974311 0.998614 0.999927
 0.0950724 0.666239 0.974311 0.998614 0.999927
 0.0950724 0.666239 0.974311 0.998614 0.999927
 0.0950724 0.666239 0.974311 0.998614 0.999927
 0.0950724 0.666239 0.974311 0.998614 0.999927
 0.0950724 0.666239 0.974311 0.998614 0.999927
 0.0950724 0.666239 0.974311 0.998614 0.999927
 0.0950724 0.666239 0.974311 0.998614 0.999927
 0.0950724 0.666239 0.974311 0.998614 0.999927
Scru_reclas
 0.523873 0.847032 0.965359 0.99292 0.998585
 0.523873 0.847032 0.965359 0.99292 0.998585
 0.523873 0.847032 0.965359 0.99292 0.998585
 0.523873 0.847032 0.965359 0.99292 0.998585
 0.523873 0.847032 0.965359 0.99292 0.998585
 0.523873 0.847032 0.965359 0.99292 0.998585
 0.523873 0.847032 0.965359 0.99292 0.998585
 0.523873 0.847032 0.965359 0.99292 0.998585
 0.523873 0.847032 0.965359 0.99292 0.998585
 0.523873 0.847032 0.965359 0.99292 0.998585
 0.523873 0.847032 0.965359 0.99292 0.998585
 0.523873 0.847032 0.965359 0.99292 0.998585
 0.523873 0.847032 0.965359 0.99292 0.998585
 0.523873 0.847032 0.965359 0.99292 0.998585
 0.523873 0.847032 0.965359 0.99292 0.998585
 0.523873 0.847032 0.965359 0.99292 0.998585
 0.523873 0.847032 0.965359 0.99292 0.998585
 0.523873 0.847032 0.965359 0.99292 0.998585
 0.523873 0.847032 0.965359 0.99292 0.998585
 0.523873 0.847032 0.965359 0.99292 0.998585
 0.523873 0.847032 0.965359 0.99292 0.998585
 0.523873 0.847032 0.965359 0.99292 0.998585
 0.523873 0.847032 0.965359 0.99292 0.998585
 0.523873 0.847032 0.965359 0.99292 0.998585
 0.523873 0.847032 0.965359 0.99292 0.998585
 0.523873 0.847032 0.965359 0.99292 0.998585
 0.523873 0.847032 0.965359 0.99292 0.998585
Scru_pelaces
 0.694244 1 1 1 1
 0.694244 1 1 1 1
 0.694244 1 1 1 1
 0.694244 1 1 1 1
 0.694244 1 1 1 1
 0.694244 1 1 1 1
 0.694244 1 1 1 1
 0.694244 1 1 1 1
 0.694244 1 1 1 1
 0.694244 1 1 1 1
 0.694244 1 1 1 1
 0.694244 1 1 1 1
 0.694244 1 1 1 1
 0.694244 1 1 1 1
 0.694244 1 1 1 1
 0.694244 1 1 1 1
 0.694244 1 1 1 1
 0.694244 1 1 1 1
 0.694244 1 1 1 1
 0.694244 1 1 1 1
 0.694244 1 1 1 1
 0.694244 1 1 1 1
 0.694244 1 1 1 1
 0.694244 1 1 1 1
 0.694244 1 1 1 1
 0.694244 1 1 1 1
 0.694244 1 1 1 1
pf_obs 
 0.256992 0.487395 0.22802 0.0275931 0
 0.321318 0.546541 0.124235 0.00734118 0.000564706
 0.182869 0.594174 0.210203 0.0122559 0.00049798
 0.330522 0.361315 0.267642 0.0388342 0.00168674
 0.649043 0.306663 0.0425973 0.00169635 0
 0.582887 0.30429 0.105238 0.00758474 0
 0.465427 0.430635 0.0974691 0.00646863 0
 0.296916 0.608066 0.0921331 0.00288517 0
 0.311714 0.524322 0.152257 0.0117073 0
 0.15457 0.633149 0.183074 0.0267441 0.00246327
 0.131901 0.49318 0.331252 0.0422183 0.00144891
 0.196976 0.569456 0.194076 0.0375587 0.00193317
 0.518974 0.381816 0.0799577 0.0180837 0.00116848
 0.0928022 0.601141 0.25162 0.0475244 0.00691264
 0.122501 0.610282 0.24278 0.0234846 0.000952079
 0.383417 0.481906 0.127806 0.00687128 0
 0.0376549 0.599619 0.316969 0.0457579 0
 0.0361596 0.667082 0.258105 0.0386534 0
 0.158088 0.579412 0.248529 0.0139706 0
 0.0477256 0.309471 0.559284 0.082774 0.000745712
 0.0406174 0.521527 0.379366 0.0568643 0.0016247
 0.151134 0.462217 0.34131 0.0453401 0
 0.294876 0.26143 0.354403 0.0886775 0.000613685
 0.281977 0.475581 0.204845 0.0348837 0.00271318
 0.0841818 0.532909 0.334909 0.0458182 0.00218182
 0.115287 0.27431 0.454777 0.147771 0.00785563
 0 0 0 0 0
pf_pred 
 0.300554 0.477228 0.198494 0.0237096 1.37172e-05
 0.274484 0.574959 0.119225 0.0281052 0.00322668
 0.144073 0.655409 0.174416 0.0208363 0.00526649
 0.237058 0.48248 0.243715 0.0321755 0.00457218
 0.253943 0.493143 0.183416 0.0606184 0.00887907
 0.138241 0.57868 0.209648 0.0536145 0.0198165
 0.288198 0.388689 0.249571 0.0549569 0.0185848
 0.224724 0.584981 0.124926 0.05085 0.0145188
 0.309698 0.486447 0.171828 0.0213029 0.0107239
 0.225146 0.609526 0.133272 0.0271849 0.00487094
 0.129017 0.589852 0.240832 0.0326907 0.00760751
 0.137412 0.493786 0.291124 0.0669296 0.0107478
 0.207557 0.481421 0.218263 0.0738223 0.0189367
 0.278968 0.569163 0.115864 0.0256595 0.0103459
 0.313373 0.637298 0.0460539 0.00255759 0.000718132
 0.280487 0.658987 0.0591989 0.00124651 8.05571e-05
 0.185325 0.632332 0.173834 0.00832951 0.000178456
 0.245955 0.494575 0.223119 0.0347189 0.001632
 0.226107 0.55629 0.165708 0.0448447 0.00704972
 0.249039 0.508024 0.195805 0.0361731 0.0109584
 0.273922 0.508256 0.168225 0.0402311 0.00936571
 0.240615 0.530953 0.178228 0.0390193 0.0111848
 0.236681 0.507306 0.199843 0.044099 0.0120709
 0.220034 0.518195 0.197064 0.0508284 0.0138782
 0.0683745 0.597019 0.251745 0.0628202 0.0200411
 0.123787 0.276402 0.438286 0.122366 0.0391593
 0.211617 0.403964 0.158938 0.166016 0.0594646
pobs_RECLAS
 0 0 0 0 0
 0 0 0 0 0
 0 0 0 0 0
 0 0 0 0 0
 0.835266 0.146461 0.0176864 0.000547809 3.91292e-05
 0.385257 0.428462 0.181853 0.0044286 0
 0.867414 0.0963971 0.0333333 0.00285562 0
 0.441836 0.489002 0.0689373 0.000224442 0
 0.779404 0.147425 0.0564933 0.0165055 0.000172143
 0.814271 0.122319 0.05973 0.00367925 0
 0.40263 0.566651 0.0304383 0.000280538 0
 0.475488 0.404961 0.113038 0.00651328 0
 0.955842 0.0263864 0.0167828 0.000988607 0
 0.975058 0.0227948 0.00214734 0 0
 0.738997 0.206755 0.0527124 0.00153531 0
 0.850938 0.134255 0.0134407 0.00136685 0
 0.542534 0.407297 0.0501686 0 0
 0.764087 0.199537 0.0359546 0.000420521 0
 0.470689 0.182191 0.310203 0.0369168 0
 0.84361 0.089868 0.0606195 0.00523954 0.000663233
 0.607945 0.314616 0.071237 0.00620181 0
 0.523733 0.453247 0.0230204 0 0
 0.530135 0.295979 0.169645 0.0042399 0
 0.562478 0.366248 0.0663022 0.0049721 0
 0.250443 0.683176 0.0655157 0.000865301 0
 0.195077 0.31981 0.436473 0.0351445 0.0134964
 0.565238 0.351407 0.0832357 0.000118908 0
ppred_RECLAS
 0.681267 0.236388 0.0735543 0.00878547 5.10416e-06
 0.644493 0.29699 0.0463303 0.0109265 0.00125973
 0.464245 0.439411 0.0838347 0.00997689 0.00253176
 0.598725 0.276961 0.10798 0.0142942 0.00204005
 0.615166 0.274964 0.0795922 0.0263947 0.00388308
 0.438316 0.409258 0.112811 0.0288915 0.0107243
 0.666922 0.20319 0.100247 0.0221262 0.00751474
 0.583511 0.334511 0.0537899 0.0219063 0.00628115
 0.687912 0.237338 0.0629885 0.00781186 0.00394905
 0.576498 0.350677 0.058675 0.011992 0.00215795
 0.425191 0.423914 0.129254 0.0175415 0.00409919
 0.447899 0.353601 0.156661 0.036029 0.00581007
 0.586125 0.282923 0.0919789 0.0309914 0.00798149
 0.728659 0.235901 0.0271873 0.00587639 0.00237615
 0.742081 0.246838 0.0103604 0.000562768 0.000158488
 0.650598 0.327301 0.0216165 0.000454439 2.94892e-05
 0.524766 0.390953 0.0803483 0.00384959 8.28211e-05
 0.615441 0.275058 0.094142 0.0146667 0.000692361
 0.582296 0.321501 0.073217 0.0198515 0.00313412
 0.615493 0.281569 0.082922 0.0153471 0.00466926
 0.639589 0.270614 0.0692924 0.0166195 0.00388581
 0.598917 0.300937 0.0780711 0.0171403 0.00493456
 0.596029 0.290613 0.0884148 0.0195642 0.00537842
 0.572968 0.307082 0.0902167 0.0233343 0.00639887
 0.259343 0.516473 0.168502 0.0421705 0.013512
 0.423059 0.215284 0.263986 0.0739146 0.0237568
 0.572658 0.246713 0.0745325 0.0780278 0.028069
pobs_PELACES
 0 0 0 0 0
 0 0 0 0 0
 0 0 0 0 0
 0 0 0 0 0
 0 0 0 0 0
 0 0 0 0 0
 0 0 0 0 0
 0 0 0 0 0
 0 0 0 0 0
 0 0 0 0 0
 0.450072 0.473896 0.0757376 0.000293798 0
 0 0 0 0 0
 0.463077 0.371075 0.160297 0.00555027 0
 0.529543 0.364841 0.0842815 0.0213345 0
 0.631943 0.363953 0.00410389 0 0
 0.735681 0.248677 0.0153453 0.000297389 0
 0.695825 0.281241 0.0229344 0 0
 0.275771 0.60734 0.115278 0.00161068 0
 0 0 0 0 0
 0.896147 0.0623911 0.0374545 0.00400742 0
 0.803859 0.145111 0.0509908 3.86294e-05 0
 0.739449 0.233085 0.0266225 0.000797448 4.60066e-05
 0.878498 0.100942 0.0204185 0.000141795 0
 0.694673 0.275183 0.0284847 0.00165964 0
 0.469039 0.446079 0.0841089 0.000773354 0
 0.822795 0.102175 0.0682046 0.00682512 0
 0 0 0 0 0
ppred_PELACES
 0.756142 0.191496 0.0469528 0.00540641 3.12175e-06
 0.716338 0.245455 0.0304772 0.00693465 0.000794643
 0.583463 0.358668 0.0506316 0.00577999 0.00145737
 0.654234 0.251029 0.0826293 0.0106024 0.00150433
 0.654185 0.257052 0.0648202 0.0208874 0.00305535
 0.515078 0.372889 0.0836779 0.0207128 0.00764235
 0.726063 0.179184 0.0736877 0.0157487 0.00531724
 0.662216 0.283154 0.0363003 0.0142649 0.00406529
 0.758187 0.193664 0.0408132 0.00488257 0.00245318
 0.638751 0.308708 0.0426084 0.00842547 0.00150715
 0.51952 0.375921 0.0900457 0.011778 0.00273544
 0.542426 0.31721 0.111629 0.0247648 0.00396925
 0.704352 0.220917 0.0531543 0.0171804 0.00439633
 0.869816 0.11974 0.0081252 0.00165457 0.000664108
 0.868801 0.127763 0.00322445 0.000165286 4.62097e-05
 0.731741 0.255074 0.0129076 0.000261016 1.68319e-05
 0.611826 0.331948 0.0536933 0.00247975 5.30227e-05
 0.688473 0.2359 0.065332 0.00983277 0.000461375
 0.647857 0.283003 0.0530436 0.0139122 0.00218338
 0.680807 0.245816 0.0595035 0.0106521 0.00322155
 0.687036 0.244459 0.0532412 0.0123848 0.00287889
 0.650336 0.273141 0.0600742 0.0127883 0.00366023
 0.649835 0.263749 0.0678758 0.0145604 0.00397948
 0.627532 0.280447 0.069759 0.0174928 0.00476905
 0.303909 0.509403 0.141424 0.0343283 0.0109354
 0.49241 0.210202 0.218943 0.059449 0.0189964
 0.642906 0.223576 0.0561935 0.0569562 0.0203681
pobs_pel_tallas
 0 0 0 0 0 0 0 0 0 0 0 0 0 0 0 0 0 0 0 0 0 0 0 0 0 0 0 0 0 0 0 0 0 0 0 0
 0 0 0 0 0 0 0 0 0 0 0 0 0 0 0 0 0 0 0 0 0 0 0 0 0 0 0 0 0 0 0 0 0 0 0 0
 0 0 0 0 0 0 0 0 0 0 0 0 0 0 0 0 0 0 0 0 0 0 0 0 0 0 0 0 0 0 0 0 0 0 0 0
 0 0 0 0 0 0 0 0 0 0 0 0 0 0 0 0 0 0 0 0 0 0 0 0 0 0 0 0 0 0 0 0 0 0 0 0
 0 0 0 0 0 0 0 0 0 0 0 0 0 0 0 0 0 0 0 0 0 0 0 0 0 0 0 0 0 0 0 0 0 0 0 0
 0 0 0 0 0 0 0 0 0 0 0 0 0 0 0 0 0 0 0 0 0 0 0 0 0 0 0 0 0 0 0 0 0 0 0 0
 0 0 0 0 0 0 0 0 0 0 0 0 0 0 0 0 0 0 0 0 0 0 0 0 0 0 0 0 0 0 0 0 0 0 0 0
 0 0 0 0 0 0 0 0 0 0 0 0 0 0 0 0 0 0 0 0 0 0 0 0 0 0 0 0 0 0 0 0 0 0 0 0
 0 0 0 0 0 0 0 0 0 0 0 0 0 0 0 0 0 0 0 0 0 0 0 0 0 0 0 0 0 0 0 0 0 0 0 0
 0 0 0 0 0 0 0 0 0 0 0 0 0 0 0 0 0 0 0 0 0 0 0 0 0 0 0 0 0 0 0 0 0 0 0 0
 0 0 0 0 0 0 0 0 1.78061e-05 0.00172719 0.00360574 0.0105946 0.0120993 0.0124554 0.0147524 0.0171206 0.0266825 0.0428682 0.0675386 0.121331 0.153587 0.119568 0.100827 0.0573624 0.0630603 0.0341343 0.0324427 0.0444173 0.0211091 0.0280891 0.0125444 0.00206551 0 0 0 0
 0 0 0 0 0 0 0 0 0 0 0 0 0 0 0 0 0 0 0 0 0 0 0 0 0 0 0 0 0 0 0 0 0 0 0 0
 0 0 0 0 0 0 0.0133647 0.0140871 0.0187388 0.0205184 0.03894 0.0496705 0.03968 0.0493445 0.0407372 0.0367815 0.0215668 0.0243155 0.0234873 0.0199281 0.019796 0.0243948 0.0301388 0.0376714 0.0412746 0.0863199 0.0771752 0.113111 0.0741005 0.0525337 0.0229764 0.00759418 0.00175318 0 0 0
 0 0 0 0 0 0 0 0 0 0 0.00219441 0.00772107 0.0458388 0.0604681 0.0671733 0.0775358 0.0609151 0.0617685 0.073594 0.0568108 0.0755445 0.0548602 0.0670107 0.0636378 0.0643287 0.046367 0.0373049 0.0286899 0.0247887 0.0153202 0.00654259 0.00121912 0.000365735 0 0 0
 0 0 0 0 0 0 0 0 0 0 0 0 0.000112435 0.00938835 0.0111873 0.0202946 0.0414886 0.0713402 0.111592 0.104902 0.108894 0.110636 0.117776 0.105296 0.107544 0.0401394 0.0192827 0.0124803 0.00416011 0.0028671 0.000618394 0 0 0 0 0
 0 0 0 0 0 0 0 0 0 0 0.00291406 0.0102884 0.027416 0.0768956 0.0749926 0.110853 0.0956884 0.0897413 0.0766577 0.0534642 0.0500743 0.0551293 0.0594112 0.0620874 0.0668451 0.0424026 0.0208742 0.0120726 0.0048766 0.00582813 0.00118941 0.000297354 0 0 0 0
 0 0.00264628 0.0354308 0.0461629 0.0458689 0.0383711 0.0214643 0.0164657 0.0346957 0.0420465 0.0363128 0.0245516 0.0311673 0.0291091 0.0169068 0.0133784 0.00837989 0.0085269 0.0148486 0.0160247 0.0276389 0.0546898 0.0760071 0.122758 0.109233 0.0665981 0.0333725 0.0166128 0.00676272 0.00308733 0.000882094 0 0 0 0 0
 0 0 0 0 0 0 0 0.000805153 0.000690131 0.00759144 0.0133425 0.0154129 0.00931677 0.000345066 0.00356568 0.00563607 0.00851162 0.0253048 0.0502646 0.0516448 0.0657925 0.0565908 0.0611916 0.0827007 0.0866115 0.110766 0.145733 0.0935128 0.0569358 0.0249597 0.0138026 0.00621118 0.00161031 0.00115022 0 0
 0 0 0 0 0 0 0 0 0 0 0 0 0 0 0 0 0 0 0 0 0 0 0 0 0 0 0 0 0 0 0 0 0 0 0 0
 0.00147267 0.00158595 0.00478618 0.00569244 0.00954404 0.0108468 0.00647125 0.017049 0.0510054 0.094081 0.124002 0.0959785 0.0687766 0.0820023 0.061753 0.0591476 0.0492212 0.0479892 0.0443925 0.0268479 0.0217502 0.0140895 0.0121071 0.0120363 0.00920419 0.00665534 0.0049561 0.00860946 0.00930331 0.0156896 0.0114698 0.00855282 0.00243557 0.00046729 0 2.83206e-05
 0 0 0 0 0.000772559 0.00158375 0.000888443 0.00281984 0.00712685 0.0440552 0.0773331 0.111326 0.0921469 0.0852325 0.0710754 0.0886704 0.0786465 0.0553345 0.0373146 0.0185414 0.00753245 0.00457741 0.012979 0.0271748 0.0457355 0.0583668 0.034881 0.0177882 0.00938659 0.00492506 0.0015258 0.00185414 0.000309023 5.79419e-05 3.86279e-05 0
 0 0.00173294 0.00326652 0 0.00397197 0.00683976 0.00946217 0.0152591 0.00757587 0.0136028 0.0228656 0.0392903 0.0559909 0.0764795 0.0681675 0.0726916 0.0566044 0.0477403 0.0527397 0.0444891 0.0609904 0.0582453 0.0661739 0.0445044 0.0529084 0.0360697 0.0280645 0.0235558 0.0158879 0.00826598 0.00280645 0.00217768 0.000904811 0.00058276 9.20147e-05 0
 0 0 0 0 0 0 0 0 0 0 0 0 0 0 0 0 0 0 0 0 0 0 0 0 0 0 0 0 0 0 0 0 0 0 0 0
 0 0 0 0 0 0 0 0 0 0 0 0 0 0 0 0 0 0 0 0 0 0 0 0 0 0 0 0 0 0 0 0 0 0 0 0
 0 0 0 0 0 0 0 0 0 0 0 0 0 0 0 0 0 0 0 0 0 0 0 0 0 0 0 0 0 0 0 0 0 0 0 0
 0 0 0 0 0 0 0 0 0 0 0 0 0 0 0 0 0 0 0 0 0 0 0 0 0 0 0 0 0 0 0 0 0 0 0 0
 0 0 0 0 0 0 0 0 0 0 0 0 0 0 0 0 0 0 0 0 0 0 0 0 0 0 0 0 0 0 0 0 0 0 0 0
ppred_pel_tallas
 1.00915e-16 3.29918e-05 0.000193635 0.000920449 0.00354378 0.0110509 0.0279138 0.0571155 0.0946758 0.127148 0.138366 0.122058 0.0873929 0.0510425 0.0248452 0.0110688 0.00611862 0.00575743 0.00738059 0.00982629 0.0125893 0.0153339 0.0177401 0.0195108 0.020427 0.020396 0.0194704 0.0178274 0.01572 0.0134156 0.0111427 0.00905955 0.00724803 0.00572753 0.00447786 0.00346148
 1.00789e-16 3.12583e-05 0.000183453 0.000872032 0.00335734 0.0104695 0.0264453 0.0541112 0.0896976 0.120468 0.131112 0.115694 0.0829126 0.04858 0.0239339 0.0111491 0.00684537 0.00702374 0.009213 0.0122808 0.0156851 0.0190178 0.0218725 0.023874 0.024753 0.0244088 0.0229322 0.0205763 0.0176906 0.0146377 0.0117219 0.00914621 0.00700548 0.00530514 0.00399436 0.00299856
 1.01103e-16 2.5469e-05 0.000149454 0.000710374 0.00273488 0.00852837 0.0215422 0.04408 0.0730743 0.0981569 0.106868 0.0943915 0.0678449 0.040152 0.0205271 0.0108131 0.00832673 0.00986003 0.0134036 0.0179703 0.022974 0.0278668 0.0320635 0.0350155 0.0363274 0.0358491 0.0337098 0.0302764 0.0260575 0.0215819 0.0172948 0.0134956 0.0103265 0.00779965 0.00584518 0.00435753
 1.0169e-16 2.85507e-05 0.000167555 0.000796453 0.00306634 0.00956205 0.0241531 0.0494213 0.0819243 0.110032 0.119761 0.105697 0.0757901 0.0444917 0.0220793 0.0105568 0.0068564 0.00734432 0.00977627 0.0131203 0.0168693 0.0206231 0.02397 0.026519 0.0279751 0.0282035 0.0272544 0.0253388 0.0227669 0.0198707 0.0169372 0.0141697 0.0116801 0.00950619 0.00763969 0.00605222
 1.01865e-16 2.85487e-05 0.000167544 0.000796396 0.00306612 0.00956135 0.0241513 0.0494177 0.0819186 0.110024 0.119754 0.105693 0.0757931 0.0445046 0.0221061 0.0106026 0.00692766 0.00744751 0.00991571 0.0132956 0.0170729 0.0208388 0.0241738 0.0266817 0.0280683 0.0282053 0.0271559 0.0251475 0.0225064 0.0195771 0.0166524 0.0139332 0.0115224 0.00944412 0.0076749 0.00617306
 1.02379e-16 2.24877e-05 0.000131949 0.000627153 0.00241445 0.00752912 0.0190183 0.0389159 0.0645152 0.0866656 0.0943712 0.0833892 0.0600135 0.0356716 0.0185224 0.0102221 0.00843317 0.010349 0.014207 0.0191238 0.0245424 0.0299119 0.0346307 0.0381265 0.0399768 0.0400034 0.0383092 0.0352372 0.0312747 0.0269342 0.0226493 0.0187158 0.0152816 0.012375 0.00995133 0.00793679
 1.01895e-16 3.16798e-05 0.000185933 0.000883836 0.00340281 0.0106113 0.0268034 0.0548435 0.0909096 0.12209 0.132862 0.117203 0.0839163 0.0490122 0.0238585 0.0106345 0.00589205 0.00556834 0.00717124 0.00959714 0.0123752 0.0151975 0.0177682 0.0198068 0.0210972 0.0215324 0.0211327 0.020029 0.0184217 0.0165278 0.0145366 0.0125839 0.0107482 0.0090633 0.00753653 0.00616556
 1.01288e-16 2.88999e-05 0.000169603 0.000806181 0.00310378 0.00967881 0.0244481 0.050025 0.0829259 0.111379 0.121233 0.107009 0.0767598 0.0451183 0.0224953 0.0109273 0.00731484 0.00797965 0.0106398 0.0142274 0.0181921 0.0220825 0.0254349 0.0278179 0.0289207 0.0286251 0.0270316 0.0244265 0.0212055 0.0177789 0.0144896 0.0115653 0.00911103 0.0071318 0.0055707 0.00434635
 1.00925e-16 3.30811e-05 0.000194158 0.000922939 0.00355336 0.0110808 0.0279893 0.05727 0.0949319 0.127492 0.138741 0.122389 0.0876311 0.051184 0.0249182 0.0111079 0.00614866 0.00579121 0.00742268 0.00987616 0.0126424 0.0153821 0.0177718 0.0195124 0.0203852 0.0203006 0.0193166 0.0176176 0.0154643 0.0131304 0.0108481 0.00877612 0.00699387 0.00551576 0.0043154 0.00334906
 1.01066e-16 2.78778e-05 0.0001636 0.000777636 0.00299387 0.00933604 0.0235823 0.0482538 0.0799908 0.10744 0.116954 0.103253 0.0741092 0.0436493 0.0219279 0.0109251 0.00766655 0.00861488 0.011569 0.0154832 0.019793 0.0240132 0.0276381 0.0301958 0.0313461 0.03096 0.0291478 0.0262245 0.0226256 0.0188043 0.015141 0.0118911 0.00917491 0.0070019 0.00531157 0.00401396
 1.01934e-16 2.26816e-05 0.000133087 0.000632562 0.00243527 0.00759406 0.0191823 0.0392516 0.0650716 0.087413 0.095185 0.084108 0.0605304 0.035978 0.0186798 0.0103062 0.00849894 0.0104267 0.0143108 0.0192593 0.0247085 0.0301012 0.0348282 0.0383098 0.0401177 0.0400708 0.0382728 0.0350717 0.0309636 0.026472 0.0220431 0.0179846 0.0144546 0.0114885 0.00904468 0.00704873
 1.02725e-16 2.36781e-05 0.000138943 0.000660411 0.00254252 0.00792852 0.020027 0.0409795 0.0679341 0.0912519 0.099348 0.0877461 0.0630604 0.0373051 0.0190457 0.00999623 0.00766679 0.00908516 0.0124015 0.0167251 0.021546 0.0263921 0.0307517 0.0341316 0.0361568 0.0366499 0.0356643 0.0334525 0.030391 0.0268836 0.0232797 0.0198263 0.0166614 0.0138351 0.0113446 0.00916654
 1.01623e-16 3.07347e-05 0.000180381 0.000857432 0.00330114 0.0102943 0.0260026 0.0532052 0.0881952 0.118449 0.12891 0.113742 0.0814933 0.0477078 0.0234295 0.0107913 0.00646532 0.00651993 0.00853288 0.0114082 0.0146405 0.0178635 0.0207138 0.0228514 0.0240243 0.0241239 0.0232066 0.0214694 0.0191948 0.0166799 0.0141763 0.0118562 0.00980625 0.00804492 0.00654965 0.00528229
 1.00243e-16 3.79456e-05 0.000222724 0.00105876 0.00407633 0.0127117 0.0321087 0.0656979 0.108899 0.146241 0.159118 0.140304 0.100326 0.0583319 0.0278991 0.0115875 0.00521342 0.00386524 0.00453745 0.00592683 0.00753634 0.00911097 0.0104421 0.0113461 0.011694 0.0114412 0.0106377 0.00941406 0.00794756 0.00642099 0.00498651 0.00374447 0.0027394 0.00196976 0.00140475 0.00100119
 1.00096e-16 3.79016e-05 0.000222465 0.00105753 0.00407159 0.0126969 0.0320713 0.0656215 0.108773 0.146071 0.158936 0.140147 0.100223 0.0582904 0.0279133 0.0116519 0.00532961 0.00404187 0.00478508 0.0062523 0.00793776 0.00957422 0.0109396 0.0118388 0.0121362 0.0117877 0.010852 0.00947427 0.00784998 0.00617966 0.00462968 0.00330886 0.00226399 0.00149045 0.000950572 0.000592529
 1.00277e-16 3.19303e-05 0.000187397 0.000890782 0.00342953 0.0106946 0.0270139 0.0552747 0.0916264 0.123059 0.133932 0.118183 0.0846983 0.0496298 0.024457 0.0114011 0.00700747 0.00718829 0.00941379 0.0125194 0.0159417 0.019253 0.0220295 0.0238832 0.0245414 0.0239122 0.0221077 0.0194118 0.0162095 0.0128968 0.00980331 0.00714614 0.00502096 0.0034227 0.00228161 0.00149994
 1.00959e-16 2.67047e-05 0.000156711 0.00074488 0.00286774 0.00894271 0.0225888 0.0462212 0.0766224 0.102919 0.112042 0.0989367 0.0710574 0.0419441 0.0212423 0.0108651 0.0079802 0.00921079 0.0124499 0.0166814 0.0213318 0.0258864 0.0298019 0.0325686 0.0338179 0.0334074 0.0314525 0.028289 0.0243844 0.0202269 0.016229 0.0126703 0.00968684 0.00729523 0.005436 0.00401601
 1.01364e-16 3.0043e-05 0.000176318 0.000838116 0.00322676 0.0100623 0.0254167 0.0520065 0.0862089 0.115783 0.126014 0.111198 0.0796965 0.0467078 0.0230353 0.010773 0.0066777 0.00691308 0.00911264 0.0121974 0.0156552 0.0191 0.022143 0.0244183 0.0256532 0.0257286 0.0247018 0.0227824 0.0202732 0.0174956 0.0147251 0.0121539 0.00988371 0.00794267 0.0063127 0.00495585
 1.01426e-16 2.82738e-05 0.000165927 0.000788707 0.0030365 0.009469 0.0239181 0.0489407 0.0811286 0.108966 0.118608 0.104697 0.0751111 0.0441694 0.0220602 0.0107799 0.00730131 0.00803072 0.0107393 0.0143834 0.0184227 0.0224095 0.0258808 0.0284025 0.0296574 0.0295173 0.02807 0.0255878 0.022453 0.0190658 0.0157638 0.012776 0.0102141 0.00809464 0.00637488 0.004988
 1.01442e-16 2.97091e-05 0.000174357 0.00082879 0.00319085 0.00995032 0.0251338 0.0514278 0.0852501 0.114497 0.124616 0.109972 0.0788324 0.0462312 0.0228556 0.0107815 0.00680638 0.00713966 0.00944037 0.0126353 0.0162057 0.0197525 0.0228717 0.0251837 0.0264081 0.0264256 0.025302 0.023262 0.0206266 0.017734 0.0148725 0.0122402 0.00993836 0.00798967 0.00636787 0.00502647
 1.01396e-16 2.99807e-05 0.000175951 0.00083637 0.00322003 0.0100413 0.0253637 0.0518982 0.0860297 0.115543 0.125755 0.110974 0.0795453 0.0466384 0.0230366 0.0108324 0.00679176 0.00708729 0.00935529 0.012513 0.016039 0.0195348 0.0225985 0.0248538 0.0260238 0.0259933 0.0248318 0.0227673 0.0201227 0.0172376 0.0143997 0.0118053 0.00955275 0.00766051 0.00609793 0.00481426
 1.01553e-16 2.83815e-05 0.00016656 0.000791719 0.0030481 0.00950518 0.0240095 0.0491275 0.0814381 0.10938 0.119057 0.105088 0.075379 0.0443022 0.0220808 0.0107149 0.00716223 0.00781342 0.0104329 0.0139796 0.0179232 0.0218305 0.0252546 0.0277752 0.0290831 0.0290491 0.0277507 0.0254425 0.0224856 0.0192592 0.0160851 0.0131831 0.0106632 0.00854655 0.00679912 0.00536431
 1.01736e-16 2.83593e-05 0.000166431 0.000791105 0.00304574 0.00949782 0.0239909 0.0490894 0.0813746 0.109294 0.118962 0.104999 0.0753055 0.0442392 0.0220131 0.0106225 0.00702507 0.00761334 0.0101557 0.0136183 0.0174822 0.0213289 0.0247273 0.0272703 0.0286554 0.0287516 0.0276249 0.0255109 0.0227479 0.0196932 0.0166515 0.0138327 0.0113454 0.00921554 0.00741906 0.00591123
 1.01906e-16 2.73875e-05 0.000160724 0.00076397 0.00294126 0.00917198 0.0231679 0.0474056 0.0785842 0.105549 0.114891 0.101421 0.072772 0.0428165 0.021427 0.0105423 0.00723605 0.00803322 0.0107799 0.0144681 0.0185741 0.0226596 0.0262681 0.0289673 0.0304367 0.030538 0.0293425 0.0271014 0.0241747 0.020942 0.0177263 0.0147491 0.0121237 0.00987603 0.00797848 0.00638251
 1.03864e-16 1.32854e-05 7.79111e-05 0.00037022 0.00142514 0.00444398 0.0112256 0.0229727 0.0380934 0.0511993 0.055823 0.0494969 0.0359924 0.0221378 0.0128621 0.00927904 0.0101459 0.013908 0.0195456 0.0264355 0.0340013 0.0415381 0.0482337 0.053304 0.0561614 0.0565453 0.0545719 0.0506821 0.0455139 0.0397431 0.0339463 0.028522 0.0236786 0.019471 0.0158618 0.0127777
 1.06107e-16 2.1493e-05 0.000126124 0.000599488 0.00230799 0.00719716 0.0181796 0.0371987 0.0616647 0.0828251 0.0901594 0.0795969 0.057131 0.0336527 0.0169187 0.00846663 0.00602473 0.00690141 0.00945299 0.0129443 0.0170235 0.0214 0.0257476 0.0297242 0.0330267 0.0354407 0.0368663 0.0373106 0.0368571 0.0356269 0.0337462 0.0313326 0.0284967 0.0253524 0.0220255 0.0186539
 1.0378e-16 2.80554e-05 0.000164651 0.000782651 0.00301321 0.00939637 0.0237346 0.0485647 0.0805038 0.108122 0.117677 0.103845 0.0744352 0.0436419 0.0215567 0.0101401 0.00636945 0.00667026 0.00884169 0.0118861 0.0153354 0.0188384 0.0220399 0.0246023 0.0262703 0.0269245 0.0266012 0.025469 0.023773 0.0217688 0.0196662 0.0176008 0.0156343 0.0137752 0.0120083 0.0103192
pSPR Fmed_Fpbrs
0.522666   0.6 0.325
Fs Fmed_Fpbrs
0.64   0.459064 1.59086
SSBpbr Bo_Bmed_Bpbrs
839620  396860  461791 230895
Ro
34891.6
SPR SPRFo_SPRFmed_SPRFpbrs
720658 376664 234214
log_Ro
10.28
likeval ReclasPelacesDesembMPH_pf_preclas_ppelaces_ptallas_desvR_qrecl_qpela
 64.7163 0.000162913 0.0161274 49.0813 331.877 209.864 56.1061 0 16.9638 3.50355e-07 7.07696e-05 1.65858e-14 0 0 0
q_reclas_q_pelaces
0.919545 3.30964
M
0.7
N
 36131.7 10487.8 3369.94 396.401 0.229152
 43296.7 16226.2 2574.49 597.228 68.508
 20770.3 19627.3 4254 502.333 126.89
 27586.5 8794.33 3189.22 412.359 58.5319
 46847.2 13214.4 3392.93 1094.88 160.169
 32422 23108 6260.65 1572.91 580.817
 68969.3 15011 7023.56 1516.45 512.283
 70343.6 32644.4 5325.51 2132.94 608.479
 113073 31937.6 8651.54 1055.71 530.994
 114304 51146 8244.99 1650.47 295.433
 63693.7 53577.8 16947.6 2265.91 526.882
 44167.7 28522.7 12892.6 2917.26 468.072
 41496.9 19983.7 7377.51 2466.45 632.298
 28619.8 17574.4 3252.59 716.897 288.98
 16455.5 9786.83 638.989 35.3052 9.91049
 12603.6 5738.79 408.377 8.48326 0.547847
 8817.13 5513.62 1172.29 55.3208 1.18427
 11397.3 3955.21 1342.86 205.381 9.64529
 12836.5 5246.9 1155.22 306.861 48.1918
 17663.5 6004.05 1712.84 310.626 94.0098
 28895.9 8251.75 1943.36 454.855 105.768
 40722.9 13938 3342.27 716.353 205.108
 58592.9 19582.8 5525.63 1193.97 326.451
 76736 28117.2 7650.5 1932.07 526.94
 27455.3 36855.7 11051.8 2699 860.057
 38430.4 13248.8 14972.6 4091.72 1307.93
 59837.6 18513.9 5319.45 5448.86 1949.68
pred_Ctot
 2499.95 3969.49 1651.04 197.212 0.114097
 2727.07 5712.35 1184.53 279.231 32.0579
 2221.48 10105.8 2689.34 321.277 81.2047
 703.344 1431.5 723.095 95.4637 13.5655
 225.409 437.732 162.807 53.8071 7.88138
 1583.91 6630.25 2402.06 614.29 227.049
 2330.4 3142.99 2018.06 444.388 150.279
 4358.42 11345.4 2422.89 986.213 281.586
 7286.81 11445.5 4042.89 501.231 252.319
 4626.69 12525.6 2738.7 558.643 100.096
 4525.96 20692.1 8448.43 1146.79 266.873
 2838.33 10199.4 6013.33 1382.47 222.002
 4432.05 10280 4660.65 1576.36 404.362
 6547.51 13358.5 2719.39 602.24 242.823
 3595.37 7311.81 528.383 29.3436 8.23923
 1087.04 2553.93 229.428 4.8309 0.312202
 616.561 2103.72 578.332 27.7115 0.593708
 600.48 1207.47 544.728 84.7636 3.9844
 538.248 1324.25 394.469 106.753 16.7819
 755.314 1540.79 593.858 109.71 33.2359
 596.583 1106.95 366.383 87.6206 20.3979
 928.002 2047.78 687.39 150.49 43.1374
 1420.83 3045.42 1199.68 264.732 72.4631
 1814.2 4272.55 1624.8 419.084 114.426
 558.631 4877.75 2056.8 513.251 163.739
 827.099 1846.82 2928.47 817.609 261.649
 2094.46 3998.2 1573.07 1643.13 588.546
F
 0.100541 0.70456 1.03035 1.05605 1.05744
 0.0911528 0.638771 0.934142 0.957444 0.958702
 0.159417 1.11715 1.63372 1.67447 1.67667
 0.0360194 0.252413 0.36913 0.378338 0.378835
 0.00671039 0.0470244 0.0687687 0.070484 0.0705767
 0.070053 0.49091 0.717909 0.735817 0.736784
 0.0479866 0.336276 0.491771 0.504038 0.504701
 0.0896068 0.627937 0.918298 0.941204 0.942442
 0.0933516 0.65418 0.956675 0.980539 0.981828
 0.0577305 0.404558 0.591628 0.606385 0.607183
 0.103383 0.724477 1.05948 1.08591 1.08733
 0.0930785 0.652266 0.953877 0.97767 0.978956
 0.159177 1.11546 1.63126 1.67195 1.67415
 0.373063 2.61431 3.82318 3.91854 3.92369
 0.353412 2.4766 3.62179 3.71214 3.71702
 0.126759 0.888292 1.29904 1.33145 1.3332
 0.101662 0.712418 1.04184 1.06783 1.06924
 0.0757375 0.530746 0.776165 0.795526 0.796571
 0.0598602 0.419482 0.613453 0.628755 0.629581
 0.0610779 0.428015 0.625931 0.641545 0.642388
 0.0290788 0.203775 0.298002 0.305435 0.305837
 0.0321392 0.225222 0.329366 0.337581 0.338025
 0.0342311 0.239881 0.350803 0.359554 0.360027
 0.0333613 0.233786 0.34189 0.350418 0.350879
 0.0286522 0.200786 0.29363 0.300954 0.30135
 0.0303293 0.212538 0.310817 0.31857 0.318989
 0.0497484 0.348622 0.509826 0.522543 0.52323
Np
 25111.1 11937.3 10340.2 2059.84 654.445
YTP_r0W_actual
 15107.7 77124.7 44442.9 59318.4 23579
YTP_p0W_proyectada
 6339.99 117777 54202.9 17271.5 25116.2
 6339.99 49728 86390.3 22424.2 7914.75
CTP_r0_actual
 1842.4 3570.59 1415.38 1479.26 529.866
CTP_p0_proyectada
 773.169 5452.62 1726.21 430.71 564.408
 773.169 2302.22 2751.28 559.207 177.859
Wmedp
 8.2 21.6 31.4 40.1 44.5
nmprior
 10.8 10.6 4.6 0
nm_flota  nm_reclas  nm_pelaces    nm_pelaL
inf 20.8083 15.5399 46.5614
cv_recla  cv_pelaces  cv_mph
0.696687 0.466065 0.561714
 ------------------------------------------------
Talla a la edad & desviaci?n 
 7.2 14.2025 17.0495 18.207 18.6776
 1.08 2.13037 2.55742 2.73105 2.80164
