years
 1997 1998 1999 2000 2001 2002 2003 2004 2005 2006 2007 2008 2009 2010 2011 2012 2013 2014 2015 2016 2017 2018 2019 2020 2021 2022 2023
reclasobs
 0 0 0 370054 412103 1.49427e+06 250295 1.28982e+06 931140 785840 897777 1.04006e+06 184774 17550 25797 100020 73551 82996 120727 218422 84188 347160 605670 569463 516374 1.08416e+06 1.01767e+06
reclaspred
 8.33869e+06 1.50069e+06 1.75687e+06 264239 223921 335710 618627 594287 634358 961639 1.11858e+06 756411 368828 134602 79831.2 94230.6 98001.2 110357 126105 126914 176505 220802 412105 541133 921665 724096 275113
pelacesobs
 0 0 0 0 0 0 0 0 0 2.06254e+06 1.5e+06 0 1.87456e+06 323000 250000 174000 83755 137374 0 501740 490994 745055 786931 1.00524e+06 1.33801e+06 1.41789e+06 0
pelacespred
 1.18675e+07 5.21675e+06 1.02112e+06 345984 524931 475462 1.59549e+06 1.38454e+06 1.41783e+06 2.32805e+06 1.97926e+06 1.30494e+06 737013 228507 141611 165906 165903 193199 220545 194785 386174 433598 598095 984178 1.55351e+06 1.03424e+06 292140
mphobs
 0 0 0 0 0 0 112323 0 153150 637223 0 255016 313432 73983 77613 109348 50772 17779 17303 59886 28197 0 207744 136588 643089 65757 70829
mphpred
 1.45574e+06 605380 232924 68325.3 42479.8 152904 169069 321533 274756 366650 484980 294900 174442 125369 57001.9 46973 39184.4 43089.2 39227.3 34850.1 44888.1 71607.4 91143.7 139798 221790 136037 105260
desembarqueobs
 350755 77701 442110 56441 14545 235359 269955 359681 431902 328805 639364 411747 362871 311530 167758 66681 60226 58785 57116 73181 50977 67692 138656 160484 209506 203330 245020
desembarquepred
 350744 77677.6 441474 56399.8 14541.3 235123 269790 358926 431113 328497 638181 410954 362136 310551 167233 66597.1 60187.3 58688.6 57002.7 73079.6 50937.2 67593.6 138535 160339 209346 203029 244567
Reclutas
 6186.7 8595.09 1025.52 3335.05 39043.6 10926 64512.3 49361.5 75815.1 116384 55389.6 50779.5 56724.7 29140.3 12986.5 9638.73 6298.83 7627.2 8105.37 7031.06 15157.4 19578.6 27433.9 51998.9 7063.63 30133.8 1027.25
log_desv_Rt
 -0.949843 -0.621053 -2.74704 -1.56776 0.892435 -0.381097 1.39461 1.12693 1.55605 1.98465 1.24215 1.15525 1.26596 0.599877 -0.208338 -0.506455 -0.93188 -0.740524 -0.679718 -0.821908 -0.0537566 0.20219 0.539537 1.17898 -0.817286 0.633402 -2.74536
SSB
 1.7083e+06 710408 273334 80179.1 49849.6 179431 188714 369564 307783 417114 569119 346062 217162 124455 61054.4 49741.8 44846.6 45981 54564.4 54312.2 61751.2 94344.4 125926 178700 323873 217973 154301
BT
 2.12458e+06 844260 389685 125169 237568 282635 1.01165e+06 855648 1.01675e+06 1.17338e+06 1.12243e+06 800047 668743 385337 199785 109652 102618 116335 110359 115394 186034 171281 255492 445018 443381 442444 241032
Ftot
 0.158585 0.281228 1.33119 1.20603 0.375011 1.72494 1.9976 1.78155 2.33565 1.19399 1.6317 1.80822 3.06474 4.95303 4.72677 1.9294 1.80116 1.7412 1.37217 1.72353 1.05446 0.979776 1.08155 1.05669 0.672197 1.22325 2.21614
BD_Bspro_t
 0.977082 0.832006 0.559257 0.171214 0.210677 0.532308 0.36633 0.462653 0.368528 0.401658 0.43844 0.264675 0.185445 0.127073 0.0754021 0.0754725 0.0942645 0.13416 0.193773 0.234007 0.2858 0.441055 0.467959 0.479781 0.552964 0.378799 0.297179
BD_Bspro
 5.17113 2.15044 0.827397 0.242706 0.150898 0.543148 0.571249 1.11869 0.931677 1.26263 1.72275 1.04755 0.657361 0.376733 0.184815 0.150571 0.135753 0.139187 0.165169 0.164406 0.186924 0.285586 0.381184 0.540936 0.980383 0.659818 0.467079
BD_Bo
 2.92991 1.21842 0.468795 0.137515 0.0854971 0.307742 0.323664 0.633839 0.527879 0.715393 0.976096 0.593532 0.372454 0.213453 0.104714 0.0853121 0.0769164 0.078862 0.0935833 0.0931509 0.105909 0.16181 0.215975 0.306489 0.555475 0.373846 0.264642
BD_Brms
 5.32711 2.21531 0.852354 0.250027 0.155449 0.559531 0.58848 1.15243 0.95978 1.30071 1.77472 1.07915 0.67719 0.388097 0.19039 0.155113 0.139848 0.143385 0.170151 0.169365 0.192563 0.2942 0.392682 0.557252 1.00996 0.67972 0.481167
S_f
 0.0775444 0.861133 0.997819 0.99997 1
 0.0775444 0.861133 0.997819 0.99997 1
 0.0775444 0.861133 0.997819 0.99997 1
 0.0775444 0.861133 0.997819 0.99997 1
 0.0775444 0.861133 0.997819 0.99997 1
 0.0775444 0.861133 0.997819 0.99997 1
 0.0775444 0.861133 0.997819 0.99997 1
 0.0775444 0.861133 0.997819 0.99997 1
 0.0775444 0.861133 0.997819 0.99997 1
 0.0775444 0.861133 0.997819 0.99997 1
 0.0775444 0.861133 0.997819 0.99997 1
 0.0775444 0.861133 0.997819 0.99997 1
 0.0775444 0.861133 0.997819 0.99997 1
 0.0775444 0.861133 0.997819 0.99997 1
 0.0775444 0.861133 0.997819 0.99997 1
 0.0775444 0.861133 0.997819 0.99997 1
 0.0775444 0.861133 0.997819 0.99997 1
 0.0775444 0.861133 0.997819 0.99997 1
 0.0775444 0.861133 0.997819 0.99997 1
 0.0775444 0.861133 0.997819 0.99997 1
 0.0775444 0.861133 0.997819 0.99997 1
 0.0775444 0.861133 0.997819 0.99997 1
 0.0775444 0.861133 0.997819 0.99997 1
 0.0775444 0.861133 0.997819 0.99997 1
 0.0775444 0.861133 0.997819 0.99997 1
 0.0775444 0.861133 0.997819 0.99997 1
 0.0775444 0.861133 0.997819 0.99997 1
Scru_reclas
 0.0813673 0.308323 0.691677 0.918633 0.982704
 0.0813673 0.308323 0.691677 0.918633 0.982704
 0.0813673 0.308323 0.691677 0.918633 0.982704
 0.0813673 0.308323 0.691677 0.918633 0.982704
 0.0813673 0.308323 0.691677 0.918633 0.982704
 0.0813673 0.308323 0.691677 0.918633 0.982704
 0.0813673 0.308323 0.691677 0.918633 0.982704
 0.0813673 0.308323 0.691677 0.918633 0.982704
 0.0813673 0.308323 0.691677 0.918633 0.982704
 0.0813673 0.308323 0.691677 0.918633 0.982704
 0.0813673 0.308323 0.691677 0.918633 0.982704
 0.0813673 0.308323 0.691677 0.918633 0.982704
 0.0813673 0.308323 0.691677 0.918633 0.982704
 0.0813673 0.308323 0.691677 0.918633 0.982704
 0.0813673 0.308323 0.691677 0.918633 0.982704
 0.0813673 0.308323 0.691677 0.918633 0.982704
 0.0813673 0.308323 0.691677 0.918633 0.982704
 0.0813673 0.308323 0.691677 0.918633 0.982704
 0.0813673 0.308323 0.691677 0.918633 0.982704
 0.0813673 0.308323 0.691677 0.918633 0.982704
 0.0813673 0.308323 0.691677 0.918633 0.982704
 0.0813673 0.308323 0.691677 0.918633 0.982704
 0.0813673 0.308323 0.691677 0.918633 0.982704
 0.0813673 0.308323 0.691677 0.918633 0.982704
 0.0813673 0.308323 0.691677 0.918633 0.982704
 0.0813673 0.308323 0.691677 0.918633 0.982704
 0.0813673 0.308323 0.691677 0.918633 0.982704
Scru_pelaces
 0.219643 0.694156 0.948191 0.99327 0.99916
 0.219643 0.694156 0.948191 0.99327 0.99916
 0.219643 0.694156 0.948191 0.99327 0.99916
 0.219643 0.694156 0.948191 0.99327 0.99916
 0.219643 0.694156 0.948191 0.99327 0.99916
 0.219643 0.694156 0.948191 0.99327 0.99916
 0.219643 0.694156 0.948191 0.99327 0.99916
 0.219643 0.694156 0.948191 0.99327 0.99916
 0.219643 0.694156 0.948191 0.99327 0.99916
 0.219643 0.694156 0.948191 0.99327 0.99916
 0.219643 0.694156 0.948191 0.99327 0.99916
 0.219643 0.694156 0.948191 0.99327 0.99916
 0.219643 0.694156 0.948191 0.99327 0.99916
 0.219643 0.694156 0.948191 0.99327 0.99916
 0.219643 0.694156 0.948191 0.99327 0.99916
 0.219643 0.694156 0.948191 0.99327 0.99916
 0.219643 0.694156 0.948191 0.99327 0.99916
 0.219643 0.694156 0.948191 0.99327 0.99916
 0.219643 0.694156 0.948191 0.99327 0.99916
 0.219643 0.694156 0.948191 0.99327 0.99916
 0.219643 0.694156 0.948191 0.99327 0.99916
 0.219643 0.694156 0.948191 0.99327 0.99916
 0.219643 0.694156 0.948191 0.99327 0.99916
 0.219643 0.694156 0.948191 0.99327 0.99916
 0.219643 0.694156 0.948191 0.99327 0.99916
 0.219643 0.694156 0.948191 0.99327 0.99916
 0.219643 0.694156 0.948191 0.99327 0.99916
pf_obs 
 0.256992 0.487395 0.22802 0.0275931 0
 0.321318 0.546541 0.124235 0.00734118 0.000564706
 0.182869 0.594174 0.210203 0.0122559 0.00049798
 0.330522 0.361315 0.267642 0.0388342 0.00168674
 0.649043 0.306663 0.0425973 0.00169635 0
 0.582887 0.30429 0.105238 0.00758474 0
 0.465427 0.430635 0.0974691 0.00646863 0
 0.296916 0.608066 0.0921331 0.00288517 0
 0.311714 0.524322 0.152257 0.0117073 0
 0.15457 0.633149 0.183074 0.0267441 0.00246327
 0.131901 0.49318 0.331252 0.0422183 0.00144891
 0.196976 0.569456 0.194076 0.0375587 0.00193317
 0.518974 0.381816 0.0799577 0.0180837 0.00116848
 0.0928022 0.601141 0.25162 0.0475244 0.00691264
 0.122501 0.610282 0.24278 0.0234846 0.000952079
 0.383417 0.481906 0.127806 0.00687128 0
 0.0376549 0.599619 0.316969 0.0457579 0
 0.0361596 0.667082 0.258105 0.0386534 0
 0.158088 0.579412 0.248529 0.0139706 0
 0.0477256 0.309471 0.559284 0.082774 0.000745712
 0.0406174 0.521527 0.379366 0.0568643 0.0016247
 0.151134 0.462217 0.34131 0.0453401 0
 0.294876 0.26143 0.354403 0.0886775 0.000613685
 0.281977 0.475581 0.204845 0.0348837 0.00271318
 0.0841818 0.532909 0.334909 0.0458182 0.00218182
 0.115287 0.27431 0.454777 0.147771 0.00785563
 0 0 0 0 0
pf_pred 
 0.0081385 0.635154 0.314939 0.041766 1.67862e-06
 0.0227432 0.0810849 0.605724 0.256509 0.0339396
 0.00790353 0.237177 0.0730675 0.461237 0.220615
 0.12978 0.136322 0.213734 0.05053 0.469635
 0.667931 0.252678 0.0153431 0.0187036 0.0453436
 0.0774749 0.88786 0.0274502 0.00139732 0.00581749
 0.594775 0.272146 0.129363 0.00294512 0.000770418
 0.211646 0.771197 0.0127132 0.00432047 0.000123452
 0.349735 0.566526 0.0823994 0.000994074 0.000345822
 0.314687 0.649958 0.0320896 0.00321335 5.19511e-05
 0.121288 0.785372 0.0895521 0.003439 0.000348608
 0.197331 0.61332 0.173973 0.0147539 0.000621195
 0.313254 0.59831 0.072184 0.0149386 0.00131385
 0.257631 0.714402 0.025584 0.00194806 0.000435484
 0.256699 0.731291 0.0117808 0.000209582 1.93124e-05
 0.250584 0.734635 0.0146576 0.000120883 2.32417e-06
 0.174139 0.743258 0.0814231 0.0011702 9.78694e-06
 0.263253 0.621675 0.106432 0.00851658 0.00012283
 0.232014 0.690357 0.0683321 0.00860188 0.000694962
 0.200838 0.68749 0.10284 0.00777723 0.00105379
 0.348737 0.559451 0.0820022 0.0090382 0.000772494
 0.238222 0.686389 0.066752 0.00771743 0.000920001
 0.243686 0.632239 0.114122 0.00881632 0.00113684
 0.306871 0.588115 0.0909735 0.0129179 0.00112255
 0.028524 0.856524 0.100767 0.0122945 0.00189069
 0.259071 0.217284 0.471909 0.0453688 0.00636741
 0.0111882 0.876008 0.0393328 0.0662376 0.00723375
pobs_RECLAS
 0 0 0 0 0
 0 0 0 0 0
 0 0 0 0 0
 0 0 0 0 0
 0.835266 0.146461 0.0176864 0.000547809 3.91292e-05
 0.385257 0.428462 0.181853 0.0044286 0
 0.867414 0.0963971 0.0333333 0.00285562 0
 0.441836 0.489002 0.0689373 0.000224442 0
 0.779404 0.147425 0.0564933 0.0165055 0.000172143
 0.814271 0.122319 0.05973 0.00367925 0
 0.40263 0.566651 0.0304383 0.000280538 0
 0.475488 0.404961 0.113038 0.00651328 0
 0.955842 0.0263864 0.0167828 0.000988607 0
 0.975058 0.0227948 0.00214734 0 0
 0.738997 0.206755 0.0527124 0.00153531 0
 0.850938 0.134255 0.0134407 0.00136685 0
 0.542534 0.407297 0.0501686 0 0
 0.764087 0.199537 0.0359546 0.000420521 0
 0.470689 0.182191 0.310203 0.0369168 0
 0.84361 0.089868 0.0606195 0.00523954 0.000663233
 0.607945 0.314616 0.071237 0.00620181 0
 0.523733 0.453247 0.0230204 0 0
 0.530135 0.295979 0.169645 0.0042399 0
 0.562478 0.366248 0.0663022 0.0049721 0
 0.250443 0.683176 0.0655157 0.000865301 0
 0.195077 0.31981 0.436473 0.0351445 0.0134964
 0.565238 0.351407 0.0832357 0.000118908 0
ppred_RECLAS
 0.0174843 0.461926 0.442771 0.0778157 3.34554e-06
 0.0327383 0.0392303 0.565659 0.317442 0.04493
 0.0121001 0.110832 0.0642997 0.537668 0.2751
 0.178737 0.0581521 0.172378 0.0539874 0.536746
 0.814973 0.102996 0.0120551 0.019474 0.0505026
 0.218164 0.724915 0.0416195 0.00280577 0.0124956
 0.804481 0.10254 0.0895247 0.00269875 0.000755178
 0.477341 0.50029 0.0152815 0.00687751 0.000210214
 0.648396 0.27708 0.0729252 0.00116464 0.0004334
 0.585309 0.374953 0.0350126 0.00464468 8.03263e-05
 0.300419 0.571334 0.121403 0.00617471 0.000669556
 0.414419 0.369065 0.193774 0.0217621 0.000980139
 0.640524 0.282246 0.0594279 0.0162714 0.0015308
 0.694007 0.287874 0.0161119 0.00162022 0.000387428
 0.683469 0.308452 0.00787578 0.000185081 1.82429e-05
 0.538843 0.444635 0.0163406 0.000178451 3.67015e-06
 0.403667 0.494176 0.100233 0.00190768 1.7067e-05
 0.519871 0.355149 0.112838 0.0119578 0.000184482
 0.475647 0.429843 0.0800143 0.0133423 0.0011531
 0.434761 0.431594 0.119896 0.012008 0.00174047
 0.599424 0.302842 0.0842984 0.0123095 0.00112544
 0.473275 0.432797 0.080095 0.0122686 0.0015645
 0.470299 0.383169 0.131246 0.0134327 0.00185285
 0.550322 0.332077 0.0975447 0.0183504 0.00170579
 0.0744286 0.729949 0.164628 0.0266154 0.00437832
 0.403362 0.104578 0.429192 0.0546615 0.00820639
 0.0356178 0.750436 0.0613032 0.136676 0.0159666
pobs_PELACES
 0 0 0 0 0
 0 0 0 0 0
 0 0 0 0 0
 0 0 0 0 0
 0 0 0 0 0
 0 0 0 0 0
 0 0 0 0 0
 0 0 0 0 0
 0 0 0 0 0
 0 0 0 0 0
 0.450072 0.473896 0.0757376 0.000293798 0
 0 0 0 0 0
 0.463077 0.371075 0.160297 0.00555027 0
 0.529543 0.364841 0.0842815 0.0213345 0
 0.631943 0.363953 0.00410389 0 0
 0.735681 0.248677 0.0153453 0.000297389 0
 0.695825 0.281241 0.0229344 0 0
 0.275771 0.60734 0.115278 0.00161068 0
 0 0 0 0 0
 0.896147 0.0623911 0.0374545 0.00400742 0
 0.803859 0.145111 0.0509908 3.86294e-05 0
 0.739449 0.233085 0.0266225 0.000797448 4.60066e-05
 0.878498 0.100942 0.0204185 0.000141795 0
 0.694673 0.275183 0.0284847 0.00165964 0
 0.469039 0.446079 0.0841089 0.000773354 0
 0.822795 0.102175 0.0682046 0.00682512 0
 0 0 0 0 0
ppred_PELACES
 0.0276978 0.585793 0.339458 0.0470498 1.90214e-06
 0.0712995 0.0662605 0.574407 0.2542 0.0338325
 0.0387673 0.20991 0.0698299 0.460118 0.221375
 0.415703 0.0825807 0.141159 0.0348403 0.325717
 0.883604 0.0845287 0.0059231 0.00754488 0.0183991
 0.351214 0.623082 0.0201515 0.00107019 0.00448175
 0.913113 0.0579102 0.0281328 0.000667958 0.000175758
 0.639236 0.352507 0.00604997 0.00214488 6.16471e-05
 0.81739 0.159251 0.0229689 0.000288848 0.000101075
 0.70634 0.277142 0.0149314 0.00156098 2.53853e-05
 0.460676 0.479182 0.0575992 0.00230799 0.000235334
 0.619152 0.288123 0.0848967 0.00751054 0.00031808
 0.840821 0.139896 0.0156197 0.00336584 0.000297757
 0.909928 0.0874572 0.00238372 0.000188402 4.23614e-05
 0.899042 0.0996803 0.00125216 2.31315e-05 2.1439e-06
 0.701004 0.292935 0.00600871 5.16856e-05 9.99571e-07
 0.583109 0.373697 0.0425505 0.00063794 5.36672e-06
 0.697509 0.253344 0.0453093 0.0037825 5.48735e-05
 0.627786 0.331836 0.0353544 0.00464534 0.000377514
 0.617042 0.327166 0.0512009 0.00403966 0.00055058
 0.72509 0.232616 0.0375949 0.00432672 0.000371981
 0.600796 0.355673 0.0383461 0.00462956 0.000555144
 0.615354 0.31613 0.0627939 0.00506517 0.000656981
 0.685504 0.262511 0.0447667 0.0066375 0.000580184
 0.112041 0.770241 0.102615 0.0130788 0.00202314
 0.635738 0.100193 0.236932 0.0237799 0.00335709
 0.0818189 0.810603 0.0364844 0.0640568 0.00703662
pobs_pel_tallas
 0 0 0 0 0 0 0 0 0 0 0 0 0 0 0 0 0 0 0 0 0 0 0 0 0 0 0 0 0 0 0 0 0 0 0 0
 0 0 0 0 0 0 0 0 0 0 0 0 0 0 0 0 0 0 0 0 0 0 0 0 0 0 0 0 0 0 0 0 0 0 0 0
 0 0 0 0 0 0 0 0 0 0 0 0 0 0 0 0 0 0 0 0 0 0 0 0 0 0 0 0 0 0 0 0 0 0 0 0
 0 0 0 0 0 0 0 0 0 0 0 0 0 0 0 0 0 0 0 0 0 0 0 0 0 0 0 0 0 0 0 0 0 0 0 0
 0 0 0 0 0 0 0 0 0 0 0 0 0 0 0 0 0 0 0 0 0 0 0 0 0 0 0 0 0 0 0 0 0 0 0 0
 0 0 0 0 0 0 0 0 0 0 0 0 0 0 0 0 0 0 0 0 0 0 0 0 0 0 0 0 0 0 0 0 0 0 0 0
 0 0 0 0 0 0 0 0 0 0 0 0 0 0 0 0 0 0 0 0 0 0 0 0 0 0 0 0 0 0 0 0 0 0 0 0
 0 0 0 0 0 0 0 0 0 0 0 0 0 0 0 0 0 0 0 0 0 0 0 0 0 0 0 0 0 0 0 0 0 0 0 0
 0 0 0 0 0 0 0 0 0 0 0 0 0 0 0 0 0 0 0 0 0 0 0 0 0 0 0 0 0 0 0 0 0 0 0 0
 0 0 0 0 0 0 0 0 0 0 0 0 0 0 0 0 0 0 0 0 0 0 0 0 0 0 0 0 0 0 0 0 0 0 0 0
 0 0 0 0 0 0 0 0 1.78061e-05 0.00172719 0.00360574 0.0105946 0.0120993 0.0124554 0.0147524 0.0171206 0.0266825 0.0428682 0.0675386 0.121331 0.153587 0.119568 0.100827 0.0573624 0.0630603 0.0341343 0.0324427 0.0444173 0.0211091 0.0280891 0.0125444 0.00206551 0 0 0 0
 0 0 0 0 0 0 0 0 0 0 0 0 0 0 0 0 0 0 0 0 0 0 0 0 0 0 0 0 0 0 0 0 0 0 0 0
 0 0 0 0 0 0 0.0133647 0.0140871 0.0187388 0.0205184 0.03894 0.0496705 0.03968 0.0493445 0.0407372 0.0367815 0.0215668 0.0243155 0.0234873 0.0199281 0.019796 0.0243948 0.0301388 0.0376714 0.0412746 0.0863199 0.0771752 0.113111 0.0741005 0.0525337 0.0229764 0.00759418 0.00175318 0 0 0
 0 0 0 0 0 0 0 0 0 0 0.00219441 0.00772107 0.0458388 0.0604681 0.0671733 0.0775358 0.0609151 0.0617685 0.073594 0.0568108 0.0755445 0.0548602 0.0670107 0.0636378 0.0643287 0.046367 0.0373049 0.0286899 0.0247887 0.0153202 0.00654259 0.00121912 0.000365735 0 0 0
 0 0 0 0 0 0 0 0 0 0 0 0 0.000112435 0.00938835 0.0111873 0.0202946 0.0414886 0.0713402 0.111592 0.104902 0.108894 0.110636 0.117776 0.105296 0.107544 0.0401394 0.0192827 0.0124803 0.00416011 0.0028671 0.000618394 0 0 0 0 0
 0 0 0 0 0 0 0 0 0 0 0.00291406 0.0102884 0.027416 0.0768956 0.0749926 0.110853 0.0956884 0.0897413 0.0766577 0.0534642 0.0500743 0.0551293 0.0594112 0.0620874 0.0668451 0.0424026 0.0208742 0.0120726 0.0048766 0.00582813 0.00118941 0.000297354 0 0 0 0
 0 0.00264628 0.0354308 0.0461629 0.0458689 0.0383711 0.0214643 0.0164657 0.0346957 0.0420465 0.0363128 0.0245516 0.0311673 0.0291091 0.0169068 0.0133784 0.00837989 0.0085269 0.0148486 0.0160247 0.0276389 0.0546898 0.0760071 0.122758 0.109233 0.0665981 0.0333725 0.0166128 0.00676272 0.00308733 0.000882094 0 0 0 0 0
 0 0 0 0 0 0 0 0.000805153 0.000690131 0.00759144 0.0133425 0.0154129 0.00931677 0.000345066 0.00356568 0.00563607 0.00851162 0.0253048 0.0502646 0.0516448 0.0657925 0.0565908 0.0611916 0.0827007 0.0866115 0.110766 0.145733 0.0935128 0.0569358 0.0249597 0.0138026 0.00621118 0.00161031 0.00115022 0 0
 0 0 0 0 0 0 0 0 0 0 0 0 0 0 0 0 0 0 0 0 0 0 0 0 0 0 0 0 0 0 0 0 0 0 0 0
 0.00147267 0.00158595 0.00478618 0.00569244 0.00954404 0.0108468 0.00647125 0.017049 0.0510054 0.094081 0.124002 0.0959785 0.0687766 0.0820023 0.061753 0.0591476 0.0492212 0.0479892 0.0443925 0.0268479 0.0217502 0.0140895 0.0121071 0.0120363 0.00920419 0.00665534 0.0049561 0.00860946 0.00930331 0.0156896 0.0114698 0.00855282 0.00243557 0.00046729 0 2.83206e-05
 0 0 0 0 0.000772559 0.00158375 0.000888443 0.00281984 0.00712685 0.0440552 0.0773331 0.111326 0.0921469 0.0852325 0.0710754 0.0886704 0.0786465 0.0553345 0.0373146 0.0185414 0.00753245 0.00457741 0.012979 0.0271748 0.0457355 0.0583668 0.034881 0.0177882 0.00938659 0.00492506 0.0015258 0.00185414 0.000309023 5.79419e-05 3.86279e-05 0
 0 0.00173294 0.00326652 0 0.00397197 0.00683976 0.00946217 0.0152591 0.00757587 0.0136028 0.0228656 0.0392903 0.0559909 0.0764795 0.0681675 0.0726916 0.0566044 0.0477403 0.0527397 0.0444891 0.0609904 0.0582453 0.0661739 0.0445044 0.0529084 0.0360697 0.0280645 0.0235558 0.0158879 0.00826598 0.00280645 0.00217768 0.000904811 0.00058276 9.20147e-05 0
 0 0 0 0 0 0 0 0 0 0 0 0 0 0 0 0 0 0 0 0 0 0 0 0 0 0 0 0 0 0 0 0 0 0 0 0
 0 0 0 0 0 0 0 0 0 0 0 0 0 0 0 0 0 0 0 0 0 0 0 0 0 0 0 0 0 0 0 0 0 0 0 0
 0 0 0 0 0 0 0 0 0 0 0 0 0 0 0 0 0 0 0 0 0 0 0 0 0 0 0 0 0 0 0 0 0 0 0 0
 0 0 0 0 0 0 0 0 0 0 0 0 0 0 0 0 0 0 0 0 0 0 0 0 0 0 0 0 0 0 0 0 0 0 0 0
 0 0 0 0 0 0 0 0 0 0 0 0 0 0 0 0 0 0 0 0 0 0 0 0 0 0 0 0 0 0 0 0 0 0 0 0
ppred_pel_tallas
 1.06627e-16 1.24495e-06 7.21449e-06 3.41023e-05 0.000130974 0.000408136 0.00103156 0.00211556 0.00352526 0.00479028 0.00536038 0.00507955 0.00440338 0.00412078 0.00490591 0.00713018 0.0109566 0.0164601 0.0236195 0.0322235 0.0417909 0.0515718 0.0606423 0.0680731 0.0731203 0.075376 0.0748334 0.0718431 0.0669887 0.0609285 0.0542591 0.0474366 0.040764 0.0344219 0.0285182 0.0231278
 1.18491e-16 3.12541e-06 1.83015e-05 8.69159e-05 0.000334496 0.00104294 0.00263441 0.00539131 0.00894069 0.0120194 0.0131123 0.0116444 0.00850858 0.00532228 0.00327007 0.00266221 0.00328658 0.00489806 0.00742314 0.0109237 0.0154967 0.0211965 0.0279866 0.0357114 0.0440822 0.0526794 0.060975 0.0683755 0.0742854 0.0781837 0.0797 0.0786755 0.0751947 0.0695745 0.0623189 0.0540412
 1.27214e-16 1.7107e-06 9.98767e-06 4.73723e-05 0.000182213 0.000568033 0.00143499 0.00293806 0.00487754 0.0065729 0.00721204 0.00650306 0.00496484 0.0035263 0.00289791 0.00332732 0.00477915 0.00718204 0.0105167 0.0147762 0.0199041 0.0257652 0.0321551 0.0388336 0.0455641 0.052138 0.0583763 0.0641056 0.069126 0.0731881 0.0759995 0.0772633 0.0767412 0.074317 0.0700449 0.0641597
 1.18448e-16 1.81422e-05 0.000106465 0.000506061 0.00194832 0.0060756 0.0153464 0.031401 0.0520511 0.0699049 0.0760751 0.067115 0.0480683 0.0281065 0.0137487 0.00626125 0.00370115 0.00379094 0.00517417 0.00731214 0.0100471 0.013322 0.0170745 0.0212144 0.025625 0.030168 0.0346828 0.0389831 0.0428553 0.0460649 0.0483756 0.0495796 0.0495337 0.0481892 0.0456088 0.0419646
 1.01231e-16 3.85453e-05 0.000226249 0.00107552 0.00414088 0.012913 0.0326171 0.066738 0.110622 0.148551 0.161623 0.142493 0.101847 0.059127 0.0281124 0.0113887 0.00469154 0.00302342 0.00333449 0.00432115 0.00551795 0.00672201 0.00778578 0.00858248 0.0090222 0.00907103 0.0087577 0.00816298 0.00739653 0.00656889 0.00576802 0.00504677 0.00442262 0.0038866 0.00341634 0.00298811
 1.00736e-16 1.53525e-05 9.00368e-05 0.000427846 0.00164698 0.00513574 0.0129731 0.0265489 0.0440239 0.0591714 0.0645184 0.0572144 0.0416202 0.0256292 0.0149386 0.0108331 0.0118661 0.016218 0.0226707 0.0304446 0.0387986 0.0468379 0.0535553 0.0580096 0.0595399 0.0579284 0.0534562 0.0468257 0.0389836 0.0309014 0.0233852 0.016962 0.0118587 0.00805377 0.00536694 0.00355032
 1.0045e-16 3.98311e-05 0.000233799 0.00111142 0.00427912 0.0133441 0.033706 0.0689658 0.114314 0.153506 0.167008 0.147224 0.105194 0.0610005 0.0288727 0.0114707 0.0043768 0.00241966 0.00244937 0.00313279 0.00401648 0.00492935 0.00576171 0.00641957 0.00683122 0.00696034 0.00681202 0.00642794 0.00587325 0.00521984 0.00453187 0.00385713 0.00322536 0.00265141 0.00214063 0.00169372
 1.00278e-16 2.79006e-05 0.00016373 0.000778248 0.00299621 0.00934333 0.0236008 0.0482919 0.0800551 0.10753 0.117061 0.103369 0.0742396 0.0438202 0.0221868 0.0113354 0.00830188 0.00955032 0.0128679 0.0171782 0.0218651 0.0263752 0.0301299 0.032596 0.0334014 0.0324258 0.0298327 0.0260242 0.0215409 0.0169369 0.0126709 0.00904223 0.0061784 0.00406459 0.00259484 0.00162439
 1.00393e-16 3.56612e-05 0.000209309 0.000994975 0.00383073 0.0119458 0.0301741 0.06174 0.10234 0.137437 0.14955 0.131895 0.0943724 0.0549909 0.0265274 0.0114093 0.0057266 0.00487955 0.00604618 0.00798423 0.0101854 0.0123473 0.0141989 0.0154947 0.0160587 0.0158245 0.0148499 0.013299 0.0113991 0.00938698 0.00746231 0.00575994 0.00434444 0.00322214 0.00236199 0.00171638
 1.00358e-16 3.08236e-05 0.000180898 0.00085988 0.00331054 0.0103236 0.0260767 0.0533572 0.0884487 0.118794 0.129297 0.114111 0.0818185 0.0480198 0.0238076 0.0113397 0.00729508 0.00773679 0.0102232 0.0136172 0.0173463 0.0209556 0.0239866 0.026018 0.0267532 0.0260916 0.0241535 0.0212462 0.0177862 0.0142019 0.0108503 0.00796625 0.00565353 0.00390702 0.00265191 0.00178343
 1.01065e-16 2.01198e-05 0.000118038 0.000560996 0.00215969 0.00673464 0.0170116 0.0348109 0.0577141 0.0775422 0.0844702 0.0747202 0.0539483 0.0324146 0.0174683 0.0106509 0.00992812 0.0128245 0.0177539 0.0238526 0.0304753 0.03692 0.0424095 0.0462124 0.0478043 0.0469919 0.0439581 0.0392061 0.0334286 0.0273449 0.0215595 0.0164775 0.0122888 0.00900504 0.00652331 0.00469077
 1.01572e-16 2.70224e-05 0.00015858 0.000753775 0.002902 0.00904957 0.0228586 0.046773 0.0775359 0.104142 0.113363 0.100079 0.0718244 0.04229 0.0212213 0.010537 0.00735567 0.00825337 0.0111063 0.014916 0.0191554 0.0233761 0.0271067 0.0298994 0.0314197 0.0315195 0.0302667 0.0279154 0.0248344 0.0214165 0.018 0.0148225 0.0120121 0.00960706 0.00758882 0.00591339
 1.00397e-16 3.66821e-05 0.000215304 0.00102348 0.00394049 0.0122881 0.0310387 0.0635088 0.105271 0.141371 0.153825 0.135651 0.09703 0.0564783 0.0271301 0.0114718 0.00547015 0.00438588 0.0053152 0.00698966 0.00890792 0.0107916 0.0124007 0.0135202 0.0139973 0.0137757 0.0129087 0.0115427 0.00987873 0.00812542 0.00645732 0.00499086 0.00377978 0.00282621 0.00209963 0.00155565
 1.00071e-16 3.96933e-05 0.000232988 0.00110756 0.00426424 0.0132977 0.0335888 0.0687262 0.113917 0.152976 0.166438 0.146736 0.104878 0.0608826 0.0289389 0.0117079 0.00479607 0.0030534 0.00333466 0.00429163 0.00543833 0.00655891 0.00749531 0.008113 0.00831908 0.00808323 0.0074454 0.00650477 0.00539495 0.00425302 0.00319271 0.00228845 0.00157231 0.00104119 0.000669499 0.000421936
 1.00052e-16 3.92191e-05 0.000230203 0.00109432 0.00421325 0.0131387 0.0331872 0.0679045 0.112556 0.151149 0.164453 0.144994 0.103648 0.0602014 0.0286761 0.0117074 0.00495973 0.00334815 0.00376456 0.0048706 0.00617324 0.00744061 0.00849513 0.00918406 0.0094021 0.00911564 0.00837145 0.00728402 0.00600704 0.00469796 0.00348718 0.00245974 0.00165182 0.001059 0.000650835 0.0003857
 1.00183e-16 3.05916e-05 0.000179534 0.000853392 0.00328556 0.0102457 0.0258799 0.0529547 0.087782 0.1179 0.128328 0.113265 0.0812324 0.0477168 0.0237332 0.0114299 0.00751693 0.00809026 0.0107242 0.0142798 0.0181695 0.0219156 0.0250335 0.0270794 0.0277436 0.0269261 0.0247622 0.0215866 0.0178488 0.01401 0.0104524 0.00742597 0.00503769 0.00327615 0.00205381 0.0012504
 1.00748e-16 2.54542e-05 0.000149365 0.00070995 0.00273324 0.00852326 0.0215294 0.0440538 0.0730312 0.0981003 0.106809 0.0943477 0.0678303 0.0401772 0.0206019 0.0109515 0.00854921 0.0101909 0.0138653 0.0185758 0.0237191 0.0287237 0.0329787 0.0359134 0.0371196 0.0364483 0.0340445 0.0303034 0.0257682 0.0210026 0.01648 0.0125174 0.00926262 0.00672347 0.00481754 0.00342292
 1.00859e-16 3.04377e-05 0.000178634 0.000849121 0.00326912 0.0101944 0.0257504 0.0526895 0.0873414 0.117305 0.127673 0.112668 0.0807642 0.0473611 0.0234079 0.01103 0.00694372 0.00726191 0.00958097 0.012795 0.0163654 0.0198763 0.0229092 0.0250739 0.0260874 0.0258379 0.0244095 0.0220534 0.0191215 0.0159816 0.0129454 0.0102251 0.00792475 0.00605978 0.00458873 0.00344529
 1.00788e-16 2.74006e-05 0.000160796 0.000764303 0.00294253 0.00917593 0.0231779 0.0474265 0.0786202 0.105601 0.114959 0.101507 0.0728897 0.0429981 0.0217247 0.0110268 0.00799174 0.00914895 0.0123325 0.0164993 0.0210653 0.0255121 0.0292959 0.0319105 0.0329942 0.0324155 0.0303033 0.0270084 0.0230121 0.0188129 0.0148287 0.0113381 0.00846957 0.00622779 0.00453827 0.0032926
 1.00998e-16 2.6932e-05 0.000158045 0.000751226 0.00289218 0.00901891 0.0227813 0.0466149 0.077275 0.103795 0.112993 0.0997726 0.0716481 0.0422735 0.0213734 0.0108737 0.00791464 0.00908816 0.0122691 0.0164357 0.0210165 0.0255032 0.02936 0.0320854 0.0333165 0.0329139 0.0309918 0.0278817 0.0240444 0.0199605 0.0160356 0.012544 0.00961808 0.00727281 0.00544833 0.00405215
 1.00776e-16 3.16395e-05 0.000185691 0.000882677 0.00339833 0.0105974 0.0267682 0.0547717 0.0907921 0.121937 0.132707 0.117092 0.0838964 0.049119 0.02413 0.0111244 0.00667477 0.00672982 0.0087894 0.0117155 0.0149754 0.0181781 0.0209376 0.0228963 0.0237959 0.023536 0.0221965 0.0200111 0.0173054 0.0144192 0.0116392 0.00915947 0.00707389 0.00539367 0.00407755 0.00306152
 1.00846e-16 2.62247e-05 0.00015389 0.000731467 0.00281609 0.00878164 0.022182 0.0453889 0.0752436 0.10107 0.110035 0.0971805 0.0698305 0.0412888 0.0210372 0.010966 0.0083043 0.00974222 0.0132074 0.0176857 0.0225831 0.0273515 0.0314094 0.0342145 0.0353789 0.0347613 0.0324998 0.0289701 0.0246877 0.0201869 0.0159155 0.0121723 0.00909525 0.00668951 0.0048756 0.00353757
 1.012e-16 2.68579e-05 0.000157611 0.000749165 0.00288425 0.00899418 0.0227188 0.046487 0.0770627 0.103509 0.11268 0.0994911 0.0714355 0.0421271 0.021261 0.0107548 0.00775401 0.00885951 0.0119549 0.0160288 0.0205239 0.0249494 0.0287879 0.0315527 0.0328883 0.0326514 0.0309415 0.0280663 0.0244586 0.0205727 0.0167941 0.0133865 0.0104817 0.0081024 0.00620218 0.00470418
 1.00977e-16 2.99146e-05 0.000175562 0.000834515 0.00321288 0.010019 0.0253074 0.0517831 0.0858394 0.115289 0.125482 0.110743 0.0794007 0.0465955 0.0230929 0.0109874 0.00705817 0.00748898 0.00991802 0.013253 0.0169527 0.0205904 0.0237335 0.0259788 0.0270338 0.0267835 0.0253155 0.0228904 0.0198723 0.0166414 0.0135189 0.0107225 0.00835794 0.00643913 0.00492176 0.00373657
 1.02252e-16 4.92962e-06 2.88312e-05 0.000136836 0.000526467 0.00164143 0.00414695 0.00849115 0.0140975 0.0190004 0.0208553 0.0188217 0.0144022 0.0102796 0.00849112 0.0097047 0.0137128 0.0201135 0.028533 0.0384918 0.049236 0.0597072 0.0686703 0.0749514 0.0777037 0.0766088 0.0719487 0.0645173 0.0554117 0.0457726 0.0365585 0.0284131 0.02164 0.0162621 0.0121241 0.00899419
 1.0437e-16 2.77384e-05 0.0001628 0.000773872 0.00297945 0.00929111 0.0234685 0.0480196 0.0795971 0.106895 0.116318 0.102589 0.0734108 0.0427937 0.0206824 0.00897892 0.0046661 0.00420417 0.00545221 0.007513 0.0100688 0.0129578 0.0160187 0.0190654 0.0219025 0.0243483 0.0262531 0.0275069 0.0280424 0.0278338 0.0268962 0.0252882 0.0231121 0.0205099 0.0176525 0.0147209
 1.03312e-16 3.61317e-06 2.10994e-05 0.000100071 0.000384902 0.00119995 0.00303187 0.00620989 0.0103173 0.0139277 0.0153453 0.0139857 0.0109931 0.00839588 0.00777355 0.00972088 0.0141895 0.0209549 0.0297408 0.0400875 0.0512136 0.0620096 0.0711846 0.0775207 0.0801537 0.0787823 0.0737402 0.0658959 0.0564261 0.0465363 0.0372204 0.0291214 0.0225104 0.0173571 0.013447 0.010497
pSPR Fmed_Fpbrs
0.495218   0.6 0.325
Fs Fmed_Fpbrs
0.64   0.4114 1.40778
SSBpbr Bo_Bmed_Bpbrs
583056  259587  320681 160341
Ro
15994.5
SPR SPRFo_SPRFmed_SPRFpbrs
330354 163597 107365
log_Ro
9.5
likeval ReclasPelacesDesembMPH_pf_preclas_ppelaces_ptallas_desvR_qrecl_qpela
 77.5195 0.000171757 0.324263 37.7456 415.895 229.163 59.9813 0 55.325 0.000198532 0.000358615 3.89396e-15 0 0 0
q_reclas_q_pelaces
7.36419 14.7935
M
0.7
N
 6186.7 45899.7 19825.6 2623.92 0.105455
 8595.09 3034.68 19883.6 8404.23 1111.96
 1025.52 4176.13 1182.85 7457.95 3567.18
 3335.05 459.313 659.058 155.618 1446.31
 39043.6 1508.27 80.7353 98.2394 238.158
 10926 18832.8 542.282 27.577 114.811
 64512.3 4746.41 2117.41 48.1638 12.5991
 49361.5 27438.7 421.975 143.267 4.09362
 75815.1 21349.4 2938.22 35.4203 12.322
 116384 31411.7 1418.67 141.883 2.29382
 55389.6 52683.7 5578.9 214.023 21.695
 50779.5 24236.6 6418.56 543.813 22.8963
 56724.7 21917.3 2536.39 524.617 46.1397
 29140.3 22210.3 777.344 59.1717 13.2276
 12986.5 9855.62 154.948 2.75565 0.253926
 9638.73 4469.93 83.5475 0.688409 0.0132356
 6298.83 4121.33 421.432 6.05101 0.0506067
 7627.2 2720.17 433.934 34.6892 0.500298
 8105.37 3309.18 301.584 37.9206 3.06363
 7031.06 3618.73 504.133 38.0871 5.16063
 15157.4 3054.72 407.356 44.8384 3.83227
 19578.6 6935.97 611.804 70.635 8.4203
 27433.9 9011.11 1481.42 114.294 14.7375
 51998.9 12527.3 1763.15 250.028 21.7266
 7063.63 23790.4 2504.19 305.05 46.9105
 30133.8 3329.54 6622.22 635.868 89.241
 1027.25 13609.8 576.635 970.302 105.965
pred_Ctot
 54.4177 4246.94 2105.83 279.267 0.0112241
 133.509 475.989 3555.76 1505.77 199.234
 72.7661 2183.64 672.717 4246.5 2031.16
 215.296 226.15 354.57 83.8261 779.094
 806.127 304.958 18.5176 22.5734 54.7253
 991.392 11361.3 351.261 17.8805 74.4424
 6717.48 3073.67 1461.05 33.2627 8.70122
 4617.14 16824 277.344 94.2529 2.69315
 9127.27 14785 2150.44 25.943 9.02516
 7441.25 15369.3 758.807 75.9846 1.22846
 4769.07 30880.9 3521.2 135.222 13.7073
 4816.6 14970.3 4246.46 360.122 15.1625
 8747.86 16708.3 2015.79 417.172 36.6902
 6832.39 18946 678.489 51.6626 11.5491
 2926.86 8338.13 134.324 2.38964 0.220199
 971.595 2848.42 56.8323 0.468703 0.00901156
 595.271 2540.73 278.335 4.00019 0.0334554
 698.21 1648.83 282.282 22.588 0.325775
 592.005 1761.51 174.356 21.9485 1.77326
 637.485 2182.18 326.428 24.6859 3.34487
 859.904 1379.48 202.198 22.2861 1.90479
 1034.66 2981.18 289.922 33.5189 3.99582
 1594.89 4137.92 746.917 57.7017 7.44044
 2955.99 5665.12 876.318 124.434 10.8131
 258.786 7770.89 914.214 111.543 17.1534
 1971.93 1653.86 3591.95 345.326 48.4657
 117.807 9224.02 414.159 697.456 76.1686
F
 0.0122974 0.136563 0.158239 0.15858 0.158585
 0.0218077 0.242175 0.280615 0.28122 0.281228
 0.103226 1.14633 1.32828 1.33115 1.33119
 0.0935212 1.03856 1.2034 1.206 1.20603
 0.02908 0.322934 0.374193 0.375 0.375011
 0.13376 1.4854 1.72118 1.72489 1.72494
 0.154902 1.7202 1.99324 1.99754 1.9976
 0.138149 1.53415 1.77766 1.7815 1.78155
 0.181117 2.01131 2.33056 2.33558 2.33565
 0.0925876 1.02819 1.19139 1.19396 1.19399
 0.126529 1.40511 1.62814 1.63165 1.6317
 0.140218 1.55712 1.80428 1.80817 1.80822
 0.237653 2.63915 3.05805 3.06465 3.06474
 0.38408 4.26522 4.94223 4.95289 4.95303
 0.366535 4.07038 4.71646 4.72663 4.72677
 0.149614 1.66147 1.92519 1.92934 1.9294
 0.13967 1.55104 1.79723 1.80111 1.80116
 0.13502 1.4994 1.7374 1.74115 1.7412
 0.106404 1.18162 1.36917 1.37212 1.37216
 0.13365 1.48419 1.71977 1.72348 1.72353
 0.0817675 0.90803 1.05216 1.05443 1.05446
 0.0759762 0.843718 0.977639 0.979747 0.979776
 0.0838678 0.931355 1.07919 1.08151 1.08155
 0.0819401 0.909948 1.05438 1.05666 1.05669
 0.0521251 0.578851 0.67073 0.672177 0.672196
 0.0948559 1.05338 1.22058 1.22321 1.22325
 0.171849 1.90839 2.2113 2.21607 2.21614
Np
 10928.7 5256.62 149.683 330.185 13.7223
YTP_r0W_actual
 190.557 64363.3 4488.44 9662.6 1171.05
YTP_p0W_proyectada
 2027.29 2031.53 7802.55 312.41 612.048
 2027.29 24859.5 1165.11 3288.09 151.649
CTP_r0_actual
 23.2387 2979.78 142.944 240.962 26.3157
CTP_p0_proyectada
 247.23 94.0524 248.489 7.79077 13.7539
 247.23 1150.9 37.1055 81.9974 3.40783
Wmedp
 8.2 21.6 31.4 40.1 44.5
nmprior
 10.8 10.6 4.6 0
nm_flota  nm_reclas  nm_pelaces    nm_pelaL
inf 16.4271 11.1946 29.418
cv_recla  cv_pelaces  cv_mph
0.762493 0.478549 0.492596
 ------------------------------------------------
Talla a la edad & desviaci?n 
 7.2 14.2025 17.0495 18.207 18.6776
 1.08 2.13037 2.55742 2.73105 2.80164
