years
 1997 1998 1999 2000 2001 2002 2003 2004 2005 2006 2007 2008 2009 2010 2011 2012 2013 2014 2015 2016 2017 2018 2019 2020 2021 2022 2023
reclasobs
 0 0 0 370054 412103 1.49427e+06 250295 1.28982e+06 931140 785840 897777 1.04006e+06 184774 17550 25797 100020 73551 82996 120727 218422 84188 347160 605670 569463 516374 1.08416e+06 1.01767e+06
reclaspred
 7.03571e+06 1.23415e+06 1.51247e+06 268246 241754 335500 634897 592128 645996 950359 1.08555e+06 742006 357587 118490 76268.5 91390.3 95737.5 110190 125800 128400 181191 226203 422242 549763 917059 750403 291730
pelacesobs
 0 0 0 0 0 0 0 0 0 2.06254e+06 1.5e+06 0 1.87456e+06 323000 250000 174000 83755 137374 0 501740 490994 745055 786931 1.00524e+06 1.33801e+06 1.41789e+06 0
pelacespred
 9.89366e+06 3.90129e+06 869361 356433 555544 479907 1.60607e+06 1.42084e+06 1.45645e+06 2.34665e+06 1.95062e+06 1.29275e+06 708716 215154 139852 166374 166257 195892 225218 201385 402338 456023 623297 1.00907e+06 1.58014e+06 1.05309e+06 315046
mphobs
 0 0 0 0 0 0 112323 0 153150 637223 0 255016 313432 73983 77613 109348 50772 17779 17303 59886 28197 0 207744 136588 643089 65757 70829
mphpred
 1.23315e+06 513424 222036 71548.5 48297.4 149180 172651 319254 278563 366112 471358 290769 171133 114672 57524.6 48053.7 39933.5 44774.9 38619.8 34488.3 45480.4 71977.4 91389.4 140567 215846 140674 105093
desembarqueobs
 350755 77701 442110 56441 14545 235359 269955 359681 431902 328805 639364 411747 362871 311530 167758 66681 60226 58785 57116 73181 50977 67692 138656 160484 209506 203330 245020
desembarquepred
 350742 77674.6 441501 56406.4 14542 235170 269827 359000 431217 328543 638319 411060 362255 310787 167228 66610.3 60200.7 58699.4 57014.7 73097.6 50944.6 67605.4 138560 160365 209377 203074 244617
Reclutas
 10840.3 16245.4 1842.38 4668.15 37073 12811.3 63263.7 50479.4 75947.7 113219 56842.4 51598.8 54496.4 30569.1 12964.3 9522.68 6402.76 7627.32 8085.84 7295.22 15288.2 19646.8 28167.3 50390.2 9102.54 29231 2108.4
log_desv_Rt
 -0.508974 -0.104432 -2.28119 -1.35148 0.720645 -0.341918 1.25507 1.02932 1.4378 1.83708 1.14804 1.05125 1.10589 0.527743 -0.330046 -0.638568 -1.03552 -0.860508 -0.80213 -0.905026 -0.165161 0.0856689 0.445916 1.02755 -0.683691 0.482985 -2.14632
SSB
 1.45463e+06 605639 261916 84399.2 56972 175974 193963 368834 313882 418629 556018 342994 214386 110944 59758.9 49268.9 44245 46149.6 54700.1 54640.8 63663.4 96577 128485 183082 321074 227749 156674
BT
 1.96828e+06 738835 385624 135739 236591 284194 1.00171e+06 862871 1.02398e+06 1.15841e+06 1.11766e+06 801495 654796 381390 198967 108796 102571 116465 110389 117042 188998 173870 260553 442908 453271 447292 248028
Ftot
 0.175253 0.325056 1.33408 1.09042 0.290341 1.54486 1.69725 1.55581 2.01751 1.0408 1.48566 1.65706 2.77899 4.89059 4.2059 1.69596 1.6126 1.53745 1.20363 1.51894 0.898492 0.841661 0.94188 0.912242 0.60259 1.09713 1.94738
BD_Bspro_t
 0.973016 0.808809 0.549964 0.176922 0.222271 0.510605 0.368356 0.460133 0.373133 0.402078 0.432383 0.263188 0.183174 0.114079 0.0737083 0.0745745 0.0929694 0.134191 0.193755 0.234901 0.291778 0.446542 0.47322 0.485972 0.550902 0.390188 0.30026
BD_Bspro
 3.90534 1.62599 0.703181 0.226591 0.152956 0.472447 0.520744 0.990231 0.842696 1.12392 1.49277 0.920855 0.575576 0.297859 0.160438 0.132275 0.118787 0.123901 0.146857 0.146697 0.170921 0.259286 0.344952 0.49153 0.862007 0.611451 0.420632
BD_Bo
 2.49417 1.03845 0.44909 0.144714 0.0976862 0.301731 0.332576 0.632417 0.538193 0.717796 0.953368 0.588109 0.367595 0.190229 0.102465 0.0844781 0.0758641 0.0791298 0.0937908 0.093689 0.109159 0.165594 0.220306 0.313918 0.550526 0.390507 0.268639
BD_Brms
 4.53485 1.88809 0.816528 0.263116 0.177611 0.548601 0.604684 1.14985 0.978532 1.30508 1.7334 1.06929 0.668354 0.345871 0.186299 0.153597 0.137935 0.143872 0.170529 0.170344 0.198472 0.301081 0.400556 0.570761 1.00096 0.710013 0.488434
S_f
 0.0871106 1 1 1 1
 0.0871106 1 1 1 1
 0.0871106 1 1 1 1
 0.0871106 1 1 1 1
 0.0871106 1 1 1 1
 0.0871106 1 1 1 1
 0.0871106 1 1 1 1
 0.0871106 1 1 1 1
 0.0871106 1 1 1 1
 0.0871106 1 1 1 1
 0.0871106 1 1 1 1
 0.0871106 1 1 1 1
 0.0871106 1 1 1 1
 0.0871106 1 1 1 1
 0.0871106 1 1 1 1
 0.0871106 1 1 1 1
 0.0871106 1 1 1 1
 0.0871106 1 1 1 1
 0.0871106 1 1 1 1
 0.0871106 1 1 1 1
 0.0871106 1 1 1 1
 0.0871106 1 1 1 1
 0.0871106 1 1 1 1
 0.0871106 1 1 1 1
 0.0871106 1 1 1 1
 0.0871106 1 1 1 1
 0.0871106 1 1 1 1
Scru_reclas
 0.0813674 0.308323 0.691677 0.918633 0.982704
 0.0813674 0.308323 0.691677 0.918633 0.982704
 0.0813674 0.308323 0.691677 0.918633 0.982704
 0.0813674 0.308323 0.691677 0.918633 0.982704
 0.0813674 0.308323 0.691677 0.918633 0.982704
 0.0813674 0.308323 0.691677 0.918633 0.982704
 0.0813674 0.308323 0.691677 0.918633 0.982704
 0.0813674 0.308323 0.691677 0.918633 0.982704
 0.0813674 0.308323 0.691677 0.918633 0.982704
 0.0813674 0.308323 0.691677 0.918633 0.982704
 0.0813674 0.308323 0.691677 0.918633 0.982704
 0.0813674 0.308323 0.691677 0.918633 0.982704
 0.0813674 0.308323 0.691677 0.918633 0.982704
 0.0813674 0.308323 0.691677 0.918633 0.982704
 0.0813674 0.308323 0.691677 0.918633 0.982704
 0.0813674 0.308323 0.691677 0.918633 0.982704
 0.0813674 0.308323 0.691677 0.918633 0.982704
 0.0813674 0.308323 0.691677 0.918633 0.982704
 0.0813674 0.308323 0.691677 0.918633 0.982704
 0.0813674 0.308323 0.691677 0.918633 0.982704
 0.0813674 0.308323 0.691677 0.918633 0.982704
 0.0813674 0.308323 0.691677 0.918633 0.982704
 0.0813674 0.308323 0.691677 0.918633 0.982704
 0.0813674 0.308323 0.691677 0.918633 0.982704
 0.0813674 0.308323 0.691677 0.918633 0.982704
 0.0813674 0.308323 0.691677 0.918633 0.982704
 0.0813674 0.308323 0.691677 0.918633 0.982704
Scru_pelaces
 0.249186 0.825672 0.985421 0.998964 0.999927
 0.249186 0.825672 0.985421 0.998964 0.999927
 0.249186 0.825672 0.985421 0.998964 0.999927
 0.249186 0.825672 0.985421 0.998964 0.999927
 0.249186 0.825672 0.985421 0.998964 0.999927
 0.249186 0.825672 0.985421 0.998964 0.999927
 0.249186 0.825672 0.985421 0.998964 0.999927
 0.249186 0.825672 0.985421 0.998964 0.999927
 0.249186 0.825672 0.985421 0.998964 0.999927
 0.249186 0.825672 0.985421 0.998964 0.999927
 0.249186 0.825672 0.985421 0.998964 0.999927
 0.249186 0.825672 0.985421 0.998964 0.999927
 0.249186 0.825672 0.985421 0.998964 0.999927
 0.249186 0.825672 0.985421 0.998964 0.999927
 0.249186 0.825672 0.985421 0.998964 0.999927
 0.249186 0.825672 0.985421 0.998964 0.999927
 0.249186 0.825672 0.985421 0.998964 0.999927
 0.249186 0.825672 0.985421 0.998964 0.999927
 0.249186 0.825672 0.985421 0.998964 0.999927
 0.249186 0.825672 0.985421 0.998964 0.999927
 0.249186 0.825672 0.985421 0.998964 0.999927
 0.249186 0.825672 0.985421 0.998964 0.999927
 0.249186 0.825672 0.985421 0.998964 0.999927
 0.249186 0.825672 0.985421 0.998964 0.999927
 0.249186 0.825672 0.985421 0.998964 0.999927
 0.249186 0.825672 0.985421 0.998964 0.999927
 0.249186 0.825672 0.985421 0.998964 0.999927
pf_obs 
 0.256992 0.487395 0.22802 0.0275931 0
 0.321318 0.546541 0.124235 0.00734118 0.000564706
 0.182869 0.594174 0.210203 0.0122559 0.00049798
 0.330522 0.361315 0.267642 0.0388342 0.00168674
 0.649043 0.306663 0.0425973 0.00169635 0
 0.582887 0.30429 0.105238 0.00758474 0
 0.465427 0.430635 0.0974691 0.00646863 0
 0.296916 0.608066 0.0921331 0.00288517 0
 0.311714 0.524322 0.152257 0.0117073 0
 0.15457 0.633149 0.183074 0.0267441 0.00246327
 0.131901 0.49318 0.331252 0.0422183 0.00144891
 0.196976 0.569456 0.194076 0.0375587 0.00193317
 0.518974 0.381816 0.0799577 0.0180837 0.00116848
 0.0928022 0.601141 0.25162 0.0475244 0.00691264
 0.122501 0.610282 0.24278 0.0234846 0.000952079
 0.383417 0.481906 0.127806 0.00687128 0
 0.0376549 0.599619 0.316969 0.0457579 0
 0.0361596 0.667082 0.258105 0.0386534 0
 0.158088 0.579412 0.248529 0.0139706 0
 0.0477256 0.309471 0.559284 0.082774 0.000745712
 0.0406174 0.521527 0.379366 0.0568643 0.0016247
 0.151134 0.462217 0.34131 0.0453401 0
 0.294876 0.26143 0.354403 0.0886775 0.000613685
 0.281977 0.475581 0.204845 0.0348837 0.00271318
 0.0841818 0.532909 0.334909 0.0458182 0.00218182
 0.115287 0.27431 0.454777 0.147771 0.00785563
 0 0 0 0 0
pf_pred 
 0.0175536 0.632711 0.308231 0.0415024 2.06012e-06
 0.052646 0.17371 0.498239 0.242722 0.0326834
 0.0138975 0.424535 0.102971 0.295343 0.163253
 0.158649 0.21435 0.269935 0.0654727 0.291592
 0.578038 0.336734 0.0217137 0.0273445 0.0361707
 0.0912163 0.86168 0.0375894 0.00242389 0.00709017
 0.56428 0.320225 0.109509 0.00477714 0.00120912
 0.212788 0.767711 0.0143315 0.004901 0.000267912
 0.340844 0.581772 0.075467 0.0014088 0.000508111
 0.301898 0.663738 0.0303293 0.0039343 9.99338e-05
 0.126569 0.784299 0.0847439 0.00387235 0.000515077
 0.201951 0.633785 0.147501 0.0159376 0.000825132
 0.305122 0.613126 0.0649247 0.01511 0.00171717
 0.289382 0.685601 0.0220741 0.00233745 0.000605819
 0.255597 0.738282 0.00590515 0.000190126 2.53507e-05
 0.245274 0.742416 0.0122088 9.76522e-05 3.56329e-06
 0.177317 0.747008 0.0744404 0.00122415 1.01486e-05
 0.260318 0.637114 0.0931334 0.00928087 0.000153886
 0.228455 0.699281 0.0622431 0.0090987 0.000921732
 0.20517 0.690761 0.0943216 0.00839557 0.00135159
 0.33834 0.579121 0.071732 0.00979482 0.00101219
 0.231655 0.695689 0.0635927 0.00787681 0.00118671
 0.244212 0.638858 0.105873 0.00967782 0.00137933
 0.290946 0.61064 0.0831885 0.0137862 0.0014398
 0.0367922 0.853063 0.0948573 0.0129226 0.00236522
 0.249452 0.282813 0.414248 0.0460628 0.00742378
 0.0226551 0.855048 0.0460825 0.0674989 0.00871528
pobs_RECLAS
 0 0 0 0 0
 0 0 0 0 0
 0 0 0 0 0
 0 0 0 0 0
 0.835266 0.146461 0.0176864 0.000547809 3.91292e-05
 0.385257 0.428462 0.181853 0.0044286 0
 0.867414 0.0963971 0.0333333 0.00285562 0
 0.441836 0.489002 0.0689373 0.000224442 0
 0.779404 0.147425 0.0564933 0.0165055 0.000172143
 0.814271 0.122319 0.05973 0.00367925 0
 0.40263 0.566651 0.0304383 0.000280538 0
 0.475488 0.404961 0.113038 0.00651328 0
 0.955842 0.0263864 0.0167828 0.000988607 0
 0.975058 0.0227948 0.00214734 0 0
 0.738997 0.206755 0.0527124 0.00153531 0
 0.850938 0.134255 0.0134407 0.00136685 0
 0.542534 0.407297 0.0501686 0 0
 0.764087 0.199537 0.0359546 0.000420521 0
 0.470689 0.182191 0.310203 0.0369168 0
 0.84361 0.089868 0.0606195 0.00523954 0.000663233
 0.607945 0.314616 0.071237 0.00620181 0
 0.523733 0.453247 0.0230204 0 0
 0.530135 0.295979 0.169645 0.0042399 0
 0.562478 0.366248 0.0663022 0.0049721 0
 0.250443 0.683176 0.0655157 0.000865301 0
 0.195077 0.31981 0.436473 0.0351445 0.0134964
 0.565238 0.351407 0.0832357 0.000118908 0
ppred_RECLAS
 0.0357888 0.421363 0.460495 0.0823493 4.37281e-06
 0.0714117 0.0761312 0.48986 0.316943 0.0456542
 0.0229972 0.201755 0.10978 0.418189 0.24728
 0.215241 0.0865135 0.244408 0.0787327 0.375104
 0.753977 0.142295 0.0205842 0.0344276 0.0487164
 0.251863 0.660625 0.0646504 0.00553678 0.0173253
 0.781297 0.119926 0.0920034 0.00533042 0.00144325
 0.48498 0.484948 0.0203088 0.00922396 0.000539393
 0.638666 0.277735 0.0808224 0.00200384 0.00077313
 0.575422 0.378868 0.0388375 0.00669105 0.000181811
 0.313695 0.545033 0.132113 0.00801772 0.00114085
 0.422158 0.360888 0.188418 0.0270388 0.00149751
 0.635921 0.275837 0.0655256 0.0202536 0.00246225
 0.765357 0.216221 0.0156173 0.00219636 0.000608955
 0.697869 0.296549 0.00532112 0.000227537 3.2455e-05
 0.540703 0.442782 0.0163348 0.000173524 6.77346e-06
 0.413116 0.477732 0.106798 0.00233254 2.06863e-05
 0.517174 0.351887 0.115395 0.0152725 0.000270896
 0.473095 0.424018 0.0846682 0.0164379 0.00178137
 0.441246 0.414268 0.1269 0.0150017 0.00258355
 0.589539 0.30773 0.0855088 0.0155072 0.00171428
 0.465697 0.429422 0.0880591 0.0144862 0.00233469
 0.469534 0.372573 0.138513 0.0168159 0.00256384
 0.53134 0.339511 0.10376 0.0228375 0.00255145
 0.0950139 0.694315 0.173198 0.0313372 0.0061357
 0.379373 0.127836 0.42006 0.0620354 0.0106954
 0.0687963 0.670609 0.0810796 0.157729 0.021786
pobs_PELACES
 0 0 0 0 0
 0 0 0 0 0
 0 0 0 0 0
 0 0 0 0 0
 0 0 0 0 0
 0 0 0 0 0
 0 0 0 0 0
 0 0 0 0 0
 0 0 0 0 0
 0 0 0 0 0
 0.450072 0.473896 0.0757376 0.000293798 0
 0 0 0 0 0
 0.463077 0.371075 0.160297 0.00555027 0
 0.529543 0.364841 0.0842815 0.0213345 0
 0.631943 0.363953 0.00410389 0 0
 0.735681 0.248677 0.0153453 0.000297389 0
 0.695825 0.281241 0.0229344 0 0
 0.275771 0.60734 0.115278 0.00161068 0
 0 0 0 0 0
 0.896147 0.0623911 0.0374545 0.00400742 0
 0.803859 0.145111 0.0509908 3.86294e-05 0
 0.739449 0.233085 0.0266225 0.000797448 4.60066e-05
 0.878498 0.100942 0.0204185 0.000141795 0
 0.694673 0.275183 0.0284847 0.00165964 0
 0.469039 0.446079 0.0841089 0.000773354 0
 0.822795 0.102175 0.0682046 0.00682512 0
 0 0 0 0 0
ppred_PELACES
 0.058076 0.567157 0.329754 0.0450106 2.23642e-06
 0.157226 0.132897 0.454927 0.224668 0.0302816
 0.0697904 0.358203 0.103692 0.301498 0.166816
 0.466456 0.118041 0.177412 0.0436227 0.194468
 0.835164 0.126282 0.00971863 0.0124071 0.0164276
 0.394578 0.568241 0.0295846 0.00193394 0.00566244
 0.896725 0.0721817 0.0294602 0.00130282 0.000330067
 0.639447 0.349907 0.00779577 0.0027026 0.000147879
 0.806478 0.167001 0.0258546 0.000489282 0.000176639
 0.691168 0.290832 0.0158607 0.00208572 5.30297e-05
 0.475531 0.461793 0.0595508 0.00275856 0.000367281
 0.627227 0.284611 0.0790533 0.00865914 0.00044874
 0.840044 0.137942 0.017433 0.00411295 0.000467865
 0.944214 0.0534542 0.00205403 0.000220494 5.72024e-05
 0.904408 0.0946554 0.000903583 2.94922e-05 3.93617e-06
 0.695357 0.298731 0.005863 4.75397e-05 1.73638e-06
 0.589161 0.366516 0.0435904 0.000726682 6.03027e-06
 0.691355 0.258848 0.0451594 0.00456205 7.57163e-05
 0.620055 0.338158 0.0359231 0.00532341 0.000539801
 0.619942 0.322072 0.0524868 0.00473606 0.000763188
 0.710459 0.247384 0.0365704 0.00506223 0.000523633
 0.586901 0.367245 0.0400648 0.00503077 0.000758657
 0.610977 0.319204 0.0631341 0.00585038 0.000834627
 0.663877 0.281803 0.0458182 0.00769746 0.000804681
 0.139822 0.745133 0.0988867 0.0136567 0.00250199
 0.613383 0.129869 0.227028 0.0255917 0.00412849
 0.152508 0.723008 0.0465053 0.0690545 0.00892472
pobs_pel_tallas
 0 0 0 0 0 0 0 0 0 0 0 0 0 0 0 0 0 0 0 0 0 0 0 0 0 0 0 0 0 0 0 0 0 0 0 0
 0 0 0 0 0 0 0 0 0 0 0 0 0 0 0 0 0 0 0 0 0 0 0 0 0 0 0 0 0 0 0 0 0 0 0 0
 0 0 0 0 0 0 0 0 0 0 0 0 0 0 0 0 0 0 0 0 0 0 0 0 0 0 0 0 0 0 0 0 0 0 0 0
 0 0 0 0 0 0 0 0 0 0 0 0 0 0 0 0 0 0 0 0 0 0 0 0 0 0 0 0 0 0 0 0 0 0 0 0
 0 0 0 0 0 0 0 0 0 0 0 0 0 0 0 0 0 0 0 0 0 0 0 0 0 0 0 0 0 0 0 0 0 0 0 0
 0 0 0 0 0 0 0 0 0 0 0 0 0 0 0 0 0 0 0 0 0 0 0 0 0 0 0 0 0 0 0 0 0 0 0 0
 0 0 0 0 0 0 0 0 0 0 0 0 0 0 0 0 0 0 0 0 0 0 0 0 0 0 0 0 0 0 0 0 0 0 0 0
 0 0 0 0 0 0 0 0 0 0 0 0 0 0 0 0 0 0 0 0 0 0 0 0 0 0 0 0 0 0 0 0 0 0 0 0
 0 0 0 0 0 0 0 0 0 0 0 0 0 0 0 0 0 0 0 0 0 0 0 0 0 0 0 0 0 0 0 0 0 0 0 0
 0 0 0 0 0 0 0 0 0 0 0 0 0 0 0 0 0 0 0 0 0 0 0 0 0 0 0 0 0 0 0 0 0 0 0 0
 0 0 0 0 0 0 0 0 1.78061e-05 0.00172719 0.00360574 0.0105946 0.0120993 0.0124554 0.0147524 0.0171206 0.0266825 0.0428682 0.0675386 0.121331 0.153587 0.119568 0.100827 0.0573624 0.0630603 0.0341343 0.0324427 0.0444173 0.0211091 0.0280891 0.0125444 0.00206551 0 0 0 0
 0 0 0 0 0 0 0 0 0 0 0 0 0 0 0 0 0 0 0 0 0 0 0 0 0 0 0 0 0 0 0 0 0 0 0 0
 0 0 0 0 0 0 0.0133647 0.0140871 0.0187388 0.0205184 0.03894 0.0496705 0.03968 0.0493445 0.0407372 0.0367815 0.0215668 0.0243155 0.0234873 0.0199281 0.019796 0.0243948 0.0301388 0.0376714 0.0412746 0.0863199 0.0771752 0.113111 0.0741005 0.0525337 0.0229764 0.00759418 0.00175318 0 0 0
 0 0 0 0 0 0 0 0 0 0 0.00219441 0.00772107 0.0458388 0.0604681 0.0671733 0.0775358 0.0609151 0.0617685 0.073594 0.0568108 0.0755445 0.0548602 0.0670107 0.0636378 0.0643287 0.046367 0.0373049 0.0286899 0.0247887 0.0153202 0.00654259 0.00121912 0.000365735 0 0 0
 0 0 0 0 0 0 0 0 0 0 0 0 0.000112435 0.00938835 0.0111873 0.0202946 0.0414886 0.0713402 0.111592 0.104902 0.108894 0.110636 0.117776 0.105296 0.107544 0.0401394 0.0192827 0.0124803 0.00416011 0.0028671 0.000618394 0 0 0 0 0
 0 0 0 0 0 0 0 0 0 0 0.00291406 0.0102884 0.027416 0.0768956 0.0749926 0.110853 0.0956884 0.0897413 0.0766577 0.0534642 0.0500743 0.0551293 0.0594112 0.0620874 0.0668451 0.0424026 0.0208742 0.0120726 0.0048766 0.00582813 0.00118941 0.000297354 0 0 0 0
 0 0.00264628 0.0354308 0.0461629 0.0458689 0.0383711 0.0214643 0.0164657 0.0346957 0.0420465 0.0363128 0.0245516 0.0311673 0.0291091 0.0169068 0.0133784 0.00837989 0.0085269 0.0148486 0.0160247 0.0276389 0.0546898 0.0760071 0.122758 0.109233 0.0665981 0.0333725 0.0166128 0.00676272 0.00308733 0.000882094 0 0 0 0 0
 0 0 0 0 0 0 0 0.000805153 0.000690131 0.00759144 0.0133425 0.0154129 0.00931677 0.000345066 0.00356568 0.00563607 0.00851162 0.0253048 0.0502646 0.0516448 0.0657925 0.0565908 0.0611916 0.0827007 0.0866115 0.110766 0.145733 0.0935128 0.0569358 0.0249597 0.0138026 0.00621118 0.00161031 0.00115022 0 0
 0 0 0 0 0 0 0 0 0 0 0 0 0 0 0 0 0 0 0 0 0 0 0 0 0 0 0 0 0 0 0 0 0 0 0 0
 0.00147267 0.00158595 0.00478618 0.00569244 0.00954404 0.0108468 0.00647125 0.017049 0.0510054 0.094081 0.124002 0.0959785 0.0687766 0.0820023 0.061753 0.0591476 0.0492212 0.0479892 0.0443925 0.0268479 0.0217502 0.0140895 0.0121071 0.0120363 0.00920419 0.00665534 0.0049561 0.00860946 0.00930331 0.0156896 0.0114698 0.00855282 0.00243557 0.00046729 0 2.83206e-05
 0 0 0 0 0.000772559 0.00158375 0.000888443 0.00281984 0.00712685 0.0440552 0.0773331 0.111326 0.0921469 0.0852325 0.0710754 0.0886704 0.0786465 0.0553345 0.0373146 0.0185414 0.00753245 0.00457741 0.012979 0.0271748 0.0457355 0.0583668 0.034881 0.0177882 0.00938659 0.00492506 0.0015258 0.00185414 0.000309023 5.79419e-05 3.86279e-05 0
 0 0.00173294 0.00326652 0 0.00397197 0.00683976 0.00946217 0.0152591 0.00757587 0.0136028 0.0228656 0.0392903 0.0559909 0.0764795 0.0681675 0.0726916 0.0566044 0.0477403 0.0527397 0.0444891 0.0609904 0.0582453 0.0661739 0.0445044 0.0529084 0.0360697 0.0280645 0.0235558 0.0158879 0.00826598 0.00280645 0.00217768 0.000904811 0.00058276 9.20147e-05 0
 0 0 0 0 0 0 0 0 0 0 0 0 0 0 0 0 0 0 0 0 0 0 0 0 0 0 0 0 0 0 0 0 0 0 0 0
 0 0 0 0 0 0 0 0 0 0 0 0 0 0 0 0 0 0 0 0 0 0 0 0 0 0 0 0 0 0 0 0 0 0 0 0
 0 0 0 0 0 0 0 0 0 0 0 0 0 0 0 0 0 0 0 0 0 0 0 0 0 0 0 0 0 0 0 0 0 0 0 0
 0 0 0 0 0 0 0 0 0 0 0 0 0 0 0 0 0 0 0 0 0 0 0 0 0 0 0 0 0 0 0 0 0 0 0 0
 0 0 0 0 0 0 0 0 0 0 0 0 0 0 0 0 0 0 0 0 0 0 0 0 0 0 0 0 0 0 0 0 0 0 0 0
ppred_pel_tallas
 1.06413e-16 2.5688e-06 1.49884e-05 7.10644e-05 0.000273294 0.000851961 0.0021526 0.00440914 0.00732631 0.00989254 0.0109062 0.00995603 0.00786062 0.00607075 0.00572549 0.00727464 0.0107239 0.0159682 0.0228793 0.0312075 0.0404735 0.0499477 0.0587353 0.0659359 0.0708291 0.0730193 0.0724993 0.0696078 0.0649093 0.0590409 0.0525801 0.0459689 0.0395013 0.0333529 0.0276289 0.0224026
 1.15636e-16 6.87462e-06 4.03072e-05 0.000191521 0.000737233 0.00229884 0.00580678 0.0118827 0.0197017 0.0264738 0.0288484 0.0255411 0.0184914 0.0112175 0.00625617 0.0041798 0.00436571 0.00607229 0.008896 0.0127098 0.0174753 0.0231194 0.0294871 0.036337 0.0433559 0.0501807 0.0564219 0.0616882 0.0656139 0.0678925 0.0683152 0.0668068 0.0634508 0.0584895 0.0523007 0.0453473
 1.19743e-16 3.06986e-06 1.79525e-05 8.52055e-05 0.000327825 0.00102208 0.00258205 0.00528615 0.00877368 0.0118171 0.01295 0.0116384 0.00880214 0.00609022 0.00474542 0.00516059 0.00719853 0.0106345 0.015315 0.0210904 0.0277119 0.034795 0.0418562 0.0484003 0.0540205 0.058471 0.0616891 0.0637567 0.0648223 0.0650171 0.0643986 0.062942 0.0605757 0.0572405 0.0529483 0.0478145
 1.13143e-16 2.03571e-05 0.000119464 0.000567852 0.00218621 0.00681745 0.0172203 0.0352353 0.0584077 0.0784436 0.0853719 0.0753274 0.0539732 0.0316053 0.0155443 0.00721624 0.00444241 0.00466122 0.00633202 0.00881522 0.0118806 0.0153957 0.0192157 0.0231706 0.0270831 0.0307869 0.0341366 0.0370048 0.0392741 0.040831 0.0415694 0.0414054 0.0402993 0.0382751 0.0354306 0.0319335
 1.01374e-16 3.64348e-05 0.000213854 0.00101659 0.00391396 0.0122054 0.0308297 0.0630811 0.104562 0.140417 0.152785 0.134727 0.0963543 0.0560555 0.0268721 0.0112687 0.00523538 0.00406259 0.00486864 0.0064024 0.00818183 0.00995252 0.0115013 0.0126384 0.0132283 0.0132205 0.0126591 0.0116681 0.0104164 0.00907579 0.00778523 0.00663143 0.00564724 0.0048241 0.00413074 0.00353083
 1.00937e-16 1.72412e-05 0.00010113 0.000480595 0.0018501 0.00576916 0.014573 0.029822 0.0494475 0.0664495 0.0724232 0.0641511 0.0465073 0.0283232 0.0159511 0.0107779 0.0111246 0.0149116 0.0207743 0.027898 0.0355769 0.0429895 0.0492167 0.0533985 0.0549281 0.0535997 0.0496601 0.0437385 0.0366873 0.0293827 0.0225531 0.0166772 0.0119641 0.00840072 0.00583187 0.00404234
 1.00503e-16 3.9117e-05 0.000229606 0.00109149 0.00420235 0.0131047 0.0331013 0.0677286 0.112264 0.150754 0.164018 0.144597 0.103336 0.0599618 0.0284539 0.0114315 0.00456286 0.00277428 0.00297262 0.00384238 0.00492434 0.00602973 0.00702641 0.00779886 0.00825989 0.00836756 0.00813248 0.00761126 0.00688951 0.00606027 0.00520526 0.0043839 0.00363111 0.00296169 0.00237769 0.00187523
 1.00325e-16 2.79097e-05 0.000163784 0.000778503 0.00299719 0.0093464 0.0236085 0.0483077 0.0800812 0.107565 0.117098 0.1034 0.0742593 0.0438259 0.0221786 0.0113134 0.00826418 0.0094936 0.0127886 0.0170742 0.0217372 0.0262282 0.0299729 0.0324418 0.0332649 0.0323217 0.0297726 0.026015 0.0215834 0.017026 0.012797 0.00919289 0.00634062 0.00422648 0.00274691 0.00176008
 1.00447e-16 3.51857e-05 0.000206517 0.000981698 0.00377961 0.0117864 0.0297714 0.0609161 0.100975 0.135604 0.147558 0.130144 0.0931324 0.0542939 0.0262389 0.0113673 0.00582579 0.00507931 0.00634423 0.00839127 0.0107103 0.0129899 0.0149469 0.0163238 0.0169353 0.0167107 0.0157091 0.0141009 0.0121228 0.0100216 0.00800587 0.0062167 0.00472228 0.00353035 0.00260984 0.00191252
 1.00395e-16 3.01626e-05 0.000177016 0.000841421 0.00323947 0.0101019 0.0255168 0.0522118 0.0865507 0.116247 0.126529 0.111679 0.0800993 0.0470597 0.0234225 0.0113079 0.0074744 0.00807554 0.0107222 0.0142932 0.0182102 0.0220012 0.0251861 0.0273229 0.0281003 0.0274126 0.0253857 0.0223416 0.0187169 0.0149607 0.0114469 0.00842205 0.00599466 0.00415945 0.00283818 0.00192128
 1.01108e-16 2.07669e-05 0.000121838 0.000579066 0.00222927 0.00695163 0.0175597 0.0359322 0.0595722 0.0800357 0.0871787 0.0770976 0.0556248 0.0333419 0.0178229 0.0106449 0.00969427 0.0124067 0.0171456 0.0230342 0.0294376 0.0356768 0.0410025 0.0447092 0.04629 0.0455559 0.0426799 0.0381428 0.0326085 0.0267666 0.0211976 0.0162913 0.0122318 0.00903259 0.00659815 0.00478501
 1.01534e-16 2.73744e-05 0.000160647 0.000763601 0.00293984 0.00916755 0.0231567 0.0473828 0.0785465 0.105499 0.114838 0.101376 0.0727456 0.0428125 0.0214463 0.0105872 0.00731219 0.00814938 0.010946 0.0146925 0.0188605 0.0230048 0.0266597 0.0293837 0.0308481 0.0309095 0.0296381 0.0272885 0.0242282 0.0208474 0.017481 0.014363 0.0116179 0.00928012 0.00732742 0.00571271
 1.00456e-16 3.66481e-05 0.000215105 0.00102253 0.00393685 0.0122767 0.03101 0.0634501 0.105174 0.14124 0.153683 0.135525 0.0969375 0.0564206 0.0270954 0.0114453 0.00544033 0.00434558 0.00526051 0.00691927 0.00882335 0.0106976 0.0123055 0.0134347 0.0139338 0.0137459 0.0129216 0.0116028 0.00998557 0.00827324 0.00663641 0.00518914 0.00398463 0.00302614 0.00228538 0.00172082
 1.00057e-16 4.1187e-05 0.00024176 0.00114927 0.00442485 0.0137986 0.0348539 0.0713144 0.118206 0.158732 0.172691 0.152229 0.108758 0.0630423 0.0297916 0.011751 0.0043455 0.00222083 0.00211368 0.00264168 0.00333584 0.00402374 0.00460135 0.0049853 0.00511844 0.00498186 0.00459945 0.00403122 0.00335823 0.00266374 0.00201691 0.00146313 0.00102213 0.000692365 0.000458712 0.000300189
 1.00046e-16 3.94529e-05 0.000231576 0.00110085 0.00423838 0.0132171 0.0333851 0.0683095 0.113227 0.15205 0.165431 0.145853 0.104256 0.0605403 0.0288111 0.0117169 0.00489345 0.00322409 0.00358213 0.00462366 0.00585795 0.00705946 0.00805861 0.00871025 0.00891449 0.00863957 0.00793012 0.00689512 0.00568076 0.00443672 0.00328695 0.00231221 0.00154674 0.000986171 0.000601355 0.000352508
 1.00183e-16 3.03456e-05 0.000178089 0.000846523 0.0032591 0.0101632 0.0256715 0.0525284 0.0870756 0.116952 0.127298 0.112361 0.0805938 0.0473617 0.0235939 0.0114246 0.00759392 0.00823148 0.010931 0.0145589 0.0185248 0.0223434 0.0255209 0.0276048 0.0282794 0.0274429 0.0252335 0.0219927 0.0181792 0.0142634 0.0106354 0.00754979 0.00511584 0.00332167 0.00207778 0.00126128
 1.00764e-16 2.57178e-05 0.000150913 0.000717312 0.00276159 0.00861166 0.0217526 0.0445106 0.0737881 0.0991161 0.107912 0.0953162 0.0685131 0.0405547 0.0207459 0.0109483 0.00845275 0.010019 0.0136151 0.0182394 0.0232929 0.0282135 0.0324019 0.035298 0.0365007 0.0358628 0.0335249 0.029873 0.0254381 0.0207718 0.0163374 0.0124458 0.00924261 0.00673657 0.00484846 0.00346042
 1.00886e-16 3.01695e-05 0.000177059 0.000841633 0.00324029 0.0101045 0.0255233 0.0522249 0.0865714 0.116272 0.12655 0.111682 0.0800666 0.0469713 0.0232512 0.0110162 0.00701507 0.00739717 0.00978021 0.0130648 0.0167099 0.0202931 0.0233869 0.0255932 0.0266232 0.0263634 0.0249001 0.0224907 0.0194952 0.0162896 0.0131922 0.0104194 0.0080769 0.00617957 0.00468424 0.00352247
 1.00829e-16 2.70637e-05 0.000158818 0.000754897 0.00290631 0.00906298 0.0228926 0.0468428 0.077653 0.104303 0.113549 0.100267 0.0720125 0.0425067 0.0215247 0.0110042 0.00807307 0.00930665 0.0125659 0.0168163 0.0214715 0.0260055 0.0298646 0.0325331 0.0336426 0.0330589 0.0309132 0.0275628 0.0234975 0.019225 0.0151705 0.0116174 0.00869633 0.00641178 0.00468786 0.0034143
 1.01049e-16 2.70582e-05 0.000158787 0.000754753 0.00290576 0.00906126 0.0228882 0.0468338 0.0776375 0.104281 0.113521 0.100235 0.0719725 0.042449 0.0214329 0.0108564 0.00784371 0.00896921 0.0120982 0.0162076 0.0207299 0.0251639 0.0289824 0.0316912 0.0329324 0.0325673 0.0307063 0.0276735 0.0239199 0.0199164 0.0160608 0.0126223 0.00973151 0.0074042 0.00558337 0.00418024
 1.00799e-16 3.10021e-05 0.000181948 0.000864879 0.0033298 0.0103836 0.0262283 0.0536673 0.0889619 0.119481 0.130038 0.114749 0.082241 0.048198 0.0237671 0.0111077 0.00686958 0.00708869 0.00931511 0.0124252 0.0158786 0.0192656 0.0221766 0.0242324 0.0251594 0.0248528 0.0234001 0.0210527 0.0181593 0.0150831 0.0121299 0.00950593 0.00730954 0.00555037 0.00418175 0.0031328
 1.00897e-16 2.56192e-05 0.000150335 0.000714561 0.002751 0.00857863 0.0216692 0.0443399 0.0735052 0.0987363 0.107499 0.0949525 0.0682542 0.0404064 0.0206792 0.0109279 0.00845458 0.0100319 0.0136358 0.0182675 0.0233287 0.0282571 0.032453 0.0353566 0.0365672 0.0359386 0.0336129 0.0299771 0.0255631 0.0209219 0.0165152 0.0126513 0.00947239 0.00698419 0.00510498 0.00371562
 1.01241e-16 2.66672e-05 0.000156491 0.00074384 0.00286374 0.00893024 0.0225573 0.0461566 0.0765151 0.102774 0.111881 0.0987888 0.070938 0.0418472 0.0211447 0.010737 0.00779223 0.00893717 0.0120707 0.0161868 0.0207273 0.0251979 0.0290765 0.0318719 0.0332253 0.0329919 0.0312722 0.0283766 0.0247416 0.0208255 0.0170169 0.0135815 0.0106518 0.00825047 0.00633042 0.00481424
 1.01045e-16 2.89723e-05 0.000170028 0.000808203 0.00311157 0.00970309 0.0245094 0.0501505 0.0831338 0.111658 0.121536 0.107276 0.0769495 0.0452262 0.0225426 0.0109396 0.00730995 0.00796611 0.0106211 0.0142058 0.0181704 0.0220645 0.0254251 0.02782 0.028936 0.028651 0.0270606 0.024446 0.0211996 0.0177303 0.0143834 0.011392 0.00886862 0.00682659 0.00521655 0.00396244
 1.02233e-16 6.13996e-06 3.59393e-05 0.000170634 0.000656606 0.00204727 0.00517203 0.0105883 0.0175729 0.0236649 0.0259235 0.0232742 0.0175499 0.012037 0.00919503 0.00976105 0.0133812 0.0194881 0.0276116 0.0372427 0.0476385 0.0577721 0.0664482 0.0725315 0.0752029 0.0741542 0.0696584 0.0624828 0.0536882 0.0443769 0.0354753 0.0276049 0.0210586 0.0158579 0.0118525 0.0088182
 1.04338e-16 2.67648e-05 0.000157081 0.000746679 0.00287474 0.00896457 0.0226438 0.0463322 0.0768011 0.103143 0.112243 0.0990135 0.0708933 0.0414084 0.0201666 0.00901736 0.00506365 0.0048995 0.00645891 0.00886159 0.0117699 0.0149822 0.0182902 0.021465 0.0242839 0.0265611 0.028168 0.0290367 0.0291526 0.0285417 0.0272603 0.0253907 0.0230414 0.0203459 0.0174576 0.0145371
 1.03686e-16 6.69201e-06 3.91829e-05 0.00018606 0.00071601 0.00223252 0.00563995 0.0115455 0.0191587 0.0257922 0.0282319 0.0252947 0.0189623 0.0127923 0.00943253 0.00964488 0.0130023 0.0188564 0.0266914 0.0359891 0.0460233 0.0558015 0.064174 0.070054 0.0726651 0.071728 0.067524 0.0608074 0.0526056 0.0439726 0.0357777 0.0285842 0.0226316 0.0178991 0.0142093 0.0113281
pSPR Fmed_Fpbrs
0.472007   0.6 0.325
Fs Fmed_Fpbrs
0.64   0.377256 1.25084
SSBpbr Bo_Bmed_Bpbrs
583214  246121  320768 160384
Ro
18033.7
SPR SPRFo_SPRFmed_SPRFpbrs
372473 175810 121054
log_Ro
9.62
likeval ReclasPelacesDesembMPH_pf_preclas_ppelaces_ptallas_desvR_qrecl_qpela
 72.4481 0.000170838 0.248796 38.2249 400.38 222.728 60.4454 0 42.1203 0.000195721 0.000325362 2.11942e-15 0 0 0
q_reclas_q_pelaces
7.26048 13.0167
M
0.7
N
 10840.3 36486.7 17774.9 2393.33 0.118802
 16245.4 5301.58 15206.1 7407.79 997.486
 1842.38 7842.02 1902.08 5455.58 3015.62
 4668.15 814.522 1025.74 248.793 1108.04
 37073 2108.08 135.936 171.187 226.442
 12811.3 17950.1 783.046 50.4934 147.699
 63263.7 5560.86 1901.67 82.9575 20.9969
 50479.4 27098.1 505.862 172.992 9.45655
 75947.7 21890.2 2839.58 53.0086 19.1185
 113219 31636.1 1445.6 187.523 4.7632
 56842.4 51349.5 5548.34 253.53 33.7231
 51598.8 24800.6 5771.85 623.651 32.2881
 54496.4 22179.1 2348.58 546.586 62.1165
 30569.1 21243.6 683.973 72.4269 18.7715
 12964.3 9914.18 79.2986 2.55315 0.340427
 9522.68 4463 73.3927 0.587031 0.0214206
 6402.76 4079.36 406.514 6.685 0.0554211
 7627.32 2762.83 403.87 40.2462 0.667324
 8085.84 3312.85 294.877 43.1051 4.36671
 7295.22 3615.63 493.705 43.9447 7.0746
 15288.2 3173.72 393.108 53.6779 5.54705
 19646.8 7020.37 641.73 79.4869 11.9754
 28167.3 9066.59 1502.54 137.346 19.5752
 50390.2 12885.6 1755.43 290.915 30.3825
 9102.54 23111.5 2569.91 350.104 64.0795
 29231 4289.03 6282.33 698.571 112.586
 2108.4 13192.6 711.011 1041.45 134.469
pred_Ctot
 118.216 4261.03 2075.81 279.501 0.013874
 326.712 1078.01 3091.98 1506.29 202.827
 146.347 4470.56 1084.33 3110.1 1719.13
 305.884 413.279 520.449 126.235 562.205
 666.837 388.464 25.0494 31.5452 41.7274
 1169.12 11044.2 481.785 31.0671 90.8749
 6306.57 3578.93 1223.9 53.3908 13.5135
 4637.34 16730.9 312.328 106.808 5.83865
 8892.54 15178.3 1968.92 36.7553 13.2565
 7094.46 15597.5 712.724 92.454 2.34839
 4999.61 30980.5 3347.46 152.961 20.346
 5029.5 15784.2 3673.46 396.919 20.5496
 8544.73 17170.1 1818.17 423.144 48.088
 7814.62 18514.3 596.099 63.1218 16.3598
 2920.81 8436.65 67.4805 2.17265 0.289693
 948.613 2871.35 47.2184 0.377677 0.0137813
 608.368 2562.96 255.402 4.20002 0.0348197
 692.901 1695.84 247.898 24.7033 0.409607
 582.339 1782.49 158.659 23.1929 2.34952
 655.206 2205.93 301.214 26.811 4.31627
 831.475 1423.2 176.282 24.0709 2.48748
 1003.1 3012.43 275.365 34.1077 5.1386
 1603.26 4194.11 695.058 63.5351 9.05531
 2781.04 5836.87 795.167 131.777 13.7625
 335.778 7785.33 865.699 117.936 21.5858
 1926.68 2184.35 3199.5 355.773 57.3386
 238.91 9016.91 485.962 711.81 91.9069
F
 0.0152663 0.175253 0.175253 0.175253 0.175253
 0.0283158 0.325056 0.325056 0.325056 0.325056
 0.116213 1.33408 1.33408 1.33408 1.33408
 0.0949868 1.09042 1.09042 1.09042 1.09042
 0.0252918 0.290341 0.290341 0.290341 0.290341
 0.134574 1.54486 1.54486 1.54486 1.54486
 0.147848 1.69725 1.69725 1.69725 1.69725
 0.135527 1.55581 1.55581 1.55581 1.55581
 0.175747 2.01751 2.01751 2.01751 2.01751
 0.0906647 1.0408 1.0408 1.0408 1.0408
 0.129417 1.48566 1.48566 1.48566 1.48566
 0.144347 1.65706 1.65706 1.65706 1.65706
 0.242079 2.77899 2.77899 2.77899 2.77899
 0.426022 4.89059 4.89059 4.89059 4.89059
 0.366378 4.2059 4.2059 4.2059 4.2059
 0.147736 1.69596 1.69596 1.69596 1.69596
 0.140475 1.6126 1.6126 1.6126 1.6126
 0.133928 1.53745 1.53745 1.53745 1.53745
 0.104848 1.20363 1.20363 1.20363 1.20363
 0.132316 1.51894 1.51894 1.51894 1.51894
 0.0782681 0.898492 0.898492 0.898492 0.898492
 0.0733175 0.841661 0.841661 0.841661 0.841661
 0.0820477 0.94188 0.94188 0.94188 0.94188
 0.0794659 0.912242 0.912242 0.912242 0.912242
 0.0524919 0.60259 0.60259 0.60259 0.60259
 0.0955715 1.09713 1.09713 1.09713 1.09713
 0.169637 1.94738 1.94738 1.94738 1.94738
Np
 11790.1 5665.49 300.903 318.232 22.9914
YTP_r0W_actual
 402.726 65811 5156.07 9644.84 1381.96
YTP_p0W_proyectada
 2252.03 4407.99 6776.93 466.437 811.882
 2252.03 28262.1 2182.08 2947.14 236.286
CTP_r0_actual
 49.1129 3046.8 164.206 240.52 31.0553
CTP_p0_proyectada
 274.637 204.073 215.826 11.6318 18.2445
 274.637 1308.43 69.4929 73.4949 5.3098
Wmedp
 8.2 21.6 31.4 40.1 44.5
nmprior
 10.8 10.6 4.6 0
nm_flota  nm_reclas  nm_pelaces    nm_pelaL
inf 17.1049 9.20579 22.371
cv_recla  cv_pelaces  cv_mph
0.73713 0.477267 0.495713
 ------------------------------------------------
Talla a la edad & desviaci?n 
 7.2 14.2025 17.0495 18.207 18.6776
 1.08 2.13037 2.55742 2.73105 2.80164
