years
 1997 1998 1999 2000 2001 2002 2003 2004 2005 2006 2007 2008 2009 2010 2011 2012 2013 2014 2015 2016 2017 2018 2019 2020 2021 2022 2023
reclasobs
 0 0 0 370054 412103 1.49427e+06 250295 1.28982e+06 931140 785840 897777 1.04006e+06 184774 17550 25797 100020 73551 82996 120727 218422 84188 347160 605670 569463 516374 1.08416e+06 1.01767e+06
reclaspred
 425867 122952 402018 275185 346823 394111 842312 567478 663929 587495 459984 306181 180639 84655.9 67206.4 71014.9 86691.8 125692 141186 199715 303000 303531 554173 720642 843394 772217 733862
pelacesobs
 0 0 0 0 0 0 0 0 0 2.06254e+06 1.5e+06 0 1.87456e+06 323000 250000 174000 83755 137374 0 501740 490994 745055 786931 1.00524e+06 1.33801e+06 1.41789e+06 0
pelacespred
 1.56516e+06 391474 767663 813237 878876 821368 1.99176e+06 1.65202e+06 1.72686e+06 1.53399e+06 1.0698e+06 733760 428627 165171 134669 151820 194598 284084 325136 452075 768067 727895 1.09963e+06 1.6448e+06 1.89461e+06 1.92702e+06 1.75023e+06
mphobs
 0 0 0 0 0 0 112323 0 153150 637223 0 255016 313432 73983 77613 109348 50772 17779 17303 59886 28197 0 207744 136588 643089 65757 70829
mphpred
 153484 102247 131454 169330 158466 215352 315598 363184 321437 338631 300562 207674 122814 86082.2 43332.3 42780.9 50001.5 71031.5 28219.5 32647.7 50516.4 64875.4 88184.4 133803 174431 172181 150562
desembarqueobs
 350755 77701 442110 56441 14545 235359 269955 359681 431902 328805 639364 411747 362871 311530 167758 66681 60226 58785 57116 73181 50977 67692 138656 160484 209506 203330 245020
desembarquepred
 350767 77705.5 442166 56443.7 14545.2 235435 269993 359718 431942 328871 639748 412097 363479 311950 167773 66695.5 60251.3 58789.9 57113.5 73184.9 50977.3 67687.4 138658 160488 209521 203341 245020
Reclutas
 64666.5 79445 48346.4 64708.9 98238.3 72202.7 122250 118707 156580 130774 65521.4 40730 39324.5 26985.8 21396.2 22804.6 18309.9 24242.7 28709.6 45114.8 67925.5 98712.5 146125 186819 68041.1 93675.9 155636
log_desv_Rt
 0.0169989 0.22282 -0.273853 0.0176539 0.435151 0.127232 0.653821 0.624415 0.901323 0.721228 0.0301324 -0.445279 -0.480396 -0.856935 -1.08903 -1.02528 -1.2448 -0.964131 -0.795013 -0.343035 0.0661675 0.439967 0.832218 1.07789 0.0678672 0.387596 0.895275
SSB
 769801 512824 659309 849280 794791 1.0801e+06 1.5446e+06 1.80449e+06 1.58168e+06 1.66803e+06 1.50748e+06 1.0416e+06 633124 317624 164625 163513 197319 270436 357696 431549 638792 801742 1.11588e+06 1.62784e+06 2.29395e+06 2.31961e+06 1.92261e+06
BT
 2.66975e+06 724817 1.40463e+06 1.29355e+06 1.34432e+06 1.43462e+06 3.20656e+06 2.91384e+06 3.01435e+06 2.64396e+06 2.20364e+06 1.49438e+06 1.00773e+06 549016 344885 285007 344968 477879 541868 744923 1.2066e+06 1.16644e+06 1.76168e+06 2.62552e+06 3.03578e+06 3.1025e+06 2.8687e+06
Ftot
 0.393885 0.292958 0.407875 0.078314 0.0176204 0.197544 0.129259 0.25398 0.276728 0.21231 0.456535 0.43228 0.6984 1.29597 1.09444 0.38263 0.282707 0.191255 0.151137 0.150599 0.0712532 0.0863292 0.0927019 0.0884706 0.0788918 0.0863687 0.123313
BD_Bspro_t
 0.953324 0.786984 0.758498 0.652958 0.747522 0.841114 0.805281 0.811819 0.764149 0.736183 0.693171 0.538453 0.421666 0.301555 0.202149 0.237104 0.348421 0.507898 0.632735 0.723285 0.809275 0.874686 0.889585 0.894893 0.899428 0.872208 0.849526
BD_Bspro
 0.586236 0.390537 0.502092 0.646763 0.605267 0.822544 1.17628 1.3742 1.20452 1.27028 1.14801 0.793219 0.482151 0.241884 0.125369 0.124522 0.150266 0.205948 0.2724 0.328643 0.486467 0.61056 0.849787 1.23967 1.74694 1.76648 1.46415
BD_Bo
 0.302931 0.201806 0.259451 0.334208 0.312765 0.425041 0.607831 0.710101 0.622423 0.656401 0.593221 0.409888 0.249146 0.124991 0.064783 0.0643454 0.0776486 0.106422 0.14076 0.169823 0.251377 0.3155 0.439119 0.640584 0.902711 0.912809 0.756585
BD_Brms
 0.550784 0.36692 0.471728 0.607651 0.568664 0.772802 1.10515 1.29109 1.13168 1.19346 1.07858 0.74525 0.452993 0.227256 0.117787 0.116992 0.141179 0.193494 0.255927 0.308768 0.457048 0.573637 0.798398 1.1647 1.64129 1.65965 1.37561
S_f
 0.188421 1 1 1 1
 0.188421 1 1 1 1
 0.188421 1 1 1 1
 0.188421 1 1 1 1
 0.188421 1 1 1 1
 0.188421 1 1 1 1
 0.188421 1 1 1 1
 0.188421 1 1 1 1
 0.188421 1 1 1 1
 0.188421 1 1 1 1
 0.188421 1 1 1 1
 0.188421 1 1 1 1
 0.188421 1 1 1 1
 0.188421 1 1 1 1
 0.188421 1 1 1 1
 0.188421 1 1 1 1
 0.188421 1 1 1 1
 0.188421 1 1 1 1
 0.188421 1 1 1 1
 0.188421 1 1 1 1
 0.188421 1 1 1 1
 0.188421 1 1 1 1
 0.188421 1 1 1 1
 0.188421 1 1 1 1
 0.188421 1 1 1 1
 0.188421 1 1 1 1
 0.188421 1 1 1 1
Scru_reclas
 0.943077 1 1 1 1
 0.943077 1 1 1 1
 0.943077 1 1 1 1
 0.943077 1 1 1 1
 0.943077 1 1 1 1
 0.943077 1 1 1 1
 0.943077 1 1 1 1
 0.943077 1 1 1 1
 0.943077 1 1 1 1
 0.943077 1 1 1 1
 0.943077 1 1 1 1
 0.943077 1 1 1 1
 0.943077 1 1 1 1
 0.943077 1 1 1 1
 0.943077 1 1 1 1
 0.943077 1 1 1 1
 0.943077 1 1 1 1
 0.943077 1 1 1 1
 0.943077 1 1 1 1
 0.943077 1 1 1 1
 0.943077 1 1 1 1
 0.943077 1 1 1 1
 0.943077 1 1 1 1
 0.943077 1 1 1 1
 0.943077 1 1 1 1
 0.943077 1 1 1 1
 0.943077 1 1 1 1
Scru_pelaces
 1 1 1 1 1
 1 1 1 1 1
 1 1 1 1 1
 1 1 1 1 1
 1 1 1 1 1
 1 1 1 1 1
 1 1 1 1 1
 1 1 1 1 1
 1 1 1 1 1
 1 1 1 1 1
 1 1 1 1 1
 1 1 1 1 1
 1 1 1 1 1
 1 1 1 1 1
 1 1 1 1 1
 1 1 1 1 1
 1 1 1 1 1
 1 1 1 1 1
 1 1 1 1 1
 1 1 1 1 1
 1 1 1 1 1
 1 1 1 1 1
 1 1 1 1 1
 1 1 1 1 1
 1 1 1 1 1
 1 1 1 1 1
 1 1 1 1 1
pf_obs 
 0.256992 0.487395 0.22802 0.0275931 0
 0.321318 0.546541 0.124235 0.00734118 0.000564706
 0.182869 0.594174 0.210203 0.0122559 0.00049798
 0.330522 0.361315 0.267642 0.0388342 0.00168674
 0.649043 0.306663 0.0425973 0.00169635 0
 0.582887 0.30429 0.105238 0.00758474 0
 0.465427 0.430635 0.0974691 0.00646863 0
 0.296916 0.608066 0.0921331 0.00288517 0
 0.311714 0.524322 0.152257 0.0117073 0
 0.15457 0.633149 0.183074 0.0267441 0.00246327
 0.131901 0.49318 0.331252 0.0422183 0.00144891
 0.196976 0.569456 0.194076 0.0375587 0.00193317
 0.518974 0.381816 0.0799577 0.0180837 0.00116848
 0.0928022 0.601141 0.25162 0.0475244 0.00691264
 0.122501 0.610282 0.24278 0.0234846 0.000952079
 0.383417 0.481906 0.127806 0.00687128 0
 0.0376549 0.599619 0.316969 0.0457579 0
 0.0361596 0.667082 0.258105 0.0386534 0
 0.158088 0.579412 0.248529 0.0139706 0
 0.0477256 0.309471 0.559284 0.082774 0.000745712
 0.0406174 0.521527 0.379366 0.0568643 0.0016247
 0.151134 0.462217 0.34131 0.0453401 0
 0.294876 0.26143 0.354403 0.0886775 0.000613685
 0.281977 0.475581 0.204845 0.0348837 0.00271318
 0.0841818 0.532909 0.334909 0.0458182 0.00218182
 0.115287 0.27431 0.454777 0.147771 0.00785563
 0 0 0 0 0
pf_pred 
 0.37568 0.441205 0.163823 0.0192802 1.12446e-05
 0.306041 0.550583 0.101324 0.0376223 0.00443032
 0.169722 0.604748 0.178934 0.0329291 0.0136667
 0.24251 0.430051 0.238496 0.0705667 0.0183761
 0.272842 0.463778 0.149529 0.0829254 0.0309255
 0.166789 0.556153 0.176706 0.0569728 0.0433789
 0.272929 0.391017 0.22431 0.0712699 0.0404742
 0.218765 0.530333 0.134935 0.0774062 0.0385614
 0.265627 0.459478 0.186609 0.0474797 0.0408058
 0.197845 0.550095 0.157707 0.0640502 0.0303024
 0.120177 0.519772 0.246913 0.0707878 0.0423507
 0.123616 0.414791 0.272695 0.129541 0.0593573
 0.193369 0.385864 0.199148 0.130925 0.0906932
 0.221281 0.498451 0.13407 0.0691948 0.0770023
 0.287629 0.529165 0.117269 0.0315422 0.0343952
 0.308346 0.543877 0.109772 0.0243267 0.0136783
 0.210686 0.583206 0.162072 0.0327115 0.0113253
 0.259254 0.457487 0.209293 0.0581622 0.0158033
 0.247615 0.503942 0.153439 0.0701958 0.0248077
 0.296616 0.458476 0.164037 0.0499457 0.0309244
 0.298454 0.495094 0.134568 0.0481468 0.0237363
 0.287415 0.498745 0.150911 0.041018 0.0219109
 0.289342 0.49041 0.154154 0.0466442 0.0194503
 0.260833 0.512026 0.156745 0.049271 0.0211252
 0.0871964 0.603371 0.214346 0.0656172 0.0294694
 0.158497 0.289895 0.364618 0.129529 0.0574609
 0.254396 0.380074 0.125924 0.158382 0.0812241
pobs_RECLAS
 0 0 0 0 0
 0 0 0 0 0
 0 0 0 0 0
 0 0 0 0 0
 0.835266 0.146461 0.0176864 0.000547809 3.91292e-05
 0.385257 0.428462 0.181853 0.0044286 0
 0.867414 0.0963971 0.0333333 0.00285562 0
 0.441836 0.489002 0.0689373 0.000224442 0
 0.779404 0.147425 0.0564933 0.0165055 0.000172143
 0.814271 0.122319 0.05973 0.00367925 0
 0.40263 0.566651 0.0304383 0.000280538 0
 0.475488 0.404961 0.113038 0.00651328 0
 0.955842 0.0263864 0.0167828 0.000988607 0
 0.975058 0.0227948 0.00214734 0 0
 0.738997 0.206755 0.0527124 0.00153531 0
 0.850938 0.134255 0.0134407 0.00136685 0
 0.542534 0.407297 0.0501686 0 0
 0.764087 0.199537 0.0359546 0.000420521 0
 0.470689 0.182191 0.310203 0.0369168 0
 0.84361 0.089868 0.0606195 0.00523954 0.000663233
 0.607945 0.314616 0.071237 0.00620181 0
 0.523733 0.453247 0.0230204 0 0
 0.530135 0.295979 0.169645 0.0042399 0
 0.562478 0.366248 0.0663022 0.0049721 0
 0.250443 0.683176 0.0655157 0.000865301 0
 0.195077 0.31981 0.436473 0.0351445 0.0134964
 0.565238 0.351407 0.0832357 0.000118908 0
ppred_RECLAS
 0.755297 0.172931 0.0642108 0.00755692 4.40732e-06
 0.69187 0.244469 0.0449895 0.016705 0.00196714
 0.512118 0.355358 0.105144 0.0193496 0.00803071
 0.616667 0.21763 0.120693 0.0357108 0.00929937
 0.65273 0.221488 0.0714109 0.0396028 0.0147691
 0.503178 0.33162 0.105365 0.0339714 0.0258657
 0.654162 0.185991 0.106695 0.0339002 0.0192519
 0.587111 0.280286 0.0713141 0.0409098 0.02038
 0.647832 0.220342 0.0894884 0.0227689 0.0195684
 0.555368 0.304916 0.0874168 0.0355029 0.0167965
 0.413195 0.346666 0.164681 0.0472125 0.0282461
 0.420526 0.274264 0.180308 0.0856539 0.0392476
 0.558173 0.211355 0.109082 0.0717134 0.0496767
 0.616848 0.245252 0.0659665 0.0340458 0.0378873
 0.690038 0.230247 0.0510251 0.0137244 0.0149658
 0.695564 0.239391 0.048317 0.0107076 0.00602061
 0.575924 0.31334 0.0870767 0.0175749 0.00608475
 0.639002 0.222954 0.101998 0.028345 0.00770166
 0.624124 0.251759 0.0766549 0.0350684 0.0123934
 0.68026 0.208412 0.0745672 0.022704 0.0140575
 0.681212 0.224975 0.0611488 0.0218783 0.010786
 0.669704 0.231178 0.06995 0.0190126 0.0101561
 0.671853 0.226447 0.0711809 0.021538 0.0089812
 0.639521 0.249706 0.0764419 0.0240286 0.0103024
 0.324331 0.446623 0.158661 0.0485707 0.0218136
 0.486345 0.176953 0.222564 0.0790649 0.0350743
 0.632175 0.1875 0.0621215 0.0781337 0.04007
pobs_PELACES
 0 0 0 0 0
 0 0 0 0 0
 0 0 0 0 0
 0 0 0 0 0
 0 0 0 0 0
 0 0 0 0 0
 0 0 0 0 0
 0 0 0 0 0
 0 0 0 0 0
 0 0 0 0 0
 0.450072 0.473896 0.0757376 0.000293798 0
 0 0 0 0 0
 0.463077 0.371075 0.160297 0.00555027 0
 0.529543 0.364841 0.0842815 0.0213345 0
 0.631943 0.363953 0.00410389 0 0
 0.735681 0.248677 0.0153453 0.000297389 0
 0.695825 0.281241 0.0229344 0 0
 0.275771 0.60734 0.115278 0.00161068 0
 0 0 0 0 0
 0.896147 0.0623911 0.0374545 0.00400742 0
 0.803859 0.145111 0.0509908 3.86294e-05 0
 0.739449 0.233085 0.0266225 0.000797448 4.60066e-05
 0.878498 0.100942 0.0204185 0.000141795 0
 0.694673 0.275183 0.0284847 0.00165964 0
 0.469039 0.446079 0.0841089 0.000773354 0
 0.822795 0.102175 0.0682046 0.00682512 0
 0 0 0 0 0
ppred_PELACES
 0.784344 0.152404 0.0565888 0.00665988 3.88416e-06
 0.720298 0.221914 0.0408387 0.0151638 0.00178565
 0.553872 0.324946 0.0961454 0.0176936 0.00734343
 0.635296 0.207054 0.114827 0.0339753 0.00884744
 0.666942 0.212423 0.0684883 0.0379821 0.0141647
 0.531016 0.313038 0.0994615 0.0320679 0.0244164
 0.674939 0.174817 0.100285 0.0318636 0.0180953
 0.617432 0.259702 0.066077 0.0379056 0.0188834
 0.677486 0.201788 0.081953 0.0208516 0.0179206
 0.583668 0.285508 0.0818528 0.0332431 0.0157274
 0.457628 0.320416 0.152211 0.0436376 0.0261073
 0.463507 0.253921 0.166934 0.0793008 0.0363366
 0.617607 0.182924 0.0944084 0.0620666 0.0429942
 0.707213 0.187411 0.0504086 0.0260163 0.0289518
 0.759879 0.178367 0.039528 0.010632 0.0115937
 0.728563 0.213442 0.0430797 0.00954692 0.00536801
 0.608351 0.28938 0.0804184 0.0162311 0.00561948
 0.663931 0.207557 0.0949541 0.0263876 0.0071698
 0.647068 0.236392 0.0719759 0.0329278 0.0116369
 0.701386 0.194641 0.0696403 0.0212039 0.0131286
 0.697841 0.21324 0.0579591 0.0207371 0.0102233
 0.687525 0.218704 0.0661758 0.0179868 0.00960812
 0.689977 0.21394 0.0672494 0.0203484 0.00848515
 0.658269 0.236719 0.0724664 0.0227789 0.00976659
 0.342043 0.434915 0.154502 0.0472974 0.0212418
 0.506775 0.169914 0.213711 0.0759201 0.0336792
 0.653212 0.176776 0.0585684 0.0736648 0.0377782
pobs_pel_tallas
 0 0 0 0 0 0 0 0 0 0 0 0 0 0 0 0 0 0 0 0 0 0 0 0 0 0 0 0 0 0 0 0 0 0 0 0
 0 0 0 0 0 0 0 0 0 0 0 0 0 0 0 0 0 0 0 0 0 0 0 0 0 0 0 0 0 0 0 0 0 0 0 0
 0 0 0 0 0 0 0 0 0 0 0 0 0 0 0 0 0 0 0 0 0 0 0 0 0 0 0 0 0 0 0 0 0 0 0 0
 0 0 0 0 0 0 0 0 0 0 0 0 0 0 0 0 0 0 0 0 0 0 0 0 0 0 0 0 0 0 0 0 0 0 0 0
 0 0 0 0 0 0 0 0 0 0 0 0 0 0 0 0 0 0 0 0 0 0 0 0 0 0 0 0 0 0 0 0 0 0 0 0
 0 0 0 0 0 0 0 0 0 0 0 0 0 0 0 0 0 0 0 0 0 0 0 0 0 0 0 0 0 0 0 0 0 0 0 0
 0 0 0 0 0 0 0 0 0 0 0 0 0 0 0 0 0 0 0 0 0 0 0 0 0 0 0 0 0 0 0 0 0 0 0 0
 0 0 0 0 0 0 0 0 0 0 0 0 0 0 0 0 0 0 0 0 0 0 0 0 0 0 0 0 0 0 0 0 0 0 0 0
 0 0 0 0 0 0 0 0 0 0 0 0 0 0 0 0 0 0 0 0 0 0 0 0 0 0 0 0 0 0 0 0 0 0 0 0
 0 0 0 0 0 0 0 0 0 0 0 0 0 0 0 0 0 0 0 0 0 0 0 0 0 0 0 0 0 0 0 0 0 0 0 0
 0 0 0 0 0 0 0 0 1.78061e-05 0.00172719 0.00360574 0.0105946 0.0120993 0.0124554 0.0147524 0.0171206 0.0266825 0.0428682 0.0675386 0.121331 0.153587 0.119568 0.100827 0.0573624 0.0630603 0.0341343 0.0324427 0.0444173 0.0211091 0.0280891 0.0125444 0.00206551 0 0 0 0
 0 0 0 0 0 0 0 0 0 0 0 0 0 0 0 0 0 0 0 0 0 0 0 0 0 0 0 0 0 0 0 0 0 0 0 0
 0 0 0 0 0 0 0.0133647 0.0140871 0.0187388 0.0205184 0.03894 0.0496705 0.03968 0.0493445 0.0407372 0.0367815 0.0215668 0.0243155 0.0234873 0.0199281 0.019796 0.0243948 0.0301388 0.0376714 0.0412746 0.0863199 0.0771752 0.113111 0.0741005 0.0525337 0.0229764 0.00759418 0.00175318 0 0 0
 0 0 0 0 0 0 0 0 0 0 0.00219441 0.00772107 0.0458388 0.0604681 0.0671733 0.0775358 0.0609151 0.0617685 0.073594 0.0568108 0.0755445 0.0548602 0.0670107 0.0636378 0.0643287 0.046367 0.0373049 0.0286899 0.0247887 0.0153202 0.00654259 0.00121912 0.000365735 0 0 0
 0 0 0 0 0 0 0 0 0 0 0 0 0.000112435 0.00938835 0.0111873 0.0202946 0.0414886 0.0713402 0.111592 0.104902 0.108894 0.110636 0.117776 0.105296 0.107544 0.0401394 0.0192827 0.0124803 0.00416011 0.0028671 0.000618394 0 0 0 0 0
 0 0 0 0 0 0 0 0 0 0 0.00291406 0.0102884 0.027416 0.0768956 0.0749926 0.110853 0.0956884 0.0897413 0.0766577 0.0534642 0.0500743 0.0551293 0.0594112 0.0620874 0.0668451 0.0424026 0.0208742 0.0120726 0.0048766 0.00582813 0.00118941 0.000297354 0 0 0 0
 0 0.00264628 0.0354308 0.0461629 0.0458689 0.0383711 0.0214643 0.0164657 0.0346957 0.0420465 0.0363128 0.0245516 0.0311673 0.0291091 0.0169068 0.0133784 0.00837989 0.0085269 0.0148486 0.0160247 0.0276389 0.0546898 0.0760071 0.122758 0.109233 0.0665981 0.0333725 0.0166128 0.00676272 0.00308733 0.000882094 0 0 0 0 0
 0 0 0 0 0 0 0 0.000805153 0.000690131 0.00759144 0.0133425 0.0154129 0.00931677 0.000345066 0.00356568 0.00563607 0.00851162 0.0253048 0.0502646 0.0516448 0.0657925 0.0565908 0.0611916 0.0827007 0.0866115 0.110766 0.145733 0.0935128 0.0569358 0.0249597 0.0138026 0.00621118 0.00161031 0.00115022 0 0
 0 0 0 0 0 0 0 0 0 0 0 0 0 0 0 0 0 0 0 0 0 0 0 0 0 0 0 0 0 0 0 0 0 0 0 0
 0.00147267 0.00158595 0.00478618 0.00569244 0.00954404 0.0108468 0.00647125 0.017049 0.0510054 0.094081 0.124002 0.0959785 0.0687766 0.0820023 0.061753 0.0591476 0.0492212 0.0479892 0.0443925 0.0268479 0.0217502 0.0140895 0.0121071 0.0120363 0.00920419 0.00665534 0.0049561 0.00860946 0.00930331 0.0156896 0.0114698 0.00855282 0.00243557 0.00046729 0 2.83206e-05
 0 0 0 0 0.000772559 0.00158375 0.000888443 0.00281984 0.00712685 0.0440552 0.0773331 0.111326 0.0921469 0.0852325 0.0710754 0.0886704 0.0786465 0.0553345 0.0373146 0.0185414 0.00753245 0.00457741 0.012979 0.0271748 0.0457355 0.0583668 0.034881 0.0177882 0.00938659 0.00492506 0.0015258 0.00185414 0.000309023 5.79419e-05 3.86279e-05 0
 0 0.00173294 0.00326652 0 0.00397197 0.00683976 0.00946217 0.0152591 0.00757587 0.0136028 0.0228656 0.0392903 0.0559909 0.0764795 0.0681675 0.0726916 0.0566044 0.0477403 0.0527397 0.0444891 0.0609904 0.0582453 0.0661739 0.0445044 0.0529084 0.0360697 0.0280645 0.0235558 0.0158879 0.00826598 0.00280645 0.00217768 0.000904811 0.00058276 9.20147e-05 0
 0 0 0 0 0 0 0 0 0 0 0 0 0 0 0 0 0 0 0 0 0 0 0 0 0 0 0 0 0 0 0 0 0 0 0 0
 0 0 0 0 0 0 0 0 0 0 0 0 0 0 0 0 0 0 0 0 0 0 0 0 0 0 0 0 0 0 0 0 0 0 0 0
 0 0 0 0 0 0 0 0 0 0 0 0 0 0 0 0 0 0 0 0 0 0 0 0 0 0 0 0 0 0 0 0 0 0 0 0
 0 0 0 0 0 0 0 0 0 0 0 0 0 0 0 0 0 0 0 0 0 0 0 0 0 0 0 0 0 0 0 0 0 0 0 0
 0 0 0 0 0 0 0 0 0 0 0 0 0 0 0 0 0 0 0 0 0 0 0 0 0 0 0 0 0 0 0 0 0 0 0 0
ppred_pel_tallas
 1.01083e-16 3.422e-05 0.000200849 0.000954753 0.00367587 0.0114629 0.0289543 0.059244 0.0982027 0.131881 0.143506 0.126567 0.0905654 0.0527839 0.025485 0.0110018 0.00558779 0.00483625 0.0060481 0.00804111 0.010337 0.0126532 0.0147323 0.0163347 0.0172788 0.0174787 0.0169601 0.0158454 0.0143178 0.0125751 0.0107895 0.0090846 0.00753101 0.00615616 0.00496051 0.00393251
 1.01257e-16 3.14301e-05 0.000184463 0.00087684 0.00337586 0.0105273 0.0265912 0.0544095 0.0901914 0.12113 0.131826 0.116311 0.0833267 0.048766 0.0239207 0.0109684 0.00650203 0.0064966 0.00847134 0.011303 0.0144746 0.0176136 0.0203537 0.0223543 0.0233671 0.0232912 0.0221944 0.0202883 0.0178704 0.0152514 0.012693 0.010372 0.00837364 0.00670995 0.0053476 0.00423551
 1.02422e-16 2.41774e-05 0.000141874 0.000674344 0.00259616 0.0080958 0.0204496 0.0418442 0.0693674 0.093177 0.101444 0.0895961 0.064388 0.0380864 0.0194365 0.0101868 0.00779233 0.00921443 0.0125595 0.0169123 0.0217462 0.0265739 0.0308698 0.0341315 0.0359818 0.0362516 0.0350118 0.0325407 0.0292429 0.0255486 0.0218262 0.0183322 0.015203 0.012478 0.0101374 0.00813769
 1.03279e-16 2.77231e-05 0.000162701 0.000773383 0.00297753 0.00928511 0.0234535 0.0479896 0.0795501 0.10684 0.11628 0.102608 0.0735377 0.0430953 0.02125 0.00993735 0.00617054 0.00642089 0.00852212 0.0115029 0.01492 0.0184479 0.0217529 0.0245089 0.0264551 0.0274468 0.0274772 0.0266612 0.0251916 0.0232841 0.0211309 0.0188752 0.0166094 0.0143881 0.0122474 0.0102193
 1.03009e-16 2.91031e-05 0.000170803 0.000811899 0.00312582 0.00974756 0.0246216 0.0503796 0.0835117 0.11216 0.122067 0.107708 0.0771795 0.0452014 0.022235 0.010305 0.00626665 0.00640523 0.0084359 0.0113297 0.014616 0.0179529 0.0209982 0.023426 0.0249879 0.0255644 0.0251855 0.024009 0.0222699 0.0202171 0.0180611 0.0159447 0.0139416 0.0120739 0.0103374 0.00872316
 1.03757e-16 2.31803e-05 0.000136021 0.000646522 0.00248904 0.00776176 0.0196058 0.0401177 0.0665054 0.089333 0.0972596 0.0859032 0.0617395 0.0365308 0.0186636 0.00981752 0.00755663 0.00897316 0.0122579 0.0165405 0.0213228 0.026144 0.0305042 0.033923 0.0360355 0.0366709 0.0358823 0.033916 0.0311345 0.0279227 0.024607 0.0214111 0.0184512 0.0157608 0.0133273 0.0111257
 1.03421e-16 2.94504e-05 0.000172845 0.000821614 0.00316324 0.00986425 0.0249163 0.0509823 0.0845097 0.113497 0.123514 0.108964 0.0780347 0.0456125 0.0222712 0.0100452 0.00573955 0.00558921 0.00728903 0.00982272 0.0127583 0.0158097 0.0186957 0.021142 0.0229279 0.0239279 0.0241301 0.0236221 0.0225554 0.0210992 0.0194035 0.0175789 0.0156963 0.0137995 0.011921 0.0100944
 1.03208e-16 2.69462e-05 0.000158135 0.000751666 0.0028939 0.00902429 0.0227948 0.0466421 0.0773181 0.103847 0.113035 0.0997746 0.071573 0.0420757 0.0209913 0.0102221 0.0068843 0.00755784 0.0101283 0.0136171 0.0175308 0.0214682 0.0250126 0.0277684 0.0294389 0.0298903 0.0291759 0.0275087 0.0251963 0.0225612 0.019873 0.0173115 0.0149636 0.0128455 0.0109354 0.00920299
 1.02783e-16 2.95625e-05 0.000173501 0.000824727 0.00317522 0.0099016 0.0250107 0.0511756 0.0848308 0.11393 0.123991 0.109398 0.0783739 0.0458678 0.0225014 0.0103255 0.00614059 0.00616972 0.00809266 0.0108707 0.0140386 0.0172675 0.0202299 0.0226126 0.0241737 0.0247921 0.0244874 0.0234013 0.0217509 0.01977 0.0176601 0.0155629 0.0135579 0.011677 0.00992712 0.00830841
 1.03133e-16 2.5475e-05 0.000149495 0.000710588 0.00273572 0.00853103 0.0215489 0.0440931 0.0730939 0.0981773 0.106874 0.0943596 0.0677403 0.0399268 0.0201128 0.0101157 0.00722861 0.00823269 0.0111322 0.0149879 0.0192989 0.0236324 0.02753 0.0305538 0.0323738 0.0328392 0.0320057 0.030106 0.0274796 0.0244852 0.021426 0.018509 0.0158394 0.0134442 0.011306 0.00939478
 1.04985e-16 1.99806e-05 0.000117235 0.00055721 0.00214517 0.00668939 0.0168971 0.0345755 0.0573197 0.0769997 0.0838462 0.0740898 0.0533231 0.0317003 0.0164731 0.00911887 0.007571 0.00935256 0.0129218 0.0175259 0.0227071 0.0280132 0.0329381 0.0369837 0.0397573 0.0410514 0.0408762 0.0394319 0.0370381 0.0340442 0.0307547 0.0273889 0.024077 0.0208835 0.01784 0.0149712
 1.06876e-16 2.02343e-05 0.00011873 0.000564332 0.00217261 0.006775 0.0171133 0.0350173 0.0580501 0.077975 0.0848925 0.0749772 0.0538809 0.0318702 0.0162661 0.00853842 0.0065699 0.00783981 0.0107974 0.0147236 0.019234 0.0239803 0.0285724 0.0326156 0.0357815 0.0378686 0.0388276 0.038744 0.0377894 0.0361612 0.0340344 0.0315394 0.0287658 0.0257822 0.0226591 0.0194818
 1.05542e-16 2.69507e-05 0.000158169 0.000751842 0.0028946 0.0090265 0.0228003 0.0466528 0.0773337 0.103862 0.113035 0.0997343 0.071458 0.0418353 0.0205526 0.00948507 0.00572391 0.00583727 0.00772485 0.0104578 0.0136322 0.0169678 0.0201819 0.0229967 0.0251866 0.0266201 0.0272766 0.0272309 0.0266151 0.0255728 0.0242232 0.0226449 0.0208812 0.0189577 0.0169025 0.0147595
 1.03024e-16 3.08581e-05 0.000181108 0.000860898 0.00331449 0.0103359 0.0261077 0.0534201 0.0885505 0.118923 0.129419 0.114172 0.0817611 0.0477835 0.0233163 0.0104873 0.00594304 0.00572922 0.00741834 0.0099306 0.0127974 0.0157052 0.0183513 0.0204515 0.0217917 0.0222729 0.0219286 0.0209043 0.0194114 0.0176706 0.015864 0.0141105 0.0124646 0.0109339 0.00950291 0.00815456
 1.01527e-16 3.31542e-05 0.000194589 0.000924991 0.00356127 0.0111055 0.0280516 0.0573973 0.0951424 0.127774 0.139044 0.122648 0.0877978 0.0512442 0.0248785 0.0109736 0.00591161 0.00543054 0.00691383 0.00920139 0.0118005 0.0143959 0.0166916 0.0184139 0.0193613 0.0194483 0.0187223 0.0173441 0.0155422 0.0135552 0.0115842 0.0097639 0.00815964 0.00678138 0.00560655 0.00460139
 1.01261e-16 3.17901e-05 0.000186578 0.000886895 0.00341458 0.010648 0.0268961 0.0550334 0.0912253 0.122517 0.133333 0.117635 0.0842617 0.049286 0.0241253 0.0109772 0.00639095 0.00629245 0.00817255 0.0109 0.0139621 0.0169973 0.0196522 0.021599 0.0225973 0.0225488 0.0215165 0.0197021 0.0173897 0.0148772 0.0124156 0.0101752 0.00823955 0.00662154 0.00529103 0.00420062
 1.02057e-16 2.65515e-05 0.000155815 0.000740629 0.00285139 0.00889173 0.02246 0.0459573 0.0761839 0.102327 0.111388 0.0983395 0.0705845 0.0415767 0.0208945 0.0104263 0.00734434 0.00828709 0.0111691 0.0150086 0.0192839 0.0235483 0.0273313 0.0301857 0.0317776 0.0319594 0.0307986 0.0285476 0.0255715 0.0222572 0.0189353 0.0158349 0.013076 0.0106906 0.00865702 0.00693194
 1.02658e-16 2.89718e-05 0.000170031 0.000808234 0.00311171 0.00970355 0.0245105 0.0501521 0.0831346 0.111653 0.121515 0.10722 0.0768279 0.0449916 0.0221251 0.0102439 0.00621841 0.00635241 0.00837478 0.0112661 0.0145637 0.0179329 0.0210365 0.0235496 0.0252182 0.0259111 0.0256408 0.0245454 0.0228421 0.0207686 0.0185329 0.0162857 0.0141173 0.0120712 0.0101655 0.00841024
 1.02774e-16 2.82375e-05 0.000165718 0.000787723 0.00303273 0.00945725 0.0238884 0.0488795 0.081026 0.108824 0.118444 0.104528 0.0749386 0.0439646 0.0217675 0.0103246 0.00659838 0.00699323 0.00929236 0.0124841 0.016083 0.0197152 0.0229986 0.0255701 0.0271546 0.0276237 0.0270184 0.0255254 0.0234189 0.0209896 0.018484 0.0160704 0.0138362 0.011806 0.00997044 0.00831037
 1.02395e-16 3.06044e-05 0.000179618 0.000853811 0.0032872 0.0102508 0.0258928 0.0529803 0.0878219 0.117946 0.128357 0.113241 0.0811069 0.0474263 0.0231891 0.0105105 0.00606951 0.00594852 0.00774145 0.0103747 0.0133755 0.0164194 0.0191888 0.0213822 0.0227697 0.02324 0.0228202 0.0216565 0.0199679 0.0179888 0.0159198 0.0139004 0.0120061 0.0102634 0.00867155 0.00722212
 1.02083e-16 3.04505e-05 0.000178713 0.000849505 0.00327062 0.0101991 0.0257621 0.0527132 0.0873796 0.117353 0.127717 0.112686 0.0807315 0.0472511 0.0231855 0.0106465 0.00633623 0.00635977 0.00831996 0.0111365 0.0143172 0.0175098 0.0203656 0.0225565 0.0238374 0.0240981 0.0233849 0.0218772 0.0198353 0.0175336 0.0152044 0.0130061 0.0110191 0.00926266 0.00772055 0.00636512
 1.02078e-16 3.00009e-05 0.000176073 0.000836953 0.00322228 0.0100484 0.0253814 0.0519343 0.0860888 0.115621 0.125833 0.11103 0.0795565 0.0465871 0.0229041 0.0105926 0.00640797 0.00651679 0.00855876 0.0114673 0.0147509 0.0180511 0.0210104 0.0232909 0.0246384 0.0249368 0.0242293 0.0226963 0.0206019 0.0182261 0.0158079 0.0135123 0.0114258 0.00957344 0.00794362 0.00651227
 1.02121e-16 3.01077e-05 0.0001767 0.000839935 0.00323377 0.0100842 0.0254719 0.0521193 0.0863953 0.116032 0.126279 0.11142 0.07983 0.046734 0.0229519 0.0105737 0.00634128 0.0064063 0.00840049 0.0112564 0.0144865 0.0177392 0.0206647 0.0229323 0.0242921 0.0246287 0.0239814 0.0225235 0.0205095 0.0182101 0.0158566 0.0136092 0.0115529 0.0097136 0.00808277 0.00664024
 1.02345e-16 2.8726e-05 0.000168586 0.000801356 0.00308522 0.00962093 0.0243018 0.0497254 0.0824281 0.110707 0.120492 0.106333 0.0762267 0.0447087 0.022114 0.0104519 0.00662939 0.00698605 0.0092646 0.012435 0.0160039 0.0195934 0.0228185 0.0253139 0.0268039 0.0271619 0.0264329 0.0248099 0.0225758 0.020031 0.0174316 0.0149546 0.012693 0.010674 0.00888657 0.00730684
 1.04953e-16 1.49452e-05 8.76624e-05 0.000416595 0.00160372 0.00500089 0.0126322 0.0258502 0.0428607 0.0575945 0.0627632 0.0555733 0.0402432 0.0244196 0.0135985 0.00897413 0.00909068 0.0121608 0.0170407 0.0230931 0.0298031 0.0365721 0.0427121 0.0475519 0.0505777 0.0515425 0.0505091 0.0478087 0.0439368 0.0394237 0.0347247 0.0301576 0.0258963 0.0220022 0.0184737 0.0152894
 1.07272e-16 2.21177e-05 0.000129795 0.000616952 0.00237524 0.0074069 0.0187093 0.0382823 0.0634595 0.0852317 0.0927682 0.0818741 0.058709 0.0344686 0.0171189 0.00822253 0.00542278 0.00593761 0.0080777 0.0111097 0.014719 0.0186751 0.0227225 0.0265845 0.0300033 0.032777 0.0347809 0.0359645 0.0363327 0.0359219 0.0347829 0.0329767 0.0305816 0.0277021 0.0244739 0.0210583
 1.05186e-16 2.85029e-05 0.000167282 0.000795171 0.00306143 0.00954676 0.0241144 0.0493415 0.08179 0.109845 0.119541 0.105463 0.0755357 0.0441683 0.0215965 0.0097922 0.00566611 0.00557632 0.0072926 0.00983029 0.0127687 0.0158284 0.0187357 0.0212279 0.023099 0.0242395 0.0246511 0.024429 0.0237213 0.022681 0.0214287 0.0200354 0.0185286 0.0169117 0.0151875 0.0133751
pSPR Fmed_Fpbrs
0.444543   0.6 0.325
Fs Fmed_Fpbrs
0.64   0.346399 1.061
SSBpbr Bo_Bmed_Bpbrs
2.54117e+06  1.0026e+06  1.39765e+06 698823
Ro
63576.6
SPR SPRFo_SPRFmed_SPRFpbrs
1.31312e+06 583741 426766
log_Ro
10.88
likeval ReclasPelacesDesembMPH_pf_preclas_ppelaces_ptallas_desvR_qrecl_qpela
 67.2709 0.000262498 0.0308264 60.9901 338.415 219.223 55.6048 0 16.833 7.98722e-05 1.36166e-06 1.31463e-15 0 0 0
q_reclas_q_pelaces
0.281836 1.18059
M
0.7
N
 64666.5 16383.2 6083.21 715.928 0.417541
 79445 29815.5 5486.93 2037.34 239.913
 48346.4 37332.5 11046 2032.79 843.676
 64708.9 22232.2 12329.5 3648.06 949.983
 98238.3 31662.8 10208.6 5661.43 2111.33
 72202.7 48622 15448.7 4980.88 3792.42
 122250 34544.7 19816.8 6296.4 3575.73
 118707 59246.7 15074.4 8647.52 4307.92
 156580 56193.7 22822.1 5806.72 4990.5
 130774 73805 21159.2 8593.47 4065.6
 65521.4 62394 29639.7 8497.45 5083.82
 40730 29855.1 19627.5 9323.9 4272.32
 39324.5 18643.8 9622.24 6325.91 4382.03
 26985.8 17120.1 4604.87 2376.61 2644.77
 21396.2 10497.4 2326.33 625.721 682.318
 22804.6 8645.14 1744.87 386.683 217.423
 18309.9 10536.7 2928.14 590.995 204.613
 24242.7 8620.77 3943.86 1095.99 297.793
 28709.6 11612.4 3535.73 1617.54 571.648
 45114.8 13856.5 4957.69 1509.5 934.627
 67925.5 21776.6 5918.93 2117.72 1044.03
 98712.5 33281 10070.2 2737.11 1462.1
 146125 48228.3 15160 4587.12 1912.8
 186819 71307.1 21829.1 6861.7 2941.99
 68041.1 91237.7 32411.9 9922.18 4456.17
 93675.9 33289.7 41870.3 14874.3 6598.43
 155636 45767.2 15163.3 19071.7 9780.73
pred_Ctot
 3340.81 3923.51 1456.83 171.453 0.0999944
 3078.1 5537.66 1019.09 378.398 44.5594
 2583.41 9205.12 2723.63 501.228 208.026
 682.229 1209.82 670.937 198.518 51.6956
 234.215 398.12 128.36 71.1854 26.5473
 1901.3 6339.83 2014.35 649.458 494.495
 2118.36 3034.91 1741 553.167 314.144
 4000.22 9697.39 2467.34 1415.41 705.113
 5738.28 9926.01 4031.28 1025.69 881.518
 3696.55 10278 2946.62 1196.72 566.172
 3903.25 16881.8 8019.56 2299.14 1375.52
 2302.04 7724.48 5078.28 2412.39 1105.39
 3513.67 7011.45 3618.67 2379.01 1647.96
 4264.25 9605.52 2583.63 1333.44 1483.89
 2901.58 5338.19 1183 318.196 346.977
 1145.53 2020.54 407.811 90.3753 50.816
 685.172 1896.64 527.075 106.381 36.831
 618.377 1091.2 499.208 138.729 37.6942
 580.631 1181.69 359.797 164.601 58.1712
 909.208 1405.35 502.819 153.097 94.7917
 651.956 1081.51 293.956 105.174 51.8506
 1146.48 1989.47 601.975 163.618 87.4012
 1821.46 3087.23 970.433 293.635 122.444
 2223.2 4364.25 1336.02 419.961 180.06
 722.618 5000.29 1776.34 543.786 244.22
 1088.48 1990.86 2504.02 889.543 394.613
 2574.09 3845.75 1274.15 1602.57 821.86
F
 0.0742161 0.393885 0.393885 0.393885 0.393885
 0.0551994 0.292958 0.292958 0.292958 0.292958
 0.0768519 0.407875 0.407875 0.407875 0.407875
 0.014756 0.078314 0.078314 0.078314 0.078314
 0.00332004 0.0176204 0.0176204 0.0176204 0.0176204
 0.0372213 0.197544 0.197544 0.197544 0.197544
 0.0243551 0.129259 0.129259 0.129259 0.129259
 0.047855 0.25398 0.25398 0.25398 0.25398
 0.0521412 0.276728 0.276728 0.276728 0.276728
 0.0400036 0.21231 0.21231 0.21231 0.21231
 0.0860207 0.456535 0.456535 0.456535 0.456535
 0.0814504 0.43228 0.43228 0.43228 0.43228
 0.131593 0.6984 0.6984 0.6984 0.6984
 0.244187 1.29597 1.29597 1.29597 1.29597
 0.206215 1.09444 1.09444 1.09444 1.09444
 0.0720954 0.38263 0.38263 0.38263 0.38263
 0.0532677 0.282707 0.282707 0.282707 0.282707
 0.0360365 0.191255 0.191255 0.191255 0.191255
 0.0284773 0.151137 0.151137 0.151137 0.151137
 0.028376 0.150599 0.150599 0.150599 0.150599
 0.0134256 0.0712532 0.0712532 0.0712532 0.0712532
 0.0162662 0.0863292 0.0863292 0.0863292 0.0863292
 0.0174669 0.0927019 0.0927019 0.0927019 0.0927019
 0.0166697 0.0884706 0.0884706 0.0884706 0.0884706
 0.0148648 0.0788918 0.0788918 0.0788918 0.0788918
 0.0162736 0.0863687 0.0863687 0.0863687 0.0863687
 0.0232347 0.123313 0.123313 0.123313 0.123313
Np
 55807.8 25962.3 26519.7 7055.84 3158.7
YTP_r0W_actual
 58210.2 212323 102262 164257 93480.5
YTP_p0W_proyectada
 20872.9 350314 135492 57328.1 115142
 20872.9 120444 178849 60769.1 30189.6
CTP_r0_actual
 7098.81 9829.79 3256.75 4096.19 2100.69
CTP_p0_proyectada
 2545.48 16218.2 4315.03 1429.63 2587.46
 2545.48 5576.13 5695.84 1515.44 678.419
Wmedp
 8.2 21.6 31.4 40.1 44.5
nmprior
 10.8 10.6 4.6 0
nm_flota  nm_reclas  nm_pelaces    nm_pelaL
inf 12.8701 18.0232 57.3015
cv_recla  cv_pelaces  cv_mph
0.710304 0.591606 0.626162
 ------------------------------------------------
Talla a la edad & desviaci?n 
 7.2 14.2025 17.0495 18.207 18.6776
 1.08 2.13037 2.55742 2.73105 2.80164
