years
 1997 1998 1999 2000 2001 2002 2003 2004 2005 2006 2007 2008 2009 2010 2011 2012 2013 2014 2015 2016 2017 2018 2019 2020 2021 2022 2023
reclasobs
 0 0 0 370054 412103 1.49427e+06 250295 1.28982e+06 931140 785840 897777 1.04006e+06 184774 17550 25797 100020 73551 82996 120727 218422 84188 347160 605670 569463 516374 1.08416e+06 1.01767e+06
reclaspred
 454585 121150 331520 218810 317766 377554 806351 572725 728115 759949 644326 436665 244355 96093.8 70093.3 71212.4 80007 109677 126090 170772 267534 280217 514082 655470 806299 714915 638809
pelacesobs
 0 0 0 0 0 0 0 0 0 2.06254e+06 1.5e+06 0 1.87456e+06 323000 250000 174000 83755 137374 0 501740 490994 745055 786931 1.00524e+06 1.33801e+06 1.41789e+06 0
pelacespred
 1.58779e+06 356755 583334 617089 793062 714472 1.88046e+06 1.53452e+06 1.83685e+06 1.90376e+06 1.37624e+06 964942 528825 166124 129851 140348 164031 234798 269255 361257 661467 651054 967717 1.43805e+06 1.70576e+06 1.6654e+06 1.41324e+06
mphobs
 0 0 0 0 0 0 112323 0 153150 637223 0 255016 313432 73983 77613 109348 50772 17779 17303 59886 28197 0 207744 136588 643089 65757 70829
mphpred
 163463 93602 107999 109928 117215 180347 253592 313849 292665 351766 349456 241059 139221 98350.7 46549.8 44337 45901 60831 27945.8 31745.8 49885.9 67819 92009.1 138669 179293 169741 144503
desembarqueobs
 350755 77701 442110 56441 14545 235359 269955 359681 431902 328805 639364 411747 362871 311530 167758 66681 60226 58785 57116 73181 50977 67692 138656 160484 209506 203330 245020
desembarquepred
 350767 77703.8 442145 56445.7 14545.4 235494 270029 359687 431900 328837 639516 411908 363219 311584 167593 66688 60264.2 58789.4 57105.2 73186.6 50978 67682.7 138660 160496 209540 203352 245017
Reclutas
 39028 46555.7 25027.6 33437.1 54517.6 38299.5 75711.4 77329.2 120115 116324 63859.7 42709.9 39949.2 27955.2 17232.5 13828.4 9999.1 13150.6 15171.3 21683.2 34720.8 49349.7 71417 92601.7 34058.3 47266.7 77284.5
log_desv_Rt
 -0.00796664 0.168404 -0.452266 -0.162579 0.32628 -0.0268085 0.654685 0.675826 1.11621 1.08414 0.484444 0.0821858 0.0153643 -0.341642 -0.825448 -1.04552 -1.36975 -1.09578 -0.952843 -0.595706 -0.124906 0.226688 0.596291 0.856063 -0.144172 0.183561 0.675248
SSB
 453304 259571 299494 304846 325054 500125 682954 859619 791850 955053 969086 668487 400564 181679 90004.7 85162.7 92112.2 115755 151499 181465 268836 356145 496561 715141 1.01045e+06 984974 790083
BT
 1.62201e+06 393709 711619 524551 617317 701053 1.69429e+06 1.58007e+06 1.86352e+06 1.76909e+06 1.60059e+06 1.09434e+06 761133 420594 243228 162793 176489 229578 249501 335795 556318 539936 816809 1.21332e+06 1.38308e+06 1.37749e+06 1.26473e+06
Ftot
 0.959168 0.82511 1.3486 0.279579 0.0532928 0.559621 0.37234 0.717319 0.752238 0.493283 0.920595 0.832021 1.41372 3.25967 3.12322 1.10359 0.855819 0.607584 0.473755 0.47132 0.222938 0.251654 0.268726 0.26038 0.22529 0.234476 0.365596
BD_Bspro_t
 0.91217 0.650949 0.58265 0.409361 0.552212 0.708566 0.646533 0.669626 0.616951 0.613808 0.585984 0.423254 0.30909 0.189229 0.117106 0.133054 0.190097 0.293486 0.410062 0.514935 0.637497 0.754004 0.781305 0.789637 0.799484 0.74617 0.700564
BD_Bspro
 0.557885 0.319456 0.36859 0.375177 0.400046 0.615508 0.840518 1.05794 0.974536 1.17539 1.19266 0.822713 0.492978 0.223594 0.11077 0.10481 0.113363 0.142461 0.186451 0.223331 0.330858 0.438311 0.611122 0.880131 1.24357 1.21222 0.972363
BD_Bo
 0.436245 0.249803 0.288224 0.293374 0.312821 0.481304 0.657254 0.82727 0.762051 0.919113 0.932618 0.643331 0.385491 0.174842 0.0866177 0.0819579 0.0886459 0.111399 0.145798 0.174636 0.258719 0.342743 0.477875 0.68823 0.972425 0.947908 0.760352
BD_Brms
 0.793174 0.454187 0.524043 0.533408 0.568766 0.875099 1.19501 1.50413 1.38555 1.67111 1.69567 1.16969 0.700892 0.317895 0.157487 0.149014 0.161174 0.202544 0.265087 0.31752 0.470398 0.623169 0.868863 1.25133 1.76805 1.72347 1.38246
S_f
 0.108466 0.698029 0.977738 0.998803 0.999937
 0.108466 0.698029 0.977738 0.998803 0.999937
 0.108466 0.698029 0.977738 0.998803 0.999937
 0.108466 0.698029 0.977738 0.998803 0.999937
 0.108466 0.698029 0.977738 0.998803 0.999937
 0.108466 0.698029 0.977738 0.998803 0.999937
 0.108466 0.698029 0.977738 0.998803 0.999937
 0.108466 0.698029 0.977738 0.998803 0.999937
 0.108466 0.698029 0.977738 0.998803 0.999937
 0.108466 0.698029 0.977738 0.998803 0.999937
 0.108466 0.698029 0.977738 0.998803 0.999937
 0.108466 0.698029 0.977738 0.998803 0.999937
 0.108466 0.698029 0.977738 0.998803 0.999937
 0.108466 0.698029 0.977738 0.998803 0.999937
 0.108466 0.698029 0.977738 0.998803 0.999937
 0.108466 0.698029 0.977738 0.998803 0.999937
 0.108466 0.698029 0.977738 0.998803 0.999937
 0.108466 0.698029 0.977738 0.998803 0.999937
 0.108466 0.698029 0.977738 0.998803 0.999937
 0.108466 0.698029 0.977738 0.998803 0.999937
 0.108466 0.698029 0.977738 0.998803 0.999937
 0.108466 0.698029 0.977738 0.998803 0.999937
 0.108466 0.698029 0.977738 0.998803 0.999937
 0.108466 0.698029 0.977738 0.998803 0.999937
 0.108466 0.698029 0.977738 0.998803 0.999937
 0.108466 0.698029 0.977738 0.998803 0.999937
 0.108466 0.698029 0.977738 0.998803 0.999937
Scru_reclas
 0.653032 0.95332 0.995508 0.999584 0.999962
 0.653032 0.95332 0.995508 0.999584 0.999962
 0.653032 0.95332 0.995508 0.999584 0.999962
 0.653032 0.95332 0.995508 0.999584 0.999962
 0.653032 0.95332 0.995508 0.999584 0.999962
 0.653032 0.95332 0.995508 0.999584 0.999962
 0.653032 0.95332 0.995508 0.999584 0.999962
 0.653032 0.95332 0.995508 0.999584 0.999962
 0.653032 0.95332 0.995508 0.999584 0.999962
 0.653032 0.95332 0.995508 0.999584 0.999962
 0.653032 0.95332 0.995508 0.999584 0.999962
 0.653032 0.95332 0.995508 0.999584 0.999962
 0.653032 0.95332 0.995508 0.999584 0.999962
 0.653032 0.95332 0.995508 0.999584 0.999962
 0.653032 0.95332 0.995508 0.999584 0.999962
 0.653032 0.95332 0.995508 0.999584 0.999962
 0.653032 0.95332 0.995508 0.999584 0.999962
 0.653032 0.95332 0.995508 0.999584 0.999962
 0.653032 0.95332 0.995508 0.999584 0.999962
 0.653032 0.95332 0.995508 0.999584 0.999962
 0.653032 0.95332 0.995508 0.999584 0.999962
 0.653032 0.95332 0.995508 0.999584 0.999962
 0.653032 0.95332 0.995508 0.999584 0.999962
 0.653032 0.95332 0.995508 0.999584 0.999962
 0.653032 0.95332 0.995508 0.999584 0.999962
 0.653032 0.95332 0.995508 0.999584 0.999962
 0.653032 0.95332 0.995508 0.999584 0.999962
Scru_pelaces
 0.773347 1 1 1 1
 0.773347 1 1 1 1
 0.773347 1 1 1 1
 0.773347 1 1 1 1
 0.773347 1 1 1 1
 0.773347 1 1 1 1
 0.773347 1 1 1 1
 0.773347 1 1 1 1
 0.773347 1 1 1 1
 0.773347 1 1 1 1
 0.773347 1 1 1 1
 0.773347 1 1 1 1
 0.773347 1 1 1 1
 0.773347 1 1 1 1
 0.773347 1 1 1 1
 0.773347 1 1 1 1
 0.773347 1 1 1 1
 0.773347 1 1 1 1
 0.773347 1 1 1 1
 0.773347 1 1 1 1
 0.773347 1 1 1 1
 0.773347 1 1 1 1
 0.773347 1 1 1 1
 0.773347 1 1 1 1
 0.773347 1 1 1 1
 0.773347 1 1 1 1
 0.773347 1 1 1 1
pf_obs 
 0.256992 0.487395 0.22802 0.0275931 0
 0.321318 0.546541 0.124235 0.00734118 0.000564706
 0.182869 0.594174 0.210203 0.0122559 0.00049798
 0.330522 0.361315 0.267642 0.0388342 0.00168674
 0.649043 0.306663 0.0425973 0.00169635 0
 0.582887 0.30429 0.105238 0.00758474 0
 0.465427 0.430635 0.0974691 0.00646863 0
 0.296916 0.608066 0.0921331 0.00288517 0
 0.311714 0.524322 0.152257 0.0117073 0
 0.15457 0.633149 0.183074 0.0267441 0.00246327
 0.131901 0.49318 0.331252 0.0422183 0.00144891
 0.196976 0.569456 0.194076 0.0375587 0.00193317
 0.518974 0.381816 0.0799577 0.0180837 0.00116848
 0.0928022 0.601141 0.25162 0.0475244 0.00691264
 0.122501 0.610282 0.24278 0.0234846 0.000952079
 0.383417 0.481906 0.127806 0.00687128 0
 0.0376549 0.599619 0.316969 0.0457579 0
 0.0361596 0.667082 0.258105 0.0386534 0
 0.158088 0.579412 0.248529 0.0139706 0
 0.0477256 0.309471 0.559284 0.082774 0.000745712
 0.0406174 0.521527 0.379366 0.0568643 0.0016247
 0.151134 0.462217 0.34131 0.0453401 0
 0.294876 0.26143 0.354403 0.0886775 0.000613685
 0.281977 0.475581 0.204845 0.0348837 0.00271318
 0.0841818 0.532909 0.334909 0.0458182 0.00218182
 0.115287 0.27431 0.454777 0.147771 0.00785563
 0 0 0 0 0
pf_pred 
 0.328077 0.460469 0.189042 0.022398 1.42204e-05
 0.287495 0.567079 0.113553 0.0285942 0.00327902
 0.15989 0.632777 0.178779 0.0224488 0.00610466
 0.243692 0.468903 0.242347 0.0390614 0.00599709
 0.257172 0.482293 0.182766 0.0658197 0.0119498
 0.143168 0.562997 0.211938 0.0578133 0.0240833
 0.274401 0.37987 0.25743 0.0641802 0.0241181
 0.221386 0.557264 0.136886 0.0632982 0.021165
 0.297378 0.470288 0.185555 0.0292604 0.0175177
 0.218629 0.587432 0.147617 0.0372222 0.0090991
 0.127825 0.563855 0.252944 0.0424204 0.0129559
 0.132756 0.468263 0.298669 0.0827801 0.017532
 0.201558 0.451893 0.226618 0.0904925 0.0294382
 0.270951 0.547655 0.127751 0.0355777 0.0180661
 0.319435 0.612687 0.0606951 0.00516895 0.00201385
 0.291329 0.634564 0.0711317 0.00267999 0.00029523
 0.193022 0.614003 0.180426 0.0120622 0.000486853
 0.250022 0.475923 0.229053 0.0421614 0.00284074
 0.231871 0.533778 0.170302 0.0537783 0.0102716
 0.258211 0.487105 0.196998 0.042223 0.0154636
 0.276603 0.495384 0.168897 0.0459996 0.0131166
 0.249199 0.512819 0.18012 0.0431182 0.0147446
 0.246028 0.493594 0.196898 0.0483212 0.0151594
 0.226076 0.506341 0.195966 0.0544695 0.0171465
 0.0729242 0.58143 0.252937 0.0683255 0.0243829
 0.128159 0.271203 0.424564 0.12965 0.0464231
 0.220404 0.382772 0.156228 0.171235 0.0693616
pobs_RECLAS
 0 0 0 0 0
 0 0 0 0 0
 0 0 0 0 0
 0 0 0 0 0
 0.835266 0.146461 0.0176864 0.000547809 3.91292e-05
 0.385257 0.428462 0.181853 0.0044286 0
 0.867414 0.0963971 0.0333333 0.00285562 0
 0.441836 0.489002 0.0689373 0.000224442 0
 0.779404 0.147425 0.0564933 0.0165055 0.000172143
 0.814271 0.122319 0.05973 0.00367925 0
 0.40263 0.566651 0.0304383 0.000280538 0
 0.475488 0.404961 0.113038 0.00651328 0
 0.955842 0.0263864 0.0167828 0.000988607 0
 0.975058 0.0227948 0.00214734 0 0
 0.738997 0.206755 0.0527124 0.00153531 0
 0.850938 0.134255 0.0134407 0.00136685 0
 0.542534 0.407297 0.0501686 0 0
 0.764087 0.199537 0.0359546 0.000420521 0
 0.470689 0.182191 0.310203 0.0369168 0
 0.84361 0.089868 0.0606195 0.00523954 0.000663233
 0.607945 0.314616 0.071237 0.00620181 0
 0.523733 0.453247 0.0230204 0 0
 0.530135 0.295979 0.169645 0.0042399 0
 0.562478 0.366248 0.0663022 0.0049721 0
 0.250443 0.683176 0.0655157 0.000865301 0
 0.195077 0.31981 0.436473 0.0351445 0.0134964
 0.565238 0.351407 0.0832357 0.000118908 0
ppred_RECLAS
 0.712783 0.215832 0.0639525 0.007428 4.71174e-06
 0.662653 0.284559 0.0413926 0.0102235 0.00117136
 0.495132 0.410255 0.0818275 0.0100539 0.00273128
 0.614544 0.265291 0.101608 0.0160898 0.00246833
 0.627123 0.266286 0.0751608 0.0266036 0.00482629
 0.454195 0.395121 0.109249 0.029257 0.0121776
 0.659496 0.203945 0.102151 0.0250152 0.00939292
 0.584604 0.322556 0.0578324 0.0262406 0.00876662
 0.680291 0.235312 0.0676657 0.0104687 0.00626207
 0.574414 0.342661 0.0633946 0.0156964 0.00383392
 0.429149 0.409502 0.132841 0.0218432 0.00666534
 0.446391 0.342633 0.158704 0.043143 0.00912927
 0.582561 0.271944 0.0958763 0.0374487 0.01217
 0.710924 0.241693 0.0337233 0.00906471 0.00459496
 0.74025 0.243444 0.014633 0.0012042 0.000468373
 0.664947 0.30921 0.0248259 0.00091635 0.000100851
 0.540979 0.373887 0.0796973 0.00522539 0.000210721
 0.62628 0.263017 0.0928064 0.0167683 0.00112887
 0.596557 0.305212 0.0717397 0.022246 0.00424554
 0.63284 0.265359 0.0790692 0.0166419 0.00608993
 0.649451 0.261599 0.0661906 0.017713 0.00504688
 0.617033 0.285228 0.0742945 0.0174741 0.00597073
 0.615138 0.277011 0.0819111 0.0197498 0.00619109
 0.588574 0.295998 0.0849369 0.0231952 0.00729594
 0.279307 0.500806 0.161674 0.0429113 0.0153016
 0.443794 0.211113 0.2452 0.0735706 0.0263225
 0.594443 0.230686 0.069604 0.0749366 0.0303303
pobs_PELACES
 0 0 0 0 0
 0 0 0 0 0
 0 0 0 0 0
 0 0 0 0 0
 0 0 0 0 0
 0 0 0 0 0
 0 0 0 0 0
 0 0 0 0 0
 0 0 0 0 0
 0 0 0 0 0
 0.450072 0.473896 0.0757376 0.000293798 0
 0 0 0 0 0
 0.463077 0.371075 0.160297 0.00555027 0
 0.529543 0.364841 0.0842815 0.0213345 0
 0.631943 0.363953 0.00410389 0 0
 0.735681 0.248677 0.0153453 0.000297389 0
 0.695825 0.281241 0.0229344 0 0
 0.275771 0.60734 0.115278 0.00161068 0
 0 0 0 0 0
 0.896147 0.0623911 0.0374545 0.00400742 0
 0.803859 0.145111 0.0509908 3.86294e-05 0
 0.739449 0.233085 0.0266225 0.000797448 4.60066e-05
 0.878498 0.100942 0.0204185 0.000141795 0
 0.694673 0.275183 0.0284847 0.00165964 0
 0.469039 0.446079 0.0841089 0.000773354 0
 0.822795 0.102175 0.0682046 0.00682512 0
 0 0 0 0 0
ppred_PELACES
 0.777001 0.172925 0.04491 0.00516044 3.27097e-06
 0.726124 0.235235 0.0303647 0.00742646 0.000850299
 0.597215 0.33716 0.0568609 0.00689291 0.00187091
 0.660037 0.239021 0.0854333 0.0134472 0.00206194
 0.660489 0.245856 0.0661273 0.023302 0.00422566
 0.518078 0.35803 0.0900255 0.0239175 0.00994929
 0.708037 0.180392 0.0836018 0.0203366 0.00763221
 0.651746 0.277035 0.0445183 0.0200171 0.00668311
 0.741113 0.196154 0.0503917 0.00772393 0.00461718
 0.630457 0.302647 0.0512324 0.01259 0.00307346
 0.512543 0.362172 0.103343 0.0168155 0.00512747
 0.528186 0.305437 0.125464 0.0337719 0.00714139
 0.687474 0.215905 0.0639761 0.0246434 0.00800131
 0.846215 0.135151 0.0133662 0.00349797 0.00177032
 0.857442 0.136035 0.00586921 0.000470694 0.000182794
 0.737291 0.245007 0.0170131 0.000620632 6.82514e-05
 0.616277 0.319408 0.0602469 0.00391068 0.000157594
 0.686669 0.226958 0.0725068 0.0129922 0.000874126
 0.651484 0.269244 0.0580104 0.0178564 0.00340591
 0.685933 0.232444 0.0635028 0.0132675 0.00485243
 0.689435 0.235541 0.0559094 0.0148776 0.00423705
 0.66019 0.257401 0.0627309 0.0146685 0.00500971
 0.659608 0.249704 0.0689753 0.0165321 0.00517994
 0.633878 0.268419 0.0720076 0.0195488 0.00614605
 0.317951 0.483318 0.146341 0.0386228 0.013766
 0.495488 0.19947 0.217109 0.0647706 0.0231632
 0.647704 0.207357 0.0579255 0.0619514 0.0250617
pobs_pel_tallas
 0 0 0 0 0 0 0 0 0 0 0 0 0 0 0 0 0 0 0 0 0 0 0 0 0 0 0 0 0 0 0 0 0 0 0 0
 0 0 0 0 0 0 0 0 0 0 0 0 0 0 0 0 0 0 0 0 0 0 0 0 0 0 0 0 0 0 0 0 0 0 0 0
 0 0 0 0 0 0 0 0 0 0 0 0 0 0 0 0 0 0 0 0 0 0 0 0 0 0 0 0 0 0 0 0 0 0 0 0
 0 0 0 0 0 0 0 0 0 0 0 0 0 0 0 0 0 0 0 0 0 0 0 0 0 0 0 0 0 0 0 0 0 0 0 0
 0 0 0 0 0 0 0 0 0 0 0 0 0 0 0 0 0 0 0 0 0 0 0 0 0 0 0 0 0 0 0 0 0 0 0 0
 0 0 0 0 0 0 0 0 0 0 0 0 0 0 0 0 0 0 0 0 0 0 0 0 0 0 0 0 0 0 0 0 0 0 0 0
 0 0 0 0 0 0 0 0 0 0 0 0 0 0 0 0 0 0 0 0 0 0 0 0 0 0 0 0 0 0 0 0 0 0 0 0
 0 0 0 0 0 0 0 0 0 0 0 0 0 0 0 0 0 0 0 0 0 0 0 0 0 0 0 0 0 0 0 0 0 0 0 0
 0 0 0 0 0 0 0 0 0 0 0 0 0 0 0 0 0 0 0 0 0 0 0 0 0 0 0 0 0 0 0 0 0 0 0 0
 0 0 0 0 0 0 0 0 0 0 0 0 0 0 0 0 0 0 0 0 0 0 0 0 0 0 0 0 0 0 0 0 0 0 0 0
 0 0 0 0 0 0 0 0 1.78061e-05 0.00172719 0.00360574 0.0105946 0.0120993 0.0124554 0.0147524 0.0171206 0.0266825 0.0428682 0.0675386 0.121331 0.153587 0.119568 0.100827 0.0573624 0.0630603 0.0341343 0.0324427 0.0444173 0.0211091 0.0280891 0.0125444 0.00206551 0 0 0 0
 0 0 0 0 0 0 0 0 0 0 0 0 0 0 0 0 0 0 0 0 0 0 0 0 0 0 0 0 0 0 0 0 0 0 0 0
 0 0 0 0 0 0 0.0133647 0.0140871 0.0187388 0.0205184 0.03894 0.0496705 0.03968 0.0493445 0.0407372 0.0367815 0.0215668 0.0243155 0.0234873 0.0199281 0.019796 0.0243948 0.0301388 0.0376714 0.0412746 0.0863199 0.0771752 0.113111 0.0741005 0.0525337 0.0229764 0.00759418 0.00175318 0 0 0
 0 0 0 0 0 0 0 0 0 0 0.00219441 0.00772107 0.0458388 0.0604681 0.0671733 0.0775358 0.0609151 0.0617685 0.073594 0.0568108 0.0755445 0.0548602 0.0670107 0.0636378 0.0643287 0.046367 0.0373049 0.0286899 0.0247887 0.0153202 0.00654259 0.00121912 0.000365735 0 0 0
 0 0 0 0 0 0 0 0 0 0 0 0 0.000112435 0.00938835 0.0111873 0.0202946 0.0414886 0.0713402 0.111592 0.104902 0.108894 0.110636 0.117776 0.105296 0.107544 0.0401394 0.0192827 0.0124803 0.00416011 0.0028671 0.000618394 0 0 0 0 0
 0 0 0 0 0 0 0 0 0 0 0.00291406 0.0102884 0.027416 0.0768956 0.0749926 0.110853 0.0956884 0.0897413 0.0766577 0.0534642 0.0500743 0.0551293 0.0594112 0.0620874 0.0668451 0.0424026 0.0208742 0.0120726 0.0048766 0.00582813 0.00118941 0.000297354 0 0 0 0
 0 0.00264628 0.0354308 0.0461629 0.0458689 0.0383711 0.0214643 0.0164657 0.0346957 0.0420465 0.0363128 0.0245516 0.0311673 0.0291091 0.0169068 0.0133784 0.00837989 0.0085269 0.0148486 0.0160247 0.0276389 0.0546898 0.0760071 0.122758 0.109233 0.0665981 0.0333725 0.0166128 0.00676272 0.00308733 0.000882094 0 0 0 0 0
 0 0 0 0 0 0 0 0.000805153 0.000690131 0.00759144 0.0133425 0.0154129 0.00931677 0.000345066 0.00356568 0.00563607 0.00851162 0.0253048 0.0502646 0.0516448 0.0657925 0.0565908 0.0611916 0.0827007 0.0866115 0.110766 0.145733 0.0935128 0.0569358 0.0249597 0.0138026 0.00621118 0.00161031 0.00115022 0 0
 0 0 0 0 0 0 0 0 0 0 0 0 0 0 0 0 0 0 0 0 0 0 0 0 0 0 0 0 0 0 0 0 0 0 0 0
 0.00147267 0.00158595 0.00478618 0.00569244 0.00954404 0.0108468 0.00647125 0.017049 0.0510054 0.094081 0.124002 0.0959785 0.0687766 0.0820023 0.061753 0.0591476 0.0492212 0.0479892 0.0443925 0.0268479 0.0217502 0.0140895 0.0121071 0.0120363 0.00920419 0.00665534 0.0049561 0.00860946 0.00930331 0.0156896 0.0114698 0.00855282 0.00243557 0.00046729 0 2.83206e-05
 0 0 0 0 0.000772559 0.00158375 0.000888443 0.00281984 0.00712685 0.0440552 0.0773331 0.111326 0.0921469 0.0852325 0.0710754 0.0886704 0.0786465 0.0553345 0.0373146 0.0185414 0.00753245 0.00457741 0.012979 0.0271748 0.0457355 0.0583668 0.034881 0.0177882 0.00938659 0.00492506 0.0015258 0.00185414 0.000309023 5.79419e-05 3.86279e-05 0
 0 0.00173294 0.00326652 0 0.00397197 0.00683976 0.00946217 0.0152591 0.00757587 0.0136028 0.0228656 0.0392903 0.0559909 0.0764795 0.0681675 0.0726916 0.0566044 0.0477403 0.0527397 0.0444891 0.0609904 0.0582453 0.0661739 0.0445044 0.0529084 0.0360697 0.0280645 0.0235558 0.0158879 0.00826598 0.00280645 0.00217768 0.000904811 0.00058276 9.20147e-05 0
 0 0 0 0 0 0 0 0 0 0 0 0 0 0 0 0 0 0 0 0 0 0 0 0 0 0 0 0 0 0 0 0 0 0 0 0
 0 0 0 0 0 0 0 0 0 0 0 0 0 0 0 0 0 0 0 0 0 0 0 0 0 0 0 0 0 0 0 0 0 0 0 0
 0 0 0 0 0 0 0 0 0 0 0 0 0 0 0 0 0 0 0 0 0 0 0 0 0 0 0 0 0 0 0 0 0 0 0 0
 0 0 0 0 0 0 0 0 0 0 0 0 0 0 0 0 0 0 0 0 0 0 0 0 0 0 0 0 0 0 0 0 0 0 0 0
 0 0 0 0 0 0 0 0 0 0 0 0 0 0 0 0 0 0 0 0 0 0 0 0 0 0 0 0 0 0 0 0 0 0 0 0
ppred_pel_tallas
 1.00872e-16 3.39006e-05 0.000198972 0.000945827 0.00364149 0.0113557 0.0286835 0.0586902 0.0972853 0.130651 0.142172 0.125402 0.089757 0.0523632 0.0253758 0.0111144 0.00587504 0.00529597 0.00670034 0.00890413 0.0114099 0.0139053 0.0160993 0.0177233 0.0185785 0.0185796 0.0177719 0.0163131 0.0144293 0.01236 0.0103104 0.00842299 0.00677249 0.00537799 0.00422339 0.00327718
 1.00803e-16 3.16846e-05 0.000185956 0.000883937 0.00340318 0.0106125 0.0268064 0.0548499 0.0909217 0.122111 0.132897 0.117261 0.0840191 0.0491947 0.0241742 0.0111563 0.00670875 0.0067742 0.00884782 0.0117879 0.0150577 0.0182625 0.0210122 0.022947 0.0238084 0.0234991 0.0221047 0.0198664 0.0171175 0.0142041 0.0114164 0.00894865 0.00689156 0.00525101 0.00397935 0.00300655
 1.01242e-16 2.60678e-05 0.000152971 0.0007271 0.00279928 0.00872922 0.0220495 0.0451179 0.0747938 0.100464 0.109373 0.0965877 0.0693876 0.0409933 0.0208252 0.0107574 0.00803177 0.00935744 0.0126795 0.0170024 0.0217561 0.0264224 0.0304508 0.0333243 0.0346678 0.0343341 0.0324367 0.0293113 0.0254264 0.0212715 0.0172596 0.0136706 0.0106402 0.00818543 0.00624855 0.00473945
 1.0185e-16 2.88032e-05 0.000169039 0.000803509 0.00309351 0.00964678 0.0243671 0.0498591 0.0826496 0.111004 0.120817 0.106621 0.0764357 0.0448368 0.0221878 0.0105045 0.00668665 0.00706501 0.00937659 0.0125878 0.0162017 0.0198353 0.023097 0.0256136 0.0271018 0.0274283 0.0266343 0.0249125 0.0225495 0.0198538 0.0170927 0.0144568 0.0120531 0.0099212 0.00805945 0.00644858
 1.02017e-16 2.88231e-05 0.000169156 0.000804062 0.00309564 0.00965342 0.0243839 0.0498934 0.0827068 0.111082 0.120902 0.106699 0.0764978 0.0448854 0.0222341 0.0105626 0.00676963 0.00718295 0.0095354 0.0127872 0.0164331 0.0200801 0.0233271 0.0257952 0.0272014 0.0274199 0.0265062 0.0246716 0.0222217 0.0194793 0.0167192 0.0141302 0.0118098 0.0097828 0.00803069 0.00651914
 1.02682e-16 2.26179e-05 0.000132715 0.000630797 0.00242848 0.0075729 0.0191288 0.039142 0.0648895 0.087167 0.0949134 0.0838593 0.0603323 0.0358221 0.0185292 0.0101131 0.00821686 0.0100144 0.0137352 0.018501 0.0237699 0.0290136 0.0336556 0.0371457 0.0390746 0.0392647 0.0378047 0.0350119 0.0313416 0.0272739 0.023216 0.0194468 0.0161083 0.0132322 0.0107842 0.0087045
 1.02302e-16 3.08939e-05 0.000181319 0.000861899 0.00331835 0.0103479 0.0261381 0.0534822 0.0886534 0.119061 0.129567 0.1143 0.0818476 0.047823 0.0233155 0.0104544 0.00588206 0.00564088 0.00730437 0.00979801 0.0126615 0.0155902 0.0182883 0.0204729 0.0219229 0.0225241 0.022287 0.0213317 0.019847 0.0180399 0.0160916 0.0141337 0.0122452 0.0104646 0.00880764 0.00728312
 1.01723e-16 2.84431e-05 0.000166922 0.000793437 0.00305472 0.0095258 0.0240616 0.0492342 0.0816149 0.109618 0.119316 0.105317 0.0755463 0.0444052 0.0221406 0.0107572 0.00720608 0.00786924 0.0105042 0.0140642 0.0180132 0.0219124 0.0253101 0.0277838 0.0290261 0.0289146 0.0275378 0.025163 0.0221637 0.0189281 0.0157812 0.0129395 0.0105043 0.00848443 0.00683257 0.00548058
 1.01261e-16 3.23367e-05 0.000189788 0.000902161 0.00347336 0.0108313 0.0273591 0.0559807 0.0927949 0.124623 0.135621 0.119641 0.0856741 0.0500621 0.0244119 0.0109507 0.00616024 0.00589121 0.00759265 0.0101244 0.0129856 0.0158378 0.0183552 0.0202342 0.02125 0.0213057 0.0204512 0.018863 0.0167938 0.0145108 0.0122418 0.0101437 0.00829735 0.00672196 0.00539866 0.004293
 1.01403e-16 2.75159e-05 0.000161476 0.00076754 0.002955 0.00921482 0.0232761 0.0476272 0.0789521 0.106045 0.115435 0.101911 0.073146 0.0430808 0.0216406 0.01078 0.00756429 0.00850386 0.0114292 0.0153123 0.0196014 0.0238232 0.0274832 0.0301179 0.0313906 0.0311677 0.0295483 0.0268293 0.0234257 0.0197703 0.0162279 0.0130441 0.0103374 0.00812183 0.00634662 0.00493442
 1.02403e-16 2.23768e-05 0.000131299 0.000624063 0.00240256 0.00749204 0.0189246 0.0387242 0.0641971 0.0862377 0.0939036 0.0829722 0.0597052 0.0354721 0.0183893 0.0101032 0.00828602 0.0101458 0.0139322 0.0187741 0.0241287 0.0294621 0.0341891 0.0377499 0.0397253 0.0399299 0.0384477 0.035595 0.03183 0.0276394 0.0234402 0.0195226 0.0160406 0.0130372 0.0104869 0.00833594
 1.03375e-16 2.30567e-05 0.000135295 0.000643074 0.00247577 0.00772037 0.0195013 0.0399037 0.0661506 0.0888561 0.0967396 0.085442 0.0614039 0.0363242 0.0185438 0.00973288 0.00746876 0.00886102 0.0121141 0.0163689 0.0211385 0.0259734 0.0303839 0.0338941 0.0361358 0.0369257 0.0362961 0.0344673 0.031777 0.0285912 0.0252287 0.0219177 0.0187905 0.0159041 0.0132727 0.010895
 1.022e-16 2.99986e-05 0.000176059 0.000836889 0.00322204 0.0100476 0.0253795 0.0519303 0.0860821 0.115611 0.125822 0.111019 0.0795454 0.0465739 0.0228853 0.0105632 0.00636235 0.00644902 0.00846345 0.0113409 0.0145931 0.0178663 0.0208082 0.0230862 0.0244493 0.0247827 0.024128 0.0226611 0.0206396 0.0183367 0.0159845 0.0137424 0.0116936 0.00986138 0.00823472 0.00679161
 1.00437e-16 3.69171e-05 0.000216684 0.00103004 0.00396576 0.0123669 0.0312377 0.063916 0.105946 0.142277 0.15481 0.136516 0.0976412 0.0568195 0.0272668 0.0114827 0.00540557 0.00426384 0.0051349 0.00674437 0.00859287 0.010408 0.0119575 0.0130342 0.0134912 0.0132749 0.0124379 0.0111222 0.00952271 0.00784067 0.00624408 0.00484418 0.00369126 0.00278568 0.00209636 0.00157932
 1.00153e-16 3.74066e-05 0.000219559 0.00104371 0.00401837 0.012531 0.0316521 0.0647639 0.107351 0.144164 0.156862 0.138325 0.0989325 0.0575654 0.0276142 0.01161 0.00543558 0.00425379 0.0051008 0.00668303 0.0084926 0.0102525 0.0117278 0.0127105 0.0130553 0.012714 0.0117466 0.0103056 0.00859652 0.00683101 0.00518482 0.00377345 0.00264733 0.00180298 0.0012024 0.000792746
 1.00346e-16 3.21719e-05 0.000188816 0.000897532 0.00345552 0.0107757 0.0272187 0.0556935 0.0923203 0.12399 0.134942 0.119068 0.0853187 0.0499651 0.0245698 0.0113661 0.00686892 0.00695674 0.00908178 0.0120771 0.0153874 0.0185991 0.0213045 0.0231304 0.023813 0.0232612 0.0215786 0.0190339 0.0159925 0.0128312 0.00986443 0.00730034 0.00523213 0.00365783 0.00251435 0.00171213
 1.01102e-16 2.68983e-05 0.000157848 0.00075029 0.00288858 0.00900769 0.0227529 0.0465569 0.0771785 0.103665 0.11285 0.0996427 0.0715473 0.0421987 0.0213077 0.0107955 0.00780386 0.00892874 0.0120497 0.0161516 0.0206727 0.0251167 0.0289607 0.0317131 0.033016 0.0327268 0.0309491 0.0279976 0.0243134 0.0203592 0.016527 0.0130847 0.0101651 0.00778949 0.00590814 0.00443984
 1.01591e-16 2.9964e-05 0.000175855 0.000835915 0.00321829 0.0100359 0.02535 0.0518699 0.0859823 0.115478 0.12568 0.1109 0.0794738 0.0465598 0.0229299 0.0106702 0.00654383 0.006724 0.00885276 0.0118602 0.0152457 0.0186379 0.0216632 0.0239684 0.0252876 0.0254995 0.0246502 0.0229307 0.0206211 0.0180206 0.0153876 0.0129038 0.0106685 0.00871437 0.00703265 0.00559726
 1.01684e-16 2.84314e-05 0.000166854 0.000793114 0.00305348 0.00952193 0.0240518 0.0492141 0.0815814 0.109572 0.119265 0.105269 0.0755037 0.0443648 0.0220922 0.0106878 0.00710205 0.00771827 0.0102972 0.0137985 0.0176954 0.0215607 0.0249548 0.0274639 0.0287836 0.0287864 0.0275477 0.0253166 0.0224463 0.0193076 0.0162141 0.013379 0.0109085 0.00882194 0.00708571 0.00564545
 1.0166e-16 2.99321e-05 0.000175667 0.000835022 0.00321485 0.0100252 0.0253229 0.0518145 0.0858906 0.115356 0.125548 0.110785 0.079398 0.0465272 0.0229357 0.0107091 0.00661517 0.00683185 0.00900211 0.0120531 0.0154784 0.0188983 0.0219313 0.0242177 0.0254899 0.0256298 0.0246923 0.0228809 0.0204894 0.0178289 0.0151651 0.0126814 0.0104736 0.00856663 0.00694208 0.00556436
 1.0158e-16 3.00849e-05 0.000176564 0.000839285 0.00323126 0.0100764 0.0254521 0.0520791 0.0863292 0.115945 0.126189 0.111352 0.0798052 0.0467681 0.0230586 0.0107728 0.0066619 0.00688339 0.00906657 0.0121306 0.0155629 0.0189782 0.0219899 0.0242351 0.0254453 0.0255062 0.0244795 0.0225785 0.0201075 0.0173869 0.0146887 0.0121987 0.010011 0.0081455 0.00657678 0.00526182
 1.01713e-16 2.88106e-05 0.000169081 0.000803704 0.00309425 0.0096491 0.024373 0.0498712 0.0826702 0.111034 0.120852 0.106661 0.0764837 0.0449034 0.0222916 0.0106703 0.00694332 0.00744173 0.00989723 0.0132629 0.0170203 0.020758 0.024055 0.0265148 0.0278435 0.0279152 0.0267968 0.0247205 0.0220185 0.0190409 0.0160849 0.0133546 0.0109536 0.00890474 0.00718144 0.00573736
 1.01871e-16 2.87849e-05 0.000168931 0.000802993 0.00309152 0.00964057 0.0243514 0.049827 0.0825969 0.110934 0.120743 0.106561 0.0764037 0.0448405 0.0222308 0.0105927 0.00683038 0.00727777 0.00967031 0.0129674 0.0166597 0.0203482 0.0236248 0.0261038 0.0274971 0.0276771 0.0267013 0.0247863 0.0222455 0.0194108 0.0165654 0.0139049 0.0115316 0.00947235 0.00770847 0.00620349
 1.02069e-16 2.76637e-05 0.000162347 0.000771687 0.00297098 0.00926466 0.0234019 0.0478845 0.0793776 0.106613 0.116046 0.102433 0.0734801 0.0431975 0.0215517 0.0104953 0.00706632 0.00775122 0.0103754 0.0139282 0.0178958 0.021857 0.0253752 0.0280365 0.0295319 0.0297254 0.0286797 0.0266282 0.0239081 0.0208756 0.0178343 0.0149929 0.0124594 0.0102609 0.00837582 0.00676401
 1.04206e-16 1.38967e-05 8.1502e-05 0.000387297 0.00149091 0.00464906 0.0117436 0.0240323 0.039849 0.0535545 0.0583792 0.0517356 0.0375601 0.0229826 0.0131413 0.00918021 0.00977855 0.0132961 0.0186675 0.0252633 0.0325282 0.0397944 0.0462929 0.051279 0.0541907 0.0547721 0.0531206 0.049639 0.0449156 0.0395759 0.0341546 0.0290229 0.0243776 0.0202765 0.0166952 0.0135783
 1.06455e-16 2.16267e-05 0.00012691 0.000603229 0.00232239 0.00724209 0.018293 0.0374308 0.0620491 0.0833403 0.0907175 0.0800829 0.0574653 0.0338203 0.0169489 0.008393 0.00586212 0.0066448 0.00908788 0.0124578 0.0164133 0.0206799 0.0249505 0.0289007 0.0322395 0.0347561 0.0363438 0.0369941 0.0367693 0.035767 0.0340928 0.0318483 0.0291349 0.0260633 0.0227618 0.0193747
 1.0419e-16 2.8264e-05 0.000165877 0.000788483 0.00303567 0.00946641 0.0239115 0.0489265 0.0811031 0.108925 0.118547 0.104603 0.0749577 0.0439059 0.0216087 0.0100339 0.00612989 0.00629171 0.00830402 0.0111718 0.0144425 0.0177894 0.0208851 0.0234176 0.0251481 0.0259605 0.0258788 0.0250465 0.0236756 0.0219872 0.0201615 0.0183132 0.0164937 0.0147108 0.0129566 0.0112282
pSPR Fmed_Fpbrs
0.513002   0.6 0.325
Fs Fmed_Fpbrs
0.64   0.442613 1.50026
SSBpbr Bo_Bmed_Bpbrs
1.0391e+06  481106  571506 285753
Ro
39340.1
SPR SPRFo_SPRFmed_SPRFpbrs
812540 416834 264075
log_Ro
10.4
likeval ReclasPelacesDesembMPH_pf_preclas_ppelaces_ptallas_desvR_qrecl_qpela
 63.5427 0.000187127 0.015395 52.4367 331.945 210.883 55.6558 0 16.405 8.33843e-06 4.62376e-05 1.63468e-15 0 0 0
q_reclas_q_pelaces
0.664188 2.63112
M
0.7
N
 39028 10740.5 3485.13 407.236 0.258362
 46555.7 17465.7 2730.53 677.524 77.634
 25027.6 21139.7 4875.83 605.17 164.467
 33437.1 10737.1 4095.11 647.728 99.3461
 54517.6 16108.4 4386.57 1547.19 280.586
 38299.5 26916.6 7707.09 2067.71 860.587
 75711.4 17898.9 9044.1 2214.39 831.34
 77329.2 36109 6854 3120.71 1042.61
 120115 35526.1 10868.1 1687.89 1009.7
 116324 54973.9 10435.2 2586.59 631.727
 63859.7 54755.5 19346.9 3199.14 976.341
 42709.9 28698.3 14300.2 3905.68 826.539
 39949.2 19378.9 7973 3148.03 1023.48
 27955.2 17018 3587.18 993.832 504.522
 17232.5 9747.79 868.426 73.5542 28.6489
 13828.4 6098.44 547.135 20.3481 2.24002
 9999.1 6092.29 1401.71 92.3579 3.72486
 13150.6 4525.23 1664.69 301.473 20.2951
 15171.3 6113.9 1470.43 456.384 87.0891
 21683.2 7156.46 2181.19 459.484 168.125
 34720.8 10230.9 2557.48 683.207 194.614
 49349.7 16829.9 4348.36 1021.27 348.875
 71417 23846.5 7011.11 1688.34 529.136
 92601.7 34445.8 9816.43 2677.15 841.89
 34058.3 44704.1 14262.5 3779.06 1347.23
 47266.7 16504.6 18969 5682.33 2032.56
 77284.5 22882.5 6958.51 7489.86 3030.98
pred_Ctot
 2790 3915.88 1607.64 190.476 0.120932
 2881.12 5682.95 1137.96 286.555 32.8605
 2470.08 9775.48 2761.88 346.802 94.3081
 719.525 1384.48 715.552 115.333 17.707
 226.056 423.939 160.652 57.8559 10.5039
 1627.86 6401.4 2409.79 657.351 273.833
 2160.21 2990.51 2026.61 505.255 189.868
 4181.6 10525.8 2585.54 1195.59 399.77
 6800.23 10754.2 4243.14 669.106 400.582
 4371.84 11746.6 2951.83 744.316 181.951
 4389.53 19362.9 8686.12 1456.72 444.908
 2664.39 9397.99 5994.26 1661.39 351.865
 4120.61 9238.43 4632.95 1850.01 601.829
 6110.17 12350.1 2880.88 802.308 407.405
 3631.05 6964.46 689.926 58.7559 22.8916
 1129.72 2460.71 275.834 10.3925 1.14484
 640.901 2038.71 599.077 40.0508 1.61652
 605.473 1152.53 554.692 102.101 6.87936
 548.12 1261.8 402.577 127.127 24.2811
 779.453 1470.41 594.672 127.457 46.6794
 597.395 1069.91 364.776 99.3478 28.3286
 957.152 1969.69 691.825 165.614 56.6326
 1477.92 2965.08 1182.79 290.271 91.0642
 1857.54 4160.31 1610.14 447.544 140.883
 592.111 4720.95 2053.73 554.772 197.978
 854.873 1809.03 2832.01 864.819 309.66
 2165.85 3761.38 1535.2 1682.67 681.596
F
 0.104037 0.669527 0.937815 0.95802 0.959108
 0.0894962 0.575951 0.806742 0.824123 0.825058
 0.146276 0.941359 1.31857 1.34698 1.34851
 0.0303247 0.195154 0.273355 0.279244 0.279561
 0.00578044 0.0371999 0.0521064 0.053229 0.0532894
 0.0606997 0.390632 0.547163 0.558951 0.559586
 0.0403861 0.259904 0.364051 0.371894 0.372317
 0.0778045 0.50071 0.70135 0.716461 0.717274
 0.081592 0.525084 0.735492 0.751338 0.752191
 0.0535043 0.344326 0.482302 0.492693 0.493252
 0.099853 0.642602 0.900101 0.919493 0.920537
 0.0902458 0.580775 0.813499 0.831025 0.831969
 0.15334 0.986817 1.38225 1.41203 1.41363
 0.353562 2.27534 3.1871 3.25576 3.25946
 0.338763 2.1801 3.05369 3.11948 3.12303
 0.119702 0.77034 1.07903 1.10227 1.10352
 0.092827 0.597386 0.836767 0.854795 0.855765
 0.0659021 0.424112 0.594059 0.606857 0.607546
 0.0513862 0.330695 0.463209 0.473188 0.473726
 0.0511221 0.328995 0.460828 0.470756 0.47129
 0.0241811 0.155617 0.217975 0.222671 0.222924
 0.0272958 0.175662 0.246052 0.251353 0.251638
 0.0291476 0.187579 0.262744 0.268405 0.268709
 0.0282423 0.181753 0.254583 0.260068 0.260363
 0.0244362 0.157259 0.220275 0.22502 0.225276
 0.0254326 0.163671 0.229256 0.234195 0.234461
 0.0396547 0.255197 0.357457 0.365159 0.365573
Np
 29786.9 14098.4 13448.7 2836.06 1017.44
YTP_r0W_actual
 21422.6 96168 56583.9 79154.2 35579.7
YTP_p0W_proyectada
 8256.7 155021 71588.6 25542.8 40744.7
 8256.7 59251.1 109360 29972 11943.5
CTP_r0_actual
 2612.52 4452.22 1802.04 1973.92 799.545
CTP_p0_proyectada
 1006.91 7176.9 2279.89 636.978 915.612
 1006.91 2743.11 3482.79 747.432 268.392
Wmedp
 8.2 21.6 31.4 40.1 44.5
nmprior
 10.8 10.6 4.6 0
nm_flota  nm_reclas  nm_pelaces    nm_pelaL
inf 18.7808 18.7349 60.4941
cv_recla  cv_pelaces  cv_mph
0.690341 0.499502 0.580597
 ------------------------------------------------
Talla a la edad & desviaci?n 
 7.2 14.2025 17.0495 18.207 18.6776
 1.08 2.13037 2.55742 2.73105 2.80164
