years
 1997 1998 1999 2000 2001 2002 2003 2004 2005 2006 2007 2008 2009 2010 2011 2012 2013 2014 2015 2016 2017 2018 2019 2020 2021 2022 2023
reclasobs
 0 0 0 370054 412103 1.49427e+06 250295 1.28982e+06 931140 785840 897777 1.04006e+06 184774 17550 25797 100020 73551 82996 120727 218422 84188 347160 605670 569463 516374 1.08416e+06 1.01767e+06
reclaspred
 435698 123476 393002 265790 341970 392647 838870 572913 684519 627156 498047 330537 191801 85785 66166.5 69324.2 83990.6 121335 137674 193776 296474 299485 547243 708068 836737 759124 715308
pelacesobs
 0 0 0 0 0 0 0 0 0 2.06254e+06 1.5e+06 0 1.87456e+06 323000 250000 174000 83755 137374 0 501740 490994 745055 786931 1.00524e+06 1.33801e+06 1.41789e+06 0
pelacespred
 1.6208e+06 389094 747427 781135 869449 800026 2.00588e+06 1.65003e+06 1.78951e+06 1.62685e+06 1.13505e+06 776245 446779 161730 131361 146237 186513 273646 312933 436705 755630 714028 1.07911e+06 1.61262e+06 1.84801e+06 1.8655e+06 1.68842e+06
mphobs
 0 0 0 0 0 0 112323 0 153150 637223 0 255016 313432 73983 77613 109348 50772 17779 17303 59886 28197 0 207744 136588 643089 65757 70829
mphpred
 156902 101130 127132 157072 149519 207638 302156 352641 316058 342404 311639 214168 125111 89512 43215.5 42574.3 49311.7 69789.6 27936.6 32432.9 50475.2 65607.8 89156 135064 175588 171821 149457
desembarqueobs
 350755 77701 442110 56441 14545 235359 269955 359681 431902 328805 639364 411747 362871 311530 167758 66681 60226 58785 57116 73181 50977 67692 138656 160484 209506 203330 245020
desembarquepred
 350767 77705.5 442166 56444.1 14545.3 235446 269998 359714 431934 328865 639701 412064 363440 311871 167734 66694.8 60254.6 58789.8 57112.2 73185.3 50977.3 67686.4 138658 160489 209524 203343 245020
Reclutas
 57005.1 69520.1 41180.4 54960.1 85033.6 61890.7 108326 106889 146853 127171 64277.4 40567.4 39087.7 26932.3 20134.1 19931.8 15642.3 20750.9 24602.1 37935.9 57928.1 83595.4 123264 157635 57211 78905 132271
log_desv_Rt
 0.0108958 0.209371 -0.314282 -0.025638 0.410801 0.0931248 0.652897 0.639545 0.957185 0.81329 0.130964 -0.329281 -0.366438 -0.73892 -1.02983 -1.03993 -1.28227 -0.999654 -0.829415 -0.396347 0.0269578 0.393744 0.782082 1.02804 0.0145011 0.336 0.85261
SSB
 682818 440108 553265 683561 650690 903617 1.28222e+06 1.51956e+06 1.34823e+06 1.46263e+06 1.35622e+06 932037 560696 272771 136181 134515 161031 219146 290972 352820 524163 665555 926594 1.34835e+06 1.89801e+06 1.90406e+06 1.56835e+06
BT
 2.36415e+06 628466 1.195e+06 1.0582e+06 1.12224e+06 1.21074e+06 2.74842e+06 2.51459e+06 2.68084e+06 2.39449e+06 2.02808e+06 1.3716e+06 927031 502353 306739 241273 287787 396613 448345 616963 1.00708e+06 974722 1.47249e+06 2.19119e+06 2.52334e+06 2.56338e+06 2.37109e+06
Ftot
 0.452858 0.346812 0.497511 0.097822 0.0215358 0.238216 0.157146 0.304162 0.328173 0.243024 0.511133 0.487031 0.801882 1.55733 1.36197 0.472351 0.350086 0.238932 0.186704 0.185367 0.0873066 0.104537 0.112214 0.107454 0.0957169 0.105749 0.152137
BD_Bspro_t
 0.946526 0.760251 0.724511 0.603188 0.708393 0.815507 0.77426 0.783528 0.73357 0.709096 0.668502 0.508813 0.389893 0.267254 0.171303 0.200769 0.299472 0.45001 0.579073 0.678249 0.775394 0.851952 0.869562 0.875683 0.880931 0.848533 0.821578
BD_Bspro
 0.586293 0.377893 0.475053 0.586931 0.558706 0.775879 1.10097 1.30475 1.15764 1.25587 1.1645 0.800281 0.481434 0.234211 0.11693 0.115499 0.138267 0.188167 0.249839 0.302944 0.450066 0.57147 0.795607 1.15774 1.6297 1.6349 1.34664
BD_Bo
 0.321134 0.206986 0.260204 0.321484 0.306024 0.424978 0.603039 0.714662 0.634083 0.687886 0.637839 0.438344 0.263699 0.128286 0.0640469 0.0632632 0.075734 0.103066 0.136846 0.165934 0.246518 0.313015 0.435783 0.63414 0.892647 0.895493 0.737606
BD_Brms
 0.58388 0.376338 0.473099 0.584516 0.556407 0.772686 1.09644 1.29938 1.15288 1.2507 1.15971 0.796988 0.479453 0.233248 0.116449 0.115024 0.137698 0.187393 0.248811 0.301697 0.448214 0.569119 0.792333 1.15298 1.62299 1.62817 1.3411
S_f
 0.179968 1 1 1 1
 0.179968 1 1 1 1
 0.179968 1 1 1 1
 0.179968 1 1 1 1
 0.179968 1 1 1 1
 0.179968 1 1 1 1
 0.179968 1 1 1 1
 0.179968 1 1 1 1
 0.179968 1 1 1 1
 0.179968 1 1 1 1
 0.179968 1 1 1 1
 0.179968 1 1 1 1
 0.179968 1 1 1 1
 0.179968 1 1 1 1
 0.179968 1 1 1 1
 0.179968 1 1 1 1
 0.179968 1 1 1 1
 0.179968 1 1 1 1
 0.179968 1 1 1 1
 0.179968 1 1 1 1
 0.179968 1 1 1 1
 0.179968 1 1 1 1
 0.179968 1 1 1 1
 0.179968 1 1 1 1
 0.179968 1 1 1 1
 0.179968 1 1 1 1
 0.179968 1 1 1 1
Scru_reclas
 0.878407 1 1 1 1
 0.878407 1 1 1 1
 0.878407 1 1 1 1
 0.878407 1 1 1 1
 0.878407 1 1 1 1
 0.878407 1 1 1 1
 0.878407 1 1 1 1
 0.878407 1 1 1 1
 0.878407 1 1 1 1
 0.878407 1 1 1 1
 0.878407 1 1 1 1
 0.878407 1 1 1 1
 0.878407 1 1 1 1
 0.878407 1 1 1 1
 0.878407 1 1 1 1
 0.878407 1 1 1 1
 0.878407 1 1 1 1
 0.878407 1 1 1 1
 0.878407 1 1 1 1
 0.878407 1 1 1 1
 0.878407 1 1 1 1
 0.878407 1 1 1 1
 0.878407 1 1 1 1
 0.878407 1 1 1 1
 0.878407 1 1 1 1
 0.878407 1 1 1 1
 0.878407 1 1 1 1
Scru_pelaces
 1 1 1 1 1
 1 1 1 1 1
 1 1 1 1 1
 1 1 1 1 1
 1 1 1 1 1
 1 1 1 1 1
 1 1 1 1 1
 1 1 1 1 1
 1 1 1 1 1
 1 1 1 1 1
 1 1 1 1 1
 1 1 1 1 1
 1 1 1 1 1
 1 1 1 1 1
 1 1 1 1 1
 1 1 1 1 1
 1 1 1 1 1
 1 1 1 1 1
 1 1 1 1 1
 1 1 1 1 1
 1 1 1 1 1
 1 1 1 1 1
 1 1 1 1 1
 1 1 1 1 1
 1 1 1 1 1
 1 1 1 1 1
 1 1 1 1 1
pf_obs 
 0.256992 0.487395 0.22802 0.0275931 0
 0.321318 0.546541 0.124235 0.00734118 0.000564706
 0.182869 0.594174 0.210203 0.0122559 0.00049798
 0.330522 0.361315 0.267642 0.0388342 0.00168674
 0.649043 0.306663 0.0425973 0.00169635 0
 0.582887 0.30429 0.105238 0.00758474 0
 0.465427 0.430635 0.0974691 0.00646863 0
 0.296916 0.608066 0.0921331 0.00288517 0
 0.311714 0.524322 0.152257 0.0117073 0
 0.15457 0.633149 0.183074 0.0267441 0.00246327
 0.131901 0.49318 0.331252 0.0422183 0.00144891
 0.196976 0.569456 0.194076 0.0375587 0.00193317
 0.518974 0.381816 0.0799577 0.0180837 0.00116848
 0.0928022 0.601141 0.25162 0.0475244 0.00691264
 0.122501 0.610282 0.24278 0.0234846 0.000952079
 0.383417 0.481906 0.127806 0.00687128 0
 0.0376549 0.599619 0.316969 0.0457579 0
 0.0361596 0.667082 0.258105 0.0386534 0
 0.158088 0.579412 0.248529 0.0139706 0
 0.0477256 0.309471 0.559284 0.082774 0.000745712
 0.0406174 0.521527 0.379366 0.0568643 0.0016247
 0.151134 0.462217 0.34131 0.0453401 0
 0.294876 0.26143 0.354403 0.0886775 0.000613685
 0.281977 0.475581 0.204845 0.0348837 0.00271318
 0.0841818 0.532909 0.334909 0.0458182 0.00218182
 0.115287 0.27431 0.454777 0.147771 0.00785563
 0 0 0 0 0
pf_pred 
 0.36546 0.448428 0.166507 0.0195936 1.12842e-05
 0.301812 0.557663 0.0993085 0.0368744 0.00434168
 0.166839 0.615523 0.173834 0.0309563 0.0128478
 0.242765 0.443102 0.232075 0.065542 0.0165158
 0.272355 0.473546 0.148688 0.0778757 0.0275355
 0.163279 0.566848 0.175631 0.0551463 0.0390955
 0.277277 0.395972 0.221362 0.0685865 0.0368027
 0.221779 0.541889 0.129484 0.0723858 0.0344625
 0.275988 0.467861 0.178363 0.0426195 0.0351691
 0.205256 0.565815 0.147935 0.0563974 0.0245963
 0.123241 0.540518 0.239385 0.0625886 0.0342669
 0.128915 0.434857 0.268933 0.119105 0.04819
 0.202045 0.406239 0.19555 0.120936 0.0752307
 0.238444 0.514395 0.12583 0.0605703 0.0607612
 0.3035 0.553852 0.0963515 0.0235692 0.0227267
 0.308922 0.572756 0.0940892 0.0163683 0.00786481
 0.209329 0.598285 0.159447 0.026193 0.00674615
 0.261128 0.468705 0.20443 0.0544819 0.0112551
 0.247731 0.516852 0.149337 0.0651346 0.0209449
 0.291393 0.472067 0.162516 0.0469568 0.0270664
 0.296397 0.502028 0.134287 0.0462305 0.0210571
 0.281131 0.509703 0.149242 0.0399206 0.0200031
 0.282672 0.49866 0.155043 0.0453969 0.0182278
 0.255302 0.519449 0.156585 0.0486853 0.0199789
 0.0847112 0.610377 0.212685 0.0641127 0.0281141
 0.15586 0.295098 0.366139 0.127581 0.0553228
 0.253183 0.387299 0.125682 0.155938 0.0778984
pobs_RECLAS
 0 0 0 0 0
 0 0 0 0 0
 0 0 0 0 0
 0 0 0 0 0
 0.835266 0.146461 0.0176864 0.000547809 3.91292e-05
 0.385257 0.428462 0.181853 0.0044286 0
 0.867414 0.0963971 0.0333333 0.00285562 0
 0.441836 0.489002 0.0689373 0.000224442 0
 0.779404 0.147425 0.0564933 0.0165055 0.000172143
 0.814271 0.122319 0.05973 0.00367925 0
 0.40263 0.566651 0.0304383 0.000280538 0
 0.475488 0.404961 0.113038 0.00651328 0
 0.955842 0.0263864 0.0167828 0.000988607 0
 0.975058 0.0227948 0.00214734 0 0
 0.738997 0.206755 0.0527124 0.00153531 0
 0.850938 0.134255 0.0134407 0.00136685 0
 0.542534 0.407297 0.0501686 0 0
 0.764087 0.199537 0.0359546 0.000420521 0
 0.470689 0.182191 0.310203 0.0369168 0
 0.84361 0.089868 0.0606195 0.00523954 0.000663233
 0.607945 0.314616 0.071237 0.00620181 0
 0.523733 0.453247 0.0230204 0 0
 0.530135 0.295979 0.169645 0.0042399 0
 0.562478 0.366248 0.0663022 0.0049721 0
 0.250443 0.683176 0.0655157 0.000865301 0
 0.195077 0.31981 0.436473 0.0351445 0.0134964
 0.565238 0.351407 0.0832357 0.000118908 0
ppred_RECLAS
 0.743273 0.181429 0.0673666 0.00792735 4.56546e-06
 0.683044 0.253162 0.0450831 0.0167399 0.00197099
 0.502587 0.367479 0.103782 0.0184815 0.00767038
 0.611298 0.227452 0.119129 0.0336439 0.00847786
 0.646494 0.230059 0.0722359 0.0378337 0.0133773
 0.491208 0.344688 0.106798 0.0335333 0.0237731
 0.653792 0.189684 0.10604 0.0328552 0.0176297
 0.586144 0.288175 0.068859 0.0384946 0.0183271
 0.654901 0.223005 0.0850162 0.0203145 0.0167633
 0.561047 0.312511 0.0817077 0.0311494 0.0135851
 0.415235 0.360505 0.159661 0.0417442 0.0228547
 0.427286 0.285906 0.176816 0.0783084 0.0316836
 0.568202 0.219828 0.105818 0.065442 0.0407096
 0.642985 0.241146 0.0589885 0.0283951 0.0284846
 0.708678 0.231657 0.0403005 0.00985819 0.00950578
 0.692375 0.254955 0.0418826 0.00728616 0.00350092
 0.568994 0.326133 0.0869168 0.0142782 0.00367742
 0.636172 0.230795 0.100663 0.0268274 0.00554212
 0.618883 0.26185 0.0756577 0.0329987 0.0106112
 0.669704 0.22004 0.0757522 0.0218875 0.0126162
 0.673764 0.232773 0.0622643 0.0214354 0.00976344
 0.657431 0.242894 0.0711197 0.0190238 0.00953228
 0.65924 0.236884 0.0736518 0.0215654 0.00865896
 0.62723 0.260018 0.078381 0.0243702 0.0100007
 0.312221 0.458658 0.159819 0.0481764 0.0211259
 0.475377 0.1834 0.227551 0.0792898 0.0343825
 0.625217 0.194362 0.0630723 0.0782561 0.0390926
pobs_PELACES
 0 0 0 0 0
 0 0 0 0 0
 0 0 0 0 0
 0 0 0 0 0
 0 0 0 0 0
 0 0 0 0 0
 0 0 0 0 0
 0 0 0 0 0
 0 0 0 0 0
 0 0 0 0 0
 0.450072 0.473896 0.0757376 0.000293798 0
 0 0 0 0 0
 0.463077 0.371075 0.160297 0.00555027 0
 0.529543 0.364841 0.0842815 0.0213345 0
 0.631943 0.363953 0.00410389 0 0
 0.735681 0.248677 0.0153453 0.000297389 0
 0.695825 0.281241 0.0229344 0 0
 0.275771 0.60734 0.115278 0.00161068 0
 0 0 0 0 0
 0.896147 0.0623911 0.0374545 0.00400742 0
 0.803859 0.145111 0.0509908 3.86294e-05 0
 0.739449 0.233085 0.0266225 0.000797448 4.60066e-05
 0.878498 0.100942 0.0204185 0.000141795 0
 0.694673 0.275183 0.0284847 0.00165964 0
 0.469039 0.446079 0.0841089 0.000773354 0
 0.822795 0.102175 0.0682046 0.00682512 0
 0 0 0 0 0
ppred_PELACES
 0.788389 0.149545 0.0555279 0.00653422 3.76315e-06
 0.729343 0.216182 0.0384976 0.0142946 0.00168308
 0.568228 0.318984 0.0900865 0.0160426 0.00665816
 0.647687 0.206159 0.107976 0.0304942 0.00768419
 0.676807 0.210331 0.0660417 0.0345895 0.0122302
 0.53965 0.31187 0.0966293 0.0303405 0.0215097
 0.691666 0.168933 0.0944394 0.0292609 0.0157011
 0.636453 0.253144 0.0604884 0.0338151 0.0160992
 0.702474 0.192263 0.0732965 0.0175141 0.0144524
 0.608455 0.278759 0.0728831 0.0277852 0.0121178
 0.481408 0.31971 0.141593 0.0370204 0.0202684
 0.492128 0.253537 0.156797 0.0694424 0.0280965
 0.650483 0.177939 0.085654 0.0529718 0.0329522
 0.757573 0.163748 0.0400555 0.0192814 0.0193422
 0.800142 0.158926 0.0276477 0.0067631 0.00652133
 0.744352 0.211877 0.034806 0.00605507 0.0029094
 0.62296 0.285299 0.0760341 0.0124904 0.00321698
 0.679852 0.203087 0.088578 0.0236066 0.00487675
 0.660378 0.23334 0.0674203 0.0294059 0.00945586
 0.708199 0.194395 0.0669234 0.0193366 0.0111458
 0.706518 0.209403 0.056013 0.0192834 0.00878321
 0.692067 0.218336 0.0639291 0.0171003 0.0085685
 0.694219 0.212568 0.0660914 0.0193517 0.0077701
 0.663532 0.234696 0.0707478 0.0219969 0.00902681
 0.346556 0.435761 0.15184 0.0457714 0.0200712
 0.514918 0.169577 0.2104 0.0733137 0.0317911
 0.664311 0.174088 0.0564931 0.0700931 0.0350147
pobs_pel_tallas
 0 0 0 0 0 0 0 0 0 0 0 0 0 0 0 0 0 0 0 0 0 0 0 0 0 0 0 0 0 0 0 0 0 0 0 0
 0 0 0 0 0 0 0 0 0 0 0 0 0 0 0 0 0 0 0 0 0 0 0 0 0 0 0 0 0 0 0 0 0 0 0 0
 0 0 0 0 0 0 0 0 0 0 0 0 0 0 0 0 0 0 0 0 0 0 0 0 0 0 0 0 0 0 0 0 0 0 0 0
 0 0 0 0 0 0 0 0 0 0 0 0 0 0 0 0 0 0 0 0 0 0 0 0 0 0 0 0 0 0 0 0 0 0 0 0
 0 0 0 0 0 0 0 0 0 0 0 0 0 0 0 0 0 0 0 0 0 0 0 0 0 0 0 0 0 0 0 0 0 0 0 0
 0 0 0 0 0 0 0 0 0 0 0 0 0 0 0 0 0 0 0 0 0 0 0 0 0 0 0 0 0 0 0 0 0 0 0 0
 0 0 0 0 0 0 0 0 0 0 0 0 0 0 0 0 0 0 0 0 0 0 0 0 0 0 0 0 0 0 0 0 0 0 0 0
 0 0 0 0 0 0 0 0 0 0 0 0 0 0 0 0 0 0 0 0 0 0 0 0 0 0 0 0 0 0 0 0 0 0 0 0
 0 0 0 0 0 0 0 0 0 0 0 0 0 0 0 0 0 0 0 0 0 0 0 0 0 0 0 0 0 0 0 0 0 0 0 0
 0 0 0 0 0 0 0 0 0 0 0 0 0 0 0 0 0 0 0 0 0 0 0 0 0 0 0 0 0 0 0 0 0 0 0 0
 0 0 0 0 0 0 0 0 1.78061e-05 0.00172719 0.00360574 0.0105946 0.0120993 0.0124554 0.0147524 0.0171206 0.0266825 0.0428682 0.0675386 0.121331 0.153587 0.119568 0.100827 0.0573624 0.0630603 0.0341343 0.0324427 0.0444173 0.0211091 0.0280891 0.0125444 0.00206551 0 0 0 0
 0 0 0 0 0 0 0 0 0 0 0 0 0 0 0 0 0 0 0 0 0 0 0 0 0 0 0 0 0 0 0 0 0 0 0 0
 0 0 0 0 0 0 0.0133647 0.0140871 0.0187388 0.0205184 0.03894 0.0496705 0.03968 0.0493445 0.0407372 0.0367815 0.0215668 0.0243155 0.0234873 0.0199281 0.019796 0.0243948 0.0301388 0.0376714 0.0412746 0.0863199 0.0771752 0.113111 0.0741005 0.0525337 0.0229764 0.00759418 0.00175318 0 0 0
 0 0 0 0 0 0 0 0 0 0 0.00219441 0.00772107 0.0458388 0.0604681 0.0671733 0.0775358 0.0609151 0.0617685 0.073594 0.0568108 0.0755445 0.0548602 0.0670107 0.0636378 0.0643287 0.046367 0.0373049 0.0286899 0.0247887 0.0153202 0.00654259 0.00121912 0.000365735 0 0 0
 0 0 0 0 0 0 0 0 0 0 0 0 0.000112435 0.00938835 0.0111873 0.0202946 0.0414886 0.0713402 0.111592 0.104902 0.108894 0.110636 0.117776 0.105296 0.107544 0.0401394 0.0192827 0.0124803 0.00416011 0.0028671 0.000618394 0 0 0 0 0
 0 0 0 0 0 0 0 0 0 0 0.00291406 0.0102884 0.027416 0.0768956 0.0749926 0.110853 0.0956884 0.0897413 0.0766577 0.0534642 0.0500743 0.0551293 0.0594112 0.0620874 0.0668451 0.0424026 0.0208742 0.0120726 0.0048766 0.00582813 0.00118941 0.000297354 0 0 0 0
 0 0.00264628 0.0354308 0.0461629 0.0458689 0.0383711 0.0214643 0.0164657 0.0346957 0.0420465 0.0363128 0.0245516 0.0311673 0.0291091 0.0169068 0.0133784 0.00837989 0.0085269 0.0148486 0.0160247 0.0276389 0.0546898 0.0760071 0.122758 0.109233 0.0665981 0.0333725 0.0166128 0.00676272 0.00308733 0.000882094 0 0 0 0 0
 0 0 0 0 0 0 0 0.000805153 0.000690131 0.00759144 0.0133425 0.0154129 0.00931677 0.000345066 0.00356568 0.00563607 0.00851162 0.0253048 0.0502646 0.0516448 0.0657925 0.0565908 0.0611916 0.0827007 0.0866115 0.110766 0.145733 0.0935128 0.0569358 0.0249597 0.0138026 0.00621118 0.00161031 0.00115022 0 0
 0 0 0 0 0 0 0 0 0 0 0 0 0 0 0 0 0 0 0 0 0 0 0 0 0 0 0 0 0 0 0 0 0 0 0 0
 0.00147267 0.00158595 0.00478618 0.00569244 0.00954404 0.0108468 0.00647125 0.017049 0.0510054 0.094081 0.124002 0.0959785 0.0687766 0.0820023 0.061753 0.0591476 0.0492212 0.0479892 0.0443925 0.0268479 0.0217502 0.0140895 0.0121071 0.0120363 0.00920419 0.00665534 0.0049561 0.00860946 0.00930331 0.0156896 0.0114698 0.00855282 0.00243557 0.00046729 0 2.83206e-05
 0 0 0 0 0.000772559 0.00158375 0.000888443 0.00281984 0.00712685 0.0440552 0.0773331 0.111326 0.0921469 0.0852325 0.0710754 0.0886704 0.0786465 0.0553345 0.0373146 0.0185414 0.00753245 0.00457741 0.012979 0.0271748 0.0457355 0.0583668 0.034881 0.0177882 0.00938659 0.00492506 0.0015258 0.00185414 0.000309023 5.79419e-05 3.86279e-05 0
 0 0.00173294 0.00326652 0 0.00397197 0.00683976 0.00946217 0.0152591 0.00757587 0.0136028 0.0228656 0.0392903 0.0559909 0.0764795 0.0681675 0.0726916 0.0566044 0.0477403 0.0527397 0.0444891 0.0609904 0.0582453 0.0661739 0.0445044 0.0529084 0.0360697 0.0280645 0.0235558 0.0158879 0.00826598 0.00280645 0.00217768 0.000904811 0.00058276 9.20147e-05 0
 0 0 0 0 0 0 0 0 0 0 0 0 0 0 0 0 0 0 0 0 0 0 0 0 0 0 0 0 0 0 0 0 0 0 0 0
 0 0 0 0 0 0 0 0 0 0 0 0 0 0 0 0 0 0 0 0 0 0 0 0 0 0 0 0 0 0 0 0 0 0 0 0
 0 0 0 0 0 0 0 0 0 0 0 0 0 0 0 0 0 0 0 0 0 0 0 0 0 0 0 0 0 0 0 0 0 0 0 0
 0 0 0 0 0 0 0 0 0 0 0 0 0 0 0 0 0 0 0 0 0 0 0 0 0 0 0 0 0 0 0 0 0 0 0 0
 0 0 0 0 0 0 0 0 0 0 0 0 0 0 0 0 0 0 0 0 0 0 0 0 0 0 0 0 0 0 0 0 0 0 0 0
ppred_pel_tallas
 1.01062e-16 3.43963e-05 0.000201884 0.000959675 0.00369482 0.011522 0.0291035 0.0595494 0.0987089 0.13256 0.144244 0.127216 0.0910252 0.0530424 0.025592 0.0110175 0.00555125 0.00476254 0.00593809 0.00789085 0.0101432 0.0124159 0.014456 0.0160283 0.0169547 0.0171509 0.0166419 0.0155481 0.0140493 0.0123392 0.0105871 0.00891417 0.00738972 0.00604065 0.00486743 0.0038587
 1.01187e-16 3.18242e-05 0.000186778 0.000887845 0.00341823 0.0106594 0.0269249 0.0550924 0.0913231 0.122649 0.133477 0.117763 0.0843558 0.0493461 0.0241639 0.01101 0.0064306 0.00634705 0.00824675 0.0109953 0.0140763 0.0171237 0.0197799 0.0217134 0.0226825 0.0225899 0.0215029 0.019629 0.0172596 0.0146986 0.012202 0.00994215 0.00800226 0.00639311 0.00508112 0.00401512
 1.02246e-16 2.48032e-05 0.000145548 0.000691814 0.00266343 0.00830557 0.0209794 0.0429282 0.071164 0.0955888 0.104066 0.0919032 0.0660268 0.0390172 0.0198401 0.0102822 0.00772482 0.00904483 0.0122973 0.0165471 0.0212651 0.0259691 0.0301424 0.033292 0.0350493 0.0352512 0.0339714 0.0314878 0.0282026 0.0245424 0.0208723 0.0174454 0.0143952 0.0117578 0.00951017 0.00760505
 1.03007e-16 2.82634e-05 0.000165873 0.000788463 0.00303559 0.00946617 0.0239108 0.0489253 0.0811011 0.108922 0.118545 0.104603 0.0749596 0.0439125 0.0216229 0.0100604 0.00617626 0.00636928 0.00842811 0.0113614 0.0147189 0.0181728 0.0213894 0.0240447 0.0258812 0.0267594 0.0266791 0.0257627 0.0242107 0.0222459 0.0200657 0.0178159 0.0155885 0.0134349 0.011385 0.00946315
 1.02767e-16 2.95332e-05 0.000173328 0.000823904 0.00317205 0.00989171 0.0249857 0.0511246 0.0847464 0.113817 0.12387 0.109295 0.0783095 0.0458482 0.022525 0.0103916 0.00625375 0.00633874 0.00832643 0.011173 0.0144037 0.0176771 0.0206529 0.0230081 0.0244973 0.025004 0.0245607 0.0233278 0.0215427 0.019457 0.0172834 0.0151669 0.0131822 0.0113514 0.00966821 0.0081205
 1.03521e-16 2.35567e-05 0.000138231 0.000657029 0.0025295 0.00788793 0.0199245 0.0407697 0.0675861 0.090784 0.0988377 0.087293 0.0627296 0.037099 0.0189212 0.00989961 0.0075551 0.00892942 0.0121822 0.0164297 0.0211695 0.0259399 0.0302419 0.0335965 0.0356408 0.0362067 0.0353504 0.0333214 0.0304859 0.0272325 0.0238907 0.0206869 0.0177384 0.0150783 0.0126921 0.0105513
 1.03135e-16 3.01795e-05 0.000177126 0.000841968 0.00324161 0.0101087 0.0255337 0.0522454 0.0866031 0.116307 0.126569 0.111653 0.0799462 0.0467009 0.0227484 0.0101678 0.00567922 0.00541907 0.00702247 0.00944936 0.0122635 0.0151834 0.0179356 0.0202549 0.021929 0.0228384 0.0229744 0.0224257 0.0213428 0.0198936 0.0182267 0.0164514 0.0146372 0.0128255 0.011046 0.0093276
 1.02856e-16 2.77753e-05 0.000163003 0.000774812 0.00298302 0.00930221 0.0234968 0.0480784 0.0796985 0.107043 0.11651 0.102833 0.0737471 0.0433141 0.0215351 0.0103636 0.00681905 0.00736952 0.00983272 0.0132029 0.0169819 0.0207731 0.0241685 0.0267823 0.0283266 0.0286741 0.0278816 0.0261628 0.0238248 0.0211888 0.0185234 0.0160078 0.0137284 0.0116997 0.00989699 0.00828499
 1.02381e-16 3.06517e-05 0.000179896 0.000855133 0.00329229 0.0102667 0.0259329 0.0530624 0.0879578 0.118128 0.128555 0.113414 0.081228 0.0474912 0.0232098 0.0105015 0.00603915 0.00589876 0.00767096 0.010282 0.0132613 0.0162875 0.0190465 0.0212398 0.0226386 0.0231309 0.0227406 0.0216096 0.0199519 0.0179977 0.0159447 0.0139317 0.0120354 0.0102847 0.00868175 0.00722099
 1.02647e-16 2.65555e-05 0.00015584 0.00074075 0.00285186 0.0088932 0.0224637 0.0459648 0.076196 0.102342 0.111403 0.0983461 0.0705763 0.0415461 0.0208313 0.0103166 0.00716935 0.00802528 0.0107997 0.0145169 0.0186675 0.0228221 0.0265305 0.0293651 0.0310063 0.0313121 0.030345 0.0283425 0.0256474 0.022621 0.0195684 0.0166975 0.0141128 0.0118379 0.00984967 0.00810935
 1.04334e-16 2.10175e-05 0.000123323 0.000586151 0.0022566 0.00703688 0.0177748 0.0363714 0.0602963 0.0809965 0.0881935 0.0779197 0.0560542 0.0332729 0.0171959 0.00936728 0.00760166 0.0092833 0.0127841 0.0173125 0.0223958 0.0275759 0.0323447 0.0362049 0.0387685 0.039836 0.0394295 0.0377643 0.035176 0.0320301 0.0286444 0.0252465 0.0219695 0.0188744 0.0159836 0.013308
 1.06008e-16 2.14822e-05 0.000126057 0.000599164 0.00230673 0.00719322 0.0181697 0.0371788 0.0616327 0.0827854 0.090125 0.0795872 0.0571691 0.0337651 0.01714 0.00884406 0.00661751 0.00777285 0.0106555 0.0144995 0.0189022 0.0235071 0.0279205 0.0317472 0.0346628 0.036474 0.0371452 0.0367796 0.0355689 0.0337309 0.0314587 0.0288953 0.0261364 0.0232487 0.0202933 0.0173403
 1.04634e-16 2.8384e-05 0.000166584 0.000791851 0.00304865 0.00950689 0.0240137 0.0491355 0.0814486 0.109387 0.119043 0.105026 0.0752272 0.0439973 0.0215309 0.00979362 0.00571193 0.00566183 0.00742472 0.0100211 0.0130311 0.0161726 0.0191662 0.0217401 0.0236767 0.0248536 0.0252607 0.024984 0.0241681 0.0229695 0.0215195 0.0199066 0.0181795 0.0163636 0.0144808 0.012563
 1.02189e-16 3.30531e-05 0.000193997 0.000922177 0.00355044 0.0110717 0.0279663 0.0572226 0.0948525 0.127383 0.138616 0.122263 0.0875063 0.0510421 0.0247208 0.0108036 0.00567875 0.00509549 0.00644791 0.00858892 0.0110443 0.0135227 0.0157552 0.0174921 0.0185475 0.0188384 0.0183998 0.0173668 0.0159338 0.0143032 0.0126436 0.0110657 0.00962097 0.00831635 0.00713506 0.00605573
 1.00982e-16 3.49091e-05 0.000204894 0.000973982 0.0037499 0.0116937 0.0295374 0.0604373 0.100181 0.134537 0.146396 0.129116 0.0923896 0.0538467 0.0259967 0.0112183 0.00568717 0.00490368 0.00610848 0.00808775 0.0103449 0.0125834 0.0145357 0.0159578 0.0166728 0.0166099 0.0158191 0.0144538 0.0127279 0.0108648 0.00905137 0.00741293 0.00600865 0.00484444 0.00389378 0.00311773
 1.00908e-16 3.24785e-05 0.000190619 0.00090611 0.00348856 0.0108787 0.0274789 0.0562258 0.0932016 0.125171 0.136219 0.120177 0.0860728 0.0503261 0.0245981 0.0111302 0.00639249 0.00621827 0.00804118 0.0107049 0.013688 0.0166268 0.0191689 0.0209891 0.0218518 0.0216649 0.0204993 0.018565 0.0161551 0.0135749 0.0110819 0.0088493 0.0069603 0.00542418 0.00420393 0.00324327
 1.01752e-16 2.71883e-05 0.000159554 0.000758407 0.00291984 0.00910519 0.0229992 0.0470605 0.0780123 0.104781 0.114058 0.100689 0.0722559 0.042531 0.0213178 0.0105444 0.00730896 0.00816434 0.0109728 0.0147309 0.0189124 0.0230725 0.0267457 0.0294908 0.0309797 0.0310697 0.0298317 0.0275203 0.0245024 0.0211662 0.0178434 0.0147643 0.0120489 0.00972823 0.0077777 0.00614957
 1.02363e-16 2.96658e-05 0.000174106 0.000827608 0.00318631 0.00993618 0.025098 0.0513544 0.0851271 0.114328 0.124424 0.109781 0.0786492 0.0460311 0.0225856 0.0103711 0.0061775 0.00621487 0.008155 0.0109551 0.0141471 0.017399 0.020379 0.0227691 0.0243227 0.0249144 0.024561 0.0234038 0.021662 0.0195744 0.0173497 0.0151388 0.0130308 0.0110666 0.00926016 0.00761584
 1.02486e-16 2.88178e-05 0.000169125 0.000803921 0.0030951 0.00965173 0.0243796 0.0498846 0.0826918 0.11106 0.120876 0.106669 0.0764625 0.0448361 0.0221568 0.0104384 0.0065758 0.00689563 0.00913322 0.012257 0.0157761 0.0193177 0.0225031 0.0249736 0.026459 0.0268355 0.0261481 0.0245867 0.0224288 0.0199677 0.0174523 0.0150524 0.0128557 0.0108856 0.00912906 0.00756233
 1.02199e-16 3.09014e-05 0.000181362 0.000862102 0.00331913 0.0103504 0.0261442 0.0534949 0.0886747 0.119091 0.129603 0.114338 0.0818893 0.0478768 0.0233961 0.0105815 0.0060781 0.00592844 0.00770179 0.0103135 0.0132865 0.0162949 0.0190202 0.0211615 0.0224899 0.0228963 0.0224109 0.0211841 0.0194393 0.0174154 0.0153168 0.0132855 0.0113983 0.00968096 0.00813033 0.00673438
 1.01937e-16 3.08287e-05 0.000180933 0.000860063 0.00331127 0.0103259 0.0260823 0.0533683 0.0884654 0.118811 0.129301 0.11408 0.0817218 0.0478132 0.0234288 0.0107032 0.00629416 0.00625569 0.00815985 0.0109146 0.0140264 0.0171466 0.0199317 0.0220596 0.0232894 0.0235141 0.0227802 0.0212662 0.0192298 0.016943 0.014636 0.0124662 0.0105135 0.00879672 0.00729928 0.00599238
 1.01967e-16 3.01989e-05 0.000177235 0.00084248 0.00324357 0.0101147 0.0255491 0.0522773 0.0866572 0.116384 0.126663 0.111761 0.0800777 0.0468866 0.0230407 0.0106376 0.00640992 0.00649773 0.00852423 0.0114156 0.0146776 0.0179513 0.0208791 0.0231238 0.0244322 0.02469 0.0239427 0.0223731 0.0202479 0.0178497 0.0154192 0.0131227 0.011047 0.00921598 0.00761636 0.00622157
 1.02036e-16 3.02926e-05 0.000177786 0.000845097 0.00325364 0.0101462 0.0256285 0.0524397 0.0869262 0.116745 0.127054 0.112102 0.080315 0.0470105 0.0230738 0.0106062 0.00632826 0.00636658 0.0083378 0.0111684 0.0143695 0.0175906 0.0204836 0.0227197 0.0240511 0.0243634 0.0236971 0.0222255 0.0202032 0.017901 0.0155501 0.0133107 0.0112679 0.00944732 0.00783981 0.00642412
 1.02259e-16 2.89554e-05 0.000169933 0.00080776 0.00310988 0.00969784 0.0244961 0.0501229 0.0830868 0.111591 0.121453 0.107179 0.0768279 0.0450506 0.0222631 0.0104889 0.0066079 0.0069288 0.00917555 0.0123107 0.01584 0.0193869 0.0225693 0.025025 0.0264811 0.0268129 0.0260661 0.0244337 0.0221981 0.0196587 0.0170709 0.014611 0.0123717 0.0103795 0.00862245 0.00707557
 1.04808e-16 1.51421e-05 8.88178e-05 0.000422087 0.00162487 0.00506684 0.0127988 0.026191 0.0434257 0.0583532 0.0635886 0.0563009 0.0407632 0.0247211 0.0137412 0.00903046 0.00911089 0.0121689 0.0170442 0.0230913 0.0297915 0.0365436 0.0426573 0.0474604 0.050439 0.0513478 0.0502531 0.0474907 0.0435616 0.0390013 0.0342693 0.0296864 0.0254271 0.0215518 0.0180563 0.0149152
 1.07047e-16 2.24727e-05 0.000131879 0.000626861 0.00241339 0.00752588 0.0190098 0.0388972 0.0644787 0.0866002 0.0942567 0.0831854 0.059644 0.0350068 0.017366 0.00830686 0.00543216 0.00591228 0.00802837 0.0110339 0.0146093 0.018522 0.0225161 0.0263154 0.0296633 0.0323608 0.0342871 0.0353965 0.0356992 0.0352368 0.0340646 0.0322468 0.0298625 0.0270153 0.023838 0.0204874
 1.04904e-16 2.89867e-05 0.000170123 0.000808677 0.00311343 0.00970893 0.024524 0.0501796 0.0831791 0.11171 0.121569 0.107248 0.0768064 0.0448949 0.0219211 0.009887 0.00564739 0.00549541 0.00716111 0.00964341 0.0125175 0.0155046 0.0183341 0.0207467 0.0225397 0.0236067 0.0239518 0.0236719 0.0229172 0.0218427 0.0205712 0.0191761 0.0176865 0.0161062 0.0144366 0.0126941
pSPR Fmed_Fpbrs
0.446768   0.6 0.325
Fs Fmed_Fpbrs
0.64   0.348745 1.07393
SSBpbr Bo_Bmed_Bpbrs
2.12627e+06  843637  1.16945e+06 584725
Ro
56387.3
SPR SPRFo_SPRFmed_SPRFpbrs
1.16464e+06 520323 378507
log_Ro
10.76
likeval ReclasPelacesDesembMPH_pf_preclas_ppelaces_ptallas_desvR_qrecl_qpela
 65.2309 0.000246942 0.0254085 59.6071 337.056 216.981 55.5556 0 16.4368 5.72765e-05 5.63557e-06 2.11074e-16 0 0 0
q_reclas_q_pelaces
0.342174 1.40178
M
0.7
N
 57005.1 14716.6 5464.44 643.026 0.370327
 69520.1 26092.3 4646.51 1725.3 203.141
 41180.4 32433.8 9159.84 1631.18 676.991
 54960.1 18698.2 9793.21 2765.77 696.941
 85033.6 26816.1 8419.96 4409.97 1559.29
 61890.7 42063.1 13032.8 4092.14 2901.09
 108326 29444.2 16460.4 5100.05 2736.63
 106889 52292.9 12495.3 6985.3 3325.66
 146853 50252 19157.6 4577.67 3777.44
 127171 68742.6 17973.1 6851.89 2988.29
 64277.4 60448.9 26771.7 6999.6 3832.24
 40567.4 29114.1 18005.3 7974.2 3226.37
 39087.7 18454.6 8883.45 5493.87 3417.58
 26932.3 16801.9 4110.04 1978.44 1984.67
 20134.1 10105.3 1757.97 430.03 414.657
 19931.8 7824.84 1285.42 223.62 107.447
 15642.3 9091.21 2422.87 398.016 102.511
 20750.9 7293.42 3181.09 847.781 175.138
 24602.1 9870.9 2852.05 1243.95 400.008
 37935.9 11813.3 4066.93 1175.08 677.329
 57928.1 18220.3 4873.74 1677.86 764.235
 83595.4 28317.8 8291.5 2217.89 1111.32
 123264 40738.6 12666.4 3708.75 1489.14
 157635 59987.2 18082.8 5622.29 2307.21
 57211 76779.8 26753.8 8064.78 3536.49
 78905 27924.9 34647.5 12072.9 5235.16
 132271 38444.4 12475.6 15478.9 7732.42
pred_Ctot
 3223.79 3955.66 1468.78 172.839 0.09954
 3036.06 5609.77 998.987 370.935 43.6749
 2549.56 9406.12 2656.45 473.059 196.334
 690.449 1260.23 660.047 186.408 46.9727
 236.608 411.393 129.173 67.6546 23.9215
 1872.48 6500.6 2014.14 632.417 448.347
 2175.91 3107.37 1737.13 538.228 288.807
 4107.73 10036.7 2398.26 1340.71 638.304
 6077.54 10302.8 3927.74 938.526 774.46
 3923.71 10816.2 2827.96 1078.1 470.188
 4084.14 17912.4 7933.08 2074.15 1135.58
 2460.72 8300.49 5133.35 2273.46 919.845
 3809.15 7658.83 3686.71 2280 1418.33
 4811.03 10378.8 2538.84 1222.11 1225.97
 3192.35 5825.66 1013.47 247.911 239.049
 1173.92 2176.5 357.544 62.2005 29.8867
 689.395 1970.36 525.116 86.263 22.2175
 629.667 1130.2 492.948 131.374 27.1398
 585.754 1222.08 353.103 154.009 49.5235
 896.85 1452.93 500.193 144.523 83.3049
 650.049 1101.03 294.515 101.391 46.1818
 1121.68 2033.65 595.456 159.278 79.8099
 1774.33 3130.09 973.204 284.956 114.416
 2173.66 4422.64 1333.18 414.511 170.102
 703.377 5068.11 1765.97 532.343 233.438
 1070.91 2027.62 2515.74 876.607 380.123
 2573.23 3936.31 1277.37 1584.88 791.721
F
 0.0814999 0.452858 0.452858 0.452858 0.452858
 0.0624149 0.346812 0.346812 0.346812 0.346812
 0.0895359 0.497511 0.497511 0.497511 0.497511
 0.0176048 0.097822 0.097822 0.097822 0.097822
 0.00387575 0.0215358 0.0215358 0.0215358 0.0215358
 0.0428711 0.238216 0.238216 0.238216 0.238216
 0.0282813 0.157146 0.157146 0.157146 0.157146
 0.0547394 0.304162 0.304162 0.304162 0.304162
 0.0590606 0.328173 0.328173 0.328173 0.328173
 0.0437365 0.243024 0.243024 0.243024 0.243024
 0.0919875 0.511133 0.511133 0.511133 0.511133
 0.0876499 0.487031 0.487031 0.487031 0.487031
 0.144313 0.801882 0.801882 0.801882 0.801882
 0.28027 1.55733 1.55733 1.55733 1.55733
 0.24511 1.36197 1.36197 1.36197 1.36197
 0.0850079 0.472351 0.472351 0.472351 0.472351
 0.0630041 0.350086 0.350086 0.350086 0.350086
 0.0430001 0.238932 0.238932 0.238932 0.238932
 0.0336007 0.186704 0.186704 0.186704 0.186704
 0.0333601 0.185367 0.185367 0.185367 0.185367
 0.0157124 0.0873066 0.0873066 0.0873066 0.0873066
 0.0188133 0.104537 0.104537 0.104537 0.104537
 0.0201949 0.112214 0.112214 0.112214 0.112214
 0.0193383 0.107454 0.107454 0.107454 0.107454
 0.017226 0.0957169 0.0957169 0.0957169 0.0957169
 0.0190314 0.105749 0.105749 0.105749 0.105749
 0.0273797 0.152137 0.152137 0.152137 0.152137
Np
 47815.9 22300.2 22392.6 5745.01 2517.52
YTP_r0W_actual
 47624.1 179385 84623 134086 74331.7
YTP_p0W_proyectada
 17216.1 298209 111220 46091.9 90530
 17216.1 104055 151891 49766.1 24200.9
CTP_r0_actual
 5807.82 8304.85 2695 3343.79 1670.38
CTP_p0_proyectada
 2099.52 13806 3542.04 1149.42 2034.38
 2099.52 4817.35 4837.3 1241.05 543.841
Wmedp
 8.2 21.6 31.4 40.1 44.5
nmprior
 10.8 10.6 4.6 0
nm_flota  nm_reclas  nm_pelaces    nm_pelaL
inf 14.1388 17.5175 55.0631
cv_recla  cv_pelaces  cv_mph
0.699451 0.573808 0.619022
 ------------------------------------------------
Talla a la edad & desviaci?n 
 7.2 14.2025 17.0495 18.207 18.6776
 1.08 2.13037 2.55742 2.73105 2.80164
