years
 1997 1998 1999 2000 2001 2002 2003 2004 2005 2006 2007 2008 2009 2010 2011 2012 2013 2014 2015 2016 2017 2018 2019 2020 2021 2022 2023
reclasobs
 0 0 0 370054 412103 1.49427e+06 250295 1.28982e+06 931140 785840 897777 1.04006e+06 184774 17550 25797 100020 73551 82996 120727 218422 84188 347160 605670 569463 516374 1.08416e+06 1.01767e+06
reclaspred
 593675 146135 336944 197089 305659 362987 769833 569538 741551 876488 795312 554626 303339 109337 77082.6 79690.3 84081.7 106727 120141 149727 235203 256826 474915 600698 768358 656658 494660
pelacesobs
 0 0 0 0 0 0 0 0 0 2.06254e+06 1.5e+06 0 1.87456e+06 323000 250000 174000 83755 137374 0 501740 490994 745055 786931 1.00524e+06 1.33801e+06 1.41789e+06 0
pelacespred
 1.86223e+06 434617 518190 529587 749576 620474 1.78202e+06 1.43584e+06 1.83519e+06 2.16172e+06 1.60954e+06 1.15464e+06 628264 189699 141817 152597 162659 216612 240558 292636 562699 568497 834542 1.23997e+06 1.5015e+06 1.35126e+06 954073
mphobs
 0 0 0 0 0 0 112323 0 153150 637223 0 255016 313432 73983 77613 109348 50772 17779 17303 59886 28197 0 207744 136588 643089 65757 70829
mphpred
 207184 109290 113440 91052.5 97375.6 160010 213210 288890 277622 361564 385777 265606 154135 103586 50854.5 46463.7 43595.8 53115.3 30710.6 32339.4 49468.1 69996.3 94403.6 142035 183609 161371 127223
desembarqueobs
 350755 77701 442110 56441 14545 235359 269955 359681 431902 328805 639364 411747 362871 311530 167758 66681 60226 58785 57116 73181 50977 67692 138656 160484 209506 203330 245020
desembarquepred
 350754 77693.6 442019 56444.4 14545.4 235493 270034 359551 431787 328774 639223 411701 362936 311309 167481 66671.6 60257 58777.3 57087.9 73177.7 50976.1 67672.6 138654 160490 209539 203340 244988
Reclutas
 33429 41174.9 16875.7 22245.7 41052.6 26992.7 64421.7 64491 106094 112794 63698.9 45590.3 43134.8 29140 15787 11669.3 7891.81 10026.4 11004.5 14209.4 24044.9 33720.6 48333.6 64436.9 21984 31282 42868.4
log_desv_Rt
 0.0771799 0.285585 -0.606371 -0.330098 0.282608 -0.136677 0.733206 0.734281 1.23208 1.29332 0.721922 0.38745 0.332086 -0.0601314 -0.673061 -0.975285 -1.36642 -1.12702 -1.03394 -0.778342 -0.252321 0.0858655 0.445883 0.733442 -0.341931 0.0107981 0.325891
SSB
 423028 223148 231623 185911 198821 326708 420484 580925 550149 721018 787681 542316 328491 148347 76721.4 69409.7 68887.5 78975.9 98347.3 110788 157016 215715 300316 428617 613396 560020 413519
BT
 1.43802e+06 346941 538182 334855 414038 481423 1.26854e+06 1.1856e+06 1.49375e+06 1.48943e+06 1.40352e+06 975003 704805 398367 223933 137495 138214 167886 171494 216154 355348 342625 519785 776323 862446 823587 698468
Ftot
 1.12237 1.08824 2.04156 0.519019 0.0957157 0.990064 0.710079 1.2538 1.30179 0.757622 1.29689 1.16275 1.99959 4.72242 4.41414 1.60354 1.3281 1.04639 0.842126 0.892097 0.433741 0.467995 0.495111 0.483888 0.410309 0.446707 0.798041
BD_Bspro_t
 0.901598 0.614799 0.514939 0.301338 0.435403 0.613195 0.531816 0.57514 0.524041 0.542129 0.528423 0.368588 0.263674 0.155311 0.0986715 0.108011 0.145228 0.216592 0.307356 0.390002 0.505755 0.647803 0.682043 0.691088 0.706441 0.623847 0.547508
BD_Bspro
 0.661843 0.349124 0.362382 0.290865 0.311064 0.511147 0.657863 0.908878 0.860729 1.12806 1.23236 0.848473 0.513937 0.232094 0.120034 0.108594 0.107777 0.123561 0.153868 0.173332 0.245657 0.337495 0.469856 0.670587 0.959681 0.876173 0.646966
BD_Bo
 0.622194 0.328209 0.340673 0.27344 0.292429 0.480525 0.618452 0.85443 0.809165 1.06048 1.15853 0.797644 0.483148 0.21819 0.112843 0.102089 0.10132 0.116159 0.14465 0.162949 0.23094 0.317276 0.441709 0.630414 0.902189 0.823684 0.608208
BD_Brms
 1.13126 0.596743 0.619406 0.497164 0.531689 0.873682 1.12446 1.55351 1.47121 1.92815 2.10642 1.45026 0.878452 0.396709 0.205169 0.185615 0.184219 0.211198 0.263001 0.29627 0.419892 0.576866 0.803107 1.14621 1.64034 1.49761 1.10583
S_f
 0.0828753 0.631936 0.970257 0.998389 0.999915
 0.0828753 0.631936 0.970257 0.998389 0.999915
 0.0828753 0.631936 0.970257 0.998389 0.999915
 0.0828753 0.631936 0.970257 0.998389 0.999915
 0.0828753 0.631936 0.970257 0.998389 0.999915
 0.0828753 0.631936 0.970257 0.998389 0.999915
 0.0828753 0.631936 0.970257 0.998389 0.999915
 0.0828753 0.631936 0.970257 0.998389 0.999915
 0.0828753 0.631936 0.970257 0.998389 0.999915
 0.0828753 0.631936 0.970257 0.998389 0.999915
 0.0828753 0.631936 0.970257 0.998389 0.999915
 0.0828753 0.631936 0.970257 0.998389 0.999915
 0.0828753 0.631936 0.970257 0.998389 0.999915
 0.0828753 0.631936 0.970257 0.998389 0.999915
 0.0828753 0.631936 0.970257 0.998389 0.999915
 0.0828753 0.631936 0.970257 0.998389 0.999915
 0.0828753 0.631936 0.970257 0.998389 0.999915
 0.0828753 0.631936 0.970257 0.998389 0.999915
 0.0828753 0.631936 0.970257 0.998389 0.999915
 0.0828753 0.631936 0.970257 0.998389 0.999915
 0.0828753 0.631936 0.970257 0.998389 0.999915
 0.0828753 0.631936 0.970257 0.998389 0.999915
 0.0828753 0.631936 0.970257 0.998389 0.999915
 0.0828753 0.631936 0.970257 0.998389 0.999915
 0.0828753 0.631936 0.970257 0.998389 0.999915
 0.0828753 0.631936 0.970257 0.998389 0.999915
 0.0828753 0.631936 0.970257 0.998389 0.999915
Scru_reclas
 0.415988 0.781883 0.94748 0.989106 0.997816
 0.415988 0.781883 0.94748 0.989106 0.997816
 0.415988 0.781883 0.94748 0.989106 0.997816
 0.415988 0.781883 0.94748 0.989106 0.997816
 0.415988 0.781883 0.94748 0.989106 0.997816
 0.415988 0.781883 0.94748 0.989106 0.997816
 0.415988 0.781883 0.94748 0.989106 0.997816
 0.415988 0.781883 0.94748 0.989106 0.997816
 0.415988 0.781883 0.94748 0.989106 0.997816
 0.415988 0.781883 0.94748 0.989106 0.997816
 0.415988 0.781883 0.94748 0.989106 0.997816
 0.415988 0.781883 0.94748 0.989106 0.997816
 0.415988 0.781883 0.94748 0.989106 0.997816
 0.415988 0.781883 0.94748 0.989106 0.997816
 0.415988 0.781883 0.94748 0.989106 0.997816
 0.415988 0.781883 0.94748 0.989106 0.997816
 0.415988 0.781883 0.94748 0.989106 0.997816
 0.415988 0.781883 0.94748 0.989106 0.997816
 0.415988 0.781883 0.94748 0.989106 0.997816
 0.415988 0.781883 0.94748 0.989106 0.997816
 0.415988 0.781883 0.94748 0.989106 0.997816
 0.415988 0.781883 0.94748 0.989106 0.997816
 0.415988 0.781883 0.94748 0.989106 0.997816
 0.415988 0.781883 0.94748 0.989106 0.997816
 0.415988 0.781883 0.94748 0.989106 0.997816
 0.415988 0.781883 0.94748 0.989106 0.997816
 0.415988 0.781883 0.94748 0.989106 0.997816
Scru_pelaces
 0.61197 1 1 1 1
 0.61197 1 1 1 1
 0.61197 1 1 1 1
 0.61197 1 1 1 1
 0.61197 1 1 1 1
 0.61197 1 1 1 1
 0.61197 1 1 1 1
 0.61197 1 1 1 1
 0.61197 1 1 1 1
 0.61197 1 1 1 1
 0.61197 1 1 1 1
 0.61197 1 1 1 1
 0.61197 1 1 1 1
 0.61197 1 1 1 1
 0.61197 1 1 1 1
 0.61197 1 1 1 1
 0.61197 1 1 1 1
 0.61197 1 1 1 1
 0.61197 1 1 1 1
 0.61197 1 1 1 1
 0.61197 1 1 1 1
 0.61197 1 1 1 1
 0.61197 1 1 1 1
 0.61197 1 1 1 1
 0.61197 1 1 1 1
 0.61197 1 1 1 1
 0.61197 1 1 1 1
pf_obs 
 0.256992 0.487395 0.22802 0.0275931 0
 0.321318 0.546541 0.124235 0.00734118 0.000564706
 0.182869 0.594174 0.210203 0.0122559 0.00049798
 0.330522 0.361315 0.267642 0.0388342 0.00168674
 0.649043 0.306663 0.0425973 0.00169635 0
 0.582887 0.30429 0.105238 0.00758474 0
 0.465427 0.430635 0.0974691 0.00646863 0
 0.296916 0.608066 0.0921331 0.00288517 0
 0.311714 0.524322 0.152257 0.0117073 0
 0.15457 0.633149 0.183074 0.0267441 0.00246327
 0.131901 0.49318 0.331252 0.0422183 0.00144891
 0.196976 0.569456 0.194076 0.0375587 0.00193317
 0.518974 0.381816 0.0799577 0.0180837 0.00116848
 0.0928022 0.601141 0.25162 0.0475244 0.00691264
 0.122501 0.610282 0.24278 0.0234846 0.000952079
 0.383417 0.481906 0.127806 0.00687128 0
 0.0376549 0.599619 0.316969 0.0457579 0
 0.0361596 0.667082 0.258105 0.0386534 0
 0.158088 0.579412 0.248529 0.0139706 0
 0.0477256 0.309471 0.559284 0.082774 0.000745712
 0.0406174 0.521527 0.379366 0.0568643 0.0016247
 0.151134 0.462217 0.34131 0.0453401 0
 0.294876 0.26143 0.354403 0.0886775 0.000613685
 0.281977 0.475581 0.204845 0.0348837 0.00271318
 0.0841818 0.532909 0.334909 0.0458182 0.00218182
 0.115287 0.27431 0.454777 0.147771 0.00785563
 0 0 0 0 0
pf_pred 
 0.265338 0.498765 0.210434 0.0254504 1.29696e-05
 0.261994 0.574041 0.131619 0.0290014 0.00334501
 0.124291 0.681293 0.16934 0.0203162 0.00475958
 0.228027 0.48966 0.252525 0.0261695 0.00361893
 0.259259 0.497935 0.180311 0.0561107 0.00638428
 0.132517 0.60458 0.199885 0.047148 0.0158695
 0.315664 0.391414 0.237676 0.0424584 0.0127873
 0.229792 0.619454 0.105762 0.036782 0.00821056
 0.323785 0.5028 0.154674 0.0133468 0.00539432
 0.234427 0.629293 0.116266 0.0179489 0.00206396
 0.130953 0.617861 0.223878 0.0234366 0.00387168
 0.142327 0.52083 0.280133 0.0508249 0.00588555
 0.214506 0.510095 0.207081 0.0572803 0.0110374
 0.285522 0.589517 0.102442 0.0172144 0.00530418
 0.307846 0.657134 0.0337212 0.00109015 0.000208593
 0.271574 0.680331 0.0475734 0.000504805 1.70834e-05
 0.178535 0.651661 0.164417 0.00533127 5.51721e-05
 0.244023 0.514077 0.214184 0.0268799 0.00083581
 0.222721 0.580735 0.157316 0.0349149 0.00431327
 0.239505 0.534092 0.190699 0.0288177 0.00688648
 0.276953 0.519585 0.164976 0.032636 0.00585026
 0.236665 0.552151 0.170586 0.033133 0.0074646
 0.231672 0.524086 0.198461 0.0372302 0.00855097
 0.218929 0.53264 0.194157 0.044396 0.00987885
 0.0641057 0.62037 0.246436 0.0544125 0.0146759
 0.121961 0.282346 0.454595 0.111028 0.0300698
 0.197953 0.43863 0.159923 0.156583 0.046911
pobs_RECLAS
 0 0 0 0 0
 0 0 0 0 0
 0 0 0 0 0
 0 0 0 0 0
 0.835266 0.146461 0.0176864 0.000547809 3.91292e-05
 0.385257 0.428462 0.181853 0.0044286 0
 0.867414 0.0963971 0.0333333 0.00285562 0
 0.441836 0.489002 0.0689373 0.000224442 0
 0.779404 0.147425 0.0564933 0.0165055 0.000172143
 0.814271 0.122319 0.05973 0.00367925 0
 0.40263 0.566651 0.0304383 0.000280538 0
 0.475488 0.404961 0.113038 0.00651328 0
 0.955842 0.0263864 0.0167828 0.000988607 0
 0.975058 0.0227948 0.00214734 0 0
 0.738997 0.206755 0.0527124 0.00153531 0
 0.850938 0.134255 0.0134407 0.00136685 0
 0.542534 0.407297 0.0501686 0 0
 0.764087 0.199537 0.0359546 0.000420521 0
 0.470689 0.182191 0.310203 0.0369168 0
 0.84361 0.089868 0.0606195 0.00523954 0.000663233
 0.607945 0.314616 0.071237 0.00620181 0
 0.523733 0.453247 0.0230204 0 0
 0.530135 0.295979 0.169645 0.0042399 0
 0.562478 0.366248 0.0663022 0.0049721 0
 0.250443 0.683176 0.0655157 0.000865301 0
 0.195077 0.31981 0.436473 0.0351445 0.0134964
 0.565238 0.351407 0.0832357 0.000118908 0
ppred_RECLAS
 0.627171 0.274951 0.0872183 0.0106534 5.46712e-06
 0.616285 0.315634 0.0545326 0.0121381 0.00140984
 0.412417 0.489989 0.0849618 0.0102216 0.00241055
 0.571112 0.296095 0.118606 0.0124519 0.00173432
 0.604643 0.285343 0.0813823 0.0256884 0.00294403
 0.411858 0.441986 0.110789 0.0264134 0.00895325
 0.681318 0.201988 0.0944374 0.0170766 0.00517975
 0.575896 0.358829 0.0456518 0.0160212 0.00360123
 0.689925 0.246791 0.0563788 0.00490757 0.00199726
 0.572467 0.366461 0.0520061 0.00812495 0.000940953
 0.413921 0.450022 0.121136 0.0127927 0.00212802
 0.441571 0.375843 0.15158 0.0277681 0.00323809
 0.583672 0.302005 0.0858726 0.0238286 0.00462208
 0.738628 0.236488 0.0204966 0.00334979 0.00103726
 0.737269 0.255633 0.00683977 0.000215903 4.15251e-05
 0.627791 0.35405 0.0179611 0.000191831 6.53621e-06
 0.499672 0.419321 0.0784164 0.00256449 2.67236e-05
 0.598972 0.295755 0.0930981 0.0118055 0.000369668
 0.561998 0.347778 0.0720391 0.0161735 0.00201222
 0.588721 0.31066 0.0845818 0.0129262 0.00311084
 0.627378 0.285308 0.0706041 0.0141539 0.00255549
 0.576965 0.325779 0.0783394 0.0154176 0.00349846
 0.572914 0.313268 0.0922328 0.0175299 0.0040552
 0.554778 0.32642 0.0925531 0.0214425 0.00480564
 0.233481 0.548276 0.169898 0.038018 0.010328
 0.402278 0.225614 0.282972 0.070033 0.0191037
 0.536323 0.282757 0.0790189 0.0782816 0.0236195
pobs_PELACES
 0 0 0 0 0
 0 0 0 0 0
 0 0 0 0 0
 0 0 0 0 0
 0 0 0 0 0
 0 0 0 0 0
 0 0 0 0 0
 0 0 0 0 0
 0 0 0 0 0
 0 0 0 0 0
 0.450072 0.473896 0.0757376 0.000293798 0
 0 0 0 0 0
 0.463077 0.371075 0.160297 0.00555027 0
 0.529543 0.364841 0.0842815 0.0213345 0
 0.631943 0.363953 0.00410389 0 0
 0.735681 0.248677 0.0153453 0.000297389 0
 0.695825 0.281241 0.0229344 0 0
 0.275771 0.60734 0.115278 0.00161068 0
 0 0 0 0 0
 0.896147 0.0623911 0.0374545 0.00400742 0
 0.803859 0.145111 0.0509908 3.86294e-05 0
 0.739449 0.233085 0.0266225 0.000797448 4.60066e-05
 0.878498 0.100942 0.0204185 0.000141795 0
 0.694673 0.275183 0.0284847 0.00165964 0
 0.469039 0.446079 0.0841089 0.000773354 0
 0.822795 0.102175 0.0682046 0.00682512 0
 0 0 0 0 0
ppred_PELACES
 0.718834 0.223557 0.0516286 0.00597824 3.03942e-06
 0.702939 0.256977 0.0324469 0.00684867 0.000788098
 0.553664 0.395051 0.0450063 0.0050894 0.00118852
 0.643982 0.264211 0.08242 0.00824887 0.00113859
 0.654149 0.263767 0.0614208 0.0185551 0.00210785
 0.508174 0.396254 0.0733883 0.016607 0.00557729
 0.754447 0.170976 0.0609392 0.0104862 0.00315183
 0.672491 0.290253 0.0264926 0.0088031 0.00196024
 0.775006 0.190372 0.0310343 0.00255665 0.00103073
 0.646832 0.313805 0.0337694 0.00501836 0.000575885
 0.52422 0.391729 0.0752859 0.00752491 0.00124001
 0.552934 0.331429 0.096877 0.0168176 0.00194287
 0.719338 0.225236 0.0422763 0.0110308 0.00211885
 0.889465 0.105224 0.00444203 0.000665588 0.000203815
 0.879227 0.119111 0.00160664 4.66301e-05 8.87044e-06
 0.724828 0.265772 0.00930248 9.37663e-05 3.16443e-06
 0.605241 0.347128 0.0461876 0.0014292 1.47533e-05
 0.690896 0.245361 0.0567087 0.00682184 0.000211638
 0.644767 0.297791 0.0463359 0.00988745 0.00121889
 0.673883 0.263009 0.0534906 0.00776609 0.00185185
 0.688411 0.2516 0.0489516 0.00936252 0.00167528
 0.642904 0.289936 0.0546057 0.0102498 0.00230497
 0.642363 0.279161 0.0641785 0.011631 0.00266644
 0.624802 0.292773 0.0649014 0.0143389 0.00318477
 0.287053 0.544039 0.132891 0.0283773 0.00764013
 0.493766 0.222033 0.218629 0.0516172 0.0139542
 0.631833 0.25061 0.0528681 0.0498004 0.0148889
pobs_pel_tallas
 0 0 0 0 0 0 0 0 0 0 0 0 0 0 0 0 0 0 0 0 0 0 0 0 0 0 0 0 0 0 0 0 0 0 0 0
 0 0 0 0 0 0 0 0 0 0 0 0 0 0 0 0 0 0 0 0 0 0 0 0 0 0 0 0 0 0 0 0 0 0 0 0
 0 0 0 0 0 0 0 0 0 0 0 0 0 0 0 0 0 0 0 0 0 0 0 0 0 0 0 0 0 0 0 0 0 0 0 0
 0 0 0 0 0 0 0 0 0 0 0 0 0 0 0 0 0 0 0 0 0 0 0 0 0 0 0 0 0 0 0 0 0 0 0 0
 0 0 0 0 0 0 0 0 0 0 0 0 0 0 0 0 0 0 0 0 0 0 0 0 0 0 0 0 0 0 0 0 0 0 0 0
 0 0 0 0 0 0 0 0 0 0 0 0 0 0 0 0 0 0 0 0 0 0 0 0 0 0 0 0 0 0 0 0 0 0 0 0
 0 0 0 0 0 0 0 0 0 0 0 0 0 0 0 0 0 0 0 0 0 0 0 0 0 0 0 0 0 0 0 0 0 0 0 0
 0 0 0 0 0 0 0 0 0 0 0 0 0 0 0 0 0 0 0 0 0 0 0 0 0 0 0 0 0 0 0 0 0 0 0 0
 0 0 0 0 0 0 0 0 0 0 0 0 0 0 0 0 0 0 0 0 0 0 0 0 0 0 0 0 0 0 0 0 0 0 0 0
 0 0 0 0 0 0 0 0 0 0 0 0 0 0 0 0 0 0 0 0 0 0 0 0 0 0 0 0 0 0 0 0 0 0 0 0
 0 0 0 0 0 0 0 0 1.78061e-05 0.00172719 0.00360574 0.0105946 0.0120993 0.0124554 0.0147524 0.0171206 0.0266825 0.0428682 0.0675386 0.121331 0.153587 0.119568 0.100827 0.0573624 0.0630603 0.0341343 0.0324427 0.0444173 0.0211091 0.0280891 0.0125444 0.00206551 0 0 0 0
 0 0 0 0 0 0 0 0 0 0 0 0 0 0 0 0 0 0 0 0 0 0 0 0 0 0 0 0 0 0 0 0 0 0 0 0
 0 0 0 0 0 0 0.0133647 0.0140871 0.0187388 0.0205184 0.03894 0.0496705 0.03968 0.0493445 0.0407372 0.0367815 0.0215668 0.0243155 0.0234873 0.0199281 0.019796 0.0243948 0.0301388 0.0376714 0.0412746 0.0863199 0.0771752 0.113111 0.0741005 0.0525337 0.0229764 0.00759418 0.00175318 0 0 0
 0 0 0 0 0 0 0 0 0 0 0.00219441 0.00772107 0.0458388 0.0604681 0.0671733 0.0775358 0.0609151 0.0617685 0.073594 0.0568108 0.0755445 0.0548602 0.0670107 0.0636378 0.0643287 0.046367 0.0373049 0.0286899 0.0247887 0.0153202 0.00654259 0.00121912 0.000365735 0 0 0
 0 0 0 0 0 0 0 0 0 0 0 0 0.000112435 0.00938835 0.0111873 0.0202946 0.0414886 0.0713402 0.111592 0.104902 0.108894 0.110636 0.117776 0.105296 0.107544 0.0401394 0.0192827 0.0124803 0.00416011 0.0028671 0.000618394 0 0 0 0 0
 0 0 0 0 0 0 0 0 0 0 0.00291406 0.0102884 0.027416 0.0768956 0.0749926 0.110853 0.0956884 0.0897413 0.0766577 0.0534642 0.0500743 0.0551293 0.0594112 0.0620874 0.0668451 0.0424026 0.0208742 0.0120726 0.0048766 0.00582813 0.00118941 0.000297354 0 0 0 0
 0 0.00264628 0.0354308 0.0461629 0.0458689 0.0383711 0.0214643 0.0164657 0.0346957 0.0420465 0.0363128 0.0245516 0.0311673 0.0291091 0.0169068 0.0133784 0.00837989 0.0085269 0.0148486 0.0160247 0.0276389 0.0546898 0.0760071 0.122758 0.109233 0.0665981 0.0333725 0.0166128 0.00676272 0.00308733 0.000882094 0 0 0 0 0
 0 0 0 0 0 0 0 0.000805153 0.000690131 0.00759144 0.0133425 0.0154129 0.00931677 0.000345066 0.00356568 0.00563607 0.00851162 0.0253048 0.0502646 0.0516448 0.0657925 0.0565908 0.0611916 0.0827007 0.0866115 0.110766 0.145733 0.0935128 0.0569358 0.0249597 0.0138026 0.00621118 0.00161031 0.00115022 0 0
 0 0 0 0 0 0 0 0 0 0 0 0 0 0 0 0 0 0 0 0 0 0 0 0 0 0 0 0 0 0 0 0 0 0 0 0
 0.00147267 0.00158595 0.00478618 0.00569244 0.00954404 0.0108468 0.00647125 0.017049 0.0510054 0.094081 0.124002 0.0959785 0.0687766 0.0820023 0.061753 0.0591476 0.0492212 0.0479892 0.0443925 0.0268479 0.0217502 0.0140895 0.0121071 0.0120363 0.00920419 0.00665534 0.0049561 0.00860946 0.00930331 0.0156896 0.0114698 0.00855282 0.00243557 0.00046729 0 2.83206e-05
 0 0 0 0 0.000772559 0.00158375 0.000888443 0.00281984 0.00712685 0.0440552 0.0773331 0.111326 0.0921469 0.0852325 0.0710754 0.0886704 0.0786465 0.0553345 0.0373146 0.0185414 0.00753245 0.00457741 0.012979 0.0271748 0.0457355 0.0583668 0.034881 0.0177882 0.00938659 0.00492506 0.0015258 0.00185414 0.000309023 5.79419e-05 3.86279e-05 0
 0 0.00173294 0.00326652 0 0.00397197 0.00683976 0.00946217 0.0152591 0.00757587 0.0136028 0.0228656 0.0392903 0.0559909 0.0764795 0.0681675 0.0726916 0.0566044 0.0477403 0.0527397 0.0444891 0.0609904 0.0582453 0.0661739 0.0445044 0.0529084 0.0360697 0.0280645 0.0235558 0.0158879 0.00826598 0.00280645 0.00217768 0.000904811 0.00058276 9.20147e-05 0
 0 0 0 0 0 0 0 0 0 0 0 0 0 0 0 0 0 0 0 0 0 0 0 0 0 0 0 0 0 0 0 0 0 0 0 0
 0 0 0 0 0 0 0 0 0 0 0 0 0 0 0 0 0 0 0 0 0 0 0 0 0 0 0 0 0 0 0 0 0 0 0 0
 0 0 0 0 0 0 0 0 0 0 0 0 0 0 0 0 0 0 0 0 0 0 0 0 0 0 0 0 0 0 0 0 0 0 0 0
 0 0 0 0 0 0 0 0 0 0 0 0 0 0 0 0 0 0 0 0 0 0 0 0 0 0 0 0 0 0 0 0 0 0 0 0
 0 0 0 0 0 0 0 0 0 0 0 0 0 0 0 0 0 0 0 0 0 0 0 0 0 0 0 0 0 0 0 0 0 0 0 0
ppred_pel_tallas
 1.01012e-16 3.13663e-05 0.000184088 0.000875059 0.003369 0.0105059 0.0265371 0.054299 0.0900083 0.120884 0.131559 0.116077 0.0831626 0.0486768 0.0238899 0.0109764 0.00653766 0.00655826 0.00856321 0.0114312 0.0146444 0.0178274 0.0206096 0.0226451 0.0236796 0.0236068 0.0224907 0.0205412 0.0180568 0.015352 0.0126951 0.0102712 0.00817501 0.00642714 0.00500128 0.00385061
 1.00817e-16 3.06746e-05 0.000180024 0.00085573 0.00329457 0.0102738 0.0259509 0.0530996 0.0880213 0.118219 0.128667 0.113546 0.0813933 0.0477305 0.023591 0.0111163 0.00699633 0.00731209 0.00963884 0.0128588 0.0164254 0.0199162 0.0229066 0.0250039 0.0259258 0.0255668 0.0240214 0.0215547 0.0185323 0.0153339 0.0122779 0.00957763 0.00733243 0.00554852 0.00417303 0.00312817
 1.00999e-16 2.41711e-05 0.00014183 0.000674125 0.00259529 0.00809308 0.0204428 0.0418308 0.0693471 0.0931553 0.101435 0.0896236 0.0644843 0.0382965 0.019824 0.0108387 0.008817 0.0107293 0.014667 0.0196682 0.0251239 0.0304379 0.0349666 0.0381076 0.0394294 0.0387735 0.0362913 0.0323975 0.0276625 0.0226778 0.0179393 0.0137782 0.0103485 0.00765699 0.00561751 0.00410347
 1.01593e-16 2.81042e-05 0.000164933 0.000783982 0.00301832 0.00941229 0.0237748 0.0486474 0.0806421 0.108311 0.117892 0.104057 0.0746352 0.0438559 0.021842 0.0105734 0.00703749 0.00766209 0.0102377 0.0137405 0.017655 0.0215631 0.0250317 0.0276495 0.029108 0.0292684 0.0281885 0.0260963 0.0233244 0.0202282 0.0171143 0.014199 0.0116 0.00935487 0.00745056 0.00585164
 1.01694e-16 2.85474e-05 0.000167535 0.000796355 0.00306596 0.00956086 0.0241501 0.0494152 0.0819146 0.110019 0.11975 0.105693 0.0758007 0.044524 0.0221433 0.010666 0.00702767 0.00759571 0.0101224 0.0135667 0.0174065 0.0212224 0.0245835 0.0270836 0.0284224 0.0284724 0.0273035 0.0251557 0.022371 0.0193094 0.0162765 0.0134814 0.0110297 0.00894385 0.00719504 0.00573437
 1.02003e-16 2.21876e-05 0.000130185 0.000618762 0.00238213 0.00742834 0.0187637 0.0383953 0.0636529 0.0855097 0.0931188 0.0822976 0.0592607 0.0352899 0.0184442 0.0103689 0.00876763 0.0108771 0.0149547 0.0201132 0.0257726 0.0313476 0.0361975 0.0397158 0.0414591 0.041249 0.0392094 0.0357229 0.0313263 0.0265809 0.0219601 0.0177844 0.0142097 0.0112578 0.00886747 0.00694339
 1.01429e-16 3.29171e-05 0.000193198 0.000918376 0.0035358 0.0110261 0.027851 0.0569868 0.0944619 0.12686 0.138048 0.121767 0.0871627 0.0508643 0.0246773 0.0108577 0.00581326 0.00531413 0.00676626 0.00902442 0.0116085 0.0142153 0.01656 0.0183751 0.0194581 0.0197136 0.0191703 0.0179651 0.0163016 0.0143984 0.0124451 0.0105758 0.00886591 0.0073427 0.00600481 0.00483907
 1.00865e-16 2.93482e-05 0.000172234 0.00081869 0.00315194 0.009829 0.0248274 0.0508012 0.0842127 0.113107 0.123114 0.10867 0.0779525 0.0458214 0.0228493 0.0111037 0.00743628 0.00810955 0.0108026 0.0144258 0.0184136 0.0223005 0.0256096 0.0278992 0.0288548 0.0283628 0.0265376 0.0236864 0.0202296 0.0166014 0.0131639 0.0101567 0.00768768 0.00575667 0.00429557 0.00320817
 1.00639e-16 3.38143e-05 0.000198464 0.000943407 0.00363217 0.0113266 0.0286101 0.0585401 0.097037 0.130319 0.141815 0.125095 0.0895574 0.0522862 0.0254118 0.011254 0.00612365 0.00567243 0.00722669 0.00959376 0.0122571 0.0148777 0.0171361 0.0187392 0.0194754 0.0192626 0.0181662 0.0163774 0.0141627 0.0118003 0.00952495 0.00749554 0.00578894 0.00441436 0.00333797 0.00250731
 1.00782e-16 2.82303e-05 0.000165669 0.000787473 0.00303174 0.00945415 0.0238806 0.0488642 0.0810027 0.108799 0.118433 0.104559 0.0750463 0.0442004 0.0222029 0.0110581 0.00775297 0.00870335 0.0116775 0.0156127 0.0199334 0.024144 0.0277293 0.0302107 0.0312459 0.0307102 0.028725 0.0256213 0.0218533 0.0178916 0.0141304 0.0108328 0.00811998 0.00599628 0.00439169 0.00320433
 1.01513e-16 2.28871e-05 0.000134293 0.000638289 0.00245732 0.00766281 0.0193559 0.039607 0.0656612 0.0882059 0.0960508 0.0848788 0.0610973 0.0363395 0.0189117 0.0105032 0.00873667 0.0107551 0.014759 0.019838 0.0254069 0.0308823 0.035628 0.0390422 0.0406853 0.0403812 0.0382547 0.0346881 0.0302191 0.0254107 0.0207405 0.0165342 0.0129534 0.0100243 0.00768743 0.005846
 1.02152e-16 2.41368e-05 0.000141634 0.000673206 0.00259178 0.00808212 0.020415 0.0417735 0.0692505 0.0930206 0.101275 0.089451 0.064292 0.0380464 0.0194467 0.0102417 0.00789295 0.00936868 0.0127776 0.0172021 0.0221086 0.0269997 0.0313382 0.0346108 0.0364328 0.036633 0.0352865 0.032681 0.0292347 0.025392 0.0215347 0.0179296 0.0147194 0.0119457 0.00958786 0.00759886
 1.01152e-16 3.13883e-05 0.000184218 0.000875673 0.00337137 0.0105133 0.0265558 0.0543371 0.0900715 0.120969 0.131652 0.116159 0.0832224 0.0487137 0.0239114 0.0109915 0.00655295 0.006577 0.00858584 0.0114558 0.0146665 0.0178403 0.0206051 0.0226147 0.0236166 0.0235089 0.0223611 0.0203898 0.0178991 0.0152072 0.0125825 0.0102069 0.00816922 0.00648238 0.00511248 0.00400639
 1.0013e-16 3.88017e-05 0.000227752 0.00108267 0.00416838 0.0129988 0.0328337 0.0671813 0.111357 0.14954 0.162704 0.143456 0.102558 0.0595855 0.0284158 0.0116587 0.00502806 0.00349576 0.00398752 0.00517721 0.00657167 0.00793305 0.00907532 0.009837 0.0101058 0.0098442 0.00909881 0.00798725 0.0066685 0.00530595 0.00403532 0.0029457 0.0020759 0.00142312 0.000957902 0.000639455
 1.00064e-16 3.83559e-05 0.000225133 0.00107021 0.00412043 0.0128492 0.032456 0.0664086 0.110077 0.147822 0.160838 0.141819 0.101406 0.0589525 0.028182 0.0116805 0.00521691 0.00382456 0.00446359 0.00581552 0.00737775 0.00889366 0.0101548 0.0109792 0.0112411 0.0109002 0.0100123 0.00871417 0.00718925 0.00562563 0.00417906 0.00295114 0.00198511 0.00127579 0.000786867 0.000468715
 1.00223e-16 3.16293e-05 0.000185629 0.000882374 0.00339715 0.0105937 0.0267589 0.054753 0.090762 0.121899 0.132673 0.117079 0.0839226 0.0492065 0.0243063 0.0114276 0.00715338 0.00743735 0.00977262 0.0129989 0.0165447 0.0199679 0.0228272 0.0247191 0.0253612 0.0246604 0.0227364 0.0198893 0.0165237 0.0130552 0.00982915 0.00707203 0.00488222 0.00325183 0.00210465 0.00133504
 1.00819e-16 2.64181e-05 0.000155027 0.000736872 0.0028369 0.00884654 0.0223459 0.0457243 0.0757993 0.101815 0.110844 0.0978891 0.0703269 0.0415566 0.0211266 0.0109366 0.0081915 0.00955477 0.01294 0.0173318 0.0221431 0.0268376 0.0308472 0.0336404 0.0348356 0.0342902 0.0321331 0.0287251 0.0245646 0.0201698 0.015977 0.0122799 0.0092179 0.00680215 0.0049619 0.00359029
 1.0113e-16 3.0149e-05 0.00017694 0.000841069 0.00323812 0.0100978 0.0255062 0.0521898 0.086513 0.116192 0.126461 0.111597 0.0799911 0.0468983 0.0231622 0.0108867 0.00681919 0.00711028 0.00938247 0.0125463 0.016077 0.019573 0.0226294 0.024867 0.0260066 0.0259316 0.024712 0.0225779 0.0198564 0.0168926 0.0139804 0.0113226 0.00902292 0.00710394 0.00553685 0.00427043
 1.01152e-16 2.81397e-05 0.000165138 0.000784953 0.00302205 0.00942391 0.0238042 0.0487078 0.080743 0.108449 0.118049 0.104212 0.0747816 0.0440125 0.0220499 0.0108867 0.0075155 0.0083625 0.011207 0.0150007 0.0191879 0.0232987 0.0268452 0.0293714 0.0305472 0.0302445 0.0285652 0.0258073 0.0223854 0.0187318 0.0152103 0.0120658 0.00941572 0.00727229 0.00558194 0.00426333
 1.01199e-16 2.94079e-05 0.000172587 0.000820372 0.00315843 0.00984922 0.0248785 0.0509055 0.0843848 0.113336 0.123358 0.108871 0.0780667 0.0458284 0.0227421 0.0108703 0.00705023 0.0075339 0.0100019 0.0133811 0.0171373 0.0208463 0.0240757 0.0264205 0.0275843 0.0274466 0.0260875 0.0237592 0.0208175 0.0176356 0.0145298 0.0117162 0.0093025 0.00730739 0.00569379 0.00440084
 1.01177e-16 3.00409e-05 0.000176304 0.000838047 0.00322649 0.0100615 0.0254146 0.0520023 0.0862024 0.115776 0.126009 0.111201 0.0797156 0.0467526 0.0231194 0.0109149 0.00690049 0.00724157 0.00956801 0.01279 0.0163769 0.0199186 0.0230008 0.0252364 0.0263428 0.0262056 0.0249025 0.0226758 0.0198663 0.0168311 0.0138722 0.0111953 0.0089017 0.00700785 0.00547673 0.00424901
 1.0133e-16 2.80581e-05 0.00016466 0.000782682 0.0030133 0.00939665 0.0237353 0.0485668 0.0805091 0.108134 0.117706 0.103905 0.0745543 0.0438644 0.0219495 0.0107946 0.00739945 0.0082003 0.0109851 0.014714 0.0188418 0.0229113 0.0264478 0.029006 0.030261 0.0300822 0.0285606 0.0259772 0.0227264 0.0192212 0.0158105 0.0127314 0.0101 0.00793413 0.00618937 0.00479561
 1.01527e-16 2.80341e-05 0.00016452 0.000782018 0.00301075 0.0093887 0.0237152 0.0485256 0.0804406 0.108041 0.117602 0.103809 0.0744738 0.0437946 0.0218731 0.0106894 0.00724292 0.00797193 0.0106689 0.0143021 0.0183396 0.0223407 0.0258489 0.0284339 0.0297783 0.029749 0.0284237 0.0260614 0.0230303 0.0197183 0.016455 0.0134666 0.0108679 0.00868291 0.00687899 0.00539988
 1.01659e-16 2.72689e-05 0.000160027 0.000760653 0.00292848 0.00913214 0.0230672 0.0471998 0.0782435 0.105092 0.114397 0.100992 0.0724798 0.0426757 0.021414 0.0106302 0.00741534 0.00831178 0.0111731 0.0149877 0.0192191 0.0234107 0.0270849 0.0297912 0.0311979 0.0311661 0.0297786 0.0273076 0.0241397 0.0206813 0.0172769 0.0141623 0.0114559 0.00918081 0.00730119 0.005757
 1.03396e-16 1.25518e-05 7.36008e-05 0.000349722 0.00134621 0.00419782 0.0106039 0.0217008 0.0359862 0.0483727 0.0527559 0.0468123 0.0341161 0.0211342 0.0125454 0.00942847 0.0106352 0.0147137 0.0206988 0.027972 0.0359278 0.0438117 0.0507541 0.055919 0.0586855 0.058788 0.0563691 0.0519223 0.046153 0.0398051 0.0335115 0.027707 0.0226142 0.0182828 0.0146567 0.0116365
 1.05602e-16 2.15526e-05 0.000126473 0.000601146 0.00231436 0.00721705 0.0182298 0.0373016 0.0618355 0.0830555 0.0904127 0.0798263 0.0573083 0.0337825 0.0170306 0.00859855 0.00621185 0.00717298 0.00983139 0.0134422 0.017639 0.0221117 0.0265127 0.0304804 0.033699 0.0359524 0.0371505 0.0373209 0.0365748 0.035062 0.0329347 0.0303297 0.0273682 0.0241664 0.0208451 0.0175322
 1.0324e-16 2.75737e-05 0.00016182 0.000769188 0.00296136 0.00923468 0.0233262 0.0477293 0.0791199 0.106266 0.115664 0.102086 0.0732106 0.0429976 0.0213752 0.0102825 0.00676077 0.00730386 0.00974617 0.0130908 0.0168454 0.0206194 0.0240116 0.0266426 0.0282299 0.0286486 0.0279548 0.0263574 0.0241553 0.0216587 0.0191246 0.0167206 0.0145234 0.0125412 0.0107469 0.00910679
pSPR Fmed_Fpbrs
0.532664   0.6 0.325
Fs Fmed_Fpbrs
0.64   0.477211 1.69376
SSBpbr Bo_Bmed_Bpbrs
679897  328162  373943 186972
Ro
30946
SPR SPRFo_SPRFmed_SPRFpbrs
639166 340461 207729
log_Ro
10.16
likeval ReclasPelacesDesembMPH_pf_preclas_ppelaces_ptallas_desvR_qrecl_qpela
 67.2046 0.000145878 0.0233998 45.5846 333.144 209.239 56.7161 0 18.0038 2.85248e-06 0.000102681 4.24636e-14 0 0 0
q_reclas_q_pelaces
1.2704 4.22763
M
0.7
N
 33429 10610.8 3358.36 399.201 0.203248
 41174.9 15125.9 2592.46 561.282 64.6776
 16875.7 18683.5 3776.18 447.866 104.86
 22245.7 7075.79 2553.6 258.689 35.7303
 41052.6 10581.8 2531.19 766.379 87.0712
 26992.7 20225 4946.33 1145.48 385.18
 64421.7 12348.3 5372.34 939.911 282.762
 64491 30162.6 3914.91 1339.51 298.75
 106094 28864.6 6782.05 575.959 232.586
 112794 47296.7 6296.34 952.38 109.396
 63698.9 52603.1 14551.2 1499.12 247.442
 45590.3 28408.4 11510.1 2053.1 237.537
 43134.8 20559.7 6765.96 1849.76 356.213
 29140 18149 2885.56 482.772 148.72
 15787 9783.93 455.822 14.6658 2.80551
 11669.3 5437.72 298.581 3.12443 0.105658
 7891.81 5073.67 980.222 31.2867 0.323509
 10026.4 3510.5 1088.49 134.179 4.16824
 11004.5 4565.39 899.878 195.835 24.1676
 14209.4 5096.27 1331.54 197.39 47.1215
 24044.9 6553.31 1440.17 278.252 49.8162
 33720.6 11518.8 2474.09 469.503 105.644
 48333.6 16108.1 4255.6 780.202 178.976
 64436.9 23036.9 5850.03 1307.15 290.506
 21984 30740.6 8425.89 1816.57 489.336
 31282 10551.9 11778.7 2810.06 760.099
 42868.4 14969.6 3951.2 3791.93 1134.82
pred_Ctot
 2146.86 4035.53 1702.63 205.92 0.104938
 2567.06 5624.54 1289.63 284.161 32.7749
 1907.62 10456.5 2599.03 311.812 73.0499
 675.235 1449.99 747.779 77.4935 10.7164
 233.375 448.222 162.309 50.5087 5.74688
 1536.48 7009.88 2317.6 546.664 184.001
 2656.77 3294.32 2000.39 357.349 107.624
 4604.89 12413.5 2119.4 737.089 164.535
 7851.9 12193.1 3750.9 323.665 130.814
 4954.56 13299.9 2457.26 379.346 43.6212
 4697.36 22163.1 8030.65 840.688 138.88
 3028.8 11083.6 5961.39 1081.58 125.248
 4782.82 11373.5 4617.26 1277.17 246.1
 6941.2 14331.5 2490.42 418.491 128.948
 3552.17 7582.55 389.102 12.579 2.40692
 1052.37 2636.35 184.352 1.95617 0.0661999
 595.306 2172.89 548.231 17.7765 0.183965
 601.97 1268.16 528.361 66.3088 2.06182
 535.653 1396.69 378.351 83.9717 10.3736
 731.376 1630.96 582.337 88.0008 21.0292
 611.826 1147.83 364.454 72.0972 12.924
 924.633 2157.22 666.467 129.448 29.1636
 1400.74 3168.74 1199.94 225.102 51.701
 1825.83 4442.13 1619.24 370.255 82.388
 529.616 5125.26 2035.95 449.534 121.247
 819.381 1896.92 3054.16 745.932 202.021
 1980.59 4388.65 1600.09 1566.67 469.362
F
 0.0930165 0.709264 1.08898 1.12056 1.12227
 0.090188 0.687696 1.05587 1.08648 1.08814
 0.169195 1.29014 1.98084 2.03827 2.04139
 0.0430139 0.327987 0.503582 0.518183 0.518975
 0.00793247 0.0604863 0.0928689 0.0955615 0.0957076
 0.0820519 0.625658 0.960617 0.98847 0.98998
 0.0588481 0.448725 0.688959 0.708935 0.710019
 0.103909 0.792323 1.21651 1.25178 1.25369
 0.107886 0.822648 1.26307 1.29969 1.30168
 0.0627882 0.478769 0.735088 0.756402 0.757558
 0.10748 0.819554 1.25832 1.2948 1.29678
 0.0963631 0.734782 1.12816 1.16087 1.16265
 0.165716 1.26361 1.94011 1.99637 1.99942
 0.391372 2.98427 4.58196 4.71481 4.72201
 0.365823 2.78946 4.28285 4.40703 4.41376
 0.132894 1.01334 1.55585 1.60096 1.60341
 0.110067 0.839278 1.2886 1.32597 1.32799
 0.0867201 0.661254 1.01527 1.04471 1.0463
 0.0697915 0.53217 0.817079 0.84077 0.842055
 0.0739329 0.563749 0.865564 0.89066 0.892021
 0.0359464 0.274097 0.42084 0.433042 0.433704
 0.0387852 0.295743 0.454075 0.467241 0.467955
 0.0410325 0.312879 0.480385 0.494314 0.495069
 0.0401024 0.305786 0.469495 0.483108 0.483847
 0.0340045 0.259289 0.398105 0.409648 0.410274
 0.037021 0.28229 0.43342 0.445987 0.446669
 0.0661379 0.504311 0.774305 0.796756 0.797973
Np
 21152.3 10096.6 7318.69 1403.11 364.907
YTP_r0W_actual
 9825.36 61597.5 33956 42590.8 14162.3
YTP_p0W_proyectada
 4848.07 81990.1 38580.8 10160.2 12961.9
 4848.07 41545.9 62895.6 15759.7 4553.95
CTP_r0_actual
 1198.21 2851.74 1081.4 1062.11 318.255
CTP_p0_proyectada
 591.228 3795.84 1228.69 253.371 291.278
 591.228 1923.42 2003.04 393.01 102.336
Wmedp
 8.2 21.6 31.4 40.1 44.5
nmprior
 10.8 10.6 4.6 0
nm_flota  nm_reclas  nm_pelaces    nm_pelaL
inf 23.1286 12.2157 33.242
cv_recla  cv_pelaces  cv_mph
0.709954 0.441026 0.541335
 ------------------------------------------------
Talla a la edad & desviaci?n 
 7.2 14.2025 17.0495 18.207 18.6776
 1.08 2.13037 2.55742 2.73105 2.80164
