years
 1997 1998 1999 2000 2001 2002 2003 2004 2005 2006 2007 2008 2009 2010 2011 2012 2013 2014 2015 2016 2017 2018 2019 2020 2021 2022 2023
reclasobs
 0 0 0 370054 412103 1.49427e+06 250295 1.28982e+06 931140 785840 897777 1.04006e+06 184774 17550 25797 100020 73551 82996 120727 218422 84188 347160 605670 569463 516374 1.08416e+06 1.01767e+06
reclaspred
 1.10396e+06 218463 443748 179273 282128 340229 688978 562639 717723 980711 972433 681994 375182 140840 87426.6 92456 93623.9 109119 120921 132890 200731 230232 433772 569205 796745 639264 306394
pelacesobs
 0 0 0 0 0 0 0 0 0 2.06254e+06 1.5e+06 0 1.87456e+06 323000 250000 174000 83755 137374 0 501740 490994 745055 786931 1.00524e+06 1.33801e+06 1.41789e+06 0
pelacespred
 2.41021e+06 655522 487963 413202 672106 506182 1.65949e+06 1.3319e+06 1.72543e+06 2.36474e+06 1.8335e+06 1.31337e+06 757937 233853 154850 168153 167453 205685 222263 230185 455658 468642 688594 1.08322e+06 1.39811e+06 1.11417e+06 433882
mphobs
 0 0 0 0 0 0 112323 0 153150 637223 0 255016 313432 73983 77613 109348 50772 17779 17303 59886 28197 0 207744 136588 643089 65757 70829
mphpred
 332348 148852 141564 77295.7 73070.2 146579 177528 279156 267527 369543 432631 290497 171849 121023 54474.8 46261.3 40668.1 45695.4 35130.2 33534 47299 69761.5 93906.7 144249 200285 155320 105758
desembarqueobs
 350755 77701 442110 56441 14545 235359 269955 359681 431902 328805 639364 411747 362871 311530 167758 66681 60226 58785 57116 73181 50977 67692 138656 160484 209506 203330 245020
desembarquepred
 350734 77670.6 441689 56430.5 14544.5 235328 269950 359229 431506 328639 638679 411341 362496 310722 167384 66637.2 60223.3 58740 57047.4 73134.5 50961.7 67639.4 138605 160430 209455 203220 244795
Reclutas
 24195.1 42583.7 8179.28 12301.6 36699.5 17851.2 60976.4 55950.5 93867.1 114127 61903 47801 50536.1 28504.1 14688.2 10687.3 6778.55 8483.91 8980.56 9673.49 17821.2 25043.7 35864 54652 14260.5 25690.5 10170.5
log_desv_Rt
 -0.00609405 0.559227 -1.09064 -0.682515 0.410519 -0.310175 0.918242 0.832223 1.34964 1.54506 0.933324 0.674802 0.730443 0.157805 -0.505203 -0.823188 -1.27848 -1.05407 -0.997182 -0.922856 -0.311853 0.0283758 0.38749 0.808741 -0.534754 0.0538774 -0.872752
SSB
 516532 231344 220017 120132 113565 227811 264453 426009 401040 559492 672391 451488 280101 147938 70901.5 59776.1 56192.4 59256.1 70747.1 73777.9 94252.5 134206 187714 270669 422474 346280 220764
BT
 1.2889e+06 360204 416029 211758 298486 351266 1.05388e+06 956301 1.2396e+06 1.3159e+06 1.26812e+06 890565 694039 394341 213142 123422 117559 135953 131811 150593 240932 229288 352111 558832 599866 559046 350935
Ftot
 0.806134 1.01959 2.13768 0.81223 0.172426 1.60688 1.31993 1.87761 1.97744 1.04237 1.63272 1.50259 2.54192 4.95303 4.95303 1.96348 1.72173 1.51784 1.26252 1.46619 0.777732 0.810418 0.845137 0.807967 0.632687 0.768643 1.75534
BD_Bspro_t
 0.920071 0.621216 0.503804 0.22146 0.314813 0.528194 0.42184 0.495492 0.439403 0.47441 0.48208 0.321923 0.229848 0.151586 0.0889839 0.0914957 0.117919 0.168304 0.238576 0.294657 0.378298 0.529454 0.568556 0.581835 0.618155 0.498538 0.382324
BD_Bspro
 1.02734 0.460124 0.437597 0.238933 0.225872 0.453097 0.525975 0.847297 0.797635 1.11278 1.33733 0.897972 0.557097 0.294237 0.141017 0.11889 0.111762 0.117855 0.14071 0.146738 0.18746 0.266926 0.373347 0.538338 0.840266 0.688722 0.439082
BD_Bo
 1.00915 0.45198 0.429851 0.234704 0.221874 0.445077 0.516665 0.8323 0.783517 1.09309 1.31366 0.882077 0.547236 0.289029 0.138521 0.116785 0.109784 0.115769 0.13822 0.144141 0.184142 0.262201 0.366738 0.528809 0.825393 0.676531 0.43131
BD_Brms
 1.83483 0.821782 0.781547 0.426734 0.403406 0.809232 0.93939 1.51327 1.42458 1.98743 2.38847 1.60378 0.994975 0.525507 0.251857 0.212337 0.199607 0.21049 0.251308 0.262074 0.334804 0.476729 0.666797 0.961471 1.50071 1.23006 0.7842
S_f
 0.080416 0.624742 0.969414 0.998345 0.999913
 0.080416 0.624742 0.969414 0.998345 0.999913
 0.080416 0.624742 0.969414 0.998345 0.999913
 0.080416 0.624742 0.969414 0.998345 0.999913
 0.080416 0.624742 0.969414 0.998345 0.999913
 0.080416 0.624742 0.969414 0.998345 0.999913
 0.080416 0.624742 0.969414 0.998345 0.999913
 0.080416 0.624742 0.969414 0.998345 0.999913
 0.080416 0.624742 0.969414 0.998345 0.999913
 0.080416 0.624742 0.969414 0.998345 0.999913
 0.080416 0.624742 0.969414 0.998345 0.999913
 0.080416 0.624742 0.969414 0.998345 0.999913
 0.080416 0.624742 0.969414 0.998345 0.999913
 0.080416 0.624742 0.969414 0.998345 0.999913
 0.080416 0.624742 0.969414 0.998345 0.999913
 0.080416 0.624742 0.969414 0.998345 0.999913
 0.080416 0.624742 0.969414 0.998345 0.999913
 0.080416 0.624742 0.969414 0.998345 0.999913
 0.080416 0.624742 0.969414 0.998345 0.999913
 0.080416 0.624742 0.969414 0.998345 0.999913
 0.080416 0.624742 0.969414 0.998345 0.999913
 0.080416 0.624742 0.969414 0.998345 0.999913
 0.080416 0.624742 0.969414 0.998345 0.999913
 0.080416 0.624742 0.969414 0.998345 0.999913
 0.080416 0.624742 0.969414 0.998345 0.999913
 0.080416 0.624742 0.969414 0.998345 0.999913
 0.080416 0.624742 0.969414 0.998345 0.999913
Scru_reclas
 0.24274 0.617328 0.890335 0.97611 0.99516
 0.24274 0.617328 0.890335 0.97611 0.99516
 0.24274 0.617328 0.890335 0.97611 0.99516
 0.24274 0.617328 0.890335 0.97611 0.99516
 0.24274 0.617328 0.890335 0.97611 0.99516
 0.24274 0.617328 0.890335 0.97611 0.99516
 0.24274 0.617328 0.890335 0.97611 0.99516
 0.24274 0.617328 0.890335 0.97611 0.99516
 0.24274 0.617328 0.890335 0.97611 0.99516
 0.24274 0.617328 0.890335 0.97611 0.99516
 0.24274 0.617328 0.890335 0.97611 0.99516
 0.24274 0.617328 0.890335 0.97611 0.99516
 0.24274 0.617328 0.890335 0.97611 0.99516
 0.24274 0.617328 0.890335 0.97611 0.99516
 0.24274 0.617328 0.890335 0.97611 0.99516
 0.24274 0.617328 0.890335 0.97611 0.99516
 0.24274 0.617328 0.890335 0.97611 0.99516
 0.24274 0.617328 0.890335 0.97611 0.99516
 0.24274 0.617328 0.890335 0.97611 0.99516
 0.24274 0.617328 0.890335 0.97611 0.99516
 0.24274 0.617328 0.890335 0.97611 0.99516
 0.24274 0.617328 0.890335 0.97611 0.99516
 0.24274 0.617328 0.890335 0.97611 0.99516
 0.24274 0.617328 0.890335 0.97611 0.99516
 0.24274 0.617328 0.890335 0.97611 0.99516
 0.24274 0.617328 0.890335 0.97611 0.99516
 0.24274 0.617328 0.890335 0.97611 0.99516
Scru_pelaces
 0.460344 0.954278 0.998046 0.99992 0.999997
 0.460344 0.954278 0.998046 0.99992 0.999997
 0.460344 0.954278 0.998046 0.99992 0.999997
 0.460344 0.954278 0.998046 0.99992 0.999997
 0.460344 0.954278 0.998046 0.99992 0.999997
 0.460344 0.954278 0.998046 0.99992 0.999997
 0.460344 0.954278 0.998046 0.99992 0.999997
 0.460344 0.954278 0.998046 0.99992 0.999997
 0.460344 0.954278 0.998046 0.99992 0.999997
 0.460344 0.954278 0.998046 0.99992 0.999997
 0.460344 0.954278 0.998046 0.99992 0.999997
 0.460344 0.954278 0.998046 0.99992 0.999997
 0.460344 0.954278 0.998046 0.99992 0.999997
 0.460344 0.954278 0.998046 0.99992 0.999997
 0.460344 0.954278 0.998046 0.99992 0.999997
 0.460344 0.954278 0.998046 0.99992 0.999997
 0.460344 0.954278 0.998046 0.99992 0.999997
 0.460344 0.954278 0.998046 0.99992 0.999997
 0.460344 0.954278 0.998046 0.99992 0.999997
 0.460344 0.954278 0.998046 0.99992 0.999997
 0.460344 0.954278 0.998046 0.99992 0.999997
 0.460344 0.954278 0.998046 0.99992 0.999997
 0.460344 0.954278 0.998046 0.99992 0.999997
 0.460344 0.954278 0.998046 0.99992 0.999997
 0.460344 0.954278 0.998046 0.99992 0.999997
 0.460344 0.954278 0.998046 0.99992 0.999997
 0.460344 0.954278 0.998046 0.99992 0.999997
pf_obs 
 0.256992 0.487395 0.22802 0.0275931 0
 0.321318 0.546541 0.124235 0.00734118 0.000564706
 0.182869 0.594174 0.210203 0.0122559 0.00049798
 0.330522 0.361315 0.267642 0.0388342 0.00168674
 0.649043 0.306663 0.0425973 0.00169635 0
 0.582887 0.30429 0.105238 0.00758474 0
 0.465427 0.430635 0.0974691 0.00646863 0
 0.296916 0.608066 0.0921331 0.00288517 0
 0.311714 0.524322 0.152257 0.0117073 0
 0.15457 0.633149 0.183074 0.0267441 0.00246327
 0.131901 0.49318 0.331252 0.0422183 0.00144891
 0.196976 0.569456 0.194076 0.0375587 0.00193317
 0.518974 0.381816 0.0799577 0.0180837 0.00116848
 0.0928022 0.601141 0.25162 0.0475244 0.00691264
 0.122501 0.610282 0.24278 0.0234846 0.000952079
 0.383417 0.481906 0.127806 0.00687128 0
 0.0376549 0.599619 0.316969 0.0457579 0
 0.0361596 0.667082 0.258105 0.0386534 0
 0.158088 0.579412 0.248529 0.0139706 0
 0.0477256 0.309471 0.559284 0.082774 0.000745712
 0.0406174 0.521527 0.379366 0.0568643 0.0016247
 0.151134 0.462217 0.34131 0.0453401 0
 0.294876 0.26143 0.354403 0.0886775 0.000613685
 0.281977 0.475581 0.204845 0.0348837 0.00271318
 0.0841818 0.532909 0.334909 0.0458182 0.00218182
 0.115287 0.27431 0.454777 0.147771 0.00785563
 0 0 0 0 0
pf_pred 
 0.147679 0.573652 0.247135 0.0315249 8.97274e-06
 0.26857 0.438625 0.230909 0.0551542 0.00674215
 0.0632228 0.74877 0.139648 0.0385169 0.00984236
 0.206884 0.371271 0.384178 0.0284931 0.00917331
 0.373756 0.434564 0.117441 0.0678659 0.0063731
 0.128084 0.707675 0.128776 0.021995 0.0134707
 0.455636 0.338004 0.186851 0.0154954 0.00401425
 0.263571 0.668768 0.0521888 0.0140804 0.00139232
 0.384862 0.501365 0.10917 0.00360309 0.000999298
 0.292677 0.626743 0.0736697 0.00664807 0.000261531
 0.146282 0.672463 0.169887 0.0104357 0.000932937
 0.17408 0.549763 0.246257 0.0281288 0.00177119
 0.274925 0.530499 0.157926 0.0328832 0.00376702
 0.272488 0.644879 0.0733664 0.00763623 0.00163047
 0.307795 0.656798 0.034676 0.000659029 7.17374e-05
 0.287314 0.675642 0.0367123 0.000326387 5.93401e-06
 0.187892 0.674357 0.134696 0.00302982 2.56133e-05
 0.274697 0.529838 0.179306 0.015823 0.000337129
 0.249304 0.608083 0.121761 0.0192176 0.00163442
 0.246326 0.578651 0.1569 0.0155902 0.00253293
 0.330677 0.515174 0.134901 0.0173541 0.00189347
 0.271068 0.581026 0.126805 0.0185627 0.00253842
 0.264219 0.550162 0.162771 0.0197067 0.00314077
 0.275325 0.541565 0.154553 0.0251755 0.00338206
 0.0590563 0.707017 0.197104 0.0312853 0.00553742
 0.158835 0.271131 0.479045 0.0771392 0.0138496
 0.0974987 0.61326 0.133809 0.131501 0.0239311
pobs_RECLAS
 0 0 0 0 0
 0 0 0 0 0
 0 0 0 0 0
 0 0 0 0 0
 0.835266 0.146461 0.0176864 0.000547809 3.91292e-05
 0.385257 0.428462 0.181853 0.0044286 0
 0.867414 0.0963971 0.0333333 0.00285562 0
 0.441836 0.489002 0.0689373 0.000224442 0
 0.779404 0.147425 0.0564933 0.0165055 0.000172143
 0.814271 0.122319 0.05973 0.00367925 0
 0.40263 0.566651 0.0304383 0.000280538 0
 0.475488 0.404961 0.113038 0.00651328 0
 0.955842 0.0263864 0.0167828 0.000988607 0
 0.975058 0.0227948 0.00214734 0 0
 0.738997 0.206755 0.0527124 0.00153531 0
 0.850938 0.134255 0.0134407 0.00136685 0
 0.542534 0.407297 0.0501686 0 0
 0.764087 0.199537 0.0359546 0.000420521 0
 0.470689 0.182191 0.310203 0.0369168 0
 0.84361 0.089868 0.0606195 0.00523954 0.000663233
 0.607945 0.314616 0.071237 0.00620181 0
 0.523733 0.453247 0.0230204 0 0
 0.530135 0.295979 0.169645 0.0042399 0
 0.562478 0.366248 0.0663022 0.0049721 0
 0.250443 0.683176 0.0655157 0.000865301 0
 0.195077 0.31981 0.436473 0.0351445 0.0134964
 0.565238 0.351407 0.0832357 0.000118908 0
ppred_RECLAS
 0.361165 0.443284 0.172222 0.023322 6.75591e-06
 0.550513 0.280513 0.131521 0.0333096 0.00414389
 0.196635 0.665701 0.100837 0.0292299 0.00759772
 0.464922 0.263537 0.245844 0.0193557 0.00634224
 0.650702 0.24621 0.0615912 0.0378765 0.00362055
 0.334974 0.553886 0.0859725 0.0155053 0.009662
 0.741618 0.168237 0.0811467 0.0071213 0.00187729
 0.553755 0.411164 0.0267223 0.00759531 0.000764076
 0.690231 0.260825 0.046857 0.00162776 0.000459254
 0.573447 0.38258 0.0399936 0.00382627 0.000153185
 0.371878 0.510571 0.109784 0.00711941 0.000647571
 0.422442 0.402518 0.155116 0.0187244 0.00119967
 0.594301 0.31498 0.0729641 0.0159022 0.00185265
 0.662969 0.314296 0.0201427 0.00213052 0.000461882
 0.694234 0.296751 0.00882569 0.000170456 1.88393e-05
 0.583455 0.398487 0.017888 0.000167411 3.09632e-06
 0.444835 0.473391 0.0798627 0.00189508 1.62995e-05
 0.566126 0.329069 0.0956887 0.00892268 0.000193437
 0.52517 0.393301 0.0690018 0.0115295 0.000997825
 0.527054 0.374585 0.0876339 0.00920476 0.00152171
 0.614498 0.302972 0.0716553 0.00978712 0.00108683
 0.545277 0.369211 0.0726501 0.0112899 0.0015713
 0.538403 0.353442 0.0941008 0.012092 0.00196138
 0.55163 0.342811 0.0882186 0.015255 0.00208576
 0.167247 0.638557 0.161962 0.0273137 0.00492055
 0.387911 0.209659 0.334738 0.0572328 0.0104582
 0.27614 0.513579 0.0943669 0.0978054 0.0181086
pobs_PELACES
 0 0 0 0 0
 0 0 0 0 0
 0 0 0 0 0
 0 0 0 0 0
 0 0 0 0 0
 0 0 0 0 0
 0 0 0 0 0
 0 0 0 0 0
 0 0 0 0 0
 0 0 0 0 0
 0.450072 0.473896 0.0757376 0.000293798 0
 0 0 0 0 0
 0.463077 0.371075 0.160297 0.00555027 0
 0.529543 0.364841 0.0842815 0.0213345 0
 0.631943 0.363953 0.00410389 0 0
 0.735681 0.248677 0.0153453 0.000297389 0
 0.695825 0.281241 0.0229344 0 0
 0.275771 0.60734 0.115278 0.00161068 0
 0 0 0 0 0
 0.896147 0.0623911 0.0374545 0.00400742 0
 0.803859 0.145111 0.0509908 3.86294e-05 0
 0.739449 0.233085 0.0266225 0.000797448 4.60066e-05
 0.878498 0.100942 0.0204185 0.000141795 0
 0.694673 0.275183 0.0284847 0.00165964 0
 0.469039 0.446079 0.0841089 0.000773354 0
 0.822795 0.102175 0.0682046 0.00682512 0
 0 0 0 0 0
ppred_PELACES
 0.472723 0.409177 0.105181 0.0129164 3.66873e-06
 0.676835 0.23407 0.0708698 0.0162435 0.00198119
 0.323179 0.607458 0.0523236 0.0135804 0.00345882
 0.599219 0.239277 0.147582 0.0105363 0.00338514
 0.722104 0.215918 0.0384081 0.0215491 0.00202038
 0.469633 0.474275 0.0444664 0.00721705 0.00440783
 0.837405 0.122159 0.0367715 0.00291203 0.000752505
 0.688228 0.297284 0.0113167 0.00288719 0.000284632
 0.806917 0.174236 0.0181268 0.000564684 0.000156122
 0.673834 0.303866 0.0204597 0.00177105 6.95149e-05
 0.512926 0.428111 0.0554404 0.00323467 0.000288368
 0.571835 0.339067 0.0798676 0.00868485 0.000545402
 0.760148 0.208014 0.0261694 0.00508712 0.000580598
 0.859547 0.136439 0.00360986 0.000332806 7.05932e-05
 0.873429 0.125008 0.00153485 2.58381e-05 2.79409e-06
 0.713511 0.279158 0.00726852 6.10093e-05 1.10575e-06
 0.58751 0.374058 0.0376229 0.00080254 6.76495e-06
 0.699191 0.252219 0.044752 0.00375857 7.98665e-05
 0.645588 0.314127 0.0346191 0.00522274 0.000443098
 0.659573 0.293627 0.0421628 0.0039908 0.000646678
 0.708273 0.24753 0.0388591 0.00481443 0.000524224
 0.645503 0.308 0.0400791 0.00564781 0.000770736
 0.644649 0.29636 0.051974 0.00605418 0.000962873
 0.655324 0.28711 0.0488744 0.00766397 0.00102745
 0.230471 0.640202 0.109576 0.0167853 0.00296524
 0.53611 0.205726 0.218248 0.033851 0.0060653
 0.423815 0.468742 0.0511536 0.0476442 0.00864525
pobs_pel_tallas
 0 0 0 0 0 0 0 0 0 0 0 0 0 0 0 0 0 0 0 0 0 0 0 0 0 0 0 0 0 0 0 0 0 0 0 0
 0 0 0 0 0 0 0 0 0 0 0 0 0 0 0 0 0 0 0 0 0 0 0 0 0 0 0 0 0 0 0 0 0 0 0 0
 0 0 0 0 0 0 0 0 0 0 0 0 0 0 0 0 0 0 0 0 0 0 0 0 0 0 0 0 0 0 0 0 0 0 0 0
 0 0 0 0 0 0 0 0 0 0 0 0 0 0 0 0 0 0 0 0 0 0 0 0 0 0 0 0 0 0 0 0 0 0 0 0
 0 0 0 0 0 0 0 0 0 0 0 0 0 0 0 0 0 0 0 0 0 0 0 0 0 0 0 0 0 0 0 0 0 0 0 0
 0 0 0 0 0 0 0 0 0 0 0 0 0 0 0 0 0 0 0 0 0 0 0 0 0 0 0 0 0 0 0 0 0 0 0 0
 0 0 0 0 0 0 0 0 0 0 0 0 0 0 0 0 0 0 0 0 0 0 0 0 0 0 0 0 0 0 0 0 0 0 0 0
 0 0 0 0 0 0 0 0 0 0 0 0 0 0 0 0 0 0 0 0 0 0 0 0 0 0 0 0 0 0 0 0 0 0 0 0
 0 0 0 0 0 0 0 0 0 0 0 0 0 0 0 0 0 0 0 0 0 0 0 0 0 0 0 0 0 0 0 0 0 0 0 0
 0 0 0 0 0 0 0 0 0 0 0 0 0 0 0 0 0 0 0 0 0 0 0 0 0 0 0 0 0 0 0 0 0 0 0 0
 0 0 0 0 0 0 0 0 1.78061e-05 0.00172719 0.00360574 0.0105946 0.0120993 0.0124554 0.0147524 0.0171206 0.0266825 0.0428682 0.0675386 0.121331 0.153587 0.119568 0.100827 0.0573624 0.0630603 0.0341343 0.0324427 0.0444173 0.0211091 0.0280891 0.0125444 0.00206551 0 0 0 0
 0 0 0 0 0 0 0 0 0 0 0 0 0 0 0 0 0 0 0 0 0 0 0 0 0 0 0 0 0 0 0 0 0 0 0 0
 0 0 0 0 0 0 0.0133647 0.0140871 0.0187388 0.0205184 0.03894 0.0496705 0.03968 0.0493445 0.0407372 0.0367815 0.0215668 0.0243155 0.0234873 0.0199281 0.019796 0.0243948 0.0301388 0.0376714 0.0412746 0.0863199 0.0771752 0.113111 0.0741005 0.0525337 0.0229764 0.00759418 0.00175318 0 0 0
 0 0 0 0 0 0 0 0 0 0 0.00219441 0.00772107 0.0458388 0.0604681 0.0671733 0.0775358 0.0609151 0.0617685 0.073594 0.0568108 0.0755445 0.0548602 0.0670107 0.0636378 0.0643287 0.046367 0.0373049 0.0286899 0.0247887 0.0153202 0.00654259 0.00121912 0.000365735 0 0 0
 0 0 0 0 0 0 0 0 0 0 0 0 0.000112435 0.00938835 0.0111873 0.0202946 0.0414886 0.0713402 0.111592 0.104902 0.108894 0.110636 0.117776 0.105296 0.107544 0.0401394 0.0192827 0.0124803 0.00416011 0.0028671 0.000618394 0 0 0 0 0
 0 0 0 0 0 0 0 0 0 0 0.00291406 0.0102884 0.027416 0.0768956 0.0749926 0.110853 0.0956884 0.0897413 0.0766577 0.0534642 0.0500743 0.0551293 0.0594112 0.0620874 0.0668451 0.0424026 0.0208742 0.0120726 0.0048766 0.00582813 0.00118941 0.000297354 0 0 0 0
 0 0.00264628 0.0354308 0.0461629 0.0458689 0.0383711 0.0214643 0.0164657 0.0346957 0.0420465 0.0363128 0.0245516 0.0311673 0.0291091 0.0169068 0.0133784 0.00837989 0.0085269 0.0148486 0.0160247 0.0276389 0.0546898 0.0760071 0.122758 0.109233 0.0665981 0.0333725 0.0166128 0.00676272 0.00308733 0.000882094 0 0 0 0 0
 0 0 0 0 0 0 0 0.000805153 0.000690131 0.00759144 0.0133425 0.0154129 0.00931677 0.000345066 0.00356568 0.00563607 0.00851162 0.0253048 0.0502646 0.0516448 0.0657925 0.0565908 0.0611916 0.0827007 0.0866115 0.110766 0.145733 0.0935128 0.0569358 0.0249597 0.0138026 0.00621118 0.00161031 0.00115022 0 0
 0 0 0 0 0 0 0 0 0 0 0 0 0 0 0 0 0 0 0 0 0 0 0 0 0 0 0 0 0 0 0 0 0 0 0 0
 0.00147267 0.00158595 0.00478618 0.00569244 0.00954404 0.0108468 0.00647125 0.017049 0.0510054 0.094081 0.124002 0.0959785 0.0687766 0.0820023 0.061753 0.0591476 0.0492212 0.0479892 0.0443925 0.0268479 0.0217502 0.0140895 0.0121071 0.0120363 0.00920419 0.00665534 0.0049561 0.00860946 0.00930331 0.0156896 0.0114698 0.00855282 0.00243557 0.00046729 0 2.83206e-05
 0 0 0 0 0.000772559 0.00158375 0.000888443 0.00281984 0.00712685 0.0440552 0.0773331 0.111326 0.0921469 0.0852325 0.0710754 0.0886704 0.0786465 0.0553345 0.0373146 0.0185414 0.00753245 0.00457741 0.012979 0.0271748 0.0457355 0.0583668 0.034881 0.0177882 0.00938659 0.00492506 0.0015258 0.00185414 0.000309023 5.79419e-05 3.86279e-05 0
 0 0.00173294 0.00326652 0 0.00397197 0.00683976 0.00946217 0.0152591 0.00757587 0.0136028 0.0228656 0.0392903 0.0559909 0.0764795 0.0681675 0.0726916 0.0566044 0.0477403 0.0527397 0.0444891 0.0609904 0.0582453 0.0661739 0.0445044 0.0529084 0.0360697 0.0280645 0.0235558 0.0158879 0.00826598 0.00280645 0.00217768 0.000904811 0.00058276 9.20147e-05 0
 0 0 0 0 0 0 0 0 0 0 0 0 0 0 0 0 0 0 0 0 0 0 0 0 0 0 0 0 0 0 0 0 0 0 0 0
 0 0 0 0 0 0 0 0 0 0 0 0 0 0 0 0 0 0 0 0 0 0 0 0 0 0 0 0 0 0 0 0 0 0 0 0
 0 0 0 0 0 0 0 0 0 0 0 0 0 0 0 0 0 0 0 0 0 0 0 0 0 0 0 0 0 0 0 0 0 0 0 0
 0 0 0 0 0 0 0 0 0 0 0 0 0 0 0 0 0 0 0 0 0 0 0 0 0 0 0 0 0 0 0 0 0 0 0 0
 0 0 0 0 0 0 0 0 0 0 0 0 0 0 0 0 0 0 0 0 0 0 0 0 0 0 0 0 0 0 0 0 0 0 0 0
ppred_pel_tallas
 1.02071e-16 2.06424e-05 0.000121112 0.000575624 0.00221604 0.00691037 0.0174554 0.0357185 0.0592165 0.0795539 0.0866436 0.0766 0.0552128 0.0329895 0.0174444 0.010129 0.00892875 0.0112905 0.0156001 0.0210211 0.0269826 0.032888 0.0380756 0.0419132 0.0439316 0.0439296 0.042015 0.0385612 0.034104 0.0292102 0.024365 0.0199053 0.0160073 0.0127154 0.00999054 0.00775767
 1.01734e-16 2.95355e-05 0.000173339 0.000823951 0.00317222 0.00989224 0.0249871 0.0511275 0.084752 0.113827 0.123886 0.109322 0.0783561 0.0459311 0.022669 0.0106305 0.00662981 0.00689824 0.00911199 0.0122125 0.0156974 0.0191871 0.0222976 0.0246658 0.0260189 0.0262338 0.0253598 0.0235951 0.0212294 0.0185709 0.0158844 0.0133548 0.0110814 0.00909446 0.00738217 0.00591566
 1.01569e-16 1.41295e-05 8.28579e-05 0.000393719 0.00151559 0.00472601 0.0119381 0.0244312 0.0405134 0.0544566 0.0593867 0.0526856 0.0383734 0.0237249 0.0139979 0.0103936 0.0116011 0.0159632 0.0223681 0.0300936 0.0384356 0.0465314 0.0534026 0.0581278 0.0600501 0.058935 0.055026 0.0489721 0.0416596 0.0340037 0.026768 0.0204575 0.0152995 0.0112927 0.00829097 0.00608778
 1.02694e-16 2.61515e-05 0.000153471 0.000729494 0.00280853 0.00875808 0.0221223 0.0452661 0.075037 0.100783 0.109699 0.0968267 0.0694526 0.0408182 0.0203453 0.00988103 0.00663006 0.00728061 0.00979354 0.0132375 0.0171559 0.0211813 0.0249243 0.0280018 0.0301069 0.0310688 0.0308803 0.0296799 0.0277028 0.0252162 0.0224642 0.0196361 0.0168602 0.0142157 0.0117522 0.00950481
 1.01451e-16 3.15086e-05 0.000184924 0.000879035 0.00338431 0.0105537 0.0266577 0.0545457 0.0904169 0.121432 0.132154 0.116596 0.0835232 0.0488651 0.0239398 0.0109276 0.00641027 0.00635134 0.00826434 0.0110268 0.0141275 0.017203 0.0198979 0.0218817 0.0229132 0.0228937 0.0218877 0.0200983 0.017811 0.0153232 0.0128848 0.0106627 0.00873666 0.00711641 0.00576963 0.00464874
 1.0124e-16 2.05102e-05 0.00012033 0.000571894 0.00220165 0.00686551 0.0173421 0.0354872 0.0588349 0.0790467 0.0861055 0.076158 0.0549675 0.0329891 0.0177089 0.0106913 0.00985512 0.0126712 0.0175208 0.023528 0.0300472 0.0363821 0.0417646 0.0454739 0.0469961 0.0461462 0.0431124 0.0383995 0.0326977 0.0267206 0.0210641 0.0161234 0.0120775 0.00892739 0.00656137 0.00482003
 1.00698e-16 3.65325e-05 0.000214428 0.00101932 0.00392446 0.0122381 0.0309124 0.0632503 0.104842 0.140794 0.153194 0.135086 0.096608 0.056197 0.0269289 0.0112747 0.00521339 0.00402418 0.00482013 0.00635078 0.00813792 0.00993142 0.0115205 0.0127136 0.0133685 0.013422 0.0129022 0.0119159 0.0106188 0.00917655 0.00773204 0.00638568 0.0051918 0.00416689 0.00330358 0.00258393
 1.00371e-16 3.00347e-05 0.000176264 0.000837846 0.0032257 0.010059 0.0254084 0.0519899 0.0861831 0.115754 0.125994 0.111211 0.0797723 0.0468853 0.0233684 0.0113357 0.0075622 0.00821921 0.0109268 0.0145642 0.0185475 0.0223955 0.0256179 0.0277638 0.028517 0.027772 0.0256613 0.0225178 0.0187912 0.0149433 0.0113576 0.00828523 0.00583531 0.00399905 0.00269248 0.00179962
 1.00341e-16 3.52051e-05 0.00020663 0.000982235 0.00378167 0.0117928 0.0297877 0.0609495 0.10103 0.135679 0.147642 0.130221 0.0931949 0.0543455 0.026292 0.0114378 0.00592943 0.00522991 0.00655224 0.00866137 0.0110384 0.0133607 0.0153331 0.0166885 0.017237 0.01691 0.0157764 0.0140218 0.0119006 0.00967659 0.00757068 0.00573052 0.00422427 0.00305435 0.00218094 0.00154581
 1.00454e-16 2.94073e-05 0.00017258 0.000820331 0.00315826 0.00984868 0.0248772 0.0509031 0.0843819 0.113336 0.123366 0.108899 0.0781307 0.0459548 0.0229686 0.0112484 0.00764319 0.00840954 0.011219 0.0149706 0.0190822 0.0230664 0.0264224 0.0286879 0.0295363 0.0288548 0.026772 0.0236211 0.0198551 0.015941 0.0122683 0.00909452 0.00653458 0.0045855 0.0031687 0.00217299
 1.01052e-16 2.23961e-05 0.000131406 0.000624561 0.00240445 0.00749793 0.0189395 0.0387552 0.0642504 0.0863145 0.0940011 0.0830912 0.0598622 0.035708 0.0187715 0.0107226 0.00925105 0.0115697 0.0159123 0.0213625 0.0273001 0.0330882 0.0380308 0.0414737 0.0429468 0.0422748 0.0396175 0.0354202 0.0302975 0.0248882 0.0197298 0.0151833 0.0114192 0.00845005 0.00618762 0.00449945
 1.01569e-16 2.49612e-05 0.000146474 0.000696213 0.00268036 0.00835836 0.0211128 0.0432012 0.0716171 0.0961989 0.104734 0.092502 0.0664764 0.0393217 0.0200659 0.0105131 0.00803301 0.00948395 0.012904 0.0173389 0.0222336 0.0270735 0.0313062 0.0344085 0.0359943 0.0359015 0.034226 0.0312847 0.0275288 0.0234344 0.0194075 0.0157286 0.0125418 0.00987916 0.00770193 0.00594042
 1.00642e-16 3.31672e-05 0.000194662 0.000925333 0.00356257 0.0111096 0.0280619 0.0574186 0.0951785 0.127825 0.139106 0.122717 0.0878807 0.051359 0.0250574 0.0112605 0.006358 0.00609051 0.00783466 0.0104104 0.0132905 0.0161127 0.0185298 0.020223 0.020964 0.0206674 0.0194101 0.017407 0.0149544 0.0123603 0.00988279 0.00769481 0.00587711 0.00443469 0.0033246 0.00248356
 1.00111e-16 3.74985e-05 0.000220098 0.00104627 0.00402824 0.0125617 0.0317298 0.0649229 0.107615 0.144518 0.157248 0.138664 0.099175 0.0577059 0.0276804 0.0116356 0.00544382 0.00425563 0.00509938 0.00667765 0.0084807 0.0102303 0.0116908 0.0126537 0.0129745 0.0126058 0.0116101 0.0101422 0.00841055 0.00662907 0.0049752 0.00356502 0.00244851 0.00162077 0.00104177 0.000656381
 1.00064e-16 3.81033e-05 0.00022365 0.00106316 0.00409327 0.0127645 0.0322421 0.0659709 0.109352 0.146849 0.15978 0.14089 0.10075 0.0585877 0.0280386 0.0116746 0.00529522 0.00396848 0.00467441 0.0061002 0.00774023 0.00933027 0.0106525 0.0115162 0.0117892 0.0114296 0.0104959 0.00913184 0.00753013 0.00588827 0.00436981 0.00308141 0.0020684 0.00132525 0.000813747 0.000481638
 1.00197e-16 3.11364e-05 0.000182734 0.000868608 0.00334414 0.0104284 0.0263414 0.0538988 0.0893465 0.12 0.130609 0.115268 0.0826455 0.0485004 0.0240368 0.0114331 0.00733298 0.00775768 0.0102388 0.0136257 0.017339 0.0209186 0.023902 0.025866 0.0265147 0.0257519 0.0237055 0.0206927 0.0171409 0.0134883 0.0100987 0.00721 0.00492482 0.00323325 0.00205314 0.00127127
 1.00684e-16 2.56461e-05 0.000150492 0.000715306 0.00275386 0.00858757 0.0216918 0.0443862 0.0735821 0.09884 0.107614 0.0950567 0.0683362 0.0404691 0.0207372 0.011 0.00855863 0.0101831 0.013846 0.0185429 0.0236671 0.0286456 0.0328666 0.0357596 0.036918 0.0361955 0.0337411 0.0299549 0.0253847 0.0205981 0.0160707 0.0121198 0.00889188 0.0063914 0.00453177 0.0031866
 1.00851e-16 3.0511e-05 0.000179064 0.000851167 0.003277 0.010219 0.0258125 0.0528164 0.0875518 0.117588 0.12798 0.112938 0.0809554 0.0474687 0.0234527 0.011037 0.00692937 0.00723248 0.00953691 0.0127347 0.0162874 0.0197805 0.0227972 0.0249491 0.0259546 0.0257027 0.0242772 0.0219287 0.0190077 0.0158807 0.012858 0.010151 0.00786308 0.00600941 0.00454839 0.00341368
 1.00794e-16 2.81761e-05 0.000165351 0.00078596 0.00302592 0.00943597 0.0238347 0.0487703 0.080847 0.10859 0.118206 0.104358 0.074904 0.0441191 0.0221669 0.0110482 0.00775626 0.0087143 0.0116951 0.0156378 0.0199672 0.0241877 0.0277836 0.0302755 0.0313207 0.0307937 0.0288155 0.0257163 0.0219503 0.0179879 0.0142234 0.0109199 0.00819903 0.00606581 0.00445084 0.00325292
 1.00862e-16 2.87851e-05 0.000168928 0.000802971 0.00309142 0.00964025 0.0243507 0.0498258 0.082596 0.110937 0.120755 0.106593 0.0764756 0.0449796 0.0224787 0.0110059 0.00747903 0.00823714 0.0110065 0.0147172 0.0188086 0.0228129 0.0262473 0.028662 0.0297327 0.0293365 0.0275788 0.0247602 0.0212972 0.0176232 0.0141034 0.0109838 0.00838168 0.00630791 0.00470567 0.00348877
 1.00823e-16 3.09068e-05 0.000181388 0.000862217 0.00331955 0.0103517 0.0261476 0.0535021 0.0886882 0.119113 0.129638 0.114397 0.0819902 0.0480539 0.0237017 0.0110867 0.00686973 0.00709969 0.00933468 0.0124546 0.0159205 0.0193228 0.022252 0.0243281 0.0252765 0.0249911 0.0235577 0.021226 0.018343 0.0152709 0.012315 0.00968153 0.00746994 0.00569131 0.00430079 0.00322937
 1.009e-16 2.81721e-05 0.000165328 0.000785853 0.00302551 0.0094347 0.0238315 0.0487637 0.0808359 0.108575 0.118188 0.104339 0.0748838 0.0440942 0.0221303 0.0109908 0.00766772 0.00858407 0.0115144 0.0154022 0.0196795 0.0238601 0.0274386 0.0299441 0.0310383 0.0305941 0.0287251 0.0257493 0.0221059 0.0182514 0.0145692 0.0113166 0.00861425 0.00647088 0.00482363 0.00357909
 1.01088e-16 2.81345e-05 0.000165108 0.000784808 0.00302149 0.00942217 0.0237998 0.0486988 0.0807281 0.108429 0.118027 0.104192 0.0747661 0.0440011 0.0220401 0.0108753 0.00749995 0.00834087 0.0111785 0.0149659 0.0191493 0.0232607 0.0268139 0.0293538 0.0305496 0.0302709 0.0286161 0.0258786 0.0224692 0.018817 0.0152849 0.0121194 0.0094407 0.00726561 0.00554494 0.00420115
 1.01099e-16 2.85996e-05 0.000167839 0.000797796 0.0030715 0.00957813 0.0241938 0.0495047 0.0820636 0.110221 0.119975 0.105903 0.0759762 0.0446774 0.0223123 0.0108997 0.00737673 0.00810651 0.0108323 0.0144956 0.0185462 0.0225277 0.0259688 0.0284291 0.0295884 0.0293213 0.0277232 0.0250788 0.021786 0.0182599 0.0148513 0.0117977 0.00921434 0.00711614 0.00545461 0.00415417
 1.0248e-16 1.00884e-05 5.91299e-05 0.000280906 0.00108122 0.00337143 0.00851662 0.0174308 0.0289114 0.0388809 0.042452 0.0377831 0.0277824 0.0176992 0.0113654 0.00973515 0.0119712 0.0169638 0.0239342 0.0322934 0.0413611 0.0502485 0.0579284 0.0634218 0.0660157 0.0654294 0.0618756 0.0559886 0.0486544 0.0407985 0.0332023 0.0263949 0.0206334 0.0159513 0.0122406 0.00933339
 1.04612e-16 2.33984e-05 0.00013731 0.000652672 0.00251276 0.00783573 0.0197925 0.040499 0.0671346 0.0901695 0.0981475 0.0866332 0.0621463 0.0365362 0.0182361 0.00890563 0.00605511 0.00673866 0.00915573 0.0125029 0.0164051 0.0205646 0.0246543 0.0283338 0.0313043 0.0333588 0.0344083 0.0344754 0.0336636 0.0321175 0.0299883 0.0274164 0.02453 0.0214511 0.0183032 0.0152106
 1.0292e-16 1.8512e-05 0.0001086 0.000516128 0.00198694 0.00619594 0.0156509 0.0320267 0.053099 0.0713444 0.077726 0.0687719 0.0496917 0.0299334 0.0162705 0.0101362 0.00967477 0.0126226 0.017528 0.0235934 0.0302099 0.0367046 0.0423275 0.0463708 0.0483231 0.0479898 0.0455351 0.0414262 0.0363076 0.0308435 0.0255846 0.0208912 0.0169226 0.0136772 0.0110577 0.0089332
pSPR Fmed_Fpbrs
0.534761   0.6 0.325
Fs Fmed_Fpbrs
0.64   0.481166 1.71683
SSBpbr Bo_Bmed_Bpbrs
511846  248123  281515 140758
Ro
24343
SPR SPRFo_SPRFmed_SPRFpbrs
502786 268871 163406
log_Ro
9.92
likeval ReclasPelacesDesembMPH_pf_preclas_ppelaces_ptallas_desvR_qrecl_qpela
 80.7298 0.000138396 0.118716 40.2367 340.777 212.14 56.7537 0 24.0827 4.10628e-05 0.000179059 5.12252e-14 0 0 0
q_reclas_q_pelaces
2.47947 6.71104
M
0.7
N
 24195.1 14541.6 4501.08 562.487 0.159923
 42583.7 11260.8 4363.99 1023.1 124.942
 8179.28 19481.8 2957.5 806.527 205.972
 12301.6 3420.21 2544.63 184.898 59.463
 36699.5 5722.55 1022.52 574.989 53.9173
 17851.2 17973.5 2551.53 429.606 262.912
 60976.4 7790.07 3270.73 266.858 69.0726
 55950.5 27230.6 1695.93 451.784 44.6444
 93867.1 23890.4 4184.21 136.429 37.8136
 114127 39760 3449 305.549 12.0084
 61903 52116.7 10294.9 623.505 55.6987
 47801 26957.8 9332.08 1050.09 66.0687
 50536.1 21035.6 5235.9 1079.85 123.643
 28504.1 20456 2134.37 221.213 47.2223
 14688.2 9504.32 460.202 8.70927 0.947821
 10687.3 4897.57 213.82 1.87784 0.0341189
 6778.55 4531.99 713.243 15.8268 0.1337
 8483.91 2930.9 767.608 66.7366 1.42079
 8980.56 3728.9 563.861 87.5198 7.43682
 9673.49 4029.07 841.445 82.3441 13.3677
 17821.2 4269.44 800.55 100.864 10.9929
 25043.7 8313.24 1304.22 187.046 25.5505
 35864 11651.7 2488.17 295.222 47.0009
 54652 16639.4 3412.54 544.58 73.079
 14260.5 25432.1 4987.83 774.299 136.887
 25690.5 6730.25 8505.78 1341.34 240.557
 10170.5 11992.9 2067.64 2004.94 364.608
pred_Ctot
 1096.31 4258.55 1834.63 234.028 0.0666098
 2422.22 3955.94 2082.56 497.434 60.8073
 938.294 11112.5 2072.52 571.632 146.071
 561.494 1007.65 1042.68 77.3316 24.8968
 363.727 422.904 114.289 66.0449 6.20209
 1567.84 8662.48 1576.32 269.235 164.892
 4443.25 3296.13 1822.13 151.108 39.146
 5688.39 14433.3 1126.34 303.883 30.0491
 10016.1 13048.1 2841.18 93.7709 26.0069
 6631.4 14200.6 1669.19 150.63 5.92569
 5519.32 25372.5 6409.98 393.748 35.2005
 3940.07 12443.2 5573.72 636.66 40.0887
 6798.56 13118.6 3905.31 813.161 93.1538
 6890.35 16306.9 1855.2 193.096 41.2293
 3550.59 7576.55 400.008 7.60228 0.827533
 1132.88 2664.07 144.757 1.28695 0.0233979
 635.366 2280.37 455.481 10.2455 0.0866126
 706.019 1361.78 460.847 40.668 0.866482
 627.188 1529.79 306.32 48.3469 4.11181
 779.021 1830.02 496.205 49.3049 8.01056
 779.827 1214.92 318.133 40.9256 4.46532
 1140.61 2444.86 533.576 78.1089 10.6813
 1701.33 3542.53 1048.1 126.893 20.2236
 2481.81 4881.73 1393.16 226.935 30.4863
 510.233 6108.47 1702.94 270.298 47.842
 1111.39 1897.13 3351.94 539.752 96.9074
 970.776 6106.12 1332.31 1309.34 238.278
F
 0.0648261 0.503626 0.781478 0.8048 0.806064
 0.0819913 0.63698 0.988404 1.0179 1.0195
 0.171904 1.3355 2.0723 2.13414 2.13749
 0.0653163 0.507435 0.787388 0.810886 0.81216
 0.0138658 0.107722 0.167153 0.172141 0.172411
 0.129219 1.00389 1.55773 1.60422 1.60674
 0.106144 0.824618 1.27956 1.31775 1.31982
 0.15099 1.17302 1.82019 1.87451 1.87745
 0.159018 1.23539 1.91696 1.97417 1.97727
 0.0838229 0.65121 1.01048 1.04064 1.04227
 0.131297 1.02003 1.58278 1.63002 1.63258
 0.120833 0.938733 1.45663 1.50011 1.50246
 0.204411 1.58804 2.46417 2.53771 2.54169
 0.398303 3.09437 4.80154 4.94484 4.9526
 0.398303 3.09437 4.80154 4.94484 4.9526
 0.157896 1.22667 1.90343 1.96024 1.96331
 0.138455 1.07564 1.66907 1.71888 1.72158
 0.122058 0.948257 1.47141 1.51533 1.51771
 0.101527 0.788747 1.2239 1.26043 1.26241
 0.117905 0.915992 1.42135 1.46377 1.46606
 0.0625421 0.485882 0.753945 0.776445 0.777665
 0.0651706 0.506302 0.785631 0.809077 0.810347
 0.0679625 0.527993 0.819288 0.843738 0.845063
 0.0649735 0.504771 0.783255 0.80663 0.807897
 0.0508781 0.395266 0.613336 0.63164 0.632632
 0.0618112 0.480203 0.745133 0.767371 0.768576
 0.141157 1.09663 1.70165 1.75243 1.75518
Np
 15317.9 7317.96 1612.41 619.545 75.176
YTP_r0W_actual
 2281.49 49211 17875.8 22669 4580.61
YTP_p0W_proyectada
 3436.18 17995.9 17196.7 2117.31 2354.45
 3436.18 30028.2 13940.1 7004.94 944.442
CTP_r0_actual
 278.23 2278.29 569.294 565.312 102.935
CTP_p0_proyectada
 419.047 833.141 547.666 52.8009 52.9089
 419.047 1390.2 443.953 174.687 21.2234
Wmedp
 8.2 21.6 31.4 40.1 44.5
nmprior
 10.8 10.6 4.6 0
nm_flota  nm_reclas  nm_pelaces    nm_pelaL
inf 20.9754 11.5439 30.7109
cv_recla  cv_pelaces  cv_mph
0.778122 0.429567 0.508591
 ------------------------------------------------
Talla a la edad & desviaci?n 
 7.2 14.2025 17.0495 18.207 18.6776
 1.08 2.13037 2.55742 2.73105 2.80164
