years
 1997 1998 1999 2000 2001 2002 2003 2004 2005 2006 2007 2008 2009 2010 2011 2012 2013 2014 2015 2016 2017 2018 2019 2020 2021 2022 2023
reclasobs
 0 0 0 370054 412103 1.49427e+06 250295 1.28982e+06 931140 785840 897777 1.04006e+06 184774 17550 25797 100020 73551 82996 120727 218422 84188 347160 605670 569463 516374 1.08416e+06 1.01767e+06
reclaspred
 1.62968e+06 269235 549273 172621 274751 359669 672959 589801 724648 1.03703e+06 1.04857e+06 689999 360884 128442 85998.7 96922.7 96834.2 109254 124110 133714 197196 230546 439681 590576 822695 559082 286750
pelacesobs
 0 0 0 0 0 0 0 0 0 2.06254e+06 1.5e+06 0 1.87456e+06 323000 250000 174000 83755 137374 0 501740 490994 745055 786931 1.00524e+06 1.33801e+06 1.41789e+06 0
pelacespred
 3.27092e+06 1.00243e+06 587646 443197 674134 541055 1.60499e+06 1.31878e+06 1.63577e+06 2.40052e+06 1.96903e+06 1.36304e+06 710970 206624 142767 163786 166972 201280 224000 227195 439683 470316 706408 1.13253e+06 1.50791e+06 1.13103e+06 425455
mphobs
 0 0 0 0 0 0 112323 0 153150 637223 0 255016 313432 73983 77613 109348 50772 17779 17303 59886 28197 0 207744 136588 643089 65757 70829
mphpred
 473982 201912 166093 83860 69606.3 151839 175903 278310 267996 365966 451598 302498 167889 111014 54179.7 47611.2 41874.8 47264.4 34831.6 33660 45543.3 68392.9 93567 147290 205817 153229 107000
desembarqueobs
 350755 77701 442110 56441 14545 235359 269955 359681 431902 328805 639364 411747 362871 311530 167758 66681 60226 58785 57116 73181 50977 67692 138656 160484 209506 203330 245020
desembarquepred
 350734 77667.8 441643 56426 14544.2 235291 269896 359154 431422 328609 638543 411236 362424 310880 167290 66627.5 60214.2 58723.2 57040.3 73125.6 50956.7 67629.7 138595 160404 209426 203185 244763
Reclutas
 20489 41364.2 6383.03 9533.7 37808.9 15953.8 59651.7 55614.4 88449.9 116867 62797.1 45599.6 50457.1 30569.1 14300.8 10303.1 6704.24 8152.22 8958.23 8757.53 17014.7 24096.6 35385.9 53515.6 12665.8 27102.4 6746.18
log_desv_Rt
 -0.112355 0.59017 -1.2786 -0.877412 0.5003 -0.362545 0.956277 0.886198 1.35019 1.6288 1.00766 0.687655 0.788879 0.287746 -0.471932 -0.799797 -1.2295 -1.03395 -0.939672 -0.962331 -0.298165 0.0498262 0.434068 0.847729 -0.593341 0.167379 -1.22327
SSB
 688997 293507 241439 121902 101182 220718 244871 396839 374951 517669 656458 439722 256837 122945 64024.6 55479 52106.8 55105.6 65297.6 69070.6 84442.4 122253 173906 256791 403761 318966 207950
BT
 1.37803e+06 427226 414450 199658 289666 337949 1.01496e+06 923445 1.17272e+06 1.28489e+06 1.25415e+06 863680 669680 384521 206657 117663 112366 129068 125545 139929 224089 213319 334283 537149 567893 535022 320049
Ftot
 0.413832 0.634468 1.3444 0.656054 0.148029 1.16445 1.11463 1.38144 1.52086 0.775983 1.18518 1.17497 2.12526 4.2245 3.71678 1.41409 1.28971 1.19241 0.958717 1.12088 0.626199 0.632969 0.654062 0.610829 0.474117 0.722454 1.41486
BD_Bspro_t
 0.941756 0.675513 0.531321 0.226 0.29641 0.527025 0.406409 0.476513 0.420974 0.454168 0.475578 0.314629 0.212559 0.126705 0.0799495 0.0845126 0.109157 0.15693 0.222985 0.280131 0.351908 0.505111 0.549394 0.569021 0.605859 0.475403 0.366463
BD_Bspro
 1.4551 0.619858 0.509895 0.257445 0.213687 0.466135 0.517144 0.838086 0.791862 1.09327 1.38638 0.928651 0.542416 0.259649 0.135214 0.117166 0.110045 0.116378 0.137902 0.145871 0.178334 0.258188 0.367274 0.542318 0.852706 0.673625 0.439171
BD_Bo
 1.17237 0.499421 0.410823 0.207424 0.172168 0.375566 0.416664 0.675247 0.638004 0.880848 1.11701 0.748216 0.437025 0.209199 0.108942 0.0944011 0.0886631 0.0937658 0.111108 0.117528 0.143684 0.208022 0.295913 0.436946 0.687026 0.542741 0.353841
BD_Brms
 2.13159 0.908038 0.746952 0.377135 0.313033 0.682847 0.75757 1.22772 1.16001 1.60154 2.03092 1.36039 0.794591 0.380363 0.198076 0.171638 0.161206 0.170483 0.202015 0.213687 0.261244 0.378222 0.538024 0.794448 1.24914 0.986801 0.643347
S_f
 0.107305 1 1 1 1
 0.107305 1 1 1 1
 0.107305 1 1 1 1
 0.107305 1 1 1 1
 0.107305 1 1 1 1
 0.107305 1 1 1 1
 0.107305 1 1 1 1
 0.107305 1 1 1 1
 0.107305 1 1 1 1
 0.107305 1 1 1 1
 0.107305 1 1 1 1
 0.107305 1 1 1 1
 0.107305 1 1 1 1
 0.107305 1 1 1 1
 0.107305 1 1 1 1
 0.107305 1 1 1 1
 0.107305 1 1 1 1
 0.107305 1 1 1 1
 0.107305 1 1 1 1
 0.107305 1 1 1 1
 0.107305 1 1 1 1
 0.107305 1 1 1 1
 0.107305 1 1 1 1
 0.107305 1 1 1 1
 0.107305 1 1 1 1
 0.107305 1 1 1 1
 0.107305 1 1 1 1
Scru_reclas
 0.349233 1 1 1 1
 0.349233 1 1 1 1
 0.349233 1 1 1 1
 0.349233 1 1 1 1
 0.349233 1 1 1 1
 0.349233 1 1 1 1
 0.349233 1 1 1 1
 0.349233 1 1 1 1
 0.349233 1 1 1 1
 0.349233 1 1 1 1
 0.349233 1 1 1 1
 0.349233 1 1 1 1
 0.349233 1 1 1 1
 0.349233 1 1 1 1
 0.349233 1 1 1 1
 0.349233 1 1 1 1
 0.349233 1 1 1 1
 0.349233 1 1 1 1
 0.349233 1 1 1 1
 0.349233 1 1 1 1
 0.349233 1 1 1 1
 0.349233 1 1 1 1
 0.349233 1 1 1 1
 0.349233 1 1 1 1
 0.349233 1 1 1 1
 0.349233 1 1 1 1
 0.349233 1 1 1 1
Scru_pelaces
 0.406516 1 1 1 1
 0.406516 1 1 1 1
 0.406516 1 1 1 1
 0.406516 1 1 1 1
 0.406516 1 1 1 1
 0.406516 1 1 1 1
 0.406516 1 1 1 1
 0.406516 1 1 1 1
 0.406516 1 1 1 1
 0.406516 1 1 1 1
 0.406516 1 1 1 1
 0.406516 1 1 1 1
 0.406516 1 1 1 1
 0.406516 1 1 1 1
 0.406516 1 1 1 1
 0.406516 1 1 1 1
 0.406516 1 1 1 1
 0.406516 1 1 1 1
 0.406516 1 1 1 1
 0.406516 1 1 1 1
 0.406516 1 1 1 1
 0.406516 1 1 1 1
 0.406516 1 1 1 1
 0.406516 1 1 1 1
 0.406516 1 1 1 1
 0.406516 1 1 1 1
 0.406516 1 1 1 1
pf_obs 
 0.256992 0.487395 0.22802 0.0275931 0
 0.321318 0.546541 0.124235 0.00734118 0.000564706
 0.182869 0.594174 0.210203 0.0122559 0.00049798
 0.330522 0.361315 0.267642 0.0388342 0.00168674
 0.649043 0.306663 0.0425973 0.00169635 0
 0.582887 0.30429 0.105238 0.00758474 0
 0.465427 0.430635 0.0974691 0.00646863 0
 0.296916 0.608066 0.0921331 0.00288517 0
 0.311714 0.524322 0.152257 0.0117073 0
 0.15457 0.633149 0.183074 0.0267441 0.00246327
 0.131901 0.49318 0.331252 0.0422183 0.00144891
 0.196976 0.569456 0.194076 0.0375587 0.00193317
 0.518974 0.381816 0.0799577 0.0180837 0.00116848
 0.0928022 0.601141 0.25162 0.0475244 0.00691264
 0.122501 0.610282 0.24278 0.0234846 0.000952079
 0.383417 0.481906 0.127806 0.00687128 0
 0.0376549 0.599619 0.316969 0.0457579 0
 0.0361596 0.667082 0.258105 0.0386534 0
 0.158088 0.579412 0.248529 0.0139706 0
 0.0477256 0.309471 0.559284 0.082774 0.000745712
 0.0406174 0.521527 0.379366 0.0568643 0.0016247
 0.151134 0.462217 0.34131 0.0453401 0
 0.294876 0.26143 0.354403 0.0886775 0.000613685
 0.281977 0.475581 0.204845 0.0348837 0.00271318
 0.0841818 0.532909 0.334909 0.0458182 0.00218182
 0.115287 0.27431 0.454777 0.147771 0.00785563
 0 0 0 0 0
pf_pred 
 0.0898742 0.612487 0.262864 0.0347693 5.26736e-06
 0.234878 0.407355 0.240766 0.103331 0.0136698
 0.0432958 0.764854 0.102142 0.0603709 0.0293373
 0.182138 0.383537 0.347229 0.0463706 0.0407258
 0.42059 0.43185 0.0691981 0.0626473 0.015714
 0.109046 0.783464 0.0801155 0.0128374 0.0145374
 0.480262 0.354573 0.145239 0.0148518 0.00507474
 0.254995 0.700508 0.0303564 0.0124345 0.00170599
 0.367143 0.55202 0.0760091 0.00329384 0.00153432
 0.292334 0.655609 0.0454074 0.00625227 0.000397149
 0.139969 0.733583 0.117146 0.00811355 0.00118814
 0.166339 0.619329 0.182819 0.0291945 0.00231811
 0.292473 0.551044 0.116252 0.0343161 0.0059151
 0.31026 0.640911 0.0380301 0.00802306 0.00277654
 0.298065 0.690766 0.0103781 0.000615811 0.000174875
 0.268124 0.714142 0.0174527 0.000262209 1.99772e-05
 0.183773 0.719681 0.0942066 0.00230229 3.72249e-05
 0.270179 0.590868 0.122517 0.0160375 0.000398273
 0.248171 0.652915 0.0800819 0.016605 0.00222759
 0.225137 0.64866 0.1096 0.0134427 0.00316128
 0.331955 0.55611 0.0937041 0.0158325 0.00239858
 0.263557 0.637246 0.0825752 0.0139139 0.00270708
 0.262374 0.606932 0.11309 0.0146543 0.00294966
 0.265819 0.604681 0.106555 0.0198544 0.00309061
 0.0509557 0.780824 0.138548 0.0244146 0.00525732
 0.198207 0.312685 0.402413 0.0714036 0.015292
 0.06765 0.718991 0.0832062 0.107083 0.0230699
pobs_RECLAS
 0 0 0 0 0
 0 0 0 0 0
 0 0 0 0 0
 0 0 0 0 0
 0.835266 0.146461 0.0176864 0.000547809 3.91292e-05
 0.385257 0.428462 0.181853 0.0044286 0
 0.867414 0.0963971 0.0333333 0.00285562 0
 0.441836 0.489002 0.0689373 0.000224442 0
 0.779404 0.147425 0.0564933 0.0165055 0.000172143
 0.814271 0.122319 0.05973 0.00367925 0
 0.40263 0.566651 0.0304383 0.000280538 0
 0.475488 0.404961 0.113038 0.00651328 0
 0.955842 0.0263864 0.0167828 0.000988607 0
 0.975058 0.0227948 0.00214734 0 0
 0.738997 0.206755 0.0527124 0.00153531 0
 0.850938 0.134255 0.0134407 0.00136685 0
 0.542534 0.407297 0.0501686 0 0
 0.764087 0.199537 0.0359546 0.000420521 0
 0.470689 0.182191 0.310203 0.0369168 0
 0.84361 0.089868 0.0606195 0.00523954 0.000663233
 0.607945 0.314616 0.071237 0.00620181 0
 0.523733 0.453247 0.0230204 0 0
 0.530135 0.295979 0.169645 0.0042399 0
 0.562478 0.366248 0.0663022 0.0049721 0
 0.250443 0.683176 0.0655157 0.000865301 0
 0.195077 0.31981 0.436473 0.0351445 0.0134964
 0.565238 0.351407 0.0832357 0.000118908 0
ppred_RECLAS
 0.248445 0.505774 0.217066 0.0287115 4.34963e-06
 0.511938 0.259847 0.153582 0.0659136 0.00871978
 0.144743 0.68375 0.0913113 0.0539693 0.0262265
 0.432663 0.266053 0.240867 0.0321665 0.0282508
 0.704379 0.220335 0.0353056 0.0319634 0.00801747
 0.30836 0.608196 0.062193 0.00996556 0.0112852
 0.769743 0.157085 0.0643445 0.00657974 0.00224824
 0.562799 0.411089 0.0178144 0.00729709 0.00100115
 0.690484 0.26998 0.0371744 0.00161094 0.000750402
 0.588976 0.380788 0.0263734 0.00363142 0.000230671
 0.372874 0.534921 0.085422 0.00591632 0.00086638
 0.421263 0.429946 0.126915 0.0202672 0.00160926
 0.63967 0.280636 0.0592047 0.0174766 0.00301244
 0.766217 0.217233 0.0128901 0.00271937 0.000941092
 0.728011 0.267661 0.00402135 0.000238617 6.77613e-05
 0.580687 0.409152 0.00999914 0.000150227 1.14455e-05
 0.455068 0.480475 0.0628945 0.00153706 2.48522e-05
 0.575163 0.343951 0.0713184 0.00933563 0.000231839
 0.539188 0.400185 0.0490838 0.0101776 0.00136533
 0.512679 0.40795 0.0689285 0.00845428 0.00198817
 0.629142 0.308718 0.0520188 0.00878925 0.00133154
 0.550086 0.389312 0.0504475 0.00850037 0.00165383
 0.549108 0.371003 0.069129 0.00895783 0.00180305
 0.552411 0.36864 0.0649606 0.0121041 0.00188417
 0.153031 0.696842 0.123647 0.0217886 0.00469186
 0.460182 0.210519 0.27093 0.0480735 0.0102955
 0.215264 0.605157 0.0700326 0.0901291 0.0194174
pobs_PELACES
 0 0 0 0 0
 0 0 0 0 0
 0 0 0 0 0
 0 0 0 0 0
 0 0 0 0 0
 0 0 0 0 0
 0 0 0 0 0
 0 0 0 0 0
 0 0 0 0 0
 0 0 0 0 0
 0.450072 0.473896 0.0757376 0.000293798 0
 0 0 0 0 0
 0.463077 0.371075 0.160297 0.00555027 0
 0.529543 0.364841 0.0842815 0.0213345 0
 0.631943 0.363953 0.00410389 0 0
 0.735681 0.248677 0.0153453 0.000297389 0
 0.695825 0.281241 0.0229344 0 0
 0.275771 0.60734 0.115278 0.00161068 0
 0 0 0 0 0
 0.896147 0.0623911 0.0374545 0.00400742 0
 0.803859 0.145111 0.0509908 3.86294e-05 0
 0.739449 0.233085 0.0266225 0.000797448 4.60066e-05
 0.878498 0.100942 0.0204185 0.000141795 0
 0.694673 0.275183 0.0284847 0.00165964 0
 0.469039 0.446079 0.0841089 0.000773354 0
 0.822795 0.102175 0.0682046 0.00682512 0
 0 0 0 0 0
ppred_PELACES
 0.302984 0.469071 0.201314 0.026628 4.03399e-06
 0.595452 0.215384 0.127302 0.0546349 0.0072277
 0.226442 0.618435 0.0825888 0.0488139 0.0237212
 0.51853 0.225786 0.204411 0.0272981 0.023975
 0.743402 0.191249 0.0306451 0.027744 0.00695912
 0.422412 0.507904 0.0519373 0.00832224 0.00942428
 0.843843 0.106533 0.0436376 0.00446229 0.00152473
 0.692401 0.289227 0.0125336 0.00513396 0.000704373
 0.802548 0.172231 0.023715 0.00102768 0.00047871
 0.677043 0.2992 0.0207226 0.00285335 0.000181247
 0.49528 0.430512 0.0687489 0.00476154 0.000697276
 0.544984 0.338033 0.0997833 0.0159345 0.00126523
 0.794439 0.160097 0.0337751 0.00997002 0.00171854
 0.929789 0.0652409 0.00387124 0.000816699 0.000282635
 0.903031 0.0954263 0.00143369 8.50715e-05 2.41582e-05
 0.709726 0.28324 0.00692201 0.000103996 7.92328e-06
 0.587007 0.364143 0.0476666 0.00116491 1.8835e-05
 0.691278 0.249944 0.0518259 0.00678404 0.000168474
 0.643683 0.309438 0.0379534 0.00786966 0.00105573
 0.630138 0.309622 0.0523146 0.00641654 0.00150896
 0.703682 0.246668 0.0415633 0.00702267 0.00106391
 0.631666 0.318721 0.0413003 0.00695907 0.00135396
 0.632191 0.30264 0.056391 0.00730721 0.00147081
 0.632334 0.302814 0.053361 0.00994277 0.00154773
 0.194744 0.662522 0.117557 0.0207155 0.00446079
 0.551096 0.175064 0.225301 0.0399771 0.0085616
 0.326338 0.519501 0.06012 0.077372 0.016669
pobs_pel_tallas
 0 0 0 0 0 0 0 0 0 0 0 0 0 0 0 0 0 0 0 0 0 0 0 0 0 0 0 0 0 0 0 0 0 0 0 0
 0 0 0 0 0 0 0 0 0 0 0 0 0 0 0 0 0 0 0 0 0 0 0 0 0 0 0 0 0 0 0 0 0 0 0 0
 0 0 0 0 0 0 0 0 0 0 0 0 0 0 0 0 0 0 0 0 0 0 0 0 0 0 0 0 0 0 0 0 0 0 0 0
 0 0 0 0 0 0 0 0 0 0 0 0 0 0 0 0 0 0 0 0 0 0 0 0 0 0 0 0 0 0 0 0 0 0 0 0
 0 0 0 0 0 0 0 0 0 0 0 0 0 0 0 0 0 0 0 0 0 0 0 0 0 0 0 0 0 0 0 0 0 0 0 0
 0 0 0 0 0 0 0 0 0 0 0 0 0 0 0 0 0 0 0 0 0 0 0 0 0 0 0 0 0 0 0 0 0 0 0 0
 0 0 0 0 0 0 0 0 0 0 0 0 0 0 0 0 0 0 0 0 0 0 0 0 0 0 0 0 0 0 0 0 0 0 0 0
 0 0 0 0 0 0 0 0 0 0 0 0 0 0 0 0 0 0 0 0 0 0 0 0 0 0 0 0 0 0 0 0 0 0 0 0
 0 0 0 0 0 0 0 0 0 0 0 0 0 0 0 0 0 0 0 0 0 0 0 0 0 0 0 0 0 0 0 0 0 0 0 0
 0 0 0 0 0 0 0 0 0 0 0 0 0 0 0 0 0 0 0 0 0 0 0 0 0 0 0 0 0 0 0 0 0 0 0 0
 0 0 0 0 0 0 0 0 1.78061e-05 0.00172719 0.00360574 0.0105946 0.0120993 0.0124554 0.0147524 0.0171206 0.0266825 0.0428682 0.0675386 0.121331 0.153587 0.119568 0.100827 0.0573624 0.0630603 0.0341343 0.0324427 0.0444173 0.0211091 0.0280891 0.0125444 0.00206551 0 0 0 0
 0 0 0 0 0 0 0 0 0 0 0 0 0 0 0 0 0 0 0 0 0 0 0 0 0 0 0 0 0 0 0 0 0 0 0 0
 0 0 0 0 0 0 0.0133647 0.0140871 0.0187388 0.0205184 0.03894 0.0496705 0.03968 0.0493445 0.0407372 0.0367815 0.0215668 0.0243155 0.0234873 0.0199281 0.019796 0.0243948 0.0301388 0.0376714 0.0412746 0.0863199 0.0771752 0.113111 0.0741005 0.0525337 0.0229764 0.00759418 0.00175318 0 0 0
 0 0 0 0 0 0 0 0 0 0 0.00219441 0.00772107 0.0458388 0.0604681 0.0671733 0.0775358 0.0609151 0.0617685 0.073594 0.0568108 0.0755445 0.0548602 0.0670107 0.0636378 0.0643287 0.046367 0.0373049 0.0286899 0.0247887 0.0153202 0.00654259 0.00121912 0.000365735 0 0 0
 0 0 0 0 0 0 0 0 0 0 0 0 0.000112435 0.00938835 0.0111873 0.0202946 0.0414886 0.0713402 0.111592 0.104902 0.108894 0.110636 0.117776 0.105296 0.107544 0.0401394 0.0192827 0.0124803 0.00416011 0.0028671 0.000618394 0 0 0 0 0
 0 0 0 0 0 0 0 0 0 0 0.00291406 0.0102884 0.027416 0.0768956 0.0749926 0.110853 0.0956884 0.0897413 0.0766577 0.0534642 0.0500743 0.0551293 0.0594112 0.0620874 0.0668451 0.0424026 0.0208742 0.0120726 0.0048766 0.00582813 0.00118941 0.000297354 0 0 0 0
 0 0.00264628 0.0354308 0.0461629 0.0458689 0.0383711 0.0214643 0.0164657 0.0346957 0.0420465 0.0363128 0.0245516 0.0311673 0.0291091 0.0169068 0.0133784 0.00837989 0.0085269 0.0148486 0.0160247 0.0276389 0.0546898 0.0760071 0.122758 0.109233 0.0665981 0.0333725 0.0166128 0.00676272 0.00308733 0.000882094 0 0 0 0 0
 0 0 0 0 0 0 0 0.000805153 0.000690131 0.00759144 0.0133425 0.0154129 0.00931677 0.000345066 0.00356568 0.00563607 0.00851162 0.0253048 0.0502646 0.0516448 0.0657925 0.0565908 0.0611916 0.0827007 0.0866115 0.110766 0.145733 0.0935128 0.0569358 0.0249597 0.0138026 0.00621118 0.00161031 0.00115022 0 0
 0 0 0 0 0 0 0 0 0 0 0 0 0 0 0 0 0 0 0 0 0 0 0 0 0 0 0 0 0 0 0 0 0 0 0 0
 0.00147267 0.00158595 0.00478618 0.00569244 0.00954404 0.0108468 0.00647125 0.017049 0.0510054 0.094081 0.124002 0.0959785 0.0687766 0.0820023 0.061753 0.0591476 0.0492212 0.0479892 0.0443925 0.0268479 0.0217502 0.0140895 0.0121071 0.0120363 0.00920419 0.00665534 0.0049561 0.00860946 0.00930331 0.0156896 0.0114698 0.00855282 0.00243557 0.00046729 0 2.83206e-05
 0 0 0 0 0.000772559 0.00158375 0.000888443 0.00281984 0.00712685 0.0440552 0.0773331 0.111326 0.0921469 0.0852325 0.0710754 0.0886704 0.0786465 0.0553345 0.0373146 0.0185414 0.00753245 0.00457741 0.012979 0.0271748 0.0457355 0.0583668 0.034881 0.0177882 0.00938659 0.00492506 0.0015258 0.00185414 0.000309023 5.79419e-05 3.86279e-05 0
 0 0.00173294 0.00326652 0 0.00397197 0.00683976 0.00946217 0.0152591 0.00757587 0.0136028 0.0228656 0.0392903 0.0559909 0.0764795 0.0681675 0.0726916 0.0566044 0.0477403 0.0527397 0.0444891 0.0609904 0.0582453 0.0661739 0.0445044 0.0529084 0.0360697 0.0280645 0.0235558 0.0158879 0.00826598 0.00280645 0.00217768 0.000904811 0.00058276 9.20147e-05 0
 0 0 0 0 0 0 0 0 0 0 0 0 0 0 0 0 0 0 0 0 0 0 0 0 0 0 0 0 0 0 0 0 0 0 0 0
 0 0 0 0 0 0 0 0 0 0 0 0 0 0 0 0 0 0 0 0 0 0 0 0 0 0 0 0 0 0 0 0 0 0 0 0
 0 0 0 0 0 0 0 0 0 0 0 0 0 0 0 0 0 0 0 0 0 0 0 0 0 0 0 0 0 0 0 0 0 0 0 0
 0 0 0 0 0 0 0 0 0 0 0 0 0 0 0 0 0 0 0 0 0 0 0 0 0 0 0 0 0 0 0 0 0 0 0 0
 0 0 0 0 0 0 0 0 0 0 0 0 0 0 0 0 0 0 0 0 0 0 0 0 0 0 0 0 0 0 0 0 0 0 0 0
ppred_pel_tallas
 1.03926e-16 1.32436e-05 7.76688e-05 0.000369076 0.00142075 0.00443029 0.011191 0.0229016 0.0379744 0.0510365 0.0556379 0.0493146 0.0358207 0.021955 0.0126207 0.00891653 0.00959475 0.0131038 0.0184388 0.025007 0.0322803 0.0396153 0.0462628 0.0514873 0.0547202 0.0556796 0.0544204 0.0512923 0.0468312 0.0416219 0.0361789 0.0308776 0.0259417 0.0214722 0.0174943 0.0139998
 1.04093e-16 2.59861e-05 0.000152502 0.000724896 0.00279084 0.00870291 0.0219829 0.0449807 0.0745633 0.100145 0.108999 0.0961969 0.0689743 0.0404837 0.02008 0.00958947 0.00622654 0.00669602 0.00897503 0.0121525 0.0158021 0.0195969 0.0231946 0.0262565 0.0285083 0.029791 0.0300845 0.0294912 0.0281922 0.0263923 0.0242747 0.0219768 0.0195902 0.017175 0.0147793 0.012452
 1.0416e-16 9.91171e-06 5.80947e-05 0.00027599 0.0010623 0.00331244 0.00836759 0.0171257 0.028405 0.038199 0.041705 0.0371124 0.0272766 0.0173522 0.0111003 0.00945409 0.0115872 0.0164076 0.0231527 0.0312521 0.0400529 0.0487041 0.0562231 0.0616749 0.0643805 0.0640758 0.0609677 0.0556623 0.0489993 0.0418472 0.0349277 0.0287153 0.0234235 0.019057 0.0154958 0.0125766
 1.05034e-16 2.26326e-05 0.000132813 0.000631286 0.00243041 0.00757893 0.0191439 0.0391719 0.0649356 0.0872184 0.0949415 0.0838182 0.0601596 0.0354336 0.0178071 0.00889652 0.00630495 0.0071905 0.00981133 0.0133788 0.0175055 0.0218683 0.02611 0.0298646 0.032819 0.034768 0.0356417 0.0354943 0.0344666 0.0327365 0.0304781 0.0278399 0.0249442 0.0218969 0.0188003 0.0157582
 1.01776e-16 3.24362e-05 0.000190373 0.000904943 0.00348408 0.0108648 0.0274435 0.0561533 0.0930809 0.125007 0.136037 0.120005 0.085926 0.050193 0.0244451 0.0109133 0.00606505 0.00573574 0.00736556 0.00981263 0.0125802 0.015338 0.0177718 0.0195909 0.0205832 0.0206615 0.0198811 0.0184177 0.0165178 0.0144365 0.0123853 0.0105026 0.00885095 0.00743354 0.00622002 0.00517032
 1.0163e-16 1.84525e-05 0.000108247 0.00051444 0.00198043 0.00617562 0.0155996 0.0319221 0.0529267 0.0711162 0.0774865 0.0685815 0.0496007 0.0299717 0.0164589 0.0105064 0.0102784 0.0135258 0.018795 0.0252659 0.0322847 0.0391162 0.0449405 0.0489862 0.0507014 0.0498852 0.0467344 0.0417834 0.0357644 0.0294346 0.0234263 0.0181585 0.0138211 0.010416 0.00782682 0.00588784
 1.00879e-16 3.68125e-05 0.000216073 0.00102714 0.0039546 0.0123321 0.0311498 0.063736 0.105647 0.141873 0.154364 0.136109 0.0973206 0.056573 0.0270372 0.0111966 0.00499389 0.0036686 0.00431375 0.00567875 0.00729939 0.00894808 0.0104397 0.0116055 0.012317 0.0125116 0.0122037 0.0114748 0.0104486 0.00925965 0.00802557 0.00683157 0.00572751 0.00473459 0.00385633 0.00308854
 1.00482e-16 3.02163e-05 0.000177331 0.000842921 0.00324524 0.0101199 0.0255623 0.0523048 0.0867048 0.116453 0.126754 0.111876 0.0802377 0.0471353 0.0234495 0.0113032 0.00744812 0.00803009 0.0106556 0.0142022 0.0180928 0.0218576 0.0250197 0.0271404 0.0279115 0.0272292 0.0252199 0.0222048 0.0186181 0.0149058 0.0114383 0.00845812 0.00607046 0.00426735 0.00296873 0.00206434
 1.00451e-16 3.50145e-05 0.000205511 0.000976917 0.0037612 0.011729 0.0296264 0.0606195 0.100483 0.134944 0.146842 0.129515 0.0926897 0.0540503 0.0261481 0.0113739 0.00589535 0.00520099 0.0065203 0.00862694 0.0110072 0.0133429 0.0153424 0.0167408 0.0173482 0.0170934 0.0160394 0.0143641 0.0123136 0.0101439 0.0080705 0.00623857 0.004717 0.00351169 0.00258819 0.00189443
 1.00499e-16 2.9547e-05 0.000173401 0.000824234 0.00317329 0.00989555 0.0249955 0.0511453 0.0847832 0.113874 0.12395 0.109412 0.0784912 0.046152 0.0230398 0.011238 0.00757838 0.00829804 0.0110578 0.0147544 0.0188091 0.0227409 0.0260566 0.0283011 0.0291526 0.0284993 0.0264671 0.0233829 0.0196913 0.0158508 0.0122437 0.00912267 0.00660056 0.00467463 0.00326815 0.00227272
 1.01313e-16 2.16268e-05 0.00012689 0.000603087 0.00232177 0.00724009 0.0182882 0.0374227 0.0620418 0.0833492 0.0907762 0.0802514 0.0578397 0.0345488 0.0182488 0.0105613 0.00926496 0.0116765 0.016094 0.0216288 0.0276698 0.0335812 0.038664 0.0422588 0.043888 0.0433669 0.0408454 0.0367586 0.031712 0.0263376 0.0211692 0.0165679 0.0127087 0.00961213 0.00720059 0.00535332
 1.02134e-16 2.37904e-05 0.000139601 0.000663534 0.00255454 0.00796599 0.0201217 0.0411734 0.068256 0.0916858 0.0998245 0.0881765 0.0633905 0.037542 0.0192427 0.0102212 0.0079812 0.0095381 0.0130285 0.0175436 0.0225475 0.0275346 0.0319569 0.0352906 0.037143 0.0373391 0.0359554 0.0332854 0.029756 0.0258215 0.0218724 0.018182 0.0148972 0.0120616 0.00965471 0.00762878
 1.00955e-16 3.46605e-05 0.000203434 0.000967042 0.00372318 0.0116104 0.029327 0.0600067 0.099467 0.133579 0.145355 0.128199 0.091737 0.0534741 0.0258313 0.0111722 0.00570135 0.00495309 0.00618894 0.00820405 0.0105043 0.0127929 0.0148001 0.016279 0.0170486 0.0170336 0.0162799 0.0149365 0.013215 0.0113368 0.00948964 0.00780094 0.00633403 0.00510018 0.00407873 0.00323634
 1.00118e-16 4.05584e-05 0.000238069 0.00113172 0.00435727 0.0135878 0.0343216 0.0702253 0.116402 0.15631 0.170059 0.149916 0.107121 0.0621255 0.0294186 0.0117092 0.00449803 0.00251638 0.00255119 0.00323616 0.0040981 0.00495025 0.00567012 0.00615645 0.00633906 0.00619392 0.00574886 0.0050755 0.00427108 0.00343568 0.00265258 0.00197657 0.00143181 0.00101717 0.000715387 0.000502382
 1.00056e-16 3.93929e-05 0.000231223 0.00109917 0.00423193 0.013197 0.0333343 0.0682055 0.113055 0.151818 0.16518 0.145632 0.104099 0.0604517 0.0287736 0.0117097 0.00490296 0.00324486 0.00361357 0.00466696 0.00591431 0.00712928 0.00814109 0.00880336 0.00901518 0.00874423 0.00803504 0.00699699 0.00577695 0.0045254 0.00336702 0.00238316 0.00160849 0.00103892 0.0006455 0.000388628
 1.00195e-16 3.09715e-05 0.000181765 0.000864003 0.00332641 0.0103731 0.0262017 0.0536131 0.088873 0.119364 0.129919 0.114662 0.0822177 0.048263 0.0239444 0.0114313 0.00738734 0.00785638 0.010383 0.0138201 0.017586 0.0212153 0.024239 0.0262279 0.0268819 0.0261037 0.0240233 0.0209631 0.0173569 0.0136497 0.0102107 0.00728138 0.00496558 0.00325298 0.00205985 0.00127094
 1.00837e-16 2.56238e-05 0.000150362 0.000714689 0.00275149 0.00858017 0.0216731 0.0443478 0.0735182 0.0987535 0.107518 0.0949672 0.0682617 0.0404047 0.0206673 0.0109041 0.00841615 0.00997553 0.0135589 0.0181697 0.0232132 0.0281316 0.0323297 0.0352503 0.0364934 0.0359097 0.0336355 0.0300501 0.0256771 0.0210609 0.01666 0.0127826 0.00957476 0.00704779 0.00512673 0.00369861
 1.01059e-16 3.01658e-05 0.000177038 0.000841536 0.00323992 0.0101034 0.0255204 0.0522188 0.0865611 0.116257 0.126533 0.111662 0.0800426 0.0469379 0.023199 0.0109325 0.00688509 0.00720556 0.0095139 0.0127169 0.016284 0.0198066 0.0228723 0.0250955 0.0261943 0.0260536 0.0247493 0.0225212 0.0197081 0.0166653 0.0136952 0.0110044 0.00869694 0.00679193 0.00525504 0.0040287
 1.0096e-16 2.80929e-05 0.000164863 0.00078364 0.00301698 0.00940813 0.0237644 0.0486263 0.0806083 0.108269 0.117856 0.104048 0.074677 0.0439779 0.022082 0.0109833 0.0076833 0.00861554 0.0115607 0.0154644 0.019758 0.0239537 0.0275444 0.0300575 0.031154 0.0307073 0.0288323 0.0258494 0.0221999 0.0183422 0.0146604 0.0114112 0.00871434 0.00657641 0.00493277 0.00368861
 1.01135e-16 2.75023e-05 0.000161395 0.000767155 0.00295352 0.0092102 0.0232644 0.0476034 0.0789128 0.105993 0.11538 0.101866 0.0731221 0.0430834 0.0216726 0.0108461 0.00767325 0.00866741 0.0116591 0.0156166 0.0199801 0.0242652 0.0279648 0.0306038 0.0318377 0.0315312 0.0297885 0.0269178 0.0233495 0.0195329 0.0158474 0.0125501 0.00976581 0.00751035 0.00573073 0.0043443
 1.00962e-16 3.07066e-05 0.000180213 0.00085663 0.00329804 0.0102846 0.0259782 0.0531555 0.0881135 0.118342 0.128799 0.113657 0.0814613 0.0477472 0.0235566 0.0110295 0.00684932 0.00709166 0.00933153 0.012457 0.0159331 0.0193531 0.0223095 0.0244234 0.0254203 0.0251921 0.0238213 0.0215525 0.0187273 0.0157023 0.0127785 0.0101596 0.00794404 0.00614433 0.00471849 0.00360145
 1.00993e-16 2.75692e-05 0.000161787 0.000769018 0.00296068 0.00923255 0.0233209 0.047719 0.0791047 0.106251 0.115663 0.10212 0.0733127 0.0432127 0.0217688 0.0109446 0.00780426 0.00885295 0.0119134 0.0159449 0.0203761 0.024708 0.0284186 0.0310211 0.0321652 0.0317197 0.0298013 0.0267386 0.0229851 0.019012 0.0152147 0.0118583 0.00906685 0.00684886 0.00513927 0.00384193
 1.01219e-16 2.75915e-05 0.00016192 0.00076965 0.00296312 0.00924017 0.0233401 0.0477582 0.0791692 0.106336 0.115752 0.102191 0.073346 0.043197 0.0216961 0.0108029 0.00757466 0.00851188 0.0114392 0.0153261 0.0196199 0.0238461 0.0275093 0.0301444 0.0314125 0.0311781 0.0295383 0.0267893 0.0233464 0.0196443 0.0160511 0.012817 0.0100654 0.00781502 0.00601861 0.0046006
 1.01271e-16 2.75978e-05 0.000161956 0.000769825 0.00296379 0.00924226 0.0233454 0.047769 0.0791871 0.10636 0.115779 0.102214 0.0733624 0.0432064 0.0217003 0.010804 0.00757402 0.00850976 0.0114351 0.0153192 0.0196087 0.0238294 0.0274856 0.030113 0.0313735 0.031133 0.02949 0.0267422 0.0233055 0.0196152 0.0160384 0.0128239 0.0100929 0.00786181 0.00608132 0.00467432
 1.02805e-16 8.53152e-06 4.99873e-05 0.000237437 0.000913842 0.00284947 0.00719822 0.0147335 0.0244411 0.0328804 0.0359298 0.0320482 0.0237168 0.0154064 0.0104024 0.00956653 0.0122465 0.0175441 0.0248064 0.0334886 0.042908 0.0521511 0.0601569 0.0659122 0.0686777 0.0681597 0.0645735 0.0585691 0.0510567 0.0429875 0.0351646 0.0281323 0.0221557 0.0172708 0.0133702 0.0102856
 1.05029e-16 2.40506e-05 0.000141142 0.000670896 0.00258294 0.00805459 0.0203453 0.0416297 0.0690081 0.0926825 0.100874 0.08902 0.0638146 0.0374287 0.0185183 0.00877376 0.00562163 0.00602453 0.00813348 0.0111406 0.0146967 0.0185478 0.0224177 0.0260123 0.0290622 0.031365 0.0328086 0.033369 0.0330903 0.0320566 0.0303693 0.0281363 0.025473 0.0225057 0.0193743 0.0162261
 1.04461e-16 1.42636e-05 8.36533e-05 0.000397519 0.00153025 0.00477175 0.0120536 0.0246667 0.0409013 0.0549702 0.059926 0.0531147 0.0385791 0.0236409 0.0135776 0.00956667 0.0102527 0.0139465 0.0195403 0.0263632 0.0338116 0.0411619 0.0475921 0.0523213 0.0547817 0.0547508 0.0523966 0.0482173 0.0429019 0.0371592 0.0315732 0.0265214 0.0221664 0.0185026 0.0154288 0.0128161
pSPR Fmed_Fpbrs
0.466391   0.6 0.325
Fs Fmed_Fpbrs
0.64   0.370587 1.2057
SSBpbr Bo_Bmed_Bpbrs
587694  244711  323232 161616
Ro
22925.4
SPR SPRFo_SPRFmed_SPRFpbrs
473506 220839 153890
log_Ro
9.86
likeval ReclasPelacesDesembMPH_pf_preclas_ppelaces_ptallas_desvR_qrecl_qpela
 78.9239 0.00015594 0.147195 39.4228 361.506 213.318 58.6345 0 27.2828 1.93275e-05 0.000202257 7.45526e-16 0 0 0
q_reclas_q_pelaces
1.86447 7.56341
M
0.7
N
 20489 17522 7520 994.677 0.150688
 41364.2 9732.62 5752.44 2468.8 326.601
 6383.03 19188.9 2562.58 1514.61 736.025
 9533.7 2743.91 2484.15 331.746 291.361
 37808.9 4412.47 707.037 640.105 160.559
 15953.8 18479.5 1889.68 302.794 342.891
 59651.7 6991.87 2863.99 292.866 100.07
 55614.4 26282.8 1138.96 466.537 64.0083
 88449.9 23812.4 3278.8 142.086 66.1858
 116867 37309.2 2584.03 355.803 22.6009
 62797.1 53398 8527.17 590.591 86.4856
 45599.6 27460.1 8105.9 1294.44 102.781
 50457.1 19961.8 4211.25 1243.11 214.276
 30569.1 19946.9 1183.6 249.699 86.4135
 14300.8 9647.32 144.941 8.60048 2.44232
 10303.1 4765.88 116.472 1.74988 0.13332
 6704.24 4396.06 575.447 14.0632 0.227383
 8152.22 2898.95 601.099 78.6842 1.95403
 8958.23 3562.06 436.897 90.5908 12.1529
 8757.53 4013.63 678.156 83.1778 19.5607
 17014.7 3856.03 649.737 109.782 16.6316
 24096.6 7900.18 1023.71 172.495 33.5607
 35385.9 11180.3 2083.22 269.947 54.3355
 53515.6 16381.1 2886.63 537.866 83.7262
 12665.8 24889.1 4416.29 778.224 167.579
 27102.4 5977.65 7693 1365.04 292.34
 6746.18 12454.7 1441.34 1854.95 399.629
pred_Ctot
 641.655 4372.84 1876.71 248.235 0.0376062
 1965.58 3408.97 2014.86 864.729 114.396
 621.828 10985.1 1467 867.067 421.353
 467.971 985.43 892.143 119.141 104.638
 428.889 440.371 70.5634 63.8834 16.0241
 1357.42 9752.71 997.293 159.802 180.964
 4869.54 3595.13 1472.63 150.588 51.4545
 5557.64 15267.6 661.62 271.01 37.1823
 9668.65 14537.3 2001.69 86.7427 40.406
 6747.26 15131.9 1048.03 144.306 9.16645
 5432.97 28474.3 4547.09 314.931 46.1183
 3912.98 14569.1 4300.64 686.774 54.5314
 7497.32 14125.6 2980.02 879.668 151.629
 8223.34 16987.2 1007.98 212.649 73.5915
 3460.77 8020.34 120.498 7.15005 2.03043
 1052.36 2802.93 68.5001 1.02915 0.0784086
 628.133 2459.85 321.996 7.86917 0.127234
 709.362 1551.34 321.671 42.107 1.04568
 633.568 1666.86 204.445 42.3918 5.68692
 718.704 2070.72 349.875 42.9132 10.0918
 798.295 1337.35 225.342 38.0745 5.76817
 1142.42 2762.22 357.932 60.3112 11.7342
 1731.84 4006.13 746.464 96.7278 19.4696
 2450.97 5575.45 982.488 183.067 28.4969
 453.151 6943.9 1232.12 217.12 46.7535
 1460.45 2303.96 2965.1 526.125 112.676
 689.402 7327.03 847.93 1091.25 235.099
F
 0.0444063 0.413832 0.413832 0.413832 0.413832
 0.0680816 0.634468 0.634468 0.634468 0.634468
 0.144261 1.3444 1.3444 1.3444 1.3444
 0.070398 0.656054 0.656054 0.656054 0.656054
 0.0158843 0.148029 0.148029 0.148029 0.148029
 0.124951 1.16445 1.16445 1.16445 1.16445
 0.119606 1.11463 1.11463 1.11463 1.11463
 0.148235 1.38144 1.38144 1.38144 1.38144
 0.163196 1.52086 1.52086 1.52086 1.52086
 0.083267 0.775983 0.775983 0.775983 0.775983
 0.127176 1.18518 1.18518 1.18518 1.18518
 0.126081 1.17497 1.17497 1.17497 1.17497
 0.228051 2.12526 2.12526 2.12526 2.12526
 0.45331 4.2245 4.2245 4.2245 4.2245
 0.39883 3.71678 3.71678 3.71678 3.71678
 0.151739 1.41409 1.41409 1.41409 1.41409
 0.138392 1.28971 1.28971 1.28971 1.28971
 0.127951 1.19241 1.19241 1.19241 1.19241
 0.102875 0.958717 0.958717 0.958717 0.958717
 0.120277 1.12088 1.12088 1.12088 1.12088
 0.0671944 0.626199 0.626199 0.626199 0.626199
 0.0679208 0.632969 0.632969 0.632969 0.632969
 0.0701842 0.654062 0.654062 0.654062 0.654062
 0.0655451 0.610829 0.610829 0.610829 0.610829
 0.0508752 0.474117 0.474117 0.474117 0.474117
 0.077523 0.722454 0.722454 0.722454 0.722454
 0.151822 1.41486 1.41486 1.41486 1.41486
Np
 14391.4 6867.95 986.658 515.126 80.0496
YTP_r0W_actual
 1554.54 61199.6 10295.7 16921.4 4045.55
YTP_p0W_proyectada
 3316.25 14142.7 10733.8 1586.36 2538.93
 3316.25 33747.5 7047.86 4699.14 810.364
CTP_r0_actual
 189.578 2833.32 327.889 421.981 90.9113
CTP_p0_proyectada
 404.421 654.753 341.841 39.56 57.0547
 404.421 1562.38 224.454 117.185 18.2104
Wmedp
 8.2 21.6 31.4 40.1 44.5
nmprior
 10.8 10.6 4.6 0
nm_flota  nm_reclas  nm_pelaces    nm_pelaL
inf 22.2508 9.30044 22.6937
cv_recla  cv_pelaces  cv_mph
0.76937 0.455983 0.503421
 ------------------------------------------------
Talla a la edad & desviaci?n 
 7.2 14.2025 17.0495 18.207 18.6776
 1.08 2.13037 2.55742 2.73105 2.80164
