years
 1997 1998 1999 2000 2001 2002 2003 2004 2005 2006 2007 2008 2009 2010 2011 2012 2013 2014 2015 2016 2017 2018 2019 2020 2021 2022 2023
reclasobs
 0 0 0 370054 412103 1.49427e+06 250295 1.28982e+06 931140 785840 897777 1.04006e+06 184774 17550 25797 100020 73551 82996 120727 218422 84188 347160 605670 569463 516374 1.08416e+06 1.01767e+06
reclaspred
 422050 122707 405162 278676 348342 393815 841894 563870 653748 569921 443834 296291 176577 84905.6 68410.2 72432.7 88376.1 127902 142683 202042 305175 304564 555918 724770 843704 774944 737704
pelacesobs
 0 0 0 0 0 0 0 0 0 2.06254e+06 1.5e+06 0 1.87456e+06 323000 250000 174000 83755 137374 0 501740 490994 745055 786931 1.00524e+06 1.33801e+06 1.41789e+06 0
pelacespred
 1.53706e+06 391761 773216 823962 879635 827337 1.97784e+06 1.64655e+06 1.69471e+06 1.49126e+06 1.04135e+06 716566 422963 169131 138148 155790 199126 288877 330024 457256 770053 730514 1.10361e+06 1.65171e+06 1.90606e+06 1.9435e+06 1.76421e+06
mphobs
 0 0 0 0 0 0 112323 0 153150 637223 0 255016 313432 73983 77613 109348 50772 17779 17303 59886 28197 0 207744 136588 643089 65757 70829
mphpred
 152123 102761 133231 174542 162160 218401 320977 367136 323260 336604 295702 205154 122282 84454.7 43653.1 43037.1 50212.7 71139.9 28439.4 32779.1 50527.1 64515.7 87714.8 133210 173879 172170 150716
desembarqueobs
 350755 77701 442110 56441 14545 235359 269955 359681 431902 328805 639364 411747 362871 311530 167758 66681 60226 58785 57116 73181 50977 67692 138656 160484 209506 203330 245020
desembarquepred
 350767 77705.4 442164 56443.5 14545.2 235430 269991 359718 431944 328873 639763 412106 363487 311978 167789 66695.6 60249.6 58789.9 57113.9 73184.7 50977.2 67687.7 138657 160488 209520 203340 245020
Reclutas
 68863 84937.5 52220.2 70055.2 105545 77850 129886 125240 162153 133241 66482.1 41062.1 39737.9 27240.4 22159.2 24462.4 19835.7 26176 30940.8 49032.8 73338.5 106994 158694 202869 73828.6 101475 167345
log_desv_Rt
 0.019874 0.229671 -0.256775 0.0370391 0.44689 0.142539 0.654413 0.617988 0.876293 0.679915 -0.0153127 -0.49716 -0.52994 -0.907545 -1.11399 -1.01511 -1.22476 -0.947402 -0.78017 -0.319755 0.0828404 0.460527 0.854733 1.10032 0.089501 0.407568 0.907814
SSB
 819993 553913 718157 940840 874096 1.17725e+06 1.68882e+06 1.96082e+06 1.71018e+06 1.78241e+06 1.59393e+06 1.10584e+06 676844 345680 183591 182408 219663 300713 395916 475571 701900 876034 1.21926e+06 1.78093e+06 2.51115e+06 2.54637e+06 2.11371e+06
BT
 2.84008e+06 779147 1.51981e+06 1.42339e+06 1.46671e+06 1.55784e+06 3.45818e+06 3.13329e+06 3.19958e+06 2.78539e+06 2.30555e+06 1.56787e+06 1.0581e+06 579630 370115 312706 379479 524995 594892 815951 1.31579e+06 1.27112e+06 1.91992e+06 2.86371e+06 3.31591e+06 3.39541e+06 3.13329e+06
Ftot
 0.366014 0.269307 0.37066 0.0705222 0.0160111 0.180536 0.117736 0.232829 0.254688 0.198325 0.430187 0.405496 0.647711 1.17123 0.967769 0.340955 0.25298 0.171132 0.136323 0.136311 0.0646824 0.0788105 0.0846258 0.0806198 0.0719421 0.0785115 0.111889
BD_Bspro_t
 0.956502 0.799605 0.773962 0.675449 0.764914 0.852412 0.818962 0.824405 0.778158 0.749169 0.705634 0.554146 0.439207 0.321382 0.221417 0.259117 0.375616 0.537307 0.658295 0.74374 0.824083 0.884455 0.898156 0.903092 0.907305 0.882225 0.861223
BD_Bspro
 0.588094 0.397263 0.515057 0.674764 0.626896 0.844318 1.21121 1.40629 1.22653 1.27833 1.14315 0.793104 0.485428 0.24792 0.13167 0.130822 0.157541 0.215669 0.283949 0.341076 0.503398 0.628286 0.874449 1.27727 1.80098 1.82624 1.51594
BD_Bo
 0.295678 0.199733 0.258958 0.339254 0.315187 0.424501 0.608966 0.707045 0.616668 0.642712 0.574748 0.398752 0.244061 0.124648 0.0662003 0.065774 0.0792074 0.108433 0.142762 0.171484 0.253095 0.315886 0.43965 0.642179 0.905485 0.918186 0.762176
BD_Brms
 0.537597 0.363152 0.470832 0.616826 0.573068 0.771821 1.10721 1.28554 1.12121 1.16857 1.045 0.725004 0.443747 0.226632 0.120364 0.119589 0.144013 0.197151 0.259567 0.31179 0.460174 0.574338 0.799364 1.1676 1.64634 1.66943 1.38577
S_f
 0.192834 1 1 1 1
 0.192834 1 1 1 1
 0.192834 1 1 1 1
 0.192834 1 1 1 1
 0.192834 1 1 1 1
 0.192834 1 1 1 1
 0.192834 1 1 1 1
 0.192834 1 1 1 1
 0.192834 1 1 1 1
 0.192834 1 1 1 1
 0.192834 1 1 1 1
 0.192834 1 1 1 1
 0.192834 1 1 1 1
 0.192834 1 1 1 1
 0.192834 1 1 1 1
 0.192834 1 1 1 1
 0.192834 1 1 1 1
 0.192834 1 1 1 1
 0.192834 1 1 1 1
 0.192834 1 1 1 1
 0.192834 1 1 1 1
 0.192834 1 1 1 1
 0.192834 1 1 1 1
 0.192834 1 1 1 1
 0.192834 1 1 1 1
 0.192834 1 1 1 1
 0.192834 1 1 1 1
Scru_reclas
 0.975599 1 1 1 1
 0.975599 1 1 1 1
 0.975599 1 1 1 1
 0.975599 1 1 1 1
 0.975599 1 1 1 1
 0.975599 1 1 1 1
 0.975599 1 1 1 1
 0.975599 1 1 1 1
 0.975599 1 1 1 1
 0.975599 1 1 1 1
 0.975599 1 1 1 1
 0.975599 1 1 1 1
 0.975599 1 1 1 1
 0.975599 1 1 1 1
 0.975599 1 1 1 1
 0.975599 1 1 1 1
 0.975599 1 1 1 1
 0.975599 1 1 1 1
 0.975599 1 1 1 1
 0.975599 1 1 1 1
 0.975599 1 1 1 1
 0.975599 1 1 1 1
 0.975599 1 1 1 1
 0.975599 1 1 1 1
 0.975599 1 1 1 1
 0.975599 1 1 1 1
 0.975599 1 1 1 1
Scru_pelaces
 1 1 1 1 1
 1 1 1 1 1
 1 1 1 1 1
 1 1 1 1 1
 1 1 1 1 1
 1 1 1 1 1
 1 1 1 1 1
 1 1 1 1 1
 1 1 1 1 1
 1 1 1 1 1
 1 1 1 1 1
 1 1 1 1 1
 1 1 1 1 1
 1 1 1 1 1
 1 1 1 1 1
 1 1 1 1 1
 1 1 1 1 1
 1 1 1 1 1
 1 1 1 1 1
 1 1 1 1 1
 1 1 1 1 1
 1 1 1 1 1
 1 1 1 1 1
 1 1 1 1 1
 1 1 1 1 1
 1 1 1 1 1
 1 1 1 1 1
pf_obs 
 0.256992 0.487395 0.22802 0.0275931 0
 0.321318 0.546541 0.124235 0.00734118 0.000564706
 0.182869 0.594174 0.210203 0.0122559 0.00049798
 0.330522 0.361315 0.267642 0.0388342 0.00168674
 0.649043 0.306663 0.0425973 0.00169635 0
 0.582887 0.30429 0.105238 0.00758474 0
 0.465427 0.430635 0.0974691 0.00646863 0
 0.296916 0.608066 0.0921331 0.00288517 0
 0.311714 0.524322 0.152257 0.0117073 0
 0.15457 0.633149 0.183074 0.0267441 0.00246327
 0.131901 0.49318 0.331252 0.0422183 0.00144891
 0.196976 0.569456 0.194076 0.0375587 0.00193317
 0.518974 0.381816 0.0799577 0.0180837 0.00116848
 0.0928022 0.601141 0.25162 0.0475244 0.00691264
 0.122501 0.610282 0.24278 0.0234846 0.000952079
 0.383417 0.481906 0.127806 0.00687128 0
 0.0376549 0.599619 0.316969 0.0457579 0
 0.0361596 0.667082 0.258105 0.0386534 0
 0.158088 0.579412 0.248529 0.0139706 0
 0.0477256 0.309471 0.559284 0.082774 0.000745712
 0.0406174 0.521527 0.379366 0.0568643 0.0016247
 0.151134 0.462217 0.34131 0.0453401 0
 0.294876 0.26143 0.354403 0.0886775 0.000613685
 0.281977 0.475581 0.204845 0.0348837 0.00271318
 0.0841818 0.532909 0.334909 0.0458182 0.00218182
 0.115287 0.27431 0.454777 0.147771 0.00785563
 0 0 0 0 0
pf_pred 
 0.379825 0.438216 0.162782 0.019166 1.11866e-05
 0.308353 0.546483 0.102573 0.0381024 0.00448878
 0.171212 0.599676 0.181025 0.0339778 0.0141086
 0.243146 0.423826 0.240965 0.0727406 0.0193223
 0.273872 0.459176 0.149489 0.0849914 0.0324717
 0.168746 0.551379 0.176982 0.0576181 0.0452744
 0.271668 0.388519 0.225401 0.0723496 0.042062
 0.217984 0.524835 0.13719 0.0795914 0.0403998
 0.261578 0.455359 0.189972 0.0496579 0.0434326
 0.194851 0.542496 0.161969 0.067572 0.0331117
 0.118858 0.510031 0.250049 0.074655 0.0464074
 0.12122 0.405078 0.274193 0.134426 0.0650831
 0.189339 0.375785 0.200458 0.135688 0.0987299
 0.213049 0.489732 0.137777 0.0734956 0.0859464
 0.278361 0.515761 0.128121 0.0360444 0.0417123
 0.306863 0.528296 0.117813 0.0292662 0.0177617
 0.211113 0.575034 0.162995 0.0363489 0.0145095
 0.258189 0.451937 0.211294 0.0598919 0.0186877
 0.247602 0.497498 0.155294 0.0726044 0.0270014
 0.299434 0.451779 0.164503 0.0513493 0.0329356
 0.299939 0.491618 0.134421 0.0489454 0.0250778
 0.291007 0.493355 0.151432 0.0414053 0.0228012
 0.293084 0.486414 0.153437 0.0470964 0.0199687
 0.263975 0.508446 0.156593 0.0493963 0.0215905
 0.0883976 0.600383 0.21499 0.0662133 0.0300159
 0.159837 0.287252 0.364148 0.130397 0.0583655
 0.254782 0.376722 0.125989 0.159716 0.0827915
pobs_RECLAS
 0 0 0 0 0
 0 0 0 0 0
 0 0 0 0 0
 0 0 0 0 0
 0.835266 0.146461 0.0176864 0.000547809 3.91292e-05
 0.385257 0.428462 0.181853 0.0044286 0
 0.867414 0.0963971 0.0333333 0.00285562 0
 0.441836 0.489002 0.0689373 0.000224442 0
 0.779404 0.147425 0.0564933 0.0165055 0.000172143
 0.814271 0.122319 0.05973 0.00367925 0
 0.40263 0.566651 0.0304383 0.000280538 0
 0.475488 0.404961 0.113038 0.00651328 0
 0.955842 0.0263864 0.0167828 0.000988607 0
 0.975058 0.0227948 0.00214734 0 0
 0.738997 0.206755 0.0527124 0.00153531 0
 0.850938 0.134255 0.0134407 0.00136685 0
 0.542534 0.407297 0.0501686 0 0
 0.764087 0.199537 0.0359546 0.000420521 0
 0.470689 0.182191 0.310203 0.0369168 0
 0.84361 0.089868 0.0606195 0.00523954 0.000663233
 0.607945 0.314616 0.071237 0.00620181 0
 0.523733 0.453247 0.0230204 0 0
 0.530135 0.295979 0.169645 0.0042399 0
 0.562478 0.366248 0.0663022 0.0049721 0
 0.250443 0.683176 0.0655157 0.000865301 0
 0.195077 0.31981 0.436473 0.0351445 0.0134964
 0.565238 0.351407 0.0832357 0.000118908 0
ppred_RECLAS
 0.760098 0.169515 0.062969 0.00741395 4.3273e-06
 0.696099 0.240118 0.0450693 0.0167417 0.00197232
 0.516694 0.3497 0.105565 0.0198141 0.00822738
 0.619918 0.21284 0.12101 0.0365294 0.00970343
 0.656315 0.217333 0.0707547 0.0402274 0.0153693
 0.509094 0.325623 0.104519 0.0340269 0.0267372
 0.654999 0.184036 0.10677 0.034271 0.0199242
 0.588253 0.276336 0.072233 0.0419064 0.0212713
 0.645166 0.218814 0.0912872 0.0238621 0.0208707
 0.553105 0.30111 0.0899001 0.0375055 0.0183785
 0.412215 0.340228 0.166801 0.0498003 0.0309571
 0.417171 0.268658 0.181852 0.0891549 0.0431648
 0.553119 0.207153 0.110504 0.0747986 0.0544253
 0.603716 0.246614 0.0693802 0.0370101 0.0432799
 0.679047 0.229388 0.0569826 0.0160309 0.0185518
 0.695684 0.231944 0.0517249 0.0128491 0.0077981
 0.578665 0.307119 0.0870537 0.0194135 0.00774934
 0.639905 0.219382 0.102568 0.0290731 0.00907152
 0.626416 0.24702 0.077107 0.0360499 0.0134068
 0.685317 0.202932 0.0738918 0.0230653 0.0147941
 0.684993 0.221213 0.0604852 0.022024 0.0112843
 0.675824 0.225579 0.06924 0.0189319 0.0104255
 0.678089 0.2215 0.0698711 0.0214465 0.00909322
 0.645618 0.244807 0.0753965 0.0237834 0.0103954
 0.329914 0.44132 0.158031 0.048671 0.0220636
 0.491422 0.173883 0.220431 0.0789335 0.0353305
 0.634986 0.184521 0.0617104 0.0782301 0.0405519
pobs_PELACES
 0 0 0 0 0
 0 0 0 0 0
 0 0 0 0 0
 0 0 0 0 0
 0 0 0 0 0
 0 0 0 0 0
 0 0 0 0 0
 0 0 0 0 0
 0 0 0 0 0
 0 0 0 0 0
 0.450072 0.473896 0.0757376 0.000293798 0
 0 0 0 0 0
 0.463077 0.371075 0.160297 0.00555027 0
 0.529543 0.364841 0.0842815 0.0213345 0
 0.631943 0.363953 0.00410389 0 0
 0.735681 0.248677 0.0153453 0.000297389 0
 0.695825 0.281241 0.0229344 0 0
 0.275771 0.60734 0.115278 0.00161068 0
 0 0 0 0 0
 0.896147 0.0623911 0.0374545 0.00400742 0
 0.803859 0.145111 0.0509908 3.86294e-05 0
 0.739449 0.233085 0.0266225 0.000797448 4.60066e-05
 0.878498 0.100942 0.0204185 0.000141795 0
 0.694673 0.275183 0.0284847 0.00165964 0
 0.469039 0.446079 0.0841089 0.000773354 0
 0.822795 0.102175 0.0682046 0.00682512 0
 0 0 0 0 0
ppred_PELACES
 0.781668 0.154273 0.0573073 0.00674735 3.93822e-06
 0.716106 0.22431 0.0421022 0.0156396 0.00184247
 0.547416 0.327471 0.0988543 0.0185546 0.0077044
 0.63011 0.207132 0.117765 0.0355498 0.00944323
 0.662819 0.21322 0.0694157 0.0394661 0.0150784
 0.527266 0.313569 0.10065 0.0327674 0.0257475
 0.667555 0.177338 0.102884 0.0330237 0.019199
 0.609086 0.262355 0.0685784 0.0397861 0.020195
 0.666056 0.205932 0.0859129 0.0224573 0.0196419
 0.572181 0.288257 0.0860627 0.0359046 0.017594
 0.446326 0.320483 0.157121 0.0469102 0.0291605
 0.449749 0.253641 0.171687 0.0841714 0.040752
 0.601211 0.18486 0.0986116 0.0667491 0.0485682
 0.680843 0.198617 0.055877 0.029807 0.0348565
 0.73728 0.187768 0.0466438 0.0131223 0.0151858
 0.719575 0.213735 0.0476642 0.0118403 0.00718591
 0.60094 0.290882 0.0824513 0.0183872 0.00733965
 0.655937 0.209615 0.0980013 0.0277788 0.00866765
 0.640581 0.237654 0.0741834 0.034683 0.0128985
 0.698324 0.194544 0.0708377 0.0221119 0.0141827
 0.693971 0.214909 0.0587615 0.0213963 0.0109627
 0.685754 0.218669 0.0671191 0.018352 0.0101062
 0.688314 0.214465 0.0676518 0.0207653 0.00880439
 0.65611 0.237559 0.0731641 0.0230792 0.0100876
 0.339683 0.434886 0.155728 0.0479614 0.0217419
 0.502826 0.169984 0.215488 0.0771637 0.0345383
 0.647524 0.178183 0.0595907 0.0755429 0.039159
pobs_pel_tallas
 0 0 0 0 0 0 0 0 0 0 0 0 0 0 0 0 0 0 0 0 0 0 0 0 0 0 0 0 0 0 0 0 0 0 0 0
 0 0 0 0 0 0 0 0 0 0 0 0 0 0 0 0 0 0 0 0 0 0 0 0 0 0 0 0 0 0 0 0 0 0 0 0
 0 0 0 0 0 0 0 0 0 0 0 0 0 0 0 0 0 0 0 0 0 0 0 0 0 0 0 0 0 0 0 0 0 0 0 0
 0 0 0 0 0 0 0 0 0 0 0 0 0 0 0 0 0 0 0 0 0 0 0 0 0 0 0 0 0 0 0 0 0 0 0 0
 0 0 0 0 0 0 0 0 0 0 0 0 0 0 0 0 0 0 0 0 0 0 0 0 0 0 0 0 0 0 0 0 0 0 0 0
 0 0 0 0 0 0 0 0 0 0 0 0 0 0 0 0 0 0 0 0 0 0 0 0 0 0 0 0 0 0 0 0 0 0 0 0
 0 0 0 0 0 0 0 0 0 0 0 0 0 0 0 0 0 0 0 0 0 0 0 0 0 0 0 0 0 0 0 0 0 0 0 0
 0 0 0 0 0 0 0 0 0 0 0 0 0 0 0 0 0 0 0 0 0 0 0 0 0 0 0 0 0 0 0 0 0 0 0 0
 0 0 0 0 0 0 0 0 0 0 0 0 0 0 0 0 0 0 0 0 0 0 0 0 0 0 0 0 0 0 0 0 0 0 0 0
 0 0 0 0 0 0 0 0 0 0 0 0 0 0 0 0 0 0 0 0 0 0 0 0 0 0 0 0 0 0 0 0 0 0 0 0
 0 0 0 0 0 0 0 0 1.78061e-05 0.00172719 0.00360574 0.0105946 0.0120993 0.0124554 0.0147524 0.0171206 0.0266825 0.0428682 0.0675386 0.121331 0.153587 0.119568 0.100827 0.0573624 0.0630603 0.0341343 0.0324427 0.0444173 0.0211091 0.0280891 0.0125444 0.00206551 0 0 0 0
 0 0 0 0 0 0 0 0 0 0 0 0 0 0 0 0 0 0 0 0 0 0 0 0 0 0 0 0 0 0 0 0 0 0 0 0
 0 0 0 0 0 0 0.0133647 0.0140871 0.0187388 0.0205184 0.03894 0.0496705 0.03968 0.0493445 0.0407372 0.0367815 0.0215668 0.0243155 0.0234873 0.0199281 0.019796 0.0243948 0.0301388 0.0376714 0.0412746 0.0863199 0.0771752 0.113111 0.0741005 0.0525337 0.0229764 0.00759418 0.00175318 0 0 0
 0 0 0 0 0 0 0 0 0 0 0.00219441 0.00772107 0.0458388 0.0604681 0.0671733 0.0775358 0.0609151 0.0617685 0.073594 0.0568108 0.0755445 0.0548602 0.0670107 0.0636378 0.0643287 0.046367 0.0373049 0.0286899 0.0247887 0.0153202 0.00654259 0.00121912 0.000365735 0 0 0
 0 0 0 0 0 0 0 0 0 0 0 0 0.000112435 0.00938835 0.0111873 0.0202946 0.0414886 0.0713402 0.111592 0.104902 0.108894 0.110636 0.117776 0.105296 0.107544 0.0401394 0.0192827 0.0124803 0.00416011 0.0028671 0.000618394 0 0 0 0 0
 0 0 0 0 0 0 0 0 0 0 0.00291406 0.0102884 0.027416 0.0768956 0.0749926 0.110853 0.0956884 0.0897413 0.0766577 0.0534642 0.0500743 0.0551293 0.0594112 0.0620874 0.0668451 0.0424026 0.0208742 0.0120726 0.0048766 0.00582813 0.00118941 0.000297354 0 0 0 0
 0 0.00264628 0.0354308 0.0461629 0.0458689 0.0383711 0.0214643 0.0164657 0.0346957 0.0420465 0.0363128 0.0245516 0.0311673 0.0291091 0.0169068 0.0133784 0.00837989 0.0085269 0.0148486 0.0160247 0.0276389 0.0546898 0.0760071 0.122758 0.109233 0.0665981 0.0333725 0.0166128 0.00676272 0.00308733 0.000882094 0 0 0 0 0
 0 0 0 0 0 0 0 0.000805153 0.000690131 0.00759144 0.0133425 0.0154129 0.00931677 0.000345066 0.00356568 0.00563607 0.00851162 0.0253048 0.0502646 0.0516448 0.0657925 0.0565908 0.0611916 0.0827007 0.0866115 0.110766 0.145733 0.0935128 0.0569358 0.0249597 0.0138026 0.00621118 0.00161031 0.00115022 0 0
 0 0 0 0 0 0 0 0 0 0 0 0 0 0 0 0 0 0 0 0 0 0 0 0 0 0 0 0 0 0 0 0 0 0 0 0
 0.00147267 0.00158595 0.00478618 0.00569244 0.00954404 0.0108468 0.00647125 0.017049 0.0510054 0.094081 0.124002 0.0959785 0.0687766 0.0820023 0.061753 0.0591476 0.0492212 0.0479892 0.0443925 0.0268479 0.0217502 0.0140895 0.0121071 0.0120363 0.00920419 0.00665534 0.0049561 0.00860946 0.00930331 0.0156896 0.0114698 0.00855282 0.00243557 0.00046729 0 2.83206e-05
 0 0 0 0 0.000772559 0.00158375 0.000888443 0.00281984 0.00712685 0.0440552 0.0773331 0.111326 0.0921469 0.0852325 0.0710754 0.0886704 0.0786465 0.0553345 0.0373146 0.0185414 0.00753245 0.00457741 0.012979 0.0271748 0.0457355 0.0583668 0.034881 0.0177882 0.00938659 0.00492506 0.0015258 0.00185414 0.000309023 5.79419e-05 3.86279e-05 0
 0 0.00173294 0.00326652 0 0.00397197 0.00683976 0.00946217 0.0152591 0.00757587 0.0136028 0.0228656 0.0392903 0.0559909 0.0764795 0.0681675 0.0726916 0.0566044 0.0477403 0.0527397 0.0444891 0.0609904 0.0582453 0.0661739 0.0445044 0.0529084 0.0360697 0.0280645 0.0235558 0.0158879 0.00826598 0.00280645 0.00217768 0.000904811 0.00058276 9.20147e-05 0
 0 0 0 0 0 0 0 0 0 0 0 0 0 0 0 0 0 0 0 0 0 0 0 0 0 0 0 0 0 0 0 0 0 0 0 0
 0 0 0 0 0 0 0 0 0 0 0 0 0 0 0 0 0 0 0 0 0 0 0 0 0 0 0 0 0 0 0 0 0 0 0 0
 0 0 0 0 0 0 0 0 0 0 0 0 0 0 0 0 0 0 0 0 0 0 0 0 0 0 0 0 0 0 0 0 0 0 0 0
 0 0 0 0 0 0 0 0 0 0 0 0 0 0 0 0 0 0 0 0 0 0 0 0 0 0 0 0 0 0 0 0 0 0 0 0
 0 0 0 0 0 0 0 0 0 0 0 0 0 0 0 0 0 0 0 0 0 0 0 0 0 0 0 0 0 0 0 0 0 0 0 0
ppred_pel_tallas
 1.01096e-16 3.41034e-05 0.000200164 0.000951498 0.00366333 0.0114238 0.0288555 0.059042 0.097868 0.131432 0.143018 0.126137 0.0902613 0.0526129 0.0254141 0.0109912 0.00561166 0.00488455 0.00612024 0.00813967 0.0104642 0.012809 0.0149139 0.0165362 0.0174922 0.0176949 0.0171701 0.016042 0.014496 0.012732 0.0109246 0.00919868 0.0076259 0.00623397 0.00502339 0.00398247
 1.01295e-16 3.12474e-05 0.00018339 0.000871739 0.00335622 0.010466 0.0264364 0.0540929 0.0896668 0.120425 0.131061 0.115638 0.0828492 0.0484963 0.0238065 0.0109467 0.00653132 0.00656027 0.00856758 0.0114354 0.0146467 0.0178263 0.0206043 0.0226366 0.0236716 0.0236068 0.0225101 0.0205944 0.0181594 0.0155183 0.0129352 0.0105883 0.00856405 0.00687499 0.0054882 0.00435293
 1.02508e-16 2.3896e-05 0.000140221 0.000666488 0.00256591 0.00800147 0.0202113 0.0413567 0.0685595 0.0920923 0.100264 0.0885584 0.0636507 0.0376673 0.0192541 0.0101424 0.00782025 0.00928708 0.0126723 0.0170698 0.0219542 0.0268361 0.0311864 0.0344984 0.0363915 0.0366937 0.0354748 0.0330128 0.0297131 0.026007 0.0222643 0.0187427 0.0155797 0.0128161 0.0104337 0.00839095
 1.03403e-16 2.7497e-05 0.000161373 0.000767072 0.00295323 0.00920933 0.0232621 0.0475979 0.078901 0.105968 0.115332 0.101772 0.0729421 0.0427522 0.0210923 0.00988298 0.00616362 0.00643577 0.00855207 0.0115497 0.0149889 0.0185453 0.0218859 0.0246842 0.0266783 0.0277213 0.0278033 0.0270356 0.0256072 0.0237301 0.0215937 0.0193397 0.0170604 0.0148118 0.0126329 0.0105587
 1.03116e-16 2.89234e-05 0.000169747 0.000806882 0.00310651 0.00968732 0.0244695 0.0500683 0.0829957 0.111467 0.121314 0.107045 0.0767072 0.0449309 0.0221134 0.0102679 0.0062707 0.00643101 0.00847881 0.0113914 0.0146999 0.0180625 0.0211361 0.0235939 0.0251864 0.025793 0.0254425 0.0242914 0.0225737 0.0205372 0.0183909 0.0162766 0.0142675 0.0123857 0.0106276 0.00898567
 1.0386e-16 2.30168e-05 0.000135061 0.000641958 0.00247147 0.00770697 0.0194674 0.0398345 0.0660361 0.0887028 0.0965743 0.0852996 0.0613095 0.0362841 0.0185519 0.00978207 0.00755759 0.00899259 0.0122914 0.0165894 0.0213903 0.0262335 0.0306191 0.0340657 0.0362075 0.0368726 0.0361131 0.0341735 0.0314152 0.0282212 0.0249168 0.0217245 0.01876 0.0160567 0.0136032 0.0113756
 1.03551e-16 2.91285e-05 0.000170955 0.000812629 0.00312865 0.00975637 0.0246438 0.0504248 0.0835857 0.112256 0.122165 0.107777 0.0771908 0.0451319 0.0220602 0.00999028 0.005765 0.00566256 0.00740426 0.00998431 0.0129727 0.0160816 0.0190262 0.0215285 0.0233643 0.0244054 0.0246381 0.0241498 0.0230919 0.0216343 0.0199273 0.0180821 0.0161701 0.0142359 0.0123137 0.010439
 1.0337e-16 2.65823e-05 0.000155999 0.00074151 0.00285479 0.00890234 0.0224867 0.0460119 0.0762736 0.102445 0.111511 0.0984325 0.0706187 0.0415316 0.0207514 0.0101578 0.00690948 0.00763535 0.0102509 0.0137894 0.01776 0.0217596 0.0253684 0.0281866 0.0299139 0.0304138 0.0297377 0.0280979 0.025802 0.0231722 0.0204781 0.0178996 0.0155236 0.0133671 0.0114098 0.00962347
 1.02977e-16 2.90643e-05 0.000170575 0.000810819 0.00312166 0.00973459 0.0245889 0.0503125 0.0834004 0.11201 0.121903 0.10756 0.0770679 0.0451245 0.022176 0.0102429 0.00618364 0.00628868 0.00827858 0.0111308 0.0143828 0.0177025 0.0207567 0.023226 0.0248627 0.0255414 0.0252797 0.0242188 0.0225768 0.0205886 0.0184572 0.016325 0.0142727 0.0123335 0.0105166 0.00882483
 1.03372e-16 2.49742e-05 0.000146555 0.000696609 0.0026819 0.00836319 0.0211249 0.0432257 0.0716562 0.0962471 0.104775 0.0925117 0.0664253 0.0391751 0.0197775 0.0100189 0.00725022 0.00832012 0.0112741 0.0151901 0.0195716 0.0239849 0.0279683 0.0310798 0.032985 0.0335291 0.0327643 0.0309205 0.0283347 0.0253635 0.0223087 0.019376 0.0166708 0.0142216 0.0120139 0.0100218
 1.0531e-16 1.94878e-05 0.000114342 0.000543455 0.00209221 0.00652423 0.0164799 0.033722 0.0559049 0.0751001 0.0817799 0.0722693 0.0520246 0.030952 0.0161278 0.00899801 0.00755203 0.0093789 0.0129779 0.017615 0.0228396 0.0282029 0.0332001 0.0373334 0.0402081 0.0416131 0.0415526 0.0402196 0.0379252 0.0350107 0.0317738 0.0284289 0.0251047 0.0218673 0.0187525 0.0157915
 1.07317e-16 1.96343e-05 0.000115208 0.000547587 0.00210814 0.00657395 0.0166054 0.0339782 0.0563279 0.0756624 0.082377 0.0727607 0.0522994 0.0309577 0.0158432 0.00838677 0.00653954 0.00786088 0.01085 0.0148105 0.0193676 0.0241774 0.0288525 0.0329992 0.036288 0.0385132 0.0396189 0.0396815 0.0388617 0.037346 0.0352999 0.0328467 0.0300727 0.027047 0.0238447 0.0205586
 1.06024e-16 2.62358e-05 0.000153971 0.000731888 0.00281777 0.00878691 0.0221951 0.0454145 0.0752814 0.101106 0.110038 0.0970948 0.0695772 0.0407551 0.0200614 0.00932558 0.00572103 0.00591157 0.00785596 0.010651 0.0139011 0.0173282 0.0206489 0.0235832 0.0259023 0.0274702 0.028261 0.028343 0.0278408 0.0268905 0.0256039 0.0240537 0.0222799 0.0203076 0.0181682 0.0159121
 1.03511e-16 2.97087e-05 0.000174359 0.00082881 0.00319094 0.00995062 0.0251345 0.0514289 0.0852505 0.114493 0.124602 0.109934 0.0787506 0.0460732 0.0225737 0.01031 0.00606292 0.00603354 0.00788789 0.0105822 0.013652 0.0167742 0.0196307 0.0219208 0.023417 0.0240125 0.0237389 0.022745 0.021249 0.0194779 0.0176187 0.0157927 0.0140549 0.0124128 0.0108522 0.0093589
 1.01884e-16 3.21692e-05 0.000188805 0.000897491 0.00345538 0.0107753 0.0272175 0.0556908 0.0923143 0.123977 0.134916 0.119016 0.0852177 0.0497784 0.0242421 0.0108216 0.00601454 0.00569207 0.00731806 0.00976353 0.0125398 0.0153232 0.0178048 0.0196963 0.0207839 0.0209742 0.0203116 0.0189585 0.0171479 0.0151239 0.013092 0.0111906 0.0094872 0.00799415 0.00669194 0.00555102
 1.01489e-16 3.13982e-05 0.000184277 0.000875956 0.00337246 0.0105167 0.0265644 0.0543546 0.0901002 0.121006 0.13169 0.116187 0.0832295 0.0486919 0.0238524 0.010884 0.00638056 0.00632051 0.00822741 0.0109847 0.0140853 0.0171697 0.0198854 0.0219038 0.0229826 0.0230201 0.0220746 0.0203418 0.0180998 0.0156403 0.01321 0.0109761 0.00902158 0.0073614 0.00596933 0.0048034
 1.0224e-16 2.62284e-05 0.000153918 0.000731611 0.00281667 0.00878345 0.0221865 0.0453977 0.0752564 0.101081 0.110034 0.0971471 0.0697355 0.0410907 0.0206763 0.0103606 0.00735311 0.00833568 0.0112495 0.0151239 0.0194405 0.0237523 0.0275873 0.0304965 0.0321436 0.0323788 0.0312675 0.02906 0.0261195 0.0228309 0.0195228 0.0164227 0.01365 0.0112368 0.00916286 0.00738748
 1.0282e-16 2.86233e-05 0.000167985 0.000798505 0.00307425 0.00958675 0.0242154 0.0495485 0.0821341 0.11031 0.120055 0.105934 0.075913 0.044469 0.0218927 0.010178 0.00623578 0.00641672 0.00847841 0.0114133 0.0147615 0.0181876 0.0213518 0.0239259 0.025653 0.0263988 0.0261736 0.0251137 0.023435 0.0213741 0.0191382 0.0168776 0.0146828 0.0125984 0.0106445 0.00883382
 1.02925e-16 2.79547e-05 0.000164058 0.00077983 0.00300234 0.00936247 0.023649 0.0483897 0.0802141 0.107734 0.117259 0.103484 0.0741955 0.0435391 0.0215764 0.010267 0.00660583 0.00703551 0.00936251 0.012585 0.0162204 0.0198947 0.0232246 0.0258451 0.0274791 0.0279961 0.027435 0.0259802 0.0239043 0.0214959 0.0189998 0.0165835 0.0143338 0.012276 0.0104023 0.00869607
 1.02492e-16 3.04708e-05 0.000178834 0.000850083 0.00327285 0.0102061 0.0257797 0.052749 0.0874385 0.117431 0.127797 0.112747 0.0807548 0.0472231 0.0230948 0.0104765 0.00606237 0.00595265 0.00775241 0.0103931 0.0134042 0.0164622 0.0192501 0.0214669 0.0228821 0.0233837 0.0229971 0.0218663 0.0202081 0.0182542 0.016203 0.0141925 0.0122977 0.010545 0.00893506 0.007461
 1.02152e-16 3.02818e-05 0.000177722 0.000844795 0.00325248 0.0101425 0.0256193 0.052421 0.0868953 0.116703 0.12701 0.112064 0.0802897 0.0470001 0.0230767 0.0106208 0.00635424 0.00640506 0.00838976 0.0112333 0.0144441 0.0176685 0.0205553 0.0227743 0.0240779 0.0243553 0.0236519 0.0221482 0.0201051 0.0177982 0.0154606 0.0132509 0.0112499 0.00947655 0.00791508 0.0065382
 1.02127e-16 2.99237e-05 0.000175619 0.000834797 0.00321398 0.0100225 0.0253161 0.0518005 0.085867 0.115323 0.125509 0.110744 0.0793529 0.0464697 0.0228498 0.0105733 0.00640449 0.0065202 0.0085666 0.0114801 0.0147703 0.0180794 0.0210503 0.0233449 0.0247088 0.0250253 0.0243365 0.0228216 0.0207431 0.0183799 0.0159697 0.0136767 0.0115876 0.00972743 0.00808559 0.00663911
 1.02156e-16 3.00352e-05 0.000176274 0.000837911 0.00322597 0.0100599 0.0254105 0.0519937 0.0861871 0.115752 0.125976 0.111153 0.0796397 0.0466256 0.022904 0.0105607 0.00634611 0.00642144 0.00842446 0.0112901 0.0145313 0.0177961 0.0207342 0.0230139 0.0243849 0.0247311 0.0240915 0.0226394 0.0206291 0.0183315 0.0159777 0.0137279 0.0116669 0.00982075 0.00818113 0.00672825
 1.02381e-16 2.86319e-05 0.000168034 0.000798729 0.00307511 0.0095894 0.0242222 0.0495625 0.082158 0.110344 0.120098 0.105986 0.0759802 0.0445685 0.0220529 0.0104368 0.00663835 0.00700972 0.00930139 0.0124863 0.0160716 0.0196786 0.0229212 0.0254328 0.0269367 0.0273053 0.0265834 0.024964 0.0227303 0.0201832 0.017579 0.0150949 0.0128242 0.0107942 0.00899444 0.00740134
 1.05017e-16 1.48423e-05 8.70581e-05 0.000413722 0.00159266 0.00496639 0.0125451 0.0256719 0.0425652 0.0571977 0.0623316 0.055193 0.0399719 0.0242632 0.0135262 0.00894863 0.00908633 0.0121657 0.0170517 0.0231109 0.02983 0.0366111 0.0427665 0.0476252 0.0506729 0.0516615 0.0506528 0.0479761 0.0441251 0.0396283 0.0349394 0.0303755 0.0261101 0.0222053 0.0186605 0.0154558
 1.0738e-16 2.19455e-05 0.000128784 0.000612145 0.00235673 0.00734918 0.0185635 0.037984 0.0629651 0.0845678 0.0920462 0.081238 0.0582553 0.0342073 0.0169986 0.00818083 0.005417 0.00594809 0.00809915 0.0111433 0.0147685 0.0187452 0.0228183 0.0267113 0.0301654 0.0329774 0.0350206 0.0362419 0.0366434 0.0362586 0.0351362 0.0333356 0.0309348 0.0280387 0.0247847 0.0213364
 1.0533e-16 2.82549e-05 0.000165826 0.000788249 0.00303478 0.00946365 0.0239044 0.048912 0.0810781 0.108889 0.118502 0.104548 0.0748845 0.0437959 0.0214303 0.00974388 0.00567612 0.00561839 0.00736082 0.00992715 0.0128988 0.0159958 0.0189431 0.0214761 0.023387 0.0245647 0.0250099 0.0248168 0.0241326 0.0231095 0.0218666 0.020474 0.0189583 0.0173227 0.0155706 0.0137226
pSPR Fmed_Fpbrs
0.443386   0.6 0.325
Fs Fmed_Fpbrs
0.64   0.345189 1.05441
SSBpbr Bo_Bmed_Bpbrs
2.77326e+06  1.09096e+06  1.52529e+06 762647
Ro
67507.9
SPR SPRFo_SPRFmed_SPRFpbrs
1.39432e+06 618224 453155
log_Ro
10.94
likeval ReclasPelacesDesembMPH_pf_preclas_ppelaces_ptallas_desvR_qrecl_qpela
 68.5566 0.000266865 0.0326825 61.3549 339.26 220.392 55.7091 0 17.0432 9.24155e-05 3.07662e-07 8.21542e-16 0 0 0
q_reclas_q_pelaces
0.256085 1.08211
M
0.7
N
 68863 17367.9 6451.59 759.609 0.44336
 84937.5 31866 5981.13 2221.79 261.746
 52220.2 40044.2 12088.2 2268.92 942.119
 70055.2 24143 13726.4 4143.63 1100.69
 105545 34318.5 11172.7 6352.2 2426.92
 77850 52250.4 16771.4 5460.06 4290.34
 129886 37336.5 21661 6952.75 4042.13
 125240 63051.6 16481.4 9561.79 4853.47
 162153 59461.8 24807 6484.44 5671.53
 133241 76663.4 22888.8 9549 4679.22
 66482.1 63682.9 31221.3 9321.48 5794.46
 41062.1 30385.9 20567.8 10083.6 4882.04
 39737.9 18857.1 10059.1 6808.91 4954.33
 27240.4 17416.3 4899.73 2613.71 3056.49
 22159.2 10792.5 2680.97 754.24 872.842
 24462.4 9130.62 2036.19 505.812 306.978
 19835.7 11374.7 3224.18 719.013 287.01
 26176 9381.13 4385.96 1243.21 387.913
 30940.8 12576.7 3925.79 1835.42 682.589
 49032.8 14966.1 5449.48 1701.05 1091.06
 73338.5 23717.3 6484.9 2361.29 1209.84
 106994 35967.4 11040 3018.6 1662.29
 158694 52330.2 16507.3 5066.81 2148.3
 202869 77529.5 23877.8 7532.11 3292.19
 73828.6 99187.9 35518 10938.9 4958.85
 101475 36157.1 45836.2 16413.4 7346.6
 167345 49633.9 16599.3 21042.9 10907.9
pred_Ctot
 3388.68 3909.63 1452.3 170.993 0.0998034
 3100.52 5494.94 1031.38 383.124 45.1352
 2601.31 9111.16 2750.4 516.241 214.358
 681.036 1187.11 674.929 203.742 54.1207
 234.033 392.381 127.743 72.628 27.7482
 1919.42 6271.75 2013.11 655.385 514.98
 2099.59 3002.67 1742.02 559.154 325.076
 3964.67 9545.67 2495.2 1447.6 734.789
 5604.74 9756.81 4070.46 1064 930.614
 3603.38 10032.4 2995.29 1249.61 612.335
 3824.43 16411 8045.7 2402.14 1493.23
 2231.17 7455.85 5046.78 2474.24 1197.92
 3379.78 6707.93 3578.28 2422.09 1762.37
 4012.3 9223.02 2594.72 1384.12 1618.61
 2742.3 5081.07 1262.2 355.095 410.932
 1123.72 1934.6 431.428 107.172 65.0426
 681.114 1855.24 525.872 117.273 46.8121
 612.25 1071.69 501.047 142.023 44.3147
 578.198 1161.75 362.639 169.545 63.0532
 916.207 1382.35 503.345 157.119 100.776
 654.24 1072.34 293.204 106.762 54.7009
 1161.56 1969.23 604.444 165.27 91.0116
 1849.04 3068.74 968.016 297.127 125.98
 2252.63 4338.81 1336.28 421.522 184.242
 732.08 4972.18 1780.48 548.357 248.582
 1097.49 1972.37 2500.36 895.349 400.757
 2572.04 3803.03 1271.87 1612.34 835.785
F
 0.0705801 0.366014 0.366014 0.366014 0.366014
 0.0519316 0.269307 0.269307 0.269307 0.269307
 0.071476 0.37066 0.37066 0.37066 0.37066
 0.0135991 0.0705222 0.0705222 0.0705222 0.0705222
 0.00308749 0.0160111 0.0160111 0.0160111 0.0160111
 0.0348135 0.180536 0.180536 0.180536 0.180536
 0.0227036 0.117736 0.117736 0.117736 0.117736
 0.0448974 0.232829 0.232829 0.232829 0.232829
 0.0491125 0.254688 0.254688 0.254688 0.254688
 0.0382439 0.198325 0.198325 0.198325 0.198325
 0.0829548 0.430187 0.430187 0.430187 0.430187
 0.0781935 0.405496 0.405496 0.405496 0.405496
 0.124901 0.647711 0.647711 0.647711 0.647711
 0.225852 1.17123 1.17123 1.17123 1.17123
 0.186619 0.967769 0.967769 0.967769 0.967769
 0.0657478 0.340955 0.340955 0.340955 0.340955
 0.0487832 0.25298 0.25298 0.25298 0.25298
 0.0330001 0.171132 0.171132 0.171132 0.171132
 0.0262877 0.136323 0.136323 0.136323 0.136323
 0.0262854 0.136311 0.136311 0.136311 0.136311
 0.012473 0.0646824 0.0646824 0.0646824 0.0646824
 0.0151974 0.0788105 0.0788105 0.0788105 0.0788105
 0.0163187 0.0846258 0.0846258 0.0846258 0.0846258
 0.0155462 0.0806198 0.0806198 0.0806198 0.0806198
 0.0138729 0.0719421 0.0719421 0.0719421 0.0719421
 0.0151397 0.0785115 0.0785115 0.0785115 0.0785115
 0.021576 0.111889 0.111889 0.111889 0.111889
Np
 60160.9 27951.1 28596.8 7749.24 3502.9
YTP_r0W_actual
 63795.8 229572 111611 180692 103942
YTP_p0W_proyectada
 22934.7 376165 148182 63288.3 128566
 22934.7 129283 192280 66541.4 33379.2
CTP_r0_actual
 7779.98 10628.4 3554.5 4506.02 2335.78
CTP_p0_proyectada
 2796.92 17415 4719.19 1578.26 2889.13
 2796.92 5985.32 6123.57 1659.39 750.094
Wmedp
 8.2 21.6 31.4 40.1 44.5
nmprior
 10.8 10.6 4.6 0
nm_flota  nm_reclas  nm_pelaces    nm_pelaL
inf 12.2939 18.161 57.9156
cv_recla  cv_pelaces  cv_mph
0.717059 0.596507 0.628032
 ------------------------------------------------
Talla a la edad & desviaci?n 
 7.2 14.2025 17.0495 18.207 18.6776
 1.08 2.13037 2.55742 2.73105 2.80164
