years
 1997 1998 1999 2000 2001 2002 2003 2004 2005 2006 2007 2008 2009 2010 2011 2012 2013 2014 2015 2016 2017 2018 2019 2020 2021 2022 2023
reclasobs
 0 0 0 370054 412103 1.49427e+06 250295 1.28982e+06 931140 785840 897777 1.04006e+06 184774 17550 25797 100020 73551 82996 120727 218422 84188 347160 605670 569463 516374 1.08416e+06 1.01767e+06
reclaspred
 3.67095e+06 614561 918476 236605 263141 340102 649987 584245 661146 957353 1.05882e+06 725563 355141 118030 76700.3 90734.3 94713.3 109897 124776 129694 186987 229596 429458 559412 891261 731240 301042
pelacesobs
 0 0 0 0 0 0 0 0 0 2.06254e+06 1.5e+06 0 1.87456e+06 323000 250000 174000 83755 137374 0 501740 490994 745055 786931 1.00524e+06 1.33801e+06 1.41789e+06 0
pelacespred
 5.56509e+06 1.91959e+06 684933 387054 606048 483513 1.62255e+06 1.40796e+06 1.52251e+06 2.37298e+06 1.9256e+06 1.29005e+06 704916 213435 141626 167016 166909 198870 226293 209444 420294 467761 648618 1.03959e+06 1.54239e+06 1.07245e+06 346397
mphobs
 0 0 0 0 0 0 112323 0 153150 637223 0 255016 313432 73983 77613 109348 50772 17779 17303 59886 28197 0 207744 136588 643089 65757 70829
mphpred
 756560 315487 195137 76357.3 57191.2 147376 174549 310421 278152 368299 462363 290615 168605 113070 56692.5 48040.6 40407.7 45547.4 37605.8 34151.2 45995.6 71662.6 92216.1 141901 210197 145495 105043
desembarqueobs
 350755 77701 442110 56441 14545 235359 269955 359681 431902 328805 639364 411747 362871 311530 167758 66681 60226 58785 57116 73181 50977 67692 138656 160484 209506 203330 245020
desembarquepred
 350737 77668.4 441556 56416.1 14543 235222 269869 359077 431324 328584 638451 411161 362355 310855 167266 66621.8 60211.4 58712.3 57027 73113.6 50951.6 67617.8 138581 160390 209407 203128 244675
Reclutas
 16496.5 32954.7 3261.53 6464.34 35891.3 14401.4 62485.8 51689.5 79363.2 112733 58129.4 50391.4 53795 30725.6 13346.8 9691.56 6497.97 7796.18 8227.89 7804.3 15826.4 20631.6 29851.5 50518.9 10748.7 28188.8 4028.21
log_desv_Rt
 -0.209094 0.48289 -1.83005 -1.14594 0.568249 -0.344919 1.12269 0.933011 1.36179 1.71278 1.05043 0.907576 0.972937 0.412853 -0.42097 -0.740989 -1.14075 -0.958611 -0.904715 -0.95757 -0.250563 0.0145811 0.38399 0.910102 -0.637456 0.32668 -1.61892
SSB
 940467 392176 242571 94918.6 71093.4 183200 207038 378125 331108 444313 574755 361258 222112 113427 60928.8 50937.2 46154.9 48469.1 57570.6 58108.6 69587.5 104141 140071 200460 337801 251925 168539
BT
 1.54895e+06 525743 378411 155294 247084 295594 1.00645e+06 879665 1.06454e+06 1.18324e+06 1.14362e+06 812038 656710 381880 201068 110979 105042 119889 114033 123329 199276 184617 278761 462524 482373 467657 268099
Ftot
 0.285854 0.49369 1.36967 0.91029 0.222565 1.47237 1.48544 1.4955 1.85244 0.955777 1.4179 1.53551 2.62163 4.72457 4.06377 1.61045 1.5202 1.43014 1.12559 1.40206 0.798653 0.768225 0.848757 0.816924 0.572339 0.960613 1.79818
BD_Bspro_t
 0.957775 0.733637 0.532479 0.189115 0.24055 0.492489 0.373991 0.463934 0.38674 0.41609 0.440786 0.273544 0.188758 0.116733 0.075265 0.0770171 0.0966637 0.139864 0.201535 0.246 0.309889 0.464957 0.494879 0.508296 0.563247 0.415557 0.316761
BD_Bspro
 2.23941 0.933837 0.577602 0.226017 0.169285 0.43623 0.492991 0.900379 0.788424 1.05798 1.36859 0.860216 0.528884 0.270089 0.145082 0.12129 0.109902 0.115413 0.137085 0.138366 0.165699 0.247977 0.333531 0.477329 0.804359 0.599876 0.401319
BD_Bo
 1.73548 0.723699 0.447626 0.175157 0.131192 0.338067 0.382055 0.69777 0.611008 0.819909 1.06062 0.666645 0.409871 0.209312 0.112434 0.0939965 0.0851714 0.0894421 0.106237 0.10723 0.128413 0.192175 0.258478 0.369917 0.623357 0.464888 0.311011
BD_Brms
 3.15542 1.31582 0.813866 0.318467 0.23853 0.614667 0.694645 1.26867 1.11092 1.49074 1.9284 1.21208 0.745221 0.380567 0.204426 0.170903 0.154857 0.162622 0.193159 0.194964 0.233478 0.34941 0.46996 0.672577 1.13338 0.845251 0.565475
S_f
 0.0928146 1 1 1 1
 0.0928146 1 1 1 1
 0.0928146 1 1 1 1
 0.0928146 1 1 1 1
 0.0928146 1 1 1 1
 0.0928146 1 1 1 1
 0.0928146 1 1 1 1
 0.0928146 1 1 1 1
 0.0928146 1 1 1 1
 0.0928146 1 1 1 1
 0.0928146 1 1 1 1
 0.0928146 1 1 1 1
 0.0928146 1 1 1 1
 0.0928146 1 1 1 1
 0.0928146 1 1 1 1
 0.0928146 1 1 1 1
 0.0928146 1 1 1 1
 0.0928146 1 1 1 1
 0.0928146 1 1 1 1
 0.0928146 1 1 1 1
 0.0928146 1 1 1 1
 0.0928146 1 1 1 1
 0.0928146 1 1 1 1
 0.0928146 1 1 1 1
 0.0928146 1 1 1 1
 0.0928146 1 1 1 1
 0.0928146 1 1 1 1
Scru_reclas
 0.105136 0.371573 0.74847 0.937404 0.986905
 0.105136 0.371573 0.74847 0.937404 0.986905
 0.105136 0.371573 0.74847 0.937404 0.986905
 0.105136 0.371573 0.74847 0.937404 0.986905
 0.105136 0.371573 0.74847 0.937404 0.986905
 0.105136 0.371573 0.74847 0.937404 0.986905
 0.105136 0.371573 0.74847 0.937404 0.986905
 0.105136 0.371573 0.74847 0.937404 0.986905
 0.105136 0.371573 0.74847 0.937404 0.986905
 0.105136 0.371573 0.74847 0.937404 0.986905
 0.105136 0.371573 0.74847 0.937404 0.986905
 0.105136 0.371573 0.74847 0.937404 0.986905
 0.105136 0.371573 0.74847 0.937404 0.986905
 0.105136 0.371573 0.74847 0.937404 0.986905
 0.105136 0.371573 0.74847 0.937404 0.986905
 0.105136 0.371573 0.74847 0.937404 0.986905
 0.105136 0.371573 0.74847 0.937404 0.986905
 0.105136 0.371573 0.74847 0.937404 0.986905
 0.105136 0.371573 0.74847 0.937404 0.986905
 0.105136 0.371573 0.74847 0.937404 0.986905
 0.105136 0.371573 0.74847 0.937404 0.986905
 0.105136 0.371573 0.74847 0.937404 0.986905
 0.105136 0.371573 0.74847 0.937404 0.986905
 0.105136 0.371573 0.74847 0.937404 0.986905
 0.105136 0.371573 0.74847 0.937404 0.986905
 0.105136 0.371573 0.74847 0.937404 0.986905
 0.105136 0.371573 0.74847 0.937404 0.986905
Scru_pelaces
 0.300575 0.920478 0.996803 0.999881 0.999996
 0.300575 0.920478 0.996803 0.999881 0.999996
 0.300575 0.920478 0.996803 0.999881 0.999996
 0.300575 0.920478 0.996803 0.999881 0.999996
 0.300575 0.920478 0.996803 0.999881 0.999996
 0.300575 0.920478 0.996803 0.999881 0.999996
 0.300575 0.920478 0.996803 0.999881 0.999996
 0.300575 0.920478 0.996803 0.999881 0.999996
 0.300575 0.920478 0.996803 0.999881 0.999996
 0.300575 0.920478 0.996803 0.999881 0.999996
 0.300575 0.920478 0.996803 0.999881 0.999996
 0.300575 0.920478 0.996803 0.999881 0.999996
 0.300575 0.920478 0.996803 0.999881 0.999996
 0.300575 0.920478 0.996803 0.999881 0.999996
 0.300575 0.920478 0.996803 0.999881 0.999996
 0.300575 0.920478 0.996803 0.999881 0.999996
 0.300575 0.920478 0.996803 0.999881 0.999996
 0.300575 0.920478 0.996803 0.999881 0.999996
 0.300575 0.920478 0.996803 0.999881 0.999996
 0.300575 0.920478 0.996803 0.999881 0.999996
 0.300575 0.920478 0.996803 0.999881 0.999996
 0.300575 0.920478 0.996803 0.999881 0.999996
 0.300575 0.920478 0.996803 0.999881 0.999996
 0.300575 0.920478 0.996803 0.999881 0.999996
 0.300575 0.920478 0.996803 0.999881 0.999996
 0.300575 0.920478 0.996803 0.999881 0.999996
 0.300575 0.920478 0.996803 0.999881 0.999996
pf_obs 
 0.256992 0.487395 0.22802 0.0275931 0
 0.321318 0.546541 0.124235 0.00734118 0.000564706
 0.182869 0.594174 0.210203 0.0122559 0.00049798
 0.330522 0.361315 0.267642 0.0388342 0.00168674
 0.649043 0.306663 0.0425973 0.00169635 0
 0.582887 0.30429 0.105238 0.00758474 0
 0.465427 0.430635 0.0974691 0.00646863 0
 0.296916 0.608066 0.0921331 0.00288517 0
 0.311714 0.524322 0.152257 0.0117073 0
 0.15457 0.633149 0.183074 0.0267441 0.00246327
 0.131901 0.49318 0.331252 0.0422183 0.00144891
 0.196976 0.569456 0.194076 0.0375587 0.00193317
 0.518974 0.381816 0.0799577 0.0180837 0.00116848
 0.0928022 0.601141 0.25162 0.0475244 0.00691264
 0.122501 0.610282 0.24278 0.0234846 0.000952079
 0.383417 0.481906 0.127806 0.00687128 0
 0.0376549 0.599619 0.316969 0.0457579 0
 0.0361596 0.667082 0.258105 0.0386534 0
 0.158088 0.579412 0.248529 0.0139706 0
 0.0477256 0.309471 0.559284 0.082774 0.000745712
 0.0406174 0.521527 0.379366 0.0568643 0.0016247
 0.151134 0.462217 0.34131 0.0453401 0
 0.294876 0.26143 0.354403 0.0886775 0.000613685
 0.281977 0.475581 0.204845 0.0348837 0.00271318
 0.0841818 0.532909 0.334909 0.0458182 0.00218182
 0.115287 0.27431 0.454777 0.147771 0.00785563
 0 0 0 0 0
pf_pred 
 0.0450874 0.630996 0.285387 0.038527 3.52331e-06
 0.146557 0.316627 0.354722 0.160434 0.0216604
 0.0215487 0.690542 0.106814 0.119666 0.0614295
 0.165401 0.281936 0.390042 0.0603325 0.102289
 0.489321 0.397106 0.038366 0.0530771 0.0221296
 0.104791 0.824033 0.0553469 0.00534729 0.010482
 0.535183 0.345247 0.110063 0.00739251 0.00211426
 0.222848 0.750923 0.0194814 0.0062106 0.000536443
 0.348328 0.571953 0.0770285 0.00199837 0.000692101
 0.296364 0.663965 0.0348181 0.00468917 0.000163784
 0.132098 0.767322 0.0949089 0.00497699 0.000693694
 0.196873 0.629701 0.153329 0.018965 0.00113313
 0.306928 0.59796 0.0745733 0.0181582 0.00238015
 0.298008 0.672829 0.0251612 0.00313792 0.00086422
 0.268294 0.724615 0.006796 0.000254144 4.04242e-05
 0.251356 0.734932 0.0135787 0.000127351 5.51996e-06
 0.180752 0.737502 0.0802488 0.00148268 1.45085e-05
 0.264437 0.624201 0.10025 0.0109083 0.000203516
 0.231858 0.688465 0.0676144 0.0108592 0.00120365
 0.215511 0.67304 0.0998885 0.00981008 0.00175018
 0.334457 0.576689 0.0762305 0.0113137 0.00130935
 0.23748 0.680683 0.0709114 0.00937353 0.00155216
 0.248906 0.627285 0.110521 0.0115138 0.00177398
 0.282117 0.609831 0.0902415 0.0158996 0.00191158
 0.0441945 0.829582 0.107225 0.015867 0.00313171
 0.227894 0.310941 0.400263 0.0517348 0.00916663
 0.0428777 0.806661 0.0605937 0.078 0.011868
pobs_RECLAS
 0 0 0 0 0
 0 0 0 0 0
 0 0 0 0 0
 0 0 0 0 0
 0.835266 0.146461 0.0176864 0.000547809 3.91292e-05
 0.385257 0.428462 0.181853 0.0044286 0
 0.867414 0.0963971 0.0333333 0.00285562 0
 0.441836 0.489002 0.0689373 0.000224442 0
 0.779404 0.147425 0.0564933 0.0165055 0.000172143
 0.814271 0.122319 0.05973 0.00367925 0
 0.40263 0.566651 0.0304383 0.000280538 0
 0.475488 0.404961 0.113038 0.00651328 0
 0.955842 0.0263864 0.0167828 0.000988607 0
 0.975058 0.0227948 0.00214734 0 0
 0.738997 0.206755 0.0527124 0.00153531 0
 0.850938 0.134255 0.0134407 0.00136685 0
 0.542534 0.407297 0.0501686 0 0
 0.764087 0.199537 0.0359546 0.000420521 0
 0.470689 0.182191 0.310203 0.0369168 0
 0.84361 0.089868 0.0606195 0.00523954 0.000663233
 0.607945 0.314616 0.071237 0.00620181 0
 0.523733 0.453247 0.0230204 0 0
 0.530135 0.295979 0.169645 0.0042399 0
 0.562478 0.366248 0.0663022 0.0049721 0
 0.250443 0.683176 0.0655157 0.000865301 0
 0.195077 0.31981 0.436473 0.0351445 0.0134964
 0.565238 0.351407 0.0832357 0.000118908 0
ppred_RECLAS
 0.0970067 0.437266 0.398367 0.0673547 6.48488e-06
 0.236648 0.161841 0.365224 0.20688 0.0294063
 0.0524522 0.477345 0.148731 0.208687 0.112785
 0.268114 0.138348 0.385534 0.0746888 0.133316
 0.693909 0.182217 0.0354616 0.0614429 0.0269703
 0.277426 0.609536 0.0824667 0.00997863 0.0205935
 0.764524 0.137509 0.0883027 0.00742807 0.00223662
 0.497926 0.467037 0.0244065 0.00974477 0.000886157
 0.644719 0.276848 0.0751039 0.00244028 0.000889777
 0.568806 0.38359 0.0405189 0.00683441 0.00025132
 0.325117 0.532278 0.132617 0.00870985 0.00127809
 0.418458 0.370117 0.181535 0.0281217 0.00176896
 0.632527 0.274563 0.0689736 0.0210342 0.00290272
 0.764434 0.216016 0.0162721 0.00254159 0.000736948
 0.703863 0.290352 0.0054853 0.000256909 4.30219e-05
 0.546905 0.436644 0.0162506 0.000190883 8.7106e-06
 0.41931 0.474301 0.103958 0.0024056 2.47825e-05
 0.523922 0.347892 0.112547 0.0153377 0.000301265
 0.479453 0.419031 0.082896 0.0166742 0.00194579
 0.457715 0.403897 0.120747 0.014852 0.00278962
 0.588538 0.311292 0.0828867 0.0154068 0.00187721
 0.475415 0.419451 0.0880205 0.0145721 0.00254042
 0.480143 0.369028 0.13097 0.0170881 0.00277189
 0.524119 0.346807 0.103375 0.0228113 0.00288738
 0.11393 0.67196 0.174949 0.0324236 0.00673748
 0.37325 0.153201 0.397247 0.0643059 0.0119957
 0.123036 0.611411 0.0925125 0.149149 0.0238919
pobs_PELACES
 0 0 0 0 0
 0 0 0 0 0
 0 0 0 0 0
 0 0 0 0 0
 0 0 0 0 0
 0 0 0 0 0
 0 0 0 0 0
 0 0 0 0 0
 0 0 0 0 0
 0 0 0 0 0
 0.450072 0.473896 0.0757376 0.000293798 0
 0 0 0 0 0
 0.463077 0.371075 0.160297 0.00555027 0
 0.529543 0.364841 0.0842815 0.0213345 0
 0.631943 0.363953 0.00410389 0 0
 0.735681 0.248677 0.0153453 0.000297389 0
 0.695825 0.281241 0.0229344 0 0
 0.275771 0.60734 0.115278 0.00161068 0
 0 0 0 0 0
 0.896147 0.0623911 0.0374545 0.00400742 0
 0.803859 0.145111 0.0509908 3.86294e-05 0
 0.739449 0.233085 0.0266225 0.000797448 4.60066e-05
 0.878498 0.100942 0.0204185 0.000141795 0
 0.694673 0.275183 0.0284847 0.00165964 0
 0.469039 0.446079 0.0841089 0.000773354 0
 0.822795 0.102175 0.0682046 0.00682512 0
 0 0 0 0 0
ppred_PELACES
 0.15199 0.544954 0.266909 0.0361438 3.30575e-06
 0.408052 0.208584 0.253056 0.114806 0.0155019
 0.116272 0.608463 0.101923 0.114538 0.0588039
 0.484528 0.164964 0.247141 0.0383463 0.0650205
 0.7819 0.166444 0.0174142 0.0241659 0.0100767
 0.427382 0.523607 0.0380847 0.00369087 0.00723584
 0.879214 0.0878356 0.0303235 0.002043 0.000584366
 0.649739 0.337486 0.00948146 0.00303199 0.00026192
 0.802599 0.171511 0.0250137 0.00065094 0.000225468
 0.6815 0.299138 0.0169874 0.00229486 8.01647e-05
 0.485513 0.450525 0.0603453 0.00317426 0.00044248
 0.614114 0.297211 0.0783701 0.0097234 0.000581027
 0.832529 0.142849 0.0192923 0.00471208 0.000617723
 0.941343 0.0560266 0.00226891 0.000283835 7.81805e-05
 0.903333 0.0956532 0.000971496 3.64424e-05 5.7972e-06
 0.696476 0.297513 0.00595267 5.60011e-05 2.42761e-06
 0.589477 0.366526 0.0431892 0.000800433 7.83336e-06
 0.690872 0.259061 0.0450565 0.00491781 9.17615e-05
 0.621716 0.336137 0.0357494 0.00575926 0.000638439
 0.62788 0.315522 0.0507108 0.0049957 0.000891368
 0.703689 0.253925 0.0363486 0.00541129 0.00062633
 0.592928 0.360161 0.0406316 0.00538753 0.000892224
 0.614635 0.317484 0.0605757 0.00633008 0.00097542
 0.651399 0.292456 0.0468656 0.00828273 0.000995931
 0.166232 0.715775 0.100187 0.0148712 0.00293551
 0.58983 0.157349 0.219344 0.0284382 0.0050394
 0.248623 0.624916 0.0508339 0.0656387 0.00998831
pobs_pel_tallas
 0 0 0 0 0 0 0 0 0 0 0 0 0 0 0 0 0 0 0 0 0 0 0 0 0 0 0 0 0 0 0 0 0 0 0 0
 0 0 0 0 0 0 0 0 0 0 0 0 0 0 0 0 0 0 0 0 0 0 0 0 0 0 0 0 0 0 0 0 0 0 0 0
 0 0 0 0 0 0 0 0 0 0 0 0 0 0 0 0 0 0 0 0 0 0 0 0 0 0 0 0 0 0 0 0 0 0 0 0
 0 0 0 0 0 0 0 0 0 0 0 0 0 0 0 0 0 0 0 0 0 0 0 0 0 0 0 0 0 0 0 0 0 0 0 0
 0 0 0 0 0 0 0 0 0 0 0 0 0 0 0 0 0 0 0 0 0 0 0 0 0 0 0 0 0 0 0 0 0 0 0 0
 0 0 0 0 0 0 0 0 0 0 0 0 0 0 0 0 0 0 0 0 0 0 0 0 0 0 0 0 0 0 0 0 0 0 0 0
 0 0 0 0 0 0 0 0 0 0 0 0 0 0 0 0 0 0 0 0 0 0 0 0 0 0 0 0 0 0 0 0 0 0 0 0
 0 0 0 0 0 0 0 0 0 0 0 0 0 0 0 0 0 0 0 0 0 0 0 0 0 0 0 0 0 0 0 0 0 0 0 0
 0 0 0 0 0 0 0 0 0 0 0 0 0 0 0 0 0 0 0 0 0 0 0 0 0 0 0 0 0 0 0 0 0 0 0 0
 0 0 0 0 0 0 0 0 0 0 0 0 0 0 0 0 0 0 0 0 0 0 0 0 0 0 0 0 0 0 0 0 0 0 0 0
 0 0 0 0 0 0 0 0 1.78061e-05 0.00172719 0.00360574 0.0105946 0.0120993 0.0124554 0.0147524 0.0171206 0.0266825 0.0428682 0.0675386 0.121331 0.153587 0.119568 0.100827 0.0573624 0.0630603 0.0341343 0.0324427 0.0444173 0.0211091 0.0280891 0.0125444 0.00206551 0 0 0 0
 0 0 0 0 0 0 0 0 0 0 0 0 0 0 0 0 0 0 0 0 0 0 0 0 0 0 0 0 0 0 0 0 0 0 0 0
 0 0 0 0 0 0 0.0133647 0.0140871 0.0187388 0.0205184 0.03894 0.0496705 0.03968 0.0493445 0.0407372 0.0367815 0.0215668 0.0243155 0.0234873 0.0199281 0.019796 0.0243948 0.0301388 0.0376714 0.0412746 0.0863199 0.0771752 0.113111 0.0741005 0.0525337 0.0229764 0.00759418 0.00175318 0 0 0
 0 0 0 0 0 0 0 0 0 0 0.00219441 0.00772107 0.0458388 0.0604681 0.0671733 0.0775358 0.0609151 0.0617685 0.073594 0.0568108 0.0755445 0.0548602 0.0670107 0.0636378 0.0643287 0.046367 0.0373049 0.0286899 0.0247887 0.0153202 0.00654259 0.00121912 0.000365735 0 0 0
 0 0 0 0 0 0 0 0 0 0 0 0 0.000112435 0.00938835 0.0111873 0.0202946 0.0414886 0.0713402 0.111592 0.104902 0.108894 0.110636 0.117776 0.105296 0.107544 0.0401394 0.0192827 0.0124803 0.00416011 0.0028671 0.000618394 0 0 0 0 0
 0 0 0 0 0 0 0 0 0 0 0.00291406 0.0102884 0.027416 0.0768956 0.0749926 0.110853 0.0956884 0.0897413 0.0766577 0.0534642 0.0500743 0.0551293 0.0594112 0.0620874 0.0668451 0.0424026 0.0208742 0.0120726 0.0048766 0.00582813 0.00118941 0.000297354 0 0 0 0
 0 0.00264628 0.0354308 0.0461629 0.0458689 0.0383711 0.0214643 0.0164657 0.0346957 0.0420465 0.0363128 0.0245516 0.0311673 0.0291091 0.0169068 0.0133784 0.00837989 0.0085269 0.0148486 0.0160247 0.0276389 0.0546898 0.0760071 0.122758 0.109233 0.0665981 0.0333725 0.0166128 0.00676272 0.00308733 0.000882094 0 0 0 0 0
 0 0 0 0 0 0 0 0.000805153 0.000690131 0.00759144 0.0133425 0.0154129 0.00931677 0.000345066 0.00356568 0.00563607 0.00851162 0.0253048 0.0502646 0.0516448 0.0657925 0.0565908 0.0611916 0.0827007 0.0866115 0.110766 0.145733 0.0935128 0.0569358 0.0249597 0.0138026 0.00621118 0.00161031 0.00115022 0 0
 0 0 0 0 0 0 0 0 0 0 0 0 0 0 0 0 0 0 0 0 0 0 0 0 0 0 0 0 0 0 0 0 0 0 0 0
 0.00147267 0.00158595 0.00478618 0.00569244 0.00954404 0.0108468 0.00647125 0.017049 0.0510054 0.094081 0.124002 0.0959785 0.0687766 0.0820023 0.061753 0.0591476 0.0492212 0.0479892 0.0443925 0.0268479 0.0217502 0.0140895 0.0121071 0.0120363 0.00920419 0.00665534 0.0049561 0.00860946 0.00930331 0.0156896 0.0114698 0.00855282 0.00243557 0.00046729 0 2.83206e-05
 0 0 0 0 0.000772559 0.00158375 0.000888443 0.00281984 0.00712685 0.0440552 0.0773331 0.111326 0.0921469 0.0852325 0.0710754 0.0886704 0.0786465 0.0553345 0.0373146 0.0185414 0.00753245 0.00457741 0.012979 0.0271748 0.0457355 0.0583668 0.034881 0.0177882 0.00938659 0.00492506 0.0015258 0.00185414 0.000309023 5.79419e-05 3.86279e-05 0
 0 0.00173294 0.00326652 0 0.00397197 0.00683976 0.00946217 0.0152591 0.00757587 0.0136028 0.0228656 0.0392903 0.0559909 0.0764795 0.0681675 0.0726916 0.0566044 0.0477403 0.0527397 0.0444891 0.0609904 0.0582453 0.0661739 0.0445044 0.0529084 0.0360697 0.0280645 0.0235558 0.0158879 0.00826598 0.00280645 0.00217768 0.000904811 0.00058276 9.20147e-05 0
 0 0 0 0 0 0 0 0 0 0 0 0 0 0 0 0 0 0 0 0 0 0 0 0 0 0 0 0 0 0 0 0 0 0 0 0
 0 0 0 0 0 0 0 0 0 0 0 0 0 0 0 0 0 0 0 0 0 0 0 0 0 0 0 0 0 0 0 0 0 0 0 0
 0 0 0 0 0 0 0 0 0 0 0 0 0 0 0 0 0 0 0 0 0 0 0 0 0 0 0 0 0 0 0 0 0 0 0 0
 0 0 0 0 0 0 0 0 0 0 0 0 0 0 0 0 0 0 0 0 0 0 0 0 0 0 0 0 0 0 0 0 0 0 0 0
 0 0 0 0 0 0 0 0 0 0 0 0 0 0 0 0 0 0 0 0 0 0 0 0 0 0 0 0 0 0 0 0 0 0 0 0
ppred_pel_tallas
 1.05209e-16 6.66283e-06 3.90264e-05 0.000185349 0.000713328 0.0022242 0.00561871 0.0115009 0.0190801 0.0256727 0.0280657 0.025062 0.0186085 0.0122105 0.00845505 0.00804614 0.0105131 0.0151975 0.0216315 0.0294234 0.0380569 0.0468117 0.0548232 0.0612331 0.065368 0.0668797 0.0658035 0.0625133 0.0575998 0.0517151 0.0454398 0.0392052 0.0332801 0.0278023 0.0228296 0.0183846
 1.0833e-16 1.78145e-05 0.000104528 0.000496821 0.00191269 0.00596445 0.0150658 0.0308278 0.051105 0.068646 0.074736 0.0660072 0.0474356 0.0280608 0.0143309 0.00754624 0.00585463 0.00705648 0.00981555 0.0135371 0.0179273 0.0227232 0.0276135 0.032259 0.0363443 0.039625 0.041953 0.0432733 0.0435996 0.0429847 0.0414982 0.0392212 0.0362535 0.0327248 0.028801 0.0246766
 1.08329e-16 5.10731e-06 2.98899e-05 0.000141904 0.000546037 0.00170249 0.00430101 0.00880515 0.0146134 0.0196796 0.0215581 0.0193555 0.0145967 0.0100155 0.00766052 0.00815041 0.0112021 0.0163625 0.0232691 0.0315381 0.0406004 0.0496553 0.0577587 0.0640007 0.0677072 0.0685915 0.0668076 0.0628807 0.0575499 0.0515754 0.0455782 0.0399534 0.0348669 0.0303135 0.0262011 0.0224263
 1.07918e-16 2.11475e-05 0.000124099 0.000589875 0.00227099 0.00708179 0.0178881 0.036602 0.0606744 0.0814917 0.0886993 0.0782871 0.056146 0.0329825 0.0164166 0.00794745 0.0053283 0.00590723 0.00807775 0.011147 0.0148208 0.0188815 0.0230826 0.027151 0.0308238 0.0338857 0.0361901 0.037659 0.0382694 0.038034 0.0369882 0.0351884 0.0327186 0.0296974 0.0262795 0.0226467
 1.01603e-16 3.41139e-05 0.000200224 0.000951784 0.00366443 0.0114272 0.0288642 0.0590598 0.0978977 0.131472 0.143064 0.126183 0.090305 0.0526598 0.025476 0.0110835 0.00574978 0.00508185 0.00638412 0.0084671 0.0108373 0.0131927 0.0152577 0.0167811 0.0175819 0.0175898 0.0168592 0.0155498 0.0138814 0.0120795 0.0103286 0.00874652 0.00738201 0.00623029 0.00525676 0.0044191
 1.01177e-16 1.86698e-05 0.000109521 0.000520496 0.00200374 0.00624831 0.0157832 0.0322979 0.0535501 0.0719545 0.0784016 0.0693957 0.0501986 0.0303509 0.0166989 0.0107061 0.0105164 0.0138534 0.0192421 0.0258433 0.0329818 0.0398963 0.0457398 0.0497187 0.0512697 0.0501961 0.0467156 0.0413964 0.035012 0.0283593 0.0221022 0.0166783 0.012282 0.00890693 0.00641946 0.00463223
 1.00557e-16 3.83541e-05 0.000225125 0.00107018 0.00412032 0.0128489 0.0324551 0.0664066 0.110073 0.147814 0.160823 0.14179 0.101351 0.0588531 0.0280085 0.0113931 0.00476724 0.00316138 0.00354301 0.0046152 0.00591206 0.00722533 0.00839826 0.00929178 0.009802 0.00988113 0.00954625 0.00887085 0.00796342 0.00694047 0.00590317 0.00492355 0.00404199 0.00327281 0.00261396 0.00205599
 1.00362e-16 2.8358e-05 0.000166417 0.000791023 0.0030454 0.00949674 0.0239882 0.0490845 0.0813685 0.109292 0.118975 0.105047 0.0754202 0.0444672 0.0224223 0.0113058 0.00809678 0.00919622 0.0123561 0.0164928 0.0210007 0.0253469 0.028977 0.03138 0.0321983 0.0313144 0.0288812 0.02528 0.0210243 0.0166409 0.0125668 0.00908756 0.00632588 0.00426976 0.00282101 0.00184483
 1.00444e-16 3.50167e-05 0.000205524 0.000976979 0.00376144 0.0117297 0.0296283 0.0606233 0.100489 0.134953 0.146851 0.129523 0.0926945 0.0540516 0.026146 0.0113683 0.00588594 0.005187 0.00650101 0.0086021 0.0109774 0.0133097 0.0153085 0.0167097 0.0173237 0.0170787 0.0160366 0.0143737 0.0123342 0.0101726 0.00810332 0.00627141 0.00474625 0.00353474 0.00260371 0.00190233
 1.00422e-16 2.97414e-05 0.000174542 0.000829659 0.00319417 0.00996069 0.0251601 0.0514819 0.0853411 0.114623 0.124765 0.110129 0.079003 0.0464466 0.0231749 0.0112839 0.00758284 0.00828283 0.0110283 0.0147085 0.018742 0.0226464 0.0259285 0.0281337 0.0289417 0.0282431 0.0261669 0.0230437 0.0193216 0.0154622 0.0118497 0.00873727 0.00623683 0.00434335 0.00297691 0.0020255
 1.01134e-16 2.12017e-05 0.000124392 0.00059121 0.00227603 0.00709746 0.017928 0.0366857 0.0608208 0.0817114 0.088999 0.0786957 0.0567521 0.0339663 0.0180634 0.0106446 0.00954297 0.0121346 0.0167487 0.0224996 0.0287589 0.0348626 0.0400791 0.0437199 0.0452896 0.0446025 0.0418252 0.0374246 0.0320458 0.02636 0.0209318 0.0161413 0.0121684 0.00902772 0.00662795 0.00483144
 1.01571e-16 2.68031e-05 0.000157292 0.000747648 0.00287841 0.00897599 0.0226728 0.0463929 0.0769061 0.103297 0.112446 0.0992752 0.0712609 0.0419849 0.0211175 0.0105662 0.00747723 0.00845686 0.0113974 0.0153026 0.019638 0.0239426 0.0277308 0.0305425 0.0320359 0.0320637 0.0307023 0.0282209 0.0250062 0.021468 0.0179571 0.0147175 0.0118773 0.00946969 0.00746815 0.00582005
 1.00512e-16 3.63206e-05 0.000213182 0.00101339 0.00390164 0.0121669 0.0307327 0.0628827 0.104233 0.139978 0.152311 0.134318 0.0960826 0.0559391 0.0268942 0.011412 0.00550179 0.00447296 0.00545146 0.00718065 0.00916127 0.0111126 0.0127906 0.0139754 0.0145097 0.0143337 0.0134986 0.0121502 0.0104897 0.00872647 0.0070363 0.0055368 0.00428322 0.00327959 0.00249774 0.00189601
 1.00065e-16 4.10619e-05 0.000241025 0.00114578 0.0044114 0.0137566 0.0347479 0.0710976 0.117847 0.15825 0.172168 0.151769 0.108432 0.0628605 0.0297186 0.0117448 0.00437919 0.00228458 0.00220762 0.00276899 0.00349859 0.00422078 0.00482751 0.00523148 0.0053728 0.00523154 0.00483263 0.00423884 0.00353497 0.00280816 0.00213079 0.00155038 0.0010876 0.000740929 0.000494588 0.000326728
 1.00047e-16 3.94061e-05 0.000231301 0.00109954 0.00423335 0.0132014 0.0333455 0.0682284 0.113093 0.151869 0.165235 0.145681 0.104134 0.0604724 0.028784 0.0117149 0.00490659 0.00324874 0.00361839 0.00467275 0.00592063 0.00713526 0.00814545 0.00880455 0.0090116 0.00873448 0.00801823 0.00697292 0.00574622 0.00448937 0.00332756 0.00234241 0.00156853 0.00100156 0.000612075 0.000359934
 1.00184e-16 3.03943e-05 0.000178375 0.000847884 0.00326435 0.0101795 0.0257128 0.0526129 0.0872156 0.11714 0.127502 0.11254 0.0807202 0.0474319 0.0236211 0.011425 0.00757767 0.00820203 0.010888 0.0145009 0.0184512 0.0222549 0.0254204 0.0274969 0.02817 0.0273382 0.0251391 0.0219125 0.0181154 0.0142161 0.0106029 0.00752965 0.00510496 0.00331714 0.00207715 0.00126272
 1.00761e-16 2.57315e-05 0.000150994 0.000717696 0.00276306 0.00861627 0.0217643 0.0445344 0.0738276 0.0991691 0.10797 0.095367 0.0685494 0.0405755 0.0207554 0.0109516 0.00845312 0.010018 0.0136131 0.0182362 0.023288 0.0282065 0.0323922 0.0352853 0.0364846 0.0358432 0.033502 0.0298472 0.0254104 0.0207432 0.0163091 0.012419 0.00921821 0.00671533 0.00483076 0.00344633
 1.00898e-16 3.01485e-05 0.000176936 0.000841046 0.00323803 0.0100975 0.0255055 0.0521885 0.0865111 0.116191 0.126462 0.111604 0.0800116 0.0469401 0.0232376 0.0110129 0.00701717 0.00740257 0.00978852 0.0130763 0.0167249 0.0203116 0.0234089 0.0256183 0.0266509 0.0263929 0.0249309 0.0225223 0.0195272 0.0163219 0.0132246 0.0104516 0.00810853 0.00621016 0.00471319 0.0035492
 1.00845e-16 2.71361e-05 0.000159243 0.000756918 0.00291409 0.00908724 0.0229539 0.0469682 0.0778607 0.104582 0.113851 0.100533 0.0721997 0.0426101 0.0215637 0.0110024 0.00804523 0.00925737 0.0124941 0.0167197 0.0213489 0.0258583 0.0296978 0.0323546 0.0334626 0.0328883 0.0307619 0.027438 0.0234033 0.0191619 0.0151359 0.0116067 0.00870395 0.00643194 0.00471538 0.00344495
 1.01037e-16 2.7404e-05 0.000160818 0.000764409 0.00294294 0.00917722 0.0231811 0.047433 0.0786306 0.105614 0.11497 0.101508 0.0728729 0.042953 0.0216374 0.0108782 0.0077578 0.0088035 0.0118529 0.015874 0.0203019 0.0246432 0.0283811 0.0310317 0.0322446 0.0318842 0.0300592 0.0270873 0.0234107 0.0194909 0.0157174 0.0123535 0.00952684 0.00725226 0.00547337 0.00410276
 1.00814e-16 3.07072e-05 0.000180216 0.000856642 0.00329808 0.0102847 0.0259785 0.0531562 0.088115 0.118344 0.128803 0.113664 0.0814746 0.0477709 0.0235976 0.0110973 0.00695549 0.00724848 0.00954967 0.0127422 0.0162827 0.0197529 0.0227333 0.0248345 0.0257764 0.0254521 0.0239523 0.0215359 0.0185614 0.0154025 0.0123732 0.009685 0.00743833 0.00564226 0.00424791 0.00318159
 1.00921e-16 2.58817e-05 0.000151877 0.000721893 0.00277923 0.00866667 0.0218916 0.0447948 0.074259 0.0997479 0.108598 0.095917 0.0689343 0.0407825 0.0208228 0.010925 0.00835896 0.00986124 0.0133873 0.0179331 0.0229046 0.0277489 0.0318777 0.0347416 0.0359475 0.0353508 0.0330897 0.0295423 0.0252285 0.0206875 0.0163708 0.0125805 0.00945616 0.0070041 0.00514537 0.00376459
 1.01227e-16 2.68266e-05 0.000157428 0.000748291 0.00288088 0.00898368 0.0226923 0.0464328 0.0769728 0.103388 0.112549 0.0993764 0.0713551 0.0420834 0.0212459 0.0107586 0.00777062 0.00888723 0.0119942 0.0160804 0.0205873 0.0250224 0.0288662 0.0316307 0.0329597 0.0327106 0.0309847 0.0280925 0.0244697 0.0205729 0.016789 0.0133821 0.0104828 0.00811204 0.00622136 0.00473197
 1.01092e-16 2.84287e-05 0.000166835 0.000793022 0.00305312 0.00952081 0.024049 0.0492085 0.0815728 0.109563 0.11926 0.105276 0.0755345 0.0444346 0.0222224 0.0109077 0.00744835 0.00823127 0.0110128 0.0147371 0.0188506 0.0228895 0.0263742 0.0288564 0.0300114 0.0297128 0.0280601 0.0253457 0.0219769 0.0183784 0.0149083 0.0118083 0.00919476 0.00708087 0.00541491 0.0041175
 1.02304e-16 7.29038e-06 4.26959e-05 0.000202762 0.000780317 0.00243306 0.00614648 0.0125819 0.0208764 0.0280982 0.0307395 0.0275023 0.0205331 0.0136903 0.00983377 0.0097641 0.0129869 0.0187769 0.0265735 0.0358438 0.0458616 0.0556382 0.0640257 0.0699327 0.0725704 0.0716395 0.067397 0.0605742 0.0521841 0.0432802 0.0347485 0.0271843 0.0208695 0.0158277 0.0119191 0.0089339
 1.04378e-16 2.57389e-05 0.000151055 0.000718028 0.00276441 0.00862051 0.0217748 0.0445544 0.0738551 0.0991894 0.107948 0.0952436 0.0682344 0.0399368 0.0196019 0.00902256 0.00542719 0.00555036 0.00740589 0.0101339 0.0133801 0.016907 0.020463 0.0237795 0.026608 0.0287577 0.0301181 0.0306579 0.0304093 0.0294442 0.0278551 0.0257454 0.0232291 0.0204328 0.0174951 0.0145595
 1.03648e-16 1.08791e-05 6.37739e-05 0.000302989 0.00116625 0.0036366 0.00918639 0.0188011 0.031182 0.0419283 0.0457626 0.0406901 0.0298346 0.0188386 0.0118087 0.00974184 0.0117023 0.0164685 0.0231945 0.0312683 0.0400148 0.0485672 0.0559317 0.0611676 0.0636002 0.0629802 0.0595397 0.0539167 0.0469843 0.0396399 0.032624 0.0264174 0.0212266 0.0170388 0.0137104 0.011052
pSPR Fmed_Fpbrs
0.470414   0.6 0.325
Fs Fmed_Fpbrs
0.64   0.375343 1.23761
SSBpbr Bo_Bmed_Bpbrs
541905  227824  298048 149024
Ro
20333
SPR SPRFo_SPRFmed_SPRFpbrs
419962 197556 136488
log_Ro
9.74
likeval ReclasPelacesDesembMPH_pf_preclas_ppelaces_ptallas_desvR_qrecl_qpela
 72.0978 0.0001644 0.189293 38.8875 378.873 218.121 59.9024 0 33.6096 0.000147282 0.000277358 3.4836e-15 0 0 0
q_reclas_q_pelaces
5.58297 10.6907
M
0.7
N
 16496.5 23952.7 10833.3 1462.49 0.133746
 32954.7 7977.45 8937.25 4042.14 545.736
 3261.53 15631.9 2417.97 2708.89 1390.59
 6464.34 1426.28 1973.18 305.215 517.467
 35891.3 2950.02 285.013 394.299 164.396
 14401.4 17458.7 1172.63 113.292 222.08
 62485.8 6238.06 1988.67 133.571 38.2014
 51689.5 27033.3 701.331 223.582 19.312
 79363.2 22341.6 3008.89 78.0603 27.0348
 112733 33185.1 1740.21 234.366 8.18598
 58129.4 51229.4 6336.48 332.283 46.3137
 50391.4 25306.7 6162.05 762.174 45.5389
 53795 21699.8 2706.24 658.955 86.375
 30725.6 20944.1 783.228 97.6784 26.9018
 13346.8 9841.3 92.2993 3.45164 0.549018
 9691.56 4545.32 83.9797 0.787626 0.0341392
 6497.97 4144.5 450.97 8.33216 0.0815325
 7796.18 2802.17 450.042 48.9698 0.913624
 8227.89 3390.22 332.955 53.4742 5.92717
 7804.3 3680.54 546.243 53.6467 9.57092
 15826.4 3402.61 449.779 66.7534 7.72549
 20631.6 7297.67 760.249 100.495 16.6409
 29851.5 9540.28 1680.9 175.111 26.9803
 50518.9 13700.9 2027.42 357.212 42.9468
 10748.7 23255.1 3005.77 444.788 87.789
 28188.8 5061.52 6515.51 842.143 149.215
 4028.21 12804.1 961.802 1238.09 188.38
pred_Ctot
 311.1 4353.82 1969.15 265.834 0.0243106
 1064.28 2299.31 2575.94 1165.05 157.295
 282.069 9039.09 1398.18 1566.4 804.103
 378.487 645.154 892.532 138.059 234.067
 528.361 428.789 41.427 57.3118 23.8952
 1333.38 10485.1 704.243 68.0397 133.374
 5833.68 3763.31 1199.73 80.5809 23.0462
 4856.45 16364.6 424.55 135.345 11.6905
 9105.7 14951.5 2013.62 52.2398 18.0923
 6917.63 15498 812.711 109.453 3.823
 5194.24 30171.9 3731.91 195.7 27.2768
 4853.38 15523.6 3779.92 467.533 27.9345
 8473.74 16508.6 2058.84 501.315 65.7117
 8043.84 18161 679.152 84.6989 23.3271
 3081.86 8323.56 78.0647 2.91932 0.464347
 976.062 2853.88 52.7285 0.494528 0.021435
 619.982 2529.64 275.254 5.08563 0.0497643
 702.307 1657.79 266.249 28.971 0.540508
 590.533 1753.49 172.211 27.6579 3.06565
 690.008 2154.89 319.816 31.4092 5.60362
 816.673 1408.15 186.138 27.6255 3.19715
 1025.33 2938.88 306.164 40.4707 6.70155
 1633.72 4117.23 725.414 75.5714 11.6437
 2664.54 5759.73 852.313 150.169 18.0545
 401.148 7530 973.269 144.022 28.4261
 1738.16 2371.56 3052.82 394.584 69.9142
 449.605 8458.43 635.37 817.888 124.445
F
 0.0265314 0.285854 0.285854 0.285854 0.285854
 0.0458216 0.49369 0.49369 0.49369 0.49369
 0.127125 1.36967 1.36967 1.36967 1.36967
 0.0844882 0.91029 0.91029 0.91029 0.91029
 0.0206573 0.222565 0.222565 0.222565 0.222565
 0.136657 1.47237 1.47237 1.47237 1.47237
 0.137871 1.48544 1.48544 1.48544 1.48544
 0.138804 1.4955 1.4955 1.4955 1.4955
 0.171934 1.85244 1.85244 1.85244 1.85244
 0.0887101 0.955777 0.955777 0.955777 0.955777
 0.131602 1.4179 1.4179 1.4179 1.4179
 0.142518 1.53551 1.53551 1.53551 1.53551
 0.243326 2.62163 2.62163 2.62163 2.62163
 0.438509 4.72457 4.72457 4.72457 4.72457
 0.377177 4.06377 4.06377 4.06377 4.06377
 0.149473 1.61045 1.61045 1.61045 1.61045
 0.141096 1.5202 1.5202 1.5202 1.5202
 0.132738 1.43014 1.43014 1.43014 1.43014
 0.104471 1.12559 1.12559 1.12559 1.12559
 0.130131 1.40206 1.40206 1.40206 1.40206
 0.0741266 0.798653 0.798653 0.798653 0.798653
 0.0713025 0.768225 0.768225 0.768225 0.768225
 0.078777 0.848757 0.848757 0.848757 0.848757
 0.0758225 0.816924 0.816924 0.816924 0.816924
 0.0531214 0.572339 0.572339 0.572339 0.572339
 0.089159 0.960613 0.960613 0.960613 0.960613
 0.166897 1.79818 1.79818 1.79818 1.79818
Np
 12820.9 6148.68 577.574 359.244 36.1921
YTP_r0W_actual
 814.948 63599 6944.85 11416.8 1927.72
YTP_p0W_proyectada
 2593.8 8408.62 7602.96 729.346 1127.56
 2593.8 30541 4170.47 3312.7 370.358
CTP_r0_actual
 99.384 2944.4 221.174 284.709 43.3194
CTP_p0_proyectada
 316.317 389.288 242.132 18.1882 25.3383
 316.317 1413.94 132.818 82.6109 8.32264
Wmedp
 8.2 21.6 31.4 40.1 44.5
nmprior
 10.8 10.6 4.6 0
nm_flota  nm_reclas  nm_pelaces    nm_pelaL
inf 17.7435 8.65146 20.5081
cv_recla  cv_pelaces  cv_mph
0.735346 0.468187 0.499991
 ------------------------------------------------
Talla a la edad & desviaci?n 
 7.2 14.2025 17.0495 18.207 18.6776
 1.08 2.13037 2.55742 2.73105 2.80164
