years
 1997 1998 1999 2000 2001 2002 2003 2004 2005 2006 2007 2008 2009 2010 2011 2012 2013 2014 2015 2016 2017 2018 2019 2020 2021 2022 2023
reclasobs
 0 0 0 370054 412103 1.49427e+06 250295 1.28982e+06 931140 785840 897777 1.04006e+06 184774 17550 25797 100020 73551 82996 120727 218422 84188 347160 605670 569463 516374 1.08416e+06 1.01767e+06
reclaspred
 8.59295e+06 1.52602e+06 1.77234e+06 264860 227419 338055 634761 592208 647329 999381 1.16051e+06 769713 376608 139158 84623.7 98494.9 101131 111850 124710 125167 175706 219954 407296 538498 887354 448348 337932
pelacesobs
 0 0 0 0 0 0 0 0 0 2.06254e+06 1.5e+06 0 1.87456e+06 323000 250000 174000 83755 137374 0 501740 490994 745055 786931 1.00524e+06 1.33801e+06 1.41789e+06 0
pelacespred
 1.12379e+07 4.21637e+06 825390 283488 585707 499584 1.85151e+06 1.50519e+06 1.63944e+06 2.68352e+06 2.16856e+06 1.37948e+06 840235 265676 171825 190812 183952 211085 230706 203124 421774 448882 611032 1.03803e+06 1.47073e+06 407874 847970
mphobs
 0 0 0 0 0 0 112323 0 153150 637223 0 255016 313432 73983 77613 109348 50772 17779 17303 59886 28197 0 207744 136588 643089 65757 70829
mphpred
 1.52871e+06 635849 240700 70298.2 42142.4 154519 168599 316625 271452 370949 497086 297120 173698 124122 56723 47571 39612.2 42720.1 43651.2 39107.9 50078.1 80630.7 102466 156790 245453 112669 65378
desembarqueobs
 350755 77701 442110 56441 14545 235359 269955 359681 431902 328805 639364 411747 362871 311530 167758 66681 60226 58785 57116 73181 50977 67692 138656 160484 209506 203330 245020
desembarquepred
 350743 77678 441473 56398.8 14541.4 235096 269768 358894 431096 328483 638108 410909 362095 310512 167214 66594.8 60180.3 58683.5 56994.5 73068.1 50931.4 67586.4 138516 160315 209316 202995 244647
Reclutas
 5200.57 7232.27 881.36 3021.28 39093.2 10496.4 63589 48356.1 77335.5 118108 54562.6 49465 56982.4 30196.2 14005.3 9798.35 6248.15 7541.73 8212.63 6955.35 15116.1 19476.9 27212.2 51382.6 5217.43 3766.19 101439
log_desv_Rt
 -1.18348 -0.853692 -2.95853 -1.72656 0.833705 -0.48121 1.3202 1.04635 1.51591 1.93935 1.1671 1.06902 1.2105 0.575472 -0.192808 -0.550031 -0.99996 -0.811793 -0.726572 -0.892733 -0.116484 0.136987 0.471422 1.10705 -1.18024 -1.50618 1.78721
SSB
 1.7629e+06 733262 277575 81067.8 48598.6 178192 185246 357632 299220 415082 573240 342639 212200 121992 59929.4 49791.1 44810.2 45150.1 52688.6 52893.6 59738.2 92145.7 122826 173871 311589 166937 81018.2
BT
 2.15864e+06 867633 392598 124455 236206 279828 993655 831973 1.01076e+06 1.17629e+06 1.11844e+06 785461 657917 380133 200768 109724 101876 114354 108507 113055 183076 168200 250946 435998 418102 262786 557474
Ftot
 0.155627 0.272366 1.31161 1.18471 0.347692 1.77357 1.866 1.82498 2.30244 1.15816 1.61864 1.80038 3.02504 4.95303 4.69891 1.90916 1.78826 1.74069 1.42479 1.76964 1.06356 1.00214 1.11312 1.06597 0.717212 1.74096 3.82641
BD_Bspro_t
 0.977812 0.836401 0.563016 0.173017 0.208389 0.53345 0.36424 0.45431 0.363144 0.399305 0.438359 0.261172 0.181599 0.124823 0.0737168 0.0744397 0.092533 0.129451 0.184922 0.225815 0.275465 0.430904 0.457716 0.469554 0.538338 0.309803 0.198974
BD_Bspro
 5.02564 2.09036 0.791305 0.231106 0.138544 0.507984 0.528095 1.01953 0.853009 1.1833 1.63418 0.976785 0.604933 0.347772 0.170845 0.141943 0.127744 0.128713 0.150203 0.150788 0.1703 0.262686 0.350149 0.495668 0.888269 0.4759 0.230964
BD_Bo
 3.05807 1.27197 0.481503 0.140626 0.0843028 0.309105 0.321342 0.620376 0.51905 0.720032 0.994385 0.594367 0.368098 0.211617 0.103958 0.0863713 0.0777311 0.0783207 0.0913977 0.0917532 0.103626 0.159843 0.213063 0.30161 0.540505 0.289582 0.14054
BD_Brms
 5.56012 2.31267 0.87546 0.255684 0.153278 0.562008 0.584258 1.12796 0.943726 1.30915 1.80797 1.08067 0.669268 0.384757 0.189014 0.157039 0.141329 0.142401 0.166178 0.166824 0.188412 0.290623 0.387388 0.548382 0.982737 0.526512 0.255528
S_f
 0.0968389 0.836275 0.995907 0.999914 0.999998
 0.0968389 0.836275 0.995907 0.999914 0.999998
 0.0968389 0.836275 0.995907 0.999914 0.999998
 0.0968389 0.836275 0.995907 0.999914 0.999998
 0.0968389 0.836275 0.995907 0.999914 0.999998
 0.0968389 0.836275 0.995907 0.999914 0.999998
 0.0968389 0.836275 0.995907 0.999914 0.999998
 0.0968389 0.836275 0.995907 0.999914 0.999998
 0.0968389 0.836275 0.995907 0.999914 0.999998
 0.0968389 0.836275 0.995907 0.999914 0.999998
 0.0968389 0.836275 0.995907 0.999914 0.999998
 0.0968389 0.836275 0.995907 0.999914 0.999998
 0.0968389 0.836275 0.995907 0.999914 0.999998
 0.0968389 0.836275 0.995907 0.999914 0.999998
 0.0968389 0.836275 0.995907 0.999914 0.999998
 0.0968389 0.836275 0.995907 0.999914 0.999998
 0.0968389 0.836275 0.995907 0.999914 0.999998
 0.0968389 0.836275 0.995907 0.999914 0.999998
 0.0968389 0.836275 0.995907 0.999914 0.999998
 0.0968389 0.836275 0.995907 0.999914 0.999998
 0.0968389 0.836275 0.995907 0.999914 0.999998
 0.0968389 0.836275 0.995907 0.999914 0.999998
 0.0968389 0.836275 0.995907 0.999914 0.999998
 0.0968389 0.836275 0.995907 0.999914 0.999998
 0.0968389 0.836275 0.995907 0.999914 0.999998
 0.0968389 0.836275 0.995907 0.999914 0.999998
 0.0968389 0.836275 0.995907 0.999914 0.999998
Scru_reclas
 0.0883555 0.327847 0.710539 0.925114 0.98417
 0.0883555 0.327847 0.710539 0.925114 0.98417
 0.0883555 0.327847 0.710539 0.925114 0.98417
 0.0883555 0.327847 0.710539 0.925114 0.98417
 0.0883555 0.327847 0.710539 0.925114 0.98417
 0.0883555 0.327847 0.710539 0.925114 0.98417
 0.0883555 0.327847 0.710539 0.925114 0.98417
 0.0883555 0.327847 0.710539 0.925114 0.98417
 0.0883555 0.327847 0.710539 0.925114 0.98417
 0.0883555 0.327847 0.710539 0.925114 0.98417
 0.0883555 0.327847 0.710539 0.925114 0.98417
 0.0883555 0.327847 0.710539 0.925114 0.98417
 0.0883555 0.327847 0.710539 0.925114 0.98417
 0.0883555 0.327847 0.710539 0.925114 0.98417
 0.0883555 0.327847 0.710539 0.925114 0.98417
 0.0883555 0.327847 0.710539 0.925114 0.98417
 0.0883555 0.327847 0.710539 0.925114 0.98417
 0.0883555 0.327847 0.710539 0.925114 0.98417
 0.0883555 0.327847 0.710539 0.925114 0.98417
 0.0883555 0.327847 0.710539 0.925114 0.98417
 0.0883555 0.327847 0.710539 0.925114 0.98417
 0.0883555 0.327847 0.710539 0.925114 0.98417
 0.0883555 0.327847 0.710539 0.925114 0.98417
 0.0883555 0.327847 0.710539 0.925114 0.98417
 0.0883555 0.327847 0.710539 0.925114 0.98417
 0.0883555 0.327847 0.710539 0.925114 0.98417
 0.0883555 0.327847 0.710539 0.925114 0.98417
Scru_pelaces
 0.363604 1 1 1 1
 0.363604 1 1 1 1
 0.363604 1 1 1 1
 0.363604 1 1 1 1
 0.363604 1 1 1 1
 0.363604 1 1 1 1
 0.363604 1 1 1 1
 0.363604 1 1 1 1
 0.363604 1 1 1 1
 0.363604 1 1 1 1
 0.363604 1 1 1 1
 0.363604 1 1 1 1
 0.363604 1 1 1 1
 0.363604 1 1 1 1
 0.363604 1 1 1 1
 0.363604 1 1 1 1
 0.363604 1 1 1 1
 0.363604 1 1 1 1
 0.363604 1 1 1 1
 0.363604 1 1 1 1
 0.363604 1 1 1 1
 0.363604 1 1 1 1
 0.363604 1 1 1 1
 0.363604 1 1 1 1
 0.363604 1 1 1 1
 0.363604 1 1 1 1
 0.363604 1 1 1 1
pf_obs 
 0.256992 0.487395 0.22802 0.0275931 0
 0.321318 0.546541 0.124235 0.00734118 0.000564706
 0.182869 0.594174 0.210203 0.0122559 0.00049798
 0.330522 0.361315 0.267642 0.0388342 0.00168674
 0.649043 0.306663 0.0425973 0.00169635 0
 0.582887 0.30429 0.105238 0.00758474 0
 0.465427 0.430635 0.0974691 0.00646863 0
 0.296916 0.608066 0.0921331 0.00288517 0
 0.311714 0.524322 0.152257 0.0117073 0
 0.15457 0.633149 0.183074 0.0267441 0.00246327
 0.131901 0.49318 0.331252 0.0422183 0.00144891
 0.196976 0.569456 0.194076 0.0375587 0.00193317
 0.518974 0.381816 0.0799577 0.0180837 0.00116848
 0.0928022 0.601141 0.25162 0.0475244 0.00691264
 0.122501 0.610282 0.24278 0.0234846 0.000952079
 0.383417 0.481906 0.127806 0.00687128 0
 0.0376549 0.599619 0.316969 0.0457579 0
 0.0361596 0.667082 0.258105 0.0386534 0
 0.158088 0.579412 0.248529 0.0139706 0
 0.0477256 0.309471 0.559284 0.082774 0.000745712
 0.0406174 0.521527 0.379366 0.0568643 0.0016247
 0.151134 0.462217 0.34131 0.0453401 0
 0.294876 0.26143 0.354403 0.0886775 0.000613685
 0.281977 0.475581 0.204845 0.0348837 0.00271318
 0.0841818 0.532909 0.334909 0.0458182 0.00218182
 0.115287 0.27431 0.454777 0.147771 0.00785563
 0 0 0 0 0
pf_pred 
 0.00837419 0.634496 0.315378 0.0417502 1.75111e-06
 0.0232186 0.0646529 0.621584 0.256705 0.0338387
 0.00848301 0.198395 0.0631397 0.498188 0.231794
 0.145484 0.113054 0.189305 0.0442599 0.507897
 0.734935 0.194492 0.0120247 0.0150278 0.0435197
 0.0929799 0.87446 0.0251563 0.00126668 0.0061374
 0.646978 0.229884 0.120042 0.00239732 0.00069925
 0.256062 0.725241 0.0136726 0.00489922 0.000125221
 0.41615 0.505972 0.0765217 0.00099474 0.000362259
 0.371947 0.593565 0.0313567 0.00307699 5.39875e-05
 0.144822 0.759457 0.0917391 0.00362262 0.000359205
 0.233212 0.570759 0.179981 0.0153858 0.000662223
 0.369967 0.542637 0.0706348 0.0154005 0.00136091
 0.312639 0.658702 0.0261907 0.002 0.000468375
 0.322245 0.665221 0.0122985 0.000215837 1.99295e-05
 0.298839 0.685792 0.0152369 0.000129373 2.43241e-06
 0.208189 0.706289 0.0842337 0.00127725 1.09464e-05
 0.311812 0.571809 0.107371 0.00887406 0.000134508
 0.288111 0.635541 0.066864 0.00875513 0.000728165
 0.242971 0.653297 0.0954337 0.0072741 0.00102368
 0.413444 0.500696 0.0773316 0.00785194 0.000676691
 0.288086 0.640698 0.0630479 0.00736187 0.000806495
 0.293764 0.588211 0.108825 0.00815099 0.00104915
 0.362962 0.538787 0.0853789 0.0118746 0.000997035
 0.0279245 0.853372 0.104331 0.0125003 0.00187195
 0.0664124 0.22589 0.638111 0.0612033 0.00838271
 0.919728 0.050631 0.00932144 0.0183372 0.00198214
pobs_RECLAS
 0 0 0 0 0
 0 0 0 0 0
 0 0 0 0 0
 0 0 0 0 0
 0.835266 0.146461 0.0176864 0.000547809 3.91292e-05
 0.385257 0.428462 0.181853 0.0044286 0
 0.867414 0.0963971 0.0333333 0.00285562 0
 0.441836 0.489002 0.0689373 0.000224442 0
 0.779404 0.147425 0.0564933 0.0165055 0.000172143
 0.814271 0.122319 0.05973 0.00367925 0
 0.40263 0.566651 0.0304383 0.000280538 0
 0.475488 0.404961 0.113038 0.00651328 0
 0.955842 0.0263864 0.0167828 0.000988607 0
 0.975058 0.0227948 0.00214734 0 0
 0.738997 0.206755 0.0527124 0.00153531 0
 0.850938 0.134255 0.0134407 0.00136685 0
 0.542534 0.407297 0.0501686 0 0
 0.764087 0.199537 0.0359546 0.000420521 0
 0.470689 0.182191 0.310203 0.0369168 0
 0.84361 0.089868 0.0606195 0.00523954 0.000663233
 0.607945 0.314616 0.071237 0.00620181 0
 0.523733 0.453247 0.0230204 0 0
 0.530135 0.295979 0.169645 0.0042399 0
 0.562478 0.366248 0.0663022 0.0049721 0
 0.250443 0.683176 0.0655157 0.000865301 0
 0.195077 0.31981 0.436473 0.0351445 0.0134964
 0.565238 0.351407 0.0832357 0.000118908 0
ppred_RECLAS
 0.0148124 0.478699 0.432279 0.0742055 3.31076e-06
 0.0283094 0.0334088 0.58257 0.311967 0.0437447
 0.0107588 0.0975573 0.0547609 0.559843 0.27708
 0.171274 0.0523236 0.155241 0.0470339 0.574128
 0.828609 0.0925162 0.0103616 0.0167903 0.0517233
 0.213471 0.735243 0.0365993 0.00238658 0.0123004
 0.801268 0.102958 0.0926347 0.00239554 0.000743251
 0.480875 0.495321 0.0161202 0.00748005 0.000203367
 0.658028 0.271207 0.0691503 0.00116334 0.000450645
 0.589726 0.371011 0.0347602 0.00442025 8.24984e-05
 0.294504 0.577164 0.121464 0.00621266 0.000655278
 0.410495 0.366591 0.199784 0.0221169 0.00101259
 0.641001 0.281455 0.0592682 0.0167052 0.00157022
 0.693495 0.288237 0.0162693 0.00160067 0.000398699
 0.692201 0.299591 0.00800833 0.000181164 1.7792e-05
 0.538569 0.444268 0.0169729 0.000186602 3.73193e-06
 0.399882 0.495836 0.102256 0.00200796 1.83053e-05
 0.521402 0.351706 0.114444 0.0122499 0.000197507
 0.492864 0.41607 0.076872 0.0130405 0.00115369
 0.44198 0.435441 0.110086 0.0108667 0.0016267
 0.612156 0.295104 0.0810903 0.0106707 0.000978228
 0.482323 0.429585 0.0753583 0.0114045 0.00132899
 0.480204 0.380835 0.12515 0.0121478 0.00166326
 0.558661 0.330031 0.0930391 0.0167702 0.00149783
 0.0594897 0.746863 0.164099 0.0254878 0.00406016
 0.108144 0.135297 0.662304 0.0822693 0.011986
 0.971564 0.0136455 0.0038599 0.00980302 0.0011271
pobs_PELACES
 0 0 0 0 0
 0 0 0 0 0
 0 0 0 0 0
 0 0 0 0 0
 0 0 0 0 0
 0 0 0 0 0
 0 0 0 0 0
 0 0 0 0 0
 0 0 0 0 0
 0 0 0 0 0
 0.450072 0.473896 0.0757376 0.000293798 0
 0 0 0 0 0
 0.463077 0.371075 0.160297 0.00555027 0
 0.529543 0.364841 0.0842815 0.0213345 0
 0.631943 0.363953 0.00410389 0 0
 0.735681 0.248677 0.0153453 0.000297389 0
 0.695825 0.281241 0.0229344 0 0
 0.275771 0.60734 0.115278 0.00161068 0
 0 0 0 0 0
 0.896147 0.0623911 0.0374545 0.00400742 0
 0.803859 0.145111 0.0509908 3.86294e-05 0
 0.739449 0.233085 0.0266225 0.000797448 4.60066e-05
 0.878498 0.100942 0.0204185 0.000141795 0
 0.694673 0.275183 0.0284847 0.00165964 0
 0.469039 0.446079 0.0841089 0.000773354 0
 0.822795 0.102175 0.0682046 0.00682512 0
 0 0 0 0 0
ppred_PELACES
 0.0286964 0.661769 0.273483 0.03605 1.51189e-06
 0.0882567 0.072235 0.572911 0.23555 0.0310472
 0.0485269 0.236819 0.0572406 0.448682 0.208731
 0.495094 0.0839616 0.107986 0.0250892 0.287869
 0.910269 0.0692032 0.00351127 0.00436805 0.0126484
 0.370259 0.613168 0.0128271 0.000640925 0.00310495
 0.922752 0.0557384 0.020973 0.000415539 0.000121184
 0.667471 0.326453 0.00445284 0.00158312 4.0457e-05
 0.838471 0.146043 0.0152188 0.000196048 7.13821e-05
 0.731409 0.257097 0.0104563 0.0010197 1.78888e-05
 0.483179 0.472843 0.0421614 0.00165276 0.000163856
 0.652406 0.278312 0.0636511 0.00539918 0.000232349
 0.853623 0.132793 0.0110018 0.0023722 0.000209578
 0.91407 0.0840867 0.001687 0.000126648 2.96486e-05
 0.906682 0.0924112 0.000889854 1.53654e-05 1.41829e-06
 0.71948 0.276081 0.00440101 3.70689e-05 6.96832e-07
 0.607427 0.360849 0.0312497 0.000470196 4.02907e-06
 0.727029 0.237698 0.0325611 0.00267073 4.04749e-05
 0.674839 0.298252 0.0235869 0.00306741 0.00025508
 0.654067 0.310132 0.0329569 0.0024928 0.000350755
 0.76202 0.210041 0.0251796 0.0025413 0.000218984
 0.640308 0.331004 0.0254139 0.00295009 0.000323143
 0.659 0.295236 0.0422165 0.00314269 0.000404459
 0.721859 0.243685 0.0299664 0.00414274 0.000347795
 0.103323 0.807092 0.0787887 0.00939012 0.00140604
 0.334325 0.202717 0.417748 0.0397638 0.00544537
 0.994562 0.00406991 0.000434224 0.000842739 9.10693e-05
pobs_pel_tallas
 0 0 0 0 0 0 0 0 0 0 0 0 0 0 0 0 0 0 0 0 0 0 0 0 0 0 0 0 0 0 0 0 0 0 0 0
 0 0 0 0 0 0 0 0 0 0 0 0 0 0 0 0 0 0 0 0 0 0 0 0 0 0 0 0 0 0 0 0 0 0 0 0
 0 0 0 0 0 0 0 0 0 0 0 0 0 0 0 0 0 0 0 0 0 0 0 0 0 0 0 0 0 0 0 0 0 0 0 0
 0 0 0 0 0 0 0 0 0 0 0 0 0 0 0 0 0 0 0 0 0 0 0 0 0 0 0 0 0 0 0 0 0 0 0 0
 0 0 0 0 0 0 0 0 0 0 0 0 0 0 0 0 0 0 0 0 0 0 0 0 0 0 0 0 0 0 0 0 0 0 0 0
 0 0 0 0 0 0 0 0 0 0 0 0 0 0 0 0 0 0 0 0 0 0 0 0 0 0 0 0 0 0 0 0 0 0 0 0
 0 0 0 0 0 0 0 0 0 0 0 0 0 0 0 0 0 0 0 0 0 0 0 0 0 0 0 0 0 0 0 0 0 0 0 0
 0 0 0 0 0 0 0 0 0 0 0 0 0 0 0 0 0 0 0 0 0 0 0 0 0 0 0 0 0 0 0 0 0 0 0 0
 0 0 0 0 0 0 0 0 0 0 0 0 0 0 0 0 0 0 0 0 0 0 0 0 0 0 0 0 0 0 0 0 0 0 0 0
 0 0 0 0 0 0 0 0 0 0 0 0 0 0 0 0 0 0 0 0 0 0 0 0 0 0 0 0 0 0 0 0 0 0 0 0
 0 0 0 0 0 0 0 0 1.78061e-05 0.00172719 0.00360574 0.0105946 0.0120993 0.0124554 0.0147524 0.0171206 0.0266825 0.0428682 0.0675386 0.121331 0.153587 0.119568 0.100827 0.0573624 0.0630603 0.0341343 0.0324427 0.0444173 0.0211091 0.0280891 0.0125444 0.00206551 0 0 0 0
 0 0 0 0 0 0 0 0 0 0 0 0 0 0 0 0 0 0 0 0 0 0 0 0 0 0 0 0 0 0 0 0 0 0 0 0
 0 0 0 0 0 0 0.0133647 0.0140871 0.0187388 0.0205184 0.03894 0.0496705 0.03968 0.0493445 0.0407372 0.0367815 0.0215668 0.0243155 0.0234873 0.0199281 0.019796 0.0243948 0.0301388 0.0376714 0.0412746 0.0863199 0.0771752 0.113111 0.0741005 0.0525337 0.0229764 0.00759418 0.00175318 0 0 0
 0 0 0 0 0 0 0 0 0 0 0.00219441 0.00772107 0.0458388 0.0604681 0.0671733 0.0775358 0.0609151 0.0617685 0.073594 0.0568108 0.0755445 0.0548602 0.0670107 0.0636378 0.0643287 0.046367 0.0373049 0.0286899 0.0247887 0.0153202 0.00654259 0.00121912 0.000365735 0 0 0
 0 0 0 0 0 0 0 0 0 0 0 0 0.000112435 0.00938835 0.0111873 0.0202946 0.0414886 0.0713402 0.111592 0.104902 0.108894 0.110636 0.117776 0.105296 0.107544 0.0401394 0.0192827 0.0124803 0.00416011 0.0028671 0.000618394 0 0 0 0 0
 0 0 0 0 0 0 0 0 0 0 0.00291406 0.0102884 0.027416 0.0768956 0.0749926 0.110853 0.0956884 0.0897413 0.0766577 0.0534642 0.0500743 0.0551293 0.0594112 0.0620874 0.0668451 0.0424026 0.0208742 0.0120726 0.0048766 0.00582813 0.00118941 0.000297354 0 0 0 0
 0 0.00264628 0.0354308 0.0461629 0.0458689 0.0383711 0.0214643 0.0164657 0.0346957 0.0420465 0.0363128 0.0245516 0.0311673 0.0291091 0.0169068 0.0133784 0.00837989 0.0085269 0.0148486 0.0160247 0.0276389 0.0546898 0.0760071 0.122758 0.109233 0.0665981 0.0333725 0.0166128 0.00676272 0.00308733 0.000882094 0 0 0 0 0
 0 0 0 0 0 0 0 0.000805153 0.000690131 0.00759144 0.0133425 0.0154129 0.00931677 0.000345066 0.00356568 0.00563607 0.00851162 0.0253048 0.0502646 0.0516448 0.0657925 0.0565908 0.0611916 0.0827007 0.0866115 0.110766 0.145733 0.0935128 0.0569358 0.0249597 0.0138026 0.00621118 0.00161031 0.00115022 0 0
 0 0 0 0 0 0 0 0 0 0 0 0 0 0 0 0 0 0 0 0 0 0 0 0 0 0 0 0 0 0 0 0 0 0 0 0
 0.00147267 0.00158595 0.00478618 0.00569244 0.00954404 0.0108468 0.00647125 0.017049 0.0510054 0.094081 0.124002 0.0959785 0.0687766 0.0820023 0.061753 0.0591476 0.0492212 0.0479892 0.0443925 0.0268479 0.0217502 0.0140895 0.0121071 0.0120363 0.00920419 0.00665534 0.0049561 0.00860946 0.00930331 0.0156896 0.0114698 0.00855282 0.00243557 0.00046729 0 2.83206e-05
 0 0 0 0 0.000772559 0.00158375 0.000888443 0.00281984 0.00712685 0.0440552 0.0773331 0.111326 0.0921469 0.0852325 0.0710754 0.0886704 0.0786465 0.0553345 0.0373146 0.0185414 0.00753245 0.00457741 0.012979 0.0271748 0.0457355 0.0583668 0.034881 0.0177882 0.00938659 0.00492506 0.0015258 0.00185414 0.000309023 5.79419e-05 3.86279e-05 0
 0 0.00173294 0.00326652 0 0.00397197 0.00683976 0.00946217 0.0152591 0.00757587 0.0136028 0.0228656 0.0392903 0.0559909 0.0764795 0.0681675 0.0726916 0.0566044 0.0477403 0.0527397 0.0444891 0.0609904 0.0582453 0.0661739 0.0445044 0.0529084 0.0360697 0.0280645 0.0235558 0.0158879 0.00826598 0.00280645 0.00217768 0.000904811 0.00058276 9.20147e-05 0
 0 0 0 0 0 0 0 0 0 0 0 0 0 0 0 0 0 0 0 0 0 0 0 0 0 0 0 0 0 0 0 0 0 0 0 0
 0 0 0 0 0 0 0 0 0 0 0 0 0 0 0 0 0 0 0 0 0 0 0 0 0 0 0 0 0 0 0 0 0 0 0 0
 0 0 0 0 0 0 0 0 0 0 0 0 0 0 0 0 0 0 0 0 0 0 0 0 0 0 0 0 0 0 0 0 0 0 0 0
 0 0 0 0 0 0 0 0 0 0 0 0 0 0 0 0 0 0 0 0 0 0 0 0 0 0 0 0 0 0 0 0 0 0 0 0
 0 0 0 0 0 0 0 0 0 0 0 0 0 0 0 0 0 0 0 0 0 0 0 0 0 0 0 0 0 0 0 0 0 0 0 0
ppred_pel_tallas
 1.05337e-16 1.29142e-06 7.48066e-06 3.53531e-05 0.000135765 0.00042306 0.00106935 0.00219341 0.0036563 0.00497227 0.00557424 0.00530576 0.00464701 0.00442696 0.00535856 0.00784152 0.0120553 0.0180764 0.0258626 0.0351488 0.045364 0.0556402 0.0649273 0.0721907 0.0766319 0.0778603 0.0759619 0.0714406 0.0650625 0.057661 0.0499676 0.0425131 0.0356105 0.0293956 0.0238949 0.0190866
 1.17701e-16 3.86509e-06 2.26435e-05 0.000107557 0.000413966 0.00129076 0.00326039 0.00667216 0.0110638 0.0148708 0.0162152 0.0143816 0.0104683 0.00646659 0.00382609 0.00290717 0.0034156 0.0050087 0.00755062 0.0110717 0.0156509 0.0213274 0.0280509 0.0356543 0.0438434 0.0522011 0.0602111 0.0672998 0.0728975 0.076511 0.0777951 0.0766107 0.0730537 0.0674432 0.060277 0.0521551
 1.2606e-16 2.13736e-06 1.249e-05 5.92633e-05 0.000227987 0.000710772 0.00179557 0.00367602 0.00610144 0.0082185 0.00900788 0.00809925 0.00613383 0.00426147 0.00335277 0.0036926 0.00520558 0.00776732 0.0113181 0.0158173 0.0211708 0.027198 0.0336458 0.0402322 0.0466962 0.052831 0.0584876 0.063547 0.0678775 0.0712999 0.0735811 0.0744652 0.073732 0.0712626 0.0670911 0.0614219
 1.15874e-16 2.16041e-05 0.00012679 0.000602685 0.00232035 0.00723575 0.0182769 0.0373968 0.0619892 0.0832493 0.0905907 0.079905 0.0571936 0.0333705 0.0161867 0.00713198 0.00386919 0.00365847 0.00485485 0.00678836 0.00924753 0.0121494 0.0154173 0.0189565 0.022659 0.0264099 0.030088 0.0335598 0.036672 0.039251 0.0411134 0.0420896 0.0420535 0.0409518 0.0388212 0.0357914
 1.00814e-16 3.97074e-05 0.000233072 0.00110797 0.00426581 0.0133026 0.0336012 0.0687513 0.113959 0.15303 0.166492 0.146775 0.104884 0.0608437 0.0288409 0.0115309 0.00451221 0.00262987 0.00274037 0.00350642 0.0044629 0.00542302 0.00626152 0.00687368 0.0071862 0.0071726 0.00685868 0.00631381 0.0056317 0.00490697 0.00421556 0.00360381 0.0030879 0.00266084 0.0023031 0.00199274
 1.00549e-16 1.61825e-05 9.49106e-05 0.000451019 0.00173621 0.00541399 0.0136759 0.0279869 0.046407 0.0623705 0.0679959 0.0602731 0.0437907 0.0268574 0.0154625 0.0109404 0.0117465 0.0159485 0.0222608 0.0298787 0.0380601 0.0459203 0.0524671 0.056775 0.0581964 0.0565211 0.0520319 0.045427 0.0376451 0.0296486 0.0222345 0.0159233 0.0109369 0.00725021 0.00467996 0.0029755
 1.00336e-16 4.02512e-05 0.000236266 0.00112315 0.00432429 0.013485 0.0340618 0.0696936 0.11552 0.155126 0.168769 0.148774 0.106297 0.0616308 0.0291532 0.0115504 0.00435597 0.00234166 0.00232267 0.00295114 0.00376975 0.00460821 0.00535986 0.00593503 0.006267 0.00632457 0.00611759 0.00569176 0.00511523 0.00446162 0.00379534 0.00316281 0.00259076 0.00208962 0.00165937 0.00129512
 1.00226e-16 2.91307e-05 0.000170954 0.000812597 0.00312847 0.0097558 0.0246426 0.0504233 0.0835871 0.11227 0.122212 0.107893 0.077438 0.045605 0.0229 0.0113891 0.00795938 0.00890689 0.0119211 0.0158962 0.0202278 0.0243952 0.027861 0.0301314 0.030862 0.0299424 0.027525 0.0239834 0.0198196 0.0155479 0.0115937 0.0082348 0.0055889 0.00364165 0.00229391 0.00141035
 1.00274e-16 3.65798e-05 0.000214704 0.00102062 0.00392949 0.0122538 0.030952 0.0633316 0.104978 0.140977 0.153398 0.135278 0.0967709 0.0563429 0.0270941 0.0115061 0.00555965 0.00452993 0.00552058 0.00726302 0.00925033 0.011195 0.0128466 0.0139806 0.0144378 0.0141608 0.0132073 0.0117332 0.00995184 0.00808458 0.0063169 0.00477275 0.00350945 0.00252908 0.00179824 0.00126803
 1.00269e-16 3.19159e-05 0.000187312 0.000890379 0.00342798 0.0106898 0.0270017 0.0552497 0.0915851 0.123004 0.133872 0.118131 0.0846636 0.0496141 0.0244578 0.0114156 0.0070351 0.00723052 0.00947276 0.0125964 0.0160358 0.0193604 0.022143 0.0239932 0.0246371 0.0239835 0.022147 0.0194157 0.0161793 0.012838 0.00972451 0.00705728 0.00493155 0.00334047 0.00221173 0.00144489
 1.00817e-16 2.11008e-05 0.000123798 0.00058838 0.00226513 0.00706345 0.0178421 0.0365102 0.0605304 0.0813232 0.0885815 0.0783389 0.0565218 0.0338823 0.0181162 0.0108255 0.00986139 0.0126157 0.0174211 0.0233803 0.0298404 0.0361034 0.0414011 0.045014 0.0464301 0.0454678 0.0423194 0.0374949 0.031691 0.0256283 0.0199093 0.0149352 0.0108887 0.00777179 0.00547074 0.00382123
 1.01191e-16 2.8472e-05 0.000167091 0.000794241 0.00305781 0.00953545 0.0240859 0.049284 0.0816976 0.109729 0.119438 0.105426 0.0756267 0.0444577 0.0221767 0.0107917 0.00725208 0.00793769 0.0106048 0.0142061 0.0182037 0.0221554 0.025604 0.0281194 0.0293854 0.0292706 0.0278557 0.0254037 0.022288 0.0189022 0.0155819 0.0125587 0.00995102 0.00778439 0.0060251 0.00461336
 1.00291e-16 3.724e-05 0.000218581 0.00103906 0.00400047 0.0124751 0.0315111 0.0644754 0.106873 0.143521 0.156163 0.137707 0.0984883 0.0573025 0.0274798 0.0115397 0.0053831 0.00419486 0.00502587 0.0065911 0.008389 0.0101487 0.0116411 0.0126624 0.0130689 0.0128098 0.011939 0.0105993 0.00898554 0.00729908 0.00570784 0.00432309 0.00319496 0.00232318 0.00167541 0.0012057
 1.00058e-16 3.98738e-05 0.000234048 0.0011126 0.00428365 0.0133582 0.0337417 0.0690389 0.114436 0.153672 0.167193 0.1474 0.105348 0.0611458 0.029046 0.0117199 0.00475226 0.00296849 0.00320892 0.0041207 0.00521902 0.00629215 0.00718733 0.00777521 0.00796666 0.00773293 0.00711291 0.00620255 0.00513087 0.00403014 0.00301 0.00214208 0.00145703 0.000951525 0.000600409 0.000369191
 1.00044e-16 3.9552e-05 0.000232158 0.00110361 0.00424904 0.0132503 0.0334691 0.0684812 0.113511 0.152432 0.165846 0.146218 0.104514 0.0606836 0.0288678 0.0117198 0.00486375 0.00316914 0.00350153 0.00451473 0.00571913 0.00689206 0.00786749 0.00850364 0.00870297 0.0084345 0.00774179 0.00673122 0.00554553 0.00433087 0.00320824 0.00225651 0.00150911 0.000961795 0.000586099 0.000343186
 1.00154e-16 3.13966e-05 0.000184261 0.000875871 0.00337211 0.0105156 0.0265616 0.0543495 0.0900934 0.121002 0.131699 0.116226 0.0833258 0.0488853 0.0242009 0.0114666 0.00729515 0.0076726 0.0101092 0.0134467 0.0171049 0.0206271 0.0235556 0.0254721 0.0260852 0.0253013 0.0232492 0.0202451 0.0167141 0.0130914 0.00973806 0.00688946 0.00464612 0.00299648 0.00185696 0.00111309
 1.00578e-16 2.6514e-05 0.000155588 0.000739539 0.00284717 0.00887854 0.0224267 0.0458898 0.076074 0.102185 0.111249 0.0982529 0.0706011 0.0417443 0.0212687 0.011085 0.00839074 0.00983787 0.0133287 0.0178347 0.0227513 0.0275203 0.0315509 0.0342933 0.035357 0.0346041 0.0321825 0.0284827 0.0240379 0.0193992 0.0150277 0.0112301 0.00814591 0.00577636 0.00403362 0.00279109
 1.00634e-16 3.17242e-05 0.000186188 0.00088504 0.00340743 0.0106257 0.0268398 0.0549184 0.0910353 0.122264 0.133063 0.117409 0.0841278 0.0492635 0.0242176 0.0111922 0.00675175 0.00683411 0.00893094 0.0118975 0.0151939 0.0184207 0.021183 0.0231164 0.0239588 0.0236117 0.0221622 0.0198554 0.0170304 0.0140403 0.0111819 0.00865529 0.00655535 0.00489019 0.00361241 0.00265048
 1.0055e-16 2.94509e-05 0.000172837 0.000821552 0.00316296 0.00986334 0.0249142 0.0509788 0.0845072 0.113503 0.123547 0.109056 0.0782365 0.0460033 0.0229676 0.0112064 0.00756224 0.00828502 0.0110439 0.01474 0.0187971 0.0227363 0.0260661 0.0283325 0.0292135 0.0285959 0.0266027 0.023557 0.0198993 0.0160845 0.0124921 0.00937366 0.00684263 0.00489803 0.00346588 0.00244085
 1.00671e-16 2.85457e-05 0.000167521 0.000796277 0.00306564 0.00955986 0.0241476 0.0494105 0.0819081 0.110014 0.119755 0.105721 0.0758713 0.0446677 0.0224032 0.0111011 0.00771127 0.00860681 0.0115305 0.0154101 0.0196696 0.0238169 0.0273422 0.029772 0.0307684 0.0302087 0.0282143 0.0251141 0.0213594 0.0174176 0.0136807 0.0104103 0.00772747 0.00563654 0.00406754 0.00291819
 1.00524e-16 3.32488e-05 0.000195142 0.000927611 0.00357134 0.0111369 0.028131 0.0575599 0.0954129 0.12814 0.139449 0.123021 0.0880993 0.0514896 0.0251265 0.0113004 0.00639242 0.00613255 0.00789027 0.0104812 0.0133743 0.0162038 0.0186183 0.0202961 0.0210069 0.020666 0.0193528 0.0172871 0.0147714 0.0121198 0.0095958 0.00737604 0.00554299 0.0041014 0.00300641 0.00219172
 1.00586e-16 2.79466e-05 0.000164002 0.000779543 0.0030012 0.00935891 0.0236401 0.0483721 0.0801876 0.107706 0.117248 0.103523 0.0743264 0.0438236 0.0221006 0.0111495 0.0079947 0.00909209 0.01223 0.0163449 0.0208454 0.0252108 0.0288981 0.0314034 0.0323698 0.0316723 0.0294482 0.026057 0.0219884 0.0177481 0.013758 0.0102977 0.00749288 0.005342 0.00376227 0.00263589
 1.00823e-16 2.87602e-05 0.000168782 0.000802274 0.00308874 0.00963189 0.0243295 0.0497826 0.0825245 0.110841 0.120651 0.106503 0.0764126 0.044947 0.0224706 0.0110155 0.0075028 0.00827518 0.0110608 0.0147894 0.0188992 0.0229197 0.0263655 0.0287841 0.0298497 0.0294388 0.027658 0.0248103 0.0213152 0.0176098 0.0140622 0.0109205 0.00830289 0.00622061 0.00461617 0.0034023
 1.00664e-16 3.1499e-05 0.000184866 0.00087875 0.00338321 0.0105502 0.026649 0.054528 0.0903885 0.121396 0.13212 0.116582 0.0835439 0.0489401 0.0240929 0.0111923 0.00682972 0.00697412 0.00913454 0.0121707 0.0155392 0.0188326 0.021647 0.0236094 0.0244526 0.0240773 0.0225749 0.0201989 0.0172986 0.0142369 0.0113183 0.00874676 0.0066176 0.00493665 0.00365273 0.00269015
 1.0177e-16 4.55089e-06 2.66044e-05 0.000126243 0.000485667 0.00151418 0.00382559 0.00783389 0.0130091 0.0175419 0.0192766 0.0174493 0.0134635 0.00981967 0.00843121 0.00995426 0.0142353 0.0209272 0.0296797 0.0400027 0.0511051 0.0618733 0.0710119 0.0772946 0.0798451 0.0783479 0.0731234 0.0650315 0.0552504 0.0449988 0.0352968 0.0268234 0.0198893 0.0145011 0.0104712 0.00752878
 1.07617e-16 1.46e-05 8.56552e-05 0.000407096 0.00156722 0.00488712 0.0123446 0.02526 0.0418765 0.0562548 0.0612582 0.0541339 0.0389697 0.0231886 0.012098 0.00679512 0.00580101 0.00735463 0.0103985 0.0144707 0.0193345 0.0247501 0.0304061 0.0359368 0.0409707 0.0451795 0.0483122 0.050207 0.0507873 0.050051 0.0480614 0.0449455 0.0408944 0.0361577 0.0310279 0.025812
 1.00041e-16 4.33804e-05 0.000254642 0.00121052 0.0046607 0.0145341 0.0367117 0.0751151 0.124505 0.167185 0.181875 0.160295 0.114456 0.0662153 0.0310466 0.0118187 0.00369097 0.00100861 0.000334926 0.000236996 0.000270104 0.000324818 0.000375649 0.000413738 0.000434329 0.000435629 0.000418903 0.000387967 0.000348103 0.000304729 0.000262279 0.000223586 0.000189834 0.000160942 0.000136133 0.00011447
pSPR Fmed_Fpbrs
0.49345   0.6 0.325
Fs Fmed_Fpbrs
0.64   0.40972 1.37718
SSBpbr Bo_Bmed_Bpbrs
576477  255638  317062 158531
Ro
16983.5
SPR SPRFo_SPRFmed_SPRFpbrs
350782 173093 114004
log_Ro
9.56
likeval ReclasPelacesDesembMPH_pf_preclas_ppelaces_ptallas_desvR_qrecl_qpela
 79.9886 0.00022819 0.355108 34.2021 420.501 226.891 62.5521 0 55.066 0.000191021 0.000283256 6.58434e-15 0 0 0
q_reclas_q_pelaces
7.08867 10.962
M
0.7
N
 5200.57 47977.7 20240.4 2669.43 0.111954
 7232.27 2543.9 20917.6 8607.98 1134.61
 881.36 3497.95 1005.94 7919.58 3684.6
 3021.28 385.465 580.021 135.292 1552.45
 39093.2 1337.7 71.073 88.5178 256.325
 10496.4 18770.4 496.679 24.9641 120.953
 63589 4389.8 2115.06 42.1667 12.2987
 48356.1 26357.2 457.854 163.772 4.18577
 77335.5 20123 2844.98 36.9307 13.4488
 118108 30728.4 1457.02 142.636 2.5025
 54562.6 52428.2 5792.99 228.315 22.638
 49465 23164 6724.89 573.862 24.6988
 56982.4 20633.5 2552.28 555.884 49.1215
 30196.2 21111.2 816.403 62.3077 14.5915
 14005.3 9281.95 166.577 2.92165 0.269769
 9798.35 4412.32 90.5814 0.76781 0.0144355
 6248.15 4044.4 443.888 6.71876 0.0575797
 7541.73 2609.38 450.165 37.1378 0.562893
 8212.63 3164.15 302.226 39.4902 3.28426
 6955.35 3552.66 477.29 36.3144 5.11033
 15116.1 2909.97 401.635 40.6794 3.50562
 19476.9 6771.8 593.755 69.154 7.57543
 27212.2 8777.44 1454.56 108.682 13.9883
 51382.6 12132.3 1718.25 238.386 20.0147
 5217.43 23013.3 2470.52 295.142 44.1957
 3766.19 2417.06 6273.19 600.587 82.2562
 101439 1580.08 279.888 550.161 59.4683
pred_Ctot
 55.9916 4242.37 2108.68 279.151 0.0117083
 135.598 377.575 3630.08 1499.17 197.62
 76.1607 1781.2 566.871 4472.75 2081.05
 237.073 184.228 308.483 72.1238 827.645
 932.671 246.821 15.26 19.071 55.2287
 1203.12 11315.1 325.511 16.3902 79.415
 7639.2 2714.35 1417.39 28.3064 8.2564
 5691.15 16119 303.884 108.889 2.78314
 11259.1 13689.3 2070.33 26.9131 9.80108
 9070.06 14474.3 764.644 75.0336 1.3165
 5744.56 30124.9 3638.95 143.696 14.2483
 5749.05 14070.2 4436.84 379.285 16.3249
 10582.9 15522.1 2020.5 440.529 38.9288
 8503.78 17916.7 712.388 54.4002 12.7398
 3779.24 7801.61 144.235 2.53131 0.23373
 1202.19 2758.85 61.2959 0.520451 0.00978525
 721.661 2448.26 291.985 4.42742 0.0379444
 849.575 1557.97 292.547 24.1786 0.366486
 767.277 1692.53 178.067 23.316 1.9392
 795.597 2139.19 312.493 23.8187 3.352
 1070.26 1296.13 200.185 20.326 1.75172
 1302.74 2897.27 285.106 33.2908 3.64701
 2012.29 4029.27 745.457 55.8345 7.18674
 3645.89 5412.03 857.618 119.279 10.0151
 252.773 7724.71 944.405 113.152 16.9449
 424.321 1443.26 4077.01 391.04 53.5587
 23074 1270.22 233.855 460.04 49.7277
F
 0.0150707 0.130147 0.15499 0.155613 0.155627
 0.0263756 0.227773 0.271251 0.272342 0.272365
 0.127015 1.09687 1.30624 1.3115 1.31161
 0.114726 0.990743 1.17986 1.18461 1.18471
 0.0336701 0.290766 0.346269 0.347662 0.347691
 0.171751 1.4832 1.76631 1.77342 1.77357
 0.180701 1.56049 1.85836 1.86584 1.866
 0.176729 1.52618 1.81751 1.82482 1.82497
 0.222966 1.92547 2.29302 2.30224 2.30244
 0.112155 0.968539 1.15342 1.15806 1.15816
 0.156747 1.35363 1.61202 1.6185 1.61864
 0.174347 1.50561 1.79301 1.80022 1.80038
 0.292941 2.52977 3.01266 3.02478 3.02503
 0.479646 4.1421 4.93276 4.95261 4.95302
 0.455037 3.92958 4.67967 4.6985 4.6989
 0.184881 1.59658 1.90135 1.909 1.90916
 0.173173 1.49547 1.78094 1.7881 1.78825
 0.168566 1.45569 1.73356 1.74054 1.74068
 0.137975 1.19152 1.41896 1.42467 1.42479
 0.17137 1.47991 1.7624 1.76949 1.76964
 0.102994 0.88943 1.05921 1.06347 1.06356
 0.097046 0.838064 0.998037 1.00205 1.00214
 0.107794 0.930876 1.10857 1.11303 1.11312
 0.103227 0.891443 1.06161 1.06588 1.06597
 0.069454 0.599786 0.714276 0.71715 0.717211
 0.168592 1.45592 1.73383 1.7408 1.74095
 0.370545 3.19993 3.81075 3.82608 3.8264
Np
 13000.7 6204.82 12259.1 10.5619 1.34834
YTP_r0W_actual
 23323.4 7262.03 2167.73 5459.81 654.967
YTP_p0W_proyectada
 2989.2 159828 247.731 30.5266 66.2897
 2989.2 28517.4 94946.9 104.817 14.8502
CTP_r0_actual
 2844.31 336.205 69.036 136.155 14.7184
CTP_p0_proyectada
 364.536 7399.43 7.88953 0.761263 1.48966
 364.536 1320.25 3023.79 2.61388 0.333713
Wmedp
 8.2 21.6 31.4 40.1 44.5
nmprior
 10.8 10.6 4.6 0
nm_flota  nm_reclas  nm_pelaces    nm_pelaL
inf 14.9925 9.52508 23.4648
cv_recla  cv_pelaces  cv_mph
0.774542 0.551592 0.468904
 ------------------------------------------------
Talla a la edad & desviaci?n 
 7.2 14.2025 17.0495 18.207 18.6776
 1.08 2.13037 2.55742 2.73105 2.80164
