years
 1997 1998 1999 2000 2001 2002 2003 2004 2005 2006 2007 2008 2009 2010 2011 2012 2013 2014 2015 2016 2017 2018 2019 2020 2021 2022 2023
reclasobs
 0 0 0 370054 412103 1.49427e+06 250295 1.28982e+06 931140 785840 897777 1.04006e+06 184774 17550 25797 100020 73551 82996 120727 218422 84188 347160 605670 569463 516374 1.08416e+06 1.01767e+06
reclaspred
 477933 125246 329164 213466 314518 373896 800498 571099 733202 785788 676788 462984 258059 99158.9 71510.7 72435.4 80212.4 108418 123925 165601 260085 274696 504067 641033 795181 705341 612693
pelacesobs
 0 0 0 0 0 0 0 0 0 2.06254e+06 1.5e+06 0 1.87456e+06 323000 250000 174000 83755 137374 0 501740 490994 745055 786931 1.00524e+06 1.33801e+06 1.41789e+06 0
pelacespred
 1.64016e+06 369631 565500 596340 781323 693045 1.8541e+06 1.50814e+06 1.83986e+06 1.9621e+06 1.42701e+06 1.00607e+06 550352 171149 132335 142310 162684 229407 261298 344945 638935 632732 936522 1.38996e+06 1.65559e+06 1.59402e+06 1.31701e+06
mphobs
 0 0 0 0 0 0 112323 0 153150 637223 0 255016 313432 73983 77613 109348 50772 17779 17303 59886 28197 0 207744 136588 643089 65757 70829
mphpred
 171722 96496.9 108568 105004 112545 175173 243863 306934 288625 354207 357844 246583 142524 99686.3 47635.2 44823.1 45261.3 58832.4 28395 31795.9 49876.7 68400.7 92588.6 139318 179923 168048 141390
desembarqueobs
 350755 77701 442110 56441 14545 235359 269955 359681 431902 328805 639364 411747 362871 311530 167758 66681 60226 58785 57116 73181 50977 67692 138656 160484 209506 203330 245020
desembarquepred
 350764 77702.2 442125 56445.7 14545.5 235500 270033 359666 431882 328826 639459 411867 363160 311520 167566 66685.2 60264.2 58787.9 57102.5 73186.1 50978 67681.2 138660 160496 209543 203352 245015
Reclutas
 37537.9 44804.8 22824.7 30442.8 50397.7 35318.6 72069.5 73680.2 116571 115232 63697.2 43433.8 40744.1 28315.3 16825.2 13177 9374.33 12225.7 13936.7 19614.7 31685 44813.8 64658 84258.8 30614.3 42670.3 68441.1
log_desv_Rt
 0.0131063 0.19007 -0.4844 -0.196394 0.3077 -0.0478355 0.665386 0.687489 1.14626 1.13471 0.541897 0.158993 0.0950658 -0.268843 -0.789365 -1.03377 -1.37427 -1.1087 -0.977719 -0.635963 -0.1564 0.190271 0.556868 0.821648 -0.190779 0.141258 0.613729
SSB
 441109 247876 278884 269727 289099 449973 607702 778242 722558 890323 919208 633408 380384 172194 86256.3 80566.2 85224.9 104820 135706 160666 236795 316231 440290 632183 894475 861484 682035
BT
 1.56846e+06 378453 661940 470043 558107 637949 1.5673e+06 1.46521e+06 1.76059e+06 1.69101e+06 1.54533e+06 1.06043e+06 744479 413953 237596 155278 165082 211187 226282 301213 498875 483570 731113 1.08594e+06 1.23144e+06 1.21656e+06 1.10617e+06
Ftot
 1.01109 0.891545 1.50579 0.32488 0.0611813 0.640966 0.431893 0.820812 0.857763 0.546499 0.999696 0.90225 1.53875 3.57828 3.40894 1.21405 0.957355 0.695411 0.54551 0.548879 0.260032 0.290593 0.310127 0.301463 0.259903 0.27245 0.434284
BD_Bspro_t
 0.90863 0.640215 0.564224 0.381226 0.524219 0.686183 0.619801 0.646656 0.594338 0.596338 0.571609 0.409006 0.296926 0.179812 0.111966 0.125829 0.177131 0.271982 0.382609 0.483632 0.607396 0.730865 0.759806 0.768285 0.779151 0.719831 0.668528
BD_Bspro
 0.576446 0.323927 0.364449 0.352482 0.377798 0.588031 0.794152 1.01702 0.944247 1.16348 1.20123 0.827744 0.497091 0.225025 0.112721 0.105285 0.111373 0.13698 0.177342 0.20996 0.309446 0.413254 0.575376 0.826145 1.16891 1.1258 0.891291
BD_Bo
 0.47227 0.265386 0.298585 0.288781 0.309521 0.48176 0.650631 0.833219 0.7736 0.953217 0.984143 0.678153 0.407255 0.184358 0.0923496 0.0862575 0.0912454 0.112225 0.145293 0.172016 0.253522 0.33857 0.471393 0.676842 0.957662 0.922341 0.730215
BD_Brms
 0.858672 0.48252 0.542881 0.525056 0.562766 0.875928 1.18297 1.51494 1.40655 1.73312 1.78935 1.233 0.740464 0.335196 0.167908 0.156832 0.165901 0.204045 0.264168 0.312756 0.460949 0.615582 0.857078 1.23062 1.7412 1.67698 1.32766
S_f
 0.101599 0.682407 0.976091 0.998712 0.999932
 0.101599 0.682407 0.976091 0.998712 0.999932
 0.101599 0.682407 0.976091 0.998712 0.999932
 0.101599 0.682407 0.976091 0.998712 0.999932
 0.101599 0.682407 0.976091 0.998712 0.999932
 0.101599 0.682407 0.976091 0.998712 0.999932
 0.101599 0.682407 0.976091 0.998712 0.999932
 0.101599 0.682407 0.976091 0.998712 0.999932
 0.101599 0.682407 0.976091 0.998712 0.999932
 0.101599 0.682407 0.976091 0.998712 0.999932
 0.101599 0.682407 0.976091 0.998712 0.999932
 0.101599 0.682407 0.976091 0.998712 0.999932
 0.101599 0.682407 0.976091 0.998712 0.999932
 0.101599 0.682407 0.976091 0.998712 0.999932
 0.101599 0.682407 0.976091 0.998712 0.999932
 0.101599 0.682407 0.976091 0.998712 0.999932
 0.101599 0.682407 0.976091 0.998712 0.999932
 0.101599 0.682407 0.976091 0.998712 0.999932
 0.101599 0.682407 0.976091 0.998712 0.999932
 0.101599 0.682407 0.976091 0.998712 0.999932
 0.101599 0.682407 0.976091 0.998712 0.999932
 0.101599 0.682407 0.976091 0.998712 0.999932
 0.101599 0.682407 0.976091 0.998712 0.999932
 0.101599 0.682407 0.976091 0.998712 0.999932
 0.101599 0.682407 0.976091 0.998712 0.999932
 0.101599 0.682407 0.976091 0.998712 0.999932
 0.101599 0.682407 0.976091 0.998712 0.999932
Scru_reclas
 0.582582 0.887643 0.978127 0.996065 0.999303
 0.582582 0.887643 0.978127 0.996065 0.999303
 0.582582 0.887643 0.978127 0.996065 0.999303
 0.582582 0.887643 0.978127 0.996065 0.999303
 0.582582 0.887643 0.978127 0.996065 0.999303
 0.582582 0.887643 0.978127 0.996065 0.999303
 0.582582 0.887643 0.978127 0.996065 0.999303
 0.582582 0.887643 0.978127 0.996065 0.999303
 0.582582 0.887643 0.978127 0.996065 0.999303
 0.582582 0.887643 0.978127 0.996065 0.999303
 0.582582 0.887643 0.978127 0.996065 0.999303
 0.582582 0.887643 0.978127 0.996065 0.999303
 0.582582 0.887643 0.978127 0.996065 0.999303
 0.582582 0.887643 0.978127 0.996065 0.999303
 0.582582 0.887643 0.978127 0.996065 0.999303
 0.582582 0.887643 0.978127 0.996065 0.999303
 0.582582 0.887643 0.978127 0.996065 0.999303
 0.582582 0.887643 0.978127 0.996065 0.999303
 0.582582 0.887643 0.978127 0.996065 0.999303
 0.582582 0.887643 0.978127 0.996065 0.999303
 0.582582 0.887643 0.978127 0.996065 0.999303
 0.582582 0.887643 0.978127 0.996065 0.999303
 0.582582 0.887643 0.978127 0.996065 0.999303
 0.582582 0.887643 0.978127 0.996065 0.999303
 0.582582 0.887643 0.978127 0.996065 0.999303
 0.582582 0.887643 0.978127 0.996065 0.999303
 0.582582 0.887643 0.978127 0.996065 0.999303
Scru_pelaces
 0.73401 1 1 1 1
 0.73401 1 1 1 1
 0.73401 1 1 1 1
 0.73401 1 1 1 1
 0.73401 1 1 1 1
 0.73401 1 1 1 1
 0.73401 1 1 1 1
 0.73401 1 1 1 1
 0.73401 1 1 1 1
 0.73401 1 1 1 1
 0.73401 1 1 1 1
 0.73401 1 1 1 1
 0.73401 1 1 1 1
 0.73401 1 1 1 1
 0.73401 1 1 1 1
 0.73401 1 1 1 1
 0.73401 1 1 1 1
 0.73401 1 1 1 1
 0.73401 1 1 1 1
 0.73401 1 1 1 1
 0.73401 1 1 1 1
 0.73401 1 1 1 1
 0.73401 1 1 1 1
 0.73401 1 1 1 1
 0.73401 1 1 1 1
 0.73401 1 1 1 1
 0.73401 1 1 1 1
pf_obs 
 0.256992 0.487395 0.22802 0.0275931 0
 0.321318 0.546541 0.124235 0.00734118 0.000564706
 0.182869 0.594174 0.210203 0.0122559 0.00049798
 0.330522 0.361315 0.267642 0.0388342 0.00168674
 0.649043 0.306663 0.0425973 0.00169635 0
 0.582887 0.30429 0.105238 0.00758474 0
 0.465427 0.430635 0.0974691 0.00646863 0
 0.296916 0.608066 0.0921331 0.00288517 0
 0.311714 0.524322 0.152257 0.0117073 0
 0.15457 0.633149 0.183074 0.0267441 0.00246327
 0.131901 0.49318 0.331252 0.0422183 0.00144891
 0.196976 0.569456 0.194076 0.0375587 0.00193317
 0.518974 0.381816 0.0799577 0.0180837 0.00116848
 0.0928022 0.601141 0.25162 0.0475244 0.00691264
 0.122501 0.610282 0.24278 0.0234846 0.000952079
 0.383417 0.481906 0.127806 0.00687128 0
 0.0376549 0.599619 0.316969 0.0457579 0
 0.0361596 0.667082 0.258105 0.0386534 0
 0.158088 0.579412 0.248529 0.0139706 0
 0.0477256 0.309471 0.559284 0.082774 0.000745712
 0.0406174 0.521527 0.379366 0.0568643 0.0016247
 0.151134 0.462217 0.34131 0.0453401 0
 0.294876 0.26143 0.354403 0.0886775 0.000613685
 0.281977 0.475581 0.204845 0.0348837 0.00271318
 0.0841818 0.532909 0.334909 0.0458182 0.00218182
 0.115287 0.27431 0.454777 0.147771 0.00785563
 0 0 0 0 0
pf_pred 
 0.315055 0.4684 0.19352 0.0230115 1.39985e-05
 0.280979 0.571752 0.115804 0.0282276 0.00323781
 0.152186 0.643914 0.176704 0.0215442 0.00565174
 0.240552 0.475827 0.242786 0.0355983 0.00523689
 0.254515 0.488437 0.183384 0.0632939 0.0103704
 0.140896 0.569554 0.211637 0.0559492 0.0219645
 0.279944 0.385045 0.253634 0.0599756 0.0214017
 0.222762 0.57033 0.131804 0.0572481 0.0178561
 0.303265 0.478267 0.179129 0.0253677 0.0139709
 0.221546 0.598702 0.140777 0.0321536 0.00682023
 0.128243 0.57665 0.247491 0.0375308 0.0100848
 0.135116 0.480672 0.295358 0.074955 0.0138988
 0.204734 0.466771 0.222528 0.0821217 0.0238456
 0.275207 0.558802 0.121835 0.0303576 0.0137983
 0.316233 0.625758 0.0530963 0.00368789 0.0012251
 0.285701 0.647078 0.0652055 0.00185699 0.000158171
 0.189066 0.623067 0.177451 0.0101159 0.000300331
 0.24774 0.485122 0.22644 0.0385156 0.00218144
 0.228638 0.544827 0.168446 0.0494754 0.00861472
 0.253741 0.496858 0.196831 0.039384 0.0131857
 0.274547 0.502129 0.168743 0.0433429 0.0112374
 0.244292 0.521547 0.179881 0.041269 0.013012
 0.240846 0.500078 0.198828 0.0465591 0.013689
 0.222645 0.511906 0.196854 0.0529621 0.0156324
 0.0705858 0.588587 0.252611 0.0658584 0.0223569
 0.125742 0.273634 0.431232 0.126375 0.043017
 0.216112 0.392362 0.157704 0.169094 0.0647277
pobs_RECLAS
 0 0 0 0 0
 0 0 0 0 0
 0 0 0 0 0
 0 0 0 0 0
 0.835266 0.146461 0.0176864 0.000547809 3.91292e-05
 0.385257 0.428462 0.181853 0.0044286 0
 0.867414 0.0963971 0.0333333 0.00285562 0
 0.441836 0.489002 0.0689373 0.000224442 0
 0.779404 0.147425 0.0564933 0.0165055 0.000172143
 0.814271 0.122319 0.05973 0.00367925 0
 0.40263 0.566651 0.0304383 0.000280538 0
 0.475488 0.404961 0.113038 0.00651328 0
 0.955842 0.0263864 0.0167828 0.000988607 0
 0.975058 0.0227948 0.00214734 0 0
 0.738997 0.206755 0.0527124 0.00153531 0
 0.850938 0.134255 0.0134407 0.00136685 0
 0.542534 0.407297 0.0501686 0 0
 0.764087 0.199537 0.0359546 0.000420521 0
 0.470689 0.182191 0.310203 0.0369168 0
 0.84361 0.089868 0.0606195 0.00523954 0.000663233
 0.607945 0.314616 0.071237 0.00620181 0
 0.523733 0.453247 0.0230204 0 0
 0.530135 0.295979 0.169645 0.0042399 0
 0.562478 0.366248 0.0663022 0.0049721 0
 0.250443 0.683176 0.0655157 0.000865301 0
 0.195077 0.31981 0.436473 0.0351445 0.0134964
 0.565238 0.351407 0.0832357 0.000118908 0
ppred_RECLAS
 0.699413 0.223808 0.0686724 0.00810217 4.93792e-06
 0.655136 0.289265 0.0437861 0.0105955 0.00121763
 0.481798 0.422093 0.0834023 0.0100624 0.00264422
 0.608012 0.269335 0.10507 0.0153236 0.00225877
 0.621077 0.269801 0.0779514 0.0267749 0.00439581
 0.447921 0.398974 0.11208 0.0294437 0.0115814
 0.662524 0.203037 0.101909 0.0239625 0.00856769
 0.584946 0.326447 0.0565779 0.0244031 0.00762598
 0.684888 0.234885 0.0658574 0.00926009 0.00510956
 0.576441 0.345043 0.0615674 0.0139781 0.00297077
 0.427992 0.414542 0.132216 0.0198946 0.00535577
 0.448194 0.345726 0.158679 0.0399747 0.00742644
 0.585515 0.275612 0.0943877 0.034462 0.0100237
 0.721096 0.237531 0.0305837 0.00741544 0.00337322
 0.74225 0.244152 0.0124729 0.000844369 0.000280744
 0.659246 0.316618 0.0234185 0.000661062 5.64084e-05
 0.534259 0.380357 0.0806835 0.00456475 0.000135777
 0.62166 0.26739 0.094139 0.0159085 0.000902763
 0.590264 0.311568 0.0731014 0.0213431 0.00372357
 0.625528 0.271271 0.0815421 0.0162183 0.0054405
 0.64494 0.264916 0.0681921 0.0174247 0.00452669
 0.608569 0.29141 0.0769204 0.0175546 0.00554599
 0.606255 0.282088 0.0857881 0.0199823 0.00588678
 0.581504 0.29973 0.0881853 0.0236002 0.00697982
 0.270093 0.505823 0.166286 0.0431277 0.0146698
 0.433203 0.21161 0.255354 0.0744428 0.0253904
 0.584434 0.236388 0.0723915 0.0771831 0.0296034
pobs_PELACES
 0 0 0 0 0
 0 0 0 0 0
 0 0 0 0 0
 0 0 0 0 0
 0 0 0 0 0
 0 0 0 0 0
 0 0 0 0 0
 0 0 0 0 0
 0 0 0 0 0
 0 0 0 0 0
 0.450072 0.473896 0.0757376 0.000293798 0
 0 0 0 0 0
 0.463077 0.371075 0.160297 0.00555027 0
 0.529543 0.364841 0.0842815 0.0213345 0
 0.631943 0.363953 0.00410389 0 0
 0.735681 0.248677 0.0153453 0.000297389 0
 0.695825 0.281241 0.0229344 0 0
 0.275771 0.60734 0.115278 0.00161068 0
 0 0 0 0 0
 0.896147 0.0623911 0.0374545 0.00400742 0
 0.803859 0.145111 0.0509908 3.86294e-05 0
 0.739449 0.233085 0.0266225 0.000797448 4.60066e-05
 0.878498 0.100942 0.0204185 0.000141795 0
 0.694673 0.275183 0.0284847 0.00165964 0
 0.469039 0.446079 0.0841089 0.000773354 0
 0.822795 0.102175 0.0682046 0.00682512 0
 0 0 0 0 0
ppred_PELACES
 0.768004 0.181033 0.0457038 0.00525534 3.19122e-06
 0.72163 0.240151 0.0302582 0.00714239 0.000817853
 0.591234 0.347038 0.0537788 0.00630028 0.00164924
 0.657558 0.244731 0.0839548 0.0119945 0.00176207
 0.656503 0.252034 0.0656912 0.0221473 0.00362419
 0.517213 0.364314 0.0872815 0.0224087 0.00878345
 0.7159 0.18059 0.078885 0.0181561 0.00646946
 0.656816 0.280049 0.0406783 0.0171241 0.00533219
 0.749604 0.195022 0.045664 0.00626486 0.00344445
 0.634543 0.305848 0.0469704 0.0104294 0.00220889
 0.516038 0.368992 0.0969391 0.0142173 0.00381346
 0.535873 0.310915 0.118658 0.0291571 0.00539726
 0.696546 0.218294 0.0584435 0.0207148 0.00600194
 0.858567 0.127369 0.0105212 0.00243904 0.00110431
 0.863137 0.132083 0.00440065 0.000285191 9.43862e-05
 0.734646 0.249992 0.0149174 0.000409778 3.4836e-05
 0.61421 0.325449 0.0570985 0.00314964 9.33456e-05
 0.687437 0.231396 0.0691121 0.0114095 0.000645179
 0.649453 0.276097 0.0557595 0.0159217 0.00276813
 0.683638 0.238623 0.0617206 0.0120056 0.00401338
 0.687701 0.240304 0.0547374 0.0137082 0.00354929
 0.654873 0.265204 0.0617631 0.0138116 0.00434882
 0.654438 0.256566 0.0687119 0.0156802 0.00460385
 0.630473 0.274263 0.0711193 0.0186482 0.00549672
 0.311098 0.495639 0.144187 0.0366515 0.0124253
 0.493593 0.204621 0.21824 0.0623503 0.0211947
 0.645428 0.214785 0.057231 0.0597263 0.0228297
pobs_pel_tallas
 0 0 0 0 0 0 0 0 0 0 0 0 0 0 0 0 0 0 0 0 0 0 0 0 0 0 0 0 0 0 0 0 0 0 0 0
 0 0 0 0 0 0 0 0 0 0 0 0 0 0 0 0 0 0 0 0 0 0 0 0 0 0 0 0 0 0 0 0 0 0 0 0
 0 0 0 0 0 0 0 0 0 0 0 0 0 0 0 0 0 0 0 0 0 0 0 0 0 0 0 0 0 0 0 0 0 0 0 0
 0 0 0 0 0 0 0 0 0 0 0 0 0 0 0 0 0 0 0 0 0 0 0 0 0 0 0 0 0 0 0 0 0 0 0 0
 0 0 0 0 0 0 0 0 0 0 0 0 0 0 0 0 0 0 0 0 0 0 0 0 0 0 0 0 0 0 0 0 0 0 0 0
 0 0 0 0 0 0 0 0 0 0 0 0 0 0 0 0 0 0 0 0 0 0 0 0 0 0 0 0 0 0 0 0 0 0 0 0
 0 0 0 0 0 0 0 0 0 0 0 0 0 0 0 0 0 0 0 0 0 0 0 0 0 0 0 0 0 0 0 0 0 0 0 0
 0 0 0 0 0 0 0 0 0 0 0 0 0 0 0 0 0 0 0 0 0 0 0 0 0 0 0 0 0 0 0 0 0 0 0 0
 0 0 0 0 0 0 0 0 0 0 0 0 0 0 0 0 0 0 0 0 0 0 0 0 0 0 0 0 0 0 0 0 0 0 0 0
 0 0 0 0 0 0 0 0 0 0 0 0 0 0 0 0 0 0 0 0 0 0 0 0 0 0 0 0 0 0 0 0 0 0 0 0
 0 0 0 0 0 0 0 0 1.78061e-05 0.00172719 0.00360574 0.0105946 0.0120993 0.0124554 0.0147524 0.0171206 0.0266825 0.0428682 0.0675386 0.121331 0.153587 0.119568 0.100827 0.0573624 0.0630603 0.0341343 0.0324427 0.0444173 0.0211091 0.0280891 0.0125444 0.00206551 0 0 0 0
 0 0 0 0 0 0 0 0 0 0 0 0 0 0 0 0 0 0 0 0 0 0 0 0 0 0 0 0 0 0 0 0 0 0 0 0
 0 0 0 0 0 0 0.0133647 0.0140871 0.0187388 0.0205184 0.03894 0.0496705 0.03968 0.0493445 0.0407372 0.0367815 0.0215668 0.0243155 0.0234873 0.0199281 0.019796 0.0243948 0.0301388 0.0376714 0.0412746 0.0863199 0.0771752 0.113111 0.0741005 0.0525337 0.0229764 0.00759418 0.00175318 0 0 0
 0 0 0 0 0 0 0 0 0 0 0.00219441 0.00772107 0.0458388 0.0604681 0.0671733 0.0775358 0.0609151 0.0617685 0.073594 0.0568108 0.0755445 0.0548602 0.0670107 0.0636378 0.0643287 0.046367 0.0373049 0.0286899 0.0247887 0.0153202 0.00654259 0.00121912 0.000365735 0 0 0
 0 0 0 0 0 0 0 0 0 0 0 0 0.000112435 0.00938835 0.0111873 0.0202946 0.0414886 0.0713402 0.111592 0.104902 0.108894 0.110636 0.117776 0.105296 0.107544 0.0401394 0.0192827 0.0124803 0.00416011 0.0028671 0.000618394 0 0 0 0 0
 0 0 0 0 0 0 0 0 0 0 0.00291406 0.0102884 0.027416 0.0768956 0.0749926 0.110853 0.0956884 0.0897413 0.0766577 0.0534642 0.0500743 0.0551293 0.0594112 0.0620874 0.0668451 0.0424026 0.0208742 0.0120726 0.0048766 0.00582813 0.00118941 0.000297354 0 0 0 0
 0 0.00264628 0.0354308 0.0461629 0.0458689 0.0383711 0.0214643 0.0164657 0.0346957 0.0420465 0.0363128 0.0245516 0.0311673 0.0291091 0.0169068 0.0133784 0.00837989 0.0085269 0.0148486 0.0160247 0.0276389 0.0546898 0.0760071 0.122758 0.109233 0.0665981 0.0333725 0.0166128 0.00676272 0.00308733 0.000882094 0 0 0 0 0
 0 0 0 0 0 0 0 0.000805153 0.000690131 0.00759144 0.0133425 0.0154129 0.00931677 0.000345066 0.00356568 0.00563607 0.00851162 0.0253048 0.0502646 0.0516448 0.0657925 0.0565908 0.0611916 0.0827007 0.0866115 0.110766 0.145733 0.0935128 0.0569358 0.0249597 0.0138026 0.00621118 0.00161031 0.00115022 0 0
 0 0 0 0 0 0 0 0 0 0 0 0 0 0 0 0 0 0 0 0 0 0 0 0 0 0 0 0 0 0 0 0 0 0 0 0
 0.00147267 0.00158595 0.00478618 0.00569244 0.00954404 0.0108468 0.00647125 0.017049 0.0510054 0.094081 0.124002 0.0959785 0.0687766 0.0820023 0.061753 0.0591476 0.0492212 0.0479892 0.0443925 0.0268479 0.0217502 0.0140895 0.0121071 0.0120363 0.00920419 0.00665534 0.0049561 0.00860946 0.00930331 0.0156896 0.0114698 0.00855282 0.00243557 0.00046729 0 2.83206e-05
 0 0 0 0 0.000772559 0.00158375 0.000888443 0.00281984 0.00712685 0.0440552 0.0773331 0.111326 0.0921469 0.0852325 0.0710754 0.0886704 0.0786465 0.0553345 0.0373146 0.0185414 0.00753245 0.00457741 0.012979 0.0271748 0.0457355 0.0583668 0.034881 0.0177882 0.00938659 0.00492506 0.0015258 0.00185414 0.000309023 5.79419e-05 3.86279e-05 0
 0 0.00173294 0.00326652 0 0.00397197 0.00683976 0.00946217 0.0152591 0.00757587 0.0136028 0.0228656 0.0392903 0.0559909 0.0764795 0.0681675 0.0726916 0.0566044 0.0477403 0.0527397 0.0444891 0.0609904 0.0582453 0.0661739 0.0445044 0.0529084 0.0360697 0.0280645 0.0235558 0.0158879 0.00826598 0.00280645 0.00217768 0.000904811 0.00058276 9.20147e-05 0
 0 0 0 0 0 0 0 0 0 0 0 0 0 0 0 0 0 0 0 0 0 0 0 0 0 0 0 0 0 0 0 0 0 0 0 0
 0 0 0 0 0 0 0 0 0 0 0 0 0 0 0 0 0 0 0 0 0 0 0 0 0 0 0 0 0 0 0 0 0 0 0 0
 0 0 0 0 0 0 0 0 0 0 0 0 0 0 0 0 0 0 0 0 0 0 0 0 0 0 0 0 0 0 0 0 0 0 0 0
 0 0 0 0 0 0 0 0 0 0 0 0 0 0 0 0 0 0 0 0 0 0 0 0 0 0 0 0 0 0 0 0 0 0 0 0
 0 0 0 0 0 0 0 0 0 0 0 0 0 0 0 0 0 0 0 0 0 0 0 0 0 0 0 0 0 0 0 0 0 0 0 0
ppred_pel_tallas
 1.00889e-16 3.35087e-05 0.00019667 0.000934881 0.00359935 0.0112242 0.0283515 0.058011 0.0961598 0.12914 0.140531 0.12396 0.0887375 0.0517939 0.0251475 0.0110956 0.00598152 0.0054971 0.00699665 0.00930567 0.0119232 0.0145267 0.0168126 0.0184996 0.0193803 0.0193663 0.018506 0.0169658 0.0149836 0.0128112 0.010664 0.00869131 0.00697107 0.0055224 0.00432732 0.00335159
 1.00792e-16 3.14889e-05 0.000184807 0.00087847 0.00338213 0.0105468 0.0266406 0.0545107 0.0903596 0.121357 0.132077 0.116542 0.0835114 0.0489132 0.0240651 0.0111551 0.00677476 0.00689362 0.00902222 0.012023 0.0153566 0.0186216 0.0214203 0.0233853 0.0242531 0.0239249 0.0224887 0.0201918 0.0173755 0.014394 0.0115442 0.00902478 0.00692833 0.00526044 0.00397178 0.00298999
 1.01171e-16 2.58074e-05 0.000151441 0.000719825 0.00277127 0.00864186 0.0218289 0.0446665 0.074046 0.0994607 0.108283 0.0956329 0.0687175 0.040629 0.0206985 0.0107865 0.00816772 0.00958736 0.0130102 0.0174439 0.0223111 0.0270795 0.0311828 0.0340896 0.0354154 0.0350119 0.033 0.02973 0.0256891 0.021385 0.0172458 0.0135603 0.0104672 0.00798133 0.00603902 0.00454287
 1.01767e-16 2.86954e-05 0.000168405 0.000800495 0.0030819 0.00961059 0.0242757 0.0496721 0.0823399 0.110589 0.120366 0.106227 0.0761609 0.0446913 0.0221448 0.0105324 0.00676781 0.00719713 0.00956518 0.0128387 0.0165157 0.020205 0.0235053 0.026035 0.0275054 0.0277825 0.0269119 0.0250952 0.0226305 0.0198376 0.0169935 0.0142947 0.0118507 0.00970026 0.00783826 0.00624097
 1.01946e-16 2.86496e-05 0.000168136 0.000799214 0.00307697 0.0095952 0.0242368 0.0495926 0.0822083 0.110413 0.120176 0.106062 0.0760506 0.0446417 0.022148 0.0105793 0.00685604 0.00733022 0.00974796 0.013072 0.0167925 0.0205078 0.0238068 0.0263011 0.0277012 0.0278798 0.0268965 0.0249708 0.0224196 0.0195772 0.0167281 0.0140675 0.011696 0.00963796 0.00787262 0.00636188
 1.02539e-16 2.25805e-05 0.000132495 0.000629747 0.00242444 0.00756028 0.0190969 0.0390769 0.0647818 0.0870228 0.0947579 0.0837255 0.0602438 0.0357852 0.0185387 0.0101637 0.00830921 0.0101553 0.0139332 0.0187619 0.0240928 0.029388 0.0340602 0.03755 0.0394422 0.0395593 0.0379961 0.0350809 0.031283 0.0270962 0.0229395 0.019099 0.0157193 0.0128309 0.0103949 0.00834551
 1.02105e-16 3.12367e-05 0.000183331 0.000871468 0.00335519 0.0104628 0.0264283 0.054076 0.0896375 0.120383 0.131005 0.115567 0.0827512 0.0483441 0.0235565 0.0105398 0.00589721 0.00562521 0.00726855 0.00973957 0.0125725 0.0154602 0.0181055 0.0202255 0.0216007 0.0221201 0.0217991 0.020764 0.0192104 0.0173512 0.0153725 0.0134087 0.0115389 0.0097992 0.00820125 0.00674813
 1.01507e-16 2.86643e-05 0.00016822 0.000799609 0.00307848 0.0095999 0.0242487 0.0496171 0.0822498 0.110471 0.120245 0.106137 0.076134 0.0447507 0.0223127 0.0108402 0.00725973 0.00792419 0.010572 0.0141461 0.0181036 0.0219992 0.0253756 0.0278058 0.0289805 0.0287793 0.0272966 0.0248088 0.0217004 0.0183703 0.0151523 0.0122686 0.00982241 0.00782086 0.00621208 0.00492155
 1.01089e-16 3.27069e-05 0.000191961 0.000912494 0.00351315 0.0109554 0.0276725 0.0566219 0.0938576 0.12605 0.137173 0.121008 0.0866475 0.0506203 0.0246643 0.01103 0.0061562 0.00584405 0.00751174 0.0100057 0.0128209 0.0156182 0.0180727 0.0198831 0.0208272 0.0208119 0.019891 0.0182453 0.0161316 0.0138205 0.0115424 0.00945519 0.00763916 0.0061112 0.0048487 0.00381253
 1.01229e-16 2.76942e-05 0.000162522 0.000772514 0.00297415 0.00927455 0.0234269 0.0479359 0.0794638 0.106732 0.116184 0.102572 0.073621 0.0433616 0.0217834 0.0108536 0.00761801 0.00856351 0.011505 0.0154056 0.0197072 0.02393 0.0275738 0.0301706 0.0313816 0.0310756 0.0293574 0.026533 0.0230282 0.0192862 0.0156799 0.0124603 0.00974673 0.00755107 0.00581769 0.00446284
 1.02164e-16 2.25295e-05 0.000132195 0.00062832 0.00241894 0.00754314 0.0190537 0.0389883 0.0646352 0.0868264 0.0945455 0.0835411 0.0601185 0.0357254 0.0185345 0.0102044 0.00839199 0.0102855 0.0141206 0.0190156 0.0244174 0.0297806 0.0345079 0.0380297 0.0399222 0.0400019 0.0383626 0.0353363 0.0313999 0.0270584 0.0227434 0.018754 0.0152463 0.0122598 0.00976123 0.00768657
 1.0304e-16 2.33921e-05 0.000137264 0.000652433 0.0025118 0.00783273 0.0197851 0.0404844 0.0671134 0.0901493 0.0981474 0.0866851 0.0622966 0.0368509 0.0188098 0.00986689 0.00756288 0.00896314 0.012243 0.0165269 0.0213165 0.0261515 0.0305317 0.0339733 0.0361048 0.0367462 0.03594 0.0339223 0.0310494 0.0277059 0.0242254 0.0208455 0.0177012 0.0148464 0.0122869 0.0100105
 1.01894e-16 3.03943e-05 0.000178382 0.000847931 0.00326456 0.0101802 0.0257144 0.0526156 0.0872179 0.117137 0.127482 0.112482 0.0805919 0.0471824 0.0231761 0.010683 0.00641333 0.00648069 0.00849183 0.0113654 0.0146044 0.0178486 0.0207405 0.0229438 0.0242071 0.024419 0.0236285 0.0220224 0.0198709 0.0174592 0.0150294 0.0127476 0.0106988 0.00890386 0.00734596 0.0059948
 1.00327e-16 3.74553e-05 0.000219845 0.00104507 0.00402363 0.0125474 0.0316935 0.0648486 0.107491 0.144351 0.157064 0.138499 0.0990467 0.057612 0.0275994 0.0115403 0.00530929 0.00406159 0.0048311 0.00632818 0.00805433 0.00974581 0.0111823 0.0121684 0.0125663 0.0123273 0.0115028 0.0102293 0.00869309 0.00708651 0.00556981 0.00424888 0.00317116 0.002336 0.00171227 0.00125614
 1.0012e-16 3.76548e-05 0.000221016 0.00105064 0.00404505 0.0126142 0.0318623 0.0651939 0.108064 0.14512 0.157902 0.139239 0.0995799 0.0579295 0.0277653 0.0116328 0.0053853 0.00415175 0.00494837 0.00647474 0.0082238 0.00992317 0.011344 0.0122845 0.0126041 0.0122566 0.0113016 0.00988835 0.0082178 0.00649642 0.00489564 0.0035278 0.00244158 0.00163282 0.00106351 0.000681077
 1.00309e-16 3.20568e-05 0.00018814 0.000894316 0.00344314 0.0107371 0.0271211 0.055494 0.0919897 0.123546 0.134461 0.118647 0.0850234 0.0498059 0.0245171 0.0113845 0.00693768 0.00707113 0.00924563 0.0122953 0.0156606 0.018921 0.0216609 0.0234997 0.0241692 0.0235781 0.021834 0.0192135 0.0160916 0.0128547 0.00982486 0.00721465 0.00511853 0.00353294 0.00239144 0.00160034
 1.0103e-16 2.68084e-05 0.00015732 0.000747777 0.0028789 0.00897751 0.0226767 0.046401 0.0769202 0.103318 0.112475 0.099315 0.0713201 0.0420812 0.0212786 0.0108299 0.00788899 0.00906453 0.0122422 0.0164064 0.0209896 0.0254866 0.0293646 0.0321234 0.0333999 0.0330515 0.0311876 0.0281331 0.0243419 0.020289 0.0163763 0.0128775 0.00992693 0.00754367 0.00567328 0.00422877
 1.01479e-16 2.99976e-05 0.000176052 0.000836852 0.00322189 0.0100471 0.0253784 0.0519281 0.0860788 0.115608 0.125823 0.111027 0.0795697 0.0466248 0.0229784 0.01072 0.00661019 0.00681836 0.00898272 0.0120291 0.0154512 0.0188704 0.0219056 0.0241972 0.0254759 0.0256215 0.0246854 0.0228677 0.0204597 0.0177715 0.01507 0.012542 0.0102883 0.00833931 0.00668176 0.00528385
 1.01558e-16 2.83431e-05 0.000166335 0.000790646 0.00304397 0.00949229 0.0239769 0.049061 0.0813278 0.109233 0.118897 0.104948 0.0752824 0.0442527 0.0220695 0.0107314 0.00720108 0.00787468 0.0105189 0.0140922 0.0180611 0.0219884 0.0254228 0.0279402 0.0292299 0.0291639 0.0278236 0.0254693 0.0224687 0.019207 0.0160097 0.0130978 0.0105804 0.00847545 0.00674515 0.00532906
 1.01555e-16 2.98322e-05 0.000175081 0.000832232 0.0032041 0.00999165 0.0252382 0.0516414 0.0856038 0.114971 0.125131 0.110421 0.0791451 0.0463953 0.022901 0.0107434 0.00670378 0.00697414 0.0092046 0.0123221 0.0158143 0.0192928 0.0223653 0.0246633 0.025913 0.0259957 0.0249714 0.0230535 0.0205481 0.0177793 0.015023 0.0124695 0.0102175 0.00829068 0.00666719 0.00530642
 1.01493e-16 3.00095e-05 0.000176121 0.000837178 0.00322314 0.010051 0.0253882 0.0519483 0.0861126 0.115654 0.125874 0.111077 0.0796144 0.0466689 0.023033 0.0107998 0.00673054 0.00699343 0.00922316 0.0123386 0.0158228 0.0192836 0.0223261 0.0245804 0.0257734 0.02579 0.024696 0.022712 0.020152 0.0173464 0.0145752 0.0120297 0.00980619 0.00792401 0.0063552 0.00505288
 1.01641e-16 2.8579e-05 0.000167721 0.000797237 0.00306935 0.00957144 0.0241768 0.0494699 0.0820053 0.110141 0.119883 0.105811 0.0758864 0.0445768 0.022174 0.0106879 0.00705129 0.00762729 0.0101654 0.0136223 0.017474 0.0212983 0.0246615 0.0271553 0.0284778 0.0285016 0.0272984 0.0251111 0.0222859 0.019187 0.0161236 0.0133075 0.0108456 0.00876015 0.00702106 0.00557731
 1.01813e-16 2.85597e-05 0.000167608 0.000796703 0.0030673 0.00956505 0.0241607 0.0494368 0.0819502 0.110067 0.1198 0.105734 0.0758217 0.0445205 0.0221124 0.0106031 0.00692494 0.00744282 0.00990971 0.013289 0.0170668 0.0208349 0.0241739 0.0266875 0.0280805 0.0282236 0.0271781 0.0251696 0.0225233 0.0195833 0.0166429 0.0139049 0.0114744 0.0093782 0.00759512 0.00608499
 1.01997e-16 2.75155e-05 0.000161476 0.000767545 0.00295503 0.00921493 0.0232763 0.0476275 0.0789518 0.106042 0.115426 0.101889 0.0730991 0.0429911 0.0214813 0.0105147 0.00714831 0.00788909 0.0105737 0.0141934 0.0182295 0.022253 0.0258172 0.0284996 0.0299855 0.0301375 0.0290222 0.0268817 0.0240638 0.0209359 0.0178108 0.0149034 0.0123242 0.0101 0.0082063 0.0065992
 1.04049e-16 1.35983e-05 7.97492e-05 0.000378962 0.00145881 0.00454896 0.0114908 0.0235151 0.038992 0.0524049 0.0571314 0.0506426 0.0367942 0.0225689 0.0130027 0.00922457 0.00995179 0.0135858 0.0190836 0.025819 0.033227 0.0406223 0.0472156 0.0522434 0.0551316 0.055622 0.0538207 0.0501483 0.0452165 0.0396742 0.034076 0.0288059 0.024066 0.0199131 0.0163167 0.0132131
 1.06298e-16 2.15444e-05 0.000126426 0.000600926 0.00231352 0.00721444 0.0182232 0.037288 0.0618124 0.0830229 0.0903734 0.0797825 0.0572569 0.0337123 0.0169217 0.00842393 0.00593954 0.00676907 0.0092654 0.0126949 0.0167116 0.0210331 0.0253436 0.0293099 0.0326352 0.0351068 0.036621 0.0371763 0.0368452 0.0357359 0.033964 0.0316383 0.0288649 0.0257561 0.0224392 0.0190558
 1.04002e-16 2.8165e-05 0.000165295 0.000785716 0.00302501 0.00943318 0.0238275 0.0487549 0.0808187 0.108544 0.118134 0.104243 0.0747093 0.0437797 0.0215825 0.0100818 0.00623958 0.00646544 0.00855092 0.0114999 0.0148529 0.0182719 0.0214168 0.0239638 0.0256666 0.0264074 0.0262159 0.0252468 0.0237274 0.0218944 0.0199416 0.0179933 0.0161056 0.0142868 0.0125256 0.0108141
pSPR Fmed_Fpbrs
0.517808   0.6 0.325
Fs Fmed_Fpbrs
0.64   0.450666 1.54429
SSBpbr Bo_Bmed_Bpbrs
934019  436941  513711 256855
Ro
37049.1
SPR SPRFo_SPRFmed_SPRFpbrs
765221 396237 248697
log_Ro
10.34
likeval ReclasPelacesDesembMPH_pf_preclas_ppelaces_ptallas_desvR_qrecl_qpela
 63.9784 0.000174501 0.015247 50.7944 331.769 210.365 55.8645 0 16.6284 2.89975e-06 5.76688e-05 1.69926e-15 0 0 0
q_reclas_q_pelaces
0.785603 2.94585
M
0.7
N
 37537.9 10574.3 3415.71 400.289 0.243319
 44804.8 16820.9 2633.84 632.209 72.4576
 22824.7 20322.6 4545.91 547.833 143.626
 30442.8 9726.53 3611.67 519.149 76.2919
 50397.7 14626.6 3869.62 1306.12 213.746
 35318.6 24871.7 6966.36 1810.2 709.998
 72069.5 16432.9 7975.14 1850.49 659.665
 73680.2 34252.2 6077.3 2598.05 809.669
 116571 33661 9714.53 1354.42 745.314
 115232 53056.3 9309.14 2088.34 442.542
 63697.2 54132.1 18145.4 2711.67 728.079
 43433.8 28576.2 13588.6 3396.09 629.223
 40744.1 19679.4 7666.59 2797.01 811.673
 28315.3 17304.7 3419.58 847.821 385.257
 16825.2 9775.24 747.614 51.6528 17.154
 13177 5909.35 474.055 13.3224 1.13396
 9374.33 5784.17 1281.54 71.9737 2.13515
 12225.7 4223.69 1494.54 249.972 14.1452
 13936.7 5656.98 1304.94 376.452 65.4857
 19614.7 6547.63 1936.01 380.484 127.264
 31685 9212.08 2235.68 562.634 145.714
 44813.8 15324.1 3830.78 861.336 271.286
 64658 21606.5 6240.89 1432.5 420.728
 84258.8 31112.3 8682.93 2289.68 675.108
 30614.3 40579.6 12577.2 3212.68 1089.42
 42670.3 14806.4 16876.2 4846.2 1647.82
 68441.1 20610.9 6105.18 6423.54 2456.4
pred_Ctot
 2651.18 3941.58 1628.46 193.641 0.117797
 2805.02 5707.82 1156.08 281.797 32.3232
 2349.22 9939.76 2727.68 332.566 87.243
 712.207 1408.79 718.819 105.396 15.5049
 224.674 431.169 161.883 55.8729 9.1545
 1607.4 6497.74 2414.45 638.294 250.581
 2230.76 3068.26 2021.1 477.921 170.541
 4260.11 10907 2520.61 1094.81 341.48
 7031.93 11089.8 4153.55 588.211 323.951
 4490.29 12134.5 2853.26 651.688 138.232
 4450.25 20010.7 8588.36 1302.38 349.959
 2750.54 9784.94 6012.54 1525.84 282.936
 4279.17 9756.06 4651.09 1716.44 498.401
 6337.48 12868.1 2805.63 699.077 317.749
 3613.21 7149.76 606.666 42.137 13.9977
 1107.52 2508.4 252.769 7.19861 0.613151
 628.377 2070.81 589.772 33.6209 0.998174
 602.219 1179.26 550.443 93.6258 5.30276
 542.115 1291.82 399.395 117.309 20.4261
 767.578 1503.02 595.421 119.138 39.8872
 595.028 1088.27 365.719 93.9374 24.3548
 939.203 2005.14 691.569 158.663 50.026
 1444.93 3000.15 1192.84 279.326 82.1255
 1831.06 4209.97 1618.95 435.566 128.563
 574.637 4791.67 2056.5 536.151 182.007
 839.127 1826.06 2877.77 843.349 287.069
 2129.95 3867.02 1554.29 1666.55 637.939
F
 0.102726 0.689978 0.98692 1.00979 1.01103
 0.09058 0.608397 0.870229 0.890398 0.891485
 0.152987 1.02756 1.46979 1.50386 1.50569
 0.0330074 0.2217 0.317113 0.324462 0.324858
 0.00621595 0.0417505 0.0597185 0.0611025 0.0611771
 0.0651214 0.437399 0.625641 0.640141 0.640922
 0.0438799 0.294727 0.421567 0.431337 0.431864
 0.0833936 0.560128 0.801187 0.819756 0.820757
 0.0871477 0.585343 0.837255 0.856659 0.857705
 0.0555237 0.372935 0.533433 0.545796 0.546462
 0.101568 0.682199 0.975794 0.998409 0.999628
 0.0916676 0.615702 0.880678 0.901089 0.902189
 0.156335 1.05005 1.50196 1.53677 1.53864
 0.363549 2.44184 3.49273 3.57368 3.57804
 0.346344 2.32628 3.32744 3.40455 3.40871
 0.123346 0.828476 1.18502 1.21249 1.21397
 0.0972662 0.653306 0.934466 0.956122 0.95729
 0.070653 0.474553 0.678785 0.694516 0.695364
 0.0554232 0.37226 0.532467 0.544808 0.545473
 0.0557654 0.374559 0.535756 0.548172 0.548842
 0.026419 0.177448 0.253815 0.259697 0.260015
 0.0295239 0.198302 0.283645 0.290219 0.290573
 0.0315085 0.211633 0.302712 0.309727 0.310106
 0.0306283 0.20572 0.294255 0.301075 0.301443
 0.0264058 0.177359 0.253689 0.259568 0.259885
 0.0276806 0.185922 0.265936 0.272099 0.272432
 0.0441227 0.296358 0.4239 0.433725 0.434254
Np
 27355.6 12976.4 11873.6 2434.09 827.025
YTP_r0W_actual
 18111.2 86274.4 50316.7 68889.4 29263.5
YTP_p0W_proyectada
 7238.97 136123 62718.9 21280.1 32550
 7238.97 54317.5 97857.5 26104.5 9852.48
CTP_r0_actual
 2208.68 3994.19 1602.44 1717.94 657.607
CTP_p0_proyectada
 882.801 6302.01 1997.42 530.675 731.461
 882.801 2514.7 3116.48 650.984 221.404
Wmedp
 8.2 21.6 31.4 40.1 44.5
nmprior
 10.8 10.6 4.6 0
nm_flota  nm_reclas  nm_pelaces    nm_pelaL
inf 19.6063 20.3036 67.7021
cv_recla  cv_pelaces  cv_mph
0.692703 0.482356 0.571433
 ------------------------------------------------
Talla a la edad & desviaci?n 
 7.2 14.2025 17.0495 18.207 18.6776
 1.08 2.13037 2.55742 2.73105 2.80164
