years
 1997 1998 1999 2000 2001 2002 2003 2004 2005 2006 2007 2008 2009 2010 2011 2012 2013 2014 2015 2016 2017 2018 2019 2020 2021 2022 2023
reclasobs
 0 0 0 370054 412103 1.49427e+06 250295 1.28982e+06 931140 785840 897777 1.04006e+06 184774 17550 25797 100020 73551 82996 120727 218422 84188 347160 605670 569463 516374 1.08416e+06 1.01767e+06
reclaspred
 403862 114307 356053 245467 332521 388984 831853 573298 695833 659098 531977 354468 201947 85950.8 65471.5 68081.6 81167.8 116880 134832 189392 292533 298516 545588 703165 846668 769033 726217
pelacesobs
 0 0 0 0 0 0 0 0 0 2.06254e+06 1.5e+06 0 1.87456e+06 323000 250000 174000 83755 137374 0 501740 490994 745055 786931 1.00524e+06 1.33801e+06 1.41789e+06 0
pelacespred
 1.5026e+06 343840 674785 712433 841076 777782 1.97552e+06 1.62022e+06 1.80148e+06 1.69195e+06 1.18748e+06 816967 458204 155325 126166 140170 175721 260460 301311 420205 740708 709604 1.06516e+06 1.59049e+06 1.85619e+06 1.87458e+06 1.69371e+06
mphobs
 0 0 0 0 0 0 112323 0 153150 637223 0 255016 313432 73983 77613 109348 50772 17779 17303 59886 28197 0 207744 136588 643089 65757 70829
mphpred
 145571 90740.4 114339 136260 138254 200269 290616 343906 310434 345106 320711 220358 127708 91966 43437.2 42965.9 48472.8 68123.7 27334.4 31951 50224.1 66181 89858.2 135836 176775 173253 151438
desembarqueobs
 350755 77701 442110 56441 14545 235359 269955 359681 431902 328805 639364 411747 362871 311530 167758 66681 60226 58785 57116 73181 50977 67692 138656 160484 209506 203330 245020
desembarquepred
 350772 77707.3 442183 56445 14545.3 235468 270013 359728 431946 328870 639703 412047 363416 311821 167698 66695.4 60260.4 58792.1 57111.7 73186.9 50978 67686.4 138660 160493 209531 203347 245021
Reclutas
 47918.6 58044.6 35346.3 47462.6 73236.4 53108.3 94981.9 94594.2 135034 120533 63577.2 40692 38268.1 26777.6 18989.1 17325.7 13321.3 17864.3 21194.7 32010.4 49465 71006.5 103927 134014 50434.2 69225.7 117422
log_desv_Rt
 -0.0427415 0.148967 -0.347051 -0.0523031 0.381447 0.0600882 0.641442 0.637351 0.993286 0.87968 0.240011 -0.206213 -0.267628 -0.624678 -0.968379 -1.06006 -1.32288 -1.02944 -0.858496 -0.446183 -0.0109801 0.350526 0.731445 0.9857 0.00842535 0.325128 0.85353
SSB
 539893 336538 424060 505362 512758 742759 1.04986e+06 1.26205e+06 1.12705e+06 1.25529e+06 1.18945e+06 817265 489115 229762 112759 111323 130198 175037 234653 287149 429514 552552 769230 1.11547e+06 1.5754e+06 1.58419e+06 1.30969e+06
BT
 1.95842e+06 495715 978032 820502 913587 1.00905e+06 2.33184e+06 2.14518e+06 2.34723e+06 2.12724e+06 1.84112e+06 1.24588e+06 846056 460046 275680 205250 239236 327719 369910 510975 841069 815808 1.2316e+06 1.83324e+06 2.11968e+06 2.15751e+06 2.01865e+06
Ftot
 0.730301 0.570296 0.82675 0.154841 0.0317824 0.345225 0.222102 0.441507 0.47136 0.341716 0.687203 0.629299 1.05015 2.25471 2.12662 0.73703 0.542308 0.360283 0.279507 0.272674 0.128968 0.150807 0.162157 0.155796 0.136051 0.139307 0.206134
BD_Bspro_t
 0.92993 0.707834 0.666867 0.53068 0.657613 0.783681 0.737496 0.750439 0.698231 0.678336 0.639436 0.477323 0.358571 0.234278 0.146248 0.171768 0.255667 0.393015 0.524118 0.630745 0.73905 0.827546 0.847574 0.85434 0.861391 0.825383 0.79526
BD_Bspro
 0.522676 0.325806 0.410537 0.489246 0.496406 0.719072 1.01638 1.22181 1.09111 1.21526 1.15152 0.791202 0.473517 0.222435 0.109163 0.107773 0.126046 0.169455 0.22717 0.277992 0.415817 0.534931 0.744699 1.0799 1.52516 1.53367 1.26793
BD_Bo
 0.34506 0.21509 0.271028 0.32299 0.327717 0.474716 0.670992 0.806611 0.720327 0.802287 0.760211 0.522335 0.312606 0.146847 0.0720672 0.0711492 0.0832128 0.11187 0.149973 0.183524 0.274513 0.35315 0.491635 0.712926 1.00688 1.0125 0.837057
BD_Brms
 0.627381 0.391073 0.492778 0.587254 0.595849 0.86312 1.21999 1.46657 1.30968 1.4587 1.3822 0.949699 0.568375 0.266994 0.131031 0.129362 0.151296 0.203401 0.272678 0.333681 0.499115 0.642091 0.893881 1.29623 1.83069 1.8409 1.52192
S_f
 0.135129 0.748022 0.982579 0.999068 0.999951
 0.135129 0.748022 0.982579 0.999068 0.999951
 0.135129 0.748022 0.982579 0.999068 0.999951
 0.135129 0.748022 0.982579 0.999068 0.999951
 0.135129 0.748022 0.982579 0.999068 0.999951
 0.135129 0.748022 0.982579 0.999068 0.999951
 0.135129 0.748022 0.982579 0.999068 0.999951
 0.135129 0.748022 0.982579 0.999068 0.999951
 0.135129 0.748022 0.982579 0.999068 0.999951
 0.135129 0.748022 0.982579 0.999068 0.999951
 0.135129 0.748022 0.982579 0.999068 0.999951
 0.135129 0.748022 0.982579 0.999068 0.999951
 0.135129 0.748022 0.982579 0.999068 0.999951
 0.135129 0.748022 0.982579 0.999068 0.999951
 0.135129 0.748022 0.982579 0.999068 0.999951
 0.135129 0.748022 0.982579 0.999068 0.999951
 0.135129 0.748022 0.982579 0.999068 0.999951
 0.135129 0.748022 0.982579 0.999068 0.999951
 0.135129 0.748022 0.982579 0.999068 0.999951
 0.135129 0.748022 0.982579 0.999068 0.999951
 0.135129 0.748022 0.982579 0.999068 0.999951
 0.135129 0.748022 0.982579 0.999068 0.999951
 0.135129 0.748022 0.982579 0.999068 0.999951
 0.135129 0.748022 0.982579 0.999068 0.999951
 0.135129 0.748022 0.982579 0.999068 0.999951
 0.135129 0.748022 0.982579 0.999068 0.999951
 0.135129 0.748022 0.982579 0.999068 0.999951
Scru_reclas
 0.814275 1 1 1 1
 0.814275 1 1 1 1
 0.814275 1 1 1 1
 0.814275 1 1 1 1
 0.814275 1 1 1 1
 0.814275 1 1 1 1
 0.814275 1 1 1 1
 0.814275 1 1 1 1
 0.814275 1 1 1 1
 0.814275 1 1 1 1
 0.814275 1 1 1 1
 0.814275 1 1 1 1
 0.814275 1 1 1 1
 0.814275 1 1 1 1
 0.814275 1 1 1 1
 0.814275 1 1 1 1
 0.814275 1 1 1 1
 0.814275 1 1 1 1
 0.814275 1 1 1 1
 0.814275 1 1 1 1
 0.814275 1 1 1 1
 0.814275 1 1 1 1
 0.814275 1 1 1 1
 0.814275 1 1 1 1
 0.814275 1 1 1 1
 0.814275 1 1 1 1
 0.814275 1 1 1 1
Scru_pelaces
 0.926285 1 1 1 1
 0.926285 1 1 1 1
 0.926285 1 1 1 1
 0.926285 1 1 1 1
 0.926285 1 1 1 1
 0.926285 1 1 1 1
 0.926285 1 1 1 1
 0.926285 1 1 1 1
 0.926285 1 1 1 1
 0.926285 1 1 1 1
 0.926285 1 1 1 1
 0.926285 1 1 1 1
 0.926285 1 1 1 1
 0.926285 1 1 1 1
 0.926285 1 1 1 1
 0.926285 1 1 1 1
 0.926285 1 1 1 1
 0.926285 1 1 1 1
 0.926285 1 1 1 1
 0.926285 1 1 1 1
 0.926285 1 1 1 1
 0.926285 1 1 1 1
 0.926285 1 1 1 1
 0.926285 1 1 1 1
 0.926285 1 1 1 1
 0.926285 1 1 1 1
 0.926285 1 1 1 1
pf_obs 
 0.256992 0.487395 0.22802 0.0275931 0
 0.321318 0.546541 0.124235 0.00734118 0.000564706
 0.182869 0.594174 0.210203 0.0122559 0.00049798
 0.330522 0.361315 0.267642 0.0388342 0.00168674
 0.649043 0.306663 0.0425973 0.00169635 0
 0.582887 0.30429 0.105238 0.00758474 0
 0.465427 0.430635 0.0974691 0.00646863 0
 0.296916 0.608066 0.0921331 0.00288517 0
 0.311714 0.524322 0.152257 0.0117073 0
 0.15457 0.633149 0.183074 0.0267441 0.00246327
 0.131901 0.49318 0.331252 0.0422183 0.00144891
 0.196976 0.569456 0.194076 0.0375587 0.00193317
 0.518974 0.381816 0.0799577 0.0180837 0.00116848
 0.0928022 0.601141 0.25162 0.0475244 0.00691264
 0.122501 0.610282 0.24278 0.0234846 0.000952079
 0.383417 0.481906 0.127806 0.00687128 0
 0.0376549 0.599619 0.316969 0.0457579 0
 0.0361596 0.667082 0.258105 0.0386534 0
 0.158088 0.579412 0.248529 0.0139706 0
 0.0477256 0.309471 0.559284 0.082774 0.000745712
 0.0406174 0.521527 0.379366 0.0568643 0.0016247
 0.151134 0.462217 0.34131 0.0453401 0
 0.294876 0.26143 0.354403 0.0886775 0.000613685
 0.281977 0.475581 0.204845 0.0348837 0.00271318
 0.0841818 0.532909 0.334909 0.0458182 0.00218182
 0.115287 0.27431 0.454777 0.147771 0.00785563
 0 0 0 0 0
pf_pred 
 0.370025 0.434452 0.174948 0.0205606 1.44938e-05
 0.307938 0.54634 0.11107 0.0310812 0.00357095
 0.176165 0.597243 0.190629 0.0275528 0.0084105
 0.246448 0.432877 0.254623 0.0557838 0.0102681
 0.263713 0.456139 0.17963 0.080097 0.0204201
 0.155421 0.535637 0.210228 0.0636662 0.035048
 0.264735 0.36607 0.259518 0.0750973 0.0345798
 0.217224 0.518439 0.150931 0.0801487 0.0332568
 0.276187 0.443102 0.205358 0.0434044 0.0319489
 0.20663 0.545661 0.170158 0.0570513 0.0204994
 0.123857 0.5169 0.269725 0.0618679 0.0276503
 0.126001 0.419443 0.306467 0.111828 0.0362599
 0.193687 0.400599 0.230879 0.118744 0.0560912
 0.248281 0.510416 0.145665 0.0550762 0.0405617
 0.31768 0.560646 0.0976458 0.0147558 0.00927221
 0.309275 0.579283 0.0997286 0.00947683 0.00223678
 0.206385 0.580345 0.188195 0.0224952 0.00258036
 0.256688 0.444765 0.236489 0.0548977 0.00715999
 0.242294 0.496556 0.175072 0.06846 0.0176184
 0.277553 0.452537 0.194342 0.0509718 0.0245962
 0.286871 0.475136 0.165017 0.0528193 0.0201568
 0.268095 0.48456 0.179402 0.0473587 0.0205848
 0.267406 0.471211 0.188728 0.0529495 0.0197047
 0.243658 0.487414 0.189696 0.0574872 0.0217445
 0.0817819 0.56398 0.250212 0.0737556 0.0302705
 0.139 0.263293 0.40534 0.136567 0.0558004
 0.237019 0.356804 0.149723 0.174888 0.0815655
pobs_RECLAS
 0 0 0 0 0
 0 0 0 0 0
 0 0 0 0 0
 0 0 0 0 0
 0.835266 0.146461 0.0176864 0.000547809 3.91292e-05
 0.385257 0.428462 0.181853 0.0044286 0
 0.867414 0.0963971 0.0333333 0.00285562 0
 0.441836 0.489002 0.0689373 0.000224442 0
 0.779404 0.147425 0.0564933 0.0165055 0.000172143
 0.814271 0.122319 0.05973 0.00367925 0
 0.40263 0.566651 0.0304383 0.000280538 0
 0.475488 0.404961 0.113038 0.00651328 0
 0.955842 0.0263864 0.0167828 0.000988607 0
 0.975058 0.0227948 0.00214734 0 0
 0.738997 0.206755 0.0527124 0.00153531 0
 0.850938 0.134255 0.0134407 0.00136685 0
 0.542534 0.407297 0.0501686 0 0
 0.764087 0.199537 0.0359546 0.000420521 0
 0.470689 0.182191 0.310203 0.0369168 0
 0.84361 0.089868 0.0606195 0.00523954 0.000663233
 0.607945 0.314616 0.071237 0.00620181 0
 0.523733 0.453247 0.0230204 0 0
 0.530135 0.295979 0.169645 0.0042399 0
 0.562478 0.366248 0.0663022 0.0049721 0
 0.250443 0.683176 0.0655157 0.000865301 0
 0.195077 0.31981 0.436473 0.0351445 0.0134964
 0.565238 0.351407 0.0832357 0.000118908 0
ppred_RECLAS
 0.748989 0.187923 0.0565553 0.00652788 4.59728e-06
 0.685188 0.262432 0.0400914 0.0110232 0.00126528
 0.520182 0.374366 0.0889746 0.0126268 0.00385058
 0.623255 0.24141 0.107833 0.0232304 0.0042722
 0.640472 0.245488 0.0735638 0.0322597 0.00821708
 0.480749 0.362156 0.107494 0.032001 0.0176004
 0.651296 0.198017 0.106462 0.0302902 0.0139351
 0.582348 0.302265 0.0663801 0.0346445 0.0143622
 0.660556 0.230096 0.0803747 0.0166953 0.0122776
 0.563547 0.32535 0.0767334 0.0252908 0.00907913
 0.424172 0.379365 0.148173 0.0333839 0.0149059
 0.435798 0.312046 0.170999 0.0612988 0.0198572
 0.570928 0.246481 0.104773 0.0528702 0.0249489
 0.666432 0.252545 0.0493979 0.0182227 0.0134028
 0.724711 0.239501 0.0288583 0.0042578 0.00267209
 0.686118 0.2745 0.0353093 0.00329532 0.000777035
 0.563138 0.342415 0.0835136 0.00980895 0.00112411
 0.637022 0.24108 0.0969048 0.0221125 0.00288138
 0.614468 0.276147 0.073745 0.0283508 0.00728958
 0.658554 0.235535 0.0766268 0.0197588 0.00952591
 0.664867 0.2431 0.0641449 0.02019 0.00769803
 0.644138 0.256781 0.0722003 0.0187416 0.00813891
 0.644613 0.250414 0.0761525 0.0210087 0.00781121
 0.615381 0.271453 0.0802249 0.0239066 0.00903455
 0.308213 0.469082 0.158091 0.0458246 0.0187904
 0.468424 0.195792 0.228961 0.0758562 0.0309668
 0.619499 0.205197 0.0653221 0.0750229 0.0349583
pobs_PELACES
 0 0 0 0 0
 0 0 0 0 0
 0 0 0 0 0
 0 0 0 0 0
 0 0 0 0 0
 0 0 0 0 0
 0 0 0 0 0
 0 0 0 0 0
 0 0 0 0 0
 0 0 0 0 0
 0.450072 0.473896 0.0757376 0.000293798 0
 0 0 0 0 0
 0.463077 0.371075 0.160297 0.00555027 0
 0.529543 0.364841 0.0842815 0.0213345 0
 0.631943 0.363953 0.00410389 0 0
 0.735681 0.248677 0.0153453 0.000297389 0
 0.695825 0.281241 0.0229344 0 0
 0.275771 0.60734 0.115278 0.00161068 0
 0 0 0 0 0
 0.896147 0.0623911 0.0374545 0.00400742 0
 0.803859 0.145111 0.0509908 3.86294e-05 0
 0.739449 0.233085 0.0266225 0.000797448 4.60066e-05
 0.878498 0.100942 0.0204185 0.000141795 0
 0.694673 0.275183 0.0284847 0.00165964 0
 0.469039 0.446079 0.0841089 0.000773354 0
 0.822795 0.102175 0.0682046 0.00682512 0
 0 0 0 0 0
ppred_PELACES
 0.799605 0.152145 0.0432715 0.0049748 3.50277e-06
 0.736775 0.221042 0.0323101 0.00885615 0.00101637
 0.596459 0.319249 0.0711715 0.0100549 0.00306555
 0.661041 0.218144 0.0962796 0.020724 0.0038111
 0.671179 0.2247 0.0671691 0.0294503 0.00750142
 0.532418 0.3288 0.0950201 0.0282344 0.0155273
 0.691276 0.176642 0.0933508 0.0265279 0.0122034
 0.6365 0.265613 0.0563712 0.0293502 0.0121658
 0.711323 0.198011 0.066689 0.013817 0.0101596
 0.613104 0.290379 0.066698 0.0219424 0.00787629
 0.495086 0.338735 0.12545 0.0281589 0.0125704
 0.504973 0.279867 0.146074 0.0521846 0.0169016
 0.659644 0.202439 0.0793337 0.0398051 0.0187779
 0.7888 0.166543 0.0273591 0.00996963 0.00732783
 0.8245 0.155798 0.0159234 0.00232234 0.00145654
 0.744029 0.225435 0.02739 0.002546 0.000600217
 0.622806 0.29832 0.069768 0.00817033 0.000936175
 0.684304 0.211659 0.0827388 0.018843 0.00245509
 0.658761 0.245949 0.0642748 0.0246725 0.00634329
 0.700045 0.208289 0.0663476 0.0170829 0.00823516
 0.699058 0.218908 0.0571879 0.0179876 0.00685804
 0.680497 0.231307 0.064283 0.0166728 0.00724016
 0.681546 0.225236 0.0676414 0.0186442 0.00693175
 0.653393 0.245509 0.0716877 0.0213444 0.00806592
 0.343296 0.446831 0.149014 0.0431617 0.0176977
 0.509383 0.181966 0.210511 0.0696907 0.0284487
 0.660527 0.184477 0.0577964 0.0663052 0.0308943
pobs_pel_tallas
 0 0 0 0 0 0 0 0 0 0 0 0 0 0 0 0 0 0 0 0 0 0 0 0 0 0 0 0 0 0 0 0 0 0 0 0
 0 0 0 0 0 0 0 0 0 0 0 0 0 0 0 0 0 0 0 0 0 0 0 0 0 0 0 0 0 0 0 0 0 0 0 0
 0 0 0 0 0 0 0 0 0 0 0 0 0 0 0 0 0 0 0 0 0 0 0 0 0 0 0 0 0 0 0 0 0 0 0 0
 0 0 0 0 0 0 0 0 0 0 0 0 0 0 0 0 0 0 0 0 0 0 0 0 0 0 0 0 0 0 0 0 0 0 0 0
 0 0 0 0 0 0 0 0 0 0 0 0 0 0 0 0 0 0 0 0 0 0 0 0 0 0 0 0 0 0 0 0 0 0 0 0
 0 0 0 0 0 0 0 0 0 0 0 0 0 0 0 0 0 0 0 0 0 0 0 0 0 0 0 0 0 0 0 0 0 0 0 0
 0 0 0 0 0 0 0 0 0 0 0 0 0 0 0 0 0 0 0 0 0 0 0 0 0 0 0 0 0 0 0 0 0 0 0 0
 0 0 0 0 0 0 0 0 0 0 0 0 0 0 0 0 0 0 0 0 0 0 0 0 0 0 0 0 0 0 0 0 0 0 0 0
 0 0 0 0 0 0 0 0 0 0 0 0 0 0 0 0 0 0 0 0 0 0 0 0 0 0 0 0 0 0 0 0 0 0 0 0
 0 0 0 0 0 0 0 0 0 0 0 0 0 0 0 0 0 0 0 0 0 0 0 0 0 0 0 0 0 0 0 0 0 0 0 0
 0 0 0 0 0 0 0 0 1.78061e-05 0.00172719 0.00360574 0.0105946 0.0120993 0.0124554 0.0147524 0.0171206 0.0266825 0.0428682 0.0675386 0.121331 0.153587 0.119568 0.100827 0.0573624 0.0630603 0.0341343 0.0324427 0.0444173 0.0211091 0.0280891 0.0125444 0.00206551 0 0 0 0
 0 0 0 0 0 0 0 0 0 0 0 0 0 0 0 0 0 0 0 0 0 0 0 0 0 0 0 0 0 0 0 0 0 0 0 0
 0 0 0 0 0 0 0.0133647 0.0140871 0.0187388 0.0205184 0.03894 0.0496705 0.03968 0.0493445 0.0407372 0.0367815 0.0215668 0.0243155 0.0234873 0.0199281 0.019796 0.0243948 0.0301388 0.0376714 0.0412746 0.0863199 0.0771752 0.113111 0.0741005 0.0525337 0.0229764 0.00759418 0.00175318 0 0 0
 0 0 0 0 0 0 0 0 0 0 0.00219441 0.00772107 0.0458388 0.0604681 0.0671733 0.0775358 0.0609151 0.0617685 0.073594 0.0568108 0.0755445 0.0548602 0.0670107 0.0636378 0.0643287 0.046367 0.0373049 0.0286899 0.0247887 0.0153202 0.00654259 0.00121912 0.000365735 0 0 0
 0 0 0 0 0 0 0 0 0 0 0 0 0.000112435 0.00938835 0.0111873 0.0202946 0.0414886 0.0713402 0.111592 0.104902 0.108894 0.110636 0.117776 0.105296 0.107544 0.0401394 0.0192827 0.0124803 0.00416011 0.0028671 0.000618394 0 0 0 0 0
 0 0 0 0 0 0 0 0 0 0 0.00291406 0.0102884 0.027416 0.0768956 0.0749926 0.110853 0.0956884 0.0897413 0.0766577 0.0534642 0.0500743 0.0551293 0.0594112 0.0620874 0.0668451 0.0424026 0.0208742 0.0120726 0.0048766 0.00582813 0.00118941 0.000297354 0 0 0 0
 0 0.00264628 0.0354308 0.0461629 0.0458689 0.0383711 0.0214643 0.0164657 0.0346957 0.0420465 0.0363128 0.0245516 0.0311673 0.0291091 0.0169068 0.0133784 0.00837989 0.0085269 0.0148486 0.0160247 0.0276389 0.0546898 0.0760071 0.122758 0.109233 0.0665981 0.0333725 0.0166128 0.00676272 0.00308733 0.000882094 0 0 0 0 0
 0 0 0 0 0 0 0 0.000805153 0.000690131 0.00759144 0.0133425 0.0154129 0.00931677 0.000345066 0.00356568 0.00563607 0.00851162 0.0253048 0.0502646 0.0516448 0.0657925 0.0565908 0.0611916 0.0827007 0.0866115 0.110766 0.145733 0.0935128 0.0569358 0.0249597 0.0138026 0.00621118 0.00161031 0.00115022 0 0
 0 0 0 0 0 0 0 0 0 0 0 0 0 0 0 0 0 0 0 0 0 0 0 0 0 0 0 0 0 0 0 0 0 0 0 0
 0.00147267 0.00158595 0.00478618 0.00569244 0.00954404 0.0108468 0.00647125 0.017049 0.0510054 0.094081 0.124002 0.0959785 0.0687766 0.0820023 0.061753 0.0591476 0.0492212 0.0479892 0.0443925 0.0268479 0.0217502 0.0140895 0.0121071 0.0120363 0.00920419 0.00665534 0.0049561 0.00860946 0.00930331 0.0156896 0.0114698 0.00855282 0.00243557 0.00046729 0 2.83206e-05
 0 0 0 0 0.000772559 0.00158375 0.000888443 0.00281984 0.00712685 0.0440552 0.0773331 0.111326 0.0921469 0.0852325 0.0710754 0.0886704 0.0786465 0.0553345 0.0373146 0.0185414 0.00753245 0.00457741 0.012979 0.0271748 0.0457355 0.0583668 0.034881 0.0177882 0.00938659 0.00492506 0.0015258 0.00185414 0.000309023 5.79419e-05 3.86279e-05 0
 0 0.00173294 0.00326652 0 0.00397197 0.00683976 0.00946217 0.0152591 0.00757587 0.0136028 0.0228656 0.0392903 0.0559909 0.0764795 0.0681675 0.0726916 0.0566044 0.0477403 0.0527397 0.0444891 0.0609904 0.0582453 0.0661739 0.0445044 0.0529084 0.0360697 0.0280645 0.0235558 0.0158879 0.00826598 0.00280645 0.00217768 0.000904811 0.00058276 9.20147e-05 0
 0 0 0 0 0 0 0 0 0 0 0 0 0 0 0 0 0 0 0 0 0 0 0 0 0 0 0 0 0 0 0 0 0 0 0 0
 0 0 0 0 0 0 0 0 0 0 0 0 0 0 0 0 0 0 0 0 0 0 0 0 0 0 0 0 0 0 0 0 0 0 0 0
 0 0 0 0 0 0 0 0 0 0 0 0 0 0 0 0 0 0 0 0 0 0 0 0 0 0 0 0 0 0 0 0 0 0 0 0
 0 0 0 0 0 0 0 0 0 0 0 0 0 0 0 0 0 0 0 0 0 0 0 0 0 0 0 0 0 0 0 0 0 0 0 0
 0 0 0 0 0 0 0 0 0 0 0 0 0 0 0 0 0 0 0 0 0 0 0 0 0 0 0 0 0 0 0 0 0 0 0 0
ppred_pel_tallas
 1.00836e-16 3.48854e-05 0.000204755 0.000973326 0.00374738 0.0116859 0.0295175 0.0603966 0.100113 0.134446 0.146296 0.129024 0.0923176 0.0537922 0.025947 0.0111579 0.00560163 0.00478196 0.00594382 0.00787956 0.0101011 0.0123219 0.0142843 0.0157507 0.0165449 0.0165895 0.0159212 0.0146751 0.0130467 0.0112437 0.00944476 0.00777482 0.00630075 0.00504165 0.00398661 0.00311146
 1.00883e-16 3.21485e-05 0.000188681 0.000896893 0.00345307 0.0107681 0.0271993 0.0556538 0.0922539 0.123899 0.134838 0.118964 0.0852181 0.0498539 0.0244185 0.0111354 0.00651504 0.00643606 0.00835776 0.0111302 0.0142263 0.0172703 0.0198953 0.0217626 0.0226279 0.0223971 0.0211468 0.0190992 0.0165627 0.0138583 0.0112555 0.00893526 0.00698316 0.00540677 0.00416484 0.00319587
 1.01604e-16 2.60342e-05 0.000152775 0.000726172 0.00279571 0.0087181 0.0220214 0.0450602 0.0746979 0.100334 0.109227 0.0964505 0.0692702 0.0408863 0.0207019 0.0105829 0.00776977 0.00897419 0.012148 0.016309 0.0209088 0.0254572 0.0294337 0.0323468 0.0338345 0.0337464 0.0321744 0.0294185 0.0259041 0.0220788 0.0183231 0.0148978 0.011935 0.00946096 0.00743596 0.00579216
 1.02329e-16 2.88462e-05 0.000169293 0.000804721 0.00309818 0.00966137 0.0244039 0.0499342 0.0827737 0.111169 0.120992 0.106764 0.0765149 0.0448358 0.0220996 0.0103177 0.00637836 0.00660406 0.00873243 0.0117422 0.0151601 0.0186356 0.0218127 0.0243492 0.0259793 0.0265689 0.0261372 0.0248381 0.0229103 0.0206143 0.0181788 0.0157697 0.0134861 0.011374 0.00944847 0.00771274
 1.0239e-16 2.92884e-05 0.000171889 0.000817062 0.0031457 0.00980953 0.0247782 0.0507 0.0840431 0.112874 0.122847 0.108402 0.0776886 0.0455235 0.0224378 0.0104725 0.00646629 0.00668157 0.00881621 0.0118266 0.0152249 0.0186484 0.0217321 0.0241297 0.02558 0.0259625 0.0253185 0.023829 0.0217594 0.0193909 0.0169625 0.0146384 0.0125042 0.0105842 0.00886842 0.00733598
 1.03152e-16 2.32421e-05 0.000136382 0.000648235 0.00249564 0.00778232 0.0196577 0.040224 0.0666822 0.0895717 0.0975227 0.0861432 0.0619286 0.036676 0.0187988 0.00998628 0.00780079 0.00932873 0.012753 0.0171908 0.0221249 0.0270688 0.0314948 0.0348974 0.0368963 0.0373194 0.0362345 0.0339158 0.0307626 0.0271971 0.0235786 0.0201537 0.0170501 0.0143014 0.011887 0.00976728
 1.02865e-16 3.01628e-05 0.000177027 0.000841498 0.0032398 0.010103 0.0255194 0.0522162 0.0865549 0.116243 0.126501 0.111597 0.0799152 0.0467008 0.0227818 0.0102391 0.00579731 0.00559627 0.00727121 0.00977776 0.012671 0.0156573 0.0184495 0.0207702 0.022399 0.0232154 0.0232171 0.0225056 0.0212485 0.0196315 0.0178186 0.0159303 0.0140418 0.0121953 0.0104168 0.00872918
 1.02464e-16 2.77778e-05 0.000163017 0.000774875 0.00298325 0.00930295 0.0234986 0.0480823 0.0797054 0.107053 0.116524 0.102851 0.0737745 0.0433582 0.0216089 0.0104845 0.00700825 0.00764977 0.0102242 0.0137177 0.0176174 0.021507 0.0249568 0.0275616 0.0290217 0.0292093 0.0281932 0.0262093 0.0235931 0.0206949 0.0178083 0.0151291 0.0127511 0.0106878 0.00890655 0.00736033
 1.01961e-16 3.10378e-05 0.000182162 0.000865906 0.00333377 0.010396 0.0262596 0.0537309 0.089066 0.119617 0.130175 0.114845 0.0822549 0.048096 0.0235134 0.0106515 0.00614098 0.00600693 0.00780669 0.0104482 0.0134481 0.0164738 0.0191997 0.0213185 0.0225977 0.0229284 0.0223449 0.0210054 0.019144 0.0170105 0.0148192 0.0127199 0.0107934 0.00906613 0.00753292 0.00617707
 1.02164e-16 2.67587e-05 0.000157032 0.000746414 0.00287366 0.00896119 0.0226354 0.0463163 0.0767789 0.103126 0.112258 0.0991054 0.071131 0.0418921 0.0210407 0.0104784 0.00735323 0.00827538 0.0111411 0.0149593 0.019204 0.0234261 0.0271545 0.0299437 0.031464 0.0315747 0.0303519 0.0280572 0.0250637 0.0217629 0.018486 0.015458 0.0127907 0.0105056 0.00857017 0.00693143
 1.03447e-16 2.16147e-05 0.000126827 0.000602807 0.00232072 0.00723684 0.0182799 0.037405 0.06201 0.0832991 0.0907022 0.0801397 0.0576589 0.0342404 0.0177227 0.00969486 0.00790913 0.00967249 0.0133031 0.0179744 0.0231823 0.0284349 0.0331895 0.0369203 0.039225 0.0399098 0.039024 0.0368273 0.03371 0.0300917 0.0263347 0.0226953 0.0193168 0.0162531 0.013506 0.0110584
 1.04748e-16 2.20434e-05 0.000129349 0.00061481 0.00236696 0.00738105 0.0186441 0.0381497 0.0632428 0.0849495 0.0924848 0.0816801 0.0586919 0.0347032 0.0176869 0.00923874 0.00704367 0.00834325 0.0114314 0.0155041 0.0201196 0.0248757 0.0293303 0.0330463 0.0356752 0.0370255 0.0370918 0.0360318 0.0341065 0.0316052 0.0287823 0.0258239 0.0228458 0.0199134 0.0170684 0.0143497
 1.03438e-16 2.87845e-05 0.000168933 0.000803012 0.00309161 0.00964087 0.0243521 0.0498281 0.0825974 0.110931 0.120729 0.106524 0.0763238 0.0446862 0.0219558 0.0101333 0.00610772 0.00620551 0.00817065 0.010993 0.0142182 0.0175223 0.0205807 0.023082 0.0247844 0.0255646 0.0254372 0.024536 0.0230669 0.0212509 0.0192756 0.0172702 0.0153049 0.0134071 0.0115845 0.00984414
 1.01128e-16 3.44148e-05 0.000201991 0.000960182 0.00369677 0.011528 0.0291189 0.059581 0.0987616 0.132632 0.144326 0.127296 0.0910995 0.05312 0.0256929 0.011168 0.00577933 0.00509452 0.00639378 0.00847688 0.0108458 0.0131955 0.0152472 0.016746 0.017507 0.0174565 0.0166471 0.0152389 0.0134554 0.0115288 0.00965311 0.00795734 0.00650144 0.00528999 0.00429431 0.00347365
 1.00425e-16 3.5971e-05 0.000211129 0.00100363 0.00386404 0.0120497 0.0304365 0.0622768 0.103229 0.138631 0.150848 0.133037 0.0951826 0.0554492 0.0267225 0.0114484 0.00568009 0.00477543 0.00588688 0.0077624 0.00989289 0.0119797 0.0137577 0.014988 0.0155011 0.0152353 0.0142515 0.0127144 0.0108495 0.00889047 0.0070325 0.0054054 0.00406842 0.00302277 0.00223279 0.0016473
 1.00578e-16 3.2465e-05 0.000190538 0.000905723 0.00348706 0.0108741 0.0274671 0.0562018 0.0931622 0.125119 0.136166 0.120136 0.0860592 0.0503486 0.0246654 0.0112551 0.0065933 0.00651695 0.00845802 0.0112517 0.014361 0.0174009 0.0199961 0.0218012 0.0225692 0.0222086 0.0208047 0.0185929 0.0158974 0.0130549 0.0103482 0.00796644 0.0059982 0.00444868 0.00326997 0.00239122
 1.01413e-16 2.71821e-05 0.000159517 0.000758226 0.00291914 0.009103 0.0229936 0.0470493 0.0779941 0.104758 0.114035 0.100676 0.0722609 0.0425631 0.0213876 0.0106666 0.00750323 0.00845266 0.0113751 0.015259 0.0195628 0.0238213 0.0275465 0.030278 0.031676 0.0315985 0.0301295 0.0275481 0.0242509 0.0206564 0.0171214 0.0138917 0.0110936 0.00875459 0.00684036 0.00528943
 1.02006e-16 2.98603e-05 0.000175247 0.00083303 0.00320718 0.0100013 0.0252625 0.0516909 0.0856851 0.115078 0.125242 0.110505 0.0791757 0.0463539 0.0227709 0.0105007 0.00631368 0.00639506 0.0083987 0.0112688 0.0145245 0.0178186 0.0208043 0.0231505 0.0246035 0.0250399 0.0244876 0.0231067 0.0211396 0.0188484 0.0164611 0.0141412 0.0119823 0.0100229 0.00826876 0.00671248
 1.02137e-16 2.87478e-05 0.000168713 0.000801959 0.00308754 0.00962816 0.0243201 0.0497629 0.0824904 0.110791 0.120586 0.10642 0.076299 0.0447706 0.0221806 0.0105428 0.00676441 0.00718306 0.00953765 0.012791 0.0164389 0.0200887 0.0233401 0.0258147 0.0272302 0.0274615 0.0265648 0.0247513 0.0223262 0.019611 0.0168785 0.0143153 0.0120163 0.0100041 0.00825858 0.00674484
 1.01982e-16 3.05465e-05 0.000179277 0.000852186 0.00328094 0.0102313 0.0258435 0.0528795 0.0876552 0.117723 0.128118 0.113037 0.080977 0.0473826 0.0232276 0.0106284 0.00627514 0.00625995 0.00817916 0.0109525 0.0140923 0.0172528 0.0200926 0.022289 0.0235986 0.0239088 0.0232584 0.0218168 0.019833 0.0175722 0.0152614 0.0130584 0.0110475 0.00925458 0.00767181 0.00627894
 1.01822e-16 3.05038e-05 0.000179025 0.000850989 0.00327633 0.0102169 0.0258071 0.0528053 0.0875324 0.117559 0.127942 0.112887 0.0808816 0.0473508 0.0232564 0.0107157 0.00642666 0.00648828 0.008498 0.0113699 0.0146046 0.0178401 0.0207176 0.0228996 0.0241351 0.0243135 0.0234857 0.0218419 0.0196554 0.0172152 0.014766 0.0124756 0.0104294 0.00864749 0.00711124 0.00578781
 1.019e-16 2.9695e-05 0.000174275 0.000828405 0.00318937 0.00994572 0.0251222 0.0514039 0.08521 0.114442 0.124554 0.109909 0.0787711 0.0461629 0.022762 0.0106381 0.0065858 0.00681417 0.00898611 0.0120384 0.0154694 0.0189031 0.0219608 0.0242855 0.0256104 0.0258166 0.0249561 0.0232274 0.0209178 0.0183319 0.0157285 0.0132864 0.011098 0.00918748 0.00753781 0.00611668
 1.01999e-16 2.97405e-05 0.000174543 0.00082968 0.00319428 0.00996103 0.0251609 0.051483 0.0853409 0.114617 0.124743 0.110072 0.0788813 0.046213 0.0227598 0.0105924 0.0064983 0.00667978 0.00879721 0.0117898 0.0151622 0.0185476 0.0215775 0.0239038 0.0252645 0.0255405 0.0247774 0.0231628 0.0209704 0.0184914 0.0159742 0.013591 0.0114326 0.00952541 0.00785762 0.00640338
 1.02208e-16 2.85137e-05 0.000167339 0.000795426 0.00306239 0.00954973 0.024122 0.0493575 0.0818185 0.109889 0.119604 0.105556 0.075682 0.0444147 0.0220159 0.0104844 0.00675413 0.00719447 0.00956419 0.0128355 0.0165083 0.0201919 0.0234867 0.0260139 0.027489 0.0277829 0.0269467 0.0251857 0.0227991 0.0201044 0.017372 0.0147885 0.0124517 0.0103885 0.00858459 0.00701048
 1.04571e-16 1.50004e-05 8.79848e-05 0.000418125 0.00160961 0.00501925 0.0126786 0.0259452 0.0430185 0.0578073 0.0629973 0.0557856 0.040408 0.0245415 0.0137055 0.0091018 0.00927223 0.0124237 0.0174056 0.0235706 0.0303893 0.0372439 0.0434253 0.0482445 0.0511769 0.0519758 0.0507167 0.0477531 0.043609 0.0388434 0.0339353 0.0292186 0.0248735 0.0209593 0.0174656 0.0143583
 1.06772e-16 2.22319e-05 0.000130464 0.000620131 0.00238748 0.00744506 0.0188057 0.0384796 0.063787 0.0856723 0.0932502 0.0823051 0.0590301 0.0346814 0.0172694 0.00836837 0.00561267 0.00620688 0.00845007 0.0115968 0.015317 0.0193598 0.0234482 0.0272864 0.0306046 0.0332004 0.0349611 0.0358587 0.0359271 0.035233 0.0338535 0.0318681 0.0293643 0.0264468 0.0232442 0.0199058
 1.04603e-16 2.88222e-05 0.000169156 0.000804077 0.00309572 0.00965369 0.0243845 0.0498942 0.0827063 0.111076 0.120882 0.106648 0.0763904 0.0446793 0.0218671 0.00994909 0.00580248 0.00574413 0.00751616 0.0101171 0.0131127 0.0162087 0.0191162 0.021559 0.0233229 0.0242981 0.0244949 0.0240253 0.0230594 0.0217741 0.0203115 0.0187596 0.0171558 0.0155062 0.0138101 0.0120777
pSPR Fmed_Fpbrs
0.49664   0.6 0.325
Fs Fmed_Fpbrs
0.64   0.41696 1.36407
SSBpbr Bo_Bmed_Bpbrs
1.56464e+06  698829  860551 430275
Ro
50011.1
SPR SPRFo_SPRFmed_SPRFpbrs
1.03294e+06 512999 335706
log_Ro
10.64
likeval ReclasPelacesDesembMPH_pf_preclas_ppelaces_ptallas_desvR_qrecl_qpela
 63.8151 0.000238876 0.0243336 58.2948 334.085 214.29 55.138 0 16.2606 3.75124e-05 1.46871e-05 4.20437e-15 0 0 0
q_reclas_q_pelaces
0.419832 1.72501
M
0.7
N
 47918.6 12245.4 4014.8 466.206 0.328433
 58044.6 21559.5 3521.45 972.787 111.688
 35346.3 26686.2 6988.21 998.512 304.611
 47462.6 15697.1 7140.06 1540.14 283.261
 73236.4 23081.2 6942.43 3045.23 775.683
 53108.3 36212.3 11192.5 3341.51 1838.1
 94981.9 25170.8 13889.9 3959.16 1821.6
 94594.2 45772.1 10586.1 5545.18 2299.24
 135034 44253.5 16336.8 3406.65 2505.76
 120533 62918.2 15446 5105.25 1833.01
 63577.2 57154 24196.9 5482.63 2448.74
 40692 28771.8 16974.4 6116.52 1981.94
 38268.1 18559.7 8923.29 4542.01 2144.33
 26777.6 16489.3 4201.58 1579.03 1162.53
 18989.1 9804.97 1516.09 227.643 142.997
 17325.7 7074.5 992.16 93.1597 21.9742
 13321.3 7788.08 2024.21 238.816 27.3749
 17864.3 6147.73 2577.8 589.973 76.8889
 21194.7 8449.63 2331.66 898.463 231.042
 32010.4 10134.8 3404.32 879.805 424.214
 49465 15320.9 4104.21 1293.2 493.098
 71006.5 24139.2 6908.45 1795.52 779.788
 103927 34549.5 10708.4 2958.15 1099.95
 134014 50490.1 15197 4534.42 1713.73
 50434.2 65163 22314.6 6475.42 2655.41
 69225.7 24588.7 29227.9 9694.49 3957.83
 117422 33735.4 11002 12657.4 5898.5
pred_Ctot
 3256.91 3823.98 1539.87 180.972 0.127572
 3109.9 5517.55 1121.71 313.892 36.0635
 2704.35 9168.42 2926.39 422.97 129.112
 707.626 1242.92 731.098 160.172 29.4829
 225.77 390.51 153.785 68.5726 17.4821
 1745.51 6015.68 2361.05 715.028 393.621
 2023.13 2797.53 1983.25 573.899 264.261
 3953.54 9435.73 2746.99 1458.73 605.283
 6014.72 9649.74 4472.22 945.248 695.774
 3922.11 10357.3 3229.81 1082.91 389.105
 4076.47 17012.6 8877.38 2036.24 910.049
 2397.41 7980.72 5831.13 2127.75 689.915
 3670.89 7592.45 4375.78 2250.53 1063.08
 5147.11 10581.4 3019.79 1141.79 840.886
 3467.69 6119.83 1065.87 161.07 101.212
 1187.96 2225.1 383.07 36.4017 8.59175
 679.818 1911.62 619.9 74.0977 8.49954
 612.212 1060.78 564.035 130.933 17.0769
 566.198 1160.36 409.111 159.979 41.171
 834.568 1360.72 584.364 153.266 73.9578
 615.197 1018.93 353.88 113.272 43.2265
 1031.31 1864.02 690.13 182.181 79.1861
 1621.97 2858.16 1144.74 321.169 119.52
 2010.24 4021.29 1565.04 474.284 179.397
 661.425 4561.28 2023.63 596.511 244.818
 929.412 1760.48 2710.26 913.138 373.104
 2323.5 3497.75 1467.74 1714.43 799.586
F
 0.098685 0.546281 0.717579 0.72962 0.730265
 0.0770637 0.426594 0.560361 0.569765 0.570268
 0.111718 0.618427 0.812348 0.825979 0.826709
 0.0209235 0.115824 0.152143 0.154696 0.154833
 0.00429473 0.0237739 0.0312287 0.0317528 0.0317808
 0.04665 0.258236 0.339211 0.344903 0.345208
 0.0300124 0.166137 0.218233 0.221895 0.222091
 0.0596605 0.330257 0.433816 0.441096 0.441485
 0.0636945 0.352588 0.463149 0.47092 0.471337
 0.0461758 0.255611 0.335763 0.341397 0.341699
 0.0928612 0.514043 0.675232 0.686563 0.687169
 0.0850367 0.47073 0.618337 0.628713 0.629268
 0.141906 0.785535 1.03186 1.04917 1.0501
 0.304678 1.68657 2.21543 2.25261 2.2546
 0.287369 1.59076 2.08958 2.12464 2.12652
 0.0995943 0.551315 0.724191 0.736343 0.736994
 0.0732816 0.405658 0.532861 0.541802 0.542281
 0.0486848 0.2695 0.354007 0.359947 0.360265
 0.0377695 0.209077 0.274638 0.279246 0.279493
 0.0368463 0.203966 0.267924 0.27242 0.272661
 0.0174273 0.0964706 0.126721 0.128847 0.128961
 0.0203784 0.112807 0.14818 0.150666 0.1508
 0.0219121 0.121297 0.159332 0.162006 0.162149
 0.0210525 0.116539 0.153082 0.15565 0.155788
 0.0183845 0.101769 0.133681 0.135924 0.136045
 0.0188244 0.104205 0.13688 0.139177 0.1393
 0.0278548 0.154193 0.202543 0.205942 0.206124
Np
 41447.4 19454.6 20615.1 4733.47 1938.85
YTP_r0W_actual
 38060.3 142953 85498.2 127365 65914.3
YTP_p0W_proyectada
 13434.5 240299 111583 44896 80266
 13434.5 82437.9 160203 47630.4 21666.2
CTP_r0_actual
 4641.5 6618.17 2722.87 3176.18 1481.22
CTP_p0_proyectada
 1638.35 11125 3553.6 1119.6 1803.73
 1638.35 3816.57 5101.99 1187.79 486.882
Wmedp
 8.2 21.6 31.4 40.1 44.5
nmprior
 10.8 10.6 4.6 0
nm_flota  nm_reclas  nm_pelaces    nm_pelaL
inf 15.4176 17.5667 55.2797
cv_recla  cv_pelaces  cv_mph
0.691819 0.564359 0.61217
 ------------------------------------------------
Talla a la edad & desviaci?n 
 7.2 14.2025 17.0495 18.207 18.6776
 1.08 2.13037 2.55742 2.73105 2.80164
