years
 1997 1998 1999 2000 2001 2002 2003 2004 2005 2006 2007 2008 2009 2010 2011 2012 2013 2014 2015 2016 2017 2018 2019 2020 2021 2022 2023
reclasobs
 0 0 0 370054 412103 1.49427e+06 250295 1.28982e+06 931140 785840 897777 1.04006e+06 184774 17550 25797 100020 73551 82996 120727 218422 84188 347160 605670 569463 516374 1.08416e+06 1.01767e+06
reclaspred
 417963 122251 407353 281245 348907 393074 840014 559649 643357 553855 429846 288059 173435 85606.1 69977 74162.9 90193.4 130039 144031 203825 306603 305039 556643 727069 843263 776338 739227
pelacesobs
 0 0 0 0 0 0 0 0 0 2.06254e+06 1.5e+06 0 1.87456e+06 323000 250000 174000 83755 137374 0 501740 490994 745055 786931 1.00524e+06 1.33801e+06 1.41789e+06 0
pelacespred
 1.50859e+06 391329 775824 830936 877606 829971 1.96082e+06 1.63758e+06 1.6626e+06 1.45114e+06 1.01553e+06 701690 419130 174307 142829 160513 203920 293371 334155 460874 769962 730855 1.10383e+06 1.65271e+06 1.91008e+06 1.95146e+06 1.76977e+06
mphobs
 0 0 0 0 0 0 112323 0 153150 637223 0 255016 313432 73983 77613 109348 50772 17779 17303 59886 28197 0 207744 136588 643089 65757 70829
mphpred
 150909 103200 134720 179083 165241 220824 325361 370358 324617 334566 291306 203083 122094 82856.8 44110.7 43409.9 50350.6 70948.5 28704.5 32926 50535 64198 87272.4 132614 173289 172035 150689
desembarqueobs
 350755 77701 442110 56441 14545 235359 269955 359681 431902 328805 639364 411747 362871 311530 167758 66681 60226 58785 57116 73181 50977 67692 138656 160484 209506 203330 245020
desembarquepred
 350767 77705.2 442161 56443.3 14545.2 235425 269988 359718 431945 328873 639772 412110 363487 311998 167803 66695.5 60247.9 58789.8 57114.3 73184.4 50977.2 67688.1 138657 160487 209519 203339 245020
Reclutas
 73286.8 90758 56265.7 75615.7 113292 83740.1 138157 132156 168218 136182 67685.3 41560.2 40372.3 27710.9 23058.2 26261.6 21492.7 28237.8 33287 53143.3 79112.6 115698 171899 219785 79891.4 109568 179413
log_desv_Rt
 0.0221361 0.235952 -0.24216 0.0534197 0.457725 0.155473 0.656145 0.611738 0.853018 0.641748 -0.0573761 -0.545102 -0.574102 -0.950418 -1.13422 -1.00414 -1.20453 -0.931582 -0.767079 -0.299252 0.0986268 0.478743 0.874664 1.1204 0.108423 0.424303 0.917446
SSB
 874440 597990 780632 1.03769e+06 957486 1.27956e+06 1.84073e+06 2.12672e+06 1.84678e+06 1.9049e+06 1.68797e+06 1.17676e+06 725807 377701 206209 204848 245181 334301 437530 522746 768798 954804 1.32847e+06 1.94219e+06 2.73984e+06 2.78483e+06 2.31389e+06
BT
 3.02142e+06 837355 1.64132e+06 1.56024e+06 1.59571e+06 1.68747e+06 3.72591e+06 3.3661e+06 3.39756e+06 2.93849e+06 2.4174e+06 1.64984e+06 1.11557e+06 615670 400290 344953 418374 576706 652246 891584 1.4318e+06 1.38191e+06 2.08683e+06 3.11466e+06 3.61068e+06 3.7029e+06 3.4096e+06
Ftot
 0.339744 0.247828 0.337855 0.0637992 0.0146047 0.16551 0.107614 0.213872 0.234777 0.185244 0.404733 0.379516 0.598904 1.0544 0.850229 0.30218 0.226019 0.153269 0.123213 0.123741 0.0589109 0.0721328 0.0774839 0.0737097 0.0658296 0.0716507 0.101985
BD_Bspro_t
 0.959489 0.811578 0.788345 0.696273 0.780809 0.862705 0.831443 0.83604 0.79132 0.761709 0.718054 0.57023 0.45759 0.342677 0.243209 0.283707 0.404208 0.566429 0.682684 0.762757 0.837565 0.893322 0.905888 0.91045 0.914359 0.891183 0.871662
BD_Bspro
 0.590621 0.403899 0.52726 0.700884 0.646712 0.864247 1.24328 1.43644 1.24736 1.28662 1.1401 0.794816 0.49023 0.255109 0.139279 0.13836 0.165602 0.225796 0.295519 0.353077 0.519267 0.644901 0.897284 1.31181 1.85056 1.88095 1.56286
BD_Bo
 0.289396 0.197904 0.25835 0.343423 0.316879 0.423468 0.609188 0.703835 0.611189 0.630427 0.558632 0.389448 0.240205 0.125 0.0682446 0.0677943 0.0811425 0.110637 0.1448 0.173002 0.254433 0.315992 0.439656 0.642768 0.906748 0.921638 0.76578
BD_Brms
 0.526174 0.359826 0.469726 0.624405 0.576144 0.769942 1.10761 1.2797 1.11125 1.14623 1.01569 0.708088 0.436737 0.227272 0.124081 0.123262 0.147532 0.201158 0.263273 0.31455 0.462606 0.57453 0.799375 1.16867 1.64863 1.67571 1.39233
S_f
 0.19729 1 1 1 1
 0.19729 1 1 1 1
 0.19729 1 1 1 1
 0.19729 1 1 1 1
 0.19729 1 1 1 1
 0.19729 1 1 1 1
 0.19729 1 1 1 1
 0.19729 1 1 1 1
 0.19729 1 1 1 1
 0.19729 1 1 1 1
 0.19729 1 1 1 1
 0.19729 1 1 1 1
 0.19729 1 1 1 1
 0.19729 1 1 1 1
 0.19729 1 1 1 1
 0.19729 1 1 1 1
 0.19729 1 1 1 1
 0.19729 1 1 1 1
 0.19729 1 1 1 1
 0.19729 1 1 1 1
 0.19729 1 1 1 1
 0.19729 1 1 1 1
 0.19729 1 1 1 1
 0.19729 1 1 1 1
 0.19729 1 1 1 1
 0.19729 1 1 1 1
 0.19729 1 1 1 1
Scru_reclas
 1 1 1 1 1
 1 1 1 1 1
 1 1 1 1 1
 1 1 1 1 1
 1 1 1 1 1
 1 1 1 1 1
 1 1 1 1 1
 1 1 1 1 1
 1 1 1 1 1
 1 1 1 1 1
 1 1 1 1 1
 1 1 1 1 1
 1 1 1 1 1
 1 1 1 1 1
 1 1 1 1 1
 1 1 1 1 1
 1 1 1 1 1
 1 1 1 1 1
 1 1 1 1 1
 1 1 1 1 1
 1 1 1 1 1
 1 1 1 1 1
 1 1 1 1 1
 1 1 1 1 1
 1 1 1 1 1
 1 1 1 1 1
 1 1 1 1 1
Scru_pelaces
 1 1 1 1 1
 1 1 1 1 1
 1 1 1 1 1
 1 1 1 1 1
 1 1 1 1 1
 1 1 1 1 1
 1 1 1 1 1
 1 1 1 1 1
 1 1 1 1 1
 1 1 1 1 1
 1 1 1 1 1
 1 1 1 1 1
 1 1 1 1 1
 1 1 1 1 1
 1 1 1 1 1
 1 1 1 1 1
 1 1 1 1 1
 1 1 1 1 1
 1 1 1 1 1
 1 1 1 1 1
 1 1 1 1 1
 1 1 1 1 1
 1 1 1 1 1
 1 1 1 1 1
 1 1 1 1 1
 1 1 1 1 1
 1 1 1 1 1
pf_obs 
 0.256992 0.487395 0.22802 0.0275931 0
 0.321318 0.546541 0.124235 0.00734118 0.000564706
 0.182869 0.594174 0.210203 0.0122559 0.00049798
 0.330522 0.361315 0.267642 0.0388342 0.00168674
 0.649043 0.306663 0.0425973 0.00169635 0
 0.582887 0.30429 0.105238 0.00758474 0
 0.465427 0.430635 0.0974691 0.00646863 0
 0.296916 0.608066 0.0921331 0.00288517 0
 0.311714 0.524322 0.152257 0.0117073 0
 0.15457 0.633149 0.183074 0.0267441 0.00246327
 0.131901 0.49318 0.331252 0.0422183 0.00144891
 0.196976 0.569456 0.194076 0.0375587 0.00193317
 0.518974 0.381816 0.0799577 0.0180837 0.00116848
 0.0928022 0.601141 0.25162 0.0475244 0.00691264
 0.122501 0.610282 0.24278 0.0234846 0.000952079
 0.383417 0.481906 0.127806 0.00687128 0
 0.0376549 0.599619 0.316969 0.0457579 0
 0.0361596 0.667082 0.258105 0.0386534 0
 0.158088 0.579412 0.248529 0.0139706 0
 0.0477256 0.309471 0.559284 0.082774 0.000745712
 0.0406174 0.521527 0.379366 0.0568643 0.0016247
 0.151134 0.462217 0.34131 0.0453401 0
 0.294876 0.26143 0.354403 0.0886775 0.000613685
 0.281977 0.475581 0.204845 0.0348837 0.00271318
 0.0841818 0.532909 0.334909 0.0458182 0.00218182
 0.115287 0.27431 0.454777 0.147771 0.00785563
 0 0 0 0 0
pf_pred 
 0.383403 0.435601 0.16191 0.0190744 1.11151e-05
 0.310733 0.542179 0.103912 0.0386235 0.00455284
 0.172696 0.594871 0.182832 0.035041 0.0145598
 0.243968 0.417965 0.243086 0.0747118 0.0202687
 0.275419 0.454548 0.149285 0.0868234 0.0339243
 0.170708 0.547153 0.176993 0.058129 0.0470171
 0.271294 0.38576 0.22627 0.073194 0.0434822
 0.21742 0.520067 0.138969 0.081513 0.0420322
 0.258146 0.451215 0.193145 0.051611 0.045883
 0.19228 0.535163 0.165776 0.0709615 0.0358192
 0.117671 0.500818 0.252774 0.0783012 0.0504358
 0.118974 0.395732 0.275457 0.139029 0.0708073
 0.185648 0.365871 0.201445 0.14022 0.106816
 0.205626 0.480628 0.14096 0.0776109 0.0951757
 0.268906 0.502202 0.138488 0.0406161 0.0497868
 0.304381 0.51277 0.125603 0.0346365 0.0226101
 0.211373 0.56637 0.163835 0.0401312 0.0182908
 0.257075 0.446493 0.212889 0.0615828 0.0219599
 0.247559 0.491199 0.157005 0.0748604 0.029377
 0.302195 0.445277 0.164852 0.0526927 0.0349833
 0.301911 0.487917 0.134113 0.0496519 0.0264072
 0.29452 0.488476 0.151671 0.0416894 0.0236432
 0.296846 0.48245 0.152816 0.047449 0.0204388
 0.267263 0.504888 0.156333 0.0495185 0.0219983
 0.0896307 0.597659 0.215471 0.0667181 0.0305213
 0.161217 0.284785 0.3637 0.131123 0.0591742
 0.255388 0.373454 0.126016 0.160936 0.0842059
pobs_RECLAS
 0 0 0 0 0
 0 0 0 0 0
 0 0 0 0 0
 0 0 0 0 0
 0.835266 0.146461 0.0176864 0.000547809 3.91292e-05
 0.385257 0.428462 0.181853 0.0044286 0
 0.867414 0.0963971 0.0333333 0.00285562 0
 0.441836 0.489002 0.0689373 0.000224442 0
 0.779404 0.147425 0.0564933 0.0165055 0.000172143
 0.814271 0.122319 0.05973 0.00367925 0
 0.40263 0.566651 0.0304383 0.000280538 0
 0.475488 0.404961 0.113038 0.00651328 0
 0.955842 0.0263864 0.0167828 0.000988607 0
 0.975058 0.0227948 0.00214734 0 0
 0.738997 0.206755 0.0527124 0.00153531 0
 0.850938 0.134255 0.0134407 0.00136685 0
 0.542534 0.407297 0.0501686 0 0
 0.764087 0.199537 0.0359546 0.000420521 0
 0.470689 0.182191 0.310203 0.0369168 0
 0.84361 0.089868 0.0606195 0.00523954 0.000663233
 0.607945 0.314616 0.071237 0.00620181 0
 0.523733 0.453247 0.0230204 0 0
 0.530135 0.295979 0.169645 0.0042399 0
 0.562478 0.366248 0.0663022 0.0049721 0
 0.250443 0.683176 0.0655157 0.000865301 0
 0.195077 0.31981 0.436473 0.0351445 0.0134964
 0.565238 0.351407 0.0832357 0.000118908 0
ppred_RECLAS
 0.76282 0.167558 0.0622803 0.00733717 4.27554e-06
 0.698524 0.237142 0.0454499 0.0168934 0.00199135
 0.519129 0.345769 0.106271 0.0203676 0.00846289
 0.62132 0.20935 0.121757 0.0374215 0.0101522
 0.658466 0.214253 0.0703661 0.0409245 0.0159903
 0.5128 0.321446 0.103982 0.0341501 0.027622
 0.654858 0.18271 0.10717 0.0346674 0.0205948
 0.587593 0.274067 0.0732342 0.0429561 0.0221503
 0.641181 0.218243 0.0934202 0.0249631 0.0221926
 0.549278 0.29863 0.0925061 0.0395978 0.0199878
 0.409397 0.335232 0.169199 0.0524124 0.0337602
 0.411951 0.264135 0.183856 0.0927964 0.047261
 0.5464 0.203793 0.112206 0.0781033 0.0594973
 0.589662 0.248271 0.0728133 0.0400903 0.0491635
 0.66595 0.229466 0.063278 0.0185583 0.0227485
 0.69299 0.22631 0.0554345 0.0152868 0.00997893
 0.579054 0.302312 0.0874502 0.0214209 0.0097631
 0.638737 0.217117 0.103522 0.029946 0.0106785
 0.626614 0.243749 0.0779109 0.0371482 0.0145778
 0.68838 0.198848 0.0736184 0.0235311 0.0156226
 0.687345 0.218525 0.0600655 0.0222377 0.011827
 0.679854 0.22167 0.0688279 0.0189186 0.0107292
 0.682341 0.217953 0.0690368 0.0214357 0.00923351
 0.6498 0.241303 0.0747168 0.0236666 0.0105138
 0.333622 0.437478 0.157722 0.0488368 0.0223411
 0.494352 0.171678 0.219251 0.0790456 0.0356723
 0.636022 0.18255 0.0615987 0.078668 0.0411611
pobs_PELACES
 0 0 0 0 0
 0 0 0 0 0
 0 0 0 0 0
 0 0 0 0 0
 0 0 0 0 0
 0 0 0 0 0
 0 0 0 0 0
 0 0 0 0 0
 0 0 0 0 0
 0 0 0 0 0
 0.450072 0.473896 0.0757376 0.000293798 0
 0 0 0 0 0
 0.463077 0.371075 0.160297 0.00555027 0
 0.529543 0.364841 0.0842815 0.0213345 0
 0.631943 0.363953 0.00410389 0 0
 0.735681 0.248677 0.0153453 0.000297389 0
 0.695825 0.281241 0.0229344 0 0
 0.275771 0.60734 0.115278 0.00161068 0
 0 0 0 0 0
 0.896147 0.0623911 0.0374545 0.00400742 0
 0.803859 0.145111 0.0509908 3.86294e-05 0
 0.739449 0.233085 0.0266225 0.000797448 4.60066e-05
 0.878498 0.100942 0.0204185 0.000141795 0
 0.694673 0.275183 0.0284847 0.00165964 0
 0.469039 0.446079 0.0841089 0.000773354 0
 0.822795 0.102175 0.0682046 0.00682512 0
 0 0 0 0 0
ppred_PELACES
 0.778716 0.156329 0.0581063 0.00684543 3.989e-06
 0.712166 0.226411 0.0433932 0.016129 0.00190124
 0.541417 0.329743 0.101345 0.0194236 0.00807063
 0.625288 0.207156 0.120481 0.0370294 0.0100458
 0.659335 0.213708 0.0701869 0.0408204 0.0159496
 0.523746 0.314224 0.101645 0.0333829 0.0270014
 0.661272 0.179315 0.105178 0.0340231 0.020212
 0.60125 0.264991 0.070809 0.0415335 0.0214168
 0.65536 0.209619 0.0897286 0.0239767 0.0213156
 0.561395 0.290602 0.0900192 0.0385333 0.0194504
 0.435549 0.320388 0.161707 0.0500915 0.0322653
 0.436501 0.253108 0.176181 0.0889223 0.0452879
 0.585352 0.186293 0.102571 0.0713964 0.0543881
 0.655176 0.208632 0.061188 0.0336895 0.041314
 0.714051 0.196424 0.0541662 0.015886 0.0194728
 0.709752 0.213954 0.0524079 0.0144521 0.0094341
 0.593575 0.291884 0.0844336 0.0206819 0.00942632
 0.648052 0.211519 0.100853 0.0291738 0.0104031
 0.634219 0.238785 0.0763241 0.0363916 0.0142809
 0.695367 0.194389 0.0719676 0.0230034 0.0152723
 0.690689 0.216188 0.0594231 0.0219999 0.0117006
 0.683999 0.2188 0.0679369 0.0186737 0.0105903
 0.686773 0.214912 0.0680735 0.0211366 0.00910468
 0.65423 0.238251 0.0737716 0.0233672 0.0103808
 0.33751 0.434926 0.156801 0.0485518 0.0222108
 0.499097 0.170067 0.217194 0.0783039 0.0353376
 0.642253 0.179425 0.0605442 0.0773214 0.0404565
pobs_pel_tallas
 0 0 0 0 0 0 0 0 0 0 0 0 0 0 0 0 0 0 0 0 0 0 0 0 0 0 0 0 0 0 0 0 0 0 0 0
 0 0 0 0 0 0 0 0 0 0 0 0 0 0 0 0 0 0 0 0 0 0 0 0 0 0 0 0 0 0 0 0 0 0 0 0
 0 0 0 0 0 0 0 0 0 0 0 0 0 0 0 0 0 0 0 0 0 0 0 0 0 0 0 0 0 0 0 0 0 0 0 0
 0 0 0 0 0 0 0 0 0 0 0 0 0 0 0 0 0 0 0 0 0 0 0 0 0 0 0 0 0 0 0 0 0 0 0 0
 0 0 0 0 0 0 0 0 0 0 0 0 0 0 0 0 0 0 0 0 0 0 0 0 0 0 0 0 0 0 0 0 0 0 0 0
 0 0 0 0 0 0 0 0 0 0 0 0 0 0 0 0 0 0 0 0 0 0 0 0 0 0 0 0 0 0 0 0 0 0 0 0
 0 0 0 0 0 0 0 0 0 0 0 0 0 0 0 0 0 0 0 0 0 0 0 0 0 0 0 0 0 0 0 0 0 0 0 0
 0 0 0 0 0 0 0 0 0 0 0 0 0 0 0 0 0 0 0 0 0 0 0 0 0 0 0 0 0 0 0 0 0 0 0 0
 0 0 0 0 0 0 0 0 0 0 0 0 0 0 0 0 0 0 0 0 0 0 0 0 0 0 0 0 0 0 0 0 0 0 0 0
 0 0 0 0 0 0 0 0 0 0 0 0 0 0 0 0 0 0 0 0 0 0 0 0 0 0 0 0 0 0 0 0 0 0 0 0
 0 0 0 0 0 0 0 0 1.78061e-05 0.00172719 0.00360574 0.0105946 0.0120993 0.0124554 0.0147524 0.0171206 0.0266825 0.0428682 0.0675386 0.121331 0.153587 0.119568 0.100827 0.0573624 0.0630603 0.0341343 0.0324427 0.0444173 0.0211091 0.0280891 0.0125444 0.00206551 0 0 0 0
 0 0 0 0 0 0 0 0 0 0 0 0 0 0 0 0 0 0 0 0 0 0 0 0 0 0 0 0 0 0 0 0 0 0 0 0
 0 0 0 0 0 0 0.0133647 0.0140871 0.0187388 0.0205184 0.03894 0.0496705 0.03968 0.0493445 0.0407372 0.0367815 0.0215668 0.0243155 0.0234873 0.0199281 0.019796 0.0243948 0.0301388 0.0376714 0.0412746 0.0863199 0.0771752 0.113111 0.0741005 0.0525337 0.0229764 0.00759418 0.00175318 0 0 0
 0 0 0 0 0 0 0 0 0 0 0.00219441 0.00772107 0.0458388 0.0604681 0.0671733 0.0775358 0.0609151 0.0617685 0.073594 0.0568108 0.0755445 0.0548602 0.0670107 0.0636378 0.0643287 0.046367 0.0373049 0.0286899 0.0247887 0.0153202 0.00654259 0.00121912 0.000365735 0 0 0
 0 0 0 0 0 0 0 0 0 0 0 0 0.000112435 0.00938835 0.0111873 0.0202946 0.0414886 0.0713402 0.111592 0.104902 0.108894 0.110636 0.117776 0.105296 0.107544 0.0401394 0.0192827 0.0124803 0.00416011 0.0028671 0.000618394 0 0 0 0 0
 0 0 0 0 0 0 0 0 0 0 0.00291406 0.0102884 0.027416 0.0768956 0.0749926 0.110853 0.0956884 0.0897413 0.0766577 0.0534642 0.0500743 0.0551293 0.0594112 0.0620874 0.0668451 0.0424026 0.0208742 0.0120726 0.0048766 0.00582813 0.00118941 0.000297354 0 0 0 0
 0 0.00264628 0.0354308 0.0461629 0.0458689 0.0383711 0.0214643 0.0164657 0.0346957 0.0420465 0.0363128 0.0245516 0.0311673 0.0291091 0.0169068 0.0133784 0.00837989 0.0085269 0.0148486 0.0160247 0.0276389 0.0546898 0.0760071 0.122758 0.109233 0.0665981 0.0333725 0.0166128 0.00676272 0.00308733 0.000882094 0 0 0 0 0
 0 0 0 0 0 0 0 0.000805153 0.000690131 0.00759144 0.0133425 0.0154129 0.00931677 0.000345066 0.00356568 0.00563607 0.00851162 0.0253048 0.0502646 0.0516448 0.0657925 0.0565908 0.0611916 0.0827007 0.0866115 0.110766 0.145733 0.0935128 0.0569358 0.0249597 0.0138026 0.00621118 0.00161031 0.00115022 0 0
 0 0 0 0 0 0 0 0 0 0 0 0 0 0 0 0 0 0 0 0 0 0 0 0 0 0 0 0 0 0 0 0 0 0 0 0
 0.00147267 0.00158595 0.00478618 0.00569244 0.00954404 0.0108468 0.00647125 0.017049 0.0510054 0.094081 0.124002 0.0959785 0.0687766 0.0820023 0.061753 0.0591476 0.0492212 0.0479892 0.0443925 0.0268479 0.0217502 0.0140895 0.0121071 0.0120363 0.00920419 0.00665534 0.0049561 0.00860946 0.00930331 0.0156896 0.0114698 0.00855282 0.00243557 0.00046729 0 2.83206e-05
 0 0 0 0 0.000772559 0.00158375 0.000888443 0.00281984 0.00712685 0.0440552 0.0773331 0.111326 0.0921469 0.0852325 0.0710754 0.0886704 0.0786465 0.0553345 0.0373146 0.0185414 0.00753245 0.00457741 0.012979 0.0271748 0.0457355 0.0583668 0.034881 0.0177882 0.00938659 0.00492506 0.0015258 0.00185414 0.000309023 5.79419e-05 3.86279e-05 0
 0 0.00173294 0.00326652 0 0.00397197 0.00683976 0.00946217 0.0152591 0.00757587 0.0136028 0.0228656 0.0392903 0.0559909 0.0764795 0.0681675 0.0726916 0.0566044 0.0477403 0.0527397 0.0444891 0.0609904 0.0582453 0.0661739 0.0445044 0.0529084 0.0360697 0.0280645 0.0235558 0.0158879 0.00826598 0.00280645 0.00217768 0.000904811 0.00058276 9.20147e-05 0
 0 0 0 0 0 0 0 0 0 0 0 0 0 0 0 0 0 0 0 0 0 0 0 0 0 0 0 0 0 0 0 0 0 0 0 0
 0 0 0 0 0 0 0 0 0 0 0 0 0 0 0 0 0 0 0 0 0 0 0 0 0 0 0 0 0 0 0 0 0 0 0 0
 0 0 0 0 0 0 0 0 0 0 0 0 0 0 0 0 0 0 0 0 0 0 0 0 0 0 0 0 0 0 0 0 0 0 0 0
 0 0 0 0 0 0 0 0 0 0 0 0 0 0 0 0 0 0 0 0 0 0 0 0 0 0 0 0 0 0 0 0 0 0 0 0
 0 0 0 0 0 0 0 0 0 0 0 0 0 0 0 0 0 0 0 0 0 0 0 0 0 0 0 0 0 0 0 0 0 0 0 0
ppred_pel_tallas
 1.01112e-16 3.39748e-05 0.000199408 0.000947905 0.0036495 0.0113806 0.0287466 0.0588191 0.0974986 0.130936 0.142479 0.125664 0.0899257 0.0524242 0.0253358 0.0109795 0.00563787 0.00493769 0.00619961 0.00824814 0.0106042 0.0129805 0.0151137 0.0167581 0.0177272 0.0179331 0.0174018 0.0162591 0.0146927 0.0129055 0.011074 0.00932506 0.00773112 0.00632034 0.00509324 0.00403802
 1.01333e-16 3.10757e-05 0.000182382 0.000866945 0.00333776 0.0104085 0.026291 0.0537955 0.0891738 0.119764 0.130341 0.115005 0.0824003 0.0482423 0.0236984 0.0109249 0.00655662 0.00661683 0.00865347 0.0115539 0.014801 0.0180178 0.020831 0.0228932 0.0239502 0.023898 0.022804 0.0208823 0.0184344 0.0157755 0.0131713 0.0108015 0.00875358 0.00704063 0.00563022 0.00447213
 1.02591e-16 2.36346e-05 0.000138686 0.000659189 0.00253781 0.00791383 0.0199899 0.0409037 0.0678089 0.0910846 0.0991687 0.0875943 0.0629656 0.0372777 0.0190841 0.0101004 0.007845 0.0093528 0.0127746 0.0172129 0.0221434 0.027075 0.0314752 0.034834 0.0367671 0.0371005 0.0359022 0.0334503 0.0301507 0.0264356 0.0226757 0.0191298 0.0159364 0.0131376 0.0107165 0.00863345
 1.0352e-16 2.72868e-05 0.000160139 0.000761204 0.00293063 0.00913887 0.0230841 0.0472338 0.0782974 0.105158 0.11445 0.100996 0.0723882 0.0424331 0.0209453 0.00983193 0.00615639 0.00644842 0.00857824 0.011591 0.0150501 0.0186327 0.022006 0.0248436 0.0268824 0.0279736 0.0281046 0.027383 0.0259941 0.0241465 0.0220269 0.0197754 0.0174843 0.0152108 0.0129964 0.0108795
 1.03214e-16 2.87715e-05 0.000168855 0.000802642 0.00309018 0.00963641 0.0243409 0.0498052 0.0825596 0.110881 0.120677 0.106484 0.0763076 0.0447016 0.0220094 0.0102347 0.00627121 0.00644845 0.00850897 0.0114355 0.0147608 0.0181434 0.0212399 0.0237231 0.0253426 0.0259769 0.0256536 0.0245282 0.0228331 0.0208147 0.0186804 0.0165711 0.0145591 0.0126665 0.0108903 0.00922425
 1.03955e-16 2.28633e-05 0.00013416 0.000637674 0.00245498 0.00765553 0.0193375 0.0395686 0.0655954 0.0881112 0.0959309 0.0847331 0.0609061 0.036053 0.0184478 0.00975023 0.00756078 0.0090142 0.0123275 0.0166413 0.0214611 0.0263262 0.030736 0.0342083 0.0363765 0.0370674 0.0363323 0.0344148 0.0316749 0.028495 0.0251989 0.0220086 0.0190391 0.016324 0.0138524 0.0116015
 1.03666e-16 2.88546e-05 0.000169347 0.000804983 0.00309921 0.00966456 0.0244119 0.0499504 0.0827994 0.111201 0.121017 0.106766 0.0764724 0.0447223 0.0218796 0.00994196 0.00578413 0.00572124 0.00749708 0.010115 0.0131466 0.0163031 0.019297 0.0218472 0.0237266 0.0248047 0.0250664 0.0245984 0.0235517 0.0220963 0.0203826 0.0185219 0.016586 0.0146204 0.0126607 0.0107442
 1.0352e-16 2.62408e-05 0.000153993 0.000731975 0.00281808 0.00878785 0.0221975 0.0454202 0.0752929 0.101128 0.110079 0.0971727 0.069723 0.0410213 0.020527 0.0100988 0.00693524 0.00771126 0.0103703 0.0139568 0.0179821 0.0220412 0.0257108 0.0285874 0.0303669 0.0309103 0.0302676 0.0286507 0.0263671 0.0237397 0.0210382 0.0184424 0.0160396 0.0138472 0.0118462 0.0100102
 1.03162e-16 2.85981e-05 0.000167837 0.000797803 0.00307155 0.00957831 0.0241941 0.0495049 0.0820618 0.110213 0.119949 0.105841 0.0758455 0.0444283 0.0218705 0.0101637 0.0062211 0.00639582 0.00844673 0.0113665 0.0146954 0.0180987 0.0212382 0.0237887 0.0254974 0.0262351 0.026017 0.0249837 0.0233535 0.0213624 0.0192137 0.017051 0.0149555 0.0129621 0.0110818 0.0093206
 1.03606e-16 2.4504e-05 0.000143794 0.000683482 0.00263136 0.00820557 0.0207268 0.0424111 0.0703062 0.0944346 0.102804 0.0907763 0.0651901 0.0384684 0.0194613 0.0099256 0.00726684 0.00839675 0.0113997 0.0153699 0.0198151 0.0243013 0.028364 0.0315579 0.0335446 0.0341655 0.0334695 0.0316833 0.0291412 0.0261973 0.0231513 0.0202076 0.0174716 0.0149728 0.0126999 0.0106309
 1.05629e-16 1.90179e-05 0.000111583 0.000530339 0.00204171 0.00636675 0.0160822 0.0329081 0.0545559 0.0732887 0.0798096 0.0705333 0.0507861 0.0302378 0.0157977 0.00888111 0.0075313 0.00940008 0.0130259 0.0176926 0.0229567 0.0283728 0.033438 0.0376544 0.0406263 0.0421388 0.0421906 0.0409675 0.0387721 0.0359377 0.032755 0.0294336 0.0261005 0.022823 0.0196411 0.0165921
 1.07755e-16 1.90566e-05 0.000111817 0.000531465 0.00204606 0.00638036 0.0161164 0.0329778 0.0546696 0.0734357 0.0799548 0.0706263 0.0507762 0.0300782 0.0154344 0.00823804 0.00650606 0.00787481 0.0108917 0.0148824 0.0194815 0.0243498 0.0291032 0.0333493 0.0367577 0.039119 0.0403707 0.0405799 0.0398966 0.0384961 0.036534 0.0341263 0.0313557 0.028292 0.0250143 0.021623
 1.06512e-16 2.55443e-05 0.000149912 0.000712587 0.00274346 0.00855517 0.0216097 0.0442169 0.0732964 0.0984409 0.107139 0.0945413 0.0677572 0.0397088 0.0195836 0.00916683 0.00571117 0.0059729 0.00796797 0.0108182 0.0141368 0.0176482 0.0210692 0.0241186 0.0265649 0.0282682 0.0291969 0.0294122 0.029031 0.0281808 0.0269652 0.0254506 0.0236731 0.0216575 0.019438 0.0170715
 1.04025e-16 2.85899e-05 0.00016779 0.000797577 0.00307068 0.00957561 0.0241873 0.0494909 0.0820385 0.110181 0.119914 0.105808 0.0758188 0.0444056 0.0218457 0.0101285 0.00616559 0.0063089 0.00831567 0.0111777 0.0144358 0.0177587 0.0208149 0.0232895 0.0249429 0.0256605 0.0254716 0.0245271 0.0230494 0.0212698 0.0193783 0.0174969 0.0156801 0.0139354 0.0122497 0.0106127
 1.02289e-16 3.11567e-05 0.00018286 0.000869225 0.00334655 0.0104359 0.0263603 0.0539369 0.0894073 0.120075 0.130673 0.115282 0.082564 0.0482685 0.023582 0.0106555 0.00610483 0.00593787 0.00770133 0.0102989 0.013247 0.0162154 0.018883 0.0209487 0.0221869 0.022496 0.0219165 0.0206109 0.0188145 0.0167746 0.0146996 0.0127296 0.010934 0.00932744 0.00789397 0.00660924
 1.01752e-16 3.09699e-05 0.000181762 0.000864001 0.00332643 0.0103731 0.0262018 0.0536127 0.0888706 0.119355 0.129895 0.114605 0.0821013 0.0480421 0.0235536 0.010781 0.00636725 0.00634821 0.00828314 0.0110716 0.0142126 0.0173493 0.02013 0.0222258 0.0233927 0.0235251 0.0226762 0.0210355 0.018874 0.0164767 0.0140848 0.0118621 0.00989071 0.00818737 0.00672997 0.0054824
 1.02445e-16 2.59073e-05 0.000152033 0.000722648 0.00278215 0.00867582 0.0219146 0.0448415 0.0743345 0.0998437 0.108688 0.0959615 0.0688909 0.0406059 0.0204565 0.0102904 0.00735408 0.00837246 0.0113132 0.0152172 0.0195695 0.0239239 0.027808 0.0307714 0.0324761 0.0327703 0.031717 0.0295637 0.0266705 0.0234191 0.0201352 0.017044 0.0142635 0.011826 0.00971281 0.00788596
 1.0299e-16 2.82795e-05 0.000165967 0.000788909 0.00303731 0.00947152 0.0239244 0.048953 0.0811472 0.108985 0.118614 0.104666 0.0750103 0.043953 0.0216626 0.0101116 0.00625069 0.00647683 0.00857591 0.0115521 0.0149486 0.0184292 0.021652 0.0242859 0.026071 0.0268704 0.0266919 0.0256702 0.0240195 0.0219751 0.0197431 0.017473 0.0152553 0.0131354 0.0111352 0.00927028
 1.0308e-16 2.76773e-05 0.000162429 0.000772087 0.00297253 0.0092695 0.0234141 0.0479092 0.0794177 0.106665 0.116096 0.102461 0.0734663 0.0431214 0.0213882 0.0102093 0.00661141 0.0070744 0.00942768 0.0126792 0.0163491 0.0200636 0.0234385 0.026107 0.0277902 0.0283553 0.0278394 0.0264246 0.0243813 0.0219962 0.0195121 0.0170952 0.0148319 0.012748 0.0108373 0.00908577
 1.0259e-16 3.03419e-05 0.000178077 0.000846486 0.003259 0.0101629 0.0256706 0.0525258 0.0870685 0.116934 0.127257 0.112271 0.0804148 0.0470267 0.0230034 0.010443 0.00605447 0.00595514 0.00776088 0.0104081 0.0134283 0.0164994 0.0193048 0.021544 0.0229863 0.0235188 0.0231653 0.0220678 0.0204404 0.0185124 0.01648 0.0144795 0.012585 0.0108234 0.00919622 0.00769832
 1.02217e-16 3.01387e-05 0.000176882 0.000840801 0.0032371 0.0100946 0.0254982 0.0521731 0.0864845 0.116152 0.12641 0.111537 0.0799148 0.0467869 0.0229836 0.0105975 0.00636735 0.00644024 0.00844442 0.0113094 0.0145443 0.0177943 0.0207067 0.0229493 0.0242731 0.0245661 0.0238736 0.0223763 0.0203356 0.0180276 0.0156858 0.013469 0.0114577 0.00967112 0.00809349 0.00669806
 1.02173e-16 2.98472e-05 0.00017517 0.000832661 0.00320576 0.00999684 0.0252513 0.051668 0.0856474 0.115028 0.125189 0.110462 0.0791516 0.0463539 0.022797 0.0105558 0.00640348 0.00652717 0.00857937 0.0114993 0.0147975 0.0181167 0.0210995 0.0234078 0.0247867 0.0251189 0.0244457 0.0229453 0.0208793 0.0185254 0.0161206 0.0138288 0.0117363 0.00986844 0.00821541 0.00675508
 1.02189e-16 2.9968e-05 0.00017588 0.000836036 0.00321876 0.0100374 0.0253536 0.0518774 0.0859944 0.115493 0.125694 0.110905 0.0794635 0.046525 0.0228595 0.0105484 0.00635004 0.00643467 0.00844555 0.0113199 0.014571 0.0178469 0.0207965 0.0230876 0.0244692 0.0248248 0.0241931 0.0227471 0.020741 0.0184457 0.016092 0.0138401 0.0117748 0.00992217 0.00827415 0.00681136
 1.02413e-16 2.85499e-05 0.000167552 0.000796441 0.0030663 0.00956192 0.0241528 0.0494205 0.0819226 0.110028 0.119754 0.105684 0.0757654 0.0444462 0.0219994 0.0104233 0.00664553 0.00702944 0.00933216 0.0125293 0.0161285 0.0197504 0.0230081 0.0255338 0.02705 0.0274283 0.0267133 0.025098 0.0228656 0.0203173 0.0177097 0.01522 0.0129418 0.0109025 0.00909196 0.00748705
 1.05074e-16 1.47476e-05 8.6502e-05 0.000411078 0.00158248 0.00493465 0.0124649 0.0255078 0.0422933 0.0568326 0.0619344 0.0548431 0.0397224 0.0241194 0.0134601 0.00892578 0.00908328 0.0121717 0.0170639 0.0231298 0.0298578 0.0366505 0.0428204 0.0476963 0.0507635 0.0517733 0.0507861 0.04813 0.0442968 0.0398138 0.0351333 0.0305718 0.0263025 0.0223879 0.0188285 0.0156055
 1.07481e-16 2.17829e-05 0.000127829 0.000607607 0.00233926 0.0072947 0.0184259 0.0377024 0.0624984 0.0839411 0.0913645 0.0806375 0.057827 0.0339606 0.0168851 0.00814166 0.00541185 0.00595845 0.00812007 0.0111759 0.0148163 0.0188127 0.0229104 0.0268326 0.0303199 0.0331679 0.0352479 0.0365043 0.0369366 0.0365759 0.0354686 0.0336729 0.0312661 0.0283541 0.0250757 0.0215965
 1.05466e-16 2.80251e-05 0.000164477 0.000781834 0.00301008 0.00938662 0.0237099 0.0485139 0.0804183 0.108003 0.117538 0.1037 0.0742808 0.0434507 0.0212759 0.00969849 0.00568443 0.00565596 0.00742207 0.0100143 0.0130161 0.0161472 0.0191312 0.021702 0.0236501 0.0248632 0.0253407 0.0251758 0.0245149 0.023509 0.0222761 0.020885 0.0193617 0.017709 0.015931 0.0140497
pSPR Fmed_Fpbrs
0.442221   0.6 0.325
Fs Fmed_Fpbrs
0.64   0.343977 1.04787
SSBpbr Bo_Bmed_Bpbrs
3.02161e+06  1.18514e+06  1.66189e+06 830943
Ro
71682.4
SPR SPRFo_SPRFmed_SPRFpbrs
1.48054e+06 654728 481177
log_Ro
11
likeval ReclasPelacesDesembMPH_pf_preclas_ppelaces_ptallas_desvR_qrecl_qpela
 69.9299 0.000269395 0.0338304 61.5231 340.202 221.614 55.8667 0 17.2404 0.000105292 3.50799e-09 7.37022e-16 0 0 0
q_reclas_q_pelaces
0.233621 0.991609
M
0.7
N
 73286.8 18449.7 6857.63 807.89 0.470776
 90758 34033.7 6522.81 2424.48 285.792
 56265.7 42918.5 13190.9 2528.12 1050.45
 75615.7 26139 15202.3 4672.38 1267.58
 113292 37080 12178 7082.66 2767.39
 83740.1 56097.4 18146.4 5959.73 4820.47
 138157 40248.1 23607.8 7636.68 4536.71
 132156 67165.4 17947.5 10527.2 5428.36
 168218 62915.2 26931.2 7196.38 6397.69
 136182 79753.8 24705.1 10575.2 5338.03
 67685.3 65199.1 32907.5 10193.7 6566.01
 41560.2 31032 21600.4 10902.2 5552.47
 40372.3 19149.3 10543.4 7338.96 5590.64
 27710.9 17814 5224.52 2876.57 3527.59
 23058.2 11176.4 3082.03 903.903 1107.99
 26261.6 9682.1 2371.62 654.005 426.923
 21492.7 12286.4 3554.09 870.572 396.785
 28237.8 10207.5 4866.96 1407.87 502.035
 33287 13604.8 4348.59 2073.42 813.659
 53143.3 16132.8 5972.77 1909.11 1267.48
 79112.6 25753.7 7078.88 2620.78 1393.85
 115698 38832.2 12057.3 3314.16 1879.55
 171899 56642.3 17941.5 5570.79 2399.63
 219785 84067.6 26030.6 8245.21 3662.89
 79891.4 107566 38780.3 12007.9 5493.19
 109568 39161 50012.7 18030.8 8137.09
 179413 53646.3 18102.1 23118.3 12096.1
pred_Ctot
 3430.2 3897.2 1448.56 170.654 0.0994439
 3123.37 5449.78 1044.49 388.23 45.7635
 2619.31 9022.49 2773.03 531.471 220.83
 680.687 1166.15 678.226 208.451 56.5509
 234.462 386.953 127.085 73.912 28.8794
 1938.39 6212.93 2009.76 660.055 533.879
 2089.8 2971.54 1742.98 563.82 334.947
 3936.43 9415.93 2516.06 1475.81 761.003
 5490.42 9596.76 4107.95 1097.7 975.871
 3522.13 9802.96 3036.64 1299.85 656.126
 3752.98 15972.9 8061.9 2497.32 1608.59
 2165.52 7202.98 5013.78 2530.57 1288.81
 3257.86 6420.51 3535.07 2460.65 1874.47
 3787.96 8853.96 2596.7 1429.72 1753.29
 2585.71 4829.01 1331.66 390.551 478.733
 1096.82 1847.73 452.601 124.81 81.4741
 675.838 1810.9 523.841 128.314 58.4826
 605.938 1052.4 501.79 145.153 51.7604
 575.716 1142.32 365.126 174.093 68.3182
 923.039 1360.07 503.533 160.947 106.855
 657.878 1063.2 292.238 108.194 57.5425
 1176.7 1951.61 605.97 166.562 94.4617
 1877.1 3050.76 966.33 300.043 129.244
 2283.85 4314.43 1335.91 423.152 187.983
 741.932 4947.22 1783.59 552.27 252.645
 1106.95 1955.39 2497.24 900.318 406.303
 2573.16 3762.73 1269.68 1621.51 848.416
F
 0.0670282 0.339744 0.339744 0.339744 0.339744
 0.0488942 0.247828 0.247828 0.247828 0.247828
 0.0666555 0.337855 0.337855 0.337855 0.337855
 0.012587 0.0637992 0.0637992 0.0637992 0.0637992
 0.00288136 0.0146047 0.0146047 0.0146047 0.0146047
 0.0326536 0.16551 0.16551 0.16551 0.16551
 0.0212312 0.107614 0.107614 0.107614 0.107614
 0.0421948 0.213872 0.213872 0.213872 0.213872
 0.0463192 0.234777 0.234777 0.234777 0.234777
 0.0365469 0.185244 0.185244 0.185244 0.185244
 0.07985 0.404733 0.404733 0.404733 0.404733
 0.0748749 0.379516 0.379516 0.379516 0.379516
 0.118158 0.598904 0.598904 0.598904 0.598904
 0.208022 1.0544 1.0544 1.0544 1.0544
 0.167742 0.850229 0.850229 0.850229 0.850229
 0.0596172 0.30218 0.30218 0.30218 0.30218
 0.0445915 0.226019 0.226019 0.226019 0.226019
 0.0302384 0.153269 0.153269 0.153269 0.153269
 0.0243088 0.123213 0.123213 0.123213 0.123213
 0.024413 0.123741 0.123741 0.123741 0.123741
 0.0116226 0.0589109 0.0589109 0.0589109 0.0589109
 0.0142311 0.0721328 0.0721328 0.0721328 0.0721328
 0.0152868 0.0774839 0.0774839 0.0774839 0.0774839
 0.0145422 0.0737097 0.0737097 0.0737097 0.0737097
 0.0129876 0.0658296 0.0658296 0.0658296 0.0658296
 0.014136 0.0716507 0.0716507 0.0716507 0.0716507
 0.0201206 0.101985 0.101985 0.101985 0.101985
Np
 64770.2 30053.6 30740.9 8469.32 3863.95
YTP_r0W_actual
 69691.8 247384 121350 197916 114917
YTP_p0W_proyectada
 25159.5 402663 161269 69495.3 142659
 25159.5 138589 206075 72505.7 36708.9
CTP_r0_actual
 8498.99 11453 3864.64 4935.55 2582.4
CTP_p0_proyectada
 3068.23 18641.8 5135.95 1733.05 3205.81
 3068.23 6416.16 6562.89 1808.12 824.918
Wmedp
 8.2 21.6 31.4 40.1 44.5
nmprior
 10.8 10.6 4.6 0
nm_flota  nm_reclas  nm_pelaces    nm_pelaL
inf 11.8004 18.2197 58.1777
cv_recla  cv_pelaces  cv_mph
0.724206 0.599327 0.628892
 ------------------------------------------------
Talla a la edad & desviaci?n 
 7.2 14.2025 17.0495 18.207 18.6776
 1.08 2.13037 2.55742 2.73105 2.80164
